1.000000 0.582043 -0.080090 0.036332 -0.095023 -0.020747 0.175993 -0.020169 -0.044912 0.072186 0.397827 0.291900 0.340276 0.258216 0.359941 0.159726 0.254072 0.120878 0.355533 0.140568 -0.157809 -0.305044 -0.123678 -0.148469 -0.109527 -0.297090 -0.182320 -0.228054 0.253883 -0.190989 -0.128234 -0.295437 0.027539 -0.074518 -0.082904 0.000398 0.102244 -0.110835 0.094578 -0.085538 0.170682 -0.097654 -0.423114 -0.332333 -0.364831 -0.065560 -0.439285 -0.387343 -0.125956 -0.343925 -0.191055 0.004821 -0.283208 -0.304665 0.066677 -0.364588 0.075960 -0.163655 0.263390 0.167292 0.321669 0.320437 0.394607 0.028908 0.192923 0.477994 -0.099229 0.004275 0.083007 0.012778 0.048541 -0.349710 0.113590 -0.230717 0.239133 -0.093717 0.199192 0.319702 -0.126918 0.008554 -0.094051 -0.224646 0.351354 0.082372 -0.016343 -0.073276 0.332895 -0.073564 0.337499 0.090876 -0.181297 -0.121644 -0.022256 -0.039927 0.101295 0.058989 -0.304114 -0.124310 -0.315823 -0.111500 0.058737 0.284703 0.081498 0.253441 0.043068 0.007898 0.055311 -0.116789 -0.040777 0.127861 -0.177277 -0.242541 -0.084530 -0.037554 -0.094073 0.239692
0.582043 1.000000 -0.026790 0.081718 0.098981 0.220827 0.157330 0.009193 0.153973 0.239617 0.402245 0.510088 0.379605 0.459191 0.357659 0.384032 0.448076 0.230566 0.196070 0.353455 -0.298784 -0.233422 -0.095334 0.018159 0.065260 -0.251263 0.126132 -0.353950 0.101752 -0.233839 -0.377429 -0.359553 0.053967 0.157118 -0.278970 0.104829 0.247847 0.211337 0.122925 -0.118792 0.153514 0.008853 -0.247854 -0.336299 -0.402266 -0.230825 -0.309948 -0.394449 -0.189320 -0.516278 -0.160353 -0.084779 -0.085635 -0.290209 0.094313 -0.306991 0.017830 -0.048638 0.166040 0.044836 0.235872 0.260848 0.229003 0.035032 0.165320 0.558587 -0.125230 -0.106619 0.051571 0.256568 0.082170 -0.427742 -0.108675 -0.175553 0.149391 -0.059685 0.124031 0.242059 0.064954 -0.077149 -0.182679 -0.252955 -0.077241 -0.236209 -0.182162 -0.308739 0.047010 -0.178638 0.456292 0.193889 -0.101830 0.037304 0.140741 0.091403 -0.017660 0.079838 -0.447365 -0.437303 -0.346249 -0.133278 0.102089 0.157452 0.029679 -0.044288 -0.126466 -0.023365 -0.073631 -0.255987 0.145627 -0.045865 -0.219870 -0.273612 -0.092324 -0.194638 -0.138110 0.378645
-0.080090 -0.026790 1.000000 0.216934 0.686250 0.254406 0.617186 0.414482 0.668548 0.370864 -0.077012 0.193208 0.302646 0.344258 0.313422 0.227381 -0.438012 -0.334599 0.028056 -0.588445 0.130120 0.291272 0.692949 0.484088 0.605832 0.185154 0.323297 0.280974 -0.409156 -0.289635 0.122824 0.176089 -0.321495 -0.127618 0.091050 -0.003854 -0.001158 -0.086564 -0.106634 0.212473 -0.130280 -0.053380 -0.057859 -0.088598 -0.299668 -0.027801 -0.304415 -0.223182 0.080329 -0.168109 0.136151 0.008258 -0.287445 -0.211145 -0.164685 -0.159771 -0.464619 -0.400015 -0.050281 -0.284817 0.157721 -0.082558 -0.191950 -0.307205 0.294396 0.339759 0.069086 0.362785 -0.530061 -0.457111 -0.167185 -0.210255 -0.290480 -0.296696 -0.225921 -0.232976 -0.209204 -0.269244 -0.134543 -0.499142 -0.270904 -0.413801 -0.147491 -0.108232 -0.045438 -0.001387 -0.096245 -0.116065 0.221986 0.181967 0.340069 0.677219 0.318477 0.523756 -0.117375 -0.138962 -0.270278 0.005104 0.048859 -0.086001 0.268185 0.225734 0.094029 0.042633 0.030193 0.049266 0.273682 0.256765 -0.304903 -0.158286 0.072090 0.044113 0.217802 0.034002 0.108712 -0.283104
0.036332 0.081718 0.216934 1.000000 0.188469 0.364908 0.136870 0.717468 0.325987 0.606306 -0.183389 0.590337 -0.158202 0.061484 -0.094639 0.530545 -0.382403 -0.288545 0.311554 -0.204962 0.101316 0.290421 0.317533 0.261965 0.123384 0.068675 -0.127684 0.286335 -0.254031 -0.395755 0.267818 0.525244 -0.109094 -0.201611 0.162215 -0.245735 -0.337443 -0.302135 -0.008911 0.060427 -0.287861 -0.088902 -0.007567 -0.118336 -0.290194 -0.129144 -0.186664 -0.208648 -0.173813 -0.373451 0.124665 -0.260673 -0.136906 -0.115040 -0.323044 -0.260403 -0.390670 -0.679309 0.246638 -0.168050 0.287775 -0.171422 0.150519 -0.441326 0.377932 0.318371 0.213843 0.368543 -0.005808 -0.168607 0.067289 0.138010 -0.321667 -0.254904 -0.295463 -0.065162 -0.215949 -0.038176 -0.428105 -0.489432 -0.309100 -0.458872 -0.035542 0.157689 -0.099234 0.014754 0.177242 0.160931 0.035403 -0.164779 0.141849 -0.018504 0.472130 0.144957 0.271390 0.121118 -0.359078 -0.078738 -0.201784 -0.361487 0.200512 -0.121563 -0.180312 0.138985 0.110714 0.206152 -0.033720 0.058442 0.079919 0.067832 -0.197405 -0.353104 -0.074316 0.223802 0.266637 0.226504
-0.095023 0.098981 0.686250 0.188469 1.000000 0.296750 0.596921 0.288151 0.800321 0.440361 0.019034 0.054390 0.297667 0.430281 0.516327 0.312113 -0.358977 -0.258025 0.184145 -0.373004 0.023785 0.142096 0.714778 0.287274 0.627723 -0.049287 0.447471 0.040609 -0.341812 -0.310890 0.092453 0.060263 -0.261412 0.078521 0.166106 0.283618 -0.102172 -0.064976 -0.031528 0.054345 -0.161534 0.139470 0.006174 -0.063866 0.013961 0.164701 -0.204305 -0.153160 0.216243 0.028580 -0.016676 0.127981 -0.183743 -0.042665 -0.342861 -0.154669 -0.632120 -0.453023 0.071873 -0.212669 0.217785 0.085417 -0.096596 -0.256547 0.294900 0.389053 -0.101390 0.120770 -0.342569 -0.269020 -0.065747 -0.192981 -0.265320 -0.212726 -0.176971 -0.124420 -0.106934 -0.242624 -0.391124 -0.333737 -0.374595 -0.421584 -0.040127 -0.106816 -0.192871 -0.272802 0.087147 -0.022476 0.300546 0.218245 0.245288 0.342246 0.125742 0.169350 -0.302927 -0.354857 -0.321665 -0.240115 0.115675 -0.213719 0.259523 0.043228 0.182203 0.011265 0.002906 -0.046226 0.251577 0.089418 -0.347038 -0.309438 -0.162547 -0.185857 0.012559 0.093708 0.074166 -0.355364
-0.020747 0.220827 0.254406 0.364908 0.296750 1.000000 0.069870 0.398207 0.177228 0.640798 -0.108763 0.232449 0.084290 0.199185 0.067559 0.414988 -0.043220 -0.283155 -0.000787 -0.061988 0.147079 0.371144 0.336245 0.214115 0.439095 0.329508 0.497186 0.257701 -0.227836 -0.265249 0.017648 0.086177 -0.127672 0.086008 0.011288 0.156941 0.146674 0.061545 0.136284 0.291786 -0.120989 0.341615 -0.142602 -0.156150 -0.189879 0.053051 -0.224907 -0.241513 0.015298 -0.245751 -0.096154 -0.131172 -0.269266 -0.158444 -0.236064 -0.293105 -0.313849 -0.262712 0.101988 -0.187506 0.038331 -0.183833 -0.314460 -0.338372 0.153055 0.334153 0.008978 0.220428 0.062218 0.029683 0.146195 0.073587 -0.303625 0.362192 0.119949 0.281068 0.075376 0.016276 -0.112541 -0.353314 -0.362499 -0.373486 -0.236441 -0.251215 -0.366990 -0.362329 0.008354 -0.177936 0.390546 -0.118647 0.397815 0.238153 0.435050 0.263749 0.359839 0.026576 -0.216889 -0.051786 0.043026 -0.005855 0.317610 0.088839 0.071622 0.069408 0.085964 0.134482 0.149460 0.267512 -0.086160 -0.015952 -0.105922 -0.124604 0.227818 -0.071939 0.281389 0.091054
0.175993 0.157330 0.617186 0.136870 0.596921 0.069870 1.000000 0.418837 0.506389 0.196356 0.246952 0.258053 0.514386 0.446343 0.434240 0.259924 -0.123537 -0.026345 0.134723 -0.457655 0.027484 0.004621 0.383389 -0.019316 0.177565 -0.315511 0.203525 -0.149660 0.018212 0.051517 0.118148 0.004235 -0.061297 0.147400 0.092905 0.074224 -0.025236 -0.237723 -0.155239 -0.025450 0.060087 0.041086 -0.314800 -0.311378 -0.202038 -0.184081 -0.396572 -0.268534 -0.089254 -0.158808 -0.132407 -0.055340 -0.313968 -0.218451 -0.302315 -0.141821 -0.360290 -0.316362 -0.034522 -0.280560 0.310785 0.161646 0.122017 0.000716 0.266668 0.308844 -0.334763 -0.004526 -0.398478 -0.534775 0.030284 -0.217684 0.211577 -0.182477 -0.008385 -0.171393 0.026946 0.036420 -0.149470 -0.198040 0.152258 -0.044768 0.253954 0.378199 0.050909 0.049488 0.113761 -0.045893 0.112451 0.119271 0.062970 0.240304 0.074360 0.064677 -0.297079 -0.397143 -0.257213 -0.059550 0.159467 -0.236409 0.175102 0.281360 0.084359 0.099682 -0.009964 -0.165730 -0.027121 -0.059998 -0.470631 -0.107379 -0.304196 -0.098055 -0.138652 0.298979 -0.027842 -0.350649
-0.020169 0.009193 0.414482 0.717468 0.288151 0.398207 0.418837 1.000000 0.306707 0.580414 -0.326548 0.402786 -0.002326 0.264074 -0.119307 0.452489 -0.386769 -0.467581 0.091382 -0.503110 0.070830 0.318542 0.290555 0.075199 0.075537 0.060789 0.025680 0.123125 -0.307169 -0.328102 0.169542 0.358833 -0.172840 -0.153526 0.205187 -0.193283 -0.168988 -0.261748 -0.097379 0.214833 -0.272949 0.051478 -0.089273 -0.118150 -0.306802 -0.095683 -0.268631 -0.209058 -0.161094 -0.294922 0.103058 -0.258105 -0.305216 -0.202019 -0.489512 -0.208609 -0.314204 -0.611866 0.209769 -0.153089 0.332775 -0.138082 0.092540 -0.380047 0.307293 0.404136 0.153932 0.450230 -0.117523 -0.311647 0.010817 0.018529 -0.154286 -0.145344 -0.126649 0.005845 0.000556 0.053133 -0.361006 -0.496407 -0.128101 -0.377217 -0.018244 0.195986 -0.181315 0.055142 0.051842 0.109417 -0.051508 -0.341918 0.267255 0.133298 0.409947 0.151236 0.153665 0.026996 -0.262918 0.093780 -0.039909 -0.298539 0.274427 0.032486 -0.125697 0.175712 0.115248 0.105879 0.097785 0.169303 -0.153157 0.172037 -0.199267 -0.205179 0.055258 0.272895 0.296991 0.047474
-0.044912 0.153973 0.668548 0.325987 0.800321 0.177228 0.506389 0.306707 1.000000 0.452633 -0.005049 0.316687 0.076466 0.315106 0.458248 0.445732 -0.447664 -0.205788 0.361113 -0.367253 -0.035067 0.224977 0.688225 0.310902 0.648897 0.034523 0.311694 0.162112 -0.447650 -0.457467 0.119991 0.209275 -0.256915 -0.065922 0.198036 0.038080 -0.195484 -0.162640 -0.064634 0.016372 -0.228038 -0.190761 0.083104 -0.008817 -0.104174 0.035692 -0.209651 -0.196295 -0.003721 -0.154155 0.057735 -0.085642 -0.083870 -0.163478 -0.238286 -0.179330 -0.518745 -0.479807 0.149405 -0.280368 0.349720 0.064015 -0.003666 -0.338854 0.550780 0.531616 0.071902 0.189902 -0.327520 -0.256656 -0.081239 -0.159279 -0.379871 -0.362802 -0.302157 -0.315403 -0.297287 -0.304662 -0.316651 -0.447518 -0.444489 -0.552054 -0.060527 -0.049726 0.015089 -0.094184 0.117574 0.192186 0.334961 0.187685 0.158758 0.323809 0.250234 0.257868 -0.171170 -0.141789 -0.453127 -0.229484 -0.069441 -0.256562 0.192510 -0.122488 0.035029 -0.083907 -0.125015 0.035034 0.089220 -0.062411 -0.197910 -0.252361 -0.157812 -0.188392 0.039182 0.081745 0.065542 -0.111828
0.072186 0.239617 0.370864 0.606306 0.440361 0.640798 0.196356 0.580414 0.452633 1.000000 0.062142 0.547090 0.009752 0.270006 0.134358 0.812148 -0.258271 -0.269407 0.251619 -0.258393 0.088911 0.393418 0.397096 0.247279 0.427355 0.086434 0.122682 0.122377 -0.157825 -0.342638 0.028392 0.251950 -0.324697 -0.036121 0.111656 0.124375 0.015805 -0.015652 0.103393 0.235802 -0.210055 0.237702 0.037751 0.010745 -0.213592 0.008666 -0.198044 -0.227462 0.051036 -0.286913 0.012884 -0.091116 -0.144000 -0.102261 -0.438566 -0.275828 -0.371150 -0.576949 0.143711 -0.403814 0.181081 -0.241652 -0.146924 -0.490762 0.385049 0.535625 -0.109742 0.145526 -0.266763 -0.223302 0.001492 -0.016952 -0.335346 -0.052216 -0.108111 0.099631 0.050040 0.053296 -0.204792 -0.534738 -0.430691 -0.500350 -0.083512 0.012024 -0.273182 -0.316116 0.078170 0.103393 0.233196 -0.147397 0.262776 0.247011 0.525936 0.136482 0.275214 -0.105345 -0.380719 -0.120708 -0.161594 -0.213818 0.306581 -0.069843 -0.134636 -0.018992 -0.056141 0.068481 0.092385 0.050209 -0.226466 0.002522 -0.224479 -0.320708 0.153653 0.094478 0.163083 0.201114
0.397827 0.402245 -0.077012 -0.183389 0.019034 -0.108763 0.246952 -0.326548 -0.005049 0.062142 1.000000 0.354786 0.393992 0.053259 0.478406 0.139170 0.409077 0.401543 0.203719 0.105961 0.044259 -0.101197 -0.104757 -0.014371 -0.039703 -0.318196 -0.025625 -0.314708 0.609821 0.272702 -0.002804 -0.243986 -0.007489 0.227626 -0.311034 0.265762 0.187003 0.026856 0.171539 -0.162744 0.206496 0.020744 -0.249896 -0.145009 -0.046655 0.024223 -0.056507 -0.108475 0.036027 -0.093756 -0.225029 0.142671 0.041470 -0.016522 0.235323 0.033970 0.166404 0.140612 -0.313756 -0.283309 -0.206534 -0.054114 -0.059499 0.117437 0.038852 0.119864 -0.687376 -0.443904 -0.393958 -0.245510 0.183291 -0.194408 0.387192 -0.048378 0.226191 0.028694 0.050529 0.152607 0.279694 0.074476 0.207392 0.204408 0.442509 0.189689 0.313781 -0.037651 0.189975 0.014414 0.229312 0.286178 -0.214142 -0.051183 -0.200047 -0.135788 -0.173561 -0.264596 -0.068343 -0.423128 -0.163438 -0.290214 -0.164842 0.096081 -0.101464 -0.109516 -0.179525 -0.114203 -0.235602 -0.306972 -0.208508 -0.317258 -0.038119 -0.286831 -0.413510 -0.073768 -0.172895 0.086688
0.291900 0.510088 0.193208 0.590337 0.054390 0.232449 0.258053 0.402786 0.316687 0.547090 0.354786 1.000000 0.090467 0.184696 0.173610 0.674409 -0.028949 0.152979 0.416852 -0.062433 -0.002050 0.141267 0.091895 0.170856 0.094861 -0.029813 -0.158637 -0.003957 0.102885 -0.147210 0.158358 0.263001 0.033060 0.065715 -0.034020 -0.153780 -0.083374 -0.130342 -0.006227 0.012554 -0.114659 -0.145508 -0.220203 -0.286672 -0.500832 -0.246815 -0.289836 -0.354199 -0.344694 -0.626855 -0.062083 -0.308059 -0.168510 -0.352615 -0.123428 -0.344172 -0.116536 -0.443664 -0.018229 -0.309535 0.178543 -0.136614 0.121367 -0.301323 0.456438 0.524415 -0.081082 0.127403 -0.229958 -0.186005 0.165866 0.014621 -0.076638 -0.240683 -0.106122 -0.050327 -0.012112 0.269623 -0.007159 -0.334766 -0.077838 -0.289808 0.096028 0.210495 0.098983 -0.005923 0.119141 0.193773 0.257365 -0.120517 -0.023615 0.084475 0.394333 0.194954 0.238083 0.123933 -0.444175 -0.232529 -0.393454 -0.343538 0.153202 0.010353 -0.271294 -0.080808 -0.063952 0.110401 -0.116409 -0.112315 0.035533 0.032846 -0.064731 -0.296441 -0.040154 -0.013390 0.126457 0.352359
0.340276 0.379605 0.302646 -0.158202 0.297667 0.084290 0.514386 -0.002326 0.076466 0.009752 0.393992 0.090467 1.000000 0.723325 0.602444 0.065559 0.278314 0.194814 -0.203415 -0.093759 -0.155094 -0.260834 0.026521 0.145595 0.010439 -0.398433 0.214852 -0.372871 0.249489 0.043051 -0.250609 -0.475021 0.024300 0.242490 -0.207454 0.441765 0.323130 0.212820 0.256861 0.385789 0.151335 0.317046 -0.473862 -0.528693 -0.446703 -0.150383 -0.411187 -0.424717 0.139881 -0.302328 -0.320844 0.139506 -0.304746 -0.328314 0.233852 -0.221831 -0.179830 0.088074 -0.120332 -0.054214 0.158810 0.309275 -0.064690 0.199801 -0.289434 0.255355 -0.393732 -0.152183 -0.395672 -0.266412 0.244616 -0.217223 0.207729 0.021516 0.299058 0.064228 0.175571 0.108095 -0.047435 -0.045432 0.075300 -0.097665 0.103656 -0.081954 -0.347077 -0.328254 -0.062437 -0.463890 0.445414 0.445607 0.137831 0.356105 -0.010689 0.344283 -0.169703 -0.196595 -0.210059 -0.102830 -0.174407 -0.154604 0.297299 0.653655 0.435586 0.300702 0.279483 0.185573 0.403700 0.224505 -0.230873 -0.391870 -0.027380 -0.232612 -0.195435 0.053304 0.154154 -0.187376
0.258216 0.459191 0.344258 0.061484 0.430281 0.199185 0.446343 0.264074 0.315106 0.270006 0.053259 0.184696 0.723325 1.000000 0.481718 0.343831 0.053735 0.094652 -0.087495 -0.176754 -0.332432 -0.249747 0.185396 0.184250 0.124823 -0.348901 0.180921 -0.448095 -0.160391 -0.242685 -0.282264 -0.401148 -0.183413 0.022585 -0.074884 0.349276 0.205878 0.151864 0.200648 0.372006 -0.120499 0.195822 -0.201665 -0.372440 -0.461081 -0.174548 -0.304412 -0.345132 0.128520 -0.370673 -0.278264 0.000912 -0.258664 -0.329328 0.030479 -0.263741 -0.260439 -0.113050 0.197672 0.015793 0.362178 0.367065 -0.048409 -0.000822 -0.016851 0.563585 -0.091538 -0.008980 -0.330297 -0.179658 0.124737 -0.246649 -0.177818 -0.054237 0.087346 -0.082711 0.119014 -0.000708 -0.300177 -0.221362 -0.332729 -0.448738 -0.172276 -0.252083 -0.553470 -0.578002 0.033817 -0.363682 0.478939 0.270538 0.161226 0.388188 0.249193 0.416840 -0.100278 -0.111234 -0.264713 -0.024743 -0.137053 -0.053932 0.496313 0.468865 0.419930 0.246185 0.258804 0.288517 0.406095 0.182379 -0.118514 -0.214863 -0.064918 -0.163877 0.067694 0.180048 0.306444 -0.134418
0.359941 0.357659 0.313422 -0.094639 0.516327 0.067559 0.434240 -0.119307 0.458248 0.134358 0.478406 0.173610 0.602444 0.481718 1.000000 0.208161 0.097288 0.079316 0.106645 -0.190427 -0.068177 -0.150660 0.365261 0.190900 0.418397 -0.225384 0.251082 -0.124489 0.126604 -0.147483 -0.037572 -0.244330 -0.197736 0.079090 -0.099718 0.389585 0.173699 0.093716 0.217148 0.150290 0.153729 0.167860 -0.321357 -0.294095 -0.127114 0.139319 -0.223920 -0.273458 0.258553 -0.085541 -0.168231 0.231966 -0.204425 -0.176459 0.072130 -0.190427 -0.326604 -0.062828 -0.105443 -0.233914 0.117145 0.133897 -0.136669 -0.182236 0.205606 0.424555 -0.332887 -0.017273 -0.403122 -0.210039 0.124256 -0.280686 0.004620 -0.120042 0.102780 -0.207226 -0.037430 -0.079194 -0.135243 -0.101966 -0.130024 -0.198890 0.248317 -0.028420 -0.003688 -0.188734 0.140483 -0.193127 0.567320 0.432603 -0.029550 0.203616 -0.105429 0.124756 -0.257298 -0.375465 -0.255163 -0.416282 -0.160585 -0.281941 0.164365 0.174139 0.161260 -0.033856 -0.011242 0.024701 0.164135 -0.093364 -0.390714 -0.466532 -0.108702 -0.318395 -0.192211 -0.176323 0.008433 -0.204117
0.159726 0.384032 0.227381 0.530545 0.312113 0.414988 0.259924 0.452489 0.445732 0.812148 0.139170 0.674409 0.065559 0.343831 0.208161 1.000000 -0.119372 0.034776 0.318131 -0.113961 -0.184594 0.173733 0.166396 0.064037 0.230956 -0.179682 -0.078517 -0.136017 -0.038840 -0.176459 -0.181224 0.084409 -0.309573 0.042391 0.112168 0.068472 -0.047479 -0.025336 0.094190 0.147513 -0.216406 0.121621 -0.022301 -0.123945 -0.262740 -0.187340 -0.198871 -0.297454 -0.082287 -0.376059 -0.094922 -0.217170 -0.182377 -0.210275 -0.392787 -0.255791 -0.348888 -0.484059 0.177424 -0.337709 0.339458 -0.039858 0.046645 -0.301743 0.421875 0.526352 -0.083213 0.016657 -0.272160 -0.166595 -0.010666 -0.135158 -0.260793 -0.091825 -0.150956 -0.023782 0.053540 0.098988 -0.147348 -0.347187 -0.315338 -0.376625 -0.113181 0.168227 -0.202052 -0.276234 -0.019975 0.151553 0.235298 -0.181114 0.149583 0.090606 0.514663 0.090911 0.190765 -0.113834 -0.443694 -0.160095 -0.184527 -0.164627 0.325436 -0.061120 -0.078248 -0.000113 -0.045062 0.135206 -0.035042 -0.108433 -0.111635 0.013095 -0.339497 -0.301299 0.108967 0.114162 0.103000 0.181017
0.254072 0.448076 -0.438012 -0.382403 -0.358977 -0.043220 -0.123537 -0.386769 -0.447664 -0.258271 0.409077 -0.028949 0.278314 0.053735 0.097288 -0.119372 1.000000 0.450628 -0.173597 0.461436 -0.033257 -0.302943 -0.517587 -0.187852 -0.289962 -0.276657 0.019587 -0.321675 0.484691 0.307559 -0.372404 -0.428084 0.243409 0.283819 -0.466462 0.034424 0.347730 0.338926 0.112487 -0.134349 0.471773 0.124518 -0.213785 -0.171115 -0.037230 -0.132975 -0.024375 -0.056512 -0.007955 -0.015750 -0.153060 0.111209 0.221917 0.073359 0.325285 0.084045 0.478800 0.555085 -0.167127 -0.006278 -0.159881 0.129060 0.081058 0.413567 -0.283370 -0.099410 -0.291469 -0.435205 0.210312 0.261828 0.198052 -0.173799 0.337099 0.155317 0.407068 -0.006058 0.170011 0.139664 0.546100 0.392009 0.400931 0.445003 -0.003920 -0.137069 0.004014 -0.058227 -0.213477 -0.299482 0.111041 0.190210 -0.164138 -0.121935 -0.281649 -0.229185 -0.132793 -0.020904 -0.001223 -0.326093 -0.167919 0.027343 -0.265735 0.094121 -0.122553 -0.203908 -0.297232 -0.230825 -0.256968 -0.315485 0.118034 -0.157363 -0.079932 -0.151138 -0.241851 -0.199426 -0.342467 0.198597
0.120878 0.230566 -0.334599 -0.288545 -0.258025 -0.283155 -0.026345 -0.467581 -0.205788 -0.269407 0.401543 0.152979 0.194814 0.094652 0.079316 0.034776 0.450628 1.000000 0.034065 0.277896 -0.133659 -0.341812 -0.347299 -0.163366 -0.354082 -0.389552 -0.332282 -0.324792 0.269652 0.412561 -0.158337 -0.284160 0.175629 0.292329 -0.043086 0.050040 0.004852 0.072764 -0.066623 -0.182979 0.055687 0.025235 -0.046708 -0.130224 -0.080646 -0.359587 0.126342 0.051772 -0.225072 -0.162670 -0.277866 -0.252265 0.218083 0.020194 0.194081 0.069042 0.154401 0.453520 -0.091571 0.010083 0.067328 0.365553 0.208360 0.568389 -0.104385 -0.134332 -0.197531 -0.502047 0.003133 0.078621 0.102452 0.097680 0.241818 0.170146 0.178041 0.050475 0.185045 0.213472 0.269111 0.484864 0.236453 0.388161 -0.078372 0.106148 0.050386 -0.182119 -0.012740 0.021081 0.025351 0.218359 -0.214159 -0.207754 -0.128156 -0.148478 -0.331234 -0.155339 0.002227 -0.180208 -0.004908 0.146451 -0.013891 0.075738 0.100927 -0.052580 -0.111843 -0.107719 -0.134828 -0.215586 0.093913 -0.192176 -0.033926 0.151695 -0.186634 0.124472 0.014656 -0.119413
0.355533 0.196070 0.028056 0.311554 0.184145 -0.000787 0.134723 0.091382 0.361113 0.251619 0.203719 0.416852 -0.203415 -0.087495 0.106645 0.318131 -0.173597 0.034065 1.000000 -0.011518 0.004698 -0.020000 0.236154 -0.118945 -0.010283 -0.026332 -0.290735 0.161038 0.001869 -0.167796 0.380234 0.283786 0.259639 0.096796 0.393487 -0.235924 -0.444944 -0.454135 -0.303907 -0.322675 -0.163695 -0.382260 0.014524 0.013704 -0.041867 -0.078312 -0.161167 -0.141730 -0.261834 -0.206327 0.056113 -0.168532 -0.094276 -0.139906 -0.296343 -0.323997 -0.094797 -0.403355 0.244203 0.043081 0.342733 0.216219 0.413602 -0.102134 0.645923 0.448172 0.061150 -0.012429 0.138331 -0.138103 -0.189818 0.058404 -0.081697 -0.252564 -0.049748 -0.048043 0.038056 0.130773 -0.282806 -0.046924 -0.278271 -0.323817 0.300144 0.184386 0.263404 0.018506 0.328384 0.372573 0.094677 -0.186919 -0.297260 -0.403782 0.076661 -0.212329 -0.005869 0.102648 -0.333105 -0.119682 -0.184217 -0.413242 -0.095867 -0.276259 -0.239437 -0.112375 -0.180122 -0.161538 -0.140009 -0.294705 -0.039050 0.227899 -0.263116 -0.307614 -0.180150 0.051797 -0.139347 0.073533
0.140568 0.353455 -0.588445 -0.204962 -0.373004 -0.061988 -0.457655 -0.503110 -0.367253 -0.258393 0.105961 -0.062433 -0.093759 -0.176754 -0.190427 -0.113961 0.461436 0.277896 -0.011518 1.000000 -0.262739 -0.286865 -0.444442 -0.063859 -0.245693 -0.156842 0.087288 -0.281091 0.299394 0.109854 -0.388723 -0.364640 0.397546 0.197057 -0.408755 0.005483 0.209246 0.418191 0.253409 -0.170110 0.226188 0.002957 0.029914 -0.104154 0.023274 -0.115558 0.129500 -0.010203 -0.042596 -0.039431 -0.149112 0.110494 0.197334 0.120444 0.350937 0.064062 0.194951 0.206879 0.041171 0.162900 -0.195160 -0.000349 0.067000 0.078621 -0.359809 -0.251974 -0.030634 -0.355772 0.529876 0.645110 0.295772 -0.024854 0.055137 0.025888 0.097797 0.112087 0.037719 0.075214 0.234414 0.357020 0.024920 0.174814 -0.206907 -0.337162 -0.245492 -0.278702 -0.095162 -0.082222 0.158480 0.074581 -0.100216 -0.171729 -0.134714 -0.080518 0.182348 0.399654 -0.026060 -0.188284 -0.054855 0.323209 -0.141624 0.064229 0.128885 0.042133 0.015189 0.053258 -0.119012 -0.144099 0.603973 0.042198 -0.023268 -0.039268 -0.037660 -0.268759 -0.152994 0.512906
-0.157809 -0.298784 0.130120 0.101316 0.023785 0.147079 0.027484 0.070830 -0.035067 0.088911 0.044259 -0.002050 -0.155094 -0.332432 -0.068177 -0.184594 -0.033257 -0.133659 0.004698 -0.262739 1.000000 0.727085 0.298687 0.200350 0.212126 0.577620 0.191214 0.596322 0.202459 0.235264 0.672410 0.673314 0.190136 0.232485 0.029855 -0.055102 0.095241 -0.029462 0.042337 -0.035728 0.365629 0.067976 -0.115069 0.018015 0.075186 0.187139 -0.137071 0.009103 -0.086966 0.017979 0.081560 -0.211177 -0.048192 -0.009100 -0.130203 -0.140778 0.128164 0.023273 -0.535967 -0.431572 -0.410456 -0.366887 -0.226133 -0.108735 0.121222 -0.241265 -0.263529 0.077348 -0.054171 -0.242890 0.095126 0.577492 0.328282 -0.009909 0.078924 0.026524 0.082938 0.109866 0.119179 0.027031 0.288973 0.279468 0.334986 0.324457 0.476215 0.386075 0.139957 0.217209 -0.112810 -0.140292 -0.228943 -0.110306 -0.190098 -0.201930 0.214125 -0.078783 0.195861 0.127110 -0.085700 -0.231476 -0.335083 -0.276483 -0.402186 -0.303099 -0.199152 -0.223371 -0.312021 -0.192751 -0.259142 0.018037 0.240845 0.009721 -0.185575 -0.149282 -0.059467 -0.045026
-0.305044 -0.233422 0.291272 0.290421 0.142096 0.371144 0.004621 0.318542 0.224977 0.393418 -0.101197 0.141267 -0.260834 -0.249747 -0.150660 0.173733 -0.302943 -0.341812 -0.020000 -0.286865 0.727085 1.000000 0.414496 0.349298 0.355664 0.663760 0.246631 0.592727 -0.051185 0.035708 0.492113 0.698797 -0.035742 0.162719 0.100108 0.001730 0.114395 0.062511 0.143050 0.119628 0.082434 -0.035932 -0.016052 0.071504 -0.025161 0.113680 -0.152538 -0.095746 -0.120774 -0.125314 0.144258 -0.383201 -0.136192 -0.209486 -0.253848 -0.183505 -0.079403 -0.258651 -0.333640 -0.498226 -0.236773 -0.430271 -0.326845 -0.291492 0.249883 -0.042730 -0.093988 0.238054 -0.237130 -0.299315 0.009682 0.484869 0.023313 -0.036795 -0.052399 0.071729 -0.007817 -0.050589 0.063616 -0.295284 -0.014843 -0.017621 0.056145 0.148871 0.326442 0.237259 0.086603 0.257815 -0.053229 -0.270443 -0.097740 0.078766 0.236664 0.084930 0.371970 0.037510 0.012998 0.141005 -0.109298 -0.134616 -0.090685 -0.252450 -0.297505 -0.188609 -0.121493 0.023366 -0.286162 -0.071893 -0.126124 0.012323 0.195044 -0.027797 0.052295 -0.151208 0.063990 0.164387
-0.123678 -0.095334 0.692949 0.317533 0.714778 0.336245 0.383389 0.290555 0.688225 0.397096 -0.104757 0.091895 0.026521 0.185396 0.365261 0.166396 -0.517587 -0.347299 0.236154 -0.444442 0.298687 0.414496 1.000000 0.500390 0.679697 0.305047 0.346034 0.431810 -0.379320 -0.263376 0.475088 0.421062 -0.202400 -0.013432 0.291195 0.175485 -0.034976 -0.053119 -0.034161 0.063985 -0.146790 -0.035828 0.008824 -0.005762 -0.015312 0.227401 -0.230047 -0.163976 0.173657 -0.062191 0.127225 -0.067562 -0.304746 -0.168122 -0.397300 -0.368104 -0.538716 -0.448462 0.038942 -0.311903 0.031598 -0.140985 -0.258479 -0.431523 0.466058 0.316361 0.062069 0.388101 -0.308549 -0.351890 -0.152023 0.141312 -0.279394 -0.166229 -0.174353 -0.030546 -0.063704 -0.132534 -0.337432 -0.312876 -0.403544 -0.414453 -0.010122 -0.056453 -0.043445 -0.209727 0.141815 0.080037 0.268842 -0.006558 0.086727 0.301483 0.171907 0.233769 -0.046047 -0.143261 -0.175598 -0.068380 0.073135 -0.168861 0.140093 -0.075459 0.036111 -0.056639 0.037331 -0.003256 0.105093 0.068900 -0.315322 -0.099517 0.070248 -0.046256 0.127548 0.022358 0.152242 -0.235156
-0.148469 0.018159 0.484088 0.261965 0.287274 0.214115 -0.019316 0.075199 0.310902 0.247279 -0.014371 0.170856 0.145595 0.184250 0.190900 0.064037 -0.187852 -0.163366 -0.118945 -0.063859 0.200350 0.349298 0.500390 1.000000 0.557525 0.405691 0.289876 0.346813 -0.307865 -0.306109 0.085771 0.228938 -0.150967 -0.103668 -0.348845 -0.032281 0.095233 0.243872 0.084344 0.270749 -0.219204 -0.054937 0.111471 -0.025855 -0.303542 0.080200 0.004769 -0.045694 0.316296 -0.211188 0.229472 0.025002 -0.028677 -0.123300 0.190802 -0.209668 -0.240408 -0.254176 -0.263823 -0.351936 -0.225575 -0.270878 -0.538649 -0.331159 -0.086442 0.062274 0.131923 0.341906 -0.463799 -0.220588 0.232583 0.119451 -0.387662 -0.140518 -0.173548 -0.039119 -0.351472 -0.321476 0.016609 -0.427828 -0.388091 -0.390701 -0.353024 -0.443281 -0.180066 -0.219805 -0.090680 -0.158140 0.328236 0.252345 0.113194 0.607609 0.167413 0.533113 0.157418 0.231851 -0.006281 -0.092548 -0.171813 -0.109829 0.147712 0.074721 0.054289 -0.042213 0.142457 0.313134 0.193038 0.321826 0.202983 -0.358453 0.588369 -0.047443 0.029823 -0.151562 0.276593 0.087736
-0.109527 0.065260 0.605832 0.123384 0.627723 0.439095 0.177565 0.075537 0.648897 0.427355 -0.039703 0.094861 0.010439 0.124823 0.418397 0.230956 -0.289962 -0.354082 -0.010283 -0.245693 0.212126 0.355664 0.679697 0.557525 1.000000 0.442084 0.556545 0.403187 -0.421189 -0.400570 0.068196 0.182262 -0.279375 -0.126664 -0.069412 0.146777 0.161665 0.078952 0.012318 0.142726 -0.121971 0.059283 0.082860 0.095173 -0.015153 0.290936 -0.104108 -0.104651 0.268648 -0.020572 0.090413 0.096896 -0.144572 -0.070254 -0.130334 -0.186139 -0.394539 -0.265931 -0.147869 -0.385692 -0.083692 -0.273973 -0.423770 -0.479739 0.271479 0.257579 0.081707 0.307855 -0.310764 -0.189457 0.056292 -0.062747 -0.428887 -0.027170 -0.119110 -0.133767 -0.234740 -0.278329 -0.055678 -0.441137 -0.447473 -0.440115 -0.193823 -0.255978 -0.042462 -0.120894 0.048675 -0.000981 0.412755 0.139553 0.235560 0.528666 0.157473 0.349843 0.111779 -0.073786 -0.219951 -0.164375 -0.053430 -0.047235 0.116685 -0.106080 0.042420 -0.163581 -0.068249 0.088802 0.125605 0.134812 -0.170445 -0.184342 0.196034 -0.022395 0.214715 -0.137227 0.052558 -0.011189
-0.297090 -0.251263 0.185154 0.068675 -0.049287 0.329508 -0.315511 0.060789 0.034523 0.086434 -0.318196 -0.029813 -0.398433 -0.348901 -0.225384 -0.179682 -0.276657 -0.389552 -0.026332 -0.156842 0.577620 0.663760 0.305047 0.405691 0.442084 1.000000 0.245156 0.697081 -0.256886 -0.143520 0.454764 0.558268 0.139937 -0.080621 -0.012931 -0.231687 0.058203 0.012945 -0.121702 0.034201 -0.063867 -0.169549 0.167798 0.243159 0.018288 0.250263 0.067956 0.119784 -0.043175 -0.031188 0.260237 -0.156340 -0.032156 -0.083967 -0.010825 -0.144476 0.114664 -0.093585 -0.289592 -0.176440 -0.353401 -0.364962 -0.399346 -0.322567 0.071091 -0.074753 0.259746 0.353206 0.016429 -0.051452 0.014544 0.427616 -0.207864 0.069823 -0.081529 0.095343 -0.103314 -0.105594 0.159884 -0.268834 -0.163483 -0.171683 -0.071099 -0.177727 0.251851 0.279166 0.098435 0.162230 0.025788 -0.242562 -0.010276 0.089668 0.077223 0.213689 0.336588 0.257883 0.163104 0.183658 -0.155078 -0.068124 -0.082776 -0.252149 -0.239912 -0.211502 -0.051797 0.093076 -0.047548 0.124840 0.093754 0.087551 0.506752 0.165650 0.155319 -0.368430 0.065107 0.076214
-0.182320 0.126132 0.323297 -0.127684 0.447471 0.497186 0.203525 0.025680 0.311694 0.122682 -0.025625 -0.158637 0.214852 0.180921 0.251082 -0.078517 0.019587 -0.332282 -0.290735 0.087288 0.191214 0.246631 0.346034 0.289876 0.556545 0.245156 1.000000 0.064017 -0.118574 -0.205509 -0.068266 -0.153092 0.000193 0.120901 -0.314205 0.276358 0.297582 0.218630 0.246855 0.111636 0.087432 0.221746 0.005073 -0.078316 0.130021 0.304720 -0.017178 -0.011872 0.255583 0.122415 -0.034381 0.200366 -0.020866 0.082648 0.106144 0.009406 -0.239662 -0.022514 -0.196262 -0.221679 -0.308515 -0.319295 -0.473331 -0.357280 -0.126821 0.014405 -0.109665 0.087328 0.010971 0.173136 0.320617 -0.053414 -0.105118 0.124649 0.048892 -0.069458 -0.187329 -0.300405 -0.008389 -0.219887 -0.168529 -0.166579 -0.181082 -0.326798 -0.233815 -0.190800 0.034294 -0.181364 0.304420 0.183503 0.347600 0.442052 -0.162242 0.191342 0.082607 -0.005977 0.067835 -0.179976 0.254322 0.139111 -0.027515 0.033978 0.110395 -0.146959 -0.031126 -0.004823 0.090340 0.068080 0.014010 -0.325021 0.103062 0.057303 0.051560 -0.254105 0.051314 -0.067305
-0.228054 -0.353950 0.280974 0.286335 0.040609 0.257701 -0.149660 0.123125 0.162112 0.122377 -0.314708 -0.003957 -0.372871 -0.448095 -0.124489 -0.136017 -0.321675 -0.324792 0.161038 -0.281091 0.596322 0.592727 0.431810 0.346813 0.403187 0.697081 0.064017 1.000000 -0.320040 -0.157726 0.485306 0.686672 0.064776 -0.164676 0.278998 -0.277561 -0.145402 -0.165081 -0.126152 0.065589 -0.054426 -0.142833 0.009390 0.062826 -0.006809 0.080945 -0.097526 -0.062794 0.004572 -0.077993 0.312495 -0.216277 -0.078440 -0.122009 -0.094251 -0.255421 -0.146739 -0.152883 -0.069194 -0.133587 -0.031808 -0.212453 -0.121552 -0.210934 0.273660 -0.081944 0.326770 0.443014 0.051261 -0.226072 -0.185597 0.345742 -0.176220 0.002528 -0.101791 -0.011364 -0.115967 -0.133966 -0.048067 -0.282927 -0.138936 -0.130966 -0.048958 0.018996 0.294494 0.341734 0.056168 0.215770 -0.052819 -0.138694 -0.124695 0.005323 0.112200 0.055694 0.292514 0.233044 0.012083 0.241533 -0.039364 -0.075849 -0.119255 -0.213493 -0.266565 -0.130768 -0.053634 -0.010889 -0.042571 0.173626 0.004256 0.192317 0.149536 0.151007 0.185529 -0.112220 -0.020631 0.025592
0.253883 0.101752 -0.409156 -0.254031 -0.341812 -0.227836 0.018212 -0.307169 -0.447650 -0.157825 0.609821 0.102885 0.249489 -0.160391 0.126604 -0.038840 0.484691 0.269652 0.001869 0.299394 0.202459 -0.051185 -0.379320 -0.307865 -0.421189 -0.256886 -0.118574 -0.320040 1.000000 0.623210 0.088258 -0.123187 0.278419 0.378225 -0.267601 0.203141 0.281787 0.233934 0.299693 -0.075549 0.509240 0.173210 -0.271608 -0.141916 0.080686 0.010342 -0.060706 -0.016700 0.024673 0.074711 -0.179876 0.202973 0.001528 0.080227 0.106583 0.097968 0.369528 0.290196 -0.399239 -0.214259 -0.453106 -0.225801 -0.047713 0.102614 -0.274056 -0.294459 -0.694211 -0.507047 -0.048036 -0.061618 0.165202 0.165983 0.766179 0.058836 0.301856 0.247381 0.407695 0.397128 0.305617 0.457573 0.557887 0.557079 0.598516 0.407284 0.221074 0.121623 0.082170 0.028885 -0.112011 -0.112754 -0.292979 -0.343247 -0.383453 -0.422881 0.099871 -0.126686 0.191362 -0.064602 -0.123972 -0.127200 -0.300181 0.082387 -0.204825 -0.127104 -0.114154 -0.185904 -0.275164 -0.375848 -0.155314 -0.002932 -0.046314 -0.189384 -0.410014 -0.202122 -0.319122 0.108960
-0.190989 -0.233839 -0.289635 -0.395755 -0.310890 -0.265249 0.051517 -0.328102 -0.457467 -0.342638 0.272702 -0.147210 0.043051 -0.242685 -0.147483 -0.176459 0.307559 0.412561 -0.167796 0.109854 0.235264 0.035708 -0.263376 -0.306109 -0.400570 -0.143520 -0.205509 -0.157726 0.623210 1.000000 0.100546 0.014088 0.242581 0.398593 0.029162 0.144582 0.340035 0.230275 0.120791 -0.053386 0.376445 0.262671 -0.266994 -0.116017 0.110011 -0.159064 -0.054347 0.030185 -0.190091 0.096760 -0.341956 -0.152189 -0.106427 0.010353 -0.074933 0.081337 0.256886 0.408875 -0.400224 -0.137263 -0.363866 -0.043244 -0.003860 0.422172 -0.260851 -0.525572 -0.484844 -0.391247 -0.007681 -0.143995 -0.034457 0.402695 0.760877 0.356645 0.259281 0.377369 0.456804 0.434363 0.375002 0.657379 0.668430 0.791748 0.350960 0.500839 0.263522 0.143841 -0.131722 0.171511 -0.254809 -0.153799 -0.287347 -0.251589 -0.181898 -0.332348 -0.063615 -0.197958 0.300713 0.250630 0.122703 0.144028 -0.153816 0.110375 -0.023901 -0.054442 0.016048 -0.218940 -0.262053 -0.172810 -0.154908 0.119274 -0.023219 0.156721 -0.137142 0.076414 -0.179230 -0.212521
-0.128234 -0.377429 0.122824 0.267818 0.092453 0.017648 0.118148 0.169542 0.119991 0.028392 -0.002804 0.158358 -0.250609 -0.282264 -0.037572 -0.181224 -0.372404 -0.158337 0.380234 -0.388723 0.672410 0.492113 0.475088 0.085771 0.068196 0.454764 -0.068266 0.485306 0.088258 0.100546 1.000000 0.757879 0.265698 0.164278 0.345624 -0.089212 -0.280271 -0.356680 -0.193295 -0.178739 0.019815 -0.238149 -0.070242 0.035193 0.093324 0.190961 -0.108947 0.055868 -0.202920 -0.015985 0.091560 -0.247012 -0.160814 -0.120811 -0.315129 -0.246743 -0.007800 -0.234072 -0.228330 -0.228769 -0.188196 -0.199071 -0.057162 -0.195902 0.394700 -0.012579 -0.081651 0.198202 -0.065764 -0.362887 0.009905 0.634543 0.204614 -0.058199 -0.025807 0.082864 0.080569 0.173125 -0.195362 -0.007700 0.125113 0.045991 0.477384 0.389000 0.470587 0.278480 0.359306 0.329278 -0.152697 -0.293756 -0.252251 -0.271031 -0.078005 -0.145108 0.119346 -0.052673 0.110291 0.124261 -0.039047 -0.358103 -0.172626 -0.269047 -0.313975 -0.185310 -0.043985 -0.136807 -0.219202 -0.148920 -0.273184 0.115895 0.216306 -0.059980 -0.161474 0.015320 0.102355 -0.158996
-0.295437 -0.359553 0.176089 0.525244 0.060263 0.086177 0.004235 0.358833 0.209275 0.251950 -0.243986 0.263001 -0.475021 -0.401148 -0.244330 0.084409 -0.428084 -0.284160 0.283786 -0.364640 0.673314 0.698797 0.421062 0.228938 0.182262 0.558268 -0.153092 0.686672 -0.123187 0.014088 0.757879 1.000000 0.116205 0.014418 0.317775 -0.315471 -0.283764 -0.235914 -0.204198 -0.096967 0.004063 -0.256889 0.011634 0.072344 -0.016000 0.014270 -0.132734 -0.052911 -0.258838 -0.144121 0.226862 -0.378433 -0.103012 -0.142769 -0.419369 -0.224536 -0.034310 -0.347353 -0.201003 -0.282345 -0.049126 -0.256470 0.005700 -0.238298 0.451738 -0.028141 0.114133 0.332489 -0.066528 -0.352154 -0.090148 0.570477 0.030602 -0.165610 -0.218169 0.018186 -0.039149 0.097866 -0.045353 -0.218335 0.091826 0.015089 0.213858 0.398700 0.465778 0.444163 0.109354 0.359370 -0.249648 -0.373281 -0.260631 -0.202322 0.162102 -0.110892 0.268198 -0.001021 -0.067717 0.163855 -0.140527 -0.334818 -0.167515 -0.409309 -0.460578 -0.223123 -0.115635 -0.084015 -0.334477 -0.131135 -0.177020 0.210778 0.088359 -0.059432 -0.039630 -0.000468 0.011459 0.041571
0.027539 0.053967 -0.321495 -0.109094 -0.261412 -0.127672 -0.061297 -0.172840 -0.256915 -0.324697 -0.007489 0.033060 0.024300 -0.183413 -0.197736 -0.309573 0.243409 0.175629 0.259639 0.397546 0.190136 -0.035742 -0.202400 -0.150967 -0.279375 0.139937 0.000193 0.064776 0.278419 0.242581 0.265698 0.116205 1.000000 0.474576 0.121633 -0.071044 0.057625 -0.012529 -0.158597 -0.170915 0.210568 -0.152818 -0.128927 -0.121055 -0.025205 -0.138544 -0.129723 -0.076282 -0.316877 -0.156441 -0.049141 -0.204509 -0.020514 -0.134647 0.014514 -0.256214 0.230153 0.069817 -0.175389 0.067684 -0.115749 0.026083 0.213055 0.161019 -0.082061 -0.198277 0.033324 -0.163040 0.473587 0.110384 0.248456 0.474722 0.340109 0.013769 0.271150 0.211704 0.249720 0.303738 0.204641 0.331869 0.320047 0.247186 0.160272 0.077825 0.104827 0.084562 0.227278 0.070426 -0.098771 -0.204349 -0.380136 -0.329353 -0.254693 -0.134962 0.102019 0.274298 -0.028669 0.114875 -0.226513 -0.153840 -0.285406 0.025993 -0.101370 -0.081726 0.026083 -0.103344 -0.125543 -0.144588 0.194165 0.159804 0.102426 -0.091381 -0.275781 -0.089838 -0.159339 0.178393
-0.074518 0.157118 -0.127618 -0.201611 0.078521 0.086008 0.147400 -0.153526 -0.065922 -0.036121 0.227626 0.065715 0.242490 0.022585 0.079090 0.042391 0.283819 0.292329 0.096796 0.197057 0.232485 0.162719 -0.013432 -0.103668 -0.126664 -0.080621 0.120901 -0.164676 0.378225 0.398593 0.164278 0.014418 0.474576 1.000000 0.077439 0.438460 0.123862 0.186777 -0.003651 -0.085057 0.429997 0.253007 -0.254384 -0.207577 0.070543 0.050555 -0.253441 -0.225129 -0.184562 -0.041543 -0.068090 -0.222010 -0.110424 -0.231079 -0.197667 -0.225094 -0.059425 0.088136 -0.342052 -0.278394 -0.134692 0.040635 0.017866 0.309074 0.044799 -0.084168 -0.355523 -0.176655 0.040177 0.090915 0.100227 0.331159 0.401488 0.118675 0.231014 0.208384 0.297990 0.325590 0.177603 0.428059 0.322529 0.366822 0.081222 0.142230 0.130061 -0.124342 -0.171860 -0.062960 0.040834 -0.071643 -0.337213 -0.219341 -0.142053 -0.203912 -0.000973 -0.116158 -0.138786 -0.162226 -0.159538 -0.229497 -0.206218 -0.059792 -0.089214 -0.279608 -0.179348 -0.292095 -0.241334 -0.217445 -0.132960 -0.043856 -0.017620 -0.234314 -0.343136 -0.205601 -0.227920 0.043924
-0.082904 -0.278970 0.091050 0.162215 0.166106 0.011288 0.092905 0.205187 0.198036 0.111656 -0.311034 -0.034020 -0.207454 -0.074884 -0.099718 0.112168 -0.466462 -0.043086 0.393487 -0.408755 0.029855 0.100108 0.291195 -0.348845 -0.069412 -0.012931 -0.314205 0.278998 -0.267601 0.029162 0.345624 0.317775 0.121633 0.077439 1.000000 0.108114 -0.255510 -0.380561 -0.227037 -0.002696 -0.244586 -0.012329 -0.030903 0.078012 0.159495 -0.021696 -0.147024 -0.124204 -0.203122 0.005842 0.020135 -0.342315 -0.193313 -0.156714 -0.544013 -0.278738 -0.343914 -0.219445 0.375172 0.209413 0.437006 0.253299 0.388753 0.085149 0.474241 0.119436 0.324257 0.221285 0.169717 -0.191372 -0.499964 0.250049 -0.056314 0.064406 0.045254 0.146397 0.288810 0.181397 -0.401524 0.046398 -0.105848 -0.085554 0.089789 0.324270 0.053222 -0.006769 0.151288 0.273080 -0.218418 -0.305971 -0.177360 -0.331031 0.168666 -0.172205 -0.022069 -0.186950 -0.108199 0.319395 0.088831 -0.102276 0.030776 -0.124679 -0.030542 0.039139 0.060094 -0.147280 0.068958 0.013195 -0.315663 0.354787 -0.330390 0.057618 0.131326 0.282799 -0.001676 -0.301635
0.000398 0.104829 -0.003854 -0.245735 0.283618 0.156941 0.074224 -0.193283 0.038080 0.124375 0.265762 -0.153780 0.441765 0.349276 0.389585 0.068472 0.034424 0.050040 -0.235924 0.005483 -0.055102 0.001730 0.175485 -0.032281 0.146777 -0.231687 0.276358 -0.277561 0.203141 0.144582 -0.089212 -0.315471 -0.071044 0.438460 0.108114 1.000000 0.427128 0.273393 0.447187 0.287276 0.154022 0.444072 -0.237045 -0.154926 0.179592 0.453813 -0.193979 -0.209475 0.242740 0.100230 -0.342714 0.093217 -0.303359 -0.175821 -0.089141 -0.099732 -0.385794 -0.019328 -0.091667 -0.146133 -0.121995 -0.043687 -0.208600 -0.016527 -0.086938 0.075700 -0.308037 0.008853 -0.225679 -0.008908 0.147863 0.022403 0.203782 0.136183 0.106761 0.127078 0.231542 0.143271 -0.102802 0.070555 -0.081449 0.002997 0.049980 -0.062316 -0.272861 -0.447337 -0.039861 -0.181203 0.233572 0.125406 -0.025610 0.097323 -0.075498 0.027291 0.035780 -0.220291 -0.074251 -0.088463 -0.141529 0.031159 0.092605 0.221841 0.269220 0.066289 0.166851 0.033436 0.203402 0.159013 -0.218033 -0.151805 -0.002507 -0.200961 -0.081708 -0.020617 0.018895 -0.031247
