1.000000 0.523145 -0.101423 0.195576 0.163906 0.096480 0.104771 0.146908 0.091322 0.049287 0.685100 0.481882 0.487917 0.411338 0.248312 0.105754 0.518409 0.239507 0.316246 0.330758 -0.304700 -0.280022 0.241884 0.242605 0.120642 0.058868 0.143087 0.154260 0.159159 0.024193 0.004450 0.039149 0.007968 0.063944 -0.229540 0.008983 -0.383024 -0.411470 -0.420586 -0.217482 -0.020478 -0.266387 0.044736 0.028528 -0.263896 -0.297506 -0.014937 0.076439 0.126223 -0.087586 0.092589 0.094982 -0.047632 -0.144883 -0.190270 -0.203183 0.393697 0.307005 0.202810 -0.040110 0.493381 0.147303 0.448251 0.369484 0.042667 0.232752 -0.116375 -0.333267 0.055355 0.003895 -0.214790 0.128983 0.084993 -0.003690 0.013689 0.204872 -0.197926 -0.307393 -0.288489 -0.134890 0.097818 0.002662 0.023820 0.096199 0.177071 -0.101720 0.082375 -0.143772 0.230260 -0.045333 -0.208949 -0.321657 -0.217504 -0.110920 -0.435463 -0.417846 -0.149054 -0.555370 -0.112383 -0.234810 -0.154795 -0.203026 -0.384570 -0.293067 -0.258389 -0.215734 -0.266317 -0.240734 -0.349217 -0.369138 -0.298834 0.002647 -0.331189 -0.347601 -0.117905 -0.238537
0.523145 1.000000 -0.269973 0.110179 -0.178557 -0.031109 -0.301529 -0.147728 -0.158473 -0.326240 0.277158 0.218692 -0.028137 0.202038 -0.035887 -0.078843 0.548655 0.510257 0.143670 0.249334 -0.227726 -0.311865 0.015067 -0.189951 -0.015583 0.107326 0.072696 0.185029 0.038004 0.133147 0.147443 0.031148 0.162992 0.351736 -0.518346 -0.313364 -0.179831 -0.101239 -0.016551 -0.234892 0.296465 -0.006656 0.115676 0.358560 -0.189822 -0.221782 0.165481 0.317411 -0.165981 -0.046632 -0.036582 -0.195707 0.063213 0.052637 -0.320927 0.172521 0.491527 0.703910 -0.104799 0.165870 0.201362 0.172300 0.189586 0.548794 -0.433695 -0.305145 -0.190380 -0.394509 0.382997 0.010502 -0.264475 0.068727 0.203824 0.038080 0.174722 0.093550 -0.280797 -0.243547 -0.166456 -0.041089 0.350753 0.300500 0.009753 0.195219 0.244783 0.129600 0.255536 -0.153752 0.198932 0.066674 -0.278200 -0.402382 -0.506712 -0.307320 -0.339227 -0.347128 0.001174 -0.396376 0.189367 0.142521 -0.009709 -0.205862 -0.091061 -0.177586 -0.027872 -0.140696 -0.074679 -0.166578 -0.127323 -0.531383 -0.196739 0.428866 -0.206717 -0.020984 0.182480 -0.012083
-0.101423 -0.269973 1.000000 0.237539 0.360787 0.069399 0.689373 0.455840 0.307912 0.081885 0.135464 0.122039 0.135265 0.150419 0.204171 0.116742 -0.236071 -0.260082 0.339649 0.073995 0.116756 0.179005 0.328109 0.024702 0.217374 0.101401 0.094035 0.086917 0.259771 -0.030370 0.262377 0.228188 0.041130 -0.016286 0.300150 0.058303 0.049592 -0.192427 -0.089537 -0.047093 0.038699 0.049822 -0.516560 -0.565255 -0.141061 -0.237303 -0.564724 -0.636262 -0.167233 -0.357522 -0.013070 -0.299989 -0.019223 -0.277243 0.151891 -0.462586 -0.498428 -0.533009 0.146915 -0.107081 -0.049504 -0.138804 0.215793 -0.105805 0.501403 0.146599 0.218153 0.196598 -0.308698 0.060270 0.279561 0.160910 -0.013024 0.167268 0.111405 0.008589 0.217835 0.056756 -0.277785 -0.247763 -0.273971 -0.316850 0.096147 0.095578 -0.125481 0.086410 -0.210916 -0.196557 0.148654 0.291060 -0.236741 0.047697 0.349352 0.441422 0.111917 0.274820 -0.335132 0.053617 -0.452369 -0.252143 0.224797 0.424549 0.192814 0.247981 0.266400 0.185523 0.118150 -0.210451 0.159986 0.162173 -0.135772 -0.303291 0.114738 0.183494 0.069510 0.099884
0.195576 0.110179 0.237539 1.000000 -0.058683 0.257523 0.303471 0.613532 -0.227214 -0.008340 0.081228 0.267599 -0.076917 0.271323 -0.252442 -0.116432 -0.127466 -0.255481 0.457046 0.229047 -0.389075 -0.261452 0.538632 0.497202 -0.054256 0.164391 -0.038657 0.174552 -0.068467 -0.115045 0.023852 0.128767 -0.124331 -0.107928 -0.121629 -0.132848 -0.123597 -0.196080 -0.260950 -0.148008 -0.080119 -0.232647 -0.220815 -0.220843 -0.424928 -0.178185 -0.280285 -0.198039 -0.235931 -0.213964 -0.124258 -0.060074 0.004262 -0.203393 -0.215332 -0.251015 -0.086497 -0.162056 0.065097 0.186862 -0.010231 0.103295 0.146097 0.108762 0.026563 0.207392 0.026931 0.003900 -0.017116 -0.025184 -0.175026 -0.020444 -0.229038 -0.224722 0.073956 -0.006343 -0.095263 -0.132362 -0.367921 -0.379295 -0.328742 -0.388816 0.185131 0.074740 0.100944 0.180193 -0.047532 -0.248595 0.387198 0.239058 -0.103723 0.074895 0.212898 0.213436 -0.067893 -0.187461 -0.119367 -0.189984 -0.217537 -0.123776 0.143517 0.044522 -0.068489 0.089187 0.085698 0.038492 -0.084106 -0.087762 -0.145600 -0.210615 -0.052141 0.023572 0.055427 0.019240 -0.004659 -0.016791
0.163906 -0.178557 0.360787 -0.058683 1.000000 0.416744 0.295822 0.215096 0.607782 0.602442 0.146083 -0.033667 0.350387 0.141712 0.567074 0.462838 -0.048572 -0.147760 0.126575 -0.022001 0.236939 0.301320 0.208881 -0.022125 0.477073 0.074046 0.473430 0.028502 0.194970 -0.248435 0.117762 0.028019 -0.133584 -0.242444 0.133157 0.146916 -0.177778 -0.237972 -0.375229 -0.105184 -0.177991 -0.089682 -0.210996 -0.352614 0.173081 0.002060 -0.420615 -0.419595 0.159568 -0.107626 -0.025844 -0.048925 -0.270331 -0.377249 -0.065476 -0.522525 -0.116772 -0.247054 0.334183 -0.019833 0.465453 0.096234 0.144717 -0.022084 0.513489 0.434076 0.166275 0.152106 -0.214792 0.151543 0.187190 0.169223 -0.298304 0.209191 0.007419 0.208078 0.199202 0.219674 -0.351458 -0.196404 -0.154364 -0.257388 0.130732 0.066001 -0.269249 -0.356361 -0.200852 -0.179039 -0.006650 0.064239 -0.153908 -0.083815 0.203190 0.300349 -0.125378 -0.076594 -0.532271 -0.208895 -0.496716 -0.460480 0.051973 0.081796 0.020625 0.140442 0.135005 0.150867 0.203096 -0.214681 -0.145677 0.215649 -0.260683 -0.454047 0.055097 -0.060554 0.008146 -0.069258
0.096480 -0.031109 0.069399 0.257523 0.416744 1.000000 0.023471 0.286180 0.218092 0.483695 0.020752 -0.061717 -0.084279 -0.026212 0.070209 0.277130 0.062300 -0.190583 0.108458 0.112452 0.180660 0.251442 0.143336 0.352544 0.520230 0.656304 0.688249 0.622856 0.045632 -0.099101 0.292173 0.304712 -0.015703 -0.048713 -0.069272 0.156626 -0.001030 -0.102381 -0.262903 -0.066320 0.020565 0.081091 -0.121526 -0.001344 -0.056767 0.069250 -0.323215 -0.140419 -0.133114 -0.218013 -0.119876 -0.143144 -0.301435 -0.471336 -0.337956 -0.371687 0.113453 0.016619 0.227755 0.085234 0.271877 0.143958 -0.010475 0.011834 0.072055 0.265461 0.105367 0.011469 -0.080212 -0.010795 0.146800 0.267996 -0.165397 0.228496 0.293496 0.279870 0.055879 0.102157 -0.212233 -0.095993 0.038041 -0.229582 0.124267 0.085859 -0.166410 -0.221591 0.044990 -0.134373 -0.058789 -0.001895 -0.384876 -0.320651 -0.055211 0.052567 -0.192336 -0.230413 -0.222370 -0.226495 -0.357128 -0.376237 -0.099314 -0.126300 -0.103624 0.019547 0.135366 0.106693 0.073698 -0.221899 -0.276210 -0.027652 0.070960 -0.196891 -0.050940 -0.046362 -0.013538 -0.052926
0.104771 -0.301529 0.689373 0.303471 0.295822 0.023471 1.000000 0.626897 0.258632 0.196935 0.340994 0.332415 0.443029 0.409984 0.146237 0.118791 -0.192534 -0.200516 0.275209 0.040096 -0.137876 -0.023993 0.463964 0.260094 0.137768 0.015408 0.019553 0.069279 0.223260 0.010753 0.087546 0.106098 -0.005774 -0.162081 0.318406 0.173858 -0.111266 -0.182211 -0.174621 -0.025646 -0.137146 -0.037289 -0.366326 -0.505818 -0.044410 -0.153033 -0.403942 -0.494005 0.061531 -0.136045 0.063452 -0.092140 0.008985 -0.203741 0.202628 -0.521723 -0.430494 -0.530035 0.180177 -0.077638 0.090269 0.072322 0.372132 0.006714 0.657580 0.437795 -0.077899 -0.030296 -0.501783 -0.216879 0.102317 -0.072940 0.026345 0.138196 0.087224 0.076643 0.193537 0.051500 -0.313073 -0.212716 -0.383606 -0.353502 0.118901 -0.011241 -0.047598 0.033579 -0.112480 -0.021665 0.235196 0.163423 -0.177027 -0.005234 0.223631 0.248333 -0.108309 -0.003964 -0.296506 -0.118251 -0.330065 -0.278907 0.169280 0.298839 0.048467 -0.006912 0.035026 -0.030468 -0.027848 0.038266 -0.002745 0.037260 -0.105763 -0.317199 0.014121 0.047417 0.071335 0.012981
0.146908 -0.147728 0.455840 0.613532 0.215096 0.286180 0.626897 1.000000 -0.000786 0.335756 0.206083 0.457558 0.132836 0.459026 -0.086973 0.169066 -0.106186 -0.238945 0.263362 0.277751 -0.135305 -0.097827 0.301565 0.254237 0.177526 0.174360 0.123837 0.112523 0.175325 0.148034 0.092290 0.269341 0.036582 0.025578 0.090472 0.248527 -0.040978 -0.218798 -0.290390 -0.289351 0.016697 -0.055744 -0.390364 -0.396940 -0.243208 -0.129129 -0.360151 -0.367710 -0.071766 -0.272283 -0.112366 -0.147127 -0.125860 -0.427564 -0.069504 -0.505544 -0.250453 -0.411922 0.149773 -0.011223 0.107032 0.257369 0.283260 0.141951 0.422727 0.516604 -0.083966 -0.065222 -0.252971 -0.091572 0.028833 0.053288 -0.008303 0.048517 0.200453 0.155329 0.111256 0.053735 -0.314341 -0.209742 -0.257127 -0.368091 0.088786 0.226473 -0.086908 0.026679 -0.201410 -0.141730 0.244077 0.140762 -0.349456 -0.222224 0.168970 0.192460 -0.121186 -0.240488 -0.198533 -0.220669 -0.385146 -0.363349 0.168786 0.122055 -0.072440 0.045103 0.073951 0.012347 -0.039977 -0.140158 -0.146651 -0.088681 -0.061404 -0.250462 -0.136297 0.003221 0.014863 -0.047481
0.091322 -0.158473 0.307912 -0.227214 0.607782 0.218092 0.258632 -0.000786 1.000000 0.500891 0.295097 -0.089528 0.530761 0.198414 0.714369 0.321057 -0.053594 -0.157478 -0.076085 -0.236117 0.161357 0.227621 0.174527 -0.019207 0.267598 -0.025355 0.241373 0.061863 0.207498 -0.241134 0.073760 -0.021971 -0.152073 -0.195980 0.036528 0.088859 0.017660 -0.194504 -0.048258 0.100415 -0.151007 -0.035339 -0.175967 -0.137436 0.174212 -0.034652 -0.182779 -0.241011 0.127408 -0.118887 0.034946 -0.008845 -0.179542 -0.187254 0.200404 -0.235386 -0.148993 -0.206302 0.248814 -0.067055 0.432069 0.095953 0.238160 -0.010262 0.471822 0.333920 0.114742 0.096798 -0.293150 0.015222 0.153861 0.005168 -0.115223 0.223812 0.061050 0.216041 0.112927 0.023669 0.009462 0.031337 0.114235 0.009143 0.183284 -0.093215 0.025475 -0.059435 0.071259 0.143946 0.093645 0.248001 -0.226052 -0.177497 -0.047126 0.070193 -0.070250 -0.009722 -0.323205 -0.119377 -0.256989 -0.287915 -0.005303 0.146872 0.032640 0.052917 0.044665 0.070544 0.143883 -0.044741 0.063016 -0.014294 -0.331812 -0.323191 -0.193089 0.068187 0.201974 0.047476
0.049287 -0.326240 0.081885 -0.008340 0.602442 0.483695 0.196935 0.335756 0.500891 1.000000 0.032961 -0.056179 0.281669 0.245278 0.442465 0.697371 -0.029970 -0.227150 -0.036124 0.034439 0.199847 0.196995 0.116141 0.187376 0.366035 0.127835 0.407036 0.105612 0.203316 0.053883 0.117765 0.200747 -0.104621 -0.155136 0.201096 0.346852 0.114795 -0.048404 -0.179995 -0.021785 -0.105127 0.066692 -0.089101 -0.174541 0.197085 0.151044 -0.201123 -0.182749 0.059714 -0.136025 -0.016004 0.015890 -0.486632 -0.507285 -0.008878 -0.440998 -0.034768 -0.286176 0.082746 -0.290090 0.305452 0.002671 -0.041233 -0.243250 0.348823 0.414606 -0.134948 -0.031982 -0.170604 -0.053428 0.228121 0.115930 -0.121241 0.282336 0.142911 0.346692 0.263529 0.287450 -0.151093 0.069686 -0.027837 -0.081531 0.169417 0.178106 -0.160066 -0.221202 -0.088787 0.174351 -0.025597 -0.019494 -0.237210 -0.201674 0.080356 0.080781 -0.094081 -0.162793 -0.282271 -0.155244 -0.359033 -0.471885 -0.026319 -0.073717 -0.085507 0.001895 -0.037866 -0.076647 0.070456 -0.111229 -0.143069 0.086826 -0.036905 -0.346323 -0.040061 -0.077285 0.048183 0.000985
0.685100 0.277158 0.135464 0.081228 0.146083 0.020752 0.340994 0.206083 0.295097 0.032961 1.000000 0.659820 0.712241 0.553068 0.373671 0.127670 0.314779 0.110439 0.215433 0.132073 -0.288803 -0.114706 0.242273 0.234961 0.054428 0.066999 -0.022921 0.148303 0.494193 0.067704 0.012304 0.062561 -0.015097 0.033343 -0.097861 0.049527 -0.309483 -0.351046 -0.216609 0.005862 -0.059834 -0.164183 -0.164903 -0.138891 -0.239731 -0.442850 -0.019516 -0.144258 0.096336 -0.246605 0.196118 -0.002795 0.045702 -0.129623 0.143274 -0.224740 -0.118521 -0.023731 0.190373 -0.159878 0.267366 0.154065 0.556564 0.326512 0.227769 0.334088 -0.094803 -0.257571 -0.318053 -0.175968 -0.127342 0.059913 0.224710 0.030981 0.078332 0.099832 -0.077191 -0.209449 -0.233096 -0.171645 0.103147 -0.076707 0.180255 0.001359 0.246944 0.125775 0.040911 0.015567 0.316477 0.038697 -0.259677 -0.335709 -0.122476 -0.074690 -0.252165 -0.266292 -0.079982 -0.250871 -0.180979 -0.351165 -0.164165 -0.042272 -0.315489 -0.351338 -0.248378 -0.129195 -0.204529 -0.254448 -0.235246 -0.148350 -0.131243 -0.243938 -0.350058 -0.237361 -0.130071 -0.122574
0.481882 0.218692 0.122039 0.267599 -0.033667 -0.061717 0.332415 0.457558 -0.089528 -0.056179 0.659820 1.000000 0.403638 0.734902 -0.082159 0.112598 0.196471 0.169144 0.231289 0.342969 -0.335915 -0.234446 0.162274 0.170180 0.061846 0.159103 -0.026439 0.081264 0.391191 0.362453 0.102950 0.179361 0.132440 0.206376 -0.138597 0.110974 -0.355972 -0.346060 -0.287169 -0.102104 -0.009233 -0.217499 -0.147244 -0.150040 -0.192415 -0.286859 -0.037524 -0.103070 0.142877 -0.084528 0.133639 0.013859 0.110619 -0.110458 -0.062644 -0.194892 -0.100454 -0.067030 -0.001527 -0.091369 0.031796 0.186593 0.355046 0.312196 0.082702 0.283810 -0.224808 -0.262152 -0.187332 -0.139104 -0.222326 -0.090074 0.292353 -0.098121 0.026385 0.019672 -0.135472 -0.211528 -0.186651 -0.171172 0.047914 -0.060548 0.064032 0.241770 0.112073 0.059572 -0.093584 -0.119533 0.134960 -0.127780 -0.182951 -0.312975 -0.035639 -0.101368 -0.247363 -0.312085 0.035092 -0.281707 -0.096734 -0.277074 -0.053988 -0.142613 -0.355005 -0.332259 -0.273478 -0.164270 -0.179678 -0.137562 -0.214597 -0.196592 -0.033349 -0.138894 -0.368131 -0.306755 -0.255906 -0.302370
0.487917 -0.028137 0.135265 -0.076917 0.350387 -0.084279 0.443029 0.132836 0.530761 0.281669 0.712241 0.403638 1.000000 0.542939 0.554100 0.140002 0.074947 0.022624 0.084243 -0.081658 -0.246045 -0.081667 0.308709 0.141929 0.039872 -0.213993 -0.066428 -0.087446 0.327361 -0.115743 -0.155586 -0.181790 -0.142499 -0.220093 0.067813 0.042297 -0.330038 -0.265332 -0.249014 0.059817 -0.322864 -0.261961 -0.116632 -0.206321 0.010978 -0.174200 -0.060275 -0.187243 0.278984 0.057591 0.141804 0.194564 -0.061462 -0.093275 0.197703 -0.280900 -0.137732 -0.167347 0.273205 -0.095583 0.416701 0.173259 0.405788 0.063091 0.396135 0.493699 -0.021613 -0.035003 -0.379094 -0.153320 -0.129060 -0.146552 0.019492 0.007507 -0.029223 0.084379 0.010447 -0.117799 -0.232466 -0.161591 -0.073430 -0.123838 0.086544 -0.162538 0.102332 -0.128077 -0.017495 0.074090 0.242793 0.022377 -0.076269 -0.129698 0.026023 0.072002 -0.236459 -0.204323 -0.244787 -0.256562 -0.201320 -0.324475 -0.063346 0.042085 -0.170500 -0.181000 -0.092689 -0.027898 0.068018 -0.096408 -0.141053 -0.126823 -0.263182 -0.285575 -0.219868 -0.163813 0.025335 -0.078767
0.411338 0.202038 0.150419 0.271323 0.141712 -0.026212 0.409984 0.459026 0.198414 0.245278 0.553068 0.734902 0.542939 1.000000 0.218713 0.296567 0.170460 0.189668 0.184971 0.255125 -0.269536 -0.177576 0.284065 0.194567 0.122341 0.103491 -0.030852 0.057048 0.484120 0.294882 0.152286 0.271604 0.153901 0.128784 -0.010165 0.186301 -0.296434 -0.198757 -0.257687 -0.055784 -0.084722 -0.173435 -0.140246 -0.077900 -0.037816 -0.068276 -0.091808 -0.105134 0.127391 -0.048498 0.126599 0.036463 -0.168473 -0.265222 -0.053918 -0.266254 -0.006765 -0.097808 -0.041787 -0.202851 0.239661 0.082977 0.237108 0.155139 0.205977 0.295546 -0.328129 -0.254360 -0.204921 -0.249191 -0.030310 -0.178425 0.234200 0.040443 0.121484 0.145218 -0.020550 -0.082668 -0.163446 -0.139312 0.052588 0.013267 0.183987 0.232399 0.072131 0.023055 0.007368 -0.078579 0.194407 0.015528 -0.286318 -0.309363 -0.171228 -0.154026 -0.338186 -0.383784 -0.152598 -0.379338 -0.158092 -0.312047 -0.007837 -0.086306 -0.262809 -0.298196 -0.152551 -0.162869 0.032553 -0.110691 -0.117810 -0.327047 -0.141227 -0.073811 -0.330753 -0.214177 -0.017642 -0.220208
0.248312 -0.035887 0.204171 -0.252442 0.567074 0.070209 0.146237 -0.086973 0.714369 0.442465 0.373671 -0.082159 0.554100 0.218713 1.000000 0.465669 -0.052509 -0.076641 0.028702 -0.177813 0.069859 0.109002 0.227599 0.009470 0.099990 -0.118885 0.043441 -0.011094 0.372581 -0.195036 0.020265 -0.009336 -0.148573 -0.220245 0.067649 0.095459 -0.094105 -0.138429 -0.166929 0.115245 -0.128837 -0.020179 -0.050487 -0.081805 0.071703 -0.159553 -0.037008 -0.120880 0.047517 -0.145639 0.056772 -0.001287 -0.270270 -0.200363 0.149558 -0.150507 -0.064564 -0.135347 0.160082 -0.165975 0.351551 -0.090333 0.139134 -0.101013 0.308104 0.138599 0.038356 0.015799 -0.168212 -0.010638 0.205959 0.027103 -0.068667 0.218026 0.012725 0.139979 0.132862 0.059087 -0.016033 -0.042692 0.022305 0.019125 0.284964 -0.058832 -0.029591 -0.100473 -0.055038 0.036417 0.064690 0.161134 -0.125028 -0.099524 -0.042268 0.078240 -0.018099 -0.021208 -0.263558 -0.130590 -0.259221 -0.261815 -0.078645 0.062834 0.006206 -0.004556 -0.026813 0.030150 0.171792 -0.141525 0.030227 0.028889 -0.256689 -0.296056 -0.116914 -0.023312 0.112870 0.044267
0.105754 -0.078843 0.116742 -0.116432 0.462838 0.277130 0.118791 0.169066 0.321057 0.697371 0.127670 0.112598 0.140002 0.296567 0.465669 1.000000 -0.014059 -0.050081 0.117844 0.176831 0.193602 0.134857 0.082149 0.062341 0.156969 0.124745 0.349466 0.094511 0.376901 0.299738 0.213414 0.293367 -0.003749 0.076766 0.147251 0.253118 0.094215 -0.044488 -0.109556 0.101346 0.109170 0.104520 -0.053834 -0.154254 0.056933 -0.085299 -0.118556 -0.166017 -0.044120 -0.237619 -0.023594 -0.186600 -0.411942 -0.481405 -0.111641 -0.371291 -0.024497 -0.161010 -0.024057 -0.318501 0.183575 -0.070266 0.055993 -0.026594 0.193402 0.159032 -0.300195 -0.232487 -0.051078 -0.085869 0.295116 0.123216 -0.054292 0.235034 0.019323 0.161092 0.125200 0.228692 -0.037493 0.067426 0.071943 0.169458 0.411249 0.568113 -0.175961 -0.088462 -0.171085 -0.000809 -0.123515 -0.054028 -0.183440 -0.189392 0.077826 0.025822 -0.081004 -0.055346 -0.253940 -0.197043 -0.372145 -0.478505 -0.000928 -0.049801 -0.061028 -0.095475 -0.145405 -0.097963 0.076715 -0.037039 -0.050926 0.000317 -0.120619 -0.311333 -0.134957 -0.216069 -0.128214 -0.092030
0.518409 0.548655 -0.236071 -0.127466 -0.048572 0.062300 -0.192534 -0.106186 -0.053594 -0.029970 0.314779 0.196471 0.074947 0.170460 -0.052509 -0.014059 1.000000 0.667659 -0.029256 0.260021 -0.053590 -0.080971 -0.206338 -0.083767 0.385289 0.297011 0.297267 0.251652 0.249804 0.376320 0.265268 0.294773 0.079674 0.275854 -0.081501 0.131585 -0.113062 -0.076994 -0.078603 -0.370685 0.319037 0.046482 0.208526 0.326834 -0.035129 -0.027442 0.191328 0.353980 0.059818 -0.003788 0.132018 -0.018081 0.053270 0.017645 -0.330283 -0.031251 0.522926 0.597370 -0.078491 -0.063854 0.185682 0.105096 0.297981 0.413293 -0.195156 -0.053538 -0.305274 -0.418772 0.047308 -0.069853 -0.145116 0.208383 0.363808 0.242685 0.203188 0.234709 -0.178263 -0.170732 -0.029232 0.222098 0.623987 0.401801 0.021685 0.248009 0.046543 -0.090579 0.334797 0.072179 -0.089097 -0.153598 -0.253727 -0.478971 -0.496849 -0.490807 -0.520706 -0.394546 -0.070533 -0.419449 0.138440 -0.024400 -0.268061 -0.388247 -0.306486 -0.454787 -0.295266 -0.388392 -0.301026 -0.143429 -0.184126 -0.345797 -0.027119 0.256513 -0.420012 -0.329926 -0.018688 -0.134888
0.239507 0.510257 -0.260082 -0.255481 -0.147760 -0.190583 -0.200516 -0.238945 -0.157478 -0.227150 0.110439 0.169144 0.022624 0.189668 -0.076641 -0.050081 0.667659 1.000000 -0.057851 0.188598 -0.107694 -0.144057 -0.204091 -0.211414 0.136717 0.163872 0.078211 0.090978 0.247055 0.431331 0.129284 0.134924 0.211358 0.351121 -0.129691 -0.037691 -0.185779 0.063464 -0.012691 -0.101989 0.169077 -0.004378 0.225348 0.315263 0.012809 -0.042569 0.261365 0.324931 0.081815 0.171001 -0.034114 -0.081874 0.074068 0.107391 -0.359997 0.138797 0.398945 0.543159 -0.210060 0.047703 0.068683 0.123800 0.151706 0.441336 -0.198987 -0.217483 -0.339511 -0.295188 0.198379 0.043394 -0.080368 -0.095649 0.463153 0.053699 -0.012431 -0.028008 -0.302201 -0.186707 0.172961 0.240984 0.495198 0.554262 0.008027 0.336982 -0.085519 -0.106902 0.019180 -0.062346 -0.192539 -0.262951 -0.137326 -0.386681 -0.376343 -0.448780 -0.410610 -0.283487 -0.020761 -0.248361 0.165171 0.054663 -0.196794 -0.363465 -0.194925 -0.363448 -0.167416 -0.254204 -0.183766 -0.114831 -0.014466 -0.311455 -0.044459 0.319247 -0.409001 -0.270508 0.085536 -0.078656
0.316246 0.143670 0.339649 0.457046 0.126575 0.108458 0.275209 0.263362 -0.076085 -0.036124 0.215433 0.231289 0.084243 0.184971 0.028702 0.117844 -0.029256 -0.057851 1.000000 0.657988 -0.243690 -0.364597 0.482317 0.399047 -0.015101 0.151535 0.027387 0.178509 0.219661 0.006514 0.222498 0.195604 0.161186 0.141714 -0.048148 -0.052892 -0.221586 -0.087180 -0.234111 -0.063621 -0.104925 -0.116309 -0.307683 -0.350637 -0.439961 -0.323568 -0.358090 -0.291393 -0.350518 -0.324069 -0.182552 -0.296923 -0.102020 -0.328772 -0.110602 -0.302645 -0.046979 -0.124719 -0.090639 -0.069726 -0.047126 -0.160625 0.120449 0.020976 0.132892 0.047013 0.094513 -0.000123 0.105532 0.099054 -0.071103 0.100989 -0.069621 -0.050083 0.108797 0.048251 0.094023 -0.026731 -0.377845 -0.281345 -0.256658 -0.270325 0.235390 0.235173 0.014211 -0.114322 -0.219111 -0.243136 0.136491 0.053249 -0.184001 0.006827 0.277209 0.310494 -0.034366 -0.183319 -0.073880 -0.151651 -0.319552 -0.226118 -0.014746 0.028030 -0.071003 0.060536 0.061851 0.063860 -0.048302 -0.189322 -0.283256 -0.018365 0.041157 -0.138573 0.129777 -0.173820 -0.108387 -0.166392
0.330758 0.249334 0.073995 0.229047 -0.022001 0.112452 0.040096 0.277751 -0.236117 0.034439 0.132073 0.342969 -0.081658 0.255125 -0.177813 0.176831 0.260021 0.188598 0.657988 1.000000 -0.136104 -0.493525 0.055812 0.301978 0.170274 0.334785 0.210342 0.237805 0.170246 0.338818 0.341355 0.415260 0.380880 0.573504 -0.046976 0.265789 0.022574 0.019654 -0.138946 -0.229786 0.258813 0.128382 -0.127272 -0.124589 -0.315473 -0.154881 -0.071893 -0.024410 -0.249858 -0.366170 -0.138807 -0.331189 -0.196090 -0.415363 -0.188070 -0.204901 0.297875 0.144135 -0.228179 -0.187656 0.000738 -0.129935 -0.035921 0.085411 -0.107104 -0.056104 -0.093752 -0.305109 0.323627 0.160302 -0.055032 0.079870 0.176644 0.140485 0.305060 0.278995 0.192766 0.103569 -0.212843 0.132558 0.096996 0.081728 0.095890 0.403333 -0.016434 -0.156070 -0.068702 -0.007819 -0.080740 -0.152465 -0.342104 -0.347000 -0.087902 -0.080706 -0.299287 -0.443304 0.116327 -0.314195 -0.133682 -0.245173 -0.116803 -0.151952 -0.293408 -0.172700 -0.209153 -0.289762 -0.153878 -0.174342 -0.424252 -0.204503 0.202739 0.107976 -0.143575 -0.348782 -0.122726 -0.203499
-0.304700 -0.227726 0.116756 -0.389075 0.236939 0.180660 -0.137876 -0.135305 0.161357 0.199847 -0.288803 -0.335915 -0.246045 -0.269536 0.069859 0.193602 -0.053590 -0.107694 -0.243690 -0.136104 1.000000 0.615834 -0.286218 -0.306167 0.218385 0.107681 0.377592 0.031135 0.095797 0.061354 0.214596 0.164771 0.172337 0.168199 0.104392 0.018621 0.253088 0.247023 0.328547 0.159563 0.231829 0.591429 -0.231489 -0.169696 0.128665 0.106529 -0.183361 -0.224222 -0.096279 -0.093619 -0.193774 -0.234623 -0.262989 -0.206597 0.187233 0.003479 -0.136530 -0.218360 -0.013954 -0.172264 -0.119528 -0.229550 -0.222646 -0.317270 0.073487 -0.126719 0.018043 0.082262 -0.019224 0.023378 0.613155 0.450118 0.107772 0.415401 0.220996 0.345120 0.438060 0.530099 0.030801 0.141749 0.088047 0.021671 -0.160024 0.047826 -0.219188 -0.150701 -0.149437 -0.029011 -0.320995 -0.069215 -0.215066 0.013245 0.055635 0.178128 0.289672 0.339955 -0.037286 0.296259 -0.122364 -0.033234 0.256207 0.279209 0.349412 0.263641 0.243124 0.146068 0.174426 -0.026891 0.086960 0.412416 0.010729 -0.236587 0.262919 0.203585 -0.036417 -0.011973
-0.280022 -0.311865 0.179005 -0.261452 0.301320 0.251442 -0.023993 -0.097827 0.227621 0.196995 -0.114706 -0.234446 -0.081667 -0.177576 0.109002 0.134857 -0.080971 -0.144057 -0.364597 -0.493525 0.615834 1.000000 -0.118312 -0.270266 0.233967 0.074236 0.284244 0.061513 0.126942 -0.149416 0.160678 0.116515 -0.152657 -0.197469 0.143695 -0.120518 0.023482 0.042982 0.194972 0.133936 -0.041374 0.231568 -0.243967 -0.206267 0.125535 -0.017501 -0.248067 -0.325545 -0.020281 -0.042582 -0.071152 -0.090405 0.018596 -0.016006 0.153025 -0.121143 -0.334190 -0.251459 0.145020 -0.061151 0.000354 0.031405 0.004696 -0.124239 0.222613 0.138883 0.130132 0.251498 -0.302883 0.024919 0.518998 0.413787 -0.149910 0.173605 -0.073108 -0.015348 0.136706 0.296062 0.038735 -0.083607 -0.020416 -0.165143 0.029589 -0.049229 -0.168384 0.026916 0.014131 -0.136724 -0.080923 0.077211 -0.017934 0.053242 0.235022 0.230541 0.267168 0.409797 -0.298435 0.356650 -0.319304 -0.210306 0.093373 0.161568 0.206854 0.097530 0.249586 0.291073 0.132583 -0.091921 0.247374 0.482004 -0.115199 -0.430378 0.141878 0.157664 -0.075319 0.040170
0.241884 0.015067 0.328109 0.538632 0.208881 0.143336 0.463964 0.301565 0.174527 0.116141 0.242273 0.162274 0.308709 0.284065 0.227599 0.082149 -0.206338 -0.204091 0.482317 0.055812 -0.286218 -0.118312 1.000000 0.584070 0.001696 -0.005074 -0.041047 0.197622 0.004573 -0.305349 0.085003 -0.001344 -0.161501 -0.305340 -0.000724 -0.298906 -0.304455 -0.316142 -0.317723 -0.001797 -0.153261 -0.194825 -0.274985 -0.313678 -0.298790 -0.325186 -0.372527 -0.366395 -0.098199 -0.053848 0.043267 0.045445 0.040898 -0.164593 0.012396 -0.277823 -0.255835 -0.269327 0.222368 0.205713 0.221927 0.103305 0.156371 0.123204 0.239123 0.214715 0.135649 0.038837 -0.275447 -0.161770 0.009354 0.013843 -0.184698 -0.061195 0.070714 -0.028932 0.004225 -0.096036 -0.471239 -0.502481 -0.520360 -0.430697 0.249710 -0.037000 0.081686 0.041517 -0.109369 -0.350915 0.500649 0.346976 -0.100772 0.145742 0.244155 0.390952 -0.036504 -0.142543 -0.273329 -0.210275 -0.274952 -0.205924 0.085785 0.122888 -0.014148 0.081319 0.062345 0.140713 -0.059351 -0.065485 -0.094195 -0.181801 -0.311436 -0.240027 0.062898 0.081931 0.066603 -0.033144
0.242605 -0.189951 0.024702 0.497202 -0.022125 0.352544 0.260094 0.254237 -0.019207 0.187376 0.234961 0.170180 0.141929 0.194567 0.009470 0.062341 -0.083767 -0.211414 0.399047 0.301978 -0.306167 -0.270266 0.584070 1.000000 0.050565 0.255595 0.040667 0.353531 0.028168 -0.155381 0.053885 0.187523 -0.049757 -0.133080 0.120418 0.094532 -0.174306 -0.166237 -0.231114 0.123983 -0.121345 -0.092568 -0.083905 -0.153009 -0.302041 -0.182564 -0.119204 -0.097991 -0.085885 -0.203983 0.138050 0.157617 -0.097774 -0.218824 0.009179 -0.135390 -0.079418 -0.243940 0.017597 -0.044985 0.018226 -0.095061 0.005820 -0.123916 0.060637 0.216051 -0.011333 -0.072087 -0.202305 -0.185656 -0.028482 -0.053657 -0.073440 -0.121787 0.043727 0.015803 0.010935 -0.025257 -0.219568 -0.211182 -0.323412 -0.354155 0.162833 -0.048773 -0.017579 -0.002056 -0.120219 -0.093545 0.164194 0.083134 -0.075769 0.068120 0.170654 0.145040 -0.085712 -0.269020 0.069029 -0.118516 -0.144680 -0.254790 -0.195014 -0.126724 -0.299065 -0.200964 -0.237902 -0.129636 -0.259864 -0.024136 -0.308403 -0.072335 0.098111 -0.176962 -0.051609 -0.271277 -0.181577 -0.198005
0.120642 -0.015583 0.217374 -0.054256 0.477073 0.520230 0.137768 0.177526 0.267598 0.366035 0.054428 0.061846 0.039872 0.122341 0.099990 0.156969 0.385289 0.136717 -0.015101 0.170274 0.218385 0.233967 0.001696 0.050565 1.000000 0.631041 0.738136 0.549262 0.133291 0.185200 0.524841 0.450874 0.143586 0.118403 0.128705 0.322720 0.014537 -0.045689 -0.242261 -0.381405 0.111328 0.081315 0.020940 0.074456 0.171792 0.169510 -0.187323 0.008987 0.142603 -0.036283 0.102922 -0.048013 -0.160926 -0.351724 -0.185433 -0.308940 0.240691 0.080598 0.046992 -0.104281 0.170480 -0.068498 -0.024618 0.005245 0.055043 0.035777 -0.025123 -0.016340 -0.106493 0.046437 0.178720 0.250537 0.170517 0.457515 0.311373 0.432549 0.145070 0.037986 -0.151416 0.184925 0.155364 -0.054272 -0.111931 0.007379 -0.314624 -0.355285 0.185292 0.094359 -0.211246 -0.148026 -0.370712 -0.456621 -0.276099 -0.198218 -0.332252 -0.224888 -0.137455 -0.283679 -0.101043 -0.253886 -0.286257 -0.227841 -0.221772 -0.152632 -0.048637 -0.146999 -0.039954 -0.358283 -0.143316 -0.072300 0.187031 0.034913 -0.179083 -0.091781 0.121396 -0.001706
0.058868 0.107326 0.101401 0.164391 0.074046 0.656304 0.015408 0.174360 -0.025355 0.127835 0.066999 0.159103 -0.213993 0.103491 -0.118885 0.124745 0.297011 0.163872 0.151535 0.334785 0.107681 0.074236 -0.005074 0.255595 0.631041 1.000000 0.661563 0.815802 0.233162 0.280114 0.661734 0.627369 0.138107 0.227372 -0.062080 0.217305 0.042608 0.020513 -0.130259 -0.146114 0.202465 0.219336 0.015953 0.235856 0.046983 0.174856 -0.142125 0.106835 -0.087548 -0.124666 0.051632 -0.216606 -0.143580 -0.399647 -0.346383 -0.123927 0.247863 0.134242 -0.084090 -0.012701 0.009039 -0.093402 -0.002396 0.079795 -0.122513 -0.093033 -0.101343 -0.097017 -0.043110 -0.136271 0.175353 0.174790 0.238174 0.353309 0.408943 0.322855 0.035744 -0.016272 -0.070000 0.066453 0.220360 -0.009786 0.095460 0.097474 -0.222147 -0.168502 0.244590 0.042740 -0.265831 -0.137525 -0.447055 -0.515313 -0.357912 -0.365598 -0.333847 -0.264944 0.102710 -0.190200 -0.016902 -0.118129 -0.307448 -0.311688 -0.279326 -0.263347 -0.095894 -0.182679 -0.031511 -0.265921 -0.223877 -0.160612 0.376821 0.125545 -0.229220 -0.245997 -0.054979 -0.164666
0.143087 0.072696 0.094035 -0.038657 0.473430 0.688249 0.019553 0.123837 0.241373 0.407036 -0.022921 -0.026439 -0.066428 -0.030852 0.043441 0.349466 0.297267 0.078211 0.027387 0.210342 0.377592 0.284244 -0.041047 0.040667 0.738136 0.661563 1.000000 0.672651 0.063699 0.161799 0.481372 0.350260 0.002613 0.089244 -0.103615 0.112408 0.079519 0.012404 -0.087610 -0.241072 0.209949 0.270199 0.005390 0.060586 0.131823 0.119515 -0.233459 0.005177 0.109343 -0.074577 -0.013899 -0.176312 -0.236267 -0.467962 -0.299495 -0.323263 0.298174 0.156566 0.194029 0.043790 0.285994 0.065616 0.024212 0.101506 0.018913 0.114729 -0.098096 -0.200651 -0.038766 -0.004754 0.212703 0.316196 0.079163 0.501829 0.331253 0.432277 0.156874 0.149911 -0.203036 0.094624 0.180986 0.014046 0.006026 0.175186 -0.318478 -0.378153 0.195798 0.014381 -0.272916 -0.146039 -0.420011 -0.447211 -0.251868 -0.162934 -0.362528 -0.269314 -0.193185 -0.331621 -0.193648 -0.326020 -0.136639 -0.185482 -0.147127 -0.070960 -0.029718 -0.114962 0.040714 -0.189281 -0.294801 -0.097081 0.061189 -0.019735 -0.100599 -0.113054 -0.015061 -0.102952
0.154260 0.185029 0.086917 0.174552 0.028502 0.622856 0.069279 0.112523 0.061863 0.105612 0.148303 0.081264 -0.087446 0.057048 -0.011094 0.094511 0.251652 0.090978 0.178509 0.237805 0.031135 0.061513 0.197622 0.353531 0.549262 0.815802 0.672651 1.000000 0.127971 0.160768 0.564857 0.435277 0.044178 0.096370 -0.188098 -0.033651 0.015322 -0.015743 -0.070152 -0.093979 0.199401 0.220557 -0.095122 0.178092 -0.144527 -0.077900 -0.149424 0.084631 -0.106700 -0.142651 0.105784 -0.196439 -0.020116 -0.315471 -0.168498 -0.086351 0.236238 0.169487 0.109786 0.124797 0.100728 -0.028511 0.090297 0.157491 -0.166597 -0.101067 -0.018802 -0.173760 -0.112720 -0.186897 0.157170 0.199680 0.229236 0.395493 0.392823 0.290165 0.020980 -0.106803 -0.114183 -0.003680 0.136485 -0.064377 0.074399 0.011923 -0.118173 -0.119558 0.244748 -0.024263 -0.060456 0.082219 -0.562241 -0.545916 -0.385201 -0.287334 -0.319091 -0.258690 0.119760 -0.244231 -0.057228 -0.176029 -0.312225 -0.253028 -0.200205 -0.172422 -0.019507 -0.104187 -0.039798 -0.163302 -0.234562 -0.303905 0.217891 0.127411 -0.250578 -0.071204 0.031728 -0.087686
0.159159 0.038004 0.259771 -0.068467 0.194970 0.045632 0.223260 0.175325 0.207498 0.203316 0.494193 0.391191 0.327361 0.484120 0.372581 0.376901 0.249804 0.247055 0.219661 0.170246 0.095797 0.126942 0.004573 0.028168 0.133291 0.233162 0.063699 0.127971 1.000000 0.380100 0.341049 0.391341 0.255927 0.258757 0.229319 0.227109 -0.004224 0.045468 0.057932 0.140352 0.209220 0.219376 -0.317644 -0.237446 -0.158857 -0.278958 -0.184569 -0.279379 -0.142014 -0.344911 0.039961 -0.221826 -0.224315 -0.349055 0.097304 -0.221230 -0.289252 -0.190642 -0.115781 -0.381477 -0.123213 -0.136309 0.157029 -0.019285 0.241793 0.177883 -0.274938 -0.209870 -0.274382 -0.266648 0.252597 0.181526 0.484729 0.245959 0.295719 0.054083 0.237304 0.187856 0.035847 -0.031612 0.305892 0.156601 0.332708 0.315653 -0.086677 0.104968 -0.190364 -0.012745 -0.117210 -0.083177 -0.377771 -0.349973 -0.046011 -0.076672 0.054083 0.026382 -0.049228 0.057502 -0.304736 -0.340210 -0.016077 0.053928 0.005189 -0.268073 -0.119598 -0.077892 0.007538 -0.150718 0.073586 0.113383 0.042629 -0.267666 -0.248661 -0.204060 -0.105337 -0.017242
0.024193 0.133147 -0.030370 -0.115045 -0.248435 -0.099101 0.010753 0.148034 -0.241134 0.053883 0.067704 0.362453 -0.115743 0.294882 -0.195036 0.299738 0.376320 0.431331 0.006514 0.338818 0.061354 -0.149416 -0.305349 -0.155381 0.185200 0.280114 0.161799 0.160768 0.380100 1.000000 0.305799 0.449826 0.343160 0.528988 0.184894 0.336517 0.279539 0.296211 0.117533 -0.105688 0.434480 0.246828 0.081745 0.013445 -0.062202 -0.036085 0.089986 0.088971 0.102603 -0.017850 0.106096 -0.128496 -0.140352 -0.209586 -0.101375 -0.064314 0.092641 0.093238 -0.281536 -0.284011 -0.228327 -0.199510 -0.034567 0.039412 -0.075797 -0.231352 -0.505380 -0.477413 0.021643 -0.205524 0.045317 0.184558 0.602928 0.421529 0.235078 0.241883 0.079545 0.052670 0.292677 0.428047 0.434403 0.502112 0.037872 0.544067 -0.104217 -0.058236 -0.033122 0.184594 -0.336090 -0.354497 -0.217909 -0.420547 -0.308390 -0.435038 -0.190249 -0.084052 0.208341 -0.168099 0.137761 -0.077135 -0.020212 -0.119372 -0.045812 -0.241572 -0.255491 -0.322172 -0.254156 -0.037623 -0.021861 -0.184805 0.233903 0.232750 -0.210757 -0.062317 0.020712 0.039037
0.004450 0.147443 0.262377 0.023852 0.117762 0.292173 0.087546 0.092290 0.073760 0.117765 0.012304 0.102950 -0.155586 0.152286 0.020265 0.213414 0.265268 0.129284 0.222498 0.341355 0.214596 0.160678 0.085003 0.053885 0.524841 0.661734 0.481372 0.564857 0.341049 0.305799 1.000000 0.807609 0.206719 0.296288 0.050412 0.127095 0.129468 0.034809 0.076729 -0.180963 0.378015 0.365978 -0.142450 0.029804 0.070171 0.007967 -0.259947 -0.086759 -0.159629 -0.201446 0.134951 -0.371335 -0.048432 -0.345876 -0.034094 -0.169652 0.081680 -0.005722 -0.205287 -0.180112 -0.019366 -0.184828 -0.002504 0.060149 -0.078074 -0.212755 -0.153154 -0.130987 -0.085518 -0.214522 0.378464 0.330369 0.312228 0.467863 0.437715 0.326669 0.277248 0.221901 -0.199083 -0.048604 0.156420 -0.017238 0.170561 0.171867 -0.187299 -0.036972 0.243213 0.024736 -0.202918 0.132477 -0.412993 -0.498564 -0.250646 -0.255874 -0.191235 -0.118049 -0.015795 -0.125325 -0.121463 -0.153834 -0.211396 -0.150945 -0.110242 -0.197786 -0.052766 -0.190714 0.026740 -0.161473 -0.029855 -0.055928 0.175109 0.010879 -0.131374 -0.101493 0.025651 -0.123677
0.039149 0.031148 0.228188 0.128767 0.028019 0.304712 0.106098 0.269341 -0.021971 0.200747 0.062561 0.179361 -0.181790 0.271604 -0.009336 0.293367 0.294773 0.134924 0.195604 0.415260 0.164771 0.116515 -0.001344 0.187523 0.450874 0.627369 0.350260 0.435277 0.391341 0.449826 0.807609 1.000000 0.307435 0.427135 0.233980 0.387278 0.153383 0.010273 -0.003350 -0.238798 0.375633 0.278017 -0.091105 -0.054531 -0.030553 0.010608 -0.168432 -0.096463 -0.106283 -0.262848 0.129892 -0.303620 -0.166387 -0.428561 -0.130293 -0.317743 0.065071 -0.055339 -0.193495 -0.284394 -0.041706 -0.171829 -0.017470 0.010717 0.075908 -0.084323 -0.212739 -0.233096 -0.043902 -0.168360 0.356954 0.336877 0.311714 0.356369 0.377935 0.312319 0.220140 0.241022 -0.061506 0.112452 0.228851 0.068149 0.271476 0.349073 -0.132876 -0.050936 0.142785 0.024152 -0.186223 -0.034765 -0.354367 -0.488004 -0.192291 -0.285008 -0.254220 -0.188322 -0.080627 -0.194373 -0.173247 -0.326720 -0.257045 -0.201364 -0.231487 -0.295801 -0.171505 -0.204500 -0.066933 -0.241095 -0.077394 -0.022937 0.185873 -0.040775 -0.230569 -0.174295 -0.069620 -0.126508
0.007968 0.162992 0.041130 -0.124331 -0.133584 -0.015703 -0.005774 0.036582 -0.152073 -0.104621 -0.015097 0.132440 -0.142499 0.153901 -0.148573 -0.003749 0.079674 0.211358 0.161186 0.380880 0.172337 -0.152657 -0.161501 -0.049757 0.143586 0.138107 0.002613 0.044178 0.255927 0.343160 0.206719 0.307435 1.000000 0.788928 0.080541 0.217772 0.036608 0.091792 0.103194 0.014460 0.341664 0.323058 -0.163668 -0.100577 -0.146428 -0.076309 -0.111699 -0.100586 -0.051652 -0.008444 -0.148103 -0.155144 -0.339528 -0.306184 -0.008962 -0.090595 0.046386 0.152211 -0.139850 -0.150806 -0.349294 -0.231546 -0.336970 -0.119259 -0.071655 -0.238873 0.035196 -0.080231 0.403462 0.178433 0.084056 0.148894 0.447344 0.136749 0.300214 0.084972 0.101965 0.092978 0.229225 0.347261 0.180829 0.237549 -0.274324 0.211941 -0.027996 -0.107785 -0.159260 -0.020655 -0.168869 -0.381882 -0.332649 -0.288581 -0.143025 -0.056041 0.117337 0.014569 0.161504 0.066014 -0.107984 -0.127288 0.032954 0.090941 0.121079 -0.032717 0.079505 -0.037094 -0.050127 -0.238349 0.163674 -0.039441 0.120847 0.106526 -0.028571 0.159610 0.288056 0.243271
0.063944 0.351736 -0.016286 -0.107928 -0.242444 -0.048713 -0.162081 0.025578 -0.195980 -0.155136 0.033343 0.206376 -0.220093 0.128784 -0.220245 0.076766 0.275854 0.351121 0.141714 0.573504 0.168199 -0.197469 -0.305340 -0.133080 0.118403 0.227372 0.089244 0.096370 0.258757 0.528988 0.296288 0.427135 0.788928 1.000000 -0.011373 0.194331 0.185539 0.122671 0.177500 -0.131973 0.566508 0.354951 -0.156776 -0.057887 -0.254740 -0.161709 0.009365 -0.024321 -0.184958 -0.214930 -0.155142 -0.334605 -0.213452 -0.277482 -0.113886 -0.037467 0.161063 0.313377 -0.257460 -0.203297 -0.272492 -0.095519 -0.157816 0.089342 -0.187946 -0.260455 -0.112917 -0.274729 0.480039 0.211612 0.045958 0.234987 0.478792 0.179101 0.330561 0.165175 0.079945 0.104318 0.264220 0.457799 0.389808 0.442485 -0.098947 0.452066 0.043371 0.016526 -0.068908 0.033655 -0.180091 -0.318299 -0.393453 -0.478718 -0.245922 -0.224732 -0.073223 -0.105567 0.174065 -0.098572 -0.013593 -0.137249 -0.014288 -0.064645 -0.036638 -0.183611 -0.072347 -0.137120 -0.150925 -0.262700 -0.002032 -0.211560 0.075863 0.263411 -0.192859 0.009770 0.144160 0.128968
-0.229540 -0.518346 0.300150 -0.121629 0.133157 -0.069272 0.318406 0.090472 0.036528 0.201096 -0.097861 -0.138597 0.067813 -0.010165 0.067649 0.147251 -0.081501 -0.129691 -0.048148 -0.046976 0.104392 0.143695 -0.000724 0.120418 0.128705 -0.062080 -0.103615 -0.188098 0.229319 0.184894 0.050412 0.233980 0.080541 -0.011373 1.000000 0.468766 0.338485 0.294852 -0.051790 0.047805 0.084818 0.118907 -0.116845 -0.344400 0.130696 0.099700 -0.191324 -0.306504 0.139225 -0.021243 0.204862 0.078575 -0.174974 -0.148829 0.191012 -0.271126 -0.300418 -0.366945 -0.070201 -0.335806 -0.125814 -0.302967 -0.132633 -0.368930 0.394891 0.058271 -0.088974 -0.067246 -0.345103 -0.224500 0.263869 0.176255 0.023338 0.223078 0.063617 0.017019 0.420440 0.349782 0.085126 0.140831 -0.110388 0.023908 0.117491 0.065010 -0.191448 -0.072658 -0.239140 0.101052 -0.204816 -0.154281 0.131647 0.227343 0.190178 0.113932 0.026526 0.246919 -0.088772 0.088882 -0.044077 -0.076836 0.154100 0.231884 0.108844 -0.066835 -0.132818 -0.073160 -0.045853 0.156888 0.085937 0.273592 0.081222 -0.145774 0.171503 0.089362 -0.148369 0.113691
0.008983 -0.313364 0.058303 -0.132848 0.146916 0.156626 0.173858 0.248527 0.088859 0.346852 0.049527 0.110974 0.042297 0.186301 0.095459 0.253118 0.131585 -0.037691 -0.052892 0.265789 0.018621 -0.120518 -0.298906 0.094532 0.322720 0.217305 0.112408 -0.033651 0.227109 0.336517 0.127095 0.387278 0.217772 0.194331 0.468766 1.000000 0.171759 0.133826 -0.174950 -0.096301 -0.047291 0.079128 0.155152 0.012248 0.304582 0.373123 0.105453 0.090489 0.240903 -0.052298 0.059356 0.088511 -0.356995 -0.365379 -0.061308 -0.261165 0.116882 -0.103830 -0.025638 -0.323806 0.073941 -0.116487 -0.069002 -0.228591 0.278156 0.227409 -0.216410 -0.084200 -0.121814 -0.104175 -0.063161 -0.022554 0.135072 0.217867 0.084402 0.265682 0.181259 0.198793 0.188778 0.358580 0.217620 0.166345 -0.057998 0.072456 -0.237962 -0.282014 -0.050847 0.402548 -0.411757 -0.347127 -0.068052 -0.221212 -0.179277 -0.285493 -0.211295 -0.178402 0.055791 -0.129872 -0.015129 -0.172893 -0.121648 -0.065262 -0.158436 -0.235412 -0.383729 -0.376401 -0.146318 0.044754 -0.174301 0.157950 0.352814 0.010520 -0.122858 -0.231798 -0.124995 -0.053934
