1.000000 0.417515 -0.396332 -0.201175 -0.096454 -0.177669 -0.029168 -0.219490 -0.121076 -0.317183 0.337822 -0.048654 0.230542 -0.088674 0.248835 -0.023669 0.353140 0.331838 0.122810 -0.159672 -0.279977 -0.269247 0.004398 -0.209820 -0.130089 -0.130055 -0.031888 -0.035799 0.287795 0.031754 -0.038507 -0.049349 0.003879 0.236324 0.030245 -0.257755 -0.142083 -0.176710 -0.346463 -0.195698 -0.123541 -0.124620 0.362455 0.297719 0.220484 -0.027900 0.334527 0.355868 -0.154243 0.175232 -0.028304 0.125927 0.218920 0.193288 -0.162900 0.173073 0.643950 0.585883 -0.033640 -0.313835 0.066036 0.144181 0.097555 0.280171 0.056179 -0.163024 -0.283054 -0.329866 0.391522 0.385645 -0.258895 -0.183963 0.037742 -0.191371 -0.031627 -0.181296 -0.225102 -0.413618 0.209647 0.296353 0.226839 0.254802 0.381174 0.192791 0.445165 0.394666 0.329268 0.080025 0.130489 0.213432 -0.168185 -0.305001 -0.488258 -0.443647 -0.128720 -0.116531 0.157847 0.031010 0.311437 0.249366 -0.512369 -0.323797 -0.436032 -0.505500 -0.329089 -0.354649 -0.057153 -0.238233 0.006009 -0.120021 0.003388 -0.119899 -0.358531 -0.033012 0.025389 0.263087
0.417515 1.000000 -0.399720 -0.202592 -0.042735 -0.225852 -0.002395 0.097615 -0.076350 0.082858 0.550046 0.490628 0.389942 0.369294 0.116389 0.191636 0.215099 0.332730 -0.222641 -0.001103 -0.238925 -0.174352 -0.354614 -0.458863 -0.283610 -0.241008 -0.134101 -0.084550 0.299555 0.175110 -0.216780 -0.139591 0.291271 0.468587 -0.009684 0.003637 -0.027819 -0.118385 -0.487178 -0.260093 0.076671 -0.045686 0.070327 -0.013077 0.213175 0.081793 0.125335 -0.058599 -0.027324 0.232710 -0.059069 0.142593 0.024617 -0.091508 -0.321374 -0.162054 0.206432 0.292270 -0.217136 -0.117772 0.151170 0.360626 0.295474 0.313468 -0.010809 0.391257 -0.342696 -0.356990 0.162554 0.079063 -0.192099 -0.038369 0.121938 0.031414 -0.125165 -0.088301 -0.151277 -0.098146 0.094152 0.124082 0.323549 0.349258 0.341730 0.338350 0.177682 0.490285 -0.083449 0.136302 -0.054153 0.057327 -0.270969 -0.384729 -0.453498 -0.498888 -0.084313 -0.125391 -0.111373 -0.039970 0.050508 -0.081430 -0.448694 -0.557595 -0.333320 -0.475086 -0.273307 -0.228410 -0.277942 -0.091815 0.149583 -0.225974 -0.251008 -0.253239 -0.362865 0.077379 0.033595 0.106756
-0.396332 -0.399720 1.000000 0.529892 0.113330 0.059971 0.560362 0.584930 0.402091 0.333762 -0.416823 0.087460 -0.175794 0.138182 0.011505 -0.107085 -0.327031 -0.470652 0.309777 0.397718 0.093080 0.065293 0.452337 0.522656 -0.051572 0.076775 0.082239 0.177232 -0.479081 -0.429416 0.031672 0.009252 -0.055779 -0.327831 -0.077177 -0.051941 -0.313704 -0.227925 0.118137 0.039253 -0.404339 -0.177826 -0.263980 -0.234630 -0.511216 -0.275909 -0.403238 -0.284982 0.130067 -0.408566 0.327585 -0.078836 0.058289 -0.074444 0.212832 -0.372230 -0.442504 -0.477072 0.120762 0.155751 -0.112610 -0.309331 -0.402132 -0.488027 0.236719 0.003829 0.249757 0.267642 -0.015628 -0.066781 -0.042100 -0.082354 -0.433159 -0.129067 -0.257382 0.051902 -0.074799 0.138909 -0.445432 -0.584719 -0.530978 -0.560069 -0.299014 -0.308311 -0.174628 -0.284126 -0.189465 -0.136229 0.100554 -0.076484 0.304787 0.367675 0.565349 0.593749 -0.001746 0.056281 -0.018094 -0.041934 -0.331339 -0.304410 0.377821 0.356369 0.223221 0.434530 0.388100 0.276768 0.258533 0.113767 -0.077941 0.135149 0.044886 0.004190 0.268811 -0.052204 0.094848 -0.080405
-0.201175 -0.202592 0.529892 1.000000 0.162000 0.392389 0.296929 0.594247 0.311984 0.397463 -0.524291 0.238314 -0.415164 0.031375 0.083523 0.233310 -0.385267 -0.440459 0.450857 0.508413 0.239497 0.185674 0.472169 0.746249 0.114866 0.374071 0.325772 0.327301 -0.400460 -0.151970 0.372267 0.462635 -0.195838 -0.350968 -0.119677 -0.116656 -0.218857 0.003788 0.225103 0.176896 -0.319126 0.116942 -0.208603 -0.263847 -0.457203 -0.164541 -0.226762 -0.310498 -0.078837 -0.314067 0.161560 -0.059227 -0.006462 0.005075 -0.047404 -0.264885 -0.463336 -0.516244 -0.265440 -0.126292 -0.438218 -0.476027 -0.530561 -0.618954 0.196680 -0.015186 -0.130812 0.077590 -0.095182 -0.185359 0.176578 0.132714 -0.349299 0.157043 -0.128803 0.236126 0.135299 0.270949 -0.467822 -0.432993 -0.480672 -0.587442 -0.012820 0.061865 -0.103906 -0.231745 -0.080020 0.418196 0.190413 0.087425 0.148253 0.271971 0.516843 0.365099 -0.028641 0.050238 -0.157404 -0.142741 -0.430760 -0.358137 0.276976 0.085467 0.063977 0.094904 0.157182 0.129805 0.051644 -0.080834 0.066351 0.170420 -0.074948 -0.051164 0.166614 -0.096600 0.026386 -0.149683
-0.096454 -0.042735 0.113330 0.162000 1.000000 0.538209 0.006676 0.256924 0.527457 0.618284 -0.052853 0.202084 -0.025360 0.376387 0.152441 0.582745 -0.265599 -0.011001 -0.057866 0.067031 0.422358 0.442453 -0.135184 0.038898 0.303227 0.164904 0.623562 0.369170 0.007586 0.465692 0.117222 0.204264 -0.107926 -0.114313 -0.292316 -0.100165 0.106190 0.172929 0.219743 0.268645 0.234509 0.443250 -0.411482 -0.428567 -0.231675 -0.228847 -0.176609 -0.414873 -0.135395 -0.044049 -0.439709 -0.084050 0.020043 0.025918 0.065933 -0.162577 -0.258673 -0.384751 -0.258546 -0.291082 -0.055558 -0.091397 0.017321 -0.064850 -0.107825 0.078071 -0.406686 -0.313231 -0.526530 -0.379275 0.197505 0.162230 0.209255 0.296092 0.216484 0.270625 0.035232 0.097603 -0.097409 -0.171195 -0.004089 -0.089486 0.109772 0.256657 -0.214208 -0.145178 -0.075997 0.244721 -0.077324 -0.174372 -0.032288 0.069713 0.065426 0.074254 -0.032978 -0.109586 -0.102319 -0.156873 -0.014857 0.110310 0.064577 0.112443 0.123446 0.053007 0.193009 0.230820 0.092170 0.001509 -0.081140 -0.006163 -0.268121 -0.080418 0.149489 0.072080 -0.011893 -0.124115
-0.177669 -0.225852 0.059971 0.392389 0.538209 1.000000 -0.190658 0.273125 0.307428 0.451297 -0.187528 0.110465 -0.204551 0.173737 -0.027677 0.517763 -0.387717 -0.135822 -0.105089 0.068404 0.358583 0.487555 0.165164 0.209048 0.613822 0.597985 0.764505 0.771865 -0.288190 0.313475 0.255148 0.389375 -0.039136 -0.165140 -0.186982 0.147342 -0.008133 0.169618 0.463254 0.419956 0.052385 0.385684 -0.194684 -0.116128 -0.144196 0.024064 0.024751 -0.174617 -0.242443 -0.161669 -0.188869 -0.176664 -0.144717 -0.067416 0.157235 0.205035 -0.296985 -0.469518 -0.286345 -0.353293 -0.183491 -0.238108 -0.179221 -0.266702 0.032878 0.041302 -0.336455 -0.192874 -0.262305 -0.321716 0.191933 0.293657 0.066565 0.318529 0.203472 0.145611 0.028424 0.089684 -0.170960 -0.155965 -0.156678 -0.230303 -0.146117 0.097953 -0.203296 -0.209462 -0.073894 0.329261 -0.003403 -0.157280 -0.103118 -0.029169 0.175637 0.008777 0.022273 -0.058959 0.091238 0.036593 0.037047 0.098134 0.161513 0.013191 0.177122 0.025111 0.182815 0.161205 0.001932 0.001880 -0.047909 0.008421 0.196463 0.124846 0.236207 0.070106 0.040440 -0.118870
-0.029168 -0.002395 0.560362 0.296929 0.006676 -0.190658 1.000000 0.370577 0.246121 0.062711 -0.184637 0.040287 0.050407 0.100132 0.142288 -0.000684 0.026395 -0.210376 0.296767 0.388761 0.055734 -0.105542 0.398502 0.394438 -0.097212 0.108161 0.033700 -0.055837 -0.021964 -0.170028 0.223150 0.221967 -0.105521 0.061213 0.192193 -0.048841 -0.215515 -0.211546 -0.253138 -0.282042 -0.275514 -0.183950 -0.243301 -0.348206 -0.386617 -0.444103 -0.323890 -0.336924 -0.113368 -0.338401 0.000822 -0.189223 0.082690 -0.080159 -0.026985 -0.390047 -0.250847 -0.164888 0.072454 -0.022838 0.041487 -0.135444 -0.011395 -0.044642 0.433912 -0.084648 0.045255 -0.041409 0.107335 -0.033395 -0.016867 0.047460 -0.149386 -0.100115 -0.120857 0.142417 0.025756 0.136107 -0.206400 -0.327978 -0.192011 -0.128713 0.164495 0.085158 0.071231 -0.032735 -0.058398 0.100064 0.353819 0.124429 0.090382 0.080549 0.128774 0.243785 -0.213250 -0.141017 -0.261202 -0.180736 -0.282683 -0.330023 0.114369 0.112165 -0.058918 -0.016103 0.024159 -0.004077 -0.070203 0.008620 -0.079282 -0.023955 -0.126921 -0.317394 -0.085646 -0.252506 0.094698 0.026172
-0.219490 0.097615 0.584930 0.594247 0.256924 0.273125 0.370577 1.000000 0.511400 0.687251 -0.080932 0.510447 0.011912 0.512619 0.018853 0.165158 -0.286859 -0.267241 -0.002470 0.270217 0.053399 0.025559 0.090028 0.163974 -0.131074 0.055620 0.195283 0.276532 -0.344355 -0.210565 -0.050853 0.066927 -0.011378 -0.197445 -0.233013 -0.016493 -0.311144 -0.187222 -0.003082 0.095564 -0.227872 -0.015444 -0.289147 -0.298852 -0.437039 -0.208666 -0.324260 -0.320916 0.022752 -0.338155 0.198079 0.025947 0.053432 -0.199106 0.149212 -0.326469 -0.378886 -0.430211 -0.095623 0.009686 0.005216 -0.012251 -0.279798 -0.384166 0.284616 0.468313 -0.108533 -0.035120 -0.032058 -0.099947 -0.087947 -0.015545 -0.289338 0.001620 -0.199847 -0.014163 -0.126017 0.120936 -0.515256 -0.550662 -0.376516 -0.443771 -0.190799 -0.176259 -0.128294 -0.075635 -0.221773 0.056448 0.114427 -0.047125 0.091868 0.059634 0.400904 0.167604 0.053104 0.116026 -0.029603 0.006123 -0.239594 -0.342166 0.224320 -0.068594 0.117042 0.057394 0.263326 0.106014 0.157017 0.067714 0.134542 0.114527 -0.166924 -0.137125 0.018244 0.017302 -0.002336 0.045745
-0.121076 -0.076350 0.402091 0.311984 0.527457 0.307428 0.246121 0.511400 1.000000 0.533156 0.039791 0.251541 0.316738 0.328514 0.381765 0.239047 -0.161685 -0.120381 -0.095493 0.013829 0.099605 0.117419 0.048820 0.111709 -0.119003 -0.073923 0.261215 0.185678 -0.037961 0.079893 -0.068782 0.127399 0.052246 -0.073384 -0.209689 -0.103398 -0.002770 -0.036392 0.011886 0.075885 0.089043 0.064640 -0.286932 -0.279812 -0.368162 -0.216085 -0.239977 -0.314762 -0.043705 -0.322994 -0.004275 -0.170835 0.036275 -0.042416 0.199175 -0.264383 -0.211056 -0.219169 -0.174355 -0.272749 0.136194 -0.011857 -0.088435 -0.130665 0.298843 0.203388 -0.183082 -0.119329 -0.216228 -0.165784 0.013487 0.140604 0.035814 0.043432 0.171037 0.123926 0.027435 0.002625 -0.303577 -0.337991 -0.208125 -0.246043 0.132027 -0.114859 -0.064314 -0.178230 0.085775 0.040866 0.160033 -0.219590 -0.078639 -0.048256 0.124738 0.070236 0.046433 0.033520 0.057519 0.032738 -0.163522 -0.107683 0.020122 0.002594 -0.023949 -0.006960 0.225156 0.114371 0.210644 -0.038629 0.060562 0.204548 -0.099684 -0.126668 0.069562 0.070619 -0.106862 0.055403
-0.317183 0.082858 0.333762 0.397463 0.618284 0.451297 0.062711 0.687251 0.533156 1.000000 -0.029976 0.495743 -0.026707 0.568484 -0.005960 0.489922 -0.338455 -0.170677 -0.103858 0.219014 0.289890 0.320631 -0.122963 0.050243 0.027006 0.009026 0.324392 0.280606 -0.246526 0.150046 -0.099713 0.080201 0.055482 -0.134144 -0.202525 0.054564 -0.087640 0.029208 0.055009 0.171439 0.091463 0.269241 -0.491218 -0.471852 -0.338980 -0.147009 -0.338788 -0.482473 -0.023252 -0.212141 -0.104441 0.029398 -0.078060 -0.136039 0.065706 -0.298711 -0.444755 -0.510539 -0.284596 -0.054427 -0.062075 -0.051906 -0.184296 -0.313745 0.076719 0.462279 -0.206277 -0.004688 -0.306843 -0.263477 0.095038 0.134601 -0.066203 0.272936 -0.023698 0.170720 -0.037964 0.223609 -0.395343 -0.423117 -0.208685 -0.310599 -0.155361 -0.054675 -0.145800 -0.057996 -0.234982 0.195182 0.034208 -0.038877 0.039473 0.141663 0.375033 0.177488 -0.040573 -0.104468 -0.140525 -0.130521 -0.189677 -0.183306 0.180925 0.034949 0.235316 0.122345 0.209397 0.120879 -0.014880 0.017841 -0.064916 0.056191 -0.224098 -0.121163 0.150141 0.028638 -0.117762 -0.179582
0.337822 0.550046 -0.416823 -0.524291 -0.052853 -0.187528 -0.184637 -0.080932 0.039791 -0.029976 1.000000 0.343282 0.768418 0.452148 0.409509 0.120999 0.452340 0.515256 -0.538328 -0.378637 -0.241355 -0.182666 -0.340298 -0.595970 -0.230992 -0.293724 -0.183732 -0.118166 0.546006 0.209064 -0.396504 -0.205570 0.270103 0.409947 0.050964 0.173127 0.259713 -0.010546 -0.232063 -0.103246 0.451911 0.059618 0.040585 0.026621 0.210868 -0.056443 0.036660 0.018989 -0.039417 0.076358 -0.213697 -0.100273 -0.136053 -0.338750 -0.092588 -0.002938 0.367976 0.285546 -0.018908 -0.231614 0.624878 0.615988 0.556063 0.564189 0.065978 0.374245 -0.159703 -0.343707 0.016689 -0.017828 -0.279921 -0.012959 0.436704 -0.083509 0.162631 -0.146760 -0.116842 -0.137509 0.221406 0.195225 0.493229 0.506878 0.363521 0.233215 0.313395 0.463853 0.182100 -0.008430 -0.004278 -0.019770 -0.390653 -0.525297 -0.528297 -0.531152 0.034294 -0.036843 -0.006351 0.007489 0.107756 -0.019137 -0.511331 -0.439686 -0.350503 -0.479449 -0.419568 -0.363003 -0.184601 -0.232460 0.200383 -0.153117 -0.274250 -0.207100 -0.389174 -0.008168 -0.214196 0.117631
-0.048654 0.490628 0.087460 0.238314 0.202084 0.110465 0.040287 0.510447 0.251541 0.495743 0.343282 1.000000 0.304730 0.784642 0.206930 0.454249 -0.027990 0.187078 -0.249913 -0.075609 0.028858 0.050684 -0.158088 -0.128158 -0.144636 -0.043059 0.137426 0.197202 0.094635 0.195698 -0.054408 0.158140 0.034730 0.088778 -0.210339 0.009583 0.086958 0.257769 -0.167357 0.156589 0.168971 0.295422 -0.246693 -0.252201 -0.231001 -0.134302 -0.095029 -0.274696 -0.206939 -0.199917 0.001762 -0.078490 -0.220889 -0.332648 -0.027533 -0.236780 -0.205189 -0.292359 -0.378385 -0.247252 0.011861 0.170862 -0.085902 -0.107409 0.077221 0.558755 -0.350212 -0.211259 -0.115673 -0.255485 -0.084924 0.035945 0.106661 0.177513 0.090185 0.080140 0.187436 0.246160 -0.247026 -0.108620 0.015394 -0.049173 0.202641 0.306478 0.018064 0.332397 -0.145312 0.254897 -0.041434 0.009304 -0.346252 -0.336843 0.091092 -0.160787 0.043758 0.093411 -0.214395 -0.103918 -0.346204 -0.373584 -0.040312 -0.271250 0.014027 -0.234402 -0.084036 -0.162777 -0.066128 -0.106469 0.238303 -0.088412 -0.473882 -0.273618 -0.252820 -0.079135 -0.160150 -0.108468
0.230542 0.389942 -0.175794 -0.415164 -0.025360 -0.204551 0.050407 0.011912 0.316738 -0.026707 0.768418 0.304730 1.000000 0.467689 0.581494 0.108983 0.269636 0.352184 -0.378498 -0.307702 -0.184854 -0.193205 -0.199201 -0.501310 -0.388898 -0.353774 -0.112475 -0.131895 0.478751 0.200289 -0.298927 -0.131674 0.208906 0.397355 -0.038324 0.015523 0.208163 0.026939 -0.226137 -0.072373 0.382948 0.028073 -0.101259 -0.110890 -0.001996 -0.184765 -0.058197 -0.066960 -0.112625 -0.109445 -0.216806 -0.187758 -0.121569 -0.258124 0.017175 -0.105809 0.167395 0.217764 -0.104847 -0.274813 0.586103 0.493773 0.408698 0.512566 0.224705 0.242584 -0.211896 -0.323839 -0.013199 0.018487 -0.191535 -0.028170 0.374996 -0.048145 0.355214 -0.073642 0.007127 -0.104721 0.054841 0.066972 0.197446 0.296145 0.430028 0.114451 0.194381 0.185986 0.270627 -0.147217 0.069189 -0.229223 -0.352548 -0.406275 -0.339914 -0.262769 0.060758 -0.070307 -0.010245 -0.016312 -0.007625 0.005986 -0.310560 -0.125136 -0.157799 -0.285423 -0.130488 -0.197245 0.054390 -0.084802 0.120902 -0.049114 -0.240624 -0.213501 -0.272549 -0.000346 -0.153533 0.173282
-0.088674 0.369294 0.138182 0.031375 0.376387 0.173737 0.100132 0.512619 0.328514 0.568484 0.452148 0.784642 0.467689 1.000000 0.288032 0.558842 -0.013808 0.238239 -0.256877 -0.066808 0.054496 0.030733 -0.242070 -0.265106 -0.110955 -0.025729 0.153821 0.210122 0.199800 0.317570 -0.074908 0.161139 0.151088 0.265697 -0.248412 0.169595 0.172177 0.136612 -0.111801 0.201139 0.328354 0.344334 -0.445080 -0.393632 -0.322867 -0.305742 -0.284860 -0.385932 -0.243489 -0.297493 -0.269953 -0.244071 -0.306503 -0.499368 0.107943 -0.211973 -0.237979 -0.371292 -0.284777 -0.275533 0.257280 0.311331 0.105017 0.064371 0.180373 0.651029 -0.403766 -0.342383 -0.150015 -0.276083 -0.137116 0.067380 0.258385 0.161919 0.185651 0.024963 0.036484 0.159344 -0.121679 -0.167243 0.111868 0.059200 0.144119 0.246104 -0.064881 0.194716 -0.151081 0.046207 -0.059243 -0.162051 -0.324495 -0.311085 0.017506 -0.133662 -0.032580 -0.016364 -0.117643 -0.150318 -0.200406 -0.221908 -0.122443 -0.220420 -0.043543 -0.201704 -0.050861 -0.044761 -0.021489 -0.021161 0.017308 -0.132851 -0.456227 -0.326994 -0.272297 -0.102844 -0.186219 -0.062351
0.248835 0.116389 0.011505 0.083523 0.152441 -0.027677 0.142288 0.018853 0.381765 -0.005960 0.409509 0.206930 0.581494 0.288032 1.000000 0.384361 0.162312 0.094670 0.018534 0.025037 0.126594 -0.068747 0.180069 0.117844 -0.174968 -0.001800 0.084388 0.028629 0.455065 0.266533 0.104103 0.311854 0.078956 0.191363 0.048977 -0.145456 0.253326 0.051795 0.049125 0.100510 0.331908 0.270096 -0.255300 -0.286924 -0.232146 -0.447560 -0.206966 -0.267561 -0.312638 -0.287814 -0.307842 -0.371183 -0.199217 -0.235069 -0.027921 -0.189741 -0.002417 -0.053737 -0.246004 -0.531524 0.373903 0.109903 0.181663 0.212887 0.250930 -0.077011 -0.369245 -0.394501 -0.104299 -0.185908 -0.012026 0.108173 0.330796 0.056406 0.334867 0.182141 0.079191 0.002830 -0.104490 -0.067921 0.069590 0.064943 0.670855 0.414360 0.272104 0.103118 0.370926 0.205254 0.092531 -0.160459 -0.310725 -0.228774 -0.196282 -0.065153 -0.029199 -0.056898 -0.036038 -0.117880 -0.178056 -0.075797 -0.282874 -0.067139 -0.318536 -0.284125 -0.139630 -0.119210 -0.071141 -0.094993 0.089444 0.081094 -0.271285 -0.292916 -0.184613 -0.056307 0.006689 0.096531
-0.023669 0.191636 -0.107085 0.233310 0.582745 0.517763 -0.000684 0.165158 0.239047 0.489922 0.120999 0.454249 0.108983 0.558842 0.384361 1.000000 -0.172817 0.154180 -0.026324 0.119694 0.347964 0.305981 -0.055449 0.090368 0.315820 0.336500 0.527712 0.376752 0.213424 0.719878 0.322896 0.575350 -0.016136 0.248821 -0.112244 0.106112 0.316350 0.386918 0.125591 0.272456 0.401677 0.701297 -0.413828 -0.442753 -0.242707 -0.285756 -0.145943 -0.433270 -0.411410 -0.151225 -0.504518 -0.234995 -0.297693 -0.200406 -0.067667 -0.077187 -0.264823 -0.386387 -0.533389 -0.524855 -0.046153 0.003928 0.004000 0.023694 0.084854 0.258790 -0.646244 -0.451583 -0.349847 -0.433205 0.158714 0.255284 0.416167 0.406506 0.340190 0.261401 0.152102 0.174590 -0.052104 -0.006577 0.180409 0.114954 0.375475 0.659273 -0.069420 0.013996 -0.032214 0.511763 -0.067003 -0.183229 -0.365727 -0.250890 -0.043362 -0.151174 -0.140241 -0.066608 -0.201828 -0.253401 -0.135971 -0.096035 -0.126906 -0.145511 -0.010875 -0.260209 -0.122177 -0.078011 -0.164019 -0.163347 0.024877 -0.184933 -0.380831 -0.233121 -0.095402 -0.068107 -0.046846 -0.147569
0.353140 0.215099 -0.327031 -0.385267 -0.265599 -0.387717 0.026395 -0.286859 -0.161685 -0.338455 0.452340 -0.027990 0.269636 -0.013808 0.162312 -0.172817 1.000000 0.593129 -0.178241 -0.283510 -0.407244 -0.375358 -0.129368 -0.268831 -0.266076 -0.263432 -0.354225 -0.338234 0.644013 0.058873 -0.260980 -0.189841 0.137247 0.327136 0.215572 -0.006969 0.220018 -0.099916 -0.431169 -0.221756 0.339392 -0.201096 0.255712 0.248423 0.099604 -0.122927 0.119269 0.232449 -0.137883 -0.137563 -0.135349 -0.242672 -0.113363 -0.312012 -0.228781 0.039409 0.575830 0.521667 0.063796 -0.143506 0.419345 0.473318 0.535986 0.603336 0.167092 0.034024 0.052477 -0.143630 0.283808 0.183029 -0.449973 -0.062504 0.443040 -0.294424 0.114198 -0.217479 -0.147254 -0.399415 0.593886 0.608899 0.607127 0.637140 0.313820 0.138266 0.431405 0.437461 0.138095 -0.045258 0.246651 0.211907 -0.323458 -0.466844 -0.479778 -0.474271 -0.015895 -0.050926 0.051859 0.011208 0.028091 -0.124999 -0.394023 -0.385757 -0.423814 -0.533893 -0.416955 -0.316432 -0.186150 -0.203410 0.187779 -0.310279 -0.135131 -0.332388 -0.483505 -0.162716 -0.066031 0.252089
0.331838 0.332730 -0.470652 -0.440459 -0.011001 -0.135822 -0.210376 -0.267241 -0.120381 -0.170677 0.515256 0.187078 0.352184 0.238239 0.094670 0.154180 0.593129 1.000000 -0.206486 -0.436805 -0.325742 -0.102856 -0.416878 -0.429113 -0.083388 -0.182549 -0.087301 -0.128831 0.605097 0.457271 -0.112189 -0.063733 0.142626 0.361384 -0.160943 -0.153894 0.237597 0.181337 -0.308081 -0.006765 0.397853 0.206602 0.227334 0.148515 0.083481 -0.092934 0.362219 0.247813 -0.215640 0.011948 -0.283600 -0.136793 -0.038451 -0.135347 0.039233 0.186003 0.409804 0.317838 -0.196253 -0.373521 0.324645 0.507020 0.422464 0.560581 0.083198 0.189560 -0.289250 -0.450816 0.013294 0.036219 -0.185376 0.122206 0.551596 0.144079 0.313847 -0.067581 -0.054726 -0.270600 0.597070 0.567189 0.570908 0.639999 0.320126 0.264235 0.309477 0.240375 0.070434 0.003698 0.153052 0.049162 -0.388355 -0.475893 -0.481482 -0.574181 -0.036135 -0.037430 -0.094830 -0.079043 0.279543 0.142986 -0.400661 -0.481096 -0.336903 -0.565207 -0.517719 -0.333627 -0.224148 -0.195945 0.186108 -0.359862 -0.292342 -0.088053 -0.517179 0.012056 -0.115058 0.078680
0.122810 -0.222641 0.309777 0.450857 -0.057866 -0.105089 0.296767 -0.002470 -0.095493 -0.103858 -0.538328 -0.249913 -0.378498 -0.256877 0.018534 -0.026324 -0.178241 -0.206486 1.000000 0.628192 0.023926 -0.076771 0.228884 0.541697 -0.136134 0.042049 -0.050428 -0.140068 -0.068814 -0.181591 0.389499 0.236949 -0.394429 -0.209162 -0.212900 -0.362691 -0.281756 -0.159977 0.066186 -0.032319 -0.340801 -0.010649 -0.052618 -0.129547 -0.320510 -0.273423 -0.006282 -0.038748 -0.128023 -0.197297 -0.054604 -0.137997 -0.020056 0.089538 0.013622 -0.147201 -0.271324 -0.200392 -0.065091 -0.036955 -0.476334 -0.389510 -0.461920 -0.339835 -0.058465 -0.379607 -0.107321 0.001313 0.205871 0.119477 0.043298 -0.127985 -0.287647 -0.065832 -0.130432 0.047045 -0.010940 0.024610 -0.120435 -0.140341 -0.294108 -0.319525 0.063590 0.031403 0.040079 -0.298350 0.119817 0.153612 0.227845 0.108909 0.466188 0.523539 0.374186 0.464879 -0.122009 0.013879 -0.093001 -0.207977 -0.002535 0.038296 0.164147 0.307114 0.031871 0.215112 0.118572 0.231875 0.116342 0.074288 -0.197122 0.201851 -0.016112 0.185217 0.253846 0.002259 0.111603 -0.090236
-0.159672 -0.001103 0.397718 0.508413 0.067031 0.068404 0.388761 0.270217 0.013829 0.219014 -0.378637 -0.075609 -0.307702 -0.066808 0.025037 0.119694 -0.283510 -0.436805 0.628192 1.000000 0.131665 0.052004 0.268221 0.515043 0.016338 0.136274 0.073000 -0.005067 -0.153184 -0.096110 0.320539 0.185164 -0.141082 -0.095679 -0.015304 -0.066942 -0.244836 -0.269453 0.034786 -0.100647 -0.276158 0.021820 -0.351657 -0.413577 -0.333237 -0.301501 -0.294503 -0.436874 -0.061130 -0.273540 -0.086814 -0.164807 -0.032819 -0.137815 -0.114699 -0.435988 -0.482642 -0.433361 -0.113940 0.060840 -0.348190 -0.417119 -0.328076 -0.436157 -0.049923 -0.164436 -0.052528 0.047331 0.055467 -0.155073 0.086650 0.013113 -0.213744 0.025656 -0.244542 0.137278 -0.099766 0.158109 -0.319990 -0.418158 -0.256835 -0.294398 0.009531 0.134900 -0.001804 -0.186774 -0.007093 0.285064 0.246926 0.056425 0.503644 0.518409 0.421368 0.496014 -0.144154 -0.077101 -0.205612 -0.238454 -0.154418 -0.279370 0.232467 0.216097 0.029417 0.273973 0.243963 0.362001 -0.007107 0.090781 -0.115004 0.166427 0.072000 0.140013 0.402524 0.036006 0.163659 -0.241181
-0.279977 -0.238925 0.093080 0.239497 0.422358 0.358583 0.055734 0.053399 0.099605 0.289890 -0.241355 0.028858 -0.184854 0.054496 0.126594 0.347964 -0.407244 -0.325742 0.023926 0.131665 1.000000 0.694503 0.032711 0.259454 0.241179 0.310335 0.448301 0.281158 -0.075280 0.286503 0.153270 0.292488 -0.209459 -0.273870 0.035302 -0.060856 0.220149 0.308526 0.446205 0.254443 0.204603 0.546933 -0.461000 -0.454422 -0.129374 -0.204480 -0.258235 -0.373899 -0.156439 -0.064641 -0.400537 -0.005271 -0.099963 -0.027756 -0.031711 -0.140658 -0.448368 -0.474829 -0.124724 -0.122827 -0.142280 -0.351727 0.004164 -0.211012 -0.224300 -0.220054 -0.115090 -0.026046 -0.462263 -0.469426 0.651208 0.417996 0.142140 0.519924 0.184133 0.661772 0.271324 0.493624 -0.243568 -0.353817 -0.205900 -0.259639 0.049959 0.321348 -0.335367 -0.226865 -0.297056 0.404474 -0.245977 -0.105761 0.052866 0.241664 0.273209 0.324794 0.134215 -0.076345 -0.258472 -0.084198 -0.209162 -0.074188 0.300407 0.318841 0.239312 0.262250 0.221394 0.169347 -0.187899 0.034764 -0.045802 0.158919 -0.150100 -0.113338 0.185093 -0.216341 0.104096 -0.162735
-0.269247 -0.174352 0.065293 0.185674 0.442453 0.487555 -0.105542 0.025559 0.117419 0.320631 -0.182666 0.050684 -0.193205 0.030733 -0.068747 0.305981 -0.375358 -0.102856 -0.076771 0.052004 0.694503 1.000000 -0.029420 0.152045 0.362858 0.279739 0.553235 0.427272 -0.204772 0.208963 0.059438 0.146584 -0.198489 -0.349857 -0.038125 -0.123221 0.108210 0.210551 0.438591 0.241555 0.026346 0.333600 -0.217664 -0.244997 -0.002848 -0.024176 0.017707 -0.221364 -0.027010 0.048802 -0.244331 0.139233 0.061733 0.085581 0.079408 0.008524 -0.354058 -0.470324 -0.123937 -0.136813 -0.168516 -0.225724 -0.024491 -0.230532 -0.315254 -0.148694 -0.071034 -0.085087 -0.596296 -0.556141 0.546671 0.441684 -0.000151 0.467680 0.042883 0.509373 0.199423 0.406710 -0.191961 -0.347311 -0.250488 -0.317101 -0.107630 0.210101 -0.381273 -0.301325 -0.332870 0.303810 -0.208874 -0.114574 0.148729 0.275332 0.276117 0.270534 0.218341 -0.052550 -0.155637 0.081009 -0.073757 0.035881 0.291542 0.187429 0.203487 0.246925 0.238123 0.243889 -0.154988 0.063969 0.064981 0.065822 0.015356 0.090791 0.281891 -0.054899 0.234453 -0.085958
0.004398 -0.354614 0.452337 0.472169 -0.135184 0.165164 0.398502 0.090028 0.048820 -0.122963 -0.340298 -0.158088 -0.199201 -0.242070 0.180069 -0.055449 -0.129368 -0.416878 0.228884 0.268221 0.032711 -0.029420 1.000000 0.675245 0.382684 0.529499 0.292885 0.370582 -0.356733 -0.203752 0.396240 0.398495 -0.098313 -0.133965 0.382783 0.213538 -0.254784 -0.092944 0.066166 -0.067738 -0.441206 -0.196775 0.072760 0.076526 -0.133942 -0.003365 -0.058992 -0.021382 0.015162 -0.111452 0.309271 -0.019609 0.011569 0.147524 -0.127251 -0.038756 -0.086739 -0.136531 -0.044968 -0.106336 -0.272824 -0.512915 -0.404439 -0.400640 0.371850 -0.347822 0.074816 0.149464 0.133113 -0.005640 -0.054119 -0.007145 -0.306333 -0.075892 -0.080882 -0.005551 0.081771 0.084254 -0.281692 -0.156865 -0.408782 -0.368826 -0.002349 -0.025080 0.020963 -0.154777 0.097591 0.092231 0.156554 -0.001687 0.054070 0.092648 0.217535 0.252706 -0.149883 -0.164535 -0.020076 -0.079421 -0.285656 -0.204489 0.148112 0.176009 0.049527 0.066813 0.012660 -0.009440 0.057824 0.065588 -0.108742 0.022997 0.285551 -0.054266 0.117717 -0.177632 0.162482 0.050475
-0.209820 -0.458863 0.522656 0.746249 0.038898 0.209048 0.394438 0.163974 0.111709 0.050243 -0.595970 -0.128158 -0.501310 -0.265106 0.117844 0.090368 -0.268831 -0.429113 0.541697 0.515043 0.259454 0.152045 0.675245 1.000000 0.326876 0.537714 0.223444 0.229316 -0.334517 -0.164002 0.518100 0.552620 -0.250557 -0.331881 0.184367 -0.006213 -0.208824 -0.017114 0.238731 0.074522 -0.340549 0.067922 -0.190402 -0.224020 -0.367986 -0.249986 -0.183898 -0.230405 -0.126620 -0.302340 0.103895 -0.187661 -0.107387 0.058401 -0.099368 -0.149062 -0.425384 -0.478291 -0.175025 -0.123482 -0.393744 -0.605919 -0.469212 -0.543679 0.266694 -0.359828 -0.000659 0.117463 -0.051810 -0.176225 0.201095 0.114351 -0.316649 0.133761 -0.108638 0.305941 0.195827 0.327667 -0.320518 -0.299744 -0.436081 -0.447791 0.024905 0.065260 -0.036781 -0.309093 0.023170 0.316789 0.249726 0.093761 0.173232 0.375021 0.439982 0.501658 -0.093903 -0.036914 -0.147198 -0.214674 -0.369018 -0.280508 0.233171 0.239209 -0.029338 0.194268 0.107777 0.188648 0.038243 -0.006912 -0.109424 0.230222 0.110653 0.075237 0.252805 -0.180985 0.081862 -0.153726
-0.130089 -0.283610 -0.051572 0.114866 0.303227 0.613822 -0.097212 -0.131074 -0.119003 0.027006 -0.230992 -0.144636 -0.388898 -0.110955 -0.174968 0.315820 -0.266076 -0.083388 -0.136134 0.016338 0.241179 0.362858 0.382684 0.326876 1.000000 0.750656 0.613567 0.612879 -0.279709 0.314799 0.482975 0.438945 -0.111860 -0.087998 0.191043 0.345592 -0.080259 0.189972 0.269265 0.213629 -0.118399 0.303580 0.010769 0.041075 0.151993 0.124149 0.162996 -0.025248 -0.080213 0.145548 -0.055670 0.007832 -0.095581 0.156571 -0.067892 0.249022 -0.112674 -0.255597 -0.108255 -0.163541 -0.257252 -0.307794 -0.164773 -0.186243 0.039535 -0.208067 -0.141271 -0.112096 -0.225617 -0.246189 0.154354 0.185777 0.023484 0.235595 0.063307 0.074276 0.093464 0.175736 -0.020346 0.091149 -0.077224 -0.048431 -0.170760 0.177470 -0.246641 -0.191072 -0.091457 0.172638 -0.108056 -0.077477 -0.083057 -0.028577 0.009828 -0.016773 -0.171955 -0.129282 0.030004 -0.129493 0.095469 0.122385 0.143696 0.008357 0.120997 0.054466 -0.008056 0.088475 -0.008954 -0.007431 -0.201236 -0.134746 0.311227 0.195942 0.184941 -0.064710 0.073742 -0.191174
-0.130055 -0.241008 0.076775 0.374071 0.164904 0.597985 0.108161 0.055620 -0.073923 0.009026 -0.293724 -0.043059 -0.353774 -0.025729 -0.001800 0.336500 -0.263432 -0.182549 0.042049 0.136274 0.310335 0.279739 0.529499 0.537714 0.750656 1.000000 0.591659 0.720714 -0.233050 0.194512 0.607858 0.705394 -0.033477 0.055052 0.216834 0.356679 -0.076891 0.133373 0.308519 0.248441 -0.143975 0.268317 -0.098301 -0.052972 -0.000464 0.047926 0.004394 -0.129279 -0.260969 -0.034803 -0.072882 -0.158440 -0.279947 -0.082594 -0.143505 0.205112 -0.221263 -0.340514 -0.283574 -0.319416 -0.255651 -0.378387 -0.183557 -0.237618 0.224337 -0.166355 -0.229668 -0.147020 -0.099408 -0.259144 0.156336 0.298038 -0.043876 0.227292 0.053460 0.150658 0.047975 0.203632 -0.114703 -0.066805 -0.150308 -0.145984 -0.026826 0.276367 -0.161941 -0.115127 -0.107460 0.271575 -0.025951 -0.085813 -0.274154 -0.162717 -0.017896 -0.033475 -0.066798 -0.033492 0.008143 -0.060855 -0.186011 -0.080469 0.060262 -0.073707 -0.013724 -0.082322 0.003508 0.090716 -0.068090 0.049344 -0.034106 -0.071421 0.251879 0.023022 0.078451 -0.151172 0.157318 -0.021573
-0.031888 -0.134101 0.082239 0.325772 0.623562 0.764505 0.033700 0.195283 0.261215 0.324392 -0.183732 0.137426 -0.112475 0.153821 0.084388 0.527712 -0.354225 -0.087301 -0.050428 0.073000 0.448301 0.553235 0.292885 0.223444 0.613567 0.591659 1.000000 0.784898 -0.190994 0.406315 0.381023 0.461308 -0.188813 -0.135535 -0.097557 -0.032522 -0.020164 0.285334 0.378655 0.354175 -0.011101 0.432106 -0.185248 -0.195321 -0.106152 -0.061809 0.095765 -0.173254 -0.223172 0.003670 -0.244981 -0.018020 0.067150 0.173771 0.052907 0.171040 -0.226597 -0.379651 -0.273788 -0.355642 -0.242163 -0.297287 -0.144983 -0.204592 -0.005323 -0.158001 -0.366921 -0.297447 -0.338466 -0.376552 0.270491 0.259312 0.070538 0.349601 0.226025 0.235267 0.083099 0.139159 -0.159747 -0.090979 -0.217671 -0.221102 0.060531 0.331681 -0.256068 -0.254817 -0.030152 0.369985 -0.066222 -0.159336 -0.150461 -0.053952 0.055262 -0.019578 -0.066774 -0.166498 0.003771 -0.008687 -0.004652 0.126641 0.179356 0.080133 0.195105 -0.017799 0.116941 0.069223 0.042243 0.012538 -0.025594 -0.088895 0.014163 -0.041003 0.115401 -0.050709 0.122324 -0.058124
-0.035799 -0.084550 0.177232 0.327301 0.369170 0.771865 -0.055837 0.276532 0.185678 0.280606 -0.118166 0.197202 -0.131895 0.210122 0.028629 0.376752 -0.338234 -0.128831 -0.140068 -0.005067 0.281158 0.427272 0.370582 0.229316 0.612879 0.720714 0.784898 1.000000 -0.376946 0.143172 0.297019 0.392511 0.071897 -0.039706 0.000388 0.183550 -0.129280 0.153064 0.333596 0.453841 -0.179663 0.254983 -0.121193 -0.017922 -0.112802 0.015042 0.077405 -0.081596 -0.270995 -0.072006 0.003367 -0.078622 -0.114240 -0.000571 0.041764 0.255789 -0.122188 -0.305282 -0.221821 -0.323890 -0.195755 -0.304380 -0.217753 -0.298110 0.056776 -0.058652 -0.254679 -0.149024 -0.130247 -0.201883 0.124567 0.264672 -0.131360 0.268657 0.049630 0.147038 -0.007236 0.116270 -0.243003 -0.179161 -0.267432 -0.305395 -0.155047 0.115707 -0.217062 -0.097050 -0.133566 0.213273 -0.151409 -0.168168 -0.262085 -0.179072 0.078536 -0.055559 -0.033361 -0.128145 0.157601 0.077880 -0.047540 0.052250 0.151855 -0.044771 0.179006 0.011912 0.107018 0.024337 0.042300 0.031883 -0.062762 -0.029508 0.264193 0.030694 0.112074 -0.061307 0.089092 -0.049212
0.287795 0.299555 -0.479081 -0.400460 0.007586 -0.288190 -0.021964 -0.344355 -0.037961 -0.246526 0.546006 0.094635 0.478751 0.199800 0.455065 0.213424 0.644013 0.605097 -0.068814 -0.153184 -0.075280 -0.204772 -0.356733 -0.334517 -0.279709 -0.233050 -0.190994 -0.376946 1.000000 0.504943 -0.068924 0.058168 0.055254 0.481680 0.029953 -0.076599 0.458931 0.089752 -0.248482 -0.127444 0.680245 0.258263 0.016767 -0.086117 0.114989 -0.253267 0.060672 -0.023140 -0.256758 -0.093222 -0.499019 -0.403297 -0.154658 -0.330294 -0.147780 -0.117581 0.271912 0.298028 -0.187012 -0.411108 0.419505 0.419473 0.608137 0.651730 -0.004039 0.032692 -0.227544 -0.420763 0.016201 -0.129106 -0.144228 0.109757 0.783831 -0.098700 0.308234 -0.066134 -0.126332 -0.269373 0.561555 0.486449 0.728387 0.708420 0.672461 0.525346 0.335484 0.319118 0.208938 0.179164 0.131729 -0.020732 -0.323569 -0.443090 -0.540230 -0.451515 0.025063 0.058699 -0.168408 -0.171545 0.006837 -0.106132 -0.425963 -0.278024 -0.379034 -0.530099 -0.415434 -0.291126 -0.250041 -0.205812 0.222507 -0.260650 -0.443757 -0.301422 -0.461993 -0.099652 -0.120953 0.126652
0.031754 0.175110 -0.429416 -0.151970 0.465692 0.313475 -0.170028 -0.210565 0.079893 0.150046 0.209064 0.195698 0.200289 0.317570 0.266533 0.719878 0.058873 0.457271 -0.181591 -0.096110 0.286503 0.208963 -0.203752 -0.164002 0.314799 0.194512 0.406315 0.143172 0.504943 1.000000 0.293123 0.411394 0.100215 0.447670 -0.059747 0.027507 0.521907 0.494019 0.062110 0.236065 0.628561 0.751369 -0.206727 -0.243024 -0.010161 -0.116096 0.105162 -0.177630 -0.347266 0.048981 -0.595087 -0.199718 -0.200738 -0.081462 -0.076277 0.065899 -0.028689 -0.110143 -0.562174 -0.534394 -0.004463 0.069004 0.234650 0.284174 -0.058573 0.030273 -0.600057 -0.500544 -0.368551 -0.398135 0.247180 0.318090 0.772111 0.509143 0.553795 0.223507 0.167065 0.035794 0.343047 0.320060 0.460660 0.487776 0.457651 0.667221 -0.045554 -0.015884 0.055053 0.383555 -0.115626 -0.250720 -0.403508 -0.366168 -0.304398 -0.366752 -0.106735 -0.140263 -0.190375 -0.188483 -0.001178 0.067294 -0.205229 -0.212833 -0.103532 -0.390317 -0.325033 -0.204071 -0.221269 -0.174130 0.061139 -0.237322 -0.325279 -0.157183 -0.248517 -0.057708 -0.093607 -0.131769
-0.038507 -0.216780 0.031672 0.372267 0.117222 0.255148 0.223150 -0.050853 -0.068782 -0.099713 -0.396504 -0.054408 -0.298927 -0.074908 0.104103 0.322896 -0.260980 -0.112189 0.389499 0.320539 0.153270 0.059438 0.396240 0.518100 0.482975 0.607858 0.381023 0.297019 -0.068924 0.293123 1.000000 0.804987 -0.291237 0.031998 -0.000571 0.011397 0.066313 0.353626 0.236037 0.214671 -0.124078 0.378758 -0.185057 -0.185015 -0.198579 -0.120388 0.015987 -0.167558 -0.357173 -0.080318 -0.172788 -0.197647 -0.223746 0.087403 -0.064295 0.132705 -0.247831 -0.301881 -0.317512 -0.286539 -0.467052 -0.492678 -0.409431 -0.302077 0.129290 -0.368724 -0.355040 -0.211468 -0.169716 -0.257617 0.158235 0.070833 -0.027402 0.311105 0.213158 0.232002 0.299913 0.308804 -0.102719 0.034888 -0.185009 -0.157632 0.143512 0.322859 -0.175555 -0.327543 0.104303 0.180686 0.023863 -0.097269 -0.071584 0.066951 0.139155 0.139898 -0.227552 -0.066483 -0.070347 -0.198703 -0.157699 0.102680 0.179113 0.151646 0.095968 -0.004097 -0.022867 0.099004 0.027185 0.031826 -0.096359 0.039063 0.042467 0.046476 0.152693 -0.193509 0.087126 -0.114611
-0.049349 -0.139591 0.009252 0.462635 0.204264 0.389375 0.221967 0.066927 0.127399 0.080201 -0.205570 0.158140 -0.131674 0.161139 0.311854 0.575350 -0.189841 -0.063733 0.236949 0.185164 0.292488 0.146584 0.398495 0.552620 0.438945 0.705394 0.461308 0.392511 0.058168 0.411394 0.804987 1.000000 -0.190310 0.154233 0.040507 0.138808 0.226297 0.389507 0.218458 0.258613 0.115849 0.509330 -0.247611 -0.259378 -0.237913 -0.186439 -0.063034 -0.243937 -0.452713 -0.169106 -0.286331 -0.309797 -0.355025 -0.097488 -0.168447 0.080720 -0.277737 -0.355689 -0.484401 -0.492924 -0.285651 -0.362949 -0.254735 -0.192821 0.260173 -0.132332 -0.484246 -0.294155 -0.194509 -0.367306 0.143369 0.272765 0.135069 0.360390 0.313688 0.316340 0.353639 0.355616 -0.100756 -0.000394 -0.069152 -0.090797 0.335949 0.490393 -0.122552 -0.211061 0.094473 0.391426 0.051352 -0.139937 -0.344290 -0.178758 0.011875 -0.028968 -0.172429 -0.045558 -0.130690 -0.233449 -0.339818 -0.132330 0.007076 -0.055599 -0.093140 -0.240344 -0.106879 -0.003335 -0.100206 -0.091961 -0.013166 0.034863 -0.106709 -0.123556 -0.022255 -0.287494 0.030309 -0.032114
0.003879 0.291271 -0.055779 -0.195838 -0.107926 -0.039136 -0.105521 -0.011378 0.052246 0.055482 0.270103 0.034730 0.208906 0.151088 0.078956 -0.016136 0.137247 0.142626 -0.394429 -0.141082 -0.209459 -0.198489 -0.098313 -0.250557 -0.111860 -0.033477 -0.188813 0.071897 0.055254 0.100215 -0.291237 -0.190310 1.000000 0.624493 0.208419 0.194445 0.068716 -0.218648 -0.234423 0.005747 0.162997 -0.067156 -0.043721 0.105206 0.006905 0.124688 -0.133350 -0.008408 -0.027244 0.004807 0.076735 -0.013319 -0.012366 -0.141108 -0.047250 0.055862 0.226068 0.245309 -0.059359 0.039484 0.270127 0.204959 0.294156 0.172084 0.091565 0.258043 0.102986 0.135014 0.228504 0.222968 -0.061569 0.331830 0.146100 0.089134 0.024849 -0.040732 -0.338923 -0.249376 0.178553 0.002375 0.192273 0.211198 -0.005408 -0.082276 0.168413 0.315388 0.009588 -0.146695 -0.076824 0.042714 -0.381435 -0.384641 -0.391275 -0.365140 -0.166702 -0.315615 0.182254 0.022803 -0.020555 0.017241 -0.375684 -0.371392 -0.236216 -0.294351 -0.256316 -0.295783 -0.196283 -0.041102 -0.090716 -0.206266 0.164017 -0.181752 -0.381319 -0.026882 -0.067583 -0.006887
0.236324 0.468587 -0.327831 -0.350968 -0.114313 -0.165140 0.061213 -0.197445 -0.073384 -0.134144 0.409947 0.088778 0.397355 0.265697 0.191363 0.248821 0.327136 0.361384 -0.209162 -0.095679 -0.273870 -0.349857 -0.133965 -0.331881 -0.087998 0.055052 -0.135535 -0.039706 0.481680 0.447670 0.031998 0.154233 0.624493 1.000000 0.211586 0.252029 0.266414 -0.010168 -0.426214 -0.077441 0.353843 0.145326 -0.019840 0.030845 0.067027 0.009169 -0.051383 -0.049229 -0.220017 0.043200 -0.223781 -0.160667 -0.188511 -0.223972 -0.295073 -0.002552 0.296632 0.367116 -0.316666 -0.251902 0.214642 0.253696 0.394351 0.468734 0.145772 0.192956 -0.239709 -0.193119 0.211389 0.118029 -0.210759 0.163904 0.480218 0.029586 0.222064 -0.143671 -0.225353 -0.311959 0.452517 0.325011 0.530902 0.588816 0.358792 0.376798 0.192350 0.359802 0.085265 0.041304 -0.025734 -0.059677 -0.543749 -0.617658 -0.615191 -0.557304 -0.189717 -0.224873 0.004675 -0.126220 -0.070137 -0.062046 -0.494110 -0.406395 -0.323691 -0.543436 -0.379542 -0.331085 -0.160748 -0.148072 0.022311 -0.343804 -0.076558 -0.323390 -0.504216 -0.092398 -0.084140 0.088642
0.030245 -0.009684 -0.077177 -0.119677 -0.292316 -0.186982 0.192193 -0.233013 -0.209689 -0.202525 0.050964 -0.210339 -0.038324 -0.248412 0.048977 -0.112244 0.215572 -0.160943 -0.212900 -0.015304 0.035302 -0.038125 0.382783 0.184367 0.191043 0.216834 -0.097557 0.000388 0.029953 -0.059747 -0.000571 0.040507 0.208419 0.211586 1.000000 0.443608 -0.009940 -0.077006 -0.274343 -0.420962 -0.046917 -0.159409 0.034224 0.012528 0.231350 0.070891 -0.046173 -0.034631 0.011278 0.115344 0.110652 0.062807 -0.105785 0.030913 -0.290508 -0.046566 0.097929 0.188092 0.038207 0.123178 0.033175 -0.146747 0.203867 0.042947 0.237870 -0.168563 0.355279 0.295608 0.157352 0.098503 0.095521 0.116919 0.041081 -0.049735 -0.161225 0.020573 -0.025210 0.124082 -0.021260 0.068886 0.068224 0.115913 0.128496 0.088179 0.204129 0.195220 0.001218 0.108220 0.113662 0.192164 -0.150255 -0.105582 -0.136319 -0.054153 -0.195038 -0.200601 -0.113819 -0.088281 -0.231195 -0.215497 -0.125671 -0.024024 -0.148150 -0.047966 -0.196163 -0.280980 -0.205102 0.034015 -0.030929 -0.194676 0.158871 -0.261319 -0.167012 -0.186889 -0.015622 0.061065
-0.257755 0.003637 -0.051941 -0.116656 -0.100165 0.147342 -0.048841 -0.016493 -0.103398 0.054564 0.173127 0.009583 0.015523 0.169595 -0.145456 0.106112 -0.006969 -0.153894 -0.362691 -0.066942 -0.060856 -0.123221 0.213538 -0.006213 0.345592 0.356679 -0.032522 0.183550 -0.076599 0.027507 0.011397 0.138808 0.194445 0.252029 0.443608 1.000000 0.073931 -0.033082 -0.033985 -0.081124 0.097188 -0.091634 -0.051212 0.068354 0.299026 0.307699 -0.139535 -0.071317 0.096944 0.111229 0.073232 -0.064056 -0.409347 -0.314771 -0.130863 0.076979 -0.088179 -0.077418 -0.083204 0.039503 0.087287 -0.015359 0.067551 -0.042277 0.260044 0.409896 0.043615 0.094812 -0.011671 -0.015493 -0.126951 0.028063 0.071728 -0.062025 -0.113302 -0.140097 -0.032864 0.159595 -0.008356 0.038474 0.130058 0.133826 -0.196469 -0.043523 -0.148482 0.138567 -0.226581 -0.023320 -0.079974 -0.036452 -0.233047 -0.288923 -0.080679 -0.138998 -0.036057 -0.015214 0.054482 -0.062894 -0.171208 -0.234454 -0.052485 -0.139723 0.020268 -0.049286 -0.114978 -0.030961 -0.010878 0.037739 -0.153825 -0.114296 0.203670 -0.038773 -0.020545 -0.142085 -0.212248 -0.016794
