1.000000 0.524018 0.268037 0.217335 0.175566 0.154659 -0.216328 -0.164418 0.066412 -0.066725 0.542551 0.110785 -0.085167 0.017423 0.094022 -0.092804 0.467036 0.205652 0.180811 0.107832 0.251694 0.210051 0.111288 -0.030688 0.097791 0.107443 0.198471 0.244442 0.016902 0.079902 -0.072787 -0.251590 0.225755 -0.089954 -0.266601 -0.426406 -0.343488 -0.248601 0.026944 -0.158696 0.095185 -0.114715 -0.172332 0.051013 -0.325622 -0.123716 0.030901 -0.018317 0.183197 0.070135 -0.160737 -0.032351 0.085187 -0.006117 -0.044626 -0.134758 0.483140 0.272878 0.478190 0.306100 0.475858 0.282711 0.273340 0.380643 -0.152643 -0.082765 0.097196 -0.229316 0.299193 0.160344 -0.149444 -0.354222 0.194857 -0.250480 -0.057882 -0.302295 -0.493080 -0.430664 0.014412 -0.112888 0.155396 0.168677 0.082589 0.072121 0.435742 0.435772 0.005424 -0.011142 0.412239 0.184983 0.029465 -0.171968 -0.280309 -0.262281 -0.180720 -0.275348 -0.053860 -0.123186 0.080522 -0.103825 -0.139834 -0.041280 -0.205045 -0.167980 -0.165855 -0.125860 -0.259710 -0.217589 -0.083341 -0.195883 -0.147327 -0.137389 -0.153987 -0.247077 -0.332142 -0.204336
0.524018 1.000000 0.033239 0.366423 0.156623 0.047492 -0.477577 -0.101740 0.100063 -0.054533 0.519443 0.346078 -0.118852 0.171367 0.114172 0.066487 0.439325 0.185759 0.080218 0.053786 0.162532 0.174497 0.012349 -0.090580 0.185619 0.082647 0.027237 0.203556 -0.025612 0.096211 -0.145364 -0.368265 0.383871 0.079596 -0.031970 -0.364521 -0.400585 -0.162207 -0.194942 -0.475869 0.098334 -0.271869 0.121631 0.335707 -0.108396 0.166098 0.232993 0.177975 0.164112 0.142889 -0.036085 -0.046276 0.161736 -0.052050 -0.153211 -0.120698 0.301555 0.606294 0.343260 0.431261 0.252683 0.447847 0.263312 0.349933 -0.257961 -0.080418 0.264483 -0.028586 0.354876 0.255969 -0.207374 -0.249302 0.090133 -0.049284 0.069800 -0.249801 -0.538344 -0.447643 0.085657 0.062377 0.191800 0.189014 0.024881 -0.063664 0.518137 0.527404 0.131270 -0.118775 0.375997 0.140613 -0.140746 -0.369565 -0.394593 -0.489651 -0.304078 -0.352275 0.153594 -0.155569 0.164604 -0.183119 -0.201259 -0.228365 -0.272408 -0.444038 -0.359235 -0.362448 -0.340279 -0.326781 -0.064582 -0.305630 -0.009959 0.071135 -0.156187 -0.254813 -0.280224 -0.176773
0.268037 0.033239 1.000000 0.455419 0.301144 0.142791 0.602905 0.548676 0.410089 0.230375 0.184782 0.238456 0.298815 0.312536 0.191491 0.060684 -0.219449 -0.283420 0.129733 -0.009797 0.151240 0.106203 0.644842 0.488465 0.251885 0.152157 0.303508 0.225688 -0.239400 -0.272334 0.256281 0.306180 -0.240621 -0.168230 -0.129425 0.203698 -0.133708 -0.017769 -0.123546 -0.026925 -0.003290 0.080432 -0.274313 -0.312240 -0.145405 -0.233007 -0.330187 -0.171557 -0.168510 -0.278173 0.079937 -0.087785 -0.238754 -0.308250 0.059296 -0.299092 -0.289924 -0.343051 -0.032686 -0.134645 0.100593 0.010681 -0.116958 -0.210963 0.432805 0.269153 -0.192937 -0.198960 -0.373344 -0.279967 0.122140 0.032552 -0.126137 0.112131 0.073392 0.088992 -0.012451 0.058624 -0.487316 -0.577322 -0.496604 -0.528341 0.057445 -0.001485 0.048015 -0.048878 0.163956 0.176969 0.423757 0.239258 -0.077159 -0.004534 0.192160 0.229404 -0.171797 0.039866 0.038409 -0.041625 -0.230516 -0.149209 0.159708 0.122590 0.223184 0.087458 0.102859 -0.133596 0.104266 0.007260 -0.089122 0.123674 -0.047573 -0.211278 -0.072153 0.023976 -0.324938 -0.155134
0.217335 0.366423 0.455419 1.000000 0.403893 0.193173 0.164096 0.633408 0.374317 0.208173 0.481249 0.348322 0.238077 0.518835 0.276314 0.231313 -0.134498 -0.282330 0.250035 0.198612 0.082499 0.030095 0.608367 0.646316 0.346356 0.236341 0.191137 0.274720 -0.336052 -0.156853 0.164336 0.227572 -0.065807 0.001696 -0.025839 0.064901 -0.399938 -0.255092 -0.153188 -0.362890 0.079079 -0.070859 -0.328859 -0.147203 -0.226807 -0.101681 -0.297003 -0.278595 -0.027828 -0.215735 0.317565 -0.056110 -0.168652 -0.371159 -0.171104 -0.392375 -0.350017 -0.143711 0.075808 0.243114 -0.085646 0.116965 -0.104100 -0.145136 0.197798 0.348443 0.074717 0.088825 -0.128409 0.074692 -0.110436 -0.196551 -0.222396 0.078269 0.217416 -0.192408 -0.383172 -0.290597 -0.394627 -0.410284 -0.356020 -0.357844 0.024218 0.089892 0.468517 0.378189 0.219668 0.162845 0.562642 0.306900 -0.065049 -0.253817 0.045271 -0.063156 -0.078011 -0.140517 0.072553 -0.082515 -0.074720 -0.374925 0.113060 0.023915 0.035143 -0.186304 -0.193007 -0.258694 -0.136105 -0.300287 -0.143314 -0.081485 0.013685 -0.263718 -0.264554 -0.025623 -0.328012 -0.004037
0.175566 0.156623 0.301144 0.403893 1.000000 0.587102 0.035625 0.213689 0.645813 0.381543 0.081901 -0.073792 0.041292 0.259679 0.323791 0.241947 -0.061442 -0.301352 0.020613 0.017932 0.396683 0.334024 0.548452 0.400953 0.675022 0.510278 0.724296 0.571601 -0.419688 -0.008973 0.387768 0.151585 0.090349 -0.004621 -0.306374 -0.182084 -0.197616 0.009364 0.187855 -0.177237 0.203387 0.136985 -0.214908 -0.197012 -0.103253 -0.086409 -0.260672 -0.333258 -0.036802 -0.070284 -0.011755 -0.073836 -0.087683 -0.142882 -0.010648 -0.127086 -0.091404 -0.044273 -0.025530 0.097751 -0.009010 -0.028139 -0.108258 0.011551 0.121732 0.017945 0.018686 -0.093140 0.044624 0.095132 0.143887 -0.031441 -0.135571 0.191846 0.244455 -0.030209 -0.321576 -0.272628 -0.142520 -0.244997 -0.196739 -0.281678 0.189156 0.024142 0.278637 0.264272 0.174925 0.326629 0.504498 0.448342 -0.006769 -0.197641 -0.113439 -0.114256 -0.035616 -0.280915 -0.020660 -0.070784 0.053565 0.005757 -0.005481 0.041547 -0.018803 -0.129068 -0.117543 -0.126297 0.042399 -0.089529 -0.130228 -0.216760 0.012068 -0.170175 -0.315712 -0.109510 -0.241063 0.036311
0.154659 0.047492 0.142791 0.193173 0.587102 1.000000 -0.015622 0.100052 0.385489 0.541860 -0.152955 -0.140426 -0.191315 0.060325 0.166563 0.167968 0.014752 -0.349890 -0.047970 0.023466 0.467876 0.503959 0.313284 0.338101 0.757955 0.694093 0.736123 0.703853 -0.318720 -0.140315 0.353843 0.105525 -0.033239 -0.108246 -0.299815 -0.121132 -0.120926 0.060180 0.161430 0.113191 0.202022 0.007072 -0.153829 -0.072275 0.037672 0.032596 -0.127233 -0.228945 0.065601 -0.017551 -0.142869 -0.053065 -0.084098 -0.079501 0.032331 0.090236 -0.038122 -0.068603 0.164408 0.018619 0.034088 -0.104473 -0.022721 -0.017359 0.031419 -0.100492 0.065564 -0.197967 -0.058591 -0.011860 0.099378 0.046653 -0.183655 0.033484 0.029552 0.066306 -0.214128 -0.230335 -0.066497 -0.144875 -0.076332 -0.228444 -0.015187 -0.004741 0.035961 0.107134 -0.083394 0.258783 0.294947 0.239069 0.124541 -0.063498 0.022031 0.002207 -0.020362 -0.117924 0.023410 -0.096905 0.218058 0.103626 -0.081219 0.017613 -0.067095 -0.028174 -0.035862 0.041569 0.124033 -0.052455 0.088766 -0.082590 -0.189365 -0.038928 -0.256732 -0.074031 -0.115574 -0.005833
-0.216328 -0.477577 0.602905 0.164096 0.035625 -0.015622 1.000000 0.552495 0.353178 0.295292 -0.175657 0.191213 0.558301 0.292902 0.227496 0.275520 -0.531802 -0.160831 0.127761 0.013464 0.010753 -0.001393 0.346436 0.390490 -0.017987 0.044519 0.085730 -0.114841 -0.050270 -0.126678 0.251577 0.552228 -0.468959 -0.035510 -0.139861 0.475365 0.131333 0.106416 -0.092216 0.212103 -0.004076 0.133514 -0.427094 -0.575400 -0.088544 -0.399774 -0.563360 -0.375602 -0.392015 -0.452081 -0.025546 -0.228486 -0.471110 -0.401758 -0.153146 -0.307716 -0.606791 -0.667223 -0.294034 -0.374102 -0.069485 -0.164974 -0.392661 -0.487658 0.632188 0.453544 -0.458029 -0.253732 -0.558479 -0.361638 0.277301 0.276219 -0.126613 0.213293 0.058490 0.283134 0.402279 0.434515 -0.424591 -0.359235 -0.496461 -0.466507 0.072155 0.159080 -0.264010 -0.443635 0.013442 0.150521 0.022853 -0.058093 -0.180667 0.284262 0.491968 0.570621 0.173232 0.269829 -0.220245 0.126111 -0.467871 -0.091531 0.405435 0.269717 0.493888 0.443674 0.448926 0.305875 0.234893 0.139682 0.034256 0.346434 -0.103845 -0.224863 0.204518 0.339610 0.091096 0.110708
-0.164418 -0.101740 0.548676 0.633408 0.213689 0.100052 0.552495 1.000000 0.408238 0.455558 0.179659 0.465535 0.493465 0.648264 0.237728 0.381475 -0.453379 -0.435699 -0.003842 -0.033531 -0.056132 -0.090202 0.503407 0.616226 0.255125 0.195116 0.068967 0.162268 -0.180294 -0.133144 0.220612 0.409348 -0.320057 0.007823 0.129122 0.460235 -0.035559 -0.038678 -0.168257 -0.106358 -0.013745 0.071304 -0.367673 -0.255798 -0.161528 -0.161359 -0.368911 -0.256691 -0.218174 -0.364408 0.253744 -0.094143 -0.343410 -0.499656 -0.091057 -0.434561 -0.541383 -0.523048 -0.148249 -0.063416 -0.129304 0.049728 -0.232554 -0.380950 0.488281 0.590431 -0.228385 -0.005542 -0.511995 -0.285132 0.084076 0.077472 -0.395226 0.298379 0.163378 0.195102 0.063560 0.096536 -0.544696 -0.521015 -0.525349 -0.671388 -0.001238 0.130677 0.077874 -0.080275 0.187704 0.137415 0.345621 0.171420 -0.196172 -0.133285 0.274393 0.346289 0.020758 0.205975 -0.020410 -0.002755 -0.359358 -0.314468 0.354800 0.220747 0.379475 0.132311 0.051250 -0.139437 0.003732 -0.159880 0.042549 0.059486 -0.137525 -0.272153 -0.180999 0.171041 -0.033662 0.116741
0.066412 0.100063 0.410089 0.374317 0.645813 0.385489 0.353178 0.408238 1.000000 0.529986 0.102359 0.052490 0.377566 0.361298 0.311723 0.364516 -0.279276 -0.378034 -0.175728 -0.190742 0.259487 0.213411 0.579902 0.558732 0.574852 0.386158 0.441696 0.406689 -0.409949 -0.194987 0.266687 0.165072 -0.092536 -0.065563 -0.191914 -0.061450 -0.282272 0.020540 -0.183258 -0.160640 0.008478 0.060255 -0.277921 -0.249626 -0.182805 -0.216899 -0.381834 -0.313567 -0.013678 -0.165656 0.114566 -0.125557 -0.212589 -0.209069 -0.114832 -0.332203 -0.269535 -0.153207 0.070416 0.106439 0.070378 -0.029042 -0.409616 -0.313020 0.384909 0.201681 -0.012228 -0.160680 -0.065043 0.102324 0.060159 -0.075234 -0.322683 0.259885 0.242658 0.170186 -0.136675 -0.135457 -0.339626 -0.416734 -0.473037 -0.515270 -0.103384 -0.163488 0.311269 0.173065 0.142211 0.117280 0.536694 0.255090 -0.091567 -0.108176 0.141140 0.182156 -0.055269 0.041491 -0.149517 -0.010504 -0.165212 -0.074076 0.266730 0.184302 0.243572 0.049001 0.066003 -0.022060 0.037169 -0.013367 0.079781 -0.051631 -0.137093 -0.140067 -0.104048 0.054549 -0.033953 0.121047
-0.066725 -0.054533 0.230375 0.208173 0.381543 0.541860 0.295292 0.455558 0.529986 1.000000 -0.125097 0.188851 0.159463 0.455602 0.233068 0.507413 -0.230070 -0.415079 -0.113010 -0.102585 0.142408 0.128981 0.219567 0.352593 0.563009 0.491622 0.401824 0.383907 -0.181014 -0.027195 0.379039 0.186300 -0.188885 -0.039110 -0.074724 0.148792 -0.133546 -0.000486 -0.276757 0.052444 -0.093041 -0.126381 -0.177242 -0.098910 -0.080091 -0.033431 -0.168766 -0.141107 -0.133065 -0.168926 0.045243 0.080706 -0.224498 -0.280370 -0.241666 -0.187125 -0.224834 -0.283058 0.034602 0.012289 -0.018319 0.098311 -0.125546 -0.165249 0.290162 0.393046 -0.078315 -0.015881 -0.214335 -0.059751 0.058630 0.127389 -0.342635 0.090337 0.027801 0.187693 -0.123161 -0.141777 -0.357390 -0.419387 -0.315555 -0.499980 -0.192752 0.017470 0.092301 0.006403 -0.202576 0.127821 0.242573 0.159860 -0.106437 -0.090261 0.093204 0.199558 -0.047403 -0.006025 -0.074032 -0.051639 -0.208763 -0.065163 0.091429 0.027878 0.066900 0.016624 0.022342 0.005616 -0.078025 -0.029434 0.080658 -0.104908 -0.363169 -0.191058 -0.213063 -0.116884 -0.093909 -0.000778
0.542551 0.519443 0.184782 0.481249 0.081901 -0.152955 -0.175657 0.179659 0.102359 -0.125097 1.000000 0.495326 0.346259 0.443729 0.290507 0.138057 0.136020 0.126379 0.028213 0.058098 -0.002435 -0.130450 0.210827 0.199050 -0.052156 -0.054396 -0.137687 -0.003460 0.074427 0.020070 -0.115304 -0.042857 0.137281 0.016115 0.091466 -0.118084 -0.325257 -0.359670 0.014499 -0.323965 0.057604 0.013099 -0.249140 0.040020 -0.353174 -0.129031 -0.071844 -0.073752 0.066506 -0.163626 0.157943 -0.171693 -0.149098 -0.238022 -0.154807 -0.371775 -0.014215 0.022353 0.215212 0.153884 0.203269 0.333574 0.305936 0.235831 0.087509 0.207983 -0.088305 -0.175249 -0.011070 -0.008336 -0.247306 -0.368934 0.165432 -0.060721 0.182386 -0.056251 -0.289095 -0.269886 -0.019647 -0.081738 -0.001309 0.042654 0.208234 0.194689 0.595244 0.502086 0.335307 -0.016960 0.385731 0.057930 -0.127283 -0.341629 -0.200843 -0.185064 -0.117204 -0.179323 0.008585 -0.117469 0.061108 -0.354265 -0.019494 0.021144 -0.082292 -0.162654 -0.136287 -0.229534 -0.495002 -0.405963 -0.187248 -0.142913 0.133184 -0.038324 -0.036419 0.047014 -0.105402 -0.076062
0.110785 0.346078 0.238456 0.348322 -0.073792 -0.140426 0.191213 0.465535 0.052490 0.188851 0.495326 1.000000 0.479684 0.680326 0.165156 0.427970 -0.165924 0.225603 0.010146 -0.064893 -0.110939 -0.156475 0.021935 0.110745 0.015216 0.018267 -0.109784 -0.023552 0.080427 0.149493 0.101084 0.122206 -0.214980 -0.029792 0.160592 0.344554 -0.056154 -0.074716 -0.182493 -0.079412 -0.083180 -0.029953 -0.182703 -0.012977 -0.060850 0.012682 -0.129901 -0.011905 -0.240565 -0.262701 0.106149 -0.082919 -0.240079 -0.445314 -0.155994 -0.348600 -0.327269 -0.240159 -0.049445 -0.074752 0.020761 0.323690 0.004044 -0.084050 0.289636 0.546945 -0.218043 -0.069783 -0.346838 -0.299593 -0.125140 -0.000845 -0.114690 0.069066 0.099124 0.147335 0.010690 0.096665 -0.287913 -0.074884 -0.257494 -0.263252 0.112529 0.132805 0.175365 0.101715 0.246655 -0.068346 0.151559 0.033838 -0.432651 -0.213250 0.000382 0.028775 -0.085523 0.001721 0.010228 -0.053458 -0.329938 -0.356635 0.057252 -0.021553 0.077671 -0.023376 0.039043 -0.017320 -0.234810 -0.248601 -0.079370 0.019592 -0.017208 -0.154067 -0.072708 0.037124 -0.044957 -0.017821
-0.085167 -0.118852 0.298815 0.238077 0.041292 -0.191315 0.558301 0.493465 0.377566 0.159463 0.346259 0.479684 1.000000 0.615137 0.283982 0.626485 -0.395887 0.089239 -0.240647 -0.177470 -0.133298 -0.147822 0.155599 0.353652 -0.085555 -0.063085 -0.192999 -0.266830 0.090025 -0.014751 -0.060418 0.348634 -0.325813 0.083200 0.130277 0.456795 -0.099761 -0.139198 -0.073607 0.023473 -0.074530 0.023353 -0.532463 -0.455376 -0.139225 -0.301570 -0.559228 -0.478988 -0.316170 -0.397565 0.089969 -0.320887 -0.529240 -0.451059 -0.186878 -0.425410 -0.543786 -0.517963 -0.240122 -0.226148 0.172148 0.176844 -0.263864 -0.262084 0.664913 0.625148 -0.458308 -0.269052 -0.453804 -0.248374 0.061761 0.024087 -0.156958 0.208563 0.158147 0.299547 0.309999 0.319887 -0.232798 -0.120638 -0.370478 -0.355134 0.193582 0.252652 0.110478 -0.100093 0.391916 0.126161 0.223700 0.083579 -0.419184 -0.036959 0.250720 0.369061 0.215944 0.120079 -0.283893 0.109809 -0.504255 -0.326056 0.342693 0.178489 0.370954 0.258465 0.317011 0.272864 -0.075103 -0.119951 -0.095910 0.150585 0.085985 -0.225094 0.220889 0.441979 0.248558 0.168266
0.017423 0.171367 0.312536 0.518835 0.259679 0.060325 0.292902 0.648264 0.361298 0.455602 0.443729 0.680326 0.615137 1.000000 0.406448 0.555750 -0.211103 -0.107922 -0.110641 -0.083802 -0.140727 -0.262958 0.320559 0.463957 0.282084 0.146478 0.110631 0.095902 0.020579 0.095384 0.148583 0.270381 -0.196889 0.179707 0.162482 0.360486 -0.183088 -0.135154 -0.126826 -0.130546 0.003154 -0.013584 -0.362688 -0.133800 -0.105635 -0.033762 -0.318207 -0.253625 -0.119717 -0.186805 0.177778 -0.047511 -0.477962 -0.521826 -0.246145 -0.395587 -0.519201 -0.454581 -0.088158 0.036174 0.072095 0.328481 -0.085026 -0.123390 0.524561 0.631062 -0.293770 -0.131343 -0.406483 -0.170138 -0.143675 -0.039533 -0.094121 0.167539 0.230609 0.132809 -0.027475 -0.018896 -0.299719 -0.311268 -0.295510 -0.487104 0.169266 0.202246 0.265163 0.141343 0.217050 0.130652 0.388441 0.113682 -0.443793 -0.336463 -0.057231 0.086468 0.071635 -0.078398 0.059963 0.022529 -0.324482 -0.258866 0.105457 0.074926 0.110566 -0.024748 -0.067401 -0.061646 -0.278568 -0.315347 -0.100267 -0.057722 0.008329 -0.190551 -0.131414 0.086723 -0.046817 0.057709
0.094022 0.114172 0.191491 0.276314 0.323791 0.166563 0.227496 0.237728 0.311723 0.233068 0.290507 0.165156 0.283982 0.406448 1.000000 0.320566 -0.041859 -0.193707 0.075023 0.171310 -0.016972 -0.000701 0.303226 0.289915 0.162185 0.169897 0.181277 0.095473 0.138369 0.194199 0.222754 0.307166 0.126332 0.351058 -0.141912 -0.009226 -0.169386 -0.144491 0.033635 -0.271698 0.051137 0.070369 -0.278144 -0.074061 -0.176943 -0.075281 -0.207152 -0.162141 -0.173146 -0.151717 -0.090925 -0.112517 -0.326246 -0.280524 -0.145750 -0.227138 -0.349800 -0.279251 0.036926 0.028303 0.108655 0.101411 0.173092 -0.005511 0.314759 0.245906 -0.065444 -0.060511 -0.178935 0.040201 -0.114239 0.114246 0.183672 0.002866 0.142438 0.080755 -0.265967 -0.289695 0.014722 -0.111158 0.020955 -0.156836 0.590458 0.359578 0.221330 0.179575 0.227041 0.190441 0.213564 0.014424 -0.180912 -0.273774 -0.153886 -0.084777 0.076590 0.041769 0.086173 0.131546 -0.029131 -0.133157 -0.056446 0.014380 -0.093753 -0.177272 -0.159725 -0.079715 -0.267958 -0.361018 0.054366 -0.101688 0.000256 -0.044642 -0.190942 -0.009850 -0.134046 0.039948
-0.092804 0.066487 0.060684 0.231313 0.241947 0.167968 0.275520 0.381475 0.364516 0.507413 0.138057 0.427970 0.626485 0.555750 0.320566 1.000000 -0.206716 0.040584 -0.221858 -0.075564 0.122785 0.069911 -0.070255 0.174177 0.248451 0.203548 0.037792 -0.100384 0.127375 0.156197 0.063637 0.146182 -0.084894 0.201583 0.080391 0.319879 -0.188573 0.006241 -0.121759 0.035852 0.054797 -0.076069 -0.401643 -0.267466 -0.173932 -0.145546 -0.335686 -0.396391 -0.353236 -0.349146 0.033813 -0.177915 -0.306794 -0.401318 -0.193080 -0.231530 -0.353737 -0.285813 -0.174562 -0.094434 0.072979 0.282200 -0.170998 -0.088043 0.393268 0.583611 -0.292969 -0.142536 -0.305975 -0.137504 0.222683 0.164271 -0.245359 0.225254 0.205495 0.261198 0.047687 0.105319 -0.251441 -0.124889 -0.280177 -0.276521 0.024894 0.257323 0.104743 -0.007656 0.134770 0.047504 0.188023 0.256531 -0.485512 -0.162167 0.116505 0.209482 0.154066 0.019009 -0.269141 0.082235 -0.434140 -0.322322 0.281657 0.115282 0.235667 0.044424 0.086907 0.141160 -0.054142 -0.007375 0.035468 -0.046804 -0.102634 -0.127363 0.005016 0.171995 0.160762 0.228850
0.467036 0.439325 -0.219449 -0.134498 -0.061442 0.014752 -0.531802 -0.453379 -0.279276 -0.230070 0.136020 -0.165924 -0.395887 -0.211103 -0.041859 -0.206716 1.000000 0.332330 0.149651 0.220922 0.117643 0.095955 -0.230485 -0.345332 0.037047 0.092664 -0.011871 0.106554 0.457303 0.386958 0.012282 -0.307678 0.440311 0.224123 0.137527 -0.290954 -0.104588 -0.084671 -0.001534 -0.265678 0.193084 -0.108632 0.064444 0.266274 -0.039598 0.145950 0.348872 0.151282 0.031895 0.165300 -0.230026 -0.062294 0.219172 0.075706 -0.104049 0.108016 0.543567 0.550363 0.226382 0.184601 0.220568 0.306570 0.568829 0.644906 -0.299299 -0.331656 0.147964 -0.023477 0.355020 0.118214 -0.219356 -0.091730 0.452708 -0.151124 -0.010261 -0.239598 -0.365978 -0.273193 0.312906 0.184261 0.622952 0.484971 0.008894 -0.019968 0.075374 0.136452 -0.217019 -0.221519 -0.071334 -0.166718 -0.167721 -0.167496 -0.371369 -0.366187 -0.162154 -0.313458 0.119208 -0.069312 0.140827 0.039753 -0.259204 -0.267921 -0.286353 -0.365927 -0.398657 -0.108008 -0.262336 -0.073597 -0.102698 -0.167482 0.142681 0.066330 -0.148274 -0.444405 -0.233914 -0.299790
0.205652 0.185759 -0.283420 -0.282330 -0.301352 -0.349890 -0.160831 -0.435699 -0.378034 -0.415079 0.126379 0.225603 0.089239 -0.107922 -0.193707 0.040584 0.332330 1.000000 0.017025 -0.021154 -0.133437 -0.140728 -0.511410 -0.596596 -0.510165 -0.412352 -0.375510 -0.473434 0.322639 0.354329 -0.390339 -0.347540 0.187219 0.155641 0.078575 0.159801 -0.123712 -0.105828 0.067291 -0.092829 0.088907 -0.243939 0.125244 0.186022 0.260594 0.246820 0.060601 0.026695 -0.048030 0.194631 -0.256975 -0.022816 -0.019723 0.026762 -0.154965 0.120212 0.257387 0.291347 0.058039 -0.035058 0.423294 0.425979 0.247056 0.506567 -0.065379 0.088924 -0.099514 -0.084298 0.111967 -0.058022 -0.165221 -0.103933 0.375198 -0.199353 -0.062632 -0.146996 0.089497 0.094735 0.413582 0.542343 0.381847 0.568030 0.178526 0.138861 0.086392 0.094079 0.066051 -0.241367 -0.111437 -0.095181 -0.327230 -0.113912 -0.247341 -0.293625 0.020215 -0.236918 -0.258002 -0.062641 0.005129 -0.015746 -0.082590 -0.182886 -0.115397 -0.183392 -0.060745 0.056453 -0.130989 -0.106331 -0.114312 -0.043178 0.174523 0.003821 0.126726 0.030307 0.095893 0.010989
0.180811 0.080218 0.129733 0.250035 0.020613 -0.047970 0.127761 -0.003842 -0.175728 -0.113010 0.028213 0.010146 -0.240647 -0.110641 0.075023 -0.221858 0.149651 0.017025 1.000000 0.832287 0.088260 0.130972 0.142924 -0.010472 -0.157204 0.063268 0.099523 0.031072 0.044586 0.273130 0.296980 0.274825 0.079726 0.111643 -0.292934 -0.112533 0.115639 -0.159669 0.005436 -0.193476 0.066085 -0.113956 -0.110819 -0.154327 -0.119987 -0.190051 0.033533 0.035522 -0.165617 -0.153332 -0.228326 -0.100451 0.028365 -0.146106 0.031848 -0.063796 -0.055997 -0.101131 0.048549 0.041917 -0.190031 -0.121909 0.108292 -0.016726 -0.193645 -0.172577 0.005861 0.083305 0.112275 0.063457 0.052884 0.341435 0.302325 -0.089909 -0.004306 -0.186050 -0.180601 -0.026381 -0.056776 -0.034227 0.191577 0.203753 0.189403 0.316896 -0.107267 -0.147811 -0.074239 0.140750 -0.076051 -0.116443 0.048535 0.176989 -0.013048 -0.104499 -0.075070 -0.160877 0.071810 -0.095219 -0.030810 -0.068100 -0.225658 -0.305637 -0.224035 -0.197149 -0.091853 -0.067538 -0.071575 0.015463 -0.247039 0.093194 0.106986 -0.108953 -0.109665 -0.240472 -0.303238 -0.243532
0.107832 0.053786 -0.009797 0.198612 0.017932 0.023466 0.013464 -0.033531 -0.190742 -0.102585 0.058098 -0.064893 -0.177470 -0.083802 0.171310 -0.075564 0.220922 -0.021154 0.832287 1.000000 0.213941 0.180802 0.014800 -0.024728 -0.118766 0.124410 0.125423 0.038708 0.172653 0.404629 0.306401 0.336618 0.309640 0.394166 -0.168022 -0.040163 0.094154 -0.185816 0.074278 -0.244358 0.190957 -0.013123 -0.172314 -0.188976 -0.214220 -0.225210 0.054297 -0.071614 -0.181482 -0.245724 -0.279585 -0.230537 0.013841 -0.196258 -0.008480 -0.119590 -0.098057 -0.151625 0.023490 -0.027439 -0.256396 -0.184919 0.175832 -0.035813 -0.278417 -0.198591 -0.012516 0.028141 0.115645 0.158232 0.133175 0.488797 0.446563 0.077970 0.164237 0.001067 -0.070251 0.049243 0.160012 0.132010 0.360100 0.325537 0.307901 0.433014 -0.160284 -0.199543 -0.007377 0.127019 -0.217966 -0.253532 -0.051358 0.092664 -0.006732 -0.058034 0.007684 -0.095631 0.010003 -0.077048 -0.087890 -0.149530 -0.153799 -0.219210 -0.175167 -0.176447 -0.070610 -0.092158 -0.120749 -0.031300 -0.215537 0.126716 0.169094 -0.050619 -0.127137 -0.241011 -0.222935 -0.237789
0.251694 0.162532 0.151240 0.082499 0.396683 0.467876 0.010753 -0.056132 0.259487 0.142408 -0.002435 -0.110939 -0.133298 -0.140727 -0.016972 0.122785 0.117643 -0.133437 0.088260 0.213941 1.000000 0.796076 0.138769 0.026249 0.466237 0.430708 0.503737 0.385343 -0.177336 -0.018828 0.193715 0.034259 0.106752 0.010104 -0.212813 -0.192350 -0.043465 0.401724 0.151516 -0.016921 0.474978 0.362646 -0.197900 -0.276096 -0.298750 -0.306382 -0.116760 -0.231510 -0.077963 -0.275788 -0.266152 -0.299392 0.119996 -0.064827 -0.166780 -0.163230 0.140512 0.127927 -0.059157 -0.207924 -0.140056 -0.246286 -0.110894 -0.115466 -0.154838 -0.213465 -0.127915 -0.397927 0.079917 0.070557 0.538833 0.228828 0.189359 0.404220 0.503326 0.295294 -0.018977 0.110834 -0.061332 -0.048766 -0.044212 0.092634 -0.045925 0.031925 0.053840 0.051585 -0.056941 -0.042185 0.030691 0.040509 0.091272 0.238525 0.182020 0.138814 0.031520 -0.058968 -0.204165 -0.024005 -0.028476 0.051103 0.364192 0.273080 0.316299 0.166885 0.074677 -0.082322 0.127719 -0.002711 0.049420 0.176026 -0.021659 -0.014036 0.093987 -0.018644 -0.020152 0.009792
0.210051 0.174497 0.106203 0.030095 0.334024 0.503959 -0.001393 -0.090202 0.213411 0.128981 -0.130450 -0.156475 -0.147822 -0.262958 -0.000701 0.069911 0.095955 -0.140728 0.130972 0.180802 0.796076 1.000000 0.084443 -0.019211 0.407004 0.379542 0.412032 0.411830 -0.197669 -0.050105 0.150837 -0.001508 0.078775 -0.040661 -0.222527 -0.171171 -0.049650 0.312245 0.048806 -0.051826 0.218220 0.202317 -0.148033 -0.198503 -0.170795 -0.199016 -0.119839 -0.198650 -0.124298 -0.194113 -0.269207 -0.220125 0.102749 -0.054797 -0.121671 -0.180859 0.203334 0.193826 0.037559 -0.023734 -0.032254 -0.181247 -0.086149 -0.075521 -0.121095 -0.170511 0.046036 -0.186692 0.174149 0.147541 0.466643 0.333661 -0.009064 0.281761 0.248247 0.183564 -0.095413 0.026860 -0.021309 -0.014788 0.043528 0.075234 0.003325 0.020288 0.033053 0.045455 -0.042418 0.052805 0.097586 0.104624 0.137990 0.263469 0.139148 0.081144 -0.085875 -0.062072 -0.197534 -0.120141 -0.064670 -0.001574 0.210713 0.062217 0.192569 0.050462 0.026733 -0.040152 0.222015 0.009349 0.038393 -0.015834 -0.081380 -0.115312 -0.024173 -0.028082 -0.049569 -0.053857
0.111288 0.012349 0.644842 0.608367 0.548452 0.313284 0.346436 0.503407 0.579902 0.219567 0.210827 0.021935 0.155599 0.320559 0.303226 -0.070255 -0.230485 -0.511410 0.142924 0.014800 0.138769 0.084443 1.000000 0.786467 0.487783 0.375198 0.435164 0.467015 -0.377774 -0.230059 0.411500 0.417474 -0.189052 -0.084676 -0.121799 0.040237 -0.134255 -0.022510 0.015219 -0.098229 0.081473 0.206808 -0.349805 -0.297698 -0.095860 -0.213485 -0.393970 -0.316975 0.006529 -0.190400 0.256288 -0.076992 -0.245999 -0.237143 0.054567 -0.268837 -0.387542 -0.334586 -0.063604 -0.004655 -0.088419 -0.156435 -0.235054 -0.253969 0.416050 0.087950 -0.082236 -0.106258 -0.214387 -0.037654 -0.051787 -0.070147 -0.142518 0.156459 0.220221 -0.013076 -0.178586 -0.165473 -0.465528 -0.545329 -0.441205 -0.512031 0.037981 -0.025149 0.281357 0.151389 0.176752 0.300430 0.547493 0.284302 0.044835 -0.102239 0.114995 0.103623 -0.119074 0.001752 0.131213 -0.050816 -0.039780 -0.193212 0.024217 0.034491 0.046479 0.005360 -0.026902 -0.104156 -0.029134 -0.119626 -0.102232 0.091213 0.096257 -0.225732 -0.206953 -0.032634 -0.370636 -0.152072
-0.030688 -0.090580 0.488465 0.646316 0.400953 0.338101 0.390490 0.616226 0.558732 0.352593 0.199050 0.110745 0.353652 0.463957 0.289915 0.174177 -0.345332 -0.596596 -0.010472 -0.024728 0.026249 -0.019211 0.786467 1.000000 0.491632 0.419826 0.299675 0.402371 -0.300103 -0.344556 0.401156 0.510734 -0.401817 -0.137194 -0.014100 0.190942 -0.104933 -0.079553 -0.091697 -0.040043 -0.033716 0.049930 -0.395501 -0.295475 -0.088338 -0.197512 -0.424456 -0.332624 -0.035286 -0.266412 0.297235 -0.158185 -0.352222 -0.351981 0.013271 -0.296942 -0.570697 -0.473862 -0.134378 -0.053342 -0.175904 -0.227263 -0.336644 -0.463003 0.447610 0.213039 -0.107317 -0.066545 -0.322831 -0.029806 -0.047933 -0.024279 -0.303339 0.149312 0.065688 -0.004817 -0.088661 -0.070979 -0.488099 -0.516634 -0.504034 -0.592594 -0.042088 -0.029220 0.173178 0.081928 0.216329 0.335986 0.447301 0.198204 0.021086 -0.055130 0.296694 0.268501 -0.016167 0.076856 0.131813 0.012595 -0.132511 -0.266897 0.110770 0.100901 0.078258 0.079363 0.071934 0.102620 -0.033047 -0.080843 -0.090548 0.142938 0.119314 -0.200002 -0.194347 0.070661 -0.224672 -0.081330
0.097791 0.185619 0.251885 0.346356 0.675022 0.757955 -0.017987 0.255125 0.574852 0.563009 -0.052156 0.015216 -0.085555 0.282084 0.162185 0.248451 0.037047 -0.510165 -0.157204 -0.118766 0.466237 0.407004 0.487783 0.491632 1.000000 0.709484 0.736491 0.739291 -0.363484 -0.170175 0.494838 0.100528 -0.069798 -0.137433 -0.115810 -0.147033 -0.122877 0.241545 0.002949 0.025939 0.185739 0.140661 -0.134620 -0.105201 -0.103221 -0.066567 -0.107469 -0.168225 0.071631 -0.089901 0.086814 0.008971 -0.028680 -0.124871 -0.044193 -0.020553 -0.108705 -0.026477 0.044661 0.065526 -0.152291 -0.107394 -0.200543 -0.134953 0.122753 -0.015214 0.023875 -0.138885 -0.042863 0.044348 0.118086 0.011191 -0.266580 0.203431 0.225044 0.042200 -0.308704 -0.214455 -0.361217 -0.404480 -0.304407 -0.467711 -0.182711 -0.227526 0.081487 0.128200 -0.070772 0.156277 0.340506 0.279960 0.031206 -0.058502 0.059359 0.030970 -0.098123 -0.085596 0.138481 -0.001146 0.053411 0.081505 0.041390 0.076094 0.029885 -0.026859 -0.097378 0.020091 0.090831 -0.000427 0.077419 -0.059993 -0.101571 -0.019032 -0.213283 -0.173324 -0.199458 -0.001384
0.107443 0.082647 0.152157 0.236341 0.510278 0.694093 0.044519 0.195116 0.386158 0.491622 -0.054396 0.018267 -0.063085 0.146478 0.169897 0.203548 0.092664 -0.412352 0.063268 0.124410 0.430708 0.379542 0.375198 0.419826 0.709484 1.000000 0.555381 0.684691 -0.092750 0.098973 0.622430 0.352420 -0.046095 -0.024422 -0.074736 -0.009345 0.077478 0.073033 -0.020551 -0.016583 0.286626 0.161395 -0.244012 -0.145644 -0.033509 -0.056519 -0.124158 -0.235231 -0.049253 -0.189230 0.010105 -0.170280 -0.028756 -0.219583 -0.088231 -0.088016 -0.136304 -0.151602 0.044317 -0.018425 -0.133984 -0.120612 0.036735 -0.076558 0.128563 -0.007961 -0.016927 -0.089702 -0.133919 -0.104339 0.114504 0.224224 -0.075622 0.227710 0.160844 0.198718 -0.223385 -0.148411 -0.257631 -0.225443 -0.115935 -0.248918 -0.054650 0.073429 -0.071666 -0.012740 -0.096527 0.102223 0.134302 0.063860 -0.130273 -0.131393 0.007296 0.037207 -0.002167 -0.005154 0.083992 0.014574 -0.050258 -0.092548 -0.060337 -0.031539 -0.006536 -0.034615 0.024259 0.112857 -0.082423 -0.058729 0.096122 -0.013168 -0.106546 -0.116374 -0.210270 -0.102601 -0.185417 -0.077407
0.198471 0.027237 0.303508 0.191137 0.724296 0.736123 0.085730 0.068967 0.441696 0.401824 -0.137687 -0.109784 -0.192999 0.110631 0.181277 0.037792 -0.011871 -0.375510 0.099523 0.125423 0.503737 0.412032 0.435164 0.299675 0.736491 0.555381 1.000000 0.728620 -0.420644 -0.052827 0.490759 0.196137 0.007745 -0.085886 -0.409085 -0.242514 -0.015886 0.157482 0.272628 0.139494 0.286293 0.256537 -0.188143 -0.246334 -0.137398 -0.180812 -0.125794 -0.180153 0.034162 -0.062725 -0.190264 -0.040068 -0.037018 -0.075126 0.095843 0.086551 -0.084968 -0.146703 0.093393 -0.007369 -0.093265 -0.228044 -0.112888 -0.112988 -0.025547 -0.201070 0.005567 -0.243752 -0.033657 0.033075 0.153236 0.048854 -0.013600 0.058116 0.173756 0.009096 -0.208916 -0.159629 -0.106423 -0.226598 -0.163617 -0.264950 0.043545 -0.080470 -0.060828 0.009705 -0.115226 0.235311 0.212274 0.180022 0.110765 0.039766 -0.002888 0.024005 0.052172 -0.058908 0.157085 0.067148 0.138957 0.259865 -0.069959 0.083895 0.024011 0.119406 0.055735 0.006958 0.139253 0.007460 0.014230 -0.022272 -0.092392 0.056371 -0.198601 -0.136363 -0.197212 -0.013093
0.244442 0.203556 0.225688 0.274720 0.571601 0.703853 -0.114841 0.162268 0.406689 0.383907 -0.003460 -0.023552 -0.266830 0.095902 0.095473 -0.100384 0.106554 -0.473434 0.031072 0.038708 0.385343 0.411830 0.467015 0.402371 0.739291 0.684691 0.728620 1.000000 -0.402194 -0.109321 0.447329 0.043542 -0.042628 -0.245609 -0.164177 -0.281669 -0.124645 0.052780 0.022635 -0.083640 0.103753 0.161376 -0.015031 0.041635 -0.058147 0.016383 0.026806 -0.001793 0.212208 0.060886 0.037024 0.005341 0.181120 0.013587 0.037683 -0.058597 0.042573 0.046226 0.268024 0.231212 -0.072534 -0.181348 -0.070036 -0.136119 -0.122669 -0.240608 0.241448 -0.016391 0.080173 0.089668 -0.031159 -0.039013 -0.186528 0.061284 0.073424 -0.086339 -0.335717 -0.316421 -0.217165 -0.269618 -0.146112 -0.297743 -0.140659 -0.229785 0.132397 0.238691 -0.019981 0.094885 0.336743 0.184059 0.214367 -0.072180 -0.070349 -0.059891 -0.224028 -0.098022 0.227869 -0.147783 0.178544 0.053869 -0.098804 0.044189 -0.100464 -0.069021 -0.178491 -0.119538 -0.059830 -0.069855 0.033572 -0.198508 -0.105897 0.011007 -0.412175 -0.250825 -0.332112 -0.110681
0.016902 -0.025612 -0.239400 -0.336052 -0.419688 -0.318720 -0.050270 -0.180294 -0.409949 -0.181014 0.074427 0.080427 0.090025 0.020579 0.138369 0.127375 0.457303 0.322639 0.044586 0.172653 -0.177336 -0.197669 -0.377774 -0.300103 -0.363484 -0.092750 -0.420644 -0.402194 1.000000 0.643920 0.040915 0.113387 0.176402 0.439026 0.247326 0.224799 0.350129 0.050558 0.032154 0.002281 0.157365 0.032676 -0.259368 -0.003309 -0.153927 -0.103111 0.066653 -0.081433 -0.388225 -0.236058 -0.254145 -0.289744 -0.235222 -0.308560 -0.164996 -0.042457 0.031058 -0.038076 -0.163073 -0.183766 0.071129 0.220885 0.432734 0.301377 0.076021 0.076769 -0.285825 -0.115799 -0.099216 -0.190940 0.008541 0.286705 0.478038 0.107902 0.004642 0.172299 0.222874 0.197715 0.314253 0.302422 0.584771 0.448033 0.175258 0.408572 -0.172965 -0.171673 -0.250759 -0.186719 -0.369460 -0.396792 -0.508322 -0.161857 -0.071072 0.078468 0.164925 0.090686 -0.055767 0.104324 -0.312019 -0.311429 -0.033305 -0.068509 -0.006222 -0.028585 -0.034422 0.149049 -0.240688 0.016618 0.032234 0.178091 0.116078 -0.010175 0.098065 -0.005620 0.104149 -0.118280
0.079902 0.096211 -0.272334 -0.156853 -0.008973 -0.140315 -0.126678 -0.133144 -0.194987 -0.027195 0.020070 0.149493 -0.014751 0.095384 0.194199 0.156197 0.386958 0.354329 0.273130 0.404629 -0.018828 -0.050105 -0.230059 -0.344556 -0.170175 0.098973 -0.052827 -0.109321 0.643920 1.000000 0.201546 0.155797 0.455905 0.565089 0.058499 0.071579 0.183117 -0.045049 0.060505 -0.214978 0.264975 0.098710 -0.231826 -0.031496 -0.094887 -0.024131 0.042848 -0.189628 -0.350669 -0.159156 -0.281398 -0.187505 -0.087462 -0.275928 -0.206294 -0.095398 0.092736 -0.035304 -0.122730 -0.046898 0.016743 0.188110 0.331106 0.326021 -0.073433 0.059325 -0.164049 -0.028067 0.089145 0.006878 0.060157 0.365034 0.527493 0.221637 0.253592 0.120680 0.047335 0.010411 0.402710 0.425732 0.581389 0.448032 0.264749 0.369213 -0.043349 -0.041920 -0.200701 -0.168427 -0.243641 -0.241632 -0.503416 -0.290607 -0.295008 -0.167417 0.140839 -0.070850 -0.080368 0.040332 -0.268988 -0.254204 -0.177756 -0.187641 -0.131858 -0.152190 -0.108758 0.000908 -0.247192 -0.102611 -0.081251 -0.006392 0.090316 -0.109138 -0.148104 -0.158117 -0.051994 -0.060445
-0.072787 -0.145364 0.256281 0.164336 0.387768 0.353843 0.251577 0.220612 0.266687 0.379039 -0.115304 0.101084 -0.060418 0.148583 0.222754 0.063637 0.012282 -0.390339 0.296980 0.306401 0.193715 0.150837 0.411500 0.401156 0.494838 0.622430 0.490759 0.447329 0.040915 0.201546 1.000000 0.664283 -0.132081 0.063880 -0.126142 0.151812 0.293116 0.101838 0.017452 0.163437 0.113875 0.327862 -0.308587 -0.396500 -0.167620 -0.278917 -0.278552 -0.224756 -0.401694 -0.417287 -0.085632 -0.192444 -0.149831 -0.309803 -0.028074 -0.202289 -0.387758 -0.411262 -0.251570 -0.248605 -0.467394 -0.326269 -0.041028 -0.229479 0.146050 -0.030859 -0.193909 0.011846 -0.284924 -0.229318 0.113319 0.441549 0.094143 0.215454 0.104892 0.251243 -0.009859 0.171952 -0.318837 -0.261386 -0.153446 -0.288561 0.098519 0.134536 -0.312450 -0.322062 -0.143892 0.259602 -0.151321 -0.106564 -0.156146 0.123650 0.278004 0.277293 -0.009127 0.122340 0.044445 0.012327 -0.325682 -0.164352 -0.043116 -0.060844 0.016492 0.068805 0.155639 0.243083 -0.043330 0.124025 -0.086714 0.299300 0.108319 -0.189632 -0.099720 -0.148540 -0.224034 -0.243384
-0.251590 -0.368265 0.306180 0.227572 0.151585 0.105525 0.552228 0.409348 0.165072 0.186300 -0.042857 0.122206 0.348634 0.270381 0.307166 0.146182 -0.307678 -0.347540 0.274825 0.336618 0.034259 -0.001508 0.417474 0.510734 0.100528 0.352420 0.196137 0.043542 0.113387 0.155797 0.664283 1.000000 -0.293836 0.276125 -0.182839 0.380777 0.383801 -0.011274 0.167118 0.193506 0.187727 0.357068 -0.548763 -0.615547 -0.127168 -0.406715 -0.483028 -0.404162 -0.506334 -0.528403 -0.191670 -0.428605 -0.480286 -0.453068 -0.088872 -0.214593 -0.631198 -0.695736 -0.482705 -0.469459 -0.429122 -0.370130 -0.187711 -0.377243 0.367424 0.118240 -0.520195 -0.187382 -0.487559 -0.303709 0.139731 0.466584 0.182705 0.253096 0.120299 0.353315 0.272027 0.398990 -0.205743 -0.143716 -0.190152 -0.253317 0.344302 0.409598 -0.365418 -0.508458 0.100327 0.398356 -0.231764 -0.214999 -0.228663 0.160223 0.375122 0.447534 0.349833 0.291634 0.049390 0.270302 -0.370622 -0.184643 0.118821 0.041319 0.225328 0.278987 0.385319 0.318595 0.066614 -0.079110 -0.095610 0.482899 0.229582 -0.156511 0.156057 0.332186 0.045366 -0.086163
0.225755 0.383871 -0.240621 -0.065807 0.090349 -0.033239 -0.468959 -0.320057 -0.092536 -0.188885 0.137281 -0.214980 -0.325813 -0.196889 0.126332 -0.084894 0.440311 0.187219 0.079726 0.309640 0.106752 0.078775 -0.189052 -0.401817 -0.069798 -0.046095 0.007745 -0.042628 0.176402 0.455905 -0.132081 -0.293836 1.000000 0.573565 0.008390 -0.315480 -0.234344 -0.227331 0.037456 -0.445595 0.191595 -0.035778 0.245077 0.352553 -0.032169 0.212141 0.412197 0.154164 0.091768 0.156338 -0.121250 -0.041239 0.274396 0.124367 -0.015285 0.069753 0.445318 0.429637 0.225382 0.285194 0.168711 0.193458 0.424457 0.426222 -0.377897 -0.229874 0.293116 0.106173 0.539798 0.434939 -0.001491 0.027099 0.425296 0.007128 0.105121 -0.135075 -0.292105 -0.385264 0.568343 0.392908 0.580899 0.495334 0.214019 0.087910 0.262800 0.244100 -0.080832 -0.193448 -0.004761 -0.125724 -0.092722 -0.401478 -0.523124 -0.508394 -0.136926 -0.191058 0.082566 -0.102122 0.225532 -0.044877 -0.320115 -0.196276 -0.345259 -0.399748 -0.377937 -0.473098 -0.262468 -0.218480 0.018138 -0.335685 0.023871 0.159265 -0.232858 -0.352318 -0.133917 -0.078503
-0.089954 0.079596 -0.168230 0.001696 -0.004621 -0.108246 -0.035510 0.007823 -0.065563 -0.039110 0.016115 -0.029792 0.083200 0.179707 0.351058 0.201583 0.224123 0.155641 0.111643 0.394166 0.010104 -0.040661 -0.084676 -0.137194 -0.137433 -0.024422 -0.085886 -0.245609 0.439026 0.565089 0.063880 0.276125 0.573565 1.000000 0.074853 0.226878 0.120970 -0.104810 0.227521 -0.246503 0.355427 0.069167 -0.165344 0.027961 -0.004089 0.056007 0.026598 -0.123083 -0.301888 -0.152105 -0.373447 -0.402750 -0.308783 -0.348958 -0.238484 -0.069833 -0.077550 -0.054874 -0.202488 -0.104639 -0.056939 0.062416 0.184863 0.168293 0.050463 0.017180 -0.182914 -0.034868 0.084209 0.151574 -0.052349 0.333101 0.526449 0.132238 0.231034 0.101441 0.010212 -0.003842 0.438736 0.327030 0.517875 0.345594 0.501105 0.424940 0.001629 -0.156454 0.012928 0.050929 -0.192536 -0.367930 -0.526077 -0.325070 -0.247363 -0.114642 0.330970 0.173072 0.100999 0.268472 -0.183439 -0.130921 -0.064836 -0.126875 -0.081228 -0.183077 -0.150336 -0.169245 -0.218910 -0.382238 0.153154 0.093202 0.213241 0.094298 -0.014472 0.016697 0.147599 0.056558
-0.266601 -0.031970 -0.129425 -0.025839 -0.306374 -0.299815 -0.139861 0.129122 -0.191914 -0.074724 0.091466 0.160592 0.130277 0.162482 -0.141912 0.080391 0.137527 0.078575 -0.292934 -0.168022 -0.212813 -0.222527 -0.121799 -0.014100 -0.115810 -0.074736 -0.409085 -0.164177 0.247326 0.058499 -0.126142 -0.182839 0.008390 0.074853 1.000000 0.456525 -0.021494 0.052041 -0.227626 -0.182042 -0.118096 -0.003866 0.077904 0.153122 0.192070 0.261041 0.090699 -0.036373 0.002883 -0.040331 0.448325 0.089093 0.082097 -0.087620 -0.007332 -0.265163 -0.036157 0.051009 -0.098255 -0.000452 -0.069103 0.097423 0.163163 0.033174 0.212808 0.252402 0.106104 0.322324 -0.150677 -0.170660 -0.160620 0.067043 -0.065664 0.176961 0.121053 0.181744 0.175205 0.138358 -0.036212 0.005844 0.037060 -0.019627 -0.172024 -0.108248 0.005238 0.033915 0.073316 -0.313431 -0.072734 -0.260495 -0.192440 -0.217699 -0.034963 -0.011466 -0.168259 0.007144 -0.077982 -0.170349 -0.210605 -0.287977 0.130663 -0.044053 0.108392 -0.095115 -0.158473 -0.052986 -0.208183 0.050023 -0.049005 -0.114622 0.052230 -0.217878 -0.069677 -0.077734 0.023410 -0.019993
-0.426406 -0.364521 0.203698 0.064901 -0.182084 -0.121132 0.475365 0.460235 -0.061450 0.148792 -0.118084 0.344554 0.456795 0.360486 -0.009226 0.319879 -0.290954 0.159801 -0.112533 -0.040163 -0.192350 -0.171171 0.040237 0.190942 -0.147033 -0.009345 -0.242514 -0.281669 0.224799 0.071579 0.151812 0.380777 -0.315480 0.226878 0.456525 1.000000 0.169676 0.057295 -0.065936 0.108156 -0.016972 0.022617 -0.188572 -0.182816 0.279074 0.145753 -0.335864 -0.250330 -0.346961 -0.243453 0.055160 -0.132244 -0.384404 -0.426947 -0.138040 -0.270119 -0.493272 -0.508846 -0.423210 -0.391078 -0.052211 0.046489 -0.074301 -0.156071 0.536691 0.547412 -0.390872 0.074614 -0.548591 -0.488122 -0.033854 0.346947 -0.079836 0.195846 0.038966 0.286880 0.457051 0.474994 -0.149611 -0.043972 -0.156532 -0.219437 0.146538 0.301640 -0.308075 -0.390013 0.134415 0.036267 -0.150180 -0.180418 -0.408277 -0.008017 0.291077 0.348742 0.174784 0.239288 -0.205654 -0.003787 -0.478300 -0.300655 0.262465 0.011978 0.275718 0.073488 0.144615 0.086836 -0.013518 -0.027916 0.062805 0.222084 0.128853 -0.279436 0.021109 0.291598 0.133346 0.019022
