1.000000 0.493165 0.311576 0.160383 -0.117175 -0.021605 -0.023721 -0.135998 -0.087212 -0.016540 -0.033215 -0.329755 -0.060636 -0.248696 -0.125077 -0.016361 0.292972 -0.096069 0.537906 0.464850 -0.030646 -0.007808 -0.104492 -0.310985 0.051771 -0.171883 -0.023033 -0.033227 0.119088 -0.103998 -0.016739 -0.192102 0.373579 0.137585 -0.152857 -0.077045 -0.027240 -0.207339 -0.077533 -0.187385 -0.077391 -0.051287 0.023875 -0.104871 0.025272 0.000950 -0.165293 -0.121762 0.098174 0.104613 -0.098872 -0.081324 0.138939 -0.105988 -0.130248 -0.369150 0.599667 0.428569 0.225823 0.263803 0.265837 -0.019905 0.241017 0.204757 -0.097227 -0.186999 0.229330 -0.195911 0.490179 0.241142 -0.138186 0.039199 0.036506 0.084601 0.188117 -0.068456 0.011462 -0.080363 0.076869 -0.059346 0.087694 0.046308 -0.130534 -0.178711 -0.229968 -0.106472 -0.266839 -0.270626 0.007346 -0.091347 -0.125040 -0.279344 -0.160338 -0.275447 -0.399617 -0.182675 -0.235023 -0.266586 -0.284029 -0.057494 -0.256498 0.036833 -0.095768 0.029508 -0.139179 -0.071526 -0.117435 -0.025966 -0.099899 -0.196493 0.144380 0.144327 0.200216 0.089617 -0.020628 0.042769
0.493165 1.000000 -0.209413 -0.007207 -0.054860 0.239036 -0.267934 -0.302718 -0.022028 0.007823 -0.095442 -0.300289 -0.001182 -0.325923 -0.077399 0.184724 0.439799 0.268664 0.371725 0.549050 0.075048 -0.025621 -0.226791 -0.467528 0.207979 -0.045429 -0.081041 -0.019342 0.157697 -0.040459 -0.078006 -0.255425 0.689594 0.520314 -0.402401 -0.343547 -0.125701 -0.112801 -0.200590 -0.253649 -0.042787 -0.151072 0.285076 0.253984 0.111704 0.128309 0.204028 0.177709 -0.093202 0.310872 -0.205048 -0.004348 0.203715 0.120046 -0.194594 -0.280577 0.563547 0.767176 -0.103572 0.202594 -0.022437 0.028131 0.149089 0.443286 -0.257628 -0.311220 0.069904 -0.402915 0.686420 0.414105 -0.209371 -0.081689 0.131756 -0.032219 0.122249 -0.111839 -0.221729 -0.192137 0.110744 0.238108 0.266200 0.354731 -0.010736 0.063094 -0.173657 -0.005324 -0.247094 -0.229993 0.109093 -0.018202 -0.295581 -0.552814 -0.428654 -0.464238 -0.474422 -0.348265 0.027268 -0.306051 -0.180871 -0.265844 -0.499629 -0.172014 -0.304552 -0.222017 -0.285391 -0.116803 -0.204269 -0.125201 -0.166529 -0.239107 0.045494 0.182277 -0.017922 -0.047591 -0.034167 -0.073463
0.311576 -0.209413 1.000000 0.295096 -0.001937 -0.190504 0.678697 0.395806 0.088122 -0.057148 0.274098 -0.194920 0.218824 -0.101064 -0.068458 -0.299286 -0.241244 -0.480292 0.338143 -0.069081 -0.293705 0.086870 0.442828 0.203770 -0.129211 -0.115683 -0.118593 -0.127818 -0.107706 -0.463022 -0.106486 -0.126823 -0.461205 -0.480741 0.064714 -0.037651 -0.348445 -0.266424 -0.016112 -0.080395 -0.072483 -0.129710 -0.216608 -0.471086 -0.241372 -0.271611 -0.422844 -0.333311 0.240808 -0.220417 0.227723 -0.096013 0.024010 -0.106512 0.244940 -0.280864 -0.325968 -0.369804 0.451367 0.326570 0.333235 0.150773 0.066726 -0.215860 0.344222 0.201765 0.417103 0.404775 -0.238517 -0.139927 0.000547 0.036663 -0.273407 -0.237220 -0.159799 -0.371940 -0.073981 -0.175613 -0.521520 -0.651726 -0.540495 -0.659810 -0.221293 -0.344000 -0.222130 -0.187342 -0.125797 -0.122439 0.223350 0.111147 0.640844 0.549804 0.503762 0.448397 0.146167 0.066226 -0.402757 -0.052955 0.112439 0.267748 -0.107613 0.163448 0.150965 0.305160 0.117458 -0.030343 -0.009796 -0.132090 0.209888 0.199616 0.103122 0.132737 0.256357 -0.078117 -0.260857 -0.320761
0.160383 -0.007207 0.295096 1.000000 -0.266302 -0.236021 0.446356 0.671286 0.243227 0.332850 -0.227010 0.089441 -0.062572 0.172893 -0.378098 0.232868 -0.393192 -0.417937 0.445416 0.426805 -0.038225 -0.215794 0.049591 0.567348 0.024833 0.214622 -0.124297 -0.077382 -0.287568 0.046946 0.129935 0.513052 -0.192237 0.085504 0.095106 0.418555 0.142078 -0.105628 -0.089090 0.120988 -0.129733 0.336030 -0.221894 -0.197520 0.051380 0.101155 -0.262841 0.053774 -0.244210 -0.120394 -0.351019 -0.409819 -0.151062 -0.345010 -0.331069 -0.389537 -0.253666 -0.259921 -0.131024 -0.063955 -0.391175 0.001822 -0.498488 -0.268904 -0.263586 0.087939 -0.152231 0.219257 0.076674 0.450306 0.325461 0.362775 -0.227206 0.226420 0.125393 -0.074711 0.254065 0.294497 -0.215066 -0.289158 -0.313019 -0.216258 -0.213709 0.124133 -0.471332 -0.355871 -0.283840 -0.053781 -0.241102 -0.207506 0.196120 0.216497 0.466897 0.209378 -0.090324 0.071232 -0.216687 -0.017344 -0.397427 -0.129749 0.005217 0.091899 0.272029 0.034241 -0.040137 -0.372956 -0.188266 -0.395930 0.007137 0.250570 0.260254 0.038775 0.022740 0.059105 -0.157538 -0.227018
-0.117175 -0.054860 -0.001937 -0.266302 1.000000 0.737694 0.082600 -0.182925 0.176875 -0.061427 0.115337 -0.184610 0.118174 -0.063936 0.472593 0.128352 0.171697 -0.105359 0.054301 -0.135586 0.339413 0.317311 0.410050 -0.039879 0.232575 0.129456 0.700279 0.684579 -0.004874 -0.227324 -0.041609 -0.422603 0.009507 -0.162504 -0.216365 -0.279087 -0.076153 0.014876 0.081558 -0.192090 -0.083965 -0.166994 -0.097523 -0.086823 -0.254138 -0.228937 -0.052083 -0.181816 0.069284 0.003796 0.306906 0.181525 0.286495 0.287914 0.018816 -0.198160 0.190767 0.205939 0.096446 0.024262 0.091732 -0.237305 0.042116 -0.007508 0.116594 -0.203994 0.198672 0.013303 0.076321 -0.157075 -0.111928 -0.274641 -0.160111 -0.077204 0.072511 0.120364 -0.162882 -0.327501 0.003814 -0.017554 0.068366 -0.087649 0.349820 0.109043 0.198213 0.243693 0.172415 -0.014669 0.351061 0.084378 0.036049 0.037539 -0.128284 -0.014475 -0.162389 -0.390101 -0.181682 -0.323366 -0.046845 -0.128431 -0.133605 -0.094186 -0.227173 0.083280 0.176452 0.131796 -0.074108 0.013570 -0.283064 -0.215387 -0.088887 -0.224938 -0.011458 -0.165786 -0.035478 -0.122398
-0.021605 0.239036 -0.190504 -0.236021 0.737694 1.000000 -0.175135 -0.337082 -0.041573 0.080233 -0.006652 -0.247629 -0.049171 -0.267593 0.389157 0.217648 0.275664 0.073691 -0.021007 -0.069575 0.318983 0.344655 0.235312 -0.217885 0.404482 0.231387 0.641693 0.739536 -0.066797 -0.224128 -0.180265 -0.533026 0.233834 0.067650 -0.129686 -0.332150 -0.190807 -0.089976 -0.174680 -0.249986 -0.303658 -0.222785 0.024374 0.082695 -0.205320 -0.122964 0.085274 -0.059137 -0.013516 0.166201 0.266627 0.279288 0.319734 0.404070 -0.126421 -0.180626 0.378931 0.444175 -0.007263 0.112315 0.059408 -0.128022 0.201851 0.261567 0.078581 -0.108005 0.199625 -0.089871 0.268555 -0.044620 -0.264314 -0.302560 -0.214971 -0.139605 0.048648 0.233684 -0.364122 -0.348688 0.093799 0.155628 0.179073 0.048091 0.304691 0.252413 0.225511 0.284214 -0.001084 0.065110 0.372570 0.219454 -0.185285 -0.209120 -0.274541 -0.174028 -0.345504 -0.539861 -0.116341 -0.388146 -0.057803 -0.147978 -0.235100 -0.199183 -0.343112 -0.065206 0.058287 0.122228 -0.097183 -0.006272 -0.333340 -0.397070 -0.110546 -0.116062 -0.054225 -0.090200 0.010514 -0.071899
-0.023721 -0.267934 0.678697 0.446356 0.082600 -0.175135 1.000000 0.632242 0.492889 0.067876 0.354119 0.081165 0.483549 0.084896 0.053137 -0.066258 -0.325510 -0.522263 0.314593 0.090213 -0.219077 -0.140473 0.530774 0.461322 -0.095883 -0.029444 -0.130353 -0.160968 -0.098251 -0.259396 0.090746 0.183887 -0.418475 -0.257293 0.008545 0.089447 -0.145477 -0.128667 -0.055663 -0.116856 -0.027489 -0.052475 -0.372436 -0.531634 -0.247078 -0.307100 -0.501925 -0.255505 -0.108500 -0.415605 0.173427 -0.347236 -0.018263 -0.042004 0.082597 -0.404159 -0.545554 -0.519702 0.171764 -0.088345 0.101997 0.081193 -0.210708 -0.320267 0.303709 0.227350 0.046245 0.239760 -0.226880 0.024160 0.239813 0.089405 -0.326987 -0.118574 -0.112818 -0.381672 0.092086 0.015761 -0.502161 -0.545571 -0.428684 -0.483196 -0.064260 -0.129786 -0.270426 -0.213326 -0.187700 -0.109237 -0.020550 -0.016640 0.547471 0.588415 0.543332 0.525061 0.043341 0.040436 -0.482415 -0.047114 0.000101 0.169393 -0.015271 0.120114 0.185809 0.157127 0.173122 -0.122824 0.059879 -0.182939 0.155193 0.285181 0.088802 0.049483 0.035336 -0.060348 -0.243114 -0.385913
-0.135998 -0.302718 0.395806 0.671286 -0.182925 -0.337082 0.632242 1.000000 0.360534 0.327989 -0.029047 0.390911 0.145375 0.541673 -0.344051 0.075259 -0.417415 -0.356696 0.142200 0.062377 -0.156797 -0.215355 0.101540 0.638279 -0.165939 0.162618 -0.171604 -0.185868 -0.230865 -0.046478 0.134531 0.553235 -0.448189 -0.028148 0.179606 0.361346 0.068548 -0.033126 -0.020552 0.022374 -0.014890 0.133273 -0.310495 -0.350408 -0.128962 -0.088583 -0.351291 -0.072351 -0.246531 -0.416459 -0.053029 -0.352580 -0.028186 -0.209973 -0.062398 -0.184471 -0.554308 -0.622701 -0.158822 -0.213453 -0.232905 0.240173 -0.313866 -0.286217 -0.028882 0.465150 -0.247936 0.304551 -0.269943 0.063960 0.227383 0.209537 -0.232378 0.028895 0.000078 -0.184057 0.187527 0.146438 -0.336046 -0.472229 -0.302040 -0.377808 -0.211099 0.046864 -0.310918 -0.313904 -0.228833 -0.168417 -0.185221 -0.090230 0.338457 0.402594 0.582115 0.319682 0.049071 0.179020 -0.333677 0.105516 -0.172767 0.065498 0.160846 0.001906 0.219286 0.067637 0.061493 -0.187888 0.003567 -0.175731 0.082880 0.265607 0.110225 0.090842 0.174927 0.092593 -0.170581 -0.213138
-0.087212 -0.022028 0.088122 0.243227 0.176875 -0.041573 0.492889 0.360534 1.000000 0.413228 0.196401 0.121817 0.574239 0.205492 0.232009 0.356944 -0.185316 -0.277507 0.154935 0.175038 0.183238 -0.071629 0.162031 0.046143 0.321818 0.017725 -0.127873 -0.199588 -0.008200 -0.248404 -0.067438 0.199246 -0.062261 0.110708 -0.146805 0.125408 -0.025623 -0.064590 0.092722 0.059510 0.083303 -0.174816 -0.215247 -0.307987 -0.009855 -0.095601 -0.321663 -0.155667 -0.214267 -0.304399 -0.027019 -0.485632 -0.037049 -0.105472 -0.004514 -0.313277 -0.238096 -0.187706 0.146631 -0.250613 0.129053 0.191624 -0.241394 -0.150796 0.021232 0.104227 -0.123161 -0.006710 0.061781 0.221005 0.214547 0.012601 -0.124042 0.031764 0.058155 -0.269258 0.124422 0.058465 -0.403293 -0.246775 -0.171906 -0.109322 0.167384 0.094568 -0.228312 -0.046694 -0.153337 -0.031057 0.024518 0.033077 0.118614 0.169663 0.260752 0.158262 -0.071513 -0.038878 -0.216802 0.071081 -0.304670 0.036698 -0.201974 -0.213961 0.007182 -0.106097 0.120785 -0.191366 0.000775 -0.004180 -0.041574 0.237365 0.174827 0.134895 -0.040795 -0.028859 -0.289814 -0.320984
-0.016540 0.007823 -0.057148 0.332850 -0.061427 0.080233 0.067876 0.327989 0.413228 1.000000 -0.183978 -0.087512 0.026127 0.052781 -0.257961 0.381806 -0.263610 -0.182105 -0.010890 0.075670 0.314022 0.052824 -0.204827 0.008768 0.403608 -0.062776 0.146498 0.072574 -0.202676 -0.258713 -0.173215 0.196718 -0.012102 0.233672 0.217682 0.383619 -0.060802 -0.167364 -0.148025 0.116673 -0.205132 -0.019420 -0.061126 -0.092572 -0.004534 0.056242 -0.152008 0.024448 -0.063356 -0.151888 -0.055557 -0.303590 0.126778 0.081516 -0.175139 -0.062136 -0.064737 -0.077240 0.065702 -0.010434 -0.028109 0.181310 -0.049066 0.066727 -0.102839 0.225166 -0.026909 0.217958 0.054228 0.305698 0.087263 -0.070850 0.014616 0.035889 -0.024095 -0.093252 -0.082409 -0.000604 -0.308176 -0.096427 -0.075003 -0.065168 -0.152810 -0.069915 -0.321134 -0.342244 -0.304510 -0.152914 -0.066541 0.136146 0.197638 0.139377 0.378588 0.099443 -0.101397 -0.014406 -0.092915 0.239749 -0.303648 0.130531 -0.076273 -0.231660 0.136786 -0.041288 0.028369 -0.181806 -0.193677 -0.014405 0.020801 0.028367 0.282333 0.048474 0.123697 0.053970 -0.091360 -0.118357
-0.033215 -0.095442 0.274098 -0.227010 0.115337 -0.006652 0.354119 -0.029047 0.196401 -0.183978 1.000000 0.268498 0.687409 0.098867 0.636554 0.006306 0.269217 0.074793 -0.077845 0.009060 -0.194682 -0.165849 0.646709 0.138462 -0.138787 -0.270955 0.077662 -0.015314 0.545597 -0.098172 0.084534 -0.154568 -0.167708 -0.072165 -0.049832 -0.194158 -0.005170 -0.128873 0.031485 -0.313019 0.248715 -0.280924 -0.555840 -0.573136 -0.511433 -0.614764 -0.454855 -0.550461 -0.036440 -0.542776 0.271669 -0.268259 -0.164591 0.199969 0.293528 -0.133778 -0.284582 -0.180838 0.121403 -0.216373 0.451501 0.026462 0.325524 -0.023608 0.683341 0.215440 -0.085398 -0.127755 -0.289373 -0.341635 -0.039663 -0.064278 0.196447 -0.261412 0.002857 -0.323703 -0.077789 -0.155133 -0.183220 -0.112853 -0.015661 -0.110954 0.522540 0.183602 0.448041 0.139387 0.273449 -0.033614 0.486360 0.070233 0.136341 0.285948 0.069339 0.236366 -0.013902 -0.080133 -0.336897 -0.112252 0.124500 0.025639 -0.022714 -0.087729 -0.071565 0.014413 0.245600 0.121774 0.082805 -0.023973 0.104224 0.031519 -0.113020 -0.160668 -0.003400 -0.082970 -0.077673 -0.175165
-0.329755 -0.300289 -0.194920 0.089441 -0.184610 -0.247629 0.081165 0.390911 0.121817 -0.087512 0.268498 1.000000 0.238429 0.755174 0.151570 0.110426 0.030347 0.309318 -0.227483 -0.130389 -0.232342 -0.238643 0.033914 0.445240 -0.350666 0.064267 -0.197075 -0.168548 0.106530 0.444225 0.233275 0.416707 -0.246936 0.076959 -0.008311 0.194559 0.301102 0.248280 -0.052617 0.010640 0.143005 0.060375 -0.395872 -0.334224 -0.181930 -0.265595 -0.232944 -0.202617 -0.216944 -0.497685 0.113557 -0.196052 -0.015457 -0.055079 -0.018657 0.083303 -0.322215 -0.419988 -0.263751 -0.477745 -0.044242 0.253970 -0.107117 -0.082028 0.190442 0.507051 -0.589251 -0.207415 -0.305474 -0.205985 0.056881 0.143675 0.043545 0.087583 0.194895 0.121718 0.204610 0.210939 0.247977 0.119245 0.151327 0.040522 0.217015 0.453258 0.167761 0.038261 0.107711 0.109691 -0.150723 -0.087962 -0.227695 0.037836 0.103850 0.132160 -0.103752 0.087270 -0.187730 -0.047962 -0.027891 -0.037962 0.382752 0.070471 0.011952 -0.028023 0.112005 0.049528 0.214234 0.047494 -0.100817 0.015024 -0.141375 -0.034416 0.065457 0.132190 0.043323 0.075583
-0.060636 -0.001182 0.218824 -0.062572 0.118174 -0.049171 0.483549 0.145375 0.574239 0.026127 0.687409 0.238429 1.000000 0.250738 0.527231 0.106829 0.193547 -0.004163 0.018498 0.042709 -0.136456 -0.115818 0.416017 0.060471 -0.021222 -0.236621 -0.100716 -0.155670 0.498360 -0.118388 -0.002003 0.026532 -0.065999 0.068822 -0.244316 -0.141045 -0.037403 -0.055710 -0.153742 -0.259401 0.235685 -0.302876 -0.316193 -0.455942 -0.234886 -0.418974 -0.390022 -0.396884 -0.018392 -0.471233 0.204298 -0.403244 -0.071528 0.049295 0.112889 -0.338222 -0.234281 -0.155875 0.187633 -0.175621 0.458180 0.282055 0.165059 -0.030625 0.452292 0.263668 -0.077325 -0.113025 -0.040436 -0.047786 0.032177 -0.031210 0.216519 -0.137543 -0.024685 -0.315449 -0.108870 -0.142114 -0.225438 -0.164263 0.009751 -0.105656 0.371976 0.124317 0.151591 0.030487 0.123221 -0.120600 0.353702 0.025619 0.099939 0.106418 0.064558 0.151598 -0.228142 -0.139509 -0.337531 -0.140038 -0.031535 -0.141109 -0.122002 -0.141832 -0.144599 -0.183917 0.005935 -0.130627 -0.062172 -0.135327 -0.005722 0.082319 -0.110701 -0.114192 -0.076831 -0.221831 -0.297160 -0.301329
-0.248696 -0.325923 -0.101064 0.172893 -0.063936 -0.267593 0.084896 0.541673 0.205492 0.052781 0.098867 0.755174 0.250738 1.000000 0.104423 0.249436 -0.040238 0.118284 -0.135709 -0.121151 -0.061524 -0.308459 -0.002219 0.487181 -0.312986 0.181563 -0.111323 -0.083980 0.094407 0.397073 0.299684 0.530924 -0.235426 0.035588 -0.142452 0.236073 0.398203 0.222409 0.072617 -0.062814 0.237372 0.109444 -0.277243 -0.198437 -0.109496 -0.114165 -0.137662 -0.083622 -0.169386 -0.432319 -0.001677 -0.295992 -0.031026 -0.121968 -0.039296 0.025668 -0.258266 -0.437931 -0.250362 -0.487253 -0.091593 0.243707 -0.084317 -0.193791 0.012571 0.393003 -0.562172 -0.100894 -0.227424 -0.132726 0.077412 0.122901 0.171149 0.198591 0.213098 0.133415 0.227598 0.171158 0.209895 0.073878 0.177464 0.050520 0.133752 0.353421 0.093808 -0.055346 0.186232 -0.041800 -0.140491 -0.183211 -0.220404 -0.022055 0.114637 0.032083 -0.128354 0.081247 -0.114407 -0.047878 -0.144393 -0.229106 0.329874 0.035104 -0.019335 -0.119504 -0.037959 -0.055055 0.025503 -0.013578 -0.166368 -0.032122 -0.102166 -0.044713 0.031850 0.025447 0.011600 0.140686
-0.125077 -0.077399 -0.068458 -0.378098 0.472593 0.389157 0.053137 -0.344051 0.232009 -0.257961 0.636554 0.151570 0.527231 0.104423 1.000000 0.212300 0.402773 0.177910 -0.120979 -0.072016 0.044257 -0.005061 0.527824 -0.075684 0.192002 0.065937 0.278101 0.286165 0.458674 0.078751 0.083511 -0.262998 0.009068 -0.104885 -0.254878 -0.392502 0.059460 -0.008327 0.065942 -0.233056 0.153844 -0.199313 -0.303825 -0.218819 -0.366905 -0.404659 -0.141362 -0.284914 -0.060320 -0.237554 0.220749 -0.113131 -0.101362 0.244342 0.172431 -0.040968 0.069383 0.084875 0.063012 -0.285213 0.359553 -0.057804 0.318383 0.056795 0.410831 -0.015951 -0.117538 -0.372189 -0.046133 -0.305258 -0.117606 -0.159271 0.080144 -0.100998 0.091729 -0.038446 -0.089779 -0.119964 0.099997 0.199535 0.245443 0.160833 0.764074 0.396793 0.553082 0.405790 0.345679 0.254708 0.417721 0.052624 -0.223401 -0.016077 -0.259006 -0.007937 -0.199454 -0.314903 -0.106793 -0.310268 0.040158 -0.170239 -0.065954 -0.158219 -0.264935 -0.243009 0.084616 0.028591 -0.030178 0.018556 -0.329466 -0.101862 -0.207701 -0.200887 -0.262368 -0.285061 -0.142135 -0.118701
-0.016361 0.184724 -0.299286 0.232868 0.128352 0.217648 -0.066258 0.075259 0.356944 0.381806 0.006306 0.110426 0.106829 0.249436 0.212300 1.000000 0.124771 0.136463 0.107525 0.295393 0.364319 -0.059006 -0.053551 -0.003298 0.399992 0.274833 0.092821 0.078020 0.053311 0.230495 0.049874 0.160923 0.182985 0.302449 -0.229885 0.033499 0.113934 0.114509 0.113466 -0.034512 0.041833 0.051434 -0.218287 -0.069991 -0.033274 0.040477 -0.109748 -0.020661 -0.284930 -0.080999 -0.250205 -0.353849 -0.000355 0.017222 -0.217009 -0.237424 0.054713 0.116480 -0.192802 -0.351440 -0.050040 0.081889 0.032180 0.200330 -0.058320 0.007173 -0.377152 -0.312126 0.085875 0.152644 0.182069 0.193468 0.077569 0.355045 0.321196 0.194745 0.158870 0.224437 0.001753 0.229258 0.139763 0.304549 0.236239 0.491209 -0.048343 -0.047668 -0.085110 -0.114189 0.032218 -0.017932 -0.281204 -0.137911 -0.030621 -0.105722 -0.330959 -0.265754 -0.026823 -0.215151 -0.256972 -0.155966 -0.179112 -0.212629 -0.098133 -0.329720 -0.152615 -0.339224 -0.080940 -0.133768 -0.363397 -0.065472 0.066240 0.208300 0.032670 -0.196614 -0.271950 -0.256241
0.292972 0.439799 -0.241244 -0.393192 0.171697 0.275664 -0.325510 -0.417415 -0.185316 -0.263610 0.269217 0.030347 0.193547 -0.040238 0.402773 0.124771 1.000000 0.571887 0.084151 0.158662 -0.159860 -0.112576 -0.085470 -0.352006 -0.014498 -0.102848 0.091332 0.086054 0.691009 0.261846 0.034636 -0.269881 0.472336 0.305875 -0.337938 -0.504318 0.189751 -0.019858 -0.157540 -0.379488 0.182738 -0.227345 0.073390 0.063266 -0.153009 -0.220186 0.097883 -0.143115 0.037582 0.043445 0.038017 0.039125 0.097737 0.152428 -0.006390 -0.125181 0.561489 0.614580 -0.149587 -0.094652 0.248395 -0.037978 0.512763 0.496602 0.103272 -0.049053 -0.142912 -0.610089 0.237538 -0.213370 -0.334071 -0.115704 0.487909 -0.025884 0.214076 0.102510 -0.201189 -0.282175 0.552096 0.498883 0.749107 0.484376 0.424868 0.286406 0.328513 0.221634 0.100956 -0.081366 0.211558 -0.120889 -0.484328 -0.544341 -0.520186 -0.442676 -0.493696 -0.442366 -0.024613 -0.437731 -0.015020 -0.355153 -0.180790 -0.156309 -0.507101 -0.298916 -0.174887 0.091905 -0.107603 0.051945 -0.307607 -0.403546 -0.309860 -0.114470 -0.048882 -0.163063 0.016876 0.051185
-0.096069 0.268664 -0.480292 -0.417937 -0.105359 0.073691 -0.522263 -0.356696 -0.277507 -0.182105 0.074793 0.309318 -0.004163 0.118284 0.177910 0.136463 0.571887 1.000000 -0.330893 -0.032079 0.030964 -0.021919 -0.344565 -0.306173 -0.186672 -0.059690 -0.110937 -0.018968 0.337244 0.509948 -0.106300 -0.113847 0.230345 0.238296 -0.245105 -0.304274 0.134442 0.254047 -0.201106 -0.122424 0.125806 -0.029339 0.083917 0.180209 -0.185352 -0.130841 0.142650 -0.020798 -0.062252 -0.047829 0.002037 0.086515 0.224328 0.287293 -0.051994 0.110937 0.297946 0.390229 -0.138350 -0.062902 0.168576 0.202056 0.442588 0.613238 0.037896 0.074758 -0.303541 -0.535707 -0.090117 -0.242955 -0.093311 -0.006405 0.449871 0.209810 0.313909 0.274479 -0.087673 -0.061058 0.466376 0.610736 0.557031 0.580315 0.179935 0.293530 0.365004 0.284602 -0.024154 -0.029292 0.014179 0.064200 -0.505779 -0.514611 -0.489166 -0.375280 -0.316267 -0.183082 0.055848 -0.199803 0.110675 -0.217840 0.067903 0.005425 -0.270408 -0.212340 -0.068248 0.093854 0.170599 0.238632 -0.211489 -0.279375 -0.324147 -0.051394 0.006594 -0.046025 0.003487 0.163953
0.537906 0.371725 0.338143 0.445416 0.054301 -0.021007 0.314593 0.142200 0.154935 -0.010890 -0.077845 -0.227483 0.018498 -0.135709 -0.120979 0.107525 0.084151 -0.330893 1.000000 0.666664 -0.087918 -0.072829 0.179665 0.105053 -0.007542 -0.041245 -0.042310 0.010111 0.064957 0.019411 0.205487 0.072649 0.281518 0.177613 -0.251889 -0.000204 -0.072518 -0.103468 -0.131282 -0.158509 0.079760 -0.060737 -0.039476 -0.103676 0.040606 0.007626 -0.168047 0.084204 -0.089901 0.130975 -0.284382 -0.238525 -0.022917 -0.289349 -0.408529 -0.505483 0.180677 0.159558 0.001276 0.031256 -0.109697 -0.187522 -0.149332 -0.095872 -0.172246 -0.296621 0.172170 0.001019 0.467066 0.473772 -0.078122 0.019554 -0.049600 0.040956 0.146072 -0.119532 0.159123 0.036630 -0.063914 -0.165143 -0.034290 -0.036338 -0.074963 0.012706 -0.512527 -0.377744 -0.333912 -0.076008 -0.096880 -0.305798 0.175191 0.038824 0.107583 0.009550 -0.325427 -0.197661 -0.232049 -0.232342 -0.348651 -0.113578 -0.313340 0.169317 0.077657 0.039441 -0.124762 -0.308611 -0.263716 -0.413574 -0.066159 0.040270 0.364766 0.148451 -0.044745 -0.055851 -0.096448 -0.196905
0.464850 0.549050 -0.069081 0.426805 -0.135586 -0.069575 0.090213 0.062377 0.175038 0.075670 0.009060 -0.130389 0.042709 -0.121151 -0.072016 0.295393 0.158662 -0.032079 0.666664 1.000000 -0.001869 -0.294242 0.064748 0.007586 0.125172 -0.021771 -0.083420 -0.070820 0.189876 0.234013 0.165805 0.204664 0.503573 0.488822 -0.100905 0.050948 0.187922 -0.043011 -0.017250 -0.215392 0.162334 0.027333 -0.103641 0.014718 0.021738 0.032567 -0.039915 0.147521 -0.355369 0.007784 -0.468380 -0.420831 -0.072888 -0.145053 -0.410751 -0.398229 0.209394 0.277262 -0.219720 -0.159242 -0.282865 -0.301446 -0.134763 0.023704 -0.296190 -0.356046 -0.093487 -0.239781 0.549232 0.558971 0.111562 0.150563 0.146476 0.288370 0.306334 -0.076103 0.229984 0.237166 0.083580 0.169108 0.149530 0.375444 0.081299 0.170555 -0.344335 -0.307428 -0.346885 -0.179573 -0.157828 -0.314915 -0.129263 -0.160819 -0.117160 -0.214392 -0.397818 -0.193916 -0.045284 -0.081216 -0.455903 -0.270120 -0.304984 -0.051265 0.080388 -0.173004 -0.168000 -0.331715 -0.185573 -0.346197 -0.147733 0.120836 0.339958 0.051866 -0.146460 0.046912 -0.074623 -0.166543
-0.030646 0.075048 -0.293705 -0.038225 0.339413 0.318983 -0.219077 -0.156797 0.183238 0.314022 -0.194682 -0.232342 -0.136456 -0.061524 0.044257 0.364319 -0.159860 0.030964 -0.087918 -0.001869 1.000000 0.496082 -0.175572 -0.165413 0.284896 0.096807 0.415043 0.410712 -0.188532 0.028855 -0.011673 -0.010754 0.145879 0.082047 -0.001919 0.112612 0.156727 0.297433 0.270407 0.232081 0.128352 0.205547 0.005683 0.119022 -0.008123 0.163396 0.018578 0.025717 -0.135975 0.139503 -0.183265 -0.038695 0.135534 0.157768 -0.116304 -0.051150 0.188773 0.183860 -0.019240 -0.013596 -0.130017 -0.194780 -0.190244 0.027349 -0.227468 -0.324292 -0.058308 -0.139264 0.060496 0.131159 0.279400 -0.002685 0.006600 0.364145 0.368802 0.143799 0.311917 0.238248 -0.093421 0.106458 -0.052987 0.174306 0.004032 -0.033341 -0.125575 -0.003201 -0.092146 -0.181187 0.057324 -0.007815 -0.175316 -0.147014 -0.121653 -0.073932 0.055512 -0.004107 -0.007133 0.034534 -0.160161 0.062474 -0.010843 0.075118 0.079350 0.066274 0.117995 -0.022816 -0.074508 0.009529 -0.079763 0.007463 0.052663 0.027403 0.188526 0.215578 -0.029876 0.068740
-0.007808 -0.025621 0.086870 -0.215794 0.317311 0.344655 -0.140473 -0.215355 -0.071629 0.052824 -0.165849 -0.238643 -0.115818 -0.308459 -0.005061 -0.059006 -0.112576 -0.021919 -0.072829 -0.294242 0.496082 1.000000 -0.093918 -0.272352 0.145460 -0.073425 0.358142 0.343681 -0.108955 -0.229137 -0.249705 -0.309677 -0.141023 -0.166643 0.055632 -0.219037 -0.309914 0.166739 0.112834 0.317738 0.048686 -0.091922 0.014280 -0.081096 -0.093642 -0.035901 -0.092025 -0.177847 0.124401 0.134752 0.129898 0.266894 0.172791 0.153769 0.111224 0.111054 0.118762 0.065126 0.220744 0.273095 0.157102 0.018773 -0.014375 0.071297 0.146458 0.042146 0.321631 0.114886 -0.066223 -0.171286 -0.039996 -0.048153 -0.206734 -0.153806 -0.071307 -0.086742 -0.033832 -0.082016 -0.265179 -0.244295 -0.239447 -0.200192 0.057329 -0.116486 -0.043034 0.088678 -0.041867 -0.050679 0.358185 0.248136 0.192119 0.089087 -0.019292 0.011464 0.183388 0.069212 -0.136564 0.106187 0.228266 0.393198 -0.024835 0.001518 0.054781 0.176351 0.112883 0.056234 -0.075487 -0.003543 0.111342 0.178735 -0.103612 0.090435 0.326881 -0.004247 -0.223918 -0.197083
-0.104492 -0.226791 0.442828 0.049591 0.410050 0.235312 0.530774 0.101540 0.162031 -0.204827 0.646709 0.033914 0.416017 -0.002219 0.527824 -0.053551 -0.085470 -0.344565 0.179665 0.064748 -0.175572 -0.093918 1.000000 0.384904 -0.085506 -0.040678 0.232300 0.257301 0.174380 -0.251468 0.082455 -0.187363 -0.203420 -0.207783 -0.035785 -0.102863 -0.117535 -0.200715 0.043741 -0.396804 0.111724 -0.161611 -0.422081 -0.416342 -0.355494 -0.392149 -0.322577 -0.342381 -0.142315 -0.310359 0.201245 -0.140361 -0.113929 0.128462 0.109790 -0.275297 -0.344146 -0.277644 0.088062 -0.145141 0.095889 -0.270381 0.001892 -0.366232 0.479901 0.008960 0.108290 0.195035 -0.140756 -0.158989 0.036168 -0.106246 -0.164743 -0.226948 -0.083651 -0.202196 -0.084880 -0.159158 -0.213689 -0.280127 -0.253175 -0.342226 0.396805 0.057492 0.276649 0.133890 0.239645 0.052905 0.442498 0.014067 0.302329 0.423326 0.179050 0.328419 0.024359 -0.188216 -0.306436 -0.197792 0.007677 -0.060891 -0.095327 -0.027605 -0.008185 0.175220 0.300580 0.128280 -0.116867 -0.226967 0.009815 0.029611 -0.017210 -0.208204 -0.231170 -0.127516 0.060355 -0.163393
-0.310985 -0.467528 0.203770 0.567348 -0.039879 -0.217885 0.461322 0.638279 0.046143 0.008768 0.138462 0.445240 0.060471 0.487181 -0.075684 -0.003298 -0.352006 -0.306173 0.105053 0.007586 -0.165413 -0.272352 0.384904 1.000000 -0.397375 0.250157 0.117538 0.146436 -0.090730 0.272148 0.397649 0.567905 -0.413322 -0.048218 0.166060 0.451974 0.335333 0.108881 0.093397 0.019832 0.129644 0.351658 -0.422293 -0.250950 -0.151607 -0.097902 -0.276776 -0.010992 -0.295328 -0.366471 -0.146083 -0.346338 -0.243368 -0.196093 -0.164982 -0.105278 -0.534343 -0.593822 -0.361241 -0.413134 -0.426382 -0.213815 -0.440694 -0.520612 0.002227 0.171803 -0.378291 0.277552 -0.334760 0.087969 0.292807 0.315571 -0.050126 0.087052 0.100951 0.000556 0.290601 0.246231 -0.040080 -0.200887 -0.174747 -0.226660 0.075084 0.264716 -0.090182 -0.209272 0.167060 0.143764 -0.190288 -0.253726 0.165878 0.385987 0.441852 0.371912 0.152279 0.146543 -0.181369 0.023300 -0.192452 -0.124648 0.364041 0.195403 0.256461 0.080564 0.053710 -0.168150 -0.159348 -0.451540 0.084949 0.174684 0.095091 -0.266356 -0.092502 0.078667 0.117836 0.015885
0.051771 0.207979 -0.129211 0.024833 0.232575 0.404482 -0.095883 -0.165939 0.321818 0.403608 -0.138787 -0.350666 -0.021222 -0.312986 0.192002 0.399992 -0.014498 -0.186672 -0.007542 0.125172 0.284896 0.145460 -0.085506 -0.397375 1.000000 0.381968 0.222251 0.168053 -0.125569 -0.286387 -0.102409 -0.107110 0.171028 0.114282 0.177975 -0.012768 -0.144722 -0.249209 0.049216 0.047384 -0.295691 -0.162288 0.113597 0.187715 0.154269 0.208707 0.175399 0.079246 -0.071030 0.273383 -0.080887 0.006613 -0.064054 0.033801 -0.011842 0.037593 0.148096 0.238656 0.049926 0.124910 -0.002895 -0.013781 0.023162 0.165621 -0.213789 -0.154028 0.185942 -0.012992 0.267068 0.173945 -0.057755 -0.135391 -0.229283 -0.027169 -0.068333 -0.002228 -0.210404 -0.070583 -0.211612 0.046178 -0.035716 0.077106 0.145007 0.068710 -0.116687 0.046589 -0.221500 0.007169 0.067504 0.070347 -0.037246 -0.035788 -0.075537 -0.083142 -0.107087 -0.221363 0.225993 -0.012372 -0.191920 -0.013336 -0.468189 -0.443532 -0.172393 -0.321950 -0.111886 -0.170392 -0.075143 -0.012907 -0.303026 -0.074157 0.166084 0.016870 -0.147858 -0.143943 -0.209905 -0.252152
-0.171883 -0.045429 -0.115683 0.214622 0.129456 0.231387 -0.029444 0.162618 0.017725 -0.062776 -0.270955 0.064267 -0.236621 0.181563 0.065937 0.274833 -0.102848 -0.059690 -0.041245 -0.021771 0.096807 -0.073425 -0.040678 0.250157 0.381968 1.000000 0.097411 0.253638 -0.264220 0.263976 0.367297 0.344986 -0.063508 0.013943 0.090121 0.112377 0.246924 0.032321 0.119674 0.082358 -0.083142 0.253210 0.039723 0.342717 0.108518 0.378493 0.181333 0.251332 -0.373733 0.249624 -0.346294 -0.069030 -0.222788 -0.152145 -0.159869 0.017001 -0.046711 -0.033189 -0.375035 -0.213093 -0.403297 -0.170746 -0.181143 -0.076424 -0.387454 -0.126186 -0.238807 -0.074621 0.026330 0.057012 0.097524 0.106929 -0.211711 0.221052 0.193475 0.288699 0.058356 0.132673 0.141122 0.155144 0.103144 0.164901 0.035571 0.275766 -0.082085 0.102622 -0.080354 0.200834 -0.268442 -0.263123 -0.326128 -0.089435 -0.085851 -0.006612 -0.034055 -0.133968 0.286019 -0.123418 -0.154971 -0.239929 -0.064655 -0.098949 -0.081251 -0.317753 -0.171800 -0.220310 0.101439 -0.227399 -0.341617 -0.041810 0.069805 -0.055861 -0.225821 0.040212 -0.084936 -0.022856
-0.023033 -0.081041 -0.118593 -0.124297 0.700279 0.641693 -0.130353 -0.171604 -0.127873 0.146498 0.077662 -0.197075 -0.100716 -0.111323 0.278101 0.092821 0.091332 -0.110937 -0.042310 -0.083420 0.415043 0.358142 0.232300 0.117538 0.222251 0.097411 1.000000 0.891647 0.050079 -0.090360 0.032080 -0.203898 0.014108 -0.004947 0.085101 -0.072654 0.120717 -0.068256 0.076681 -0.071242 -0.074802 0.027212 -0.286912 -0.109636 -0.293182 -0.212329 -0.132371 -0.171406 0.033574 -0.042031 0.130785 0.094849 0.072546 0.252401 -0.056386 -0.030640 0.222647 0.169575 -0.032305 0.026163 -0.032785 -0.337852 0.051327 -0.005389 0.062460 -0.156046 0.156500 0.090827 0.060050 -0.080634 -0.114360 -0.160582 -0.041492 -0.105301 0.070414 0.111597 -0.126475 -0.227833 0.040103 -0.000799 0.103732 0.022886 0.384625 0.176769 0.215027 0.042365 0.236358 -0.007606 0.303218 0.001148 0.041435 0.072601 -0.044525 -0.046731 -0.048656 -0.201980 -0.139244 -0.084224 -0.128280 -0.052877 0.055206 -0.126038 -0.029806 0.053241 0.126089 0.085581 -0.226833 -0.159162 -0.120237 -0.157339 -0.003323 -0.399360 0.097125 -0.027776 0.074981 0.005408
-0.033227 -0.019342 -0.127818 -0.077382 0.684579 0.739536 -0.160968 -0.185868 -0.199588 0.072574 -0.015314 -0.168548 -0.155670 -0.083980 0.286165 0.078020 0.086054 -0.018968 0.010111 -0.070820 0.410712 0.343681 0.257301 0.146436 0.168053 0.253638 0.891647 1.000000 -0.026397 -0.026178 0.063045 -0.232967 0.041929 0.002748 0.094115 -0.049572 0.070249 -0.083777 -0.041526 -0.153966 -0.092058 0.061763 -0.176292 0.013772 -0.230936 -0.150426 -0.053443 -0.077017 0.027236 0.043985 0.142644 0.143737 0.155564 0.268207 -0.212074 -0.151900 0.269067 0.222897 -0.045520 0.067203 -0.075142 -0.321040 0.061020 0.020357 0.027277 -0.164927 0.167195 0.072834 0.101117 -0.058485 -0.141576 -0.176048 -0.063212 -0.044979 0.157726 0.252249 -0.164922 -0.216170 0.117634 0.071908 0.134752 0.029548 0.278839 0.202311 0.207800 0.122256 0.111357 0.051644 0.287773 -0.067385 -0.067332 -0.060539 -0.158313 -0.104805 -0.155918 -0.370233 -0.143106 -0.222307 -0.143627 -0.163982 0.026339 -0.064954 -0.085375 0.030987 0.087348 0.065095 -0.183355 -0.242046 -0.202295 -0.283990 0.037916 -0.384195 0.001131 -0.032303 0.095495 0.070912
0.119088 0.157697 -0.107706 -0.287568 -0.004874 -0.066797 -0.098251 -0.230865 -0.008200 -0.202676 0.545597 0.106530 0.498360 0.094407 0.458674 0.053311 0.691009 0.337244 0.064957 0.189876 -0.188532 -0.108955 0.174380 -0.090730 -0.125569 -0.264220 0.050079 -0.026397 1.000000 0.276591 0.190909 0.056760 0.244942 0.341429 -0.213707 -0.347209 0.274726 -0.007013 -0.011949 -0.319899 0.527170 -0.185118 -0.126041 -0.121770 -0.156214 -0.287395 -0.085632 -0.235707 -0.060387 -0.199623 -0.050255 -0.194795 -0.248997 0.038504 0.062521 -0.031061 0.128923 0.168452 -0.202190 -0.320287 0.234750 -0.116299 0.428212 0.193691 0.304495 0.053271 -0.234727 -0.408027 0.005674 -0.242168 -0.165872 0.098409 0.654469 -0.170558 -0.016629 -0.185955 -0.077504 -0.123910 0.301573 0.266072 0.562382 0.386431 0.586081 0.258256 0.393102 0.121844 0.249743 -0.070326 0.307546 -0.206964 -0.208793 -0.281244 -0.372192 -0.380023 -0.183887 -0.108553 -0.073662 -0.092099 0.009341 -0.322380 -0.142820 -0.280607 -0.309629 -0.386740 -0.129816 0.001977 -0.259218 -0.134189 0.008552 -0.100047 -0.340733 -0.282082 -0.240771 -0.245946 0.056930 0.075167
-0.103998 -0.040459 -0.463022 0.046946 -0.227324 -0.224128 -0.259396 -0.046478 -0.248404 -0.258713 -0.098172 0.444225 -0.118388 0.397073 0.078751 0.230495 0.261846 0.509948 0.019411 0.234013 0.028855 -0.229137 -0.251468 0.272148 -0.286387 0.263976 -0.090360 -0.026178 0.276591 1.000000 0.536420 0.537091 0.197160 0.329712 -0.165052 0.129102 0.577747 0.467166 0.035165 0.014194 0.313968 0.367543 -0.073032 0.212066 0.018337 0.131891 0.091886 0.191619 -0.342228 -0.044577 -0.384242 -0.233862 -0.166892 -0.134333 -0.299444 0.051253 0.101398 0.004400 -0.504961 -0.518442 -0.325035 -0.219011 -0.056576 0.089493 -0.226151 -0.104245 -0.617714 -0.453656 -0.023177 0.036434 0.180486 0.261354 0.424510 0.503826 0.417863 0.339940 0.409425 0.426849 0.614776 0.614140 0.524574 0.650485 0.182176 0.432012 0.044959 -0.051406 0.025805 0.122364 -0.457809 -0.396616 -0.538929 -0.342369 -0.317827 -0.212345 -0.238894 0.050626 0.135567 -0.119182 -0.195220 -0.365418 0.252699 0.219917 -0.001845 -0.293503 -0.255868 -0.194243 -0.001998 -0.168816 -0.234541 -0.043864 -0.140145 -0.183784 -0.261339 -0.002679 0.104858 0.256839
-0.016739 -0.078006 -0.106486 0.129935 -0.041609 -0.180265 0.090746 0.134531 -0.067438 -0.173215 0.084534 0.233275 -0.002003 0.299684 0.083511 0.049874 0.034636 -0.106300 0.205487 0.165805 -0.011673 -0.249705 0.082455 0.397649 -0.102409 0.367297 0.032080 0.063045 0.190909 0.536420 1.000000 0.609120 0.095776 0.239138 -0.009209 0.243928 0.445919 0.200414 0.032071 -0.071232 0.267467 0.298571 -0.084191 0.118376 0.014812 0.125921 0.077351 0.113111 -0.357951 -0.037753 -0.265186 -0.244551 -0.215578 -0.204262 -0.205886 -0.025906 -0.104035 -0.188657 -0.466771 -0.467060 -0.378733 -0.369308 -0.245792 -0.251510 -0.175469 -0.140752 -0.381267 -0.143497 -0.014094 0.023447 0.163401 0.077877 0.090650 0.251214 0.094421 0.012563 0.344697 0.335050 0.210803 0.176955 0.211949 0.211941 0.053773 0.122674 -0.068589 -0.119537 -0.044218 0.131766 -0.325682 -0.504137 -0.204862 -0.047040 -0.082033 0.032852 -0.033506 0.093236 0.078464 -0.094036 -0.224979 -0.306641 0.004735 0.186945 0.038047 -0.097236 -0.155490 -0.054826 -0.019790 -0.289572 -0.167309 0.075393 0.000052 -0.293922 -0.297245 0.041679 0.213693 0.255701
-0.192102 -0.255425 -0.126823 0.513052 -0.422603 -0.533026 0.183887 0.553235 0.199246 0.196718 -0.154568 0.416707 0.026532 0.530924 -0.262998 0.160923 -0.269881 -0.113847 0.072649 0.204664 -0.010754 -0.309677 -0.187363 0.567905 -0.107110 0.344986 -0.203898 -0.232967 0.056760 0.537091 0.609120 1.000000 -0.114036 0.276918 0.132243 0.475406 0.517873 0.200400 0.027113 0.175669 0.271881 0.397446 -0.133859 0.043652 0.156599 0.224989 -0.006896 0.182329 -0.416498 -0.179632 -0.458777 -0.466454 -0.345535 -0.354945 -0.270896 0.023359 -0.381999 -0.456285 -0.467063 -0.493986 -0.490404 -0.111302 -0.419408 -0.321216 -0.365931 0.085301 -0.511908 -0.036780 -0.128742 0.206425 0.377362 0.348032 0.141920 0.340227 0.111881 -0.010913 0.454127 0.505120 0.094933 0.073223 0.095831 0.196744 -0.064101 0.162609 -0.295244 -0.369623 -0.116514 0.038775 -0.547902 -0.478717 -0.088951 0.048317 0.220399 0.093411 0.098014 0.351939 0.127019 0.268034 -0.267585 -0.216383 0.220576 0.106538 0.290183 -0.183062 -0.123004 -0.245126 -0.042119 -0.303260 0.013946 0.304513 0.044517 -0.153323 -0.176978 0.151890 0.077097 0.140086
0.373579 0.689594 -0.461205 -0.192237 0.009507 0.233834 -0.418475 -0.448189 -0.062261 -0.012102 -0.167708 -0.246936 -0.065999 -0.235426 0.009068 0.182985 0.472336 0.230345 0.281518 0.503573 0.145879 -0.141023 -0.203420 -0.413322 0.171028 -0.063508 0.014108 0.041929 0.244942 0.197160 0.095776 -0.114036 1.000000 0.718700 -0.271590 -0.078876 0.206556 0.015069 -0.154659 -0.427506 0.155308 -0.133676 0.364382 0.402402 0.352453 0.287160 0.412157 0.311405 -0.156486 0.342160 -0.287676 -0.009852 0.129307 0.027660 -0.404584 -0.268920 0.603877 0.688085 -0.250064 -0.062275 -0.171728 -0.314589 0.086248 0.269550 -0.381840 -0.467460 -0.024913 -0.392382 0.754951 0.451897 -0.237714 -0.171293 0.320118 0.186741 0.289166 0.131907 -0.062040 -0.047085 0.491239 0.547412 0.495724 0.552394 0.060575 0.093860 -0.105805 0.052240 -0.135537 -0.169506 -0.099282 -0.279704 -0.492902 -0.661032 -0.562531 -0.502178 -0.468898 -0.359321 0.210869 -0.292468 -0.315341 -0.365389 -0.389850 -0.166840 -0.353378 -0.274959 -0.302948 -0.000940 -0.333338 -0.157851 -0.282734 -0.303010 0.050704 0.059025 -0.248307 -0.010572 0.249344 0.188089
0.137585 0.520314 -0.480741 0.085504 -0.162504 0.067650 -0.257293 -0.028148 0.110708 0.233672 -0.072165 0.076959 0.068822 0.035588 -0.104885 0.302449 0.305875 0.238296 0.177613 0.488822 0.082047 -0.166643 -0.207783 -0.048218 0.114282 0.013943 -0.004947 0.002748 0.341429 0.329712 0.239138 0.276918 0.718700 1.000000 -0.144420 0.152742 0.301406 0.076800 -0.183422 -0.294158 0.236875 0.028998 0.082994 0.210406 0.270287 0.231521 0.156986 0.199226 -0.439046 0.037580 -0.416452 -0.320381 -0.099686 -0.133133 -0.462420 -0.271089 0.257028 0.342731 -0.527279 -0.375371 -0.303648 -0.162153 -0.052903 0.277938 -0.230905 -0.053048 -0.328374 -0.259453 0.509767 0.401476 -0.081222 -0.007480 0.387579 0.143565 0.217826 0.076790 0.004009 0.059640 0.339906 0.392123 0.454854 0.522805 0.181662 0.360306 -0.082336 -0.101468 -0.129219 -0.122757 -0.065456 -0.341711 -0.409722 -0.504630 -0.373714 -0.463850 -0.340707 -0.165141 0.087917 -0.049138 -0.471363 -0.375575 -0.327171 -0.348211 -0.277712 -0.405681 -0.275429 -0.122598 -0.370105 -0.265732 -0.133080 -0.111655 0.015495 -0.052476 -0.251059 -0.018567 0.251536 0.159378
-0.152857 -0.402401 0.064714 0.095106 -0.216365 -0.129686 0.008545 0.179606 -0.146805 0.217682 -0.049832 -0.008311 -0.244316 -0.142452 -0.254878 -0.229885 -0.337938 -0.245105 -0.251889 -0.100905 -0.001919 0.055632 -0.035785 0.166060 0.177975 0.090121 0.085101 0.094115 -0.213707 -0.165052 -0.009209 0.132243 -0.271590 -0.144420 1.000000 0.503534 -0.000619 -0.155004 0.103319 0.179657 -0.073475 0.025263 -0.043996 0.032122 0.118856 0.069764 0.033905 0.077139 0.059782 -0.012132 0.011229 0.091493 -0.195959 -0.155798 0.002234 0.249682 -0.308505 -0.376684 -0.066161 0.031322 -0.198426 -0.168419 -0.186573 -0.319776 -0.049838 0.150181 0.151934 0.408177 -0.326027 -0.111761 0.093676 0.071729 -0.138218 -0.064558 -0.132075 0.018924 0.115639 0.247857 -0.186239 -0.229832 -0.272442 -0.270832 -0.256393 -0.271671 -0.050811 -0.146456 -0.236953 0.012895 -0.077700 -0.118519 0.211248 0.343801 0.282352 0.279248 0.336502 0.086837 0.138818 0.285529 0.070429 0.357724 0.283759 -0.021688 0.344432 0.155186 0.175455 0.019277 0.141647 -0.089969 0.125889 0.176487 0.320387 -0.125447 0.117720 0.259414 -0.018032 -0.076299
-0.077045 -0.343547 -0.037651 0.418555 -0.279087 -0.332150 0.089447 0.361346 0.125408 0.383619 -0.194158 0.194559 -0.141045 0.236073 -0.392502 0.033499 -0.504318 -0.304274 -0.000204 0.050948 0.112612 -0.219037 -0.102863 0.451974 -0.012768 0.112377 -0.072654 -0.049572 -0.347209 0.129102 0.243928 0.475406 -0.078876 0.152742 0.503534 1.000000 0.320212 0.074486 0.023577 0.181680 0.024293 0.286452 -0.076238 -0.015072 0.324885 0.277326 -0.046424 0.127752 -0.130970 -0.123689 -0.267215 -0.302263 -0.202869 -0.412120 -0.360539 -0.105136 -0.273363 -0.384824 -0.164916 -0.175590 -0.381945 -0.179062 -0.511396 -0.421592 -0.282765 0.013014 -0.187732 0.422876 -0.078243 0.317097 0.270031 0.142118 0.083649 0.346583 0.244255 0.230635 0.390159 0.413529 -0.052949 -0.043774 -0.235189 -0.177854 -0.335504 -0.077039 -0.311634 -0.303445 -0.155273 0.088861 -0.387832 -0.260378 0.011080 0.195481 0.379746 0.328526 0.132848 0.159299 0.094738 0.175118 -0.381507 0.012764 0.293276 0.197801 0.319269 0.144681 0.028901 -0.167488 -0.057699 -0.203736 0.078880 0.135429 0.409865 -0.063271 -0.006052 0.277488 0.152119 0.106580
