1.000000 0.402070 0.272188 0.031011 -0.292685 -0.478854 0.243338 -0.021110 -0.470593 -0.518130 0.433093 0.022207 0.173231 -0.261227 0.062596 -0.163077 0.274586 0.023837 0.350447 0.581934 -0.161015 -0.137184 -0.062626 0.171165 -0.278248 -0.211890 -0.138063 -0.094788 0.096417 -0.182119 -0.298147 -0.240004 0.122539 0.045222 -0.256135 -0.299855 0.039189 0.057732 0.029518 0.161272 -0.091845 0.038186 -0.394452 -0.291580 -0.390985 -0.354985 -0.362122 -0.316774 0.015019 -0.338054 -0.252286 -0.078890 -0.292237 -0.347718 -0.086822 -0.139576 0.248130 0.221029 0.111460 -0.134816 0.139656 -0.054593 0.087593 0.002891 0.038716 -0.022182 -0.039172 -0.040607 0.176901 0.157311 -0.162517 -0.126905 -0.042673 -0.127519 -0.012252 0.001404 0.203780 0.100463 0.331500 0.132242 0.067474 0.024892 0.206508 0.128846 0.211870 0.125276 0.025263 0.427446 0.066726 0.266244 0.202586 0.125332 -0.085616 -0.159941 -0.000384 0.256943 -0.103408 -0.293089 -0.299620 0.110256 0.033747 -0.069760 0.223632 -0.000831 -0.123974 0.025393 0.035463 0.262192 0.177134 0.143765 -0.210355 -0.121311 0.066630 0.068601 -0.065748 0.117516
0.402070 1.000000 -0.017828 -0.025075 -0.258750 -0.406597 0.145568 0.321848 -0.359398 -0.198639 0.205751 0.355039 0.087719 0.273548 -0.097091 0.133395 0.072868 0.236773 0.178356 0.303815 -0.173947 -0.224294 -0.525597 -0.170147 -0.604308 -0.547634 -0.185220 -0.327994 0.305384 0.302175 -0.180039 -0.227646 0.371851 0.282332 -0.253672 -0.178822 0.310044 0.244966 0.034689 -0.020254 0.070437 0.038432 -0.306382 -0.184941 -0.472685 -0.469891 -0.137609 -0.252349 -0.228520 -0.363479 -0.429294 -0.045497 -0.177010 -0.134914 0.002377 -0.050013 0.185826 0.155945 0.230686 0.031535 0.362759 0.428745 0.254502 0.278318 0.012090 0.031917 -0.122509 -0.374098 0.239624 0.168492 -0.144229 -0.097551 0.314912 0.190455 0.281341 0.228501 0.284962 0.244154 0.096946 0.013087 0.079283 0.060970 -0.136958 0.186881 -0.280884 -0.123738 -0.226244 -0.083194 -0.254332 0.144298 0.222874 -0.092168 0.048668 -0.085105 0.086992 0.063392 -0.010241 0.022840 0.011441 0.222593 0.109926 0.136298 0.379772 0.190435 0.200058 0.220178 0.192478 0.182978 0.051214 -0.024969 -0.230906 0.050521 0.151450 0.151691 -0.004180 0.148351
0.272188 -0.017828 1.000000 0.538710 -0.303112 -0.526706 0.695373 0.474906 -0.128278 -0.301282 -0.003914 -0.162408 0.065846 0.034273 -0.005589 -0.026853 -0.230932 -0.331218 0.455689 0.407296 0.012407 -0.027673 0.519636 0.529282 -0.221002 -0.098211 -0.249805 -0.147896 -0.087375 -0.054572 0.162485 0.288388 -0.120088 0.121334 0.200856 0.160085 -0.079428 -0.068792 -0.155926 0.030381 0.044533 0.047253 -0.328435 -0.256744 -0.363518 -0.354487 -0.483954 -0.269972 -0.153228 -0.448364 0.076016 -0.199312 -0.282620 -0.507793 -0.147091 -0.367581 -0.305250 -0.134006 -0.133969 0.021120 -0.160938 -0.086629 -0.314052 -0.403562 0.271800 0.273250 0.221397 0.141692 0.058679 0.193379 0.127744 0.023762 -0.011618 -0.030519 -0.025818 -0.078139 0.124542 0.150776 -0.186095 -0.177055 -0.365509 -0.328640 -0.230837 -0.282509 -0.064690 -0.102036 -0.131624 -0.059757 -0.047058 0.026586 -0.025243 -0.027368 -0.102387 -0.139441 0.019157 0.069418 -0.055121 -0.179349 -0.491760 -0.221142 -0.093059 0.175506 0.226046 -0.034741 -0.158196 -0.050704 0.078961 0.122340 0.045328 0.126544 -0.143932 -0.333546 -0.025313 0.002809 -0.071473 0.125382
0.031011 -0.025075 0.538710 1.000000 -0.256193 -0.218750 0.473535 0.630351 -0.188287 -0.182521 -0.121007 -0.005846 0.088169 0.155886 -0.065791 0.155200 -0.306652 -0.317121 0.250606 0.222012 0.016134 -0.002738 0.506818 0.666210 -0.170796 0.117926 -0.077710 0.030454 -0.061735 0.000025 0.383037 0.524652 -0.196401 0.056230 0.036147 0.059842 -0.157310 -0.067834 -0.038753 -0.013423 -0.006754 0.069734 -0.325118 -0.209759 -0.359601 -0.341259 -0.300766 -0.243656 -0.335696 -0.361294 0.010981 -0.214976 0.062249 -0.142775 0.085466 -0.159682 -0.233055 -0.339459 -0.278956 -0.038943 -0.318301 -0.248510 -0.212290 -0.444118 0.085423 0.180156 -0.039818 0.022814 0.110153 -0.018672 0.155901 0.224948 -0.032567 0.026973 0.019091 -0.003736 -0.055112 0.094943 -0.263597 -0.241831 -0.365389 -0.374181 -0.190340 -0.185607 -0.053603 0.002240 0.035044 -0.029246 -0.024799 0.001466 -0.105405 -0.043202 0.211776 -0.038743 -0.003424 0.029252 -0.003464 0.040390 -0.230837 -0.160819 0.052430 0.021997 0.178334 -0.128321 -0.032181 -0.029411 0.138180 -0.031320 0.133519 0.177577 -0.086483 -0.236034 0.058482 0.081225 0.098395 0.021047
-0.292685 -0.258750 -0.303112 -0.256193 1.000000 0.499551 -0.222933 -0.039320 0.452730 0.545044 -0.109695 0.114989 0.092278 0.152127 0.331124 0.129258 -0.001207 0.022723 -0.406903 -0.295331 0.456091 0.101991 -0.036966 -0.241652 0.371111 0.174775 0.158859 0.060971 -0.223142 -0.092674 -0.080321 -0.143617 -0.355350 -0.396833 0.118202 -0.008178 -0.163268 -0.149108 -0.098744 -0.194562 -0.180490 -0.210295 0.088660 -0.039537 0.304367 0.361984 0.056467 0.029850 0.217604 0.362078 0.084928 0.212702 0.134954 0.274013 0.052435 0.030762 -0.141397 -0.134694 0.147811 0.119856 0.125143 0.185341 0.017473 0.114371 -0.039149 0.160380 -0.134385 0.177820 -0.208179 -0.275585 0.106327 0.084985 -0.294623 -0.108795 -0.118518 -0.184294 -0.218165 -0.135201 -0.139847 -0.087471 0.098400 0.034004 0.057404 0.269634 0.032948 0.006558 0.051422 -0.189141 0.269882 -0.030562 0.165680 0.120681 -0.020461 0.053021 -0.262086 -0.226766 -0.197414 0.089374 -0.049312 -0.145282 -0.242727 -0.278768 -0.317128 -0.133955 -0.193694 -0.247130 -0.224229 -0.156277 -0.259050 -0.225062 0.047899 -0.127730 -0.124513 -0.225388 -0.104703 -0.163924
-0.478854 -0.406597 -0.526706 -0.218750 0.499551 1.000000 -0.492134 -0.304089 0.449056 0.523159 -0.261743 -0.073095 -0.033587 -0.190859 0.198675 0.163860 -0.015826 -0.110738 -0.247253 -0.401064 0.212151 0.166581 0.035012 -0.211092 0.679808 0.603521 0.479042 0.487388 -0.315133 -0.220680 0.120025 -0.034120 -0.156391 -0.234476 0.085844 -0.067308 -0.169159 -0.191167 0.185413 -0.254758 -0.013138 0.017447 0.294861 0.165735 0.310543 0.362262 0.269503 0.271838 0.129298 0.389351 0.273748 0.158202 0.287294 0.482239 0.187869 0.276286 0.101431 0.021056 0.184140 0.163736 -0.016246 -0.014641 -0.051884 0.035117 -0.228505 -0.083832 0.007447 0.078804 -0.025059 -0.162747 0.153911 -0.019961 -0.258768 -0.041632 -0.101759 -0.086921 -0.403914 -0.348860 -0.266374 -0.071484 -0.089643 -0.074269 0.067821 -0.055304 0.018829 0.087815 0.259454 -0.145833 0.170129 -0.051661 -0.197006 -0.078118 -0.057352 0.094573 -0.163663 -0.425526 0.036805 0.164403 0.292346 -0.114962 -0.081169 -0.160622 -0.430810 -0.081099 -0.055948 -0.109273 -0.084683 -0.316776 -0.289291 -0.206460 0.117075 0.079660 -0.110861 -0.170916 0.125468 -0.229897
0.243338 0.145568 0.695373 0.473535 -0.222933 -0.492134 1.000000 0.636822 -0.233299 -0.232053 0.140862 0.166022 0.371016 0.284113 -0.082349 0.169216 -0.222535 -0.061590 0.291171 0.219408 -0.161243 -0.039245 0.292650 0.343595 -0.489997 -0.275190 -0.365714 -0.273084 0.146766 0.185224 0.277071 0.322731 -0.027572 0.137303 0.120263 0.089216 -0.189377 0.039767 -0.185132 -0.007225 -0.109669 0.123218 -0.274672 -0.227238 -0.292268 -0.392110 -0.461803 -0.326002 -0.207802 -0.373868 0.028852 -0.068741 -0.097763 -0.320036 -0.073663 -0.318135 -0.214794 -0.316942 0.018591 0.053966 0.098411 0.124253 -0.123430 -0.262813 0.332089 0.337073 0.188554 -0.109251 0.047308 -0.038309 0.060844 0.110219 0.130233 0.116547 0.175205 0.031340 0.062222 0.160371 -0.194727 -0.186016 -0.400961 -0.376000 -0.406389 -0.263006 -0.205165 -0.161934 -0.398816 -0.165092 -0.254915 -0.235870 -0.022732 -0.230501 -0.139276 -0.149561 -0.049252 0.066846 -0.066396 -0.059615 -0.331059 -0.082249 0.081855 0.120723 0.281161 -0.091154 -0.104370 0.058698 0.194517 0.221121 0.115910 0.002432 -0.414711 -0.287692 -0.047489 0.015843 -0.052045 0.226791
-0.021110 0.321848 0.474906 0.630351 -0.039320 -0.304089 0.636822 1.000000 -0.173336 0.044268 -0.057623 0.341722 0.144475 0.535142 -0.097698 0.325255 -0.298572 -0.109852 0.029752 0.146701 -0.006771 -0.044690 0.128738 0.367741 -0.486759 -0.319119 -0.245596 -0.302327 0.018687 0.204472 0.288248 0.395512 -0.062705 0.195280 0.050245 0.079703 -0.150227 0.013578 -0.183637 -0.127648 -0.090011 -0.064352 -0.400648 -0.313590 -0.363916 -0.368284 -0.444070 -0.361413 -0.206298 -0.314560 -0.057540 0.026420 -0.066755 -0.218313 0.082535 -0.265752 -0.348010 -0.421195 -0.109130 0.008589 0.061843 0.188171 -0.176058 -0.287261 0.279311 0.496809 -0.059717 -0.042801 -0.096627 -0.043153 0.091685 0.286186 0.086084 0.115912 0.123595 0.012023 0.036966 0.262380 -0.343204 -0.360459 -0.420031 -0.460418 -0.398354 -0.019609 -0.383721 -0.194445 -0.328001 -0.341649 -0.236523 -0.117132 0.059172 -0.077928 0.265900 0.006252 0.028239 -0.028030 -0.085991 0.101262 -0.291357 -0.146524 0.002123 0.081969 0.264655 -0.052138 -0.032923 0.029617 0.146109 0.020278 0.058226 0.063839 -0.154452 -0.232051 0.136659 0.063637 -0.060405 0.113716
-0.470593 -0.359398 -0.128278 -0.188287 0.452730 0.449056 -0.233299 -0.173336 1.000000 0.734931 -0.245454 -0.190375 -0.002905 0.159975 0.371618 0.260453 -0.025417 -0.100441 -0.042680 -0.190674 0.169572 0.137162 0.144018 0.030927 0.522199 0.304769 0.137349 -0.023938 -0.109506 0.063109 0.223754 0.074049 0.009384 -0.011938 0.329265 0.194379 0.062666 -0.180249 -0.044331 -0.164627 0.292919 0.031511 -0.019321 -0.092151 0.120975 0.176507 -0.001703 -0.037724 -0.077553 0.070503 0.121253 -0.147265 -0.090195 -0.045162 0.037655 -0.074864 -0.099263 -0.088020 0.045594 0.053106 0.065113 0.066964 -0.160137 -0.035619 0.122662 0.073685 0.127880 0.086650 0.019845 0.012246 0.216430 0.118665 0.085522 0.162945 0.075675 0.045974 -0.091829 -0.048099 -0.213108 -0.022425 -0.060396 0.028544 -0.143272 -0.075962 -0.065926 -0.126979 0.101643 -0.260323 0.202354 0.039150 -0.221485 -0.112407 -0.085199 -0.010303 -0.097725 -0.154507 -0.034651 0.228243 -0.159748 -0.164711 -0.222508 -0.091016 -0.248388 -0.135208 0.004508 -0.097103 0.011881 -0.275053 -0.037904 -0.009916 0.035593 -0.105702 -0.190021 -0.265710 -0.002009 -0.014925
-0.518130 -0.198639 -0.301282 -0.182521 0.545044 0.523159 -0.232053 0.044268 0.734931 1.000000 -0.288377 0.097373 -0.016199 0.292595 0.160838 0.318012 -0.051131 0.000872 -0.292934 -0.300320 0.142571 0.043367 -0.121302 -0.176739 0.356071 0.215169 0.089699 -0.017154 -0.133809 0.087628 0.096759 -0.017620 -0.036533 -0.061550 0.163215 0.102608 0.014333 -0.135694 -0.062771 -0.236817 0.157533 0.032548 0.019417 -0.018935 0.121019 0.167661 0.050873 0.040301 0.044858 0.168123 0.164918 0.045608 0.146430 0.133895 0.054557 -0.030005 -0.045626 -0.154976 0.131315 0.153026 0.165249 0.222386 -0.083765 -0.001700 0.068503 0.229362 0.077165 0.078536 -0.126336 -0.095849 0.173371 0.072070 0.043165 0.178262 0.102342 0.017745 -0.154094 -0.016844 -0.160462 -0.088214 -0.030204 -0.055998 -0.230778 0.039514 -0.218330 -0.102468 -0.106710 -0.358055 0.040486 -0.140327 -0.113826 -0.074668 0.042621 -0.038043 -0.010817 -0.208406 -0.028659 0.191044 -0.075002 -0.191481 -0.224011 -0.152735 -0.293012 -0.188889 0.002134 -0.173214 -0.009849 -0.248448 -0.166194 -0.120310 0.076388 -0.140653 -0.157799 -0.255057 -0.014892 -0.077740
0.433093 0.205751 -0.003914 -0.121007 -0.109695 -0.261743 0.140862 -0.057623 -0.245454 -0.288377 1.000000 0.308068 0.571113 0.151118 0.264209 0.061335 0.368243 0.271702 -0.051359 0.164395 -0.202034 -0.088458 0.020848 -0.049850 -0.232602 -0.185185 -0.068691 -0.071587 0.304064 0.056895 -0.121581 -0.062092 0.092557 0.087883 -0.178587 -0.211821 -0.069028 -0.144547 -0.094269 -0.017022 0.000846 -0.046860 -0.300155 -0.198572 -0.217838 -0.139168 -0.285011 -0.236127 -0.045405 -0.189984 -0.072078 -0.068848 -0.055917 -0.106293 -0.100800 -0.299409 0.183093 0.164767 -0.014199 -0.149060 0.198394 0.037010 0.372465 0.168498 0.114611 -0.001875 -0.101359 -0.140216 0.059463 -0.014835 -0.155141 -0.030638 0.135867 -0.020139 0.157703 0.136508 0.077997 -0.113615 0.289068 0.218165 0.203458 0.125895 0.241755 0.149490 0.427404 0.251251 -0.046732 0.255961 0.216136 0.016060 -0.042088 -0.069693 -0.202432 -0.026037 -0.131958 0.136832 -0.204351 -0.148588 -0.141773 -0.119870 -0.059438 -0.106620 -0.114878 -0.083729 -0.046415 0.004891 -0.144589 -0.000268 0.091689 -0.057344 -0.149730 -0.085119 0.087877 -0.094090 -0.301138 -0.137119
0.022207 0.355039 -0.162408 -0.005846 0.114989 -0.073095 0.166022 0.341722 -0.190375 0.097373 0.308068 1.000000 0.340907 0.532160 -0.059896 0.208396 0.009171 0.263846 -0.325467 -0.117555 -0.148352 -0.166050 -0.276215 -0.114215 -0.374262 -0.314841 -0.088222 -0.149990 0.134321 0.231647 0.087941 0.111627 0.154115 0.181488 -0.137750 -0.244165 -0.159793 -0.109383 -0.162460 -0.030423 -0.164288 -0.149209 -0.157464 -0.085404 -0.165545 -0.196708 -0.089504 -0.123119 -0.005111 -0.061055 -0.146540 0.095104 -0.002725 0.066572 -0.013722 -0.051351 0.007839 -0.097753 0.083659 -0.067324 0.311395 0.304821 0.155405 0.165182 0.101975 0.267523 -0.119875 -0.143044 -0.130900 -0.111557 -0.148236 0.087064 0.121245 -0.064116 0.072767 0.009132 -0.058968 0.035602 -0.008817 0.008197 -0.009349 -0.039045 -0.086906 0.205969 -0.103603 0.131196 -0.212290 -0.174972 -0.203877 -0.199982 0.087840 -0.116530 0.103584 0.050226 -0.007841 -0.021055 0.005577 0.110815 -0.004374 0.109397 0.085356 0.016824 -0.018983 0.091308 0.039224 0.144711 0.036148 0.093140 0.059259 -0.057555 -0.078195 0.080600 0.208412 0.145765 -0.132481 -0.028170
0.173231 0.087719 0.065846 0.088169 0.092278 -0.033587 0.371016 0.144475 -0.002905 -0.016199 0.571113 0.340907 1.000000 0.370946 0.452536 0.363785 0.179133 0.296220 0.044431 0.009273 -0.010701 0.071831 0.293083 0.060128 -0.163472 0.046683 -0.077329 0.054722 0.414370 0.332763 0.388404 0.349802 -0.003953 0.126770 0.096608 0.024909 -0.102072 -0.147057 -0.189850 -0.217020 0.061009 0.137317 -0.364307 -0.302447 -0.286282 -0.300493 -0.407407 -0.356094 -0.300396 -0.320071 -0.068528 -0.198504 -0.048870 -0.110232 -0.018792 -0.350295 0.030090 -0.137362 0.043722 -0.093752 0.229991 0.077685 0.242343 0.105448 0.211871 0.088488 -0.094534 -0.345205 0.053588 -0.277777 0.121622 0.239807 0.280471 0.167041 0.361231 0.287267 -0.009410 -0.042619 0.042060 -0.004899 0.051548 -0.030976 -0.067917 -0.047142 0.199415 0.030277 -0.069669 -0.030984 0.050960 -0.148020 -0.269629 -0.283690 -0.187570 -0.035299 -0.134429 -0.040542 -0.236542 0.066063 -0.226542 -0.173074 -0.109343 -0.127692 -0.163893 -0.143205 -0.006429 0.128025 -0.025770 -0.035910 0.069430 -0.092994 -0.352293 -0.154610 -0.020392 -0.116847 -0.036668 0.108465
-0.261227 0.273548 0.034273 0.155886 0.152127 -0.190859 0.284113 0.535142 0.159975 0.292595 0.151118 0.532160 0.370946 1.000000 0.166917 0.446275 -0.054398 0.377282 -0.172708 -0.078418 0.023969 -0.067097 -0.047020 0.075956 -0.401364 -0.352929 -0.374931 -0.473407 0.382109 0.560390 0.374644 0.391034 0.087198 0.227599 0.053901 0.079988 0.060486 0.009501 -0.343456 -0.162338 0.159573 -0.096890 -0.354126 -0.325949 -0.238027 -0.296581 -0.264109 -0.345796 -0.365089 -0.267620 -0.272089 -0.257443 -0.064439 -0.173575 0.040147 -0.313060 -0.224428 -0.275768 0.014904 0.001486 0.230759 0.318507 0.201948 0.132976 0.225480 0.276193 -0.086387 -0.321845 -0.046164 -0.143695 0.127954 0.464664 0.421937 0.216224 0.371954 0.203737 0.018750 0.238005 -0.100075 -0.101306 0.046503 0.010381 -0.338913 0.088325 -0.252386 -0.267287 -0.273162 -0.448419 -0.086135 -0.181779 -0.124330 -0.236269 0.236919 0.186032 -0.031003 0.105200 -0.119113 0.313858 -0.153932 -0.123656 -0.005296 0.140012 0.089309 0.009658 0.173252 0.180716 0.052880 -0.050966 0.146220 0.111627 -0.107688 -0.050971 0.106035 0.084187 -0.054847 0.162799
0.062596 -0.097091 -0.005589 -0.065791 0.331124 0.198675 -0.082349 -0.097698 0.371618 0.160838 0.264209 -0.059896 0.452536 0.166917 1.000000 0.375459 0.182887 0.058386 0.119977 0.146758 0.309157 0.125360 0.357904 0.112114 0.277785 0.226782 0.187434 0.203536 0.202366 0.132492 0.230817 0.151414 -0.169490 -0.072617 0.223852 -0.086275 0.001826 -0.078031 -0.069291 -0.292101 0.201252 -0.057680 -0.301898 -0.280487 -0.241159 -0.165067 -0.300534 -0.301384 -0.254959 -0.215721 0.019836 -0.142493 -0.255140 -0.141945 0.011171 -0.234356 -0.045768 -0.062310 -0.012046 -0.153307 0.024482 -0.121126 0.062846 0.047658 0.117723 0.025786 -0.152566 -0.202066 0.100604 -0.160164 0.278516 0.208439 0.196450 0.040847 0.177818 0.148414 -0.117241 -0.107374 -0.086728 -0.153426 0.087179 0.072381 0.310852 0.210237 0.257335 0.066261 0.407715 0.138151 0.406186 0.289258 -0.284046 -0.144919 -0.175356 0.081693 -0.156395 -0.105136 -0.282145 0.188015 -0.347662 -0.305281 -0.300773 -0.161321 -0.305506 -0.200108 -0.161803 -0.086869 -0.174005 -0.265926 -0.030091 0.091618 -0.094905 -0.249904 -0.054982 -0.160370 -0.020235 -0.070805
-0.163077 0.133395 -0.026853 0.155200 0.129258 0.163860 0.169216 0.325255 0.260453 0.318012 0.061335 0.208396 0.363785 0.446275 0.375459 1.000000 -0.155293 0.066352 0.147289 0.023653 0.075579 0.118137 0.147360 0.313206 -0.085229 0.178412 0.182115 0.136380 0.343770 0.497401 0.543380 0.402148 0.042997 -0.013716 0.157601 -0.063047 0.307956 0.082812 0.182326 -0.143910 0.491171 0.382876 -0.325151 -0.307739 -0.456253 -0.411741 -0.266302 -0.487637 -0.498597 -0.358972 -0.109992 -0.266671 -0.026485 -0.032504 0.353095 -0.089706 -0.137405 -0.285849 0.121714 -0.040666 0.060139 0.022443 -0.040402 -0.271939 0.033277 0.105638 -0.088174 -0.482142 0.003226 -0.084671 0.366903 0.485135 0.490644 0.466978 0.514284 0.417358 -0.169798 0.104104 -0.237815 -0.052392 -0.221789 -0.155023 -0.217248 -0.127232 -0.064577 -0.035071 0.137148 -0.174573 0.140612 0.211950 -0.483637 -0.506273 -0.030820 -0.093575 0.113936 -0.202381 0.072566 0.144035 -0.258035 -0.210277 0.045866 0.151604 -0.013843 -0.150247 0.158328 0.205690 0.261330 -0.181830 0.039367 0.102236 -0.418150 -0.249560 -0.134818 -0.015158 0.001283 0.144695
0.274586 0.072868 -0.230932 -0.306652 -0.001207 -0.015826 -0.222535 -0.298572 -0.025417 -0.051131 0.368243 0.009171 0.179133 -0.054398 0.182887 -0.155293 1.000000 0.415530 -0.076795 0.093204 -0.039246 -0.008072 -0.102100 -0.264641 0.145498 0.004447 -0.120078 -0.013755 0.346814 0.020578 -0.184862 -0.212062 0.200175 0.111393 -0.151120 -0.241637 0.040495 -0.061907 -0.037342 -0.035047 0.038588 -0.054350 -0.232534 -0.254686 -0.076756 -0.057561 -0.036902 -0.175072 -0.160185 -0.089578 -0.119235 -0.272192 -0.095763 -0.080803 -0.074907 -0.149826 0.684492 0.574526 -0.051843 -0.167642 0.218808 0.047385 0.430667 0.469382 -0.001989 -0.126767 -0.210813 -0.207912 0.249022 0.053447 -0.079943 -0.061297 0.165845 -0.079052 0.081474 -0.044904 -0.072625 -0.244062 0.599277 0.486751 0.553360 0.522568 0.239029 0.087757 0.345130 0.223751 0.069534 0.116032 0.186791 0.077050 -0.113614 -0.117405 -0.164192 -0.129069 -0.183579 0.019781 -0.199045 -0.051237 -0.043418 -0.002422 -0.119020 -0.204962 -0.080079 0.029843 -0.038777 -0.086095 -0.169978 -0.130848 -0.033469 -0.060055 -0.059759 -0.056628 -0.194853 -0.105138 -0.153004 -0.121405
0.023837 0.236773 -0.331218 -0.317121 0.022723 -0.110738 -0.061590 -0.109852 -0.100441 0.000872 0.271702 0.263846 0.296220 0.377282 0.058386 0.066352 0.415530 1.000000 -0.161859 -0.136637 -0.083922 -0.033828 -0.225757 -0.323263 -0.210391 -0.195208 -0.180831 -0.208450 0.571319 0.500416 0.005107 0.029452 0.242813 0.251362 -0.206451 -0.159710 0.128384 0.160037 -0.087717 -0.061538 -0.018463 0.039773 -0.095130 -0.089307 0.016444 -0.073311 0.008307 -0.080868 -0.224813 -0.022878 -0.249097 -0.291133 0.083330 -0.037591 -0.156530 -0.061477 0.319832 0.252431 -0.060174 -0.258118 0.237032 0.095355 0.474598 0.508967 0.072138 -0.187418 -0.187544 -0.419198 0.105711 -0.069471 -0.074571 0.135705 0.372498 0.038511 0.204272 0.057334 0.005656 0.009721 0.454778 0.425832 0.558639 0.594855 0.031287 0.169151 0.145563 -0.059141 -0.189525 -0.049742 -0.082426 -0.317315 -0.167054 -0.271310 -0.136899 -0.069388 -0.116964 0.046418 -0.028132 -0.013755 0.144819 0.055914 0.095989 -0.002725 0.047447 0.034699 0.079348 0.101671 0.051911 0.150744 -0.037394 -0.149739 -0.107551 0.022358 -0.050819 0.022928 -0.212980 0.047860
0.350447 0.178356 0.455689 0.250606 -0.406903 -0.247253 0.291171 0.029752 -0.042680 -0.292934 -0.051359 -0.325467 0.044431 -0.172708 0.119977 0.147289 -0.076795 -0.161859 1.000000 0.637326 0.011429 -0.003171 0.267656 0.326135 -0.063952 0.077312 -0.133273 0.002837 0.192224 0.146667 0.174584 0.090025 0.208953 0.198313 0.240908 0.078204 0.197745 0.116618 0.073262 0.076353 0.252311 0.280488 -0.274135 -0.290407 -0.432981 -0.441990 -0.213903 -0.334236 -0.425738 -0.477921 -0.157745 -0.347805 -0.340030 -0.338814 -0.010276 -0.092146 -0.012385 0.025901 0.036464 0.075264 -0.117931 -0.144389 -0.193379 -0.262029 0.049691 -0.173667 0.182114 -0.188712 0.305425 0.254844 0.151599 0.006185 0.267599 0.200434 0.215700 0.131045 0.159649 0.188101 0.037393 0.001018 -0.232661 -0.120446 -0.243101 -0.351421 0.005614 -0.206078 0.202074 0.048671 -0.125490 0.228853 -0.179209 -0.191547 -0.269527 -0.262800 0.045511 0.096769 -0.004704 0.033716 -0.252157 0.072644 0.005654 0.118488 0.296252 -0.030087 -0.011831 0.104319 0.391961 0.111898 0.098447 0.298973 -0.254003 -0.163987 -0.237262 -0.073293 0.102274 0.162530
0.581934 0.303815 0.407296 0.222012 -0.295331 -0.401064 0.219408 0.146701 -0.190674 -0.300320 0.164395 -0.117555 0.009273 -0.078418 0.146758 0.023653 0.093204 -0.136637 0.637326 1.000000 -0.056491 -0.087951 0.050871 0.426156 -0.185214 -0.194100 -0.189145 -0.224152 0.159627 -0.029223 -0.078607 -0.085912 0.155103 0.175235 -0.010273 -0.049061 0.157392 0.109395 0.077500 0.089096 0.161644 0.050880 -0.471079 -0.407097 -0.472694 -0.384499 -0.351064 -0.363101 -0.245087 -0.464297 -0.403462 -0.262557 -0.435044 -0.427396 -0.023963 -0.184931 -0.010983 0.115001 -0.087608 -0.054896 -0.147287 -0.170869 -0.133683 -0.240805 0.013203 -0.109493 -0.077404 0.073136 0.267546 0.488798 0.154541 0.010757 0.117446 0.132829 0.076298 0.057624 0.234412 0.248019 0.135471 -0.001869 -0.048035 -0.044449 -0.013460 0.024267 0.016043 -0.160305 0.198523 0.217852 0.022480 0.366737 0.153451 0.144285 -0.064786 -0.100451 0.030888 0.148272 -0.193994 -0.079956 -0.394500 -0.080734 -0.181642 0.056494 0.180166 -0.038081 -0.169597 -0.076902 0.061300 -0.004940 -0.015966 0.347612 0.001535 -0.240083 -0.028142 -0.131392 -0.036379 0.061376
-0.161015 -0.173947 0.012407 0.016134 0.456091 0.212151 -0.161243 -0.006771 0.169572 0.142571 -0.202034 -0.148352 -0.010701 0.023969 0.309157 0.075579 -0.039246 -0.083922 0.011429 -0.056491 1.000000 0.268697 0.180251 -0.025060 0.227227 0.329389 0.308173 0.235084 -0.010504 0.179975 0.178500 0.147149 -0.216626 -0.188967 0.140081 0.145130 0.048288 0.138877 -0.055834 -0.177876 0.129495 -0.034135 0.034632 -0.004584 0.032168 0.071346 0.028909 0.028118 -0.112072 0.051511 -0.109062 -0.052603 -0.201222 -0.033664 -0.043387 -0.007659 -0.198137 -0.180044 -0.124930 -0.089612 -0.244884 -0.195929 -0.112196 -0.109483 -0.177756 -0.163247 -0.075213 0.027981 -0.152117 -0.125880 0.276362 0.284912 0.006131 0.166886 0.062787 0.156297 0.007724 0.117451 -0.071053 -0.070535 0.115970 0.094739 0.141798 0.192591 0.070622 -0.078074 0.110170 -0.161250 0.200774 0.145714 -0.073704 0.015204 0.078648 0.065198 -0.041194 -0.111506 -0.022066 0.196803 -0.146907 -0.128145 -0.245470 -0.030883 -0.063948 -0.108999 -0.155779 -0.215483 -0.038771 -0.145844 -0.162116 -0.037097 0.100050 -0.224649 -0.206632 -0.011620 0.021335 -0.173661
-0.137184 -0.224294 -0.027673 -0.002738 0.101991 0.166581 -0.039245 -0.044690 0.137162 0.043367 -0.088458 -0.166050 0.071831 -0.067097 0.125360 0.118137 -0.008072 -0.033828 -0.003171 -0.087951 0.268697 1.000000 0.272636 0.095082 0.288991 0.383247 0.192031 0.352221 0.134144 0.207461 0.323709 0.283476 0.069136 0.099157 0.137648 0.026365 0.065752 0.219456 0.133312 0.073684 0.108408 0.195082 -0.109439 -0.164857 -0.080657 -0.110817 -0.028986 -0.145562 -0.146681 -0.147436 0.008667 -0.154316 -0.143581 -0.021868 0.007711 0.022543 -0.024083 -0.080761 -0.151454 -0.113076 -0.213924 -0.279771 -0.027954 -0.102718 0.038184 -0.105060 0.022553 0.012823 -0.187384 -0.120932 0.139242 0.184331 0.185518 0.203140 0.076700 0.116058 -0.128342 -0.075354 -0.111510 0.012468 -0.005085 -0.020540 0.133623 0.093501 0.089887 -0.010654 0.144756 0.006198 0.134685 0.081007 -0.274564 -0.079003 -0.062504 0.022136 0.002745 0.040548 0.044216 0.136970 -0.041968 -0.037761 -0.076317 0.104098 -0.048495 0.001901 -0.135103 0.004643 0.086524 -0.157384 -0.007290 0.147302 0.066315 -0.021859 -0.146048 0.021028 0.033833 0.028910
-0.062626 -0.525597 0.519636 0.506818 -0.036966 0.035012 0.292650 0.128738 0.144018 -0.121302 0.020848 -0.276215 0.293083 -0.047020 0.357904 0.147360 -0.102100 -0.225757 0.267656 0.050871 0.180251 0.272636 1.000000 0.554408 0.325808 0.574791 0.058371 0.379974 -0.032320 -0.044675 0.502748 0.602082 -0.326245 -0.064404 0.290336 0.150374 -0.212799 -0.216853 -0.037240 -0.113812 0.083779 0.091929 -0.193874 -0.162678 -0.202561 -0.158257 -0.372008 -0.207109 -0.262821 -0.272325 0.355594 -0.277058 -0.051003 -0.209319 -0.010785 -0.313088 -0.200154 -0.233512 -0.246375 -0.096312 -0.338721 -0.434454 -0.239043 -0.381147 0.160191 0.090613 0.069177 0.040196 0.047514 -0.148629 0.290783 0.295868 0.012579 -0.032161 0.000442 0.035757 -0.185446 -0.151912 -0.161327 -0.152746 -0.316406 -0.262110 -0.032558 -0.366433 0.290863 0.064308 0.299715 0.094879 0.261443 -0.013411 -0.454968 -0.139912 -0.127028 -0.023061 -0.109754 -0.071774 -0.142770 -0.021215 -0.402190 -0.378461 -0.168840 -0.070805 -0.196700 -0.266717 -0.198971 -0.064638 0.006026 -0.160337 0.022542 0.128931 -0.104597 -0.335879 -0.136134 -0.078786 0.005625 -0.002099
0.171165 -0.170147 0.529282 0.666210 -0.241652 -0.211092 0.343595 0.367741 0.030927 -0.176739 -0.049850 -0.114215 0.060128 0.075956 0.112114 0.313206 -0.264641 -0.323263 0.326135 0.426156 -0.025060 0.095082 0.554408 1.000000 0.035923 0.254708 -0.034907 0.054575 -0.064461 -0.058784 0.419839 0.499346 -0.132368 0.036413 0.051794 -0.020545 0.011577 -0.120553 0.079529 0.013489 0.207855 0.142143 -0.385603 -0.258153 -0.387170 -0.289603 -0.363948 -0.345167 -0.270396 -0.382052 -0.039118 -0.296316 -0.110076 -0.318115 0.108764 -0.213753 -0.291162 -0.245933 -0.168942 -0.082853 -0.338344 -0.394463 -0.300211 -0.570047 0.081353 0.122124 0.038906 0.088834 0.076574 0.217563 0.330253 0.337199 0.066712 0.091156 0.040041 0.113290 -0.059531 0.127027 -0.143481 -0.163801 -0.381154 -0.308137 -0.151179 -0.255024 0.118024 0.047990 0.297965 0.142147 0.133153 0.187059 -0.258379 -0.143628 0.068089 -0.104833 0.010685 0.019085 -0.038423 -0.121039 -0.433705 -0.308983 -0.033155 0.012189 0.063594 -0.254398 -0.134734 -0.041708 0.121022 -0.134753 0.107007 0.245603 -0.107534 -0.329590 -0.023157 0.025277 -0.021393 0.069611
-0.278248 -0.604308 -0.221002 -0.170796 0.371111 0.679808 -0.489997 -0.486759 0.522199 0.356071 -0.232602 -0.374262 -0.163472 -0.401364 0.277785 -0.085229 0.145498 -0.210391 -0.063952 -0.185214 0.227227 0.288991 0.325808 0.035923 1.000000 0.745048 0.315724 0.458929 -0.337619 -0.367311 0.081229 0.005748 -0.173640 -0.196181 0.180653 -0.058704 -0.081524 -0.182028 0.060341 -0.190108 0.076480 0.031198 0.204624 0.085846 0.292162 0.369303 0.189802 0.224514 0.124193 0.293298 0.327447 -0.059084 0.101303 0.225107 -0.008693 0.084074 0.144610 0.174964 -0.005513 0.061444 -0.232289 -0.251921 -0.124233 -0.022955 -0.188964 -0.180518 0.106190 0.266338 0.039485 -0.093748 0.138948 -0.093740 -0.291026 -0.117355 -0.223590 -0.195287 -0.317026 -0.381556 -0.015649 0.020780 0.025822 0.129439 0.236033 -0.080672 0.283762 0.169545 0.422027 0.004978 0.307735 0.027904 -0.284055 0.009955 -0.217231 -0.019897 -0.193371 -0.274737 -0.064923 0.028428 0.039383 -0.239897 -0.283218 -0.201577 -0.490765 -0.211994 -0.294948 -0.269509 -0.213472 -0.380824 -0.203547 -0.071681 0.221578 -0.039016 -0.195920 -0.243770 0.057774 -0.247050
-0.211890 -0.547634 -0.098211 0.117926 0.174775 0.603521 -0.275190 -0.319119 0.304769 0.215169 -0.185185 -0.314841 0.046683 -0.352929 0.226782 0.178412 0.004447 -0.195208 0.077312 -0.194100 0.329389 0.383247 0.574791 0.254708 0.745048 1.000000 0.428349 0.747236 -0.218425 -0.149964 0.367853 0.323358 -0.210017 -0.160256 0.181881 0.004955 -0.048085 -0.148690 0.207190 -0.201985 0.158571 0.272024 0.145820 0.129332 0.045645 0.137870 0.067796 0.099471 -0.089576 0.062178 0.393059 -0.167214 0.176730 0.187177 0.032024 0.023763 0.105803 -0.018314 -0.035348 -0.024753 -0.325738 -0.440033 -0.168805 -0.280588 -0.168905 -0.163128 0.146968 0.069578 0.064817 -0.101470 0.249458 0.121472 -0.114995 0.024594 -0.015031 0.066865 -0.328537 -0.309131 -0.051987 0.018416 -0.148853 -0.066165 0.078723 -0.297341 0.333564 0.230069 0.458445 0.095482 0.251952 -0.033475 -0.539060 -0.223177 -0.221980 -0.164579 -0.120482 -0.297940 0.051475 -0.020885 -0.085847 -0.297336 -0.154203 -0.213106 -0.379950 -0.331300 -0.182846 -0.153875 -0.001751 -0.285384 -0.150112 -0.089886 -0.030609 -0.242683 -0.324167 -0.130579 0.071856 -0.178225
-0.138063 -0.185220 -0.249805 -0.077710 0.158859 0.479042 -0.365714 -0.245596 0.137349 0.089699 -0.068691 -0.088222 -0.077329 -0.374931 0.187434 0.182115 -0.120078 -0.180831 -0.133273 -0.189145 0.308173 0.192031 0.058371 -0.034907 0.315724 0.428349 1.000000 0.683174 -0.167163 -0.070504 0.105117 0.021020 -0.169997 -0.256130 -0.024607 -0.040008 0.055580 0.019340 0.402190 0.061123 0.161005 0.232101 0.228404 0.267814 0.071986 0.137424 0.159417 0.214848 0.013453 0.123041 0.153607 0.124214 0.014950 0.146532 0.233376 0.322602 0.006705 -0.029507 -0.105507 -0.220173 -0.285208 -0.358436 -0.222841 -0.275933 -0.284846 -0.260418 -0.123483 -0.003766 0.018281 0.024858 0.131414 0.047629 -0.020023 0.140869 -0.014222 0.174213 -0.044985 -0.018046 -0.294810 -0.063954 -0.085968 -0.063007 0.382681 0.089029 0.131354 0.203514 0.291046 0.186419 0.266184 0.192032 -0.132549 -0.027921 0.000431 0.006856 0.042237 -0.193018 0.316053 -0.023566 0.133471 0.043737 0.025910 0.036323 -0.154009 0.030177 0.048101 -0.019662 0.110069 -0.104036 -0.020770 -0.068132 0.143248 0.084991 0.062462 0.102822 0.115083 -0.151467
-0.094788 -0.327994 -0.147896 0.030454 0.060971 0.487388 -0.273084 -0.302327 -0.023938 -0.017154 -0.071587 -0.149990 0.054722 -0.473407 0.203536 0.136380 -0.013755 -0.208450 0.002837 -0.224152 0.235084 0.352221 0.379974 0.054575 0.458929 0.747236 0.683174 1.000000 -0.164959 -0.154876 0.228932 0.170569 -0.222734 -0.208958 0.026126 -0.099158 -0.025744 -0.032568 0.333749 -0.014990 0.045052 0.250764 0.195516 0.197136 0.004964 0.041684 0.142506 0.116168 0.011955 0.054316 0.385223 0.030599 0.148146 0.240577 0.089919 0.157570 0.121292 0.010040 -0.036276 -0.111853 -0.276386 -0.397368 -0.130980 -0.238276 -0.228049 -0.179263 -0.011412 -0.024772 0.036849 -0.159541 0.101593 -0.009373 -0.068417 -0.019761 -0.037933 0.084238 -0.202632 -0.249855 -0.113095 -0.046207 -0.108674 -0.131352 0.289316 -0.123000 0.316269 0.360037 0.472608 0.259576 0.188315 0.058255 -0.313923 -0.128104 -0.158668 -0.130171 0.051071 -0.253720 0.153311 -0.099995 0.074462 -0.035772 -0.042827 -0.143529 -0.267047 -0.109385 -0.074761 -0.094344 0.025493 -0.136212 -0.142951 -0.118645 -0.033133 -0.093987 -0.139475 -0.004818 0.101136 -0.195529
0.096417 0.305384 -0.087375 -0.061735 -0.223142 -0.315133 0.146766 0.018687 -0.109506 -0.133809 0.304064 0.134321 0.414370 0.382109 0.202366 0.343770 0.346814 0.571319 0.192224 0.159627 -0.010504 0.134144 -0.032320 -0.064461 -0.337619 -0.218425 -0.167163 -0.164959 1.000000 0.711421 0.311653 0.251687 0.399088 0.342360 -0.035240 -0.064437 0.272405 0.250028 -0.020925 -0.040053 0.395351 0.210577 -0.351042 -0.335069 -0.315054 -0.407935 -0.107485 -0.379865 -0.613648 -0.363194 -0.440888 -0.450140 -0.183022 -0.168534 -0.078167 -0.158731 0.213595 0.076367 -0.083423 -0.228806 0.119556 0.056765 0.347639 0.275711 0.135190 -0.235156 -0.317934 -0.654419 0.014704 -0.184180 0.137264 0.285790 0.741654 0.374392 0.502780 0.395642 0.120386 0.128110 0.367020 0.284286 0.434113 0.451339 0.052268 0.138237 0.064408 -0.153583 -0.025554 -0.046045 -0.044346 0.009220 -0.333294 -0.304060 -0.069773 -0.072391 0.187949 0.086334 -0.091184 0.116166 -0.087669 0.002598 0.008913 0.246108 0.117833 0.039417 0.161664 0.185007 0.100656 -0.076430 0.083442 0.172054 -0.245764 -0.048626 -0.147640 0.054351 -0.010370 0.153667
-0.182119 0.302175 -0.054572 0.000025 -0.092674 -0.220680 0.185224 0.204472 0.063109 0.087628 0.056895 0.231647 0.332763 0.560390 0.132492 0.497401 0.020578 0.500416 0.146667 -0.029223 0.179975 0.207461 -0.044675 -0.058784 -0.367311 -0.149964 -0.070504 -0.154876 0.711421 1.000000 0.498722 0.393578 0.318799 0.304772 0.059447 0.067584 0.432189 0.371643 -0.010887 -0.015739 0.420093 0.365012 -0.258918 -0.222088 -0.319381 -0.413503 -0.109165 -0.363968 -0.629186 -0.360166 -0.380832 -0.413134 -0.139236 -0.168368 0.045487 -0.074144 0.002602 -0.119126 -0.098002 -0.149988 0.010471 0.025366 0.141108 0.093646 -0.038480 -0.201218 -0.110227 -0.617058 0.017663 -0.078236 0.166625 0.458827 0.801232 0.554372 0.638127 0.437512 0.133266 0.284230 0.103673 0.204180 0.218085 0.286240 -0.221639 -0.007268 -0.149436 -0.298346 -0.159524 -0.334068 -0.122530 -0.082825 -0.388043 -0.438506 0.026167 -0.005455 0.164127 0.074162 0.144464 0.316357 -0.041813 0.104537 0.140021 0.350742 0.253094 0.073098 0.283148 0.287440 0.373343 0.046920 0.182435 0.145972 -0.256661 -0.055018 -0.081599 0.152266 0.063760 0.243843
-0.298147 -0.180039 0.162485 0.383037 -0.080321 0.120025 0.277071 0.288248 0.223754 0.096759 -0.121581 0.087941 0.388404 0.374644 0.230817 0.543380 -0.184862 0.005107 0.174584 -0.078607 0.178500 0.323709 0.502748 0.419839 0.081229 0.367853 0.105117 0.228932 0.311653 0.498722 1.000000 0.859699 0.040657 0.217086 0.222257 0.163993 0.103589 0.069457 -0.082690 -0.164783 0.321921 0.329042 -0.223794 -0.223937 -0.207706 -0.319478 -0.255831 -0.308139 -0.535120 -0.315489 0.015270 -0.368607 -0.098600 -0.127864 0.121266 -0.195641 -0.210952 -0.403606 -0.105386 -0.112006 -0.234357 -0.241675 -0.208218 -0.346346 0.048167 -0.027621 0.049157 -0.373516 0.015172 -0.228766 0.413269 0.591818 0.472768 0.441170 0.514020 0.412775 -0.070224 0.147633 -0.251231 -0.161177 -0.255188 -0.169400 -0.243979 -0.296689 -0.157516 -0.230005 0.071057 -0.349016 -0.136453 -0.170417 -0.564647 -0.408961 0.090968 0.122890 0.076681 -0.074002 0.021693 0.321345 -0.152003 -0.094016 0.033194 0.150851 0.010305 -0.043941 0.193634 0.242579 0.308971 -0.125828 0.220300 0.172431 -0.230927 -0.166695 -0.022041 0.153997 0.204225 0.222556
-0.240004 -0.227646 0.288388 0.524652 -0.143617 -0.034120 0.322731 0.395512 0.074049 -0.017620 -0.062092 0.111627 0.349802 0.391034 0.151414 0.402148 -0.212062 0.029452 0.090025 -0.085912 0.147149 0.283476 0.602082 0.499346 0.005748 0.323358 0.021020 0.170569 0.251687 0.393578 0.859699 1.000000 -0.070802 0.279111 0.268652 0.255151 -0.024877 -0.009239 -0.230640 -0.135852 0.212216 0.178406 -0.256043 -0.170753 -0.198342 -0.253070 -0.372034 -0.280753 -0.465589 -0.308328 0.087495 -0.320666 -0.125535 -0.220577 -0.014364 -0.314015 -0.278300 -0.403477 -0.300887 -0.289165 -0.258729 -0.314820 -0.281384 -0.407800 0.229103 0.121895 -0.011364 -0.227425 -0.036739 -0.242165 0.344660 0.638080 0.350704 0.288450 0.370934 0.381620 0.033314 0.213020 -0.173063 -0.197427 -0.261987 -0.189114 -0.158640 -0.199245 -0.118325 -0.204985 -0.039754 -0.299901 -0.135473 -0.284971 -0.526584 -0.260351 0.144174 0.106531 0.053537 0.000027 -0.068132 0.219526 -0.275919 -0.201967 0.037471 0.111060 -0.039954 -0.072040 0.086126 0.216244 0.164315 -0.084590 0.233433 0.199485 -0.175487 -0.174453 0.090943 0.238753 0.156295 0.200755
0.122539 0.371851 -0.120088 -0.196401 -0.355350 -0.156391 -0.027572 -0.062705 0.009384 -0.036533 0.092557 0.154115 -0.003953 0.087198 -0.169490 0.042997 0.200175 0.242813 0.208953 0.155103 -0.216626 0.069136 -0.326245 -0.132368 -0.173640 -0.210017 -0.169997 -0.222734 0.399088 0.318799 0.040657 -0.070802 1.000000 0.690991 -0.127917 -0.103851 0.163309 0.108178 0.058436 0.061037 0.243926 0.035640 -0.156164 -0.093726 -0.183613 -0.213072 0.068905 -0.111021 -0.219118 -0.200149 -0.348096 -0.284165 -0.305347 -0.170615 -0.236595 0.007228 0.420506 0.289529 0.038092 -0.092319 0.243178 0.117944 0.164071 0.237511 0.089653 -0.193045 0.108053 -0.180429 0.138374 0.248593 -0.160243 -0.154637 0.372230 0.102731 0.127085 0.186721 -0.010231 -0.033585 0.268341 0.431817 0.219863 0.334363 -0.129972 0.047032 -0.022774 -0.012934 -0.042222 -0.025990 -0.216895 -0.044408 -0.172461 -0.326846 -0.165552 -0.227696 0.226869 -0.023859 0.170138 0.044243 0.032998 0.046549 0.004167 0.118268 0.181926 0.018767 0.043255 0.113861 0.206297 0.010859 -0.045568 0.107370 0.006716 0.096718 -0.261393 -0.091657 -0.034895 0.081817
0.045222 0.282332 0.121334 0.056230 -0.396833 -0.234476 0.137303 0.195280 -0.011938 -0.061550 0.087883 0.181488 0.126770 0.227599 -0.072617 -0.013716 0.111393 0.251362 0.198313 0.175235 -0.188967 0.099157 -0.064404 0.036413 -0.196181 -0.160256 -0.256130 -0.208958 0.342360 0.304772 0.217086 0.279111 0.690991 1.000000 0.152917 0.191580 -0.054528 0.069196 -0.236403 -0.140391 0.071550 -0.087038 -0.251232 -0.115681 -0.263969 -0.266173 -0.178606 -0.141310 -0.240402 -0.299809 -0.142790 -0.276775 -0.364953 -0.336194 -0.383020 -0.248722 0.148931 0.051905 -0.181490 -0.261514 0.233090 0.043240 0.092853 0.119616 0.428585 0.154441 0.122403 -0.025987 0.032201 0.103164 -0.110022 0.011470 0.306666 0.015676 0.117499 0.233737 0.132440 0.089663 0.172114 0.142684 0.122016 0.172741 -0.132165 0.035842 -0.097916 -0.093793 -0.153482 -0.084072 -0.338572 -0.236869 -0.267458 -0.175300 -0.109760 -0.137575 0.086484 0.003946 -0.089179 0.061296 -0.174743 -0.155754 -0.081524 0.044434 0.060056 0.002447 -0.048836 -0.005359 0.039860 -0.047974 0.014893 0.091527 0.051133 0.009375 -0.090669 -0.085733 -0.033017 0.030157
-0.256135 -0.253672 0.200856 0.036147 0.118202 0.085844 0.120263 0.050245 0.329265 0.163215 -0.178587 -0.137750 0.096608 0.053901 0.223852 0.157601 -0.151120 -0.206451 0.240908 -0.010273 0.140081 0.137648 0.290336 0.051794 0.180653 0.181881 -0.024607 0.026126 -0.035240 0.059447 0.222257 0.268652 -0.127917 0.152917 1.000000 0.578821 -0.090451 -0.040955 -0.142697 -0.233433 0.091952 0.023476 -0.007218 -0.115879 -0.024084 -0.048248 -0.192200 -0.114974 -0.142896 -0.124952 0.211152 -0.028514 -0.244319 -0.066521 0.028192 -0.155929 -0.242374 -0.250492 0.009747 0.098458 0.066263 0.073143 -0.234655 -0.188800 0.345932 0.277804 0.279849 0.130346 -0.152107 -0.112044 0.133256 0.186957 0.015992 0.024064 -0.001823 0.081746 0.006750 0.051947 -0.194309 -0.292906 -0.304568 -0.280790 -0.128125 -0.166918 -0.174435 -0.187099 0.056044 -0.147855 -0.110340 0.062449 -0.208844 0.017827 -0.174346 0.057573 -0.155453 -0.140463 -0.139062 0.125124 -0.225239 -0.236144 -0.227872 0.060597 -0.212503 -0.123814 -0.208928 -0.029718 -0.121594 -0.274094 0.012487 0.140132 -0.042780 -0.110286 -0.049876 -0.142790 0.111777 -0.004701
-0.299855 -0.178822 0.160085 0.059842 -0.008178 -0.067308 0.089216 0.079703 0.194379 0.102608 -0.211821 -0.244165 0.024909 0.079988 -0.086275 -0.063047 -0.241637 -0.159710 0.078204 -0.049061 0.145130 0.026365 0.150374 -0.020545 -0.058704 0.004955 -0.040008 -0.099158 -0.064437 0.067584 0.163993 0.255151 -0.103851 0.191580 0.578821 1.000000 -0.087506 0.031815 -0.153747 -0.100042 0.028599 -0.088831 0.078135 0.080482 0.149186 0.177145 -0.162322 0.011196 -0.015478 -0.048507 0.135201 -0.043714 -0.219783 -0.242889 -0.095235 -0.250376 -0.389531 -0.328530 -0.133977 -0.041232 -0.017212 0.014202 -0.287484 -0.259505 0.303907 0.200512 0.236406 0.269812 -0.079073 -0.039945 0.091929 0.220753 -0.041112 0.152244 0.083126 0.273251 0.230367 0.246600 -0.171521 -0.235974 -0.182479 -0.206226 -0.200486 -0.198331 -0.205969 -0.235060 -0.221370 -0.214777 -0.220154 -0.143572 -0.074424 0.185132 0.076769 0.165449 0.056386 0.043808 -0.205275 0.074230 -0.187265 -0.090965 -0.117599 -0.050923 0.013513 -0.043486 0.027716 0.039238 -0.034349 0.028357 0.096593 -0.006113 0.037879 0.014822 0.106091 -0.029069 0.227284 0.238334
