1.000000 0.662192 -0.496872 -0.482352 -0.001802 -0.087135 -0.171522 0.070140 0.040930 0.169380 0.537292 0.442242 0.417547 0.451242 0.166914 0.413410 0.482556 0.525859 -0.066317 0.509778 -0.134692 -0.195607 -0.539570 -0.541016 -0.607036 -0.540006 -0.279906 -0.378654 0.141981 0.382569 -0.455824 -0.436429 0.415205 -0.254262 -0.515337 -0.557232 -0.122691 0.000311 -0.160396 -0.384636 -0.167482 -0.038418 -0.281391 -0.313237 -0.084763 -0.500032 -0.104497 -0.229310 -0.030654 0.010498 -0.289363 -0.054247 0.006230 -0.193713 0.093079 -0.107487 0.710771 0.533876 0.610645 0.445981 0.633119 0.550154 0.317508 0.556993 -0.383766 -0.164585 0.087943 -0.468198 0.466561 0.151820 -0.170146 -0.270527 0.204245 -0.043048 -0.055937 -0.019119 -0.086571 -0.079817 -0.105625 0.037843 0.332179 0.251852 -0.427849 0.007972 0.311702 0.169113 -0.169544 -0.162427 0.100758 -0.054391 -0.254139 -0.326535 -0.524286 -0.400076 -0.119225 0.090807 -0.259015 -0.248835 0.127581 0.134957 0.125177 0.065507 -0.025406 0.041635 -0.227994 -0.195095 -0.029234 0.298328 0.009963 0.108143 -0.518948 -0.046378 0.070571 -0.377008 -0.312835 -0.167742
0.662192 1.000000 -0.583341 -0.321837 -0.156882 -0.247913 -0.450076 -0.122942 -0.042408 -0.064351 0.277630 0.262065 0.155038 0.256528 0.117079 0.225979 0.503403 0.670011 -0.135495 0.303479 -0.188501 -0.109323 -0.414944 -0.421999 -0.508558 -0.399700 -0.327844 -0.208571 0.077259 0.433718 -0.472462 -0.397391 0.471501 -0.307050 -0.592839 -0.585633 0.084094 0.155402 -0.021819 -0.213917 0.039584 0.187058 -0.369186 -0.254135 0.016172 -0.494537 -0.166417 -0.232976 -0.216287 0.093989 -0.146777 0.041273 0.297182 0.013464 0.319581 0.033976 0.832956 0.856135 0.297821 0.500541 0.347822 0.465760 0.280824 0.640725 -0.402218 -0.330412 -0.036197 -0.628259 0.596384 0.440141 -0.071090 -0.203189 0.308927 0.134492 0.048667 0.037146 -0.081554 -0.040923 -0.009146 0.092800 0.421774 0.369648 -0.389214 -0.022621 0.311512 0.265227 -0.074860 0.027503 0.071807 0.186990 -0.361800 -0.464220 -0.507997 -0.513725 -0.220799 -0.061096 -0.183713 -0.148712 0.097351 0.126123 0.390527 -0.155397 0.091580 -0.067286 -0.276532 -0.338928 -0.071568 -0.022751 -0.071698 0.096772 -0.374241 0.157623 0.093783 -0.139522 -0.293787 -0.163465
-0.496872 -0.583341 1.000000 0.657281 -0.358916 -0.106946 0.705601 -0.052661 -0.476908 -0.438478 -0.277867 -0.393952 -0.526688 -0.640608 -0.381130 -0.463567 -0.627533 -0.700642 0.530435 0.008568 0.481226 0.488187 0.849287 0.777222 0.716225 0.711804 0.224436 -0.039500 -0.504739 -0.626716 0.712901 0.701214 -0.558128 0.347084 0.496555 0.495303 -0.280237 -0.209293 -0.196786 0.215283 -0.139533 -0.027105 -0.202839 -0.282040 -0.380377 0.061355 -0.345235 -0.107456 -0.024134 -0.359681 0.251653 -0.158763 -0.238165 -0.116671 -0.356022 -0.185923 -0.542033 -0.433143 -0.223208 -0.411373 -0.140702 -0.330544 -0.490456 -0.667513 0.576748 0.487348 -0.180012 0.417561 -0.441627 -0.104382 0.169566 0.165508 -0.608946 -0.226967 -0.046671 0.078084 -0.113139 -0.062906 -0.215044 -0.184768 -0.510323 -0.269772 0.390248 0.044428 -0.175777 0.039922 0.294131 0.050043 0.121223 0.289722 0.239074 0.325559 0.425954 0.629195 0.118194 -0.187715 -0.086454 -0.001755 -0.360487 -0.350793 -0.218650 0.047731 -0.212040 -0.115472 -0.177921 0.178729 -0.100481 -0.030384 -0.051891 -0.195397 0.234954 -0.130995 -0.187885 0.174763 -0.006722 0.215536
-0.482352 -0.321837 0.657281 1.000000 -0.338991 -0.212005 0.347864 -0.036685 -0.346701 -0.283518 -0.251031 -0.160699 -0.497562 -0.543716 -0.130354 -0.204087 -0.658911 -0.676060 0.306295 -0.118301 0.328443 0.385422 0.791783 0.675423 0.455739 0.504302 0.186255 0.084328 -0.500306 -0.534907 0.513034 0.579422 -0.595935 0.151026 0.444465 0.413474 -0.245558 -0.303564 -0.128147 0.193263 -0.221138 -0.060172 -0.211169 -0.125584 -0.222659 0.085986 -0.244542 -0.088298 -0.060391 -0.259796 0.402134 -0.030692 -0.161381 -0.006767 -0.122623 -0.155883 -0.403263 -0.281011 -0.178022 -0.331364 -0.145686 -0.279960 -0.381736 -0.547927 0.627223 0.547361 -0.247576 0.208310 -0.427502 -0.101921 0.165471 0.145184 -0.582708 -0.218959 -0.031805 0.090218 -0.050014 0.069102 -0.290732 -0.260969 -0.452933 -0.334748 0.370313 0.154405 0.030615 0.152031 0.412487 0.283593 0.205506 0.439295 0.039103 0.100902 0.365610 0.400134 -0.099393 -0.364953 -0.042747 -0.182282 -0.358592 -0.391776 -0.250887 -0.175119 -0.263054 -0.269696 -0.335513 0.058395 -0.143944 -0.235783 -0.230923 -0.172942 0.137472 -0.086078 -0.098047 0.196679 -0.132682 -0.005858
-0.001802 -0.156882 -0.358916 -0.338991 1.000000 0.509020 -0.388611 -0.120076 0.840131 0.678632 -0.051034 -0.059270 0.471914 0.227501 0.679741 0.315168 0.166458 -0.005792 -0.123057 -0.123072 -0.562612 -0.699025 -0.311405 -0.424503 -0.145984 -0.486865 0.537789 0.342633 0.312785 0.011181 -0.360248 -0.411355 0.040846 0.109048 0.154929 0.107462 -0.226775 0.037882 0.034419 -0.219660 0.001770 -0.233756 0.552094 0.594724 0.413854 0.482968 0.311623 0.300699 0.554518 0.467577 0.298033 0.378172 -0.026170 -0.004493 -0.018595 0.188244 -0.181258 -0.316550 0.128178 0.167068 -0.024158 -0.167095 0.078197 0.008392 0.045185 -0.149809 0.472444 0.268182 -0.049850 -0.310161 -0.350125 -0.214179 0.153609 -0.013603 -0.122551 -0.115525 0.123826 0.021207 0.018019 -0.199477 -0.174873 -0.197085 0.221062 -0.102512 -0.065245 -0.565167 -0.219406 -0.057650 0.128885 -0.446970 0.199129 0.163467 -0.050678 -0.073296 -0.056526 0.150981 0.083119 -0.041073 0.351381 0.170567 -0.127136 -0.076920 0.040073 0.077536 0.247210 -0.091944 -0.132051 0.101094 -0.041418 0.194314 0.118593 -0.008510 0.080769 -0.209172 0.222567 -0.017076
-0.087135 -0.247913 -0.106946 -0.212005 0.509020 1.000000 -0.099863 0.116074 0.279257 0.612069 -0.058141 0.025898 0.107736 0.213739 0.077123 0.274373 -0.042419 -0.124139 -0.005876 0.200504 -0.181126 -0.312939 -0.078423 -0.013997 0.063185 -0.202183 0.580312 0.457426 -0.005404 -0.043839 -0.101446 -0.097442 -0.030573 0.168213 0.223011 0.042912 -0.287533 -0.061408 -0.162725 -0.301604 -0.051620 -0.038068 0.335268 0.345993 0.030494 0.249923 0.200994 0.262889 0.279940 0.280918 0.093088 0.213503 -0.121814 -0.091008 -0.303688 -0.070602 -0.262709 -0.350721 0.000526 0.050750 -0.045300 -0.028820 -0.029888 -0.137705 0.075921 0.119283 0.027788 0.131599 -0.146924 -0.219519 -0.178603 0.029069 -0.101574 0.016590 -0.069805 0.042333 0.037030 -0.134790 0.057489 -0.000013 -0.195181 -0.163107 0.097160 -0.029390 -0.154654 -0.423394 -0.226896 -0.074679 0.001997 -0.316002 0.322276 0.297245 0.258848 -0.005232 -0.128219 -0.005064 -0.233781 0.140978 0.090495 0.125496 -0.057440 -0.002265 -0.081725 -0.005870 0.284159 0.066271 -0.161991 0.235654 0.001315 0.120303 -0.011360 0.013616 0.099963 -0.107418 0.416184 0.050978
-0.171522 -0.450076 0.705601 0.347864 -0.388611 -0.099863 1.000000 0.473560 -0.324956 -0.203759 0.023016 0.032585 -0.075174 -0.211453 -0.443955 -0.093392 -0.496972 -0.427226 0.112062 0.135040 0.457831 0.388592 0.378297 0.485165 0.277395 0.379679 -0.098822 -0.139526 -0.209926 -0.273700 0.596410 0.563984 -0.425329 0.327828 0.205819 0.203170 -0.291582 -0.235067 -0.343210 -0.064697 -0.330770 -0.048432 -0.378868 -0.526904 -0.463190 -0.114722 -0.427361 -0.402013 -0.072927 -0.443605 0.130212 -0.155348 -0.059001 -0.094078 -0.349863 -0.390661 -0.522945 -0.437423 -0.013019 -0.206494 0.193610 0.188548 -0.217498 -0.227545 0.383386 0.543443 -0.187372 0.268275 -0.457895 -0.184557 0.204620 0.130904 -0.409242 -0.156116 -0.071885 0.071092 -0.195906 -0.186261 -0.159800 -0.120007 -0.446048 -0.176805 0.079082 0.270899 -0.280818 0.058500 -0.045892 -0.203742 -0.002717 0.154417 0.211226 0.284046 0.365508 0.372149 0.107024 -0.112284 -0.321962 -0.151545 -0.435569 -0.403150 -0.125322 0.084053 -0.144564 -0.070320 -0.195043 0.163541 -0.114362 0.154627 0.049166 -0.235935 -0.158621 -0.214299 -0.299706 0.015679 -0.016652 0.150151
0.070140 -0.122942 -0.052661 -0.036685 -0.120076 0.116074 0.473560 1.000000 0.001442 0.298212 0.158000 0.379319 0.213803 0.411873 -0.271080 0.260802 -0.184363 -0.072598 -0.373402 0.067566 0.157989 0.103929 -0.311933 -0.083823 -0.342201 -0.100027 -0.241632 0.057809 -0.033690 0.225922 -0.023579 0.039537 -0.168891 -0.150516 -0.147032 -0.195368 -0.195057 -0.019015 -0.129821 -0.209487 -0.344574 0.001443 -0.152641 -0.180723 -0.218806 -0.188825 -0.101852 -0.058128 -0.107772 -0.239759 -0.048137 -0.030798 0.051484 0.017262 -0.076708 -0.260780 -0.268338 -0.270858 0.149548 0.017740 0.232627 0.591347 -0.106586 0.232584 -0.124754 0.426863 -0.159950 0.019780 -0.123110 -0.021375 0.241381 0.154037 -0.054102 0.001323 -0.109483 0.160571 -0.054822 0.074552 -0.112584 -0.048659 -0.176080 -0.249055 -0.400969 0.112081 -0.294326 -0.187411 -0.209272 -0.171091 -0.218713 0.058537 0.266292 0.081837 0.253634 -0.043519 -0.122999 0.018058 -0.170866 -0.103583 -0.047937 0.034444 0.101346 0.095651 0.044048 0.090500 0.086926 0.170372 -0.139511 0.020735 -0.037170 0.161492 -0.106094 -0.013277 -0.050445 0.110073 0.125139 0.080012
0.040930 -0.042408 -0.476908 -0.346701 0.840131 0.279257 -0.324956 0.001442 1.000000 0.595347 -0.068700 0.048768 0.597311 0.191086 0.693682 0.403189 0.194885 0.106758 -0.316519 -0.203344 -0.462879 -0.591986 -0.471630 -0.451151 -0.322557 -0.535979 0.246742 0.291913 0.481096 0.089522 -0.380916 -0.441343 0.062347 0.072487 0.063355 0.012419 -0.094623 0.008505 -0.014870 -0.166718 -0.058828 -0.197225 0.401031 0.480563 0.403064 0.409690 0.285353 0.140328 0.442317 0.384300 0.300174 0.368962 0.161409 0.144796 0.027058 0.113662 -0.141571 -0.242480 0.136114 0.200610 0.010781 0.022777 0.188601 0.210592 -0.047503 -0.146187 0.432816 0.159706 0.029898 -0.247534 -0.251757 -0.239281 0.260866 0.015661 -0.106659 -0.093176 0.097807 0.027579 0.075115 -0.204139 -0.052719 -0.079969 0.096528 0.042714 0.000866 -0.389954 -0.347642 -0.057324 0.011033 -0.419061 0.120664 0.110535 -0.177691 -0.136891 -0.087594 0.122931 0.036034 -0.086575 0.262651 0.064013 -0.071736 -0.024297 0.032178 0.033107 0.135872 -0.179817 -0.188042 0.046939 -0.161918 0.067932 0.002160 -0.069945 -0.085386 -0.228549 0.193217 -0.170100
0.169380 -0.064351 -0.438478 -0.283518 0.678632 0.612069 -0.203759 0.298212 0.595347 1.000000 0.182635 0.382082 0.571061 0.558281 0.437030 0.588725 0.140845 0.110037 -0.279763 0.171830 -0.479998 -0.599024 -0.435615 -0.392857 -0.404238 -0.564008 0.336915 0.275865 0.202195 0.205134 -0.417556 -0.366759 0.014609 0.021572 0.008540 -0.028318 -0.356156 0.019261 -0.242598 -0.493889 -0.181826 -0.081290 0.316772 0.348195 0.219377 0.309305 0.106437 0.131753 0.262298 0.278408 0.091638 0.201019 -0.036756 -0.089840 -0.094123 -0.163095 -0.154416 -0.282730 0.203657 0.240686 0.152240 0.260091 0.244740 0.244249 0.012938 0.126725 0.191052 0.138455 -0.046680 -0.317943 -0.205359 -0.168698 0.206465 -0.035120 -0.129785 0.029144 0.067794 0.048608 -0.035368 -0.156579 -0.143252 -0.240801 -0.172818 -0.076045 -0.006648 -0.460095 -0.284007 0.019893 0.018580 -0.319367 0.195100 0.045826 0.146626 -0.201450 -0.382554 0.064124 -0.167058 -0.195777 0.125345 0.058844 -0.037638 -0.103019 -0.045311 0.024163 0.265562 0.056038 -0.180904 0.162885 -0.119498 0.283233 -0.102774 0.060499 0.013130 -0.154036 0.228527 -0.070842
0.537292 0.277630 -0.277867 -0.251031 -0.051034 -0.058141 0.023016 0.158000 -0.068700 0.182635 1.000000 0.516905 0.531709 0.524395 0.273885 0.325240 0.313592 0.295424 0.024163 0.320858 -0.145425 -0.198374 -0.317330 -0.257711 -0.297759 -0.342086 -0.217582 -0.290344 0.225099 0.284999 -0.255988 -0.179095 0.188574 -0.028372 -0.309366 -0.290449 -0.066716 0.026796 -0.189090 -0.415678 -0.039646 0.034958 -0.151930 -0.206565 -0.200262 -0.362410 -0.181337 -0.343628 0.004248 -0.184845 -0.158285 -0.168651 -0.102633 -0.252302 0.186506 -0.329024 0.285659 0.127433 0.311344 0.076064 0.543396 0.286775 0.311023 0.328605 -0.111040 0.035402 -0.067778 -0.179876 0.098765 0.021291 -0.068210 -0.125596 0.287115 -0.027065 0.034310 -0.025760 0.021721 0.014256 -0.020580 0.184544 0.213956 0.155056 -0.087728 0.009805 0.333938 0.132080 0.186015 -0.048489 0.205704 -0.135217 -0.360483 -0.383730 -0.222477 -0.193815 -0.163137 0.131887 -0.069540 -0.162294 -0.213751 -0.262378 0.010076 -0.084166 -0.054003 -0.134657 -0.145018 -0.134777 -0.004706 0.160221 0.043442 0.096908 -0.275331 -0.081017 -0.050919 -0.254921 -0.297729 0.062316
0.442242 0.262065 -0.393952 -0.160699 -0.059270 0.025898 0.032585 0.379319 0.048768 0.382082 0.516905 1.000000 0.456093 0.683397 0.171210 0.500544 0.186146 0.287481 -0.212722 0.303715 -0.117768 -0.138485 -0.389052 -0.238523 -0.422220 -0.410194 -0.233547 -0.014812 0.334013 0.374645 -0.223407 -0.155828 0.018527 -0.149358 -0.430340 -0.347940 -0.074710 -0.127412 -0.321661 -0.507570 -0.131385 -0.111171 -0.172590 -0.074061 -0.111991 -0.252532 -0.096090 -0.321147 -0.140381 -0.086966 0.034930 0.071791 0.288726 0.201194 0.020819 -0.316600 0.110976 -0.006558 0.218416 0.196423 0.400076 0.417193 0.363948 0.386898 -0.147638 0.098981 -0.266002 -0.373015 -0.099018 -0.267320 0.004706 -0.133653 0.309617 0.066116 -0.060163 0.070128 -0.053328 -0.061967 0.056869 0.078482 0.183224 0.182233 -0.306912 0.169832 0.270366 0.183945 -0.096103 0.033135 0.009966 -0.123299 -0.208569 -0.137318 -0.068207 -0.186561 -0.236990 0.098095 -0.253960 -0.337362 -0.053952 -0.123601 0.044763 0.025088 -0.068757 -0.062809 -0.156607 -0.260825 -0.041081 -0.078910 -0.047482 -0.040734 -0.452767 -0.118819 -0.029310 -0.081824 -0.082416 -0.192056
0.417547 0.155038 -0.526688 -0.497562 0.471914 0.107736 -0.075174 0.213803 0.597311 0.571061 0.531709 0.456093 1.000000 0.612754 0.576234 0.605930 0.405841 0.356457 -0.360268 0.103765 -0.417641 -0.499579 -0.654331 -0.554015 -0.504961 -0.617227 -0.125177 -0.047241 0.470283 0.390117 -0.477555 -0.436904 0.236870 0.034708 -0.257694 -0.137637 -0.056426 0.160319 -0.224474 -0.460937 -0.086268 -0.002897 0.113584 0.082390 0.119834 -0.012355 -0.032203 -0.237294 0.198819 0.137201 0.013289 0.070247 0.109899 -0.126269 0.097207 -0.239879 0.125890 -0.039494 0.313572 0.246426 0.523225 0.342574 0.479139 0.541103 -0.178709 -0.073336 0.192222 -0.039829 0.098670 -0.163573 -0.076893 -0.179577 0.441722 0.108787 0.063619 0.040277 0.084146 0.083668 0.083336 0.053231 0.073720 0.057149 -0.240458 -0.001492 0.024354 -0.241229 -0.334395 -0.289174 0.039308 -0.421480 -0.181153 -0.152117 -0.224161 -0.305302 -0.208533 0.244293 -0.147635 -0.145430 -0.032031 -0.122170 0.062411 0.105239 0.105146 0.038740 0.021071 -0.122044 -0.133493 0.158726 -0.067062 0.121655 -0.250375 -0.057703 -0.107147 -0.218678 0.007195 -0.095577
0.451242 0.256528 -0.640608 -0.543716 0.227501 0.213739 -0.211453 0.411873 0.191086 0.558281 0.524395 0.683397 0.612754 1.000000 0.181618 0.494027 0.412551 0.469582 -0.340599 0.248887 -0.376346 -0.418601 -0.683791 -0.544223 -0.512818 -0.551204 -0.167240 0.020499 0.301415 0.554892 -0.547945 -0.488022 0.256693 -0.277564 -0.456484 -0.329755 0.061765 0.134739 -0.018949 -0.508436 -0.027100 0.109374 0.148999 0.153814 0.074732 -0.157639 0.096316 0.020868 -0.033917 0.078654 -0.278669 0.024587 0.064634 -0.056141 0.165153 -0.199015 0.220881 0.104485 0.154872 0.227746 0.351159 0.373634 0.432330 0.521055 -0.375395 -0.108601 -0.028970 -0.246720 0.140177 -0.071459 -0.017590 -0.134554 0.517455 0.249042 0.098015 0.135325 0.111549 0.095433 0.103956 0.191622 0.227789 0.092049 -0.438494 -0.160579 0.104416 -0.138707 -0.223122 -0.217743 -0.108298 -0.354679 -0.028964 -0.136114 -0.132710 -0.407486 -0.244418 0.222893 -0.060297 -0.054763 0.135906 0.146615 0.224209 -0.001833 0.173948 0.156636 0.140580 -0.107887 0.041353 0.023930 0.116245 0.250170 -0.151648 0.092556 0.178986 -0.033420 0.134465 0.002170
0.166914 0.117079 -0.381130 -0.130354 0.679741 0.077123 -0.443955 -0.271080 0.693682 0.437030 0.273885 0.171210 0.576234 0.181618 1.000000 0.314574 0.313196 0.088561 -0.008832 -0.091599 -0.504280 -0.539499 -0.286013 -0.364233 -0.223725 -0.487031 0.157288 0.067954 0.368979 0.033202 -0.499862 -0.410582 -0.001731 -0.025319 -0.011456 -0.005436 -0.106473 -0.001163 -0.122211 -0.251261 0.112067 -0.197942 0.247612 0.423273 0.308942 0.214887 0.163088 -0.011166 0.430303 0.324015 0.410758 0.289784 0.082786 -0.008636 0.116492 0.107569 0.093176 -0.053303 0.283357 0.135615 0.242288 -0.144872 0.205864 0.114928 0.049757 -0.102828 0.313265 0.080104 0.009520 -0.186044 -0.223857 -0.328153 0.264601 -0.021222 -0.069762 -0.134055 0.115588 0.133576 0.052208 -0.131488 0.029475 -0.001766 0.195560 -0.027552 0.311564 -0.212049 0.042569 0.024658 0.332277 -0.324160 -0.250025 -0.158993 -0.298032 -0.071296 -0.105248 0.154600 0.052879 -0.086150 0.114821 -0.161786 -0.132046 -0.076467 -0.107734 -0.138130 -0.118865 -0.298961 -0.172575 -0.025292 -0.186382 0.080669 -0.024475 -0.126227 -0.070487 -0.130469 -0.071565 -0.189945
0.413410 0.225979 -0.463567 -0.204087 0.315168 0.274373 -0.093392 0.260802 0.403189 0.588725 0.325240 0.500544 0.605930 0.494027 0.314574 1.000000 0.056285 0.183265 -0.371893 0.208792 -0.294876 -0.356898 -0.429932 -0.329290 -0.488441 -0.474464 -0.024544 0.131240 0.253035 0.315899 -0.268685 -0.190410 0.086217 0.011279 -0.160568 -0.238417 -0.221218 -0.092335 -0.272982 -0.346879 -0.223478 0.018936 0.092765 0.063756 0.103257 -0.050919 -0.000249 -0.089210 0.193052 0.184792 0.135847 0.141505 0.073616 -0.035163 -0.031361 -0.176070 0.069576 -0.049640 0.150544 0.201953 0.341440 0.411119 0.264702 0.397038 -0.112806 -0.013000 -0.094973 -0.324615 0.054568 -0.187428 -0.146887 -0.046006 0.152438 0.046388 -0.038503 0.075390 0.002359 0.062214 -0.140347 -0.137538 -0.081089 -0.132235 -0.180472 0.291315 -0.041694 -0.120077 -0.368204 -0.171730 -0.075184 -0.288728 0.061681 -0.076883 0.006793 -0.276574 -0.354435 0.030983 -0.277016 -0.317927 0.120308 -0.085237 0.124154 -0.123876 0.022746 -0.018587 -0.003395 0.001542 -0.196706 0.125363 -0.173631 0.097802 -0.375383 0.118381 0.013560 -0.230113 0.165249 0.031794
0.482556 0.503403 -0.627533 -0.658911 0.166458 -0.042419 -0.496972 -0.184363 0.194885 0.140845 0.313592 0.186146 0.405841 0.412551 0.313196 0.056285 1.000000 0.778404 -0.156992 0.083389 -0.301710 -0.238290 -0.627138 -0.534128 -0.472465 -0.443671 -0.334033 -0.299590 0.491879 0.557258 -0.597138 -0.521134 0.521592 -0.208788 -0.395140 -0.400848 0.360042 0.225489 0.166460 -0.197923 0.303141 0.014900 -0.017772 0.009502 0.189300 -0.271834 0.179968 -0.053650 -0.088121 0.145462 -0.377422 -0.160360 0.032525 -0.252555 0.266192 0.082112 0.684674 0.537376 0.272624 0.238989 0.176312 0.095313 0.456046 0.524028 -0.457637 -0.534391 0.145301 -0.321142 0.442735 0.204698 -0.155697 -0.278998 0.567174 0.225753 0.129748 -0.153845 0.060365 -0.004140 0.462343 0.421319 0.647355 0.551490 -0.362774 -0.111766 0.320968 0.079750 -0.124681 -0.087760 0.119023 -0.333671 -0.480925 -0.419738 -0.532599 -0.448973 -0.007463 0.316458 -0.006323 0.169210 0.146047 0.115782 0.217050 0.119959 0.122483 0.042987 -0.008561 -0.250108 0.094186 0.051796 0.163737 0.091462 -0.245488 -0.117153 0.085260 -0.123116 -0.067255 -0.284191
0.525859 0.670011 -0.700642 -0.676060 -0.005792 -0.124139 -0.427226 -0.072598 0.106758 0.110037 0.295424 0.287481 0.356457 0.469582 0.088561 0.183265 0.778404 1.000000 -0.297216 0.137076 -0.377700 -0.327731 -0.684598 -0.601390 -0.634291 -0.504432 -0.442995 -0.289676 0.383524 0.681786 -0.576924 -0.558986 0.618558 -0.274415 -0.569770 -0.543743 0.333128 0.228206 0.118682 -0.208786 0.200433 0.200065 -0.147555 -0.111266 0.188203 -0.303337 0.107312 -0.132495 -0.155735 0.216721 -0.362203 0.003681 0.327758 0.010377 0.290134 0.119917 0.679964 0.659241 0.166222 0.540269 0.166391 0.355402 0.536587 0.742529 -0.626196 -0.622336 0.083485 -0.483020 0.418019 0.170309 -0.122622 -0.214757 0.679516 0.315774 0.163499 -0.049009 0.020054 -0.089173 0.266503 0.279674 0.570351 0.477158 -0.508504 -0.091725 0.175306 0.136176 -0.204963 -0.091499 -0.067511 -0.195802 -0.367296 -0.396420 -0.437666 -0.642356 -0.126144 0.115316 -0.042122 -0.016901 0.220709 0.257343 0.392987 -0.005615 0.381109 0.183199 0.107038 -0.177314 0.242305 0.046721 0.201027 0.061522 -0.362082 0.129736 0.212059 -0.122995 0.024932 -0.227717
-0.066317 -0.135495 0.530435 0.306295 -0.123057 -0.005876 0.112062 -0.373402 -0.316519 -0.279763 0.024163 -0.212722 -0.360268 -0.340599 -0.008832 -0.371893 -0.156992 -0.297216 1.000000 0.443380 0.148345 0.128494 0.516896 0.353122 0.362717 0.215769 0.264457 -0.033438 -0.366483 -0.299406 0.088925 0.068685 -0.146523 -0.010715 0.189911 0.088686 -0.237799 -0.109387 -0.093708 0.043606 -0.006524 0.060738 -0.119797 -0.100973 -0.229365 -0.059147 -0.173146 0.076582 0.043708 -0.079915 0.063541 -0.028164 -0.151160 -0.075253 -0.108182 -0.050609 -0.068624 -0.074833 -0.020163 -0.149714 -0.016402 -0.336686 -0.346504 -0.388156 0.196071 0.098025 -0.003130 0.141357 -0.111509 0.121610 0.054567 -0.060039 -0.132531 -0.060855 0.102864 0.073402 0.069901 0.003111 -0.228411 -0.048075 -0.196041 -0.151961 0.276405 -0.175332 0.103871 -0.037939 0.369685 0.055780 0.277718 0.216103 0.112438 0.254636 0.023261 0.337671 -0.048444 -0.168798 -0.068899 -0.015180 -0.144670 -0.152290 -0.135973 -0.019953 -0.217173 -0.001627 -0.153845 0.014425 -0.067751 0.062504 -0.012291 0.047165 0.154647 -0.141429 -0.121966 0.098260 -0.026069 0.028307
0.509778 0.303479 0.008568 -0.118301 -0.123072 0.200504 0.135040 0.067566 -0.203344 0.171830 0.320858 0.303715 0.103765 0.248887 -0.091599 0.208792 0.083389 0.137076 0.443380 1.000000 -0.031316 -0.157546 -0.080893 -0.083431 -0.244961 -0.313765 0.076224 -0.072638 -0.119858 0.129129 -0.178697 -0.181566 0.194181 -0.008688 -0.248814 -0.313503 -0.408547 -0.120947 -0.409854 -0.408106 -0.130896 0.123811 -0.350716 -0.331295 -0.263760 -0.283583 -0.370460 -0.140595 -0.139697 -0.036457 -0.252624 0.031928 -0.034777 -0.215328 -0.181602 -0.283311 0.202815 0.188001 0.222190 0.252484 0.448722 0.392358 0.116578 0.252033 -0.005435 0.148252 -0.060517 -0.171644 0.067835 0.130443 0.009591 -0.111188 0.117577 -0.122732 0.038271 0.175000 -0.061699 -0.044951 -0.288421 -0.095272 -0.098768 -0.037913 -0.194987 0.001956 0.071922 0.017543 -0.128957 -0.146902 0.006204 0.078566 0.092131 -0.020504 -0.159164 -0.194387 -0.283724 -0.161651 -0.439742 -0.233989 -0.220625 -0.122926 0.048743 -0.098581 -0.217955 -0.032566 -0.074116 0.040078 -0.166841 0.312552 0.082806 0.132878 -0.312566 -0.157161 -0.132177 -0.189841 0.017821 -0.002654
-0.134692 -0.188501 0.481226 0.328443 -0.562612 -0.181126 0.457831 0.157989 -0.462879 -0.479998 -0.145425 -0.117768 -0.417641 -0.376346 -0.504280 -0.294876 -0.301710 -0.377700 0.148345 -0.031316 1.000000 0.773728 0.423578 0.499640 0.336450 0.535643 -0.196028 -0.114121 -0.147579 -0.332037 0.540705 0.538988 -0.392805 -0.022221 0.014912 -0.006582 0.146056 -0.272311 -0.012762 0.232653 -0.155148 -0.214882 -0.255583 -0.294365 -0.361616 -0.288821 -0.092952 -0.095132 -0.298147 -0.420411 -0.087136 -0.290584 -0.181255 -0.056348 -0.153877 -0.151389 -0.125803 -0.117592 -0.107690 -0.415760 -0.194198 -0.104847 -0.370297 -0.385149 0.190525 0.303838 -0.405627 -0.055304 -0.013290 0.153329 0.214737 0.063115 -0.518576 -0.209049 -0.066827 -0.034482 -0.260860 -0.170403 0.105733 0.233705 0.135331 0.211184 0.029075 0.217141 0.114265 0.416604 0.161630 0.167878 -0.005859 0.381638 -0.008033 0.091422 0.125556 0.391869 0.383048 -0.201515 -0.016200 0.107202 -0.313543 -0.203739 -0.111302 0.077724 -0.256308 -0.214352 -0.311607 -0.046764 -0.056761 0.003997 0.056351 -0.395576 -0.021337 -0.208824 -0.213289 0.117071 -0.038101 0.132988
-0.195607 -0.109323 0.488187 0.385422 -0.699025 -0.312939 0.388592 0.103929 -0.591986 -0.599024 -0.198374 -0.138485 -0.499579 -0.418601 -0.539499 -0.356898 -0.238290 -0.327731 0.128494 -0.157546 0.773728 1.000000 0.441482 0.536359 0.415703 0.693502 -0.278907 -0.087063 -0.276404 -0.251163 0.507193 0.526159 -0.256994 -0.051473 0.081828 0.078812 0.224247 0.036249 -0.027372 0.332433 0.058153 0.027852 -0.353207 -0.409739 -0.484903 -0.417336 -0.219856 -0.177960 -0.486377 -0.543518 -0.152253 -0.490813 -0.087869 -0.031012 -0.073096 -0.091398 0.000018 0.042047 -0.019595 -0.403480 -0.133873 -0.083306 -0.331368 -0.315488 0.088015 0.305731 -0.426948 -0.084819 0.091952 0.259654 0.334925 0.259661 -0.424268 0.006840 0.043484 0.159307 -0.099853 0.044948 0.086979 0.149322 0.126357 0.180003 -0.042061 0.092909 0.039161 0.388326 0.135639 0.203852 0.002204 0.458444 -0.124377 0.062518 0.090027 0.358472 0.246478 -0.005765 0.015186 0.293132 -0.284895 -0.089580 0.020393 0.194481 -0.207990 -0.171189 -0.255302 -0.067082 -0.146120 -0.264335 -0.120284 -0.209784 0.071355 -0.113585 -0.224143 0.238365 -0.215712 -0.003682
-0.539570 -0.414944 0.849287 0.791783 -0.311405 -0.078423 0.378297 -0.311933 -0.471630 -0.435615 -0.317330 -0.389052 -0.654331 -0.683791 -0.286013 -0.429932 -0.627138 -0.684598 0.516896 -0.080893 0.423578 0.441482 1.000000 0.848690 0.788738 0.713323 0.365489 0.053173 -0.517540 -0.678069 0.722167 0.736654 -0.543290 0.384824 0.499832 0.500161 -0.214275 -0.255541 -0.153189 0.174962 -0.069028 -0.078062 -0.141784 -0.150955 -0.257266 0.129598 -0.265346 -0.056362 -0.052359 -0.277270 0.311120 -0.104691 -0.220539 -0.030079 -0.277337 -0.145968 -0.404539 -0.278050 -0.332306 -0.403369 -0.290963 -0.478734 -0.443793 -0.699928 0.679803 0.378274 -0.260072 0.273328 -0.408179 -0.098448 0.031994 0.145044 -0.646245 -0.236787 -0.053615 0.024063 -0.109304 -0.088245 -0.219018 -0.199587 -0.441917 -0.209960 0.502887 0.046811 -0.006384 0.129720 0.412379 0.258072 0.196318 0.393777 0.163213 0.217526 0.413581 0.588328 0.099721 -0.251064 -0.091204 -0.008353 -0.339654 -0.329664 -0.241784 -0.087973 -0.267386 -0.232853 -0.251869 0.041349 -0.070893 -0.131359 -0.092658 -0.168229 0.212862 -0.091322 -0.138049 0.126550 -0.079337 0.171856
-0.541016 -0.421999 0.777222 0.675423 -0.424503 -0.013997 0.485165 -0.083823 -0.451151 -0.392857 -0.257711 -0.238523 -0.554015 -0.544223 -0.364233 -0.329290 -0.534128 -0.601390 0.353122 -0.083431 0.499640 0.536359 0.848690 1.000000 0.709315 0.766831 0.184366 0.106045 -0.332826 -0.571099 0.686383 0.797974 -0.559264 0.394023 0.426269 0.385676 -0.112015 -0.268308 -0.237493 0.116324 -0.142127 -0.044794 -0.250876 -0.228046 -0.424780 -0.010019 -0.274611 -0.190983 -0.195837 -0.392841 0.217638 -0.254508 -0.109284 -0.064681 -0.362927 -0.315169 -0.439043 -0.300370 -0.423258 -0.510837 -0.248592 -0.364990 -0.324177 -0.603203 0.637531 0.423606 -0.407914 0.229861 -0.446931 -0.020757 0.069465 0.123404 -0.579944 -0.202484 -0.105690 -0.011057 -0.237206 -0.169388 0.038297 -0.054336 -0.301826 -0.007039 0.405626 0.204279 0.068649 0.256632 0.295705 0.203823 0.093901 0.270906 0.189488 0.256943 0.432701 0.600859 0.117977 -0.190836 -0.261852 0.148298 -0.447874 -0.444679 -0.177148 -0.004796 -0.329821 -0.281503 -0.292111 0.059925 -0.081649 -0.036970 -0.049173 -0.193921 0.089271 -0.213697 -0.257324 0.144209 0.028909 0.079978
-0.607036 -0.508558 0.716225 0.455739 -0.145984 0.063185 0.277395 -0.342201 -0.322557 -0.404238 -0.297759 -0.422220 -0.504961 -0.512818 -0.223725 -0.488441 -0.472465 -0.634291 0.362717 -0.244961 0.336450 0.415703 0.788738 0.709315 1.000000 0.746872 0.446654 0.211955 -0.331288 -0.589982 0.678951 0.633115 -0.356553 0.419450 0.520329 0.583630 0.007673 0.034976 0.032659 0.227677 0.206339 0.091539 0.131749 0.084796 -0.180499 0.174533 -0.142697 0.049523 0.003908 -0.226555 0.219656 -0.143255 -0.251957 -0.006106 -0.253042 -0.081340 -0.440431 -0.355988 -0.443736 -0.558944 -0.375190 -0.625532 -0.364534 -0.732954 0.487805 0.262257 -0.235224 0.324243 -0.302443 -0.127139 0.136670 0.290941 -0.450434 -0.035924 0.073438 0.136607 0.069722 0.033510 0.000575 -0.032500 -0.308443 -0.116500 0.494981 -0.101122 -0.063681 0.004936 0.287436 0.131741 0.016047 0.107090 0.092923 0.251294 0.330089 0.570106 0.168256 0.024758 0.116884 0.250607 -0.296771 -0.226068 -0.195124 0.028450 -0.263149 -0.168984 -0.114849 -0.044334 -0.154387 -0.213676 -0.010361 -0.078729 0.443534 0.016677 -0.137183 0.180466 -0.025895 0.222997
-0.540006 -0.399700 0.711804 0.504302 -0.486865 -0.202183 0.379679 -0.100027 -0.535979 -0.564008 -0.342086 -0.410194 -0.617227 -0.551204 -0.487031 -0.474464 -0.443671 -0.504432 0.215769 -0.313765 0.535643 0.693502 0.713323 0.766831 0.746872 1.000000 0.040719 0.026285 -0.381782 -0.498524 0.671644 0.771393 -0.395668 0.226256 0.388535 0.399350 0.142084 0.005447 0.118721 0.428894 0.090988 0.098661 -0.059767 -0.117988 -0.386952 -0.118560 -0.137105 0.004310 -0.224550 -0.447517 0.024245 -0.385512 -0.146390 -0.056944 -0.202561 -0.014062 -0.309616 -0.205574 -0.365818 -0.597606 -0.360540 -0.445678 -0.418378 -0.638093 0.351503 0.322277 -0.361033 0.207027 -0.111443 0.110748 0.171351 0.288099 -0.513266 -0.104798 -0.018772 0.060390 -0.094482 0.045803 0.027243 0.006067 -0.145986 -0.012557 0.325209 0.007103 -0.072202 0.206382 0.354318 0.224444 -0.009725 0.225328 0.065028 0.085590 0.385494 0.503459 0.211641 -0.078848 0.108621 0.268273 -0.278546 -0.168554 -0.087884 0.128868 -0.160540 -0.174653 -0.106158 0.040595 -0.037377 -0.216688 -0.034847 -0.139028 0.330474 0.037097 -0.072784 0.324753 -0.016895 0.202848
-0.279906 -0.327844 0.224436 0.186255 0.537789 0.580312 -0.098822 -0.241632 0.246742 0.336915 -0.217582 -0.233547 -0.125177 -0.167240 0.157288 -0.024544 -0.334033 -0.442995 0.264457 0.076224 -0.196028 -0.278907 0.365489 0.184366 0.446654 0.040719 1.000000 0.511942 -0.256503 -0.354468 0.184278 0.122260 -0.178329 0.293797 0.418135 0.367952 -0.383807 0.047261 -0.083337 -0.043301 -0.040679 0.012321 0.371377 0.387934 0.018760 0.367733 -0.001979 0.268887 0.319080 0.203717 0.297938 0.240851 -0.174578 -0.037641 -0.152185 -0.091605 -0.373554 -0.409642 -0.163628 -0.070934 -0.156232 -0.357723 -0.235546 -0.413268 0.344759 0.218270 0.197182 0.309243 -0.196974 -0.253596 -0.079815 0.203552 -0.268366 -0.027471 -0.022375 0.214683 0.238276 0.109236 -0.229080 -0.287719 -0.496242 -0.397037 0.423507 -0.180174 -0.173081 -0.498806 0.072409 0.084102 0.143275 -0.134732 0.321777 0.321838 0.278105 0.183680 -0.173101 -0.075038 -0.005298 -0.125186 0.022867 -0.011027 -0.209177 -0.177213 -0.118053 -0.079721 0.195025 0.028619 -0.235551 0.003648 -0.141051 0.162623 0.318632 0.040151 -0.004000 -0.064923 0.159829 0.110641
-0.378654 -0.208571 -0.039500 0.084328 0.342633 0.457426 -0.139526 0.057809 0.291913 0.275865 -0.290344 -0.014812 -0.047241 0.020499 0.067954 0.131240 -0.299590 -0.289676 -0.033438 -0.072638 -0.114121 -0.087063 0.053173 0.106045 0.211955 0.026285 0.511942 1.000000 0.048773 -0.003427 0.055075 0.009532 -0.073213 0.058312 0.164692 0.081857 -0.045746 0.079896 0.031379 0.073663 -0.001190 0.072902 0.267454 0.386482 0.014783 0.206611 0.052147 0.205755 0.000335 0.103535 0.201651 0.107155 0.039602 0.257901 0.020431 -0.014847 -0.355040 -0.331275 -0.342679 -0.158187 -0.200320 -0.182693 -0.001488 -0.096471 0.106267 0.031913 -0.094407 0.076249 -0.168341 -0.056551 0.082829 0.174649 0.017742 0.209491 0.051155 0.293085 0.189352 0.142987 0.067805 -0.116599 -0.161066 -0.166708 0.220862 0.059209 -0.122987 -0.252361 -0.207058 -0.006169 -0.111335 -0.122210 0.228915 0.342917 0.218092 0.040792 -0.068027 -0.116668 0.084266 0.040352 0.015402 0.046765 -0.129158 -0.105875 -0.139447 -0.074486 0.099260 -0.096227 -0.204536 -0.132358 -0.032031 0.103461 0.222546 -0.084633 -0.021860 0.142659 0.263463 0.060681
0.141981 0.077259 -0.504739 -0.500306 0.312785 -0.005404 -0.209926 -0.033690 0.481096 0.202195 0.225099 0.334013 0.470283 0.301415 0.368979 0.253035 0.491879 0.383524 -0.366483 -0.119858 -0.147579 -0.276404 -0.517540 -0.332826 -0.331288 -0.381782 -0.256503 0.048773 1.000000 0.437742 -0.161015 -0.209373 0.251405 0.075353 -0.308360 -0.308970 0.370579 -0.107122 0.003708 -0.165134 0.232728 -0.314882 0.106968 0.130622 0.188410 -0.032111 0.252304 -0.195308 -0.004607 0.105818 -0.107274 0.081177 0.233732 0.237953 0.203977 0.068436 0.038714 -0.059010 -0.057456 0.039454 -0.019832 -0.043770 0.443867 0.299661 -0.172312 -0.458973 0.055576 -0.225579 -0.045477 -0.254507 -0.278722 -0.265532 0.502791 0.048333 -0.078969 -0.366105 -0.123205 -0.236322 0.591791 0.316969 0.538295 0.582014 0.042106 0.445239 0.307700 0.271674 -0.259615 -0.000964 -0.043211 -0.394640 -0.308127 -0.139274 -0.367766 -0.182026 0.284807 0.324222 0.022829 0.053846 0.041484 -0.091047 -0.044760 0.030812 -0.004684 -0.157145 -0.037390 -0.329149 0.035851 0.072804 0.206152 -0.228395 -0.373011 -0.254812 -0.119852 -0.271561 0.063428 -0.109799
0.382569 0.433718 -0.626716 -0.534907 0.011181 -0.043839 -0.273700 0.225922 0.089522 0.205134 0.284999 0.374645 0.390117 0.554892 0.033202 0.315899 0.557258 0.681786 -0.299406 0.129129 -0.332037 -0.251163 -0.678069 -0.571099 -0.589982 -0.498524 -0.354468 -0.003427 0.437742 1.000000 -0.478828 -0.458300 0.610776 -0.338587 -0.551705 -0.525682 0.259661 0.298043 0.098473 -0.220744 0.090873 0.291899 -0.070901 -0.085292 0.069620 -0.378216 0.073601 -0.063144 -0.135264 0.162283 -0.376947 0.047284 0.184597 0.116845 0.381184 0.040123 0.380149 0.330870 0.091065 0.354563 0.194047 0.407095 0.423257 0.717729 -0.639306 -0.485427 -0.032694 -0.534363 0.206153 0.017428 0.125651 0.006674 0.690802 0.481006 0.320213 0.169857 0.119028 0.053586 0.335216 0.400798 0.463708 0.291861 -0.573350 0.008792 0.009461 -0.019448 -0.237407 -0.232745 -0.109110 -0.088268 -0.339433 -0.253281 -0.251362 -0.575554 -0.165843 0.223409 0.028809 -0.019060 0.216098 0.226768 0.284302 -0.095592 0.271109 0.084559 0.079558 -0.087587 -0.026626 0.004652 0.079104 0.241278 -0.291099 0.173548 0.167348 0.038430 0.099578 -0.053481
-0.455824 -0.472462 0.712901 0.513034 -0.360248 -0.101446 0.596410 -0.023579 -0.380916 -0.417556 -0.255988 -0.223407 -0.477555 -0.547945 -0.499862 -0.268685 -0.597138 -0.576924 0.088925 -0.178697 0.540705 0.507193 0.722167 0.686383 0.678951 0.671644 0.184278 0.055075 -0.161015 -0.478828 1.000000 0.881008 -0.396802 0.598661 0.409217 0.428032 -0.124797 -0.197640 -0.206098 0.156493 0.024702 -0.088878 -0.114198 -0.231215 -0.253207 0.085356 -0.239852 -0.209571 -0.143582 -0.407035 0.173739 -0.151797 -0.215592 0.113808 -0.307405 -0.152553 -0.508404 -0.402561 -0.393572 -0.398402 -0.260384 -0.247012 -0.292481 -0.515274 0.574455 0.301732 -0.272873 0.189001 -0.436384 -0.322601 0.044822 0.271531 -0.517905 -0.238704 -0.053429 0.006826 -0.062099 -0.104386 -0.084066 -0.137901 -0.353576 -0.069995 0.413158 0.303607 -0.147654 0.225769 0.096093 0.203519 -0.102964 0.250507 0.078984 0.112535 0.348400 0.424804 0.232362 -0.039085 -0.042765 -0.082988 -0.402329 -0.331658 -0.265748 -0.039318 -0.283060 -0.310159 -0.174984 -0.030216 -0.116774 -0.138342 0.037415 -0.292421 0.055825 -0.121278 -0.189753 -0.030885 -0.100856 0.242248
-0.436429 -0.397391 0.701214 0.579422 -0.411355 -0.097442 0.563984 0.039537 -0.441343 -0.366759 -0.179095 -0.155828 -0.436904 -0.488022 -0.410582 -0.190410 -0.521134 -0.558986 0.068685 -0.181566 0.538988 0.526159 0.736654 0.797974 0.633115 0.771393 0.122260 0.009532 -0.209373 -0.458300 0.881008 1.000000 -0.517975 0.546046 0.333742 0.343897 -0.132138 -0.227081 -0.217804 0.130611 -0.064537 -0.076496 -0.126128 -0.208529 -0.330980 -0.047106 -0.227584 -0.218428 -0.137160 -0.420706 0.219030 -0.190091 -0.187588 -0.022423 -0.307453 -0.218963 -0.447850 -0.359057 -0.370838 -0.470788 -0.179639 -0.229719 -0.320727 -0.509531 0.577298 0.379688 -0.417584 0.115763 -0.360897 -0.226862 0.054931 0.200472 -0.563530 -0.247641 -0.049072 0.016714 -0.135324 -0.069124 -0.018960 -0.083122 -0.317713 -0.048496 0.376366 0.335671 -0.092665 0.221384 0.243135 0.244149 0.038021 0.193640 0.027211 -0.025449 0.405222 0.433968 0.140331 -0.109145 -0.131823 -0.054150 -0.432816 -0.432698 -0.201859 -0.053968 -0.282998 -0.422642 -0.267274 -0.033264 -0.114833 -0.144207 -0.017419 -0.291747 0.005004 -0.115129 -0.187377 0.094078 -0.026429 0.223331
0.415205 0.471501 -0.558128 -0.595935 0.040846 -0.030573 -0.425329 -0.168891 0.062347 0.014609 0.188574 0.018527 0.236870 0.256693 -0.001731 0.086217 0.521592 0.618558 -0.146523 0.194181 -0.392805 -0.256994 -0.543290 -0.559264 -0.356553 -0.395668 -0.178329 -0.073213 0.251405 0.610776 -0.396802 -0.517975 1.000000 -0.083594 -0.397623 -0.371012 0.273910 0.360372 0.194451 -0.067970 0.319508 0.323638 -0.046128 -0.125838 0.154215 -0.188836 0.010162 -0.081330 -0.109497 0.245149 -0.522370 -0.009969 0.116407 -0.020710 0.255476 0.193539 0.575503 0.521226 0.166217 0.465552 0.197417 0.254096 0.461134 0.608462 -0.577041 -0.577443 0.278017 -0.326393 0.426288 0.140357 -0.056496 0.071850 0.577747 0.214793 0.155214 0.039120 0.137525 -0.017954 0.143638 0.187262 0.411604 0.226517 -0.385059 -0.130044 -0.029326 -0.010178 -0.282161 -0.195421 -0.219776 -0.024042 -0.341600 -0.329944 -0.455969 -0.564335 -0.112112 0.135726 0.063794 0.109720 0.179475 0.388971 0.130773 0.027888 0.164039 0.189878 0.130994 -0.030303 0.021236 0.188154 0.052667 0.240205 -0.202543 0.188571 0.086645 -0.248540 -0.202229 -0.220208
-0.254262 -0.307050 0.347084 0.151026 0.109048 0.168213 0.327828 -0.150516 0.072487 0.021572 -0.028372 -0.149358 0.034708 -0.277564 -0.025319 0.011279 -0.208788 -0.274415 -0.010715 -0.008688 -0.022221 -0.051473 0.384824 0.394023 0.419450 0.226256 0.293797 0.058312 0.075353 -0.338587 0.598661 0.546046 -0.083594 1.000000 0.449485 0.444699 -0.303161 -0.243280 -0.325073 -0.217251 0.040504 -0.134944 -0.014437 -0.139285 -0.045261 0.317398 -0.326481 -0.340795 -0.002072 -0.179558 0.191360 -0.072134 -0.147536 -0.123897 -0.357982 -0.266300 -0.360162 -0.309386 -0.215016 -0.067594 0.018681 -0.121028 0.111210 -0.152607 0.612424 0.127391 0.107474 0.361264 -0.344637 -0.376847 -0.311892 -0.041146 -0.225626 -0.356369 -0.180831 -0.126304 -0.062108 -0.149316 -0.045459 -0.271618 -0.376156 -0.076795 0.420086 0.295093 -0.155823 -0.041007 -0.127483 0.167384 0.019622 -0.109946 0.069649 -0.062445 0.194750 0.133177 -0.003967 -0.028512 -0.254371 -0.062348 -0.389214 -0.399401 -0.222633 -0.057029 -0.268068 -0.262180 -0.099236 -0.080842 -0.070685 0.078474 0.039916 -0.176945 -0.097040 -0.209760 -0.292245 -0.233069 -0.040392 0.059239
-0.515337 -0.592839 0.496555 0.444465 0.154929 0.223011 0.205819 -0.147032 0.063355 0.008540 -0.309366 -0.430340 -0.257694 -0.456484 -0.011456 -0.160568 -0.395140 -0.569770 0.189911 -0.248814 0.014912 0.081828 0.499832 0.426269 0.520329 0.388535 0.418135 0.164692 -0.308360 -0.551705 0.409217 0.333742 -0.397623 0.449485 1.000000 0.703863 -0.324953 -0.186499 0.008447 0.159735 0.040508 -0.070387 0.251014 0.188158 0.055869 0.474991 0.038619 0.208952 0.205645 -0.104925 0.294718 -0.092648 -0.337398 -0.188911 -0.260269 -0.034296 -0.493922 -0.428149 -0.216571 -0.468646 -0.307328 -0.400663 -0.288518 -0.555985 0.548127 0.397610 0.105348 0.568014 -0.325679 -0.123567 -0.077641 0.172645 -0.454609 -0.247170 -0.097262 -0.084142 0.122412 0.129271 -0.167597 -0.226073 -0.509857 -0.429371 0.433061 -0.109365 -0.250450 -0.295864 0.128344 0.078757 -0.017460 -0.126975 0.313923 0.231911 0.395016 0.414217 -0.077714 0.008186 0.045300 0.089219 -0.125652 -0.239076 -0.253982 0.089723 -0.267157 0.000481 0.216380 0.247602 -0.020930 -0.040640 -0.070866 0.065979 0.367917 -0.052276 -0.133270 0.036635 0.104183 0.069708
-0.557232 -0.585633 0.495303 0.413474 0.107462 0.042912 0.203170 -0.195368 0.012419 -0.028318 -0.290449 -0.347940 -0.137637 -0.329755 -0.005436 -0.238417 -0.400848 -0.543743 0.088686 -0.313503 -0.006582 0.078812 0.500161 0.385676 0.583630 0.399350 0.367952 0.081857 -0.308970 -0.525682 0.428032 0.343897 -0.371012 0.444699 0.703863 1.000000 -0.172079 0.002222 -0.052152 0.204843 0.132022 -0.014123 0.220041 0.166687 -0.012442 0.494482 -0.190919 0.065049 0.031865 -0.249314 0.208757 -0.197292 -0.270559 -0.094131 -0.283858 -0.231150 -0.515332 -0.434649 -0.219385 -0.367277 -0.254057 -0.425549 -0.201099 -0.530691 0.536994 0.350720 0.151448 0.686205 -0.362633 -0.233103 0.047985 0.218799 -0.366445 -0.142882 0.005731 0.096113 0.242344 0.262457 -0.169046 -0.276262 -0.491120 -0.405330 0.328185 -0.254175 -0.187753 -0.251377 0.027847 0.020483 -0.073361 -0.072685 0.259740 0.238451 0.454324 0.352798 -0.055176 0.136380 0.229061 0.074758 -0.262287 -0.308803 -0.139736 0.001464 -0.080488 -0.013055 0.135297 0.183178 -0.146887 -0.208860 -0.103957 0.155580 0.541754 0.067666 -0.036887 0.221194 -0.025531 0.166754
