1.000000 0.449172 -0.329477 -0.270614 -0.184005 0.063357 -0.383256 -0.390619 -0.229159 -0.059911 0.104421 0.011901 0.085443 0.125324 0.020803 -0.242932 0.434807 0.229706 0.253954 0.371826 -0.177713 -0.238171 -0.281384 -0.442357 -0.259300 -0.428664 -0.162525 -0.205095 0.015499 0.075532 -0.365115 -0.380478 0.126430 -0.021430 -0.067408 -0.088119 0.139214 -0.034459 -0.147255 0.037285 -0.054692 0.057169 0.020548 -0.079808 -0.181972 -0.218712 -0.066244 -0.123453 -0.112619 -0.108392 -0.162809 -0.171164 0.215405 0.204891 -0.187608 0.062490 0.658883 0.210517 0.287812 -0.084011 0.269489 0.063975 0.411438 0.141002 -0.254148 -0.231210 -0.225423 -0.258906 0.396837 -0.054215 0.243361 0.138187 0.164713 0.219848 0.221462 0.213854 0.476520 0.343175 0.180399 0.339836 0.190155 0.117478 -0.081155 -0.166453 -0.207762 -0.270501 -0.079732 -0.115197 -0.203126 -0.163683 0.297034 0.160792 -0.080142 0.056937 -0.209673 0.002274 0.093734 -0.157032 0.110749 0.583620 0.063868 0.144254 -0.005900 0.192466 0.067715 0.096395 -0.196894 0.260966 -0.011994 0.090338 0.059583 0.095709 0.111305 -0.029876 -0.188604 0.030445
0.449172 1.000000 -0.366704 -0.233560 -0.222446 -0.136014 -0.269383 -0.288925 -0.278876 -0.138397 -0.250050 0.020642 -0.098936 -0.048518 -0.030571 -0.214353 0.265371 0.372233 0.075510 0.261202 -0.283960 -0.379666 -0.114379 -0.302914 -0.075740 -0.222783 -0.066428 -0.064655 -0.019187 0.098946 -0.203402 -0.329536 0.026168 -0.246885 -0.014334 -0.146381 0.123354 0.008488 -0.173479 -0.070743 -0.069137 0.232608 -0.240965 -0.065818 0.129458 0.096605 0.008797 -0.131609 0.278859 0.239809 0.068267 0.098681 0.090274 -0.035606 0.098079 0.307014 0.216815 0.311629 0.112681 0.055232 0.006620 0.185645 0.316768 0.390116 -0.168571 -0.197702 -0.300676 -0.318919 0.041219 -0.103192 0.205838 0.162579 0.158703 0.239087 0.241496 0.310035 0.243939 0.130661 0.152696 0.525328 0.235038 0.223146 0.013155 -0.202450 0.010054 0.039706 0.067241 -0.026965 -0.058915 0.100979 0.059420 -0.118031 -0.143979 -0.004226 -0.049610 0.074860 0.046092 -0.019191 0.286092 0.173046 0.116740 -0.005253 -0.040705 -0.048862 0.037809 -0.019092 0.140443 -0.006242 0.023854 0.139770 -0.153475 0.102407 0.022736 -0.199518 -0.227131 -0.063495
-0.329477 -0.366704 1.000000 0.531421 0.234071 0.094389 0.608256 0.598236 0.548690 0.334730 0.320545 0.176774 0.273787 0.158484 0.153237 0.177666 -0.362821 -0.478467 -0.047956 -0.289625 -0.119856 0.074203 0.260562 0.397326 0.154517 0.385402 0.045519 0.037058 -0.055174 -0.194133 0.303927 0.354389 0.096921 0.284367 -0.166216 0.125072 -0.232211 -0.179656 -0.007937 -0.384200 -0.023243 -0.191142 -0.166705 -0.141159 -0.096886 0.004529 -0.281719 -0.043847 -0.156820 -0.101786 0.224436 0.021524 0.178189 0.051734 -0.043480 -0.246352 -0.522315 -0.415944 0.026490 0.157555 0.113581 0.136376 -0.261562 -0.274514 0.394862 0.361811 0.237127 0.367122 -0.248020 0.108796 -0.306154 -0.145223 -0.173819 -0.206260 -0.267204 -0.152911 -0.301197 -0.282766 -0.326215 -0.391038 -0.341749 -0.435974 0.225187 0.100738 0.224852 0.129797 0.215332 0.036765 0.294939 0.268115 -0.187102 0.104170 -0.138243 -0.116189 -0.091335 -0.076240 -0.309484 -0.137712 -0.462373 -0.441188 -0.436427 -0.269361 -0.265735 -0.202719 -0.262128 -0.356924 -0.163561 -0.176158 -0.216597 -0.192946 -0.179107 -0.428153 -0.425220 -0.011432 -0.080537 -0.316981
-0.270614 -0.233560 0.531421 1.000000 0.094936 0.024290 0.409613 0.661162 0.380026 0.472074 0.094069 0.243548 -0.096130 0.173552 0.098573 0.268886 -0.357567 -0.569185 -0.307428 -0.314370 -0.074819 0.070486 0.279698 0.511067 0.245721 0.544570 0.059505 0.124296 -0.168967 -0.341436 0.176773 0.275849 -0.113314 0.122251 -0.089976 0.106175 -0.288364 -0.114884 -0.105021 -0.307013 -0.244367 -0.343540 -0.049163 -0.041779 -0.129365 0.034274 -0.195605 0.028920 -0.191660 -0.078264 0.203372 -0.024535 0.024675 0.084813 -0.062032 -0.150372 -0.512190 -0.407902 -0.096785 0.088574 -0.037040 0.183483 -0.375401 -0.376778 0.479231 0.548445 0.028591 0.370540 -0.237845 0.039936 -0.239871 -0.099822 -0.351987 -0.428239 -0.348533 -0.306048 -0.369604 -0.337350 -0.346749 -0.283013 -0.391007 -0.453121 0.162498 -0.009836 0.355022 0.165618 0.172375 0.140755 0.440465 0.398537 0.016216 0.113248 0.162995 -0.044212 -0.106274 -0.224130 -0.218957 -0.299108 -0.368600 -0.342833 -0.237877 -0.314206 -0.178747 -0.278882 -0.227399 -0.375856 -0.281497 -0.065682 -0.343665 -0.312252 -0.025839 -0.394017 -0.254946 0.034521 -0.057686 -0.158539
-0.184005 -0.222446 0.234071 0.094936 1.000000 0.464458 0.266343 0.111466 0.455557 0.305873 -0.024074 -0.152798 -0.032656 -0.030733 0.205503 0.090654 -0.347472 -0.285296 0.009854 0.107649 -0.047956 -0.088121 -0.033288 0.040721 -0.129387 0.035816 0.280199 0.226458 0.010575 -0.098221 0.120234 0.009341 -0.010347 0.057210 -0.089162 0.220697 -0.201037 -0.200135 0.067750 -0.064976 -0.073771 -0.238708 0.118479 0.118023 0.206814 0.222998 0.111418 0.093625 0.117467 0.274942 -0.025130 0.017301 -0.085766 0.246837 -0.196970 0.017284 -0.315106 -0.210551 -0.109695 -0.080432 -0.033041 -0.080601 -0.125669 -0.274180 0.255643 -0.048284 -0.028271 -0.039769 -0.086874 0.143012 -0.167146 0.004141 -0.066974 -0.249829 -0.272378 -0.194797 -0.172789 -0.037444 -0.196847 -0.086040 -0.265282 -0.272364 -0.040084 0.081940 -0.125661 -0.214014 -0.071751 -0.137914 -0.159938 -0.261224 0.008531 -0.007973 0.101534 0.005103 -0.148711 -0.009076 -0.168732 -0.071764 -0.224188 -0.191162 0.101489 -0.018877 -0.115356 0.216030 0.163599 0.187811 0.073525 -0.172685 -0.123536 0.027002 -0.121322 -0.044111 -0.077098 -0.010917 -0.241018 -0.362379
0.063357 -0.136014 0.094389 0.024290 0.464458 1.000000 -0.073892 0.047988 0.315585 0.286936 0.115841 0.007694 0.119315 0.219013 -0.052809 0.003610 -0.076570 -0.167602 0.056507 0.124907 0.064733 0.021682 -0.078784 -0.115945 -0.124705 -0.165784 0.035390 0.246028 0.100796 -0.008678 -0.096569 -0.032654 0.114271 0.153917 0.033796 0.123740 -0.248210 -0.191024 0.019444 -0.044276 -0.213623 0.038828 0.061695 -0.011141 -0.015320 0.056062 -0.046037 -0.115450 -0.297346 -0.125526 -0.126636 -0.248610 0.051969 0.224801 -0.251215 -0.157979 -0.054704 -0.122938 0.135504 0.049373 0.215586 0.207864 0.102290 -0.134017 0.018731 -0.007358 -0.058537 -0.016279 -0.124816 0.116931 -0.147428 -0.004430 0.063861 -0.243334 -0.075896 -0.035567 -0.005489 0.031029 0.005055 -0.001794 -0.084248 -0.159416 -0.263798 0.034217 -0.282007 -0.398939 -0.097002 -0.185381 -0.075670 -0.227785 0.142355 0.112977 0.184858 0.155300 -0.160147 -0.010913 -0.105233 -0.194998 -0.158266 -0.014503 -0.027149 0.055518 0.025477 0.262353 0.103323 0.218641 -0.019353 0.088806 -0.033953 0.203007 0.063442 0.115397 0.167738 0.003042 -0.114141 0.006998
-0.383256 -0.269383 0.608256 0.409613 0.266343 -0.073892 1.000000 0.577631 0.689702 0.540396 0.334450 0.272124 0.156148 0.138334 0.473893 0.270770 -0.370981 -0.479790 -0.285985 -0.179914 -0.257200 -0.020369 0.486229 0.377424 0.114631 0.324655 0.140326 -0.078439 0.060661 -0.279363 0.263798 0.174608 -0.140995 0.093242 -0.041237 0.323823 -0.241497 -0.145987 -0.175898 -0.290640 -0.166800 -0.255021 -0.214001 -0.107698 0.001479 0.208123 -0.366836 -0.092644 -0.033615 0.082654 0.334571 0.131720 0.037563 0.112082 -0.206291 -0.155973 -0.620413 -0.438121 -0.231891 -0.251436 0.017919 0.171426 -0.392123 -0.283241 0.721724 0.464717 -0.196378 0.269629 -0.205884 0.096736 -0.324090 -0.236201 -0.208567 -0.227729 -0.263110 -0.022137 -0.294233 -0.433356 -0.277318 -0.320565 -0.335268 -0.371521 0.530831 0.191989 0.458903 0.315103 0.308697 0.134615 0.439124 0.415805 -0.266220 0.044569 -0.094733 -0.016481 0.074041 -0.083966 -0.549308 -0.119255 -0.530602 -0.541306 -0.274167 -0.376072 -0.249822 -0.233586 -0.256136 -0.384027 -0.260434 -0.277751 -0.107556 -0.287887 -0.313156 -0.550647 -0.626399 -0.071309 -0.103275 -0.223801
-0.390619 -0.288925 0.598236 0.661162 0.111466 0.047988 0.577631 1.000000 0.387034 0.474322 0.397335 0.481216 0.311275 0.372976 0.218826 0.422621 -0.232648 -0.514106 -0.233035 -0.334321 -0.177994 -0.030797 0.110409 0.366413 -0.048325 0.373379 -0.130980 -0.064939 0.129810 -0.202159 0.216916 0.321659 0.049078 0.273988 -0.206795 0.025392 -0.178587 -0.155314 -0.149177 -0.433645 -0.113957 -0.169369 -0.366943 -0.385650 -0.274512 -0.145702 -0.525367 -0.294474 -0.419793 -0.359827 0.112642 -0.192581 0.084899 -0.168168 -0.006744 -0.412214 -0.537134 -0.525944 0.012793 0.213326 0.251622 0.431959 -0.177639 -0.063516 0.528509 0.678840 0.086559 0.586159 -0.435344 -0.052377 -0.402366 -0.154863 -0.099388 -0.221265 -0.186054 -0.076356 -0.367527 -0.389164 -0.231134 -0.372701 -0.289225 -0.323166 0.255963 0.242317 0.512922 0.495898 0.236932 0.055679 0.489596 0.533887 -0.173227 0.002878 0.062876 -0.273413 -0.112994 0.011630 -0.418818 -0.305352 -0.464751 -0.444207 -0.330955 -0.283644 -0.219062 -0.277456 -0.349557 -0.512195 -0.428083 -0.174701 -0.199526 -0.181917 -0.374350 -0.566464 -0.370102 -0.032949 -0.097554 -0.163474
-0.229159 -0.278876 0.548690 0.380026 0.455557 0.315585 0.689702 0.387034 1.000000 0.726104 0.273617 0.205208 0.237109 0.271522 0.464487 0.235071 -0.338236 -0.362038 -0.158260 -0.078725 -0.227292 -0.095714 0.312383 0.234882 -0.006342 0.121322 0.023581 -0.005657 0.120657 -0.181527 0.156503 0.104779 -0.059073 0.203801 -0.028450 0.262206 -0.297217 -0.219653 -0.188962 -0.273054 -0.291364 -0.254744 0.120083 0.102211 -0.040892 0.160776 -0.128090 0.025799 -0.078863 0.065994 0.180163 -0.004431 0.031487 0.242024 -0.446619 -0.202105 -0.456129 -0.223824 -0.076484 -0.100070 0.242851 0.226190 -0.204996 -0.183059 0.638905 0.240928 -0.199747 0.065274 -0.234997 0.072574 -0.311443 -0.227797 -0.136306 -0.253288 -0.256180 -0.037087 -0.198477 -0.395897 -0.163311 -0.210641 -0.311296 -0.320893 0.232950 0.067368 0.002289 -0.228554 0.011323 -0.191328 0.225420 0.024041 -0.215717 0.010564 -0.065196 0.001752 0.016601 -0.013583 -0.467890 -0.180730 -0.441969 -0.366823 -0.432766 -0.324682 -0.260926 -0.153334 -0.239976 -0.256477 -0.116193 -0.223705 -0.241748 -0.088455 -0.195246 -0.263642 -0.351587 -0.036943 -0.063343 -0.187332
-0.059911 -0.138397 0.334730 0.472074 0.305873 0.286936 0.540396 0.474322 0.726104 1.000000 0.461838 0.503724 0.287440 0.549449 0.503274 0.464949 -0.247410 -0.353401 -0.423716 -0.086204 -0.419953 -0.191852 0.177322 0.131285 -0.319791 -0.070145 -0.121307 -0.164302 0.111790 -0.173091 -0.240949 -0.189417 -0.061404 0.157015 -0.080950 0.378242 -0.302510 -0.141007 -0.244796 -0.360240 -0.436584 -0.292476 0.013721 -0.131157 -0.333950 -0.004148 -0.308396 -0.124913 -0.253540 -0.036055 0.159941 -0.102712 0.040445 0.183106 -0.310830 -0.309561 -0.327349 -0.154275 -0.035591 -0.116009 0.410144 0.511716 -0.136272 -0.100234 0.600928 0.454964 -0.366603 0.092814 -0.186484 0.035692 -0.417955 -0.339660 -0.153025 -0.376908 -0.234431 -0.059328 -0.225737 -0.354187 -0.079614 -0.244808 -0.361849 -0.367907 0.154043 -0.074042 0.069991 -0.045445 -0.009570 -0.116118 0.432716 0.323372 0.042988 0.038367 0.144712 0.042329 -0.094333 0.027258 -0.526272 -0.387839 -0.494100 -0.256345 -0.483943 -0.240890 -0.158238 -0.136026 -0.195020 -0.308319 -0.212609 -0.051964 -0.288573 -0.186461 -0.264338 -0.347818 -0.325376 -0.046561 -0.027456 -0.130349
0.104421 -0.250050 0.320545 0.094069 -0.024074 0.115841 0.334450 0.397335 0.273617 0.461838 1.000000 0.737502 0.541810 0.723780 0.424996 0.468309 0.088152 -0.213343 -0.202153 -0.212988 -0.229650 -0.073510 -0.070344 -0.073569 -0.460050 -0.298249 -0.321525 -0.380032 0.372934 0.013397 -0.226732 -0.168620 0.016582 0.127781 -0.064761 0.162173 -0.070641 -0.001380 -0.060239 -0.250472 -0.185439 -0.115830 -0.033958 -0.206389 -0.346583 -0.239604 -0.312701 -0.275579 -0.309759 -0.270275 0.090152 0.010055 0.212894 0.063066 -0.055116 -0.277413 -0.135875 -0.368955 0.263573 -0.073167 0.540568 0.514241 0.020986 -0.018288 0.308171 0.461020 -0.185171 0.117205 -0.135362 -0.099490 -0.293468 -0.168936 -0.034947 -0.090184 -0.104136 0.178329 0.061488 -0.038469 -0.016719 -0.290563 -0.213682 -0.230479 0.185723 0.237954 0.174892 0.237970 -0.040872 0.015660 0.304589 0.309445 0.013221 0.100368 0.033257 -0.084773 -0.178730 0.020986 -0.401614 -0.289123 -0.385527 -0.204035 -0.311585 -0.212637 -0.112508 -0.253240 -0.429843 -0.453605 -0.314981 -0.057158 -0.079563 -0.203206 -0.358646 -0.409037 -0.326934 0.098390 -0.070977 -0.083448
0.011901 0.020642 0.176774 0.243548 -0.152798 0.007694 0.272124 0.481216 0.205208 0.503724 0.737502 1.000000 0.481160 0.856627 0.438862 0.576733 0.092835 -0.125478 -0.377978 -0.325486 -0.329497 -0.162634 -0.071389 -0.054938 -0.380086 -0.193661 -0.346211 -0.305062 0.345563 0.030434 -0.320972 -0.249803 -0.118565 -0.027946 -0.175792 -0.006816 0.002184 -0.010070 -0.151052 -0.291569 -0.277331 -0.143210 -0.115835 -0.257963 -0.460005 -0.282171 -0.320214 -0.335616 -0.251562 -0.315309 0.121411 -0.040768 0.170770 -0.004789 -0.038327 -0.249872 -0.203302 -0.379933 0.208091 -0.032434 0.500593 0.764812 -0.002573 0.105351 0.421139 0.660613 -0.331155 0.095677 -0.304129 -0.167330 -0.362786 -0.202676 -0.023768 -0.161007 -0.056476 0.178527 -0.107471 -0.185483 0.019954 -0.185816 -0.100754 -0.118274 0.177686 0.159453 0.347016 0.369238 -0.012792 0.050076 0.464271 0.531305 -0.038727 -0.056072 -0.038774 -0.205015 -0.065485 0.099622 -0.451450 -0.379090 -0.406960 -0.331685 -0.386937 -0.350755 -0.217680 -0.376111 -0.404979 -0.433198 -0.170641 -0.052028 0.028525 -0.161902 -0.461649 -0.397766 -0.324343 -0.043578 0.042863 0.021308
0.085443 -0.098936 0.273787 -0.096130 -0.032656 0.119315 0.156148 0.311275 0.237109 0.287440 0.541810 0.481160 1.000000 0.656547 0.282344 0.531702 0.441220 0.168706 0.063864 -0.160855 -0.386050 -0.210525 -0.254720 -0.280109 -0.505787 -0.399427 -0.566025 -0.402909 0.549787 0.384950 -0.081861 -0.022406 0.357469 0.399639 -0.219605 -0.165362 0.299424 0.091588 -0.068131 -0.303208 0.140637 0.267294 -0.161716 -0.376808 -0.387987 -0.482329 -0.340889 -0.397124 -0.314589 -0.374315 -0.242148 -0.192726 0.112552 -0.135731 -0.086464 -0.321607 0.132507 -0.017143 0.236017 0.127991 0.659699 0.466011 0.498326 0.380489 -0.025272 0.035932 -0.018809 -0.158795 -0.236805 -0.271345 -0.200849 -0.089817 0.486695 0.279177 0.225212 0.389704 0.123495 -0.073323 0.256667 0.015070 0.248880 0.218097 -0.014905 0.249797 0.069536 0.100351 -0.017270 -0.216459 0.104623 0.133326 -0.197132 -0.183411 -0.141825 -0.153891 -0.106848 0.425597 -0.463712 -0.182655 -0.196913 -0.063579 -0.330136 0.243174 -0.035777 -0.236971 -0.400787 -0.398626 -0.181222 -0.254806 0.062944 -0.089340 -0.583621 -0.140309 -0.240620 -0.141602 0.006038 0.019979
0.125324 -0.048518 0.158484 0.173552 -0.030733 0.219013 0.138334 0.372976 0.271522 0.549449 0.723780 0.856627 0.656547 1.000000 0.346510 0.606063 0.204599 0.003541 -0.269761 -0.195705 -0.456203 -0.243918 -0.218370 -0.244634 -0.533862 -0.405399 -0.501949 -0.409159 0.419662 0.205902 -0.383368 -0.314542 0.077209 0.227860 -0.171766 0.046954 0.112657 0.080074 -0.049618 -0.268239 -0.178741 -0.041069 0.007619 -0.294765 -0.552573 -0.388618 -0.328814 -0.342244 -0.402843 -0.393186 -0.061140 -0.197797 0.156128 0.077721 -0.130780 -0.338298 -0.001466 -0.176808 0.271895 0.013948 0.638941 0.780161 0.215350 0.175267 0.268628 0.466999 -0.291071 -0.074652 -0.216965 -0.169239 -0.299101 -0.183173 0.190627 -0.074591 0.045520 0.277603 0.060320 -0.060965 0.157144 -0.038327 0.011498 -0.010249 -0.016741 0.088212 0.077442 0.054206 -0.069592 -0.148671 0.289474 0.320388 0.017607 -0.103381 -0.003304 -0.119977 -0.212059 0.193389 -0.505513 -0.395639 -0.354771 -0.106283 -0.363945 -0.109880 -0.143808 -0.308343 -0.385738 -0.362140 -0.155105 -0.019900 0.029055 -0.083585 -0.463029 -0.227615 -0.258324 -0.063132 -0.065227 -0.070870
0.020803 -0.030571 0.153237 0.098573 0.205503 -0.052809 0.473893 0.218826 0.464487 0.503274 0.424996 0.438862 0.282344 0.346510 1.000000 0.336048 -0.094747 -0.157422 -0.199915 -0.061721 -0.206121 -0.260087 0.153137 -0.007165 -0.305827 -0.130210 -0.047882 -0.222052 0.348829 -0.050537 -0.132799 -0.264524 -0.102605 -0.058759 -0.208302 -0.053296 -0.195968 -0.209604 -0.261724 -0.296227 -0.226123 -0.215801 -0.084460 -0.070355 -0.135036 -0.113322 -0.081456 -0.159378 0.130886 0.115633 0.110421 0.031528 -0.067580 -0.059300 -0.270255 -0.118725 -0.223913 -0.236251 0.062150 -0.212566 0.310917 0.293145 -0.048054 -0.000996 0.546186 0.259161 -0.388298 -0.252412 -0.183274 0.043198 -0.327443 -0.195761 -0.083443 -0.072121 -0.143909 -0.017475 -0.123376 -0.271427 -0.142698 -0.170021 -0.230801 -0.216408 0.587782 0.233221 0.234715 0.154811 -0.045774 0.052066 0.322602 0.297648 -0.192360 -0.089997 -0.072677 0.000057 -0.026802 0.107027 -0.471686 -0.204038 -0.199140 -0.298012 -0.231081 -0.214190 -0.163453 -0.160203 -0.089567 -0.136494 -0.159317 -0.082532 -0.156267 -0.186806 -0.410446 -0.142084 -0.176997 -0.121187 -0.105753 -0.082165
-0.242932 -0.214353 0.177666 0.268886 0.090654 0.003610 0.270770 0.422621 0.235071 0.464949 0.468309 0.576733 0.531702 0.606063 0.336048 1.000000 0.148550 -0.059430 -0.319057 -0.226905 -0.248934 0.107959 -0.000197 0.136546 -0.274866 -0.080920 -0.354360 -0.244825 0.306718 0.170752 -0.206613 -0.133320 -0.000508 0.102404 -0.213603 -0.138583 0.138560 0.045263 0.045247 -0.191000 -0.118477 -0.004745 -0.000098 -0.177315 -0.427255 -0.317571 -0.196911 -0.220775 -0.093675 -0.127231 0.002252 -0.013845 -0.266702 -0.083428 -0.015723 -0.273155 -0.174816 -0.140282 -0.207851 -0.028115 0.272622 0.386663 0.095985 0.157085 0.186835 0.285190 -0.287591 -0.135929 -0.227898 -0.115858 -0.304907 -0.107217 0.105265 -0.098091 -0.052715 0.102491 -0.195945 -0.279857 0.111452 -0.099612 0.054861 0.018924 -0.072398 0.325056 0.316872 0.293675 0.047477 0.095282 0.296404 0.234367 0.050886 -0.007492 0.107970 -0.030143 0.105625 0.274790 -0.461563 -0.067612 -0.344362 -0.240899 -0.198230 -0.067181 -0.084839 -0.319415 -0.261446 -0.347992 0.038455 -0.113521 0.020625 -0.236986 -0.500322 -0.279306 -0.291785 0.115250 0.130607 -0.061874
0.434807 0.265371 -0.362821 -0.357567 -0.347472 -0.076570 -0.370981 -0.232648 -0.338236 -0.247410 0.088152 0.092835 0.441220 0.204599 -0.094747 0.148550 1.000000 0.606735 0.307958 0.209044 -0.107620 -0.098808 -0.304605 -0.386742 -0.223167 -0.443968 -0.442515 -0.261950 0.345491 0.474224 -0.001483 -0.060437 0.323785 0.128417 -0.169790 -0.346028 0.583805 0.131335 -0.112261 0.035212 0.244603 0.491717 -0.104010 -0.272052 -0.206978 -0.549775 -0.113118 -0.314297 -0.115013 -0.317309 -0.404707 -0.208527 0.102145 -0.121107 -0.110603 -0.100557 0.641775 0.281761 0.194520 0.055870 0.344327 0.106064 0.711686 0.570556 -0.508036 -0.387153 -0.098240 -0.415130 0.093170 -0.270514 0.311510 0.298317 0.561642 0.509375 0.479246 0.495296 0.432145 0.276749 0.476485 0.367937 0.654081 0.611954 -0.220644 0.131283 -0.113767 -0.103022 -0.095574 -0.210765 -0.290634 -0.148949 0.024293 -0.076111 -0.119548 -0.076342 0.025373 0.290281 -0.119715 0.141567 0.218673 0.386463 0.169261 0.404740 0.264070 0.001711 -0.150716 -0.159798 -0.086631 -0.160555 0.213065 0.100294 -0.237136 0.161380 0.108768 -0.033926 0.007869 0.110257
0.229706 0.372233 -0.478467 -0.569185 -0.285296 -0.167602 -0.479790 -0.514106 -0.362038 -0.353401 -0.213343 -0.125478 0.168706 0.003541 -0.157422 -0.059430 0.606735 1.000000 0.315486 0.272403 -0.133997 -0.229805 -0.338972 -0.499508 -0.211561 -0.486556 -0.453811 -0.288158 0.285906 0.662903 -0.044447 -0.094224 0.340128 0.194856 -0.116060 -0.302071 0.485072 0.238655 0.056637 0.247651 0.259108 0.407158 0.016121 -0.053940 -0.067003 -0.332990 0.117831 -0.119508 0.101748 -0.014366 -0.384491 -0.104797 -0.074101 -0.249276 -0.065184 0.108371 0.627876 0.635061 -0.009748 0.051294 0.131240 0.003427 0.573565 0.621160 -0.432264 -0.561140 -0.167400 -0.648240 -0.082113 -0.304508 0.191474 0.106564 0.591624 0.527913 0.446891 0.435311 0.413217 0.251865 0.635771 0.554916 0.604019 0.752096 -0.287914 0.066916 -0.304480 -0.156377 -0.348493 -0.288319 -0.376409 -0.324027 -0.074189 -0.220546 -0.301652 -0.148120 0.045416 0.349370 0.008263 0.240933 0.368719 0.388321 0.260164 0.268462 0.214292 -0.031304 0.004015 0.119612 0.316333 -0.071445 0.221423 0.202065 -0.150958 0.503967 0.306007 -0.094493 0.184321 0.064864
0.253954 0.075510 -0.047956 -0.307428 0.009854 0.056507 -0.285985 -0.233035 -0.158260 -0.423716 -0.202153 -0.377978 0.063864 -0.269761 -0.199915 -0.319057 0.307958 0.315486 1.000000 0.291409 0.001471 -0.117493 -0.468920 -0.353198 -0.053852 -0.188528 -0.173735 -0.203111 0.313242 0.467363 0.336547 0.221378 0.527706 0.293967 -0.100040 -0.350517 0.380612 -0.015342 -0.039587 0.180137 0.342684 0.264437 -0.004948 -0.052408 0.088798 -0.225876 0.026866 -0.131273 -0.014850 -0.207317 -0.510075 -0.166498 0.064227 -0.142213 -0.067960 0.104470 0.272276 0.078236 0.184290 0.151199 0.036442 -0.278996 0.393623 0.271731 -0.469514 -0.563699 0.346287 -0.222114 0.263077 -0.002988 0.265462 0.238699 0.560620 0.498152 0.415042 0.267047 0.494811 0.480330 0.243066 0.316696 0.295700 0.328889 -0.074488 0.276642 -0.344028 -0.190190 -0.212072 -0.027042 -0.544968 -0.400247 -0.181977 -0.116848 -0.355594 -0.179573 -0.136013 0.021776 0.158072 0.099370 0.227527 0.414403 0.202238 0.274974 0.052795 0.050116 -0.104405 0.073245 0.083257 0.043839 0.132522 0.252740 -0.116450 0.325401 0.250527 -0.055146 -0.049679 0.049486
0.371826 0.261202 -0.289625 -0.314370 0.107649 0.124907 -0.179914 -0.334321 -0.078725 -0.086204 -0.212988 -0.325486 -0.160855 -0.195705 -0.061721 -0.226905 0.209044 0.272403 0.291409 1.000000 -0.025269 -0.104314 -0.054257 -0.035940 -0.102551 -0.261938 0.010260 -0.130801 0.028611 0.172303 -0.178595 -0.092651 0.205056 0.212481 -0.206605 0.008766 0.133291 -0.118039 -0.079905 0.081983 0.018931 0.299499 -0.145142 -0.164177 -0.067145 -0.133970 -0.084727 -0.266326 -0.094699 0.027975 -0.302332 -0.181563 -0.063567 -0.016094 -0.374975 -0.060421 0.321787 0.260094 -0.084778 -0.068955 -0.112226 -0.197017 0.127240 0.094520 -0.266170 -0.470684 -0.285429 -0.319472 0.300113 0.351978 0.356088 0.189688 0.233204 0.331187 0.442045 0.238757 0.206606 0.088113 0.195585 0.371429 0.274399 0.250332 -0.223917 0.043415 -0.235858 -0.308822 -0.074342 -0.037083 -0.292908 -0.322422 0.396796 0.331412 0.269275 0.332875 0.014787 -0.147623 0.056715 0.187619 0.149910 0.382596 0.294141 0.231645 0.151602 0.394114 0.258672 0.329509 0.152535 0.313057 0.130457 -0.020048 -0.026539 0.290565 0.215462 -0.011470 -0.050514 -0.020433
-0.177713 -0.283960 -0.119856 -0.074819 -0.047956 0.064733 -0.257200 -0.177994 -0.227292 -0.419953 -0.229650 -0.329497 -0.386050 -0.456203 -0.206121 -0.248934 -0.107620 -0.133997 0.001471 -0.025269 1.000000 0.635685 0.207414 0.351670 0.466772 0.371667 0.364265 0.434954 -0.151080 -0.279319 0.161463 0.306860 -0.246542 -0.320249 0.035008 -0.314192 -0.184303 -0.085763 0.089712 0.164436 -0.049540 -0.045397 0.135730 0.252681 0.115102 0.006660 0.372567 0.201932 0.226171 0.096333 0.107217 0.135628 -0.142669 -0.134911 0.113242 0.131834 -0.023038 -0.165876 0.053713 0.131561 -0.385865 -0.413743 -0.164270 -0.290088 -0.207895 -0.072623 0.282735 0.141220 0.024266 0.151676 0.156600 0.129426 -0.309897 -0.150636 -0.180172 -0.298918 -0.175370 -0.087505 -0.115549 -0.163704 -0.017569 -0.013378 -0.234384 0.077953 -0.071707 -0.066013 -0.116083 0.063255 -0.052614 -0.201788 0.027629 0.159907 0.167478 0.156507 0.075264 -0.358597 0.463857 0.241873 0.243099 0.020522 0.214089 -0.061320 0.111888 0.119255 0.105326 0.261211 0.084432 0.111460 0.074156 -0.084481 0.371934 0.113660 0.439137 0.216611 0.121732 0.106206
-0.238171 -0.379666 0.074203 0.070486 -0.088121 0.021682 -0.020369 -0.030797 -0.095714 -0.191852 -0.073510 -0.162634 -0.210525 -0.243918 -0.260087 0.107959 -0.098808 -0.229805 -0.117493 -0.104314 0.635685 1.000000 0.365105 0.525756 0.542194 0.420604 0.409281 0.387841 -0.099188 -0.320434 0.173001 0.387956 -0.248033 -0.160091 -0.001618 -0.053004 -0.159255 0.015763 0.097392 0.052115 -0.151551 -0.050071 0.217156 0.187074 0.005557 -0.021000 0.213887 0.196400 0.118568 0.081565 0.179611 0.195178 -0.114398 -0.028289 0.103150 -0.063629 -0.109070 -0.134757 -0.204825 -0.012149 -0.376723 -0.363045 -0.259530 -0.323048 -0.220461 0.051211 0.143767 0.180507 -0.018361 0.115003 0.059722 -0.028051 -0.344319 -0.250012 -0.175881 -0.272275 -0.258612 -0.258096 0.070328 -0.153845 0.096560 0.008970 -0.307707 0.081594 0.138386 0.074520 0.177225 0.122516 0.110103 -0.050431 0.039243 0.172968 0.142899 0.096215 0.149221 -0.310136 0.330032 0.273743 0.004845 -0.068935 -0.072449 -0.048666 0.027722 -0.065708 -0.115108 -0.013157 0.180463 -0.031953 0.243762 -0.225003 0.272142 -0.234848 0.010812 0.140178 0.197787 0.064518
-0.281384 -0.114379 0.260562 0.279698 -0.033288 -0.078784 0.486229 0.110409 0.312383 0.177322 -0.070344 -0.071389 -0.254720 -0.218370 0.153137 -0.000197 -0.304605 -0.338972 -0.468920 -0.054257 0.207414 0.365105 1.000000 0.695636 0.601457 0.436669 0.451557 0.252332 -0.415518 -0.624231 0.159337 0.134173 -0.500108 -0.333915 0.170631 0.258072 -0.439145 0.007036 0.122327 -0.181755 -0.299343 -0.191287 0.098427 0.203103 0.068763 0.297203 0.019848 0.198187 0.334690 0.427839 0.718599 0.376988 0.048621 0.256222 -0.020461 0.013497 -0.342711 -0.067321 -0.382765 -0.357785 -0.440245 -0.152303 -0.435004 -0.424157 0.409586 0.311946 -0.243562 0.144505 0.024102 0.214990 -0.042624 -0.172824 -0.569727 -0.319504 -0.244973 -0.286095 -0.395453 -0.587956 -0.308735 -0.228434 -0.283021 -0.352048 0.200235 -0.248277 0.333782 0.059817 0.361051 0.086800 0.530797 0.375886 -0.030309 0.171188 0.088969 0.202683 0.239744 -0.228416 -0.156976 0.064837 -0.215922 -0.317932 -0.239133 -0.408108 -0.095968 -0.167454 -0.050214 -0.151785 0.005421 -0.135707 -0.002229 -0.406231 0.144797 -0.359836 -0.232171 -0.089343 0.003051 -0.033302
-0.442357 -0.302914 0.397326 0.511067 0.040721 -0.115945 0.377424 0.366413 0.234882 0.131285 -0.073569 -0.054938 -0.280109 -0.244634 -0.007165 0.136546 -0.386742 -0.499508 -0.353198 -0.035940 0.351670 0.525756 0.695636 1.000000 0.595547 0.690229 0.361425 0.279981 -0.413865 -0.630750 0.277689 0.487257 -0.379560 -0.211172 0.004042 0.015994 -0.406931 -0.097977 0.071388 -0.121543 -0.222750 -0.279305 -0.022898 0.135989 -0.014142 0.181806 0.020970 0.080022 0.185748 0.219534 0.410531 0.157133 -0.124771 -0.035281 0.009488 -0.160679 -0.498981 -0.311495 -0.384631 -0.079268 -0.522339 -0.203662 -0.533628 -0.440776 0.301931 0.318225 0.016613 0.349962 -0.151575 0.346008 0.041440 -0.007189 -0.636643 -0.425565 -0.226421 -0.389428 -0.639154 -0.586216 -0.375731 -0.362708 -0.349383 -0.392137 0.037295 -0.047986 0.308414 0.157978 0.287327 0.210133 0.408739 0.240151 0.071319 0.259846 0.293079 0.181012 0.325449 -0.295625 0.023188 0.239779 -0.223198 -0.407495 -0.187518 -0.365225 -0.141141 -0.055051 0.049603 -0.070330 -0.007702 -0.011451 -0.035963 -0.306349 0.186657 -0.311420 -0.153687 0.091881 0.135674 -0.073243
-0.259300 -0.075740 0.154517 0.245721 -0.129387 -0.124705 0.114631 -0.048325 -0.006342 -0.319791 -0.460050 -0.380086 -0.505787 -0.533862 -0.305827 -0.274866 -0.223167 -0.211561 -0.053852 -0.102551 0.466772 0.542194 0.601457 0.595547 1.000000 0.693948 0.539553 0.488455 -0.466514 -0.453644 0.464588 0.449944 -0.382467 -0.340515 0.182185 -0.057748 -0.169800 0.093602 0.214096 0.078520 -0.011792 -0.026300 0.102242 0.347882 0.239002 0.277133 0.252018 0.379324 0.298879 0.227744 0.378245 0.247695 0.034973 0.167009 0.055518 0.206575 -0.209658 -0.070829 -0.370717 -0.221249 -0.597307 -0.476630 -0.397647 -0.364103 0.055966 0.047021 0.076335 0.189225 0.062744 0.141265 0.310635 0.114729 -0.425330 -0.168695 -0.118865 -0.242249 -0.183810 -0.239009 -0.265742 -0.053708 -0.104703 -0.155056 0.015672 -0.108117 0.194677 -0.021551 0.375689 0.191414 0.231306 0.030394 -0.106099 0.155369 -0.059733 0.083922 0.267736 -0.312021 0.296898 0.270579 0.092097 -0.172772 0.077013 -0.299639 -0.133012 -0.158628 -0.003303 -0.010476 0.105750 -0.042572 0.015267 -0.174850 0.417743 -0.123944 -0.070709 0.014274 0.063627 0.022514
-0.428664 -0.222783 0.385402 0.544570 0.035816 -0.165784 0.324655 0.373379 0.121322 -0.070145 -0.298249 -0.193661 -0.399427 -0.405399 -0.130210 -0.080920 -0.443968 -0.486556 -0.188528 -0.261938 0.371667 0.420604 0.436669 0.690229 0.693948 1.000000 0.507132 0.547984 -0.463015 -0.548361 0.404411 0.567731 -0.270794 -0.157798 -0.032636 -0.096871 -0.244781 -0.003211 0.047646 -0.069955 -0.025967 -0.200614 -0.002621 0.284242 0.231108 0.376989 0.127123 0.272442 0.141277 0.126649 0.339992 0.121162 -0.105622 -0.042112 0.060289 0.020378 -0.473653 -0.383346 -0.291546 0.056875 -0.547306 -0.309181 -0.508546 -0.486028 0.246773 0.302907 0.212586 0.482853 -0.261230 -0.003318 0.064607 0.115859 -0.445760 -0.328877 -0.288875 -0.288162 -0.396384 -0.315180 -0.414695 -0.287758 -0.311335 -0.391649 0.107465 0.043492 0.350901 0.258775 0.338822 0.268739 0.262355 0.178615 -0.148417 0.124755 -0.047068 -0.111539 0.067230 -0.286327 0.252241 0.024489 -0.049837 -0.442572 -0.083499 -0.398861 -0.182832 -0.142611 0.011981 -0.144097 -0.036874 -0.091385 -0.167987 -0.178794 0.301519 -0.317502 -0.153259 0.100484 0.022906 -0.079080
-0.162525 -0.066428 0.045519 0.059505 0.280199 0.035390 0.140326 -0.130980 0.023581 -0.121307 -0.321525 -0.346211 -0.566025 -0.501949 -0.047882 -0.354360 -0.442515 -0.453811 -0.173735 0.010260 0.364265 0.409281 0.451557 0.361425 0.539553 0.507132 1.000000 0.737302 -0.419898 -0.579866 0.101432 0.060387 -0.408919 -0.356162 0.232700 0.227137 -0.309832 -0.062672 0.208528 0.043128 -0.092044 -0.175589 0.190785 0.387984 0.335852 0.430209 0.307749 0.396087 0.256127 0.306030 0.364828 0.213023 0.104745 0.326644 0.093850 0.111346 -0.260272 -0.124653 -0.194476 -0.290327 -0.476592 -0.469896 -0.489587 -0.558864 0.063294 0.115200 0.092354 0.260496 0.103566 0.200307 0.099684 0.025530 -0.519480 -0.254768 -0.272457 -0.383755 -0.198711 -0.112726 -0.367278 -0.192916 -0.334008 -0.360034 0.118834 -0.205582 0.162237 -0.040101 0.295884 0.193975 0.125903 0.036763 0.007238 0.133291 0.118968 0.106540 0.024327 -0.456544 0.320419 0.003714 -0.000519 -0.281832 0.061418 -0.178938 -0.048876 0.075635 0.165324 0.122210 0.156795 -0.135880 -0.070757 -0.158718 0.356428 -0.200253 -0.139343 -0.053992 -0.167263 0.030897
-0.205095 -0.064655 0.037058 0.124296 0.226458 0.246028 -0.078439 -0.064939 -0.005657 -0.164302 -0.380032 -0.305062 -0.402909 -0.409159 -0.222052 -0.244825 -0.261950 -0.288158 -0.203111 -0.130801 0.434954 0.387841 0.252332 0.279981 0.488455 0.547984 0.737302 1.000000 -0.389514 -0.431675 0.095795 0.157806 -0.274806 -0.258617 0.135401 0.032542 -0.134246 -0.155020 0.110776 -0.036659 -0.070668 -0.054329 0.167486 0.387630 0.360668 0.371497 0.343788 0.374929 0.169706 0.146517 0.282930 0.155141 0.056904 0.200818 0.117215 0.108916 -0.090688 -0.056379 -0.124075 -0.045547 -0.332119 -0.421044 -0.271697 -0.385004 -0.050813 0.077238 0.174147 0.260328 -0.209019 -0.109199 0.002438 0.094127 -0.401136 -0.311819 -0.271420 -0.263094 -0.205829 -0.130561 -0.160388 -0.101183 -0.085331 -0.134372 -0.168480 -0.133781 0.138768 -0.060475 0.114880 -0.051680 -0.005548 -0.121018 -0.103159 0.043898 -0.015969 -0.105232 -0.017799 -0.221683 0.376845 -0.029218 0.110133 -0.272820 0.131271 -0.163184 0.009347 0.052766 0.107241 0.099027 0.151678 -0.195453 -0.152930 0.066024 0.379244 -0.099096 0.001480 0.038810 -0.018826 0.079595
0.015499 -0.019187 -0.055174 -0.168967 0.010575 0.100796 0.060661 0.129810 0.120657 0.111790 0.372934 0.345563 0.549787 0.419662 0.348829 0.306718 0.345491 0.285906 0.313242 0.028611 -0.151080 -0.099188 -0.415518 -0.413865 -0.466514 -0.463015 -0.419898 -0.389514 1.000000 0.634835 0.061077 0.046645 0.351595 0.465681 -0.281483 -0.201942 0.303849 -0.114195 -0.181712 -0.038431 -0.053866 0.232761 -0.127490 -0.315881 -0.186826 -0.442524 -0.246110 -0.439533 -0.277691 -0.326862 -0.460572 -0.277995 0.040826 -0.214440 -0.157114 -0.090692 0.037584 -0.027014 0.157650 0.029506 0.551532 0.299593 0.396019 0.412383 -0.062092 -0.138147 -0.175208 -0.352393 -0.187972 -0.235180 -0.133796 -0.047554 0.592797 0.338654 0.241678 0.333799 0.287746 0.071328 0.548100 0.350897 0.408997 0.490223 0.086321 0.594154 0.072756 0.138170 -0.286693 0.025608 -0.149029 -0.077307 -0.243522 -0.262020 -0.173031 -0.125404 -0.097904 0.051205 -0.288787 -0.075868 -0.077575 0.087368 -0.023906 0.193289 0.025799 -0.316007 -0.459015 -0.228060 -0.029225 -0.271970 0.243844 0.012567 -0.638139 0.083414 0.023160 -0.028363 -0.028828 0.017179
0.075532 0.098946 -0.194133 -0.341436 -0.098221 -0.008678 -0.279363 -0.202159 -0.181527 -0.173091 0.013397 0.030434 0.384950 0.205902 -0.050537 0.170752 0.474224 0.662903 0.467363 0.172303 -0.279319 -0.320434 -0.624231 -0.630750 -0.453644 -0.548361 -0.579866 -0.431675 0.634835 1.000000 0.031562 -0.043994 0.595225 0.546612 -0.221853 -0.244862 0.592774 0.112559 -0.019118 0.211116 0.407706 0.465407 -0.182598 -0.294074 -0.100844 -0.438240 -0.166703 -0.329654 -0.249051 -0.314930 -0.664930 -0.297226 -0.146686 -0.283542 -0.086800 0.018961 0.336791 0.305933 0.080574 0.167185 0.326156 0.119649 0.534959 0.584998 -0.397490 -0.489016 0.013867 -0.512953 0.027260 -0.170112 0.063161 0.083136 0.860631 0.620073 0.474081 0.515611 0.466460 0.380806 0.598746 0.480892 0.599235 0.671320 -0.151601 0.417699 -0.166681 -0.052123 -0.311723 -0.105346 -0.467880 -0.262752 -0.165126 -0.292231 -0.191924 -0.157000 -0.079732 0.305319 -0.124898 0.088123 0.091972 0.235335 0.208407 0.399610 0.150476 -0.061319 -0.160489 0.004105 0.134135 -0.079554 0.144217 0.231924 -0.364073 0.410151 0.217238 0.060702 0.077644 0.018090
-0.365115 -0.203402 0.303927 0.176773 0.120234 -0.096569 0.263798 0.216916 0.156503 -0.240949 -0.226732 -0.320972 -0.081861 -0.383368 -0.132799 -0.206613 -0.001483 -0.044447 0.336547 -0.178595 0.161463 0.173001 0.159337 0.277689 0.464588 0.404411 0.101432 0.095795 0.061077 0.031562 1.000000 0.741491 0.116664 0.158462 0.087430 -0.069071 0.114448 0.070146 0.059593 0.051710 0.301046 0.168275 -0.177577 -0.102234 0.285188 -0.023843 -0.058219 0.023463 0.069822 0.004371 -0.122568 -0.029863 -0.113060 -0.182644 0.011282 0.035304 -0.218426 -0.108040 -0.236665 -0.014474 -0.263140 -0.314077 -0.012062 -0.013690 0.075597 -0.115423 0.294859 0.124284 -0.143186 -0.071960 0.208404 0.262877 0.109550 0.152955 0.038741 0.040800 0.025696 0.030044 -0.027057 -0.107015 0.100584 0.102264 0.193319 0.233875 0.150962 0.049869 0.249369 0.005428 -0.080390 -0.076112 -0.432528 -0.194163 -0.263464 -0.224828 0.106121 -0.115100 -0.000295 0.267091 -0.061436 -0.200809 0.064059 0.055556 -0.083568 -0.119103 -0.184876 -0.180133 -0.205545 -0.375544 -0.123123 0.144828 0.068835 -0.017984 -0.071972 -0.000826 -0.044419 -0.047227
-0.380478 -0.329536 0.354389 0.275849 0.009341 -0.032654 0.174608 0.321659 0.104779 -0.189417 -0.168620 -0.249803 -0.022406 -0.314542 -0.264524 -0.133320 -0.060437 -0.094224 0.221378 -0.092651 0.306860 0.387956 0.134173 0.487257 0.449944 0.567731 0.060387 0.157806 0.046645 -0.043994 0.741491 1.000000 0.050410 0.276175 -0.209359 -0.153343 0.004066 0.124527 -0.048096 0.015235 0.179866 0.066900 -0.074185 -0.013381 0.156894 -0.021483 0.007769 0.006901 -0.121631 -0.088499 -0.176440 -0.128156 -0.011423 -0.269686 0.032173 -0.129167 -0.280295 -0.189470 -0.218061 0.208161 -0.253330 -0.202659 -0.134672 -0.014501 -0.056996 -0.072413 0.319306 0.197195 -0.326917 -0.098333 0.192620 0.282786 0.019694 0.072710 -0.022535 -0.081286 -0.189506 -0.149287 0.069720 -0.099754 0.074876 0.078351 -0.036461 0.279140 0.077941 0.094663 0.097280 0.040440 -0.023473 -0.066779 -0.235171 -0.019856 -0.080174 -0.193034 0.117966 -0.213344 0.126215 0.231678 0.025180 -0.202628 -0.091033 -0.024732 -0.046981 -0.095784 -0.190584 -0.179499 -0.087773 -0.249335 0.057138 0.043752 0.100329 -0.047973 0.017885 0.010105 0.217428 0.000470
0.126430 0.026168 0.096921 -0.113314 -0.010347 0.114271 -0.140995 0.049078 -0.059073 -0.061404 0.016582 -0.118565 0.357469 0.077209 -0.102605 -0.000508 0.323785 0.340128 0.527706 0.205056 -0.246542 -0.248033 -0.500108 -0.379560 -0.382467 -0.270794 -0.408919 -0.274806 0.351595 0.595225 0.116664 0.050410 1.000000 0.680776 -0.066780 -0.044256 0.365004 -0.097005 -0.081548 0.108476 0.476279 0.326602 -0.331466 -0.345134 -0.140542 -0.410253 -0.397943 -0.369278 -0.348381 -0.431558 -0.593134 -0.369289 -0.069791 -0.306657 -0.101591 -0.092802 0.225814 0.177517 0.272739 0.389244 0.274657 0.003362 0.456977 0.260366 -0.344554 -0.370271 0.316182 -0.140674 0.003279 0.125700 -0.062665 0.086916 0.664892 0.417301 0.348396 0.451721 0.310123 0.339071 0.280507 0.246816 0.326170 0.333561 -0.113788 0.189295 -0.185641 -0.113472 -0.198398 -0.157455 -0.355207 -0.181341 -0.271844 -0.380552 -0.227683 -0.225639 -0.257318 0.301854 -0.089175 0.026159 -0.002911 0.118089 0.112443 0.347780 0.143863 0.139495 -0.087583 0.001217 -0.151838 0.019961 -0.108371 0.116114 -0.253805 0.176563 0.164049 -0.123837 -0.102274 -0.145153
-0.021430 -0.246885 0.284367 0.122251 0.057210 0.153917 0.093242 0.273988 0.203801 0.157015 0.127781 -0.027946 0.399639 0.227860 -0.058759 0.102404 0.128417 0.194856 0.293967 0.212481 -0.320249 -0.160091 -0.333915 -0.211172 -0.340515 -0.157798 -0.356162 -0.258617 0.465681 0.546612 0.158462 0.276175 0.680776 1.000000 -0.213829 0.083618 0.201665 -0.074620 -0.071795 -0.040342 0.211217 0.229556 -0.218182 -0.400305 -0.149075 -0.334934 -0.413981 -0.377509 -0.631291 -0.470923 -0.552467 -0.532893 -0.043841 -0.199560 -0.269062 -0.356548 0.070895 0.124694 0.081445 0.281954 0.348332 0.142566 0.252606 0.216614 -0.128989 -0.188742 0.172000 -0.034543 -0.116136 -0.043598 -0.130061 -0.047454 0.579952 0.326744 0.276696 0.275384 0.167493 0.054678 0.384827 0.221014 0.283190 0.311227 -0.122188 0.273911 -0.052781 -0.074658 -0.195595 -0.119651 -0.174830 -0.110317 -0.161956 -0.171981 -0.080109 -0.141585 -0.209457 0.078039 -0.194318 -0.037992 -0.180153 0.106197 -0.072993 0.322601 0.126231 0.000910 -0.262837 -0.142839 -0.189379 -0.139160 -0.050167 0.032913 -0.308242 0.106034 0.023899 -0.119969 -0.054456 -0.093792
-0.067408 -0.014334 -0.166216 -0.089976 -0.089162 0.033796 -0.041237 -0.206795 -0.028450 -0.080950 -0.064761 -0.175792 -0.219605 -0.171766 -0.208302 -0.213603 -0.169790 -0.116060 -0.100040 -0.206605 0.035008 -0.001618 0.170631 0.004042 0.182185 -0.032636 0.232700 0.135401 -0.281483 -0.221853 0.087430 -0.209359 -0.066780 -0.213829 1.000000 0.279499 -0.138428 0.184825 0.335209 0.256736 -0.019720 0.031231 0.100311 0.178227 0.118959 0.243325 0.043875 0.120047 0.097593 0.081433 0.226009 0.125594 -0.111910 0.192438 0.073810 0.110023 0.057091 0.191031 -0.088405 -0.319879 -0.239487 -0.248617 -0.061065 -0.247303 -0.014951 -0.007719 0.149883 0.198672 0.259959 0.119995 0.078938 0.013003 -0.222427 -0.048910 0.020399 0.048752 0.136474 0.122857 -0.266358 -0.053321 -0.153858 -0.100709 0.005074 -0.261793 -0.024516 -0.166940 0.046495 0.031875 0.061081 0.018037 -0.152349 -0.192112 0.025327 0.105235 0.022333 -0.035297 0.093710 0.037621 -0.091444 -0.064783 0.026520 0.003441 -0.011481 -0.018518 0.040429 0.046793 -0.154233 -0.136012 -0.283045 -0.003213 0.340391 -0.019289 -0.068586 -0.178455 -0.142480 0.185429
-0.088119 -0.146381 0.125072 0.106175 0.220697 0.123740 0.323823 0.025392 0.262206 0.378242 0.162173 -0.006816 -0.165362 0.046954 -0.053296 -0.138583 -0.346028 -0.302071 -0.350517 0.008766 -0.314192 -0.053004 0.258072 0.015994 -0.057748 -0.096871 0.227137 0.032542 -0.201942 -0.244862 -0.069071 -0.153343 -0.044256 0.083618 0.279499 1.000000 -0.281754 0.040125 0.007404 -0.055168 -0.158105 -0.158324 0.102199 0.017206 0.173685 0.353228 -0.206885 0.147880 -0.183415 0.121429 0.261981 0.150169 0.224687 0.405513 0.054377 -0.005988 -0.200007 0.080177 -0.109071 -0.278108 0.046556 0.030353 -0.367387 -0.286661 0.259156 0.193142 -0.130836 0.248477 0.191658 0.131737 -0.117493 -0.186004 -0.257371 -0.253725 -0.190599 -0.070712 0.010267 -0.008417 -0.133880 -0.192139 -0.276354 -0.304938 0.096440 -0.351314 -0.014296 -0.132489 0.118811 0.005093 0.162201 0.098314 0.095055 -0.009102 0.125194 0.049124 -0.084246 -0.249548 -0.102971 -0.130991 -0.207370 -0.159359 -0.126644 -0.091212 0.029857 0.053247 -0.041071 -0.082343 -0.128853 0.007693 -0.141752 -0.216026 0.175649 -0.222413 -0.263598 -0.112981 -0.121612 -0.121132
