1.000000 0.386455 -0.430746 -0.235879 -0.083012 -0.300268 -0.326302 -0.514001 0.007304 -0.376549 0.266244 -0.063007 0.094233 -0.112104 0.111044 -0.213227 0.357309 0.371706 0.216326 0.236567 -0.217916 -0.375554 -0.258855 -0.200671 -0.202842 -0.321399 -0.170839 -0.366082 0.207992 0.219911 -0.069216 -0.136888 0.248193 0.059281 -0.010716 -0.163729 0.261433 -0.028786 0.047061 0.053197 0.167589 0.136729 -0.132771 -0.036853 0.149801 -0.049514 -0.063182 -0.142224 0.066061 -0.032750 -0.144791 -0.024588 -0.005256 -0.026144 0.141737 -0.011314 0.668489 0.406259 0.152494 -0.009367 0.280817 0.115764 0.271734 0.377746 -0.173792 -0.254398 -0.077638 -0.333552 0.233744 -0.082022 -0.219782 -0.227451 0.228619 0.133938 0.216048 0.073187 0.352969 0.006541 0.255821 0.309257 0.160469 0.280041 0.002765 0.053212 -0.064098 -0.115023 0.050943 0.095195 -0.283328 0.065871 -0.075756 -0.117254 -0.200199 -0.062680 -0.005193 -0.118567 0.043688 -0.095066 0.242350 0.317370 -0.065912 0.070704 -0.044025 -0.046899 -0.215509 -0.161519 0.032559 -0.126154 0.005034 -0.119410 0.012883 0.054288 0.044977 0.004072 -0.153110 -0.015512
0.386455 1.000000 -0.156080 -0.113175 -0.237879 -0.101996 -0.283373 -0.425222 -0.359417 -0.238821 -0.096614 -0.223778 -0.318160 -0.304775 -0.185110 -0.348044 0.284224 0.308965 0.349399 0.376352 -0.255908 -0.300865 -0.231929 -0.345903 -0.087370 -0.076684 -0.088996 -0.125970 0.011880 0.050742 -0.130170 -0.195019 0.240615 0.124114 -0.075609 -0.137777 -0.104183 -0.038189 0.110556 0.088525 0.009324 -0.195431 -0.226505 -0.170003 0.096728 0.096346 0.121164 0.145059 0.099744 0.139935 -0.142375 0.088966 0.199653 0.320334 0.139154 0.075199 0.516545 0.671046 -0.019883 0.229039 -0.247832 -0.009528 -0.110539 0.244374 -0.464871 -0.331105 0.073063 -0.075272 0.601637 0.271108 -0.199751 -0.239924 -0.016005 -0.127537 -0.301422 -0.028437 -0.089736 -0.219545 0.128100 0.406618 0.174511 0.187152 -0.068006 -0.149001 -0.051759 -0.082727 0.033219 -0.017831 -0.259581 0.192324 0.245168 0.037573 -0.123985 -0.051761 0.021114 0.069925 0.173664 0.023987 0.428937 0.312929 0.270273 0.028994 0.167654 0.011203 -0.070064 -0.016656 0.027465 0.046652 -0.176715 -0.200648 0.124700 -0.072183 0.064651 -0.098097 0.053083 -0.050095
-0.430746 -0.156080 1.000000 0.133202 -0.054196 0.381881 0.693538 0.568017 -0.237633 0.478031 -0.228957 -0.076270 0.123679 -0.021487 -0.329733 -0.105045 -0.126833 -0.386187 -0.024627 0.102509 0.230127 0.439295 0.151226 0.276935 0.086240 0.474416 0.109276 0.393528 -0.320165 -0.201577 -0.016554 0.065156 -0.206261 0.101546 0.214166 0.219004 -0.364431 -0.120961 -0.141597 -0.105413 -0.264307 -0.053745 -0.045422 -0.044201 -0.156576 0.055179 -0.097874 0.125579 -0.212473 -0.147373 -0.190769 -0.164774 -0.051838 -0.193336 -0.224434 -0.207843 -0.288969 -0.324985 -0.077381 0.076098 -0.118140 0.180766 -0.341393 -0.357375 -0.000521 0.255159 0.080572 0.404508 -0.361227 0.013711 0.119641 0.071659 -0.245670 -0.078646 -0.063342 -0.057874 -0.276054 -0.091637 -0.207892 -0.266979 -0.224405 -0.212688 -0.204699 -0.226094 -0.202219 -0.018817 -0.216267 -0.047124 0.294171 0.149928 0.219090 0.227213 0.207517 0.109345 0.031607 0.163408 0.010151 0.016002 -0.058701 -0.175174 0.048806 0.064671 0.056641 0.129044 0.115029 0.341120 0.030356 0.081212 0.215158 0.188530 0.026798 -0.113130 -0.064320 -0.099566 0.161165 0.032601
-0.235879 -0.113175 0.133202 1.000000 -0.013529 0.190314 0.122199 0.323645 0.013648 0.178177 0.011233 0.035639 -0.289833 -0.049017 -0.015197 0.124760 -0.138600 -0.193705 0.344643 0.205396 0.122416 0.049819 0.406332 0.484203 0.205874 0.315246 -0.007876 0.086840 -0.009941 0.010398 0.187028 0.221026 0.080392 0.034548 -0.333601 -0.216512 -0.034934 0.122594 0.025270 -0.044718 0.011186 0.139236 0.089449 -0.028906 -0.037959 -0.134380 0.233256 0.080657 0.030085 0.041587 0.145182 0.022242 0.045732 0.065793 -0.148368 0.156252 -0.162116 -0.055065 -0.418560 -0.260753 -0.304270 -0.165804 -0.149818 -0.176472 0.094042 0.021411 -0.247764 -0.232503 -0.128789 -0.215533 0.098816 0.133438 0.080511 0.284889 0.160255 0.357447 -0.055653 -0.010598 0.052222 -0.122020 -0.022319 -0.055559 0.065306 0.136967 0.121391 0.096034 0.056472 0.103397 0.272292 0.202501 0.037451 -0.171191 -0.010113 -0.188659 -0.232948 -0.097532 -0.210867 -0.275256 -0.179023 -0.218795 -0.133839 -0.176925 -0.231910 -0.137274 -0.135995 -0.071467 -0.244255 -0.026667 -0.267209 -0.228966 -0.073960 -0.264011 -0.169967 0.042282 0.220121 -0.163464
-0.083012 -0.237879 -0.054196 -0.013529 1.000000 0.016942 0.011252 0.045779 0.376513 0.060162 -0.060126 0.064646 0.124377 0.131353 0.180916 0.185542 0.029895 0.130125 -0.238318 -0.324109 0.111034 0.281181 0.305199 0.047655 0.272897 0.033099 0.465442 0.124109 0.103386 0.075219 0.308528 0.286601 -0.007043 0.041764 0.106988 -0.145426 -0.138137 -0.101158 -0.118823 0.053220 -0.020761 -0.172593 -0.201592 -0.237808 0.117930 0.044001 -0.031305 -0.236180 0.078759 0.018702 0.190648 -0.006266 -0.088485 0.053111 0.057428 0.011825 0.019937 0.036993 0.086900 -0.037077 0.224604 -0.021023 0.029160 0.025948 0.236588 0.123730 -0.027710 -0.027593 -0.285675 -0.113470 0.057028 0.161388 -0.018842 0.043549 0.029489 -0.038555 -0.226426 -0.251578 0.060641 0.021223 0.013456 -0.001134 0.328626 0.233843 0.261542 0.057864 0.032615 0.128417 0.383819 -0.004864 -0.175118 -0.149898 -0.108779 -0.084068 -0.068097 -0.147550 -0.061644 -0.343054 -0.220064 -0.311910 -0.297069 -0.288809 -0.217470 -0.171584 -0.276931 -0.140376 -0.090760 -0.372403 -0.090192 0.003113 -0.250831 -0.148100 -0.192738 -0.119096 -0.234015 -0.153075
-0.300268 -0.101996 0.381881 0.190314 0.016942 1.000000 0.553719 0.331563 -0.447294 0.724558 -0.168013 0.069635 -0.018731 0.123886 -0.238191 0.260614 0.111012 -0.070407 -0.220467 -0.053100 0.127836 0.233919 0.224768 0.484301 0.376446 0.645356 0.330414 0.589985 -0.130836 0.049398 0.105334 0.072502 -0.159167 -0.151843 -0.290256 -0.227652 -0.115792 0.087631 0.265680 0.257514 0.178876 -0.082616 -0.215608 -0.273062 -0.253291 -0.133175 -0.044335 -0.113078 -0.164228 -0.201805 -0.172753 -0.162426 0.077145 -0.007396 -0.031823 0.087571 -0.126117 -0.150409 -0.210897 -0.017325 -0.239699 0.268832 -0.180714 -0.061023 0.035717 0.235526 -0.187631 -0.010209 -0.234449 -0.076257 0.203932 0.400099 -0.189257 0.064063 -0.045351 0.049579 -0.273832 -0.096635 -0.036077 -0.098858 -0.035018 -0.078243 0.086268 0.089624 0.071717 0.105317 -0.050021 0.275198 0.433667 0.421478 0.103222 0.007495 0.082453 -0.122264 -0.088901 -0.003937 -0.254151 -0.194435 -0.004902 -0.291843 -0.081033 -0.091627 -0.123393 -0.102621 -0.109599 0.167371 -0.150541 0.023657 -0.107778 -0.012140 0.026175 -0.133365 -0.241788 -0.257713 0.094658 0.176051
-0.326302 -0.283373 0.693538 0.122199 0.011252 0.553719 1.000000 0.496255 -0.105561 0.570546 -0.011487 0.253172 0.254066 0.288618 -0.057077 0.129913 -0.156608 -0.270788 -0.216887 -0.015892 0.304551 0.187322 0.253372 0.449547 0.076334 0.427039 0.031261 0.317736 -0.247949 -0.083657 0.031194 0.125107 -0.291495 -0.114509 0.018273 -0.021979 -0.298086 -0.111862 -0.129848 -0.123260 -0.270112 -0.002157 0.033557 -0.019174 -0.102781 0.010247 -0.099638 -0.089642 -0.151702 -0.148487 -0.305016 -0.229203 -0.184168 -0.383066 -0.344044 -0.313905 -0.358115 -0.414527 -0.012807 -0.014320 0.047562 0.355126 -0.297142 -0.179081 0.331178 0.357885 -0.128142 0.156656 -0.465016 -0.103565 0.303003 0.232801 -0.238415 -0.017832 -0.025947 -0.019913 -0.178477 0.089491 -0.169284 -0.392619 -0.252179 -0.220439 -0.066162 0.012675 -0.022579 -0.078003 -0.252469 0.132811 0.435279 0.077936 0.103230 0.109614 0.237274 0.023864 -0.123448 0.038849 -0.343580 -0.194761 -0.231898 -0.448271 -0.033846 -0.102600 -0.063528 -0.077903 -0.005606 0.171136 0.007145 0.079033 0.185051 0.211340 -0.070011 -0.151551 -0.218473 -0.170813 -0.020748 0.022143
-0.514001 -0.425222 0.568017 0.323645 0.045779 0.331563 0.496255 1.000000 0.115889 0.534056 -0.090109 0.357594 0.058077 0.459880 -0.162145 0.083321 -0.340078 -0.470767 -0.298851 -0.070298 0.050955 0.190977 0.047944 0.409952 -0.138028 0.109315 -0.009359 0.230035 -0.469261 -0.369058 -0.254589 0.010020 -0.484108 -0.218906 -0.215817 0.251258 -0.400130 -0.173403 -0.176767 -0.076267 -0.247672 -0.074387 0.133166 0.125944 -0.146376 -0.058992 0.035848 0.206600 -0.025733 -0.051667 -0.025475 0.053700 -0.050407 -0.211123 -0.383324 -0.175796 -0.518960 -0.634694 -0.079177 -0.016872 -0.092246 0.298430 -0.286332 -0.329515 0.091711 0.567054 -0.172475 0.340411 -0.560828 -0.185723 -0.086704 0.108727 -0.364416 -0.089777 -0.067398 0.007005 -0.215362 -0.070594 -0.402027 -0.617851 -0.313511 -0.451967 -0.078373 -0.179003 -0.238730 -0.015816 -0.113546 -0.009130 0.206573 -0.092258 0.364283 0.276444 0.480736 0.207358 -0.130978 0.084285 -0.152501 0.048960 0.108324 -0.143560 0.098949 0.104383 0.156424 0.118810 0.305820 0.451913 0.183027 0.126981 0.048439 0.190326 0.142611 0.204286 0.108873 0.108270 0.265829 -0.030601
0.007304 -0.359417 -0.237633 0.013648 0.376513 -0.447294 -0.105561 0.115889 1.000000 -0.165088 0.242482 0.257146 0.311078 0.313007 0.486035 0.152717 -0.150800 -0.181124 -0.127904 -0.327597 0.105036 -0.118298 0.083653 -0.030967 -0.228660 -0.406736 -0.100945 -0.223235 0.203206 -0.152293 -0.027656 0.149717 -0.149840 -0.068981 0.125011 0.252728 0.096924 -0.142704 -0.276297 -0.070058 -0.096132 0.127350 0.157544 0.134057 0.084224 0.078653 0.069850 -0.037658 0.071331 0.021965 0.110563 -0.019019 -0.426507 -0.209772 -0.117403 -0.093087 -0.253853 -0.271390 0.145116 -0.234511 0.501841 -0.051352 0.204484 0.031777 0.335381 0.271871 -0.177925 -0.103784 -0.226333 -0.190975 -0.002260 -0.019485 0.144753 -0.002128 0.166204 0.096060 0.125194 0.129404 -0.025252 -0.216220 0.047181 -0.086921 0.253655 0.234645 0.095975 0.006857 0.074661 0.162177 -0.093462 -0.229092 -0.243394 -0.065805 0.102106 0.084873 0.008498 -0.095318 -0.142756 -0.161646 -0.343707 -0.273329 -0.167925 -0.032265 -0.040102 -0.082141 -0.062146 -0.215137 -0.025086 0.056301 0.072596 0.049301 -0.203205 0.086548 0.017885 0.098013 -0.220729 -0.128927
-0.376549 -0.238821 0.478031 0.178177 0.060162 0.724558 0.570546 0.534056 -0.165088 1.000000 0.005153 0.120582 0.277402 0.245168 0.033080 0.311447 -0.158261 -0.301195 -0.378615 -0.143575 0.111977 0.153183 0.193108 0.465042 0.128679 0.468677 0.093117 0.410825 -0.285843 0.035124 -0.039784 -0.025674 -0.362785 -0.292571 -0.377296 -0.071582 -0.264942 0.021994 0.048725 0.232523 -0.065180 0.047751 -0.137474 -0.093449 -0.161785 0.030246 -0.012600 -0.072518 -0.177029 -0.119928 -0.221114 -0.066852 0.019617 -0.131755 -0.237375 0.031129 -0.357888 -0.361072 -0.260064 -0.043781 -0.171317 0.105941 -0.215367 -0.218022 0.064941 0.356116 -0.293541 0.063176 -0.374159 -0.016192 0.173170 0.239238 -0.197333 0.106117 0.076800 0.001446 -0.368735 -0.242294 -0.259785 -0.353701 -0.110374 -0.161902 -0.024163 0.074910 0.085936 0.146974 -0.122482 0.374707 0.309831 0.233462 0.253560 0.177901 0.376069 0.014202 0.007568 -0.115924 -0.229418 -0.236915 -0.031554 -0.375014 -0.010037 -0.097352 -0.096851 -0.148305 -0.015884 0.232572 0.095251 0.177642 -0.022154 0.111136 0.098657 -0.098533 -0.129562 -0.249715 0.090041 -0.024457
0.266244 -0.096614 -0.228957 0.011233 -0.060126 -0.168013 -0.011487 -0.090109 0.242482 0.005153 1.000000 0.374401 0.602277 0.419826 0.732824 0.459429 0.092248 0.053530 -0.306025 -0.419488 -0.057015 -0.198497 0.097735 0.115459 -0.051342 -0.143737 0.019999 -0.081953 0.350895 0.339506 -0.024002 -0.026851 -0.217437 -0.357547 -0.198259 -0.057415 0.397688 0.369109 0.113169 0.222267 0.182531 0.426921 0.185651 0.209564 0.028280 -0.197000 0.312881 -0.133303 0.065787 -0.073818 -0.046736 0.058023 -0.172603 -0.057112 0.211624 0.211053 -0.067999 -0.170130 -0.045912 -0.397449 0.223945 -0.156066 0.314699 -0.007569 0.050153 -0.039102 -0.522324 -0.526202 -0.072725 -0.294890 0.069561 0.078483 0.467269 0.311643 0.383348 0.220335 0.289174 0.165252 -0.017388 -0.033010 0.118065 0.058784 0.117203 0.359960 0.152028 0.101511 0.086907 0.225495 -0.152541 -0.050386 -0.334965 -0.276624 -0.256214 -0.315852 0.032407 0.043251 -0.044033 -0.181681 -0.238965 -0.276907 -0.064503 -0.158504 -0.240150 -0.355845 -0.262511 -0.347694 -0.139090 0.021731 -0.099002 -0.112820 0.035149 -0.010964 -0.185404 0.039461 -0.257291 -0.145742
-0.063007 -0.223778 -0.076270 0.035639 0.064646 0.069635 0.253172 0.357594 0.257146 0.120582 0.374401 1.000000 0.281184 0.872759 0.256921 0.534362 -0.093192 -0.063614 -0.406301 -0.295809 -0.093299 -0.057354 -0.029708 0.224071 -0.159922 -0.137489 0.028912 0.053014 0.054110 0.058377 0.013031 0.272905 -0.193770 -0.112229 -0.240715 0.034760 0.009562 0.047189 -0.016117 0.066697 -0.006380 -0.000416 0.161840 0.150060 -0.062300 -0.157668 -0.005320 -0.187734 -0.105868 -0.172699 -0.148757 -0.270131 -0.359669 -0.390826 -0.159133 -0.285961 -0.277316 -0.488778 -0.018964 -0.393905 0.228855 0.334776 0.063120 0.189301 0.214608 0.460166 -0.287842 -0.249759 -0.293396 -0.532822 0.068378 0.187879 0.005286 0.015835 0.046046 0.199420 0.246645 0.455187 -0.226455 -0.297272 -0.027079 -0.122849 0.133589 0.262741 -0.012156 0.056308 -0.011105 0.124103 0.031992 -0.273798 -0.120051 -0.255376 0.119331 -0.156439 0.004335 0.055782 -0.038310 0.008789 -0.151580 -0.207248 0.004523 -0.031606 0.056916 -0.211421 0.065595 -0.148137 0.045159 -0.045346 -0.030788 0.137203 -0.028092 0.158945 -0.088132 0.164384 0.052845 0.004302
0.094233 -0.318160 0.123679 -0.289833 0.124377 -0.018731 0.254066 0.058077 0.311078 0.277402 0.602277 0.281184 1.000000 0.441887 0.608272 0.395881 0.057724 0.087543 -0.436923 -0.415027 0.180188 -0.049710 -0.001785 0.060945 -0.134589 -0.024581 0.039844 0.057281 0.261446 0.317500 -0.049256 -0.023574 -0.382782 -0.188418 0.006760 0.021371 0.281127 0.277169 0.083559 0.342665 0.126575 0.464373 -0.121759 -0.027795 -0.128442 -0.104755 -0.098281 -0.386736 -0.244468 -0.353446 -0.263489 -0.253753 -0.294285 -0.380792 0.115477 0.041835 -0.221211 -0.339419 0.133171 -0.184737 0.403141 0.009416 0.274430 0.057420 0.026828 0.064134 -0.246393 -0.170404 -0.337566 -0.074811 0.210180 0.034882 0.270791 0.184587 0.366620 0.028356 0.167196 0.088167 0.018092 -0.051068 0.157227 0.197019 0.058052 0.268229 0.139248 0.032982 -0.071073 0.451653 -0.010554 0.052472 -0.266107 -0.118429 -0.113139 -0.190069 0.292561 -0.148924 0.031819 -0.105170 -0.320501 -0.450108 -0.130790 -0.095910 -0.068707 -0.260273 -0.232903 -0.211655 0.005116 0.122908 0.180082 0.151807 -0.084640 -0.104176 -0.229660 -0.202720 -0.352843 0.037699
-0.112104 -0.304775 -0.021487 -0.049017 0.131353 0.123886 0.288618 0.459880 0.313007 0.245168 0.419826 0.872759 0.441887 1.000000 0.343430 0.487004 -0.200080 -0.066388 -0.557827 -0.401166 0.026379 0.023117 0.023301 0.300945 -0.099909 -0.068521 0.161475 0.124345 -0.029510 -0.008235 -0.108451 0.184777 -0.389292 -0.248408 -0.208482 0.085329 0.009278 0.175351 0.022445 0.194972 -0.004252 0.085697 0.208014 0.213164 -0.111785 -0.203207 0.024456 -0.158390 -0.008060 -0.141731 -0.138376 -0.144983 -0.343659 -0.345468 -0.140249 -0.196414 -0.372324 -0.546673 -0.011536 -0.370610 0.196065 0.267573 -0.059923 -0.005546 0.160526 0.460216 -0.405709 -0.137039 -0.331376 -0.366083 0.001039 0.133288 -0.067170 -0.094358 -0.016434 0.110912 0.080381 0.269813 -0.288195 -0.342192 -0.098796 -0.163296 0.091715 0.171078 -0.055927 -0.011371 0.011867 0.183041 0.025979 -0.313243 -0.042496 -0.091309 0.230844 -0.067228 0.107655 0.099697 -0.010506 0.061146 -0.199503 -0.248141 0.041487 -0.042562 0.066608 -0.176030 0.037344 -0.091722 0.062730 0.125934 0.005423 0.254240 0.037633 0.170554 -0.091362 0.194327 -0.022649 0.063186
0.111044 -0.185110 -0.329733 -0.015197 0.180916 -0.238191 -0.057077 -0.162145 0.486035 0.033080 0.732824 0.256921 0.608272 0.343430 1.000000 0.442609 -0.095426 0.097276 -0.328002 -0.543158 0.009739 -0.268227 0.321105 0.176392 0.032932 -0.071094 0.102937 -0.036221 0.362476 0.209200 -0.028405 -0.060723 -0.297675 -0.363523 -0.149282 -0.136445 0.206356 0.266775 0.151028 0.289450 0.125791 0.402120 0.067439 0.115456 0.069397 -0.022062 0.215992 -0.193274 0.091644 -0.006202 0.101326 -0.034347 -0.344146 -0.074598 0.195469 0.174604 -0.193244 -0.090805 0.055695 -0.314292 0.320259 -0.257852 0.178121 0.078366 0.308140 0.045532 -0.446577 -0.443158 -0.124778 -0.212296 0.115143 0.017076 0.322167 0.141134 0.304390 0.175282 0.105209 0.049758 0.033564 -0.065816 0.117078 0.065446 0.107815 0.444376 0.435740 0.239963 0.106622 0.374620 -0.039991 0.042317 -0.376272 -0.319232 -0.159662 -0.311375 0.002241 -0.213203 -0.131909 -0.351832 -0.370523 -0.509447 -0.329342 -0.359372 -0.336230 -0.470723 -0.334660 -0.422003 -0.206260 -0.018297 -0.219004 -0.100726 -0.154067 -0.208379 -0.295123 -0.208051 -0.264922 -0.117238
-0.213227 -0.348044 -0.105045 0.124760 0.185542 0.260614 0.129913 0.083321 0.152717 0.311447 0.459429 0.534362 0.395881 0.487004 0.442609 1.000000 0.136494 -0.077077 -0.429726 -0.410153 0.224507 0.230382 0.283710 0.297468 0.268415 0.205157 0.248315 0.251915 0.404985 0.437783 0.327965 0.483123 -0.060563 -0.130738 -0.272213 -0.169394 0.245718 0.081601 0.146267 0.151069 0.224034 0.183219 -0.098323 -0.106866 -0.273595 -0.188191 0.046132 -0.283930 -0.385181 -0.367123 -0.096907 -0.422486 -0.286466 -0.147180 0.014050 0.146107 -0.193905 -0.360963 -0.353002 -0.532109 0.013569 -0.154804 0.360073 0.063968 0.234374 0.088340 -0.443520 -0.491178 -0.169195 -0.362776 0.273322 0.424971 0.281102 0.228959 0.313778 0.188354 -0.005913 0.180624 0.109769 -0.007029 0.373690 0.207222 0.459635 0.735113 0.429916 0.440516 0.185709 0.433507 0.226134 0.043468 -0.501096 -0.384937 -0.212991 -0.431404 0.275128 -0.133099 0.148230 -0.037041 -0.430560 -0.435580 -0.262379 -0.271657 -0.277384 -0.339687 -0.229336 -0.294066 -0.159591 -0.108574 0.022108 0.128545 0.009176 -0.016081 -0.240019 -0.124954 -0.041168 -0.076817
0.357309 0.284224 -0.126833 -0.138600 0.029895 0.111012 -0.156608 -0.340078 -0.150800 -0.158261 0.092248 -0.093192 0.057724 -0.200080 -0.095426 0.136494 1.000000 0.326838 0.074313 0.070403 -0.035557 0.012120 -0.205584 -0.273967 0.088004 0.045254 0.082221 0.081331 0.619769 0.480017 0.309146 0.159266 0.400910 0.278250 0.039732 -0.282637 0.372258 -0.092335 0.304128 0.038013 0.460423 0.208712 -0.548303 -0.593836 -0.093936 0.016295 -0.085279 -0.326281 -0.341369 -0.400298 -0.146725 -0.383916 -0.038492 0.036798 0.277234 -0.040333 0.673896 0.425745 -0.132810 -0.146775 0.132107 0.153896 0.562777 0.460650 -0.132503 -0.178351 0.049001 -0.389055 0.237075 -0.101500 0.242445 0.230833 0.479653 0.414101 0.353798 0.157468 0.161676 -0.079205 0.658661 0.602710 0.649682 0.466359 0.372700 0.351518 0.263618 0.180229 0.265888 0.230565 0.045319 0.213565 -0.336274 -0.434867 -0.466273 -0.460622 0.082438 -0.013874 0.191505 0.006910 0.083360 0.016450 -0.164987 -0.178777 0.090674 -0.211440 -0.395123 -0.291462 -0.108540 -0.171867 -0.014032 -0.148252 -0.143811 -0.187097 -0.264528 -0.255234 -0.070246 0.147414
0.371706 0.308965 -0.386187 -0.193705 0.130125 -0.070407 -0.270788 -0.470767 -0.181124 -0.301195 0.053530 -0.063614 0.087543 -0.066388 0.097276 -0.077077 0.326838 1.000000 0.083946 -0.118360 -0.094008 -0.233284 -0.136854 -0.277583 0.143442 -0.067783 0.165767 -0.045395 0.307957 0.380682 0.174998 0.007069 0.257566 -0.003462 -0.047248 -0.339620 0.230625 0.291660 0.495647 0.423950 0.242062 0.045968 -0.353742 -0.420282 0.253649 0.044170 0.048566 -0.307898 0.119222 0.048085 0.084658 -0.015742 0.206399 0.235507 0.420201 0.254062 0.428563 0.585692 -0.015670 0.000708 -0.002711 0.097872 0.218795 0.465405 -0.091501 -0.321150 0.047312 -0.259572 0.140021 0.084840 0.073751 -0.009091 0.200026 0.128584 -0.006289 -0.041567 0.057554 -0.115976 0.426138 0.616933 0.238905 0.490632 0.061929 0.202358 0.216141 0.003363 0.122356 0.227917 -0.057157 0.282172 -0.144279 -0.318490 -0.441361 -0.363157 -0.182732 -0.217966 0.016270 -0.204577 0.175872 -0.104660 -0.114027 -0.269663 -0.074073 -0.323744 -0.441056 -0.374811 -0.196011 -0.091534 -0.257913 -0.339302 -0.227104 -0.269689 -0.304728 -0.296442 -0.234050 0.189487
0.216326 0.349399 -0.024627 0.344643 -0.238318 -0.220467 -0.216887 -0.298851 -0.127904 -0.378615 -0.306025 -0.406301 -0.436923 -0.557827 -0.328002 -0.429726 0.074313 0.083946 1.000000 0.590628 -0.008856 -0.160470 -0.035494 -0.190099 -0.033840 -0.024198 -0.290618 -0.227139 0.072786 -0.091412 0.122161 0.047601 0.471708 0.463848 0.136554 -0.036173 0.045644 -0.107072 -0.085778 -0.201607 0.027921 -0.155564 -0.194098 -0.200192 -0.001412 -0.023482 -0.119177 -0.007233 -0.050706 0.018328 0.026210 -0.067613 0.163514 0.081354 0.056509 -0.075750 0.354069 0.462244 0.058086 0.152230 -0.043182 -0.114477 0.058662 0.152170 -0.156947 -0.381030 0.375931 0.037877 0.448931 0.205010 -0.217906 -0.288937 0.071744 -0.001362 -0.024712 0.083133 0.131829 0.036434 0.205501 0.302789 0.086149 0.152696 -0.074774 -0.151904 -0.046835 -0.165552 0.001716 -0.127973 -0.064553 0.138822 0.030329 -0.065991 -0.123578 0.046303 -0.099946 -0.065737 0.029504 -0.029502 0.036199 0.216001 0.093389 0.142707 0.001087 0.207288 0.004314 -0.053188 -0.119438 0.027989 -0.020284 -0.340830 -0.038054 -0.151193 0.082648 0.067487 0.116625 -0.037253
0.236567 0.376352 0.102509 0.205396 -0.324109 -0.053100 -0.015892 -0.070298 -0.327597 -0.143575 -0.419488 -0.295809 -0.415027 -0.401166 -0.543158 -0.410153 0.070403 -0.118360 0.590628 1.000000 -0.068899 -0.116533 -0.201571 0.068998 -0.132908 -0.055486 -0.347320 -0.183169 -0.178390 -0.122128 -0.002182 0.031968 0.253774 0.468430 0.022021 -0.037060 -0.184764 -0.331185 -0.138433 -0.353196 -0.089328 -0.219131 -0.113288 -0.095221 -0.080942 0.037130 -0.241115 0.097322 -0.173225 -0.110573 -0.247036 -0.163838 0.237279 -0.083409 -0.317993 -0.225195 0.319851 0.207791 -0.081712 0.199343 -0.205623 0.012845 -0.069214 0.023321 -0.261078 -0.258500 0.250557 0.213377 0.271861 0.312813 -0.091855 -0.243013 -0.170964 -0.052037 -0.142614 -0.081004 -0.033202 -0.015198 0.034516 0.074136 0.042701 0.142131 -0.005851 -0.228587 -0.203514 -0.157401 0.012529 -0.159553 0.095783 0.037339 0.354968 0.251306 0.151143 0.178654 -0.012239 -0.062235 0.040587 0.115066 0.297239 0.372921 0.123428 0.088161 0.139486 0.192821 0.132823 0.304349 0.128125 0.045829 0.160347 0.028512 0.136540 0.047271 0.257208 -0.001603 0.179475 0.029240
-0.217916 -0.255908 0.230127 0.122416 0.111034 0.127836 0.304551 0.050955 0.105036 0.111977 -0.057015 -0.093299 0.180188 0.026379 0.009739 0.224507 -0.035557 -0.094008 -0.008856 -0.068899 1.000000 0.417299 0.097330 -0.011279 0.204269 0.267397 0.125213 0.192843 0.098100 0.133663 0.138132 0.160768 -0.049343 -0.054717 -0.004531 -0.115858 -0.027587 -0.062520 0.002421 -0.151876 -0.000646 0.017715 0.061981 -0.034350 -0.015202 0.059699 -0.019517 -0.043398 -0.139097 -0.078976 -0.314313 -0.195691 -0.191605 -0.156093 -0.023727 0.146643 -0.185856 -0.180734 -0.209239 -0.032144 -0.235668 -0.121992 0.015045 -0.198010 0.112587 -0.207392 -0.036957 0.007069 -0.129484 0.155278 0.174081 0.004753 0.085435 -0.109286 -0.009096 -0.327789 -0.293027 -0.154906 0.213026 0.074046 0.198407 0.241994 0.295860 0.113193 0.245044 0.028861 0.096005 0.322180 0.236612 0.137925 -0.261722 0.035356 -0.189226 -0.075741 0.391074 -0.200066 0.223985 0.019363 -0.380159 -0.260042 -0.197986 -0.177046 -0.175795 0.045697 -0.012926 -0.057671 0.089424 0.051960 0.395267 0.260637 -0.204040 -0.275353 -0.090754 -0.221058 -0.154222 -0.052922
-0.375554 -0.300865 0.439295 0.049819 0.281181 0.233919 0.187322 0.190977 -0.118298 0.153183 -0.198497 -0.057354 -0.049710 0.023117 -0.268227 0.230382 0.012120 -0.233284 -0.160470 -0.116533 0.417299 1.000000 0.291184 0.210274 0.519498 0.463355 0.558482 0.485746 -0.053931 -0.045327 0.277795 0.300923 0.019376 0.236230 0.184809 0.125997 -0.093544 -0.041117 -0.070808 -0.115038 -0.108982 -0.223661 0.077624 0.001019 -0.218846 -0.033153 -0.155613 0.004252 -0.199043 -0.134781 -0.045796 -0.143724 -0.171551 -0.026797 -0.043857 -0.052429 -0.113342 -0.225570 -0.320783 -0.086648 -0.296446 -0.135281 -0.195005 -0.381706 0.048142 0.106871 -0.003003 0.191291 -0.173232 0.015166 0.113389 0.228173 -0.074141 -0.109829 -0.121831 -0.165503 -0.361986 -0.105696 -0.022112 0.024017 0.011638 0.015298 0.278066 0.073098 0.067668 0.231537 0.013057 -0.019137 0.371216 -0.000090 -0.144753 -0.002117 -0.038775 -0.037777 0.299420 0.184457 0.288475 0.168997 -0.348981 -0.038925 -0.132855 -0.153121 -0.133801 0.081892 0.056976 0.195799 0.068534 -0.072491 0.316812 0.314371 -0.034158 -0.087366 -0.082610 0.031386 0.115269 0.210550
-0.258855 -0.231929 0.151226 0.406332 0.305199 0.224768 0.253372 0.047944 0.083653 0.193108 0.097735 -0.029708 -0.001785 0.023301 0.321105 0.283710 -0.205584 -0.136854 -0.035494 -0.201571 0.097330 0.291184 1.000000 0.567731 0.646459 0.586103 0.387923 0.268347 0.159049 0.073260 0.460875 0.376108 0.091757 0.068550 0.051556 -0.084550 -0.060687 0.192679 0.096015 0.193689 0.139989 0.102683 -0.015865 -0.067882 -0.159230 -0.122955 0.068923 -0.023145 0.042255 0.057385 0.306134 -0.059471 -0.186466 0.107183 -0.031705 0.107786 -0.235612 -0.020588 -0.184042 -0.258155 -0.078907 -0.306876 -0.244184 -0.292710 0.368767 -0.008773 -0.235674 -0.133861 -0.177208 -0.177388 0.263940 0.357642 0.105396 0.143440 0.090651 0.371276 -0.155182 0.071010 0.010694 -0.053280 -0.133950 -0.080985 0.090041 0.287907 0.294292 0.216371 -0.047045 0.116098 0.361140 0.171582 -0.302296 -0.324016 -0.205896 -0.334142 -0.244904 0.101061 -0.254436 -0.352733 -0.485180 -0.498416 -0.443986 -0.351134 -0.463634 -0.278339 -0.366670 -0.230316 -0.384482 -0.156277 -0.162336 -0.194491 0.006776 -0.290051 -0.382115 -0.115576 0.064758 -0.008842
-0.200671 -0.345903 0.276935 0.484203 0.047655 0.484301 0.449547 0.409952 -0.030967 0.465042 0.115459 0.224071 0.060945 0.300945 0.176392 0.297468 -0.273967 -0.277583 -0.190099 0.068998 -0.011279 0.210274 0.567731 1.000000 0.408258 0.542980 0.264536 0.379931 -0.159978 -0.121816 0.110580 0.239120 -0.280164 -0.024280 -0.272053 -0.086301 -0.159411 0.107798 0.109520 0.097770 -0.004645 0.086457 0.123002 0.062198 -0.209519 -0.183144 0.035882 0.032270 -0.039171 -0.077697 0.028078 -0.124731 -0.177326 -0.144693 -0.317126 -0.060412 -0.339717 -0.379756 -0.272066 -0.294071 -0.075856 -0.031237 -0.274135 -0.241816 0.269848 0.342214 -0.426542 -0.020240 -0.414769 -0.189656 0.199004 0.282270 -0.161597 0.073637 0.057753 0.276620 -0.179929 0.099892 -0.235100 -0.408851 -0.257042 -0.225332 0.108947 0.197148 0.043093 0.173131 0.047100 0.185031 0.469796 0.169309 0.026131 -0.028430 0.214687 -0.114832 -0.195740 0.007824 -0.353749 -0.301998 -0.293247 -0.398113 -0.337280 -0.230974 -0.305821 -0.233988 -0.145265 0.116635 -0.172559 0.060151 -0.103357 0.071231 0.086499 -0.155562 -0.263631 -0.106096 0.220288 0.149788
-0.202842 -0.087370 0.086240 0.205874 0.272897 0.376446 0.076334 -0.138028 -0.228660 0.128679 -0.051342 -0.159922 -0.134589 -0.099909 0.032932 0.268415 0.088004 0.143442 -0.033840 -0.132908 0.204269 0.519498 0.646459 0.408258 1.000000 0.716125 0.690024 0.495280 0.271053 0.248726 0.625180 0.403765 0.214748 0.171547 0.114045 -0.155900 0.006769 0.277928 0.330462 0.171084 0.285552 -0.111669 -0.139772 -0.272554 -0.195913 -0.101429 0.011200 -0.160793 -0.119378 -0.091517 0.260017 -0.142734 -0.128672 0.266625 0.051025 0.209102 0.003102 0.193472 -0.437662 -0.226273 -0.332582 -0.330746 -0.111430 -0.227857 0.153511 -0.193097 -0.158889 -0.111269 -0.072457 -0.116023 0.298751 0.311170 0.145331 0.205819 0.068718 0.146665 -0.269334 -0.025188 0.253874 0.334156 0.139992 0.279221 0.353657 0.291405 0.354450 0.387348 0.262335 0.172922 0.390948 0.337402 -0.288659 -0.281104 -0.276440 -0.327278 -0.078772 0.042053 0.074791 -0.235175 -0.303744 -0.279997 -0.344630 -0.400432 -0.381188 -0.295781 -0.447435 -0.273284 -0.321053 -0.117170 -0.075457 -0.170405 -0.101639 -0.266853 -0.259598 -0.216221 0.035051 0.248294
-0.321399 -0.076684 0.474416 0.315246 0.033099 0.645356 0.427039 0.109315 -0.406736 0.468677 -0.143737 -0.137489 -0.024581 -0.068521 -0.071094 0.205157 0.045254 -0.067783 -0.024198 -0.055486 0.267397 0.463355 0.586103 0.542980 0.716125 1.000000 0.461695 0.655946 0.060095 0.144128 0.405688 0.241143 0.079752 0.158869 -0.021857 -0.259981 -0.048991 0.276706 0.371756 0.203038 0.229309 0.137055 -0.189198 -0.308604 -0.289620 -0.141208 -0.030479 -0.125279 -0.216801 -0.173943 0.062984 -0.250788 -0.168093 0.065765 -0.024470 0.090556 -0.071216 0.035178 -0.412302 -0.204321 -0.330703 -0.153645 -0.320776 -0.230749 0.103747 0.013661 -0.160345 -0.071182 -0.132076 -0.126513 0.384345 0.299215 -0.025830 0.149546 0.115207 0.231762 -0.235039 -0.033378 0.145877 0.116253 0.040311 0.143078 0.059524 0.148916 0.263611 0.307114 0.094170 0.237410 0.461262 0.417950 -0.160230 -0.230730 -0.117735 -0.301492 -0.019825 0.067227 0.012823 -0.197882 -0.259717 -0.358982 -0.275427 -0.233314 -0.305294 -0.169505 -0.307426 -0.143888 -0.288943 0.017838 -0.047776 -0.064087 -0.061504 -0.422467 -0.362158 -0.280667 0.097867 0.129704
-0.170839 -0.088996 0.109276 -0.007876 0.465442 0.330414 0.031261 -0.009359 -0.100945 0.093117 0.019999 0.028912 0.039844 0.161475 0.102937 0.248315 0.082221 0.165767 -0.290618 -0.347320 0.125213 0.558482 0.387923 0.264536 0.690024 0.461695 1.000000 0.655143 0.113096 0.023836 0.265940 0.166174 -0.011101 -0.016138 0.140957 -0.075266 -0.062357 0.260968 0.264792 0.279430 0.167261 -0.225105 -0.047630 -0.122465 -0.120180 -0.077136 0.117879 -0.102824 0.101936 -0.060083 0.279505 -0.037917 -0.128192 0.293025 0.264739 0.221416 -0.004259 0.094955 -0.214862 -0.242242 -0.188804 -0.244192 -0.222490 -0.280438 0.123800 0.063551 -0.206000 -0.049295 -0.046101 -0.120186 -0.016652 0.118440 -0.089792 -0.096893 -0.114476 -0.059765 -0.368438 -0.137449 0.100945 0.256873 0.100299 0.153483 0.241694 0.121497 0.295853 0.424504 0.222450 0.161173 0.263872 0.229269 -0.181208 -0.245308 -0.183384 -0.271750 0.048934 0.048569 0.215251 -0.197068 -0.264200 -0.238616 -0.237541 -0.452327 -0.379747 -0.400790 -0.387853 -0.201518 -0.384021 -0.072609 -0.117340 0.049016 -0.094125 -0.196685 -0.269853 -0.186755 -0.187596 0.148670
-0.366082 -0.125970 0.393528 0.086840 0.124109 0.589985 0.317736 0.230035 -0.223235 0.410825 -0.081953 0.053014 0.057281 0.124345 -0.036221 0.251915 0.081331 -0.045395 -0.227139 -0.183169 0.192843 0.485746 0.268347 0.379931 0.495280 0.655946 0.655143 1.000000 -0.060511 -0.100471 0.118516 0.045967 -0.010888 -0.033668 0.022022 -0.032065 -0.162579 0.105967 0.371985 0.291751 0.149359 -0.143755 -0.105392 -0.211257 -0.186449 0.024022 0.087617 -0.040993 -0.058808 -0.168563 0.162569 -0.187510 -0.195098 0.056092 0.117328 0.163352 -0.162727 -0.073488 -0.323999 -0.292359 -0.231445 -0.049321 -0.332017 -0.301016 0.164247 0.333693 -0.233213 0.042525 -0.105753 -0.111563 0.126731 0.085020 -0.209929 -0.145636 -0.112317 -0.104267 -0.385859 -0.101978 0.076373 0.095115 0.077023 0.035126 0.153177 0.120524 0.283105 0.545840 0.060537 0.336793 0.318871 0.405983 -0.157276 -0.260395 -0.059241 -0.304627 0.097273 0.070062 0.135957 -0.112656 -0.185167 -0.363220 -0.298104 -0.340423 -0.400239 -0.353760 -0.227952 -0.021126 -0.397534 -0.076609 0.059019 0.047758 -0.188788 -0.292524 -0.241504 -0.321420 -0.101943 0.094791
0.207992 0.011880 -0.320165 -0.009941 0.103386 -0.130836 -0.247949 -0.469261 0.203206 -0.285843 0.350895 0.054110 0.261446 -0.029510 0.362476 0.404985 0.619769 0.307957 0.072786 -0.178390 0.098100 -0.053931 0.159049 -0.159978 0.271053 0.060095 0.113096 -0.060511 1.000000 0.659059 0.583913 0.429567 0.395976 0.291648 0.106645 -0.202042 0.593930 0.187648 0.350241 0.118383 0.596352 0.397933 -0.345758 -0.389397 -0.127802 -0.101154 0.002627 -0.427256 -0.371810 -0.404239 0.047899 -0.444062 -0.247039 0.004953 0.356631 0.107687 0.291161 0.268315 -0.202721 -0.463378 0.342969 -0.178086 0.673296 0.392308 0.206041 -0.360933 -0.128669 -0.623812 0.170118 -0.266913 0.336173 0.291070 0.814738 0.447393 0.525207 0.396929 0.278740 0.218481 0.670922 0.643017 0.657704 0.624540 0.392525 0.616289 0.489309 0.232126 0.413818 0.250771 0.047398 0.186311 -0.702804 -0.626507 -0.598164 -0.596507 0.050763 -0.038140 0.073820 -0.144652 -0.332655 -0.269663 -0.363620 -0.293964 -0.178067 -0.417252 -0.589428 -0.697141 -0.372686 -0.198024 -0.038906 -0.284552 -0.283114 -0.252280 -0.324882 -0.209533 -0.211815 0.096296
0.219911 0.050742 -0.201577 0.010398 0.075219 0.049398 -0.083657 -0.369058 -0.152293 0.035124 0.339506 0.058377 0.317500 -0.008235 0.209200 0.437783 0.480017 0.380682 -0.091412 -0.122128 0.133663 -0.045327 0.073260 -0.121816 0.248726 0.144128 0.023836 -0.100471 0.659059 1.000000 0.484441 0.378605 0.298624 0.110149 -0.162594 -0.486084 0.463835 0.366200 0.429494 0.265168 0.373593 0.428606 -0.335944 -0.313563 -0.007001 -0.026812 0.058111 -0.384133 -0.403656 -0.281286 -0.193593 -0.328892 -0.080055 -0.013143 0.196877 0.298678 0.279781 0.244494 -0.406956 -0.328653 -0.060454 -0.200600 0.485479 0.282257 -0.092685 -0.506426 -0.198631 -0.572891 0.080992 -0.152051 0.378968 0.334694 0.677522 0.616591 0.478496 0.289965 0.201224 0.050735 0.522195 0.564643 0.499565 0.649236 0.264930 0.590626 0.312786 0.139200 0.213442 0.321721 0.009234 0.136365 -0.402966 -0.392409 -0.517859 -0.456850 0.117771 -0.079822 0.127496 -0.071644 -0.123800 -0.183600 -0.130310 -0.133805 -0.153625 -0.349421 -0.477559 -0.485691 -0.067171 -0.116362 0.044535 -0.173378 -0.099146 -0.281498 -0.219182 -0.241077 -0.121200 0.084450
-0.069216 -0.130170 -0.016554 0.187028 0.308528 0.105334 0.031194 -0.254589 -0.027656 -0.039784 -0.024002 0.013031 -0.049256 -0.108451 -0.028405 0.327965 0.309146 0.174998 0.122161 -0.002182 0.138132 0.277795 0.460875 0.110580 0.625180 0.405688 0.265940 0.118516 0.583913 0.484441 1.000000 0.736398 0.563057 0.504182 0.244681 -0.172462 0.180813 0.070289 0.288464 0.055134 0.411610 0.018733 -0.245807 -0.342990 -0.101613 -0.049996 -0.035300 -0.276342 -0.306628 -0.213122 0.176537 -0.358754 -0.077098 0.194494 -0.008734 0.007528 0.116933 0.184891 -0.342505 -0.393371 0.027147 -0.211687 0.248108 0.059400 0.291650 -0.264638 -0.022018 -0.351530 -0.015480 -0.268988 0.439931 0.425203 0.458440 0.413893 0.319135 0.354247 0.055112 0.252562 0.405074 0.417713 0.253130 0.385245 0.316516 0.450330 0.278697 0.215798 0.158572 0.034760 0.249885 0.101451 -0.530876 -0.489361 -0.457341 -0.482356 -0.213399 0.119554 -0.055185 -0.195859 -0.323068 -0.233592 -0.358008 -0.331598 -0.268557 -0.265634 -0.512195 -0.508746 -0.333504 -0.198666 -0.009641 -0.284924 -0.139160 -0.186257 -0.224771 -0.101244 0.035504 0.076535
-0.136888 -0.195019 0.065156 0.221026 0.286601 0.072502 0.125107 0.010020 0.149717 -0.025674 -0.026851 0.272905 -0.023574 0.184777 -0.060723 0.483123 0.159266 0.007069 0.047601 0.031968 0.160768 0.300923 0.376108 0.239120 0.403765 0.241143 0.166174 0.045967 0.429567 0.378605 0.736398 1.000000 0.391025 0.523570 0.078724 -0.058728 0.162687 -0.036936 0.083460 -0.088388 0.181930 -0.021089 -0.183962 -0.241144 -0.183257 -0.133707 -0.049383 -0.175710 -0.425634 -0.307735 -0.020006 -0.519659 -0.128460 -0.037160 -0.254242 -0.142438 0.014601 -0.083323 -0.342275 -0.523903 0.051333 -0.096722 0.250116 0.088387 0.238769 -0.084270 -0.163265 -0.324086 -0.086473 -0.260484 0.294294 0.487190 0.227390 0.217210 0.169745 0.351799 0.079398 0.385501 0.184139 0.191377 0.285973 0.300717 0.455313 0.607683 0.142351 0.090657 0.162634 0.015097 0.198438 -0.121621 -0.474671 -0.305326 -0.318744 -0.271288 0.047677 0.092539 0.071701 0.048919 -0.342442 -0.212286 -0.316167 -0.167262 -0.197318 -0.102582 -0.287328 -0.324272 -0.210694 -0.120111 0.119391 -0.024915 0.131038 0.010039 -0.159968 0.053839 0.142469 -0.018448
0.248193 0.240615 -0.206261 0.080392 -0.007043 -0.159167 -0.291495 -0.484108 -0.149840 -0.362785 -0.217437 -0.193770 -0.382782 -0.389292 -0.297675 -0.060563 0.400910 0.257566 0.471708 0.253774 -0.049343 0.019376 0.091757 -0.280164 0.214748 0.079752 -0.011101 -0.010888 0.395976 0.298624 0.563057 0.391025 1.000000 0.513493 0.300991 -0.090477 0.165796 -0.057862 0.131459 -0.047436 0.310647 -0.047052 -0.234361 -0.310869 0.075818 0.065326 0.059589 -0.074544 -0.089444 -0.031462 0.249022 -0.173519 0.128514 0.241529 0.093530 0.031875 0.430692 0.497846 -0.265901 -0.289854 -0.049660 -0.193848 0.204395 0.152013 0.004663 -0.347140 0.220836 -0.260370 0.410073 -0.058906 0.047762 0.030259 0.338761 0.257800 0.142994 0.261713 0.181593 0.139125 0.456587 0.579661 0.282800 0.378788 0.074882 0.156027 0.099891 0.123345 0.088012 -0.060588 -0.181069 0.019031 -0.398563 -0.441379 -0.421133 -0.355780 -0.086705 0.116958 0.191133 0.021743 -0.006282 0.144121 -0.174274 -0.066774 -0.185299 -0.106567 -0.268604 -0.414155 -0.355527 -0.293168 0.029235 -0.324540 -0.011622 -0.134504 -0.056413 0.053094 0.044103 -0.094753
0.059281 0.124114 0.101546 0.034548 0.041764 -0.151843 -0.114509 -0.218906 -0.068981 -0.292571 -0.357547 -0.112229 -0.188418 -0.248408 -0.363523 -0.130738 0.278250 -0.003462 0.463848 0.468430 -0.054717 0.236230 0.068550 -0.024280 0.171547 0.158869 -0.016138 -0.033668 0.291648 0.110149 0.504182 0.523570 0.513493 1.000000 0.297423 0.113973 0.192474 -0.141347 -0.015872 -0.234507 0.132279 -0.015002 -0.285224 -0.286406 -0.252861 -0.017561 -0.459428 -0.242968 -0.479998 -0.378306 -0.089336 -0.523001 -0.016876 -0.092056 -0.125352 -0.447547 0.314955 0.240377 -0.068640 -0.143923 0.125661 -0.095163 0.154986 0.153456 -0.029482 -0.164691 0.411562 0.118700 0.213041 0.089483 0.067877 0.031331 0.126738 0.077142 0.041374 0.254205 0.215692 0.322855 0.179737 0.323095 0.243351 0.309794 0.198518 0.087107 -0.025637 -0.048835 0.079100 -0.207344 0.145169 -0.113778 -0.245780 -0.208266 -0.172291 -0.106601 0.129681 0.136705 0.177392 0.200933 -0.168466 0.141644 -0.182822 0.060388 0.108166 0.087574 -0.089690 -0.164995 -0.088877 -0.041340 0.204764 -0.044828 0.059515 -0.111930 -0.069153 0.013885 0.123819 0.135752
-0.010716 -0.075609 0.214166 -0.333601 0.106988 -0.290256 0.018273 -0.215817 0.125011 -0.377296 -0.198259 -0.240715 0.006760 -0.208482 -0.149282 -0.272213 0.039732 -0.047248 0.136554 0.022021 -0.004531 0.184809 0.051556 -0.272053 0.114045 -0.021857 0.140957 0.022022 0.106645 -0.162594 0.244681 0.078724 0.300991 0.297423 1.000000 0.376128 -0.015364 -0.145538 -0.191018 -0.162483 -0.008222 -0.108023 0.027164 -0.006924 -0.109849 0.033016 -0.232815 -0.112665 -0.021337 -0.106038 0.250829 -0.059166 -0.215941 -0.020672 0.060182 -0.185766 0.036106 0.088323 0.228464 0.095863 0.225215 -0.037750 -0.063191 -0.166577 0.084739 -0.039442 0.347658 0.293810 0.089152 0.005710 0.068080 -0.085735 0.034822 -0.024074 -0.020671 -0.026835 0.074122 0.111833 0.079539 0.171997 -0.053114 0.013120 -0.129203 -0.223401 -0.112861 -0.008659 -0.053670 -0.263744 -0.039181 -0.097997 -0.167931 0.014243 -0.024273 0.139151 -0.022175 0.273239 0.158734 0.173881 -0.162263 0.121524 -0.035699 0.070484 0.047575 0.089682 -0.087607 -0.105466 -0.207123 -0.200766 0.215678 0.097699 -0.203182 0.083712 0.123307 0.147894 -0.158749 0.194547
-0.163729 -0.137777 0.219004 -0.216512 -0.145426 -0.227652 -0.021979 0.251258 0.252728 -0.071582 -0.057415 0.034760 0.021371 0.085329 -0.136445 -0.169394 -0.282637 -0.339620 -0.036173 -0.037060 -0.115858 0.125997 -0.084550 -0.086301 -0.155900 -0.259981 -0.075266 -0.032065 -0.202042 -0.486084 -0.172462 -0.058728 -0.090477 0.113973 0.376128 1.000000 -0.092703 -0.161393 -0.374736 -0.141817 -0.156351 -0.183315 0.256134 0.249575 -0.185808 0.044155 -0.195159 0.134380 0.019755 -0.063452 0.136335 0.103883 0.000178 -0.062283 -0.080450 -0.253995 -0.314730 -0.294727 0.190163 -0.026380 0.234292 0.040572 -0.101161 -0.342348 0.056419 0.323571 0.139240 0.482599 -0.062846 0.022755 -0.187841 -0.157670 -0.173277 -0.258781 -0.146968 -0.031945 -0.022841 0.173491 -0.320759 -0.248552 -0.201284 -0.248545 -0.120264 -0.325779 -0.287447 -0.056965 -0.045238 -0.229216 -0.193169 -0.148825 0.074429 0.217683 0.281212 0.309668 0.147396 0.309846 0.028338 0.278883 -0.104217 0.095776 0.063022 0.204646 0.129019 0.141392 0.276561 0.206049 -0.001448 0.074772 0.366614 0.222784 0.136964 0.368999 0.131471 0.252833 0.013195 0.075188
