1.000000 0.550581 -0.238901 -0.021887 -0.263477 -0.167163 0.018763 -0.128744 0.081513 0.042628 0.246572 0.201891 0.193411 0.146307 0.068210 0.007552 0.256300 0.214915 0.463005 0.266741 -0.094779 -0.364047 -0.008192 -0.188951 -0.412807 -0.343935 -0.178214 -0.131152 -0.170315 0.120970 -0.428008 -0.471648 0.239933 0.053180 -0.183805 -0.358138 0.066258 -0.102135 -0.012592 -0.002371 -0.248701 0.137201 -0.145449 -0.162178 -0.090964 -0.360322 0.080632 -0.346351 0.317508 -0.149945 0.251564 0.233361 0.237558 0.143118 0.157821 0.134040 0.375719 0.320914 0.317932 0.130045 0.131748 0.042140 0.290610 0.124745 -0.032374 -0.173412 0.181075 -0.355286 0.363006 0.265910 -0.276356 -0.147040 -0.122041 0.124001 0.204811 -0.108843 -0.003354 -0.256306 0.277054 0.079816 0.264427 0.264241 -0.239877 -0.231978 0.304887 -0.056024 -0.123516 0.156380 0.063279 0.271499 -0.159382 -0.180871 -0.158383 -0.282950 -0.100256 0.025702 0.047586 -0.251765 0.199027 0.085646 -0.071812 0.000467 -0.205138 -0.084917 -0.234691 -0.260770 -0.246041 0.036634 -0.200850 -0.217976 -0.408801 0.223717 -0.025464 -0.096330 -0.370467 -0.455583
0.550581 1.000000 -0.135344 -0.070324 -0.144544 -0.263815 -0.138886 -0.127915 0.036796 -0.134246 0.063068 0.159923 0.183066 0.167125 0.031935 -0.070594 0.226690 0.223038 0.426829 0.388379 -0.217066 -0.301430 -0.091200 -0.309502 -0.454565 -0.326751 -0.269176 -0.214462 -0.161581 0.044526 -0.412162 -0.485188 0.159030 0.019196 -0.142353 -0.463448 0.074205 -0.071390 -0.037411 0.015963 -0.012852 0.158901 -0.302326 -0.175614 -0.242691 -0.463129 -0.118634 -0.424459 0.091753 -0.045184 0.121606 0.181724 0.256794 0.050269 0.248131 0.049295 0.473312 0.497268 0.310890 0.144341 0.206739 0.177851 0.282788 0.240997 -0.069115 -0.163663 0.039723 -0.340368 0.503568 0.453145 -0.341040 -0.182645 -0.179438 0.141978 0.082332 -0.067849 -0.037941 -0.203553 0.236983 0.053325 0.138963 0.235111 -0.389825 -0.308168 -0.156032 -0.110546 -0.113765 0.041546 0.035326 0.424205 0.076056 -0.239702 0.094532 -0.223514 -0.111072 0.046107 0.117164 -0.175008 0.128051 0.103390 0.134177 0.095267 0.016752 0.035177 -0.079301 -0.082334 -0.154969 0.003794 -0.253486 -0.189671 -0.383908 0.108849 -0.073237 -0.106140 -0.195066 -0.299136
-0.238901 -0.135344 1.000000 -0.138961 0.230833 0.050105 0.203049 0.069418 -0.008502 -0.310400 0.028530 -0.068466 0.178136 0.172158 0.059467 0.167248 0.095366 -0.127572 -0.076493 -0.135428 0.127099 0.110838 0.259437 -0.095869 0.310109 0.153606 0.209509 0.078267 0.083548 0.033647 0.288393 0.196104 -0.151001 0.098703 -0.114220 -0.106787 -0.085787 0.180998 -0.154475 -0.214088 0.080710 0.020766 0.054175 0.028486 -0.361812 -0.211001 -0.048414 0.045008 0.223750 -0.244951 -0.102323 -0.200404 0.126486 -0.215455 0.108968 -0.229054 -0.303388 -0.191318 -0.000395 -0.114221 0.145334 0.065305 0.088002 0.001086 -0.168002 -0.131560 -0.095876 0.030283 -0.199787 -0.111651 0.307926 0.204939 0.263540 0.228177 0.308516 0.203529 0.128729 0.137476 -0.008870 -0.059824 -0.088229 -0.234260 -0.028110 -0.150546 -0.187197 -0.284157 -0.026806 -0.161900 0.080903 0.025954 0.108802 0.093538 0.134980 0.332940 -0.202129 -0.108283 -0.062069 0.182858 -0.071051 0.109787 -0.001936 0.211083 0.041774 0.038463 -0.060035 -0.009345 0.072945 0.025568 -0.121627 -0.019170 0.142969 0.104498 0.007998 0.158511 0.124705 0.058691
-0.021887 -0.070324 -0.138961 1.000000 0.150746 0.436518 -0.258921 0.262209 -0.019363 0.070298 -0.258662 0.027663 -0.415447 -0.133008 -0.186941 0.018779 -0.396540 -0.167534 0.098307 0.001137 -0.141890 0.032668 -0.030839 0.237874 0.055236 0.132727 0.001333 0.239615 -0.058029 -0.010808 0.024144 0.104638 -0.096069 -0.123645 -0.025246 0.178590 -0.068199 -0.360783 -0.035447 -0.186944 0.025228 -0.137831 0.190235 -0.093586 0.171858 0.131029 0.129146 -0.090021 -0.018910 0.013286 0.181953 0.127835 -0.102474 0.189250 -0.189888 0.057714 -0.082027 -0.226073 0.036954 0.040435 -0.297971 -0.017725 -0.166895 -0.070941 0.278577 0.191147 0.051844 0.082119 0.008303 -0.047286 -0.139716 -0.031555 -0.131429 -0.090103 -0.294534 -0.177028 -0.215065 -0.336592 -0.347441 -0.237957 -0.194546 -0.207835 0.169006 0.313556 0.217456 0.282671 -0.007667 -0.135837 0.122118 0.134908 0.005329 -0.081863 -0.010732 -0.148913 -0.146549 -0.034205 -0.285506 -0.070184 0.002567 -0.053401 0.072062 -0.016244 -0.003780 -0.028871 -0.037736 -0.078392 0.020841 0.187558 -0.081553 -0.317164 -0.256021 -0.061491 -0.149534 -0.151890 0.013629 -0.133154
-0.263477 -0.144544 0.230833 0.150746 1.000000 0.104859 0.233774 0.228142 0.310518 0.198160 0.169133 0.057414 0.089782 0.221899 0.137065 0.063684 -0.017655 -0.142430 -0.153557 -0.143052 0.098633 0.009133 0.012002 0.148608 0.326665 0.204986 0.072607 0.005398 0.183467 0.098023 0.196350 0.262542 0.034138 0.123975 -0.009309 0.018264 -0.090424 -0.195691 -0.169811 -0.243449 0.031208 -0.031581 0.131307 -0.226546 0.039502 0.002984 0.035125 0.014880 -0.138927 -0.023882 -0.112285 -0.094357 -0.146489 0.061888 -0.171192 -0.069062 -0.200011 -0.223742 -0.217344 -0.092237 -0.138664 -0.023522 -0.182241 -0.089674 0.135597 -0.034379 0.001266 -0.041820 -0.112036 -0.128926 0.167418 0.335059 0.156852 0.136026 0.104177 0.312273 0.084185 0.150515 -0.059975 -0.073618 -0.182995 -0.199952 0.245235 0.313142 -0.189741 -0.058270 0.100231 -0.245032 -0.043907 -0.048834 -0.221902 -0.022769 0.160486 0.109856 -0.105913 -0.030995 -0.270805 0.016296 -0.222914 0.001801 0.077235 0.072375 0.061194 -0.298188 -0.215477 -0.157571 0.021193 -0.138099 0.095908 -0.031128 -0.092829 0.077891 0.003962 -0.074833 0.054026 0.089791
-0.167163 -0.263815 0.050105 0.436518 0.104859 1.000000 -0.049253 0.161708 0.086737 0.299343 -0.215228 0.088956 -0.119291 -0.022110 -0.129668 0.301769 -0.360420 -0.152742 -0.164283 -0.237453 0.015673 0.166516 0.061697 0.298300 0.337830 0.321053 0.284303 0.407681 0.011323 -0.012032 0.248127 0.376805 -0.140491 -0.106658 -0.255163 0.105949 -0.091503 -0.069379 0.012162 0.119437 -0.089289 0.113054 0.148705 -0.039779 -0.063376 -0.038268 0.054730 0.008926 -0.111462 -0.158284 0.052925 -0.029866 -0.102532 0.088117 -0.054919 0.104772 -0.158830 -0.223356 -0.303917 -0.290049 -0.318675 -0.191190 -0.293296 -0.268323 0.239871 0.159188 -0.155991 -0.057267 -0.091008 -0.256598 -0.035185 0.006045 0.019719 -0.078861 -0.141169 0.037612 0.004053 0.015899 -0.185951 0.065171 -0.111038 -0.078997 0.050982 0.234918 0.100295 0.153313 0.145332 -0.248655 0.158165 -0.104644 0.012084 -0.005469 0.035681 0.015132 0.107437 0.026029 0.033565 0.303231 0.070864 0.158651 -0.104085 -0.167410 -0.176254 -0.095632 -0.003505 0.000178 0.147795 -0.219653 -0.130192 -0.098438 0.046787 0.038726 -0.036172 0.070942 -0.080442 0.068992
0.018763 -0.138886 0.203049 -0.258921 0.233774 -0.049253 1.000000 0.376019 0.578646 0.474427 0.532899 0.290603 0.450371 0.306414 0.535181 0.286650 -0.059826 -0.183162 -0.285223 -0.099453 0.122860 -0.394937 0.150990 0.193203 0.045194 -0.104045 0.072233 -0.213200 -0.081968 -0.093333 -0.084276 -0.066217 -0.022829 -0.086066 -0.151201 0.026593 -0.295463 -0.164662 -0.514551 -0.221849 -0.332921 -0.092467 -0.141089 -0.320771 -0.028265 -0.105028 0.024501 -0.200395 0.126183 -0.139090 0.175156 -0.003035 0.234800 0.010971 -0.024883 -0.158947 -0.306207 -0.299433 0.149874 -0.044553 0.179058 0.284934 -0.100259 -0.196165 0.354965 0.276423 -0.157497 -0.183398 -0.420120 -0.273242 0.228463 0.163531 0.082783 0.062127 0.283457 0.197582 0.343288 0.163144 -0.066338 -0.152932 -0.325033 -0.310665 0.166066 -0.010913 -0.099992 -0.146741 -0.097207 -0.115140 0.053940 -0.064837 0.073306 0.172178 0.337964 0.418176 0.001118 -0.234312 -0.284380 -0.049050 -0.197673 0.198002 0.087771 0.293849 -0.059555 -0.175649 -0.195752 -0.246168 0.055119 -0.120284 -0.100583 -0.013335 -0.147914 0.267995 0.154112 0.037138 0.000093 -0.108022
-0.128744 -0.127915 0.069418 0.262209 0.228142 0.161708 0.376019 1.000000 0.207675 0.435409 0.082725 0.260621 0.050056 0.213891 -0.079963 0.170925 0.068864 -0.034174 -0.212378 -0.168273 -0.158790 -0.287463 -0.494616 -0.094419 -0.172884 -0.151198 -0.334663 -0.129443 0.078634 0.212774 -0.397457 -0.209353 -0.089649 0.150908 -0.331195 0.035149 -0.137050 -0.248191 -0.386877 0.008811 0.128556 0.018014 -0.245060 -0.342443 -0.041608 0.084650 -0.171990 -0.214373 -0.050648 -0.215487 -0.092344 -0.136071 0.030383 -0.104529 -0.270717 -0.219522 -0.212855 -0.282804 0.093617 0.169165 0.231827 0.582732 -0.001757 0.176655 0.387741 0.404116 -0.013134 0.036240 -0.246495 -0.197520 -0.173197 0.036984 0.179183 0.105505 0.156765 0.044100 0.171146 -0.117894 -0.157628 -0.050425 0.026107 -0.107735 -0.170729 0.254794 -0.056762 -0.113786 -0.196709 -0.154437 -0.016111 0.008262 0.167425 0.064113 0.297491 0.216283 -0.001253 0.031856 -0.352064 0.071012 -0.099465 0.114195 0.186203 0.221273 0.179543 0.053497 -0.076520 -0.120474 0.214130 0.061529 -0.054199 -0.294419 -0.135421 0.088267 -0.061247 -0.091147 0.075787 -0.221506
0.081513 0.036796 -0.008502 -0.019363 0.310518 0.086737 0.578646 0.207675 1.000000 0.425626 0.377681 0.242400 0.439138 0.284972 0.692217 0.469101 -0.149505 -0.178676 -0.016607 -0.149270 0.133133 -0.108982 0.242804 0.266284 0.019607 0.083957 0.132703 -0.031772 -0.009859 -0.137667 -0.073016 -0.106948 -0.043914 -0.137675 -0.158446 -0.037319 -0.022044 -0.234171 -0.289243 -0.288178 -0.128189 0.004550 0.027792 -0.206232 -0.064281 -0.230294 0.016022 -0.244995 -0.041805 -0.039368 0.125911 -0.074376 0.053033 -0.043324 -0.018852 0.070037 -0.194155 -0.142876 -0.004326 -0.107086 -0.031069 0.051483 -0.220199 -0.190425 0.250721 0.069085 -0.147854 -0.380561 -0.109837 -0.110036 0.056752 0.184883 0.068132 -0.016581 0.118617 0.069783 0.276306 -0.042093 -0.165575 -0.052968 -0.246318 -0.192601 0.259827 0.146604 0.040405 0.037329 -0.162689 -0.044099 0.158142 0.229892 -0.103143 0.153214 0.324671 0.179686 0.043937 -0.118585 -0.202799 -0.102118 -0.155414 0.215605 0.140461 -0.035015 -0.134099 -0.303757 -0.249642 -0.293382 0.132379 0.028199 -0.073298 -0.005625 -0.317813 0.282627 0.055362 0.025644 -0.055911 -0.100512
0.042628 -0.134246 -0.310400 0.070298 0.198160 0.299343 0.474427 0.435409 0.425626 1.000000 0.238893 0.261878 0.234246 0.101551 0.290362 0.361694 -0.216949 -0.135277 -0.239108 -0.067191 0.053424 -0.194614 -0.011086 0.298391 0.080451 0.122373 -0.029614 -0.000796 -0.193780 -0.140774 -0.195670 -0.073143 -0.007784 -0.065653 -0.105376 0.117103 -0.059523 -0.190433 -0.251999 0.011193 -0.174051 -0.013744 -0.134011 -0.299794 -0.004966 -0.064266 0.006598 -0.252462 -0.188019 -0.182915 0.200208 0.023328 0.133406 0.088608 -0.011883 0.067907 -0.103056 -0.182204 -0.100865 -0.182344 -0.169255 0.113210 -0.361928 -0.294847 0.335907 0.392445 -0.224110 -0.251239 -0.101191 -0.164731 0.067513 0.227083 -0.045463 -0.061298 0.133515 -0.013470 0.221616 0.229764 -0.177777 0.046506 -0.319645 -0.203690 0.092992 0.089464 0.044227 0.195018 -0.080427 0.030356 0.210635 -0.044078 -0.107124 0.087934 0.205394 0.057580 0.169544 0.113549 -0.011280 0.180500 0.174369 0.234227 -0.050184 0.076736 -0.218581 -0.260093 -0.293245 -0.338097 0.143990 -0.099813 0.005252 0.073893 -0.135705 0.362246 -0.166464 0.058161 0.064205 -0.081301
0.246572 0.063068 0.028530 -0.258662 0.169133 -0.215228 0.532899 0.082725 0.377681 0.238893 1.000000 0.599038 0.587512 0.521388 0.547596 0.108304 0.197976 0.179793 -0.034928 0.094007 0.063378 -0.407637 0.070068 0.122434 -0.153725 -0.285297 -0.058768 -0.402043 0.161289 0.123937 0.025935 -0.068999 0.109352 0.144628 -0.291944 -0.203118 0.036491 -0.034286 -0.380605 -0.070856 -0.081101 0.164317 -0.055036 -0.253959 -0.054828 -0.289635 -0.091895 -0.270691 -0.072999 -0.207446 -0.123678 -0.005417 0.012436 0.079029 0.045706 -0.184838 -0.197289 -0.099343 -0.139716 -0.192509 0.097778 0.127998 0.104334 0.049809 0.330696 -0.109491 -0.232369 -0.417552 -0.252011 -0.181844 0.230967 0.322885 0.204894 0.210297 0.282466 0.300527 0.378447 0.274983 0.144357 -0.065143 -0.010010 -0.039348 0.292226 0.099099 0.034717 -0.146468 -0.263131 -0.043535 -0.178856 -0.031938 -0.133684 0.054247 -0.016429 0.122891 -0.066323 -0.181815 -0.443200 -0.132496 -0.233043 0.112247 0.104616 0.223061 -0.073585 -0.289896 -0.226971 -0.225409 -0.172300 -0.059181 0.014675 -0.038808 -0.314374 0.145746 0.182024 -0.091814 -0.200384 -0.147817
0.201891 0.159923 -0.068466 0.027663 0.057414 0.088956 0.290603 0.260621 0.242400 0.261878 0.599038 1.000000 0.466790 0.771513 0.349352 0.389578 0.263177 0.297009 -0.014285 -0.056529 0.015374 -0.361273 -0.192777 0.139097 -0.244925 -0.324530 -0.218175 -0.279404 0.352140 0.359465 -0.072118 0.037608 -0.036637 -0.030893 -0.501940 -0.312587 0.190401 0.095472 -0.237812 -0.050989 0.086021 0.390607 -0.179961 -0.332250 -0.244028 -0.432304 -0.249101 -0.423334 -0.139177 -0.262220 -0.225127 -0.007506 -0.106290 -0.028378 0.090518 -0.166206 -0.238654 -0.307952 -0.239049 -0.275701 0.131168 0.257859 0.227616 0.256661 0.439913 -0.009239 -0.275052 -0.439086 -0.248046 -0.339884 0.049761 0.205276 0.330213 0.309764 0.387856 0.335426 0.527070 0.217364 0.127786 0.011228 0.130137 0.171797 0.158379 0.432778 0.064833 -0.065658 -0.135599 -0.147532 -0.025201 0.048143 -0.066490 -0.153157 0.182816 -0.028933 0.008408 -0.084987 -0.386455 -0.093220 -0.270204 0.045590 0.128371 -0.010507 -0.017789 -0.363111 -0.375016 -0.286011 -0.111383 -0.113646 -0.019877 -0.166205 -0.351321 -0.138495 0.085003 -0.116508 -0.146810 -0.077422
0.193411 0.183066 0.178136 -0.415447 0.089782 -0.119291 0.450371 0.050056 0.439138 0.234246 0.587512 0.466790 1.000000 0.667580 0.608701 0.469586 0.244047 0.169207 0.021780 -0.053480 -0.006584 -0.285494 0.152232 -0.057377 -0.214944 -0.234839 -0.105301 -0.252680 0.056656 -0.006929 -0.204437 -0.239142 -0.016743 0.169102 -0.342000 -0.290268 0.060579 0.022049 -0.192995 -0.110163 0.116926 0.189639 -0.173300 -0.139918 -0.354547 -0.499093 -0.228083 -0.229085 0.176746 -0.377213 -0.180729 -0.087320 0.187326 -0.185267 0.359930 -0.223692 -0.208282 0.013441 0.020916 -0.185715 0.277853 0.181363 0.144936 0.035005 0.022534 -0.154875 -0.179427 -0.493682 -0.074920 -0.054693 0.062259 0.188319 0.179652 0.064284 0.340428 0.309516 0.353578 0.207764 0.073432 -0.022543 0.046541 0.021999 0.015690 -0.075619 -0.151440 -0.290229 -0.133061 -0.056350 -0.045830 0.161504 0.008155 0.146432 0.180606 0.123070 -0.171439 -0.208128 -0.049674 0.023619 -0.186243 0.192549 0.126120 0.176377 -0.056243 -0.185132 -0.127638 -0.180397 0.009936 0.087350 -0.020113 -0.008126 -0.085506 0.111551 0.156440 0.092282 -0.075263 -0.069344
0.146307 0.167125 0.172158 -0.133008 0.221899 -0.022110 0.306414 0.213891 0.284972 0.101551 0.521388 0.771513 0.667580 1.000000 0.390705 0.449460 0.309274 0.230203 0.022212 -0.126916 0.013212 -0.362515 -0.128617 -0.010109 -0.276568 -0.366151 -0.155888 -0.210377 0.275989 0.252388 -0.158209 -0.028310 -0.024891 0.172845 -0.455500 -0.371431 0.169293 0.036254 -0.218427 -0.122926 0.171687 0.243274 -0.172357 -0.291871 -0.318702 -0.444154 -0.405497 -0.340999 0.005564 -0.300225 -0.313307 -0.172108 -0.023010 -0.231949 0.148964 -0.308424 -0.236327 -0.161413 -0.152145 -0.155876 0.298432 0.354402 0.231815 0.261787 0.349080 -0.058145 -0.150936 -0.352341 -0.062226 -0.149720 0.050541 0.228570 0.329997 0.277503 0.381866 0.329964 0.389461 0.106804 0.117654 0.056893 0.130072 0.126753 0.000305 0.209467 -0.054679 -0.265409 -0.110461 -0.164682 0.032114 0.228942 -0.059886 -0.119718 0.216041 0.066544 -0.023183 -0.236319 -0.318488 -0.071203 -0.397291 0.074091 0.127001 0.045000 0.021073 -0.278437 -0.273090 -0.236866 0.047987 0.025119 -0.073621 -0.138065 -0.228645 -0.082350 0.148818 0.004611 -0.155876 -0.080971
0.068210 0.031935 0.059467 -0.186941 0.137065 -0.129668 0.535181 -0.079963 0.692217 0.290362 0.547596 0.349352 0.608701 0.390705 1.000000 0.406160 -0.159614 -0.183880 -0.043482 0.093173 0.070484 -0.140728 0.473715 0.337782 0.007724 0.072659 0.164499 -0.091365 -0.049360 -0.254814 0.151634 0.028364 -0.072684 -0.176213 -0.114009 -0.075433 -0.039174 -0.177271 -0.279116 -0.281089 -0.157662 -0.002143 0.095303 -0.105647 -0.180947 -0.363656 0.018658 -0.104145 0.040732 -0.067273 0.035493 0.032478 0.088393 0.061366 0.091416 -0.091168 -0.267135 -0.181571 -0.091786 -0.202364 -0.101279 -0.046234 -0.208302 -0.250146 0.010226 -0.098437 -0.275314 -0.405978 -0.148237 -0.091331 0.200335 0.230562 0.003489 -0.003772 0.123245 0.160949 0.372771 0.221626 -0.163612 -0.180791 -0.371635 -0.313833 0.411513 0.094980 -0.100905 -0.078388 -0.092245 -0.097259 0.098841 0.074991 -0.096091 0.326825 0.302118 0.235275 -0.029999 -0.135520 -0.128186 0.056126 -0.190782 0.245617 0.172540 0.015399 -0.119288 -0.337299 -0.130744 -0.241720 0.054133 0.052692 0.092927 0.152367 -0.126745 0.235431 0.146123 0.185339 0.060397 0.055362
0.007552 -0.070594 0.167248 0.018779 0.063684 0.301769 0.286650 0.170925 0.469101 0.361694 0.108304 0.389578 0.469586 0.449460 0.406160 1.000000 -0.135942 -0.194117 -0.146877 -0.345572 0.138828 0.117787 0.265158 0.341783 0.160702 0.314288 0.105150 0.237231 -0.066148 -0.146140 -0.009709 0.103989 -0.197918 -0.069807 -0.311267 -0.113205 0.057761 0.105425 -0.027557 -0.219756 0.085569 0.028690 0.004450 -0.077185 -0.442116 -0.332877 -0.228452 -0.290739 -0.078471 -0.275577 -0.020031 -0.190821 -0.040159 -0.185849 0.243779 -0.021601 -0.179284 -0.169323 -0.154109 -0.343152 -0.114773 0.045154 -0.202980 -0.257393 0.152437 0.183836 -0.250791 -0.253532 -0.022436 -0.163230 0.113135 0.265286 0.069502 0.056455 0.298663 0.238070 0.269372 0.050328 -0.162111 0.059386 -0.196179 -0.165848 0.217997 0.136153 0.160555 0.128473 0.146880 -0.029514 0.367692 0.299362 -0.126084 -0.039422 0.232498 0.086361 0.023784 0.003530 0.075800 0.138650 -0.142360 0.222782 0.100440 -0.216439 -0.206419 -0.230636 -0.293864 -0.314674 0.177480 0.046674 0.061042 0.084615 -0.148710 0.014821 0.131336 0.274608 0.030249 -0.012813
0.256300 0.226690 0.095366 -0.396540 -0.017655 -0.360420 -0.059826 0.068864 -0.149505 -0.216949 0.197976 0.263177 0.244047 0.309274 -0.159614 -0.135942 1.000000 0.674248 0.207167 0.008049 -0.151464 -0.258977 -0.475931 -0.648154 -0.394050 -0.481247 -0.375127 -0.491784 0.488373 0.584625 -0.294872 -0.317280 0.171992 0.254314 -0.311807 -0.397747 0.173599 0.130196 -0.053772 0.147930 0.245226 0.399866 -0.189885 -0.036172 -0.104949 -0.206723 0.011704 -0.118212 0.011654 -0.089163 -0.357706 0.010334 -0.005206 -0.246754 0.011144 -0.015939 0.216336 0.318727 0.086367 0.156926 0.525918 0.267561 0.604937 0.636410 -0.088032 -0.370255 0.138488 -0.250335 -0.003503 -0.078137 -0.148140 -0.097105 0.474457 0.303623 0.465063 0.086163 0.251191 -0.015669 0.664820 0.316964 0.758290 0.662437 -0.351466 -0.042315 -0.065072 -0.346555 -0.153804 -0.023300 -0.305283 -0.012319 -0.063416 -0.222814 -0.291801 -0.284378 -0.118160 -0.007745 -0.113490 -0.183002 0.048084 -0.079618 -0.060252 0.146333 0.023880 -0.052624 -0.219006 -0.144857 -0.197883 -0.119174 -0.055400 -0.237691 -0.192941 -0.067754 0.042268 -0.277949 -0.210206 -0.188173
0.214915 0.223038 -0.127572 -0.167534 -0.142430 -0.152742 -0.183162 -0.034174 -0.178676 -0.135277 0.179793 0.297009 0.169207 0.230203 -0.183880 -0.194117 0.674248 1.000000 0.376784 0.042095 -0.037823 -0.314209 -0.516952 -0.622332 -0.383800 -0.520672 -0.293771 -0.416614 0.600254 0.766368 -0.129731 -0.172717 0.359138 0.249349 -0.317630 -0.432185 0.257635 0.082663 0.093532 0.111275 0.257645 0.475258 -0.171921 -0.083535 0.015584 -0.262830 0.009690 -0.230613 -0.206705 -0.126600 -0.303554 0.142459 -0.112685 -0.153337 -0.019823 0.016684 0.108708 0.313921 -0.072204 -0.042315 0.352710 0.119053 0.532587 0.711211 0.062325 -0.393419 -0.030925 -0.474334 0.068222 -0.204115 -0.130402 -0.119680 0.566252 0.422427 0.355995 0.009749 0.386817 0.032113 0.452689 0.287423 0.757243 0.735743 -0.368264 0.059295 -0.046922 -0.210487 -0.376543 0.054471 -0.479505 -0.136767 0.044167 -0.305350 -0.375766 -0.501678 -0.070786 -0.130046 -0.132137 -0.300776 0.127163 -0.102577 -0.031756 0.141021 -0.005817 -0.007540 -0.186197 -0.066567 -0.298560 -0.125848 -0.308023 -0.293634 -0.269282 -0.114545 -0.007108 -0.280746 -0.229105 -0.010819
0.463005 0.426829 -0.076493 0.098307 -0.153557 -0.164283 -0.285223 -0.212378 -0.016607 -0.239108 -0.034928 -0.014285 0.021780 0.022212 -0.043482 -0.146877 0.207167 0.376784 1.000000 0.314675 -0.120137 -0.142833 -0.108101 -0.434397 -0.368572 -0.319851 -0.174722 -0.146677 0.068965 0.280466 -0.170716 -0.327651 0.277963 0.121137 0.070234 -0.355614 0.150648 -0.142102 0.108093 -0.153246 0.072333 0.246106 -0.023288 0.033741 0.143276 -0.206763 0.015430 -0.231838 0.100153 -0.064162 -0.093015 0.025167 0.030299 -0.163650 0.012790 0.031780 0.328622 0.292413 0.320943 0.112856 0.115348 -0.080285 0.299541 0.296853 -0.094748 -0.448088 0.315299 -0.213262 0.419276 0.364543 -0.204021 -0.189590 0.150780 0.233943 0.144092 -0.145003 -0.060093 -0.216624 0.060435 0.053049 0.336694 0.282400 -0.192653 -0.152172 0.060117 -0.138814 -0.194608 0.259044 -0.014501 0.240568 -0.170234 -0.104430 -0.234635 -0.348609 -0.077477 -0.027087 -0.001017 -0.379259 0.197156 -0.114856 0.084318 0.055443 -0.034221 0.031920 -0.104286 -0.044004 -0.200995 0.042327 -0.349060 -0.380566 -0.294383 0.050636 0.002898 -0.189813 -0.376418 -0.244294
0.266741 0.388379 -0.135428 0.001137 -0.143052 -0.237453 -0.099453 -0.168273 -0.149270 -0.067191 0.094007 -0.056529 -0.053480 -0.126916 0.093173 -0.345572 0.008049 0.042095 0.314675 1.000000 -0.120574 -0.416584 -0.002601 -0.179793 -0.362664 -0.332287 -0.165675 -0.388918 -0.223087 -0.162841 -0.141682 -0.227358 -0.045421 -0.110619 0.026055 -0.147748 -0.328921 -0.126084 -0.296013 0.084946 -0.172020 0.033223 0.013833 -0.042726 0.091021 -0.126401 0.243551 0.093573 0.163088 0.177230 0.005295 0.295429 0.123501 0.153611 -0.064883 0.053040 0.146502 0.179030 0.247974 0.241406 -0.137133 -0.023348 -0.111674 0.000854 -0.243106 -0.342583 0.053589 -0.090423 0.166920 0.533352 -0.183278 -0.108114 -0.166647 -0.083484 -0.182357 -0.076316 -0.077230 0.178004 -0.037118 -0.095976 -0.109801 -0.079390 0.000689 -0.173129 -0.357843 -0.429175 -0.182572 -0.010278 -0.289596 -0.116609 0.040174 0.252480 -0.161318 -0.166504 0.025047 0.057606 0.103821 0.141452 0.327425 0.146864 -0.098305 0.146382 0.011248 0.268555 0.295883 0.411048 -0.128968 0.028323 -0.012623 0.007468 0.078836 0.413193 0.235360 -0.053152 0.064930 0.149560
-0.094779 -0.217066 0.127099 -0.141890 0.098633 0.015673 0.122860 -0.158790 0.133133 0.053424 0.063378 0.015374 -0.006584 0.013212 0.070484 0.138828 -0.151464 -0.037823 -0.120137 -0.120574 1.000000 0.145884 0.279376 0.328050 0.456709 0.373884 0.492230 0.108550 0.067182 0.034038 0.416754 0.462226 0.004051 -0.105626 0.085774 0.123230 0.014308 0.209010 -0.060080 -0.000472 -0.036018 -0.061888 -0.041464 0.116166 0.071635 0.142341 -0.135302 0.045604 -0.192234 0.013040 -0.038337 -0.239779 -0.321698 -0.130169 -0.100938 -0.117348 -0.078610 -0.219179 -0.249597 -0.415951 -0.187692 -0.310818 -0.267805 -0.235004 -0.045146 0.145568 -0.244931 0.084944 -0.113745 -0.234892 0.357814 0.146516 0.260608 -0.003148 0.115492 0.250607 0.233299 0.270384 0.051391 0.211463 -0.131208 -0.003621 0.073065 0.040950 0.227413 0.177976 -0.110572 -0.065227 0.154549 -0.175632 -0.190757 -0.140807 -0.057749 0.177413 0.281431 0.039843 0.097834 0.102522 0.014368 -0.017458 -0.215045 -0.168283 -0.233346 -0.060079 -0.243647 0.025174 -0.248398 -0.244037 0.050254 0.293829 0.113501 0.093073 0.185156 0.105448 -0.081525 0.191340
-0.364047 -0.301430 0.110838 0.032668 0.009133 0.166516 -0.394937 -0.287463 -0.108982 -0.194614 -0.407637 -0.361273 -0.285494 -0.362515 -0.140728 0.117787 -0.258977 -0.314209 -0.142833 -0.416584 0.145884 1.000000 0.257801 0.275707 0.524708 0.675104 0.395882 0.655999 0.022058 -0.197625 0.492648 0.479076 -0.108724 0.005724 0.274177 0.227613 0.222111 0.134784 0.529599 -0.095352 0.272500 -0.113657 0.276685 0.399343 -0.001999 0.238331 -0.050561 0.311603 -0.146676 0.149378 -0.035790 -0.252890 -0.304871 -0.055347 0.133181 0.065137 0.128180 0.043277 -0.367969 -0.241225 -0.368648 -0.486743 -0.229253 -0.316303 -0.300446 0.041558 0.006126 0.378449 0.141743 0.005079 0.110957 0.041555 -0.146572 -0.092760 -0.188539 0.031698 -0.208767 -0.019463 -0.058254 0.114980 -0.162807 -0.120284 0.210545 0.043975 0.115162 0.429025 0.230382 0.068067 0.245230 -0.019049 -0.285581 -0.079648 -0.081467 0.064363 -0.153124 0.103547 0.335758 0.063204 -0.051046 -0.194991 -0.033548 -0.353243 0.008374 -0.093945 0.063238 0.027890 0.072416 -0.052930 0.294923 0.224117 0.300702 -0.252583 -0.233742 0.120091 0.063988 0.065473
-0.008192 -0.091200 0.259437 -0.030839 0.012002 0.061697 0.150990 -0.494616 0.242804 -0.011086 0.070068 -0.192777 0.152232 -0.128617 0.473715 0.265158 -0.475931 -0.516952 -0.108101 -0.002601 0.279376 0.257801 1.000000 0.550187 0.516150 0.516817 0.513294 0.335285 -0.423435 -0.579697 0.429213 0.297112 -0.069995 -0.185350 0.318809 0.289201 -0.134149 0.058034 0.002242 -0.195738 -0.268567 -0.186870 0.258550 0.174743 -0.193830 -0.128057 0.084524 0.088999 0.125761 -0.074028 0.291455 -0.101327 0.001846 0.148570 0.185501 0.015452 -0.101380 -0.096267 -0.023632 -0.400641 -0.423131 -0.450154 -0.386829 -0.662141 -0.230909 0.075728 -0.340202 -0.041999 0.052824 0.077730 0.337844 0.210295 -0.290850 -0.230342 -0.023745 0.042500 -0.037820 0.152611 -0.213825 -0.158140 -0.612347 -0.493374 0.389953 -0.214740 0.153306 0.176949 0.154736 0.078900 0.490508 0.069580 -0.097967 0.178018 0.125280 0.224246 -0.028056 -0.062203 0.226813 0.240539 0.009098 0.198475 -0.034053 -0.231824 -0.282100 -0.155693 -0.016097 -0.049982 0.151367 0.068606 0.146555 0.392092 0.147423 0.143991 0.140578 0.311266 0.165934 0.159647
-0.188951 -0.309502 -0.095869 0.237874 0.148608 0.298300 0.193203 -0.094419 0.266284 0.298391 0.122434 0.139097 -0.057377 -0.010109 0.337782 0.341783 -0.648154 -0.622332 -0.434397 -0.179793 0.328050 0.275707 0.550187 1.000000 0.519986 0.607802 0.481074 0.413800 -0.309413 -0.469466 0.432583 0.541780 -0.235616 -0.313222 0.129282 0.316532 -0.135647 0.015144 -0.065943 -0.084807 -0.257807 -0.199456 0.203433 0.080205 -0.033991 0.082957 0.056118 0.091560 -0.141105 0.017168 0.302931 0.032495 -0.127224 0.380160 -0.071241 0.076649 -0.261819 -0.433148 -0.363986 -0.416046 -0.603422 -0.345147 -0.583352 -0.667505 0.209884 0.444631 -0.308236 0.167263 -0.200890 -0.172774 0.332634 0.222535 -0.341754 -0.296201 -0.256440 0.143093 -0.036563 0.194725 -0.278654 -0.073354 -0.641153 -0.497364 0.588050 0.237607 0.306030 0.510117 0.337813 0.000223 0.395461 0.001261 -0.165644 -0.044016 0.150800 0.160993 0.169407 0.069141 -0.029771 0.198097 -0.219581 0.043135 -0.065278 -0.317195 -0.271654 -0.328859 -0.149421 -0.186219 0.032014 0.023947 0.232341 0.299357 0.054627 -0.005310 -0.017765 0.235834 0.010131 0.062909
-0.412807 -0.454565 0.310109 0.055236 0.326665 0.337830 0.045194 -0.172884 0.019607 0.080451 -0.153725 -0.244925 -0.214944 -0.276568 0.007724 0.160702 -0.394050 -0.383800 -0.368572 -0.362664 0.456709 0.524708 0.516150 0.519986 1.000000 0.754068 0.573169 0.457469 -0.082434 -0.191124 0.651813 0.632529 -0.001245 -0.041167 0.249874 0.475038 -0.019716 0.016547 0.041675 -0.184134 -0.095907 -0.106321 0.210808 0.182027 0.006730 0.228997 0.088072 0.200222 -0.178192 -0.032698 0.057968 -0.170575 -0.303523 0.058103 -0.107325 -0.020300 -0.205704 -0.265341 -0.384673 -0.417680 -0.444653 -0.457540 -0.361794 -0.480018 -0.092466 0.233263 -0.239699 0.241325 -0.195787 -0.318456 0.433585 0.151770 -0.017899 -0.030416 -0.023856 0.122989 0.012510 0.182984 -0.142114 0.100723 -0.421783 -0.326729 0.320213 0.141103 0.077143 0.381846 0.228100 -0.129558 0.286837 -0.269783 -0.155117 -0.046561 0.020307 0.212668 0.067555 -0.011670 0.086015 0.295489 -0.059094 -0.010167 -0.116625 -0.238117 -0.138555 -0.182707 -0.144792 -0.057813 -0.000026 -0.239230 0.172761 0.361955 0.242546 0.001919 -0.054395 0.175417 0.185133 0.159325
-0.343935 -0.326751 0.153606 0.132727 0.204986 0.321053 -0.104045 -0.151198 0.083957 0.122373 -0.285297 -0.324530 -0.234839 -0.366151 0.072659 0.314288 -0.481247 -0.520672 -0.319851 -0.332287 0.373884 0.675104 0.516817 0.607802 0.754068 1.000000 0.499108 0.601483 -0.159247 -0.389809 0.545503 0.600284 -0.173156 -0.084029 0.232186 0.330664 0.073171 0.107014 0.237419 -0.085913 0.079169 -0.188333 0.230315 0.235843 -0.108413 0.186631 -0.006112 0.207514 -0.274159 0.033374 0.090995 -0.209858 -0.308462 0.093005 0.050794 0.001031 -0.003819 -0.104533 -0.414692 -0.430344 -0.597554 -0.483593 -0.530400 -0.586792 -0.192256 0.271171 -0.235042 0.264863 0.096383 -0.103434 0.251124 0.115315 -0.157542 -0.300856 -0.255125 0.039534 -0.172900 0.096575 -0.155831 0.122001 -0.426514 -0.358433 0.366849 0.148036 0.218787 0.477445 0.252139 0.011188 0.429658 -0.063590 -0.213233 -0.034218 0.078036 0.215037 0.028241 0.149156 0.281290 0.271519 -0.022311 0.029904 -0.089655 -0.383788 -0.250092 -0.189435 -0.109939 -0.095002 0.091003 -0.096321 0.286828 0.283530 0.225992 0.057647 -0.126128 0.302702 0.164125 0.101863
-0.178214 -0.269176 0.209509 0.001333 0.072607 0.284303 0.072233 -0.334663 0.132703 -0.029614 -0.058768 -0.218175 -0.105301 -0.155888 0.164499 0.105150 -0.375127 -0.293771 -0.174722 -0.165675 0.492230 0.395882 0.513294 0.481074 0.573169 0.499108 1.000000 0.541149 -0.190989 -0.241973 0.594186 0.487880 0.061321 -0.177954 0.276553 0.353268 -0.134298 -0.021924 -0.078761 -0.161875 -0.204774 -0.170068 0.229924 0.254196 0.126444 0.185044 0.114057 0.167105 0.039363 0.053039 0.231007 -0.023594 -0.073008 0.127139 -0.148459 0.149091 -0.133673 -0.246592 -0.224350 -0.353204 -0.295267 -0.510378 -0.286344 -0.471520 -0.178719 0.144938 -0.087011 0.230658 -0.133325 -0.183595 0.300934 0.145584 -0.048348 -0.029542 -0.029944 0.113680 0.078443 0.117584 -0.025721 0.037556 -0.357611 -0.235521 0.110570 -0.168711 0.184692 0.367048 0.147857 -0.091102 0.191559 -0.061885 -0.174699 -0.185553 -0.094329 0.121136 0.062161 -0.035575 0.131903 0.052141 0.038301 0.072561 -0.228911 -0.133314 -0.215593 -0.181271 -0.046531 -0.113666 -0.108285 -0.159095 -0.056575 0.242328 0.102718 -0.047521 0.032893 0.161519 -0.231062 0.065146
-0.131152 -0.214462 0.078267 0.239615 0.005398 0.407681 -0.213200 -0.129443 -0.031772 -0.000796 -0.402043 -0.279404 -0.252680 -0.210377 -0.091365 0.237231 -0.491784 -0.416614 -0.146677 -0.388918 0.108550 0.655999 0.335285 0.413800 0.457469 0.601483 0.541149 1.000000 -0.219676 -0.224261 0.346990 0.402931 -0.060034 0.027398 0.189067 0.273709 0.143857 -0.003024 0.341453 -0.154365 -0.031599 -0.079857 0.272767 0.223637 -0.056823 0.185682 -0.093469 0.139278 0.012796 -0.064709 0.268026 -0.101825 -0.125025 0.140571 0.097600 0.081198 0.054471 -0.081104 -0.245136 -0.333343 -0.385981 -0.409372 -0.302773 -0.528195 -0.149076 0.313978 -0.015485 0.355506 0.294143 0.064432 -0.018350 -0.048961 -0.252564 -0.074177 -0.171807 0.010405 -0.180805 -0.120401 -0.263654 0.077218 -0.301641 -0.281495 0.032172 -0.072417 0.202083 0.484814 0.207289 0.025467 0.364416 -0.028798 -0.231673 -0.220828 0.072889 0.098165 0.020846 0.012049 0.367279 0.137500 0.018555 -0.088320 -0.160748 -0.217609 -0.140557 -0.195455 -0.002692 -0.121097 0.149759 -0.066268 0.077040 0.078542 0.208577 -0.255406 -0.284963 0.177265 -0.069070 0.001717
-0.170315 -0.161581 0.083548 -0.058029 0.183467 0.011323 -0.081968 0.078634 -0.009859 -0.193780 0.161289 0.352140 0.056656 0.275989 -0.049360 -0.066148 0.488373 0.600254 0.068965 -0.223087 0.067182 0.022058 -0.423435 -0.309413 -0.082434 -0.159247 -0.190989 -0.219676 1.000000 0.713321 0.250774 0.263169 0.028275 0.051718 -0.440494 -0.374100 0.414570 0.183206 0.242056 0.001959 0.336421 0.477460 -0.013957 -0.034540 0.049860 -0.071738 -0.025385 0.097335 -0.352710 0.089741 -0.551425 -0.145242 -0.389396 -0.228132 -0.095507 -0.061946 -0.158754 -0.121750 -0.381247 -0.227274 0.054636 -0.069193 0.297827 0.486108 0.086861 -0.382644 -0.112701 -0.288412 -0.275742 -0.506916 0.145800 -0.037904 0.703662 0.327525 0.214228 0.322726 0.409011 0.178453 0.333683 0.167030 0.576605 0.442519 0.079734 0.550955 -0.147156 -0.188084 -0.225856 -0.266592 -0.489345 -0.315877 -0.080740 0.005140 -0.184549 -0.055122 0.027700 -0.156369 -0.211168 -0.161616 -0.112803 -0.207041 0.076411 0.017091 0.128754 -0.095797 -0.085868 0.035819 -0.264536 -0.199270 0.065478 -0.212262 -0.017416 -0.194063 -0.002684 -0.105645 -0.077451 0.040989
0.120970 0.044526 0.033647 -0.010808 0.098023 -0.012032 -0.093333 0.212774 -0.137667 -0.140774 0.123937 0.359465 -0.006929 0.252388 -0.254814 -0.146140 0.584625 0.766368 0.280466 -0.162841 0.034038 -0.197625 -0.579697 -0.469466 -0.191124 -0.389809 -0.241973 -0.224261 0.713321 1.000000 0.010747 0.020191 0.420497 0.250826 -0.382157 -0.342857 0.312362 0.075632 0.065602 0.053835 0.154120 0.531738 -0.145883 -0.119157 0.110393 -0.074354 -0.027421 -0.181436 -0.282102 -0.150246 -0.387793 -0.088082 -0.299241 -0.208830 -0.299076 -0.096788 -0.040897 0.004585 -0.166977 -0.178453 0.238307 0.018303 0.408011 0.627603 0.149303 -0.228142 0.082368 -0.235485 -0.122838 -0.366730 0.023740 -0.010747 0.696027 0.540906 0.434851 0.306325 0.479221 0.103872 0.365092 0.286719 0.704202 0.644099 -0.288421 0.300703 -0.044903 -0.134284 -0.341564 -0.122641 -0.485277 -0.315933 -0.157675 -0.287632 -0.243941 -0.290478 0.016599 0.011780 -0.268448 -0.205571 0.030170 -0.194914 0.024297 0.168186 0.103875 -0.074746 -0.229548 -0.124347 -0.289525 -0.228326 -0.211669 -0.306841 -0.224636 -0.211019 -0.133985 -0.250748 -0.271407 -0.075713
-0.428008 -0.412162 0.288393 0.024144 0.196350 0.248127 -0.084276 -0.397457 -0.073016 -0.195670 0.025935 -0.072118 -0.204437 -0.158209 0.151634 -0.009709 -0.294872 -0.129731 -0.170716 -0.141682 0.416754 0.492648 0.429213 0.432583 0.651813 0.545503 0.594186 0.346990 0.250774 0.010747 1.000000 0.817651 -0.059568 -0.138857 0.109542 0.198062 0.099205 0.140602 0.138324 -0.072697 0.019312 0.046706 0.451906 0.314300 0.155775 0.161215 0.182460 0.334316 -0.291917 0.224462 -0.121248 -0.104370 -0.376851 0.096237 -0.130694 -0.013457 -0.271485 -0.300620 -0.559275 -0.513190 -0.503134 -0.563314 -0.290090 -0.316692 -0.113528 -0.102945 -0.294760 0.105316 -0.245345 -0.324137 0.502625 0.169049 0.102994 0.096754 -0.156015 0.243743 0.171630 0.363905 -0.091904 0.036959 -0.245017 -0.223149 0.500320 0.223758 -0.049681 0.196504 0.108954 -0.142597 0.032243 -0.350568 -0.159021 -0.007536 -0.143251 0.151157 0.062202 -0.059439 -0.001501 0.112936 -0.116257 -0.170905 -0.107189 -0.175354 -0.129999 -0.267635 -0.034319 0.064003 -0.248135 -0.305151 0.055632 0.190713 0.268661 -0.142918 0.058151 0.165629 -0.057137 0.340572
-0.471648 -0.485188 0.196104 0.104638 0.262542 0.376805 -0.066217 -0.209353 -0.106948 -0.073143 -0.068999 0.037608 -0.239142 -0.028310 0.028364 0.103989 -0.317280 -0.172717 -0.327651 -0.227358 0.462226 0.479076 0.297112 0.541780 0.632529 0.600284 0.487880 0.402931 0.263169 0.020191 0.817651 1.000000 -0.146079 -0.042033 0.034459 0.181568 0.008596 0.148778 0.169787 -0.013277 0.080561 0.034465 0.292003 0.188466 0.038368 0.154874 0.021623 0.310099 -0.375327 0.131387 -0.163000 -0.189306 -0.523900 0.069586 -0.171299 -0.114679 -0.194490 -0.291552 -0.667590 -0.554936 -0.532515 -0.503815 -0.391123 -0.352857 -0.042905 0.072912 -0.332545 0.173664 -0.139509 -0.320969 0.383821 0.206442 0.106964 -0.052306 -0.169618 0.260474 0.145927 0.382913 -0.017787 0.189622 -0.217867 -0.134591 0.421692 0.408627 0.022365 0.208126 0.165646 -0.209031 0.041074 -0.433981 -0.268848 -0.127813 -0.092704 0.159340 0.092032 -0.084959 -0.038746 0.217322 -0.271809 -0.186255 -0.130622 -0.354900 -0.094682 -0.218345 -0.034964 0.115476 -0.105684 -0.255956 0.194860 0.163343 0.318959 -0.129763 0.070511 0.154741 0.057133 0.374887
0.239933 0.159030 -0.151001 -0.096069 0.034138 -0.140491 -0.022829 -0.089649 -0.043914 -0.007784 0.109352 -0.036637 -0.016743 -0.024891 -0.072684 -0.197918 0.171992 0.359138 0.277963 -0.045421 0.004051 -0.108724 -0.069995 -0.235616 -0.001245 -0.173156 0.061321 -0.060034 0.028275 0.420497 -0.059568 -0.146079 1.000000 0.446445 0.146302 -0.013438 0.195732 0.012019 -0.036075 -0.057950 -0.181775 0.161232 -0.175211 -0.108862 0.163716 0.101475 -0.114584 -0.322967 -0.129381 -0.224577 -0.032433 -0.151405 -0.134376 -0.124389 -0.244008 -0.206710 0.201047 0.321962 0.117778 -0.176203 0.097306 -0.155730 0.103556 0.225692 0.113014 0.064812 0.214181 -0.007630 0.201769 0.002107 -0.063379 0.108328 0.247069 0.283564 0.363135 0.125906 0.232811 0.016765 0.203031 0.135365 0.283077 0.393609 -0.367298 -0.145371 0.207845 0.160594 -0.282528 0.082024 -0.152216 -0.131152 -0.345296 -0.313236 -0.208204 -0.215079 -0.039997 0.106554 -0.129264 -0.246081 -0.053335 -0.095848 0.049843 -0.054193 -0.088174 -0.094713 -0.197463 -0.246817 -0.032099 -0.012076 -0.207075 -0.020129 -0.338230 -0.005647 -0.124186 -0.113369 -0.157791 -0.200567
0.053180 0.019196 0.098703 -0.123645 0.123975 -0.106658 -0.086066 0.150908 -0.137675 -0.065653 0.144628 -0.030893 0.169102 0.172845 -0.176213 -0.069807 0.254314 0.249349 0.121137 -0.110619 -0.105626 0.005724 -0.185350 -0.313222 -0.041167 -0.084029 -0.177954 0.027398 0.051718 0.250826 -0.138857 -0.042033 0.446445 1.000000 0.104009 0.130743 0.251868 0.041274 0.054359 0.011901 0.284950 0.198046 -0.114503 -0.188040 -0.063437 0.045124 -0.428244 -0.258722 -0.078932 -0.371098 -0.303987 -0.349365 -0.255102 -0.414628 0.061274 -0.473571 0.229811 0.399136 0.005204 -0.144577 0.231629 0.056169 0.163346 0.148260 0.034972 0.057317 0.202212 0.124888 0.369645 0.165356 -0.183600 0.062789 0.246254 0.129924 0.122248 0.087992 0.058896 -0.012208 0.043901 0.297179 0.304860 0.229432 -0.251203 -0.115840 0.021523 -0.067600 -0.209932 0.054609 -0.034622 -0.126938 -0.365176 -0.233360 -0.165161 0.029663 -0.242214 -0.003434 -0.249109 -0.107178 -0.272696 -0.303408 -0.069394 -0.092993 0.029101 -0.058107 -0.067137 -0.059301 0.042746 0.054845 -0.021349 -0.176163 -0.120724 0.004645 -0.142179 -0.174211 0.008303 -0.121540
-0.183805 -0.142353 -0.114220 -0.025246 -0.009309 -0.255163 -0.151201 -0.331195 -0.158446 -0.105376 -0.291944 -0.501940 -0.342000 -0.455500 -0.114009 -0.311267 -0.311807 -0.317630 0.070234 0.026055 0.085774 0.274177 0.318809 0.129282 0.249874 0.232186 0.276553 0.189067 -0.440494 -0.382157 0.109542 0.034459 0.146302 0.104009 1.000000 0.571911 -0.115869 0.034949 0.106737 -0.044525 -0.059282 -0.365846 -0.039455 0.054296 0.198414 0.355814 -0.069011 0.065416 0.031653 0.110003 0.226853 -0.071707 -0.019013 -0.022971 -0.025572 -0.036536 0.160311 0.037437 0.177229 0.079333 -0.080466 -0.222160 -0.229366 -0.286557 -0.193146 0.228680 0.252844 0.511640 0.188369 0.271621 0.049069 0.026072 -0.308169 -0.267533 -0.276018 -0.177459 -0.341119 0.013076 -0.205497 -0.078535 -0.350992 -0.227143 0.068738 -0.235501 0.126361 0.312695 0.183945 0.346318 0.316370 0.049721 -0.104698 -0.010914 -0.017922 0.054954 -0.109580 0.147877 0.045734 -0.175118 0.026279 -0.312601 0.003682 -0.149464 0.002062 -0.026230 0.162406 0.059902 0.215520 0.202614 0.005228 0.242302 0.107371 -0.131058 -0.079228 -0.043198 0.089196 0.159923
-0.358138 -0.463448 -0.106787 0.178590 0.018264 0.105949 0.026593 0.035149 -0.037319 0.117103 -0.203118 -0.312587 -0.290268 -0.371431 -0.075433 -0.113205 -0.397747 -0.432185 -0.355614 -0.147748 0.123230 0.227613 0.289201 0.316532 0.475038 0.330664 0.353268 0.273709 -0.374100 -0.342857 0.198062 0.181568 -0.013438 0.130743 0.571911 1.000000 -0.110436 -0.104069 -0.091048 -0.087135 -0.014676 -0.305115 0.108130 -0.014075 0.269347 0.563762 -0.019224 0.097884 -0.038881 0.012420 0.165626 -0.196022 -0.221454 -0.041179 -0.164499 -0.132665 -0.139675 -0.268600 0.039356 -0.073049 -0.136572 -0.163437 -0.299851 -0.427031 -0.084567 0.433224 0.081838 0.522609 -0.187936 -0.133039 0.142404 0.081861 -0.269529 -0.277212 -0.359768 -0.090430 -0.111013 0.020000 -0.311957 -0.021315 -0.431848 -0.372782 0.165579 -0.020332 0.112609 0.380106 0.130428 0.057347 0.243411 -0.215842 -0.026486 0.123810 0.105902 0.312272 -0.122645 0.085506 -0.060905 0.105524 -0.076543 -0.221597 -0.119563 -0.175753 0.057280 -0.060929 0.101333 0.043923 0.208795 -0.025686 0.240156 0.296151 0.209906 -0.130305 0.004487 -0.057921 0.248600 0.171874
