1.000000 0.006536 -0.051645 -0.578038 0.120864 -0.185795 -0.248780 -0.362429 -0.108210 -0.116442 -0.018020 0.014757 0.147928 0.035855 -0.249721 -0.026841 -0.206145 -0.090241 0.233203 0.468056 0.054393 -0.135226 -0.346285 -0.318280 -0.245964 -0.239782 -0.050676 -0.122654 0.169647 0.212391 -0.119597 -0.410493 -0.057911 -0.054978 -0.181568 -0.068892 -0.121453 0.108520 0.036902 0.034657 -0.417157 -0.141814 0.172295 0.152172 0.227801 0.033426 0.259049 0.285718 0.460819 0.212616 0.076143 0.423325 0.356554 0.299363 0.230786 0.269419 0.401174 0.326191 0.129757 0.191349 0.091865 0.051949 -0.005600 0.069187 -0.381020 -0.423257 -0.038319 -0.172913 0.263551 0.204526 0.019744 -0.250050 0.119070 0.014345 -0.142152 -0.063938 0.314802 0.043650 -0.115392 0.028688 -0.031006 -0.069395 -0.101352 -0.069319 -0.044817 -0.281855 0.227792 -0.093088 -0.172827 -0.106122 0.073699 0.147292 -0.228495 -0.014051 -0.124110 -0.061546 0.208283 0.035418 0.365902 0.141693 0.217135 0.127442 0.061706 -0.025031 -0.181523 -0.217358 -0.170260 -0.097576 0.140534 0.061676 -0.021498 0.064343 0.093193 -0.158282 -0.037990 -0.099218
0.006536 1.000000 0.066020 0.300880 0.072162 -0.195925 0.181501 0.452071 0.259076 0.343143 0.228971 0.422345 0.480338 0.611195 0.169135 0.552852 0.147349 0.273517 0.194788 0.246790 -0.531385 -0.478173 -0.393613 -0.448556 -0.404915 -0.459388 -0.250972 -0.426978 0.102641 0.122384 -0.436962 -0.395466 -0.131175 -0.151203 -0.436213 -0.203168 -0.011848 0.017593 -0.146070 -0.067498 -0.281477 0.144297 -0.046289 -0.097920 -0.130929 -0.072495 -0.055622 -0.053002 -0.014884 0.024326 -0.173641 -0.127497 0.193769 0.080597 -0.321874 -0.211415 -0.045981 0.191642 0.115381 0.165754 0.097268 0.494670 0.047802 0.154080 -0.264512 0.182593 -0.185234 -0.247552 0.381326 0.039153 -0.243920 -0.448928 0.152670 -0.066457 0.147933 -0.077207 0.012662 -0.074391 -0.035391 -0.069443 0.221579 -0.075983 0.056092 0.173923 -0.057291 -0.007353 -0.064719 -0.072647 -0.123983 0.113996 0.093812 0.003150 0.074923 -0.108816 -0.299154 -0.091903 -0.042880 0.111668 0.060049 0.020948 -0.088354 -0.053682 0.042332 -0.060707 0.016558 -0.013167 0.005958 -0.018896 0.031050 -0.019947 -0.179494 0.192293 0.129773 0.097801 0.035233 -0.140099
-0.051645 0.066020 1.000000 0.241504 0.293839 0.103194 0.565776 0.275297 0.311001 0.079604 0.062533 -0.063856 0.181495 -0.062016 0.118406 -0.130921 0.038405 -0.264272 0.343186 0.073862 -0.019404 -0.022422 0.240378 0.043461 0.195846 0.178153 0.135428 0.189740 0.026724 -0.078348 0.348413 0.194001 0.006040 0.116762 0.005615 -0.080358 -0.075538 -0.241871 0.258115 -0.084035 0.049365 0.252632 0.055284 0.117915 -0.133082 -0.040109 -0.004088 0.009318 0.044874 -0.251098 -0.031663 -0.173976 -0.078047 -0.176270 0.194450 0.151057 0.028958 -0.002363 -0.284191 -0.414448 -0.261271 -0.326444 -0.370023 -0.370879 0.115843 0.133503 -0.044715 0.101837 0.110120 -0.011943 -0.121641 -0.140809 -0.068979 0.051490 0.164814 0.096006 -0.212040 -0.112771 0.054845 0.035753 -0.134750 -0.181433 0.238227 -0.000980 -0.010060 -0.147033 0.043943 -0.188609 0.425062 0.070721 -0.202246 -0.240511 -0.155631 -0.213838 -0.012640 -0.016116 0.134386 -0.106773 -0.233534 -0.316551 -0.333847 -0.236355 -0.199841 -0.164482 -0.214999 -0.219536 -0.168079 -0.183908 -0.022398 0.059588 0.174394 -0.137599 -0.179727 0.025821 -0.064094 -0.144138
-0.578038 0.300880 0.241504 1.000000 0.025155 0.222268 0.405355 0.581301 0.110311 0.215148 0.142657 0.190602 0.064509 0.144406 0.282974 0.281759 0.103172 0.096116 -0.024479 -0.403944 -0.154271 -0.228233 0.177795 0.035047 -0.048154 -0.009667 0.067451 -0.023182 -0.208196 -0.158156 -0.051506 0.046626 -0.043987 -0.034000 0.078188 0.072751 -0.107142 -0.119074 -0.161529 -0.114535 0.027738 0.067272 -0.276393 -0.246005 -0.218050 -0.038569 -0.242048 -0.384286 -0.349754 -0.311354 0.063916 -0.394530 -0.118467 -0.114793 -0.103778 -0.133646 -0.347275 -0.148525 -0.077086 -0.194793 -0.022935 0.019273 0.002940 -0.047755 0.356418 0.482454 0.087516 0.047570 -0.085077 -0.140887 0.010354 -0.132347 -0.161867 -0.099548 0.033611 -0.021733 -0.262215 -0.193778 -0.075423 -0.142958 -0.118180 -0.132330 0.125625 0.076841 0.141036 0.352323 -0.121736 0.103603 0.383682 0.374248 -0.027305 -0.101091 0.263704 0.035665 -0.300784 -0.136265 -0.255723 -0.198067 -0.130466 -0.103718 -0.130812 -0.090131 -0.034769 -0.015640 0.076846 0.163441 0.056066 -0.020605 -0.224856 -0.128452 -0.113510 0.074728 0.070455 0.309996 -0.027293 -0.184960
0.120864 0.072162 0.293839 0.025155 1.000000 0.223428 0.339962 0.258987 0.495416 0.444906 -0.056045 -0.016959 0.068814 0.024556 -0.186294 0.106188 -0.068189 -0.138192 0.279840 0.224273 0.049856 0.024396 -0.143118 -0.021155 0.194278 0.134687 0.090669 0.113474 0.130968 0.182571 0.128699 0.091467 0.093178 0.079009 -0.054850 -0.088235 -0.278858 -0.247545 -0.296229 -0.319013 -0.000517 0.033325 -0.101309 -0.064632 0.047945 0.282961 -0.018380 0.029514 0.066455 0.106202 -0.011731 -0.056196 -0.095055 -0.032355 -0.291731 -0.027494 -0.224900 0.007587 -0.087608 -0.091303 -0.085118 -0.014479 -0.140843 -0.067317 -0.108663 0.104159 -0.089866 0.040198 0.098729 0.065846 -0.007708 -0.010960 0.004359 0.105973 0.100441 0.022280 0.056689 -0.097903 -0.008991 -0.117915 -0.198271 -0.089096 -0.053507 0.137412 -0.229702 -0.262732 -0.277808 -0.108456 -0.060433 -0.134185 0.004829 -0.012659 -0.136606 -0.029320 -0.162638 0.059616 0.047337 -0.268342 0.115107 -0.062601 -0.048733 -0.081831 0.017480 -0.227113 -0.013855 -0.081161 0.053016 0.156183 -0.102347 0.104585 0.060432 0.119425 0.051420 0.027510 -0.068038 -0.235469
-0.185795 -0.195925 0.103194 0.222268 0.223428 1.000000 0.017483 0.289989 -0.214382 0.431760 -0.205795 0.207859 -0.244846 -0.131132 -0.139612 -0.035675 0.010168 -0.183323 -0.347030 -0.350909 0.316442 0.424575 0.430585 0.323967 0.540869 0.683342 0.738530 0.706496 -0.460168 -0.501141 0.085565 0.205343 -0.050931 0.001556 0.416642 0.193081 -0.361918 -0.295385 -0.143497 -0.200535 0.021945 -0.184130 0.056744 -0.048487 -0.286216 0.111911 -0.185343 -0.186593 -0.207795 -0.293960 0.060521 -0.311478 -0.360737 -0.457754 0.157002 -0.044893 -0.060862 -0.157857 0.027403 -0.183576 -0.235810 -0.117403 -0.285154 -0.362923 0.342696 0.643422 0.121211 0.464748 -0.151678 0.069115 0.207509 0.298909 -0.420184 0.024514 -0.186025 -0.026876 -0.114792 0.045061 -0.120526 -0.151144 -0.234759 -0.253615 -0.165801 -0.336025 0.141986 0.112101 -0.062212 0.234318 0.351556 0.304408 -0.106800 -0.060045 0.111866 0.024438 -0.241788 -0.081488 0.025238 -0.391656 -0.124223 -0.081738 -0.055235 -0.048240 -0.099036 -0.149664 -0.026247 0.116358 0.085011 -0.001581 -0.249102 -0.049454 0.028274 -0.112704 -0.081168 0.113930 -0.049139 -0.179091
-0.248780 0.181501 0.565776 0.405355 0.339962 0.017483 1.000000 0.360552 0.454667 0.176906 0.183409 -0.012556 0.277250 0.076853 0.290801 -0.038361 0.081919 -0.153384 0.247851 -0.035125 -0.154920 -0.078239 0.226247 0.134706 0.192943 0.105297 -0.068256 0.002488 0.044646 -0.044560 0.326947 0.250934 0.185280 0.270624 0.054683 0.166219 -0.118307 -0.367430 -0.000307 -0.250452 -0.006724 0.130754 -0.402806 -0.309042 -0.134924 -0.115038 -0.409145 -0.423173 -0.067517 -0.274486 0.186687 -0.252396 -0.092287 -0.169911 -0.169939 -0.317572 -0.281949 -0.026044 0.021552 -0.337701 0.067631 -0.108783 -0.079489 -0.130615 0.348561 0.210683 0.279558 0.332499 0.129293 -0.092055 -0.280609 -0.177143 -0.145519 -0.198965 0.038262 -0.157016 -0.421955 -0.355009 0.032201 0.009117 -0.103311 -0.093603 0.184874 0.061718 0.124858 0.066296 -0.063095 -0.265633 0.315397 -0.004733 -0.159718 -0.254468 0.021972 0.001127 -0.124274 -0.062645 -0.161325 -0.240439 -0.471894 -0.455680 -0.208576 -0.223687 -0.109867 -0.161190 -0.247108 -0.205349 -0.128859 0.040265 -0.061099 -0.250070 -0.048894 -0.169338 -0.258045 -0.089936 -0.171541 -0.216659
-0.362429 0.452071 0.275297 0.581301 0.258987 0.289989 0.360552 1.000000 0.127185 0.723198 0.064229 0.374905 0.333870 0.562228 0.058653 0.540621 0.043843 0.131150 -0.048453 -0.055325 -0.335911 -0.314978 -0.102570 -0.135798 -0.137437 -0.067951 0.074922 -0.125180 -0.145896 0.030913 -0.086672 -0.047543 0.033997 0.101890 -0.073009 0.022729 -0.242505 -0.163826 -0.147124 -0.206837 -0.006264 0.039384 -0.268440 -0.288520 -0.306437 -0.000581 -0.330331 -0.362708 -0.351263 -0.327130 -0.272162 -0.459114 -0.157401 -0.348451 -0.151079 -0.308766 -0.225774 -0.041675 -0.161629 -0.054412 -0.052480 0.426775 -0.187018 -0.016176 0.011265 0.586188 -0.031862 0.036729 -0.065253 -0.116758 -0.141462 -0.095457 -0.123078 -0.142564 0.014362 -0.133619 -0.309356 -0.125322 0.042841 0.005028 -0.009693 -0.197486 -0.105627 0.097265 -0.024722 0.084273 -0.324016 -0.079939 0.097009 0.394069 -0.005211 -0.141083 0.283057 -0.006696 -0.399008 -0.139489 -0.195217 -0.264649 -0.247267 -0.263629 -0.066326 -0.064421 0.057583 -0.086980 0.074332 0.146947 -0.088211 0.108640 -0.062516 -0.215575 -0.168621 -0.028048 0.033846 0.159130 0.059775 -0.250901
-0.108210 0.259076 0.311001 0.110311 0.495416 -0.214382 0.454667 0.127185 1.000000 0.135346 0.267587 -0.012165 0.299274 0.144065 0.228848 0.153524 0.203817 0.140448 0.407400 0.220034 -0.223855 -0.317222 -0.251736 -0.227993 -0.011092 -0.210780 -0.355230 -0.268510 0.508804 0.303778 0.137537 0.129862 0.259130 0.239647 -0.184461 -0.234310 0.170977 -0.200092 -0.147602 -0.234300 0.136036 0.281339 -0.102514 -0.109454 0.215385 0.226349 -0.074664 -0.147848 0.030211 0.225062 -0.054488 -0.118217 0.037763 0.002022 -0.343493 -0.163957 -0.158457 0.093829 -0.124549 -0.101096 -0.047027 -0.045788 0.063878 0.025623 -0.016776 0.019562 0.050733 -0.076377 0.204779 -0.184172 -0.449944 -0.337470 0.314472 -0.035166 0.286482 -0.028371 -0.169955 -0.335460 0.346427 0.082763 0.234636 0.239964 0.155511 0.322461 -0.051422 -0.104022 -0.273370 -0.096934 -0.167024 -0.379603 -0.053483 -0.219813 -0.187094 -0.135684 0.147125 0.209872 -0.131025 -0.088078 -0.206948 -0.069778 -0.251368 -0.309038 -0.145711 -0.178811 -0.120700 -0.153288 0.073574 0.017866 0.003900 0.088417 -0.037112 0.197413 -0.038437 -0.076981 -0.267654 -0.090706
-0.116442 0.343143 0.079604 0.215148 0.444906 0.431760 0.176906 0.723198 0.135346 1.000000 0.010568 0.413885 0.266605 0.571861 -0.151972 0.568347 0.056959 0.132033 -0.062200 0.000692 -0.237603 -0.183086 -0.196552 -0.210699 -0.004740 0.092856 0.218392 -0.012895 -0.118988 0.014108 -0.116147 -0.107964 0.108986 0.125164 -0.114863 0.033640 -0.361803 -0.228786 -0.319682 -0.356365 -0.172539 -0.081511 -0.222686 -0.186108 -0.270218 0.086230 -0.168080 -0.175607 -0.232290 -0.164398 -0.380154 -0.374855 -0.245105 -0.394398 -0.244005 -0.283742 -0.190924 0.130606 -0.121187 -0.015191 -0.125479 0.492883 -0.112122 0.013169 -0.136140 0.526040 -0.104223 0.069965 0.088427 -0.003072 -0.021973 0.005594 -0.104942 0.012106 0.024159 -0.071817 -0.123296 -0.051060 0.028752 -0.034321 0.026623 -0.223058 -0.446652 -0.107258 -0.128568 -0.013368 -0.431717 -0.016398 -0.103692 0.256545 0.044276 -0.039770 0.269595 0.069101 -0.424083 -0.045771 -0.008574 -0.311225 -0.060672 -0.045064 -0.013183 0.026006 -0.007545 -0.119289 0.081669 0.145430 -0.132379 0.082791 -0.145719 -0.039539 -0.078290 0.094176 -0.006830 0.156249 -0.032828 -0.256266
-0.018020 0.228971 0.062533 0.142657 -0.056045 -0.205795 0.183409 0.064229 0.267587 0.010568 1.000000 0.246744 0.457132 0.160197 0.655151 0.404431 0.431113 0.260259 0.116587 0.070520 -0.329630 -0.278858 0.050527 0.050133 -0.148658 -0.233998 -0.117598 -0.181850 0.477597 0.088837 0.169518 0.205355 0.282384 0.321709 -0.106301 -0.049081 0.077544 -0.169037 -0.365441 -0.241752 -0.031592 0.104666 0.008761 -0.064274 0.255324 0.172878 -0.005682 -0.081917 0.074285 0.057756 -0.304463 -0.200539 0.069086 -0.002014 -0.096267 -0.120444 0.133422 0.117219 -0.061637 -0.444935 0.028404 -0.191035 -0.174059 -0.176064 0.185992 -0.046833 -0.060378 -0.213233 0.136176 -0.053285 -0.359859 -0.320094 0.198009 -0.167760 0.158123 0.046660 -0.142921 -0.169077 0.092657 0.024239 0.045824 -0.057880 0.130981 0.303627 0.062675 0.040914 -0.083831 -0.044823 -0.010608 -0.209259 -0.011342 -0.056018 0.194455 0.010700 -0.051254 -0.104073 -0.333007 -0.070346 -0.244868 -0.214914 -0.219309 -0.306405 -0.099622 -0.338579 -0.197621 -0.035595 0.123107 0.074966 -0.117614 0.050650 -0.101485 -0.038550 0.092758 0.011481 -0.293884 -0.051538
0.014757 0.422345 -0.063856 0.190602 -0.016959 0.207859 -0.012556 0.374905 -0.012165 0.413885 0.246744 1.000000 0.458372 0.604731 -0.007203 0.557401 0.066135 0.302432 -0.165101 0.035205 -0.534363 -0.472869 -0.332115 -0.413618 -0.201575 -0.152083 -0.042001 -0.117425 -0.026064 -0.042188 -0.404884 -0.412273 -0.045148 -0.109702 -0.228889 -0.164771 0.032308 -0.166487 -0.196225 0.010370 -0.204429 0.005842 0.038179 -0.058046 -0.253356 0.114805 -0.137301 -0.105399 -0.006218 -0.116594 -0.285396 -0.283198 0.177947 -0.236473 0.000055 -0.149334 -0.144187 -0.029686 0.160231 0.066008 -0.055729 0.363576 -0.055273 -0.171016 -0.316097 0.449750 -0.053084 0.017406 -0.026848 0.073528 -0.295620 -0.245634 -0.141381 -0.074846 -0.112343 -0.103122 0.022979 -0.047143 -0.194982 -0.161066 0.130072 -0.229327 -0.242407 -0.051534 -0.113039 0.156204 -0.098194 0.365640 -0.124379 0.275059 0.052530 0.040482 0.275854 0.077407 -0.253358 -0.152518 -0.081183 -0.061567 -0.011283 0.064244 0.123592 0.091544 -0.054959 0.045438 0.179351 0.246317 0.053701 0.034962 -0.112309 -0.151884 -0.068348 0.021178 0.108651 0.239906 0.145786 -0.061175
0.147928 0.480338 0.181495 0.064509 0.068814 -0.244846 0.277250 0.333870 0.299274 0.266605 0.457132 0.458372 1.000000 0.666922 0.253448 0.479517 0.168958 0.145089 -0.013989 0.209639 -0.602423 -0.493870 -0.445941 -0.362503 -0.235937 -0.465139 -0.314144 -0.468831 0.293421 0.315189 -0.189624 -0.295922 0.191562 0.184567 -0.429900 -0.103170 0.019075 -0.189640 -0.145645 -0.086380 -0.317022 0.042079 -0.173340 -0.205534 0.053108 0.163211 -0.126484 -0.133877 0.248233 0.014635 -0.171924 -0.055278 0.365567 -0.040998 -0.000991 -0.252792 0.079933 0.148799 0.212360 0.044031 0.321727 0.333515 0.036770 0.018067 -0.415946 -0.022344 0.081847 -0.102836 0.161530 -0.063427 -0.525893 -0.502518 0.163500 -0.322453 -0.006381 -0.138805 -0.127340 -0.237728 -0.060449 -0.036323 0.156747 -0.128860 -0.106807 0.187882 -0.284927 -0.139657 0.020338 -0.070793 -0.222961 0.016919 0.046829 -0.059737 0.159338 -0.000204 -0.226933 -0.024745 -0.012432 0.003025 -0.087768 -0.137804 0.007586 0.025516 0.171116 0.007929 -0.110886 -0.188078 -0.210274 0.000106 0.156372 -0.044798 -0.067873 -0.061604 0.074760 -0.002163 -0.185064 -0.169005
0.035855 0.611195 -0.062016 0.144406 0.024556 -0.131132 0.076853 0.562228 0.144065 0.571861 0.160197 0.604731 0.666922 1.000000 -0.054998 0.728886 -0.017969 0.444858 0.013294 0.117400 -0.603876 -0.555020 -0.556951 -0.562753 -0.420560 -0.490747 -0.347891 -0.524642 0.072645 0.388710 -0.431943 -0.445049 0.158754 0.079039 -0.524512 -0.216547 -0.005429 -0.002125 -0.046621 -0.135827 -0.220957 0.064072 -0.289866 -0.241687 -0.182797 -0.012314 -0.220900 -0.221005 0.081283 -0.065870 -0.325964 -0.157923 0.204689 -0.171866 -0.131924 -0.301627 -0.084511 0.179965 0.192638 0.295219 0.235889 0.722235 0.169878 0.291644 -0.464853 0.191250 -0.022535 -0.234805 0.116504 -0.155085 -0.268445 -0.273996 0.140827 -0.145063 0.059687 -0.075619 -0.006944 -0.039454 0.021277 -0.036988 0.256644 -0.039290 -0.322273 0.021945 -0.179566 -0.037848 -0.245875 -0.020389 -0.326593 0.220812 0.017096 -0.062730 0.177307 0.008326 -0.265793 0.021613 0.011153 -0.077387 -0.054137 0.107008 0.091116 0.046063 0.081024 0.083222 0.182367 0.072820 -0.174772 0.129883 -0.021583 -0.102710 -0.228360 0.195049 0.064719 0.212040 0.154006 -0.084493
-0.249721 0.169135 0.118406 0.282974 -0.186294 -0.139612 0.290801 0.058653 0.228848 -0.151972 0.655151 -0.007203 0.253448 -0.054998 1.000000 0.150838 0.526288 0.218228 0.069584 -0.103367 -0.079135 -0.057869 0.366106 0.165909 -0.001222 -0.136694 0.012203 -0.096392 0.368465 0.051596 0.290959 0.354507 0.227674 0.218744 0.100221 0.095110 0.149522 -0.032397 -0.139116 -0.226546 0.177557 0.312502 -0.010787 -0.132925 0.124839 -0.070868 -0.045035 -0.196533 -0.158847 -0.023133 -0.048083 -0.126619 -0.040648 0.149927 0.060852 -0.161055 0.078647 0.004559 -0.136643 -0.519137 0.053132 -0.250622 -0.067574 -0.159255 0.482014 -0.054501 -0.013150 -0.146137 0.058999 -0.137032 -0.309220 -0.229114 0.171945 -0.034486 0.280779 0.144356 -0.224960 -0.221996 0.151295 0.068676 0.080308 0.081994 0.504068 0.401918 0.369450 0.189984 -0.003290 -0.035097 0.208919 -0.081670 -0.167027 -0.206907 0.081848 -0.100865 0.122387 -0.202579 -0.385991 -0.128165 -0.413902 -0.346084 -0.217611 -0.403121 -0.112267 -0.383781 -0.323986 -0.271247 0.102863 0.053029 -0.029013 0.066162 -0.299030 -0.200294 -0.021820 -0.178977 -0.318943 -0.162601
-0.026841 0.552852 -0.130921 0.281759 0.106188 -0.035675 -0.038361 0.540621 0.153524 0.568347 0.404431 0.557401 0.479517 0.728886 0.150838 1.000000 0.144303 0.548697 0.075416 -0.011749 -0.336361 -0.534509 -0.399732 -0.468338 -0.381336 -0.354259 -0.142806 -0.341538 0.188413 0.287150 -0.342736 -0.275544 0.076481 0.037890 -0.505493 -0.353571 -0.012775 -0.012839 -0.305744 -0.284542 -0.065717 0.139011 -0.156982 -0.160179 -0.152686 0.018931 -0.034641 -0.135557 -0.070899 -0.021066 -0.383482 -0.166948 0.130157 -0.132382 -0.148072 -0.154462 -0.087250 0.080516 0.031057 0.139018 0.016382 0.583809 0.049597 0.218071 -0.267135 0.263418 -0.218702 -0.397139 0.013470 -0.119911 -0.163703 -0.294076 0.124752 0.020556 0.160560 0.096309 0.022532 -0.055816 0.104370 -0.136299 0.193445 -0.081366 -0.228693 0.248637 -0.122202 -0.060406 -0.328180 -0.003734 -0.274740 0.175178 0.120066 0.002045 0.266415 0.033031 -0.251343 -0.048188 -0.097527 -0.181992 0.019439 0.217181 0.079733 0.034815 0.078199 -0.031702 0.291268 0.200389 0.039485 0.257212 -0.249379 -0.069404 -0.204277 0.235378 0.209183 0.317323 0.072686 -0.164372
-0.206145 0.147349 0.038405 0.103172 -0.068189 0.010168 0.081919 0.043843 0.203817 0.056959 0.431113 0.066135 0.168958 -0.017969 0.526288 0.144303 1.000000 0.161572 0.120369 -0.050706 -0.077360 -0.056433 -0.002263 -0.007258 0.170169 0.015055 0.128098 -0.055178 0.500467 0.092764 0.050871 0.266694 0.217599 0.153430 -0.010081 -0.038738 0.281080 -0.030104 -0.195328 -0.273230 0.228150 0.237304 0.066163 -0.109736 0.043789 0.133614 -0.079590 -0.110262 -0.319085 -0.028992 -0.025394 -0.454625 -0.217239 -0.192989 -0.120298 -0.373732 0.300569 0.219573 -0.244162 -0.268201 -0.123735 -0.213169 -0.048326 0.000994 0.152397 0.071940 0.094025 -0.063255 0.297146 -0.081840 -0.208679 -0.079187 0.207735 0.111981 0.275787 0.152327 -0.045841 -0.037914 0.421202 0.136017 0.532713 0.260207 0.364303 0.175395 0.153699 0.200394 -0.474290 -0.256736 -0.204330 -0.210426 -0.067942 -0.201477 0.075961 -0.123939 0.201699 0.008708 -0.073260 -0.058483 -0.418297 -0.211943 -0.216479 -0.280469 0.044437 -0.343356 -0.153167 -0.115425 0.194252 0.103121 -0.098911 0.183042 -0.096194 0.056862 -0.089919 -0.189204 -0.298484 0.021094
-0.090241 0.273517 -0.264272 0.096116 -0.138192 -0.183323 -0.153384 0.131150 0.140448 0.132033 0.260259 0.302432 0.145089 0.444858 0.218228 0.548697 0.161572 1.000000 0.107112 -0.124945 -0.328476 -0.352549 -0.225248 -0.286085 -0.245782 -0.224675 -0.333373 -0.263047 0.355960 0.339444 0.007694 0.123648 0.327679 0.232521 -0.203003 -0.250884 0.199338 0.130864 -0.110698 -0.165427 0.217038 0.163599 -0.086304 -0.053127 -0.016917 -0.013902 -0.035024 -0.070298 -0.123320 0.062020 -0.290604 -0.153603 -0.158452 -0.147175 -0.035456 -0.028324 0.028507 0.288173 0.023360 0.134533 0.119295 0.275031 0.409880 0.382748 -0.106178 0.060276 -0.038088 -0.380024 -0.008081 -0.337259 -0.041342 -0.031877 0.353777 0.094134 0.271635 0.201968 0.010085 0.031805 0.418696 0.247044 0.293414 0.391416 0.006064 0.274065 0.158919 0.059428 -0.222018 0.064492 -0.328358 0.024733 -0.243276 -0.349268 -0.078247 -0.261003 0.011250 -0.033685 -0.072220 -0.225926 -0.123887 0.092145 -0.065592 -0.137596 -0.246893 -0.221058 0.117096 0.203584 0.182207 0.132115 -0.099292 0.045910 -0.262364 0.285264 0.173140 0.261739 -0.004819 0.086889
0.233203 0.194788 0.343186 -0.024479 0.279840 -0.347030 0.247851 -0.048453 0.407400 -0.062200 0.116587 -0.165101 -0.013989 0.013294 0.069584 0.075416 0.120369 0.107112 1.000000 0.376484 -0.015523 -0.254821 -0.246940 -0.309065 -0.283238 -0.254622 -0.282144 -0.280074 0.456102 0.446400 0.143596 0.093866 -0.058413 0.026286 -0.334287 -0.291171 0.347106 0.202353 0.081034 -0.160036 0.123630 0.380563 0.093066 0.088077 0.171596 -0.103547 0.179741 0.115239 0.017844 -0.010800 0.018188 -0.038225 0.079982 0.152121 -0.168853 -0.025266 0.048159 0.281465 -0.229791 -0.121272 -0.118831 -0.032396 0.160740 0.253891 -0.139443 -0.194559 -0.125985 -0.362515 0.294916 -0.170175 0.070370 -0.173105 0.425644 0.330345 0.545143 0.244982 0.228761 0.075031 0.278733 0.219504 0.262897 0.341916 0.242349 0.315417 0.201822 0.021527 -0.116481 -0.156863 -0.142199 -0.187186 -0.147952 -0.240508 -0.444301 -0.295791 0.122053 0.111465 0.084914 -0.024562 -0.057147 0.034182 -0.247148 -0.364742 -0.250963 -0.359107 -0.189401 -0.278397 -0.159196 -0.104871 0.095468 0.194230 0.053874 0.204768 -0.080013 -0.134867 -0.153228 -0.187753
0.468056 0.246790 0.073862 -0.403944 0.224273 -0.350909 -0.035125 -0.055325 0.220034 0.000692 0.070520 0.035205 0.209639 0.117400 -0.103367 -0.011749 -0.050706 -0.124945 0.376484 1.000000 -0.342716 -0.289891 -0.410006 -0.111542 -0.198044 -0.378150 -0.299778 -0.307885 0.415543 0.318563 -0.073674 -0.199989 -0.007621 0.070146 -0.136765 0.061690 0.108817 0.108944 -0.008599 0.227450 -0.239380 0.075214 0.022014 -0.066686 0.043404 -0.134898 0.067535 0.165081 0.025924 0.030148 -0.304691 -0.006232 0.182763 0.196108 -0.084027 -0.069035 0.073498 0.223532 -0.182548 -0.084227 -0.172809 0.108561 -0.086069 -0.048306 -0.483401 -0.335615 -0.329314 -0.134189 0.289774 0.470487 -0.278245 -0.311577 0.355975 -0.128366 0.036433 -0.182233 0.257217 0.042483 -0.053262 0.177203 0.143702 0.068394 0.040798 0.314212 -0.033612 -0.232569 0.003927 -0.074453 -0.152518 -0.137600 0.207691 0.062623 -0.091511 -0.019704 -0.008696 -0.056207 -0.082158 0.289449 0.205391 -0.152168 0.016849 -0.056702 -0.014713 -0.102349 -0.203884 -0.189412 -0.332543 -0.241677 0.337659 0.153871 0.013850 -0.103826 0.110386 -0.212894 -0.062158 -0.078194
0.054393 -0.531385 -0.019404 -0.154271 0.049856 0.316442 -0.154920 -0.335911 -0.223855 -0.237603 -0.329630 -0.534363 -0.602423 -0.603876 -0.079135 -0.336361 -0.077360 -0.328476 -0.015523 -0.342716 1.000000 0.498513 0.439838 0.250687 0.299873 0.442625 0.461781 0.474627 -0.275456 -0.184901 0.182599 0.200160 -0.170762 -0.130752 0.269734 -0.008179 -0.008643 0.106327 0.136326 -0.153435 0.242256 0.089387 0.103308 0.068951 0.024851 -0.055518 0.058979 -0.002271 0.003286 0.050605 0.358278 0.245512 -0.104739 0.078738 0.221513 0.248916 0.108583 -0.108408 0.008990 -0.049211 -0.099607 -0.337023 -0.093451 -0.044076 0.399821 -0.065115 0.098210 0.095888 -0.087789 0.062502 0.434289 0.359856 -0.182920 0.385999 0.089410 0.352481 0.185817 0.115073 -0.004415 -0.227853 -0.147827 0.017841 0.128624 -0.163909 0.162902 -0.030058 0.032493 0.016853 0.265617 -0.034118 -0.133475 0.076491 -0.200286 0.007117 0.140984 0.059560 0.109309 -0.246010 0.055126 0.185949 0.033790 0.043661 0.090440 0.085021 0.089993 -0.057605 0.168937 0.258553 -0.269739 -0.033528 -0.035208 0.000605 -0.028210 -0.052182 0.021473 0.082090
-0.135226 -0.478173 -0.022422 -0.228233 0.024396 0.424575 -0.078239 -0.314978 -0.317222 -0.183086 -0.278858 -0.472869 -0.493870 -0.555020 -0.057869 -0.534509 -0.056433 -0.352549 -0.254821 -0.289891 0.498513 1.000000 0.613339 0.669526 0.659403 0.680001 0.477197 0.632936 -0.293188 -0.351259 0.453136 0.536135 0.140145 0.119661 0.481572 0.354401 -0.272597 -0.058536 0.144402 -0.062775 0.226932 -0.132698 0.092562 0.134127 0.004886 -0.021364 0.120424 0.089398 -0.075555 -0.075180 0.200675 0.111395 -0.385332 -0.085326 0.204538 0.158488 0.049110 -0.251754 0.064540 -0.112958 -0.036119 -0.314751 -0.116555 -0.106621 0.426264 0.028194 0.102601 0.374175 -0.191024 -0.035400 0.282507 0.481043 -0.263729 0.086663 -0.133787 0.088282 -0.092778 0.089815 -0.041008 -0.045803 -0.323192 -0.071502 -0.025606 -0.258001 0.105965 -0.134825 0.155309 -0.064368 0.236345 -0.042093 -0.202248 -0.044783 -0.177780 -0.031314 0.241690 0.163639 0.200995 -0.038668 -0.113298 -0.014697 -0.105167 -0.092664 -0.102511 -0.204040 -0.225599 -0.206842 0.087903 -0.011626 -0.047177 0.162697 0.176125 -0.144716 -0.272050 -0.139698 -0.089676 -0.035860
-0.346285 -0.393613 0.240378 0.177795 -0.143118 0.430585 0.226247 -0.102570 -0.251736 -0.196552 0.050527 -0.332115 -0.445941 -0.556951 0.366106 -0.399732 -0.002263 -0.225248 -0.246940 -0.410006 0.439838 0.613339 1.000000 0.738734 0.480601 0.645671 0.587375 0.699621 -0.348236 -0.560064 0.547266 0.586332 0.029379 0.062131 0.559050 0.278874 -0.243575 -0.248658 0.065497 -0.108111 0.249734 -0.018443 0.006795 0.049529 -0.171839 -0.233573 -0.115150 -0.118199 -0.154594 -0.243572 0.200538 -0.078634 -0.353726 -0.104664 0.222936 0.091413 -0.055743 -0.167812 -0.029914 -0.504340 -0.122047 -0.527720 -0.277822 -0.391713 0.795474 0.124626 0.044910 0.296553 -0.208236 0.040990 0.208695 0.339641 -0.394705 -0.001595 -0.156108 0.156646 -0.299929 0.010344 -0.100594 -0.100710 -0.416465 -0.178736 0.219995 -0.162513 0.337823 0.016474 0.215525 -0.016966 0.662218 0.024302 -0.205139 -0.050378 0.043712 0.023419 0.154174 -0.244965 -0.170485 -0.232897 -0.284364 -0.275492 -0.158097 -0.150158 -0.235562 -0.197358 -0.213023 -0.060386 0.150694 0.024960 -0.174188 -0.021700 0.104493 -0.271469 -0.140837 0.030225 -0.074592 -0.052221
-0.318280 -0.448556 0.043461 0.035047 -0.021155 0.323967 0.134706 -0.135798 -0.227993 -0.210699 0.050133 -0.413618 -0.362503 -0.562753 0.165909 -0.468338 -0.007258 -0.286085 -0.309065 -0.111542 0.250687 0.669526 0.738734 1.000000 0.585887 0.627422 0.448480 0.622476 -0.195739 -0.455879 0.603666 0.686501 0.194312 0.271101 0.652530 0.515424 -0.293011 -0.291337 -0.063278 -0.042835 0.154230 -0.215036 -0.161663 -0.187774 -0.145505 -0.210562 -0.223458 -0.144631 -0.280344 -0.312292 0.095561 -0.161382 -0.355959 -0.126883 0.125242 -0.064890 -0.001041 -0.148006 0.060920 -0.427033 0.018305 -0.499485 -0.189793 -0.288171 0.568311 0.069449 0.080048 0.420650 -0.186088 0.090796 0.109939 0.391041 -0.320437 -0.220735 -0.269979 -0.069188 -0.233792 0.046439 -0.114264 0.055708 -0.409594 -0.131130 0.092518 -0.045479 0.208264 -0.062567 0.145887 -0.082011 0.428102 -0.054952 -0.076024 -0.001891 0.143063 0.094754 0.098286 -0.157894 -0.218864 -0.160507 -0.233549 -0.326869 -0.102273 -0.031019 -0.089695 -0.158089 -0.255942 -0.068941 0.060736 -0.102447 0.010775 0.097263 0.160038 -0.277784 -0.111439 -0.053956 -0.218239 -0.037206
-0.245964 -0.404915 0.195846 -0.048154 0.194278 0.540869 0.192943 -0.137437 -0.011092 -0.004740 -0.148658 -0.201575 -0.235937 -0.420560 -0.001222 -0.381336 0.170169 -0.245782 -0.283238 -0.198044 0.299873 0.659403 0.480601 0.585887 1.000000 0.744055 0.385862 0.665237 -0.074781 -0.333578 0.462344 0.548812 0.295526 0.296954 0.416428 0.320872 -0.155812 -0.320492 0.146696 -0.014713 0.177627 -0.040479 -0.052362 -0.104485 -0.201827 0.032309 -0.147656 -0.120559 -0.199954 -0.189963 0.114331 -0.238573 -0.468514 -0.452209 0.111510 -0.074188 0.046340 -0.208163 0.037744 -0.279459 -0.128579 -0.343670 -0.088287 -0.196894 0.350328 0.240695 0.242951 0.546711 -0.075185 0.045075 -0.064952 0.320963 -0.227731 -0.046637 -0.095167 0.044147 -0.200304 -0.083905 0.138992 0.025821 -0.077429 0.021935 0.015322 -0.140562 0.100793 -0.015314 -0.048620 -0.086397 0.256111 -0.075886 -0.263356 -0.295648 -0.150276 -0.125374 0.150976 0.075302 0.130210 -0.133371 -0.324807 -0.226139 -0.207226 -0.141257 -0.151306 -0.211959 -0.220331 -0.095929 0.108926 -0.058559 -0.060822 0.087080 0.203299 -0.264321 -0.312063 0.007511 -0.088634 0.008745
-0.239782 -0.459388 0.178153 -0.009667 0.134687 0.683342 0.105297 -0.067951 -0.210780 0.092856 -0.233998 -0.152083 -0.465139 -0.490747 -0.136694 -0.354259 0.015055 -0.224675 -0.254622 -0.378150 0.442625 0.680001 0.645671 0.627422 0.744055 1.000000 0.661628 0.899884 -0.354584 -0.542900 0.493986 0.551579 0.150449 0.142793 0.444094 0.218179 -0.261063 -0.345173 0.038138 -0.122771 0.173291 -0.149185 0.006976 0.010176 -0.357678 -0.148945 -0.139552 -0.059827 -0.287715 -0.327115 0.132569 -0.277785 -0.486360 -0.449278 0.141697 0.006228 -0.019638 -0.126357 0.022591 -0.271930 -0.258712 -0.384458 -0.225363 -0.286217 0.448710 0.399546 0.151617 0.491495 -0.119610 0.017979 0.221770 0.438382 -0.466220 0.006106 -0.192989 0.043520 -0.194794 -0.017883 0.050056 0.011421 -0.201967 -0.068684 -0.089556 -0.334166 0.191398 0.038330 0.004781 -0.017143 0.330239 0.039987 -0.137819 -0.073834 0.043946 0.038223 0.053545 -0.022352 0.083240 -0.330386 -0.207245 -0.127497 -0.047074 0.054939 -0.197959 -0.141693 -0.068979 0.090784 0.145976 -0.087868 -0.161507 0.077146 0.263046 -0.163806 -0.141646 0.136225 -0.108082 -0.069355
-0.050676 -0.250972 0.135428 0.067451 0.090669 0.738530 -0.068256 0.074922 -0.355230 0.218392 -0.117598 -0.042001 -0.314144 -0.347891 0.012203 -0.142806 0.128098 -0.333373 -0.282144 -0.299778 0.461781 0.477197 0.587375 0.448480 0.385862 0.661628 1.000000 0.786078 -0.444043 -0.542594 0.124710 0.205961 -0.235704 -0.222881 0.323734 0.097938 -0.404172 -0.350935 -0.143529 -0.270158 -0.107096 -0.278495 0.180683 0.093135 -0.188977 0.009564 -0.031873 0.076394 -0.132395 -0.189324 0.220839 -0.116752 -0.175225 -0.147000 0.220508 0.106158 0.123294 -0.078638 0.042792 -0.253132 -0.271444 -0.313770 -0.363731 -0.437806 0.364624 0.336606 -0.020684 0.239400 -0.098633 0.189320 0.325162 0.141696 -0.515206 -0.017078 -0.294055 0.021650 -0.159897 0.006131 -0.229438 -0.192256 -0.314466 -0.382923 -0.041763 -0.365669 0.159261 -0.044549 -0.042510 0.030172 0.385456 0.169479 0.068151 0.225883 0.247684 0.189437 -0.060770 -0.206614 0.006554 -0.384292 -0.014876 0.020937 0.082962 0.066945 0.033423 -0.052597 -0.027616 -0.027533 0.130329 0.073239 -0.125993 0.165491 0.066414 -0.004299 0.112242 0.061642 -0.166357 -0.282561
-0.122654 -0.426978 0.189740 -0.023182 0.113474 0.706496 0.002488 -0.125180 -0.268510 -0.012895 -0.181850 -0.117425 -0.468831 -0.524642 -0.096392 -0.341538 -0.055178 -0.263047 -0.280074 -0.307885 0.474627 0.632936 0.699621 0.622476 0.665237 0.899884 0.786078 1.000000 -0.405664 -0.563991 0.365904 0.444403 -0.006636 -0.029179 0.399682 0.093382 -0.316888 -0.388121 0.016385 -0.106805 0.078076 -0.211777 0.149029 0.120216 -0.291377 -0.092072 -0.061815 0.058814 -0.123616 -0.245229 0.208861 -0.131604 -0.320802 -0.298473 0.211555 0.131637 0.021937 -0.144729 0.052618 -0.318504 -0.293995 -0.486736 -0.364952 -0.445009 0.414889 0.316244 0.004262 0.376719 -0.120291 0.114028 0.272868 0.315154 -0.505525 -0.046624 -0.293132 0.046254 -0.128699 -0.001500 -0.087329 -0.062241 -0.332880 -0.181826 -0.021399 -0.329765 0.166027 -0.060475 0.148540 0.084917 0.413716 0.029064 -0.039779 0.089175 0.076254 0.125547 0.059186 -0.099279 0.059524 -0.325925 -0.076403 -0.052953 0.052781 0.088375 -0.129488 -0.077915 0.001342 0.132487 0.209031 -0.047969 -0.119548 0.094348 0.246791 -0.107928 0.026165 0.187515 -0.048445 -0.044280
0.169647 0.102641 0.026724 -0.208196 0.130968 -0.460168 0.044646 -0.145896 0.508804 -0.118988 0.477597 -0.026064 0.293421 0.072645 0.368465 0.188413 0.500467 0.355960 0.456102 0.415543 -0.275456 -0.293188 -0.348236 -0.195739 -0.074781 -0.354584 -0.444043 -0.405664 1.000000 0.550134 0.186049 0.255123 0.339760 0.349266 -0.181437 -0.172218 0.437926 0.109967 -0.130201 -0.098826 0.274007 0.349689 0.092409 -0.039311 0.320619 0.125846 0.219770 0.049458 -0.045233 0.209773 -0.231817 -0.132714 0.006423 0.051265 -0.144009 -0.110575 0.186656 0.209983 -0.212202 -0.133838 -0.053240 -0.050396 0.230296 0.281182 -0.189687 -0.329499 -0.108473 -0.400175 0.119679 -0.165145 -0.373894 -0.147843 0.704550 0.098640 0.431096 0.130412 0.121273 -0.038074 0.474836 0.339914 0.523280 0.480818 0.217355 0.610318 0.056674 -0.069203 -0.268737 -0.170627 -0.465052 -0.381853 -0.153852 -0.322886 -0.326101 -0.297510 0.292295 0.028199 -0.006381 0.084267 -0.186543 -0.086947 -0.238007 -0.382022 -0.191713 -0.431108 -0.241320 -0.204305 -0.036118 0.024888 0.060552 0.233874 -0.098129 0.087430 -0.120198 -0.264190 -0.338209 -0.078043
0.212391 0.122384 -0.078348 -0.158156 0.182571 -0.501141 -0.044560 0.030913 0.303778 0.014108 0.088837 -0.042188 0.315189 0.388710 0.051596 0.287150 0.092764 0.339444 0.446400 0.318563 -0.184901 -0.351259 -0.560064 -0.455879 -0.333578 -0.542900 -0.542594 -0.563991 0.550134 1.000000 -0.099133 -0.068974 0.365181 0.320553 -0.475047 -0.304424 0.391321 0.405380 0.109411 -0.072560 0.254275 0.410617 -0.120234 -0.041265 0.233590 0.062448 0.114103 -0.001749 0.128747 0.152984 -0.154262 0.070366 0.050927 0.159118 -0.126492 -0.027871 0.090405 0.316831 -0.139957 0.164212 0.132030 0.299131 0.348864 0.501698 -0.437053 -0.405359 -0.135170 -0.497227 0.219499 -0.203218 -0.199473 -0.193932 0.667109 0.217615 0.452906 0.174609 0.223062 -0.213657 0.382161 0.347149 0.456833 0.538257 0.026164 0.347537 0.057212 -0.091830 -0.270639 -0.096885 -0.555830 -0.206189 -0.170654 -0.242217 -0.327006 -0.248622 0.143346 0.225110 0.193533 -0.001491 -0.024891 0.154252 0.018259 -0.186482 0.056954 -0.174987 0.030886 -0.145250 -0.129286 0.067150 0.191388 0.207983 -0.215683 0.198677 0.133618 -0.043903 -0.128621 -0.025657
-0.119597 -0.436962 0.348413 -0.051506 0.128699 0.085565 0.326947 -0.086672 0.137537 -0.116147 0.169518 -0.404884 -0.189624 -0.431943 0.290959 -0.342736 0.050871 0.007694 0.143596 -0.073674 0.182599 0.453136 0.547266 0.603666 0.462344 0.493986 0.124710 0.365904 0.186049 -0.099133 1.000000 0.824161 0.468684 0.563478 0.499255 0.354316 -0.071478 -0.207634 0.075526 -0.131656 0.287790 0.116221 -0.084805 -0.050665 0.049979 -0.091375 -0.030299 -0.132376 -0.221578 -0.173038 -0.057613 -0.141029 -0.461983 -0.221803 0.183751 0.015100 0.050534 0.101951 -0.243871 -0.424350 -0.014415 -0.450040 -0.009015 -0.065066 0.507403 0.021325 0.200668 0.268814 -0.096806 -0.235062 -0.050362 0.301408 -0.019746 0.054554 0.096883 0.124944 -0.255169 -0.064756 0.300737 0.323147 -0.202843 0.149767 0.214597 0.176212 0.324907 -0.034599 0.086647 -0.177383 0.282500 -0.121709 -0.441997 -0.453780 -0.246565 -0.289274 0.133665 -0.035489 -0.084149 -0.279356 -0.421660 -0.447754 -0.369518 -0.338565 -0.424163 -0.530204 -0.540110 -0.234971 -0.029180 -0.191603 0.005711 0.049573 0.140297 -0.236286 -0.254553 -0.122422 -0.388865 -0.057338
-0.410493 -0.395466 0.194001 0.046626 0.091467 0.205343 0.250934 -0.047543 0.129862 -0.107964 0.205355 -0.412273 -0.295922 -0.445049 0.354507 -0.275544 0.266694 0.123648 0.093866 -0.199989 0.200160 0.536135 0.586332 0.686501 0.548812 0.551579 0.205961 0.444403 0.255123 -0.068974 0.824161 1.000000 0.462761 0.545858 0.474476 0.261091 0.023264 -0.126586 -0.012326 -0.188658 0.513686 0.130094 -0.020328 -0.028227 0.055326 -0.030441 -0.020400 -0.109147 -0.360630 -0.168593 -0.063477 -0.297096 -0.607873 -0.306270 0.039685 -0.053613 -0.003507 0.017550 -0.226360 -0.451360 -0.090104 -0.437981 -0.012339 -0.029784 0.560208 0.086189 0.096609 0.158014 -0.121136 -0.308255 -0.013674 0.431437 0.075300 0.050300 0.162670 0.125240 -0.297740 -0.059630 0.426566 0.373222 -0.035273 0.321112 0.201326 0.225630 0.347515 0.050925 -0.074013 -0.155553 0.177577 -0.197902 -0.403005 -0.451951 -0.225740 -0.305881 0.217623 0.015168 -0.071869 -0.277449 -0.495090 -0.377228 -0.360982 -0.472348 -0.407997 -0.585757 -0.385948 -0.108686 0.129516 -0.053022 -0.025961 0.126812 0.048128 -0.198913 -0.280941 -0.135629 -0.380824 -0.039480
-0.057911 -0.131175 0.006040 -0.043987 0.093178 -0.050931 0.185280 0.033997 0.259130 0.108986 0.282384 -0.045148 0.191562 0.158754 0.227674 0.076481 0.217599 0.327679 -0.058413 -0.007621 -0.170762 0.140145 0.029379 0.194312 0.295526 0.150449 -0.235704 -0.006636 0.339760 0.365181 0.468684 0.462761 1.000000 0.841342 0.143463 0.226713 0.048943 -0.003325 -0.065119 -0.214904 0.233587 0.196933 -0.324346 -0.240508 0.004586 -0.030255 -0.136408 -0.243358 -0.154339 -0.122611 -0.292025 -0.311913 -0.489867 -0.339471 0.011852 -0.171213 0.029817 0.260918 -0.072725 -0.163534 0.079183 -0.048165 0.119242 0.201656 0.131412 -0.045250 0.295740 0.092469 0.105945 -0.259626 -0.387411 0.100653 0.271601 -0.060342 0.155528 0.051007 -0.165426 -0.357576 0.531354 0.403522 0.233002 0.404870 -0.087310 -0.028810 0.136058 0.001689 -0.221791 -0.232916 -0.190092 -0.216699 -0.359839 -0.465862 -0.068938 -0.139972 0.081426 0.187244 0.044971 -0.229508 -0.393439 -0.271109 -0.276385 -0.245381 -0.204793 -0.346641 -0.280031 -0.057905 0.021402 -0.087980 -0.067250 0.141566 -0.133330 -0.048969 -0.194239 0.036158 -0.278438 0.151760
-0.054978 -0.151203 0.116762 -0.034000 0.079009 0.001556 0.270624 0.101890 0.239647 0.125164 0.321709 -0.109702 0.184567 0.079039 0.218744 0.037890 0.153430 0.232521 0.026286 0.070146 -0.130752 0.119661 0.062131 0.271101 0.296954 0.142793 -0.222881 -0.029179 0.349266 0.320553 0.563478 0.545858 0.841342 1.000000 0.267430 0.391399 0.076758 0.035064 -0.040831 -0.132914 0.222040 0.272630 -0.269285 -0.216762 0.045032 -0.006813 -0.186451 -0.259861 -0.200735 -0.192749 -0.389610 -0.309792 -0.552572 -0.386637 0.033562 -0.136632 0.068366 0.226161 -0.197689 -0.264590 0.035820 -0.041304 0.054718 0.156030 0.170621 0.003037 0.210363 0.220308 0.090544 -0.210490 -0.444270 0.093650 0.258474 -0.047518 0.231626 0.012992 -0.175359 -0.273492 0.485846 0.481225 0.160042 0.355855 -0.033639 0.122624 0.236567 0.023538 -0.154632 -0.101975 -0.056975 -0.122798 -0.383315 -0.551547 -0.122965 -0.314621 -0.038954 0.108413 0.024169 -0.197442 -0.441312 -0.405798 -0.366605 -0.393680 -0.280920 -0.448071 -0.463159 -0.097481 -0.126322 -0.242948 -0.034371 0.034150 -0.122915 -0.278190 -0.290854 -0.105873 -0.358937 0.071371
-0.181568 -0.436213 0.005615 0.078188 -0.054850 0.416642 0.054683 -0.073009 -0.184461 -0.114863 -0.106301 -0.228889 -0.429900 -0.524512 0.100221 -0.505493 -0.010081 -0.203003 -0.334287 -0.136765 0.269734 0.481572 0.559050 0.652530 0.416428 0.444094 0.323734 0.399682 -0.181437 -0.475047 0.499255 0.474476 0.143463 0.267430 1.000000 0.730634 -0.244551 -0.092219 -0.060001 0.002643 0.092143 -0.141745 -0.046470 -0.176749 -0.026470 -0.007375 -0.185933 -0.193507 -0.280740 -0.182786 0.015252 -0.123220 -0.452394 -0.138947 0.167424 0.051411 0.062109 -0.095377 -0.062900 -0.311982 0.019863 -0.443392 -0.143033 -0.303532 0.587494 0.202677 0.288517 0.568903 -0.281186 0.003211 0.149742 0.467851 -0.255813 0.010746 -0.182293 -0.094092 -0.117681 0.161331 -0.074594 0.088620 -0.351876 -0.139929 0.088807 -0.132623 0.155795 0.070708 0.083995 0.097815 0.367813 0.071094 -0.253128 -0.179509 0.007399 -0.080311 -0.066280 -0.200457 -0.239341 -0.185551 -0.250669 -0.412800 -0.175178 -0.168933 -0.182797 -0.161906 -0.413921 -0.086663 0.053151 -0.187113 -0.014201 -0.051824 -0.028443 -0.364488 -0.279133 -0.331272 -0.208467 0.132341
-0.068892 -0.203168 -0.080358 0.072751 -0.088235 0.193081 0.166219 0.022729 -0.234310 0.033640 -0.049081 -0.164771 -0.103170 -0.216547 0.095110 -0.353571 -0.038738 -0.250884 -0.291171 0.061690 -0.008179 0.354401 0.278874 0.515424 0.320872 0.218179 0.097938 0.093382 -0.172218 -0.304424 0.354316 0.261091 0.226713 0.391399 0.730634 1.000000 -0.264368 0.022987 0.003943 0.112725 -0.232059 -0.156332 -0.231063 -0.278887 -0.034295 -0.093835 -0.220689 -0.185342 -0.268943 -0.280213 -0.088207 -0.149189 -0.340314 -0.043618 0.153007 -0.125327 0.041698 -0.028867 -0.020644 -0.297149 0.138769 -0.113838 -0.044564 -0.118619 0.329192 0.090634 0.273818 0.609610 -0.078423 0.043887 -0.044224 0.168476 -0.220057 -0.158276 -0.197097 -0.241186 -0.081150 0.076192 -0.241229 0.117531 -0.326180 -0.199602 0.000668 -0.091832 0.112898 0.119450 0.169074 0.091173 0.304183 0.215160 -0.149759 -0.164985 0.125740 -0.029050 -0.235819 -0.084941 -0.229126 -0.002825 -0.188506 -0.431144 -0.125120 -0.082486 -0.052494 -0.117703 -0.523125 -0.274206 -0.272241 -0.338227 0.153176 -0.099574 -0.093784 -0.483943 -0.365901 -0.365885 -0.220510 0.006965
