1.000000 0.475106 -0.086357 -0.128042 -0.036396 -0.034194 0.067123 0.191518 -0.208024 0.124274 0.322625 0.366139 -0.048815 0.405106 -0.177665 0.130527 0.479765 0.511428 0.142104 0.159972 -0.139129 -0.282372 -0.216273 -0.311842 -0.389386 -0.505769 -0.074686 -0.209245 0.348363 0.388023 -0.459322 -0.385948 -0.100799 -0.081383 -0.183594 -0.316045 0.278054 -0.129110 -0.247080 -0.297846 -0.296892 -0.091848 -0.383610 -0.319518 -0.259550 -0.326661 -0.353210 -0.381205 -0.136855 -0.196371 -0.170878 -0.048395 0.144385 0.282593 -0.111798 -0.303280 0.486788 -0.156030 0.260223 0.367361 0.537736 0.497362 0.472313 0.589007 -0.133148 -0.010693 0.005599 -0.369100 -0.064964 -0.162876 0.042156 -0.271277 0.246278 0.202004 0.381878 0.241074 0.363987 -0.068063 0.338506 0.115905 0.388331 0.295164 -0.083379 0.098563 -0.119451 -0.031051 -0.117185 -0.181648 -0.011143 0.076440 0.035165 -0.098214 -0.004898 -0.194023 -0.211462 -0.092631 -0.331860 -0.153148 0.071784 0.280117 0.077543 0.062691 0.099257 0.030057 -0.243856 -0.285510 0.070657 -0.093098 -0.129397 -0.420332 -0.343280 -0.040856 0.007960 -0.167586 -0.246723 -0.084386
0.475106 1.000000 -0.197140 0.095494 -0.021219 0.040465 0.057266 0.348208 -0.115671 0.229079 0.023089 0.429009 0.034456 0.354112 -0.094810 0.243496 0.202634 0.500355 -0.201531 0.158377 -0.052693 -0.375191 -0.220224 -0.230304 -0.372051 -0.401539 -0.066647 -0.198407 0.068616 0.406407 -0.470916 -0.349549 -0.013556 -0.117925 -0.270421 -0.399759 -0.042722 0.097450 -0.119347 -0.073831 -0.190507 0.087938 -0.347264 -0.287069 -0.279021 -0.291305 -0.105712 -0.345079 -0.222924 -0.048915 -0.162352 -0.038901 0.043227 0.285830 -0.056748 -0.126234 0.134891 0.261462 0.156801 0.258852 0.267280 0.535159 0.127862 0.452414 -0.148828 0.182695 -0.294547 -0.542195 0.152720 0.190139 0.086713 -0.201671 0.162252 0.391764 0.216659 0.233502 0.125994 -0.111680 -0.032432 0.184019 0.187517 0.176873 -0.161738 0.082478 -0.034139 0.167143 -0.169687 -0.246161 0.097416 0.269447 -0.164981 -0.304216 0.156684 -0.117030 -0.277016 -0.005722 -0.294190 -0.177971 0.101820 -0.043714 0.370496 -0.044244 0.273541 -0.151851 -0.010278 0.015361 0.143603 0.095256 0.000497 -0.323885 -0.459087 0.263793 0.053450 -0.088115 0.076174 0.060389
-0.086357 -0.197140 1.000000 0.458116 0.102358 0.202887 0.569418 0.279917 0.215170 0.045129 0.002747 -0.126033 0.258677 -0.018749 -0.081010 -0.145907 -0.392746 -0.466411 0.365630 -0.095481 0.107064 -0.032790 0.366775 0.362315 0.187581 0.094987 0.064002 -0.007620 -0.298454 -0.474021 0.210869 0.269469 0.004250 -0.091552 0.070228 0.203950 -0.299216 -0.265136 -0.320281 0.025915 -0.064593 0.011428 -0.188838 -0.254882 -0.199774 -0.183023 -0.271505 -0.216426 0.341474 -0.242044 -0.233630 -0.348270 -0.000408 -0.333861 0.195624 -0.162575 -0.364845 -0.312127 0.281132 -0.041925 0.143240 -0.191258 -0.105204 -0.260563 0.299937 0.000400 0.253054 0.415452 -0.145639 0.067604 -0.020220 -0.012235 -0.174937 -0.068980 -0.196898 -0.099578 0.078309 0.188751 -0.475697 -0.328351 -0.396080 -0.450996 0.029813 -0.189359 -0.206956 -0.499088 0.082870 0.109780 0.258487 -0.146674 0.158043 0.374509 0.177703 0.482339 -0.045370 0.039461 -0.209998 -0.268259 -0.429785 -0.347750 0.027618 0.386565 0.249266 0.418625 0.309927 0.303639 0.220838 0.090183 0.019056 0.021514 0.048688 -0.222161 0.059782 0.152532 0.042570 0.070408
-0.128042 0.095494 0.458116 1.000000 0.332803 0.371960 0.394976 0.650056 0.424234 0.591652 0.127393 0.199690 0.044453 0.068150 0.166868 0.419817 -0.383630 -0.239247 -0.066398 0.077669 0.274146 -0.053562 0.415275 0.661223 -0.059582 0.036682 0.280385 -0.012127 -0.357973 -0.145398 0.354622 0.497555 -0.253136 0.025789 -0.094503 0.178736 -0.571015 -0.606351 -0.273200 -0.162614 -0.127423 0.033503 -0.517783 -0.482425 -0.392011 -0.299390 -0.307146 -0.432351 -0.215775 -0.333398 -0.242435 -0.452317 -0.202256 -0.380431 -0.131877 -0.359970 -0.282845 -0.184151 0.049223 -0.264588 0.001208 0.135276 -0.203014 -0.211358 0.541553 0.457550 -0.320331 -0.056021 0.035004 0.107034 -0.004785 0.072051 -0.261489 -0.067562 -0.196540 0.012311 -0.075088 0.014041 -0.514818 -0.131279 -0.423023 -0.441560 0.206751 0.370217 0.101361 -0.064546 -0.024435 0.063550 0.615125 0.102205 -0.011726 0.143828 0.549439 0.236824 -0.172396 0.001744 -0.367396 -0.188164 -0.489178 -0.424332 0.279909 0.121355 0.176039 0.220345 0.081388 0.302992 0.185170 0.101120 -0.223186 -0.041077 -0.185784 -0.086151 -0.124906 0.100884 0.113086 -0.060772
-0.036396 -0.021219 0.102358 0.332803 1.000000 0.655718 0.387337 0.226938 0.544606 0.243950 -0.017173 0.076712 0.120297 -0.024243 0.269390 0.246131 -0.162170 -0.112737 -0.133687 -0.032472 0.227490 0.201439 0.302204 0.317338 0.142136 0.114420 0.611100 0.246739 -0.453523 -0.191814 -0.000556 0.077203 -0.292959 -0.079663 0.182765 0.396966 -0.432336 -0.387570 -0.325215 -0.113012 -0.232559 -0.110774 -0.241849 -0.205164 -0.281747 -0.009516 -0.142601 -0.108354 -0.063088 -0.104716 0.056636 -0.240643 -0.179369 -0.186737 -0.234790 -0.127699 -0.059379 -0.026918 0.363198 -0.034532 0.057029 0.087396 -0.227738 -0.154376 0.200506 0.472298 -0.133265 0.088229 0.068037 0.083230 -0.006779 0.129487 -0.273711 -0.098584 -0.114944 -0.185117 -0.043799 -0.110408 -0.145722 0.169252 -0.421240 -0.261535 -0.245663 -0.017396 0.022999 -0.128458 -0.335095 -0.191455 0.364983 0.008450 -0.112968 0.098907 0.325575 0.297234 -0.082854 -0.166660 -0.106531 -0.079508 -0.234117 -0.151335 -0.019027 0.130825 -0.073298 0.076049 0.082866 0.133373 0.276817 0.103741 -0.226425 -0.120547 0.214495 0.035576 -0.094067 0.124906 -0.064005 0.049783
-0.034194 0.040465 0.202887 0.371960 0.655718 1.000000 0.275541 0.238512 0.303046 0.135813 0.087521 -0.006845 0.015444 -0.079494 0.174386 0.216040 -0.152073 -0.182111 -0.039510 -0.083364 0.364330 0.217065 0.286195 0.329329 0.073298 0.283984 0.659680 0.458513 -0.551690 -0.360397 0.094681 0.091987 -0.317103 -0.357367 0.160519 0.354116 -0.413898 -0.207020 -0.151064 0.123519 0.002108 0.021219 -0.263555 -0.311812 -0.445241 -0.122607 -0.286549 -0.169914 -0.108420 -0.286238 0.012327 -0.329071 -0.132111 -0.030148 -0.024202 -0.083687 -0.186245 -0.074586 0.317643 -0.042608 -0.009004 0.037313 -0.281245 -0.184649 0.077022 0.306175 -0.175997 0.011142 0.073666 -0.033509 0.047710 0.236553 -0.423399 0.039699 -0.084825 -0.137621 -0.171133 0.004801 -0.224670 0.064807 -0.473557 -0.420585 -0.081714 -0.022720 0.001422 -0.118832 -0.182648 -0.118636 0.461560 0.216693 0.067335 0.253381 0.203765 0.488474 0.179468 -0.038168 -0.095405 0.044056 -0.242027 -0.234950 0.070464 0.164134 0.030060 0.159303 0.113783 0.189983 0.017485 0.177829 -0.073949 0.089544 0.248975 0.273505 0.011093 0.185975 0.156284 0.059095
0.067123 0.057266 0.569418 0.394976 0.387337 0.275541 1.000000 0.447740 0.282460 0.325354 0.131754 0.405060 0.394928 0.357475 -0.127192 0.179417 -0.242759 -0.316539 0.121429 -0.254799 -0.013312 -0.280134 0.068236 0.157040 -0.107757 -0.211013 0.005806 -0.184278 -0.336385 -0.203220 -0.175556 -0.118635 0.019778 -0.047486 -0.002292 0.127829 -0.261093 -0.313200 -0.309207 -0.056236 -0.244711 -0.236394 -0.287779 -0.290350 -0.095985 -0.106309 -0.215745 -0.246458 0.256546 -0.023756 -0.150136 -0.223870 0.025214 -0.217414 0.099092 -0.047469 -0.314548 -0.136820 0.437549 -0.077077 0.402207 0.157729 -0.105606 -0.169018 0.336430 0.335668 0.106181 0.218725 -0.091574 0.123450 -0.022292 -0.099890 -0.143194 -0.096058 -0.274844 -0.124961 0.019841 0.005934 -0.448080 -0.044388 -0.359198 -0.372096 -0.349585 -0.150903 -0.310462 -0.261865 -0.091667 -0.100297 0.280727 -0.114228 -0.029355 0.146422 0.357193 0.380560 -0.356179 -0.088427 -0.165590 -0.194940 -0.323412 -0.277557 0.221934 0.416487 0.215769 0.205104 0.170029 0.229653 0.336286 0.227682 -0.085951 -0.185646 -0.024850 -0.141209 0.067713 0.033000 -0.155477 -0.037317
0.191518 0.348208 0.279917 0.650056 0.226938 0.238512 0.447740 1.000000 0.098569 0.675577 0.211538 0.586248 0.011972 0.435682 -0.224437 0.700240 -0.141798 -0.095616 0.007480 -0.128055 0.100888 -0.258592 -0.138850 0.208306 -0.414181 -0.424823 -0.084265 -0.389125 -0.190755 0.276670 -0.207437 -0.003654 -0.353480 -0.113133 -0.213686 -0.005718 -0.281659 -0.405583 -0.326020 -0.278671 -0.290794 0.122410 -0.599808 -0.508580 -0.247222 -0.225698 -0.378544 -0.346234 -0.221946 -0.202582 -0.478223 -0.270913 0.124370 -0.119140 0.051717 -0.294826 -0.241873 -0.233632 0.170171 0.073945 0.257472 0.494222 0.027782 0.053787 0.113339 0.555636 -0.299930 -0.194688 -0.257900 -0.081650 0.088276 0.118817 0.002743 0.191699 0.013869 0.245945 0.006470 0.060989 -0.317150 -0.255736 -0.130936 -0.304342 -0.061648 0.318927 -0.333319 -0.258259 -0.206016 -0.108557 0.369836 0.117518 0.240619 0.108883 0.701758 0.164408 -0.245929 0.094019 -0.419747 -0.337484 -0.145563 -0.186454 0.601235 0.290151 0.517952 0.191687 -0.008645 0.113073 0.316494 0.097638 -0.117207 -0.155366 -0.293916 0.149636 0.224118 0.021720 0.056892 -0.005272
-0.208024 -0.115671 0.215170 0.424234 0.544606 0.303046 0.282460 0.098569 1.000000 0.360520 0.082779 -0.043116 0.252006 -0.139473 0.565284 0.126408 -0.241214 -0.106091 -0.094026 0.162320 0.251550 0.057758 0.666732 0.560902 0.343010 0.249981 0.329662 0.198929 -0.363794 -0.261168 0.387038 0.447262 -0.152057 0.191335 0.087473 0.130052 -0.388993 -0.354661 -0.022481 0.027676 -0.161247 -0.042332 -0.098459 -0.075957 -0.352677 -0.279149 -0.055982 -0.073117 -0.081689 -0.151794 0.189139 -0.194122 -0.123197 -0.275124 -0.219142 -0.175217 -0.099217 0.034339 0.010611 -0.350745 -0.130141 -0.056292 -0.276249 -0.235254 0.241782 0.305844 -0.214430 -0.101009 0.205194 0.281227 0.049479 0.066086 -0.249620 -0.039235 -0.100149 -0.071199 0.024777 -0.063993 -0.226286 0.257718 -0.481783 -0.246691 0.040372 -0.047274 0.228638 0.023022 0.140155 0.082488 0.368339 -0.131622 -0.223625 0.034256 0.120314 0.233088 -0.058530 -0.103981 -0.011384 -0.127269 -0.465947 -0.312807 -0.105317 -0.011169 -0.172421 0.068901 -0.028390 0.212511 0.099783 0.095965 -0.186194 -0.158631 0.074587 -0.209606 -0.272810 0.172767 0.091633 0.085461
0.124274 0.229079 0.045129 0.591652 0.243950 0.135813 0.325354 0.675577 0.360520 1.000000 0.284850 0.582422 0.068252 0.380201 -0.050817 0.722497 -0.015230 0.045852 -0.148893 -0.017366 0.029642 -0.332466 0.014736 0.387999 -0.346806 -0.270265 -0.135640 -0.390902 -0.113165 0.224533 -0.054655 0.217797 -0.163331 0.226057 -0.271327 0.029446 -0.196137 -0.387702 -0.225787 -0.483974 -0.252076 0.040574 -0.534456 -0.477578 -0.343472 -0.331363 -0.403785 -0.384457 -0.348393 -0.278048 -0.336199 -0.273395 -0.072227 -0.272027 -0.246817 -0.447338 -0.012354 -0.204362 -0.042532 -0.003716 0.195576 0.547845 0.144944 0.053621 0.216838 0.677161 -0.236491 -0.277705 -0.076674 -0.040047 0.113522 0.214457 -0.023575 0.152847 -0.014705 0.270916 0.104628 0.133631 -0.163722 -0.049094 -0.081490 -0.184132 0.072711 0.404794 -0.158247 -0.054069 -0.199670 -0.050796 0.226842 0.123714 0.011815 0.047233 0.560312 -0.100965 -0.261224 0.079394 -0.419365 -0.222614 -0.385259 -0.219096 0.313486 0.077829 0.227353 0.160854 -0.092839 0.035926 0.162636 0.143934 -0.141195 -0.082604 -0.218195 0.044240 0.036222 -0.059676 0.079663 -0.025568
0.322625 0.023089 0.002747 0.127393 -0.017173 0.087521 0.131754 0.211538 0.082779 0.284850 1.000000 0.362936 0.412290 0.218327 0.199723 0.261622 0.078270 -0.185501 -0.044742 0.195314 -0.136872 -0.089051 0.078644 0.239653 -0.145500 -0.182848 -0.058635 -0.139150 0.137772 0.004332 -0.087690 -0.027133 -0.329765 -0.321302 -0.202974 -0.130554 0.154693 -0.160484 -0.128537 -0.269697 0.092097 -0.017139 -0.301166 -0.231833 -0.224401 -0.263163 -0.415318 -0.134411 -0.065299 -0.254087 -0.179332 -0.249377 -0.086078 -0.221331 -0.032995 -0.353628 -0.023763 -0.301861 -0.082372 -0.106752 0.025859 0.057506 0.044115 -0.108207 0.095148 0.112968 -0.164818 -0.124820 -0.118482 -0.134370 -0.149373 0.019541 -0.098601 0.103155 0.082521 0.242376 0.059580 0.031159 0.004402 -0.126128 0.113664 -0.027271 0.321074 0.324861 0.105103 0.213182 -0.013368 0.311693 0.098614 0.013128 0.164915 0.292759 0.220165 0.050451 0.089209 -0.089176 -0.152304 0.025467 -0.151943 0.093578 0.039712 0.276646 0.236633 0.175302 0.013556 -0.059787 0.208007 -0.043979 0.017643 -0.054752 -0.049289 -0.034942 -0.176080 0.165310 -0.042464 0.014215
0.366139 0.429009 -0.126033 0.199690 0.076712 -0.006845 0.405060 0.586248 -0.043116 0.582422 0.362936 1.000000 0.218003 0.807220 -0.278695 0.650936 0.141647 0.104361 -0.197369 -0.299464 -0.219983 -0.425470 -0.354362 -0.088811 -0.521526 -0.575356 -0.328199 -0.566978 0.037136 0.485399 -0.459600 -0.290895 -0.198720 -0.040728 -0.265000 -0.051933 0.136234 -0.119880 -0.259617 -0.347222 -0.197520 -0.087818 -0.484867 -0.410466 -0.115758 -0.197881 -0.380043 -0.410600 -0.049386 -0.121098 -0.334210 -0.059641 0.032868 -0.085939 -0.075478 -0.318077 -0.074327 -0.285425 0.212059 0.143980 0.443573 0.619690 0.246360 0.221135 0.067876 0.564340 -0.162451 -0.172046 -0.316387 -0.166029 0.057607 0.040114 0.228068 0.303141 0.237565 0.327926 0.249327 0.108119 -0.058606 0.009473 0.214174 -0.032285 -0.320144 0.267387 -0.409623 0.057234 -0.385071 -0.159564 -0.032474 0.085111 0.093733 -0.012132 0.555178 0.035003 -0.378001 0.048951 -0.362871 -0.206280 -0.079078 -0.109216 0.445595 0.314381 0.305688 -0.002926 0.023003 -0.000182 0.372327 0.079854 0.019296 -0.201516 -0.300519 0.030223 0.184574 -0.024990 -0.017363 -0.023060
-0.048815 0.034456 0.258677 0.044453 0.120297 0.015444 0.394928 0.011972 0.252006 0.068252 0.412290 0.218003 1.000000 0.195766 0.268779 -0.034415 -0.235843 -0.302546 -0.006748 -0.019561 -0.277025 -0.074729 0.095167 0.049477 0.099836 -0.229565 -0.135585 -0.265042 -0.120394 -0.157549 -0.113233 -0.105471 0.055540 -0.158857 0.058215 0.150119 0.173882 0.048254 -0.178354 -0.252461 0.125917 -0.114456 0.018022 0.026895 -0.017060 -0.031895 -0.154101 0.050043 0.412190 -0.020286 -0.136694 -0.175194 0.000285 -0.349663 0.113029 -0.064676 -0.400893 -0.206228 0.202790 -0.107465 0.100452 -0.143325 -0.102575 -0.322251 0.082366 0.066353 0.138149 0.319058 -0.082901 0.074959 -0.143835 -0.111503 -0.050123 0.079904 0.033580 -0.019410 0.170589 0.082881 -0.307163 -0.033880 -0.074604 -0.153919 -0.093106 -0.097056 -0.076453 -0.019221 -0.126994 0.086427 -0.055154 -0.187580 0.110350 0.191302 0.104678 0.188747 -0.159723 -0.012602 0.022699 0.075060 -0.345378 -0.227816 -0.063278 0.246416 0.214275 0.145002 0.278612 0.242218 0.268009 0.107631 -0.064853 0.052851 0.197037 -0.179468 -0.079322 0.204214 -0.017874 0.125396
0.405106 0.354112 -0.018749 0.068150 -0.024243 -0.079494 0.357475 0.435682 -0.139473 0.380201 0.218327 0.807220 0.195766 1.000000 -0.225676 0.551100 0.219369 0.184667 -0.003143 -0.357425 -0.251327 -0.455204 -0.375677 -0.248673 -0.401656 -0.637170 -0.408559 -0.571944 0.166784 0.467605 -0.426849 -0.355754 -0.078984 -0.008233 -0.158342 0.002429 0.244002 0.005981 -0.285534 -0.283706 -0.126262 -0.008695 -0.439429 -0.368376 -0.082190 -0.218357 -0.417173 -0.430008 0.110117 -0.157492 -0.235005 0.024898 0.174836 -0.085376 -0.032287 -0.340565 -0.081290 -0.334451 0.324952 0.211313 0.571913 0.627204 0.320706 0.342407 -0.092770 0.377280 0.058415 -0.092378 -0.333356 -0.131020 0.059787 -0.057593 0.436415 0.280001 0.293945 0.369347 0.334597 -0.031255 -0.020165 0.062036 0.323973 0.084139 -0.446728 0.087826 -0.576938 -0.068026 -0.426832 -0.231529 -0.115294 -0.032065 0.073371 -0.054222 0.353209 0.044924 -0.341234 0.104439 -0.405493 -0.274056 -0.078590 -0.009767 0.364860 0.323148 0.289869 0.013853 0.095649 0.052369 0.298456 -0.011412 0.125535 -0.256846 -0.398135 -0.080401 0.237635 -0.031337 0.045029 0.136711
-0.177665 -0.094810 -0.081010 0.166868 0.269390 0.174386 -0.127192 -0.224437 0.565284 -0.050817 0.199723 -0.278695 0.268779 -0.225676 1.000000 -0.018602 -0.184294 -0.044255 -0.236903 0.317003 0.238055 0.280091 0.652796 0.427717 0.517930 0.316541 0.364069 0.363871 -0.127914 -0.281412 0.414242 0.369422 -0.199530 -0.122215 0.210435 0.043319 -0.233746 -0.036356 0.071057 0.133577 0.066199 0.014690 0.043470 0.057547 -0.247072 -0.144805 0.043839 0.087522 -0.069965 -0.108268 0.355528 -0.059907 0.009784 -0.063387 -0.109486 -0.044819 -0.049149 0.133114 -0.194633 -0.317667 -0.413760 -0.282741 -0.442217 -0.249930 0.075795 -0.092250 -0.262746 -0.188614 0.195440 0.159117 -0.084497 -0.114203 -0.276868 -0.245087 -0.111496 -0.102401 -0.187233 -0.303200 -0.146460 0.310496 -0.332332 -0.070589 0.353770 0.131024 0.427326 0.204645 0.222687 0.156634 0.204425 -0.122900 -0.231250 0.014331 -0.036309 0.163042 0.322752 -0.053509 0.095721 0.168858 -0.190463 -0.096393 -0.169956 -0.168021 -0.172052 -0.048779 0.029421 0.150774 -0.020794 -0.075896 0.007474 0.020950 0.053914 -0.033240 -0.283877 0.236570 0.106748 0.125763
0.130527 0.243496 -0.145907 0.419817 0.246131 0.216040 0.179417 0.700240 0.126408 0.722497 0.261622 0.650936 -0.034415 0.551100 -0.018602 1.000000 0.034334 0.072390 -0.204882 -0.281272 0.007342 -0.172818 -0.146819 0.228568 -0.342371 -0.271258 -0.104511 -0.347375 -0.078864 0.384032 -0.084891 0.084071 -0.427007 -0.046355 -0.142497 0.168530 -0.070154 -0.228176 -0.246994 -0.316781 -0.108793 0.162160 -0.558651 -0.490206 -0.252825 -0.265234 -0.430908 -0.407043 -0.267436 -0.284813 -0.279576 -0.081394 0.171327 -0.131772 -0.173875 -0.408888 -0.141612 -0.352159 0.100690 0.051591 0.242063 0.604937 0.103150 0.144217 0.014556 0.653060 -0.294214 -0.339797 -0.255172 -0.170984 0.197515 0.343941 0.100293 0.231617 0.163213 0.407599 0.101000 0.107199 -0.126406 -0.069171 -0.024318 -0.198413 -0.069622 0.501353 -0.291020 -0.104714 -0.251458 -0.124372 0.244004 0.231577 0.148669 0.068980 0.593256 0.051280 -0.121817 0.155685 -0.441540 -0.155654 -0.293816 -0.096565 0.409410 0.197080 0.275454 0.056206 -0.087813 0.115906 0.205956 0.111810 -0.078910 -0.036649 -0.264669 0.039520 0.113933 -0.074057 0.171962 0.043314
0.479765 0.202634 -0.392746 -0.383630 -0.162170 -0.152073 -0.242759 -0.141798 -0.241214 -0.015230 0.078270 0.141647 -0.235843 0.219369 -0.184294 0.034334 1.000000 0.669593 0.092245 0.034990 -0.251614 -0.282068 -0.367770 -0.433345 -0.268009 -0.317237 -0.231225 -0.136842 0.623007 0.593726 -0.223659 -0.337695 0.176890 0.185154 -0.159344 -0.178848 0.479272 0.094743 -0.069451 -0.186362 -0.003367 0.009598 -0.144227 -0.055347 -0.059096 -0.040770 -0.070471 -0.143396 -0.316575 -0.022961 -0.090443 0.037895 -0.075183 0.230429 -0.347289 -0.195510 0.638974 0.023231 -0.038341 0.298975 0.361993 0.338237 0.622510 0.564008 -0.352142 -0.024495 0.114428 -0.293259 0.126720 -0.100240 0.129212 0.025755 0.457302 0.282091 0.415125 0.164158 0.394444 -0.021222 0.717796 0.321906 0.635548 0.587373 -0.134360 0.061417 -0.110598 0.225282 -0.146698 -0.310966 -0.387759 -0.113008 -0.182112 -0.341817 -0.271213 -0.389310 -0.179652 -0.200336 -0.252331 -0.140468 0.172277 0.306696 -0.134959 -0.213129 -0.067713 -0.070290 -0.303736 -0.393871 -0.126332 -0.155417 -0.055416 -0.256961 -0.248552 -0.074880 -0.110380 -0.336808 -0.333809 -0.187335
0.511428 0.500355 -0.466411 -0.239247 -0.112737 -0.182111 -0.316539 -0.095616 -0.106091 0.045852 -0.185501 0.104361 -0.302546 0.184667 -0.044255 0.072390 0.669593 1.000000 -0.056781 0.224220 -0.119795 -0.333997 -0.198439 -0.406365 -0.235880 -0.312867 -0.062692 -0.070227 0.365224 0.561647 -0.216165 -0.299661 0.285337 0.265714 -0.103166 -0.290115 0.224543 0.079423 0.007770 -0.100047 -0.211380 0.045619 -0.067405 -0.038206 -0.125596 -0.133216 0.090286 -0.212556 -0.383399 0.029895 0.076148 0.098728 -0.014979 0.387977 -0.375171 -0.101554 0.652651 0.287936 -0.043511 0.209470 0.225902 0.442327 0.459796 0.642435 -0.306131 -0.012481 -0.062441 -0.526215 0.390497 0.162051 0.169124 -0.093781 0.375095 0.331420 0.393688 0.119075 0.324650 -0.165864 0.506877 0.498291 0.498639 0.616060 -0.239877 -0.096049 0.014656 0.203801 -0.096534 -0.466093 -0.234266 0.012335 -0.373073 -0.595188 -0.329169 -0.483058 -0.210409 -0.107092 -0.261494 -0.055600 0.157944 0.237783 -0.086843 -0.378756 -0.113882 -0.167760 -0.312328 -0.252459 -0.151099 -0.130094 -0.186473 -0.347329 -0.420646 -0.071260 -0.176759 -0.292282 -0.196819 -0.097563
0.142104 -0.201531 0.365630 -0.066398 -0.133687 -0.039510 0.121429 0.007480 -0.094026 -0.148893 -0.044742 -0.197369 -0.006748 -0.003143 -0.236903 -0.204882 0.092245 -0.056781 1.000000 0.193618 -0.113181 0.107728 -0.163847 -0.219901 -0.216281 -0.239330 -0.004773 -0.188910 0.281673 -0.035842 -0.023571 -0.057930 0.290750 0.222225 -0.004606 -0.201877 0.087190 -0.063022 -0.065811 0.015928 -0.172889 -0.170274 -0.220962 -0.196548 -0.148823 -0.311751 -0.191701 -0.094652 0.009769 -0.147356 -0.310368 -0.239357 0.193037 -0.093728 0.008253 -0.201790 0.080501 -0.145060 0.193309 0.187272 0.416185 0.013440 0.244407 0.136206 0.133117 -0.146470 0.338791 0.087842 -0.156883 -0.060094 -0.035128 0.016921 0.196654 0.015299 0.012204 -0.004866 0.210740 0.249322 -0.016696 -0.147221 0.122277 0.049609 0.046369 -0.077731 -0.278349 -0.332942 -0.028938 -0.261162 -0.020916 -0.251528 0.266315 0.251139 -0.175995 -0.007382 -0.175590 0.060828 -0.141941 -0.107803 -0.099293 0.023900 -0.068381 0.245449 0.132739 0.354847 0.081303 0.022525 -0.043708 0.039804 0.028563 0.067106 -0.090087 -0.061486 0.221459 0.026796 -0.052690 0.107908
0.159972 0.158377 -0.095481 0.077669 -0.032472 -0.083364 -0.254799 -0.128055 0.162320 -0.017366 0.195314 -0.299464 -0.019561 -0.357425 0.317003 -0.281272 0.034990 0.224220 0.193618 1.000000 0.057804 -0.077768 0.227646 0.134773 -0.057745 -0.036332 0.265261 0.155632 0.154837 -0.058238 0.007109 0.031701 0.309088 0.245844 -0.170947 -0.492615 -0.154453 -0.098803 0.095159 -0.070101 -0.177296 -0.119085 -0.073241 -0.033003 -0.313595 -0.378270 0.067717 0.015272 -0.354808 -0.084306 -0.024004 -0.220773 -0.089995 0.055679 -0.186941 -0.213273 0.310446 0.327070 -0.246390 -0.176773 -0.234858 -0.120998 -0.108316 -0.002436 0.084647 -0.240929 -0.137113 -0.361007 0.522391 0.498348 -0.131654 -0.396351 -0.127992 -0.003845 0.061938 -0.025420 0.020023 -0.015830 0.056164 0.139879 0.059098 0.319549 0.357788 0.055357 0.334841 0.167896 0.068393 -0.022025 0.006527 -0.240454 -0.062000 0.010915 -0.234967 -0.267585 0.065275 -0.126179 0.081054 0.150150 0.165795 0.049853 -0.165060 -0.179182 -0.045413 0.107862 0.084217 0.012972 -0.084769 0.039450 -0.189292 0.009548 -0.037744 0.094869 -0.136735 0.257905 0.019460 0.101481
-0.139129 -0.052693 0.107064 0.274146 0.227490 0.364330 -0.013312 0.100888 0.251550 0.029642 -0.136872 -0.219983 -0.277025 -0.251327 0.238055 0.007342 -0.251614 -0.119795 -0.113181 0.057804 1.000000 0.181234 0.383781 0.375736 0.382730 0.505140 0.573811 0.557966 -0.310055 -0.241784 0.387921 0.505745 -0.337894 -0.120788 0.235835 0.239681 -0.315203 -0.031270 0.081400 0.149526 -0.086475 0.087822 -0.110340 -0.047731 -0.376908 -0.208480 -0.182908 -0.098461 -0.310650 -0.365567 0.080692 -0.296335 -0.194107 0.006467 -0.031730 0.031094 -0.120352 0.043643 -0.109189 -0.065702 -0.242952 -0.128624 -0.217321 -0.099166 0.139746 -0.012451 -0.185083 -0.027404 -0.017358 0.014062 0.305561 0.183577 -0.428131 -0.234815 -0.096957 0.120264 -0.116833 0.161101 -0.162729 0.064850 -0.458388 -0.276714 0.217455 0.193810 0.236374 -0.081184 0.018441 0.174748 0.320276 0.228307 -0.122894 0.028286 0.132469 0.282805 0.152413 0.010903 -0.023423 -0.021617 -0.131053 -0.202663 0.112220 -0.131865 -0.011997 -0.038285 -0.028866 0.016506 -0.137519 0.027855 0.018940 0.062074 0.365032 0.067683 -0.035562 0.063401 0.072344 0.084246
-0.282372 -0.375191 -0.032790 -0.053562 0.201439 0.217065 -0.280134 -0.258592 0.057758 -0.332466 -0.089051 -0.425470 -0.074729 -0.455204 0.280091 -0.172818 -0.282068 -0.333997 0.107728 -0.077768 0.181234 1.000000 0.166650 0.178031 0.417757 0.501787 0.303185 0.355758 -0.032880 -0.433955 0.381137 0.333326 -0.323534 -0.146840 0.468017 0.339165 -0.172694 0.071395 -0.039234 0.167500 0.130922 0.009345 0.160019 0.104680 -0.040215 0.171973 0.012751 0.262276 -0.030747 -0.058054 0.004513 -0.151117 -0.138532 -0.161635 -0.001179 0.102485 -0.115934 -0.054000 -0.090817 -0.098207 -0.334872 -0.532335 -0.383779 -0.365317 0.152753 -0.080804 -0.040828 0.244872 -0.249882 -0.239774 -0.018784 0.314547 -0.188253 -0.223347 -0.127769 -0.244229 -0.308695 0.014621 0.019714 -0.115923 -0.241130 -0.262089 0.264301 0.100916 0.194324 -0.054930 0.053865 0.155576 0.173178 -0.030505 0.227402 0.260052 0.098760 0.256931 0.393222 0.300737 0.112106 0.172542 -0.015440 -0.016305 -0.050478 0.109028 -0.027836 0.142144 -0.002226 0.019239 -0.140688 0.062608 0.067775 0.493355 0.267547 0.088693 -0.080297 0.044763 0.142405 0.113788
-0.216273 -0.220224 0.366775 0.415275 0.302204 0.286195 0.068236 -0.138850 0.666732 0.014736 0.078644 -0.354362 0.095167 -0.375677 0.652796 -0.146819 -0.367770 -0.198439 -0.163847 0.227646 0.383781 0.166650 1.000000 0.710531 0.550995 0.513892 0.501578 0.545046 -0.424971 -0.540920 0.560733 0.597794 -0.280802 -0.083287 0.117499 0.186165 -0.482087 -0.321177 0.029345 0.146918 -0.026496 -0.079008 0.026469 -0.049459 -0.352219 -0.267660 -0.068924 -0.112079 -0.008759 -0.285082 0.267101 -0.251617 -0.201891 -0.233151 0.003276 -0.080978 -0.091178 -0.001482 -0.099831 -0.360430 -0.353880 -0.339519 -0.367637 -0.241843 0.340482 -0.031372 -0.179619 0.024117 0.262737 0.219523 -0.085876 -0.071522 -0.463470 -0.235631 -0.299588 -0.138902 -0.173487 -0.136280 -0.306386 0.166038 -0.547993 -0.261444 0.327338 -0.084676 0.478733 0.014993 0.305715 0.243283 0.417077 0.019789 -0.233221 0.154888 -0.039664 0.328591 0.291028 -0.061730 0.035526 0.001234 -0.332560 -0.336637 -0.224479 -0.045724 -0.188155 0.119454 0.057519 0.241570 0.099971 -0.104528 -0.033617 -0.042996 0.169252 -0.258451 -0.227708 0.242266 0.125714 0.066960
-0.311842 -0.230304 0.362315 0.661223 0.317338 0.329329 0.157040 0.208306 0.560902 0.387999 0.239653 -0.088811 0.049477 -0.248673 0.427717 0.228568 -0.433345 -0.406365 -0.219901 0.134773 0.375736 0.178031 0.710531 1.000000 0.261784 0.479118 0.347719 0.306759 -0.403058 -0.437911 0.598096 0.741976 -0.390885 -0.074061 0.134019 0.293242 -0.533534 -0.472145 -0.058431 -0.102271 -0.014733 0.014435 -0.221995 -0.241082 -0.364236 -0.299950 -0.243155 -0.158643 -0.165622 -0.342417 -0.034019 -0.343595 -0.223077 -0.382477 -0.049695 -0.298309 -0.231721 -0.236318 -0.170527 -0.299573 -0.318601 -0.223390 -0.328219 -0.407665 0.398439 0.160227 -0.235421 0.076311 0.098017 0.134775 0.102271 0.206625 -0.457145 -0.224027 -0.315272 -0.081458 -0.257202 0.141536 -0.400223 -0.133756 -0.562929 -0.488717 0.458889 0.307937 0.263532 -0.033328 0.127168 0.292605 0.528879 0.143604 0.110797 0.353754 0.301671 0.336096 0.237614 -0.043822 -0.140571 -0.073237 -0.402045 -0.437563 -0.033013 0.074779 -0.087182 0.209256 0.075642 0.135448 0.104825 0.031362 -0.169666 0.157502 0.184817 -0.119141 -0.225913 0.172174 0.075522 -0.041956
-0.389386 -0.372051 0.187581 -0.059582 0.142136 0.073298 -0.107757 -0.414181 0.343010 -0.346806 -0.145500 -0.521526 0.099836 -0.401656 0.517930 -0.342371 -0.268009 -0.235880 -0.216281 -0.057745 0.382730 0.417757 0.550995 0.261784 1.000000 0.721257 0.256556 0.567936 -0.141687 -0.474831 0.588349 0.459331 -0.115887 -0.087455 0.413268 0.432045 -0.032216 0.209425 0.092990 0.282547 0.304211 0.173197 0.281306 0.217896 -0.142222 0.015137 0.060845 0.146194 0.127418 -0.199961 0.345272 -0.127635 -0.213837 -0.199245 0.045517 0.191754 -0.165301 0.064371 -0.115833 -0.262903 -0.486875 -0.565314 -0.446239 -0.363419 -0.032050 -0.222241 0.119046 0.262237 0.108382 0.046279 0.198263 0.135564 -0.193744 -0.261256 -0.079572 -0.157173 -0.086478 -0.070008 -0.035206 0.206753 -0.316497 -0.160630 0.119690 -0.260251 0.306049 -0.051948 0.344947 0.336700 0.058187 -0.150313 -0.287603 -0.027991 -0.145641 0.393509 0.401021 0.139129 0.123819 0.168797 -0.172686 -0.131929 -0.250508 -0.047422 -0.169053 0.116575 0.058121 0.292207 -0.146386 0.026120 0.063115 0.174851 0.399909 -0.244447 -0.211494 0.229837 0.176587 0.211161
-0.505769 -0.401539 0.094987 0.036682 0.114420 0.283984 -0.211013 -0.424823 0.249981 -0.270265 -0.182848 -0.575356 -0.229565 -0.637170 0.316541 -0.271258 -0.317237 -0.312867 -0.239330 -0.036332 0.505140 0.501787 0.513892 0.479118 0.721257 1.000000 0.429365 0.757786 -0.325144 -0.618390 0.668356 0.613875 -0.179903 -0.101883 0.370917 0.390399 -0.247991 0.164753 0.223038 0.432560 0.276824 0.138922 0.298410 0.207798 -0.161938 0.016095 0.124471 0.174379 -0.058133 -0.218054 0.340616 -0.147582 -0.285734 -0.108592 -0.016162 0.220162 -0.096764 0.147428 -0.240635 -0.291325 -0.579334 -0.572642 -0.465375 -0.395139 0.145427 -0.205670 -0.022431 0.168978 0.179705 0.023468 0.215500 0.332624 -0.500934 -0.266964 -0.214350 -0.232861 -0.311551 0.126223 -0.088765 0.095534 -0.489557 -0.324243 0.322131 -0.064974 0.448640 0.073325 0.375668 0.349312 0.218098 0.147835 -0.181136 0.109014 -0.156496 0.326117 0.462935 0.040957 0.172984 0.234128 -0.174668 -0.220349 -0.292031 -0.151160 -0.332444 0.013771 0.001588 0.172848 -0.358234 0.121914 -0.001072 0.342596 0.464439 -0.050738 -0.230914 0.079297 0.193918 0.060826
-0.074686 -0.066647 0.064002 0.280385 0.611100 0.659680 0.005806 -0.084265 0.329662 -0.135640 -0.058635 -0.328199 -0.135585 -0.408559 0.364069 -0.104511 -0.231225 -0.062692 -0.004773 0.265261 0.573811 0.303185 0.501578 0.347719 0.256556 0.429365 1.000000 0.684705 -0.453028 -0.385989 0.274086 0.303232 -0.225783 -0.171952 0.148997 0.247660 -0.461433 -0.225992 0.022446 0.199969 -0.086992 -0.116864 -0.150195 -0.142600 -0.395454 -0.141484 -0.101731 -0.087931 -0.225310 -0.251070 0.197772 -0.331195 -0.220084 0.050450 -0.130813 -0.036647 -0.000764 0.088491 0.155506 -0.117263 -0.149327 -0.128085 -0.308571 -0.083953 0.374772 0.091539 -0.270675 -0.019642 0.229805 0.093448 -0.036063 0.040080 -0.497961 -0.235129 -0.181858 -0.161882 -0.164271 -0.041590 -0.195630 0.252173 -0.503000 -0.209076 0.107526 0.044632 0.385229 0.030131 -0.100160 -0.012118 0.437739 0.226342 -0.114972 0.128554 -0.023241 0.241922 0.168451 -0.166297 0.016609 0.134125 -0.112861 -0.212496 -0.128917 -0.072936 -0.165365 0.004990 0.092841 0.110171 0.070032 -0.035714 -0.200401 -0.017374 0.363505 0.025807 -0.090869 0.111707 -0.037670 -0.038574
-0.209245 -0.198407 -0.007620 -0.012127 0.246739 0.458513 -0.184278 -0.389125 0.198929 -0.390902 -0.139150 -0.566978 -0.265042 -0.571944 0.363871 -0.347375 -0.136842 -0.070227 -0.188910 0.155632 0.557966 0.355758 0.545046 0.306759 0.567936 0.757786 0.684705 1.000000 -0.337062 -0.471794 0.406044 0.297088 -0.212949 -0.284597 0.298236 0.229740 -0.262546 0.095739 0.308808 0.525941 0.234914 0.065787 0.189868 0.135515 -0.230764 -0.070526 0.150423 0.136283 -0.220257 -0.198736 0.335665 -0.224835 -0.183115 0.182312 0.063030 0.282259 0.065356 0.296336 -0.084021 -0.190781 -0.412047 -0.432868 -0.392123 -0.199347 0.066343 -0.279740 -0.255864 -0.071031 0.301656 0.114794 0.110769 0.021638 -0.501370 -0.291073 -0.254437 -0.296378 -0.379369 -0.105256 -0.004889 0.283252 -0.413349 -0.145097 0.242376 -0.166046 0.544341 0.128218 0.349719 0.311503 0.366384 0.253854 -0.232908 -0.001816 -0.306170 0.237023 0.456771 -0.083194 0.244006 0.295424 0.098742 -0.101272 -0.242121 -0.220687 -0.257855 -0.033334 -0.058927 0.063384 -0.224886 0.030572 -0.043106 0.085194 0.417518 -0.012811 -0.225662 0.106056 0.055163 0.021184
0.348363 0.068616 -0.298454 -0.357973 -0.453523 -0.551690 -0.336385 -0.190755 -0.363794 -0.113165 0.137772 0.037136 -0.120394 0.166784 -0.127914 -0.078864 0.623007 0.365224 0.281673 0.154837 -0.310055 -0.032880 -0.424971 -0.403058 -0.141687 -0.325144 -0.453028 -0.337062 1.000000 0.544198 -0.116766 -0.200812 0.227170 0.320228 -0.048282 -0.257629 0.615238 0.158046 -0.104365 -0.280698 0.205909 0.031676 -0.135195 0.001352 0.044276 -0.081183 -0.099374 -0.068719 -0.213433 -0.047911 -0.239779 0.005404 -0.055739 0.014316 -0.236455 -0.286979 0.464932 -0.072872 -0.173303 0.220204 0.228865 0.097728 0.466426 0.318809 -0.236859 -0.194929 0.191248 -0.152411 -0.071993 -0.169821 0.003531 -0.032162 0.674729 0.047000 0.315491 0.146099 0.338582 -0.020848 0.638090 0.056398 0.743716 0.575294 0.135379 0.191300 -0.126074 0.094075 0.023493 -0.041772 -0.393991 -0.289569 -0.057201 -0.256071 -0.163060 -0.365650 -0.145811 -0.101436 -0.169805 -0.188088 0.147731 0.385056 -0.010459 -0.074741 0.094424 0.121177 -0.221152 -0.274231 -0.065625 -0.116204 0.125016 -0.075938 -0.293058 -0.110954 -0.082991 -0.140217 -0.172542 -0.064308
0.388023 0.406407 -0.474021 -0.145398 -0.191814 -0.360397 -0.203220 0.276670 -0.261168 0.224533 0.004332 0.485399 -0.157549 0.467605 -0.281412 0.384032 0.593726 0.561647 -0.035842 -0.058238 -0.241784 -0.433955 -0.540920 -0.437911 -0.474831 -0.618390 -0.385989 -0.471794 0.544198 1.000000 -0.380443 -0.340911 0.080325 0.238601 -0.300318 -0.280001 0.487899 -0.041093 0.057741 -0.300396 0.032593 -0.004004 -0.273947 -0.057660 0.115191 -0.005771 -0.006929 -0.214288 -0.307043 0.077796 -0.257775 0.127262 0.075210 0.209833 -0.198251 -0.149479 0.335537 0.001587 -0.081848 0.236477 0.334954 0.514851 0.551310 0.520857 -0.302044 0.163563 -0.141838 -0.389008 -0.042589 -0.125482 0.120648 0.034697 0.665929 0.229447 0.413742 0.264820 0.376632 0.001973 0.473288 0.157269 0.688249 0.541885 -0.220049 0.243420 -0.210871 0.186063 -0.169661 -0.209367 -0.207602 -0.046570 -0.096220 -0.522690 0.106582 -0.497386 -0.389828 -0.155048 -0.186072 -0.228947 0.208999 0.251750 0.271858 -0.209222 0.116052 -0.194817 -0.352686 -0.234722 0.151754 -0.243395 -0.038074 -0.395815 -0.429345 -0.027979 0.130977 -0.192813 -0.181203 -0.090854
-0.459322 -0.470916 0.210869 0.354622 -0.000556 0.094681 -0.175556 -0.207437 0.387038 -0.054655 -0.087690 -0.459600 -0.113233 -0.426849 0.414242 -0.084891 -0.223659 -0.216165 -0.023571 0.007109 0.387921 0.381137 0.560733 0.598096 0.588349 0.668356 0.274086 0.406044 -0.116766 -0.380443 1.000000 0.828254 -0.105705 0.126012 0.346048 0.429425 -0.161067 -0.105449 0.123039 0.152464 0.196703 0.191059 0.023065 -0.043188 -0.188326 -0.131723 -0.025647 -0.116668 -0.117993 -0.280316 0.139119 -0.272103 -0.276456 -0.316415 -0.113075 -0.084698 -0.131373 -0.174057 -0.307686 -0.390484 -0.348298 -0.469116 -0.195518 -0.306228 0.266254 -0.130429 -0.026488 0.136695 0.141781 -0.003310 0.265102 0.354893 -0.181741 -0.202602 -0.069694 -0.098275 -0.053965 0.101413 -0.149160 0.087478 -0.352810 -0.225722 0.347650 0.166318 0.331635 0.081247 0.288300 0.206755 0.300415 -0.008238 -0.158012 0.067234 -0.098359 0.214438 0.218456 0.072531 -0.053504 0.092819 -0.396143 -0.249379 -0.324607 -0.109715 -0.330424 0.120845 -0.022210 0.160024 -0.272067 0.085429 -0.151136 0.251560 0.191795 -0.301628 -0.339458 0.107218 0.087464 -0.097162
-0.385948 -0.349549 0.269469 0.497555 0.077203 0.091987 -0.118635 -0.003654 0.447262 0.217797 -0.027133 -0.290895 -0.105471 -0.355754 0.369422 0.084071 -0.337695 -0.299661 -0.057930 0.031701 0.505745 0.333326 0.597794 0.741976 0.459331 0.613875 0.303232 0.297088 -0.200812 -0.340911 0.828254 1.000000 -0.290707 0.162385 0.224480 0.376865 -0.287247 -0.232407 0.040307 -0.056693 0.056917 0.101594 -0.138526 -0.129021 -0.280586 -0.232275 -0.199831 -0.191019 -0.218166 -0.398343 0.008195 -0.348958 -0.285016 -0.424820 -0.215329 -0.252701 -0.183287 -0.225924 -0.312387 -0.312194 -0.348828 -0.314042 -0.231663 -0.282098 0.435147 0.085950 -0.098304 0.094238 0.000592 -0.162780 0.253455 0.421113 -0.297231 -0.183165 -0.090453 0.024469 -0.025820 0.304079 -0.272172 -0.066213 -0.462359 -0.405150 0.501110 0.365562 0.322622 -0.015998 0.212705 0.282607 0.379636 0.109822 -0.055408 0.227101 0.192415 0.243189 0.205023 0.146100 -0.181800 -0.003716 -0.473033 -0.381539 -0.180771 0.000598 -0.150540 0.140861 -0.088627 0.112872 -0.120720 -0.068975 -0.126550 0.280645 0.227851 -0.275166 -0.128986 0.078674 0.116912 -0.045557
-0.100799 -0.013556 0.004250 -0.253136 -0.292959 -0.317103 0.019778 -0.353480 -0.152057 -0.163331 -0.329765 -0.198720 0.055540 -0.078984 -0.199530 -0.427007 0.176890 0.285337 0.290750 0.309088 -0.337894 -0.323534 -0.280802 -0.390885 -0.115887 -0.179903 -0.225783 -0.212949 0.227170 0.080325 -0.105705 -0.290707 1.000000 0.542140 -0.132047 -0.287777 0.281320 0.208222 0.177091 0.054082 0.083009 -0.149493 0.245729 0.174102 0.174783 0.074605 0.350912 0.075174 0.094831 0.279607 0.047776 0.074976 -0.019129 0.095906 -0.034723 0.115482 0.220291 0.331635 -0.086221 -0.097535 0.068359 -0.091617 0.155455 0.070428 -0.068951 -0.326564 0.428831 0.039456 0.342409 0.375671 -0.098511 -0.231771 0.336211 0.074230 0.066487 -0.224502 0.178908 0.008638 0.127135 0.160246 0.319046 0.456461 -0.309507 -0.376429 -0.125531 0.028388 -0.030360 -0.279453 -0.423895 -0.446339 -0.249438 -0.371182 -0.476173 -0.364794 -0.241085 -0.114517 0.142355 0.067198 0.093284 0.039194 -0.209697 -0.200659 -0.101487 0.090739 0.154980 0.100955 -0.234070 0.171555 -0.105931 0.009154 -0.109946 -0.022796 0.013156 -0.027180 -0.042750 0.029196
-0.081383 -0.117925 -0.091552 0.025789 -0.079663 -0.357367 -0.047486 -0.113133 0.191335 0.226057 -0.321302 -0.040728 -0.158857 -0.008233 -0.122215 -0.046355 0.185154 0.265714 0.222225 0.245844 -0.120788 -0.146840 -0.083287 -0.074061 -0.087455 -0.101883 -0.171952 -0.284597 0.320228 0.238601 0.126012 0.162385 0.542140 1.000000 -0.181272 -0.161975 0.151671 -0.025125 0.001708 -0.236067 -0.112020 -0.233872 -0.000122 0.001655 -0.026076 -0.094241 0.069223 -0.156804 -0.203203 0.003608 -0.116206 -0.081735 -0.195998 -0.223102 -0.325451 -0.219549 0.271192 0.138866 -0.217959 -0.141389 0.095826 0.018102 0.258882 0.155167 0.125124 0.090716 0.260263 -0.060509 0.254985 0.189838 0.024888 -0.020891 0.354902 0.002300 0.147795 -0.054772 0.320742 0.054685 0.233713 0.162787 0.256906 0.410304 -0.156699 0.000444 -0.049397 0.036641 -0.109983 -0.316830 -0.230372 -0.426484 -0.274021 -0.342545 -0.071903 -0.386479 -0.315150 -0.113361 -0.023390 -0.182239 -0.073019 -0.011190 -0.067691 -0.207870 -0.100298 0.051591 -0.071675 0.033588 -0.165728 0.055307 -0.145316 -0.013237 -0.153856 -0.154154 0.019053 -0.105306 -0.013531 0.031027
-0.183594 -0.270421 0.070228 -0.094503 0.182765 0.160519 -0.002292 -0.213686 0.087473 -0.271327 -0.202974 -0.265000 0.058215 -0.158342 0.210435 -0.142497 -0.159344 -0.103166 -0.004606 -0.170947 0.235835 0.468017 0.117499 0.134019 0.413268 0.370917 0.148997 0.298236 -0.048282 -0.300318 0.346048 0.224480 -0.132047 -0.181272 1.000000 0.472438 -0.132706 0.187740 -0.031783 0.089768 -0.040059 0.170586 0.165108 0.189605 0.060514 0.175933 0.059950 0.215872 0.148293 0.027201 0.211884 -0.059845 -0.009344 -0.126422 0.087623 0.203137 -0.179781 -0.098487 -0.054317 0.075461 -0.246998 -0.320357 -0.259525 -0.318884 -0.082747 -0.164117 0.171190 0.412296 0.013258 -0.076632 0.303540 0.163839 -0.189609 -0.076139 -0.062542 -0.278061 -0.074111 0.087735 -0.046971 0.053787 -0.291062 -0.288122 -0.060914 -0.117157 -0.136348 -0.274904 -0.081510 -0.010185 0.059399 -0.038764 0.123407 0.126908 -0.167023 0.330182 0.178914 0.244085 0.130979 0.305970 -0.002969 -0.093449 -0.375051 0.006165 -0.165480 0.019702 -0.064272 -0.108014 -0.077397 -0.085654 -0.120645 0.261529 0.442387 -0.086139 -0.105194 0.152555 -0.070567 -0.097010
-0.316045 -0.399759 0.203950 0.178736 0.396966 0.354116 0.127829 -0.005718 0.130052 0.029446 -0.130554 -0.051933 0.150119 0.002429 0.043319 0.168530 -0.178848 -0.290115 -0.201877 -0.492615 0.239681 0.339165 0.186165 0.293242 0.432045 0.390399 0.247660 0.229740 -0.257629 -0.280001 0.429425 0.376865 -0.287777 -0.161975 0.472438 1.000000 0.000850 -0.082125 -0.215832 -0.158353 0.226363 0.179477 -0.059474 -0.097823 -0.122456 0.136964 -0.291276 -0.085997 0.089744 -0.323826 -0.123947 -0.316560 -0.328760 -0.470550 0.006048 -0.076032 -0.263878 -0.497960 0.253046 -0.046748 -0.009907 -0.197815 -0.096790 -0.261326 0.157054 0.229841 0.198608 0.544133 -0.162095 -0.251800 0.144583 0.470829 -0.083268 -0.151180 -0.036255 -0.125958 0.025628 0.140135 -0.076502 0.028056 -0.247486 -0.355045 -0.111162 -0.033414 -0.182884 -0.287084 -0.191321 0.093975 0.122231 0.061476 0.025476 0.234294 0.182886 0.440334 0.177305 0.181151 -0.140016 0.071663 -0.413543 -0.261990 -0.132050 0.212647 -0.029080 0.283129 0.112585 0.182246 0.145207 0.139992 -0.157900 0.276480 0.515637 -0.300264 -0.074579 0.049038 0.032130 -0.056999
