1.000000 0.325777 -0.155979 -0.354303 -0.240636 -0.430706 0.007784 -0.262411 0.122423 -0.115548 0.593411 0.098639 0.123344 -0.043389 0.207807 -0.231315 -0.195391 -0.034345 -0.038868 0.010667 -0.163056 -0.293971 0.014441 -0.306803 -0.120892 -0.350697 -0.379108 -0.325480 0.126360 0.060612 -0.153805 -0.205356 -0.057487 0.158521 -0.034016 -0.056912 -0.137713 -0.175222 -0.054215 -0.197495 0.010529 -0.024971 -0.063506 -0.182539 -0.054290 -0.290135 0.033499 -0.182758 -0.049148 -0.252684 0.130450 -0.026933 0.255473 0.064712 0.040049 -0.040844 0.460884 0.260551 0.347288 0.054960 0.363077 0.125903 -0.193581 0.095815 0.174771 0.058991 -0.061013 -0.265084 0.305269 0.069171 0.069815 -0.485994 -0.078462 -0.079382 -0.091451 -0.040062 0.093030 0.071014 -0.002391 0.289514 0.004085 0.079122 0.258800 -0.099665 0.076495 -0.088281 0.176484 0.045605 0.158619 -0.101977 -0.085197 -0.174705 -0.232288 0.132884 -0.121907 -0.221855 0.107334 0.144801 0.098944 0.075311 -0.045549 0.284706 -0.090268 -0.031251 -0.085239 0.303442 0.160513 0.249891 -0.057389 0.007094 0.004600 0.148324 0.275426 0.243775 0.355213 -0.199492
0.325777 1.000000 -0.533271 -0.121084 -0.593967 -0.291444 -0.246620 -0.190388 -0.357303 -0.529918 0.251032 0.183617 0.244012 0.213629 0.156254 0.166058 0.000111 0.051154 -0.362097 -0.021584 -0.152326 -0.261325 0.151690 0.030243 -0.020787 -0.098760 -0.264374 -0.050253 0.171709 0.089668 -0.052936 -0.055251 -0.021907 0.001920 -0.400797 -0.410875 0.102954 0.133409 -0.042493 0.064738 -0.070709 0.253390 0.032347 0.012916 -0.375154 -0.351693 0.098394 -0.199717 0.075490 0.080544 0.075958 0.224490 0.259369 0.251922 0.210792 0.167536 0.104474 0.471113 0.055702 0.163805 0.036801 0.248305 0.033561 0.267838 -0.219635 -0.148160 -0.161034 -0.391754 0.038330 0.184326 -0.014423 -0.299805 0.042239 0.182373 0.070727 0.113444 0.078398 0.109558 0.063474 0.210259 -0.040466 0.037165 0.320633 0.385591 -0.038068 -0.011292 -0.010115 0.246196 0.010697 0.144055 0.070987 -0.336824 -0.103004 -0.373490 -0.337919 -0.186127 -0.098296 0.020151 0.113633 -0.005524 -0.023377 -0.097189 -0.061671 -0.160887 -0.010981 0.219392 -0.060618 0.098786 -0.046643 0.202944 -0.215007 0.139892 0.181263 0.130239 0.173796 0.010676
-0.155979 -0.533271 1.000000 0.212749 0.596240 0.448216 0.294094 0.229503 0.468200 0.514524 -0.049490 -0.039491 -0.298484 -0.354400 -0.117470 -0.215418 -0.142483 -0.032367 0.505523 0.106141 0.135244 0.183042 0.203202 0.249392 0.139943 0.138909 0.286959 0.156378 -0.108425 -0.111657 0.367141 0.271151 -0.040035 0.133106 0.417815 0.423029 -0.159030 -0.077698 0.113822 -0.052158 -0.036039 -0.334037 -0.111681 -0.280757 0.136677 0.093638 -0.373563 -0.222402 -0.347786 -0.388583 -0.112821 -0.328604 -0.400272 -0.438383 -0.115822 -0.383701 -0.233517 -0.225732 -0.142453 -0.284723 -0.051442 -0.286188 -0.190562 -0.285416 0.457313 0.242316 0.164717 0.379302 -0.098721 0.029188 -0.013239 0.151094 -0.236177 -0.268169 -0.013492 -0.134517 -0.002093 0.050193 0.066449 0.196186 -0.153356 -0.236606 -0.090143 -0.248277 0.300758 0.058263 0.191418 -0.186701 0.291062 -0.086158 -0.134909 0.311101 0.240356 0.506475 0.094151 0.097501 -0.100246 -0.249343 -0.431838 -0.144374 -0.201179 0.091223 -0.136998 0.035596 -0.129989 -0.031680 0.125348 -0.076201 0.074724 0.156873 0.094931 -0.147899 -0.292173 -0.152948 -0.107945 -0.026852
-0.354303 -0.121084 0.212749 1.000000 0.053371 0.247164 0.336419 0.633227 0.133047 0.406763 0.000812 -0.130494 0.067020 -0.171405 0.221166 0.199315 -0.209777 -0.439740 0.015847 0.110109 0.068554 -0.048546 0.284580 0.512288 -0.172068 0.050574 -0.057788 -0.014499 -0.246870 -0.160383 -0.081355 0.065389 -0.183697 -0.310736 0.154016 0.163643 -0.170610 -0.066739 -0.138625 -0.046955 -0.048051 -0.239160 -0.050458 -0.153213 -0.184829 0.159594 -0.128043 -0.240425 0.004856 0.039253 0.031190 0.077176 -0.035053 0.073310 -0.139757 -0.084994 -0.469470 -0.189281 -0.133513 -0.110747 -0.100856 -0.055449 -0.334517 -0.216564 0.211739 0.355600 -0.278211 -0.041054 -0.205202 -0.097963 -0.003492 0.027648 -0.334098 -0.160433 -0.089772 -0.163485 -0.220362 -0.140442 0.009095 0.024751 -0.337026 -0.408175 0.170929 0.085229 0.112046 0.064836 0.131620 0.023537 0.196233 0.196323 0.122093 0.215597 0.471733 0.079512 -0.112970 0.026827 -0.375244 -0.270289 -0.240815 -0.107451 0.084526 -0.055972 -0.059650 0.022375 -0.053567 -0.165476 -0.083649 -0.168113 0.000965 0.011286 -0.437504 0.061729 0.068382 0.198736 -0.016466 -0.051948
-0.240636 -0.593967 0.596240 0.053371 1.000000 0.450492 0.262233 0.064024 0.541529 0.501019 -0.045660 -0.075943 -0.262963 -0.357500 0.037310 -0.067226 -0.071295 -0.143085 0.358478 -0.102068 0.213380 0.120322 0.017005 0.008526 0.161553 0.175568 0.545979 0.236339 -0.114236 -0.127233 0.294380 0.155191 -0.064326 -0.055644 0.366267 0.255667 -0.181110 -0.130719 -0.013581 -0.231793 0.106164 -0.200021 0.018703 0.027942 0.471324 0.418698 0.014963 0.009831 -0.072122 -0.032852 0.119424 -0.274295 -0.357712 -0.326914 -0.269099 -0.300107 -0.166086 -0.181329 -0.183052 -0.307762 0.015256 -0.332040 -0.133553 -0.275440 0.357698 0.088689 0.074446 0.384839 -0.054611 -0.091015 -0.036596 0.078684 -0.138557 -0.248704 -0.120495 -0.119477 -0.040450 -0.126232 -0.041220 0.038498 -0.028769 -0.069263 -0.147296 -0.255002 0.204588 0.077021 -0.082804 -0.316668 0.072637 -0.193314 -0.130443 0.257302 0.118355 0.373472 0.112564 -0.032278 0.009933 -0.308941 -0.289549 -0.111324 -0.161672 -0.045225 -0.274851 0.051292 -0.035452 -0.115895 0.062479 -0.176377 0.012222 0.009154 0.134309 -0.069195 -0.212875 -0.027414 -0.117715 0.021332
-0.430706 -0.291444 0.448216 0.247164 0.450492 1.000000 -0.153873 0.034984 0.027661 0.270753 -0.187651 -0.085469 -0.388414 -0.343313 -0.298151 0.003976 -0.080910 -0.050839 0.052963 0.051588 0.407843 0.535103 0.349909 0.450841 0.480310 0.641638 0.618012 0.740872 -0.267513 -0.318651 0.568776 0.564617 0.036088 0.197951 0.455649 0.408799 -0.006659 0.178929 0.342976 0.044490 0.075852 -0.099930 0.088186 -0.060914 0.237451 0.337923 -0.246111 -0.041225 -0.195352 -0.267264 -0.098283 -0.429595 -0.498988 -0.490385 0.008417 -0.417484 -0.190985 0.086446 -0.374452 -0.443289 -0.396076 -0.445126 -0.325994 -0.410691 0.261566 0.184765 -0.055532 0.403297 -0.291207 0.080188 0.084536 0.306604 -0.365409 -0.051138 0.158625 0.161565 0.227164 0.375124 0.030646 -0.006110 -0.220322 -0.332776 -0.218736 -0.005510 0.165821 0.152510 0.172295 0.219967 0.083200 0.053858 -0.064136 0.067929 0.413777 0.224050 0.034990 0.261067 0.128773 -0.229216 -0.522627 -0.196170 -0.118394 -0.304825 -0.266513 -0.166197 -0.232870 -0.187159 -0.130328 -0.183647 -0.024920 0.077405 0.217057 0.059002 -0.322747 -0.342989 -0.258112 -0.037965
0.007784 -0.246620 0.294094 0.336419 0.262233 -0.153873 1.000000 0.631902 0.494203 0.538410 0.246529 0.163967 0.543781 0.166973 0.389627 0.154017 0.013511 -0.045155 0.125573 0.018688 -0.079777 -0.455285 -0.253353 -0.209117 -0.526038 -0.582156 -0.266603 -0.468353 0.100621 0.350214 -0.293967 -0.415764 -0.153165 -0.420297 -0.120608 -0.169141 -0.306843 -0.446152 -0.586819 -0.493976 0.146128 -0.365120 -0.189563 -0.194713 -0.096095 -0.082667 0.020208 -0.466077 0.207147 0.134809 0.221721 0.274951 0.342596 0.270910 -0.173482 0.016002 -0.386806 -0.405597 0.205691 0.003576 0.426349 0.309928 0.064561 0.269196 0.064367 0.263679 -0.199447 -0.218672 -0.181585 -0.286872 0.114428 -0.102671 0.223327 -0.086152 -0.112456 -0.162427 -0.271922 -0.409432 0.053811 -0.032847 -0.093786 -0.036133 0.047834 -0.198884 -0.109063 -0.120312 -0.089899 -0.248397 -0.010222 -0.079004 0.203289 0.220668 0.187237 0.275970 -0.244005 -0.471830 -0.376733 -0.572052 0.115929 -0.130507 0.183707 0.459416 0.181141 0.063539 0.096693 -0.038574 0.017685 -0.065889 -0.042737 -0.207356 -0.572572 -0.121333 0.141722 0.314196 0.092993 -0.084695
-0.262411 -0.190388 0.229503 0.633227 0.064024 0.034984 0.631902 1.000000 0.190072 0.509124 0.051284 0.348285 0.422519 0.291041 0.106157 0.173576 -0.123525 -0.093443 -0.162007 0.046571 -0.132408 -0.147002 -0.239676 -0.001516 -0.596127 -0.400963 -0.342527 -0.400603 -0.319535 0.068742 -0.227552 -0.193085 -0.147009 -0.245676 0.063192 0.097218 -0.302159 -0.150658 -0.457621 -0.283947 -0.133673 -0.272816 -0.131702 -0.237863 -0.090418 0.118795 -0.103515 -0.274747 0.086284 0.126888 -0.047690 0.168268 0.077979 0.086140 -0.210973 -0.044471 -0.464812 -0.402551 0.081074 0.152016 0.185326 0.495854 -0.066537 0.293596 -0.060278 0.584419 -0.095629 0.047940 -0.385092 -0.111669 0.047323 0.034857 -0.078661 -0.121081 -0.201372 -0.077524 -0.233938 -0.128786 -0.206517 -0.185907 -0.252004 -0.330136 -0.215947 -0.280405 -0.209196 -0.052269 -0.135658 -0.105805 -0.079169 0.049972 0.192259 0.119576 0.388766 -0.046238 -0.158373 -0.216910 -0.301634 -0.473754 0.015945 -0.220301 0.332453 0.213035 0.212604 -0.052833 0.047530 -0.225587 -0.247024 -0.140132 0.006100 -0.044640 -0.415622 -0.088229 0.036254 0.146537 -0.089965 -0.174972
0.122423 -0.357303 0.468200 0.133047 0.541529 0.027661 0.494203 0.190072 1.000000 0.706631 0.393120 0.161079 0.036223 -0.301027 0.469076 0.147308 -0.055654 -0.092870 0.271292 -0.020577 -0.078076 -0.249165 -0.079526 -0.071684 -0.199464 -0.288476 0.019192 -0.294509 -0.000166 0.112138 -0.159696 -0.216868 -0.270107 -0.171561 0.129791 0.114778 -0.146335 -0.186578 -0.226503 -0.272259 0.205943 -0.122392 -0.015334 -0.260217 0.132082 0.009705 -0.068925 -0.371508 -0.070831 -0.243401 0.205547 -0.052304 -0.084939 -0.109112 -0.457982 -0.269835 -0.247963 -0.187073 -0.075318 -0.372903 0.446353 -0.035539 -0.276810 -0.147412 0.630758 0.339735 -0.226162 -0.088540 0.111469 -0.146381 -0.065327 -0.185743 -0.025120 -0.186831 -0.053939 -0.028753 -0.028554 -0.215972 0.225543 0.354395 0.011304 0.048115 0.128501 -0.113514 0.339789 -0.017706 0.084628 -0.060692 0.310618 -0.135614 0.084356 0.380472 0.243965 0.547795 -0.205835 -0.165470 -0.254311 -0.211381 -0.219498 -0.153789 -0.140490 0.103429 -0.234949 -0.002962 0.057727 0.177202 0.204588 -0.159439 -0.041542 -0.048419 -0.181272 -0.132865 0.098582 0.224496 0.170680 0.020047
-0.115548 -0.529918 0.514524 0.406763 0.501019 0.270753 0.538410 0.509124 0.706631 1.000000 0.289899 0.253267 -0.043501 -0.279098 0.156139 0.086912 -0.117634 -0.033793 0.207980 0.102629 -0.045299 -0.025163 -0.096376 0.117714 -0.301503 -0.189664 0.025611 -0.139278 -0.140266 -0.010117 -0.046796 0.015142 -0.127226 -0.111452 0.227355 0.210919 -0.158823 -0.159999 -0.115336 -0.319711 0.188345 -0.356764 -0.150889 -0.343512 0.155744 0.190363 -0.157489 -0.299125 -0.168108 -0.310806 0.052565 -0.199267 -0.266367 -0.242400 -0.449945 -0.353684 -0.317456 -0.210002 -0.278536 -0.431664 0.164047 -0.034677 -0.319508 -0.092207 0.527261 0.483638 -0.260863 0.100351 -0.153570 -0.151627 -0.076836 -0.070962 -0.149749 -0.313961 -0.146286 -0.097111 -0.059746 -0.188578 0.105613 0.286915 -0.023894 -0.095335 -0.038451 -0.122934 0.291704 0.187963 0.145615 0.078679 0.242720 -0.070916 0.055906 0.383205 0.521030 0.463530 0.053073 -0.034714 -0.106126 -0.287428 -0.211846 -0.102301 -0.095520 -0.042012 -0.261852 -0.147362 -0.092460 0.002535 -0.009209 -0.198781 0.077147 -0.086023 -0.120460 0.070153 0.016020 0.137602 0.120939 0.020907
0.593411 0.251032 -0.049490 0.000812 -0.045660 -0.187651 0.246529 0.051284 0.393120 0.289899 1.000000 0.284311 0.323667 -0.011079 0.515974 0.182188 -0.180913 0.012848 -0.145367 -0.026176 -0.257882 -0.376639 0.048875 -0.137237 -0.195903 -0.314398 -0.332965 -0.318109 -0.002789 0.137404 -0.183112 -0.217742 -0.212631 -0.083805 -0.081690 -0.057536 -0.301532 -0.200825 -0.235296 -0.403632 0.121068 -0.141025 -0.026379 -0.139068 -0.118782 -0.194279 0.017145 -0.431310 0.124364 -0.239972 0.293748 0.102986 0.279964 0.088631 -0.132551 -0.151668 0.005017 0.128323 0.200151 -0.134992 0.601788 0.227564 -0.318151 0.078805 0.361851 0.317965 -0.461477 -0.368434 -0.084312 -0.042343 -0.171752 -0.433147 -0.172717 -0.003866 0.011686 0.153301 0.132099 0.035336 -0.045594 0.336874 -0.238238 -0.116642 0.335560 -0.033236 0.135051 -0.110063 -0.039485 0.116472 0.130404 0.010129 0.128928 0.011128 0.091695 0.194109 -0.236139 -0.216342 -0.018504 -0.200144 -0.076126 -0.061605 -0.055664 0.103904 -0.221961 -0.287247 0.035156 0.113141 0.159682 0.070314 -0.060911 0.070012 -0.256374 0.081547 0.345674 0.144413 0.392292 -0.025452
0.098639 0.183617 -0.039491 -0.130494 -0.075943 -0.085469 0.163967 0.348285 0.161079 0.253267 0.284311 1.000000 0.317540 0.323836 -0.011194 0.236741 -0.036063 0.264056 -0.311272 -0.059639 -0.070034 -0.046152 -0.378796 -0.273927 -0.373818 -0.327187 -0.251090 -0.237541 -0.227046 0.115080 -0.166594 -0.092348 -0.132531 0.007209 -0.214284 -0.156023 -0.048589 0.048382 -0.135802 -0.191117 0.159472 0.105818 -0.073801 -0.135180 -0.049047 -0.049367 -0.014716 -0.196461 0.018213 -0.085827 0.035529 -0.016784 0.016309 -0.119731 -0.057100 -0.105383 -0.145540 -0.042501 -0.062000 -0.006249 0.334989 0.502349 0.042642 0.506342 -0.085377 0.403276 -0.033720 0.016275 -0.331523 -0.053733 -0.209727 -0.243106 -0.063256 -0.062403 -0.028766 0.198981 0.053548 0.050311 -0.164106 0.111106 0.003714 -0.107883 -0.276428 -0.023266 -0.102554 0.237281 -0.160121 0.143723 -0.036095 0.093466 -0.004902 -0.130304 0.279474 -0.199093 -0.094560 -0.189943 0.137220 -0.075571 0.102512 -0.091633 0.090784 -0.130152 -0.076861 -0.319150 -0.129425 0.110776 -0.144042 -0.314738 -0.094159 0.045997 -0.011706 -0.096275 0.028942 -0.077861 0.118585 -0.188432
0.123344 0.244012 -0.298484 0.067020 -0.262963 -0.388414 0.543781 0.422519 0.036223 -0.043501 0.323667 0.317540 1.000000 0.727712 0.477244 0.464276 0.083346 0.212434 -0.373469 -0.114531 -0.334475 -0.493470 -0.329443 -0.446480 -0.557550 -0.592376 -0.548748 -0.555221 -0.076010 0.573881 -0.442282 -0.526403 -0.238892 -0.206788 -0.529685 -0.261212 -0.099910 -0.109913 -0.567270 -0.300998 0.062918 0.027201 -0.016149 0.065498 -0.312117 -0.278091 0.151123 -0.225408 0.539537 0.347923 0.242823 0.465862 0.676012 0.461432 -0.029109 0.235356 -0.236164 -0.190704 0.434907 0.241468 0.492508 0.611675 0.166124 0.409208 -0.462619 0.107184 -0.268937 -0.476890 -0.280566 -0.198568 0.123827 -0.072418 0.344696 0.268140 0.082444 0.271404 -0.023495 -0.058455 -0.056595 -0.136945 -0.033551 0.072631 -0.092382 -0.167493 -0.560364 -0.469618 -0.421148 -0.232997 -0.404610 -0.063087 0.319380 -0.008370 -0.028455 -0.250230 -0.475190 -0.521951 -0.185212 -0.360483 0.387636 0.044114 0.406353 0.370357 0.272461 -0.088107 0.194025 -0.082151 -0.070692 -0.034827 -0.211045 -0.011702 -0.451779 0.011410 0.292173 0.189608 -0.007185 -0.133145
-0.043389 0.213629 -0.354400 -0.171405 -0.357500 -0.343313 0.166973 0.291041 -0.301027 -0.279098 -0.011079 0.323836 0.727712 1.000000 0.006094 0.425830 0.062509 0.435930 -0.395431 0.018243 -0.307530 -0.173453 -0.493106 -0.482007 -0.424148 -0.377365 -0.386606 -0.345379 -0.132708 0.406102 -0.265843 -0.261657 0.000241 0.086529 -0.485607 -0.150275 0.005215 0.075539 -0.401705 -0.061507 -0.198014 0.102997 -0.125713 0.030053 -0.267996 -0.286590 -0.024811 0.057574 0.276115 0.298070 -0.183571 0.276403 0.407362 0.226256 0.084306 0.246277 0.014064 -0.135545 0.292306 0.457221 0.245711 0.682057 0.391971 0.504089 -0.738068 -0.086981 0.118242 -0.183970 -0.169223 0.065816 0.080862 0.181381 0.381553 0.343128 0.117134 0.276882 0.020979 0.067199 -0.147788 -0.325453 0.062032 0.075696 -0.391414 -0.172572 -0.665212 -0.398634 -0.519033 -0.309852 -0.517308 0.056227 0.120593 -0.167461 -0.135040 -0.428313 -0.200030 -0.259564 -0.010758 -0.127592 0.474491 0.097046 0.453396 0.288266 0.356767 -0.082125 0.254829 -0.220656 -0.149116 0.033622 -0.090200 0.129632 -0.148522 -0.030554 0.059944 -0.001565 -0.193301 -0.071735
0.207807 0.156254 -0.117470 0.221166 0.037310 -0.298151 0.389627 0.106157 0.469076 0.156139 0.515974 -0.011194 0.477244 0.006094 1.000000 0.466641 -0.063734 -0.233149 -0.028008 -0.286130 -0.324380 -0.680926 0.094773 -0.116348 -0.198850 -0.298834 -0.261299 -0.412125 0.160487 0.324148 -0.491597 -0.579288 -0.305442 -0.541923 -0.365552 -0.318922 -0.062979 -0.097692 -0.356576 -0.225028 0.190222 0.054536 0.319074 0.153340 -0.256368 -0.191283 0.371933 -0.311023 0.544988 0.335710 0.665087 0.617074 0.591632 0.618515 -0.134384 0.220945 -0.366250 -0.246273 0.282030 -0.108899 0.525599 0.124387 -0.294449 -0.189212 0.141211 0.083513 -0.556548 -0.672842 0.039536 -0.332344 -0.026365 -0.262118 0.051427 0.094905 0.023295 0.099317 -0.107618 -0.316104 0.087473 0.176710 -0.123183 0.034309 0.547365 0.193349 -0.010601 -0.396471 -0.239987 -0.125878 -0.078968 -0.083137 0.417591 0.181497 0.078814 0.055939 -0.502621 -0.437621 -0.319189 -0.196285 -0.010713 -0.017271 0.009634 0.116771 -0.107640 -0.056837 0.087800 0.061219 0.251081 -0.028375 -0.296065 -0.163073 -0.555849 0.094844 0.591071 0.328831 0.280501 0.053885
-0.231315 0.166058 -0.215418 0.199315 -0.067226 0.003976 0.154017 0.173576 0.147308 0.086912 0.182188 0.236741 0.464276 0.425830 0.466641 1.000000 0.081202 0.163156 -0.155269 0.066091 -0.077120 -0.221381 -0.097249 -0.003617 -0.140030 -0.106995 -0.063303 -0.126045 -0.001413 0.179457 -0.133959 -0.158975 -0.204378 -0.258085 -0.551953 -0.261804 0.080399 0.045028 -0.229416 -0.097826 0.092958 0.282508 -0.074855 -0.077020 -0.468245 -0.349044 -0.082845 -0.267934 0.150262 0.095464 0.001598 0.200293 0.280412 0.259969 -0.171790 0.010744 -0.242129 -0.019738 -0.092228 0.010953 0.316298 0.353134 0.053982 0.106225 -0.165734 0.019448 -0.382291 -0.435618 -0.051689 -0.013252 0.045605 0.125826 0.121415 0.347566 0.247181 0.387772 -0.030849 -0.019751 0.121124 0.025324 -0.083088 -0.049289 0.106964 0.396690 -0.267030 -0.386122 -0.276733 0.017116 -0.139841 0.275513 0.333573 0.064107 0.409319 -0.081131 -0.365899 -0.217886 -0.168695 -0.268709 0.059247 -0.102514 0.128830 0.001935 0.054951 -0.050209 0.091177 -0.244167 -0.065339 -0.222143 -0.182544 0.069277 -0.366935 -0.011330 0.163560 -0.034753 -0.117270 0.032733
-0.195391 0.000111 -0.142483 -0.209777 -0.071295 -0.080910 0.013511 -0.123525 -0.055654 -0.117634 -0.180913 -0.036063 0.083346 0.062509 -0.063734 0.081202 1.000000 0.435660 -0.311933 -0.171326 0.027190 0.039628 -0.114399 -0.149709 -0.057154 0.014707 0.010111 -0.011135 0.339018 0.475152 -0.082595 -0.148035 -0.206438 -0.198369 -0.329941 -0.235470 0.358406 0.211694 0.007472 0.234184 0.374234 0.369243 0.154258 0.186074 0.040977 -0.052299 0.182621 0.124583 0.132477 0.192074 -0.024629 0.149061 0.071151 0.213118 -0.003552 0.212320 0.235377 0.086249 -0.237669 -0.144912 0.028251 0.000339 0.511740 0.216182 -0.138998 -0.354540 -0.342528 -0.324395 -0.323901 -0.366893 0.175454 0.187664 0.553233 0.469938 0.504448 0.353348 0.304183 0.150824 0.394735 -0.169152 0.201367 0.398277 -0.071852 0.021339 -0.049831 -0.148583 -0.207645 0.157933 -0.111988 -0.036206 0.172416 0.051808 -0.079979 -0.187936 -0.156457 -0.033696 -0.121546 -0.245848 0.273288 0.272454 -0.007997 -0.055179 0.011707 -0.109397 0.270104 -0.015911 -0.195271 -0.225657 -0.184772 -0.163112 -0.111001 0.148776 0.083745 -0.151485 -0.074079 0.135490
-0.034345 0.051154 -0.032367 -0.439740 -0.143085 -0.050839 -0.045155 -0.093443 -0.092870 -0.033793 0.012848 0.264056 0.212434 0.435930 -0.233149 0.163156 0.435660 1.000000 -0.267321 0.016806 -0.125457 0.076957 -0.204244 -0.196213 -0.088616 -0.020024 0.050618 0.005278 -0.003937 0.392667 0.216851 0.146375 -0.080120 0.169026 -0.304185 -0.107478 0.161177 0.303079 -0.043295 -0.059490 0.167773 0.127812 -0.062999 -0.099844 0.097837 -0.267596 -0.153876 0.003431 -0.049906 -0.118367 -0.221656 -0.127552 -0.059455 -0.174901 -0.058478 -0.122402 0.251247 0.198969 -0.225309 -0.067871 0.080123 0.250395 0.425796 0.322237 -0.174930 -0.144428 -0.066599 -0.087838 -0.341911 -0.090055 0.138770 0.235170 0.340040 0.357328 0.351045 0.449330 0.329762 0.364474 0.220285 0.095484 0.227683 0.341543 -0.289951 -0.051289 -0.192438 -0.248646 -0.201652 0.136557 -0.165848 -0.030939 0.030297 -0.110818 0.004969 -0.110511 -0.112828 -0.059018 0.239114 -0.209751 0.284046 0.205563 0.095632 0.014283 0.024381 -0.456195 0.093533 -0.141347 -0.310534 -0.219212 -0.198121 0.077917 0.189855 0.195003 -0.035057 -0.175740 -0.199184 0.022154
-0.038868 -0.362097 0.505523 0.015847 0.358478 0.052963 0.125573 -0.162007 0.271292 0.207980 -0.145367 -0.311272 -0.373469 -0.395431 -0.028008 -0.155269 -0.311933 -0.267321 1.000000 0.413585 0.206707 0.148216 0.040557 0.141930 0.129401 0.021740 0.195910 0.089350 0.136976 -0.372774 0.210591 0.170866 0.089511 0.068910 0.221771 0.107201 -0.202743 -0.350352 0.086761 -0.078456 -0.104899 -0.352930 -0.243926 -0.204353 -0.059993 -0.072441 -0.288716 -0.119554 -0.333328 -0.330613 -0.108883 -0.257511 -0.192317 -0.232509 -0.180769 -0.287708 -0.049436 -0.080059 -0.087959 -0.072333 -0.136289 -0.343642 -0.111393 -0.319706 0.344153 -0.039581 0.354763 0.322585 0.455657 0.277764 0.030752 0.027219 -0.243725 -0.366022 -0.236562 -0.368181 -0.278230 -0.288584 -0.051243 0.162063 -0.081476 -0.243993 0.213635 0.154358 0.223195 0.098295 0.339740 -0.186421 0.282719 0.012172 -0.113452 0.386385 0.098727 0.598480 0.308284 0.227234 0.040516 0.155076 -0.243745 -0.016798 -0.322173 0.302344 0.075622 0.366372 -0.079770 -0.022839 0.313584 0.170038 0.296887 0.135149 0.126234 -0.166792 -0.285806 0.045913 -0.065909 0.054801
0.010667 -0.021584 0.106141 0.110109 -0.102068 0.051588 0.018688 0.046571 -0.020577 0.102629 -0.026176 -0.059639 -0.114531 0.018243 -0.286130 0.066091 -0.171326 0.016806 0.413585 1.000000 0.152982 0.224102 -0.224397 0.181782 -0.127915 -0.083995 -0.099326 -0.021145 0.013392 -0.244298 0.178333 0.304497 0.286742 0.440552 0.098084 0.345470 -0.288150 -0.407272 -0.075854 -0.167459 -0.129716 -0.197113 -0.514077 -0.589186 -0.226210 -0.128274 -0.635974 -0.158190 -0.363933 -0.439564 -0.518251 -0.416487 -0.230027 -0.292624 -0.183428 -0.457055 0.105324 0.230865 -0.190468 -0.006121 -0.280943 -0.091348 -0.165769 -0.091264 0.041689 -0.010431 0.228551 0.231932 0.392907 0.716892 0.186847 0.204037 -0.176861 -0.039855 -0.057779 0.100116 -0.017663 0.111211 -0.142162 0.107384 -0.126074 -0.211081 -0.042069 0.152140 -0.162016 -0.023209 0.495751 0.069717 0.124819 0.056373 0.059867 0.367167 0.231065 0.234055 0.201911 0.304490 -0.017085 0.115920 -0.098480 -0.066949 -0.162705 0.355929 0.177171 0.179979 -0.145537 -0.229673 0.077910 0.142555 0.510980 0.341977 0.099786 -0.041678 -0.371023 -0.183440 -0.088177 0.108742
-0.163056 -0.152326 0.135244 0.068554 0.213380 0.407843 -0.079777 -0.132408 -0.078076 -0.045299 -0.257882 -0.070034 -0.334475 -0.307530 -0.324380 -0.077120 0.027190 -0.125457 0.206707 0.152982 1.000000 0.523253 0.139551 0.248038 0.297119 0.375780 0.443032 0.422269 -0.071412 -0.322137 0.395615 0.501229 0.003598 0.090928 0.204280 0.192308 -0.003028 -0.079676 0.306407 0.162666 0.319418 0.237133 -0.091331 -0.106120 0.128525 0.211575 -0.259654 -0.037310 -0.221814 -0.213755 -0.258270 -0.405968 -0.354068 -0.320003 -0.005753 -0.222727 0.249330 0.193093 -0.172960 -0.263184 -0.115673 -0.335091 0.009324 -0.124683 0.154117 0.056404 0.071871 0.236853 0.081163 0.003896 0.243152 0.168132 -0.132627 -0.007388 0.100284 -0.020777 -0.126078 0.128307 -0.033217 -0.032352 -0.096438 -0.205943 -0.083129 0.173010 0.100955 0.190053 0.260389 0.253803 0.207152 0.110310 -0.324173 -0.095718 0.143702 0.237581 0.040903 0.291415 0.000762 0.062421 -0.269198 -0.031455 -0.077371 -0.216071 0.002570 0.070153 0.070017 0.031200 -0.106403 -0.170311 -0.111050 0.038287 0.119877 -0.014821 -0.182459 -0.054917 -0.063692 0.012078
-0.293971 -0.261325 0.183042 -0.048546 0.120322 0.535103 -0.455285 -0.147002 -0.249165 -0.025163 -0.376639 -0.046152 -0.493470 -0.173453 -0.680926 -0.221381 0.039628 0.076957 0.148216 0.224102 0.523253 1.000000 0.030386 0.217969 0.393297 0.531081 0.474259 0.603410 -0.256818 -0.373382 0.457288 0.702779 -0.015105 0.486809 0.424889 0.398878 0.154669 0.241153 0.592975 0.347360 -0.042306 0.088370 -0.003778 0.005438 0.225117 0.269064 -0.298993 0.329455 -0.417308 -0.409372 -0.518417 -0.641720 -0.610893 -0.615823 -0.019578 -0.371602 0.260260 0.216248 -0.407800 -0.243008 -0.391928 -0.322440 0.071741 -0.194673 0.040682 -0.001920 0.252378 0.503867 -0.111136 0.181849 0.069703 0.291144 -0.212644 -0.073906 0.041526 0.049722 0.198703 0.439140 -0.067462 -0.150018 -0.002026 -0.227042 -0.422178 0.039903 0.034413 0.197489 0.241298 0.312150 0.071565 0.107385 -0.278379 -0.079455 0.154781 0.069031 0.337539 0.613627 0.374378 0.248209 -0.264232 0.102330 -0.133641 -0.277600 -0.054094 -0.056763 -0.037246 -0.058553 -0.299468 -0.111180 0.115546 0.210732 0.574672 0.040861 -0.459813 -0.420443 -0.247133 -0.079918
0.014441 0.151690 0.203202 0.284580 0.017005 0.349909 -0.253353 -0.239676 -0.079526 -0.096376 0.048875 -0.378796 -0.329443 -0.493106 0.094773 -0.097249 -0.114399 -0.204244 0.040557 -0.224397 0.139551 0.030386 1.000000 0.702189 0.619525 0.598653 0.397300 0.517475 -0.078045 -0.200583 0.396346 0.355813 0.076066 -0.117175 0.263671 -0.055634 0.053636 0.284628 0.333031 0.012840 0.037462 0.009482 0.352075 0.189757 -0.024215 -0.061203 0.079844 -0.237055 -0.137598 -0.060433 0.265100 0.038668 -0.116831 -0.020833 0.266356 -0.006541 -0.170868 0.043369 -0.229417 -0.294658 -0.263336 -0.455971 -0.315644 -0.445042 0.417138 0.044946 -0.309580 -0.054041 -0.114765 -0.065491 -0.080224 -0.028173 -0.387178 0.025669 0.142447 -0.022823 0.127914 0.187947 0.104859 0.356961 -0.251775 -0.246104 0.362572 0.302889 0.405581 0.111960 0.258486 0.253709 0.298841 0.273434 -0.022235 -0.208955 0.107686 0.119603 -0.105724 0.018554 0.008479 -0.071345 -0.405630 -0.217914 -0.139016 -0.382600 -0.433279 -0.246537 -0.102667 -0.032441 -0.122658 -0.063299 -0.077591 0.077708 -0.085389 0.225083 0.027861 -0.049736 -0.129345 -0.098104
-0.306803 0.030243 0.249392 0.512288 0.008526 0.450841 -0.209117 -0.001516 -0.071684 0.117714 -0.137237 -0.273927 -0.446480 -0.482007 -0.116348 -0.003617 -0.149709 -0.196213 0.141930 0.181782 0.248038 0.217969 0.702189 1.000000 0.436347 0.590278 0.414314 0.526322 -0.067425 -0.394390 0.468382 0.540368 0.217249 -0.007198 0.288722 0.116008 -0.026984 0.085570 0.227235 -0.011333 0.050567 -0.125638 0.032291 -0.137539 -0.131762 0.031234 -0.235417 -0.233455 -0.374258 -0.254775 -0.081619 -0.178646 -0.440983 -0.192829 0.150432 -0.193948 -0.278575 0.030281 -0.477706 -0.357885 -0.451552 -0.467848 -0.297390 -0.367791 0.423323 0.098665 -0.193593 0.124968 -0.094808 0.136592 -0.077160 0.136007 -0.439749 -0.113383 0.009186 -0.055388 0.017025 0.160883 0.057561 0.263968 -0.270344 -0.342944 0.321751 0.413371 0.435466 0.279540 0.517117 0.389595 0.383726 0.395984 -0.052176 0.024533 0.398110 0.160788 0.049263 0.215372 -0.034819 0.008764 -0.420593 -0.279724 -0.215239 -0.353456 -0.328145 -0.161356 -0.096578 -0.124559 -0.134043 -0.106452 0.078113 0.224842 0.018903 0.126397 -0.203597 -0.112797 -0.079792 0.156597
-0.120892 -0.020787 0.139943 -0.172068 0.161553 0.480310 -0.526038 -0.596127 -0.199464 -0.301503 -0.195903 -0.373818 -0.557550 -0.424148 -0.198850 -0.140030 -0.057154 -0.088616 0.129401 -0.127915 0.297119 0.393297 0.619525 0.436347 1.000000 0.738786 0.675895 0.747569 0.033889 -0.258124 0.524001 0.440622 0.219404 0.114285 0.353497 0.049626 0.099595 0.175213 0.534251 0.205103 -0.109451 0.082731 0.381500 0.389999 0.182471 0.121980 0.058872 0.174713 -0.220898 -0.095984 0.028466 -0.239681 -0.340412 -0.230287 0.197807 -0.141609 0.032505 0.143669 -0.298222 -0.351727 -0.370147 -0.638971 -0.047853 -0.437973 0.236206 -0.290959 0.029803 0.205855 0.062387 0.060104 -0.114728 0.118437 -0.201486 -0.040828 0.067679 -0.037958 0.160689 0.230558 0.097372 0.049904 -0.034885 -0.044145 0.136253 0.241491 0.273400 0.076423 0.234770 0.223912 0.046215 -0.007440 -0.114029 -0.216524 -0.082685 0.111523 0.178475 0.255047 0.278000 0.192236 -0.422957 -0.127741 -0.267174 -0.392874 -0.231390 -0.047323 -0.097102 -0.048062 -0.036833 0.051069 0.000917 0.021613 0.391847 0.090655 -0.186863 -0.299943 -0.161535 0.030085
-0.350697 -0.098760 0.138909 0.050574 0.175568 0.641638 -0.582156 -0.400963 -0.288476 -0.189664 -0.314398 -0.327187 -0.592376 -0.377365 -0.298834 -0.106995 0.014707 -0.020024 0.021740 -0.083995 0.375780 0.531081 0.598653 0.590278 0.738786 1.000000 0.737967 0.867803 -0.175173 -0.343492 0.507157 0.615310 0.130574 0.143322 0.361900 0.189220 0.154049 0.374005 0.518174 0.270597 0.087637 0.069334 0.337232 0.249235 0.168218 0.263410 -0.002811 0.231918 -0.169716 -0.095533 -0.012040 -0.232314 -0.484997 -0.275817 0.251933 -0.134147 0.010250 0.128669 -0.467947 -0.342147 -0.489474 -0.577339 -0.202860 -0.542663 0.167645 -0.147161 -0.090482 0.279334 -0.173726 0.006584 -0.011776 0.327049 -0.325136 0.113299 0.239111 0.163773 0.232214 0.416375 -0.024120 -0.026875 -0.235319 -0.281678 -0.000782 0.263676 0.186444 0.149390 0.186956 0.211569 0.069653 0.217318 -0.041432 -0.036618 0.112739 0.006526 0.197653 0.362257 0.305769 0.168885 -0.340094 -0.031898 -0.194904 -0.533489 -0.320748 -0.241633 -0.131948 -0.176238 -0.094359 -0.092533 0.016231 0.205674 0.373177 0.251247 -0.269532 -0.297268 -0.223117 0.120218
-0.379108 -0.264374 0.286959 -0.057788 0.545979 0.618012 -0.266603 -0.342527 0.019192 0.025611 -0.332965 -0.251090 -0.548748 -0.386606 -0.261299 -0.063303 0.010111 0.050618 0.195910 -0.099326 0.443032 0.474259 0.397300 0.414314 0.675895 0.737967 1.000000 0.808238 -0.052536 -0.288653 0.513502 0.526775 0.085454 0.010920 0.305454 0.097743 0.076407 0.140628 0.317639 0.018749 0.157860 -0.005477 0.232175 0.184749 0.408765 0.330145 0.003779 0.059378 -0.242277 -0.048635 -0.003575 -0.322930 -0.516836 -0.343247 -0.015796 -0.268252 -0.062275 0.023496 -0.503571 -0.381971 -0.300084 -0.541088 -0.000963 -0.340234 0.276504 -0.143777 0.027020 0.333157 -0.085368 -0.091294 0.018953 0.251964 -0.201364 -0.026274 0.041395 -0.066973 0.097776 0.145451 0.122709 0.045024 -0.010356 -0.112035 0.014805 0.233032 0.347967 0.215067 0.189205 0.127177 0.152856 0.152418 -0.159828 -0.041614 0.091844 0.186445 0.107568 0.130214 0.144838 -0.081961 -0.269436 -0.131229 -0.239017 -0.396028 -0.296301 -0.161298 -0.010719 -0.149164 -0.129678 -0.244231 -0.030538 0.012976 0.277052 0.065635 -0.346058 -0.202028 -0.273005 0.033844
-0.325480 -0.050253 0.156378 -0.014499 0.236339 0.740872 -0.468353 -0.400603 -0.294509 -0.139278 -0.318109 -0.237541 -0.555221 -0.345379 -0.412125 -0.126045 -0.011135 0.005278 0.089350 -0.021145 0.422269 0.603410 0.517475 0.526322 0.747569 0.867803 0.808238 1.000000 -0.110587 -0.315384 0.540470 0.648929 0.112967 0.162606 0.340218 0.092721 0.210703 0.313959 0.513920 0.179904 0.111467 0.021693 0.213479 0.180660 0.199811 0.191457 -0.084041 0.096144 -0.237811 -0.161526 -0.042126 -0.348855 -0.463092 -0.373705 0.260286 -0.242301 0.017736 0.197711 -0.518349 -0.412904 -0.530061 -0.623610 -0.108971 -0.417995 0.143063 -0.188982 -0.027622 0.297359 -0.143338 0.077276 -0.019651 0.255642 -0.306612 0.049091 0.175741 0.098900 0.285929 0.349330 0.055763 0.012687 -0.109159 -0.243192 -0.012586 0.289552 0.283672 0.286570 0.251136 0.280987 0.144969 0.247720 -0.147434 -0.125553 0.227076 0.101051 0.169722 0.305388 0.272736 0.057599 -0.368576 -0.042615 -0.181305 -0.451465 -0.346730 -0.233966 -0.149866 -0.094296 -0.162451 -0.174883 0.004802 0.182641 0.332910 0.205199 -0.358511 -0.284009 -0.201478 0.057452
0.126360 0.171709 -0.108425 -0.246870 -0.114236 -0.267513 0.100621 -0.319535 -0.000166 -0.140266 -0.002789 -0.227046 -0.076010 -0.132708 0.160487 -0.001413 0.339018 -0.003937 0.136976 0.013392 -0.071412 -0.256818 -0.078045 -0.067425 0.033889 -0.175173 -0.052536 -0.110587 1.000000 0.176980 -0.145971 -0.249683 0.085065 -0.259144 -0.424527 -0.400461 0.136840 -0.355035 -0.092857 0.054708 0.193964 0.055983 -0.042403 -0.026123 -0.220696 -0.232859 0.166126 -0.041196 -0.058539 0.037213 0.129945 0.212230 0.242929 0.334014 0.111562 0.418621 0.098949 0.052127 -0.022719 -0.039573 0.060103 -0.083441 0.273678 0.075762 -0.039164 -0.470619 -0.130513 -0.396342 0.296820 -0.100613 -0.022884 -0.156807 0.428022 -0.035137 -0.005774 -0.218190 -0.147152 -0.467366 0.449719 0.116662 0.345602 0.394671 0.506155 0.297532 0.278567 -0.016254 0.032574 -0.021606 0.025147 -0.105223 0.100984 -0.043352 -0.200474 -0.002203 0.013416 -0.122512 -0.252631 -0.035932 0.239456 0.204326 -0.189291 0.145325 0.095186 0.158711 0.073997 0.207298 0.307917 0.315263 -0.047027 -0.265537 -0.170735 -0.061794 0.090342 0.072563 0.403036 0.303627
0.060612 0.089668 -0.111657 -0.160383 -0.127233 -0.318651 0.350214 0.068742 0.112138 -0.010117 0.137404 0.115080 0.573881 0.406102 0.324148 0.179457 0.475152 0.392667 -0.372774 -0.244298 -0.322137 -0.373382 -0.200583 -0.394390 -0.258124 -0.343492 -0.288653 -0.315384 0.176980 1.000000 -0.334187 -0.428497 -0.180944 -0.258498 -0.494573 -0.357358 0.317358 0.214469 -0.177369 0.101785 0.240374 0.205516 0.245824 0.188489 -0.190448 -0.349134 0.221917 0.005801 0.482368 0.344585 0.273204 0.481672 0.544014 0.485331 0.174203 0.290300 0.008482 -0.168539 0.133227 -0.099028 0.177127 0.139594 0.331836 0.123564 -0.385833 -0.396226 -0.427167 -0.637112 -0.160295 -0.313750 0.029190 0.115072 0.688706 0.398739 0.313293 0.379540 0.222447 -0.033458 0.359754 -0.001486 0.323209 0.523817 0.003037 -0.091924 -0.269693 -0.441438 -0.299968 -0.147637 -0.241665 -0.226651 0.299834 0.087108 -0.188055 -0.135561 -0.356518 -0.373677 -0.198076 -0.259231 0.339317 0.341352 0.256228 0.185145 0.034151 -0.165068 0.336352 0.092954 -0.170699 -0.214123 -0.297247 -0.037599 -0.318485 0.264044 0.436171 0.165205 0.129849 0.133740
-0.153805 -0.052936 0.367141 -0.081355 0.294380 0.568776 -0.293967 -0.227552 -0.159696 -0.046796 -0.183112 -0.166594 -0.442282 -0.265843 -0.491597 -0.133959 -0.082595 0.216851 0.210591 0.178333 0.395615 0.457288 0.396346 0.468382 0.524001 0.507157 0.513502 0.540470 -0.145971 -0.334187 1.000000 0.758517 0.275431 0.361487 0.284779 0.204958 -0.115255 0.105595 0.355249 0.011576 -0.075171 -0.090138 -0.132419 -0.068064 0.213520 0.067491 -0.316426 0.026559 -0.498976 -0.388190 -0.397762 -0.579687 -0.589578 -0.615550 0.082080 -0.405487 0.163927 0.301635 -0.391225 -0.195834 -0.417521 -0.341034 0.076224 -0.102712 0.224156 -0.077829 0.205277 0.470421 -0.095569 0.277586 0.009495 0.148698 -0.233828 -0.149130 0.096668 0.024604 0.120803 0.448456 0.014063 0.183035 -0.083600 -0.134655 -0.160783 0.082265 0.170771 0.123721 0.293309 0.228660 0.136599 0.049164 -0.353324 -0.168179 0.083736 0.189701 0.121224 0.234576 0.342702 -0.116864 -0.390288 -0.130378 -0.236063 -0.112272 -0.157173 -0.115610 -0.046563 -0.176576 -0.297267 -0.077264 0.037659 0.336991 0.417992 0.012397 -0.405195 -0.271271 -0.309999 -0.036906
-0.205356 -0.055251 0.271151 0.065389 0.155191 0.564617 -0.415764 -0.193085 -0.216868 0.015142 -0.217742 -0.092348 -0.526403 -0.261657 -0.579288 -0.158975 -0.148035 0.146375 0.170866 0.304497 0.501229 0.702779 0.355813 0.540368 0.440622 0.615310 0.526775 0.648929 -0.249683 -0.428497 0.758517 1.000000 0.243990 0.541208 0.320901 0.317026 0.127783 0.310691 0.548293 0.194143 0.113216 0.038072 -0.142207 -0.176349 0.157951 0.141765 -0.447924 0.030559 -0.507097 -0.444334 -0.468039 -0.623016 -0.658241 -0.664382 0.059759 -0.391752 0.237662 0.305195 -0.464943 -0.284166 -0.463197 -0.398034 -0.044906 -0.198807 0.186714 -0.027752 0.162685 0.450930 -0.037207 0.291843 0.084095 0.280629 -0.323446 -0.030270 0.147869 0.115526 0.310703 0.532438 -0.032510 0.213214 -0.022972 -0.205388 -0.184778 0.281940 0.239279 0.344527 0.348788 0.363139 0.192237 0.184428 -0.515902 -0.240656 0.160586 0.038102 0.132350 0.449261 0.247842 0.122345 -0.465653 -0.051017 -0.360430 -0.389986 -0.371181 -0.315919 -0.157271 -0.070284 -0.294742 -0.187069 0.052906 0.381912 0.372969 0.108991 -0.434548 -0.361035 -0.194167 -0.036927
-0.057487 -0.021907 -0.040035 -0.183697 -0.064326 0.036088 -0.153165 -0.147009 -0.270107 -0.127226 -0.212631 -0.132531 -0.238892 0.000241 -0.305442 -0.204378 -0.206438 -0.080120 0.089511 0.286742 0.003598 -0.015105 0.076066 0.217249 0.219404 0.130574 0.085454 0.112967 0.085065 -0.180944 0.275431 0.243990 1.000000 0.355715 0.114173 0.025920 -0.011376 -0.125893 0.005926 -0.122264 -0.146875 -0.116531 -0.166574 -0.099040 -0.024441 0.013965 -0.213187 -0.028888 -0.214803 -0.003317 -0.149290 -0.031850 -0.185813 -0.083129 0.161134 0.022939 0.016315 -0.140981 0.012222 0.146520 -0.384200 -0.097941 0.007277 0.074416 -0.180717 -0.187875 0.317535 0.264026 0.271302 0.438679 -0.099028 0.200176 0.086265 -0.076363 -0.110227 -0.142660 0.060326 0.028480 -0.158504 0.021949 0.198954 0.140297 -0.081859 0.115319 0.013291 0.277326 0.167155 0.021109 -0.300092 -0.087522 -0.224376 -0.238420 -0.284819 -0.189902 0.294206 -0.005002 -0.006425 0.260042 -0.102109 -0.268152 -0.210986 -0.025504 -0.049645 0.008049 -0.031547 -0.225056 -0.012976 0.269518 0.356574 0.072539 0.094940 -0.084016 -0.177819 -0.298276 -0.111671 0.179383
0.158521 0.001920 0.133106 -0.310736 -0.055644 0.197951 -0.420297 -0.245676 -0.171561 -0.111452 -0.083805 0.007209 -0.206788 0.086529 -0.541923 -0.258085 -0.198369 0.169026 0.068910 0.440552 0.090928 0.486809 -0.117175 -0.007198 0.114285 0.143322 0.010920 0.162606 -0.259144 -0.258498 0.361487 0.541208 0.355715 1.000000 0.275137 0.602229 0.050237 0.119938 0.302823 0.106300 -0.119098 -0.019579 -0.294379 -0.317288 0.112524 0.092031 -0.509559 0.164852 -0.360802 -0.505747 -0.547269 -0.616257 -0.469429 -0.640637 -0.092885 -0.381732 0.410742 0.385285 0.027263 -0.012639 -0.237602 -0.116836 -0.133026 -0.046158 -0.050404 0.012475 0.429341 0.466421 0.210598 0.528903 0.079034 0.194037 -0.106415 0.027424 0.100215 0.196544 0.394590 0.531465 -0.164321 0.089994 0.105396 0.004307 -0.484937 -0.187050 -0.132145 0.082095 0.158587 0.048085 -0.088465 -0.195734 -0.415093 -0.074306 -0.138081 -0.034628 0.169353 0.430193 0.221629 0.405863 -0.213470 -0.022718 -0.197662 -0.083620 -0.117621 -0.031594 -0.158927 0.064054 0.079555 0.278079 0.322269 0.411348 0.505415 -0.066530 -0.408223 -0.438750 -0.159653 0.005505
-0.034016 -0.400797 0.417815 0.154016 0.366267 0.455649 -0.120608 0.063192 0.129791 0.227355 -0.081690 -0.214284 -0.529685 -0.485607 -0.365552 -0.551953 -0.329941 -0.304185 0.221771 0.098084 0.204280 0.424889 0.263671 0.288722 0.353497 0.361900 0.305454 0.340218 -0.424527 -0.494573 0.284779 0.320901 0.114173 0.275137 1.000000 0.532236 -0.316023 -0.032661 0.180707 -0.126562 -0.299070 -0.352451 0.077101 -0.016030 0.408214 0.433308 -0.139306 0.117587 -0.262694 -0.295372 -0.103822 -0.401436 -0.533277 -0.464660 -0.064538 -0.411993 -0.066770 -0.050330 -0.092919 -0.164574 -0.267079 -0.378756 -0.390473 -0.378094 0.466550 0.359982 0.276435 0.660692 -0.067073 0.167222 0.031648 0.105537 -0.495163 -0.285233 -0.253291 -0.169577 0.016124 0.164231 -0.354482 -0.134954 -0.350699 -0.389058 -0.252699 -0.366340 0.169439 0.232526 0.282044 -0.005567 0.176613 -0.087217 -0.050154 0.114823 0.056709 0.352757 0.338674 0.339536 0.219689 0.089585 -0.410557 -0.308181 -0.043207 -0.128591 -0.063882 0.091487 -0.228378 -0.119437 -0.081450 0.154155 0.262430 0.010211 0.393693 -0.066184 -0.279534 -0.195699 -0.219127 -0.162005
-0.056912 -0.410875 0.423029 0.163643 0.255667 0.408799 -0.169141 0.097218 0.114778 0.210919 -0.057536 -0.156023 -0.261212 -0.150275 -0.318922 -0.261804 -0.235470 -0.107478 0.107201 0.345470 0.192308 0.398878 -0.055634 0.116008 0.049626 0.189220 0.097743 0.092721 -0.400461 -0.357358 0.204958 0.317026 0.025920 0.602229 0.532236 1.000000 -0.263514 -0.077232 0.125681 0.064490 -0.177073 -0.137247 -0.166802 -0.303682 0.344114 0.491878 -0.395682 0.186150 -0.228597 -0.365724 -0.385844 -0.544495 -0.492291 -0.528741 -0.240570 -0.361446 0.137906 0.094000 0.067424 -0.135721 -0.159644 -0.256463 -0.460850 -0.379172 0.214939 0.304194 0.321185 0.524170 0.066438 0.338004 0.154339 0.271824 -0.347828 -0.075835 0.033632 0.070045 0.171739 0.347517 -0.249402 -0.115889 -0.188612 -0.272606 -0.433305 -0.491088 -0.076419 -0.018829 0.153929 -0.070484 0.016209 -0.231408 -0.229312 0.313159 0.068939 0.242679 0.147313 0.471121 0.030049 0.192726 -0.280295 -0.054985 0.003203 0.010239 -0.020349 0.153276 -0.146160 -0.105104 0.173159 0.124184 0.181173 0.192014 0.385925 -0.103090 -0.330161 -0.258760 -0.174499 -0.049814
