1.000000 0.547585 -0.057961 -0.277795 -0.373377 -0.253409 0.464901 -0.103786 -0.413563 -0.285283 0.665324 0.214931 0.170373 0.109176 0.097147 -0.262957 0.212597 -0.179153 0.370047 0.357089 -0.139331 -0.094228 -0.020776 -0.029476 -0.056095 -0.095230 -0.073168 -0.093409 -0.083059 -0.381430 -0.008772 -0.284669 -0.138814 -0.186994 -0.241076 -0.228034 -0.143435 -0.403780 -0.104161 -0.047836 -0.126165 -0.327685 0.220805 0.270210 -0.177826 -0.354858 -0.093314 0.179993 0.141955 -0.109673 0.012361 -0.159774 -0.241488 -0.017569 -0.028769 -0.124129 0.460573 0.227799 0.226367 0.138710 0.219606 0.133078 -0.153124 -0.237301 0.144382 0.121834 0.120244 -0.406338 0.559531 0.025824 -0.072099 0.022692 0.036329 -0.108787 -0.102537 0.005719 -0.037392 -0.293359 -0.026398 -0.230248 0.036630 -0.121534 0.030267 -0.131326 0.280727 0.212937 0.230997 0.218669 0.054317 0.044625 -0.192221 -0.112678 -0.078405 0.189231 0.031643 -0.161013 0.055852 0.027222 -0.131431 0.069661 -0.038400 0.037964 0.163134 0.105903 -0.085468 -0.074805 -0.034778 -0.047731 0.112273 0.036979 -0.327438 0.104823 -0.022280 0.070846 -0.061181 0.019940
0.547585 1.000000 -0.112452 -0.102526 -0.317059 -0.518660 0.145664 0.310126 -0.238642 -0.099789 0.309724 0.380378 0.015692 0.277198 -0.309808 -0.322723 0.037858 0.230671 0.238652 0.325701 -0.114114 -0.205202 -0.312676 -0.352428 -0.293434 -0.309845 -0.324208 -0.484900 0.110568 0.017879 0.013484 -0.156596 -0.142121 -0.019724 0.016624 -0.142211 -0.274694 -0.306965 -0.288410 -0.071404 -0.226860 -0.330343 -0.289326 -0.123491 -0.196169 -0.148347 -0.336750 -0.171608 -0.105794 -0.080192 -0.311592 0.057799 -0.358203 -0.274069 -0.223216 0.008557 0.098169 0.106319 0.069322 0.230088 0.147966 0.545266 -0.097493 0.203608 -0.042471 0.238733 -0.010103 -0.306899 0.290845 -0.224095 0.202591 0.352758 0.274307 0.087778 0.094317 0.215679 0.148003 0.065093 -0.070423 -0.245047 0.108397 0.000192 -0.237361 -0.171433 0.261301 0.297837 0.053252 0.079324 -0.072913 0.195218 -0.055563 0.065567 0.113292 0.145787 0.260924 -0.108962 -0.197854 -0.316410 -0.188208 0.329518 0.075874 0.038290 0.216068 0.154857 0.191866 0.030641 -0.096253 -0.150784 0.039747 -0.226086 -0.358713 0.015219 0.252383 0.236581 -0.003911 -0.101749
-0.057961 -0.112452 1.000000 0.345597 0.046871 0.363012 0.211412 0.160957 0.199779 -0.134236 -0.171358 -0.227520 -0.213163 -0.405629 -0.134488 -0.178301 -0.355049 -0.155512 0.268577 -0.390290 0.353315 0.097466 0.642448 0.299626 0.414914 0.218547 0.224305 0.230687 -0.403585 -0.304385 0.539540 0.313926 -0.162331 0.135836 0.085148 0.249760 -0.197050 -0.239225 -0.181992 -0.263300 -0.273873 -0.203151 -0.156952 -0.075796 0.029574 0.086987 -0.211879 -0.063568 0.224585 0.122996 0.266058 0.160265 0.138043 0.036082 0.030266 -0.150232 -0.136572 -0.091072 -0.086920 0.008460 0.236377 0.313475 -0.071114 0.152564 0.422192 0.111442 0.061972 0.241543 -0.260072 -0.058171 -0.125803 -0.158588 -0.405301 -0.189379 -0.151275 -0.355396 -0.301940 -0.214459 -0.077553 -0.233368 -0.475909 -0.064807 -0.009179 -0.162860 -0.017347 0.045985 0.008162 0.113306 0.496353 0.262022 -0.001734 -0.034041 -0.145257 -0.241605 -0.202034 -0.211153 -0.102863 -0.251337 -0.007250 -0.163261 -0.053475 -0.018377 -0.215639 -0.079372 -0.021309 -0.071266 -0.080083 -0.098596 -0.108830 -0.055516 0.032074 -0.051308 -0.036305 -0.108592 0.019328 -0.221898
-0.277795 -0.102526 0.345597 1.000000 0.101634 0.087975 -0.008598 0.344330 0.301329 0.265456 -0.299395 -0.000428 -0.094769 -0.218263 0.167075 0.286931 -0.142029 0.038262 0.264898 -0.164508 0.157549 -0.189182 0.224056 -0.055988 -0.026714 -0.099180 0.056556 0.018042 -0.322447 0.189332 0.254424 0.254883 -0.040339 0.122199 0.343433 0.234667 -0.163926 0.042666 -0.095549 -0.197345 -0.152576 0.165324 -0.227358 -0.071824 -0.065550 -0.119706 -0.286185 -0.053859 -0.088667 -0.076695 -0.048500 -0.053124 0.117266 0.116651 0.030364 -0.122486 -0.087987 -0.141612 -0.492145 -0.241314 -0.285667 0.213861 -0.193543 0.190837 0.116884 -0.091877 -0.140247 0.204227 -0.250989 -0.109131 0.107280 -0.009424 -0.025286 0.208885 0.180903 0.024772 -0.034695 0.122533 -0.285882 -0.012637 -0.453295 -0.071707 0.145221 0.162585 0.006640 -0.064600 -0.117645 -0.108056 0.297057 -0.038541 0.349050 0.218801 0.092970 -0.077819 -0.042226 -0.244155 -0.071443 -0.127307 -0.091372 -0.119166 0.156215 0.003531 -0.026838 0.055324 0.007809 -0.001809 0.021593 -0.008932 0.039852 -0.228891 -0.112994 -0.102015 -0.024980 -0.144896 0.012481 -0.177408
-0.373377 -0.317059 0.046871 0.101634 1.000000 0.359162 -0.053303 -0.074277 0.622347 0.450333 -0.306748 -0.028806 0.247586 -0.093710 0.077004 0.291289 -0.235228 0.014252 -0.168606 -0.247864 -0.126730 -0.191219 0.075123 0.034453 -0.125814 -0.246143 0.382757 -0.063300 0.017877 0.125903 -0.330853 -0.230963 0.073894 -0.017394 0.338911 0.225484 -0.167102 -0.031792 -0.061557 -0.170847 -0.170246 -0.004129 -0.008245 0.026979 0.226136 0.368343 0.133070 0.104534 0.256503 0.153040 0.147392 0.080689 0.154378 0.225216 0.064158 0.013463 -0.286743 -0.100679 -0.063309 -0.090493 0.119654 -0.111216 0.141218 0.109782 0.103140 -0.110061 -0.068766 0.461102 -0.187684 0.046389 -0.183816 -0.235583 -0.309261 -0.205071 -0.257111 -0.329815 -0.272793 -0.076470 -0.085821 -0.158711 -0.292513 -0.127937 -0.093261 -0.026652 -0.470949 -0.254887 -0.226312 -0.296675 -0.013492 0.055348 0.238418 0.199764 -0.092817 -0.030144 -0.192843 -0.081915 0.040262 -0.179511 0.071576 -0.291632 -0.014442 -0.143463 -0.281152 -0.183079 -0.149675 0.052723 0.134073 0.420553 -0.336185 0.015217 0.175475 -0.168388 -0.086674 -0.115291 -0.291054 -0.157729
-0.253409 -0.518660 0.363012 0.087975 0.359162 1.000000 -0.059954 0.007229 0.206404 0.116566 -0.228399 -0.198822 -0.137601 -0.212173 0.005752 0.144274 -0.335088 -0.350279 -0.256821 -0.305576 0.277003 0.145979 0.528073 0.580394 0.310526 0.282644 0.556220 0.502107 -0.269728 -0.348185 0.154038 0.228515 -0.205315 0.007024 0.086645 0.347979 -0.107048 0.018791 0.108828 -0.085224 -0.173092 0.005684 -0.105247 -0.109737 0.226135 0.348219 -0.087930 -0.101623 0.233168 0.224290 0.484592 0.076191 0.218405 0.059080 0.064866 -0.090812 -0.191862 -0.165299 0.084936 -0.037135 0.043474 -0.221893 -0.072133 -0.104303 0.249961 0.202385 0.047850 0.365648 -0.252116 -0.086533 -0.379944 -0.268212 -0.565502 -0.204522 -0.241724 -0.359791 -0.393098 -0.245416 0.076402 -0.127699 -0.254877 -0.260005 -0.007602 0.015172 -0.108459 -0.147648 0.169215 0.154545 0.262281 0.000871 -0.081584 0.006712 -0.110142 -0.045175 -0.288966 0.024412 0.009708 0.045691 0.073816 -0.149001 -0.107657 0.062637 -0.176401 -0.079071 -0.148175 0.015098 0.111651 0.269798 -0.195064 0.158679 0.280874 -0.129558 -0.126198 -0.189353 -0.126938 0.074692
0.464901 0.145664 0.211412 -0.008598 -0.053303 -0.059954 1.000000 0.097097 0.152757 -0.021846 0.382088 0.249789 0.088626 -0.027748 0.132600 -0.229310 -0.072194 -0.297413 0.101779 -0.089884 0.106645 -0.038059 0.051360 -0.095875 0.007086 -0.028437 0.083661 -0.022366 -0.254834 -0.334475 -0.145843 -0.353207 -0.267106 -0.300810 -0.020530 0.120893 0.028341 -0.241637 0.049065 0.045570 -0.185432 -0.263549 0.164348 0.280543 -0.169136 -0.074411 -0.068546 0.122599 0.328668 -0.003976 0.210542 0.066097 -0.015284 0.099146 0.040637 -0.020642 0.204016 -0.046436 0.016365 0.041465 0.291159 0.171245 -0.278023 -0.182587 0.417553 0.408146 0.021467 -0.107373 0.147760 0.199572 -0.074235 -0.255905 -0.135999 -0.149863 -0.091609 -0.140849 -0.129573 -0.381392 0.040002 -0.020202 -0.049834 -0.017155 -0.069301 -0.466745 0.203552 0.276502 0.002180 -0.047641 0.208049 0.271954 -0.144911 -0.102539 -0.239787 0.024846 -0.237338 -0.283417 -0.084882 -0.059579 -0.234532 -0.182530 -0.170246 -0.202166 0.015797 0.204593 0.097727 -0.078200 -0.089615 -0.093628 -0.100583 -0.222620 -0.107080 -0.172416 -0.136951 0.340824 0.050069 -0.152668
-0.103786 0.310126 0.160957 0.344330 -0.074277 0.007229 0.097097 1.000000 0.315171 0.498775 -0.049296 0.289889 -0.036609 0.398790 -0.093619 0.000774 -0.458096 0.022333 -0.140113 0.193627 0.067594 -0.244971 -0.162055 -0.081700 -0.139015 -0.132802 -0.087974 -0.284739 0.004315 0.109944 0.039794 0.088037 -0.288428 0.043687 -0.038669 0.105176 -0.243250 0.022273 -0.223901 0.025095 -0.202387 -0.023611 -0.397375 -0.182967 -0.256517 0.044694 -0.499612 -0.291685 -0.288091 -0.014813 -0.118374 0.157556 -0.092825 -0.331291 -0.327855 -0.164121 -0.422353 -0.382343 -0.317625 -0.168086 -0.039819 0.378208 -0.311703 0.052374 -0.051851 0.421009 -0.339598 0.001896 -0.439540 -0.261104 0.343413 0.332860 0.117278 0.363226 0.316269 0.266973 0.224452 0.192127 -0.268230 -0.242155 -0.144128 -0.402189 -0.075134 0.054435 0.150335 0.237208 -0.204751 -0.019333 0.011220 0.292912 0.299446 0.384967 0.453962 0.171263 0.144793 -0.027361 -0.432001 -0.479138 -0.307159 0.152055 0.228074 0.288030 0.546190 0.210571 0.449895 0.119897 0.012288 -0.208233 -0.083412 -0.177256 -0.047379 -0.274378 0.192243 0.250005 0.137451 0.073986
-0.413563 -0.238642 0.199779 0.301329 0.622347 0.206404 0.152757 0.315171 1.000000 0.651409 -0.327334 0.031790 0.015237 -0.113768 0.049507 0.244926 -0.397647 -0.026900 -0.219126 -0.276216 -0.042917 -0.224314 -0.020176 -0.144946 0.051678 -0.106887 0.239373 -0.207776 -0.116157 0.181420 -0.181423 -0.119203 -0.138124 0.020475 0.135110 0.154867 -0.028171 0.054904 -0.134848 -0.117288 -0.141512 0.015036 -0.230382 -0.128130 0.052343 0.321371 -0.006238 -0.016446 0.215244 0.267089 0.204096 0.265679 0.259784 0.153776 0.018536 -0.061019 -0.329710 -0.288149 -0.197428 0.002385 0.113501 0.190726 -0.013474 0.261351 0.162219 0.072906 -0.130218 0.442208 -0.318422 0.012397 0.037399 -0.238746 -0.151537 0.041087 -0.018004 -0.176874 -0.127557 -0.118280 -0.059993 -0.148357 -0.228471 -0.032212 -0.098888 -0.089943 -0.129206 0.023031 -0.359863 -0.279558 0.031731 0.210260 0.269133 0.183199 -0.057318 -0.107198 -0.125100 -0.195144 -0.176396 -0.347672 -0.045647 -0.235112 -0.040324 -0.175819 -0.097902 0.053399 0.121994 0.099943 0.016847 0.035421 -0.275897 -0.177662 -0.041791 -0.311435 -0.192683 -0.067085 -0.052832 -0.270277
-0.285283 -0.099789 -0.134236 0.265456 0.450333 0.116566 -0.021846 0.498775 0.651409 1.000000 -0.186262 0.319318 0.276748 0.336754 0.179503 0.505085 -0.287302 -0.017166 -0.305181 0.133285 -0.294068 -0.317795 -0.312439 -0.203252 -0.367520 -0.294869 0.060611 -0.334552 0.165779 0.380933 -0.414684 -0.151856 -0.094753 -0.010322 0.043804 -0.032214 -0.037935 0.101351 -0.198948 -0.002943 -0.020836 0.222627 -0.103658 -0.042229 -0.093283 0.074762 -0.099676 -0.042576 -0.159458 0.043431 -0.025006 -0.009459 0.165088 -0.069057 -0.216468 -0.193716 -0.402195 -0.201348 -0.166427 -0.200058 -0.128971 0.000938 -0.118332 -0.044457 -0.215825 -0.015807 -0.372164 0.174477 -0.269658 -0.010096 0.233762 0.092607 0.066318 0.416377 0.242854 0.282459 0.203509 0.176170 -0.232598 -0.031747 -0.013196 -0.224230 -0.074810 0.220143 -0.142106 -0.088592 -0.429280 -0.432478 -0.213845 0.068185 0.450295 0.440720 0.205095 0.252950 0.034551 -0.070352 -0.310388 -0.288307 -0.189163 -0.100052 0.253911 0.078076 0.287514 0.281347 0.217644 0.214451 0.192753 0.149827 -0.073149 0.004646 -0.001605 -0.389922 0.044538 0.148228 0.085381 -0.054492
0.665324 0.309724 -0.171358 -0.299395 -0.306748 -0.228399 0.382088 -0.049296 -0.327334 -0.186262 1.000000 0.437804 0.385517 0.344212 0.377905 -0.098989 0.162970 -0.269686 0.291955 0.407309 -0.036602 0.115267 -0.023913 0.180022 -0.169266 -0.104384 -0.077917 0.086555 0.077619 -0.318718 -0.085596 -0.159590 -0.286143 -0.363070 -0.392865 -0.254166 -0.106614 -0.286567 0.118104 0.067253 -0.105121 -0.206466 0.162155 0.172009 -0.271036 -0.439187 -0.159582 0.019227 0.153480 -0.112626 -0.002645 -0.052764 0.029956 -0.026957 0.108388 -0.054938 0.228719 0.097831 0.135328 -0.039493 0.216448 0.033692 0.032066 -0.243980 0.061946 0.243877 -0.116713 -0.523113 0.153463 -0.142228 -0.002221 -0.008332 0.071881 -0.054239 -0.072458 0.061940 -0.025137 -0.200534 -0.112353 -0.177333 0.064770 -0.182721 0.147426 -0.090967 0.303207 0.206186 0.189090 0.228214 0.118711 0.209904 -0.041696 0.001642 -0.044517 0.154127 0.047361 0.108454 -0.184313 0.085503 -0.068692 0.043761 -0.073802 0.091291 0.140009 -0.014169 0.023100 -0.024698 -0.153343 -0.146594 0.106252 0.089985 -0.353895 0.035558 -0.010281 0.217342 -0.044303 0.108668
0.214931 0.380378 -0.227520 -0.000428 -0.028806 -0.198822 0.249789 0.289889 0.031790 0.319318 0.437804 1.000000 0.188656 0.573930 0.219181 0.271855 0.133745 0.007756 0.148222 0.372875 -0.145412 0.097928 -0.242011 -0.150440 -0.312122 -0.298684 0.010844 -0.147313 0.312676 0.204618 -0.241463 -0.188956 -0.279856 -0.230495 0.061668 0.039511 -0.039251 -0.006828 0.004536 -0.006852 0.029482 0.156577 -0.255077 -0.204985 -0.455659 -0.218891 -0.356686 -0.355432 -0.179095 -0.361679 -0.204410 -0.234314 -0.192214 -0.293201 -0.183298 -0.342090 -0.127840 -0.115905 -0.006835 -0.338670 0.088272 0.197935 -0.036186 -0.064217 0.050941 0.327667 -0.364320 -0.389513 -0.015341 -0.371227 0.147351 0.165193 0.346950 0.330124 0.297350 0.289629 0.231802 0.210155 -0.112303 -0.028016 0.249928 -0.095717 0.152704 0.153627 0.247649 0.320848 -0.009034 -0.037360 -0.032156 0.251949 0.164052 0.258363 0.220767 0.257505 0.051067 -0.017457 -0.492750 -0.186883 -0.446823 -0.023817 -0.030902 -0.011266 0.203512 0.237937 0.070769 0.239354 -0.068711 0.011198 0.078913 0.132669 -0.074146 -0.229800 0.135720 0.372919 0.042279 -0.073420
0.170373 0.015692 -0.213163 -0.094769 0.247586 -0.137601 0.088626 -0.036609 0.015237 0.276748 0.385517 0.188656 1.000000 0.325190 0.326373 0.305144 0.164872 0.025840 0.001348 0.137484 -0.304726 -0.386390 -0.318371 -0.173252 -0.644846 -0.394424 -0.239707 -0.200757 0.221294 0.078913 -0.480115 -0.401190 0.111380 -0.173292 -0.096548 -0.104943 -0.203695 -0.145797 -0.036002 -0.058026 -0.021180 -0.153547 0.157623 0.307884 0.041471 -0.104475 0.035066 0.193681 0.061085 0.079956 -0.130961 0.079625 0.138459 -0.045154 0.108303 0.156114 -0.162097 -0.050324 0.105113 -0.112015 0.036730 -0.175799 0.213475 -0.110332 -0.360183 -0.213293 -0.276118 -0.085790 -0.034326 -0.046410 0.153696 0.100902 0.152455 -0.008640 0.041824 0.111454 0.137960 0.063475 -0.299198 -0.089516 -0.003784 -0.278002 -0.171165 -0.019010 -0.350553 -0.174177 -0.324533 -0.340515 -0.289951 0.165336 0.345833 0.284934 0.124274 0.305303 -0.152171 0.154358 0.042976 0.083435 0.124049 0.078831 0.191237 0.074046 0.190300 0.077879 0.080559 -0.009454 0.245617 0.178222 -0.115190 -0.002295 -0.144534 -0.090402 0.205696 0.186453 -0.055419 0.167391
0.109176 0.277198 -0.405629 -0.218263 -0.093710 -0.212173 -0.027748 0.398790 -0.113768 0.336754 0.344212 0.573930 0.325190 1.000000 0.208472 0.364269 -0.022011 -0.024292 -0.175598 0.556941 -0.216351 -0.005810 -0.471201 -0.108360 -0.379828 -0.075100 -0.126043 -0.152188 0.538315 0.236224 -0.268507 -0.078909 -0.117429 -0.119086 -0.135709 -0.101758 0.120047 0.125049 0.109820 0.161168 0.277095 0.225680 -0.150437 -0.057125 -0.373538 -0.066144 -0.250483 -0.290890 -0.426682 -0.254699 -0.312477 -0.090060 -0.146447 -0.335277 -0.275871 -0.175007 -0.370237 -0.312124 -0.064979 -0.360167 -0.193426 -0.093440 -0.072697 -0.229250 -0.396802 0.206769 -0.367522 -0.339096 -0.222230 -0.371710 0.276436 0.382805 0.339152 0.472308 0.371745 0.459654 0.420982 0.367519 -0.127663 -0.144868 0.263554 -0.395992 0.133844 0.275809 0.061937 0.297588 -0.093094 -0.053094 -0.481622 -0.058680 0.168144 0.258532 0.475556 0.253320 0.159547 0.284603 -0.423991 -0.116830 -0.382038 0.135542 0.149315 0.125810 0.408668 0.177233 0.175187 0.273619 -0.032080 -0.016753 0.106496 0.270901 0.000605 -0.146881 0.287691 0.396132 0.180352 0.306468
0.097147 -0.309808 -0.134488 0.167075 0.077004 0.005752 0.132600 -0.093619 0.049507 0.179503 0.377905 0.219181 0.326373 0.208472 1.000000 0.477790 0.285486 -0.050403 0.292553 0.212818 -0.053141 0.189245 0.126539 0.171328 -0.003268 0.066873 0.070092 0.237094 0.141471 0.092025 -0.059091 0.051115 -0.185379 -0.263379 -0.127160 -0.159283 0.183106 0.086860 0.232796 -0.056735 0.178147 0.306051 0.162698 0.176957 -0.393397 -0.448676 -0.070339 0.044315 -0.153770 -0.268618 0.066689 -0.322678 0.040432 0.105030 0.139230 -0.212975 0.025001 -0.028893 -0.094835 -0.428109 -0.252934 -0.388129 -0.008689 -0.340010 0.020933 -0.310708 -0.275329 -0.287606 -0.115720 -0.061203 -0.039065 -0.080678 0.132297 0.237249 0.158763 0.227267 0.126801 0.054794 -0.073434 0.176869 0.066737 -0.158625 0.537876 0.357769 0.194842 0.086168 0.056793 0.014260 0.001836 -0.086034 0.128893 0.175879 -0.001964 0.113308 -0.034573 -0.084646 -0.161343 0.101536 -0.213515 -0.310432 -0.047893 0.137364 0.095817 0.148708 -0.142644 0.079822 -0.106105 0.018835 0.142096 0.202867 -0.095453 -0.102401 0.015708 0.080019 -0.007332 0.015254
-0.262957 -0.322723 -0.178301 0.286931 0.291289 0.144274 -0.229310 0.000774 0.244926 0.505085 -0.098989 0.271855 0.305144 0.364269 0.477790 1.000000 0.133758 0.077964 -0.041577 0.250083 -0.209752 -0.028425 -0.233875 -0.138682 -0.286302 -0.136122 0.047544 -0.089889 0.457676 0.547431 -0.149246 0.102458 0.178248 0.256260 0.160135 0.056933 0.238326 0.209810 0.208835 -0.025985 0.420285 0.515931 -0.150537 -0.201308 -0.192917 -0.028979 -0.076641 -0.252826 -0.394546 -0.376497 -0.279733 -0.475962 0.085032 -0.111627 -0.005433 -0.290062 -0.231080 -0.177140 -0.249111 -0.506612 -0.322631 -0.274081 0.178823 -0.014650 -0.275939 -0.315227 -0.180456 0.105679 -0.146097 -0.222621 0.055226 0.093661 0.312242 0.408204 0.340784 0.286848 0.321280 0.376954 -0.064416 0.142833 0.126874 -0.146944 0.325997 0.569433 -0.210660 -0.196777 -0.183476 -0.320375 -0.265682 -0.323253 0.341820 0.236267 0.174121 0.012365 0.013630 0.098723 -0.125559 0.090586 -0.301083 -0.143483 0.125644 -0.089759 -0.035321 0.184320 -0.124983 0.077744 0.000946 0.236544 0.181884 0.223721 0.027670 -0.106102 0.088689 0.043072 0.116026 -0.048910
0.212597 0.037858 -0.355049 -0.142029 -0.235228 -0.335088 -0.072194 -0.458096 -0.397647 -0.287302 0.162970 0.133745 0.164872 -0.022011 0.285486 0.133758 1.000000 0.467944 0.300525 0.086816 -0.074009 0.149039 -0.120810 -0.138495 -0.117222 -0.142531 -0.176673 0.064251 0.269506 0.168631 -0.145984 -0.160176 0.146942 -0.073627 -0.063232 -0.316910 0.245795 0.061889 0.164684 0.101220 0.244482 0.123479 0.094032 -0.041661 -0.081702 -0.464676 0.031695 -0.029094 -0.210545 -0.307810 -0.171608 -0.393038 -0.104824 0.018585 0.108876 -0.010761 0.511560 0.361171 0.259402 -0.091726 -0.036717 -0.243485 0.506060 0.125871 -0.089185 -0.395964 0.080218 -0.422781 0.380054 0.012822 -0.054628 0.106710 0.352773 -0.085368 0.082262 0.171674 0.121399 0.072500 0.298887 0.310611 0.546676 0.384087 0.030677 0.078747 0.037617 -0.108475 0.108154 0.129686 -0.010953 -0.165280 -0.073425 -0.193177 -0.190217 -0.000610 0.056038 0.025148 0.137495 0.208455 -0.078679 0.074094 -0.202494 0.016226 -0.125170 0.198482 -0.244083 -0.061791 -0.162835 -0.051703 0.135469 0.153744 -0.243702 0.231760 0.131299 0.070564 0.128731 -0.031507
-0.179153 0.230671 -0.155512 0.038262 0.014252 -0.350279 -0.297413 0.022333 -0.026900 -0.017166 -0.269686 0.007756 0.025840 -0.024292 -0.050403 0.077964 0.467944 1.000000 0.158713 0.028357 -0.141906 -0.099108 -0.293822 -0.388992 -0.180497 -0.314346 -0.263834 -0.391394 0.460788 0.554887 -0.029584 0.029325 0.185640 0.149586 0.270657 -0.216929 0.098946 0.069010 -0.149853 -0.073248 0.142720 0.065401 -0.368438 -0.350365 0.005903 -0.056872 -0.211470 -0.369669 -0.337621 -0.225745 -0.300681 -0.164040 -0.151698 -0.286231 -0.133670 -0.012588 -0.041607 0.105907 0.070095 0.062668 -0.088800 0.065235 0.433556 0.467962 -0.196346 -0.341598 0.078077 -0.073803 0.013426 -0.102160 0.136779 0.283407 0.494427 0.114758 0.256493 0.269884 0.303348 0.346287 0.343353 0.313424 0.430286 0.344786 -0.119522 0.031816 -0.066128 -0.144767 -0.176346 -0.140540 -0.158726 -0.166816 0.101920 -0.010867 -0.007460 -0.136797 0.089080 0.087405 -0.125379 -0.091621 -0.166009 0.129794 0.144472 -0.056613 -0.063813 -0.005749 0.090993 -0.087626 0.025609 0.023942 0.002189 -0.061952 -0.207128 -0.033403 0.320467 0.078851 0.219082 0.034968
0.370047 0.238652 0.268577 0.264898 -0.168606 -0.256821 0.101779 -0.140113 -0.219126 -0.305181 0.291955 0.148222 0.001348 -0.175598 0.292553 -0.041577 0.300525 0.158713 1.000000 0.153493 -0.008034 0.086098 0.275614 -0.005010 0.070263 -0.070622 -0.102811 0.096242 -0.098130 0.047242 0.338171 0.054832 -0.065759 -0.059845 0.074008 -0.070368 -0.167676 -0.261985 -0.136846 -0.173575 -0.078435 -0.062995 0.044369 0.147514 -0.189694 -0.454837 -0.093870 0.132353 -0.027775 -0.241978 -0.108290 -0.206871 -0.113040 0.104806 0.027260 -0.221704 0.316242 0.275651 -0.221503 -0.209674 -0.141549 0.231131 0.107673 0.089153 0.089386 -0.317581 -0.056929 -0.340537 0.160077 -0.143589 0.231241 0.166252 0.168858 -0.018930 -0.004337 0.001103 -0.054093 0.091666 -0.200331 -0.147352 -0.252293 0.066328 0.354973 0.166472 0.249234 0.079515 0.341918 0.175075 0.280742 0.103670 0.027221 0.014736 -0.122957 -0.044120 0.182612 -0.233176 0.033997 0.097859 -0.070161 -0.183430 0.048743 0.030118 -0.246946 -0.109487 -0.283197 -0.226928 -0.321151 -0.129254 0.246423 0.015250 -0.165622 0.162392 -0.014101 0.011320 -0.139881 -0.251023
0.357089 0.325701 -0.390290 -0.164508 -0.247864 -0.305576 -0.089884 0.193627 -0.276216 0.133285 0.407309 0.372875 0.137484 0.556941 0.212818 0.250083 0.086816 0.028357 0.153493 1.000000 -0.344361 -0.113536 -0.376699 -0.110561 -0.356064 -0.245774 -0.177259 -0.252945 0.426696 0.271624 -0.096758 -0.135136 -0.055335 -0.005089 -0.200440 -0.298833 0.163479 0.029305 0.101971 0.017534 0.300201 0.328667 -0.063137 -0.163101 -0.477083 -0.378679 -0.217822 -0.260274 -0.409073 -0.417304 -0.494870 -0.254630 -0.259393 -0.235889 -0.250999 -0.378512 0.085613 0.001550 -0.145036 -0.347225 -0.104655 -0.015691 -0.118917 -0.209388 -0.356125 -0.044555 -0.176030 -0.407531 0.151127 -0.123987 0.273982 0.436344 0.474501 0.486369 0.320229 0.528125 0.411341 0.261438 -0.265279 -0.108639 0.173986 -0.228916 0.304182 0.423573 0.066799 0.106402 -0.002957 -0.034738 -0.330729 -0.182834 0.272281 0.230384 0.316880 0.281954 0.446391 0.203079 -0.283376 0.013739 -0.291577 0.225000 0.060672 0.179015 0.329144 0.211009 0.159573 0.164586 0.086371 0.139801 0.370816 0.219187 -0.119072 -0.012570 0.259457 0.233714 0.165677 0.209891
-0.139331 -0.114114 0.353315 0.157549 -0.126730 0.277003 0.106645 0.067594 -0.042917 -0.294068 -0.036602 -0.145412 -0.304726 -0.216351 -0.053141 -0.209752 -0.074009 -0.141906 -0.008034 -0.344361 1.000000 0.456097 0.462615 0.471858 0.423379 0.497794 0.264554 0.487912 -0.276851 -0.302235 0.548763 0.443595 -0.008864 0.141809 0.000234 0.296300 0.051599 0.150123 0.296687 0.215777 -0.252132 0.058801 -0.291275 -0.303160 -0.241215 -0.107146 -0.264377 -0.241929 -0.111866 -0.043367 0.176642 0.009976 0.034725 0.153903 0.198693 0.163152 0.079994 -0.149634 -0.115226 -0.067901 -0.092708 -0.016134 0.022371 -0.034084 0.303401 0.346970 -0.081406 -0.105158 -0.168851 -0.168357 -0.189387 -0.025610 -0.263300 -0.218953 -0.131857 -0.168121 -0.162121 -0.068927 0.144226 -0.119100 -0.174144 -0.099103 -0.219901 -0.211098 -0.012644 -0.091059 0.103833 0.301044 0.313969 0.240030 -0.075750 -0.133919 -0.037229 -0.049351 -0.053856 0.227872 -0.134197 0.084996 -0.085270 0.078029 -0.099804 0.138053 -0.178957 0.130114 0.166033 0.280301 -0.363876 -0.054937 0.094511 0.018455 0.079809 0.079798 0.064796 0.151655 0.189571 0.084982
-0.094228 -0.205202 0.097466 -0.189182 -0.191219 0.145979 -0.038059 -0.244971 -0.224314 -0.317795 0.115267 0.097928 -0.386390 -0.005810 0.189245 -0.028425 0.149039 -0.099108 0.086098 -0.113536 0.456097 1.000000 0.473722 0.349473 0.378928 0.582700 0.400639 0.620858 0.152046 -0.028793 0.317256 0.424775 -0.026484 0.053605 -0.075679 0.072895 0.235318 0.098158 0.425780 0.251715 0.134146 0.230887 0.013298 -0.137461 -0.278816 -0.200753 0.024259 -0.281862 -0.142088 -0.175958 0.254542 -0.263510 -0.100937 0.014899 0.217720 -0.020619 0.154359 0.070113 -0.042492 -0.271716 -0.155306 -0.226927 0.026744 -0.241955 0.262687 0.168476 -0.147227 -0.363049 -0.027276 -0.181350 -0.272890 -0.031217 -0.100781 -0.132679 -0.132236 -0.116248 -0.159340 -0.048743 0.463171 0.278101 0.160827 0.203345 0.253830 0.073848 0.348796 0.165033 0.277546 0.332256 0.219572 0.039880 -0.290748 -0.312416 -0.127101 -0.144527 -0.085162 0.156662 -0.081213 0.178828 -0.206261 -0.111456 -0.169438 -0.029160 -0.205385 -0.054348 -0.215511 0.178735 -0.358042 -0.216464 0.148214 0.290373 0.231812 0.027996 -0.078436 0.075728 0.095961 0.046223
-0.020776 -0.312676 0.642448 0.224056 0.075123 0.528073 0.051360 -0.162055 -0.020176 -0.312439 -0.023913 -0.242011 -0.318371 -0.471201 0.126539 -0.233875 -0.120810 -0.293822 0.275614 -0.376699 0.462615 0.473722 1.000000 0.651468 0.548173 0.491922 0.578195 0.672919 -0.468844 -0.468025 0.514002 0.341819 -0.236586 -0.034588 -0.016880 0.175580 -0.197578 -0.184493 0.027262 -0.206313 -0.324677 -0.160909 0.079495 0.019874 0.081602 -0.120500 -0.043341 0.073470 0.268694 0.131826 0.570942 0.030934 0.119412 0.211542 0.187015 -0.139245 0.169715 0.123519 -0.083059 -0.046016 0.028303 -0.092867 -0.126657 -0.084186 0.500354 0.065034 -0.039088 0.034737 -0.146084 -0.016062 -0.353860 -0.279442 -0.555887 -0.370544 -0.394139 -0.461992 -0.503328 -0.378508 0.045216 -0.104507 -0.436590 0.036211 0.126557 -0.107182 0.154994 0.065239 0.298078 0.364984 0.582245 0.059088 -0.178585 -0.133796 -0.233991 -0.212551 -0.308808 -0.148912 0.006498 -0.019503 0.102837 -0.231408 -0.260194 0.126450 -0.282794 -0.137060 -0.360275 0.005113 -0.122563 -0.032012 -0.092161 0.082773 0.188095 0.054556 -0.156163 -0.223547 -0.278364 -0.136706
-0.029476 -0.352428 0.299626 -0.055988 0.034453 0.580394 -0.095875 -0.081700 -0.144946 -0.203252 0.180022 -0.150440 -0.173252 -0.108360 0.171328 -0.138682 -0.138495 -0.388992 -0.005010 -0.110561 0.471858 0.349473 0.651468 1.000000 0.416521 0.526681 0.457213 0.703793 -0.328856 -0.629105 0.362618 0.353204 -0.219206 -0.067284 -0.292819 0.096405 -0.151728 0.048101 0.170896 -0.111393 -0.212575 0.025142 -0.010153 -0.144222 -0.097571 -0.172465 -0.156166 -0.027607 0.122567 0.031379 0.396020 0.041953 0.103861 0.207897 0.166435 -0.162387 0.098318 0.095404 0.083448 -0.181013 -0.014441 -0.334553 0.131298 -0.230754 0.253845 0.153020 -0.074385 -0.007621 -0.151144 -0.010784 -0.291195 -0.227470 -0.532916 -0.215217 -0.269123 -0.295107 -0.334198 -0.332124 -0.114848 -0.280158 -0.234139 -0.228825 0.128391 0.085885 0.019082 0.065763 0.270225 0.461591 0.390807 0.071643 -0.164952 0.036287 -0.115950 -0.042883 -0.128658 0.121459 -0.148807 0.096180 0.123004 -0.047816 -0.132450 0.254733 -0.198476 -0.235109 -0.233035 0.030397 -0.155692 0.098379 -0.078766 0.163104 0.090569 0.087873 -0.112370 -0.165531 -0.196854 0.025422
-0.056095 -0.293434 0.414914 -0.026714 -0.125814 0.310526 0.007086 -0.139015 0.051678 -0.367520 -0.169266 -0.312122 -0.644846 -0.379828 -0.003268 -0.286302 -0.117222 -0.180497 0.070263 -0.356064 0.423379 0.378928 0.548173 0.416521 1.000000 0.517370 0.311644 0.433504 -0.371999 -0.376213 0.516139 0.354325 -0.159854 -0.026537 -0.160580 0.033038 0.181904 0.087097 0.013961 -0.048310 -0.014191 0.002348 0.008410 -0.120487 0.021707 0.118473 0.061778 0.048206 0.145278 0.112040 0.373656 0.027992 0.113300 0.156218 0.065293 -0.073685 0.135122 -0.024328 0.104575 0.151368 0.100796 -0.003483 -0.007741 0.011384 0.493494 0.076634 0.250509 0.093590 -0.097149 -0.108317 -0.361568 -0.373347 -0.402250 -0.247076 -0.250022 -0.323075 -0.308615 -0.222732 0.295194 -0.042761 -0.091268 0.186034 0.181706 -0.015101 0.322773 0.157078 0.254000 0.479579 0.339645 -0.009161 -0.359897 -0.326692 -0.184158 -0.323091 -0.011036 -0.118749 0.076023 -0.080172 0.011661 -0.288632 -0.265621 -0.123313 -0.311381 -0.246697 -0.259073 -0.056697 -0.257557 -0.243966 0.019275 0.208393 0.077722 0.073994 -0.197087 -0.292849 -0.045686 -0.135120
-0.095230 -0.309845 0.218547 -0.099180 -0.246143 0.282644 -0.028437 -0.132802 -0.106887 -0.294869 -0.104384 -0.298684 -0.394424 -0.075100 0.066873 -0.136122 -0.142531 -0.314346 -0.070622 -0.245774 0.497794 0.582700 0.491922 0.526681 0.517370 1.000000 0.299226 0.615235 -0.142212 -0.347780 0.433085 0.484967 0.033399 0.183786 -0.223078 0.164456 0.177423 0.125512 0.294076 0.074686 0.176138 0.152088 0.079830 0.028826 -0.062593 -0.066198 0.125483 0.065680 -0.035234 0.080791 0.431416 0.077650 0.064634 0.131450 0.168867 -0.012970 0.125348 0.088107 -0.130172 -0.139602 -0.363449 -0.351438 -0.165880 -0.341329 0.090866 0.082772 -0.043336 -0.047685 -0.049557 0.158752 -0.176332 -0.207663 -0.192272 -0.082455 -0.004528 -0.163867 -0.207743 -0.287127 0.159578 -0.081161 -0.101670 -0.013928 0.166289 0.026339 0.242460 0.178796 0.242162 0.268959 -0.019875 -0.174964 -0.362989 -0.277140 -0.102790 -0.199061 -0.202811 -0.005545 0.061326 0.261764 -0.000751 -0.114310 0.003359 0.017538 -0.182602 -0.088719 -0.258498 0.043831 -0.312574 -0.157129 0.021469 0.004361 0.271325 0.179667 -0.121814 -0.082363 -0.027437 -0.021802
-0.073168 -0.324208 0.224305 0.056556 0.382757 0.556220 0.083661 -0.087974 0.239373 0.060611 -0.077917 0.010844 -0.239707 -0.126043 0.070092 0.047544 -0.176673 -0.263834 -0.102811 -0.177259 0.264554 0.400639 0.578195 0.457213 0.311644 0.299226 1.000000 0.500765 -0.183230 -0.290160 0.127221 0.040552 -0.094036 -0.047934 0.209046 0.209109 -0.061289 0.025373 0.212418 -0.145145 -0.137068 0.095708 -0.076446 -0.131045 -0.010077 0.075426 -0.123601 -0.148178 0.215365 0.003469 0.450088 -0.040165 -0.033715 0.146815 0.101336 -0.217683 -0.033213 -0.099968 -0.114749 -0.197991 0.020301 -0.263280 -0.132500 -0.130664 0.449419 0.244752 -0.094718 0.126095 -0.179381 -0.150301 -0.416963 -0.213157 -0.465824 -0.266544 -0.364487 -0.366454 -0.408062 -0.341906 0.209216 -0.085799 -0.258843 -0.035492 0.117392 -0.007959 -0.048971 0.147667 0.176856 0.188644 0.288048 -0.060289 0.027255 -0.043974 -0.071853 -0.090059 -0.342958 0.013285 -0.152826 -0.043671 -0.163962 -0.267029 -0.255913 -0.095981 -0.247009 -0.082292 -0.127139 0.286131 0.122644 0.425542 -0.049026 0.266463 0.162929 -0.223488 -0.253359 -0.174673 -0.114726 0.095800
-0.093409 -0.484900 0.230687 0.018042 -0.063300 0.502107 -0.022366 -0.284739 -0.207776 -0.334552 0.086555 -0.147313 -0.200757 -0.152188 0.237094 -0.089889 0.064251 -0.391394 0.096242 -0.252945 0.487912 0.620858 0.672919 0.703793 0.433504 0.615235 0.500765 1.000000 -0.321955 -0.504308 0.299101 0.255658 -0.174351 -0.195263 -0.103525 0.130114 0.070498 0.089292 0.432558 0.128582 0.029824 0.109662 0.138977 0.070394 -0.101176 -0.182594 0.046332 0.046545 0.100184 0.074456 0.486153 0.027064 0.156421 0.280179 0.388025 0.057410 0.187089 0.026309 -0.024641 -0.252656 -0.160033 -0.409268 0.024572 -0.316970 0.280790 0.103625 -0.096413 -0.217642 -0.100813 -0.052035 -0.326515 -0.218670 -0.473135 -0.311225 -0.270754 -0.358460 -0.348760 -0.242875 0.060858 -0.040838 -0.177697 -0.036000 0.226035 -0.015248 0.098073 0.087879 0.414933 0.442704 0.383744 0.095475 -0.154228 -0.191091 -0.180243 -0.044644 -0.230330 0.064940 0.147364 0.270882 0.191682 -0.088039 -0.298984 0.116916 -0.272102 -0.166386 -0.321856 0.118438 -0.274368 -0.000040 -0.072122 0.185212 0.215310 0.072280 -0.222677 -0.164970 -0.092029 0.148687
-0.083059 0.110568 -0.403585 -0.322447 0.017877 -0.269728 -0.254834 0.004315 -0.116157 0.165779 0.077619 0.312676 0.221294 0.538315 0.141471 0.457676 0.269506 0.460788 -0.098130 0.426696 -0.276851 0.152046 -0.468844 -0.328856 -0.371999 -0.142212 -0.183230 -0.321955 1.000000 0.657011 -0.184777 0.087710 0.292570 0.304856 -0.018061 -0.161421 0.356805 0.230441 0.174700 0.191278 0.459435 0.404578 -0.115385 -0.281207 -0.213470 -0.069689 -0.062441 -0.446531 -0.483570 -0.455295 -0.429131 -0.279499 -0.193059 -0.417508 -0.237760 -0.217779 -0.185844 -0.033929 -0.073016 -0.358777 -0.196508 -0.170438 0.214202 -0.007382 -0.462629 -0.141289 -0.122873 -0.300608 -0.067693 -0.180015 0.195505 0.405318 0.624250 0.364106 0.419081 0.493020 0.469154 0.472250 0.267018 0.277830 0.504974 0.056189 0.219129 0.315717 -0.029285 0.001763 -0.166459 -0.341334 -0.530217 -0.323632 -0.047848 -0.055440 0.175793 -0.028751 0.111805 0.433134 -0.295697 0.116006 -0.454070 0.036622 0.142163 -0.089694 0.095709 0.045911 0.161926 -0.017377 -0.008866 0.080743 0.213844 0.296388 0.151925 0.082461 0.321222 0.396099 0.341504 0.305263
-0.381430 0.017879 -0.304385 0.189332 0.125903 -0.348185 -0.334475 0.109944 0.181420 0.380933 -0.318718 0.204618 0.078913 0.236224 0.092025 0.547431 0.168631 0.554887 0.047242 0.271624 -0.302235 -0.028793 -0.468025 -0.629105 -0.376213 -0.347780 -0.290160 -0.504308 0.657011 1.000000 -0.175774 0.059825 0.341715 0.335798 0.268750 -0.035451 0.264621 0.243030 -0.057242 0.093563 0.345514 0.433527 -0.186188 -0.234472 -0.116427 0.053428 0.029356 -0.316322 -0.489748 -0.326441 -0.466625 -0.297004 -0.107105 -0.272777 -0.178815 -0.119706 -0.232908 -0.144488 -0.325089 -0.280139 -0.326739 0.071573 0.100035 0.221821 -0.417163 -0.334479 -0.124873 -0.018974 -0.123152 -0.214589 0.335169 0.399672 0.663368 0.515216 0.440881 0.512470 0.479816 0.631130 0.150799 0.410389 0.294949 0.212404 0.143023 0.407776 -0.068035 -0.162541 -0.270150 -0.412879 -0.398443 -0.262181 0.242993 0.049796 0.172693 -0.075661 0.234565 0.170664 -0.157969 -0.019483 -0.341628 -0.064379 0.290827 -0.092205 0.062637 0.131915 0.144206 0.001968 0.053943 -0.011367 0.289971 0.135151 0.146458 -0.084067 0.219845 0.170402 0.260170 -0.008652
-0.008772 0.013484 0.539540 0.254424 -0.330853 0.154038 -0.145843 0.039794 -0.181423 -0.414684 -0.085596 -0.241463 -0.480115 -0.268507 -0.059091 -0.149246 -0.145984 -0.029584 0.338171 -0.096758 0.548763 0.317256 0.514002 0.362618 0.516139 0.433085 0.127221 0.299101 -0.184777 -0.175774 1.000000 0.782184 -0.080853 0.322238 0.058005 0.160584 -0.078895 -0.087658 -0.029224 -0.182637 -0.205264 0.044913 -0.281141 -0.290390 -0.093351 -0.062308 -0.368071 -0.240423 -0.191489 -0.048549 0.065429 -0.081986 -0.118167 -0.151732 -0.036682 -0.226894 0.026653 -0.073898 -0.198243 -0.037054 -0.186042 0.155246 -0.088440 0.126953 0.277808 0.047799 0.110331 -0.008875 -0.068230 -0.173827 -0.034630 0.143713 -0.069357 -0.061466 -0.039820 -0.087106 -0.079702 0.010875 0.092432 -0.148581 -0.296918 -0.110387 0.090765 0.119904 0.170990 0.002798 0.230033 0.268562 0.300251 -0.105862 -0.161124 -0.150442 0.024523 -0.216229 0.064049 0.136672 -0.094756 0.117101 -0.136903 0.010307 -0.063043 -0.006372 -0.173283 -0.082893 -0.007814 0.052597 -0.223547 -0.085245 0.375919 0.008550 0.004024 0.087232 0.041465 -0.016773 0.181283 0.048295
-0.284669 -0.156596 0.313926 0.254883 -0.230963 0.228515 -0.353207 0.088037 -0.119203 -0.151856 -0.159590 -0.188956 -0.401190 -0.078909 0.051115 0.102458 -0.160176 0.029325 0.054832 -0.135136 0.443595 0.424775 0.341819 0.353204 0.354325 0.484967 0.040552 0.255658 0.087710 0.059825 0.782184 1.000000 0.097339 0.483113 0.024697 0.098372 -0.010811 -0.015457 -0.061777 -0.105290 -0.127773 0.222244 -0.224061 -0.304863 -0.022480 -0.035182 -0.251096 -0.307780 -0.307115 -0.013954 0.029044 -0.108290 -0.024269 -0.164705 -0.122984 -0.195975 -0.082957 -0.000335 -0.190277 -0.135652 -0.395246 -0.007698 -0.003395 0.015948 0.020511 -0.014103 -0.013651 -0.002365 -0.146973 -0.125481 -0.065562 0.093056 0.006374 0.158420 0.131942 0.074061 0.003677 0.110807 0.263175 0.103453 -0.110802 -0.141605 0.099399 0.230925 0.198774 -0.101916 0.090572 0.106294 0.097857 -0.258656 -0.192603 -0.105517 0.070508 -0.209275 -0.019142 0.259498 -0.099717 0.182266 -0.161463 -0.071911 0.140164 0.017590 -0.143259 -0.050138 -0.009266 0.032686 -0.169587 -0.106138 0.307763 0.052317 0.059550 0.051625 0.019537 -0.006829 0.259608 0.088011
-0.138814 -0.142121 -0.162331 -0.040339 0.073894 -0.205315 -0.267106 -0.288428 -0.138124 -0.094753 -0.286143 -0.279856 0.111380 -0.117429 -0.185379 0.178248 0.146942 0.185640 -0.065759 -0.055335 -0.008864 -0.026484 -0.236586 -0.219206 -0.159854 0.033399 -0.094036 -0.174351 0.292570 0.341715 -0.080853 0.097339 1.000000 0.717414 0.080443 0.019320 0.068576 0.034028 -0.074648 0.016099 0.165544 0.206777 0.158514 -0.031068 0.129775 0.024542 0.344632 0.068664 -0.137998 -0.120401 -0.296685 -0.108920 -0.040247 0.104494 0.020604 0.070260 0.241820 0.271565 -0.181137 -0.107849 -0.240722 -0.161251 0.295002 0.045302 -0.285930 -0.273325 0.111190 0.084595 0.224609 0.146517 -0.130939 -0.066660 0.186432 0.004472 -0.041139 0.072163 0.016579 0.058630 0.204873 0.300468 0.055858 0.230541 -0.119466 0.092960 -0.329380 -0.247730 -0.242986 -0.248795 -0.343293 -0.356861 -0.073048 -0.257799 -0.154934 -0.231894 -0.148193 0.271456 0.358819 0.273790 -0.009105 -0.144099 0.298497 -0.138511 -0.295207 -0.076590 -0.024835 -0.162715 0.032066 0.214245 0.147194 -0.007175 0.151702 0.215677 -0.118077 -0.158643 0.185278 0.047130
-0.186994 -0.019724 0.135836 0.122199 -0.017394 0.007024 -0.300810 0.043687 0.020475 -0.010322 -0.363070 -0.230495 -0.173292 -0.119086 -0.263379 0.256260 -0.073627 0.149586 -0.059845 -0.005089 0.141809 0.053605 -0.034588 -0.067284 -0.026537 0.183786 -0.047934 -0.195263 0.304856 0.335798 0.322238 0.483113 0.717414 1.000000 0.064659 0.167683 0.004748 -0.105933 -0.149842 -0.132532 0.005458 0.166964 -0.195135 -0.380930 0.018241 0.070112 -0.036009 -0.245685 -0.268144 -0.148792 -0.217917 -0.149391 -0.077393 -0.118677 -0.166241 -0.206033 0.142363 0.165482 -0.301670 -0.157594 -0.227618 0.089824 0.208474 0.235369 -0.160726 -0.088183 0.107979 0.163125 0.108114 0.011990 -0.117008 0.035672 0.223066 0.076023 0.056885 0.095513 0.048622 0.022259 0.213545 0.094541 -0.012286 0.090959 -0.077245 0.165841 -0.129520 -0.199772 -0.140842 -0.185023 -0.169135 -0.358753 -0.088578 -0.180394 -0.032183 -0.328838 -0.106038 0.252079 0.118697 0.059911 -0.200171 -0.019117 0.237674 -0.062384 -0.206696 0.056564 0.032965 -0.200329 -0.152143 0.069228 0.216907 -0.087007 0.140425 0.258953 -0.053008 -0.097789 0.199633 -0.080442
-0.241076 0.016624 0.085148 0.343433 0.338911 0.086645 -0.020530 -0.038669 0.135110 0.043804 -0.392865 0.061668 -0.096548 -0.135709 -0.127160 0.160135 -0.063232 0.270657 0.074008 -0.200440 0.000234 -0.075679 -0.016880 -0.292819 -0.160580 -0.223078 0.209046 -0.103525 -0.018061 0.268750 0.058005 0.024697 0.080443 0.064659 1.000000 0.445930 -0.097871 -0.116416 -0.017543 -0.238260 -0.058527 0.029003 -0.331250 -0.052870 0.116484 0.332401 -0.180080 -0.193951 -0.048368 -0.093599 -0.075222 -0.130417 -0.137133 -0.125058 -0.052875 -0.063577 -0.211473 -0.220256 -0.210038 -0.026783 -0.059596 0.150305 -0.135041 0.289759 0.214011 0.082869 0.160669 0.339145 -0.027264 -0.005166 -0.056213 0.117286 0.125780 0.007638 0.047600 -0.131317 -0.043810 0.105900 0.103713 0.067361 -0.093243 -0.005063 -0.071851 -0.061044 -0.175332 -0.144947 0.021811 -0.232480 -0.006694 -0.160741 0.243743 0.004771 0.087010 -0.134095 -0.197803 -0.250010 -0.002026 -0.081932 -0.169916 -0.201891 0.040846 -0.250163 -0.257021 0.018749 -0.004824 0.164339 0.211016 0.442197 -0.045315 -0.234990 0.037233 -0.389514 -0.050278 -0.139731 -0.049750 -0.088899
-0.228034 -0.142211 0.249760 0.234667 0.225484 0.347979 0.120893 0.105176 0.154867 -0.032214 -0.254166 0.039511 -0.104943 -0.101758 -0.159283 0.056933 -0.316910 -0.216929 -0.070368 -0.298833 0.296300 0.072895 0.175580 0.096405 0.033038 0.164456 0.209109 0.130114 -0.161421 -0.035451 0.160584 0.098372 0.019320 0.167683 0.445930 1.000000 -0.174950 0.017257 0.109998 -0.199536 -0.127987 0.036282 -0.288610 -0.040505 -0.015578 0.481927 -0.236281 -0.123377 0.009996 -0.136356 0.129777 -0.077251 -0.253383 -0.215130 -0.076148 -0.075741 -0.288116 -0.429590 -0.317899 -0.224436 -0.015562 0.012631 -0.218950 0.030275 0.357930 0.397401 0.179957 0.488075 -0.200646 -0.086485 -0.044599 0.014015 -0.089710 -0.116244 0.040972 -0.284572 -0.168071 -0.050221 -0.034559 -0.101038 -0.215107 -0.126330 -0.014021 -0.038747 0.003141 0.047851 0.136909 -0.047674 0.188794 0.120793 0.021921 0.017580 0.133546 -0.118632 -0.399554 -0.126044 -0.116861 -0.117177 -0.209804 -0.119722 0.132051 -0.133009 -0.160456 -0.105977 0.050235 0.095601 -0.083640 0.077702 -0.181650 -0.242173 0.408804 -0.100053 -0.076811 -0.000852 -0.087205 -0.210915
