1.000000 0.001503 0.421474 -0.225280 0.122978 -0.026463 0.237045 -0.052561 0.190175 0.020707 0.631860 0.233465 0.343546 -0.094343 0.425459 0.348898 -0.018245 -0.185072 0.288243 -0.120967 0.249328 0.322395 0.120608 -0.130217 -0.086830 -0.158488 0.170111 0.102764 0.045550 -0.152745 -0.037095 -0.240551 -0.262007 0.087009 0.124579 0.160076 0.118251 -0.022859 0.089862 -0.150723 0.160471 0.053935 -0.054630 -0.055728 0.083184 -0.058288 -0.014870 -0.190740 0.407563 -0.052042 0.267329 0.157539 -0.311041 0.043988 0.010408 -0.223497 0.030653 -0.311954 -0.149720 -0.339555 0.011270 -0.134609 -0.199223 -0.056645 0.342391 0.161049 -0.186769 -0.154904 0.010818 -0.342432 -0.024254 0.000061 -0.135161 0.031233 0.153829 0.073928 -0.013700 -0.088055 0.053644 0.029893 -0.304374 -0.037117 0.132142 -0.155287 0.318766 -0.041208 0.241416 -0.105842 0.130083 -0.141765 -0.321689 -0.127278 -0.171030 -0.079314 -0.431221 0.103610 -0.182873 -0.166796 -0.275857 -0.086895 -0.360142 -0.008936 -0.275434 -0.294931 -0.106204 -0.030486 -0.047544 -0.157247 0.071755 0.001595 -0.104438 -0.218239 -0.210507 -0.060016 0.035687 0.247053
0.001503 1.000000 -0.279320 0.314862 0.151421 0.189164 -0.177070 0.491138 0.249233 0.532129 -0.187690 0.459123 -0.118412 0.574128 -0.260289 0.524732 0.024971 0.078525 0.164075 0.268072 -0.138533 -0.180182 -0.233250 0.025130 0.340160 0.067349 -0.002769 0.045853 -0.236839 -0.004345 -0.443613 0.051908 0.075139 0.080376 -0.366206 -0.295328 -0.388415 -0.103344 -0.166726 -0.260261 -0.198977 -0.057384 -0.301649 -0.309248 -0.301487 -0.297194 -0.359151 -0.050446 -0.134394 -0.087173 -0.216600 0.062355 0.273723 0.008933 -0.245911 -0.321068 -0.009673 0.389394 0.438120 0.513113 0.311113 0.690131 0.185910 0.366433 -0.175134 0.376478 -0.067557 -0.105207 0.198620 0.209416 0.015760 0.172860 -0.048221 0.025281 0.058794 0.090854 -0.158583 -0.156506 -0.175964 -0.151868 -0.264509 -0.365167 -0.339701 0.006619 -0.346858 -0.493297 -0.304629 -0.226737 -0.348982 0.230260 0.100774 -0.139404 0.159389 0.089573 -0.227314 -0.026620 -0.230405 -0.370876 -0.025191 -0.156718 0.038866 0.168306 0.149016 -0.046736 0.165977 0.274288 0.173888 0.116842 -0.045940 -0.095233 -0.172821 -0.061688 0.095597 0.079962 0.195290 0.205870
0.421474 -0.279320 1.000000 -0.078326 0.489523 0.242315 0.731483 0.011643 0.454011 0.134848 0.206247 0.000835 0.323532 -0.130427 0.233545 0.015600 -0.459831 -0.316329 0.215799 -0.166674 -0.033064 -0.143972 0.526098 0.075045 0.171677 0.263119 0.181352 0.322010 -0.091991 -0.456349 0.176178 0.208671 -0.058759 0.167818 0.190730 0.170326 -0.007408 -0.260003 -0.086178 -0.089728 -0.128438 -0.140069 -0.121069 -0.114583 -0.135334 -0.014633 0.098562 -0.172606 0.203195 -0.242499 0.171132 -0.051218 -0.162614 -0.334695 0.017734 0.004881 -0.352180 -0.400725 -0.111809 -0.248042 -0.012222 -0.327562 -0.465951 -0.317758 0.241095 -0.147748 0.092333 0.293753 -0.159834 -0.027264 0.242623 0.056057 -0.206496 -0.067828 -0.072117 0.017436 0.035589 0.152701 -0.176437 -0.243351 -0.306611 -0.034595 0.021195 -0.102466 0.155366 0.125486 0.379733 -0.096982 0.346870 0.011932 0.024831 0.024405 0.024987 -0.001971 -0.258972 -0.214716 -0.207886 -0.011408 -0.121398 -0.167148 -0.330860 -0.229987 -0.164735 -0.005389 -0.404694 -0.311527 -0.278946 -0.329017 -0.018195 -0.034889 0.106674 -0.194780 -0.290834 -0.079101 -0.218741 -0.116070
-0.225280 0.314862 -0.078326 1.000000 0.268442 0.286986 0.032099 0.720596 0.203208 0.610353 -0.151849 0.437301 -0.079202 0.530579 -0.073366 0.350268 -0.140331 -0.214671 -0.015300 0.293793 -0.156477 -0.382643 0.284943 0.459821 0.468232 0.335707 0.026308 0.171085 -0.370334 -0.132424 -0.223164 0.493012 0.145498 0.362617 -0.045750 0.082754 -0.197060 -0.166900 -0.361353 -0.097607 -0.371423 -0.125081 -0.277691 -0.311961 -0.344182 -0.004974 -0.192531 -0.171987 -0.403780 -0.295498 0.003201 -0.388947 0.068922 -0.370223 -0.437469 -0.137798 -0.313107 -0.154964 -0.241655 -0.107559 -0.117296 0.096415 -0.253155 -0.154402 -0.060093 0.298438 -0.326069 0.288142 -0.068583 0.361731 0.356472 0.416167 -0.277381 0.125146 0.003967 0.263336 0.230146 0.293327 -0.345729 -0.415267 -0.183216 -0.234733 -0.072474 0.204834 -0.058154 -0.190473 -0.317141 -0.186886 0.033816 0.066837 0.227777 -0.137664 0.370119 -0.059458 0.172294 -0.043730 -0.029374 0.069827 -0.182777 -0.064451 0.164313 -0.142097 0.113838 -0.126172 -0.192355 -0.080231 -0.167835 -0.194939 -0.214405 0.034283 0.182847 -0.166327 0.063402 -0.068643 -0.012065 -0.027752
0.122978 0.151421 0.489523 0.268442 1.000000 0.436495 0.369795 0.439635 0.725714 0.642064 -0.054434 0.197800 0.228906 0.312710 -0.108488 0.362582 -0.509414 -0.166660 -0.079605 -0.021215 -0.030230 -0.342136 0.266861 0.261545 0.542683 0.464298 0.226827 0.316706 -0.487600 -0.414045 -0.183189 0.427160 -0.149508 0.218220 -0.079478 -0.003058 -0.297291 -0.368235 -0.074976 -0.029863 -0.313578 -0.261058 -0.414714 -0.423480 -0.403544 -0.084180 -0.196500 -0.269168 -0.045553 -0.336948 -0.038281 -0.176819 0.225421 -0.357520 -0.147239 -0.270179 -0.316178 -0.114370 0.096317 0.084504 0.234768 0.047294 -0.327832 -0.198046 -0.023664 0.056704 0.022518 0.487627 -0.137682 0.307684 0.397828 0.285750 -0.279763 -0.076265 -0.123628 0.095424 -0.038134 0.215796 -0.380373 -0.471378 -0.389859 -0.312753 -0.289551 0.000695 -0.257697 -0.217324 -0.138868 -0.071870 0.021809 0.023073 0.320341 -0.049895 0.306090 0.088238 -0.126268 -0.071117 -0.155437 0.046140 -0.164098 -0.098883 -0.021057 -0.017338 0.239639 0.138569 -0.213807 -0.098527 -0.045720 -0.077458 -0.017717 0.073467 0.050762 -0.092496 -0.039369 0.122930 -0.013490 0.124268
-0.026463 0.189164 0.242315 0.286986 0.436495 1.000000 0.072416 0.305173 0.402201 0.434320 0.069844 0.355362 0.147291 0.279804 -0.086293 0.287244 -0.478203 -0.358734 -0.146943 -0.011999 0.146987 -0.061002 0.133113 0.082921 0.391492 0.305131 0.422030 0.479717 -0.322097 -0.228518 -0.280190 0.141905 0.021406 -0.028834 0.074481 0.186668 -0.158016 -0.200328 -0.335403 -0.134625 0.039166 -0.201096 -0.100086 -0.238692 -0.187942 0.032358 -0.019324 -0.060323 -0.059301 -0.018088 0.019672 0.026693 0.363943 -0.174021 -0.241693 -0.196982 -0.290851 -0.066221 0.055870 0.125796 0.065580 0.068421 -0.131271 -0.092936 -0.226937 0.207329 0.152806 0.330363 0.058168 0.102632 0.123908 0.059141 -0.274374 0.066724 -0.088872 0.300193 0.108184 0.197053 -0.205979 -0.173211 -0.284133 -0.115824 -0.094394 -0.026810 -0.178133 0.013993 -0.063744 -0.162602 -0.312070 -0.040316 0.251470 -0.048516 0.208293 0.049612 -0.126930 -0.062122 -0.033238 0.082978 0.018303 -0.087204 -0.010525 0.075768 0.194454 -0.074140 -0.078786 -0.025544 0.020527 -0.153154 0.045930 0.072866 0.217889 -0.019600 0.113942 0.056798 0.076954 -0.006087
0.237045 -0.177070 0.731483 0.032099 0.369795 0.072416 1.000000 0.174510 0.390533 0.065195 0.122657 -0.114537 0.481131 -0.012226 0.382521 0.020301 -0.277982 -0.049853 0.187682 -0.237905 0.088418 -0.031502 0.355692 -0.054139 -0.120843 -0.012790 0.140280 0.098380 0.122056 -0.135049 0.290298 0.246971 0.030118 0.168289 0.107111 0.118224 0.010605 -0.337639 -0.165940 -0.250311 -0.279004 -0.299532 -0.035912 -0.029732 0.010549 -0.014826 0.068344 -0.256406 0.095276 -0.201460 0.069366 -0.065974 -0.099006 -0.405397 -0.028193 -0.076078 -0.359637 -0.413566 -0.017803 -0.097944 0.144834 -0.126803 -0.288264 -0.204909 0.245229 0.051399 0.127286 0.018299 -0.195224 -0.079009 0.167998 0.036243 -0.023243 -0.013651 0.108464 0.106442 0.119711 0.133207 -0.102348 -0.158616 -0.163863 -0.036264 0.115948 -0.110341 0.185059 0.000307 0.289536 -0.205468 0.229854 -0.022723 -0.216267 -0.235855 -0.042217 -0.214255 -0.357272 -0.236763 -0.301383 -0.103713 -0.072183 -0.265891 -0.294684 -0.166535 -0.260807 -0.039495 -0.559555 -0.476580 -0.357365 -0.366985 -0.088209 0.011087 -0.070200 -0.173646 -0.438513 -0.148793 -0.271021 -0.230620
-0.052561 0.491138 0.011643 0.720596 0.439635 0.305173 0.174510 1.000000 0.382172 0.759828 -0.228501 0.511051 0.184580 0.813162 -0.230434 0.556815 -0.093503 0.005412 -0.190398 0.205675 -0.261973 -0.382525 0.025413 0.205212 0.454370 0.301166 -0.080713 -0.017830 -0.389373 -0.097352 -0.407715 0.342766 0.255370 0.371331 -0.277749 0.048787 -0.160733 -0.153429 -0.163149 0.019175 -0.396919 -0.162567 -0.378501 -0.377606 -0.399815 -0.129251 -0.273221 -0.247173 -0.257888 -0.312821 -0.241756 -0.306314 0.181753 -0.402332 -0.176361 -0.113224 -0.296480 -0.077737 -0.100431 0.012518 0.293749 0.317631 -0.096364 -0.087189 -0.265629 0.304321 -0.435919 0.200508 -0.174769 0.335828 0.307144 0.315393 -0.164536 -0.045383 -0.070515 0.118812 0.063743 0.163824 -0.351784 -0.425011 -0.152449 -0.269576 -0.403552 0.220289 -0.242995 -0.281652 -0.395665 -0.048396 -0.052501 0.150575 0.247527 -0.321304 0.371001 0.014960 0.058668 -0.019349 -0.068151 -0.123678 -0.189813 -0.196132 0.034128 -0.063396 0.001209 -0.178795 -0.227630 -0.132437 -0.139646 -0.174091 -0.229815 -0.151819 -0.021794 -0.216736 -0.022441 -0.177019 -0.040100 0.036432
0.190175 0.249233 0.454011 0.203208 0.725714 0.402201 0.390533 0.382172 1.000000 0.583677 0.021315 0.258330 0.352570 0.327492 0.051223 0.498159 -0.530991 -0.043326 -0.124650 -0.200103 0.017357 -0.281985 0.286740 -0.012435 0.546693 0.409371 0.261899 0.311389 -0.545502 -0.414260 -0.287420 0.158600 -0.174860 0.151108 0.056378 0.080935 -0.314025 -0.417093 -0.110904 -0.279233 -0.320296 -0.506046 -0.288908 -0.353106 -0.235614 -0.082483 -0.214036 -0.383327 0.223118 -0.175287 0.250237 0.063002 0.094368 -0.230983 -0.080989 -0.255590 -0.410744 -0.067165 0.218031 0.008220 0.280311 0.133728 -0.251650 -0.028792 0.212288 0.274024 0.037258 0.215901 -0.090674 0.108859 0.150527 0.176602 -0.278974 -0.065201 -0.040388 0.075455 -0.022387 0.106463 -0.336291 -0.371069 -0.465431 -0.330139 -0.303642 -0.153106 -0.106981 -0.166787 0.078891 -0.247062 0.085888 0.050810 0.018722 -0.296650 0.108898 -0.052580 -0.233078 -0.068494 -0.259941 -0.024338 -0.092943 -0.162384 -0.131378 0.094598 -0.046803 -0.118988 -0.332994 -0.140891 0.142522 -0.049589 -0.059583 0.087703 0.024038 -0.110284 -0.076375 -0.008021 0.099796 0.186801
0.020707 0.532129 0.134848 0.610353 0.642064 0.434320 0.065195 0.759828 0.583677 1.000000 -0.127756 0.512746 0.089218 0.674181 -0.203417 0.592444 -0.334087 -0.141189 -0.126866 0.283823 -0.313066 -0.548602 0.125500 0.331412 0.682394 0.382251 -0.003035 0.138219 -0.536858 -0.377344 -0.486532 0.364714 0.008622 0.261144 -0.228362 -0.038965 -0.418596 -0.325424 -0.262487 -0.127131 -0.433998 -0.219529 -0.395547 -0.412449 -0.468127 -0.169227 -0.276988 -0.213977 -0.162121 -0.248475 -0.087454 -0.142838 0.201671 -0.323722 -0.269460 -0.135181 -0.320512 0.046314 0.045637 0.086583 0.185207 0.331120 -0.198865 -0.092380 -0.095471 0.287341 -0.333405 0.366213 -0.050469 0.453428 0.426158 0.417225 -0.308309 -0.119463 -0.121517 0.093591 -0.010749 0.212360 -0.485451 -0.541903 -0.441673 -0.409143 -0.402263 0.092322 -0.325830 -0.267617 -0.275087 -0.175456 0.002436 0.197206 0.340341 -0.223674 0.380847 -0.010264 0.008542 -0.128287 -0.101572 -0.089763 -0.104040 -0.089015 0.029617 -0.030750 0.213412 -0.070008 -0.073736 0.038737 0.029967 -0.050728 -0.196617 -0.097602 -0.042325 -0.153199 0.070085 0.008879 0.032752 -0.004222
0.631860 -0.187690 0.206247 -0.151849 -0.054434 0.069844 0.122657 -0.228501 0.021315 -0.127756 1.000000 0.001642 0.446014 -0.258842 0.612485 0.062485 -0.012106 -0.207823 0.195916 -0.119732 0.349669 0.423465 0.193937 -0.015548 -0.272860 -0.395182 0.422706 0.189252 0.109922 -0.097107 0.176703 -0.220383 -0.261494 0.058934 0.250291 0.196194 0.021181 -0.219861 -0.159357 -0.342097 0.179905 -0.069694 0.052735 0.018474 0.192777 0.099319 -0.045421 -0.176009 0.292856 0.059437 0.407545 0.154163 -0.336764 0.077040 -0.278180 -0.389988 0.024299 -0.235566 -0.288071 -0.345706 -0.217177 -0.182748 -0.123955 0.021832 0.414030 0.291074 -0.073088 -0.085940 0.150756 -0.292823 -0.113058 -0.113973 -0.316249 -0.011480 0.130043 0.016897 -0.055422 -0.165580 0.119253 0.089551 -0.277128 0.140892 0.521337 -0.213934 0.405067 0.160562 0.145466 -0.183241 0.135073 -0.324154 -0.319383 0.062532 -0.150185 -0.141058 -0.359961 0.017260 -0.185750 -0.040737 -0.110343 -0.090553 -0.134384 0.127440 -0.143736 -0.216750 0.024628 -0.001643 -0.058255 -0.114822 0.111204 0.121728 0.007314 -0.034654 -0.040603 0.014756 0.059396 0.059231
0.233465 0.459123 0.000835 0.437301 0.197800 0.355362 -0.114537 0.511051 0.258330 0.512746 0.001642 1.000000 0.042575 0.526654 -0.211835 0.611450 -0.080049 -0.071599 -0.138603 0.075052 -0.131086 -0.225115 0.008597 0.123598 0.466460 0.370235 -0.062043 0.181863 -0.211400 -0.093024 -0.542955 0.058507 -0.115241 0.204356 -0.144511 0.091100 -0.148551 -0.055413 -0.153868 0.048756 -0.107067 -0.076185 -0.236670 -0.339444 -0.205223 -0.067944 -0.265504 -0.164613 0.016013 -0.114788 -0.141517 -0.074336 0.106623 -0.157607 -0.068063 -0.160650 -0.209883 -0.098717 -0.052000 -0.122440 0.152863 0.142598 -0.070316 -0.069985 -0.114231 0.255700 -0.257308 0.220870 -0.146416 0.078108 0.203999 0.147739 -0.188242 -0.060188 -0.157511 0.076032 -0.086788 0.030893 -0.089551 -0.140207 -0.107405 -0.042769 -0.451762 0.337925 -0.219971 0.004806 -0.016213 0.123250 -0.069307 0.225800 0.132271 -0.178958 0.116095 -0.047210 -0.063887 0.013301 -0.203645 -0.224580 -0.237697 -0.176630 -0.048962 -0.072790 -0.040050 -0.314241 -0.075584 0.051392 0.120605 -0.155594 -0.127599 -0.177627 -0.129973 -0.332651 0.023636 -0.122080 0.019972 0.071169
0.343546 -0.118412 0.323532 -0.079202 0.228906 0.147291 0.481131 0.184580 0.352570 0.089218 0.446014 0.042575 1.000000 0.166745 0.576460 0.191847 -0.104972 0.033091 -0.287260 -0.374059 0.172355 0.242722 0.032615 -0.280070 -0.192194 -0.258363 0.276281 0.115345 0.012567 -0.007502 0.105100 -0.089063 0.104251 0.155684 0.150616 0.382795 0.044934 -0.200583 -0.039261 -0.160898 -0.136719 -0.460136 -0.031877 -0.090894 0.135277 0.165978 -0.064296 -0.392338 0.327710 -0.088227 0.116779 0.063379 -0.023980 -0.182390 -0.083120 -0.194497 -0.226884 -0.280349 0.002940 -0.225711 0.401886 0.034215 -0.015500 -0.024082 0.150785 0.354741 -0.183413 -0.083502 -0.112517 -0.211394 0.013742 0.040391 -0.143631 -0.049602 0.112892 0.070941 0.037280 0.001367 -0.124426 -0.169773 -0.224372 -0.082086 0.241812 -0.243297 0.171693 0.069747 0.112160 -0.235589 0.099104 -0.282967 -0.290233 -0.226818 -0.077273 -0.147193 -0.275694 -0.013912 -0.192287 -0.069417 -0.204793 -0.251226 -0.009035 0.062690 -0.277361 -0.169094 -0.372487 -0.376357 -0.200331 -0.303799 -0.014286 0.070468 0.004131 -0.106975 -0.203596 -0.110318 -0.146216 -0.011382
-0.094343 0.574128 -0.130427 0.530579 0.312710 0.279804 -0.012226 0.813162 0.327492 0.674181 -0.258842 0.526654 0.166745 1.000000 -0.272251 0.549916 0.127318 0.215380 -0.186884 0.253645 -0.286475 -0.371620 0.077256 0.151958 0.541390 0.325340 -0.097292 0.070850 -0.239805 0.003075 -0.489687 0.258164 0.326954 0.355677 -0.234728 -0.058504 -0.301072 -0.144540 -0.262020 -0.027354 -0.405701 -0.214113 -0.450207 -0.500883 -0.481942 -0.298233 -0.427811 -0.305583 -0.348258 -0.386968 -0.288477 -0.384007 0.208734 -0.321096 -0.241089 -0.092117 -0.187804 0.225235 0.001272 0.051439 0.498969 0.508618 0.222406 0.161702 -0.267902 0.220707 -0.356737 0.110341 -0.065417 0.370615 0.300736 0.324045 -0.026029 0.034029 -0.019528 0.133659 0.080419 0.161203 -0.309793 -0.356758 -0.011484 -0.268525 -0.459338 0.243101 -0.296574 -0.323044 -0.397457 -0.068544 -0.050141 0.323640 0.207080 -0.368923 0.146557 -0.036944 0.078445 -0.215767 -0.183256 -0.301758 -0.253139 -0.314136 0.171627 0.015942 -0.071754 -0.189215 -0.137957 -0.056242 -0.015328 -0.221731 -0.235318 -0.216900 -0.148645 -0.321815 -0.136501 -0.244901 -0.105670 -0.073793
0.425459 -0.260289 0.233545 -0.073366 -0.108488 -0.086293 0.382521 -0.230434 0.051223 -0.203417 0.612485 -0.211835 0.576460 -0.272251 1.000000 -0.005968 -0.009200 -0.170042 0.143387 -0.187175 0.390196 0.504541 0.235327 -0.107514 -0.467200 -0.532720 0.318995 0.193989 0.163768 -0.015342 0.408387 -0.149732 -0.178797 0.001534 0.414852 0.332404 0.112786 -0.136195 -0.209036 -0.485732 0.046718 -0.336156 0.085610 0.009365 0.299004 0.153719 0.121945 -0.298925 0.333649 0.005983 0.494611 0.176913 -0.271748 0.059654 -0.237193 -0.268776 -0.089959 -0.342776 -0.194553 -0.311651 -0.141104 -0.086743 -0.178168 -0.011645 0.615968 0.424737 -0.046350 -0.220325 0.132134 -0.268925 -0.114583 0.012779 -0.170676 0.206749 0.301702 0.274765 0.211850 0.007597 -0.082342 -0.013917 -0.342812 -0.126858 0.774039 -0.441483 0.456574 -0.050583 0.230918 -0.510708 0.201433 -0.372349 -0.447026 -0.085326 -0.047872 -0.242302 -0.336697 -0.027710 -0.119108 0.045917 -0.152375 0.019782 -0.050546 -0.096962 -0.179285 -0.116744 -0.167553 -0.182577 -0.218933 -0.213830 0.137557 0.258516 0.149066 -0.128450 -0.236812 0.024329 0.004908 -0.055898
0.348898 0.524732 0.015600 0.350268 0.362582 0.287244 0.020301 0.556815 0.498159 0.592444 0.062485 0.611450 0.191847 0.549916 -0.005968 1.000000 -0.074494 0.138657 -0.086719 -0.044801 0.136115 0.011386 -0.049911 0.001896 0.372937 0.087587 0.108614 0.082998 -0.324727 -0.050823 -0.595811 -0.091058 -0.079814 0.208065 -0.196535 -0.016605 -0.145151 -0.290370 -0.062255 -0.199868 -0.028226 -0.068506 -0.396703 -0.475959 -0.229124 -0.233700 -0.428434 -0.388527 0.133702 -0.143117 0.035355 0.046799 -0.070441 -0.172897 -0.076720 -0.360767 -0.252716 -0.102480 0.034758 0.032320 0.270562 0.340749 -0.064792 0.112252 0.147257 0.473770 -0.312066 0.003736 -0.023482 -0.068879 0.017414 0.035500 -0.144387 0.051283 0.093954 0.135343 -0.133473 -0.083580 -0.022481 -0.050306 -0.200241 -0.080348 -0.338700 0.246316 0.036588 -0.175542 -0.197181 -0.148044 -0.085244 0.098672 -0.120129 -0.353816 0.095968 -0.126635 -0.179831 0.112275 -0.337760 -0.244128 -0.284624 -0.199291 -0.138456 -0.086958 -0.057426 -0.339432 -0.024182 0.088714 0.107975 0.086851 0.089026 -0.055873 -0.154707 -0.237590 -0.068068 -0.054175 0.167836 0.318640
-0.018245 0.024971 -0.459831 -0.140331 -0.509414 -0.478203 -0.277982 -0.093503 -0.530991 -0.334087 -0.012106 -0.080049 -0.104972 0.127318 -0.009200 -0.074494 1.000000 0.460348 0.040161 0.226175 -0.063330 0.236518 -0.197266 -0.094786 -0.293664 -0.369566 -0.069449 -0.244739 0.489125 0.450707 0.104492 -0.141090 0.299007 0.125887 -0.151565 -0.287621 -0.014216 0.125943 -0.090468 -0.019105 -0.014420 0.118233 -0.058691 -0.056764 -0.023940 -0.271114 -0.316309 -0.087531 -0.257729 -0.153278 -0.202168 -0.198446 -0.177893 0.195527 -0.110273 -0.043510 0.341405 0.259161 -0.102280 0.001828 0.162437 0.250283 0.550421 0.418427 0.007148 -0.061940 -0.218527 -0.408954 0.164378 -0.077502 -0.225680 -0.163355 0.356816 0.096692 0.227870 -0.161075 -0.116243 -0.291553 0.352834 0.374685 0.555289 0.289714 0.149137 0.249689 0.115369 0.055968 -0.223121 0.168346 0.007824 0.077775 -0.193191 -0.019109 -0.191118 0.011136 0.071665 -0.072731 -0.181267 -0.235722 -0.135117 -0.223820 0.311447 0.077598 -0.159014 -0.133933 0.183593 0.141707 -0.010733 0.047463 -0.103864 -0.206899 -0.339302 -0.080870 -0.117271 -0.233191 0.005465 -0.098192
-0.185072 0.078525 -0.316329 -0.214671 -0.166660 -0.358734 -0.049853 0.005412 -0.043326 -0.141189 -0.207823 -0.071599 0.033091 0.215380 -0.170042 0.138657 0.460348 1.000000 -0.115604 -0.126158 0.072452 0.033483 -0.241606 -0.201017 -0.106844 -0.133817 -0.120847 -0.301664 0.325632 0.468144 -0.017521 -0.077467 0.026643 0.008172 -0.166164 -0.155837 -0.055623 -0.047855 0.109811 0.026716 -0.127849 -0.071883 -0.145549 -0.079955 -0.003042 -0.206509 -0.311635 -0.182066 -0.159915 -0.070376 -0.246283 -0.083876 -0.152163 -0.035625 0.181542 0.089935 0.145556 0.195517 0.150212 0.175405 0.390827 0.244477 0.486075 0.373142 -0.005959 -0.081978 -0.090724 -0.333567 -0.075854 -0.163428 -0.072166 -0.125214 0.472090 0.086405 0.179421 -0.098774 -0.148464 -0.112851 0.265993 0.297348 0.371515 0.156708 -0.260939 0.178682 -0.036896 -0.082569 -0.109136 0.122047 0.094053 0.181766 -0.243613 -0.309447 -0.250882 -0.089848 0.042724 -0.053797 -0.206310 -0.192685 0.027264 -0.061645 0.040381 0.296943 -0.096413 0.035004 0.070312 0.122747 0.107613 0.247118 0.011675 -0.123359 -0.422340 0.097547 -0.178596 -0.079207 0.113424 0.058172
0.288243 0.164075 0.215799 -0.015300 -0.079605 -0.146943 0.187682 -0.190398 -0.124650 -0.126866 0.195916 -0.138603 -0.287260 -0.186884 0.143387 -0.086719 0.040161 -0.115604 1.000000 0.441302 0.168441 0.078751 0.305274 0.277897 -0.116268 -0.083065 0.037841 0.170787 0.234064 -0.082375 0.247293 0.158289 -0.106195 0.012840 -0.123035 -0.334242 -0.004998 -0.038602 -0.122541 -0.206830 0.178189 0.299494 -0.156193 -0.129006 -0.241512 -0.384364 -0.004418 0.030537 -0.283054 -0.291992 -0.004298 -0.219443 -0.243901 -0.096134 -0.328689 -0.189710 0.170704 0.111879 0.010178 0.115495 -0.188339 -0.009076 -0.000355 0.073892 0.136530 -0.148482 0.167383 -0.221716 0.282974 0.103539 0.084553 0.120686 0.088486 0.291223 0.255111 0.140622 0.063566 0.045162 -0.051968 -0.038115 -0.150299 -0.092948 0.226406 -0.110874 0.100969 -0.279625 0.106393 -0.208023 0.115572 0.098440 -0.020452 0.258676 -0.111016 -0.006556 -0.288525 0.023786 -0.064733 -0.069825 -0.027839 0.117625 -0.096585 -0.002369 0.154501 0.104314 0.074642 0.194665 -0.010743 -0.020609 0.142125 0.143969 -0.007892 -0.080928 -0.170942 0.169044 0.115616 0.086469
-0.120967 0.268072 -0.166674 0.293793 -0.021215 -0.011999 -0.237905 0.205675 -0.200103 0.283823 -0.119732 0.075052 -0.374059 0.253645 -0.187175 -0.044801 0.226175 -0.126158 0.441302 1.000000 -0.392432 -0.338754 0.177344 0.658662 0.142563 0.155256 -0.347582 -0.034464 0.074243 -0.068971 0.088161 0.452149 0.115005 0.091022 -0.428548 -0.417838 -0.301343 0.087525 -0.173562 0.147737 -0.100026 0.243316 -0.366496 -0.346984 -0.668079 -0.538717 -0.215539 0.107027 -0.592382 -0.494215 -0.450762 -0.582476 -0.063801 -0.119266 -0.302968 0.065923 0.233324 0.503644 -0.042664 0.123555 -0.079069 0.081193 0.072893 -0.078222 -0.337882 -0.344485 -0.151301 0.048380 0.321501 0.738455 0.324787 0.409116 0.004319 0.084244 -0.140767 0.099824 0.024679 0.150030 -0.359515 -0.232774 0.032013 -0.232471 -0.040813 0.281833 -0.469738 -0.305415 -0.283456 0.100265 0.142400 0.326044 0.607186 0.333342 0.337870 0.257739 0.255640 -0.083727 0.198288 -0.014107 -0.049072 0.125790 0.308707 -0.009248 0.437522 0.233505 0.247301 0.301979 0.080015 0.142609 -0.172905 -0.167559 -0.070051 -0.166425 0.032089 0.108298 0.101195 -0.172798
0.249328 -0.138533 -0.033064 -0.156477 -0.030230 0.146987 0.088418 -0.261973 0.017357 -0.313066 0.349669 -0.131086 0.172355 -0.286475 0.390196 0.136115 -0.063330 0.072452 0.168441 -0.392432 1.000000 0.684836 -0.137496 -0.368873 -0.374975 -0.312428 0.486514 0.256306 0.205446 0.433540 0.169275 -0.222616 -0.319283 -0.187504 0.352536 0.274002 0.381264 0.020832 -0.082154 -0.366838 0.353143 -0.004861 0.194011 0.074520 0.423972 0.201479 0.210621 -0.166566 0.056745 0.165224 0.290885 0.285885 0.040053 0.141944 -0.165619 -0.393719 0.067993 -0.294070 -0.064954 -0.036748 -0.115127 0.076122 0.115574 0.253415 0.251966 0.366967 0.146714 -0.372413 0.180602 -0.573319 -0.134669 -0.027131 0.294249 0.582472 0.579735 0.529196 0.364488 0.194896 0.186611 0.268469 -0.116937 0.050820 0.344195 -0.409434 0.419534 -0.039523 0.158232 -0.304962 -0.356098 -0.406920 -0.542695 -0.130865 -0.273740 -0.187653 -0.432872 0.210080 -0.119935 0.222582 0.006035 0.022740 -0.158153 0.122015 -0.015636 -0.092325 -0.067845 0.034467 -0.002778 -0.044470 0.446170 0.545525 0.137854 0.319054 0.056098 0.314589 0.214199 0.298589
0.322395 -0.180182 -0.143972 -0.382643 -0.342136 -0.061002 -0.031502 -0.382525 -0.281985 -0.548602 0.423465 -0.225115 0.242722 -0.371620 0.504541 0.011386 0.236518 0.033483 0.078751 -0.338754 0.684836 1.000000 -0.270172 -0.397960 -0.674215 -0.600237 0.316293 0.073088 0.353611 0.402757 0.221244 -0.498405 -0.117763 -0.181052 0.208226 0.145277 0.432111 0.167620 0.139765 -0.232354 0.562500 0.126228 0.200533 0.151002 0.450092 0.109261 0.160617 -0.076145 0.229240 0.245659 0.206008 0.321800 -0.094132 0.268621 -0.023425 -0.339538 0.194288 -0.236396 -0.082934 -0.020624 -0.133282 0.051043 0.168491 0.272039 0.197361 0.310522 0.082566 -0.470532 0.317895 -0.568777 -0.443548 -0.363320 0.196054 0.273795 0.346619 0.225448 0.057475 -0.211998 0.430220 0.457227 0.099202 0.245797 0.537286 -0.271129 0.443508 0.131031 0.089543 -0.150172 -0.309164 -0.389327 -0.555539 -0.048364 -0.207296 -0.123051 -0.351455 0.304373 -0.029821 0.048728 0.016829 0.042770 -0.106421 0.011303 -0.193680 -0.243757 0.078892 -0.019603 -0.072334 0.027909 0.414481 0.307648 0.030594 0.145583 -0.064777 0.042354 0.225427 0.257974
0.120608 -0.233250 0.526098 0.284943 0.266861 0.133113 0.355692 0.025413 0.286740 0.125500 0.193937 0.008597 0.032615 0.077256 0.235327 -0.049911 -0.197266 -0.241606 0.305274 0.177344 -0.137496 -0.270172 1.000000 0.520695 0.385440 0.399690 0.258458 0.504644 -0.138668 -0.392270 0.259033 0.520469 0.065161 0.391004 0.297201 0.082843 -0.211659 -0.305142 -0.300623 -0.124327 -0.220133 -0.185465 -0.321168 -0.271893 -0.387035 -0.117471 -0.146650 -0.242044 -0.171732 -0.468602 0.352385 -0.450776 -0.220382 -0.302130 -0.364641 -0.054314 -0.212266 -0.084118 -0.337468 -0.389137 -0.249586 -0.269347 -0.360118 -0.221665 0.308476 -0.159990 -0.000403 0.363612 -0.089541 0.280875 0.319430 0.269058 -0.301706 0.000081 -0.102584 0.142343 0.208492 0.241397 -0.270353 -0.332370 -0.192218 -0.115930 0.242719 0.055206 0.125845 0.023580 0.105864 -0.130485 0.460658 0.163154 0.122504 0.106097 -0.017387 -0.156038 -0.012001 -0.397356 -0.200872 0.048212 -0.322302 -0.208489 -0.031892 -0.276189 -0.032385 -0.016654 -0.305337 -0.187842 -0.284366 -0.418024 -0.196387 -0.075408 0.180097 -0.376378 -0.260055 -0.140650 -0.274856 -0.284453
-0.130217 0.025130 0.075045 0.459821 0.261545 0.082921 -0.054139 0.205212 -0.012435 0.331412 -0.015548 0.123598 -0.280070 0.151958 -0.107514 0.001896 -0.094786 -0.201017 0.277897 0.658662 -0.368873 -0.397960 0.520695 1.000000 0.307206 0.405852 -0.186985 0.224141 -0.161802 -0.317581 0.111993 0.614862 -0.058849 0.219746 -0.153433 -0.271045 -0.294812 -0.114279 -0.167522 0.113080 -0.099938 0.225158 -0.575051 -0.450545 -0.695444 -0.376305 -0.345621 -0.053064 -0.426630 -0.552543 -0.225589 -0.661928 -0.269687 -0.322374 -0.360284 -0.032201 0.111497 0.141199 -0.213762 -0.051074 -0.180587 -0.179348 -0.233592 -0.250773 -0.129634 -0.279800 -0.031533 0.493552 0.025533 0.659474 0.434922 0.463739 -0.312270 -0.135079 -0.324416 0.117003 -0.013164 0.226062 -0.409898 -0.414610 -0.128062 -0.282305 0.054235 0.336855 -0.329906 -0.164461 -0.163968 0.101451 0.376302 0.170736 0.607068 0.367791 0.421133 0.196061 0.222149 -0.131484 0.121791 0.049180 -0.206615 0.161928 0.185467 -0.210505 0.512564 0.321479 0.241434 0.275273 -0.021278 0.072008 -0.087761 -0.116361 0.096419 -0.206913 0.044373 0.139356 0.142683 -0.065595
-0.086830 0.340160 0.171677 0.468232 0.542683 0.391492 -0.120843 0.454370 0.546693 0.682394 -0.272860 0.466460 -0.192194 0.541390 -0.467200 0.372937 -0.293664 -0.106844 -0.116268 0.142563 -0.374975 -0.674215 0.385440 0.307206 1.000000 0.737275 0.101712 0.332607 -0.610445 -0.447544 -0.576293 0.329104 0.108172 0.346710 -0.063306 -0.022795 -0.448896 -0.217339 -0.225381 0.033176 -0.353989 -0.182935 -0.348182 -0.331728 -0.453512 -0.094898 -0.295109 -0.131129 -0.160561 -0.213040 0.089245 -0.208448 0.184203 -0.180208 -0.203212 0.025068 -0.276579 0.166505 0.068709 -0.030425 0.153217 0.114969 -0.118677 -0.069196 -0.094250 -0.002270 -0.118852 0.499619 -0.183052 0.338227 0.249170 0.254988 -0.309296 -0.148259 -0.184654 -0.069977 -0.040642 0.126543 -0.321356 -0.370622 -0.184303 -0.207421 -0.504687 0.203199 -0.258228 -0.056996 -0.237396 -0.056798 0.081092 0.248079 0.339532 -0.106280 0.123833 -0.026543 0.144382 -0.261694 -0.119933 -0.111913 -0.130538 -0.140380 0.007354 -0.042806 0.070800 -0.101107 -0.073499 0.072040 0.146545 -0.109001 -0.294858 -0.204842 0.054350 -0.239763 0.076011 -0.043912 -0.053509 0.021313
-0.158488 0.067349 0.263119 0.335707 0.464298 0.305131 -0.012790 0.301166 0.409371 0.382251 -0.395182 0.370235 -0.258363 0.325340 -0.532720 0.087587 -0.369566 -0.133817 -0.083065 0.155256 -0.312428 -0.600237 0.399690 0.405852 0.737275 1.000000 -0.130863 0.379051 -0.355261 -0.268379 -0.219186 0.482419 -0.004733 0.284971 0.053614 0.098898 -0.213563 -0.039148 -0.058651 0.278143 -0.250852 -0.037522 -0.329426 -0.297403 -0.397465 -0.024411 -0.120719 -0.068193 -0.272656 -0.274619 -0.131861 -0.386770 0.181721 -0.253750 -0.078313 0.120413 -0.166896 0.088126 -0.080222 -0.140926 0.042752 -0.104379 -0.207039 -0.289156 -0.242314 -0.290929 0.030394 0.512781 -0.159466 0.362663 0.390865 0.418525 -0.073875 -0.052717 -0.250272 0.087124 0.166652 0.385229 -0.395160 -0.387335 -0.080199 -0.262190 -0.534247 0.178362 -0.365079 -0.041201 0.071877 0.210741 0.183946 0.250821 0.441762 0.041020 0.107247 0.098239 0.176256 -0.187414 0.000678 0.017699 -0.162982 -0.053135 -0.003253 -0.152145 0.132718 0.175557 -0.142178 0.040974 0.107502 -0.128725 -0.213282 -0.106015 0.132763 -0.144612 0.123047 -0.002022 -0.061636 -0.034720
0.170111 -0.002769 0.181352 0.026308 0.226827 0.422030 0.140280 -0.080713 0.261899 -0.003035 0.422706 -0.062043 0.276281 -0.097292 0.318995 0.108614 -0.069449 -0.120847 0.037841 -0.347582 0.486514 0.316293 0.258458 -0.186985 0.101712 -0.130863 1.000000 0.592311 -0.152399 -0.069512 0.127859 -0.000300 -0.015006 0.103518 0.401134 0.215282 -0.114625 -0.287092 -0.367769 -0.458637 0.003828 -0.306002 0.039176 -0.026642 0.174980 0.264137 -0.019223 -0.241882 0.070914 0.056093 0.527459 0.220290 0.108558 0.081797 -0.453103 -0.457087 -0.077601 -0.125541 -0.049572 -0.031532 -0.075879 0.064537 0.020696 0.193898 0.326039 0.423974 0.112026 0.043882 0.090050 -0.331735 -0.193746 -0.133065 -0.226029 0.148128 0.268512 0.148440 0.070092 -0.089968 0.059433 0.039505 -0.268219 0.035856 0.431426 -0.352262 0.302483 0.138756 -0.044769 -0.382271 -0.229621 -0.325985 -0.343748 -0.042957 -0.159173 -0.237768 -0.391725 -0.143115 -0.309765 0.096220 -0.034758 -0.237038 -0.065388 0.091307 -0.003524 -0.132580 -0.133797 -0.013805 -0.182479 -0.250900 0.145404 0.275287 0.221707 0.097342 0.106894 0.124449 0.109604 0.134236
0.102764 0.045853 0.322010 0.171085 0.316706 0.479717 0.098380 -0.017830 0.311389 0.138219 0.189252 0.181863 0.115345 0.070850 0.193989 0.082998 -0.244739 -0.301664 0.170787 -0.034464 0.256306 0.073088 0.504644 0.224141 0.332607 0.379051 0.592311 1.000000 -0.240696 -0.210164 0.077605 0.239778 -0.106051 0.201345 0.436418 0.201540 -0.068793 -0.100671 -0.323708 -0.298797 0.080004 -0.230703 -0.248420 -0.340158 -0.163452 0.053280 -0.009103 -0.241287 -0.122764 -0.226584 0.317437 -0.116805 0.216791 -0.051338 -0.514332 -0.431363 0.004288 0.004379 -0.114232 -0.113000 -0.151734 0.050085 -0.093053 -0.006303 0.149695 0.169323 0.057474 0.279257 0.198500 -0.004302 0.066782 0.215676 -0.272323 0.234724 0.197599 0.287470 0.219769 0.225957 -0.329581 -0.251119 -0.406802 -0.275964 0.228788 -0.296521 0.003060 -0.043365 0.235802 -0.281173 0.012006 -0.187988 0.046000 0.192130 -0.019167 0.008716 -0.359277 -0.150215 -0.200706 0.035213 -0.134892 -0.047165 0.045360 -0.208308 0.188568 0.036272 0.002038 0.145248 0.026646 -0.250228 0.136969 0.271593 0.332405 -0.074400 0.222124 0.240222 0.180457 0.081682
0.045550 -0.236839 -0.091991 -0.370334 -0.487600 -0.322097 0.122056 -0.389373 -0.545502 -0.536858 0.109922 -0.211400 0.012567 -0.239805 0.163768 -0.324727 0.489125 0.325632 0.234064 0.074243 0.205446 0.353611 -0.138668 -0.161802 -0.610445 -0.355261 -0.152399 -0.240696 1.000000 0.670009 0.460992 -0.025557 0.057928 -0.061686 -0.078313 -0.171141 0.119956 0.096251 -0.140811 -0.022367 0.058418 0.240232 0.189926 0.197913 0.187342 -0.143941 0.062510 0.062608 -0.257250 -0.023507 -0.372642 -0.122057 -0.134309 0.020975 -0.015744 0.081795 0.111736 0.042236 -0.034670 0.055649 0.097975 0.034337 0.453327 0.234707 0.016851 -0.295096 0.104433 -0.494688 0.186114 -0.213190 -0.014283 -0.120147 0.688068 0.290618 0.266563 0.127832 0.100017 -0.015186 0.410169 0.381208 0.428591 0.284193 0.199550 0.087087 0.121656 0.075339 0.174320 0.164937 -0.027990 0.118963 -0.294983 0.003605 -0.352756 -0.052270 -0.133653 -0.201115 -0.278511 -0.105774 -0.011150 -0.215703 0.033199 0.175756 -0.117557 0.154072 0.035413 -0.016946 -0.186817 -0.115530 -0.030409 -0.101741 -0.432666 0.055127 -0.294616 -0.122934 -0.122911 -0.363727
-0.152745 -0.004345 -0.456349 -0.132424 -0.414045 -0.228518 -0.135049 -0.097352 -0.414260 -0.377344 -0.097107 -0.093024 -0.007502 0.003075 -0.015342 -0.050823 0.450707 0.468144 -0.082375 -0.068971 0.433540 0.402757 -0.392270 -0.317581 -0.447544 -0.268379 -0.069512 -0.210164 0.670009 1.000000 0.152260 -0.105898 0.026026 -0.105648 -0.010881 0.048755 0.296743 0.241515 -0.065579 -0.065644 0.116546 0.148269 0.176741 0.148435 0.243830 0.048141 -0.005197 -0.029974 -0.240756 0.101777 -0.341736 -0.057548 0.091068 0.090286 -0.020636 -0.098268 0.137781 0.072935 0.016097 0.100798 0.192981 0.295356 0.562523 0.416585 -0.118828 0.027909 -0.090170 -0.530386 0.107201 -0.345081 -0.103852 0.023029 0.749041 0.487393 0.428929 0.385823 0.326233 0.139256 0.303795 0.395168 0.401408 0.166853 0.035410 0.022416 0.071938 -0.061450 -0.066595 0.041867 -0.370625 -0.067068 -0.344984 -0.133475 -0.259252 -0.057351 -0.104308 -0.016215 -0.182673 0.015702 0.004010 -0.150657 0.061658 0.252567 -0.099875 0.011101 0.067145 0.078648 -0.077269 0.009040 0.014030 0.100647 -0.271237 0.275955 0.026331 0.004395 -0.007270 -0.112059
-0.037095 -0.443613 0.176178 -0.223164 -0.183189 -0.280190 0.290298 -0.407715 -0.287420 -0.486532 0.176703 -0.542955 0.105100 -0.489687 0.408387 -0.595811 0.104492 -0.017521 0.247293 0.088161 0.169275 0.221244 0.259033 0.111993 -0.576293 -0.219186 0.127859 0.077605 0.460992 0.152260 1.000000 0.383385 0.000109 -0.087421 0.198014 0.046924 0.116392 0.027830 -0.001928 0.012301 -0.103471 -0.088056 0.141357 0.186761 0.115447 0.072114 0.280741 0.086667 -0.168053 -0.162781 0.014043 -0.145287 -0.113215 -0.005080 -0.125496 0.072902 0.303259 0.001122 -0.103720 -0.065108 -0.295325 -0.252937 -0.093717 -0.127535 0.101130 -0.296292 0.114526 -0.214551 0.160835 0.043473 0.185832 0.191090 0.224662 0.157484 0.106035 0.160316 0.270671 0.174815 -0.070062 -0.045680 -0.017660 -0.091204 0.566579 -0.308790 0.038747 -0.013969 0.232615 0.017979 0.192027 -0.099229 -0.052678 0.280997 -0.102648 0.079933 -0.107490 -0.108920 0.033330 0.239757 0.020598 0.053026 0.102338 -0.089125 0.113339 0.402093 -0.191149 -0.169802 -0.376466 -0.163493 0.005388 0.214845 0.096735 0.173919 -0.064736 0.120277 -0.090181 -0.207819
-0.240551 0.051908 0.208671 0.493012 0.427160 0.141905 0.246971 0.342766 0.158600 0.364714 -0.220383 0.058507 -0.089063 0.258164 -0.149732 -0.091058 -0.141090 -0.077467 0.158289 0.452149 -0.222616 -0.498405 0.520469 0.614862 0.329104 0.482419 -0.000300 0.239778 -0.025557 -0.105898 0.383385 1.000000 0.175562 0.347695 -0.071025 -0.071741 -0.255586 -0.183290 -0.241026 0.120510 -0.488772 -0.118832 -0.355412 -0.274161 -0.502286 -0.122915 -0.136215 -0.033342 -0.536322 -0.505408 -0.283613 -0.559269 0.086822 -0.403157 -0.362888 0.047138 0.051349 0.148025 -0.019458 0.023460 -0.044541 -0.038208 -0.169139 -0.220087 -0.208331 -0.267459 -0.065379 0.277576 -0.068509 0.578071 0.652609 0.609345 0.014303 0.107227 -0.071184 0.290465 0.304928 0.431774 -0.472415 -0.474373 -0.125381 -0.360021 -0.050804 0.097058 -0.392215 -0.213716 -0.147724 0.015955 0.133142 0.231864 0.396955 0.104797 0.161718 0.089532 0.016399 -0.287808 -0.087192 0.095825 -0.208575 -0.165632 0.131280 -0.167926 0.322756 0.284623 -0.288306 -0.111689 -0.357184 -0.311151 -0.272855 -0.019897 0.065830 -0.113398 -0.045510 0.074897 -0.210594 -0.252161
-0.262007 0.075139 -0.058759 0.145498 -0.149508 0.021406 0.030118 0.255370 -0.174860 0.008622 -0.261494 -0.115241 0.104251 0.326954 -0.178797 -0.079814 0.299007 0.026643 -0.106195 0.115005 -0.319283 -0.117763 0.065161 -0.058849 0.108172 -0.004733 -0.015006 -0.106051 0.057928 0.026026 0.000109 0.175562 1.000000 0.449965 -0.240718 -0.086525 -0.175822 -0.112494 -0.104243 0.186737 -0.243881 0.027449 0.035847 0.107651 -0.119075 -0.000190 -0.070811 0.016601 -0.284037 -0.061866 -0.179033 -0.217973 0.055361 -0.146498 -0.100807 0.215817 0.010340 0.200845 0.056632 0.095049 0.305452 0.170543 0.282875 0.105643 -0.326183 -0.085610 -0.172238 -0.075813 0.088791 0.089990 -0.060494 -0.098209 0.131255 -0.073360 0.004277 -0.171429 -0.031019 -0.223566 0.084734 0.009160 0.339834 0.112184 0.000237 0.150463 -0.110101 0.020401 -0.320427 0.081790 -0.013355 0.144562 -0.033450 -0.123443 -0.121918 -0.047130 0.156011 -0.240212 -0.066747 -0.222702 -0.079781 -0.376279 0.187531 -0.099055 -0.263309 -0.132249 -0.207852 -0.372883 -0.285705 -0.270330 -0.349838 -0.375866 -0.108819 -0.226126 -0.180613 -0.374135 -0.397288 -0.203152
0.087009 0.080376 0.167818 0.362617 0.218220 -0.028834 0.168289 0.371331 0.151108 0.261144 0.058934 0.204356 0.155684 0.355677 0.001534 0.208065 0.125887 0.008172 0.012840 0.091022 -0.187504 -0.181052 0.391004 0.219746 0.346710 0.284971 0.103518 0.201345 -0.061686 -0.105648 -0.087421 0.347695 0.449965 1.000000 -0.154836 0.058683 -0.326220 -0.273864 -0.206788 0.093344 -0.266519 0.006901 -0.386994 -0.249440 -0.210257 0.060059 -0.355701 -0.390010 -0.266705 -0.311840 -0.022860 -0.361398 -0.162413 -0.354551 -0.319253 -0.151848 -0.243437 -0.082209 -0.315499 -0.270225 0.106998 0.002870 -0.033662 -0.150578 0.059613 0.089213 -0.311892 0.236238 0.064992 0.178329 0.156560 0.038941 -0.196609 -0.117091 -0.124079 -0.142220 -0.180239 -0.189620 0.017056 -0.111803 0.149140 0.117787 -0.008616 0.257590 0.031243 0.064529 -0.223956 0.120750 0.296086 0.148761 -0.045793 -0.153266 0.042894 -0.097575 0.026971 -0.364232 -0.384838 -0.246644 -0.450698 -0.485741 -0.049830 -0.198932 -0.290317 -0.167829 -0.174518 -0.222450 -0.309952 -0.303693 -0.457171 -0.450771 -0.080168 -0.469983 -0.164793 -0.357346 -0.319212 -0.267872
0.124579 -0.366206 0.190730 -0.045750 -0.079478 0.074481 0.107111 -0.277749 0.056378 -0.228362 0.250291 -0.144511 0.150616 -0.234728 0.414852 -0.196535 -0.151565 -0.166164 -0.123035 -0.428548 0.352536 0.208226 0.297201 -0.153433 -0.063306 0.053614 0.401134 0.436418 -0.078313 -0.010881 0.198014 -0.071025 -0.240718 -0.154836 1.000000 0.649765 0.314762 0.081112 -0.202228 -0.356932 0.038384 -0.218206 0.231145 0.152316 0.405034 0.498335 0.255236 -0.099961 0.284809 0.217672 0.615252 0.221442 -0.084729 0.101095 -0.140925 -0.105224 -0.010922 -0.338639 -0.360143 -0.458022 -0.323353 -0.161236 -0.245119 -0.044282 0.484911 0.301301 0.088238 0.180665 -0.107582 -0.357654 0.042496 0.168642 -0.118009 0.290491 0.252734 0.396567 0.535768 0.436355 -0.201857 -0.099749 -0.311572 -0.186098 0.379599 -0.524784 0.460784 0.051745 0.423785 -0.344970 0.056367 -0.402063 -0.328264 -0.156927 -0.202692 -0.232360 -0.153476 -0.075082 0.028417 0.253399 -0.148886 0.018329 -0.155201 -0.155482 -0.134884 -0.103452 -0.215835 -0.092045 -0.151055 -0.336715 0.312165 0.452858 0.478935 0.115145 0.115942 0.100072 -0.029134 0.014586
0.160076 -0.295328 0.170326 0.082754 -0.003058 0.186668 0.118224 0.048787 0.080935 -0.038965 0.196194 0.091100 0.382795 -0.058504 0.332404 -0.016605 -0.287621 -0.155837 -0.334242 -0.417838 0.274002 0.145277 0.082843 -0.271045 -0.022795 0.098898 0.215282 0.201540 -0.171141 0.048755 0.046924 -0.071741 -0.086525 0.058683 0.649765 1.000000 0.373496 0.133250 -0.018057 -0.024995 0.019802 -0.223255 0.241535 0.218939 0.477020 0.643328 0.313217 -0.099522 0.296511 0.241550 0.412200 0.233359 0.053774 -0.022346 0.059024 0.007313 -0.165435 -0.482034 -0.337560 -0.560508 -0.218859 -0.240661 -0.350865 -0.295961 0.232990 0.330467 -0.232384 0.170222 -0.261779 -0.298793 0.081161 0.194794 -0.131382 0.171955 0.137568 0.334094 0.443583 0.383101 -0.180498 -0.119999 -0.198966 -0.051466 0.241588 -0.375041 0.312045 0.090784 0.259994 -0.203962 0.030996 -0.417815 -0.269179 -0.201164 -0.101505 -0.176674 -0.051251 0.057668 0.092198 0.183671 -0.265972 -0.064741 -0.272672 -0.154144 -0.293842 -0.184575 -0.354359 -0.296051 -0.257694 -0.351946 0.038393 0.291059 0.401902 0.031389 0.117883 0.072794 -0.215030 -0.033836
