1.000000 0.652562 -0.222303 -0.345249 -0.066264 -0.322363 0.039703 -0.302179 -0.003605 -0.202606 0.335299 0.310694 0.346510 0.080610 0.207889 0.081717 0.338595 0.205070 0.491304 0.133374 -0.231659 -0.384553 -0.255534 -0.333097 -0.299397 -0.431743 -0.265646 -0.159977 0.261245 0.283752 -0.124443 -0.062575 0.470421 0.191621 -0.071668 -0.177438 -0.201411 0.198963 -0.138413 -0.113605 -0.196077 -0.168303 -0.277926 -0.395878 -0.229817 -0.376743 -0.133982 -0.405391 -0.032434 -0.417672 -0.235143 -0.289844 0.312476 -0.095330 0.029800 -0.184218 0.427794 0.413949 0.277090 0.214715 0.373933 0.309759 0.598198 0.568912 -0.159506 -0.200684 0.097756 -0.096093 0.451368 0.273083 0.054665 0.114161 0.235756 0.227828 0.413747 0.150875 0.308251 0.182949 -0.332882 -0.115358 -0.075055 -0.126950 -0.284089 -0.122777 0.133038 0.153538 -0.249887 -0.237160 0.055103 0.249114 -0.303892 -0.145238 -0.146923 -0.066914 0.027173 0.007120 0.077634 -0.070430 -0.042540 0.038004 -0.234174 -0.020734 0.118866 -0.107131 -0.085808 -0.136642 0.044632 0.122266 -0.007172 -0.072247 -0.184377 0.013508 -0.055498 0.030801 0.075772 -0.035827
0.652562 1.000000 -0.344246 -0.334323 0.104287 -0.214421 -0.171337 -0.385573 0.126375 -0.204915 0.172847 0.063709 0.216217 -0.048074 0.263446 0.002453 0.262183 0.239663 0.352287 0.405435 0.077429 -0.158106 -0.142256 -0.320754 -0.193052 -0.315372 -0.151771 -0.012793 0.242692 0.248642 -0.039143 -0.115840 0.459278 0.098145 -0.125018 -0.229632 -0.011239 0.248780 0.109625 -0.090189 -0.108320 -0.089806 -0.373818 -0.431617 -0.301668 -0.532879 -0.018124 -0.296119 0.102757 -0.295116 -0.230588 0.047703 0.447343 0.285410 0.195541 -0.010045 0.348144 0.661269 0.271532 0.402440 0.141730 0.225374 0.347543 0.489901 -0.396608 -0.274513 0.031596 -0.351125 0.454470 0.457935 0.130752 0.136774 0.278394 0.288728 0.478586 0.030764 0.337555 0.222170 -0.239436 -0.032626 -0.007495 -0.090790 -0.268999 -0.181022 -0.187649 0.000920 -0.150214 -0.154942 -0.143538 0.160118 -0.001935 -0.054969 -0.315323 -0.188888 -0.005090 -0.026305 0.076950 0.073652 0.112639 0.239596 -0.071376 -0.002442 0.290173 -0.013646 -0.185366 -0.171724 -0.083027 0.033061 0.044287 0.113006 -0.206400 0.100467 0.172673 -0.091885 -0.053178 0.031926
-0.222303 -0.344246 1.000000 0.012183 0.091347 0.347970 0.489058 0.030165 0.192422 0.194246 0.038269 -0.183910 -0.073744 -0.354700 0.144551 -0.172386 -0.481530 -0.405597 0.051100 -0.069770 -0.075675 0.155273 0.652384 0.377029 0.209541 0.401250 0.548516 0.420455 -0.429800 -0.396858 0.061619 0.044283 -0.050665 -0.030926 0.343786 0.315461 -0.171470 -0.473001 0.101919 0.067334 -0.058611 -0.043490 -0.116959 0.004444 -0.114825 0.175269 -0.252224 0.159052 -0.152557 -0.203914 0.453581 -0.135602 -0.331200 -0.214878 0.033251 -0.128474 -0.285446 -0.160936 -0.317266 -0.318552 0.055493 -0.464144 -0.498107 -0.477708 0.580597 0.166269 0.117967 0.266902 0.015113 0.108469 -0.131872 -0.229392 -0.444139 -0.295517 -0.327675 -0.069685 -0.390038 -0.308897 0.174095 0.102743 -0.093212 0.026375 0.136318 -0.026113 0.048614 0.046348 -0.013177 0.048880 0.228300 0.013679 -0.109896 0.244886 0.066860 0.342634 0.154295 -0.040007 0.023251 0.077408 -0.335140 -0.232323 -0.186197 -0.118641 -0.334430 0.075701 0.081807 0.003821 0.021164 -0.241775 -0.087226 -0.046208 0.292542 -0.179379 -0.171185 -0.017600 -0.029676 -0.117210
-0.345249 -0.334323 0.012183 1.000000 0.054342 0.195905 -0.150211 0.631210 0.137445 0.462393 -0.065721 0.384876 -0.307843 0.164033 -0.148170 0.202373 -0.415752 -0.265013 0.135000 0.019922 -0.031335 -0.059389 0.052069 0.487563 0.219041 0.299921 -0.023564 0.161714 -0.238831 -0.172775 0.191211 0.476207 -0.216983 -0.278000 -0.085535 0.125503 -0.160107 0.060738 -0.191301 0.004187 -0.196927 -0.112967 -0.328421 -0.270447 -0.155835 -0.148243 -0.129609 -0.137865 0.015375 0.005582 0.020556 0.259745 -0.016962 -0.090986 -0.054974 0.023647 -0.196389 -0.430083 -0.214782 0.206872 -0.206324 0.161474 -0.257412 -0.120049 0.227772 0.516445 -0.266952 -0.092330 -0.191258 -0.364515 0.222419 0.268731 -0.333200 0.170610 -0.092943 0.228149 0.002846 0.143851 -0.126322 -0.340842 -0.360423 -0.359339 0.014425 -0.013342 -0.190145 0.084296 -0.075379 0.044003 0.200274 0.321707 -0.025340 -0.156291 0.245360 -0.092701 -0.200027 -0.191186 -0.188925 -0.249093 -0.103574 -0.206940 0.050504 -0.074181 -0.065496 0.062195 0.212856 0.125764 -0.051728 0.043842 -0.259771 -0.144413 -0.177054 -0.438512 -0.209026 0.016259 0.047154 -0.013514
-0.066264 0.104287 0.091347 0.054342 1.000000 0.350122 0.302406 0.235857 0.500145 0.322114 0.060599 0.061916 0.053729 0.232405 0.037839 0.123636 -0.039405 -0.099186 0.201705 0.307539 0.426870 0.035630 -0.195781 0.101434 0.470639 0.104392 0.200101 -0.046232 -0.141728 0.069288 0.094747 0.082160 -0.251659 -0.179438 -0.028301 0.091120 -0.204388 0.178452 -0.057553 -0.195911 -0.407905 -0.218386 -0.102151 -0.334984 0.162195 0.020800 -0.046416 -0.174957 0.219821 0.127634 -0.050178 0.209204 0.140496 0.012685 -0.144793 -0.292953 -0.071452 -0.070784 0.138478 0.191212 -0.066679 0.258213 -0.086356 -0.020352 -0.129259 0.189349 0.063757 0.049177 -0.268753 0.117474 0.290309 0.352688 0.143459 0.409471 0.282524 0.336174 0.212266 0.253818 -0.437043 -0.313217 -0.374531 -0.476858 -0.404451 -0.453767 -0.531255 -0.429238 -0.335545 -0.421460 -0.264234 -0.204549 0.305639 0.208571 0.081940 0.122887 0.214426 0.145477 -0.022447 -0.026115 0.039633 0.141448 0.047767 0.091068 0.002003 0.120424 0.054377 -0.138815 -0.189152 -0.119820 0.258655 0.226044 -0.190140 0.060584 0.117794 -0.146031 -0.225584 0.037102
-0.322363 -0.214421 0.347970 0.195905 0.350122 1.000000 -0.127666 0.106753 0.175208 0.430416 -0.340491 -0.287634 -0.510428 -0.388320 -0.209524 -0.387179 -0.506841 -0.314686 -0.251160 0.081286 0.346860 0.154608 0.395538 0.560276 0.718217 0.681058 0.685378 0.630923 -0.495404 -0.383823 0.193908 0.233477 -0.319327 -0.238528 0.426595 0.544943 -0.136946 -0.032019 0.100530 0.100294 -0.285766 -0.026259 -0.159849 -0.062109 -0.170355 0.233754 -0.152771 0.299914 -0.252882 -0.189903 0.277329 -0.077616 -0.358122 -0.272740 -0.067402 -0.046170 -0.325581 -0.190326 -0.234768 0.049527 -0.178111 -0.295670 -0.577394 -0.200648 0.298216 0.337616 0.260842 0.500393 -0.101980 0.151099 0.172277 0.322638 -0.410633 0.104972 -0.125854 0.197951 -0.016456 0.155990 -0.150742 -0.151872 -0.268521 -0.269247 -0.150804 -0.382640 -0.136160 0.063013 0.045883 0.090188 0.138254 0.076770 0.044351 0.231778 0.005111 0.096252 0.059497 -0.047889 -0.047712 0.155999 -0.149063 -0.070937 -0.069827 0.028814 0.054218 0.197159 0.090223 -0.032443 -0.042823 -0.153889 -0.075969 0.236594 0.342426 -0.293943 -0.168433 -0.077460 -0.144734 -0.105533
0.039703 -0.171337 0.489058 -0.150211 0.302406 -0.127666 1.000000 0.146577 0.233178 -0.026254 0.254952 0.017471 0.291181 0.066338 0.309718 0.134907 -0.053071 -0.164817 0.149036 0.028483 0.173979 0.156733 0.129529 -0.075332 -0.080438 -0.103620 0.131746 -0.024430 0.055592 0.130359 0.078733 -0.041303 0.045549 0.246360 0.018604 0.004476 -0.033878 -0.040291 0.032762 -0.228374 -0.069287 -0.092776 0.091760 -0.035282 0.089415 0.063109 -0.098623 -0.163079 -0.082401 -0.008605 0.019469 -0.058125 -0.082784 -0.006226 -0.220276 -0.497332 -0.037888 -0.095683 -0.081165 -0.349838 -0.031070 -0.199179 -0.065413 -0.360223 0.176535 -0.177255 0.008727 -0.000826 0.086085 -0.035281 -0.078801 -0.142029 0.158718 0.049534 -0.030926 0.131705 -0.132058 -0.185704 -0.032287 -0.011004 -0.051529 -0.014650 -0.094698 0.019962 0.099635 -0.245282 -0.097493 -0.278042 0.019752 -0.274380 0.031674 0.235478 0.223974 0.425187 0.216025 0.054443 0.065594 -0.094696 -0.158720 0.030896 -0.064976 0.046838 -0.199989 -0.060561 -0.038620 -0.101085 -0.176514 -0.128123 0.147598 -0.080012 -0.118582 0.294374 0.202628 0.043031 -0.059556 -0.001100
-0.302179 -0.385573 0.030165 0.631210 0.235857 0.106753 0.146577 1.000000 -0.029119 0.532161 -0.097218 0.239946 -0.297554 0.415019 -0.300921 0.182345 -0.289933 -0.264822 0.053116 0.097572 0.060622 0.016742 -0.313479 0.164943 0.024424 0.027074 -0.217713 -0.250383 -0.060981 0.010143 0.164177 0.302528 -0.247747 -0.184147 -0.232174 -0.047132 -0.012497 -0.009676 -0.236577 0.002875 0.004122 0.073575 -0.118595 -0.196223 0.061981 0.037451 -0.185952 -0.203341 -0.035235 0.157562 -0.168217 0.140107 -0.055173 -0.226512 -0.313702 -0.132155 -0.318145 -0.486081 -0.174073 0.126158 -0.278794 0.266478 -0.189016 -0.169967 -0.035914 0.497418 -0.288259 -0.089620 -0.247690 -0.294894 0.200939 0.136828 -0.075977 0.199347 -0.078003 0.237368 0.005632 0.006849 -0.052573 -0.202960 -0.146431 -0.230981 0.189661 0.164176 -0.184411 -0.171437 -0.271104 -0.142989 0.038100 -0.040280 0.216626 0.010592 0.371293 0.062171 -0.124265 0.133089 -0.251467 -0.126543 -0.030439 -0.041613 0.273741 0.121585 -0.080776 -0.038734 0.155608 0.035093 -0.043977 -0.016547 0.055594 -0.058625 -0.235662 -0.130843 -0.022576 0.001402 -0.017642 0.047567
-0.003605 0.126375 0.192422 0.137445 0.500145 0.175208 0.233178 -0.029119 1.000000 0.412149 0.376405 0.253859 0.352762 0.076761 0.658018 0.466465 -0.164646 -0.237267 0.187193 0.172356 0.072503 0.142686 0.243034 0.273505 0.139922 0.107202 0.190682 0.100263 -0.294892 -0.147000 -0.363140 -0.111781 -0.258104 -0.213546 -0.195000 -0.094643 -0.460865 0.052174 -0.235583 -0.208742 -0.599187 -0.375535 -0.285729 -0.382368 -0.142905 -0.290970 -0.116889 -0.221306 0.117766 -0.168073 0.223846 0.256828 0.183106 0.204872 0.095645 -0.311566 0.210432 0.088831 0.138523 0.124174 0.161530 0.198662 -0.022428 -0.041382 0.383301 0.035925 0.032474 -0.067606 0.002517 0.177321 0.049905 0.195257 -0.212975 0.176409 0.123105 0.156989 0.005801 0.035842 -0.281928 -0.265947 -0.401625 -0.432086 -0.303341 -0.408824 -0.277323 -0.374721 -0.315180 -0.537773 0.140324 0.032575 0.161304 0.232329 0.149990 0.320345 0.233544 -0.012154 -0.004206 -0.087428 -0.157971 -0.082649 -0.265746 -0.012714 -0.203148 0.128435 0.312799 0.156856 0.187123 0.040479 0.030825 -0.023003 -0.287477 -0.021934 0.056405 -0.011818 0.066553 0.061704
-0.202606 -0.204915 0.194246 0.462393 0.322114 0.430416 -0.026254 0.532161 0.412149 1.000000 0.109347 0.316551 -0.115957 0.237944 0.070334 0.375005 -0.299467 -0.364695 0.097265 0.273136 0.028084 -0.004943 0.041799 0.450553 0.258865 0.256144 0.088554 0.082293 -0.312490 -0.193806 -0.149260 0.115261 -0.440623 -0.509671 -0.102973 0.145347 -0.331522 -0.060426 -0.266586 0.060541 -0.393307 -0.127615 -0.337672 -0.439268 -0.285807 -0.158818 -0.305570 -0.146021 -0.046085 -0.231557 0.072597 0.020847 -0.004186 -0.195103 -0.125619 -0.244394 -0.153645 -0.221111 -0.119784 0.138267 0.009195 0.226861 -0.269447 -0.082027 0.326691 0.528673 -0.206849 0.007372 -0.061398 -0.020997 0.202729 0.321380 -0.307185 0.167927 0.014426 0.402566 0.055634 0.136762 -0.220012 -0.340914 -0.368333 -0.521473 -0.107939 -0.306137 -0.225166 -0.240980 -0.445668 -0.303990 0.277269 0.214859 0.164900 0.282372 0.482086 0.373030 -0.211166 -0.041607 -0.308878 -0.137875 -0.236856 -0.273586 0.012412 0.210151 -0.115830 0.197713 0.392542 0.083172 0.145804 -0.113014 -0.127180 -0.046469 -0.179949 -0.316230 -0.097650 -0.141812 -0.150982 -0.220056
0.335299 0.172847 0.038269 -0.065721 0.060599 -0.340491 0.254952 -0.097218 0.376405 0.109347 1.000000 0.651289 0.843366 0.557363 0.591443 0.474882 -0.044336 -0.385130 0.386177 0.167672 -0.380446 -0.367579 -0.024222 -0.009984 -0.337755 -0.434283 -0.282108 -0.314586 -0.045354 -0.121298 -0.372717 -0.174873 -0.160046 -0.085397 -0.333737 -0.239028 -0.332740 -0.093658 -0.117960 -0.033442 -0.251037 -0.358108 -0.273187 -0.388594 -0.164542 -0.374215 -0.218406 -0.312878 0.206094 -0.197876 -0.060131 -0.004647 0.190658 0.047551 0.265690 -0.121726 0.224615 0.110364 0.203188 -0.030228 0.250774 0.316111 0.220545 -0.119702 -0.018132 -0.025125 0.008449 -0.148521 0.166057 0.169108 0.018516 0.095941 -0.139443 -0.083565 0.023614 0.010385 -0.066661 -0.009580 -0.388998 -0.468897 -0.410911 -0.430478 -0.141176 -0.240685 0.163734 0.097868 -0.216098 -0.338720 0.210453 0.233825 -0.140072 0.128505 0.098644 0.326689 0.213698 -0.017746 0.121455 -0.083614 -0.114926 0.076899 -0.268421 0.028994 -0.199490 0.006630 0.145147 0.197901 0.253698 0.200163 -0.029970 -0.172527 -0.221736 0.035555 0.147302 0.318736 0.282618 0.122347
0.310694 0.063709 -0.183910 0.384876 0.061916 -0.287634 0.017471 0.239946 0.253859 0.316551 0.651289 1.000000 0.434769 0.701402 0.208562 0.596798 -0.123202 -0.232854 0.464016 0.101872 -0.390570 -0.425683 -0.348803 0.057397 -0.206407 -0.292670 -0.384897 -0.384237 0.026835 0.063102 -0.252795 0.065916 -0.096793 -0.237592 -0.449142 -0.280319 -0.383977 0.052644 -0.441764 -0.148127 -0.353891 -0.414061 -0.306626 -0.455018 -0.092385 -0.379720 -0.108298 -0.504107 0.320385 -0.060515 -0.062693 0.200143 0.442991 0.025030 0.091579 -0.065903 0.156798 -0.181420 0.148289 0.191310 0.007393 0.599710 0.215705 0.103595 -0.091165 0.327038 -0.255220 -0.221108 0.061852 -0.109886 0.197282 0.300870 -0.114625 0.207768 0.186475 0.253443 0.103574 0.164745 -0.430104 -0.600191 -0.526006 -0.565911 -0.122093 -0.126064 -0.039713 0.151295 -0.286702 -0.284555 0.152861 0.505434 -0.088530 -0.137026 0.291696 0.111875 0.001288 -0.042621 -0.089371 -0.277237 -0.057795 -0.081350 -0.040285 -0.063592 -0.063242 -0.050309 0.317037 0.207860 0.143986 0.291382 -0.117633 -0.309005 -0.453950 -0.185356 0.081205 0.253158 0.309668 0.122859
0.346510 0.216217 -0.073744 -0.307843 0.053729 -0.510428 0.291181 -0.297554 0.352762 -0.115957 0.843366 0.434769 1.000000 0.499514 0.646327 0.518258 0.294149 -0.108879 0.314224 0.026628 -0.318268 -0.235369 -0.101713 -0.281651 -0.440851 -0.571797 -0.302082 -0.382975 0.090740 0.005951 -0.462338 -0.409555 -0.031661 -0.032692 -0.367183 -0.329708 -0.247999 -0.053515 -0.008959 -0.027309 -0.167079 -0.323959 -0.115796 -0.227915 -0.031393 -0.292965 -0.129733 -0.384497 0.303636 -0.105660 -0.039747 -0.036657 0.287552 0.098229 0.332842 -0.209297 0.362124 0.205525 0.469784 0.058650 0.450947 0.334329 0.435618 0.046271 -0.043012 -0.174512 0.144662 -0.188280 0.202141 0.201148 -0.203609 -0.169576 0.076879 -0.178829 0.027576 -0.195844 -0.156050 -0.165359 -0.239684 -0.184468 -0.198972 -0.211935 -0.174680 -0.177626 0.115776 -0.070115 -0.156327 -0.361353 0.100788 0.037494 -0.108524 0.094401 0.066877 0.271237 0.193720 -0.035159 0.075123 -0.142918 -0.158170 0.003901 -0.183878 0.067911 -0.131305 0.036296 0.102928 0.142896 0.199377 0.180317 0.031264 -0.205097 -0.315467 0.152039 0.137217 0.171471 0.195651 0.128146
0.080610 -0.048074 -0.354700 0.164033 0.232405 -0.388320 0.066338 0.415019 0.076761 0.237944 0.557363 0.701402 0.499514 1.000000 0.000317 0.570052 0.165962 -0.086284 0.311994 0.101141 -0.170060 -0.348269 -0.616773 -0.212011 -0.219496 -0.516185 -0.566763 -0.671636 0.168427 0.207264 -0.186929 -0.110561 -0.187760 -0.198690 -0.514101 -0.328285 -0.095842 0.064717 -0.231435 0.025900 -0.016209 -0.112528 -0.049910 -0.289252 0.110703 -0.233042 -0.008740 -0.424179 0.387934 0.200355 -0.214921 0.213048 0.444274 0.079275 0.086444 0.025218 0.084370 -0.231012 0.262096 0.166654 -0.058287 0.639705 0.249663 0.019372 -0.426343 0.255343 -0.245821 -0.303506 -0.125534 -0.087232 0.202621 0.202907 0.249022 0.169789 0.223951 0.139422 0.120586 0.117279 -0.333891 -0.453421 -0.282301 -0.378738 -0.045245 -0.073763 -0.158513 -0.123943 -0.221277 -0.253068 -0.104538 0.083282 0.142544 -0.098173 0.288269 0.083860 0.006574 0.114782 -0.085343 -0.100651 0.016153 0.077086 0.159758 0.084959 -0.051121 -0.116035 0.134121 0.069995 0.048276 0.155884 0.145949 -0.090436 -0.406009 0.037778 0.143686 0.192771 0.134441 0.143486
0.207889 0.263446 0.144551 -0.148170 0.037839 -0.209524 0.309718 -0.300921 0.658018 0.070334 0.591443 0.208562 0.646327 0.000317 1.000000 0.556061 0.058447 -0.153593 0.186901 0.177544 -0.078793 0.198325 0.346092 0.058484 -0.318364 -0.152125 0.005217 0.004822 0.006184 -0.103950 -0.432452 -0.341137 0.021480 -0.008720 -0.323730 -0.382594 -0.320929 -0.025792 -0.070909 -0.256024 -0.381700 -0.376517 -0.227294 -0.240585 -0.221423 -0.427308 -0.156520 -0.220381 0.076376 -0.259986 0.079581 0.103072 0.097111 0.292933 0.044171 -0.419957 0.425435 0.344567 0.170749 -0.035018 0.266199 0.045318 0.205679 -0.081806 0.296652 -0.339945 0.046362 -0.268250 0.297067 0.202987 -0.163332 -0.101113 -0.149940 -0.089495 -0.047778 -0.129928 -0.211409 -0.232822 -0.040773 -0.087439 -0.123743 -0.157404 -0.064297 -0.112229 0.049685 -0.240878 -0.273995 -0.431662 0.125381 -0.038372 0.072400 0.280756 0.189505 0.502438 0.179704 0.003720 0.022586 -0.066063 -0.235474 0.024268 -0.237390 0.109398 -0.205895 0.093188 0.194074 0.116815 0.184116 0.017499 0.070174 -0.091541 -0.249437 0.211403 0.201901 -0.027764 0.011547 -0.016470
0.081717 0.002453 -0.172386 0.202373 0.123636 -0.387179 0.134907 0.182345 0.466465 0.375005 0.474882 0.596798 0.518258 0.570052 0.556061 1.000000 0.210742 0.047500 0.306986 0.126790 -0.027476 0.134190 -0.261030 -0.059208 -0.280972 -0.179094 -0.337202 -0.442520 0.314357 0.261452 -0.359691 -0.219936 -0.100986 -0.208121 -0.648060 -0.586247 -0.217606 0.097411 -0.346564 -0.241977 -0.229110 -0.249905 -0.181883 -0.322106 -0.056451 -0.458447 -0.084559 -0.445074 0.330912 0.025082 -0.055270 0.275868 0.378093 0.265499 -0.151334 -0.272089 0.253355 -0.103698 0.180616 0.089855 0.067750 0.523487 0.367416 0.100486 0.005693 -0.036309 -0.347761 -0.501916 0.025754 -0.126731 0.023087 0.047948 0.119181 0.141019 0.086952 0.109166 -0.117831 -0.116405 0.012722 -0.150642 -0.066705 -0.187373 0.077039 0.106693 -0.088991 -0.364141 -0.498198 -0.422927 -0.135704 0.006441 0.235056 0.092736 0.505229 0.382795 -0.094657 0.061674 -0.200452 -0.212967 -0.172109 -0.125143 0.050293 0.155926 -0.226279 -0.086837 0.308068 0.030816 0.040688 -0.034108 0.056756 -0.146223 -0.520274 0.080903 0.130178 -0.123796 -0.058337 -0.067375
0.338595 0.262183 -0.481530 -0.415752 -0.039405 -0.506841 -0.053071 -0.289933 -0.164646 -0.299467 -0.044336 -0.123202 0.294149 0.165962 0.058447 0.210742 1.000000 0.707948 0.237366 0.009819 0.002920 -0.060034 -0.396265 -0.558316 -0.274493 -0.459007 -0.481487 -0.366911 0.537005 0.519208 -0.026062 -0.308874 0.276140 0.047759 -0.304887 -0.373503 0.207033 0.257210 0.073131 0.000100 0.201145 0.153343 0.186489 0.052962 0.012793 -0.249662 0.191311 -0.213621 0.112220 -0.002415 -0.360492 -0.087525 0.309541 0.223685 -0.050509 -0.048361 0.457614 0.341695 0.368485 0.113064 0.295682 0.198600 0.671432 0.426024 -0.299942 -0.419655 -0.064855 -0.398475 0.092788 -0.043743 -0.083440 -0.120922 0.708452 0.119175 0.363319 0.009455 0.250925 -0.011739 0.101010 0.292979 0.444225 0.314232 -0.135499 0.108950 -0.100119 -0.274428 -0.131803 -0.026173 -0.263610 -0.215489 0.081580 -0.052017 0.047991 -0.045214 -0.194167 -0.033195 -0.116214 -0.061003 0.004339 0.079240 0.077434 0.183593 0.153357 -0.045559 -0.179923 -0.215213 -0.111789 -0.043164 0.068417 -0.040391 -0.235462 0.269166 0.034892 -0.181490 -0.224938 -0.040862
0.205070 0.239663 -0.405597 -0.265013 -0.099186 -0.314686 -0.164817 -0.264822 -0.237267 -0.364695 -0.385130 -0.232854 -0.108879 -0.086284 -0.153593 0.047500 0.707948 1.000000 0.030679 -0.112936 0.191533 0.204444 -0.327639 -0.550097 -0.102868 -0.064217 -0.293279 -0.208369 0.647053 0.661529 0.073912 -0.125128 0.382103 0.122226 -0.223895 -0.378174 0.241680 0.245483 -0.020239 -0.090524 0.268906 0.216033 0.214179 0.160800 0.074788 -0.169797 0.355575 -0.085729 0.127028 0.107657 -0.188846 0.081005 0.292910 0.265448 -0.151269 0.050483 0.186290 0.208940 0.197026 0.097640 0.088986 0.107035 0.494715 0.563269 -0.303948 -0.379418 -0.243069 -0.434582 -0.096379 -0.227265 -0.011233 -0.070122 0.664466 0.280859 0.335197 0.047990 0.201399 -0.007602 0.391962 0.555619 0.576132 0.540739 0.024463 0.333277 -0.108943 -0.166280 0.058082 0.223439 -0.426766 -0.244237 0.146231 -0.141193 -0.028917 -0.235810 -0.193978 0.008645 -0.159739 -0.028420 0.101991 0.005493 0.181421 0.060721 0.257265 -0.165125 -0.218893 -0.247313 -0.239128 -0.057941 0.026204 0.033267 -0.182234 0.199356 0.084982 -0.082787 -0.094087 0.091730
0.491304 0.352287 0.051100 0.135000 0.201705 -0.251160 0.149036 0.053116 0.187193 0.097265 0.386177 0.464016 0.314224 0.311994 0.186901 0.306986 0.237366 0.030679 1.000000 0.274299 -0.177713 -0.414792 -0.199116 -0.143617 -0.121431 -0.310976 -0.304173 -0.152707 0.076264 0.179676 0.049526 0.091457 0.339459 -0.172777 -0.302229 -0.207419 -0.296570 0.074348 -0.098143 -0.014256 -0.197543 -0.217309 -0.463395 -0.529497 -0.317039 -0.527619 -0.238876 -0.455653 0.265333 -0.357234 -0.173854 -0.010898 0.370895 -0.063129 0.121401 -0.018111 0.199823 0.154388 0.106701 0.328495 0.160191 0.345589 0.307604 0.230367 -0.064780 0.197761 -0.031122 -0.302390 0.223390 0.052250 0.288002 0.223800 0.138931 0.281846 0.437963 0.278513 0.262424 0.220357 -0.377256 -0.295965 -0.314929 -0.387775 -0.288768 -0.198789 -0.332695 0.063354 -0.340186 -0.162809 0.055438 0.298342 -0.204497 -0.098739 0.045301 0.036914 0.051466 -0.059041 0.008227 -0.074023 -0.116429 0.013890 -0.041403 -0.013521 -0.008734 0.009911 0.027924 -0.040247 0.001307 0.025117 -0.110383 -0.180489 -0.286640 -0.141170 -0.109455 -0.000119 0.047925 0.002532
0.133374 0.405435 -0.069770 0.019922 0.307539 0.081286 0.028483 0.097572 0.172356 0.273136 0.167672 0.101872 0.026628 0.101141 0.177544 0.126790 0.009819 -0.112936 0.274299 1.000000 0.208385 -0.187261 0.035890 0.308534 -0.018689 -0.093047 -0.005133 0.025155 0.025121 -0.051952 0.109902 0.121719 0.098042 -0.072396 -0.157045 -0.072129 0.097767 -0.047431 -0.028658 0.008472 -0.008620 0.062406 -0.327284 -0.426173 -0.491276 -0.520813 -0.204201 -0.000718 -0.242549 -0.352102 -0.540761 -0.127499 -0.103602 -0.007880 -0.077269 -0.204568 0.216402 0.361227 -0.018048 0.161522 -0.017354 0.025442 -0.126761 -0.104226 -0.215592 -0.149202 -0.122615 -0.303445 0.291273 0.513981 0.422347 0.355218 0.062423 0.199960 0.191035 0.239436 0.256671 0.288538 -0.203725 -0.292918 -0.111495 -0.296409 -0.063057 -0.075980 -0.329054 -0.164026 -0.325705 -0.136757 0.076664 0.043383 0.287285 0.427634 0.166314 0.273965 -0.349076 -0.071021 -0.283061 0.012143 -0.155435 0.069342 -0.082696 0.180887 -0.040503 0.178147 -0.039509 -0.115502 -0.037045 -0.184645 -0.035628 0.071152 -0.018259 -0.005729 0.022367 -0.238709 -0.268564 -0.184594
-0.231659 0.077429 -0.075675 -0.031335 0.426870 0.346860 0.173979 0.060622 0.072503 0.028084 -0.380446 -0.390570 -0.318268 -0.170060 -0.078793 -0.027476 0.002920 0.191533 -0.177713 0.208385 1.000000 0.425644 -0.025779 0.043160 0.395660 0.305717 0.333820 0.195121 0.218398 0.309272 0.403276 0.158976 -0.053356 0.087183 0.119912 0.077117 0.381833 0.394085 0.272731 -0.079266 0.079382 0.278291 0.033573 -0.003510 -0.019457 -0.051612 0.108264 0.203141 -0.034706 0.095984 -0.163116 0.150547 -0.051867 0.227883 -0.301986 -0.108187 -0.172969 -0.010443 -0.120592 -0.064389 -0.384601 -0.178929 -0.135374 -0.039496 -0.228614 -0.289764 -0.033357 -0.108906 -0.099054 0.003359 0.395834 0.336504 0.353937 0.430200 0.176289 0.382298 0.231508 0.286309 0.015464 0.057623 0.152416 0.089634 -0.069773 -0.020022 -0.169208 -0.296920 0.059756 0.035551 -0.349408 -0.367769 0.318726 0.156650 0.082297 0.070974 -0.049561 0.189624 0.058125 0.246933 0.127289 0.161793 0.135372 0.017698 0.104295 -0.094523 -0.269757 -0.409970 -0.512640 -0.401276 0.268537 0.523385 0.167527 0.176675 0.064494 -0.301477 -0.477329 -0.270543
-0.384553 -0.158106 0.155273 -0.059389 0.035630 0.154608 0.156733 0.016742 0.142686 -0.004943 -0.367579 -0.425683 -0.235369 -0.348269 0.198325 0.134190 -0.060034 0.204444 -0.414792 -0.187261 0.425644 1.000000 0.212033 -0.068115 -0.017590 0.461514 0.331746 0.144118 0.243014 0.118564 -0.074479 -0.215238 -0.030672 0.153750 -0.129860 -0.260015 0.070348 -0.033765 0.046980 -0.373837 -0.021227 0.097827 0.206792 0.288324 0.218258 0.178896 0.053956 0.105809 0.056963 0.276974 0.301912 0.273061 -0.067235 0.253329 -0.401637 -0.283513 -0.080247 -0.062847 -0.193191 -0.071452 -0.193497 -0.108652 -0.102232 -0.062907 0.158269 -0.181673 -0.185143 -0.138608 -0.082827 -0.139483 -0.290602 -0.318988 -0.008151 -0.057082 -0.326254 -0.235313 -0.449293 -0.508913 0.644850 0.479036 0.448505 0.421347 0.403528 0.378852 0.088845 -0.475520 -0.020249 -0.016529 -0.402725 -0.382168 0.364497 0.158370 0.123060 0.165415 0.099038 0.151522 -0.129365 0.030676 -0.146025 -0.032837 0.171684 0.211849 -0.057298 -0.068154 0.162602 -0.026674 -0.134153 -0.109071 0.125683 0.099449 -0.063259 0.228749 0.286374 -0.249576 -0.202958 -0.003558
-0.255534 -0.142256 0.652384 0.052069 -0.195781 0.395538 0.129529 -0.313479 0.243034 0.041799 -0.024222 -0.348803 -0.101713 -0.616773 0.346092 -0.261030 -0.396265 -0.327639 -0.199116 0.035890 -0.025779 0.212033 1.000000 0.603985 0.242584 0.489469 0.611138 0.760686 -0.471086 -0.525958 0.118196 0.129355 -0.028537 0.029623 0.462328 0.417572 -0.071738 -0.267888 0.321369 0.122392 -0.106857 -0.006848 -0.181410 0.059620 -0.403120 -0.008612 -0.158077 0.360600 -0.412119 -0.386449 0.339691 -0.150252 -0.426671 -0.007823 0.208082 -0.059489 -0.031782 0.167229 -0.338390 -0.272610 0.101218 -0.643393 -0.491287 -0.393181 0.642182 -0.096525 0.138426 0.201992 0.197960 0.248067 -0.162845 -0.120793 -0.495598 -0.341157 -0.322562 -0.149752 -0.300797 -0.169926 0.182280 0.120634 -0.034856 0.079118 0.042824 -0.135691 0.137850 0.070281 0.205796 0.169962 0.370409 0.061486 -0.182463 0.149533 -0.112745 0.212215 0.033203 -0.231320 0.050694 0.132591 -0.327914 -0.166973 -0.364877 -0.164075 -0.251512 0.126961 -0.007981 0.002219 0.036902 -0.188555 -0.169135 0.063331 0.402847 -0.171404 -0.175976 -0.085478 -0.096356 -0.156323
-0.333097 -0.320754 0.377029 0.487563 0.101434 0.560276 -0.075332 0.164943 0.273505 0.450553 -0.009984 0.057397 -0.281651 -0.212011 0.058484 -0.059208 -0.558316 -0.550097 -0.143617 0.308534 0.043160 -0.068115 0.603985 1.000000 0.499104 0.553779 0.493612 0.576194 -0.568849 -0.626105 0.196473 0.434040 -0.387800 -0.273734 0.390130 0.491177 -0.129365 -0.194432 -0.016902 0.081023 -0.263042 -0.085934 -0.269109 -0.195401 -0.396202 -0.044615 -0.226384 0.286621 -0.419454 -0.351181 0.060233 -0.151349 -0.475436 -0.192225 -0.009642 -0.095570 -0.072930 -0.120677 -0.379620 -0.177229 -0.070700 -0.331209 -0.551861 -0.437028 0.503982 0.238693 0.000635 0.289019 -0.023934 0.231682 0.273435 0.314066 -0.606673 -0.145857 -0.306962 0.173041 -0.084770 0.204950 -0.195657 -0.375760 -0.389483 -0.376322 -0.028004 -0.267057 -0.025335 0.054747 -0.075989 0.069985 0.407713 0.266107 0.017952 0.194581 0.148273 0.207883 -0.188253 -0.242322 -0.133035 0.001715 -0.255782 -0.211886 -0.350994 -0.115709 -0.299773 0.234825 0.187511 0.056974 0.096535 -0.139856 -0.209772 0.085138 0.305105 -0.401613 -0.284838 -0.126309 -0.164622 -0.216150
-0.299397 -0.193052 0.209541 0.219041 0.470639 0.718217 -0.080438 0.024424 0.139922 0.258865 -0.337755 -0.206407 -0.440851 -0.219496 -0.318364 -0.280972 -0.274493 -0.102868 -0.121431 -0.018689 0.395660 -0.017590 0.242584 0.499104 1.000000 0.664866 0.490352 0.543357 -0.341097 -0.157117 0.441605 0.418709 -0.288383 -0.211210 0.516302 0.609970 -0.060311 0.174975 0.192890 0.078511 -0.234715 -0.007625 -0.013566 -0.066505 -0.017455 0.221453 0.125212 0.271309 -0.030719 -0.018805 0.209865 0.108503 -0.140273 -0.035599 -0.009650 0.145517 -0.267599 -0.166951 -0.292868 -0.103310 -0.273358 -0.232731 -0.461611 -0.114451 0.135434 0.280860 0.065942 0.356048 -0.310481 -0.009748 0.306981 0.466648 -0.112701 0.218012 0.117277 0.332513 0.192664 0.414743 -0.281730 -0.222961 -0.336083 -0.290219 -0.400368 -0.492340 -0.288644 -0.019227 0.042805 0.168000 -0.060743 0.024348 -0.033732 -0.101282 -0.128772 -0.161826 0.023237 -0.066247 0.110454 0.194502 0.071961 -0.021378 -0.115632 -0.179850 -0.039225 0.048835 -0.109176 -0.228305 -0.272656 -0.243153 0.016053 0.372719 0.302768 -0.233350 -0.223646 -0.157738 -0.291975 -0.169116
-0.431743 -0.315372 0.401250 0.299921 0.104392 0.681058 -0.103620 0.027074 0.107202 0.256144 -0.434283 -0.292670 -0.571797 -0.516185 -0.152125 -0.179094 -0.459007 -0.064217 -0.310976 -0.093047 0.305717 0.461514 0.489469 0.553779 0.664866 1.000000 0.618367 0.643928 -0.146483 -0.183007 0.281284 0.336788 -0.178150 -0.062015 0.350832 0.328421 -0.021134 -0.030471 0.131397 -0.048073 -0.105669 0.051258 -0.046393 0.099641 -0.099758 0.203389 0.026749 0.377602 -0.154299 -0.063751 0.388373 0.070432 -0.331679 -0.077630 -0.197756 0.020639 -0.341962 -0.245349 -0.497190 -0.220184 -0.295585 -0.376062 -0.522074 -0.191163 0.354101 0.159613 -0.100903 0.219817 -0.229765 -0.097771 0.067145 0.135741 -0.343736 -0.014163 -0.271255 0.080644 -0.255561 -0.033634 0.317821 0.172052 0.055442 0.088822 0.125419 -0.008401 0.042628 -0.019626 0.013362 0.289091 -0.107805 -0.001758 0.023124 0.033986 -0.054715 -0.025420 -0.047517 -0.036306 -0.042814 0.179843 -0.126433 -0.122654 -0.195169 -0.119887 -0.194664 -0.006436 0.028203 -0.151364 -0.194619 -0.276653 -0.134498 0.232789 0.364325 -0.215089 -0.114416 -0.218367 -0.218887 -0.127626
-0.265646 -0.151771 0.548516 -0.023564 0.200101 0.685378 0.131746 -0.217713 0.190682 0.088554 -0.282108 -0.384897 -0.302082 -0.566763 0.005217 -0.337202 -0.481487 -0.293279 -0.304173 -0.005133 0.333820 0.331746 0.611138 0.493612 0.490352 0.618367 1.000000 0.693814 -0.436425 -0.403530 0.161937 0.108461 -0.182452 0.024236 0.516210 0.465332 -0.135976 -0.266040 0.168388 -0.096140 -0.249876 -0.186104 -0.051219 0.080052 -0.076373 0.252313 -0.163765 0.320364 -0.206548 -0.144160 0.358723 -0.150376 -0.397223 -0.190086 -0.035612 -0.188136 -0.185650 -0.071011 -0.129176 -0.085081 -0.022099 -0.454411 -0.429615 -0.253693 0.427630 -0.037843 0.340051 0.456342 0.060118 0.255821 -0.060291 -0.022483 -0.434317 -0.201762 -0.372825 -0.093175 -0.315217 -0.120539 0.045942 0.049886 -0.113593 -0.044509 -0.040101 -0.186770 0.016607 -0.055500 0.034647 -0.009179 0.131012 -0.050395 0.059934 0.305063 -0.007260 0.188870 0.202874 -0.096955 0.061647 0.044198 -0.160856 -0.103537 -0.089389 0.004015 0.036807 0.305259 0.147328 0.053136 0.006621 -0.086412 -0.018772 0.089270 0.382542 -0.126419 -0.020544 -0.052909 -0.051679 -0.020451
-0.159977 -0.012793 0.420455 0.161714 -0.046232 0.630923 -0.024430 -0.250383 0.100263 0.082293 -0.314586 -0.384237 -0.382975 -0.671636 0.004822 -0.442520 -0.366911 -0.208369 -0.152707 0.025155 0.195121 0.144118 0.760686 0.576194 0.543357 0.643928 0.693814 1.000000 -0.426155 -0.404532 0.300563 0.318503 0.070584 -0.038013 0.647844 0.629938 -0.051911 -0.000518 0.378490 0.064859 -0.201884 -0.002483 -0.173932 -0.012172 -0.400080 0.060113 -0.054671 0.364492 -0.373743 -0.424237 0.300769 -0.197199 -0.308549 -0.132609 0.177078 0.017742 -0.092929 0.143312 -0.333728 -0.124690 -0.006125 -0.597320 -0.474338 -0.163982 0.483985 0.062757 0.228597 0.345691 0.254784 0.256371 -0.001226 0.113691 -0.364944 -0.103494 -0.111814 0.049685 -0.052466 0.137339 0.002982 0.015898 -0.120412 -0.070318 -0.276514 -0.348166 0.057094 0.126762 0.161825 0.235056 0.297370 0.178741 -0.244519 0.008775 -0.227993 -0.066714 0.003730 -0.293557 0.124188 0.126440 -0.120944 -0.101445 -0.332899 -0.206517 -0.015576 0.127620 -0.185994 -0.189476 -0.190560 -0.211263 -0.181819 0.182498 0.388750 -0.227633 -0.236070 -0.120635 -0.160152 -0.185056
0.261245 0.242692 -0.429800 -0.238831 -0.141728 -0.495404 0.055592 -0.060981 -0.294892 -0.312490 -0.045354 0.026835 0.090740 0.168427 0.006184 0.314357 0.537005 0.647053 0.076264 0.025121 0.218398 0.243014 -0.471086 -0.568849 -0.341097 -0.146483 -0.436425 -0.426155 1.000000 0.774760 0.101580 -0.112905 0.363776 0.288641 -0.416086 -0.596773 0.363085 0.299446 0.006592 -0.219547 0.359291 0.270246 0.126389 0.056923 0.095116 -0.269060 0.223344 -0.204928 0.183075 0.232590 -0.277182 0.144754 0.297400 0.309908 -0.306897 -0.045316 -0.027044 -0.026422 0.064127 -0.068683 -0.202641 0.206879 0.487278 0.347524 -0.566245 -0.469170 -0.381924 -0.536453 -0.004549 -0.259127 0.016778 -0.028686 0.706126 0.223210 0.206255 0.031038 0.036481 -0.108609 0.447373 0.354752 0.615264 0.478474 0.277574 0.556882 0.194365 -0.099712 -0.113533 0.113542 -0.555985 -0.277107 0.127554 -0.081554 0.069148 -0.050463 -0.233019 0.150271 -0.125907 0.071976 0.100550 0.159080 0.130572 0.133228 0.147535 -0.368394 -0.262366 -0.309049 -0.315479 -0.121039 0.093784 0.069488 -0.214013 0.362812 0.263283 -0.125602 -0.111589 0.003394
0.283752 0.248642 -0.396858 -0.172775 0.069288 -0.383823 0.130359 0.010143 -0.147000 -0.193806 -0.121298 0.063102 0.005951 0.207264 -0.103950 0.261452 0.519208 0.661529 0.179676 -0.051952 0.309272 0.118564 -0.525958 -0.626105 -0.157117 -0.183007 -0.403530 -0.404532 0.774760 1.000000 0.197953 0.024150 0.332430 0.329060 -0.364804 -0.395176 0.289891 0.516662 -0.054075 -0.208267 0.212783 0.287198 0.155709 0.018297 0.137724 -0.189956 0.314081 -0.196230 0.221974 0.233084 -0.177315 0.230097 0.449288 0.358021 -0.303178 -0.006311 -0.020325 -0.019940 0.036939 -0.116997 -0.241158 0.216883 0.389763 0.389543 -0.517462 -0.355180 -0.449979 -0.490352 -0.077164 -0.369379 0.137250 0.165833 0.848213 0.606803 0.556921 0.348218 0.376683 0.166219 0.185027 0.282809 0.424368 0.365505 -0.045660 0.297898 -0.008567 -0.219185 -0.046119 -0.047836 -0.537935 -0.318383 0.108117 -0.192676 0.048505 -0.127284 -0.083071 0.274241 0.074021 0.025508 0.260948 0.149366 0.171362 -0.029310 0.185862 -0.427084 -0.323850 -0.402154 -0.411977 -0.189270 0.248832 0.167829 -0.232452 0.360719 0.197525 -0.023774 -0.114056 -0.028542
-0.124443 -0.039143 0.061619 0.191211 0.094747 0.193908 0.078733 0.164177 -0.363140 -0.149260 -0.372717 -0.252795 -0.462338 -0.186929 -0.432452 -0.359691 -0.026062 0.073912 0.049526 0.109902 0.403276 -0.074479 0.118196 0.196473 0.441605 0.281284 0.161937 0.300563 0.101580 0.197953 1.000000 0.728132 0.154687 0.164498 0.267755 0.304916 0.366375 0.229310 0.345520 0.110346 0.247465 0.285105 -0.020394 0.055574 -0.102789 0.011336 0.150326 0.208834 -0.215156 -0.021521 -0.263533 -0.027335 -0.174314 0.051982 -0.204391 0.171458 -0.202358 -0.017797 -0.396204 -0.138164 -0.412614 -0.347669 -0.216063 -0.113807 -0.202686 -0.059065 -0.108694 -0.068880 -0.026771 -0.071618 0.266107 0.277802 0.271666 0.231487 0.124473 0.298734 0.186864 0.299981 -0.036888 0.069145 0.094487 0.130557 -0.057411 0.058498 -0.117225 -0.004851 0.173820 0.279719 -0.177352 -0.143544 -0.144256 -0.287133 -0.198117 -0.315780 -0.093208 0.077950 0.189748 0.280770 0.167986 0.180295 -0.006424 -0.251167 0.039046 -0.167803 -0.394122 -0.393875 -0.494376 -0.288130 0.083350 0.332801 0.310887 0.021681 -0.082052 -0.091015 -0.255675 -0.103980
-0.062575 -0.115840 0.044283 0.476207 0.082160 0.233477 -0.041303 0.302528 -0.111781 0.115261 -0.174873 0.065916 -0.409555 -0.110561 -0.341137 -0.219936 -0.308874 -0.125128 0.091457 0.121719 0.158976 -0.215238 0.129355 0.434040 0.418709 0.336788 0.108461 0.318503 -0.112905 0.024150 0.728132 1.000000 -0.029267 0.056453 0.230159 0.362188 -0.026630 0.191949 0.037675 -0.033022 -0.098531 0.080857 -0.074278 -0.059854 -0.134752 0.031845 0.119319 0.202512 -0.228714 -0.118716 -0.232613 -0.118991 -0.226144 -0.162253 -0.166099 0.134501 -0.207303 -0.088813 -0.419630 -0.114829 -0.243130 -0.121706 -0.184979 -0.020287 0.054158 0.187661 -0.185283 0.068236 -0.092422 -0.135364 0.310276 0.428172 -0.024632 0.246029 0.100508 0.425721 0.221292 0.462703 -0.242342 -0.158727 -0.234662 -0.180212 -0.186173 -0.086963 -0.083991 0.010080 0.021311 0.011588 0.088959 0.027839 -0.287497 -0.360948 -0.220667 -0.360687 0.028366 0.007756 0.264344 0.060154 0.277301 -0.017398 -0.160428 -0.347982 -0.063210 -0.061137 -0.211231 -0.142413 -0.209594 -0.021314 -0.021812 0.195977 0.178367 -0.161832 -0.208775 0.127282 0.081606 -0.036066
0.470421 0.459278 -0.050665 -0.216983 -0.251659 -0.319327 0.045549 -0.247747 -0.258104 -0.440623 -0.160046 -0.096793 -0.031661 -0.187760 0.021480 -0.100986 0.276140 0.382103 0.339459 0.098042 -0.053356 -0.030672 -0.028537 -0.387800 -0.288383 -0.178150 -0.182452 0.070584 0.363776 0.332430 0.154687 -0.029267 1.000000 0.483487 -0.009981 -0.143059 0.090555 0.127057 0.123558 -0.063489 0.199812 0.182737 -0.012491 0.084604 -0.124985 -0.204730 0.137311 -0.108075 -0.030323 -0.187890 -0.001633 -0.070574 0.283178 0.112960 0.135278 0.062478 0.200644 0.377326 -0.052402 0.146219 0.008518 -0.025072 0.249975 0.317527 -0.174060 -0.225197 0.028088 -0.244395 0.494913 0.143270 -0.038754 -0.076528 0.339360 0.190717 0.419233 -0.086460 0.109066 -0.006906 0.200613 0.303167 0.251659 0.290444 -0.002310 0.196748 -0.027654 0.098446 0.026128 0.122133 -0.140728 0.066025 -0.339654 -0.410573 -0.374472 -0.345999 -0.065386 -0.111162 0.127419 -0.009666 -0.056384 -0.047610 -0.087023 -0.237244 0.031882 -0.411315 -0.363526 -0.355378 -0.376082 -0.168447 -0.043771 -0.102957 -0.051469 0.046892 -0.080906 -0.123120 -0.027084 -0.070771
0.191621 0.098145 -0.030926 -0.278000 -0.179438 -0.238528 0.246360 -0.184147 -0.213546 -0.509671 -0.085397 -0.237592 -0.032692 -0.198690 -0.008720 -0.208121 0.047759 0.122226 -0.172777 -0.072396 0.087183 0.153750 0.029623 -0.273734 -0.211210 -0.062015 0.024236 -0.038013 0.288641 0.329060 0.164498 0.056453 0.483487 1.000000 0.184631 0.053392 0.160066 0.044451 0.035058 -0.246075 0.200229 0.223472 0.279312 0.329909 0.225699 0.261629 0.050064 0.128226 -0.202160 0.105394 0.027169 -0.176666 -0.143556 0.032837 -0.159040 -0.118566 0.051974 0.166337 -0.251555 -0.322376 -0.138848 -0.177430 0.089565 0.019498 -0.083305 -0.421525 0.004672 0.148897 0.232102 0.011410 -0.117712 -0.132296 0.304896 0.037965 0.111104 -0.185752 -0.046999 -0.127045 0.253233 0.279879 0.329141 0.433718 0.163378 0.294135 0.371986 -0.029802 0.222733 -0.020533 -0.168739 -0.347460 -0.250177 -0.289590 -0.379640 -0.233995 0.193281 0.170407 0.265809 0.019868 0.072599 0.018846 -0.259389 -0.277895 -0.232040 -0.394061 -0.245111 -0.243691 -0.317326 -0.117246 0.237751 0.044362 0.214598 0.234731 0.057959 -0.091006 0.023531 -0.055034
-0.071668 -0.125018 0.343786 -0.085535 -0.028301 0.426595 0.018604 -0.232174 -0.195000 -0.102973 -0.333737 -0.449142 -0.367183 -0.514101 -0.323730 -0.648060 -0.304887 -0.223895 -0.302229 -0.157045 0.119912 -0.129860 0.462328 0.390130 0.516302 0.350832 0.516210 0.647844 -0.416086 -0.364804 0.267755 0.230159 -0.009981 0.184631 1.000000 0.853845 0.098242 -0.036357 0.322825 0.178920 0.009934 0.156062 0.059199 0.177090 -0.085155 0.453285 -0.096530 0.439063 -0.411137 -0.225418 0.225943 -0.420545 -0.452447 -0.311808 0.181602 0.076814 -0.253696 0.037592 -0.324050 -0.317664 0.027013 -0.602205 -0.418973 -0.156995 0.327284 0.063488 0.383883 0.684397 0.016652 0.194245 0.070743 0.092089 -0.213075 -0.167288 -0.042120 0.071279 0.116245 0.286318 -0.121824 -0.023914 -0.110679 0.000342 -0.272505 -0.373737 0.210034 0.254806 0.301993 0.284757 0.280357 0.027582 -0.337425 -0.118798 -0.306813 -0.193330 0.048992 -0.230046 0.196634 0.077587 -0.012416 -0.198437 -0.289274 -0.313975 -0.097214 0.029590 -0.271547 -0.237367 -0.146190 -0.239582 -0.064060 0.214801 0.548738 -0.255879 -0.379694 -0.157926 -0.212879 -0.311365
-0.177438 -0.229632 0.315461 0.125503 0.091120 0.544943 0.004476 -0.047132 -0.094643 0.145347 -0.239028 -0.280319 -0.329708 -0.328285 -0.382594 -0.586247 -0.373503 -0.378174 -0.207419 -0.072129 0.077117 -0.260015 0.417572 0.491177 0.609970 0.328421 0.465332 0.629938 -0.596773 -0.395176 0.304916 0.362188 -0.143059 0.053392 0.853845 1.000000 -0.037792 0.023884 0.316752 0.264686 -0.114382 0.154633 0.015428 0.053944 -0.130298 0.432802 -0.086261 0.361342 -0.384636 -0.233670 0.212115 -0.346625 -0.372736 -0.335932 0.245936 0.081473 -0.272030 -0.048105 -0.317277 -0.213436 0.034563 -0.455608 -0.536901 -0.231254 0.362276 0.322353 0.286523 0.664344 -0.027505 0.123005 0.141194 0.240960 -0.268963 -0.022690 0.035882 0.204377 0.208346 0.394240 -0.331512 -0.206935 -0.356452 -0.246870 -0.416093 -0.537656 0.067213 0.206364 0.286706 0.188109 0.386064 0.161446 -0.358289 -0.142674 -0.260154 -0.193893 0.009898 -0.193193 0.169652 0.052508 -0.050239 -0.255318 -0.275286 -0.264193 -0.094569 0.013481 -0.195625 -0.174222 -0.126549 -0.175413 -0.107569 0.184247 0.443183 -0.355885 -0.433112 -0.075602 -0.163732 -0.316081
