1.000000 0.351318 -0.181773 -0.286741 -0.071826 -0.249154 -0.315808 -0.249807 0.089604 0.112641 0.557702 0.090389 -0.017895 0.086325 0.396525 0.049442 0.215494 0.029753 0.400853 0.202452 -0.074382 -0.057476 -0.040582 -0.328501 -0.490784 -0.338623 -0.183164 -0.146772 0.427503 0.161993 0.027847 -0.279647 0.063452 -0.303186 -0.310294 -0.379651 0.034806 0.051942 -0.134283 -0.110394 0.021502 0.102128 0.298921 0.255011 -0.093583 -0.264082 0.268765 0.178989 -0.139925 0.054137 -0.311832 0.165238 0.106221 0.066355 0.001666 0.200515 0.416346 0.086266 0.106286 0.110995 0.063117 0.090855 0.195367 0.109248 -0.377710 -0.078987 -0.134094 -0.475931 0.243027 -0.359197 0.211870 -0.110724 0.091023 0.039480 0.274037 0.062696 0.323545 0.118671 0.004449 0.086178 0.230924 0.136979 0.239051 -0.089257 0.282440 -0.092331 0.069652 -0.074336 -0.256530 -0.214691 0.091887 0.263035 0.025840 0.188068 -0.192345 -0.057520 -0.162455 -0.028983 0.046487 0.191214 0.038530 0.230984 0.053378 -0.159479 -0.217987 -0.234863 -0.274066 -0.025111 -0.019975 0.111035 -0.216230 0.171800 0.332236 -0.017473 -0.236021 -0.014089
0.351318 1.000000 -0.506337 -0.017555 -0.309941 -0.350310 -0.230768 -0.020752 -0.015424 0.049019 0.075621 0.151702 -0.077012 0.022388 0.182123 0.264076 0.141573 0.370489 0.246252 0.627916 0.020224 0.015406 -0.295025 -0.297937 -0.393476 -0.352522 -0.432584 -0.410460 0.336359 0.469992 -0.144162 -0.237192 0.176479 0.059506 -0.523113 -0.460708 0.109097 0.111182 0.058209 0.184867 0.081857 0.205482 0.008550 -0.211098 -0.105372 -0.472395 0.154912 -0.262681 -0.214815 -0.062725 -0.525660 0.281366 0.408592 0.121044 0.347647 0.266625 0.256320 0.644013 -0.022803 0.258035 0.157483 0.339423 0.001678 0.359713 -0.254831 -0.122420 -0.325984 -0.614160 0.336334 -0.113827 0.173657 0.075590 0.365181 0.198043 0.201689 0.156108 0.136175 0.088124 0.182429 0.375317 0.268468 0.309204 -0.065228 0.199671 -0.047173 -0.073202 -0.265475 -0.251386 -0.268293 0.235573 0.167138 -0.031923 -0.214784 -0.224934 0.044105 0.243228 -0.034065 0.311315 0.338423 0.041481 0.096340 -0.153279 0.131712 -0.160696 0.064278 -0.018366 -0.054372 0.192497 -0.021130 0.052936 -0.437547 0.209007 0.387485 -0.122253 -0.074150 0.019559
-0.181773 -0.506337 1.000000 0.033588 0.587339 0.355245 0.687654 -0.129006 -0.022723 -0.220635 0.058393 -0.374403 0.078448 -0.287789 -0.091763 -0.308021 -0.116688 -0.355434 0.060225 -0.284963 0.343281 0.284032 0.515711 0.237487 0.415660 0.348892 0.583489 0.526482 -0.181168 -0.471841 0.417169 0.390069 0.054022 0.168491 0.367452 0.186111 -0.105924 -0.156957 0.079950 -0.081573 0.011710 -0.153020 -0.178567 -0.006064 -0.300111 0.026487 -0.316798 0.098902 -0.038453 -0.342079 0.560717 -0.372485 -0.463880 0.031434 -0.303968 -0.380748 -0.249992 -0.248757 -0.156445 -0.507777 -0.216832 -0.528441 -0.131208 -0.524625 0.286922 -0.206797 0.153277 0.298266 -0.196578 0.241285 0.240915 0.096186 -0.267999 -0.175757 0.058754 -0.255414 -0.258639 -0.254318 -0.050312 -0.160394 -0.114104 -0.083145 0.013150 -0.196775 0.053494 0.080726 0.202196 0.045206 0.263536 -0.287108 -0.386663 0.273264 -0.175507 0.269759 0.042055 -0.227308 0.045774 -0.167309 -0.400985 -0.022251 -0.317329 0.045625 -0.359849 -0.017112 -0.053366 -0.070148 0.007741 -0.134319 0.100245 -0.044406 0.370589 -0.163043 -0.303249 0.076598 0.166460 0.057789
-0.286741 -0.017555 0.033588 1.000000 0.059333 0.424195 -0.029276 0.537325 -0.167905 0.235516 -0.300133 0.094322 -0.216185 0.013460 -0.164498 0.057898 -0.185608 -0.034334 -0.000989 0.153550 0.045488 -0.187459 -0.057273 0.457639 0.228258 0.237198 0.083492 -0.009094 -0.282110 -0.090487 -0.113604 0.128542 -0.210497 -0.086923 0.097429 0.190872 -0.268392 -0.153038 -0.176194 -0.023788 -0.132870 -0.060741 -0.312340 -0.434935 -0.227274 -0.206080 -0.167664 -0.165435 -0.123394 -0.333230 0.213434 -0.187335 0.184611 -0.029694 0.071736 0.042068 -0.112765 0.054456 -0.157615 -0.056874 -0.179172 -0.018438 -0.111709 -0.095032 -0.047199 0.171559 -0.187573 0.114894 0.006129 0.228628 -0.175403 0.163835 -0.237546 -0.147416 -0.322794 0.003665 -0.385024 0.020975 -0.043558 -0.039916 -0.125906 -0.122893 -0.033193 -0.009317 -0.247707 0.001476 -0.189473 0.071531 0.369625 0.504501 0.228389 -0.034657 0.333170 -0.043273 0.191676 -0.301829 -0.013319 -0.152189 0.107674 -0.097955 0.007932 -0.172348 -0.057303 -0.037559 -0.031713 0.167886 0.150056 0.125435 -0.226221 -0.218337 -0.133916 -0.050535 -0.122600 -0.284083 0.017575 -0.062306
-0.071826 -0.309941 0.587339 0.059333 1.000000 0.414714 0.440505 0.034685 0.367061 0.085047 0.343255 -0.083633 0.240597 -0.032789 0.172599 -0.033131 -0.005948 -0.242270 -0.068547 -0.155504 0.108038 -0.075554 0.319960 0.231532 0.180559 -0.015587 0.318434 0.172853 -0.107673 -0.324389 0.166401 0.055586 -0.067052 0.042534 0.294185 0.294544 -0.217262 -0.415907 -0.100827 -0.285087 -0.214226 -0.383367 -0.155060 -0.174834 -0.263422 -0.069464 -0.194035 0.121189 -0.092965 -0.339546 0.219305 -0.397894 -0.197643 0.071765 -0.134398 -0.188376 -0.267027 -0.155975 0.280098 -0.323176 -0.053315 -0.307718 -0.116683 -0.436984 0.176955 -0.031994 0.040932 0.219154 -0.173696 0.347158 0.188267 0.038996 -0.237793 -0.273812 0.052228 -0.180848 -0.089875 0.001152 -0.183701 -0.130646 -0.215464 -0.203949 0.089622 -0.200453 -0.151722 -0.119954 0.225778 0.151450 0.133112 -0.189102 -0.157311 0.275595 -0.033016 0.352700 0.148795 -0.232907 -0.091391 -0.063810 -0.274755 0.025689 -0.272154 0.104142 -0.298796 0.062105 -0.019769 -0.159593 -0.135261 -0.262453 0.135302 -0.299685 0.097294 -0.064017 -0.201253 0.051806 0.083847 -0.015048
-0.249154 -0.350310 0.355245 0.424195 0.414714 1.000000 -0.023246 0.273290 -0.266427 0.154009 -0.228614 -0.224247 -0.335228 -0.034900 -0.391371 -0.447460 -0.428453 -0.350420 -0.016812 -0.205459 0.126671 0.146762 0.025058 0.187806 0.474428 0.450656 0.567003 0.469596 -0.491944 -0.498267 -0.129795 0.040961 -0.352657 -0.019638 0.272981 0.482465 -0.444587 -0.326014 -0.106786 0.046957 -0.065063 -0.161465 0.038350 0.011955 -0.059425 0.270527 -0.138578 0.425301 0.174975 -0.186442 0.403749 -0.289038 -0.246012 -0.244048 -0.018849 -0.004092 -0.431365 -0.220765 0.162683 0.194587 -0.343551 -0.136663 -0.189380 -0.424789 -0.279814 0.304560 0.317517 0.607134 -0.366841 0.321009 -0.158654 0.033436 -0.562426 -0.293639 -0.414169 -0.114368 -0.488161 0.039286 -0.303315 -0.342925 -0.200788 -0.390523 -0.355155 -0.541807 -0.272480 -0.226442 -0.270665 0.176592 0.182260 -0.015055 0.056225 0.206258 0.375733 0.314778 0.274309 -0.091013 0.128081 0.055668 0.041733 -0.005580 -0.036437 0.286561 0.178668 0.424840 0.234331 0.164595 0.173871 -0.095747 0.162633 -0.135434 0.445373 0.005917 -0.192947 0.070935 -0.054412 -0.110025
-0.315808 -0.230768 0.687654 -0.029276 0.440505 -0.023246 1.000000 0.052394 0.270338 -0.181844 0.007378 -0.190815 0.422860 -0.197836 -0.006480 0.032860 0.159577 -0.079711 0.150579 -0.011565 0.188433 0.232900 0.235726 0.086134 0.310973 0.020040 0.148229 0.069378 0.059877 -0.130548 0.280351 0.398917 0.240796 0.205945 0.072734 -0.118669 -0.146116 -0.192372 0.073331 -0.072572 -0.161816 -0.186955 -0.230643 -0.146190 -0.243083 -0.236970 -0.130690 -0.109539 -0.172257 -0.268390 0.145249 -0.259326 -0.147296 0.215966 -0.066839 -0.172092 -0.185610 -0.091149 -0.153517 -0.529850 0.133612 -0.316787 -0.076450 -0.268640 0.441213 -0.286083 -0.113574 -0.068210 -0.114534 0.075346 0.373025 0.242886 0.119587 0.021165 0.136894 -0.112522 -0.055906 -0.164747 0.044586 0.074175 -0.175636 -0.060100 0.002964 0.078997 -0.205370 -0.074495 0.111470 -0.096434 0.190505 -0.068350 -0.273310 0.177157 -0.322702 0.016856 0.026803 -0.142115 -0.006097 -0.038059 -0.183936 -0.026937 -0.280904 -0.009796 -0.373658 -0.068993 -0.130565 0.040785 0.070972 -0.116208 -0.050562 0.080027 0.025771 0.053264 -0.122909 0.030846 0.263282 0.105641
-0.249807 -0.020752 -0.129006 0.537325 0.034685 0.273290 0.052394 1.000000 0.216278 0.587591 -0.268133 0.553666 0.165333 0.570663 -0.336572 0.182777 0.063611 0.182036 -0.062863 0.025042 -0.239990 -0.137108 -0.619311 0.010174 0.070569 -0.208645 -0.291642 -0.443254 -0.136143 0.070734 -0.466263 -0.220160 -0.254756 -0.313912 -0.324199 -0.165036 -0.323994 -0.152186 -0.291146 -0.007928 -0.260478 -0.228182 -0.028017 -0.217959 -0.036569 -0.242375 0.114629 -0.115117 0.239050 -0.146878 -0.084221 -0.101451 0.378280 -0.251908 0.224419 0.155544 -0.255000 -0.245526 -0.001965 0.035161 0.228509 0.518442 -0.054213 0.137154 -0.167508 0.652571 -0.309371 0.088517 -0.097793 0.027476 -0.033698 0.333635 -0.093366 0.017016 -0.421997 0.154842 -0.113575 0.207863 -0.205440 -0.217318 -0.188602 -0.425479 -0.406422 -0.192775 -0.597151 -0.326056 -0.395058 -0.338007 0.069891 0.119507 0.584771 -0.008725 0.657686 0.046620 0.253496 -0.222360 -0.042107 -0.059472 0.160137 -0.195368 0.290337 0.065945 0.050118 0.155447 0.102435 0.280118 0.146165 0.064586 -0.302875 0.064563 -0.227450 -0.089154 -0.123678 -0.077649 0.104468 -0.047480
0.089604 -0.015424 -0.022723 -0.167905 0.367061 -0.266427 0.270338 0.216278 1.000000 0.343930 0.498244 0.417495 0.445751 0.355060 0.394877 0.252684 0.177658 0.075758 -0.029174 0.083890 -0.394297 -0.306538 -0.000346 0.147916 -0.134585 -0.398079 -0.458466 -0.424610 0.130753 0.010787 -0.223429 -0.259451 -0.094136 -0.209329 -0.148156 -0.294881 -0.210084 -0.095805 -0.350079 -0.338337 -0.329467 -0.211641 -0.124553 -0.140339 -0.031537 -0.246190 0.135301 -0.107821 0.061421 -0.041955 -0.141122 -0.046340 0.136396 -0.092367 -0.191251 -0.009774 0.022338 -0.098391 0.159055 -0.166297 0.182455 0.107430 -0.202822 -0.127062 0.349819 0.127897 -0.217579 -0.146038 0.177425 0.088177 0.018283 -0.032628 0.065213 -0.025343 0.098624 0.093899 0.302678 0.172377 -0.009699 -0.001666 -0.257877 -0.169429 0.225227 0.080652 -0.127684 -0.065303 0.194524 -0.244314 0.112402 -0.115879 0.125422 0.154782 0.173039 0.169154 0.002843 -0.278484 -0.152838 -0.146860 -0.179274 -0.112077 0.079563 -0.004381 -0.173826 -0.094676 -0.054758 -0.076933 -0.155734 -0.241760 -0.235196 0.029856 -0.388861 -0.020352 -0.034351 -0.171415 0.197005 0.092551
0.112641 0.049019 -0.220635 0.235516 0.085047 0.154009 -0.181844 0.587591 0.343930 1.000000 0.093175 0.497085 0.079956 0.429684 0.010974 0.158472 -0.027580 0.112844 -0.021799 0.013922 -0.161851 -0.087406 -0.352599 0.059088 -0.275047 -0.202015 -0.281402 -0.371898 -0.094224 0.111682 -0.444981 -0.439445 -0.319234 -0.462137 -0.314546 -0.252467 -0.152425 0.085371 -0.325701 -0.133800 -0.101194 0.023785 0.060722 0.009424 0.023014 -0.156558 0.071799 -0.052438 0.214028 0.015138 -0.099486 0.077300 0.101547 -0.278122 -0.080594 0.023693 -0.071736 -0.149833 -0.021409 0.090536 0.058482 0.428216 -0.090002 -0.000395 -0.170223 0.532617 -0.332799 -0.000939 0.107839 0.043488 -0.068969 0.109118 -0.115933 0.184082 -0.052394 0.211855 0.117499 0.210489 -0.077888 0.043196 -0.199703 -0.193170 -0.171902 -0.311630 -0.181775 -0.179342 -0.331737 -0.216378 0.039723 -0.055057 0.436287 0.051560 0.546293 0.085226 0.050028 -0.225737 -0.153883 -0.093079 -0.009092 -0.108827 0.091963 0.182855 0.083343 0.107315 0.066583 -0.122683 0.050368 -0.092657 -0.379082 -0.016148 -0.252557 -0.132343 -0.043136 -0.380776 -0.260698 -0.227650
0.557702 0.075621 0.058393 -0.300133 0.343255 -0.228614 0.007378 -0.268133 0.498244 0.093175 1.000000 0.127597 0.410425 0.161987 0.689883 0.163249 0.334107 -0.104974 0.229838 0.069145 -0.290768 -0.191143 0.207327 -0.049313 -0.481124 -0.443058 -0.194792 -0.170126 0.371571 -0.159292 0.063250 -0.246982 -0.005778 -0.311206 -0.159262 -0.352666 -0.034156 -0.090091 -0.234650 -0.255538 -0.156464 -0.056022 0.157030 0.157823 -0.157728 -0.250850 0.205179 0.056522 -0.154723 -0.006045 -0.192139 -0.038914 0.070780 -0.034056 -0.184007 0.047902 0.260867 0.061440 0.163140 -0.215717 0.177641 -0.035248 0.087101 -0.139027 0.076634 -0.124166 -0.184317 -0.336668 0.273309 0.001481 0.091215 -0.193679 -0.048419 -0.065541 0.320636 -0.139838 0.317727 -0.084635 -0.047914 0.042816 -0.060173 -0.007142 0.537224 0.029631 0.248136 -0.054055 0.364689 -0.025226 -0.036771 -0.232670 0.014350 0.351378 -0.090153 0.266543 -0.143605 -0.091264 -0.149550 -0.037888 -0.116636 0.063174 -0.126425 0.084405 -0.146146 -0.147435 -0.156304 -0.303450 -0.372156 -0.194256 -0.049690 -0.039203 -0.261661 0.077122 -0.003757 -0.060935 0.041239 0.073711
0.090389 0.151702 -0.374403 0.094322 -0.083633 -0.224247 -0.190815 0.553666 0.417495 0.497085 0.127597 1.000000 0.336297 0.820819 0.188394 0.580722 0.200641 0.271212 -0.144940 0.097605 -0.295695 -0.311493 -0.506544 -0.027175 -0.420223 -0.543314 -0.520512 -0.578241 0.277456 0.412747 -0.299501 -0.316980 -0.086632 -0.301333 -0.477590 -0.426305 -0.008245 -0.033214 -0.418899 -0.297081 -0.182043 -0.023168 -0.005928 -0.087146 0.042950 -0.284091 0.122431 -0.278503 0.361923 0.077562 -0.320426 0.155773 0.452289 -0.161286 0.072192 0.070709 0.034237 -0.354251 0.115950 -0.017730 0.315695 0.573113 -0.030628 0.211457 -0.221905 0.482917 -0.339330 -0.195313 0.049837 -0.088048 -0.029692 0.056009 0.279545 0.184777 0.005774 0.305013 0.346839 0.321683 -0.135362 -0.066950 -0.117166 -0.224796 -0.123105 0.085256 -0.298893 -0.110975 -0.125897 -0.352845 -0.197948 -0.056655 0.477258 -0.247599 0.432016 -0.218152 -0.063420 -0.068160 -0.194762 -0.010551 0.001927 -0.080911 0.227810 -0.051099 -0.090266 -0.105501 -0.109642 -0.059994 -0.208979 -0.077427 -0.202412 0.107861 -0.469771 -0.163120 -0.080764 -0.084297 -0.041546 0.039952
-0.017895 -0.077012 0.078448 -0.216185 0.240597 -0.335228 0.422860 0.165333 0.445751 0.079956 0.410425 0.336297 1.000000 0.429489 0.420321 0.536673 0.624052 0.114193 -0.015360 -0.013217 -0.170359 -0.152223 -0.200690 -0.229254 -0.248226 -0.543380 -0.274207 -0.442048 0.429545 0.107403 0.036934 -0.038299 0.128828 -0.213656 -0.371078 -0.371563 -0.011881 -0.150759 -0.095721 -0.214694 -0.299897 -0.110468 -0.022253 -0.039762 -0.214691 -0.295840 0.032572 -0.225471 -0.161873 -0.156992 -0.425625 -0.225645 0.374090 0.138511 0.042953 -0.066201 0.081827 -0.083507 0.206661 -0.421184 0.760024 0.227656 0.383309 0.107219 0.183632 0.017610 -0.396707 -0.282577 0.124534 -0.089442 0.189719 0.078692 0.283421 0.173940 0.218108 0.076615 0.316946 0.101518 -0.122246 0.102112 -0.157047 -0.143965 0.222086 0.247969 -0.288305 -0.222354 0.188844 -0.209630 -0.108674 -0.092059 0.132605 -0.033197 -0.139317 -0.059564 0.011398 0.048848 0.014959 0.109991 -0.088666 0.116177 -0.177413 -0.006710 -0.241339 -0.128171 -0.226777 -0.079458 -0.267712 -0.193416 -0.023326 0.205234 -0.241626 0.084193 -0.115697 -0.025162 0.176420 0.105544
0.086325 0.022388 -0.287789 0.013460 -0.032789 -0.034900 -0.197836 0.570663 0.355060 0.429684 0.161987 0.820819 0.429489 1.000000 0.112789 0.403192 0.314443 0.262477 -0.080099 -0.019871 -0.351569 -0.273252 -0.566446 -0.192455 -0.322771 -0.542159 -0.437284 -0.497346 0.284532 0.193597 -0.369346 -0.414374 -0.237976 -0.416000 -0.421693 -0.289268 -0.191462 -0.082541 -0.324066 -0.122871 -0.215911 -0.093464 0.156376 0.015842 0.075050 -0.145365 0.189277 -0.046385 0.403165 0.043962 -0.305118 -0.021522 0.442062 -0.287262 0.240130 0.223429 -0.067057 -0.341552 0.315396 -0.036324 0.449120 0.608140 0.070518 0.109026 -0.344896 0.652687 -0.319011 -0.022404 -0.063577 -0.056050 -0.020307 0.115388 0.111668 0.149854 -0.081741 0.227348 0.234485 0.259752 -0.319284 -0.235120 -0.241116 -0.451989 -0.226847 -0.157663 -0.415067 -0.284814 -0.074662 -0.349161 -0.097422 -0.110854 0.542533 -0.156692 0.544445 0.006775 0.052466 -0.020032 -0.027493 0.031726 0.086142 -0.115605 0.274196 0.176266 -0.003150 0.113733 -0.045079 0.078142 -0.203486 -0.180937 -0.088776 0.233698 -0.241394 -0.109130 -0.188274 0.056159 0.132214 -0.015452
0.396525 0.182123 -0.091763 -0.164498 0.172599 -0.391371 -0.006480 -0.336572 0.394877 0.010974 0.689883 0.188394 0.420321 0.112789 1.000000 0.534761 0.293440 -0.002572 0.185160 0.278023 0.019720 -0.163925 0.364168 0.209045 -0.445481 -0.370800 -0.233977 -0.183781 0.522652 0.174121 0.154315 -0.055011 0.062064 -0.096047 -0.126587 -0.297742 0.119107 -0.077708 -0.122931 -0.397722 -0.092798 0.131230 -0.169677 -0.161161 -0.172424 -0.338997 -0.123470 -0.217896 -0.261099 -0.068180 -0.342987 0.063444 0.226150 0.181439 -0.129331 -0.090532 0.431976 0.174334 0.047162 -0.284093 0.148363 -0.125097 0.045103 -0.186806 0.076001 -0.344200 -0.289450 -0.442856 0.413476 0.068483 0.076885 -0.177964 0.235355 0.050654 0.522191 -0.071676 0.417445 0.001683 0.116059 0.275241 0.011733 0.173639 0.699705 0.295521 0.261094 0.044578 0.464248 0.073056 -0.023087 -0.004072 -0.046572 0.034045 -0.380672 -0.169567 -0.068956 -0.062568 -0.222309 0.042330 -0.186788 0.129666 -0.395369 -0.157742 -0.366420 -0.252345 -0.155783 -0.401936 -0.405241 -0.163004 -0.056305 -0.035688 -0.396554 -0.007317 0.068086 -0.252944 -0.060932 -0.055524
0.049442 0.264076 -0.308021 0.057898 -0.033131 -0.447460 0.032860 0.182777 0.252684 0.158472 0.163249 0.580722 0.536673 0.403192 0.534761 1.000000 0.367083 0.226853 -0.075427 0.172809 0.101693 -0.200791 -0.178296 0.064294 -0.383657 -0.537285 -0.404227 -0.515408 0.435433 0.546960 0.077532 0.017922 0.163801 -0.109896 -0.377682 -0.367544 0.170872 -0.023371 -0.076183 -0.252327 -0.145026 0.161245 -0.240851 -0.315571 -0.196889 -0.454093 -0.172330 -0.543942 -0.121293 -0.104675 -0.532100 0.100759 0.542234 0.332609 0.180757 -0.042393 0.373708 0.021951 0.011094 -0.178050 0.464447 0.309439 0.163115 0.219184 -0.048048 -0.080163 -0.362129 -0.469185 0.295494 -0.046432 0.132060 0.097249 0.493419 0.292981 0.446118 0.207834 0.363413 0.078481 0.016009 0.224844 -0.088639 0.019333 0.229859 0.469445 -0.211481 -0.093375 0.157471 -0.065851 -0.119342 0.215276 0.202430 -0.303189 -0.189339 -0.460898 0.078562 -0.002671 -0.072242 0.103534 0.020656 0.223007 -0.149910 -0.274505 -0.316198 -0.286575 -0.222719 -0.100430 -0.243515 0.029982 -0.091942 0.065402 -0.528359 -0.107765 0.146169 -0.125748 0.038944 0.133433
0.215494 0.141573 -0.116688 -0.185608 -0.005948 -0.428453 0.159577 0.063611 0.177658 -0.027580 0.334107 0.200641 0.624052 0.314443 0.293440 0.367083 1.000000 0.643275 0.155848 0.149734 -0.142587 -0.297272 -0.221432 -0.273652 -0.453163 -0.488992 -0.407592 -0.446546 0.729366 0.299324 0.092370 -0.138854 -0.104971 -0.301786 -0.248731 -0.340296 0.114878 -0.035093 0.097918 -0.032066 -0.249891 0.060175 -0.174192 -0.228392 -0.134087 -0.311077 0.028860 -0.333213 -0.232243 0.001481 -0.369405 -0.136417 0.389106 0.152871 0.313101 0.149505 0.237943 0.056835 0.113389 -0.405900 0.557445 0.162781 0.546875 0.352245 0.118062 0.051112 -0.513825 -0.503772 0.232771 -0.210109 0.446865 0.311659 0.466289 0.281060 0.315790 0.125594 0.396091 0.019986 0.122027 0.165215 0.105208 -0.039478 0.229048 0.143349 -0.080311 -0.186741 0.215594 -0.045420 -0.010237 0.032134 0.051864 -0.100914 -0.071198 -0.004954 0.018687 0.145617 -0.081056 -0.007138 -0.056941 -0.048620 0.013815 0.060806 -0.014529 -0.125547 -0.381923 0.078681 -0.079589 0.087039 -0.160406 0.266739 -0.443977 -0.062156 -0.093783 -0.013947 0.145327 -0.111168
0.029753 0.370489 -0.355434 -0.034334 -0.242270 -0.350420 -0.079711 0.182036 0.075758 0.112844 -0.104974 0.271212 0.114193 0.262477 -0.002572 0.226853 0.643275 1.000000 -0.010864 0.299925 0.001357 -0.187629 -0.274817 -0.100509 -0.320242 -0.226154 -0.407434 -0.368278 0.547125 0.575240 -0.003158 -0.096790 -0.153588 -0.107329 -0.162263 -0.214298 0.152550 0.096660 0.039877 0.031766 -0.150040 0.245789 -0.296204 -0.347850 0.089399 -0.176307 -0.041486 -0.410496 0.021463 0.145513 -0.257283 0.092928 0.263512 -0.026774 0.361598 0.144388 0.160565 0.148067 -0.090204 -0.244210 0.157200 0.230914 0.211617 0.391225 0.066287 0.223914 -0.523019 -0.411034 0.267856 -0.118632 0.371954 0.443580 0.557650 0.429764 0.192996 0.306236 0.396090 0.175143 0.344784 0.347733 0.192130 0.082075 -0.080017 0.075559 -0.120573 -0.132245 -0.020279 -0.071029 -0.050619 0.072277 0.006102 -0.366159 0.012579 -0.259390 0.050697 0.199006 -0.119705 0.115862 -0.057800 -0.192109 0.119350 -0.080374 0.090113 -0.026150 -0.144531 0.089467 0.147205 0.131779 -0.184114 0.184367 -0.396678 -0.179727 0.008508 -0.083913 0.067419 -0.204152
0.400853 0.246252 0.060225 -0.000989 -0.068547 -0.016812 0.150579 -0.062863 -0.029174 -0.021799 0.229838 -0.144940 -0.015360 -0.080099 0.185160 -0.075427 0.155848 -0.010864 1.000000 0.594369 0.016811 -0.013462 -0.095369 -0.100159 -0.199581 -0.215887 -0.205460 -0.150019 0.300193 -0.163100 -0.167388 -0.077372 -0.080490 -0.162211 -0.330374 -0.365603 -0.326595 -0.259816 -0.217918 -0.178966 -0.138491 -0.128288 0.046324 -0.037495 -0.162293 -0.383526 0.138644 0.181124 -0.272432 -0.197909 -0.273945 -0.044556 0.195780 -0.009996 0.178187 0.299252 0.250851 0.277309 0.005822 0.016900 0.099727 0.015856 0.197555 -0.076476 -0.243484 -0.156375 -0.032020 -0.340741 0.266850 -0.082772 0.262656 -0.133723 -0.078000 -0.151368 0.147677 -0.261981 -0.077853 -0.093856 0.002472 0.182518 0.205319 0.054520 0.249471 -0.116339 0.005571 -0.311663 -0.018800 -0.004275 0.130502 0.227875 0.149811 0.550078 -0.024668 0.210607 -0.049989 -0.245544 -0.022253 -0.033015 0.284714 0.101571 -0.157649 0.476725 0.109759 0.204006 -0.069368 0.176854 0.089206 0.121638 -0.179032 0.016815 -0.304634 0.308513 0.171921 -0.204606 -0.052642 -0.165306
0.202452 0.627916 -0.284963 0.153550 -0.155504 -0.205459 -0.011565 0.025042 0.083890 0.013922 0.069145 0.097605 -0.013217 -0.019871 0.278023 0.172809 0.149734 0.299925 0.594369 1.000000 0.049216 -0.139594 -0.107306 0.056989 -0.266042 -0.200719 -0.314267 -0.267591 0.362481 0.270273 -0.106665 -0.013051 0.028051 0.087415 -0.370356 -0.373499 -0.197232 -0.145275 -0.211092 -0.191556 -0.019468 0.068277 -0.149050 -0.267925 -0.080876 -0.426735 0.053691 -0.100828 -0.273493 -0.149797 -0.414345 0.093834 0.263611 -0.014141 0.154355 0.192373 0.190036 0.443218 -0.029842 0.047367 0.021174 0.090793 0.002519 0.056101 -0.113503 -0.182318 -0.288274 -0.463936 0.380947 0.090521 0.111240 -0.077484 0.205408 -0.022699 0.080288 -0.046237 0.049671 0.067841 0.038888 0.310658 0.137505 0.103605 0.258491 0.284192 -0.104962 -0.197792 0.005969 -0.110805 -0.047767 0.295808 0.152398 0.197704 -0.147093 -0.048643 0.053432 -0.094007 -0.243997 0.079211 0.232925 -0.079014 -0.095216 0.112969 0.093834 0.038202 0.041564 0.087568 0.124747 0.076443 -0.165813 0.017534 -0.441209 0.237889 0.225045 -0.318187 -0.018819 -0.223055
-0.074382 0.020224 0.343281 0.045488 0.108038 0.126671 0.188433 -0.239990 -0.394297 -0.161851 -0.290768 -0.295695 -0.170359 -0.351569 0.019720 0.101693 -0.142587 0.001357 0.016811 0.049216 1.000000 0.456062 0.342070 0.144192 0.141859 0.304982 0.517817 0.384464 0.083924 0.162905 0.512474 0.481061 0.107469 0.263954 0.204445 0.172144 0.127078 0.062089 0.304687 0.074167 0.392703 0.358185 -0.255480 -0.158674 -0.259700 -0.048803 -0.436744 -0.141815 -0.197978 -0.264788 0.096168 -0.105322 -0.218888 0.268781 -0.013265 -0.324865 0.001759 0.082746 -0.213077 -0.230474 -0.187966 -0.242893 0.013844 -0.120591 -0.062901 -0.225600 0.032945 -0.061479 0.020870 0.085733 0.351969 0.313086 0.161761 0.207778 0.394236 0.125769 -0.057671 -0.065072 0.098501 0.127159 0.033450 0.147342 -0.078729 0.017466 -0.033822 -0.001152 0.095862 0.138343 -0.119012 -0.081035 -0.300726 -0.096970 -0.423915 -0.281318 0.150113 0.042822 -0.067323 0.179715 -0.197718 0.151117 -0.372153 -0.060690 -0.269751 -0.111886 0.051978 -0.099026 0.154083 -0.045458 0.121764 0.007590 0.217543 -0.187704 0.129375 0.039185 -0.067777 -0.113897
-0.057476 0.015406 0.284032 -0.187459 -0.075554 0.146762 0.232900 -0.137108 -0.306538 -0.087406 -0.191143 -0.311493 -0.152223 -0.273252 -0.163925 -0.200791 -0.297272 -0.187629 -0.013462 -0.139594 0.456062 1.000000 0.182342 -0.123694 0.197118 0.366632 0.454664 0.442835 -0.096656 0.061182 0.303706 0.318745 0.259025 0.281132 0.012233 -0.057824 0.140715 0.299292 0.339857 0.452104 0.258686 0.262447 0.169664 0.332450 -0.035888 0.137782 -0.154066 0.129432 0.062881 -0.006247 0.180070 0.123748 -0.354111 -0.084549 -0.067020 -0.219169 -0.182464 -0.004624 -0.355572 0.048443 -0.229351 -0.133887 -0.197000 -0.173182 -0.133265 -0.134043 0.077370 0.065766 -0.121814 -0.084144 0.127442 0.073795 -0.060429 0.196130 0.038750 -0.058888 -0.067689 -0.239204 0.232285 0.187422 0.173404 0.159168 -0.315063 -0.172934 0.013824 -0.017622 -0.256596 -0.144408 -0.256087 -0.342221 -0.233459 -0.041869 -0.355647 -0.214226 -0.216001 0.196138 -0.120525 0.218172 -0.167526 -0.013659 -0.246199 -0.072000 -0.153066 0.060928 0.186405 -0.281157 0.175719 -0.257419 0.172507 0.263534 0.441093 -0.052706 0.013130 0.150914 -0.113511 -0.112328
-0.040582 -0.295025 0.515711 -0.057273 0.319960 0.025058 0.235726 -0.619311 -0.000346 -0.352599 0.207327 -0.506544 -0.200690 -0.566446 0.364168 -0.178296 -0.221432 -0.274817 -0.095369 -0.107306 0.342070 0.182342 1.000000 0.602077 0.233948 0.459102 0.539418 0.660857 -0.137670 -0.281000 0.525387 0.420711 0.129669 0.385449 0.611059 0.323765 0.102870 0.035371 0.191253 -0.147427 0.129927 0.135586 -0.302242 -0.052774 -0.183675 0.103501 -0.392175 0.045470 -0.164278 -0.141904 0.488259 -0.076482 -0.508381 0.163024 -0.416241 -0.441569 0.177184 0.045462 -0.307610 -0.311163 -0.557924 -0.742765 -0.371344 -0.557849 0.433634 -0.580714 0.237698 0.154565 0.196964 0.373862 0.085166 -0.085907 -0.177012 -0.114301 0.291524 -0.235009 -0.022883 -0.297651 0.198932 0.067846 -0.078545 0.189682 0.473714 0.079387 0.447340 0.302123 0.426608 0.261090 0.320086 -0.130894 -0.622260 0.064310 -0.526030 0.025825 -0.090339 -0.147949 -0.069659 -0.159433 -0.449194 -0.033180 -0.415034 -0.249388 -0.391972 -0.172799 -0.038257 -0.328000 -0.074746 -0.173814 0.136835 -0.215605 0.266089 -0.226885 -0.149233 -0.102123 -0.046125 -0.016312
-0.328501 -0.297937 0.237487 0.457639 0.231532 0.187806 0.086134 0.010174 0.147916 0.059088 -0.049313 -0.027175 -0.229254 -0.192455 0.209045 0.064294 -0.273652 -0.100509 -0.100159 0.056989 0.144192 -0.123694 0.602077 1.000000 0.301946 0.443085 0.293084 0.350813 -0.288054 -0.230228 0.179588 0.355835 -0.253751 0.244295 0.492703 0.286402 -0.115468 -0.101035 -0.154772 -0.337621 -0.108996 0.013777 -0.510903 -0.393422 -0.187235 -0.066522 -0.389838 -0.143514 0.011154 -0.226785 0.401810 -0.073429 -0.153518 -0.007953 -0.355283 -0.324172 0.066176 -0.116881 -0.297615 -0.230056 -0.522144 -0.485881 -0.414115 -0.480460 0.420727 -0.212952 0.130819 0.283849 0.209079 0.542319 -0.055786 0.050665 -0.257001 -0.117127 0.060845 -0.149312 -0.131199 -0.123107 0.037864 -0.026429 -0.226837 -0.080367 0.420746 0.172140 0.135254 0.220213 0.241138 0.267635 0.489353 0.170588 -0.240852 -0.083745 -0.049173 -0.078749 0.040140 -0.491796 -0.090414 -0.346454 -0.299786 -0.260230 -0.209828 -0.242755 -0.255162 -0.086857 0.015334 -0.078465 0.085945 -0.013478 -0.239825 -0.333188 -0.070627 -0.373805 -0.342683 -0.332918 0.000006 -0.158928
-0.490784 -0.393476 0.415660 0.228258 0.180559 0.474428 0.310973 0.070569 -0.134585 -0.275047 -0.481124 -0.420223 -0.248226 -0.322771 -0.445481 -0.383657 -0.453163 -0.320242 -0.199581 -0.266042 0.141859 0.197118 0.233948 0.301946 1.000000 0.708547 0.549070 0.505468 -0.528974 -0.407727 0.157162 0.481423 -0.088360 0.436009 0.515460 0.558560 -0.267053 -0.171962 -0.006753 0.057085 -0.074720 -0.254577 -0.153378 -0.083547 -0.027953 0.302071 -0.234304 0.281073 0.062877 -0.145775 0.419813 -0.195507 -0.264552 0.132396 -0.203997 -0.135127 -0.427477 -0.210906 -0.092596 0.011135 -0.375303 -0.348006 -0.321517 -0.337184 0.211993 -0.049778 0.370820 0.555555 -0.385147 0.269251 -0.008545 0.144015 -0.287965 -0.154009 -0.373242 -0.001716 -0.288242 0.081468 -0.188179 -0.244119 -0.242556 -0.267811 -0.207555 -0.116463 -0.230231 -0.068552 -0.059981 0.109184 0.250597 -0.008360 -0.245910 0.021274 -0.002690 0.134728 0.136468 -0.182879 0.198664 -0.015311 0.047524 0.003662 -0.050483 -0.117262 0.036103 0.144387 0.083294 0.247175 0.209843 -0.010657 0.182803 -0.052515 0.489050 0.105238 -0.048436 0.145230 0.212844 0.128365
-0.338623 -0.352522 0.348892 0.237198 -0.015587 0.450656 0.020040 -0.208645 -0.398079 -0.202015 -0.443058 -0.543314 -0.543380 -0.542159 -0.370800 -0.537285 -0.488992 -0.226154 -0.215887 -0.200719 0.304982 0.366632 0.459102 0.443085 0.708547 1.000000 0.688539 0.758016 -0.452159 -0.285942 0.342706 0.531090 -0.196688 0.425582 0.634401 0.559701 -0.021523 0.197076 0.116211 0.146128 0.116319 0.136079 -0.203047 0.038649 0.043412 0.475049 -0.388484 0.215148 0.080473 0.000762 0.569811 -0.055573 -0.531432 -0.048242 -0.386056 -0.311970 -0.282897 -0.134412 -0.330984 0.000729 -0.685182 -0.526960 -0.293827 -0.356795 0.205071 -0.103889 0.297037 0.487811 -0.246328 0.215943 -0.051174 0.029449 -0.303276 0.005041 -0.216049 0.012272 -0.226181 -0.008278 0.041761 -0.016366 -0.081636 -0.036699 -0.092454 -0.128950 0.154492 0.172888 -0.039461 0.255664 0.162050 -0.105193 -0.422104 -0.092841 -0.079036 0.043583 -0.018064 -0.050599 -0.020778 -0.087198 -0.214504 -0.110933 -0.146854 -0.123604 0.077596 0.075658 0.067488 -0.006321 0.276430 0.018451 0.122118 0.008944 0.574903 -0.089646 -0.184247 -0.007324 -0.046928 -0.111891
-0.183164 -0.432584 0.583489 0.083492 0.318434 0.567003 0.148229 -0.291642 -0.458466 -0.281402 -0.194792 -0.520512 -0.274207 -0.437284 -0.233977 -0.404227 -0.407592 -0.407434 -0.205460 -0.314267 0.517817 0.454664 0.539418 0.293084 0.549070 0.688539 1.000000 0.886522 -0.403728 -0.394602 0.481284 0.507873 0.050392 0.390421 0.538637 0.531276 -0.070385 -0.042371 0.216827 0.115300 0.238216 0.085309 0.056084 0.246545 -0.142122 0.364497 -0.297003 0.391180 0.038329 -0.183300 0.534523 -0.256875 -0.555147 0.031034 -0.307880 -0.368343 -0.236645 -0.227772 -0.145110 -0.120471 -0.494877 -0.561990 -0.223509 -0.463609 0.004030 -0.211116 0.394918 0.510508 -0.238661 0.273678 0.073949 0.047314 -0.369216 -0.112959 -0.128907 -0.139584 -0.262918 -0.070495 -0.090356 -0.168423 -0.115260 -0.081150 -0.090529 -0.191777 0.008105 0.009632 0.069271 0.258512 0.045718 -0.323347 -0.448221 0.003168 -0.249384 0.070077 -0.039790 -0.012732 0.075484 0.001996 -0.265897 -0.008386 -0.306569 -0.016950 -0.127312 0.124725 0.098014 -0.100440 0.065658 -0.200140 0.344028 -0.121404 0.712175 -0.099373 -0.222706 0.175715 -0.092582 -0.073529
-0.146772 -0.410460 0.526482 -0.009094 0.172853 0.469596 0.069378 -0.443254 -0.424610 -0.371898 -0.170126 -0.578241 -0.442048 -0.497346 -0.183781 -0.515408 -0.446546 -0.368278 -0.150019 -0.267591 0.384464 0.442835 0.660857 0.350813 0.505468 0.758016 0.886522 1.000000 -0.371233 -0.407838 0.433409 0.460157 0.006557 0.415362 0.586570 0.521675 -0.078937 0.028981 0.154071 0.066297 0.144399 0.132568 -0.023141 0.229832 -0.044719 0.445509 -0.333643 0.361122 0.154925 -0.093294 0.639651 -0.138043 -0.687480 -0.156975 -0.379704 -0.380108 -0.141114 -0.187698 -0.242262 -0.058294 -0.653068 -0.637114 -0.333422 -0.542307 0.065853 -0.268505 0.476612 0.559627 -0.190242 0.291273 0.033917 -0.076114 -0.354742 -0.088875 -0.062107 -0.165653 -0.210598 -0.135093 0.060612 -0.079757 -0.014128 0.018239 -0.032319 -0.226548 0.236823 0.133371 0.136345 0.287971 0.150645 -0.331290 -0.561891 0.018642 -0.229969 0.100537 -0.122387 0.022049 0.108520 -0.055798 -0.359935 -0.123571 -0.202937 -0.001255 -0.041187 0.158165 0.097371 -0.132429 0.087158 -0.129121 0.355574 -0.086169 0.674674 -0.152374 -0.245494 0.163124 -0.106410 -0.100917
0.427503 0.336359 -0.181168 -0.282110 -0.107673 -0.491944 0.059877 -0.136143 0.130753 -0.094224 0.371571 0.277456 0.429545 0.284532 0.522652 0.435433 0.729366 0.547125 0.300193 0.362481 0.083924 -0.096656 -0.137670 -0.288054 -0.528974 -0.452159 -0.403728 -0.371233 1.000000 0.542975 0.263393 0.018686 -0.016142 -0.195349 -0.339376 -0.439641 0.116959 -0.024150 -0.014270 -0.132949 -0.075577 0.176190 -0.117457 -0.137004 -0.007307 -0.330769 0.037226 -0.313934 -0.173768 0.103108 -0.455626 0.112316 0.341225 0.174099 0.286342 0.174102 0.218631 0.060302 0.055080 -0.348552 0.366239 0.127956 0.469299 0.308726 -0.129974 -0.017025 -0.578166 -0.701104 0.164945 -0.421134 0.453355 0.232150 0.706716 0.308569 0.476218 0.190027 0.536033 0.178111 0.168089 0.270749 0.180240 0.038880 0.228374 0.166561 0.045575 -0.192186 0.215333 -0.037550 -0.278038 -0.023278 0.043904 -0.143807 -0.230087 -0.240099 -0.173117 0.207310 -0.268563 0.056828 -0.034190 0.004273 -0.084140 0.046939 -0.080115 -0.188247 -0.341485 -0.045319 -0.154029 0.011958 -0.097783 0.275038 -0.489736 -0.025726 0.072556 -0.047097 0.029890 -0.124573
0.161993 0.469992 -0.471841 -0.090487 -0.324389 -0.498267 -0.130548 0.070734 0.010787 0.111682 -0.159292 0.412747 0.107403 0.193597 0.174121 0.546960 0.299324 0.575240 -0.163100 0.270273 0.162905 0.061182 -0.281000 -0.230228 -0.407727 -0.285942 -0.394602 -0.407838 0.542975 1.000000 0.223292 0.114751 0.252852 0.020045 -0.355164 -0.374302 0.460852 0.339687 0.132600 0.111391 0.170082 0.409681 -0.095860 -0.112154 0.149603 -0.248284 -0.002231 -0.482283 -0.045374 0.248664 -0.426453 0.360004 0.269030 0.211303 0.239957 0.075832 0.145913 0.077360 -0.207510 -0.049755 0.143030 0.238229 0.142445 0.478329 -0.198631 -0.028849 -0.533141 -0.611291 0.097416 -0.427204 0.167355 0.184546 0.814812 0.560292 0.347296 0.448091 0.503538 0.234154 0.339206 0.420142 0.235737 0.281139 -0.124292 0.388128 -0.034589 0.080555 -0.130083 -0.105667 -0.485822 0.013458 0.125541 -0.515073 -0.240319 -0.603398 -0.136565 0.277780 -0.333495 0.188203 -0.003023 0.055114 0.018673 -0.368340 -0.171797 -0.356693 -0.277593 -0.211248 -0.033236 -0.021348 -0.024896 0.264653 -0.330342 -0.097151 0.315464 -0.141719 -0.182641 -0.072519
0.027847 -0.144162 0.417169 -0.113604 0.166401 -0.129795 0.280351 -0.466263 -0.223429 -0.444981 0.063250 -0.299501 0.036934 -0.369346 0.154315 0.077532 0.092370 -0.003158 -0.167388 -0.106665 0.512474 0.303706 0.525387 0.179588 0.157162 0.342706 0.481284 0.433409 0.263393 0.223292 1.000000 0.795616 0.310989 0.414202 0.292888 0.125480 0.293347 0.125165 0.202411 0.071843 0.287154 0.305264 -0.217338 -0.004182 -0.133681 -0.000761 -0.275327 -0.203933 -0.190745 -0.019502 0.196872 -0.045457 -0.349981 0.325801 -0.286212 -0.311847 0.039592 -0.036066 -0.289332 -0.412346 -0.236223 -0.531968 0.048300 -0.065359 0.195832 -0.477240 -0.047223 -0.177139 -0.041295 -0.093527 0.306683 0.203300 0.321645 0.199457 0.379966 0.066413 0.164521 -0.141524 0.133788 0.142284 -0.010562 0.173000 0.220458 0.338387 0.205771 0.219754 0.262466 0.258541 -0.207042 -0.282938 -0.579601 -0.267798 -0.609123 -0.267637 -0.251933 -0.003112 -0.159076 -0.166484 -0.336887 -0.002303 -0.274402 -0.369564 -0.303021 -0.496058 -0.420241 -0.341516 -0.017152 -0.126494 0.074094 0.025812 0.171941 -0.205136 -0.002762 -0.055283 -0.043171 -0.020509
-0.279647 -0.237192 0.390069 0.128542 0.055586 0.040961 0.398917 -0.220160 -0.259451 -0.439445 -0.246982 -0.316980 -0.038299 -0.414374 -0.055011 0.017922 -0.138854 -0.096790 -0.077372 -0.013051 0.481061 0.318745 0.420711 0.355835 0.481423 0.531090 0.507873 0.460157 0.018686 0.114751 0.795616 1.000000 0.254511 0.581181 0.316171 0.218932 0.049878 0.034871 0.043193 -0.055805 0.105467 0.227956 -0.294374 -0.089657 -0.159680 -0.015001 -0.313500 -0.121892 -0.193319 -0.146169 0.199103 -0.100224 -0.276550 0.223818 -0.263581 -0.292783 -0.070665 -0.090400 -0.398333 -0.326934 -0.251080 -0.503589 -0.047006 -0.106225 0.242590 -0.432275 0.064556 0.013849 -0.119685 0.011189 0.261158 0.234548 0.194569 0.172600 0.171561 0.094141 0.009400 -0.051259 0.048688 0.166356 -0.107365 0.035008 0.101676 0.326176 0.020904 0.120154 0.123929 0.237685 -0.072999 -0.063559 -0.437314 -0.223413 -0.489425 -0.322851 -0.111539 -0.139448 -0.050815 -0.098616 -0.172599 -0.019155 -0.263964 -0.356041 -0.206742 -0.334232 -0.267238 -0.129299 0.188610 -0.046585 0.053691 -0.074603 0.231077 -0.110050 -0.025243 -0.085989 0.020453 0.005786
0.063452 0.176479 0.054022 -0.210497 -0.067052 -0.352657 0.240796 -0.254756 -0.094136 -0.319234 -0.005778 -0.086632 0.128828 -0.237976 0.062064 0.163801 -0.104971 -0.153588 -0.080490 0.028051 0.107469 0.259025 0.129669 -0.253751 -0.088360 -0.196688 0.050392 0.006557 -0.016142 0.252852 0.310989 0.254511 1.000000 0.481859 -0.179125 -0.197234 0.280052 0.088616 0.197915 0.138978 0.172526 0.153037 0.217486 0.256226 -0.094983 -0.216957 0.161117 -0.011670 -0.113485 -0.039685 -0.145427 0.083223 -0.168118 0.163852 -0.027936 -0.025301 0.301369 0.199808 -0.149447 -0.017956 0.124625 -0.071562 -0.183342 0.006057 -0.095374 -0.548147 0.089575 -0.227814 0.136643 -0.070179 -0.010233 -0.106716 0.235954 0.108640 0.172214 0.075008 0.151526 -0.120883 0.196135 0.203966 0.075704 0.336752 -0.078602 0.256796 -0.042327 0.034345 -0.100425 -0.301062 -0.303565 -0.136734 -0.152631 0.045507 -0.497186 -0.211418 -0.135937 0.276233 0.056237 0.186794 0.042631 0.259573 -0.177891 -0.307562 -0.326809 -0.262571 -0.029463 -0.243621 -0.292592 -0.139347 0.290033 -0.043991 0.141989 0.163696 0.333679 0.083481 -0.138186 0.347930
-0.303186 0.059506 0.168491 -0.086923 0.042534 -0.019638 0.205945 -0.313912 -0.209329 -0.462137 -0.311206 -0.301333 -0.213656 -0.416000 -0.096047 -0.109896 -0.301786 -0.107329 -0.162211 0.087415 0.263954 0.281132 0.385449 0.244295 0.436009 0.425582 0.390421 0.415362 -0.195349 0.020045 0.414202 0.581181 0.481859 1.000000 0.326686 0.324073 0.066742 -0.025852 0.154527 -0.005134 0.040935 0.062293 -0.150913 -0.078099 -0.100355 0.081050 -0.323333 0.074920 -0.072407 -0.222947 0.061237 -0.147377 -0.302967 0.108153 -0.226568 -0.291422 0.012403 0.198312 -0.225174 -0.009591 -0.267274 -0.337850 -0.285001 -0.126481 0.163158 -0.468520 0.310618 0.199282 -0.003343 0.372360 0.102955 0.011436 0.039482 -0.044712 0.008794 -0.027318 -0.042759 -0.081323 0.043894 0.169852 0.022137 0.158511 -0.083179 0.139967 -0.016452 0.009392 0.002123 -0.050696 -0.080399 -0.113984 -0.439987 -0.138361 -0.505376 -0.165437 0.067199 0.124313 0.037475 0.069245 -0.108109 -0.050990 -0.238231 -0.292665 -0.052384 0.015635 0.133598 -0.104469 -0.128190 -0.122300 0.216605 -0.187934 0.335244 0.009287 -0.048376 0.062181 -0.032560 0.105397
-0.310294 -0.523113 0.367452 0.097429 0.294185 0.272981 0.072734 -0.324199 -0.148156 -0.314546 -0.159262 -0.477590 -0.371078 -0.421693 -0.126587 -0.377682 -0.248731 -0.162263 -0.330374 -0.370356 0.204445 0.012233 0.611059 0.492703 0.515460 0.634401 0.538637 0.586570 -0.339376 -0.355164 0.292888 0.316171 -0.179125 0.326686 1.000000 0.820732 -0.027032 0.016102 0.271847 0.072184 -0.007664 -0.137539 -0.146462 -0.039004 0.165651 0.525924 -0.251709 0.225817 0.029872 0.057755 0.572687 -0.154648 -0.484917 0.127090 -0.205543 -0.166398 -0.220914 -0.211768 0.020608 -0.231546 -0.532548 -0.659507 -0.194926 -0.416498 0.371616 -0.180694 0.330854 0.503345 -0.224138 0.329691 -0.067466 0.077564 -0.287804 -0.198149 -0.152885 -0.144308 -0.180780 -0.002420 -0.027993 -0.212425 -0.228921 -0.148652 0.127598 -0.118225 0.204619 0.216275 0.410928 0.455211 0.360747 -0.039284 -0.463361 -0.131886 -0.145550 0.124315 0.017208 -0.116805 -0.028301 -0.234069 -0.246068 -0.091709 -0.191754 -0.113497 -0.127036 0.058597 0.007530 0.017247 0.112611 -0.089031 0.088234 -0.229109 0.458181 -0.143475 -0.276679 0.159639 0.158966 -0.028404
-0.379651 -0.460708 0.186111 0.190872 0.294544 0.482465 -0.118669 -0.165036 -0.294881 -0.252467 -0.352666 -0.426305 -0.371563 -0.289268 -0.297742 -0.367544 -0.340296 -0.214298 -0.365603 -0.373499 0.172144 -0.057824 0.323765 0.286402 0.558560 0.559701 0.531276 0.521675 -0.439641 -0.374302 0.125480 0.218932 -0.197234 0.324073 0.820732 1.000000 -0.204209 -0.201033 0.161922 0.015406 -0.083899 -0.251834 -0.076076 -0.093104 0.149061 0.594008 -0.284984 0.305790 0.057112 -0.089440 0.419632 -0.310747 -0.372443 0.042748 -0.057711 -0.120240 -0.264164 -0.098680 0.251739 -0.001673 -0.336822 -0.393727 -0.071973 -0.272904 0.129109 0.027480 0.419676 0.669254 -0.335272 0.348213 -0.164410 0.006558 -0.364458 -0.316909 -0.345115 -0.118819 -0.336154 0.120242 -0.167487 -0.205687 -0.183025 -0.176259 -0.107340 -0.253599 0.006817 0.048323 0.174966 0.440030 0.283520 0.066672 -0.337379 -0.167845 0.002087 0.141237 0.157429 0.011226 0.177169 -0.094425 -0.084065 0.023078 -0.117431 0.045341 0.084241 0.229948 0.096178 0.085874 0.127964 -0.060378 0.213236 -0.330869 0.504188 0.002845 -0.189736 0.210626 0.095311 -0.063202
