1.000000 0.656933 0.117176 -0.279010 0.159786 0.063398 0.050773 -0.075537 0.014817 0.190341 0.522194 0.445541 0.569424 0.304141 0.318181 0.269335 0.327772 0.334110 0.502825 -0.344310 -0.215464 -0.421926 -0.028656 -0.364960 -0.125943 -0.446838 -0.195001 -0.369492 -0.122567 -0.184603 -0.236653 -0.584698 -0.261315 -0.474553 -0.198164 -0.348044 -0.039583 0.034886 -0.028574 -0.059508 -0.333923 -0.009347 0.151522 0.148266 -0.218053 -0.421719 -0.119442 0.021348 0.446077 0.111698 -0.161210 0.372095 0.204418 0.175273 0.122694 0.073322 0.145959 0.010217 0.619261 0.196681 0.452721 0.314568 0.506842 0.046716 0.000983 0.138145 0.007003 -0.553042 0.063073 -0.293866 0.064738 -0.294499 0.017021 0.230891 0.329689 0.149095 0.155350 0.114770 -0.439012 -0.031345 -0.381231 -0.314214 -0.204957 -0.116404 -0.052546 -0.075859 0.019147 0.019122 -0.092312 0.057350 -0.063179 0.308410 -0.001786 0.059879 0.073619 -0.008402 -0.179681 -0.217467 0.048736 0.237248 0.067671 0.257103 -0.180646 -0.058572 -0.276619 0.003191 0.028446 0.200119 0.058030 -0.014895 -0.418359 -0.057702 -0.000890 0.108203 0.076950 0.087703
0.656933 1.000000 -0.200337 -0.282333 0.046586 0.025166 -0.173120 -0.281688 -0.035137 0.070214 0.307785 0.293523 0.204699 0.144489 0.195921 0.214014 0.342387 0.404357 0.324717 0.032970 -0.207015 -0.369159 -0.165117 -0.398201 -0.108790 -0.418133 -0.197607 -0.387514 0.042459 0.175942 -0.288242 -0.488799 0.032167 -0.318970 -0.308499 -0.507062 0.157324 0.124791 0.024053 0.016923 -0.219454 0.049542 0.091292 0.184935 -0.258443 -0.562542 -0.084157 0.138130 0.088874 0.143029 -0.136202 0.355648 0.330426 0.262549 0.150748 0.207398 0.322747 0.305318 0.426868 0.251996 0.153757 0.419714 0.295643 0.190633 -0.308904 -0.191524 0.033234 -0.624202 0.271578 0.042980 0.070201 -0.179710 0.126720 0.184657 0.205763 0.152516 0.150132 0.040722 -0.039357 0.221666 -0.130879 -0.043734 -0.265887 -0.147367 -0.157898 -0.165506 0.008059 -0.032352 -0.310132 0.003471 0.025279 0.228158 -0.059594 0.048648 0.089767 0.007616 -0.118298 -0.065116 0.094457 0.332869 0.078827 0.188134 -0.057886 0.054309 -0.023257 0.022818 0.155693 0.249471 0.021609 0.015019 -0.392056 0.105846 0.246313 0.246673 0.179949 0.234596
0.117176 -0.200337 1.000000 0.531789 0.228141 0.228662 0.717566 0.597924 0.338453 0.262008 0.294691 0.261334 0.579424 0.477114 0.420127 0.254690 -0.229659 -0.261344 0.443827 -0.335082 0.006381 -0.030707 0.658402 0.522768 0.308387 0.360475 0.251175 0.256457 -0.298840 -0.327444 0.297842 0.185498 -0.089960 0.142351 0.397351 0.487083 0.034708 0.131530 0.009800 -0.048268 -0.037246 0.166249 -0.368371 -0.400949 -0.265033 0.102565 -0.358508 -0.099148 0.030633 -0.274803 -0.218186 -0.366739 -0.508300 -0.359638 -0.441146 -0.576410 -0.629803 -0.583149 -0.228811 -0.190770 0.112863 -0.517774 -0.236794 -0.551060 0.725166 0.510733 -0.189654 0.335789 -0.555296 -0.450924 0.087934 0.026688 -0.096385 0.191902 0.299091 0.155607 0.346323 0.413149 -0.493975 -0.422726 -0.337142 -0.290249 0.231026 0.155650 0.137259 0.007022 0.163746 0.193119 0.462101 -0.273226 -0.163674 -0.069560 0.360695 0.417836 0.081549 0.082846 -0.394441 -0.392989 -0.642381 -0.581132 -0.107120 -0.075239 -0.029871 -0.170347 -0.166723 0.120276 -0.342037 -0.188503 0.160679 0.130255 -0.069079 -0.414134 -0.215151 0.006253 0.034438 -0.225902
-0.279010 -0.282333 0.531789 1.000000 0.183160 0.217006 0.291521 0.626636 0.159698 0.218432 0.048809 0.233407 0.097973 0.417004 0.232196 0.261527 -0.473700 -0.266248 0.254390 -0.056948 -0.132004 0.051000 0.476656 0.723775 0.210977 0.481337 0.265948 0.444628 -0.228078 -0.196832 0.239553 0.420079 -0.228736 0.190081 0.314833 0.538854 -0.027104 0.004755 0.024385 0.032787 0.123026 0.220501 -0.471443 -0.443569 -0.168504 0.245315 -0.357391 -0.107859 -0.172209 -0.245933 -0.052711 -0.392181 -0.413543 -0.298748 -0.282566 -0.450188 -0.642641 -0.592479 -0.364648 -0.093039 -0.321903 -0.571111 -0.417680 -0.475678 0.355565 0.301580 -0.179656 0.481907 -0.500178 -0.310515 -0.181394 0.058195 -0.217152 -0.093821 -0.041903 -0.165640 0.148246 0.231615 -0.316707 -0.479565 -0.038607 -0.175701 0.467671 0.538228 0.200307 0.190454 0.196716 0.471441 0.206765 -0.147524 -0.086742 -0.168353 0.489793 0.329629 0.022241 -0.084194 -0.261657 -0.066779 -0.525738 -0.552513 0.070212 -0.001283 0.248815 -0.120126 0.105837 0.029040 -0.099464 -0.225569 -0.007200 0.106422 0.103555 -0.224885 -0.117384 0.052965 -0.077300 -0.327445
0.159786 0.046586 0.228141 0.183160 1.000000 0.584881 0.165082 0.412309 0.661642 0.888077 0.014468 0.037212 0.322153 0.262309 0.811595 0.862505 -0.305306 -0.104629 0.115308 -0.037744 -0.621641 -0.513227 0.031378 -0.041698 0.749120 0.259583 0.370944 0.043151 -0.182156 -0.298061 -0.407963 -0.448229 -0.287065 -0.279005 -0.083126 0.050124 -0.407212 -0.509522 -0.503509 -0.642586 -0.565495 -0.328588 0.165882 -0.134217 0.239598 0.184552 -0.443455 -0.311879 0.358499 0.214321 -0.089706 0.038804 -0.068565 -0.169038 -0.233613 -0.396492 -0.199128 -0.235433 0.200662 0.510434 0.156436 0.086741 0.078624 -0.174565 0.086870 0.186615 0.130216 0.189815 0.030525 0.004251 -0.281210 -0.644759 -0.449816 -0.432559 -0.219393 -0.327682 -0.205180 -0.121131 -0.238875 -0.331837 -0.043617 -0.261420 -0.124751 0.357088 -0.125518 -0.221766 0.385859 0.233161 -0.111560 -0.439735 0.458212 0.444588 -0.062751 -0.210144 -0.169851 -0.427800 -0.471687 -0.043511 -0.310251 -0.031539 -0.206081 -0.270201 -0.053980 -0.033123 -0.333477 -0.315131 0.036205 0.028551 -0.277103 -0.175785 0.003018 -0.604486 -0.402654 -0.241826 -0.467278 -0.230190
0.063398 0.025166 0.228662 0.217006 0.584881 1.000000 0.045699 0.301201 0.201291 0.629883 0.160541 0.269909 0.278124 0.347494 0.629559 0.665685 -0.301021 -0.115795 -0.045568 -0.041117 -0.318535 -0.194761 0.161033 0.168811 0.422273 0.238646 0.370805 0.296923 -0.289278 -0.192538 -0.232214 -0.234495 -0.244929 -0.228896 0.085530 0.180470 -0.197223 -0.167764 -0.290883 -0.190880 -0.274225 -0.248368 -0.129064 -0.218274 -0.029602 0.047082 -0.446782 -0.150193 0.246784 0.012226 0.038109 0.092012 -0.086284 -0.149463 -0.025860 -0.322089 -0.327421 -0.299276 0.093502 0.310683 -0.042434 -0.104288 -0.067908 -0.341292 0.054124 0.227846 -0.088157 0.231979 -0.168221 0.033904 -0.120967 -0.153858 -0.321716 -0.271889 -0.182475 -0.091250 0.040563 0.138826 -0.259536 -0.228588 -0.250484 -0.315808 0.022306 0.327931 -0.065384 -0.103077 0.274124 0.409018 -0.006271 -0.184103 0.302281 0.233930 -0.007212 -0.103192 -0.131830 -0.124481 -0.215129 0.108401 -0.324965 -0.062804 -0.112809 -0.212096 0.018454 -0.086790 -0.205373 -0.115374 0.013627 0.099907 -0.210819 -0.072318 0.131135 -0.439990 -0.239349 -0.070498 -0.263567 -0.225946
0.050773 -0.173120 0.717566 0.291521 0.165082 0.045699 1.000000 0.655712 0.435469 0.181700 0.176169 0.117440 0.527424 0.464709 0.254104 0.225673 0.012488 -0.108882 0.289012 -0.276407 -0.005610 -0.198557 0.357985 0.237305 0.357317 0.138726 -0.045603 -0.027172 -0.037005 -0.007256 0.255493 0.168105 0.152086 0.171641 -0.006335 0.410268 0.155811 0.248347 -0.113358 -0.097039 0.037339 0.165165 -0.437175 -0.397861 -0.219410 -0.011056 -0.284511 -0.024839 -0.149685 -0.016813 -0.532836 -0.365987 -0.365780 -0.173731 -0.502479 -0.456167 -0.513160 -0.427249 -0.253905 -0.037889 0.247589 -0.455467 -0.207326 -0.376272 0.575702 0.372267 -0.192586 0.125569 -0.494274 -0.343686 0.041243 0.050011 0.171453 0.302819 0.246484 0.217053 0.299268 0.380230 -0.380385 -0.411220 -0.131219 -0.048968 -0.009896 0.057852 -0.022770 -0.174820 0.009448 0.040261 0.186638 -0.456579 -0.084150 0.150811 0.269727 0.442916 0.082940 0.179835 -0.446535 -0.287935 -0.502955 -0.354947 -0.055387 0.008395 0.054974 0.023854 0.017526 0.321158 -0.176102 0.086050 0.140800 0.224829 -0.109642 -0.204007 0.057966 0.112037 -0.025600 -0.051952
-0.075537 -0.281688 0.597924 0.626636 0.412309 0.301201 0.655712 1.000000 0.485180 0.530489 -0.044313 0.238102 0.425099 0.578410 0.359840 0.447949 -0.272493 -0.213687 0.099564 -0.400892 -0.307737 -0.257103 0.208352 0.360083 0.452244 0.384363 0.179878 0.217293 -0.464081 -0.325139 -0.142620 0.071865 -0.283503 -0.028163 -0.005806 0.480005 -0.104612 -0.016385 -0.302918 -0.189772 -0.117428 0.041889 -0.358817 -0.408681 -0.088126 0.232263 -0.390594 -0.069920 0.085010 0.046271 -0.281880 -0.232584 -0.255527 -0.122694 -0.383331 -0.467577 -0.621078 -0.635977 -0.118583 0.041709 0.165753 -0.387963 -0.272802 -0.422651 0.404397 0.667679 -0.278556 0.293021 -0.611752 -0.431336 -0.255937 -0.133439 -0.365000 -0.160746 -0.131399 -0.155528 -0.001158 0.215465 -0.552806 -0.618913 -0.272653 -0.298227 -0.055392 0.249833 -0.143491 -0.236316 0.043235 0.193642 0.115560 -0.351779 0.164834 0.251479 0.508022 0.394198 0.054919 -0.023068 -0.480903 -0.130205 -0.474050 -0.335160 0.141751 0.069663 0.269686 0.060622 0.083092 0.164695 -0.087835 0.011719 0.069911 0.081353 0.025423 -0.363811 -0.037756 0.210157 -0.093070 -0.075391
0.014817 -0.035137 0.338453 0.159698 0.661642 0.201291 0.435469 0.485180 1.000000 0.605717 -0.133300 -0.063754 0.302453 0.219776 0.521223 0.545530 -0.228707 -0.205481 0.143239 -0.099225 -0.445129 -0.369090 -0.027679 -0.058961 0.633816 0.219679 0.150775 -0.098565 -0.168359 -0.225775 -0.190555 -0.174605 -0.166246 -0.074336 -0.233191 0.054251 -0.240237 -0.283119 -0.552921 -0.494451 -0.276617 -0.099966 0.047026 -0.210037 0.216933 0.235991 -0.178683 -0.057458 0.019854 0.309068 -0.317832 -0.093235 0.066642 0.081548 -0.302591 -0.232495 -0.247720 -0.222354 0.004720 0.245234 0.160168 0.089195 -0.088081 -0.156882 0.219607 0.261804 -0.187999 0.050553 -0.157087 -0.122402 -0.242372 -0.473556 -0.285803 -0.195341 -0.011390 -0.117596 -0.064517 0.011859 -0.197014 -0.357924 -0.048239 -0.187935 -0.174989 0.260768 -0.291001 -0.354243 0.245849 -0.036410 -0.220818 -0.416064 0.475621 0.430565 0.044088 -0.055073 -0.078906 -0.167819 -0.490674 -0.169105 -0.221536 -0.024405 -0.099498 -0.194446 -0.002739 -0.033760 -0.171651 -0.044935 -0.023708 0.199229 0.053005 -0.015577 0.002969 -0.332804 -0.116588 0.003249 -0.255696 -0.043488
0.190341 0.070214 0.262008 0.218432 0.888077 0.629883 0.181700 0.530489 0.605717 1.000000 0.056066 0.226124 0.391374 0.395117 0.789584 0.873324 -0.282382 -0.114512 0.043839 -0.188199 -0.646204 -0.555610 -0.030963 -0.052074 0.678991 0.215114 0.389646 0.068420 -0.329469 -0.287794 -0.527978 -0.497555 -0.389964 -0.354864 -0.113546 0.070618 -0.381950 -0.408828 -0.495833 -0.519068 -0.535652 -0.318995 0.092092 -0.130234 0.181899 0.201868 -0.509643 -0.314680 0.365653 0.272533 -0.062018 0.142963 0.003067 -0.068676 -0.161711 -0.373615 -0.290616 -0.319061 0.261678 0.479104 0.143831 0.061460 0.036724 -0.241889 0.042477 0.336756 0.027686 0.147522 -0.129382 -0.157535 -0.289710 -0.572041 -0.489461 -0.410959 -0.182686 -0.224139 -0.174920 -0.070803 -0.307921 -0.334827 -0.207495 -0.314850 -0.247677 0.244860 -0.177472 -0.258589 0.288586 0.158089 -0.120258 -0.420230 0.493939 0.466017 0.053345 -0.148798 -0.125717 -0.283013 -0.476729 -0.041744 -0.279065 -0.011831 -0.024979 -0.211075 0.034070 0.051399 -0.260971 -0.144643 0.101670 0.179513 -0.148384 -0.101510 -0.016236 -0.671216 -0.288668 -0.092188 -0.240006 -0.093079
0.522194 0.307785 0.294691 0.048809 0.014468 0.160541 0.176169 -0.044313 -0.133300 0.056066 1.000000 0.490804 0.659605 0.562486 0.446081 0.315663 0.266644 0.252694 0.324179 -0.032306 0.113834 -0.173254 0.401241 0.068690 -0.243149 -0.293697 -0.045425 -0.046207 0.338454 0.148427 0.129501 -0.171619 -0.107816 -0.022493 0.162498 0.162432 0.195218 0.182429 0.245279 0.133368 0.080371 0.223803 -0.252501 -0.035185 -0.345222 -0.223883 -0.274819 0.056587 0.134029 -0.096515 -0.230487 -0.065895 -0.327160 -0.177737 -0.196235 -0.341161 -0.195967 -0.178787 0.135023 -0.088695 0.015659 -0.162304 0.024353 -0.226548 0.147771 0.079553 -0.299246 -0.169632 -0.231019 -0.286229 0.386103 0.102931 0.390173 0.470692 0.605615 0.464816 0.526239 0.369067 -0.322472 0.063152 -0.122284 0.002170 0.254284 0.109397 0.303808 0.090572 0.188426 0.204304 -0.010455 -0.148871 -0.323393 -0.086110 -0.012984 0.327230 0.179945 0.121704 -0.231701 -0.328341 -0.379666 -0.208796 -0.182170 0.059622 -0.174696 -0.171338 -0.243106 0.227864 -0.246388 -0.007550 0.009755 0.056740 -0.267981 -0.140312 0.049518 0.128768 0.192360 -0.113491
0.445541 0.293523 0.261334 0.233407 0.037212 0.269909 0.117440 0.238102 -0.063754 0.226124 0.490804 1.000000 0.517429 0.681131 0.322879 0.318724 0.023957 0.291211 0.121811 -0.483480 -0.086950 -0.243283 0.073871 0.033583 -0.173579 -0.186350 -0.099028 0.040706 -0.168587 -0.048209 -0.145895 -0.214105 -0.365398 -0.353316 0.115676 0.037385 0.165211 0.343332 0.146099 0.296212 0.011499 0.280832 -0.224659 -0.135294 -0.387449 -0.360341 -0.337476 -0.075345 0.405665 -0.161282 0.129307 0.274216 0.019808 0.009607 0.297028 -0.054773 -0.348130 -0.407010 0.331736 -0.046239 0.114135 -0.153656 0.074014 -0.314042 0.170676 0.437737 -0.288776 -0.146058 -0.438296 -0.525925 -0.022662 -0.132643 0.007221 0.178124 0.320352 0.219417 0.278255 0.311723 -0.478971 -0.104576 -0.546384 -0.332558 -0.023861 0.016725 0.078668 0.131058 0.119208 0.206807 0.047227 0.059643 -0.143704 -0.061258 0.107096 0.121123 0.243051 0.293572 -0.042176 -0.007223 -0.164843 -0.097972 0.344588 0.340786 0.151431 0.014065 0.051691 0.192459 0.038086 0.320312 0.304274 0.046440 -0.365947 -0.281206 0.044000 0.245896 0.235622 0.182989
0.569424 0.204699 0.579424 0.097973 0.322153 0.278124 0.527424 0.425099 0.302453 0.391374 0.659605 0.517429 1.000000 0.682408 0.612395 0.536769 0.232747 0.148465 0.309500 -0.406110 -0.195458 -0.382557 0.336919 0.011110 0.129055 -0.133564 -0.042349 -0.156606 -0.099165 -0.176338 -0.090885 -0.335487 -0.250535 -0.242751 0.001349 0.082502 0.105286 0.100025 -0.055456 -0.081129 -0.212571 0.066437 -0.232902 -0.165612 -0.368951 -0.189598 -0.397093 -0.075042 0.330865 -0.067437 -0.352162 -0.014917 -0.195076 -0.059782 -0.195545 -0.422171 -0.311900 -0.329490 0.256030 0.042821 0.471928 -0.043217 0.119052 -0.262053 0.435248 0.536692 -0.391892 -0.177575 -0.390261 -0.440237 0.153697 -0.186424 0.095788 0.255461 0.420104 0.317908 0.364430 0.310400 -0.515126 -0.193585 -0.408735 -0.216968 -0.070368 0.065791 -0.020203 -0.221973 0.269596 0.151510 0.113343 -0.195458 -0.074094 0.201114 0.121781 0.374318 0.120430 0.114492 -0.413151 -0.431287 -0.478828 -0.285696 0.010546 0.157202 -0.138043 -0.094480 -0.261047 0.093788 -0.206708 0.123622 0.044743 0.019424 -0.340834 -0.357204 -0.106215 0.190811 0.091905 0.010050
0.304141 0.144489 0.477114 0.417004 0.262309 0.347494 0.464709 0.578410 0.219776 0.395117 0.562486 0.681131 0.682408 1.000000 0.475348 0.554022 0.051759 0.242442 0.183446 -0.265774 -0.298676 -0.452524 0.240266 0.146692 0.040413 -0.162540 -0.011634 0.001368 -0.073431 0.027056 -0.125899 -0.189597 -0.308940 -0.198780 0.006876 0.311014 0.072600 0.186523 -0.080666 0.022638 -0.021295 0.192344 -0.517171 -0.415224 -0.369962 -0.157891 -0.521795 -0.051418 0.139494 0.017022 -0.280447 -0.047662 -0.186248 -0.040158 -0.194063 -0.424629 -0.487668 -0.514932 0.126789 0.030906 0.146502 -0.241679 -0.074323 -0.295169 0.278500 0.494736 -0.426151 -0.031961 -0.515212 -0.444835 -0.012815 -0.094219 0.048766 0.201651 0.275812 0.180883 0.314036 0.373821 -0.582561 -0.343643 -0.309053 -0.218151 0.006271 0.180519 -0.048673 -0.097119 0.086033 0.303314 -0.084179 -0.248476 0.114253 0.210399 0.362955 0.429575 0.264435 0.198194 -0.432899 -0.234025 -0.457525 -0.254430 0.236464 0.295267 0.195043 0.075920 -0.056960 0.237684 -0.180903 0.144005 0.121193 0.033407 -0.369907 -0.341431 0.126193 0.325785 0.109836 -0.023654
0.318181 0.195921 0.420127 0.232196 0.811595 0.629559 0.254104 0.359840 0.521223 0.789584 0.446081 0.322879 0.612395 0.475348 1.000000 0.903283 -0.151813 -0.022225 0.244180 -0.090101 -0.391049 -0.419828 0.329838 0.096089 0.500099 0.144160 0.348109 0.103115 -0.096988 -0.225835 -0.229813 -0.409589 -0.275744 -0.188119 0.097398 0.136188 -0.161724 -0.287100 -0.275280 -0.413335 -0.427607 -0.118643 -0.001431 -0.160950 -0.013621 0.048983 -0.547228 -0.232197 0.306833 0.078262 -0.179954 -0.039598 -0.290862 -0.282591 -0.293394 -0.531430 -0.304879 -0.287839 0.148201 0.335214 0.112338 -0.035659 0.015695 -0.300756 0.230406 0.276299 -0.097816 0.125933 -0.176627 -0.147388 -0.033242 -0.430432 -0.214352 -0.147021 0.120769 0.027154 0.105308 0.120840 -0.370791 -0.224463 -0.189026 -0.230802 0.097260 0.368293 0.025958 -0.191824 0.568630 0.317978 -0.034468 -0.470706 0.218356 0.255234 -0.054707 -0.025507 -0.009158 -0.246732 -0.479997 -0.180775 -0.519969 -0.182660 -0.251994 -0.321294 -0.138529 -0.168561 -0.394093 -0.137856 -0.056784 0.061791 -0.193397 -0.069961 -0.115625 -0.635833 -0.309091 -0.098029 -0.213626 -0.202600
0.269335 0.214014 0.254690 0.261527 0.862505 0.665685 0.225673 0.447949 0.545530 0.873324 0.315663 0.318724 0.536769 0.554022 0.903283 1.000000 -0.157472 0.039029 0.092610 -0.086035 -0.611240 -0.599970 0.114576 -0.024640 0.560065 0.086429 0.233284 -0.029466 -0.110579 -0.086370 -0.382693 -0.468492 -0.309831 -0.301051 -0.097378 0.091507 -0.227469 -0.300235 -0.400651 -0.438430 -0.453080 -0.169089 -0.095175 -0.203739 -0.024711 0.030481 -0.605042 -0.271939 0.289538 0.171893 -0.191259 0.072664 -0.079194 -0.087684 -0.220535 -0.465037 -0.268457 -0.263616 0.221381 0.448525 0.117132 0.065506 0.008815 -0.215484 0.072540 0.268866 -0.116364 0.046690 -0.143371 -0.143353 -0.179810 -0.512198 -0.224363 -0.190154 0.009210 -0.046347 0.046858 0.083330 -0.314225 -0.268621 -0.124730 -0.172638 -0.084362 0.383245 -0.094186 -0.233056 0.433216 0.374242 -0.217622 -0.478958 0.359552 0.400840 0.014976 -0.022991 -0.053863 -0.207715 -0.495898 -0.079960 -0.430475 -0.081941 -0.076889 -0.139587 -0.001362 -0.032828 -0.309953 -0.156205 0.029788 0.159139 -0.224896 -0.070393 -0.143895 -0.570793 -0.212199 -0.036332 -0.260236 -0.148734
0.327772 0.342387 -0.229659 -0.473700 -0.305306 -0.301021 0.012488 -0.272493 -0.228707 -0.282382 0.266644 0.023957 0.232747 0.051759 -0.151813 -0.157472 1.000000 0.552866 -0.053372 0.175937 0.088987 -0.198067 -0.152592 -0.430028 -0.424288 -0.581451 -0.326171 -0.502707 0.358616 0.300978 -0.088300 -0.318086 0.287549 -0.031420 -0.341251 -0.357695 0.183328 -0.027917 -0.007324 -0.036830 -0.000049 -0.123882 0.077680 0.221812 -0.138721 -0.356972 0.144034 0.074662 -0.106575 0.133352 -0.322302 0.070640 0.185089 0.234072 0.073468 0.119599 0.549959 0.498142 0.212431 -0.109414 0.365869 0.353494 0.312705 0.484702 -0.152782 -0.131561 -0.148760 -0.546566 0.302927 0.175303 0.135583 -0.043983 0.518067 0.224190 0.201298 0.135773 0.065431 -0.100390 0.215890 0.279119 0.151745 0.451353 -0.208162 -0.328519 -0.086751 -0.236344 -0.173842 -0.204536 -0.151206 0.146304 -0.081990 0.024623 -0.239051 0.004581 0.037686 -0.046040 -0.029951 -0.214883 0.148417 0.186238 0.060065 0.093773 -0.225963 -0.040495 -0.183385 -0.020109 -0.115625 0.138906 -0.145421 0.044995 -0.371372 0.147943 0.178279 0.089317 0.124951 0.133879
0.334110 0.404357 -0.261344 -0.266248 -0.104629 -0.115795 -0.108882 -0.213687 -0.205481 -0.114512 0.252694 0.291211 0.148465 0.242442 -0.022225 0.039029 0.552866 1.000000 0.001629 0.096867 -0.142412 -0.312924 -0.178477 -0.361580 -0.297535 -0.469591 -0.327112 -0.391929 0.269618 0.391898 -0.182252 -0.372018 -0.089447 -0.398852 -0.189482 -0.172849 0.047378 0.087939 -0.109925 0.090541 -0.166147 0.010047 -0.009150 0.091120 -0.211024 -0.369588 -0.039874 0.037814 0.067266 0.139203 -0.062168 0.271780 0.217474 0.203204 0.202152 0.144980 0.352513 0.276369 0.212204 0.219440 0.217581 0.319404 0.431386 0.402284 -0.247219 -0.121722 -0.039251 -0.391192 0.210631 0.079363 -0.096070 -0.142636 0.145908 0.155282 -0.027083 -0.009719 -0.078328 -0.145660 0.026883 0.214610 0.125269 0.204607 -0.210916 -0.178632 -0.025347 -0.043744 -0.118563 0.166003 -0.193814 0.145264 -0.022105 0.075462 -0.230388 -0.061529 -0.030485 -0.189595 -0.188779 -0.068109 0.057274 0.118723 0.218809 0.300641 0.013462 0.046275 -0.055687 -0.015226 -0.043111 0.102912 -0.099113 -0.104161 -0.473250 0.078801 0.258413 0.050010 0.092245 0.040584
0.502825 0.324717 0.443827 0.254390 0.115308 -0.045568 0.289012 0.099564 0.143239 0.043839 0.324179 0.121811 0.309500 0.183446 0.244180 0.092610 -0.053372 0.001629 1.000000 -0.084704 -0.118753 -0.184649 0.335431 0.188004 0.026634 -0.046916 0.074033 -0.007023 -0.072036 -0.270850 0.125719 -0.093186 0.024451 0.007727 0.103105 0.095180 0.072574 0.125795 0.105400 -0.033736 -0.111445 0.168996 -0.136874 -0.152303 -0.210539 -0.127096 -0.161821 0.047126 0.027763 -0.029355 -0.237747 -0.113757 -0.231647 -0.177569 -0.196567 -0.201400 -0.271390 -0.269932 0.012347 0.099592 0.034558 -0.179079 0.169301 -0.299312 0.255261 0.040246 0.129606 -0.071594 -0.081955 -0.257809 0.042744 -0.055107 -0.001419 0.235193 0.313592 0.139024 0.226535 0.206992 -0.422002 -0.270169 -0.100159 -0.311279 0.278586 0.231170 0.090993 0.084382 0.061660 0.191656 0.074914 -0.088784 -0.121889 0.084837 0.343362 0.260491 0.072692 -0.136646 -0.223848 -0.168806 -0.266292 -0.139610 -0.186261 0.039379 -0.004617 -0.051745 -0.064072 0.002728 -0.013186 -0.118795 0.007533 0.142423 -0.103037 -0.075102 -0.027331 0.022030 0.017710 -0.210095
-0.344310 0.032970 -0.335082 -0.056948 -0.037744 -0.041117 -0.276407 -0.400892 -0.099225 -0.188199 -0.032306 -0.483480 -0.406110 -0.265774 -0.090101 -0.086035 0.175937 0.096867 -0.084704 1.000000 -0.000585 0.090748 0.012357 0.076021 -0.006511 -0.017072 0.245196 0.063975 0.475520 0.345504 0.044382 0.112677 0.358687 0.429318 -0.035032 0.085184 -0.183958 -0.418467 -0.202466 -0.225648 0.093867 -0.204984 -0.111988 -0.128746 0.149963 0.223328 0.018925 -0.085422 -0.630004 0.030635 -0.225575 -0.419297 -0.183987 -0.120722 -0.319517 -0.221173 0.418240 0.518585 -0.406476 -0.037665 -0.284735 0.022371 -0.172461 0.306134 -0.230108 -0.586147 0.093121 0.244518 0.641263 0.813971 -0.007554 0.143588 0.173270 -0.184037 -0.202449 -0.264828 -0.135530 -0.281452 0.581741 0.330947 0.727130 0.515026 0.285835 0.188765 0.165875 0.121424 -0.076651 -0.060518 -0.172307 -0.063963 0.160116 -0.093874 -0.230012 -0.132413 -0.179677 -0.396982 -0.125854 -0.064810 -0.134738 -0.065033 -0.443507 -0.320112 -0.138571 -0.142733 -0.135717 -0.195661 -0.041881 -0.309282 -0.419216 -0.012379 0.262324 0.034222 -0.031798 -0.361080 -0.146609 -0.400692
-0.215464 -0.207015 0.006381 -0.132004 -0.621641 -0.318535 -0.005610 -0.307737 -0.445129 -0.646204 0.113834 -0.086950 -0.195458 -0.298676 -0.391049 -0.611240 0.088987 -0.142412 -0.118753 -0.000585 1.000000 0.777535 0.200519 0.238081 -0.405631 0.111178 -0.070920 0.311397 0.176496 -0.016264 0.580948 0.540872 0.261250 0.465471 0.315183 0.168928 0.470705 0.427699 0.576144 0.483583 0.580583 0.484580 0.047098 0.088734 0.062468 0.010858 0.403637 0.327329 -0.178604 -0.185140 -0.053075 -0.281430 -0.378859 -0.399987 -0.121278 0.179454 0.021131 0.029766 -0.211702 -0.505938 -0.096041 -0.277664 -0.201422 -0.081725 0.073620 -0.109688 -0.124582 0.103076 -0.140580 0.005200 0.479399 0.591180 0.366312 0.339725 0.296861 0.399404 0.318824 0.317565 0.079971 0.207441 -0.013628 0.061912 0.349997 -0.150586 0.110784 0.039932 -0.023371 -0.234984 0.322258 0.122483 -0.536785 -0.469591 -0.150474 0.090224 0.209028 0.305445 0.481149 0.134548 0.057783 -0.054162 -0.275563 -0.210011 -0.254505 -0.294273 0.105491 0.207801 -0.060532 -0.109488 0.281136 0.298350 0.213893 0.296993 -0.010128 0.006044 0.157218 0.029066
-0.421926 -0.369159 -0.030707 0.051000 -0.513227 -0.194761 -0.198557 -0.257103 -0.369090 -0.555610 -0.173254 -0.243283 -0.382557 -0.452524 -0.419828 -0.599970 -0.198067 -0.312924 -0.184649 0.090748 0.777535 1.000000 0.261039 0.472579 -0.256618 0.414027 0.201859 0.585490 -0.043832 -0.160621 0.579804 0.676335 0.132668 0.500442 0.415027 0.166489 0.210096 0.158181 0.496472 0.456156 0.507387 0.278695 0.158098 0.091072 0.022151 0.186685 0.424398 0.277030 -0.205111 -0.403355 0.107224 -0.330624 -0.345280 -0.373819 -0.040512 0.112070 -0.006686 0.041892 -0.321997 -0.467499 -0.264474 -0.299463 -0.275642 -0.079399 0.064116 -0.049789 -0.086750 0.298781 -0.054876 0.172251 0.268796 0.642732 -0.021940 0.008669 -0.097475 0.085975 -0.000985 0.070532 0.205976 0.158455 0.107385 0.053779 0.402605 0.060216 0.192106 0.151121 0.102492 -0.125129 0.453478 0.331961 -0.438620 -0.536449 -0.141801 -0.079648 0.151553 0.092057 0.471305 0.153738 0.003877 -0.204481 -0.355898 -0.335562 -0.244416 -0.403384 0.025763 -0.001203 -0.027335 -0.266522 0.111301 0.132862 0.373463 0.217233 -0.140095 -0.114146 0.009743 -0.048869
-0.028656 -0.165117 0.658402 0.476656 0.031378 0.161033 0.357985 0.208352 -0.027679 -0.030963 0.401241 0.073871 0.336919 0.240266 0.329838 0.114576 -0.152592 -0.178477 0.335431 0.012357 0.200519 0.261039 1.000000 0.743575 0.152270 0.405641 0.245130 0.383364 -0.020913 -0.136029 0.534297 0.383425 -0.006010 0.352689 0.641577 0.434462 0.179386 0.074753 0.323798 0.111752 0.123528 0.212835 -0.287841 -0.138013 -0.439116 -0.024956 -0.214071 0.085747 -0.105757 -0.573826 -0.059797 -0.461346 -0.569019 -0.398611 -0.383189 -0.568990 -0.395682 -0.269381 -0.465371 -0.316686 -0.278554 -0.603141 -0.296101 -0.429369 0.433516 0.142529 -0.178704 0.315861 -0.318541 -0.119545 0.300743 0.338906 0.050492 0.263183 0.251034 0.210607 0.389616 0.361366 -0.172869 -0.093275 -0.068851 0.015122 0.529094 0.263988 0.386811 0.131470 0.289539 0.300164 0.438571 -0.138301 -0.388678 -0.367627 0.144742 0.349998 0.084360 0.016319 -0.191068 -0.313427 -0.689211 -0.685511 -0.295389 -0.243501 -0.172841 -0.320609 -0.219330 0.014958 -0.300718 -0.360286 -0.149452 0.081988 0.063310 -0.135196 -0.109255 -0.030853 0.070870 -0.413192
-0.364960 -0.398201 0.522768 0.723775 -0.041698 0.168811 0.237305 0.360083 -0.058961 -0.052074 0.068690 0.033583 0.011110 0.146692 0.096089 -0.024640 -0.430028 -0.361580 0.188004 0.076021 0.238081 0.472579 0.743575 1.000000 0.149525 0.672432 0.377006 0.651139 -0.180215 -0.260777 0.504258 0.637151 -0.088873 0.434922 0.604056 0.495998 0.046456 0.060418 0.299812 0.248068 0.289368 0.169970 -0.415091 -0.352094 -0.337992 0.166084 -0.143321 0.060013 -0.214919 -0.544920 -0.003503 -0.513032 -0.581637 -0.428256 -0.305933 -0.494788 -0.542685 -0.452105 -0.546535 -0.312065 -0.443686 -0.734498 -0.478081 -0.543412 0.342762 0.232759 -0.205183 0.561395 -0.400059 -0.075929 0.128589 0.420662 -0.179238 -0.004406 -0.023400 0.010259 0.189028 0.262524 -0.142567 -0.261479 -0.005501 -0.117559 0.624049 0.481548 0.267319 0.173008 0.224516 0.363375 0.443237 0.013981 -0.272353 -0.351061 0.406442 0.363013 0.073748 -0.036332 -0.063701 -0.072748 -0.585683 -0.651341 -0.217790 -0.150310 0.099853 -0.173033 0.062098 0.086799 -0.138360 -0.403784 -0.062981 0.157370 0.240413 -0.151817 -0.136739 -0.043589 0.063947 -0.390321
-0.125943 -0.108790 0.308387 0.210977 0.749120 0.422273 0.357317 0.452244 0.633816 0.678991 -0.243149 -0.173579 0.129055 0.040413 0.500099 0.560065 -0.424288 -0.297535 0.026634 -0.006511 -0.405631 -0.256618 0.152270 0.149525 1.000000 0.586594 0.362217 0.157919 -0.224183 -0.196435 -0.155288 -0.060232 -0.050830 -0.009595 0.064748 0.196222 -0.268185 -0.309998 -0.395936 -0.504471 -0.405430 -0.244027 0.095275 -0.082694 0.125046 0.220067 -0.250781 -0.171697 0.049531 0.010674 -0.135616 -0.179933 -0.115723 -0.194027 -0.339803 -0.402166 -0.241577 -0.169244 -0.184037 0.283982 0.052652 -0.188977 -0.171545 -0.297922 0.128078 0.101646 0.117726 0.307113 0.014544 0.099090 -0.199308 -0.381947 -0.400375 -0.314678 -0.258560 -0.276999 -0.149892 -0.024684 -0.007036 -0.209165 0.027131 -0.097049 -0.234072 0.166081 -0.111071 -0.178244 0.176896 0.023043 0.072116 -0.472539 0.273449 0.255561 -0.038092 -0.108519 -0.186442 -0.279265 -0.357243 -0.004796 -0.374838 -0.222646 -0.284476 -0.307420 -0.105995 -0.046558 -0.150683 -0.158735 0.035461 0.044593 -0.187671 0.017298 0.239414 -0.454213 -0.317906 -0.230880 -0.350755 -0.172206
-0.446838 -0.418133 0.360475 0.481337 0.259583 0.238646 0.138726 0.384363 0.219679 0.215114 -0.293697 -0.186350 -0.133564 -0.162540 0.144160 0.086429 -0.581451 -0.469591 -0.046916 -0.017072 0.111178 0.414027 0.405641 0.672432 0.586594 1.000000 0.443747 0.572001 -0.330534 -0.337548 0.234105 0.505100 -0.008442 0.383157 0.506968 0.411115 -0.106550 -0.097491 0.016616 -0.031469 0.000151 0.010926 -0.007103 -0.125720 -0.033182 0.349961 -0.020143 0.026530 -0.050203 -0.414930 0.079070 -0.381350 -0.409064 -0.408724 -0.279402 -0.407278 -0.400576 -0.321355 -0.458583 -0.209902 -0.209786 -0.477024 -0.366562 -0.444297 0.288309 0.285338 -0.045093 0.598496 -0.210973 0.025904 -0.012784 0.150333 -0.395453 -0.212442 -0.255873 -0.200506 -0.057317 0.172099 0.042332 -0.216271 0.018222 -0.088560 0.210748 0.350927 0.064936 0.083200 0.192497 0.107074 0.445882 -0.144116 -0.187355 -0.267629 0.081347 0.052461 0.015441 -0.180298 -0.027250 0.049142 -0.451114 -0.512141 -0.369161 -0.336185 -0.119599 -0.284756 -0.041279 -0.180501 -0.000938 -0.290618 -0.084526 0.079400 0.433318 -0.263233 -0.308147 -0.234451 -0.236616 -0.234148
-0.195001 -0.197607 0.251175 0.265948 0.370944 0.370805 -0.045603 0.179878 0.150775 0.389646 -0.045425 -0.099028 -0.042349 -0.011634 0.348109 0.233284 -0.326171 -0.327112 0.074033 0.245196 -0.070920 0.201859 0.245130 0.377006 0.362217 0.443747 1.000000 0.713221 -0.310376 -0.355821 -0.054150 0.055791 -0.003964 0.251257 0.313326 0.268013 -0.293089 -0.482187 -0.248787 -0.297027 -0.107613 -0.254355 0.111665 -0.258446 0.166150 0.309480 -0.193618 -0.333522 0.056081 -0.086374 0.090910 -0.189156 -0.336952 -0.376412 -0.229606 -0.413966 -0.231553 -0.177662 -0.076497 0.051456 -0.094799 -0.232139 -0.165603 -0.188818 0.120099 0.065653 0.174748 0.460712 0.087672 0.230059 -0.105050 0.084048 -0.426734 -0.403465 -0.295911 -0.282661 -0.204100 -0.105945 0.013902 -0.095291 0.042654 -0.179313 0.172568 0.215645 0.151009 -0.017604 0.271283 -0.105483 0.181506 -0.086362 0.146968 -0.008280 -0.044258 -0.256674 -0.089496 -0.371145 -0.135890 -0.013243 -0.335838 -0.207643 -0.438011 -0.485445 -0.202994 -0.314946 -0.348067 -0.181982 -0.029889 -0.199999 -0.115366 0.042189 0.361499 -0.573423 -0.387717 -0.251612 -0.120144 -0.269683
-0.369492 -0.387514 0.256457 0.444628 0.043151 0.296923 -0.027172 0.217293 -0.098565 0.068420 -0.046207 0.040706 -0.156606 0.001368 0.103115 -0.029466 -0.502707 -0.391929 -0.007023 0.063975 0.311397 0.585490 0.383364 0.651139 0.157919 0.572001 0.713221 1.000000 -0.310142 -0.397133 0.272447 0.483070 -0.027272 0.380669 0.531628 0.482766 -0.073669 -0.098583 0.171615 0.117930 0.286228 0.137412 -0.027620 -0.234982 0.046232 0.313445 -0.073942 -0.067608 0.035509 -0.346810 0.119008 -0.332900 -0.526456 -0.575462 -0.168783 -0.285591 -0.401920 -0.364990 -0.262793 -0.190103 -0.284733 -0.552843 -0.383772 -0.425401 0.182954 0.197232 0.037547 0.622621 -0.191156 0.063463 0.061106 0.356435 -0.353524 -0.255440 -0.208773 -0.141552 -0.066933 0.118833 -0.134278 -0.240049 -0.050406 -0.247282 0.400385 0.270268 0.229106 0.134845 0.273496 0.056318 0.461072 0.033597 -0.153557 -0.329515 0.074116 -0.108338 0.119626 -0.138724 0.090319 0.113636 -0.385086 -0.401968 -0.376823 -0.402119 -0.088115 -0.318056 -0.033997 0.008570 -0.068932 -0.231713 0.029641 0.064926 0.463278 -0.326294 -0.324091 -0.166930 -0.109707 -0.284441
-0.122567 0.042459 -0.298840 -0.228078 -0.182156 -0.289278 -0.037005 -0.464081 -0.168359 -0.329469 0.338454 -0.168587 -0.099165 -0.073431 -0.096988 -0.110579 0.358616 0.269618 -0.072036 0.475520 0.176496 -0.043832 -0.020913 -0.180215 -0.224183 -0.330534 -0.310376 -0.310142 1.000000 0.660913 0.315221 0.080267 0.405786 0.298114 -0.073732 -0.028862 0.287003 0.080219 0.223552 0.041635 0.227272 0.048833 -0.084712 0.091215 0.036320 -0.117465 0.057601 0.005230 -0.344652 0.049939 -0.196234 -0.191001 -0.093051 -0.042156 -0.075539 0.009687 0.209648 0.313278 -0.207765 0.057703 -0.221743 0.024418 0.058044 0.253822 -0.198402 -0.536149 0.070985 -0.108050 0.282914 0.279798 0.184786 0.084376 0.636931 0.228269 0.249520 0.222171 0.181361 -0.066934 0.445613 0.388236 0.615226 0.602761 0.217501 0.027908 0.250614 0.189628 -0.034404 -0.074088 -0.197277 -0.079795 -0.186169 -0.213787 -0.344079 -0.061278 -0.033448 -0.010762 -0.015376 -0.146074 0.015525 -0.018654 -0.160955 -0.053543 -0.079296 0.052129 -0.033435 -0.013806 -0.048248 -0.031743 -0.209062 -0.117321 -0.193117 0.165575 0.128266 -0.098089 -0.078607 -0.108372
-0.184603 0.175942 -0.327444 -0.196832 -0.298061 -0.192538 -0.007256 -0.325139 -0.225775 -0.287794 0.148427 -0.048209 -0.176338 0.027056 -0.225835 -0.086370 0.300978 0.391898 -0.270850 0.345504 -0.016264 -0.160621 -0.136029 -0.260777 -0.196435 -0.337548 -0.355821 -0.397133 0.660913 1.000000 0.182958 0.056880 0.358965 0.117898 -0.165265 -0.050511 0.184485 0.195429 0.087195 0.110823 0.120135 0.053732 -0.248892 0.113597 -0.192397 -0.238164 -0.033775 0.035752 -0.413784 0.083144 0.025469 0.058294 0.165601 0.228120 0.050002 0.068705 0.191212 0.338835 -0.238348 0.082153 -0.269893 0.058398 -0.021876 0.279028 -0.256365 -0.479661 0.003317 -0.220973 0.166732 0.186243 -0.091864 0.155923 0.546273 0.294188 0.097591 0.199686 0.054622 -0.119795 0.488309 0.380719 0.468063 0.656103 -0.155401 -0.192090 0.243253 0.213553 -0.231913 -0.031295 -0.283132 -0.028710 -0.116639 -0.205785 -0.323897 -0.026041 -0.048870 0.132781 -0.036718 -0.098234 0.102570 0.051423 0.115654 0.135934 0.017833 0.179053 0.069571 0.139381 -0.031171 0.090845 -0.091160 -0.070192 -0.295990 0.235850 0.528130 0.077314 0.126439 0.176681
-0.236653 -0.288242 0.297842 0.239553 -0.407963 -0.232214 0.255493 -0.142620 -0.190555 -0.527978 0.129501 -0.145895 -0.090885 -0.125899 -0.229813 -0.382693 -0.088300 -0.182252 0.125719 0.044382 0.580948 0.579804 0.534297 0.504258 -0.155288 0.234105 -0.054150 0.272447 0.315221 0.182958 1.000000 0.794322 0.257926 0.541713 0.450031 0.208150 0.269356 0.263027 0.502260 0.310243 0.483561 0.319957 -0.154321 -0.017627 -0.155384 0.023794 0.224289 0.188612 -0.320129 -0.399634 -0.079392 -0.409254 -0.388554 -0.327793 -0.165703 -0.124353 -0.197668 -0.117367 -0.428198 -0.328800 -0.308771 -0.471012 -0.274148 -0.221536 0.273890 -0.185232 -0.048942 0.192795 -0.185913 -0.073048 0.247757 0.485396 0.423673 0.392551 0.256171 0.315474 0.294191 0.286329 0.099676 -0.016480 0.096399 0.147039 0.493219 0.118152 0.295503 0.223896 0.191897 0.095420 0.370784 0.053188 -0.502049 -0.551346 -0.071281 0.065249 0.084853 0.144272 0.193882 -0.242000 -0.185658 -0.449999 -0.248537 -0.211164 -0.240664 -0.294553 -0.109381 0.135636 -0.242193 -0.196978 0.126272 0.134825 0.011588 0.256070 0.024504 -0.052196 0.001335 -0.189786
-0.584698 -0.488799 0.185498 0.420079 -0.448229 -0.234495 0.168105 0.071865 -0.174605 -0.497555 -0.171619 -0.214105 -0.335487 -0.189597 -0.409589 -0.468492 -0.318086 -0.372018 -0.093186 0.112677 0.540872 0.676335 0.383425 0.637151 -0.060232 0.505100 0.055791 0.483070 0.080267 0.056880 0.794322 1.000000 0.235764 0.648131 0.475811 0.405080 0.193403 0.235480 0.385422 0.339029 0.581624 0.325841 -0.239184 -0.088201 -0.072624 0.279511 0.267029 0.230505 -0.413577 -0.432061 -0.027028 -0.516869 -0.410047 -0.323627 -0.201521 -0.149374 -0.291014 -0.214899 -0.608469 -0.461857 -0.436695 -0.614362 -0.562412 -0.343922 0.200745 -0.064902 -0.103283 0.458737 -0.248656 -0.017182 0.179182 0.578730 0.189509 0.206031 -0.000715 0.123089 0.184527 0.311975 0.142762 -0.097753 0.117562 0.121190 0.438577 0.135928 0.221252 0.237980 0.039359 0.014487 0.345835 -0.012182 -0.423305 -0.566483 0.124586 0.170558 0.128022 0.165637 0.269593 -0.019238 -0.202439 -0.500076 -0.209390 -0.175481 -0.033613 -0.202915 0.167800 0.227950 -0.176557 -0.245665 0.150549 0.229434 0.381145 0.286337 0.033527 -0.014343 0.062429 -0.153999
-0.261315 0.032167 -0.089960 -0.228736 -0.287065 -0.244929 0.152086 -0.283503 -0.166246 -0.389964 -0.107816 -0.365398 -0.250535 -0.308940 -0.275744 -0.309831 0.287549 -0.089447 0.024451 0.358687 0.261250 0.132668 -0.006010 -0.088873 -0.050830 -0.008442 -0.003964 -0.027272 0.405786 0.358965 0.257926 0.235764 1.000000 0.605213 0.090258 0.076019 0.237960 0.136962 0.102503 0.036780 0.207940 -0.041098 -0.039265 0.035768 0.032992 -0.082635 0.054731 -0.059552 -0.396188 -0.075842 -0.173170 -0.261089 -0.210414 -0.214536 -0.119815 -0.028602 0.136602 0.318568 -0.358622 -0.110175 -0.024375 -0.038669 -0.028328 0.223286 0.095565 -0.309458 0.333459 0.060595 0.277586 0.329949 0.223482 0.325781 0.548551 0.182209 0.105822 0.197001 0.114638 0.104724 0.493820 0.206166 0.349250 0.501868 -0.034615 -0.248500 0.099677 0.027510 -0.123187 -0.352825 0.093282 -0.135714 -0.245891 -0.334843 -0.251125 -0.095511 0.023516 0.068521 0.097415 -0.083637 -0.046453 -0.090807 -0.257920 -0.259515 -0.171087 -0.072766 0.042129 -0.098746 0.038816 -0.052072 -0.170140 -0.005980 0.079951 0.087554 0.036533 -0.160387 -0.095740 0.044419
-0.474553 -0.318970 0.142351 0.190081 -0.279005 -0.228896 0.171641 -0.028163 -0.074336 -0.354864 -0.022493 -0.353316 -0.242751 -0.198780 -0.188119 -0.301051 -0.031420 -0.398852 0.007727 0.429318 0.465471 0.500442 0.352689 0.434922 -0.009595 0.383157 0.251257 0.380669 0.298114 0.117898 0.541713 0.648131 0.605213 1.000000 0.393574 0.471441 0.143748 0.031804 0.208660 0.086977 0.427691 0.212869 -0.174822 -0.115046 0.027751 0.326878 0.118171 0.162688 -0.554218 -0.241572 -0.280540 -0.627715 -0.576047 -0.406255 -0.473086 -0.345164 -0.098928 0.061772 -0.622716 -0.460897 -0.293449 -0.423263 -0.488820 -0.094222 0.217166 -0.109545 -0.035107 0.457435 0.052689 0.273719 0.159635 0.528612 0.326563 0.131622 0.069958 0.167205 0.140632 0.239944 0.352516 0.066203 0.374500 0.376504 0.396892 0.090433 0.177624 0.010021 -0.043021 -0.298565 0.243147 -0.250800 -0.264891 -0.486807 -0.053946 0.065630 0.174442 0.059433 0.058450 -0.162510 -0.317929 -0.395699 -0.518417 -0.509778 -0.257151 -0.386140 -0.113964 -0.024500 -0.103651 -0.313949 -0.013697 0.199900 0.358475 0.073136 -0.050324 -0.112561 -0.067785 -0.207570
-0.198164 -0.308499 0.397351 0.314833 -0.083126 0.085530 -0.006335 -0.005806 -0.233191 -0.113546 0.162498 0.115676 0.001349 0.006876 0.097398 -0.097378 -0.341251 -0.189482 0.103105 -0.035032 0.315183 0.415027 0.641577 0.604056 0.064748 0.506968 0.313326 0.531628 -0.073732 -0.165265 0.450031 0.475811 0.090258 0.393574 1.000000 0.469189 0.092007 0.123424 0.404817 0.355939 0.194868 0.207478 -0.077501 0.061930 -0.211304 0.186160 -0.150540 -0.011224 0.122595 -0.557733 0.302882 -0.238541 -0.564763 -0.549867 -0.102609 -0.348832 -0.352287 -0.321561 -0.368648 -0.302597 -0.364407 -0.534297 -0.299480 -0.433549 0.275298 0.138043 0.068663 0.514445 -0.228287 -0.135198 0.262394 0.400211 -0.041983 0.138355 0.082677 0.151636 0.207496 0.317585 -0.008149 -0.016421 -0.145953 -0.106729 0.357530 0.052200 0.326034 0.309711 0.132713 0.120010 0.487109 -0.019633 -0.453170 -0.617134 -0.012176 0.046564 0.168034 0.053336 0.168498 -0.099075 -0.428894 -0.551514 -0.248536 -0.245730 -0.074872 -0.270694 -0.081875 -0.019947 -0.203512 -0.292948 0.058112 -0.074575 0.275212 -0.217795 -0.226412 -0.153493 0.161672 -0.226367
-0.348044 -0.507062 0.487083 0.538854 0.050124 0.180470 0.410268 0.480005 0.054251 0.070618 0.162432 0.037385 0.082502 0.311014 0.136188 0.091507 -0.357695 -0.172849 0.095180 0.085184 0.168928 0.166489 0.434462 0.495998 0.196222 0.411115 0.268013 0.482766 -0.028862 -0.050511 0.208150 0.405080 0.076019 0.471441 0.469189 1.000000 0.010942 0.144105 -0.045364 0.107861 0.209891 0.322869 -0.445609 -0.362604 0.051191 0.505232 -0.309155 0.021951 -0.220931 -0.085162 -0.202431 -0.530088 -0.686249 -0.519423 -0.576867 -0.510282 -0.580701 -0.485205 -0.575223 -0.240188 -0.214961 -0.670994 -0.468699 -0.440412 0.364847 0.240545 -0.131777 0.683460 -0.401610 -0.144881 0.016988 0.308333 -0.083659 0.088629 0.006237 0.029477 0.205027 0.389256 -0.247065 -0.303703 0.099908 -0.018817 0.325117 0.181326 0.235068 0.099585 -0.120976 0.089977 0.235731 -0.432971 -0.162135 -0.202289 0.203756 0.318698 0.118287 0.046833 -0.239246 0.018604 -0.588342 -0.509672 -0.272994 -0.222088 0.093654 -0.229128 0.069949 0.170416 -0.204009 -0.251220 0.011281 0.213777 0.443894 -0.222064 -0.090350 -0.051647 -0.040474 -0.328917
