1.000000 0.021071 -0.121732 -0.460403 0.017274 -0.025354 -0.316850 -0.543467 -0.084767 -0.193021 0.055146 -0.525544 -0.221839 -0.524387 -0.156682 -0.363167 0.314430 0.035100 0.368614 0.081128 0.052857 -0.202971 -0.124124 -0.481643 0.217543 0.048438 0.005954 0.138636 -0.143816 -0.139142 -0.223374 -0.192203 0.177748 -0.008786 -0.162402 -0.167994 -0.022287 -0.083674 -0.137586 -0.148832 -0.228738 -0.281956 0.242580 0.287939 0.171720 0.257204 0.182418 0.287113 -0.008601 -0.005903 -0.164556 -0.115819 0.222804 0.165536 -0.265559 -0.162212 0.673309 0.413675 0.276886 0.065441 -0.139242 -0.165002 0.092101 -0.060465 -0.103363 -0.050759 0.409243 0.107083 0.543730 0.156118 0.107325 -0.067023 -0.024999 -0.159636 -0.050773 -0.120414 0.265673 -0.176959 0.288652 0.225679 0.103492 0.009748 0.113877 -0.203939 -0.003995 -0.270353 0.038091 -0.051903 -0.067166 -0.489047 -0.117600 0.211726 -0.448922 -0.082793 0.189756 0.122623 0.003050 0.151354 0.017609 0.420891 -0.399051 0.110828 -0.138192 0.207293 -0.071595 -0.024946 0.129417 0.362039 0.194126 0.025427 0.092744 0.134424 0.147037 0.083944 -0.090642 0.119114
0.021071 1.000000 -0.229250 -0.021696 -0.016299 -0.303527 -0.179945 0.200326 -0.275707 -0.054896 0.188821 0.023347 -0.201266 0.045957 -0.293515 -0.167239 0.122063 0.196880 -0.197239 0.546906 0.009019 -0.203272 -0.422730 -0.261420 -0.175388 -0.287568 -0.377498 -0.457826 0.200500 0.181187 -0.023178 0.143173 0.414285 0.463384 -0.047874 -0.061168 0.035620 -0.227719 -0.122946 -0.173602 0.008400 0.002426 -0.167042 -0.153488 -0.177754 -0.267398 0.003047 -0.064589 -0.120666 0.040802 -0.577422 0.039611 0.286420 -0.081816 -0.124336 -0.302955 0.198317 0.360047 0.017677 0.489531 -0.130860 0.057815 0.364799 0.321310 -0.622422 -0.481474 0.061556 -0.094380 0.391339 0.249998 0.116708 -0.129591 0.191871 0.100550 -0.122790 0.060111 -0.088744 0.002288 0.087481 -0.030338 0.346379 0.273671 0.031991 0.284908 -0.590336 -0.036587 -0.223375 -0.301175 -0.578272 0.172754 0.220251 0.146901 0.080913 0.014530 -0.261620 -0.128800 -0.107504 -0.111035 0.229808 -0.033794 0.225017 0.131548 0.424883 0.113570 0.137586 -0.305337 -0.041941 -0.151671 -0.093130 -0.023878 0.007436 0.164651 0.195448 0.039184 -0.132898 -0.177813
-0.121732 -0.229250 1.000000 0.200645 0.233319 0.058889 0.491495 0.242305 0.208681 -0.001325 0.054106 -0.070229 0.426197 0.196108 -0.030918 0.018187 -0.221838 -0.173770 0.300885 -0.076875 0.175062 0.055069 0.416501 0.325042 0.075930 0.182247 0.193684 0.189663 -0.095982 -0.142135 0.342255 0.145057 -0.021225 0.091289 0.206943 0.071914 -0.078468 -0.011142 0.121798 0.068058 -0.033685 -0.012405 0.145161 0.065335 -0.058995 0.014071 -0.104118 -0.083662 0.268586 0.073880 0.425446 0.032141 -0.242994 -0.018292 -0.004736 0.132045 -0.276197 -0.161316 0.178017 -0.126335 0.068456 -0.338524 -0.415945 -0.520785 0.051964 -0.133736 0.071685 0.028594 -0.218845 -0.029954 -0.074309 -0.182096 -0.070906 -0.095490 0.109372 -0.069368 -0.111555 -0.153334 -0.192223 -0.346686 -0.362632 -0.464082 -0.249955 -0.392813 0.070321 0.004574 0.016067 0.110955 0.101039 -0.083851 -0.063781 0.000240 -0.042563 0.030351 -0.131112 -0.120846 0.057392 -0.084137 -0.222647 -0.222294 -0.091510 0.018416 -0.043276 -0.166319 -0.193024 -0.126302 -0.022010 -0.169578 -0.119685 -0.054414 -0.029822 -0.286074 -0.100365 -0.233115 -0.198373 -0.156580
-0.460403 -0.021696 0.200645 1.000000 -0.046308 0.323311 0.236655 0.544372 0.147229 0.298283 -0.351582 0.266581 -0.000256 0.409860 0.287406 0.408018 0.030609 0.040407 -0.133990 -0.060742 -0.106024 0.132967 0.440467 0.617864 0.118217 0.300045 0.112683 0.127942 0.145544 0.058084 0.512977 0.483666 0.076555 0.234094 0.326331 0.301061 0.089821 -0.157225 0.153073 0.099361 0.160699 0.253457 -0.137603 -0.122730 -0.200584 -0.060961 -0.050389 -0.261610 -0.333108 -0.301714 -0.124185 -0.388849 -0.294787 -0.038014 0.190439 0.127859 -0.183976 -0.316608 -0.424581 -0.248649 -0.042719 -0.037614 -0.058945 -0.045362 0.177400 0.124146 -0.323086 -0.264271 -0.326258 -0.418841 -0.283007 -0.111195 0.066739 0.092166 0.195145 0.200104 -0.145724 0.097383 -0.098040 -0.260067 0.095854 -0.001258 0.103994 0.152278 0.284171 0.446473 0.203929 0.370486 0.345691 0.519408 -0.050700 -0.188368 0.284580 -0.116756 -0.462950 -0.410755 -0.279566 -0.432245 -0.057304 -0.410655 -0.030281 -0.335936 -0.130578 -0.319505 -0.347328 -0.114803 -0.516979 -0.399123 -0.476540 -0.267145 -0.180755 -0.380422 -0.144068 -0.287493 -0.163635 -0.323648
0.017274 -0.016299 0.233319 -0.046308 1.000000 0.220574 0.660615 0.147741 0.627260 0.440040 0.179883 0.086873 0.432502 0.119380 0.234201 0.133647 -0.154994 -0.187764 -0.020344 0.222170 0.092027 -0.089319 0.160771 0.099594 0.021107 -0.174106 0.397285 0.029916 -0.091365 -0.282179 -0.124415 -0.240093 -0.300705 -0.247780 -0.082814 -0.063091 -0.195276 -0.173847 0.175067 -0.123051 -0.081889 -0.202601 -0.067832 -0.131544 -0.136919 -0.258015 -0.170524 -0.156034 0.237126 -0.141882 0.293210 0.061051 -0.297208 0.053923 0.144705 -0.243302 -0.040267 -0.150262 0.167686 -0.151807 0.233365 0.051386 -0.238252 -0.074960 0.270992 -0.148591 -0.153313 -0.201309 0.087454 0.183198 -0.000408 -0.402562 -0.198765 -0.254079 -0.274900 0.011504 -0.356469 -0.254977 -0.217728 -0.304077 -0.199623 -0.315388 -0.237950 -0.091136 0.025552 -0.273825 -0.045975 -0.202850 0.312980 0.069782 0.445552 0.311505 0.295100 0.432973 0.007924 -0.180269 -0.216175 -0.300330 -0.271868 -0.222037 0.166905 0.343131 0.118497 0.254057 0.102081 0.095003 0.128954 -0.034181 0.018277 -0.168218 -0.202262 -0.277119 -0.074549 0.090379 0.092534 0.151992
-0.025354 -0.303527 0.058889 0.323311 0.220574 1.000000 0.044645 0.186381 0.161561 0.427871 -0.421758 0.040079 -0.113520 -0.141878 0.116857 0.226162 -0.243871 -0.138386 -0.115790 -0.121117 0.236723 0.343190 0.299066 0.320428 0.317379 0.452901 0.443961 0.472117 -0.331863 -0.178450 0.085363 0.045453 -0.052017 -0.135057 0.264453 0.294942 -0.196369 -0.014657 0.302588 0.246606 -0.082457 0.158182 -0.131215 -0.040024 -0.019885 0.196737 -0.238248 -0.021614 -0.126375 -0.109252 0.211819 -0.065226 -0.352016 -0.115126 0.383597 0.145925 -0.167693 -0.217299 -0.210802 -0.071284 -0.208403 0.083050 -0.511714 -0.255167 0.217540 0.411864 -0.135735 0.120098 -0.039231 -0.040243 -0.269214 -0.248669 -0.331288 -0.134907 -0.123298 0.064287 -0.162570 0.072953 -0.158533 -0.074678 -0.256983 -0.360133 -0.076640 -0.364100 0.405334 0.080050 0.357823 0.401150 0.493572 0.385796 0.045718 0.024595 0.179868 -0.049866 -0.031509 -0.101299 0.073741 -0.090866 -0.305416 -0.165634 -0.185183 -0.263725 -0.250217 -0.027148 -0.074319 -0.046726 -0.299582 -0.327406 -0.078752 -0.023319 0.040401 -0.197028 -0.122293 0.000933 -0.058213 -0.140115
-0.316850 -0.179945 0.491495 0.236655 0.660615 0.044645 1.000000 0.390651 0.527829 0.300234 0.249019 0.316976 0.675566 0.444218 0.320915 0.206391 -0.170659 -0.318968 0.062938 0.098540 -0.057693 -0.070917 0.319049 0.308138 -0.112793 -0.229944 0.315482 -0.097109 0.098779 -0.300770 0.123577 -0.014279 -0.217985 -0.091690 -0.016814 -0.064322 -0.201228 -0.269072 0.174869 -0.187360 -0.034682 -0.221659 0.071731 -0.062193 -0.033794 -0.263644 -0.057761 -0.246403 0.218235 -0.133032 0.468041 -0.018406 -0.368158 0.110370 0.270601 -0.144941 -0.331295 -0.396022 0.120852 -0.435947 0.470079 -0.000375 -0.145286 -0.105528 0.463013 -0.054206 -0.141483 -0.271108 -0.197615 -0.013277 0.052283 -0.221175 -0.041927 -0.108143 0.002687 0.072088 -0.197460 -0.252948 -0.160747 -0.473832 -0.239972 -0.324958 -0.357256 -0.122872 0.180664 -0.039729 -0.134706 -0.136381 0.410050 0.173520 0.262341 0.040706 0.269022 0.338259 -0.169153 -0.310079 -0.368233 -0.463198 -0.302496 -0.397730 0.223291 0.249144 0.016594 -0.029605 -0.077255 0.052444 0.050958 -0.131013 -0.213848 -0.385857 -0.379729 -0.411902 -0.139496 0.033476 0.063890 0.146305
-0.543467 0.200326 0.242305 0.544372 0.147741 0.186381 0.390651 1.000000 0.035007 0.379499 0.047351 0.444455 0.055238 0.375775 0.011238 0.428164 -0.128278 0.010608 -0.308029 0.064185 0.166893 0.135899 -0.052868 0.322495 -0.115780 -0.132942 0.002637 -0.324391 0.180757 0.061262 0.466787 0.299529 0.011515 0.298275 0.226415 0.261954 -0.093131 -0.215723 -0.024611 0.003034 0.089791 0.120075 -0.303431 -0.338365 -0.451461 -0.442125 -0.294610 -0.350742 -0.193782 -0.196624 -0.027058 0.007580 -0.088030 -0.211880 0.325824 -0.123553 -0.261555 -0.307361 0.033383 0.211505 0.282425 0.326132 0.017482 0.120790 -0.108388 0.115614 -0.234798 -0.209332 -0.324095 -0.232719 -0.197073 -0.303840 0.047582 -0.047344 -0.094101 0.101853 -0.234638 0.009561 -0.212714 -0.317026 -0.045539 -0.067632 -0.238811 0.179335 -0.188712 -0.050188 -0.140652 -0.083670 -0.004731 0.562655 0.276361 -0.104465 0.485174 0.123995 -0.339802 -0.418635 -0.304244 -0.396815 -0.055402 -0.493782 0.503067 0.169991 0.362515 0.005190 0.098297 -0.192040 -0.181478 -0.377176 -0.436395 -0.360588 -0.210851 -0.311263 -0.132368 -0.014471 -0.151310 -0.246111
-0.084767 -0.275707 0.208681 0.147229 0.627260 0.161561 0.527829 0.035007 1.000000 0.313982 0.076034 -0.005962 0.356146 0.263444 0.547027 0.326694 0.021945 -0.134326 -0.025321 0.050976 0.066642 0.127426 0.332594 0.254799 0.182306 0.023945 0.412312 0.185382 -0.034797 -0.324063 0.034029 -0.090782 -0.379791 -0.392930 -0.162344 -0.149120 -0.176705 -0.113295 0.125004 -0.024052 -0.119095 -0.213441 0.251680 0.232461 0.045791 0.033379 -0.072342 -0.032473 0.105503 -0.265082 0.347052 -0.089390 -0.427936 0.119537 -0.074266 -0.021292 -0.037595 -0.180930 -0.081434 -0.340573 0.052874 -0.101000 -0.323895 -0.135518 0.522620 0.100753 -0.175328 -0.069219 -0.020771 0.025796 0.106672 -0.153709 -0.229818 -0.027897 0.023959 0.098340 -0.020835 -0.139304 -0.023949 -0.265687 -0.210094 -0.269782 -0.152709 -0.130196 0.176009 -0.043187 -0.142348 -0.082820 0.462887 -0.068221 0.044440 0.106411 0.157391 0.194780 -0.097291 -0.199059 -0.279542 -0.387921 -0.310348 -0.260550 -0.010729 -0.014972 -0.141424 -0.021137 -0.137601 0.113953 0.027050 0.033551 -0.156971 -0.183786 -0.237551 -0.303635 -0.008991 -0.053760 0.063271 0.165254
-0.193021 -0.054896 -0.001325 0.298283 0.440040 0.427871 0.300234 0.379499 0.313982 1.000000 -0.110868 0.122935 0.051033 0.123226 0.131235 0.259309 0.011809 0.239220 -0.260802 -0.030606 -0.053996 -0.028644 0.134463 0.195488 -0.049874 0.060658 0.246648 0.040783 -0.021190 0.078740 0.058789 -0.150563 -0.249616 -0.173605 -0.039585 0.118599 -0.118246 -0.134939 0.052443 0.034336 0.100076 -0.026664 -0.158151 -0.234195 -0.068089 -0.109084 -0.056553 -0.073194 -0.111209 0.000834 -0.019138 0.008115 -0.170323 0.138796 0.247428 0.032223 -0.108734 -0.192644 -0.194751 -0.002681 -0.042189 0.170697 -0.139743 0.103474 0.081740 0.141533 -0.441142 -0.307186 -0.142346 -0.177300 -0.192798 -0.188574 -0.063245 -0.167708 -0.171983 -0.153328 -0.259733 0.049732 -0.051868 -0.011034 0.053288 -0.000183 0.093461 0.096443 -0.009308 -0.077731 0.071118 0.007586 0.157454 0.346171 0.299273 0.155514 0.367458 0.330482 -0.156630 -0.062846 -0.069389 -0.154809 -0.082098 -0.230233 0.245030 0.037892 0.033884 0.031132 -0.151203 -0.041001 -0.183912 -0.238707 -0.056331 -0.035378 0.001328 -0.227929 -0.121595 -0.093676 -0.075823 -0.211724
0.055146 0.188821 0.054106 -0.351582 0.179883 -0.421758 0.249019 0.047351 0.076034 -0.110868 1.000000 0.222582 0.498582 0.242520 0.125404 0.032919 0.251068 0.161697 -0.158589 0.037581 -0.082322 -0.178289 -0.185836 -0.069864 -0.309443 -0.475134 0.169832 -0.330659 0.451408 0.003107 -0.156275 -0.028555 -0.065443 0.019372 -0.287123 -0.360104 0.073892 -0.089060 -0.008281 -0.155890 -0.000829 -0.271018 0.215218 0.211949 -0.158493 -0.391883 0.125804 0.173230 0.118920 -0.118165 0.187044 0.300005 0.362682 -0.027286 0.109167 -0.029772 0.087973 -0.082634 0.319328 -0.001529 0.413938 -0.015710 0.422667 0.197592 -0.055195 -0.307697 0.049939 -0.108490 0.013322 0.116499 0.182173 -0.181700 0.285438 -0.081404 -0.107783 -0.018201 0.206803 -0.152072 0.331575 0.107872 0.110640 0.285821 -0.219554 0.161460 -0.274875 -0.372963 -0.659401 -0.581337 -0.280366 -0.237324 0.016963 -0.118356 -0.123919 0.097517 -0.202427 -0.121603 -0.114354 -0.211952 0.037893 -0.149884 0.157007 0.123832 0.186095 -0.019424 0.048385 0.125033 0.127295 0.280793 -0.172999 -0.228771 -0.127173 0.069677 0.085367 0.218485 0.049467 0.175754
-0.525544 0.023347 -0.070229 0.266581 0.086873 0.040079 0.316976 0.444455 -0.005962 0.122935 0.222582 1.000000 0.317180 0.747690 0.234506 0.510623 -0.299633 0.017570 -0.182594 -0.091478 -0.147172 0.125974 -0.020358 0.316312 -0.264611 -0.244466 0.026475 -0.202891 0.184228 0.162488 0.145103 0.140101 -0.050739 0.039192 0.129958 0.132763 0.106751 0.139146 -0.013054 -0.002169 0.224854 0.191130 -0.272562 -0.256950 -0.355975 -0.449824 -0.211764 -0.278400 0.030416 -0.228597 0.246013 0.165156 -0.036853 -0.208582 0.188564 -0.043958 -0.435894 -0.402034 -0.138308 -0.224127 0.382161 0.498290 0.088804 0.272986 0.235357 0.258886 -0.377998 -0.177267 -0.370151 -0.189334 -0.053088 0.211669 -0.008301 0.042482 0.004721 0.294218 -0.078676 0.221674 -0.231763 -0.027947 -0.126445 0.076434 -0.374480 0.209125 0.004648 0.068495 -0.082271 -0.151982 0.101594 0.353501 0.014695 -0.283159 0.433713 -0.018265 -0.069439 -0.127707 -0.155498 -0.208298 -0.226375 -0.369801 0.318776 -0.119044 -0.027075 -0.224839 -0.107222 -0.014408 -0.183018 -0.180422 -0.130607 -0.228234 -0.309157 -0.139040 -0.166052 0.193283 0.207806 0.108844
-0.221839 -0.201266 0.426197 -0.000256 0.432502 -0.113520 0.675566 0.055238 0.356146 0.051033 0.498582 0.317180 1.000000 0.525627 0.429120 0.145987 -0.230178 -0.270001 0.076841 -0.228001 -0.273482 -0.018679 0.430430 0.331860 -0.109773 -0.090602 0.319658 0.126815 0.253420 -0.262827 0.065796 0.058523 -0.128394 -0.027009 -0.030697 -0.103416 0.014834 -0.276727 0.382903 0.007769 0.075804 -0.214841 0.195336 0.154564 0.095366 -0.174362 0.163830 -0.045872 0.260465 -0.063172 0.539358 0.162405 -0.221599 0.168063 0.215357 0.193952 -0.410982 -0.314416 0.064653 -0.479482 0.297201 -0.045130 -0.194237 -0.267183 0.424747 -0.152690 -0.205233 -0.260738 -0.134802 0.043145 -0.106226 -0.127447 0.108817 -0.288340 -0.067307 0.021832 -0.073526 -0.298145 -0.014520 -0.250563 -0.127382 -0.200505 -0.104169 -0.108050 0.281757 0.017628 -0.103540 -0.099293 0.230428 -0.144934 -0.035669 -0.157077 0.095787 0.183275 -0.215940 -0.239139 -0.006598 -0.285108 -0.075392 -0.240741 0.041693 -0.049979 -0.055418 -0.235635 -0.112616 0.277840 0.013133 0.005091 -0.206299 -0.288741 -0.245159 -0.186309 -0.140010 0.162341 0.194227 0.080761
-0.524387 0.045957 0.196108 0.409860 0.119380 -0.141878 0.444218 0.375775 0.263444 0.123226 0.242520 0.747690 0.525627 1.000000 0.409680 0.527032 -0.095231 0.008821 -0.114968 -0.108914 -0.220494 0.054024 0.251393 0.433027 -0.170280 -0.165282 0.003789 -0.205548 0.361073 0.066833 0.401595 0.300805 -0.076022 0.068559 -0.055912 -0.069923 0.170888 -0.043984 -0.007151 -0.118669 0.201170 0.093863 0.027518 0.014929 -0.229413 -0.353782 0.045337 -0.231224 0.008980 -0.259468 0.205853 0.073018 -0.072855 0.004015 0.038865 0.014498 -0.347571 -0.221769 -0.280345 -0.334110 0.228706 0.222137 0.042781 0.153432 0.262896 0.021817 -0.346678 -0.258060 -0.358842 -0.168092 0.087547 0.220543 0.168829 0.110910 0.220473 0.324039 0.031748 0.041136 -0.067823 -0.191780 0.039935 0.109766 -0.235998 0.218564 0.013367 0.299421 -0.113309 -0.070810 0.105084 0.239525 -0.092972 -0.274910 0.381450 0.052995 -0.253702 -0.291339 -0.239044 -0.331357 -0.162187 -0.404196 0.248996 -0.191664 -0.050830 -0.444234 -0.319849 -0.020459 -0.263892 -0.183071 -0.248471 -0.361864 -0.377933 -0.208875 -0.085672 -0.055758 0.107933 -0.012321
-0.156682 -0.293515 -0.030918 0.287406 0.234201 0.116857 0.320915 0.011238 0.547027 0.131235 0.125404 0.234506 0.429120 0.409680 1.000000 0.593794 0.051374 -0.010262 -0.023568 -0.073990 -0.030663 0.178432 0.610158 0.497862 0.248508 -0.006040 0.362421 0.204659 0.266818 -0.152381 0.147845 0.181946 -0.298459 -0.253255 -0.216562 -0.182667 -0.084714 -0.116878 0.302716 0.081026 0.104973 -0.130258 0.169028 0.164043 -0.088566 -0.156016 -0.021990 -0.107029 0.006149 -0.320203 0.241139 -0.105476 -0.319954 0.193257 0.029282 0.070086 -0.127784 -0.069833 -0.454514 -0.413157 0.064656 0.081904 0.001578 0.055252 0.692866 0.125956 -0.396148 -0.269935 -0.066474 -0.004922 0.091171 0.066253 -0.010325 -0.006747 0.121548 0.246983 0.060229 0.018949 0.093499 -0.016465 -0.025934 0.027641 0.169513 0.162178 0.389929 0.053323 0.155879 0.123039 0.557628 0.057797 -0.151757 -0.187290 0.006707 -0.075840 -0.290366 -0.207841 -0.361204 -0.398784 -0.267063 -0.305339 -0.120257 -0.319009 -0.206272 -0.311501 -0.263438 0.040160 -0.090091 -0.062666 -0.326451 -0.271038 -0.411901 -0.294837 -0.280571 -0.041037 0.043406 0.021198
-0.363167 -0.167239 0.018187 0.408018 0.133647 0.226162 0.206391 0.428164 0.326694 0.259309 0.032919 0.510623 0.145987 0.527032 0.593794 1.000000 -0.084634 0.150053 -0.225588 -0.112924 0.181109 0.372821 0.294335 0.476571 0.029074 -0.137185 0.338096 0.053351 0.160882 0.120371 0.267715 0.185653 -0.157199 -0.070165 -0.061450 0.043500 -0.019764 0.164678 0.082832 0.171240 0.251395 0.161859 -0.013591 -0.094356 -0.425630 -0.446357 -0.261215 -0.233673 -0.205694 -0.431853 0.190147 -0.104401 -0.210932 -0.178266 0.092640 -0.071341 -0.247119 -0.165941 -0.384884 -0.213325 0.223627 0.340338 0.034868 0.316772 0.365943 0.217960 -0.554126 -0.325484 -0.412026 -0.255505 0.005559 0.040715 -0.127311 -0.015283 0.001449 0.151837 -0.014879 0.269700 -0.073953 0.102978 -0.107806 0.038930 -0.149974 0.315146 0.070168 -0.111277 0.102989 0.159692 0.327936 0.218601 -0.002740 -0.336491 0.285708 -0.058747 -0.126150 -0.185871 -0.257636 -0.310962 -0.272212 -0.455827 0.221710 -0.160120 -0.005993 -0.236887 -0.172081 -0.087578 -0.056471 -0.263070 -0.245832 -0.223757 -0.259240 -0.192581 -0.237769 0.021974 0.091166 -0.056115
0.314430 0.122063 -0.221838 0.030609 -0.154994 -0.243871 -0.170659 -0.128278 0.021945 0.011809 0.251068 -0.299633 -0.230178 -0.095231 0.051374 -0.084634 1.000000 0.511363 -0.120356 0.085299 -0.052106 -0.340149 -0.033938 -0.118093 0.037041 -0.204540 0.010474 -0.337185 0.524426 0.129041 0.099932 0.142669 0.032566 0.073804 -0.317524 -0.398424 0.234426 -0.172245 -0.257068 -0.271403 -0.028719 -0.263491 0.463552 0.485150 0.092278 0.102287 0.503949 0.275270 -0.267393 -0.095446 -0.250847 -0.110718 0.355788 0.335444 -0.116773 -0.015751 0.696404 0.337482 -0.115605 -0.102573 -0.115884 -0.271156 0.460110 0.288591 -0.103702 -0.179990 0.065512 -0.126638 0.153420 -0.176647 0.285235 0.029846 0.574725 0.225468 0.375713 0.191092 0.494840 -0.061642 0.684441 0.232767 0.655390 0.593035 0.127790 0.248709 -0.111923 -0.023529 -0.286970 -0.207879 -0.122937 -0.127859 -0.210575 -0.117897 -0.229390 -0.184128 -0.386654 -0.345883 -0.379146 -0.339964 0.168887 0.008067 -0.165660 -0.167801 -0.151140 -0.232490 -0.344718 -0.147851 -0.079937 0.237057 -0.305233 -0.355495 -0.131784 -0.015875 0.149385 -0.235407 -0.275413 -0.066969
0.035100 0.196880 -0.173770 0.040407 -0.187764 -0.138386 -0.318968 0.010608 -0.134326 0.239220 0.161697 0.017570 -0.270001 0.008821 -0.010262 0.150053 0.511363 1.000000 -0.222984 0.008600 -0.050916 0.005469 -0.062059 -0.039462 -0.205561 -0.147571 -0.072750 -0.109972 0.304899 0.768824 -0.036671 -0.005385 0.034405 0.096216 0.063991 0.115394 0.287899 0.377731 -0.055814 0.343322 0.332166 0.194990 -0.150738 -0.138948 -0.246833 -0.255966 0.125763 0.075049 -0.307816 -0.100452 -0.324628 -0.147684 0.218174 -0.105449 -0.135647 0.145478 0.371226 0.243705 -0.245628 0.127941 -0.081168 0.005251 0.368711 0.460719 -0.250459 -0.108586 -0.436227 -0.259238 -0.104536 -0.252217 -0.071997 0.184459 0.346895 0.201311 0.187900 0.015185 0.276327 0.439946 0.162167 0.713022 0.493473 0.655052 0.126594 0.480126 -0.388408 -0.306571 -0.095576 -0.019986 -0.370088 -0.086838 -0.161296 -0.241499 -0.201165 -0.191064 -0.286133 0.022668 0.085305 -0.007096 0.092507 -0.197019 0.077965 -0.271477 -0.006542 -0.383009 -0.452267 -0.201990 -0.235512 -0.094494 -0.174281 0.185545 0.020350 -0.013798 -0.204964 -0.428253 -0.262038 -0.317403
0.368614 -0.197239 0.300885 -0.133990 -0.020344 -0.115790 0.062938 -0.308029 -0.025321 -0.260802 -0.158589 -0.182594 0.076841 -0.114968 -0.023568 -0.225588 -0.120356 -0.222984 1.000000 0.041699 -0.184040 -0.066081 0.158082 -0.312290 0.062205 0.047433 -0.206969 0.141196 -0.148423 -0.057092 0.121494 -0.014001 0.265854 0.134310 0.081275 0.097267 -0.023978 -0.063398 -0.064186 -0.077202 -0.005141 -0.056782 0.063128 -0.013829 0.073680 0.097970 -0.033144 -0.151156 0.129022 0.046521 0.029238 -0.235027 -0.074233 0.113978 -0.302721 0.026170 0.102364 0.179206 0.229353 -0.153046 0.138841 -0.245248 -0.036122 -0.276152 0.223107 -0.044661 0.283943 -0.002719 0.096968 0.028907 0.121581 0.249658 -0.024630 0.093759 0.143866 0.055065 0.052284 -0.137386 -0.229031 -0.016354 -0.199123 -0.231812 0.149782 -0.220361 0.171919 0.068263 0.182744 0.058847 0.130351 -0.365006 -0.231356 0.086770 -0.405176 -0.200868 0.201835 0.190877 0.177278 0.190244 -0.035212 0.361529 -0.411555 0.018096 -0.184369 -0.011497 -0.178554 -0.245587 0.122444 0.033954 0.192691 0.115820 -0.123772 0.040878 0.128870 -0.044647 -0.176417 -0.096045
0.081128 0.546906 -0.076875 -0.060742 0.222170 -0.121117 0.098540 0.064185 0.050976 -0.030606 0.037581 -0.091478 -0.228001 -0.108914 -0.073990 -0.112924 0.085299 0.008600 0.041699 1.000000 0.345512 -0.266131 -0.218710 -0.204028 0.165120 -0.348191 -0.173021 -0.383330 -0.178027 -0.021608 -0.094019 -0.098150 0.091031 -0.015097 -0.271839 -0.225465 -0.379285 -0.087500 -0.268468 -0.344741 -0.307096 -0.238586 -0.098548 -0.144420 -0.169012 -0.171792 -0.306508 0.017544 -0.089721 0.068835 -0.427018 -0.105130 -0.107002 -0.113581 -0.209698 -0.581369 0.150230 0.295306 -0.088691 0.177340 -0.175226 -0.163003 0.192057 0.164862 -0.284178 -0.391315 0.167061 0.148913 0.537222 0.617882 0.434925 -0.138395 -0.190584 0.152509 -0.098773 0.160473 -0.045150 0.156938 -0.090368 -0.114574 -0.086511 -0.064179 -0.174231 -0.010694 -0.413989 -0.164545 -0.119271 -0.234955 -0.213461 0.008324 0.417494 0.430295 0.110455 0.242671 -0.003156 0.129316 -0.331289 -0.025387 -0.253279 0.014280 0.089136 0.280479 0.196126 0.261932 0.115061 -0.434145 0.112090 -0.008901 0.161364 0.166563 0.011557 0.111238 0.236943 0.052312 -0.198860 0.081468
0.052857 0.009019 0.175062 -0.106024 0.092027 0.236723 -0.057693 0.166893 0.066642 -0.053996 -0.082322 -0.147172 -0.273482 -0.220494 -0.030663 0.181109 -0.052106 -0.050916 -0.184040 0.345512 1.000000 0.178545 -0.120233 -0.043616 0.306248 -0.160181 0.117395 -0.111371 -0.275896 -0.167874 -0.074319 -0.015925 -0.252761 -0.219907 -0.187015 -0.180483 -0.434855 0.174277 -0.060007 -0.043927 -0.312719 -0.158353 0.028186 0.025235 -0.149740 -0.001317 -0.391545 -0.014914 0.176901 0.195709 0.071776 0.246420 -0.087309 -0.127486 -0.001054 -0.326103 0.014104 0.198138 0.062136 0.338079 -0.140539 0.051096 -0.168639 -0.007208 -0.131314 0.075429 0.141683 0.319973 0.104247 0.336676 0.205833 -0.162211 -0.403007 -0.060525 -0.162821 -0.025283 0.014883 0.152588 -0.022691 -0.121769 -0.313301 -0.313074 -0.305428 -0.182762 -0.208296 -0.320294 0.062325 0.031666 -0.017497 0.016189 0.199679 0.064700 0.054619 -0.001396 0.188037 0.130449 -0.315074 0.029793 -0.396526 -0.245283 0.144012 0.132316 0.062202 0.209033 0.249776 -0.194317 0.266839 -0.048307 0.129695 0.123205 0.011312 -0.098006 -0.073961 -0.047632 -0.124566 0.203867
-0.202971 -0.203272 0.055069 0.132967 -0.089319 0.343190 -0.070917 0.135899 0.127426 -0.028644 -0.178289 0.125974 -0.018679 0.054024 0.178432 0.372821 -0.340149 0.005469 -0.066081 -0.266131 0.178545 1.000000 0.088333 0.179853 -0.002411 0.332248 0.249732 0.429430 -0.052048 0.201398 0.156276 0.292072 0.126638 0.127001 0.364141 0.361266 0.125155 0.363529 0.370586 0.550124 0.392416 0.554033 -0.121041 -0.027006 -0.211579 -0.075818 -0.239220 -0.160865 -0.226136 -0.279237 0.235453 -0.125419 -0.324989 -0.350078 0.182234 0.281060 -0.249411 -0.215706 -0.162746 -0.067967 -0.009165 0.009350 -0.258313 -0.144259 0.079496 0.201246 -0.218300 -0.009378 -0.307984 -0.249318 -0.190069 0.128792 -0.166405 0.137227 -0.011364 0.198239 0.092246 0.373835 -0.253916 0.211372 -0.196816 -0.200342 0.000088 0.162954 0.137080 0.146153 0.174675 0.524881 0.153230 0.137843 -0.299362 -0.397832 -0.202899 -0.338718 0.006609 -0.082112 0.263906 -0.067375 -0.185064 -0.372632 -0.060777 -0.262203 -0.220702 -0.176294 -0.004437 0.158068 -0.194341 -0.223950 -0.233410 0.033562 -0.079930 -0.328148 -0.396152 -0.206344 -0.005285 -0.177970
-0.124124 -0.422730 0.416501 0.440467 0.160771 0.299066 0.319049 -0.052868 0.332594 0.134463 -0.185836 -0.020358 0.430430 0.251393 0.610158 0.294335 -0.033938 -0.062059 0.158082 -0.218710 -0.120233 0.088333 1.000000 0.715510 0.280198 0.351914 0.458617 0.493917 -0.011403 -0.126437 0.260726 0.158418 -0.162326 -0.118987 0.142990 0.059653 -0.043282 -0.205933 0.355551 0.092783 0.019721 -0.032872 0.177521 0.192911 0.095800 0.142224 0.072995 -0.070590 0.032255 -0.133730 0.332406 -0.217583 -0.485154 0.156470 0.169105 0.311621 -0.235577 -0.147290 -0.470518 -0.552103 -0.137398 -0.255487 -0.307271 -0.302646 0.575318 -0.009103 -0.313290 -0.151226 -0.090401 -0.098343 -0.142456 -0.030930 -0.042491 -0.072713 0.199830 0.087177 -0.170827 -0.082184 -0.026475 -0.113058 -0.022643 -0.182403 0.133918 -0.211867 0.605349 0.219257 0.425221 0.450548 0.639260 0.084733 -0.201098 -0.162762 -0.063679 -0.052083 -0.303947 -0.201966 -0.050822 -0.232786 -0.244693 -0.211985 -0.374713 -0.448999 -0.406562 -0.453539 -0.491501 0.015694 -0.268839 -0.269964 -0.207706 -0.157213 -0.161394 -0.301473 -0.287859 -0.278300 -0.066481 -0.178860
-0.481643 -0.261420 0.325042 0.617864 0.099594 0.320428 0.308138 0.322495 0.254799 0.195488 -0.069864 0.316312 0.331860 0.433027 0.497862 0.476571 -0.118093 -0.039462 -0.312290 -0.204028 -0.043616 0.179853 0.715510 1.000000 0.129953 0.332231 0.464406 0.318417 0.116688 -0.111789 0.357800 0.303419 -0.147342 -0.088256 0.148950 0.053795 0.018349 -0.140171 0.246882 0.065369 0.133418 0.103429 0.009762 0.043597 -0.134326 -0.036840 -0.031627 -0.141245 -0.028897 -0.211636 0.363553 -0.062334 -0.384906 -0.004274 0.258334 0.214517 -0.447099 -0.363291 -0.495462 -0.394358 -0.088510 -0.085405 -0.288202 -0.199784 0.339850 0.077396 -0.369899 -0.081127 -0.274661 -0.161219 -0.214312 -0.171259 -0.031081 -0.107545 0.056535 0.069776 -0.243632 0.003155 -0.052060 -0.207491 -0.083505 -0.117221 -0.089083 -0.039321 0.412579 0.239474 0.175718 0.282871 0.448379 0.338354 -0.034120 -0.202410 0.277150 0.030914 -0.374768 -0.370071 -0.132425 -0.382811 -0.143573 -0.394211 -0.033555 -0.348270 -0.170253 -0.292932 -0.242556 0.085971 -0.244775 -0.267047 -0.403875 -0.266732 -0.162578 -0.330223 -0.269754 -0.126019 0.023949 -0.127666
0.217543 -0.175388 0.075930 0.118217 0.021107 0.317379 -0.112793 -0.115780 0.182306 -0.049874 -0.309443 -0.264611 -0.109773 -0.170280 0.248508 0.029074 0.037041 -0.205561 0.062205 0.165120 0.306248 -0.002411 0.280198 0.129953 1.000000 0.537243 0.331232 0.446186 -0.245098 -0.304634 0.181918 0.069213 -0.042803 -0.158404 -0.044164 -0.030582 -0.247816 -0.030872 0.057334 -0.029429 -0.189100 -0.147722 0.244824 0.310720 0.095180 0.404503 -0.134458 0.103651 -0.058676 0.040954 0.023729 -0.169493 -0.275431 0.025109 -0.061598 -0.087189 0.136636 0.092786 -0.126266 -0.105944 -0.413574 -0.291548 -0.402998 -0.458186 0.159502 0.172003 0.159201 0.283010 0.207050 0.104292 0.091007 -0.046819 -0.253579 0.023754 0.121120 0.192277 0.227676 0.008511 -0.023431 -0.147139 -0.182704 -0.196677 0.194758 -0.255619 0.382354 0.228684 0.315028 0.262718 0.374063 -0.136395 -0.057590 0.115913 0.079240 -0.086929 -0.091439 -0.070745 -0.223794 -0.138721 -0.239507 -0.028693 -0.336454 -0.193476 -0.220129 -0.037272 -0.068225 -0.174662 -0.106871 -0.029850 -0.066464 -0.062415 -0.147765 -0.226634 0.078090 -0.101375 -0.269946 -0.009815
0.048438 -0.287568 0.182247 0.300045 -0.174106 0.452901 -0.229944 -0.132942 0.023945 0.060658 -0.475134 -0.244466 -0.090602 -0.165282 -0.006040 -0.137185 -0.204540 -0.147571 0.047433 -0.348191 -0.160181 0.332248 0.351914 0.332231 0.537243 1.000000 0.288474 0.771241 -0.262463 -0.066676 0.259573 0.205004 0.177959 0.063449 0.382972 0.356570 0.119240 0.074143 0.268055 0.316985 0.166903 0.326210 0.008131 0.143324 0.170183 0.525808 -0.002123 0.075390 -0.181991 -0.034748 0.102092 -0.279368 -0.293999 -0.075635 0.044123 0.386609 -0.093358 -0.102289 -0.160514 -0.123791 -0.442363 -0.359856 -0.597288 -0.645368 0.025434 0.263465 0.052829 0.235017 -0.080029 -0.257769 -0.338747 0.044450 -0.133004 0.018771 0.124373 0.030266 0.026043 0.032327 -0.178683 -0.047509 -0.113127 -0.202935 0.342331 -0.236829 0.470431 0.521252 0.380289 0.536428 0.273862 -0.017583 -0.333450 -0.068438 -0.052740 -0.235203 -0.095006 -0.071410 0.313956 0.033727 0.018790 0.005617 -0.465976 -0.426434 -0.320778 -0.180446 -0.159798 0.127328 -0.391501 -0.111083 -0.142931 0.032081 0.078324 -0.241586 -0.066599 -0.241714 -0.151313 -0.288778
0.005954 -0.377498 0.193684 0.112683 0.397285 0.443961 0.315482 0.002637 0.412312 0.246648 0.169832 0.026475 0.319658 0.003789 0.362421 0.338096 0.010474 -0.072750 -0.206969 -0.173021 0.117395 0.249732 0.458617 0.464406 0.331232 0.288474 1.000000 0.535811 -0.108375 -0.235329 -0.067233 -0.165808 -0.255946 -0.297700 0.011789 -0.019094 -0.092174 -0.006242 0.363910 0.111806 0.143306 0.010115 0.233437 0.270590 0.021277 0.105597 -0.048727 0.019543 0.016314 -0.164150 0.530873 -0.056052 -0.343355 -0.109903 0.431590 0.224958 -0.081325 -0.304115 -0.090064 -0.399551 -0.004263 -0.237783 -0.292181 -0.293248 0.342571 0.096827 -0.175304 -0.025141 -0.127872 -0.168440 -0.073156 -0.321140 -0.233544 -0.137164 -0.047628 -0.026095 -0.018456 -0.017177 0.033354 -0.019233 -0.108163 -0.179884 -0.161757 -0.157333 0.431318 -0.085783 0.071061 0.219200 0.573153 0.085300 0.068699 -0.108058 0.050777 0.043885 -0.110282 -0.231619 -0.065411 -0.375367 -0.263394 -0.328993 -0.184736 -0.210196 -0.310170 -0.066583 -0.157907 0.232133 -0.151165 -0.159052 -0.158120 -0.217926 -0.177070 -0.369260 -0.153464 -0.020951 0.074156 0.140071
0.138636 -0.457826 0.189663 0.127942 0.029916 0.472117 -0.097109 -0.324391 0.185382 0.040783 -0.330659 -0.202891 0.126815 -0.205548 0.204659 0.053351 -0.337185 -0.109972 0.141196 -0.383330 -0.111371 0.429430 0.493917 0.318417 0.446186 0.771241 0.535811 1.000000 -0.387081 -0.046643 -0.046501 -0.075955 -0.049918 -0.200752 0.337009 0.335752 0.019071 0.203688 0.478761 0.425409 0.228384 0.287479 -0.007641 0.081795 0.136085 0.350683 -0.099973 0.031302 -0.131259 -0.148882 0.238252 -0.328338 -0.457431 -0.188185 0.058767 0.348796 -0.150500 -0.238486 -0.161869 -0.298447 -0.306668 -0.278469 -0.576333 -0.518676 0.255684 0.203271 -0.175173 0.052530 -0.129133 -0.234299 -0.345198 -0.009122 -0.375018 -0.074649 0.003161 -0.009850 -0.025870 0.131029 -0.265641 0.139176 -0.250267 -0.291225 0.302419 -0.225626 0.567910 0.186186 0.464809 0.601082 0.481136 -0.189399 -0.203889 -0.068691 -0.152892 -0.131703 0.074821 0.077789 0.411113 0.063715 -0.038251 0.026288 -0.476407 -0.365339 -0.326505 -0.076631 -0.134673 0.295079 -0.230184 -0.104453 0.010417 0.210946 0.091433 -0.173536 -0.161417 -0.098804 0.043886 -0.078649
-0.143816 0.200500 -0.095982 0.145544 -0.091365 -0.331863 0.098779 0.180757 -0.034797 -0.021190 0.451408 0.184228 0.253420 0.361073 0.266818 0.160882 0.524426 0.304899 -0.148423 -0.178027 -0.275896 -0.052048 -0.011403 0.116688 -0.245098 -0.262463 -0.108375 -0.387081 1.000000 0.157191 0.299578 0.548542 0.150142 0.368741 -0.156330 -0.258618 0.544976 -0.180890 0.029792 -0.092969 0.351730 -0.024854 0.292716 0.245931 -0.148328 -0.324406 0.544063 0.013069 -0.043000 -0.189583 -0.004992 0.073382 0.408735 0.407263 0.045619 0.166436 0.161439 -0.010162 -0.111631 -0.145216 0.168654 -0.095271 0.443078 0.214943 0.038896 -0.308142 -0.224941 -0.521240 -0.132971 -0.321144 0.047353 0.038265 0.860430 0.161485 0.274857 0.261477 0.346992 -0.123579 0.481822 0.050634 0.597333 0.610557 0.188784 0.547827 -0.018016 0.070961 -0.416025 -0.267370 -0.177021 0.065398 -0.174493 -0.271578 -0.036526 -0.170585 -0.561776 -0.550306 -0.255228 -0.472027 0.408190 -0.127776 0.115477 -0.134184 0.085843 -0.357539 -0.188190 -0.013773 0.009393 0.127850 -0.611184 -0.563825 -0.290676 -0.095546 0.006580 -0.141192 -0.195245 -0.238394
-0.139142 0.181187 -0.142135 0.058084 -0.282179 -0.178450 -0.300770 0.061262 -0.324063 0.078740 0.003107 0.162488 -0.262827 0.066833 -0.152381 0.120371 0.129041 0.768824 -0.057092 -0.021608 -0.167874 0.201398 -0.126437 -0.111789 -0.304634 -0.066676 -0.235329 -0.046643 0.157191 1.000000 0.077449 0.097749 0.222185 0.276032 0.371661 0.474655 0.420719 0.572512 0.004729 0.455285 0.546128 0.549790 -0.442671 -0.432986 -0.478689 -0.456268 -0.144386 -0.171728 -0.434855 -0.290114 -0.373660 -0.330687 0.143996 -0.414750 -0.098950 0.094033 0.168696 0.037500 -0.142244 0.137211 0.084977 0.041463 0.341101 0.428474 -0.282669 -0.158674 -0.453731 -0.300092 -0.227136 -0.345796 -0.126755 0.353945 0.296994 0.351031 0.265865 0.126731 0.181608 0.661534 -0.276663 0.706616 0.296950 0.517793 0.103344 0.535765 -0.410430 -0.178310 0.082909 0.168950 -0.422186 -0.012327 -0.149408 -0.243880 -0.230484 -0.219264 -0.128247 0.186817 0.326508 0.191606 0.112505 -0.132344 0.066151 -0.154155 0.062034 -0.383541 -0.332798 -0.201436 -0.372351 -0.286258 -0.072310 0.333835 0.062604 0.079953 -0.211124 -0.407086 -0.306545 -0.456963
-0.223374 -0.023178 0.342255 0.512977 -0.124415 0.085363 0.123577 0.466787 0.034029 0.058789 -0.156275 0.145103 0.065796 0.401595 0.147845 0.267715 0.099932 -0.036671 0.121494 -0.094019 -0.074319 0.156276 0.260726 0.357800 0.181918 0.259573 -0.067233 -0.046501 0.299578 0.077449 1.000000 0.656794 0.293963 0.431567 0.166093 0.173996 0.121571 -0.156489 -0.070873 -0.120386 0.149618 0.142192 0.101377 0.115177 -0.335332 -0.179172 0.028599 -0.171978 -0.307591 -0.282712 -0.005372 -0.218386 -0.101491 0.069596 -0.095093 0.032234 -0.045401 -0.106121 -0.201700 -0.098441 -0.037899 -0.171063 -0.100854 -0.187463 -0.018463 -0.005210 -0.054858 -0.200253 -0.176957 -0.309881 -0.038387 0.069101 0.297193 0.185892 0.365984 0.337933 0.172351 0.061485 -0.063803 -0.111617 0.016955 -0.004354 -0.015002 0.037177 0.038986 0.298184 0.076202 0.197171 -0.028007 0.153303 -0.222534 -0.219718 0.097666 -0.172450 -0.351662 -0.416302 -0.150273 -0.304569 0.047997 -0.166553 -0.006887 -0.157947 0.075098 -0.315161 -0.235784 -0.229619 -0.337002 -0.323096 -0.411278 -0.384409 -0.248728 -0.178694 0.072718 -0.189863 -0.402513 -0.372771
-0.192203 0.143173 0.145057 0.483666 -0.240093 0.045453 -0.014279 0.299529 -0.090782 -0.150563 -0.028555 0.140101 0.058523 0.300805 0.181946 0.185653 0.142669 -0.005385 -0.014001 -0.098150 -0.015925 0.292072 0.158418 0.303419 0.069213 0.205004 -0.165808 -0.075955 0.548542 0.097749 0.656794 1.000000 0.441806 0.629629 0.250954 0.156086 0.343251 -0.076550 0.037674 0.041503 0.256960 0.250012 0.175721 0.201563 -0.231897 -0.124420 0.175288 -0.073346 -0.215102 -0.312491 -0.066211 -0.222416 0.041124 0.057849 -0.031335 0.056695 -0.017796 -0.084907 -0.170700 -0.115587 -0.044170 -0.198479 0.141591 -0.079660 -0.045210 -0.090595 -0.025986 -0.159492 -0.184305 -0.303611 -0.094001 0.120498 0.476243 0.175020 0.284025 0.388455 0.274230 0.091298 0.156936 -0.061855 0.161206 0.153297 0.139011 0.219956 0.162089 0.445053 -0.055489 0.185808 -0.096128 0.120367 -0.439725 -0.444072 -0.151016 -0.479048 -0.491459 -0.436645 -0.196901 -0.383652 0.076374 -0.254510 -0.205747 -0.369116 -0.118381 -0.458851 -0.300726 -0.176989 -0.294062 -0.190661 -0.582521 -0.405196 -0.218485 -0.159086 -0.015571 -0.148824 -0.345404 -0.371921
0.177748 0.414285 -0.021225 0.076555 -0.300705 -0.052017 -0.217985 0.011515 -0.379791 -0.249616 -0.065443 -0.050739 -0.128394 -0.076022 -0.298459 -0.157199 0.032566 0.034405 0.265854 0.091031 -0.252761 0.126638 -0.162326 -0.147342 -0.042803 0.177959 -0.255946 -0.049918 0.150142 0.222185 0.293963 0.441806 1.000000 0.833725 0.429549 0.378750 0.270793 -0.061533 -0.022924 0.147405 0.197056 0.192850 -0.021113 -0.033449 -0.146321 -0.050732 0.061719 -0.116643 -0.302765 -0.186669 -0.194095 -0.299084 0.180227 -0.160905 0.035768 0.094763 0.162912 0.188224 0.208023 0.063003 0.093864 -0.186400 0.179433 -0.088821 -0.315920 -0.137686 0.236800 0.017690 0.099491 -0.129113 -0.192284 0.110873 0.315510 0.055204 0.076962 0.067089 0.249086 0.146445 0.026869 0.188106 0.125991 0.107949 0.012727 0.057476 -0.117289 0.247945 0.004410 0.081996 -0.341595 -0.038158 -0.424490 -0.355031 -0.383834 -0.495868 -0.260877 -0.151426 0.209164 -0.070828 0.155093 -0.001073 -0.321832 -0.196082 -0.134308 -0.257520 -0.199784 -0.284659 -0.171208 -0.229963 -0.283708 -0.117888 -0.070073 0.023100 0.017360 -0.072756 -0.247454 -0.391741
-0.008786 0.463384 0.091289 0.234094 -0.247780 -0.135057 -0.091690 0.298275 -0.392930 -0.173605 0.019372 0.039192 -0.027009 0.068559 -0.253255 -0.070165 0.073804 0.096216 0.134310 -0.015097 -0.219907 0.127001 -0.118987 -0.088256 -0.158404 0.063449 -0.297700 -0.200752 0.368741 0.276032 0.431567 0.629629 0.833725 1.000000 0.528847 0.469533 0.360858 -0.126848 -0.030397 0.114773 0.251444 0.237466 -0.072256 -0.098277 -0.268359 -0.207630 0.105316 -0.234457 -0.238347 -0.186127 -0.222546 -0.250671 0.192054 -0.139475 0.153016 0.083209 0.103949 0.089309 0.228452 0.152938 0.160878 -0.073303 0.272725 -0.052182 -0.347837 -0.169564 0.137068 -0.144896 -0.086812 -0.308283 -0.341191 0.048880 0.470491 0.055726 0.117850 0.138342 0.201247 0.099099 0.032733 0.086038 0.291705 0.201272 0.040222 0.187110 -0.138277 0.218983 -0.122184 0.039608 -0.365228 0.125450 -0.338100 -0.417774 -0.253386 -0.475770 -0.437292 -0.378798 0.050611 -0.234025 0.236193 -0.137254 -0.163670 -0.204049 -0.049467 -0.337986 -0.213682 -0.280590 -0.274784 -0.296669 -0.465690 -0.321207 -0.165020 -0.059226 -0.086192 -0.165003 -0.294972 -0.516178
-0.162402 -0.047874 0.206943 0.326331 -0.082814 0.264453 -0.016814 0.226415 -0.162344 -0.039585 -0.287123 0.129958 -0.030697 -0.055912 -0.216562 -0.061450 -0.317524 0.063991 0.081275 -0.271839 -0.187015 0.364141 0.142990 0.148950 -0.044164 0.382972 0.011789 0.337009 -0.156330 0.371661 0.166093 0.250954 0.429549 0.528847 1.000000 0.902427 0.260725 0.215814 0.167086 0.493145 0.236970 0.445954 -0.469483 -0.359877 -0.267162 -0.064039 -0.273985 -0.357101 -0.203628 -0.301259 0.030835 -0.397136 -0.282481 -0.516559 0.336670 0.279538 -0.170454 -0.381589 0.226611 -0.013845 0.206606 0.041373 -0.207727 -0.252847 0.015378 0.214291 -0.075778 0.049071 -0.270674 -0.407167 -0.671983 -0.022528 -0.019294 -0.032220 0.048847 0.060726 -0.060592 0.292504 -0.402455 0.138019 -0.068694 -0.094513 -0.057661 -0.044320 0.198153 0.165669 0.188616 0.377885 0.089097 0.220535 -0.247496 -0.299365 -0.118538 -0.335020 -0.243424 -0.160409 0.320301 -0.053556 -0.031093 -0.253563 -0.266833 -0.289981 -0.258097 -0.292037 -0.209958 -0.096300 -0.468576 -0.395985 -0.340027 0.034692 0.003324 -0.226370 -0.329907 -0.263619 -0.198786 -0.438949
-0.167994 -0.061168 0.071914 0.301061 -0.063091 0.294942 -0.064322 0.261954 -0.149120 0.118599 -0.360104 0.132763 -0.103416 -0.069923 -0.182667 0.043500 -0.398424 0.115394 0.097267 -0.225465 -0.180483 0.361266 0.059653 0.053795 -0.030582 0.356570 -0.019094 0.335752 -0.258618 0.474655 0.173996 0.156086 0.378750 0.469533 0.902427 1.000000 0.218294 0.270582 0.178879 0.517927 0.336914 0.519769 -0.611752 -0.542819 -0.345429 -0.182140 -0.415608 -0.483317 -0.280084 -0.328407 -0.105290 -0.469227 -0.281003 -0.589187 0.291202 0.143466 -0.152856 -0.310453 0.195415 0.102637 0.192839 0.155719 -0.167913 -0.122691 -0.021811 0.263988 -0.160870 -0.004621 -0.305053 -0.412294 -0.684371 0.047500 -0.132064 -0.031536 0.014448 -0.011014 -0.084200 0.416093 -0.604140 0.245190 -0.103298 -0.066040 0.016454 0.036499 0.076559 0.048450 0.291947 0.385997 0.039777 0.181002 -0.115597 -0.234616 -0.055126 -0.244457 -0.124534 -0.019537 0.335964 0.024504 -0.016620 -0.226946 -0.141185 -0.188751 -0.136448 -0.194137 -0.152859 -0.099815 -0.496063 -0.484676 -0.212595 0.147723 -0.039487 -0.180184 -0.355403 -0.242792 -0.193149 -0.480253
