1.000000 0.582765 -0.088247 -0.389695 -0.129178 0.031786 -0.331078 -0.472206 -0.149456 -0.266780 0.042208 -0.258977 -0.030495 -0.153219 -0.133975 -0.156363 0.575714 0.116111 0.106014 -0.006200 0.064224 0.110874 -0.149691 -0.071121 0.130161 0.110878 0.309072 0.373741 -0.151428 -0.266971 -0.185056 -0.272470 0.079760 -0.327566 -0.049556 -0.187680 -0.062507 -0.080424 0.054857 -0.023013 0.180917 0.202304 0.424083 0.383940 0.216139 -0.114441 0.087580 0.006653 0.578084 0.414090 0.460207 0.406702 0.267677 0.286133 0.097407 0.052401 0.788304 0.760104 -0.143419 0.085519 -0.184294 -0.486555 0.106053 0.067085 -0.358971 -0.340555 -0.257001 -0.271898 0.232658 0.205894 -0.083472 -0.023549 -0.258676 -0.190068 0.033227 -0.220522 -0.362340 -0.320400 0.102607 0.014509 0.320205 0.372477 -0.126242 -0.334645 0.220312 0.053178 -0.051008 -0.048654 0.099760 0.230409 -0.036885 -0.097045 -0.225619 -0.092916 -0.159642 -0.098360 -0.077823 -0.052855 0.138141 0.130959 -0.033841 0.125771 -0.048721 0.140396 -0.141754 -0.068599 -0.086914 0.041658 -0.083256 -0.166227 -0.124235 -0.077340 0.049558 -0.244651 -0.323178 -0.120365
0.582765 1.000000 -0.089084 -0.179048 0.006222 0.005536 -0.204968 -0.079929 0.066090 -0.040737 0.258076 0.053023 0.277027 0.273046 0.148902 0.168224 0.422251 -0.100358 0.026469 0.091918 0.064851 0.067037 -0.175991 -0.097660 -0.059678 -0.172224 0.193045 0.086081 0.234996 -0.335750 -0.042700 -0.191411 -0.026698 -0.188409 -0.353223 -0.488819 -0.001889 -0.388897 0.221275 0.175371 0.242795 0.315017 0.204046 0.116934 0.117247 -0.324560 0.035794 -0.267597 0.166429 0.353220 0.221264 0.463791 0.592540 0.172644 0.280122 -0.058393 0.525224 0.712859 0.016823 0.270079 0.094195 -0.033234 0.162982 0.216959 -0.480011 -0.064806 -0.136782 -0.465146 0.172470 0.370266 -0.063356 -0.262630 -0.058232 -0.348533 0.076739 -0.002339 -0.382921 -0.487637 0.219954 -0.349026 0.418632 0.271489 0.185128 0.039768 0.347465 0.255774 -0.120902 -0.262698 0.080103 0.438780 0.047644 -0.111705 -0.046207 0.012401 -0.130429 -0.285873 -0.266828 -0.366385 -0.058318 -0.207829 0.027456 0.233557 0.109568 0.056365 -0.052492 -0.259207 -0.202941 -0.257460 -0.375775 -0.399465 -0.418642 -0.359709 -0.133155 -0.142511 -0.185099 -0.092354
-0.088247 -0.089084 1.000000 0.436567 0.493615 0.232900 0.577826 0.314369 0.238667 0.004948 0.093120 -0.328900 0.237911 -0.087116 0.426364 0.189014 -0.088764 -0.582466 0.434296 0.211905 0.459231 0.472053 0.419861 0.307226 0.203420 0.092523 0.338603 0.139058 0.340044 -0.330704 0.333897 0.307980 -0.402381 0.152646 -0.350821 -0.405958 0.132960 -0.463987 -0.030526 -0.228500 0.083898 0.103173 -0.198785 -0.237984 -0.159249 -0.189371 -0.460354 -0.449055 -0.363760 -0.390842 0.034483 -0.296325 0.160210 -0.315708 -0.019527 -0.384617 -0.276076 -0.045986 0.263248 0.388381 0.243074 -0.052488 0.315125 -0.032303 0.096373 -0.145917 0.527899 0.080319 0.039472 0.139349 0.090438 -0.016718 -0.003402 -0.165847 -0.064592 0.211271 -0.409281 -0.386554 0.044965 -0.462451 0.129035 -0.412961 0.548679 0.455136 -0.157169 -0.079401 -0.160576 -0.272627 0.234837 0.215731 -0.186722 0.443955 0.046169 0.446180 0.163781 -0.483831 -0.500873 -0.533249 -0.372505 -0.527731 -0.063238 0.569529 0.188492 0.413331 -0.084284 -0.247489 -0.169619 -0.225865 -0.350663 -0.481671 -0.312175 -0.482631 -0.174710 -0.062468 -0.113147 -0.081356
-0.389695 -0.179048 0.436567 1.000000 -0.099383 0.182026 0.163866 0.585775 -0.130302 -0.038206 -0.322073 -0.227271 -0.183960 -0.175983 0.113878 0.074823 -0.256176 -0.293916 0.357064 0.393268 0.390072 0.198803 0.398274 0.367039 0.313321 0.351406 0.129215 0.078994 0.057439 -0.117722 0.458282 0.509938 -0.260936 0.295319 -0.064621 -0.073580 0.071529 -0.162369 -0.212322 -0.103212 -0.044830 0.040778 -0.167848 -0.153137 -0.095754 0.009681 -0.125477 -0.101533 -0.622052 -0.513915 -0.216295 -0.348847 -0.145873 -0.235438 -0.060538 -0.066848 -0.400628 -0.330515 -0.203039 0.118896 -0.090405 0.011666 0.227743 -0.018738 0.253981 0.067285 0.146241 0.195352 -0.302037 -0.030138 0.333118 0.336574 -0.044139 0.187592 0.057900 0.343081 -0.096337 0.046773 0.108944 -0.164346 0.025862 -0.332632 0.238471 0.322517 0.003311 0.084849 -0.208412 0.054584 0.000644 0.063856 0.002602 0.045947 0.135852 0.060064 -0.099888 -0.396158 -0.247646 -0.317342 -0.296563 -0.431065 -0.134227 0.151317 0.050360 0.060368 -0.181155 -0.154115 -0.158482 -0.270597 -0.404542 -0.239238 -0.102849 -0.275562 -0.439343 -0.084480 -0.041525 -0.321599
-0.129178 0.006222 0.493615 -0.099383 1.000000 0.220862 0.694402 0.266974 0.773474 0.437857 0.334939 0.050615 0.508023 0.254483 0.624141 0.482942 0.005745 -0.426827 -0.017207 -0.068161 0.033307 0.080906 0.270625 0.227648 -0.193485 -0.525887 0.096444 -0.214173 0.344194 -0.111986 -0.255732 -0.266364 -0.389674 -0.027353 -0.406113 -0.300347 0.059109 -0.427190 0.200994 -0.111811 -0.103135 0.021456 -0.168516 -0.280472 -0.060504 -0.233690 -0.255829 -0.328378 -0.203389 -0.106623 -0.246761 -0.393866 0.307919 -0.249965 0.164846 -0.363497 -0.156124 -0.000052 0.577421 0.138202 0.560876 0.303338 0.016347 -0.125873 0.148390 0.157451 0.432455 -0.136576 0.304858 0.404402 -0.380759 -0.357952 0.058468 -0.245936 -0.132764 -0.017122 -0.330889 -0.323428 -0.103079 -0.408142 0.048248 -0.252050 0.526210 0.413203 -0.033996 -0.180782 0.112675 -0.423919 0.393744 0.172292 0.091240 0.498013 0.255318 0.524115 0.080657 -0.350434 -0.411227 -0.388438 -0.296772 -0.392745 0.078243 0.459434 0.111714 0.391077 -0.066538 -0.325792 -0.012391 -0.133430 -0.288789 -0.368550 -0.232327 -0.320900 -0.101610 -0.020130 -0.089940 0.070192
0.031786 0.005536 0.232900 0.182026 0.220862 1.000000 0.007846 0.046992 0.005669 -0.111818 -0.374505 -0.371127 -0.126734 -0.222399 0.156792 0.039244 0.081818 -0.328737 -0.002800 0.043237 0.441131 0.389032 0.282592 0.299006 0.587733 0.283235 0.625032 0.340256 -0.221597 -0.158069 0.079245 -0.081149 -0.416376 -0.158449 -0.232262 -0.267881 0.093464 -0.235172 -0.005400 0.100771 0.094443 0.151671 0.077553 0.155886 0.243988 0.071243 0.170865 0.119529 0.152033 0.053371 0.011032 0.024736 0.098311 0.246153 0.054127 0.112037 0.203784 0.258376 -0.030282 0.172696 -0.133821 -0.215302 0.053233 -0.138067 -0.164152 -0.204469 0.084400 -0.038756 0.105292 0.057040 -0.063774 0.085082 -0.220960 -0.032781 -0.176113 0.118175 -0.376958 -0.215117 0.147151 -0.226476 0.141920 0.047864 0.216788 0.190012 -0.082868 -0.110332 -0.123243 -0.013092 0.222548 0.272162 0.188582 0.135448 -0.123338 0.092145 -0.136740 -0.330741 0.017246 -0.251686 0.173699 -0.108790 0.052297 0.167234 -0.114121 0.145789 -0.116918 -0.233138 0.184005 0.011476 -0.442699 -0.196139 0.026434 -0.198542 -0.016423 -0.433805 -0.241267 -0.228338
-0.331078 -0.204968 0.577826 0.163866 0.694402 0.007846 1.000000 0.521673 0.499050 0.371873 0.407818 0.182655 0.609052 0.293572 0.467836 0.402233 -0.200578 -0.351571 -0.000327 -0.107888 0.078965 0.148809 0.244021 0.215021 -0.387073 -0.430365 -0.097504 -0.270724 0.193823 -0.074482 -0.159205 -0.116062 -0.237840 0.090903 -0.222206 -0.085570 0.029179 -0.319390 -0.019684 -0.277597 -0.182176 0.003831 -0.420316 -0.522298 -0.303413 -0.296030 -0.586597 -0.523167 -0.447661 -0.482616 -0.160420 -0.515382 0.092422 -0.603034 0.053506 -0.507526 -0.462376 -0.274800 0.571047 0.041360 0.652227 0.288219 0.071039 -0.192726 0.298338 0.378762 0.526273 0.089640 0.128653 0.300911 -0.197536 -0.175294 -0.093057 0.011664 -0.084635 -0.083218 -0.117289 -0.100238 -0.130495 -0.289367 -0.196877 -0.461758 0.371308 0.413450 -0.136059 0.083252 -0.112655 -0.395827 0.242088 0.116562 0.032926 0.561131 0.520364 0.673368 0.216463 -0.188886 -0.492717 -0.284735 -0.426560 -0.410473 -0.037999 0.536179 0.117858 0.329341 -0.031981 -0.239775 -0.063599 -0.040139 -0.108857 -0.290389 -0.270852 -0.313506 -0.052694 0.136444 0.057315 0.126126
-0.472206 -0.079929 0.314369 0.585775 0.266974 0.046992 0.521673 1.000000 0.155884 0.369117 0.210247 0.390761 0.307616 0.394096 0.235230 0.458268 -0.255157 -0.214890 -0.070904 0.099672 0.159216 0.201628 0.035828 0.210869 -0.265557 -0.233741 -0.163319 -0.292888 0.182664 0.096290 0.023763 0.158970 -0.109492 0.342447 -0.185857 0.019441 0.107220 -0.178968 -0.079903 -0.043720 -0.012146 0.028481 -0.321930 -0.351912 -0.212726 -0.080621 -0.336134 -0.244256 -0.590269 -0.407675 -0.291573 -0.342533 -0.067512 -0.408595 -0.000510 -0.278298 -0.435179 -0.421347 0.163869 -0.001586 0.334299 0.443169 0.208371 0.068058 0.174741 0.492607 0.185636 0.167689 -0.237501 0.089029 -0.062859 0.006105 0.135477 0.091360 -0.077349 -0.007894 0.064879 0.100050 0.061425 -0.136073 -0.091282 -0.264273 0.211894 0.490019 -0.157081 0.229249 -0.255784 -0.176531 -0.243782 -0.100330 -0.041882 0.029224 0.380150 0.133392 0.008896 -0.169625 -0.361305 -0.241089 -0.472825 -0.407454 -0.039537 0.092656 -0.195089 -0.200626 -0.282991 -0.422954 -0.038766 -0.147585 -0.209909 -0.178326 -0.161938 -0.226704 -0.154404 0.029462 -0.077540 -0.136712
-0.149456 0.066090 0.238667 -0.130302 0.773474 0.005669 0.499050 0.155884 1.000000 0.670780 0.279426 0.271935 0.566728 0.444186 0.696983 0.566560 -0.018520 -0.184362 -0.111948 -0.097074 -0.270705 -0.259980 0.242323 0.113450 -0.323329 -0.647848 -0.093226 -0.368601 0.434719 0.136835 -0.191015 -0.209877 -0.285047 -0.106558 -0.387302 -0.186200 0.009681 -0.195667 0.247341 -0.038184 -0.156632 -0.002981 -0.267717 -0.441235 -0.166633 -0.466597 -0.069129 -0.208157 -0.303243 -0.070990 -0.405908 -0.408277 0.256920 -0.222953 0.073854 -0.284520 -0.070913 -0.083290 0.543137 0.050738 0.549043 0.419180 -0.077980 -0.107871 0.073492 0.133257 0.216305 -0.386800 0.233409 0.231297 -0.323958 -0.262249 0.075872 -0.155219 -0.043123 -0.001711 -0.074707 -0.109153 -0.217439 -0.293456 -0.006487 -0.127199 0.420894 0.285174 0.137392 -0.307017 0.360399 -0.259323 0.466435 0.162127 0.185572 0.273768 0.317690 0.362030 -0.192262 -0.255678 -0.172045 -0.160819 -0.157010 -0.199623 0.151480 0.273660 0.063562 0.222785 0.028471 -0.201088 -0.095081 -0.120178 -0.187955 -0.122934 -0.115687 -0.086912 -0.139362 0.013472 0.011982 0.029789
-0.266780 -0.040737 0.004948 -0.038206 0.437857 -0.111818 0.371873 0.369117 0.670780 1.000000 0.354948 0.515639 0.445986 0.525995 0.456874 0.614696 -0.206745 0.044622 -0.277757 -0.026351 -0.292695 -0.342063 -0.014833 0.015069 -0.334486 -0.558734 -0.285643 -0.531220 0.346628 0.451687 -0.209184 -0.065397 -0.105419 -0.028275 -0.220726 0.024701 -0.108515 0.053284 0.161531 0.039753 -0.155803 -0.154050 -0.279310 -0.414298 -0.175250 -0.342025 0.027931 0.001571 -0.332867 -0.099453 -0.482321 -0.344335 -0.007548 -0.185903 0.016326 -0.162216 -0.160674 -0.298777 0.357158 -0.127878 0.365893 0.510379 -0.131200 -0.058915 0.022708 0.253027 -0.010137 -0.257186 0.014461 -0.050648 -0.380831 -0.204938 0.056954 0.010810 -0.125814 -0.163068 0.185769 0.151221 -0.257545 -0.026615 -0.050698 0.068938 0.187642 0.241133 -0.022549 -0.209629 0.232923 -0.160031 0.069686 -0.120526 0.289132 -0.000087 0.366469 0.110022 -0.180091 0.003762 -0.056726 0.087681 -0.116555 -0.006153 0.256766 -0.003438 -0.164872 -0.120657 -0.070756 -0.138485 -0.091099 -0.028225 0.026307 0.138413 0.043360 0.165639 0.018951 0.047390 0.050680 0.115198
0.042208 0.258076 0.093120 -0.322073 0.334939 -0.374505 0.407818 0.210247 0.279426 0.354948 1.000000 0.565573 0.637964 0.594644 0.166472 0.337576 -0.052299 0.066294 -0.177699 -0.006474 -0.149833 -0.060000 -0.429685 -0.197103 -0.498795 -0.431188 -0.330687 -0.414931 0.260233 0.132578 -0.288590 -0.027973 0.273307 0.143749 -0.037438 0.018035 -0.126435 -0.055542 0.107278 -0.006333 0.085490 -0.016740 -0.383441 -0.303435 -0.317102 -0.202888 -0.400401 -0.358624 -0.114926 -0.113844 0.019396 -0.004395 0.212468 -0.387980 -0.005428 -0.406245 -0.203547 0.027220 0.390442 -0.055491 0.414957 0.377630 0.019863 0.104036 -0.061289 0.317645 0.147555 0.021530 0.051279 0.141768 -0.387757 -0.337704 0.034678 -0.057165 0.025301 -0.302287 0.062372 -0.048867 -0.322621 -0.098832 -0.166447 -0.004332 0.074194 0.191304 -0.196939 0.142311 -0.122021 -0.300307 -0.291135 -0.162297 -0.052862 0.076650 0.302976 0.275365 0.099122 0.145127 -0.336636 -0.024351 -0.280147 -0.178322 0.166522 0.210755 -0.045717 -0.143741 -0.215152 -0.278973 -0.278021 -0.034114 0.156055 -0.037259 -0.167172 -0.042269 0.202416 0.163283 0.046604 0.210784
-0.258977 0.053023 -0.328900 -0.227271 0.050615 -0.371127 0.182655 0.390761 0.271935 0.515639 0.565573 1.000000 0.485292 0.721300 -0.026303 0.311066 -0.233632 0.378216 -0.552886 -0.234607 -0.345565 -0.312359 -0.487704 -0.127300 -0.713404 -0.521379 -0.561321 -0.565388 0.014717 0.458406 -0.367954 -0.045208 0.354309 -0.001894 0.058986 0.386098 -0.080788 0.362149 0.113061 0.196239 -0.052683 -0.097042 -0.433726 -0.347664 -0.346192 -0.184909 -0.144778 -0.026857 -0.144767 -0.024698 -0.329641 -0.033876 -0.060238 -0.357589 -0.002455 -0.065532 -0.175852 -0.339191 0.263855 -0.251828 0.295001 0.561073 -0.297170 -0.131547 -0.033205 0.537700 -0.189304 -0.086156 -0.245386 -0.136861 -0.179337 -0.131230 0.079103 0.171875 -0.127070 -0.296541 0.424155 0.462326 -0.261324 0.304582 -0.386349 -0.057944 -0.251545 0.065146 -0.162289 0.058327 0.076519 -0.055320 -0.424544 -0.203637 0.044771 -0.192535 0.480207 -0.071044 -0.023249 0.448308 0.186578 0.437947 -0.116857 0.186418 0.278372 -0.225832 -0.334019 -0.431192 -0.047493 -0.045570 -0.136360 0.119586 0.388739 0.343892 0.079558 0.321732 0.299592 0.239263 0.105885 0.138256
-0.030495 0.277027 0.237911 -0.183960 0.508023 -0.126734 0.609052 0.307616 0.566728 0.445986 0.637964 0.485292 1.000000 0.781031 0.433448 0.608793 -0.028320 -0.205821 -0.310395 -0.215535 -0.108060 0.000503 -0.159037 0.005414 -0.630112 -0.658464 -0.093531 -0.291192 0.304123 0.022127 -0.373391 -0.221688 0.094413 0.027157 -0.392381 -0.216448 0.017345 -0.158082 0.250517 0.013715 0.012525 0.253170 -0.482248 -0.615332 -0.398558 -0.622392 -0.593078 -0.524715 -0.216483 -0.202673 0.102331 -0.180077 0.418040 -0.567966 0.272843 -0.529533 -0.137598 0.080997 0.545890 0.082664 0.652050 0.363135 0.069966 -0.068774 -0.202543 0.312118 0.276674 -0.225642 0.170920 0.343187 -0.314866 -0.330118 -0.058889 -0.031437 0.165934 -0.098786 -0.120513 -0.121491 -0.143808 -0.314541 -0.138802 -0.229844 0.170965 0.241130 -0.049569 0.168342 -0.060233 -0.336581 0.090367 0.298806 0.007289 0.215441 0.434400 0.422410 0.089761 0.012307 -0.315105 -0.114310 -0.407116 -0.202868 0.221308 0.413021 0.034134 0.175529 0.006620 -0.297585 -0.188675 0.036936 0.022798 -0.108269 -0.228666 -0.175599 0.157513 0.173347 0.107353 0.199589
-0.153219 0.273046 -0.087116 -0.175983 0.254483 -0.222399 0.293572 0.394096 0.444186 0.525995 0.594644 0.721300 0.781031 1.000000 0.389200 0.726398 -0.011060 0.112355 -0.424376 -0.160317 -0.275435 -0.126068 -0.312864 -0.073534 -0.631835 -0.694498 -0.234558 -0.450445 0.332123 0.336694 -0.358121 -0.152028 0.253469 0.101184 -0.381629 -0.057154 0.063687 0.133551 0.322110 0.286074 0.143244 0.214073 -0.380308 -0.570976 -0.250090 -0.545998 -0.311403 -0.266346 -0.256737 -0.025844 -0.101162 -0.099189 0.282365 -0.359092 0.203422 -0.246642 -0.073492 -0.054506 0.308562 -0.066280 0.510347 0.616434 -0.011912 0.114118 -0.305779 0.332079 -0.090559 -0.379721 0.008828 0.163190 -0.323088 -0.283614 0.134548 0.032931 0.107762 -0.201929 0.099802 0.100291 -0.208118 -0.129735 -0.099970 -0.056283 0.147407 0.287657 -0.019817 0.067035 0.126161 -0.090975 -0.156132 0.090593 0.047650 -0.171229 0.345165 0.091550 -0.056066 0.206548 -0.048949 0.141502 -0.282069 -0.056625 0.369628 0.115323 -0.134452 -0.276304 -0.125946 -0.268572 -0.132578 0.029395 0.087117 0.124584 -0.134386 0.056915 0.177657 0.170481 0.074181 0.084587
-0.133975 0.148902 0.426364 0.113878 0.624141 0.156792 0.467836 0.235230 0.696983 0.456874 0.166472 -0.026303 0.433448 0.389200 1.000000 0.740626 0.074747 -0.334994 0.207056 0.147593 -0.054809 0.096052 0.402256 0.207266 -0.022210 -0.482096 0.232815 -0.152953 0.489827 0.049265 -0.000915 -0.196934 -0.512954 -0.066166 -0.686711 -0.420885 0.312089 -0.290790 0.429738 0.129379 0.167898 0.300923 -0.071219 -0.384726 0.137958 -0.493039 -0.027968 -0.281069 -0.422122 -0.081366 -0.273005 -0.360353 0.326941 -0.070614 0.276783 -0.111013 -0.043102 0.064178 0.243218 0.193169 0.422703 0.308572 0.186547 0.084987 -0.119413 -0.188014 0.137428 -0.536834 0.208910 0.344255 -0.294360 -0.233166 0.041445 -0.241633 -0.042077 0.024750 -0.349841 -0.358258 -0.180510 -0.586682 0.287457 -0.043006 0.834959 0.599407 0.304098 -0.196537 0.336453 -0.246447 0.498375 0.268695 0.171786 0.298894 0.181942 0.504366 -0.206408 -0.512146 -0.296234 -0.358989 -0.069764 -0.368081 0.191487 0.440978 0.161752 0.144425 -0.109077 -0.401592 -0.095110 -0.279826 -0.532537 -0.386883 -0.327949 -0.326775 -0.254013 -0.151214 -0.160029 -0.205446
-0.156363 0.168224 0.189014 0.074823 0.482942 0.039244 0.402233 0.458268 0.566560 0.614696 0.337576 0.311066 0.608793 0.726398 0.740626 1.000000 0.009844 -0.120701 -0.120072 0.032144 -0.128950 0.088613 0.002873 0.051907 -0.250196 -0.645026 0.080848 -0.314656 0.468919 0.257692 -0.242502 -0.215686 -0.177564 0.103560 -0.582924 -0.254208 0.285707 -0.129401 0.418715 0.276621 0.199782 0.343530 -0.163175 -0.495200 0.060838 -0.503746 -0.167933 -0.285260 -0.364192 -0.023219 -0.179372 -0.326742 0.279543 -0.185589 0.274877 -0.161427 -0.081363 0.005702 0.196888 0.074079 0.439060 0.454448 0.203214 0.135445 -0.299851 0.038175 0.076981 -0.395786 0.172308 0.317322 -0.409836 -0.322167 0.168887 -0.115113 -0.005843 -0.163526 -0.169141 -0.174457 -0.214545 -0.372341 0.301251 0.098198 0.582862 0.640933 0.200676 0.018722 0.159195 -0.207540 0.085593 0.137473 0.120943 0.003836 0.151143 0.237836 -0.088003 -0.247477 -0.264874 -0.151232 -0.245582 -0.244203 0.311029 0.231902 0.002751 -0.122347 -0.224221 -0.461686 -0.094846 -0.127990 -0.300507 -0.208130 -0.285291 -0.201635 -0.072754 -0.049110 -0.129931 -0.131686
0.575714 0.422251 -0.088764 -0.256176 0.005745 0.081818 -0.200578 -0.255157 -0.018520 -0.206745 -0.052299 -0.233632 -0.028320 -0.011060 0.074747 0.009844 1.000000 0.368112 0.127525 0.180691 -0.018444 0.053488 -0.053457 -0.134888 0.022232 -0.067505 0.160761 0.169028 0.255465 -0.011327 -0.052718 -0.290321 -0.084550 -0.143378 -0.264502 -0.225989 0.195466 -0.123788 0.186831 -0.055604 0.161985 0.300823 0.291974 0.084742 0.250899 -0.208379 0.105664 -0.124958 0.251257 0.331296 0.180700 0.102100 0.425831 0.309896 0.185912 0.082226 0.667812 0.545341 -0.122561 -0.036902 0.075184 -0.258986 0.223594 0.283917 -0.380084 -0.286115 -0.228452 -0.397501 0.200588 0.294534 -0.011199 0.027348 0.110992 -0.131379 0.113194 -0.165222 -0.162797 -0.305021 0.175035 -0.064429 0.336246 0.427364 0.114860 -0.053490 0.052818 -0.019781 -0.030518 -0.025090 0.151378 0.104463 -0.027412 -0.182740 -0.228632 -0.108689 -0.027890 -0.211805 -0.142619 -0.204912 0.079406 -0.152657 -0.029654 0.068530 0.079967 0.041455 -0.112011 0.017156 -0.160230 -0.302701 -0.246435 -0.241692 -0.304962 -0.287621 -0.216496 -0.201195 -0.185004 -0.179199
0.116111 -0.100358 -0.582466 -0.293916 -0.426827 -0.328737 -0.351571 -0.214890 -0.184362 0.044622 0.066294 0.378216 -0.205821 0.112355 -0.334994 -0.120701 0.368112 1.000000 -0.286233 0.058111 -0.420535 -0.378781 -0.368638 -0.279324 -0.228185 -0.109356 -0.386596 -0.242281 -0.087165 0.656484 -0.128070 -0.045858 0.275585 -0.143411 0.365464 0.603062 0.005033 0.597709 0.014946 0.065917 -0.030730 -0.126858 0.029995 0.038273 0.062051 0.037886 0.302284 0.322380 0.230570 0.254418 -0.207363 0.065228 -0.171940 0.198580 -0.226214 0.323164 0.201038 -0.137436 -0.269368 -0.445866 -0.172707 0.045903 -0.216835 0.047532 -0.092298 0.020288 -0.597282 -0.177338 -0.279377 -0.327251 0.031664 0.310546 0.118392 0.333851 -0.012329 -0.347517 0.506698 0.544448 -0.274590 0.648721 -0.166327 0.456663 -0.399006 -0.233830 -0.094256 -0.186817 0.093088 0.233656 -0.338851 -0.444005 0.071938 -0.446854 -0.039776 -0.378985 -0.059525 0.437008 0.391539 0.587356 0.277416 0.355867 0.204806 -0.475119 -0.224576 -0.500401 -0.095519 0.339150 -0.122630 0.033080 0.396417 0.469059 0.202129 0.414622 0.063832 -0.016198 -0.062524 -0.155178
0.106014 0.026469 0.434296 0.357064 -0.017207 -0.002800 -0.000327 -0.070904 -0.111948 -0.277757 -0.177699 -0.552886 -0.310395 -0.424376 0.207056 -0.120072 0.127525 -0.286233 1.000000 0.577477 0.235942 0.102913 0.210356 -0.132233 0.448610 0.313724 0.126233 0.078665 0.292791 -0.276250 0.347871 0.150779 -0.163896 0.254729 -0.195182 -0.353985 -0.013194 -0.366267 -0.091186 -0.181541 -0.023476 0.037956 0.239172 0.178890 0.070564 0.033372 0.012306 -0.088197 -0.259229 -0.269449 0.121089 -0.060820 0.053052 0.051253 -0.108603 0.041189 -0.031943 0.102316 -0.130226 0.336699 -0.107010 -0.202303 0.395527 0.308509 -0.021620 -0.383149 0.256763 0.053188 0.228096 0.094274 0.176212 -0.027812 0.117067 -0.210877 0.014307 0.124030 -0.261283 -0.395336 0.086401 -0.341521 0.424006 -0.002417 0.396953 0.097998 0.051646 -0.168387 0.094102 -0.136556 0.151320 0.032652 -0.085917 0.182952 -0.260298 0.222877 -0.171626 -0.454917 -0.225789 -0.384291 0.057935 -0.245004 -0.281601 0.393675 0.182194 0.199780 -0.121026 -0.150981 -0.063075 -0.277476 -0.401539 -0.331770 -0.127224 -0.265073 -0.250308 -0.158599 -0.064165 -0.257495
-0.006200 0.091918 0.211905 0.393268 -0.068161 0.043237 -0.107888 0.099672 -0.097074 -0.026351 -0.006474 -0.234607 -0.215535 -0.160317 0.147593 0.032144 0.180691 0.058111 0.577477 1.000000 0.034224 -0.162306 0.049229 0.000367 0.363685 0.236997 -0.098743 -0.194692 0.221311 0.170232 0.261474 0.239273 -0.045603 0.435723 -0.093338 -0.047056 -0.127570 -0.019057 -0.142704 -0.023936 0.008272 -0.087202 0.019688 0.135879 -0.067583 -0.133913 0.178592 0.187749 -0.217673 -0.258563 -0.215520 -0.149284 0.021590 0.041977 -0.139081 0.217810 -0.048955 0.077015 -0.218085 -0.017864 -0.245324 -0.137247 -0.006472 0.076201 -0.056367 -0.204688 -0.114598 -0.049120 -0.125322 -0.024857 -0.019604 0.166095 0.043306 0.076173 0.034315 -0.028947 -0.073450 -0.031552 -0.147598 -0.044178 0.196864 0.226701 0.160545 0.018141 -0.101476 -0.277272 -0.108430 -0.185930 -0.112039 -0.163032 0.018705 -0.049419 -0.144500 0.054622 -0.353148 -0.330995 -0.001215 -0.118552 -0.008418 -0.152429 -0.315697 0.062412 -0.184922 -0.133454 -0.400551 -0.091697 -0.067939 -0.210428 -0.390482 -0.038415 0.135471 0.014268 -0.317513 -0.368505 -0.203056 -0.511688
0.064224 0.064851 0.459231 0.390072 0.033307 0.441131 0.078965 0.159216 -0.270705 -0.292695 -0.149833 -0.345565 -0.108060 -0.275435 -0.054809 -0.128950 -0.018444 -0.420535 0.235942 0.034224 1.000000 0.652035 0.249880 0.363501 0.426879 0.525524 0.514251 0.492242 -0.027031 -0.371234 0.368895 0.361861 -0.299008 -0.124401 -0.077265 -0.309531 0.129015 -0.335225 -0.193397 -0.180872 0.081647 0.216287 -0.060252 0.123341 0.153014 0.174168 -0.274498 -0.217785 -0.035230 -0.166221 0.255351 0.083469 0.050645 0.054002 0.089044 -0.125291 -0.130496 0.020850 -0.192264 0.296628 -0.200007 -0.324120 0.409940 -0.039896 -0.092549 -0.269720 0.286756 0.233238 -0.099990 -0.006847 0.461656 0.269070 0.061710 0.077152 0.064656 0.440357 -0.335723 -0.229111 0.340387 -0.220699 0.233004 -0.239397 0.211574 0.246368 0.058309 0.237200 -0.264777 -0.186416 -0.098181 0.087328 -0.051183 0.185945 -0.183855 0.106913 0.127532 -0.307961 -0.396090 -0.508557 -0.129349 -0.371030 -0.031073 0.311584 0.066212 0.225008 -0.214654 -0.275679 -0.017333 -0.319608 -0.294735 -0.398829 -0.260097 -0.440631 -0.127176 -0.218508 -0.206313 -0.044198
0.110874 0.067037 0.472053 0.198803 0.080906 0.389032 0.148809 0.201628 -0.259980 -0.342063 -0.060000 -0.312359 0.000503 -0.126068 0.096052 0.088613 0.053488 -0.378781 0.102913 -0.162306 0.652035 1.000000 0.100821 0.164886 0.241731 0.257567 0.616981 0.602383 -0.061537 -0.363322 0.190286 0.045385 -0.312035 -0.104763 -0.174416 -0.207392 0.577636 -0.304709 0.185402 0.116820 0.389592 0.475409 0.008451 0.029503 0.182373 0.104994 -0.376799 -0.415541 0.030850 -0.082969 0.391512 -0.008003 0.099691 0.011498 0.270072 -0.160789 -0.043385 0.132505 -0.100105 0.262199 0.047105 -0.204859 0.502133 0.178777 -0.153169 -0.236183 0.322617 0.180988 0.121918 0.216975 0.143221 0.100375 0.107747 -0.126489 0.105410 0.295573 -0.332601 -0.324123 0.153472 -0.301016 0.294794 -0.069655 0.353311 0.492120 0.137893 0.376442 -0.294472 -0.070547 -0.015219 0.155738 -0.282281 0.071510 -0.312863 0.028663 0.299152 -0.376705 -0.416781 -0.514918 -0.230594 -0.452972 0.072988 0.165785 0.174879 0.094062 -0.004164 -0.326783 0.046212 -0.224620 -0.305094 -0.569655 -0.453819 -0.598048 -0.049671 -0.119711 -0.385177 -0.158321
-0.149691 -0.175991 0.419861 0.398274 0.270625 0.282592 0.244021 0.035828 0.242323 -0.014833 -0.429685 -0.487704 -0.159037 -0.312864 0.402256 0.002873 -0.053457 -0.368638 0.210356 0.049229 0.249880 0.100821 1.000000 0.716140 0.292402 0.114014 0.448626 0.265329 0.003709 -0.196233 0.408264 0.148094 -0.449891 -0.094975 -0.116664 -0.211854 0.029925 -0.151533 -0.103519 -0.200679 -0.077772 -0.121868 0.053111 -0.040715 0.242607 -0.083152 0.106078 0.034676 -0.264492 -0.124492 -0.314804 -0.356129 -0.193186 -0.004950 -0.041359 0.052585 -0.106679 -0.115851 -0.079136 -0.056970 -0.028627 -0.174441 -0.046984 -0.272193 0.485826 -0.170784 0.007886 -0.230124 -0.065096 0.045928 0.112379 0.321837 -0.138131 0.067789 0.008409 0.230823 -0.218324 -0.091002 0.314904 -0.148920 0.077053 -0.215236 0.401061 0.069398 0.277024 -0.271175 0.190844 0.018562 0.704829 0.195591 -0.109604 0.249982 0.000788 0.225241 -0.113964 -0.400324 -0.125169 -0.291654 -0.033523 -0.260499 -0.153942 0.145457 0.084100 0.350995 -0.075030 0.086977 0.076671 -0.134629 -0.334127 -0.176747 -0.021435 -0.184430 -0.386176 -0.161159 -0.042200 -0.102932
-0.071121 -0.097660 0.307226 0.367039 0.227648 0.299006 0.215021 0.210869 0.113450 0.015069 -0.197103 -0.127300 0.005414 -0.073534 0.207266 0.051907 -0.134888 -0.279324 -0.132233 0.000367 0.363501 0.164886 0.716140 1.000000 0.149108 0.174398 0.364448 0.259952 -0.241672 -0.090126 0.226043 0.293124 -0.157154 -0.065855 -0.031421 -0.031298 -0.025925 0.157075 -0.065521 0.003303 0.128181 -0.028415 -0.208487 -0.034046 0.109881 -0.153941 -0.028137 0.080974 -0.161496 -0.198425 -0.318150 -0.290435 -0.292462 -0.193215 0.132654 0.144869 -0.137605 -0.115862 -0.165330 -0.219855 -0.152442 -0.197449 -0.285946 -0.537874 0.441174 -0.068177 -0.198518 -0.189852 -0.390550 -0.059166 0.069276 0.411252 -0.213580 0.366973 0.068518 0.096789 -0.165024 0.199550 0.232419 0.128521 -0.161918 -0.326626 0.150785 0.042323 0.171484 -0.178565 0.102440 0.104331 0.326748 0.228648 -0.247814 0.090950 0.195116 0.148546 -0.074643 -0.171762 0.042207 -0.037168 -0.163988 -0.169282 -0.026957 0.040645 -0.291229 0.219998 -0.279289 0.050151 -0.060709 -0.029625 -0.198058 0.004569 0.108115 0.015199 -0.202439 -0.175695 -0.129192 -0.153484
0.130161 -0.059678 0.203420 0.313321 -0.193485 0.587733 -0.387073 -0.265557 -0.323329 -0.334486 -0.498795 -0.713404 -0.630112 -0.631835 -0.022210 -0.250196 0.022232 -0.228185 0.448610 0.363685 0.426879 0.241731 0.292402 0.149108 1.000000 0.728577 0.527603 0.459611 -0.086140 -0.196977 0.436880 0.282394 -0.315688 -0.016091 0.028645 -0.284751 0.034792 -0.159972 -0.186339 0.040077 0.182086 0.023686 0.372585 0.497020 0.434439 0.340073 0.430705 0.299664 0.156356 0.124430 0.112685 0.215312 -0.101671 0.528286 -0.141069 0.328893 0.127882 0.245346 -0.474538 0.192417 -0.603644 -0.469863 0.159223 0.069314 -0.074172 -0.534860 -0.026721 0.099729 -0.004542 -0.192872 0.118986 0.136174 -0.083493 -0.110506 -0.139690 0.170328 -0.294270 -0.284995 0.131793 -0.167486 0.369366 0.185445 0.227907 0.067698 0.107809 -0.126492 -0.009757 0.200846 0.087970 0.069085 0.047353 0.007787 -0.470262 -0.097721 -0.154348 -0.364887 0.069193 -0.242914 0.385976 -0.040352 -0.154892 0.039083 0.026840 0.043778 -0.182311 -0.084449 -0.016583 -0.207113 -0.436628 -0.169677 0.046794 -0.103306 -0.176207 -0.389866 -0.198364 -0.269733
0.110878 -0.172224 0.092523 0.351406 -0.525887 0.283235 -0.430365 -0.233741 -0.647848 -0.558734 -0.431188 -0.521379 -0.658464 -0.694498 -0.482096 -0.645026 -0.067505 -0.109356 0.313724 0.236997 0.525524 0.257567 0.114014 0.174398 0.728577 1.000000 0.264384 0.571184 -0.338360 -0.226941 0.521204 0.545358 -0.011833 0.053325 0.367099 -0.020299 -0.036859 0.088013 -0.327582 -0.044859 0.164224 -0.006366 0.158169 0.477995 0.160268 0.463865 0.161341 0.213192 0.179007 -0.118535 0.266385 0.234901 -0.363841 0.248807 -0.136247 0.250562 -0.033216 0.010502 -0.579607 -0.027765 -0.727611 -0.654924 0.021978 -0.115400 0.108155 -0.366494 -0.049691 0.422861 -0.250784 -0.336141 0.423468 0.344444 -0.063262 0.190381 0.070636 0.265770 0.016709 0.013595 0.249188 0.135209 0.031561 -0.035378 -0.229671 -0.226390 -0.053825 0.139370 -0.165123 0.321871 -0.156759 -0.090069 -0.188124 -0.083912 -0.338429 -0.259144 0.009560 -0.048071 0.150146 -0.068979 0.261925 0.030830 -0.274986 -0.115560 -0.062945 0.003540 -0.052701 0.181188 -0.114956 -0.142931 -0.088865 -0.000329 0.127228 0.005044 -0.066989 -0.120906 0.003380 -0.059863
0.309072 0.193045 0.338603 0.129215 0.096444 0.625032 -0.097504 -0.163319 -0.093226 -0.285643 -0.330687 -0.561321 -0.093531 -0.234558 0.232815 0.080848 0.160761 -0.386596 0.126233 -0.098743 0.514251 0.616981 0.448626 0.364448 0.527603 0.264384 1.000000 0.727599 -0.152910 -0.343813 0.153562 -0.056487 -0.428054 -0.289675 -0.260600 -0.413992 0.292208 -0.292234 0.254224 0.184364 0.280933 0.334940 0.234933 0.174131 0.417916 0.007160 -0.031532 -0.092389 0.194762 0.179733 0.311940 0.075858 0.121466 0.234899 0.269658 0.049874 0.278642 0.413272 -0.239687 0.190288 -0.148558 -0.403228 0.313974 -0.001554 -0.158422 -0.425568 0.003652 -0.183369 0.234758 0.212564 0.019050 0.137722 -0.142136 -0.182824 0.025771 0.189439 -0.584119 -0.393509 0.257699 -0.314604 0.386480 0.098492 0.367032 0.191454 0.327142 0.051121 -0.068873 0.077105 0.415279 0.426362 -0.088929 0.109254 -0.353011 0.040644 -0.063052 -0.451343 -0.221162 -0.403042 0.069398 -0.262451 0.103174 0.215328 0.088160 0.314780 -0.073357 -0.181923 0.052692 -0.161125 -0.476276 -0.410521 -0.235879 -0.454334 -0.192285 -0.323180 -0.231220 -0.146881
0.373741 0.086081 0.139058 0.078994 -0.214173 0.340256 -0.270724 -0.292888 -0.368601 -0.531220 -0.414931 -0.565388 -0.291192 -0.450445 -0.152953 -0.314656 0.169028 -0.242281 0.078665 -0.194692 0.492242 0.602383 0.265329 0.259952 0.459611 0.571184 0.727599 1.000000 -0.331510 -0.441255 0.249239 0.067326 -0.237232 -0.258271 0.099283 -0.144318 0.361907 -0.097008 0.173599 0.111306 0.328911 0.389687 0.190683 0.265441 0.293665 0.205626 -0.139935 -0.186777 0.341267 0.076831 0.553315 0.200176 -0.056852 0.181378 0.374257 0.060862 0.175110 0.248111 -0.433164 0.013201 -0.367929 -0.671484 0.234407 -0.069335 -0.080151 -0.391460 -0.016325 0.132881 0.059337 0.072333 0.275094 0.234090 -0.115531 -0.081645 0.139986 0.265554 -0.298480 -0.238206 0.306939 -0.092085 0.263684 0.027877 0.027454 -0.076476 0.385627 0.354038 -0.134966 0.247018 0.257206 0.297306 -0.265475 0.026363 -0.398726 -0.156573 0.149713 -0.264627 -0.146627 -0.309508 0.109196 -0.201320 -0.046978 -0.039443 0.166677 0.258549 0.140384 0.093137 -0.116813 -0.238642 -0.242589 -0.369237 -0.266536 -0.408768 -0.166535 -0.107873 -0.139007 -0.081879
-0.151428 0.234996 0.340044 0.057439 0.344194 -0.221597 0.193823 0.182664 0.434719 0.346628 0.260233 0.014717 0.304123 0.332123 0.489827 0.468919 0.255465 -0.087165 0.292791 0.221311 -0.027031 -0.061537 0.003709 -0.241672 -0.086140 -0.338360 -0.152910 -0.331510 1.000000 0.046113 0.313142 0.173349 -0.196424 0.168642 -0.516183 -0.503240 0.137703 -0.438518 0.147862 -0.159047 0.090500 0.099481 -0.035104 -0.369057 0.085653 -0.259735 -0.072718 -0.407769 -0.323113 0.098492 -0.097486 -0.043025 0.477237 0.097921 0.043977 -0.296603 -0.105517 -0.037137 0.209805 0.322488 0.330793 0.341525 0.388214 0.426081 -0.296604 -0.153614 0.280437 -0.276909 0.118990 0.095535 0.048763 -0.320237 0.568041 -0.363177 0.147432 0.155224 -0.051730 -0.454019 0.068519 -0.531769 0.418494 0.037127 0.573168 0.513931 0.045004 -0.058870 0.086538 -0.291832 0.030149 -0.052133 0.002861 -0.006505 -0.154750 0.099232 0.110840 -0.293302 -0.387388 -0.455898 -0.185636 -0.356404 0.073520 0.332420 0.335710 0.066156 0.005171 -0.161588 -0.278691 -0.480615 -0.251533 -0.316748 -0.438326 -0.356966 -0.232386 0.129662 0.115863 0.082304
-0.266971 -0.335750 -0.330704 -0.117722 -0.111986 -0.158069 -0.074482 0.096290 0.136835 0.451687 0.132578 0.458406 0.022127 0.336694 0.049265 0.257692 -0.011327 0.656484 -0.276250 0.170232 -0.371234 -0.363322 -0.196233 -0.090126 -0.196977 -0.226941 -0.343813 -0.441255 0.046113 1.000000 -0.043220 0.128987 0.113271 -0.001685 0.139762 0.477147 -0.038848 0.679327 0.074579 0.218995 0.082152 -0.108558 -0.220626 -0.253090 -0.025361 -0.140521 0.223269 0.415672 -0.041041 -0.015036 -0.462432 -0.218099 -0.373269 0.004307 -0.280403 0.268334 -0.118087 -0.404244 -0.160243 -0.470305 -0.139240 0.269369 -0.328963 -0.080231 -0.000779 0.059260 -0.531681 -0.244258 -0.309249 -0.453857 -0.091956 0.291291 0.299238 0.551289 0.074794 -0.211135 0.514992 0.657626 -0.401808 0.531724 -0.241701 0.384974 -0.188088 0.001941 -0.150498 -0.417658 0.315727 0.201651 -0.235649 -0.548907 0.057696 -0.387728 0.054820 -0.177932 -0.281371 0.417351 0.426057 0.610135 0.193725 0.333866 0.321726 -0.326870 -0.451163 -0.553462 -0.248537 0.174898 0.043499 0.169213 0.341292 0.625947 0.424777 0.581028 0.062830 -0.077037 0.021866 -0.076683
-0.185056 -0.042700 0.333897 0.458282 -0.255732 0.079245 -0.159205 0.023763 -0.191015 -0.209184 -0.288590 -0.367954 -0.373391 -0.358121 -0.000915 -0.242502 -0.052718 -0.128070 0.347871 0.261474 0.368895 0.190286 0.408264 0.226043 0.436880 0.521204 0.153562 0.249239 0.313142 -0.043220 1.000000 0.741224 -0.228097 0.115132 0.001971 -0.216847 -0.011776 -0.147206 -0.233025 -0.154374 0.165604 -0.084282 -0.041320 -0.058135 0.239789 0.211767 0.115805 -0.049076 -0.162720 -0.064668 -0.041569 0.121738 -0.197881 0.220041 -0.246532 0.089674 -0.242651 -0.238823 -0.314491 0.144554 -0.365746 -0.201757 0.163059 0.107462 0.135559 -0.337946 0.005330 0.052025 -0.394371 -0.434006 0.496248 0.404673 0.326688 0.061009 0.193854 0.513477 0.000200 -0.098283 0.230814 -0.145194 0.161876 -0.049758 0.215476 0.194164 0.099332 -0.088159 -0.035711 0.093223 0.083285 -0.174451 -0.276874 -0.220451 -0.377708 -0.168515 -0.063989 -0.189581 -0.088915 -0.285122 0.021639 -0.259021 -0.071512 -0.011132 0.164459 -0.030119 -0.018708 0.200858 -0.164874 -0.328346 -0.170761 -0.098136 -0.099458 -0.162816 -0.369069 -0.108432 0.098212 -0.057575
-0.272470 -0.191411 0.307980 0.509938 -0.266364 -0.081149 -0.116062 0.158970 -0.209877 -0.065397 -0.027973 -0.045208 -0.221688 -0.152028 -0.196934 -0.215686 -0.290321 -0.045858 0.150779 0.239273 0.361861 0.045385 0.148094 0.293124 0.282394 0.545358 -0.056487 0.067326 0.173349 0.128987 0.741224 1.000000 0.072811 0.247454 0.232295 0.032535 -0.172554 0.134035 -0.317264 -0.137094 0.091280 -0.208008 -0.312798 -0.135031 -0.067047 0.184188 -0.064923 0.000041 -0.225840 -0.268174 -0.109468 0.034506 -0.339648 -0.057445 -0.271652 -0.059917 -0.434896 -0.403885 -0.259650 0.016790 -0.379716 -0.092968 -0.035127 -0.074963 0.239299 -0.110260 -0.013640 0.233998 -0.567763 -0.526335 0.480170 0.419799 0.254532 0.317262 0.189821 0.430051 0.137939 0.235239 0.003454 0.100076 -0.194264 -0.276557 -0.049356 0.106800 -0.133826 -0.112740 -0.027163 0.229837 -0.235995 -0.266066 -0.323843 -0.287093 -0.160215 -0.223697 -0.081100 0.058042 0.011751 -0.018160 -0.148478 -0.159357 0.020878 -0.015826 -0.084450 -0.084844 -0.152214 0.231662 -0.390402 -0.232431 0.029858 0.160025 0.077193 0.101091 -0.179591 0.081971 0.157249 0.044633
0.079760 -0.026698 -0.402381 -0.260936 -0.389674 -0.416376 -0.237840 -0.109492 -0.285047 -0.105419 0.273307 0.354309 0.094413 0.253469 -0.512954 -0.177564 -0.084550 0.275585 -0.163896 -0.045603 -0.299008 -0.312035 -0.449891 -0.157154 -0.315688 -0.011833 -0.428054 -0.237232 -0.196424 0.113271 -0.228097 0.072811 1.000000 0.453760 0.402254 0.313698 -0.313602 0.423974 -0.230898 0.080888 -0.000122 -0.171356 -0.204733 -0.003206 -0.344779 -0.044340 -0.143562 0.139485 0.149577 -0.040723 0.180685 0.167218 -0.226032 -0.223970 -0.139294 0.063116 0.007597 -0.012527 -0.060708 -0.302910 -0.105705 0.043639 -0.237326 -0.012142 0.033425 0.275194 -0.219926 0.172791 -0.081082 -0.133303 -0.154387 -0.070418 -0.016503 0.200828 0.199406 -0.292104 0.427390 0.336563 -0.045101 0.403854 -0.255275 -0.005138 -0.570839 -0.424804 -0.201244 0.031429 -0.061877 0.167168 -0.446705 -0.191576 -0.343802 -0.431482 -0.037493 -0.326518 0.007747 0.604984 0.337824 0.492043 -0.090040 0.397392 -0.161225 -0.270809 -0.317167 -0.285619 -0.158514 0.188037 -0.025242 0.314567 0.514607 0.513750 0.336826 0.493090 0.402764 0.225280 0.191544 0.146072
-0.327566 -0.188409 0.152646 0.295319 -0.027353 -0.158449 0.090903 0.342447 -0.106558 -0.028275 0.143749 -0.001894 0.027157 0.101184 -0.066166 0.103560 -0.143378 -0.143411 0.254729 0.435723 -0.124401 -0.104763 -0.094975 -0.065855 -0.016091 0.053325 -0.289675 -0.258271 0.168642 -0.001685 0.115132 0.247454 0.453760 1.000000 0.154458 0.068751 -0.146608 -0.065553 -0.257988 -0.105264 -0.055203 -0.198195 -0.143039 -0.074604 -0.265693 0.070340 -0.173398 -0.026643 -0.276309 -0.364770 0.043225 -0.218085 -0.161075 -0.311632 -0.178159 -0.124794 -0.370631 -0.207580 0.004384 -0.105897 0.024917 0.117612 0.039887 0.216452 0.146858 0.217329 0.195206 0.397508 -0.154502 0.024752 -0.211897 -0.062497 0.055923 0.045422 0.003206 -0.023741 0.103694 0.022246 -0.091450 -0.085184 -0.055482 -0.100728 -0.081706 0.030930 -0.289765 0.064485 -0.305658 -0.104790 -0.319114 -0.247377 -0.341062 -0.226452 -0.125458 -0.083436 -0.125127 -0.030000 -0.099099 -0.064575 -0.364706 -0.227265 -0.496797 -0.112961 -0.137288 -0.250239 -0.354366 -0.185956 -0.019113 0.040345 -0.114183 0.069477 0.192655 0.019221 -0.109372 -0.066150 0.058926 -0.213892
-0.049556 -0.353223 -0.350821 -0.064621 -0.406113 -0.232262 -0.222206 -0.185857 -0.387302 -0.220726 -0.037438 0.058986 -0.392381 -0.381629 -0.686711 -0.582924 -0.264502 0.365464 -0.195182 -0.093338 -0.077265 -0.174416 -0.116664 -0.031421 0.028645 0.367099 -0.260600 0.099283 -0.516183 0.139762 0.001971 0.232295 0.402254 0.154458 1.000000 0.701294 -0.237074 0.387303 -0.466365 -0.224411 -0.173204 -0.429424 -0.100033 0.264989 -0.153958 0.441739 0.038052 0.267903 0.289926 -0.053625 0.027203 0.072229 -0.546277 -0.041935 -0.426439 -0.019160 -0.230538 -0.304225 -0.199930 -0.452372 -0.366950 -0.225235 -0.319747 -0.216016 0.443656 0.319416 -0.124250 0.541031 -0.286783 -0.351738 0.137126 0.337192 -0.149949 0.386800 -0.033182 -0.077898 0.503286 0.511483 -0.111643 0.628907 -0.394348 0.051092 -0.659040 -0.482069 -0.106065 0.101138 -0.225093 0.135765 -0.292940 -0.478243 -0.251730 -0.251076 -0.138536 -0.331312 0.047423 0.386664 0.172158 0.360671 0.001213 0.232784 -0.326550 -0.503933 -0.215917 -0.243138 -0.067465 0.344917 -0.019607 0.211462 0.435405 0.374333 0.364220 0.359742 0.054811 0.063923 0.035739 0.050081
-0.187680 -0.488819 -0.405958 -0.073580 -0.300347 -0.267881 -0.085570 0.019441 -0.186200 0.024701 0.018035 0.386098 -0.216448 -0.057154 -0.420885 -0.254208 -0.225989 0.603062 -0.353985 -0.047056 -0.309531 -0.207392 -0.211854 -0.031298 -0.284751 -0.020299 -0.413992 -0.144318 -0.503240 0.477147 -0.216847 0.032535 0.313698 0.068751 0.701294 1.000000 -0.043907 0.646671 -0.198752 -0.107178 -0.211170 -0.336270 -0.299250 -0.038835 -0.281587 0.182805 0.012451 0.287834 0.105665 -0.154471 -0.277231 -0.209919 -0.465036 -0.155961 -0.234751 0.081739 -0.223332 -0.490980 -0.037049 -0.485034 -0.099181 0.084341 -0.377338 -0.241935 0.296820 0.343456 -0.284348 0.289626 -0.367692 -0.315870 0.075882 0.465599 -0.166801 0.452086 -0.117619 -0.176426 0.532381 0.807271 -0.457117 0.738084 -0.526712 0.085812 -0.561589 -0.296212 -0.138966 -0.115292 -0.067989 0.141197 -0.352956 -0.513057 -0.034187 -0.253042 0.127902 -0.264991 -0.086930 0.397541 0.312283 0.584728 -0.016178 0.292569 -0.019146 -0.575964 -0.310597 -0.401089 -0.087251 0.291647 0.090875 0.297521 0.463348 0.477063 0.398544 0.480077 0.112985 -0.019159 -0.181355 -0.253581
