1.000000 0.803404 0.087508 -0.332084 0.239156 -0.235315 0.557667 -0.105893 0.155986 -0.019347 0.561886 -0.040850 0.590949 0.200916 0.202135 0.040504 -0.038000 -0.048937 0.425965 0.555490 0.115204 -0.028148 -0.158342 -0.293912 -0.367892 -0.466729 0.072682 -0.156986 0.209308 -0.230406 -0.340756 -0.423231 0.411506 0.138824 -0.195852 -0.369735 0.098955 -0.431421 0.023879 -0.293132 -0.028465 -0.190407 -0.375018 -0.388912 -0.481669 -0.656653 -0.174521 -0.482443 0.377787 -0.406839 -0.151309 0.079740 0.325031 -0.095356 0.282406 -0.253573 0.299476 0.261188 0.501409 0.251458 0.610719 0.338170 -0.112377 0.193235 -0.203137 -0.346229 -0.147295 -0.670170 0.534804 0.111327 -0.204208 -0.166777 0.252963 -0.053803 0.129507 0.253015 0.032499 -0.425337 0.021692 -0.290843 -0.027499 0.148586 0.288658 -0.051644 -0.181847 -0.342541 0.085601 -0.179385 0.257098 0.001219 -0.028570 -0.027654 -0.239830 0.111307 0.207685 0.067400 -0.037120 0.073186 0.193503 0.040839 -0.125688 0.190678 0.096254 -0.059841 -0.318196 -0.413355 -0.189770 -0.281622 0.134712 -0.016565 -0.327117 0.120718 0.080752 0.034609 0.060453 0.045281
0.803404 1.000000 -0.167591 -0.463039 0.256766 -0.169448 0.303771 -0.099566 0.176062 -0.003311 0.345728 0.008317 0.482993 0.246590 0.141563 0.005979 -0.094818 -0.107267 0.147065 0.484417 0.029724 -0.118839 -0.381756 -0.476577 -0.482098 -0.594450 0.068109 -0.211797 0.161445 -0.242615 -0.457737 -0.570534 0.360479 0.156675 -0.199725 -0.348681 0.155648 -0.387114 0.136272 -0.261601 0.078716 -0.277925 -0.354344 -0.434804 -0.506802 -0.689266 -0.169707 -0.461782 0.443851 -0.233851 -0.274013 0.327032 0.535762 -0.103486 0.378887 -0.121938 0.313486 0.523365 0.585009 0.486352 0.564936 0.492565 0.019341 0.374967 -0.433545 -0.330316 0.007145 -0.623721 0.532717 0.295191 -0.039959 -0.088254 0.280070 -0.113994 0.021161 0.120247 -0.082202 -0.389671 -0.059193 -0.405859 0.072357 0.138825 0.273579 -0.205438 -0.326840 -0.484221 0.027103 -0.382293 0.110401 0.030015 0.065967 -0.094887 -0.295253 0.002707 0.216625 0.050454 0.028106 0.028623 0.167151 0.019212 -0.075867 0.229347 0.188702 0.091660 -0.127823 -0.193915 -0.076780 -0.090458 0.112521 0.037768 -0.346359 0.138124 0.052566 0.060743 0.089974 0.097993
0.087508 -0.167591 1.000000 0.376615 -0.213139 0.130568 0.376550 0.114496 -0.222031 -0.173203 0.093734 -0.178213 0.304383 -0.218676 -0.225828 -0.104647 -0.159717 -0.431321 0.348601 0.132463 0.256536 0.273384 0.610321 0.612833 0.380288 0.386551 0.076587 0.240115 -0.311504 -0.446771 0.291144 0.257105 0.073105 0.266377 0.324072 0.095165 -0.425580 -0.295715 -0.261095 -0.062198 -0.461249 0.003582 0.047063 -0.005447 0.065540 0.256411 -0.131702 -0.110244 -0.287285 -0.270733 0.226364 -0.261353 -0.306304 0.011144 -0.187952 -0.203460 -0.428570 -0.516517 -0.048620 -0.171460 -0.038951 -0.179097 -0.492022 -0.481380 0.517996 0.285480 0.060635 0.231966 -0.154975 0.031742 -0.238242 -0.295227 -0.328687 -0.305921 -0.157803 -0.088077 -0.175403 -0.316435 -0.072205 -0.370605 -0.411526 -0.297676 -0.293417 -0.261638 0.060243 -0.031124 0.045960 0.132204 0.253730 -0.067559 0.035760 0.173174 0.235740 0.194975 -0.019697 0.045285 -0.086431 0.052499 -0.163075 0.008993 -0.179538 -0.132361 0.034145 -0.294830 -0.234885 -0.191612 -0.084953 -0.061065 0.053404 0.073865 -0.066929 0.031110 0.039135 -0.004986 0.098892 0.164974
-0.332084 -0.463039 0.376615 1.000000 -0.240318 0.556578 -0.155140 0.437440 -0.142548 0.164450 -0.140335 0.204540 -0.274900 -0.063985 -0.105849 0.184001 -0.028721 -0.259162 0.041385 -0.190878 0.178543 0.358406 0.508596 0.622155 0.407970 0.512059 0.121841 0.435146 -0.361154 -0.144545 0.276317 0.377141 -0.125568 0.072968 0.347551 0.308367 -0.451662 -0.003450 -0.048499 0.306507 -0.155745 0.060584 0.419555 0.330278 0.358366 0.561890 0.000050 0.167434 -0.395980 -0.016727 0.293496 -0.268094 -0.492686 -0.131526 -0.146083 0.010243 -0.244962 -0.522672 -0.488554 -0.312121 -0.502756 -0.297950 -0.329162 -0.663047 0.516541 0.696229 0.106014 0.390473 -0.186637 -0.411407 -0.036258 -0.021397 -0.509163 -0.114360 -0.110934 -0.140568 -0.019144 0.028769 -0.117710 0.010289 -0.352003 -0.333730 -0.150317 -0.037815 0.383593 0.515659 0.128258 0.487977 0.091179 0.143419 -0.182209 -0.170572 0.356677 -0.278375 -0.348855 -0.162247 -0.102695 -0.180535 -0.363075 -0.253093 -0.175405 -0.372612 -0.311113 -0.298739 -0.030755 -0.055615 -0.148003 -0.062854 -0.376587 -0.042313 -0.004336 -0.214755 -0.174215 -0.206046 0.005115 -0.131767
0.239156 0.256766 -0.213139 -0.240318 1.000000 0.035467 0.050360 0.042732 0.833131 0.516676 0.055071 0.253634 0.033383 0.260046 0.820205 0.711745 -0.197354 -0.193419 0.063427 0.165072 0.080472 0.000305 -0.274681 -0.295399 0.038659 -0.259967 0.498792 0.058449 0.549468 -0.157712 -0.146923 -0.227854 0.108036 0.167870 0.031640 0.078974 0.066893 -0.170375 0.262901 -0.327085 0.399510 -0.161057 -0.459707 -0.545484 -0.354216 -0.379877 -0.338768 -0.395068 0.102056 -0.100693 -0.225698 0.022038 0.236956 0.001024 0.478730 -0.311935 0.117477 0.226463 0.304724 0.387308 0.291448 0.360505 -0.086350 -0.119766 -0.022209 0.059389 0.070877 -0.208433 0.152170 0.237105 -0.005622 0.213431 0.060195 -0.111623 -0.127062 -0.008206 0.056719 0.116334 -0.133118 -0.090110 -0.023065 -0.116264 0.555733 0.350039 -0.102952 -0.211775 0.490680 0.039958 0.569081 0.387835 -0.155167 -0.293094 -0.242674 -0.216185 0.013692 -0.285079 -0.469429 -0.303692 -0.335546 -0.451347 -0.244467 -0.161378 0.001115 -0.332128 -0.240325 -0.152438 0.159865 0.141987 -0.137805 -0.459864 -0.422812 -0.439188 -0.320873 -0.254594 0.184036 0.083932
-0.235315 -0.169448 0.130568 0.556578 0.035467 1.000000 -0.317041 -0.041320 -0.116646 0.235928 -0.295377 0.079742 -0.159824 -0.259693 0.038427 0.329142 -0.096365 -0.354572 -0.183813 -0.087544 0.442160 0.589945 0.348467 0.449830 0.301462 0.405840 0.566584 0.600482 -0.213473 -0.195309 0.004063 0.210595 -0.245603 0.166833 0.268344 0.198953 -0.428802 -0.044188 -0.038214 0.170168 -0.078432 0.059629 0.256370 0.189563 0.224720 0.410983 -0.374010 -0.081213 -0.043820 0.327638 0.298326 0.165761 -0.108976 0.025191 -0.072767 0.003533 -0.005701 -0.166708 -0.108469 0.104353 -0.267021 -0.072603 0.033893 -0.265781 0.205021 0.466090 0.251101 0.372535 -0.033175 -0.009516 -0.071831 -0.048407 -0.473315 -0.329523 -0.218788 -0.330913 -0.326288 -0.059161 -0.239593 -0.159783 -0.206492 -0.263904 -0.094559 0.160381 0.098107 0.212711 0.240632 0.335034 0.200476 0.356470 -0.296895 -0.196663 0.176359 -0.322422 -0.206276 -0.230175 -0.189672 -0.327099 -0.460214 -0.231435 -0.173110 -0.279500 -0.155415 -0.338504 -0.111100 0.043928 0.003465 0.121006 -0.384059 -0.173414 -0.320266 -0.472649 -0.321193 -0.122940 0.198824 0.075680
0.557667 0.303771 0.376550 -0.155140 0.050360 -0.317041 1.000000 0.205747 0.103857 -0.037208 0.721221 0.087025 0.686393 0.245661 0.087030 -0.101891 -0.052958 -0.019496 0.288808 0.444938 0.055665 -0.213966 -0.041238 0.013234 -0.267115 -0.370368 -0.302604 -0.320770 0.123321 -0.151055 -0.052705 -0.154847 0.188517 0.005558 -0.197118 -0.282340 0.164310 -0.304436 0.016641 -0.143803 -0.081656 0.112277 -0.437912 -0.403332 -0.405438 -0.499192 -0.088000 -0.352710 0.021124 -0.517342 -0.220262 -0.328950 0.010238 -0.111006 0.291370 -0.180238 -0.251649 -0.170448 0.290417 -0.041295 0.536075 0.191107 -0.270125 -0.051260 0.130571 -0.215746 -0.242038 -0.518116 0.224598 -0.018287 -0.142965 -0.170009 0.190141 0.178324 0.248858 0.241035 0.253736 -0.293853 -0.137518 -0.266841 -0.165307 -0.086400 0.249763 0.074432 0.090590 -0.124438 0.144555 -0.075173 0.259433 -0.167768 0.100879 0.124434 0.020347 0.150089 -0.006850 0.122817 -0.062532 0.148346 0.273966 0.115574 0.019239 0.066167 0.027733 -0.019136 -0.214971 -0.432077 -0.074866 -0.296472 0.302870 0.121773 -0.094421 0.309452 0.220029 0.023224 -0.064430 -0.058613
-0.105893 -0.099566 0.114496 0.437440 0.042732 -0.041320 0.205747 1.000000 0.185300 0.412509 0.127726 0.471313 0.017254 0.604112 -0.069494 0.065788 -0.174999 -0.136857 -0.210164 -0.146313 -0.217515 -0.099291 -0.219379 -0.096258 -0.179869 -0.169477 -0.281227 -0.286671 -0.107445 -0.022196 -0.123761 -0.131195 0.155709 0.112792 0.108572 0.162375 -0.059086 -0.247540 0.151086 0.201908 0.013356 -0.044565 0.000843 -0.184738 0.070203 0.072349 0.239580 -0.058860 -0.065637 -0.157266 -0.184800 -0.263816 0.009275 -0.198903 0.301281 -0.027321 -0.231879 -0.183703 -0.140627 0.025024 0.040673 0.356274 -0.235579 -0.266079 0.135587 0.575274 0.059437 0.048052 -0.161224 -0.311445 -0.046973 0.061590 -0.051338 0.132900 0.075939 -0.016180 0.178042 0.045842 -0.146798 -0.081237 -0.146098 -0.309180 0.074699 0.019789 0.018656 0.166862 0.053890 0.002919 0.154462 -0.054580 0.071197 -0.319955 0.292879 -0.434679 -0.338141 0.013067 -0.186203 -0.032175 -0.037294 -0.213971 0.125546 -0.330632 -0.117752 -0.156605 -0.006156 -0.058098 -0.163753 -0.092123 -0.079003 0.107604 -0.009795 0.076993 0.114762 -0.207868 -0.072993 -0.185291
0.155986 0.176062 -0.222031 -0.142548 0.833131 -0.116646 0.103857 0.185300 1.000000 0.471223 0.140605 0.292302 0.027121 0.367039 0.836362 0.599214 -0.274680 -0.113205 0.071726 0.025988 0.025970 -0.113092 -0.290030 -0.256260 -0.089289 -0.343809 0.345149 -0.003023 0.441031 -0.175462 -0.151245 -0.243854 0.076543 0.004508 -0.022566 0.110143 0.100918 -0.163258 0.359769 -0.220452 0.428865 -0.201223 -0.576585 -0.607841 -0.407220 -0.402677 -0.303486 -0.377513 0.107726 -0.144114 -0.116458 -0.014360 0.266185 -0.137504 0.540631 -0.296485 -0.009743 0.182240 0.304240 0.333744 0.287629 0.349219 -0.135446 -0.170302 0.073742 0.139199 0.064286 -0.213496 0.089092 0.185850 0.108294 0.235187 0.084087 -0.085992 -0.072593 -0.032674 0.209116 0.112494 -0.208078 -0.047061 -0.148566 -0.213210 0.578292 0.317870 0.007866 -0.161501 0.450124 -0.003517 0.545874 0.412651 -0.016213 -0.230747 -0.235016 -0.259775 -0.123640 -0.342941 -0.311610 -0.279845 -0.255859 -0.442154 -0.274344 -0.171775 -0.117740 -0.109870 -0.038303 -0.032646 0.242889 0.215935 -0.157459 -0.383874 -0.314291 -0.297420 -0.307978 -0.336109 -0.003600 -0.111962
-0.019347 -0.003311 -0.173203 0.164450 0.516676 0.235928 -0.037208 0.412509 0.471223 1.000000 0.078912 0.408274 -0.017206 0.450320 0.455760 0.683554 -0.086717 -0.252741 -0.131681 0.045138 0.084856 0.033068 -0.224032 -0.171718 -0.025019 -0.157793 0.269946 -0.094656 0.214569 -0.057244 -0.244401 -0.253242 -0.004840 0.030125 0.129613 0.031837 0.059896 -0.241598 0.020984 -0.077131 0.157519 -0.029151 -0.122692 -0.136305 -0.047734 -0.010547 -0.165345 -0.189165 0.173985 0.118700 -0.056461 0.108838 0.206940 0.044881 0.252998 -0.226288 -0.051398 -0.032849 0.010557 0.284498 0.030923 0.463689 -0.187397 -0.126798 0.044813 0.506686 0.134883 0.022798 0.038391 0.025202 0.004124 -0.032917 -0.223130 -0.011806 -0.140541 -0.221949 -0.026982 0.039563 -0.130691 -0.082065 -0.110653 -0.160667 0.316159 0.196939 0.083367 0.120300 0.359405 0.158707 0.360462 0.206081 0.008697 -0.153501 0.224991 -0.232736 -0.084313 0.013029 -0.459092 -0.132912 -0.271451 -0.243726 -0.071897 -0.126063 0.005642 -0.254568 -0.284310 -0.296262 -0.108641 -0.169074 -0.052098 -0.184976 -0.236358 -0.190768 -0.075698 -0.158703 0.051590 0.006113
0.561886 0.345728 0.093734 -0.140335 0.055071 -0.295377 0.721221 0.127726 0.140605 0.078912 1.000000 0.355193 0.668111 0.394897 0.207811 -0.002972 0.051730 0.281785 0.274043 0.392672 -0.010211 -0.239936 0.014482 -0.094876 -0.193731 -0.343963 -0.338456 -0.256604 0.196149 -0.014674 -0.022685 -0.182267 0.054354 -0.165588 -0.267448 -0.289267 0.286846 -0.214125 0.072773 -0.075161 0.133538 0.036299 -0.351021 -0.163830 -0.416345 -0.475219 -0.151309 -0.181725 0.020308 -0.421324 -0.190145 -0.221823 -0.068724 0.024571 0.194547 -0.064190 -0.209520 -0.127758 0.040128 -0.115927 0.259159 0.197009 -0.292730 -0.013034 0.159613 -0.141638 -0.468732 -0.603462 0.099216 -0.294746 -0.146801 -0.226306 0.222210 0.264012 0.307867 0.277040 0.391509 -0.156507 0.012111 -0.077712 0.033690 0.204349 0.437658 0.052307 0.415988 0.074098 0.158241 0.051767 0.130463 -0.160308 -0.025348 0.185440 -0.114443 0.087660 -0.013375 0.115804 -0.090741 0.130357 0.201302 0.157180 -0.111752 0.012799 -0.088698 0.016956 -0.254536 -0.537549 -0.174897 -0.363144 0.157699 0.082915 -0.062435 0.220295 0.273488 0.025075 -0.028342 -0.097968
-0.040850 0.008317 -0.178213 0.204540 0.253634 0.079742 0.087025 0.471313 0.292302 0.408274 0.355193 1.000000 0.058603 0.556439 0.322793 0.425140 -0.109529 0.201359 -0.125939 -0.032168 -0.116077 -0.112416 -0.278425 -0.129193 -0.120886 -0.206047 -0.192983 -0.218022 0.169363 0.244393 0.043143 0.057250 0.031010 0.045480 -0.214080 0.199181 0.093427 -0.025592 0.202253 0.280749 0.170518 -0.011373 -0.120705 -0.140563 -0.095468 -0.069528 0.012730 0.008059 -0.056310 -0.066156 -0.048094 -0.202283 -0.081320 -0.167531 0.230822 -0.060268 -0.247599 -0.267345 -0.147376 0.047509 -0.066594 0.290160 -0.190829 -0.188604 0.139270 0.421886 -0.173209 -0.054957 -0.036159 -0.326005 -0.053564 0.324917 -0.009383 0.179985 0.012705 0.119086 0.297173 0.403202 -0.149178 0.202296 -0.018595 -0.091112 0.406977 0.379699 0.235066 0.309576 0.152701 0.039918 0.131909 0.028648 -0.235712 -0.349522 0.003493 -0.418005 -0.272127 -0.212281 -0.177755 -0.254533 -0.108066 -0.418118 -0.051647 -0.472900 -0.209384 -0.184921 -0.058845 -0.218025 -0.139646 -0.131931 -0.101964 -0.219635 -0.094901 -0.173092 -0.115523 -0.348377 -0.221349 -0.268090
0.590949 0.482993 0.304383 -0.274900 0.033383 -0.159824 0.686393 0.017254 0.027121 -0.017206 0.668111 0.058603 1.000000 0.317471 0.061155 -0.030195 -0.172346 -0.016870 0.126427 0.319949 0.050837 -0.088739 -0.031043 -0.118560 -0.378342 -0.410723 -0.165361 -0.277096 0.024680 -0.240248 -0.285209 -0.325421 0.058364 0.068734 -0.015657 -0.125300 0.028702 -0.347764 -0.037315 -0.084055 -0.125878 -0.188988 -0.360887 -0.327075 -0.324154 -0.419014 -0.237719 -0.295943 0.361199 -0.239254 -0.071066 0.099014 0.233717 -0.026592 0.037401 -0.211203 -0.175594 0.010942 0.427228 0.190153 0.570244 0.375983 -0.155030 0.135684 -0.001092 -0.157442 -0.121613 -0.395919 0.153532 0.019133 -0.225944 -0.252494 0.105687 -0.049844 0.036898 0.000285 0.169160 -0.213319 -0.119569 -0.380001 -0.181072 -0.057071 0.165281 -0.051618 -0.138534 -0.406086 -0.088167 -0.251806 0.040488 -0.238875 0.065304 0.188936 -0.093457 0.199069 -0.012399 0.000203 -0.037676 -0.056383 0.118957 0.069359 0.000498 0.133071 0.106201 -0.021855 -0.200091 -0.337380 -0.049895 -0.124469 0.097398 0.082881 -0.223538 0.100273 0.099976 -0.037106 0.041867 0.000256
0.200916 0.246590 -0.218676 -0.063985 0.260046 -0.259693 0.245661 0.604112 0.367039 0.450320 0.394897 0.556439 0.317471 1.000000 0.190672 0.244335 -0.102055 0.243131 -0.189224 0.001911 -0.403207 -0.410553 -0.434268 -0.547032 -0.477670 -0.509896 -0.344688 -0.499482 0.098902 0.196947 -0.326130 -0.362382 0.099197 -0.118680 -0.251756 -0.042726 0.281070 -0.268050 0.125234 0.068198 0.281427 -0.097006 -0.279532 -0.224607 -0.172153 -0.244483 0.071146 -0.041794 0.258930 -0.012566 -0.241712 0.082047 0.238784 -0.046033 0.199379 0.070995 -0.017957 0.149696 0.066745 0.262005 0.306572 0.607190 0.087497 0.175755 -0.142014 0.245668 -0.200654 -0.304682 -0.074895 -0.226087 -0.123331 0.081209 0.206621 0.329518 0.239337 0.051895 0.237729 0.072095 -0.106499 0.059151 0.051892 -0.004484 0.386321 0.200282 -0.091988 -0.009091 0.008827 -0.166204 -0.039515 0.002240 -0.040568 -0.125030 0.002503 -0.205646 -0.216465 0.004135 -0.213687 -0.046758 -0.031625 -0.116591 0.101811 -0.062776 -0.129728 0.001748 -0.126649 -0.194275 -0.209048 -0.270101 0.017757 0.013454 -0.078448 0.083387 0.113318 -0.119831 -0.144776 -0.283267
0.202135 0.141563 -0.225828 -0.105849 0.820205 0.038427 0.087030 -0.069494 0.836362 0.455760 0.207811 0.322793 0.061155 0.190672 1.000000 0.734935 -0.091223 -0.006095 0.080468 0.034820 0.210679 -0.025914 -0.122383 -0.135502 0.094846 -0.174272 0.421325 0.153545 0.515561 -0.042311 -0.050020 -0.072278 -0.119042 -0.081161 -0.109971 0.177849 -0.030717 0.036856 0.314741 -0.135638 0.409993 -0.083061 -0.458413 -0.420484 -0.403042 -0.384307 -0.352385 -0.223287 0.107626 -0.069210 -0.021316 0.034032 0.147362 0.018436 0.432222 -0.307063 0.072984 0.140765 0.228622 0.264488 0.187303 0.227993 -0.044847 -0.142139 0.090405 0.101694 -0.077798 -0.258674 0.096112 0.079452 0.082599 0.305236 -0.042679 0.011129 -0.028046 -0.017630 0.242320 0.297570 -0.220110 0.144942 -0.163375 -0.162263 0.737860 0.481799 0.116773 -0.107710 0.564296 0.184328 0.577194 0.455844 -0.176514 -0.190791 -0.227019 -0.220970 -0.207926 -0.435699 -0.368021 -0.385142 -0.228200 -0.449545 -0.394969 -0.184678 -0.123106 -0.279682 -0.115604 -0.330955 0.327115 0.172434 -0.269057 -0.492889 -0.280784 -0.440663 -0.355464 -0.413999 -0.096706 -0.193669
0.040504 0.005979 -0.104647 0.184001 0.711745 0.329142 -0.101891 0.065788 0.599214 0.683554 -0.002972 0.425140 -0.030195 0.244335 0.734935 1.000000 0.012191 -0.134287 0.063725 0.020971 0.183788 0.165134 -0.039338 -0.015851 0.185721 0.062673 0.490517 0.199053 0.299162 0.002668 0.066937 0.080707 -0.091523 0.108191 0.117094 0.245965 -0.168854 -0.040093 0.026385 -0.022654 0.170000 -0.060955 -0.153237 -0.171356 -0.097967 -0.004224 -0.316836 -0.158018 0.027559 0.035214 0.071686 0.056621 -0.027114 -0.052980 0.145975 -0.327019 0.017879 -0.047473 0.003766 0.208524 -0.044392 0.207495 -0.165665 -0.284698 0.194881 0.414179 -0.010530 0.026091 0.064358 0.015784 0.061887 0.262063 -0.249092 -0.064978 -0.171085 -0.174209 0.059114 0.238777 -0.139533 0.048554 -0.171763 -0.176089 0.410955 0.405356 0.082203 0.101522 0.353010 0.193006 0.461319 0.292531 -0.319389 -0.292733 -0.037333 -0.270573 -0.208269 -0.368707 -0.491863 -0.440057 -0.452305 -0.537422 -0.315116 -0.310295 -0.210152 -0.392043 -0.187770 -0.229475 -0.012248 -0.028486 -0.294107 -0.456088 -0.323974 -0.555724 -0.464776 -0.433291 0.011415 -0.105166
-0.038000 -0.094818 -0.159717 -0.028721 -0.197354 -0.096365 -0.052958 -0.174999 -0.274680 -0.086717 0.051730 -0.109529 -0.172346 -0.102055 -0.091223 0.012191 1.000000 0.439889 0.130279 0.131243 0.020758 -0.068953 0.035932 -0.109801 0.211145 0.195369 -0.198174 -0.024436 0.185210 0.577443 0.457317 0.393509 -0.172701 -0.358606 -0.228493 -0.387482 0.288343 0.383275 -0.122273 0.230388 0.023610 0.351393 0.157757 0.366263 -0.001327 0.027850 0.061606 0.233170 -0.144804 -0.147766 0.106732 -0.079555 -0.287736 0.026902 -0.187713 0.244139 0.331960 0.105708 -0.430572 -0.319475 -0.329342 -0.254967 0.201577 0.147803 -0.016401 -0.193427 -0.399199 -0.231243 0.045144 -0.291592 0.470050 -0.165490 0.390171 0.520195 0.538322 0.370740 0.326476 -0.017994 0.542633 0.381481 0.289472 0.402822 -0.016205 0.025384 0.292643 0.347111 -0.009194 0.107000 -0.146536 -0.247629 -0.352811 -0.018571 -0.149160 -0.056176 -0.068460 0.293175 0.117797 0.362668 0.188327 0.342213 -0.148206 -0.046523 -0.336098 -0.013295 -0.250284 -0.178463 -0.159772 -0.426224 0.069640 0.382661 0.320439 0.214128 0.326435 0.097237 -0.269719 -0.246377
-0.048937 -0.107267 -0.431321 -0.259162 -0.193419 -0.354572 -0.019496 -0.136857 -0.113205 -0.252741 0.281785 0.201359 -0.016870 0.243131 -0.006095 -0.134287 0.439889 1.000000 -0.170442 -0.112800 -0.285585 -0.318546 -0.219027 -0.405175 -0.121543 -0.136976 -0.530983 -0.284643 0.248160 0.784527 0.148772 0.167479 -0.184702 -0.397516 -0.502472 -0.121501 0.424186 0.480688 0.081896 0.371089 0.295070 0.345863 -0.039896 0.303095 -0.144488 -0.157491 0.155612 0.423859 -0.052856 0.000624 -0.154481 -0.031006 -0.163384 0.089377 -0.190321 0.425394 0.152549 0.125318 -0.317820 -0.241838 -0.138401 -0.075060 0.491911 0.456908 -0.258303 -0.342393 -0.504691 -0.302073 -0.162746 -0.397082 0.079407 0.082327 0.491106 0.548832 0.582910 0.240490 0.472316 0.365007 0.329641 0.692558 0.491038 0.609451 0.259397 0.253965 0.197617 0.259300 -0.218452 -0.085309 -0.440101 -0.256549 -0.294402 0.003853 -0.259667 -0.121211 -0.086848 0.078368 0.230917 0.197966 0.189040 0.195906 0.052123 0.003993 -0.288037 0.281906 0.122613 -0.013870 -0.074031 -0.256407 0.053056 0.159466 0.397471 0.136901 0.189452 -0.026398 -0.393567 -0.414088
0.425965 0.147065 0.348601 0.041385 0.063427 -0.183813 0.288808 -0.210164 0.071726 -0.131681 0.274043 -0.125939 0.126427 -0.189224 0.080468 0.063725 0.130279 -0.170442 1.000000 0.553251 0.136364 0.054360 0.282705 0.271072 0.230612 0.117928 0.140009 0.217703 0.004667 -0.226491 0.265645 0.092137 0.249522 0.019822 -0.078757 -0.273576 -0.043776 -0.234954 -0.212032 -0.257729 -0.217266 -0.111479 -0.245936 -0.242724 -0.158060 -0.204311 -0.248150 -0.325532 -0.154584 -0.523375 0.204897 -0.261719 -0.212835 -0.185746 -0.056347 -0.345204 0.000092 -0.219596 0.046528 -0.255332 0.098864 -0.253551 -0.486201 -0.315081 0.301423 -0.162287 -0.150385 -0.265263 0.382724 0.065947 0.031876 -0.150821 0.004570 -0.106500 -0.044372 0.308055 0.018083 -0.340856 0.153812 -0.252415 -0.162438 0.051889 -0.072063 -0.135168 0.203144 0.026924 0.068359 0.173845 0.219170 -0.078893 0.005150 0.209938 -0.047715 0.346923 0.206432 0.055583 0.015619 0.135042 0.127596 0.096896 -0.141978 0.175726 0.073483 0.040654 -0.157602 -0.215418 -0.044638 -0.172166 0.182104 -0.002230 -0.211280 0.073577 -0.040268 0.058071 0.125516 0.209486
0.555490 0.484417 0.132463 -0.190878 0.165072 -0.087544 0.444938 -0.146313 0.025988 0.045138 0.392672 -0.032168 0.319949 0.001911 0.034820 0.020971 0.131243 -0.112800 0.553251 1.000000 0.167345 -0.033785 -0.112379 -0.089193 -0.056934 -0.319579 0.117492 -0.112989 0.227085 -0.117640 -0.056413 -0.222426 0.340067 0.124679 -0.226368 -0.602641 0.251451 -0.364513 -0.224773 -0.346258 -0.017976 0.118540 -0.262682 -0.226025 -0.394390 -0.464385 -0.335560 -0.424427 -0.100607 -0.502158 -0.226641 -0.143995 0.027396 -0.048863 0.030528 -0.202411 0.046705 -0.065096 0.160067 -0.002094 0.280357 0.002400 -0.163107 0.067350 -0.160104 -0.382732 -0.014489 -0.446485 0.582375 0.367879 -0.014599 -0.468944 0.283552 -0.027696 0.165743 0.312788 -0.086895 -0.525227 0.225040 -0.392492 0.211465 0.327169 0.176782 -0.148621 0.121303 -0.084340 0.196697 -0.054175 0.057621 -0.137683 0.044355 0.176267 -0.007674 0.216483 0.365464 0.410530 -0.021847 0.354624 0.164618 0.303162 -0.061405 0.288092 0.304699 0.002215 -0.444978 -0.380305 -0.142677 -0.386614 0.425094 0.239040 -0.232798 0.325354 0.347404 0.336032 0.158829 0.305099
0.115204 0.029724 0.256536 0.178543 0.080472 0.442160 0.055665 -0.217515 0.025970 0.084856 -0.010211 -0.116077 0.050837 -0.403207 0.210679 0.183788 0.020758 -0.285585 0.136364 0.167345 1.000000 0.600413 0.276206 0.395333 0.181661 0.202185 0.471270 0.458694 -0.044184 -0.157691 0.134199 0.111650 -0.158419 0.054428 0.013449 0.006766 -0.287975 0.186482 -0.012023 0.045575 -0.165026 0.300031 -0.117918 -0.126325 -0.125896 -0.008191 -0.399064 -0.291469 0.018605 -0.016353 0.323261 -0.016106 0.065893 -0.111179 0.060486 -0.439615 -0.107750 -0.176554 0.261158 0.128705 0.089696 -0.069294 -0.051060 -0.130428 0.226381 0.171713 0.168491 0.070952 0.158763 0.278395 0.163633 0.022924 -0.183929 -0.191903 0.046633 0.017809 0.072328 -0.034428 -0.186191 -0.117801 -0.308193 -0.261576 -0.065035 -0.013882 -0.011928 -0.111775 0.186447 0.017303 0.398064 0.100878 -0.108609 -0.141828 -0.059589 -0.152631 -0.040427 -0.205810 -0.001096 -0.139940 -0.061804 -0.219953 -0.470874 -0.109157 -0.121657 -0.174388 -0.190246 -0.164471 0.070241 -0.023658 -0.148719 0.023499 -0.175794 -0.297019 -0.244935 -0.273647 -0.039793 -0.075789
-0.028148 -0.118839 0.273384 0.358406 0.000305 0.589945 -0.213966 -0.099291 -0.113092 0.033068 -0.239936 -0.112416 -0.088739 -0.410553 -0.025914 0.165134 -0.068953 -0.318546 0.054360 -0.033785 0.600413 1.000000 0.277242 0.445952 0.280728 0.394548 0.539747 0.527315 -0.038277 -0.177769 0.239697 0.332971 -0.073029 0.337104 0.392160 0.171253 -0.455285 -0.013936 -0.113027 0.003158 -0.224195 -0.018465 0.277126 0.126748 0.311741 0.358106 -0.238502 -0.222840 -0.101145 0.080385 0.328411 -0.132177 -0.019879 -0.095072 -0.143373 -0.331418 0.002247 -0.254117 -0.009120 -0.064375 -0.091450 -0.175813 -0.103585 -0.286007 0.257006 0.277718 0.226305 0.306868 0.010389 -0.016896 0.137355 -0.016631 -0.206680 -0.396581 -0.136927 -0.041121 -0.118426 -0.092553 0.004710 -0.115290 -0.132511 -0.142813 -0.254244 0.063163 -0.041009 0.033865 0.027541 0.095919 0.221902 0.013329 -0.332825 -0.390137 -0.190456 -0.369563 0.015519 -0.198242 -0.104150 -0.169934 -0.366821 -0.324042 -0.401210 -0.367904 -0.187347 -0.421248 -0.196626 0.087644 -0.111773 0.155866 -0.302500 -0.120830 -0.281119 -0.470709 -0.406419 -0.285259 0.217607 0.108721
-0.158342 -0.381756 0.610321 0.508596 -0.274681 0.348467 -0.041238 -0.219379 -0.290030 -0.224032 0.014482 -0.278425 -0.031043 -0.434268 -0.122383 -0.039338 0.035932 -0.219027 0.282705 -0.112379 0.276206 0.277242 1.000000 0.822575 0.718053 0.772173 0.171748 0.683592 -0.432459 -0.303664 0.495988 0.499154 -0.159864 0.041881 0.250313 0.163097 -0.433456 0.058517 -0.212157 -0.016658 -0.294087 0.176115 0.331217 0.402073 0.163526 0.445736 -0.179083 0.231385 -0.469622 -0.031648 0.413651 -0.160005 -0.617037 0.280317 -0.433122 0.036626 -0.198767 -0.360466 -0.412723 -0.452395 -0.467717 -0.528981 -0.377592 -0.541763 0.696304 0.250833 -0.224164 0.211479 -0.306425 -0.263607 -0.244263 -0.218530 -0.518501 -0.058455 -0.140590 -0.059700 -0.180237 -0.128850 -0.067643 -0.013000 -0.351904 -0.185164 -0.198028 -0.157652 0.424071 0.228814 0.110810 0.476460 0.116709 0.121706 -0.113195 0.335190 0.205147 0.314582 -0.171409 -0.148283 -0.129380 -0.111837 -0.304155 0.074188 -0.280555 -0.058849 -0.224416 -0.212742 -0.111768 -0.083288 -0.037930 -0.043730 -0.336391 -0.052006 0.019071 -0.155051 -0.101920 -0.001554 0.162323 0.005288
-0.293912 -0.476577 0.612833 0.622155 -0.295399 0.449830 0.013234 -0.096258 -0.256260 -0.171718 -0.094876 -0.129193 -0.118560 -0.547032 -0.135502 -0.015851 -0.109801 -0.405175 0.271072 -0.089193 0.395333 0.445952 0.822575 1.000000 0.620291 0.736711 0.247045 0.641931 -0.429795 -0.370450 0.535512 0.595655 -0.116968 0.194054 0.377120 0.271609 -0.500687 0.044791 -0.147669 0.025073 -0.413231 0.105374 0.352772 0.264575 0.264409 0.472199 -0.115977 0.082535 -0.478826 -0.097818 0.420232 -0.375085 -0.537130 0.064813 -0.335317 -0.208130 -0.417648 -0.634814 -0.293925 -0.471574 -0.372360 -0.555832 -0.487007 -0.693261 0.758804 0.348719 0.006385 0.364570 -0.230940 -0.162826 -0.106335 -0.047959 -0.577773 -0.225377 -0.282142 -0.032854 -0.149060 -0.039305 -0.209358 -0.114076 -0.432585 -0.370251 -0.324453 -0.099146 0.381438 0.260979 0.074751 0.397056 0.206011 0.047699 -0.046558 0.149232 0.221517 0.154393 -0.132586 -0.199714 -0.091454 -0.189046 -0.257211 -0.121090 -0.278284 -0.225349 -0.162279 -0.229637 -0.001237 0.019218 -0.027348 0.095545 -0.270973 -0.131069 -0.042583 -0.216740 -0.247541 -0.119554 0.157516 0.104278
-0.367892 -0.482098 0.380288 0.407970 0.038659 0.301462 -0.267115 -0.179869 -0.089289 -0.025019 -0.193731 -0.120886 -0.378342 -0.477670 0.094846 0.185721 0.211145 -0.121543 0.230612 -0.056934 0.181661 0.280728 0.718053 0.620291 1.000000 0.802638 0.288225 0.666360 -0.128507 -0.112810 0.642456 0.581147 -0.230764 -0.023721 0.134358 0.129900 -0.344445 0.188020 -0.219748 -0.014447 -0.194878 0.286698 0.333431 0.399499 0.180355 0.468640 -0.132271 0.330305 -0.661686 -0.011976 0.305674 -0.243617 -0.637422 0.305148 -0.336837 0.027268 -0.094453 -0.301881 -0.594601 -0.506057 -0.642250 -0.588619 -0.356407 -0.520198 0.569526 0.278102 -0.217403 0.283446 -0.293339 -0.163504 -0.066931 -0.158710 -0.361008 -0.013907 -0.118647 0.035284 -0.139493 0.053238 0.109371 0.144462 -0.132220 0.000442 -0.002079 -0.016642 0.494847 0.364923 0.328040 0.549466 0.229157 0.105564 -0.117517 0.184388 0.217519 0.151184 -0.145448 -0.080848 -0.270073 -0.030446 -0.361565 0.015944 -0.264722 -0.101343 -0.118464 -0.255616 -0.139785 -0.093700 0.135187 0.031494 -0.310744 -0.155107 0.125647 -0.207574 -0.075250 -0.036212 0.063806 0.041296
-0.466729 -0.594450 0.386551 0.512059 -0.259967 0.405840 -0.370368 -0.169477 -0.343809 -0.157793 -0.343963 -0.206047 -0.410723 -0.509896 -0.174272 0.062673 0.195369 -0.136976 0.117928 -0.319579 0.202185 0.394548 0.772173 0.736711 0.802638 1.000000 0.172068 0.692629 -0.380531 -0.042974 0.623966 0.734015 -0.341992 0.022981 0.281402 0.331215 -0.507054 0.329996 -0.326044 0.115457 -0.366714 0.257163 0.542489 0.536092 0.468334 0.701034 0.046209 0.442203 -0.475061 0.173049 0.434120 -0.159268 -0.616748 0.202315 -0.493394 0.013387 -0.174711 -0.381351 -0.563832 -0.545127 -0.633755 -0.640594 -0.274188 -0.513188 0.611336 0.377423 -0.202067 0.483499 -0.388923 -0.251785 0.005893 0.033588 -0.524497 -0.009827 -0.155249 -0.150051 -0.186002 0.133787 0.003641 0.175899 -0.212273 -0.146330 -0.334876 -0.059852 0.332743 0.344243 0.005350 0.402073 0.079594 -0.021352 -0.170004 0.099613 0.209485 0.084906 -0.222837 -0.210475 -0.109867 -0.117992 -0.250860 -0.038657 -0.154536 -0.181175 -0.228544 -0.182925 0.038665 0.074485 0.024030 0.003081 -0.404590 -0.149423 0.211539 -0.266187 -0.208416 -0.102595 0.022877 -0.058921
0.072682 0.068109 0.076587 0.121841 0.498792 0.566584 -0.302604 -0.281227 0.345149 0.269946 -0.338456 -0.192983 -0.165361 -0.344688 0.421325 0.490517 -0.198174 -0.530983 0.140009 0.117492 0.471270 0.539747 0.171748 0.247045 0.288225 0.172068 1.000000 0.587115 0.063725 -0.439201 -0.059545 -0.045131 -0.010333 0.238777 0.300760 0.113662 -0.348181 -0.209494 0.079026 -0.268412 0.075647 -0.192391 -0.058581 -0.194715 0.013929 0.096323 -0.489080 -0.342730 0.069171 0.091290 0.275602 0.136158 0.151877 -0.003022 0.056586 -0.343798 0.222415 0.055935 0.208097 0.243113 0.030080 -0.017768 -0.025203 -0.202033 0.085179 0.166102 0.372107 0.244386 0.090339 0.368541 0.003890 -0.019917 -0.237617 -0.530828 -0.293719 -0.137574 -0.303321 -0.101700 -0.169468 -0.257632 -0.193417 -0.241457 0.041169 0.069374 -0.118149 -0.137840 0.351891 0.210072 0.501672 0.537563 -0.107142 -0.153136 -0.100250 -0.133145 0.043994 -0.275133 -0.345247 -0.353493 -0.491981 -0.341758 -0.425130 -0.103962 0.023989 -0.366386 -0.237361 0.022576 0.072369 0.298160 -0.349101 -0.362839 -0.437344 -0.572457 -0.451310 -0.181925 0.350505 0.309411
-0.156986 -0.211797 0.240115 0.435146 0.058449 0.600482 -0.320770 -0.286671 -0.003023 -0.094656 -0.256604 -0.218022 -0.277096 -0.499482 0.153545 0.199053 -0.024436 -0.284643 0.217703 -0.112989 0.458694 0.527315 0.683592 0.641931 0.666360 0.692629 0.587115 1.000000 -0.256247 -0.256906 0.364955 0.432160 -0.229355 0.028368 0.132106 0.165010 -0.535965 0.196437 -0.076423 0.047344 -0.131855 0.172728 0.256093 0.228252 0.171255 0.365144 -0.310343 0.139958 -0.313462 0.015778 0.499628 -0.057240 -0.381638 0.029411 -0.205349 -0.067210 0.027293 -0.136050 -0.226775 -0.323574 -0.359482 -0.510735 -0.185484 -0.434799 0.466766 0.257803 -0.089339 0.227371 -0.107898 -0.034666 -0.003829 0.001167 -0.412137 -0.215723 -0.131593 -0.100664 -0.121244 -0.018808 -0.114800 0.021350 -0.261773 -0.181953 -0.049753 0.004990 0.282950 0.218878 0.209248 0.400842 0.327847 0.299636 -0.193013 -0.039829 -0.015172 -0.057493 -0.218527 -0.421079 -0.063016 -0.253182 -0.397203 -0.181828 -0.445179 -0.079509 -0.276242 -0.113765 0.025144 0.121921 0.129351 0.169989 -0.604090 -0.289419 -0.047343 -0.439507 -0.452678 -0.244809 0.162072 -0.031543
0.209308 0.161445 -0.311504 -0.361154 0.549468 -0.213473 0.123321 -0.107445 0.441031 0.214569 0.196149 0.169363 0.024680 0.098902 0.515561 0.299162 0.185210 0.248160 0.004667 0.227085 -0.044184 -0.038277 -0.432459 -0.429795 -0.128507 -0.380531 0.063725 -0.256247 1.000000 0.339768 -0.058480 -0.025426 0.180523 0.166370 0.009966 -0.207564 0.427714 0.040777 0.165467 -0.196800 0.522493 -0.035593 -0.316970 -0.255215 -0.419934 -0.515876 -0.204802 -0.330988 0.027432 -0.238358 -0.446064 -0.159599 0.183771 -0.018759 0.315054 -0.018648 0.086836 0.089684 0.110615 0.185455 0.213731 0.168018 0.205788 0.126508 -0.277194 -0.345894 -0.058724 -0.409352 0.189584 0.030381 0.159081 0.062977 0.513394 0.074468 0.127473 0.124288 0.265962 0.070821 0.393664 0.251264 0.527000 0.469385 0.399977 0.442525 0.026570 0.022416 0.243040 -0.037926 0.127198 0.017236 -0.373402 -0.345912 -0.515814 -0.323901 0.346251 0.163781 -0.063033 0.187076 -0.041493 -0.097615 -0.251915 -0.274977 -0.057173 -0.263528 -0.214113 -0.218769 -0.021086 -0.047009 0.246700 -0.099957 -0.266035 -0.150085 0.041566 0.042081 0.151748 0.197435
-0.230406 -0.242615 -0.446771 -0.144545 -0.157712 -0.195309 -0.151055 -0.022196 -0.175462 -0.057244 -0.014674 0.244393 -0.240248 0.196947 -0.042311 0.002668 0.577443 0.784527 -0.226491 -0.117640 -0.157691 -0.177769 -0.303664 -0.370450 -0.112810 -0.042974 -0.439201 -0.256906 0.339768 1.000000 0.234697 0.351590 -0.098291 -0.203454 -0.396430 -0.052186 0.320564 0.590848 -0.040473 0.415695 0.223569 0.455428 0.126919 0.337043 -0.035523 -0.046249 0.200994 0.392930 -0.081425 0.055428 -0.111772 -0.096542 -0.161416 -0.024199 -0.185569 0.305587 0.203514 0.066522 -0.341274 -0.232848 -0.172869 -0.100688 0.522380 0.339902 -0.243333 -0.173386 -0.380295 -0.166931 -0.038773 -0.329384 0.277791 0.248199 0.419917 0.621009 0.517019 0.181535 0.436382 0.452567 0.331203 0.792818 0.456486 0.475189 0.109434 0.402446 0.051116 0.289531 -0.250226 -0.125909 -0.389158 -0.306140 -0.430715 -0.245032 -0.230143 -0.316026 -0.149340 0.052272 0.200706 0.186687 0.204265 0.092920 0.034399 -0.182454 -0.360197 0.066748 0.070450 0.031689 -0.074997 -0.312454 0.062949 0.173735 0.332005 0.078430 0.146697 -0.088486 -0.394313 -0.426322
-0.340756 -0.457737 0.291144 0.276317 -0.146923 0.004063 -0.052705 -0.123761 -0.151245 -0.244401 -0.022685 0.043143 -0.285209 -0.326130 -0.050020 0.066937 0.457317 0.148772 0.265645 -0.056413 0.134199 0.239697 0.495988 0.535512 0.642456 0.623966 -0.059545 0.364955 -0.058480 0.234697 1.000000 0.837725 -0.129874 -0.043352 0.035585 0.046449 -0.012200 0.377465 -0.062950 0.184364 -0.159812 0.293385 0.284571 0.347388 0.157007 0.337371 0.059989 0.245615 -0.660753 -0.317795 0.247099 -0.589097 -0.699983 -0.072128 -0.309988 0.019873 -0.202128 -0.407392 -0.571024 -0.614257 -0.525946 -0.601859 -0.292339 -0.450105 0.585980 0.086584 -0.389005 0.131122 -0.256060 -0.326556 0.276476 0.077911 -0.006577 0.241606 0.150089 0.345986 0.255242 0.151818 0.182966 0.322742 -0.087089 0.022412 -0.148644 0.042698 0.446619 0.392207 0.024190 0.230216 0.063937 -0.231249 -0.332662 -0.073088 -0.151828 -0.033570 -0.087936 -0.026979 0.036195 0.099842 -0.171919 -0.061674 -0.309744 -0.373612 -0.430065 -0.182447 -0.149436 0.062094 -0.137159 -0.109871 -0.095910 0.067287 0.259021 -0.091291 -0.102475 -0.133397 -0.051295 -0.110084
-0.423231 -0.570534 0.257105 0.377141 -0.227854 0.210595 -0.154847 -0.131195 -0.243854 -0.253242 -0.182267 0.057250 -0.325421 -0.362382 -0.072278 0.080707 0.393509 0.167479 0.092137 -0.222426 0.111650 0.332971 0.499154 0.595655 0.581147 0.734015 -0.045131 0.432160 -0.025426 0.351590 0.837725 1.000000 -0.152703 0.112311 0.155260 0.184518 -0.218598 0.428094 -0.187951 0.238890 -0.197105 0.292876 0.445734 0.457481 0.254602 0.415607 0.072898 0.312101 -0.500902 -0.107449 0.331532 -0.461383 -0.619133 -0.013136 -0.440594 0.045023 -0.179674 -0.492727 -0.543184 -0.602369 -0.464018 -0.613820 -0.125797 -0.446658 0.560317 0.165835 -0.343354 0.208426 -0.290286 -0.416555 0.190339 0.164908 -0.118247 0.231841 0.120113 0.147322 0.180420 0.240432 0.147124 0.452819 -0.062672 0.007843 -0.204857 0.260856 0.337960 0.455525 -0.045239 0.264342 0.021181 -0.190716 -0.536996 -0.209697 -0.186203 -0.180105 -0.206107 -0.139420 0.048436 0.035244 -0.185007 -0.085340 -0.280838 -0.505755 -0.485033 -0.297650 -0.052467 0.084803 -0.092290 -0.052881 -0.226136 -0.028504 0.208131 -0.167587 -0.140755 -0.158100 -0.082858 -0.172897
0.411506 0.360479 0.073105 -0.125568 0.108036 -0.245603 0.188517 0.155709 0.076543 -0.004840 0.054354 0.031010 0.058364 0.099197 -0.119042 -0.091523 -0.172701 -0.184702 0.249522 0.340067 -0.158419 -0.073029 -0.159864 -0.116968 -0.230764 -0.341992 -0.010333 -0.229355 0.180523 -0.098291 -0.129874 -0.152703 1.000000 0.667243 0.126365 -0.207065 0.140436 -0.417199 0.077521 -0.329685 -0.053702 -0.275799 -0.021779 -0.250781 -0.346629 -0.440340 0.091280 -0.440542 -0.006721 -0.496800 -0.294542 -0.299293 0.108155 -0.122409 0.102838 -0.136404 0.146108 -0.065698 0.221590 0.094085 0.368778 0.196802 -0.134978 -0.099919 -0.095219 -0.245176 0.150143 -0.356470 0.395739 0.054772 -0.346074 -0.026612 0.170025 -0.162405 -0.195795 0.174422 -0.087410 -0.339412 0.111208 -0.126682 0.105638 0.143246 -0.135668 -0.126304 -0.259632 -0.172746 -0.195093 -0.226523 0.024017 -0.117264 -0.134547 -0.243333 -0.199888 -0.021051 0.348088 0.166166 -0.083721 0.142039 -0.050501 -0.055483 -0.080925 -0.064663 0.070917 -0.141661 -0.138191 0.127966 -0.300759 -0.122266 0.254043 0.042141 -0.377847 0.158897 0.073401 0.144209 0.238053 0.295601
0.138824 0.156675 0.266377 0.072968 0.167870 0.166833 0.005558 0.112792 0.004508 0.030125 -0.165588 0.045480 0.068734 -0.118680 -0.081161 0.108191 -0.358606 -0.397516 0.019822 0.124679 0.054428 0.337104 0.041881 0.194054 -0.023721 0.022981 0.238777 0.028368 0.166370 -0.203454 -0.043352 0.112311 0.667243 1.000000 0.541631 0.273452 -0.258136 -0.313483 -0.075035 -0.378326 -0.116110 -0.264805 0.193386 -0.171294 -0.048983 -0.090876 -0.072148 -0.422400 -0.030897 -0.200445 -0.201936 -0.198958 0.067810 -0.039516 -0.055089 -0.306996 -0.085236 -0.253674 0.174576 0.119511 0.200884 0.124198 -0.186330 -0.306607 0.106848 0.076205 0.307331 0.029034 0.153481 0.039575 -0.372410 0.101818 -0.171179 -0.321814 -0.382004 -0.145295 -0.249152 -0.102750 -0.099183 -0.180898 0.029604 -0.069273 -0.277420 -0.050480 -0.319920 -0.266745 -0.233091 -0.257410 0.061465 -0.119147 -0.350214 -0.405289 -0.256961 -0.236310 0.203410 -0.117911 -0.230130 -0.222294 -0.292862 -0.366561 -0.178308 -0.397362 0.046177 -0.402297 -0.061406 0.176059 -0.244470 0.111945 -0.024021 -0.203693 -0.552214 -0.286223 -0.252749 -0.081775 0.428761 0.427340
-0.195852 -0.199725 0.324072 0.347551 0.031640 0.268344 -0.197118 0.108572 -0.022566 0.129613 -0.267448 -0.214080 -0.015657 -0.251756 -0.109971 0.117094 -0.228493 -0.502472 -0.078757 -0.226368 0.013449 0.392160 0.250313 0.377120 0.134358 0.281402 0.300760 0.132106 0.009966 -0.396430 0.035585 0.155260 0.126365 0.541631 1.000000 0.347446 -0.299176 -0.190899 -0.021519 -0.210744 -0.068714 -0.448492 0.325400 0.082003 0.286683 0.307800 -0.053798 -0.201551 -0.020404 0.018862 -0.005107 -0.072372 -0.005335 0.013910 -0.096218 -0.230937 -0.274904 -0.306443 -0.019219 0.055127 -0.105273 -0.040501 -0.330135 -0.484020 0.306058 0.302751 0.438884 0.375379 -0.191361 -0.088066 0.002555 -0.037649 -0.355096 -0.493455 -0.453529 -0.366279 -0.124400 -0.083893 0.048443 -0.320047 -0.149222 -0.215126 -0.419492 -0.265669 -0.103126 -0.033773 -0.115206 0.094440 0.079340 -0.012506 -0.163307 -0.208747 -0.108169 -0.130350 0.186795 -0.027444 -0.157231 -0.125668 -0.410961 -0.238155 -0.206930 -0.376673 -0.055565 -0.433964 -0.100879 0.137212 -0.202844 0.223155 -0.078684 -0.133772 -0.295768 -0.319949 -0.213313 -0.004643 0.499806 0.451685
-0.369735 -0.348681 0.095165 0.308367 0.078974 0.198953 -0.282340 0.162375 0.110143 0.031837 -0.289267 0.199181 -0.125300 -0.042726 0.177849 0.245965 -0.387482 -0.121501 -0.273576 -0.602641 0.006766 0.171253 0.163097 0.271609 0.129900 0.331215 0.113662 0.165010 -0.207564 -0.052186 0.046449 0.184518 -0.207065 0.273452 0.347446 1.000000 -0.561517 0.231362 0.084729 0.110797 -0.104692 -0.160365 0.247673 -0.002611 0.358943 0.388911 0.199169 0.279938 -0.008306 0.313611 0.133362 -0.004304 -0.077396 -0.019390 -0.012903 -0.249558 -0.188715 -0.154970 -0.068734 -0.016430 -0.198667 0.012406 -0.084019 -0.338491 0.284484 0.500137 0.174507 0.509589 -0.346592 -0.185029 -0.148850 0.622973 -0.558993 -0.134583 -0.369488 -0.375395 0.004094 0.698767 -0.558018 0.236005 -0.371178 -0.507688 -0.085182 0.066919 -0.157451 -0.244565 -0.202321 -0.067620 0.045488 0.081997 -0.028613 -0.223422 0.081829 -0.238540 -0.470800 -0.740487 -0.266386 -0.786442 -0.242533 -0.680838 -0.042666 -0.371625 -0.137531 -0.170863 0.425423 0.215386 0.270983 0.407776 -0.519440 -0.604482 -0.069687 -0.587995 -0.597807 -0.606348 -0.144672 -0.228331
