1.000000 0.692049 -0.213358 -0.491009 0.058115 -0.144692 0.110482 -0.381512 0.061845 0.115832 0.682815 0.118479 0.362682 0.315145 -0.020584 0.176075 0.303765 0.448756 -0.190252 -0.008693 -0.179455 -0.092214 -0.443490 -0.520151 -0.243372 -0.549832 -0.181901 -0.327702 0.120668 0.084166 -0.511377 -0.572981 0.254852 0.034074 -0.229282 -0.108797 0.277590 0.212991 -0.124616 -0.160625 0.033120 -0.034830 -0.251242 -0.111849 -0.117722 -0.287514 -0.370997 -0.391701 0.498752 -0.182169 0.311233 0.264288 0.327089 -0.037655 -0.096823 -0.100567 0.513034 0.270879 0.594572 0.193305 0.679775 0.584155 0.493622 0.457097 -0.310395 -0.120195 0.040999 -0.291805 0.139206 -0.021203 -0.188387 -0.193167 0.337824 -0.314940 -0.038293 0.099779 0.066082 -0.186581 0.154049 0.059673 0.294683 0.383474 -0.314140 -0.202677 0.152377 -0.018186 -0.388397 -0.148108 -0.220936 -0.204050 -0.274997 -0.105135 -0.252530 -0.192837 -0.353536 -0.023334 -0.023128 0.070829 -0.221112 0.226262 -0.138333 -0.136565 -0.047235 -0.003258 -0.099824 -0.239430 -0.238196 0.123611 0.040681 0.017871 -0.258500 0.031020 0.021883 0.046494 -0.255797 -0.054552
0.692049 1.000000 -0.395966 -0.560008 -0.089262 -0.340387 0.115630 -0.336724 0.104398 0.159529 0.590962 0.047495 0.434506 0.553510 0.063758 0.360979 0.307024 0.670097 -0.348434 0.040687 -0.195114 -0.280182 -0.524355 -0.581227 -0.404489 -0.673461 -0.274483 -0.418944 0.132765 0.140825 -0.560427 -0.642973 0.318815 0.086531 -0.140794 -0.104320 0.418866 0.105999 -0.190806 -0.232143 0.040248 -0.151407 -0.142152 -0.020880 -0.232439 -0.384537 -0.243774 -0.291652 0.403593 -0.034410 0.163716 0.351149 0.417449 0.129446 -0.044303 -0.045789 0.365855 0.417934 0.520290 0.387817 0.529210 0.688044 0.518039 0.554286 -0.552965 -0.346299 0.091180 -0.441270 0.329443 0.172436 -0.246446 -0.115268 0.301242 -0.235476 0.039834 -0.044194 0.203931 -0.199116 0.266966 0.329416 0.360969 0.491973 -0.324831 -0.270587 -0.013826 -0.111286 -0.484501 -0.285336 -0.335251 -0.294321 -0.258893 -0.261966 -0.258920 -0.251149 -0.361893 -0.221924 -0.068820 -0.055585 -0.115708 0.192302 0.044297 0.059185 0.072071 -0.083306 -0.028711 -0.285085 -0.053514 0.356453 -0.131792 -0.131902 -0.265792 -0.047763 0.002816 0.008124 -0.196893 -0.083222
-0.213358 -0.395966 1.000000 0.615098 0.319786 0.451655 0.390824 0.666849 0.214569 0.206276 -0.299635 0.153873 0.066090 -0.204454 0.140413 -0.335153 -0.195309 -0.383723 0.349929 -0.087718 0.239216 0.377550 0.664679 0.363479 0.489697 0.488384 0.409234 0.436411 -0.173214 -0.054361 0.429247 0.386063 0.049586 0.015381 0.293327 0.278367 -0.425235 -0.177965 0.137028 0.028180 -0.202228 0.020871 0.040048 0.141116 -0.046097 0.145768 0.056034 0.313760 0.035776 -0.055061 0.094720 -0.060652 -0.262714 0.061794 0.197146 0.076851 -0.292799 -0.522062 -0.349741 -0.453633 -0.137587 -0.236976 -0.404539 -0.360959 0.610053 0.253867 -0.188964 0.046571 -0.560333 -0.384792 -0.012497 0.156600 -0.116893 -0.068334 -0.204810 0.190178 -0.057840 0.293327 -0.219622 -0.486879 -0.438271 -0.403922 0.337756 0.197272 -0.160517 -0.157836 0.419542 0.534578 0.439369 0.294377 -0.309602 0.057472 0.159390 0.220753 -0.009647 -0.111841 0.029960 -0.222328 -0.188003 -0.308547 -0.281286 -0.017574 -0.301100 -0.156608 -0.331149 -0.290838 -0.255300 -0.313139 -0.196131 -0.119451 0.073058 -0.058652 0.003259 0.015645 -0.055951 -0.072319
-0.491009 -0.560008 0.615098 1.000000 0.222926 0.552828 -0.065871 0.506639 0.119910 0.263437 -0.410513 0.143724 -0.355484 -0.408440 0.198943 -0.148976 -0.298815 -0.608085 0.433835 0.034129 0.293940 0.386074 0.733878 0.759833 0.406931 0.660177 0.510746 0.581630 -0.381008 -0.377159 0.456213 0.534949 -0.181946 -0.033762 0.335673 0.321375 -0.423625 -0.203655 0.257272 0.225663 -0.017128 0.177183 -0.034872 0.053257 -0.027074 0.251884 0.072063 0.338678 -0.382178 -0.001901 -0.102556 -0.250237 -0.397144 -0.137731 0.267806 0.027959 -0.363029 -0.538797 -0.579538 -0.475581 -0.474816 -0.524932 -0.651760 -0.646188 0.537408 0.397514 -0.191919 0.266491 -0.367259 -0.199914 0.080699 0.184595 -0.473156 0.069854 -0.238089 0.206967 -0.256844 0.288149 -0.391518 -0.544455 -0.332562 -0.515776 0.496264 0.555080 0.056605 0.139848 0.536179 0.652584 0.563731 0.511487 0.000992 0.287861 0.424440 0.381257 0.149443 -0.125027 -0.094562 -0.318381 -0.302196 -0.374453 -0.173740 0.006230 -0.334763 -0.136359 -0.272285 -0.204357 -0.200018 -0.308326 -0.219095 -0.215276 0.104428 -0.200549 -0.086831 -0.031549 -0.081009 -0.179426
0.058115 -0.089262 0.319786 0.222926 1.000000 0.139711 0.297824 0.237465 0.221224 0.327624 0.014548 -0.053358 0.156632 -0.043864 0.356315 0.080920 0.152503 0.034330 0.267338 0.254605 0.483878 0.371903 0.226129 0.265249 0.370589 0.053398 0.161666 -0.091719 0.123424 0.121075 0.213331 0.289570 -0.062942 0.107231 -0.023751 -0.122121 -0.022777 0.033425 -0.026525 0.058130 -0.048989 0.102793 -0.364743 -0.212670 -0.193571 -0.270635 -0.239781 -0.248765 0.003737 -0.059222 -0.270309 -0.259265 -0.094957 0.034937 0.062640 -0.221938 0.010706 -0.051134 -0.038296 -0.188231 0.154738 0.086692 0.053152 0.096372 0.187243 0.097295 -0.173461 -0.269394 -0.042615 -0.040975 0.062377 0.054947 0.032908 -0.057944 -0.137334 0.133583 -0.073171 -0.148553 -0.086943 -0.070530 -0.034524 -0.068723 0.120568 0.195854 -0.295147 -0.329717 -0.111661 0.070322 0.087111 -0.012272 -0.162222 -0.009083 0.031564 0.132667 -0.062598 -0.107449 -0.180018 -0.187306 -0.211400 -0.199978 0.043534 0.156578 0.087769 0.115449 -0.017401 -0.266775 -0.148308 -0.090324 -0.011229 -0.171212 -0.268885 0.062114 0.163384 -0.157329 -0.066840 -0.128984
-0.144692 -0.340387 0.451655 0.552828 0.139711 1.000000 -0.330191 0.119639 -0.100621 0.071167 -0.263491 0.122251 -0.295773 -0.324538 -0.308661 -0.314142 -0.323378 -0.494120 -0.049297 -0.319505 -0.052344 0.352192 0.426809 0.355800 0.575156 0.710056 0.733399 0.776616 -0.650138 -0.458760 -0.043180 0.112905 -0.199235 -0.213888 0.125583 0.111034 -0.317176 -0.141165 0.515704 0.530931 -0.138661 0.007495 0.153379 0.208424 0.089743 0.586896 -0.081235 0.088155 -0.109971 -0.014273 0.411508 0.131185 -0.306487 -0.272413 0.259660 0.179157 -0.175190 -0.351584 -0.273093 -0.242313 -0.299984 -0.499247 -0.438020 -0.628649 0.396695 0.331917 -0.011678 0.406772 -0.149947 -0.199438 0.054670 -0.061610 -0.414791 -0.096647 -0.208977 -0.114325 -0.265214 -0.027346 -0.237407 -0.380022 -0.404191 -0.515299 0.083064 0.027434 0.118627 0.238544 0.431191 0.398357 0.442867 0.524307 -0.055363 0.310252 0.284874 0.306067 0.403358 -0.010436 0.245415 -0.098515 -0.271371 -0.168247 -0.371688 -0.230188 -0.359489 0.094373 0.056901 0.188384 -0.182509 -0.205590 -0.018667 0.047375 0.130011 -0.086802 -0.042262 0.122732 0.129100 -0.033135
0.110482 0.115630 0.390824 -0.065871 0.297824 -0.330191 1.000000 0.462681 0.572693 0.307766 0.228727 0.111171 0.708776 0.407730 0.490201 0.173628 0.269756 0.237643 0.302832 0.212066 0.119685 0.055301 0.122521 -0.046218 -0.077520 -0.302139 -0.315330 -0.418732 0.549265 0.475143 0.389381 0.261743 0.327559 0.280898 0.148239 0.041854 -0.071901 -0.269290 -0.455722 -0.508738 -0.139975 -0.132841 -0.225920 -0.236215 -0.275413 -0.539447 0.046809 -0.098661 0.164108 -0.248427 -0.263811 -0.314130 0.031359 0.178517 -0.045619 -0.267509 -0.112369 -0.190332 -0.011224 -0.254517 0.309088 0.371570 0.166889 0.431790 0.235774 0.008215 -0.283580 -0.570633 -0.458646 -0.251901 -0.129874 0.180656 0.454938 0.006124 0.149125 0.301962 0.265190 0.009686 0.055530 -0.037826 0.134709 0.328359 0.118610 0.129437 -0.166464 -0.292975 -0.193698 -0.000531 -0.063294 -0.315373 -0.326717 -0.297460 -0.214625 -0.075880 -0.402855 -0.128606 -0.362387 -0.298744 -0.025417 -0.107807 0.096511 0.239772 -0.052903 -0.458674 -0.465271 -0.542993 -0.300239 0.096737 -0.188562 -0.104316 -0.158158 0.127013 -0.054019 -0.170963 -0.221754 -0.156214
-0.381512 -0.336724 0.666849 0.506639 0.237465 0.119639 0.462681 1.000000 0.251493 0.398731 -0.393714 0.020416 0.049640 0.022016 0.140447 -0.194351 -0.134338 -0.293310 0.260808 0.065029 0.330273 0.353811 0.420953 0.278293 0.189982 0.298785 0.125044 0.131511 -0.055145 0.052416 0.463564 0.434188 0.115306 0.119105 0.278101 0.275995 -0.263778 -0.211556 -0.149589 -0.059225 -0.078616 0.017436 -0.053517 -0.087774 -0.001179 0.014243 0.049568 0.266557 0.020722 0.038866 -0.209303 -0.170319 -0.176673 0.050418 0.105031 -0.115024 -0.332163 -0.480270 -0.233552 -0.293235 -0.125574 -0.071325 -0.279082 -0.157126 0.402079 0.372404 -0.036210 -0.011052 -0.502826 -0.220194 0.017265 0.194993 -0.059267 0.092236 -0.014808 0.124989 0.087337 0.269285 -0.138176 -0.367032 -0.318176 -0.270099 0.296482 0.226444 -0.237800 -0.272703 0.222320 0.437317 0.210916 0.111055 -0.125107 -0.073905 0.257533 0.231649 -0.125748 -0.151628 -0.042915 -0.314977 -0.123020 -0.373638 -0.038324 0.218362 -0.118886 -0.167468 -0.370510 -0.388264 -0.212080 -0.161002 -0.305494 -0.185479 -0.043219 -0.150656 0.014404 -0.099472 -0.166526 -0.120647
0.061845 0.104398 0.214569 0.119910 0.221224 -0.100621 0.572693 0.251493 1.000000 0.442566 0.185075 -0.211045 0.429373 0.121729 0.461806 0.123404 0.328812 0.082415 0.280213 0.100206 0.181553 0.213806 0.256667 0.121460 -0.002900 -0.131457 -0.004104 -0.156379 0.256049 0.120382 0.302952 0.240869 0.119479 0.024617 0.084797 -0.000550 -0.088502 -0.322834 -0.268279 -0.325073 -0.041815 -0.006367 -0.337737 -0.336376 -0.466577 -0.518779 -0.220142 -0.267967 0.133760 -0.229946 -0.200482 -0.291340 0.124595 0.013469 0.160491 -0.250719 0.089075 -0.013874 0.087163 0.020015 0.322449 0.355217 0.163673 0.359220 0.303041 0.063079 -0.124350 -0.466629 -0.175693 -0.098069 -0.137365 -0.008178 0.247235 -0.044294 0.049144 0.298933 -0.109219 -0.144814 0.056873 -0.080081 0.093360 0.151099 0.176360 0.153821 -0.077014 -0.297361 -0.185280 0.075161 0.062820 -0.004344 -0.193134 -0.184394 0.064315 0.011375 -0.383109 -0.192263 -0.393202 -0.416675 -0.196660 -0.159118 0.111899 0.307357 -0.053546 -0.256677 -0.391185 -0.434438 -0.268365 0.136220 -0.310716 -0.178938 -0.288083 -0.004342 -0.121056 -0.090692 -0.059714 -0.146864
0.115832 0.159529 0.206276 0.263437 0.327624 0.071167 0.307766 0.398731 0.442566 1.000000 0.219595 0.189190 0.291331 0.311837 0.216959 0.360476 0.075170 0.141111 -0.143302 -0.045338 0.359291 0.181296 -0.018495 0.029272 -0.043646 -0.176995 -0.055420 -0.194667 0.013184 0.148406 -0.044644 0.028732 0.015813 -0.067504 0.066802 0.043463 -0.066472 0.003703 -0.217716 0.039838 0.072507 -0.021405 -0.248041 -0.204174 -0.000853 -0.137988 -0.245403 -0.081277 0.192442 -0.023679 -0.009888 -0.148767 -0.164403 -0.165518 0.102929 -0.373510 -0.071426 -0.296702 0.039928 -0.207989 0.181035 0.261282 -0.053154 0.135564 0.111680 0.441240 -0.218103 -0.240985 -0.254247 -0.291385 -0.078317 -0.153465 0.023759 -0.122782 -0.020747 0.213940 -0.074173 -0.038542 -0.019603 -0.227203 0.185826 0.090381 -0.093860 0.271872 0.090576 0.086275 -0.247610 0.146858 -0.181070 -0.099142 -0.164925 -0.098693 0.371369 0.204159 -0.255218 -0.023451 -0.227398 -0.274783 -0.344852 -0.142699 0.134844 0.176366 -0.008827 -0.137594 -0.273408 -0.424141 -0.049101 0.122460 -0.134625 -0.116013 -0.096029 0.007960 0.105117 0.180257 -0.188949 0.046294
0.682815 0.590962 -0.299635 -0.410513 0.014548 -0.263491 0.228727 -0.393714 0.185075 0.219595 1.000000 0.252584 0.685699 0.546941 0.186947 0.326345 0.490643 0.620916 -0.217896 -0.049781 -0.129306 -0.202432 -0.503430 -0.432833 -0.260196 -0.646767 -0.314305 -0.533385 0.327631 0.207655 -0.465083 -0.437727 -0.020667 -0.135902 -0.331978 -0.342306 0.151664 -0.053464 -0.339654 -0.373020 -0.187802 -0.178133 -0.075653 0.099661 -0.079533 -0.320519 -0.127331 -0.227889 0.293890 -0.098985 0.266413 0.202798 0.300187 -0.027505 -0.128140 -0.112156 0.318505 0.169501 0.285796 0.072611 0.503823 0.573748 0.459176 0.487524 -0.435888 -0.184580 -0.253870 -0.417426 0.099346 -0.136597 -0.201055 -0.400850 0.410009 -0.108037 0.096832 0.047744 0.192010 -0.357449 0.169757 0.174059 0.576910 0.496285 -0.255153 -0.180565 0.381215 0.149703 -0.450874 -0.226886 -0.379455 -0.315111 -0.260183 -0.160970 -0.205867 -0.221480 -0.409485 0.160006 -0.218097 0.137882 -0.146294 0.353714 0.223305 0.057046 0.101470 -0.190267 0.014834 -0.233087 -0.093555 0.298645 0.144123 0.256144 0.018103 0.323445 0.150596 0.195476 -0.066608 0.112648
0.118479 0.047495 0.153873 0.143724 -0.053358 0.122251 0.111171 0.020416 -0.211045 0.189190 0.252584 1.000000 0.224337 0.412354 -0.044008 0.237353 -0.376289 0.072289 -0.205200 -0.252400 -0.084354 -0.319187 -0.076082 -0.043061 -0.241212 -0.112857 -0.304031 -0.141646 0.104889 0.213519 -0.046666 -0.050479 0.110240 0.132627 0.383439 0.281779 -0.012042 0.223527 -0.209569 -0.115457 -0.183006 -0.081231 0.063381 0.143108 0.355615 0.281183 0.170546 0.349423 -0.051173 -0.028819 0.239803 -0.017992 -0.392262 -0.273171 -0.135698 -0.183347 -0.378724 -0.640019 -0.257776 -0.568297 -0.152807 -0.144285 -0.441016 -0.358947 0.048022 0.362105 -0.324979 0.226396 -0.458714 -0.348805 -0.054599 0.185336 0.093108 0.124097 0.069468 0.100881 0.393853 0.328761 -0.104044 -0.352150 -0.002521 -0.009102 0.003236 0.423792 0.397130 0.622914 0.082589 0.019734 -0.192155 -0.287403 -0.327761 -0.101264 0.022195 -0.043742 -0.178185 0.111441 -0.012400 -0.057449 -0.350286 -0.233003 -0.212446 -0.404731 -0.462117 -0.441948 -0.195246 -0.136122 0.097241 -0.019607 0.007300 0.164452 0.461075 0.184482 -0.117916 0.132905 -0.183472 -0.006275
0.362682 0.434506 0.066090 -0.355484 0.156632 -0.295773 0.708776 0.049640 0.429373 0.291331 0.685699 0.224337 1.000000 0.701467 0.345372 0.282884 0.396619 0.533243 -0.198073 -0.127296 -0.065196 -0.151266 -0.229414 -0.368075 -0.153925 -0.518467 -0.380225 -0.537728 0.453210 0.460029 -0.117383 -0.156428 0.133762 0.023995 -0.094789 -0.258896 0.026580 -0.287554 -0.449602 -0.544755 -0.293178 -0.262633 -0.012277 0.048078 -0.232947 -0.403929 0.039070 -0.156859 0.345420 -0.155005 0.093674 0.051778 0.246058 0.069947 -0.056452 -0.128496 0.051524 -0.006716 0.184387 -0.014300 0.444379 0.549159 0.430418 0.520292 -0.182122 -0.158714 -0.223948 -0.570299 -0.220284 -0.225716 -0.304976 -0.210801 0.519970 -0.040084 0.213233 0.061629 0.408487 -0.301425 0.187917 0.191614 0.380635 0.515838 -0.135264 -0.153181 0.128811 -0.078595 -0.343640 -0.193680 -0.305566 -0.386383 -0.423015 -0.458883 -0.301593 -0.287216 -0.442314 0.035773 -0.272046 -0.050651 -0.087136 0.153707 0.195529 0.214508 0.000211 -0.334194 -0.099401 -0.320502 -0.091325 0.353016 0.022401 0.219825 0.044552 0.369653 0.146502 0.077828 -0.000228 0.062746
0.315145 0.553510 -0.204454 -0.408440 -0.043864 -0.324538 0.407730 0.022016 0.121729 0.311837 0.546941 0.412354 0.701467 1.000000 0.161765 0.622053 -0.002555 0.504450 -0.383051 -0.084477 -0.186035 -0.416921 -0.387874 -0.425851 -0.492761 -0.574217 -0.509407 -0.593613 0.295574 0.393812 -0.232050 -0.265062 0.232216 0.085889 -0.099805 -0.174505 0.281560 -0.080849 -0.409035 -0.441923 -0.187078 -0.284202 -0.017311 -0.024038 0.053286 -0.252955 0.051735 -0.116835 0.361880 0.054427 0.092263 0.178941 0.185376 0.066574 0.054830 -0.196298 -0.139258 -0.141604 0.156843 -0.048138 0.296711 0.499887 0.321635 0.420993 -0.391544 -0.105228 -0.179462 -0.462375 -0.058708 -0.107799 -0.225701 -0.166982 0.340926 -0.054584 0.176790 -0.217328 0.487385 -0.228642 0.197649 0.171301 0.331676 0.465075 -0.373862 -0.049554 0.128882 0.095345 -0.410759 -0.286571 -0.468336 -0.457762 -0.293983 -0.413323 -0.225785 -0.229919 -0.444217 0.047122 -0.190394 -0.042304 -0.080225 0.077906 0.244019 0.160436 0.047784 -0.213539 -0.005349 -0.231927 0.140976 0.407890 0.042656 0.135904 0.008201 0.263642 0.162392 0.120329 -0.031209 0.047534
-0.020584 0.063758 0.140413 0.198943 0.356315 -0.308661 0.490201 0.140447 0.461806 0.216959 0.186947 -0.044008 0.345372 0.161765 1.000000 0.492146 0.269513 0.080210 0.504325 0.387800 0.335562 0.124761 0.348850 0.388356 0.043423 -0.099877 -0.047062 -0.210629 0.399854 0.131563 0.371330 0.301441 0.080933 0.169613 0.023866 -0.035167 0.039778 -0.217140 -0.175368 -0.441501 -0.096809 0.143981 -0.179641 -0.098998 -0.293301 -0.588369 0.245802 -0.089327 -0.080206 -0.003360 -0.410463 -0.327738 0.150376 0.331034 0.078553 -0.039617 0.000530 -0.008826 -0.260938 -0.222034 0.002871 0.102227 0.058116 0.179500 0.076195 -0.269071 -0.418321 -0.641496 -0.079554 -0.033049 -0.232813 -0.027745 0.132271 -0.091225 0.013035 0.220190 -0.033319 -0.171126 -0.114836 0.017844 0.240678 0.235996 0.347098 0.383333 -0.099579 -0.224193 -0.098816 0.031863 0.070852 -0.136210 -0.163707 -0.056343 -0.139378 0.029896 -0.316845 -0.244685 -0.480770 -0.367484 0.047882 -0.006704 0.212080 0.382489 0.014562 -0.224443 -0.289763 -0.436862 -0.166612 0.240323 -0.163172 -0.322892 -0.292610 -0.005994 0.061216 -0.217595 -0.175952 -0.274996
0.176075 0.360979 -0.335153 -0.148976 0.080920 -0.314142 0.173628 -0.194351 0.123404 0.360476 0.326345 0.237353 0.282884 0.622053 0.492146 1.000000 -0.048328 0.332220 -0.076896 0.203234 0.077354 -0.324776 -0.145569 0.037528 -0.415216 -0.377088 -0.368602 -0.428813 0.230801 0.289895 -0.079692 -0.077022 0.115497 0.107716 -0.139533 -0.129582 0.310091 0.152072 -0.179481 -0.165700 0.145349 0.064945 -0.217455 -0.214865 0.023293 -0.364740 0.073406 -0.227557 0.114265 0.105396 -0.189257 -0.072878 0.051445 0.019505 0.149561 -0.179641 -0.166165 -0.044849 -0.043077 -0.066508 0.055341 0.258212 0.126909 0.285826 -0.321719 -0.133306 -0.289549 -0.469195 0.097982 -0.041703 -0.169574 -0.247176 0.074040 -0.103640 0.076176 -0.093914 0.103519 -0.233207 -0.031035 0.067164 0.374004 0.376860 -0.192473 0.260203 0.083790 0.165601 -0.321003 -0.236725 -0.300068 -0.316751 -0.052727 -0.157949 -0.073377 -0.028320 -0.266703 0.069297 -0.308244 -0.062265 0.046828 0.101361 0.391835 0.287889 0.159984 -0.132716 -0.033398 -0.201423 0.165884 0.258718 0.136208 -0.059549 -0.151826 0.193336 0.235739 0.113317 -0.084423 -0.097946
0.303765 0.307024 -0.195309 -0.298815 0.152503 -0.323378 0.269756 -0.134338 0.328812 0.075170 0.490643 -0.376289 0.396619 -0.002555 0.269513 -0.048328 1.000000 0.543745 0.132481 0.362303 0.274671 0.310906 -0.208471 -0.243361 0.063245 -0.335815 -0.042497 -0.288918 0.449597 0.292617 -0.014125 -0.036845 0.010132 0.087661 -0.269721 -0.247039 0.217001 -0.172103 -0.081466 -0.292853 0.091115 -0.051956 -0.231251 -0.093700 -0.380939 -0.530320 0.005471 -0.268419 -0.071792 -0.247505 -0.291759 -0.217985 0.153684 0.039503 -0.198763 -0.138684 0.649527 0.570292 0.172010 0.183953 0.221270 0.410158 0.514628 0.584086 -0.385731 -0.381622 -0.127267 -0.548088 0.266397 0.113339 0.078889 -0.146643 0.507412 0.030904 0.105276 0.184252 0.115819 -0.188603 0.452475 0.477401 0.659999 0.538201 0.098807 -0.346788 -0.059321 -0.313160 -0.359990 -0.214824 -0.216935 -0.327024 -0.169225 -0.247709 -0.324315 -0.296762 -0.262055 -0.102218 -0.302520 -0.039824 0.063391 0.233185 0.181195 0.316498 0.178818 -0.059816 -0.030512 -0.208056 -0.233457 0.054100 -0.128218 -0.028507 -0.253516 0.067498 0.030839 -0.179139 -0.095424 0.068075
0.448756 0.670097 -0.383723 -0.608085 0.034330 -0.494120 0.237643 -0.293310 0.082415 0.141111 0.620916 0.072289 0.533243 0.504450 0.080210 0.332220 0.543745 1.000000 -0.277128 0.173873 0.008332 -0.179880 -0.562801 -0.558456 -0.413857 -0.771274 -0.523577 -0.680100 0.491658 0.631374 -0.389886 -0.406466 0.206577 0.121480 -0.207402 -0.245384 0.391435 0.184500 -0.390970 -0.288608 0.035581 -0.254395 -0.088603 0.025912 -0.117668 -0.425649 -0.020335 -0.241700 0.130858 -0.095110 -0.058566 0.038064 0.183418 -0.017565 -0.357600 -0.170259 0.246362 0.444572 0.285760 0.230682 0.327608 0.580258 0.503864 0.622959 -0.624116 -0.362103 -0.080930 -0.479676 0.314228 0.163580 0.065640 -0.110422 0.600718 0.130005 0.256733 0.100111 0.403172 -0.082991 0.527544 0.547671 0.614287 0.687054 -0.429983 -0.313363 -0.158600 -0.142852 -0.712935 -0.591102 -0.680913 -0.669540 -0.216276 -0.375246 -0.334558 -0.386503 -0.395370 -0.014384 -0.205858 0.081858 -0.002316 0.139220 0.294223 0.125376 0.285737 -0.161171 0.037371 -0.190027 0.221248 0.134003 -0.017503 0.087318 -0.057775 0.269368 0.099109 0.092701 -0.087519 0.201193
-0.190252 -0.348434 0.349929 0.433835 0.267338 -0.049297 0.302832 0.260808 0.280213 -0.143302 -0.217896 -0.205200 -0.198073 -0.383051 0.504325 -0.076896 0.132481 -0.277128 1.000000 0.646106 0.181392 0.248335 0.544178 0.557676 0.171128 0.229368 0.171518 0.095126 0.281839 -0.104201 0.638120 0.587595 0.190686 0.360393 0.151899 0.205378 -0.139494 -0.239306 0.022016 -0.179138 -0.028459 0.144256 -0.291116 -0.226126 -0.351785 -0.387042 0.172407 0.099577 -0.418354 -0.209024 -0.516599 -0.524911 -0.115207 0.204365 0.034271 -0.060525 -0.092012 -0.110283 -0.440112 -0.401179 -0.131717 -0.178341 -0.249369 -0.123645 0.343439 -0.085557 -0.286643 -0.201239 -0.083083 0.164898 0.135077 0.298620 -0.046831 0.032892 -0.198046 0.280888 -0.226970 0.170484 -0.181382 -0.222055 -0.092198 -0.131221 0.566784 0.413878 -0.188959 -0.339902 0.281874 0.326841 0.463776 0.109587 0.087044 0.360188 -0.012020 0.265860 -0.048282 -0.273254 -0.365199 -0.344638 0.069078 -0.225182 -0.021553 0.258248 -0.016476 -0.181037 -0.360268 -0.307875 -0.335395 -0.245924 -0.234130 -0.365507 -0.268861 -0.232615 -0.209304 -0.375789 -0.239464 -0.339339
-0.008693 0.040687 -0.087718 0.034129 0.254605 -0.319505 0.212066 0.065029 0.100206 -0.045338 -0.049781 -0.252400 -0.127296 -0.084477 0.387800 0.203234 0.362303 0.173873 0.646106 1.000000 0.203475 0.194002 -0.009332 0.117458 -0.164841 -0.182206 -0.124437 -0.270339 0.525247 0.179848 0.349810 0.334388 0.380634 0.636459 0.087176 0.178040 0.353496 0.066121 0.049891 -0.228315 0.314023 0.189714 -0.518045 -0.475436 -0.300458 -0.567394 0.081700 -0.117865 -0.439154 -0.291792 -0.736348 -0.611452 -0.189590 0.120742 -0.183349 -0.250193 0.030879 0.158035 -0.232131 -0.238397 -0.099220 0.044545 0.053088 0.248418 -0.236196 -0.313320 -0.222417 -0.380959 0.326354 0.524371 0.201521 0.264619 0.300984 0.139063 0.131019 0.194593 0.088255 0.176358 0.210428 0.199350 0.397705 0.334032 0.218517 0.260748 -0.332697 -0.350696 -0.240764 -0.110038 -0.038956 -0.257717 0.145622 0.039130 -0.231736 -0.049605 -0.128073 -0.409864 -0.471900 -0.317673 0.100332 -0.186950 0.095776 0.324342 0.246562 -0.148298 -0.162770 -0.225639 -0.135982 -0.058110 -0.314996 -0.492010 -0.442524 -0.317789 -0.170724 -0.486913 -0.297098 -0.228486
-0.179455 -0.195114 0.239216 0.293940 0.483878 -0.052344 0.119685 0.330273 0.181553 0.359291 -0.129306 -0.084354 -0.065196 -0.186035 0.335562 0.077354 0.274671 0.008332 0.181392 0.203475 1.000000 0.474819 0.241256 0.251032 0.311961 0.145650 0.153117 0.038385 0.107098 0.270341 0.362077 0.360352 -0.231430 -0.021596 -0.052915 0.019994 0.045601 0.105294 0.010759 -0.036795 0.213057 0.289053 -0.208574 -0.123928 -0.089590 -0.118178 -0.030639 -0.036709 -0.081496 0.081812 -0.297521 -0.231305 -0.189718 0.099084 -0.101696 -0.223939 0.160588 0.063425 -0.087949 -0.041369 -0.144324 -0.009753 -0.112424 0.040955 0.166920 0.135472 -0.116765 -0.165573 -0.106363 -0.246885 0.097492 -0.013802 -0.010780 0.119182 0.021110 0.468424 -0.032866 0.067150 0.021500 -0.053960 0.041266 -0.097572 0.216755 0.126724 -0.179763 -0.206552 0.031323 0.050303 0.009616 -0.039905 -0.150774 -0.195662 0.082584 -0.091959 -0.104922 0.076672 -0.289690 -0.183693 -0.073848 -0.077730 0.107017 0.240437 -0.039809 0.010460 -0.021115 -0.138808 0.005908 -0.104061 0.073555 -0.186035 -0.172916 0.002038 0.113768 0.141823 0.072459 0.134745
-0.092214 -0.280182 0.377550 0.386074 0.371903 0.352192 0.055301 0.353811 0.213806 0.181296 -0.202432 -0.319187 -0.151266 -0.416921 0.124761 -0.324776 0.310906 -0.179880 0.248335 0.194002 0.474819 1.000000 0.321091 0.262738 0.420525 0.356446 0.471820 0.346988 -0.147019 -0.070551 0.222834 0.356367 -0.181319 -0.036146 -0.103461 -0.029506 -0.049945 -0.058218 0.414635 0.254083 0.101060 0.254248 -0.108132 -0.118521 -0.161610 0.010951 -0.122766 -0.182591 -0.068804 -0.048984 -0.085212 -0.186492 -0.143947 -0.054216 0.126214 0.111313 0.230432 0.018164 -0.134172 -0.077273 -0.119099 -0.174275 -0.037784 -0.140687 0.160766 0.067131 -0.091929 -0.112815 -0.127738 -0.022902 0.306489 0.070513 -0.035003 -0.102377 -0.132424 0.306479 -0.224397 -0.029192 0.129614 0.010443 -0.020598 -0.125408 0.250717 0.001030 -0.167415 -0.214814 0.104974 0.138487 0.231464 0.237854 0.065780 -0.011955 0.107089 0.061821 0.120894 -0.146222 0.006180 -0.253810 -0.079911 -0.088196 -0.146360 0.187475 -0.130887 -0.029964 -0.106629 -0.021041 -0.275147 -0.173674 -0.198838 -0.237043 -0.305803 -0.221276 0.024186 -0.141083 0.067129 0.129232
-0.443490 -0.524355 0.664679 0.733878 0.226129 0.426809 0.122521 0.420953 0.256667 -0.018495 -0.503430 -0.076082 -0.229414 -0.387874 0.348850 -0.145569 -0.208471 -0.562801 0.544178 -0.009332 0.241256 0.321091 1.000000 0.784805 0.514695 0.689048 0.514423 0.587444 -0.270197 -0.208333 0.642608 0.618363 -0.019350 0.032580 0.209635 0.206941 -0.417358 -0.362498 0.212754 -0.011905 -0.143228 0.040698 0.049296 0.094703 -0.211939 0.076613 0.240984 0.169453 -0.286170 0.042309 -0.193251 -0.208549 -0.171195 0.127448 0.394802 0.147109 -0.147160 -0.284506 -0.541724 -0.329278 -0.423076 -0.457302 -0.408058 -0.437600 0.612297 0.057565 -0.135080 0.014274 -0.310436 -0.173294 0.005535 0.221663 -0.421359 -0.074497 -0.355900 0.102583 -0.328354 0.160597 -0.277024 -0.401700 -0.410867 -0.397289 0.493042 0.378016 -0.100191 -0.104750 0.605889 0.524596 0.653164 0.382938 -0.179842 0.108682 0.069107 0.192147 0.053230 -0.184260 -0.121571 -0.308873 -0.116626 -0.283831 -0.222596 0.091391 -0.318398 -0.016975 -0.302243 -0.162970 -0.232893 -0.354056 -0.151545 -0.209425 -0.035386 -0.086597 -0.050512 -0.059752 0.031721 -0.216221
-0.520151 -0.581227 0.363479 0.759833 0.265249 0.355800 -0.046218 0.278293 0.121460 0.029272 -0.432833 -0.043061 -0.368075 -0.425851 0.388356 0.037528 -0.243361 -0.558456 0.557676 0.117458 0.251032 0.262738 0.784805 1.000000 0.335029 0.612041 0.416185 0.458578 -0.264766 -0.268855 0.556857 0.638952 -0.262081 -0.049662 0.072956 0.056599 -0.452084 -0.253561 0.145277 0.151904 -0.118614 0.075129 0.012612 0.035368 -0.085841 0.116127 0.220034 0.192009 -0.406534 0.160139 -0.281067 -0.262738 -0.245299 0.050109 0.368429 0.153187 -0.304007 -0.335946 -0.648270 -0.352769 -0.509082 -0.540017 -0.478157 -0.491229 0.454325 0.182077 -0.240912 0.101705 -0.272127 -0.120857 -0.050548 0.107018 -0.585143 -0.089594 -0.408042 0.090795 -0.493571 0.033296 -0.441118 -0.412266 -0.348060 -0.432723 0.502797 0.544873 -0.001362 0.052687 0.516231 0.458839 0.545426 0.433011 0.191923 0.334917 0.227583 0.366028 0.194992 -0.069099 -0.113728 -0.155746 0.049580 -0.191533 -0.036370 0.120298 -0.196144 -0.045647 -0.235588 -0.047920 -0.170147 -0.283601 -0.019860 -0.098405 0.082846 -0.003336 0.036854 -0.070491 0.064470 -0.207927
-0.243372 -0.404489 0.489697 0.406931 0.370589 0.575156 -0.077520 0.189982 -0.002900 -0.043646 -0.260196 -0.241212 -0.153925 -0.492761 0.043423 -0.415216 0.063245 -0.413857 0.171128 -0.164841 0.311961 0.420525 0.514695 0.335029 1.000000 0.665883 0.725514 0.621239 -0.308994 -0.248288 0.191204 0.269905 -0.156445 -0.182014 0.068935 0.034335 -0.402100 -0.207678 0.365844 0.229379 -0.220211 0.023395 0.087728 0.254408 -0.183965 0.211287 -0.016820 0.076886 -0.112773 0.059172 0.093171 0.096469 -0.106216 0.084674 0.050265 0.160267 0.116395 0.009717 -0.197604 0.002768 -0.197219 -0.274718 -0.195623 -0.251781 0.497544 0.040567 0.051739 0.144922 -0.113197 -0.213295 0.013242 -0.058693 -0.261790 -0.064025 -0.174203 -0.023295 -0.292348 -0.077964 -0.251997 -0.227097 -0.302305 -0.424107 0.334353 -0.119742 -0.010160 -0.151388 0.440314 0.461954 0.512642 0.452063 -0.255369 0.172241 0.042830 0.166653 0.384829 0.007473 0.164973 -0.058298 -0.106451 -0.020764 -0.137066 -0.074911 -0.086367 0.140387 0.056354 0.054626 -0.180255 -0.259251 0.080420 0.020511 -0.034835 -0.069114 0.002343 0.035152 0.066792 -0.133765
-0.549832 -0.673461 0.488384 0.660177 0.053398 0.710056 -0.302139 0.298785 -0.131457 -0.176995 -0.646767 -0.112857 -0.518467 -0.574217 -0.099877 -0.377088 -0.335815 -0.771274 0.229368 -0.182206 0.145650 0.356446 0.689048 0.612041 0.665883 1.000000 0.763981 0.891975 -0.528826 -0.468327 0.385952 0.449148 -0.217934 -0.121222 0.231653 0.259043 -0.339283 -0.137722 0.523611 0.424240 -0.005310 0.246100 0.135909 0.201376 0.072463 0.483078 0.153513 0.284774 -0.272208 0.091011 0.054779 -0.027555 -0.335516 -0.102859 0.320688 0.233949 -0.201744 -0.338981 -0.449951 -0.248020 -0.540220 -0.676374 -0.554241 -0.683704 0.525036 0.230649 0.005790 0.414747 -0.277666 -0.216630 0.069289 0.070037 -0.505314 -0.012983 -0.278007 -0.080298 -0.349066 0.147840 -0.339348 -0.406185 -0.489334 -0.617349 0.434446 0.162851 -0.012549 0.100845 0.669271 0.537319 0.624314 0.569120 0.016872 0.300588 0.226257 0.332466 0.398381 -0.066117 0.222168 -0.136078 -0.048567 -0.226474 -0.275690 -0.100388 -0.314409 0.153158 0.008574 0.184267 -0.153729 -0.307474 -0.069959 -0.106641 0.105285 -0.201564 -0.055662 -0.063279 0.082725 -0.199097
-0.181901 -0.274483 0.409234 0.510746 0.161666 0.733399 -0.315330 0.125044 -0.004104 -0.055420 -0.314305 -0.304031 -0.380225 -0.509407 -0.047062 -0.368602 -0.042497 -0.523577 0.171518 -0.124437 0.153117 0.471820 0.514423 0.416185 0.725514 0.763981 1.000000 0.836670 -0.553763 -0.569922 0.151501 0.251194 -0.197350 -0.200298 0.013399 0.039277 -0.269173 -0.228677 0.566352 0.430124 -0.035243 0.146273 0.054166 0.167928 -0.165622 0.291560 -0.133534 0.029961 -0.125250 0.011664 0.152713 0.150373 -0.144146 -0.060908 0.308345 0.235646 0.098178 -0.020877 -0.186405 0.008542 -0.237606 -0.358350 -0.262949 -0.419357 0.320566 0.036399 0.062887 0.199968 -0.016791 -0.167512 -0.021243 -0.094282 -0.429708 -0.236353 -0.360664 -0.106961 -0.383038 -0.093404 -0.251855 -0.221979 -0.366026 -0.531516 0.303447 -0.059279 -0.052299 -0.115291 0.418301 0.469091 0.580694 0.649988 -0.064573 0.307287 0.114521 0.242890 0.331101 -0.131067 0.181078 -0.152284 -0.121288 -0.029746 -0.317192 -0.045875 -0.246718 0.257761 0.073596 0.145053 -0.234329 -0.168396 -0.087879 -0.114835 -0.070049 -0.232119 -0.027419 -0.040568 0.120403 -0.137162
-0.327702 -0.418944 0.436411 0.581630 -0.091719 0.776616 -0.418732 0.131511 -0.156379 -0.194667 -0.533385 -0.141646 -0.537728 -0.593613 -0.210629 -0.428813 -0.288918 -0.680100 0.095126 -0.270339 0.038385 0.346988 0.587444 0.458578 0.621239 0.891975 0.836670 1.000000 -0.671469 -0.597153 0.145263 0.147660 -0.217246 -0.239937 0.197209 0.264906 -0.239253 -0.100741 0.670930 0.488876 0.073752 0.208909 0.132124 0.229450 -0.000980 0.485635 0.046534 0.220001 -0.179621 0.017263 0.246319 0.152576 -0.245728 -0.120391 0.358816 0.317824 -0.030158 -0.182645 -0.279361 -0.085749 -0.416848 -0.577466 -0.457875 -0.642492 0.431617 0.122888 0.107910 0.419219 -0.144505 -0.186933 0.074904 0.075312 -0.503476 -0.094821 -0.290082 -0.097028 -0.370262 0.150537 -0.284694 -0.331604 -0.487527 -0.604603 0.336983 0.001637 0.026217 0.131738 0.650822 0.524139 0.678351 0.687352 -0.042612 0.332526 0.227772 0.302014 0.481740 -0.123033 0.332674 -0.099770 -0.128021 -0.122408 -0.432715 -0.214194 -0.390931 0.191017 0.036440 0.207238 -0.264398 -0.271083 -0.089832 -0.139599 0.071334 -0.298938 -0.124011 -0.047692 0.078376 -0.196840
0.120668 0.132765 -0.173214 -0.381008 0.123424 -0.650138 0.549265 -0.055145 0.256049 0.013184 0.327631 0.104889 0.453210 0.295574 0.399854 0.230801 0.449597 0.491658 0.281839 0.525247 0.107098 -0.147019 -0.270197 -0.264766 -0.308994 -0.528826 -0.553763 -0.671469 1.000000 0.662439 0.330317 0.204976 0.414456 0.550125 0.201896 0.144178 0.324433 0.111108 -0.370806 -0.600687 0.119508 -0.002592 -0.404928 -0.377930 -0.188672 -0.657017 0.176418 -0.049490 -0.156653 -0.344822 -0.553876 -0.562173 -0.081736 0.007600 -0.392862 -0.410819 0.048284 0.066760 0.001875 -0.228520 0.182550 0.332803 0.235220 0.512001 -0.222071 -0.266384 -0.265384 -0.439550 -0.021627 0.138120 0.091998 0.257913 0.716727 0.210401 0.336287 0.238217 0.448459 0.193469 0.326296 0.289266 0.487353 0.525159 0.128936 0.169468 -0.112299 -0.242567 -0.412528 -0.396468 -0.416342 -0.646669 -0.218791 -0.343500 -0.476015 -0.350737 -0.360908 -0.185378 -0.477604 -0.216671 -0.030090 -0.156444 0.169214 0.120631 0.133086 -0.301646 -0.145702 -0.181600 0.120964 0.174022 -0.169349 -0.129364 -0.111207 -0.000320 -0.257474 -0.326178 -0.254959 -0.073303
0.084166 0.140825 -0.054361 -0.377159 0.121075 -0.458760 0.475143 0.052416 0.120382 0.148406 0.207655 0.213519 0.460029 0.393812 0.131563 0.289895 0.292617 0.631374 -0.104201 0.179848 0.270341 -0.070551 -0.208333 -0.268855 -0.248288 -0.468327 -0.569922 -0.597153 0.662439 1.000000 0.141307 0.113219 0.262836 0.306241 0.035845 -0.025982 0.141245 0.209040 -0.453843 -0.357694 0.052072 -0.212137 -0.102090 -0.116066 0.036235 -0.287469 0.181535 -0.088192 0.029363 -0.004129 -0.276232 -0.260192 -0.105856 -0.020859 -0.444985 -0.264931 -0.051998 0.094375 0.011387 -0.093793 0.034622 0.291207 0.198478 0.453058 -0.184263 -0.100876 -0.190866 -0.343686 -0.132824 -0.092492 0.103776 0.145424 0.557306 0.194816 0.286025 0.217805 0.437578 0.140030 0.375998 0.290608 0.356091 0.513321 -0.220616 -0.007587 -0.198504 -0.148863 -0.434119 -0.487567 -0.555802 -0.708350 -0.240132 -0.582030 -0.412236 -0.473573 -0.281337 0.118459 -0.328359 0.010528 0.034225 -0.160612 0.212460 0.093219 0.094713 -0.270525 -0.077093 -0.067607 0.317627 -0.037700 0.114630 0.128788 0.031513 0.310189 -0.009821 0.131806 0.000902 0.225600
-0.511377 -0.560427 0.429247 0.456213 0.213331 -0.043180 0.389381 0.463564 0.302952 -0.044644 -0.465083 -0.046666 -0.117383 -0.232050 0.371330 -0.079692 -0.014125 -0.389886 0.638120 0.349810 0.362077 0.222834 0.642608 0.556857 0.191204 0.385952 0.151501 0.145263 0.330317 0.141307 1.000000 0.878042 0.142792 0.413946 0.357898 0.326565 -0.164135 -0.207620 0.017830 -0.238422 0.047150 0.099240 -0.260794 -0.329509 -0.167060 -0.215519 0.193878 0.190595 -0.388492 -0.174042 -0.631406 -0.622163 -0.385754 -0.004264 0.149161 -0.213929 -0.198525 -0.310678 -0.430382 -0.438339 -0.308733 -0.259023 -0.348347 -0.138665 0.464331 0.140771 -0.167314 -0.061671 -0.387541 -0.108843 0.083319 0.450382 -0.008615 0.083292 -0.130071 0.259084 0.017313 0.361204 -0.081391 -0.263723 -0.217001 -0.224812 0.611273 0.477479 -0.169757 -0.269444 0.362494 0.278764 0.345443 0.025305 -0.083586 -0.069759 -0.158867 -0.012201 -0.118459 -0.219837 -0.297781 -0.381744 -0.030691 -0.388813 -0.100957 0.116066 -0.245748 -0.256854 -0.372511 -0.161483 -0.114573 -0.220113 -0.275992 -0.230913 -0.032642 -0.152433 -0.297601 -0.367943 -0.106332 -0.224182
-0.572981 -0.642973 0.386063 0.534949 0.289570 0.112905 0.261743 0.434188 0.240869 0.028732 -0.437727 -0.050479 -0.156428 -0.265062 0.301441 -0.077022 -0.036845 -0.406466 0.587595 0.334388 0.360352 0.356367 0.618363 0.638952 0.269905 0.449148 0.251194 0.147660 0.204976 0.113219 0.878042 1.000000 -0.029100 0.294722 0.154899 0.108987 -0.309795 -0.272852 0.006237 -0.116862 -0.060428 0.073332 -0.103142 -0.196808 -0.156105 -0.028580 0.173482 0.129652 -0.474879 -0.060220 -0.569796 -0.551248 -0.443745 -0.062892 0.129657 -0.139281 -0.282021 -0.334967 -0.562157 -0.443018 -0.451961 -0.407182 -0.362162 -0.261618 0.414752 0.201541 -0.194070 0.022303 -0.316111 -0.085104 0.063141 0.290157 -0.155947 0.019217 -0.225063 0.246431 -0.103133 0.171170 -0.097170 -0.246198 -0.158401 -0.229551 0.510359 0.504445 -0.077243 -0.179339 0.317135 0.247874 0.315501 0.065209 0.072578 0.006424 -0.037240 0.084259 -0.009947 -0.048525 -0.291749 -0.262941 0.029663 -0.262519 0.018925 0.243273 -0.127806 -0.202604 -0.273592 -0.046388 -0.020168 -0.228455 -0.096544 -0.070001 0.045497 0.027554 -0.052818 -0.138319 0.070265 -0.012781
0.254852 0.318815 0.049586 -0.181946 -0.062942 -0.199235 0.327559 0.115306 0.119479 0.015813 -0.020667 0.110240 0.133762 0.232216 0.080933 0.115497 0.010132 0.206577 0.190686 0.380634 -0.231430 -0.181319 -0.019350 -0.262081 -0.156445 -0.217934 -0.197350 -0.217246 0.414456 0.262836 0.142792 -0.029100 1.000000 0.809617 0.555710 0.543387 0.321824 0.133344 -0.127680 -0.312682 0.210339 -0.003872 -0.432311 -0.380223 -0.339457 -0.498470 -0.019838 0.056099 -0.022406 -0.440177 -0.344705 -0.286548 -0.012803 0.043258 -0.179157 -0.242690 -0.024795 -0.036835 0.118036 -0.121810 0.258618 0.330070 0.054098 0.298186 -0.067536 -0.167457 0.072511 -0.208833 -0.052299 0.261925 -0.012483 0.494880 0.458975 0.196710 0.295254 0.065971 0.358752 0.443839 0.182683 0.065600 0.081111 0.325755 0.014561 0.196189 -0.275372 -0.185429 -0.169957 0.040690 -0.161688 -0.331501 -0.435349 -0.323689 -0.517195 -0.337875 -0.405267 -0.516862 -0.216056 -0.456668 -0.268411 -0.441087 -0.325373 -0.140586 -0.198902 -0.300953 -0.409356 -0.315287 -0.005366 -0.115940 -0.503817 -0.360134 -0.255369 -0.359878 -0.501214 -0.444843 -0.571879 -0.466479
0.034074 0.086531 0.015381 -0.033762 0.107231 -0.213888 0.280898 0.119105 0.024617 -0.067504 -0.135902 0.132627 0.023995 0.085889 0.169613 0.107716 0.087661 0.121480 0.360393 0.636459 -0.021596 -0.036146 0.032580 -0.049662 -0.182014 -0.121222 -0.200298 -0.239937 0.550125 0.306241 0.413946 0.294722 0.809617 1.000000 0.576138 0.527864 0.339494 0.145644 -0.076322 -0.296919 0.274095 0.129667 -0.503665 -0.524664 -0.257904 -0.433726 0.065689 0.071069 -0.329224 -0.471151 -0.641586 -0.606139 -0.256725 -0.067074 -0.221802 -0.329618 -0.098594 -0.096030 -0.099265 -0.310938 0.005643 0.111941 -0.125577 0.146678 -0.133173 -0.103988 -0.036399 -0.121969 -0.026997 0.395296 0.047050 0.549425 0.395517 0.229304 0.243582 0.169581 0.388128 0.475616 0.196878 0.050146 0.155263 0.265345 0.236684 0.359206 -0.256785 -0.174826 -0.091733 -0.052747 -0.139185 -0.379576 -0.215421 -0.312259 -0.500527 -0.370840 -0.336315 -0.523496 -0.356385 -0.438542 -0.178951 -0.547718 -0.291899 -0.042648 -0.216046 -0.345045 -0.297116 -0.185248 0.026662 -0.153834 -0.491093 -0.375681 -0.180985 -0.361797 -0.488795 -0.577816 -0.434771 -0.387913
-0.229282 -0.140794 0.293327 0.335673 -0.023751 0.125583 0.148239 0.278101 0.084797 0.066802 -0.331978 0.383439 -0.094789 -0.099805 0.023866 -0.139533 -0.269721 -0.207402 0.151899 0.087176 -0.052915 -0.103461 0.209635 0.072956 0.068935 0.231653 0.013399 0.197209 0.201896 0.035845 0.357898 0.154899 0.555710 0.576138 1.000000 0.843054 0.114209 0.229270 0.046981 -0.031162 0.224688 0.181755 -0.393384 -0.300700 -0.085937 -0.072594 0.010070 0.382665 -0.276383 -0.377293 -0.260320 -0.426889 -0.421872 -0.274655 -0.146451 -0.320765 -0.325885 -0.437665 -0.148378 -0.379768 -0.106397 -0.108242 -0.514934 -0.278294 0.326460 0.263527 0.044155 0.283925 -0.376154 0.051658 0.098641 0.650139 0.207457 0.335540 0.220783 0.153003 0.327258 0.713825 -0.171186 -0.318532 -0.233221 -0.197281 0.423442 0.462653 -0.094567 0.090047 0.215506 0.279423 0.141537 -0.001220 -0.358103 -0.121492 -0.077244 -0.066697 -0.042238 -0.524396 -0.051772 -0.541689 -0.492053 -0.772560 -0.450703 -0.365117 -0.513457 -0.402494 -0.355403 -0.244044 -0.028031 -0.158281 -0.590267 -0.421659 0.067142 -0.529173 -0.710002 -0.528366 -0.499985 -0.533781
-0.108797 -0.104320 0.278367 0.321375 -0.122121 0.111034 0.041854 0.275995 -0.000550 0.043463 -0.342306 0.281779 -0.258896 -0.174505 -0.035167 -0.129582 -0.247039 -0.245384 0.205378 0.178040 0.019994 -0.029506 0.206941 0.056599 0.034335 0.259043 0.039277 0.264906 0.144178 -0.025982 0.326565 0.108987 0.543387 0.527864 0.843054 1.000000 0.174398 0.335552 0.168394 -0.043058 0.425426 0.285215 -0.470528 -0.308517 -0.020145 -0.065758 -0.021225 0.404837 -0.130778 -0.315789 -0.191302 -0.303966 -0.329378 -0.230227 -0.016444 -0.191151 -0.179043 -0.383474 -0.061363 -0.302711 -0.061075 -0.055477 -0.410179 -0.225153 0.253021 0.189773 0.169935 0.319931 -0.297220 0.031075 0.082402 0.613255 0.161513 0.160627 0.058963 0.187206 0.128694 0.796493 -0.208578 -0.448624 -0.229171 -0.235640 0.449536 0.407300 -0.172350 0.000211 0.301121 0.406133 0.215426 0.085322 -0.342762 -0.038999 -0.101172 -0.028336 -0.079893 -0.524117 0.019459 -0.481075 -0.479036 -0.668890 -0.422614 -0.232795 -0.424690 -0.341166 -0.466670 -0.365526 -0.128919 -0.138196 -0.528610 -0.527038 -0.070721 -0.647690 -0.642010 -0.437920 -0.631615 -0.583471
