1.000000 0.283050 0.012572 -0.445617 -0.217300 -0.094514 -0.036645 -0.276757 -0.314913 -0.631187 0.360911 0.099452 0.296703 0.107430 -0.106682 -0.480913 0.569652 0.314182 0.495692 0.307038 0.323241 -0.181912 -0.332647 -0.490803 -0.307714 -0.240194 0.031080 -0.161965 0.375722 0.230777 0.143869 -0.035284 0.110496 -0.041662 -0.041959 -0.307970 0.264350 0.009733 -0.097715 -0.068992 0.202728 0.022845 -0.307126 -0.276664 -0.073285 -0.042440 -0.135397 -0.230462 0.014542 -0.126006 0.269914 0.226086 -0.045054 -0.083431 -0.017177 -0.056822 0.762412 0.518665 0.136611 0.054416 0.199595 -0.043993 0.564626 0.347705 -0.030997 -0.120376 0.319520 0.092486 0.278551 0.051790 0.163511 -0.198477 0.424398 0.349218 0.398331 0.002380 0.022565 -0.094144 0.485151 0.255522 0.461864 0.267836 0.037383 0.069052 0.368616 0.163861 0.186824 -0.035229 -0.227965 -0.098159 -0.175711 -0.249653 -0.526336 -0.401304 -0.144342 -0.010938 -0.197640 -0.019962 0.029627 0.085004 -0.076645 0.148403 -0.149044 -0.080967 -0.293261 -0.226964 -0.129857 -0.236489 0.080575 0.016208 -0.176242 -0.039636 0.059617 -0.334864 -0.305491 -0.035590
0.283050 1.000000 -0.234391 -0.255121 -0.298666 -0.291657 -0.276820 -0.225993 -0.165261 -0.232076 0.150129 0.194870 0.044392 0.130669 -0.005843 -0.309939 0.433142 0.251171 0.194237 0.636799 -0.092306 0.023550 -0.205381 -0.208850 -0.182244 -0.193875 -0.194624 -0.196063 0.400204 0.215834 -0.107717 -0.191590 0.464518 0.493388 0.008360 0.036952 0.347286 0.028120 -0.106322 -0.200177 0.158010 0.008534 -0.199538 -0.244327 -0.148555 -0.188223 0.144504 -0.051322 -0.059676 0.049445 -0.002449 0.257357 0.273706 0.326052 -0.133307 0.074745 0.289715 0.517276 -0.184757 0.201418 -0.075354 -0.143159 0.101502 0.369528 -0.213506 -0.177684 -0.208300 -0.364687 0.355760 0.180645 -0.129879 -0.194876 0.360946 0.161096 0.234091 -0.019094 -0.011680 0.062140 0.079112 0.360806 0.374663 0.190236 0.023964 0.181513 0.112144 0.208746 -0.058241 0.025953 -0.129195 0.047813 0.150162 -0.102081 -0.229653 -0.282995 -0.208942 -0.337252 -0.244841 -0.317576 0.231778 0.112783 -0.029173 -0.197517 0.089798 -0.228724 -0.322681 -0.245513 -0.060352 -0.078177 -0.345328 -0.306906 0.021716 -0.045766 0.233888 -0.127363 -0.301391 -0.284939
0.012572 -0.234391 1.000000 0.448293 0.683202 0.540822 0.841743 0.384466 0.627758 0.228450 0.170368 -0.333405 0.447549 -0.029762 0.363123 0.303071 -0.363172 -0.580884 0.336966 -0.191710 0.029240 0.305678 0.459097 0.207479 0.423407 0.317174 0.475954 0.242949 0.022309 -0.411750 0.368445 0.128584 0.137565 0.237065 0.078394 -0.017282 -0.363213 -0.561826 -0.004883 -0.365229 -0.259155 -0.429430 -0.232970 -0.259838 -0.197847 -0.327384 -0.402199 -0.443128 0.390083 -0.444089 0.095748 -0.327519 0.078749 -0.295538 0.229260 -0.306921 -0.070544 -0.208352 0.645189 -0.146545 0.544803 0.029206 0.133830 -0.281632 0.516640 0.292746 0.347155 0.156258 -0.031819 0.254157 -0.080843 -0.014621 -0.139938 -0.440668 -0.181761 -0.135698 -0.123197 -0.336915 -0.370419 -0.424822 -0.595913 -0.395234 0.052748 -0.356511 0.151491 -0.209499 0.367434 -0.372432 0.288753 0.409649 -0.528157 -0.179793 -0.164292 0.236784 0.084757 -0.057332 -0.255538 -0.039002 -0.500704 -0.487939 -0.117378 0.236366 -0.206272 0.269132 -0.172680 -0.384132 -0.181731 -0.103126 0.122536 -0.276590 -0.415805 -0.264599 -0.303648 -0.008332 0.121898 -0.006333
-0.445617 -0.255121 0.448293 1.000000 0.571180 0.537546 0.295284 0.488837 0.565463 0.660386 -0.330061 -0.407097 -0.012766 -0.321077 0.351612 0.425404 -0.615715 -0.687842 -0.019761 -0.162707 -0.087213 0.458903 0.583752 0.609079 0.451948 0.522948 0.357175 0.325050 -0.142904 -0.469499 0.304502 0.377518 0.052129 0.260780 0.333788 0.407378 -0.432194 -0.476455 0.081565 -0.254325 -0.278240 -0.344501 -0.080312 -0.181678 -0.238975 -0.290076 -0.315192 -0.284831 0.205580 -0.308477 -0.113916 -0.349369 -0.116769 -0.191065 0.197527 -0.292804 -0.379901 -0.352896 0.337626 -0.102918 0.133668 -0.006060 -0.257915 -0.499031 0.451841 0.420345 0.088756 0.143408 -0.027286 0.253189 -0.143677 0.230813 -0.345397 -0.464535 -0.352366 -0.172687 -0.233974 -0.090146 -0.531713 -0.436153 -0.602970 -0.416452 0.108581 -0.167191 0.038861 -0.182840 0.218323 -0.016869 0.669630 0.444129 -0.301548 -0.090732 0.285030 0.358987 0.221145 -0.198770 -0.209216 -0.198991 -0.563219 -0.504450 -0.081916 0.112691 -0.246102 0.293528 0.044732 0.200780 0.072411 0.167216 -0.131438 -0.339673 -0.335627 -0.345117 -0.438133 0.222079 0.394832 -0.110995
-0.217300 -0.298666 0.683202 0.571180 1.000000 0.673924 0.586776 0.270087 0.817951 0.479506 -0.243509 -0.617270 0.136215 -0.266755 0.690180 0.673877 -0.490253 -0.517209 0.136850 -0.135333 0.239605 0.404624 0.649909 0.379762 0.710469 0.462757 0.711533 0.467114 0.065205 -0.285236 0.435382 0.302784 -0.032719 0.127353 0.267198 0.221133 -0.134506 -0.251683 0.377988 -0.045616 -0.043562 -0.200607 -0.306865 -0.360843 -0.416305 -0.483423 -0.355465 -0.336542 0.107247 -0.553440 -0.100015 -0.553512 -0.128914 -0.320044 0.345576 -0.308170 -0.192283 -0.139025 0.466741 -0.042968 0.328155 0.092310 -0.186319 -0.307865 0.627724 0.185987 0.043892 -0.058600 0.118126 0.337176 0.095255 0.226658 -0.314559 -0.279792 -0.175901 -0.034414 -0.007451 -0.037785 -0.482502 -0.329658 -0.646679 -0.419746 0.423431 -0.121988 0.095427 -0.406014 0.610022 -0.031749 0.667874 0.496426 -0.637612 -0.283673 -0.199193 0.352574 0.192445 -0.130798 -0.139083 -0.205910 -0.568119 -0.597329 -0.245956 0.153579 -0.376411 0.047504 -0.151782 -0.124759 -0.004768 0.003272 -0.046905 -0.121370 -0.319227 -0.347596 -0.464641 -0.021431 0.062875 -0.233929
-0.094514 -0.291657 0.540822 0.537546 0.673924 1.000000 0.482830 0.440249 0.575716 0.412499 -0.099578 -0.478012 0.310639 -0.013375 0.627651 0.452293 -0.372879 -0.570218 0.064464 -0.338946 0.336230 0.425357 0.519207 0.128542 0.568954 0.534079 0.717705 0.497880 0.018156 -0.378407 0.399636 0.394109 -0.220395 -0.128240 0.039173 0.105578 -0.131821 -0.403428 0.135549 -0.253432 -0.058293 -0.376480 -0.125183 -0.192240 -0.143832 -0.228128 -0.381063 -0.371154 0.281219 -0.390359 0.146956 -0.269654 -0.120333 -0.316181 0.330545 -0.398270 -0.167118 -0.111531 0.443000 -0.011868 0.270911 -0.064117 -0.078830 -0.285610 0.454809 0.197042 0.307441 0.224932 0.015381 0.200175 0.077647 -0.076611 -0.255506 -0.342133 -0.070353 -0.022892 -0.207228 -0.289384 -0.408638 -0.590466 -0.453978 -0.386372 0.294456 -0.139746 0.087478 -0.138156 0.536142 0.030156 0.596758 0.470572 -0.560918 -0.274702 -0.132659 0.262207 -0.030248 -0.113056 -0.184910 -0.124902 -0.582524 -0.574278 -0.086800 0.207740 -0.218254 0.146656 -0.147261 -0.238247 -0.117754 -0.132200 0.094964 -0.167306 -0.420275 -0.261618 -0.426768 -0.040214 0.135423 -0.127963
-0.036645 -0.276820 0.841743 0.295284 0.586776 0.482830 1.000000 0.304117 0.695324 0.178631 0.338939 -0.364549 0.543897 0.109451 0.418441 0.329936 -0.314844 -0.464393 0.228428 -0.204140 0.008127 0.254700 0.504240 0.145263 0.430525 0.209694 0.347932 0.344520 0.074627 -0.376224 0.407695 0.129278 -0.058811 0.002255 -0.072798 -0.065150 -0.425530 -0.563952 -0.014234 -0.391049 -0.266370 -0.439490 -0.196221 -0.229741 -0.243915 -0.290830 -0.495251 -0.416448 0.368954 -0.461520 0.197209 -0.318031 0.176519 -0.306601 0.351779 -0.379159 -0.121353 -0.205614 0.622297 -0.080780 0.593449 0.150695 0.078066 -0.211321 0.600329 0.338837 0.238932 0.076011 -0.003278 0.164246 -0.123041 -0.096157 -0.155230 -0.390751 -0.118176 -0.065488 -0.197320 -0.332958 -0.317187 -0.498795 -0.600857 -0.498956 -0.011543 -0.427010 0.132119 -0.117503 0.299705 -0.376590 0.276930 0.391584 -0.410498 -0.069743 -0.079760 0.336159 -0.015927 0.005161 -0.327162 0.028190 -0.551193 -0.460246 -0.067696 0.269339 -0.183494 0.159919 -0.162810 -0.410143 -0.140018 -0.123827 0.193276 -0.136308 -0.383237 -0.192842 -0.386606 -0.056585 0.189650 0.084937
-0.276757 -0.225993 0.384466 0.488837 0.270087 0.440249 0.304117 1.000000 0.125858 0.628083 -0.042058 0.137594 0.171595 0.395805 0.133790 0.263897 -0.376721 -0.200213 0.029993 -0.327835 -0.129928 0.191731 -0.018241 -0.072274 0.004893 -0.099373 0.047679 -0.277615 0.013663 -0.000089 0.161549 0.371621 0.135790 0.134261 -0.130240 -0.026199 -0.209597 -0.352216 -0.214216 -0.364314 -0.086682 -0.294585 -0.142068 -0.133261 -0.069672 0.081906 -0.336373 -0.348473 -0.144582 -0.205182 -0.372953 -0.299623 -0.236175 -0.502890 0.132634 -0.420969 -0.266066 -0.141530 0.410917 0.218123 0.512568 0.536822 0.304992 0.017389 0.170733 0.539713 0.321456 0.324601 -0.227333 -0.006084 -0.116173 0.008576 -0.060809 -0.249497 -0.270839 0.051559 -0.124388 -0.091666 -0.299620 -0.345211 -0.281186 -0.244073 0.087114 -0.027115 -0.192386 -0.345743 0.266372 -0.358233 0.203505 0.297954 -0.261886 -0.057117 0.423839 0.081745 -0.160333 -0.081150 -0.094152 -0.095459 -0.454474 -0.463997 0.107419 0.148219 0.111886 0.334692 0.128162 -0.076306 -0.071660 -0.009223 0.080154 -0.331811 -0.495697 -0.175254 -0.126105 0.236495 0.339034 -0.018733
-0.314913 -0.165261 0.627758 0.565463 0.817951 0.575716 0.695324 0.125858 1.000000 0.423718 -0.055223 -0.572647 0.261369 -0.207794 0.734709 0.623112 -0.496067 -0.637248 0.103256 -0.052179 0.070563 0.432183 0.824987 0.557537 0.704230 0.517455 0.538121 0.615180 0.009506 -0.495013 0.416438 0.236520 -0.032625 0.139020 0.187947 0.291611 -0.217981 -0.363619 0.373476 -0.163458 -0.093985 -0.259957 -0.223146 -0.309957 -0.418172 -0.519899 -0.413670 -0.339378 0.260913 -0.523351 0.102299 -0.407273 0.200928 -0.123882 0.399344 -0.258449 -0.287886 -0.248632 0.436714 -0.106253 0.251924 -0.106368 -0.337258 -0.420798 0.622251 0.184698 -0.078066 -0.193569 0.095469 0.306958 -0.000582 0.052765 -0.318000 -0.448627 -0.196971 -0.231750 -0.186435 -0.159304 -0.526498 -0.525863 -0.687166 -0.600028 0.306216 -0.214841 0.178037 -0.150453 0.340206 -0.047723 0.692297 0.523311 -0.383830 -0.062352 -0.095637 0.479993 0.138672 -0.223720 -0.262493 -0.185590 -0.559670 -0.546225 -0.244087 0.107564 -0.303182 0.020760 -0.159114 -0.150765 0.021680 0.061956 -0.115996 -0.161411 -0.273463 -0.400747 -0.531943 -0.024600 0.151336 -0.107664
-0.631187 -0.232076 0.228450 0.660386 0.479506 0.412499 0.178631 0.628083 0.423718 1.000000 -0.216871 -0.121839 0.000374 0.040949 0.318207 0.604050 -0.533191 -0.273703 -0.221841 -0.268311 -0.107328 0.353696 0.340807 0.455065 0.301503 0.155254 0.232607 -0.013189 -0.094224 -0.123032 0.090405 0.275871 -0.004376 0.150064 0.077608 0.221578 -0.198921 -0.135669 0.114649 -0.086432 -0.026384 -0.099677 0.058004 0.032812 -0.166242 -0.118760 -0.118255 -0.113308 -0.147483 -0.214341 -0.491881 -0.510868 -0.021172 -0.147971 0.238174 -0.145572 -0.560359 -0.336448 0.125365 -0.059862 0.147164 0.291847 -0.170188 -0.161740 0.174648 0.345010 -0.219287 -0.141624 -0.208466 0.009081 -0.044393 0.226983 -0.201510 -0.248817 -0.276649 0.147502 0.032845 0.031870 -0.455142 -0.294908 -0.442495 -0.155568 0.159938 -0.057429 -0.220396 -0.352623 0.134732 -0.091065 0.471885 0.371063 -0.166186 0.027157 0.435271 0.381606 -0.063361 -0.080865 0.114223 -0.016661 -0.355613 -0.310721 -0.084029 -0.006552 -0.127025 0.089645 0.088781 0.111982 0.116336 0.063630 -0.030298 -0.125493 -0.240775 -0.046491 -0.199491 0.398082 0.431486 -0.200006
0.360911 0.150129 0.170368 -0.330061 -0.243509 -0.099578 0.338939 -0.042058 -0.055223 -0.216871 1.000000 0.351615 0.675594 0.468706 -0.069754 -0.231265 0.350264 0.170820 0.279016 0.148141 0.120598 0.049354 -0.197930 -0.269444 -0.252648 -0.227091 -0.100256 -0.083520 0.428662 -0.067628 -0.025734 -0.224690 0.210938 0.050070 -0.247773 -0.325413 0.026615 -0.059416 0.047128 -0.034654 0.127415 0.050694 -0.100793 -0.052479 -0.137331 -0.132170 -0.202173 -0.282265 0.047278 -0.228482 0.067039 0.102123 0.429390 -0.002844 0.361766 -0.059921 0.256613 -0.059045 0.156723 -0.149064 0.336590 0.013889 0.385821 0.206763 -0.023458 0.046400 -0.026263 -0.185017 -0.037163 -0.158151 0.035226 -0.280343 0.556815 0.155801 0.310286 0.216748 0.003754 -0.246583 0.270082 -0.002030 0.183861 0.161168 -0.218888 -0.234885 0.266495 0.355266 -0.178026 -0.198693 -0.240146 0.119646 -0.092069 0.023685 -0.146900 -0.041960 -0.252263 0.129928 -0.066514 0.266561 -0.029424 0.107874 -0.057520 0.231769 -0.122142 -0.153039 -0.109682 -0.308313 -0.015926 -0.264329 0.270065 0.146618 -0.197568 0.143725 0.091942 -0.034630 0.125681 0.176293
0.099452 0.194870 -0.333405 -0.407097 -0.617270 -0.478012 -0.364549 0.137594 -0.572647 -0.121839 0.351615 1.000000 -0.028548 0.567388 -0.511518 -0.434551 0.263627 0.441612 0.024495 0.158688 -0.308116 -0.430688 -0.665778 -0.398173 -0.724959 -0.586059 -0.601140 -0.685131 0.058981 0.398628 -0.312696 -0.248092 0.286032 0.078327 -0.260761 -0.206362 0.246750 0.327741 -0.271438 0.006571 0.048225 0.248043 0.052932 0.213720 0.212069 0.300386 0.146373 0.058647 -0.276718 0.261892 -0.285383 0.123156 -0.017274 -0.011905 -0.151900 0.107646 0.129992 0.019480 -0.205538 0.001605 0.072848 0.251747 0.437100 0.406055 -0.444510 0.115721 0.046846 0.081229 -0.160863 -0.280818 -0.065220 -0.262386 0.448868 0.180747 0.062119 0.084889 0.153171 0.053289 0.329503 0.387687 0.458320 0.362255 -0.200382 0.207331 -0.043454 0.235157 -0.375094 -0.178579 -0.492702 -0.206785 0.317288 0.210289 0.293721 -0.252557 -0.137687 0.249826 0.124650 0.172629 0.299696 0.342434 0.255293 -0.035351 0.335547 0.080554 0.133838 -0.045867 -0.021479 -0.204082 0.174542 0.078281 -0.002151 0.160971 0.425166 0.229243 -0.058419 0.166367
0.296703 0.044392 0.447549 -0.012766 0.136215 0.310639 0.543897 0.171595 0.261369 0.000374 0.675594 -0.028548 1.000000 0.378712 0.319763 0.036874 0.140965 -0.048354 0.100096 -0.106811 0.237432 0.292735 0.228786 -0.100973 0.062332 0.048427 0.289417 0.166544 0.412901 -0.129613 0.217393 0.064699 0.053594 0.053045 -0.170311 -0.202431 -0.036117 -0.318857 0.067881 -0.172402 0.016296 -0.192962 -0.261907 -0.287217 -0.326590 -0.386649 -0.351194 -0.521786 0.190031 -0.423885 0.215285 0.117746 0.508638 0.002863 0.561346 -0.150393 0.196243 0.014439 0.279320 -0.087800 0.358095 -0.010219 0.357719 0.146102 0.179682 0.119006 0.015574 -0.199087 0.036399 -0.031891 0.050428 -0.258728 0.374084 -0.003777 0.303551 0.220089 0.016099 -0.249542 -0.066948 -0.271867 -0.045298 0.008215 -0.035046 -0.289266 0.403873 0.213259 0.260171 -0.031754 0.100190 0.430160 -0.347222 -0.120610 -0.242266 0.066341 -0.171691 0.014737 -0.198158 0.146138 -0.277843 -0.115524 -0.055671 0.250888 -0.191131 -0.180404 -0.187330 -0.522649 -0.172756 -0.266049 0.366459 -0.038562 -0.275384 0.090311 -0.051842 -0.019133 0.051558 0.028151
0.107430 0.130669 -0.029762 -0.321077 -0.266755 -0.013375 0.109451 0.395805 -0.207794 0.040949 0.468706 0.567388 0.378712 1.000000 0.025539 -0.037332 0.254652 0.324753 0.028195 0.007995 -0.118627 -0.202973 -0.312984 -0.474833 -0.396015 -0.553738 -0.247594 -0.397789 0.281454 0.319170 -0.104026 -0.055367 0.163690 -0.013484 -0.422984 -0.330383 0.235794 0.040307 -0.137541 -0.239817 0.150043 -0.025710 -0.161737 -0.038904 0.017167 0.130537 -0.153970 -0.297336 -0.209668 0.001914 -0.117827 -0.021222 0.130334 -0.210468 0.166708 -0.265781 0.096739 0.112610 0.070423 0.163111 0.381458 0.364324 0.452785 0.408837 -0.074427 0.126358 0.113009 -0.005355 0.065410 -0.032470 -0.000092 -0.384183 0.344434 0.149230 0.040364 0.264295 -0.000605 -0.084371 0.132842 -0.030646 0.254781 0.105462 -0.035929 0.070616 0.007780 0.088030 0.025962 -0.333136 -0.235671 0.179186 -0.023818 -0.123138 0.200818 -0.105765 -0.404977 0.102124 -0.145289 0.073468 -0.086374 0.044208 0.155318 0.144338 0.251981 0.071036 0.080920 -0.338477 0.069457 -0.049223 0.274348 -0.136783 -0.361757 0.078782 0.217041 0.151777 0.068052 0.123246
-0.106682 -0.005843 0.363123 0.351612 0.690180 0.627651 0.418441 0.133790 0.734709 0.318207 -0.069754 -0.511518 0.319763 0.025539 1.000000 0.690522 -0.244054 -0.336674 0.091067 0.024932 0.270568 0.311915 0.725552 0.332597 0.696201 0.393099 0.669212 0.599245 0.366680 -0.188538 0.587745 0.463987 -0.065352 0.066675 0.229398 0.264135 0.122739 -0.191929 0.507006 -0.049558 0.209060 -0.066928 -0.461687 -0.496289 -0.565139 -0.558653 -0.399031 -0.401768 -0.059067 -0.599439 0.038138 -0.438236 0.008997 -0.305837 0.402492 -0.505116 -0.174603 -0.006175 0.224236 -0.000194 0.124175 -0.113598 -0.266350 -0.200297 0.577302 -0.017062 -0.120329 -0.267841 0.193935 0.277449 0.323081 0.046335 -0.175760 -0.135277 0.017601 -0.027441 0.042013 0.019089 -0.371257 -0.362853 -0.419450 -0.397559 0.616734 0.147473 0.267885 -0.148273 0.565331 0.174342 0.713501 0.494381 -0.531698 -0.209943 -0.254620 0.433179 -0.034219 -0.381561 -0.314029 -0.284846 -0.594404 -0.597438 -0.227553 0.239365 -0.252342 -0.112807 -0.153725 -0.134644 0.191317 0.200288 -0.176706 -0.098611 -0.203914 -0.392129 -0.442384 -0.125580 -0.024519 -0.280395
-0.480913 -0.309939 0.303071 0.425404 0.673877 0.452293 0.329936 0.263897 0.623112 0.604050 -0.231265 -0.434551 0.036874 -0.037332 0.690522 1.000000 -0.538599 -0.304147 -0.149986 -0.283790 0.056222 0.278885 0.588598 0.481530 0.686740 0.352294 0.541844 0.428248 0.064270 -0.215991 0.278040 0.418018 -0.159736 0.018647 0.237128 0.266953 -0.093081 -0.053016 0.457621 0.177057 0.077093 0.009879 -0.164894 -0.190359 -0.396100 -0.337826 -0.221190 -0.116390 -0.085842 -0.419047 -0.238018 -0.546557 0.024217 -0.291285 0.304383 -0.333869 -0.521726 -0.349847 0.212466 -0.090685 0.149964 0.086782 -0.376616 -0.296018 0.450566 0.101810 -0.226318 -0.264989 -0.083567 0.094344 0.270235 0.326019 -0.418278 -0.178863 -0.333517 0.005453 0.080857 0.108902 -0.464339 -0.342565 -0.583458 -0.360739 0.482632 0.114465 -0.006061 -0.368416 0.329709 0.065612 0.574864 0.317381 -0.346061 -0.042069 0.073307 0.482676 0.117250 -0.168602 0.027413 -0.062169 -0.489234 -0.466235 -0.290375 0.061163 -0.210988 0.007794 0.092652 0.110017 0.208739 0.255542 -0.088980 0.047709 -0.025955 -0.163278 -0.398423 0.088748 0.278695 -0.120133
0.569652 0.433142 -0.363172 -0.615715 -0.490253 -0.372879 -0.314844 -0.376721 -0.496067 -0.533191 0.350264 0.263627 0.140965 0.254652 -0.244054 -0.538599 1.000000 0.561184 0.115861 0.461697 0.225040 -0.260615 -0.435095 -0.448413 -0.517076 -0.489324 -0.156012 -0.225857 0.429352 0.404721 -0.096245 -0.215875 0.168193 -0.006717 -0.268468 -0.412278 0.374508 0.249781 -0.104443 0.100491 0.257881 0.209381 -0.146276 -0.097730 0.120364 0.170879 0.217842 -0.071475 -0.189467 0.241582 0.166624 0.490716 0.061332 0.214640 -0.217569 0.163864 0.685242 0.633981 -0.470011 -0.014957 -0.243949 -0.133613 0.217699 0.329853 -0.259619 -0.203274 -0.107916 -0.140377 0.453811 0.162903 0.159761 -0.222121 0.615050 0.424350 0.555154 0.072037 -0.012383 -0.147525 0.634941 0.469773 0.792299 0.545980 -0.208031 0.162338 0.193801 0.441529 -0.177777 0.098133 -0.466095 -0.214896 0.064247 -0.195533 -0.398648 -0.486531 -0.253667 0.056822 -0.162141 0.048654 0.344485 0.395442 -0.057386 -0.062035 -0.004144 -0.505660 -0.261050 -0.321100 -0.120151 -0.277320 0.083169 0.092717 -0.031031 0.197367 0.402141 -0.271610 -0.334331 -0.037629
0.314182 0.251171 -0.580884 -0.687842 -0.517209 -0.570218 -0.464393 -0.200213 -0.637248 -0.273703 0.170820 0.441612 -0.048354 0.324753 -0.336674 -0.304147 0.561184 1.000000 -0.101520 0.168172 0.075221 -0.378719 -0.590985 -0.483492 -0.455497 -0.562101 -0.372867 -0.480409 0.299944 0.784756 -0.289574 -0.180207 0.051084 -0.142973 -0.224380 -0.263895 0.487314 0.623247 -0.039151 0.345473 0.341044 0.456107 -0.045936 0.049312 0.002562 0.166851 0.247749 0.186388 -0.489695 0.194028 -0.208796 0.123584 -0.030757 0.158186 -0.195481 0.215401 0.327398 0.368488 -0.423230 0.016801 -0.093488 0.253098 0.388310 0.709039 -0.457228 -0.258701 -0.284605 -0.299981 0.045882 -0.308452 0.199507 -0.042479 0.485268 0.628669 0.306626 0.358197 0.364646 0.366305 0.534490 0.687284 0.626337 0.565876 -0.043046 0.321202 -0.143072 -0.019901 -0.179100 0.090637 -0.553038 -0.371447 0.238477 -0.002888 -0.086781 -0.320151 -0.247688 0.202490 0.151793 0.101861 0.435582 0.526769 0.033490 -0.081082 0.066979 -0.368539 0.000804 0.000369 0.007977 -0.065361 0.107690 0.270285 0.169304 0.338784 0.466590 -0.033667 -0.333384 -0.108230
0.495692 0.194237 0.336966 -0.019761 0.136850 0.064464 0.228428 0.029993 0.103256 -0.221841 0.279016 0.024495 0.100096 0.028195 0.091067 -0.149986 0.115861 -0.101520 1.000000 0.467317 0.110610 -0.055013 -0.168106 -0.250959 -0.048477 -0.152615 -0.035999 -0.139291 0.428680 -0.169851 0.233012 -0.005518 0.497559 0.380589 0.207777 0.022572 0.142148 -0.192392 0.024595 -0.253395 0.277485 -0.050859 -0.340627 -0.293190 -0.169251 -0.158595 -0.215201 -0.267542 -0.028705 -0.331523 -0.041338 -0.252688 -0.178973 -0.479457 -0.088635 -0.331088 0.347947 0.125952 0.514355 0.146546 0.537545 0.092863 0.352829 -0.114368 0.253499 0.118299 0.407958 0.220557 0.103302 0.123267 0.030817 -0.138990 0.321413 -0.068843 0.230115 -0.055973 -0.005749 -0.115808 0.179729 -0.108875 -0.022406 -0.240555 0.128508 -0.147543 0.137732 -0.000074 0.051139 -0.320429 -0.075330 -0.010850 -0.302244 -0.184694 -0.311783 -0.235218 -0.201050 -0.250394 -0.209573 -0.171932 -0.253330 -0.348268 -0.302836 0.095522 -0.157843 0.162483 -0.282877 -0.026158 0.029397 0.134513 -0.218134 -0.173076 -0.374723 -0.403747 -0.300575 -0.347287 -0.036280 -0.034078
0.307038 0.636799 -0.191710 -0.162707 -0.135333 -0.338946 -0.204140 -0.327835 -0.052179 -0.268311 0.148141 0.158688 -0.106811 0.007995 0.024932 -0.283790 0.461697 0.168172 0.467317 1.000000 0.034047 -0.036371 -0.141101 -0.097106 -0.242630 -0.285009 -0.202955 -0.091396 0.516913 0.157454 0.099860 -0.200022 0.490356 0.521718 0.346369 0.206622 0.305308 0.163976 0.086632 0.021077 0.170065 0.282624 -0.415797 -0.408799 -0.344471 -0.283312 -0.047692 -0.218176 -0.265558 -0.196250 -0.135584 -0.066514 -0.003652 0.027298 -0.178105 -0.159877 0.389431 0.410035 -0.141687 0.103221 -0.023619 0.043428 -0.049539 0.080169 0.098344 0.120254 -0.139652 -0.152829 0.492000 0.344877 0.145823 -0.033324 0.332031 0.273725 0.186767 -0.067896 0.018615 0.200613 0.167352 0.407823 0.390765 0.182144 0.162198 0.319025 0.300524 0.315450 -0.114167 0.136950 -0.049442 0.030545 0.036799 -0.140352 -0.249477 -0.313770 0.002740 -0.252840 -0.415975 -0.358560 -0.042253 -0.093187 -0.120865 -0.073912 -0.160919 -0.294607 -0.387483 -0.028723 0.074490 0.064525 -0.286825 -0.130854 -0.093023 -0.355417 -0.029433 -0.285977 -0.293309 -0.305851
0.323241 -0.092306 0.029240 -0.087213 0.239605 0.336230 0.008127 -0.129928 0.070563 -0.107328 0.120598 -0.308116 0.237432 -0.118627 0.270568 0.056222 0.225040 0.075221 0.110610 0.034047 1.000000 0.447113 0.008805 -0.182407 0.151415 0.254658 0.563709 0.270204 0.383273 0.009881 0.136234 0.026202 -0.038970 -0.091268 0.099348 -0.076300 0.183010 0.168366 0.489638 0.368782 0.433160 0.333854 -0.221617 -0.187481 -0.156449 -0.174279 0.056966 -0.301061 0.008438 -0.278694 0.129385 0.080990 0.053836 -0.010945 0.324123 0.081501 0.301272 0.135262 -0.032827 -0.041750 -0.032749 -0.140803 0.085958 -0.018204 0.023708 -0.155778 -0.050443 -0.121063 0.166884 0.142965 0.427283 0.191514 0.252004 0.471701 0.371449 0.148991 0.041814 -0.016835 0.117030 0.024652 0.283722 0.214031 0.273815 0.115093 0.235082 0.054555 0.284663 0.188207 0.140943 0.222472 -0.474816 -0.424336 -0.525256 -0.050174 -0.091568 -0.198497 0.163007 0.011201 -0.103140 -0.176073 -0.163955 0.195727 -0.427110 -0.374157 -0.265127 -0.043449 0.005786 -0.123425 -0.051525 0.093350 -0.198715 -0.251951 -0.037042 -0.291013 0.009494 -0.087914
-0.181912 0.023550 0.305678 0.458903 0.404624 0.425357 0.254700 0.191731 0.432183 0.353696 0.049354 -0.430688 0.292735 -0.202973 0.311915 0.278885 -0.260615 -0.378719 -0.055013 -0.036371 0.447113 1.000000 0.367848 0.257042 0.386145 0.493493 0.497527 0.377113 0.213566 -0.307344 0.079292 0.082707 0.062043 0.256984 0.090415 0.139076 -0.144097 -0.275727 0.312326 -0.024491 0.151180 -0.060626 -0.193233 -0.189659 -0.208717 -0.276685 -0.149555 -0.375301 0.274504 -0.385921 0.065219 -0.010302 0.360071 0.070979 0.532922 0.061041 -0.122918 -0.180089 0.218415 -0.001360 0.120032 -0.131483 -0.162704 -0.214663 0.088506 0.106820 -0.113904 -0.165160 0.067407 0.087267 0.167674 0.185718 0.034698 0.055536 0.055659 0.055869 -0.061470 -0.033628 -0.326140 -0.292648 -0.139889 -0.042908 0.154928 -0.134040 0.064886 -0.040459 0.204406 0.119016 0.415544 0.540532 -0.470310 -0.313840 -0.241437 0.125441 -0.019344 -0.244969 0.026123 -0.098306 -0.327224 -0.297064 -0.211998 0.064894 -0.372934 -0.149286 -0.128545 -0.087412 0.009494 0.007978 -0.157345 -0.263859 -0.292883 -0.273801 -0.127666 0.062049 0.317162 -0.061071
-0.332647 -0.205381 0.459097 0.583752 0.649909 0.519207 0.504240 -0.018241 0.824987 0.340807 -0.197930 -0.665778 0.228786 -0.312984 0.725552 0.588598 -0.435095 -0.590985 -0.168106 -0.141101 0.008805 0.367848 1.000000 0.747066 0.753367 0.631768 0.572319 0.755595 -0.075084 -0.435693 0.490577 0.377335 -0.215604 0.017564 0.313105 0.403505 -0.222808 -0.359651 0.314092 -0.092140 -0.181607 -0.208199 -0.170089 -0.277951 -0.402585 -0.465988 -0.346503 -0.223256 0.219276 -0.416864 0.225373 -0.320770 0.134259 -0.001635 0.263719 -0.276919 -0.360785 -0.241070 0.158003 -0.247397 -0.059024 -0.290175 -0.490713 -0.479082 0.592573 0.088540 -0.169416 -0.168341 0.119303 0.242979 0.108719 0.121195 -0.445472 -0.418730 -0.193655 -0.201340 -0.114481 -0.045822 -0.488501 -0.454537 -0.614169 -0.462117 0.271437 -0.088298 0.245715 -0.038948 0.301780 0.232963 0.682861 0.405238 -0.306471 -0.098552 -0.111469 0.453146 0.272348 -0.194957 -0.309700 -0.153043 -0.528480 -0.428380 -0.268600 0.057036 -0.330690 -0.064154 -0.034106 -0.023177 0.149728 0.192824 -0.059737 -0.086565 -0.003320 -0.227922 -0.481349 -0.003686 0.059511 -0.196307
-0.490803 -0.208850 0.207479 0.609079 0.379762 0.128542 0.145263 -0.072274 0.557537 0.455065 -0.269444 -0.398173 -0.100973 -0.474833 0.332597 0.481530 -0.448413 -0.483492 -0.250959 -0.097106 -0.182407 0.257042 0.747066 1.000000 0.473694 0.507419 0.238290 0.462031 -0.291686 -0.468916 0.253360 0.276187 -0.037590 0.146689 0.338876 0.375448 -0.243920 -0.178370 0.279846 0.120988 -0.157529 0.048177 0.013298 -0.061426 -0.236205 -0.279500 -0.088952 -0.001575 0.084527 -0.214783 -0.029978 -0.285692 0.085601 0.125425 0.061209 -0.021559 -0.474721 -0.363164 -0.078689 -0.367243 -0.283674 -0.316485 -0.533772 -0.541011 0.341446 0.117901 -0.350953 -0.225774 -0.094305 0.166129 0.008950 0.312122 -0.366829 -0.360005 -0.264089 -0.266346 -0.075582 -0.034061 -0.360826 -0.261522 -0.492469 -0.272399 0.140090 -0.048363 0.156163 -0.005656 -0.013706 0.262837 0.514181 0.148872 -0.015739 0.153232 0.195961 0.443447 0.321760 -0.085595 -0.038887 0.018393 -0.280417 -0.230340 -0.314584 -0.118065 -0.264034 -0.029198 0.189252 0.344421 0.273114 0.263779 -0.108256 0.057128 0.141979 -0.145018 -0.325179 0.209341 0.259329 -0.088748
-0.307714 -0.182244 0.423407 0.451948 0.710469 0.568954 0.430525 0.004893 0.704230 0.301503 -0.252648 -0.724959 0.062332 -0.396015 0.696201 0.686740 -0.517076 -0.455497 -0.048477 -0.242630 0.151415 0.386145 0.753367 0.473694 1.000000 0.771529 0.669237 0.749736 0.014577 -0.343117 0.421779 0.416518 -0.221142 0.023280 0.313641 0.418606 -0.179743 -0.243227 0.309877 0.008559 0.010151 -0.201547 -0.076489 -0.161959 -0.340397 -0.381909 -0.210412 0.015850 0.160583 -0.430781 0.096604 -0.422074 0.002794 -0.076545 0.131931 -0.259014 -0.451344 -0.313102 0.267585 -0.115650 0.041464 -0.195437 -0.480094 -0.328305 0.498448 -0.100665 -0.183031 -0.172850 -0.119478 0.001389 0.098575 0.284879 -0.469686 -0.284206 -0.188715 -0.005313 -0.014254 0.107160 -0.499435 -0.405107 -0.619870 -0.475031 0.438051 -0.027048 0.011417 -0.316396 0.355172 0.208119 0.530474 0.165808 -0.368974 -0.095689 -0.253855 0.406812 0.195572 -0.222829 -0.072652 -0.189745 -0.396272 -0.459602 -0.359451 -0.004579 -0.360615 -0.033416 -0.089536 0.005622 0.041526 0.184429 -0.175915 0.002903 0.111953 -0.184788 -0.474911 -0.111912 0.034320 -0.221473
-0.240194 -0.193875 0.317174 0.522948 0.462757 0.534079 0.209694 -0.099373 0.517455 0.155254 -0.227091 -0.586059 0.048427 -0.553738 0.393099 0.352294 -0.489324 -0.562101 -0.152615 -0.285009 0.254658 0.493493 0.631768 0.507419 0.771529 1.000000 0.616641 0.756130 -0.182346 -0.521661 0.248986 0.282526 -0.174569 0.026363 0.342491 0.452348 -0.302842 -0.285034 0.237082 0.095027 -0.101480 -0.121257 0.100402 -0.013809 -0.133068 -0.319550 -0.093401 0.002619 0.407189 -0.262442 0.307981 -0.068533 0.134556 0.181305 0.109107 -0.002647 -0.347768 -0.379582 0.179714 -0.269058 -0.171281 -0.473059 -0.459877 -0.453717 0.299717 -0.065251 -0.100815 -0.059684 -0.169348 0.007191 -0.042530 0.290752 -0.431499 -0.261902 -0.213941 -0.132032 -0.211109 -0.037258 -0.474883 -0.389281 -0.456400 -0.321523 0.220175 -0.059916 0.153255 0.003756 0.158483 0.365381 0.492975 0.144333 -0.234049 -0.097212 -0.209553 0.301020 0.297224 -0.142451 0.007173 -0.114541 -0.276322 -0.338018 -0.248799 -0.002100 -0.339034 0.029950 -0.106081 0.087805 -0.102409 0.077599 -0.108164 -0.035335 0.086371 -0.234001 -0.362102 -0.089825 0.068917 -0.111179
0.031080 -0.194624 0.475954 0.357175 0.711533 0.717705 0.347932 0.047679 0.538121 0.232607 -0.100256 -0.601140 0.289417 -0.247594 0.669212 0.541844 -0.156012 -0.372867 -0.035999 -0.202955 0.563709 0.497527 0.572319 0.238290 0.669237 0.616641 1.000000 0.652740 0.176272 -0.256236 0.391562 0.316183 -0.190400 -0.047009 0.193178 0.064328 -0.095681 -0.199438 0.436593 0.149247 0.079770 -0.084691 -0.207211 -0.279082 -0.286205 -0.418319 -0.116940 -0.296599 0.236164 -0.435280 0.181532 -0.182884 0.072615 -0.089650 0.327364 -0.164718 -0.001180 -0.008810 0.117812 -0.281033 -0.024191 -0.268995 -0.238787 -0.265140 0.407754 -0.081603 -0.085184 -0.189844 0.221363 0.318495 0.355242 0.230166 -0.186358 0.032359 0.088393 0.028036 -0.011212 -0.124682 -0.249784 -0.242553 -0.276128 -0.083483 0.391970 0.064327 0.267204 -0.098316 0.521492 0.242086 0.557671 0.406924 -0.670812 -0.427160 -0.482799 0.196560 0.131458 -0.142561 -0.052838 -0.085434 -0.428312 -0.370279 -0.263921 0.151327 -0.408112 -0.194428 -0.220932 -0.215532 -0.082446 -0.157997 0.046328 0.026576 -0.173855 -0.157160 -0.262029 -0.112498 0.032666 -0.254707
-0.161965 -0.196063 0.242949 0.325050 0.467114 0.497880 0.344520 -0.277615 0.615180 -0.013189 -0.083520 -0.685131 0.166544 -0.397789 0.599245 0.428248 -0.225857 -0.480409 -0.139291 -0.091396 0.270204 0.377113 0.755595 0.462031 0.749736 0.756130 0.652740 1.000000 0.006865 -0.477756 0.395268 0.280783 -0.315452 -0.133398 0.283020 0.324560 -0.207203 -0.223378 0.384202 0.159132 -0.075087 -0.053722 -0.104566 -0.219219 -0.306297 -0.388950 -0.255168 -0.113303 0.348764 -0.373953 0.416973 -0.076754 0.179156 0.070511 0.212091 -0.212954 -0.183678 -0.203929 0.047741 -0.259347 -0.207614 -0.421293 -0.602059 -0.446827 0.495537 -0.072202 -0.187866 -0.147210 0.088526 0.156804 0.162464 0.165931 -0.400009 -0.130071 -0.036345 -0.125409 -0.230341 -0.067160 -0.314439 -0.405955 -0.362885 -0.382121 0.307526 0.040304 0.317294 0.184838 0.204821 0.441703 0.519566 0.190594 -0.254717 -0.052082 -0.314294 0.343418 0.291842 -0.119757 -0.241406 -0.145813 -0.389852 -0.341943 -0.235543 0.064409 -0.329460 -0.186713 -0.129112 -0.028137 -0.026989 0.091280 -0.017280 0.079567 0.108959 -0.215580 -0.485649 -0.212288 -0.047634 -0.119705
0.375722 0.400204 0.022309 -0.142904 0.065205 0.018156 0.074627 0.013663 0.009506 -0.094224 0.428662 0.058981 0.412901 0.281454 0.366680 0.064270 0.429352 0.299944 0.428680 0.516913 0.383273 0.213566 -0.075084 -0.291686 0.014577 -0.182346 0.176272 0.006865 1.000000 0.305393 0.369725 0.236303 0.388757 0.397267 0.180469 0.103657 0.320458 0.067111 0.213718 -0.022959 0.408196 0.231911 -0.621027 -0.490141 -0.500160 -0.325015 -0.251879 -0.448594 -0.334321 -0.440710 -0.239592 -0.148383 0.058265 -0.286517 0.204483 -0.393043 0.285052 0.258416 0.099026 0.200784 0.299490 0.168599 0.252403 0.254947 0.123456 0.062600 -0.061911 -0.193694 0.269508 0.032785 0.309769 0.013888 0.598010 0.343544 0.430232 0.249251 0.206594 0.206121 0.140944 0.239480 0.293287 0.182361 0.284716 0.228426 0.188706 0.061096 0.147654 0.040936 -0.010832 0.200247 -0.472554 -0.317519 -0.505924 -0.219201 -0.232237 -0.258875 -0.268080 -0.249360 -0.275415 -0.249106 -0.309475 0.118260 -0.383893 -0.380495 -0.438767 -0.223394 0.100396 0.084219 -0.158807 -0.138160 -0.257246 -0.269545 -0.050244 -0.299567 -0.158064 -0.217851
0.230777 0.215834 -0.411750 -0.469499 -0.285236 -0.378407 -0.376224 -0.000089 -0.495013 -0.123032 -0.067628 0.398628 -0.129613 0.319170 -0.188538 -0.215991 0.404721 0.784756 -0.169851 0.157454 0.009881 -0.307344 -0.435693 -0.468916 -0.343117 -0.521661 -0.256236 -0.477756 0.305393 1.000000 -0.077218 0.025354 0.011048 -0.049071 -0.130245 -0.080074 0.440132 0.522997 -0.171739 0.094284 0.233739 0.294339 -0.241264 -0.105526 -0.126515 0.118677 0.045958 0.036566 -0.507353 0.093411 -0.316351 -0.079535 -0.221218 0.002266 -0.176080 0.024607 0.272860 0.414243 -0.305766 0.202831 0.023768 0.432227 0.408488 0.768559 -0.322155 -0.095081 -0.105216 -0.081613 0.093800 -0.239292 0.170468 -0.030174 0.372424 0.455481 0.129018 0.337107 0.391372 0.468818 0.326023 0.671107 0.504114 0.486842 0.033758 0.475019 -0.230509 -0.195906 0.002500 -0.003664 -0.373587 -0.177747 0.097097 -0.078857 -0.094129 -0.297411 -0.132360 0.180093 -0.028320 -0.085791 0.221456 0.334946 0.163652 -0.051248 0.021220 -0.231434 -0.141801 -0.107898 -0.037390 -0.136023 0.009865 0.031857 0.106541 0.172209 0.382389 0.049356 -0.435872 -0.173356
0.143869 -0.107717 0.368445 0.304502 0.435382 0.399636 0.407695 0.161549 0.416438 0.090405 -0.025734 -0.312696 0.217393 -0.104026 0.587745 0.278040 -0.096245 -0.289574 0.233012 0.099860 0.136234 0.079292 0.490577 0.253360 0.421779 0.248986 0.391562 0.395268 0.369725 -0.077218 1.000000 0.757192 -0.049954 0.045627 0.373388 0.254164 -0.181735 -0.353424 -0.008090 -0.315781 -0.092212 -0.067096 -0.547466 -0.550748 -0.404443 -0.249789 -0.526872 -0.406133 -0.099932 -0.516039 0.033743 -0.398968 -0.284389 -0.514654 0.037898 -0.695001 -0.108120 0.018160 0.250160 -0.003225 0.198968 0.121409 -0.056029 -0.209804 0.637141 0.340349 0.160262 0.181817 0.048197 0.161407 0.198097 0.246820 -0.068230 -0.130347 0.119207 -0.043399 -0.040946 -0.013010 -0.162758 -0.261384 -0.280495 -0.337655 0.313538 0.183416 0.216961 -0.041052 0.341977 0.037249 0.447098 0.121869 -0.397597 -0.034140 -0.185137 0.129827 0.192604 -0.119513 -0.488864 -0.187398 -0.640124 -0.597320 -0.285231 0.183220 -0.276595 -0.062839 -0.273705 -0.008575 0.039943 0.097034 -0.037636 -0.052398 -0.135429 -0.354661 -0.434910 -0.204095 -0.053290 -0.162993
-0.035284 -0.191590 0.128584 0.377518 0.302784 0.394109 0.129278 0.371621 0.236520 0.275871 -0.224690 -0.248092 0.064699 -0.055367 0.463987 0.418018 -0.215875 -0.180207 -0.005518 -0.200022 0.026202 0.082707 0.377335 0.276187 0.416518 0.282526 0.316183 0.280783 0.236303 0.025354 0.757192 1.000000 -0.068278 0.019755 0.262471 0.272896 -0.096670 -0.222222 -0.073085 -0.231692 0.050197 -0.034855 -0.366596 -0.368630 -0.318707 -0.056523 -0.424534 -0.246724 -0.248860 -0.363529 -0.136169 -0.320852 -0.277217 -0.474276 -0.069622 -0.601847 -0.317052 -0.095095 0.185884 0.112235 0.114827 0.169803 -0.026372 -0.144450 0.390106 0.301367 0.130464 0.217783 -0.155569 -0.060985 0.108493 0.319247 -0.131026 -0.147289 -0.024014 -0.022373 -0.031121 0.102662 -0.169578 -0.301678 -0.218945 -0.296495 0.320451 0.295201 0.040583 -0.210568 0.263491 0.091436 0.342962 -0.062817 -0.309676 0.010931 -0.011852 0.019612 0.177022 -0.044449 -0.220264 -0.158738 -0.529010 -0.491614 -0.423106 -0.112468 -0.239627 -0.043803 -0.059617 0.187635 0.024027 0.152001 -0.034834 -0.059794 -0.075355 -0.226032 -0.358966 0.017949 0.121074 -0.052316
0.110496 0.464518 0.137565 0.052129 -0.032719 -0.220395 -0.058811 0.135790 -0.032625 -0.004376 0.210938 0.286032 0.053594 0.163690 -0.065352 -0.159736 0.168193 0.051084 0.497559 0.490356 -0.038970 0.062043 -0.215604 -0.037590 -0.221142 -0.174569 -0.190400 -0.315452 0.388757 0.011048 -0.049954 -0.068278 1.000000 0.869338 0.200604 0.152687 0.207921 -0.000514 0.128194 -0.101278 0.314837 0.306333 -0.373676 -0.308638 -0.240372 -0.226716 -0.069084 -0.328983 -0.165680 -0.208122 -0.274472 -0.065911 0.063520 -0.124927 -0.105168 -0.135041 0.178362 0.069261 0.143842 0.063549 0.291536 0.052511 0.280410 -0.023254 -0.043667 0.139782 0.049462 -0.048723 0.089206 0.146642 -0.252670 0.104826 0.447410 0.109735 0.105603 0.016174 0.067048 0.075915 0.073320 0.176241 0.152723 -0.046777 0.033272 0.101322 0.163340 0.037555 -0.098141 -0.188220 -0.175747 0.038021 -0.173597 -0.237734 -0.095549 -0.237292 -0.146924 -0.316787 -0.093848 -0.265168 -0.006888 -0.183484 -0.239344 -0.125437 -0.052601 0.018920 -0.113884 0.005871 0.013595 0.204605 -0.306489 -0.437101 -0.294229 -0.425933 -0.011347 0.032586 -0.034918 -0.139454
-0.041662 0.493388 0.237065 0.260780 0.127353 -0.128240 0.002255 0.134261 0.139020 0.150064 0.050070 0.078327 0.053045 -0.013484 0.066675 0.018647 -0.006717 -0.142973 0.380589 0.521718 -0.091268 0.256984 0.017564 0.146689 0.023280 0.026363 -0.047009 -0.133398 0.397267 -0.049071 0.045627 0.019755 0.869338 1.000000 0.343833 0.346619 0.091509 -0.087855 0.120191 -0.143487 0.210475 0.184530 -0.376039 -0.350417 -0.403230 -0.390393 -0.090910 -0.290350 -0.132097 -0.327983 -0.368481 -0.190133 0.151799 -0.020668 -0.095063 -0.171028 0.003941 -0.017047 0.154746 0.077960 0.228710 0.055455 0.050709 -0.081669 0.054951 0.199731 -0.096759 -0.136037 0.057183 0.168622 -0.208785 0.245235 0.284132 0.010711 -0.023704 0.027330 0.125848 0.215772 -0.188538 0.105833 0.008552 -0.060516 0.169227 0.153759 0.167535 -0.037762 -0.038172 -0.077807 -0.029228 0.114976 -0.176073 -0.146509 -0.094564 -0.140659 0.046181 -0.376182 -0.134318 -0.346119 -0.104286 -0.268649 -0.238664 -0.208858 -0.132421 0.012480 -0.216508 -0.014412 -0.028474 0.238694 -0.330592 -0.477948 -0.167264 -0.442527 -0.107729 0.031501 -0.032796 -0.227408
-0.041959 0.008360 0.078394 0.333788 0.267198 0.039173 -0.072798 -0.130240 0.187947 0.077608 -0.247773 -0.260761 -0.170311 -0.422984 0.229398 0.237128 -0.268468 -0.224380 0.207777 0.346369 0.099348 0.090415 0.313105 0.338876 0.313641 0.342491 0.193178 0.283020 0.180469 -0.130245 0.373388 0.262471 0.200604 0.343833 1.000000 0.717637 -0.103017 0.054865 0.193582 0.148140 -0.113674 0.289108 -0.222121 -0.291159 -0.374778 -0.333459 -0.154879 -0.078763 -0.141054 -0.294897 -0.160012 -0.337582 -0.170834 -0.137501 -0.143930 -0.332156 -0.260424 -0.284858 0.055628 -0.177836 -0.097175 -0.032779 -0.328220 -0.399625 0.355817 0.220984 -0.005513 0.092351 0.055625 0.103344 0.210122 0.525082 -0.297901 0.045786 -0.334423 -0.043315 0.020895 0.399817 -0.273422 0.100238 -0.183791 -0.109698 0.268259 0.297607 0.238601 0.001290 -0.065194 0.251296 0.306513 -0.006334 -0.062238 -0.146719 -0.169038 -0.043545 0.404022 -0.319226 -0.218651 -0.374997 -0.263004 -0.417366 -0.254864 0.006106 -0.491048 -0.100280 -0.261428 0.395783 0.159783 0.440925 -0.270890 -0.119675 0.216808 -0.371151 -0.331762 -0.188591 -0.181217 -0.380609
-0.307970 0.036952 -0.017282 0.407378 0.221133 0.105578 -0.065150 -0.026199 0.291611 0.221578 -0.325413 -0.206362 -0.202431 -0.330383 0.264135 0.266953 -0.412278 -0.263895 0.022572 0.206622 -0.076300 0.139076 0.403505 0.375448 0.418606 0.452348 0.064328 0.324560 0.103657 -0.080074 0.254164 0.272896 0.152687 0.346619 0.717637 1.000000 -0.063320 0.005511 0.061105 -0.005932 -0.129102 0.195592 -0.104771 -0.118309 -0.327639 -0.242499 -0.179850 0.074917 -0.132880 -0.187673 -0.228699 -0.311245 -0.124682 0.005406 -0.129846 -0.238062 -0.426813 -0.306062 0.175748 0.144493 -0.007398 0.032758 -0.363917 -0.255069 0.163244 0.169359 -0.051167 0.130109 -0.173199 -0.137804 -0.056612 0.275770 -0.381908 -0.228242 -0.397097 -0.099946 -0.078874 0.545046 -0.528162 -0.026237 -0.320105 -0.357495 0.269489 0.275466 -0.088995 -0.160013 -0.103853 0.323209 0.299528 0.041572 0.083060 -0.009211 -0.074449 0.004328 0.195904 -0.394092 -0.222158 -0.610095 -0.253253 -0.414736 -0.213836 -0.135382 -0.408172 0.112945 -0.290609 0.284550 0.093424 0.397760 -0.403948 -0.309619 0.206392 -0.422092 -0.468561 -0.267166 -0.265578 -0.509433
