1.000000 0.216962 -0.050793 -0.148177 -0.340813 -0.446043 -0.083682 -0.178016 -0.416567 -0.420020 0.179743 -0.211644 0.173260 -0.064617 -0.259341 -0.486936 0.348578 0.313730 0.482903 0.395668 -0.138104 -0.298852 0.064130 -0.075689 -0.361015 -0.306848 -0.109582 -0.093680 0.171767 0.126193 -0.136244 -0.158416 0.089795 0.036766 -0.057114 -0.042631 0.084845 -0.146443 0.101725 0.047991 -0.026417 0.019447 0.166864 0.156779 0.122167 0.144223 0.013344 0.008597 0.237336 0.245456 -0.020699 0.145175 -0.223305 0.042752 -0.131757 0.019659 0.695917 -0.125788 0.034617 -0.136180 0.079110 -0.170660 0.270772 0.147162 -0.320059 -0.301014 -0.267160 -0.438212 0.177632 -0.247571 0.098248 0.058475 0.218297 0.224588 0.450135 0.379464 0.236487 -0.045243 0.299548 0.307497 0.376521 0.062569 -0.073266 -0.106340 -0.183177 -0.130939 0.106514 -0.284752 -0.227740 -0.258568 -0.074672 -0.146425 -0.337905 -0.271732 -0.090981 0.053407 -0.192737 -0.024774 0.009996 0.375813 -0.044933 0.213722 0.033658 -0.031957 -0.146550 -0.005452 -0.023257 0.100671 0.075471 0.112501 -0.130166 0.070132 0.028594 -0.165283 -0.101153 -0.000401
0.216962 1.000000 -0.485434 -0.213030 -0.058021 -0.163517 -0.483165 -0.263255 -0.112229 -0.118912 -0.429227 -0.376755 -0.249094 -0.352935 -0.147785 -0.114138 0.054761 0.259273 0.040324 0.470880 0.062589 -0.221428 -0.453897 -0.418145 -0.140810 -0.341209 0.005915 -0.135549 -0.065903 -0.017545 -0.526552 -0.447027 -0.072006 -0.003025 -0.468322 -0.166942 -0.168937 -0.338905 -0.014115 0.103619 -0.076190 -0.143471 -0.225420 -0.214403 -0.029795 -0.056013 -0.371630 -0.208937 -0.284947 0.031306 -0.078619 -0.154069 -0.060260 -0.255907 -0.186532 -0.430982 0.235902 0.716396 0.214650 0.508772 0.143497 0.044573 0.281977 0.417331 -0.182792 -0.213696 0.218548 -0.135288 0.550700 0.423968 -0.145367 -0.347630 0.008438 -0.087044 -0.126735 -0.179979 -0.232111 -0.246934 0.185310 0.213568 0.290556 0.309819 -0.081330 0.183587 -0.205017 -0.115054 -0.167130 -0.001021 0.093060 -0.090866 -0.011078 -0.079670 -0.093505 0.225063 0.086132 -0.020049 0.074243 -0.165219 0.196413 0.090315 0.291639 0.328830 0.608652 0.319679 0.150873 0.019061 0.158890 0.026038 -0.320905 0.120467 -0.137397 0.232106 0.066314 -0.398354 -0.083666 -0.071885
-0.050793 -0.485434 1.000000 0.617101 0.205579 0.170186 0.738095 0.518912 0.239108 0.278665 0.421279 0.470759 0.220337 0.159917 0.182453 0.054324 -0.126765 -0.370445 0.341762 -0.144988 0.113657 0.110265 0.461811 0.389166 0.111935 0.194201 0.002321 0.021586 -0.136128 -0.194520 0.311309 0.255408 0.141185 0.005965 0.061328 -0.009813 -0.190786 -0.067870 -0.284118 -0.382347 -0.038030 -0.056100 -0.005380 0.002603 0.062692 -0.011408 0.006339 -0.152590 0.088301 0.074500 0.265981 0.088205 0.037659 0.060795 -0.204033 -0.103085 -0.216321 -0.520790 0.048401 -0.083388 0.195041 0.085893 -0.265082 -0.325111 0.339683 0.226127 -0.027678 0.107141 -0.624494 -0.522842 0.030453 0.105728 -0.191322 0.007757 0.098115 -0.009481 0.132721 -0.110462 -0.495021 -0.430841 -0.447803 -0.534383 0.229677 -0.088025 0.185055 0.134118 0.234016 0.075195 -0.040055 0.143785 0.141011 0.391315 0.496738 0.185408 -0.339243 -0.067730 -0.208941 -0.237974 -0.414591 -0.329470 0.034466 -0.010591 -0.187320 -0.234020 -0.289173 -0.200318 -0.227189 -0.162221 -0.066963 -0.109090 -0.056982 -0.386869 0.040168 0.088730 -0.158721 0.094061
-0.148177 -0.213030 0.617101 1.000000 0.058986 0.157817 0.660734 0.684876 0.175032 0.234760 0.467440 0.700968 0.040282 0.207636 0.420348 0.250311 -0.257834 -0.391821 0.426427 0.066897 -0.010506 -0.137819 0.438292 0.423761 0.014261 0.206666 -0.033961 0.042354 -0.114232 -0.113736 0.214735 0.350359 0.000211 -0.328930 -0.044096 -0.334106 -0.316891 -0.263409 -0.418902 -0.305653 -0.130331 -0.208053 0.112108 0.042512 -0.047897 -0.163395 0.159303 0.010165 0.062607 0.016968 0.188395 0.256342 0.046826 0.255523 -0.235493 -0.153876 -0.483571 -0.473748 -0.381806 -0.053995 -0.197125 0.131055 -0.332143 -0.339106 0.497747 0.324819 -0.181659 0.091293 -0.621649 -0.451999 0.036238 -0.054860 -0.167767 -0.120121 0.023127 -0.076872 0.043924 -0.031209 -0.625265 -0.264935 -0.577074 -0.620238 0.486735 0.182214 0.368435 0.247299 0.157906 0.039899 0.087686 0.212650 0.343836 0.430722 0.713357 0.127388 -0.503811 -0.043049 -0.440844 -0.243227 -0.390569 -0.497556 -0.014666 -0.203448 -0.186407 -0.368170 -0.283956 -0.194013 -0.041788 -0.144450 -0.202330 -0.016967 -0.110002 -0.375117 -0.110027 0.200087 -0.039666 -0.102171
-0.340813 -0.058021 0.205579 0.058986 1.000000 0.787088 -0.083363 -0.069555 0.733549 0.770838 -0.265189 0.058424 -0.440014 -0.233269 0.404830 0.573824 -0.402837 -0.473062 -0.122513 -0.419340 0.113979 0.125122 0.153941 0.135569 0.711561 0.309491 0.424586 0.123639 -0.399174 -0.534705 -0.127987 -0.018081 -0.120989 -0.033490 0.044476 0.068286 -0.010322 -0.198941 -0.086101 -0.029933 0.113326 -0.003538 -0.343265 -0.326951 0.262218 0.112091 -0.211913 -0.363599 -0.047336 0.210165 0.354424 0.040629 0.311551 -0.094621 0.063699 -0.136333 -0.288191 0.024906 0.305898 0.279119 0.099507 0.165705 -0.195689 -0.112494 0.137847 0.144788 0.263432 0.399663 -0.314461 -0.076865 -0.412527 -0.266300 -0.507054 -0.220582 -0.083776 -0.261138 -0.292804 -0.378039 -0.348007 -0.329751 -0.296336 -0.221437 0.175144 0.108832 0.121357 0.212719 -0.074490 0.117970 0.368994 0.482479 0.154196 0.272501 0.276798 0.203219 -0.161220 -0.271848 0.077417 -0.208673 0.174360 -0.121301 0.204952 0.141752 -0.135748 0.012107 -0.011774 -0.028942 -0.051728 0.122575 -0.135512 -0.359523 -0.161277 -0.145577 0.105036 -0.114822 0.088524 -0.075082
-0.446043 -0.163517 0.170186 0.157817 0.787088 1.000000 -0.093683 0.037569 0.826627 0.875864 -0.146903 0.269498 -0.449447 -0.131445 0.474033 0.732978 -0.295086 -0.480654 -0.273985 -0.503376 0.211183 0.118125 0.224148 0.316273 0.829219 0.581973 0.549403 0.308075 -0.519270 -0.474052 -0.088946 0.043845 -0.188348 -0.052748 0.155331 0.063100 -0.000460 -0.299342 -0.210902 -0.057392 0.054789 -0.046742 -0.292992 -0.285441 0.258960 0.106124 -0.131414 -0.228167 0.028301 0.193051 0.371283 0.103744 0.304251 -0.026425 0.089827 -0.061730 -0.309748 -0.094843 0.190492 0.109951 0.024844 0.327553 -0.301229 -0.230122 0.304260 0.326931 0.128954 0.321375 -0.353314 -0.111983 -0.371680 -0.263562 -0.502805 -0.244433 -0.120800 -0.351792 -0.255264 -0.381815 -0.335084 -0.225194 -0.229326 -0.150771 0.161112 -0.002734 0.344543 0.306382 0.080590 0.307695 0.443388 0.552844 0.166460 0.230270 0.394801 0.160219 -0.280719 -0.305161 0.099799 -0.266147 0.134112 -0.190924 0.010642 -0.049490 -0.275521 -0.221929 -0.132431 -0.140468 -0.065387 -0.075657 -0.179170 -0.254761 -0.111856 -0.226084 0.012226 0.041579 0.141112 -0.188030
-0.083682 -0.483165 0.738095 0.660734 -0.083363 -0.093683 1.000000 0.677576 -0.073119 -0.038882 0.527129 0.556082 0.384721 0.419307 0.197600 -0.026320 -0.251944 -0.324786 0.367590 -0.016710 0.059248 -0.056711 0.430759 0.359318 -0.223693 -0.013261 -0.134455 -0.050908 -0.011402 -0.016734 0.387021 0.356026 -0.018038 -0.185126 0.053416 -0.133863 -0.270084 -0.080357 -0.221343 -0.274737 -0.123034 -0.110378 0.273774 0.228821 -0.006907 -0.045491 0.326817 0.194470 0.143148 0.018311 0.138048 0.216013 -0.023228 0.279573 -0.235377 0.084967 -0.417662 -0.550499 -0.366398 -0.254670 -0.095899 0.006278 -0.358461 -0.376804 0.320706 0.186051 -0.334705 -0.002457 -0.559052 -0.363084 0.100875 0.137465 -0.083468 -0.068055 -0.006544 0.019054 0.118855 0.087261 -0.507534 -0.355720 -0.538533 -0.598282 0.249086 -0.008954 0.177664 0.070460 0.042744 -0.057161 -0.155257 -0.009786 0.229981 0.312214 0.468054 0.030182 -0.398122 0.146057 -0.390570 -0.000577 -0.406191 -0.387614 -0.192843 -0.258308 -0.247658 -0.310750 -0.243063 -0.078490 -0.101842 -0.133898 0.034401 0.088008 -0.032301 -0.347558 0.037965 0.271438 -0.048385 0.054272
-0.178016 -0.263255 0.518912 0.684876 -0.069555 0.037569 0.677576 1.000000 0.121064 0.217329 0.303322 0.622379 0.170533 0.572499 -0.023069 0.178301 -0.088081 -0.181800 0.092720 -0.133738 -0.140052 -0.229955 0.116269 0.246184 -0.125218 0.027896 -0.260809 -0.142521 -0.212576 0.089571 0.015693 0.034041 0.009806 0.054103 0.073749 0.045221 -0.341307 -0.134222 -0.294952 -0.239890 -0.234060 -0.063595 0.135947 0.173864 -0.040962 0.008552 0.108641 0.158023 0.106926 -0.050826 0.119892 0.162921 0.058412 0.124828 -0.223180 -0.155215 -0.373546 -0.454121 -0.218880 0.038345 -0.013587 0.536131 -0.250464 -0.245968 0.237046 0.620464 -0.186179 0.124733 -0.475292 -0.367548 0.045098 -0.062577 -0.135808 -0.070319 0.115893 0.026064 0.094036 0.039522 -0.377854 -0.205486 -0.348860 -0.437718 -0.057692 -0.215778 0.111433 -0.074577 -0.047123 -0.113747 -0.205729 -0.037588 0.261243 0.237050 0.612817 0.076254 -0.313075 0.193565 -0.297674 -0.154780 -0.441218 -0.411462 -0.182156 -0.373859 -0.158675 -0.348680 -0.259110 -0.315979 -0.212829 -0.214622 -0.111750 0.123984 0.041487 -0.418165 -0.118371 0.201447 -0.119349 0.031122
-0.416567 -0.112229 0.239108 0.175032 0.733549 0.826627 -0.073119 0.121064 1.000000 0.914923 -0.169697 0.230106 -0.401979 -0.058967 0.398457 0.713494 -0.255136 -0.398239 -0.217116 -0.378985 -0.013310 0.080586 0.201756 0.260787 0.850027 0.460751 0.334911 0.105314 -0.527607 -0.442175 -0.139698 -0.060838 -0.044809 0.191010 0.229218 0.231105 -0.217972 -0.302771 -0.332370 -0.124568 -0.030180 -0.104858 -0.438814 -0.453208 0.147771 -0.004938 -0.342531 -0.399448 -0.141906 0.083227 0.348164 0.007608 0.333123 -0.129882 0.018199 -0.339424 -0.260060 0.049426 0.341114 0.361036 0.075740 0.435265 -0.187903 -0.112232 0.306788 0.326968 0.271784 0.421873 -0.259989 -0.023386 -0.403524 -0.281231 -0.514200 -0.236966 -0.132449 -0.377660 -0.330502 -0.479070 -0.351668 -0.224348 -0.134404 -0.024518 0.059478 -0.026737 0.260372 0.293461 0.085764 0.307691 0.317730 0.544704 0.218506 0.216035 0.281332 0.123462 -0.185787 -0.383910 0.011512 -0.353845 -0.055065 -0.308425 -0.045034 -0.004351 -0.159594 -0.150674 -0.016141 -0.070599 -0.099015 0.023449 -0.159341 -0.382564 -0.202904 -0.350881 -0.036207 -0.130083 0.277581 -0.171480
-0.420020 -0.118912 0.278665 0.234760 0.770838 0.875864 -0.038882 0.217329 0.914923 1.000000 -0.099243 0.307127 -0.370490 -0.007038 0.350777 0.701589 -0.208110 -0.418865 -0.162776 -0.447900 -0.054532 -0.028028 0.166101 0.199535 0.779104 0.414880 0.254770 0.025363 -0.531598 -0.399077 -0.183521 -0.083456 0.020422 0.170953 0.120557 0.150702 -0.108264 -0.287964 -0.323141 -0.130443 0.013967 -0.060319 -0.402873 -0.373052 0.179435 0.041309 -0.273317 -0.345898 -0.124984 0.131664 0.382145 0.055486 0.341497 -0.094503 -0.052343 -0.329043 -0.260801 -0.038417 0.250645 0.344523 0.113479 0.518552 -0.173900 -0.095457 0.274316 0.347397 0.284193 0.383157 -0.321107 -0.131701 -0.381382 -0.345547 -0.465613 -0.176894 -0.021133 -0.326967 -0.194813 -0.414022 -0.364538 -0.203711 -0.172188 -0.104772 0.103604 -0.056486 0.299285 0.231630 0.081868 0.292533 0.251967 0.440652 0.249371 0.282721 0.386739 0.155712 -0.262183 -0.302567 0.000118 -0.348048 -0.049858 -0.269716 -0.083335 -0.053231 -0.205730 -0.197442 -0.057225 -0.160741 -0.174471 -0.083286 -0.177204 -0.339758 -0.171411 -0.287775 -0.029761 -0.070540 0.175665 -0.118210
0.179743 -0.429227 0.421279 0.467440 -0.265189 -0.146903 0.527129 0.303322 -0.169697 -0.099243 1.000000 0.584236 0.596919 0.444260 0.275001 -0.046500 0.220911 -0.117404 0.326758 -0.021132 -0.052611 -0.186927 0.449848 0.258356 -0.137357 -0.027990 -0.184657 -0.042366 0.135896 0.206694 0.390065 0.421828 0.103431 -0.163766 0.251198 -0.107262 0.136490 -0.043952 -0.161469 -0.051451 0.054847 -0.095232 0.035245 -0.033454 -0.007216 -0.123895 0.190959 -0.107604 0.151081 0.018587 -0.056985 0.070325 0.011607 0.082654 0.074196 0.105671 0.015888 -0.637296 -0.206785 -0.208615 0.092143 0.088302 -0.229430 -0.364962 0.219107 0.011747 -0.225342 -0.179945 -0.497650 -0.505575 0.184606 0.348876 0.129464 0.263707 0.337209 0.323506 0.366531 0.151208 -0.241426 -0.121515 -0.143358 -0.324715 0.373435 -0.112296 0.433995 0.305907 0.446548 0.001403 0.056105 0.170812 0.059830 0.236069 0.171655 -0.138125 -0.379195 0.092451 -0.251621 0.087535 -0.354058 -0.083781 -0.249603 -0.125773 -0.466006 -0.391691 -0.181280 -0.102251 -0.072585 -0.100603 0.160804 0.113275 -0.061702 -0.347109 0.035914 0.284674 0.045505 -0.064023
-0.211644 -0.376755 0.470759 0.700968 0.058424 0.269498 0.556082 0.622379 0.230106 0.307127 0.584236 1.000000 0.096281 0.458108 0.367626 0.345001 -0.132204 -0.271326 0.212530 -0.120501 -0.001675 -0.131759 0.329011 0.278672 0.117135 0.146816 -0.119537 -0.101669 -0.044350 0.070458 0.272972 0.361568 -0.034641 -0.294631 0.150738 -0.346790 -0.147842 -0.129460 -0.381232 -0.275614 -0.094872 -0.071621 0.125351 0.034600 -0.016449 -0.146779 0.216826 0.001287 0.138895 0.017816 0.285261 0.224001 0.250956 0.322283 -0.073372 0.001852 -0.432314 -0.650051 -0.305526 -0.183985 0.006109 0.322520 -0.390339 -0.416369 0.414271 0.347437 -0.271074 -0.055496 -0.700948 -0.500492 -0.030138 0.117199 -0.117061 -0.005672 0.085467 0.100395 0.282092 0.161467 -0.492824 -0.280317 -0.499706 -0.516024 0.378727 0.087274 0.444196 0.408505 0.093161 -0.027385 -0.015993 0.236591 0.406777 0.438571 0.668328 0.046305 -0.460212 0.046915 -0.377089 -0.137682 -0.321219 -0.422627 -0.321178 -0.357031 -0.440306 -0.460679 -0.259959 -0.226745 -0.133259 -0.259214 0.038913 0.074271 -0.109896 -0.448216 -0.132645 0.342711 -0.014826 -0.137207
0.173260 -0.249094 0.220337 0.040282 -0.440014 -0.449447 0.384721 0.170533 -0.401979 -0.370490 0.596919 0.096281 1.000000 0.541788 -0.175625 -0.258902 0.505087 0.285705 0.078362 0.084889 0.001720 -0.068187 -0.024674 -0.134848 -0.387492 -0.302401 -0.415866 -0.312490 0.510127 0.531594 0.265684 0.146935 0.265595 0.229836 0.086892 0.114085 0.228676 0.138840 0.032590 -0.015670 0.122841 0.131312 -0.047532 -0.040082 -0.106248 -0.029723 -0.092736 -0.105435 -0.081647 -0.089241 -0.296455 -0.243845 -0.200841 -0.222122 -0.040080 0.006085 0.237560 -0.306976 0.015659 -0.047881 0.276685 -0.033628 0.233376 0.109316 -0.330431 -0.209254 0.036555 -0.147228 -0.084777 -0.092849 0.266818 0.525532 0.483436 0.380545 0.348720 0.427398 0.228762 0.175217 0.146477 0.102332 0.277533 0.128518 -0.073458 0.024571 -0.047321 -0.030884 0.104594 -0.079644 -0.291424 -0.167920 -0.222450 -0.211055 -0.235909 -0.193538 0.022425 0.193138 -0.160181 0.092486 -0.370552 0.040006 -0.151033 0.056522 -0.092820 -0.036214 -0.178765 -0.132139 -0.039507 -0.036583 0.145697 0.177241 -0.001629 -0.284308 0.037159 0.047689 -0.055118 0.133974
-0.064617 -0.352935 0.159917 0.207636 -0.233269 -0.131445 0.419307 0.572499 -0.058967 -0.007038 0.444260 0.458108 0.541788 1.000000 0.007418 0.277958 0.164534 0.087617 -0.160062 -0.128115 -0.039242 -0.063022 0.125076 0.202157 -0.214376 -0.025487 -0.307676 -0.209466 0.205775 0.444108 0.311103 0.295696 -0.074889 0.215911 0.379184 0.219777 0.024777 -0.015528 -0.140486 -0.036117 0.075561 -0.075161 -0.085956 -0.105595 -0.314759 -0.227326 -0.069198 0.074630 -0.131483 -0.345017 -0.229177 -0.193359 0.078909 0.001761 -0.047993 -0.082122 -0.096026 -0.490506 -0.087995 -0.070855 0.004614 0.463196 -0.150566 -0.200606 -0.088074 0.201613 -0.202429 -0.106772 -0.240750 -0.137143 0.266805 0.497789 0.196054 0.160330 0.249917 0.359819 0.193289 0.334774 -0.087108 0.037268 0.031529 -0.041666 -0.077227 -0.123317 0.037253 -0.089294 -0.120793 -0.226567 -0.131013 0.074332 0.209990 0.107117 0.164246 0.022940 -0.100229 0.110756 -0.260307 0.199056 -0.386569 -0.037651 -0.263388 -0.110954 -0.272611 -0.061912 -0.007997 -0.001443 0.105743 0.041868 0.131677 0.151986 0.184161 -0.345644 -0.196327 0.221705 0.190977 -0.096644
-0.259341 -0.147785 0.182453 0.420348 0.404830 0.474033 0.197600 -0.023069 0.398457 0.350777 0.275001 0.367626 -0.175625 0.007418 1.000000 0.612001 -0.578072 -0.661248 0.115122 -0.114776 0.249351 0.116029 0.584451 0.525335 0.370929 0.398937 0.544653 0.407137 -0.315415 -0.476958 0.214000 0.430980 -0.455849 -0.365081 0.167299 -0.119173 -0.113927 -0.239847 -0.126905 0.014139 0.090806 -0.201462 -0.073608 -0.204691 0.013057 -0.244807 0.062685 -0.138140 0.006305 0.006951 0.183005 0.139287 0.270610 0.211609 0.121934 0.027475 -0.473380 -0.185791 -0.060577 -0.042397 -0.285570 -0.046803 -0.629749 -0.571031 0.461712 -0.030900 -0.178308 0.089417 -0.441117 -0.096279 -0.247753 0.005502 -0.507882 -0.243216 -0.254535 -0.162767 -0.237224 -0.145746 -0.604337 -0.415184 -0.544351 -0.461255 0.709272 0.276090 0.386156 0.350051 0.130865 0.095704 0.676807 0.646725 0.305055 0.473707 0.413715 0.271330 -0.306439 -0.243227 -0.133300 0.047594 -0.025556 -0.267684 0.093158 0.070685 -0.288384 -0.052702 0.050647 0.151309 0.228322 0.158160 0.008807 -0.241470 -0.175879 -0.253463 0.160771 0.255207 0.361992 -0.208010
-0.486936 -0.114138 0.054324 0.250311 0.573824 0.732978 -0.026320 0.178301 0.713494 0.701589 -0.046500 0.345001 -0.258902 0.277958 0.612001 1.000000 -0.326784 -0.344780 -0.349801 -0.339492 0.248112 0.092584 0.222952 0.406186 0.563669 0.418421 0.381312 0.218990 -0.327944 -0.218428 0.019056 0.162568 -0.292439 -0.069884 0.272519 0.052412 -0.086229 -0.375620 -0.216816 0.064300 0.110725 -0.221162 -0.410666 -0.456374 -0.004164 -0.162542 -0.287775 -0.276102 -0.218387 -0.092379 0.099588 -0.092165 0.252058 -0.084000 0.121447 -0.180929 -0.423421 -0.098446 0.092290 0.156580 -0.103550 0.409264 -0.339210 -0.241087 0.296284 0.239808 0.028120 0.268232 -0.299976 0.030642 -0.218457 -0.037362 -0.353947 -0.235679 -0.101966 -0.239174 -0.345863 -0.235426 -0.340949 -0.189711 -0.226602 -0.116757 0.244555 0.143915 0.352589 0.284382 -0.094740 0.162950 0.563188 0.661041 0.255132 0.277053 0.438952 0.234420 -0.213168 -0.260447 -0.022028 -0.096139 0.015031 -0.261562 0.054621 0.017939 -0.175898 -0.067231 0.084627 0.111911 0.128947 0.178289 -0.150938 -0.173513 -0.061191 -0.366201 -0.087364 0.069188 0.359062 -0.312698
0.348578 0.054761 -0.126765 -0.257834 -0.402837 -0.295086 -0.251944 -0.088081 -0.255136 -0.208110 0.220911 -0.132204 0.505087 0.164534 -0.578072 -0.326784 1.000000 0.709739 -0.108430 0.037615 -0.159722 -0.089540 -0.330129 -0.393310 -0.161045 -0.159494 -0.381004 -0.282612 0.425477 0.587556 -0.010184 -0.127114 0.480229 0.284901 -0.020698 0.086566 0.374760 0.113807 0.033842 0.033286 0.046772 0.128003 -0.261858 -0.148807 -0.147000 0.065791 -0.379534 -0.261125 -0.188414 -0.139027 -0.431681 -0.428560 -0.423306 -0.524040 0.048872 -0.096207 0.709175 -0.023429 0.212746 0.045768 0.429666 0.100333 0.673702 0.510640 -0.345878 -0.077589 0.295337 -0.174335 0.337929 -0.047895 0.215691 0.271392 0.613955 0.456854 0.485705 0.271126 0.293489 0.068041 0.660682 0.511985 0.783133 0.564399 -0.392975 -0.090507 -0.055713 0.015115 0.279584 0.149341 -0.336220 -0.226457 -0.499644 -0.516352 -0.402240 -0.373088 0.283694 0.179919 0.096291 -0.029010 -0.152295 0.330237 -0.198833 -0.029994 0.071598 -0.040550 -0.130476 -0.160580 -0.249135 -0.068717 0.103223 0.181243 0.068621 -0.073814 -0.264279 -0.119400 -0.263139 0.148359
0.313730 0.259273 -0.370445 -0.391821 -0.473062 -0.480654 -0.324786 -0.181800 -0.398239 -0.418865 -0.117404 -0.271326 0.285705 0.087617 -0.661248 -0.344780 0.709739 1.000000 -0.191619 0.211189 -0.025190 -0.031904 -0.422358 -0.439597 -0.277443 -0.288518 -0.401514 -0.258821 0.646835 0.756250 -0.035637 -0.187556 0.435245 0.185877 -0.159539 -0.121442 0.325894 0.176488 0.185353 0.098278 -0.011709 0.105670 -0.168157 -0.106115 -0.197152 -0.038918 -0.331971 -0.203343 -0.289145 -0.192322 -0.435066 -0.421396 -0.398630 -0.417283 0.056522 -0.041880 0.478263 0.156445 -0.005554 -0.006674 0.175382 -0.156694 0.696067 0.647698 -0.417735 -0.265985 0.087071 -0.303171 0.455115 0.126791 0.303039 0.228518 0.790580 0.471285 0.431834 0.312509 0.291710 0.189433 0.680627 0.557753 0.641322 0.594944 -0.474504 0.007317 -0.178663 -0.134139 -0.137473 -0.036549 -0.412532 -0.384692 -0.441227 -0.455704 -0.444679 -0.291568 0.277557 0.214999 0.150806 0.101148 -0.004709 0.352393 -0.178474 -0.018264 0.264319 0.111092 0.040503 0.009570 -0.081459 -0.071582 0.008269 0.258278 0.169862 0.169799 -0.165992 -0.113362 -0.228481 -0.010934
0.482903 0.040324 0.341762 0.426427 -0.122513 -0.273985 0.367590 0.092720 -0.217116 -0.162776 0.326758 0.212530 0.078362 -0.160062 0.115122 -0.349801 -0.108430 -0.191619 1.000000 0.567664 -0.174794 -0.390854 0.159170 -0.039862 -0.350239 -0.326480 -0.166636 -0.275949 0.105626 -0.098752 0.058907 0.098357 0.190618 -0.202008 -0.324544 -0.433637 -0.209612 -0.224674 -0.253601 -0.195208 -0.128846 -0.039276 0.350404 0.237440 0.110095 0.009529 0.274877 0.084128 0.180191 0.308231 0.261059 0.448794 -0.087267 0.418061 -0.419940 -0.100713 0.093225 -0.196639 -0.358257 -0.107100 -0.105763 -0.284219 -0.010728 -0.079988 0.059807 -0.312489 -0.155428 -0.201412 -0.125823 -0.315392 0.115149 -0.128574 0.012823 0.053584 0.133966 0.121085 0.203739 0.019305 -0.300779 -0.092363 -0.247850 -0.377071 0.446501 0.292691 -0.030449 0.132446 0.118480 -0.151436 -0.302964 -0.206454 0.321496 0.237729 0.178565 -0.091856 -0.347020 0.012896 -0.547342 -0.180611 -0.105466 -0.114202 -0.002766 0.022558 -0.056476 -0.193808 -0.185708 -0.103072 -0.115162 -0.013870 -0.024966 -0.054076 -0.372252 -0.090356 -0.051179 -0.090606 -0.114607 -0.031813
0.395668 0.470880 -0.144988 0.066897 -0.419340 -0.503376 -0.016710 -0.133738 -0.378985 -0.447900 -0.021132 -0.120501 0.084889 -0.128115 -0.114776 -0.339492 0.037615 0.211189 0.567664 1.000000 -0.040767 -0.155208 -0.158739 -0.144073 -0.490223 -0.430950 -0.169151 -0.245165 0.281622 0.171161 -0.094194 -0.048771 0.135815 -0.007399 -0.334225 -0.345881 -0.240426 -0.276181 -0.281561 -0.151039 -0.146254 -0.147181 0.215409 0.056606 -0.076333 -0.148616 0.057084 0.079260 -0.117873 0.011286 -0.060952 0.067012 -0.210539 0.154423 -0.512252 -0.297795 0.236185 0.313950 -0.250388 0.041221 -0.083993 -0.278670 0.184110 0.230646 -0.100511 -0.477865 -0.137425 -0.391213 0.313744 0.166915 0.166249 -0.011855 0.198361 -0.030683 -0.100649 0.039443 -0.112936 0.010721 0.028751 0.125589 0.116845 0.161270 0.269723 0.479081 -0.273756 -0.035843 -0.100385 -0.192914 -0.282057 -0.245787 0.204886 -0.044506 -0.106635 0.061276 -0.058721 -0.109730 -0.452996 -0.187172 -0.073522 -0.104292 0.078281 0.223161 0.305908 0.144032 -0.039223 0.096178 0.226822 -0.020973 -0.192377 -0.017346 -0.339397 0.058425 -0.073208 -0.336504 -0.081661 -0.146786
-0.138104 0.062589 0.113657 -0.010506 0.113979 0.211183 0.059248 -0.140052 -0.013310 -0.054532 -0.052611 -0.001675 0.001720 -0.039242 0.249351 0.248112 -0.159722 -0.025190 -0.174794 -0.040767 1.000000 0.505179 0.081125 0.189773 0.080839 0.239409 0.502726 0.347730 0.078325 0.016822 0.241493 0.270223 -0.386331 -0.283060 0.021557 -0.105428 0.132719 -0.113714 0.053405 0.076881 0.167130 0.083560 -0.141208 -0.198065 -0.015907 -0.144533 -0.134198 -0.195406 -0.100719 -0.067497 -0.041860 -0.219356 -0.076377 -0.170942 0.153520 0.124638 -0.190471 -0.061011 0.086974 -0.193506 0.049043 -0.225616 -0.213082 -0.165149 0.055631 -0.216091 -0.170931 -0.219697 -0.152993 -0.061479 0.376001 0.385469 0.019976 0.177870 -0.024786 0.017592 -0.081779 0.009692 -0.204118 -0.207439 -0.206352 -0.147641 0.088558 0.157599 0.070470 0.142067 -0.168480 -0.014946 0.390389 0.375452 -0.020978 0.192831 0.261523 0.443860 -0.121369 -0.253196 0.183902 0.023364 0.197357 0.079251 0.304326 0.362946 0.089046 0.239327 0.129036 0.080896 0.100310 0.088894 -0.268195 -0.039146 0.056363 -0.003067 0.144509 0.186574 0.065800 -0.175228
-0.298852 -0.221428 0.110265 -0.137819 0.125122 0.118125 -0.056711 -0.229955 0.080586 -0.028028 -0.186927 -0.131759 -0.068187 -0.063022 0.116029 0.092584 -0.089540 -0.031904 -0.390854 -0.155208 0.505179 1.000000 0.333027 0.377635 0.255764 0.525825 0.396698 0.421506 0.166727 -0.045783 0.503956 0.491648 -0.254438 -0.004890 0.197119 0.187478 0.025949 0.299195 0.000563 -0.209994 0.047472 0.107193 -0.098035 -0.120362 -0.261560 -0.266302 -0.088429 -0.023526 -0.237161 -0.436416 -0.196484 -0.445625 -0.037264 -0.107460 0.087840 0.004459 -0.180685 0.032923 0.163513 -0.229961 -0.166220 -0.301826 -0.126096 -0.150008 0.150198 -0.126207 -0.056918 -0.135218 -0.043729 0.125857 0.319506 0.532649 -0.010877 0.150305 -0.293964 0.029927 -0.131315 0.164672 0.009582 -0.052699 -0.078541 0.074506 0.065627 0.200039 -0.059833 -0.050966 -0.109215 0.066042 0.241991 0.170561 -0.112866 0.086231 -0.034023 0.319594 0.296622 -0.336927 0.176587 0.043914 -0.096991 0.027202 0.135262 0.121269 0.036870 0.394978 0.193300 0.235827 0.130117 -0.012293 -0.055604 -0.282076 0.275652 0.172511 -0.053652 0.111356 0.113150 0.105590
0.064130 -0.453897 0.461811 0.438292 0.153941 0.224148 0.430759 0.116269 0.201756 0.166101 0.449848 0.329011 -0.024674 0.125076 0.584451 0.222952 -0.330129 -0.422358 0.159170 -0.158739 0.081125 0.333027 1.000000 0.841075 0.291490 0.600476 0.450924 0.551973 -0.158496 -0.285082 0.564493 0.646776 -0.248179 -0.171741 0.333563 0.064423 -0.077515 -0.069515 -0.124354 -0.113327 -0.059326 -0.242458 0.008645 -0.067937 -0.000782 -0.203937 0.184824 -0.007306 0.092809 -0.072470 0.065587 0.103014 0.131832 0.243318 0.050243 0.102875 -0.257169 -0.453252 -0.165005 -0.349612 -0.445647 -0.152177 -0.525711 -0.597231 0.519322 0.015041 -0.390505 -0.172741 -0.472697 -0.348607 0.023179 0.238669 -0.263553 -0.003359 0.000779 0.099821 0.036715 -0.011298 -0.411975 -0.164211 -0.417298 -0.449617 0.463162 -0.070561 0.405709 0.099767 0.255349 0.059602 0.392763 0.323180 0.126820 0.446734 0.217555 0.014538 -0.273681 -0.188413 -0.109411 0.119223 -0.290980 -0.077547 -0.102170 -0.147815 -0.444145 -0.210812 -0.048567 0.193432 0.128311 -0.024646 0.083491 -0.111074 0.166621 -0.092233 0.103926 0.293972 0.313416 -0.075177
-0.075689 -0.418145 0.389166 0.423761 0.135569 0.316273 0.359318 0.246184 0.260787 0.199535 0.258356 0.278672 -0.134848 0.202157 0.525335 0.406186 -0.393310 -0.439597 -0.039862 -0.144073 0.189773 0.377635 0.841075 1.000000 0.283771 0.648187 0.534465 0.645626 -0.287396 -0.296751 0.456897 0.543957 -0.368245 -0.124704 0.366182 0.168332 -0.174129 -0.179136 -0.138368 -0.079047 -0.008067 -0.311293 -0.021660 -0.063802 -0.032947 -0.173139 0.135795 0.104400 0.073219 -0.162643 -0.026089 0.045192 0.057448 0.181457 0.060159 0.077972 -0.348134 -0.372383 -0.158552 -0.314829 -0.477922 0.032844 -0.584515 -0.602738 0.502766 0.206056 -0.473276 -0.079956 -0.420085 -0.205164 0.104820 0.180930 -0.358095 -0.151661 -0.114067 -0.039505 -0.178467 -0.036408 -0.344042 -0.167820 -0.376046 -0.367108 0.306264 -0.132277 0.319063 0.011150 0.107147 0.020951 0.468165 0.403598 0.129697 0.308002 0.340444 0.116140 -0.261585 -0.223629 -0.067145 0.074624 -0.256960 -0.180418 0.019295 -0.145261 -0.355245 -0.180615 -0.022301 0.224818 0.245467 0.013428 -0.052354 -0.078265 0.210835 -0.178996 0.034717 0.255739 0.352064 -0.143353
-0.361015 -0.140810 0.111935 0.014261 0.711561 0.829219 -0.223693 -0.125218 0.850027 0.779104 -0.137357 0.117135 -0.387492 -0.214376 0.370929 0.563669 -0.161045 -0.277443 -0.350239 -0.490223 0.080839 0.255764 0.291490 0.283771 1.000000 0.613298 0.493022 0.275934 -0.373873 -0.376316 -0.030678 0.056064 -0.034871 0.075375 0.199263 0.157310 0.019814 -0.115047 -0.188113 -0.119695 -0.016427 0.010180 -0.428927 -0.428703 0.204741 0.046777 -0.277016 -0.433590 -0.031375 0.112408 0.330359 -0.020402 0.354463 -0.188252 0.183372 -0.153508 -0.171738 0.032735 0.333296 0.221567 0.000521 0.196619 -0.133928 -0.080278 0.234575 0.213661 0.247310 0.342413 -0.236274 -0.045774 -0.348691 -0.175793 -0.389629 -0.066800 -0.050491 -0.308852 -0.241946 -0.431686 -0.168175 -0.145407 -0.057971 0.041647 0.029970 -0.051340 0.330942 0.315006 0.134928 0.363505 0.412085 0.530218 0.018028 0.109842 0.095361 0.032221 -0.190632 -0.431733 0.169629 -0.302866 0.093038 -0.097332 -0.039002 -0.011410 -0.224974 -0.153421 -0.049151 -0.138077 -0.076339 -0.050341 -0.170017 -0.384981 -0.128523 -0.192266 0.078891 -0.044955 0.224730 -0.224725
-0.306848 -0.341209 0.194201 0.206666 0.309491 0.581973 -0.013261 0.027896 0.460751 0.414880 -0.027990 0.146816 -0.302401 -0.025487 0.398937 0.418421 -0.159494 -0.288518 -0.326480 -0.430950 0.239409 0.525825 0.600476 0.648187 0.613298 1.000000 0.652090 0.675114 -0.250619 -0.241504 0.360217 0.459005 -0.232422 -0.031259 0.286999 0.183816 0.017428 0.076771 -0.102265 -0.099827 -0.067119 0.026406 -0.184549 -0.185293 -0.075389 -0.170909 -0.063853 -0.089712 -0.028817 -0.229701 -0.060639 -0.115426 0.075032 -0.033597 0.241882 0.065768 -0.235723 -0.185564 0.050468 -0.158593 -0.356259 0.036263 -0.319274 -0.351949 0.487552 0.301792 -0.019302 0.078888 -0.241167 -0.082101 -0.004986 0.122755 -0.245566 0.020507 -0.102310 -0.171142 -0.115559 -0.068660 -0.184197 0.054453 -0.198334 -0.155416 0.167521 -0.056533 0.313560 0.046989 0.261244 0.329184 0.473516 0.441482 -0.083851 0.158699 0.213252 0.109926 -0.008542 -0.269577 0.155950 -0.018718 -0.131723 -0.007249 -0.073821 -0.146454 -0.276758 -0.128288 -0.042838 -0.016685 0.114339 -0.099155 0.004592 -0.195696 0.244890 -0.009188 -0.081787 0.297094 0.199624 -0.008558
-0.109582 0.005915 0.002321 -0.033961 0.424586 0.549403 -0.134455 -0.260809 0.334911 0.254770 -0.184657 -0.119537 -0.415866 -0.307676 0.544653 0.381312 -0.381004 -0.401514 -0.166636 -0.169151 0.502726 0.396698 0.450924 0.534465 0.493022 0.652090 1.000000 0.760642 -0.387246 -0.476065 0.176158 0.283884 -0.504906 -0.151292 0.146119 0.116427 -0.022475 -0.237131 -0.021133 0.107495 -0.026549 -0.122941 -0.160212 -0.190354 0.172553 -0.016405 -0.093120 -0.139523 0.063513 0.062734 0.047134 0.006841 0.036408 -0.043029 0.158189 0.117420 -0.145369 0.071448 0.186939 -0.119993 -0.246802 -0.136169 -0.384427 -0.330641 0.352766 0.027525 -0.152855 -0.034771 -0.103471 -0.003538 -0.077377 -0.021758 -0.430523 -0.166931 -0.240716 -0.260831 -0.389445 -0.293611 -0.241373 -0.222567 -0.205656 -0.181586 0.273517 0.058569 0.162818 0.124724 0.131477 0.135966 0.676676 0.558083 -0.061160 0.209562 0.177310 0.272001 -0.108149 -0.349290 0.184285 -0.019122 0.210647 0.073839 0.271676 0.121105 -0.081919 0.056142 0.013672 0.076333 0.114720 0.126735 -0.161736 -0.227578 -0.037678 -0.002742 0.161528 0.094923 0.208670 -0.156668
-0.093680 -0.135549 0.021586 0.042354 0.123639 0.308075 -0.050908 -0.142521 0.105314 0.025363 -0.042366 -0.101669 -0.312490 -0.209466 0.407137 0.218990 -0.282612 -0.258821 -0.275949 -0.245165 0.347730 0.421506 0.551973 0.645626 0.275934 0.675114 0.760642 1.000000 -0.314765 -0.316652 0.246338 0.324745 -0.401316 -0.149518 0.164284 0.180700 -0.027089 -0.072156 0.073386 0.136775 -0.107914 -0.209835 -0.032417 0.010852 0.060469 0.030940 0.034831 0.054589 0.063604 -0.095092 -0.220257 -0.110809 -0.168676 -0.069994 0.190072 0.253100 -0.180985 -0.062132 0.022225 -0.304598 -0.276705 -0.151850 -0.384460 -0.402606 0.458181 0.261555 -0.237477 -0.009214 -0.133219 -0.066923 -0.050307 0.050650 -0.290275 -0.137305 -0.239386 -0.057698 -0.260598 -0.103016 -0.110042 -0.079910 -0.210713 -0.190058 0.149826 -0.174793 0.215970 -0.039174 0.193224 0.111974 0.612122 0.310279 -0.286197 0.097465 0.162762 0.181120 0.058293 -0.024557 0.386362 0.218769 -0.006024 0.051673 0.232503 -0.061835 -0.118492 -0.091240 -0.103263 0.139987 0.138099 -0.099898 -0.075576 0.088871 0.361920 0.161921 0.186235 0.224904 0.013825 0.016109
0.171767 -0.065903 -0.136128 -0.114232 -0.399174 -0.519270 -0.011402 -0.212576 -0.527607 -0.531598 0.135896 -0.044350 0.510127 0.205775 -0.315415 -0.327944 0.425477 0.646835 0.105626 0.281622 0.078325 0.166727 -0.158496 -0.287396 -0.373873 -0.250619 -0.387246 -0.314765 1.000000 0.764434 0.448303 0.305488 0.320302 -0.046682 -0.160010 -0.371072 0.430105 0.377013 0.164725 -0.013071 0.200037 0.237442 0.032678 -0.023226 -0.326882 -0.260713 -0.092738 -0.089190 -0.265676 -0.264111 -0.341721 -0.298109 -0.261091 -0.064004 -0.005145 0.068613 0.155361 -0.165234 -0.236083 -0.219570 -0.027743 -0.500011 0.485042 0.390210 -0.389128 -0.531837 -0.030152 -0.372608 0.107988 -0.035880 0.462857 0.563592 0.869726 0.502245 0.361350 0.455276 0.348395 0.453249 0.323478 0.322767 0.246743 0.277721 0.019006 0.436331 -0.160777 0.022806 -0.225014 -0.185523 -0.413814 -0.321786 -0.192868 -0.215255 -0.327941 -0.190250 0.185054 0.115913 -0.165529 0.134159 -0.138817 0.233885 -0.091075 0.051579 0.039998 0.206590 0.054088 0.111954 0.027715 0.045805 0.153846 0.125462 0.063105 0.110556 -0.152328 0.077473 -0.122968 -0.029341
0.126193 -0.017545 -0.194520 -0.113736 -0.534705 -0.474052 -0.016734 0.089571 -0.442175 -0.399077 0.206694 0.070458 0.531594 0.444108 -0.476958 -0.218428 0.587556 0.756250 -0.098752 0.171161 0.016822 -0.045783 -0.285082 -0.296751 -0.376316 -0.241504 -0.476065 -0.316652 0.764434 1.000000 0.227383 0.075133 0.393295 0.120578 -0.111003 -0.196174 0.378501 0.268318 0.120864 0.106629 0.093547 0.247095 -0.035018 -0.011829 -0.249676 -0.135035 -0.144055 -0.078706 -0.231526 -0.260818 -0.423984 -0.339763 -0.333993 -0.242139 0.024902 0.009400 0.231235 -0.163783 -0.233202 -0.116961 0.111946 -0.048541 0.476462 0.424088 -0.381270 -0.214768 -0.052212 -0.361427 0.131739 -0.075168 0.436585 0.446528 0.875167 0.607266 0.542342 0.476920 0.380832 0.413605 0.404620 0.442009 0.352754 0.343104 -0.277572 0.078967 -0.127888 -0.089477 -0.154402 -0.085885 -0.440101 -0.344452 -0.290018 -0.339638 -0.230373 -0.245835 0.156357 0.239022 -0.018439 0.171006 -0.194078 0.137681 -0.288616 -0.134545 0.051070 -0.059302 0.015650 0.002206 -0.005526 -0.112363 0.099089 0.270490 0.156705 0.047875 -0.187505 0.125690 -0.098431 -0.022148
-0.136244 -0.526552 0.311309 0.214735 -0.127987 -0.088946 0.387021 0.015693 -0.139698 -0.183521 0.390065 0.272972 0.265684 0.311103 0.214000 0.019056 -0.010184 -0.035637 0.058907 -0.094194 0.241493 0.503956 0.564493 0.456897 -0.030678 0.360217 0.176158 0.246338 0.448303 0.227383 1.000000 0.896609 -0.045353 -0.157300 0.305716 -0.116283 0.156021 0.196880 -0.048344 -0.100444 0.172928 -0.074993 -0.046989 -0.117690 -0.260641 -0.328401 0.057701 -0.046988 -0.185598 -0.335300 -0.225497 -0.206504 -0.122717 0.092256 0.064917 0.186416 -0.239897 -0.439494 -0.258999 -0.489793 -0.332369 -0.371598 -0.147904 -0.283163 0.328344 -0.224467 -0.217677 -0.267054 -0.276615 -0.254042 0.487473 0.696691 0.302395 0.265310 0.039944 0.258468 0.196111 0.358887 -0.174329 -0.088156 -0.227636 -0.152782 0.339477 0.202031 0.281811 0.249130 0.103938 -0.010896 0.077889 0.151703 -0.059818 0.236534 0.074697 -0.012234 -0.001713 -0.113511 -0.100994 0.162573 -0.238958 0.080060 -0.096361 -0.203271 -0.323449 -0.013337 0.095963 0.173033 -0.006251 0.078210 0.155125 0.005098 0.215236 -0.079187 -0.105025 0.297975 0.196587 -0.017247
-0.158416 -0.447027 0.255408 0.350359 -0.018081 0.043845 0.356026 0.034041 -0.060838 -0.083456 0.421828 0.361568 0.146935 0.295696 0.430980 0.162568 -0.127114 -0.187556 0.098357 -0.048771 0.270223 0.491648 0.646776 0.543957 0.056064 0.459005 0.283884 0.324745 0.305488 0.075133 0.896609 1.000000 -0.119192 -0.219294 0.327285 -0.179245 0.111849 0.107183 -0.137101 -0.059146 0.161470 -0.126268 -0.065990 -0.169999 -0.325687 -0.414538 0.091853 -0.029770 -0.206355 -0.387744 -0.236588 -0.182934 -0.084999 0.133370 0.038140 0.137877 -0.324919 -0.408721 -0.331684 -0.464619 -0.373897 -0.310226 -0.276525 -0.397944 0.478280 -0.141405 -0.215005 -0.216074 -0.313367 -0.234136 0.379581 0.618757 0.126098 0.177848 -0.072738 0.171634 0.106034 0.358277 -0.294702 -0.071983 -0.360198 -0.278842 0.523822 0.320289 0.359660 0.283794 0.140652 0.000328 0.242714 0.307569 0.060633 0.300809 0.207520 0.075351 -0.074746 -0.205007 -0.150112 0.168010 -0.226265 -0.004794 -0.088623 -0.169009 -0.389630 0.007375 0.072861 0.151985 0.123402 0.117828 0.106005 -0.084450 0.180885 -0.070597 -0.171250 0.291111 0.261145 -0.125223
0.089795 -0.072006 0.141185 0.000211 -0.120989 -0.188348 -0.018038 0.009806 -0.044809 0.020422 0.103431 -0.034641 0.265595 -0.074889 -0.455849 -0.292439 0.480229 0.435245 0.190618 0.135815 -0.386331 -0.254438 -0.248179 -0.368245 -0.034871 -0.232422 -0.504906 -0.401316 0.320302 0.393295 -0.045353 -0.119192 1.000000 0.357789 -0.137311 -0.173992 0.162563 0.170843 -0.080649 -0.119778 0.024652 0.173160 -0.120331 -0.062287 0.137139 0.239617 -0.173762 -0.264180 -0.092610 0.106706 -0.041451 -0.143699 -0.329850 -0.320871 -0.205858 -0.209015 0.284320 0.029994 -0.139026 0.037161 0.302134 -0.110296 0.633068 0.558747 -0.062683 -0.068671 0.466235 0.225502 0.136798 -0.107228 -0.013524 -0.095710 0.454184 0.319445 0.342812 0.065285 0.173349 -0.049210 0.247598 0.315390 0.230744 0.219833 -0.099124 0.069092 0.097474 0.141068 0.335814 0.397458 -0.444873 -0.356066 -0.378468 -0.369485 -0.252111 -0.453498 -0.015701 0.086737 0.034941 -0.269013 -0.175762 -0.146850 -0.206568 -0.194282 0.122627 -0.294951 -0.237267 -0.375727 -0.254937 -0.204521 -0.057337 -0.047899 -0.024600 0.019975 -0.168377 -0.341055 -0.251565 0.094331
0.036766 -0.003025 0.005965 -0.328930 -0.033490 -0.052748 -0.185126 0.054103 0.191010 0.170953 -0.163766 -0.294631 0.229836 0.215911 -0.365081 -0.069884 0.284901 0.185877 -0.202008 -0.007399 -0.283060 -0.004890 -0.171741 -0.124704 0.075375 -0.031259 -0.151292 -0.149518 -0.046682 0.120578 -0.157300 -0.219294 0.357789 1.000000 0.291401 0.599097 -0.009543 0.078826 -0.008898 0.077197 0.010324 0.083486 -0.283319 -0.204401 -0.118306 0.013858 -0.390327 -0.148690 -0.302097 -0.173326 -0.200042 -0.315652 -0.090769 -0.360283 -0.169260 -0.400069 0.354496 0.232547 0.434613 0.353493 0.307706 0.377204 0.306173 0.272213 -0.192324 0.130390 0.438164 0.116148 0.296861 0.134321 -0.047076 0.038049 0.077283 0.155739 0.072769 0.097737 -0.079977 -0.064777 0.228135 0.208570 0.418206 0.452633 -0.336839 -0.236914 -0.285462 -0.353268 0.042298 0.018148 -0.302435 -0.203015 -0.185893 -0.238314 -0.397756 -0.044182 0.239251 -0.070337 0.090001 -0.136613 -0.301121 0.014875 -0.083495 0.042704 0.086488 0.118941 -0.006229 -0.193425 -0.120004 0.040912 0.000710 -0.112694 0.051309 -0.064952 -0.185942 -0.435306 0.065819 0.096422
-0.057114 -0.468322 0.061328 -0.044096 0.044476 0.155331 0.053416 0.073749 0.229218 0.120557 0.251198 0.150738 0.086892 0.379184 0.167299 0.272519 -0.020698 -0.159539 -0.324544 -0.334225 0.021557 0.197119 0.333563 0.366182 0.199263 0.286999 0.146119 0.164284 -0.160010 -0.111003 0.305716 0.327285 -0.137311 0.291401 1.000000 0.486513 0.065653 0.010462 0.049101 0.086610 0.210786 -0.071742 -0.143563 -0.197440 -0.030174 -0.078647 0.006546 -0.017025 0.036423 -0.150150 -0.044030 -0.122360 0.124699 -0.052311 0.257668 0.088585 -0.012376 -0.338853 0.148732 -0.208763 -0.031523 0.266313 -0.221883 -0.320735 0.246110 0.227924 -0.069477 0.083407 -0.260037 -0.214286 0.091124 0.407647 -0.169152 0.017634 0.083070 0.177361 0.021949 0.069964 -0.079065 -0.015491 0.019657 0.061372 0.030806 -0.230107 0.310794 0.217083 0.254021 -0.049085 0.211770 0.347620 -0.026240 0.109985 -0.183478 -0.157670 -0.131912 -0.222495 -0.020752 0.050344 -0.105709 0.021395 -0.196594 -0.098591 -0.483673 -0.131635 0.090212 -0.030430 -0.005977 0.281589 0.077234 -0.176439 0.175926 -0.167555 -0.141041 -0.027448 0.421575 -0.102903
-0.042631 -0.166942 -0.009813 -0.334106 0.068286 0.063100 -0.133863 0.045221 0.231105 0.150702 -0.107262 -0.346790 0.114085 0.219777 -0.119173 0.052412 0.086566 -0.121442 -0.433637 -0.345881 -0.105428 0.187478 0.064423 0.168332 0.157310 0.183816 0.116427 0.180700 -0.371072 -0.196174 -0.116283 -0.179245 -0.173992 0.599097 0.486513 1.000000 -0.112470 0.026083 0.091406 0.063333 -0.045077 -0.091473 -0.243645 -0.147951 -0.003142 0.120093 -0.210268 0.009797 -0.009761 -0.129314 -0.196219 -0.241560 0.108000 -0.284917 0.154033 -0.086307 0.199679 0.098639 0.579570 0.270985 0.110425 0.451076 -0.085890 -0.133350 -0.100078 0.310331 0.208406 0.275581 0.132802 0.138784 -0.017537 0.125544 -0.302204 -0.047983 -0.002015 0.059169 -0.211724 -0.160713 0.094604 -0.049164 0.295043 0.257733 -0.446597 -0.525798 -0.195076 -0.313378 0.084483 -0.004611 0.115500 0.132887 -0.226220 -0.129362 -0.316421 0.015216 0.223968 -0.043395 0.252782 0.098175 -0.142479 0.110383 0.027583 0.060796 -0.088185 0.100714 0.016640 -0.010587 -0.015699 0.136274 -0.024695 -0.080681 0.234426 -0.087954 0.020476 -0.150102 0.138417 0.194305
