1.000000 0.368550 -0.034977 -0.051798 -0.021500 0.014760 0.041056 -0.010850 -0.057677 -0.097097 0.225244 0.078350 0.068279 0.079052 0.173588 0.058799 0.285367 0.165644 0.318779 0.316868 0.092570 -0.191944 -0.066706 -0.117586 -0.534255 -0.330860 0.041259 -0.193249 0.282458 0.262600 -0.070870 -0.136234 0.103543 0.021652 -0.337417 -0.275669 -0.187749 -0.311166 -0.214492 -0.222282 -0.167085 0.202163 -0.069872 0.046826 -0.074810 -0.118251 -0.101782 -0.227287 -0.071283 -0.169279 -0.119832 -0.234077 0.012110 -0.145669 -0.322024 -0.170958 0.421034 0.168970 0.033762 0.042844 0.222090 0.324296 0.314269 0.391264 -0.001523 -0.237843 -0.160649 -0.362850 0.104068 -0.212875 -0.062466 -0.273707 0.124823 0.319181 0.215620 0.055004 0.156545 -0.099025 0.324101 0.074053 0.270303 0.099281 0.287209 0.207390 0.106238 -0.023430 -0.224175 -0.387013 0.007131 0.001348 -0.080013 -0.097778 -0.114554 -0.011962 0.002372 -0.107539 -0.171929 -0.044523 0.063343 -0.157851 0.267876 0.111691 -0.087761 0.144706 -0.361383 -0.326869 -0.228817 -0.238205 -0.276050 0.131662 -0.299148 -0.276820 -0.301297 -0.061599 -0.069455 -0.350737
0.368550 1.000000 -0.275793 -0.198175 -0.257984 0.111535 -0.372748 -0.270068 -0.237530 -0.223440 -0.126189 -0.294033 -0.245528 -0.183311 -0.057511 0.053583 0.453091 0.331950 0.031952 0.397714 -0.040010 -0.196237 -0.233734 -0.517611 -0.462171 -0.547739 -0.132595 -0.473809 0.201338 0.123675 -0.338810 -0.487954 0.456506 -0.057513 -0.402650 -0.543936 -0.125659 -0.258818 0.036737 -0.271297 0.115981 -0.110774 -0.331519 -0.063942 0.013215 -0.018386 0.014142 -0.248112 0.170372 0.084083 0.122476 0.052859 0.337181 -0.123747 -0.010751 0.101688 0.629337 0.697707 0.315734 0.291592 -0.053492 0.311500 0.448834 0.560352 -0.497592 -0.479415 -0.207159 -0.616994 0.592217 0.236497 -0.308846 -0.340483 0.034312 -0.080422 -0.117931 -0.200338 -0.217507 -0.467832 0.295058 0.310917 0.387430 0.340553 0.062527 0.086371 -0.078920 0.245831 -0.422365 -0.446892 -0.096209 0.245238 0.146835 -0.282616 -0.241702 -0.080667 -0.273139 -0.188241 0.056632 -0.163051 0.575681 0.260778 -0.063656 0.013294 0.253613 0.185844 -0.201050 -0.386886 -0.104751 0.040235 -0.051055 0.113290 -0.396216 0.160229 0.268937 -0.297210 -0.334180 -0.258069
-0.034977 -0.275793 1.000000 0.457500 0.183559 -0.236405 0.715200 0.588458 0.638788 0.157891 0.096770 0.119033 0.403466 0.331510 0.368871 0.278307 -0.387470 -0.400572 0.243802 0.065592 -0.011132 -0.165712 0.341523 0.430371 -0.122405 0.206760 0.103934 0.139082 -0.091961 -0.162761 0.274182 0.308641 -0.155775 0.093715 0.225117 0.353985 -0.154323 -0.148586 -0.000650 -0.071886 -0.126609 -0.041840 -0.122602 -0.277621 -0.423483 -0.383627 -0.517325 -0.140134 -0.489853 -0.483024 -0.096523 -0.227613 -0.078904 -0.120297 -0.147241 -0.369566 -0.347153 -0.445221 0.001995 -0.287818 0.379328 -0.300379 -0.000757 -0.262331 0.265992 0.133858 0.148342 0.235266 -0.175037 -0.177864 0.289461 0.310754 -0.240696 0.005619 -0.078209 0.091887 0.002956 0.268004 -0.324682 -0.477053 -0.355751 -0.439166 0.171942 -0.029859 -0.106501 -0.266135 0.333119 0.176378 0.329732 -0.102546 0.082803 0.378532 0.321623 0.390160 0.017676 -0.068225 -0.405801 -0.048419 -0.501662 -0.331885 0.015227 0.432809 0.367786 0.314555 0.371527 0.303735 0.140153 0.157491 0.084419 -0.341659 0.091217 -0.063316 -0.360802 -0.059276 0.111521 0.108630
-0.051798 -0.198175 0.457500 1.000000 0.057776 0.000532 0.445430 0.466278 0.234770 0.152613 -0.064790 0.071021 0.167167 0.144740 0.251919 0.195876 -0.177184 -0.323637 0.393752 -0.053680 0.168151 -0.089343 0.496731 0.620281 0.021127 0.288130 0.107966 0.193161 -0.149832 -0.208171 0.152929 0.340272 -0.248027 -0.109080 0.001304 -0.033605 -0.040340 -0.102976 -0.086311 -0.167792 -0.194168 -0.018026 -0.232965 -0.283117 -0.366076 -0.335564 -0.410713 -0.312274 -0.466329 -0.338189 -0.223483 -0.240655 -0.033037 -0.088863 -0.126617 -0.295245 -0.177669 -0.178515 -0.076592 -0.238456 0.243602 -0.120747 0.125311 -0.030344 0.415182 0.191860 -0.040207 0.151744 -0.148407 -0.185472 0.076041 0.113103 -0.253890 -0.041772 0.016525 0.016333 0.034707 0.164813 -0.080503 -0.239992 -0.137622 -0.184994 0.115498 0.098559 0.253463 0.046274 0.319034 0.168518 0.454691 0.153016 -0.029122 0.046348 0.471021 0.300756 0.101371 -0.286635 -0.269448 0.036392 -0.209825 -0.442492 0.257260 0.300092 0.158850 0.308058 -0.016423 -0.104956 -0.062737 -0.019934 -0.174926 -0.260660 -0.131481 -0.247712 -0.348748 0.274710 0.107907 0.065548
-0.021500 -0.257984 0.183559 0.057776 1.000000 0.230364 0.278956 0.056630 0.270124 0.356526 0.263562 0.149017 0.256479 0.180385 0.479612 0.392707 -0.111056 -0.198485 0.039345 0.079567 0.092620 0.225077 0.174880 0.431229 0.059632 0.260984 0.571674 0.450887 0.231548 -0.015756 0.379170 0.283271 -0.030049 0.123496 -0.043877 0.144141 -0.140938 -0.192585 -0.174427 -0.128338 -0.112757 0.091739 0.102031 -0.136623 0.021274 -0.000749 -0.136638 -0.202166 0.021012 -0.092204 0.045961 0.001634 -0.144547 0.042007 -0.020799 -0.318407 -0.195790 -0.230300 0.032675 -0.241022 0.233249 -0.088635 0.054642 -0.140936 0.126715 -0.016897 0.119200 0.028749 -0.411261 -0.348907 0.410149 0.102646 0.024063 0.080718 0.062786 0.276399 0.110743 0.114512 -0.140573 -0.284970 -0.048527 -0.127299 0.429099 0.422082 0.070625 -0.122709 0.306858 0.192405 0.086120 -0.099731 -0.026882 0.086926 0.101777 0.049990 -0.163229 -0.057336 -0.336240 -0.246658 -0.328752 -0.226984 0.036678 0.324614 -0.036959 -0.132128 -0.159897 -0.091485 0.078195 -0.006181 -0.048553 -0.317332 -0.176208 -0.101593 -0.367340 0.133488 -0.099500 -0.140435
0.014760 0.111535 -0.236405 0.000532 0.230364 1.000000 -0.140960 -0.251069 -0.172180 0.094189 0.191559 -0.227681 -0.058816 -0.131444 0.146421 0.187590 0.392565 0.110635 0.088434 0.120574 -0.146934 0.072453 0.218545 0.113052 -0.012312 -0.148359 0.399611 0.310299 0.200638 0.018386 -0.255404 -0.297989 0.016139 -0.197695 -0.002168 -0.284449 -0.076110 -0.133286 0.036879 -0.017408 -0.108821 0.355004 -0.096403 -0.095003 0.313918 0.188865 0.155521 -0.257137 0.180227 0.072249 0.027571 -0.114378 0.108256 -0.041516 -0.044628 -0.003888 0.351102 0.176804 0.090373 0.068509 0.056191 0.061397 0.359485 0.075783 -0.070311 -0.293006 0.179094 -0.145587 0.197209 0.026840 -0.153005 -0.346078 -0.001556 -0.067715 0.001562 0.085264 -0.034984 -0.358648 0.383322 0.039088 0.450247 0.353731 0.437483 0.076373 0.235495 0.060272 0.107281 -0.166398 0.184905 0.184758 -0.168400 -0.234084 -0.211322 0.159669 -0.110592 -0.251885 0.097380 -0.085803 0.252362 0.011179 -0.079880 0.047803 -0.127446 0.130715 -0.382516 -0.492855 -0.293012 -0.004272 -0.250502 -0.171206 -0.249297 -0.057486 0.020973 0.136323 -0.017367 -0.272860
0.041056 -0.372748 0.715200 0.445430 0.278956 -0.140960 1.000000 0.643733 0.565949 0.469264 0.178767 0.350595 0.491452 0.447683 0.340986 0.313794 -0.318183 -0.212525 0.020437 -0.072554 0.211052 0.022344 0.406138 0.656075 0.024554 0.284589 0.117200 0.202619 -0.036772 -0.059419 0.277572 0.381463 -0.278413 0.118062 0.318572 0.466320 -0.228371 -0.179882 -0.332514 -0.200515 -0.163037 -0.059478 0.110714 -0.076228 -0.284449 -0.256113 -0.392966 -0.078859 -0.498810 -0.429860 -0.299073 -0.304220 -0.360365 -0.178833 -0.385727 -0.436173 -0.376603 -0.399632 -0.268599 -0.395674 0.327498 -0.179031 -0.117776 -0.212876 0.464833 0.286798 0.166082 0.336809 -0.339392 -0.228651 0.329611 0.189945 -0.274211 0.087577 0.023748 0.165363 0.142600 0.296663 -0.303972 -0.302723 -0.262918 -0.347295 0.185696 0.070881 0.087873 -0.352573 0.483096 0.202601 0.340980 -0.262959 0.073202 0.274818 0.458044 0.481377 -0.132374 -0.234343 -0.403418 -0.255920 -0.566427 -0.446476 0.119841 0.448432 0.103658 0.238981 0.102366 0.067332 0.234338 0.169370 -0.080021 -0.431335 0.132418 -0.193117 -0.475840 0.183128 -0.039241 -0.025421
-0.010850 -0.270068 0.588458 0.466278 0.056630 -0.251069 0.643733 1.000000 0.522422 0.599177 0.027991 0.575932 0.257113 0.717094 0.033117 0.276259 -0.476821 -0.273104 -0.180545 -0.242873 0.317481 -0.133290 0.095083 0.387387 0.016090 0.396374 0.125772 0.216047 -0.374738 -0.028942 0.197336 0.402005 -0.392608 0.174313 0.148011 0.393487 -0.395068 -0.085928 -0.252729 -0.122103 -0.329936 -0.111831 0.145686 -0.015457 -0.380708 -0.213348 -0.363150 0.041856 -0.251124 -0.180879 0.100675 0.126098 -0.109054 0.067075 -0.288500 -0.432911 -0.466709 -0.503889 -0.260299 -0.181988 0.051123 0.082073 -0.323724 -0.216303 0.216604 0.567777 -0.250481 0.320036 -0.402287 0.016695 0.345770 0.320875 -0.271314 0.046941 0.020305 0.092330 -0.120084 0.289752 -0.372007 -0.304008 -0.467457 -0.580516 -0.233032 -0.206852 -0.270438 -0.504202 0.136551 0.326835 0.091620 -0.370994 0.257649 0.369846 0.488699 0.255653 0.132104 -0.009154 -0.247697 0.020790 -0.409321 -0.360035 0.426138 0.176948 0.343320 0.101301 0.248724 0.205042 0.187833 -0.036952 -0.025517 -0.081040 0.191829 -0.224917 -0.307078 0.091552 -0.023161 0.159610
-0.057677 -0.237530 0.638788 0.234770 0.270124 -0.172180 0.565949 0.522422 1.000000 0.372276 0.195799 0.170155 0.340382 0.383280 0.473311 0.351340 -0.242387 -0.323374 -0.150982 -0.224903 -0.022424 -0.198928 0.261316 0.218111 -0.146383 0.149224 0.055800 0.162848 -0.173268 -0.174731 0.012788 0.053392 -0.276936 -0.076105 0.157656 0.269556 -0.355903 -0.300901 -0.165466 -0.260167 -0.166939 -0.274931 -0.034565 -0.118654 -0.259376 -0.181793 -0.305052 -0.040541 -0.068243 -0.158192 0.184153 0.060441 0.027015 -0.045309 -0.247771 -0.444197 -0.207991 -0.370910 0.156091 0.050336 0.334898 0.135700 -0.088194 -0.061543 0.273808 0.322245 0.129263 0.249009 -0.180482 -0.030743 0.058371 -0.058300 -0.280869 -0.201006 -0.325247 -0.105870 -0.187321 0.004840 -0.348760 -0.479497 -0.263582 -0.466496 0.027066 -0.081145 -0.185440 -0.416753 0.298417 0.107425 0.314217 -0.122747 0.302126 0.394639 0.351393 0.392103 -0.064936 -0.062204 -0.412390 -0.135881 -0.290122 -0.164298 0.254579 0.387232 0.384610 0.199301 0.241863 0.116592 0.245238 0.023647 -0.012527 -0.233302 -0.016815 0.141827 -0.128963 -0.074123 -0.148051 -0.009425
-0.097097 -0.223440 0.157891 0.152613 0.356526 0.094189 0.469264 0.599177 0.372276 1.000000 0.129486 0.473337 0.191388 0.549266 0.007113 0.189830 -0.163788 -0.015511 -0.265773 -0.195106 0.243307 -0.121859 -0.177666 0.274262 0.234657 0.273609 0.264093 0.198594 -0.207942 0.016530 0.113869 0.233597 -0.170079 0.182574 0.054862 0.248347 -0.404535 -0.138097 -0.446568 -0.167344 -0.339461 -0.039757 0.357316 0.247284 0.140361 0.222337 0.017050 0.176114 0.131520 0.173475 0.126522 0.230137 -0.141596 0.076575 -0.419632 -0.358476 -0.336959 -0.273111 -0.302227 -0.106855 0.018231 0.212157 -0.215793 -0.000478 0.124031 0.450029 -0.198938 0.215941 -0.565377 -0.007293 0.354930 -0.037334 -0.126876 0.142562 0.116217 0.321694 -0.086504 0.121311 -0.116268 -0.063313 -0.159218 -0.306683 -0.122506 0.012348 -0.116277 -0.381593 0.036608 0.153506 -0.075910 -0.471557 0.234991 0.176549 0.317939 0.004139 0.050335 0.006376 -0.215180 -0.058866 -0.240713 -0.182510 0.337684 -0.022991 0.045312 -0.276655 -0.164552 -0.057670 0.038810 -0.250671 -0.212588 -0.069368 0.008566 -0.058673 -0.079729 0.202795 -0.183409 0.021753
0.225244 -0.126189 0.096770 -0.064790 0.263562 0.191559 0.178767 0.027991 0.195799 0.129486 1.000000 0.448146 0.752442 0.440998 0.503465 0.522591 0.292350 0.253131 0.046582 -0.068969 0.266888 0.044194 0.018379 0.051587 -0.109583 -0.168749 0.121584 0.119496 0.441699 0.457001 0.110400 0.140377 0.120753 0.321665 -0.051876 0.001917 0.020470 0.012209 -0.241069 -0.205705 -0.209850 0.276320 -0.113862 -0.212494 -0.129862 -0.204018 -0.124120 -0.262307 -0.195844 -0.360036 0.164873 -0.296502 0.142502 -0.076876 -0.104989 -0.319597 -0.036020 -0.304780 -0.121584 -0.229806 0.718555 0.246674 0.400202 0.352671 0.192910 -0.044488 -0.037296 -0.156161 -0.114253 -0.301553 0.016329 -0.132169 0.390605 0.360714 0.299249 0.415360 0.387928 0.151391 0.265804 0.138650 0.220443 0.217764 0.375042 0.247820 0.159977 -0.154244 0.085545 -0.072547 0.142070 -0.145856 -0.181350 -0.116760 -0.113843 -0.006943 -0.002136 -0.277714 -0.167296 -0.125881 -0.169846 -0.174610 0.131142 0.065503 -0.227939 -0.210202 -0.256048 -0.243183 -0.109252 -0.161765 -0.349838 -0.140962 -0.084416 -0.125552 -0.247856 0.143029 -0.095673 -0.313863
0.078350 -0.294033 0.119033 0.071021 0.149017 -0.227681 0.350595 0.575932 0.170155 0.473337 0.448146 1.000000 0.453673 0.849197 0.121129 0.466150 -0.301512 0.093264 -0.287890 -0.287892 0.449240 0.097118 -0.152844 0.220941 0.034713 0.281921 0.130222 0.157881 0.050967 0.437694 0.259970 0.478700 -0.161683 0.520690 0.039112 0.348369 -0.055736 0.305915 -0.274786 -0.001168 -0.127436 0.108023 0.195347 0.021855 -0.362094 -0.210718 -0.189202 0.092907 -0.200010 -0.148025 0.069436 0.085263 -0.177983 0.106677 -0.224853 -0.355648 -0.575186 -0.611647 -0.448495 -0.311827 0.130191 0.271709 -0.342862 0.000582 0.178129 0.538875 -0.482511 0.120555 -0.479117 -0.147102 0.205424 0.327524 0.220545 0.366744 0.316030 0.322416 0.296663 0.494196 -0.131833 0.064027 -0.366419 -0.328707 -0.113548 0.109543 -0.266045 -0.480248 -0.073052 0.298356 -0.111677 -0.479285 0.041727 0.160534 0.187755 -0.017316 0.222467 -0.012433 -0.111288 0.080891 -0.438496 -0.310243 0.267531 -0.143186 -0.172704 -0.313309 -0.055406 0.081450 0.114351 -0.142559 -0.130120 0.104724 0.279647 -0.188543 -0.232305 0.125625 -0.054941 0.022833
0.068279 -0.245528 0.403466 0.167167 0.256479 -0.058816 0.491452 0.257113 0.340382 0.191388 0.752442 0.453673 1.000000 0.493548 0.577498 0.617933 0.046164 0.244012 0.154468 -0.106031 0.186011 0.083954 0.061753 0.177788 -0.011731 0.037074 0.055913 0.043081 0.505186 0.471619 0.275402 0.401737 0.177921 0.506444 0.093656 0.265630 0.264335 0.200218 -0.023314 0.029168 -0.052826 0.094956 -0.211750 -0.377651 -0.397691 -0.476195 -0.418152 -0.373201 -0.576009 -0.634205 -0.115960 -0.459578 -0.086403 -0.295346 -0.052722 -0.274928 -0.335407 -0.384945 -0.310481 -0.497119 0.774427 -0.019289 0.264045 0.181872 0.298507 0.017679 -0.004001 -0.066967 -0.169197 -0.458219 0.096485 0.171078 0.422469 0.284273 0.364799 0.437244 0.467779 0.402175 0.094202 0.083857 -0.032067 0.089508 0.248816 0.367004 0.078258 -0.254731 0.147566 -0.040827 0.287246 -0.221421 -0.260844 -0.132085 0.007196 0.057108 -0.039294 -0.158809 -0.253799 -0.159057 -0.508766 -0.357942 -0.023972 0.193569 -0.195268 -0.111036 -0.019794 -0.030859 -0.017708 0.060928 -0.115403 -0.213004 0.095723 -0.180968 -0.467163 0.165183 0.045563 -0.096180
0.079052 -0.183311 0.331510 0.144740 0.180385 -0.131444 0.447683 0.717094 0.383280 0.549266 0.440998 0.849197 0.493548 1.000000 0.213469 0.556329 -0.305942 -0.009025 -0.202448 -0.283472 0.478432 0.012192 -0.038160 0.231555 -0.066210 0.270344 0.116341 0.188490 -0.006859 0.307987 0.294623 0.476276 -0.109968 0.455985 0.060626 0.263961 -0.263505 0.110950 -0.228215 -0.110508 -0.268084 0.013241 0.139473 -0.001635 -0.409761 -0.238263 -0.236825 0.000558 -0.219146 -0.232179 0.147704 0.072932 -0.111009 0.104635 -0.247936 -0.348360 -0.481709 -0.572086 -0.372044 -0.327505 0.254865 0.298076 -0.227948 0.067826 0.211607 0.486683 -0.388681 0.102472 -0.373208 -0.136537 0.250705 0.328134 0.059239 0.214852 0.175614 0.277155 0.133403 0.340483 -0.107084 -0.005469 -0.342757 -0.368106 -0.048469 0.004485 -0.261045 -0.510845 0.018070 0.295825 -0.042592 -0.433543 0.059666 0.150049 0.110675 -0.003110 0.126173 -0.074802 -0.091247 0.031345 -0.383749 -0.243034 0.190203 -0.108089 -0.021459 -0.266181 -0.035043 0.018235 0.111007 -0.042086 -0.076387 -0.026402 0.229406 -0.218663 -0.330578 -0.036874 -0.122846 0.028726
0.173588 -0.057511 0.368871 0.251919 0.479612 0.146421 0.340986 0.033117 0.473311 0.007113 0.503465 0.121129 0.577498 0.213469 1.000000 0.717540 0.005210 -0.126718 0.285994 0.106923 -0.002647 -0.025459 0.431331 0.310693 -0.226475 0.081630 0.396053 0.217219 0.444924 0.127963 0.250192 0.129208 0.048748 0.087420 -0.099819 -0.084370 0.062779 -0.022457 0.035565 -0.119798 -0.007817 0.158931 -0.420972 -0.529663 -0.327199 -0.408546 -0.455426 -0.535786 -0.264213 -0.418062 -0.104968 -0.239705 0.000735 -0.249940 -0.112112 -0.383645 -0.097701 -0.243693 0.090519 -0.208845 0.575946 0.055095 0.331841 0.169692 0.331016 -0.111553 0.015317 -0.178692 -0.028914 -0.363185 -0.042224 -0.084978 0.097861 0.011332 -0.028962 0.129661 0.167242 0.004118 0.011934 -0.247483 -0.024291 -0.027713 0.636046 0.488596 0.162351 -0.141056 0.335037 0.014658 0.584828 0.197923 -0.120523 0.046799 0.060495 0.299315 -0.008187 -0.195888 -0.513495 -0.087119 -0.224758 -0.279050 0.030664 0.352015 0.050563 0.163002 -0.081843 -0.180313 -0.044955 -0.003264 -0.162414 -0.344189 -0.324133 -0.016400 -0.406993 0.005182 -0.073677 -0.217492
0.058799 0.053583 0.278307 0.195876 0.392707 0.187590 0.313794 0.276259 0.351340 0.189830 0.522591 0.466150 0.617933 0.556329 0.717540 1.000000 -0.024250 0.056655 0.008676 -0.053844 0.107802 0.198380 0.179003 0.209744 -0.256175 0.037605 0.347711 0.242927 0.386926 0.345561 0.142670 0.216416 0.133084 0.275869 -0.158619 -0.040224 0.071599 0.146787 0.041382 -0.132190 0.044177 0.109286 -0.419596 -0.514238 -0.497563 -0.507730 -0.487034 -0.553773 -0.265293 -0.399898 0.105275 -0.064062 0.163691 -0.101300 -0.031169 -0.347066 -0.179946 -0.223763 0.003713 -0.277207 0.460177 0.168815 0.230354 0.239922 0.055726 -0.012475 -0.285951 -0.327479 -0.036647 -0.237055 -0.002029 0.123753 0.206994 0.126254 0.114877 0.199407 0.223212 0.092742 0.047036 -0.036144 -0.061510 -0.012806 0.474951 0.459776 -0.053205 -0.193741 0.245570 0.104025 0.370131 0.016842 -0.032030 -0.120255 0.018158 0.153665 -0.090458 -0.290684 -0.267590 -0.147982 -0.231753 -0.260061 0.008511 0.194014 -0.003373 0.010456 -0.169695 -0.246366 0.099227 0.098995 -0.109262 -0.234076 -0.137596 -0.049264 -0.351106 0.015797 -0.113440 -0.166908
0.285367 0.453091 -0.387470 -0.177184 -0.111056 0.392565 -0.318183 -0.476821 -0.242387 -0.163788 0.292350 -0.301512 0.046164 -0.305942 0.005210 -0.024250 1.000000 0.686985 0.148800 0.279717 -0.180383 -0.102777 -0.091489 -0.344126 -0.303877 -0.592637 -0.193603 -0.292347 0.367069 0.309385 -0.431893 -0.531942 0.497053 -0.099986 -0.347310 -0.589172 0.080266 -0.178970 -0.125525 -0.298936 -0.034245 0.053456 -0.275000 -0.014807 0.185131 0.043414 0.222012 -0.307645 0.052460 -0.042097 0.017174 -0.280251 0.253963 -0.275532 0.003352 0.190073 0.659018 0.648065 0.128677 0.059195 0.233176 0.155284 0.702668 0.571183 -0.208665 -0.548945 -0.009002 -0.556730 0.381640 -0.007273 -0.425450 -0.529344 0.261098 0.137606 0.070081 0.010151 0.114797 -0.468152 0.742079 0.641201 0.866092 0.839362 0.203487 0.110667 0.422810 0.423337 -0.199842 -0.487545 0.050561 0.142074 -0.078511 -0.441102 -0.180516 -0.113122 -0.262689 -0.336265 0.139265 -0.136839 0.515925 0.334688 -0.058498 0.018783 -0.175456 -0.079269 -0.455871 -0.529232 -0.265619 -0.025230 -0.292466 -0.081567 -0.367296 0.101700 0.281653 0.168219 -0.210422 -0.195261
0.165644 0.331950 -0.400572 -0.323637 -0.198485 0.110635 -0.212525 -0.273104 -0.323374 -0.015511 0.253131 0.093264 0.244012 -0.009025 -0.126718 0.056655 0.686985 1.000000 -0.059503 0.158762 -0.026711 -0.000523 -0.305750 -0.407867 -0.213234 -0.474097 -0.321674 -0.392821 0.472719 0.609716 -0.259872 -0.237921 0.575790 0.310926 -0.286028 -0.297743 0.290914 0.226769 -0.075907 0.055197 0.080935 0.113510 -0.137768 0.047209 0.008938 -0.075194 0.176536 -0.101067 -0.091318 -0.144106 -0.025409 -0.239947 0.122595 -0.271206 -0.047473 0.150780 0.287165 0.443003 -0.199730 -0.106146 0.078620 0.102741 0.395973 0.491784 -0.358474 -0.391181 -0.235016 -0.541085 0.193291 -0.056069 -0.150214 -0.091516 0.539851 0.350528 0.368331 0.267682 0.327094 -0.030553 0.611107 0.817401 0.516685 0.713043 -0.008580 0.236368 0.028795 0.195556 -0.381652 -0.294513 -0.261059 -0.269367 -0.284820 -0.481218 -0.208169 -0.197155 -0.008026 -0.122297 0.153494 0.072514 0.203300 0.189087 -0.155919 -0.182923 -0.304502 -0.274161 -0.205042 -0.194970 -0.212031 -0.090105 -0.287127 0.035606 -0.020886 0.168699 0.205599 0.192019 -0.097309 -0.147772
0.318779 0.031952 0.243802 0.393752 0.039345 0.088434 0.020437 -0.180545 -0.150982 -0.265773 0.046582 -0.287890 0.154468 -0.202448 0.285994 0.008676 0.148800 -0.059503 1.000000 0.406704 -0.157265 -0.202107 0.251920 0.211086 -0.165227 -0.107121 0.119305 -0.110145 0.359224 -0.013029 0.191074 0.167684 0.312646 0.080015 -0.036753 -0.270614 0.215013 -0.001773 0.169366 0.073939 -0.048797 0.294440 -0.367448 -0.325796 -0.217270 -0.305523 -0.306951 -0.482870 -0.472780 -0.456642 -0.501552 -0.561876 -0.109854 -0.349462 -0.004060 0.014923 0.130218 0.091392 0.049601 -0.296881 0.362483 -0.242261 0.457846 0.146934 0.193454 -0.369454 0.072357 -0.226423 0.195490 -0.420447 0.105531 0.029207 0.188707 0.306862 0.408333 0.239808 0.308717 0.106565 0.381785 0.019044 0.186342 0.249980 0.398939 0.307670 0.402624 0.312161 0.079867 -0.164211 0.310402 0.233675 -0.322496 -0.141604 -0.049811 -0.102758 0.125540 0.022104 -0.159359 0.187772 -0.088649 -0.108388 -0.139292 0.027268 -0.109566 0.128548 -0.099947 -0.122567 -0.347549 -0.031635 -0.041986 -0.026443 -0.274807 -0.302800 -0.368312 -0.040671 0.258179 0.078778
0.316868 0.397714 0.065592 -0.053680 0.079567 0.120574 -0.072554 -0.242873 -0.224903 -0.195106 -0.068969 -0.287892 -0.106031 -0.283472 0.106923 -0.053844 0.279717 0.158762 0.406704 1.000000 -0.274045 -0.126363 -0.002618 -0.014718 -0.358138 -0.380400 0.052549 -0.352741 0.394721 0.166789 -0.081870 -0.214367 0.264773 0.077282 -0.182527 -0.229764 0.040341 -0.143794 0.011618 -0.004002 0.097374 0.117848 -0.206092 -0.145688 0.102159 0.048055 -0.160676 -0.198768 -0.034242 -0.045313 -0.287304 -0.216070 -0.091990 -0.284362 -0.198316 -0.133998 0.150412 0.188427 0.084203 -0.082137 -0.103274 -0.332900 0.501543 0.005932 -0.412526 -0.584971 -0.035778 -0.293089 0.225242 0.040884 -0.035673 -0.041674 0.099922 0.152283 0.102822 0.125959 0.141004 -0.035507 0.288029 0.071861 0.301122 0.325554 0.456341 0.365866 0.099144 0.140057 -0.109856 -0.101042 -0.052538 -0.093722 0.101596 0.031258 -0.185106 0.015332 -0.034894 -0.006382 -0.359718 -0.005771 0.118567 0.007608 -0.146979 0.184055 0.305429 0.240221 0.017342 -0.050399 -0.199172 0.012510 0.002256 -0.151707 -0.443844 0.154303 -0.061631 -0.117527 0.143360 -0.102700
0.092570 -0.040010 -0.011132 0.168151 0.092620 -0.146934 0.211052 0.317481 -0.022424 0.243307 0.266888 0.449240 0.186011 0.478432 -0.002647 0.107802 -0.180383 -0.026711 -0.157265 -0.274045 1.000000 0.175218 0.070209 0.273540 0.277977 0.364416 0.050039 0.215005 0.079830 0.271583 0.540335 0.537930 -0.126894 0.288116 -0.087554 0.059414 -0.211316 -0.040873 -0.445808 -0.264555 -0.201374 0.195437 0.122725 0.018000 -0.108025 -0.091570 -0.082909 0.018593 0.032309 -0.043124 0.109440 0.066104 -0.022470 0.205081 -0.319312 -0.371261 -0.154534 -0.251733 -0.135198 -0.116248 0.085462 0.392978 -0.137418 0.181833 0.249227 0.341075 -0.169702 0.058261 -0.231235 -0.195293 0.196701 0.093091 0.139404 0.224436 0.205393 0.136687 0.099521 0.122074 -0.056301 0.048608 -0.144315 -0.157525 -0.051801 0.092149 -0.003182 -0.180697 0.011541 0.227044 -0.190446 -0.249173 -0.002492 -0.030530 0.100892 -0.084833 0.029210 -0.214214 -0.065006 -0.137407 -0.179837 -0.299695 0.347624 -0.034171 -0.101873 -0.103240 -0.209596 -0.157435 0.145323 -0.243927 -0.353044 0.018657 -0.058137 -0.313508 -0.198935 0.093198 -0.172385 -0.166014
-0.191944 -0.196237 -0.165712 -0.089343 0.225077 0.072453 0.022344 -0.133290 -0.198928 -0.121859 0.044194 0.097118 0.083954 0.012192 -0.025459 0.198380 -0.102777 -0.000523 -0.202107 -0.126363 0.175218 1.000000 0.050082 0.221029 0.264031 0.220459 -0.046655 0.457522 0.253791 0.195287 0.257485 0.392038 -0.037082 0.143839 -0.195776 0.091841 0.309397 0.186418 0.103074 0.102694 0.361084 -0.022528 0.195432 0.018055 0.033424 -0.068117 0.150369 -0.066851 -0.066618 -0.097326 -0.086194 -0.128621 -0.178875 0.009572 0.255100 0.214944 -0.098167 -0.017825 -0.227333 -0.405662 -0.141195 -0.351556 -0.154532 -0.241605 -0.081023 -0.200465 -0.031579 -0.079273 -0.100680 -0.279109 0.051856 0.319159 0.188873 -0.016730 0.119051 0.087542 0.249507 0.136878 -0.117641 0.058226 0.009642 0.069445 0.197034 0.300908 0.060232 0.051702 0.292589 0.321944 -0.174747 -0.034095 -0.024381 -0.230499 -0.123386 -0.019824 -0.348416 -0.182586 0.333519 -0.353185 -0.121260 -0.097504 -0.152345 0.073403 -0.322655 -0.070050 -0.170503 -0.131238 0.360605 0.305995 0.221661 -0.083168 0.164334 -0.150553 -0.071947 0.135155 0.043971 -0.134669
-0.066706 -0.233734 0.341523 0.496731 0.174880 0.218545 0.406138 0.095083 0.261316 -0.177666 0.018379 -0.152844 0.061753 -0.038160 0.431331 0.179003 -0.091489 -0.305750 0.251920 -0.002618 0.070209 0.050082 1.000000 0.639477 -0.025345 0.258312 0.184956 0.376801 -0.069460 -0.366707 0.110450 0.068164 -0.326180 -0.329491 0.204639 -0.004090 -0.093976 -0.125810 -0.063957 -0.243821 -0.094426 0.198994 -0.225578 -0.254326 -0.258876 -0.258800 -0.282528 -0.277178 -0.262964 -0.278182 -0.186369 -0.207370 -0.076901 -0.033410 -0.099570 -0.233700 0.045663 -0.099314 0.072198 -0.135317 0.128489 -0.144897 0.044563 -0.123626 0.532571 0.038888 0.196733 0.159939 0.096391 -0.089752 -0.067373 0.019263 -0.427159 -0.210634 -0.257049 -0.127723 -0.081737 -0.146156 -0.141727 -0.206859 -0.028559 -0.034089 0.399704 -0.056237 0.420883 0.047965 0.559616 0.250884 0.587139 0.306683 -0.081556 0.158719 0.271303 0.585282 0.019614 -0.376604 -0.169228 -0.001630 -0.138505 -0.128205 0.030330 0.371545 0.141172 0.428663 0.064788 -0.187405 0.044851 0.325797 -0.107249 -0.525665 -0.045852 -0.120445 -0.237567 0.067338 -0.058493 -0.039912
-0.117586 -0.517611 0.430371 0.620281 0.431229 0.113052 0.656075 0.387387 0.218111 0.274262 0.051587 0.220941 0.177788 0.231555 0.310693 0.209744 -0.344126 -0.407867 0.211086 -0.014718 0.273540 0.221029 0.639477 1.000000 0.180447 0.535003 0.379224 0.545934 -0.034969 -0.186247 0.440500 0.522890 -0.386101 0.046744 0.205898 0.256653 -0.127933 -0.055068 -0.209550 -0.066583 -0.088524 0.252619 0.035085 -0.207573 -0.182871 -0.193355 -0.338820 -0.150693 -0.366063 -0.282598 -0.414456 -0.272173 -0.415168 -0.011330 -0.256068 -0.406342 -0.400070 -0.432051 -0.214445 -0.449862 0.084189 -0.329378 -0.121456 -0.350823 0.496722 0.240201 0.180755 0.386522 -0.326690 -0.243106 0.347974 0.283604 -0.264188 0.128691 0.115531 0.089705 0.120791 0.271542 -0.218334 -0.316219 -0.240626 -0.274679 0.355832 0.173691 0.280680 -0.123127 0.562473 0.478576 0.325838 -0.100883 0.008562 0.307862 0.478735 0.467323 0.049279 -0.232059 -0.330029 -0.020132 -0.474568 -0.418196 0.147187 0.369025 0.014084 0.253095 -0.049309 -0.021244 0.105727 0.023777 -0.159137 -0.327050 0.014861 -0.241242 -0.441046 0.280092 0.021508 -0.004864
-0.534255 -0.462171 -0.122405 0.021127 0.059632 -0.012312 0.024554 0.016090 -0.146383 0.234657 -0.109583 0.034713 -0.011731 -0.066210 -0.226475 -0.256175 -0.303877 -0.213234 -0.165227 -0.358138 0.277977 0.264031 -0.025345 0.180447 1.000000 0.559879 0.085434 0.337285 -0.125020 -0.088238 0.383056 0.426921 -0.110504 0.148311 0.242486 0.356644 0.195239 0.192339 0.019500 0.254412 -0.001760 0.024845 0.292497 0.131560 0.235700 0.184025 0.226140 0.219255 0.123721 0.109416 -0.062536 0.065567 -0.222243 0.140260 0.174817 0.147477 -0.388830 -0.236828 -0.214672 -0.133804 -0.164192 -0.127499 -0.430545 -0.335059 0.276544 0.311867 0.094666 0.414154 -0.306991 -0.153434 0.183800 0.118463 0.083321 -0.048276 0.128754 0.216175 0.065256 0.190827 -0.231588 -0.080412 -0.207867 -0.155682 -0.330993 -0.121227 0.101021 -0.062394 0.097171 0.235983 -0.068804 -0.026763 -0.116357 -0.042541 0.100722 -0.140218 -0.013428 0.287809 0.265109 -0.055166 -0.235327 -0.092663 0.073732 -0.180880 -0.289467 -0.247220 0.061047 0.047657 0.149603 0.013528 0.189777 0.118494 0.300168 -0.175141 0.041803 0.265054 0.180960 0.248803
-0.330860 -0.547739 0.206760 0.288130 0.260984 -0.148359 0.284589 0.396374 0.149224 0.273609 -0.168749 0.281921 0.037074 0.270344 0.081630 0.037605 -0.592637 -0.474097 -0.107121 -0.380400 0.364416 0.220459 0.258312 0.535003 0.559879 1.000000 0.378490 0.648093 -0.190158 -0.148406 0.623297 0.672736 -0.429126 0.182110 0.246921 0.415970 0.051460 0.286263 0.041128 0.210774 -0.011580 0.113528 0.143087 -0.085956 -0.174059 -0.109921 -0.197434 0.072273 -0.120036 -0.045447 -0.193761 0.121954 -0.361829 0.164601 -0.022606 -0.139526 -0.572391 -0.523086 -0.264877 -0.235313 -0.212125 -0.128164 -0.582941 -0.542566 0.469424 0.579835 -0.057408 0.493898 -0.388378 -0.135568 0.330209 0.390500 -0.125326 -0.015046 0.057827 0.080474 -0.038631 0.334517 -0.391992 -0.317438 -0.510586 -0.521976 -0.116123 -0.055402 -0.003674 -0.386751 0.273194 0.393559 0.173495 -0.088652 0.032555 0.264920 0.374057 0.131062 0.238645 0.176994 0.016339 0.146933 -0.428673 -0.296572 0.252046 0.020954 -0.088399 -0.002598 0.110641 0.182930 0.234276 0.006263 0.118076 0.046465 0.285387 -0.282408 -0.323041 0.140255 0.083592 0.233582
0.041259 -0.132595 0.103934 0.107966 0.571674 0.399611 0.117200 0.125772 0.055800 0.264093 0.121584 0.130222 0.055913 0.116341 0.396053 0.347711 -0.193603 -0.321674 0.119305 0.052549 0.050039 -0.046655 0.184956 0.379224 0.085434 0.378490 1.000000 0.476744 0.064371 -0.082702 0.297947 0.174194 -0.201514 0.048995 0.081220 0.117137 -0.185204 -0.063993 -0.006677 0.031602 -0.052306 0.330055 -0.183895 -0.336156 0.006980 -0.026222 -0.328883 -0.234172 0.053946 0.050984 -0.047185 0.099411 -0.087219 -0.061845 -0.148685 -0.364368 -0.128411 -0.252488 0.146410 0.031020 0.053545 0.111260 -0.045326 -0.191698 0.196551 0.164381 0.040927 0.026077 -0.167432 -0.130299 0.256827 -0.000659 -0.046498 0.059239 0.105949 0.045526 -0.010682 0.059440 -0.059760 -0.338577 -0.076885 -0.190659 0.427615 0.265031 0.082491 -0.241793 0.223082 0.010978 0.377959 -0.024892 0.067780 0.213457 0.167027 0.160843 0.104303 0.013420 -0.351855 0.070279 -0.289168 -0.246356 0.166708 0.153167 -0.007958 0.103718 -0.243331 -0.094415 -0.056192 -0.163089 -0.113801 0.006904 -0.133769 -0.217515 -0.283688 0.085216 0.056345 -0.062252
-0.193249 -0.473809 0.139082 0.193161 0.450887 0.310299 0.202619 0.216047 0.162848 0.198594 0.119496 0.157881 0.043081 0.188490 0.217219 0.242927 -0.292347 -0.392821 -0.110145 -0.352741 0.215005 0.457522 0.376801 0.545934 0.337285 0.648093 0.476744 1.000000 -0.099713 -0.180727 0.323619 0.362975 -0.359688 -0.069232 -0.046716 0.115102 -0.056901 0.079417 0.017916 0.066215 -0.027312 0.270814 0.104153 -0.076196 -0.089746 -0.121710 -0.042688 -0.128572 -0.014433 -0.106123 0.013265 0.073774 -0.129231 0.241184 0.076552 -0.115198 -0.210470 -0.322499 -0.118509 -0.197639 -0.068425 -0.146222 -0.331400 -0.387701 0.314047 0.215810 -0.029206 0.208594 -0.313509 -0.211659 0.307912 0.256221 -0.129456 0.038968 0.019416 0.073648 -0.006130 0.075708 -0.195201 -0.284102 -0.259086 -0.328592 0.212283 -0.079863 0.034684 -0.218498 0.458830 0.351463 0.177787 0.055149 -0.011080 0.195868 0.241794 0.306906 0.056853 -0.111597 0.122738 -0.048605 -0.205091 -0.177643 0.210470 0.175944 -0.133793 0.086822 -0.075638 -0.030838 0.181107 0.062769 -0.005390 -0.109280 0.113174 -0.271854 -0.262047 0.145546 0.012289 -0.076185
0.282458 0.201338 -0.091961 -0.149832 0.231548 0.200638 -0.036772 -0.374738 -0.173268 -0.207942 0.441699 0.050967 0.505186 -0.006859 0.444924 0.386926 0.367069 0.472719 0.359224 0.394721 0.079830 0.253791 -0.069460 -0.034969 -0.125020 -0.190158 0.064371 -0.099713 1.000000 0.733795 0.220905 0.181518 0.517207 0.469196 -0.260258 -0.192574 0.506521 0.252306 0.168551 0.209730 0.286692 0.318399 -0.391015 -0.487854 -0.215014 -0.424631 -0.248401 -0.557087 -0.289628 -0.478129 -0.330419 -0.493983 -0.024325 -0.406604 -0.003922 -0.099849 0.038584 0.070912 0.009039 -0.309271 0.387224 -0.055393 0.514540 0.320239 -0.216299 -0.533166 -0.025221 -0.496512 0.191908 -0.446223 -0.091321 0.064607 0.752929 0.399037 0.496458 0.346931 0.587622 0.189445 0.413030 0.290596 0.288657 0.481460 0.514006 0.731679 0.103539 0.013559 -0.050506 -0.210249 0.009225 -0.041412 -0.311863 -0.387546 -0.283449 -0.108777 -0.160919 -0.112023 -0.174667 -0.169012 -0.157977 -0.282715 -0.202762 0.142810 -0.277475 0.038274 -0.211939 -0.256242 -0.088332 0.001190 -0.112720 -0.055279 -0.237394 -0.078513 -0.331548 0.050531 0.056921 -0.290489
0.262600 0.123675 -0.162761 -0.208171 -0.015756 0.018386 -0.059419 -0.028942 -0.174731 0.016530 0.457001 0.437694 0.471619 0.307987 0.127963 0.345561 0.309385 0.609716 -0.013029 0.166789 0.271583 0.195287 -0.366707 -0.186247 -0.088238 -0.148406 -0.082702 -0.180727 0.733795 1.000000 0.138924 0.227887 0.375000 0.582379 -0.280636 -0.094464 0.404679 0.376393 0.049722 0.220902 0.183358 0.281728 -0.187687 -0.299493 -0.209584 -0.329921 -0.162115 -0.311395 -0.152190 -0.263626 -0.075034 -0.212653 0.039757 -0.259381 -0.084945 -0.146155 -0.127347 -0.093088 -0.183128 -0.241289 0.185059 0.147345 0.251331 0.288843 -0.331733 -0.211590 -0.343608 -0.406461 0.019462 -0.264486 -0.086192 0.077501 0.836349 0.484168 0.536361 0.343920 0.567395 0.306356 0.410916 0.406709 0.180930 0.342231 0.147675 0.517377 -0.219040 -0.232693 -0.253033 -0.051817 -0.237990 -0.356290 -0.175201 -0.339436 -0.222814 -0.240988 -0.006933 0.009145 -0.078400 -0.036067 -0.193249 -0.312952 0.024334 -0.035843 -0.253810 -0.140629 -0.178297 -0.111766 0.015330 -0.204496 -0.213362 0.179788 -0.094558 -0.146813 -0.180913 0.094979 0.038063 -0.167304
-0.070870 -0.338810 0.274182 0.152929 0.379170 -0.255404 0.277572 0.197336 0.012788 0.113869 0.110400 0.259970 0.275402 0.294623 0.250192 0.142670 -0.431893 -0.259872 0.191074 -0.081870 0.540335 0.257485 0.110450 0.440500 0.383056 0.623297 0.297947 0.323619 0.220905 0.138924 1.000000 0.835397 0.010202 0.491414 0.040563 0.310065 0.156606 0.197703 -0.025051 0.166600 0.056444 0.281338 0.059307 -0.249541 -0.157356 -0.209922 -0.212357 -0.088313 -0.293690 -0.308060 -0.236649 -0.196939 -0.261661 0.019204 0.005446 -0.183774 -0.433359 -0.434148 -0.260245 -0.458875 0.126836 -0.178004 -0.178829 -0.189370 0.339913 0.197706 0.002884 0.202050 -0.373041 -0.472274 0.541019 0.450199 0.226928 0.351853 0.388292 0.390546 0.333457 0.500659 -0.219467 -0.154094 -0.292407 -0.223920 0.162638 0.333146 0.065145 -0.104141 0.133808 0.383769 -0.017338 -0.116127 -0.285636 0.001647 0.145647 -0.115280 0.134926 0.107624 -0.148178 0.085095 -0.525335 -0.305782 0.064368 0.046628 -0.188121 -0.229372 0.007327 0.108912 0.049570 -0.131056 -0.039903 -0.074025 0.134075 -0.284210 -0.415000 0.080286 0.067993 0.036628
-0.136234 -0.487954 0.308641 0.340272 0.283271 -0.297989 0.381463 0.402005 0.053392 0.233597 0.140377 0.478700 0.401737 0.476276 0.129208 0.216416 -0.531942 -0.237921 0.167684 -0.214367 0.537930 0.392038 0.068164 0.522890 0.426921 0.672736 0.174194 0.362975 0.181518 0.227887 0.835397 1.000000 -0.104730 0.594951 0.123502 0.462921 0.251431 0.335322 0.011239 0.264499 0.093455 0.139804 0.128201 -0.200390 -0.304286 -0.309548 -0.304898 -0.087416 -0.434761 -0.389231 -0.285399 -0.242231 -0.346304 0.022263 -0.025682 -0.205326 -0.627933 -0.568081 -0.421780 -0.581374 0.131081 -0.229267 -0.292600 -0.285750 0.341698 0.334463 -0.075091 0.289706 -0.454128 -0.481322 0.464833 0.571087 0.252096 0.332967 0.472253 0.431959 0.441612 0.704545 -0.215379 -0.161146 -0.448535 -0.340672 0.017348 0.324014 -0.038880 -0.273705 0.141070 0.428959 -0.061460 -0.281671 -0.181154 0.013645 0.205512 -0.111027 0.136939 0.139601 -0.061842 0.040810 -0.674628 -0.475455 0.098336 -0.014154 -0.283224 -0.209592 0.025337 0.140208 0.141733 -0.073517 0.050809 0.059574 0.290887 -0.365324 -0.523284 0.158097 0.207312 0.121157
0.103543 0.456506 -0.155775 -0.248027 -0.030049 0.016139 -0.278413 -0.392608 -0.276936 -0.170079 0.120753 -0.161683 0.177921 -0.109968 0.048748 0.133084 0.497053 0.575790 0.312646 0.264773 -0.126894 -0.037082 -0.326180 -0.386101 -0.110504 -0.429126 -0.201514 -0.359688 0.517207 0.375000 0.010202 -0.104730 1.000000 0.421889 -0.307614 -0.370725 0.321954 0.069838 0.210637 0.126003 0.227903 0.001726 -0.362021 -0.197415 -0.102096 -0.214583 0.049494 -0.362235 -0.193247 -0.283781 -0.063967 -0.285483 0.163801 -0.174387 0.252505 0.307518 0.247562 0.498417 0.078879 -0.169716 0.264249 -0.008946 0.514925 0.532911 -0.335503 -0.555020 -0.168347 -0.658899 0.280428 -0.218007 0.019598 0.026636 0.563846 0.286576 0.367579 0.299332 0.273428 -0.060017 0.497350 0.563124 0.395846 0.594130 0.073660 0.338448 0.035364 0.446468 -0.351857 -0.272754 -0.205672 0.035892 -0.383714 -0.563849 -0.387256 -0.456000 -0.153981 0.097288 0.127587 0.032553 0.190173 0.224798 -0.448468 -0.294818 -0.316469 -0.381092 -0.162073 -0.123611 -0.205529 -0.032782 -0.017238 0.091693 -0.176999 0.061586 0.112691 -0.160766 0.014231 -0.022406
0.021652 -0.057513 0.093715 -0.109080 0.123496 -0.197695 0.118062 0.174313 -0.076105 0.182574 0.321665 0.520690 0.506444 0.455985 0.087420 0.275869 -0.099986 0.310926 0.080015 0.077282 0.288116 0.143839 -0.329491 0.046744 0.148311 0.182110 0.048995 -0.069232 0.469196 0.582379 0.491414 0.594951 0.421889 1.000000 0.028109 0.349499 0.312692 0.390102 0.079240 0.375043 0.234301 0.132625 -0.029207 -0.262952 -0.182109 -0.234923 -0.222383 -0.133891 -0.364537 -0.333666 -0.210081 -0.306992 -0.296018 -0.184716 -0.033303 -0.150972 -0.434670 -0.313465 -0.434867 -0.494646 0.223805 -0.081931 0.022155 0.072339 -0.058014 0.051853 -0.177759 -0.075995 -0.123614 -0.266431 0.272096 0.425237 0.585321 0.461408 0.583403 0.522576 0.453880 0.608757 0.124264 0.255922 -0.142035 0.031620 -0.037939 0.411570 -0.237116 -0.264083 -0.342971 0.101788 -0.267736 -0.470831 -0.237991 -0.137717 -0.103452 -0.257022 0.124786 0.287823 -0.118932 0.137304 -0.468878 -0.232359 -0.071411 -0.176100 -0.343822 -0.372885 -0.016287 0.112063 -0.068111 -0.189300 -0.039677 0.282309 0.162341 -0.041026 -0.213191 -0.027177 0.085835 -0.012740
-0.337417 -0.402650 0.225117 0.001304 -0.043877 -0.002168 0.318572 0.148011 0.157656 0.054862 -0.051876 0.039112 0.093656 0.060626 -0.099819 -0.158619 -0.347310 -0.286028 -0.036753 -0.182527 -0.087554 -0.195776 0.204639 0.205898 0.242486 0.246921 0.081220 -0.046716 -0.260258 -0.280636 0.040563 0.123502 -0.307614 0.028109 1.000000 0.606519 -0.065158 0.115707 -0.000733 0.180706 -0.102094 -0.030935 0.208839 0.085450 0.027303 0.148843 -0.090601 0.316690 -0.201777 0.006544 -0.228237 -0.107939 -0.374518 -0.006061 -0.135787 -0.066659 -0.298938 -0.373950 -0.076582 0.028737 0.008142 -0.119480 -0.282340 -0.461442 0.337193 0.392385 0.464569 0.600697 0.000229 0.105446 0.099217 0.123661 -0.275469 -0.200148 -0.175504 -0.053885 -0.059389 0.237189 -0.300272 -0.321335 -0.238997 -0.219445 -0.163756 -0.308736 0.008410 -0.347248 0.168327 0.032362 0.138913 -0.165713 -0.022666 0.272976 0.108512 0.195183 0.019555 0.252658 -0.039281 0.031055 -0.303500 -0.060954 -0.168631 -0.049266 0.014261 0.110852 0.299546 0.246483 0.007073 0.171657 0.198352 0.032796 0.399027 -0.063460 -0.106593 -0.004057 0.193044 0.186889
-0.275669 -0.543936 0.353985 -0.033605 0.144141 -0.284449 0.466320 0.393487 0.269556 0.248347 0.001917 0.348369 0.265630 0.263961 -0.084370 -0.040224 -0.589172 -0.297743 -0.270614 -0.229764 0.059414 0.091841 -0.004090 0.256653 0.356644 0.415970 0.117137 0.115102 -0.192574 -0.094464 0.310065 0.462921 -0.370725 0.349499 0.606519 1.000000 0.030493 0.166834 -0.075662 0.218051 0.056111 -0.129756 0.368780 0.039144 -0.027273 0.063684 -0.176162 0.332217 -0.182238 -0.036097 -0.076413 -0.003666 -0.380731 -0.017761 -0.089599 -0.252701 -0.643614 -0.589651 -0.288372 -0.123166 0.008010 -0.183287 -0.484910 -0.524495 0.261219 0.554267 0.283331 0.691209 -0.437624 0.019861 0.274880 0.335376 -0.144345 -0.078558 0.031570 0.157277 0.096309 0.579612 -0.594130 -0.386474 -0.562832 -0.528191 -0.253347 -0.080806 -0.281533 -0.520039 0.042713 0.202851 -0.052930 -0.380018 0.103114 0.362219 0.237382 0.145501 0.006310 0.218421 -0.169474 -0.145943 -0.672211 -0.338722 0.057281 0.155225 -0.018033 -0.019237 0.383631 0.393775 0.202579 0.076292 0.248798 -0.022283 0.544660 -0.011766 -0.194493 0.089975 0.137392 0.064176
