1.000000 0.740100 -0.298413 -0.263772 -0.201181 -0.538616 0.045839 -0.256231 -0.171372 -0.308338 0.380035 0.163910 0.319451 0.227982 0.113401 -0.001725 0.569600 0.615903 0.560232 0.539497 -0.230118 -0.430588 -0.483101 -0.523209 -0.467363 -0.526124 -0.137205 -0.456974 0.616091 0.575138 -0.219345 -0.270134 0.532626 0.250072 -0.411714 -0.622031 0.127108 -0.255403 -0.037157 -0.212868 0.060772 0.104528 -0.425871 -0.442279 -0.151958 -0.453573 -0.162507 -0.348199 -0.295120 -0.340465 -0.118601 -0.137444 0.155494 -0.065509 -0.064169 -0.141449 0.650213 0.572812 -0.095986 -0.090127 0.297223 0.016672 0.563582 0.603160 -0.163547 -0.445779 -0.219261 -0.651926 0.455683 0.282197 0.001825 -0.226421 0.523072 0.281561 0.362517 -0.039388 0.186381 -0.220729 0.522061 0.504641 0.573582 0.605281 0.346357 0.306786 0.318511 0.288306 0.180673 -0.146394 -0.143999 -0.112963 -0.293861 -0.254366 -0.399560 -0.302054 -0.018221 -0.282595 -0.389763 -0.231160 -0.078847 -0.117547 -0.048909 0.240447 0.070567 0.215309 -0.079335 -0.316198 -0.009138 0.073530 -0.223848 -0.349890 -0.552362 -0.308494 -0.088045 -0.177333 -0.403922 -0.153125
0.740100 1.000000 -0.339004 -0.088298 -0.207045 -0.379413 -0.176678 -0.229243 -0.228505 -0.218409 0.312594 0.191891 0.179950 0.201267 0.011350 -0.092039 0.455634 0.585756 0.467811 0.659813 -0.235646 -0.286213 -0.489175 -0.486730 -0.392748 -0.419204 -0.161944 -0.330259 0.406138 0.473089 -0.266133 -0.228165 0.321242 0.140152 -0.496287 -0.599822 -0.024380 -0.270314 -0.029149 -0.250420 -0.084348 -0.027142 -0.378931 -0.386274 -0.280288 -0.475625 -0.185594 -0.411107 -0.335237 -0.442184 -0.039276 -0.206905 0.155976 -0.097640 -0.023093 -0.262268 0.564124 0.583083 -0.014088 0.077880 0.042822 0.068525 0.422310 0.504917 -0.243233 -0.341972 -0.193619 -0.579857 0.575472 0.388759 0.078372 -0.250160 0.293907 0.279529 0.294037 0.021954 0.084603 -0.156458 0.492618 0.528451 0.542901 0.560873 0.174209 0.346284 0.384075 0.459756 0.083680 -0.146037 -0.069733 -0.067459 -0.210575 -0.238768 -0.284497 -0.302995 -0.024928 -0.313766 -0.384849 -0.156883 -0.123153 -0.241372 -0.076425 0.141254 0.140634 0.184210 -0.042321 -0.225356 0.007535 0.086077 -0.276982 -0.336351 -0.516895 -0.350892 -0.010764 -0.205410 -0.384873 -0.137827
-0.298413 -0.339004 1.000000 0.391436 0.349132 0.321202 0.670669 0.614551 0.319281 0.183603 0.050735 0.214075 0.222901 0.282764 0.275190 0.203803 -0.418470 -0.335055 -0.205488 -0.482973 0.090435 0.182268 0.528986 0.408549 0.161125 0.133739 0.179413 0.281022 -0.411155 -0.225359 0.225718 0.166579 -0.157666 0.068186 0.295691 0.314215 -0.274850 -0.305709 -0.030787 0.081462 -0.192081 -0.085741 -0.020433 0.043887 -0.048641 0.152154 -0.185399 -0.048118 0.167545 0.045128 0.015651 -0.050747 -0.270105 -0.169935 -0.153271 -0.127310 -0.482978 -0.458234 0.190315 -0.023299 0.130435 0.243347 -0.429264 -0.108998 0.369553 0.466350 0.179979 0.319028 -0.600730 -0.450793 0.012973 0.216387 -0.258862 -0.025235 -0.149654 0.190381 -0.120403 0.051307 -0.383578 -0.293254 -0.508393 -0.387574 -0.298620 -0.415494 -0.246524 -0.320137 -0.033613 0.007572 0.275596 0.049481 0.080663 0.210226 0.310050 0.297532 0.152711 0.089665 0.105824 0.123187 -0.229391 -0.225057 -0.032592 -0.177139 -0.046481 -0.177941 -0.002367 -0.148320 0.051519 -0.133491 0.014982 0.042047 0.125172 -0.155056 0.250736 0.125490 0.218255 0.017618
-0.263772 -0.088298 0.391436 1.000000 0.225676 0.481740 0.263759 0.755219 0.208127 0.440050 -0.031412 0.363569 0.077261 0.288791 0.122614 0.341223 -0.467222 -0.375247 -0.213825 -0.242348 0.104065 0.119405 0.413365 0.452008 0.148926 0.335942 0.106660 0.419215 -0.325856 -0.144087 0.057326 0.214036 -0.281299 0.020168 -0.027488 0.179498 -0.161643 -0.133205 -0.120408 -0.080215 -0.173561 0.026615 -0.008283 -0.063732 -0.207692 -0.082138 -0.116894 -0.208495 0.120404 -0.040653 0.159319 0.086483 0.050425 -0.111724 0.075043 -0.166784 -0.420550 -0.508027 0.079731 0.026768 -0.061579 0.270048 -0.279767 -0.052120 0.242353 0.404313 -0.111930 0.106381 -0.512307 -0.505021 0.046040 0.127527 -0.343168 -0.083666 -0.080426 0.153976 0.034490 0.029846 -0.346799 -0.371042 -0.445287 -0.436400 -0.235750 -0.064442 -0.000347 -0.059676 -0.105935 0.010059 0.358259 0.329408 0.317179 0.172994 0.462195 0.192748 -0.135757 -0.026013 -0.043522 -0.021868 -0.105427 -0.088215 0.040813 -0.152634 -0.078209 -0.099902 0.020294 -0.059442 -0.054681 -0.091262 -0.155723 -0.007606 -0.035331 -0.146315 0.308142 0.087691 0.196442 0.062699
-0.201181 -0.207045 0.349132 0.225676 1.000000 0.438286 0.391169 0.338737 0.729850 0.662676 -0.026953 0.233456 0.096994 0.104929 0.272639 0.348474 -0.350672 -0.348208 -0.249119 -0.210863 0.306158 0.243391 0.228813 0.217493 0.302677 0.173056 0.557569 0.201856 -0.315382 -0.128047 0.075777 -0.038834 -0.218997 -0.095315 0.102614 0.101933 -0.092513 -0.258469 -0.319296 -0.175158 -0.216270 -0.016013 -0.083389 -0.047206 -0.102672 -0.017398 -0.132573 -0.106068 0.149326 0.030652 0.213487 0.128351 0.066768 0.016566 0.078672 -0.025624 -0.381125 -0.349931 0.153811 -0.075558 0.068699 0.190716 -0.251222 -0.119578 0.193430 0.342498 -0.161077 0.007791 -0.414799 -0.326800 -0.045165 0.080679 -0.239720 -0.082472 -0.114317 0.248443 -0.112639 -0.036160 -0.319366 -0.285603 -0.290465 -0.267912 -0.182838 0.008741 -0.079072 -0.103609 0.004234 -0.074587 0.378099 0.306070 0.207872 0.248994 0.313820 0.398749 -0.145869 -0.045816 -0.105421 0.024505 -0.106410 0.005551 -0.046406 0.060750 -0.147740 -0.303405 -0.126904 -0.079985 0.047019 -0.073402 -0.063162 -0.051375 0.034380 0.002391 0.173731 0.206652 0.224292 0.018276
-0.538616 -0.379413 0.321202 0.481740 0.438286 1.000000 0.013413 0.410767 0.232736 0.520375 -0.085631 0.103678 -0.116547 -0.031146 0.151181 0.167396 -0.528560 -0.539848 -0.530162 -0.348415 0.299277 0.448014 0.519574 0.615013 0.359757 0.566217 0.286342 0.753610 -0.659546 -0.520282 0.097396 0.243234 -0.511490 -0.163253 0.219156 0.427662 -0.147755 0.134477 0.111915 0.325729 -0.138301 -0.011335 0.086319 0.174097 -0.154939 0.260288 -0.078349 0.061800 0.177281 0.048311 0.182064 0.059324 0.033181 -0.078666 0.218406 0.036451 -0.386756 -0.449554 0.181069 -0.050162 -0.219093 0.138350 -0.395676 -0.378625 0.081387 0.568158 -0.032534 0.498806 -0.369342 -0.284438 -0.057438 0.170347 -0.628122 -0.278041 -0.336365 0.137837 -0.247185 0.055318 -0.404700 -0.406542 -0.443817 -0.481152 -0.378417 -0.134337 -0.116978 -0.141412 -0.082262 0.078275 0.501672 0.330994 0.284517 0.272393 0.426650 0.348985 -0.137647 0.058812 0.299719 0.181735 -0.079993 0.003190 -0.088687 -0.162853 -0.130740 -0.247304 -0.084185 -0.033954 0.067681 -0.106420 0.033341 0.080255 0.354132 0.005385 0.144445 0.019257 0.295156 -0.026814
0.045839 -0.176678 0.670669 0.263759 0.391169 0.013413 1.000000 0.602089 0.521270 0.263092 0.097893 0.343481 0.402112 0.350431 0.214060 0.325999 -0.089446 -0.016312 -0.010866 -0.320446 -0.014948 -0.077687 0.231029 0.131252 0.009816 -0.038223 0.190530 0.020430 0.026118 0.212114 0.241210 0.135896 0.087581 0.268506 0.177959 0.109315 -0.028724 -0.374938 -0.291619 -0.254325 -0.139443 0.056713 -0.128870 -0.100176 0.011672 -0.033290 -0.189409 -0.191269 -0.140136 0.001199 -0.068107 -0.099271 -0.231146 -0.160039 -0.386437 -0.246305 -0.267228 -0.264075 -0.045937 -0.225583 0.299014 0.106802 -0.060924 0.197338 0.476497 0.136975 -0.088917 -0.109865 -0.508033 -0.517276 -0.018329 0.165789 0.140494 0.145282 0.104470 0.269829 0.208976 -0.004785 -0.104354 -0.128567 -0.189721 -0.089555 -0.067517 -0.104395 -0.084530 -0.096469 -0.020108 -0.068139 0.084012 -0.031280 -0.038818 0.078566 0.197640 0.164198 0.089498 -0.029202 -0.259338 -0.034097 -0.250559 -0.214286 -0.035208 -0.082338 -0.040386 -0.216339 -0.128817 -0.251682 -0.005404 -0.081101 -0.112027 -0.180796 -0.207294 -0.123913 0.277501 0.192865 0.065075 0.022824
-0.256231 -0.229243 0.614551 0.755219 0.338737 0.410767 0.602089 1.000000 0.349394 0.521005 0.036931 0.531439 0.302545 0.472700 0.244376 0.381473 -0.474880 -0.392353 -0.300936 -0.422612 0.159203 0.103518 0.348683 0.373856 0.053371 0.194173 0.168033 0.305832 -0.360943 -0.126363 0.070955 0.134343 -0.301867 0.036682 0.011766 0.207150 -0.116964 -0.254806 -0.208779 -0.072361 -0.177759 0.004236 -0.079481 -0.004514 -0.150866 0.025890 -0.242410 -0.127487 0.138489 0.008344 -0.020954 -0.051616 -0.102952 -0.213284 -0.122089 -0.256244 -0.545021 -0.606963 0.181835 0.008133 0.154617 0.404049 -0.370175 -0.022976 0.352751 0.575608 -0.063320 0.169890 -0.744958 -0.613154 -0.018051 0.245012 -0.261375 -0.079776 -0.082915 0.257212 0.052642 0.073252 -0.399912 -0.443095 -0.516179 -0.511205 -0.275572 -0.276118 -0.151170 -0.238031 -0.143786 0.028867 0.283797 0.134763 0.332366 0.308934 0.519922 0.318199 -0.083064 0.022446 -0.058471 0.046571 -0.117383 -0.076654 0.182523 -0.177209 -0.009979 -0.181747 0.053214 -0.108036 0.009120 -0.107663 -0.118082 -0.037742 0.054629 -0.035388 0.453511 0.212909 0.223878 0.057711
-0.171372 -0.228505 0.319281 0.208127 0.729850 0.232736 0.521270 0.349394 1.000000 0.694555 0.070847 0.275888 0.310651 0.233513 0.426377 0.527504 -0.191031 -0.221256 -0.221859 -0.290781 0.289353 0.095411 0.103518 0.078713 0.215781 0.096624 0.427022 0.072176 -0.151383 0.046381 -0.000957 -0.078889 -0.139706 -0.046401 0.117507 0.178292 0.081729 -0.205024 -0.433754 -0.276536 -0.184484 0.119589 -0.100300 -0.115384 -0.087070 -0.130478 -0.123197 -0.187086 0.064981 -0.035427 0.054329 -0.001036 0.048793 -0.040870 -0.003097 -0.135926 -0.366679 -0.318716 0.181473 -0.059992 0.296883 0.263862 -0.173360 0.033645 0.221172 0.219219 -0.039034 -0.091943 -0.407194 -0.368269 0.055407 0.142999 -0.036978 0.079807 0.038418 0.269017 0.123212 0.059440 -0.258250 -0.249636 -0.195250 -0.202107 -0.133654 0.015626 -0.121076 -0.150278 -0.017870 -0.204881 0.354270 0.256968 0.105801 0.130835 0.308470 0.384242 -0.187124 -0.161657 -0.290533 -0.193199 -0.200025 -0.118322 0.156319 0.122853 -0.080978 -0.241935 -0.121287 -0.039706 0.094745 0.044655 -0.174111 -0.164912 -0.068949 0.016904 0.175309 0.219561 0.147150 0.018037
-0.308338 -0.218409 0.183603 0.440050 0.662676 0.520375 0.263092 0.521005 0.694555 1.000000 0.037367 0.377412 0.141537 0.167806 0.298177 0.383631 -0.430609 -0.435860 -0.417649 -0.280053 0.327262 0.191565 0.157316 0.255875 0.310103 0.296354 0.347418 0.333602 -0.466675 -0.225617 -0.045832 -0.008804 -0.441848 -0.179489 0.025419 0.216816 -0.073678 -0.137125 -0.428722 -0.165085 -0.299068 -0.039398 0.001543 0.063368 -0.163885 0.045237 -0.174654 -0.080752 0.200125 -0.005537 0.145188 0.048571 0.099588 0.005662 0.032883 -0.188751 -0.435677 -0.466321 0.253143 0.005218 0.018320 0.291420 -0.376681 -0.192409 0.260349 0.538195 -0.132340 0.169207 -0.445645 -0.341075 -0.001441 0.133186 -0.404413 -0.123484 -0.185411 0.243251 -0.023825 0.062379 -0.375420 -0.383164 -0.414873 -0.444138 -0.283627 -0.103411 -0.040682 -0.041677 -0.095022 -0.002706 0.387509 0.310988 0.330738 0.344580 0.537603 0.468116 -0.182902 -0.069815 -0.157390 -0.026769 -0.074578 0.029110 0.241316 -0.015662 -0.061926 -0.200866 0.005252 0.059792 -0.034305 -0.062017 -0.048389 -0.107407 0.077844 0.085990 0.296045 0.270328 0.243720 0.107764
0.380035 0.312594 0.050735 -0.031412 -0.026953 -0.085631 0.097893 0.036931 0.070847 0.037367 1.000000 0.648094 0.697944 0.602182 0.575198 0.357303 0.204744 0.153367 0.073576 0.058757 -0.137449 -0.341510 -0.263777 -0.269509 -0.367254 -0.412494 -0.130899 -0.183173 0.194482 0.362590 -0.389341 -0.366243 -0.036250 -0.164219 -0.393162 -0.259702 -0.155611 -0.270399 -0.161240 -0.077598 -0.084223 -0.045562 -0.220842 -0.179703 -0.178808 -0.379349 -0.135166 -0.226974 0.139306 -0.254325 -0.006329 -0.021065 0.215279 -0.096737 0.035174 -0.149123 0.059056 -0.076039 0.277072 0.188008 0.270693 0.246957 0.118510 0.287212 -0.306445 0.023097 0.134165 -0.350047 0.027462 -0.002064 0.212777 -0.129488 0.172135 0.167693 0.143580 0.169325 0.176287 -0.001216 0.064070 0.083491 0.073294 0.049932 -0.038659 0.089405 -0.067442 -0.109341 -0.074175 -0.044558 0.104563 0.181205 -0.005686 0.078163 0.107931 -0.055839 0.032911 -0.107566 -0.113773 -0.152345 -0.176189 -0.149994 0.207699 0.166468 0.015928 0.047201 -0.015938 -0.154183 -0.029884 -0.070037 -0.008709 -0.124976 -0.194183 -0.246349 0.210550 0.043465 -0.010585 0.057234
0.163910 0.191891 0.214075 0.363569 0.233456 0.103678 0.343481 0.531439 0.275888 0.377412 0.648094 1.000000 0.682982 0.790243 0.546636 0.570349 -0.074262 -0.032564 -0.110125 -0.136873 -0.027319 -0.232047 -0.184148 -0.149660 -0.280895 -0.285742 0.040266 -0.127719 0.068538 0.363918 -0.318955 -0.274094 -0.180914 -0.100419 -0.271463 -0.103799 -0.006560 -0.258585 -0.318515 -0.265604 -0.119061 -0.073520 -0.186898 -0.160799 -0.208235 -0.312684 -0.276809 -0.253373 0.151678 -0.240074 -0.130522 -0.124670 0.033053 -0.255639 -0.090984 -0.364716 -0.289946 -0.388375 0.209078 0.056197 0.197265 0.358540 -0.047655 0.206712 -0.078804 0.354653 -0.002625 -0.307905 -0.401539 -0.399530 0.177782 0.027343 0.106194 0.158178 0.201480 0.301164 0.324122 0.142974 -0.109006 -0.173120 -0.152798 -0.191399 -0.176345 0.074821 -0.120091 -0.177956 -0.235795 -0.109771 0.150672 0.172228 0.191770 0.187262 0.406294 0.138632 -0.190885 -0.029977 -0.197380 -0.083833 -0.208683 -0.133747 0.264644 0.065317 0.051163 -0.080500 0.045096 -0.047905 -0.003294 -0.056032 -0.135369 -0.054630 -0.103005 -0.056140 0.468917 0.215309 0.157419 0.007272
0.319451 0.179950 0.222901 0.077261 0.096994 -0.116547 0.402112 0.302545 0.310651 0.141537 0.697944 0.682982 1.000000 0.824416 0.654098 0.625236 0.167709 0.119147 -0.039522 -0.185156 -0.101898 -0.436618 -0.313167 -0.348676 -0.482536 -0.476821 -0.067082 -0.296930 0.282666 0.408387 -0.431191 -0.470989 -0.034761 -0.171455 -0.366704 -0.194222 0.036069 -0.232313 -0.239127 -0.211778 0.066243 0.045418 -0.286889 -0.290813 -0.238951 -0.447273 -0.222180 -0.258548 0.081455 -0.320439 -0.214648 -0.225886 0.089970 -0.198839 -0.098381 -0.316028 -0.097494 -0.196761 0.427568 0.185820 0.555348 0.473851 0.091419 0.402359 -0.194797 0.125122 0.136930 -0.409835 -0.199969 -0.217244 0.112984 -0.139554 0.335438 0.170037 0.304257 0.055728 0.373767 0.071856 0.048128 -0.012445 0.060267 0.015199 -0.070984 0.000709 -0.158217 -0.223246 -0.150458 -0.125525 0.108886 0.165753 0.054367 0.132076 0.249672 0.078746 -0.147694 -0.095620 -0.196911 -0.267535 -0.231260 -0.146394 0.373997 0.225628 0.090817 0.064366 0.040377 -0.072963 0.019636 -0.063069 -0.083073 -0.152762 -0.117954 -0.130988 0.355899 0.201745 -0.005310 -0.074342
0.227982 0.201267 0.282764 0.288791 0.104929 -0.031146 0.350431 0.472700 0.233513 0.167806 0.602182 0.790243 0.824416 1.000000 0.578908 0.692226 0.036730 0.052270 -0.053301 -0.247611 0.021622 -0.296249 -0.266788 -0.275830 -0.458714 -0.434552 -0.010243 -0.251793 0.145411 0.335173 -0.421708 -0.422952 -0.054109 -0.168451 -0.361569 -0.117642 0.011955 -0.265268 -0.250932 -0.222193 0.002703 0.040611 -0.249570 -0.235112 -0.192264 -0.371054 -0.232045 -0.276850 0.083938 -0.290625 -0.245034 -0.233230 0.004245 -0.349403 -0.111869 -0.364533 -0.194195 -0.285486 0.364896 0.166323 0.449602 0.510992 0.065902 0.422145 -0.217867 0.244473 0.125018 -0.355925 -0.345021 -0.328828 0.128515 -0.049399 0.199422 0.131411 0.251781 0.165651 0.324267 0.104807 -0.018087 -0.094090 -0.016335 -0.084873 -0.145913 -0.088881 -0.168767 -0.295855 -0.261519 -0.148456 0.139216 0.195603 0.159799 0.115926 0.374426 0.088821 -0.146149 -0.090701 -0.182250 -0.205935 -0.209743 -0.120427 0.346995 0.152382 0.118474 0.051041 0.077635 -0.017822 -0.000225 -0.042237 -0.205190 -0.150858 -0.122947 -0.107803 0.488912 0.157630 0.027196 -0.033705
0.113401 0.011350 0.275190 0.122614 0.272639 0.151181 0.214060 0.244376 0.426377 0.298177 0.575198 0.546636 0.654098 0.578908 1.000000 0.619440 -0.030672 -0.103838 -0.164001 -0.197436 0.072489 -0.114756 0.028739 -0.071832 -0.207715 -0.240251 0.107571 -0.071660 0.078402 0.160367 -0.372352 -0.365964 -0.150012 -0.217583 -0.306090 -0.129575 0.076822 -0.267480 -0.032639 -0.016230 0.072839 0.042505 -0.202657 -0.154963 -0.190597 -0.235097 -0.168029 -0.138459 0.209889 -0.272612 -0.028738 -0.060055 0.141600 -0.119898 0.261522 -0.072498 -0.212483 -0.302001 0.348512 0.013309 0.310618 0.349445 -0.067223 0.088850 -0.190308 0.233130 0.018846 -0.242409 -0.254964 -0.266336 0.176514 -0.099719 0.112045 -0.006082 0.106952 0.043428 0.142217 0.057537 -0.209411 -0.167424 -0.136092 -0.192282 0.124947 0.065973 -0.181290 -0.216071 0.105668 0.100095 0.371385 0.260019 0.090072 0.128948 0.296889 0.227917 -0.035635 -0.005652 0.075963 -0.101489 -0.129374 -0.095388 0.276277 0.156504 -0.098729 -0.050847 -0.097385 -0.129273 0.068884 -0.020810 0.024497 -0.025994 0.008726 -0.104090 0.223761 0.135046 0.174212 0.009274
-0.001725 -0.092039 0.203803 0.341223 0.348474 0.167396 0.325999 0.381473 0.527504 0.383631 0.357303 0.570349 0.625236 0.692226 0.619440 1.000000 -0.007340 -0.104005 -0.197517 -0.368774 0.154996 -0.109872 -0.038655 -0.113197 -0.174802 -0.133382 0.249973 -0.070116 0.155863 0.246696 -0.355926 -0.368646 -0.148185 -0.222240 -0.265842 -0.005002 0.178727 -0.009846 -0.254761 -0.227360 -0.019890 0.191668 -0.110679 -0.129817 -0.132777 -0.290901 -0.057716 -0.128438 0.102608 -0.134062 -0.167763 -0.102531 0.036417 -0.174106 0.055392 -0.098118 -0.249541 -0.334553 0.232930 -0.044735 0.370917 0.330003 0.021152 0.232084 -0.084249 0.173374 -0.076652 -0.319888 -0.395492 -0.470268 0.128050 -0.097999 0.203651 0.084122 0.285159 0.096895 0.367532 0.147937 -0.145701 -0.257485 -0.048879 -0.153525 -0.109161 0.152250 -0.172126 -0.253846 -0.181014 -0.122304 0.316803 0.366085 0.143487 0.047261 0.424041 0.187354 -0.283955 -0.143267 -0.119997 -0.236807 -0.183440 -0.049280 0.204296 0.098319 -0.181484 -0.121014 -0.066349 0.026493 -0.031781 0.013370 -0.282818 -0.108775 -0.015382 0.084755 0.347493 0.126850 0.052440 -0.036667
0.569600 0.455634 -0.418470 -0.467222 -0.350672 -0.528560 -0.089446 -0.474880 -0.191031 -0.430609 0.204744 -0.074262 0.167709 0.036730 -0.030672 -0.007340 1.000000 0.823626 0.373231 0.327348 -0.301984 -0.367175 -0.446609 -0.539502 -0.429515 -0.495001 -0.191856 -0.464954 0.757474 0.609765 -0.193889 -0.217345 0.506357 0.203840 -0.339613 -0.492762 0.193037 -0.048309 -0.033557 -0.235013 0.074049 0.042209 -0.269556 -0.275682 -0.039510 -0.319674 0.010328 -0.234636 -0.461443 -0.266367 -0.129717 -0.209216 0.023995 -0.052879 -0.061654 -0.096902 0.743069 0.742456 -0.187042 -0.200794 0.127108 -0.233750 0.692515 0.547482 -0.219877 -0.548962 -0.087369 -0.513900 0.559397 0.336122 -0.098287 -0.375312 0.697557 0.246811 0.394281 -0.193054 0.258969 -0.282041 0.803538 0.695591 0.833988 0.824543 0.269340 0.366676 0.339359 0.446840 0.071052 -0.142763 -0.239517 -0.235667 -0.457626 -0.468985 -0.525867 -0.423530 0.013685 -0.295731 -0.318940 -0.263944 -0.167273 -0.237392 -0.148524 0.119949 -0.037723 0.068614 -0.151711 -0.184422 -0.110646 0.060432 -0.201617 -0.356754 -0.381066 -0.129305 -0.281958 -0.247251 -0.477882 -0.168913
0.615903 0.585756 -0.335055 -0.375247 -0.348208 -0.539848 -0.016312 -0.392353 -0.221256 -0.435860 0.153367 -0.032564 0.119147 0.052270 -0.103838 -0.104005 0.823626 1.000000 0.401438 0.368930 -0.341497 -0.295100 -0.352455 -0.473743 -0.426762 -0.462006 -0.132083 -0.424576 0.719544 0.672785 -0.054566 -0.060788 0.535261 0.357595 -0.282537 -0.478860 0.139886 -0.119519 0.008256 -0.204855 0.012674 0.022196 -0.354628 -0.327396 -0.107258 -0.344846 -0.108188 -0.338311 -0.572517 -0.361136 -0.084819 -0.253279 -0.066087 -0.138842 -0.197439 -0.242089 0.720620 0.759134 -0.266540 -0.292600 0.076058 -0.299543 0.676579 0.602542 -0.094151 -0.542017 -0.201997 -0.527877 0.566010 0.299636 0.040480 -0.288572 0.653929 0.344149 0.376908 -0.104616 0.274766 -0.299266 0.813389 0.827174 0.785898 0.872397 0.247041 0.377205 0.438872 0.605321 0.173250 -0.171975 -0.224681 -0.290276 -0.515760 -0.482388 -0.521875 -0.399739 0.126470 -0.333402 -0.394551 -0.223634 -0.284756 -0.348066 -0.233215 0.065822 0.003884 0.073071 -0.074348 -0.169742 -0.102295 0.101239 -0.281921 -0.419128 -0.532240 -0.272896 -0.268075 -0.199542 -0.471833 -0.156557
0.560232 0.467811 -0.205488 -0.213825 -0.249119 -0.530162 -0.010866 -0.300936 -0.221859 -0.417649 0.073576 -0.110125 -0.039522 -0.053301 -0.164001 -0.197517 0.373231 0.401438 1.000000 0.638874 -0.169133 -0.235083 -0.398996 -0.502274 -0.178022 -0.335922 -0.107021 -0.476697 0.528835 0.484186 0.011268 -0.086958 0.523292 0.283650 -0.149352 -0.425468 0.146534 -0.146784 -0.068725 -0.186539 -0.008667 -0.048254 -0.025429 -0.233862 -0.042685 -0.306632 0.057530 -0.109046 -0.352427 -0.251484 -0.184207 -0.224045 -0.014972 -0.000229 -0.024276 -0.068495 0.349633 0.388173 -0.350966 -0.061040 -0.012438 -0.256010 0.411848 0.355072 -0.152511 -0.658026 -0.030942 -0.482096 0.414793 0.222866 0.181826 -0.006545 0.476541 0.301041 0.298397 0.096424 0.223178 0.045186 0.341560 0.283027 0.365389 0.449764 0.360551 0.320002 0.269768 0.108032 0.048567 -0.283949 -0.270684 -0.229807 -0.236812 -0.248956 -0.522888 -0.330252 0.044672 -0.165269 -0.296145 -0.256157 0.128795 -0.021820 -0.136616 0.168609 0.093600 0.139765 -0.226962 -0.186252 0.044720 0.198409 -0.119338 -0.094292 -0.308812 -0.037958 -0.149583 -0.220412 -0.304315 -0.118530
0.539497 0.659813 -0.482973 -0.242348 -0.210863 -0.348415 -0.320446 -0.422612 -0.290781 -0.280053 0.058757 -0.136873 -0.185156 -0.247611 -0.197436 -0.368774 0.327348 0.368930 0.638874 1.000000 -0.160959 -0.216071 -0.362864 -0.378559 -0.162778 -0.196953 -0.238504 -0.285752 0.353768 0.368036 -0.058481 -0.107345 0.359586 0.221159 -0.274495 -0.477667 0.032855 -0.109391 0.030495 -0.101124 0.024107 -0.070607 -0.139605 -0.290364 -0.207048 -0.341985 -0.003278 -0.124061 -0.230080 -0.284448 -0.011732 -0.076941 0.224437 0.156326 0.099083 -0.017262 0.477473 0.496371 -0.367782 -0.041666 -0.293153 -0.306027 0.279668 0.064792 -0.236637 -0.567161 -0.254831 -0.398363 0.648161 0.530587 0.133750 -0.108726 0.240189 0.271788 0.293681 0.047171 0.086111 0.011389 0.352135 0.373652 0.393575 0.449036 0.369326 0.457434 0.367235 0.313227 0.198567 -0.114122 -0.185689 -0.191601 -0.056423 -0.093479 -0.431513 -0.269314 0.057981 -0.127845 -0.234590 -0.062536 0.231355 0.058939 -0.124136 0.108936 0.146479 0.189577 -0.129862 -0.157398 0.079117 0.138020 -0.005564 -0.132016 -0.288641 -0.119622 -0.274164 -0.220765 -0.209008 -0.099289
-0.230118 -0.235646 0.090435 0.104065 0.306158 0.299277 -0.014948 0.159203 0.289353 0.327262 -0.137449 -0.027319 -0.101898 0.021622 0.072489 0.154996 -0.301984 -0.341497 -0.169133 -0.160959 1.000000 0.529665 0.107721 0.198381 0.238285 0.223603 0.317355 0.213374 -0.318472 -0.231397 0.164621 0.052583 -0.185031 -0.157125 0.154056 0.278638 0.149288 0.083462 0.060966 0.198007 -0.058957 0.308513 0.051978 0.130866 -0.009999 0.164999 -0.059394 0.127197 -0.026656 0.034294 -0.137438 -0.068167 -0.104216 -0.139693 0.148118 0.042333 -0.252231 -0.248660 0.053349 -0.114660 0.013004 0.038249 -0.236885 -0.160839 -0.017661 0.167803 -0.071709 0.162641 -0.255283 -0.296014 0.204140 0.383555 -0.284582 -0.005143 -0.143458 0.408859 -0.048079 0.222181 -0.230022 -0.274055 -0.190222 -0.254067 -0.127946 -0.078241 -0.033875 -0.104338 0.064347 0.086557 0.274722 0.114766 0.157095 0.162046 0.217815 0.314437 0.070002 0.099755 0.030128 0.233178 0.047643 0.147032 0.111248 0.004423 -0.053773 -0.121458 -0.104565 -0.045284 0.085714 0.043288 0.006850 0.048592 0.197041 0.141941 0.190862 0.164014 0.191991 0.163537
-0.430588 -0.286213 0.182268 0.119405 0.243391 0.448014 -0.077687 0.103518 0.095411 0.191565 -0.341510 -0.232047 -0.436618 -0.296249 -0.114756 -0.109872 -0.367175 -0.295100 -0.235083 -0.216071 0.529665 1.000000 0.433800 0.498933 0.582522 0.547706 0.413264 0.425571 -0.432643 -0.312440 0.389389 0.496210 -0.196666 0.074921 0.352467 0.342637 -0.070712 0.080151 0.249527 0.369184 -0.191408 0.046627 0.176508 0.377301 0.056328 0.382661 -0.001358 0.237753 -0.069905 0.121930 0.010535 0.010264 -0.164636 -0.039293 0.142593 0.120415 -0.277652 -0.179158 -0.061593 -0.295464 -0.253002 -0.157996 -0.314128 -0.321906 0.225481 0.265528 -0.189916 0.341267 -0.193917 -0.233594 0.118972 0.332056 -0.398310 -0.085882 -0.392451 0.336236 -0.302725 0.000936 -0.219924 -0.094925 -0.255236 -0.207782 -0.166668 -0.168480 -0.035337 0.088927 0.161289 0.228732 0.270767 0.040377 -0.066904 -0.056307 0.003876 0.141186 0.305008 0.192570 0.141186 0.455998 -0.098418 0.073834 -0.249464 -0.221067 -0.331772 -0.283070 -0.229720 -0.139186 0.052208 -0.027792 0.081058 0.189904 0.232385 0.122277 0.042571 0.049089 0.250514 0.108332
-0.483101 -0.489175 0.528986 0.413365 0.228813 0.519574 0.231029 0.348683 0.103518 0.157316 -0.263777 -0.184148 -0.313167 -0.266788 0.028739 -0.038655 -0.446609 -0.352455 -0.398996 -0.362864 0.107721 0.433800 1.000000 0.808081 0.466805 0.616319 0.192358 0.650338 -0.423763 -0.401893 0.508449 0.577224 -0.228913 0.242700 0.407627 0.498089 -0.244667 -0.039269 0.286836 0.308288 -0.069976 -0.032881 0.105874 0.185590 0.028318 0.347165 -0.001849 0.079120 0.116407 0.224724 0.224795 0.214909 -0.150897 -0.007368 0.072822 0.140824 -0.344520 -0.334450 -0.121198 -0.240245 -0.264058 -0.131184 -0.432868 -0.397216 0.488498 0.387509 -0.149456 0.507083 -0.360687 -0.317210 -0.075077 0.201538 -0.423594 -0.244197 -0.351067 -0.011379 -0.288039 -0.125879 -0.361753 -0.199817 -0.456678 -0.356445 -0.073316 -0.161067 -0.052239 -0.002701 0.238746 0.266677 0.285218 0.073500 -0.034221 0.026338 0.184010 0.173753 0.271920 0.130160 0.355738 0.243267 -0.139057 -0.132546 -0.385624 -0.292605 -0.348718 -0.266695 -0.091418 -0.175872 -0.015982 -0.143925 0.100372 0.161663 0.163633 -0.142817 -0.171055 0.028540 0.277009 0.042394
-0.523209 -0.486730 0.408549 0.452008 0.217493 0.615013 0.131252 0.373856 0.078713 0.255875 -0.269509 -0.149660 -0.348676 -0.275830 -0.071832 -0.113197 -0.539502 -0.473743 -0.502274 -0.378559 0.198381 0.498933 0.808081 1.000000 0.564941 0.759619 0.173887 0.727238 -0.590860 -0.525352 0.508358 0.665335 -0.252131 0.221158 0.425221 0.574059 -0.276995 -0.033536 0.248608 0.350135 -0.108603 0.009687 0.151242 0.305521 0.069193 0.454140 -0.023506 0.166181 0.173226 0.253802 0.322842 0.227460 -0.094008 0.005686 0.002383 0.102126 -0.338665 -0.403726 -0.050902 -0.198941 -0.233493 -0.053324 -0.397978 -0.419837 0.375810 0.453572 -0.160894 0.621742 -0.351927 -0.251714 -0.079322 0.280888 -0.585448 -0.340301 -0.445418 0.020998 -0.420291 -0.098556 -0.421251 -0.294565 -0.502338 -0.461176 -0.203896 -0.283179 -0.151680 -0.041534 0.169753 0.282109 0.191054 0.129176 0.118499 0.120085 0.235213 0.156675 0.274093 0.158768 0.284121 0.275587 -0.132478 -0.094719 -0.297285 -0.351388 -0.295003 -0.184257 -0.070383 -0.166952 -0.051285 -0.192830 0.075146 0.150656 0.229784 -0.140824 -0.103095 0.123086 0.320566 0.098653
-0.467363 -0.392748 0.161125 0.148926 0.302677 0.359757 0.009816 0.053371 0.215781 0.310103 -0.367254 -0.280895 -0.482536 -0.458714 -0.207715 -0.174802 -0.429515 -0.426762 -0.178022 -0.162778 0.238285 0.582522 0.466805 0.564941 1.000000 0.652844 0.356282 0.403035 -0.425867 -0.350712 0.480969 0.517864 -0.141983 0.118414 0.492070 0.437319 -0.123471 -0.062463 -0.080469 0.053286 -0.213875 -0.105629 0.335733 0.417290 0.221215 0.483576 0.146590 0.286042 0.072096 0.290051 0.217755 0.145242 -0.077607 0.138155 -0.040732 0.103055 -0.328109 -0.267025 -0.212628 -0.144940 -0.353506 -0.200853 -0.364986 -0.462591 0.331797 0.210596 -0.083866 0.474520 -0.157213 -0.138118 -0.033513 0.172661 -0.424633 -0.181662 -0.404109 0.137400 -0.290664 -0.031868 -0.329314 -0.234735 -0.368783 -0.304272 -0.082866 -0.149237 -0.090023 0.020401 -0.001550 0.054029 -0.010041 0.008566 0.007806 0.028132 0.031249 0.121899 0.203472 0.080877 0.075000 0.174623 0.039897 0.038284 -0.237268 -0.149816 -0.178737 -0.176709 -0.159432 -0.080279 -0.053098 -0.057925 0.170269 0.078445 0.169362 0.103178 -0.119068 0.043301 0.269833 0.202427
-0.526124 -0.419204 0.133739 0.335942 0.173056 0.566217 -0.038223 0.194173 0.096624 0.296354 -0.412494 -0.285742 -0.476821 -0.434552 -0.240251 -0.133382 -0.495001 -0.462006 -0.335922 -0.196953 0.223603 0.547706 0.616319 0.759619 0.652844 1.000000 0.005318 0.779170 -0.541032 -0.513714 0.393681 0.680174 -0.360045 0.146079 0.437445 0.531647 -0.046051 0.204738 0.186309 0.313926 -0.188166 -0.049749 0.226404 0.274282 0.008066 0.355443 0.053120 0.152972 0.102360 0.177263 0.222781 0.168124 0.032044 0.087397 0.074981 0.108424 -0.250644 -0.248582 -0.126244 -0.185364 -0.325247 -0.213527 -0.385851 -0.500641 0.360052 0.281554 -0.211329 0.535794 -0.165590 -0.115924 -0.051427 0.291484 -0.549841 -0.193784 -0.372851 0.010075 -0.257107 0.011244 -0.330266 -0.265442 -0.366269 -0.361620 -0.095301 -0.166354 0.004015 0.022269 0.121023 0.215834 0.253395 0.181981 0.174171 0.099214 0.213385 0.258141 0.095636 0.104183 0.156880 0.172718 -0.023034 0.013227 -0.317638 -0.166576 -0.287237 -0.219230 -0.151643 -0.032269 -0.050499 -0.046935 0.039194 0.102936 0.251218 0.031077 -0.194253 0.033451 0.239833 0.172382
-0.137205 -0.161944 0.179413 0.106660 0.557569 0.286342 0.190530 0.168033 0.427022 0.347418 -0.130899 0.040266 -0.067082 -0.010243 0.107571 0.249973 -0.191856 -0.132083 -0.107021 -0.238504 0.317355 0.413264 0.192358 0.173887 0.356282 0.005318 1.000000 0.009378 -0.113110 -0.015665 0.236504 0.074616 0.096277 0.054707 0.139573 0.111306 -0.064288 -0.167438 -0.109930 -0.043947 -0.073286 0.204709 0.142364 0.261918 0.162752 0.229347 0.049136 0.184102 -0.022306 0.214035 0.019682 0.024297 -0.219833 0.053860 -0.043493 0.028788 -0.253408 -0.188755 -0.043733 -0.255884 -0.019620 0.022734 -0.145674 0.012404 0.167309 0.158519 -0.206709 -0.003066 -0.280782 -0.337797 0.063890 0.043748 -0.112884 -0.153767 -0.211204 0.184515 -0.048798 -0.056298 -0.169877 -0.183572 -0.145689 -0.104363 -0.128502 0.142775 -0.117599 -0.001810 -0.062825 -0.130113 0.104524 -0.006406 -0.154833 -0.069053 -0.039642 -0.042177 -0.006577 -0.057796 -0.059910 0.091399 -0.167899 -0.026814 -0.209802 -0.196982 -0.325676 -0.419690 -0.272709 -0.211673 0.001857 -0.106718 -0.096445 -0.057676 -0.021944 0.125665 0.105177 0.108537 0.106252 -0.031579
-0.456974 -0.330259 0.281022 0.419215 0.201856 0.753610 0.020430 0.305832 0.072176 0.333602 -0.183173 -0.127719 -0.296930 -0.251793 -0.071660 -0.070116 -0.464954 -0.424576 -0.476697 -0.285752 0.213374 0.425571 0.650338 0.727238 0.403035 0.779170 0.009378 1.000000 -0.604468 -0.541209 0.285643 0.528368 -0.402793 0.085869 0.378452 0.467702 -0.168474 0.100187 0.251816 0.432957 -0.140034 0.057578 -0.005587 0.126650 -0.135929 0.270720 -0.112984 -0.055768 0.038552 0.025976 0.231107 0.090851 -0.014568 -0.101293 0.095357 0.103476 -0.162313 -0.221509 0.080623 -0.074841 -0.228038 0.012393 -0.361057 -0.350061 0.364879 0.471345 -0.101607 0.563802 -0.178996 -0.097542 -0.185084 0.165089 -0.635893 -0.266469 -0.397137 0.017174 -0.339789 -0.123915 -0.267421 -0.236330 -0.350550 -0.352353 -0.177957 -0.177652 0.139489 0.014569 0.161044 0.189341 0.554731 0.301894 0.091394 0.034925 0.277488 0.208480 0.045074 0.085157 0.302337 0.191919 -0.199925 -0.161653 -0.302852 -0.220293 -0.261198 -0.274514 -0.129123 -0.116473 -0.079286 -0.154183 0.026767 0.044613 0.219419 -0.209373 -0.075129 -0.037896 0.176310 0.153248
0.616091 0.406138 -0.411155 -0.325856 -0.315382 -0.659546 0.026118 -0.360943 -0.151383 -0.466675 0.194482 0.068538 0.282666 0.145411 0.078402 0.155863 0.757474 0.719544 0.528835 0.353768 -0.318472 -0.432643 -0.423763 -0.590860 -0.425867 -0.541032 -0.113110 -0.604468 1.000000 0.793127 -0.107020 -0.208250 0.549305 0.259238 -0.357010 -0.513009 0.368359 -0.026389 -0.062979 -0.312488 0.261842 0.094208 -0.213508 -0.346045 -0.011786 -0.455779 0.061988 -0.209720 -0.388795 -0.231614 -0.151252 -0.107684 0.068573 -0.002100 -0.044241 -0.083248 0.498414 0.491631 -0.314283 -0.219441 0.176630 -0.247934 0.645470 0.541248 -0.171858 -0.677189 -0.217565 -0.728079 0.372441 0.094917 0.119282 -0.311448 0.888332 0.316120 0.531329 -0.146576 0.466662 -0.095171 0.610698 0.481449 0.664206 0.684453 0.448992 0.548023 0.274181 0.287249 0.039850 -0.223222 -0.334765 -0.228758 -0.395184 -0.411674 -0.497405 -0.459616 -0.005836 -0.172625 -0.328795 -0.263530 -0.036309 -0.099142 -0.085622 0.162876 -0.040205 0.122737 -0.178449 -0.194909 -0.032827 0.142602 -0.151672 -0.176974 -0.415735 -0.014443 -0.173256 -0.177017 -0.366754 -0.162221
0.575138 0.473089 -0.225359 -0.144087 -0.128047 -0.520282 0.212114 -0.126363 0.046381 -0.225617 0.362590 0.363918 0.408387 0.335173 0.160367 0.246696 0.609765 0.672785 0.484186 0.368036 -0.231397 -0.312440 -0.401893 -0.525352 -0.350712 -0.513714 -0.015665 -0.541209 0.793127 1.000000 -0.010750 -0.116130 0.470465 0.295483 -0.306675 -0.461391 0.222526 -0.175488 -0.232860 -0.393593 0.038911 0.095592 -0.297371 -0.345602 -0.183548 -0.520325 -0.148213 -0.318300 -0.387643 -0.353609 -0.215332 -0.167443 0.030599 -0.094570 -0.174578 -0.317326 0.326546 0.352684 -0.285727 -0.246565 0.125114 -0.149441 0.483561 0.524458 -0.087799 -0.493394 -0.258970 -0.717462 0.227276 -0.031349 0.176479 -0.090008 0.762355 0.507646 0.457169 0.229617 0.520853 -0.028052 0.563993 0.488713 0.531019 0.622250 0.270604 0.480287 0.248971 0.325368 0.006971 -0.264459 -0.247345 -0.207900 -0.343372 -0.338817 -0.387209 -0.361984 0.009371 -0.166465 -0.509435 -0.252184 -0.251866 -0.239282 -0.034448 0.115169 -0.004303 0.007816 -0.185344 -0.191294 -0.033936 0.151777 -0.213380 -0.275765 -0.479992 -0.134298 -0.022517 -0.058407 -0.260137 -0.193962
-0.219345 -0.266133 0.225718 0.057326 0.075777 0.097396 0.241210 0.070955 -0.000957 -0.045832 -0.389341 -0.318955 -0.431191 -0.421708 -0.372352 -0.355926 -0.193889 -0.054566 0.011268 -0.058481 0.164621 0.389389 0.508449 0.508358 0.480969 0.393681 0.236504 0.285643 -0.107020 -0.010750 1.000000 0.782247 0.128053 0.434738 0.502420 0.331279 0.018372 -0.063609 0.175669 0.159922 -0.013690 0.025251 0.111843 0.166574 0.042795 0.297555 -0.116732 0.059372 -0.248774 0.161666 0.015287 0.046574 -0.346877 0.006441 -0.267304 -0.115969 -0.111953 -0.018902 -0.465011 -0.369891 -0.317029 -0.366316 -0.160208 -0.177515 0.444170 -0.060589 -0.271313 0.259408 -0.087291 -0.194203 0.059786 0.445798 -0.098859 0.035346 -0.208061 0.275810 -0.078623 0.035858 -0.008243 0.066120 -0.173076 0.011630 0.090789 -0.022000 0.069648 0.177345 0.196565 0.051242 -0.180557 -0.320316 -0.235618 -0.149338 -0.201223 -0.064021 0.346212 0.157906 -0.055952 0.198440 -0.219842 -0.149959 -0.345114 -0.169420 -0.198459 -0.215526 -0.192987 -0.209891 0.019480 -0.030231 0.112018 -0.019791 -0.025715 -0.107626 -0.162550 0.068054 0.139088 0.064498
-0.270134 -0.228165 0.166579 0.214036 -0.038834 0.243234 0.135896 0.134343 -0.078889 -0.008804 -0.366243 -0.274094 -0.470989 -0.422952 -0.365964 -0.368646 -0.217345 -0.060788 -0.086958 -0.107345 0.052583 0.496210 0.577224 0.665335 0.517864 0.680174 0.074616 0.528368 -0.208250 -0.116130 0.782247 1.000000 0.041944 0.511252 0.438885 0.395981 -0.058231 0.023016 0.279904 0.312908 -0.051156 0.004293 0.147155 0.247527 0.031157 0.348059 -0.093245 0.028272 -0.213223 0.108991 0.129476 0.048004 -0.224450 -0.045456 -0.164076 -0.093497 -0.084950 -0.029043 -0.383230 -0.404283 -0.359054 -0.363102 -0.157159 -0.247169 0.493908 0.069781 -0.309009 0.353878 -0.072573 -0.171450 -0.013069 0.387186 -0.205913 -0.017581 -0.255210 0.172218 -0.111951 -0.058010 -0.001665 0.099723 -0.165842 -0.030449 0.072702 -0.102454 0.158343 0.258300 0.227793 0.185116 -0.036112 -0.252910 -0.211597 -0.208764 -0.153489 -0.069746 0.345132 0.147549 0.043212 0.221727 -0.276846 -0.214676 -0.474766 -0.241825 -0.342270 -0.294885 -0.308101 -0.245856 -0.061113 -0.058199 0.040359 -0.019838 0.006998 -0.173315 -0.278599 0.014783 0.189754 0.085642
0.532626 0.321242 -0.157666 -0.281299 -0.218997 -0.511490 0.087581 -0.301867 -0.139706 -0.441848 -0.036250 -0.180914 -0.034761 -0.054109 -0.150012 -0.148185 0.506357 0.535261 0.523292 0.359586 -0.185031 -0.196666 -0.228913 -0.252131 -0.141983 -0.360045 0.096277 -0.402793 0.549305 0.470465 0.128053 0.041944 1.000000 0.667236 0.040473 -0.175056 0.090068 -0.306738 -0.020445 -0.138219 0.127057 0.204863 -0.119436 -0.127692 0.311445 0.045946 0.008558 -0.102537 -0.383638 -0.033343 -0.170938 -0.213789 -0.223214 -0.166864 -0.261003 -0.041024 0.487969 0.535353 -0.287563 -0.260985 0.169646 -0.226605 0.597392 0.486777 -0.003886 -0.479963 -0.003381 -0.304120 0.383276 0.223764 -0.134145 -0.159384 0.569290 0.109966 0.237037 -0.097007 0.125743 -0.332307 0.550266 0.431570 0.499271 0.596599 0.305671 0.226902 0.272750 0.225225 0.173146 -0.183799 -0.287209 -0.355894 -0.534580 -0.511514 -0.581239 -0.527047 0.141323 -0.230930 -0.271760 -0.200158 -0.204652 -0.287872 -0.265335 -0.048642 -0.130343 -0.037111 -0.280204 -0.338486 -0.101904 0.014996 -0.192440 -0.235264 -0.455969 -0.281835 -0.315379 -0.207107 -0.332226 -0.241578
0.250072 0.140152 0.068186 0.020168 -0.095315 -0.163253 0.268506 0.036682 -0.046401 -0.179489 -0.164219 -0.100419 -0.171455 -0.168451 -0.217583 -0.222240 0.203840 0.357595 0.283650 0.221159 -0.157125 0.074921 0.242700 0.221158 0.118414 0.146079 0.054707 0.085869 0.259238 0.295483 0.434738 0.511252 0.667236 1.000000 0.297666 0.141893 0.005744 -0.215673 0.080049 -0.008390 -0.099150 0.056384 -0.126177 -0.082880 0.170603 0.150821 -0.100475 -0.212423 -0.380736 0.001695 -0.030020 -0.174449 -0.303458 -0.193568 -0.312647 -0.211350 0.287687 0.345894 -0.344375 -0.472212 -0.004308 -0.284968 0.332174 0.250479 0.416903 -0.174336 -0.245457 -0.038205 0.173092 0.045780 -0.118245 0.102392 0.283407 0.082073 0.090695 0.029102 0.018466 -0.342981 0.378874 0.356931 0.213627 0.369445 0.168038 0.086488 0.279252 0.301046 0.254027 -0.014537 -0.094688 -0.379019 -0.448623 -0.412837 -0.368057 -0.299276 0.278271 -0.139724 -0.225699 -0.039018 -0.359897 -0.408651 -0.424792 -0.171118 -0.321248 -0.209145 -0.298408 -0.392822 -0.065762 0.021188 -0.190840 -0.213683 -0.398549 -0.300749 -0.391829 -0.107301 -0.170646 -0.177353
-0.411714 -0.496287 0.295691 -0.027488 0.102614 0.219156 0.177959 0.011766 0.117507 0.025419 -0.393162 -0.271463 -0.366704 -0.361569 -0.306090 -0.265842 -0.339613 -0.282537 -0.149352 -0.274495 0.154056 0.352467 0.407627 0.425221 0.492070 0.437445 0.139573 0.378452 -0.357010 -0.306675 0.502420 0.438885 0.040473 0.297666 1.000000 0.683141 0.045002 0.146752 0.126344 0.205861 -0.081459 -0.031978 0.162558 0.201487 0.172565 0.420718 -0.038207 0.175325 -0.080900 0.210828 -0.096417 -0.097498 -0.415766 -0.079281 -0.303829 0.043135 -0.229189 -0.152403 -0.120931 -0.159407 -0.158802 -0.156169 -0.201257 -0.260371 0.431786 0.206766 0.164357 0.504510 -0.147266 -0.066649 -0.105158 0.316602 -0.295945 -0.168914 -0.298851 0.058969 -0.148266 0.053478 -0.162674 -0.173134 -0.224039 -0.155250 -0.117054 -0.175611 -0.060240 -0.155945 0.068007 0.011391 0.011280 -0.110915 -0.176742 -0.097661 -0.039907 0.077459 0.119283 0.186899 0.156687 0.162849 -0.206809 -0.086148 -0.234207 -0.120489 -0.102239 -0.209812 -0.112582 0.001104 0.064689 0.041617 0.113008 0.157811 0.248269 0.047649 -0.206649 -0.006393 0.116250 -0.043943
-0.622031 -0.599822 0.314215 0.179498 0.101933 0.427662 0.109315 0.207150 0.178292 0.216816 -0.259702 -0.103799 -0.194222 -0.117642 -0.129575 -0.005002 -0.492762 -0.478860 -0.425468 -0.477667 0.278638 0.342637 0.498089 0.574059 0.437319 0.531647 0.111306 0.467702 -0.513009 -0.461391 0.331279 0.395981 -0.175056 0.141893 0.683141 1.000000 -0.037638 0.228457 0.106782 0.255958 -0.038638 0.054595 0.228032 0.264980 0.214815 0.501195 -0.052100 0.178163 0.132634 0.295460 -0.120466 -0.082213 -0.351399 -0.256453 -0.173849 -0.083597 -0.430669 -0.412724 0.016050 -0.072681 -0.118386 -0.007998 -0.390953 -0.373153 0.288131 0.419958 0.231323 0.650411 -0.361625 -0.204089 -0.035228 0.353849 -0.425417 -0.223699 -0.324404 0.050518 -0.065387 0.200619 -0.371388 -0.334879 -0.430921 -0.416907 -0.258977 -0.303963 -0.230801 -0.241747 0.004544 0.158654 0.081721 0.024357 0.075365 0.152386 0.345536 0.330263 0.115557 0.165732 0.242618 0.102826 -0.189449 -0.060246 -0.032521 -0.032012 -0.087804 -0.128689 -0.018428 0.112159 0.113069 -0.036713 0.065596 0.151792 0.314595 0.012231 -0.058124 0.079232 0.326994 0.061236
