1.000000 0.209957 0.509915 0.009639 0.289528 0.219768 0.428737 -0.132931 0.175850 -0.057461 -0.198450 -0.201955 -0.117572 -0.057452 0.076287 0.057151 -0.051824 -0.128644 0.471020 0.352161 -0.007592 -0.078512 0.262866 0.091312 0.061229 0.017187 0.241310 0.233599 -0.269916 -0.266837 0.064758 -0.009761 0.061906 0.041460 -0.192537 0.040711 -0.514624 -0.421761 -0.304262 0.023359 -0.049001 0.101125 -0.227581 -0.098065 -0.145855 0.010917 -0.331699 0.027160 0.040054 0.167489 -0.349744 0.061595 -0.271983 0.002820 -0.222014 -0.334487 0.679210 0.396448 0.505656 0.311393 0.218259 0.227745 -0.353096 0.048462 -0.155000 0.166164 0.307178 0.223861 0.420324 0.368897 0.049663 -0.023779 -0.064619 -0.219709 0.118690 0.090466 0.118951 0.054746 -0.468739 -0.082941 -0.508228 -0.195305 -0.016308 0.034418 -0.441196 -0.402241 0.229264 0.254806 -0.177457 -0.201938 0.055298 -0.233705 -0.252452 -0.173014 -0.322809 -0.269935 -0.450086 -0.206522 -0.418236 -0.125410 -0.055598 -0.280989 -0.024553 -0.222537 0.180390 -0.093002 -0.018602 -0.143925 -0.095047 -0.219633 -0.299196 -0.358589 -0.108681 -0.363327 -0.323987 -0.101407
0.209957 1.000000 0.184112 0.288344 0.291687 0.277457 0.216813 0.387090 0.176221 0.194049 -0.390753 0.088837 -0.231756 0.056317 0.161566 0.217337 -0.104700 0.010171 0.439833 0.389946 0.221632 0.232706 -0.026758 -0.155977 0.140755 -0.012275 0.251436 0.184924 -0.232926 -0.050969 -0.072046 -0.145396 0.156247 0.175462 -0.484117 -0.457850 -0.368043 -0.377611 -0.325363 -0.126068 -0.203224 -0.015367 -0.189793 -0.337690 -0.088412 -0.184965 -0.219785 -0.369085 -0.007131 0.068039 -0.070508 -0.120496 0.171044 0.067442 0.114553 -0.546323 0.183409 0.676987 0.175907 0.442409 0.268322 0.554306 -0.027796 0.197847 -0.045621 0.126039 0.232031 -0.154202 0.418493 0.336267 -0.218738 -0.139494 -0.201608 -0.091726 -0.237104 -0.056761 -0.220191 -0.134964 -0.188148 -0.313305 -0.162460 -0.378640 -0.108060 0.046177 0.014405 -0.332969 0.009570 0.202649 0.172839 -0.186552 0.305239 -0.263790 -0.066568 -0.099233 -0.108074 -0.188791 -0.450495 -0.289639 -0.075646 -0.270317 0.169092 -0.154922 0.244368 -0.228627 0.126593 -0.024247 0.019026 -0.199349 -0.040784 -0.174226 -0.472631 -0.208476 0.166368 -0.293690 -0.038254 -0.113293
0.509915 0.184112 1.000000 0.218236 0.422318 0.351512 0.652851 0.208130 0.283286 0.189956 -0.225428 -0.281985 -0.119103 -0.125146 0.130231 0.170849 0.012861 -0.036434 0.472565 0.238894 0.161681 0.267189 0.325988 0.062477 0.253442 0.127266 0.345604 0.335545 -0.158280 -0.230400 0.164017 0.002868 0.093862 0.066304 -0.328526 -0.083574 -0.488015 -0.418621 -0.251853 -0.020581 0.016790 -0.029066 -0.235276 -0.273078 -0.040829 0.019022 -0.353818 -0.221732 0.230396 0.201237 -0.114357 0.192880 -0.144710 0.002917 -0.003595 -0.420259 0.404670 0.189709 0.321672 0.241980 0.360822 0.189392 0.030180 0.160881 0.017952 0.108731 0.251301 0.082325 0.249050 0.154389 0.092321 -0.030743 0.017816 -0.225522 -0.020376 0.022635 -0.116927 -0.000066 -0.277994 -0.118730 -0.396848 -0.335103 -0.056179 0.015377 -0.257082 -0.397332 0.245567 0.265513 0.031540 -0.081404 0.040302 -0.336212 -0.190626 -0.217762 -0.283917 -0.263176 -0.495551 -0.300011 -0.393644 -0.389929 0.036892 -0.148197 0.127394 -0.230476 0.066527 -0.244339 -0.089404 -0.112762 -0.228734 -0.175946 -0.414561 -0.427585 -0.041184 -0.294709 -0.308173 -0.267538
0.009639 0.288344 0.218236 1.000000 0.308803 0.502321 -0.130290 0.395916 0.314107 0.373733 -0.133621 -0.056998 -0.286555 -0.152751 0.363433 0.410178 -0.194134 -0.233569 0.249344 0.397184 0.479667 0.372219 0.488150 0.475518 0.529515 0.423557 0.451625 0.461083 -0.255645 -0.117741 0.260111 -0.009741 -0.269605 -0.292587 -0.393135 -0.111931 -0.421467 -0.233817 -0.241498 -0.103871 -0.137167 0.049297 -0.348592 -0.438071 0.049689 0.063203 -0.184016 -0.351325 0.012196 0.146700 0.080964 0.072439 -0.057433 -0.050291 -0.006496 -0.457262 0.077674 0.222498 -0.079042 0.168031 -0.026806 0.283024 0.096938 0.146491 0.212682 0.222329 0.088300 0.121037 -0.001500 -0.049089 0.070876 -0.115712 -0.287651 -0.027753 -0.342843 0.090900 -0.312720 -0.164270 -0.134442 -0.278841 0.021103 -0.359841 0.175530 -0.088421 0.116041 -0.235891 0.044558 0.286237 0.094458 0.041029 0.134334 -0.370863 0.077113 -0.153690 -0.410495 -0.235148 -0.527828 -0.509243 -0.099766 -0.504280 -0.020144 0.043868 0.132896 -0.096556 -0.139717 0.014457 0.047309 -0.066173 -0.253070 -0.378812 -0.342551 -0.425630 -0.063407 -0.135339 0.001280 -0.255546
0.289528 0.291687 0.422318 0.308803 1.000000 0.836906 0.376516 0.283994 0.674738 0.487600 -0.418483 -0.191026 -0.329827 -0.239731 0.445463 0.491057 -0.192763 -0.050499 0.234151 0.340832 0.561198 0.541133 0.053494 -0.125988 0.618942 0.205948 0.790259 0.762094 -0.397576 -0.287402 0.043917 -0.256342 -0.276088 -0.283295 -0.504408 -0.234318 -0.547275 -0.581770 -0.363619 0.002539 -0.319557 0.131715 -0.346398 -0.491561 -0.020196 -0.163698 -0.212746 -0.343129 0.161973 0.120297 -0.151338 0.096572 0.102499 0.194991 0.216106 -0.468608 0.270993 0.318865 0.335267 0.563702 0.153359 0.320831 -0.133518 -0.158167 -0.134057 -0.019658 0.360250 0.090546 0.129786 0.188727 0.049794 -0.251974 -0.316153 -0.278535 -0.320094 0.090090 -0.425051 -0.160349 -0.377093 -0.358496 -0.309888 -0.665903 0.174321 -0.051410 -0.193398 -0.501146 0.134781 0.332533 0.320884 0.085881 0.219501 -0.148957 0.052128 0.060142 -0.465485 -0.360808 -0.491083 -0.493463 -0.183828 -0.202540 -0.045294 -0.107719 0.076356 0.060802 0.123642 0.217242 0.310921 0.124899 0.073499 -0.539923 -0.545192 -0.253092 0.123466 -0.111678 -0.098683 -0.046132
0.219768 0.277457 0.351512 0.502321 0.836906 1.000000 0.145251 0.219813 0.660702 0.561056 -0.477262 -0.320151 -0.497054 -0.383633 0.484545 0.671745 -0.133976 -0.153749 0.188582 0.423832 0.734021 0.612511 0.127137 0.035343 0.748385 0.285222 0.900449 0.897138 -0.408880 -0.407805 0.002939 -0.408299 -0.332985 -0.402252 -0.528699 -0.210741 -0.591098 -0.599707 -0.364214 -0.040684 -0.368372 0.099179 -0.306882 -0.554691 0.130850 -0.066338 -0.138718 -0.424771 0.278979 0.238532 0.080736 0.156555 0.218303 0.157228 0.274952 -0.490258 0.286827 0.374673 0.316399 0.458570 0.150309 0.341004 -0.017927 0.025374 0.066911 0.153451 0.394054 0.123313 0.095429 0.147506 -0.082048 -0.390189 -0.409876 -0.362947 -0.489674 -0.013862 -0.470219 -0.394083 -0.356809 -0.398643 -0.173405 -0.575091 0.149707 -0.152167 -0.003384 -0.464781 0.055941 0.345370 0.330018 0.129954 0.317419 -0.212541 0.082872 -0.008423 -0.478685 -0.377163 -0.519826 -0.479296 -0.037489 -0.256149 0.075287 0.024244 0.204352 0.012151 0.078479 0.162882 0.279324 0.106681 -0.040061 -0.524798 -0.473107 -0.183875 0.207434 -0.072163 -0.059775 -0.038861
0.428737 0.216813 0.652851 -0.130290 0.376516 0.145251 1.000000 0.239957 0.223191 0.187758 -0.066291 0.044206 0.252587 0.087219 0.156893 0.058691 -0.087915 0.135205 0.267698 0.057478 -0.051318 0.114805 0.087909 -0.218612 -0.070287 -0.179559 0.180121 0.144626 -0.111844 0.001613 -0.003511 0.005344 0.018040 0.138995 -0.205369 -0.239394 -0.269793 -0.305152 -0.124130 0.036287 0.090844 0.056496 -0.174354 -0.241575 -0.267362 -0.193339 -0.347851 -0.118179 -0.030946 -0.071490 -0.301199 -0.049656 -0.134034 0.029037 0.034052 -0.358263 0.281514 0.160787 0.253969 0.128011 0.366250 0.066041 -0.037299 -0.112720 -0.107894 -0.096825 0.049394 -0.168889 0.268705 0.234776 0.060014 0.086929 0.059716 -0.065909 0.148835 0.039213 -0.062952 0.163188 -0.268144 -0.020049 -0.452014 -0.324679 0.031420 0.213109 -0.217431 -0.304049 0.239583 0.064584 0.151633 -0.020294 0.056554 -0.025400 -0.003370 0.097154 -0.135519 -0.195437 -0.300254 -0.095771 -0.298822 -0.176487 0.040572 -0.146462 0.094212 -0.014517 0.193849 -0.101288 -0.037537 -0.174221 -0.066549 -0.046080 -0.337517 -0.164252 -0.024247 -0.141807 -0.277827 -0.165299
-0.132931 0.387090 0.208130 0.395916 0.283994 0.219813 0.239957 1.000000 0.151775 0.390346 0.037888 0.353072 0.107618 0.348176 0.112306 0.184753 -0.242406 0.000985 0.260817 0.049612 0.277764 0.347475 0.008420 -0.019966 0.159329 0.050529 0.203093 0.126423 -0.121908 0.236396 -0.063243 -0.056725 -0.110791 -0.066113 -0.458327 -0.480946 -0.193700 0.050896 -0.031024 0.080671 -0.043299 0.087341 -0.327871 -0.309434 -0.183632 -0.237309 -0.037848 -0.281326 -0.073491 -0.003517 -0.082569 0.067155 -0.083369 0.003664 0.065698 -0.262818 -0.110040 0.031611 -0.159987 0.191663 0.041880 0.055560 0.067596 -0.110423 -0.154988 -0.260371 -0.110534 -0.196980 0.019658 -0.048801 0.100662 0.062707 -0.134740 0.126531 -0.246656 -0.001758 -0.272992 -0.051430 -0.085018 -0.353298 0.007700 -0.304178 0.005502 -0.002490 -0.018863 -0.172392 -0.007730 0.125096 0.129452 0.162704 0.031972 -0.151498 0.041905 -0.033868 -0.216592 0.014401 -0.216922 -0.185393 -0.037022 -0.280965 -0.145270 -0.027325 0.026280 -0.023468 -0.234638 0.066521 0.031836 0.008869 0.058252 -0.160278 -0.231266 -0.327631 -0.138241 -0.079816 -0.033652 -0.210450
0.175850 0.176221 0.283286 0.314107 0.674738 0.660702 0.223191 0.151775 1.000000 0.529282 -0.283323 -0.132076 -0.164366 -0.152073 0.639705 0.644011 0.004294 -0.059903 0.149820 0.273161 0.498180 0.292011 0.179221 0.034061 0.583846 0.146460 0.689601 0.618141 -0.192754 -0.244369 0.200103 -0.171821 -0.225712 -0.294757 -0.362263 -0.229070 -0.447576 -0.561883 -0.389498 -0.167631 -0.269921 0.042384 -0.239802 -0.458839 0.055080 -0.150530 -0.108068 -0.301481 0.235127 0.049403 0.035289 0.004619 0.187958 0.158295 0.257944 -0.401950 0.255895 0.125510 0.215763 0.176928 0.286182 0.217920 0.082421 -0.075816 0.181995 0.048078 0.054256 -0.128296 0.055817 0.132282 -0.007680 -0.391447 -0.231604 -0.264511 -0.327675 -0.065910 -0.327558 -0.222109 -0.172672 -0.260708 -0.086292 -0.495936 0.271426 -0.043044 -0.046441 -0.428229 0.075364 0.148684 0.321136 0.122128 0.274012 -0.108502 0.060132 -0.005084 -0.313620 -0.320507 -0.408012 -0.450546 -0.019167 -0.172813 0.050181 -0.054611 0.152745 -0.030327 0.138528 0.133130 0.193190 0.051426 -0.064604 -0.453013 -0.473144 -0.153441 0.161996 -0.066414 -0.093592 -0.135447
-0.057461 0.194049 0.189956 0.373733 0.487600 0.561056 0.187758 0.390346 0.529282 1.000000 -0.213350 0.027957 -0.000147 -0.260222 0.362984 0.664223 -0.076853 0.001825 0.072046 0.030370 0.338073 0.521442 0.061359 -0.127834 0.542555 0.208011 0.440262 0.470878 -0.180636 0.061633 0.185995 -0.232884 -0.306015 -0.376727 -0.222648 -0.338079 -0.389478 -0.337258 -0.328860 -0.137363 -0.158309 -0.033172 -0.155522 -0.411294 0.002630 -0.041583 -0.009047 -0.434300 0.172452 0.110287 0.166566 0.222060 0.199308 0.262614 0.317502 -0.415282 0.064768 0.104790 0.119385 0.200650 0.201925 0.230216 0.175951 0.054871 0.150820 0.134586 -0.068030 -0.173907 -0.118995 -0.143464 -0.044373 -0.323802 -0.139347 0.019010 -0.476651 -0.019661 -0.444910 -0.325275 -0.054008 -0.280838 0.054808 -0.399170 -0.071958 0.195865 0.127641 -0.118109 -0.138400 -0.013995 0.243031 0.284665 0.298112 -0.193059 0.187649 0.057124 -0.254742 -0.152537 -0.473876 -0.432248 -0.048743 -0.496167 0.201523 0.058340 0.237767 0.023134 0.090352 0.129909 0.081008 -0.120735 -0.039198 -0.199899 -0.561897 -0.263935 0.172193 -0.135572 -0.146565 -0.311124
-0.198450 -0.390753 -0.225428 -0.133621 -0.418483 -0.477262 -0.066291 0.037888 -0.283323 -0.213350 1.000000 0.460073 0.727657 0.523244 -0.059481 -0.175297 -0.040237 -0.022919 -0.283646 -0.327884 -0.252337 -0.111743 0.154262 0.267327 -0.354510 -0.021352 -0.383040 -0.385289 0.273319 0.486938 0.104872 0.376951 -0.000471 0.087384 0.309366 0.058976 0.354124 0.474806 0.320657 0.126158 0.264576 0.131044 -0.059021 0.226180 -0.134677 0.019998 0.069798 0.139782 -0.150373 -0.183974 -0.020279 -0.117341 -0.234835 -0.202810 -0.345032 0.292631 -0.364226 -0.494875 -0.299250 -0.464708 -0.089330 -0.410698 0.117521 -0.183156 0.186975 -0.180090 -0.527189 -0.174034 -0.422624 -0.336279 0.291581 0.422292 0.235459 0.458544 0.266113 0.094650 0.208943 0.284623 0.175560 0.252213 0.217522 0.326409 0.061173 -0.001451 0.112695 0.434987 0.031647 -0.158128 -0.160754 0.127424 -0.430322 0.086987 -0.094224 -0.076816 0.203117 0.234370 0.242704 0.268449 -0.079457 0.096004 -0.284881 0.000418 -0.308534 -0.058235 -0.389962 -0.147055 -0.237092 0.040436 -0.094834 0.202006 0.359472 -0.009710 -0.370671 0.075006 -0.058990 -0.073953
-0.201955 0.088837 -0.281985 -0.056998 -0.191026 -0.320151 0.044206 0.353072 -0.132076 0.027957 0.460073 1.000000 0.543648 0.694284 0.042320 -0.013212 -0.260318 0.177171 -0.294058 -0.437079 -0.198261 -0.026230 0.160968 0.174441 -0.315340 -0.012556 -0.233940 -0.308783 0.003129 0.507328 0.046251 0.378134 -0.074150 0.062124 0.088818 -0.134860 0.160488 0.419179 0.216623 0.099729 0.043244 0.062354 -0.112617 0.135310 -0.254169 -0.079683 0.088269 0.076385 -0.260641 -0.239348 -0.137530 -0.142238 -0.087501 0.046783 -0.222527 0.182512 -0.320767 -0.234844 -0.162737 -0.174702 -0.060599 -0.127783 -0.173128 -0.337982 0.030111 -0.058121 -0.516725 -0.327308 -0.286019 -0.195503 0.005828 0.386129 -0.106616 0.433857 0.027214 0.016352 -0.081359 0.235363 0.011594 0.068790 -0.032678 -0.003127 -0.041959 0.190011 0.040999 0.245681 -0.150642 -0.100017 -0.103411 -0.003605 -0.212375 -0.043548 0.032666 0.072642 0.182541 0.095792 0.230838 0.102899 -0.071863 -0.046414 -0.186062 -0.174760 -0.237832 -0.127974 -0.109904 0.009194 -0.123785 -0.069098 0.072576 0.066793 0.123076 -0.079143 -0.332669 -0.089851 -0.065107 -0.147310
-0.117572 -0.231756 -0.119103 -0.286555 -0.329827 -0.497054 0.252587 0.107618 -0.164366 -0.000147 0.727657 0.543648 1.000000 0.497827 -0.001583 -0.127104 0.005204 0.119816 -0.168592 -0.381572 -0.425663 -0.202757 0.115869 0.024789 -0.372263 -0.120184 -0.403527 -0.443612 0.373414 0.580898 0.227747 0.397496 0.014365 0.129755 0.291851 -0.065456 0.335139 0.375036 0.196580 -0.021563 0.299073 -0.006059 -0.037938 0.221097 -0.342316 -0.155375 -0.048800 0.166856 -0.246462 -0.298181 -0.161671 -0.104133 -0.249143 -0.100584 -0.316891 0.166196 -0.294279 -0.440364 -0.226795 -0.386137 -0.008031 -0.335786 0.045708 -0.252478 -0.003708 -0.151690 -0.526146 -0.322854 -0.204191 -0.143375 0.257524 0.368578 0.428049 0.549748 0.329616 0.091709 0.248894 0.384522 0.307518 0.290038 0.113047 0.247830 -0.005456 0.252227 -0.010628 0.379110 -0.032827 -0.306674 -0.220732 0.033301 -0.363881 0.068565 -0.100432 -0.010822 0.224624 0.084186 0.208522 0.221563 -0.234362 -0.033342 -0.195384 -0.066272 -0.295150 -0.030618 -0.171287 -0.146627 -0.252377 -0.186138 -0.071461 0.308689 0.153975 -0.090095 -0.388669 -0.025345 -0.145366 -0.158421
-0.057452 0.056317 -0.125146 -0.152751 -0.239731 -0.383633 0.087219 0.348176 -0.152073 -0.260222 0.523244 0.694284 0.497827 1.000000 -0.104468 -0.168796 -0.019917 0.258047 -0.108163 -0.221075 -0.180281 -0.152608 0.097127 0.100372 -0.383380 -0.140031 -0.272851 -0.428980 0.231000 0.475819 0.104187 0.432599 0.133745 0.249260 -0.065828 -0.130122 0.109882 0.331147 0.133249 0.069499 0.124194 0.088951 -0.033859 0.193074 -0.077950 -0.029105 -0.116651 0.094521 -0.097589 -0.044474 -0.152478 -0.031040 -0.123015 -0.100594 -0.359234 0.176966 -0.231985 -0.208672 -0.229645 -0.178015 -0.066410 -0.172663 -0.177261 -0.221356 -0.142972 -0.161473 -0.396371 -0.321534 -0.081002 -0.100675 0.165305 0.471014 0.188789 0.347496 0.319777 0.155175 0.228430 0.379571 0.085640 0.201078 -0.084197 0.175854 -0.025529 0.054214 -0.154934 0.107731 -0.100033 -0.063555 -0.288359 -0.118911 -0.395011 -0.084021 -0.119374 -0.113504 0.149912 0.080422 0.238910 0.121100 -0.196370 0.038903 -0.177194 -0.288101 -0.291224 -0.169502 -0.214542 -0.158472 -0.213144 -0.055288 -0.107851 0.113732 0.087947 -0.114310 -0.425456 -0.140670 -0.157381 -0.102453
0.076287 0.161566 0.130231 0.363433 0.445463 0.484545 0.156893 0.112306 0.639705 0.362984 -0.059481 0.042320 -0.001583 -0.104468 1.000000 0.625924 -0.281065 -0.222688 -0.001200 0.131691 0.384019 0.257881 0.205316 0.083087 0.376844 0.089749 0.558911 0.600065 -0.208690 -0.139592 -0.040668 -0.231265 -0.239524 -0.311807 -0.329260 -0.225938 -0.069297 -0.244145 0.031421 0.131266 0.029842 0.186346 -0.310952 -0.413974 -0.090868 -0.247935 0.011129 -0.326718 0.031116 -0.090458 0.065094 -0.162642 0.147786 0.082462 0.339692 -0.244983 0.219921 0.078719 0.186917 -0.006644 0.245024 0.080032 0.118001 -0.213035 0.339005 0.088951 -0.105067 -0.138902 -0.010950 0.104961 -0.194339 -0.289499 -0.278081 -0.115880 -0.306076 -0.037837 -0.330550 -0.218493 -0.165863 -0.353791 0.084958 -0.456563 0.537870 0.206493 0.289511 -0.196466 0.231656 0.264105 0.482848 0.322578 0.163257 -0.098554 0.170480 0.088677 -0.130313 -0.056829 -0.301315 -0.231818 -0.064737 -0.140712 -0.045994 0.049583 0.118691 -0.079539 0.004095 0.024347 0.093016 0.166088 -0.007732 -0.320167 -0.296605 -0.123754 0.203851 0.094033 -0.032007 -0.165141
0.057151 0.217337 0.170849 0.410178 0.491057 0.671745 0.058691 0.184753 0.644011 0.664223 -0.175297 -0.013212 -0.127104 -0.168796 0.625924 1.000000 -0.045712 -0.023560 0.000152 0.172569 0.569465 0.486354 0.059747 0.033928 0.582384 0.114378 0.648913 0.645823 -0.105859 0.026006 0.106601 -0.306131 -0.229491 -0.369056 -0.391241 -0.420213 -0.351438 -0.376926 -0.206568 -0.020496 -0.201921 0.144077 -0.247112 -0.432138 0.087418 -0.139176 0.016846 -0.508628 0.208399 0.098311 0.247557 0.075995 0.363975 0.180584 0.346765 -0.349328 0.179881 0.142680 0.144135 0.068228 0.231556 0.257243 0.252069 0.066651 0.322332 0.148277 -0.008157 -0.235511 -0.068710 -0.062254 -0.135814 -0.347725 -0.171178 -0.050028 -0.468243 -0.028779 -0.373175 -0.381580 -0.117335 -0.232648 0.085683 -0.414592 0.185357 0.168368 0.132954 -0.207798 0.000838 0.259030 0.288976 0.215119 0.237303 -0.266484 0.160557 -0.026726 -0.235437 -0.178470 -0.447353 -0.378858 -0.000826 -0.273204 0.168830 0.204558 0.260216 -0.025458 0.036990 0.032895 0.105361 0.082336 -0.109266 -0.321639 -0.447853 -0.117528 0.226477 0.018389 -0.089598 -0.116540
-0.051824 -0.104700 0.012861 -0.194134 -0.192763 -0.133976 -0.087915 -0.242406 0.004294 -0.076853 -0.040237 -0.260318 0.005204 -0.019917 -0.281065 -0.045712 1.000000 0.453696 -0.046639 -0.028266 -0.076638 -0.065719 -0.123644 -0.217408 -0.026973 -0.196837 -0.038392 -0.207197 0.734817 0.050033 0.400875 0.018166 0.159100 0.087099 0.097152 -0.003256 0.036319 -0.155504 -0.211958 -0.449317 0.069501 -0.276230 0.357031 0.196374 0.322337 -0.008211 -0.276115 -0.213125 0.273128 0.080842 0.226687 0.188777 0.348934 -0.035088 -0.077087 0.002630 -0.091790 -0.177676 -0.208173 -0.222515 0.083832 0.068973 0.326237 0.358328 0.077188 -0.000951 0.159986 -0.232712 -0.029787 -0.198035 0.151495 -0.047444 0.580320 -0.035820 0.395619 -0.022283 0.287358 0.040448 0.532468 0.452582 0.171252 0.238330 -0.446190 -0.162335 -0.163740 0.020220 -0.124460 -0.393609 -0.227971 -0.290803 -0.121290 0.102463 -0.050032 -0.087664 0.134959 -0.103931 0.036423 -0.040012 0.094070 0.223809 0.201180 0.161254 0.085085 0.013273 -0.084388 -0.240456 -0.191971 -0.255052 -0.240708 0.229196 -0.015534 0.294043 0.168473 0.190846 0.074712 0.123880
-0.128644 0.010171 -0.036434 -0.233569 -0.050499 -0.153749 0.135205 0.000985 -0.059903 0.001825 -0.022919 0.177171 0.119816 0.258047 -0.222688 -0.023560 0.453696 1.000000 -0.189007 -0.098956 -0.184272 -0.025168 -0.267458 -0.401095 -0.235905 -0.443689 -0.088184 -0.249376 0.457833 0.447445 0.217803 0.211967 0.124354 0.142733 -0.105153 -0.226065 0.099763 0.046658 -0.007046 -0.025339 0.040769 -0.000382 0.326898 0.178677 0.199922 -0.031315 -0.151231 -0.210056 0.089594 0.045590 0.131117 0.151392 0.363236 0.264354 -0.016398 0.075233 -0.065275 -0.105050 -0.417305 -0.221214 0.008928 -0.064745 0.294923 0.198419 -0.100871 -0.228038 -0.173367 -0.474148 -0.039607 -0.178496 -0.100315 0.269454 0.365700 0.306053 0.322348 0.048625 0.049573 0.179070 0.384068 0.596796 0.134679 0.283140 -0.182074 0.045560 -0.088787 0.082119 -0.162341 -0.234272 -0.218909 -0.199147 -0.215539 -0.038409 0.046261 0.013033 0.031745 -0.104713 0.141472 -0.051290 0.034784 0.068640 0.142300 -0.007132 0.000032 0.026048 0.085943 -0.191678 -0.091060 -0.108960 -0.208230 0.099460 -0.138938 0.168074 0.044085 0.083246 -0.061032 -0.093788
0.471020 0.439833 0.472565 0.249344 0.234151 0.188582 0.267698 0.260817 0.149820 0.072046 -0.283646 -0.294058 -0.168592 -0.108163 -0.001200 0.000152 -0.046639 -0.189007 1.000000 0.624768 0.074202 0.144166 0.206004 0.041258 0.086329 0.141392 0.162566 0.215781 -0.155928 -0.203800 0.061953 -0.002053 0.124305 0.073204 -0.389579 -0.172938 -0.472210 -0.389297 -0.379168 -0.150735 -0.109303 -0.074998 -0.342252 -0.346477 -0.230145 -0.224485 -0.392812 -0.195872 -0.136539 0.046342 -0.358708 -0.119466 -0.334898 -0.192810 -0.150111 -0.602577 0.354597 0.465171 0.220676 0.443573 0.040199 0.224659 -0.209380 0.072814 -0.219747 -0.069717 0.392250 0.154376 0.649048 0.514586 0.216028 -0.084248 -0.022016 -0.201037 -0.035251 0.087345 0.028417 0.113177 -0.129361 -0.271383 -0.268512 -0.275401 -0.014487 -0.049011 -0.313504 -0.485698 0.065390 0.248545 -0.031224 -0.123297 0.106517 -0.194985 -0.148126 -0.149076 -0.343334 -0.243249 -0.521803 -0.345793 -0.337187 -0.333296 -0.077180 -0.232635 -0.047755 -0.087825 -0.103282 0.073793 0.014079 -0.118795 0.007700 -0.293576 -0.396080 -0.478274 -0.126187 -0.349101 -0.150617 -0.187742
0.352161 0.389946 0.238894 0.397184 0.340832 0.423832 0.057478 0.049612 0.273161 0.030370 -0.327884 -0.437079 -0.381572 -0.221075 0.131691 0.172569 -0.028266 -0.098956 0.624768 1.000000 0.277576 0.104767 0.053121 0.049631 0.334895 0.115750 0.367712 0.393043 -0.099250 -0.271139 0.147739 -0.102802 0.043435 0.053954 -0.434705 -0.022756 -0.461183 -0.489975 -0.357907 -0.096505 -0.238202 0.079644 -0.270067 -0.336022 0.018323 -0.053039 -0.320870 -0.166851 -0.003399 0.146377 -0.228362 -0.141815 -0.168943 -0.179314 -0.100000 -0.484139 0.312136 0.462752 0.084499 0.396611 -0.150415 0.249871 -0.128330 0.170744 -0.251372 0.018592 0.470082 0.291341 0.571299 0.510123 0.061178 -0.141904 -0.083296 -0.237843 -0.076914 0.133411 -0.004151 -0.039779 -0.129432 -0.078249 -0.068012 -0.184195 0.190181 -0.105545 -0.261148 -0.519658 0.019777 0.248907 -0.083625 -0.184097 0.154303 -0.248909 -0.189617 -0.227446 -0.492244 -0.393025 -0.404311 -0.398980 -0.178911 -0.174209 -0.021057 -0.145264 -0.001922 -0.088803 -0.018749 0.074408 0.163928 0.086474 -0.012705 -0.540524 -0.299025 -0.283163 -0.047344 -0.271775 -0.105073 -0.130379
-0.007592 0.221632 0.161681 0.479667 0.561198 0.734021 -0.051318 0.277764 0.498180 0.338073 -0.252337 -0.198261 -0.425663 -0.180281 0.384019 0.569465 -0.076638 -0.184272 0.074202 0.277576 1.000000 0.619852 0.085949 0.149504 0.758030 0.388036 0.725273 0.671017 -0.183599 -0.257113 0.015383 -0.311941 -0.079209 -0.226645 -0.538743 -0.302504 -0.413361 -0.399738 -0.215787 -0.053536 -0.255092 0.255410 -0.306709 -0.466895 0.237596 -0.061623 0.044978 -0.435955 0.293381 0.217639 0.255246 0.119630 0.348684 0.058791 0.266181 -0.330665 0.122782 0.219451 0.126655 0.207794 0.195791 0.299964 0.181889 0.140609 0.241017 0.092964 0.210555 -0.016706 -0.053968 -0.069670 0.061686 -0.228894 -0.243678 -0.231082 -0.367867 0.076009 -0.392435 -0.419026 -0.209530 -0.417110 0.070254 -0.369407 0.064346 -0.304512 0.113228 -0.307175 -0.044494 0.244521 0.291276 0.092237 0.081646 -0.263808 0.022590 -0.091799 -0.394949 -0.144082 -0.413501 -0.360105 0.099829 -0.093825 0.025540 0.174770 0.178641 -0.037691 -0.194433 -0.003886 0.231092 0.142924 -0.062848 -0.427291 -0.242568 -0.051395 0.251402 0.072323 -0.061862 -0.044626
-0.078512 0.232706 0.267189 0.372219 0.541133 0.612511 0.114805 0.347475 0.292011 0.521442 -0.111743 -0.026230 -0.202757 -0.152608 0.257881 0.486354 -0.065719 -0.025168 0.144166 0.104767 0.619852 1.000000 0.169752 0.083898 0.515163 0.444835 0.570994 0.595913 -0.152566 -0.009111 0.042376 -0.129842 -0.164414 -0.154429 -0.394032 -0.275530 -0.339369 -0.216891 -0.141925 0.084079 -0.117245 0.245886 -0.364099 -0.452423 -0.012024 -0.114025 -0.074970 -0.536598 0.055668 0.062871 0.083794 0.107683 0.158955 0.126367 0.154369 -0.373643 0.088895 0.158279 0.100216 0.207448 0.138740 0.169375 0.101255 0.039304 0.173111 0.065862 0.122517 -0.083252 -0.145476 -0.170809 0.121527 0.023785 -0.159540 0.037469 -0.258720 0.227982 -0.427789 -0.163541 -0.019416 -0.270336 -0.001859 -0.367294 -0.038804 -0.141355 0.158555 -0.096631 -0.078247 0.240082 0.283152 0.116243 -0.038186 -0.334341 -0.022964 -0.145953 -0.184637 -0.060510 -0.406729 -0.309612 -0.100099 -0.311044 -0.041615 -0.015577 0.074012 -0.138313 -0.221913 -0.114148 0.174337 -0.092927 -0.006481 -0.225389 -0.369422 -0.237767 0.117032 -0.129858 -0.199318 -0.193635
0.262866 -0.026758 0.325988 0.488150 0.053494 0.127137 0.087909 0.008420 0.179221 0.061359 0.154262 0.160968 0.115869 0.097127 0.205316 0.059747 -0.123644 -0.267458 0.206004 0.053121 0.085949 0.169752 1.000000 0.771784 0.168047 0.537198 0.170716 0.211414 -0.178847 -0.167956 0.377632 0.447974 -0.197227 -0.089605 0.009695 0.233059 -0.352334 -0.073583 -0.134641 -0.155362 -0.010490 -0.106168 -0.337769 -0.205780 -0.154319 0.093232 -0.374368 -0.108075 -0.131470 0.048752 -0.144878 0.048884 -0.385754 -0.112431 -0.382635 -0.312038 0.092064 0.034848 0.153277 0.017245 0.009392 0.080791 -0.281806 -0.047943 0.282430 0.363594 -0.063611 0.137035 -0.019713 0.026646 0.235022 0.151828 -0.139416 0.007659 -0.008283 0.159407 -0.047265 0.157294 -0.094721 -0.062807 -0.267970 -0.150240 0.053321 -0.041461 -0.051924 -0.064721 0.003899 0.185774 -0.155065 -0.090979 -0.210973 -0.346366 -0.091583 -0.170563 -0.096573 -0.168399 -0.349571 -0.281767 -0.435239 -0.468447 -0.118468 -0.242985 -0.173265 -0.287253 -0.187405 -0.142303 -0.193369 -0.218393 -0.243977 -0.101852 -0.158218 -0.466466 -0.379580 -0.313171 -0.157547 -0.301590
0.091312 -0.155977 0.062477 0.475518 -0.125988 0.035343 -0.218612 -0.019966 0.034061 -0.127834 0.267327 0.174441 0.024789 0.100372 0.083087 0.033928 -0.217408 -0.401095 0.041258 0.049631 0.149504 0.083898 0.771784 1.000000 0.182471 0.618365 0.082803 0.151366 -0.190954 -0.110630 0.205490 0.377790 -0.153051 -0.046076 0.053625 0.269447 -0.223915 0.117365 -0.060155 -0.129087 -0.056064 -0.047474 -0.356142 -0.195264 -0.177669 0.160087 -0.106462 0.041878 -0.213823 0.002009 -0.087554 -0.047951 -0.386288 -0.229063 -0.343839 -0.107656 -0.073479 -0.113947 0.054444 -0.156279 -0.096721 -0.011245 -0.271029 -0.015007 0.301015 0.330086 -0.145215 0.193315 -0.142539 -0.087212 0.281024 0.167722 -0.256601 0.056289 -0.091551 0.092208 -0.013724 0.090550 -0.181956 -0.103418 -0.182198 0.007109 0.071251 -0.144274 -0.003942 0.037213 -0.054154 0.160007 -0.127570 -0.008160 -0.157127 -0.193901 -0.095648 -0.222252 -0.120792 -0.099911 -0.189575 -0.165287 -0.183816 -0.246729 -0.159564 -0.081318 -0.144507 -0.211538 -0.221711 -0.013872 -0.191336 -0.006901 -0.111956 -0.131465 0.135863 -0.350931 -0.353475 -0.174160 0.035198 -0.138350
0.061229 0.140755 0.253442 0.529515 0.618942 0.748385 -0.070287 0.159329 0.583846 0.542555 -0.354510 -0.315340 -0.372263 -0.383380 0.376844 0.582384 -0.026973 -0.235905 0.086329 0.334895 0.758030 0.515163 0.168047 0.182471 1.000000 0.586249 0.671511 0.665188 -0.168458 -0.244967 0.331453 -0.209418 -0.166718 -0.275756 -0.364285 -0.074923 -0.486369 -0.486209 -0.434369 -0.226219 -0.267678 0.088010 -0.246009 -0.339865 0.231999 0.148397 -0.007062 -0.315920 0.338089 0.290260 0.158658 0.236186 0.171302 0.067152 0.170447 -0.369329 0.177531 0.117246 0.190397 0.293418 0.065825 0.330197 0.073607 0.128983 0.128336 0.260532 0.230465 0.199103 -0.099790 -0.113767 0.153526 -0.306590 -0.169839 -0.147017 -0.369569 0.195400 -0.284952 -0.310893 -0.154062 -0.317295 0.045548 -0.385354 0.008834 -0.159792 -0.050037 -0.241283 -0.104130 0.106487 0.091607 0.014709 0.147389 -0.324098 -0.150531 -0.234627 -0.436559 -0.268560 -0.514317 -0.507589 0.008228 -0.242902 0.039924 0.022210 0.151454 -0.161468 -0.059013 0.004891 0.138978 -0.018419 -0.081617 -0.393172 -0.395434 -0.238186 0.233253 -0.131142 -0.125920 -0.094162
0.017187 -0.012275 0.127266 0.423557 0.205948 0.285222 -0.179559 0.050529 0.146460 0.208011 -0.021352 -0.012556 -0.120184 -0.140031 0.089749 0.114378 -0.196837 -0.443689 0.141392 0.115750 0.388036 0.444835 0.537198 0.618365 0.586249 1.000000 0.225653 0.347053 -0.227709 -0.137240 0.396480 0.241784 -0.131986 -0.099454 -0.090039 0.211949 -0.374440 -0.129239 -0.265317 -0.194145 -0.123899 0.084485 -0.352653 -0.187752 -0.097181 0.215174 0.004179 0.019139 -0.019620 0.124881 -0.114807 0.058684 -0.307317 -0.135972 -0.149046 -0.236868 0.059089 0.051103 0.209355 0.181030 -0.148971 0.054192 -0.319454 -0.105958 0.114655 0.324275 0.031108 0.326641 -0.132771 -0.075115 0.446232 0.067565 -0.187326 0.075681 -0.113610 0.322560 -0.127748 0.054997 -0.160256 -0.228632 -0.121864 -0.183146 -0.046412 -0.122278 -0.094822 -0.080216 -0.108991 0.056568 -0.034119 -0.085513 -0.038126 -0.330519 -0.296260 -0.344365 -0.202031 -0.105806 -0.307774 -0.329246 -0.109238 -0.299504 -0.126608 -0.247917 -0.086568 -0.313761 -0.160793 -0.024208 -0.041126 -0.116093 0.060150 -0.210005 -0.104931 -0.448817 -0.105218 -0.330935 -0.168996 -0.183163
0.241310 0.251436 0.345604 0.451625 0.790259 0.900449 0.180121 0.203093 0.689601 0.440262 -0.383040 -0.233940 -0.403527 -0.272851 0.558911 0.648913 -0.038392 -0.088184 0.162566 0.367712 0.725273 0.570994 0.170716 0.082803 0.671511 0.225653 1.000000 0.882611 -0.290379 -0.330771 0.060439 -0.289580 -0.282011 -0.353435 -0.547242 -0.228043 -0.552888 -0.590449 -0.419948 -0.147165 -0.372525 0.112169 -0.361692 -0.530109 0.093855 -0.151867 -0.229375 -0.461410 0.223041 0.126505 0.052395 0.087384 0.265372 0.139897 0.212580 -0.464059 0.222650 0.278508 0.248011 0.376344 0.163495 0.343645 -0.004377 -0.040099 0.108293 0.128749 0.352918 0.053123 0.078395 0.131791 -0.028807 -0.310021 -0.362362 -0.300023 -0.382315 -0.006926 -0.380097 -0.260128 -0.296105 -0.322043 -0.169939 -0.619431 0.121322 -0.142128 -0.054467 -0.469508 0.074119 0.257282 0.334635 0.144407 0.198596 -0.138932 0.092779 -0.004708 -0.465619 -0.375781 -0.502293 -0.515418 -0.066826 -0.130910 -0.034882 0.005653 0.120453 0.000388 -0.007529 0.104649 0.235314 0.086419 -0.031366 -0.521423 -0.412578 -0.113467 0.194293 0.044644 -0.044807 -0.032918
0.233599 0.184924 0.335545 0.461083 0.762094 0.897138 0.144626 0.126423 0.618141 0.470878 -0.385289 -0.308783 -0.443612 -0.428980 0.600065 0.645823 -0.207197 -0.249376 0.215781 0.393043 0.671017 0.595913 0.211414 0.151366 0.665188 0.347053 0.882611 1.000000 -0.452975 -0.440200 -0.054738 -0.346321 -0.299334 -0.367023 -0.446002 -0.137569 -0.516433 -0.568678 -0.305695 -0.000327 -0.316703 0.138788 -0.381889 -0.571347 -0.014096 -0.101753 -0.112881 -0.433782 0.157124 0.151776 0.038969 0.038379 0.149302 0.124794 0.308277 -0.472582 0.293211 0.326523 0.355275 0.364548 0.151634 0.264402 -0.040640 -0.060509 0.181099 0.169398 0.322518 0.174625 0.117942 0.196244 -0.085098 -0.339344 -0.501102 -0.356445 -0.510234 -0.026692 -0.465684 -0.348735 -0.391952 -0.402514 -0.166277 -0.589426 0.224829 -0.080864 0.049395 -0.454833 0.058174 0.317453 0.400213 0.260724 0.295083 -0.139237 0.115699 0.012248 -0.440469 -0.261727 -0.516922 -0.454522 -0.016448 -0.201851 0.051790 0.052067 0.198824 -0.004002 0.044395 0.138728 0.227286 0.195346 0.060235 -0.551879 -0.398471 -0.193409 0.253348 -0.036199 -0.018716 -0.072222
-0.269916 -0.232926 -0.158280 -0.255645 -0.397576 -0.408880 -0.111844 -0.121908 -0.192754 -0.180636 0.273319 0.003129 0.373414 0.231000 -0.208690 -0.105859 0.734817 0.457833 -0.155928 -0.099250 -0.183599 -0.152566 -0.178847 -0.190954 -0.168458 -0.227709 -0.290379 -0.452975 1.000000 0.435454 0.392769 0.159881 0.221375 0.198721 0.173172 -0.018870 0.383586 0.285983 0.128828 -0.216723 0.342436 -0.034677 0.289077 0.348379 0.179601 -0.124148 -0.097556 -0.121097 0.020262 -0.075297 0.115178 0.087216 0.186506 -0.070971 -0.214605 0.250130 -0.317938 -0.418862 -0.431364 -0.442020 -0.109201 -0.167068 0.315692 0.197393 -0.017950 -0.212415 -0.102003 -0.357507 -0.138131 -0.296175 0.225870 0.157216 0.830681 0.303304 0.566456 0.096400 0.445454 0.206981 0.684051 0.545379 0.377602 0.464984 -0.283422 0.023581 -0.081902 0.297865 -0.093215 -0.406576 -0.361223 -0.235207 -0.474255 0.043305 -0.087942 -0.112126 0.256280 0.074839 0.254853 0.173557 0.006123 0.235377 -0.035688 0.191323 -0.143821 0.054687 -0.332002 -0.322954 -0.263431 -0.204240 -0.171037 0.347554 0.221140 0.253342 -0.003556 0.265629 0.039529 0.044886
-0.266837 -0.050969 -0.230400 -0.117741 -0.287402 -0.407805 0.001613 0.236396 -0.244369 0.061633 0.486938 0.507328 0.580898 0.475819 -0.139592 0.026006 0.050033 0.447445 -0.203800 -0.271139 -0.257113 -0.009111 -0.167956 -0.110630 -0.244967 -0.137240 -0.330771 -0.440200 0.435454 1.000000 0.231189 0.439254 0.152450 0.236283 -0.002508 -0.289302 0.237189 0.452340 0.081943 0.048580 0.228416 0.239434 0.060782 0.242249 -0.067973 -0.023277 0.065337 -0.080467 -0.248906 -0.147376 -0.004348 0.042265 -0.008187 0.104602 -0.164786 0.103324 -0.248285 -0.294316 -0.572571 -0.367340 -0.197711 -0.274040 0.209226 0.040334 -0.136004 -0.309589 -0.571962 -0.439355 -0.222573 -0.364453 0.200769 0.520982 0.474944 0.850754 0.272009 0.308807 0.289591 0.442818 0.397784 0.423425 0.367341 0.333810 -0.110110 0.236815 0.039830 0.442450 -0.149629 -0.222901 -0.316779 -0.013751 -0.403876 -0.183683 -0.095494 -0.176898 0.100959 0.134778 0.110174 0.024426 -0.062393 -0.090904 -0.101267 -0.102578 -0.169235 -0.086789 -0.182138 -0.198677 -0.228900 -0.242781 -0.208685 0.228452 -0.026485 -0.098435 -0.168279 -0.031297 -0.132368 -0.212931
0.064758 -0.072046 0.164017 0.260111 0.043917 0.002939 -0.003511 -0.063243 0.200103 0.185995 0.104872 0.046251 0.227747 0.104187 -0.040668 0.106601 0.400875 0.217803 0.061953 0.147739 0.015383 0.042376 0.377632 0.205490 0.331453 0.396480 0.060439 -0.054738 0.392769 0.231189 1.000000 0.563865 0.043817 0.083601 -0.033065 0.183780 -0.291595 -0.175165 -0.439170 -0.457279 -0.024662 -0.044225 -0.061857 0.108073 0.107400 0.178124 -0.313183 -0.068685 0.170492 0.088993 -0.070860 0.201234 -0.113155 -0.044867 -0.374996 -0.115307 -0.022436 -0.096908 -0.122873 0.045919 -0.218455 0.037642 -0.077598 0.031554 -0.049503 0.168433 -0.062008 0.026542 -0.106349 -0.125477 0.426967 0.172819 0.396223 0.284346 0.319637 0.343369 0.152094 0.318022 0.272732 0.425224 -0.015219 -0.025030 -0.243940 0.036877 -0.413888 -0.045601 -0.145685 -0.249822 -0.420263 -0.334632 -0.270994 -0.327932 -0.307317 -0.349223 -0.116901 -0.288188 -0.202708 -0.403515 -0.296118 -0.230511 -0.113689 -0.250330 -0.282546 -0.254886 -0.144548 -0.203610 -0.261140 -0.303198 -0.282842 -0.117650 -0.244063 -0.328925 -0.209967 -0.230887 -0.279163 -0.203560
-0.009761 -0.145396 0.002868 -0.009741 -0.256342 -0.408299 0.005344 -0.056725 -0.171821 -0.232884 0.376951 0.378134 0.397496 0.432599 -0.231265 -0.306131 0.018166 0.211967 -0.002053 -0.102802 -0.311941 -0.129842 0.447974 0.377790 -0.209418 0.241784 -0.289580 -0.346321 0.159881 0.439254 0.563865 1.000000 0.217139 0.448365 0.127727 0.236920 -0.046687 0.198927 -0.170892 -0.161299 0.034656 0.007491 -0.079093 0.235647 -0.119345 0.188308 -0.231969 0.148616 -0.216084 -0.106327 -0.256906 -0.015047 -0.341817 -0.030999 -0.544598 0.083395 -0.144480 -0.204693 -0.268945 -0.126319 -0.289891 -0.185082 -0.241319 -0.142626 -0.118085 -0.001943 -0.362271 -0.023855 -0.094983 -0.094877 0.283813 0.646891 0.206934 0.508979 0.356959 0.375007 0.252219 0.599517 0.175041 0.399082 -0.104413 0.138016 -0.135033 0.083579 -0.304056 0.166850 -0.191427 -0.184659 -0.461443 -0.261147 -0.466423 -0.189818 -0.241585 -0.248439 0.103832 -0.028370 0.068922 -0.082387 -0.325200 -0.118538 -0.245021 -0.401708 -0.469322 -0.282443 -0.194412 -0.255360 -0.331283 -0.209183 -0.162096 0.036662 0.005000 -0.275211 -0.420849 -0.273939 -0.258389 -0.208484
0.061906 0.156247 0.093862 -0.269605 -0.276088 -0.332985 0.018040 -0.110791 -0.225712 -0.306015 -0.000471 -0.074150 0.014365 0.133745 -0.239524 -0.229491 0.159100 0.124354 0.124305 0.043435 -0.079209 -0.164414 -0.197227 -0.153051 -0.166718 -0.131986 -0.282011 -0.299334 0.221375 0.152450 0.043817 0.217139 1.000000 0.824946 -0.030531 0.050855 0.038527 0.044842 -0.075377 -0.035846 0.121020 0.092484 -0.026772 0.179972 0.090102 0.148162 -0.070941 0.006470 0.055380 0.044630 -0.057843 -0.052844 0.002142 -0.143511 -0.130958 0.144567 0.171616 0.071218 -0.094112 -0.088333 0.203827 0.137462 0.125010 0.357016 0.021120 0.158362 -0.058620 0.010138 0.148580 0.013533 -0.243183 0.108375 0.334541 0.046154 0.201791 0.008580 0.181606 0.049685 0.133336 0.117373 0.070604 0.255062 -0.205695 -0.101146 -0.143901 0.091549 -0.037547 -0.093919 -0.227181 -0.128113 -0.271005 -0.229344 -0.337311 -0.280286 0.128328 -0.004789 0.138848 0.165410 -0.135599 0.138265 0.022286 -0.126764 -0.056469 -0.247360 -0.000612 -0.427967 -0.077230 -0.140521 -0.230667 0.163479 0.051219 -0.004477 0.006364 -0.148766 -0.272221 -0.078030
0.041460 0.175462 0.066304 -0.292587 -0.283295 -0.402252 0.138995 -0.066113 -0.294757 -0.376727 0.087384 0.062124 0.129755 0.249260 -0.311807 -0.369056 0.087099 0.142733 0.073204 0.053954 -0.226645 -0.154429 -0.089605 -0.046076 -0.275756 -0.099454 -0.353435 -0.367023 0.198721 0.236283 0.083601 0.448365 0.824946 1.000000 0.076940 0.189614 0.082764 0.145498 -0.054869 0.013752 0.158974 0.129099 -0.036342 0.232768 -0.032785 0.184185 -0.152448 0.087022 -0.122432 -0.020938 -0.248438 -0.097711 -0.147619 -0.127256 -0.283332 0.157084 0.045420 0.038356 -0.123831 -0.118983 0.095482 0.073494 -0.049959 0.255317 -0.085678 0.143794 -0.111066 0.040778 0.088085 0.043481 -0.178696 0.305991 0.307932 0.130877 0.334268 0.085893 0.247063 0.234828 0.120255 0.264927 -0.058679 0.280963 -0.185054 -0.012723 -0.160034 0.133516 -0.077156 -0.108755 -0.312709 -0.231129 -0.327277 -0.196771 -0.409845 -0.355724 0.246163 0.027246 0.186993 0.224245 -0.201437 0.135252 -0.006590 -0.277615 -0.142798 -0.352237 -0.017725 -0.459208 -0.158067 -0.178186 -0.137670 0.201287 0.073903 -0.015030 -0.137372 -0.254594 -0.281783 -0.045873
-0.192537 -0.484117 -0.328526 -0.393135 -0.504408 -0.528699 -0.205369 -0.458327 -0.362263 -0.222648 0.309366 0.088818 0.291851 -0.065828 -0.329260 -0.391241 0.097152 -0.105153 -0.389579 -0.434705 -0.538743 -0.394032 0.009695 0.053625 -0.364285 -0.090039 -0.547242 -0.446002 0.173172 -0.002508 -0.033065 0.127727 -0.030531 0.076940 1.000000 0.591451 0.457202 0.399078 0.278928 0.040516 0.175153 -0.191428 0.343811 0.564910 -0.046930 0.310331 0.118696 0.385689 -0.107614 -0.044190 -0.085354 -0.023626 -0.248575 -0.180477 -0.281754 0.419524 -0.331748 -0.477495 0.084349 -0.311146 -0.025071 -0.167857 -0.067369 -0.069197 0.092029 0.171568 -0.112731 0.270150 -0.358089 -0.243304 -0.049674 -0.012997 0.144509 0.015888 0.151653 -0.241478 0.253435 0.083671 0.105012 0.300120 -0.007451 0.460310 -0.188622 0.076672 0.064650 0.571183 -0.105617 -0.352414 -0.267549 -0.048570 -0.137150 0.226246 -0.108161 0.039959 0.488197 0.265539 0.417484 0.416916 0.016923 0.146656 0.082001 0.073570 -0.034163 0.012620 0.066876 -0.006752 -0.190415 -0.109439 0.091868 0.476134 0.442867 0.256651 -0.048558 -0.035279 0.158220 0.156896
0.040711 -0.457850 -0.083574 -0.111931 -0.234318 -0.210741 -0.239394 -0.480946 -0.229070 -0.338079 0.058976 -0.134860 -0.065456 -0.130122 -0.225938 -0.420213 -0.003256 -0.226065 -0.172938 -0.022756 -0.302504 -0.275530 0.233059 0.269447 -0.074923 0.211949 -0.228043 -0.137569 -0.018870 -0.289302 0.183780 0.236920 0.050855 0.189614 0.591451 1.000000 0.148156 0.178218 0.030966 -0.013337 0.007562 -0.085905 0.044250 0.372863 0.071640 0.454881 -0.047681 0.477968 -0.030577 -0.006505 -0.210362 0.053025 -0.378954 -0.222817 -0.440812 0.367461 -0.045241 -0.263820 0.175411 -0.032820 -0.308076 -0.131582 -0.398666 -0.108572 -0.091160 0.333825 0.080018 0.590820 -0.220675 -0.025235 0.049412 0.067067 -0.006536 -0.169529 0.177861 -0.013225 0.263166 0.223447 0.006067 0.287476 -0.146152 0.297275 -0.061114 -0.086950 -0.187458 0.260794 -0.046655 -0.130730 -0.349379 -0.131611 -0.214007 0.014833 -0.294880 -0.187495 0.107985 -0.084235 0.347422 0.182890 -0.181864 0.136868 -0.186298 -0.203141 -0.358794 -0.200329 -0.047385 -0.169579 -0.023056 -0.012401 0.010161 0.073434 0.366212 0.025158 -0.310151 -0.169343 -0.111956 0.058897
