1.000000 0.640202 0.448190 0.294541 -0.163127 0.120943 0.483044 0.252564 -0.182149 -0.245115 0.396027 -0.020873 -0.130009 -0.163453 -0.118671 -0.140922 0.368657 -0.232776 0.714368 0.508778 -0.211906 -0.266249 0.237808 -0.003336 -0.534588 -0.443180 0.040583 0.333802 -0.113171 -0.235301 -0.218772 -0.241383 0.196221 0.179584 -0.330893 -0.403576 0.030857 -0.275580 -0.271400 -0.067177 -0.094353 -0.199238 0.070734 -0.095630 -0.013004 0.166768 -0.208060 -0.251451 0.036464 0.198485 -0.154071 0.054627 -0.069924 -0.047321 0.094461 -0.177267 0.632915 0.425786 -0.187084 -0.221512 0.026229 -0.389176 0.155159 -0.004072 -0.074944 -0.271135 -0.308307 -0.294606 0.223108 -0.031931 -0.182573 -0.388173 -0.200848 -0.328454 -0.212112 -0.348463 -0.052296 -0.298537 0.029876 -0.284660 0.174693 0.043320 -0.115461 0.035684 -0.366050 -0.233530 -0.024738 -0.020860 -0.035009 0.032702 0.089439 -0.021363 -0.035854 -0.035817 -0.091925 -0.236316 -0.061783 -0.160382 -0.240720 -0.033394 0.099873 -0.246396 -0.243363 -0.058754 -0.145864 -0.057886 0.019121 -0.100873 -0.188835 -0.054627 -0.347968 -0.161520 0.072864 -0.147637 -0.132772 -0.249088
0.640202 1.000000 0.342128 0.399398 -0.246828 -0.081270 0.460980 0.363933 -0.152056 -0.366878 0.261718 0.029108 -0.106032 -0.150419 -0.369835 -0.337137 0.306396 -0.221857 0.675061 0.686629 -0.383235 -0.385259 0.136279 -0.063048 -0.556627 -0.550439 -0.094938 0.145479 -0.212716 -0.262287 -0.178271 -0.326720 0.296646 0.382654 -0.446412 -0.325780 -0.135851 -0.311158 -0.343730 -0.070742 -0.216244 -0.272692 0.070978 -0.038367 0.005506 0.124622 -0.107486 -0.104041 0.007454 0.095394 -0.197517 -0.102808 -0.107876 0.037142 -0.107479 -0.239153 0.336228 0.700598 -0.199658 0.080781 0.070875 -0.223671 0.068574 0.029976 -0.117587 -0.294196 -0.121582 -0.091356 0.361358 0.263806 -0.253582 -0.464760 -0.304820 -0.349367 -0.322137 -0.450141 -0.164408 -0.375217 -0.045417 -0.268584 0.270065 -0.013404 -0.218885 -0.078917 -0.420559 -0.402704 -0.084524 -0.089066 -0.229580 -0.071799 0.117576 -0.061072 -0.105916 0.017161 0.041780 -0.205059 0.153750 -0.060910 -0.079324 -0.227007 0.224788 -0.222115 -0.309034 -0.199735 -0.164682 -0.048152 0.199270 0.042055 -0.113656 -0.027358 -0.289598 -0.148410 0.001162 -0.310604 -0.240044 -0.330778
0.448190 0.342128 1.000000 0.546218 -0.076500 0.272936 0.744793 0.603528 0.030498 -0.043213 0.184270 -0.088938 0.071381 -0.290185 -0.160997 -0.042260 0.137254 -0.565105 0.500007 0.445876 -0.185326 -0.249929 0.585131 0.447263 -0.248421 -0.139231 0.259711 0.555867 -0.356898 -0.494296 0.018687 -0.004999 0.129737 0.330514 -0.087655 -0.016970 -0.259839 -0.460138 -0.321515 -0.263426 -0.410556 -0.198633 0.066408 -0.103269 -0.074997 -0.081509 -0.275748 -0.260068 0.115003 0.038254 -0.007563 0.105952 -0.147674 -0.064788 -0.170166 -0.537607 0.084859 0.237780 -0.049714 -0.048610 0.229784 -0.119432 -0.045391 -0.342576 0.248260 0.112071 0.026175 0.113920 -0.056264 0.118031 -0.364357 -0.453340 -0.450153 -0.417976 -0.466335 -0.489667 -0.467946 -0.502930 -0.212124 -0.548332 -0.101658 -0.246549 -0.280340 -0.115149 -0.054115 -0.352362 -0.024218 -0.041607 0.014601 -0.120266 0.050479 -0.118974 0.232013 0.190629 -0.173111 -0.314390 -0.050594 -0.254667 -0.161878 -0.382603 0.211782 -0.218188 -0.060735 -0.036977 -0.227659 -0.204306 -0.034137 -0.062077 -0.261046 -0.202395 -0.402495 -0.343319 0.027726 -0.242669 -0.267158 -0.405332
0.294541 0.399398 0.546218 1.000000 -0.231030 0.012789 0.376073 0.693222 -0.198664 -0.103018 -0.048242 0.017201 -0.255616 -0.123156 -0.416737 -0.121783 -0.073848 -0.519603 0.512975 0.550000 -0.334886 -0.423370 0.494935 0.641486 -0.265695 -0.223438 -0.034839 0.212611 -0.368968 -0.391208 0.064098 0.151068 0.041596 0.411271 -0.169946 0.035605 -0.372635 -0.392566 -0.384505 -0.141193 -0.383933 -0.110463 0.151639 -0.064099 -0.025237 0.033096 -0.029024 -0.304941 0.106704 0.072042 -0.074358 0.069115 -0.252986 0.016108 -0.401581 -0.426929 -0.045607 0.192863 -0.196548 0.121613 -0.006462 -0.081047 -0.033866 -0.267387 0.098811 0.030756 -0.032723 0.236211 -0.067768 0.110421 -0.369081 -0.376412 -0.334724 -0.356293 -0.313499 -0.512536 -0.400065 -0.480232 -0.313941 -0.514024 -0.044071 -0.265885 -0.146469 -0.039479 -0.198881 -0.340269 0.117404 0.190441 -0.275234 -0.053966 0.055098 -0.117171 0.303047 0.094260 -0.222797 -0.288146 -0.083525 -0.284152 -0.123727 -0.374121 0.294908 -0.215863 -0.016744 0.053814 -0.086662 -0.000560 0.043591 0.091086 -0.260194 -0.177050 -0.412647 -0.464807 -0.067446 -0.144839 -0.143000 -0.360472
-0.163127 -0.246828 -0.076500 -0.231030 1.000000 0.651134 -0.155468 -0.229218 0.408261 0.715072 -0.220310 -0.127640 -0.104586 0.139995 0.435585 0.565854 -0.216145 0.128646 -0.319725 -0.257020 0.455752 0.331535 -0.301776 -0.255194 0.581864 0.233991 0.731039 0.509692 -0.121964 0.104985 -0.155941 -0.360091 -0.237988 -0.316590 -0.113931 0.019057 0.154413 0.023007 0.186494 0.115702 -0.048040 0.284100 -0.036304 0.092760 0.084073 -0.046609 -0.059744 -0.034594 0.144041 0.083576 0.057069 0.091942 0.247537 -0.157660 0.130663 -0.092595 -0.196608 -0.008431 0.147868 0.246345 -0.107820 0.074453 -0.229569 0.016052 -0.197741 0.110820 0.105468 0.042393 -0.185284 0.119524 0.281449 0.248829 0.109535 0.330877 0.208192 0.365805 0.148010 0.289702 0.008191 0.158572 -0.093292 0.072387 0.157740 0.246025 0.108025 0.097885 -0.124669 -0.248095 0.245667 -0.140249 0.126637 0.060120 0.127145 0.191212 0.111604 0.099336 -0.110081 0.086234 0.033729 -0.024299 0.178258 0.211624 0.192441 -0.314893 -0.008753 -0.137942 0.170022 0.088436 -0.074706 0.040121 -0.063104 0.007140 0.082335 -0.189500 -0.029999 0.048830
0.120943 -0.081270 0.272936 0.012789 0.651134 1.000000 0.265252 0.227075 0.374080 0.675220 -0.100953 -0.106330 -0.240756 0.011286 0.498253 0.604627 0.096529 -0.134050 0.004886 -0.026736 0.382831 0.352466 0.033011 0.005463 0.374767 0.244873 0.723981 0.791559 -0.158375 0.003596 -0.044627 -0.263552 -0.084378 -0.164326 -0.144157 -0.061946 0.148798 -0.044460 0.028218 0.002890 -0.150405 0.202129 -0.060563 0.005536 0.073438 -0.014851 -0.321033 -0.207981 0.063993 0.165208 0.098721 0.158333 0.073486 -0.227471 0.100315 -0.287784 -0.106736 -0.076553 -0.151703 -0.071460 -0.223287 -0.238838 -0.120132 -0.254216 0.011710 -0.063181 -0.165140 -0.136514 -0.200375 -0.001079 0.061415 0.075350 -0.062204 0.182783 -0.018157 0.124949 -0.030453 0.146823 0.078699 -0.053443 -0.022065 -0.006762 0.051357 0.340289 0.234685 0.058179 0.052850 -0.066042 0.261915 -0.060659 0.056711 -0.027155 0.240426 0.281086 -0.114651 -0.145657 -0.262785 -0.177358 -0.217234 -0.231947 0.118510 0.084193 0.109137 -0.194964 -0.076843 -0.290673 -0.003900 -0.111491 -0.316540 -0.040218 -0.257169 -0.177973 0.015547 -0.199759 -0.150886 -0.103556
0.483044 0.460980 0.744793 0.376073 -0.155468 0.265252 1.000000 0.620188 0.043815 -0.113150 0.272072 0.147814 0.134177 -0.137500 -0.154748 -0.023161 0.353280 -0.369461 0.509212 0.512029 -0.341718 -0.351977 0.222179 0.177727 -0.523373 -0.416257 0.091708 0.403375 -0.182113 -0.278716 -0.073936 -0.176036 0.297173 0.384464 -0.277078 -0.236915 -0.119910 -0.447452 -0.291209 -0.188260 -0.286500 -0.170474 0.058315 -0.004925 0.070720 0.089733 -0.251789 -0.160895 0.112991 0.155006 -0.124615 0.067137 -0.149525 -0.025730 -0.064831 -0.476217 0.103625 0.179363 -0.159946 -0.102981 0.293532 -0.029206 0.151286 -0.202870 0.102532 0.000107 -0.042476 -0.028703 -0.053257 0.096722 -0.434977 -0.505158 -0.374163 -0.373043 -0.450083 -0.488669 -0.319868 -0.412621 -0.078372 -0.431031 0.068559 -0.113984 -0.141820 0.142324 -0.174062 -0.255217 0.098747 -0.141467 -0.046146 -0.142122 0.142793 -0.168285 0.068568 0.148062 -0.101242 -0.310606 0.000823 -0.183342 -0.046354 -0.410565 0.214382 -0.211876 -0.053822 -0.253691 -0.302040 -0.416986 -0.146821 -0.207377 -0.274826 -0.137692 -0.476443 -0.204886 -0.009817 -0.386538 -0.464470 -0.480343
0.252564 0.363933 0.603528 0.693222 -0.229218 0.227075 0.620188 1.000000 0.144139 -0.025369 0.051510 0.055836 -0.088154 -0.137885 -0.221153 -0.057244 0.209510 -0.495043 0.435139 0.405804 -0.299759 -0.302523 0.395044 0.473206 -0.326379 -0.125017 0.050003 0.377573 -0.302241 -0.433730 -0.020663 0.015123 0.151085 0.341774 -0.214281 -0.074224 -0.340570 -0.420123 -0.442873 -0.125584 -0.413774 -0.268807 0.078671 -0.159380 -0.106534 -0.050982 -0.254253 -0.325085 -0.046038 0.005498 -0.032322 0.060274 -0.216163 -0.015599 -0.274130 -0.534939 -0.031782 0.014683 -0.225950 -0.035308 0.025144 -0.083634 0.142628 -0.331634 0.124680 0.118739 -0.096132 0.142958 0.013100 0.099031 -0.456896 -0.359941 -0.477046 -0.399973 -0.425713 -0.434070 -0.475062 -0.396873 -0.204888 -0.517205 0.098529 -0.309454 -0.277311 -0.019597 -0.001100 -0.313424 0.071654 0.108372 -0.111574 0.057312 0.158826 0.000119 0.284186 0.244815 -0.260601 -0.364018 -0.153868 -0.290242 -0.194106 -0.452050 0.264938 -0.199193 -0.075395 -0.021456 -0.137020 -0.199138 -0.058231 -0.000056 -0.360075 -0.187867 -0.423332 -0.375126 -0.074413 -0.187943 -0.236324 -0.416060
-0.182149 -0.152056 0.030498 -0.198664 0.408261 0.374080 0.043815 0.144139 1.000000 0.321263 0.035966 -0.175066 0.183575 0.079487 0.497886 0.099108 0.127808 -0.060681 -0.326137 -0.296064 0.205143 0.063140 -0.091020 -0.072295 0.334707 0.383848 0.347925 0.312643 -0.010274 -0.098250 -0.273050 -0.206735 0.138792 -0.114262 0.052986 0.040633 0.037718 -0.087736 -0.142964 -0.122217 -0.123053 -0.209781 -0.131191 -0.178872 -0.276211 -0.341334 -0.118816 -0.118287 -0.157208 -0.276667 0.068937 0.078999 0.185142 0.106038 0.130110 -0.212918 0.059447 -0.114383 0.355309 0.157381 0.195882 0.362591 -0.009274 -0.150254 0.181414 0.400171 0.193770 0.088037 0.055928 0.133838 -0.055038 0.080207 -0.186302 0.050916 -0.033525 0.270680 -0.067839 0.124335 0.023897 -0.027570 0.139543 -0.174615 -0.200747 -0.060296 0.364866 0.011461 -0.246801 -0.187257 0.313243 0.062633 0.139743 0.239439 0.230324 0.390674 -0.101186 -0.236722 -0.032980 -0.168337 -0.101016 -0.200071 0.196955 0.079017 0.035045 -0.134686 -0.130799 -0.347360 -0.196158 -0.012148 -0.206070 -0.157993 -0.165835 -0.107699 0.121114 -0.138978 -0.186328 -0.245684
-0.245115 -0.366878 -0.043213 -0.103018 0.715072 0.675220 -0.113150 -0.025369 0.321263 1.000000 -0.371398 0.008929 -0.235937 0.304062 0.498579 0.727854 -0.301963 0.037087 -0.375764 -0.267589 0.411866 0.348381 -0.140860 0.005120 0.702119 0.493192 0.683065 0.455325 -0.057443 0.217917 -0.002683 -0.107614 -0.268150 -0.290595 -0.021882 0.081342 0.065550 -0.044682 0.155526 0.110684 -0.170674 0.265527 -0.049130 0.022979 -0.009352 -0.138342 -0.080494 -0.137673 -0.031520 0.021812 0.099920 0.128333 0.222276 -0.139231 -0.018832 -0.193793 -0.331225 -0.336168 -0.007819 0.001992 -0.231541 0.074965 -0.321943 -0.178054 -0.058483 0.166994 -0.049909 -0.042164 -0.287509 0.015766 0.196342 0.345936 0.097213 0.460201 0.224673 0.455402 0.086506 0.410690 -0.001470 0.138003 -0.121067 0.132379 0.200986 0.357667 0.337611 0.224670 0.049747 -0.024060 0.241386 -0.141000 0.080991 0.033771 0.265763 0.217814 -0.052182 -0.009230 -0.256451 -0.100923 0.005403 -0.190536 0.154082 0.188293 0.232674 -0.271190 -0.107496 -0.281760 -0.125547 -0.080086 -0.245342 -0.028870 -0.142142 -0.171720 0.060617 -0.172762 -0.085231 0.010401
0.396027 0.261718 0.184270 -0.048242 -0.220310 -0.100953 0.272072 0.051510 0.035966 -0.371398 1.000000 0.314092 0.615990 0.190835 0.090332 -0.259671 0.504338 0.004175 0.269244 0.145809 -0.064198 -0.106057 0.186353 -0.067043 -0.280192 -0.201378 -0.129652 -0.109356 0.373750 -0.099093 0.094299 0.084043 0.313688 0.219670 -0.161322 -0.343150 0.008223 0.047285 -0.292983 -0.158368 0.174211 -0.063103 -0.028176 -0.037389 -0.016780 0.056779 -0.068289 -0.146351 -0.032420 0.012341 -0.211385 -0.077768 -0.177091 -0.120718 0.026277 -0.010957 0.375310 0.124215 0.112923 -0.221161 0.326309 -0.040596 0.321098 0.130959 0.024392 -0.221131 -0.304762 -0.329732 -0.022999 -0.198567 0.052475 -0.129553 0.107852 -0.192358 0.033913 -0.118568 0.032922 -0.162331 0.177606 -0.052894 0.147014 0.017250 -0.288417 -0.099496 -0.092190 -0.252253 -0.103928 -0.143964 -0.030495 -0.109002 -0.125560 0.136379 -0.072663 0.011113 -0.202606 -0.205354 0.007151 -0.166204 -0.245259 0.132465 -0.223999 -0.143389 -0.185319 0.121591 -0.083953 -0.136291 -0.148226 -0.180433 -0.028547 -0.037976 -0.181031 -0.028988 0.152053 0.067307 -0.101327 -0.132303
-0.020873 0.029108 -0.088938 0.017201 -0.127640 -0.106330 0.147814 0.055836 -0.175066 0.008929 0.314092 1.000000 0.219732 0.650724 -0.111922 0.037457 0.114370 0.371361 -0.058662 0.021149 -0.180403 -0.045889 -0.167627 -0.034504 -0.088973 -0.153217 -0.243523 -0.340910 0.388646 0.347830 0.330652 0.308755 0.100095 0.151196 -0.189424 -0.235327 -0.057779 -0.134386 -0.094276 -0.161569 0.041612 0.180340 0.095857 0.306942 0.313114 0.256484 0.180497 0.099480 0.040236 0.174526 -0.288480 -0.183544 -0.272912 -0.257682 -0.184371 -0.035757 -0.166631 -0.315307 -0.176376 -0.214042 0.012254 0.202626 0.055542 0.271056 -0.259851 -0.017934 -0.301916 -0.245825 -0.304683 -0.325186 0.178679 0.284215 0.265703 0.203626 0.204832 0.038477 0.163615 0.172224 0.116906 0.146526 0.020533 0.043565 -0.002856 0.135418 0.029415 0.018316 0.024852 -0.092876 -0.259568 -0.283742 -0.190139 -0.193394 -0.076630 -0.156332 0.018716 0.158563 0.092934 0.037367 0.002262 -0.024900 -0.138925 -0.106659 -0.011375 -0.237435 -0.207475 -0.216308 -0.265931 -0.371492 0.114624 0.075824 -0.018670 -0.042700 0.161475 -0.135206 -0.164320 0.003596
-0.130009 -0.106032 0.071381 -0.255616 -0.104586 -0.240756 0.134177 -0.088154 0.183575 -0.235937 0.615990 0.219732 1.000000 0.213616 0.099860 -0.164280 0.124316 0.020669 -0.135260 -0.072089 -0.011557 -0.033647 0.101774 -0.079071 -0.048351 0.010499 -0.105919 -0.215374 0.321080 -0.116756 0.186039 0.143044 0.219030 0.147560 0.128849 -0.119756 -0.229608 -0.007723 -0.148420 -0.086826 0.036932 0.048471 -0.049869 -0.071351 -0.117439 -0.224653 0.016061 -0.003124 -0.163455 -0.176898 -0.296161 -0.144719 -0.045195 0.063881 0.058397 0.053491 0.093012 -0.115841 0.405337 -0.028286 0.510525 0.273787 0.153019 -0.034510 0.168613 0.093766 0.028090 -0.063117 0.030554 0.006935 -0.022327 -0.023783 0.040794 -0.095427 -0.020113 0.001797 -0.121230 -0.102802 -0.067276 -0.093472 -0.169216 -0.191059 -0.180150 -0.217102 0.108401 -0.228356 -0.062875 -0.288599 0.125236 -0.049579 -0.107647 0.203346 -0.034298 0.084674 -0.038079 -0.030228 0.163376 0.102442 0.071483 0.158862 -0.015907 0.135123 0.008862 0.019350 -0.085332 -0.103316 -0.112074 -0.067526 0.167329 -0.000520 0.056102 0.002182 -0.001721 -0.004369 -0.114826 -0.004515
-0.163453 -0.150419 -0.290185 -0.123156 0.139995 0.011286 -0.137500 -0.137885 0.079487 0.304062 0.190835 0.650724 0.213616 1.000000 0.116340 0.200969 -0.032564 0.423261 -0.368218 -0.249244 -0.123705 -0.026109 -0.169781 -0.182772 0.217744 0.109810 -0.135339 -0.298913 0.361359 0.361218 0.129904 0.208120 -0.012482 -0.106995 -0.109179 -0.149639 0.072026 -0.069655 0.000156 0.045897 0.076998 0.248577 0.041826 0.166385 0.153572 0.157583 0.301313 0.018667 -0.013505 0.137577 -0.241499 -0.092580 -0.058142 -0.206245 -0.151475 0.105549 -0.165760 -0.343661 0.047001 -0.150047 0.010849 0.229788 0.029138 0.299741 -0.235311 0.146563 -0.205267 -0.247598 -0.177708 -0.228558 0.216856 0.343771 0.316748 0.332165 0.353999 0.305160 0.217468 0.298743 0.204572 0.331476 0.103774 0.070690 0.128208 0.138426 0.065569 0.112275 -0.032796 0.120643 -0.067098 -0.185995 -0.121416 0.045555 0.003070 -0.052794 0.020985 0.165634 0.047552 0.030046 -0.039587 0.110962 -0.042469 -0.019320 -0.030358 -0.354506 -0.220266 -0.234296 -0.337834 -0.300912 0.089975 0.128563 0.088433 0.045811 0.257675 -0.146315 -0.045910 0.054986
-0.118671 -0.369835 -0.160997 -0.416737 0.435585 0.498253 -0.154748 -0.221153 0.497886 0.498579 0.090332 -0.111922 0.099860 0.116340 1.000000 0.516863 -0.006838 0.158738 -0.231080 -0.378967 0.556932 0.499326 -0.025345 -0.122048 0.496524 0.449641 0.490868 0.253295 0.298515 0.270803 0.101161 -0.062051 -0.239500 -0.489401 0.055229 -0.181918 0.351204 0.182719 0.176630 0.022438 0.257590 0.059826 -0.196071 -0.184997 -0.173522 -0.244402 -0.210557 -0.209025 -0.188879 -0.143003 0.212525 0.113126 0.279055 -0.063194 0.332412 -0.005530 0.000686 -0.198234 0.152366 -0.140950 -0.026079 -0.025085 -0.124829 -0.042639 0.102528 -0.141953 -0.255565 -0.402926 -0.068757 -0.159797 0.326306 0.351844 0.268503 0.326524 0.265595 0.535721 0.213141 0.410089 0.216103 0.182408 -0.006452 0.228425 0.218202 0.264853 0.499179 0.252821 0.041084 -0.222389 0.461912 0.088533 -0.053895 0.184113 0.057782 0.107031 -0.167716 -0.241548 -0.375025 -0.264922 -0.330912 -0.033320 -0.044553 0.233767 0.121604 -0.036607 -0.020327 -0.276520 -0.113211 -0.123377 -0.375624 -0.194998 -0.143827 -0.046373 0.056473 0.023698 -0.066810 0.003002
-0.140922 -0.337137 -0.042260 -0.121783 0.565854 0.604627 -0.023161 -0.057244 0.099108 0.727854 -0.259671 0.037457 -0.164280 0.200969 0.516863 1.000000 -0.212425 0.194226 -0.137091 -0.189195 0.463379 0.497263 -0.163059 -0.109515 0.448208 0.194222 0.577870 0.357049 0.167779 0.447333 0.232489 -0.025917 -0.358874 -0.340060 -0.143173 -0.054530 0.143941 0.063992 0.325840 0.196476 0.140450 0.465418 -0.254320 -0.181875 -0.118676 -0.179502 -0.323966 -0.344755 -0.149753 -0.076051 0.033883 -0.072316 0.153466 -0.329399 0.120180 -0.130711 -0.219935 -0.221513 -0.066405 -0.107850 -0.167882 -0.109730 -0.187511 -0.050070 -0.253961 -0.157590 -0.249161 -0.267083 -0.298905 -0.124480 0.321673 0.393619 0.386632 0.497651 0.278528 0.414694 0.155554 0.384536 0.064477 0.182663 -0.108367 0.292253 0.228589 0.547726 0.335612 0.326923 0.118851 -0.114972 0.304545 0.034688 -0.006096 -0.004884 0.065660 -0.089276 -0.058614 -0.000790 -0.427544 -0.038997 -0.158280 -0.043452 0.004295 0.165348 0.229684 -0.243928 -0.003568 -0.099028 -0.008408 -0.084924 -0.283344 -0.171624 -0.199740 -0.120033 -0.018522 -0.128163 -0.013753 0.132980
0.368657 0.306396 0.137254 -0.073848 -0.216145 0.096529 0.353280 0.209510 0.127808 -0.301963 0.504338 0.114370 0.124316 -0.032564 -0.006838 -0.212425 1.000000 0.224668 0.305265 0.250533 -0.069283 -0.065546 -0.005090 -0.106474 -0.329280 -0.249201 -0.064591 0.080681 0.469259 0.093124 -0.041417 -0.104367 0.414135 0.298036 -0.206437 -0.263165 0.224196 0.129604 -0.250285 -0.156736 0.259760 -0.163430 -0.169242 -0.103979 0.019789 0.147214 -0.181825 -0.138224 -0.012674 0.061944 -0.096308 -0.065226 -0.334807 -0.237130 -0.054466 -0.147476 0.411074 0.100305 -0.246826 -0.289167 0.142133 -0.187514 0.666428 0.314666 -0.139653 -0.217519 -0.379250 -0.318112 -0.013639 -0.183873 0.067419 -0.101695 0.228320 -0.065887 0.094527 -0.113279 0.235782 -0.014255 0.506892 0.154902 0.502006 0.069234 -0.311604 -0.037594 -0.170541 -0.264989 -0.157126 -0.151781 -0.194958 -0.150446 0.048379 0.047380 0.107965 0.161507 -0.303846 -0.292351 -0.105140 -0.240080 -0.247453 0.044939 -0.237921 -0.220225 -0.203137 0.109635 -0.057252 -0.174014 -0.209375 -0.277148 -0.164305 0.075102 -0.211362 0.052107 0.198074 0.096379 -0.110875 -0.216807
-0.232776 -0.221857 -0.565105 -0.519603 0.128646 -0.134050 -0.369461 -0.495043 -0.060681 0.037087 0.004175 0.371361 0.020669 0.423261 0.158738 0.194226 0.224668 1.000000 -0.341657 -0.325644 0.142956 0.296959 -0.525150 -0.522399 0.139482 -0.068931 -0.137529 -0.436296 0.601713 0.738174 0.091603 -0.000064 -0.151549 -0.320131 -0.092386 -0.185888 0.440920 0.329034 0.390438 0.225880 0.532813 0.256014 -0.272394 -0.028134 0.045548 0.080885 0.152964 0.049944 -0.125401 -0.036717 -0.143137 -0.266247 -0.050695 -0.279877 0.143812 0.285546 -0.045196 -0.172829 -0.099273 -0.163206 -0.023670 0.047907 0.279273 0.733957 -0.445645 -0.099968 -0.207153 -0.346466 -0.074123 -0.247468 0.522436 0.514683 0.742233 0.517970 0.598387 0.483383 0.607857 0.475093 0.573425 0.786602 0.295434 0.371867 0.140493 0.199714 -0.029484 0.210830 -0.148004 -0.128556 -0.094896 -0.080159 -0.104314 -0.038233 -0.224593 -0.208534 0.141849 0.283350 -0.058171 0.200662 -0.048543 0.370996 -0.353342 0.140171 -0.083902 -0.197469 0.046275 0.082853 -0.095757 -0.133528 0.210024 0.184657 0.266193 0.335174 0.270571 0.080452 0.166429 0.286802
0.714368 0.675061 0.500007 0.512975 -0.319725 0.004886 0.509212 0.435139 -0.326137 -0.375764 0.269244 -0.058662 -0.135260 -0.368218 -0.231080 -0.137091 0.305265 -0.341657 1.000000 0.756211 -0.124353 -0.191615 0.345974 0.195011 -0.600250 -0.536008 0.053337 0.252230 -0.099593 -0.272135 0.032810 -0.118327 0.136576 0.300234 -0.386191 -0.354090 -0.124424 -0.234869 -0.295827 -0.085962 -0.072167 -0.252861 0.050787 -0.150317 -0.024061 0.054839 -0.261881 -0.260182 -0.046632 0.088448 -0.124110 -0.064941 -0.151815 0.005623 -0.022905 -0.298801 0.379367 0.482765 -0.284483 -0.130915 0.039245 -0.420296 0.151630 -0.142769 -0.036691 -0.485633 -0.348325 -0.241919 0.144819 -0.014872 -0.202910 -0.435808 -0.195624 -0.402624 -0.284467 -0.487603 -0.233019 -0.450492 -0.102986 -0.373916 0.089304 0.077785 -0.168864 0.049670 -0.313513 -0.393371 -0.023579 -0.176287 -0.117631 0.048947 0.083469 -0.021318 -0.016919 -0.101137 -0.127135 -0.349266 -0.137862 -0.230694 -0.168113 -0.211041 0.169571 -0.247748 -0.118883 0.064628 0.038603 0.055124 0.154274 -0.016913 -0.306234 -0.246367 -0.427913 -0.283926 -0.192245 -0.154593 -0.202456 -0.278903
0.508778 0.686629 0.445876 0.550000 -0.257020 -0.026736 0.512029 0.405804 -0.296064 -0.267589 0.145809 0.021149 -0.072089 -0.249244 -0.378967 -0.189195 0.250533 -0.325644 0.756211 1.000000 -0.258910 -0.391026 0.238714 0.233085 -0.482667 -0.532932 0.007551 0.237176 -0.097332 -0.235038 -0.019374 -0.175474 0.323613 0.571097 -0.279045 -0.171595 -0.301989 -0.296335 -0.454192 -0.156508 -0.271544 -0.112812 0.213374 0.006569 0.057596 0.095009 -0.078415 -0.105312 0.010178 0.133626 -0.241488 -0.032441 -0.249407 0.088491 -0.313063 -0.339699 0.195855 0.424389 -0.323416 -0.059250 0.006708 -0.247105 0.105721 -0.201607 -0.025841 -0.337374 -0.238307 -0.052145 0.185671 0.275083 -0.241458 -0.490341 -0.236273 -0.283824 -0.243375 -0.501819 -0.256531 -0.428938 -0.176407 -0.356792 0.154550 0.021736 -0.051354 0.128074 -0.374527 -0.452328 0.060322 -0.114509 -0.323107 -0.195137 0.097253 -0.069076 0.040950 0.057433 -0.060269 -0.285623 0.052225 -0.089201 0.103213 -0.286965 0.241182 -0.158724 -0.171393 -0.086080 -0.164461 -0.029195 0.079530 0.042678 -0.199057 -0.131767 -0.277495 -0.252052 -0.172440 -0.283142 -0.240086 -0.357199
-0.211906 -0.383235 -0.185326 -0.334886 0.455752 0.382831 -0.341718 -0.299759 0.205143 0.411866 -0.064198 -0.180403 -0.011557 -0.123705 0.556932 0.463379 -0.069283 0.142956 -0.124353 -0.258910 1.000000 0.838727 -0.137634 -0.164884 0.584283 0.365699 0.629292 0.193345 0.180282 0.250560 0.228415 -0.043838 -0.220963 -0.275374 -0.041865 0.025544 0.208199 0.463317 0.204971 0.068344 0.399286 0.247365 -0.195256 -0.188122 -0.212155 -0.345001 -0.257011 -0.185951 -0.174543 -0.244199 0.137082 -0.033507 0.119812 -0.155810 0.130890 -0.037947 -0.034496 -0.133699 0.064128 -0.028001 -0.061722 -0.112472 -0.106529 -0.047337 -0.103026 -0.249796 -0.202212 -0.203943 -0.180889 -0.110939 0.608933 0.588005 0.406697 0.546450 0.458231 0.584237 0.220727 0.401301 0.161682 0.181486 -0.099553 0.182718 -0.073075 0.083791 0.319504 0.007721 -0.209901 -0.353212 0.175269 -0.068944 -0.111085 0.093483 0.122174 0.000126 -0.107532 -0.099950 -0.396546 -0.096704 -0.198204 0.137192 -0.155037 0.199210 0.228819 0.217678 0.134010 0.185197 0.139979 0.121093 -0.175126 -0.096102 -0.049678 -0.080319 -0.076026 0.180655 0.178630 0.214796
-0.266249 -0.385259 -0.249929 -0.423370 0.331535 0.352466 -0.351977 -0.302523 0.063140 0.348381 -0.106057 -0.045889 -0.033647 -0.026109 0.499326 0.497263 -0.065546 0.296959 -0.191615 -0.391026 0.838727 1.000000 -0.156774 -0.212615 0.539764 0.422344 0.454573 0.044735 0.251636 0.376417 0.374260 0.097390 -0.311386 -0.388448 -0.024027 -0.003840 0.196252 0.482437 0.361713 0.195483 0.456001 0.406844 -0.232181 -0.101796 -0.111808 -0.225826 -0.259277 -0.055169 -0.224725 -0.162810 0.147186 -0.169774 0.039575 -0.247556 0.166987 0.100568 -0.142607 -0.207422 -0.091026 -0.195225 -0.202510 -0.214422 -0.084770 0.018667 -0.091454 -0.299769 -0.270812 -0.272134 -0.222472 -0.294196 0.585515 0.666075 0.478916 0.595997 0.461190 0.602959 0.268360 0.507309 0.239698 0.325080 -0.115991 0.168213 0.025826 0.129576 0.407453 0.079306 -0.103858 -0.143884 0.167475 -0.045868 -0.289002 -0.081249 -0.050389 -0.124769 0.077614 0.075752 -0.277531 0.019487 -0.235127 0.151529 -0.288485 0.208373 0.087353 0.154068 0.064080 0.186762 0.150114 0.052316 -0.025025 0.076048 0.120698 -0.026350 -0.074533 0.111696 0.158141 0.316066
0.237808 0.136279 0.585131 0.494935 -0.301776 0.033011 0.222179 0.395044 -0.091020 -0.140860 0.186353 -0.167627 0.101774 -0.169781 -0.025345 -0.163059 -0.005090 -0.525150 0.345974 0.238714 -0.137634 -0.156774 1.000000 0.718680 -0.032707 0.170449 -0.011154 0.239803 -0.136482 -0.524142 0.274616 0.377121 0.027948 0.175151 0.151955 -0.015600 -0.300655 -0.210957 -0.266628 -0.152738 -0.255893 -0.206986 0.188763 -0.045045 -0.030615 -0.009265 -0.012504 -0.268075 0.058435 0.117174 0.121380 0.192349 -0.120074 0.043769 -0.154662 -0.239693 0.017072 0.009987 -0.019394 -0.190153 0.035333 -0.248731 -0.105260 -0.412925 0.524803 -0.027226 -0.222720 -0.116078 -0.028124 -0.126845 -0.284453 -0.280533 -0.343778 -0.454215 -0.368473 -0.414245 -0.473635 -0.453414 -0.246997 -0.512026 -0.214442 -0.306109 -0.148285 -0.293977 0.127423 -0.279652 0.179087 0.238315 0.089459 0.053467 -0.155118 0.036515 0.228019 0.063348 -0.308316 -0.282075 -0.088288 -0.300475 -0.360923 -0.240126 0.000073 -0.138128 -0.154856 0.216808 -0.010431 -0.003953 -0.040709 -0.054248 -0.208454 -0.149764 -0.193962 -0.430862 -0.085946 -0.024844 -0.011937 -0.159274
-0.003336 -0.063048 0.447263 0.641486 -0.255194 0.005463 0.177727 0.473206 -0.072295 0.005120 -0.067043 -0.034504 -0.079071 -0.182772 -0.122048 -0.109515 -0.106474 -0.522399 0.195011 0.233085 -0.164884 -0.212615 0.718680 1.000000 0.025342 0.253614 -0.009883 0.167397 -0.158178 -0.400036 0.260620 0.527540 0.091259 0.336755 0.201522 0.157675 -0.370365 -0.261938 -0.378683 -0.285711 -0.357082 -0.156234 0.195052 0.023078 0.004238 0.002067 0.069020 -0.160595 0.103087 0.067001 0.111890 0.169377 -0.225552 0.072026 -0.407691 -0.389141 -0.183303 -0.196736 -0.109074 -0.079799 0.004319 0.058677 -0.064788 -0.455272 0.416752 0.143997 -0.091709 0.165379 -0.288880 -0.119689 -0.327581 -0.191256 -0.315155 -0.295786 -0.291565 -0.344757 -0.400410 -0.292540 -0.327771 -0.492173 -0.212700 -0.294592 -0.072005 -0.090612 0.209250 -0.158294 0.194655 0.251310 -0.142699 -0.122540 -0.061607 0.004620 0.401036 0.245597 -0.364988 -0.369618 -0.105729 -0.387648 -0.146021 -0.371253 0.095464 -0.052049 0.003020 0.253687 -0.009563 -0.130124 -0.155415 -0.066378 -0.312487 -0.197078 -0.244143 -0.461591 -0.142095 -0.017728 -0.125140 -0.286105
-0.534588 -0.556627 -0.248421 -0.265695 0.581864 0.374767 -0.523373 -0.326379 0.334707 0.702119 -0.280192 -0.088973 -0.048351 0.217744 0.496524 0.448208 -0.329280 0.139482 -0.600250 -0.482667 0.584283 0.539764 -0.032707 0.025342 1.000000 0.782429 0.478383 0.164951 0.106889 0.221058 0.190696 0.149291 -0.282327 -0.355252 0.173663 0.214230 0.094693 0.262674 0.259388 0.049326 0.035632 0.323312 -0.101231 0.048117 -0.092876 -0.246674 0.027265 0.003120 -0.097576 -0.144991 0.236845 0.090040 0.171323 -0.090926 -0.009466 0.049598 -0.345776 -0.339900 0.132646 0.058816 -0.198510 0.107856 -0.330829 -0.074557 0.035514 0.157750 -0.015886 0.001055 -0.217240 -0.041006 0.439274 0.564487 0.263407 0.555861 0.353363 0.603487 0.172529 0.482234 0.065341 0.271303 -0.163665 0.074663 0.141450 0.047466 0.452455 0.158337 -0.034308 0.042602 0.196402 -0.152088 -0.141128 0.055366 0.223575 0.158854 -0.051151 0.035458 -0.206089 -0.102665 -0.109327 0.017106 -0.051186 0.232001 0.163590 0.015852 0.001162 -0.038914 -0.106315 0.009912 -0.094026 -0.012361 0.108075 -0.115371 0.086648 0.080328 0.123238 0.173491
-0.443180 -0.550439 -0.139231 -0.223438 0.233991 0.244873 -0.416257 -0.125017 0.383848 0.493192 -0.201378 -0.153217 0.010499 0.109810 0.449641 0.194222 -0.249201 -0.068931 -0.536008 -0.532932 0.365699 0.422344 0.170449 0.253614 0.782429 1.000000 0.238583 0.096479 0.025608 -0.013645 0.142967 0.351802 -0.210768 -0.331712 0.323251 0.252191 -0.036541 0.131425 0.088897 -0.024829 -0.075456 0.083769 -0.009070 0.025946 -0.119653 -0.206047 0.011162 0.071365 -0.146780 -0.140536 0.284740 0.126720 0.133761 0.044891 -0.025867 0.042825 -0.234592 -0.429347 0.163531 -0.081140 -0.178473 0.077927 -0.237237 -0.278425 0.258543 0.255145 0.039366 0.060608 -0.127058 -0.131277 0.158147 0.396386 0.000075 0.279269 0.108756 0.491205 -0.015548 0.367003 -0.048793 0.066266 -0.190210 -0.125749 0.053483 -0.099641 0.586785 0.116904 0.013252 0.274752 0.234893 -0.008583 -0.204277 0.060554 0.211467 0.200009 -0.122664 -0.030031 -0.102528 -0.171550 -0.167435 -0.073067 -0.049678 0.171033 0.036529 0.191481 -0.043534 -0.124545 -0.222613 -0.028363 -0.097246 0.010025 0.153871 -0.153840 0.017178 0.146105 0.067811 0.079266
0.040583 -0.094938 0.259711 -0.034839 0.731039 0.723981 0.091708 0.050003 0.347925 0.683065 -0.129652 -0.243523 -0.105919 -0.135339 0.490868 0.577870 -0.064591 -0.137529 0.053337 0.007551 0.629292 0.454573 -0.011154 -0.009883 0.478383 0.238583 1.000000 0.693618 -0.157854 -0.023121 -0.023399 -0.320676 -0.198601 -0.186458 -0.215718 -0.079153 0.027115 0.040470 -0.014694 0.043180 -0.085721 0.125171 -0.113498 -0.132969 -0.147728 -0.290597 -0.289110 -0.272268 -0.021487 -0.090544 0.099752 0.089147 0.146890 -0.153204 0.036441 -0.313554 -0.050325 0.074619 0.093331 0.182247 0.021485 -0.051024 -0.141407 -0.180999 -0.040916 -0.077312 -0.061596 -0.051036 -0.212262 0.095855 0.224002 0.159942 0.003324 0.264826 0.113363 0.242850 -0.006560 0.171344 0.011483 -0.055588 -0.045858 0.107935 -0.043383 0.231738 0.212458 -0.114618 -0.176008 -0.371038 0.202605 -0.201398 0.132272 0.054750 0.308932 0.287066 -0.103820 -0.203722 -0.285176 -0.174178 -0.052324 -0.146904 0.148999 0.225790 0.216984 -0.101676 0.002964 -0.141073 0.173309 0.096645 -0.361611 -0.085402 -0.301785 -0.210758 0.017441 -0.147249 -0.118508 -0.101304
0.333802 0.145479 0.555867 0.212611 0.509692 0.791559 0.403375 0.377573 0.312643 0.455325 -0.109356 -0.340910 -0.215374 -0.298913 0.253295 0.357049 0.080681 -0.436296 0.252230 0.237176 0.193345 0.044735 0.239803 0.167397 0.164951 0.096479 0.693618 1.000000 -0.386905 -0.316001 -0.246804 -0.361328 0.018599 0.017301 -0.109891 -0.063019 -0.014813 -0.195606 -0.116912 -0.073681 -0.339676 -0.021292 0.071402 -0.081413 -0.028477 -0.116714 -0.309309 -0.237794 0.111260 0.135458 0.127103 0.267190 0.121500 -0.039937 0.080353 -0.431088 0.051781 0.169909 -0.072192 0.051496 -0.099752 -0.259380 -0.137008 -0.378116 0.112444 0.043225 -0.048568 -0.013152 -0.010690 0.221490 -0.210401 -0.296013 -0.389149 -0.147425 -0.320876 -0.199531 -0.273205 -0.182370 -0.126456 -0.310440 -0.004345 -0.045735 0.004060 0.196497 0.036827 -0.153662 0.028080 -0.104814 0.265880 -0.058024 0.227346 0.050409 0.292279 0.377301 -0.124254 -0.302536 -0.147541 -0.218006 -0.162147 -0.332194 0.310307 0.005214 0.041355 -0.162194 -0.089232 -0.266601 0.031322 -0.009320 -0.376399 -0.137923 -0.343251 -0.264017 -0.011976 -0.213691 -0.209257 -0.281280
-0.113171 -0.212716 -0.356898 -0.368968 -0.121964 -0.158375 -0.182113 -0.302241 -0.010274 -0.057443 0.373750 0.388646 0.321080 0.361359 0.298515 0.167779 0.469259 0.601713 -0.099593 -0.097332 0.180282 0.251636 -0.136482 -0.158178 0.106889 0.025608 -0.157854 -0.386905 1.000000 0.526475 0.362256 0.259856 0.069454 -0.036876 0.027086 -0.195709 0.221736 0.238650 0.100258 -0.020880 0.485573 0.206558 -0.175288 -0.043460 0.055506 0.062656 -0.004968 -0.042799 -0.178373 -0.041335 -0.077934 -0.170384 -0.196969 -0.237202 -0.041403 0.124109 0.116026 -0.263365 -0.117367 -0.400829 0.073958 -0.034358 0.345484 0.378448 -0.216708 -0.300333 -0.491761 -0.509545 -0.226805 -0.407045 0.470856 0.418959 0.737295 0.360862 0.489431 0.368637 0.479830 0.365283 0.419013 0.491050 0.216510 0.285235 0.041946 0.129414 0.222808 0.030507 -0.012375 -0.173599 -0.035838 -0.147443 -0.265398 0.127075 -0.131876 -0.166042 -0.180642 -0.077822 -0.168478 -0.097461 -0.193459 0.187048 -0.383891 -0.102483 -0.059929 0.000905 -0.058413 -0.081459 -0.338116 -0.324507 0.003508 -0.034668 0.076529 0.057437 0.085807 0.090842 0.020246 0.070806
-0.235301 -0.262287 -0.494296 -0.391208 0.104985 0.003596 -0.278716 -0.433730 -0.098250 0.217917 -0.099093 0.347830 -0.116756 0.361218 0.270803 0.447333 0.093124 0.738174 -0.272135 -0.235038 0.250560 0.376417 -0.524142 -0.400036 0.221058 -0.013645 -0.023121 -0.316001 0.526475 1.000000 0.174659 0.049731 -0.119180 -0.218802 -0.061651 -0.103719 0.455436 0.422354 0.418594 0.130836 0.497925 0.369097 -0.360451 -0.105516 -0.076268 -0.094209 -0.106787 -0.065793 -0.241789 -0.180759 -0.092995 -0.335425 -0.082702 -0.371083 0.130907 0.154651 -0.139439 -0.213368 -0.215127 -0.199486 -0.102949 0.094626 0.076680 0.484933 -0.356545 -0.124498 -0.264884 -0.312561 -0.223644 -0.281131 0.519383 0.528794 0.743577 0.690164 0.589880 0.512271 0.626838 0.579043 0.494860 0.725116 0.279741 0.561306 0.281693 0.407094 0.099188 0.374072 -0.032278 -0.185358 -0.050501 -0.139956 -0.038624 -0.190666 -0.119959 -0.237240 0.124552 0.194248 -0.185931 0.072522 0.013279 0.227024 -0.301226 0.184356 0.119698 -0.180979 0.023840 -0.005841 -0.186666 -0.267697 0.039282 0.059777 0.108250 0.249639 0.231983 0.116348 0.091997 0.254574
-0.218772 -0.178271 0.018687 0.064098 -0.155941 -0.044627 -0.073936 -0.020663 -0.273050 -0.002683 0.094299 0.330652 0.186039 0.129904 0.101161 0.232489 -0.041417 0.091603 0.032810 -0.019374 0.228415 0.374260 0.274616 0.260620 0.190696 0.142967 -0.023399 -0.246804 0.362256 0.174659 1.000000 0.678858 -0.138347 0.125525 0.060457 0.067869 -0.174020 0.060034 0.001101 -0.197616 0.133698 0.250650 0.001330 0.122138 0.098372 0.012418 -0.098417 -0.118392 -0.077827 0.015291 0.028959 -0.065681 -0.240837 -0.201382 -0.187361 -0.117263 -0.166221 -0.159797 -0.171113 -0.227024 -0.026927 -0.125612 -0.046804 -0.017204 0.084984 -0.366519 -0.336830 -0.193054 -0.313592 -0.325739 0.403945 0.443813 0.375807 0.274320 0.214301 0.105920 0.068211 0.162893 -0.043147 -0.006563 -0.272104 -0.024566 -0.039370 -0.073197 0.338935 -0.018412 0.099049 -0.073752 -0.134208 -0.189328 -0.440071 -0.284103 -0.066689 -0.220741 -0.174293 -0.001837 -0.216785 -0.100527 -0.173961 -0.083903 -0.235934 -0.013301 0.164566 0.055685 -0.077456 0.058811 0.025673 -0.085086 -0.045243 -0.104181 -0.047187 -0.244853 -0.230867 -0.060834 -0.024468 0.116223
-0.241383 -0.326720 -0.004999 0.151068 -0.360091 -0.263552 -0.176036 0.015123 -0.206735 -0.107614 0.084043 0.308755 0.143044 0.208120 -0.062051 -0.025917 -0.104367 -0.000064 -0.118327 -0.175474 -0.043838 0.097390 0.377121 0.527540 0.149291 0.351802 -0.320676 -0.361328 0.259856 0.049731 0.678858 1.000000 0.014313 0.206806 0.257506 0.191387 -0.252430 -0.033405 -0.110881 -0.224780 -0.008144 0.126973 0.025984 0.082778 0.014908 -0.002817 0.060181 -0.037664 -0.108881 -0.055330 -0.030061 -0.048788 -0.273519 -0.109596 -0.255492 -0.091983 -0.151663 -0.392388 -0.054811 -0.306011 0.031163 0.096819 0.003223 -0.084650 0.192712 0.026000 -0.160564 -0.021349 -0.310358 -0.392949 0.097543 0.329757 0.172212 0.068229 0.035277 0.066732 -0.033809 0.100767 -0.153212 -0.050443 -0.284130 -0.163934 -0.005604 -0.124984 0.298520 0.052590 0.126889 0.254797 -0.107555 -0.087775 -0.402539 -0.143622 0.012056 -0.184982 -0.160274 0.029272 -0.076539 -0.161087 -0.228289 -0.062102 -0.183022 -0.046290 0.057770 0.205965 -0.059229 0.029656 -0.189381 -0.151606 0.032751 -0.051967 0.079250 -0.236936 -0.123041 0.085564 0.035961 0.069594
0.196221 0.296646 0.129737 0.041596 -0.237988 -0.084378 0.297173 0.151085 0.138792 -0.268150 0.313688 0.100095 0.219030 -0.012482 -0.239500 -0.358874 0.414135 -0.151549 0.136576 0.323613 -0.220963 -0.311386 0.027948 0.091259 -0.282327 -0.210768 -0.198601 0.018599 0.069454 -0.119180 -0.138347 0.014313 1.000000 0.750379 -0.026297 -0.062670 -0.162993 -0.077050 -0.475912 -0.429317 -0.082296 -0.140832 0.030186 0.096504 0.009018 -0.002687 0.047117 0.056132 -0.073257 -0.066019 -0.384519 -0.204232 -0.280958 -0.033524 -0.204423 -0.190387 0.257136 0.082683 0.024766 -0.052952 0.319577 0.301082 0.362044 -0.022432 0.054561 0.141452 0.082366 0.092127 0.011451 -0.002928 -0.232932 -0.249746 -0.144512 -0.109758 -0.044461 -0.172771 -0.070970 -0.182375 0.018422 -0.094022 0.138524 -0.246794 -0.312612 -0.181343 -0.185565 -0.283803 -0.117426 -0.075382 -0.255989 -0.225051 0.051118 0.100793 0.160017 0.260938 -0.111924 -0.188061 0.255252 -0.101311 0.020716 -0.059260 0.070918 -0.112430 -0.063545 -0.042885 -0.153766 -0.219970 -0.197636 -0.327158 0.042393 -0.034376 -0.067753 -0.078757 0.110543 -0.084328 -0.247787 -0.239342
0.179584 0.382654 0.330514 0.411271 -0.316590 -0.164326 0.384464 0.341774 -0.114262 -0.290595 0.219670 0.151196 0.147560 -0.106995 -0.489401 -0.340060 0.298036 -0.320131 0.300234 0.571097 -0.275374 -0.388448 0.175151 0.336755 -0.355252 -0.331712 -0.186458 0.017301 -0.036876 -0.218802 0.125525 0.206806 0.750379 1.000000 0.034300 0.220792 -0.436416 -0.236035 -0.610727 -0.498642 -0.260320 -0.107233 0.091665 0.091382 0.060153 0.051087 -0.000956 -0.016266 0.085596 -0.009101 -0.286427 -0.107770 -0.369636 -0.018298 -0.470735 -0.400886 0.085630 0.139758 -0.085496 0.036386 0.214968 0.240474 0.241976 -0.122695 0.100863 0.070966 0.112868 0.295203 -0.117287 0.110199 -0.278340 -0.308094 -0.195969 -0.180811 -0.145003 -0.386977 -0.177735 -0.308051 -0.173931 -0.280303 0.046497 -0.256812 -0.299303 -0.185836 -0.252245 -0.402414 -0.052450 -0.090205 -0.456649 -0.388236 -0.010795 -0.105320 0.152098 0.196830 -0.166276 -0.270209 0.215331 -0.146580 0.143160 -0.267870 0.064509 -0.176393 -0.040436 -0.032379 -0.243768 -0.178026 -0.082701 -0.107759 0.034624 -0.029251 -0.174591 -0.234583 -0.068136 -0.202748 -0.310450 -0.367443
-0.330893 -0.446412 -0.087655 -0.169946 -0.113931 -0.144157 -0.277078 -0.214281 0.052986 -0.021882 -0.161322 -0.189424 0.128849 -0.109179 0.055229 -0.143173 -0.206437 -0.092386 -0.386191 -0.279045 -0.041865 -0.024027 0.151955 0.201522 0.173663 0.323251 -0.215718 -0.109891 0.027086 -0.061651 0.060457 0.257506 -0.026297 0.034300 1.000000 0.651709 -0.088542 0.091165 0.000882 -0.101980 -0.097436 -0.042266 0.022685 -0.034699 0.045224 -0.048760 0.010053 0.070027 0.073051 -0.066044 0.231143 0.200067 -0.005595 0.092248 -0.118728 0.068786 -0.198420 -0.296092 0.201263 -0.064388 -0.136892 0.163862 -0.207387 -0.191852 0.497996 0.425352 0.348746 0.347439 0.003569 0.095035 -0.135147 -0.018559 -0.076166 -0.060130 -0.060820 -0.017197 0.000361 0.035844 -0.129058 0.038144 -0.183594 -0.112166 0.123120 -0.155275 0.295245 0.070254 0.120167 0.264891 0.105104 -0.011552 -0.191585 -0.088815 0.019915 0.034274 0.092502 0.070906 0.121668 0.020398 0.081610 -0.056837 -0.038917 0.092718 0.151896 0.207401 -0.059728 0.013702 -0.104864 0.095567 0.269701 0.051283 0.316232 -0.023236 -0.039336 0.139872 0.088443 0.081311
-0.403576 -0.325780 -0.016970 0.035605 0.019057 -0.061946 -0.236915 -0.074224 0.040633 0.081342 -0.343150 -0.235327 -0.119756 -0.149639 -0.181918 -0.054530 -0.263165 -0.185888 -0.354090 -0.171595 0.025544 -0.003840 -0.015600 0.157675 0.214230 0.252191 -0.079153 -0.063019 -0.195709 -0.103719 0.067869 0.191387 -0.062670 0.220792 0.651709 1.000000 -0.249339 -0.068079 -0.130024 -0.268170 -0.195941 0.044225 -0.061330 -0.010873 -0.011970 -0.043241 -0.068537 0.114702 0.110911 -0.137578 0.242481 0.065110 -0.116535 -0.006302 -0.378853 -0.115903 -0.313683 -0.133546 0.103610 0.107711 -0.179195 0.192319 -0.235845 -0.170756 0.237495 0.409052 0.521862 0.644990 -0.160589 0.232353 -0.005556 0.098578 -0.083979 0.116830 -0.014622 0.067872 0.040092 0.146195 -0.220360 -0.031245 -0.112227 -0.119930 -0.073874 -0.199842 0.236915 0.053254 -0.083667 0.179275 -0.118017 -0.143535 -0.155448 -0.174223 -0.015533 0.041250 0.043699 0.051984 0.100455 0.047573 0.184531 -0.149335 -0.037385 0.017651 0.173171 0.097371 -0.123061 0.087362 0.027697 0.292038 0.274588 0.065313 0.274262 0.001653 -0.115984 0.006110 0.073365 -0.007227
