1.000000 0.581977 0.309635 -0.130062 0.076623 -0.043788 0.347649 -0.012442 0.181054 -0.061867 0.264625 -0.036598 0.169519 -0.070125 0.116403 0.004811 0.042215 -0.089114 0.358172 0.453289 0.099026 -0.142899 -0.001817 -0.213073 -0.189725 -0.241802 0.002422 -0.142260 -0.053452 -0.063727 0.092793 -0.151910 0.499813 0.188347 -0.014422 -0.138974 -0.092159 -0.409748 -0.173479 0.027225 -0.220110 -0.071709 -0.347910 -0.350539 -0.297607 -0.445156 -0.224760 -0.304985 -0.111141 -0.105168 -0.227753 -0.020058 0.003528 -0.095395 0.224544 -0.002805 0.364375 0.338655 0.242642 0.261925 0.252474 0.318238 0.127200 0.218755 -0.170946 -0.291452 0.086268 -0.292745 0.203065 0.258947 -0.157848 -0.187282 0.077306 -0.044941 0.072711 0.098340 -0.002349 -0.107533 -0.073016 -0.093151 -0.163742 -0.159119 0.074961 -0.224606 -0.337928 -0.432613 0.202948 0.124229 0.189319 0.120827 -0.047285 0.085485 -0.233835 0.094214 -0.096103 0.100790 -0.149768 0.060447 -0.117397 0.036002 -0.061333 0.219539 -0.150573 -0.016081 -0.090970 -0.172542 -0.024959 0.147230 0.118451 -0.127636 -0.252776 -0.212226 0.028488 -0.030616 0.002970 0.007243
0.581977 1.000000 0.055990 -0.154203 -0.049970 -0.059384 -0.001807 -0.143726 0.030580 -0.235602 0.127728 0.138305 0.008429 0.061649 -0.081449 0.011586 0.066532 -0.019709 0.134225 0.301670 0.184946 -0.106146 -0.083492 -0.274195 -0.120769 -0.101924 -0.070097 -0.224163 -0.039247 0.058416 0.072252 -0.082691 0.314726 0.140672 -0.150731 -0.150732 -0.185869 -0.297350 -0.213502 -0.160345 -0.094545 0.038664 -0.257881 -0.295774 -0.290732 -0.336040 -0.224820 -0.290548 0.129220 0.120367 -0.033565 0.290259 0.295323 0.178270 0.140641 -0.098734 0.359713 0.355963 0.204437 0.447475 0.274744 0.537848 0.021115 0.301091 -0.299266 -0.378560 0.021261 -0.312424 0.236469 0.203907 -0.221280 -0.185681 0.094531 -0.040172 -0.027666 0.090351 -0.016603 0.092398 -0.029013 0.018810 -0.000193 -0.032323 0.040500 -0.157029 -0.327003 -0.346495 0.108514 -0.101545 -0.075223 0.134582 0.049538 -0.008971 -0.260527 0.052036 -0.138777 -0.126231 -0.286037 -0.065605 0.014548 -0.102761 0.162109 0.191756 0.161234 0.107043 0.047916 -0.052999 0.033571 0.167226 0.009581 -0.024635 -0.266410 -0.083494 0.212598 0.149217 -0.086088 -0.084957
0.309635 0.055990 1.000000 0.196003 0.341314 -0.001545 0.699575 0.184609 0.171839 -0.020849 0.023789 -0.141229 -0.123328 -0.258857 0.134186 -0.095154 -0.450241 -0.253039 0.641990 0.209552 -0.122027 0.007296 0.364644 0.329487 -0.090047 -0.044188 0.039201 -0.114616 -0.038911 -0.204440 0.338382 0.240252 0.125447 -0.000701 0.198475 0.207597 -0.383489 -0.392066 -0.345195 -0.253974 -0.519671 0.058882 -0.238446 -0.221915 -0.055079 -0.099230 -0.197241 -0.267364 -0.144001 0.020097 -0.260747 -0.105412 -0.031107 -0.030208 -0.072441 -0.182771 -0.168706 -0.113898 0.022308 -0.069304 0.020301 0.005467 -0.298481 -0.218794 0.245732 -0.121149 0.024126 -0.054799 -0.042761 -0.042763 -0.033018 -0.013781 -0.238297 -0.047627 -0.161260 -0.056645 -0.046891 0.136038 -0.425328 -0.256919 -0.455819 -0.322573 0.060163 0.058689 -0.185085 -0.302820 -0.057076 0.078783 0.233408 0.093039 0.336990 0.502112 0.069042 0.430671 0.044894 -0.036981 -0.140200 -0.132248 0.107359 0.072947 0.046049 0.329090 0.158489 0.317905 0.148921 -0.007802 0.023983 -0.089557 0.119012 0.061120 0.025344 -0.057420 0.103409 0.244436 0.185139 0.020697
-0.130062 -0.154203 0.196003 1.000000 -0.110023 0.346058 -0.102551 0.134451 -0.480302 -0.191965 -0.462172 -0.154295 -0.488674 -0.214209 -0.338449 -0.259299 -0.482865 -0.232975 0.245794 0.114529 0.022841 0.234722 0.473536 0.551684 0.167211 0.316951 0.066013 0.307386 -0.453457 -0.329015 0.052045 0.328148 -0.163487 -0.079819 0.078835 0.110378 -0.262666 -0.002758 -0.082257 0.018301 -0.217539 -0.199589 0.172935 0.192594 0.054032 0.180645 0.125742 0.148487 -0.149519 -0.235589 -0.004770 -0.068379 -0.141510 0.091457 -0.203556 -0.040489 -0.073809 0.001317 -0.340489 -0.224482 -0.493700 -0.327825 -0.480708 -0.465082 -0.150025 0.114579 0.117887 0.342203 0.061088 0.211415 -0.023009 0.177080 -0.574541 -0.074934 -0.309970 -0.084962 -0.168980 0.131607 -0.289874 -0.096943 -0.261636 -0.326289 -0.289421 -0.027237 -0.072463 0.290608 -0.136072 0.165481 -0.121604 -0.109346 0.416753 0.211473 0.359360 -0.024646 0.241375 0.127820 0.157504 0.217207 0.142728 0.169563 -0.132091 0.066167 0.086401 0.132265 0.122587 0.157401 -0.044636 -0.103254 0.135915 0.163557 0.339045 0.067459 -0.029686 0.264104 0.284691 0.232775
0.076623 -0.049970 0.341314 -0.110023 1.000000 0.171647 0.412121 0.244814 0.591892 0.502910 0.077247 0.039725 0.204651 0.169253 0.368826 0.390102 -0.141173 0.131286 0.140382 0.007868 -0.194042 -0.018990 0.102525 0.218340 0.204588 0.180478 0.386649 -0.038965 0.138724 0.113685 -0.064976 -0.187341 -0.121069 -0.206077 0.160858 0.195801 -0.030629 -0.260700 -0.292609 -0.123921 -0.101429 0.038900 -0.289718 -0.268325 0.072659 -0.058049 -0.221473 -0.285537 -0.009111 0.086987 -0.076429 -0.081415 -0.092353 -0.022639 -0.199018 -0.275380 -0.092624 -0.143477 0.034766 -0.185533 0.102136 -0.060600 -0.058230 -0.080625 0.300554 0.120170 -0.225968 -0.201089 0.021332 -0.065457 0.005880 -0.160462 0.014386 0.171627 0.014062 -0.096018 0.094209 0.015350 -0.040606 0.000168 -0.021909 0.060290 0.323407 0.332311 0.073998 -0.143697 -0.094968 -0.040493 0.339169 0.099085 0.172075 0.042189 0.088751 0.308003 0.002046 -0.037411 -0.344559 -0.179413 -0.186672 -0.154036 0.232218 0.216929 0.079549 0.120474 -0.037580 -0.199718 0.163889 0.052387 -0.146156 0.109091 -0.356575 -0.222176 0.001254 -0.025102 -0.066372 -0.010269
-0.043788 -0.059384 -0.001545 0.346058 0.171647 1.000000 -0.316973 -0.188655 -0.004027 0.028602 -0.311337 -0.434412 -0.340012 -0.366793 -0.018322 -0.152445 -0.144625 -0.126218 0.017273 -0.078391 0.176438 0.333718 0.523350 0.173758 0.552989 0.633816 0.483491 0.622781 -0.517014 -0.413002 -0.302737 -0.050972 -0.307255 -0.144575 0.262153 0.095467 -0.240361 -0.093128 0.005152 0.266098 -0.037778 -0.210997 0.030056 0.012937 -0.020217 0.191108 -0.032234 0.074761 -0.232156 -0.188877 0.079716 -0.008626 -0.105249 0.152454 -0.139208 -0.173180 0.375981 0.347960 0.037686 -0.215868 -0.284320 -0.172196 -0.242163 -0.138977 -0.161325 0.102545 0.186457 0.188173 0.451453 0.317695 0.040342 0.061166 -0.485210 -0.287286 -0.231183 -0.208479 -0.334396 -0.168273 0.077938 0.207665 0.152439 0.007337 -0.004317 -0.005400 0.201484 0.085746 -0.101696 0.164034 0.163166 0.001320 0.236905 -0.022893 0.076275 -0.000139 0.130063 0.122668 -0.069113 -0.033800 -0.206449 -0.066714 -0.039892 0.041851 -0.070115 0.103739 0.046963 0.029898 0.072302 -0.044832 -0.006260 0.031556 0.082318 -0.131412 -0.059819 0.131849 -0.021636 -0.072449
0.347649 -0.001807 0.699575 -0.102551 0.412121 -0.316973 1.000000 0.429456 0.350583 0.316037 0.318199 0.225244 0.244761 0.137502 0.261325 0.153919 -0.297068 -0.140913 0.441781 0.202001 -0.165039 -0.337440 -0.057868 0.204349 -0.366751 -0.443058 0.007923 -0.387253 0.205968 0.104963 0.357273 0.127368 0.327521 0.109121 0.074672 0.078278 -0.207296 -0.387499 -0.417098 -0.320060 -0.349272 0.004953 -0.343335 -0.289837 -0.057659 -0.249108 -0.208270 -0.389945 0.041014 0.141409 -0.312770 -0.094813 -0.038438 -0.149732 -0.082872 -0.085983 -0.254733 -0.283785 0.059709 0.050861 0.255363 0.103399 -0.106151 -0.076997 0.408992 -0.011503 -0.028466 -0.128773 -0.352015 -0.293427 -0.105759 -0.147855 0.090811 0.118984 -0.020852 0.120431 0.204691 0.096654 -0.432516 -0.328324 -0.562514 -0.323414 0.085515 0.075388 -0.294953 -0.367929 -0.047066 -0.013111 0.162719 0.080077 0.118236 0.290853 0.046678 0.324164 -0.160256 -0.032584 -0.209123 -0.173767 0.024242 0.001900 -0.076041 0.187202 -0.018983 0.052503 0.086105 -0.060248 -0.008832 0.042555 0.076276 -0.026811 -0.246177 -0.155812 -0.032073 -0.076945 0.226882 0.011016
-0.012442 -0.143726 0.184609 0.134451 0.244814 -0.188655 0.429456 1.000000 -0.076822 0.520547 -0.062599 0.329502 0.168655 0.319892 -0.177030 0.268582 -0.329295 -0.217761 -0.090000 -0.124842 -0.180073 -0.365493 -0.322349 0.361273 -0.281569 -0.206827 -0.188786 -0.320380 -0.139854 0.138617 0.219568 0.100666 0.149564 0.292588 -0.035665 0.312588 -0.107170 -0.182545 -0.307962 -0.129106 -0.071922 -0.134966 -0.260655 -0.213267 0.216553 0.068084 -0.138586 -0.173129 0.102496 0.117686 -0.255991 -0.187730 -0.112877 -0.193321 -0.152792 0.008410 -0.394674 -0.431272 -0.038358 0.082704 0.116662 0.064769 -0.090389 -0.197331 0.270950 0.468486 -0.002214 0.291858 -0.364504 -0.172970 -0.357780 -0.171642 -0.037990 -0.056067 -0.183652 -0.096839 0.046563 -0.039035 -0.294875 -0.227708 -0.248530 -0.290467 -0.140510 0.103100 -0.302448 -0.072371 -0.211279 0.037730 -0.005887 0.117304 0.279860 -0.256080 0.378975 -0.035013 -0.191580 0.071799 -0.079528 -0.037137 -0.043064 -0.046013 0.122529 0.005875 -0.025024 -0.074172 0.014841 -0.017338 -0.012265 0.065353 0.040900 0.037563 -0.152033 -0.148396 -0.091238 -0.147841 0.076987 -0.051395
0.181054 0.030580 0.171839 -0.480302 0.591892 -0.004027 0.350583 -0.076822 1.000000 0.384975 0.397066 0.059142 0.504188 0.197400 0.725878 0.433713 0.272827 0.159570 0.017500 -0.022320 -0.148897 -0.098542 0.035113 -0.149823 -0.019076 -0.113252 0.338729 -0.019956 0.344065 0.219424 -0.113351 -0.254845 -0.003543 -0.107757 0.003127 -0.125870 0.098592 -0.127524 -0.054506 0.011295 0.008222 0.174358 -0.316170 -0.345485 -0.184512 -0.276599 -0.239726 -0.345932 0.055416 0.069927 0.094829 0.046790 0.019880 -0.026076 -0.055093 -0.168576 0.033830 -0.021382 0.329658 -0.061836 0.357983 0.122847 0.113994 0.139365 0.300354 -0.044165 -0.235087 -0.489570 0.043061 -0.109125 0.145729 -0.186457 0.330892 0.246049 0.265381 -0.026334 0.109844 -0.056848 0.161197 0.039693 0.090314 0.165858 0.397848 0.241336 0.135045 -0.279611 0.040222 -0.124833 0.346327 0.156101 -0.222651 0.045462 -0.157259 0.215248 -0.079857 -0.170006 -0.340055 -0.253536 -0.201535 -0.174019 0.006698 -0.063968 -0.167315 -0.040410 -0.173888 -0.149509 0.075393 0.048307 -0.274465 -0.087227 -0.479041 -0.190135 0.009902 -0.136399 -0.147563 -0.100902
-0.061867 -0.235602 -0.020849 -0.191965 0.502910 0.028602 0.316037 0.520547 0.384975 1.000000 0.185553 0.206505 0.299574 0.355131 0.225482 0.405538 -0.039173 0.019052 -0.166603 -0.082211 -0.294396 -0.270796 -0.184696 0.206967 -0.016387 -0.044187 0.166394 -0.196716 0.078478 0.223746 -0.013032 -0.126360 -0.024070 0.012209 0.009791 0.085890 0.011807 -0.121909 -0.311082 -0.003125 0.021174 -0.170117 -0.292169 -0.262358 0.076458 -0.025490 -0.184897 -0.238937 0.020358 0.076309 -0.136777 -0.102817 -0.044005 -0.098853 -0.154338 -0.058782 -0.205386 -0.252383 0.104160 0.005703 0.130669 0.071810 0.097935 0.004570 0.276024 0.352505 -0.113620 -0.073671 -0.150341 -0.081865 -0.034455 -0.119695 0.127279 0.079098 -0.039500 0.012793 0.117630 -0.050867 0.007164 0.049755 -0.034511 -0.009455 0.109890 0.263042 -0.047235 -0.225892 -0.181991 0.008342 0.101221 0.117270 0.012658 -0.226781 0.253133 0.054341 -0.124908 0.114774 -0.180208 -0.156253 -0.236321 -0.127697 0.065399 -0.065407 -0.200273 -0.134284 -0.070594 -0.039157 0.124285 0.156174 -0.067635 -0.006097 -0.352159 -0.268611 -0.110233 -0.299206 -0.118370 -0.063365
0.264625 0.127728 0.023789 -0.462172 0.077247 -0.311337 0.318199 -0.062599 0.397066 0.185553 1.000000 0.351735 0.669985 0.479085 0.437089 0.398658 0.317862 0.174884 0.092504 0.114623 -0.007729 -0.023664 -0.272954 -0.129571 -0.259327 -0.231978 0.057813 -0.177817 0.553800 0.427922 0.193614 0.073161 0.317160 0.217618 -0.072501 -0.090485 0.055600 -0.184586 -0.153370 -0.146224 -0.004456 0.204940 -0.265517 -0.262792 -0.128209 -0.152547 -0.242650 -0.431365 0.200278 0.190134 -0.173901 0.090296 -0.004778 -0.191348 -0.123951 -0.199931 -0.170524 -0.174359 0.335740 0.043111 0.440524 0.219317 0.323253 0.203470 0.245119 0.011413 -0.154035 -0.339304 -0.292307 -0.392912 0.129006 0.006185 0.498346 0.346729 0.294480 0.355518 0.320127 0.240083 0.058488 -0.102283 -0.158112 -0.004613 0.232969 0.117612 -0.038843 -0.202656 -0.154507 -0.263240 -0.008764 -0.048263 -0.312443 -0.092759 -0.262818 -0.007539 -0.051991 -0.178130 -0.400276 -0.369118 -0.256458 -0.316442 -0.034005 -0.173320 -0.184112 -0.137382 -0.259664 -0.151133 -0.017385 -0.037559 -0.149554 0.098237 -0.503107 -0.292549 0.035807 -0.285376 -0.108044 -0.166810
-0.036598 0.138305 -0.141229 -0.154295 0.039725 -0.434412 0.225244 0.329502 0.059142 0.206505 0.351735 1.000000 0.318584 0.769662 0.034600 0.546969 0.120723 0.329935 -0.193816 -0.078710 0.011752 -0.070365 -0.464592 0.139514 -0.363564 -0.314640 -0.216935 -0.310143 0.418254 0.563903 0.153601 0.109324 0.198815 0.140272 -0.218786 0.001745 0.105488 -0.014384 -0.201172 -0.184617 0.010685 0.196327 -0.113056 -0.013590 0.092324 -0.009489 -0.005202 -0.222227 0.352190 0.274918 -0.067861 0.019919 0.034631 -0.201371 -0.185372 -0.086202 -0.322977 -0.378552 -0.082585 0.042855 0.349501 0.099177 0.233616 0.119708 0.234631 0.126898 -0.180663 -0.091672 -0.493881 -0.455664 0.052420 0.060739 0.389340 0.375124 0.105642 0.380387 0.406599 0.352154 0.048868 -0.113576 -0.086085 0.061566 0.027241 0.285919 -0.278205 0.009831 -0.247777 -0.234726 -0.378038 -0.232030 -0.158432 -0.275510 0.033044 -0.103260 -0.239721 -0.194579 -0.236401 -0.304666 -0.055423 -0.289452 0.008248 -0.088163 -0.028350 -0.132704 -0.177172 -0.108803 0.056197 0.045163 -0.191052 0.252171 -0.329836 -0.151297 -0.025686 -0.136198 0.011597 -0.130388
0.169519 0.008429 -0.123328 -0.488674 0.204651 -0.340012 0.244761 0.168655 0.504188 0.299574 0.669985 0.318584 1.000000 0.549172 0.565648 0.527553 0.455294 0.156782 -0.263262 -0.144043 -0.052731 -0.131392 -0.385509 -0.234245 -0.182651 -0.327116 0.135384 -0.095940 0.399330 0.432319 -0.074248 -0.287508 0.272080 0.232511 0.027412 -0.049356 0.315457 -0.018974 0.039573 0.087757 0.156232 0.246833 -0.295502 -0.279844 -0.046309 -0.103349 -0.220006 -0.324298 0.139159 0.085192 -0.110327 -0.068924 -0.119591 -0.248016 -0.047924 -0.133904 -0.217646 -0.226517 0.405188 -0.001192 0.504356 0.192884 0.254682 0.183757 0.287779 0.158519 -0.096391 -0.208710 -0.210999 -0.279632 -0.023619 -0.175407 0.606071 0.257598 0.265478 0.124069 0.188963 0.062157 0.243752 -0.055042 0.041279 0.081682 0.140797 0.114924 -0.042901 -0.181327 -0.120091 -0.246507 0.083851 0.054474 -0.351812 -0.299066 -0.092487 -0.073595 -0.103752 -0.197070 -0.298997 -0.200068 -0.337840 -0.347353 0.023677 -0.258908 -0.260077 -0.199275 -0.308401 -0.137607 -0.077731 0.065388 -0.286581 -0.060465 -0.484711 -0.337529 -0.101503 -0.438671 -0.176255 -0.143380
-0.070125 0.061649 -0.258857 -0.214209 0.169253 -0.366793 0.137502 0.319892 0.197400 0.355131 0.479085 0.769662 0.549172 1.000000 0.203939 0.770093 0.126681 0.232121 -0.326785 -0.203922 0.016161 -0.043849 -0.445219 0.110330 -0.223413 -0.184945 0.012165 -0.137278 0.365035 0.559745 0.036245 -0.069977 0.111900 0.099944 -0.132182 -0.016396 0.168653 0.035926 -0.089819 -0.095255 0.147783 0.184136 -0.166975 -0.137310 0.017964 -0.063411 -0.112256 -0.310828 0.437178 0.188837 0.009999 0.083962 0.047296 -0.197382 -0.111471 -0.172146 -0.355735 -0.497916 0.149664 0.025175 0.396506 0.164129 0.166087 -0.024894 0.254292 0.346666 -0.149923 -0.105920 -0.429001 -0.407469 0.081230 0.010075 0.389982 0.418770 0.111345 0.333164 0.320810 0.244987 0.089021 -0.126046 -0.086779 0.018476 0.009637 0.252541 -0.111418 0.048232 -0.236636 -0.276592 -0.174764 -0.081945 -0.246654 -0.356528 0.120207 -0.121187 -0.054036 -0.173405 -0.314030 -0.245912 -0.304673 -0.410521 0.052101 -0.266531 -0.204702 -0.210909 -0.221249 -0.147607 0.056366 0.126554 -0.211169 0.260295 -0.441009 -0.308939 -0.112188 -0.306422 -0.000493 -0.066681
0.116403 -0.081449 0.134186 -0.338449 0.368826 -0.018322 0.261325 -0.177030 0.725878 0.225482 0.437089 0.034600 0.565648 0.203939 1.000000 0.399601 0.329322 0.087934 0.066857 -0.055826 0.018102 0.026777 0.118560 -0.171826 -0.071502 -0.217251 0.438220 0.179869 0.364827 0.135177 -0.176452 -0.258159 0.000799 -0.100615 0.061288 -0.195536 0.129483 -0.051626 0.077857 0.084446 0.076692 0.280517 -0.266668 -0.251122 -0.245117 -0.226702 -0.237284 -0.286043 -0.040472 -0.055718 0.028766 -0.003862 -0.037349 -0.025105 -0.082205 -0.209289 0.010863 -0.036646 0.318739 -0.132724 0.311145 0.096741 0.087442 0.117285 0.357795 -0.009711 -0.193783 -0.463712 -0.010943 -0.217571 0.090626 -0.208945 0.319555 0.251916 0.234440 0.060900 0.119064 -0.006188 0.211176 -0.050878 0.054352 0.109613 0.403652 0.231058 0.243215 -0.129219 0.028546 -0.190976 0.299404 0.095592 -0.236457 0.096359 -0.088845 0.212784 0.095626 -0.217556 -0.283856 -0.213697 -0.250736 -0.187447 -0.005482 -0.026422 -0.159575 -0.010561 -0.169404 -0.131925 0.000823 -0.065055 -0.324031 -0.062441 -0.409250 -0.158660 0.027466 -0.150745 -0.086826 -0.029861
0.004811 0.011586 -0.095154 -0.259299 0.390102 -0.152445 0.153919 0.268582 0.433713 0.405538 0.398658 0.546969 0.527553 0.770093 0.399601 1.000000 0.162342 0.283561 -0.233327 -0.146202 -0.000981 0.102575 -0.230846 0.094800 -0.126215 -0.072695 0.200074 0.047762 0.361218 0.548094 -0.021167 -0.174621 0.056293 -0.004322 -0.013651 -0.001554 0.212651 0.044581 -0.052219 0.041709 0.140547 0.266898 -0.145232 -0.186647 0.024912 -0.098176 -0.170706 -0.357251 0.249023 0.043940 -0.022336 -0.079519 -0.078059 -0.253553 -0.148190 -0.290234 -0.254033 -0.408526 0.119727 -0.119864 0.390448 0.050603 0.225332 -0.007313 0.240504 0.239333 -0.171758 -0.188829 -0.236957 -0.249531 0.137796 -0.043091 0.386263 0.367383 0.115887 0.200167 0.272842 0.157847 0.258083 0.041090 0.141036 0.216258 0.214769 0.430227 0.040172 0.020573 -0.254136 -0.273207 0.050101 -0.092750 -0.293700 -0.379962 0.009201 -0.102427 -0.045375 -0.190436 -0.369188 -0.242764 -0.435398 -0.428887 0.068550 -0.252070 -0.265136 -0.167097 -0.286570 -0.223549 0.069198 0.105603 -0.280243 0.223081 -0.501790 -0.419683 -0.201981 -0.228467 -0.079355 -0.107387
0.042215 0.066532 -0.450241 -0.482865 -0.141173 -0.144625 -0.297068 -0.329295 0.272827 -0.039173 0.317862 0.120723 0.455294 0.126681 0.329322 0.162342 1.000000 0.545413 -0.371112 -0.064395 -0.077421 -0.070647 -0.302983 -0.563971 -0.014683 -0.130827 0.081013 0.004152 0.466910 0.353777 -0.228229 -0.310788 0.167143 0.041922 -0.085519 -0.237112 0.396987 0.060591 0.194591 0.175993 0.275791 0.166088 -0.053224 -0.038881 -0.064168 -0.065637 -0.070165 -0.087993 -0.067726 -0.019609 0.059835 -0.043228 -0.138644 -0.126445 0.051297 -0.033642 0.340032 0.343831 0.161112 0.035771 0.328176 0.059150 0.573836 0.564862 0.011747 -0.166007 -0.116248 -0.289440 0.220081 0.022496 0.113303 -0.124595 0.603756 0.186126 0.420673 0.003059 0.124513 -0.173293 0.710678 0.401521 0.605463 0.554436 0.129521 0.120262 0.089330 -0.000837 0.028957 -0.229244 -0.168023 -0.104207 -0.519093 -0.332362 -0.316263 -0.334846 -0.062719 -0.152089 -0.122474 -0.069851 -0.234350 -0.153668 -0.128491 -0.321007 -0.255479 -0.208610 -0.282244 -0.215394 -0.153271 -0.102760 -0.177559 -0.113861 -0.333405 -0.044223 -0.161799 -0.352578 -0.434226 -0.176234
-0.089114 -0.019709 -0.253039 -0.232975 0.131286 -0.126218 -0.140913 -0.217761 0.159570 0.019052 0.174884 0.329935 0.156782 0.232121 0.087934 0.283561 0.545413 1.000000 -0.103820 0.094845 -0.094630 0.173539 -0.222189 -0.225910 -0.041572 -0.005811 -0.009002 -0.084322 0.554980 0.638741 -0.106976 -0.142354 -0.050391 -0.312664 0.020819 0.071923 0.241942 0.004282 -0.103040 -0.073087 0.031264 0.126348 0.146542 0.169391 0.280631 0.132215 0.150272 -0.059413 0.183046 0.138384 0.076655 -0.008754 -0.050305 -0.008210 -0.009002 -0.028810 0.024144 0.041285 -0.291689 -0.218489 0.001444 -0.253383 0.426554 0.348585 -0.012699 -0.286430 -0.306924 -0.268082 0.040552 -0.042305 0.322238 0.153460 0.509976 0.463017 0.377231 0.116471 0.362947 0.061731 0.635616 0.533525 0.467219 0.687816 0.102370 0.364027 -0.030901 -0.010283 -0.101577 -0.279724 -0.250894 -0.264550 -0.252982 -0.246620 -0.219658 -0.225168 -0.107399 0.043474 -0.074390 -0.027388 0.033092 -0.053076 -0.046308 -0.091713 -0.082178 -0.140333 -0.274604 -0.383370 -0.083741 -0.083703 -0.058550 0.226169 -0.241294 0.051634 0.000273 -0.149829 -0.259712 -0.090778
0.358172 0.134225 0.641990 0.245794 0.140382 0.017273 0.441781 -0.090000 0.017500 -0.166603 0.092504 -0.193816 -0.263262 -0.326785 0.066857 -0.233327 -0.371112 -0.103820 1.000000 0.566702 -0.036785 0.151823 0.422507 0.144197 -0.111164 -0.022569 0.000703 -0.059373 0.081696 -0.170972 0.297051 0.257424 0.213818 -0.086603 0.003211 0.072060 -0.303541 -0.312185 -0.299440 -0.209160 -0.370032 -0.072894 -0.063251 -0.028488 -0.025623 -0.097986 -0.019566 -0.099765 -0.200805 -0.098052 -0.231375 -0.074958 0.016266 0.100286 -0.019157 -0.062723 -0.003297 0.109605 -0.222398 -0.154892 -0.268523 -0.098859 -0.125087 -0.134397 0.019580 -0.339377 -0.117694 -0.178174 0.106054 0.028446 0.027499 0.028230 -0.236039 -0.013774 -0.094671 0.106641 0.062800 0.110554 -0.274483 -0.184184 -0.348844 -0.165422 0.156388 0.023756 -0.074749 -0.236241 0.059028 0.040886 0.172315 0.055468 0.199852 0.480184 -0.151348 0.282865 0.140907 0.171834 -0.053292 0.052765 0.176941 0.232066 -0.007140 0.413153 0.197329 0.247025 0.119047 -0.175971 0.017787 -0.083989 0.216141 0.206299 0.109996 0.005586 0.217696 0.311626 0.195543 0.040638
0.453289 0.301670 0.209552 0.114529 0.007868 -0.078391 0.202001 -0.124842 -0.022320 -0.082211 0.114623 -0.078710 -0.144043 -0.203922 -0.055826 -0.146202 -0.064395 0.094845 0.566702 1.000000 -0.003665 -0.108803 0.136890 0.002571 -0.104083 -0.110368 -0.124152 -0.294525 0.167208 0.014756 0.169732 0.113460 0.241135 -0.054300 -0.132331 -0.116541 -0.115291 -0.193618 -0.239764 -0.222412 -0.134552 -0.195307 -0.032515 -0.070968 -0.038175 -0.247510 -0.043882 -0.002853 -0.274500 -0.202129 -0.296833 -0.192304 -0.132809 -0.010311 0.001104 0.020742 0.167490 0.299773 -0.349824 0.064873 -0.274495 -0.013038 0.107803 0.115286 -0.174919 -0.517072 -0.151608 -0.280029 0.280586 0.353410 -0.032932 -0.103819 0.025341 -0.009054 0.023293 0.056220 0.154777 0.107256 -0.067874 0.124518 -0.055101 0.031508 0.275451 0.055156 -0.106470 -0.170182 0.105595 -0.046174 0.008435 -0.112005 -0.049573 0.231219 -0.256090 0.063872 0.110438 0.207429 0.021774 0.236966 0.100636 0.225262 -0.020532 0.280194 -0.000426 -0.012134 -0.045775 -0.191745 0.017172 0.085838 0.208732 0.074058 0.027604 0.089083 0.068025 0.130285 0.071189 0.139401
0.099026 0.184946 -0.122027 0.022841 -0.194042 0.176438 -0.165039 -0.180073 -0.148897 -0.294396 -0.007729 0.011752 -0.052731 0.016161 0.018102 -0.000981 -0.077421 -0.094630 -0.036785 -0.003665 1.000000 0.326565 -0.066320 -0.080644 -0.101118 -0.132319 0.155543 0.339328 -0.214008 -0.091598 0.025307 0.138753 0.107223 0.169606 0.003997 0.083254 0.019714 0.070514 0.363147 0.125769 0.159372 0.152476 -0.135852 -0.161298 -0.209900 -0.100212 -0.120897 -0.033917 -0.183304 -0.213039 -0.115525 -0.082651 -0.023650 -0.114971 0.110615 -0.022350 0.120913 0.107197 0.029288 0.101120 0.097758 0.137557 -0.010464 0.061144 -0.106207 -0.078748 0.130677 0.086374 -0.055347 -0.052683 0.186084 0.162254 -0.033934 0.027127 -0.112975 0.298943 -0.114638 0.113944 -0.074559 -0.114406 -0.121219 -0.165621 -0.085828 -0.147436 -0.019297 0.107901 -0.004207 0.026058 -0.019005 -0.160077 -0.119248 -0.101870 -0.203904 -0.077764 -0.078322 0.000638 -0.029918 -0.048362 -0.107336 -0.159980 -0.022803 0.000975 -0.083280 -0.095770 0.054269 0.122635 0.161579 0.097028 -0.035900 -0.118885 0.005910 -0.065754 0.010766 -0.007673 0.168263 0.024726
-0.142899 -0.106146 0.007296 0.234722 -0.018990 0.333718 -0.337440 -0.365493 -0.098542 -0.270796 -0.023664 -0.070365 -0.131392 -0.043849 0.026777 0.102575 -0.070647 0.173539 0.151823 -0.108803 0.326565 1.000000 0.340634 0.113951 0.320076 0.506585 0.304280 0.586301 -0.001168 -0.019228 -0.051531 0.194167 -0.214494 -0.097137 0.185385 0.209434 0.003172 0.115149 0.159970 0.143405 -0.096787 0.324597 0.137671 0.155710 0.137595 0.392440 0.030810 -0.023352 -0.108821 -0.156991 0.030986 -0.093176 -0.104832 0.011038 -0.218358 -0.334462 0.032231 0.056784 -0.176751 -0.419069 -0.241312 -0.288735 -0.077448 -0.174257 -0.021968 0.013965 -0.029572 0.111765 0.115308 -0.031303 0.399904 0.335276 -0.200732 0.218191 -0.102372 0.227060 -0.070652 0.320426 0.234317 0.107457 0.155253 0.176964 -0.061814 0.194412 0.228918 0.224140 -0.303981 -0.124059 0.002147 -0.179067 -0.030776 0.031017 -0.047365 0.004509 0.250319 -0.140880 -0.137739 -0.136554 -0.190122 -0.223490 0.023282 -0.072463 0.088104 0.177862 -0.115932 0.000891 0.178854 -0.097796 -0.245781 0.378444 0.057903 -0.239573 0.032817 0.189422 0.040200 -0.081608
-0.001817 -0.083492 0.364644 0.473536 0.102525 0.523350 -0.057868 -0.322349 0.035113 -0.184696 -0.272954 -0.464592 -0.385509 -0.445219 0.118560 -0.230846 -0.302983 -0.222189 0.422507 0.136890 -0.066320 0.340634 1.000000 0.339782 0.445096 0.435017 0.323979 0.513766 -0.367299 -0.469315 -0.082833 0.117734 -0.272735 -0.209815 0.237122 -0.007746 -0.325630 -0.069302 -0.053549 0.091093 -0.335191 -0.043843 0.104895 0.054945 -0.123156 0.094228 -0.019421 0.042202 -0.296909 -0.275788 0.125562 -0.041532 -0.032726 0.237997 -0.068624 -0.134045 0.218325 0.233805 0.003104 -0.333367 -0.390773 -0.225898 -0.432754 -0.285494 -0.034093 -0.064475 0.014987 -0.004115 0.345337 0.269682 0.088824 0.153744 -0.545486 -0.107881 -0.123668 -0.097834 -0.169672 0.024913 -0.107613 -0.001857 -0.151990 -0.136928 -0.049443 -0.078580 0.285129 0.023263 -0.059765 0.187820 0.343315 0.176528 0.231694 0.392298 0.182858 0.256057 0.257726 0.057173 0.016136 0.038112 -0.043948 0.119701 -0.128712 0.034581 -0.022541 0.186784 -0.017900 0.093451 -0.034239 -0.103210 0.047539 0.000655 0.238697 0.022056 0.012866 0.330353 0.106586 0.009587
-0.213073 -0.274195 0.329487 0.551684 0.218340 0.173758 0.204349 0.361273 -0.149823 0.206967 -0.129571 0.139514 -0.234245 0.110330 -0.171826 0.094800 -0.563971 -0.225910 0.144197 0.002571 -0.080644 0.113951 0.339782 1.000000 0.224927 0.370940 0.016933 0.036554 -0.237985 -0.169580 0.252273 0.451060 -0.231166 -0.017973 0.031690 0.254213 -0.282320 -0.147181 -0.234820 -0.107124 -0.330975 -0.185802 -0.001599 -0.004369 0.139209 0.190083 -0.009992 -0.036602 -0.026962 -0.035146 -0.068802 -0.145187 -0.059034 -0.036724 -0.315507 -0.089164 -0.381580 -0.373880 -0.180100 -0.229008 -0.227596 -0.191000 -0.376564 -0.517251 0.182560 0.290973 -0.005554 0.275925 -0.248608 0.020125 0.083683 0.305232 -0.415953 0.002207 -0.247898 0.030809 -0.081801 0.234190 -0.411754 -0.314643 -0.443775 -0.401899 -0.121620 0.102188 -0.133603 0.131078 -0.222007 0.181859 -0.018574 -0.064976 0.435747 0.209014 0.473052 0.127649 0.098636 0.095729 0.005149 -0.068553 0.061919 0.104042 0.088255 0.002966 0.040048 0.019632 -0.063478 0.063005 0.007589 -0.164838 0.191291 0.153455 0.192603 -0.074221 0.032471 0.066140 0.267196 0.102756
-0.189725 -0.120769 -0.090047 0.167211 0.204588 0.552989 -0.366751 -0.281569 -0.019076 -0.016387 -0.259327 -0.363564 -0.182651 -0.223413 -0.071502 -0.126215 -0.014683 -0.041572 -0.111164 -0.104083 -0.101118 0.320076 0.445096 0.224927 1.000000 0.758955 0.273733 0.360464 -0.332867 -0.377637 -0.230446 -0.061344 -0.314097 -0.133918 0.218497 0.100491 -0.075924 0.001706 0.004452 0.159128 -0.039806 -0.086652 0.144313 0.161006 0.108729 0.309237 0.068280 0.204368 -0.179957 -0.061307 0.171766 -0.035468 -0.110786 0.103649 -0.145849 -0.180559 0.216425 0.162112 0.010174 -0.252273 -0.220478 -0.196146 -0.176797 -0.147561 -0.092035 0.083762 0.110361 0.182335 0.415598 0.345562 0.060584 0.102754 -0.390824 -0.205055 -0.149683 -0.127068 -0.226162 -0.066792 0.138210 0.157135 0.166809 0.038735 -0.010012 -0.053779 0.203401 0.099306 -0.101039 0.009427 0.015328 -0.014113 0.056983 0.042653 0.075901 0.057175 0.339978 0.010154 -0.056283 -0.026159 -0.217381 -0.062938 0.137149 -0.010681 0.076317 0.147829 0.033946 0.081662 0.104659 0.016120 -0.029928 0.123283 0.155857 -0.095903 -0.073498 0.041450 -0.093488 -0.062789
-0.241802 -0.101924 -0.044188 0.316951 0.180478 0.633816 -0.443058 -0.206827 -0.113252 -0.044187 -0.231978 -0.314640 -0.327116 -0.184945 -0.217251 -0.072695 -0.130827 -0.005811 -0.022569 -0.110368 -0.132319 0.506585 0.435017 0.370940 0.758955 1.000000 0.261196 0.406251 -0.268489 -0.269187 -0.122628 0.107436 -0.375015 -0.151605 0.175791 0.208695 -0.182240 -0.080088 -0.049870 0.154904 -0.061958 -0.101857 0.148906 0.144179 0.242917 0.426364 0.053766 0.097456 -0.057756 0.034286 0.161392 -0.015927 -0.076319 0.119148 -0.275581 -0.275136 0.158973 0.143222 -0.094698 -0.342455 -0.322986 -0.289875 -0.181392 -0.241641 -0.129453 0.161574 0.088163 0.278817 0.376720 0.303186 0.151421 0.176968 -0.419192 -0.136611 -0.163904 -0.173992 -0.267375 0.001792 0.115467 0.152990 0.235665 0.106590 0.001718 0.122248 0.194051 0.212244 -0.175263 0.025597 0.001487 -0.021686 0.239729 0.004636 0.085402 0.027776 0.374095 0.017592 -0.130495 -0.079015 -0.174613 -0.103413 0.184456 -0.001037 0.111972 0.164067 -0.033403 -0.052865 0.043121 -0.154509 0.003902 0.301193 0.100816 -0.190500 -0.043153 0.122242 -0.072992 -0.040097
0.002422 -0.070097 0.039201 0.066013 0.386649 0.483491 0.007923 -0.188786 0.338729 0.166394 0.057813 -0.216935 0.135384 0.012165 0.438220 0.200074 0.081013 -0.009002 0.000703 -0.124152 0.155543 0.304280 0.323979 0.016933 0.273733 0.261196 1.000000 0.623837 -0.101819 -0.154013 -0.219208 -0.220093 -0.220041 -0.209321 0.305817 0.100043 -0.119592 -0.164057 -0.076685 0.071884 -0.049273 0.030375 -0.231662 -0.234917 -0.121677 -0.008551 -0.287690 -0.352801 -0.139572 -0.170421 0.097419 0.060322 0.009673 0.076479 -0.195136 -0.416096 0.277696 0.235196 0.207779 -0.191800 -0.048332 -0.038878 -0.190740 -0.088429 0.145512 0.166284 0.058042 -0.052170 0.320032 0.107790 0.049872 -0.124091 -0.237912 0.017228 -0.155621 -0.063408 -0.222458 -0.048794 0.129682 0.042251 0.050835 0.009723 0.116714 0.209608 0.282579 0.079918 -0.207414 -0.070333 0.281809 0.095706 0.015319 0.030827 0.056645 0.183245 0.165155 -0.127939 -0.384755 -0.166410 -0.446085 -0.261295 -0.007447 -0.039761 -0.113241 0.158584 -0.023154 0.039995 0.157710 0.101134 -0.214067 0.099202 -0.288164 -0.375345 -0.144917 -0.028024 0.039103 0.109723
-0.142260 -0.224163 -0.114616 0.307386 -0.038965 0.622781 -0.387253 -0.320380 -0.019956 -0.196716 -0.177817 -0.310143 -0.095940 -0.137278 0.179869 0.047762 0.004152 -0.084322 -0.059373 -0.294525 0.339328 0.586301 0.513766 0.036554 0.360464 0.406251 0.623837 1.000000 -0.325273 -0.307424 -0.311965 -0.089355 -0.326745 -0.111649 0.287004 0.085025 -0.028593 0.114237 0.300350 0.390742 -0.000158 0.143870 0.077096 0.043670 -0.105178 0.176745 -0.022882 0.021355 -0.245125 -0.354923 0.185473 -0.061316 -0.131400 0.054362 -0.032930 -0.173032 0.237119 0.168630 0.103974 -0.343932 -0.214528 -0.218309 -0.238780 -0.160216 -0.074428 0.205818 0.101187 0.154963 0.259651 0.092686 0.225625 0.200610 -0.365382 -0.037122 -0.134265 0.011174 -0.283637 -0.055175 0.176089 0.092303 0.117215 -0.026359 -0.132786 -0.033658 0.427058 0.278904 -0.129592 0.092660 0.240865 0.015359 -0.005897 -0.029044 0.088389 -0.037903 0.210549 -0.061876 -0.007426 -0.015135 -0.326709 -0.136613 -0.180926 -0.212958 -0.213132 0.045542 -0.098749 0.111789 0.038162 -0.066732 -0.158980 0.029401 0.117251 -0.168510 -0.214367 0.097102 0.099166 -0.000574
-0.053452 -0.039247 -0.038911 -0.453457 0.138724 -0.517014 0.205968 -0.139854 0.344065 0.078478 0.553800 0.418254 0.399330 0.365035 0.364827 0.361218 0.466910 0.554980 0.081696 0.167208 -0.214008 -0.001168 -0.367299 -0.237985 -0.332867 -0.268489 -0.101819 -0.325273 1.000000 0.679652 0.102615 -0.002637 0.165968 -0.127557 -0.057149 -0.111233 0.271999 -0.025126 -0.080431 -0.274031 0.116478 0.298396 0.008014 0.055628 0.222436 0.011333 0.016516 -0.214222 0.195529 0.219254 -0.047968 0.026874 -0.021308 -0.083219 -0.063673 -0.126470 -0.212370 -0.177210 -0.168421 -0.128534 0.175327 -0.065511 0.413015 0.202140 0.265043 -0.220202 -0.393387 -0.398770 -0.203054 -0.310623 0.220354 -0.113014 0.711775 0.450199 0.383771 0.167488 0.445728 0.203877 0.375012 0.146352 0.256633 0.457786 0.417431 0.511419 0.104411 0.042420 -0.065779 -0.356857 -0.177863 -0.158792 -0.427274 -0.092989 -0.392410 -0.110154 0.079071 -0.196043 -0.224842 -0.192771 -0.020336 -0.170852 -0.018956 -0.033654 -0.024125 -0.117879 -0.249044 -0.366913 0.005625 -0.108173 -0.123082 0.232115 -0.359274 -0.002161 0.067425 -0.133971 -0.156341 -0.078540
-0.063727 0.058416 -0.204440 -0.329015 0.113685 -0.413002 0.104963 0.138617 0.219424 0.223746 0.427922 0.563903 0.432319 0.559745 0.135177 0.548094 0.353777 0.638741 -0.170972 0.014756 -0.091598 -0.019228 -0.469315 -0.169580 -0.377637 -0.269187 -0.154013 -0.307424 0.679652 1.000000 0.132316 0.015435 0.133735 -0.063818 -0.087732 -0.051169 0.278807 0.057265 -0.106643 -0.164887 0.148594 0.206824 -0.011948 0.017210 0.222013 0.026431 0.034313 -0.229309 0.328256 0.266916 0.030928 0.110098 0.025637 -0.029286 -0.031887 -0.047329 -0.329648 -0.316533 -0.134190 -0.104259 0.210079 0.000451 0.391516 0.225780 0.079320 -0.082015 -0.366347 -0.303464 -0.326480 -0.336523 0.148639 0.038683 0.715443 0.548613 0.378334 0.287606 0.626184 0.311974 0.373194 0.322117 0.232415 0.465348 0.164532 0.428312 -0.080925 0.033562 -0.146974 -0.337776 -0.285819 -0.128797 -0.325483 -0.369068 -0.240872 -0.236501 -0.162204 -0.024727 -0.185176 -0.097455 0.006657 -0.199427 -0.051165 -0.186710 -0.203675 -0.335361 -0.405710 -0.411486 -0.009210 0.009230 -0.031335 0.234155 -0.404385 -0.017673 0.010573 -0.254421 -0.103951 -0.078470
0.092793 0.072252 0.338382 0.052045 -0.064976 -0.302737 0.357273 0.219568 -0.113351 -0.013032 0.193614 0.153601 -0.074248 0.036245 -0.176452 -0.021167 -0.228229 -0.106976 0.297051 0.169732 0.025307 -0.051531 -0.082833 0.252273 -0.230446 -0.122628 -0.219208 -0.311965 0.102615 0.132316 1.000000 0.728367 0.344539 0.364031 -0.175993 0.110527 -0.207659 -0.110981 -0.201906 -0.325969 -0.163871 0.010679 0.028883 -0.010839 0.124533 0.059719 -0.039420 -0.142071 0.001608 0.143476 -0.239428 0.008992 0.034085 -0.054611 -0.208315 -0.066786 -0.291459 -0.212150 -0.176800 0.124466 0.054642 0.204611 -0.057808 -0.036649 -0.006949 -0.200820 -0.086427 0.033655 -0.439194 -0.225476 0.036909 0.179687 0.039778 0.116262 -0.032377 0.342143 0.177197 0.287032 -0.402457 -0.236020 -0.415186 -0.328804 -0.092020 -0.002451 -0.381654 -0.174588 -0.192035 -0.070044 -0.319713 -0.179207 0.076842 0.077086 -0.121602 -0.143907 -0.127158 -0.072416 -0.122898 -0.164158 0.177189 -0.074307 -0.055875 -0.026425 -0.030501 -0.046762 -0.085092 0.086343 -0.033394 -0.056539 0.144991 -0.020417 -0.070840 -0.108969 0.014394 -0.015609 0.146658 0.047058
-0.151910 -0.082691 0.240252 0.328148 -0.187341 -0.050972 0.127368 0.100666 -0.254845 -0.126360 0.073161 0.109324 -0.287508 -0.069977 -0.258159 -0.174621 -0.310788 -0.142354 0.257424 0.113460 0.138753 0.194167 0.117734 0.451060 -0.061344 0.107436 -0.220093 -0.089355 -0.002637 0.015435 0.728367 1.000000 0.092828 0.352011 -0.178727 0.122029 -0.275002 0.001348 -0.098406 -0.230892 -0.212934 -0.026777 0.125814 0.093622 0.081962 0.199879 0.027307 -0.011856 -0.124341 -0.001710 -0.212721 -0.030461 -0.001097 0.057907 -0.333921 -0.065346 -0.257019 -0.186240 -0.245958 -0.039532 -0.104306 0.077002 -0.218818 -0.177289 -0.026049 -0.107896 -0.144343 0.087838 -0.405265 -0.251535 0.149247 0.340363 -0.149131 0.110327 -0.077370 0.308175 0.076150 0.351654 -0.363180 -0.196884 -0.413871 -0.383357 -0.180860 0.024348 -0.287576 -0.007702 -0.261176 -0.045999 -0.371199 -0.278242 0.193840 0.162173 0.004865 -0.124919 -0.009251 -0.054404 -0.034586 -0.099020 0.232941 0.028088 -0.121691 -0.057341 0.001584 -0.055244 -0.067031 0.183427 0.035892 -0.188845 0.109645 0.068538 0.139734 0.087222 0.143906 0.092126 0.223866 0.091274
0.499813 0.314726 0.125447 -0.163487 -0.121069 -0.307255 0.327521 0.149564 -0.003543 -0.024070 0.317160 0.198815 0.272080 0.111900 0.000799 0.056293 0.167143 -0.050391 0.213818 0.241135 0.107223 -0.214494 -0.272735 -0.231166 -0.314097 -0.375015 -0.220041 -0.326745 0.165968 0.133735 0.344539 0.092828 1.000000 0.630079 -0.034637 -0.019274 0.113886 -0.160213 -0.117206 -0.082949 -0.009436 0.061029 -0.234032 -0.154859 -0.054885 -0.162987 -0.105645 -0.218933 -0.134839 -0.049186 -0.486394 -0.289365 -0.247854 -0.332060 0.042377 -0.068042 0.134066 0.156026 0.045177 0.254473 0.402413 0.243741 0.337936 0.367564 -0.022962 -0.229120 0.226847 0.007916 -0.088728 -0.069254 -0.203069 -0.238600 0.319377 -0.089385 0.041307 0.224805 0.145591 0.007019 -0.048705 -0.197718 -0.151990 -0.085637 -0.044860 -0.057136 -0.452414 -0.357807 -0.054131 -0.052769 -0.178915 -0.191417 -0.278699 -0.267414 -0.392232 -0.242862 -0.191605 -0.086644 -0.171717 -0.170685 -0.183827 -0.219198 -0.148767 -0.011563 -0.223364 -0.068817 -0.002853 -0.012609 0.063543 0.140255 -0.030919 -0.138184 -0.266788 -0.310437 -0.148201 -0.217562 0.042097 -0.062535
0.188347 0.140672 -0.000701 -0.079819 -0.206077 -0.144575 0.109121 0.292588 -0.107757 0.012209 0.217618 0.140272 0.232511 0.099944 -0.100615 -0.004322 0.041922 -0.312664 -0.086603 -0.054300 0.169606 -0.097137 -0.209815 -0.017973 -0.133918 -0.151605 -0.209321 -0.111649 -0.127557 -0.063818 0.364031 0.352011 0.630079 1.000000 0.002297 0.209723 0.005541 -0.008812 0.002860 0.022843 0.039762 0.123647 -0.210434 -0.191691 -0.100289 0.028068 -0.160671 -0.100985 -0.279692 -0.178085 -0.512583 -0.390435 -0.350840 -0.385077 -0.257340 -0.148817 0.024535 0.029096 0.173568 0.236161 0.358919 0.346125 0.131924 0.241059 0.042845 0.084068 0.205530 0.269940 -0.222077 -0.167984 -0.148860 -0.024195 0.094899 -0.153531 -0.039324 0.273783 -0.010499 0.116205 -0.190034 -0.300865 -0.238585 -0.364163 -0.202975 -0.217277 -0.349516 -0.314615 -0.163233 -0.006896 -0.141812 -0.239059 -0.077522 -0.273653 -0.110292 -0.190921 -0.104404 -0.247077 -0.179098 -0.271788 -0.267814 -0.282251 -0.130612 -0.169736 -0.159648 -0.019409 0.055453 0.300558 0.001379 0.049326 -0.121232 -0.226603 -0.095794 -0.250959 -0.217832 -0.147107 0.047333 -0.027167
-0.014422 -0.150731 0.198475 0.078835 0.160858 0.262153 0.074672 -0.035665 0.003127 0.009791 -0.072501 -0.218786 0.027412 -0.132182 0.061288 -0.013651 -0.085519 0.020819 0.003211 -0.132331 0.003997 0.185385 0.237122 0.031690 0.218497 0.175791 0.305817 0.287004 -0.057149 -0.087732 -0.175993 -0.178727 -0.034637 0.002297 1.000000 0.400024 -0.163277 -0.177230 -0.108234 0.029508 -0.164329 0.121197 -0.199080 -0.146031 0.046893 0.181851 -0.243976 -0.221648 -0.133894 -0.139077 -0.181577 -0.177406 -0.262208 -0.139159 -0.172238 -0.349512 0.112401 0.103590 0.110844 -0.094100 -0.107953 -0.134748 -0.226726 -0.107755 0.270958 0.132866 0.283883 0.321275 0.205720 0.167892 -0.034059 -0.055739 -0.148534 -0.050747 -0.203025 -0.203090 -0.069824 -0.040885 0.112105 0.090354 -0.002058 0.061720 -0.115947 0.090624 0.124218 -0.012023 -0.146790 -0.006302 0.205294 -0.018918 0.064460 0.046851 0.077499 0.168084 0.274282 -0.094868 -0.200360 -0.177998 -0.347053 -0.296640 -0.119682 -0.075439 -0.092241 0.130737 0.060860 0.060061 0.051393 0.140020 -0.010873 0.087454 -0.012065 -0.158752 -0.281274 0.036858 0.009114 0.013057
-0.138974 -0.150732 0.207597 0.110378 0.195801 0.095467 0.078278 0.312588 -0.125870 0.085890 -0.090485 0.001745 -0.049356 -0.016396 -0.195536 -0.001554 -0.237112 0.071923 0.072060 -0.116541 0.083254 0.209434 -0.007746 0.254213 0.100491 0.208695 0.100043 0.085025 -0.111233 -0.051169 0.110527 0.122029 -0.019274 0.209723 0.400024 1.000000 -0.191496 -0.239487 -0.252135 -0.235273 -0.119391 0.035217 -0.119886 -0.082661 0.438620 0.477539 -0.183040 -0.146419 -0.104184 0.087248 -0.304088 -0.275311 -0.133417 -0.155635 -0.314321 -0.334510 -0.219435 -0.153985 -0.029576 -0.043635 -0.092804 -0.104649 -0.119377 -0.107519 0.216685 0.174873 0.161171 0.538109 -0.128998 -0.048275 -0.047092 0.094991 -0.163280 -0.056191 -0.268080 -0.030668 -0.120519 0.109767 -0.088847 -0.004257 -0.132403 -0.066438 -0.192168 0.122486 -0.101235 -0.153100 -0.318633 -0.047097 0.019138 -0.174063 0.314131 -0.059115 0.142390 0.129093 0.016707 -0.025300 -0.239784 -0.344973 -0.087665 -0.214083 0.172385 0.054543 0.144899 0.162316 0.048628 0.038521 0.161932 0.091463 -0.011761 0.226448 0.046327 -0.172026 -0.029325 0.040282 0.032709 0.030184
