1.000000 0.290926 0.313912 -0.214897 -0.026395 -0.323661 0.266727 -0.016422 0.012072 -0.228613 0.242574 0.004113 0.227668 0.017960 0.061995 0.009428 0.363475 0.224482 0.422627 0.376583 -0.004838 -0.035182 -0.117912 -0.220885 -0.350557 -0.428055 -0.279443 -0.287419 0.213565 0.179019 -0.207783 -0.319875 0.218941 -0.097068 -0.286013 -0.435071 0.093853 0.171298 -0.092448 -0.026295 0.050097 -0.014935 -0.173545 -0.302260 -0.075137 -0.359426 -0.134668 -0.250522 -0.038314 -0.189621 -0.180408 -0.140400 0.163024 -0.075634 0.121756 -0.236448 0.534521 0.244620 0.411820 0.089675 0.521981 0.263531 0.357568 0.257556 0.039720 -0.216370 0.073811 -0.366364 0.315296 0.030625 0.132306 -0.073150 0.184104 0.116467 0.245132 0.056896 0.165216 0.202984 -0.028999 -0.033902 0.258902 0.074607 0.075596 0.101492 -0.116649 -0.226939 -0.008067 -0.113434 0.010703 -0.031899 0.006938 0.265389 -0.226962 0.101468 -0.115199 0.014649 -0.181805 -0.026674 -0.022016 0.178111 -0.126857 0.077350 -0.005624 0.013046 -0.212379 -0.226947 -0.098713 -0.073485 -0.075940 0.075464 -0.150205 -0.101200 0.250866 0.073690 -0.064641 0.122908
0.290926 1.000000 -0.250748 -0.341632 -0.186984 -0.316866 -0.185426 -0.339796 -0.175410 -0.243596 0.164079 0.169042 0.115911 0.008000 0.090480 0.120414 0.272407 0.268700 0.028805 0.461647 0.101870 -0.005495 -0.395295 -0.440673 -0.284640 -0.388216 -0.206434 -0.215407 0.166600 0.276190 -0.268043 -0.434721 -0.046023 -0.367266 -0.284091 -0.424521 0.174087 0.302472 0.158892 0.126588 0.169134 0.276313 0.088852 -0.058951 0.066094 -0.195033 0.049671 -0.112904 0.036188 0.023385 -0.147313 0.036677 0.090352 -0.084965 0.152624 -0.080157 0.178539 0.610278 0.060823 0.305923 0.121406 0.269285 0.177306 0.366278 -0.281695 -0.314004 -0.015876 -0.328388 0.201421 0.203720 0.259210 0.030596 0.231758 0.311022 0.326745 0.161988 0.291885 0.235375 0.038479 0.127505 0.268585 0.136904 0.227407 0.381787 0.177606 -0.158998 0.217577 0.012965 -0.169770 0.006086 0.131287 -0.099618 -0.308166 -0.203521 -0.264421 0.061018 -0.097246 -0.138675 0.045720 -0.039613 -0.168890 0.077936 -0.027301 0.102975 -0.000406 0.102896 0.101703 0.309693 -0.123876 0.082872 -0.016525 0.100762 0.178792 0.124360 0.062220 0.262062
0.313912 -0.250748 1.000000 0.458888 0.306257 0.164854 0.683416 0.481625 0.318009 0.246972 -0.011588 -0.043976 0.198152 0.049422 0.203781 0.079204 0.013399 0.020005 0.260370 -0.059037 0.056073 0.139969 0.543120 0.477688 -0.020609 0.068337 0.159464 0.160394 -0.140415 -0.199615 0.185533 0.205363 0.345601 0.408924 -0.041228 0.147745 -0.290023 -0.156981 -0.275173 -0.185322 -0.300207 -0.132609 -0.540125 -0.474978 -0.467953 -0.327404 -0.583605 -0.420550 -0.405448 -0.454053 -0.087404 -0.505573 -0.214956 -0.217880 -0.120193 -0.302920 0.093549 -0.040007 0.188970 -0.204240 0.429229 0.102047 0.038799 0.084963 0.625887 0.197216 -0.139869 0.045930 0.082006 0.100923 -0.181523 -0.157680 -0.175250 -0.092542 -0.114700 -0.142109 -0.270429 -0.165694 -0.031445 0.005807 -0.031327 -0.004983 -0.154391 -0.261490 -0.136578 0.163959 -0.177836 -0.162713 0.457425 0.220726 -0.180536 0.186270 0.261659 0.466642 -0.034377 -0.212866 -0.373936 -0.049012 -0.454497 -0.183886 0.136514 0.054337 0.109462 -0.272320 -0.274363 -0.374560 -0.312686 -0.399075 -0.147790 -0.182484 -0.228891 -0.316460 -0.140039 0.142459 -0.036286 -0.102237
-0.214897 -0.341632 0.458888 1.000000 0.251976 0.589915 0.089460 0.521850 0.147760 0.456652 -0.095609 0.026596 -0.204842 -0.114377 0.020785 0.046076 -0.256095 -0.155483 -0.092281 -0.308514 -0.133993 0.018612 0.588097 0.747046 0.251311 0.397747 0.512478 0.585054 -0.540490 -0.542107 0.249470 0.468863 0.020412 0.307419 0.324649 0.255846 -0.522287 -0.374084 -0.127681 -0.299680 -0.482881 -0.212427 -0.487237 -0.383324 -0.553496 -0.208688 -0.489030 -0.394351 -0.280430 -0.502829 0.127921 -0.384520 -0.088417 -0.113007 0.127199 -0.247706 -0.109386 -0.169995 0.015842 -0.007101 -0.009488 0.055639 -0.170269 -0.125178 0.433149 0.442023 -0.036352 0.337918 0.095160 0.016621 -0.419901 -0.108073 -0.590199 -0.248286 -0.390832 -0.078824 -0.321435 -0.218212 -0.184657 -0.041600 -0.411727 -0.226026 -0.249684 -0.367069 -0.070001 0.635498 -0.105200 0.022198 0.606185 0.524608 -0.079533 -0.117387 0.608980 0.311833 0.050056 -0.302574 -0.149273 -0.060616 -0.313298 -0.243712 0.502801 0.027871 0.300096 -0.279154 0.177554 -0.125209 -0.140530 -0.230469 -0.097038 -0.472262 -0.292769 -0.279517 -0.356929 0.133811 -0.004032 -0.095812
-0.026395 -0.186984 0.306257 0.251976 1.000000 0.324045 0.283796 0.233208 0.405134 0.459874 0.109780 0.242370 0.168677 0.259679 0.430538 0.381932 0.017205 0.040879 -0.111412 -0.339806 0.110791 0.124498 0.261533 0.236392 0.112819 0.135848 0.276698 0.105317 0.189327 0.031119 0.039606 0.090978 -0.032866 0.001634 -0.175671 0.134506 -0.179966 -0.245329 -0.260719 -0.469222 -0.165327 -0.359701 -0.173737 -0.144658 -0.062244 -0.112068 -0.082235 -0.110515 0.082056 -0.074971 0.217808 0.000620 0.204219 0.104374 0.071912 -0.197909 -0.220543 0.032383 0.178889 -0.205817 0.181935 -0.032018 0.003721 -0.109113 0.327104 0.224758 -0.187191 -0.160547 -0.120128 -0.025833 0.040208 0.033447 0.005217 -0.011380 -0.006414 0.018217 -0.173789 -0.298134 0.042715 0.158274 0.079089 0.153306 -0.082194 -0.115678 0.035636 0.243199 -0.090390 -0.109295 0.331098 0.061056 -0.075910 -0.047849 0.058020 0.301080 -0.043109 -0.299257 -0.135273 -0.235056 -0.204065 -0.321404 0.110625 -0.032988 -0.036398 -0.273662 -0.203192 -0.254280 -0.068224 -0.226635 -0.262032 -0.298761 -0.338400 -0.319242 -0.117929 0.067730 -0.135099 -0.012358
-0.323661 -0.316866 0.164854 0.589915 0.324045 1.000000 -0.186173 0.188364 -0.015328 0.547412 -0.219181 0.004048 -0.369115 0.000801 0.109107 -0.044458 -0.380762 -0.218627 -0.165390 -0.299650 0.001131 0.112257 0.462835 0.552784 0.574854 0.689195 0.712212 0.764544 -0.390638 -0.521693 -0.022330 0.331801 -0.167897 0.020706 0.222178 0.270375 -0.497300 -0.461219 -0.090255 -0.333673 -0.396074 -0.363831 -0.194335 -0.129983 -0.227821 -0.038149 -0.134196 -0.128209 -0.001454 -0.191880 0.257688 -0.075602 -0.006688 -0.002320 0.146912 0.017475 -0.220300 -0.164508 -0.015873 0.159915 -0.155698 -0.067981 -0.339089 -0.299357 0.145204 0.322304 0.155038 0.271835 0.081780 0.098650 -0.379426 -0.052754 -0.519574 -0.177531 -0.305927 -0.130778 -0.294551 -0.253852 -0.083131 0.014706 -0.380995 -0.142210 -0.349698 -0.343843 -0.036241 0.341286 -0.194759 0.023553 0.425954 0.422335 0.008569 -0.104117 0.333365 0.227826 0.127774 -0.329383 0.063543 -0.063690 -0.116865 -0.269895 0.392508 0.001026 0.222621 -0.045288 0.143400 -0.083040 0.137346 -0.185449 -0.123581 -0.401893 -0.126392 -0.223413 -0.244329 0.133233 -0.152630 -0.151761
0.266727 -0.185426 0.683416 0.089460 0.283796 -0.186173 1.000000 0.543452 0.542570 0.140436 0.158631 0.166674 0.521954 0.293357 0.333702 0.350011 0.024800 0.008857 0.241886 -0.110827 0.146363 0.082886 0.178903 0.125337 -0.341305 -0.304764 -0.223931 -0.270450 0.173328 0.112705 0.074971 -0.115338 0.459883 0.346823 -0.239705 0.177969 -0.005507 0.026582 -0.216954 -0.108160 -0.087822 -0.102783 -0.262784 -0.221272 -0.127296 -0.106998 -0.337005 -0.141744 -0.313298 -0.129525 -0.174214 -0.248791 -0.219124 -0.092925 -0.321045 -0.228224 -0.153398 -0.103086 0.066281 -0.469894 0.409347 0.105652 0.056212 0.129182 0.527668 0.205281 -0.470853 -0.153168 -0.202636 0.020843 -0.044848 -0.127392 0.147300 -0.083725 -0.071988 -0.009948 -0.168591 -0.139528 0.039508 -0.029839 0.058249 0.032453 0.068805 -0.043550 -0.029088 0.026648 -0.058365 -0.074510 0.181222 -0.104347 -0.156250 0.177132 0.107620 0.293258 -0.068412 -0.041620 -0.320158 -0.073203 -0.359937 -0.111305 -0.104234 -0.129241 -0.059950 -0.435067 -0.503331 -0.362827 -0.357732 -0.329926 -0.023903 -0.007284 -0.186616 -0.160326 -0.104516 -0.003139 -0.092118 -0.019743
-0.016422 -0.339796 0.481625 0.521850 0.233208 0.188364 0.543452 1.000000 0.498463 0.497135 0.087040 0.311075 0.375146 0.445206 0.133125 0.428738 -0.030087 -0.002105 -0.023854 -0.300110 -0.086898 -0.088862 0.163895 0.401907 -0.127825 -0.001850 -0.097418 -0.035412 -0.168680 -0.137110 -0.055184 0.019866 0.400268 0.527371 -0.008712 0.356323 -0.278986 -0.256610 -0.217486 -0.139927 -0.210866 -0.113934 -0.423746 -0.282282 -0.412060 -0.090887 -0.514771 -0.291367 -0.562472 -0.424645 -0.138857 -0.442997 -0.241197 -0.182724 -0.204976 -0.413791 -0.112382 -0.244811 -0.092119 -0.389852 0.311495 0.327145 0.034469 0.209212 0.376398 0.592382 -0.399530 0.203160 -0.145140 -0.015573 -0.310518 -0.181308 -0.155144 -0.181498 -0.288301 -0.014904 -0.234236 -0.116164 -0.101781 -0.166140 -0.156665 -0.093920 -0.072280 -0.316710 -0.256270 0.210791 -0.188796 -0.169887 0.264920 0.068242 -0.252740 -0.092181 0.431806 0.320332 0.062698 -0.129861 -0.297646 -0.018789 -0.456530 -0.210017 0.324489 -0.029815 0.381597 -0.325612 -0.098302 -0.291727 -0.199680 -0.319595 -0.126367 -0.201644 -0.199199 -0.349105 -0.253084 0.090075 -0.120681 -0.145069
0.012072 -0.175410 0.318009 0.147760 0.405134 -0.015328 0.542570 0.498463 1.000000 0.441983 0.275018 0.500207 0.447510 0.483422 0.449451 0.515206 -0.055061 0.074322 -0.316644 -0.406192 -0.034740 -0.069104 0.123695 0.053579 -0.269436 -0.153245 -0.152023 -0.149951 0.126648 0.029597 0.004350 -0.163652 0.079298 0.179140 0.020501 0.285262 0.094841 -0.096197 -0.032873 -0.204962 0.070534 -0.022751 -0.235024 -0.090859 -0.186609 -0.014269 -0.295496 -0.168650 -0.273941 -0.228719 0.157309 -0.168510 -0.043068 -0.028282 -0.008924 -0.435580 -0.320861 -0.059330 0.182446 -0.413670 0.433008 0.217935 -0.034847 0.109875 0.487794 0.463942 -0.537201 -0.080970 -0.383150 -0.009704 -0.054621 -0.151578 -0.006021 -0.055810 -0.174624 0.058148 -0.032150 -0.139023 0.147492 -0.077962 -0.015947 0.148270 0.000883 -0.193570 0.057669 0.280716 -0.141128 -0.143200 0.364879 -0.028614 -0.307078 -0.207997 0.157191 0.282161 -0.105665 -0.027966 -0.362607 -0.130748 -0.493886 -0.416155 0.134572 -0.137841 0.013048 -0.414636 -0.367149 -0.259867 -0.128452 -0.136288 -0.158938 -0.112212 -0.266698 -0.402904 -0.394039 -0.052100 -0.058389 0.174628
-0.228613 -0.243596 0.246972 0.456652 0.459874 0.547412 0.140436 0.497135 0.441983 1.000000 -0.010473 0.207347 0.103789 0.357174 0.319721 0.416140 -0.177317 -0.008921 -0.209593 -0.328754 -0.060866 -0.070320 0.239356 0.354359 0.096374 0.305189 0.317555 0.284789 -0.015064 -0.024454 -0.110617 0.130011 -0.032057 0.215536 0.093761 0.147631 -0.079057 -0.269600 -0.052077 -0.198446 -0.024356 -0.083848 -0.414690 -0.347646 -0.387051 -0.254667 -0.390828 -0.446423 -0.313913 -0.392252 0.085468 -0.316810 -0.064062 -0.181637 0.080964 -0.312397 -0.220678 -0.118759 0.015428 -0.145840 0.098158 0.207960 0.009932 0.097183 0.318647 0.362218 -0.279700 -0.021269 -0.108019 0.072249 -0.273243 -0.089204 -0.166347 0.043290 -0.184387 0.095043 0.009271 -0.063169 0.170711 0.154044 0.026434 0.186132 0.002692 -0.103223 0.137061 0.352915 -0.002200 0.014005 0.459133 0.352299 -0.222391 -0.328831 0.250558 0.168836 -0.011880 -0.260280 -0.277254 -0.101402 -0.412155 -0.407288 0.249589 0.038832 0.233710 -0.198346 -0.036366 -0.125708 -0.015038 -0.146410 -0.202144 -0.287363 -0.370303 -0.407468 -0.277879 -0.026553 -0.080812 0.015624
0.242574 0.164079 -0.011588 -0.095609 0.109780 -0.219181 0.158631 0.087040 0.275018 -0.010473 1.000000 0.534634 0.459644 0.331584 0.497477 0.341685 0.244788 0.237352 -0.056046 -0.137586 -0.139216 -0.166476 -0.040423 -0.189857 -0.295710 -0.314480 -0.175376 -0.154384 0.249865 0.041490 -0.070234 -0.273725 0.094647 -0.158759 -0.163961 -0.188644 0.008805 0.080646 -0.029183 -0.094681 -0.086113 0.005065 -0.072256 -0.055009 -0.022935 -0.115323 -0.066271 -0.103335 -0.026143 -0.098922 0.132839 0.033275 0.086186 0.020709 0.171953 -0.108091 -0.064270 0.068436 0.053510 -0.080310 0.195283 0.305385 0.134434 0.183449 0.037156 0.124611 -0.178985 -0.197884 -0.151744 -0.199847 0.055634 -0.086438 0.017052 -0.063139 -0.076396 0.100705 0.075657 -0.057176 -0.010142 0.042275 0.016644 -0.040469 0.353648 0.074486 0.176725 -0.070421 0.352412 0.075402 0.209346 0.037478 -0.062784 0.002773 0.075606 0.212823 0.070569 0.138123 -0.058346 -0.001862 -0.121727 -0.109141 -0.034671 0.050907 -0.029829 -0.233762 -0.033625 -0.041468 -0.027106 -0.021674 0.145349 -0.049106 -0.207655 -0.123939 0.109133 -0.047275 -0.005664 0.217128
0.004113 0.169042 -0.043976 0.026596 0.242370 0.004048 0.166674 0.311075 0.500207 0.207347 0.534634 1.000000 0.515587 0.719449 0.538706 0.555071 0.091234 0.167866 -0.295582 -0.413277 -0.062484 -0.235491 -0.102199 -0.113312 -0.192474 -0.160549 -0.123795 -0.078626 0.255207 0.065137 -0.170747 -0.390584 0.030724 -0.074463 -0.286495 0.182512 -0.056082 -0.061234 -0.035643 -0.272528 -0.030476 -0.114421 -0.141028 -0.081687 -0.098582 -0.019513 -0.193883 -0.130352 -0.107774 -0.157193 0.292055 -0.014279 0.068403 -0.055653 0.137817 -0.246222 -0.356802 0.023914 0.082901 -0.190020 0.364530 0.481608 0.002603 0.288395 0.127256 0.483195 -0.305280 -0.145440 -0.287879 -0.121818 0.004228 -0.116319 0.111476 -0.029214 -0.023311 0.127917 -0.052983 -0.126566 0.038148 0.028670 0.045680 0.005427 0.217052 -0.115002 0.180182 0.103476 0.144791 -0.011510 0.270219 0.091902 -0.181880 -0.342792 0.082253 0.116318 -0.010388 0.128089 -0.166383 -0.028248 -0.274475 -0.364438 0.201123 -0.013722 0.148567 -0.141338 -0.132824 -0.278856 0.010426 -0.098638 -0.094882 -0.097358 -0.236893 -0.396253 -0.241364 0.036188 -0.004336 0.213843
0.227668 0.115911 0.198152 -0.204842 0.168677 -0.369115 0.521954 0.375146 0.447510 0.103789 0.459644 0.515587 1.000000 0.653700 0.344131 0.617969 0.331214 0.308195 0.054791 -0.156198 0.057552 -0.123281 -0.262551 -0.256002 -0.506979 -0.470184 -0.379715 -0.409532 0.428371 0.329514 -0.174577 -0.433490 0.479618 0.107056 -0.433074 0.044038 0.248906 0.160583 -0.029108 -0.059715 0.214566 0.103120 -0.198781 -0.160260 -0.017697 -0.126619 -0.308669 -0.167853 -0.259248 -0.113017 -0.203956 -0.166806 -0.182639 -0.245033 0.033851 -0.261123 -0.041685 0.114659 0.036778 -0.294670 0.494716 0.454659 0.329474 0.441415 0.048239 0.218888 -0.299335 -0.282937 -0.136522 -0.010388 0.064452 -0.067929 0.443519 0.105076 0.100113 0.094012 0.044152 0.011401 0.110821 0.108484 0.388518 0.242096 0.439831 0.108834 -0.007973 -0.216165 0.263778 -0.041368 -0.029915 -0.088173 -0.218558 -0.146003 -0.120453 0.202268 -0.054159 0.114421 -0.288902 0.030438 -0.378303 -0.126692 -0.088936 0.025115 0.117219 -0.112523 -0.181499 -0.279110 -0.286297 -0.150762 -0.092277 0.065161 -0.183087 -0.211727 -0.037433 0.026257 0.082329 0.054276
0.017960 0.008000 0.049422 -0.114377 0.259679 0.000801 0.293357 0.445206 0.483422 0.357174 0.331584 0.719449 0.653700 1.000000 0.510414 0.607078 0.137958 0.149382 -0.158641 -0.322108 -0.060948 -0.158075 -0.061602 -0.074547 -0.134201 -0.090078 -0.224289 -0.138251 0.380162 0.207669 -0.233789 -0.404279 0.215311 0.143381 -0.399045 0.205895 0.066117 -0.044646 -0.089127 -0.111307 0.150314 -0.040320 -0.192249 -0.101377 -0.099927 -0.065824 -0.217872 -0.079440 -0.282180 -0.176020 0.068549 -0.143214 -0.039756 -0.154118 0.021753 -0.197201 -0.256354 -0.037691 -0.068383 -0.302531 0.364000 0.490356 0.054191 0.325308 0.094109 0.460739 -0.348918 -0.233631 -0.286455 -0.086100 0.024615 -0.089742 0.301889 0.064258 0.131102 0.097318 -0.027584 -0.079647 0.113005 0.036147 0.197344 0.072288 0.221916 -0.108608 0.048190 -0.169460 0.104001 -0.056534 0.133856 0.002974 -0.230424 -0.296780 -0.060512 0.172901 0.091053 0.072244 -0.115930 0.037878 -0.326629 -0.272254 0.070575 -0.063661 0.096724 -0.110012 -0.227740 -0.250605 -0.050425 -0.215672 -0.178750 -0.003196 -0.127359 -0.395376 -0.179033 0.089813 -0.005302 0.055905
0.061995 0.090480 0.203781 0.020785 0.430538 0.109107 0.333702 0.133125 0.449451 0.319721 0.497477 0.538706 0.344131 0.510414 1.000000 0.572916 0.064967 0.235121 -0.035683 -0.237233 0.011755 -0.180683 0.262991 -0.009247 -0.036102 -0.012255 -0.001202 0.059286 0.381275 0.147108 -0.051783 -0.220506 -0.116973 -0.208426 -0.223986 -0.068396 -0.062015 0.019968 -0.006188 -0.347032 -0.037852 -0.122912 -0.061795 -0.101141 -0.081019 -0.259985 -0.043424 -0.074272 -0.017666 -0.094664 0.277385 0.027542 0.126655 0.034388 0.142802 -0.139256 -0.381600 0.083553 -0.053202 -0.190677 0.168928 0.192426 -0.067187 0.047993 0.268870 0.169076 -0.384837 -0.445977 -0.272605 -0.216555 0.221042 -0.028559 0.117421 0.216534 0.135368 0.220253 0.078401 -0.073617 0.214014 0.253478 0.084263 0.055066 0.233663 0.024245 0.330626 0.076592 0.153834 -0.012844 0.372635 0.130806 -0.154830 -0.150398 -0.044859 0.283548 -0.174191 -0.168457 -0.166757 -0.244870 -0.241902 -0.432342 -0.013410 -0.067715 -0.036572 -0.369923 -0.360507 -0.184486 0.096986 -0.063380 -0.278729 -0.228678 -0.353464 -0.419894 -0.261326 0.087035 0.068019 0.238070
0.009428 0.120414 0.079204 0.046076 0.381932 -0.044458 0.350011 0.428738 0.515206 0.416140 0.341685 0.555071 0.617969 0.607078 0.572916 1.000000 0.259713 0.469112 -0.028299 -0.180633 0.143473 -0.154500 -0.222141 -0.195237 -0.353771 -0.256279 -0.179950 -0.217511 0.371016 0.345875 -0.299872 -0.360315 0.231538 -0.052764 -0.260140 -0.030127 0.193827 0.113519 0.097434 -0.231869 0.180778 0.064898 -0.119888 -0.113355 -0.094647 -0.197168 -0.236475 -0.208381 -0.308529 -0.200083 -0.113123 -0.156195 -0.075811 -0.152260 0.096524 -0.376847 -0.172542 0.120316 -0.124514 -0.231423 0.282504 0.371949 0.256746 0.372302 0.032153 0.232065 -0.475037 -0.336389 -0.124446 -0.038535 0.073060 -0.003335 0.297433 0.270251 0.090435 0.366429 0.246857 0.144816 0.245338 0.211678 0.328016 0.317066 0.335609 0.206694 0.057368 0.072204 0.051073 -0.108960 0.080542 0.000464 -0.250013 -0.383592 -0.033518 0.053939 -0.254928 -0.112423 -0.355675 -0.202568 -0.429126 -0.390315 0.062935 -0.043909 0.228750 -0.205215 -0.143070 -0.250585 0.018391 -0.069836 -0.361177 -0.208447 -0.400147 -0.372797 -0.203676 0.031025 0.083775 0.174139
0.363475 0.272407 0.013399 -0.256095 0.017205 -0.380762 0.024800 -0.030087 -0.055061 -0.177317 0.244788 0.091234 0.331214 0.137958 0.064967 0.259713 1.000000 0.680913 0.220379 0.110329 0.041526 -0.090903 -0.273193 -0.287643 -0.313146 -0.374712 -0.295918 -0.283376 0.413220 0.388099 -0.129400 -0.244255 0.197801 -0.034152 -0.361982 -0.393837 0.199715 0.122224 -0.100146 -0.006127 0.214722 0.086577 -0.176510 -0.257034 -0.038961 -0.277425 -0.166699 -0.249653 -0.122932 -0.123743 -0.226812 -0.107917 0.138677 0.019274 0.152645 -0.304457 0.617638 0.579930 0.122359 -0.002618 0.392142 0.325798 0.695157 0.537014 -0.135952 -0.157649 -0.003874 -0.359680 0.128993 -0.174797 0.148645 0.139016 0.495499 0.205891 0.343710 0.193389 0.289104 0.099402 0.181800 0.153791 0.654485 0.365691 0.212412 0.144377 -0.237274 -0.379884 -0.025349 -0.256662 -0.117959 -0.170765 -0.078509 -0.090390 -0.302209 -0.034776 -0.058147 -0.085793 -0.302696 -0.050708 -0.085462 0.125641 -0.046435 0.138264 0.120840 0.128673 -0.024789 -0.158509 -0.087963 -0.119404 -0.165183 -0.054202 -0.336850 -0.146475 0.136339 0.001119 0.081162 -0.056420
0.224482 0.268700 0.020005 -0.155483 0.040879 -0.218627 0.008857 -0.002105 0.074322 -0.008921 0.237352 0.167866 0.308195 0.149382 0.235121 0.469112 0.680913 1.000000 0.215475 0.060780 0.148763 -0.032135 -0.302463 -0.376506 -0.341273 -0.271969 -0.183049 -0.168431 0.300660 0.369126 -0.305136 -0.290636 0.142982 -0.194426 -0.082463 -0.358908 0.264712 0.193968 0.089380 -0.091660 0.140089 0.099496 -0.093683 -0.124499 -0.075119 -0.247099 -0.202672 -0.272465 -0.215528 -0.131918 -0.179815 -0.113191 0.017984 -0.085148 0.264020 -0.404407 0.361263 0.614906 0.065686 0.107903 0.298950 0.281419 0.467848 0.553657 -0.157426 -0.178153 -0.126489 -0.361675 0.186694 -0.143951 0.079653 0.033988 0.341297 0.405316 0.236403 0.376569 0.527430 0.221720 0.254882 0.339101 0.506966 0.546970 0.181155 0.142183 -0.213865 -0.145093 -0.175522 -0.300344 -0.041570 -0.081604 -0.215002 -0.270760 -0.271220 -0.041980 -0.168700 -0.148488 -0.404738 -0.178966 -0.270393 -0.128662 0.139130 0.171613 0.283961 -0.010611 -0.028591 -0.178561 0.136560 0.037225 -0.241474 -0.295677 -0.449484 -0.269340 0.057950 0.095133 0.187220 0.111119
0.422627 0.028805 0.260370 -0.092281 -0.111412 -0.165390 0.241886 -0.023854 -0.316644 -0.209593 -0.056046 -0.295582 0.054791 -0.158641 -0.035683 -0.028299 0.220379 0.215475 1.000000 0.493493 0.091048 -0.025236 -0.094137 -0.094735 -0.162700 -0.217521 -0.032207 -0.144114 0.164867 0.215626 -0.035187 0.030318 0.418173 0.083086 -0.178335 -0.310893 0.055037 0.200046 -0.070694 -0.132311 -0.079048 -0.025102 -0.085415 -0.166386 -0.061950 -0.285838 -0.011916 -0.053923 -0.068930 -0.060608 -0.253371 -0.082807 0.059256 0.021980 -0.074011 -0.094311 0.329404 0.095990 -0.175402 0.057609 -0.060505 -0.138207 0.227834 0.163082 -0.097232 -0.437528 0.022384 -0.314218 0.427553 -0.175011 0.085133 0.033268 0.245991 0.271061 0.291902 0.238866 0.253118 0.275678 -0.019130 0.097724 0.239678 0.148460 0.200893 0.197242 -0.134065 -0.206059 0.002819 -0.122611 -0.268763 -0.104241 0.048797 0.353763 -0.104173 0.069138 -0.199062 -0.113508 -0.000609 -0.166869 0.152597 0.313538 -0.111201 0.190314 0.200748 0.052769 -0.000625 -0.177019 0.020372 -0.130090 -0.123589 -0.053840 -0.142610 -0.043509 0.316376 0.110255 0.060786 -0.072113
0.376583 0.461647 -0.059037 -0.308514 -0.339806 -0.299650 -0.110827 -0.300110 -0.406192 -0.328754 -0.137586 -0.413277 -0.156198 -0.322108 -0.237233 -0.180633 0.110329 0.060780 0.493493 1.000000 0.077283 0.018986 -0.290487 -0.258198 -0.287310 -0.313831 -0.240813 -0.277469 0.000350 0.211328 -0.226995 -0.135055 0.092958 -0.046597 -0.166388 -0.411912 0.152278 0.380890 0.129618 0.291381 0.189637 0.356393 0.073618 -0.088456 -0.009609 -0.260803 0.086269 -0.083756 -0.049230 -0.052021 -0.382149 -0.101869 0.014542 -0.085342 -0.088711 -0.025848 0.392009 0.217127 -0.018916 0.240238 -0.046119 -0.102948 0.156548 0.116108 -0.337575 -0.577887 0.116105 -0.185276 0.407854 0.283147 0.152732 0.010062 0.107588 0.247192 0.372085 0.147063 0.262375 0.536163 -0.071945 0.028257 0.125950 0.083372 0.099236 0.424986 -0.087867 -0.255202 0.001668 -0.041327 -0.394549 -0.116379 0.186556 0.317476 -0.227952 -0.195488 -0.292476 0.027253 -0.056518 -0.122719 0.153277 0.202849 -0.371756 0.119264 -0.117458 0.273326 0.067465 0.186275 0.030146 0.181376 -0.047502 0.309710 0.227088 0.281294 0.370272 -0.026178 -0.007251 0.160981
-0.004838 0.101870 0.056073 -0.133993 0.110791 0.001131 0.146363 -0.086898 -0.034740 -0.060866 -0.139216 -0.062484 0.057552 -0.060948 0.011755 0.143473 0.041526 0.148763 0.091048 0.077283 1.000000 0.489646 -0.202017 -0.111519 -0.001926 -0.030403 0.106848 -0.033733 0.054280 0.080544 -0.160027 -0.073658 0.072040 -0.117645 -0.204018 0.031779 0.104012 0.141346 0.041904 0.005101 -0.002830 0.036559 0.054612 0.086846 0.109080 0.031286 -0.018244 0.083019 -0.016332 0.102826 -0.116682 0.005669 -0.099284 -0.085081 -0.122958 0.070712 -0.054780 0.152041 -0.047771 -0.033144 0.066994 -0.034826 0.149376 0.078032 -0.128751 -0.096743 -0.137155 -0.026183 0.066962 0.301149 0.380552 0.151350 0.144335 0.172800 0.140032 0.202458 0.036949 0.114598 0.166888 0.141173 0.189076 0.140700 -0.022373 0.013941 0.007164 0.051310 -0.065061 0.004138 -0.196044 0.054987 0.051937 0.057048 -0.080948 -0.160535 -0.141389 -0.013702 -0.122473 -0.075857 -0.155034 -0.058748 0.000872 -0.102626 -0.036912 -0.030886 -0.132932 -0.132325 -0.053976 -0.021532 -0.015229 0.042245 0.101296 0.058715 -0.078030 0.030989 0.027466 0.043912
-0.035182 -0.005495 0.139969 0.018612 0.124498 0.112257 0.082886 -0.088862 -0.069104 -0.070320 -0.166476 -0.235491 -0.123281 -0.158075 -0.180683 -0.154500 -0.090903 -0.032135 -0.025236 0.018986 0.489646 1.000000 0.090567 0.239988 0.154835 0.207525 0.242096 0.209946 -0.167445 -0.209451 0.033845 0.172287 0.030428 0.077655 0.095144 0.181598 -0.131034 -0.071799 -0.126675 0.225943 -0.225578 -0.015788 -0.129523 0.038683 0.038419 0.192582 -0.092551 0.075244 0.046932 0.089906 -0.001635 0.001428 -0.017334 0.029863 -0.014838 0.212363 -0.015990 0.057564 0.097939 -0.022694 0.000470 -0.145495 -0.064924 -0.126562 0.038210 -0.035928 0.124581 0.294558 -0.010562 0.201488 0.156595 0.276684 -0.084661 -0.199528 -0.103627 -0.062136 -0.276502 -0.170496 -0.133143 -0.133575 -0.145587 -0.153546 -0.183549 -0.133012 -0.192391 -0.010021 -0.094609 0.117656 0.079360 0.102760 0.048072 0.037874 0.010321 -0.027945 0.232436 0.128704 0.073370 0.169679 -0.053618 0.041539 -0.005813 -0.078587 -0.239763 -0.111651 -0.186467 -0.249406 -0.245119 -0.253053 0.171700 0.158532 0.241268 0.258292 0.011817 0.046191 -0.169627 -0.124751
-0.117912 -0.395295 0.543120 0.588097 0.261533 0.462835 0.178903 0.163895 0.123695 0.239356 -0.040423 -0.102199 -0.262551 -0.061602 0.262991 -0.222141 -0.273193 -0.302463 -0.094137 -0.290487 -0.202017 0.090567 1.000000 0.759137 0.497592 0.540292 0.504252 0.611955 -0.343757 -0.509038 0.521849 0.538762 -0.215831 0.248143 0.292331 0.217777 -0.525200 -0.309326 -0.237943 -0.181886 -0.405437 -0.240596 -0.352128 -0.292168 -0.356172 -0.234627 -0.214474 -0.197135 -0.017231 -0.279115 0.346217 -0.189805 0.046462 0.054571 0.090911 0.057184 -0.225132 -0.181716 0.084368 -0.033489 -0.036088 -0.114511 -0.316599 -0.388770 0.645067 0.211479 0.076268 0.124561 -0.194706 -0.052044 -0.160795 0.046729 -0.472871 -0.261303 -0.183068 -0.233547 -0.451130 -0.361607 -0.177791 -0.065421 -0.459847 -0.402111 -0.259781 -0.384020 0.082165 0.257192 -0.023031 0.019176 0.689148 0.487061 -0.029090 0.114579 0.372294 0.476447 0.179742 -0.212594 0.041455 -0.029326 -0.132388 -0.225438 0.151176 -0.072814 -0.139365 -0.257833 -0.135091 -0.055407 -0.188381 -0.301853 0.005037 -0.244607 -0.111244 -0.233340 -0.254794 0.062949 -0.030365 -0.121857
-0.220885 -0.440673 0.477688 0.747046 0.236392 0.552784 0.125337 0.401907 0.053579 0.354359 -0.189857 -0.113312 -0.256002 -0.074547 -0.009247 -0.195237 -0.287643 -0.376506 -0.094735 -0.258198 -0.111519 0.239988 0.759137 1.000000 0.464025 0.574787 0.484993 0.590567 -0.474920 -0.572136 0.436148 0.616003 -0.009393 0.517408 0.258659 0.363323 -0.623213 -0.505040 -0.393776 -0.160256 -0.518526 -0.258098 -0.442160 -0.328912 -0.436994 -0.150660 -0.340995 -0.218544 -0.117432 -0.342308 0.266645 -0.249253 0.024515 0.065616 -0.000022 0.038160 -0.143012 -0.270063 0.032881 -0.098663 -0.040100 -0.094158 -0.263448 -0.273260 0.506618 0.326389 0.078827 0.385278 -0.107654 0.050854 -0.273870 0.123815 -0.497227 -0.385400 -0.367829 -0.256573 -0.587657 -0.398677 -0.312019 -0.154592 -0.504546 -0.443726 -0.332108 -0.448304 -0.121186 0.347941 -0.083620 0.074292 0.545686 0.459602 0.005422 0.085125 0.514012 0.392234 0.307258 -0.149461 0.039947 0.112549 -0.098559 -0.081404 0.293132 -0.020128 0.051193 -0.219473 -0.002286 -0.215321 -0.260947 -0.443187 0.093224 -0.224621 -0.033113 -0.143369 -0.184913 0.145228 -0.131295 -0.237369
-0.350557 -0.284640 -0.020609 0.251311 0.112819 0.574854 -0.341305 -0.127825 -0.269436 0.096374 -0.295710 -0.192474 -0.506979 -0.134201 -0.036102 -0.353771 -0.313146 -0.341273 -0.162700 -0.287310 -0.001926 0.154835 0.497592 0.464025 1.000000 0.843786 0.532100 0.599659 -0.250239 -0.381585 0.399251 0.548386 -0.342209 0.066749 0.251396 0.274692 -0.459254 -0.366872 -0.072559 -0.182451 -0.290158 -0.182904 -0.001348 0.031852 -0.054866 0.065949 0.094016 0.138160 0.176110 0.054510 0.386215 0.097426 0.102709 0.100864 0.089700 0.233789 -0.223894 -0.190320 -0.158731 0.126299 -0.297218 -0.251674 -0.367587 -0.420813 0.097125 0.087956 0.207997 0.241375 -0.092999 -0.093682 0.068871 0.258681 -0.293375 -0.054045 -0.030946 -0.145829 -0.315824 -0.310754 0.025887 -0.006765 -0.395912 -0.377957 -0.381998 -0.389936 0.001352 0.057199 -0.152162 0.018236 0.179248 0.255967 0.113634 0.056128 0.165330 0.164894 0.177310 -0.195785 0.282360 -0.035474 0.151435 -0.102569 0.184465 0.063399 -0.012978 0.086744 0.130069 0.051304 0.138032 -0.081430 -0.058792 -0.215587 0.167253 -0.059949 -0.168953 0.171578 -0.009836 -0.233790
-0.428055 -0.388216 0.068337 0.397747 0.135848 0.689195 -0.304764 -0.001850 -0.153245 0.305189 -0.314480 -0.160549 -0.470184 -0.090078 -0.012255 -0.256279 -0.374712 -0.271969 -0.217521 -0.313831 -0.030403 0.207525 0.540292 0.574787 0.843786 1.000000 0.565354 0.662946 -0.322324 -0.404667 0.335308 0.622097 -0.339852 0.152573 0.338060 0.397139 -0.473141 -0.294195 -0.038993 -0.098995 -0.273163 -0.154053 -0.110078 -0.011200 -0.206021 0.050201 -0.044178 0.037811 0.032684 -0.097939 0.365657 -0.022323 0.052869 0.048233 0.113253 0.180079 -0.276088 -0.230174 -0.137499 0.070612 -0.271209 -0.288286 -0.394194 -0.427904 0.141582 0.150941 0.137552 0.303995 -0.117851 -0.075972 -0.091598 0.141893 -0.380499 -0.105443 -0.110449 -0.156280 -0.296021 -0.250255 0.083401 0.097784 -0.387143 -0.268667 -0.365777 -0.308557 -0.005598 0.197629 -0.176802 0.038744 0.322976 0.368024 -0.061484 -0.094429 0.220595 0.145035 0.198806 -0.137762 0.143881 0.042414 -0.034734 -0.240376 0.226584 0.010267 0.044436 -0.004630 0.081098 -0.029015 0.126463 -0.129221 -0.048530 -0.201163 0.135483 -0.162061 -0.259550 0.079130 -0.013510 -0.194747
-0.279443 -0.206434 0.159464 0.512478 0.276698 0.712212 -0.223931 -0.097418 -0.152023 0.317555 -0.175376 -0.123795 -0.379715 -0.224289 -0.001202 -0.179950 -0.295918 -0.183049 -0.032207 -0.240813 0.106848 0.242096 0.504252 0.484993 0.532100 0.565354 1.000000 0.834558 -0.343007 -0.518337 0.182111 0.446112 -0.242306 -0.060377 0.307206 0.088464 -0.492843 -0.403164 -0.135169 -0.361589 -0.474486 -0.344027 -0.192063 -0.130550 -0.136314 -0.027441 -0.100519 -0.107933 0.165257 -0.068533 0.280616 0.000057 0.062388 0.000123 0.267991 0.076296 -0.140648 -0.022042 0.091760 0.273059 -0.236838 -0.146397 -0.256121 -0.341159 0.155259 0.078786 0.328523 0.212014 0.169312 0.057843 -0.271648 -0.002675 -0.471707 -0.172712 -0.292543 -0.171576 -0.304244 -0.302853 -0.062693 0.114191 -0.288283 -0.159930 -0.234058 -0.271772 0.000925 0.319585 -0.051374 -0.002645 0.446265 0.514149 0.060241 0.016922 0.296085 0.174091 0.073847 -0.296305 0.183230 -0.124135 -0.015596 -0.132943 0.295589 0.078910 0.142017 -0.045718 0.224023 0.008012 0.020088 -0.136128 -0.022920 -0.368983 -0.163292 -0.083301 -0.086998 0.053920 -0.093202 -0.116672
-0.287419 -0.215407 0.160394 0.585054 0.105317 0.764544 -0.270450 -0.035412 -0.149951 0.284789 -0.154384 -0.078626 -0.409532 -0.138251 0.059286 -0.217511 -0.283376 -0.168431 -0.144114 -0.277469 -0.033733 0.209946 0.611955 0.590567 0.599659 0.662946 0.834558 1.000000 -0.490297 -0.658362 0.153294 0.400713 -0.235000 0.026795 0.358361 0.154451 -0.549870 -0.444978 -0.056497 -0.183067 -0.468429 -0.300976 -0.265008 -0.180743 -0.302709 -0.075217 -0.172759 -0.165499 0.059588 -0.224906 0.366179 -0.094940 0.062159 0.005186 0.332717 0.103657 -0.105636 -0.045117 0.068411 0.243155 -0.180791 -0.059695 -0.336057 -0.322223 0.165018 0.173272 0.316317 0.295950 0.132580 0.079313 -0.342427 -0.063790 -0.563007 -0.238379 -0.317337 -0.213437 -0.328274 -0.323567 -0.098259 0.006911 -0.418902 -0.283017 -0.311442 -0.384184 -0.082684 0.287579 -0.131836 0.014452 0.521409 0.581743 0.047981 -0.064800 0.355245 0.225203 0.199874 -0.243164 0.182106 0.008793 -0.056095 -0.169473 0.365737 0.009908 0.134441 -0.070166 0.187564 0.019870 0.044671 -0.132840 -0.026513 -0.351162 -0.053476 -0.110115 -0.169727 0.159721 -0.028399 -0.104947
0.213565 0.166600 -0.140415 -0.540490 0.189327 -0.390638 0.173328 -0.168680 0.126648 -0.015064 0.249865 0.255207 0.428371 0.380162 0.381275 0.371016 0.413220 0.300660 0.164867 0.000350 0.054280 -0.167445 -0.343757 -0.474920 -0.250239 -0.322324 -0.343007 -0.490297 1.000000 0.807353 -0.016068 -0.246314 0.049128 -0.122827 -0.491356 -0.304781 0.526029 0.246829 0.029104 -0.061303 0.398475 0.039152 0.064461 -0.049122 0.224565 -0.158518 0.076520 -0.009500 0.091123 0.150181 -0.112862 0.111534 0.130510 -0.031464 -0.030930 -0.124571 -0.043601 0.150135 -0.094317 -0.215622 0.203348 0.105681 0.389798 0.297456 -0.074633 -0.255613 -0.239382 -0.580511 -0.234227 -0.349210 0.448513 0.175134 0.814530 0.350185 0.474486 0.296610 0.343419 0.097836 0.390181 0.318798 0.678561 0.432947 0.492353 0.456946 0.360201 -0.315493 0.274920 0.074877 -0.230131 -0.385951 -0.153886 -0.133177 -0.464229 -0.141284 -0.213190 0.108384 -0.191108 -0.131831 -0.050431 -0.064284 -0.281523 0.090765 -0.234164 0.001149 -0.281801 -0.093535 0.072076 0.055921 -0.163538 0.142717 -0.287448 -0.197361 0.060864 -0.181471 0.024982 0.104811
0.179019 0.276190 -0.199615 -0.542107 0.031119 -0.521693 0.112705 -0.137110 0.029597 -0.024454 0.041490 0.065137 0.329514 0.207669 0.147108 0.345875 0.388099 0.369126 0.215626 0.211328 0.080544 -0.209451 -0.509038 -0.572136 -0.381585 -0.404667 -0.518337 -0.658362 0.807353 1.000000 -0.103833 -0.288722 0.085615 -0.132041 -0.426205 -0.353555 0.662040 0.467223 0.163250 0.095039 0.558221 0.253325 0.157133 0.027608 0.193179 -0.145202 0.102466 -0.006857 -0.041105 0.148142 -0.301814 0.035172 0.038247 -0.077115 -0.119971 -0.177984 0.045372 0.226425 -0.191654 -0.198081 0.077493 0.009679 0.375323 0.366176 -0.153053 -0.381664 -0.328553 -0.548687 -0.142154 -0.273313 0.391720 0.140743 0.844285 0.505375 0.567953 0.377220 0.534483 0.300049 0.446857 0.395028 0.723123 0.575660 0.442731 0.603443 0.330536 -0.244463 0.209191 -0.003003 -0.392760 -0.422224 -0.191625 -0.203530 -0.564511 -0.348981 -0.292150 0.117822 -0.230345 -0.134246 -0.061141 -0.038787 -0.352968 0.043235 -0.161711 0.039172 -0.198178 -0.035233 0.080200 0.208169 -0.194203 0.173220 -0.218000 -0.113672 0.083098 -0.198718 0.140035 0.140417
-0.207783 -0.268043 0.185533 0.249470 0.039606 -0.022330 0.074971 -0.055184 0.004350 -0.110617 -0.070234 -0.170747 -0.174577 -0.233789 -0.051783 -0.299872 -0.129400 -0.305136 -0.035187 -0.226995 -0.160027 0.033845 0.521849 0.436148 0.399251 0.335308 0.182111 0.153294 -0.016068 -0.103833 1.000000 0.755720 -0.140671 0.387822 0.241240 0.211810 -0.124860 -0.178534 -0.119792 -0.127215 -0.085165 -0.063376 -0.128883 -0.047203 -0.066291 0.003203 -0.053626 0.057149 0.070031 0.012366 0.135539 -0.068426 -0.034925 0.032839 -0.017551 0.078183 -0.197324 -0.134923 -0.137312 -0.190096 -0.167318 -0.288121 -0.105963 -0.257676 0.429277 -0.020937 -0.037365 0.126491 -0.257730 -0.272119 0.081167 0.343008 -0.094509 -0.158566 0.026385 -0.060568 -0.220864 -0.275857 -0.048648 0.040569 -0.216038 -0.267389 -0.010418 -0.114153 0.195087 0.156756 0.161715 0.128607 0.253655 0.030109 -0.151509 0.093370 0.081794 0.131004 0.121463 0.018309 0.078323 0.061468 0.047935 0.037567 -0.016578 0.060108 -0.168423 -0.183713 0.006113 -0.002199 -0.179483 -0.142211 0.152029 -0.061833 -0.071613 -0.102456 -0.213525 -0.076817 0.064046 -0.115940
-0.319875 -0.434721 0.205363 0.468863 0.090978 0.331801 -0.115338 0.019866 -0.163652 0.130011 -0.273725 -0.390584 -0.433490 -0.404279 -0.220506 -0.360315 -0.244255 -0.290636 0.030318 -0.135055 -0.073658 0.172287 0.538762 0.616003 0.548386 0.622097 0.446112 0.400713 -0.246314 -0.288722 0.755720 1.000000 -0.159845 0.462069 0.415826 0.224900 -0.303832 -0.323371 -0.166577 -0.145482 -0.257875 -0.138503 -0.242716 -0.177452 -0.224151 -0.076814 -0.148809 -0.097445 0.005713 -0.147097 0.131284 -0.146093 0.034369 0.053583 0.058353 0.053582 -0.076344 -0.224921 -0.129438 -0.048549 -0.274301 -0.356844 -0.131053 -0.320598 0.315020 -0.048094 0.101571 0.273146 -0.036698 -0.158144 -0.103054 0.302540 -0.343604 -0.200199 -0.157374 -0.068418 -0.260997 -0.202078 -0.074391 0.089217 -0.324835 -0.236724 -0.165766 -0.148385 -0.010728 0.275696 -0.046811 0.073976 0.264449 0.214697 -0.084684 0.125651 0.288106 0.112547 0.139685 -0.131023 0.012471 0.031238 0.007774 0.029662 0.182417 0.155486 0.040329 -0.084546 0.185609 -0.016065 -0.084010 -0.193800 0.138463 -0.199257 -0.086170 -0.074353 -0.153714 -0.080561 0.039739 -0.212550
0.218941 -0.046023 0.345601 0.020412 -0.032866 -0.167897 0.459883 0.400268 0.079298 -0.032057 0.094647 0.030724 0.479618 0.215311 -0.116973 0.231538 0.197801 0.142982 0.418173 0.092958 0.072040 0.030428 -0.215831 -0.009393 -0.342209 -0.339852 -0.242306 -0.235000 0.049128 0.085615 -0.140671 -0.159845 1.000000 0.435389 -0.199714 0.080735 0.123260 -0.004101 -0.068088 0.077164 0.041895 0.082400 -0.205637 -0.117944 -0.111306 -0.036368 -0.305094 -0.122282 -0.378340 -0.207612 -0.382933 -0.293552 -0.329070 -0.187609 -0.157118 -0.147820 0.194074 -0.026773 -0.140359 -0.237359 0.226182 0.125695 0.138579 0.312632 -0.026682 0.043084 -0.096885 0.054390 0.229467 -0.019587 -0.233143 -0.112767 0.225265 -0.090916 -0.059504 -0.082770 0.026364 0.025447 -0.138040 -0.084500 0.157571 0.130340 0.101173 -0.005993 -0.316610 -0.186412 0.001428 -0.082383 -0.191899 -0.187734 -0.172131 0.081358 0.022441 0.131088 0.138552 0.063516 -0.037331 0.181207 -0.175333 0.179782 0.023777 -0.025676 0.119261 -0.108316 -0.038424 -0.241266 -0.221129 -0.276372 0.045283 0.011784 -0.002019 -0.000657 0.194557 0.060828 -0.067938 -0.206219
-0.097068 -0.367266 0.408924 0.307419 0.001634 0.020706 0.346823 0.527371 0.179140 0.215536 -0.158759 -0.074463 0.107056 0.143381 -0.208426 -0.052764 -0.034152 -0.194426 0.083086 -0.046597 -0.117645 0.077655 0.248143 0.517408 0.066749 0.152573 -0.060377 0.026795 -0.122827 -0.132041 0.387822 0.462069 0.435389 1.000000 0.067031 0.382907 -0.129344 -0.343077 -0.329156 0.066452 -0.101198 -0.022902 -0.431493 -0.272527 -0.328740 -0.018868 -0.463052 -0.215768 -0.446468 -0.344082 -0.148877 -0.480165 -0.235431 -0.168759 -0.265215 -0.227372 0.049067 -0.267240 -0.054641 -0.401439 0.208329 0.042070 0.023785 0.113023 0.403721 0.246844 -0.158772 0.359751 -0.102505 -0.002515 -0.246264 0.105508 -0.062854 -0.313810 -0.157527 -0.129323 -0.302541 -0.183325 -0.145366 -0.137030 -0.141584 -0.136218 -0.120653 -0.276696 -0.280456 0.025192 -0.154637 -0.111398 0.123492 -0.078341 -0.216018 0.073580 0.269373 0.210171 0.289451 0.026530 -0.111480 0.230003 -0.206921 0.123994 0.168707 -0.002997 0.066554 -0.179655 -0.074213 -0.259788 -0.298378 -0.437870 0.169938 0.068994 0.041588 -0.052058 -0.041950 -0.004556 -0.134757 -0.297396
-0.286013 -0.284091 -0.041228 0.324649 -0.175671 0.222178 -0.239705 -0.008712 0.020501 0.093761 -0.163961 -0.286495 -0.433074 -0.399045 -0.223986 -0.260140 -0.361982 -0.082463 -0.178335 -0.166388 -0.204018 0.095144 0.292331 0.258659 0.251396 0.338060 0.307206 0.358361 -0.491356 -0.426205 0.241240 0.415826 -0.199714 0.067031 1.000000 0.244558 -0.149982 -0.254986 -0.015633 0.010097 -0.230479 -0.070554 0.044736 0.159483 -0.019271 0.271136 0.004838 0.017369 0.011547 0.041242 0.127529 0.002015 -0.128741 -0.004150 0.108358 0.053903 -0.133563 -0.247141 -0.080014 0.206248 -0.415693 -0.269511 -0.360395 -0.327630 0.054757 0.050416 0.235967 0.437139 0.038192 -0.065555 -0.277867 -0.097194 -0.490803 -0.193182 -0.424691 -0.237013 -0.017896 -0.067395 -0.155983 -0.094305 -0.485195 -0.213073 -0.220643 -0.218066 -0.146227 0.224746 -0.147531 -0.034431 0.135992 0.101761 -0.079970 -0.021275 0.243420 0.059598 0.144419 -0.028533 0.113436 0.096912 0.047160 -0.011416 0.128710 -0.007491 0.167682 -0.006509 0.346855 0.239705 0.170473 0.116986 0.220965 -0.213885 0.090146 0.037248 -0.101759 -0.108999 0.028662 -0.011970
-0.435071 -0.424521 0.147745 0.255846 0.134506 0.270375 0.177969 0.356323 0.285262 0.147631 -0.188644 0.182512 0.044038 0.205895 -0.068396 -0.030127 -0.393837 -0.358908 -0.310893 -0.411912 0.031779 0.181598 0.217777 0.363323 0.274692 0.397139 0.088464 0.154451 -0.304781 -0.353555 0.211810 0.224900 0.080735 0.382907 0.244558 1.000000 -0.244013 -0.260951 -0.118907 0.003602 -0.108283 -0.146750 -0.035613 0.233805 -0.009317 0.571169 -0.114705 0.211609 -0.199578 0.045179 0.151351 -0.067391 -0.303081 -0.079717 -0.268227 0.127817 -0.428559 -0.427367 -0.226875 -0.298919 -0.077271 -0.162969 -0.425230 -0.261572 0.153476 0.565974 -0.211607 0.617486 -0.312691 0.029820 -0.181735 -0.130232 -0.242575 -0.378532 -0.333723 -0.287294 -0.477861 -0.272817 -0.112811 -0.205985 -0.368964 -0.274434 -0.170012 -0.352343 -0.140755 0.137530 -0.109274 -0.010772 0.057380 -0.046409 -0.268460 -0.198583 0.180517 0.129302 0.261722 0.169384 0.065903 0.297425 -0.157560 -0.162449 0.096926 -0.195298 0.071866 -0.115175 -0.015167 -0.167287 -0.167264 -0.251968 0.121257 0.017778 0.422213 -0.063107 -0.342571 -0.049349 -0.086798 -0.161491
