1.000000 0.480797 -0.264587 -0.207465 -0.048479 -0.093995 -0.172606 -0.234508 -0.064331 -0.068960 0.034481 0.059755 0.010829 -0.059979 -0.185381 -0.059790 0.244699 0.092989 -0.093439 0.279838 -0.185799 -0.069674 -0.128683 -0.194051 -0.091618 -0.175604 0.061815 -0.083461 -0.049977 -0.079189 -0.051648 -0.163516 -0.018763 -0.093445 -0.206694 -0.186984 0.086768 0.038234 0.114770 0.270490 0.211279 0.108657 -0.201102 -0.201377 -0.182063 -0.224257 -0.073087 0.012168 -0.061088 -0.041950 -0.276184 -0.091168 -0.057042 -0.041625 0.150670 0.095249 0.655746 0.492228 0.100320 0.098106 -0.020006 0.056388 0.111641 0.178764 -0.266982 -0.194812 0.006920 -0.330408 0.377358 0.216995 0.237236 0.167028 0.014469 0.059552 0.052899 0.009672 -0.011725 -0.067769 0.249477 0.029104 0.103557 0.205918 0.002266 -0.252833 -0.304782 -0.166226 0.209406 -0.064860 -0.141382 -0.181863 -0.019836 0.036617 0.003759 0.120164 0.166748 0.176386 0.138827 0.266811 0.120356 0.235818 -0.033812 -0.155564 0.047046 0.039312 0.038922 0.049700 -0.131399 -0.105167 0.182149 0.030171 0.051120 0.243711 0.069336 0.108608 -0.075421 0.003951
0.480797 1.000000 -0.325556 0.108113 -0.062739 -0.187827 -0.070988 -0.019680 -0.047241 0.014399 -0.063183 0.356978 0.102117 0.301696 -0.200694 0.125852 0.017692 0.117286 -0.012098 0.354567 -0.153440 -0.187275 -0.289964 -0.366866 -0.253712 -0.365221 -0.097728 -0.347772 -0.202745 0.059041 -0.033481 -0.214291 0.211960 0.033915 -0.379821 -0.288860 -0.060875 0.040193 0.115940 0.265641 0.134856 0.006832 -0.136905 -0.099469 -0.143939 -0.292827 0.049900 0.020522 -0.013767 0.027787 -0.249545 0.152400 0.014099 0.124800 0.153267 0.257107 0.348383 0.615003 -0.029375 0.240515 -0.040956 0.397660 0.126403 0.206180 -0.448200 0.006493 -0.162790 -0.456423 0.521157 0.146325 0.184254 0.070250 -0.027155 0.013227 -0.082762 -0.112415 -0.116540 -0.180571 0.184200 0.007089 0.153154 0.198626 -0.049003 -0.093039 -0.227408 -0.078136 0.119019 -0.106451 -0.173572 -0.021949 0.011896 -0.034757 -0.131889 0.147062 0.158114 0.162768 0.126820 0.286338 0.157924 0.123004 0.113150 -0.082472 -0.022216 -0.138252 -0.116379 -0.167728 -0.138372 -0.161011 0.113098 -0.106897 -0.048493 0.318658 0.173495 0.010474 -0.144943 -0.095637
-0.264587 -0.325556 1.000000 0.409400 0.367262 0.185278 0.517994 0.329838 0.308504 0.136835 0.361141 -0.076402 0.275784 -0.033008 0.220618 0.120444 -0.214801 -0.382106 0.556974 -0.059740 -0.078109 -0.080565 0.523434 0.409762 0.308296 0.282838 0.194595 0.205366 0.017073 -0.255278 0.199633 0.239428 0.285021 0.339875 0.105918 0.108679 -0.199089 -0.327400 -0.218646 -0.041242 -0.076578 0.057224 -0.103825 -0.134002 -0.117966 -0.017286 -0.050860 -0.184557 -0.111658 -0.214849 0.128043 -0.213421 -0.148519 -0.262376 0.090358 -0.173203 -0.318048 -0.290989 0.187270 -0.080869 0.332284 -0.167047 -0.196283 -0.246419 0.487935 0.164814 0.186241 0.359769 -0.163709 -0.268895 -0.112473 -0.062492 -0.150849 -0.275782 -0.219774 -0.059393 0.081291 0.125302 -0.202802 -0.443960 -0.328984 -0.441166 -0.195408 -0.343663 -0.129411 -0.333621 0.042977 -0.056595 -0.085306 -0.153443 -0.144051 0.196181 0.154400 0.177621 -0.198313 -0.113700 0.232626 -0.013779 -0.010953 -0.005455 -0.065373 -0.105306 0.051921 -0.176099 0.051631 -0.184565 -0.385961 -0.433712 0.111410 -0.178613 -0.262174 -0.211208 -0.060293 0.157321 0.257933 0.140062
-0.207465 0.108113 0.409400 1.000000 0.002214 0.239440 0.384185 0.617976 0.243731 0.315422 0.059219 0.243685 0.015222 0.341938 0.120697 0.385376 -0.130417 -0.158049 0.506012 0.154587 -0.065914 -0.157840 0.100483 0.295799 0.081983 0.094449 -0.061901 -0.178036 -0.124595 0.002376 0.153767 0.250015 0.341849 0.330442 -0.300036 -0.146051 -0.187954 -0.256480 -0.269189 -0.018057 -0.180700 -0.099558 -0.182969 -0.132934 -0.147512 -0.238399 -0.079593 -0.372519 -0.201569 -0.219160 -0.074341 -0.014873 -0.131633 -0.097933 0.016253 -0.135438 -0.130077 -0.168836 -0.125838 0.085787 0.194487 0.275591 0.049399 0.053012 0.094662 0.361642 -0.161271 -0.096876 0.222923 -0.392095 0.041105 -0.019934 -0.027334 -0.024272 -0.134294 -0.103475 0.004332 -0.002478 -0.085645 -0.297129 -0.139813 -0.320585 -0.099323 0.023256 0.124409 -0.069014 -0.038936 -0.111421 -0.115964 0.038118 -0.140869 -0.047224 0.106657 0.224333 -0.271129 -0.151761 0.085375 -0.013045 -0.070065 0.068211 0.169990 -0.251069 0.065518 -0.379916 -0.097521 -0.350536 -0.475963 -0.506458 0.023873 -0.359720 -0.489603 -0.142923 0.104380 0.272200 0.286178 0.108980
-0.048479 -0.062739 0.367262 0.002214 1.000000 0.161619 0.188755 0.038152 0.725318 0.380988 0.228831 -0.091142 0.143308 -0.098990 0.365113 0.284769 -0.206593 -0.181084 0.215461 0.011168 0.147688 0.034832 0.186844 0.095347 0.253577 0.049964 0.307882 -0.061524 -0.050314 -0.228072 -0.014925 -0.113957 -0.019674 -0.079732 0.059280 0.000158 -0.361614 -0.313340 -0.269694 -0.163618 -0.328220 -0.120838 -0.140499 -0.167786 0.038280 -0.060773 -0.256898 -0.272227 0.185665 0.047807 0.148976 0.147471 0.004750 -0.046770 -0.219458 -0.255326 -0.228526 -0.117538 0.425424 0.173859 0.348006 0.151672 -0.401622 -0.318853 0.314378 0.280110 0.057192 0.014034 -0.197122 -0.138329 0.024433 0.063596 -0.297407 -0.145601 -0.351736 -0.160605 -0.135169 -0.012090 -0.100522 -0.289318 -0.101712 -0.264819 -0.083204 -0.218935 -0.094632 -0.181197 0.070099 -0.088325 -0.051467 -0.078724 0.092548 0.326071 0.138368 0.116605 -0.246588 -0.099466 0.009737 -0.132381 0.055601 -0.077540 0.067575 -0.076966 -0.023225 0.040888 0.213009 0.119037 -0.142217 -0.063037 -0.009482 -0.011180 -0.240283 -0.259295 -0.080125 0.075611 0.183020 0.241862
-0.093995 -0.187827 0.185278 0.239440 0.161619 1.000000 0.039133 0.345152 0.483418 0.700633 -0.133813 0.419446 -0.121429 0.302117 -0.002730 -0.012101 -0.232795 0.117633 -0.157171 -0.265617 0.066463 0.288199 0.355048 0.604938 0.710073 0.650625 0.055114 -0.126914 -0.329203 0.094773 0.527103 0.587982 -0.176719 0.158577 0.026930 0.339025 -0.370226 -0.313341 -0.449162 0.148071 -0.363331 -0.370870 -0.493611 -0.420299 -0.196145 -0.246099 -0.256329 -0.243126 -0.162260 -0.211831 -0.132431 -0.178494 -0.142405 -0.120624 -0.109504 -0.249205 0.097096 -0.141801 0.066332 -0.158807 0.441014 0.235814 0.135539 0.272550 0.339175 0.428015 -0.187873 0.110897 -0.127802 -0.244255 0.222983 0.322019 -0.172257 0.091046 0.007515 -0.048009 -0.475741 -0.245894 -0.039648 0.105509 -0.067756 -0.313072 -0.198787 -0.151352 -0.130380 -0.360169 0.279136 0.134913 -0.081355 -0.096533 0.138668 0.145090 0.198386 0.156877 -0.086151 0.120040 0.169438 0.179256 0.088363 -0.027579 0.400157 0.034419 -0.103037 -0.118833 -0.051148 -0.172456 -0.202854 -0.257162 0.289741 -0.039294 -0.074579 -0.068189 -0.084523 0.184085 0.438249 0.282228
-0.172606 -0.070988 0.517994 0.384185 0.188755 0.039133 1.000000 0.697840 0.310088 0.235669 0.033467 0.343053 0.184424 0.415126 -0.090435 -0.076657 -0.212608 -0.162085 0.317822 0.080053 -0.318667 -0.264900 -0.020611 0.095337 0.074047 -0.092030 -0.248913 -0.398963 -0.007645 -0.145137 0.170726 0.267893 0.547583 0.591539 -0.055029 0.076058 -0.225085 -0.323695 -0.115895 0.186880 -0.101086 -0.261172 -0.237170 -0.296140 -0.196408 -0.114052 -0.094521 -0.177804 -0.227535 -0.194580 -0.260266 -0.230752 0.050480 0.001515 0.011441 0.014154 -0.139617 -0.125808 0.082805 0.063367 0.408882 0.242330 0.195453 0.106650 0.239998 0.166026 0.174528 0.106777 -0.243301 -0.242650 -0.037134 -0.073924 -0.039928 -0.404766 -0.217222 -0.340784 -0.145682 -0.230173 -0.096414 -0.335126 -0.120417 -0.311668 -0.136508 -0.178643 -0.097762 -0.201137 0.095290 0.119529 0.073867 0.148573 0.128961 0.241469 0.272691 0.277302 0.012035 0.203056 0.015446 0.262418 0.145274 0.227434 0.276338 0.058526 -0.185241 -0.379129 -0.236286 -0.383085 -0.219329 -0.463986 0.244947 -0.131734 -0.266157 0.126976 0.196062 -0.052917 0.014295 -0.205623
-0.234508 -0.019680 0.329838 0.617976 0.038152 0.345152 0.697840 1.000000 0.337507 0.488148 -0.290581 0.482718 -0.147137 0.530979 -0.217253 0.059197 -0.372202 -0.164765 0.067865 -0.062026 -0.367256 -0.239767 -0.018604 0.378926 0.204352 0.122279 -0.391429 -0.497994 -0.328053 -0.152387 0.249209 0.461234 0.346083 0.536920 -0.088456 0.176590 -0.354056 -0.442899 -0.253450 0.164502 -0.263533 -0.476099 -0.291492 -0.309486 -0.246455 -0.204864 -0.027931 -0.132793 -0.274242 -0.240472 -0.260451 -0.123743 0.099387 0.125814 0.094321 0.075455 -0.183486 -0.224827 -0.163519 0.047958 0.278850 0.441655 0.171477 0.211467 0.260185 0.440414 -0.098315 0.149851 -0.230885 -0.272802 0.023125 0.002222 -0.221495 -0.300090 -0.224213 -0.331186 -0.235254 -0.267656 -0.219874 -0.366663 -0.195669 -0.502475 -0.280584 -0.150772 -0.054445 -0.113524 0.177517 0.251220 0.102573 0.251830 0.371400 0.260942 0.488462 0.318683 -0.011420 0.209106 0.058793 0.268689 0.231680 0.253256 0.448844 0.186988 -0.211198 -0.374417 -0.253843 -0.523954 -0.120105 -0.479493 0.239630 -0.251004 -0.266148 0.193677 0.273097 0.048709 0.064020 -0.201349
-0.064331 -0.047241 0.308504 0.243731 0.725318 0.483418 0.310088 0.337507 1.000000 0.691525 0.107347 0.227602 0.083802 0.266992 0.315136 0.242424 -0.192713 -0.003075 0.183509 -0.015319 0.036088 0.019580 0.269684 0.310736 0.498023 0.276512 0.032104 -0.374725 -0.078762 0.011330 0.332140 0.292081 0.100220 0.155109 -0.158265 0.076627 -0.474670 -0.422060 -0.471673 0.008593 -0.424120 -0.368249 -0.420554 -0.397039 -0.117731 -0.215829 -0.259719 -0.356744 0.069386 -0.021595 -0.124560 0.004097 -0.073476 -0.030932 -0.257822 -0.272353 -0.086904 -0.127685 0.247635 0.080798 0.433646 0.382935 -0.047116 0.081908 0.355384 0.391489 -0.113756 -0.130567 -0.210232 -0.345909 0.167031 0.217096 -0.147691 -0.058730 -0.225009 -0.212666 -0.330567 -0.236951 -0.031298 -0.116321 -0.044510 -0.297569 -0.047828 -0.202327 -0.048252 -0.356205 0.310414 0.054266 -0.044888 -0.059283 0.165397 0.292002 0.177134 0.130643 -0.202297 0.071864 0.064458 0.102286 0.132746 0.041461 0.283059 -0.029086 -0.168756 -0.175519 -0.012647 -0.126786 -0.278493 -0.318613 0.227180 -0.182527 -0.323994 -0.213497 -0.157399 0.161786 0.351456 0.294270
-0.068960 0.014399 0.136835 0.315422 0.380988 0.700633 0.235669 0.488148 0.691525 1.000000 -0.074607 0.535382 -0.068885 0.470182 -0.044769 0.201815 -0.248679 0.084397 -0.055383 -0.040193 -0.110287 0.003707 0.055642 0.331397 0.531958 0.396544 -0.163420 -0.524545 -0.279938 0.045396 0.303334 0.389475 -0.067567 0.145415 -0.215140 0.134255 -0.514002 -0.493103 -0.561742 0.079326 -0.502450 -0.485622 -0.543524 -0.472378 -0.177885 -0.312445 -0.331548 -0.286540 -0.016048 -0.172051 -0.197713 -0.018891 -0.129650 -0.122631 -0.209885 -0.295489 -0.057113 -0.142237 0.119580 0.051507 0.443795 0.487844 0.130788 0.312272 0.234675 0.534505 -0.237805 0.006565 -0.097047 -0.310004 0.346330 0.404428 -0.196929 0.119183 -0.067872 -0.087418 -0.436084 -0.258179 -0.046817 -0.132143 0.000459 -0.324465 -0.230808 -0.156330 -0.133827 -0.311503 0.288659 0.098508 -0.150656 -0.077122 0.340336 0.388420 0.350466 0.348874 -0.216370 0.017622 0.152635 0.157993 0.237503 0.154324 0.426608 -0.014543 -0.136899 -0.108588 0.060326 -0.233078 -0.258173 -0.361744 0.264725 -0.127633 -0.300970 -0.063068 0.051697 0.323685 0.470299 0.304812
0.034481 -0.063183 0.361141 0.059219 0.228831 -0.133813 0.033467 -0.290581 0.107347 -0.074607 1.000000 -0.099494 0.696296 -0.026385 0.380481 0.269887 0.215038 -0.049646 0.440496 0.157073 0.060634 -0.035258 0.178718 -0.120214 0.059466 0.032133 0.250273 0.318713 0.474724 0.187124 -0.112796 -0.173969 0.036915 -0.216150 -0.213978 -0.380179 0.021975 0.015225 -0.124518 -0.228396 -0.029990 0.328218 0.002997 0.082571 -0.013382 -0.085408 -0.127638 -0.344216 0.102683 -0.089310 0.134708 -0.030092 -0.147527 -0.337843 -0.011101 -0.307778 -0.188888 -0.238122 0.362507 -0.003286 0.274868 -0.181295 -0.113575 -0.062766 0.144520 -0.009577 0.133351 -0.123583 -0.067891 -0.297860 -0.166162 -0.070837 0.271683 0.248290 0.018709 0.109254 0.318729 0.284684 0.102153 -0.013332 -0.045596 0.099593 0.137857 -0.032860 0.169725 -0.067996 -0.068371 -0.272859 -0.252874 -0.251284 -0.371881 -0.146977 -0.203024 -0.059172 -0.329627 -0.373087 0.122200 -0.258498 -0.176434 -0.192702 -0.312133 -0.371459 0.241257 0.008649 0.227790 0.177835 -0.270740 -0.055015 -0.081476 -0.066791 -0.363214 -0.438688 -0.233347 0.261267 0.356111 0.384220
0.059755 0.356978 -0.076402 0.243685 -0.091142 0.419446 0.343053 0.482718 0.227602 0.535382 -0.099494 1.000000 0.116914 0.859093 -0.346235 -0.061569 -0.148724 0.278004 -0.132865 0.019891 -0.269720 -0.111500 -0.150056 0.069827 0.191589 0.076027 -0.370052 -0.547679 -0.117535 0.310546 0.338716 0.377975 0.109075 0.266136 -0.195631 0.023337 -0.284930 -0.286354 -0.284411 0.260866 -0.222597 -0.468646 -0.414338 -0.348558 -0.275352 -0.404743 -0.018806 -0.146996 -0.158242 -0.233262 -0.340073 -0.079303 0.059385 0.034459 0.176853 0.081461 0.154078 -0.014209 0.046683 0.005118 0.397479 0.599557 0.238900 0.438898 -0.093827 0.477950 -0.085638 -0.190430 -0.074607 -0.329017 0.120552 0.131071 0.072069 0.014889 -0.003270 -0.188276 -0.340466 -0.335890 0.099123 0.149221 0.046409 -0.172613 -0.323143 -0.097267 -0.225224 -0.254327 0.184547 0.100278 -0.078929 0.127601 0.244772 0.133505 0.139856 0.303023 0.033215 0.223916 0.200085 0.343485 0.223882 0.205889 0.480193 0.061257 -0.113965 -0.210778 -0.185602 -0.340921 -0.161052 -0.327152 0.314440 -0.060071 -0.165712 0.202660 0.238031 0.130530 0.202046 -0.029952
0.010829 0.102117 0.275784 0.015222 0.143308 -0.121429 0.184424 -0.147137 0.083802 -0.068885 0.696296 0.116914 1.000000 0.209609 0.319057 0.235990 0.176685 0.038213 0.219370 -0.054200 -0.012851 -0.046496 0.153860 -0.185372 0.083954 -0.040013 0.062218 0.082254 0.371679 0.184669 0.028757 -0.087431 0.179440 0.014945 -0.142769 -0.150969 0.003199 -0.022647 0.092362 -0.004319 0.088787 0.201075 -0.049371 -0.048558 -0.092985 -0.143168 -0.082716 -0.264473 -0.042023 -0.128534 0.033361 -0.106042 -0.088847 -0.174210 0.093331 -0.092838 -0.052036 0.003259 0.277690 -0.130561 0.430823 0.008651 0.095779 0.008691 0.126758 0.088222 0.134447 -0.056373 -0.139937 -0.371805 -0.045044 0.002825 0.357724 0.139023 0.130148 0.105992 0.147448 0.069885 0.142633 -0.007406 0.031388 0.140689 0.033606 -0.201824 0.011481 -0.159785 0.065579 -0.074189 -0.071593 -0.092098 -0.212959 -0.123466 -0.220161 -0.026436 -0.111855 -0.074074 0.073713 0.015973 -0.073574 -0.082305 -0.167614 -0.135820 -0.111613 -0.229146 -0.081542 -0.104520 -0.167146 -0.194391 0.070434 -0.071827 -0.220684 -0.203802 -0.199923 0.048096 0.200109 0.129498
-0.059979 0.301696 -0.033008 0.341938 -0.098990 0.302117 0.415126 0.530979 0.266992 0.470182 -0.026385 0.859093 0.209609 1.000000 -0.248073 0.107721 -0.116524 0.240699 -0.020176 0.067560 -0.312362 -0.214267 -0.153798 0.011525 0.129678 0.048739 -0.441606 -0.592503 -0.048850 0.381284 0.287775 0.340461 0.173528 0.264371 -0.261036 -0.056106 -0.253000 -0.283756 -0.237965 0.199503 -0.194998 -0.425971 -0.394480 -0.355189 -0.285111 -0.453167 0.007804 -0.228150 -0.145596 -0.257262 -0.319892 -0.024558 0.154746 0.113868 0.190022 0.066051 0.034923 -0.083542 0.047038 0.078974 0.390475 0.667971 0.333430 0.493634 -0.106374 0.443136 -0.043165 -0.263519 -0.075033 -0.396747 0.052677 0.095573 0.184935 0.059415 0.016147 -0.123381 -0.206728 -0.268424 0.042780 0.126111 -0.009372 -0.167334 -0.250510 -0.064217 -0.114366 -0.256518 0.187019 0.074551 -0.026975 0.250853 0.200743 0.071326 0.095166 0.280957 -0.041877 0.152780 0.152989 0.304904 0.223554 0.237387 0.454055 0.068726 -0.177294 -0.261598 -0.253218 -0.395437 -0.175581 -0.351993 0.273547 -0.177614 -0.223218 0.152215 0.224996 0.136297 0.216225 -0.048997
-0.185381 -0.200694 0.220618 0.120697 0.365113 -0.002730 -0.090435 -0.217253 0.315136 -0.044769 0.380481 -0.346235 0.319057 -0.248073 1.000000 0.430633 0.153904 0.175408 0.337634 -0.105336 0.557271 0.353374 0.364834 0.106503 0.150390 0.157693 0.400049 0.333530 0.284301 0.180304 -0.035150 -0.118950 0.034919 -0.177782 -0.064082 -0.107455 -0.154460 -0.034622 -0.021578 -0.347114 -0.317453 0.107313 0.001408 0.091272 0.185643 0.121678 -0.245446 -0.459806 0.063603 0.174968 0.291715 -0.076172 -0.154612 -0.060457 -0.336943 -0.320415 -0.119348 -0.074082 0.063902 -0.136301 0.101171 -0.173034 -0.119188 -0.160528 0.393929 -0.034098 -0.132832 -0.158947 -0.110596 -0.320892 -0.149985 -0.032644 0.228846 0.223899 -0.023986 -0.184656 -0.040880 -0.013705 0.152999 0.095876 0.238548 0.208469 0.390155 0.290389 0.509896 0.159558 -0.099420 -0.102861 0.278051 0.057387 -0.465254 -0.285505 -0.422752 -0.367346 -0.338751 -0.196182 -0.381247 -0.353223 -0.440161 -0.349443 -0.273173 -0.051648 -0.096146 -0.240397 -0.037524 0.107761 -0.033511 0.017123 -0.274773 -0.056957 -0.292154 -0.539368 -0.345481 -0.166860 0.100450 0.163199
-0.059790 0.125852 0.120444 0.385376 0.284769 -0.012101 -0.076657 0.059197 0.242424 0.201815 0.269887 -0.061569 0.235990 0.107721 0.430633 1.000000 0.039278 -0.100322 0.244641 0.134330 0.145101 -0.014380 -0.016344 -0.039763 -0.113096 -0.050215 0.143108 0.010685 0.111765 0.139649 -0.248628 -0.250296 0.003376 -0.144067 -0.241306 -0.262494 -0.107005 -0.204263 -0.102311 -0.296674 -0.160300 0.167137 0.041897 0.064578 0.050517 -0.097209 -0.180720 -0.352805 0.043424 -0.009308 0.145918 0.193062 -0.154206 -0.081211 -0.143859 -0.263055 -0.155858 -0.102148 0.041681 0.188633 0.022147 0.238596 -0.151524 -0.092617 0.029341 0.286379 -0.114233 -0.181342 0.075410 -0.267942 -0.060328 0.008646 0.082689 0.254188 -0.047367 0.076641 0.146143 0.162556 0.003562 -0.271539 -0.008299 -0.027415 0.105533 0.165476 0.221127 0.118022 -0.025759 -0.142604 -0.037116 0.047640 -0.146359 -0.080425 -0.037147 -0.024600 -0.405257 -0.362039 -0.090592 -0.257807 -0.126847 -0.220025 -0.071547 -0.148813 0.008220 -0.138793 0.088118 -0.062164 -0.169968 -0.121718 -0.217526 -0.312711 -0.401997 -0.327380 0.021163 0.171225 0.221552 0.197403
0.244699 0.017692 -0.214801 -0.130417 -0.206593 -0.232795 -0.212608 -0.372202 -0.192713 -0.248679 0.215038 -0.148724 0.176685 -0.116524 0.153904 0.039278 1.000000 0.554561 0.100458 0.182771 0.238438 0.187270 -0.115527 -0.244795 -0.144565 -0.076333 0.141989 0.131013 0.538013 0.361016 -0.076799 -0.148364 -0.058104 -0.214908 -0.237332 -0.306607 0.224315 0.188226 0.150594 -0.175341 0.064471 0.190370 0.033431 0.082189 0.133873 0.030403 -0.275743 -0.184169 -0.128440 -0.019374 -0.054476 -0.298852 -0.308929 -0.395469 -0.278942 -0.363965 0.389498 0.204542 -0.285552 -0.276016 -0.231526 -0.331725 0.392375 0.182172 -0.161129 -0.319502 -0.163474 -0.264549 0.157579 -0.140566 0.169789 0.180832 0.641760 0.461707 0.371120 0.164447 0.197634 0.048219 0.666646 0.443884 0.548638 0.649918 0.253596 0.170568 0.115946 0.194798 -0.179420 -0.169509 -0.072288 -0.197823 -0.334846 -0.424879 -0.342893 -0.325239 -0.145567 -0.054576 -0.256654 -0.237720 -0.321390 -0.251131 -0.267466 -0.044144 -0.023496 -0.029993 -0.046856 0.059796 0.102163 0.122065 -0.272973 0.016240 -0.104570 -0.204785 -0.183774 -0.098398 0.025540 0.003762
0.092989 0.117286 -0.382106 -0.158049 -0.181084 0.117633 -0.162085 -0.164765 -0.003075 0.084397 -0.049646 0.278004 0.038213 0.240699 0.175408 -0.100322 0.554561 1.000000 -0.160563 -0.033048 0.365370 0.440305 -0.106232 -0.135977 0.165649 0.165120 0.087236 -0.139885 0.231243 0.542840 0.217706 0.153290 -0.110942 -0.151965 -0.124151 -0.057350 -0.239543 -0.090365 -0.118158 -0.097251 -0.273780 -0.228203 -0.295221 -0.109024 0.086286 -0.001053 -0.387468 -0.321598 -0.093584 0.118388 -0.150321 -0.312229 -0.217688 -0.183576 -0.292848 -0.250456 0.369797 0.280218 -0.297917 -0.380525 -0.048688 -0.076092 0.451351 0.517212 0.042566 -0.017962 -0.304690 -0.249046 -0.038887 -0.340502 0.222709 0.417754 0.475695 0.518499 0.268962 -0.088331 -0.300683 -0.331285 0.604092 0.655159 0.626618 0.562939 0.114785 0.280517 0.101853 0.075075 -0.090680 0.050343 0.114522 0.064236 -0.270771 -0.318577 -0.444072 -0.215718 -0.093937 0.132726 -0.321794 -0.060400 -0.227792 -0.164797 -0.065353 0.071725 -0.202377 -0.108684 -0.140421 0.005461 0.132148 0.060578 -0.103248 0.100815 -0.150524 -0.065659 0.011882 -0.098933 0.111982 -0.001117
-0.093439 -0.012098 0.556974 0.506012 0.215461 -0.157171 0.317822 0.067865 0.183509 -0.055383 0.440496 -0.132865 0.219370 -0.020176 0.337634 0.244641 0.100458 -0.160563 1.000000 0.462350 0.035996 -0.195719 0.069254 -0.039749 -0.160050 -0.120498 0.121960 0.164794 0.305619 0.049678 -0.150627 -0.149707 0.351777 0.126227 -0.111932 -0.267750 0.028147 -0.019515 -0.119172 -0.099115 -0.063471 0.126229 -0.041459 -0.022493 -0.139597 -0.221831 -0.035612 -0.243911 -0.148525 -0.260762 0.012018 -0.033482 -0.103945 -0.203255 -0.059439 -0.151959 -0.164776 -0.162753 0.119827 0.111403 0.031381 -0.120989 -0.169237 -0.283336 -0.019107 -0.036765 0.181544 -0.160365 0.260580 -0.240481 -0.215961 -0.231983 0.161061 -0.042532 -0.090711 -0.045567 0.275114 0.284349 -0.000351 -0.163549 -0.111917 -0.125453 0.106096 0.026621 0.116189 -0.138523 -0.224211 -0.373677 -0.091308 -0.116218 -0.345686 0.010958 -0.086339 0.116578 -0.218026 -0.172633 0.081437 -0.092794 -0.119488 0.137955 -0.255671 -0.374494 0.190359 -0.057581 0.141951 0.121441 -0.487243 -0.260988 -0.050663 -0.159016 -0.251676 -0.198552 -0.014783 0.219528 0.118845 0.154100
0.279838 0.354567 -0.059740 0.154587 0.011168 -0.265617 0.080053 -0.062026 -0.015319 -0.040193 0.157073 0.019891 -0.054200 0.067560 -0.105336 0.134330 0.182771 -0.033048 0.462350 1.000000 -0.342539 -0.492140 -0.295714 -0.312462 -0.414161 -0.407783 -0.184634 -0.160627 0.296717 0.161633 -0.333441 -0.309771 0.105000 -0.041890 -0.227895 -0.360084 0.202917 0.140906 -0.143200 -0.060493 0.103933 0.129178 0.066270 0.060147 -0.084906 -0.182597 -0.052643 0.048021 0.060227 -0.083485 -0.245680 0.204646 -0.068528 -0.100768 -0.097183 -0.127666 -0.047555 -0.021271 -0.048671 0.103979 -0.216394 -0.000786 -0.081175 -0.046254 -0.457011 -0.237531 -0.057766 -0.449444 0.518596 0.241402 -0.138146 -0.319572 0.128693 0.143923 0.100304 0.131302 0.346712 0.372607 0.026731 -0.085465 -0.015229 0.039842 0.107090 0.119915 -0.005648 -0.017738 -0.118571 -0.491762 -0.393069 -0.315050 0.034094 0.213012 0.099779 0.244681 -0.107747 -0.281753 0.179092 -0.043741 0.210468 0.293533 -0.037257 -0.299344 0.344037 0.190933 0.287229 0.176392 -0.257216 -0.031890 -0.134479 -0.111399 -0.132556 0.106885 0.169582 0.294936 -0.022656 0.100142
-0.185799 -0.153440 -0.078109 -0.065914 0.147688 0.066463 -0.318667 -0.367256 0.036088 -0.110287 0.060634 -0.269720 -0.012851 -0.312362 0.557271 0.145101 0.238438 0.365370 0.035996 -0.342539 1.000000 0.781198 0.098835 -0.061855 0.081100 0.121931 0.485945 0.310138 0.090344 0.251264 0.088410 -0.101069 -0.210055 -0.321231 -0.054851 -0.046101 -0.187051 0.085242 0.010982 -0.401889 -0.387384 -0.006917 0.060626 0.172775 0.348970 0.249492 -0.279261 -0.428016 0.088180 0.282951 0.438117 -0.109960 -0.266455 -0.126387 -0.453514 -0.316242 0.061282 0.109574 -0.120419 -0.257746 -0.064135 -0.292498 -0.007335 -0.131232 0.155266 -0.047450 -0.279341 -0.093662 -0.008418 -0.280503 0.198439 0.326982 0.251565 0.291806 -0.036253 -0.132115 -0.350887 -0.243389 0.400193 0.390086 0.559990 0.507860 0.339504 0.420908 0.403237 0.375838 -0.424890 -0.093964 0.278556 0.129037 -0.469797 -0.476717 -0.589089 -0.451193 -0.208604 -0.099218 -0.599664 -0.471025 -0.646107 -0.516214 -0.297674 0.050318 -0.120583 -0.022287 -0.056842 0.252784 0.234164 0.371646 -0.416117 0.164522 -0.049609 -0.446700 -0.166168 -0.254913 0.089891 0.148128
-0.069674 -0.187275 -0.080565 -0.157840 0.034832 0.288199 -0.264900 -0.239767 0.019580 0.003707 -0.035258 -0.111500 -0.046496 -0.214267 0.353374 -0.014380 0.187270 0.440305 -0.195719 -0.492140 0.781198 1.000000 0.270036 0.196224 0.348563 0.442267 0.467264 0.335604 -0.024101 0.223865 0.347676 0.224838 -0.142443 -0.135727 0.019486 0.138874 -0.231538 0.025748 0.037587 -0.114889 -0.327759 -0.052111 -0.205371 -0.094118 0.148510 0.107846 -0.311590 -0.386141 -0.055972 0.099232 0.253722 -0.359082 -0.235979 -0.163778 -0.290834 -0.252199 0.260834 0.190916 -0.141710 -0.409991 -0.010233 -0.323653 0.093056 0.041833 0.258242 -0.063611 -0.222904 0.010164 -0.148159 -0.294374 0.294927 0.497893 0.164300 0.235207 -0.016965 -0.165697 -0.479327 -0.371997 0.428984 0.367287 0.532099 0.441581 0.307288 0.282271 0.207831 0.220119 -0.114596 0.172736 0.341350 0.182467 -0.384097 -0.408589 -0.438279 -0.377042 -0.062680 0.117220 -0.446175 -0.139020 -0.492690 -0.434796 -0.121055 0.163891 -0.232325 -0.084632 -0.170356 0.112736 0.233886 0.217947 -0.168427 0.183337 0.064455 -0.239798 -0.163165 -0.294290 0.129817 0.056161
-0.128683 -0.289964 0.523434 0.100483 0.186844 0.355048 -0.020611 -0.018604 0.269684 0.055642 0.178718 -0.150056 0.153860 -0.153798 0.364834 -0.016344 -0.115527 -0.106232 0.069254 -0.295714 0.098835 0.270036 1.000000 0.694546 0.614163 0.656015 0.283038 0.326448 0.071561 0.022112 0.610666 0.564637 0.128516 0.274031 0.151244 0.304093 -0.031130 -0.047099 -0.008345 0.157982 0.108950 0.124968 -0.207278 -0.204084 -0.201860 -0.047456 0.019118 -0.181496 -0.138728 -0.151505 0.035268 -0.231089 -0.112784 -0.087904 0.106827 -0.140226 -0.021345 -0.087758 0.017741 -0.308461 0.195271 -0.278489 -0.180250 -0.123791 0.559167 -0.108052 0.022498 0.149919 -0.162307 -0.150664 -0.025177 0.075007 0.010070 -0.078806 0.082401 0.113610 0.037560 0.023354 -0.044665 -0.038223 -0.202691 -0.240350 0.054462 -0.207616 -0.085782 -0.355161 0.374828 0.230669 0.095067 -0.107190 -0.219922 -0.077952 -0.080170 -0.147754 0.012713 0.099627 0.158082 0.142648 -0.164940 -0.163950 -0.033672 0.126100 -0.117804 -0.261862 -0.199765 -0.268339 -0.166841 -0.337327 0.229331 -0.090334 -0.014683 -0.163636 -0.300879 -0.058282 0.225032 0.086789
-0.194051 -0.366866 0.409762 0.295799 0.095347 0.604938 0.095337 0.378926 0.310736 0.331397 -0.120214 0.069827 -0.185372 0.011525 0.106503 -0.039763 -0.244795 -0.135977 -0.039749 -0.312462 -0.061855 0.196224 0.694546 1.000000 0.558680 0.692332 -0.036165 0.081234 -0.223383 -0.092754 0.566260 0.701735 -0.024073 0.321064 0.074045 0.364908 -0.071634 -0.107347 -0.106533 0.167900 -0.046634 -0.138059 -0.327260 -0.381787 -0.374757 -0.203775 -0.003761 -0.132364 -0.201275 -0.353011 -0.011392 -0.278630 0.081220 -0.001193 0.101124 -0.142539 -0.041815 -0.212382 -0.029779 -0.237787 0.250237 -0.027946 -0.078101 -0.011514 0.532211 0.160008 -0.131678 0.249215 -0.327673 -0.046172 0.043338 0.055850 -0.233027 -0.145092 0.056958 0.011208 -0.163749 -0.080373 -0.261395 -0.116328 -0.285746 -0.489931 0.019392 -0.078800 -0.007484 -0.238214 0.347632 0.357783 0.230744 0.116861 0.082735 -0.005732 0.237138 -0.059320 0.108648 0.202957 0.058900 0.174612 -0.105147 -0.125488 0.200129 0.275846 -0.152559 -0.238701 -0.263010 -0.335382 -0.015612 -0.284361 0.219687 -0.044680 0.042029 -0.083194 -0.218065 -0.044745 0.130533 -0.033516
-0.091618 -0.253712 0.308296 0.081983 0.253577 0.710073 0.074047 0.204352 0.498023 0.531958 0.059466 0.191589 0.083954 0.129678 0.150390 -0.113096 -0.144565 0.165649 -0.160050 -0.414161 0.081100 0.348563 0.614163 0.558680 1.000000 0.787974 0.182079 -0.029324 -0.167461 0.036549 0.688011 0.667158 -0.027831 0.190617 0.054113 0.329696 -0.350527 -0.356087 -0.297578 0.217760 -0.249332 -0.265292 -0.494602 -0.356321 -0.174897 -0.132339 -0.218921 -0.222283 -0.148502 -0.145792 -0.156872 -0.299493 -0.219440 -0.167688 -0.058858 -0.217667 0.040238 -0.043483 0.066815 -0.284511 0.402667 -0.006870 0.145830 0.300350 0.605957 0.221980 -0.025063 0.267026 -0.257426 -0.309153 0.262138 0.467570 -0.052109 0.087930 0.068295 -0.072007 -0.398016 -0.317011 0.068470 0.058120 -0.042944 -0.222673 -0.167833 -0.330690 -0.159188 -0.434942 0.461076 0.308747 -0.028583 -0.137569 0.006409 0.123490 0.045289 0.039735 -0.056122 0.188887 0.199502 0.233966 0.056257 -0.021387 0.230123 0.057322 -0.249021 -0.288332 -0.166704 -0.314291 -0.172016 -0.367954 0.370020 -0.079570 -0.124159 -0.079789 -0.188465 0.100752 0.468442 0.285005
-0.175604 -0.365221 0.282838 0.094449 0.049964 0.650625 -0.092030 0.122279 0.276512 0.396544 0.032133 0.076027 -0.040013 0.048739 0.157693 -0.050215 -0.076333 0.165120 -0.120498 -0.407783 0.121931 0.442267 0.656015 0.692332 0.787974 1.000000 0.176524 0.215233 -0.136455 0.092693 0.578330 0.666325 -0.059955 0.111885 0.040982 0.262929 -0.242697 -0.165896 -0.174518 0.142125 -0.207435 -0.095405 -0.442219 -0.307872 -0.193377 -0.127219 -0.135013 -0.246074 -0.135656 -0.224088 0.010086 -0.333379 -0.167195 -0.160352 0.064377 -0.204171 0.003790 -0.158297 -0.076219 -0.379299 0.164082 -0.156882 0.034667 0.178828 0.557842 0.131397 -0.118023 0.269115 -0.288276 -0.327070 0.191236 0.349024 -0.035561 0.091999 0.107282 -0.029289 -0.234787 -0.168125 0.037996 0.069776 -0.019074 -0.206600 -0.048062 -0.120567 -0.026904 -0.236735 0.402407 0.389714 0.114694 0.028287 -0.100250 -0.035374 0.048267 -0.063977 -0.142258 0.108783 0.148877 0.147296 -0.065767 -0.079120 0.062233 0.110110 -0.139744 -0.188762 -0.111577 -0.238800 -0.087746 -0.289873 0.212155 -0.154013 -0.094372 -0.119838 -0.129830 0.077845 0.506082 0.257028
0.061815 -0.097728 0.194595 -0.061901 0.307882 0.055114 -0.248913 -0.391429 0.032104 -0.163420 0.250273 -0.370052 0.062218 -0.441606 0.400049 0.143108 0.141989 0.087236 0.121960 -0.184634 0.485945 0.467264 0.283038 -0.036165 0.182079 0.176524 1.000000 0.622068 -0.009784 -0.125432 -0.034109 -0.188707 -0.123346 -0.261189 0.050269 -0.160449 -0.190515 -0.114193 -0.076756 -0.192077 -0.184316 0.326484 -0.088945 0.038746 0.255558 0.143036 -0.231609 -0.271344 0.144679 0.195662 0.307269 -0.060156 -0.250154 -0.245605 -0.167795 -0.163521 0.106663 0.102477 0.158364 -0.064140 0.016182 -0.396138 -0.155514 -0.148794 0.209086 -0.113633 0.069677 0.014178 0.080890 -0.151966 0.083747 0.223708 -0.066517 0.123750 -0.233487 -0.098243 -0.116099 -0.029885 0.320578 0.052125 0.198435 0.220824 0.057905 -0.163706 -0.039963 -0.098848 -0.121500 -0.155179 -0.124365 -0.239294 -0.513093 -0.095923 -0.293901 -0.062323 -0.279566 -0.191551 0.035475 -0.219424 -0.197072 -0.256048 -0.320502 -0.413313 0.241532 0.147713 0.373326 0.357195 -0.234890 0.081140 -0.122890 0.000225 -0.250108 -0.234394 -0.111885 0.106914 0.205255 0.301388
-0.083461 -0.347772 0.205366 -0.178036 -0.061524 -0.126914 -0.398963 -0.497994 -0.374725 -0.524545 0.318713 -0.547679 0.082254 -0.592503 0.333530 0.010685 0.131013 -0.139885 0.164794 -0.160627 0.310138 0.335604 0.326448 0.081234 -0.029324 0.215233 0.622068 1.000000 0.182466 -0.082002 -0.169908 -0.209834 -0.169282 -0.298224 0.226329 -0.075758 0.263449 0.282341 0.184115 -0.214036 0.104629 0.487545 0.269792 0.322173 0.172457 0.189701 0.078384 0.041534 0.034272 -0.032066 0.402654 -0.088080 -0.086445 -0.194913 0.105443 -0.055258 -0.036783 -0.167895 0.023013 -0.211943 -0.243945 -0.638462 -0.333841 -0.365670 0.084099 -0.280166 0.163591 0.196832 -0.012939 0.043081 -0.285149 -0.217445 0.043580 0.070810 -0.020226 0.089804 0.294086 0.389633 0.030308 0.059926 -0.021507 0.124555 0.143346 0.029364 0.154382 0.156914 -0.176191 -0.151329 -0.016670 -0.188135 -0.442352 -0.241603 -0.189418 -0.245774 -0.153768 -0.231436 0.059768 -0.265968 -0.239002 -0.213853 -0.479660 -0.221433 0.316321 0.227701 0.288294 0.364248 -0.015691 0.195524 -0.221155 0.079995 0.086433 -0.236634 -0.214888 -0.022448 0.017550 0.149338
-0.049977 -0.202745 0.017073 -0.124595 -0.050314 -0.329203 -0.007645 -0.328053 -0.078762 -0.279938 0.474724 -0.117535 0.371679 -0.048850 0.284301 0.111765 0.538013 0.231243 0.305619 0.296717 0.090344 -0.024101 0.071561 -0.223383 -0.167461 -0.136455 -0.009784 0.182466 1.000000 0.628846 -0.043443 -0.035136 0.182727 0.026834 0.080667 -0.084987 0.342479 0.280328 0.056999 -0.184499 0.154661 0.161168 0.185894 0.235447 0.025200 0.073005 -0.008524 -0.132811 -0.184271 -0.087436 -0.173975 -0.039695 -0.208340 -0.167257 -0.221376 -0.306529 -0.069213 -0.242062 -0.122247 -0.233613 -0.195499 -0.357081 -0.017125 -0.110749 -0.076297 -0.340828 0.098316 -0.249935 -0.003706 -0.183409 -0.312295 -0.207031 0.742735 0.306296 0.363197 0.219544 0.540152 0.383654 0.387706 0.332338 0.130065 0.305839 0.289778 0.273837 0.168931 0.084332 -0.210381 -0.226172 -0.123710 -0.195160 -0.372056 -0.355716 -0.319207 -0.376542 -0.138270 -0.160260 -0.096811 -0.230945 -0.343203 -0.200783 -0.280510 -0.089567 0.026068 0.040607 -0.000512 0.149929 -0.001304 0.083057 -0.174095 0.082737 -0.011562 -0.187760 -0.216519 -0.056610 -0.013738 -0.020060
-0.079189 0.059041 -0.255278 0.002376 -0.228072 0.094773 -0.145137 -0.152387 0.011330 0.045396 0.187124 0.310546 0.184669 0.381284 0.180304 0.139649 0.361016 0.542840 0.049678 0.161633 0.251264 0.223865 0.022112 -0.092754 0.036549 0.092693 -0.125432 -0.082002 0.628846 1.000000 0.211992 0.195216 0.027187 -0.047031 -0.136466 -0.058969 0.156362 0.284703 -0.047841 -0.084178 -0.078081 -0.117621 -0.053160 0.066920 -0.046967 -0.121394 -0.051515 -0.275765 -0.186140 -0.080109 -0.211181 -0.020747 -0.172482 -0.008328 -0.236766 -0.248593 0.046125 -0.129201 -0.235804 -0.322416 -0.130960 -0.032221 0.166592 0.216835 -0.174636 -0.083644 -0.198202 -0.424791 0.100266 -0.339933 -0.100355 0.053722 0.767095 0.577407 0.475732 0.137478 0.132823 0.058376 0.487856 0.647244 0.352734 0.380493 0.290289 0.433131 0.249384 0.066880 -0.129694 -0.132907 0.016785 0.034000 -0.297106 -0.437793 -0.429620 -0.315819 -0.115309 -0.024625 -0.196046 -0.127673 -0.363665 -0.193751 -0.086257 0.068691 -0.095563 -0.090691 -0.183055 -0.004852 0.052671 0.050119 -0.127023 0.041082 -0.042164 -0.148483 -0.155450 -0.056264 0.125946 0.034389
-0.051648 -0.033481 0.199633 0.153767 -0.014925 0.527103 0.170726 0.249209 0.332140 0.303334 -0.112796 0.338716 0.028757 0.287775 -0.035150 -0.248628 -0.076799 0.217706 -0.150627 -0.333441 0.088410 0.347676 0.610666 0.566260 0.688011 0.578330 -0.034109 -0.169908 -0.043443 0.211992 1.000000 0.880402 0.174990 0.477136 -0.036719 0.366668 -0.198576 -0.160566 -0.098418 0.331479 -0.016023 -0.311541 -0.442446 -0.373495 -0.273910 -0.167607 -0.042983 -0.178854 -0.283183 -0.181369 -0.277336 -0.385080 -0.163084 -0.079389 0.027764 -0.081061 0.235395 0.125169 -0.148270 -0.357358 0.295295 0.042174 0.283529 0.355914 0.358524 0.049926 -0.103682 0.047616 -0.119211 -0.251996 0.311702 0.368493 0.133565 -0.018650 0.143623 -0.021725 -0.352025 -0.367055 0.150333 0.197979 0.040621 -0.109084 -0.030876 -0.190695 -0.224438 -0.371617 0.348425 0.284553 0.086164 -0.012666 -0.101122 -0.187653 -0.125136 -0.098517 0.216722 0.388020 0.064175 0.356223 -0.112413 -0.049743 0.269175 0.191272 -0.337417 -0.404761 -0.482747 -0.460689 -0.125769 -0.404631 0.395064 -0.096502 0.044454 0.129309 -0.160061 -0.115189 0.146586 -0.120603
-0.163516 -0.214291 0.239428 0.250015 -0.113957 0.587982 0.267893 0.461234 0.292081 0.389475 -0.173969 0.377975 -0.087431 0.340461 -0.118950 -0.250296 -0.148364 0.153290 -0.149707 -0.309771 -0.101069 0.224838 0.564637 0.701735 0.667158 0.666325 -0.188707 -0.209834 -0.035136 0.195216 0.880402 1.000000 0.244810 0.603842 0.067114 0.448157 -0.185403 -0.196878 -0.147875 0.338164 -0.050907 -0.388943 -0.469986 -0.395162 -0.333771 -0.174436 -0.012059 -0.143745 -0.370192 -0.279868 -0.355458 -0.390034 -0.098155 -0.015103 0.075188 -0.055505 0.113844 -0.068917 -0.214467 -0.351042 0.255356 0.054004 0.259709 0.348387 0.443709 0.102185 -0.096455 0.129403 -0.251080 -0.279090 0.146576 0.247469 0.070721 -0.094185 0.155185 -0.043384 -0.251896 -0.280960 0.037314 0.087361 -0.094786 -0.289408 -0.063065 -0.127222 -0.154219 -0.330853 0.369422 0.380867 0.134515 0.078933 -0.005693 -0.119348 0.051257 -0.051776 0.179140 0.376216 0.106891 0.374795 -0.045108 0.003675 0.309631 0.210330 -0.332128 -0.396776 -0.451600 -0.493308 -0.110734 -0.439476 0.386147 -0.116787 0.023074 0.174174 -0.106018 -0.063076 0.158494 -0.154973
-0.018763 0.211960 0.285021 0.341849 -0.019674 -0.176719 0.547583 0.346083 0.100220 -0.067567 0.036915 0.109075 0.179440 0.173528 0.034919 0.003376 -0.058104 -0.110942 0.351777 0.105000 -0.210055 -0.142443 0.128516 -0.024073 -0.027831 -0.059955 -0.123346 -0.169282 0.182727 0.027187 0.174990 0.244810 1.000000 0.767801 0.117694 0.178352 -0.041750 -0.059802 0.161601 0.392589 0.245907 0.007794 -0.154127 -0.178057 -0.179727 -0.031962 0.099597 -0.055128 -0.373978 -0.125353 -0.460067 -0.204217 -0.151499 0.063431 0.046500 0.148841 0.129164 0.256631 -0.061166 0.097535 -0.010409 0.098309 0.028995 0.011205 0.135236 -0.128415 0.258268 -0.014296 0.066548 -0.176906 -0.246947 -0.134071 0.149845 -0.377663 -0.112511 -0.235406 0.131250 -0.088862 0.107253 -0.241761 -0.121761 -0.112396 0.078261 -0.055025 -0.170764 -0.190561 0.218701 0.214048 0.092725 0.079613 -0.221396 -0.115286 -0.073268 -0.035216 0.148904 0.333912 0.082155 0.388430 -0.019302 0.117622 0.075182 0.017421 -0.305399 -0.498684 -0.402984 -0.371842 -0.290358 -0.517249 0.272820 -0.179795 -0.034679 0.229569 0.160595 -0.226778 -0.106435 -0.261337
-0.093445 0.033915 0.339875 0.330442 -0.079732 0.158577 0.591539 0.536920 0.155109 0.145415 -0.216150 0.266136 0.014945 0.264371 -0.177782 -0.144067 -0.214908 -0.151965 0.126227 -0.041890 -0.321231 -0.135727 0.274031 0.321064 0.190617 0.111885 -0.261189 -0.298224 0.026834 -0.047031 0.477136 0.603842 0.767801 1.000000 0.236066 0.493938 -0.091302 -0.173807 0.041501 0.443010 0.216093 -0.193165 -0.284531 -0.352900 -0.323755 -0.104251 0.048792 0.009456 -0.493499 -0.272972 -0.523071 -0.323273 -0.103758 0.025908 0.065817 0.083748 0.126058 0.146407 -0.068929 0.017426 0.217002 0.193347 0.178973 0.139581 0.232568 0.007433 0.231823 0.163218 -0.060540 -0.070082 -0.134681 -0.041456 -0.001499 -0.465827 -0.070111 -0.132257 -0.032233 -0.126828 -0.057551 -0.255925 -0.266540 -0.352574 -0.084926 -0.189788 -0.325124 -0.360897 0.275736 0.293427 0.067570 0.024613 -0.017669 -0.007367 0.091643 0.027026 0.282438 0.441871 0.126217 0.489863 0.082527 0.149955 0.270289 0.159359 -0.352823 -0.432308 -0.465194 -0.481701 -0.251004 -0.550854 0.400075 -0.090332 0.109480 0.353675 0.106072 -0.166654 -0.135901 -0.352748
-0.206694 -0.379821 0.105918 -0.300036 0.059280 0.026930 -0.055029 -0.088456 -0.158265 -0.215140 -0.213978 -0.195631 -0.142769 -0.261036 -0.064082 -0.241306 -0.237332 -0.124151 -0.111932 -0.227895 -0.054851 0.019486 0.151244 0.074045 0.054113 0.040982 0.050269 0.226329 0.080667 -0.136466 -0.036719 0.067114 0.117694 0.236066 1.000000 0.685962 0.078753 -0.042376 0.070361 0.061370 0.188759 0.020204 0.192480 0.087941 0.070738 0.316635 0.071525 0.295157 -0.268449 -0.007920 -0.146550 -0.028625 -0.001178 0.091836 -0.025936 0.110206 -0.111587 -0.116248 0.042779 0.020598 -0.095944 -0.196218 -0.330348 -0.311758 0.231932 -0.063629 0.393928 0.453205 -0.253200 0.145723 -0.407460 -0.243438 -0.140407 -0.296471 -0.044104 0.097551 0.186384 0.236631 -0.244201 -0.091593 -0.401282 -0.251332 -0.248186 -0.054532 -0.262379 -0.111083 -0.064290 0.172603 0.082622 0.007185 0.055626 0.150651 0.078253 -0.049403 0.172165 0.167307 0.102938 0.098033 0.073608 0.022548 -0.021214 0.133129 -0.057766 0.182057 0.018210 0.158984 0.090742 0.110140 0.092194 0.219894 0.444487 0.229598 0.120238 -0.109914 -0.189339 -0.129303
-0.186984 -0.288860 0.108679 -0.146051 0.000158 0.339025 0.076058 0.176590 0.076627 0.134255 -0.380179 0.023337 -0.150969 -0.056106 -0.107455 -0.262494 -0.306607 -0.057350 -0.267750 -0.360084 -0.046101 0.138874 0.304093 0.364908 0.329696 0.262929 -0.160449 -0.075758 -0.084987 -0.058969 0.366668 0.448157 0.178352 0.493938 0.685962 1.000000 0.000114 -0.087703 0.082215 0.231334 0.125155 -0.134540 -0.064418 -0.127659 -0.121063 0.180816 -0.025437 0.240400 -0.399924 -0.096007 -0.289148 -0.216078 -0.092021 0.091904 -0.116299 0.018579 0.033897 0.007037 -0.104828 -0.172774 0.038183 -0.042287 -0.104232 -0.108270 0.322270 0.042021 0.080393 0.437885 -0.221018 0.074026 -0.046223 0.080381 -0.129846 -0.263827 0.129001 0.136097 -0.119133 0.001099 -0.219687 -0.048478 -0.283274 -0.302849 -0.141696 -0.025693 -0.231567 -0.207008 0.157109 0.327131 0.191783 0.063802 0.180003 0.099366 0.118996 -0.105753 0.299412 0.372372 -0.003457 0.278070 0.059444 0.053076 0.194811 0.365881 -0.386980 -0.068556 -0.317302 -0.191090 0.152522 -0.106975 0.222457 0.191255 0.508356 0.287014 0.066308 -0.157327 -0.184376 -0.222183
