1.000000 0.531829 0.239223 -0.109251 0.106448 -0.187899 0.194931 -0.029868 -0.166057 -0.067814 0.403900 0.271751 0.326383 0.300282 0.213773 0.167009 0.024511 -0.035857 0.601695 0.539706 0.160284 -0.081775 -0.132133 -0.263110 -0.313104 -0.408214 0.009180 -0.041330 0.185342 0.032107 0.079740 -0.147914 0.069048 -0.013120 -0.365446 -0.325825 -0.043424 -0.269132 -0.077022 -0.117603 -0.170083 0.107564 -0.082408 -0.126124 -0.255693 -0.453843 -0.291724 -0.104904 0.084010 -0.343047 -0.336797 -0.291281 -0.260711 -0.297889 -0.243030 -0.400504 0.232266 -0.140541 0.384195 0.220796 0.282126 0.168534 -0.075843 -0.082049 -0.147796 -0.143099 0.110579 -0.391632 -0.018541 -0.102481 0.326051 0.219749 0.168281 0.194655 0.205283 0.385048 0.232453 0.126745 -0.304928 -0.091333 -0.212847 -0.156950 0.228074 0.102657 -0.166643 0.064228 -0.197614 -0.118088 -0.089911 -0.063528 0.039024 0.165732 0.002887 0.025192 -0.142190 -0.005865 -0.108057 -0.041055 -0.083581 0.007121 0.072925 0.125280 0.045562 -0.056741 -0.013764 -0.069239 0.171679 0.182088 -0.084313 -0.167485 -0.244583 -0.068589 0.073415 -0.157004 -0.199546 0.074843
0.531829 1.000000 -0.085612 -0.057614 -0.121423 -0.238379 -0.055242 0.047487 -0.433270 0.029062 0.214495 0.434848 0.058677 0.409827 0.002945 0.206997 0.187785 0.300384 0.188708 0.574485 0.036178 -0.141508 -0.346467 -0.379091 -0.252780 -0.415389 -0.135007 -0.310801 0.288160 0.280844 0.227840 -0.056136 0.291494 0.245461 -0.378908 -0.258935 0.113840 -0.014216 -0.144137 -0.196133 -0.054206 0.121844 0.051192 -0.046941 -0.237892 -0.356905 -0.101305 0.090248 0.037273 -0.192305 -0.522111 -0.190662 -0.128907 -0.110168 -0.220551 -0.219243 0.212502 0.237115 0.031235 0.179051 0.004378 0.294201 -0.041542 0.165104 -0.453780 -0.114098 -0.161529 -0.413254 0.119979 -0.003866 0.310207 0.295205 0.285044 0.344723 0.277696 0.394375 0.307045 0.244324 -0.079062 0.090812 0.075993 0.085937 0.057509 0.300210 -0.145269 0.097307 -0.206937 -0.079822 -0.286569 -0.231593 0.148143 -0.033514 -0.111912 -0.241082 -0.191532 0.091894 -0.004328 0.033699 0.171035 0.021600 -0.109232 -0.110893 -0.110908 -0.241537 -0.136215 -0.198887 0.016434 0.028374 0.055553 -0.066536 -0.068243 0.128269 0.180099 -0.091452 -0.216954 -0.096943
0.239223 -0.085612 1.000000 0.210585 0.499090 0.049265 0.685930 0.187694 0.511862 0.073336 0.334042 0.107139 0.237058 0.076534 0.345218 0.100758 -0.151899 -0.247573 0.408342 0.134991 0.007562 -0.078854 0.396242 0.231001 0.035525 0.087672 0.334078 0.292650 -0.199048 -0.295616 0.056495 -0.131111 0.049609 -0.097609 0.024941 -0.119890 -0.035242 -0.096728 0.212215 0.163032 -0.000265 -0.234030 -0.012544 0.097946 -0.269495 -0.283967 -0.172048 -0.027970 0.322254 -0.172259 0.254291 0.100224 0.049756 -0.088223 0.071043 0.045025 -0.268837 -0.358343 0.498700 0.126237 0.162806 0.071661 -0.326405 -0.392543 0.462830 0.142947 0.320020 -0.079500 -0.308138 -0.157174 0.108236 -0.062219 -0.132177 -0.033651 -0.009767 0.000781 -0.063069 -0.103857 -0.372349 -0.234162 -0.494300 -0.349537 -0.045844 -0.215098 -0.158821 0.010208 -0.075452 -0.036145 0.309756 0.255328 -0.224600 0.000557 -0.183013 -0.109018 -0.030628 -0.044720 0.149909 -0.023092 -0.136854 -0.141926 -0.204082 -0.095894 -0.171664 -0.253299 -0.149647 -0.172112 -0.097803 0.102949 -0.042089 -0.150174 -0.000476 -0.065054 -0.018225 -0.321401 -0.115508 -0.077012
-0.109251 -0.057614 0.210585 1.000000 0.079537 0.355664 0.106474 0.513727 -0.011273 0.157849 0.127751 0.351942 0.068881 0.233245 0.235472 0.281832 -0.427460 -0.378632 -0.124920 -0.235106 -0.133406 0.133702 0.297917 0.530683 0.092887 0.198659 0.221876 0.374401 -0.461027 -0.409952 -0.125274 -0.165327 -0.226320 -0.205190 0.096835 0.128825 -0.151981 -0.096278 0.022614 -0.055360 -0.087951 -0.085148 0.035832 0.052197 -0.000748 0.136296 0.013504 -0.034380 0.178460 -0.028502 0.275351 0.144421 0.171718 0.059300 -0.033992 0.071516 -0.275918 -0.374375 -0.028452 0.099356 -0.122744 0.149811 -0.382114 -0.368577 0.164438 0.490393 -0.102493 0.151448 -0.151107 -0.147643 -0.108917 -0.044459 -0.478254 -0.199427 -0.250964 -0.128979 -0.333720 -0.215189 -0.277760 -0.390405 -0.233317 -0.410086 -0.100340 0.107904 0.265489 0.457559 0.099381 0.307539 0.188778 0.375203 -0.060244 -0.219923 0.069385 0.006548 -0.308489 -0.334431 -0.046702 -0.338741 -0.150027 -0.369812 -0.100196 -0.137825 -0.083374 -0.138997 0.050480 -0.106276 -0.223166 -0.237861 -0.406397 -0.363744 -0.178690 -0.323194 -0.198360 -0.192616 -0.055264 -0.254555
0.106448 -0.121423 0.499090 0.079537 1.000000 0.254046 0.454510 0.227141 0.342707 0.356559 0.205924 0.229163 0.144676 0.151616 0.301348 0.248072 -0.266238 -0.243848 0.180350 0.211896 0.068302 -0.081567 0.055785 0.074645 0.113134 0.022461 0.268075 0.121091 -0.099235 -0.122410 -0.009828 -0.044622 -0.187402 -0.197037 -0.113523 -0.034012 -0.118247 -0.368952 -0.147101 -0.076835 -0.293621 -0.228871 0.194304 0.188079 -0.010206 0.033976 -0.011034 0.203169 0.241372 0.098598 0.027687 0.136242 0.050810 0.139849 -0.100719 -0.047348 -0.280190 -0.328450 0.192020 0.068641 -0.097142 0.100970 -0.369124 -0.373756 0.170049 0.247081 0.076647 -0.113598 -0.132250 0.032088 0.200341 0.045215 -0.105185 0.068939 -0.010972 0.051481 -0.062944 -0.111397 -0.420907 -0.261990 -0.299871 -0.261674 -0.096932 0.111165 -0.265952 -0.110706 -0.139234 -0.047041 0.045705 -0.018032 -0.037895 0.118354 -0.041527 -0.003589 -0.070675 -0.104439 -0.045722 -0.022478 0.068608 -0.070100 -0.033559 0.048562 -0.014708 -0.113248 -0.024432 -0.062755 -0.052923 0.072264 -0.064977 -0.190116 0.017427 0.112034 0.102742 -0.115623 0.003075 -0.081547
-0.187899 -0.238379 0.049265 0.355664 0.254046 1.000000 -0.169644 0.177763 0.178270 0.140654 -0.066536 0.103148 -0.117726 -0.093171 0.214046 0.278516 -0.318003 -0.283459 -0.053501 -0.185142 -0.082036 0.062818 0.165032 0.301712 0.124561 0.300631 0.492472 0.463523 -0.483646 -0.392959 -0.452040 -0.193830 -0.206591 -0.138327 0.208415 0.217879 -0.203323 -0.277021 -0.016831 -0.007390 -0.154814 -0.204550 0.049343 -0.149143 -0.100087 0.089675 0.001634 0.028379 0.004731 -0.157133 0.352317 0.098520 0.315977 0.193152 0.242500 0.050519 -0.173707 -0.318303 0.074400 0.065787 0.051428 0.113621 -0.166650 -0.185517 0.239857 0.299491 0.111513 0.317397 -0.055699 0.068191 -0.285399 -0.249643 -0.466116 -0.332490 -0.420048 -0.382956 -0.360431 -0.189436 -0.244032 -0.268663 -0.224117 -0.274166 -0.095174 0.001475 0.040247 0.188490 0.091810 0.168113 0.215950 0.211762 -0.103947 -0.102170 0.021597 0.078070 -0.154513 -0.125614 0.180285 -0.138997 -0.020933 -0.035247 0.028309 -0.022539 0.066044 0.076579 0.101925 0.049157 -0.072731 -0.031956 -0.255889 -0.083689 0.014195 0.048609 -0.080701 0.009900 0.167408 -0.276037
0.194931 -0.055242 0.685930 0.106474 0.454510 -0.169644 1.000000 0.413215 0.444105 0.258209 0.409944 0.197372 0.361370 0.254042 0.320309 0.133324 -0.016844 -0.044479 0.256978 0.095473 -0.076886 -0.183185 0.172600 0.095241 -0.108380 -0.121990 -0.036934 -0.104166 0.179830 0.086536 0.229017 0.073251 0.155752 0.047963 0.009747 -0.132678 -0.088407 -0.008786 0.115920 0.152129 0.064711 -0.063479 0.075726 0.187965 -0.032442 -0.073247 -0.269841 -0.034557 0.179321 0.123042 0.021065 -0.013324 -0.170665 -0.225455 -0.262405 -0.113547 -0.220602 -0.303280 0.256437 -0.150019 0.045701 0.150176 -0.185572 -0.339574 0.414122 0.269396 0.103034 -0.226943 -0.357650 -0.280953 0.095778 -0.125896 0.099598 0.044486 0.130952 0.138342 0.064665 -0.099292 -0.200848 -0.122688 -0.293528 -0.226749 -0.009457 0.122804 -0.145885 -0.061236 -0.079580 -0.045089 0.082230 0.125378 -0.278694 -0.001617 -0.148974 -0.097845 -0.009957 0.112055 -0.108244 0.147861 -0.258623 -0.115830 -0.177375 -0.050631 -0.142377 -0.259822 -0.160364 -0.120852 -0.180041 0.163922 0.088215 -0.041436 0.061850 -0.100341 0.036036 -0.217997 -0.160572 0.073970
-0.029868 0.047487 0.187694 0.513727 0.227141 0.177763 0.413215 1.000000 0.091230 0.652645 0.197435 0.510745 0.132700 0.493126 0.099887 0.379365 -0.128211 0.003992 -0.119305 -0.045897 -0.243991 -0.103164 -0.199769 0.019168 0.037129 0.013061 -0.159568 -0.237254 -0.053578 0.173302 0.034581 0.094385 0.083252 0.154960 -0.106945 0.027258 -0.241134 -0.121475 -0.263234 -0.108755 0.054041 -0.008892 0.125664 0.072556 -0.027573 0.116377 -0.114711 -0.016246 0.112954 0.175541 -0.060457 0.018414 0.036387 -0.163823 -0.279413 -0.107750 -0.186766 -0.275025 0.042143 0.032238 -0.026548 0.558999 -0.137558 -0.103081 0.078855 0.637536 -0.196644 -0.054317 -0.208039 -0.213631 -0.042552 -0.107681 -0.083599 -0.000491 -0.070027 -0.091241 -0.120880 -0.074753 -0.046960 -0.170021 -0.028120 -0.141926 -0.242589 0.402144 -0.045498 0.105978 -0.276456 -0.006221 -0.138065 0.004094 -0.047782 -0.198338 -0.097642 -0.190793 -0.142169 -0.119407 -0.220134 -0.099352 -0.262890 -0.298033 -0.162082 -0.237237 -0.145796 -0.292432 -0.102655 -0.170552 -0.135704 0.047737 -0.255829 -0.262790 -0.253182 -0.203612 0.005182 -0.128669 -0.116376 -0.177320
-0.166057 -0.433270 0.511862 -0.011273 0.342707 0.178270 0.444105 0.091230 1.000000 0.140688 0.034050 -0.261388 0.008399 -0.266070 0.221915 -0.076731 0.048118 0.019002 0.094734 -0.137839 -0.261554 -0.150250 0.398804 0.259439 0.169105 0.244425 0.276178 0.184600 -0.123493 -0.155057 -0.057901 -0.015278 0.020538 0.025306 0.386161 0.015825 -0.109564 -0.027811 0.066666 0.161375 0.060072 -0.370244 -0.021768 0.051631 -0.023384 -0.005933 -0.050603 -0.036573 0.034344 -0.001673 0.466783 0.113005 0.162002 0.108413 0.040555 0.139449 -0.075019 -0.113090 0.270611 0.004979 0.201198 -0.006748 0.101610 0.040048 0.652821 0.157729 0.295217 0.187178 -0.204354 0.020771 -0.202148 -0.339258 -0.038654 -0.176869 -0.164769 -0.244819 -0.046409 -0.091297 -0.020125 0.098045 -0.214681 -0.016653 -0.205720 -0.306105 -0.082932 -0.199228 -0.088437 -0.145591 0.318738 0.259848 -0.328568 -0.124650 -0.251679 -0.113097 0.095224 -0.049930 0.103377 -0.018580 -0.029045 -0.038441 -0.237058 -0.138212 -0.180826 -0.216254 -0.207523 -0.148065 -0.041635 0.155966 -0.037877 0.047377 0.102377 0.032675 0.029731 -0.211474 -0.118129 -0.099876
-0.067814 0.029062 0.073336 0.157849 0.356559 0.140654 0.258209 0.652645 0.140688 1.000000 -0.003156 0.332629 0.013336 0.348924 -0.044974 0.346014 -0.045857 0.086477 -0.109759 0.181109 -0.112418 -0.154907 -0.336774 -0.203530 0.038964 -0.063861 -0.113333 -0.352665 -0.007396 0.256513 0.123508 0.078734 0.033181 0.105248 -0.253226 0.090909 -0.336970 -0.175014 -0.332364 0.009419 0.014191 -0.104086 0.136426 0.116664 0.036788 0.084686 -0.057155 0.259549 0.082357 0.255519 -0.157891 0.047722 0.021722 0.097978 -0.361261 0.005255 -0.069603 -0.112445 0.021930 0.082059 -0.165652 0.523155 -0.151955 -0.071005 -0.071595 0.597717 -0.268156 -0.164865 0.015903 0.034594 0.186153 0.052822 -0.023043 0.227022 0.154526 0.089139 0.036470 0.150561 -0.033724 0.039743 0.042449 -0.019149 -0.332660 0.390641 -0.312805 -0.184108 -0.301964 -0.180741 -0.308550 -0.180321 0.134833 -0.010562 -0.004663 -0.148260 -0.061719 0.023682 -0.243833 0.034477 0.024650 -0.019667 -0.035086 -0.086800 -0.035154 -0.218295 -0.069923 -0.117577 0.086751 0.156934 -0.069810 -0.119306 -0.104230 0.076494 0.105658 -0.062598 -0.182769 -0.017354
0.403900 0.214495 0.334042 0.127751 0.205924 -0.066536 0.409944 0.197435 0.034050 -0.003156 1.000000 0.601678 0.757690 0.595231 0.631728 0.426636 -0.128432 -0.091471 0.052170 0.089267 -0.212966 -0.185865 -0.031678 -0.007522 -0.361512 -0.359140 -0.033730 0.011355 0.170701 -0.005337 0.157946 -0.228662 -0.063228 -0.095875 -0.042018 -0.101145 0.055781 0.072142 0.150911 -0.000774 -0.063731 -0.025824 0.175908 0.209701 -0.055890 -0.108153 -0.085352 0.068040 0.295388 -0.130829 -0.052984 -0.141136 -0.242118 -0.297217 -0.014926 -0.217131 -0.335829 -0.408222 0.158481 -0.142149 0.107199 -0.002694 -0.239985 -0.306734 0.089969 0.066428 -0.023291 -0.265764 -0.332931 -0.329539 0.126496 0.084418 0.073795 -0.069986 -0.044659 0.147175 0.052501 0.008861 -0.290595 -0.303694 -0.266681 -0.256935 0.182301 0.241324 0.182332 0.301989 -0.081111 0.138487 0.043269 -0.159670 -0.125792 -0.002416 -0.006746 -0.077379 0.010206 0.085371 0.102633 0.063510 -0.176175 -0.247526 -0.136393 -0.070929 -0.146446 -0.165887 -0.100063 -0.152628 -0.065907 0.020448 -0.021281 -0.043914 0.021907 -0.055016 -0.021908 -0.189371 -0.160275 0.001540
0.271751 0.434848 0.107139 0.351942 0.229163 0.103148 0.197372 0.510745 -0.261388 0.332629 0.601678 1.000000 0.483666 0.854954 0.323589 0.669976 -0.260247 -0.032374 -0.083583 0.101507 -0.023846 -0.183945 -0.342654 -0.109308 -0.249708 -0.313815 -0.080088 -0.225202 0.019326 0.127051 0.134998 -0.148901 -0.068615 -0.053454 -0.224391 -0.104091 -0.073302 -0.040181 -0.243024 -0.159372 -0.123100 -0.021497 0.250635 0.218094 -0.049515 -0.056524 0.028826 0.188582 0.350765 0.004037 -0.222374 0.022344 -0.066806 -0.139843 -0.215875 -0.186625 -0.388336 -0.445488 0.073945 0.044611 -0.089917 0.354268 -0.400113 -0.372789 -0.211036 0.384771 -0.104745 -0.264524 -0.147467 -0.258999 0.273544 0.242272 -0.029696 0.135533 0.080186 0.250601 -0.004794 0.021756 -0.291378 -0.261387 -0.140297 -0.213363 -0.134279 0.468457 -0.000935 0.442543 -0.271370 0.118658 -0.263154 -0.310215 -0.000284 -0.081629 0.000756 -0.150188 -0.204190 -0.005857 -0.071273 -0.098528 -0.123454 -0.382901 -0.134156 -0.122564 -0.138498 -0.194726 -0.081218 -0.170997 -0.045405 -0.073580 -0.144669 -0.164415 -0.041645 -0.195856 -0.027408 -0.229845 -0.157244 -0.164133
0.326383 0.058677 0.237058 0.068881 0.144676 -0.117726 0.361370 0.132700 0.008399 0.013336 0.757690 0.483666 1.000000 0.635549 0.555209 0.428486 -0.082680 -0.096186 0.065179 -0.077498 -0.153597 -0.247852 -0.196577 -0.215490 -0.510075 -0.487083 -0.135499 -0.082725 0.231493 0.092616 0.059589 -0.314533 -0.113054 -0.215367 -0.178549 -0.258391 -0.028923 0.036150 0.208288 0.086531 0.050935 0.128800 0.146358 0.138975 -0.078427 -0.232720 -0.112854 -0.079654 0.264847 -0.108015 -0.089888 -0.091359 -0.269712 -0.400714 -0.015720 -0.253793 -0.296397 -0.375185 0.170322 -0.247561 0.185310 -0.029984 -0.119179 -0.289221 -0.011167 0.088929 -0.114228 -0.427542 -0.289964 -0.426759 0.189361 0.028700 0.081841 0.067164 0.011816 0.135074 0.079728 0.045866 -0.187107 -0.253129 -0.150200 -0.200418 0.081396 0.181469 0.041135 0.289060 -0.068550 0.140757 -0.038683 -0.196871 -0.203289 0.156331 0.162448 0.153206 0.024009 0.224225 0.056967 0.171276 -0.195429 -0.100840 0.120309 0.164383 0.109621 0.051590 0.147293 0.104029 -0.081028 0.012181 0.078433 -0.057487 -0.001895 -0.056577 0.040614 -0.051495 -0.030870 0.143753
0.300282 0.409827 0.076534 0.233245 0.151616 -0.093171 0.254042 0.493126 -0.266070 0.348924 0.595231 0.854954 0.635549 1.000000 0.335237 0.656146 -0.135680 0.075336 -0.080314 0.095509 -0.032330 -0.174848 -0.424545 -0.281544 -0.315578 -0.463738 -0.206194 -0.345633 0.191454 0.311567 0.198726 -0.144611 -0.058585 -0.076836 -0.375058 -0.185955 -0.074770 0.053708 -0.160974 -0.150210 0.016633 0.149681 0.241349 0.194217 -0.084428 -0.153851 -0.045012 0.065584 0.285301 0.011183 -0.306099 -0.048178 -0.169486 -0.296035 -0.245818 -0.235491 -0.299492 -0.346528 0.079928 -0.064857 -0.025229 0.361330 -0.269730 -0.284771 -0.308542 0.328720 -0.229793 -0.450905 -0.076045 -0.330970 0.349351 0.269430 0.081001 0.252575 0.187291 0.344472 0.113106 0.109308 -0.163405 -0.225652 -0.022506 -0.110307 -0.072079 0.493383 -0.039506 0.359797 -0.279685 0.089207 -0.274077 -0.327286 0.051799 0.020792 0.054749 -0.085789 -0.204856 0.102752 -0.104185 0.034232 -0.151997 -0.257564 -0.044649 -0.056582 -0.055155 -0.161692 -0.013085 -0.102113 -0.117338 -0.048669 -0.100420 -0.172587 -0.097839 -0.172071 0.027741 -0.215162 -0.118307 0.004358
0.213773 0.002945 0.345218 0.235472 0.301348 0.214046 0.320309 0.099887 0.221915 -0.044974 0.631728 0.323589 0.555209 0.335237 1.000000 0.575830 -0.231728 -0.239393 0.122006 0.017565 -0.140511 -0.057458 0.152113 0.174353 -0.283917 -0.145733 0.192570 0.326802 -0.010430 -0.141978 -0.142066 -0.283028 -0.226758 -0.343396 -0.037305 -0.268025 0.191625 0.020670 0.291214 0.036857 -0.215947 -0.056884 0.199959 0.117464 -0.128026 -0.169216 0.077507 -0.038977 0.216513 -0.217259 0.154663 -0.080578 -0.078538 -0.160676 0.255792 -0.058878 -0.354484 -0.358246 0.138937 -0.176766 0.109628 -0.159802 -0.279124 -0.319877 0.200002 0.012520 -0.042626 -0.233344 -0.340688 -0.248351 -0.008028 0.021254 -0.124069 -0.172211 -0.258861 0.063683 -0.148961 -0.043697 -0.348252 -0.328403 -0.297897 -0.250080 0.332100 0.276133 0.252898 0.359205 0.013026 0.116809 0.251518 0.028732 -0.148669 0.023959 -0.015753 0.000297 -0.024514 -0.025863 0.186697 -0.023342 -0.077108 -0.183758 -0.108502 -0.043271 -0.089948 -0.138645 0.016012 -0.082922 -0.211623 -0.110093 -0.165988 -0.058120 -0.095320 -0.076828 0.019176 -0.139227 0.008881 -0.093535
0.167009 0.206997 0.100758 0.281832 0.248072 0.278516 0.133324 0.379365 -0.076731 0.346014 0.426636 0.669976 0.428486 0.656146 0.575830 1.000000 -0.337780 -0.167307 0.006793 0.026900 -0.062132 -0.067069 -0.260896 -0.086999 -0.243804 -0.231752 0.040051 -0.009235 -0.059660 0.021206 -0.050004 -0.204259 -0.213952 -0.242074 -0.299283 -0.166770 0.015081 -0.066877 0.010132 0.010098 -0.235681 -0.032340 0.206056 0.055984 -0.151883 -0.152312 0.119996 0.011844 0.285380 -0.131626 -0.121933 -0.057808 -0.042534 -0.196142 0.032985 -0.120281 -0.414841 -0.510793 0.228532 0.065133 0.111833 0.362846 -0.383132 -0.314511 -0.129148 0.360665 -0.108858 -0.280120 -0.148095 -0.246646 0.104734 0.135682 -0.179938 0.001262 -0.171966 0.082927 -0.178202 0.001101 -0.345575 -0.343961 -0.227476 -0.264422 -0.058453 0.545888 -0.068041 0.311639 -0.168157 -0.013552 -0.001366 -0.171169 0.027967 -0.018943 0.073078 -0.028012 -0.045829 0.041779 0.054325 -0.087960 -0.107986 -0.166550 0.033850 -0.011126 0.017296 -0.072675 0.089817 -0.021853 -0.110529 0.051252 -0.174411 -0.121244 -0.149459 -0.107758 0.058537 -0.078067 0.006360 -0.030092
0.024511 0.187785 -0.151899 -0.427460 -0.266238 -0.318003 -0.016844 -0.128211 0.048118 -0.045857 -0.128432 -0.260247 -0.082680 -0.135680 -0.231728 -0.337780 1.000000 0.788774 -0.028265 0.204663 -0.160462 -0.114143 -0.199212 -0.369179 -0.096484 -0.130053 -0.285325 -0.328410 0.595400 0.543336 0.163319 0.228783 0.505383 0.532487 -0.042094 -0.138248 0.249914 0.215857 0.094515 0.126219 0.290953 0.231697 -0.249812 -0.251099 -0.143276 -0.263921 -0.209760 -0.200615 -0.420833 -0.101351 -0.183635 -0.149396 -0.144404 -0.069533 -0.120824 -0.155704 0.605066 0.664665 -0.133610 -0.295162 0.136793 -0.031049 0.629428 0.528727 0.004921 -0.197866 -0.205355 -0.188858 0.178740 0.051850 0.036474 -0.088898 0.687275 0.305979 0.415589 0.066923 0.509371 0.266942 0.546588 0.525671 0.534658 0.602262 0.087848 -0.078699 -0.086245 -0.297773 -0.068513 -0.154003 -0.100241 0.008607 -0.209930 -0.231252 -0.273946 -0.284698 0.071843 0.295022 -0.006648 0.301195 0.027946 0.239690 -0.162127 -0.175822 -0.159755 -0.225707 -0.319740 -0.097814 -0.091347 0.030896 0.278911 0.180340 0.087432 0.192180 0.145029 0.000964 -0.150087 0.132803
-0.035857 0.300384 -0.247573 -0.378632 -0.243848 -0.283459 -0.044479 0.003992 0.019002 0.086477 -0.091471 -0.032374 -0.096186 0.075336 -0.239393 -0.167307 0.788774 1.000000 -0.127111 0.193432 -0.123784 -0.109076 -0.230543 -0.331565 -0.109408 -0.113485 -0.323819 -0.421937 0.616485 0.694362 0.203165 0.316021 0.486725 0.570301 -0.037642 -0.163042 0.224011 0.288165 -0.035386 0.053977 0.325569 0.212022 -0.088297 -0.144973 -0.143864 -0.235815 -0.057418 -0.131218 -0.405560 -0.035444 -0.186215 -0.058972 -0.057530 0.000513 -0.229353 -0.121800 0.501551 0.619187 -0.210738 -0.292425 0.014019 0.083114 0.591921 0.552776 -0.048975 -0.139327 -0.303334 -0.229132 0.111317 0.047831 0.021189 0.033319 0.678189 0.331153 0.420739 0.184292 0.542984 0.322238 0.610647 0.636503 0.606290 0.739006 0.045838 0.102718 -0.031455 -0.224691 -0.167478 -0.198684 -0.153505 -0.160145 -0.241805 -0.302217 -0.343947 -0.359182 -0.054563 0.167492 -0.090583 0.244138 -0.015085 0.131724 -0.282397 -0.301793 -0.263912 -0.310213 -0.382897 -0.196052 -0.060084 0.001891 0.196789 0.229373 0.111845 0.151529 0.117387 -0.087492 -0.212317 0.061501
0.601695 0.188708 0.408342 -0.124920 0.180350 -0.053501 0.256978 -0.119305 0.094734 -0.109759 0.052170 -0.083583 0.065179 -0.080314 0.122006 0.006793 -0.028265 -0.127111 1.000000 0.425388 0.108152 -0.260464 -0.085891 -0.222725 -0.092371 -0.223991 0.248415 0.007914 0.095472 -0.037931 -0.060556 -0.162902 0.160604 -0.042858 -0.179484 -0.300953 -0.018381 -0.329943 0.007529 -0.019670 -0.094442 -0.106551 -0.023608 -0.126024 -0.212762 -0.378063 -0.216266 -0.080173 -0.081685 -0.283315 -0.310636 -0.312217 -0.081937 -0.235996 -0.020548 -0.247255 0.118921 -0.132913 0.458643 0.228825 0.418067 0.098798 -0.026226 -0.031335 0.044717 -0.193107 0.330455 -0.202461 0.009246 -0.055224 0.191252 -0.107656 0.102236 0.155637 0.032826 0.108988 0.164385 0.024489 -0.242745 -0.017862 -0.323459 -0.162207 0.164877 -0.102137 -0.390637 -0.270353 -0.114062 -0.221915 -0.019804 0.079388 0.005523 0.269718 -0.015613 0.098295 -0.036772 0.034399 0.125947 0.029159 -0.032991 0.222366 0.116327 0.161514 0.132398 0.043363 0.108662 0.040849 0.103705 0.239309 0.023201 -0.008225 -0.132520 0.093821 0.175817 0.012926 0.031485 0.054113
0.539706 0.574485 0.134991 -0.235106 0.211896 -0.185142 0.095473 -0.045897 -0.137839 0.181109 0.089267 0.101507 -0.077498 0.095509 0.017565 0.026900 0.204663 0.193432 0.425388 1.000000 0.131495 -0.270992 -0.284339 -0.295526 -0.110709 -0.341791 0.081475 -0.247956 0.341054 0.341872 0.153046 0.021413 0.265646 0.302397 -0.363197 -0.090589 0.113959 -0.225161 -0.230149 -0.231894 -0.131360 -0.133981 -0.037551 -0.129020 -0.185464 -0.254008 -0.165158 0.314919 -0.191769 -0.102418 -0.594121 -0.344856 -0.167377 0.078050 -0.305162 -0.243741 0.301790 0.211908 0.143646 0.195602 -0.067577 0.061451 0.047446 0.131048 -0.306850 -0.257018 -0.073678 -0.154245 0.203792 0.429415 0.304284 0.155949 0.364809 0.312641 0.326035 0.390020 0.424174 0.433575 -0.049246 0.210262 -0.001595 0.101720 0.139898 0.286725 -0.321943 -0.259462 -0.328328 -0.292101 -0.312090 -0.188060 0.263740 0.048269 -0.162481 -0.213914 -0.193159 -0.007084 -0.062916 -0.029150 0.229878 0.187964 -0.158687 -0.083420 -0.124725 -0.239118 -0.152256 -0.281887 0.077204 -0.000179 0.017761 -0.030053 -0.023369 0.293436 0.136494 -0.065843 -0.329557 -0.122704
0.160284 0.036178 0.007562 -0.133406 0.068302 -0.082036 -0.076886 -0.243991 -0.261554 -0.112418 -0.212966 -0.023846 -0.153597 -0.032330 -0.140511 -0.062132 -0.160462 -0.123784 0.108152 0.131495 1.000000 0.405011 0.116784 0.069204 0.027282 0.127057 0.112837 0.162545 -0.151436 -0.141563 0.077763 0.082548 -0.217143 -0.202423 -0.169468 -0.061242 -0.015672 0.011509 -0.058288 -0.085715 -0.199550 0.125020 -0.054517 -0.027891 -0.057540 -0.054033 0.063290 -0.105491 0.086616 -0.083075 0.005373 0.061730 0.061446 0.099974 -0.054764 0.040094 0.054961 -0.021423 0.097368 0.126731 -0.161277 -0.064373 -0.234330 -0.193091 -0.110663 -0.133684 0.055123 -0.064626 0.208114 0.147427 0.332265 0.380364 -0.177680 0.146847 0.192278 0.333262 -0.110933 -0.139807 -0.190659 -0.002074 -0.010351 0.013686 0.166434 -0.050058 -0.038452 0.030041 0.009552 0.000593 0.050957 -0.012997 -0.003271 0.109873 -0.039229 0.115459 -0.235988 -0.157688 -0.221686 -0.155880 -0.110050 -0.084324 0.106038 0.177336 0.075452 0.103549 0.007313 0.069344 0.247631 0.004782 0.033966 -0.128956 -0.127525 -0.260366 -0.161552 -0.140008 -0.100945 0.099610
-0.081775 -0.141508 -0.078854 0.133702 -0.081567 0.062818 -0.183185 -0.103164 -0.150250 -0.154907 -0.185865 -0.183945 -0.247852 -0.174848 -0.057458 -0.067069 -0.114143 -0.109076 -0.260464 -0.270992 0.405011 1.000000 0.470660 0.401230 0.114886 0.569293 -0.103927 0.494743 -0.274387 -0.318731 -0.041669 0.302399 -0.229668 -0.122945 -0.017770 0.121369 0.222150 0.210347 0.219193 0.057591 -0.191367 0.316114 -0.033116 0.025317 0.063327 0.084941 0.147099 -0.339677 0.046453 -0.161467 0.365580 0.145556 -0.040884 -0.007860 0.092726 0.050078 0.010216 0.069927 -0.151259 -0.086602 -0.203053 -0.112203 -0.165256 -0.088982 0.114028 0.019916 -0.057912 0.080211 -0.052087 -0.050267 0.036635 0.474919 -0.298640 -0.065251 -0.008404 0.105256 -0.274494 -0.145559 -0.030886 -0.042224 0.122732 0.128261 0.264812 -0.110258 0.442274 0.328823 0.293477 0.108279 0.444770 0.158782 -0.101350 -0.161799 -0.126265 -0.096160 -0.044253 -0.343181 -0.232386 -0.133156 -0.195448 -0.138507 -0.052999 -0.125897 -0.178335 -0.115087 -0.161955 -0.043443 0.041065 -0.120690 -0.123772 -0.177652 -0.116777 -0.329111 -0.303494 -0.178231 0.055309 0.181796
-0.132133 -0.346467 0.396242 0.297917 0.055785 0.165032 0.172600 -0.199769 0.398804 -0.336774 -0.031678 -0.342654 -0.196577 -0.424545 0.152113 -0.260896 -0.199212 -0.230543 -0.085891 -0.284339 0.116784 0.470660 1.000000 0.800455 0.292022 0.604035 0.373362 0.683074 -0.366818 -0.557154 -0.012672 0.159139 -0.130866 -0.118747 0.451197 0.175973 0.053871 0.167439 0.301872 0.095477 -0.018021 -0.111534 -0.148674 -0.032178 -0.047052 0.071470 0.021937 -0.263270 0.046798 -0.172718 0.714102 0.197171 0.173700 0.225684 0.178216 0.208394 -0.040223 -0.058918 0.021937 -0.055217 -0.074808 -0.293057 -0.108875 -0.151081 0.612362 -0.078603 0.211142 0.281002 -0.218414 -0.034705 -0.250821 -0.013197 -0.375746 -0.341689 -0.208200 -0.099291 -0.249338 -0.218183 -0.180191 -0.206722 -0.203259 -0.117542 0.221406 -0.333189 0.462223 0.181049 0.377600 0.181685 0.652375 0.511742 -0.280151 -0.180476 -0.183171 -0.055087 -0.109953 -0.379984 -0.055536 -0.222335 -0.150109 -0.200275 -0.270086 -0.147746 -0.275415 -0.151351 -0.207356 -0.147518 -0.179498 -0.182081 -0.180407 -0.106033 0.024212 -0.281875 -0.297571 -0.267789 0.017386 -0.036160
-0.263110 -0.379091 0.231001 0.530683 0.074645 0.301712 0.095241 0.019168 0.259439 -0.203530 -0.007522 -0.109308 -0.215490 -0.281544 0.174353 -0.086999 -0.369179 -0.331565 -0.222725 -0.295526 0.069204 0.401230 0.800455 1.000000 0.281471 0.592770 0.332121 0.599738 -0.404366 -0.505631 -0.008169 0.231505 -0.192426 -0.108641 0.472337 0.275232 0.032394 0.091136 0.176297 -0.025430 -0.132557 -0.219480 -0.078035 0.009827 0.064983 0.287479 0.097783 -0.078344 0.082035 -0.039924 0.591030 0.163097 0.197513 0.230951 0.130918 0.165706 -0.231696 -0.223407 -0.124454 -0.039355 -0.201901 -0.261636 -0.220190 -0.227415 0.524490 0.055586 0.126405 0.452716 -0.271203 0.034644 -0.252039 0.013424 -0.442629 -0.443737 -0.322992 -0.109768 -0.384146 -0.207672 -0.182588 -0.258883 -0.270522 -0.257835 0.069739 -0.102529 0.524227 0.307761 0.293181 0.261323 0.519664 0.415452 -0.160128 -0.279536 -0.119695 -0.046759 -0.132333 -0.406911 -0.060146 -0.346439 -0.137380 -0.364826 -0.272848 -0.193629 -0.280265 -0.156669 -0.161912 -0.184036 -0.115200 -0.271103 -0.331433 -0.189342 0.035495 -0.338452 -0.347173 -0.262585 -0.051485 -0.173493
-0.313104 -0.252780 0.035525 0.092887 0.113134 0.124561 -0.108380 0.037129 0.169105 0.038964 -0.361512 -0.249708 -0.510075 -0.315578 -0.283917 -0.243804 -0.096484 -0.109408 -0.092371 -0.110709 0.027282 0.114886 0.292022 0.281471 1.000000 0.429601 0.217257 0.025309 -0.272354 -0.176427 0.046987 0.235707 -0.031154 -0.016994 0.217825 0.319894 -0.206035 -0.189329 -0.291596 -0.264961 -0.047126 -0.277462 0.028935 0.098849 0.280858 0.406608 0.107181 0.105279 0.000339 0.196311 0.222415 0.151180 0.143154 0.260624 -0.007036 0.224218 -0.030277 0.026197 -0.110538 0.054231 -0.206484 -0.049094 -0.098988 -0.007917 0.163682 0.072507 0.074518 0.296815 0.232304 0.156116 -0.048943 -0.040500 -0.259431 -0.082638 -0.100646 -0.149541 -0.215009 -0.258489 -0.027203 -0.132757 0.007246 0.015093 -0.166347 -0.220235 0.014687 -0.198445 0.083623 -0.132721 0.072954 0.097977 0.133312 0.035631 -0.033391 0.001763 -0.110711 -0.299133 -0.015883 -0.158121 0.037176 -0.141849 -0.081995 -0.074722 -0.045320 -0.010676 -0.021204 0.010569 -0.015255 -0.022429 -0.213599 -0.204284 -0.063596 -0.079153 0.042140 0.004146 0.060963 -0.069784
-0.408214 -0.415389 0.087672 0.198659 0.022461 0.300631 -0.121990 0.013061 0.244425 -0.063861 -0.359140 -0.313815 -0.487083 -0.463738 -0.145733 -0.231752 -0.130053 -0.113485 -0.223991 -0.341791 0.127057 0.569293 0.604035 0.592770 0.429601 1.000000 0.146962 0.456937 -0.337614 -0.344837 -0.023899 0.466366 -0.027065 0.086450 0.446114 0.317734 0.211634 0.187004 0.125222 0.068927 -0.010713 -0.050131 -0.045100 -0.006092 0.064833 0.261881 0.280675 -0.108694 -0.015053 0.044566 0.525441 0.282835 0.222177 0.271026 0.197820 0.310058 -0.030784 0.057208 -0.216395 -0.063423 -0.203892 -0.121075 -0.041889 0.010860 0.391438 0.065879 0.057582 0.396244 -0.059618 0.099431 -0.173780 0.115892 -0.269909 -0.224372 -0.233034 -0.190679 -0.280031 -0.185732 0.034814 -0.048931 0.092666 0.161033 0.039305 -0.208620 0.425603 0.093883 0.160727 0.003235 0.416925 0.179904 -0.141434 -0.338776 -0.302991 -0.243735 0.026095 -0.449481 -0.012620 -0.229410 -0.050008 -0.221950 -0.282649 -0.313331 -0.324049 -0.259539 -0.287131 -0.227642 -0.112543 -0.217466 -0.217385 -0.104713 0.014852 -0.287901 -0.183215 -0.162178 0.121104 -0.180874
0.009180 -0.135007 0.334078 0.221876 0.268075 0.492472 -0.036934 -0.159568 0.276178 -0.113333 -0.033730 -0.080088 -0.135499 -0.206194 0.192570 0.040051 -0.285325 -0.323819 0.248415 0.081475 0.112837 -0.103927 0.373362 0.332121 0.217257 0.146962 1.000000 0.478473 -0.394099 -0.438570 -0.190648 -0.274187 -0.187169 -0.191860 0.206144 0.097100 -0.178990 -0.319712 0.075031 -0.147124 -0.076004 -0.415028 0.010723 -0.074294 -0.171729 -0.083361 -0.048636 0.113113 0.057871 -0.207303 0.241494 -0.046503 0.329210 0.273862 0.232054 0.065433 -0.090027 -0.258060 0.302080 0.229043 0.132999 -0.041674 -0.214405 -0.221642 0.275462 -0.077591 0.335884 0.259853 0.047335 0.227274 -0.129041 -0.284317 -0.359721 -0.229042 -0.233659 -0.204477 -0.177616 -0.174997 -0.322488 -0.249641 -0.297646 -0.297809 0.112031 -0.203914 -0.075769 -0.043982 0.177549 0.094193 0.305091 0.317311 -0.016620 0.076511 -0.037393 0.107121 -0.296292 -0.206220 0.252768 -0.201090 0.103260 -0.019631 -0.043947 0.032093 0.038548 0.111783 0.087958 -0.047478 -0.078249 -0.186953 -0.160046 -0.225568 0.050697 0.045578 -0.036461 -0.098336 0.051685 -0.289845
-0.041330 -0.310801 0.292650 0.374401 0.121091 0.463523 -0.104166 -0.237254 0.184600 -0.352665 0.011355 -0.225202 -0.082725 -0.345633 0.326802 -0.009235 -0.328410 -0.421937 0.007914 -0.247956 0.162545 0.494743 0.683074 0.599738 0.025309 0.456937 0.478473 1.000000 -0.561093 -0.697986 -0.355478 -0.198320 -0.344869 -0.361946 0.256878 0.059307 0.091020 0.047942 0.422452 0.192081 -0.178719 0.030359 -0.049318 -0.025968 -0.135665 -0.030890 0.077905 -0.174082 0.103099 -0.345179 0.568560 0.111499 0.110993 0.099823 0.386763 0.106767 -0.160126 -0.193559 0.121086 0.086186 0.014754 -0.285234 -0.243311 -0.250369 0.344061 -0.075886 0.238102 0.284393 -0.231904 -0.002826 -0.251696 0.009740 -0.523357 -0.471191 -0.386729 -0.235211 -0.406730 -0.252170 -0.273840 -0.270949 -0.284952 -0.254977 0.255456 -0.266421 0.379937 0.330547 0.400831 0.322312 0.612738 0.462341 -0.154700 -0.061608 -0.020523 0.086956 -0.060525 -0.284786 0.199433 -0.194055 -0.071722 -0.084722 -0.021906 -0.016049 -0.048439 0.032670 0.053932 -0.041182 -0.045529 -0.191370 -0.161467 -0.101762 -0.041264 -0.125625 -0.208617 -0.163446 0.065928 -0.165778
0.185342 0.288160 -0.199048 -0.461027 -0.099235 -0.483646 0.179830 -0.053578 -0.123493 -0.007396 0.170701 0.019326 0.231493 0.191454 -0.010430 -0.059660 0.595400 0.616485 0.095472 0.341054 -0.151436 -0.274387 -0.366818 -0.404366 -0.272354 -0.337614 -0.394099 -0.561093 1.000000 0.818304 0.458147 0.411152 0.500812 0.543995 -0.194033 -0.120544 0.342393 0.165065 0.056642 -0.041234 0.195752 0.237309 0.117524 0.019509 0.120273 -0.053450 -0.034594 0.054060 -0.279313 0.224419 -0.501201 -0.219623 -0.299235 -0.166795 -0.287563 -0.275682 0.351933 0.439224 -0.309715 -0.444575 0.023213 -0.127084 0.514060 0.364392 -0.220698 -0.309505 -0.327417 -0.389786 0.054813 -0.105933 0.279250 0.084657 0.860267 0.409316 0.435198 0.383396 0.606624 0.428384 0.459249 0.393059 0.524512 0.541243 0.281062 0.382533 -0.073072 -0.242851 -0.208216 -0.229047 -0.368691 -0.404692 -0.164302 -0.162109 -0.296684 -0.295736 0.037962 0.167834 -0.141774 0.260289 0.041110 0.087245 -0.228864 -0.202425 -0.238466 -0.266203 -0.328184 -0.182081 -0.106636 -0.041072 0.220537 0.130941 0.165682 0.199151 0.210102 0.020595 -0.168542 0.116429
0.032107 0.280844 -0.295616 -0.409952 -0.122410 -0.392959 0.086536 0.173302 -0.155057 0.256513 -0.005337 0.127051 0.092616 0.311567 -0.141978 0.021206 0.543336 0.694362 -0.037931 0.341872 -0.141563 -0.318731 -0.557154 -0.505631 -0.176427 -0.344837 -0.438570 -0.697986 0.818304 1.000000 0.329414 0.348778 0.456128 0.539225 -0.263598 -0.101232 0.168589 0.155050 -0.168341 -0.097521 0.237077 0.178139 0.115184 -0.009548 0.094363 -0.037651 -0.026099 0.091731 -0.287205 0.244864 -0.543620 -0.176905 -0.211809 -0.100222 -0.348963 -0.207776 0.339984 0.450894 -0.317936 -0.348514 -0.076094 0.036664 0.511974 0.443375 -0.370531 -0.155329 -0.406293 -0.345830 0.153849 -0.001569 0.200770 0.021582 0.764499 0.448300 0.442908 0.317215 0.612947 0.465438 0.535635 0.508908 0.565916 0.608603 0.098688 0.486820 -0.189932 -0.285836 -0.326795 -0.232419 -0.516003 -0.459252 -0.036326 -0.146367 -0.194020 -0.222052 -0.051029 0.199941 -0.207614 0.197924 0.019833 0.077589 -0.138456 -0.132755 -0.118192 -0.199544 -0.222918 -0.131449 -0.044830 -0.018988 0.139300 0.099069 0.142864 0.188085 0.188530 0.056226 -0.184951 0.049377
0.079740 0.227840 0.056495 -0.125274 -0.009828 -0.452040 0.229017 0.034581 -0.057901 0.123508 0.157946 0.134998 0.059589 0.198726 -0.142066 -0.050004 0.163319 0.203165 -0.060556 0.153046 0.077763 -0.041669 -0.012672 -0.008169 0.046987 -0.023899 -0.190648 -0.355478 0.458147 0.329414 1.000000 0.580574 0.296360 0.361107 -0.137002 0.145035 0.098048 0.117151 0.021868 -0.102811 0.049769 -0.059086 0.132052 0.115191 0.204571 0.143627 0.034770 0.118902 0.084403 0.271570 -0.221659 -0.069885 -0.115024 0.037892 -0.345074 -0.091621 0.052450 0.136274 -0.168078 -0.141174 -0.137387 0.037394 0.025652 0.055352 -0.070655 -0.025427 -0.173519 -0.310437 -0.034535 -0.217539 0.405788 0.384458 0.354562 0.283674 0.261323 0.428206 0.199121 0.164903 0.093193 0.018641 0.211943 0.157542 0.017142 0.266157 -0.043927 -0.102917 -0.135016 -0.051305 -0.175487 -0.288275 -0.043143 -0.154464 -0.288714 -0.296137 -0.017454 -0.015659 -0.167112 0.039503 -0.052794 -0.240952 -0.271125 -0.216861 -0.284574 -0.307617 -0.360940 -0.254155 -0.028140 -0.121815 0.108151 -0.088512 0.054598 -0.037965 0.005306 -0.239690 -0.243090 0.100611
-0.147914 -0.056136 -0.131111 -0.165327 -0.044622 -0.193830 0.073251 0.094385 -0.015278 0.078734 -0.228662 -0.148901 -0.314533 -0.144611 -0.283028 -0.204259 0.228783 0.316021 -0.162902 0.021413 0.082548 0.302399 0.159139 0.231505 0.235707 0.466366 -0.274187 -0.198320 0.411152 0.348778 0.580574 1.000000 0.360541 0.556673 0.021094 0.267793 0.266064 0.113292 -0.016372 -0.135542 0.070839 0.087870 0.060622 -0.001603 0.240457 0.290945 0.088313 -0.042577 -0.153667 0.296050 -0.017736 -0.021203 -0.074560 0.061157 -0.250832 -0.093529 0.162060 0.251951 -0.352924 -0.281211 -0.224687 -0.020051 0.220418 0.248194 0.110486 -0.047081 -0.204028 0.046686 -0.061853 -0.087197 0.098285 0.336856 0.319755 0.085701 0.141745 0.240928 0.107069 0.181064 0.378046 0.186092 0.377793 0.407113 0.063830 0.255539 0.195653 -0.136753 -0.039890 -0.179072 0.016869 -0.215968 -0.080994 -0.317555 -0.455395 -0.430813 0.032755 -0.179537 -0.240610 -0.022134 -0.062492 -0.143793 -0.386174 -0.402278 -0.440294 -0.431691 -0.474370 -0.334678 -0.070679 -0.140883 -0.010783 -0.087040 0.080041 -0.040321 -0.103155 -0.159464 -0.087221 0.073991
0.069048 0.291494 0.049609 -0.226320 -0.187402 -0.206591 0.155752 0.083252 0.020538 0.033181 -0.063228 -0.068615 -0.113054 -0.058585 -0.226758 -0.213952 0.505383 0.486725 0.160604 0.265646 -0.217143 -0.229668 -0.130866 -0.192426 -0.031154 -0.027065 -0.187169 -0.344869 0.500812 0.456128 0.296360 0.360541 1.000000 0.794675 0.081553 0.036452 0.123694 0.015020 0.045575 -0.027861 0.275880 0.091803 -0.086675 -0.102701 -0.066245 -0.121065 -0.199718 -0.098886 -0.261409 0.059282 -0.277425 -0.176233 -0.061832 -0.097913 -0.193346 -0.156529 0.331767 0.369983 -0.156895 -0.196220 0.170599 0.149338 0.489010 0.404115 0.033221 -0.169055 -0.001700 -0.087353 0.046392 0.052250 0.006793 -0.130208 0.625492 0.263710 0.311669 0.097880 0.395028 0.270640 0.265712 0.403282 0.249958 0.310802 0.044539 0.088115 -0.177086 -0.329725 -0.121181 -0.080052 -0.207406 -0.089757 -0.211751 -0.295502 -0.381469 -0.308855 0.022460 0.093278 -0.128511 0.123259 -0.113017 0.017971 -0.233071 -0.228953 -0.230181 -0.288762 -0.338205 -0.195045 0.001773 0.153772 0.142296 0.073923 0.064948 0.110100 0.027342 -0.006593 -0.112517 0.097628
-0.013120 0.245461 -0.097609 -0.205190 -0.197037 -0.138327 0.047963 0.154960 0.025306 0.105248 -0.095875 -0.053454 -0.215367 -0.076836 -0.343396 -0.242074 0.532487 0.570301 -0.042858 0.302397 -0.202423 -0.122945 -0.118747 -0.108641 -0.016994 0.086450 -0.191860 -0.361946 0.543995 0.539225 0.361107 0.556673 0.794675 1.000000 0.117493 0.240227 0.142976 0.072984 0.007494 -0.034322 0.271332 0.067799 -0.122523 -0.127604 0.027516 0.042351 -0.238456 -0.011495 -0.425221 0.086759 -0.255837 -0.244774 -0.133920 -0.082187 -0.315453 -0.286797 0.451226 0.476941 -0.286073 -0.258918 0.055659 0.125068 0.586406 0.528539 0.039181 -0.074151 -0.177140 0.089813 0.029234 0.156499 -0.047132 -0.092891 0.630049 0.160500 0.283856 0.033667 0.420956 0.350665 0.467424 0.482265 0.443265 0.500970 0.032240 0.215972 -0.051257 -0.268329 -0.156743 -0.132532 -0.167768 -0.117403 -0.187655 -0.422653 -0.444472 -0.426741 -0.044446 -0.056096 -0.206814 0.014796 -0.133559 -0.000055 -0.363700 -0.349795 -0.372540 -0.403995 -0.459578 -0.353490 0.021272 -0.030206 0.079199 -0.002238 0.111841 0.136404 -0.059256 -0.017162 -0.219147 -0.041553
-0.365446 -0.378908 0.024941 0.096835 -0.113523 0.208415 0.009747 -0.106945 0.386161 -0.253226 -0.042018 -0.224391 -0.178549 -0.375058 -0.037305 -0.299283 -0.042094 -0.037642 -0.179484 -0.363197 -0.169468 -0.017770 0.451197 0.472337 0.217825 0.446114 0.206144 0.256878 -0.194033 -0.263598 -0.137002 0.021094 0.081553 0.117493 1.000000 0.397000 0.065209 0.210253 0.113475 0.147748 0.185662 -0.240881 -0.156556 -0.053803 0.137920 0.341683 0.081209 -0.036080 -0.041220 0.039259 0.458274 0.120664 0.222955 0.114022 0.234365 0.178801 -0.026906 -0.004661 -0.119042 -0.072249 -0.019375 -0.187643 0.179862 0.044883 0.516328 -0.010443 0.254754 0.554873 -0.130751 0.139752 -0.357852 -0.387196 -0.116772 -0.356144 -0.317239 -0.371127 -0.117289 -0.207111 0.067148 -0.008474 -0.073649 0.018128 -0.135485 -0.362201 0.301138 -0.023508 0.108447 0.126092 0.282924 0.273649 -0.256826 -0.304604 -0.150974 -0.060374 0.143064 -0.136292 0.131464 -0.126140 -0.105776 -0.181678 -0.240744 -0.152944 -0.212791 -0.086748 -0.149868 -0.144719 -0.010525 -0.106122 -0.000210 0.220900 0.210244 -0.212189 -0.190584 -0.079214 -0.029382 -0.225915
-0.325825 -0.258935 -0.119890 0.128825 -0.034012 0.217879 -0.132678 0.027258 0.015825 0.090909 -0.101145 -0.104091 -0.258391 -0.185955 -0.268025 -0.166770 -0.138248 -0.163042 -0.300953 -0.090589 -0.061242 0.121369 0.175973 0.275232 0.319894 0.317734 0.097100 0.059307 -0.120544 -0.101232 0.145035 0.267793 0.036452 0.240227 0.397000 1.000000 -0.060935 0.090874 -0.088425 -0.082278 0.130237 -0.260618 0.004362 0.081100 0.411564 0.682729 0.052868 0.228049 0.027303 0.366852 0.116030 0.099195 0.043691 0.195663 -0.121781 0.101324 -0.065868 -0.023066 -0.257718 0.031900 -0.242412 -0.044993 -0.003162 -0.031116 0.170894 0.159478 0.047832 0.589962 0.056770 0.209973 -0.076308 -0.084520 -0.125856 -0.151601 -0.158917 -0.154371 -0.090788 -0.014843 0.116454 -0.072419 0.085011 0.030938 -0.185417 -0.005517 0.164040 -0.079289 -0.047219 -0.013529 -0.014543 0.009774 0.042255 -0.348571 -0.191280 -0.214378 0.080354 -0.190557 -0.104336 -0.142770 -0.040122 -0.203066 -0.219390 -0.242036 -0.227200 -0.187394 -0.229375 -0.237262 -0.020827 -0.174275 -0.087043 -0.139462 0.170418 -0.059175 -0.205613 -0.078192 -0.086225 -0.079643
