1.000000 0.417202 0.233051 0.150049 -0.396190 -0.262765 0.184264 -0.126144 -0.303738 -0.329162 0.557087 0.064727 0.192435 -0.229005 0.028236 -0.483951 0.272707 0.178440 0.572931 0.105103 -0.227656 -0.164649 0.243252 -0.068125 -0.126719 -0.011209 -0.184895 -0.045804 0.278694 -0.233970 -0.298560 -0.327738 0.370654 0.083317 0.150262 -0.130795 -0.147625 -0.303118 -0.157557 -0.369822 -0.231671 -0.316874 -0.091321 -0.055978 -0.223085 -0.070521 0.005094 -0.086007 -0.130974 -0.356447 0.170717 -0.134354 0.216145 0.128500 0.020663 -0.081227 0.371750 0.421563 0.099272 -0.143133 0.230780 0.051806 0.043305 -0.028241 0.174415 0.220553 0.100696 0.103226 0.443790 -0.002965 -0.195621 -0.242999 -0.056021 -0.363150 -0.054214 -0.144365 -0.192293 -0.463738 0.271317 0.285794 0.226119 0.314627 0.142518 -0.355149 0.420282 0.411891 0.226716 0.099212 0.112726 0.070881 -0.284665 -0.039912 -0.178686 -0.111389 -0.089894 -0.402258 0.019038 -0.078732 -0.089501 -0.170100 -0.221756 0.004731 -0.273729 -0.209384 -0.226684 -0.262367 -0.174804 -0.103885 -0.139452 -0.258658 0.124243 -0.227108 -0.202821 -0.280613 -0.236630 -0.118956
0.417202 1.000000 -0.393399 0.111673 -0.145618 0.038013 -0.301138 -0.082138 -0.030796 -0.317642 0.107288 -0.116728 0.119596 -0.198829 0.114250 -0.128392 0.553743 0.315499 0.030938 0.308593 0.098711 0.147932 -0.223174 -0.414302 0.129950 -0.206811 0.362643 0.003354 0.200008 0.139470 -0.213422 -0.375203 0.591266 0.247460 -0.219475 -0.191574 -0.326383 -0.292902 0.175842 -0.089212 -0.105551 -0.017091 -0.307855 -0.220532 0.022949 0.085899 -0.184802 -0.214263 -0.153592 -0.160075 0.088172 -0.127842 0.132476 0.015613 -0.219729 -0.173908 0.644370 0.784812 0.064776 0.312392 -0.059294 0.334814 0.294114 0.335074 -0.204826 0.100711 0.226696 0.175377 0.617441 0.437210 -0.159657 -0.173954 0.173028 -0.076991 -0.039860 -0.030246 -0.353382 -0.399896 0.345812 0.215531 0.594753 0.558192 0.087162 -0.116082 0.177815 0.483403 0.220159 0.100927 -0.419386 -0.166285 -0.666409 -0.614042 -0.472206 -0.612517 -0.014925 -0.354783 0.016350 -0.089982 -0.136152 -0.353561 -0.443932 -0.409615 -0.464038 -0.422599 -0.370590 -0.455119 -0.238041 -0.115717 -0.234446 -0.218285 0.079506 -0.226715 -0.440294 -0.574849 -0.451124 -0.441443
0.233051 -0.393399 1.000000 0.278171 0.007349 -0.265010 0.757102 0.461642 -0.045352 0.257612 0.355368 0.301365 0.175885 0.175130 -0.124019 -0.216844 -0.426920 -0.258700 0.417273 -0.221268 -0.244183 -0.102760 0.513034 0.485024 -0.116486 0.404411 -0.515372 -0.015349 -0.290041 -0.375620 0.295658 0.356903 -0.097244 0.132482 0.352153 0.224791 -0.048262 -0.090688 -0.288039 -0.159149 -0.230428 -0.250239 0.125194 0.073143 -0.321720 -0.203647 0.002661 -0.065891 -0.043467 -0.221305 0.071391 -0.032880 0.066930 -0.008772 0.002635 -0.218785 -0.496473 -0.443418 0.083035 -0.487675 0.457016 0.101425 -0.238333 -0.111860 0.587401 0.408428 -0.066391 0.028187 -0.406934 -0.645611 -0.090727 0.030686 -0.290585 -0.191122 -0.014909 -0.017152 0.121946 0.021282 -0.291064 -0.127330 -0.559530 -0.340892 -0.168076 -0.242389 -0.101145 -0.269271 -0.234586 -0.126753 0.293294 0.005086 0.252530 0.422275 0.362942 0.398749 0.009120 -0.054760 -0.097564 -0.130215 -0.206797 -0.104503 0.125347 0.201860 -0.046886 -0.086580 -0.042157 0.007772 -0.101483 -0.203924 0.018037 -0.034119 -0.098164 -0.126327 0.141440 0.169783 0.230406 0.167564
0.150049 0.111673 0.278171 1.000000 -0.089378 0.139867 0.242932 0.546315 -0.042021 0.310670 0.082719 0.358286 -0.018502 0.101910 0.011020 0.155225 -0.228485 -0.408323 0.001846 -0.181904 -0.232407 0.102395 0.453446 0.549771 -0.002152 0.263573 -0.171935 0.367304 -0.370694 -0.400207 0.145887 0.212456 -0.128073 0.103980 0.071372 0.363288 -0.178120 -0.125023 -0.192309 0.020191 -0.123256 -0.245758 -0.210825 -0.238290 -0.406661 -0.123065 -0.245684 -0.375078 -0.109315 -0.447963 0.115075 -0.291066 -0.032367 -0.079247 -0.028131 -0.339968 -0.208150 -0.149721 -0.046943 -0.222469 0.294285 0.419721 -0.133511 0.138894 0.512783 0.723290 -0.207107 0.254597 -0.115411 -0.216073 -0.190836 0.058194 -0.434424 -0.231771 -0.185022 -0.025078 -0.119484 -0.171935 -0.220725 -0.168414 -0.316893 -0.290988 -0.178426 -0.038778 -0.051706 0.147767 -0.118829 0.073752 0.203806 0.347774 0.130682 0.101386 0.398843 0.134776 0.100444 -0.046737 -0.214706 -0.017545 -0.268279 -0.237147 0.045358 -0.003167 -0.138104 -0.369932 -0.265268 -0.274422 -0.272994 -0.263238 0.024265 -0.107828 -0.180905 -0.180737 0.117240 0.074177 0.042046 0.084279
-0.396190 -0.145618 0.007349 -0.089378 1.000000 0.339231 0.162701 0.295356 0.771428 0.464569 -0.138906 0.021512 0.147553 0.140444 0.486397 0.476895 -0.161379 -0.307660 0.007514 0.242914 0.445815 0.270789 -0.256321 -0.135060 0.341475 -0.420108 0.543632 -0.012954 -0.076374 0.254460 0.316824 0.167567 0.034556 0.118299 -0.379305 0.005518 -0.013691 -0.028256 0.266550 0.128740 0.095990 0.392797 -0.121364 -0.098509 0.204165 -0.020626 -0.233472 -0.097620 0.022323 0.234159 -0.267128 0.010415 -0.271135 -0.231905 -0.198814 -0.248519 -0.311378 -0.320355 -0.253441 -0.078919 -0.033513 0.000338 0.202076 0.137326 0.049048 -0.155688 -0.212763 -0.199269 -0.268653 -0.140843 0.352056 0.270917 0.248841 0.539340 0.343076 0.427717 0.276582 0.320996 -0.361092 -0.408274 -0.175118 -0.241969 -0.001360 0.379752 -0.362823 -0.231017 -0.041736 -0.063712 -0.130329 -0.151949 0.077424 -0.062013 0.005728 -0.097933 -0.035159 0.112715 -0.142416 -0.101361 -0.215103 -0.039657 0.004580 -0.215964 -0.007319 -0.083479 -0.131053 -0.116426 -0.033032 -0.080475 -0.060171 0.017788 -0.112458 0.063167 0.084901 0.014818 -0.028170 -0.134869
-0.262765 0.038013 -0.265010 0.139867 0.339231 1.000000 -0.210259 0.063858 0.223948 0.301668 -0.285622 -0.181134 -0.145349 0.068546 0.089398 0.509913 0.029223 -0.202693 -0.306238 -0.120048 0.423586 0.469678 -0.142893 0.065576 0.421902 -0.054773 0.584308 0.455014 -0.288224 0.079086 0.102400 0.016849 -0.126353 -0.107459 -0.139829 0.330013 -0.141079 0.132385 0.288922 0.188005 0.084891 0.218558 -0.087069 -0.120837 0.065778 0.072907 -0.058855 -0.017209 0.029233 0.053450 -0.092768 -0.124377 -0.118766 -0.060828 -0.088677 -0.098307 -0.056869 -0.042412 -0.093052 0.032980 -0.049272 0.190848 -0.067310 0.072436 -0.021165 0.110367 -0.092711 -0.057026 -0.046843 0.197462 0.256920 0.384094 -0.130356 0.303933 0.019854 0.182456 -0.053613 0.143987 -0.129369 -0.065429 -0.010538 -0.059501 -0.270805 0.034725 -0.263810 -0.001138 -0.010939 -0.034304 -0.223317 0.078248 0.022192 -0.205791 0.059731 -0.209955 -0.163262 0.041738 -0.104652 -0.226660 -0.227771 -0.232847 -0.033740 -0.252101 -0.194891 0.001126 0.039173 0.025289 -0.099764 -0.153492 -0.075587 -0.026570 -0.077759 -0.020085 -0.089975 -0.190358 -0.193513 -0.244168
0.184264 -0.301138 0.757102 0.242932 0.162701 -0.210259 1.000000 0.591663 0.167671 0.373301 0.306705 0.398465 0.293543 0.298334 -0.000031 -0.042872 -0.367121 -0.169212 0.505604 0.035124 -0.081579 -0.089946 0.191220 0.199878 -0.189431 0.063792 -0.357968 -0.200902 -0.120283 -0.106836 0.231568 0.195615 -0.038348 0.224188 0.065581 0.015317 -0.089228 -0.137373 -0.280434 -0.210987 -0.164056 -0.075192 0.066502 0.022593 -0.237625 -0.277854 -0.094880 -0.117878 -0.034709 -0.123298 -0.014284 -0.080622 -0.023874 -0.143258 -0.149645 -0.254434 -0.526060 -0.450148 -0.133186 -0.425287 0.384257 0.112586 -0.007932 0.118211 0.456869 0.275631 -0.187896 -0.095039 -0.432381 -0.670227 0.109733 0.130111 -0.018192 0.074496 0.212131 0.230089 0.276461 0.061684 -0.349524 -0.158129 -0.448922 -0.280859 -0.172006 0.006245 -0.129460 -0.197932 -0.225012 -0.188837 0.214600 -0.067104 0.280290 0.402585 0.344087 0.323645 -0.063242 -0.073372 -0.178397 -0.101266 -0.174093 0.018825 0.241513 0.160182 0.037335 -0.212536 -0.211486 -0.173082 -0.123865 -0.226034 -0.001373 -0.136414 -0.085922 0.001916 0.150868 0.182332 0.151441 0.140397
-0.126144 -0.082138 0.461642 0.546315 0.295356 0.063858 0.591663 1.000000 0.282522 0.646452 0.034495 0.485967 0.261791 0.492558 0.023405 0.251965 -0.370856 -0.375126 0.033505 0.049946 0.077172 0.197363 0.041566 0.288572 -0.138092 0.147264 -0.172885 0.020590 -0.452439 -0.104030 0.275634 0.350468 -0.122595 0.271936 -0.135689 0.142656 -0.276522 -0.012993 -0.230379 0.106159 -0.153013 0.034021 -0.144603 -0.110144 -0.243718 -0.245980 -0.347253 -0.161733 -0.077928 -0.111737 -0.125058 -0.193128 -0.275640 -0.285745 -0.352881 -0.505711 -0.563351 -0.510269 -0.165161 -0.224667 0.353890 0.568594 0.094235 0.423601 0.444857 0.549462 -0.291525 0.014606 -0.532949 -0.515796 0.222843 0.373669 -0.066278 0.232315 0.251791 0.328402 0.213179 0.256530 -0.494751 -0.441126 -0.449791 -0.389817 -0.297139 0.157766 -0.399789 -0.338676 -0.324238 -0.153126 0.023341 -0.069022 0.250216 0.145635 0.446302 0.140001 0.094070 0.010581 -0.316889 -0.119987 -0.306593 -0.124856 0.156073 -0.053331 -0.038635 -0.330290 -0.260188 -0.247864 -0.248808 -0.340892 0.050783 0.013693 -0.162378 -0.006885 0.206766 0.121495 0.117217 0.069406
-0.303738 -0.030796 -0.045352 -0.042021 0.771428 0.223948 0.167671 0.282522 1.000000 0.409206 -0.099248 -0.008624 0.240911 0.087142 0.552080 0.411519 -0.030049 -0.260652 0.062792 0.229554 0.400162 0.181782 -0.301385 -0.219952 0.244364 -0.508147 0.454962 -0.185781 -0.017391 0.209613 0.212037 0.009479 0.060657 0.107022 -0.431457 -0.171309 -0.090572 -0.130914 0.205601 0.022703 0.044243 0.422954 -0.163342 -0.210499 0.117938 -0.146943 -0.227287 -0.175903 0.056922 0.126653 -0.075899 0.073376 -0.121909 -0.104381 -0.202560 -0.192519 -0.131863 -0.155629 -0.194463 -0.117085 -0.000818 -0.026266 0.336099 0.219610 0.104087 -0.178312 -0.228915 -0.313909 -0.131921 -0.109832 0.379510 0.256383 0.280710 0.523258 0.330194 0.441598 0.214115 0.240088 -0.239934 -0.340464 -0.023403 -0.125079 0.044785 0.311069 -0.222565 -0.078389 0.036227 0.003511 -0.085430 -0.045555 0.066961 -0.057781 0.054886 -0.100658 -0.034670 -0.038971 -0.145478 -0.097609 -0.067233 -0.000673 0.047798 -0.225803 0.000832 -0.172125 -0.247069 -0.200168 -0.046544 -0.020483 -0.083146 -0.043853 -0.102763 0.074928 0.029818 -0.044354 -0.106599 -0.096725
-0.329162 -0.317642 0.257612 0.310670 0.464569 0.301668 0.373301 0.646452 0.409206 1.000000 -0.060574 0.369694 0.199649 0.518201 0.091231 0.550760 -0.299264 -0.391784 -0.063956 -0.134732 0.069463 0.096677 -0.080980 0.256952 0.046875 0.031885 -0.076387 0.042477 -0.439515 0.035883 0.303620 0.344396 -0.260330 0.075326 -0.103379 0.246317 -0.075785 -0.016552 -0.195307 -0.032364 -0.148473 0.088321 0.001218 -0.035683 -0.140516 -0.239159 -0.067922 -0.043449 -0.006647 -0.076681 0.031955 -0.044343 -0.184573 -0.134482 -0.233052 -0.375296 -0.500669 -0.524506 -0.124678 -0.161028 0.314929 0.323411 0.000448 0.294493 0.463485 0.316581 -0.245731 -0.150401 -0.441039 -0.405277 0.182088 0.335365 -0.011179 0.203120 0.137015 0.255114 0.217267 0.231158 -0.378165 -0.286331 -0.392829 -0.345365 -0.327091 0.181800 -0.377939 -0.299018 -0.365448 -0.281258 0.115436 0.121425 0.359955 0.093152 0.406384 0.087146 -0.032762 0.038112 -0.190074 -0.120139 -0.224427 -0.102024 0.123635 -0.113520 0.020143 -0.166523 -0.144596 -0.046119 -0.036736 -0.139296 -0.104958 -0.016225 -0.240902 0.080258 0.171550 0.199040 0.114361 0.054394
0.557087 0.107288 0.355368 0.082719 -0.138906 -0.285622 0.306705 0.034495 -0.099248 -0.060574 1.000000 0.318108 0.579610 0.130057 0.067187 -0.384079 0.206257 0.184279 0.479494 0.070170 -0.283419 -0.156540 0.168675 0.062036 -0.136440 -0.009825 -0.274959 -0.215479 0.208880 -0.118158 -0.130980 -0.110803 0.201768 0.253815 0.228163 -0.017660 -0.178846 -0.353074 -0.245037 -0.265208 -0.195175 -0.139588 0.033950 -0.028713 -0.157413 -0.153248 -0.017803 -0.072317 -0.032950 -0.254316 0.098271 -0.050244 0.161763 -0.018870 0.004014 -0.204310 0.092366 0.076172 0.092635 -0.149115 0.458043 0.030436 0.211750 0.179159 0.262128 0.167109 0.162496 0.030951 0.052959 -0.193401 -0.173780 -0.160993 0.095959 -0.187923 0.042015 -0.122527 0.032485 -0.169994 0.167179 0.212611 0.104650 0.183001 0.224883 -0.199833 0.151538 0.025314 0.220256 0.159323 0.120601 -0.032141 -0.139896 -0.055167 -0.095400 -0.035231 0.134343 -0.308546 -0.041765 -0.085649 -0.010227 -0.193682 -0.117821 -0.015922 -0.224638 -0.260370 -0.250811 -0.268172 -0.202366 -0.109393 -0.098615 -0.196811 -0.109896 -0.157312 -0.199493 -0.104358 0.001149 -0.069690
0.064727 -0.116728 0.301365 0.358286 0.021512 -0.181134 0.398465 0.485967 -0.008624 0.369694 0.318108 1.000000 0.273986 0.713430 0.020006 0.286427 -0.166979 0.130767 0.161679 0.116572 -0.375886 -0.233938 0.010144 0.163102 -0.296980 0.035548 -0.340595 -0.201530 0.054856 0.120801 -0.067112 0.108949 -0.156403 0.241311 0.027263 0.109779 0.074505 -0.169672 -0.372219 -0.091574 -0.053536 -0.050501 -0.071254 -0.082476 -0.275600 -0.259968 -0.064270 -0.113121 -0.080583 -0.283165 -0.080556 -0.165106 -0.040755 -0.205028 -0.108330 -0.360054 -0.330675 -0.371427 -0.096237 -0.011036 0.446588 0.349285 0.191762 0.363120 0.221633 0.296153 -0.138775 0.094041 -0.385363 -0.348287 -0.182706 -0.148310 0.134174 -0.160883 0.079187 -0.051230 0.159004 0.071525 -0.046674 -0.035973 -0.181701 -0.069248 -0.038414 0.316063 -0.174440 -0.200436 -0.150429 -0.085958 0.151465 0.054123 0.192484 0.030766 0.254541 0.162439 0.124779 -0.081975 -0.274537 -0.174243 -0.106308 -0.163372 0.220912 0.029343 -0.113319 -0.286677 -0.187428 -0.218163 -0.010658 -0.113408 0.058973 -0.112917 -0.228061 -0.212468 0.085389 0.132496 0.220756 0.179544
0.192435 0.119596 0.175885 -0.018502 0.147553 -0.145349 0.293543 0.261791 0.240911 0.199649 0.579610 0.273986 1.000000 0.384547 0.308196 -0.029163 0.215329 0.065204 0.307826 0.064080 0.038010 -0.017903 -0.168083 -0.116174 -0.170588 -0.135502 -0.065402 -0.333204 0.091117 0.068205 -0.101612 -0.071254 0.111005 0.306368 -0.148997 -0.134675 -0.261187 -0.155168 -0.029852 -0.127121 -0.205464 0.204768 -0.063314 -0.097954 -0.131288 -0.285662 -0.295899 -0.134013 -0.089791 -0.131374 0.014976 -0.127505 0.002895 -0.145274 -0.246801 -0.289917 0.002030 -0.069315 0.070419 -0.157142 0.583437 0.246558 0.458874 0.437830 0.223700 0.059209 0.020723 -0.258239 -0.035284 -0.275847 0.239306 0.160073 0.317331 0.217596 0.334874 0.270786 0.203063 0.082760 0.045400 0.031181 0.107852 0.111077 0.146981 -0.006159 -0.079940 -0.162309 0.180980 0.127138 -0.017286 -0.108106 -0.101445 -0.067124 -0.043540 -0.092040 0.055153 -0.269031 -0.248633 -0.182360 -0.138303 -0.111536 -0.094359 -0.135916 -0.110755 -0.258197 -0.236627 -0.179725 -0.123429 -0.102795 -0.165744 -0.219627 -0.187724 -0.029932 -0.087613 -0.064190 -0.047079 -0.141705
-0.229005 -0.198829 0.175130 0.101910 0.140444 0.068546 0.298334 0.492558 0.087142 0.518201 0.130057 0.713430 0.384547 1.000000 -0.102574 0.473670 -0.165821 0.089815 -0.039174 0.002366 -0.081597 -0.040119 -0.198475 0.127365 -0.217908 0.086872 -0.214712 -0.185592 -0.131154 0.256312 0.039822 0.209609 -0.298726 0.172793 -0.147556 0.153938 0.060042 0.062301 -0.240318 0.019638 -0.021738 0.144149 0.016135 -0.008908 -0.140760 -0.232138 -0.098032 0.012853 -0.106515 -0.109147 -0.163001 -0.141291 -0.128826 -0.260523 -0.220247 -0.277697 -0.444476 -0.479827 -0.114335 0.101436 0.418028 0.467711 0.208338 0.439565 0.141505 0.187265 -0.164655 -0.124194 -0.537020 -0.361977 0.009397 0.126406 0.215433 0.108327 0.203944 0.098415 0.250927 0.290613 -0.160989 -0.088481 -0.206650 -0.135668 -0.216239 0.247450 -0.398021 -0.450692 -0.256479 -0.207785 0.042871 -0.039417 0.210404 -0.026145 0.263043 0.076642 0.061697 0.001362 -0.313132 -0.222760 -0.177052 -0.104194 0.286614 -0.006452 0.019057 -0.126398 -0.007979 0.001487 0.072037 -0.066132 0.018107 -0.027255 -0.326098 0.017655 0.111786 0.174407 0.249253 0.122735
0.028236 0.114250 -0.124019 0.011020 0.486397 0.089398 -0.000031 0.023405 0.552080 0.091231 0.067187 0.020006 0.308196 -0.102574 1.000000 0.280474 0.012963 -0.183934 0.304818 0.241243 0.212759 -0.037515 -0.057937 -0.259312 0.054383 -0.552644 0.408173 -0.128441 0.360916 0.147520 -0.088223 -0.216876 0.099768 0.016219 -0.289689 -0.172241 -0.022021 -0.271825 0.333957 -0.056764 0.155526 0.151005 -0.199511 -0.274146 -0.032956 -0.246800 -0.255845 -0.238010 0.045252 -0.019484 -0.104963 0.106757 0.042196 0.045566 0.062839 -0.059386 0.103290 0.018372 -0.148036 -0.192845 0.087486 -0.077151 0.369197 0.159176 0.100862 -0.232693 -0.218980 -0.314653 0.111049 0.033026 0.156797 -0.037341 0.274978 0.303415 0.272656 0.175004 0.089250 0.015262 -0.074846 -0.136364 0.075382 -0.006057 0.390688 0.413525 0.186555 0.208253 0.371324 0.284359 0.127775 0.148509 -0.058491 -0.019781 -0.138043 -0.115045 -0.037258 -0.025976 -0.148972 -0.038493 -0.101956 -0.059495 -0.133460 -0.116732 -0.081439 -0.166891 -0.260902 -0.200313 -0.126159 -0.020760 -0.083114 -0.068445 0.111947 -0.090025 -0.042605 -0.147079 -0.194812 -0.159475
-0.483951 -0.128392 -0.216844 0.155225 0.476895 0.509913 -0.042872 0.251965 0.411519 0.550760 -0.384079 0.286427 -0.029163 0.473670 0.280474 1.000000 -0.181723 -0.163176 -0.222529 -0.009181 0.233903 0.157015 -0.190120 0.058307 0.105314 -0.187561 0.306830 0.046006 -0.090754 0.308465 0.157511 0.153126 -0.253083 0.051516 -0.299955 0.167707 0.168225 0.060925 0.207359 0.142808 0.161205 0.265526 -0.052521 -0.104448 0.000382 -0.181530 -0.052209 -0.053768 0.043178 0.076748 -0.189158 0.002860 -0.116157 -0.055051 -0.091995 -0.190789 -0.297066 -0.321107 -0.230320 -0.001218 -0.007340 0.258815 0.088087 0.221348 0.051877 -0.030796 -0.312835 -0.284186 -0.272643 -0.079907 0.141468 0.176025 0.160901 0.276092 0.131544 0.155074 0.117877 0.186407 -0.175082 -0.184888 -0.140222 -0.195059 -0.166517 0.476296 -0.315906 -0.188168 -0.195068 -0.182439 0.003394 0.144058 0.196839 -0.069344 0.180969 -0.042101 -0.028901 0.174302 -0.278358 -0.083379 -0.160005 -0.086004 0.101611 -0.205585 -0.004675 -0.117951 -0.081889 -0.030993 0.017214 -0.029824 -0.032888 0.017893 -0.167552 0.061011 0.081530 0.080400 0.064186 0.014164
0.272707 0.553743 -0.426920 -0.228485 -0.161379 0.029223 -0.367121 -0.370856 -0.030049 -0.299264 0.206257 -0.166979 0.215329 -0.165821 0.012963 -0.181723 1.000000 0.577076 0.054501 0.294869 0.025194 -0.029535 -0.356140 -0.443750 0.173104 -0.337891 0.344213 -0.156449 0.469762 0.418875 -0.174556 -0.359400 0.441802 0.180808 -0.179253 -0.237012 -0.196133 -0.178033 0.134346 -0.074640 -0.042945 0.141067 -0.174815 -0.052950 0.161995 0.133411 -0.008204 0.014692 -0.106590 -0.029512 0.080956 -0.105544 -0.031159 -0.005429 -0.163171 -0.030931 0.641609 0.640163 -0.021196 0.208439 -0.081536 -0.104360 0.475593 0.261816 -0.246586 -0.281932 0.130025 0.130157 0.523460 0.486143 -0.076590 -0.172040 0.451309 0.024321 0.059422 -0.041491 -0.170025 -0.285045 0.640059 0.421781 0.816688 0.745318 0.126247 -0.091255 0.109827 0.447127 0.298554 0.108631 -0.423626 -0.181155 -0.571657 -0.609736 -0.591137 -0.552282 -0.053651 -0.356292 0.010550 -0.131510 -0.017678 -0.307223 -0.461543 -0.344524 -0.352940 -0.287136 -0.253646 -0.194485 -0.127687 -0.064478 -0.235382 -0.220389 0.036001 -0.237856 -0.452988 -0.445649 -0.369204 -0.375478
0.178440 0.315499 -0.258700 -0.408323 -0.307660 -0.202693 -0.169212 -0.375126 -0.260652 -0.391784 0.184279 0.130767 0.065204 0.089815 -0.183934 -0.163176 0.577076 1.000000 0.054052 0.226130 -0.119531 -0.166133 -0.342016 -0.420713 -0.171233 -0.108576 0.019368 -0.225757 0.536856 0.515908 -0.289996 -0.319140 0.255221 0.162853 0.074915 -0.212544 0.077343 -0.097651 -0.074719 -0.084594 -0.029149 -0.025553 0.037064 0.141952 0.237180 0.103687 0.172056 0.191871 -0.072850 0.155068 0.023128 0.000821 0.096100 -0.066650 -0.137368 0.101355 0.418244 0.443039 0.077674 0.349398 -0.082316 -0.065647 0.273176 0.230725 -0.355749 -0.368989 0.280868 0.052000 0.240603 0.282739 -0.215250 -0.338881 0.471341 -0.114054 0.071760 -0.250436 -0.084252 -0.228940 0.552570 0.618986 0.625188 0.742808 0.139398 -0.011604 0.075222 0.140612 0.173100 0.003551 -0.329921 -0.369063 -0.373215 -0.392584 -0.417571 -0.351406 -0.066258 -0.242483 0.063685 -0.136488 0.143125 -0.130941 -0.239945 -0.187447 -0.239887 -0.095544 -0.106163 -0.116438 0.089226 0.083041 -0.136348 -0.142036 0.073203 -0.110307 -0.343116 -0.309883 -0.189851 -0.211771
0.572931 0.030938 0.417273 0.001846 0.007514 -0.306238 0.505604 0.033505 0.062792 -0.063956 0.479494 0.161679 0.307826 -0.039174 0.304818 -0.222529 0.054501 0.054052 1.000000 0.293870 -0.189612 -0.259452 0.110456 -0.155679 -0.186663 -0.267453 -0.134710 -0.322286 0.413166 -0.008726 -0.072760 -0.152076 0.362556 0.231020 0.125273 -0.206661 0.059375 -0.243588 -0.169567 -0.290755 -0.087359 -0.079030 0.042878 -0.008391 -0.236945 -0.274149 -0.039431 -0.009839 -0.220554 -0.161492 -0.132561 -0.059127 -0.007588 0.017582 -0.075766 -0.112571 -0.052555 -0.023110 -0.222476 -0.361497 0.264996 -0.084802 0.212304 0.012137 0.285510 -0.042704 -0.016942 -0.178629 0.098620 -0.323156 -0.007872 -0.175884 0.198161 0.042516 0.268074 0.027867 0.212842 -0.136306 0.018050 0.123644 0.001732 0.039244 0.144592 -0.010030 0.171063 0.157311 0.126991 -0.012954 0.155961 -0.064200 -0.077807 0.176521 -0.114660 0.031445 -0.032323 -0.180374 -0.057531 -0.048912 -0.075005 -0.008161 -0.133836 0.098227 -0.212529 -0.222148 -0.294755 -0.205545 -0.152071 -0.108869 -0.031545 -0.142867 0.147580 -0.007031 -0.106569 -0.070461 -0.061284 -0.050225
0.105103 0.308593 -0.221268 -0.181904 0.242914 -0.120048 0.035124 0.049946 0.229554 -0.134732 0.070170 0.116572 0.064080 0.002366 0.241243 -0.009181 0.294869 0.226130 0.293870 1.000000 0.140105 0.141401 -0.241571 -0.362114 0.094303 -0.428275 0.295706 -0.320318 0.458542 0.525141 0.059720 -0.000255 0.444785 0.491729 -0.227785 -0.254432 -0.029444 -0.062100 0.192889 0.236431 0.163624 0.320691 -0.261215 -0.125639 0.123346 0.086613 -0.235064 0.066968 -0.327913 0.206450 -0.475496 -0.052223 -0.403112 -0.157062 -0.283962 -0.190443 0.126968 0.085665 -0.512641 -0.005461 -0.196246 -0.053431 0.322073 0.313352 -0.167455 -0.311581 -0.242383 0.030690 0.031798 0.101987 0.167082 0.027099 0.530185 0.331279 0.429216 0.301513 0.237397 0.164594 0.095231 -0.128102 0.312207 0.159664 0.171237 0.492006 -0.169799 0.088393 0.140516 0.059298 -0.325240 -0.373348 -0.293937 -0.242488 -0.400274 -0.367775 0.250024 0.089956 0.031867 0.143260 -0.035684 0.031985 -0.168784 -0.085351 -0.124908 -0.328223 -0.358962 -0.350079 -0.331119 -0.317855 0.186955 0.149823 0.153252 0.075500 -0.107894 -0.111021 -0.106885 -0.151023
-0.227656 0.098711 -0.244183 -0.232407 0.445815 0.423586 -0.081579 0.077172 0.400162 0.069463 -0.283419 -0.375886 0.038010 -0.081597 0.212759 0.233903 0.025194 -0.119531 -0.189612 0.140105 1.000000 0.581910 -0.308579 -0.247192 0.294549 -0.159257 0.547633 0.167681 -0.102040 0.275277 0.197312 0.047664 0.005226 -0.075389 -0.324974 -0.165074 -0.207687 0.189142 0.409748 0.150614 0.130366 0.393161 0.026732 0.001514 0.226859 0.083221 -0.203885 0.018719 0.132158 0.310758 -0.109549 0.157335 -0.090940 -0.036412 -0.353708 -0.086512 -0.035772 -0.018296 -0.152636 0.002597 -0.281618 0.025615 -0.007290 0.015268 -0.280183 -0.150786 -0.139804 -0.320834 -0.032656 -0.009839 0.588181 0.514297 0.144977 0.577003 0.349400 0.462637 0.209396 0.362894 -0.192516 -0.181690 0.039197 -0.012774 -0.079264 0.098496 -0.294662 -0.164863 -0.039640 -0.012269 -0.346221 -0.263242 -0.082489 -0.045529 -0.043677 -0.187243 -0.222373 0.025113 -0.117877 -0.063024 -0.214039 0.104415 -0.042352 -0.175934 0.067083 0.060642 0.011302 -0.048930 -0.009105 -0.036794 -0.086633 0.046088 -0.030508 0.201667 0.052377 -0.158362 -0.159461 -0.296443
-0.164649 0.147932 -0.102760 0.102395 0.270789 0.469678 -0.089946 0.197363 0.181782 0.096677 -0.156540 -0.233938 -0.017903 -0.040119 -0.037515 0.157015 -0.029535 -0.166133 -0.259452 0.141401 0.581910 1.000000 0.104517 0.163761 0.419540 0.173906 0.429893 0.377314 -0.240335 0.112115 0.444579 0.408971 0.104283 0.211138 -0.143005 0.114796 -0.214743 0.371592 0.361685 0.480807 0.049061 0.395202 -0.188178 -0.058347 0.145593 0.229750 -0.285445 0.000784 -0.142697 0.196049 -0.302105 -0.157033 -0.334673 -0.254493 -0.313703 -0.332963 -0.115270 -0.063104 -0.209161 0.006031 -0.154078 0.269163 -0.163181 0.112690 -0.003190 0.149022 -0.113586 0.042037 -0.128471 -0.046465 0.324904 0.550656 0.015828 0.359053 0.173906 0.416672 0.082556 0.235223 -0.231784 -0.182780 -0.063427 -0.094642 -0.115728 0.039324 -0.398149 -0.141692 0.068871 0.183226 -0.330914 -0.243570 -0.176577 -0.148243 -0.069479 -0.306681 0.198881 0.183006 0.057586 0.108933 -0.263167 -0.060790 -0.090753 -0.231148 -0.155819 -0.242838 -0.137808 -0.191821 -0.380524 -0.435535 0.143905 0.191777 -0.187713 0.133059 -0.071692 -0.127150 -0.074678 -0.270581
0.243252 -0.223174 0.513034 0.453446 -0.256321 -0.142893 0.191220 0.041566 -0.301385 -0.080980 0.168675 0.010144 -0.168083 -0.198475 -0.057937 -0.190120 -0.356140 -0.342016 0.110456 -0.241571 -0.308579 0.104517 1.000000 0.763891 0.206271 0.504766 -0.363186 0.298522 -0.150182 -0.452806 0.360227 0.443040 -0.144796 0.038072 0.336428 0.389023 0.047003 0.123738 -0.026457 0.148075 -0.102793 -0.275834 -0.006523 0.008327 -0.292653 0.026190 0.002314 -0.068358 -0.078645 -0.212654 -0.005433 -0.012488 0.045129 0.095520 0.300072 0.013605 -0.178124 -0.163009 0.031024 -0.486781 0.162330 -0.059128 -0.507992 -0.393436 0.532309 0.380544 -0.235669 0.145224 -0.111620 -0.343403 -0.286823 -0.058371 -0.449290 -0.366118 -0.214944 -0.152490 -0.156366 -0.228914 -0.079734 0.008661 -0.391502 -0.319329 -0.019214 -0.247711 0.143339 0.048276 0.004619 0.179010 0.433449 0.314052 0.083619 0.348603 0.171615 0.256186 0.229892 0.159466 0.108750 0.208697 -0.118482 -0.045242 -0.001554 0.107636 -0.050991 -0.187231 -0.113375 -0.071500 -0.276589 -0.271076 0.247845 0.081140 -0.077980 -0.161772 0.106351 0.221814 0.244382 0.182291
-0.068125 -0.414302 0.485024 0.549771 -0.135060 0.065576 0.199878 0.288572 -0.219952 0.256952 0.062036 0.163102 -0.116174 0.127365 -0.259312 0.058307 -0.443750 -0.420713 -0.155679 -0.362114 -0.247192 0.163761 0.763891 1.000000 0.092801 0.644550 -0.440400 0.392328 -0.466351 -0.431076 0.441793 0.651081 -0.428055 0.093158 0.250280 0.561198 -0.000879 0.295420 -0.189962 0.274892 -0.091399 -0.215538 0.056886 0.088084 -0.251369 0.067706 -0.033463 0.047775 -0.093200 -0.120513 -0.060594 -0.121612 -0.139185 -0.058373 0.129684 -0.110645 -0.405639 -0.465293 0.047386 -0.385515 0.248114 0.111996 -0.517523 -0.260725 0.551346 0.505868 -0.304367 0.147892 -0.413713 -0.367833 -0.171313 0.160322 -0.496439 -0.285599 -0.243841 -0.100254 -0.070229 0.019621 -0.218081 -0.150388 -0.551215 -0.474570 -0.231978 -0.174787 -0.216454 -0.248540 -0.218411 0.082334 0.373008 0.274251 0.330730 0.351311 0.449911 0.359962 0.237981 0.241724 -0.028227 0.133221 -0.129841 -0.073670 0.154633 0.121478 0.050993 -0.103389 -0.021045 0.010242 -0.234559 -0.310088 0.276294 0.187118 -0.261019 -0.025813 0.269437 0.350341 0.348835 0.254575
-0.126719 0.129950 -0.116486 -0.002152 0.341475 0.421902 -0.189431 -0.138092 0.244364 0.046875 -0.136440 -0.296980 -0.170588 -0.217908 0.054383 0.105314 0.173104 -0.171233 -0.186663 0.094303 0.294549 0.419540 0.206271 0.092801 1.000000 -0.071789 0.564492 0.148272 -0.047657 0.138963 0.424159 0.205796 0.184245 0.035984 -0.031773 0.136129 -0.015716 -0.015390 0.353422 0.150237 0.043339 0.261707 -0.178603 -0.150414 0.145566 0.277931 -0.008890 -0.120219 -0.076672 -0.001265 -0.100109 -0.011482 -0.090728 -0.024792 0.057050 -0.074375 0.123352 0.184830 -0.140474 -0.078839 -0.237903 -0.154365 -0.206364 -0.262051 -0.079007 -0.023187 -0.067015 0.166902 0.149792 0.134933 0.000595 0.153195 -0.026945 0.151338 -0.085643 0.107678 -0.131087 -0.103448 0.113828 -0.013335 0.122456 0.068749 -0.057517 -0.114885 -0.107815 0.183178 0.135319 0.098288 -0.196571 0.010025 -0.284769 -0.303569 -0.252057 -0.269369 0.037413 -0.020468 0.237973 0.087838 -0.136031 -0.199995 -0.120873 -0.300339 -0.168946 -0.180034 -0.102442 -0.121261 -0.213518 -0.143658 -0.018745 -0.043743 -0.131744 -0.181493 -0.167848 -0.104096 -0.088527 -0.249426
-0.011209 -0.206811 0.404411 0.263573 -0.420108 -0.054773 0.063792 0.147264 -0.508147 0.031885 -0.009825 0.035548 -0.135502 0.086872 -0.552644 -0.187561 -0.337891 -0.108576 -0.267453 -0.428275 -0.159257 0.173906 0.504766 0.644550 -0.071789 1.000000 -0.549791 0.492946 -0.537561 -0.396409 0.268479 0.474239 -0.316714 -0.065944 0.442829 0.427785 -0.039699 0.287755 -0.202746 0.110680 -0.200911 -0.285152 0.266875 0.321722 -0.182326 0.194862 0.102191 0.157432 -0.075118 -0.029777 0.130749 0.006664 -0.005573 0.033069 -0.055287 -0.064954 -0.241996 -0.217413 0.265508 -0.105584 0.139131 0.214971 -0.571936 -0.246550 0.286415 0.464239 0.056876 0.230695 -0.223278 -0.260634 -0.154993 0.164425 -0.466827 -0.342875 -0.255836 -0.151593 -0.107581 0.004707 -0.110173 0.062689 -0.395691 -0.248714 -0.327455 -0.422969 -0.193548 -0.332260 -0.370477 -0.122645 0.067623 0.013851 0.149777 0.213207 0.284651 0.213002 0.080592 0.072771 0.057720 0.024852 -0.170778 -0.054634 0.085604 0.101653 0.014338 0.071205 0.123552 0.132481 -0.035361 -0.086918 0.077654 0.143142 -0.210239 -0.043269 0.115641 0.150721 0.230895 0.151639
-0.184895 0.362643 -0.515372 -0.171935 0.543632 0.584308 -0.357968 -0.172885 0.454962 -0.076387 -0.274959 -0.340595 -0.065402 -0.214712 0.408173 0.306830 0.344213 0.019368 -0.134710 0.295706 0.547633 0.429893 -0.363186 -0.440400 0.564492 -0.549791 1.000000 0.063102 0.228418 0.386973 0.053531 -0.192850 0.321702 0.046070 -0.376027 -0.124863 -0.065741 -0.050766 0.540265 0.192224 0.232733 0.460761 -0.264475 -0.235653 0.300448 0.203664 -0.176943 -0.125733 -0.040339 0.171374 -0.212079 -0.070175 -0.113193 -0.145597 -0.077455 -0.082118 0.277994 0.312390 -0.200426 0.198084 -0.303029 -0.025897 0.268081 0.095088 -0.358728 -0.271433 -0.000123 -0.042325 0.263006 0.418121 0.180604 0.092703 0.282322 0.421062 0.187102 0.224672 -0.007781 0.035499 0.089744 -0.044568 0.375458 0.241992 0.158752 0.216991 -0.098286 0.248896 0.360567 0.191526 -0.406103 -0.150334 -0.407330 -0.503125 -0.440428 -0.503492 -0.072672 -0.030723 0.037549 -0.034399 -0.132843 -0.170150 -0.245054 -0.355415 -0.231290 -0.131402 -0.138463 -0.166700 -0.098225 -0.029281 -0.083873 -0.103752 0.088469 -0.064986 -0.241479 -0.348005 -0.382272 -0.402187
-0.045804 0.003354 -0.015349 0.367304 -0.012954 0.455014 -0.200902 0.020590 -0.185781 0.042477 -0.215479 -0.201530 -0.333204 -0.185592 -0.128441 0.046006 -0.156449 -0.225757 -0.322286 -0.320318 0.167681 0.377314 0.298522 0.392328 0.148272 0.492946 0.063102 1.000000 -0.422051 -0.317836 0.145627 0.160882 -0.244160 -0.316398 0.112649 0.373299 -0.103377 0.243263 0.002690 0.113915 -0.127564 -0.161903 0.127568 0.235862 -0.008011 0.380006 -0.012741 0.108301 0.052570 0.081029 0.015778 -0.067063 -0.176139 -0.064886 -0.113897 -0.024409 -0.096610 -0.045527 0.121804 0.029902 -0.148510 0.147306 -0.423849 -0.215987 0.076106 0.377231 0.014018 0.278030 -0.017771 0.070063 0.006893 0.218496 -0.466832 -0.072226 -0.151057 0.015155 -0.174071 -0.011239 -0.182655 -0.012231 -0.197556 -0.200431 -0.296203 -0.260290 -0.109544 -0.001090 -0.187812 -0.046864 -0.092217 0.087799 0.010986 0.022274 0.151740 -0.029897 -0.089796 -0.015994 0.057946 -0.162478 -0.286028 -0.147592 -0.150358 -0.094660 -0.149062 0.092213 0.019578 0.053390 -0.047309 -0.093314 -0.091502 0.021320 -0.064272 -0.001494 -0.018662 -0.074547 -0.037621 -0.115030
0.278694 0.200008 -0.290041 -0.370694 -0.076374 -0.288224 -0.120283 -0.452439 -0.017391 -0.439515 0.208880 0.054856 0.091117 -0.131154 0.360916 -0.090754 0.469762 0.536856 0.413166 0.458542 -0.102040 -0.240335 -0.150182 -0.466351 -0.047657 -0.537561 0.228418 -0.422051 1.000000 0.487498 -0.208893 -0.314422 0.368988 0.184767 -0.101383 -0.413106 0.208773 -0.172326 0.150635 -0.054233 0.129815 0.184920 -0.098896 -0.060336 0.181501 -0.040032 0.054363 0.054464 -0.091957 0.105212 -0.176537 0.027073 0.041637 0.007207 0.144269 0.187012 0.367231 0.338282 -0.200371 0.072300 -0.146727 -0.344769 0.376282 0.062580 -0.308927 -0.554651 0.032057 -0.106464 0.325451 0.229041 -0.113607 -0.435080 0.612917 0.007227 0.235605 -0.109396 0.039969 -0.267479 0.503769 0.384852 0.574592 0.524511 0.438889 0.336897 0.277609 0.338802 0.388749 0.194013 -0.073020 -0.171230 -0.325296 -0.212291 -0.497720 -0.288905 0.048941 -0.090833 0.076298 0.078698 0.189594 -0.002756 -0.205076 -0.085254 -0.133495 -0.221361 -0.284168 -0.251660 -0.040022 0.057843 0.023164 -0.176502 0.153011 -0.108528 -0.232179 -0.127307 -0.188181 -0.147096
-0.233970 0.139470 -0.375620 -0.400207 0.254460 0.079086 -0.106836 -0.104030 0.209613 0.035883 -0.118158 0.120801 0.068205 0.256312 0.147520 0.308465 0.418875 0.515908 -0.008726 0.525141 0.275277 0.112115 -0.452806 -0.431076 0.138963 -0.396409 0.386973 -0.317836 0.487498 1.000000 0.146837 0.064130 0.178768 0.330157 -0.278383 -0.201241 0.129335 0.062373 0.261315 0.148810 0.220658 0.408532 -0.072876 0.016948 0.296272 0.055112 -0.059738 0.057852 -0.173847 0.266808 -0.261214 -0.005599 -0.213899 -0.192134 -0.284382 -0.090099 0.085160 0.082860 -0.372768 0.202173 -0.230072 -0.111324 0.337598 0.311512 -0.320866 -0.494096 -0.113247 -0.141209 -0.026735 0.118560 0.108441 0.011923 0.706216 0.365767 0.321544 0.175782 0.250431 0.188214 0.247236 0.295259 0.482101 0.442568 0.066263 0.454779 -0.262439 0.010888 0.038107 -0.106289 -0.395047 -0.428133 -0.320415 -0.436958 -0.461888 -0.443992 -0.029817 0.005409 -0.043611 0.017581 -0.131831 -0.059205 -0.132359 -0.271317 -0.063829 -0.213479 -0.199065 -0.173912 0.034164 -0.000455 -0.035528 -0.012715 -0.066059 0.010977 -0.185831 -0.146086 -0.085350 -0.253529
-0.298560 -0.213422 0.295658 0.145887 0.316824 0.102400 0.231568 0.275634 0.212037 0.303620 -0.130980 -0.067112 -0.101612 0.039822 -0.088223 0.157511 -0.174556 -0.289996 -0.072760 0.059720 0.197312 0.444579 0.360227 0.441793 0.424159 0.268479 0.053531 0.145627 -0.208893 0.146837 1.000000 0.830323 -0.007656 0.317284 -0.034931 0.241493 -0.056772 0.243208 0.127910 0.323512 -0.065874 0.232016 0.046836 0.108594 0.054579 0.144614 -0.120647 -0.018341 -0.134387 0.155240 -0.225572 -0.009547 -0.270333 -0.203949 -0.208420 -0.333744 -0.368716 -0.335118 -0.264811 -0.297880 -0.074175 -0.025117 -0.217027 -0.007492 0.318211 0.082890 -0.276906 0.002750 -0.356425 -0.410513 0.121206 0.325055 0.012574 0.225348 0.121768 0.311854 0.196180 0.154936 -0.186744 -0.162670 -0.255636 -0.204747 -0.235523 0.071632 -0.440231 -0.193423 -0.258060 -0.114071 -0.099360 -0.167188 -0.041355 0.024391 0.033646 -0.059065 0.162353 0.184469 -0.045350 0.172198 -0.347819 -0.084274 0.003701 -0.188838 -0.021337 -0.354898 -0.286753 -0.168521 -0.289723 -0.304106 0.138676 0.127080 -0.337425 0.009308 0.039345 0.184871 0.248104 -0.032995
-0.327738 -0.375203 0.356903 0.212456 0.167567 0.016849 0.195615 0.350468 0.009479 0.344396 -0.110803 0.108949 -0.071254 0.209609 -0.216876 0.153126 -0.359400 -0.319140 -0.152076 -0.000255 0.047664 0.408971 0.443040 0.651081 0.205796 0.474239 -0.192850 0.160882 -0.314422 0.064130 0.830323 1.000000 -0.194428 0.384215 0.055874 0.352385 0.065060 0.422984 0.018931 0.445510 0.008287 0.169855 0.043802 0.156561 0.019572 0.143522 -0.122484 0.058931 -0.249916 0.169796 -0.314040 -0.139565 -0.371038 -0.293313 -0.175320 -0.308342 -0.512009 -0.552243 -0.261336 -0.256239 0.029356 0.119821 -0.344552 -0.015315 0.393248 0.231295 -0.284417 0.039186 -0.549837 -0.463677 0.037995 0.317085 -0.073765 0.096192 0.067714 0.196569 0.266025 0.297413 -0.305470 -0.255091 -0.446005 -0.395871 -0.238486 0.099634 -0.538001 -0.455069 -0.305559 -0.053536 0.036833 -0.138082 0.103923 0.160169 0.189509 0.099912 0.288851 0.355881 -0.009439 0.230458 -0.249764 0.014146 0.148703 -0.025083 0.116082 -0.242072 -0.135605 -0.030438 -0.250576 -0.325111 0.301194 0.270458 -0.377717 0.118744 0.231966 0.297498 0.415164 0.175573
0.370654 0.591266 -0.097244 -0.128073 0.034556 -0.126353 -0.038348 -0.122595 0.060657 -0.260330 0.201768 -0.156403 0.111005 -0.298726 0.099768 -0.253083 0.441802 0.255221 0.362556 0.444785 0.005226 0.104283 -0.144796 -0.428055 0.184245 -0.316714 0.321702 -0.244160 0.368988 0.178768 -0.007656 -0.194428 1.000000 0.462691 0.001609 -0.191436 -0.141371 -0.227919 0.163560 -0.002695 -0.008442 0.130602 -0.201139 -0.090227 0.141459 0.098670 -0.021648 -0.018212 -0.210570 0.059407 -0.140085 -0.140522 -0.026324 -0.045294 -0.129829 -0.153152 0.405339 0.534568 -0.112202 0.087280 -0.104723 0.031029 0.269299 0.177604 -0.161519 -0.147644 0.233158 0.126267 0.468371 0.195846 -0.107876 -0.215732 0.302891 0.049545 0.086606 0.030460 -0.116891 -0.307825 0.242437 0.139063 0.398467 0.382744 0.125365 -0.056211 0.015595 0.318248 0.205948 0.073603 -0.395916 -0.349089 -0.567568 -0.445938 -0.502399 -0.480438 0.158022 -0.165256 0.248698 0.126990 0.082975 -0.185307 -0.397719 -0.285376 -0.429327 -0.456806 -0.381379 -0.413406 -0.357655 -0.238256 -0.032840 -0.017327 0.210800 -0.019020 -0.379444 -0.367089 -0.234292 -0.264961
0.083317 0.247460 0.132482 0.103980 0.118299 -0.107459 0.224188 0.271936 0.107022 0.075326 0.253815 0.241311 0.306368 0.172793 0.016219 0.051516 0.180808 0.162853 0.231020 0.491729 -0.075389 0.211138 0.038072 0.093158 0.035984 -0.065944 0.046070 -0.316398 0.184767 0.330157 0.317284 0.384215 0.462691 1.000000 -0.063748 0.114794 -0.016977 0.043918 0.141310 0.333663 0.071608 0.231566 -0.200174 -0.136238 -0.007863 -0.048767 -0.228503 -0.054380 -0.413855 0.043423 -0.345570 -0.316559 -0.268786 -0.252870 -0.304960 -0.423889 0.040951 0.003120 -0.272258 -0.133403 0.224017 0.226020 0.203531 0.454377 0.206174 0.058609 -0.118455 0.065280 -0.139222 -0.133927 -0.038078 -0.002201 0.399880 0.100440 0.206809 0.182349 0.203997 0.018193 0.129215 0.020435 0.111878 0.129236 0.054581 0.240814 -0.378789 -0.128515 0.093877 0.131219 -0.180991 -0.362029 -0.320386 -0.271967 -0.278938 -0.352308 0.376271 0.125816 -0.030019 0.137702 -0.094495 -0.213615 -0.176959 -0.293812 -0.293087 -0.621430 -0.495159 -0.483069 -0.495346 -0.487225 0.219897 0.098768 -0.080982 -0.034973 -0.128006 -0.133907 -0.004406 -0.074485
0.150262 -0.219475 0.352153 0.071372 -0.379305 -0.139829 0.065581 -0.135689 -0.431457 -0.103379 0.228163 0.027263 -0.148997 -0.147556 -0.289689 -0.299955 -0.179253 0.074915 0.125273 -0.227785 -0.324974 -0.143005 0.336428 0.250280 -0.031773 0.442829 -0.376027 0.112649 -0.101383 -0.278383 -0.034931 0.055874 0.001609 -0.063748 1.000000 0.286774 0.054188 -0.211179 -0.294330 -0.200438 -0.231184 -0.366054 0.305989 0.204287 0.014527 0.152255 0.348849 0.126594 0.062994 0.012605 0.196410 0.125868 0.136625 0.273049 0.094419 0.010384 -0.051867 -0.043026 0.123781 -0.127949 0.043388 -0.102169 -0.464039 -0.321072 0.212287 0.214838 0.352724 0.201657 0.016472 -0.099473 -0.193798 -0.071834 -0.396168 -0.360068 -0.265871 -0.412642 -0.072286 -0.097839 -0.010022 0.209704 -0.261054 -0.065156 -0.178736 -0.424602 0.083452 -0.044446 -0.154653 -0.148431 -0.008844 -0.016674 0.007530 0.124701 0.042787 0.112506 -0.041664 -0.084203 0.227554 0.006442 0.133048 -0.058546 0.037002 0.091161 -0.045828 0.156016 0.168879 0.122340 0.073021 0.103208 -0.040167 0.031572 -0.010368 -0.123257 -0.064722 0.049251 0.058678 0.021147
-0.130795 -0.191574 0.224791 0.363288 0.005518 0.330013 0.015317 0.142656 -0.171309 0.246317 -0.017660 0.109779 -0.134675 0.153938 -0.172241 0.167707 -0.237012 -0.212544 -0.206661 -0.254432 -0.165074 0.114796 0.389023 0.561198 0.136129 0.427785 -0.124863 0.373299 -0.413106 -0.201241 0.241493 0.352385 -0.191436 0.114794 0.286774 1.000000 0.025050 0.084866 -0.029824 0.129996 -0.021401 -0.177835 0.054763 0.029338 -0.151046 0.142270 0.065373 0.027113 -0.005466 -0.138642 0.045652 -0.106833 -0.070146 0.098145 -0.071921 -0.252927 -0.174951 -0.242374 0.190798 -0.004695 0.225634 0.270025 -0.344007 -0.097504 0.329823 0.467437 -0.020435 0.359615 -0.228460 -0.034423 -0.180366 0.057903 -0.397255 -0.176829 -0.195648 -0.141346 -0.027574 0.013840 -0.157813 -0.062524 -0.343077 -0.301038 -0.241846 -0.202203 -0.196627 -0.103153 -0.123962 0.025906 0.073887 0.215459 0.091666 -0.038961 0.145174 -0.020090 0.053650 0.099303 -0.047893 -0.077078 -0.232158 -0.349847 -0.041282 -0.130109 -0.218573 -0.144079 -0.112454 -0.078106 -0.110124 -0.174306 0.012412 0.035039 -0.121722 -0.260127 -0.032246 0.029104 0.041824 -0.044787
