1.000000 0.507228 -0.276225 -0.328899 -0.196984 -0.141709 -0.237273 -0.301688 -0.051039 -0.351832 -0.030544 -0.137698 -0.145212 -0.126188 -0.084949 -0.300011 0.298176 0.119396 -0.098004 0.322255 0.056045 -0.195832 -0.157351 0.075721 -0.245194 -0.087214 0.002599 0.023187 0.185885 -0.005101 -0.231822 -0.261450 0.097370 -0.068178 -0.185891 -0.285165 0.122291 -0.086287 0.223321 0.053707 0.321392 -0.062225 -0.121311 -0.119541 0.204159 -0.034814 -0.053424 -0.052232 0.082247 0.155547 0.037591 0.140968 -0.031458 -0.126128 0.089834 -0.033329 0.630166 0.540538 0.025379 0.027313 0.125815 -0.001978 0.256024 0.365656 -0.076111 -0.274138 -0.187690 -0.341400 0.281812 0.160235 -0.013185 0.134625 0.189861 0.074121 0.168393 -0.013188 -0.221549 -0.404076 0.297210 0.105226 0.314951 0.357444 0.213882 -0.095703 0.285789 0.094441 0.075607 -0.007524 0.067440 0.107807 -0.144776 -0.227712 -0.253783 -0.087227 0.052082 -0.174765 -0.021602 0.013361 0.089348 0.018227 -0.092535 0.171102 -0.146277 -0.085723 -0.147151 -0.068740 -0.149143 -0.126562 -0.013574 -0.256162 -0.317729 -0.126960 0.096878 -0.078470 -0.205871 -0.017689
0.507228 1.000000 -0.481188 -0.346358 -0.105756 -0.273577 -0.402509 -0.191260 -0.141041 -0.195064 0.239441 0.259726 -0.006888 0.229258 -0.094978 -0.065054 0.327391 0.345708 -0.039627 0.518375 -0.104797 -0.116884 -0.487138 -0.338596 -0.235026 -0.140579 0.016556 -0.106213 0.169143 0.241680 -0.493556 -0.601162 -0.138808 -0.408489 -0.218581 -0.557078 -0.004249 0.044726 0.249395 -0.030019 -0.084521 0.129037 -0.041935 -0.124851 -0.033375 -0.157381 0.211740 0.036026 0.096696 0.140114 0.127185 0.256273 0.192248 0.127892 0.204304 0.050198 0.355037 0.484255 0.101816 0.425840 0.060500 0.443689 0.330618 0.451682 -0.384932 -0.197108 0.007847 -0.403214 0.295718 0.241615 -0.056323 -0.190167 0.079990 0.113498 0.229595 -0.191259 -0.080823 -0.171336 0.047428 0.248802 0.392917 0.409561 -0.132955 -0.179775 0.187844 0.217779 -0.069827 -0.265321 -0.121119 0.310806 -0.120192 -0.293619 -0.229648 -0.315810 -0.001039 -0.128981 -0.257719 -0.272683 0.064030 -0.071771 0.271038 0.064751 0.045603 -0.268102 -0.002852 0.055491 0.040332 0.156132 -0.236018 -0.078787 -0.289440 -0.066762 0.160023 -0.176903 -0.107435 -0.158361
-0.276225 -0.481188 1.000000 0.485919 0.248222 0.153834 0.675339 0.506636 0.368560 0.288687 0.002186 0.035310 0.293258 -0.081564 0.250822 0.135420 -0.266200 -0.278857 0.363784 -0.356634 -0.046188 -0.056621 0.597777 0.261560 0.162445 0.136777 -0.139989 0.171519 -0.100508 -0.206967 0.473398 0.485868 0.240152 0.475367 0.128958 0.397911 -0.350106 -0.326671 -0.426306 -0.234182 0.076972 -0.203880 -0.203895 -0.002786 -0.044170 0.168288 -0.250969 -0.282981 -0.080904 -0.156214 -0.080276 -0.352810 -0.300117 -0.318338 -0.181322 -0.051225 -0.324134 -0.430053 0.073526 -0.483231 0.035380 -0.265588 -0.341584 -0.411296 0.521072 0.533654 0.115622 0.427263 -0.432709 -0.400159 -0.191976 0.026255 -0.084608 -0.285511 -0.200090 0.003062 -0.088999 -0.168311 -0.007314 -0.300415 -0.462449 -0.388475 0.052493 0.147546 -0.123580 -0.215163 -0.092690 0.192618 0.166209 -0.277458 0.002823 0.179493 0.203729 0.415336 -0.122737 -0.054202 0.289943 0.201951 -0.256908 -0.146256 -0.298618 -0.156117 -0.229039 -0.134486 -0.182162 -0.345614 -0.208170 -0.297493 0.047995 -0.141816 -0.018021 -0.241241 -0.262007 0.040188 -0.018741 0.070440
-0.328899 -0.346358 0.485919 1.000000 0.044054 0.442063 0.364144 0.678748 -0.006831 0.239678 -0.286944 0.254867 -0.018853 -0.075356 -0.039030 0.125428 -0.508576 -0.438373 -0.165218 -0.325683 0.213871 0.384690 0.435993 0.410746 0.069673 0.249569 0.042730 0.152657 -0.450441 -0.204956 0.369449 0.579281 0.079565 0.477540 0.235897 0.552956 -0.398208 -0.173708 -0.381296 -0.062767 -0.027285 0.003656 -0.081404 0.059474 -0.058535 0.168066 -0.209960 -0.184291 -0.222000 -0.035942 -0.256286 -0.206641 -0.305070 -0.239935 -0.186700 0.026117 -0.487292 -0.611987 -0.226956 -0.450050 -0.277484 -0.290341 -0.413419 -0.544401 0.339032 0.640808 -0.146833 0.405036 -0.463402 -0.363606 -0.019400 0.264760 -0.251736 0.098342 -0.012295 0.131864 0.120481 0.267054 -0.237210 -0.392781 -0.533958 -0.478249 0.053417 0.252054 -0.010870 0.105926 0.092390 0.308476 0.200786 -0.012187 0.123495 0.096637 0.491916 0.157872 -0.099528 0.163643 0.284687 0.263070 -0.354611 0.072885 -0.061999 -0.228442 -0.066235 -0.069311 -0.131422 -0.316772 -0.240730 -0.283218 0.087770 0.004455 0.119991 -0.162162 -0.172726 0.038787 0.124537 -0.005260
-0.196984 -0.105756 0.248222 0.044054 1.000000 0.297982 0.363586 0.299039 0.295886 0.231636 0.088910 0.114483 0.374102 0.276282 0.168278 0.035745 -0.117991 -0.204344 0.068248 -0.161486 0.038639 0.076629 0.060259 0.005556 0.135692 -0.174097 0.247299 -0.025152 -0.113210 -0.112632 -0.167826 -0.145526 -0.333593 -0.134012 -0.214401 0.024457 -0.262079 -0.072173 -0.217148 -0.185455 -0.118279 0.052109 0.143502 0.091952 -0.018028 -0.022485 -0.002148 -0.056354 0.172379 -0.062311 -0.026120 0.035886 0.066141 0.095345 -0.162834 -0.202105 -0.261957 -0.284477 0.426954 0.004474 0.300808 0.208154 -0.064798 -0.155855 0.204844 0.257560 -0.037430 -0.137457 -0.305843 -0.179327 0.133211 -0.102474 -0.162401 -0.122430 -0.019076 -0.066588 0.205310 0.078536 -0.147510 -0.221426 -0.192069 -0.317007 0.053686 0.093687 -0.452453 -0.376917 -0.253966 -0.245570 0.232396 -0.027293 0.305422 0.341563 0.251942 0.385954 -0.145087 0.114829 -0.282296 0.009443 0.095909 -0.045474 -0.019019 0.091786 0.014356 0.029104 0.140907 0.039401 0.012815 -0.094664 0.190331 0.127322 -0.008672 0.072394 0.222852 0.154588 0.096426 0.018670
-0.141709 -0.273577 0.153834 0.442063 0.297982 1.000000 0.190019 0.398287 0.083394 0.238911 -0.434783 0.040375 -0.083702 -0.113467 -0.009993 -0.001550 -0.485652 -0.518689 -0.306663 -0.305035 0.292441 0.368852 0.225747 0.370339 -0.015252 0.028474 0.345506 0.180338 -0.548447 -0.371982 -0.012388 0.191446 -0.193669 0.054966 0.150070 0.340734 -0.316344 -0.049119 -0.190130 0.084490 -0.085943 0.030503 0.152166 0.074029 0.182355 0.095629 -0.047773 -0.082733 0.243920 0.108128 -0.198861 0.065149 -0.087384 0.039352 -0.154631 -0.059486 -0.320112 -0.410601 0.163880 -0.132685 -0.103408 -0.112913 -0.300330 -0.421016 0.219450 0.390092 -0.049201 0.097662 -0.335048 -0.217457 0.109030 0.118456 -0.384198 -0.070918 -0.155308 -0.046526 0.025478 0.170384 -0.287474 -0.516369 -0.378425 -0.488316 0.185716 0.256250 -0.155661 -0.039334 -0.045921 0.141271 0.309651 0.103199 0.327217 0.335698 0.497391 0.176838 -0.045461 -0.027848 0.061806 0.116902 -0.062450 0.210936 -0.074059 -0.190746 -0.103992 0.160833 0.259914 0.023443 -0.252397 -0.268999 0.170080 0.068714 0.104777 0.106011 0.166687 0.109770 0.053026 0.104613
-0.237273 -0.402509 0.675339 0.364144 0.363586 0.190019 1.000000 0.644032 0.302527 0.310793 0.150936 0.279605 0.622308 0.342668 0.274603 0.203574 0.002155 -0.092983 0.164064 -0.363986 -0.150788 -0.237115 0.362451 0.164442 -0.156124 -0.284588 0.004508 -0.194987 0.248985 0.085343 0.182903 0.246816 0.153297 0.365361 -0.137291 0.143091 -0.311836 -0.494165 -0.352522 -0.436294 0.056652 -0.279597 -0.028009 0.002181 0.233846 0.162957 -0.141374 -0.359112 0.123454 0.065312 -0.082700 -0.081516 -0.116700 -0.097121 -0.128791 -0.232416 -0.312863 -0.533350 0.153009 -0.474786 0.386670 0.003287 0.068858 -0.189112 0.657863 0.381922 -0.082502 -0.086352 -0.557995 -0.564212 -0.183656 -0.022099 0.251162 -0.166001 -0.023040 -0.008174 -0.038802 -0.193847 0.011436 -0.267896 -0.337355 -0.234832 0.093112 0.288778 -0.288624 -0.269440 -0.046949 0.130441 0.133165 -0.107627 0.071143 0.122571 0.238001 0.444026 -0.241282 0.006123 -0.154760 0.019999 -0.219656 -0.253422 -0.138463 -0.003159 -0.157215 -0.226910 -0.405606 -0.437677 -0.208630 -0.186140 -0.046838 -0.209084 -0.322197 -0.271949 -0.171392 -0.045840 0.002081 0.172216
-0.301688 -0.191260 0.506636 0.678748 0.299039 0.398287 0.644032 1.000000 0.062624 0.469092 -0.037733 0.450279 0.286511 0.369059 0.051113 0.267954 -0.194030 -0.205515 -0.014271 -0.312834 0.061628 0.049573 0.195888 0.099093 -0.205517 -0.275376 0.073289 -0.226371 -0.134471 -0.009097 0.093727 0.201664 -0.031162 0.313493 -0.136958 0.175704 -0.418567 -0.361284 -0.411507 -0.263345 0.027617 -0.197674 -0.081697 -0.018011 0.029501 0.083566 -0.204472 -0.309174 0.004756 0.004264 -0.264688 -0.155199 -0.263680 -0.254763 -0.173572 -0.098699 -0.317698 -0.519030 -0.091258 -0.364882 0.099940 0.131717 -0.087763 -0.284187 0.357651 0.711035 -0.201850 0.054575 -0.555560 -0.447996 -0.057196 0.141624 -0.021857 0.021358 0.065830 0.026815 0.049578 0.021558 -0.097416 -0.360929 -0.342209 -0.321476 0.052535 0.283959 -0.207783 -0.069679 -0.103897 0.145632 0.116161 -0.102256 0.269766 0.084837 0.513312 0.264221 -0.147783 0.126793 0.021603 0.115666 -0.294557 -0.095636 0.147912 -0.047488 -0.007960 -0.132596 -0.198102 -0.372330 -0.219468 -0.257400 0.032882 -0.152765 -0.254404 -0.272531 -0.083500 0.082149 0.053949 0.092317
-0.051039 -0.141041 0.368560 -0.006831 0.295886 0.083394 0.302527 0.062624 1.000000 0.498516 0.105455 -0.022338 0.195272 -0.014881 0.629338 0.390432 -0.096571 -0.095631 0.399410 -0.012104 -0.111959 -0.221136 0.260975 0.027576 0.057436 0.087697 0.216722 0.330381 -0.021777 -0.133596 0.105364 0.015831 0.044730 0.009169 -0.007476 0.047875 -0.228914 -0.209100 -0.163121 -0.208498 0.037865 -0.054074 -0.093110 -0.228339 -0.113549 -0.217324 0.094475 -0.223904 0.053111 -0.210553 0.217835 -0.045135 0.148100 0.000672 0.013300 0.133986 -0.164895 -0.180402 0.279878 0.007834 0.149280 -0.060709 -0.234174 -0.094067 0.203878 0.150311 0.085843 -0.021574 -0.043160 -0.081452 -0.161853 -0.218550 -0.086797 -0.153095 -0.018007 0.029589 -0.015448 -0.269523 0.092067 -0.045676 -0.226163 -0.137166 0.050548 0.054281 -0.028281 -0.179782 -0.036808 0.005532 0.227059 0.166451 0.096232 0.176473 0.057338 0.346173 -0.159211 -0.328796 -0.037923 -0.012138 0.084908 -0.148117 -0.263619 -0.153866 -0.264421 -0.159370 0.042774 -0.110184 -0.288156 -0.250922 -0.145941 -0.180370 -0.144981 -0.114564 0.018713 -0.134988 0.130192 0.158158
-0.351832 -0.195064 0.288687 0.239678 0.231636 0.238911 0.310793 0.469092 0.498516 1.000000 0.052134 0.141917 0.106669 0.158339 0.464891 0.687615 -0.147200 -0.124219 0.334990 -0.063967 -0.018295 -0.026983 0.005907 -0.243554 -0.046125 -0.069415 0.192220 0.037531 -0.032015 0.051765 0.151512 0.065949 -0.019250 -0.004177 -0.139938 -0.048213 -0.336719 -0.286932 -0.169470 -0.225265 -0.081952 -0.131992 0.064051 -0.058104 -0.039172 -0.033402 0.151616 -0.110429 0.068440 -0.031195 -0.033580 -0.050117 0.018836 -0.002837 -0.049087 0.150678 -0.243075 -0.353617 0.036578 -0.000529 0.032425 0.076167 -0.180103 -0.153864 0.039523 0.359399 0.050088 0.035363 -0.125769 -0.087869 -0.078136 -0.224678 -0.137006 -0.129334 -0.095953 -0.042077 -0.067391 -0.105065 -0.068667 -0.211224 -0.207570 -0.204022 -0.068007 0.158254 -0.154402 -0.007844 -0.130915 -0.121381 0.013913 0.035594 0.150041 0.045872 0.236118 0.090363 -0.259966 -0.124444 -0.105846 -0.136174 -0.096691 -0.271600 -0.001453 -0.206527 -0.081601 -0.107528 0.075344 -0.123210 -0.198118 -0.211290 -0.205054 -0.139777 -0.242295 -0.239072 -0.048621 -0.021884 -0.050677 -0.007791
-0.030544 0.239441 0.002186 -0.286944 0.088910 -0.434783 0.150936 -0.037733 0.105455 0.052134 1.000000 0.353364 0.603017 0.500459 0.268138 0.307210 0.489733 0.423477 0.268757 0.001517 -0.383051 -0.439276 -0.259996 -0.397589 0.004773 -0.196109 -0.046211 -0.233966 0.460063 0.478789 -0.112327 -0.274652 -0.029253 -0.244140 -0.072284 -0.382731 0.084919 -0.209247 0.044432 -0.334214 -0.077644 -0.313238 -0.022574 -0.229434 -0.123570 -0.218676 0.043481 -0.265137 0.080371 -0.157386 0.334344 -0.028762 0.301224 0.064517 0.266910 -0.269523 0.019978 -0.016553 0.212183 0.091282 0.388978 0.347802 0.392551 0.308852 -0.041751 -0.001184 0.061147 -0.270715 -0.019712 -0.151994 -0.272006 -0.301887 0.205523 -0.038275 0.047614 0.081854 -0.029647 -0.288871 0.129298 0.317648 0.230377 0.369476 -0.184342 -0.047912 0.014542 0.227516 0.010911 -0.189206 -0.245275 0.045915 -0.130136 -0.258673 -0.183889 -0.068371 -0.187274 -0.090881 -0.332079 -0.315082 -0.186276 -0.459507 0.009591 0.209515 -0.167111 -0.301954 -0.241461 -0.097322 0.148244 0.202316 -0.298758 -0.149716 -0.485332 -0.344499 -0.070676 -0.191680 -0.095678 -0.081326
-0.137698 0.259726 0.035310 0.254867 0.114483 0.040375 0.279605 0.450279 -0.022338 0.141917 0.353364 1.000000 0.466814 0.502842 0.149468 0.405719 -0.012294 0.149436 -0.099501 0.011456 -0.153958 -0.120001 -0.079516 0.021883 -0.295601 -0.213867 0.077595 -0.201262 0.062157 0.295324 -0.163374 -0.098516 -0.077321 -0.010197 0.016998 -0.127723 -0.172819 -0.136976 -0.084158 -0.186805 0.007930 -0.152770 -0.065074 -0.191176 -0.043211 -0.164827 0.020633 -0.312998 0.061021 -0.005183 0.020279 0.048010 0.109718 0.028863 0.150861 -0.112088 -0.345070 -0.386516 -0.005084 -0.131361 0.187249 0.414075 0.121112 0.003878 0.165799 0.409860 -0.114044 -0.285081 -0.440893 -0.375233 -0.045173 -0.110665 0.073538 0.054219 0.138619 -0.031975 0.216959 0.091152 -0.087847 -0.028678 -0.122167 -0.001745 -0.025950 0.264466 0.048082 0.265713 0.026997 0.110649 0.068527 0.327120 0.141325 -0.061722 0.356513 0.058699 -0.106265 0.143094 -0.256100 -0.159798 -0.374135 -0.172895 0.159648 -0.083371 -0.201693 -0.413176 -0.174860 -0.347678 -0.244331 -0.157178 -0.121536 -0.115193 -0.336597 -0.344365 -0.020652 -0.004312 0.096591 0.066574
-0.145212 -0.006888 0.293258 -0.018853 0.374102 -0.083702 0.622308 0.286511 0.195272 0.106669 0.603017 0.466814 1.000000 0.633771 0.350938 0.273605 0.360048 0.247970 0.021887 -0.270396 -0.333364 -0.327885 0.005559 -0.102533 -0.119157 -0.190833 0.065298 -0.197605 0.381030 0.224415 -0.223116 -0.164402 -0.072269 -0.071385 -0.029004 -0.090466 -0.161466 -0.353994 -0.172621 -0.476660 -0.145589 -0.278347 0.035423 -0.069762 0.086456 0.034178 0.049574 -0.245583 0.132719 0.020299 0.167159 -0.072556 0.193677 0.108003 0.132546 -0.265186 -0.146907 -0.287111 0.305392 -0.207298 0.509874 0.284719 0.302991 0.066128 0.352930 0.185853 -0.099894 -0.272377 -0.355307 -0.384812 -0.165655 -0.281584 0.250355 -0.078633 0.019734 -0.150331 0.084264 -0.185641 0.007311 0.089386 -0.020173 0.061803 -0.168381 0.011974 -0.145682 -0.001388 -0.012313 -0.140527 0.061763 0.135893 -0.107357 -0.027049 0.026060 0.237137 -0.189132 -0.019592 -0.384799 -0.293345 -0.277311 -0.389360 -0.127555 0.020903 -0.228520 -0.380461 -0.308286 -0.327705 -0.101890 0.025186 -0.216030 -0.122938 -0.393178 -0.293686 -0.083032 -0.140339 -0.006749 -0.033975
-0.126188 0.229258 -0.081564 -0.075356 0.276282 -0.113467 0.342668 0.369059 -0.014881 0.158339 0.500459 0.502842 0.633771 1.000000 0.111065 0.256884 0.505060 0.481642 -0.009148 -0.119788 -0.265225 -0.288923 -0.238230 -0.321322 -0.355728 -0.411290 0.118325 -0.400159 0.402736 0.464409 -0.404310 -0.376558 -0.053887 -0.118445 -0.305055 -0.363364 -0.015169 -0.266065 -0.054896 -0.383415 -0.106901 -0.193980 0.002258 -0.152476 -0.116947 -0.154125 0.041741 -0.235235 0.039042 -0.099480 0.111087 -0.018538 0.210009 0.074668 0.188158 -0.282023 0.080299 -0.045157 0.117596 -0.012538 0.542609 0.560095 0.538326 0.376519 0.071871 0.154147 -0.114220 -0.427808 -0.082575 -0.193918 -0.191824 -0.217821 0.317069 0.116478 0.223931 -0.045775 0.123060 -0.112565 0.198974 0.312785 0.227414 0.335635 -0.169500 -0.073642 -0.067771 0.066982 0.041853 -0.164130 -0.021110 0.179741 -0.096263 -0.248585 -0.036043 -0.004885 -0.179796 0.040459 -0.476630 -0.370334 -0.267225 -0.403080 0.200264 0.202267 -0.047463 -0.296616 -0.400918 -0.331513 -0.009277 0.176914 -0.285671 -0.148157 -0.477588 -0.407769 -0.081145 -0.111509 -0.020317 0.007406
-0.084949 -0.094978 0.250822 -0.039030 0.168278 -0.009993 0.274603 0.051113 0.629338 0.464891 0.268138 0.149468 0.350938 0.111065 1.000000 0.541640 -0.027972 0.026650 0.321213 0.108830 -0.093145 -0.234984 0.274312 0.084345 -0.037297 0.148249 0.311125 0.362703 0.160777 0.010182 0.103304 0.048548 -0.057578 -0.032236 -0.106080 0.004514 -0.108661 -0.263221 -0.047302 -0.187582 0.072573 -0.086289 -0.207430 -0.403984 -0.187327 -0.357442 -0.012356 -0.415092 -0.007298 -0.289441 0.327795 -0.063085 0.219090 -0.039363 0.220467 -0.015604 -0.168586 -0.201672 0.217914 -0.159756 0.256951 0.119076 -0.083444 0.030999 0.243122 0.193005 -0.093105 -0.182646 -0.153605 -0.236597 -0.118844 -0.134148 0.054003 -0.171025 0.048119 -0.007461 0.000188 -0.154419 0.111936 -0.022129 -0.214322 -0.035695 0.140915 0.195546 0.117366 0.022999 0.152614 0.026835 0.369351 0.320077 0.066856 0.149962 0.101571 0.287128 -0.208932 -0.269706 -0.144439 -0.076000 -0.067771 -0.208557 -0.172345 -0.100199 -0.208533 -0.270871 -0.107494 -0.263969 -0.316947 -0.317052 -0.208124 -0.246685 -0.211825 -0.297527 0.016612 -0.045279 0.087890 0.047561
-0.300011 -0.065054 0.135420 0.125428 0.035745 -0.001550 0.203574 0.267954 0.390432 0.687615 0.307210 0.405719 0.273605 0.256884 0.541640 1.000000 -0.062617 0.096980 0.255701 0.038690 -0.192987 -0.209083 0.062312 -0.159477 -0.098387 -0.035191 0.120909 0.053016 0.060390 0.264783 0.122139 0.027151 -0.055185 -0.111262 -0.062683 -0.169942 -0.146958 -0.176337 -0.104079 -0.057081 -0.035858 -0.191806 -0.058042 -0.182287 -0.143648 -0.253714 0.135121 -0.177476 0.089907 -0.137787 0.180235 -0.048343 0.138933 0.052116 0.197346 0.116266 -0.332638 -0.393772 -0.051096 -0.038189 0.052730 0.167223 -0.083498 -0.079666 0.016752 0.260134 -0.067197 -0.144358 -0.201215 -0.226762 -0.163408 -0.219525 0.002568 -0.017014 0.000661 0.116789 -0.057477 -0.053497 -0.078860 -0.051973 -0.188779 -0.025599 -0.037407 0.263477 -0.017425 0.139211 0.030251 -0.054127 0.055687 0.283384 0.081852 -0.002041 0.185622 0.009119 -0.256445 -0.091033 -0.018884 -0.179231 -0.107528 -0.270677 0.005436 -0.126482 -0.147917 -0.222006 -0.060194 -0.143170 -0.175000 -0.129963 -0.316919 -0.030136 -0.251819 -0.275890 -0.050236 -0.058184 0.110142 0.049705
0.298176 0.327391 -0.266200 -0.508576 -0.117991 -0.485652 0.002155 -0.194030 -0.096571 -0.147200 0.489733 -0.012294 0.360048 0.505060 -0.027972 -0.062617 1.000000 0.696264 0.180586 0.086001 -0.342194 -0.443207 -0.498516 -0.558206 -0.226657 -0.340019 -0.043596 -0.446371 0.684866 0.471700 -0.401589 -0.532264 0.175650 -0.185830 -0.200452 -0.519495 0.240798 -0.292501 0.234998 -0.295796 -0.089055 -0.279527 0.043128 -0.053987 0.115115 0.027151 0.106187 0.050551 -0.048631 0.111067 0.128458 0.004709 0.150024 0.012833 0.125455 -0.160151 0.607321 0.540437 -0.017421 0.138953 0.447834 0.330353 0.759651 0.618504 -0.193415 -0.339793 0.096638 -0.361310 0.394518 0.133237 -0.269326 -0.293552 0.503575 0.037090 0.108184 -0.135310 -0.176506 -0.394372 0.478803 0.598593 0.710027 0.702871 -0.329010 -0.353442 0.097255 0.117952 -0.000752 -0.246613 -0.334886 -0.058607 -0.422871 -0.519353 -0.543979 -0.318638 -0.036794 -0.147835 -0.331635 -0.453693 -0.154937 -0.482349 -0.037163 0.335051 0.019886 -0.136395 -0.364721 -0.129452 0.145922 0.374996 -0.374485 -0.073665 -0.496983 -0.290080 -0.143112 -0.338005 -0.265691 -0.153050
0.119396 0.345708 -0.278857 -0.438373 -0.204344 -0.518689 -0.092983 -0.205515 -0.095631 -0.124219 0.423477 0.149436 0.247970 0.481642 0.026650 0.096980 0.696264 1.000000 0.182709 0.180192 -0.280201 -0.360744 -0.336117 -0.572207 -0.179156 -0.171933 -0.066011 -0.374076 0.585858 0.607346 -0.264691 -0.424970 0.256157 -0.101613 -0.039031 -0.440593 0.171909 -0.130025 0.376966 -0.148914 -0.072374 -0.160331 -0.001768 -0.125135 0.027607 -0.058966 0.235810 0.053020 -0.037305 0.082822 0.248077 0.053170 0.196683 0.077313 0.222927 0.054993 0.340002 0.393352 -0.090263 0.163653 0.216455 0.371079 0.548439 0.650795 -0.324126 -0.259195 0.100868 -0.376007 0.331343 0.073305 -0.290115 -0.362242 0.438595 0.196376 0.204777 -0.052981 -0.014682 -0.164873 0.411250 0.755390 0.537248 0.732840 -0.402351 -0.405797 0.155439 0.235808 -0.029881 -0.202668 -0.330242 0.109062 -0.466563 -0.585783 -0.579174 -0.454938 0.029342 -0.085790 -0.264318 -0.429840 -0.186706 -0.449163 -0.047436 0.153587 -0.049646 -0.393885 -0.353195 -0.231242 0.055854 0.242021 -0.353361 -0.113367 -0.362610 -0.335113 -0.234660 -0.231445 -0.195791 -0.144726
-0.098004 -0.039627 0.363784 -0.165218 0.068248 -0.306663 0.164064 -0.014271 0.399410 0.334990 0.268757 -0.099501 0.021887 -0.009148 0.321213 0.255701 0.180586 0.182709 1.000000 0.283940 -0.325966 -0.369069 -0.015212 -0.339215 0.049156 -0.114503 -0.103753 0.082218 0.309113 0.254456 0.272416 0.009452 0.364371 0.113776 -0.063550 -0.204539 -0.066717 -0.247169 -0.202027 -0.202215 -0.021373 -0.210246 -0.129284 -0.126077 -0.187355 -0.116392 0.005618 -0.103718 -0.197920 -0.185511 0.009593 -0.226041 -0.052841 -0.201326 0.013530 -0.042652 -0.013922 0.045638 0.008515 0.033044 0.026089 0.008907 0.067193 0.054754 -0.016733 -0.029287 0.374758 0.108257 0.181610 0.081756 -0.234403 -0.278951 0.174586 -0.137917 -0.032369 0.145070 -0.114185 -0.274136 0.207874 0.114757 0.058359 0.108958 -0.136937 0.013846 -0.073019 -0.186429 -0.143214 -0.103528 -0.241678 -0.177848 -0.152048 -0.089666 -0.247240 0.004487 -0.240630 -0.158226 0.077395 -0.096148 -0.009144 -0.371127 -0.189894 0.173249 -0.019381 -0.014490 -0.110662 -0.057871 0.039521 0.083185 -0.148537 -0.051787 -0.166072 -0.215479 -0.166228 -0.222184 -0.171733 -0.049017
0.322255 0.518375 -0.356634 -0.325683 -0.161486 -0.305035 -0.363986 -0.312834 -0.012104 -0.063967 0.001517 0.011456 -0.270396 -0.119788 0.108830 0.038690 0.086001 0.180192 0.283940 1.000000 0.050253 -0.096705 -0.262354 -0.170072 -0.138803 -0.057355 -0.054088 0.027809 0.264777 0.240285 -0.097806 -0.255408 0.082436 -0.145570 -0.328748 -0.353633 0.109999 0.166678 0.129239 0.092210 0.175706 0.211027 -0.114604 -0.075609 -0.092020 -0.171617 0.065322 0.166790 -0.104298 0.030860 -0.049761 0.077674 -0.082404 0.057921 0.079421 0.157882 0.153410 0.346342 -0.205798 0.112315 -0.251160 0.049683 0.052554 0.218727 -0.323187 -0.284833 -0.145580 -0.243605 0.394425 0.485531 -0.086155 -0.099153 0.165688 0.091461 0.166767 0.048260 -0.001477 -0.092303 0.110615 0.231413 0.188565 0.328223 0.101135 0.118464 0.128499 0.088578 -0.059807 -0.177268 0.015117 0.174942 -0.006361 -0.066113 -0.213607 -0.138193 -0.036663 -0.182188 -0.045750 0.028138 0.190435 0.079505 0.043904 0.058895 0.153364 -0.083831 -0.001192 0.092616 -0.118399 -0.114373 -0.036342 -0.219773 -0.000595 0.154695 0.087706 -0.061483 -0.001964 0.089349
0.056045 -0.104797 -0.046188 0.213871 0.038639 0.292441 -0.150788 0.061628 -0.111959 -0.018295 -0.383051 -0.153958 -0.333364 -0.265225 -0.093145 -0.192987 -0.342194 -0.280201 -0.325966 0.050253 1.000000 0.465027 0.210451 0.336403 0.047251 0.074485 0.092195 0.091225 -0.309915 -0.195571 0.088811 0.233939 -0.158111 0.049660 -0.077222 0.234253 -0.123088 0.154182 0.060170 0.229385 0.028188 0.180064 0.031463 0.090994 0.036779 0.038664 -0.146255 0.080496 0.000204 0.009277 -0.132879 0.077749 -0.270089 -0.031032 -0.117734 0.125464 -0.041683 -0.054639 -0.230719 -0.154849 -0.288711 -0.310710 -0.348571 -0.217102 -0.054114 0.035106 -0.254451 0.074167 -0.077450 -0.011905 0.362136 0.398271 -0.103761 0.155619 0.165365 0.108793 0.187434 0.233588 -0.049888 -0.084648 -0.255822 -0.227172 0.336725 0.271713 -0.042317 -0.048809 0.042194 0.209998 0.241679 -0.046072 0.233632 0.204191 0.235195 0.042731 0.231222 0.158608 0.165691 0.361757 0.127480 0.406905 0.049698 -0.134753 0.022530 0.017787 0.089961 0.040167 -0.201236 -0.304178 0.299726 -0.103939 0.311057 0.250524 0.147357 0.257685 0.151286 0.159136
-0.195832 -0.116884 -0.056621 0.384690 0.076629 0.368852 -0.237115 0.049573 -0.221136 -0.026983 -0.439276 -0.120001 -0.327885 -0.288923 -0.234984 -0.209083 -0.443207 -0.360744 -0.369069 -0.096705 0.465027 1.000000 0.071310 0.192036 0.201137 0.452424 0.156549 0.312921 -0.458651 -0.364753 0.049951 0.218623 -0.220825 -0.076684 0.265503 0.362325 -0.146311 0.350688 0.065660 0.342448 -0.241907 0.502887 0.222658 0.299206 -0.070847 0.181100 0.137049 0.333804 -0.057267 0.039337 -0.149557 -0.014616 -0.110475 0.111443 -0.225357 0.185587 -0.233900 -0.173389 -0.190987 0.018563 -0.420011 -0.277554 -0.386233 -0.392250 -0.162693 0.063330 0.011408 0.331085 0.016768 0.130709 0.275465 0.161702 -0.406721 0.050917 -0.078574 -0.188129 0.203630 0.487664 -0.298437 -0.176797 -0.287289 -0.383909 -0.053511 -0.063643 0.001982 0.106742 -0.035219 -0.060511 0.109321 0.018991 0.018804 0.093005 0.206465 -0.176872 0.153598 0.116083 0.137166 0.076403 0.008937 0.295218 -0.036758 -0.233228 0.102332 0.019559 0.212942 0.100537 0.001275 -0.011760 0.141047 0.219582 0.507543 0.179331 -0.019488 0.082763 0.150056 -0.148759
-0.157351 -0.487138 0.597777 0.435993 0.060259 0.225747 0.362451 0.195888 0.260975 0.005907 -0.259996 -0.079516 0.005559 -0.238230 0.274312 0.062312 -0.498516 -0.336117 -0.015212 -0.262354 0.210451 0.071310 1.000000 0.726413 0.211419 0.360238 -0.101875 0.402373 -0.287647 -0.266525 0.536637 0.665606 0.057039 0.481610 0.087457 0.532397 -0.197690 -0.140305 -0.283146 0.035478 0.160980 -0.040689 -0.347725 -0.166097 -0.084428 -0.039200 -0.349632 -0.327223 -0.072482 -0.235859 0.145545 -0.203256 -0.219861 -0.270086 -0.035602 0.011506 -0.372737 -0.406397 -0.006562 -0.514423 -0.088182 -0.395037 -0.452645 -0.401774 0.570013 0.372829 -0.227535 0.249241 -0.388783 -0.412517 -0.049577 0.340129 -0.158186 -0.115085 -0.077315 0.238407 -0.042737 0.001957 0.056613 -0.237192 -0.483173 -0.297616 0.339855 0.354555 0.178439 -0.112689 0.205987 0.405658 0.531565 0.018985 0.059847 0.294092 0.284985 0.472505 -0.044395 0.002446 0.341260 0.342324 -0.093023 0.117700 -0.162450 -0.255934 -0.206841 -0.127268 -0.226892 -0.350157 -0.376243 -0.440113 0.189932 -0.143768 0.146312 -0.136077 -0.138808 0.144750 0.229094 0.258166
0.075721 -0.338596 0.261560 0.410746 0.005556 0.370339 0.164442 0.099093 0.027576 -0.243554 -0.397589 0.021883 -0.102533 -0.321322 0.084345 -0.159477 -0.558206 -0.572207 -0.339215 -0.170072 0.336403 0.192036 0.726413 1.000000 0.024120 0.241066 -0.032979 0.365338 -0.394046 -0.382175 0.322461 0.606088 -0.154822 0.339591 0.090824 0.501722 -0.016211 0.022378 -0.255983 0.215622 0.240861 0.044918 -0.243188 -0.123056 -0.017777 -0.074222 -0.417939 -0.238189 -0.084770 -0.154421 -0.053163 -0.098050 -0.256950 -0.176117 -0.076244 -0.158273 -0.309208 -0.364625 -0.092061 -0.509988 -0.176015 -0.432083 -0.413310 -0.440984 0.500969 0.210122 -0.439169 0.127167 -0.424419 -0.286786 0.241774 0.532221 -0.110390 0.003091 0.060566 0.248516 0.075035 0.141725 -0.115097 -0.416694 -0.436599 -0.368438 0.538375 0.469901 0.172408 -0.084759 0.339956 0.466246 0.582384 0.112377 0.293988 0.459627 0.541953 0.554131 0.029861 0.150191 0.250236 0.458115 -0.006407 0.388518 -0.040835 -0.119630 -0.091558 0.069351 -0.076178 -0.226620 -0.358115 -0.459608 0.339857 0.003834 0.257310 0.103498 0.162283 0.222887 0.261198 0.279045
-0.245194 -0.235026 0.162445 0.069673 0.135692 -0.015252 -0.156124 -0.205517 0.057436 -0.046125 0.004773 -0.295601 -0.119157 -0.355728 -0.037297 -0.098387 -0.226657 -0.179156 0.049156 -0.138803 0.047251 0.201137 0.211419 0.024120 1.000000 0.494107 -0.110488 0.241535 -0.285978 -0.282394 0.167387 0.167358 -0.140357 -0.056534 0.262871 0.236971 -0.149115 0.036102 -0.014311 -0.060582 -0.268779 0.004710 0.138905 0.182336 -0.027370 0.138861 0.001382 0.253607 -0.008909 -0.040641 0.207142 -0.010315 0.029674 0.111505 -0.112860 0.057401 -0.165545 -0.065373 0.112304 0.121922 -0.218020 -0.318495 -0.234478 -0.185385 -0.051559 0.021923 0.145005 0.387170 0.043694 0.077065 0.029066 -0.168637 -0.457103 -0.011382 -0.190316 -0.025634 -0.047503 0.203473 -0.133285 -0.031223 -0.124316 -0.180206 -0.261312 -0.232561 -0.022277 -0.039227 -0.118672 -0.125729 -0.026789 -0.076241 -0.090800 0.100519 -0.112030 -0.044042 0.118233 0.096549 0.032830 -0.041418 0.012503 -0.038454 -0.140117 -0.079798 0.056233 0.098034 0.198288 0.230974 0.204186 0.105087 0.145145 0.093082 0.231371 0.110280 0.025464 0.049615 0.012586 0.064094
-0.087214 -0.140579 0.136777 0.249569 -0.174097 0.028474 -0.284588 -0.275376 0.087697 -0.069415 -0.196109 -0.213867 -0.190833 -0.411290 0.148249 -0.035191 -0.340019 -0.171933 -0.114503 -0.057355 0.074485 0.452424 0.360238 0.241066 0.494107 1.000000 -0.057877 0.709522 -0.332680 -0.346671 0.222259 0.292233 0.003797 0.008997 0.397014 0.406139 -0.040650 0.188755 0.067910 0.147790 -0.183195 0.421040 -0.084649 -0.023388 -0.287262 -0.061640 0.069695 0.161436 -0.143655 -0.177042 0.268015 -0.136962 0.129581 0.049894 0.015430 0.294141 -0.144652 -0.041866 -0.002220 -0.082158 -0.343626 -0.313539 -0.431479 -0.240125 -0.090793 0.085209 0.045428 0.413180 0.164452 0.113090 0.006027 -0.043393 -0.392197 -0.045196 -0.166670 -0.168256 0.087879 0.224896 -0.077726 0.035079 -0.210125 -0.128555 -0.185718 -0.317504 0.392588 0.321621 0.205345 0.014283 0.244409 0.207223 -0.313782 0.011637 -0.059428 -0.085030 -0.036772 -0.157211 0.219396 -0.056546 -0.137867 0.013122 -0.250664 -0.279459 -0.209664 -0.137038 0.070457 -0.059990 -0.100743 -0.116420 -0.071975 -0.015682 0.340353 -0.070661 -0.204390 -0.037770 0.115135 -0.159494
0.002599 0.016556 -0.139989 0.042730 0.247299 0.345506 0.004508 0.073289 0.216722 0.192220 -0.046211 0.077595 0.065298 0.118325 0.311125 0.120909 -0.043596 -0.066011 -0.103753 -0.054088 0.092195 0.156549 -0.101875 -0.032979 -0.110488 -0.057877 1.000000 0.157192 -0.224906 -0.180843 -0.266460 -0.192936 -0.121790 -0.152316 0.004927 -0.041327 -0.252294 -0.085564 0.049812 0.004770 -0.104710 -0.038535 0.163626 -0.074496 -0.098386 -0.178835 0.090012 -0.142175 0.171032 -0.007903 0.102702 0.225975 0.253512 0.143605 0.193952 -0.126577 -0.104062 -0.142944 0.312487 0.230757 0.197309 0.286741 0.051622 0.094235 -0.005737 0.077974 0.090765 -0.159245 -0.101934 -0.108262 0.025821 -0.161795 -0.085853 0.010850 0.131126 -0.043663 0.175582 0.097813 -0.130554 -0.113091 -0.174187 -0.191922 0.066044 0.022302 -0.186117 -0.058558 -0.095614 -0.173873 0.128183 0.235336 0.167386 0.036849 0.034530 -0.077422 0.015452 0.017234 -0.170738 -0.115823 0.007731 -0.045058 -0.059035 -0.037496 -0.046769 -0.046760 0.196455 0.081680 -0.091603 -0.095873 0.026130 0.047914 -0.050420 -0.014546 0.100135 0.064761 -0.052490 -0.086084
0.023187 -0.106213 0.171519 0.152657 -0.025152 0.180338 -0.194987 -0.226371 0.330381 0.037531 -0.233966 -0.201262 -0.197605 -0.400159 0.362703 0.053016 -0.446371 -0.374076 0.082218 0.027809 0.091225 0.312921 0.402373 0.365338 0.241535 0.709522 0.157192 1.000000 -0.447538 -0.467121 0.139645 0.197384 -0.124669 -0.085551 0.190233 0.245987 -0.107437 0.130085 -0.126217 0.227625 -0.047000 0.294486 -0.252103 -0.276775 -0.391038 -0.318231 -0.030339 -0.123436 -0.101089 -0.371068 0.288885 -0.147415 0.179984 0.002749 0.115354 0.142990 -0.155025 -0.047338 0.191771 0.012145 -0.183854 -0.171426 -0.416747 -0.229229 0.081881 0.115579 0.073041 0.321651 0.050608 0.066482 0.031550 -0.005140 -0.425684 -0.189390 -0.150286 -0.095092 -0.033005 0.006465 -0.164796 -0.250264 -0.284893 -0.275199 0.104868 -0.050299 0.333732 0.131442 0.232149 0.087792 0.435587 0.377145 -0.023835 0.268259 0.091407 0.156873 -0.072419 -0.213745 0.258420 0.068944 0.105347 0.133610 -0.163531 -0.186338 -0.216911 0.003446 0.193857 -0.005167 -0.173851 -0.199913 -0.018790 0.058812 0.255356 -0.015902 -0.058894 -0.081156 0.191227 -0.013090
0.185885 0.169143 -0.100508 -0.450441 -0.113210 -0.548447 0.248985 -0.134471 -0.021777 -0.032015 0.460063 0.062157 0.381030 0.402736 0.160777 0.060390 0.684866 0.585858 0.309113 0.264777 -0.309915 -0.458651 -0.287647 -0.394046 -0.285978 -0.332680 -0.224906 -0.447538 1.000000 0.678491 -0.044304 -0.204658 0.376227 0.082547 -0.271150 -0.376709 0.312304 -0.242586 0.264687 -0.325865 0.125175 -0.171649 -0.076137 -0.089460 0.189585 0.049678 0.074265 -0.064202 -0.083035 0.103198 0.076753 -0.024836 0.052727 0.043406 0.109143 -0.113639 0.349913 0.287351 -0.137028 -0.148570 0.352205 0.179588 0.576894 0.491048 -0.002261 -0.353362 -0.066986 -0.430743 0.277386 0.030583 -0.247373 -0.188928 0.709467 -0.019107 0.146437 -0.048416 -0.106088 -0.392075 0.495136 0.507915 0.465324 0.657291 -0.112786 -0.039487 0.077715 0.083073 -0.002461 -0.129654 -0.264862 -0.106382 -0.388888 -0.446450 -0.488324 -0.171995 -0.168439 -0.138939 -0.351520 -0.216810 -0.121490 -0.417689 -0.056581 0.251486 0.013403 -0.283406 -0.519016 -0.282706 -0.020995 0.120647 -0.228369 -0.312103 -0.426581 -0.296344 -0.239319 -0.249828 -0.184450 -0.022671
-0.005101 0.241680 -0.206967 -0.204956 -0.112632 -0.371982 0.085343 -0.009097 -0.133596 0.051765 0.478789 0.295324 0.224415 0.464409 0.010182 0.264783 0.471700 0.607346 0.254456 0.240285 -0.195571 -0.364753 -0.266525 -0.382175 -0.282394 -0.346671 -0.180843 -0.467121 0.678491 1.000000 0.016128 -0.121934 0.268376 0.038966 -0.165250 -0.407662 0.289585 -0.051219 0.231513 -0.088480 0.090181 -0.099305 -0.069629 -0.153367 0.045642 -0.113293 0.135718 -0.091745 -0.078537 0.015361 0.081756 0.026119 0.068195 0.104699 0.171744 -0.061506 0.084891 0.082136 -0.210682 -0.067368 0.088980 0.209764 0.435939 0.367452 -0.152204 -0.199413 -0.034523 -0.434252 0.174550 -0.041608 -0.241686 -0.146798 0.567532 0.148279 0.233170 0.170841 0.011713 -0.191408 0.333819 0.450187 0.429265 0.647833 -0.115771 0.107801 0.103184 0.263554 0.000536 -0.132191 -0.354036 0.026335 -0.288241 -0.470795 -0.282381 -0.291105 -0.183009 0.040502 -0.258946 -0.159983 -0.167027 -0.393761 0.128864 0.163142 0.031129 -0.362284 -0.461588 -0.290599 -0.069866 0.098308 -0.221619 -0.166976 -0.382722 -0.339605 -0.216726 -0.248421 -0.172797 -0.033791
-0.231822 -0.493556 0.473398 0.369449 -0.167826 -0.012388 0.182903 0.093727 0.105364 0.151512 -0.112327 -0.163374 -0.223116 -0.404310 0.103304 0.122139 -0.401589 -0.264691 0.272416 -0.097806 0.088811 0.049951 0.536637 0.322461 0.167387 0.222259 -0.266460 0.139645 -0.044304 0.016128 1.000000 0.837648 0.361693 0.594106 0.176776 0.454951 -0.034535 -0.099710 -0.167406 0.033928 0.189910 -0.102629 -0.292803 -0.049222 -0.077116 0.081089 -0.326309 -0.194044 -0.370595 -0.253599 -0.121485 -0.337395 -0.382346 -0.369657 -0.202424 -0.051552 -0.271729 -0.282301 -0.262689 -0.389620 -0.356633 -0.482416 -0.495829 -0.422088 0.226953 0.259071 0.023508 0.419846 -0.085560 -0.080231 0.040868 0.333403 -0.033484 -0.094115 -0.066718 0.359031 0.035662 0.029687 0.083685 -0.158409 -0.352304 -0.230324 0.216319 0.325183 0.004773 -0.068795 0.035510 0.257982 0.003831 -0.301608 -0.046682 0.052607 0.093663 0.093260 -0.116790 0.032482 0.393023 0.409659 -0.169954 0.047931 -0.189731 -0.169278 -0.007009 0.035741 -0.049895 -0.186767 -0.160691 -0.354167 0.168056 -0.098526 0.175708 -0.071424 -0.200755 0.102707 0.080123 0.129231
-0.261450 -0.601162 0.485868 0.579281 -0.145526 0.191446 0.246816 0.201664 0.015831 0.065949 -0.274652 -0.098516 -0.164402 -0.376558 0.048548 0.027151 -0.532264 -0.424970 0.009452 -0.255408 0.233939 0.218623 0.665606 0.606088 0.167358 0.292233 -0.192936 0.197384 -0.204658 -0.121934 0.837648 1.000000 0.266752 0.680958 0.268746 0.639740 -0.060504 -0.104667 -0.200057 0.087322 0.213197 -0.091417 -0.254460 0.000872 -0.002629 0.155347 -0.417579 -0.203109 -0.320208 -0.181889 -0.158184 -0.341827 -0.423370 -0.352708 -0.210992 -0.095099 -0.379165 -0.467675 -0.318985 -0.595674 -0.380760 -0.615789 -0.514926 -0.542837 0.421806 0.293134 -0.172434 0.420356 -0.272418 -0.236267 0.129234 0.495197 -0.055163 0.007669 -0.011672 0.370482 0.073069 0.186494 -0.035325 -0.309089 -0.445468 -0.344036 0.306121 0.410496 0.027520 -0.068966 0.137162 0.402985 0.204851 -0.231613 0.009112 0.138992 0.268444 0.235166 -0.032969 0.172819 0.399161 0.520114 -0.184512 0.177853 -0.201240 -0.185159 0.018651 0.042143 -0.100853 -0.286982 -0.227551 -0.395203 0.257101 -0.053847 0.288131 -0.026114 -0.172224 0.121910 0.187294 0.167473
0.097370 -0.138808 0.240152 0.079565 -0.333593 -0.193669 0.153297 -0.031162 0.044730 -0.019250 -0.029253 -0.077321 -0.072269 -0.053887 -0.057578 -0.055185 0.175650 0.256157 0.364371 0.082436 -0.158111 -0.220825 0.057039 -0.154822 -0.140357 0.003797 -0.121790 -0.124669 0.376227 0.268376 0.361693 0.266752 1.000000 0.659610 0.116085 0.090669 0.124755 -0.197932 0.025465 -0.128478 0.274290 -0.208513 -0.201851 -0.044946 0.062581 0.175695 -0.127373 -0.165298 -0.311068 -0.031995 -0.231380 -0.312726 -0.235370 -0.340407 -0.072439 0.030676 0.231177 0.181892 -0.233200 -0.305455 0.064173 -0.148176 0.076970 0.199166 0.136481 -0.038395 0.214304 0.161422 0.320349 0.037552 -0.363995 -0.086759 0.355219 -0.132085 -0.066187 0.082636 -0.053781 -0.264851 0.432450 0.244447 0.088796 0.273044 -0.007195 -0.096238 0.108607 0.044242 -0.063930 0.185592 -0.235332 -0.282039 -0.437790 -0.472633 -0.383719 -0.217896 -0.012223 -0.090968 0.268012 0.114430 -0.292697 -0.216751 -0.281124 0.021372 -0.088500 -0.082033 -0.256078 -0.293339 -0.202355 -0.084171 -0.010170 -0.333410 -0.132259 -0.315022 -0.520337 -0.107901 -0.165485 0.025417
-0.068178 -0.408489 0.475367 0.477540 -0.134012 0.054966 0.365361 0.313493 0.009169 -0.004177 -0.244140 -0.010197 -0.071385 -0.118445 -0.032236 -0.111262 -0.185830 -0.101613 0.113776 -0.145570 0.049660 -0.076684 0.481610 0.339591 -0.056534 0.008997 -0.152316 -0.085551 0.082547 0.038966 0.594106 0.680958 0.659610 1.000000 0.131122 0.553137 -0.037522 -0.294090 -0.172115 -0.128158 0.423333 -0.260060 -0.417173 -0.131079 0.071846 0.199475 -0.499798 -0.362141 -0.408115 -0.156878 -0.334689 -0.427063 -0.463864 -0.494968 -0.244574 -0.145050 -0.023051 -0.148922 -0.282211 -0.614232 -0.008984 -0.296501 -0.171452 -0.113330 0.463303 0.335792 -0.119967 0.316645 -0.086471 -0.165577 -0.112682 0.325047 0.251656 -0.071883 0.045115 0.256272 0.014039 -0.071638 0.285794 -0.080061 -0.216236 -0.081734 0.300703 0.270988 0.014605 -0.108981 0.037612 0.456819 0.119288 -0.306870 -0.146755 -0.180741 0.024108 0.139878 0.058735 0.104129 0.323291 0.481198 -0.409128 -0.005851 -0.170959 -0.059566 0.004202 -0.009067 -0.272338 -0.443004 -0.347155 -0.396868 0.301783 -0.284903 0.020796 -0.224232 -0.414714 0.104377 0.065236 0.199540
-0.185891 -0.218581 0.128958 0.235897 -0.214401 0.150070 -0.137291 -0.136958 -0.007476 -0.139938 -0.072284 0.016998 -0.029004 -0.305055 -0.106080 -0.062683 -0.200452 -0.039031 -0.063550 -0.328748 -0.077222 0.265503 0.087457 0.090824 0.262871 0.397014 0.004927 0.190233 -0.271150 -0.165250 0.176776 0.268746 0.116085 0.131122 1.000000 0.498653 -0.161509 0.071212 0.030000 0.034322 -0.262045 0.031204 0.135943 0.084664 0.083546 0.237538 0.139685 0.141252 -0.108755 0.086145 0.056725 -0.158110 -0.029306 0.020143 -0.047716 -0.013272 -0.243487 -0.219180 -0.026671 -0.034196 -0.341596 -0.252626 -0.297266 -0.382862 -0.061189 0.123754 0.291898 0.434777 -0.037512 -0.109445 0.041225 -0.138018 -0.297527 0.023498 -0.295506 -0.087600 0.030336 0.256381 -0.228135 -0.034914 -0.175472 -0.239625 -0.333638 -0.146644 0.091264 0.208011 -0.054629 0.101420 -0.202517 0.005148 -0.208617 -0.083100 0.000412 -0.146854 0.048182 -0.009914 0.187622 -0.111959 -0.302537 -0.116180 -0.319993 -0.189676 -0.250294 -0.115028 0.180894 0.072427 0.022844 0.143907 -0.076019 0.264057 0.290232 -0.047630 -0.191895 -0.245444 0.004616 -0.149530
-0.285165 -0.557078 0.397911 0.552956 0.024457 0.340734 0.143091 0.175704 0.047875 -0.048213 -0.382731 -0.127723 -0.090466 -0.363364 0.004514 -0.169942 -0.519495 -0.440593 -0.204539 -0.353633 0.234253 0.362325 0.532397 0.501722 0.236971 0.406139 -0.041327 0.245987 -0.376709 -0.407662 0.454951 0.639740 0.090669 0.553137 0.498653 1.000000 -0.198632 0.014858 -0.229488 -0.014113 0.061988 0.102872 -0.229555 -0.070167 -0.025835 0.173584 -0.315214 -0.107405 -0.336895 -0.216802 -0.242786 -0.402671 -0.240483 -0.242867 -0.248828 -0.008392 -0.329225 -0.381418 -0.038461 -0.384849 -0.218057 -0.416376 -0.546947 -0.536709 0.357277 0.434425 -0.062109 0.596092 -0.223200 -0.139859 0.120765 0.348913 -0.291216 -0.063276 -0.228697 0.087768 0.126332 0.310852 -0.093763 -0.226802 -0.464249 -0.466667 0.194446 0.217165 -0.012959 -0.073260 0.074586 0.378384 0.268512 -0.116902 0.002582 0.183167 0.267757 0.258207 0.042976 -0.003795 0.331049 0.393379 -0.295164 0.171569 -0.329560 -0.216356 -0.119304 0.144566 0.109771 -0.084531 -0.172458 -0.255602 0.313087 -0.030443 0.468473 0.076239 -0.239532 0.165473 0.201825 0.029585
