1.000000 0.566984 -0.261617 -0.468683 0.107073 -0.313810 -0.113709 -0.276864 0.037162 0.011389 0.466221 0.000732 0.495137 0.229288 0.214143 0.153266 0.330049 0.252899 0.430434 0.621418 0.022358 -0.226688 -0.481141 -0.477507 -0.219896 -0.457939 -0.045444 -0.368872 0.369882 0.327361 -0.350459 -0.261476 0.299108 0.294153 -0.185677 -0.308550 -0.062901 -0.038887 -0.378395 -0.132726 -0.055671 0.110071 -0.441149 -0.419952 -0.318490 -0.508868 -0.248405 -0.190728 0.041811 -0.330198 -0.316935 -0.076783 0.026722 -0.076592 -0.266758 -0.235410 0.677930 0.347020 0.385085 0.257805 0.384852 0.446799 0.426726 0.449840 -0.309897 -0.093694 -0.067535 -0.466185 0.437737 0.058992 0.161116 -0.187653 0.455055 0.333903 0.508571 0.168305 0.459180 0.136924 0.060719 0.193550 0.237864 0.393534 0.249576 0.227453 -0.127338 -0.162499 0.248657 -0.234769 -0.098500 -0.116463 -0.254164 -0.303064 -0.511855 -0.243834 -0.224247 -0.050707 -0.303725 -0.034617 0.004315 0.063724 0.061788 -0.036303 0.055480 -0.176068 -0.162433 -0.456785 -0.121458 -0.132922 -0.167325 -0.034211 -0.151696 -0.129704 -0.096395 -0.071392 -0.290369 -0.089146
0.566984 1.000000 -0.296529 -0.235219 0.199780 -0.356945 -0.184888 -0.177028 0.172551 0.173448 0.038720 0.347472 0.107836 0.332834 -0.239691 -0.032287 -0.062280 -0.086437 0.324509 0.474463 -0.066896 -0.111653 -0.402066 -0.325897 -0.100688 -0.324132 -0.070109 -0.275527 0.001707 0.026825 -0.065725 -0.146171 0.281687 0.305751 -0.177293 -0.218483 -0.191592 -0.082500 -0.216140 0.147100 -0.071017 0.314601 -0.421186 -0.327977 -0.225261 -0.366790 -0.117084 -0.079125 0.005384 -0.185946 -0.214047 0.005529 0.162537 -0.010528 0.007476 -0.040242 0.409661 0.588829 0.248224 0.298225 0.193734 0.398242 0.407740 0.563500 -0.308367 -0.097421 -0.130653 -0.321208 0.337636 0.207385 0.077066 -0.075782 0.168984 0.210288 0.319926 0.263433 0.212244 0.174487 -0.069617 0.067342 -0.089152 0.095902 -0.143484 -0.095846 -0.310060 -0.264905 0.285542 -0.157298 -0.170460 0.009297 -0.224870 -0.153977 -0.290097 -0.238319 0.048220 0.152827 -0.207194 -0.134346 0.075985 0.015172 0.157980 -0.050031 0.147079 0.032200 -0.106458 -0.304734 -0.050987 0.056308 -0.047170 0.004046 -0.141064 -0.037222 0.040355 0.065160 -0.222739 -0.135575
-0.261617 -0.296529 1.000000 0.415941 0.035514 0.239924 0.617827 0.372235 0.057430 0.013428 -0.119890 0.001946 -0.041756 -0.199618 0.067860 -0.095595 -0.299906 -0.203376 -0.037169 -0.411518 -0.216310 0.011370 0.614596 0.418599 0.058046 0.374713 0.049151 0.391761 -0.401213 -0.280605 0.145545 0.147167 -0.185114 -0.209441 0.183308 0.257327 -0.194273 -0.320636 0.078556 -0.262609 -0.242868 -0.349294 0.136854 0.118104 0.148185 0.237265 -0.045405 -0.001562 0.185853 0.089794 0.436026 0.164331 -0.036341 0.086160 0.185327 -0.077906 -0.434809 -0.293715 -0.130231 -0.358141 -0.198921 -0.383998 -0.563774 -0.494945 0.526574 0.074724 0.037338 0.326977 -0.251737 -0.045232 -0.089966 -0.008625 -0.426064 -0.336032 -0.363352 -0.149612 -0.339936 -0.286667 -0.131340 -0.287966 -0.279048 -0.297679 -0.120736 -0.122547 0.388614 0.143796 0.005142 0.190699 0.225595 0.053485 0.185878 0.228525 0.272449 0.446079 -0.024390 -0.247501 0.078976 0.061974 -0.145231 -0.200401 -0.085856 -0.047511 -0.318331 0.039706 0.130579 0.324122 -0.066345 -0.092907 0.111426 -0.149867 -0.021039 -0.040534 0.132343 0.182408 0.193183 0.215477
-0.468683 -0.235219 0.415941 1.000000 -0.029179 0.441113 0.198344 0.651667 0.005056 0.194186 -0.374194 0.077399 -0.394401 -0.056941 -0.123655 -0.031539 -0.323357 -0.409732 0.006952 -0.351730 -0.077857 0.151701 0.565525 0.557120 0.169958 0.468447 0.103537 0.440258 -0.433277 -0.340095 0.237941 0.225277 -0.034878 0.017908 0.233066 0.360708 -0.049726 -0.305433 0.038674 -0.069255 -0.248871 -0.202813 0.141655 0.157728 0.216443 0.349066 0.115213 0.158050 0.110705 0.271607 0.294498 0.164183 -0.011123 0.073093 0.201939 0.052232 -0.362925 -0.274812 -0.274871 -0.127923 -0.168687 -0.225038 -0.375275 -0.472467 0.393127 0.369707 0.069706 0.447263 -0.209738 0.037139 -0.206889 -0.074857 -0.413611 -0.259774 -0.330776 -0.132355 -0.269309 -0.122930 -0.204896 -0.351955 -0.285640 -0.428841 -0.192006 -0.161863 0.120201 0.145334 0.091797 0.367514 0.113203 0.184011 0.034496 -0.105639 0.320306 0.014826 -0.023690 -0.092180 0.060706 0.067972 -0.055420 -0.321512 -0.037240 -0.239005 -0.181657 -0.112193 -0.038547 0.170799 0.025600 -0.093464 0.068914 -0.024377 0.115052 -0.072456 0.045154 -0.058328 0.173847 -0.013163
0.107073 0.199780 0.035514 -0.029179 1.000000 0.220264 0.046100 0.132139 0.653776 0.434705 -0.149163 0.037376 -0.019758 0.064411 -0.093349 0.043489 -0.176583 -0.190419 0.318058 0.215912 0.066413 -0.287780 -0.152353 -0.109369 0.019012 -0.316008 0.472081 0.115480 -0.114464 -0.092703 -0.261618 -0.356559 0.128513 0.031209 -0.139013 -0.157334 -0.115364 -0.327438 -0.257472 0.038529 -0.136256 -0.101118 -0.058083 -0.051541 0.143470 0.029029 0.085824 0.110025 0.200270 0.072987 -0.149906 0.063608 -0.125644 -0.059161 0.009636 0.015280 -0.072645 0.103053 0.358916 0.344624 0.279194 0.304258 0.079384 0.012161 -0.099641 0.190435 0.220607 0.166778 0.141864 0.319286 -0.247510 -0.440360 -0.061798 -0.171494 -0.086997 -0.300013 -0.104636 -0.273546 -0.144987 -0.174016 -0.245263 -0.134860 -0.128369 -0.016575 -0.213986 -0.303975 0.091118 -0.199949 -0.105210 0.032351 0.138009 -0.059585 -0.121937 -0.114504 -0.070412 0.125071 0.053135 0.016563 0.215283 -0.148951 0.272127 -0.005380 0.125432 -0.181555 0.198647 -0.071301 0.180560 0.125241 -0.037370 0.018142 -0.045726 -0.097473 0.101003 -0.185909 -0.225686 -0.050041
-0.313810 -0.356945 0.239924 0.441113 0.220264 1.000000 -0.016647 0.222738 0.069320 0.086561 -0.232635 -0.171325 -0.290852 -0.283074 -0.004684 -0.011983 -0.250575 -0.296376 0.065276 -0.204119 0.140072 0.008721 0.401987 0.392933 0.351264 0.400303 0.447055 0.532784 -0.235321 -0.271746 0.001175 -0.012766 -0.131661 -0.263141 0.052139 0.098866 -0.071379 -0.301758 0.140454 -0.184558 -0.202827 -0.241396 0.258111 0.233835 0.256246 0.297376 0.150722 0.186229 0.253082 0.320275 0.281893 0.237402 0.037527 0.277904 0.161006 0.154675 -0.370129 -0.381956 -0.147102 -0.050401 -0.183570 -0.218399 -0.404300 -0.588743 0.353271 0.129909 0.071892 0.370440 -0.145820 0.163293 -0.192400 -0.183460 -0.364408 -0.330448 -0.348369 -0.347701 -0.358154 -0.244866 -0.105421 -0.349828 -0.172882 -0.367657 0.008880 -0.134959 0.100493 -0.005287 -0.048329 0.341339 0.069267 0.067389 0.217729 0.144502 0.107115 0.035335 -0.016382 -0.017674 0.167975 0.106735 -0.023783 -0.172968 0.038028 -0.168408 -0.137870 -0.165172 0.203909 0.385104 0.238858 0.121360 0.034510 0.023968 0.161333 -0.076463 -0.132775 -0.053044 0.123079 0.181888
-0.113709 -0.184888 0.617827 0.198344 0.046100 -0.016647 1.000000 0.462371 -0.021741 -0.017850 0.097868 0.096278 0.122616 0.001698 0.146896 0.047189 -0.012675 0.136504 0.043385 -0.259611 -0.237840 0.041665 0.374260 0.380984 -0.007077 0.082696 -0.040877 0.083103 -0.044152 0.068406 0.206400 0.378495 -0.119377 0.057244 0.173827 0.055296 -0.227430 -0.299245 -0.097810 -0.267051 -0.121410 -0.289036 0.182509 0.190953 0.064923 0.157838 0.009680 0.154691 -0.007549 0.026690 0.140376 -0.057346 -0.137041 -0.012035 -0.108749 -0.231570 -0.297811 -0.214121 -0.184193 -0.390181 0.048087 -0.293599 -0.202599 -0.237155 0.414605 0.024388 -0.149084 0.065224 -0.313661 -0.324328 0.055836 0.110865 -0.073347 -0.086936 -0.150109 0.054625 -0.084483 -0.120448 0.142057 0.111119 -0.028684 0.041348 0.089080 0.213739 0.278642 0.220659 0.052912 0.250445 0.130012 -0.083860 -0.232931 -0.160195 0.111404 0.073158 -0.293086 -0.378838 -0.237572 -0.267539 -0.076084 -0.262930 -0.302054 -0.070988 -0.437600 -0.125308 -0.174677 -0.158667 -0.314474 -0.359550 -0.006437 -0.251490 -0.170694 -0.208292 0.071245 0.019235 -0.027379 -0.051148
-0.276864 -0.177028 0.372235 0.651667 0.132139 0.222738 0.462371 1.000000 0.026598 0.484368 -0.278028 0.177439 -0.283759 0.110636 -0.142084 0.049795 -0.230671 -0.233091 -0.002265 -0.320784 -0.155810 0.079708 0.230937 0.417781 -0.057482 0.141322 -0.133952 0.042001 -0.294592 -0.165311 0.221942 0.377955 0.035606 0.184152 0.141258 0.205664 -0.166632 -0.307327 -0.237029 -0.122293 -0.285159 -0.175412 0.168547 0.176714 0.271719 0.369402 0.125331 0.221742 0.101878 0.195808 0.096083 0.081676 -0.038660 0.006391 -0.045438 -0.037180 -0.322867 -0.328699 -0.242679 -0.049435 -0.049742 -0.062612 -0.219732 -0.329992 0.225786 0.554799 -0.043313 0.353944 -0.349484 -0.168051 -0.129391 -0.006315 -0.274832 -0.202775 -0.314353 -0.050941 -0.220363 -0.193868 -0.036217 -0.197183 -0.183971 -0.262430 -0.119873 -0.006243 -0.014264 0.111386 0.118259 0.291335 -0.002987 0.124824 -0.039646 -0.242942 0.305225 -0.138179 -0.192226 -0.303020 -0.135649 -0.073884 0.155289 -0.282078 -0.048964 -0.195110 -0.178005 -0.200343 -0.014879 -0.152563 -0.123238 -0.188855 -0.047705 -0.119256 -0.055189 -0.065181 0.144735 -0.168970 -0.071296 -0.161786
0.037162 0.172551 0.057430 0.005056 0.653776 0.069320 -0.021741 0.026598 1.000000 0.449816 -0.169206 0.137641 -0.024180 -0.024535 -0.039873 0.009467 -0.288378 -0.362670 0.260640 0.245597 -0.033994 -0.346333 -0.126578 -0.128865 -0.112186 -0.288561 0.378364 0.208777 -0.200286 -0.161773 -0.276972 -0.414720 0.119390 0.025653 -0.190444 -0.192814 -0.050244 -0.247639 -0.149636 0.010672 -0.217549 -0.017150 -0.079384 -0.012455 0.168172 0.013351 0.158381 0.144085 0.201720 0.074293 -0.108582 0.113671 -0.178923 -0.034211 0.145377 0.095208 -0.067930 0.084653 0.401623 0.285140 0.301822 0.230234 0.085671 -0.017266 -0.093803 0.160348 0.189597 0.150740 0.225747 0.349316 -0.246181 -0.530013 -0.076343 -0.160887 -0.040894 -0.256164 -0.066471 -0.292927 -0.164313 -0.239362 -0.425119 -0.261312 -0.273516 -0.097035 -0.207757 -0.355018 0.134378 -0.149067 -0.167317 -0.008328 0.231392 0.125912 -0.038232 0.016564 -0.009703 0.096049 0.164471 0.108769 0.247450 0.072251 0.308235 0.089312 0.136522 -0.006847 0.100384 -0.065912 0.222780 0.152262 -0.012565 0.052744 0.117632 0.180506 0.230718 -0.049148 -0.092499 0.013108
0.011389 0.173448 0.013428 0.194186 0.434705 0.086561 -0.017850 0.484368 0.449816 1.000000 -0.297017 0.189071 -0.149155 0.255409 -0.183423 0.102375 -0.300084 -0.279270 0.261597 0.118834 -0.072312 -0.296689 -0.235870 -0.098148 -0.162695 -0.277293 0.061927 -0.165580 -0.178271 -0.089859 -0.097568 -0.072227 0.205474 0.135730 -0.114223 -0.096399 -0.104017 -0.195854 -0.291956 -0.075434 -0.285991 0.019204 -0.003015 0.051243 0.044606 0.055434 0.075282 0.165802 0.062514 0.073046 -0.233665 0.025023 -0.080848 -0.046445 -0.035570 -0.024095 -0.041582 0.002278 0.144300 0.328664 0.204518 0.341464 0.029109 -0.024013 -0.218416 0.540037 0.073874 0.074124 0.058168 0.043684 -0.004559 -0.155004 -0.055559 0.001118 -0.042393 -0.024781 -0.005176 -0.119120 0.002270 -0.173959 -0.304279 -0.217341 -0.218380 -0.101945 -0.305262 -0.257124 0.087131 -0.035987 -0.215934 0.084075 0.186060 -0.006990 0.181694 -0.051812 -0.074588 0.014205 -0.029432 -0.025406 0.337530 0.039095 0.390684 -0.010575 0.220301 -0.145957 0.031263 -0.245230 -0.006900 -0.095281 -0.041328 -0.059279 -0.066413 0.023815 0.268700 -0.139377 -0.074959 0.003087
0.466221 0.038720 -0.119890 -0.374194 -0.149163 -0.232635 0.097868 -0.278028 -0.169206 -0.297017 1.000000 -0.119049 0.789483 0.203623 0.593313 0.193719 0.794942 0.503476 0.054409 0.204780 0.188181 -0.020604 -0.239717 -0.305007 -0.119819 -0.248005 0.012825 -0.321273 0.713685 0.419236 -0.123729 -0.007419 0.047523 0.109136 -0.062493 -0.202753 -0.094898 0.020780 -0.211065 -0.122800 0.230722 0.030874 -0.235732 -0.194614 -0.307251 -0.331156 -0.253344 -0.248136 -0.108072 -0.268186 -0.215803 -0.123684 0.079397 -0.042026 -0.441298 -0.288564 0.375954 -0.060661 0.083816 -0.102508 0.356574 0.086358 0.204720 0.162408 -0.027776 -0.152566 -0.231264 -0.420593 0.025874 -0.183086 0.189306 0.076983 0.569064 0.262437 0.397001 0.198850 0.408992 0.177120 0.221537 0.320888 0.648840 0.457780 0.644119 0.419096 0.295062 0.072731 -0.005667 -0.106649 0.156834 -0.240103 -0.249771 -0.294624 -0.328845 -0.172914 -0.160527 -0.003639 -0.353399 -0.124176 -0.270188 -0.117104 -0.212228 -0.114681 -0.199653 -0.204992 -0.298951 -0.301574 -0.247590 -0.263444 -0.079846 -0.070809 -0.224136 -0.227690 -0.220691 -0.159885 -0.134718 -0.078892
0.000732 0.347472 0.001946 0.077399 0.037376 -0.171325 0.096278 0.177439 0.137641 0.189071 -0.119049 1.000000 0.023209 0.532990 -0.272721 -0.196987 -0.313408 -0.111189 -0.093740 -0.231176 -0.222782 -0.039335 0.118537 0.226078 -0.124004 -0.066559 -0.112925 -0.034545 -0.127074 -0.026221 0.261059 0.212871 0.174227 0.276253 0.136268 0.058334 0.017099 -0.146368 0.157074 0.052027 -0.017222 0.027180 -0.028371 0.008622 0.100644 0.029815 0.276433 -0.020485 0.116492 0.202637 0.193285 0.315024 0.108487 0.012354 0.296312 0.281176 -0.208675 0.032222 0.040996 0.130904 0.142691 0.218390 0.114050 0.185670 0.049099 0.204114 0.016031 -0.063329 -0.433223 -0.280942 0.076742 0.093803 0.019203 0.039119 -0.016451 0.032296 -0.007322 -0.025104 0.125985 0.012029 -0.170210 -0.171201 -0.305898 -0.339154 0.013237 -0.129368 0.301074 0.124520 -0.131485 -0.043832 -0.292260 -0.191124 -0.029451 -0.219785 -0.163279 -0.154302 0.080194 -0.295885 -0.093237 -0.306702 0.104794 -0.201483 -0.088817 0.038590 -0.134549 -0.152202 -0.156007 -0.196611 -0.192280 -0.270394 -0.303971 -0.181018 0.031748 0.065258 0.047325 -0.099185
0.495137 0.107836 -0.041756 -0.394401 -0.019758 -0.290852 0.122616 -0.283759 -0.024180 -0.149155 0.789483 0.023209 1.000000 0.421932 0.590439 0.186416 0.575798 0.437469 0.135894 0.248067 -0.025132 -0.216621 -0.283338 -0.374002 -0.237164 -0.386154 -0.019112 -0.378337 0.607832 0.447654 -0.233738 -0.160749 0.234140 0.218251 -0.076265 -0.215712 0.001162 0.008631 -0.228466 -0.194097 0.144630 -0.008147 -0.258370 -0.203085 -0.320950 -0.324838 -0.315879 -0.237505 -0.116006 -0.292985 -0.381247 -0.130456 -0.074555 -0.176274 -0.394679 -0.348926 0.407293 0.058492 0.283340 0.053430 0.563774 0.303279 0.224123 0.288980 -0.162422 -0.052762 -0.067698 -0.402649 0.085328 -0.177859 0.184397 -0.039697 0.600524 0.306360 0.447042 0.106418 0.435291 0.127310 0.197343 0.285369 0.451122 0.391022 0.528408 0.345844 0.248011 -0.125690 0.095005 -0.179769 0.093202 -0.268029 -0.207945 -0.274221 -0.351772 -0.100567 -0.284392 -0.068260 -0.197487 -0.131275 -0.178325 -0.094448 0.027878 -0.030733 -0.070949 -0.099148 -0.296893 -0.308759 -0.256185 -0.294136 -0.173271 -0.142217 -0.199516 -0.202538 -0.093803 -0.109406 -0.164117 0.014318
0.229288 0.332834 -0.199618 -0.056941 0.064411 -0.283074 0.001698 0.110636 -0.024535 0.255409 0.203623 0.532990 0.421932 1.000000 -0.053323 -0.028605 0.189595 0.118285 0.146214 0.118186 -0.183527 -0.246634 -0.230300 -0.098867 -0.192984 -0.361597 -0.199338 -0.498975 0.276012 0.221109 0.017869 0.053999 0.296954 0.294128 -0.134896 -0.108971 0.069780 -0.183232 -0.158624 -0.048494 -0.015191 0.050976 -0.107432 -0.051556 -0.168183 -0.166142 0.016524 -0.029126 -0.026055 -0.028908 -0.248075 0.144436 0.119986 -0.055578 -0.138100 -0.048864 0.211473 0.164012 0.181679 0.399695 0.423725 0.583115 0.330325 0.459280 -0.405257 0.102508 -0.063164 -0.318953 -0.072117 -0.246776 0.236785 0.079308 0.430187 0.355281 0.344515 0.194054 0.284298 0.114856 0.252867 0.118363 0.231009 0.093480 0.057258 -0.096149 -0.121538 -0.374473 0.145654 -0.197642 -0.123111 -0.190457 -0.226002 -0.340199 -0.239556 -0.354290 -0.262753 0.018148 -0.167517 -0.140241 0.072115 -0.175986 0.252483 -0.168818 0.006666 -0.121695 -0.210336 -0.322859 -0.275427 -0.260033 -0.148338 -0.121756 -0.244661 -0.181931 -0.042486 -0.279081 -0.167952 -0.105039
0.214143 -0.239691 0.067860 -0.123655 -0.093349 -0.004684 0.146896 -0.142084 -0.039873 -0.183423 0.593313 -0.272721 0.590439 -0.053323 1.000000 0.504771 0.488597 0.238211 0.105012 0.118271 0.222851 -0.058350 -0.005229 -0.119875 -0.156284 -0.151994 0.151405 -0.058227 0.553312 0.357434 -0.238062 -0.160948 0.014421 -0.009540 -0.089347 -0.242317 0.198582 0.086273 -0.147941 -0.173582 0.289466 0.013932 -0.181933 -0.198155 -0.153342 -0.223161 -0.305229 -0.241740 0.073243 -0.130653 -0.154151 -0.078576 -0.089723 0.022455 -0.286713 -0.192249 0.172219 -0.315447 0.083275 -0.143300 0.332291 -0.014160 0.042763 -0.163064 0.120375 -0.009549 -0.093270 -0.230203 0.010641 -0.155640 0.082500 -0.128374 0.452021 0.129785 0.275523 -0.046159 0.266065 -0.086186 0.043550 0.074288 0.463704 0.197847 0.821560 0.546238 0.514007 0.166382 -0.004769 0.102625 0.397434 -0.043154 -0.031448 -0.145484 -0.256094 -0.001044 -0.278012 -0.080338 -0.162693 0.103203 -0.159298 0.004760 -0.095104 -0.060644 -0.047226 -0.138343 -0.296272 -0.230089 -0.294734 -0.207743 -0.206330 0.003396 -0.113823 -0.174963 -0.085000 -0.091816 -0.132951 -0.130118
0.153266 -0.032287 -0.095595 -0.031539 0.043489 -0.011983 0.047189 0.049795 0.009467 0.102375 0.193719 -0.196987 0.186416 -0.028605 0.504771 1.000000 0.208952 0.311948 0.177536 0.131008 -0.000690 -0.012109 -0.149953 -0.077280 -0.084295 -0.197542 -0.100924 -0.270119 0.304929 0.533899 -0.110348 -0.077628 -0.033447 0.036669 -0.215843 -0.350666 0.151275 0.143172 -0.212824 -0.035870 0.122154 0.271775 -0.060626 -0.153507 -0.167113 -0.278865 -0.046049 -0.025142 0.023228 0.027756 -0.041607 0.060858 0.061196 0.247410 -0.116108 -0.074196 0.040715 -0.255889 -0.115706 -0.117156 0.227363 0.123786 0.138125 -0.016873 -0.027798 0.066007 -0.360964 -0.389021 -0.013415 -0.088989 0.002057 0.000408 0.241120 0.215217 0.102194 0.148519 0.166222 -0.049796 0.083197 0.240217 0.270785 0.323765 0.469407 0.656970 0.096285 0.178975 -0.078056 0.084964 0.138324 0.035362 -0.055939 -0.197201 -0.115181 -0.199479 -0.274540 -0.149545 -0.152161 0.010082 -0.052958 -0.042763 -0.027945 -0.233327 0.001276 -0.176948 -0.211844 -0.305918 -0.189236 -0.003885 -0.270739 0.090163 -0.139806 -0.187274 0.023268 -0.190676 -0.093679 -0.209984
0.330049 -0.062280 -0.299906 -0.323357 -0.176583 -0.250575 -0.012675 -0.230671 -0.288378 -0.300084 0.794942 -0.313408 0.575798 0.189595 0.488597 0.208952 1.000000 0.582474 0.038571 0.260211 0.239516 0.004970 -0.355816 -0.385807 -0.084082 -0.289057 -0.074130 -0.410723 0.791903 0.477119 -0.210477 -0.054654 0.082646 0.104255 -0.089631 -0.238943 0.049406 0.130510 -0.304864 -0.099908 0.331215 0.083735 -0.183922 -0.172445 -0.257576 -0.265759 -0.247040 -0.187957 -0.158938 -0.198935 -0.240988 -0.164631 0.040135 -0.059445 -0.550711 -0.272763 0.506576 0.024571 -0.060015 -0.090878 0.224126 0.078126 0.343572 0.246045 -0.220733 -0.201467 -0.253167 -0.365618 0.142392 -0.175485 0.173222 0.139992 0.698480 0.347450 0.426388 0.232705 0.419122 0.227916 0.318198 0.409688 0.805755 0.544052 0.629219 0.418362 0.065522 0.048229 -0.230175 -0.307544 0.045686 -0.234591 -0.206573 -0.349792 -0.289396 -0.247915 -0.112252 0.094476 -0.370024 -0.023804 -0.166463 -0.034738 -0.213642 -0.093129 -0.164738 -0.288643 -0.293274 -0.315137 -0.243472 -0.224219 -0.057655 0.068021 -0.112209 -0.190956 -0.237749 -0.304426 -0.200398 -0.202007
0.252899 -0.086437 -0.203376 -0.409732 -0.190419 -0.296376 0.136504 -0.233091 -0.362670 -0.279270 0.503476 -0.111189 0.437469 0.118285 0.238211 0.311948 0.582474 1.000000 0.036832 0.170495 -0.059037 0.020972 -0.292646 -0.267053 -0.090211 -0.316459 -0.148033 -0.425981 0.600687 0.764047 -0.014707 0.149007 0.026123 0.177974 0.079847 -0.133424 0.060628 0.300296 -0.205583 -0.206263 0.206255 0.152506 -0.021669 -0.107661 -0.312276 -0.286358 -0.073790 -0.225783 -0.218739 -0.178716 -0.132200 -0.091878 0.089347 -0.024818 -0.327983 -0.315900 0.188867 -0.025941 -0.108471 -0.193510 0.203122 0.096535 0.238600 0.317006 -0.157812 -0.232659 -0.275214 -0.522975 -0.070965 -0.431761 0.256385 0.360992 0.520107 0.474442 0.303390 0.375938 0.447662 0.263097 0.439586 0.759544 0.532315 0.797987 0.371323 0.596550 0.086856 0.250558 -0.256085 -0.192110 -0.108597 -0.258487 -0.406376 -0.433558 -0.309219 -0.230331 -0.173163 -0.076372 -0.147975 -0.286221 -0.174888 -0.206515 -0.188961 -0.197568 -0.112936 -0.315009 -0.225355 -0.384512 -0.355652 -0.407473 0.025874 -0.172622 -0.316590 -0.311602 -0.202247 -0.158126 -0.019214 -0.006338
0.430434 0.324509 -0.037169 0.006952 0.318058 0.065276 0.043385 -0.002265 0.260640 0.261597 0.054409 -0.093740 0.135894 0.146214 0.105012 0.177536 0.038571 0.036832 1.000000 0.619602 -0.072279 -0.295682 -0.154043 -0.183615 -0.135102 -0.390063 0.197952 -0.110343 0.189321 0.225148 -0.186398 -0.148808 0.350167 0.269221 -0.097876 -0.182342 0.020788 -0.286702 -0.443360 -0.320278 -0.266158 -0.032596 -0.299559 -0.242465 -0.220861 -0.300455 -0.183229 -0.027457 0.051367 -0.145653 -0.291392 -0.027366 -0.056162 0.048815 -0.136153 -0.279509 0.226140 0.134935 0.332787 0.325836 0.381084 0.323049 0.283374 0.143655 -0.113268 0.001478 0.145180 -0.195051 0.405446 0.173703 0.063756 -0.279519 0.199786 0.178570 0.250179 0.046142 0.320483 0.006277 0.124246 0.130998 0.068769 0.208037 0.127645 0.247106 -0.007387 -0.100825 0.211158 -0.072542 -0.104166 -0.128391 -0.051870 -0.233307 -0.442907 -0.226831 -0.272327 0.021497 -0.189872 -0.044675 0.083334 -0.059106 0.291539 -0.101769 0.016820 -0.262245 -0.241485 -0.373681 -0.143274 -0.287108 0.069497 -0.095911 -0.216418 -0.227456 -0.094140 -0.118013 -0.166911 0.000670
0.621418 0.474463 -0.411518 -0.351730 0.215912 -0.204119 -0.259611 -0.320784 0.245597 0.118834 0.204780 -0.231176 0.248067 0.118186 0.118271 0.131008 0.260211 0.170495 0.619602 1.000000 0.105962 -0.220638 -0.499458 -0.447615 -0.135371 -0.518820 0.122668 -0.315889 0.401753 0.313290 -0.399461 -0.346534 0.297866 0.232508 -0.319418 -0.378914 -0.046725 -0.000992 -0.433145 -0.221197 -0.146746 0.156762 -0.411610 -0.366229 -0.347842 -0.467061 -0.283530 -0.139955 -0.074200 -0.268937 -0.498140 -0.249397 -0.053913 -0.050375 -0.230428 -0.340613 0.513073 0.335906 0.252898 0.231870 0.383021 0.445701 0.518500 0.380090 -0.420302 -0.169695 -0.078788 -0.371523 0.587972 0.363873 0.120219 -0.225938 0.420291 0.333188 0.432197 0.128303 0.347845 0.154457 0.130295 0.216586 0.094728 0.380925 0.133672 0.288886 -0.294920 -0.246100 0.011984 -0.330719 -0.151923 -0.131094 0.057742 -0.071295 -0.438794 -0.129018 -0.139708 0.067338 -0.246120 0.002833 0.220735 0.195795 0.208853 0.101923 0.189659 -0.174761 -0.135011 -0.376629 0.001646 -0.156356 0.008562 0.053683 -0.059207 -0.001098 0.004510 -0.140635 -0.197634 0.095060
0.022358 -0.066896 -0.216310 -0.077857 0.066413 0.140072 -0.237840 -0.155810 -0.033994 -0.072312 0.188181 -0.222782 -0.025132 -0.183527 0.222851 -0.000690 0.239516 -0.059037 -0.072279 0.105962 1.000000 0.340371 -0.095937 -0.173200 0.338086 0.151747 0.361297 0.082568 0.212074 -0.069540 -0.178949 -0.171073 -0.063420 -0.126716 -0.190656 -0.096582 -0.044940 0.034895 0.168626 0.086857 0.348449 0.032776 -0.219135 -0.241863 -0.112265 -0.108284 -0.191736 -0.295743 -0.125904 -0.149055 -0.137384 -0.168345 -0.006632 -0.127850 -0.228023 -0.023068 0.034765 -0.122786 -0.017888 -0.028854 0.019273 -0.070784 0.100957 -0.112218 0.026484 -0.009810 -0.079647 -0.020966 -0.004348 0.168450 0.087831 0.107229 0.145296 -0.087326 0.094657 0.009904 0.009988 0.125413 -0.187630 -0.110668 0.108789 -0.023170 0.325272 -0.002153 0.101343 0.047290 -0.051919 0.126660 0.449963 0.296793 0.125615 0.129823 0.034512 0.127878 -0.006824 -0.011344 -0.244057 0.079518 -0.157584 0.055109 -0.010274 0.119141 0.161782 0.034826 0.047064 0.111023 0.072395 0.067828 -0.272039 0.059260 -0.043846 0.073302 -0.017000 0.094524 0.023062 0.014751
-0.226688 -0.111653 0.011370 0.151701 -0.287780 0.008721 0.041665 0.079708 -0.346333 -0.296689 -0.020604 -0.039335 -0.216621 -0.246634 -0.058350 -0.012109 0.004970 0.020972 -0.295682 -0.220638 0.340371 1.000000 0.172019 0.218700 0.248921 0.483566 -0.087182 0.141550 -0.073338 -0.059077 0.341427 0.419164 -0.302141 -0.069231 0.075791 0.059442 -0.036354 0.238054 0.348968 0.348667 0.324893 0.079208 -0.165694 -0.184168 -0.287152 -0.113809 -0.141039 -0.179455 -0.449590 -0.236114 0.071175 -0.377919 0.087884 -0.161782 -0.008674 -0.011044 -0.261643 -0.221280 -0.408626 -0.483516 -0.236269 -0.434905 -0.127986 -0.188487 0.311034 -0.030776 -0.318806 -0.021415 -0.242032 0.038244 0.128738 0.453080 -0.127887 -0.056896 -0.131652 0.205715 -0.125635 0.271042 -0.091391 0.095177 -0.008276 0.033362 -0.019569 0.010964 0.159995 0.364284 0.056701 0.333784 0.492740 0.462672 -0.037240 0.122318 0.463288 0.228302 0.132330 -0.265712 -0.270606 -0.053795 -0.399288 -0.009624 -0.421237 0.175113 -0.225502 0.333320 -0.081193 0.180985 0.063743 0.084485 -0.047743 -0.070159 -0.065537 0.159212 0.082592 0.232909 0.085959 -0.052591
-0.481141 -0.402066 0.614596 0.565525 -0.152353 0.401987 0.374260 0.230937 -0.126578 -0.235870 -0.239717 0.118537 -0.283338 -0.230300 -0.005229 -0.149953 -0.355816 -0.292646 -0.154043 -0.499458 -0.095937 0.172019 1.000000 0.801329 0.259808 0.623827 0.158136 0.582579 -0.392154 -0.286312 0.468587 0.395297 -0.248183 -0.209075 0.251757 0.295316 0.026086 -0.211053 0.297098 -0.131403 -0.085244 -0.311286 0.264490 0.246058 0.179878 0.274701 0.187533 0.132515 0.180453 0.346828 0.553258 0.258735 0.043263 0.252651 0.404094 0.188787 -0.532618 -0.354714 -0.366599 -0.395220 -0.356268 -0.462910 -0.535606 -0.583833 0.673068 -0.065598 -0.030861 0.292659 -0.371714 -0.099610 -0.077725 0.084307 -0.433234 -0.225244 -0.309664 -0.184249 -0.313149 -0.083203 -0.097056 -0.254215 -0.219328 -0.353222 -0.131986 -0.221027 0.474623 0.256756 0.060835 0.387680 0.240362 0.071157 -0.010716 0.090846 0.219073 0.201338 -0.052840 -0.279137 0.147054 -0.082978 -0.236980 -0.236382 -0.227832 -0.137441 -0.408270 0.046461 -0.032897 0.321651 -0.075701 -0.141888 0.074093 -0.138087 -0.005553 -0.062659 0.009815 0.142081 0.283086 0.117311
-0.477507 -0.325897 0.418599 0.557120 -0.109369 0.392933 0.380984 0.417781 -0.128865 -0.098148 -0.305007 0.226078 -0.374002 -0.098867 -0.119875 -0.077280 -0.385807 -0.267053 -0.183615 -0.447615 -0.173200 0.218700 0.801329 1.000000 0.125783 0.480435 0.012564 0.406042 -0.360178 -0.255234 0.473878 0.488870 -0.224140 -0.162288 0.110998 0.161174 -0.063522 -0.231832 0.201965 -0.102111 -0.122473 -0.245660 0.354889 0.338238 0.196328 0.324316 0.283496 0.246275 0.202717 0.398439 0.423692 0.260017 0.090762 0.287949 0.310519 0.191632 -0.588497 -0.411259 -0.436826 -0.308341 -0.307472 -0.353205 -0.389190 -0.480518 0.488313 0.008022 -0.151943 0.280860 -0.509196 -0.103158 -0.018726 0.141290 -0.431011 -0.207145 -0.300040 -0.131764 -0.364413 -0.162383 -0.046789 -0.252365 -0.230660 -0.358996 -0.175392 -0.141398 0.217987 0.195721 0.045413 0.411077 0.095845 0.119587 0.010234 0.047883 0.314444 0.052243 -0.111726 -0.319069 0.015014 -0.175546 -0.033209 -0.263813 -0.238899 -0.143712 -0.382904 -0.013205 0.017485 0.190371 -0.003022 -0.102093 0.056193 -0.140086 -0.035992 -0.117065 0.030664 0.026534 0.222735 0.000137
-0.219896 -0.100688 0.058046 0.169958 0.019012 0.351264 -0.007077 -0.057482 -0.112186 -0.162695 -0.119819 -0.124004 -0.237164 -0.192984 -0.156284 -0.084295 -0.084082 -0.090211 -0.135102 -0.135371 0.338086 0.248921 0.259808 0.125783 1.000000 0.631859 0.280501 0.306170 -0.164374 -0.177922 0.241609 0.140704 -0.196465 -0.216281 0.054482 0.020711 -0.184650 -0.224247 0.247516 0.078105 -0.037111 -0.073901 0.184903 0.132618 -0.036408 0.073366 0.226705 0.117166 0.033952 0.181093 0.277960 0.095679 0.145182 0.190694 0.088160 0.157825 -0.242347 -0.076216 -0.196663 -0.108976 -0.268223 -0.277444 -0.166589 -0.270294 0.258845 -0.202209 -0.109043 0.109010 -0.020607 0.073245 -0.053051 0.190529 -0.261380 -0.055645 -0.194083 -0.034311 -0.234559 0.007192 -0.157475 -0.121399 -0.159019 -0.145029 -0.087103 -0.144154 0.022486 0.009391 -0.141960 0.122106 0.214993 0.161754 -0.029722 0.099755 0.045080 -0.022171 0.066094 -0.000347 0.019877 -0.070124 -0.159418 -0.086170 -0.070027 -0.170164 -0.106479 -0.019395 0.147876 0.236440 0.073148 0.043377 -0.176815 -0.032557 0.106734 -0.035029 -0.219799 -0.030163 0.168795 0.130603
-0.457939 -0.324132 0.374713 0.468447 -0.316008 0.400303 0.082696 0.141322 -0.288561 -0.277293 -0.248005 -0.066559 -0.386154 -0.361597 -0.151994 -0.197542 -0.289057 -0.316459 -0.390063 -0.518820 0.151747 0.483566 0.623827 0.480435 0.631859 1.000000 0.073389 0.588532 -0.453438 -0.407828 0.439814 0.422733 -0.370105 -0.276518 0.276494 0.307176 -0.144968 -0.089193 0.489402 0.130474 -0.026161 -0.178094 0.242095 0.206670 0.036522 0.204109 0.169138 0.105367 -0.060770 0.152118 0.486139 0.085638 0.052432 0.114972 0.248427 0.219787 -0.438293 -0.252454 -0.386015 -0.365510 -0.482783 -0.519758 -0.519232 -0.526401 0.563556 0.006098 -0.123632 0.298733 -0.244401 -0.070453 -0.104459 0.251200 -0.559698 -0.294250 -0.445441 -0.134272 -0.417347 -0.010884 -0.181643 -0.318898 -0.241894 -0.376096 -0.209987 -0.312608 0.269522 0.226220 -0.100583 0.343463 0.348223 0.275772 0.042337 0.247805 0.379340 0.235030 0.253057 -0.070656 0.153371 0.071745 -0.258108 -0.069109 -0.250484 -0.097118 -0.254529 0.184359 0.169946 0.479700 0.072711 0.093519 0.035461 -0.034001 0.214244 0.092250 -0.056787 0.181866 0.308919 0.120300
-0.045444 -0.070109 0.049151 0.103537 0.472081 0.447055 -0.040877 -0.133952 0.378364 0.061927 0.012825 -0.112925 -0.019112 -0.199338 0.151405 -0.100924 -0.074130 -0.148033 0.197952 0.122668 0.361297 -0.087182 0.158136 0.012564 0.280501 0.073389 1.000000 0.499145 -0.037764 -0.159280 -0.243226 -0.252504 0.024151 -0.057825 0.079664 0.046395 -0.111411 -0.291044 0.045127 -0.051228 -0.036673 -0.058147 -0.006554 -0.010395 0.137502 0.080976 0.033108 -0.033134 0.156114 0.121016 0.026867 -0.002846 -0.202075 -0.054355 -0.027961 0.051038 -0.092480 -0.110787 0.222532 0.170978 0.131521 0.012540 -0.058559 -0.203703 0.168780 0.026510 0.186216 0.214922 0.162271 0.219329 -0.263497 -0.321145 -0.056635 -0.234086 0.001717 -0.284241 -0.095193 -0.230925 -0.214888 -0.201649 -0.220486 -0.248111 0.100625 -0.007025 0.080679 -0.188902 -0.007784 0.070882 0.149652 0.084542 0.020040 0.043883 -0.226876 0.026225 0.040471 0.204892 0.156682 0.080045 0.067559 -0.078125 0.170167 -0.130134 0.103169 -0.192343 0.114489 0.048011 0.173907 -0.066616 0.104935 -0.012338 0.055464 -0.056779 -0.049815 -0.024246 -0.009844 0.064592
-0.368872 -0.275527 0.391761 0.440258 0.115480 0.532784 0.083103 0.042001 0.208777 -0.165580 -0.321273 -0.034545 -0.378337 -0.498975 -0.058227 -0.270119 -0.410723 -0.425981 -0.110343 -0.315889 0.082568 0.141550 0.582579 0.406042 0.306170 0.588532 0.499145 1.000000 -0.513288 -0.519590 0.049085 -0.029851 -0.218477 -0.255901 0.294552 0.324336 -0.112356 -0.214875 0.324000 0.049660 -0.136288 -0.274470 0.145184 0.177984 0.265349 0.292620 0.086118 0.046098 0.168116 0.186954 0.428840 0.146721 -0.088402 0.038478 0.355247 0.173776 -0.397794 -0.246717 0.050362 -0.128845 -0.244072 -0.393224 -0.475906 -0.567105 0.518514 0.050768 0.260442 0.481889 -0.043240 0.166691 -0.281818 -0.198540 -0.562769 -0.496994 -0.486921 -0.418952 -0.429041 -0.303456 -0.240219 -0.412564 -0.414616 -0.460273 -0.252731 -0.308694 0.255844 0.104075 0.019482 0.273703 0.223225 0.185360 0.121622 0.243078 0.165547 0.255052 0.243898 0.089585 0.343082 0.161894 -0.134286 -0.093172 -0.131485 -0.008750 -0.166398 0.040542 0.227709 0.466550 0.290059 0.135665 0.242425 -0.018883 0.201710 0.054151 0.036334 0.171108 0.262022 0.262284
0.369882 0.001707 -0.401213 -0.433277 -0.114464 -0.235321 -0.044152 -0.294592 -0.200286 -0.178271 0.713685 -0.127074 0.607832 0.276012 0.553312 0.304929 0.791903 0.600687 0.189321 0.401753 0.212074 -0.073338 -0.392154 -0.360178 -0.164374 -0.453438 -0.037764 -0.513288 1.000000 0.684255 -0.135954 -0.000333 0.205542 0.269797 -0.226164 -0.348612 0.230182 0.228220 -0.275583 -0.146675 0.440692 0.150886 -0.209153 -0.249307 -0.314431 -0.391957 -0.161933 -0.285746 -0.131469 -0.144660 -0.350543 -0.165507 0.007948 -0.055715 -0.439863 -0.227378 0.371713 -0.078404 -0.024654 -0.066555 0.413813 0.282483 0.514218 0.317107 -0.218263 -0.142311 -0.223754 -0.545363 0.003468 -0.285755 0.298514 0.116085 0.841825 0.482533 0.561650 0.258944 0.536784 0.307552 0.493075 0.500282 0.763339 0.618176 0.661292 0.500261 0.166257 0.014225 -0.123346 -0.215621 0.019552 -0.280658 -0.255905 -0.399432 -0.400788 -0.324046 -0.318989 0.035436 -0.298061 -0.200283 -0.202373 -0.121641 -0.085576 -0.051399 -0.084336 -0.288649 -0.418920 -0.447662 -0.366569 -0.386333 -0.218819 -0.078968 -0.329719 -0.328225 -0.218767 -0.290430 -0.188202 -0.161599
0.327361 0.026825 -0.280605 -0.340095 -0.092703 -0.271746 0.068406 -0.165311 -0.161773 -0.089859 0.419236 -0.026221 0.447654 0.221109 0.357434 0.533899 0.477119 0.764047 0.225148 0.313290 -0.069540 -0.059077 -0.286312 -0.255234 -0.177922 -0.407828 -0.159280 -0.519590 0.684255 1.000000 -0.016369 0.142881 0.161624 0.346792 -0.047917 -0.261804 0.225982 0.332102 -0.245772 -0.197660 0.226426 0.186737 -0.135863 -0.258340 -0.319118 -0.395614 -0.011174 -0.159991 -0.104597 -0.061523 -0.218850 -0.005029 0.120057 0.076156 -0.247374 -0.209521 0.220132 -0.036153 -0.088664 -0.146787 0.359674 0.295723 0.375492 0.305110 -0.134734 -0.123968 -0.337822 -0.641897 -0.036731 -0.370604 0.286048 0.190806 0.683533 0.645247 0.480816 0.385632 0.570308 0.368381 0.370666 0.692196 0.450509 0.729442 0.413051 0.644597 0.096262 0.171746 -0.089548 -0.126292 -0.120442 -0.219942 -0.422204 -0.545836 -0.391792 -0.385505 -0.395087 -0.085051 -0.171767 -0.234716 -0.206108 -0.234055 -0.069466 -0.267486 -0.152715 -0.344804 -0.402863 -0.546538 -0.500587 -0.396625 -0.178208 0.026609 -0.281516 -0.302801 -0.089452 -0.202757 -0.127772 -0.172889
-0.350459 -0.065725 0.145545 0.237941 -0.261618 0.001175 0.206400 0.221942 -0.276972 -0.097568 -0.123729 0.261059 -0.233738 0.017869 -0.238062 -0.110348 -0.210477 -0.014707 -0.186398 -0.399461 -0.178949 0.341427 0.468587 0.473878 0.241609 0.439814 -0.243226 0.049085 -0.135954 -0.016369 1.000000 0.811848 -0.307244 -0.056925 0.082525 0.031699 -0.069882 0.078499 0.173600 0.101813 -0.041571 -0.107714 0.279882 0.233700 -0.134853 -0.027943 0.369265 0.132910 -0.183577 0.132998 0.295383 0.089008 0.208110 0.216906 0.113368 0.154415 -0.415735 -0.160535 -0.459032 -0.345013 -0.325872 -0.296591 -0.281862 -0.227764 0.458966 0.014603 -0.309932 -0.115215 -0.405558 -0.320195 0.305020 0.558615 -0.260853 0.030187 -0.205721 0.244638 0.013605 0.350285 0.246139 0.169792 0.006535 0.017438 -0.174336 -0.123193 0.266680 0.388744 0.063518 0.281346 0.042671 0.016430 -0.169133 -0.102165 0.211818 -0.130946 0.081775 -0.155100 -0.061525 -0.426471 -0.249654 -0.199869 -0.298285 -0.151132 -0.305906 0.089092 -0.253936 0.022430 -0.267806 -0.239189 0.091658 -0.291413 -0.282183 -0.116055 -0.075180 -0.010801 0.202515 -0.025630
-0.261476 -0.146171 0.147167 0.225277 -0.356559 -0.012766 0.378495 0.377955 -0.414720 -0.072227 -0.007419 0.212871 -0.160749 0.053999 -0.160948 -0.077628 -0.054654 0.149007 -0.148808 -0.346534 -0.171073 0.419164 0.395297 0.488870 0.140704 0.422733 -0.252504 -0.029851 -0.000333 0.142881 0.811848 1.000000 -0.184788 0.139117 0.233964 0.118531 -0.104685 0.021815 0.093385 -0.052782 0.011428 -0.085149 0.241000 0.225910 -0.158519 0.024319 0.238661 0.135717 -0.289162 0.064403 0.153488 -0.073409 0.132828 0.079740 -0.049702 -0.013574 -0.321933 -0.223800 -0.516120 -0.397884 -0.217787 -0.293287 -0.189396 -0.183360 0.467797 0.095505 -0.364941 -0.142424 -0.451384 -0.475970 0.261796 0.555427 -0.135760 0.104186 -0.135448 0.307083 0.039437 0.293471 0.373092 0.267556 0.134599 0.152065 -0.027170 0.057304 0.272710 0.409966 0.038243 0.350167 0.047298 0.001794 -0.330683 -0.271147 0.206954 -0.191110 -0.049927 -0.248741 -0.182213 -0.444682 -0.240896 -0.228218 -0.387383 -0.168173 -0.443134 -0.053862 -0.302188 -0.156674 -0.369998 -0.422036 0.104294 -0.306439 -0.321972 -0.146672 -0.052710 -0.082536 0.132822 -0.099731
0.299108 0.281687 -0.185114 -0.034878 0.128513 -0.131661 -0.119377 0.035606 0.119390 0.205474 0.047523 0.174227 0.234140 0.296954 0.014421 -0.033447 0.082646 0.026123 0.350167 0.297866 -0.063420 -0.302141 -0.248183 -0.224140 -0.196465 -0.370105 0.024151 -0.218477 0.205542 0.161624 -0.307244 -0.184788 1.000000 0.785339 0.004204 -0.028628 0.131219 -0.173707 -0.380816 -0.177451 -0.015512 -0.027177 -0.209024 -0.102094 0.105886 0.017484 -0.009356 -0.033573 0.175083 0.069033 -0.337004 -0.016755 -0.078883 -0.241914 -0.108334 0.047440 0.318986 0.092382 0.293071 0.351878 0.444138 0.488492 0.343987 0.441842 -0.331246 0.291906 0.372058 0.003096 0.199460 -0.015505 -0.193998 -0.333160 0.341681 0.080239 0.249066 -0.177186 0.181857 -0.126011 0.070467 0.009156 0.058535 0.056147 0.008592 0.007461 -0.210531 -0.354061 -0.041666 -0.304359 -0.302176 -0.338635 -0.209688 -0.375467 -0.344185 -0.306248 -0.416618 0.046501 0.248247 0.013898 0.169785 -0.105653 0.365206 0.036297 0.098542 -0.179014 -0.166896 -0.414623 -0.231067 -0.300836 -0.220481 -0.050810 -0.099739 -0.163448 0.050774 -0.186346 -0.107297 -0.043539
0.294153 0.305751 -0.209441 0.017908 0.031209 -0.263141 0.057244 0.184152 0.025653 0.135730 0.109136 0.276253 0.218251 0.294128 -0.009540 0.036669 0.104255 0.177974 0.269221 0.232508 -0.126716 -0.069231 -0.209075 -0.162288 -0.216281 -0.276518 -0.057825 -0.255901 0.269797 0.346792 -0.056925 0.139117 0.785339 1.000000 0.193328 0.160417 0.081185 -0.030386 -0.363390 -0.139405 0.123971 0.103610 -0.234116 -0.202254 0.031066 -0.002366 -0.000656 -0.077727 -0.046903 -0.051100 -0.315559 -0.146049 -0.072062 -0.309015 -0.174180 -0.093508 0.233803 0.063539 0.144811 0.177124 0.414276 0.480558 0.376696 0.455183 -0.157374 0.410333 0.174513 -0.107209 0.049463 -0.219867 -0.126544 -0.178401 0.358516 0.190173 0.260143 0.035634 0.283979 0.079635 0.165035 0.208875 0.104927 0.209209 0.041678 0.147728 -0.077652 -0.141411 0.094457 -0.113407 -0.201858 -0.246052 -0.516974 -0.630797 -0.321151 -0.430492 -0.379897 -0.026945 0.099970 -0.119743 -0.035729 -0.275582 0.102104 -0.152268 -0.066788 -0.244964 -0.295571 -0.561312 -0.395046 -0.401552 -0.181755 -0.069045 -0.159391 -0.223445 0.040275 -0.223584 -0.226992 -0.225590
-0.185677 -0.177293 0.183308 0.233066 -0.139013 0.052139 0.173827 0.141258 -0.190444 -0.114223 -0.062493 0.136268 -0.076265 -0.134896 -0.089347 -0.215843 -0.089631 0.079847 -0.097876 -0.319418 -0.190656 0.075791 0.251757 0.110998 0.054482 0.276494 0.079664 0.294552 -0.226164 -0.047917 0.082525 0.233964 0.004204 0.193328 1.000000 0.629564 -0.144459 -0.086431 0.077845 -0.100706 -0.101980 -0.139591 0.087717 0.119776 0.273727 0.428014 -0.011504 0.002142 -0.012377 0.082139 0.245334 -0.039142 -0.003249 -0.145238 0.038043 -0.169125 -0.206160 -0.074973 -0.020743 -0.071165 -0.124735 -0.184743 -0.265496 -0.199496 0.309095 0.261924 0.263540 0.377082 -0.172668 -0.197224 -0.241217 -0.019467 -0.267666 -0.219138 -0.302101 -0.134779 -0.133083 -0.089778 -0.029953 0.057758 -0.123873 -0.077689 -0.100453 -0.009539 0.236312 0.260364 0.099953 0.183728 -0.030780 -0.012739 -0.293063 -0.252533 -0.039115 0.000337 0.162287 0.078859 0.173567 0.023236 -0.250679 -0.342172 -0.108916 -0.240571 -0.198127 -0.202053 0.090078 0.037731 -0.136666 -0.211182 0.276920 -0.018769 0.095917 -0.139321 -0.145961 0.017096 0.057156 -0.021026
-0.308550 -0.218483 0.257327 0.360708 -0.157334 0.098866 0.055296 0.205664 -0.192814 -0.096399 -0.202753 0.058334 -0.215712 -0.108971 -0.242317 -0.350666 -0.238943 -0.133424 -0.182342 -0.378914 -0.096582 0.059442 0.295316 0.161174 0.020711 0.307176 0.046395 0.324336 -0.348612 -0.261804 0.031699 0.118531 -0.028628 0.160417 0.629564 1.000000 -0.033740 -0.038872 0.126705 -0.005060 -0.054050 -0.113399 0.054882 0.019609 0.373457 0.565466 -0.112333 -0.124086 0.022887 0.031921 0.217643 -0.026182 -0.034506 -0.250691 0.160712 -0.125195 -0.229942 -0.062982 0.037829 0.049791 -0.211353 -0.121973 -0.288840 -0.170366 0.256698 0.249913 0.412216 0.493646 -0.137779 -0.095404 -0.303627 -0.051069 -0.385936 -0.299476 -0.274963 -0.139058 -0.213296 -0.094489 -0.217678 -0.220961 -0.203903 -0.295395 -0.177719 -0.220588 0.223859 0.132458 0.099443 0.268696 0.036405 0.086279 -0.160916 -0.121182 0.120280 0.119956 0.185648 0.162153 0.205708 0.154418 -0.245498 -0.269814 0.034520 -0.141288 -0.041400 -0.064947 0.288538 0.288614 0.073276 0.024032 0.295413 0.119123 0.146798 0.039047 -0.087488 0.080795 0.154715 0.111390
