1.000000 0.490302 0.092645 -0.078040 0.101534 -0.075934 -0.004590 -0.320921 0.060798 -0.137592 0.254816 0.079728 0.217838 -0.100238 0.108700 -0.043424 -0.020825 -0.104981 0.317968 0.266435 -0.310343 -0.172811 -0.050378 -0.020831 -0.486388 -0.546156 -0.048798 0.021468 -0.143097 -0.055195 -0.362328 -0.541193 0.334708 0.023983 -0.015096 -0.329077 -0.037338 0.086604 0.181169 0.199048 0.164259 0.139483 -0.060260 -0.191084 -0.239535 -0.397532 -0.024350 -0.194318 0.209970 -0.115403 -0.049424 0.010970 0.328411 0.301543 0.241573 0.090689 0.650603 0.304908 0.351320 0.292724 0.422749 0.320525 0.124004 0.264524 -0.033481 -0.380680 0.247664 -0.501547 0.308990 0.329870 -0.361910 -0.308309 -0.102492 0.029719 0.181259 -0.099363 0.082514 -0.029929 -0.170715 -0.156170 -0.228751 -0.210014 0.231741 0.058403 -0.071044 -0.209791 -0.155859 -0.002145 0.239595 0.303271 -0.131227 -0.071149 -0.311613 -0.016383 -0.043044 0.221377 -0.128539 -0.195948 -0.054157 0.157346 -0.249873 -0.002530 -0.025647 -0.135817 -0.227619 -0.223257 0.092679 0.327592 0.061462 0.046557 -0.117670 -0.114958 0.209031 -0.064926 -0.140512 0.068480
0.490302 1.000000 -0.381378 -0.034147 -0.217701 -0.217676 -0.318818 -0.249392 -0.231288 -0.331789 0.052920 -0.139770 -0.180625 -0.216111 -0.243804 -0.204902 0.276696 0.121345 0.374371 0.538244 -0.105644 -0.176073 -0.495549 -0.347792 -0.518431 -0.490433 -0.174765 -0.297324 0.056425 0.111865 -0.349383 -0.408075 0.305300 0.117922 -0.245342 -0.357304 -0.160509 0.185340 -0.001129 0.201234 -0.035366 0.106517 0.117709 0.076253 0.014543 -0.137429 -0.008433 0.076110 0.064901 0.116861 -0.224204 0.068382 0.093938 0.231427 -0.008506 0.084898 0.585642 0.803292 0.077478 0.402528 0.234380 0.313153 0.284124 0.549740 -0.302152 -0.409204 0.114334 -0.345845 0.463163 0.572706 -0.213037 -0.166664 0.009149 0.161995 0.038930 -0.039233 0.022363 0.113011 0.043095 0.039011 0.091391 0.180450 -0.002310 0.132979 -0.434151 -0.437026 -0.262842 -0.286764 -0.138869 -0.117311 0.033850 -0.005800 -0.164813 -0.219977 0.010296 0.147218 -0.099914 -0.032771 0.166829 0.319895 -0.111513 0.138402 0.172645 -0.053674 -0.196964 0.061084 0.118848 0.173248 0.064167 -0.001667 -0.145341 0.303957 0.174984 0.160539 0.099837 0.162740
0.092645 -0.381378 1.000000 0.008483 0.279450 0.094758 0.727465 0.289737 0.350870 0.125342 0.069936 0.175669 0.206745 -0.022771 0.199641 0.008284 -0.299200 -0.217576 -0.218948 -0.404298 -0.064769 -0.006414 0.602702 0.411302 0.156815 0.079008 0.224488 0.257265 -0.178917 -0.318941 0.278209 0.150152 -0.063941 0.079533 0.151178 0.091541 -0.081195 -0.284234 0.070014 -0.007214 0.134453 -0.062923 -0.282552 -0.291169 -0.165726 -0.115960 -0.192426 -0.289751 0.038227 -0.161529 0.124381 -0.122236 0.050615 -0.040302 -0.044764 -0.102131 -0.122077 -0.351650 0.323003 -0.150219 0.221881 0.018692 -0.184728 -0.151518 0.442081 0.196649 0.092612 0.146576 -0.386413 -0.214051 -0.184314 -0.033191 -0.163236 -0.208160 -0.014001 -0.101487 -0.226008 -0.382045 -0.142985 -0.207747 -0.318919 -0.361831 0.227186 -0.120120 0.132735 0.014928 0.284257 0.148113 0.258966 0.121484 -0.017349 -0.021936 0.001285 0.439322 -0.076921 0.044549 0.109761 -0.129104 -0.312043 -0.236707 -0.204877 -0.010171 -0.246310 0.004002 -0.142042 -0.197850 -0.034149 0.001085 0.145554 -0.181870 0.033759 -0.310303 -0.153839 -0.120920 -0.161894 -0.185266
-0.078040 -0.034147 0.008483 1.000000 -0.209659 0.048909 0.160115 0.503010 -0.051192 0.060980 -0.101034 0.296777 -0.003966 0.362200 0.160059 0.444830 -0.240132 -0.020599 -0.249544 -0.223083 0.176616 -0.252808 0.150220 0.260122 -0.005806 0.309102 0.373801 0.438395 -0.171670 -0.080405 0.053418 0.273733 -0.196636 -0.006812 0.052119 0.094965 0.126976 -0.105168 -0.244519 -0.169824 -0.097661 -0.178757 -0.126028 -0.139594 0.003999 -0.044884 0.065421 -0.080462 -0.174779 0.159084 0.059088 0.123542 -0.029206 0.048345 -0.240530 -0.090911 -0.189327 -0.215381 -0.228112 -0.059067 -0.107768 0.120656 -0.155882 0.086599 0.163511 0.299026 -0.252757 -0.071516 -0.043331 -0.184066 -0.117060 0.129575 -0.256473 -0.184005 -0.081116 0.114077 0.001789 0.055951 -0.032297 -0.038389 -0.144615 -0.034133 0.021800 0.260606 0.186253 0.244699 0.028021 -0.019414 0.114310 0.169398 0.002876 -0.109889 0.318810 0.010948 -0.249470 -0.235213 -0.053236 -0.146660 -0.073548 -0.089350 0.234006 -0.026650 -0.007555 -0.040683 -0.016056 -0.275241 -0.014856 -0.277128 0.029659 -0.126875 -0.106874 -0.108959 0.080414 0.142637 -0.063916 0.008874
0.101534 -0.217701 0.279450 -0.209659 1.000000 0.382830 0.228153 -0.236674 0.537338 0.443228 0.053260 -0.125050 0.313306 -0.102354 0.208331 -0.030241 -0.079289 -0.281908 0.093613 -0.041310 -0.148962 0.220071 0.251832 0.070724 0.276968 -0.276280 0.090293 0.029031 -0.097101 -0.201498 0.001787 -0.313963 0.026475 0.007973 0.194576 0.077365 -0.112305 -0.030024 0.253817 -0.048452 0.050590 0.043664 -0.092707 -0.207987 -0.226788 -0.188895 -0.185505 -0.168944 0.056853 -0.304872 0.100981 -0.214359 0.002468 0.011074 0.215344 0.078586 0.137474 -0.038914 0.328346 -0.112524 0.058136 -0.133779 -0.144902 -0.188137 0.320711 0.104202 0.020876 -0.005477 0.018484 0.038322 -0.032983 -0.274667 -0.017688 -0.125270 0.093182 0.000734 0.078140 -0.044237 -0.105134 -0.206294 -0.078698 -0.151506 -0.033116 -0.160766 0.051527 0.005409 0.052901 -0.054009 0.217209 0.203391 0.116575 0.064629 -0.064481 0.337690 0.001833 0.042360 -0.031057 -0.104351 -0.204077 -0.103077 -0.167423 0.074828 -0.155926 -0.132875 0.102131 0.020982 0.168177 0.128762 0.083196 0.111328 0.002127 -0.259495 -0.012096 -0.237318 -0.091390 0.030408
-0.075934 -0.217676 0.094758 0.048909 0.382830 1.000000 -0.080389 0.056868 0.212707 0.490847 -0.178830 -0.168840 -0.057873 0.001471 0.110999 0.277072 -0.170310 -0.288720 -0.099825 -0.181295 -0.024431 0.423722 0.113814 0.028296 0.232788 -0.047270 0.319987 0.347343 -0.366385 -0.052526 0.021756 -0.316519 -0.075576 -0.075129 0.238643 0.186987 0.223271 0.163653 0.449914 0.138559 0.093081 0.155572 -0.200736 -0.227843 -0.330362 -0.110105 -0.009367 -0.251163 -0.164634 -0.281561 -0.112062 -0.303956 -0.041790 -0.164570 0.128125 0.041454 0.084392 -0.057839 0.204028 0.008095 0.002734 -0.005758 -0.179272 -0.250100 0.059780 0.301679 0.020542 0.109327 -0.036442 0.016527 0.119490 -0.022395 -0.060159 0.008280 0.025286 -0.027346 0.088263 0.084833 -0.212252 -0.101812 -0.061940 -0.203336 -0.078498 0.025792 0.095126 0.227942 -0.107252 -0.133435 0.278138 0.377644 -0.144131 -0.215604 0.052858 0.047742 0.092515 0.146775 -0.146701 -0.099899 -0.452174 -0.324666 -0.154533 0.077368 0.066908 -0.042812 0.082098 0.192568 0.067580 0.254276 -0.037313 0.219278 -0.066151 -0.268566 -0.084747 -0.138746 -0.040184 0.173948
-0.004590 -0.318818 0.727465 0.160115 0.228153 -0.080389 1.000000 0.405676 0.487937 0.072490 0.202770 0.356263 0.433149 0.231086 0.322167 0.112026 -0.159229 0.033118 -0.196555 -0.394748 -0.021513 -0.197171 0.481170 0.336601 0.071009 0.062049 0.081254 0.144248 0.044204 -0.162689 0.331739 0.319804 -0.072783 0.118815 0.078843 0.087870 -0.090467 -0.419834 -0.217159 -0.202103 0.047317 -0.157410 -0.421024 -0.364387 -0.031041 -0.097476 -0.246363 -0.315567 0.040557 -0.003927 0.044943 -0.071544 -0.045749 -0.136877 -0.221722 -0.199412 -0.246604 -0.370565 0.122492 -0.330971 0.245862 0.064515 -0.070898 0.023783 0.600765 0.280305 -0.104201 -0.003056 -0.402791 -0.316092 -0.172420 0.095201 -0.030801 -0.228541 0.069621 0.029343 -0.188820 -0.373818 0.008211 0.006425 -0.173413 -0.122518 0.215787 0.045153 0.214155 0.019855 0.316547 0.115571 0.165024 0.016528 -0.056559 -0.045891 0.089049 0.467520 -0.149356 -0.123995 0.078960 -0.169637 -0.267815 -0.236934 -0.085925 0.085808 -0.253669 -0.036857 -0.095482 -0.357217 -0.056678 -0.190071 0.084785 -0.368448 0.091237 -0.218123 -0.106861 0.034436 -0.176612 -0.243844
-0.320921 -0.249392 0.289737 0.503010 -0.236674 0.056868 0.405676 1.000000 0.069447 0.201968 -0.069735 0.282497 -0.086426 0.300592 -0.195608 0.034963 -0.138053 0.067166 -0.542375 -0.543076 0.146630 -0.280404 0.077049 0.189438 -0.001933 0.444379 0.140616 0.179941 -0.121466 -0.252293 0.140288 0.439365 -0.272332 0.089715 -0.062878 0.296003 -0.231922 -0.371048 -0.389318 -0.238309 -0.150279 -0.266679 -0.177030 -0.095194 0.153226 0.205504 -0.116074 -0.055258 -0.086141 0.264778 -0.059484 0.099793 -0.190494 -0.171337 -0.445071 -0.278570 -0.289242 -0.315376 -0.062300 0.017085 0.060404 0.305169 -0.141921 0.092113 0.280994 0.710898 -0.131500 0.313226 -0.346365 -0.259035 -0.086484 0.156924 -0.345590 -0.183829 -0.166477 -0.041132 -0.291265 -0.132487 -0.043079 -0.058678 -0.089657 -0.102852 -0.022151 -0.031898 -0.091296 0.008915 -0.053945 -0.127807 -0.146183 -0.069477 0.048247 -0.007659 0.510247 0.128213 -0.184486 -0.188036 0.054070 -0.030755 -0.079609 -0.119723 0.337313 0.046976 0.109077 0.153606 0.092809 -0.148587 -0.134102 -0.312216 0.021560 -0.172594 0.050251 -0.046215 -0.027372 0.100588 -0.083239 -0.196744
0.060798 -0.231288 0.350870 -0.051192 0.537338 0.212707 0.487937 0.069447 1.000000 0.520267 0.183488 0.200479 0.398447 0.257905 0.494842 0.226986 -0.095775 -0.070156 -0.132992 -0.253348 -0.112218 -0.024734 0.303869 0.052561 0.188560 0.032785 -0.012510 0.172467 -0.072919 -0.182064 0.101901 -0.037306 -0.283814 -0.246052 0.147414 0.050373 0.072334 -0.034196 -0.018064 -0.233143 -0.012247 -0.017209 -0.299515 -0.341027 -0.215282 -0.300268 -0.149839 -0.430225 0.040769 -0.251409 0.126882 -0.079594 0.099028 -0.004938 0.009971 -0.121214 -0.060277 -0.220714 0.206852 -0.241595 0.139218 0.018947 -0.300214 -0.202183 0.521106 0.232273 -0.264095 -0.221412 -0.092907 0.000059 0.070652 -0.003342 0.004053 -0.069342 0.151937 0.168857 0.095975 -0.040727 -0.076647 -0.036070 -0.036125 -0.043176 -0.010885 -0.015148 0.291328 0.177057 0.087074 -0.076310 0.211588 0.226260 0.016394 0.013549 0.075478 0.369637 0.080605 -0.124412 -0.131174 -0.171597 -0.366795 -0.246097 -0.005885 -0.001438 -0.147689 -0.076071 0.080987 -0.142257 0.025462 -0.048969 -0.105843 -0.072156 -0.116215 -0.345867 -0.052854 -0.149404 -0.106936 0.013842
-0.137592 -0.331789 0.125342 0.060980 0.443228 0.490847 0.072490 0.201968 0.520267 1.000000 0.104382 0.109009 0.249893 0.305563 0.158791 0.211045 -0.074327 -0.167660 -0.217556 -0.334687 0.006446 0.049478 0.076580 -0.017408 0.369022 0.132874 -0.001343 0.172644 -0.174780 -0.165025 0.146135 -0.058104 -0.310729 -0.290402 0.103408 0.110015 0.069691 -0.065051 -0.025927 -0.250232 -0.124127 -0.111129 -0.170503 -0.262342 -0.184405 -0.184182 -0.069718 -0.246831 -0.013532 -0.192360 0.056124 -0.017972 0.058065 -0.032168 -0.002416 -0.062971 -0.023338 -0.215816 0.116346 -0.146785 -0.005728 -0.019159 -0.293529 -0.302647 0.287011 0.478978 -0.233322 -0.113343 0.046872 -0.019143 0.287592 0.200464 -0.102352 0.158575 0.201060 0.280465 0.257321 0.134763 -0.059775 0.043405 0.052168 -0.109288 -0.261469 -0.031848 0.170375 0.190194 0.021598 -0.128989 0.056578 0.195874 0.069529 0.026488 0.283105 0.247633 -0.001211 -0.147439 -0.106416 -0.030023 -0.293509 -0.147161 0.191215 0.051543 0.076246 0.074920 0.270386 -0.073034 -0.000302 -0.093825 -0.042137 0.070140 -0.103000 -0.273845 -0.012706 -0.068237 -0.178709 -0.091174
0.254816 0.052920 0.069936 -0.101034 0.053260 -0.178830 0.202770 -0.069735 0.183488 0.104382 1.000000 0.496850 0.725448 0.388710 0.126610 0.117186 0.274837 0.390878 -0.104873 -0.201042 -0.124472 -0.228522 0.009451 -0.081857 -0.187916 -0.185043 -0.255258 -0.100119 0.278459 0.066118 -0.135658 -0.070898 -0.089706 -0.143339 0.010948 -0.111229 -0.032367 -0.127285 -0.183413 -0.103355 -0.033091 -0.113382 -0.349477 -0.340923 -0.098398 -0.294053 -0.218419 -0.316275 0.308271 -0.098005 0.059138 0.161919 0.313571 0.047549 0.027287 -0.017022 0.072601 -0.076375 0.336634 0.047429 0.614254 0.395913 0.112262 0.238488 0.091205 -0.087110 0.076639 -0.390588 -0.138999 0.014290 -0.053156 0.096749 0.171296 -0.025430 0.129116 0.142104 0.099660 -0.096984 0.194583 0.182427 0.064633 0.067904 -0.011877 0.133522 -0.058247 -0.267059 0.103236 0.077629 0.050737 0.029729 0.019398 -0.042063 -0.088923 0.196720 0.053094 -0.020968 -0.125390 0.020485 -0.112461 -0.112694 0.182400 0.029496 -0.005143 -0.033093 -0.039457 -0.326528 -0.071212 -0.141478 -0.076107 -0.175781 -0.086960 -0.343700 -0.108067 -0.090945 -0.205836 -0.055127
0.079728 -0.139770 0.175669 0.296777 -0.125050 -0.168840 0.356263 0.282497 0.200479 0.109009 0.496850 1.000000 0.514847 0.801233 0.302045 0.435915 -0.126930 0.288475 -0.421280 -0.385079 0.071643 -0.251511 0.239301 0.196395 -0.055534 0.187205 0.006232 0.246118 0.094663 0.091860 0.101628 0.333464 -0.390516 -0.207427 0.012726 -0.039435 0.021697 -0.226300 -0.320023 -0.156293 -0.118672 -0.228698 -0.284577 -0.287409 0.067732 -0.163460 -0.003826 -0.266434 0.217029 0.100567 0.270780 0.399742 0.306571 0.228463 -0.023072 0.080089 -0.213538 -0.428562 -0.042670 -0.083229 0.157489 0.256919 -0.192524 0.058146 0.211847 0.174063 -0.269585 -0.370832 -0.291970 -0.240465 -0.165351 0.175413 -0.000445 -0.147403 0.020787 0.011982 -0.111982 -0.180837 0.118629 0.132881 -0.124074 -0.035006 0.089023 0.266279 0.246673 0.115695 0.193723 0.022721 0.025867 0.152931 -0.011383 -0.089095 0.053678 0.004522 -0.107398 -0.223441 -0.067211 -0.128453 -0.110304 -0.166681 0.251779 -0.106397 -0.069675 -0.135499 -0.020151 -0.438078 -0.134480 -0.216846 -0.206138 -0.330204 -0.188607 -0.367026 -0.069905 -0.177076 -0.227798 -0.166051
0.217838 -0.180625 0.206745 -0.003966 0.313306 -0.057873 0.433149 -0.086426 0.398447 0.249893 0.725448 0.514847 1.000000 0.511803 0.427998 0.241175 0.138281 0.228530 -0.070963 -0.222949 -0.227954 -0.151819 0.261978 0.039287 -0.070068 -0.183834 -0.216640 -0.021487 0.214393 0.034334 0.025607 0.017264 -0.147480 -0.119605 0.231237 -0.022713 -0.060349 -0.273476 -0.225953 -0.246996 -0.077249 -0.227922 -0.415517 -0.398391 -0.078699 -0.235013 -0.310161 -0.453380 0.223662 -0.156609 0.211028 0.028662 0.164641 -0.069255 0.044704 -0.102691 -0.053017 -0.206145 0.245848 -0.267115 0.345513 0.099987 -0.000852 -0.019711 0.406858 0.064734 -0.080676 -0.362804 -0.115313 -0.084032 -0.017453 0.052988 0.158619 -0.039129 0.172468 0.203428 0.136965 -0.166921 0.200164 0.134516 0.019672 0.053190 -0.043812 0.117222 0.261654 0.018006 0.246964 0.108230 0.141805 0.090853 -0.081265 -0.076525 -0.010144 0.334742 -0.017234 -0.195956 -0.170264 -0.051721 -0.253459 -0.231258 0.013742 0.011554 -0.087298 -0.027101 0.056135 -0.404832 -0.098414 -0.186037 -0.160564 -0.202712 -0.161668 -0.387254 -0.122986 -0.037545 -0.206748 -0.050042
-0.100238 -0.216111 -0.022771 0.362200 -0.102354 0.001471 0.231086 0.300592 0.257905 0.305563 0.388710 0.801233 0.511803 1.000000 0.318961 0.579126 -0.035828 0.307748 -0.407094 -0.388299 0.152421 -0.180984 0.147403 0.114118 0.088449 0.269547 -0.035307 0.272807 0.081118 0.061050 0.122384 0.334020 -0.459838 -0.252952 0.104605 0.105527 0.110093 -0.181938 -0.375626 -0.233642 -0.220544 -0.271192 -0.297976 -0.235013 0.065447 -0.063820 -0.041704 -0.228478 0.016293 0.074353 0.189014 0.234788 0.107682 0.017353 -0.093669 -0.036336 -0.254831 -0.411563 -0.198755 -0.271027 -0.002440 0.066806 -0.200071 -0.092505 0.212586 0.309293 -0.381883 -0.300139 -0.185002 -0.244417 0.021779 0.312223 0.013662 -0.075524 0.128549 0.211276 0.014124 -0.024356 0.143761 0.179892 0.084396 0.086738 -0.127110 0.368698 0.320259 0.309660 0.192128 0.021911 -0.006915 0.099211 -0.014812 -0.087281 0.216005 0.007321 -0.143412 -0.302643 -0.096314 -0.151400 -0.133516 -0.208383 0.254419 -0.071502 -0.010188 0.018350 0.119473 -0.350065 -0.201887 -0.324756 -0.267510 -0.261921 -0.129586 -0.311991 -0.038972 -0.070770 -0.133554 -0.106080
0.108700 -0.243804 0.199641 0.160059 0.208331 0.110999 0.322167 -0.195608 0.494842 0.158791 0.126610 0.302045 0.427998 0.318961 1.000000 0.597901 -0.279527 -0.021459 -0.094744 -0.108144 -0.022492 0.115914 0.484967 0.249028 0.210319 0.130192 0.089276 0.394144 -0.028128 0.102208 0.194810 0.098948 -0.297943 -0.324190 0.220691 -0.118027 0.507160 0.177775 0.115287 -0.029106 0.229042 0.144115 -0.345003 -0.368009 -0.271369 -0.376838 0.072001 -0.474924 -0.140062 -0.297921 0.185930 -0.123849 0.150266 -0.026566 0.087372 -0.085781 -0.237871 -0.361944 -0.074071 -0.377375 -0.071538 -0.226602 -0.256977 -0.272950 0.362468 -0.038921 -0.419382 -0.430870 -0.181580 -0.157005 0.097378 0.091966 0.169975 -0.096346 0.200620 0.140780 0.228929 0.019518 -0.069305 0.180657 -0.060158 -0.000660 0.236376 0.306154 0.690324 0.542834 0.187921 0.118997 0.385867 0.278867 -0.293121 -0.252440 -0.234747 0.150404 0.260208 -0.034154 -0.175974 -0.158100 -0.434596 -0.425305 -0.169038 -0.139485 -0.245356 -0.279235 -0.105843 -0.189913 0.105649 0.054985 -0.151492 -0.207506 -0.143643 -0.458116 -0.011557 -0.086443 0.026194 0.110890
-0.043424 -0.204902 0.008284 0.444830 -0.030241 0.277072 0.112026 0.034963 0.226986 0.211045 0.117186 0.435915 0.241175 0.579126 0.597901 1.000000 -0.282346 0.024100 -0.301901 -0.248728 0.174863 -0.011766 0.331422 0.218843 0.193837 0.197833 0.259068 0.503901 -0.158524 0.136960 0.115368 0.129465 -0.283479 -0.277223 0.128440 0.005465 0.572487 0.268431 0.132564 0.109508 0.137342 0.150724 -0.289257 -0.310780 -0.269455 -0.334864 0.272471 -0.308026 -0.241566 -0.141169 0.078263 0.000086 0.212297 0.039312 0.077360 0.085024 -0.175642 -0.370490 -0.169345 -0.212543 -0.061851 -0.014152 -0.260812 -0.186936 0.066582 0.069445 -0.355597 -0.351550 -0.155755 -0.152964 0.009607 0.223479 0.073404 -0.147841 0.202688 0.095900 0.064458 -0.089534 -0.124673 0.140600 -0.155677 -0.116460 0.119956 0.538213 0.514056 0.487503 0.186461 0.130312 0.250114 0.419668 -0.246077 -0.301315 -0.108079 -0.022291 0.090422 -0.015864 -0.042193 -0.107647 -0.288514 -0.319627 0.039926 -0.162550 -0.177942 -0.248839 -0.166323 -0.208816 0.052617 0.014107 -0.048166 -0.141974 -0.021411 -0.338136 -0.047571 -0.085468 -0.099002 0.039391
-0.020825 0.276696 -0.299200 -0.240132 -0.079289 -0.170310 -0.159229 -0.138053 -0.095775 -0.074327 0.274837 -0.126930 0.138281 -0.035828 -0.279527 -0.282346 1.000000 0.521720 0.221493 0.289448 -0.134359 0.099193 -0.367164 -0.401133 -0.224928 -0.347128 -0.539422 -0.578083 0.574751 0.371637 -0.054572 -0.074355 0.209008 0.274092 0.059361 0.000140 -0.269183 -0.088397 -0.128117 -0.089855 -0.201158 -0.120149 -0.035834 0.087309 0.206369 0.210444 -0.344439 -0.036556 -0.035141 0.065729 -0.266722 -0.204599 -0.385223 -0.300771 -0.223017 -0.250977 0.270172 0.394908 -0.102001 -0.221026 0.087135 -0.008478 0.516097 0.238768 0.027859 -0.046634 -0.011725 -0.051984 0.160492 0.148138 0.091698 -0.004240 0.375491 0.283005 0.100561 0.212196 0.118079 0.142352 0.521167 0.390924 0.667500 0.571022 -0.176205 -0.007095 -0.319960 -0.316793 -0.004444 -0.072718 -0.291955 -0.372424 0.002645 -0.091571 0.100016 -0.028237 -0.004357 -0.146031 -0.213030 -0.088033 0.007553 0.041402 -0.033277 0.319131 0.185583 0.326314 0.131174 0.022158 -0.039770 -0.096130 -0.144037 -0.036460 -0.215179 0.149810 -0.124676 0.133052 0.044444 0.090523
-0.104981 0.121345 -0.217576 -0.020599 -0.281908 -0.288720 0.033118 0.067166 -0.070156 -0.167660 0.390878 0.288475 0.228530 0.307748 -0.021459 0.024100 0.521720 1.000000 -0.023296 0.065940 -0.011873 -0.138778 -0.200158 -0.268716 -0.275180 -0.091528 -0.397095 -0.232997 0.478514 0.379240 -0.101515 0.138619 0.009805 0.130934 0.063317 -0.058831 -0.018611 -0.015626 -0.262294 -0.114815 -0.148726 -0.175704 -0.165423 0.019950 0.188205 0.094732 -0.154863 -0.132266 -0.048437 0.140981 -0.072847 -0.004903 -0.278160 -0.270954 -0.282115 -0.214310 -0.077741 -0.014594 -0.164869 -0.219942 0.162936 0.128108 0.382516 0.229471 0.098585 0.067934 -0.087187 -0.191487 -0.027779 -0.104612 -0.073605 0.078915 0.300517 0.095001 0.136368 0.134930 0.013129 0.021730 0.345845 0.437471 0.374216 0.483278 -0.160865 0.073508 -0.120352 -0.102899 0.084395 -0.118312 -0.124001 -0.212859 -0.110578 -0.165742 0.051996 -0.140342 -0.017945 -0.207682 -0.229050 -0.142617 -0.073007 -0.162587 0.077430 0.056204 -0.003157 0.065265 -0.022694 -0.125838 -0.083921 -0.149823 -0.290441 -0.146032 -0.103158 -0.096302 -0.146906 -0.182987 0.023881 -0.076067
0.317968 0.374371 -0.218948 -0.249544 0.093613 -0.099825 -0.196555 -0.542375 -0.132992 -0.217556 -0.104873 -0.421280 -0.070963 -0.407094 -0.094744 -0.301901 0.221493 -0.023296 1.000000 0.777915 -0.236717 -0.050114 -0.392123 -0.435603 -0.271905 -0.507533 -0.276776 -0.378696 0.263761 0.188701 -0.092065 -0.337887 0.450726 0.179464 -0.150600 -0.313881 -0.083471 0.152448 0.081263 0.048839 -0.011607 0.067373 0.158023 0.172370 0.006280 -0.036413 -0.019703 0.127834 -0.015152 -0.095222 -0.302924 -0.241108 -0.129457 -0.070705 0.014609 0.071828 0.243915 0.402165 -0.049615 0.085018 -0.031578 -0.171249 0.344909 0.130856 -0.180967 -0.462910 0.259767 -0.159466 0.565977 0.242860 0.036316 -0.243704 0.180193 0.224721 0.102260 0.090350 0.278266 0.301828 0.054752 -0.022602 0.185035 0.215527 0.045232 -0.035036 -0.244598 -0.322317 -0.043861 -0.090830 -0.117389 -0.235232 -0.001260 0.150126 -0.310765 -0.083533 0.010610 0.095549 -0.088671 0.028991 0.121464 0.339122 -0.271900 0.109746 0.081718 0.070516 0.036346 0.191460 0.102415 0.171934 -0.033976 0.201495 0.001688 0.356470 0.001409 0.154588 0.198208 0.295302
0.266435 0.538244 -0.404298 -0.223083 -0.041310 -0.181295 -0.394748 -0.543076 -0.253348 -0.334687 -0.201042 -0.385079 -0.222949 -0.388299 -0.108144 -0.248728 0.289448 0.065940 0.777915 1.000000 -0.175450 -0.084246 -0.463363 -0.457118 -0.327661 -0.485853 -0.278485 -0.455824 0.262597 0.266173 -0.246500 -0.355192 0.446151 0.186597 -0.213293 -0.368112 -0.048514 0.335258 0.139933 0.136447 0.025527 0.190046 0.373681 0.347392 0.118995 0.046033 0.174401 0.230749 0.002100 0.032692 -0.307724 -0.135930 -0.077882 0.048155 0.071174 0.142548 0.263743 0.533581 -0.196129 0.139587 -0.179766 -0.117519 0.259086 0.107341 -0.382837 -0.507434 0.140251 -0.174921 0.542994 0.408765 -0.023576 -0.338384 0.161331 0.230454 0.082271 -0.105509 0.211866 0.294843 0.019272 0.015715 0.115042 0.179743 0.154680 0.048481 -0.329384 -0.328366 -0.160893 -0.203275 -0.251950 -0.253298 -0.006046 0.106745 -0.372685 -0.319460 0.118702 0.125173 -0.082743 0.032302 0.183355 0.312228 -0.295333 0.026748 0.023346 -0.057177 -0.123736 0.261980 0.190017 0.341847 0.048330 0.170511 -0.048546 0.427470 0.101599 0.049925 0.276200 0.336872
-0.310343 -0.105644 -0.064769 0.176616 -0.148962 -0.024431 -0.021513 0.146630 -0.112218 0.006446 -0.124472 0.071643 -0.227954 0.152421 -0.022492 0.174863 -0.134359 -0.011873 -0.236717 -0.175450 1.000000 0.273152 0.074972 0.099508 0.302242 0.372536 0.361866 0.214854 -0.052388 -0.071237 0.279889 0.299700 -0.321602 -0.301729 -0.267273 -0.104013 0.309010 0.093275 -0.123716 0.004052 -0.176173 -0.025467 0.029091 0.131758 0.075450 0.041320 0.164294 0.209008 -0.082231 0.112364 0.087134 0.129616 0.010294 0.035239 -0.151469 -0.069989 -0.174527 -0.096318 -0.290845 -0.116570 -0.337307 -0.278114 -0.309796 -0.262000 -0.214629 -0.066201 -0.243163 -0.011395 -0.002486 -0.101801 0.339435 0.445424 0.058492 0.050841 0.056314 0.184746 0.085097 0.219502 0.095950 0.191630 0.023991 0.094455 -0.138108 0.041175 0.134400 0.167141 -0.010691 0.064416 0.052354 0.064815 0.150000 0.114298 0.032160 0.106842 -0.101565 -0.128603 0.069224 -0.172928 0.033681 -0.001349 0.081131 0.062830 -0.070437 0.052893 -0.000011 0.006428 -0.043121 -0.155268 0.074249 -0.022189 0.098285 -0.098638 0.094062 0.032296 0.126076 -0.111143
-0.172811 -0.176073 -0.006414 -0.252808 0.220071 0.423722 -0.197171 -0.280404 -0.024734 0.049478 -0.228522 -0.251511 -0.151819 -0.180984 0.115914 -0.011766 0.099193 -0.138778 -0.050114 -0.084246 0.273152 1.000000 0.144250 0.110751 0.364833 0.043750 0.137139 0.119452 -0.073917 0.077336 0.215045 -0.119443 -0.047953 -0.040773 0.202309 0.000547 0.228663 0.108789 0.388252 0.167110 0.046171 0.101304 -0.170941 -0.040548 -0.233156 -0.002157 -0.256903 -0.146544 -0.137186 -0.300274 0.085107 -0.300222 -0.252136 -0.223884 0.129122 -0.085986 0.059530 0.037324 -0.024960 -0.277119 -0.259922 -0.458856 -0.054492 -0.298739 0.020249 -0.046592 -0.141580 0.123308 -0.067704 -0.087142 0.337330 0.156184 0.280365 0.169751 0.033806 0.197232 0.173114 0.118347 0.210043 0.196393 0.297469 0.200942 -0.282667 -0.231786 0.276370 0.418071 0.026214 0.086787 0.234481 0.153599 -0.023181 -0.201895 -0.066930 0.118145 0.041766 0.008740 -0.184332 -0.270160 -0.396550 -0.300729 -0.305713 0.185077 -0.018395 0.120683 0.145587 0.265103 0.069380 0.118403 -0.088472 0.112719 -0.252554 -0.237630 -0.184006 -0.094499 -0.003234 0.001933
-0.050378 -0.495549 0.602702 0.150220 0.251832 0.113814 0.481170 0.077049 0.303869 0.076580 0.009451 0.239301 0.261978 0.147403 0.484967 0.331422 -0.367164 -0.200158 -0.392123 -0.463363 0.074972 0.144250 1.000000 0.706672 0.396279 0.276479 0.348162 0.489402 -0.319027 -0.292199 0.400662 0.329682 -0.199595 0.002233 0.286961 0.094185 0.169206 -0.148125 0.239864 0.169659 0.300818 0.134738 -0.294457 -0.337508 -0.360901 -0.275545 -0.060611 -0.193053 -0.204540 -0.260232 0.301567 -0.120267 0.095250 0.052602 0.102422 0.051380 -0.203771 -0.475661 0.076050 -0.436224 -0.051985 -0.165537 -0.333346 -0.276110 0.498813 0.165796 -0.278719 -0.022631 -0.410715 -0.306110 -0.118602 0.163258 -0.192301 -0.287280 -0.012427 -0.083031 -0.264305 -0.377752 -0.078247 -0.145240 -0.332198 -0.375098 0.263381 0.134565 0.502136 0.332565 0.398813 0.329887 0.526974 0.356814 -0.024614 -0.033954 0.065130 0.419012 -0.017061 0.070652 0.216777 -0.119399 -0.227714 -0.309628 -0.128684 -0.083539 -0.433630 -0.185549 -0.214252 -0.191964 -0.136508 -0.076729 0.151460 -0.350772 0.052153 -0.379045 -0.088003 -0.088673 -0.150684 -0.246181
-0.020831 -0.347792 0.411302 0.260122 0.070724 0.028296 0.336601 0.189438 0.052561 -0.017408 -0.081857 0.196395 0.039287 0.114118 0.249028 0.218843 -0.401133 -0.268716 -0.435603 -0.457118 0.099508 0.110751 0.706672 1.000000 0.213630 0.294327 0.364495 0.456781 -0.424282 -0.370373 0.280210 0.283436 -0.019152 0.196382 0.118131 0.133135 0.173947 -0.189753 0.174973 0.258071 0.408467 0.252906 -0.227326 -0.294697 -0.327442 -0.196092 -0.032252 0.007593 -0.212271 -0.140896 0.056246 -0.105154 0.079645 0.066983 0.082158 0.145055 -0.097908 -0.388616 -0.044640 -0.277889 -0.055288 -0.110916 -0.211419 -0.043104 0.311703 0.150877 -0.250020 0.098473 -0.495030 -0.393087 -0.144792 0.280897 -0.297120 -0.230021 0.052475 -0.056754 -0.228036 -0.320706 -0.145966 -0.210681 -0.402423 -0.421792 0.249673 0.217548 0.358158 0.284771 0.274204 0.455051 0.386301 0.329106 0.070625 -0.020793 0.211681 0.304555 -0.133394 0.194379 0.410015 -0.149675 -0.067212 -0.175532 -0.162901 -0.043782 -0.467097 -0.192055 -0.316528 -0.061013 0.013817 -0.061774 0.340884 -0.408179 0.191732 -0.251294 -0.063041 0.058717 -0.093651 -0.330870
-0.486388 -0.518431 0.156815 -0.005806 0.276968 0.232788 0.071009 -0.001933 0.188560 0.369022 -0.187916 -0.055534 -0.070068 0.088449 0.210319 0.193837 -0.224928 -0.275180 -0.271905 -0.327661 0.302242 0.364833 0.396279 0.213630 1.000000 0.536832 0.283812 0.275349 -0.087815 -0.190673 0.477082 0.354221 -0.408183 -0.275867 0.215239 0.303132 0.200323 -0.102073 -0.007288 -0.216408 -0.123209 -0.084201 0.024390 0.070578 -0.014182 0.150149 0.052482 0.115871 -0.162091 -0.077580 0.243839 -0.027623 -0.125852 -0.132958 -0.118669 -0.014778 -0.402341 -0.381592 -0.143068 -0.324099 -0.395872 -0.466916 -0.346190 -0.434939 0.107655 0.193987 -0.247864 0.257847 -0.140986 -0.283573 0.337981 0.322613 0.127623 -0.036302 0.102818 0.267583 0.102606 0.040388 0.053633 0.042429 0.032355 -0.006925 -0.185192 -0.146252 0.396105 0.407154 0.324690 0.125143 0.099685 -0.014639 0.103384 -0.047548 0.059283 0.162997 0.027673 -0.186752 0.086864 -0.029398 -0.002192 -0.230893 0.172249 0.005649 -0.097462 0.063314 0.288030 -0.022781 -0.211044 -0.355574 -0.015847 -0.085427 -0.009037 -0.147968 -0.076962 0.031029 -0.022266 -0.152687
-0.546156 -0.490433 0.079008 0.309102 -0.276280 -0.047270 0.062049 0.444379 0.032785 0.132874 -0.185043 0.187205 -0.183834 0.269547 0.130192 0.197833 -0.347128 -0.091528 -0.507533 -0.485853 0.372536 0.043750 0.276479 0.294327 0.536832 1.000000 0.325900 0.476655 -0.147966 -0.244171 0.322047 0.691882 -0.583408 -0.338780 0.065261 0.301036 0.132991 -0.177699 -0.287378 -0.268748 -0.207521 -0.214464 0.067433 0.141221 0.146048 0.271186 0.162750 0.125810 -0.121586 0.133597 0.255074 0.183848 -0.093537 -0.051158 -0.278300 -0.167754 -0.547668 -0.522207 -0.282515 -0.235372 -0.369196 -0.269358 -0.477330 -0.445073 0.122996 0.370837 -0.333638 0.290835 -0.257678 -0.333454 0.235243 0.410255 -0.100756 -0.132090 -0.147130 0.125077 -0.058717 0.071670 0.034832 0.002929 -0.090002 -0.045974 -0.136116 -0.098675 0.342966 0.434810 0.133059 0.079328 -0.023143 -0.036612 0.057845 0.017675 0.300660 0.013959 -0.011414 -0.289541 0.088975 0.016069 0.062987 -0.162480 0.375912 -0.120800 0.039082 0.077512 0.277066 -0.002091 -0.204238 -0.462513 -0.083317 -0.086063 -0.024136 -0.068340 0.027103 0.055048 0.070591 -0.147480
-0.048798 -0.174765 0.224488 0.373801 0.090293 0.319987 0.081254 0.140616 -0.012510 -0.001343 -0.255258 0.006232 -0.216640 -0.035307 0.089276 0.259068 -0.539422 -0.397095 -0.276776 -0.278485 0.361866 0.137139 0.348162 0.364495 0.283812 0.325900 1.000000 0.691261 -0.436248 -0.314405 -0.022533 0.051754 -0.224311 -0.177338 0.007473 0.107490 0.279230 -0.031357 0.192787 0.107852 -0.010702 -0.015703 0.054795 0.000635 -0.171030 -0.054072 0.295630 0.134081 -0.073311 -0.015324 0.140875 0.071315 0.150223 0.205470 0.121896 0.177357 -0.084057 -0.201844 0.003204 0.127044 -0.165355 -0.035991 -0.400792 -0.264755 -0.052456 0.035917 0.003197 0.169038 -0.067109 -0.079229 -0.093744 0.027399 -0.279802 -0.307039 -0.327240 -0.165459 -0.064684 -0.068441 -0.250069 -0.241112 -0.409331 -0.399901 0.164577 -0.022136 0.205431 0.221277 0.059433 0.101512 0.425334 0.439853 0.107262 0.037549 -0.064254 0.100051 -0.185658 0.046461 0.122719 -0.024660 -0.031180 -0.092207 0.058096 0.010522 -0.083111 -0.109596 -0.059831 -0.038783 -0.013175 -0.032585 0.195803 0.081438 0.073557 -0.181482 0.067715 0.028980 0.009943 0.013231
0.021468 -0.297324 0.257265 0.438395 0.029031 0.347343 0.144248 0.179941 0.172467 0.172644 -0.100119 0.246118 -0.021487 0.272807 0.394144 0.503901 -0.578083 -0.232997 -0.378696 -0.455824 0.214854 0.119452 0.489402 0.456781 0.275349 0.476655 0.691261 1.000000 -0.459276 -0.265154 0.029648 0.138062 -0.343005 -0.246364 0.214759 0.123249 0.400469 -0.041285 0.228017 0.156117 0.140855 0.079393 -0.239376 -0.272130 -0.407697 -0.281658 0.196448 -0.169566 -0.166212 -0.222968 0.174411 0.003774 0.220660 0.123944 0.110603 0.077713 -0.060299 -0.399562 0.039939 -0.084289 -0.022081 0.001023 -0.460384 -0.276999 0.203250 0.183760 -0.143880 -0.082473 -0.156734 -0.207593 -0.086888 0.181324 -0.228685 -0.237305 -0.135605 -0.013028 0.017913 -0.056694 -0.192860 -0.098578 -0.353045 -0.363776 0.132904 0.215770 0.425580 0.472550 0.086661 0.098350 0.604024 0.539747 -0.079542 -0.192790 0.002555 0.059043 -0.040023 0.058788 0.060054 -0.103030 -0.236172 -0.267559 -0.012831 -0.135461 -0.152336 -0.196741 -0.087256 -0.158912 -0.096925 -0.064106 0.089748 -0.018131 -0.014756 -0.375014 0.067573 -0.099679 -0.010586 0.030624
-0.143097 0.056425 -0.178917 -0.171670 -0.097101 -0.366385 0.044204 -0.121466 -0.072919 -0.174780 0.278459 0.094663 0.214393 0.081118 -0.028128 -0.158524 0.574751 0.478514 0.263761 0.262597 -0.052388 -0.073917 -0.319027 -0.424282 -0.087815 -0.147966 -0.436248 -0.459276 1.000000 0.559136 0.162841 0.277660 0.153040 0.204002 0.016927 -0.042142 -0.073257 -0.106970 -0.359403 -0.355007 -0.269515 -0.321195 -0.024627 0.198373 0.396583 0.338394 -0.143174 -0.033898 0.093449 0.258152 -0.103272 0.011221 -0.316482 -0.339055 -0.312413 -0.189779 -0.167088 0.024053 -0.305822 -0.249140 -0.009129 -0.122337 0.492108 0.177036 -0.016001 -0.119482 0.009936 -0.082678 0.029035 -0.185576 0.133030 0.009054 0.737150 0.202367 0.163070 0.295015 0.238586 0.115127 0.629200 0.527035 0.602322 0.641949 -0.120929 -0.038034 -0.122647 -0.227498 0.189563 0.004803 -0.463639 -0.570159 -0.111177 -0.199006 -0.205111 -0.119781 -0.019420 -0.382163 -0.244247 -0.063544 -0.004380 -0.069004 0.080987 0.078801 0.145921 0.176787 0.154569 -0.219240 -0.030076 -0.291037 -0.169452 -0.141933 -0.351619 0.031008 -0.232919 0.043951 0.018120 0.034776
-0.055195 0.111865 -0.318941 -0.080405 -0.201498 -0.052526 -0.162689 -0.252293 -0.182064 -0.165025 0.066118 0.091860 0.034334 0.061050 0.102208 0.136960 0.371637 0.379240 0.188701 0.266173 -0.071237 0.077336 -0.292199 -0.370373 -0.190673 -0.244171 -0.314405 -0.265154 0.559136 1.000000 -0.007697 -0.036423 0.106771 -0.002000 0.104620 -0.195670 0.198608 0.255361 0.008729 -0.082374 -0.050918 -0.000149 0.073577 0.172154 0.223535 0.155700 0.123730 -0.101117 0.067229 0.188339 -0.065687 0.079917 -0.048991 -0.075519 0.088723 -0.018623 -0.030233 0.051822 -0.369567 -0.167324 -0.074473 -0.031262 0.381822 0.111812 -0.172015 -0.238410 -0.138325 -0.317705 -0.023616 -0.100557 0.078873 -0.120225 0.571386 0.326443 0.189553 0.050646 0.227138 0.058516 0.315001 0.561579 0.377965 0.506158 -0.095975 0.119909 0.014853 0.044251 -0.054358 -0.071599 -0.225718 -0.225343 -0.317526 -0.328725 -0.302042 -0.442975 0.220989 -0.112837 -0.324506 0.073787 -0.142073 -0.131544 -0.123827 -0.018904 0.065990 0.055457 0.043845 -0.142803 0.015329 0.070226 -0.380717 0.146737 -0.254584 -0.085314 -0.254820 -0.133387 0.034558 0.240446
-0.362328 -0.349383 0.278209 0.053418 0.001787 0.021756 0.331739 0.140288 0.101901 0.146135 -0.135658 0.101628 0.025607 0.122384 0.194810 0.115368 -0.054572 -0.101515 -0.092065 -0.246500 0.279889 0.215045 0.400662 0.280210 0.477082 0.322047 -0.022533 0.029648 0.162841 -0.007697 1.000000 0.638087 -0.163235 0.094237 0.058313 0.196354 0.116730 -0.259713 -0.225180 -0.194769 -0.029138 -0.170119 -0.260879 -0.143902 0.020049 0.129508 -0.176854 -0.046738 -0.252940 -0.022881 -0.014227 -0.086792 -0.215032 -0.275902 -0.313584 -0.120232 -0.373345 -0.321098 -0.351927 -0.478050 -0.338014 -0.407252 -0.039022 -0.150045 0.199251 0.159054 -0.361331 0.124225 -0.224571 -0.346679 0.326492 0.536845 0.205408 0.142027 0.192911 0.364296 0.065930 -0.002622 0.272428 0.223191 0.187380 0.146143 -0.022712 0.073219 0.327787 0.176980 0.458615 0.209310 -0.145676 -0.257293 0.036754 -0.047300 0.091175 0.202572 -0.124735 -0.157408 0.154215 -0.139756 -0.113362 -0.078033 0.009687 0.066111 -0.112156 0.098526 0.062521 -0.075898 -0.023994 -0.334749 -0.007990 -0.410843 -0.003909 -0.020872 -0.184945 0.220152 -0.060301 -0.247037
-0.541193 -0.408075 0.150152 0.273733 -0.313963 -0.316519 0.319804 0.439365 -0.037306 -0.058104 -0.070898 0.333464 0.017264 0.334020 0.098948 0.129465 -0.074355 0.138619 -0.337887 -0.355192 0.299700 -0.119443 0.329682 0.283436 0.354221 0.691882 0.051754 0.138062 0.277660 -0.036423 0.638087 1.000000 -0.341685 0.061677 0.004977 0.252532 -0.024098 -0.344999 -0.502413 -0.314483 -0.191880 -0.347302 -0.042900 0.098281 0.300090 0.332240 0.021067 0.124037 -0.142554 0.261549 0.122566 0.152327 -0.234896 -0.172239 -0.455430 -0.125178 -0.581356 -0.454240 -0.453215 -0.448609 -0.318626 -0.271166 -0.098478 -0.191318 0.258781 0.332221 -0.364874 0.204511 -0.286325 -0.422489 0.096904 0.475417 0.088679 -0.130132 -0.047745 0.179628 -0.152093 -0.066020 0.347260 0.202226 0.108056 0.162275 -0.042622 0.032894 0.261361 0.147028 0.411517 0.164823 -0.246102 -0.344474 0.002288 -0.034222 0.224769 0.031916 -0.204093 -0.394578 0.160535 -0.069982 0.093860 -0.128825 0.300157 -0.077815 -0.097499 0.103672 0.146950 -0.171139 -0.166411 -0.552773 -0.068093 -0.390553 -0.081700 0.011623 -0.133836 0.166580 0.004717 -0.290391
0.334708 0.305300 -0.063941 -0.196636 0.026475 -0.075576 -0.072783 -0.272332 -0.283814 -0.310729 -0.089706 -0.390516 -0.147480 -0.459838 -0.297943 -0.283479 0.209008 0.009805 0.450726 0.446151 -0.321602 -0.047953 -0.199595 -0.019152 -0.408183 -0.583408 -0.224311 -0.343005 0.153040 0.106771 -0.163235 -0.341685 1.000000 0.755346 -0.085407 -0.179036 -0.057543 0.117170 0.281574 0.348232 0.365116 0.315547 -0.034197 -0.012812 -0.182618 -0.105045 -0.068985 0.053932 -0.105878 -0.094407 -0.501432 -0.408071 -0.173446 -0.205877 0.059100 0.100281 0.386471 0.356347 0.148836 0.087387 0.264632 0.107892 0.551602 0.413573 -0.162954 -0.257200 0.475967 0.069621 0.162905 0.027015 -0.319173 -0.267125 0.096318 -0.006901 0.191687 -0.145341 0.004529 -0.114265 0.013325 -0.043114 0.003916 -0.047395 0.206515 0.082913 -0.326613 -0.352126 -0.022876 0.100274 -0.147450 -0.091906 -0.159689 -0.149649 -0.254336 -0.034730 -0.116573 0.323614 0.259619 0.020320 0.081004 0.208106 -0.384750 -0.013850 -0.113707 -0.124735 -0.430534 -0.002528 0.229592 0.336366 0.415109 0.012999 0.116135 0.248023 -0.015155 0.065466 -0.166386 -0.111674
0.023983 0.117922 0.079533 -0.006812 0.007973 -0.075129 0.118815 0.089715 -0.246052 -0.290402 -0.143339 -0.207427 -0.119605 -0.252952 -0.324190 -0.277223 0.274092 0.130934 0.179464 0.186597 -0.301729 -0.040773 0.002233 0.196382 -0.275867 -0.338780 -0.177338 -0.246364 0.204002 -0.002000 0.094237 0.061677 0.755346 1.000000 0.043175 0.159814 -0.211398 -0.176997 0.105997 0.254178 0.263418 0.119790 -0.170849 -0.096621 -0.103486 0.063448 -0.264324 0.040556 -0.248933 -0.048784 -0.470528 -0.454359 -0.403453 -0.366356 -0.155881 0.026147 0.169378 0.198909 0.003509 -0.136561 0.168901 0.057213 0.542846 0.444597 0.092626 0.113925 0.249708 0.287416 -0.085821 -0.194280 -0.353990 -0.141494 0.025836 -0.118685 0.039915 -0.091165 -0.180123 -0.173249 0.142421 -0.078610 0.114235 0.024652 0.115345 0.097329 -0.318625 -0.344756 0.109983 0.098267 -0.188279 -0.244752 -0.043803 -0.140716 0.084664 0.004531 -0.208455 0.182945 0.308225 -0.053650 0.078595 0.072219 -0.270013 0.076099 -0.161128 -0.010732 -0.317541 -0.005698 0.099758 0.061378 0.368383 -0.190285 0.102885 0.178325 -0.213029 0.134966 -0.076588 -0.174904
-0.015096 -0.245342 0.151178 0.052119 0.194576 0.238643 0.078843 -0.062878 0.147414 0.103408 0.010948 0.012726 0.231237 0.104605 0.220691 0.128440 0.059361 0.063317 -0.150600 -0.213293 -0.267273 0.202309 0.286961 0.118131 0.215239 0.065261 0.007473 0.214759 0.016927 0.104620 0.058313 0.004977 -0.085407 0.043175 1.000000 0.382736 0.079960 -0.064665 0.129127 -0.090195 0.020344 -0.093666 -0.289621 -0.263424 -0.234894 0.024543 -0.264458 -0.393657 -0.226364 -0.247834 0.155629 -0.295945 -0.227916 -0.252570 0.036690 -0.215242 -0.000478 -0.178817 0.109571 -0.345141 0.038431 -0.123565 0.004877 -0.137154 0.374436 0.223182 -0.021120 0.154266 -0.154497 -0.165506 0.010562 -0.003854 0.183967 -0.050100 0.043451 0.198880 0.098145 -0.022326 0.113475 0.081375 0.102668 0.079614 -0.182820 -0.055706 0.277452 0.281348 0.158264 0.054065 0.257504 0.087993 -0.145985 -0.349876 0.114485 0.083008 0.160545 -0.049408 -0.166227 -0.011953 -0.327805 -0.376145 -0.111659 0.132010 -0.103801 0.094628 0.169711 -0.110081 -0.150846 -0.149594 -0.225048 -0.057959 -0.183807 -0.429232 -0.125148 -0.194101 0.016385 0.115015
-0.329077 -0.357304 0.091541 0.094965 0.077365 0.186987 0.087870 0.296003 0.050373 0.110015 -0.111229 -0.039435 -0.022713 0.105527 -0.118027 0.005465 0.000140 -0.058831 -0.313881 -0.368112 -0.104013 0.000547 0.094185 0.133135 0.303132 0.301036 0.107490 0.123249 -0.042142 -0.195670 0.196354 0.252532 -0.179036 0.159814 0.382736 1.000000 -0.152370 -0.291260 -0.093356 -0.178489 -0.148716 -0.253099 -0.148511 -0.041310 0.148231 0.420595 -0.255038 0.064137 -0.148654 0.120912 0.001425 -0.198124 -0.300240 -0.349383 -0.246440 -0.136993 -0.191712 -0.221955 0.067514 -0.130990 -0.045658 -0.075054 0.051230 -0.029382 0.137595 0.419493 0.055086 0.507956 -0.225956 -0.250368 0.009227 0.064329 -0.011273 -0.134573 -0.018326 0.069381 -0.145016 -0.035856 -0.059376 -0.154555 0.042921 -0.015251 -0.131512 -0.168161 0.071254 0.048497 0.174274 0.134356 -0.011164 -0.081407 -0.047449 -0.094818 0.336194 0.007714 -0.133779 -0.176530 0.123149 0.004667 0.076072 -0.143721 0.145217 0.044772 0.028159 0.108148 0.238768 -0.018078 -0.272720 -0.319945 0.022806 0.031251 0.249904 0.022825 -0.130751 0.065435 -0.076395 -0.125656
