1.000000 0.498609 -0.102206 -0.010628 -0.014522 -0.029484 0.118386 -0.006419 -0.202060 -0.198206 0.525316 0.203657 0.421228 0.167407 0.118130 0.032335 0.419087 -0.235309 0.031626 0.258426 0.237720 0.075788 0.032774 -0.053499 -0.376678 -0.087908 0.041151 0.012315 -0.049476 -0.218271 -0.220770 -0.176131 -0.083021 -0.049762 -0.210054 -0.249149 -0.145024 -0.064763 -0.095689 0.104126 0.165479 0.167817 -0.224489 -0.261483 -0.279386 -0.451409 -0.169962 -0.245203 0.064802 -0.145926 -0.148722 -0.031781 0.083103 -0.022212 -0.144968 -0.120930 0.685003 0.361356 0.342047 0.181583 0.316865 0.349978 0.412434 0.332193 -0.132440 -0.086301 0.037055 -0.321922 0.271749 0.037995 0.042794 0.163084 -0.034274 -0.006754 -0.063113 0.067330 -0.086095 -0.100351 -0.241329 -0.182271 -0.037507 -0.115870 0.257973 -0.007820 -0.409397 -0.274386 0.148297 0.129176 0.311784 0.026543 0.101871 0.067208 -0.053697 -0.081033 0.058184 -0.201971 -0.277096 -0.215587 -0.123229 -0.023507 -0.133640 -0.246445 -0.364161 -0.252876 -0.376807 0.068384 0.447847 0.270967 -0.135441 0.092275 -0.020134 -0.063457 -0.247795 -0.262481 -0.205798 0.008695
0.498609 1.000000 -0.304834 0.020159 -0.049481 0.119803 -0.164144 0.021643 -0.246545 -0.156101 0.200275 0.235465 0.136924 0.173155 0.020347 0.091833 0.341522 0.107737 -0.294294 0.383083 0.129167 0.027928 -0.240397 -0.207492 -0.167055 -0.126538 0.126893 -0.014263 -0.003651 0.082348 -0.336172 -0.247639 -0.121840 0.070221 -0.189636 -0.069674 -0.247234 -0.047789 -0.249753 0.018878 0.107987 0.137562 -0.295808 -0.197751 -0.368691 -0.234910 -0.346328 -0.226291 -0.274020 -0.178033 -0.264129 -0.183730 -0.105031 -0.228740 -0.464572 -0.474350 0.405874 0.784838 0.083728 0.408699 0.033721 0.392970 0.328748 0.556455 -0.087527 0.054773 0.008353 -0.167266 0.463849 0.404838 -0.063356 0.073102 0.072923 0.233245 0.111761 0.238101 0.081579 0.146836 -0.020051 0.204970 0.276259 0.190595 0.140933 0.176924 -0.244059 -0.180075 0.120870 -0.003046 0.052616 -0.076538 0.065265 -0.018569 0.021812 -0.050906 0.038874 -0.031911 -0.326730 -0.033228 -0.157019 -0.135097 -0.120512 0.032717 -0.101903 -0.069183 -0.160297 -0.091941 0.266622 0.180414 -0.118501 0.125610 -0.011165 0.143541 -0.079952 -0.064894 -0.140653 -0.127035
-0.102206 -0.304834 1.000000 0.160892 0.372333 0.086275 0.630378 0.334437 0.131880 0.009434 -0.026767 0.023496 0.131073 0.030408 -0.009708 -0.015595 -0.129655 -0.284120 0.290185 -0.204887 -0.046512 -0.114983 0.559589 0.119393 0.180994 0.171075 0.066558 0.189647 -0.088299 -0.174652 0.085310 0.088603 0.049169 -0.053383 0.136668 0.118886 -0.116329 -0.285702 0.005478 -0.158884 -0.174402 -0.284548 -0.095332 -0.135508 -0.054682 -0.058910 -0.199183 -0.149704 0.108154 -0.234908 0.268575 -0.140945 -0.090981 -0.295989 0.123305 -0.174663 -0.254762 -0.368666 0.342086 -0.058866 0.386402 -0.251963 -0.018446 -0.275906 0.302988 0.240783 0.276085 0.369105 -0.212079 -0.056059 -0.152262 0.002344 -0.090869 -0.035864 0.041928 -0.071335 -0.197621 -0.211013 0.032591 -0.096468 -0.154997 -0.213302 -0.118771 -0.139010 0.030060 -0.050771 -0.095356 0.004728 0.179062 -0.083700 -0.138387 0.110387 0.101123 0.135252 -0.075149 -0.263305 -0.151093 -0.316679 -0.250462 -0.198030 0.026012 0.296266 0.075823 0.209431 0.029132 -0.234013 -0.260163 -0.304827 -0.186810 -0.386823 -0.188235 -0.211370 0.121670 -0.112165 -0.027516 -0.064946
-0.010628 0.020159 0.160892 1.000000 0.302410 0.369784 0.204339 0.707937 0.395667 0.484594 0.049924 0.269523 0.095614 0.333965 0.100738 0.184879 0.051514 0.041106 0.151673 0.101689 0.089865 0.035148 0.136688 0.399313 -0.202416 0.181407 0.016114 0.027472 0.021666 0.010910 0.122930 0.282969 -0.051789 0.063719 -0.107664 -0.024210 -0.338851 -0.290683 -0.290044 -0.044350 -0.071685 -0.238718 -0.211065 -0.264726 -0.258541 -0.090321 -0.142729 -0.248894 -0.277878 -0.190659 -0.166795 -0.219643 -0.223348 -0.189805 -0.310039 -0.297393 -0.028786 -0.185968 -0.142534 -0.088569 0.123536 0.154770 0.007231 -0.095665 0.199887 0.439012 -0.322847 -0.145521 -0.140847 -0.166503 -0.004582 0.094208 -0.135620 -0.071902 -0.004963 -0.009445 -0.161994 -0.182363 0.002410 -0.134916 -0.018839 -0.121085 -0.027119 0.126645 -0.238444 -0.091084 -0.132737 0.009240 0.225443 0.319305 0.182938 0.124418 0.350493 0.010071 -0.226336 -0.253154 -0.368539 -0.273588 -0.141169 -0.140437 -0.099372 -0.040331 0.259502 -0.022291 0.076785 -0.133530 -0.028390 -0.039594 -0.265982 -0.223557 -0.206922 -0.041583 0.240770 0.094120 0.021132 -0.062002
-0.014522 -0.049481 0.372333 0.302410 1.000000 0.349714 0.280434 0.162826 0.497504 0.419825 0.073933 0.096186 0.233173 0.106416 0.264529 0.402862 0.034490 -0.130470 0.203285 -0.028860 0.214386 0.085085 0.095628 0.046273 -0.004343 -0.038011 0.282599 0.176733 0.023285 0.044358 0.047221 -0.060583 -0.326033 -0.289020 0.019325 -0.025454 -0.057566 -0.033825 -0.083647 -0.076068 0.063319 -0.070068 -0.084262 -0.144833 -0.264413 -0.233692 -0.054754 -0.204506 -0.104747 -0.384361 0.083732 -0.269013 -0.130910 -0.281914 -0.015911 -0.227233 -0.029872 -0.143643 0.166358 -0.115435 0.346324 -0.115879 0.079385 -0.057277 0.224609 0.175300 -0.076071 -0.126977 -0.098932 -0.094795 0.114892 0.154417 -0.051702 0.206327 0.088100 0.081871 0.044469 -0.017293 -0.111786 -0.025973 -0.033990 -0.092309 0.140830 0.208654 -0.087528 0.070608 -0.154754 -0.173392 0.287268 0.080019 0.020208 0.133965 0.148875 0.216756 -0.057614 -0.065620 -0.227896 -0.205997 -0.133812 -0.158121 -0.066817 0.043779 0.107529 -0.038153 0.074983 -0.103196 0.076280 0.032123 -0.146694 -0.286369 -0.177666 -0.122016 0.044487 -0.031595 -0.088902 -0.016215
-0.029484 0.119803 0.086275 0.369784 0.349714 1.000000 -0.047810 0.114400 0.127826 0.248306 -0.196165 -0.012814 -0.221352 -0.112718 0.129448 0.183093 -0.148458 0.130603 -0.224407 0.020138 0.230662 0.224412 0.084269 0.243205 0.125940 0.336689 0.486291 0.586422 -0.252579 0.020625 -0.300889 -0.170370 -0.437851 -0.352333 -0.034125 0.032699 -0.274318 -0.007578 -0.258411 0.044688 0.065869 0.064152 0.010360 0.009635 -0.288309 -0.109014 0.042520 -0.026508 -0.154674 -0.225208 0.044734 -0.058876 0.194566 -0.077756 -0.225652 -0.209998 -0.060749 0.103714 0.018898 0.254731 -0.166455 -0.126331 -0.166091 -0.119506 -0.015442 0.013009 -0.081619 -0.042808 0.030370 0.087639 0.186999 0.177356 -0.240249 0.114458 0.025542 0.234143 0.102212 0.172685 -0.081514 0.170037 -0.006223 0.117935 -0.082564 0.206312 -0.142654 0.103094 -0.155299 -0.112183 0.242488 0.217268 0.137051 0.050832 0.233019 0.089948 0.193174 0.175736 -0.044635 0.174569 -0.120557 -0.049738 -0.109889 0.047919 0.073688 -0.114013 0.015763 -0.014211 0.041501 0.077070 -0.029435 -0.006481 -0.104136 0.022033 0.009244 -0.065820 -0.108339 0.002842
0.118386 -0.164144 0.630378 0.204339 0.280434 -0.047810 1.000000 0.363491 0.179578 0.010464 0.190378 0.251916 0.300155 0.278626 0.001097 0.023030 0.052295 -0.229055 0.259978 -0.011621 0.048141 -0.097589 0.565351 0.351886 -0.000065 -0.048496 -0.054545 -0.106541 0.134198 -0.137725 0.242884 0.348220 0.124639 0.173621 0.077317 0.083915 -0.243416 -0.364717 -0.087154 -0.174647 -0.128784 -0.207291 -0.219556 -0.320440 -0.048981 -0.057039 -0.225426 -0.239979 -0.014153 -0.162265 0.059465 -0.164539 -0.248516 -0.124169 -0.067505 -0.182655 -0.093206 -0.245674 0.009129 -0.296902 0.299071 -0.153029 0.124344 -0.088624 0.489501 0.266505 -0.072414 0.063578 -0.221912 -0.093831 -0.023138 0.079193 -0.001750 -0.047703 0.076687 0.059766 -0.110249 -0.289323 -0.031322 -0.196323 -0.190910 -0.307526 0.105466 0.009685 -0.193779 -0.150591 0.081133 0.155051 0.184324 -0.149066 0.037646 0.215904 0.222902 0.240022 -0.056661 -0.392902 -0.307373 -0.554342 -0.104344 -0.120139 0.147054 0.189554 0.048983 0.127197 -0.140739 -0.057819 -0.098408 -0.291724 -0.139215 -0.316139 -0.038721 -0.037404 0.070277 -0.084901 0.067929 0.115533
-0.006419 0.021643 0.334437 0.707937 0.162826 0.114400 0.363491 1.000000 0.142911 0.274797 0.037910 0.340703 0.163390 0.463907 -0.201968 0.049622 0.068861 -0.140674 0.068328 0.097903 -0.016742 -0.182861 0.039194 0.174124 -0.233581 -0.071307 -0.186520 -0.269305 -0.052478 -0.092993 0.123622 0.278128 0.198469 0.264490 -0.321308 -0.085687 -0.329111 -0.356826 -0.213101 -0.088756 -0.099250 -0.201975 -0.156149 -0.166741 -0.113688 0.102793 -0.124377 -0.070955 -0.182851 0.052946 -0.378905 -0.189747 -0.150393 -0.129758 -0.224710 -0.220417 -0.084635 -0.185415 -0.020576 -0.107095 0.219602 0.235411 0.058722 -0.001415 0.003088 0.546880 -0.154680 0.084069 -0.147991 -0.005667 -0.094116 0.073412 -0.056400 -0.075296 0.036361 -0.046395 -0.283584 -0.352810 0.022986 -0.352374 -0.062839 -0.299026 -0.064199 0.028941 -0.400302 -0.220635 -0.072025 0.119978 -0.010414 0.113732 0.230760 0.279745 0.360921 0.025270 -0.257828 -0.406310 -0.441107 -0.376806 0.043161 0.052659 0.142409 0.238333 0.340745 0.226906 0.058516 -0.162296 -0.039841 -0.146871 -0.306548 -0.353802 -0.024622 0.103574 0.445148 0.111601 0.111225 0.022304
-0.202060 -0.246545 0.131880 0.395667 0.497504 0.127826 0.179578 0.142911 1.000000 0.631187 0.012360 0.040432 0.141396 0.135758 0.471388 0.199239 -0.062187 -0.060013 0.222060 -0.072686 -0.016554 -0.011744 -0.055536 0.172426 0.055735 0.105574 0.049473 0.026975 0.057187 0.037565 0.212849 0.057020 -0.171030 -0.105982 0.091233 0.064974 -0.138614 -0.113758 -0.228876 -0.183363 -0.183582 -0.168185 0.104037 0.088836 -0.008924 0.061704 -0.032190 0.010866 -0.077046 -0.142392 0.223615 -0.049728 -0.269504 -0.098989 -0.148051 -0.109265 -0.178330 -0.391300 -0.046551 -0.235091 0.121621 -0.194540 -0.033298 -0.215484 0.341054 0.173246 -0.076829 -0.010049 -0.097919 -0.171387 0.238734 -0.080283 -0.193417 0.095165 0.000363 0.071380 0.000994 0.046381 -0.085566 0.053872 -0.047063 -0.140846 0.065643 -0.028874 -0.004785 0.025770 -0.333006 -0.340055 0.008194 -0.017865 0.032437 0.072287 0.031261 0.203949 -0.161623 0.009460 -0.109317 -0.067887 -0.065645 -0.146230 -0.071970 -0.104804 0.149172 -0.050264 0.038945 -0.184553 -0.078362 -0.044218 -0.079553 -0.087232 -0.185914 -0.129945 0.125443 0.011103 -0.120274 -0.175225
-0.198206 -0.156101 0.009434 0.484594 0.419825 0.248306 0.010464 0.274797 0.631187 1.000000 -0.003109 0.059464 0.021520 0.218074 0.227106 0.405340 -0.017537 0.002456 0.215024 -0.047894 -0.086954 0.057207 -0.172705 0.050163 0.081839 -0.010956 0.038180 -0.041579 -0.015405 0.144214 0.207389 0.007397 -0.105178 -0.139962 0.166327 -0.017750 -0.138566 -0.134483 -0.338735 -0.196002 -0.084329 -0.182657 -0.019242 -0.020005 -0.072579 0.054979 -0.124178 -0.097460 -0.201717 -0.161014 0.033688 -0.117810 -0.244719 -0.152046 -0.072108 -0.099048 -0.100861 -0.328902 -0.117010 -0.174727 0.041094 -0.063969 0.009562 -0.185197 0.307215 0.319263 -0.121197 -0.034129 -0.099205 -0.129383 0.018743 -0.057382 -0.215898 0.075976 -0.004687 0.039885 -0.143356 -0.108772 0.069116 0.092088 0.074452 -0.008355 -0.085443 0.131978 0.069129 0.065601 -0.290460 -0.305896 -0.039241 0.089768 0.096686 0.092645 0.117793 0.116013 -0.132984 0.035581 -0.068118 0.034603 -0.013323 -0.120394 -0.047082 -0.127426 0.211838 -0.038948 0.276064 -0.077675 0.046607 0.084823 -0.059299 -0.119899 -0.245996 -0.188619 0.113764 0.078644 0.012657 0.045052
0.525316 0.200275 -0.026767 0.049924 0.073933 -0.196165 0.190378 0.037910 0.012360 -0.003109 1.000000 0.506374 0.889462 0.562927 0.180228 0.274822 0.731144 -0.094354 0.075170 -0.235339 0.052803 0.083655 0.194937 0.051454 -0.349447 0.083151 -0.305542 -0.198507 0.246918 -0.044279 -0.042506 0.068442 -0.083690 -0.111132 -0.016193 -0.127679 -0.239039 -0.285657 -0.167745 -0.171244 -0.074172 -0.197531 -0.222646 -0.239188 -0.173389 -0.368823 -0.306766 -0.338716 0.197920 -0.172792 0.131055 0.091646 -0.055483 -0.103594 0.041905 -0.024079 0.643144 -0.007029 0.178242 -0.106055 0.471111 0.260845 0.692399 0.316583 0.175826 0.228465 -0.118404 -0.199701 -0.177863 -0.141278 0.043540 0.176227 0.073175 0.037895 0.011720 -0.098785 -0.330192 -0.374473 -0.129217 -0.072434 0.171903 -0.106626 0.317051 -0.257385 -0.255745 -0.304481 -0.089245 0.118904 0.272895 -0.057338 -0.038743 0.147604 -0.024945 0.111878 -0.236633 -0.395032 -0.194474 -0.419493 -0.151303 -0.200450 -0.017773 -0.246792 -0.129430 -0.055900 -0.059438 -0.087737 0.151568 0.080183 -0.178797 -0.229238 -0.253713 -0.271649 -0.159672 -0.115129 -0.045632 -0.055514
0.203657 0.235465 0.023496 0.269523 0.096186 -0.012814 0.251916 0.340703 0.040432 0.059464 0.506374 1.000000 0.609195 0.793140 0.233210 0.501791 0.345409 0.002307 -0.085719 -0.244654 0.023639 0.078773 0.180905 0.161255 -0.220702 0.122065 -0.178112 -0.305168 0.227191 0.174071 0.012458 0.163425 -0.156099 -0.117183 -0.239555 -0.078970 -0.329611 -0.294992 -0.056482 -0.050625 0.023022 -0.069706 -0.158647 -0.215623 -0.145968 -0.171553 -0.181629 -0.273002 0.000212 -0.118485 -0.106569 -0.027098 -0.080184 -0.156077 -0.050141 -0.067145 0.173704 -0.020818 -0.028422 -0.140341 0.314363 0.283101 0.262632 0.152961 0.194898 0.497603 -0.348068 -0.199613 -0.265655 -0.139162 0.047997 0.246906 0.085379 0.109051 0.120973 0.095609 -0.298763 -0.307159 -0.082257 -0.147286 0.000243 -0.214051 0.312882 0.025285 -0.362369 -0.116087 -0.067145 0.158705 0.113546 0.100619 -0.019667 0.126522 0.220574 0.103382 -0.124678 -0.280980 -0.244179 -0.276746 -0.136686 -0.142388 0.056022 -0.021082 0.181280 0.105791 0.004861 -0.045894 -0.063823 -0.143239 -0.141635 -0.167304 -0.117731 -0.136957 -0.004851 0.041737 0.189989 -0.010565
0.421228 0.136924 0.131073 0.095614 0.233173 -0.221352 0.300155 0.163390 0.141396 0.021520 0.889462 0.609195 1.000000 0.684129 0.256192 0.306900 0.649568 -0.168728 0.078232 -0.271239 0.044591 -0.013262 0.191398 0.020661 -0.350516 0.022399 -0.300013 -0.296284 0.290813 -0.044295 -0.006657 0.085385 -0.110296 -0.093948 -0.123955 -0.104977 -0.222583 -0.339050 -0.076164 -0.196114 -0.097730 -0.164877 -0.245898 -0.276999 -0.185018 -0.323370 -0.357738 -0.342772 0.177344 -0.204726 0.056315 -0.006371 -0.169641 -0.235486 0.006943 -0.107159 0.504279 -0.052340 0.272906 -0.158982 0.635194 0.234304 0.650377 0.296934 0.197681 0.346085 -0.086154 -0.120913 -0.172204 -0.083902 0.106854 0.159145 0.130257 0.090653 0.083008 -0.037494 -0.276826 -0.366072 -0.073889 -0.142470 0.155028 -0.216005 0.312167 -0.234861 -0.330839 -0.315144 -0.158149 0.053726 0.199548 -0.147035 -0.047144 0.203277 0.043351 0.172944 -0.268752 -0.408650 -0.264906 -0.461049 -0.182050 -0.197407 -0.024945 -0.113931 -0.093137 0.033673 -0.091733 -0.129464 0.098586 0.008713 -0.169238 -0.284235 -0.209873 -0.213538 -0.044741 -0.043410 -0.035719 -0.069420
0.167407 0.173155 0.030408 0.333965 0.106416 -0.112718 0.278626 0.463907 0.135758 0.218074 0.562927 0.793140 0.684129 1.000000 0.060900 0.415480 0.416679 -0.085475 -0.009628 -0.282144 -0.087713 -0.069514 0.076932 0.073527 -0.189790 0.062544 -0.367777 -0.454237 0.195672 0.037678 0.050842 0.201043 -0.006138 0.066243 -0.171905 -0.005661 -0.397783 -0.464558 -0.212493 -0.267700 -0.167245 -0.218351 -0.215310 -0.189849 -0.022161 -0.048136 -0.284700 -0.239035 0.059637 -0.083728 -0.156023 0.017217 -0.227986 -0.188164 -0.087225 -0.109792 0.201790 -0.100181 0.048427 -0.091318 0.414111 0.424236 0.413213 0.227184 0.181782 0.675740 -0.205086 -0.074299 -0.265496 -0.091659 0.016357 0.158106 0.040959 0.098887 0.126899 0.087621 -0.375747 -0.438669 0.046354 -0.174125 0.111945 -0.230143 0.120991 -0.182493 -0.376261 -0.276294 -0.190868 0.015071 -0.043345 -0.044168 0.039486 0.194973 0.124424 0.081006 -0.343285 -0.400970 -0.268460 -0.405418 -0.071671 -0.177259 0.067936 -0.089454 0.184420 0.116892 0.106992 -0.128838 -0.020893 -0.072701 -0.219736 -0.250546 -0.162804 -0.232326 0.052256 0.042425 0.173367 -0.058503
0.118130 0.020347 -0.009708 0.100738 0.264529 0.129448 0.001097 -0.201968 0.471388 0.227106 0.180228 0.233210 0.256192 0.060900 1.000000 0.405876 0.134070 -0.017654 -0.060725 0.001688 -0.011807 -0.053841 0.080795 0.093825 -0.045435 0.169437 0.209085 0.151532 0.138844 0.110724 -0.095406 -0.201679 -0.320374 -0.266931 0.111486 -0.026591 -0.050304 0.071030 -0.016489 0.040298 0.140682 0.109803 0.017035 -0.094451 -0.283595 -0.219089 -0.045416 -0.141820 0.004758 -0.287938 0.248202 -0.000282 -0.070685 -0.069818 -0.113577 -0.060186 0.108722 -0.007290 0.014705 -0.009318 0.130859 -0.168109 0.020931 -0.124352 0.184470 -0.077000 -0.047014 -0.145764 0.085213 -0.008319 0.188996 -0.097975 -0.074186 0.068904 -0.002767 -0.158377 0.020210 0.146843 -0.234949 -0.000428 -0.051260 -0.093499 0.506311 0.159356 -0.145879 0.007041 -0.249016 -0.187914 0.235494 0.031539 0.009981 -0.003433 0.050667 0.148243 0.028864 0.095509 -0.063176 0.072192 -0.205024 -0.119943 -0.244372 -0.212440 -0.173829 -0.242358 -0.158296 0.097899 0.127253 0.210826 -0.101318 0.038590 -0.075565 -0.077061 -0.147821 -0.125111 -0.202893 -0.122382
0.032335 0.091833 -0.015595 0.184879 0.402862 0.183093 0.023030 0.049622 0.199239 0.405340 0.274822 0.501791 0.306900 0.415480 0.405876 1.000000 0.142793 -0.032763 -0.000576 -0.192072 0.072652 0.237310 0.140069 -0.003537 -0.066197 0.151107 0.016765 0.027187 0.046114 0.310447 0.039523 -0.050593 -0.351875 -0.372295 0.023300 -0.099616 -0.112755 0.098234 -0.050623 0.064713 0.177568 0.095861 0.019653 -0.045146 -0.225266 -0.236754 -0.008473 -0.274418 0.001536 -0.236013 0.092463 -0.007776 -0.032438 -0.178304 0.035388 0.009203 0.165101 -0.061851 -0.025771 -0.060568 0.206271 0.055442 0.078467 -0.089257 0.135105 0.282393 -0.204082 -0.333786 -0.187302 -0.249988 0.061162 0.241136 0.005244 0.256181 0.112946 0.057666 -0.123036 -0.138331 -0.131239 -0.045366 -0.089079 0.015487 0.177579 0.225650 -0.146055 0.177477 -0.276295 -0.074256 0.201077 0.126081 -0.109914 -0.028864 0.063531 0.007723 -0.007738 0.111674 -0.070070 0.027133 -0.282046 -0.223473 -0.166879 -0.272265 0.048931 -0.220143 0.039086 0.012365 0.130155 0.216626 -0.092963 0.012795 -0.287037 -0.305494 -0.067708 -0.056092 0.003270 0.023453
0.419087 0.341522 -0.129655 0.051514 0.034490 -0.148458 0.052295 0.068861 -0.062187 -0.017537 0.731144 0.345409 0.649568 0.416679 0.134070 0.142793 1.000000 0.124686 -0.055293 0.074236 0.119649 -0.061575 -0.086413 -0.090710 -0.295928 -0.206408 -0.168998 -0.284442 0.491209 0.213066 -0.088664 0.029677 -0.002407 0.080668 -0.047885 -0.255728 -0.116679 -0.210406 -0.260543 -0.258971 0.096874 -0.012158 -0.124597 -0.234118 -0.245823 -0.341621 -0.255644 -0.290491 -0.149510 -0.250907 -0.094996 -0.171229 -0.180681 -0.152250 -0.156171 -0.251682 0.674835 0.243971 -0.009977 -0.106942 0.298554 0.108909 0.786860 0.567464 0.014061 0.048723 -0.207436 -0.350667 0.041590 0.003465 0.129223 0.139760 0.324605 0.281905 0.269576 0.009256 -0.138823 -0.215017 0.238388 0.084843 0.585440 0.173067 0.286079 -0.051840 -0.297798 -0.284436 -0.142328 0.013622 0.075632 -0.231130 -0.016823 0.096082 0.000350 0.038655 -0.343357 -0.391479 -0.228819 -0.426269 -0.018622 -0.159579 -0.002531 -0.178561 -0.122315 -0.046142 -0.010348 -0.057731 0.131505 0.098779 -0.278575 -0.280183 -0.209817 -0.067708 -0.085663 0.005848 0.001553 -0.138399
-0.235309 0.107737 -0.284120 0.041106 -0.130470 0.130603 -0.229055 -0.140674 -0.060013 0.002456 -0.094354 0.002307 -0.168728 -0.085475 -0.017654 -0.032763 0.124686 1.000000 -0.271374 -0.069915 -0.110784 0.008613 -0.228679 -0.062202 0.092052 -0.096239 0.067843 -0.033656 0.441277 0.505630 -0.147725 -0.095615 0.000964 -0.016540 0.084158 -0.020537 -0.029273 -0.009550 -0.107065 -0.091442 0.047801 -0.026882 -0.128484 -0.085473 -0.074823 -0.127696 -0.180300 -0.225919 -0.170912 -0.121420 -0.001039 -0.088135 0.000341 -0.132529 -0.244615 -0.311494 -0.052881 0.196130 -0.190486 0.090554 -0.257182 -0.036490 0.018113 0.276743 0.053946 -0.119102 -0.154864 -0.240923 0.215745 0.036067 0.150689 0.016610 0.423643 0.286231 0.313317 0.058298 0.327834 0.314183 0.394599 0.645278 0.443715 0.624828 -0.238120 0.031573 0.141875 0.025306 0.000303 -0.124912 -0.149903 0.071810 -0.097143 -0.217104 0.012927 0.041502 -0.178108 0.105505 0.045788 0.034944 -0.033267 -0.163589 0.079950 0.164334 0.179961 0.231581 0.220192 -0.074386 -0.244554 -0.156668 -0.029950 -0.092119 -0.196372 0.036794 -0.008000 0.259607 0.031926 -0.090045
0.031626 -0.294294 0.290185 0.151673 0.203285 -0.224407 0.259978 0.068328 0.222060 0.215024 0.075170 -0.085719 0.078232 -0.009628 -0.060725 -0.000576 -0.055293 -0.271374 1.000000 0.116299 -0.035019 0.000116 0.098696 -0.076625 0.123682 -0.222048 0.014075 -0.157733 0.147517 0.079656 0.514002 0.243285 0.296621 0.108087 0.178957 -0.189412 0.066487 -0.178254 -0.077081 -0.248867 -0.100130 -0.221868 0.010550 -0.105607 0.093215 -0.176798 -0.004487 -0.268401 0.060392 -0.086317 0.104603 -0.042490 -0.128798 -0.086620 0.266510 0.084342 -0.048347 -0.375674 0.154281 -0.152530 0.321680 0.022885 0.144452 -0.083128 0.252510 0.100800 0.188272 -0.097889 -0.174134 -0.360687 -0.157342 -0.140715 0.002630 -0.048750 -0.064699 -0.086315 -0.170379 -0.291174 0.018585 -0.121134 -0.112466 -0.100057 -0.159389 -0.025496 0.271224 0.046189 -0.051480 -0.186067 0.053334 -0.036085 -0.285935 -0.147762 -0.308934 -0.158823 -0.220360 -0.078596 -0.076691 -0.238427 -0.164851 -0.220397 -0.012659 -0.154916 -0.044981 -0.083006 0.019547 -0.106100 -0.111674 -0.067684 -0.053709 -0.190085 -0.405933 -0.383055 -0.049042 -0.151284 0.060763 0.095643
0.258426 0.383083 -0.204887 0.101689 -0.028860 0.020138 -0.011621 0.097903 -0.072686 -0.047894 -0.235339 -0.244654 -0.271239 -0.282144 0.001688 -0.192072 0.074236 -0.069915 0.116299 1.000000 0.044542 -0.138431 -0.245258 -0.042195 -0.022465 -0.415768 0.269721 -0.080674 0.030155 0.102464 0.033866 -0.003078 0.194690 0.432646 0.000485 -0.192890 0.077848 0.158428 -0.162359 0.076363 0.189977 0.297350 -0.169417 -0.243454 -0.272761 -0.141851 -0.031729 -0.067182 -0.450518 -0.160718 -0.420846 -0.340973 -0.125760 0.077479 -0.386418 -0.274206 0.082794 0.412005 -0.212799 -0.007436 -0.159322 -0.036963 0.044460 0.236607 -0.094002 -0.319081 0.025373 -0.189369 0.557373 0.386355 -0.057722 -0.183964 0.036974 0.019413 -0.082646 -0.026444 0.190523 0.250964 -0.066922 -0.130290 0.090333 0.053119 0.091203 0.414355 -0.191204 -0.087676 0.094294 -0.085711 -0.076378 -0.168722 0.206907 0.074951 0.083070 -0.062527 0.071572 0.002203 -0.383641 -0.052500 -0.031437 0.120033 -0.172688 -0.054276 -0.264465 -0.208817 -0.255234 0.095072 0.350799 0.367267 -0.215573 0.134160 0.234585 0.334503 0.082918 -0.141194 -0.148683 -0.050646
0.237720 0.129167 -0.046512 0.089865 0.214386 0.230662 0.048141 -0.016742 -0.016554 -0.086954 0.052803 0.023639 0.044591 -0.087713 -0.011807 0.072652 0.119649 -0.110784 -0.035019 0.044542 1.000000 0.442249 0.084556 0.159059 -0.224217 0.026321 0.258876 0.249314 -0.054821 -0.046396 0.056925 0.138157 -0.358992 -0.186360 -0.282957 -0.105500 -0.008393 0.288870 -0.022621 0.297555 0.269516 0.343944 -0.075929 -0.096972 -0.307853 -0.252301 0.151159 -0.033209 -0.139393 -0.145906 -0.129273 -0.105838 0.201280 0.122122 -0.118332 -0.022244 0.239765 0.148923 -0.094780 -0.090542 -0.101072 -0.066275 -0.007197 0.038149 -0.151259 -0.162363 -0.331237 -0.298827 -0.006748 -0.121668 0.414687 0.504631 0.039714 0.185903 0.085932 0.422050 0.136488 0.090250 -0.093788 -0.115868 -0.085788 -0.035271 0.115000 0.196102 -0.274550 0.088902 0.038309 0.170463 0.242680 0.166330 0.138676 0.057718 0.190420 0.138391 0.279557 0.051919 -0.119812 0.030624 -0.040018 0.068966 0.156103 0.018907 0.045969 -0.045391 -0.101030 0.217741 0.132919 0.039097 0.101661 0.157886 0.076188 0.180281 0.009281 0.038027 0.080560 0.133886
0.075788 0.027928 -0.114983 0.035148 0.085085 0.224412 -0.097589 -0.182861 -0.011744 0.057207 0.083655 0.078773 -0.013262 -0.069514 -0.053841 0.237310 -0.061575 0.008613 0.000116 -0.138431 0.442249 1.000000 0.175950 0.168299 0.047148 0.327435 0.229698 0.272154 -0.178501 0.165142 0.073232 0.188548 -0.229957 -0.219441 -0.103540 0.044640 -0.058450 0.253376 0.071246 0.379976 0.098142 0.138378 -0.098973 -0.050336 -0.213163 -0.267458 -0.018001 -0.154522 -0.149403 -0.175454 0.104614 -0.142669 0.196230 0.049708 -0.020611 0.003235 0.216207 0.018304 -0.167565 -0.137311 -0.139202 -0.065604 -0.005930 -0.097802 0.072226 -0.132518 -0.239825 -0.242416 -0.077858 -0.220262 0.259278 0.567583 -0.100317 0.218384 -0.089218 0.403064 0.048905 0.238119 -0.165401 0.033283 -0.085741 0.089554 -0.037988 0.101110 -0.036991 0.161069 -0.023910 0.171465 0.205507 0.216440 -0.059349 -0.106721 0.092963 0.096428 0.319880 0.207927 -0.047055 0.195104 -0.217293 -0.084727 0.029872 -0.073468 -0.009595 -0.053289 -0.073964 0.061041 0.053234 0.005882 0.071364 0.243208 -0.011782 0.003158 -0.110494 0.048028 0.014106 0.174283
0.032774 -0.240397 0.559589 0.136688 0.095628 0.084269 0.565351 0.039194 -0.055536 -0.172705 0.194937 0.180905 0.191398 0.076932 0.080795 0.140069 -0.086413 -0.228679 0.098696 -0.245258 0.084556 0.175950 1.000000 0.625039 0.073920 0.462929 -0.006525 0.236177 -0.079649 -0.274184 0.126736 0.349613 -0.113374 -0.106817 0.123452 0.178094 -0.238736 -0.210969 0.111705 0.086575 -0.108584 -0.182286 -0.264480 -0.321254 -0.203270 -0.195458 -0.246809 -0.242130 0.161393 -0.247924 0.312770 -0.035403 0.031494 -0.007771 0.134212 -0.023935 -0.047273 -0.236007 -0.065662 -0.292028 0.126154 -0.209074 -0.070679 -0.293066 0.449714 0.105695 -0.222415 0.133504 -0.303330 -0.125003 -0.087166 0.225953 -0.221658 -0.183452 -0.113304 -0.016882 -0.226940 -0.222450 -0.227433 -0.208044 -0.326972 -0.288806 0.123802 -0.047652 -0.061202 -0.072372 0.008888 0.309537 0.502685 0.191733 0.056439 0.232878 0.329145 0.251978 0.124111 -0.267852 -0.141422 -0.304378 -0.177241 -0.051680 0.004900 0.089849 0.046402 0.083191 -0.097747 0.125704 -0.143443 -0.202705 -0.000949 -0.191827 -0.021071 -0.116317 -0.092678 -0.040372 0.103402 0.135810
-0.053499 -0.207492 0.119393 0.399313 0.046273 0.243205 0.351886 0.174124 0.172426 0.050163 0.051454 0.161255 0.020661 0.073527 0.093825 -0.003537 -0.090710 -0.062202 -0.076625 -0.042195 0.159059 0.168299 0.625039 1.000000 -0.190756 0.399539 -0.042666 0.149412 -0.025078 -0.287368 0.110837 0.543373 -0.198678 -0.028091 -0.045861 0.146168 -0.417795 -0.196086 -0.106830 0.155212 -0.140440 -0.151684 -0.290568 -0.270342 -0.147281 -0.003998 -0.106484 -0.045085 -0.015820 -0.086651 0.036335 -0.058233 -0.003588 0.203865 -0.102826 -0.020449 -0.113622 -0.198947 -0.385351 -0.363286 -0.243265 -0.195317 -0.216687 -0.286397 0.282725 -0.009522 -0.566818 0.077686 -0.313431 -0.039866 0.118895 0.255657 -0.325478 -0.325245 -0.224637 -0.017146 -0.124907 -0.106908 -0.208110 -0.246223 -0.292496 -0.318083 0.187938 0.191896 -0.233800 -0.152836 0.005309 0.341710 0.418260 0.333744 0.445361 0.457107 0.528635 0.327030 0.131653 -0.294962 -0.157778 -0.263537 0.108286 0.204968 0.023740 0.029263 0.167593 0.069351 -0.053964 0.257825 -0.039280 -0.157123 0.108752 -0.090341 0.232494 0.152989 -0.142110 0.126779 0.132481 0.200354
-0.376678 -0.167055 0.180994 -0.202416 -0.004343 0.125940 -0.000065 -0.233581 0.055735 0.081839 -0.349447 -0.220702 -0.350516 -0.189790 -0.045435 -0.066197 -0.295928 0.092052 0.123682 -0.022465 -0.224217 0.047148 0.073920 -0.190756 1.000000 0.141707 0.300923 0.090992 0.000004 0.283143 0.109923 -0.119672 0.087877 0.060757 0.452266 0.179626 0.183018 0.068503 -0.083277 -0.320451 -0.089463 -0.119662 0.253970 0.217661 0.087377 0.109491 -0.003724 -0.074848 -0.081778 -0.114454 0.373571 0.063373 -0.034358 -0.136978 0.054411 -0.100254 -0.274564 -0.132070 -0.062215 0.089423 -0.155468 -0.234526 -0.112199 -0.134366 0.239501 -0.060645 0.292370 0.101545 0.100837 -0.050501 -0.024254 -0.180684 0.034042 0.289647 0.106292 0.206383 0.130739 0.166596 0.105974 0.303992 0.163357 0.270539 -0.235473 -0.040614 0.465246 0.258400 -0.162921 -0.382112 -0.317482 -0.256048 -0.361847 -0.349388 -0.204076 -0.085624 -0.098471 0.301312 0.083967 0.162776 -0.229291 -0.277452 -0.005866 0.113572 0.081706 -0.069534 0.189574 -0.238655 -0.297172 -0.184915 -0.107182 0.001827 -0.300365 -0.227530 -0.008639 -0.085098 -0.021946 -0.097296
-0.087908 -0.126538 0.171075 0.181407 -0.038011 0.336689 -0.048496 -0.071307 0.105574 -0.010956 0.083151 0.122065 0.022399 0.062544 0.169437 0.151107 -0.206408 -0.096239 -0.222048 -0.415768 0.026321 0.327435 0.462929 0.399539 0.141707 1.000000 -0.072662 0.425884 -0.310023 -0.202247 -0.122165 0.097633 -0.366053 -0.304702 0.166416 0.371320 -0.177312 0.034981 0.052624 0.092729 -0.180339 -0.163016 0.023435 0.108433 -0.061274 0.022020 -0.039620 -0.002656 0.137728 -0.100573 0.449045 0.174142 0.155958 -0.022084 -0.006047 0.000691 -0.039889 -0.171121 -0.047600 0.030850 -0.144121 -0.104801 -0.201941 -0.381743 0.094063 0.063111 -0.072460 0.200124 -0.241939 -0.187485 0.101166 0.179827 -0.357718 -0.104543 -0.168888 0.034579 -0.163674 0.093789 -0.350403 0.022173 -0.232136 -0.085000 0.037214 -0.270216 0.110673 0.033058 -0.115229 0.120167 0.246808 0.206334 0.011287 0.019674 0.157826 0.184733 -0.003342 0.105638 0.040920 0.099246 -0.251725 -0.129734 -0.184387 -0.165380 -0.008693 -0.062943 -0.030515 -0.160742 -0.116884 0.045779 0.029460 0.157916 -0.082049 -0.203077 -0.150851 -0.171232 -0.205845 -0.199735
0.041151 0.126893 0.066558 0.016114 0.282599 0.486291 -0.054545 -0.186520 0.049473 0.038180 -0.305542 -0.178112 -0.300013 -0.367777 0.209085 0.016765 -0.168998 0.067843 0.014075 0.269721 0.258876 0.229698 -0.006525 -0.042666 0.300923 -0.072662 1.000000 0.526677 -0.182658 0.107760 -0.151924 -0.246736 -0.142713 -0.144310 0.154705 -0.038710 -0.009912 0.207949 -0.157524 0.108090 0.157285 0.243226 0.019574 -0.069740 -0.305293 -0.241637 0.061413 -0.075800 -0.239704 -0.311432 0.050928 -0.196827 0.098947 -0.081222 -0.085468 -0.115205 0.002338 0.170266 0.015602 0.149826 -0.075900 -0.199294 -0.168085 -0.019667 0.041255 -0.305216 0.118452 -0.147036 0.310190 0.143248 0.044457 0.036316 -0.079395 0.175353 0.018561 0.167679 0.190566 0.274514 -0.062634 0.122518 0.014967 0.122847 0.022967 0.330272 0.075678 0.171644 0.123371 -0.093737 0.128299 0.046580 -0.012832 -0.141832 -0.027872 -0.080636 0.281536 0.222829 -0.045145 0.211781 -0.171692 -0.034938 -0.039672 0.055402 -0.089521 -0.133769 -0.085823 0.161684 0.127206 0.119879 -0.119996 0.104792 0.053331 0.096232 -0.060465 -0.132519 -0.100462 -0.094255
0.012315 -0.014263 0.189647 0.027472 0.176733 0.586422 -0.106541 -0.269305 0.026975 -0.041579 -0.198507 -0.305168 -0.296284 -0.454237 0.151532 0.027187 -0.284442 -0.033656 -0.157733 -0.080674 0.249314 0.272154 0.236177 0.149412 0.090992 0.425884 0.526677 1.000000 -0.453962 -0.229818 -0.347145 -0.291445 -0.394232 -0.462462 0.117205 0.112150 -0.095497 0.209245 -0.078771 0.263149 0.061042 0.088987 0.138511 0.151426 -0.140122 -0.124016 0.207485 0.173112 0.048540 -0.145238 0.364417 0.082852 0.333065 0.015838 0.056369 0.054015 -0.067554 0.039319 0.118845 0.221106 -0.181785 -0.332584 -0.299895 -0.339591 -0.080767 -0.308939 0.104412 0.026173 0.029131 0.024381 0.054721 0.050939 -0.365859 -0.040449 -0.159180 0.083064 0.132938 0.292666 -0.137608 0.140475 -0.198861 0.090061 -0.104907 0.059618 0.115002 0.206297 0.071001 0.009330 0.362253 0.232428 0.023728 -0.091514 0.032872 0.010403 0.377765 0.248618 0.251915 0.312843 -0.110021 -0.018192 -0.099012 0.013925 -0.125040 -0.134834 -0.041210 0.071195 0.007699 0.078100 0.114014 0.170569 0.034011 0.025660 -0.063122 -0.112121 -0.173416 -0.116511
-0.049476 -0.003651 -0.088299 0.021666 0.023285 -0.252579 0.134198 -0.052478 0.057187 -0.015405 0.246918 0.227191 0.290813 0.195672 0.138844 0.046114 0.491209 0.441277 0.147517 0.030155 -0.054821 -0.178501 -0.079649 -0.025078 0.000004 -0.310023 -0.182658 -0.453962 1.000000 0.574652 0.196799 0.276031 0.167480 0.227625 0.042568 -0.317744 0.114843 -0.183792 -0.154879 -0.396717 0.169450 -0.069978 -0.033565 -0.131502 -0.035794 -0.180994 -0.136546 -0.355590 -0.102516 -0.092519 -0.031977 -0.168975 -0.256598 -0.161075 -0.136905 -0.252610 0.099213 0.059136 -0.126447 -0.179178 0.211582 -0.073810 0.423173 0.453880 0.188323 -0.067263 -0.238214 -0.401086 -0.123589 -0.206843 0.182838 -0.054819 0.746690 0.273218 0.402644 0.015656 0.217050 -0.116015 0.469837 0.358602 0.503531 0.387851 0.179194 0.106254 0.079308 -0.043241 -0.056149 -0.186217 -0.162612 -0.296607 -0.249686 -0.202124 -0.212015 -0.108087 -0.328434 -0.197845 -0.040081 -0.366118 -0.036308 -0.301571 -0.101875 -0.029119 -0.057932 -0.059781 -0.044385 -0.128358 -0.221458 -0.214436 -0.090090 -0.280944 -0.367312 -0.108425 -0.168895 0.055456 0.085216 -0.014933
-0.218271 0.082348 -0.174652 0.010910 0.044358 0.020625 -0.137725 -0.092993 0.037565 0.144214 -0.044279 0.174071 -0.044295 0.037678 0.110724 0.310447 0.213066 0.505630 0.079656 0.102464 -0.046396 0.165142 -0.274184 -0.287368 0.283143 -0.202247 0.107760 -0.229818 0.574652 1.000000 0.120135 0.028775 -0.013947 0.053671 0.216864 -0.102727 0.246705 0.220294 -0.060889 -0.124859 0.235352 0.173091 0.079846 0.005439 -0.115090 -0.137608 -0.069631 -0.379357 -0.360268 -0.217600 0.046565 -0.231431 -0.093305 -0.224971 -0.211050 -0.250764 0.074385 0.108328 -0.226044 -0.072580 0.014107 -0.145372 0.263061 0.282679 0.134982 -0.040584 -0.095957 -0.411323 0.010327 -0.200920 0.194846 0.126363 0.599429 0.647988 0.430396 0.303562 0.356632 0.251988 0.316911 0.506742 0.420040 0.576025 -0.056567 0.315829 0.218513 0.371616 -0.251361 -0.233099 -0.254921 -0.161601 -0.457341 -0.441853 -0.227887 -0.227685 -0.195039 0.221368 -0.105351 0.005350 -0.350558 -0.415419 -0.045446 -0.089536 -0.080443 -0.194738 -0.064136 -0.303712 -0.171730 -0.083960 -0.218784 0.001845 -0.441404 -0.184120 -0.056775 -0.038139 -0.075799 -0.094413
-0.220770 -0.336172 0.085310 0.122930 0.047221 -0.300889 0.242884 0.123622 0.212849 0.207389 -0.042506 0.012458 -0.006657 0.050842 -0.095406 0.039523 -0.088664 -0.147725 0.514002 0.033866 0.056925 0.073232 0.126736 0.110837 0.109923 -0.122165 -0.151924 -0.347145 0.196799 0.120135 1.000000 0.684256 0.362449 0.398652 0.075406 -0.051926 0.137787 0.001713 0.138526 -0.079553 -0.015711 -0.077682 0.054081 -0.087919 0.080324 0.057652 -0.010462 -0.176112 -0.102841 -0.020003 0.015836 -0.112596 -0.262121 -0.031367 0.082723 0.068276 -0.178719 -0.286013 -0.227424 -0.389743 0.085605 0.020518 -0.000411 -0.070051 0.292283 0.110268 -0.180608 -0.118136 -0.277566 -0.349940 0.100811 0.154112 0.085460 0.017514 0.016267 0.139755 -0.044340 -0.160617 -0.001357 -0.132009 -0.128461 -0.160032 -0.037674 0.017261 0.177993 0.094202 -0.056459 -0.128751 -0.257257 -0.139963 -0.268628 -0.196525 -0.130379 -0.077138 -0.156259 -0.034761 -0.094775 -0.161209 -0.128107 -0.186588 0.143378 -0.052406 0.163201 0.021353 0.042849 -0.036005 -0.278952 -0.257780 0.050322 -0.099965 -0.142848 -0.232863 -0.036545 0.047181 0.219790 0.247775
-0.176131 -0.247639 0.088603 0.282969 -0.060583 -0.170370 0.348220 0.278128 0.057020 0.007397 0.068442 0.163425 0.085385 0.201043 -0.201679 -0.050593 0.029677 -0.095615 0.243285 -0.003078 0.138157 0.188548 0.349613 0.543373 -0.119672 0.097633 -0.246736 -0.291445 0.276031 0.028775 0.684256 1.000000 0.274785 0.492633 -0.038630 0.090359 -0.209770 -0.187206 -0.024246 -0.046629 -0.133605 -0.172324 -0.118588 -0.163171 0.060428 0.100355 -0.077203 -0.126621 -0.159366 0.012976 -0.107335 -0.223702 -0.231049 0.035849 -0.036979 -0.028754 -0.108110 -0.193906 -0.433293 -0.511483 -0.004773 -0.033718 0.050988 0.004578 0.291715 0.102961 -0.473318 -0.055385 -0.434927 -0.242180 0.136233 0.308533 0.078164 -0.120476 -0.031427 0.147542 -0.064103 -0.198324 0.021540 -0.236597 -0.149599 -0.219019 0.029383 0.107545 -0.058640 -0.063438 -0.019786 0.203190 -0.052423 -0.031902 0.011085 0.075260 0.132050 0.037241 -0.111773 -0.306546 -0.170281 -0.368574 -0.020262 -0.052047 0.093241 0.037981 0.149229 0.078949 -0.100150 0.049668 -0.267306 -0.339193 0.015866 -0.162229 0.070150 0.017995 -0.103223 0.095369 0.223429 0.231719
-0.083021 -0.121840 0.049169 -0.051789 -0.326033 -0.437851 0.124639 0.198469 -0.171030 -0.105178 -0.083690 -0.156099 -0.110296 -0.006138 -0.320374 -0.351875 -0.002407 0.000964 0.296621 0.194690 -0.358992 -0.229957 -0.113374 -0.198678 0.087877 -0.366053 -0.142713 -0.394232 0.167480 -0.013947 0.362449 0.274785 1.000000 0.758763 0.063463 -0.082334 0.037934 -0.279789 -0.118142 -0.276746 -0.135395 -0.146456 0.047176 -0.008708 0.258175 0.193935 -0.080513 -0.030961 -0.046684 0.278007 -0.227193 -0.093602 -0.250992 -0.045572 -0.037378 -0.004868 -0.073646 -0.029261 0.033962 -0.011199 0.186539 0.251843 0.102225 0.172875 0.052887 0.130615 0.301607 0.152000 0.040785 -0.066362 -0.372698 -0.404587 0.222953 -0.234913 0.030810 -0.276684 -0.119435 -0.333010 0.196366 -0.156173 -0.011073 -0.086628 -0.197190 -0.207490 0.117712 -0.167357 0.162810 -0.100903 -0.366327 -0.347022 -0.243212 -0.236938 -0.250387 -0.294295 -0.127551 -0.123083 -0.054224 -0.068820 0.012874 -0.050229 0.140536 0.109753 0.069769 0.095872 0.047010 0.060523 -0.079119 -0.163668 -0.056922 -0.116450 -0.043377 -0.015591 0.150615 0.106952 0.235070 0.133819
-0.049762 0.070221 -0.053383 0.063719 -0.289020 -0.352333 0.173621 0.264490 -0.105982 -0.139962 -0.111132 -0.117183 -0.093948 0.066243 -0.266931 -0.372295 0.080668 -0.016540 0.108087 0.432646 -0.186360 -0.219441 -0.106817 -0.028091 0.060757 -0.304702 -0.144310 -0.462462 0.227625 0.053671 0.398652 0.492633 0.758763 1.000000 0.084020 0.092166 -0.024390 -0.190784 -0.134313 -0.193006 -0.103667 -0.068810 -0.107670 -0.126580 0.124669 0.237547 -0.205478 -0.063478 -0.303763 0.082540 -0.379403 -0.313081 -0.390932 -0.116428 -0.317632 -0.255467 -0.027937 0.156727 -0.171366 -0.108775 0.099693 0.204433 0.180609 0.341403 0.086025 0.115111 0.084388 0.129399 0.095016 0.119179 -0.130526 -0.210089 0.232977 -0.134651 -0.001170 -0.068973 -0.005855 -0.142584 0.166178 -0.128196 0.067389 -0.067244 -0.092635 -0.006832 -0.060319 -0.224230 0.037097 -0.058007 -0.411044 -0.405127 -0.094542 -0.128868 -0.110152 -0.216894 -0.167628 -0.207793 -0.289269 -0.266050 -0.059771 -0.091111 0.013325 0.067314 -0.012568 -0.030245 -0.197635 -0.012358 -0.016270 -0.039942 -0.148732 -0.075623 0.144645 0.121590 0.082384 0.010817 0.052218 -0.019950
-0.210054 -0.189636 0.136668 -0.107664 0.019325 -0.034125 0.077317 -0.321308 0.091233 0.166327 -0.016193 -0.239555 -0.123955 -0.171905 0.111486 0.023300 -0.047885 0.084158 0.178957 0.000485 -0.282957 -0.103540 0.123452 -0.045861 0.452266 0.166416 0.154705 0.117205 0.042568 0.216864 0.075406 -0.038630 0.063463 0.084020 1.000000 0.492093 0.221773 0.101166 -0.094629 -0.278861 -0.073152 -0.112717 0.088123 0.029906 0.068661 0.067872 -0.120385 -0.169025 -0.138295 -0.318519 0.392051 -0.080091 -0.298193 -0.269465 0.081031 -0.126445 -0.071678 -0.231986 -0.095667 -0.053835 -0.020914 -0.267822 0.031698 -0.160879 0.408301 -0.038811 0.302230 0.146328 -0.010675 -0.124534 -0.154079 -0.249728 -0.014368 0.042292 0.011271 -0.085699 0.175877 0.158801 0.029519 0.338864 0.099256 0.252335 -0.028000 0.011245 0.542767 0.327903 -0.081341 -0.138505 -0.061005 -0.200165 -0.345789 -0.318589 -0.226486 -0.048886 -0.163531 0.167415 0.104786 -0.046101 -0.384754 -0.456689 -0.219836 -0.300693 -0.209795 -0.326571 0.035409 -0.224868 -0.128675 0.061393 -0.119510 0.128810 -0.253398 -0.378951 -0.319402 -0.284572 -0.235250 -0.200088
-0.249149 -0.069674 0.118886 -0.024210 -0.025454 0.032699 0.083915 -0.085687 0.064974 -0.017750 -0.127679 -0.078970 -0.104977 -0.005661 -0.026591 -0.099616 -0.255728 -0.020537 -0.189412 -0.192890 -0.105500 0.044640 0.178094 0.146168 0.179626 0.371320 -0.038710 0.112150 -0.317744 -0.102727 -0.051926 0.090359 -0.082334 0.092166 0.492093 1.000000 -0.065575 -0.018977 0.104357 -0.094822 -0.306834 -0.158305 -0.023242 0.108900 0.150506 0.431794 -0.197364 0.145215 -0.138246 -0.067581 0.232240 -0.033983 -0.197828 -0.216486 -0.074558 -0.131362 -0.166436 -0.082631 -0.165199 -0.079327 -0.175441 -0.090890 -0.189895 -0.242166 0.314291 0.246810 0.083348 0.507517 -0.123404 0.050468 0.002526 0.040532 -0.245223 -0.098663 -0.115630 0.071444 0.114607 0.214813 -0.178627 0.090322 -0.196093 -0.123467 -0.130473 -0.126124 0.222309 0.151400 -0.050428 0.099897 -0.003308 -0.016017 -0.049652 -0.014450 0.049870 0.066603 -0.141619 0.014007 -0.026235 -0.068065 -0.172570 -0.144857 -0.021627 -0.034170 0.015366 -0.071660 -0.032661 -0.202592 -0.193215 -0.126071 0.083492 0.058731 0.135797 -0.023542 -0.141669 -0.089038 -0.247617 -0.163320
