1.000000 0.155155 0.042324 -0.057932 0.231023 0.091277 0.035530 0.175719 0.184015 0.079216 0.236126 0.075302 -0.045019 -0.105980 0.057988 -0.042422 0.129191 0.060490 0.339988 0.142871 0.160745 0.156454 -0.194445 -0.195650 -0.073710 -0.132343 0.183529 0.039103 -0.075073 -0.058205 -0.165133 -0.275425 -0.080672 -0.114918 -0.188136 -0.044672 -0.122473 -0.008429 -0.019254 0.116251 -0.269389 -0.050030 -0.178056 0.017769 -0.104731 -0.092266 0.008654 0.065853 0.190413 -0.141593 -0.079330 0.012904 -0.048190 -0.015056 -0.111118 0.091391 0.393153 0.125344 0.238389 0.034686 0.281972 0.184810 -0.199542 -0.024711 -0.026587 0.175405 -0.079791 -0.145035 -0.061299 0.073464 0.160809 0.025785 -0.024391 -0.085517 0.002491 0.150562 -0.010161 -0.110783 0.115627 -0.149729 -0.036764 -0.090793 -0.080994 -0.066337 -0.121212 -0.196436 -0.171533 -0.246867 -0.010025 0.113843 -0.017005 -0.058286 -0.168213 -0.090686 -0.001302 0.003351 -0.080746 -0.011139 -0.221383 0.006271 -0.187040 0.110023 -0.083098 -0.114989 -0.084224 -0.096854 0.060303 0.066176 0.109097 -0.057533 -0.018924 -0.151323 -0.175382 -0.077912 -0.063718 0.130603
0.155155 1.000000 -0.142356 0.060204 -0.013319 -0.145798 -0.017010 0.062900 -0.079044 -0.125215 -0.104367 0.312533 0.064115 0.330667 -0.026658 0.237372 0.035102 0.277658 -0.001599 0.264039 0.308233 0.048707 -0.423422 -0.338189 -0.295352 -0.313047 0.091734 -0.231466 0.020014 0.329733 -0.139665 -0.239360 0.074312 -0.040201 -0.286321 -0.226674 0.108698 -0.144900 -0.113182 0.062243 -0.016834 0.257503 -0.167491 -0.150481 -0.101414 -0.330248 -0.071910 -0.187999 0.177607 -0.051319 0.100717 0.096463 0.294949 -0.001973 0.247852 -0.143839 0.241688 0.432893 0.353926 0.572172 0.339563 0.517438 0.244832 0.567941 -0.404242 -0.317654 -0.108151 -0.346764 0.183964 0.063174 0.149937 0.065697 0.153637 0.125858 -0.013616 0.182620 -0.052612 0.013812 0.019144 -0.052677 0.119641 0.273839 0.042884 0.228668 -0.301649 -0.190200 -0.141676 -0.248901 -0.053043 0.250666 -0.162199 -0.483398 -0.293222 -0.395832 -0.138871 0.100497 -0.209636 -0.086733 0.007560 -0.170719 0.299686 0.175739 0.279889 -0.081178 0.029519 -0.301901 -0.024438 -0.013107 -0.032512 0.030881 -0.245099 -0.282728 -0.040380 -0.080540 -0.182240 0.024859
0.042324 -0.142356 1.000000 0.067420 0.275423 0.040671 0.591492 0.080380 0.248662 0.062821 0.143600 -0.136279 0.072644 -0.137183 0.118425 -0.083427 -0.326756 -0.262508 0.445054 -0.021617 -0.106700 -0.211529 0.248226 0.103269 0.018748 0.043216 0.043574 -0.059384 -0.019019 -0.212532 0.073828 0.101147 0.157086 0.192833 0.162710 0.225587 -0.177143 -0.111918 0.026191 -0.120810 -0.092230 -0.300659 -0.146234 -0.146222 -0.007539 -0.024969 -0.193470 -0.133180 0.032862 -0.204271 -0.048307 -0.111445 -0.022292 0.092016 -0.100348 -0.135778 -0.355238 -0.201045 -0.029083 -0.147597 0.126621 -0.159040 0.015120 -0.132490 0.516177 -0.130104 0.397530 0.191503 -0.216854 -0.193995 -0.190116 -0.174013 -0.086977 -0.245144 -0.095706 -0.160180 -0.032652 -0.134891 -0.137215 -0.204205 -0.363773 -0.194173 -0.088057 -0.149898 0.023836 -0.071956 0.051636 0.061678 0.089549 0.010754 -0.099379 0.089688 0.025294 0.238924 -0.050997 -0.200369 -0.069871 -0.221504 -0.139603 -0.068574 -0.052767 -0.117275 -0.070914 -0.089419 -0.012017 -0.097778 -0.154138 -0.116844 -0.036574 -0.130701 -0.106186 -0.208864 -0.126224 -0.119221 -0.068805 -0.096010
-0.057932 0.060204 0.067420 1.000000 0.109569 0.265103 -0.148765 0.025602 -0.212105 -0.003910 -0.082488 0.143659 -0.400465 -0.096801 -0.127744 -0.013300 -0.410167 -0.321678 0.060770 0.089195 0.161933 0.196497 0.322932 0.597471 0.123411 0.284936 0.156266 0.266957 -0.403367 -0.214148 0.141291 0.314070 -0.283538 -0.355810 0.004835 -0.096933 -0.340742 -0.052396 -0.074872 0.078445 -0.312168 0.003459 0.007283 -0.032770 -0.005335 0.158888 -0.010621 0.024528 -0.332144 0.081737 0.042906 0.055079 -0.106379 0.128941 -0.209097 -0.078962 -0.006854 0.027112 0.084620 -0.177010 -0.343703 -0.236672 -0.328730 -0.234315 0.295509 0.234852 0.001103 0.233967 -0.028542 0.028516 0.151507 0.210345 -0.434232 0.025537 -0.003650 0.032059 -0.204203 -0.077996 -0.113978 -0.059228 -0.213479 -0.069472 -0.067483 -0.081659 0.071556 0.466899 0.257308 0.237513 0.113067 0.169504 0.246122 0.095369 0.324023 -0.037124 -0.061883 -0.161866 -0.246296 -0.094878 0.018425 -0.010319 0.125115 -0.203551 -0.205610 -0.160817 -0.201127 -0.280452 0.066453 0.072814 -0.136019 -0.195092 -0.078005 -0.103632 0.046826 -0.095903 -0.089714 -0.180838
0.231023 -0.013319 0.275423 0.109569 1.000000 0.591291 0.191999 0.250635 0.558457 0.486768 0.235356 -0.035471 -0.019848 -0.293062 0.215914 -0.002225 -0.368096 -0.147976 0.006838 -0.295587 0.392140 0.155655 -0.126664 -0.046658 0.042427 0.235179 0.262752 0.092222 -0.430420 -0.149573 -0.041466 -0.006348 -0.360412 -0.151066 -0.146946 0.177789 -0.481660 -0.341024 -0.064194 -0.129765 -0.458068 -0.129572 -0.165629 -0.113256 0.050189 -0.091557 -0.062329 -0.125568 0.229587 -0.180859 0.154903 0.053620 0.044157 0.153524 -0.000642 -0.093421 -0.063029 0.004264 0.243654 0.264732 0.026122 0.164905 -0.202138 -0.011881 0.246164 0.039909 0.102453 0.111266 -0.182965 -0.057734 0.177252 0.150916 -0.327484 -0.142171 -0.165549 0.131094 -0.324091 -0.253751 -0.163834 -0.042672 -0.419820 -0.109383 -0.004009 -0.147131 0.337435 0.053695 0.021817 -0.056190 0.334160 0.354212 -0.181968 0.047934 -0.124077 0.036722 -0.003799 0.022965 -0.035713 -0.086413 -0.293387 -0.106019 0.108467 0.013851 0.178772 -0.096174 0.172132 -0.243036 -0.175802 -0.049958 -0.010616 -0.124983 -0.210421 -0.269462 -0.081503 -0.304069 -0.136662 0.063320
0.091277 -0.145798 0.040671 0.265103 0.591291 1.000000 -0.161059 0.215655 0.069310 0.552872 -0.136495 -0.016061 -0.303533 -0.254915 0.167491 0.174050 -0.334974 -0.336257 -0.154607 -0.316815 0.396391 0.090723 0.046313 0.184277 0.204059 0.343551 0.458981 0.390888 -0.522519 -0.232798 0.070112 0.140211 -0.288618 -0.173063 0.060070 0.166543 -0.329946 -0.226623 -0.012859 -0.151610 -0.290251 -0.087911 -0.198030 -0.132086 -0.054147 0.017785 -0.054651 -0.066851 -0.125729 -0.159896 0.082233 -0.097948 -0.048728 0.058697 -0.049678 -0.115172 0.045375 0.040116 0.114354 -0.005586 -0.181601 0.026440 -0.299674 -0.136353 0.269217 0.256899 -0.018370 0.232687 -0.006248 0.106999 0.197254 0.182139 -0.489077 -0.030992 -0.193951 0.160509 -0.074476 0.032540 -0.144746 0.013328 -0.249163 -0.150731 0.076863 -0.049956 0.358790 0.338196 0.085519 0.038332 0.347060 0.219024 -0.010966 0.036054 0.200990 -0.051310 -0.103512 -0.105873 -0.094780 -0.132302 -0.254231 -0.137442 0.143079 -0.087319 0.044648 -0.001443 0.136009 -0.122492 -0.292304 -0.108750 -0.210417 -0.256565 -0.205296 -0.225017 -0.195744 -0.246434 -0.066661 0.043504
0.035530 -0.017010 0.591492 -0.148765 0.191999 -0.161059 1.000000 0.418378 0.487906 0.215271 0.361703 0.220418 0.484881 0.263456 0.089221 0.115078 -0.034452 0.074384 0.223029 -0.086777 -0.218302 -0.330841 -0.215049 -0.266215 -0.340160 -0.245105 -0.155773 -0.444290 0.396979 0.227879 -0.046353 -0.096492 0.237617 0.421951 -0.068022 0.245802 -0.122102 -0.213164 -0.070917 -0.160540 0.037971 -0.222779 -0.217486 -0.241286 0.071647 -0.248035 -0.396429 -0.351832 0.129019 -0.187518 -0.219793 -0.181020 0.028156 -0.047800 -0.216606 -0.362005 -0.375629 -0.332577 -0.113799 0.036159 0.468009 0.111207 0.385123 0.246246 0.305074 -0.128755 0.271070 -0.179650 -0.428890 -0.374171 -0.294565 -0.245622 0.313461 -0.261381 -0.113058 -0.151074 -0.145428 -0.200148 -0.131188 -0.187224 -0.168782 0.074697 -0.173284 0.132973 -0.075123 -0.298569 -0.112718 -0.179089 -0.064899 -0.108677 -0.064137 0.022686 0.069009 0.295458 -0.101796 -0.125061 -0.309293 -0.330354 -0.192430 -0.093720 0.034813 -0.031724 -0.075245 -0.180281 -0.116487 -0.072721 0.119919 -0.109105 0.019640 -0.160935 -0.210324 -0.197076 -0.038304 -0.055445 -0.054344 0.010104
0.175719 0.062900 0.080380 0.025602 0.250635 0.215655 0.418378 1.000000 0.321708 0.636803 0.184870 0.365570 0.288104 0.311842 -0.041286 0.410345 -0.042347 0.230788 -0.053405 -0.099179 -0.002791 -0.095330 -0.462779 -0.382520 -0.241906 -0.207481 -0.096774 -0.286028 0.145706 0.355144 0.080432 -0.111357 0.063950 0.303180 -0.222041 -0.001985 -0.167720 -0.200798 -0.217486 -0.108125 -0.158715 0.027755 -0.086655 0.048375 -0.113123 -0.115277 -0.204343 -0.103304 0.079018 -0.136587 -0.133252 -0.151059 -0.059410 -0.228562 -0.255310 -0.297140 -0.026285 -0.164294 -0.056908 0.093095 0.355018 0.447020 0.045547 0.265708 -0.078426 0.384437 -0.238684 -0.275026 -0.293644 -0.227483 0.016244 -0.009336 0.114486 0.017339 -0.213504 0.198683 -0.008485 0.128164 0.052588 -0.083325 0.028897 0.093463 -0.193879 0.269611 -0.192280 -0.311482 -0.089822 -0.221577 -0.004385 -0.060159 0.026687 -0.154769 0.265167 0.007498 -0.105158 -0.042027 -0.225611 -0.165047 -0.272281 -0.211940 0.120125 -0.119791 -0.117392 -0.351813 -0.219828 -0.178845 0.099755 -0.057837 -0.073185 -0.232242 -0.275512 -0.133820 -0.050523 -0.048555 0.024876 0.085471
0.184015 -0.079044 0.248662 -0.212105 0.558457 0.069310 0.487906 0.321708 1.000000 0.510988 0.349377 -0.011179 0.406869 -0.003772 0.364946 0.224865 -0.163520 0.009879 0.007210 -0.230633 -0.015117 -0.146153 -0.320912 -0.323156 -0.141229 -0.025105 -0.181946 -0.350521 0.174159 0.125155 -0.142820 -0.210027 -0.125047 0.087767 -0.252934 0.144122 -0.277896 -0.060753 -0.016035 -0.091003 -0.159135 -0.125251 -0.148445 -0.156902 -0.074981 -0.314195 -0.168843 -0.140396 0.289610 -0.255096 0.000609 0.106555 0.065682 0.162756 -0.002599 -0.155743 -0.211130 -0.210189 0.127941 0.275625 0.270422 0.318222 0.047480 0.126359 0.143878 0.009364 0.062090 -0.204835 -0.250711 -0.122630 -0.069873 -0.195618 0.153496 -0.144467 -0.126638 -0.154373 -0.272403 -0.291334 -0.198946 -0.135865 -0.284502 -0.137595 -0.077089 0.039028 0.147391 -0.198735 -0.126363 -0.162209 0.099927 0.121753 -0.053981 0.128201 -0.048998 0.217956 -0.044609 -0.068425 -0.067685 -0.112512 -0.164891 -0.092274 0.031867 0.075537 0.062542 -0.010157 0.125001 -0.127962 -0.006025 -0.091101 0.125456 -0.101837 -0.240953 -0.134593 0.019872 -0.060515 -0.083081 0.007636
0.079216 -0.125215 0.062821 -0.003910 0.486768 0.552872 0.215271 0.636803 0.510988 1.000000 0.159321 0.132961 0.121250 -0.000109 0.217527 0.490361 -0.184276 -0.032244 -0.132909 -0.257521 0.090567 -0.130203 -0.329348 -0.226677 -0.063113 -0.000742 -0.006969 -0.191021 -0.032860 0.153154 0.175304 -0.020346 -0.071174 0.104307 -0.183088 0.062649 -0.287069 -0.257723 -0.264874 -0.298865 -0.172967 -0.071582 -0.183352 -0.122428 -0.127835 -0.237501 -0.176857 -0.138545 0.078479 -0.221114 0.026933 -0.003879 -0.021080 0.067379 -0.214712 -0.293153 -0.105662 -0.121849 -0.020172 0.098529 0.130632 0.366726 -0.018041 0.172587 0.210666 0.266860 -0.218272 -0.197953 -0.220369 -0.043812 0.100392 0.010742 -0.070059 0.025530 -0.217715 0.166278 -0.088212 0.070311 -0.050586 -0.022000 -0.160339 0.011354 -0.187481 0.260125 0.194126 -0.008548 -0.098405 -0.205301 0.066858 -0.044121 0.089185 0.032107 0.243631 0.044337 -0.129309 -0.158218 -0.221217 -0.261246 -0.276191 -0.297485 0.081651 -0.165989 -0.109434 -0.116821 -0.049353 -0.111040 -0.155551 -0.127321 -0.164677 -0.375577 -0.374472 -0.160625 -0.190007 -0.128903 -0.115392 -0.042129
0.236126 -0.104367 0.143600 -0.082488 0.235356 -0.136495 0.361703 0.184870 0.349377 0.159321 1.000000 0.280036 0.543925 0.163064 0.352810 0.010327 0.092446 0.183493 0.224679 -0.032432 -0.104879 0.047270 0.115890 -0.067303 -0.179022 -0.137725 -0.182120 -0.218216 0.271933 0.220017 0.081465 0.006581 -0.215997 -0.004974 -0.080758 -0.008684 -0.071640 -0.069262 -0.051445 -0.092524 -0.089302 -0.104151 -0.105810 -0.115541 -0.066035 -0.176175 -0.226638 -0.230200 0.232644 -0.142928 0.081256 0.067653 0.025651 0.048283 -0.078459 -0.134409 -0.271083 -0.240697 -0.174914 -0.108933 0.101205 0.007955 0.042885 0.005699 0.096595 0.056121 -0.116825 -0.285684 -0.299745 -0.353210 0.015299 -0.094876 0.225730 -0.016674 0.066199 -0.053647 -0.187721 -0.184059 -0.048137 0.025511 -0.119201 0.125201 0.141587 -0.017762 0.316148 -0.100035 0.179481 0.089290 0.097010 -0.071138 0.063153 0.269488 -0.058729 0.264687 0.007459 0.022628 -0.111386 -0.055468 -0.060932 -0.000273 -0.077659 -0.029944 -0.080010 -0.237996 -0.148742 -0.156853 0.140833 0.054156 0.200937 -0.014995 -0.073294 -0.032981 0.108567 -0.085606 -0.044144 -0.027860
0.075302 0.312533 -0.136279 0.143659 -0.035471 -0.016061 0.220418 0.365570 -0.011179 0.132961 0.280036 1.000000 0.375580 0.713335 -0.007765 0.372613 0.128276 0.340842 -0.184122 0.020833 0.027446 -0.072559 -0.226594 -0.114226 -0.237755 -0.192308 -0.080589 -0.275601 0.272581 0.558566 0.187968 0.150698 0.019017 0.176565 -0.167568 -0.076782 0.026275 -0.101105 -0.138571 -0.094576 0.020412 0.104146 -0.009335 0.018071 0.132784 -0.076809 -0.143467 -0.229291 0.105339 0.088301 -0.059477 -0.093566 -0.026018 -0.202851 -0.120329 -0.309515 -0.047593 -0.172684 -0.119123 -0.023005 0.288099 0.192026 0.275912 0.357290 -0.171715 0.011335 -0.236611 -0.342382 -0.283155 -0.333392 0.077396 0.170719 0.328909 0.267351 0.134900 0.273881 0.074538 0.081397 0.027545 -0.043435 0.019735 0.228890 0.017131 0.363088 -0.128224 -0.005693 -0.126680 -0.081669 -0.241649 -0.133431 -0.015716 -0.323829 0.060768 -0.151652 -0.101171 0.073317 -0.282684 -0.208378 -0.115750 -0.203687 0.191251 0.074815 0.013552 -0.314424 -0.290814 -0.219241 0.079242 -0.217005 0.046651 -0.215162 -0.262629 -0.254333 0.044517 -0.076655 -0.025291 -0.003085
-0.045019 0.064115 0.072644 -0.400465 -0.019848 -0.303533 0.484881 0.288104 0.406869 0.121250 0.543925 0.375580 1.000000 0.571367 0.441999 0.381566 0.174957 0.222381 -0.129791 -0.105774 -0.306746 -0.309838 -0.187522 -0.333378 -0.255468 -0.280842 -0.300800 -0.385776 0.639414 0.465638 0.008934 -0.105998 0.184528 0.431337 -0.036328 0.074592 0.183288 -0.034829 -0.026914 -0.139920 0.195942 -0.161823 -0.091431 -0.148027 -0.099956 -0.368114 -0.276932 -0.359548 0.305492 -0.180600 -0.061734 -0.071772 0.119530 -0.168831 0.151935 -0.293788 -0.316441 -0.354521 -0.183876 0.110668 0.435281 0.251685 0.411419 0.288602 -0.225720 -0.115676 -0.115670 -0.467079 -0.205406 -0.369447 -0.316496 -0.285872 0.556185 -0.026467 0.031634 -0.152411 0.057214 -0.029326 -0.061995 -0.077281 0.074375 0.179088 0.238386 0.354634 -0.005671 -0.376391 0.079570 0.025833 -0.058277 -0.169944 -0.124869 -0.047202 -0.073260 0.181834 -0.099486 0.018389 -0.072258 -0.067588 -0.038301 -0.038735 0.145908 0.059234 0.101972 -0.143518 -0.028327 -0.096021 -0.039818 -0.242810 0.165374 -0.010977 -0.275043 -0.143781 0.144736 0.063757 0.026278 -0.009255
-0.105980 0.330667 -0.137183 -0.096801 -0.293062 -0.254915 0.263456 0.311842 -0.003772 -0.000109 0.163064 0.713335 0.571367 1.000000 0.073614 0.547629 0.186056 0.274638 -0.238934 0.073460 -0.251001 -0.326014 -0.321127 -0.249185 -0.321995 -0.345255 -0.138378 -0.360277 0.534414 0.593042 0.123296 0.014844 0.391268 0.419109 -0.106086 -0.101374 0.347108 0.040051 -0.067172 -0.121785 0.300903 -0.015133 0.077719 0.020553 0.042084 -0.182927 -0.153086 -0.270536 0.103362 0.062846 -0.150307 -0.209076 0.073467 -0.305014 0.103363 -0.285225 -0.085504 -0.259326 -0.274267 0.024667 0.400959 0.251596 0.517369 0.402301 -0.323766 -0.133425 -0.089480 -0.407952 -0.059464 -0.197887 -0.200786 -0.142733 0.449985 0.182116 0.059395 -0.012988 0.213686 0.098899 0.124089 -0.047649 0.260590 0.268130 0.123319 0.518557 -0.183863 -0.083163 -0.079543 0.065449 -0.270267 -0.160222 -0.131236 -0.430214 0.006372 -0.147316 -0.164614 0.004134 -0.157455 -0.156710 -0.047024 -0.166225 0.225319 0.121421 0.067048 -0.223240 -0.190272 -0.217267 0.000868 -0.286236 0.018386 -0.178884 -0.357221 -0.184144 0.069064 0.049799 -0.078551 -0.098366
0.057988 -0.026658 0.118425 -0.127744 0.215914 0.167491 0.089221 -0.041286 0.364946 0.217527 0.352810 -0.007765 0.441999 0.073614 1.000000 0.480638 -0.035816 -0.134061 0.052356 -0.106421 -0.058237 -0.173002 0.166835 -0.052854 -0.039437 -0.106358 0.216788 -0.036710 0.263394 0.077001 0.053446 -0.070537 -0.058241 0.023620 -0.077153 0.002739 0.152682 0.064850 0.093885 -0.168900 0.133379 -0.086103 -0.129425 -0.200331 -0.181660 -0.383197 -0.154022 -0.243489 0.068720 -0.257862 0.025279 0.010879 0.039903 0.053019 0.189131 -0.104881 -0.221029 -0.127789 -0.077078 -0.031839 -0.019104 0.052828 0.048027 -0.075084 0.095289 -0.100527 -0.185172 -0.336849 -0.010744 -0.035033 -0.162377 -0.222466 0.080145 -0.028488 -0.065127 -0.134924 0.043468 0.018649 -0.094323 0.037891 -0.116358 0.017913 0.460082 0.272840 0.350935 -0.039570 0.174896 0.206403 0.277910 0.049411 -0.106980 0.056534 -0.080242 0.076210 -0.270726 -0.174497 -0.078600 -0.094038 -0.079014 0.025958 -0.044183 -0.076328 0.006036 -0.085006 0.106383 -0.116899 -0.214366 -0.183184 -0.063553 -0.117948 -0.273727 -0.114630 0.044702 -0.056358 -0.101444 -0.027716
-0.042422 0.237372 -0.083427 -0.013300 -0.002225 0.174050 0.115078 0.410345 0.224865 0.490361 0.010327 0.372613 0.381566 0.547629 0.480638 1.000000 0.001495 0.028134 -0.116277 -0.011613 -0.141517 -0.374324 -0.363196 -0.333675 -0.249068 -0.367849 0.120063 -0.318134 0.387428 0.448865 0.142503 -0.164202 0.250594 0.202128 -0.214327 -0.121794 0.278851 0.001385 -0.089169 -0.227875 0.244874 -0.009362 -0.044690 -0.086689 -0.138343 -0.357674 -0.130785 -0.264352 -0.026835 -0.124289 -0.137790 -0.174226 0.066864 -0.135214 0.171796 -0.304607 -0.016165 -0.112439 -0.098242 0.116221 0.305616 0.382299 0.332460 0.313160 -0.136154 -0.026571 -0.258675 -0.522886 0.054382 0.010914 -0.215124 -0.256883 0.225205 0.135311 -0.081533 0.007474 0.229599 0.204068 0.071269 -0.015978 0.160923 0.183635 0.251748 0.667982 0.007400 -0.000348 -0.021373 0.043003 -0.010611 -0.067776 -0.078857 -0.305704 0.089756 -0.197271 -0.349395 -0.176828 -0.264104 -0.256590 -0.102145 -0.167779 0.160179 0.005350 0.033865 -0.118639 -0.062021 -0.307250 -0.289734 -0.313497 -0.212929 -0.333863 -0.571274 -0.221698 -0.069986 -0.058064 -0.185475 -0.100209
0.129191 0.035102 -0.326756 -0.410167 -0.368096 -0.334974 -0.034452 -0.042347 -0.163520 -0.184276 0.092446 0.128276 0.174957 0.186056 -0.035816 0.001495 1.000000 0.593727 -0.108289 0.136393 -0.125918 -0.005739 -0.175384 -0.292755 -0.156393 -0.331731 -0.121879 -0.200898 0.466647 0.477511 0.085629 -0.083050 0.190834 0.200401 -0.001363 0.015500 0.402321 0.051410 -0.054222 -0.037716 0.280125 0.098761 -0.159744 -0.054597 0.135914 -0.059482 -0.123034 -0.148669 0.023427 0.143792 -0.149860 -0.200717 -0.043416 -0.306393 0.040117 -0.109927 0.402407 0.199016 -0.154908 -0.054490 0.214760 0.011817 0.419801 0.265059 -0.133565 -0.072991 -0.118626 -0.190821 0.027914 -0.035382 0.032123 -0.036659 0.548285 0.213678 0.167109 0.101647 0.358422 0.170422 0.462722 0.345858 0.514864 0.509490 -0.026574 0.059739 -0.172223 -0.194777 -0.199364 -0.134826 -0.138394 -0.335301 -0.147681 -0.236204 -0.195107 -0.156749 -0.178870 0.023467 -0.152229 -0.102155 -0.080581 -0.098488 -0.208631 0.071090 -0.017047 -0.054578 -0.164544 0.110078 0.150926 0.036694 -0.021251 0.027830 0.036865 0.029297 -0.116143 0.098718 0.106550 0.009633
0.060490 0.277658 -0.262508 -0.321678 -0.147976 -0.336257 0.074384 0.230788 0.009879 -0.032244 0.183493 0.340842 0.222381 0.274638 -0.134061 0.028134 0.593727 1.000000 -0.195163 0.135352 0.003734 -0.005530 -0.358908 -0.445444 -0.308822 -0.397056 -0.255698 -0.421047 0.356839 0.631947 -0.045270 -0.122302 0.071164 0.183552 -0.208418 -0.106950 0.163981 -0.079998 -0.093179 -0.025989 0.070677 0.298623 -0.105744 0.009596 0.050113 -0.110107 -0.131965 -0.113950 0.136512 0.094430 -0.118435 -0.068185 0.020401 -0.217668 0.003821 -0.090928 0.196059 0.220252 -0.123344 0.139285 0.221753 0.317207 0.355811 0.433380 -0.251766 -0.017256 -0.231843 -0.281576 -0.064765 -0.037482 0.079238 0.071708 0.531707 0.225014 0.069417 0.204537 0.119052 0.047775 0.326469 0.349996 0.294762 0.489950 -0.126102 0.102833 -0.160554 -0.251881 -0.318157 -0.171635 -0.157594 -0.108065 -0.187603 -0.372987 -0.177044 -0.249732 -0.019105 0.279395 -0.111376 0.072280 -0.148870 -0.118534 -0.104928 0.127413 0.076502 -0.143001 -0.178426 0.106218 0.223897 0.111044 0.167626 0.105858 -0.030342 0.019814 0.015623 0.043709 0.143229 0.268847
0.339988 -0.001599 0.445054 0.060770 0.006838 -0.154607 0.223029 -0.053405 0.007210 -0.132909 0.224679 -0.184122 -0.129791 -0.238934 0.052356 -0.116277 -0.108289 -0.195163 1.000000 0.414154 -0.079691 0.055703 0.139636 -0.032125 -0.153738 -0.143576 -0.037666 -0.116689 0.028807 -0.151051 -0.146234 -0.183747 0.034079 -0.143590 -0.159782 -0.213371 -0.043169 0.034374 0.071813 0.174697 -0.182717 -0.052535 -0.019438 0.009861 -0.129715 -0.040036 0.067507 0.085330 -0.023876 -0.156997 -0.184290 -0.039210 -0.027256 0.087721 -0.028781 0.112656 0.020327 0.117880 -0.026225 -0.140434 0.090840 -0.127834 -0.136625 -0.202966 0.140136 -0.106236 0.166293 -0.116406 0.124348 0.058241 -0.076290 -0.123367 -0.073820 -0.137474 0.041390 -0.029873 0.001096 -0.132937 0.061548 -0.037823 -0.083155 -0.163245 0.052155 -0.096852 -0.143679 -0.238700 0.008546 -0.116729 0.161037 0.076534 0.172616 0.258148 -0.078178 0.149471 0.136278 0.032237 -0.095177 0.030464 0.103065 0.243735 -0.127960 0.135198 -0.068093 -0.038694 -0.118579 -0.152416 -0.020338 0.238887 0.079950 0.075066 0.140416 0.050324 -0.047658 -0.035620 -0.100114 0.085795
0.142871 0.264039 -0.021617 0.089195 -0.295587 -0.316815 -0.086777 -0.099179 -0.230633 -0.257521 -0.032432 0.020833 -0.105774 0.073460 -0.106421 -0.011613 0.136393 0.135352 0.414154 1.000000 0.012761 -0.062250 -0.034857 -0.002600 -0.179410 -0.239140 -0.181112 -0.173495 0.197060 0.096872 -0.007642 -0.135634 0.207302 0.017307 -0.031707 -0.232031 0.013961 0.042648 -0.247517 -0.032587 -0.006503 0.066598 0.142084 0.217263 -0.012356 0.009810 0.078196 0.303331 -0.093481 0.025202 -0.282946 -0.084151 -0.324430 -0.130641 -0.144740 -0.072198 0.057378 0.137946 -0.174035 -0.104778 -0.156276 -0.051911 -0.041896 -0.124254 -0.180740 -0.244947 -0.041743 -0.114819 0.314957 0.417015 0.179355 0.111568 0.233221 0.047028 0.120048 0.073402 0.137672 -0.035746 0.131439 0.092262 0.158844 -0.010948 -0.046023 0.064226 -0.297081 -0.074391 -0.145217 -0.064900 -0.250521 -0.190320 0.249391 -0.064434 -0.064769 -0.074102 0.035756 -0.110861 -0.069699 0.043644 0.051296 -0.117833 -0.112962 0.149865 0.016205 0.109220 -0.260009 0.049195 0.008836 0.043291 0.021254 0.019601 0.235827 0.074917 -0.193725 0.000486 0.035578 0.070618
0.160745 0.308233 -0.106700 0.161933 0.392140 0.396391 -0.218302 -0.002791 -0.015117 0.090567 -0.104879 0.027446 -0.306746 -0.251001 -0.058237 -0.141517 -0.125918 0.003734 -0.079691 0.012761 1.000000 0.355473 -0.063340 0.074583 0.159373 0.268026 0.381925 0.278605 -0.536312 -0.154597 -0.056395 0.056629 -0.306834 -0.232163 -0.184757 -0.023777 -0.212678 -0.292474 -0.112269 -0.077726 -0.248469 0.345530 -0.062951 0.022337 0.053790 0.003031 0.256986 0.123453 0.043219 -0.108130 0.267622 0.053167 0.097672 0.086950 0.031585 -0.036850 0.187469 0.253758 0.275050 0.229526 -0.157555 0.111018 -0.217262 0.014762 -0.084594 -0.122392 -0.111151 0.120380 0.109236 0.153919 0.528337 0.440234 -0.278955 0.043704 -0.145327 0.299418 -0.322833 0.019964 -0.123248 -0.053047 -0.227513 -0.109774 -0.054271 -0.177687 0.040976 0.112902 -0.093454 -0.202785 0.128483 0.315048 0.018190 -0.071581 -0.126243 -0.122687 -0.117139 -0.010807 -0.119053 -0.118559 -0.087622 -0.212264 0.203977 0.055605 0.186930 0.028817 0.154769 -0.070356 -0.150130 -0.001234 -0.053903 -0.068718 0.027069 -0.208505 -0.198021 -0.139242 0.005364 0.171569
0.156454 0.048707 -0.211529 0.196497 0.155655 0.090723 -0.330841 -0.095330 -0.146153 -0.130203 0.047270 -0.072559 -0.309838 -0.326014 -0.173002 -0.374324 -0.005739 -0.005530 0.055703 -0.062250 0.355473 1.000000 0.219865 0.238499 0.432833 0.517483 0.035995 0.398127 -0.500511 -0.107599 0.069042 0.330423 -0.383204 -0.215055 -0.071936 0.021999 -0.284702 0.084144 0.284853 0.526834 -0.361977 0.193360 -0.044617 0.031916 -0.037952 0.142905 0.124163 0.234357 -0.025250 -0.031695 0.155849 0.089580 -0.023276 0.003114 -0.109824 0.408365 0.259919 0.197527 0.185520 0.054424 -0.202881 -0.114573 -0.401154 -0.129655 -0.101155 0.161471 -0.064844 0.274639 0.097349 0.005089 0.522067 0.571850 -0.353049 0.215804 0.196939 0.436636 -0.325230 -0.093001 0.004716 0.100786 -0.032096 0.040668 -0.029044 -0.412634 -0.026135 -0.035534 0.034964 0.041282 0.172665 0.221951 -0.043635 0.045150 -0.333137 -0.331101 0.302768 0.278676 0.211662 0.354804 -0.042039 0.122200 -0.197214 -0.122713 -0.040592 -0.329942 -0.295088 -0.280621 0.128761 0.195956 0.218812 0.311831 0.493832 0.106204 -0.063635 0.063445 0.109911 0.067541
-0.194445 -0.423422 0.248226 0.322932 -0.126664 0.046313 -0.215049 -0.462779 -0.320912 -0.329348 0.115890 -0.226594 -0.187522 -0.321127 0.166835 -0.363196 -0.175384 -0.358908 0.139636 -0.034857 -0.063340 0.219865 1.000000 0.766779 0.460004 0.496650 0.080344 0.529976 -0.238912 -0.438604 0.223459 0.515759 -0.111923 -0.060023 0.354245 0.160251 -0.048662 0.116008 0.154598 0.026021 0.000020 -0.107075 0.002040 -0.049014 -0.033997 0.273367 -0.030421 0.033493 -0.321566 -0.009479 0.085802 0.049091 -0.186747 0.104448 -0.119983 0.109668 -0.212390 -0.105101 -0.085123 -0.482739 -0.567778 -0.579240 -0.383841 -0.557961 0.369494 0.159880 0.138434 0.415712 -0.025986 -0.103851 0.004508 0.046471 -0.317577 0.025345 0.204696 -0.115503 -0.039964 -0.006022 -0.116464 0.015154 -0.224443 -0.196148 0.133053 -0.343239 0.283996 0.271434 0.388621 0.414153 0.175256 -0.110369 0.063638 0.311690 0.114608 0.170571 0.031450 -0.161088 0.126902 0.055114 0.037159 0.067403 -0.243513 -0.308015 -0.249950 -0.047588 -0.075003 0.073826 -0.045179 -0.078239 0.019623 0.110827 0.248235 0.021234 0.018749 -0.067146 0.052166 -0.169383
-0.195650 -0.338189 0.103269 0.597471 -0.046658 0.184277 -0.266215 -0.382520 -0.323156 -0.226677 -0.067303 -0.114226 -0.333378 -0.249185 -0.052854 -0.333675 -0.292755 -0.445444 -0.032125 -0.002600 0.074583 0.238499 0.766779 1.000000 0.466515 0.667714 0.058203 0.591324 -0.356019 -0.431768 0.265902 0.620689 -0.192434 -0.138741 0.274369 0.074426 -0.174838 0.066366 -0.008233 -0.015317 -0.081822 -0.081889 0.056563 0.014160 0.002294 0.302072 0.028620 0.121269 -0.384582 0.072820 0.087158 0.026596 -0.218196 0.138624 -0.206130 0.061951 -0.182765 -0.203024 -0.120709 -0.424354 -0.599045 -0.542407 -0.369151 -0.462636 0.385413 0.119560 0.109163 0.488829 -0.096772 -0.039191 0.095056 0.230325 -0.361977 0.010417 0.106036 -0.098202 -0.154413 -0.076420 -0.163120 -0.066829 -0.230639 -0.205252 0.006865 -0.247724 0.248935 0.468449 0.307835 0.329873 0.005290 -0.078850 0.199701 0.285273 0.225653 0.110216 0.045346 -0.261844 0.046660 -0.020614 0.014950 -0.010714 -0.110441 -0.365631 -0.340767 -0.017655 -0.074035 -0.001500 -0.074007 -0.107932 -0.081130 0.002020 0.190795 0.013301 -0.016510 -0.076966 -0.017529 -0.328539
-0.073710 -0.295352 0.018748 0.123411 0.042427 0.204059 -0.340160 -0.241906 -0.141229 -0.063113 -0.179022 -0.237755 -0.255468 -0.321995 -0.039437 -0.249068 -0.156393 -0.308822 -0.153738 -0.179410 0.159373 0.432833 0.460004 0.466515 1.000000 0.746327 0.193912 0.629881 -0.465983 -0.393941 0.332535 0.484937 -0.224428 0.020842 0.268243 0.189927 -0.246740 0.001926 0.110470 0.088184 -0.101312 -0.104663 0.110805 0.100496 0.026652 0.343118 0.182422 0.330753 -0.056810 0.000590 0.277752 0.056592 -0.168522 0.138005 -0.137174 0.219438 -0.008306 -0.011943 0.072196 -0.197737 -0.408936 -0.349578 -0.473279 -0.405080 0.111964 0.215731 -0.017082 0.499900 0.040685 -0.053975 0.271552 0.319768 -0.465282 0.110641 0.049568 0.133414 -0.175922 0.074280 -0.216157 -0.002470 -0.206754 -0.273801 -0.057371 -0.364797 0.067323 0.187290 0.166309 0.171737 0.040613 -0.056024 -0.033103 0.179338 -0.150457 -0.129236 0.166956 -0.109972 0.399924 0.119616 -0.028262 -0.099000 -0.212223 -0.329752 -0.122077 -0.118464 -0.102097 0.001307 -0.113984 -0.108891 -0.030206 0.084923 0.343490 0.061876 -0.269067 -0.005533 0.083867 -0.144071
-0.132343 -0.313047 0.043216 0.284936 0.235179 0.343551 -0.245105 -0.207481 -0.025105 -0.000742 -0.137725 -0.192308 -0.280842 -0.345255 -0.106358 -0.367849 -0.331731 -0.397056 -0.143576 -0.239140 0.268026 0.517483 0.496650 0.667714 0.746327 1.000000 0.039357 0.638069 -0.523283 -0.374627 0.193533 0.650805 -0.336219 -0.022842 0.116108 0.191644 -0.416405 -0.024119 0.107672 0.143606 -0.294095 -0.086371 0.011412 -0.000080 -0.055933 0.220038 0.099202 0.202533 -0.184198 -0.110289 0.211047 0.109375 -0.100869 0.210626 -0.165644 0.192773 -0.138662 -0.138202 0.064384 -0.138603 -0.474970 -0.300155 -0.497179 -0.328623 0.202440 0.211749 0.016271 0.483739 -0.104858 -0.077925 0.330913 0.396287 -0.479796 0.093732 0.077412 0.102770 -0.352080 -0.139695 -0.269127 -0.023587 -0.284974 -0.240625 -0.093446 -0.390428 0.134487 0.208029 0.164486 0.138950 0.107686 0.089122 0.054829 0.229240 0.019160 0.033428 0.238761 -0.073958 0.293381 0.159881 -0.059104 -0.052535 -0.071511 -0.255545 -0.065100 -0.064613 -0.028674 -0.037821 -0.117954 -0.140636 0.032256 0.094488 0.293964 -0.064146 -0.147012 -0.027373 0.121304 -0.131782
0.183529 0.091734 0.043574 0.156266 0.262752 0.458981 -0.155773 -0.096774 -0.181946 -0.006969 -0.182120 -0.080589 -0.300800 -0.138378 0.216788 0.120063 -0.121879 -0.255698 -0.037666 -0.181112 0.381925 0.035995 0.080344 0.058203 0.193912 0.039357 1.000000 0.488459 -0.400915 -0.319924 -0.067479 -0.134881 -0.111807 -0.230825 0.092530 0.081735 0.095569 -0.124549 0.210586 0.047539 -0.008996 -0.035559 -0.054267 -0.066271 0.040276 0.028306 0.111083 -0.062987 0.017665 -0.015922 0.099057 -0.194857 0.106353 -0.043908 0.253239 0.154033 0.209496 0.128764 0.115972 0.024497 -0.029488 -0.146397 -0.112003 -0.196146 0.109989 -0.015231 0.054310 0.176052 0.140142 0.167129 0.002669 -0.011380 -0.466686 -0.152698 -0.190683 -0.002227 -0.043150 0.075857 -0.015714 -0.067875 -0.076217 -0.132414 0.283187 0.027084 0.155817 0.282728 0.182420 0.210164 0.398381 0.338125 -0.206059 -0.152468 -0.117413 -0.195106 -0.172626 -0.074400 -0.001033 -0.074724 -0.083005 0.004146 0.088202 -0.066483 0.100339 -0.034090 0.190426 -0.127094 -0.240486 0.017805 -0.293574 -0.074676 -0.112384 -0.166153 -0.157923 -0.253608 -0.198902 -0.026721
0.039103 -0.231466 -0.059384 0.266957 0.092222 0.390888 -0.444290 -0.286028 -0.350521 -0.191021 -0.218216 -0.275601 -0.385776 -0.360277 -0.036710 -0.318134 -0.200898 -0.421047 -0.116689 -0.173495 0.278605 0.398127 0.529976 0.591324 0.629881 0.638069 0.488459 1.000000 -0.545198 -0.557670 0.028684 0.330853 -0.250987 -0.156033 0.322728 0.141357 -0.100456 0.043319 0.211250 0.219165 -0.125731 -0.119907 -0.007673 0.030614 -0.069062 0.295159 0.175820 0.180109 -0.204045 -0.057802 0.219116 -0.031445 -0.058298 0.055027 0.044839 0.284398 0.097542 0.034611 0.064280 -0.232594 -0.449289 -0.391669 -0.522530 -0.465630 0.105701 0.271935 0.030186 0.525093 0.135949 0.084297 0.189227 0.217966 -0.530258 -0.050967 0.039607 -0.026771 -0.167414 -0.005927 -0.059928 -0.104047 -0.178660 -0.305377 0.159902 -0.387930 0.192484 0.288427 0.338157 0.271741 0.284574 0.162767 -0.050918 0.136740 -0.027110 -0.097336 0.116031 -0.092912 0.313894 0.226135 -0.059773 0.002859 -0.098127 -0.291476 -0.111603 -0.033318 0.120500 0.057610 -0.155498 -0.055029 -0.071116 0.121785 0.289950 -0.055974 -0.105596 -0.153237 0.026999 -0.131914
-0.075073 0.020014 -0.019019 -0.403367 -0.430420 -0.522519 0.396979 0.145706 0.174159 -0.032860 0.271933 0.272581 0.639414 0.534414 0.263394 0.387428 0.466647 0.356839 0.028807 0.197060 -0.536312 -0.500511 -0.238912 -0.356019 -0.465983 -0.523283 -0.400915 -0.545198 1.000000 0.632690 0.083862 -0.140870 0.450604 0.451591 -0.018566 -0.095425 0.452221 0.211510 -0.099555 -0.103810 0.437940 -0.079779 -0.031798 -0.069942 -0.083800 -0.340045 -0.262971 -0.282894 -0.030757 -0.047125 -0.373356 -0.210972 -0.051375 -0.228654 -0.017217 -0.278830 -0.173390 -0.231520 -0.352657 -0.083864 0.370603 0.162422 0.541030 0.312352 -0.128822 -0.198935 -0.094948 -0.511124 -0.140413 -0.180171 -0.359371 -0.401132 0.832509 0.037941 0.102539 -0.232376 0.366018 0.033295 0.221138 0.037066 0.333424 0.243514 0.163205 0.483216 -0.102358 -0.292707 -0.096744 0.022896 -0.269330 -0.442058 -0.107109 -0.188946 0.052416 0.102456 -0.127832 -0.033812 -0.146953 -0.081028 0.020895 -0.051845 -0.039069 0.103149 -0.083380 -0.003154 -0.106284 0.122145 0.113804 -0.130786 0.032318 0.038748 -0.220998 0.000499 0.048608 0.126476 0.044694 -0.080385
-0.058205 0.329733 -0.212532 -0.214148 -0.149573 -0.232798 0.227879 0.355144 0.125155 0.153154 0.220017 0.558566 0.465638 0.593042 0.077001 0.448865 0.477511 0.631947 -0.151051 0.096872 -0.154597 -0.107599 -0.438604 -0.431768 -0.393941 -0.374627 -0.319924 -0.557670 0.632690 1.000000 0.229771 0.012215 0.225079 0.356218 -0.247942 -0.098537 0.275249 0.021860 -0.143387 -0.055841 0.171711 0.134492 -0.049608 -0.003413 0.098206 -0.273405 -0.175881 -0.272171 0.091201 0.038193 -0.204231 -0.165375 0.020498 -0.282774 -0.007221 -0.264627 0.049118 -0.010468 -0.236608 0.144135 0.379407 0.393211 0.504471 0.544509 -0.295690 -0.158889 -0.276348 -0.529499 -0.140460 -0.239716 -0.062101 -0.057757 0.675612 0.316284 0.123825 0.194795 0.266391 0.105805 0.307836 0.255829 0.359234 0.527135 0.038315 0.486184 -0.090774 -0.207422 -0.246936 -0.088867 -0.195614 -0.218943 -0.274340 -0.461911 -0.093391 -0.260648 -0.193413 0.215399 -0.232301 -0.067382 -0.086387 -0.117352 0.136093 0.185578 0.121963 -0.263804 -0.217172 -0.202290 0.076478 -0.038332 0.037216 -0.015703 -0.322174 -0.151151 0.050800 0.103900 0.004807 0.033574
-0.165133 -0.139665 0.073828 0.141291 -0.041466 0.070112 -0.046353 0.080432 -0.142820 0.175304 0.081465 0.187968 0.008934 0.123296 0.053446 0.142503 0.085629 -0.045270 -0.146234 -0.007642 -0.056395 0.069042 0.223459 0.265902 0.332535 0.193533 -0.067479 0.028684 0.083862 0.229771 1.000000 0.677363 0.092580 0.240867 0.113187 0.108572 0.059858 -0.001710 -0.162772 -0.219442 0.220297 -0.026819 0.085979 0.083632 0.159350 0.141721 -0.020800 0.021660 -0.144892 0.098660 -0.041529 -0.119628 -0.241113 -0.052682 -0.273839 -0.128275 -0.041498 -0.109018 -0.281190 -0.303971 -0.153617 -0.217257 0.059641 -0.048604 0.154279 -0.075254 -0.211433 0.005332 -0.139177 -0.229715 0.160397 0.256754 0.039457 0.408170 0.149550 0.296294 0.253572 0.246212 0.077845 -0.044136 0.002079 0.178521 -0.006563 0.218445 0.043367 0.156749 0.049112 0.176338 -0.244979 -0.343010 -0.159278 -0.086477 -0.132912 -0.256581 -0.153297 -0.055971 0.008503 -0.123413 -0.071478 -0.150771 -0.148074 -0.315705 -0.236981 -0.349400 -0.272343 -0.169382 -0.198467 -0.323177 -0.109940 -0.184858 -0.085028 -0.089413 -0.266935 -0.117871 -0.067040 -0.279510
-0.275425 -0.239360 0.101147 0.314070 -0.006348 0.140211 -0.096492 -0.111357 -0.210027 -0.020346 0.006581 0.150698 -0.105998 0.014844 -0.070537 -0.164202 -0.083050 -0.122302 -0.183747 -0.135634 0.056629 0.330423 0.515759 0.620689 0.484937 0.650805 -0.134881 0.330853 -0.140870 0.012215 0.677363 1.000000 -0.060645 0.269953 0.126734 0.209855 -0.182189 -0.020927 0.004346 -0.006632 -0.073615 -0.045848 -0.029053 -0.047001 0.081727 0.195619 -0.077028 -0.024068 -0.285113 -0.011607 0.021229 -0.089718 -0.149712 -0.003095 -0.272699 -0.011656 -0.180674 -0.207043 -0.173358 -0.355714 -0.369639 -0.353338 -0.121246 -0.150216 0.259561 0.075851 -0.055943 0.277056 -0.198680 -0.243619 0.266402 0.433574 -0.123718 0.329137 0.194881 0.280162 -0.070517 0.034894 -0.008091 -0.016005 -0.168218 0.071857 -0.047428 -0.109516 0.077941 0.200411 0.124457 0.237641 -0.082915 -0.167964 -0.090134 -0.004632 -0.002528 -0.131219 0.051105 -0.016376 0.070281 0.027781 -0.096033 -0.130927 -0.149959 -0.341040 -0.235953 -0.336844 -0.278548 -0.093715 -0.106663 -0.317061 0.052302 -0.046372 0.106765 -0.157818 -0.238678 -0.103693 0.100777 -0.178202
-0.080672 0.074312 0.157086 -0.283538 -0.360412 -0.288618 0.237617 0.063950 -0.125047 -0.071174 -0.215997 0.019017 0.184528 0.391268 -0.058241 0.250594 0.190834 0.071164 0.034079 0.207302 -0.306834 -0.383204 -0.111923 -0.192434 -0.224428 -0.336219 -0.111807 -0.250987 0.450604 0.225079 0.092580 -0.060645 1.000000 0.662864 0.101306 -0.023372 0.404414 0.080418 -0.078144 -0.164484 0.397431 -0.059787 0.010087 0.024799 -0.034004 -0.097603 -0.164007 -0.120959 -0.126021 -0.039898 -0.315447 -0.331687 -0.032655 -0.327013 -0.008431 -0.184427 0.007125 -0.063967 -0.217413 -0.097220 0.276087 0.123427 0.392412 0.202383 -0.103200 -0.216402 0.206845 -0.130597 0.179564 0.037045 -0.339778 -0.325619 0.331361 -0.007530 0.016861 -0.092746 0.431559 0.153755 0.306156 -0.017728 0.281024 0.138415 0.049270 0.308074 -0.199609 -0.141628 -0.126670 0.067920 -0.268017 -0.351245 -0.310974 -0.332451 -0.096280 -0.157314 -0.124991 -0.101507 -0.035598 -0.112086 -0.123326 -0.115485 -0.057104 -0.066937 -0.138185 -0.009038 -0.024548 0.071918 -0.116513 -0.310234 -0.126834 -0.020436 -0.146362 -0.074916 -0.155996 -0.060981 -0.022437 -0.057243
-0.114918 -0.040201 0.192833 -0.355810 -0.151066 -0.173063 0.421951 0.303180 0.087767 0.104307 -0.004974 0.176565 0.431337 0.419109 0.023620 0.202128 0.200401 0.183552 -0.143590 0.017307 -0.232163 -0.215055 -0.060023 -0.138741 0.020842 -0.022842 -0.230825 -0.156033 0.451591 0.356218 0.240867 0.269953 0.662864 1.000000 0.116003 0.290906 0.121749 -0.127226 -0.137629 -0.180347 0.209976 -0.098093 -0.164565 -0.090764 0.011926 -0.107227 -0.371645 -0.237305 -0.058869 -0.207055 -0.257236 -0.368893 -0.055868 -0.353181 -0.187270 -0.307363 -0.221474 -0.260678 -0.245941 -0.101871 0.240575 0.153972 0.343280 0.217840 -0.073066 -0.032643 0.157211 -0.035745 -0.187221 -0.252474 -0.204404 -0.128729 0.405165 0.002373 -0.028417 0.029308 0.181567 0.079924 0.135389 -0.003484 0.103806 0.120644 -0.109098 0.206826 -0.191866 -0.306640 -0.124164 -0.060457 -0.282639 -0.394288 -0.296365 -0.304568 -0.021442 0.006279 -0.066375 -0.119833 -0.023203 -0.148468 -0.328422 -0.324941 -0.050787 -0.129584 -0.096074 -0.170496 -0.150123 0.090898 -0.020639 -0.364019 -0.040586 0.001430 -0.079872 -0.239293 -0.267601 -0.048177 0.124947 -0.064949
-0.188136 -0.286321 0.162710 0.004835 -0.146946 0.060070 -0.068022 -0.222041 -0.252934 -0.183088 -0.080758 -0.167568 -0.036328 -0.106086 -0.077153 -0.214327 -0.001363 -0.208418 -0.159782 -0.031707 -0.184757 -0.071936 0.354245 0.274369 0.268243 0.116108 0.092530 0.322728 -0.018566 -0.247942 0.113187 0.126734 0.101306 0.116003 1.000000 0.382467 0.007039 0.043103 -0.013657 0.004744 0.045335 -0.346444 0.010793 -0.046668 0.213585 0.244070 -0.120037 0.057234 0.003812 0.156062 0.041938 -0.122288 -0.243521 -0.073173 -0.099945 -0.047232 -0.137302 -0.082159 -0.142391 -0.208090 -0.205824 -0.344127 -0.153468 -0.288283 0.197489 0.082111 0.317037 0.477938 0.095658 0.006623 -0.127973 -0.053989 -0.124189 -0.219863 -0.035496 -0.211611 0.133441 0.057742 -0.037359 0.083640 -0.155129 -0.182629 -0.024683 -0.243371 0.019897 0.148660 0.073766 0.201806 -0.018454 -0.283403 -0.114125 0.017993 0.019148 0.054645 0.071418 -0.209861 0.148759 0.000474 -0.175387 -0.152125 -0.101977 -0.105221 -0.107255 0.056733 0.001425 0.126486 -0.119630 -0.136130 -0.089426 0.038484 0.277354 0.124577 -0.123223 -0.118410 -0.038518 -0.115277
-0.044672 -0.226674 0.225587 -0.096933 0.177789 0.166543 0.245802 -0.001985 0.144122 0.062649 -0.008684 -0.076782 0.074592 -0.101374 0.002739 -0.121794 0.015500 -0.106950 -0.213371 -0.232031 -0.023777 0.021999 0.160251 0.074426 0.189927 0.191644 0.081735 0.141357 -0.095425 -0.098537 0.108572 0.209855 -0.023372 0.290906 0.382467 1.000000 -0.218592 -0.222459 0.050633 -0.149073 -0.089738 -0.195188 -0.262648 -0.242666 0.380416 0.167019 -0.261278 -0.126993 0.128606 0.034000 0.048608 -0.079887 -0.050213 0.031132 -0.082151 -0.198209 -0.154498 -0.100791 0.056441 0.001410 -0.062679 -0.135765 -0.015355 -0.123422 0.259871 0.133067 0.348664 0.429346 -0.147634 -0.108091 -0.171953 -0.044637 -0.132544 -0.263012 -0.111750 -0.141785 -0.132041 -0.124418 -0.104247 0.045810 -0.163746 -0.013081 -0.207427 -0.271185 0.072625 0.062586 -0.120232 -0.048926 0.041025 -0.053018 -0.098309 -0.050270 -0.018034 0.041832 -0.225167 -0.183219 -0.164111 -0.212511 -0.351078 -0.247524 -0.090413 -0.065767 0.027572 0.006281 -0.039728 0.035105 -0.055992 -0.136332 -0.145942 -0.069439 0.046388 -0.118393 -0.185637 -0.126241 0.038184 -0.074477
