1.000000 0.388808 0.295107 -0.040609 0.217991 0.209323 0.175619 -0.165350 0.213905 -0.168128 0.387491 0.000334 0.152349 -0.131076 0.248444 -0.008817 0.187270 -0.148519 0.261715 0.051015 -0.055623 -0.086023 0.238741 -0.044294 0.095753 0.200539 0.299549 0.351598 -0.039990 -0.158470 -0.065434 -0.095113 0.048865 -0.213686 -0.116722 -0.199537 0.099264 0.042638 0.146618 0.042472 0.200171 -0.004082 -0.373073 -0.310598 -0.483139 -0.402532 -0.154036 -0.348558 0.201839 -0.397958 0.166547 -0.118330 0.212900 -0.165822 0.235777 -0.223864 0.099508 0.027006 0.365969 0.101340 0.247283 0.252727 -0.095382 -0.138779 0.229088 0.420973 0.120657 -0.116660 0.329183 0.024923 -0.114148 0.002494 -0.181565 -0.014321 0.037196 0.042581 0.167812 0.135672 -0.272348 -0.019079 -0.261305 -0.236893 -0.036782 -0.153626 0.134810 -0.010025 0.092648 0.209654 0.337137 0.395155 -0.077858 0.039765 0.070138 0.183903 -0.048832 0.070015 -0.000803 -0.067240 -0.328595 -0.088093 -0.039438 0.095902 -0.101844 -0.167409 -0.194978 -0.255801 -0.117056 -0.099283 -0.048047 -0.047612 -0.100781 -0.301487 -0.044586 0.039543 0.045965 0.045115
0.388808 1.000000 -0.027044 0.019600 -0.135163 0.144080 0.054396 0.187855 0.049137 0.067317 0.031452 0.105986 0.012317 0.105916 -0.045300 0.015339 0.089127 -0.168683 0.073894 0.386441 -0.060238 -0.444415 -0.321679 -0.317055 -0.222938 -0.243908 0.216055 0.083019 -0.191723 -0.188773 -0.141119 -0.230162 0.262200 -0.089634 -0.087785 -0.341434 0.274976 0.072204 0.167886 0.239534 0.234513 0.120976 -0.284478 -0.408008 -0.600690 -0.541348 -0.122393 -0.371718 0.076583 -0.406101 -0.110128 0.034208 0.311007 0.063925 0.376073 -0.111048 0.261806 0.526119 0.420403 0.287820 0.386316 0.459257 0.075456 0.259208 0.135241 0.574464 0.245251 -0.445003 0.202292 0.298199 -0.028368 -0.002584 -0.040601 0.043177 0.108188 -0.075888 0.322075 0.064271 -0.174136 0.049832 -0.084534 -0.253094 -0.165286 -0.042564 -0.133402 -0.090479 -0.123302 0.213927 -0.071067 0.394072 0.224403 -0.127852 0.184087 -0.176020 -0.024115 0.094585 -0.075430 -0.385177 0.022177 0.086687 0.227658 -0.011773 -0.091736 -0.221855 -0.170651 -0.173355 -0.175090 -0.213361 0.056135 -0.043389 -0.311927 -0.182114 0.251859 0.297397 -0.043085 -0.173665
0.295107 -0.027044 1.000000 0.274576 0.091214 0.196989 0.359603 0.237780 0.411674 0.061561 0.123644 -0.245286 0.263219 -0.232759 0.247017 -0.042035 -0.107595 -0.309029 0.249075 -0.110350 0.044982 0.059093 0.265882 -0.180476 0.109057 0.192416 0.110204 0.178948 -0.177203 -0.288730 -0.063151 -0.148780 -0.000609 -0.133380 -0.021070 0.203607 -0.125174 0.095156 0.111207 0.032135 0.077751 0.100575 -0.029174 -0.031456 -0.230678 -0.013236 -0.182670 0.204821 -0.099533 -0.109841 0.239125 -0.234183 -0.098901 -0.127071 -0.062366 -0.071549 -0.225401 -0.205080 -0.096483 -0.181477 -0.064559 -0.290000 -0.240302 -0.348066 0.219358 0.028390 -0.075190 0.198366 0.084457 0.051285 -0.056879 0.067755 -0.293824 -0.083088 -0.181221 0.077219 -0.103524 0.060966 -0.162051 -0.144829 -0.318274 -0.208933 0.093170 -0.282756 0.031554 0.183550 -0.053054 -0.009534 0.376337 0.120928 -0.098538 0.283638 0.291554 0.152669 -0.026430 -0.091997 -0.058468 0.037532 -0.242445 -0.085443 -0.063480 -0.118188 -0.252888 -0.049404 -0.079846 -0.053641 0.067444 0.081251 0.028511 -0.023124 0.142789 -0.029798 -0.229612 -0.099334 -0.001666 -0.011456
-0.040609 0.019600 0.274576 1.000000 -0.081472 0.035709 0.102881 0.404313 0.011786 0.198607 0.072337 0.098695 -0.065013 0.013048 0.227821 0.272318 -0.054157 -0.173995 0.210415 0.300461 -0.063831 0.035194 0.219934 0.263971 0.105411 0.209055 -0.079489 -0.016585 -0.063893 0.017355 0.123126 0.251601 -0.041245 0.256181 0.153827 0.200579 -0.175580 0.093442 -0.049433 -0.060068 -0.035726 0.089437 -0.099891 -0.102783 -0.147735 0.015437 -0.155160 0.082737 -0.123009 -0.160967 0.057571 -0.070527 -0.192658 -0.128063 -0.306899 -0.161561 -0.328544 -0.205416 -0.398509 -0.340991 -0.352285 -0.349751 -0.307596 -0.225683 0.148968 0.066427 -0.184861 0.020870 -0.217413 -0.126063 0.033647 0.164712 -0.097344 0.179803 0.174822 0.383751 -0.045385 0.095985 -0.166910 -0.155474 -0.180643 -0.051580 -0.063843 0.132426 0.045484 0.252099 0.115374 -0.023506 0.118329 -0.028983 -0.020738 0.017649 0.365967 -0.025695 0.033536 -0.051718 -0.162904 0.012472 -0.084790 -0.157955 0.087823 -0.183059 -0.145905 -0.257337 -0.076191 -0.120521 0.180665 0.081859 -0.002830 -0.183140 -0.058436 -0.029055 -0.113508 -0.065408 -0.132546 0.023729
0.217991 -0.135163 0.091214 -0.081472 1.000000 0.285067 0.061890 -0.064474 0.272042 -0.015391 0.166899 -0.077595 0.181158 0.035746 0.102803 -0.045727 0.177513 0.150268 -0.025065 -0.164475 0.180504 0.184512 0.017720 -0.008981 0.071229 -0.009435 0.338826 0.072906 0.160218 0.012303 -0.200785 -0.004553 -0.153634 -0.039219 -0.082369 0.028792 -0.001883 -0.093608 -0.156376 -0.244296 -0.166731 -0.242018 -0.170538 -0.104622 -0.028682 -0.064372 -0.217675 -0.390695 0.063366 0.040145 -0.053169 -0.147366 -0.173606 -0.058077 -0.060250 -0.190335 -0.066473 -0.197932 0.103482 0.071980 0.180430 0.015936 0.137414 0.133213 0.193897 0.019948 -0.082902 0.018964 -0.047221 -0.123125 -0.013017 -0.014085 0.096711 0.024477 -0.085486 -0.073407 -0.060536 -0.074862 0.108541 0.055406 0.126718 0.163022 -0.038324 -0.014111 0.036473 -0.041445 0.088026 -0.119467 0.156084 0.008450 -0.080902 -0.056227 -0.103783 0.124630 -0.134726 -0.045848 -0.193005 0.208435 -0.237206 -0.188688 -0.117197 -0.014536 0.130624 0.222856 0.049278 0.041149 0.021708 -0.088252 -0.031766 -0.013298 -0.186752 0.067683 0.025453 -0.125478 0.150744 0.023238
0.209323 0.144080 0.196989 0.035709 0.285067 1.000000 0.184991 0.219936 0.058756 0.205497 0.217697 0.014144 0.180310 0.160022 0.121158 0.237464 0.051748 0.046212 0.004911 0.006403 -0.092133 -0.138089 -0.074817 -0.270056 -0.051323 -0.059544 0.363703 0.062881 -0.086013 0.017302 -0.310658 -0.220553 0.129599 -0.030623 -0.155327 0.075249 -0.053272 0.124919 0.052418 -0.036439 0.142016 -0.020272 -0.176978 -0.201544 -0.035330 -0.090798 -0.080332 -0.140272 0.070371 -0.002935 0.007851 -0.123706 -0.083249 -0.169145 0.166874 -0.012461 0.057651 -0.241515 0.140365 -0.119190 0.157129 -0.102160 0.190424 -0.136715 0.162412 0.054894 0.047385 0.015200 -0.098760 -0.026613 -0.203000 -0.026841 -0.093053 -0.001317 0.027430 0.017664 -0.008552 0.071345 0.012879 0.024512 -0.130794 -0.081569 -0.002562 0.077634 -0.012681 0.067070 0.058808 0.110402 0.207158 0.347615 -0.071324 -0.183116 0.185784 0.037741 -0.103363 -0.018195 -0.180734 0.008080 -0.118981 -0.201881 0.088008 0.031609 0.037338 -0.081890 -0.051697 -0.160261 0.090955 -0.044732 0.032504 -0.034410 -0.118069 0.100937 -0.027563 -0.086933 -0.002188 -0.045899
0.175619 0.054396 0.359603 0.102881 0.061890 0.184991 1.000000 0.490701 0.090387 0.346790 0.259598 0.111367 0.347300 0.247975 -0.131105 0.120461 0.219150 -0.100477 0.024707 0.144350 -0.069712 -0.268649 -0.101934 0.020007 -0.271873 -0.244128 -0.064795 -0.304232 0.239556 -0.038516 -0.011621 0.103246 0.217389 0.369314 -0.251069 0.015671 -0.162967 -0.096529 -0.221914 -0.076209 0.011172 -0.098843 -0.087300 -0.173647 0.018055 -0.129245 -0.083015 -0.091611 -0.092929 0.145651 -0.127030 -0.150377 -0.059462 -0.047246 -0.059961 -0.062169 -0.003277 -0.162030 -0.130854 -0.183133 0.046047 -0.028196 0.130651 0.025079 0.275711 0.036246 -0.165371 -0.048269 -0.014226 -0.130377 -0.139439 0.109088 0.153778 0.047025 0.082092 0.212284 -0.063126 -0.163477 -0.111813 -0.204889 -0.134650 -0.158377 -0.050626 0.048723 -0.102484 -0.127156 -0.118342 -0.142231 0.121982 0.010938 0.109833 0.072741 0.142719 0.033883 -0.012538 -0.192506 0.032958 -0.029084 0.049440 -0.022758 0.043877 -0.254484 0.026318 -0.225979 -0.357141 -0.424204 -0.378939 -0.360464 -0.092578 -0.213187 -0.204594 0.174954 -0.049045 0.081673 -0.178807 -0.113685
-0.165350 0.187855 0.237780 0.404313 -0.064474 0.219936 0.490701 1.000000 0.124791 0.469560 0.194490 0.264869 0.360965 0.545672 -0.177180 0.184967 0.119537 -0.003637 -0.228011 0.220344 -0.082564 -0.329434 -0.380804 -0.175872 -0.408095 -0.404654 -0.039717 -0.524325 0.044904 -0.001002 -0.181840 -0.055869 0.227407 0.403681 -0.079048 0.165402 -0.152897 -0.104923 -0.199004 -0.019053 -0.041619 -0.071002 -0.104791 -0.168931 0.071925 0.068440 -0.118149 -0.080388 -0.285259 0.256053 -0.241049 -0.223487 -0.302069 -0.203866 -0.091494 -0.066989 -0.024976 -0.115709 -0.268408 -0.337219 0.042073 -0.147465 0.148932 0.180746 0.414816 0.016482 -0.156674 -0.049020 -0.324623 -0.050174 -0.029981 0.065747 0.062300 0.036699 -0.033901 0.129869 -0.112622 -0.160515 -0.067550 -0.211087 -0.002110 -0.064926 -0.093827 0.127887 -0.166702 0.032909 -0.062720 -0.147129 -0.002018 0.021833 0.197819 -0.128403 0.371529 -0.216528 0.030610 -0.112623 -0.076042 -0.102456 0.111423 -0.127554 0.197756 -0.306117 -0.013777 -0.275649 -0.218640 -0.190655 -0.117489 -0.192263 0.054113 -0.216568 -0.288766 0.077118 -0.114583 -0.003135 -0.048914 -0.155870
0.213905 0.049137 0.411674 0.011786 0.272042 0.058756 0.090387 0.124791 1.000000 0.090736 0.282305 -0.084015 0.394547 0.047606 0.224064 0.093245 0.203418 0.068805 0.015750 -0.035626 -0.059978 -0.118985 0.015257 -0.253712 -0.249427 -0.196283 0.054350 0.016910 0.037628 -0.015007 -0.305467 -0.419827 -0.219069 -0.252953 -0.040044 0.060376 0.062135 0.011549 -0.073182 -0.076428 0.067541 -0.049242 -0.059566 -0.132944 -0.179808 -0.062140 -0.032589 -0.023932 0.196440 0.108086 0.108975 0.007386 -0.052172 -0.095342 -0.063901 -0.118991 -0.177478 -0.125903 -0.004074 0.030478 0.129391 -0.050197 0.016166 0.038121 0.253755 0.122686 -0.194556 -0.050748 -0.072551 -0.014082 -0.016802 -0.011941 -0.078178 0.001433 -0.168889 -0.146583 -0.017773 0.016428 0.070747 0.013145 -0.004918 0.116621 -0.012311 -0.085517 -0.063491 -0.080168 0.031733 -0.279220 0.155800 0.096395 0.174054 0.238601 0.092092 0.148673 0.059320 -0.080723 -0.205401 0.105981 -0.018999 -0.126808 -0.045339 0.087937 -0.032143 0.156099 0.095505 -0.003095 0.139909 0.076273 0.005431 -0.046895 -0.324087 -0.131956 -0.103672 -0.045362 0.139193 0.160067
-0.168128 0.067317 0.061561 0.198607 -0.015391 0.205497 0.346790 0.469560 0.090736 1.000000 0.153748 0.108126 0.263655 0.285756 -0.077134 0.423484 0.131945 0.037909 -0.004150 0.178688 -0.186881 -0.494634 -0.273016 -0.080537 -0.359527 -0.342700 -0.056839 -0.295243 0.107773 0.091076 -0.061320 -0.004956 0.051978 0.170631 -0.110459 0.136162 -0.120133 0.061013 -0.161122 -0.116627 0.136708 -0.026323 0.034073 -0.026963 0.144271 0.092745 0.075055 0.101993 -0.021001 0.328264 -0.063891 0.011066 -0.080401 -0.030076 -0.050571 0.050475 0.015497 -0.155621 -0.193151 -0.318752 -0.019514 -0.194443 0.169971 0.091834 0.158867 -0.072631 -0.155199 -0.139012 -0.262784 -0.137195 -0.056944 0.031357 0.142622 0.035139 0.067586 0.137620 -0.094871 -0.037622 -0.049014 -0.171910 0.046192 0.078393 -0.015106 0.373692 -0.011734 0.034235 -0.043978 -0.133140 -0.075005 0.029055 0.013860 -0.147332 0.237179 -0.159726 0.010452 -0.239755 -0.097913 -0.045781 0.064667 -0.229264 0.337621 -0.173125 -0.048085 -0.206398 -0.040033 -0.323699 -0.131421 -0.149384 -0.124689 -0.243052 -0.217558 0.091120 -0.110051 0.102256 -0.209814 -0.047171
0.387491 0.031452 0.123644 0.072337 0.166899 0.217697 0.259598 0.194490 0.282305 0.153748 1.000000 0.278015 0.622271 0.325798 0.394259 0.228265 0.328629 0.185925 0.094606 0.219123 -0.137486 -0.153803 0.264837 0.093396 -0.168388 -0.071906 0.182073 -0.063280 0.348586 0.090842 -0.080545 0.014950 0.011366 0.130940 -0.151787 0.030043 0.060320 -0.072156 -0.017047 -0.152087 -0.002873 -0.189366 -0.248493 -0.233956 -0.009446 -0.155511 -0.116241 -0.245605 -0.032868 -0.047420 0.114748 -0.208747 -0.245497 -0.212436 -0.036477 -0.161876 -0.108416 -0.358120 -0.054096 -0.260877 -0.024921 -0.048504 0.016093 0.002220 0.470274 0.107692 -0.253079 -0.007347 -0.284693 -0.208540 -0.119166 0.153152 0.084096 0.130329 -0.010743 0.009862 0.007820 0.075930 -0.130688 0.124814 -0.080717 0.056291 0.135165 0.083240 0.279059 -0.005668 0.366363 0.003467 0.192739 0.059689 -0.102425 0.105332 0.199801 0.034233 -0.080793 -0.094307 -0.142765 -0.003096 -0.211683 -0.137039 0.082126 -0.191418 -0.092025 -0.292900 -0.243676 -0.216884 -0.050797 -0.270883 -0.011105 -0.073746 -0.255931 -0.222722 -0.097119 -0.153158 0.032314 0.091930
0.000334 0.105986 -0.245286 0.098695 -0.077595 0.014144 0.111367 0.264869 -0.084015 0.108126 0.278015 1.000000 0.146197 0.611924 0.070190 0.419859 0.214127 0.154385 -0.218281 0.289130 0.156627 -0.101441 -0.051036 0.120064 -0.278321 -0.171152 -0.122165 -0.388249 0.262718 0.340363 0.086420 0.193085 0.249274 0.327590 0.010812 -0.035251 0.153722 -0.003926 -0.136688 0.100848 0.134144 0.060324 -0.071826 -0.162825 0.174612 -0.094238 0.168931 -0.226045 -0.185782 -0.028244 -0.165784 -0.089219 -0.248144 -0.035409 -0.011691 0.014139 -0.095647 -0.185745 -0.168948 -0.449885 -0.134859 -0.106649 0.044810 0.197123 0.254296 -0.129478 -0.131107 -0.183062 -0.386239 -0.331931 0.034622 0.230518 0.314599 0.180755 0.215441 0.100335 0.059172 0.023383 -0.172398 0.019006 0.108486 0.048912 0.004107 0.244443 0.068842 0.081345 0.048918 0.031515 -0.113209 -0.127980 0.042395 -0.267758 -0.010844 -0.376114 -0.163937 0.226931 0.052440 -0.090630 0.129606 0.098319 0.142794 -0.287082 -0.102596 -0.420546 -0.359889 -0.075056 -0.240433 -0.309691 0.095737 -0.122707 -0.142543 0.066982 0.143026 -0.129907 0.072763 -0.042406
0.152349 0.012317 0.263219 -0.065013 0.181158 0.180310 0.347300 0.360965 0.394547 0.263655 0.622271 0.146197 1.000000 0.466832 0.178041 0.122597 0.411981 0.192957 -0.013684 0.070529 -0.152003 -0.248495 -0.085481 -0.157544 -0.297931 -0.327288 0.072718 -0.277200 0.353669 0.159001 -0.347042 -0.235900 -0.061583 -0.007730 -0.098862 0.092708 0.027763 -0.040471 -0.201218 -0.302206 -0.031306 -0.228791 -0.127496 -0.129005 0.098189 -0.040742 -0.091638 -0.155911 0.000656 0.167661 0.170643 -0.122038 -0.275745 -0.210251 -0.143821 -0.248060 -0.085242 -0.241422 -0.100254 -0.230493 0.080917 -0.101905 0.198225 0.150743 0.493651 0.010980 -0.203508 -0.098903 -0.320167 -0.172416 -0.003953 -0.008702 0.086454 0.133302 -0.061306 -0.062402 0.048995 0.043119 -0.006899 0.065882 0.095855 0.196195 0.038482 0.081530 0.092144 -0.016050 0.114219 -0.263896 0.044394 0.044827 -0.034447 0.071531 0.143800 0.099279 0.000349 -0.208168 -0.292721 0.070258 -0.054768 -0.217085 0.131934 -0.066811 -0.001699 0.036654 -0.041237 -0.178769 0.037467 -0.043790 -0.079439 -0.143788 -0.326548 -0.169403 -0.158031 -0.088248 0.053260 0.168722
-0.131076 0.105916 -0.232759 0.013048 0.035746 0.160022 0.247975 0.545672 0.047606 0.285756 0.325798 0.611924 0.466832 1.000000 -0.115620 0.305682 0.400857 0.361175 -0.257745 0.249880 -0.009400 -0.276851 -0.311412 -0.031351 -0.565997 -0.539390 -0.137323 -0.668735 0.388665 0.341986 -0.190587 -0.018741 0.077889 0.331716 -0.110956 -0.047049 0.092005 -0.159268 -0.263661 -0.078586 -0.013984 -0.170200 -0.108519 -0.181745 0.219033 -0.038955 -0.048365 -0.203727 -0.009339 0.190099 -0.168822 -0.004182 -0.255987 -0.133575 -0.140251 -0.109874 -0.103862 -0.161464 -0.190145 -0.329195 0.045369 -0.041985 0.326252 0.433698 0.341912 -0.046559 -0.229429 -0.267113 -0.492108 -0.193833 0.084408 0.147414 0.339734 0.144677 0.140451 0.116522 0.072194 -0.076519 0.034210 0.094986 0.275959 0.168972 -0.203302 0.250635 -0.155201 -0.200030 -0.073116 -0.254243 -0.151649 -0.149399 0.252856 -0.182745 0.044534 -0.204984 -0.010458 0.022880 -0.081865 0.000036 0.306421 -0.109104 0.163614 -0.121934 0.147707 -0.175961 -0.184394 -0.198429 -0.166234 -0.257731 0.000897 -0.220111 -0.410914 0.028351 0.053778 -0.060363 0.064689 0.059625
0.248444 -0.045300 0.247017 0.227821 0.102803 0.121158 -0.131105 -0.177180 0.224064 -0.077134 0.394259 0.070190 0.178041 -0.115620 1.000000 0.360061 -0.053447 -0.104697 0.283793 0.065782 0.022550 0.087645 0.558422 0.054297 0.207053 0.326684 0.261286 0.218267 0.010094 0.046166 0.254657 0.122984 -0.117606 -0.130250 0.104348 0.096567 0.129764 0.296286 0.238770 0.117794 0.195300 0.132488 -0.157207 -0.171080 -0.227445 -0.249110 -0.062142 -0.060538 -0.088503 -0.357088 0.144723 -0.168953 0.006717 0.092765 -0.042406 -0.108371 -0.199683 -0.247606 -0.022222 -0.213654 -0.134125 -0.100739 -0.373489 -0.223493 0.176505 -0.011608 -0.069131 0.069845 -0.153054 -0.059555 -0.146087 0.132139 -0.042887 0.034024 -0.025488 0.072867 0.012903 0.220904 -0.171389 0.074081 -0.274052 -0.010552 0.205131 0.009278 0.410227 0.219186 0.304302 0.115936 0.372736 0.160898 -0.287827 0.096055 0.089178 -0.030340 -0.138960 0.084767 -0.073298 -0.049185 -0.332758 0.013652 -0.062754 -0.093000 -0.228834 -0.341319 -0.307038 0.031591 0.190464 -0.014693 -0.014911 0.093919 0.114647 -0.005541 -0.104956 -0.248371 -0.086016 0.005314
-0.008817 0.015339 -0.042035 0.272318 -0.045727 0.237464 0.120461 0.184967 0.093245 0.423484 0.228265 0.419859 0.122597 0.305682 0.360061 1.000000 0.078662 -0.041200 0.135476 0.317072 -0.142607 -0.273181 0.064936 0.023330 -0.177302 -0.043042 -0.129246 -0.161497 0.130414 0.351717 0.059723 0.077903 0.092552 0.114011 0.054451 0.100320 0.123661 0.228865 -0.026664 0.106457 0.364356 0.245645 -0.126004 -0.285787 -0.016381 -0.150136 0.171317 -0.014401 -0.006659 -0.020754 -0.032074 -0.044281 -0.062325 0.111750 -0.077551 -0.106615 -0.232173 -0.292947 -0.249168 -0.503902 -0.219704 -0.307280 -0.070891 -0.166234 0.129193 -0.184384 -0.172862 -0.150321 -0.245428 -0.219289 -0.037935 0.097846 0.126841 0.153163 0.108727 0.105455 0.028855 0.223172 -0.213454 0.063567 -0.142688 0.012723 0.020012 0.465051 0.134019 0.280342 -0.017498 -0.027221 -0.059864 0.076752 -0.143583 -0.100472 0.169414 -0.270053 -0.021647 0.091816 -0.164563 -0.069019 -0.100568 -0.113187 0.171312 -0.283574 -0.261462 -0.341443 -0.257900 -0.081610 0.084910 -0.048974 -0.018149 0.007375 -0.119741 0.055115 -0.001179 -0.118803 -0.129623 -0.001062
0.187270 0.089127 -0.107595 -0.054157 0.177513 0.051748 0.219150 0.119537 0.203418 0.131945 0.328629 0.214127 0.411981 0.400857 -0.053447 0.078662 1.000000 0.384581 0.177591 0.125132 -0.133389 -0.242607 -0.123006 0.071062 -0.325964 -0.253630 -0.064048 -0.283847 0.626098 0.295962 -0.132104 -0.027689 -0.069039 0.242668 -0.157753 -0.040573 0.070633 0.010648 -0.189160 -0.410100 0.035518 -0.091682 -0.073045 -0.243543 -0.071910 -0.311685 -0.143865 -0.364754 0.153792 0.015628 0.084641 0.029786 -0.015435 -0.203939 -0.076352 -0.416162 0.025369 -0.078501 0.000637 -0.095721 0.131244 -0.037063 0.398512 0.297584 0.188780 0.101909 -0.171987 -0.336018 -0.049390 -0.287740 0.034870 0.095475 0.455472 0.366499 0.391355 0.276370 0.160437 0.067356 0.257735 0.148527 0.443241 0.343673 -0.131592 0.334869 0.082426 -0.128563 -0.022383 -0.333747 -0.095481 -0.076232 -0.072859 -0.207261 -0.100998 0.024471 0.040832 -0.204959 -0.282851 0.172180 0.078788 -0.310493 0.032312 0.129523 0.093542 -0.004674 -0.051986 -0.440120 -0.130874 -0.160897 -0.187195 -0.394672 -0.424572 -0.211691 -0.023624 0.096791 -0.054030 0.101178
-0.148519 -0.168683 -0.309029 -0.173995 0.150268 0.046212 -0.100477 -0.003637 0.068805 0.037909 0.185925 0.154385 0.192957 0.361175 -0.104697 -0.041200 0.384581 1.000000 -0.032803 0.013185 -0.043159 0.053142 -0.181595 0.033808 -0.219112 -0.283100 -0.152685 -0.337841 0.437274 0.425617 -0.190207 -0.091551 -0.214638 -0.028348 0.011635 -0.106050 -0.020843 -0.092100 -0.283662 -0.352547 -0.093799 -0.240015 0.181791 0.136849 0.240973 0.061820 0.002324 -0.216992 0.160516 0.208988 0.077615 0.120822 -0.197622 -0.114988 -0.203640 -0.108799 -0.070919 -0.116427 -0.110470 -0.136793 -0.001516 -0.072933 0.338424 0.274750 0.026362 -0.100661 -0.149951 -0.317112 -0.239024 -0.378040 0.220785 0.021515 0.362746 0.206015 0.180164 -0.077339 0.087894 0.024929 0.361115 0.284485 0.452325 0.588694 -0.160796 0.199256 -0.025221 -0.057594 0.047350 -0.239253 -0.178914 -0.180088 0.075613 -0.166219 -0.050686 0.029861 0.097760 -0.199003 -0.291753 0.326508 0.128944 -0.302077 -0.077307 0.260260 0.224737 0.250523 0.130291 -0.080859 -0.055231 -0.008871 -0.157255 -0.137898 -0.342636 0.045685 0.058661 -0.112266 0.146910 0.283085
0.261715 0.073894 0.249075 0.210415 -0.025065 0.004911 0.024707 -0.228011 0.015750 -0.004150 0.094606 -0.218281 -0.013684 -0.257745 0.283793 0.135476 0.177591 -0.032803 1.000000 0.171364 -0.199772 -0.047837 0.303542 0.115326 0.108801 0.160818 0.075905 0.198849 0.239490 0.153379 0.119018 0.072633 -0.212139 -0.082939 0.221484 -0.043278 0.038749 0.322950 0.137035 -0.273092 0.173250 0.168730 0.092876 0.027531 -0.354062 -0.286396 -0.044291 0.012971 0.079633 -0.314731 0.208880 -0.033554 0.152102 0.080377 -0.082823 -0.249459 -0.179189 -0.035618 -0.108388 -0.086964 -0.267074 -0.177527 -0.268741 -0.275023 -0.057859 0.055772 0.055160 -0.330150 0.366153 -0.199989 -0.018120 -0.028432 -0.070751 0.238641 0.176674 0.140116 0.227710 0.322019 -0.073313 0.267439 -0.120573 0.142074 -0.059589 0.190105 0.241751 0.158711 -0.030787 -0.048660 0.181913 0.209764 -0.252375 0.101117 0.118632 0.083140 0.185073 -0.250739 -0.185727 0.143136 -0.042285 -0.123073 0.060423 0.067655 -0.068303 -0.022534 -0.012670 -0.229670 0.106783 0.127958 -0.188183 -0.093624 -0.080646 -0.248770 -0.151394 0.117767 -0.187880 0.233579
0.051015 0.386441 -0.110350 0.300461 -0.164475 0.006403 0.144350 0.220344 -0.035626 0.178688 0.219123 0.289130 0.070529 0.249880 0.065782 0.317072 0.125132 0.013185 0.171364 1.000000 -0.082322 -0.300061 -0.016437 0.125376 -0.291446 -0.364244 -0.020871 -0.209132 0.083261 0.069668 -0.060484 -0.036713 0.148217 0.176912 -0.080416 -0.151909 0.245149 -0.008657 0.063122 0.138570 0.152915 0.088349 -0.171043 -0.351020 -0.193224 -0.283601 -0.052486 -0.096551 -0.065680 -0.224496 -0.146096 0.011708 0.014345 -0.098249 0.003639 -0.174131 0.017390 0.088002 -0.205683 -0.199224 -0.178685 -0.073099 -0.014620 -0.025828 0.154886 0.052819 -0.286242 -0.378889 -0.028883 0.068015 0.058660 0.089927 0.136651 0.126357 0.341609 0.268518 0.142125 0.089350 -0.136981 -0.057804 0.005031 -0.120514 0.070026 0.241999 -0.103576 -0.133828 0.105730 0.083731 -0.060917 0.034281 0.186114 0.143119 0.284195 -0.022496 0.075465 -0.020858 -0.144640 -0.158110 0.104082 0.026207 0.118167 -0.089837 0.000734 -0.122565 -0.124438 -0.104299 -0.054277 -0.129427 0.002312 -0.063619 -0.326132 0.005290 0.220838 0.055896 -0.027762 -0.020518
-0.055623 -0.060238 0.044982 -0.063831 0.180504 -0.092133 -0.069712 -0.082564 -0.059978 -0.186881 -0.137486 0.156627 -0.152003 -0.009400 0.022550 -0.142607 -0.133389 -0.043159 -0.199772 -0.082322 1.000000 0.354041 0.188450 0.120535 0.125341 0.180017 0.025231 0.019208 -0.009309 -0.126385 0.214304 0.208849 0.080183 0.027176 -0.174445 -0.057784 0.008963 -0.181467 0.032246 0.294188 -0.067248 0.056171 -0.063832 0.025912 -0.035769 -0.032252 -0.071727 -0.000931 -0.232120 -0.170009 -0.216170 -0.110577 -0.152343 -0.032142 -0.035831 0.228922 -0.149033 -0.016362 -0.001413 0.112941 -0.011875 0.130014 0.009453 0.107472 -0.110262 0.025915 -0.049742 0.117319 -0.034949 -0.029060 0.105903 0.289659 -0.002926 0.006835 0.036573 0.097040 -0.113325 -0.008139 -0.083902 -0.000606 -0.052930 -0.144643 0.107196 -0.282916 0.057126 0.021281 0.119874 0.151338 -0.023052 -0.063763 0.070069 -0.003924 -0.107650 -0.164123 -0.185648 0.359554 0.287166 -0.034733 0.012212 0.277999 -0.088220 -0.106508 -0.052595 -0.080773 -0.142853 0.171630 -0.148013 -0.127769 0.278403 0.267588 0.261485 0.222104 -0.012451 -0.274328 0.086138 -0.069365
-0.086023 -0.444415 0.059093 0.035194 0.184512 -0.138089 -0.268649 -0.329434 -0.118985 -0.494634 -0.153803 -0.101441 -0.248495 -0.276851 0.087645 -0.273181 -0.242607 0.053142 -0.047837 -0.300061 0.354041 1.000000 0.407311 0.238065 0.458120 0.539298 -0.164037 0.141994 -0.028248 0.041116 0.198677 0.321055 -0.203422 0.053612 0.036318 0.171457 -0.216727 -0.062559 0.012748 0.108091 -0.280103 0.044964 0.082510 0.220349 0.121128 0.241344 -0.098948 0.088388 -0.167575 -0.072968 0.008786 -0.057209 -0.274622 -0.038353 -0.274462 -0.015057 -0.321459 -0.208299 -0.188521 -0.053081 -0.289023 -0.098321 -0.244644 -0.173160 -0.127516 -0.195100 -0.152474 0.263673 -0.052431 -0.114275 0.145108 0.324875 0.022990 0.065626 0.091624 0.117841 -0.090039 0.003532 0.093999 -0.050600 0.008707 0.091741 0.085062 -0.299611 -0.102242 0.017594 0.094310 0.067123 0.045216 -0.270429 -0.087780 0.177124 -0.106664 0.061739 -0.155423 0.271730 0.026755 0.097496 -0.234628 0.184269 -0.338920 -0.093524 -0.046108 0.150284 -0.013584 0.484270 0.246382 0.279782 0.130040 0.245976 0.437054 0.144699 -0.054994 -0.283911 0.133153 0.015721
0.238741 -0.321679 0.265882 0.219934 0.017720 -0.074817 -0.101934 -0.380804 0.015257 -0.273016 0.264837 -0.051036 -0.085481 -0.311412 0.558422 0.064936 -0.123006 -0.181595 0.303542 -0.016437 0.188450 0.407311 1.000000 0.549535 0.494151 0.602272 0.104817 0.379254 0.009994 -0.170363 0.464526 0.368186 -0.059449 0.011135 -0.036368 0.185870 -0.091697 0.062201 0.234987 0.085920 0.010598 0.029696 -0.172788 -0.087670 -0.128644 -0.056881 -0.245478 0.135307 -0.087036 -0.426710 0.201831 -0.150767 -0.092731 -0.087744 -0.166956 -0.018054 -0.291708 -0.300469 -0.109430 -0.181602 -0.316233 -0.158195 -0.445005 -0.400559 0.104263 -0.021934 -0.262224 0.345341 -0.024492 0.027688 -0.049179 0.207754 -0.141552 -0.017928 0.037202 0.267747 -0.153702 0.146327 -0.259823 0.044509 -0.362918 -0.174839 0.248235 -0.268533 0.242062 0.151686 0.358630 0.189298 0.293484 -0.052443 -0.235782 0.397498 0.096223 0.189136 -0.146131 0.161261 0.153127 0.038260 -0.291210 0.160449 -0.207899 -0.032293 -0.240978 -0.239799 -0.232510 0.042124 0.091421 -0.005068 -0.033580 0.153347 0.370651 0.045116 -0.106858 -0.241315 0.047239 -0.009752
-0.044294 -0.317055 -0.180476 0.263971 -0.008981 -0.270056 0.020007 -0.175872 -0.253712 -0.080537 0.093396 0.120064 -0.157544 -0.031351 0.054297 0.023330 0.071062 0.033808 0.115326 0.125376 0.120535 0.238065 0.549535 1.000000 0.211211 0.280848 -0.239788 -0.015639 0.257558 0.006498 0.370231 0.604001 -0.029548 0.410422 -0.047696 0.142490 -0.074940 -0.219062 -0.052326 -0.140142 -0.203139 -0.184150 -0.202206 -0.147655 0.142900 0.025395 -0.285595 0.007163 -0.030143 -0.154230 -0.017975 0.014399 -0.098557 -0.186262 -0.251350 -0.112554 -0.211232 -0.184721 -0.202962 -0.063779 -0.242889 -0.086230 -0.064642 -0.043023 0.070611 0.011787 -0.267960 0.277341 -0.119507 -0.086781 0.125878 0.141929 0.075437 0.081557 0.191100 0.397234 -0.196612 -0.105552 -0.174491 -0.116207 -0.062190 -0.068087 0.083391 0.009900 0.072201 -0.032463 0.221793 0.024731 0.116814 -0.255200 0.017264 0.232887 0.077226 0.194297 0.014578 0.017302 0.046945 0.128573 0.007419 0.085340 -0.051286 -0.029881 0.094026 -0.106373 -0.077950 -0.193129 -0.113231 -0.123387 -0.110476 -0.110771 0.036539 0.126152 -0.049058 0.051790 -0.090532 0.009025
0.095753 -0.222938 0.109057 0.105411 0.071229 -0.051323 -0.271873 -0.408095 -0.249427 -0.359527 -0.168388 -0.278321 -0.297931 -0.565997 0.207053 -0.177302 -0.325964 -0.219112 0.108801 -0.291446 0.125341 0.458120 0.494151 0.211211 1.000000 0.773678 0.193823 0.603745 -0.181931 -0.221284 0.403087 0.307145 0.125814 -0.173344 0.143633 0.030080 -0.161259 0.035921 0.187911 0.058626 -0.082483 -0.030866 -0.089357 0.113749 -0.164763 0.045079 -0.228646 0.010453 -0.054003 -0.342257 0.091897 -0.071725 0.020418 -0.103853 -0.007172 0.070072 0.007177 0.061167 0.170702 0.141121 -0.080587 0.090252 -0.330301 -0.347877 -0.274832 0.046969 0.172885 0.379082 0.223265 0.100522 -0.006594 -0.002903 -0.280734 -0.139959 -0.194182 -0.079200 0.004150 0.093333 -0.109390 0.097838 -0.298190 -0.162680 0.123361 -0.374778 0.144223 0.214636 0.172268 0.169199 0.027182 0.033662 -0.351562 0.050649 -0.093342 0.183223 -0.199909 0.183683 0.184814 0.001214 -0.406582 0.078825 -0.273166 0.085222 -0.086126 0.011756 0.062861 0.244694 0.069097 0.094628 -0.056076 0.298027 0.501415 0.075833 -0.062827 -0.163192 0.016191 -0.164018
0.200539 -0.243908 0.192416 0.209055 -0.009435 -0.059544 -0.244128 -0.404654 -0.196283 -0.342700 -0.071906 -0.171152 -0.327288 -0.539390 0.326684 -0.043042 -0.253630 -0.283100 0.160818 -0.364244 0.180017 0.539298 0.602272 0.280848 0.773678 1.000000 0.036915 0.543117 -0.154702 -0.150849 0.474577 0.436761 0.008217 -0.078678 0.141455 0.206052 -0.148207 0.136980 0.263641 0.072602 -0.074886 0.119966 -0.092984 0.088878 -0.145575 0.078625 -0.152450 0.085309 -0.129873 -0.343987 0.157027 -0.108096 -0.028832 -0.099226 -0.078912 0.032557 -0.223617 -0.147783 0.042887 -0.003208 -0.215538 -0.042758 -0.420984 -0.461416 -0.161703 0.020341 0.132019 0.440976 0.118685 0.000218 -0.010828 0.138413 -0.244470 -0.045918 -0.095300 0.068210 -0.104792 0.172550 -0.204122 0.004093 -0.362241 -0.238577 0.020777 -0.321767 0.224520 0.329417 0.109848 0.194476 0.087249 -0.064995 -0.363272 0.035789 -0.057191 0.103210 -0.130654 0.256063 0.248727 0.106724 -0.403868 0.065458 -0.214396 -0.040308 -0.305230 -0.121742 -0.045255 0.177419 0.140473 0.119271 0.115427 0.267298 0.549339 0.011994 -0.136684 -0.149469 -0.016055 -0.119670
0.299549 0.216055 0.110204 -0.079489 0.338826 0.363703 -0.064795 -0.039717 0.054350 -0.056839 0.182073 -0.122165 0.072718 -0.137323 0.261286 -0.129246 -0.064048 -0.152685 0.075905 -0.020871 0.025231 -0.164037 0.104817 -0.239788 0.193823 0.036915 1.000000 0.422304 -0.173017 -0.366230 -0.134302 -0.252935 -0.013419 -0.308807 -0.102268 -0.168472 -0.046141 -0.063541 0.260853 -0.012145 0.000914 -0.182764 -0.300992 -0.138722 -0.254518 -0.210800 -0.192973 -0.292970 0.133447 -0.251134 0.102481 -0.067206 0.212595 -0.088971 0.363237 -0.042923 0.258206 0.117436 0.455834 0.233106 0.363971 0.272657 -0.006258 -0.097546 0.071566 0.303726 0.102601 -0.003578 0.037480 0.171164 -0.355987 -0.102389 -0.271523 -0.171480 -0.221537 -0.129797 -0.042264 -0.236023 -0.041660 0.133090 -0.142301 -0.194089 0.124491 -0.142483 0.090435 -0.095076 0.215677 0.135088 0.213108 0.372281 0.022519 -0.021943 -0.050675 0.172006 -0.132163 -0.114008 0.049349 -0.020200 -0.121466 -0.075536 -0.014686 0.160039 0.083832 -0.059480 0.015834 0.000566 -0.016137 -0.232970 -0.001662 -0.036856 -0.107281 -0.085382 0.079022 -0.129826 0.028421 -0.084099
0.351598 0.083019 0.178948 -0.016585 0.072906 0.062881 -0.304232 -0.524325 0.016910 -0.295243 -0.063280 -0.388249 -0.277200 -0.668735 0.218267 -0.161497 -0.283847 -0.337841 0.198849 -0.209132 0.019208 0.141994 0.379254 -0.015639 0.603745 0.543117 0.422304 1.000000 -0.365494 -0.411390 0.161796 -0.007149 0.021467 -0.403686 0.016812 -0.075123 0.043618 0.121095 0.249603 0.108552 0.130307 0.058250 -0.212945 0.010359 -0.382308 -0.157190 -0.156914 -0.015345 0.218011 -0.380238 0.226025 -0.023801 0.230652 0.051593 0.239108 0.075087 0.188568 0.197953 0.447921 0.382532 0.184204 0.200133 -0.259425 -0.336758 -0.229884 0.278699 0.306552 0.255452 0.343495 0.258232 -0.157811 -0.127923 -0.417325 -0.177621 -0.251682 -0.145896 -0.002174 0.075550 -0.037179 0.176621 -0.239095 -0.210792 0.183466 -0.319843 0.214609 0.114515 0.240497 0.251513 0.139499 0.221039 -0.220907 0.076913 -0.086888 0.186778 -0.240505 0.099984 0.110158 -0.084536 -0.250549 0.048490 -0.092336 0.125061 -0.154625 0.042837 0.133817 0.114427 0.076910 0.029186 -0.084159 0.167359 0.257064 -0.118436 -0.017685 0.018505 0.014253 -0.088223
-0.039990 -0.191723 -0.177203 -0.063893 0.160218 -0.086013 0.239556 0.044904 0.037628 0.107773 0.348586 0.262718 0.353669 0.388665 0.010094 0.130414 0.626098 0.437274 0.239490 0.083261 -0.009309 -0.028248 0.009994 0.257558 -0.181931 -0.154702 -0.173017 -0.365494 1.000000 0.476181 0.013242 0.234481 -0.177430 0.307919 0.013880 -0.054723 0.026101 -0.059933 -0.275839 -0.452299 -0.014160 -0.243808 0.042760 -0.029073 0.113577 -0.155778 -0.078890 -0.252327 0.038323 0.084882 0.054643 -0.001287 -0.160287 -0.119744 -0.129745 -0.279651 -0.162342 -0.281588 -0.220557 -0.227122 -0.121550 -0.201294 0.251505 0.138306 0.196601 -0.067744 -0.241014 -0.256214 -0.153246 -0.471933 0.075504 0.155742 0.489941 0.363565 0.139926 0.121681 0.089736 0.053828 0.251431 0.151311 0.419677 0.436006 -0.073653 0.389695 0.252669 0.002763 0.094170 -0.266831 -0.103627 -0.122964 -0.103695 -0.200774 -0.150896 -0.052050 0.103264 -0.192221 -0.225252 0.315398 0.092220 -0.350550 0.001004 0.000197 0.119477 -0.016212 -0.118471 -0.373395 -0.260430 -0.142113 -0.237362 -0.188056 -0.295946 -0.095658 -0.109785 -0.003046 -0.057413 0.100466
-0.158470 -0.188773 -0.288730 0.017355 0.012303 0.017302 -0.038516 -0.001002 -0.015007 0.091076 0.090842 0.340363 0.159001 0.341986 0.046166 0.351717 0.295962 0.425617 0.153379 0.069668 -0.126385 0.041116 -0.170363 0.006498 -0.221284 -0.150849 -0.366230 -0.411390 0.476181 1.000000 -0.027392 0.078655 -0.172452 0.124465 0.236968 0.139790 -0.020814 0.221625 -0.329369 -0.365364 0.133196 0.136130 0.255582 0.159682 0.345316 0.064553 0.307319 -0.080768 0.073751 0.225923 0.032606 0.100060 -0.124204 0.040785 -0.296741 -0.230365 -0.328110 -0.372639 -0.353119 -0.371784 -0.368523 -0.296266 0.044322 0.091092 -0.033302 -0.288015 -0.045201 -0.311638 -0.134792 -0.548545 0.182255 -0.014453 0.483779 0.537876 0.327693 -0.025466 0.219080 0.427888 0.092405 0.245674 0.215098 0.496724 -0.318633 0.596007 0.067174 0.117302 -0.176474 -0.374434 -0.186814 -0.209238 -0.239654 -0.345609 -0.113157 -0.145859 0.198306 -0.022701 -0.338432 0.312471 0.068076 -0.221663 0.058857 -0.013328 -0.011959 0.052108 0.057549 0.008945 0.180265 0.245696 -0.075267 -0.118684 -0.136292 -0.102790 0.001791 -0.026868 0.093708 0.323770
-0.065434 -0.141119 -0.063151 0.123126 -0.200785 -0.310658 -0.011621 -0.181840 -0.305467 -0.061320 -0.080545 0.086420 -0.347042 -0.190587 0.254657 0.059723 -0.132104 -0.190207 0.119018 -0.060484 0.214304 0.198677 0.464526 0.370231 0.403087 0.474577 -0.134302 0.161796 0.013242 -0.027392 1.000000 0.725602 0.204470 0.308599 0.080231 0.052679 -0.015694 0.051080 0.236100 0.180496 0.120002 0.121959 0.029194 0.039198 -0.051858 -0.049235 -0.050767 0.070418 -0.309358 -0.241492 -0.176082 -0.182094 0.036785 0.128633 -0.138578 0.187219 -0.069685 0.009567 -0.093121 -0.116067 -0.228301 0.093705 -0.290597 -0.072571 -0.127848 -0.031385 0.095796 0.179544 0.019059 -0.111891 -0.081399 0.317922 0.128723 -0.021234 0.062729 0.237372 -0.064328 0.086880 -0.172259 0.036823 -0.243710 -0.109719 0.128633 -0.032689 0.162704 0.080802 0.162573 0.202037 0.001842 -0.182680 -0.310001 -0.065081 -0.022133 -0.165654 -0.240104 0.182889 0.432422 -0.184011 -0.104612 0.252887 -0.119094 -0.363463 -0.309751 -0.505251 -0.436022 -0.064196 -0.240043 -0.235529 -0.067040 0.173800 0.436924 0.236593 -0.000369 -0.072322 -0.228579 -0.298982
-0.095113 -0.230162 -0.148780 0.251601 -0.004553 -0.220553 0.103246 -0.055869 -0.419827 -0.004956 0.014950 0.193085 -0.235900 -0.018741 0.122984 0.077903 -0.027689 -0.091551 0.072633 -0.036713 0.208849 0.321055 0.368186 0.604001 0.307145 0.436761 -0.252935 -0.007149 0.234481 0.078655 0.725602 1.000000 0.119214 0.623105 -0.001940 0.138423 -0.076616 -0.073235 0.022562 0.035809 -0.077143 -0.050319 -0.119943 -0.073346 0.075100 -0.001351 -0.173945 -0.031410 -0.376161 -0.139491 -0.259920 -0.270894 -0.192799 -0.027838 -0.244673 0.046957 -0.137036 -0.121555 -0.236090 -0.219985 -0.242962 -0.068114 -0.195414 0.002511 0.064604 -0.115487 -0.043123 0.230244 -0.128462 -0.181311 0.016498 0.428624 0.196500 0.096266 0.101086 0.392200 -0.116405 -0.007315 -0.084866 0.000934 -0.043879 0.014646 0.011413 0.054639 0.173912 0.072758 0.048221 0.091847 0.019237 -0.320684 -0.281696 -0.147184 -0.014401 -0.181506 -0.194883 0.163967 0.274877 -0.080901 -0.165644 0.099752 -0.017267 -0.444883 -0.192716 -0.474511 -0.376364 -0.120296 -0.227633 -0.242853 -0.087427 0.065275 0.300026 0.185417 -0.023629 -0.027617 -0.237351 -0.227043
0.048865 0.262200 -0.000609 -0.041245 -0.153634 0.129599 0.217389 0.227407 -0.219069 0.051978 0.011366 0.249274 -0.061583 0.077889 -0.117606 0.092552 -0.069039 -0.214638 -0.212139 0.148217 0.080183 -0.203422 -0.059449 -0.029548 0.125814 0.008217 -0.013419 0.021467 -0.177430 -0.172452 0.204470 0.119214 1.000000 0.319600 -0.111598 -0.123962 0.156490 -0.074207 0.151912 0.404713 0.140995 0.204079 -0.107997 -0.256271 -0.131354 -0.290221 -0.023516 -0.171527 -0.319201 -0.249489 -0.420860 -0.289306 -0.095435 -0.054452 0.247478 0.251812 0.281992 0.250817 0.188799 0.001051 0.242468 0.265814 0.107113 0.134314 -0.012560 -0.034084 0.322687 0.093316 0.130169 0.178713 -0.035135 -0.027527 0.066920 -0.066625 0.070456 0.034007 0.158276 -0.050205 -0.182085 -0.074273 -0.127446 -0.339504 0.170594 -0.164960 -0.047956 -0.029470 0.096832 0.345880 0.029456 0.052709 -0.179179 -0.240362 0.016205 -0.283277 -0.295188 0.331651 0.293413 -0.481540 -0.159791 0.378726 0.128896 -0.227281 -0.187434 -0.365596 -0.323872 -0.118340 -0.262367 -0.302975 0.043170 0.189256 0.223252 0.081072 0.218609 0.151457 -0.099554 -0.334915
-0.213686 -0.089634 -0.133380 0.256181 -0.039219 -0.030623 0.369314 0.403681 -0.252953 0.170631 0.130940 0.327590 -0.007730 0.331716 -0.130250 0.114011 0.242668 -0.028348 -0.082939 0.176912 0.027176 0.053612 0.011135 0.410422 -0.173344 -0.078678 -0.308807 -0.403686 0.307919 0.124465 0.308599 0.623105 0.319600 1.000000 -0.103625 0.182199 -0.077236 -0.167691 -0.078569 0.051723 -0.150455 0.017969 -0.137477 -0.246653 0.154910 -0.037813 -0.149901 -0.085760 -0.465725 0.024822 -0.503310 -0.352457 -0.356123 -0.106656 -0.187462 -0.059701 -0.063535 -0.107887 -0.319075 -0.315005 -0.058838 -0.103581 0.161750 0.249836 0.256537 -0.189498 -0.164886 0.105997 -0.169088 -0.084512 0.009139 0.365739 0.323925 0.167311 0.228189 0.408252 -0.073617 -0.122627 -0.054653 -0.092792 0.124395 0.000921 0.069406 0.202499 -0.097668 -0.173615 0.022808 -0.023819 0.042548 -0.325357 -0.085145 -0.124729 0.048457 -0.241257 -0.113169 0.149963 0.057844 -0.168775 0.061462 0.134142 0.122164 -0.388976 -0.018769 -0.449993 -0.362817 -0.225388 -0.220877 -0.287068 -0.011223 -0.120117 -0.032832 0.050323 0.074336 0.137986 -0.224045 -0.203504
-0.116722 -0.087785 -0.021070 0.153827 -0.082369 -0.155327 -0.251069 -0.079048 -0.040044 -0.110459 -0.151787 0.010812 -0.098862 -0.110956 0.104348 0.054451 -0.157753 0.011635 0.221484 -0.080416 -0.174445 0.036318 -0.036368 -0.047696 0.143633 0.141455 -0.102268 0.016812 0.013880 0.236968 0.080231 -0.001940 -0.111598 -0.103625 1.000000 0.220824 0.116766 0.272944 0.020233 -0.137003 0.034831 0.178271 0.213025 0.214871 0.051584 0.179718 0.107819 0.145092 -0.181557 0.025395 0.051456 -0.115582 -0.051699 0.071571 -0.236888 -0.061734 -0.172144 -0.106193 -0.095291 -0.159956 -0.218852 -0.201894 -0.271028 -0.176992 0.077845 -0.216414 0.220304 0.046807 0.112794 -0.115648 0.084742 -0.165599 -0.096124 -0.034441 -0.091325 -0.277121 0.249520 0.351128 -0.114170 0.090764 -0.088347 0.078395 -0.113064 0.157858 0.060097 0.237453 -0.058484 -0.032599 -0.135002 -0.160198 -0.103264 -0.180519 -0.101313 -0.169401 0.188851 0.061714 -0.102644 0.129319 -0.041264 -0.042635 -0.169751 -0.068748 -0.144708 0.099583 0.153308 0.166570 0.186322 0.313409 0.011694 0.188761 0.115918 -0.160759 -0.151242 0.051121 0.098353 0.175027
-0.199537 -0.341434 0.203607 0.200579 0.028792 0.075249 0.015671 0.165402 0.060376 0.136162 0.030043 -0.035251 0.092708 -0.047049 0.096567 0.100320 -0.040573 -0.106050 -0.043278 -0.151909 -0.057784 0.171457 0.185870 0.142490 0.030080 0.206052 -0.168472 -0.075123 -0.054723 0.139790 0.052679 0.138423 -0.123962 0.182199 0.220824 1.000000 -0.252102 0.116772 -0.157949 -0.265885 -0.199184 -0.136392 0.005147 0.009005 0.398988 0.464846 -0.209654 0.253746 -0.319161 0.383273 0.084312 -0.165049 -0.401202 -0.234112 -0.357156 -0.136354 -0.254562 -0.413534 -0.279464 -0.308761 -0.223912 -0.394268 -0.158092 -0.112401 0.385916 -0.266961 -0.166778 0.592029 -0.179873 -0.041978 -0.049402 0.022178 -0.054183 0.079126 -0.076312 0.076924 -0.267205 0.138979 -0.206379 -0.173921 -0.195261 -0.014026 -0.041148 -0.002431 0.007328 0.231299 -0.084885 -0.181577 0.025450 -0.316929 -0.087899 0.038254 0.201114 0.027860 0.118853 0.036958 -0.135169 0.255061 -0.180179 -0.026310 0.054597 -0.146848 -0.118218 -0.023260 0.124375 0.098297 0.139536 0.151038 0.055262 -0.063980 0.189812 0.058249 -0.184420 -0.004371 0.156027 0.026803
