1.000000 0.537059 -0.062253 -0.092489 -0.038278 -0.235051 0.233446 -0.008875 -0.068653 -0.105193 0.288895 0.164587 0.324722 0.120775 -0.034062 -0.141149 0.048145 0.038991 0.253862 0.133512 -0.185591 -0.276641 -0.021620 -0.150195 -0.242322 -0.324964 -0.076831 -0.086553 0.093780 -0.083503 -0.296923 -0.247847 0.282071 -0.131349 0.001431 -0.302806 0.053933 -0.250879 -0.162378 -0.251866 -0.094777 0.120459 -0.150841 -0.267880 -0.144379 -0.280373 -0.103804 -0.247586 -0.080529 -0.062557 -0.176096 0.068588 0.197153 0.133106 0.237559 -0.242132 0.406458 0.301162 0.508438 0.412986 0.493215 0.014497 0.352223 0.112256 -0.168812 -0.472237 0.458768 -0.210708 0.068134 0.157325 -0.197179 -0.196335 -0.054218 -0.014534 -0.054876 -0.080775 -0.066178 -0.202133 0.005731 -0.049444 -0.056896 -0.058530 -0.097176 -0.183013 0.108353 -0.117828 0.134393 -0.019745 0.016448 0.031565 0.088891 -0.018632 -0.127873 0.000074 -0.031984 -0.181854 -0.163307 -0.356283 -0.170869 -0.308848 -0.245365 -0.022668 0.095225 -0.062021 0.171224 -0.048192 -0.025176 0.213501 0.148657 -0.227428 -0.367840 -0.345475 -0.000895 -0.180522 -0.285816 -0.122940
0.537059 1.000000 -0.112896 0.153241 0.087478 0.025216 0.205018 0.191739 0.098265 0.178631 0.197453 0.481360 0.193863 0.285016 0.108180 0.116131 -0.284448 0.037990 -0.073331 0.168752 -0.117397 -0.206952 0.088158 0.059796 -0.179171 -0.233361 0.036269 0.025047 -0.215985 -0.157959 -0.210185 -0.300785 0.146132 -0.265036 -0.167173 -0.403063 -0.250714 -0.271093 -0.265233 -0.138914 -0.302959 -0.090333 -0.398066 -0.518567 -0.353377 -0.502925 -0.297724 -0.455280 -0.044016 -0.293619 -0.002367 0.238995 0.398186 0.242781 0.256661 -0.324289 0.335881 0.532482 0.484076 0.634864 0.453429 0.451817 0.118831 0.474126 -0.114607 -0.167240 0.183697 -0.354391 0.034317 0.233178 -0.225942 -0.164734 -0.330629 -0.132279 -0.212710 -0.163258 -0.266379 -0.387323 -0.192066 -0.079286 -0.239777 -0.131884 -0.142414 -0.037494 0.086287 0.018622 -0.042666 -0.041522 0.167606 0.353085 0.235293 0.028400 0.057379 -0.032523 0.042600 -0.224761 -0.339392 -0.408476 -0.293701 -0.415078 -0.149817 -0.162887 0.067600 -0.141423 0.105032 -0.052273 -0.010020 0.073174 0.133881 -0.381942 -0.397109 -0.392478 -0.217764 -0.357422 -0.338566 -0.088816
-0.062253 -0.112896 1.000000 0.242784 0.167671 -0.087292 0.634818 0.081298 0.202281 -0.043257 0.410872 -0.095591 0.405543 0.150080 0.292043 0.019189 -0.098114 -0.225778 0.202901 -0.298277 -0.049766 0.181519 0.592721 0.468395 0.314834 0.148623 -0.023216 0.063716 -0.023062 -0.152380 0.383261 0.268818 0.133442 0.260524 0.176842 0.117504 0.159011 -0.148976 0.086434 -0.281308 0.003615 -0.118344 -0.249866 -0.095171 -0.033702 -0.112360 -0.352220 -0.247020 0.172456 -0.244799 0.113527 -0.256063 -0.111565 -0.174652 0.092746 -0.335024 -0.282012 -0.180076 0.149266 -0.321575 0.250189 -0.258597 -0.041733 -0.318112 0.416071 -0.086867 0.161885 0.113150 -0.172286 -0.247824 -0.058614 0.153138 -0.064861 -0.011122 0.067708 0.103899 -0.078326 -0.074404 0.010232 -0.000992 -0.205929 -0.082032 -0.030856 -0.288598 0.195001 0.128477 -0.058143 0.111678 0.369034 0.004038 -0.227266 -0.033763 -0.057639 0.054514 -0.249630 -0.286109 -0.014942 -0.340077 -0.347282 -0.230712 -0.222954 -0.104339 -0.044491 -0.148933 -0.226519 -0.350541 -0.120090 -0.042376 -0.398806 -0.130494 -0.215596 -0.277966 -0.148115 -0.068522 -0.177883 -0.205472
-0.092489 0.153241 0.242784 1.000000 0.011873 0.289876 0.245146 0.537052 0.232240 0.394376 -0.025394 0.278724 0.064964 0.189610 0.033201 0.366454 -0.043517 0.004023 0.249012 -0.040049 -0.107065 0.034153 0.101921 0.370725 -0.001358 -0.057072 0.049047 0.171196 -0.152410 0.014064 0.095087 0.078046 0.035731 0.030759 -0.250000 -0.042535 -0.157127 -0.180711 -0.343909 -0.156942 -0.342628 -0.259535 -0.112767 -0.164146 -0.168836 -0.110764 -0.148816 -0.227857 -0.103175 -0.129330 -0.040388 -0.026738 0.205089 0.136110 0.009940 -0.267888 -0.035811 -0.136398 -0.012679 -0.020014 0.106446 0.273641 -0.039025 0.321064 0.054525 0.429270 -0.232506 -0.207792 -0.145108 -0.234554 0.045454 0.164364 -0.192808 0.103650 -0.007804 0.085545 0.062868 0.044310 -0.021866 -0.156592 -0.127442 -0.077670 -0.146521 0.074055 -0.077839 0.068312 0.025039 0.089538 0.159987 0.264390 0.011671 -0.097499 0.367356 -0.183719 -0.229937 -0.072841 -0.222326 -0.361690 -0.089943 -0.269115 -0.135490 -0.299649 -0.006138 -0.324437 -0.170801 -0.301358 -0.029458 -0.101311 -0.242469 -0.253784 -0.354634 -0.224427 -0.077073 -0.120752 -0.130133 -0.191818
-0.038278 0.087478 0.167671 0.011873 1.000000 0.494938 0.097500 0.054139 0.287201 0.078692 -0.238994 -0.244332 -0.168793 -0.295213 -0.062856 -0.075809 -0.221261 -0.239237 -0.090628 0.003216 0.229896 0.162926 -0.114065 -0.111565 0.009278 0.026832 0.479137 0.481137 -0.202657 -0.221792 -0.007703 -0.032777 0.081715 0.120456 -0.034844 0.169394 -0.333463 -0.013107 -0.050929 0.119714 -0.307973 -0.045555 -0.197130 -0.110955 -0.235330 -0.082775 -0.023383 0.116876 -0.122857 -0.274238 -0.064617 -0.093100 0.167855 -0.008064 0.268611 -0.004033 0.077257 0.157606 0.081104 0.130071 0.044956 0.033206 -0.172750 -0.114927 -0.148689 -0.083929 -0.063163 0.097532 0.102406 0.169147 -0.124367 -0.173051 -0.183556 -0.176263 -0.164296 0.022798 -0.131508 -0.086228 -0.274618 -0.345858 -0.206584 -0.302739 0.121582 0.006206 -0.277763 -0.104057 -0.114952 -0.032192 0.214727 0.079820 0.152490 0.119262 0.112065 0.181174 0.144790 0.167022 0.079335 0.117257 0.166329 0.065465 0.285913 0.102903 0.255864 0.269165 0.209109 0.125142 0.142346 0.140203 0.196274 0.115960 0.167059 0.238395 0.115009 0.208535 0.236663 0.336271
-0.235051 0.025216 -0.087292 0.289876 0.494938 1.000000 0.035426 0.358558 0.262944 0.395372 -0.393102 0.031826 -0.384196 -0.210269 -0.101878 0.239875 -0.235480 -0.191682 -0.224731 0.036186 0.105743 -0.040415 -0.282553 -0.055452 -0.221855 -0.232511 0.418070 0.502676 -0.288606 -0.203180 -0.225924 -0.140253 -0.051604 -0.037848 -0.261535 0.137238 -0.409348 -0.056750 -0.188050 0.164334 -0.480844 -0.088106 -0.038458 -0.015686 -0.153940 0.103868 0.134654 0.166231 -0.052285 -0.034643 -0.071112 0.064365 0.201532 0.169990 0.153952 0.020826 -0.074964 0.045261 -0.159517 0.102692 -0.058052 0.312989 -0.252800 0.115550 -0.163195 0.302704 -0.382155 0.017699 -0.105319 0.118196 -0.115014 -0.119581 -0.351926 -0.142183 -0.213012 0.016095 -0.122876 -0.042166 -0.209479 -0.422356 -0.303677 -0.414765 0.056660 0.392474 -0.422410 -0.204067 -0.178136 0.058713 0.142217 0.192064 0.365903 0.270627 0.351832 0.211877 0.157407 0.241590 -0.067968 0.086724 0.361846 0.047381 0.321618 -0.014940 0.249827 0.084753 0.231601 0.132920 0.139821 -0.008930 0.160189 0.114938 0.177293 0.235924 0.022038 0.122901 0.191056 0.278914
0.233446 0.205018 0.634818 0.245146 0.097500 0.035426 1.000000 0.421483 0.294951 0.265786 0.417120 0.257248 0.497099 0.309794 0.244532 0.128560 -0.131920 -0.211850 -0.032020 -0.365970 -0.277821 -0.239580 0.363548 0.265670 0.078530 -0.213938 -0.252029 -0.175270 0.071289 -0.053752 0.179645 0.097353 0.301460 0.236841 0.200313 -0.040102 0.072120 -0.516116 -0.271556 -0.541737 -0.283750 -0.176471 -0.341779 -0.313449 0.006969 -0.067682 -0.448604 -0.428312 0.109368 -0.055113 0.129353 -0.094220 0.019449 0.021390 -0.019942 -0.437547 -0.246663 0.029703 0.261565 -0.055667 0.504365 0.073383 0.212202 -0.053178 0.298374 -0.142697 0.304185 0.002132 -0.307937 -0.115647 -0.254521 -0.026206 -0.108296 -0.030854 0.022541 -0.011921 -0.146366 -0.264327 -0.037595 -0.086559 -0.130683 -0.188677 -0.161241 -0.085834 0.212753 -0.027816 -0.209342 -0.088045 0.159420 -0.032363 -0.076859 0.047509 0.072490 0.166797 -0.143715 -0.404425 -0.271898 -0.530084 -0.380536 -0.447894 -0.206731 -0.064179 0.164952 -0.070392 0.077627 -0.252362 -0.149503 0.051594 -0.349330 -0.302672 -0.464284 -0.357017 -0.168986 -0.142089 -0.319805 -0.317941
-0.008875 0.191739 0.081298 0.537052 0.054139 0.358558 0.421483 1.000000 0.373351 0.652105 -0.099365 0.489815 0.085051 0.290622 -0.183167 0.360610 -0.030426 0.120157 -0.049428 -0.319672 -0.142172 -0.155349 -0.220908 0.022984 -0.163357 -0.202965 -0.231590 -0.184869 0.068708 0.261007 0.143180 0.208494 0.289081 0.301586 -0.207411 -0.148907 -0.149699 -0.364996 -0.487514 -0.349248 -0.260782 -0.211285 -0.147028 -0.280243 -0.030168 0.055876 -0.266222 -0.342739 -0.039105 0.068612 0.061641 0.029026 0.262989 0.108762 -0.213128 -0.260533 -0.153478 -0.139900 -0.037470 0.119906 0.312973 0.676122 0.227227 0.490771 -0.121820 0.360642 -0.054395 -0.184634 -0.384930 -0.213647 -0.095171 0.040674 -0.002669 0.159192 0.157522 0.110147 0.042407 -0.036103 0.084571 -0.123768 -0.038335 -0.159405 -0.240764 0.264647 -0.047568 -0.136891 -0.198371 -0.118480 -0.216187 0.004429 0.043389 -0.121249 0.357109 -0.153249 -0.171066 -0.178324 -0.236060 -0.336527 -0.094756 -0.258837 0.038473 -0.122122 0.180874 -0.175277 -0.100731 -0.275250 0.102844 -0.155634 -0.239341 -0.288264 -0.379949 -0.165346 0.007887 -0.035199 -0.152035 -0.255784
-0.068653 0.098265 0.202281 0.232240 0.287201 0.262944 0.294951 0.373351 1.000000 0.621694 -0.009807 0.290646 0.237890 0.310323 0.260273 0.474144 0.097188 0.183819 0.084621 0.000530 -0.156002 -0.118783 -0.090059 -0.095000 0.167820 -0.041713 -0.169374 -0.102709 0.246724 0.301336 0.104477 -0.021853 0.113153 0.093794 -0.221363 -0.222365 0.193271 -0.297369 -0.337586 -0.407462 -0.111784 -0.083034 -0.102642 -0.162749 0.025151 -0.115264 -0.187319 -0.236318 0.111187 -0.063712 0.053840 -0.006048 0.075086 0.051746 -0.096727 -0.176747 -0.227558 -0.197190 -0.017784 -0.063707 0.243455 0.240767 0.123185 0.310699 -0.081515 0.138481 -0.173122 -0.269242 -0.300544 -0.096804 -0.013948 -0.040716 0.075189 0.322236 0.248416 0.099512 0.088174 -0.059492 0.101077 0.042716 -0.022581 0.095936 -0.018823 0.142411 0.020612 -0.000044 -0.274334 -0.241566 -0.154118 -0.000801 0.038921 0.082553 0.023959 -0.084920 0.034201 -0.114108 -0.124966 -0.238095 -0.041128 -0.175633 -0.160986 -0.190412 -0.145381 -0.109349 0.034281 -0.244671 -0.163007 -0.268218 -0.182637 -0.051487 -0.200409 -0.143783 -0.064402 -0.205797 -0.247731 -0.221719
-0.105193 0.178631 -0.043257 0.394376 0.078692 0.395372 0.265786 0.652105 0.621694 1.000000 -0.001587 0.524159 0.085922 0.439206 0.159568 0.666216 -0.028516 0.178906 -0.051400 -0.080087 -0.121750 -0.154785 -0.155441 0.046771 -0.020295 -0.129045 -0.185900 -0.209794 0.155971 0.391590 0.021037 0.012248 0.065943 0.044740 -0.336203 -0.223935 0.070248 -0.292938 -0.461446 -0.383463 -0.143839 -0.258937 -0.177212 -0.271639 -0.052238 -0.112255 -0.210285 -0.337934 0.035833 -0.040571 0.059498 0.046352 0.170082 0.085160 -0.230620 -0.227193 -0.289679 -0.153851 -0.124122 0.046244 0.176384 0.555109 0.106366 0.536310 -0.011434 0.367264 -0.270373 -0.311371 -0.460894 -0.164739 -0.036894 0.011750 0.007591 0.208882 0.188890 0.093318 0.099962 0.001727 0.003572 0.003651 0.010254 -0.028790 0.052229 0.382440 0.066155 -0.027523 -0.296228 -0.229970 -0.206993 0.145590 0.215520 0.159004 0.350699 0.005002 -0.153657 -0.075982 -0.294216 -0.254368 0.010482 -0.175374 -0.000277 -0.129037 0.019861 -0.096330 0.085915 -0.248305 0.044429 -0.241649 -0.233024 -0.071333 -0.244225 -0.111610 -0.028075 -0.148941 -0.210944 -0.301600
0.288895 0.197453 0.410872 -0.025394 -0.238994 -0.393102 0.417120 -0.099365 -0.009807 -0.001587 1.000000 0.319151 0.713464 0.547463 0.612174 0.200050 -0.043581 -0.074288 0.189215 -0.172241 -0.255156 -0.020981 0.696790 0.448266 0.257241 0.058605 -0.240678 -0.328013 0.206524 0.044610 0.270874 0.134135 -0.007303 -0.077889 0.130917 -0.209404 0.231420 -0.248457 -0.069818 -0.466457 0.082973 -0.222160 -0.289671 -0.272768 -0.149671 -0.370239 -0.368491 -0.458877 0.146494 -0.220926 0.087162 -0.096361 -0.125385 -0.144638 -0.028680 -0.338337 -0.311279 -0.021061 0.199015 -0.047930 0.122865 -0.148950 -0.021601 -0.077387 0.477737 -0.166398 0.219382 -0.064673 -0.261542 -0.159119 0.017708 0.174286 0.066475 0.075263 0.233254 0.082701 0.001727 -0.045046 0.087668 0.305332 0.031073 0.105509 0.185937 -0.182610 0.608977 0.276620 0.019615 -0.214806 0.197943 -0.010359 -0.207151 -0.072576 -0.150921 0.123095 -0.209895 -0.387643 -0.305410 -0.382723 -0.453761 -0.323805 -0.240381 0.006484 -0.136390 -0.126411 -0.149184 -0.360295 -0.262800 -0.141860 -0.466287 -0.292803 -0.344651 -0.416502 -0.190074 -0.167352 -0.338355 -0.333049
0.164587 0.481360 -0.095591 0.278724 -0.244332 0.031826 0.257248 0.489815 0.290646 0.524159 0.319151 1.000000 0.467753 0.804373 0.314521 0.591666 0.090601 0.399358 0.083798 -0.203105 -0.283264 -0.261151 0.001140 -0.001660 -0.020433 -0.211049 -0.315654 -0.343235 0.314308 0.431217 0.090348 -0.004625 0.216233 -0.075505 -0.176790 -0.478056 0.096144 -0.436353 -0.341544 -0.509052 -0.099925 -0.237851 -0.032097 -0.231442 0.054035 -0.208606 -0.146544 -0.500037 0.206899 0.062103 0.119628 0.334311 0.250545 0.246488 -0.141984 -0.174505 -0.131799 -0.215117 0.158179 0.188221 0.317143 0.511603 0.231309 0.628886 -0.087378 0.148854 0.029951 -0.508057 -0.425370 -0.331942 -0.061583 0.081047 0.143954 0.297375 0.297512 0.144928 0.115768 -0.048330 0.175039 0.228271 -0.036632 0.106561 -0.052663 0.132135 0.276877 0.092408 -0.187980 -0.318651 -0.188429 0.184160 -0.185206 -0.216328 -0.051721 -0.238446 -0.174916 -0.269649 -0.203794 -0.447826 -0.238066 -0.475387 -0.196168 -0.251533 -0.242506 -0.362825 -0.124062 -0.473365 -0.105780 -0.407821 -0.311619 -0.395020 -0.507086 -0.467276 -0.140563 -0.295522 -0.379872 -0.361645
0.324722 0.193863 0.405543 0.064964 -0.168793 -0.384196 0.497099 0.085051 0.237890 0.085922 0.713464 0.467753 1.000000 0.696605 0.490296 0.296153 0.272466 0.193141 0.274474 -0.333137 -0.474328 -0.241460 0.395521 0.154581 0.175449 -0.127108 -0.421664 -0.370990 0.483076 0.272839 0.269588 0.121576 0.279884 0.059792 0.106662 -0.385351 0.427682 -0.399078 -0.060720 -0.617006 0.084530 -0.118927 -0.107429 -0.191443 0.084055 -0.324365 -0.245962 -0.461340 0.219944 -0.093402 0.105308 0.045421 0.047352 0.014915 0.000297 -0.227084 -0.177164 -0.219921 0.218397 -0.121510 0.411810 -0.087060 0.302507 0.067106 0.136611 -0.307022 0.348531 -0.354060 -0.322631 -0.338661 -0.074471 0.098268 0.299857 0.269369 0.370154 0.173105 0.153925 -0.031966 0.288967 0.313490 0.123689 0.236189 0.011790 -0.184389 0.542839 0.142624 -0.116897 -0.234916 0.015595 0.026494 -0.404433 -0.260907 -0.279767 -0.117458 -0.143492 -0.442946 -0.032774 -0.453341 -0.317344 -0.371057 -0.318708 -0.164725 -0.233305 -0.254774 -0.190853 -0.508242 -0.211418 -0.207109 -0.434020 -0.365322 -0.449457 -0.482019 0.006098 -0.136268 -0.380006 -0.329093
0.120775 0.285016 0.150080 0.189610 -0.295213 -0.210269 0.309794 0.290622 0.310323 0.439206 0.547463 0.804373 0.696605 1.000000 0.511884 0.620985 0.168215 0.451270 0.224092 -0.297801 -0.362503 -0.215155 0.267772 0.166763 0.163893 -0.083688 -0.415598 -0.449272 0.451336 0.511076 0.275309 0.156406 0.193662 -0.051529 -0.031735 -0.453197 0.356166 -0.345762 -0.175459 -0.555073 0.080713 -0.208623 -0.042116 -0.197062 0.095062 -0.328980 -0.214009 -0.580953 0.257194 -0.064063 0.142184 0.184956 0.134771 0.109878 -0.099282 -0.161937 -0.264240 -0.362470 0.125070 -0.060174 0.282730 0.227182 0.239147 0.413410 0.082456 -0.034298 0.127490 -0.522777 -0.502188 -0.505522 0.061899 0.249922 0.239853 0.352906 0.397804 0.224663 0.119233 -0.020143 0.251291 0.412337 0.022843 0.268497 0.036868 0.058613 0.508311 0.254344 -0.107049 -0.327560 -0.061662 0.176388 -0.326940 -0.198523 -0.174615 -0.234412 -0.272175 -0.376857 -0.175200 -0.495773 -0.339376 -0.433170 -0.331972 -0.331952 -0.357277 -0.439475 -0.210027 -0.598974 -0.266054 -0.469652 -0.481715 -0.393830 -0.534101 -0.534662 -0.112368 -0.304228 -0.507337 -0.455358
-0.034062 0.108180 0.292043 0.033201 -0.062856 -0.101878 0.244532 -0.183167 0.260273 0.159568 0.612174 0.314521 0.490296 0.511884 1.000000 0.534160 0.015291 0.006913 0.202687 -0.152849 -0.276848 -0.095109 0.584930 0.314798 0.235411 -0.045066 0.013815 -0.018475 0.222208 0.127204 0.239139 0.031425 0.022315 -0.205362 0.075217 -0.264455 0.268679 -0.242616 0.067645 -0.359572 0.003235 -0.160789 -0.081652 -0.140155 -0.007327 -0.342693 -0.099636 -0.352716 0.323841 -0.133448 0.173943 0.142831 -0.072140 0.094050 0.042488 -0.081985 -0.330132 -0.230586 0.039944 -0.115218 0.075981 -0.128623 -0.054783 0.055502 0.387685 -0.077277 0.037202 -0.283243 -0.309005 -0.315345 -0.062195 0.000623 -0.021025 0.126456 0.238033 0.050131 0.042148 -0.087067 0.062863 0.172444 -0.093414 0.095327 0.314835 0.021334 0.474351 0.331205 -0.061607 -0.317432 0.251016 0.199945 -0.276483 -0.027447 -0.183377 0.008365 -0.068790 -0.253503 -0.064533 -0.317176 -0.193993 -0.308546 -0.225335 -0.216346 -0.341247 -0.249442 -0.091168 -0.397554 -0.338223 -0.371979 -0.386734 -0.230205 -0.180084 -0.357263 -0.116992 -0.192686 -0.325013 -0.345294
-0.141149 0.116131 0.019189 0.366454 -0.075809 0.239875 0.128560 0.360610 0.474144 0.666216 0.200050 0.591666 0.296153 0.620985 0.534160 1.000000 0.063652 0.266382 0.208864 -0.185318 -0.244410 -0.157350 0.081374 0.144452 0.054365 -0.176922 -0.140579 -0.079503 0.265775 0.542798 0.149372 0.062923 0.152854 -0.089156 -0.323491 -0.391580 0.190021 -0.204103 -0.266809 -0.416739 -0.031370 -0.048845 0.110285 -0.048624 -0.000739 -0.219105 -0.009992 -0.315249 0.213164 -0.043836 0.098887 0.235830 0.182341 0.234131 -0.180822 -0.014001 -0.268194 -0.399805 -0.084247 -0.021483 0.061102 0.300838 0.008607 0.412967 -0.045526 0.217298 -0.180579 -0.537404 -0.447268 -0.443356 -0.086940 0.009643 0.105829 0.356737 0.336959 0.207980 0.277690 0.099325 0.106639 0.174327 -0.046658 0.091217 0.228342 0.464636 0.280517 0.216159 -0.164805 -0.264362 -0.020072 0.234860 -0.169344 -0.145838 0.063542 -0.200579 -0.102514 -0.041590 -0.121003 -0.253089 0.016195 -0.264419 -0.132625 -0.327908 -0.332046 -0.343673 -0.161031 -0.491170 -0.109460 -0.455010 -0.353195 -0.216689 -0.215837 -0.278136 -0.077574 -0.149920 -0.265422 -0.301900
0.048145 -0.284448 -0.098114 -0.043517 -0.221261 -0.235480 -0.131920 -0.030426 0.097188 -0.028516 -0.043581 0.090601 0.272466 0.168215 0.015291 0.063652 1.000000 0.578951 0.437209 -0.073287 -0.322618 -0.180792 -0.310422 -0.446839 0.034046 -0.100706 -0.308799 -0.258257 0.732364 0.461096 0.037260 0.020352 0.216660 0.120027 -0.037694 -0.310659 0.598376 -0.167700 0.046761 -0.199895 0.334562 0.031642 0.315166 0.271821 0.467781 0.257196 0.205564 0.007290 -0.076848 0.413975 -0.157987 -0.047481 -0.229257 -0.143823 -0.224703 0.229200 0.089058 -0.428197 -0.290183 -0.357279 0.121625 -0.153344 0.654069 0.131106 -0.151531 -0.066559 0.087245 -0.228432 -0.085485 -0.341236 0.222136 0.003858 0.728963 0.381692 0.465292 0.150930 0.421593 0.095561 0.675515 0.302765 0.609985 0.530598 0.006382 -0.134376 0.108646 -0.036803 -0.062296 -0.214854 -0.346876 -0.264307 -0.467402 -0.338392 -0.369942 -0.342427 -0.116300 -0.036866 0.312126 0.015638 0.124857 0.091567 -0.194714 -0.108712 -0.375243 -0.206666 -0.185407 -0.364355 -0.073859 -0.339366 -0.180994 -0.059698 -0.114329 0.002848 0.338708 0.076087 -0.050259 -0.097134
0.038991 0.037990 -0.225778 0.004023 -0.239237 -0.191682 -0.211850 0.120157 0.183819 0.178906 -0.074288 0.399358 0.193141 0.451270 0.006913 0.266382 0.578951 1.000000 0.322758 -0.070336 -0.146169 -0.103547 -0.303734 -0.345275 -0.016917 -0.045866 -0.271727 -0.283263 0.559863 0.573099 0.069354 -0.018324 0.114212 -0.031307 -0.218064 -0.443308 0.336043 -0.018660 -0.073639 -0.128829 0.252743 0.046975 0.259416 0.086885 0.185142 -0.091275 0.081822 -0.210795 0.028998 0.115816 0.114003 0.169406 0.174554 0.106102 -0.049364 0.213244 0.082067 -0.298484 -0.067277 -0.069479 0.167134 0.162630 0.413789 0.523843 -0.291972 -0.024120 -0.045554 -0.520683 -0.094362 -0.379199 0.195628 0.074491 0.558878 0.429876 0.441712 0.214433 0.359620 0.166377 0.552554 0.450357 0.303680 0.487958 -0.139438 -0.021514 0.079067 0.009882 -0.163721 -0.273629 -0.255411 0.001061 -0.324800 -0.246687 -0.238237 -0.406110 -0.264557 -0.084747 0.111559 -0.103947 0.075831 0.008023 -0.149685 -0.219349 -0.388049 -0.341976 -0.263955 -0.449198 -0.092729 -0.527921 -0.135408 -0.127190 -0.244275 -0.106751 0.158414 -0.092558 -0.188362 -0.090297
0.253862 -0.073331 0.202901 0.249012 -0.090628 -0.224731 -0.032020 -0.049428 0.084621 -0.051400 0.189215 0.083798 0.274474 0.224092 0.202687 0.208864 0.437209 0.322758 1.000000 0.032535 -0.149074 -0.007902 0.087733 -0.028509 0.092589 0.003595 -0.151008 -0.158384 0.348922 0.366275 0.209542 0.102484 0.272177 0.072228 -0.097592 -0.205154 0.342747 -0.025438 -0.085325 -0.276619 0.090143 0.126562 0.271000 0.157269 0.170088 -0.066678 0.125866 -0.118381 -0.002021 0.063595 -0.108313 0.049751 0.029644 0.081114 -0.025887 0.079010 0.122198 -0.463329 0.081985 -0.155861 0.128482 -0.209350 0.226512 0.077795 -0.048395 -0.075475 0.130584 -0.381668 0.026816 -0.441539 0.134161 0.066718 0.287654 0.460665 0.373110 0.268694 0.351054 0.133669 0.284416 0.180760 0.173967 0.380625 0.040532 -0.093316 0.206791 0.251917 0.242950 -0.064147 -0.056446 -0.027275 -0.424308 -0.384501 -0.325617 -0.457082 -0.201692 -0.155697 0.080922 -0.217244 -0.021353 -0.166748 -0.309261 -0.390830 -0.495101 -0.471943 -0.363335 -0.565896 -0.075396 -0.243251 -0.257688 -0.185135 -0.295578 -0.311602 0.129929 -0.160725 -0.326064 -0.162176
0.133512 0.168752 -0.298277 -0.040049 0.003216 0.036186 -0.365970 -0.319672 0.000530 -0.080087 -0.172241 -0.203105 -0.333137 -0.297801 -0.152849 -0.185318 -0.073287 -0.070336 0.032535 1.000000 0.037708 -0.062064 -0.190138 -0.089067 -0.187558 0.064271 0.196204 0.119904 -0.198743 -0.280193 -0.477428 -0.403672 -0.350970 -0.301729 -0.244566 -0.018879 -0.169851 0.149355 -0.075657 0.387200 -0.041354 0.090066 -0.056781 0.017652 -0.150421 -0.050071 0.149894 0.301967 -0.264898 -0.047249 -0.337638 -0.144178 -0.142799 -0.090540 0.049026 0.011072 0.160048 0.382375 -0.126780 0.091002 -0.254058 -0.165100 -0.079304 -0.072816 -0.180418 -0.001854 -0.372475 0.057368 0.334159 0.588486 0.116749 -0.122579 -0.262347 -0.160173 -0.229871 -0.065044 -0.185542 -0.102210 -0.124159 -0.117534 0.121574 -0.028693 0.140945 0.073687 -0.295899 -0.141792 0.040435 0.189005 0.024667 -0.013096 0.465243 0.359110 0.033941 0.139239 0.247364 0.181599 -0.137812 0.282919 0.196463 0.247786 0.014392 0.081348 0.039648 0.169030 0.236397 0.389688 -0.054018 0.244673 0.375137 0.281487 0.301016 0.276308 -0.040570 -0.085299 0.042117 0.186266
-0.185591 -0.117397 -0.049766 -0.107065 0.229896 0.105743 -0.277821 -0.142172 -0.156002 -0.121750 -0.255156 -0.283264 -0.474328 -0.362503 -0.276848 -0.244410 -0.322618 -0.146169 -0.149074 0.037708 1.000000 0.559974 -0.068685 0.040991 -0.012817 0.138846 0.425335 0.214053 -0.399118 -0.227266 0.070161 0.041023 -0.268008 -0.084360 -0.111437 0.241344 -0.422912 0.480055 0.003464 0.326140 0.109531 0.154515 0.058790 0.131616 -0.147091 0.053553 0.049888 0.192037 -0.091630 -0.250502 0.085855 -0.128857 0.082551 -0.141891 -0.068326 0.017905 0.175906 0.075225 0.039279 0.011148 -0.362916 -0.015070 -0.432701 -0.062361 -0.028409 0.189130 -0.234385 0.197491 0.241816 -0.004535 0.279283 0.188423 -0.141431 -0.024273 -0.152781 0.202555 0.094548 0.359471 -0.336721 -0.002000 -0.151266 -0.029115 -0.081235 0.108253 -0.195637 0.041658 0.039623 0.177175 0.129309 -0.058021 0.063549 0.136369 0.166697 -0.021291 -0.018763 0.245694 -0.110726 0.268724 -0.051880 0.262052 0.089263 0.208663 -0.014441 0.074607 -0.147079 0.197516 0.381254 0.202065 0.220378 0.234438 0.184158 0.243475 -0.074143 -0.012478 0.246754 0.362553
-0.276641 -0.206952 0.181519 0.034153 0.162926 -0.040415 -0.239580 -0.155349 -0.118783 -0.154785 -0.020981 -0.261151 -0.241460 -0.215155 -0.095109 -0.157350 -0.180792 -0.103547 -0.007902 -0.062064 0.559974 1.000000 0.226939 0.362935 0.377429 0.522066 0.351784 0.221021 -0.270591 -0.121806 0.312647 0.265879 -0.207508 0.118285 -0.097293 0.243259 -0.173181 0.449147 0.208254 0.353535 0.318491 -0.133861 0.021026 0.226852 -0.128519 0.028307 0.005348 0.227515 -0.104788 -0.216262 -0.068996 -0.250625 -0.212126 -0.308055 -0.095166 0.041618 0.049605 -0.069976 -0.128924 -0.194538 -0.407912 -0.129150 -0.444247 -0.167762 0.199376 0.276305 -0.237390 0.268711 0.080715 -0.063659 0.255659 0.284734 -0.017082 -0.047044 -0.055530 0.110250 0.023113 0.266881 -0.203582 0.192808 -0.025760 0.072703 0.043518 -0.113839 -0.056843 0.089671 0.214767 0.102512 0.091763 -0.062802 -0.118211 -0.153326 -0.080374 -0.124026 -0.039879 0.213838 0.197829 0.292369 -0.229324 0.185566 -0.034463 0.195349 -0.109377 -0.048509 -0.416625 -0.050747 0.246109 0.087847 -0.043884 0.267328 0.263784 0.134082 -0.140377 0.080568 0.224286 0.204424
-0.021620 0.088158 0.592721 0.101921 -0.114065 -0.282553 0.363548 -0.220908 -0.090059 -0.155441 0.696790 0.001140 0.395521 0.267772 0.584930 0.081374 -0.310422 -0.303734 0.087733 -0.190138 -0.068685 0.226939 1.000000 0.762374 0.418727 0.280875 0.011828 -0.048249 -0.109089 -0.159337 0.476849 0.331229 -0.038979 0.088360 0.260256 0.146502 0.088956 -0.025390 0.172459 -0.203038 0.032918 -0.186404 -0.307782 -0.210202 -0.152206 -0.271343 -0.380506 -0.330136 0.074508 -0.317555 0.133474 -0.222363 -0.185353 -0.174442 0.054563 -0.336390 -0.285352 0.018547 0.115493 -0.214547 0.010440 -0.267615 -0.242345 -0.234863 0.674114 -0.123163 0.079921 0.123549 -0.159257 -0.149142 0.011987 0.265434 -0.164402 -0.042578 0.057332 0.000385 -0.146598 -0.075448 -0.136481 0.157296 -0.148606 0.009086 0.141623 -0.176576 0.501149 0.376926 0.135257 -0.062068 0.417435 0.078026 -0.197053 -0.074584 -0.173733 0.059322 -0.225480 -0.323528 -0.222756 -0.375362 -0.473049 -0.316242 -0.266506 -0.134288 -0.151234 -0.250635 -0.279428 -0.295439 -0.223307 -0.052290 -0.403275 -0.263774 -0.233893 -0.415621 -0.363010 -0.206062 -0.324303 -0.264255
-0.150195 0.059796 0.468395 0.370725 -0.111565 -0.055452 0.265670 0.022984 -0.095000 0.046771 0.448266 -0.001660 0.154581 0.166763 0.314798 0.144452 -0.446839 -0.345275 -0.028509 -0.089067 0.040991 0.362935 0.762374 1.000000 0.332618 0.367870 0.170841 0.152032 -0.343310 -0.206979 0.344255 0.346125 -0.176017 0.104862 -0.020470 0.166912 -0.057872 0.118165 0.088408 0.049111 -0.031859 -0.240903 -0.294175 -0.184224 -0.290688 -0.307262 -0.356989 -0.185289 -0.038618 -0.401193 0.028547 -0.219683 -0.109333 -0.137700 0.014884 -0.371139 -0.191094 0.112619 -0.032943 -0.197092 -0.155021 -0.072417 -0.414657 -0.141521 0.496942 0.138780 -0.201145 0.100317 -0.098046 -0.079874 0.042345 0.368794 -0.317077 -0.120408 -0.105077 -0.016864 -0.147276 0.030714 -0.284816 0.137521 -0.208274 -0.103416 0.144300 0.003223 0.245054 0.239892 0.178047 0.148799 0.401180 0.202768 0.041909 0.027464 0.095237 0.115465 -0.267039 -0.179623 -0.259061 -0.284423 -0.426776 -0.165251 -0.180113 -0.078974 -0.043792 -0.166372 -0.223434 -0.187883 -0.072401 0.052529 -0.320382 -0.144873 -0.173462 -0.259217 -0.297364 -0.146114 -0.167649 -0.202426
-0.242322 -0.179171 0.314834 -0.001358 0.009278 -0.221855 0.078530 -0.163357 0.167820 -0.020295 0.257241 -0.020433 0.175449 0.163893 0.235411 0.054365 0.034046 -0.016917 0.092589 -0.187558 -0.012817 0.377429 0.418727 0.332618 1.000000 0.701822 -0.132170 -0.176001 0.143831 0.235917 0.487012 0.369583 -0.001532 0.178267 0.260614 0.186621 0.427483 0.062137 0.237333 -0.130670 0.227119 -0.070501 -0.154228 -0.030127 0.025179 -0.037012 -0.305803 -0.183646 0.015575 -0.191192 0.167640 -0.233024 -0.324065 -0.329040 -0.152344 -0.256977 -0.172628 -0.187330 -0.100201 -0.377439 -0.118347 -0.170002 -0.172614 -0.115114 0.420350 0.127179 -0.022910 0.156823 -0.117147 -0.177481 0.151260 0.292774 0.148999 0.233000 0.223472 0.101133 0.072367 0.038470 -0.041704 0.302972 0.086475 0.298852 0.049514 -0.291780 0.362702 0.315987 0.025714 -0.173038 -0.037568 -0.137676 -0.264715 -0.196233 -0.274493 -0.104030 -0.026433 -0.161790 0.112068 -0.140587 -0.415857 -0.210449 -0.265983 -0.169125 -0.272923 -0.174319 -0.216591 -0.213656 -0.182387 -0.239203 -0.332155 0.076199 -0.032526 -0.254813 -0.237307 -0.164580 -0.213844 -0.290103
-0.324964 -0.233361 0.148623 -0.057072 0.026832 -0.232511 -0.213938 -0.202965 -0.041713 -0.129045 0.058605 -0.211049 -0.127108 -0.083688 -0.045066 -0.176922 -0.100706 -0.045866 0.003595 0.064271 0.138846 0.522066 0.280875 0.367870 0.701822 1.000000 0.049135 -0.044452 -0.054008 0.068657 0.361758 0.390271 -0.153871 0.241976 0.183414 0.313963 0.163770 0.220263 0.266428 0.193359 0.295786 -0.134595 -0.178713 0.021331 -0.096404 -0.020215 -0.221516 0.054784 -0.184102 -0.169419 0.001458 -0.284294 -0.355436 -0.397951 -0.120824 -0.095419 -0.101755 -0.059192 -0.278548 -0.306931 -0.334946 -0.170388 -0.239061 -0.139248 0.333977 0.173857 -0.157286 0.333564 0.093242 0.067038 0.195963 0.247551 0.047264 -0.049911 0.050090 -0.000047 -0.084862 0.047561 -0.114106 0.236238 0.115154 0.184547 0.110238 -0.280893 0.119972 0.198660 0.105325 0.023310 -0.014843 -0.075473 -0.060823 -0.085791 -0.151084 0.019451 0.017526 -0.032149 0.112823 0.172891 -0.281662 0.085387 -0.043280 0.098907 -0.044683 0.080806 -0.126735 0.001124 -0.044804 -0.082570 -0.101890 0.294821 0.176027 -0.008551 -0.180049 -0.024567 0.038589 -0.087873
-0.076831 0.036269 -0.023216 0.049047 0.479137 0.418070 -0.252029 -0.231590 -0.169374 -0.185900 -0.240678 -0.315654 -0.421664 -0.415598 0.013815 -0.140579 -0.308799 -0.271727 -0.151008 0.196204 0.425335 0.351784 0.011828 0.170841 -0.132170 0.049135 1.000000 0.813128 -0.543598 -0.501772 -0.312594 -0.297443 -0.304782 -0.277836 -0.152542 0.188416 -0.442608 0.218383 0.157269 0.521365 -0.153352 -0.003063 -0.097701 0.063028 -0.376948 -0.134024 0.199185 0.297994 -0.134475 -0.289656 -0.102552 0.018913 0.078705 0.031552 0.348605 0.065477 0.154636 0.209534 0.017247 0.200284 -0.271787 -0.067514 -0.451165 -0.130265 -0.025167 0.114795 -0.306378 0.189040 0.287672 0.251786 -0.080476 -0.157277 -0.449983 -0.385728 -0.431740 -0.207137 -0.192486 0.028204 -0.328569 -0.170739 -0.337635 -0.304612 0.175538 0.032718 -0.300838 -0.021574 -0.002156 0.189534 0.487125 0.317766 0.240600 0.198342 0.169514 0.206008 0.138626 0.319913 0.044958 0.273603 0.148481 0.199166 0.207988 0.131522 0.186868 0.148875 0.129083 0.225043 0.242085 0.259803 0.308512 0.271710 0.314143 0.243635 0.027558 0.147199 0.296080 0.357554
-0.086553 0.025047 0.063716 0.171196 0.481137 0.502676 -0.175270 -0.184869 -0.102709 -0.209794 -0.328013 -0.343235 -0.370990 -0.449272 -0.018475 -0.079503 -0.258257 -0.283263 -0.158384 0.119904 0.214053 0.221021 -0.048249 0.152032 -0.176001 -0.044452 0.813128 1.000000 -0.538204 -0.545395 -0.352705 -0.297998 -0.163152 -0.209603 -0.192829 0.174560 -0.393220 0.154583 0.193491 0.495831 -0.262321 0.025663 -0.067202 0.056575 -0.361039 -0.147582 0.167138 0.286807 -0.055022 -0.282714 -0.084471 0.049921 0.137860 0.122725 0.467016 0.088696 0.241541 0.226708 0.060598 0.192670 -0.124844 -0.088376 -0.358892 -0.175168 -0.097518 0.120729 -0.223131 0.164875 0.280647 0.238238 -0.217258 -0.235091 -0.456367 -0.433567 -0.438290 -0.244456 -0.182796 -0.059624 -0.272534 -0.336109 -0.387524 -0.409794 0.141298 -0.005343 -0.388246 -0.031410 0.056876 0.319796 0.553454 0.434393 0.276829 0.189458 0.223035 0.226023 0.137133 0.300219 0.105793 0.196729 0.271013 0.158077 0.233137 0.096249 0.243487 0.148124 0.178093 0.213578 0.103221 0.210487 0.302358 0.188918 0.276688 0.244435 0.047267 0.183522 0.353178 0.353415
0.093780 -0.215985 -0.023062 -0.152410 -0.202657 -0.288606 0.071289 0.068708 0.246724 0.155971 0.206524 0.314308 0.483076 0.451336 0.222208 0.265775 0.732364 0.559863 0.348922 -0.198743 -0.399118 -0.270591 -0.109089 -0.343310 0.143831 -0.054008 -0.543598 -0.538204 1.000000 0.704364 0.282985 0.226780 0.287566 0.231083 0.123781 -0.309307 0.632461 -0.245714 -0.118542 -0.508464 0.345060 0.045396 0.205429 0.057284 0.436234 0.169013 0.041158 -0.198647 0.082639 0.368406 -0.049424 -0.010729 -0.148489 -0.098754 -0.330735 0.102821 -0.152236 -0.483727 -0.196509 -0.305229 0.162689 -0.105833 0.582439 0.163184 -0.100922 -0.180387 0.176137 -0.305681 -0.278684 -0.403214 0.225860 0.068949 0.821467 0.524401 0.657228 0.359998 0.449822 0.131006 0.652134 0.308256 0.520481 0.481332 0.132364 -0.005378 0.268070 -0.029150 -0.093836 -0.423159 -0.487130 -0.377058 -0.487241 -0.343034 -0.410377 -0.303676 -0.162116 -0.137292 0.170771 -0.151155 -0.008490 -0.062336 -0.135991 -0.107788 -0.349090 -0.179746 -0.187064 -0.445009 -0.206353 -0.436243 -0.290880 -0.121769 -0.254218 -0.174705 0.115405 -0.014552 -0.210960 -0.278702
-0.083503 -0.157959 -0.152380 0.014064 -0.221792 -0.203180 -0.053752 0.261007 0.301336 0.391590 0.044610 0.431217 0.272839 0.511076 0.127204 0.542798 0.461096 0.573099 0.366275 -0.280193 -0.227266 -0.121806 -0.159337 -0.206979 0.235917 0.068657 -0.501772 -0.545395 0.704364 1.000000 0.362318 0.327732 0.322883 0.275414 0.016504 -0.255368 0.508273 -0.104045 -0.182295 -0.449653 0.289662 0.118300 0.279254 0.042065 0.351645 0.103632 -0.002458 -0.283257 0.123121 0.288071 0.077640 0.153888 0.012837 0.041049 -0.460983 0.070716 -0.175612 -0.555823 -0.179459 -0.188708 -0.007165 0.173126 0.309205 0.372808 -0.141669 0.036138 0.096485 -0.429990 -0.301029 -0.512833 0.117424 0.094150 0.622406 0.663452 0.589460 0.346410 0.512213 0.266002 0.407858 0.412935 0.342649 0.475645 0.129258 0.249417 0.346540 0.125491 -0.084787 -0.376185 -0.487635 -0.229924 -0.454882 -0.463954 -0.268335 -0.445057 -0.144626 -0.023538 0.068950 -0.125468 -0.057145 -0.182201 -0.159679 -0.273211 -0.405071 -0.304093 -0.269558 -0.502120 -0.085965 -0.468069 -0.293898 -0.071703 -0.245984 -0.283857 0.078586 -0.118691 -0.261185 -0.323654
-0.296923 -0.210185 0.383261 0.095087 -0.007703 -0.225924 0.179645 0.143180 0.104477 0.021037 0.270874 0.090348 0.269588 0.275309 0.239139 0.149372 0.037260 0.069354 0.209542 -0.477428 0.070161 0.312647 0.476849 0.344255 0.487012 0.361758 -0.312594 -0.352705 0.282985 0.362318 1.000000 0.833206 0.147759 0.497454 0.189629 0.121871 0.178250 0.125875 0.081919 -0.281736 0.225731 -0.096975 -0.008075 -0.015282 0.178981 0.000134 -0.234769 -0.203737 0.029533 -0.127973 0.093873 -0.218263 -0.098157 -0.167298 -0.240305 -0.060935 -0.270567 -0.437620 -0.115878 -0.402590 -0.058575 -0.024474 -0.056385 0.058357 0.246222 0.056251 0.006155 -0.051497 -0.272451 -0.539844 0.331172 0.527992 0.356927 0.365361 0.432854 0.375497 0.246861 0.245588 0.025507 0.266493 0.083878 0.209921 -0.052315 -0.036993 0.284884 0.166799 0.152232 -0.250486 -0.142726 -0.251812 -0.506939 -0.411317 -0.259482 -0.337707 -0.265456 -0.206233 0.106144 -0.168225 -0.276181 -0.076510 -0.048946 -0.144015 -0.313692 -0.338857 -0.550028 -0.489872 -0.050453 -0.288003 -0.371947 -0.318279 -0.164131 -0.236171 -0.090561 0.008078 -0.186669 -0.252976
-0.247847 -0.300785 0.268818 0.078046 -0.032777 -0.140253 0.097353 0.208494 -0.021853 0.012248 0.134135 -0.004625 0.121576 0.156406 0.031425 0.062923 0.020352 -0.018324 0.102484 -0.403672 0.041023 0.265879 0.331229 0.346125 0.369583 0.390271 -0.297443 -0.297998 0.226780 0.327732 0.833206 1.000000 0.216573 0.646485 0.238076 0.314814 0.179207 0.178693 0.150890 -0.117675 0.238193 -0.015234 -0.035425 -0.031746 0.152629 0.125473 -0.186942 -0.104595 -0.134752 -0.013710 -0.026609 -0.299380 -0.192465 -0.200112 -0.254001 -0.040423 -0.277311 -0.398838 -0.250577 -0.430241 -0.136018 0.030106 -0.034363 -0.001957 0.181862 0.035413 0.000842 0.099476 -0.316779 -0.445984 0.288907 0.536534 0.321552 0.269464 0.342716 0.297333 0.180603 0.236765 -0.039747 0.175023 0.050500 0.085784 0.043598 0.129486 0.147171 0.027568 0.261702 -0.080767 -0.253329 -0.296441 -0.315954 -0.384090 -0.246213 -0.279664 -0.254378 -0.038503 0.150405 -0.073901 -0.209339 -0.031694 -0.054801 -0.066144 -0.184406 -0.263307 -0.418803 -0.309944 -0.038469 -0.197529 -0.211657 -0.235336 -0.088330 -0.179628 -0.045524 0.095863 -0.093179 -0.218191
0.282071 0.146132 0.133442 0.035731 0.081715 -0.051604 0.301460 0.289081 0.113153 0.065943 -0.007303 0.216233 0.279884 0.193662 0.022315 0.152854 0.216660 0.114212 0.272177 -0.350970 -0.268008 -0.207508 -0.038979 -0.176017 -0.001532 -0.153871 -0.304782 -0.163152 0.287566 0.322883 0.147759 0.216573 1.000000 0.567076 0.183850 -0.190852 0.216188 -0.337567 -0.056046 -0.369446 -0.095729 0.193311 0.079387 -0.088595 0.243696 0.064875 -0.090129 -0.295291 0.058572 0.217806 0.059299 0.170547 0.112141 0.199914 -0.047848 -0.072445 0.162944 -0.180526 0.161153 0.026252 0.469487 0.164731 0.441510 0.141722 -0.060961 -0.327155 0.573178 -0.227126 -0.135798 -0.299730 -0.390022 -0.253001 0.247133 0.270249 0.305448 0.074185 0.159440 -0.221556 0.168842 -0.078150 -0.036291 -0.044963 -0.125432 -0.084368 0.121171 -0.049240 -0.038138 -0.206657 -0.226105 -0.150449 -0.377160 -0.437569 -0.289696 -0.327539 0.049853 -0.136245 0.197016 -0.297306 -0.141542 -0.423873 -0.222109 -0.301742 -0.106647 -0.267549 -0.025677 -0.285400 -0.031431 -0.166318 -0.105981 -0.267429 -0.325690 -0.344344 -0.009131 -0.136890 -0.204818 -0.178225
-0.131349 -0.265036 0.260524 0.030759 0.120456 -0.037848 0.236841 0.301586 0.093794 0.044740 -0.077889 -0.075505 0.059792 -0.051529 -0.205362 -0.089156 0.120027 -0.031307 0.072228 -0.301729 -0.084360 0.118285 0.088360 0.104862 0.178267 0.241976 -0.277836 -0.209603 0.231083 0.275414 0.497454 0.646485 0.567076 1.000000 0.242567 0.317656 0.134386 -0.106766 -0.042872 -0.155325 0.080588 0.026517 -0.075473 -0.080137 0.277878 0.323048 -0.201509 -0.072968 -0.121250 0.198046 -0.081510 -0.301300 -0.214163 -0.141623 -0.276574 -0.075785 -0.189912 -0.195719 -0.216376 -0.357666 0.058905 0.061026 0.217550 -0.061929 0.130735 -0.054308 0.183754 0.202235 -0.090743 -0.144345 -0.024993 0.118722 0.326845 0.190693 0.276794 0.144308 0.078295 -0.009294 0.108816 0.015860 0.139162 0.015008 -0.113125 -0.021618 0.006892 -0.156785 -0.019338 -0.083647 -0.307085 -0.394083 -0.261980 -0.369106 -0.232825 -0.225156 -0.084350 0.004249 0.143715 -0.021717 -0.096974 -0.083061 -0.031923 -0.021055 -0.003475 -0.113716 -0.167667 -0.188276 0.029548 -0.095360 -0.106513 -0.068457 -0.094099 -0.063751 -0.025779 0.100612 0.002407 -0.135883
0.001431 -0.167173 0.176842 -0.250000 -0.034844 -0.261535 0.200313 -0.207411 -0.221363 -0.336203 0.130917 -0.176790 0.106662 -0.031735 0.075217 -0.323491 -0.037694 -0.218064 -0.097592 -0.244566 -0.111437 -0.097293 0.260256 -0.020470 0.260614 0.183414 -0.152542 -0.192829 0.123781 0.016504 0.189629 0.238076 0.183850 0.242567 1.000000 0.470308 0.218386 -0.213054 0.183283 -0.129609 -0.019311 -0.075449 -0.166832 -0.058083 0.264658 0.292026 -0.130640 -0.125784 0.008208 0.214421 0.112417 -0.108485 -0.298258 -0.236224 0.037033 -0.096423 -0.120727 -0.091348 -0.026976 -0.140091 -0.014851 -0.244911 0.116033 -0.340526 0.406410 -0.259678 0.515939 0.415596 -0.041465 -0.019424 -0.126857 -0.017595 0.011265 -0.097025 -0.083240 -0.196540 -0.183197 -0.187137 0.060709 -0.063464 0.003188 0.032059 -0.139255 -0.284403 0.260488 0.190808 0.027152 -0.046515 0.008793 -0.279879 -0.273169 -0.199298 -0.266086 0.121676 0.086833 -0.206028 0.099505 -0.101242 -0.286009 -0.256656 -0.065250 -0.006734 0.062833 0.106356 0.189842 0.120365 -0.203350 0.042125 -0.075461 0.040006 -0.031747 -0.201176 -0.093713 -0.038558 -0.113581 -0.251287
-0.302806 -0.403063 0.117504 -0.042535 0.169394 0.137238 -0.040102 -0.148907 -0.222365 -0.223935 -0.209404 -0.478056 -0.385351 -0.453197 -0.264455 -0.391580 -0.310659 -0.443308 -0.205154 -0.018879 0.241344 0.243259 0.146502 0.166912 0.186621 0.313963 0.188416 0.174560 -0.309307 -0.255368 0.121871 0.314814 -0.190852 0.317656 0.470308 1.000000 -0.202245 0.235091 0.157236 0.290033 -0.025953 -0.056271 -0.271781 -0.043837 -0.079380 0.371168 -0.074025 0.217326 -0.240979 0.043446 -0.057825 -0.380881 -0.298362 -0.279268 -0.005859 -0.011940 -0.209364 -0.002301 -0.110736 -0.136135 -0.309870 -0.100655 -0.312555 -0.389361 0.309499 0.210765 -0.064343 0.711085 0.022341 0.155688 0.098063 0.137781 -0.207351 -0.275841 -0.233005 -0.145800 -0.196031 0.087086 -0.355895 -0.200144 -0.184620 -0.192174 -0.015954 0.003441 -0.182029 0.044473 0.208249 0.336840 0.038880 -0.153827 0.158981 0.078697 0.054486 0.184962 -0.028065 0.219966 -0.036108 0.242479 0.035865 0.164346 0.213885 0.168412 0.266805 0.140304 0.068587 0.296981 0.175095 0.280600 0.197650 0.236414 0.291771 0.205982 -0.031653 0.216425 0.272216 0.120250
