1.000000 0.455130 0.025621 -0.347246 -0.050032 -0.253866 -0.092677 -0.300068 -0.081135 -0.228691 0.268085 -0.040439 0.158628 0.038693 -0.027062 -0.035957 0.193056 0.244271 0.373991 0.277663 -0.016836 -0.059453 -0.317771 -0.401985 -0.337323 -0.334547 -0.215472 -0.076153 0.182444 -0.053352 -0.130091 -0.308274 0.197054 -0.086852 -0.195756 -0.196945 0.043321 -0.060159 0.005589 -0.041833 -0.057280 -0.064120 -0.218746 -0.240292 -0.463110 -0.418650 -0.230716 -0.116505 -0.385904 -0.465880 -0.248896 -0.319151 0.150653 -0.085788 0.104147 -0.120799 0.681244 0.379591 0.007637 -0.367165 0.366231 0.037112 0.265152 0.205459 -0.198651 -0.407745 -0.305409 -0.386617 0.321607 0.097862 0.125840 -0.142210 0.162418 -0.081113 -0.032397 -0.024386 0.015631 -0.064834 0.201663 0.250191 0.201847 0.220302 0.093965 -0.017879 -0.025137 0.169109 0.050823 0.007809 0.175628 0.212701 -0.092638 -0.004527 -0.117568 -0.166873 -0.144576 -0.189611 -0.054267 0.091316 -0.212528 0.122780 -0.005040 -0.010007 0.030603 -0.091899 0.014648 0.046898 -0.074627 0.025857 -0.123344 -0.019548 -0.110792 -0.086315 -0.182983 -0.161852 -0.109756 -0.007657
0.455130 1.000000 -0.229782 -0.362189 -0.145009 -0.070336 -0.405986 -0.507610 -0.352748 -0.280446 -0.060380 -0.240062 -0.083196 -0.214863 -0.070489 0.000718 0.050427 0.278171 0.151748 0.404436 -0.041175 -0.191189 -0.373037 -0.426358 -0.221739 -0.265403 -0.062219 0.001672 0.035555 0.002627 -0.114520 -0.362660 0.216112 0.045295 -0.044637 -0.308116 0.140699 -0.107045 0.036927 0.063141 -0.080105 0.021740 -0.026319 -0.044945 -0.329009 -0.218862 0.014288 -0.009633 -0.269634 -0.175410 -0.261101 -0.193185 0.073772 -0.154159 -0.029845 -0.040388 0.372330 0.811975 0.169129 -0.071011 -0.106917 -0.077774 -0.005467 0.031922 -0.402041 -0.468957 -0.114898 -0.371012 0.454765 0.302550 -0.151069 -0.206239 0.000465 -0.028694 0.034269 -0.101213 -0.073704 -0.183172 0.179350 0.535602 0.321526 0.358722 0.034292 -0.179098 0.119915 0.131934 -0.031994 -0.132910 0.076127 -0.103312 -0.190280 -0.123076 -0.362916 -0.100556 0.051891 -0.015952 0.015066 0.183067 -0.051412 -0.139717 -0.008404 -0.074371 0.002564 -0.218278 0.072845 0.118750 -0.024388 0.170121 0.017756 0.204120 0.064169 0.106054 -0.094836 -0.085368 -0.189250 0.015353
0.025621 -0.229782 1.000000 0.175743 0.060567 -0.102804 0.568577 0.355998 0.229001 -0.047282 0.141353 0.050687 0.168749 0.104652 0.087752 -0.045869 0.083723 -0.048287 0.274466 -0.223951 -0.195239 -0.000472 0.420216 0.268511 0.138610 0.034464 -0.153451 0.032583 0.021005 -0.230773 0.067040 0.000704 0.202730 -0.028439 -0.090991 -0.037820 -0.007449 0.021562 -0.008016 -0.080498 -0.083378 0.013912 -0.155348 -0.162451 -0.126161 -0.203139 -0.227803 -0.311896 -0.123279 -0.281108 0.245831 -0.085052 0.084071 -0.065956 0.133950 -0.290667 0.063210 -0.088467 -0.236159 -0.120480 0.215566 -0.022807 0.092531 0.011793 0.446294 0.233339 -0.078302 0.105106 -0.306183 -0.294103 -0.058347 -0.194958 0.044146 -0.054242 -0.088827 -0.060188 0.137364 -0.089152 -0.015374 -0.084694 -0.241219 -0.063684 -0.204666 -0.135701 0.137168 0.192155 0.128036 0.218338 0.333097 0.308581 -0.080979 -0.172054 0.034878 -0.096864 -0.355359 -0.266558 -0.186330 -0.275657 -0.336072 -0.202363 -0.094997 0.125251 0.072432 -0.106608 -0.112598 -0.483632 -0.036671 -0.432455 -0.120121 -0.212910 -0.183455 -0.256111 -0.064641 -0.297294 -0.114476 -0.181944
-0.347246 -0.362189 0.175743 1.000000 -0.090433 0.086236 0.403956 0.667364 0.015165 0.301492 -0.172570 0.302629 0.047305 0.234050 -0.062812 0.198467 -0.063878 -0.252039 0.004666 -0.196252 -0.150601 -0.061586 0.202980 0.332611 -0.004289 0.045873 -0.000850 -0.174217 -0.098006 0.130965 0.046799 0.355190 -0.065606 0.107540 -0.124544 -0.004620 -0.034706 -0.060719 -0.204310 -0.078000 -0.042753 0.227120 -0.058949 -0.026929 0.276808 0.216609 0.005882 -0.247153 0.113115 0.163958 0.123213 0.040534 -0.022428 -0.102842 -0.138227 -0.121101 -0.179333 -0.317041 -0.051648 0.009849 -0.002921 0.194520 -0.020303 0.114802 0.219591 0.366029 0.010587 0.060941 -0.319726 -0.395074 -0.031591 0.060093 -0.055711 0.129011 0.022420 0.187818 -0.034455 0.031767 -0.216834 -0.217828 -0.123189 -0.195307 -0.134340 0.259316 -0.042663 -0.045401 0.157102 0.123572 0.107774 0.138827 0.139492 -0.278396 0.264339 -0.043447 0.000054 -0.059145 -0.113280 -0.050970 -0.026002 -0.131376 -0.141179 0.081393 0.051151 -0.009980 -0.141135 -0.366285 -0.015094 -0.269714 -0.013155 -0.050415 -0.254596 -0.077870 0.018505 -0.023451 -0.009960 -0.035716
-0.050032 -0.145009 0.060567 -0.090433 1.000000 0.289879 0.180772 0.032122 0.607376 0.369535 0.139135 0.009423 0.111367 -0.081806 0.313716 0.318646 0.006623 -0.134604 -0.173004 -0.027234 0.197356 0.191249 -0.025685 0.097780 0.230168 0.082581 0.542049 0.150569 0.055915 -0.019085 -0.037478 -0.140682 -0.131957 -0.096274 0.017728 0.041791 0.167480 -0.170294 0.226877 -0.054921 -0.021970 -0.030147 -0.055275 -0.261463 -0.104217 -0.194873 -0.171721 -0.176161 -0.140465 -0.205823 0.122446 -0.194937 -0.014961 0.065748 0.105718 -0.211642 0.012100 -0.004269 0.024207 0.086910 0.080799 -0.060062 -0.183049 -0.140459 0.222370 0.006430 -0.056080 0.116113 -0.037837 0.103640 0.003043 0.263384 -0.004565 0.089723 0.065739 0.038958 -0.106643 -0.180381 0.174431 -0.216926 0.114992 0.008335 0.147634 0.119459 0.320676 0.101913 0.003314 0.088345 0.246967 0.030997 -0.056571 0.092518 0.060421 0.151692 -0.034350 -0.089494 -0.120554 -0.198560 -0.112689 -0.044114 0.138409 0.167149 0.070906 0.135032 -0.028667 0.021362 0.232850 -0.031626 -0.030858 -0.287412 -0.083903 -0.055193 0.100012 0.064188 0.161065 -0.034336
-0.253866 -0.070336 -0.102804 0.086236 0.289879 1.000000 -0.136295 -0.077587 0.202326 0.600295 -0.168562 -0.138869 -0.315121 -0.331151 0.035791 0.167662 -0.105181 -0.340740 -0.366996 -0.160366 -0.025969 0.353476 0.345843 0.354213 0.633572 0.697693 0.616862 0.746279 -0.414152 -0.268053 -0.072467 -0.008665 -0.388539 0.075324 0.435600 0.422059 0.219234 -0.046148 0.285945 0.143557 -0.077755 -0.088068 0.118489 0.004398 0.072466 -0.019122 0.120770 0.052140 0.202468 0.051813 0.400533 0.227370 0.017653 0.080129 0.083262 -0.008756 -0.111018 -0.006429 0.178248 0.161729 -0.289166 -0.348646 -0.589145 -0.536322 0.000008 0.246358 0.187372 0.326202 0.088512 0.307335 -0.145650 0.252576 -0.529539 -0.134413 0.005798 -0.000812 -0.260343 -0.126336 0.164799 -0.102585 0.045519 -0.219738 0.089863 -0.238238 0.411967 0.090480 -0.278331 -0.008776 0.150790 -0.112744 0.018689 0.032339 0.006305 0.074523 0.049939 -0.192793 -0.011123 -0.001292 -0.026923 -0.077727 0.035249 0.079420 -0.126399 0.142720 0.131265 -0.020301 0.027363 -0.054382 -0.003807 -0.096427 0.234954 0.170609 0.174985 0.124926 0.196701 -0.087681
-0.092677 -0.405986 0.568577 0.403956 0.180772 -0.136295 1.000000 0.632268 0.332787 0.130944 0.180057 0.390835 0.434821 0.424816 0.148909 0.157618 0.061523 -0.253807 0.083884 -0.234992 -0.116857 -0.029710 0.268600 0.124375 -0.054833 -0.122225 -0.068975 -0.192700 0.125791 0.110820 -0.041822 0.069259 0.086966 -0.048972 -0.317808 -0.164164 0.041439 -0.058482 -0.053586 -0.180853 -0.039935 0.181992 -0.319310 -0.334763 -0.039536 -0.141060 -0.261211 -0.501597 -0.055616 -0.196986 0.203496 -0.171384 0.098883 -0.063948 -0.037813 -0.332610 -0.104481 -0.321530 -0.072313 0.001217 0.433903 0.374012 0.169021 0.217246 0.538448 0.315098 -0.011560 0.036965 -0.401726 -0.349606 0.083617 -0.071399 0.117091 0.131596 0.092103 0.181649 0.080492 -0.080246 -0.158882 -0.383786 -0.203279 -0.177043 -0.053066 0.162095 0.025471 -0.007132 0.154293 0.046141 0.361910 0.267526 0.140221 -0.050643 0.240369 0.105843 -0.228598 -0.102047 -0.198067 -0.223798 -0.216422 -0.022405 -0.107400 0.311500 0.109476 0.006660 -0.138621 -0.323206 0.214839 -0.283218 -0.032415 -0.254804 -0.299137 -0.173315 0.006749 -0.059856 -0.038689 -0.127995
-0.300068 -0.507610 0.355998 0.667364 0.032122 -0.077587 0.632268 1.000000 0.151872 0.235778 -0.021948 0.331622 0.204369 0.434221 -0.070105 0.066163 -0.110118 -0.393621 -0.137693 -0.143247 -0.197978 -0.119642 0.130502 0.363546 -0.049553 -0.072646 -0.160655 -0.327067 -0.059022 0.014444 0.122803 0.298889 -0.066899 0.055506 -0.338020 -0.088517 -0.109168 0.013405 -0.181761 0.023167 -0.039419 0.232202 -0.227836 -0.193810 0.124268 0.099365 -0.227608 -0.308611 0.166672 0.019664 0.212833 0.020385 0.059512 -0.151611 -0.005453 -0.195229 -0.262211 -0.465390 0.000390 0.099676 0.266571 0.453962 0.043412 0.211777 0.353271 0.505658 0.082103 0.234785 -0.517815 -0.348990 -0.039762 -0.067552 -0.021438 0.050922 0.005221 -0.027309 -0.062153 -0.053169 -0.393637 -0.496075 -0.321772 -0.336630 -0.175935 0.205288 -0.140369 -0.062814 0.154336 0.106003 0.095191 0.218474 0.265329 -0.168834 0.425575 0.055683 -0.108535 -0.096554 -0.121301 -0.088955 -0.100328 -0.119547 -0.043773 0.126079 0.201431 -0.036261 -0.083744 -0.328135 0.128115 -0.276913 -0.100873 -0.121095 -0.206876 -0.149349 0.022571 0.024082 -0.058838 -0.093421
-0.081135 -0.352748 0.229001 0.015165 0.607376 0.202326 0.332787 0.151872 1.000000 0.521219 0.373107 0.360470 0.284972 0.250722 0.568206 0.462319 0.194625 -0.122431 -0.128268 -0.298310 -0.093579 0.089175 0.336613 0.173786 0.241623 0.157891 0.252432 0.123926 0.138833 -0.114217 0.001241 -0.008880 -0.122778 -0.141812 -0.077031 0.003622 0.151228 -0.158576 0.168852 -0.095690 -0.109824 -0.102651 -0.099624 -0.193989 -0.168871 -0.234969 -0.110745 -0.180422 -0.096678 -0.234308 0.211321 -0.109486 -0.135613 0.062986 0.114891 -0.214821 0.021056 -0.215928 -0.171694 0.006131 0.195834 -0.004817 0.083429 -0.060386 0.489205 0.172050 -0.169217 0.047535 -0.226012 -0.136679 0.046745 0.214275 -0.048799 0.075383 -0.029700 0.082767 -0.010879 -0.136741 0.076150 -0.264053 0.060346 -0.131916 0.181983 0.119730 0.340829 0.121229 0.149455 0.147367 0.203707 0.103461 -0.006405 0.044854 0.120270 0.162692 -0.258318 -0.244213 -0.082508 -0.368974 -0.097499 -0.066880 0.067542 0.170145 0.066084 0.104212 0.107183 -0.232673 -0.069863 -0.291165 -0.191993 -0.422084 -0.152306 -0.053661 0.070422 -0.012723 0.067618 -0.238867
-0.228691 -0.280446 -0.047282 0.301492 0.369535 0.600295 0.130944 0.235778 0.521219 1.000000 -0.106690 0.127991 -0.140101 -0.008962 0.121311 0.365695 0.098153 -0.283064 -0.222567 -0.102993 -0.114557 0.122643 0.206632 0.304054 0.311469 0.327424 0.379214 0.269839 -0.204005 -0.066259 -0.007632 0.061689 -0.248338 0.029170 0.124594 0.188540 0.184682 -0.105349 0.083280 -0.012713 -0.178621 -0.016561 0.003352 -0.124004 0.049318 -0.055708 0.021536 -0.099521 0.064686 0.008492 0.284590 0.021310 -0.031474 0.023412 -0.030520 -0.104638 -0.066525 -0.168167 0.041935 0.040137 -0.090772 -0.019516 -0.224309 -0.162232 0.181137 0.273125 0.059627 0.128576 -0.086950 0.049943 -0.118515 0.218359 -0.306592 -0.020627 -0.044386 0.051687 -0.183694 -0.217477 0.035203 -0.205093 0.108163 -0.172699 0.235438 0.233939 0.254078 0.160766 -0.108234 -0.027305 0.154156 0.089464 0.092144 -0.023844 0.180239 0.102020 -0.063927 -0.225846 -0.119014 -0.134905 0.022132 -0.033906 -0.056674 0.093441 -0.082245 -0.022786 0.128505 -0.195737 -0.042846 -0.226136 -0.146785 -0.185066 -0.065653 0.165499 0.097918 0.103080 0.010631 -0.230874
0.268085 -0.060380 0.141353 -0.172570 0.139135 -0.168562 0.180057 -0.021948 0.373107 -0.106690 1.000000 0.423172 0.644317 0.392592 0.517731 0.230242 0.082642 0.000495 0.017116 -0.324581 -0.042326 0.086690 0.167680 -0.150781 -0.067588 -0.050543 -0.057124 0.004656 0.349327 -0.073831 0.087470 0.029799 -0.012350 -0.022787 -0.143327 -0.030930 0.005660 0.001883 0.001885 -0.176084 0.119867 -0.085719 -0.233965 -0.207101 -0.274889 -0.286781 -0.260510 -0.253719 -0.220146 -0.316242 -0.059258 -0.262866 -0.035289 0.053869 0.087581 -0.146057 0.030723 -0.051632 -0.191860 -0.071466 0.483086 0.209751 0.392500 0.173009 0.361994 0.002457 -0.325838 -0.059753 -0.312158 -0.275330 0.146527 -0.062294 0.140609 0.058180 0.008732 0.054212 0.056985 -0.072577 0.006064 -0.131099 -0.057029 -0.068342 0.281012 -0.040342 0.207346 -0.015826 0.235110 0.119717 0.167481 0.045650 -0.155662 0.103129 0.011538 0.017628 -0.185226 -0.071273 0.002092 -0.144682 -0.192143 0.062012 0.057594 0.067637 0.014301 0.140988 0.163389 0.013014 -0.012589 -0.098544 -0.052027 -0.251546 -0.111329 -0.173536 -0.068615 -0.021676 0.176383 0.005763
-0.040439 -0.240062 0.050687 0.302629 0.009423 -0.138869 0.390835 0.331622 0.360470 0.127991 0.423172 1.000000 0.595700 0.785454 0.372043 0.414288 0.027716 0.035793 -0.047869 -0.289448 -0.125874 0.054949 0.085949 -0.148114 -0.078049 -0.057536 -0.063835 -0.194954 0.392892 0.333010 0.089119 0.231053 -0.057916 0.059703 -0.306719 -0.235069 -0.148110 -0.182793 -0.353615 -0.174944 -0.008205 -0.010654 -0.352735 -0.290629 -0.152265 -0.223303 -0.231294 -0.277409 -0.037738 -0.197962 -0.011148 -0.177692 -0.101108 0.143836 -0.182043 -0.143002 -0.091609 -0.359450 -0.200216 -0.205788 0.419641 0.359246 0.337871 0.411392 0.380270 0.184765 -0.296818 -0.203245 -0.272236 -0.327013 0.068368 0.184022 0.177466 0.280053 0.156791 0.167328 0.044456 0.026762 -0.089106 -0.268391 -0.015418 -0.133036 0.082682 0.235440 0.039223 -0.173234 0.255115 -0.010029 -0.142775 0.007163 0.194474 0.212026 0.197970 0.113963 -0.069036 -0.068932 -0.147995 -0.211963 -0.057958 0.056008 -0.101040 0.055879 0.120065 0.277590 0.225064 -0.115133 -0.114010 -0.091610 -0.047773 -0.223221 -0.274248 -0.163973 0.142218 0.170252 0.179477 -0.117880
0.158628 -0.083196 0.168749 0.047305 0.111367 -0.315121 0.434821 0.204369 0.284972 -0.140101 0.644317 0.595700 1.000000 0.706496 0.467798 0.352036 0.035957 0.069951 0.083882 -0.298834 -0.050661 -0.015256 -0.010987 -0.342829 -0.215284 -0.260949 -0.084980 -0.272384 0.496231 0.260047 0.059344 0.080436 0.131245 -0.074796 -0.401914 -0.317841 -0.143300 -0.163441 -0.124661 -0.149085 0.028522 0.092457 -0.281590 -0.255937 -0.132037 -0.173345 -0.267733 -0.379140 -0.187914 -0.234635 -0.062392 -0.301906 -0.005857 0.097155 0.010317 -0.186582 0.013102 -0.121161 -0.177582 -0.091361 0.489946 0.282998 0.451353 0.312030 0.289378 -0.001789 -0.289516 -0.173080 -0.342960 -0.370810 0.107022 -0.088294 0.232890 0.222667 0.078824 0.099108 0.042251 -0.108631 -0.085788 -0.167105 -0.047778 0.046063 0.182011 0.141203 0.027392 -0.057789 0.306327 0.157339 0.064464 0.026351 -0.065878 0.074957 -0.022006 0.031424 -0.096259 0.045023 -0.028985 -0.138281 -0.187207 -0.029062 -0.066919 0.157521 0.035947 0.138041 -0.029182 -0.037325 0.047356 -0.049460 -0.017680 -0.228624 -0.277383 -0.281160 -0.014716 -0.079051 0.080043 0.068437
0.038693 -0.214863 0.104652 0.234050 -0.081806 -0.331151 0.424816 0.434221 0.250722 -0.008962 0.392592 0.785454 0.706496 1.000000 0.371220 0.369095 0.126684 0.034674 0.050906 -0.286556 -0.168210 -0.075905 -0.007832 -0.252150 -0.226568 -0.239743 -0.208210 -0.424655 0.493230 0.355920 0.053514 0.183765 0.006630 -0.131855 -0.486141 -0.376046 -0.129759 -0.204324 -0.318051 -0.129977 0.060151 0.140511 -0.344080 -0.244542 -0.129970 -0.142442 -0.181475 -0.327918 -0.032150 -0.158640 -0.077831 -0.156712 0.068502 0.062822 -0.048485 -0.127865 -0.022508 -0.316458 -0.105345 -0.080309 0.378915 0.449855 0.476366 0.507059 0.211482 0.104730 -0.228528 -0.211468 -0.326125 -0.420293 0.079802 -0.028893 0.251129 0.228172 0.138436 0.093685 0.089807 0.037848 -0.192960 -0.301716 -0.055426 -0.115732 0.111446 0.245736 -0.102268 -0.173048 0.255628 -0.055925 -0.078125 0.119752 0.158350 0.087719 0.110618 0.051608 -0.139970 -0.138537 -0.057972 -0.230578 -0.031452 0.019685 -0.092386 0.086449 0.176863 0.169216 0.196238 -0.143242 -0.067711 -0.147945 -0.159704 -0.203221 -0.323160 -0.249220 0.101004 0.073971 0.050578 -0.121217
-0.027062 -0.070489 0.087752 -0.062812 0.313716 0.035791 0.148909 -0.070105 0.568206 0.121311 0.517731 0.372043 0.467798 0.371220 1.000000 0.586829 0.313572 0.203886 0.112869 -0.323790 -0.040495 0.120260 0.282391 -0.142698 0.068676 -0.015312 0.252855 0.035195 0.540658 0.241279 0.037012 -0.012424 -0.086139 -0.224078 -0.147933 -0.276289 0.245382 -0.219740 0.146086 -0.219625 0.176949 0.077693 -0.133803 -0.166629 -0.189850 -0.279675 -0.066025 -0.315241 -0.081520 -0.218564 -0.012745 -0.123523 -0.097902 0.035320 0.082207 -0.244690 0.109614 0.006452 -0.182189 0.066862 0.026719 -0.018318 0.263605 0.084648 0.277663 -0.110739 -0.283898 -0.234534 -0.240158 -0.317918 0.033482 0.068307 0.259791 0.370066 0.165407 0.268535 0.104650 -0.146005 0.234515 -0.083609 0.275782 0.140929 0.422413 0.182980 0.458776 0.119219 0.303534 0.196718 0.134985 -0.010014 -0.202336 -0.120083 -0.071636 0.021255 -0.210152 -0.278511 0.020792 -0.445464 -0.046851 -0.170043 0.017473 0.117643 0.098927 0.014814 0.124925 -0.284896 -0.179179 -0.319987 -0.216235 -0.314859 -0.170058 -0.157568 0.069540 -0.094965 0.072232 -0.194770
-0.035957 0.000718 -0.045869 0.198467 0.318646 0.167662 0.157618 0.066163 0.462319 0.365695 0.230242 0.414288 0.352036 0.369095 0.586829 1.000000 0.167120 0.060078 -0.033202 -0.184271 0.013754 0.083454 0.056809 -0.211412 -0.043515 -0.114650 0.410104 0.045156 0.296784 0.325414 -0.150033 -0.151883 -0.243579 -0.258640 -0.163848 -0.221870 0.230247 -0.170829 0.051232 -0.065525 0.067538 0.093126 -0.202581 -0.211523 -0.122718 -0.212659 -0.073147 -0.294379 -0.011521 -0.174866 0.149553 -0.113028 -0.012394 0.025675 0.006139 -0.209211 -0.019882 -0.037707 -0.082822 -0.065191 0.079341 0.035778 0.069411 0.133032 0.206502 0.015816 -0.319211 -0.321327 -0.085716 -0.202139 -0.038690 0.116559 0.063128 0.319547 0.100807 0.200275 -0.130025 -0.264232 0.088145 -0.098105 0.268485 0.134431 0.257810 0.317610 0.421407 0.251883 0.082648 -0.009201 0.247962 0.129410 -0.097774 -0.094030 0.006724 0.049971 -0.014811 -0.109011 -0.096681 -0.180381 -0.094375 -0.167369 0.005099 0.021469 -0.103650 -0.046942 0.050344 -0.180360 -0.218693 -0.140864 -0.172754 -0.150049 -0.253264 -0.072904 0.073695 -0.014111 0.005707 -0.087159
0.193056 0.050427 0.083723 -0.063878 0.006623 -0.105181 0.061523 -0.110118 0.194625 0.098153 0.082642 0.027716 0.035957 0.126684 0.313572 0.167120 1.000000 0.326581 0.413893 -0.080956 -0.164505 -0.142850 0.049467 -0.092740 -0.062222 -0.099169 -0.176872 -0.104980 0.459349 0.126710 -0.037957 0.000584 0.215543 -0.064876 -0.210652 -0.278139 0.494207 -0.058685 0.210243 -0.306179 0.073664 0.255574 -0.229329 -0.203166 -0.186428 -0.314822 -0.165471 -0.353243 -0.268479 -0.271740 -0.218115 -0.228791 0.007682 -0.246809 -0.047115 -0.374125 0.405592 0.236191 -0.017054 -0.053206 -0.008183 0.099162 0.492378 0.357154 -0.175696 -0.119244 -0.033091 -0.257107 -0.083349 -0.185552 0.072812 0.035985 0.393058 0.217919 0.161088 0.271114 0.405353 0.037024 0.459016 0.066472 0.636500 0.250216 0.147843 0.210278 0.203311 0.137240 -0.087829 0.036225 0.088606 -0.021831 -0.241259 -0.119783 -0.228983 -0.038644 -0.322354 -0.340861 -0.145759 -0.371674 -0.171337 0.058912 0.071960 0.219893 0.002600 -0.087618 0.075237 -0.288861 -0.061180 -0.400371 -0.138689 -0.261114 -0.257049 -0.094874 -0.198437 -0.328665 -0.045929 -0.255930
0.244271 0.278171 -0.048287 -0.252039 -0.134604 -0.340740 -0.253807 -0.393621 -0.122431 -0.283064 0.000495 0.035793 0.069951 0.034674 0.203886 0.060078 0.326581 1.000000 0.537358 0.221278 0.044119 0.021806 -0.302441 -0.442371 -0.316278 -0.296485 -0.140736 -0.154871 0.566419 0.515370 -0.109500 -0.188828 0.173891 -0.078941 -0.130271 -0.380715 -0.052382 -0.143758 -0.037798 -0.050770 0.083692 0.034279 -0.147207 0.007577 -0.165571 -0.185624 -0.022370 -0.049011 -0.422741 -0.248105 -0.462629 -0.353332 -0.248643 0.004067 -0.169250 -0.125994 0.288035 0.352991 -0.305107 -0.360536 0.042136 -0.163978 0.417718 0.323608 -0.126498 -0.471220 -0.356082 -0.549711 0.211413 -0.138012 0.041682 -0.073233 0.557550 0.365667 0.151025 0.119158 0.277566 0.186333 0.357213 0.518187 0.389616 0.541794 0.080377 0.130546 -0.130192 0.064443 -0.019991 -0.101115 -0.236471 -0.201317 -0.136741 0.002113 -0.195624 -0.176912 0.004069 0.025086 -0.043309 -0.188353 0.095577 0.140217 0.010123 -0.107058 0.176342 -0.114414 0.041806 -0.098045 -0.158317 -0.066827 0.037404 0.110282 -0.053343 -0.058055 0.077275 -0.026253 -0.111235 0.056732
0.373991 0.151748 0.274466 0.004666 -0.173004 -0.366996 0.083884 -0.137693 -0.128268 -0.222567 0.017116 -0.047869 0.083882 0.050906 0.112869 -0.033202 0.413893 0.537358 1.000000 0.252048 -0.143302 -0.189874 -0.080047 -0.185674 -0.319228 -0.319739 -0.301565 -0.264622 0.440035 0.262347 0.035831 -0.094250 0.370672 -0.072473 -0.218605 -0.386875 0.129276 -0.109389 -0.078961 -0.325460 -0.012207 -0.010398 -0.181879 -0.104800 -0.162659 -0.239464 -0.124182 -0.208220 -0.430428 -0.229668 -0.389096 -0.272151 -0.026665 -0.082628 -0.073126 -0.242041 0.326929 0.245738 -0.237769 -0.351716 0.076072 -0.003935 0.465083 0.297496 -0.072677 -0.406740 -0.207381 -0.510619 0.137184 -0.221505 0.043214 -0.170753 0.455469 0.261294 0.103423 0.213702 0.367099 0.189876 0.238856 0.353023 0.256728 0.271029 0.126270 0.231726 -0.072272 0.129639 0.053884 -0.006122 0.031099 0.053440 -0.118903 -0.082804 -0.106160 -0.280447 -0.236110 -0.196883 -0.202492 -0.283796 -0.069084 0.162252 -0.166625 -0.013518 0.126054 -0.153506 -0.007215 -0.237231 -0.134434 -0.261959 -0.025291 -0.049992 -0.267316 -0.185585 -0.042592 -0.249953 -0.180527 -0.140787
0.277663 0.404436 -0.223951 -0.196252 -0.027234 -0.160366 -0.234992 -0.143247 -0.298310 -0.102993 -0.324581 -0.289448 -0.298834 -0.286556 -0.323790 -0.184271 -0.080956 0.221278 0.252048 1.000000 0.116190 -0.252270 -0.386587 -0.034344 -0.359545 -0.351637 -0.143011 -0.114414 -0.146967 0.099948 -0.137177 -0.360041 0.061103 0.109774 0.033733 -0.053451 -0.104105 -0.077656 -0.129707 0.097728 -0.140030 -0.039075 -0.097072 -0.234986 -0.128676 -0.190860 -0.214375 0.148093 -0.036753 -0.017692 -0.135199 -0.061229 0.044981 -0.098944 -0.144816 -0.074528 0.140314 0.254712 0.057141 -0.130619 -0.086171 -0.007252 -0.192956 0.006378 -0.326753 -0.310024 -0.008699 -0.269807 0.472144 0.557992 -0.163892 -0.154232 -0.091044 -0.070771 -0.138445 -0.223736 -0.149726 0.019256 -0.058421 0.259552 0.122229 0.165709 0.043857 0.232095 -0.214070 -0.054081 -0.108497 -0.217671 -0.058015 -0.121492 0.238719 0.191600 0.147289 -0.014442 0.198059 0.031468 -0.243324 0.187834 0.031144 0.049721 -0.126717 -0.150280 -0.019703 -0.175686 0.148038 0.247228 0.114798 0.275025 0.003330 0.322899 0.085479 0.158169 -0.100365 -0.002095 -0.288783 0.071020
-0.016836 -0.041175 -0.195239 -0.150601 0.197356 -0.025969 -0.116857 -0.197978 -0.093579 -0.114557 -0.042326 -0.125874 -0.050661 -0.168210 -0.040495 0.013754 -0.164505 0.044119 -0.143302 0.116190 1.000000 0.348596 -0.183992 -0.099328 -0.089985 -0.016506 0.300871 0.122672 -0.113554 0.105452 -0.157533 -0.240220 -0.246312 -0.157594 0.225360 0.197548 -0.263342 0.077579 0.037930 0.069860 0.085547 0.020919 0.165891 0.069390 0.181257 0.122241 0.008318 0.154406 0.176379 0.147560 0.088937 0.140925 -0.009139 0.143629 -0.104173 0.098003 -0.117332 -0.117906 -0.013729 0.003192 -0.075410 -0.104735 -0.159584 -0.172303 -0.059395 -0.040344 0.049941 0.037421 0.152975 0.245111 0.400147 0.204209 0.109510 0.244649 0.184875 0.255815 -0.119085 0.087295 -0.031761 0.068653 -0.015460 0.047189 -0.037582 0.078666 -0.113088 -0.169994 -0.129342 -0.087418 -0.083660 -0.090406 0.133964 0.177239 0.267740 0.217399 0.118571 0.272578 -0.153763 0.103547 0.105345 0.108133 0.059085 -0.081041 -0.183463 0.064406 -0.126286 0.237742 0.119130 0.280289 0.088936 0.046521 0.002823 0.171458 0.050701 0.112689 0.079227 0.220387
-0.059453 -0.191189 -0.000472 -0.061586 0.191249 0.353476 -0.029710 -0.119642 0.089175 0.122643 0.086690 0.054949 -0.015256 -0.075905 0.120260 0.083454 -0.142850 0.021806 -0.189874 -0.252270 0.348596 1.000000 0.083894 0.041427 0.346068 0.482576 0.415832 0.510483 0.023321 0.004093 -0.021827 0.089334 -0.167201 0.126436 0.195602 0.266763 -0.259432 0.008478 0.156693 0.161042 -0.038473 -0.043843 -0.080925 -0.017824 -0.042461 0.044249 -0.031632 0.067739 -0.072927 -0.140403 -0.013469 -0.053114 -0.128401 0.313265 -0.062471 0.098094 0.037892 -0.060309 -0.126350 -0.097310 0.046287 -0.243831 -0.177786 -0.219550 0.163797 0.093538 -0.187436 0.174181 -0.040216 0.031038 0.236904 0.482821 0.012071 0.086061 0.104330 0.137296 -0.136335 0.142568 0.353368 -0.070717 -0.092357 -0.125887 -0.119991 -0.248675 0.005036 -0.151115 -0.118950 0.095910 -0.187133 -0.085764 -0.022288 0.235391 0.069092 0.210641 -0.112709 -0.033999 0.051722 -0.191850 0.076726 0.128202 0.092100 -0.121457 -0.099905 0.290544 -0.020749 0.002303 -0.020266 -0.051324 0.095673 -0.275605 -0.002433 -0.005057 0.178814 0.085657 0.467621 0.045745
-0.317771 -0.373037 0.420216 0.202980 -0.025685 0.345843 0.268600 0.130502 0.336613 0.206632 0.167680 0.085949 -0.010987 -0.007832 0.282391 0.056809 0.049467 -0.302441 -0.080047 -0.386587 -0.183992 0.083894 1.000000 0.614016 0.601642 0.540059 0.110673 0.396076 -0.206642 -0.332800 0.220190 0.263591 -0.095352 0.103864 0.211623 0.337515 0.076700 0.073503 0.117570 -0.077243 -0.033592 -0.041359 0.121067 -0.074348 0.007310 -0.113941 0.085046 -0.031997 0.195770 -0.037306 0.329325 0.232183 0.058265 0.137564 0.105164 -0.059545 -0.069859 -0.224989 -0.136742 0.119682 -0.132554 -0.160749 -0.228597 -0.377731 0.392458 0.218935 -0.003587 0.146835 -0.250030 -0.057988 -0.126273 0.087994 -0.399473 -0.160151 -0.100284 0.044556 0.020913 -0.010137 -0.047446 -0.221898 -0.186765 -0.298164 0.023656 -0.176073 0.273325 -0.080547 0.053108 0.167484 0.239869 0.156529 0.036131 -0.039728 -0.029671 0.017897 -0.162425 -0.258821 0.040913 -0.149227 -0.112330 -0.075958 -0.103611 0.187493 -0.172059 0.050976 0.053126 -0.368307 0.029830 -0.291855 -0.131160 -0.244067 0.148958 0.023856 0.010218 -0.081553 0.144918 -0.270595
-0.401985 -0.426358 0.268511 0.332611 0.097780 0.354213 0.124375 0.363546 0.173786 0.304054 -0.150781 -0.148114 -0.342829 -0.252150 -0.142698 -0.211412 -0.092740 -0.442371 -0.185674 -0.034344 -0.099328 0.041427 0.614016 1.000000 0.493657 0.556889 0.028814 0.234493 -0.431443 -0.450271 0.312829 0.414616 -0.026554 0.334012 0.257121 0.507957 -0.037039 0.136784 0.012129 0.040265 -0.137359 -0.029790 0.137935 -0.061057 0.123009 0.073549 -0.001859 0.100780 0.189370 0.075299 0.224573 0.163775 -0.024660 -0.018570 -0.012592 -0.053716 -0.143281 -0.259250 -0.112839 0.105104 -0.167265 -0.090180 -0.336387 -0.396282 0.269020 0.285441 0.114141 0.441630 -0.166448 0.158228 -0.134359 0.135303 -0.438498 -0.239855 -0.128495 -0.039161 -0.050037 0.108118 -0.104451 -0.254305 -0.277179 -0.413016 -0.151637 -0.044675 0.041080 -0.148306 -0.001700 0.170674 0.078405 0.076616 0.172261 -0.019238 0.187313 0.046691 -0.131676 -0.189866 -0.084075 -0.124810 -0.038714 -0.146625 -0.105063 0.077160 -0.164392 -0.010734 -0.022028 -0.219477 0.189011 -0.199552 -0.087208 -0.189049 0.098506 0.029101 -0.078246 -0.086535 0.110583 -0.279873
-0.337323 -0.221739 0.138610 -0.004289 0.230168 0.633572 -0.054833 -0.049553 0.241623 0.311469 -0.067588 -0.078049 -0.215284 -0.226568 0.068676 -0.043515 -0.062222 -0.316278 -0.319228 -0.359545 -0.089985 0.346068 0.601642 0.493657 1.000000 0.818065 0.437332 0.590985 -0.266090 -0.287306 0.299721 0.318568 -0.126646 0.174976 0.412700 0.488482 0.062729 0.075062 0.259321 0.088861 -0.077046 -0.122758 0.158419 0.051366 0.060748 0.000588 0.151621 0.127192 0.107185 -0.034456 0.206973 0.156214 -0.009112 0.175775 0.108843 0.078475 -0.048471 -0.053317 0.064590 0.143135 -0.280938 -0.331927 -0.465520 -0.527459 0.089756 0.124806 0.189784 0.404125 0.006551 0.183760 -0.148477 0.283228 -0.432241 -0.193913 -0.000415 0.028694 -0.087840 0.039345 0.128787 -0.100075 -0.101486 -0.284201 -0.008629 -0.322247 0.233884 -0.122789 -0.084081 0.121260 -0.039027 -0.074578 -0.057900 -0.048232 -0.164921 0.001600 -0.020604 -0.154634 0.159311 -0.088366 -0.005187 -0.069432 0.029777 0.065847 -0.122646 0.115872 -0.034558 -0.193722 0.009975 -0.188617 0.030249 -0.216637 0.249037 0.044605 0.093312 0.026288 0.254368 -0.206557
-0.334547 -0.265403 0.034464 0.045873 0.082581 0.697693 -0.122225 -0.072646 0.157891 0.327424 -0.050543 -0.057536 -0.260949 -0.239743 -0.015312 -0.114650 -0.099169 -0.296485 -0.319739 -0.351637 -0.016506 0.482576 0.540059 0.556889 0.818065 1.000000 0.305998 0.714122 -0.313590 -0.344715 0.221134 0.375939 -0.202234 0.251985 0.468605 0.545443 -0.011845 0.045719 0.159934 0.090914 -0.122392 -0.192851 0.134864 0.035243 0.082784 0.055330 0.151325 0.177262 0.162000 0.039037 0.234162 0.204135 -0.044870 0.200584 -0.001075 0.101524 -0.105115 -0.145844 0.054828 0.077677 -0.229100 -0.343360 -0.435012 -0.534572 0.100779 0.200150 0.165897 0.407427 0.013422 0.235207 -0.042826 0.300628 -0.433295 -0.195062 0.044155 0.001190 -0.098620 0.121387 0.213951 -0.097819 -0.137083 -0.358400 -0.114792 -0.372647 0.198918 -0.178158 -0.225906 0.041805 -0.105613 -0.097931 0.017410 0.153634 -0.061425 0.098219 -0.112665 -0.178203 0.105297 -0.149329 0.057193 -0.013737 -0.025360 -0.047817 -0.186189 0.176339 0.066876 -0.083563 0.005314 -0.138658 0.010999 -0.241184 0.204478 0.092196 0.181706 0.073562 0.357657 -0.228966
-0.215472 -0.062219 -0.153451 -0.000850 0.542049 0.616862 -0.068975 -0.160655 0.252432 0.379214 -0.057124 -0.063835 -0.084980 -0.208210 0.252855 0.410104 -0.176872 -0.140736 -0.301565 -0.143011 0.300871 0.415832 0.110673 0.028814 0.437332 0.305998 1.000000 0.444130 -0.155030 0.119464 -0.036166 -0.098515 -0.269115 -0.108550 0.360626 0.215519 0.123814 0.012003 0.360574 0.178707 0.049476 0.010037 0.106314 0.030928 0.039733 -0.049278 0.141366 0.034188 -0.007444 -0.006420 0.126641 0.050068 -0.034541 0.194545 0.152861 0.109367 -0.043459 0.053036 0.052532 0.090185 -0.252929 -0.330714 -0.450443 -0.424625 0.002657 -0.043080 0.023228 0.089024 0.136703 0.131515 -0.090399 0.260835 -0.229849 0.070782 0.065922 0.151502 -0.308296 -0.216134 0.138210 -0.047797 0.058992 0.054055 0.247474 0.050881 0.348580 0.165076 0.036391 0.080915 0.157559 -0.027233 -0.105741 -0.058384 -0.085966 -0.030363 0.123542 0.016644 0.132236 0.020200 0.063120 -0.054072 0.062681 0.062734 -0.123833 0.113886 -0.100618 0.024140 0.002937 0.067193 0.094182 -0.111528 0.108384 0.045563 0.124169 0.201932 0.218568 0.139891
-0.076153 0.001672 0.032583 -0.174217 0.150569 0.746279 -0.192700 -0.327067 0.123926 0.269839 0.004656 -0.194954 -0.272384 -0.424655 0.035195 0.045156 -0.104980 -0.154871 -0.264622 -0.114414 0.122672 0.510483 0.396076 0.234493 0.590985 0.714122 0.444130 1.000000 -0.371743 -0.336880 -0.145132 -0.141879 -0.334889 0.104740 0.558452 0.487399 0.068552 0.142730 0.285000 0.168018 -0.074063 -0.252584 0.099815 -0.042796 -0.041431 -0.181664 0.056645 0.156105 0.147154 -0.073175 0.431173 0.252550 0.035669 0.192538 0.110626 0.035581 0.004324 0.049121 0.032289 0.022288 -0.224160 -0.475973 -0.568541 -0.600133 0.034549 0.219127 0.065668 0.212436 0.147911 0.330278 -0.037871 0.217853 -0.465141 -0.195740 -0.051596 -0.052032 -0.166471 -0.056891 0.323902 0.069697 -0.038330 -0.174247 -0.053246 -0.487176 0.316359 0.039916 -0.396190 -0.087758 0.100274 -0.080657 -0.058406 0.205686 -0.043186 0.162104 0.042241 -0.081039 0.021608 0.018055 -0.146869 -0.002959 0.079307 -0.061930 -0.225158 0.220419 0.145030 0.042458 -0.071048 0.015776 0.060858 0.000776 0.372532 0.174199 0.169770 0.082183 0.269474 0.025524
0.182444 0.035555 0.021005 -0.098006 0.055915 -0.414152 0.125791 -0.059022 0.138833 -0.204005 0.349327 0.392892 0.496231 0.493230 0.540658 0.296784 0.459349 0.566419 0.440035 -0.146967 -0.113554 0.023321 -0.206642 -0.431443 -0.266090 -0.313590 -0.155030 -0.371743 1.000000 0.554131 0.141934 0.133728 0.291230 -0.032668 -0.434637 -0.576760 0.159197 -0.191846 -0.028427 -0.239377 0.201880 0.187644 -0.338459 -0.228686 -0.185943 -0.222371 -0.232400 -0.402929 -0.398892 -0.282436 -0.496837 -0.447431 -0.212340 -0.128615 -0.156437 -0.295808 0.196407 0.091282 -0.186439 -0.182534 0.255412 0.205046 0.639873 0.574342 0.004958 -0.317658 -0.341820 -0.445147 -0.171983 -0.425170 0.047189 -0.003215 0.756455 0.399976 0.214588 0.183177 0.312649 0.018922 0.385851 0.037434 0.427413 0.420061 0.182406 0.290546 0.013638 0.044662 0.159796 0.014758 -0.188177 -0.152657 -0.279217 -0.071709 -0.228198 -0.079324 -0.189818 -0.151816 0.010818 -0.377770 -0.022781 0.074496 0.042831 0.037107 0.254625 0.027927 0.098981 -0.213721 -0.121099 -0.334090 -0.047092 -0.184891 -0.249286 -0.245461 -0.038645 -0.111966 0.096822 -0.094408
-0.053352 0.002627 -0.230773 0.130965 -0.019085 -0.268053 0.110820 0.014444 -0.114217 -0.066259 -0.073831 0.333010 0.260047 0.355920 0.241279 0.325414 0.126710 0.515370 0.262347 0.099948 0.105452 0.004093 -0.332800 -0.450271 -0.287306 -0.344715 0.119464 -0.336880 0.554131 1.000000 -0.029496 0.040099 0.020930 -0.118851 -0.231153 -0.439459 -0.017323 -0.136079 -0.080562 -0.076398 0.175692 0.204554 -0.226649 -0.066142 0.105589 -0.015770 0.000097 -0.274382 -0.160221 -0.001355 -0.297490 -0.263895 -0.208413 -0.110599 -0.229616 -0.151562 -0.022582 -0.008538 -0.028904 -0.121702 0.062225 0.149932 0.277650 0.389143 -0.057683 -0.247033 -0.071868 -0.402710 0.068052 -0.217945 -0.111713 -0.031023 0.507939 0.491162 0.281153 0.254871 0.113385 0.060038 0.099487 0.147323 0.329369 0.434866 0.286761 0.504471 -0.087946 -0.050609 0.114955 -0.071629 -0.203317 -0.202640 -0.115733 -0.122869 -0.080943 -0.184989 0.212339 0.123866 -0.004694 -0.114761 0.068056 -0.009867 -0.127205 -0.044314 0.121630 -0.116591 -0.015581 -0.079796 -0.085582 -0.053453 0.123286 0.161819 -0.119443 -0.198470 0.090875 0.116272 -0.130230 0.119352
-0.130091 -0.114520 0.067040 0.046799 -0.037478 -0.072467 -0.041822 0.122803 0.001241 -0.007632 0.087470 0.089119 0.059344 0.053514 0.037012 -0.150033 -0.037957 -0.109500 0.035831 -0.137177 -0.157533 -0.021827 0.220190 0.312829 0.299721 0.221134 -0.036166 -0.145132 0.141934 -0.029496 1.000000 0.741501 0.454311 0.558552 0.011021 0.092016 -0.167918 0.066568 -0.081992 -0.036606 -0.026379 0.049803 -0.045100 -0.082574 0.079235 0.044330 -0.140054 -0.098191 -0.056876 0.030877 -0.345573 -0.183565 -0.363679 -0.164827 -0.205040 -0.050981 -0.031153 -0.070148 -0.055746 -0.033031 -0.001880 0.154531 0.064330 0.058739 0.044599 -0.086180 0.076050 0.148269 -0.110677 -0.040270 -0.220660 0.050842 0.037146 -0.042107 -0.016344 -0.028924 0.014896 -0.076123 -0.066856 -0.008700 -0.013837 -0.113957 0.080195 0.115795 -0.059606 -0.235180 0.210881 0.257963 -0.298411 -0.276189 -0.258474 -0.194956 -0.251676 -0.240246 0.005961 -0.052390 0.058336 -0.030282 -0.067492 -0.182242 -0.132767 -0.080872 -0.120280 -0.163986 -0.221216 -0.080712 0.045195 -0.131515 -0.038085 -0.143128 0.035131 -0.090408 -0.235027 -0.116780 0.103935 -0.168524
-0.308274 -0.362660 0.000704 0.355190 -0.140682 -0.008665 0.069259 0.298889 -0.008880 0.061689 0.029799 0.231053 0.080436 0.183765 -0.012424 -0.151883 0.000584 -0.188828 -0.094250 -0.360041 -0.240220 0.089334 0.263591 0.414616 0.318568 0.375939 -0.098515 -0.141879 0.133728 0.040099 0.741501 1.000000 0.353913 0.493102 -0.015406 0.160559 -0.179380 0.026193 -0.130264 -0.043152 -0.083358 0.157279 0.032077 0.056121 0.189679 0.234731 0.029042 -0.025898 -0.021476 0.091462 -0.316759 -0.139625 -0.314231 -0.099023 -0.218915 0.001810 -0.093318 -0.267069 -0.086752 -0.013669 -0.007482 0.136201 0.152711 0.076772 0.061468 0.047760 0.010371 0.260568 -0.263948 -0.252658 -0.097263 0.126179 0.070129 0.017588 0.077795 0.103702 0.149358 0.146235 -0.051280 -0.218493 -0.123418 -0.247369 -0.074842 0.059556 -0.219983 -0.351836 0.177427 0.243320 -0.372757 -0.239237 -0.112209 -0.131069 -0.178871 -0.152100 0.001489 -0.006994 0.176790 -0.091411 0.060400 -0.141966 -0.183446 -0.055021 -0.054174 -0.076494 -0.219691 -0.164909 0.093015 -0.186462 0.053545 -0.178467 -0.004540 -0.157006 -0.149555 -0.121086 0.275687 -0.162024
0.197054 0.216112 0.202730 -0.065606 -0.131957 -0.388539 0.086966 -0.066899 -0.122778 -0.248338 -0.012350 -0.057916 0.131245 0.006630 -0.086139 -0.243579 0.215543 0.173891 0.370672 0.061103 -0.246312 -0.167201 -0.095352 -0.026554 -0.126646 -0.202234 -0.269115 -0.334889 0.291230 0.020930 0.454311 0.353913 1.000000 0.532921 -0.178743 -0.257370 -0.041404 -0.058785 -0.000660 -0.066532 -0.062482 0.079219 -0.181802 -0.126940 -0.096022 -0.004658 -0.173908 -0.238626 -0.504566 -0.187605 -0.558861 -0.512407 -0.233272 -0.333807 -0.135046 -0.155112 0.318968 0.322741 -0.091075 -0.150635 0.106927 0.069174 0.324615 0.193057 -0.087681 -0.320148 0.037856 -0.071732 0.089953 -0.069711 -0.159760 -0.148990 0.258785 -0.189752 -0.081825 -0.074108 0.046269 -0.161532 0.142080 0.135402 0.150322 0.245432 -0.091849 0.088257 -0.188257 0.058478 0.160515 0.234786 -0.039580 -0.086454 -0.419275 -0.187573 -0.433410 -0.132529 -0.106629 0.005314 0.039912 0.008824 -0.249842 -0.173318 -0.189886 0.014921 -0.047001 -0.255940 -0.353692 -0.169236 0.061345 -0.178984 0.037415 -0.076103 -0.186822 -0.270315 -0.314152 -0.396400 -0.051103 -0.078848
-0.086852 0.045295 -0.028439 0.107540 -0.096274 0.075324 -0.048972 0.055506 -0.141812 0.029170 -0.022787 0.059703 -0.074796 -0.131855 -0.224078 -0.258640 -0.064876 -0.078941 -0.072473 0.109774 -0.157594 0.126436 0.103864 0.334012 0.174976 0.251985 -0.108550 0.104740 -0.032668 -0.118851 0.558552 0.493102 0.532921 1.000000 0.102787 0.192274 -0.163467 0.038297 -0.087808 0.033621 -0.082329 -0.008497 -0.264153 -0.311371 0.071891 0.028780 -0.347123 -0.194179 -0.145782 -0.070977 -0.225249 -0.295799 -0.364316 -0.336619 -0.302596 -0.181574 0.027123 0.085255 -0.007352 -0.130656 0.156173 0.141227 -0.113227 -0.020227 0.089432 0.131308 0.111997 0.232413 -0.001158 0.206448 -0.231070 0.159614 -0.126690 -0.184931 -0.100555 -0.202991 -0.112683 -0.085697 0.145554 0.111292 0.080881 -0.075625 -0.138879 -0.083167 -0.087352 -0.208287 0.012437 0.146008 -0.232859 -0.351240 -0.184858 0.016467 -0.145885 -0.027642 0.018619 -0.021929 -0.119170 0.058417 -0.225258 -0.173643 -0.072606 -0.042586 -0.125820 -0.085114 -0.177845 -0.095844 0.115848 -0.103835 -0.029985 -0.052399 -0.010467 -0.048316 -0.271351 -0.196607 0.099806 -0.088832
-0.195756 -0.044637 -0.090991 -0.124544 0.017728 0.435600 -0.317808 -0.338020 -0.077031 0.124594 -0.143327 -0.306719 -0.401914 -0.486141 -0.147933 -0.163848 -0.210652 -0.130271 -0.218605 0.033733 0.225360 0.195602 0.211623 0.257121 0.412700 0.468605 0.360626 0.558452 -0.434637 -0.231153 0.011021 -0.015406 -0.178743 0.102787 1.000000 0.660642 -0.093962 0.206612 0.217332 0.098761 0.005936 -0.302567 0.227402 0.129950 0.171783 0.053573 0.086079 0.212916 0.128457 0.119964 0.241581 0.196521 -0.172209 0.100705 0.046507 0.136785 -0.113339 -0.023717 -0.100857 -0.096410 -0.304184 -0.419736 -0.431618 -0.501987 0.001187 0.147084 0.270883 0.332714 0.185441 0.319698 -0.123621 0.025033 -0.315446 -0.225720 -0.064008 -0.031030 -0.094394 0.060940 0.070918 0.199577 -0.175016 -0.123692 -0.035699 -0.298800 0.121424 0.016834 -0.176461 -0.037790 -0.069054 -0.151269 -0.167122 0.101318 -0.079477 -0.058087 0.204010 0.201722 0.034501 0.137574 -0.068300 -0.081758 -0.100943 -0.086070 -0.385195 0.029924 -0.055164 0.275718 -0.075500 0.246052 0.120275 0.167106 0.252504 0.011477 -0.015150 0.070442 0.096942 0.131532
-0.196945 -0.308116 -0.037820 -0.004620 0.041791 0.422059 -0.164164 -0.088517 0.003622 0.188540 -0.030930 -0.235069 -0.317841 -0.376046 -0.276289 -0.221870 -0.278139 -0.380715 -0.386875 -0.053451 0.197548 0.266763 0.337515 0.507957 0.488482 0.545443 0.215519 0.487399 -0.576760 -0.439459 0.092016 0.160559 -0.257370 0.192274 0.660642 1.000000 -0.236143 0.280648 0.100515 0.170165 -0.043101 -0.195460 0.262242 0.147561 0.249465 0.204813 -0.042138 0.321344 0.219831 0.143468 0.304772 0.181760 -0.142381 0.108803 -0.064805 0.098877 -0.177248 -0.246836 -0.153841 0.012566 -0.113112 -0.234182 -0.402636 -0.479352 0.163471 0.289626 0.129686 0.617497 -0.011893 0.298786 0.079177 0.192221 -0.473740 -0.279011 -0.119565 0.005156 -0.104216 0.185565 -0.154450 -0.044675 -0.380584 -0.410418 -0.048315 -0.252819 -0.072669 -0.253372 -0.119836 0.040491 0.005912 -0.135272 0.106977 0.175491 0.219735 0.074299 0.170771 0.223835 -0.123449 0.181534 -0.070443 0.065068 0.017421 -0.045310 -0.317217 0.098028 -0.136750 0.239229 0.172589 0.221532 0.083727 0.037834 0.263034 0.094329 -0.148807 0.052201 0.169361 0.176493
