1.000000 0.397382 -0.127193 -0.299851 -0.289287 -0.398407 -0.148203 -0.261125 -0.045283 -0.322355 0.361324 0.043663 0.237471 0.002013 -0.040460 -0.277975 0.142736 -0.010612 0.100091 0.062012 -0.273470 -0.150470 -0.099281 -0.342456 -0.327724 -0.356591 -0.237197 -0.235094 -0.049338 -0.100725 -0.297599 -0.426744 0.238918 -0.134353 -0.110355 -0.166103 0.158630 -0.182130 0.091232 -0.036925 -0.007029 0.086142 0.233057 0.201414 0.056282 0.076423 0.185034 0.095594 0.097893 0.051172 0.097048 0.157138 0.189838 0.134690 0.084902 0.158219 0.479427 0.245757 0.323712 0.094222 0.212388 -0.004267 0.045870 -0.012099 -0.031420 -0.125102 0.046966 -0.085422 0.077748 0.021949 -0.124217 -0.140515 0.042712 -0.012051 0.048043 -0.038427 0.040663 -0.096654 -0.064619 -0.105865 -0.137290 -0.170683 -0.105347 -0.138954 0.109337 -0.160624 0.168239 0.111467 -0.084725 0.046917 -0.018087 0.128623 -0.200103 0.058886 -0.073274 -0.071394 -0.127289 -0.035512 0.045928 0.168005 -0.047542 0.098493 0.014855 -0.013320 -0.151627 -0.271459 -0.053844 0.100820 -0.046370 0.082655 0.025084 0.231877 -0.045103 -0.084289 -0.244917 0.011290
0.397382 1.000000 -0.240867 0.019027 -0.418919 -0.271676 -0.255185 -0.011643 -0.186080 -0.184784 0.005436 0.064319 -0.103297 0.137779 -0.278106 -0.210653 0.123800 0.226531 0.174378 0.260022 -0.126278 -0.175289 -0.364803 -0.365893 -0.409109 -0.352135 -0.271609 -0.261485 -0.156371 0.039120 -0.326805 -0.317571 0.254668 0.005388 -0.410169 -0.362228 0.041654 -0.187694 0.014747 -0.002397 -0.035421 0.072165 0.199979 0.108902 -0.016925 -0.076921 0.213350 0.105996 0.097887 0.044387 0.086339 0.168450 0.276630 0.245811 0.037524 0.189095 0.290770 0.298235 0.109972 0.402011 0.132280 0.362447 0.332468 0.468630 -0.510036 -0.071186 -0.054656 -0.229122 0.033645 0.066106 -0.340392 -0.188185 0.003946 -0.134285 -0.058717 -0.083458 -0.100707 -0.134558 -0.034273 0.137570 0.107421 -0.014380 -0.377902 -0.112600 -0.181802 -0.341429 0.003942 0.140527 -0.235275 0.066036 0.210281 0.099730 -0.032594 -0.019260 -0.127682 0.071542 -0.027121 -0.046064 0.127188 0.179045 0.248010 0.165913 0.143290 0.073641 0.073315 -0.016932 0.071705 -0.038161 -0.009570 0.005684 -0.208604 0.313457 0.124829 0.150016 0.017190 0.053996
-0.127193 -0.240867 1.000000 0.014144 0.367297 0.104379 0.604835 0.029627 0.392796 -0.012477 0.140296 -0.070830 0.168442 -0.102357 0.220006 -0.006089 -0.402081 -0.400582 0.235965 -0.214292 0.080205 0.185585 0.437949 0.195162 0.373226 0.393674 0.291943 0.268314 -0.068747 -0.347870 0.268479 0.123477 0.013061 0.021614 -0.080055 0.093570 -0.203667 0.083283 0.029171 -0.111676 -0.180924 -0.259182 -0.160875 -0.190404 -0.116208 -0.244459 -0.231204 -0.227820 0.117700 -0.050850 -0.024798 -0.033016 -0.148668 -0.050576 -0.202900 -0.181802 -0.447234 -0.229823 0.287170 -0.017682 0.183592 -0.363921 -0.335380 -0.542031 0.236898 -0.073123 0.319293 0.266608 0.020435 0.172221 -0.011914 0.012203 -0.224036 -0.269551 -0.136227 -0.058436 -0.238983 -0.178802 -0.368396 -0.220821 -0.283118 -0.361882 -0.004662 -0.317955 -0.301583 0.010583 -0.114695 -0.482787 0.167195 -0.095977 -0.066113 0.108504 0.052450 0.221070 0.066399 -0.183117 -0.032888 -0.057581 -0.280571 -0.233666 -0.123093 0.220592 -0.043383 0.235396 -0.024005 0.231063 0.041415 0.171252 -0.099194 -0.002463 0.175937 -0.175416 0.033840 -0.152716 -0.201878 0.076131
-0.299851 0.019027 0.014144 1.000000 0.075137 0.229841 -0.059155 0.469475 -0.098655 0.081110 -0.177499 0.340364 -0.252219 0.176126 -0.028775 0.109305 -0.086971 -0.168669 0.267607 0.082300 0.254118 0.162770 0.068063 0.501780 0.031325 0.171396 0.229736 0.307958 -0.175092 -0.210926 0.071189 0.349744 0.165778 0.287943 0.044773 0.159119 -0.224071 0.041264 -0.049431 0.115740 -0.027043 0.095056 -0.226902 -0.298084 -0.359687 -0.311194 -0.236149 -0.169251 -0.338871 -0.337067 -0.283632 -0.271063 -0.204111 -0.177657 -0.117411 -0.257877 -0.078974 -0.053201 -0.217513 -0.112986 -0.069005 0.066936 0.037094 0.005760 0.096645 0.276109 -0.174327 0.023758 -0.001676 0.039564 -0.189237 0.110606 -0.164370 -0.176654 -0.080827 -0.008464 -0.054484 0.216159 0.077342 -0.163622 0.104337 -0.200879 0.085001 0.046278 0.030241 0.229754 0.233588 0.203539 0.172933 0.171189 -0.060740 -0.260010 0.293173 -0.066389 0.056862 0.041353 -0.089290 0.128705 -0.304247 -0.209986 0.039742 -0.125713 -0.057662 0.015267 0.113785 0.067373 0.102364 -0.067871 0.059360 0.146898 -0.022741 -0.138407 0.004150 0.143194 0.232158 0.113499
-0.289287 -0.418919 0.367297 0.075137 1.000000 0.665920 0.463698 0.107742 0.558453 0.460185 0.083170 0.139754 0.222380 0.140946 0.651375 0.520754 0.051714 -0.059245 -0.100396 -0.366701 0.408702 0.288532 0.260697 0.188964 0.539460 0.368797 0.661099 0.508019 0.425677 0.235146 0.448760 0.309587 -0.180578 -0.095040 0.050385 0.110212 0.123659 0.245835 -0.074569 -0.234932 0.201440 0.065474 -0.329412 -0.337333 -0.228267 -0.297495 -0.324670 -0.357732 -0.186146 -0.212365 -0.098467 -0.200749 -0.220155 -0.118877 0.056294 -0.420669 -0.281434 -0.275015 -0.078040 -0.431301 0.078106 -0.306447 -0.103175 -0.373757 0.235334 -0.040740 -0.120077 -0.080783 -0.078542 -0.122339 0.285835 0.342837 0.195419 0.183798 0.123808 0.355126 0.206303 0.221230 -0.016830 0.006320 0.098963 0.056423 0.393042 0.205780 -0.029393 0.033029 0.027015 -0.402219 0.243015 -0.088828 -0.226081 -0.350748 -0.124926 -0.105000 0.096608 0.029960 -0.151150 0.095279 -0.215070 -0.317838 -0.262642 -0.122512 -0.357546 -0.232922 -0.150730 -0.024485 0.083399 -0.095025 -0.180411 -0.082083 -0.059746 -0.048916 -0.108296 -0.095576 0.077237 -0.066936
-0.398407 -0.271676 0.104379 0.229841 0.665920 1.000000 0.085853 0.052120 0.305437 0.516820 -0.098093 -0.018395 0.147390 0.105286 0.406140 0.392383 0.224826 -0.070783 -0.138671 -0.354675 0.473385 0.374443 0.025235 0.184972 0.456763 0.497955 0.754274 0.685051 0.272601 0.147642 0.409101 0.402145 -0.180940 0.015386 0.061476 0.219039 0.089124 0.390751 -0.091311 -0.051129 0.225889 0.228410 -0.280603 -0.325346 -0.262876 -0.282091 -0.255807 -0.242285 -0.168686 -0.260451 -0.099203 -0.234583 -0.157077 -0.212156 0.103035 -0.385108 -0.261463 -0.207424 -0.128379 -0.308754 -0.027097 -0.146043 -0.036789 -0.211832 0.029555 -0.023693 -0.190720 -0.023625 -0.185900 -0.083497 0.297098 0.292487 0.197621 0.254033 0.191724 0.331362 0.267560 0.327066 0.242805 0.201585 0.290999 0.177505 0.225456 0.022118 -0.052973 -0.050804 0.155593 -0.255019 0.169168 -0.075774 -0.109183 -0.439009 -0.101015 -0.237040 0.237235 0.084567 0.073484 0.197605 -0.179131 -0.416176 -0.074786 -0.146495 -0.252070 -0.287235 -0.007159 0.059763 0.021019 -0.027020 -0.059044 0.116654 0.077923 -0.103030 -0.006114 0.157153 0.327553 -0.017775
-0.148203 -0.255185 0.604835 -0.059155 0.463698 0.085853 1.000000 0.200101 0.380123 0.181387 0.270921 0.155911 0.186095 0.142441 0.439384 0.342966 -0.253379 -0.031725 0.090073 -0.239377 0.184711 0.018502 0.249043 -0.000973 0.263628 0.052847 0.163166 0.061102 0.295042 0.073121 0.322484 0.040489 -0.011699 -0.064375 -0.033578 -0.168263 0.069837 0.078698 0.029938 -0.118882 0.121526 -0.155083 -0.260389 -0.208958 -0.093560 -0.176289 -0.265804 -0.290527 -0.104664 -0.062909 -0.151048 -0.099562 -0.231401 -0.039775 0.041117 -0.187392 -0.386643 -0.389206 -0.017038 -0.244829 0.174471 -0.209996 0.004332 -0.271642 0.166459 -0.089798 -0.015865 -0.047095 -0.112147 -0.134693 0.139108 0.190642 0.190808 0.056315 -0.000838 0.066534 -0.002125 0.033765 -0.267681 -0.089214 -0.107591 -0.084064 0.186706 0.081498 -0.065480 0.219647 -0.203023 -0.313933 0.138676 0.048507 -0.307106 -0.098469 -0.063255 -0.022294 -0.091568 -0.146034 -0.138486 -0.031378 -0.181789 -0.002938 -0.213823 0.115238 -0.017514 -0.062467 -0.171208 -0.136623 -0.060360 0.130939 -0.097314 -0.235786 -0.289853 -0.029097 -0.067783 -0.229171 -0.246442 0.036293
-0.261125 -0.011643 0.029627 0.469475 0.107742 0.052120 0.200101 1.000000 0.143577 0.451018 -0.122385 0.322297 -0.291655 0.422874 -0.064691 0.225808 -0.017806 -0.014933 0.125313 -0.030649 0.282205 0.131757 -0.375969 -0.037231 -0.095003 -0.040839 -0.065204 -0.152671 -0.009955 0.183594 -0.008598 0.218182 0.204591 0.303291 -0.227088 -0.047144 -0.111720 0.054407 -0.168033 0.157813 0.071517 0.096127 -0.270786 -0.298149 -0.200252 -0.173567 -0.187092 -0.126528 -0.180084 -0.127422 -0.220923 -0.148076 -0.126137 -0.104687 -0.093851 -0.043995 -0.231984 -0.382111 -0.139542 -0.103143 0.189229 0.341451 0.163050 0.116874 -0.154726 0.523653 -0.170029 0.053371 -0.261845 -0.225489 -0.144256 0.175163 0.027166 0.054641 -0.047547 0.042667 -0.049592 0.249015 0.025119 -0.075561 0.134326 -0.034152 -0.216160 0.055776 -0.131789 0.040285 -0.154181 -0.121499 0.031618 0.076661 -0.057669 -0.350874 0.133657 -0.181073 -0.032403 0.070995 0.000385 0.180704 -0.213103 -0.020199 0.136116 0.005962 -0.050312 -0.027394 -0.049812 -0.103486 0.120857 -0.039571 -0.153174 0.064614 -0.172152 -0.057322 -0.170370 -0.013539 0.037388 0.116677
-0.045283 -0.186080 0.392796 -0.098655 0.558453 0.305437 0.380123 0.143577 1.000000 0.519226 0.212428 0.145148 0.388062 0.286282 0.535019 0.521186 0.088383 -0.090690 -0.231926 -0.392371 0.114632 0.151382 -0.055879 -0.185071 0.207323 0.124543 0.259220 0.148834 0.264616 0.152266 0.082068 -0.068041 -0.111491 -0.220876 -0.170361 0.173473 0.218579 0.050462 0.187809 -0.061642 0.139185 0.053362 -0.330869 -0.341559 -0.106016 -0.198362 -0.301188 -0.351988 0.048101 -0.043348 -0.111952 -0.165788 -0.049834 -0.163406 0.092925 -0.178530 -0.176580 -0.239175 0.311626 -0.202841 0.518782 0.037981 -0.068393 -0.244139 0.107852 0.215959 -0.081177 -0.058989 -0.056351 0.017791 0.255505 0.189014 0.180216 0.062345 0.109914 0.213453 0.148559 0.057283 0.079862 -0.095673 0.017493 -0.033775 -0.013674 0.118282 -0.199030 -0.129470 -0.241441 -0.427242 0.302447 0.056611 -0.026743 -0.223575 -0.200073 -0.059298 -0.079435 0.016384 -0.143893 -0.197645 -0.241850 -0.305935 -0.138425 0.008649 -0.238671 -0.091285 -0.063057 -0.074516 0.004721 0.228733 -0.136960 -0.133600 -0.130338 -0.233396 -0.196888 -0.117670 -0.074200 0.013180
-0.322355 -0.184784 -0.012477 0.081110 0.460185 0.516820 0.181387 0.451018 0.519226 1.000000 -0.018339 0.031205 0.125911 0.293554 0.239746 0.539501 0.315696 0.154522 -0.220378 -0.324783 0.208965 0.232302 -0.282363 -0.144792 0.305557 0.332312 0.170602 0.075160 0.272507 0.412289 0.276295 0.270967 -0.182574 0.012170 -0.107968 0.103992 0.063664 0.161399 -0.151504 0.068883 0.089040 0.182764 -0.345867 -0.356441 -0.172817 -0.164358 -0.205966 -0.193018 -0.210083 -0.119901 -0.093645 -0.225250 -0.080851 -0.093953 -0.122486 -0.191358 -0.241640 -0.385246 -0.163911 -0.325056 0.229985 0.318101 0.086953 0.106937 -0.044349 0.387163 -0.410599 -0.164800 -0.187842 -0.221136 0.301943 0.322123 0.334987 0.353504 0.287507 0.335924 0.263604 0.277969 0.284753 0.285142 0.295910 0.328125 -0.038566 0.187979 -0.115283 -0.105159 -0.237601 -0.348952 0.007546 -0.097920 -0.013640 -0.301678 -0.059581 -0.264028 0.017073 0.090319 -0.005066 0.053166 -0.136684 -0.090947 0.028866 -0.070100 -0.060391 -0.237851 -0.177566 -0.102985 -0.115222 0.102310 -0.084237 -0.165034 -0.082551 -0.087276 -0.133940 -0.035522 0.295334 0.100419
0.361324 0.005436 0.140296 -0.177499 0.083170 -0.098093 0.270921 -0.122385 0.212428 -0.018339 1.000000 0.523067 0.595936 0.470054 0.324145 0.282628 0.180980 0.115534 0.233391 -0.008995 -0.097474 -0.033105 0.075030 -0.039187 -0.042120 -0.111230 -0.087186 -0.118827 0.509464 0.218843 0.272102 0.034445 0.254761 0.001896 -0.259749 -0.163013 0.240546 -0.157044 -0.065162 -0.197614 -0.035214 -0.058579 -0.200405 -0.217169 -0.165872 -0.203141 -0.210977 -0.318900 0.094875 -0.076263 -0.064872 0.025067 -0.120996 -0.129778 -0.025899 -0.173378 -0.143753 -0.291661 0.093202 -0.177076 0.220303 -0.014510 0.191092 -0.131433 0.053082 -0.080538 -0.093765 -0.124430 -0.123020 -0.079620 0.150870 0.350595 0.432410 0.231295 0.311017 0.196683 0.348268 0.109083 -0.085945 -0.019057 -0.164888 -0.164356 0.110587 0.134488 0.024529 -0.032646 -0.092932 -0.165305 -0.189124 -0.254114 -0.123368 -0.075096 -0.317945 -0.172775 0.040941 0.007230 -0.217399 -0.139447 -0.147179 -0.213814 -0.084701 -0.022585 -0.088131 -0.113638 -0.236209 -0.256392 0.069801 0.172525 -0.091054 -0.031905 -0.230431 -0.127125 -0.076249 -0.144093 -0.267153 0.015023
0.043663 0.064319 -0.070830 0.340364 0.139754 -0.018395 0.155911 0.322297 0.145148 0.031205 0.523067 1.000000 0.211649 0.712284 0.264625 0.363917 0.058625 0.077358 0.170514 0.021388 0.109407 -0.065207 -0.109503 0.117234 -0.173575 -0.207800 -0.022433 -0.014651 0.368074 0.295837 0.177624 0.197004 0.365376 0.174301 -0.182438 -0.053646 0.161479 -0.030219 -0.103876 -0.135928 0.082625 0.102580 -0.266676 -0.247360 -0.198300 -0.162728 -0.232972 -0.315092 -0.064662 -0.071136 -0.161639 -0.020914 -0.265851 -0.224734 -0.039951 -0.207328 -0.247556 -0.400047 -0.080201 -0.290713 0.215667 0.110639 0.304886 -0.034214 0.031844 0.222848 -0.164076 -0.078571 -0.206953 -0.230227 0.001202 0.345106 0.251225 0.175711 0.104161 0.226603 0.215762 0.279224 -0.090300 -0.163264 -0.099818 -0.277930 0.068789 0.392098 0.011814 0.156321 -0.030972 0.088525 -0.086107 -0.149445 -0.239706 -0.379007 -0.069319 -0.218557 -0.017809 0.092450 -0.203386 -0.059282 -0.157341 -0.194467 -0.075614 -0.193306 -0.295800 -0.190861 -0.181438 -0.265059 0.120252 -0.102984 -0.173322 0.003522 -0.319794 0.003385 -0.066184 0.024172 -0.064181 0.150243
0.237471 -0.103297 0.168442 -0.252219 0.222380 0.147390 0.186095 -0.291655 0.388062 0.125911 0.595936 0.211649 1.000000 0.342466 0.477051 0.351519 0.166678 0.075992 -0.178968 -0.302020 -0.082497 -0.057593 0.187801 -0.076625 0.226738 0.172137 0.155612 0.144460 0.438846 0.162370 0.312440 0.052318 -0.052458 -0.172531 -0.022381 0.058301 0.284814 0.062813 0.136905 -0.116102 0.130242 0.110691 -0.170176 -0.171440 -0.160215 -0.186618 -0.218158 -0.308750 -0.033325 -0.095551 -0.105087 -0.144792 -0.078055 -0.186538 0.127291 -0.155848 -0.004849 -0.160576 0.059414 -0.309983 0.138540 -0.160105 0.032782 -0.209078 0.052141 -0.195935 -0.281194 -0.249664 0.051894 0.036079 0.293549 0.313861 0.305530 0.286313 0.305208 0.280322 0.312730 0.080041 0.036415 0.093967 0.068746 0.094894 0.206117 0.031645 0.012841 -0.023848 -0.100178 -0.241657 -0.042680 -0.055419 -0.126024 -0.037752 -0.219254 -0.040134 0.086192 0.114704 -0.031373 0.103561 -0.116198 -0.125549 -0.002248 0.055177 -0.051266 -0.117680 -0.251552 -0.220119 -0.090419 0.192272 -0.061412 -0.141800 -0.050518 -0.199442 -0.013687 -0.074069 -0.084175 0.058290
0.002013 0.137779 -0.102357 0.176126 0.140946 0.105286 0.142441 0.422874 0.286282 0.293554 0.470054 0.712284 0.342466 1.000000 0.207076 0.505810 0.240747 0.124872 0.088786 -0.072535 0.129634 -0.037335 -0.328726 -0.072831 -0.140078 -0.143902 -0.045580 -0.109661 0.444295 0.440105 0.129275 0.160649 0.356070 0.249917 -0.329142 -0.030556 0.228887 0.028139 0.016501 0.006199 0.196207 0.164436 -0.372315 -0.366701 -0.270142 -0.219477 -0.366474 -0.376735 -0.114113 -0.178063 -0.343016 -0.223334 -0.252675 -0.339781 0.042448 -0.296160 -0.128540 -0.400391 -0.095803 -0.297608 0.362353 0.320839 0.369566 0.086219 -0.220576 0.341479 -0.334641 -0.059660 -0.228139 -0.210198 0.053663 0.333844 0.357998 0.264295 0.164169 0.293397 0.308114 0.269073 0.098029 -0.030397 0.148858 -0.092950 -0.111944 0.196962 -0.059441 0.031358 -0.247923 -0.146015 -0.102084 -0.068476 -0.060570 -0.429925 -0.092099 -0.247957 -0.030606 0.074951 -0.181705 -0.004542 -0.196634 -0.285368 0.126701 -0.016568 -0.152868 -0.181907 -0.162346 -0.270977 -0.047397 0.145459 -0.138105 -0.088807 -0.223500 -0.099911 -0.122076 0.002751 -0.016632 0.112250
-0.040460 -0.278106 0.220006 -0.028775 0.651375 0.406140 0.439384 -0.064691 0.535019 0.239746 0.324145 0.264625 0.477051 0.207076 1.000000 0.589976 -0.041923 0.031228 -0.265110 -0.422590 0.116960 0.030446 0.373452 0.098628 0.272484 0.102516 0.499917 0.402729 0.488526 0.223420 0.304924 0.034005 -0.267830 -0.365123 0.016148 0.052443 0.215119 0.180951 0.068432 -0.207452 0.293582 0.000249 -0.106756 -0.107371 0.028318 -0.088370 -0.099767 -0.182188 0.001560 0.010588 -0.063434 -0.087211 -0.060626 -0.068785 0.391543 -0.216422 -0.242657 -0.317732 0.007369 -0.378769 -0.027522 -0.340721 -0.234725 -0.387492 0.197783 -0.288837 -0.270045 -0.410601 -0.160080 -0.167588 0.133206 0.246128 0.248175 0.164542 0.096566 0.235942 0.149482 0.090071 0.094920 0.079762 0.071085 0.029897 0.614404 0.357670 0.065093 0.014346 0.089672 -0.125722 0.383163 -0.005753 -0.198642 -0.244202 -0.333180 -0.126882 0.005887 0.125309 -0.089677 0.006336 -0.010209 -0.208297 -0.227035 -0.201579 -0.327420 -0.219745 -0.157768 -0.151624 0.049517 0.065426 -0.081331 -0.020421 -0.169001 0.069782 -0.071334 -0.089243 -0.066628 0.007249
-0.277975 -0.210653 -0.006089 0.109305 0.520754 0.392383 0.342966 0.225808 0.521186 0.539501 0.282628 0.363917 0.351519 0.505810 0.589976 1.000000 0.242830 0.256798 -0.249488 -0.247242 0.192292 0.106208 -0.084438 0.046680 0.188887 0.075342 0.287996 0.178232 0.606830 0.543902 0.332239 0.207255 -0.121420 -0.029713 -0.124563 0.011800 0.290554 0.082174 -0.013309 -0.067187 0.243979 0.094280 -0.420304 -0.402626 -0.169731 -0.225586 -0.307223 -0.361683 -0.159350 -0.140695 -0.216495 -0.268838 -0.243188 -0.270664 0.118945 -0.285355 -0.222889 -0.366489 -0.247006 -0.421875 0.190942 0.068475 0.147060 -0.000299 0.012316 0.084809 -0.504976 -0.343100 -0.181267 -0.249470 0.346361 0.384983 0.457051 0.308313 0.293305 0.423987 0.374029 0.334311 0.200401 0.132730 0.238703 0.177726 0.273420 0.489130 -0.032273 0.061166 -0.131385 -0.160302 0.196624 -0.057077 -0.089280 -0.328095 -0.091119 -0.277179 -0.002152 0.125816 -0.178179 -0.014760 -0.136967 -0.209700 -0.023765 -0.197360 -0.092776 -0.349490 -0.162546 -0.171121 -0.093698 0.084345 -0.107822 -0.177901 -0.340619 -0.093138 -0.157921 -0.104158 0.076880 0.068725
0.142736 0.123800 -0.402081 -0.086971 0.051714 0.224826 -0.253379 -0.017806 0.088383 0.315696 0.180980 0.058625 0.166678 0.240747 -0.041923 0.242830 1.000000 0.505248 0.002580 0.055434 0.168313 0.193901 -0.429475 -0.250359 -0.018735 0.011862 0.121290 0.009489 0.510216 0.583028 0.201537 0.163633 0.260857 0.142073 -0.177653 -0.106135 0.272862 0.114253 -0.129993 0.074365 0.246562 0.258612 -0.252963 -0.287584 -0.319814 -0.256831 -0.134891 -0.206700 -0.310045 -0.330450 -0.216371 -0.334289 -0.066182 -0.269955 -0.092935 -0.191423 0.424324 0.234026 -0.213742 -0.204456 0.081901 0.252375 0.519198 0.368419 -0.208026 0.060245 -0.443959 -0.232440 -0.097677 -0.154946 0.310515 0.421891 0.623511 0.464419 0.448236 0.290356 0.479951 0.334590 0.493021 0.455966 0.559991 0.456258 0.000845 0.059877 0.061035 -0.326883 0.014503 -0.110760 -0.266266 -0.242558 -0.146257 -0.372216 -0.300678 -0.423521 0.175750 0.196228 0.048728 0.211875 -0.148157 -0.002728 0.153842 0.054193 0.084005 -0.302802 -0.230515 -0.237172 -0.105181 0.037025 0.136365 0.152605 -0.188409 -0.055703 -0.056469 0.233413 0.274729 -0.032553
-0.010612 0.226531 -0.400582 -0.168669 -0.059245 -0.070783 -0.031725 -0.014933 -0.090690 0.154522 0.115534 0.077358 0.075992 0.124872 0.031228 0.256798 0.505248 1.000000 -0.143958 0.049081 -0.026329 -0.037698 -0.265994 -0.222212 -0.048824 -0.138848 -0.123602 -0.211612 0.467663 0.687574 0.204513 0.109801 0.056718 0.069400 -0.158834 -0.323476 0.182420 0.080246 -0.165871 -0.016228 0.214865 0.380119 -0.133956 -0.090091 -0.107772 -0.082437 0.014172 -0.080488 -0.271758 -0.115496 -0.137637 -0.137977 -0.009810 -0.064843 0.007579 0.004669 0.165838 0.086051 -0.264381 -0.085180 -0.104566 0.270403 0.534853 0.594464 -0.208101 -0.112665 -0.406431 -0.438563 -0.098833 -0.324264 0.130559 0.385646 0.614204 0.575178 0.406679 0.302211 0.408922 0.190974 0.297500 0.586035 0.440083 0.622460 0.173326 0.220004 -0.001238 -0.152234 -0.124795 0.105077 -0.337793 -0.193649 -0.305540 -0.232293 -0.227046 -0.373956 0.013970 0.242035 0.137424 0.087710 0.059792 0.259520 0.185608 -0.122728 0.222470 -0.245958 -0.301734 -0.226169 -0.150792 -0.024406 0.037267 -0.010153 -0.421517 0.038244 0.202594 0.077730 0.193027 0.063129
0.100091 0.174378 0.235965 0.267607 -0.100396 -0.138671 0.090073 0.125313 -0.231926 -0.220378 0.233391 0.170514 -0.178968 0.088786 -0.265110 -0.249488 0.002580 -0.143958 1.000000 0.433268 0.045333 0.032627 0.057077 0.265129 -0.231482 -0.159203 -0.061768 -0.172971 -0.086695 -0.206740 0.069935 0.172607 0.577461 0.376513 -0.156688 -0.212764 -0.200340 -0.212754 -0.128575 -0.153117 -0.196339 -0.103952 -0.199761 -0.274780 -0.293843 -0.316308 -0.265292 -0.298129 -0.032085 -0.259146 -0.148754 -0.088534 -0.074523 -0.052244 -0.266680 -0.246293 -0.089975 0.035437 -0.037447 0.133412 0.128412 0.140000 0.106380 -0.014311 0.093249 0.150147 0.246546 0.259513 0.107298 0.193789 -0.242045 -0.098081 -0.022951 -0.166954 0.043104 -0.148536 -0.130715 -0.183530 -0.240950 -0.067938 -0.305539 -0.382644 -0.167564 -0.293547 0.050316 0.012790 0.023279 -0.115240 -0.085918 -0.046869 -0.032756 -0.065737 0.016950 0.083073 -0.037675 -0.112211 -0.308967 -0.113953 -0.214852 -0.139083 -0.013567 0.259556 0.045111 0.201396 0.093237 0.128172 0.142151 0.149301 -0.080147 0.090886 -0.193599 -0.060167 -0.024921 0.143911 -0.053967 0.108460
0.062012 0.260022 -0.214292 0.082300 -0.366701 -0.354675 -0.239377 -0.030649 -0.392371 -0.324783 -0.008995 0.021388 -0.302020 -0.072535 -0.422590 -0.247242 0.055434 0.049081 0.433268 1.000000 -0.207755 -0.247732 -0.109126 0.192361 -0.297320 -0.297091 -0.317991 -0.366631 -0.138247 -0.083478 -0.144657 -0.089668 0.269373 0.217914 -0.090128 -0.291096 -0.131116 -0.276548 -0.104092 -0.187329 -0.270984 -0.153346 -0.033970 -0.021209 -0.059153 -0.056763 0.000725 0.001866 -0.088741 -0.070053 -0.145382 -0.019929 -0.046428 -0.040747 -0.240260 -0.083610 0.249232 0.477585 -0.245561 0.277374 -0.199805 0.155860 0.120121 0.307941 -0.116370 0.100739 0.112224 0.162961 0.341235 0.307452 -0.373176 -0.302959 -0.118879 -0.189753 -0.128389 -0.256865 -0.129575 -0.169854 -0.054642 -0.011428 -0.080430 -0.104542 -0.113895 0.117899 0.123739 0.029271 0.076054 0.202393 -0.159112 0.004697 0.292293 0.216196 0.318125 0.223196 -0.361673 -0.081314 -0.305688 -0.167661 0.033623 0.149668 0.210649 0.196289 0.161310 0.281573 0.106228 0.163517 0.120577 -0.015376 -0.057327 -0.025323 -0.223999 0.032566 -0.005419 0.068002 -0.001084 -0.043912
-0.273470 -0.126278 0.080205 0.254118 0.408702 0.473385 0.184711 0.282205 0.114632 0.208965 -0.097474 0.109407 -0.082497 0.129634 0.116960 0.192292 0.168313 -0.026329 0.045333 -0.207755 1.000000 0.602989 -0.201604 0.020700 0.153688 0.248096 0.474037 0.346626 0.258480 0.162253 0.118343 0.293020 0.054072 0.210742 0.055741 -0.016881 0.298922 0.337160 0.010162 0.001079 0.372688 0.252428 -0.267179 -0.327217 -0.295432 -0.277617 -0.261062 -0.267222 -0.268411 -0.341202 -0.237906 -0.260340 -0.206266 -0.230839 0.009948 -0.304424 -0.103066 -0.176691 -0.214458 -0.288105 0.094774 0.000532 0.190685 -0.112272 -0.077950 0.064293 -0.159823 0.095275 -0.217106 -0.146498 0.198081 0.272003 0.182129 0.075559 0.099433 0.182721 0.246233 0.395070 0.188760 -0.000368 0.368221 0.075062 0.083343 0.015186 0.115117 0.064105 0.071512 -0.057575 0.107423 0.000212 -0.205525 -0.462002 -0.061855 -0.234527 0.144497 0.267389 0.051292 0.299402 -0.268593 -0.195325 -0.030727 -0.060529 -0.146042 -0.142070 0.007256 -0.124423 0.160251 -0.216592 0.084726 0.206388 -0.006147 0.021913 -0.096773 0.165694 0.165126 0.103465
-0.150470 -0.175289 0.185585 0.162770 0.288532 0.374443 0.018502 0.131757 0.151382 0.232302 -0.033105 -0.065207 -0.057593 -0.037335 0.030446 0.106208 0.193901 -0.037698 0.032627 -0.247732 0.602989 1.000000 -0.081279 0.046720 0.179182 0.303684 0.382183 0.395492 0.176526 0.075769 0.077953 0.245762 0.012091 0.154175 0.119138 0.184215 0.204137 0.356794 0.011182 0.115600 0.179786 0.190582 -0.376774 -0.377939 -0.296232 -0.293543 -0.258770 -0.299349 -0.248308 -0.356403 -0.191940 -0.321132 -0.255053 -0.314014 -0.051517 -0.281777 -0.062681 -0.067407 -0.057636 -0.238022 0.189482 0.051015 0.055959 -0.075528 0.147278 0.108321 -0.124876 0.122520 -0.132957 0.016115 0.297784 0.283399 0.183011 0.025418 0.246040 0.203284 0.132867 0.149937 0.290645 0.046538 0.282999 0.094993 0.048407 -0.118004 -0.032555 -0.042009 -0.029813 -0.126471 0.112529 -0.040501 -0.177076 -0.333454 0.002041 -0.121980 0.407189 0.201802 0.178076 0.085349 -0.363430 -0.315077 0.115613 0.002753 -0.022992 -0.065835 0.062990 0.099634 0.125431 0.053251 0.113723 0.192783 0.168368 -0.125118 -0.164556 0.023551 0.190128 0.106828
-0.099281 -0.364803 0.437949 0.068063 0.260697 0.025235 0.249043 -0.375969 -0.055879 -0.282363 0.075030 -0.109503 0.187801 -0.328726 0.373452 -0.084438 -0.429475 -0.265994 0.057077 -0.109126 -0.201604 -0.081279 1.000000 0.627075 0.480279 0.383772 0.232404 0.358235 -0.016415 -0.351936 0.405083 0.271834 -0.201653 -0.160682 0.292794 0.134661 -0.265960 -0.031085 -0.024871 -0.106217 -0.181638 -0.324709 0.083111 0.092240 0.074293 -0.027788 -0.054241 -0.001742 0.029564 0.035237 0.088691 0.021532 -0.099333 0.061544 0.002152 -0.153255 -0.224100 -0.047169 -0.025176 -0.098725 -0.401819 -0.582557 -0.525518 -0.455873 0.500299 -0.435900 0.114459 -0.135085 0.209728 0.145067 -0.064823 -0.032417 -0.280558 -0.197084 -0.151571 -0.055013 -0.247967 -0.241988 -0.168034 -0.099753 -0.258909 -0.180033 0.540359 -0.035949 0.044211 0.183220 0.165260 -0.048900 0.259177 -0.052309 -0.141527 0.235599 0.036468 0.224015 0.075187 -0.116581 -0.144967 0.013509 -0.024052 -0.081269 -0.258532 -0.090702 -0.166779 0.029403 -0.010577 0.132750 -0.051468 0.013323 0.155482 -0.011643 0.212506 -0.075533 0.092892 -0.119748 -0.114484 -0.058665
-0.342456 -0.365893 0.195162 0.501780 0.188964 0.184972 -0.000973 -0.037231 -0.185071 -0.144792 -0.039187 0.117234 -0.076625 -0.072831 0.098628 0.046680 -0.250359 -0.222212 0.265129 0.192361 0.020700 0.046720 0.627075 1.000000 0.427208 0.404443 0.278118 0.314077 -0.025123 -0.253119 0.424189 0.566825 -0.029863 0.140528 0.272310 0.186819 -0.312227 -0.034245 -0.150150 -0.047381 -0.232990 -0.191412 -0.212744 -0.236786 -0.219972 -0.229608 -0.307486 -0.234720 -0.148853 -0.236967 -0.190482 -0.168618 -0.324230 -0.199762 -0.140917 -0.334158 -0.291924 -0.051030 -0.176722 -0.080235 -0.346228 -0.274633 -0.306180 -0.270458 0.418322 -0.008341 0.058081 0.125799 0.149249 0.211712 -0.008393 0.106459 -0.246670 -0.136736 -0.009847 0.087764 -0.044930 -0.010752 -0.091731 -0.157734 -0.194242 -0.304825 0.440602 0.041817 0.054803 0.215025 0.228610 0.090758 0.189406 0.058008 -0.090795 -0.053318 0.336206 0.149862 0.032326 -0.050015 -0.199294 0.058561 -0.211922 -0.321973 -0.115475 -0.085674 -0.098290 0.021259 0.081891 0.167838 -0.076328 0.008603 0.057951 0.088163 0.054352 -0.270103 0.073134 -0.020472 0.161570 0.020072
-0.327724 -0.409109 0.373226 0.031325 0.539460 0.456763 0.263628 -0.095003 0.207323 0.305557 -0.042120 -0.173575 0.226738 -0.140078 0.272484 0.188887 -0.018735 -0.048824 -0.231482 -0.297320 0.153688 0.179182 0.480279 0.427208 1.000000 0.832222 0.455769 0.425678 0.259800 0.044644 0.718711 0.605510 -0.211075 0.024672 0.203142 0.199515 -0.128460 0.140664 -0.091048 0.020279 -0.039881 -0.137377 -0.237975 -0.207525 -0.153451 -0.238158 -0.241174 -0.205502 -0.159678 -0.183032 -0.048160 -0.141721 -0.307598 -0.091145 -0.256794 -0.304902 -0.201879 -0.092856 -0.100169 -0.231934 -0.237046 -0.374898 -0.255846 -0.321253 0.285902 -0.075326 -0.058866 -0.068372 0.207743 0.090800 0.342182 0.440760 -0.006773 0.146900 0.055188 0.320122 0.079379 0.057941 -0.028812 0.139966 0.091900 0.109983 0.347962 -0.014277 -0.165043 0.027105 -0.049876 -0.338286 -0.026076 -0.220464 -0.287597 -0.146611 0.051957 -0.130231 0.202370 0.037983 -0.009366 0.191748 -0.285546 -0.164038 -0.206004 -0.144251 -0.070208 -0.158251 -0.194858 0.053240 -0.160528 -0.122562 -0.010807 -0.106876 0.159548 -0.203402 0.100973 -0.173442 0.179993 -0.027794
-0.356591 -0.352135 0.393674 0.171396 0.368797 0.497955 0.052847 -0.040839 0.124543 0.332312 -0.111230 -0.207800 0.172137 -0.143902 0.102516 0.075342 0.011862 -0.138848 -0.159203 -0.297091 0.248096 0.303684 0.383772 0.404443 0.832222 1.000000 0.485084 0.540629 0.089274 -0.083691 0.604040 0.647035 -0.170864 0.154192 0.143430 0.289963 -0.167748 0.301834 -0.054322 0.121638 -0.082439 0.007145 -0.239425 -0.270939 -0.276085 -0.296589 -0.255642 -0.153534 -0.216184 -0.307699 -0.074065 -0.258947 -0.268261 -0.154319 -0.319261 -0.329996 -0.229511 -0.113633 -0.125352 -0.241094 -0.251687 -0.351081 -0.300535 -0.362930 0.209429 -0.037830 -0.122483 0.053385 0.121527 0.045011 0.311362 0.383816 -0.078052 0.140834 0.114463 0.310724 0.093905 0.191090 0.088602 0.184979 0.186598 0.104415 0.236196 -0.177788 -0.149208 0.060555 0.129957 -0.243250 -0.017007 -0.220463 -0.178277 -0.096784 0.127249 -0.059732 0.297878 0.084310 0.152298 0.273292 -0.346867 -0.226113 -0.044507 -0.118593 -0.017166 -0.032895 -0.132121 0.162630 -0.098042 -0.081159 0.038979 0.084529 0.409056 -0.246001 0.039417 -0.069431 0.251696 0.067597
-0.237197 -0.271609 0.291943 0.229736 0.661099 0.754274 0.163166 -0.065204 0.259220 0.170602 -0.087186 -0.022433 0.155612 -0.045580 0.499917 0.287996 0.121290 -0.123602 -0.061768 -0.317991 0.474037 0.382183 0.232404 0.278118 0.455769 0.485084 1.000000 0.848613 0.292790 0.054111 0.363698 0.326905 -0.143975 -0.066224 0.085168 0.189949 0.230999 0.431122 0.148946 0.021786 0.385078 0.177242 -0.312672 -0.361303 -0.368455 -0.438119 -0.330663 -0.352644 -0.249375 -0.429931 -0.183759 -0.349695 -0.218856 -0.239133 0.171505 -0.469937 -0.127154 -0.063917 -0.139729 -0.308707 -0.150128 -0.415191 -0.105279 -0.406716 0.098742 -0.253758 -0.158714 -0.076516 -0.073766 0.006322 0.299963 0.272442 0.134106 0.194907 0.184918 0.358963 0.208527 0.256186 0.154471 0.126699 0.249007 0.016761 0.436559 -0.057566 0.037612 0.016809 0.353728 -0.134171 0.290865 0.022943 -0.231760 -0.377149 -0.090905 -0.054033 0.289123 0.182412 0.129363 0.261672 -0.272883 -0.431220 -0.111712 -0.071725 -0.192246 -0.051000 0.034756 0.165930 0.082614 -0.027427 -0.034500 0.187934 0.101460 -0.024636 -0.086937 0.113143 0.220647 -0.016934
-0.235094 -0.261485 0.268314 0.307958 0.508019 0.685051 0.061102 -0.152671 0.148834 0.075160 -0.118827 -0.014651 0.144460 -0.109661 0.402729 0.178232 0.009489 -0.211612 -0.172971 -0.366631 0.346626 0.395492 0.358235 0.314077 0.425678 0.540629 0.848613 1.000000 0.089677 -0.115556 0.279402 0.258001 -0.244735 -0.131425 0.152559 0.355390 0.076417 0.497613 0.160094 0.086506 0.248144 0.156199 -0.215086 -0.274801 -0.330670 -0.364553 -0.237400 -0.233668 -0.204215 -0.374767 -0.084024 -0.278830 -0.126615 -0.211627 0.188915 -0.402037 -0.114052 -0.029754 -0.085857 -0.278882 -0.188812 -0.433084 -0.193533 -0.393799 0.184086 -0.254883 -0.141744 -0.028177 -0.011875 0.017950 0.207834 0.136383 -0.029868 0.054266 0.075731 0.220624 0.063658 0.224900 0.139113 0.087430 0.221179 0.024845 0.442681 -0.104932 0.093765 0.132490 0.455659 -0.026647 0.390484 0.120155 -0.186102 -0.232583 -0.024165 -0.015922 0.344043 0.064694 0.201354 0.253133 -0.300566 -0.402690 -0.115075 -0.158595 -0.270930 -0.093776 0.008916 0.160245 0.043148 -0.037531 0.049550 0.169465 0.287722 -0.110530 -0.063900 0.086178 0.179957 -0.055901
-0.049338 -0.156371 -0.068747 -0.175092 0.425677 0.272601 0.295042 -0.009955 0.264616 0.272507 0.509464 0.368074 0.438846 0.444295 0.488526 0.606830 0.510216 0.467663 -0.086695 -0.138247 0.258480 0.176526 -0.016415 -0.025123 0.259800 0.089274 0.292790 0.089677 1.000000 0.748689 0.566108 0.369020 0.176313 0.091936 -0.122670 -0.175854 0.486758 0.145502 -0.063148 -0.088056 0.429759 0.170826 -0.416555 -0.325585 -0.209081 -0.259713 -0.294049 -0.397570 -0.227319 -0.226889 -0.264921 -0.307498 -0.347086 -0.362940 0.106274 -0.316701 -0.066007 -0.230760 -0.303366 -0.473510 -0.012186 -0.124986 0.341573 -0.014382 -0.013691 -0.179569 -0.454064 -0.383249 -0.180088 -0.257698 0.399233 0.649460 0.788509 0.585099 0.524669 0.551684 0.581658 0.346991 0.377083 0.372930 0.388928 0.299637 0.356199 0.388153 0.009649 -0.069888 -0.209239 -0.216257 -0.149765 -0.324082 -0.448174 -0.536021 -0.353751 -0.456446 0.190402 0.327947 -0.025097 0.159262 -0.164115 -0.144099 -0.031364 -0.118820 -0.038887 -0.397511 -0.316597 -0.289623 -0.129641 0.018594 0.001466 0.063382 -0.376398 0.038463 -0.073268 0.049084 0.082039 0.074779
-0.100725 0.039120 -0.347870 -0.210926 0.235146 0.147642 0.073121 0.183594 0.152266 0.412289 0.218843 0.295837 0.162370 0.440105 0.223420 0.543902 0.583028 0.687574 -0.206740 -0.083478 0.162253 0.075769 -0.351936 -0.253119 0.044644 -0.083691 0.054111 -0.115556 0.748689 1.000000 0.325838 0.255289 0.223829 0.199795 -0.210917 -0.221708 0.417545 0.054541 -0.147821 -0.107857 0.416975 0.301691 -0.269349 -0.219514 -0.124485 -0.112564 -0.118890 -0.227260 -0.227865 -0.103383 -0.180176 -0.204232 -0.162270 -0.198240 0.035544 -0.123426 0.019163 -0.220268 -0.291616 -0.299473 -0.011847 0.209516 0.452337 0.327703 -0.236218 0.002210 -0.467248 -0.423759 -0.220299 -0.383084 0.332393 0.564122 0.782763 0.685063 0.543395 0.554288 0.543654 0.330902 0.420891 0.477821 0.456416 0.474085 0.124979 0.340483 -0.041434 -0.185344 -0.140063 -0.101634 -0.256367 -0.322866 -0.340438 -0.465765 -0.345699 -0.501150 -0.021452 0.330803 0.001986 0.060187 0.001545 0.108214 0.045291 -0.177221 -0.050530 -0.364770 -0.324555 -0.293067 -0.105785 -0.061894 -0.050964 -0.121255 -0.418293 0.074541 -0.020759 -0.012747 0.153893 0.036701
-0.297599 -0.326805 0.268479 0.071189 0.448760 0.409101 0.322484 -0.008598 0.082068 0.276295 0.272102 0.177624 0.312440 0.129275 0.304924 0.332239 0.201537 0.204513 0.069935 -0.144657 0.118343 0.077953 0.405083 0.424189 0.718711 0.604040 0.363698 0.279402 0.566108 0.325838 1.000000 0.780777 0.134670 0.299445 0.060883 -0.029178 -0.054879 0.138783 -0.283738 -0.098404 0.009584 -0.090838 -0.331610 -0.291567 -0.254076 -0.298659 -0.333080 -0.332171 -0.162522 -0.205578 -0.149362 -0.203103 -0.389115 -0.219132 -0.343529 -0.331916 -0.304029 -0.273828 -0.248055 -0.340190 -0.286180 -0.351359 -0.011344 -0.218640 0.166711 -0.171789 -0.195670 -0.162881 0.006557 -0.124295 0.358231 0.649040 0.370841 0.396106 0.276696 0.458670 0.264298 0.197043 0.074699 0.294978 0.143902 0.129045 0.336753 0.077563 -0.215711 -0.057488 -0.067381 -0.360566 -0.253810 -0.433954 -0.435161 -0.347965 -0.153176 -0.352040 0.306919 0.096590 -0.016340 0.267501 -0.242074 -0.130059 -0.182213 -0.177288 -0.059256 -0.254050 -0.281615 -0.063252 -0.154828 -0.047438 0.038916 0.090840 -0.088682 -0.198695 0.057568 -0.056847 0.115354 0.055192
-0.426744 -0.317571 0.123477 0.349744 0.309587 0.402145 0.040489 0.218182 -0.068041 0.270967 0.034445 0.197004 0.052318 0.160649 0.034005 0.207255 0.163633 0.109801 0.172607 -0.089668 0.293020 0.245762 0.271834 0.566825 0.605510 0.647035 0.326905 0.258001 0.369020 0.255289 0.780777 1.000000 0.234201 0.520092 0.122640 0.070611 -0.072837 0.083454 -0.281890 0.005314 0.035655 0.089859 -0.375346 -0.327657 -0.295983 -0.273466 -0.378465 -0.303999 -0.260598 -0.309404 -0.234424 -0.326348 -0.487497 -0.319370 -0.392270 -0.358519 -0.287334 -0.274110 -0.368644 -0.345896 -0.295519 -0.181405 0.026937 -0.151692 0.184263 0.060301 -0.201532 -0.061518 -0.014428 -0.079200 0.328151 0.617731 0.222146 0.333982 0.282892 0.490507 0.272487 0.280870 0.206415 0.221458 0.167292 0.042563 0.217966 0.041320 -0.146590 0.055793 0.024777 -0.158413 -0.209154 -0.381144 -0.446912 -0.481611 0.013462 -0.335720 0.304942 0.205737 -0.038867 0.306377 -0.317584 -0.174921 -0.104641 -0.264894 -0.048634 -0.294477 -0.185317 -0.003061 -0.165207 -0.110417 0.022341 0.172300 0.042146 -0.252602 0.031478 0.011323 0.243309 0.174260
0.238918 0.254668 0.013061 0.165778 -0.180578 -0.180940 -0.011699 0.204591 -0.111491 -0.182574 0.254761 0.365376 -0.052458 0.356070 -0.267830 -0.121420 0.260857 0.056718 0.577461 0.269373 0.054072 0.012091 -0.201653 -0.029863 -0.211075 -0.170864 -0.143975 -0.244735 0.176313 0.223829 0.134670 0.234201 1.000000 0.667715 -0.222581 -0.231405 0.055136 -0.215008 -0.045373 -0.110062 0.091424 0.077535 -0.233369 -0.172582 -0.240314 -0.214758 -0.248774 -0.258259 -0.146616 -0.217936 -0.284923 -0.183184 -0.264379 -0.226108 -0.216687 -0.071399 0.169986 0.042163 -0.055469 -0.044185 0.137087 0.114686 0.302498 0.080323 -0.114633 0.103943 0.003484 0.054511 0.037274 -0.011114 -0.119613 0.282978 0.289389 0.142374 0.211224 0.140376 0.120163 0.057761 0.032153 -0.034666 -0.025596 -0.194897 -0.344126 -0.192025 -0.151109 -0.098772 -0.018653 -0.084617 -0.262352 -0.228472 -0.266434 -0.332260 -0.165025 -0.210328 -0.026467 0.075485 -0.206385 -0.060807 -0.166656 0.038925 0.072856 0.078745 -0.066842 0.013732 -0.040207 -0.001745 0.055876 0.029329 -0.176456 0.117944 -0.226395 0.021688 -0.007683 0.090644 -0.043905 0.128471
-0.134353 0.005388 0.021614 0.287943 -0.095040 0.015386 -0.064375 0.303291 -0.220876 0.012170 0.001896 0.174301 -0.172531 0.249917 -0.365123 -0.029713 0.142073 0.069400 0.376513 0.217914 0.210742 0.154175 -0.160682 0.140528 0.024672 0.154192 -0.066224 -0.131425 0.091936 0.199795 0.299445 0.520092 0.667715 1.000000 0.009993 0.014589 -0.003381 -0.108991 -0.107708 -0.126480 0.128787 0.072822 -0.337508 -0.235463 -0.273389 -0.175452 -0.342475 -0.243990 -0.261507 -0.233068 -0.379160 -0.335874 -0.464452 -0.341955 -0.382974 -0.235596 0.050232 -0.026722 -0.281066 -0.252067 -0.020487 0.014346 0.202440 0.012799 -0.042996 0.190263 -0.062519 0.164327 0.116220 -0.023920 -0.039466 0.278056 0.190768 0.185760 0.202762 0.210132 0.131258 0.169947 0.152525 0.053189 0.154454 -0.044084 -0.296189 -0.138628 -0.102978 0.024659 -0.040049 -0.069631 -0.274291 -0.309167 -0.258961 -0.337133 0.097466 -0.180912 0.073033 0.110336 -0.100088 0.062036 -0.264548 0.075352 0.106854 -0.078287 0.015556 0.010033 -0.033244 0.145050 -0.015621 -0.113627 0.019747 0.127970 0.063819 -0.077827 0.040650 0.007820 0.128610 0.262074
-0.110355 -0.410169 -0.080055 0.044773 0.050385 0.061476 -0.033578 -0.227088 -0.170361 -0.107968 -0.259749 -0.182438 -0.022381 -0.329142 0.016148 -0.124563 -0.177653 -0.158834 -0.156688 -0.090128 0.055741 0.119138 0.292794 0.272310 0.203142 0.143430 0.085168 0.152559 -0.122670 -0.210917 0.060883 0.122640 -0.222581 0.009993 1.000000 0.548377 0.033692 0.001867 0.225129 0.025667 0.055658 -0.034245 -0.094067 -0.004497 0.057416 0.190778 -0.187011 -0.070590 -0.206158 -0.085959 -0.171462 -0.242032 -0.369971 -0.306403 -0.033878 -0.143435 0.063838 -0.009101 -0.049230 -0.290214 -0.120598 -0.184506 -0.256940 -0.188405 0.612745 0.115424 0.086201 0.239316 0.213238 0.131522 0.154218 0.008466 -0.157993 -0.080093 -0.079237 -0.014689 0.040096 0.095319 0.043099 -0.116075 -0.087928 0.102924 0.183935 0.086096 0.453695 0.390096 0.166561 0.301610 0.272660 0.146648 -0.248948 -0.026269 0.227808 0.226997 0.028211 0.088220 -0.044125 0.044085 -0.119293 0.003817 -0.043102 -0.115615 0.045370 -0.098534 -0.046118 -0.071883 -0.134526 -0.100739 0.165542 -0.110174 0.184137 0.038365 0.017548 0.112225 0.195012 0.163123
-0.166103 -0.362228 0.093570 0.159119 0.110212 0.219039 -0.168263 -0.047144 0.173473 0.103992 -0.163013 -0.053646 0.058301 -0.030556 0.052443 0.011800 -0.106135 -0.323476 -0.212764 -0.291096 -0.016881 0.184215 0.134661 0.186819 0.199515 0.289963 0.189949 0.355390 -0.175854 -0.221708 -0.029178 0.070611 -0.231405 0.014589 0.548377 1.000000 -0.074781 0.129026 0.334551 0.200172 -0.050792 -0.041488 -0.247027 -0.181113 -0.026308 0.102742 -0.293411 -0.138426 -0.046709 -0.125115 -0.162520 -0.303653 -0.272230 -0.425553 0.004325 -0.223402 -0.110478 -0.170686 0.176124 -0.277765 0.170306 -0.114284 -0.314534 -0.301437 0.496031 0.329385 0.066095 0.381101 0.066004 0.140231 0.044059 -0.068160 -0.202780 -0.162865 -0.123265 0.011795 0.021213 0.152283 0.091500 -0.146485 -0.059499 0.001302 0.038279 -0.093273 0.218424 0.157443 0.094711 0.080127 0.392306 0.130682 -0.077395 -0.103401 0.218734 0.200642 0.203574 0.011084 0.122332 -0.067631 -0.301010 -0.374726 -0.048898 -0.094116 -0.146615 0.033210 -0.006719 0.118098 -0.148077 -0.012913 0.070715 -0.018432 0.424005 -0.123584 -0.133084 0.031083 0.218803 0.162284
