1.000000 0.322117 -0.037041 -0.379776 -0.175818 -0.096113 0.134345 -0.109408 -0.172395 -0.021389 0.023691 0.115614 0.052978 0.113105 0.009346 0.046127 0.404496 0.180194 0.269204 0.120426 0.086612 0.027347 -0.085294 -0.344058 -0.118585 -0.125575 -0.102515 -0.045368 0.276510 0.114518 -0.085780 -0.083580 0.231163 0.161337 -0.117662 -0.094277 0.016220 0.080068 0.033240 -0.033281 0.113936 0.250590 -0.104717 -0.109233 -0.187919 -0.206514 -0.189264 -0.112051 -0.283645 -0.169807 -0.312045 -0.213536 -0.042728 -0.013944 0.008212 0.015883 0.568786 0.218213 0.303125 -0.166344 0.334142 0.085497 0.291139 0.116644 -0.120924 -0.080445 0.046712 -0.467933 -0.117035 -0.286889 -0.029639 -0.112895 0.229641 0.118859 0.252644 0.128588 0.218420 -0.069779 0.315675 0.162921 0.364490 0.214639 0.211661 0.239316 -0.014404 -0.150258 0.078616 0.039726 -0.289433 -0.045836 -0.226316 0.014135 -0.278822 -0.106233 -0.119969 -0.086132 -0.212592 -0.117124 -0.052038 0.086133 -0.023850 0.193595 0.023171 0.193919 0.020606 0.058957 -0.117658 -0.028646 -0.226476 0.094213 -0.305462 -0.063573 0.002437 0.054727 -0.013405 0.007732
0.322117 1.000000 -0.208714 -0.136700 -0.050416 -0.153758 -0.124079 -0.003841 -0.038895 -0.006801 0.068452 0.248494 0.160502 0.145203 0.048776 0.005309 0.209607 0.221455 0.266603 0.321715 -0.190272 -0.339927 -0.194787 -0.215915 -0.128981 -0.193000 -0.269004 -0.082359 0.160016 0.225657 -0.049911 -0.055163 0.230685 0.313158 0.055468 -0.053478 -0.148486 0.005898 -0.211875 -0.121324 -0.123574 0.047200 -0.316669 -0.241435 -0.145464 -0.182267 -0.249130 -0.205107 -0.175040 -0.153275 -0.225180 -0.183842 -0.163373 -0.040123 -0.092726 -0.239404 0.342016 0.542811 0.114223 0.012977 0.160417 0.326349 0.137847 0.270092 0.084531 0.093721 0.048567 -0.338271 0.336806 0.155087 -0.035354 0.003438 0.184397 0.246230 0.183694 0.209877 0.248544 0.173348 0.201587 0.438535 0.217107 0.219323 -0.094873 0.131432 -0.011162 0.049697 0.055679 0.227204 -0.239053 0.006307 -0.226533 -0.051590 0.033141 0.121821 0.014503 -0.105858 -0.382004 -0.196591 -0.316532 -0.217059 0.102105 0.046685 -0.036888 -0.116562 -0.177040 -0.155521 -0.039931 0.034423 -0.138924 -0.003016 -0.267909 -0.274786 0.010549 -0.105474 -0.184553 -0.250313
-0.037041 -0.208714 1.000000 0.280675 0.330780 0.182530 0.391757 0.137724 0.134284 0.175406 0.083658 -0.153540 0.064267 -0.123342 0.034338 0.110510 0.083494 0.003368 0.284310 -0.013853 -0.175683 0.079462 0.492290 0.263020 0.218584 0.255678 0.206500 0.092084 0.159726 -0.012464 0.427616 0.261958 0.041251 0.016827 0.027119 -0.125966 0.084099 0.096526 0.285178 0.080540 0.203347 0.104993 -0.280409 -0.267043 -0.460591 -0.457164 -0.193242 -0.347959 -0.363388 -0.485513 -0.190307 -0.398329 -0.194685 -0.145132 -0.118754 -0.158291 0.024623 0.129690 -0.271268 -0.322587 0.070438 -0.349319 0.106091 -0.075881 0.162049 -0.234768 -0.106723 -0.013314 -0.153383 -0.128046 0.221456 0.062277 0.032035 -0.070756 -0.003558 0.047909 0.077452 0.007524 0.039221 0.084326 0.126903 0.222466 0.196092 0.305303 -0.022997 0.131786 0.214847 0.120547 0.071810 -0.004991 -0.330550 0.166243 -0.111226 0.089792 0.066398 -0.070929 0.100698 -0.158505 -0.196500 -0.011732 -0.183296 -0.049152 -0.295905 -0.081954 0.036583 0.159249 -0.095959 -0.083458 0.084149 -0.131648 0.100183 0.089106 -0.085226 -0.012021 0.232513 0.130575
-0.379776 -0.136700 0.280675 1.000000 0.384028 0.393819 0.225654 0.553974 0.284905 0.497545 -0.031872 0.104458 0.133003 0.090105 0.260407 0.302251 -0.251405 -0.296806 0.029425 -0.000709 -0.105277 -0.024970 0.497051 0.582515 -0.016550 0.285420 0.278281 0.245419 -0.106483 -0.148129 0.383098 0.495655 0.003378 0.183533 -0.027146 0.078172 -0.018635 -0.250558 0.093500 -0.076181 0.155929 0.008368 -0.343120 -0.405188 -0.310504 -0.315021 -0.294682 -0.357554 -0.349740 -0.291799 -0.146617 -0.290211 -0.381063 -0.177287 -0.382017 -0.455981 -0.266087 -0.095396 -0.433318 -0.196859 -0.068489 0.046548 -0.264737 0.010514 0.453464 0.217638 -0.210061 -0.111077 0.068116 0.023011 0.311780 0.234601 -0.023599 -0.185884 0.036068 -0.031250 0.020202 0.242419 -0.054794 -0.104817 -0.185814 -0.162296 0.100923 0.123377 0.159602 -0.195026 0.028118 -0.064475 0.386909 -0.240730 -0.117473 0.017254 0.401833 0.261198 0.096718 0.000100 -0.117279 -0.115348 -0.350275 -0.144339 0.120303 -0.136528 -0.054741 -0.256746 -0.139691 -0.093133 0.218958 -0.140178 0.078531 -0.077916 -0.027338 -0.164393 -0.096919 -0.027058 0.141411 -0.013143
-0.175818 -0.050416 0.330780 0.384028 1.000000 0.579547 0.488424 0.171162 0.479674 0.597190 0.218537 0.147249 0.271838 0.046138 0.415337 0.362539 -0.067234 -0.212351 0.077449 0.003074 0.028802 0.089863 0.254542 0.254081 0.110772 0.079613 0.338697 0.205819 0.155203 -0.015811 0.141936 0.071321 -0.126804 0.083150 0.039727 -0.086880 0.098767 -0.223531 0.175656 0.031276 0.197206 -0.026842 -0.451311 -0.471072 -0.446518 -0.477200 -0.255850 -0.452087 -0.336326 -0.377113 -0.059932 -0.290006 -0.201087 -0.075188 -0.226113 -0.346350 -0.069393 -0.055599 -0.175646 -0.169561 0.177015 0.175654 -0.091476 0.075598 0.439186 0.174886 -0.236104 -0.188542 -0.044769 -0.083068 0.198178 -0.066414 0.015299 -0.288115 -0.017044 -0.244807 0.016489 -0.189500 -0.073710 -0.138655 -0.038671 -0.077712 0.188231 0.174421 0.107720 -0.163146 -0.073241 -0.204009 0.105415 -0.169054 -0.094401 0.183896 0.267278 0.416547 0.136654 0.121792 -0.145676 -0.049562 -0.251285 -0.063293 0.237582 0.141414 -0.079945 -0.061142 0.016826 0.073877 -0.008610 0.089111 0.001321 -0.159428 -0.199572 0.009142 0.019228 -0.141663 0.024708 0.198282
-0.096113 -0.153758 0.182530 0.393819 0.579547 1.000000 0.281107 0.174033 0.004864 0.645103 0.130006 0.057361 0.179354 0.067740 0.346091 0.257106 -0.009627 -0.372915 -0.120555 -0.044582 0.146869 0.039156 0.223973 0.257154 -0.137948 0.060945 0.181486 0.182658 0.040026 -0.233112 0.165069 0.277495 -0.234617 -0.053192 -0.290652 -0.113653 0.248889 -0.388014 0.084411 0.019616 0.121623 -0.012342 -0.239526 -0.358324 -0.249932 -0.263622 -0.217724 -0.276055 -0.273862 -0.240107 -0.125915 -0.203821 -0.160799 -0.125258 -0.248725 -0.304302 -0.099068 -0.168166 -0.144594 0.002165 -0.000996 0.020962 -0.180013 -0.012076 0.086621 -0.038415 -0.220021 -0.056633 -0.149379 0.016709 0.401806 0.010264 -0.065663 -0.440387 -0.054863 -0.293243 -0.079006 -0.081627 -0.049066 -0.250709 0.006857 -0.228931 0.122960 0.110845 0.107673 -0.400382 0.020239 -0.129233 0.093837 -0.144089 0.059739 0.375469 0.217108 0.338024 0.055579 -0.125043 -0.065214 -0.140605 -0.092441 0.232093 0.198139 0.186510 0.051334 0.043426 0.246376 0.307121 0.112321 0.300204 -0.116792 -0.314643 -0.059957 0.042685 0.076969 -0.021252 0.030421 0.299059
0.134345 -0.124079 0.391757 0.225654 0.488424 0.281107 1.000000 0.365203 0.399485 0.520488 0.257937 0.209161 0.424479 0.155968 0.293061 0.350157 -0.049860 -0.262494 0.204940 0.091111 -0.119796 0.105838 0.263529 0.192124 -0.104354 -0.043263 0.164556 -0.046829 0.109239 -0.002901 0.205954 0.156881 0.035050 0.136267 -0.169001 -0.121384 -0.006759 -0.101936 0.081578 -0.163414 0.155603 0.158855 -0.220743 -0.319307 -0.381605 -0.449923 -0.127683 -0.309017 -0.281871 -0.380434 -0.090509 -0.277069 -0.321628 -0.135394 -0.211604 -0.222818 -0.192067 -0.168323 -0.115837 -0.338682 0.206237 0.071638 -0.213396 -0.195918 0.410035 0.093829 -0.253508 -0.151914 -0.185523 -0.217627 0.183348 0.091406 0.094300 -0.052494 0.214142 -0.075048 0.134619 -0.116406 -0.146701 -0.037914 -0.108657 -0.093316 0.214883 0.179609 0.010637 -0.295212 0.022138 -0.215250 0.036350 -0.334834 -0.149900 0.118614 0.060158 0.184944 0.026436 0.081495 -0.136444 -0.118737 -0.315743 -0.076774 0.054406 -0.042941 -0.266987 -0.107776 -0.105726 -0.042447 -0.151780 -0.053092 0.015426 -0.042104 -0.096726 -0.049340 0.018553 -0.109797 0.107615 -0.047853
-0.109408 -0.003841 0.137724 0.553974 0.171162 0.174033 0.365203 1.000000 0.076287 0.503110 0.273579 0.626397 0.328501 0.639770 0.070815 0.292038 -0.055425 -0.082817 0.012391 0.096937 -0.377771 -0.196248 -0.035328 0.247151 -0.345890 -0.052052 -0.137142 -0.207615 0.147782 0.170390 0.421391 0.568800 -0.001659 0.258922 -0.081060 0.103754 0.027789 -0.022276 -0.274839 -0.146286 0.127493 0.260367 -0.348333 -0.498724 -0.263302 -0.229243 -0.363083 -0.409062 -0.302979 -0.336442 -0.399972 -0.380969 -0.416655 -0.398957 -0.201226 -0.482189 -0.282233 -0.229805 -0.329047 -0.194871 -0.098632 0.161396 -0.249240 -0.122104 0.281859 0.150670 -0.171740 -0.058787 -0.051940 -0.071456 0.333703 0.465022 0.211763 0.258873 0.246450 0.335047 0.393053 0.561106 0.029572 0.121403 -0.110821 -0.098879 -0.168667 0.116026 -0.125270 -0.405240 -0.138482 0.032222 0.131119 -0.348716 -0.034072 -0.146282 0.341646 -0.019428 0.047743 0.040100 -0.143625 -0.132496 -0.400553 -0.257373 -0.092080 -0.321590 -0.188870 -0.224057 0.046854 -0.071836 -0.019192 -0.148929 -0.054719 0.159322 -0.094961 -0.204626 -0.050837 -0.318241 0.079648 -0.067299
-0.172395 -0.038895 0.134284 0.284905 0.479674 0.004864 0.399485 0.076287 1.000000 0.396736 0.112083 0.085984 0.307365 0.063536 0.441447 0.378714 -0.123832 -0.164246 0.074970 0.060048 -0.162089 0.070627 0.339009 0.378334 0.268302 0.279811 0.212311 0.228608 0.160441 0.100251 0.203637 0.064256 -0.141267 0.042090 0.138718 0.003146 0.076716 -0.043178 0.133884 -0.345453 0.254796 -0.043177 -0.338904 -0.247860 -0.359616 -0.387063 -0.170830 -0.317685 -0.256025 -0.327511 0.130470 -0.204042 -0.250005 0.009097 -0.149381 -0.261293 -0.054318 0.045608 -0.181065 -0.372622 0.104350 0.081270 -0.105398 -0.064975 0.475304 0.191053 -0.295186 -0.196770 0.237707 0.015824 -0.033529 -0.067457 0.058886 0.093567 0.240130 0.072052 0.112356 -0.174885 -0.095269 0.089382 -0.031609 0.071442 0.336173 0.189117 0.203078 0.024041 0.225227 -0.051952 0.217929 -0.235400 -0.090075 0.017251 0.187727 0.286324 -0.116887 0.049736 -0.284651 0.023014 -0.368242 -0.219870 0.029001 -0.103186 -0.267340 -0.090293 -0.324119 -0.227272 -0.068936 -0.128850 0.175021 -0.114149 -0.047473 0.002907 -0.063994 -0.100841 -0.005831 -0.172211
-0.021389 -0.006801 0.175406 0.497545 0.597190 0.645103 0.520488 0.503110 0.396736 1.000000 0.290252 0.306125 0.403393 0.370108 0.551231 0.512995 0.079422 -0.328855 0.141684 0.114939 -0.127320 0.052338 0.226930 0.350892 -0.163968 0.096024 0.002350 0.014758 0.369499 0.049264 0.408380 0.475087 -0.132919 0.145201 -0.221828 -0.161651 0.260001 -0.344646 -0.157739 -0.371901 0.295639 0.052658 -0.497984 -0.582836 -0.451292 -0.536757 -0.394451 -0.557938 -0.498318 -0.500499 -0.242431 -0.438637 -0.462970 -0.341424 -0.399597 -0.572521 -0.009875 -0.041769 -0.289131 -0.310260 0.044822 0.166564 -0.239015 -0.005280 0.321129 0.068215 -0.422171 -0.344262 -0.007510 -0.036669 0.392531 0.171786 0.216326 -0.222801 0.228317 0.045165 0.209446 0.081768 0.053291 -0.009050 0.149822 0.011025 0.225620 0.256761 0.171640 -0.483942 -0.040350 -0.065629 0.083600 -0.412506 -0.117903 0.211268 0.335013 0.380935 -0.062329 -0.014230 -0.368193 -0.059649 -0.435414 0.054078 0.133257 0.037919 -0.185035 -0.041641 -0.020844 0.059327 -0.044279 0.135045 -0.054558 -0.120638 -0.154450 0.009210 0.071677 -0.175122 -0.008620 0.067003
0.023691 0.068452 0.083658 -0.031872 0.218537 0.130006 0.257937 0.273579 0.112083 0.290252 1.000000 0.489157 0.726171 0.323019 0.327371 0.178729 0.270127 0.003202 -0.027626 0.000167 -0.073753 -0.163539 -0.115159 -0.022875 -0.309180 -0.281281 -0.047741 -0.222872 0.196862 -0.093975 0.089198 0.079738 -0.003698 0.164926 -0.029117 -0.064008 0.093597 -0.167941 -0.118910 -0.162793 0.058351 0.028074 -0.242633 -0.298846 -0.116047 -0.162149 -0.094980 -0.271232 -0.101641 -0.196344 -0.127733 -0.247056 -0.200316 -0.225941 -0.056938 -0.160376 -0.013999 -0.021792 0.034922 -0.089188 0.223984 0.143325 0.182651 0.027178 0.266597 -0.012068 0.059648 -0.075240 -0.010461 0.009797 0.133865 -0.067730 -0.034976 -0.062208 0.106900 0.102339 0.201312 -0.021998 -0.136825 0.134796 0.132803 0.021889 0.065280 -0.046982 0.251177 -0.188057 0.075899 0.011016 0.059345 -0.096630 -0.100468 -0.115452 -0.102245 -0.112941 -0.093874 -0.118834 -0.123633 -0.032436 -0.140941 -0.056462 -0.138330 -0.102206 -0.202273 0.085292 -0.091397 -0.015349 -0.148046 0.177285 -0.227390 -0.168770 -0.255883 -0.034318 -0.132156 -0.211848 -0.074063 0.049745
0.115614 0.248494 -0.153540 0.104458 0.147249 0.057361 0.209161 0.626397 0.085984 0.306125 0.489157 1.000000 0.568640 0.699944 0.157768 0.206078 0.060398 0.040249 -0.099097 0.048984 -0.311185 -0.301524 -0.255138 0.057342 -0.383572 -0.242196 -0.249789 -0.251896 0.199398 0.117694 0.101891 0.179504 -0.108992 0.134885 -0.005559 0.108452 -0.038809 -0.033219 -0.294957 -0.085117 0.024384 0.088157 -0.335466 -0.407831 -0.214478 -0.168118 -0.300731 -0.260007 -0.161237 -0.205283 -0.277391 -0.229982 -0.305750 -0.271675 -0.031287 -0.316604 -0.176343 -0.205687 -0.028321 -0.074441 0.078412 0.366422 -0.068064 0.000642 0.247958 0.215704 -0.051520 -0.138982 -0.000496 -0.006886 0.112090 0.275598 0.123929 0.235574 0.189435 0.309119 0.343219 0.360016 0.089372 0.216504 -0.099650 -0.133960 -0.171330 0.012314 -0.133199 -0.359971 -0.122725 0.069198 0.022709 -0.256302 0.084735 -0.068799 0.240664 -0.037159 0.097696 0.111249 -0.240214 0.002624 -0.338826 -0.256737 -0.112952 -0.190943 -0.185860 -0.103214 0.034249 -0.025886 -0.043945 -0.035344 -0.098693 0.176629 -0.208930 -0.185586 -0.064648 -0.353537 -0.041761 -0.024362
0.052978 0.160502 0.064267 0.133003 0.271838 0.179354 0.424479 0.328501 0.307365 0.403393 0.726171 0.568640 1.000000 0.355506 0.565039 0.324253 0.169826 -0.096140 0.044443 0.171430 -0.120332 -0.225986 0.130189 0.191482 -0.376316 -0.213267 -0.028889 -0.115948 0.210670 -0.135784 0.064850 0.070365 -0.103775 0.042858 -0.101197 -0.047174 0.058348 -0.207001 -0.045514 -0.231753 0.144956 -0.018348 -0.326644 -0.394091 -0.231508 -0.305421 -0.227941 -0.305958 -0.219101 -0.248338 -0.173483 -0.274573 -0.370285 -0.228500 -0.131020 -0.321535 -0.149017 -0.070671 -0.069667 -0.187584 0.141003 0.164307 -0.000422 -0.034508 0.414933 0.014309 -0.152607 -0.245309 0.003717 0.056281 0.153891 -0.007454 0.001372 -0.074432 0.215552 0.102027 0.240640 -0.002575 -0.081247 0.104733 0.051384 -0.041431 0.295903 0.107065 0.307705 -0.242780 0.283863 0.055702 0.177068 -0.171105 0.012708 0.090304 0.040215 0.063641 -0.116702 -0.043986 -0.331232 -0.086331 -0.368834 -0.169538 -0.021795 -0.067152 -0.254656 0.011050 -0.069458 0.028028 -0.094321 0.061177 -0.203049 -0.119876 -0.200299 -0.120819 -0.119965 -0.298418 -0.048849 -0.059982
0.113105 0.145203 -0.123342 0.090105 0.046138 0.067740 0.155968 0.639770 0.063536 0.370108 0.323019 0.699944 0.355506 1.000000 0.146704 0.416312 0.095755 -0.033076 -0.002488 0.173702 -0.416723 -0.061795 -0.341812 0.080127 -0.218138 -0.035489 -0.416109 -0.268658 0.455138 0.377822 0.392941 0.433394 -0.109802 0.234412 -0.018774 0.156412 0.278582 0.216998 -0.386120 -0.213546 0.209952 0.258649 -0.301920 -0.392134 -0.306872 -0.250086 -0.259635 -0.325573 -0.321598 -0.450174 -0.437002 -0.446311 -0.393131 -0.455115 0.068554 -0.400522 -0.060473 -0.146425 -0.226359 -0.320388 0.005494 0.125675 -0.052769 -0.190628 0.035641 0.010729 -0.230805 -0.051133 0.011957 0.062996 0.142025 0.418374 0.354026 0.354484 0.260776 0.501566 0.412599 0.478213 0.065862 0.230439 0.068254 0.018018 -0.250322 0.177483 -0.247787 -0.290249 -0.250860 0.146768 -0.185513 -0.439594 -0.013130 -0.214732 0.245759 -0.071378 0.001949 0.190040 -0.134908 0.047853 -0.305852 -0.174091 -0.088464 -0.232769 -0.242686 -0.052803 0.175027 0.001572 -0.090303 0.090220 0.078713 0.249675 0.132113 0.044743 -0.044858 -0.218887 0.031535 -0.033120
0.009346 0.048776 0.034338 0.260407 0.415337 0.346091 0.293061 0.070815 0.441447 0.551231 0.327371 0.157768 0.565039 0.146704 1.000000 0.645256 -0.020996 -0.362517 0.169921 0.155625 0.025337 0.022482 0.442270 0.397153 -0.058077 0.160821 0.042685 0.178941 0.334644 -0.081695 0.230028 0.226862 -0.081890 0.014810 -0.058239 -0.087019 0.274295 -0.251775 -0.007524 -0.354729 0.218398 -0.109322 -0.182672 -0.287630 -0.202645 -0.371854 -0.177806 -0.297020 -0.295198 -0.277247 0.030477 -0.264606 -0.354945 -0.191386 -0.110348 -0.290831 -0.049836 -0.034901 -0.302751 -0.319853 -0.133649 -0.095799 -0.242417 -0.141566 0.202299 -0.109850 -0.401156 -0.442652 0.109424 0.046927 0.133096 -0.074117 0.050642 -0.271543 0.204670 0.016570 -0.001002 -0.236183 -0.097007 -0.101580 0.093957 -0.049021 0.442574 0.132023 0.527274 -0.252323 0.175346 0.172641 0.059552 -0.332788 0.003969 0.047909 0.191980 0.295286 -0.089283 0.107131 -0.302655 0.158997 -0.249364 0.074670 0.111340 -0.076810 -0.157878 -0.068696 -0.160432 -0.058963 -0.163719 0.149926 -0.035767 -0.029033 -0.058411 0.152558 0.091020 -0.129671 -0.123210 -0.022260
0.046127 0.005309 0.110510 0.302251 0.362539 0.257106 0.350157 0.292038 0.378714 0.512995 0.178729 0.206078 0.324253 0.416312 0.645256 1.000000 0.166234 -0.176603 0.215312 0.260703 -0.281778 0.156531 0.284190 0.466006 0.014145 0.283557 -0.123443 0.055884 0.514437 0.276887 0.517848 0.454161 -0.052296 0.174490 -0.012593 -0.087031 0.365506 -0.023023 -0.104735 -0.286109 0.402299 0.181759 -0.360321 -0.441921 -0.427568 -0.528663 -0.301550 -0.435036 -0.536128 -0.571777 -0.321537 -0.566715 -0.511183 -0.412332 -0.183178 -0.473863 0.117537 0.102893 -0.453996 -0.495107 -0.092487 -0.201173 -0.038383 -0.076588 0.094314 -0.222495 -0.419751 -0.302808 0.141347 0.207392 0.112622 0.272712 0.410063 0.023273 0.309633 0.258594 0.237012 0.133148 0.138504 0.102300 0.234616 0.126581 0.301986 0.507431 0.162110 -0.188549 -0.021219 0.200991 -0.222065 -0.481772 -0.211442 -0.138025 0.106763 0.062909 -0.009060 0.213763 -0.250262 0.116825 -0.424171 -0.090472 -0.010731 -0.077921 -0.298948 0.000904 -0.077229 -0.071613 -0.110370 -0.019238 0.073442 0.098095 0.098499 0.173831 0.093584 -0.175300 -0.157521 -0.012939
0.404496 0.209607 0.083494 -0.251405 -0.067234 -0.009627 -0.049860 -0.055425 -0.123832 0.079422 0.270127 0.060398 0.169826 0.095755 -0.020996 0.166234 1.000000 0.499452 0.276564 0.326392 -0.120022 -0.070691 -0.159485 -0.253620 -0.285725 -0.286006 -0.263237 -0.412041 0.578363 0.274434 0.047057 -0.096705 0.183651 0.008773 -0.177639 -0.312366 0.108077 -0.050106 -0.147360 0.011141 0.194225 0.083816 -0.311668 -0.240295 -0.194501 -0.281012 -0.276309 -0.255827 -0.207600 -0.232313 -0.408182 -0.290373 -0.183162 -0.282401 -0.193579 -0.204896 0.550876 0.521586 0.060249 -0.089750 0.166266 -0.083189 0.451892 0.322025 -0.222103 -0.329528 0.049657 -0.271915 -0.038623 0.079738 -0.107108 -0.067204 0.498264 0.185136 0.314366 0.203911 0.265556 0.094461 0.552345 0.400752 0.675601 0.574216 0.103633 0.308877 0.105287 0.034449 0.088186 0.132139 -0.327397 0.069866 -0.231447 0.104785 -0.386286 -0.174702 -0.062235 -0.035833 -0.126631 -0.180507 -0.238483 0.034505 -0.188488 0.264423 -0.099776 0.144520 0.133351 0.143856 0.074671 -0.005897 -0.177475 0.002708 -0.089416 -0.085779 -0.005810 -0.207263 -0.071022 -0.017600
0.180194 0.221455 0.003368 -0.296806 -0.212351 -0.372915 -0.262494 -0.082817 -0.164246 -0.328855 0.003202 0.040249 -0.096140 -0.033076 -0.362517 -0.176603 0.499452 1.000000 0.103402 0.147428 -0.138223 -0.268099 -0.242345 -0.370692 -0.037539 -0.206597 -0.157490 -0.227470 0.225010 0.446276 -0.144033 -0.244832 -0.030384 -0.120890 -0.007165 -0.039449 -0.108266 0.167691 0.113881 0.228153 -0.001016 0.080586 -0.078783 0.032620 0.016778 0.013646 -0.107011 0.102872 0.045057 0.032374 -0.195970 0.010090 -0.015888 -0.062296 0.104562 0.105647 0.276882 0.395017 -0.030287 0.025646 -0.082166 -0.082146 0.264983 0.284566 -0.185159 -0.203078 0.058794 -0.183828 0.008302 0.010753 -0.113117 0.014724 0.355690 0.414895 0.189193 0.225813 0.244842 0.183801 0.551204 0.575830 0.465216 0.606506 -0.164513 0.119956 -0.062545 0.194340 0.160299 0.108656 -0.174081 0.275208 -0.060877 -0.091377 -0.371158 -0.322724 0.040122 0.116539 0.009568 -0.023399 0.022783 -0.111239 -0.370095 0.013964 -0.107479 0.057751 0.012075 0.103949 -0.045086 -0.196924 -0.086423 0.119000 -0.038856 -0.087946 -0.111002 -0.200306 -0.034875 0.019951
0.269204 0.266603 0.284310 0.029425 0.077449 -0.120555 0.204940 0.012391 0.074970 0.141684 -0.027626 -0.099097 0.044443 -0.002488 0.169921 0.215312 0.276564 0.103402 1.000000 0.433389 -0.063605 0.043551 0.282094 0.136587 -0.014321 0.031222 -0.073435 -0.098426 0.396117 0.239578 0.253001 0.191479 0.308077 0.274308 -0.128736 -0.157378 0.033008 0.105860 0.098605 0.079297 0.163807 0.201599 -0.325345 -0.301035 -0.375046 -0.457253 -0.295646 -0.322370 -0.375900 -0.375985 -0.418336 -0.367988 -0.321932 -0.323020 -0.300136 -0.269726 0.111412 0.299137 -0.210588 -0.267099 0.061599 -0.065937 0.100418 0.154697 0.102579 -0.129259 -0.053122 -0.257657 0.160709 0.083074 -0.087106 0.224080 0.332877 0.187931 0.363736 0.235455 0.370511 0.211716 0.211638 0.280681 0.164201 0.183671 0.212344 0.292519 -0.108757 -0.025133 0.013214 0.138727 -0.137658 -0.151997 -0.373918 0.016450 -0.045507 0.146947 0.056922 0.053590 -0.161137 -0.087982 -0.408435 -0.181986 0.066658 0.090591 -0.159754 -0.012761 0.096604 0.023164 -0.182173 -0.033311 -0.033740 0.081597 -0.121880 -0.063380 -0.058706 0.091977 0.025970 -0.040536
0.120426 0.321715 -0.013853 -0.000709 0.003074 -0.044582 0.091111 0.096937 0.060048 0.114939 0.000167 0.048984 0.171430 0.173702 0.155625 0.260703 0.326392 0.147428 0.433389 1.000000 -0.153128 -0.114590 -0.060335 0.088508 -0.296285 -0.243656 -0.285688 -0.352660 0.494888 0.402830 0.081714 0.039090 0.185786 0.216246 -0.359941 -0.249716 0.201361 0.200683 -0.174681 -0.033089 0.131660 0.156158 -0.262346 -0.299829 -0.281074 -0.379169 -0.264695 -0.229348 -0.311256 -0.365353 -0.467126 -0.341865 -0.262414 -0.337405 -0.257296 -0.286600 0.058076 0.191856 -0.301900 -0.179631 -0.253858 -0.162717 -0.049493 -0.046948 -0.204934 -0.398880 -0.319882 -0.126536 0.267000 0.454353 0.062276 0.318676 0.426352 0.263757 0.265627 0.253066 0.302596 0.348103 0.167205 0.338946 0.280759 0.278539 0.103377 0.426635 -0.139488 -0.001875 0.123475 0.239208 -0.291795 -0.065355 0.007814 0.213796 0.081414 0.198405 0.061213 0.226509 -0.206361 0.005752 -0.309070 0.009315 0.115639 0.065911 -0.081753 -0.071663 0.189427 0.248235 -0.131830 0.048797 0.105762 0.174091 0.181514 0.204174 0.132889 -0.032685 -0.029250 -0.085043
0.086612 -0.190272 -0.175683 -0.105277 0.028802 0.146869 -0.119796 -0.377771 -0.162089 -0.127320 -0.073753 -0.311185 -0.120332 -0.416723 0.025337 -0.281778 -0.120022 -0.138223 -0.063605 -0.153128 1.000000 0.263067 0.008834 -0.096438 0.040713 -0.061746 0.448809 0.310516 -0.383262 -0.358589 -0.422612 -0.330376 -0.060721 -0.145420 -0.070779 -0.060853 0.089428 -0.205171 0.329742 0.194444 -0.040298 -0.112301 0.162279 0.250346 0.147313 0.208298 0.135684 0.205556 0.158186 0.312198 0.231711 0.336598 0.299774 0.268764 0.056753 0.338465 0.048970 -0.183301 0.218739 0.233080 0.003243 0.051271 -0.008747 0.063188 -0.122804 0.140157 0.125332 -0.010782 -0.046285 -0.136885 0.067903 -0.354176 -0.300046 -0.380208 -0.271220 -0.604944 -0.316455 -0.327242 -0.095872 -0.327884 -0.080041 -0.224718 0.201429 -0.187074 0.212546 0.047708 0.090603 -0.272669 0.199294 0.265947 0.205496 0.146137 0.053480 0.087982 -0.145829 -0.168599 0.044975 0.123641 0.330155 0.283250 0.358756 0.242714 0.422557 0.234946 0.112987 0.109704 0.041921 0.207740 -0.133183 -0.126746 -0.109537 -0.002644 0.128927 0.272995 -0.047278 0.150146
0.027347 -0.339927 0.079462 -0.024970 0.089863 0.039156 0.105838 -0.196248 0.070627 0.052338 -0.163539 -0.301524 -0.225986 -0.061795 0.022482 0.156531 -0.070691 -0.268099 0.043551 -0.114590 0.263067 1.000000 0.103979 0.144512 0.298901 0.330730 0.298493 0.287203 0.008632 -0.043866 0.156519 0.142987 -0.027104 0.064485 0.135322 0.075378 0.204330 0.136948 0.162267 -0.033842 0.313121 0.126802 0.091885 0.089942 -0.157405 -0.078585 0.058766 -0.045883 -0.196020 -0.160004 -0.024325 -0.138965 -0.016867 -0.117028 -0.090498 -0.040907 0.174206 -0.017681 -0.143929 -0.268120 0.106176 -0.106464 0.107476 -0.025946 -0.080135 0.031028 -0.189826 0.056861 -0.032174 -0.105546 -0.079002 0.096840 -0.032177 -0.124947 -0.035375 -0.056388 -0.088945 -0.136467 -0.181153 -0.268632 -0.012260 -0.036314 0.243758 0.201469 0.066524 0.101628 -0.133600 -0.178924 -0.084005 -0.237612 -0.186139 -0.215539 -0.020521 0.003417 -0.133877 0.108938 0.039909 0.284803 -0.004538 0.071749 0.100871 0.122499 0.095743 0.221548 0.109254 0.081748 0.130029 0.117065 0.294630 -0.055382 0.254835 0.105356 0.039119 0.111941 0.217870 0.176014
-0.085294 -0.194787 0.492290 0.497051 0.254542 0.223973 0.263529 -0.035328 0.339009 0.226930 -0.115159 -0.255138 0.130189 -0.341812 0.442270 0.284190 -0.159485 -0.242345 0.282094 -0.060335 0.008834 0.103979 1.000000 0.642709 0.231093 0.511203 0.289841 0.418519 -0.051274 -0.280457 0.385771 0.291607 0.011228 0.014536 0.035298 -0.012911 -0.027156 -0.210473 0.361640 -0.052809 0.225368 -0.046154 -0.150858 -0.180424 -0.294676 -0.358279 -0.173542 -0.212089 -0.344837 -0.262945 0.052466 -0.255212 -0.287998 -0.042301 -0.320864 -0.208091 -0.082948 0.095032 -0.343669 -0.366571 0.010662 -0.239220 -0.065763 -0.012462 0.360751 -0.076967 -0.246684 -0.233528 0.033521 -0.016630 0.161097 0.000188 -0.087015 -0.256494 0.098275 -0.043021 -0.031830 -0.130483 0.001627 -0.121871 -0.030935 0.033111 0.520390 0.244456 0.420142 0.016066 0.373468 0.162964 0.303722 -0.122309 -0.287935 0.139643 -0.039293 0.182626 -0.003315 -0.104030 -0.145553 -0.119956 -0.299429 -0.065979 0.045774 -0.066954 -0.209513 -0.121613 -0.229209 -0.062643 -0.060283 -0.247419 0.054717 -0.114138 -0.012758 -0.009756 -0.098511 0.105582 0.033772 -0.026736
-0.344058 -0.215915 0.263020 0.582515 0.254081 0.257154 0.192124 0.247151 0.378334 0.350892 -0.022875 0.057342 0.191482 0.080127 0.397153 0.466006 -0.253620 -0.370692 0.136587 0.088508 -0.096438 0.144512 0.642709 1.000000 0.023179 0.456985 0.196495 0.286347 0.003135 -0.215553 0.546023 0.516631 -0.160037 0.043138 -0.053315 -0.095613 0.203455 -0.141149 0.072766 -0.077607 0.295566 0.031336 -0.312117 -0.371882 -0.446087 -0.432693 -0.330159 -0.347711 -0.383449 -0.433952 -0.128824 -0.365535 -0.388379 -0.212103 -0.334763 -0.403169 -0.269173 -0.052057 -0.455423 -0.397038 -0.098786 -0.200787 -0.053800 -0.127600 0.356833 -0.092676 -0.329972 0.017038 0.215690 0.278438 0.204158 0.364283 -0.058610 -0.165391 0.016029 0.099696 0.061469 0.226407 -0.106594 -0.119791 -0.125419 -0.104722 0.357663 0.282432 0.141510 -0.172804 0.180130 0.048447 0.341594 -0.391726 -0.073716 0.057586 0.265159 0.300310 0.096534 0.054989 -0.156824 0.061171 -0.428062 -0.160590 0.045281 -0.201876 -0.232646 -0.070539 -0.051342 0.040787 -0.010797 -0.171454 0.191186 0.049026 0.151737 0.005630 -0.079620 0.106534 -0.057336 0.063176
-0.118585 -0.128981 0.218584 -0.016550 0.110772 -0.137948 -0.104354 -0.345890 0.268302 -0.163968 -0.309180 -0.383572 -0.376316 -0.218138 -0.058077 0.014145 -0.285725 -0.037539 -0.014321 -0.296285 0.040713 0.298901 0.231093 0.023179 1.000000 0.737187 0.199452 0.524860 -0.118961 0.142968 0.104879 0.032002 -0.205376 -0.083196 0.380244 0.263826 0.071830 0.275727 0.342594 0.037539 0.034818 0.020387 0.122014 0.242646 -0.066850 0.041699 0.129049 0.103472 -0.102435 -0.075484 0.300001 -0.004544 0.107864 0.226889 0.132876 0.158264 0.117772 0.031013 -0.133114 -0.228238 0.003253 -0.206476 -0.031886 -0.118286 0.000270 0.068199 -0.159058 0.031518 0.118056 -0.045914 -0.088103 -0.060671 -0.097895 0.183597 0.005158 0.009106 -0.128383 -0.264753 -0.050720 -0.025256 -0.088880 0.062811 -0.018897 0.009948 0.055717 0.362872 0.019272 0.056814 -0.014939 0.048556 -0.132189 -0.103072 0.072856 0.062557 0.098619 0.078236 0.069495 0.117581 0.141716 -0.049058 0.024549 -0.033589 -0.112430 -0.013573 -0.269518 -0.113619 -0.157433 -0.067740 0.341122 -0.076007 0.209371 0.191880 -0.113174 0.205661 -0.011367 -0.021066
-0.125575 -0.193000 0.255678 0.285420 0.079613 0.060945 -0.043263 -0.052052 0.279811 0.096024 -0.281281 -0.242196 -0.213267 -0.035489 0.160821 0.283557 -0.286006 -0.206597 0.031222 -0.243656 -0.061746 0.330730 0.511203 0.456985 0.737187 1.000000 0.184329 0.618685 -0.015281 0.089068 0.456694 0.462258 -0.190094 -0.003793 0.258263 0.293550 0.270261 0.173371 0.304958 -0.103531 0.239500 0.087278 0.041780 0.062641 -0.238359 -0.122760 0.001801 -0.043950 -0.337114 -0.308993 0.109978 -0.251311 -0.119631 0.055403 -0.009465 -0.081271 0.075740 0.020474 -0.424990 -0.463926 -0.116911 -0.360602 -0.080106 -0.200935 0.069211 -0.085242 -0.373634 -0.093166 0.163336 0.010290 0.105165 0.161522 -0.019093 0.164138 0.197411 0.176036 0.063285 -0.050119 -0.028058 -0.029158 -0.086289 0.025219 0.154396 0.170406 0.173509 0.201628 0.149158 0.190373 0.111281 -0.180993 -0.230787 -0.137891 0.097750 0.021675 0.075637 -0.024846 -0.038297 0.024104 -0.102893 -0.107642 -0.077347 -0.268269 -0.293178 -0.098639 -0.185140 -0.057290 -0.149536 -0.214024 0.338213 -0.072243 0.265713 0.140886 -0.140890 0.203337 0.042167 0.064356
-0.102515 -0.269004 0.206500 0.278281 0.338697 0.181486 0.164556 -0.137142 0.212311 0.002350 -0.047741 -0.249789 -0.028889 -0.416109 0.042685 -0.123443 -0.263237 -0.157490 -0.073435 -0.285688 0.448809 0.298493 0.289841 0.196495 0.199452 0.184329 1.000000 0.531395 -0.443955 -0.294506 -0.132860 -0.106477 -0.056546 -0.079469 0.058951 0.030072 -0.104635 -0.201864 0.442553 0.149274 0.060484 -0.015969 -0.016639 -0.013464 -0.145553 -0.059328 -0.027418 0.005854 -0.030013 0.065268 0.227152 0.124571 0.174275 0.308647 -0.103087 0.095079 -0.098575 -0.153737 0.006005 0.012792 0.140435 0.135259 -0.021926 0.168855 0.321307 0.366389 0.036813 -0.090703 -0.018042 -0.276950 0.026342 -0.212226 -0.341818 -0.280527 -0.130327 -0.459933 -0.211219 -0.333848 -0.166932 -0.311133 -0.202774 -0.252994 0.365877 -0.025973 0.206891 0.001545 0.225583 -0.476469 0.446612 0.110986 0.100995 0.011385 0.048732 0.150940 -0.110327 -0.150194 0.009091 -0.051723 0.118024 -0.096884 0.181365 0.195574 0.247468 0.175351 -0.058890 0.062145 0.223476 -0.126156 -0.157665 -0.234685 -0.142683 -0.256978 -0.236431 0.076240 0.103693 0.152216
-0.045368 -0.082359 0.092084 0.245419 0.205819 0.182658 -0.046829 -0.207615 0.228608 0.014758 -0.222872 -0.251896 -0.115948 -0.268658 0.178941 0.055884 -0.412041 -0.227470 -0.098426 -0.352660 0.310516 0.287203 0.418519 0.286347 0.524860 0.618685 0.531395 1.000000 -0.365691 -0.208286 0.014072 0.082525 -0.170744 -0.029890 0.196224 0.293246 0.198346 0.025766 0.490724 0.137958 0.274537 -0.007630 0.039426 0.068480 -0.128904 0.011070 -0.033825 -0.011960 -0.166276 -0.058075 0.233098 -0.023971 0.091487 0.334897 -0.025185 0.016552 0.058552 -0.049561 -0.123066 -0.162310 0.004559 -0.104082 -0.028801 -0.049968 0.209818 0.154597 -0.171092 -0.157439 0.150981 -0.105054 0.047082 -0.130265 -0.336055 -0.166754 -0.129477 -0.188253 -0.168284 -0.254241 -0.194857 -0.224906 -0.211915 -0.153403 0.257114 0.022139 0.267549 0.215029 0.227786 -0.127433 0.374520 0.006134 -0.077069 -0.139749 0.160120 0.186789 -0.017806 -0.161564 -0.083078 -0.075422 0.061185 -0.025896 0.136124 -0.080090 -0.012907 -0.125996 -0.096011 -0.048908 -0.008604 -0.163216 0.091910 -0.292095 -0.048225 -0.006829 -0.068862 0.240793 0.134949 0.122162
0.276510 0.160016 0.159726 -0.106483 0.155203 0.040026 0.109239 0.147782 0.160441 0.369499 0.196862 0.199398 0.210670 0.455138 0.334644 0.514437 0.578363 0.225010 0.396117 0.494888 -0.383262 0.008632 -0.051274 0.003135 -0.118961 -0.015281 -0.443955 -0.365691 1.000000 0.583189 0.386103 0.312964 0.085177 0.158938 -0.150271 -0.193982 0.408691 0.204927 -0.259454 -0.153538 0.397331 0.263779 -0.426935 -0.444998 -0.431490 -0.535316 -0.369378 -0.477321 -0.502260 -0.579675 -0.542517 -0.593136 -0.468645 -0.571519 -0.182824 -0.445269 0.351544 0.342862 -0.316293 -0.417802 -0.077870 -0.245371 0.123491 0.010704 -0.230384 -0.419008 -0.283223 -0.306378 0.016337 0.130897 0.119961 0.261273 0.709490 0.295961 0.460900 0.529146 0.416024 0.271294 0.468472 0.394455 0.599417 0.511622 0.214417 0.510376 0.023247 -0.088583 -0.010046 0.363905 -0.390922 -0.343494 -0.233226 0.108085 -0.064774 0.036584 0.047840 0.215441 -0.177589 0.033333 -0.428441 -0.005533 -0.146117 0.017517 -0.298356 0.051519 0.203179 0.221862 -0.107193 0.076516 0.063722 0.204835 0.124796 0.232896 0.064774 -0.134046 -0.017676 0.078046
0.114518 0.225657 -0.012464 -0.148129 -0.015811 -0.233112 -0.002901 0.170390 0.100251 0.049264 -0.093975 0.117694 -0.135784 0.377822 -0.081695 0.276887 0.274434 0.446276 0.239578 0.402830 -0.358589 -0.043866 -0.280457 -0.215553 0.142968 0.089068 -0.294506 -0.208286 0.583189 1.000000 0.204932 0.163554 0.036771 0.136664 0.004306 0.045797 0.218735 0.414160 -0.124979 -0.055353 0.185583 0.294472 -0.152968 -0.119035 -0.195185 -0.237262 -0.089584 -0.120409 -0.257218 -0.328232 -0.276528 -0.290571 -0.231804 -0.263024 0.046827 -0.138624 0.197358 0.231135 -0.296408 -0.317490 -0.268534 -0.137344 -0.148014 -0.012715 -0.265701 -0.182984 -0.247927 -0.213155 0.059443 0.031719 -0.137223 0.245266 0.715886 0.606930 0.502853 0.520280 0.439174 0.303437 0.395134 0.491731 0.329723 0.452648 -0.107798 0.376924 -0.188767 0.117400 -0.044093 0.238507 -0.356233 -0.130662 -0.118633 -0.161833 -0.039018 -0.143851 0.045758 0.269962 0.017826 0.038010 -0.186720 -0.216500 -0.209943 -0.091113 -0.228911 -0.086285 0.012347 0.018688 -0.122901 -0.130880 0.128371 0.256880 0.248303 0.103342 0.074299 -0.167699 -0.052127 -0.165714
-0.085780 -0.049911 0.427616 0.383098 0.141936 0.165069 0.205954 0.421391 0.203637 0.408380 0.089198 0.101891 0.064850 0.392941 0.230028 0.517848 0.047057 -0.144033 0.253001 0.081714 -0.422612 0.156519 0.385771 0.546023 0.104879 0.456694 -0.132860 0.014072 0.386103 0.204932 1.000000 0.807992 0.082002 0.399981 0.108395 0.032702 0.283688 -0.002202 -0.097794 -0.266826 0.317741 0.271677 -0.346917 -0.413029 -0.516511 -0.477620 -0.301540 -0.469781 -0.598483 -0.679793 -0.409852 -0.684144 -0.472626 -0.463770 -0.210619 -0.512235 0.046587 0.216738 -0.508457 -0.569211 0.009052 -0.278078 0.144156 -0.083394 0.184980 -0.208184 -0.273901 -0.073834 0.195658 0.175037 0.282712 0.356438 0.373582 0.183401 0.314799 0.437883 0.370953 0.370642 0.055003 0.228674 0.180709 0.201030 0.132280 0.410563 0.013637 -0.110440 0.016451 0.275206 -0.022281 -0.477357 -0.436562 -0.229994 0.032490 -0.080809 -0.063407 -0.026765 -0.145387 -0.096370 -0.454414 -0.175643 -0.167288 -0.272325 -0.425881 -0.025165 -0.035574 -0.011082 -0.083974 -0.073089 0.181369 -0.018160 0.134471 0.070409 -0.062581 -0.087251 -0.027709 0.154801
-0.083580 -0.055163 0.261958 0.495655 0.071321 0.277495 0.156881 0.568800 0.064256 0.475087 0.079738 0.179504 0.070365 0.433394 0.226862 0.454161 -0.096705 -0.244832 0.191479 0.039090 -0.330376 0.142987 0.291607 0.516631 0.032002 0.462258 -0.106477 0.082525 0.312964 0.163554 0.807992 1.000000 -0.010226 0.367128 -0.038665 0.216293 0.295364 0.001864 -0.125683 -0.225546 0.297816 0.384952 -0.282365 -0.446121 -0.392533 -0.331894 -0.342924 -0.438667 -0.606774 -0.583219 -0.461891 -0.651158 -0.491116 -0.528654 -0.277264 -0.570486 -0.006669 0.050867 -0.532684 -0.509989 -0.126336 -0.231835 -0.053739 -0.181226 0.115006 -0.171589 -0.354242 -0.081101 0.152253 0.140831 0.488558 0.528917 0.351530 0.181807 0.325011 0.437673 0.372876 0.478708 0.092482 0.146280 0.106762 0.010370 0.071419 0.332600 0.012889 -0.366850 -0.048344 0.224558 0.016175 -0.609729 -0.259865 -0.168299 0.193103 -0.010178 0.009217 -0.046656 -0.186022 -0.043351 -0.423098 -0.094900 -0.118947 -0.263934 -0.345990 0.015115 0.010178 0.147582 -0.064631 -0.039063 0.116793 0.028480 0.118434 0.045218 -0.096915 -0.012324 -0.017307 0.189543
0.231163 0.230685 0.041251 0.003378 -0.126804 -0.234617 0.035050 -0.001659 -0.141267 -0.132919 -0.003698 -0.108992 -0.103775 -0.109802 -0.081890 -0.052296 0.183651 -0.030384 0.308077 0.185786 -0.060721 -0.027104 0.011228 -0.160037 -0.205376 -0.190094 -0.056546 -0.170744 0.085177 0.036771 0.082002 -0.010226 1.000000 0.662021 0.122999 -0.026754 -0.220927 -0.129420 -0.157707 -0.086351 -0.032113 -0.105532 -0.047493 -0.034030 0.024401 -0.021693 -0.008818 -0.118776 -0.036344 0.023448 -0.181853 -0.120739 -0.137312 -0.099236 -0.095288 -0.006427 0.315791 0.373233 0.162931 -0.029262 0.364464 0.177841 0.258000 0.252085 0.113994 0.120010 0.325127 -0.128977 -0.044979 -0.111300 -0.254140 -0.211469 0.167296 0.110290 0.079251 0.042160 0.074588 -0.034423 0.061753 0.195485 0.002175 0.106446 -0.081830 -0.014468 -0.066998 0.192856 -0.140746 0.050237 -0.097708 0.017786 -0.478319 -0.300035 -0.207811 -0.113094 -0.142157 -0.063800 -0.014802 -0.141069 -0.177389 -0.168937 0.057110 0.021891 0.026200 -0.260094 -0.168190 -0.247270 0.129058 -0.011527 0.009489 0.160333 -0.124673 -0.158755 -0.105928 0.064242 0.028631 -0.053179
0.161337 0.313158 0.016827 0.183533 0.083150 -0.053192 0.136267 0.258922 0.042090 0.145201 0.164926 0.134885 0.042858 0.234412 0.014810 0.174490 0.008773 -0.120890 0.274308 0.216246 -0.145420 0.064485 0.014536 0.043138 -0.083196 -0.003793 -0.079469 -0.029890 0.158938 0.136664 0.399981 0.367128 0.662021 1.000000 0.228588 0.287234 0.046413 -0.107644 -0.113588 -0.220669 0.165582 0.200208 -0.329889 -0.341722 -0.276189 -0.177110 -0.233006 -0.408501 -0.446240 -0.346831 -0.395782 -0.504900 -0.346945 -0.361274 -0.211041 -0.341568 0.314196 0.322047 -0.081347 -0.275491 0.401065 0.244003 0.246940 0.168495 0.338926 0.220121 0.045522 -0.112752 0.250238 0.073804 0.085812 0.127114 0.228697 0.201334 0.175894 0.204863 0.301205 0.192052 0.040692 0.325727 0.009079 0.030035 -0.060470 0.191333 -0.065565 -0.004167 -0.181296 0.095701 -0.124833 -0.283514 -0.537041 -0.382316 0.072751 0.046473 -0.142681 -0.089115 -0.319587 -0.180768 -0.430198 -0.284529 0.110710 -0.091130 -0.141768 -0.127139 -0.198661 -0.199203 -0.065071 0.082926 0.085113 -0.003101 -0.201897 -0.119512 -0.228155 -0.068877 -0.054410 0.052242
-0.117662 0.055468 0.027119 -0.027146 0.039727 -0.290652 -0.169001 -0.081060 0.138718 -0.221828 -0.029117 -0.005559 -0.101197 -0.018774 -0.058239 -0.012593 -0.177639 -0.007165 -0.128736 -0.359941 -0.070779 0.135322 0.035298 -0.053315 0.380244 0.258263 0.058951 0.196224 -0.150271 0.004306 0.108395 -0.038665 0.122999 0.228588 1.000000 0.491177 -0.099188 0.034342 0.096331 -0.201434 0.055397 -0.013472 0.032003 0.114441 0.102995 0.229527 0.164363 0.013258 -0.025361 0.023278 0.231957 -0.077970 0.058929 0.069296 0.135763 0.048151 0.163029 0.089244 -0.025594 -0.106813 0.207665 0.055963 0.058428 -0.025398 0.234622 0.292272 0.084705 0.150983 0.138464 -0.060580 -0.168557 -0.224925 -0.190895 0.069879 -0.150615 0.076719 0.000901 -0.156977 -0.149569 0.079132 -0.175759 -0.048795 -0.152526 -0.102287 0.146814 0.358801 -0.098726 0.124673 0.026383 0.054677 -0.235267 -0.382267 0.015068 -0.123032 -0.197043 -0.164188 -0.034209 0.017550 -0.024440 -0.301388 0.025656 -0.190851 -0.023437 0.012546 -0.306618 -0.219605 0.020971 0.077253 0.032906 -0.153338 -0.009773 -0.077980 -0.087704 -0.119806 -0.028310 -0.055716
-0.094277 -0.053478 -0.125966 0.078172 -0.086880 -0.113653 -0.121384 0.103754 0.003146 -0.161651 -0.064008 0.108452 -0.047174 0.156412 -0.087019 -0.087031 -0.312366 -0.039449 -0.157378 -0.249716 -0.060853 0.075378 -0.012911 -0.095613 0.263826 0.293550 0.030072 0.293246 -0.193982 0.045797 0.032702 0.216293 -0.026754 0.287234 0.491177 1.000000 -0.014946 0.142613 0.196509 -0.092849 0.040842 0.078801 0.201085 0.099423 0.183667 0.409626 0.127699 0.126778 -0.105011 0.039986 0.083825 -0.111405 -0.017448 -0.057817 0.079376 -0.050875 -0.034096 -0.182534 -0.189937 -0.205674 0.051962 0.029675 -0.174180 -0.237458 0.229011 0.268488 -0.179592 0.166125 0.116851 0.000111 0.106885 0.101025 -0.108185 0.158160 0.007116 0.135352 0.037007 0.056184 -0.060350 0.105090 -0.318060 -0.244579 -0.291931 -0.165699 0.008269 0.127758 -0.100816 0.150508 0.001039 -0.122167 0.031550 -0.263768 0.136231 -0.087593 -0.100334 -0.128290 -0.134818 -0.109955 -0.007426 -0.198559 -0.013666 -0.345762 -0.131247 -0.099267 -0.095459 -0.020855 -0.113731 0.004408 0.093738 -0.130635 0.135440 -0.002907 -0.237201 -0.104645 0.038608 0.035973
