1.000000 0.754128 -0.166244 -0.264849 -0.169130 -0.426202 0.052389 -0.113120 -0.187939 -0.273513 0.266116 0.256247 0.054389 0.088716 -0.022270 -0.055947 0.523852 0.535251 0.158013 0.166892 0.005191 -0.249810 -0.298570 -0.470952 -0.235466 -0.312430 -0.059627 -0.269155 0.242364 0.182276 0.087773 -0.322510 0.586744 0.064426 0.170599 -0.192094 -0.108518 -0.168854 -0.085157 -0.374744 0.006218 -0.122578 -0.202045 -0.178532 0.198761 -0.355069 0.244680 -0.077218 -0.095420 0.033108 -0.223220 -0.087367 0.106540 -0.018724 0.088479 0.210016 0.694931 0.620471 0.146848 0.282277 0.060047 0.298354 0.394992 0.639459 -0.391287 -0.320577 -0.100968 -0.564188 0.053599 -0.253705 -0.217444 -0.127108 0.240555 -0.088351 0.099575 -0.131555 -0.098324 -0.171537 0.181882 0.179744 0.363292 0.473585 0.266318 0.011978 0.328291 0.089832 0.279249 0.157623 -0.198374 -0.251137 -0.456726 -0.479430 -0.582690 -0.590947 -0.159587 -0.154649 0.104913 -0.090732 0.271622 0.068167 -0.287433 -0.353894 -0.227516 -0.290333 -0.368557 -0.305487 -0.018027 -0.248212 -0.189152 0.075541 0.034483 -0.076379 -0.146152 -0.179714 -0.064029 -0.166006
0.754128 1.000000 -0.270537 -0.253204 -0.258892 -0.355511 -0.120800 -0.182295 -0.072431 -0.163024 0.249157 0.317641 -0.057882 0.158341 -0.093681 -0.009942 0.488468 0.541217 -0.006817 0.089453 -0.096623 -0.197017 -0.245121 -0.438990 -0.298260 -0.306088 -0.080277 -0.181415 0.090083 0.231472 0.015651 -0.363121 0.476635 0.092618 0.032633 -0.200517 -0.220768 -0.239969 -0.133012 -0.315201 -0.075284 -0.095471 -0.191745 -0.091684 0.215862 -0.256254 0.386709 0.059329 -0.043374 0.133880 -0.185337 -0.007524 0.036964 0.112236 -0.000926 0.408705 0.701508 0.735674 0.068316 0.315088 -0.086681 0.363536 0.198224 0.588375 -0.478710 -0.436454 -0.287158 -0.582619 0.210781 -0.089855 -0.120503 -0.171954 0.137062 -0.101455 0.004942 -0.264497 -0.253334 -0.267554 0.242904 0.292638 0.526812 0.585362 0.148923 -0.011253 0.284049 0.120808 0.285576 0.235989 -0.186138 -0.028092 -0.357094 -0.412921 -0.460954 -0.479302 -0.253440 -0.225204 0.147728 0.069851 0.428300 -0.031075 -0.215114 -0.252228 -0.206982 -0.302997 -0.442515 -0.389936 0.032213 -0.280476 -0.211641 0.066721 0.066764 0.077440 -0.159661 -0.334451 -0.214981 -0.321400
-0.166244 -0.270537 1.000000 0.334185 0.494493 -0.081511 0.557675 0.216999 0.442950 0.282106 0.251169 0.164611 0.398301 0.045934 0.499427 0.173400 -0.184236 -0.170793 0.342718 -0.272266 0.469020 0.017727 0.639976 0.348078 0.284401 0.391052 0.235822 0.313901 0.180609 -0.112616 0.482388 0.383906 -0.020260 -0.113847 0.070751 0.133668 0.043231 -0.128033 0.064635 -0.138371 0.238592 -0.008773 -0.129807 -0.116939 -0.363924 -0.193412 -0.335600 -0.365820 -0.115532 -0.310085 0.075182 -0.091059 -0.011464 -0.243300 0.197728 -0.227578 -0.316538 -0.336858 -0.172989 -0.315986 0.200474 -0.197892 -0.329064 -0.313988 0.440033 0.328407 -0.258407 -0.150773 -0.470902 -0.458399 0.104202 0.346574 0.150720 0.191131 0.301786 0.131865 0.168539 0.165057 -0.131395 -0.047175 -0.333062 -0.322312 0.347133 -0.290255 0.122935 -0.213068 0.160540 0.070580 0.198113 -0.168570 -0.270378 -0.231838 -0.117032 -0.134787 0.174053 -0.017215 -0.147114 -0.255337 -0.408637 -0.225734 -0.083609 -0.308635 -0.229187 -0.190188 -0.094215 0.006141 -0.033135 0.080939 0.007457 -0.090073 -0.169622 -0.311287 -0.104774 -0.043981 -0.012069 -0.005738
-0.264849 -0.253204 0.334185 1.000000 -0.083466 0.290322 0.084728 0.604575 -0.118710 0.400500 -0.110247 0.050673 -0.063258 0.018222 -0.041283 0.290743 -0.116249 -0.094816 0.221680 -0.040053 0.200215 0.231695 0.229500 0.466672 0.178009 0.535529 0.179045 0.269573 -0.092982 -0.166894 0.228547 0.556138 0.044050 0.335104 -0.161514 0.118473 0.115540 -0.035397 0.038673 0.078060 0.166849 0.159100 -0.032269 -0.028101 -0.126329 0.068252 -0.146018 -0.211495 -0.329243 -0.112709 -0.134421 -0.056771 -0.165794 -0.100234 -0.081150 -0.306054 -0.164790 -0.350711 -0.443592 -0.326011 -0.145030 -0.168953 -0.183353 -0.227871 0.281501 0.466383 -0.267108 0.051039 -0.252097 -0.185407 0.022013 0.213435 -0.109872 0.114594 0.069298 0.146215 0.165301 0.251150 -0.037541 -0.104713 -0.145663 -0.260425 -0.059337 0.013681 0.004149 -0.140858 -0.097587 -0.042824 0.128628 0.019041 -0.031802 -0.097708 0.199445 -0.049171 0.288154 -0.038847 -0.142374 -0.223743 -0.261397 -0.246849 0.182827 -0.187083 -0.055439 -0.084663 -0.120527 -0.166063 -0.100747 0.100250 0.052024 -0.111511 -0.178049 -0.331375 -0.137119 -0.029113 -0.111513 -0.092972
-0.169130 -0.258892 0.494493 -0.083466 1.000000 0.020767 0.430045 0.066171 0.569412 0.354909 0.286493 0.162670 0.402429 0.179583 0.564182 -0.038314 -0.129803 -0.113692 0.074284 -0.046655 0.346928 -0.018823 0.335119 0.176539 0.049444 0.058900 0.384066 0.296181 0.316493 -0.166665 0.167093 0.020610 -0.326951 -0.426483 -0.070235 -0.016623 0.097088 -0.087786 0.002561 -0.078242 0.248657 -0.003472 -0.269324 -0.212855 -0.288764 -0.116025 -0.372495 -0.301114 -0.064588 -0.277280 -0.089108 -0.240974 -0.116580 -0.325212 0.259808 -0.276263 -0.357885 -0.274987 0.048207 -0.253422 0.256403 -0.076187 -0.252150 -0.197940 0.325691 0.204719 -0.084099 0.014837 -0.269505 -0.091155 0.053224 0.152453 0.212999 0.015083 0.064294 -0.005688 -0.018591 -0.061855 -0.183767 -0.125976 -0.308205 -0.292207 0.433854 -0.181624 0.198396 -0.094470 0.141359 0.195443 0.333201 -0.018086 -0.017502 -0.017000 -0.103060 0.053377 0.155899 0.011216 -0.268823 -0.073252 -0.273479 -0.085960 -0.000336 -0.066823 0.017057 0.113642 0.071924 0.126816 0.070994 0.096027 0.030836 -0.025084 -0.047609 0.017718 -0.019482 0.079848 0.034460 0.046179
-0.426202 -0.355511 -0.081511 0.290322 0.020767 1.000000 -0.176434 0.123303 -0.020892 0.270709 -0.180942 -0.271176 -0.121762 -0.071141 -0.343397 0.097166 -0.149387 -0.275762 0.033661 0.129268 -0.178557 0.354290 -0.087782 0.294594 0.126175 0.248536 0.213859 0.254354 -0.353785 -0.051211 -0.240916 0.124504 -0.390849 0.017637 -0.147810 0.213702 -0.089741 0.052630 0.042667 0.340294 -0.266464 0.165611 -0.031280 -0.013219 -0.012850 0.337540 -0.260895 0.026685 0.009280 0.048521 -0.014879 -0.083547 -0.217635 -0.095335 -0.277592 -0.295252 -0.222262 -0.362703 -0.132702 -0.096882 -0.045804 -0.163225 -0.022783 -0.266087 0.209838 0.239525 0.252721 0.560990 0.110627 0.340954 -0.000368 -0.078046 -0.412827 -0.084253 -0.287926 -0.099429 -0.173944 0.026482 -0.199305 -0.289447 -0.273960 -0.195492 -0.317294 0.345898 -0.233004 0.044611 -0.256748 -0.033782 0.192506 0.349461 0.363384 0.406592 0.381304 0.338496 0.139577 -0.038792 -0.207768 -0.121704 -0.209064 -0.126783 0.167780 0.123288 0.137819 0.271101 0.143260 0.064425 0.088886 0.129625 0.142891 -0.092854 0.055824 0.014468 -0.098374 0.088845 0.012923 0.090990
0.052389 -0.120800 0.557675 0.084728 0.430045 -0.176434 1.000000 0.484462 0.455465 0.338044 0.366625 0.396085 0.554227 0.474409 0.436526 0.425665 -0.012351 -0.018231 0.102709 -0.141736 0.536515 -0.239950 0.146813 -0.030008 0.191529 0.011154 0.197492 -0.095669 0.404088 0.275439 0.381157 0.215416 -0.014131 -0.069541 0.010758 -0.014408 0.083989 0.026011 -0.131096 -0.234546 0.349226 -0.015211 -0.170473 -0.285099 -0.233652 -0.164465 -0.398685 -0.418897 -0.257732 -0.227788 -0.231543 -0.360374 -0.058301 -0.289130 0.114965 -0.258792 -0.307417 -0.342079 -0.148297 -0.386029 0.307952 0.171248 -0.150844 -0.152721 0.147649 0.184733 -0.327601 -0.253613 -0.524052 -0.461050 0.242906 0.371428 0.536399 0.369536 0.406470 0.339392 0.352686 0.254815 -0.229931 -0.077015 -0.430654 -0.345609 0.321418 -0.137637 0.041215 -0.220172 0.086069 -0.044181 0.001660 -0.232675 -0.288593 -0.276466 -0.128720 -0.231972 -0.008494 -0.212559 -0.419344 -0.292436 -0.309418 -0.298348 0.010820 -0.211665 -0.017896 -0.159551 0.081878 -0.086560 0.012222 -0.041888 0.057351 -0.103601 -0.219502 -0.192137 -0.016665 -0.019088 -0.062609 0.083284
-0.113120 -0.182295 0.216999 0.604575 0.066171 0.123303 0.484462 1.000000 -0.002003 0.490923 0.183535 0.405038 0.258627 0.522662 0.025681 0.407883 0.042687 -0.109266 -0.068391 -0.032511 0.224609 -0.052667 -0.166618 0.016425 0.041661 0.091848 0.176831 -0.122054 0.144687 0.090942 0.130392 0.324585 0.086628 0.244244 -0.143953 -0.028019 0.106692 0.126978 -0.279126 -0.121730 0.233836 0.038435 -0.082586 -0.179968 -0.158702 -0.052094 -0.264645 -0.270919 -0.351253 -0.131813 -0.294967 -0.119634 -0.007280 -0.094713 -0.040396 -0.261739 -0.274147 -0.459918 -0.307425 -0.353528 0.083727 0.197508 -0.093075 -0.086868 0.065396 0.426270 -0.238486 -0.063805 -0.370440 -0.234230 0.127373 0.286533 0.224988 0.314233 0.139876 0.252868 0.402299 0.423277 -0.193163 -0.065987 -0.321115 -0.388110 0.013156 -0.040078 -0.071948 -0.183961 -0.159339 -0.164883 -0.124236 -0.105802 -0.072696 -0.152689 0.075748 -0.141272 0.114725 -0.090573 -0.375223 -0.197534 -0.260055 -0.172104 0.252863 -0.080602 0.020039 -0.059512 0.040409 -0.143621 0.168958 0.020093 0.132263 -0.012047 -0.265586 -0.260743 -0.105399 0.024343 -0.074132 0.074436
-0.187939 -0.072431 0.442950 -0.118710 0.569412 -0.020892 0.455465 -0.002003 1.000000 0.602343 0.360406 0.207823 0.359759 0.296486 0.509860 0.160658 -0.203849 -0.108324 -0.138163 -0.355998 0.274103 -0.158298 0.368474 0.059884 0.097819 0.038320 0.200762 0.240579 0.152407 0.055410 0.135020 -0.031360 -0.371667 -0.317717 -0.069668 0.088572 0.038746 -0.066377 0.040757 -0.076021 0.208470 -0.035773 -0.177800 -0.164205 -0.251856 0.006531 -0.360407 -0.259976 0.015210 -0.170929 -0.040187 -0.191286 -0.146869 -0.333226 0.132888 -0.227661 -0.310608 -0.311510 0.028946 -0.293391 0.337252 0.157926 -0.368712 -0.257029 0.228216 0.241119 -0.259472 -0.029203 -0.334115 -0.200546 0.214227 0.221762 0.164935 0.060207 0.125530 0.070225 -0.033172 -0.029447 -0.171227 -0.174482 -0.310344 -0.272765 0.285774 -0.262930 -0.027951 -0.179705 0.135839 0.117222 0.278370 0.013834 0.044908 0.047111 0.103614 0.130025 0.089256 -0.234445 -0.283913 -0.174923 -0.079737 -0.328538 0.111667 -0.153440 0.067363 0.014303 -0.000426 0.038252 -0.085056 -0.013902 -0.036395 0.002905 0.085193 0.083006 0.148010 -0.175239 -0.113985 -0.044477
-0.273513 -0.163024 0.282106 0.400500 0.354909 0.270709 0.338044 0.490923 0.602343 1.000000 0.234572 0.265638 0.238618 0.442160 0.142775 0.431241 -0.127292 -0.145514 -0.215063 -0.296278 0.203550 -0.025427 0.069209 0.065033 0.018347 0.142540 0.148802 0.112310 0.096110 0.092885 0.019507 0.170900 -0.289479 -0.047215 -0.234503 0.094284 0.053609 0.074366 -0.039963 0.056408 0.183236 0.044173 -0.168453 -0.212712 -0.193852 0.176964 -0.452815 -0.359951 -0.248441 -0.127901 -0.216165 -0.256426 -0.295861 -0.314376 -0.039929 -0.349788 -0.242628 -0.449289 -0.179746 -0.441120 0.340781 0.284674 -0.282010 -0.222659 0.317284 0.549870 -0.254842 0.104820 -0.272958 -0.107633 0.049699 0.177302 0.072463 0.135412 0.070293 0.152748 0.091591 0.071560 -0.177090 -0.161041 -0.260188 -0.282267 0.034965 -0.007937 -0.096445 -0.182093 -0.117856 0.018927 0.278380 0.148501 0.033471 -0.014582 0.199353 0.110339 0.140164 -0.081839 -0.382351 -0.134356 -0.246990 -0.307328 0.317501 -0.145881 0.080994 0.052834 -0.053836 -0.055091 0.017026 0.137269 0.102705 0.037284 -0.104967 -0.043160 0.025958 -0.040443 -0.082715 0.052722
0.266116 0.249157 0.251169 -0.110247 0.286493 -0.180942 0.366625 0.183535 0.360406 0.234572 1.000000 0.574030 0.734486 0.474483 0.489104 0.257521 0.414649 0.209366 -0.056383 -0.194302 0.302658 -0.138182 0.208279 -0.105941 0.077518 0.058744 0.116355 0.092174 0.475150 0.181864 0.389760 0.059451 0.005050 -0.285234 0.026693 -0.235035 -0.052554 0.004360 -0.043017 -0.245998 0.187479 -0.138685 -0.363292 -0.367423 -0.250883 -0.256206 -0.154540 -0.402270 -0.110823 -0.199849 -0.149502 -0.011957 0.000922 -0.267058 0.222753 -0.049035 0.068731 -0.013443 -0.139580 -0.054228 0.163697 0.204465 -0.059173 0.042720 -0.037010 0.012275 -0.464808 -0.402835 -0.316312 -0.341563 0.126366 0.272678 0.391675 0.127590 0.218864 0.008750 -0.010392 -0.140224 -0.056280 0.079064 -0.050782 -0.040121 0.575532 -0.095949 0.510741 0.077681 0.557080 0.344482 0.081473 -0.185040 -0.447628 -0.386845 -0.431502 -0.378247 0.074484 -0.132567 -0.147919 0.019955 -0.051501 -0.232954 -0.116278 -0.391598 -0.237229 -0.242365 -0.149565 -0.062199 0.150520 0.088290 -0.092132 0.011155 -0.051820 0.004406 -0.114623 -0.094249 -0.028882 0.021097
0.256247 0.317641 0.164611 0.050673 0.162670 -0.271176 0.396085 0.405038 0.207823 0.265638 0.574030 1.000000 0.570692 0.775654 0.379529 0.361941 0.267719 0.366588 -0.102026 -0.112769 0.377041 -0.128281 0.086847 -0.068076 0.092749 0.033708 0.200640 -0.083189 0.566255 0.303515 0.448944 0.233783 0.112111 -0.069195 -0.105844 -0.233801 -0.024255 0.006803 -0.263168 -0.250660 0.148299 -0.138776 -0.364064 -0.400961 -0.122285 -0.298895 -0.156770 -0.407213 -0.140325 -0.099595 -0.248360 -0.041729 0.040953 -0.086419 0.026481 0.112539 0.041114 -0.015748 -0.118130 -0.032783 -0.002437 0.344489 -0.075385 0.122305 -0.207266 -0.045250 -0.439427 -0.505212 -0.297556 -0.358512 0.237332 0.438939 0.568026 0.385761 0.450662 0.243092 0.172362 0.054028 0.013172 0.142465 0.025473 -0.126596 0.388402 -0.197389 0.245062 -0.190025 0.300178 0.238820 -0.081529 -0.117843 -0.477351 -0.506648 -0.419499 -0.419185 -0.056218 0.010636 -0.276780 0.016963 -0.111949 -0.140851 -0.071779 -0.289670 -0.180182 -0.345293 -0.172737 -0.155944 0.181023 0.104249 0.057201 0.144310 -0.275020 -0.218151 -0.182397 -0.023370 0.046611 0.138522
0.054389 -0.057882 0.398301 -0.063258 0.402429 -0.121762 0.554227 0.258627 0.359759 0.238618 0.734486 0.570692 1.000000 0.600964 0.604248 0.345038 0.246167 0.112279 -0.029989 -0.213843 0.400993 -0.084144 0.277533 0.009510 0.228779 0.161947 0.053484 0.171322 0.555038 0.300170 0.459416 0.201095 -0.149175 -0.344806 -0.057212 -0.102918 0.079569 0.074108 -0.076890 -0.152153 0.230662 -0.043216 -0.253010 -0.319821 -0.145180 -0.078235 -0.305064 -0.457772 -0.018238 -0.160714 -0.155211 -0.078419 -0.097421 -0.347453 0.186644 -0.135114 -0.191487 -0.280314 -0.142845 -0.227897 0.144766 0.167943 -0.109347 -0.157785 0.056959 0.058913 -0.354274 -0.321418 -0.505652 -0.408276 0.282304 0.465599 0.510548 0.374741 0.458183 0.268517 0.228317 0.050697 -0.176529 0.052315 -0.260039 -0.266481 0.510023 -0.144767 0.392174 -0.039521 0.432668 0.164322 0.096457 -0.259183 -0.464888 -0.392653 -0.406303 -0.334134 0.056252 0.015234 -0.246255 -0.019906 -0.256978 -0.136263 -0.196978 -0.290408 -0.247157 -0.319231 0.005332 0.063005 0.264583 0.268273 0.119768 0.046890 -0.184297 0.016850 0.018321 0.076126 0.120117 0.287440
0.088716 0.158341 0.045934 0.018222 0.179583 -0.071141 0.474409 0.522662 0.296486 0.442160 0.474483 0.775654 0.600964 1.000000 0.295959 0.523925 0.230588 0.111489 -0.221363 -0.072959 0.169658 -0.142838 -0.169445 -0.244788 -0.039818 -0.126399 0.133590 -0.112057 0.444332 0.397707 0.157337 0.076950 -0.035114 -0.033369 -0.211384 -0.095907 0.071397 0.088967 -0.143569 -0.069222 0.229311 0.025219 -0.269167 -0.395948 -0.016962 -0.011760 -0.253747 -0.360399 -0.087042 -0.022669 -0.338987 -0.133498 0.017164 -0.170236 0.073460 -0.073935 -0.159397 -0.225254 0.000242 -0.122795 0.113417 0.489872 -0.075765 0.089768 -0.190498 0.061662 -0.286124 -0.258624 -0.262998 -0.164598 0.189138 0.328861 0.489812 0.320240 0.294286 0.237242 0.208446 0.148300 -0.163692 0.023464 -0.158716 -0.251550 0.294261 -0.006393 0.095997 -0.275003 0.190638 0.083741 0.000041 -0.058575 -0.251249 -0.279091 -0.212595 -0.280355 -0.094558 -0.093886 -0.372403 -0.078763 -0.060039 -0.175467 0.087280 -0.139975 0.008092 -0.219250 -0.068316 -0.126968 0.277556 0.114860 0.140902 0.036614 -0.278462 -0.106408 -0.112067 -0.060525 -0.080927 0.146554
-0.022270 -0.093681 0.499427 -0.041283 0.564182 -0.343397 0.436526 0.025681 0.509860 0.142775 0.489104 0.379529 0.604248 0.295959 1.000000 0.063025 0.026051 0.008908 -0.036991 -0.282777 0.493734 -0.167547 0.558957 0.173325 0.367494 0.282988 0.222525 0.338563 0.639902 -0.100219 0.537035 0.215635 -0.148642 -0.369326 -0.103519 -0.254923 0.306277 -0.071068 0.119984 -0.172447 0.489933 -0.130035 -0.154693 -0.184255 -0.271170 -0.207364 -0.114690 -0.403220 0.036766 -0.130403 0.029122 0.069389 0.222210 -0.204314 0.445123 -0.248569 -0.295549 -0.176056 -0.118027 -0.133031 0.001909 -0.057277 -0.362691 -0.181355 0.032535 -0.028064 -0.400050 -0.323387 -0.394752 -0.314369 0.289212 0.389410 0.507836 0.137284 0.350024 0.100354 0.045531 -0.082213 -0.038729 0.019831 -0.140716 -0.283975 0.755537 -0.333969 0.460976 -0.160008 0.510471 0.289996 0.165194 -0.386514 -0.187835 -0.314726 -0.234994 -0.253955 0.229432 -0.104938 -0.068011 -0.088592 -0.028222 -0.281334 -0.117630 -0.239949 -0.068805 -0.186183 0.035018 -0.057292 -0.017156 0.143080 -0.066219 -0.176387 -0.215361 -0.030558 0.094509 -0.072674 -0.068594 -0.016651
-0.055947 -0.009942 0.173400 0.290743 -0.038314 0.097166 0.425665 0.407883 0.160658 0.431241 0.257521 0.361941 0.345038 0.523925 0.063025 1.000000 0.203513 0.065951 0.193852 -0.001567 0.222308 0.207110 0.019042 0.018303 0.104628 0.061319 -0.039067 0.049544 0.267921 0.565036 0.222162 0.336369 0.079266 0.297336 -0.309784 -0.064712 0.101694 0.212630 0.032066 0.090729 0.240751 0.307009 -0.136476 -0.275183 -0.188375 -0.096590 -0.342046 -0.439675 -0.306519 -0.139205 -0.275388 -0.287810 -0.120574 -0.185551 -0.034526 -0.221415 -0.115554 -0.324479 -0.256858 -0.344199 0.092799 0.187620 0.067162 0.003688 0.096214 0.158605 -0.351360 -0.202045 -0.140788 -0.199231 0.166443 0.273788 0.336810 0.357336 0.254733 0.450622 0.235246 0.228677 -0.052995 0.089053 -0.069908 -0.088459 0.100589 0.407014 -0.023100 -0.131629 0.086349 0.029872 0.179899 0.032278 -0.241360 -0.272828 -0.052089 -0.212976 0.039323 -0.114095 -0.444844 -0.283092 -0.260428 -0.298435 0.045756 -0.220740 -0.126931 -0.238172 -0.139116 -0.256433 -0.098586 0.139539 0.086338 -0.190101 -0.386872 -0.167628 -0.059908 -0.102613 -0.222979 -0.014061
0.523852 0.488468 -0.184236 -0.116249 -0.129803 -0.149387 -0.012351 0.042687 -0.203849 -0.127292 0.414649 0.267719 0.246167 0.230588 0.026051 0.203513 1.000000 0.594110 0.008805 0.218154 0.052662 -0.009677 -0.256703 -0.283453 -0.083907 -0.192376 -0.040804 -0.088753 0.387058 0.320492 0.029798 -0.130060 0.348720 0.182044 -0.149030 -0.307662 -0.023783 -0.064120 -0.042397 -0.233134 0.090410 0.019213 -0.242763 -0.258871 0.183389 -0.150423 0.054121 -0.227057 -0.150398 0.120666 -0.214523 -0.088341 -0.034209 -0.114683 0.036821 0.071305 0.570286 0.425194 -0.131651 0.054127 -0.096129 0.168792 0.492348 0.585409 -0.269287 -0.298596 -0.209927 -0.413886 0.217700 -0.004525 -0.073235 0.020796 0.310268 0.039408 0.088059 -0.175524 -0.145410 -0.218418 0.357839 0.362817 0.511005 0.519397 0.170689 0.154128 0.393078 0.112034 0.292760 0.137154 -0.104354 -0.194931 -0.405078 -0.508109 -0.466529 -0.579830 -0.080454 -0.162306 -0.097720 -0.018799 0.074713 -0.028237 -0.357265 -0.364759 -0.247413 -0.274095 -0.325560 -0.387115 0.001269 -0.029129 -0.153621 -0.052830 -0.123106 -0.031916 -0.155942 -0.052402 -0.204239 -0.059153
0.535251 0.541217 -0.170793 -0.094816 -0.113692 -0.275762 -0.018231 -0.109266 -0.108324 -0.145514 0.209366 0.366588 0.112279 0.111489 0.008908 0.065951 0.594110 1.000000 0.081393 0.141472 0.201724 0.072589 -0.046569 -0.145987 -0.001350 -0.053389 -0.019248 -0.135285 0.347189 0.393036 0.275542 0.007680 0.428638 0.139803 -0.027986 -0.225507 -0.047055 -0.208109 -0.092368 -0.263452 0.002755 -0.102571 -0.206424 -0.236086 0.137901 -0.289517 0.070255 -0.243484 -0.142774 0.021329 -0.184209 -0.184205 -0.164908 0.003766 -0.084755 0.325298 0.660424 0.547971 -0.171812 0.048994 -0.187149 0.051356 0.400691 0.523688 -0.308491 -0.367775 -0.283595 -0.606799 0.104559 -0.193521 0.002660 0.153582 0.409163 0.181727 0.319684 0.034199 -0.128861 -0.223387 0.357661 0.425095 0.545196 0.594441 0.082540 -0.067372 0.265251 0.122255 0.192492 0.227428 -0.145998 -0.035704 -0.563215 -0.585654 -0.547273 -0.511458 -0.124944 -0.136488 -0.060722 0.006393 0.103074 -0.019509 -0.445403 -0.331498 -0.369907 -0.445809 -0.424324 -0.313554 -0.217451 -0.090550 -0.271121 0.088465 -0.121170 -0.090936 -0.198254 -0.061894 0.000204 -0.117939
0.158013 -0.006817 0.342718 0.221680 0.074284 0.033661 0.102709 -0.068391 -0.138163 -0.215063 -0.056383 -0.102026 -0.029989 -0.221363 -0.036991 0.193852 0.008805 0.081393 1.000000 0.382669 0.054826 0.126389 0.287018 0.299441 -0.023896 0.194578 0.000842 0.195204 -0.047331 0.061471 0.225171 0.164160 0.175921 0.146534 0.035664 0.052423 -0.178103 -0.063653 -0.013791 -0.118758 -0.049070 0.171774 -0.127505 -0.110100 -0.213753 -0.343777 -0.084860 -0.130891 -0.166123 -0.302477 -0.001732 -0.217341 -0.011722 -0.055233 -0.001503 -0.156145 0.028054 0.011479 -0.090827 -0.124174 -0.023710 -0.335210 0.164922 0.043531 0.264389 0.032548 -0.040071 -0.131297 -0.003409 -0.193982 -0.073106 0.053705 -0.057150 0.151043 0.115502 0.100313 0.082346 0.076121 0.080203 0.141051 0.006761 0.079833 0.137110 0.182252 0.057271 0.035031 0.087955 -0.097588 0.226684 -0.042474 -0.209860 -0.111685 -0.170585 -0.101858 0.089871 -0.174373 -0.064544 -0.336685 -0.161878 -0.038864 -0.206727 -0.123544 -0.279396 -0.240425 -0.239737 -0.134814 -0.185453 -0.091573 -0.152814 -0.156293 -0.042452 -0.199752 -0.117384 -0.034452 -0.059479 -0.105699
0.166892 0.089453 -0.272266 -0.040053 -0.046655 0.129268 -0.141736 -0.032511 -0.355998 -0.296278 -0.194302 -0.112769 -0.213843 -0.072959 -0.282777 -0.001567 0.218154 0.141472 0.382669 1.000000 -0.241950 0.094575 -0.307156 0.169567 -0.232587 -0.163513 0.105939 -0.086784 -0.105520 -0.046655 -0.247760 -0.025884 0.001527 0.255435 -0.130560 -0.002261 -0.084024 -0.081091 -0.176605 -0.068010 -0.164918 0.189669 -0.106948 -0.098911 0.084189 -0.096315 -0.007723 0.110547 -0.164460 -0.032917 -0.334573 -0.169252 -0.020130 0.048846 -0.297237 -0.157700 0.147251 0.136449 -0.009490 0.002724 -0.242950 -0.238482 0.300920 0.207287 -0.144814 -0.320319 0.098439 0.074519 0.410776 0.330957 -0.204438 -0.098578 -0.162994 -0.011103 -0.281977 -0.081558 -0.019113 0.143497 0.076372 -0.066598 0.083034 0.157813 -0.117483 0.363313 -0.170696 -0.112788 -0.216957 -0.177674 -0.099934 -0.221722 0.237748 0.253641 0.097920 0.101175 -0.015746 0.121167 0.109672 0.017984 0.064576 0.285551 0.010682 0.048404 0.068334 0.278681 0.140067 0.098200 0.110079 -0.003662 0.141259 0.071456 0.179346 0.159185 0.010139 0.278492 0.147000 0.174819
0.005191 -0.096623 0.469020 0.200215 0.346928 -0.178557 0.536515 0.224609 0.274103 0.203550 0.302658 0.377041 0.400993 0.169658 0.493734 0.222308 0.052662 0.201724 0.054826 -0.241950 1.000000 0.037605 0.422277 0.207033 0.432715 0.333870 0.250921 0.113530 0.442924 0.101259 0.618934 0.433519 -0.001090 -0.148835 -0.013713 -0.121006 0.099925 -0.093800 -0.033310 -0.153571 0.248833 0.041381 -0.217278 -0.244000 -0.242198 -0.203286 -0.237999 -0.445903 -0.184402 -0.220130 -0.138065 -0.231163 -0.056485 -0.177644 0.126043 -0.164309 -0.097998 -0.196522 -0.295265 -0.241547 -0.009047 -0.081082 -0.154841 -0.170452 0.075288 0.106613 -0.391715 -0.298714 -0.373826 -0.432587 0.370753 0.489865 0.530396 0.343055 0.451434 0.328467 0.156151 0.083165 0.090688 0.016445 -0.145273 -0.169708 0.310675 -0.276145 0.150225 -0.088163 0.202344 0.334636 0.000980 -0.108400 -0.307975 -0.416074 -0.237962 -0.336772 0.095094 -0.067274 -0.161149 -0.065939 -0.214820 -0.186317 -0.160086 -0.385395 -0.065477 -0.136720 -0.013476 -0.087730 -0.029875 0.133871 0.087298 -0.091565 -0.223872 -0.057240 0.070805 0.021188 -0.017956 0.043551
-0.249810 -0.197017 0.017727 0.231695 -0.018823 0.354290 -0.239950 -0.052667 -0.158298 -0.025427 -0.138182 -0.128281 -0.084144 -0.142838 -0.167547 0.207110 -0.009677 0.072589 0.126389 0.094575 0.037605 1.000000 0.068929 0.307239 0.069910 0.264051 0.185897 0.424128 -0.002704 0.120026 0.068357 0.312117 -0.097915 0.266826 -0.395103 -0.061716 0.163878 0.108430 0.140331 0.305204 0.115048 0.565307 0.030366 0.002407 -0.023499 0.063606 -0.056887 -0.123920 0.056907 0.031669 0.043473 -0.020288 -0.050134 -0.043059 -0.060444 0.109610 -0.055205 -0.187977 -0.078381 -0.026641 -0.219718 -0.289939 0.096001 -0.031117 0.097041 -0.002511 0.026909 0.089490 0.128145 0.123403 0.010192 0.159047 -0.090490 0.053844 -0.032576 0.175322 -0.214252 -0.051235 0.034020 0.001322 0.122180 0.119671 -0.112642 0.303325 -0.052735 0.003610 -0.023150 0.182750 0.181373 0.283609 0.001159 -0.030490 -0.016500 0.086507 0.272213 0.287273 -0.096291 0.118791 -0.258045 0.063742 -0.091368 -0.140673 -0.156064 0.016690 -0.189736 -0.167657 0.009697 0.370942 0.256841 -0.024673 -0.253695 0.004478 -0.072980 0.022773 -0.030184 0.005483
-0.298570 -0.245121 0.639976 0.229500 0.335119 -0.087782 0.146813 -0.166618 0.368474 0.069209 0.208279 0.086847 0.277533 -0.169445 0.558957 0.019042 -0.256703 -0.046569 0.287018 -0.307156 0.422277 0.068929 1.000000 0.607154 0.476575 0.615611 0.151141 0.515686 0.087687 -0.269865 0.641053 0.443141 -0.146946 -0.249689 0.215109 0.147191 0.016323 -0.162707 0.108028 -0.025233 0.071992 -0.131596 -0.158335 -0.072764 -0.415876 -0.190602 -0.209724 -0.259011 -0.008615 -0.336784 0.216051 0.039819 -0.087436 -0.107113 0.163060 -0.124377 -0.266877 -0.199046 -0.290130 -0.217583 -0.137514 -0.412328 -0.373667 -0.408370 0.375291 0.099105 -0.331698 -0.139069 -0.397095 -0.384440 0.248023 0.321504 0.048952 0.117303 0.286891 0.090455 0.027189 -0.014838 -0.060361 -0.047673 -0.181797 -0.253044 0.345264 -0.348639 0.236654 -0.066203 0.366909 0.217001 0.268704 -0.070656 -0.146564 -0.102149 0.012957 0.057180 0.176751 0.030198 0.000928 -0.096975 -0.161386 -0.207448 -0.087632 -0.154784 -0.186034 -0.126438 0.005430 0.121991 -0.194888 0.095459 -0.039934 -0.010628 0.013296 -0.109455 0.067529 -0.022419 0.084255 -0.004255
-0.470952 -0.438990 0.348078 0.466672 0.176539 0.294594 -0.030008 0.016425 0.059884 0.065033 -0.105941 -0.068076 0.009510 -0.244788 0.173325 0.018303 -0.283453 -0.145987 0.299441 0.169567 0.207033 0.307239 0.607154 1.000000 0.524159 0.760714 0.278491 0.466552 -0.054997 -0.330488 0.388425 0.689229 -0.409151 -0.049616 -0.070396 0.098257 0.064546 -0.127217 0.026812 0.127029 0.029537 0.076641 -0.065024 -0.061189 -0.335756 -0.040091 -0.210889 -0.191206 -0.110058 -0.314536 0.050294 -0.041941 -0.182931 -0.096597 -0.211131 -0.289347 -0.351283 -0.357326 -0.476777 -0.322666 -0.356992 -0.614311 -0.285066 -0.481568 0.335742 0.080126 -0.185696 0.189058 -0.147435 -0.044125 0.113995 0.281857 -0.166040 0.100028 0.043376 0.091408 0.040766 0.144989 0.027009 -0.104151 -0.169277 -0.291585 0.084142 0.035624 0.048518 -0.024765 0.059807 0.037606 0.213272 -0.048734 0.158082 0.160344 0.314763 0.300510 0.291177 0.152296 -0.021520 -0.022848 -0.227143 -0.203034 0.084870 0.047374 0.026517 0.161079 0.125900 0.126511 -0.051053 0.196433 0.173308 0.058640 0.065852 -0.027461 0.012592 0.151436 0.072597 0.127712
-0.235466 -0.298260 0.284401 0.178009 0.049444 0.126175 0.191529 0.041661 0.097819 0.018347 0.077518 0.092749 0.228779 -0.039818 0.367494 0.104628 -0.083907 -0.001350 -0.023896 -0.232587 0.432715 0.069910 0.476575 0.524159 1.000000 0.672397 0.173100 0.146531 0.222746 -0.141224 0.629057 0.629075 -0.171389 -0.203056 0.007267 -0.058498 0.127517 -0.115821 -0.019729 0.043897 0.034420 -0.213074 -0.012469 -0.073492 -0.197847 0.030962 -0.217003 -0.316699 -0.062633 -0.188521 0.038278 -0.079247 -0.050742 -0.110904 -0.088289 -0.195507 -0.184840 -0.173009 -0.472042 -0.192398 -0.262108 -0.324874 -0.204764 -0.254347 0.105767 -0.036788 -0.265258 -0.001536 -0.228209 -0.171565 0.317211 0.443123 0.225501 0.092262 0.187600 0.243360 0.020377 0.082504 0.077202 -0.055005 -0.049248 -0.193729 0.140542 -0.185757 0.174220 0.016030 0.189568 0.154193 -0.070161 -0.118528 -0.072209 -0.149877 0.048513 -0.072148 0.133636 0.014774 -0.025923 0.017062 -0.080043 -0.258503 0.004676 -0.084121 0.057531 -0.105269 0.190676 -0.065880 -0.030755 0.177219 0.207226 0.032750 -0.054621 -0.024797 -0.020735 0.067360 0.047278 0.086442
-0.312430 -0.306088 0.391052 0.535529 0.058900 0.248536 0.011154 0.091848 0.038320 0.142540 0.058744 0.033708 0.161947 -0.126399 0.282988 0.061319 -0.192376 -0.053389 0.194578 -0.163513 0.333870 0.264051 0.615611 0.760714 0.672397 1.000000 0.172739 0.422273 0.079047 -0.230663 0.644289 0.768679 -0.165320 -0.034147 0.062100 0.050397 0.193982 -0.159540 0.204027 0.109087 0.177318 -0.061626 0.020190 -0.033590 -0.315511 -0.017158 -0.100653 -0.259584 -0.150170 -0.303820 0.059511 -0.004575 -0.116628 -0.090783 -0.101845 -0.228073 -0.218605 -0.261894 -0.504663 -0.261033 -0.288588 -0.430962 -0.350653 -0.419099 0.235112 0.117102 -0.314716 -0.028843 -0.248792 -0.217041 0.167459 0.391060 0.006942 0.139329 0.197911 0.185508 0.056184 0.159915 0.022402 0.011074 -0.064747 -0.217448 0.203980 -0.053966 0.202328 -0.051832 0.246994 0.106923 0.104504 -0.095801 -0.133171 -0.124036 0.093155 -0.002798 0.319834 0.066338 0.090915 -0.041861 -0.219160 -0.331778 0.008639 -0.146544 -0.118767 -0.108146 0.003760 0.001811 0.017534 0.229978 0.163561 0.061332 -0.075856 -0.106744 -0.149140 0.001152 0.039114 0.043603
-0.059627 -0.080277 0.235822 0.179045 0.384066 0.213859 0.197492 0.176831 0.200762 0.148802 0.116355 0.200640 0.053484 0.133590 0.222525 -0.039067 -0.040804 -0.019248 0.000842 0.105939 0.250921 0.185897 0.151141 0.278491 0.173100 0.172739 1.000000 0.348140 0.135303 -0.216022 0.193910 0.158009 -0.159589 -0.115955 -0.224470 -0.043030 0.096123 -0.095892 -0.072627 0.056085 0.139566 0.103873 -0.259371 -0.154252 -0.077876 -0.049538 -0.226716 -0.255206 -0.050028 -0.052608 -0.197674 -0.245150 -0.074938 -0.216819 0.007663 -0.253386 -0.199658 -0.181694 -0.076865 -0.104563 -0.121585 -0.169382 -0.129035 -0.053706 0.096612 0.025908 -0.137647 0.055736 -0.095929 -0.008559 0.094315 0.057120 0.142781 -0.043822 0.057829 -0.122074 -0.074983 -0.077762 -0.102067 -0.218189 -0.140035 -0.199889 0.172409 -0.077886 0.115090 -0.051573 0.048567 0.304849 0.164276 0.079617 0.033565 -0.021867 0.054025 0.031099 0.098053 0.107966 -0.213479 -0.026097 -0.125862 -0.093779 0.182989 -0.048839 0.220964 0.166233 -0.030267 -0.056426 0.107897 0.085034 0.163927 -0.082635 -0.068136 -0.090935 -0.121018 0.024550 -0.031038 0.013988
-0.269155 -0.181415 0.313901 0.269573 0.296181 0.254354 -0.095669 -0.122054 0.240579 0.112310 0.092174 -0.083189 0.171322 -0.112057 0.338563 0.049544 -0.088753 -0.135285 0.195204 -0.086784 0.113530 0.424128 0.515686 0.466552 0.146531 0.422273 0.348140 1.000000 0.002294 -0.212228 0.197764 0.160742 -0.179423 -0.085928 -0.204018 0.021333 0.033141 -0.006654 0.183504 0.076428 0.157432 0.288505 -0.110625 -0.050740 -0.180768 -0.005631 -0.048724 -0.203343 0.104322 0.005249 0.167755 0.089841 0.049531 -0.090371 0.230380 -0.149431 -0.246038 -0.204319 -0.174213 -0.124771 -0.187346 -0.398415 -0.207708 -0.259286 0.191972 0.106836 -0.194199 0.056952 -0.188296 -0.054701 0.016735 0.112292 -0.206761 -0.099408 -0.039434 -0.107759 -0.265134 -0.169050 -0.184371 -0.139489 -0.094300 -0.147284 0.271792 0.056920 0.276700 0.206043 0.324874 0.349899 0.353768 0.082052 0.055306 -0.015915 0.052267 0.076676 0.361898 0.056345 -0.001934 -0.006616 -0.032496 -0.240731 -0.044487 -0.157830 -0.163449 -0.143032 -0.195017 -0.178813 0.043393 0.158963 0.090519 -0.207232 -0.052856 0.060629 0.016536 -0.128105 -0.143676 -0.153363
0.242364 0.090083 0.180609 -0.092982 0.316493 -0.353785 0.404088 0.144687 0.152407 0.096110 0.475150 0.566255 0.555038 0.444332 0.639902 0.267921 0.387058 0.347189 -0.047331 -0.105520 0.442924 -0.002704 0.087687 -0.054997 0.222746 0.079047 0.135303 0.002294 1.000000 0.328250 0.450175 0.232646 0.044744 -0.176646 -0.347395 -0.548819 0.334521 0.092802 0.080581 -0.183485 0.543877 -0.037016 -0.108304 -0.244990 -0.044545 -0.231262 -0.082531 -0.519819 -0.053696 0.007145 -0.100680 -0.070958 0.176250 -0.170087 0.293654 -0.091741 -0.011185 -0.026107 -0.123331 -0.111599 -0.069109 0.070144 0.033430 0.107878 -0.210368 -0.207615 -0.310664 -0.448279 -0.124908 -0.196278 0.208942 0.368734 0.793685 0.305827 0.480628 0.261538 0.073544 -0.145954 0.221464 0.290041 0.211673 0.049038 0.639702 -0.001263 0.454515 -0.097117 0.390747 0.271939 -0.015888 -0.329570 -0.488451 -0.622825 -0.496841 -0.468319 0.151537 0.047525 -0.192487 0.025018 -0.149033 -0.203043 -0.313085 -0.230514 -0.126232 -0.363910 -0.110361 -0.249522 0.032875 0.306821 0.046265 -0.141320 -0.480863 -0.085959 -0.014528 0.025493 -0.102770 0.064337
0.182276 0.231472 -0.112616 -0.166894 -0.166665 -0.051211 0.275439 0.090942 0.055410 0.092885 0.181864 0.303515 0.300170 0.397707 -0.100219 0.565036 0.320492 0.393036 0.061471 -0.046655 0.101259 0.120026 -0.269865 -0.330488 -0.141224 -0.230663 -0.216022 -0.212228 0.328250 1.000000 0.040412 -0.035994 0.056023 0.134233 -0.205375 -0.205663 0.055837 0.278836 -0.006850 0.038383 0.115262 0.193026 -0.071066 -0.163350 -0.035354 -0.172706 -0.141601 -0.280971 -0.139796 -0.004378 -0.101755 -0.264787 -0.150762 -0.031966 -0.135336 0.168754 0.166223 -0.003494 -0.040568 -0.171868 0.109577 0.309651 0.367772 0.264658 -0.100321 -0.110623 -0.146629 -0.359929 0.050670 -0.161235 0.188034 0.140978 0.505204 0.496439 0.433693 0.401594 0.194328 0.034750 0.121315 0.356973 0.211829 0.299665 -0.043222 0.345649 0.010144 0.092218 0.022261 -0.001019 0.068646 0.159894 -0.472643 -0.408842 -0.315924 -0.293999 -0.247123 -0.064852 -0.431702 -0.130026 -0.213673 -0.109526 -0.177610 -0.015277 -0.243623 -0.387084 -0.215460 -0.231893 -0.070666 0.040294 -0.000898 -0.054002 -0.335258 -0.052428 -0.057254 -0.108391 -0.103009 0.053912
0.087773 0.015651 0.482388 0.228547 0.167093 -0.240916 0.381157 0.130392 0.135020 0.019507 0.389760 0.448944 0.459416 0.157337 0.537035 0.222162 0.029798 0.275542 0.225171 -0.247760 0.618934 0.068357 0.641053 0.388425 0.629057 0.644289 0.193910 0.197764 0.450175 0.040412 1.000000 0.658800 0.135061 -0.134010 0.123674 -0.151645 0.077885 -0.225503 0.007928 -0.140095 0.256284 -0.187990 -0.176777 -0.248422 -0.354585 -0.362091 -0.151477 -0.443420 -0.236865 -0.390725 -0.095589 -0.124154 0.005504 -0.117376 0.096215 -0.041064 -0.029998 -0.048538 -0.397979 -0.174271 -0.200701 -0.213492 -0.166872 -0.131165 0.028158 -0.127097 -0.527304 -0.519287 -0.393326 -0.496555 0.357052 0.525207 0.510559 0.294252 0.446586 0.353046 0.202707 0.088592 0.078917 0.176946 0.020469 -0.093100 0.470910 -0.230257 0.344396 -0.112574 0.426514 0.268268 -0.025734 -0.242663 -0.488068 -0.491352 -0.330601 -0.362703 0.136303 0.030859 -0.025508 -0.014838 -0.141115 -0.243673 -0.181641 -0.282459 -0.251345 -0.353081 -0.059121 -0.086624 -0.022584 0.112695 0.053330 0.058005 -0.216393 -0.148017 -0.133687 -0.024205 0.085556 0.033383
-0.322510 -0.363121 0.383906 0.556138 0.020610 0.124504 0.215416 0.324585 -0.031360 0.170900 0.059451 0.233783 0.201095 0.076950 0.215635 0.336369 -0.130060 0.007680 0.164160 -0.025884 0.433519 0.312117 0.443141 0.689229 0.629075 0.768679 0.158009 0.160742 0.232646 -0.035994 0.658800 1.000000 -0.131612 0.189998 -0.115062 -0.015593 0.237350 -0.077090 0.016453 0.070916 0.238991 0.070507 0.015184 -0.067849 -0.314208 -0.065159 -0.253737 -0.289266 -0.320750 -0.298375 -0.223449 -0.093249 -0.100469 -0.055895 -0.214952 -0.262752 -0.248474 -0.371551 -0.521913 -0.340962 -0.336684 -0.363574 -0.211989 -0.378266 0.098901 -0.004608 -0.340316 -0.084065 -0.226321 -0.203383 0.293493 0.556250 0.219570 0.331625 0.317996 0.443415 0.340748 0.409805 0.023245 0.021163 -0.123916 -0.294002 0.123494 0.023030 -0.018209 -0.300497 0.062774 -0.007451 -0.081534 -0.205109 -0.098184 -0.134564 0.104919 -0.025404 0.300444 0.171793 -0.117819 -0.045436 -0.316169 -0.201770 0.067071 -0.084326 -0.008360 -0.007190 0.179056 0.063407 0.023552 0.288603 0.297241 0.078540 -0.287080 -0.140215 -0.112365 0.095877 0.036420 0.190895
0.586744 0.476635 -0.020260 0.044050 -0.326951 -0.390849 -0.014131 0.086628 -0.371667 -0.289479 0.005050 0.112111 -0.149175 -0.035114 -0.148642 0.079266 0.348720 0.428638 0.175921 0.001527 -0.001090 -0.097915 -0.146946 -0.409151 -0.171389 -0.165320 -0.159589 -0.179423 0.044744 0.056023 0.135061 -0.131612 1.000000 0.476255 0.309286 -0.015303 -0.094210 -0.138151 -0.009787 -0.266937 0.079937 -0.071238 0.088418 0.060703 0.177760 -0.296427 0.310027 0.048710 -0.118187 0.071745 -0.019324 0.096000 0.144719 0.132420 0.164485 0.289254 0.498794 0.484345 -0.000349 0.193324 0.026735 0.113829 0.327916 0.461578 -0.288157 -0.168573 -0.086379 -0.503715 0.033232 -0.271125 -0.258244 -0.094636 0.111920 -0.051448 0.062905 -0.080438 -0.025423 0.015273 0.073663 0.248181 0.315929 0.394622 0.036466 -0.016173 0.169541 0.128552 0.138810 0.018703 -0.251144 -0.181880 -0.454201 -0.507174 -0.440689 -0.591590 -0.141105 -0.260490 0.164591 -0.176275 0.172227 -0.041255 -0.311231 -0.277228 -0.341005 -0.455140 -0.449848 -0.333274 -0.115578 -0.321614 -0.395434 -0.167777 -0.114626 -0.312154 -0.325817 -0.280576 -0.178639 -0.395189
0.064426 0.092618 -0.113847 0.335104 -0.426483 0.017637 -0.069541 0.244244 -0.317717 -0.047215 -0.285234 -0.069195 -0.344806 -0.033369 -0.369326 0.297336 0.182044 0.139803 0.146534 0.255435 -0.148835 0.266826 -0.249689 -0.049616 -0.203056 -0.034147 -0.115955 -0.085928 -0.176646 0.134233 -0.134010 0.189998 0.476255 1.000000 -0.007953 0.273041 0.249010 0.106380 -0.042738 0.032605 0.160581 0.353474 0.150873 0.111263 0.121824 0.026932 0.072865 0.179451 -0.191465 0.091844 -0.223526 0.017967 -0.021522 0.096971 -0.237729 0.023984 0.129138 0.006493 -0.144974 -0.084619 -0.126177 -0.012302 0.246200 0.201541 -0.155145 -0.060209 -0.068534 -0.062600 0.209536 0.013972 -0.120252 0.019923 -0.057471 0.105180 0.011175 0.167573 0.184207 0.339001 -0.048431 0.007923 0.132431 0.123354 -0.315002 0.257341 -0.306584 -0.263098 -0.212206 -0.293206 -0.204829 -0.109123 0.049958 0.002385 0.139364 -0.133904 0.023072 -0.126983 -0.033590 -0.230298 -0.043773 -0.055295 0.048074 -0.099579 -0.074910 -0.029420 -0.116160 -0.200423 -0.182067 -0.175966 -0.122079 -0.117379 -0.147978 -0.149953 -0.085385 -0.151583 -0.195410 -0.220735
0.170599 0.032633 0.070751 -0.161514 -0.070235 -0.147810 0.010758 -0.143953 -0.069668 -0.234503 0.026693 -0.105844 -0.057212 -0.211384 -0.103519 -0.309784 -0.149030 -0.027986 0.035664 -0.130560 -0.013713 -0.395103 0.215109 -0.070396 0.007267 0.062100 -0.224470 -0.204018 -0.347395 -0.205375 0.123674 -0.115062 0.309286 -0.007953 1.000000 0.507574 -0.144896 -0.101019 0.079841 0.022946 -0.278647 -0.413059 -0.069672 -0.029433 -0.125111 -0.121650 -0.054047 0.245960 -0.058686 -0.271012 0.048232 0.008085 -0.197334 -0.016211 -0.031416 0.158290 0.102733 0.168347 -0.038741 0.023891 0.085351 -0.026030 -0.027194 -0.104268 0.128649 0.060582 0.073218 -0.029458 -0.228071 -0.273814 -0.106339 -0.080383 -0.152450 -0.026523 -0.000454 -0.099642 0.133304 0.213016 -0.174141 -0.105508 -0.231226 -0.080129 -0.101353 -0.307945 -0.013948 0.040281 0.082770 -0.056315 -0.150707 -0.056124 -0.134100 0.134350 0.044247 -0.014955 -0.293514 -0.047935 0.192913 -0.084840 -0.022880 0.029980 -0.009026 0.046561 -0.129759 0.020938 0.119762 0.377939 -0.070715 -0.443832 -0.275712 0.231780 0.437498 -0.128126 -0.135487 0.010958 0.309657 0.013291
-0.192094 -0.200517 0.133668 0.118473 -0.016623 0.213702 -0.014408 -0.028019 0.088572 0.094284 -0.235035 -0.233801 -0.102918 -0.095907 -0.254923 -0.064712 -0.307662 -0.225507 0.052423 -0.002261 -0.121006 -0.061716 0.147191 0.098257 -0.058498 0.050397 -0.043030 0.021333 -0.548819 -0.205663 -0.151645 -0.015593 -0.015303 0.273041 0.507574 1.000000 -0.033364 -0.053308 -0.012838 0.199126 -0.289941 -0.061099 -0.066336 0.028854 0.048177 0.250805 -0.269156 0.268452 0.061312 -0.158099 -0.152439 -0.073397 -0.371053 -0.164190 -0.138176 -0.080539 -0.179054 -0.184479 -0.009571 -0.106438 0.041402 -0.032299 -0.080539 -0.268487 0.182477 0.222463 0.144155 0.322954 -0.207679 -0.060810 -0.082847 -0.028103 -0.312959 -0.111323 -0.072359 0.073508 0.149639 0.336212 -0.361591 -0.375965 -0.424946 -0.298568 -0.385513 -0.158967 -0.356280 -0.215644 -0.238094 -0.241541 -0.018329 0.077252 0.256080 0.476506 0.363345 0.263849 -0.191031 -0.012740 0.005286 -0.216600 -0.078353 0.036509 0.209857 0.103562 0.085650 0.186857 0.198510 0.312122 -0.040719 -0.242375 0.011578 0.193872 0.419153 -0.007455 0.084853 0.023352 0.237652 0.002182
