1.000000 0.592606 0.041168 -0.163871 -0.085601 -0.311833 -0.141974 -0.043549 -0.159119 0.052550 0.413207 0.261229 0.308905 0.251166 0.243086 -0.060407 0.378496 0.092195 0.310586 0.278877 -0.111777 -0.343388 -0.327448 -0.521797 -0.398979 -0.572854 0.017929 -0.338651 0.132223 0.172773 -0.386559 -0.412982 0.286151 0.011128 -0.187672 -0.405590 0.141884 -0.227967 0.063656 -0.188189 -0.144237 -0.047909 -0.019648 -0.049103 -0.024424 -0.401815 0.167884 -0.122359 0.028178 0.005513 -0.124941 0.111507 0.276618 0.215918 0.074891 0.088423 0.477747 0.293999 0.423113 0.138011 0.418387 0.300526 0.218374 0.410909 0.051730 -0.128597 0.143484 -0.440870 0.013597 -0.254048 -0.200375 -0.292363 0.245766 -0.039886 0.092755 0.024002 -0.114142 -0.374973 -0.001777 -0.144561 0.368611 0.278482 0.139436 0.139564 0.381400 0.044792 -0.146608 -0.116777 -0.077316 -0.060451 -0.216352 -0.343772 -0.386796 -0.319483 -0.173658 -0.103983 0.054860 -0.227065 0.270454 -0.060014 -0.269851 -0.110741 -0.411977 -0.202292 -0.179631 -0.230225 0.026495 -0.100730 -0.155264 -0.080022 -0.372787 -0.188508 -0.154901 -0.188556 -0.034154 -0.056721
0.592606 1.000000 -0.253648 -0.113566 -0.127330 -0.302469 -0.234365 0.022572 -0.228612 0.080959 0.274059 0.344549 0.363222 0.379349 0.206930 0.205582 0.424005 0.457898 0.370454 0.495326 -0.200495 -0.375931 -0.412283 -0.599706 -0.547493 -0.579485 -0.126429 -0.336995 0.252531 0.302847 -0.397434 -0.460642 0.532411 0.102726 -0.354419 -0.293632 0.178646 -0.243171 0.118258 -0.132183 0.025685 0.099188 -0.165978 -0.197538 0.127399 -0.361712 0.152973 -0.200894 -0.228997 0.111620 -0.378359 -0.031727 0.100547 0.118975 0.209415 0.097475 0.487121 0.505104 0.297098 0.130590 0.373282 0.510601 0.131306 0.569054 -0.117583 -0.138584 0.057501 -0.549101 0.182801 -0.143857 -0.150666 -0.403694 0.357051 -0.071689 0.149912 -0.025291 -0.083212 -0.216979 -0.017565 0.078709 0.493879 0.483483 0.216037 0.352566 0.338147 0.217696 -0.086451 -0.035947 -0.096136 -0.006148 -0.264925 -0.424772 -0.390591 -0.521608 -0.341236 -0.355747 0.079801 -0.342106 0.221626 -0.169025 -0.350848 -0.123005 -0.446565 -0.495303 -0.333879 -0.466493 -0.205436 -0.174975 -0.110031 -0.306085 -0.396356 -0.237168 -0.261993 -0.336570 -0.202762 -0.199574
0.041168 -0.253648 1.000000 -0.086611 0.143591 0.078150 0.384461 0.116428 0.294457 0.199216 0.089351 -0.029033 0.138999 -0.006823 0.305716 -0.144715 -0.304972 -0.445748 -0.157704 -0.267654 0.167050 0.144155 0.258498 0.200242 0.547854 0.376299 0.182905 0.302917 -0.342998 -0.392930 0.015003 0.096517 -0.352692 -0.114725 0.262495 0.000039 -0.174450 -0.100490 -0.037930 -0.148764 -0.221277 -0.304000 0.005720 0.013234 -0.162993 0.106143 0.007376 0.001609 0.355803 -0.178705 0.489328 0.122651 -0.091699 0.055836 -0.245570 -0.107671 -0.222048 -0.216522 0.090035 -0.142142 0.050293 -0.129449 -0.343179 -0.457218 0.493299 0.285399 0.018195 0.325207 -0.299892 0.089593 -0.088195 -0.005997 -0.378254 -0.141416 -0.178035 -0.049385 -0.147792 -0.089847 -0.307530 -0.335458 -0.461392 -0.405456 -0.053537 -0.503838 -0.228039 -0.245564 -0.124728 -0.207092 0.101652 -0.392763 -0.033707 0.077154 0.119576 0.219703 0.110022 0.154611 -0.079825 0.089240 -0.175922 0.027412 0.041282 -0.096264 0.104746 0.077666 0.078562 0.063389 -0.079686 -0.194586 0.078491 0.193241 0.293960 0.079459 0.102328 0.269989 0.084790 0.163933
-0.163871 -0.113566 -0.086611 1.000000 0.253169 0.227364 -0.155539 0.382344 0.269229 0.065962 0.150231 0.301028 -0.390094 0.067353 0.166506 0.360345 -0.451702 -0.277565 0.332174 0.318603 0.064667 0.052384 0.334252 0.594603 -0.056912 0.053330 0.056302 0.399466 -0.129877 -0.119700 0.099952 0.319616 -0.214081 -0.125927 0.098248 0.158720 -0.258175 0.045535 -0.179947 0.115560 -0.169767 -0.017402 -0.334419 -0.359668 -0.565749 -0.188996 -0.425296 -0.068650 -0.156913 -0.460680 -0.102793 -0.348463 -0.295381 -0.300224 -0.322074 -0.423424 -0.307621 -0.379514 -0.393951 -0.285065 -0.419946 -0.166768 -0.309566 -0.283677 0.196398 0.330481 -0.360926 0.153970 -0.078108 0.140829 0.164979 0.113609 -0.320597 -0.113000 0.017879 0.072470 -0.023063 0.268617 -0.227682 -0.101105 -0.287823 -0.245855 0.386844 0.194999 -0.127898 0.194170 0.337421 0.263129 0.213269 0.124416 0.208565 0.375867 0.462303 0.317611 0.019561 -0.238969 -0.354174 0.008133 -0.400529 -0.227510 0.288415 -0.173581 0.217070 0.160250 0.027186 0.130812 0.121080 0.064720 0.007308 0.071967 -0.117381 -0.115870 -0.073687 0.074578 -0.162982 -0.084458
-0.085601 -0.127330 0.143591 0.253169 1.000000 0.357286 0.019471 -0.013905 0.374393 0.045779 0.100816 -0.153876 -0.237337 -0.176732 0.205420 0.049761 -0.185713 -0.215248 0.036797 0.083733 0.167362 0.027365 0.365191 0.261099 0.238528 0.041376 0.329267 0.210851 -0.090944 -0.339443 -0.105088 -0.103718 -0.296458 -0.325789 0.107063 0.107086 -0.229558 -0.076283 -0.064661 -0.069046 -0.140098 -0.143586 -0.180644 -0.161617 -0.141010 0.150499 -0.112134 -0.028183 0.134408 -0.015447 0.224443 -0.103886 -0.119272 -0.187538 0.092039 -0.204767 -0.084397 -0.102442 -0.177034 0.015592 -0.223491 -0.210751 -0.345189 -0.268537 0.133667 0.117784 0.057120 0.295644 -0.021625 0.202012 0.058114 -0.166616 -0.274773 -0.063073 -0.063196 -0.030237 -0.110456 -0.176503 -0.261927 -0.061466 -0.188192 -0.210758 0.159338 -0.196957 0.051802 -0.029307 0.256537 0.023177 0.345456 -0.022802 0.175207 0.128915 0.151708 0.151048 -0.057763 -0.147473 -0.038297 -0.165206 -0.025088 -0.015047 0.138731 0.086792 0.171407 0.096717 -0.030582 0.074337 -0.064531 -0.088683 -0.070936 -0.055265 0.275942 -0.083567 -0.026015 0.087968 -0.126052 0.108621
-0.311833 -0.302469 0.078150 0.227364 0.357286 1.000000 -0.058932 0.061628 -0.049804 0.109581 -0.209437 -0.346658 -0.227229 -0.225102 -0.043848 0.002158 -0.355915 -0.105043 -0.291899 -0.066778 0.165993 0.224132 0.326142 0.362163 0.351603 0.427563 0.354536 0.484336 -0.313981 -0.365840 -0.135897 -0.029151 -0.401238 -0.272969 0.162711 0.198452 -0.262911 0.091309 0.062207 0.295462 -0.171999 -0.072455 -0.078715 -0.021768 -0.107757 0.257307 -0.092345 0.267284 0.173026 0.002014 0.221789 0.000552 -0.131020 -0.041677 0.078789 0.096451 -0.201185 -0.178998 -0.160584 0.041515 -0.269917 -0.176386 -0.210401 -0.344420 0.017311 0.061414 -0.084564 0.342812 0.037348 0.214713 -0.000054 0.099580 -0.480727 -0.146014 -0.342521 -0.241216 -0.243506 -0.214226 -0.079803 -0.002422 -0.236059 -0.221941 0.033528 -0.163013 -0.085436 -0.034609 0.209962 0.221430 0.232040 0.324898 0.247609 0.172095 0.198759 0.215555 0.147058 -0.060419 0.087314 0.252527 -0.056230 -0.052899 0.067840 0.017667 0.151171 0.228042 0.223041 0.246440 0.108503 0.262220 -0.064445 -0.003798 0.310850 0.047030 -0.012702 0.049940 0.025587 0.149426
-0.141974 -0.234365 0.384461 -0.155539 0.019471 -0.058932 1.000000 0.503393 0.418225 0.495686 0.079595 -0.089294 0.279304 0.132089 -0.179529 -0.042345 -0.302797 -0.297793 -0.088676 -0.203830 -0.042414 -0.237062 -0.197875 -0.075050 0.255063 0.143906 -0.136289 -0.289375 -0.224425 0.121496 0.117474 0.053164 -0.207191 0.029597 0.267694 0.205487 -0.279165 -0.152010 -0.443100 -0.273701 -0.170430 -0.026906 -0.072734 -0.122045 0.181856 0.186498 -0.303640 -0.319493 0.154095 -0.047648 -0.021747 -0.053189 -0.047428 -0.093387 -0.392891 -0.266854 -0.263423 -0.383543 0.042005 0.020655 0.097516 0.200963 -0.010993 -0.180495 0.300944 0.362245 -0.035359 0.136290 -0.316554 -0.085342 0.022523 0.028127 0.040294 0.249668 0.106115 0.088265 0.249351 0.279823 -0.306154 -0.329381 -0.308169 -0.381369 -0.207247 -0.235628 -0.153009 -0.387608 -0.189396 -0.355506 -0.192458 -0.062952 0.131288 0.180323 0.282048 0.342007 -0.104686 0.235281 -0.463897 0.015079 -0.205680 0.190426 0.257113 0.129302 0.309051 0.071966 0.126018 0.110375 0.019471 -0.098067 -0.029878 0.058510 0.084966 0.052336 0.151281 0.035000 0.023420 0.167093
-0.043549 0.022572 0.116428 0.382344 -0.013905 0.061628 0.503393 1.000000 0.323182 0.754207 0.052541 0.345194 0.131497 0.453837 -0.080397 0.269414 -0.363363 -0.149905 0.061161 0.068374 -0.139482 -0.312635 -0.256719 0.127931 -0.022234 0.120398 -0.203557 -0.196712 -0.356009 0.251259 0.080805 0.209072 -0.137547 0.210117 0.067757 0.209203 -0.407124 -0.153795 -0.524139 -0.218547 -0.350186 -0.038362 -0.416097 -0.521118 -0.127365 -0.075579 -0.464969 -0.402832 -0.006804 -0.292433 -0.245187 -0.182876 -0.192453 -0.237580 -0.595090 -0.413383 -0.296152 -0.368568 -0.122157 0.025056 -0.013202 0.463343 -0.110725 -0.028415 0.413854 0.650107 -0.150301 0.092060 -0.359041 -0.015318 -0.082866 -0.100962 -0.178393 -0.035213 0.052336 0.082368 0.022312 0.203832 -0.317811 -0.316432 -0.272292 -0.285568 -0.003151 0.099001 -0.108460 -0.112790 -0.075586 -0.058147 -0.191579 0.031209 0.115292 0.216341 0.413514 0.262891 -0.146352 -0.012966 -0.509563 -0.016648 -0.349185 -0.171212 0.337269 -0.179182 0.379746 -0.017242 0.071967 -0.065810 0.013105 0.053828 -0.066324 0.024439 -0.062439 -0.089693 -0.138602 -0.205865 -0.215071 -0.009111
-0.159119 -0.228612 0.294457 0.269229 0.374393 -0.049804 0.418225 0.323182 1.000000 0.411192 0.145964 0.062822 0.059683 0.125250 0.183930 0.228836 -0.217151 -0.211394 0.003617 -0.093636 -0.020589 -0.145329 0.182789 0.206592 0.193846 0.116179 -0.150879 -0.034791 -0.080909 0.028156 0.076352 0.152176 -0.359258 -0.212565 0.120469 0.182380 -0.106172 0.045861 -0.399992 -0.302051 -0.130542 0.136816 -0.188188 -0.257393 -0.104368 0.018569 -0.286554 -0.262968 0.128084 -0.234924 0.040758 -0.157082 -0.153479 -0.129174 -0.343389 -0.343055 -0.306527 -0.410157 -0.231971 -0.194841 -0.122333 -0.026627 -0.214680 -0.271790 0.348546 0.415526 -0.309053 0.172865 -0.334517 0.046198 0.066147 -0.134624 -0.028198 0.159109 0.183014 0.232941 0.186215 0.328619 -0.264703 -0.153179 -0.341106 -0.322920 0.087754 -0.075019 -0.171252 -0.216549 0.090078 -0.050179 0.093363 -0.079060 0.107896 0.257600 0.423128 0.368077 -0.025793 0.125201 -0.338137 0.029880 -0.208050 0.110994 0.314018 0.048291 0.362355 0.144371 0.058525 0.108547 0.010302 -0.254007 0.165001 0.010293 0.043115 0.035443 0.059407 0.285074 -0.012002 0.119998
0.052550 0.080959 0.199216 0.065962 0.045779 0.109581 0.495686 0.754207 0.411192 1.000000 0.059895 0.227840 0.386937 0.478604 0.045025 0.269383 -0.151882 -0.063930 -0.040597 -0.023425 -0.017953 -0.207057 -0.295495 -0.019581 0.110654 0.219701 -0.202007 -0.249971 -0.269529 0.262837 -0.024560 0.093848 -0.088343 0.166870 0.063172 0.219638 -0.310061 -0.138208 -0.438777 -0.277478 -0.371283 -0.057997 -0.401982 -0.466846 -0.002194 -0.069392 -0.316115 -0.375010 0.053949 -0.189727 -0.273757 -0.094183 -0.148441 -0.171844 -0.482062 -0.269219 -0.228544 -0.251044 -0.011001 0.141149 0.099953 0.490278 -0.127951 0.048347 0.356303 0.536562 -0.099532 0.045571 -0.252461 0.046748 -0.049228 -0.161526 -0.085153 -0.060922 -0.017288 0.020736 -0.042970 0.100139 -0.252643 -0.232822 -0.127560 -0.214265 0.007748 0.069121 -0.061193 -0.258617 -0.036427 -0.103871 -0.203460 0.035974 0.069353 0.098840 0.301075 0.134482 -0.192427 0.099493 -0.368291 0.066755 -0.245740 -0.071082 0.251362 -0.117222 0.305019 -0.069490 -0.004514 -0.165466 -0.080405 0.019218 -0.049851 0.001769 0.021294 0.027667 -0.068408 -0.152046 -0.133238 -0.035036
0.413207 0.274059 0.089351 0.150231 0.100816 -0.209437 0.079595 0.052541 0.145964 0.059895 1.000000 0.210456 0.264691 0.215879 0.434293 0.080265 0.150043 -0.083174 0.477390 0.166769 -0.160331 -0.188796 0.219583 -0.090348 -0.093464 -0.307008 0.079123 -0.081119 0.437217 0.069653 -0.046894 -0.001531 0.068407 -0.064179 -0.007234 -0.118399 0.040733 -0.031641 -0.064809 -0.246304 -0.111564 -0.067208 0.094829 0.014424 -0.051993 -0.126543 -0.010595 -0.206758 -0.051620 -0.020191 0.078222 0.004898 -0.107233 -0.007908 -0.016968 -0.093658 0.129955 -0.066784 -0.230000 -0.243104 -0.131378 0.034654 -0.115596 -0.070836 0.443398 0.237433 -0.258590 -0.294211 -0.234106 -0.191226 -0.019320 -0.233135 0.168289 0.014652 0.215182 0.079428 -0.005316 -0.001115 0.004470 -0.051461 0.058441 -0.069455 0.459493 0.106478 0.353774 -0.045348 0.018668 -0.067072 0.108588 -0.193612 -0.300886 -0.241187 -0.170596 -0.167883 -0.131146 -0.128773 -0.149730 -0.286412 -0.075779 -0.357515 -0.265169 -0.141490 -0.378500 -0.317465 -0.163563 -0.038382 -0.051533 -0.121134 0.142022 -0.019507 -0.303159 -0.407642 -0.121904 -0.152723 0.103143 -0.047915
0.261229 0.344549 -0.029033 0.301028 -0.153876 -0.346658 -0.089294 0.345194 0.062822 0.227840 0.210456 1.000000 0.290767 0.667399 0.350105 0.590733 0.040938 0.194695 0.169510 0.021472 -0.125221 -0.196498 -0.204947 -0.001024 -0.210378 -0.153114 -0.216447 -0.096727 0.082272 0.407008 0.193467 0.240416 0.079596 0.185583 -0.061493 0.029104 -0.021582 -0.038251 -0.122605 -0.086793 -0.025082 0.285023 -0.160217 -0.271235 -0.213638 -0.337457 -0.212703 -0.251926 -0.140829 -0.293274 -0.370891 0.010957 -0.007327 -0.051767 -0.179392 -0.175424 -0.197328 -0.300388 0.007216 -0.149764 0.197210 0.423079 -0.044281 0.277040 0.380875 0.349017 -0.324160 -0.270520 -0.278631 -0.317966 0.033772 -0.033956 0.214739 0.187854 0.411461 0.425484 0.222426 0.349703 -0.180732 -0.083081 -0.096794 -0.048752 0.237782 0.442462 -0.057259 0.014211 -0.036338 0.118308 -0.285700 -0.141756 -0.176589 -0.085105 0.067975 -0.087721 -0.300557 -0.232516 -0.212133 -0.374255 -0.170813 -0.247673 -0.137632 -0.391421 -0.230638 -0.242227 -0.216642 -0.301461 -0.093940 -0.034507 -0.084141 -0.072188 -0.257076 -0.235758 -0.152432 -0.167618 -0.241748 -0.305933
0.308905 0.363222 0.138999 -0.390094 -0.237337 -0.227229 0.279304 0.131497 0.059683 0.386937 0.264691 0.290767 1.000000 0.607825 0.254350 0.291583 0.383273 0.342536 -0.061683 -0.049099 -0.156653 -0.181871 -0.436588 -0.500762 -0.019448 -0.161796 -0.223476 -0.328383 0.145657 0.441108 -0.183091 -0.203691 0.090263 0.158318 -0.121989 -0.030736 0.061139 -0.021875 -0.087806 -0.255447 -0.027484 0.129074 -0.099306 -0.188617 0.200873 -0.188039 -0.064711 -0.348951 0.089301 0.008371 -0.288326 0.069015 0.161566 0.037584 0.021681 0.031787 -0.017312 0.016657 0.401654 0.119660 0.606074 0.573974 0.247382 0.395869 0.209838 0.054801 -0.094080 -0.253607 -0.108884 -0.172210 -0.026802 -0.222927 0.416446 0.181884 0.196813 0.185857 0.106297 0.080383 -0.000419 -0.186058 0.114171 0.044657 0.151987 0.094234 -0.036347 -0.407359 -0.243442 -0.333033 -0.398564 -0.146711 -0.092704 -0.200585 -0.124446 -0.144357 -0.273102 0.079209 -0.096543 -0.139115 -0.014523 -0.126649 -0.186896 -0.085887 -0.172821 -0.215762 -0.061718 -0.209738 -0.114828 -0.040545 0.044708 0.045420 -0.089983 -0.036852 0.030902 -0.140937 -0.014724 0.083885
0.251166 0.379349 -0.006823 0.067353 -0.176732 -0.225102 0.132089 0.453837 0.125250 0.478604 0.215879 0.667399 0.607825 1.000000 0.222624 0.653616 0.145292 0.285244 0.065550 0.089699 -0.163508 -0.178223 -0.353387 -0.180392 -0.137956 -0.104095 -0.298156 -0.225593 0.014367 0.404818 -0.011577 0.048073 0.016983 0.182633 -0.060230 0.146672 -0.067525 -0.009248 -0.254847 -0.191902 -0.083789 0.153735 -0.281391 -0.437727 -0.072596 -0.204186 -0.297429 -0.377288 -0.039632 -0.210019 -0.398067 -0.070555 0.024441 -0.117486 -0.305180 -0.167993 -0.134830 -0.208739 0.089972 -0.019107 0.344325 0.629463 0.028861 0.331514 0.333714 0.338169 -0.235686 -0.202178 -0.224098 -0.194772 0.084194 -0.084207 0.201162 0.141317 0.245625 0.348921 0.091555 0.260246 -0.163589 -0.169218 -0.038946 -0.144900 0.133414 0.316735 -0.121873 -0.339903 -0.198558 -0.132555 -0.451246 -0.060338 -0.068543 -0.006551 0.133589 0.026744 -0.250630 -0.093817 -0.269474 -0.214275 -0.173189 -0.253882 0.011911 -0.212387 -0.036085 -0.133072 -0.133831 -0.186178 0.041930 0.052716 0.010616 -0.055148 -0.215689 -0.070387 -0.047114 -0.121070 -0.171775 -0.115984
0.243086 0.206930 0.305716 0.166506 0.205420 -0.043848 -0.179529 -0.080397 0.183930 0.045025 0.434293 0.350105 0.254350 0.222624 1.000000 0.445031 0.075482 -0.061673 0.186017 -0.015502 0.057757 0.013848 0.389442 0.094705 0.064417 -0.078464 0.292917 0.361703 0.255035 -0.118929 -0.078440 0.030134 -0.174823 -0.248100 -0.152314 -0.192422 0.170378 -0.008742 0.197485 -0.149208 0.031832 0.076746 -0.053667 -0.089247 -0.243591 -0.307596 -0.078680 -0.154749 0.180120 -0.084489 0.127972 0.091444 -0.132530 0.083129 0.120257 -0.104303 -0.161930 -0.073485 -0.073438 -0.218600 -0.021388 0.015775 -0.419984 -0.133431 0.393165 0.099168 -0.251458 -0.183420 -0.228221 -0.109330 0.067160 -0.110329 0.118117 0.059300 0.298220 0.168433 0.033735 0.024487 -0.147229 -0.094385 -0.211733 -0.123506 0.679085 -0.015141 0.015681 -0.116934 0.279024 0.056514 0.139893 -0.286735 -0.175388 -0.144525 -0.024179 -0.036580 -0.031405 -0.279558 0.024148 -0.243523 -0.052938 -0.233229 -0.159761 -0.164089 -0.151451 -0.254193 -0.114050 -0.132738 -0.077248 -0.337594 0.056401 -0.087930 -0.220939 -0.245324 0.161128 0.114891 -0.030707 -0.122601
-0.060407 0.205582 -0.144715 0.360345 0.049761 0.002158 -0.042345 0.269414 0.228836 0.269383 0.080265 0.590733 0.291583 0.653616 0.445031 1.000000 -0.129767 0.157549 0.145877 0.030396 -0.059995 -0.052357 -0.022943 0.075803 -0.015547 -0.060024 -0.050863 0.128961 0.132261 0.220125 0.029993 0.106532 -0.225700 -0.134152 -0.144771 0.100264 -0.001487 0.129916 -0.086434 -0.044360 0.059549 0.313726 -0.305003 -0.386079 -0.287404 -0.303774 -0.313418 -0.283683 -0.135213 -0.274036 -0.352940 -0.113560 -0.064586 -0.039390 -0.078601 -0.152997 -0.377726 -0.327121 -0.066671 -0.102565 0.031098 0.297553 -0.248826 0.040243 0.161670 0.170620 -0.347877 -0.168375 -0.107222 -0.052938 0.281860 0.106601 0.156163 0.287611 0.372537 0.426114 0.225368 0.432417 -0.210082 -0.018103 -0.247598 -0.245282 0.398506 0.330573 -0.201132 -0.218097 0.159280 0.011349 -0.287749 0.036687 0.073603 0.124056 0.310327 0.184691 -0.092435 -0.200696 -0.161737 -0.161936 -0.182985 -0.151135 0.164971 -0.094297 0.102879 -0.116048 -0.025114 -0.016287 0.080941 -0.076849 0.017853 -0.055102 -0.238173 -0.020784 0.156950 0.046047 -0.207589 -0.117221
0.378496 0.424005 -0.304972 -0.451702 -0.185713 -0.355915 -0.302797 -0.363363 -0.217151 -0.151882 0.150043 0.040938 0.383273 0.145292 0.075482 -0.129767 1.000000 0.528523 0.038241 0.028495 -0.101414 -0.038530 -0.287108 -0.418964 -0.291964 -0.329061 -0.138206 -0.333878 0.431226 0.341210 -0.044345 -0.189267 0.395197 0.164866 -0.187236 -0.249302 0.331328 -0.033130 0.161910 -0.063759 0.164886 0.141905 0.170454 0.139989 0.307339 -0.172396 0.218025 -0.142293 -0.085429 0.246678 -0.171798 0.150050 0.139359 0.080471 0.216729 0.162097 0.491898 0.490477 0.134811 0.012508 0.344845 0.162560 0.352819 0.501725 -0.152146 -0.259724 0.016417 -0.393884 0.041532 -0.251564 -0.141647 -0.205857 0.445401 0.149699 0.182055 0.018002 0.029543 -0.136502 0.428808 0.306781 0.545317 0.539542 -0.094805 0.177124 0.325494 0.135943 -0.209667 -0.000793 -0.065525 -0.117610 -0.410869 -0.446426 -0.506526 -0.474327 -0.158329 0.044318 0.088969 -0.158454 0.244781 -0.081871 -0.450973 0.027671 -0.392902 -0.246614 -0.103633 -0.271728 -0.065306 -0.060514 0.067322 -0.070481 -0.199353 -0.066500 -0.137310 -0.153651 0.039819 0.083519
0.092195 0.457898 -0.445748 -0.277565 -0.215248 -0.105043 -0.297793 -0.149905 -0.211394 -0.063930 -0.083174 0.194695 0.342536 0.285244 -0.061673 0.157549 0.528523 1.000000 -0.106871 0.003263 -0.186369 -0.185403 -0.378002 -0.407135 -0.322523 -0.212592 -0.195672 -0.272236 0.292434 0.443593 -0.096753 -0.190366 0.341813 0.121785 -0.192336 -0.135743 0.142728 0.065640 0.036596 -0.001817 0.149635 0.314932 -0.000682 -0.034631 0.330831 -0.108341 0.095304 -0.120827 -0.190024 0.206752 -0.295086 0.101582 0.119510 0.166143 0.279988 0.216918 0.304657 0.324996 0.104759 0.083369 0.289450 0.403438 0.339462 0.590104 -0.200714 -0.141874 -0.004276 -0.335484 0.085319 -0.206015 0.073151 -0.230662 0.391558 0.166361 0.189937 0.040879 0.066233 -0.040955 0.370710 0.365266 0.415864 0.384232 -0.077287 0.237499 0.148793 0.110248 -0.170624 0.053838 -0.194005 0.146416 -0.297149 -0.317654 -0.311325 -0.399709 -0.178106 -0.050829 0.143434 -0.141571 0.171425 -0.091360 -0.286802 -0.022955 -0.229843 -0.140380 -0.015560 -0.199882 -0.098943 -0.028346 -0.004715 -0.223388 -0.200194 -0.094187 -0.241506 -0.128479 -0.074887 0.053857
0.310586 0.370454 -0.157704 0.332174 0.036797 -0.291899 -0.088676 0.061161 0.003617 -0.040597 0.477390 0.169510 -0.061683 0.065550 0.186017 0.145877 0.038241 -0.106871 1.000000 0.538401 -0.133071 -0.127266 0.034125 -0.075761 -0.332700 -0.425817 -0.041645 -0.048724 0.345730 0.084572 -0.066773 -0.082018 0.186195 -0.070551 -0.011426 -0.201025 -0.094897 -0.125271 -0.031415 0.016618 0.021581 -0.053288 -0.088051 -0.121129 -0.309398 -0.349067 -0.128627 -0.123048 -0.229741 -0.268124 -0.202445 -0.313043 -0.123286 -0.151961 -0.048774 -0.191004 0.168054 0.069597 -0.098258 -0.150833 -0.195001 -0.024907 -0.092866 0.068591 -0.024401 -0.034877 -0.127763 -0.293183 0.169532 0.004096 0.044898 -0.047242 0.133240 -0.115562 0.057327 0.017357 -0.111648 0.032992 -0.032798 0.059657 0.186658 0.095898 0.409175 0.258208 0.125966 0.105507 0.108049 -0.067641 0.042013 -0.015997 0.023853 0.077403 0.007300 -0.081224 -0.034355 -0.124432 -0.219519 -0.134569 -0.073393 -0.101242 -0.037223 -0.042692 -0.186572 -0.285119 -0.313276 -0.112010 -0.090647 -0.235564 0.111657 0.094064 -0.310916 -0.247526 0.004729 -0.129598 -0.096310 -0.169968
0.278877 0.495326 -0.267654 0.318603 0.083733 -0.066778 -0.203830 0.068374 -0.093636 -0.023425 0.166769 0.021472 -0.049099 0.089699 -0.015502 0.030396 0.028495 0.003263 0.538401 1.000000 0.052430 -0.114392 -0.136515 -0.189444 -0.367864 -0.427854 -0.044467 -0.149745 0.092522 0.104948 -0.340325 -0.360309 0.328605 0.135661 -0.026458 -0.001769 -0.042955 -0.095119 -0.020505 0.065630 -0.101799 -0.001045 -0.391566 -0.361571 -0.203238 -0.198820 -0.140524 -0.025463 -0.373027 -0.234043 -0.377035 -0.517317 -0.238764 -0.248525 -0.060303 -0.232496 0.224866 0.324758 0.024682 -0.060890 0.050218 0.158149 0.116471 0.284238 -0.139707 -0.140664 -0.119475 -0.102408 0.429055 0.279638 0.016139 -0.089800 0.083532 -0.206389 -0.093143 -0.108151 -0.197921 -0.158300 -0.109722 0.034742 0.394720 0.296821 0.294065 0.341003 0.213088 0.185881 0.138332 -0.020824 0.125883 0.199213 0.162482 0.175435 0.022839 -0.059145 -0.190109 -0.269912 -0.233498 -0.061484 -0.165296 -0.158914 -0.070554 -0.021593 -0.123380 -0.140857 -0.318858 -0.222246 0.000712 -0.069828 -0.210289 -0.032675 -0.117791 -0.057721 -0.106644 -0.235427 -0.205190 -0.156342
-0.111777 -0.200495 0.167050 0.064667 0.167362 0.165993 -0.042414 -0.139482 -0.020589 -0.017953 -0.160331 -0.125221 -0.156653 -0.163508 0.057757 -0.059995 -0.101414 -0.186369 -0.133071 0.052430 1.000000 0.405442 0.123929 0.269539 0.300944 0.326949 0.360545 0.206765 0.104265 -0.128919 0.168538 0.163076 -0.141051 0.134835 0.290540 0.019591 0.008436 -0.141240 0.250903 0.129758 -0.025137 -0.127021 -0.110252 -0.011415 -0.132606 0.034156 -0.068194 0.132391 -0.133489 -0.197561 -0.001036 -0.200308 -0.363003 -0.197959 -0.087437 -0.143604 0.028125 -0.052508 -0.134287 -0.206329 -0.020841 -0.141475 -0.099388 -0.166815 0.053478 0.023032 0.008590 0.097070 0.062279 0.170765 0.094675 0.309450 -0.156635 -0.151974 -0.156665 -0.104461 -0.121923 -0.160662 0.032693 0.016826 0.030286 0.024765 0.061715 0.028811 -0.033547 0.111649 0.057058 -0.001746 0.199918 -0.121111 -0.056543 0.091143 0.052908 0.030176 0.071496 0.021420 -0.106909 0.206822 -0.135684 0.004192 -0.007765 0.017176 0.016150 0.070930 0.117330 0.050076 -0.025992 0.083547 0.028387 0.065806 0.105107 0.201158 0.090748 0.076433 0.200250 0.153029
-0.343388 -0.375931 0.144155 0.052384 0.027365 0.224132 -0.237062 -0.312635 -0.145329 -0.207057 -0.188796 -0.196498 -0.181871 -0.178223 0.013848 -0.052357 -0.038530 -0.185403 -0.127266 -0.114392 0.405442 1.000000 0.321609 0.442995 0.446298 0.578109 0.189089 0.469505 0.024089 -0.287320 0.244293 0.336720 -0.195343 0.018537 0.330830 0.140362 0.025480 0.125412 0.292466 0.431581 0.075980 -0.233196 0.042639 0.090490 -0.297481 0.077272 0.080648 0.248686 -0.102944 -0.224753 0.186522 -0.095455 -0.233554 -0.218663 -0.058988 -0.019958 -0.104225 -0.036267 -0.182955 -0.257236 -0.239828 -0.402751 -0.247503 -0.375683 -0.088508 -0.116771 -0.070448 0.163566 0.087829 0.101804 0.069876 0.373565 -0.300831 -0.143488 -0.238382 0.010854 -0.208603 -0.040192 0.138335 0.196983 -0.043642 0.012194 0.005302 -0.013151 -0.230831 0.059585 0.052969 0.017341 0.093590 -0.084621 -0.016522 0.176395 0.197873 0.149917 0.325412 -0.043823 0.046767 0.263997 -0.198816 -0.003400 0.049962 0.113894 0.061284 0.106368 0.016520 0.228344 0.064502 0.162464 0.054994 0.093361 0.227623 0.133982 0.167236 0.155785 0.274969 0.090245
-0.327448 -0.412283 0.258498 0.334252 0.365191 0.326142 -0.197875 -0.256719 0.182789 -0.295495 0.219583 -0.204947 -0.436588 -0.353387 0.389442 -0.022943 -0.287108 -0.378002 0.034125 -0.136515 0.123929 0.321609 1.000000 0.661199 0.426532 0.350053 0.475871 0.655200 0.110784 -0.559146 0.219185 0.297334 -0.474091 -0.392606 0.158846 0.119773 0.033408 0.234461 0.219122 0.106599 0.125921 -0.121034 0.129935 0.165251 -0.260051 0.150628 -0.047312 0.160541 0.123859 -0.118772 0.533854 0.032694 -0.358653 -0.028339 0.075759 -0.086315 -0.271412 -0.268269 -0.611170 -0.417235 -0.637995 -0.654469 -0.531160 -0.663515 0.229012 0.058403 -0.257633 0.270560 -0.131856 0.210933 0.214756 0.170994 -0.347708 -0.098418 -0.004105 0.000342 -0.036535 0.016942 0.057206 0.054283 -0.357574 -0.296740 0.358652 -0.276936 -0.024846 0.023207 0.373687 0.222331 0.450100 -0.160145 -0.057485 0.145304 0.181752 0.228767 0.267208 -0.036149 0.062121 0.026890 -0.177714 -0.106538 0.000812 0.085584 0.017883 0.158362 0.085765 0.288932 0.080114 -0.089472 0.166874 0.131728 0.157411 -0.048086 0.196129 0.306974 0.201295 0.048499
-0.521797 -0.599706 0.200242 0.594603 0.261099 0.362163 -0.075050 0.127931 0.206592 -0.019581 -0.090348 -0.001024 -0.500762 -0.180392 0.094705 0.075803 -0.418964 -0.407135 -0.075761 -0.189444 0.269539 0.442995 0.661199 1.000000 0.473887 0.599878 0.248564 0.588963 -0.179620 -0.415599 0.451452 0.636499 -0.503003 -0.141282 0.294520 0.264375 -0.217596 0.167019 -0.056393 0.216996 -0.087965 -0.126338 -0.094560 -0.079008 -0.468551 0.060124 -0.309772 0.090097 -0.010955 -0.364735 0.267418 -0.093240 -0.382919 -0.254490 -0.291553 -0.329211 -0.454456 -0.489601 -0.594128 -0.358717 -0.575967 -0.509573 -0.465566 -0.581744 0.228650 0.283355 -0.286217 0.378079 -0.227969 0.208019 0.222395 0.358604 -0.519636 -0.103406 -0.135493 0.077708 -0.031727 0.277105 -0.040419 -0.051759 -0.460562 -0.399566 0.120333 -0.175461 -0.294375 -0.012991 0.273221 0.215945 0.257451 -0.058837 0.105733 0.425497 0.523960 0.407781 0.261370 0.096376 -0.238291 0.225256 -0.394082 -0.090490 0.254957 -0.066669 0.330838 0.325681 0.259767 0.300763 0.173880 0.112111 0.138872 0.253354 0.200723 0.082624 0.148090 0.239426 0.044811 0.122058
-0.398979 -0.547493 0.547854 -0.056912 0.238528 0.351603 0.255063 -0.022234 0.193846 0.110654 -0.093464 -0.210378 -0.019448 -0.137956 0.064417 -0.015547 -0.291964 -0.322523 -0.332700 -0.367864 0.300944 0.446298 0.426532 0.473887 1.000000 0.689313 0.290862 0.431654 -0.149303 -0.333338 0.258912 0.267638 -0.550130 -0.116380 0.384065 0.280962 -0.174685 0.151636 -0.066134 0.004053 -0.120895 -0.163968 -0.008962 0.025167 -0.020484 0.280656 -0.055797 0.058205 0.202873 -0.106083 0.434672 0.098703 -0.232841 -0.094677 -0.173340 -0.123009 -0.326807 -0.324767 -0.234157 -0.163748 -0.191928 -0.295006 -0.335558 -0.481021 0.321722 0.202374 -0.086203 0.409349 -0.134439 0.265166 0.134956 0.254879 -0.374381 0.050191 -0.100835 0.018576 -0.006970 0.078053 -0.128755 -0.068844 -0.413042 -0.418888 -0.096824 -0.404468 -0.229881 -0.309513 0.044125 -0.111983 0.109460 -0.210838 0.037655 0.201355 0.218404 0.281970 0.135193 0.187076 -0.091782 0.154788 -0.274533 0.034132 0.152135 0.109506 0.216497 0.161175 0.245640 0.229061 0.026722 0.040267 0.113304 0.308731 0.461930 0.275681 0.210974 0.245194 0.201212 0.376212
-0.572854 -0.579485 0.376299 0.053330 0.041376 0.427563 0.143906 0.120398 0.116179 0.219701 -0.307008 -0.153114 -0.161796 -0.104095 -0.078464 -0.060024 -0.329061 -0.212592 -0.425817 -0.427854 0.326949 0.578109 0.350053 0.599878 0.689313 1.000000 0.101536 0.461943 -0.241585 -0.273302 0.487436 0.570859 -0.344253 0.133952 0.394755 0.373421 -0.181247 0.075506 -0.037320 0.097115 -0.039337 -0.155425 0.033225 0.080160 -0.030975 0.424953 -0.060897 0.209867 -0.003593 -0.128907 0.255218 -0.004562 -0.357430 -0.208185 -0.347177 -0.161463 -0.330489 -0.300777 -0.373268 -0.203242 -0.346137 -0.232468 -0.303911 -0.464633 0.253836 0.274546 -0.084395 0.420410 -0.185420 0.080865 0.079137 0.299948 -0.452529 -0.113653 -0.238969 0.001591 -0.105086 0.085616 0.037247 0.026074 -0.277927 -0.270404 -0.147783 -0.267955 -0.252369 -0.132876 0.120734 0.052688 0.088692 -0.187341 -0.070014 0.165185 0.294771 0.219394 0.200957 0.149843 -0.075677 0.223606 -0.320819 -0.036263 0.128204 -0.083172 0.233906 0.080647 0.111777 0.133661 -0.055228 0.111784 0.054266 0.082169 0.409505 0.219638 0.087336 0.134999 0.126108 0.088502
0.017929 -0.126429 0.182905 0.056302 0.329267 0.354536 -0.136289 -0.203557 -0.150879 -0.202007 0.079123 -0.216447 -0.223476 -0.298156 0.292917 -0.050863 -0.138206 -0.195672 -0.041645 -0.044467 0.360545 0.189089 0.475871 0.248564 0.290862 0.101536 1.000000 0.524870 0.070474 -0.459062 -0.060414 -0.067653 -0.301891 -0.335261 0.030409 -0.187442 0.083907 0.072663 0.394041 0.072825 0.066467 -0.121449 0.077103 0.165730 -0.244819 -0.105141 0.053509 0.090108 0.213024 -0.003316 0.447288 0.152059 -0.126137 0.067558 0.278838 -0.001850 0.016311 -0.028969 -0.199490 -0.115722 -0.306600 -0.347590 -0.330830 -0.372993 0.057355 -0.074096 -0.002421 0.000951 -0.089291 0.150949 0.082054 0.186017 -0.229372 -0.059184 -0.017686 -0.008847 -0.082928 -0.246482 -0.002606 -0.028706 -0.168188 -0.176860 0.180387 -0.287635 0.054887 -0.040951 0.156530 -0.044847 0.281428 -0.206618 -0.048312 -0.036536 -0.016550 0.022536 0.235117 -0.057577 0.126785 -0.027691 -0.040965 -0.130291 -0.051182 0.059733 -0.043951 -0.009525 0.194498 0.216020 0.210864 -0.084858 -0.033312 -0.012356 0.025212 -0.066146 0.189201 0.059737 0.201306 0.213882
-0.338651 -0.336995 0.302917 0.399466 0.210851 0.484336 -0.289375 -0.196712 -0.034791 -0.249971 -0.081119 -0.096727 -0.328383 -0.225593 0.361703 0.128961 -0.333878 -0.272236 -0.048724 -0.149745 0.206765 0.469505 0.655200 0.588963 0.431654 0.461943 0.524870 1.000000 -0.142639 -0.569330 0.136314 0.230917 -0.341083 -0.332326 0.172722 0.057806 0.013269 0.190658 0.322897 0.228612 0.118816 -0.135504 0.016750 0.088585 -0.386794 0.008471 -0.021496 0.193065 0.213505 -0.174629 0.493797 0.105099 -0.079237 0.011097 0.134832 -0.026459 -0.191817 -0.197165 -0.233134 -0.226171 -0.406606 -0.440500 -0.485392 -0.539466 0.090842 0.032489 -0.118248 0.250256 -0.033327 0.138242 0.116100 0.171931 -0.488747 -0.156399 -0.073411 -0.020479 -0.095751 -0.010173 -0.118783 0.064529 -0.418952 -0.310971 0.256060 -0.297177 -0.216527 0.011411 0.354415 0.177158 0.355111 -0.181982 0.081804 0.114876 0.193053 0.160170 0.236828 -0.217355 0.166274 0.051125 -0.156117 -0.152798 0.021931 -0.070546 0.007688 0.067827 0.090888 0.175210 0.090382 -0.086860 0.088852 0.017072 0.181544 -0.035627 0.074162 0.205866 0.122804 0.017544
0.132223 0.252531 -0.342998 -0.129877 -0.090944 -0.313981 -0.224425 -0.356009 -0.080909 -0.269529 0.437217 0.082272 0.145657 0.014367 0.255035 0.132261 0.431226 0.292434 0.345730 0.092522 0.104265 0.024089 0.110784 -0.179620 -0.149303 -0.241585 0.070474 -0.142639 1.000000 0.313394 0.244695 0.131118 0.168632 0.073776 -0.054293 -0.344615 0.398521 0.040056 0.205292 -0.092815 0.339310 0.190571 0.167365 0.155484 0.121523 -0.158816 0.074862 -0.219394 -0.271053 0.077130 -0.064413 -0.009524 -0.141253 -0.053804 0.286347 0.012327 0.234768 0.154120 -0.237599 -0.246533 -0.074121 -0.042028 0.096998 0.153736 0.007811 -0.132672 -0.169825 -0.527988 0.029660 -0.237579 0.212243 0.077198 0.586571 0.193225 0.345053 0.037778 0.034910 0.024216 0.433291 0.397890 0.352060 0.311443 0.341268 0.269022 0.362907 0.149876 -0.021617 -0.091907 0.132432 -0.208568 -0.498671 -0.400533 -0.336369 -0.433993 0.021727 -0.033730 0.025550 -0.207280 0.034456 -0.202875 -0.328398 0.008410 -0.471998 -0.459417 -0.143581 -0.126358 -0.194247 -0.149835 0.278358 -0.024396 -0.442853 -0.202519 0.089006 -0.032675 0.267684 0.014523
0.172773 0.302847 -0.392930 -0.119700 -0.339443 -0.365840 0.121496 0.251259 0.028156 0.262837 0.069653 0.407008 0.441108 0.404818 -0.118929 0.220125 0.341210 0.443593 0.084572 0.104948 -0.128919 -0.287320 -0.559146 -0.415599 -0.333338 -0.273302 -0.459062 -0.569330 0.313394 1.000000 0.131610 0.057683 0.346607 0.507124 -0.054186 0.018561 0.121808 -0.029614 -0.256481 -0.074108 0.049319 0.403877 -0.122126 -0.169960 0.322795 -0.168140 -0.151661 -0.314092 -0.264630 0.012981 -0.685048 -0.043186 0.010176 -0.016663 -0.107015 0.052965 0.026834 -0.045450 0.048680 -0.019257 0.275535 0.507489 0.511778 0.621796 -0.068956 0.019280 -0.222328 -0.406961 -0.054791 -0.377516 -0.046918 -0.116096 0.668188 0.376950 0.371032 0.151351 0.232942 0.201717 0.161061 0.121482 0.371387 0.375335 -0.012065 0.538386 0.112185 -0.010623 -0.297071 0.001861 -0.458834 0.109293 -0.210899 -0.185442 -0.207575 -0.261127 -0.241949 0.082263 -0.240554 -0.112805 0.011423 -0.072306 -0.113145 -0.174833 -0.182859 -0.256561 -0.082161 -0.262781 -0.112523 0.057604 0.012772 -0.082845 -0.351244 0.014092 -0.068190 -0.174295 -0.030791 -0.036696
-0.386559 -0.397434 0.015003 0.099952 -0.105088 -0.135897 0.117474 0.080805 0.076352 -0.024560 -0.046894 0.193467 -0.183091 -0.011577 -0.078440 0.029993 -0.044345 -0.096753 -0.066773 -0.340325 0.168538 0.244293 0.219185 0.451452 0.258912 0.487436 -0.060414 0.136314 0.244695 0.131610 1.000000 0.839551 -0.071249 0.368317 0.325337 0.160772 0.015027 0.004931 -0.109050 -0.081187 0.300422 0.113163 0.225783 0.180012 0.013422 0.190831 -0.035961 -0.044824 -0.265732 -0.184902 0.037251 -0.010715 -0.203005 -0.143722 -0.251438 -0.210099 -0.212642 -0.320068 -0.460774 -0.373423 -0.286760 -0.178833 -0.024762 -0.131628 0.316986 0.217956 -0.220736 -0.050819 -0.316608 -0.299894 0.046628 0.371140 0.022457 0.086569 0.153522 0.227952 0.081122 0.319708 0.250676 0.179224 -0.076740 -0.067377 -0.081040 0.036900 -0.080420 0.054883 -0.000833 -0.026620 -0.010524 -0.350907 -0.348081 -0.100906 0.018055 -0.054618 0.125265 0.180572 -0.169255 -0.051149 -0.114531 -0.144035 -0.008740 -0.171308 -0.036510 -0.127847 -0.055389 -0.057721 -0.074669 -0.001652 0.226319 0.084807 0.060081 0.000320 0.135377 0.098147 0.129755 -0.042441
-0.412982 -0.460642 0.096517 0.319616 -0.103718 -0.029151 0.053164 0.209072 0.152176 0.093848 -0.001531 0.240416 -0.203691 0.048073 0.030134 0.106532 -0.189267 -0.190366 -0.082018 -0.360309 0.163076 0.336720 0.297334 0.636499 0.267638 0.570859 -0.067653 0.230917 0.131118 0.057683 0.839551 1.000000 -0.205378 0.294911 0.267203 0.151408 -0.055481 0.064613 -0.147291 0.023261 0.134476 0.067955 0.148816 0.111457 -0.214999 0.089612 -0.107755 0.025360 -0.197544 -0.282245 0.045900 -0.047297 -0.287001 -0.210961 -0.370297 -0.281033 -0.385349 -0.385772 -0.493970 -0.359438 -0.407429 -0.200916 -0.176185 -0.277753 0.342220 0.321407 -0.279836 0.036241 -0.317073 -0.205672 0.032677 0.317276 -0.136489 0.024904 0.053849 0.165915 -0.033840 0.321403 0.205409 0.128170 -0.240371 -0.176908 0.059409 0.043232 -0.209056 0.014200 0.042655 0.026577 0.016868 -0.278637 -0.240970 0.002266 0.230777 0.050436 0.235856 0.127865 -0.164548 0.070432 -0.254455 -0.231244 0.150616 -0.259052 0.108562 -0.007061 -0.012980 0.033259 -0.042930 0.108408 0.254539 0.142963 -0.001234 -0.023128 0.087443 0.201639 0.111399 -0.065151
0.286151 0.532411 -0.352692 -0.214081 -0.296458 -0.401238 -0.207191 -0.137547 -0.359258 -0.088343 0.068407 0.079596 0.090263 0.016983 -0.174823 -0.225700 0.395197 0.341813 0.186195 0.328605 -0.141051 -0.195343 -0.474091 -0.503003 -0.550130 -0.344253 -0.301891 -0.341083 0.168632 0.346607 -0.071249 -0.205378 1.000000 0.536053 -0.193067 -0.168202 0.272614 -0.241638 0.119729 -0.143319 0.225499 0.090649 0.064691 0.120931 0.280798 -0.098805 0.253297 -0.004239 -0.355591 0.248412 -0.306322 0.005897 0.211430 0.057943 0.250213 0.138312 0.563637 0.555898 0.258243 0.182870 0.255347 0.367354 0.397873 0.567333 -0.257704 -0.159757 0.199332 -0.475430 0.252022 -0.278240 -0.280736 -0.329038 0.347703 -0.072708 0.029112 -0.140387 -0.031139 -0.150807 0.141561 0.255120 0.636746 0.541039 -0.057897 0.236289 0.389741 0.314563 -0.039585 0.084530 -0.021222 -0.003263 -0.273834 -0.470553 -0.494089 -0.578894 -0.294344 -0.220478 0.229012 -0.242399 0.221283 -0.191990 -0.314138 -0.199148 -0.453621 -0.418804 -0.383678 -0.539842 -0.208738 -0.126838 -0.168828 -0.402330 -0.244079 -0.105080 -0.367439 -0.373391 -0.093339 -0.352968
0.011128 0.102726 -0.114725 -0.125927 -0.325789 -0.272969 0.029597 0.210117 -0.212565 0.166870 -0.064179 0.185583 0.158318 0.182633 -0.248100 -0.134152 0.164866 0.121785 -0.070551 0.135661 0.134835 0.018537 -0.392606 -0.141282 -0.116380 0.133952 -0.335261 -0.332326 0.073776 0.507124 0.368317 0.294911 0.536053 1.000000 0.152888 0.207408 0.089713 -0.168952 -0.149892 -0.081723 0.061390 0.073371 -0.071473 -0.030726 0.254539 0.119305 0.054870 -0.037252 -0.438213 -0.066036 -0.406456 -0.183744 -0.166054 -0.199230 -0.206317 -0.106283 0.074477 0.163608 -0.020252 -0.097752 0.202386 0.359612 0.402682 0.411472 0.137869 0.111345 -0.083905 -0.201178 0.039688 -0.242047 -0.287417 -0.019304 0.222765 0.011261 -0.072361 0.033557 -0.019063 0.003017 0.182289 0.156836 0.403912 0.359900 -0.134465 0.275086 0.087394 0.134592 -0.262622 -0.034502 -0.194376 -0.138511 -0.275950 -0.229135 -0.196531 -0.323258 -0.167859 0.065166 -0.099664 -0.056756 -0.109319 -0.264631 -0.151921 -0.322758 -0.217650 -0.302475 -0.174605 -0.421726 -0.230517 0.061909 -0.149429 -0.051668 0.034116 0.127410 -0.189312 -0.247528 0.041106 -0.102718
-0.187672 -0.354419 0.262495 0.098248 0.107063 0.162711 0.267694 0.067757 0.120469 0.063172 -0.007234 -0.061493 -0.121989 -0.060230 -0.152314 -0.144771 -0.187236 -0.192336 -0.011426 -0.026458 0.290540 0.330830 0.158846 0.294520 0.384065 0.394755 0.030409 0.172722 -0.054293 -0.054186 0.325337 0.267203 -0.193067 0.152888 1.000000 0.402812 -0.327131 -0.034625 -0.220916 0.053552 -0.074653 -0.117771 -0.026323 -0.013737 -0.074175 0.269342 -0.183980 0.010637 -0.111173 -0.217057 0.158036 -0.120353 -0.278112 -0.213391 -0.247363 -0.316233 -0.054374 -0.173809 -0.245722 -0.289870 -0.158069 -0.131514 -0.143105 -0.212355 0.294804 0.293760 -0.129059 0.152150 -0.063402 -0.064265 0.081199 0.153044 -0.223994 -0.004822 -0.093029 -0.031052 -0.010010 0.099577 -0.009800 0.005732 -0.097402 -0.141831 -0.055622 -0.148845 -0.098862 0.056495 0.036900 -0.178412 0.135780 -0.042659 -0.120745 0.044359 0.115561 0.116478 0.032583 0.112935 -0.304918 0.058337 -0.399279 -0.203482 -0.013381 0.098355 0.018520 0.097577 0.072872 0.066456 0.007004 0.015206 -0.062139 0.150421 0.179778 0.020528 0.060416 0.167179 0.269647 0.172936
-0.405590 -0.293632 0.000039 0.158720 0.107086 0.198452 0.205487 0.209203 0.182380 0.219638 -0.118399 0.029104 -0.030736 0.146672 -0.192422 0.100264 -0.249302 -0.135743 -0.201025 -0.001769 0.019591 0.140362 0.119773 0.264375 0.280962 0.373421 -0.187442 0.057806 -0.344615 0.018561 0.160772 0.151408 -0.168202 0.207408 0.402812 1.000000 -0.261358 0.027007 -0.288694 0.066436 -0.225602 -0.055153 -0.154534 -0.189334 0.131161 0.464022 -0.311509 0.012530 -0.095970 -0.145940 -0.211035 -0.298901 -0.352923 -0.364254 -0.364457 -0.263893 -0.336001 -0.275401 -0.253496 -0.255936 -0.159005 -0.040445 -0.133907 -0.127501 0.235938 0.278408 -0.285935 0.418311 0.059505 0.109018 -0.035435 0.021806 -0.247181 0.020983 -0.032126 0.156326 0.207274 0.371197 -0.205083 -0.078798 -0.138129 -0.170709 -0.100380 0.036594 -0.219788 -0.100178 0.167267 0.037748 -0.064934 0.035848 0.254550 0.318592 0.366395 0.377221 -0.242064 0.035207 -0.248062 0.012368 -0.305730 -0.011816 0.184714 0.096020 0.286568 0.248690 -0.002292 0.020245 -0.073970 0.218896 -0.095231 0.069117 0.533952 0.264103 -0.083369 0.085179 0.065824 -0.040213
