1.000000 0.297068 -0.193540 -0.542272 0.330869 -0.564715 0.394607 -0.301422 0.218514 -0.052232 0.423288 0.316602 0.465162 0.132362 0.214730 -0.050573 0.123088 0.065668 0.222877 0.278466 -0.196165 -0.376287 -0.411821 -0.457753 -0.536616 -0.714034 -0.011470 -0.366790 0.204876 0.098934 -0.528501 -0.587532 0.257243 -0.077830 -0.133861 -0.199366 0.259242 -0.152960 -0.107061 -0.147576 0.042469 0.017425 -0.099566 -0.223416 -0.248614 -0.371843 0.008863 -0.042106 0.232441 -0.043403 -0.042394 -0.043619 0.367949 0.167411 0.187307 0.168202 0.529427 0.177554 0.444850 0.124415 0.570902 0.270446 0.297920 0.415962 -0.286552 -0.333611 0.195777 -0.401885 0.122712 -0.140331 -0.157699 -0.317975 0.162090 -0.019747 0.099574 0.207619 0.274969 0.068403 -0.010430 0.122244 0.160902 0.206652 0.015869 -0.109270 -0.125763 -0.289062 -0.140984 -0.298221 -0.119749 -0.092400 -0.092925 0.008027 -0.219875 0.041979 -0.015979 -0.029894 0.222521 0.154129 0.213941 0.095610 0.081539 0.109803 0.000599 0.078691 -0.162941 -0.091075 0.081015 0.158198 0.193431 0.028277 -0.353682 0.063893 0.061235 -0.114879 -0.127064 -0.210856
0.297068 1.000000 -0.146121 -0.163003 -0.077922 -0.302233 -0.173369 -0.265141 -0.080275 -0.051006 0.013045 0.143282 -0.031365 0.091495 -0.135224 0.004659 0.081192 0.369508 0.016032 0.505303 0.035000 -0.114232 -0.290704 -0.253774 -0.456854 -0.425011 -0.165459 -0.235788 0.186467 0.383178 -0.154496 -0.046219 0.167655 0.184816 -0.265138 -0.248565 0.255073 0.178856 -0.107940 0.075170 0.078269 0.221355 -0.069503 -0.144848 -0.222369 -0.342965 0.043990 -0.055434 -0.018086 -0.056621 -0.382834 -0.056239 0.190260 0.268665 -0.026467 0.093228 0.212418 0.616249 -0.005616 0.239286 0.089038 0.254370 0.211926 0.560131 -0.439183 -0.326916 -0.082211 -0.579446 0.508288 0.130138 0.023321 -0.012852 0.127925 0.095674 0.037201 -0.007863 0.166217 0.147006 0.067530 0.038274 0.146323 0.262972 0.127421 0.403110 -0.349598 -0.299792 -0.090911 -0.019446 -0.283474 -0.169500 0.172957 0.122296 -0.011852 0.049140 0.061062 -0.129103 0.068874 0.115362 0.272932 0.213632 0.166573 0.202758 0.003426 0.086007 0.063937 -0.001220 0.215610 0.165690 0.041874 -0.098638 -0.080339 0.070443 0.112727 -0.006850 -0.147986 -0.047548
-0.193540 -0.146121 1.000000 -0.041674 0.345493 0.136104 0.377530 -0.013458 0.370222 -0.273007 -0.254230 -0.333347 -0.258790 -0.288262 -0.169651 -0.327344 -0.165538 0.120023 0.206841 -0.253470 0.052930 0.110505 0.324427 -0.241983 0.193922 0.086715 -0.204551 -0.175705 0.163686 -0.158014 0.061711 0.085822 0.368256 0.291300 -0.037888 0.022350 -0.053732 -0.205615 0.143119 -0.138241 0.197981 -0.122861 0.287051 0.164245 0.327358 0.198614 0.024725 -0.007994 0.045924 0.092006 -0.095445 -0.255192 -0.143963 -0.242902 -0.097886 -0.144113 -0.234928 -0.078579 0.064222 -0.218311 0.306829 -0.291731 -0.153899 -0.026824 0.486766 -0.172735 0.301791 0.206029 -0.139712 0.101718 -0.138239 -0.101577 0.196638 -0.186687 -0.135716 -0.182657 -0.334578 -0.328374 -0.096616 -0.070231 -0.056921 0.156456 0.032143 0.020429 -0.187556 0.007287 -0.241003 -0.037468 -0.148570 -0.181676 -0.252784 -0.175625 -0.288648 -0.283973 -0.162109 0.069739 0.166082 -0.257570 -0.089840 -0.188645 -0.087626 0.246109 -0.037198 -0.118701 -0.130283 -0.164335 -0.082970 -0.180947 -0.097040 -0.225082 -0.114358 -0.168845 -0.112437 -0.198481 0.068201 -0.161106
-0.542272 -0.163003 -0.041674 1.000000 -0.209821 0.642530 -0.255352 0.515065 -0.135847 0.357634 -0.161977 -0.091638 -0.143447 0.218455 0.036718 0.380995 -0.210063 -0.013126 0.072407 -0.109992 -0.044373 0.051157 0.235032 0.376929 0.458207 0.365636 -0.057502 0.156854 -0.211009 0.066290 0.316550 0.345499 -0.232638 0.040205 -0.067424 0.120029 -0.263881 0.110602 -0.054055 0.027139 -0.153837 0.057927 -0.278567 -0.184316 -0.030211 0.174966 -0.237043 -0.256481 -0.270774 -0.099542 -0.119335 -0.114264 -0.269128 -0.279807 -0.216124 -0.266550 -0.568145 -0.285023 -0.341929 -0.127258 -0.283589 -0.119076 -0.288984 -0.340197 0.251661 0.362824 -0.314319 0.335937 -0.204096 0.146520 -0.038964 0.087376 -0.162416 0.073272 -0.032099 -0.079950 -0.139562 -0.160290 -0.143171 -0.205199 -0.282429 -0.355107 0.085485 0.381178 0.263691 0.283567 0.251855 0.297292 0.257085 0.245244 0.075681 -0.004951 0.347739 0.044977 -0.215172 -0.186363 -0.446089 -0.244578 -0.444190 -0.416834 -0.208314 -0.179663 -0.017133 -0.193760 0.067575 0.063214 -0.146162 -0.160187 -0.263780 -0.099235 0.052864 -0.210526 -0.133500 -0.006638 -0.080715 0.032867
0.330869 -0.077922 0.345493 -0.209821 1.000000 -0.080888 0.570489 -0.210046 0.602059 0.149046 0.360949 0.064712 0.421488 -0.044981 0.291831 -0.017590 -0.096881 -0.153629 0.514691 0.128403 -0.011119 -0.207108 0.069196 -0.108457 0.119253 -0.366811 0.083238 -0.327959 0.159421 -0.160696 -0.250408 -0.404527 -0.046248 -0.294477 -0.244888 -0.402248 0.056759 -0.151433 0.017731 -0.197092 0.053446 -0.095352 -0.058222 -0.265047 -0.202522 -0.326710 -0.093057 -0.231204 0.120435 -0.069325 0.152424 -0.116189 0.219988 0.034661 0.093768 -0.126564 -0.032467 0.066248 0.490921 0.077451 0.435759 -0.005408 -0.005695 -0.020230 -0.034510 -0.183042 0.163374 -0.204893 -0.069871 0.202069 -0.031607 -0.213218 0.069799 -0.102284 0.023012 0.147892 -0.022602 -0.185132 -0.128155 -0.143901 0.005519 -0.061200 0.211152 -0.115546 -0.003655 -0.200082 -0.130454 -0.345602 0.116616 0.060797 0.159999 0.286565 0.087877 0.104195 -0.084911 0.030614 -0.018791 -0.009945 -0.053091 -0.006149 -0.054989 0.076559 0.077122 0.024203 -0.074159 0.075568 -0.021301 0.028938 0.031029 -0.061489 -0.262514 -0.224202 -0.035253 -0.144828 0.013548 0.061462
-0.564715 -0.302233 0.136104 0.642530 -0.080888 1.000000 -0.116796 0.494474 -0.066184 0.365279 -0.314685 -0.145219 -0.172227 0.082331 -0.074659 0.166314 -0.197085 -0.019798 0.076160 -0.094829 0.131359 0.216257 0.242362 0.295650 0.566128 0.512925 0.042119 0.235428 -0.041436 0.011388 0.331481 0.403258 -0.118216 0.089509 -0.181560 0.040215 -0.220142 0.074992 0.054357 -0.003783 0.036937 0.135595 -0.143059 -0.025405 0.084812 0.337892 -0.300617 -0.256112 -0.315576 -0.077170 -0.171151 -0.217167 -0.378349 -0.290392 -0.357958 -0.395952 -0.434748 -0.278536 -0.340351 -0.304930 -0.328995 -0.191644 -0.254611 -0.464001 0.197914 0.381571 -0.272332 0.396872 -0.078034 0.189077 0.060126 0.055810 -0.086700 0.062409 -0.001934 -0.144608 -0.302621 -0.311383 -0.025342 -0.262114 -0.022177 -0.208940 0.082933 0.309605 0.199671 0.313537 0.083514 0.241280 0.167022 0.080531 0.067209 0.031263 0.272860 0.084414 -0.294181 -0.050583 -0.358461 -0.329268 -0.449477 -0.311073 -0.214664 -0.072665 0.211477 -0.141582 0.177661 0.121930 -0.004558 -0.135608 -0.198775 -0.164505 -0.005528 -0.274898 -0.205287 0.048055 -0.057100 0.131603
0.394607 -0.173369 0.377530 -0.255352 0.570489 -0.116796 1.000000 -0.131171 0.751660 -0.001429 0.269994 -0.049217 0.467626 -0.006202 0.346718 -0.089708 -0.102463 -0.101061 0.381879 0.010241 -0.122622 -0.264094 0.244710 -0.155862 0.000331 -0.327485 -0.047486 -0.354685 -0.001785 -0.247173 -0.321250 -0.414826 0.163972 0.001103 -0.162582 -0.118992 -0.087097 -0.285782 0.029920 -0.296877 -0.010077 -0.211752 -0.017809 -0.125199 -0.063031 -0.117401 -0.091387 -0.092009 0.073035 0.012061 0.034074 -0.371683 0.077252 -0.146827 0.126126 -0.166202 0.078790 -0.015013 0.251979 -0.277844 0.641750 -0.119091 0.035081 -0.007024 0.300889 -0.195376 0.031418 0.017526 -0.053628 0.268471 -0.217109 -0.304701 0.059697 -0.236985 -0.102784 -0.030556 -0.084205 -0.295277 -0.141030 -0.069864 -0.060151 0.057535 0.058817 -0.210939 0.082290 -0.109219 -0.099764 -0.295350 0.304599 -0.058773 -0.027598 0.122016 -0.095159 0.018772 -0.211313 -0.110579 0.090485 -0.110436 -0.077556 -0.074285 0.011012 0.056363 -0.061831 -0.091433 -0.289289 -0.093533 -0.053257 -0.066781 -0.020733 -0.030944 -0.196725 -0.119251 -0.176034 -0.089543 -0.031259 -0.200914
-0.301422 -0.265141 -0.013458 0.515065 -0.210046 0.494474 -0.131171 1.000000 -0.111094 0.591518 -0.096466 0.436908 -0.058769 0.468826 -0.246930 0.294586 -0.283978 -0.108845 -0.145460 -0.461598 -0.222655 -0.044101 -0.203437 0.025604 0.111789 0.269684 -0.219720 0.047039 -0.175359 0.043541 -0.009364 -0.006651 -0.024877 -0.046537 -0.140684 0.087333 -0.382782 -0.134051 -0.456888 -0.171577 -0.205804 -0.010631 0.012420 0.184314 0.204178 0.368809 0.001097 0.070449 0.078657 0.079182 0.176542 0.244737 -0.008817 0.118046 -0.318085 0.017577 -0.352647 -0.392874 -0.081905 -0.093556 -0.200676 0.232982 -0.334178 -0.413882 0.070769 0.666415 -0.183876 0.509796 -0.338458 -0.087463 -0.066840 -0.073194 -0.187012 0.253011 -0.011716 0.018647 -0.246098 -0.095556 -0.259111 -0.232643 -0.263305 -0.489106 -0.334587 0.008683 0.006296 0.150599 -0.061745 0.210290 -0.026427 0.332340 -0.092780 -0.241887 0.176851 -0.156707 -0.412684 -0.108674 -0.445794 -0.441466 -0.336892 -0.364631 -0.228099 -0.105886 0.096853 -0.215124 0.101255 -0.311674 -0.145834 -0.364626 -0.167988 -0.249187 -0.075844 -0.284544 -0.229699 -0.191598 -0.284165 -0.082668
0.218514 -0.080275 0.370222 -0.135847 0.602059 -0.066184 0.751660 -0.111094 1.000000 0.188426 0.146627 0.007244 0.307829 0.037750 0.267139 -0.011366 -0.112407 -0.070931 0.341395 -0.012016 -0.173507 -0.166771 0.242561 0.015260 0.026919 -0.265756 -0.008851 -0.332313 -0.015681 -0.296004 -0.342325 -0.422629 0.116335 -0.084011 -0.238053 -0.254483 -0.007189 -0.305389 -0.030537 -0.256208 -0.037306 -0.193076 -0.047043 -0.162502 -0.177441 -0.245253 -0.076768 -0.115115 0.134927 -0.059303 0.144587 -0.233709 0.167965 -0.097588 0.248250 -0.057518 0.043823 0.007637 0.370232 -0.079120 0.591100 -0.068815 -0.075881 0.012326 0.234590 -0.169670 0.085263 0.009176 -0.007373 0.359567 -0.190025 -0.216686 -0.003619 -0.217012 -0.061726 -0.057542 -0.080459 -0.331444 -0.069663 -0.095865 -0.162327 -0.105580 -0.041552 -0.248941 -0.002516 -0.153971 -0.112236 -0.292836 0.271897 0.128188 0.013355 0.143768 0.052459 0.018750 -0.199038 -0.117011 0.014217 -0.086493 -0.106767 -0.054862 -0.076833 0.022453 -0.131177 -0.135970 -0.267625 -0.136488 -0.037839 -0.048983 -0.006883 -0.088595 -0.125547 -0.105329 -0.130314 -0.152353 -0.081704 -0.120603
-0.052232 -0.051006 -0.273007 0.357634 0.149046 0.365279 -0.001429 0.591518 0.188426 1.000000 0.059749 0.538687 0.285890 0.564338 -0.058791 0.441598 -0.147626 -0.150624 0.043988 -0.076095 -0.153753 -0.167918 -0.182907 0.207058 0.101516 -0.068650 -0.152368 -0.159663 -0.118564 0.066472 -0.159248 -0.332431 -0.154192 -0.271659 -0.343121 -0.282260 -0.129552 -0.061080 -0.414426 -0.075927 -0.229052 0.030870 -0.299371 -0.258813 -0.274719 -0.192004 -0.195309 -0.222404 0.055800 -0.080912 0.108064 0.175515 0.161250 0.135211 -0.123419 0.023455 -0.103517 -0.099422 0.106127 0.152757 0.041281 0.425903 -0.095482 -0.193045 -0.200151 0.516738 -0.217787 0.044372 -0.115137 0.175458 -0.033099 -0.134999 -0.116430 0.226016 0.093009 0.158511 -0.037583 -0.166318 -0.179003 -0.251235 -0.044082 -0.395167 -0.248189 -0.040711 -0.015972 0.034090 -0.061295 -0.146336 0.241486 0.484717 0.117215 0.049139 0.425998 0.168596 -0.333635 -0.117751 -0.487655 -0.254321 -0.324454 -0.238295 -0.191214 -0.042743 0.134502 -0.094198 0.078625 -0.150920 0.002208 -0.119073 -0.131483 -0.142113 -0.226879 -0.251959 -0.187701 -0.165763 -0.283356 -0.016930
0.423288 0.013045 -0.254230 -0.161977 0.360949 -0.314685 0.269994 -0.096466 0.146627 0.059749 1.000000 0.358855 0.732926 0.288079 0.492768 0.260114 0.056984 -0.202573 0.249618 0.161027 -0.078844 -0.212945 -0.221808 -0.084444 -0.200692 -0.382830 0.081335 -0.118857 0.193773 0.001750 -0.161129 -0.308727 -0.233695 -0.451484 -0.153919 -0.256565 0.095939 0.023049 -0.011948 -0.296834 -0.036581 0.067901 -0.337208 -0.437379 -0.295506 -0.378243 -0.145362 -0.247424 0.201811 -0.107262 0.135175 0.005972 0.312588 0.109747 0.264631 0.054335 -0.015271 -0.029040 0.391731 0.154609 0.277007 0.145799 0.051126 0.039714 -0.235104 -0.143299 -0.086503 -0.228688 -0.161878 0.130726 -0.063625 -0.096445 0.053483 -0.033387 0.063027 0.110537 0.050453 0.039964 -0.260452 -0.017369 -0.103767 -0.059450 0.363204 0.010736 0.289509 -0.111915 0.339740 -0.119191 0.198837 0.102963 0.177529 0.243797 0.131581 0.197646 -0.031712 -0.060357 -0.073964 0.153644 0.022159 0.013394 0.162247 -0.151087 0.096649 0.059877 0.031079 0.151148 0.037637 0.070967 0.102581 0.069410 -0.233547 -0.169884 0.079787 -0.055989 0.053432 -0.066717
0.316602 0.143282 -0.333347 -0.091638 0.064712 -0.145219 -0.049217 0.436908 0.007244 0.538687 0.358855 1.000000 0.381832 0.747384 -0.042140 0.324238 -0.011464 0.050511 -0.140802 -0.138508 -0.222742 -0.232164 -0.585431 -0.245244 -0.395942 -0.377950 -0.239613 -0.280834 0.121204 0.281314 -0.323695 -0.390802 0.040426 -0.321182 -0.377653 -0.269760 0.060834 -0.047430 -0.330924 -0.139179 -0.044102 0.183479 -0.037556 -0.070777 0.014465 -0.149691 0.139976 0.005831 0.471891 0.131647 0.129682 0.412832 0.468403 0.386020 0.102492 0.430629 0.080638 -0.193191 0.375315 0.285725 0.122783 0.592136 0.044572 0.003952 -0.450153 0.260231 -0.046755 -0.111440 -0.162409 -0.116244 -0.025845 -0.164768 0.162683 0.334025 0.271816 0.230854 0.036391 0.148012 -0.165238 -0.213826 -0.106903 -0.315044 -0.243406 -0.000470 -0.285402 -0.205779 -0.171975 -0.104962 -0.208877 0.319986 -0.102183 -0.198413 0.027229 -0.127310 -0.253687 0.014287 -0.205759 -0.113786 -0.002001 -0.054295 -0.092913 -0.080281 0.054740 -0.086183 0.065281 -0.353829 -0.025100 -0.032219 0.056921 -0.187080 -0.267390 -0.206326 -0.027187 -0.181891 -0.261366 -0.132701
0.465162 -0.031365 -0.258790 -0.143447 0.421488 -0.172227 0.467626 -0.058769 0.307829 0.285890 0.732926 0.381832 1.000000 0.364321 0.504537 0.184191 0.162371 -0.030626 0.255140 0.154387 -0.177596 -0.400833 -0.113472 -0.168879 -0.113636 -0.537690 -0.027677 -0.394905 0.283603 0.096144 -0.163980 -0.370010 -0.133527 -0.402899 -0.383253 -0.413848 -0.020546 -0.128930 -0.033348 -0.244057 -0.060168 -0.036471 -0.338836 -0.417581 -0.278049 -0.334677 -0.127531 -0.251972 0.212576 0.072510 -0.002895 -0.003420 0.328323 0.104090 0.275637 0.060459 0.115879 -0.052508 0.406731 0.123587 0.459525 0.243260 0.221664 0.121181 -0.219031 -0.082396 -0.130704 -0.289257 -0.164816 0.118789 -0.006621 -0.182549 0.182900 0.025566 0.160119 0.131548 0.080527 -0.083873 -0.166772 -0.045823 -0.029563 -0.088573 0.184694 -0.031833 0.164733 -0.250666 0.133661 -0.300113 0.328716 0.163844 0.121656 0.183294 0.115540 0.184238 -0.211693 -0.050048 -0.221033 0.035635 -0.072538 -0.024922 0.097250 0.001296 0.095022 -0.128528 -0.096853 0.055188 0.042698 0.154368 0.094782 -0.106513 -0.445691 -0.169703 -0.054778 -0.126718 -0.013724 -0.041964
0.132362 0.091495 -0.288262 0.218455 -0.044981 0.082331 -0.006202 0.468826 0.037750 0.564338 0.288079 0.747384 0.364321 1.000000 0.029826 0.502146 -0.059330 0.029458 -0.185609 -0.206452 -0.236353 -0.234000 -0.337778 -0.033539 -0.228066 -0.201653 -0.279398 -0.296899 0.031260 0.341875 -0.196010 -0.274711 -0.027418 -0.212195 -0.336941 -0.088739 0.092750 0.014839 -0.179007 -0.122242 -0.039659 0.232883 -0.202542 -0.220876 -0.058628 -0.105645 0.003814 -0.118858 0.346215 0.071287 0.080773 0.262164 0.357558 0.149827 0.087868 0.278906 -0.026070 -0.270030 0.229656 0.205127 0.123582 0.468982 -0.046278 -0.004596 -0.298439 0.296951 -0.118435 -0.008071 -0.174895 0.010238 -0.120683 -0.185617 0.121528 0.293574 0.215972 0.154153 0.015049 -0.032804 -0.199487 -0.260053 -0.208051 -0.358276 -0.216685 0.077413 -0.127749 -0.057060 -0.011909 -0.011796 -0.019203 0.417844 -0.171739 -0.250152 0.002966 -0.159656 -0.374972 -0.141156 -0.319207 -0.216551 -0.163199 -0.238175 -0.165476 -0.072525 0.011691 -0.179971 -0.060597 -0.355743 -0.174992 -0.209990 -0.051509 -0.170875 -0.192900 -0.314722 -0.175764 -0.077176 -0.262376 -0.173039
0.214730 -0.135224 -0.169651 0.036718 0.291831 -0.074659 0.346718 -0.246930 0.267139 -0.058791 0.492768 -0.042140 0.504537 0.029826 1.000000 0.385628 0.070578 -0.252433 0.335828 0.083158 0.220112 0.008646 0.294876 0.122830 0.089047 -0.180034 0.444709 0.085396 0.121393 -0.067446 0.223059 0.066767 -0.221236 -0.252656 -0.070921 -0.142666 0.127260 0.036645 0.332931 0.087291 0.032030 0.121186 -0.233692 -0.401560 -0.288033 -0.264273 -0.241722 -0.406971 -0.207759 -0.184419 0.065558 -0.296161 -0.043273 -0.181805 0.132619 -0.237389 -0.012029 -0.023184 0.129708 -0.134603 0.055210 -0.329901 -0.088526 -0.161728 0.045553 -0.291360 -0.353494 -0.313705 -0.122419 0.019399 0.111230 0.057592 0.009776 0.015799 0.179853 0.200895 0.071412 0.039323 -0.021558 0.057502 -0.007300 0.065219 0.567253 0.117646 0.506599 -0.017714 0.354513 0.011919 0.406518 -0.002332 0.054979 0.160098 0.066141 0.222813 -0.039197 0.026224 -0.071306 0.107919 -0.163277 -0.140288 -0.096783 -0.257117 -0.084187 -0.139348 -0.076349 0.124960 -0.085912 0.096234 0.090149 0.041499 -0.165820 -0.099022 -0.156753 -0.032347 -0.033805 -0.010101
-0.050573 0.004659 -0.327344 0.380995 -0.017590 0.166314 -0.089708 0.294586 -0.011366 0.441598 0.260114 0.324238 0.184191 0.502146 0.385628 1.000000 -0.125168 -0.303892 -0.041077 -0.108935 -0.022988 0.101781 -0.085376 0.255193 0.019140 0.071069 0.180217 0.230803 -0.053636 0.050356 0.083997 0.037461 -0.267306 -0.242532 -0.194618 -0.083012 0.108143 0.261125 0.054112 0.086507 0.033475 0.330955 -0.151277 -0.252432 -0.193249 -0.092602 -0.105252 -0.269527 -0.098375 -0.175315 0.157709 -0.024988 -0.023791 -0.079466 -0.077357 -0.111609 -0.223018 -0.167288 -0.041974 -0.089847 -0.198032 -0.095094 -0.162353 -0.265916 -0.139827 0.083410 -0.439682 -0.122664 -0.110113 -0.025090 0.122013 0.105294 -0.165106 0.303314 0.157770 0.290414 -0.005498 0.027460 -0.100664 -0.198497 -0.002308 -0.146095 0.265469 0.305295 0.322279 0.244857 0.268559 0.275692 0.196385 0.211826 -0.011706 -0.061444 0.272516 0.169158 -0.237993 -0.073925 -0.298251 -0.108626 -0.194992 -0.237713 -0.202115 -0.264938 0.065344 -0.097723 0.112996 -0.085049 -0.088959 -0.133476 -0.211640 -0.058359 -0.006322 -0.115712 -0.146801 0.021367 -0.180461 -0.098456
0.123088 0.081192 -0.165538 -0.210063 -0.096881 -0.197085 -0.102463 -0.283978 -0.112407 -0.147626 0.056984 -0.011464 0.162371 -0.059330 0.070578 -0.125168 1.000000 0.309348 -0.183623 0.183183 -0.093449 -0.067163 -0.058510 -0.063921 -0.088696 -0.167297 -0.022745 -0.071990 0.305152 0.265820 0.072358 0.075960 -0.022612 -0.023094 0.104070 -0.089796 -0.064094 0.014992 0.106889 -0.149870 -0.070849 -0.072142 0.057915 -0.012200 0.033756 -0.087190 0.175045 0.010684 -0.067262 0.075147 -0.160803 -0.019231 -0.079100 -0.038491 0.031295 -0.015053 0.252344 0.216677 -0.143454 0.016462 -0.054397 -0.025205 0.532143 0.308323 -0.159747 -0.120407 -0.095389 -0.343673 0.041169 -0.266616 0.156625 0.136182 0.265012 0.097083 0.121974 0.078947 0.316120 0.244210 0.510523 0.147968 0.402124 0.266346 0.007630 -0.013318 0.011600 -0.114600 -0.064847 -0.125367 0.028856 -0.071792 -0.119304 -0.110509 -0.262116 -0.175656 0.136856 0.130071 0.010801 0.028880 -0.081839 0.114583 -0.023962 0.033129 -0.002350 -0.029522 0.012340 0.005307 0.005830 0.165938 0.080261 0.009143 -0.087327 0.099633 -0.046222 -0.079878 0.114027 0.150991
0.065668 0.369508 0.120023 -0.013126 -0.153629 -0.019798 -0.101061 -0.108845 -0.070931 -0.150624 -0.202573 0.050511 -0.030626 0.029458 -0.252433 -0.303892 0.309348 1.000000 -0.012066 0.205125 -0.197469 -0.179495 -0.137529 -0.417418 -0.071420 -0.283787 -0.365880 -0.440621 0.403865 0.550253 -0.060820 0.112197 0.317486 0.299130 -0.249015 -0.134460 0.085786 -0.009678 -0.000750 -0.084525 0.187068 0.039357 0.025198 0.018884 0.206513 0.025880 0.020396 -0.063385 0.062138 0.201660 -0.495036 -0.076390 0.051610 -0.015257 0.016181 -0.037727 0.079482 0.192486 -0.106512 0.020496 0.180379 0.198943 0.420414 0.571456 -0.095967 -0.138299 0.037347 -0.220335 0.082005 -0.120825 -0.104754 -0.179384 0.458649 0.135065 0.210459 -0.049253 0.139770 -0.014491 0.205825 0.218617 0.136298 0.234619 -0.114639 0.357366 -0.361276 -0.257325 -0.288235 -0.122958 -0.299896 -0.244383 -0.187686 -0.198187 -0.310888 -0.259720 0.038765 -0.004368 -0.011803 -0.090224 0.023707 0.039870 0.111499 0.250093 -0.008323 -0.231045 -0.010060 -0.167102 -0.019536 0.094367 0.091710 -0.137369 -0.203358 0.033989 0.146805 -0.105750 0.014702 -0.080331
0.222877 0.016032 0.206841 0.072407 0.514691 0.076160 0.381879 -0.145460 0.341395 0.043988 0.249618 -0.140802 0.255140 -0.185609 0.335828 -0.041077 -0.183623 -0.012066 1.000000 0.404680 -0.003912 -0.017688 0.135255 0.010060 0.195193 -0.242814 0.144379 -0.146166 0.155198 -0.036049 -0.035068 -0.053238 0.032499 -0.016117 -0.181483 -0.161060 0.024542 -0.197945 0.005016 -0.107865 0.138666 -0.175248 -0.215524 -0.329050 -0.249975 -0.265494 -0.390378 -0.231711 -0.227872 -0.186410 -0.358105 -0.500083 -0.088039 -0.224410 -0.055854 -0.311356 -0.155028 0.086659 0.028291 -0.195628 0.232487 -0.145643 0.051391 0.020667 0.017972 -0.215892 -0.080881 -0.182351 -0.025273 0.163400 -0.162514 -0.119329 0.081057 -0.234107 -0.112399 -0.000892 0.045651 -0.174052 0.011885 0.127482 0.104100 0.144297 0.454804 0.184520 0.136040 -0.011024 0.023015 -0.071949 0.151481 -0.116302 0.097061 0.269118 0.024817 0.173216 -0.012305 -0.095832 -0.012021 0.023617 -0.109596 -0.095725 -0.015298 0.105509 0.076826 -0.002402 -0.141674 0.291219 0.041309 0.073048 -0.117334 0.003439 -0.243830 -0.158519 -0.208105 -0.160597 0.004506 -0.004569
0.278466 0.505303 -0.253470 -0.109992 0.128403 -0.094829 0.010241 -0.461598 -0.012016 -0.076095 0.161027 -0.138508 0.154387 -0.206452 0.083158 -0.108935 0.183183 0.205125 0.404680 1.000000 0.007579 -0.100427 -0.210084 0.028284 -0.054806 -0.308659 0.049680 -0.158811 0.188065 0.195363 -0.215931 -0.070809 -0.126063 -0.056433 -0.314477 -0.318891 0.103347 0.162151 0.031948 -0.010376 0.070366 0.071793 -0.203929 -0.239416 -0.261300 -0.280513 -0.131951 -0.122429 -0.128160 -0.003082 -0.410528 -0.229110 0.126509 0.053395 0.147786 -0.165710 0.082852 0.396838 -0.060063 0.096072 0.018401 0.003620 0.349310 0.342596 -0.431771 -0.371048 -0.160418 -0.443273 0.458177 0.241815 0.113165 0.024163 0.081977 -0.061086 -0.123089 -0.129069 0.151309 -0.065646 0.209180 0.083853 0.241349 0.231171 0.341096 0.285168 -0.158082 -0.257101 -0.038176 -0.168647 0.008761 -0.180451 0.506485 0.587234 0.204231 0.416204 0.219153 -0.056891 0.046518 0.300511 0.286206 0.368451 0.262307 0.164619 0.076986 0.203545 0.084500 0.500552 0.389268 0.343545 0.063627 0.199895 -0.041790 0.089380 0.162060 0.130975 0.076310 0.258449
-0.196165 0.035000 0.052930 -0.044373 -0.011119 0.131359 -0.122622 -0.222655 -0.173507 -0.153753 -0.078844 -0.222742 -0.177596 -0.236353 0.220112 -0.022988 -0.093449 -0.197469 -0.003912 0.007579 1.000000 0.321927 0.272738 0.151139 0.036181 0.172137 0.395979 0.268122 0.016089 -0.010361 0.394043 0.315503 -0.159447 0.014184 0.250520 0.245901 0.156651 0.289872 0.349905 0.237808 0.088929 0.192877 -0.179872 -0.220020 -0.148805 -0.104440 -0.289627 -0.391374 -0.388258 -0.342705 -0.193083 -0.192916 -0.309539 -0.190672 -0.285056 -0.200394 0.044563 0.241447 -0.142892 -0.047259 -0.246824 -0.107063 -0.081756 -0.104160 0.088952 0.004376 -0.049376 -0.162938 0.135222 -0.014946 0.341323 0.202890 0.039112 0.214899 0.244793 0.133264 -0.000857 0.151871 -0.051496 -0.117525 0.069333 0.179252 0.290937 0.062892 0.144646 0.101795 0.112386 0.105347 0.034177 -0.127843 0.057430 0.128346 0.067923 0.201035 0.190126 0.256738 0.028983 0.180571 -0.125839 -0.039314 -0.066749 -0.026102 -0.042452 0.082797 0.008530 0.230547 0.014744 0.206645 0.172519 -0.050226 -0.008488 -0.045717 0.028319 0.169330 0.173452 0.155879
-0.376287 -0.114232 0.110505 0.051157 -0.207108 0.216257 -0.264094 -0.044101 -0.166771 -0.167918 -0.212945 -0.232164 -0.400833 -0.234000 0.008646 0.101781 -0.067163 -0.179495 -0.017688 -0.100427 0.321927 1.000000 0.236884 0.380380 0.132784 0.546369 0.429644 0.598820 -0.047854 -0.312032 0.409500 0.501919 -0.036961 0.100064 0.206707 0.123211 -0.024933 0.056098 0.216997 0.370869 0.160319 0.140303 0.167951 0.159694 -0.001157 0.091610 -0.042914 -0.069370 -0.351247 -0.217054 -0.015634 -0.180591 -0.368356 -0.226309 -0.150888 -0.139899 -0.104480 0.050455 -0.384820 -0.242323 -0.487853 -0.418373 -0.225988 -0.315766 0.152056 -0.060183 -0.201916 -0.014292 0.116832 -0.083690 0.207023 0.478636 -0.235077 -0.014508 -0.188247 -0.029738 -0.294101 -0.013118 0.214406 0.103678 0.173958 0.246560 0.260177 0.069662 0.121789 0.379603 0.125561 0.278431 -0.041811 -0.089734 -0.056251 -0.077070 -0.012473 -0.006738 0.132418 0.056122 0.168964 0.057477 -0.114913 -0.118670 -0.121275 -0.105716 -0.146184 0.048559 0.079671 0.193601 -0.008053 0.027481 -0.181423 0.001943 0.224791 0.021798 -0.012189 0.079533 0.130801 0.076787
-0.411821 -0.290704 0.324427 0.235032 0.069196 0.242362 0.244710 -0.203437 0.242561 -0.182907 -0.221808 -0.585431 -0.113472 -0.337778 0.294876 -0.085376 -0.058510 -0.137529 0.135255 -0.210084 0.272738 0.236884 1.000000 0.508982 0.450541 0.401467 0.259056 0.290073 -0.248873 -0.334264 0.553031 0.397239 -0.078546 0.245620 0.321277 0.220289 -0.141074 -0.078496 0.292583 0.167300 -0.092044 -0.207064 -0.144030 -0.157865 -0.190439 -0.100347 -0.274389 -0.245259 -0.433652 -0.277626 -0.075327 -0.375173 -0.506400 -0.450578 -0.159001 -0.264123 -0.152539 -0.019221 -0.369392 -0.401605 -0.053819 -0.505705 -0.198379 -0.203700 0.592157 -0.111847 -0.207329 0.097019 -0.009890 0.190434 -0.113056 0.094371 -0.117491 -0.220571 -0.131945 -0.149143 -0.053204 -0.035962 0.055506 0.126508 -0.009124 0.113940 0.147107 -0.072199 0.307801 0.265148 0.207790 -0.012588 0.475106 0.015942 -0.133102 -0.025304 -0.070079 -0.051780 -0.009123 -0.037556 0.124775 0.023633 -0.293263 -0.114514 -0.106427 -0.061950 -0.152090 -0.040576 -0.080725 0.171822 -0.159672 -0.017017 -0.194279 0.049470 0.170341 -0.029433 -0.173136 0.142662 0.223710 0.070611
-0.457753 -0.253774 -0.241983 0.376929 -0.108457 0.295650 -0.155862 0.025604 0.015260 0.207058 -0.084444 -0.245244 -0.168879 -0.033539 0.122830 0.255193 -0.063921 -0.417418 0.010060 0.028284 0.151139 0.380380 0.508982 1.000000 0.404116 0.625028 0.402163 0.550486 -0.512574 -0.400332 0.366928 0.253497 -0.475494 -0.120303 0.292926 0.192150 -0.192552 0.054771 0.109415 0.221678 -0.296983 -0.097832 -0.234155 -0.165802 -0.379128 -0.198147 -0.169453 -0.102104 -0.339366 -0.393074 0.176672 -0.076256 -0.259230 -0.188891 -0.052443 -0.042823 -0.235507 -0.030069 -0.370812 -0.142005 -0.424876 -0.277542 -0.274389 -0.404951 0.132777 0.188633 -0.377569 0.155328 0.044091 0.200863 0.075754 0.370878 -0.442817 -0.139734 -0.289649 -0.096518 -0.067118 -0.025159 -0.016481 -0.010191 -0.148152 -0.281564 0.009647 -0.234790 0.284513 0.330324 0.316855 0.083903 0.493638 0.357601 0.199045 0.242910 0.328472 0.211581 0.085294 -0.103799 -0.003660 0.191167 -0.239906 0.027029 -0.067737 -0.145559 -0.142788 0.064762 0.084994 0.361485 -0.057528 -0.035610 -0.229837 0.275796 0.445749 0.011234 -0.020315 0.227331 0.083156 0.275945
-0.536616 -0.456854 0.193922 0.458207 0.119253 0.566128 0.000331 0.111789 0.026919 0.101516 -0.200692 -0.395942 -0.113636 -0.228066 0.089047 0.019140 -0.088696 -0.071420 0.195193 -0.054806 0.036181 0.132784 0.450541 0.404116 1.000000 0.542473 0.100250 0.192126 -0.121612 -0.126120 0.385968 0.328489 -0.344596 -0.091815 0.032081 0.115242 -0.220292 0.031704 0.091019 0.000403 -0.061684 -0.211417 -0.185309 -0.083254 0.059644 0.259397 -0.302369 -0.160711 -0.342702 -0.028633 -0.012762 -0.215041 -0.399875 -0.352545 -0.192120 -0.337959 -0.422553 -0.270288 -0.228524 -0.197412 -0.247186 -0.377265 -0.193684 -0.382359 0.308234 0.177347 -0.105320 0.329753 -0.213659 0.175611 0.022603 0.096101 0.000445 -0.089797 -0.135571 -0.149260 -0.208041 -0.282062 -0.056333 -0.098495 -0.124770 -0.192811 0.141854 0.034384 0.351214 0.181634 0.222783 0.085551 0.405867 0.045430 0.166577 0.222218 0.294850 0.178622 0.065850 0.032800 -0.286107 -0.076696 -0.348423 -0.142938 -0.173926 -0.083804 0.089972 -0.025600 0.100540 0.329085 -0.020644 -0.065953 -0.106473 0.179786 0.140076 -0.130954 -0.021795 0.104099 0.165442 0.288200
-0.714034 -0.425011 0.086715 0.365636 -0.366811 0.512925 -0.327485 0.269684 -0.265756 -0.068650 -0.382830 -0.377950 -0.537690 -0.201653 -0.180034 0.071069 -0.167297 -0.283787 -0.242814 -0.308659 0.172137 0.546369 0.401467 0.625028 0.542473 1.000000 0.240607 0.669719 -0.367791 -0.332650 0.494618 0.544605 -0.239399 0.140117 0.360931 0.408986 -0.210534 0.058512 0.101868 0.225832 -0.102646 -0.062308 0.079775 0.258659 0.120938 0.367124 -0.061399 0.156165 -0.370960 -0.184365 0.205163 -0.043654 -0.455592 -0.194360 -0.291760 -0.159161 -0.335372 -0.238000 -0.534218 -0.365974 -0.604225 -0.451924 -0.422795 -0.584296 0.343883 0.288750 -0.219142 0.498110 -0.017993 0.050378 0.070514 0.368652 -0.332618 -0.082259 -0.327799 -0.223716 -0.272455 -0.060147 -0.029131 -0.054458 -0.150584 -0.187005 -0.026184 -0.072360 0.222141 0.394396 0.269925 0.404591 0.127810 0.089690 0.038849 0.008634 0.155482 0.006327 0.099873 0.039824 0.037365 -0.002875 -0.216333 -0.049551 -0.132151 -0.133847 -0.059267 0.015550 0.109424 0.151892 -0.184013 -0.243285 -0.188135 0.186384 0.541552 0.004452 -0.023876 0.283663 0.132733 0.200814
-0.011470 -0.165459 -0.204551 -0.057502 0.083238 0.042119 -0.047486 -0.219720 -0.008851 -0.152368 0.081335 -0.239613 -0.027677 -0.279398 0.444709 0.180217 -0.022745 -0.365880 0.144379 0.049680 0.395979 0.429644 0.259056 0.402163 0.100250 0.240607 1.000000 0.579647 -0.071265 -0.320375 0.336161 0.219121 -0.285659 -0.193434 0.266791 0.009059 0.075230 0.031297 0.282079 0.348687 0.033010 0.110759 0.016296 -0.075912 -0.213831 -0.169969 -0.156795 -0.159033 -0.294565 -0.304943 0.171608 -0.123272 -0.175669 -0.100580 -0.125532 -0.234928 0.000263 0.077471 -0.101139 -0.114353 -0.356943 -0.355856 -0.170296 -0.289349 -0.059050 -0.186133 -0.283625 -0.146642 0.058200 -0.083069 0.346427 0.362890 -0.201033 0.012045 0.087577 0.207741 0.059422 0.197583 0.085364 0.100320 0.041681 0.061134 0.381411 -0.111617 0.315572 0.170398 0.174292 0.096424 0.106475 -0.055434 0.174865 0.203707 0.173548 0.154221 0.109762 0.024660 0.145572 0.196011 -0.006491 0.021375 -0.016407 -0.162775 -0.034437 0.201935 0.136601 0.361233 -0.007098 0.114903 -0.037018 0.129896 0.098770 0.043117 -0.018319 0.198450 0.087546 0.286173
-0.366790 -0.235788 -0.175705 0.156854 -0.327959 0.235428 -0.354685 0.047039 -0.332313 -0.159663 -0.118857 -0.280834 -0.394905 -0.296899 0.085396 0.230803 -0.071990 -0.440621 -0.146166 -0.158811 0.268122 0.598820 0.290073 0.550486 0.192126 0.669719 0.579647 1.000000 -0.328302 -0.400183 0.516765 0.489606 -0.273333 0.010289 0.398691 0.208389 -0.141606 0.122199 0.204094 0.375296 0.008933 0.094938 0.089986 0.125028 -0.106515 0.076960 -0.044828 0.007242 -0.423498 -0.352886 0.223573 -0.070858 -0.417426 -0.105608 -0.293431 -0.158455 -0.146464 -0.059045 -0.493290 -0.334671 -0.665492 -0.498519 -0.338307 -0.538478 0.135701 0.024344 -0.379559 0.127948 0.138288 -0.090651 0.235342 0.492870 -0.424153 -0.020758 -0.188646 -0.042108 -0.145006 0.250201 0.087751 0.110846 0.144271 0.040770 0.221618 -0.019292 0.405341 0.499712 0.372798 0.407356 0.149179 -0.063900 0.032102 0.015374 0.176918 0.144920 0.079150 -0.033018 0.188827 0.100888 -0.071023 0.012072 -0.075057 -0.253060 0.034895 0.235613 0.173962 0.298171 -0.064834 -0.072885 -0.268212 0.160128 0.309596 0.067443 0.019484 0.295450 0.192530 0.164476
0.204876 0.186467 0.163686 -0.211009 0.159421 -0.041436 -0.001785 -0.175359 -0.015681 -0.118564 0.193773 0.121204 0.283603 0.031260 0.121393 -0.053636 0.305152 0.403865 0.155198 0.188065 0.016089 -0.047854 -0.248873 -0.512574 -0.121612 -0.367791 -0.071265 -0.328302 1.000000 0.480059 0.046470 0.130466 0.278727 0.046895 -0.390420 -0.347951 0.201060 -0.063166 0.084436 -0.210298 0.267953 0.078663 0.074512 -0.049622 0.211191 0.001797 0.013851 -0.107799 0.127543 0.206310 -0.293805 -0.091588 0.139728 0.000052 0.017988 -0.103912 -0.042043 -0.048793 0.160996 0.013963 0.190841 -0.011221 0.375952 0.222026 -0.208622 -0.300747 0.018352 -0.369797 -0.051088 -0.196831 0.036144 -0.075069 0.644650 0.125411 0.226732 0.041653 0.014848 -0.043463 0.251674 0.125310 0.328714 0.320196 0.340889 0.421391 -0.101156 -0.195321 -0.045875 -0.003978 -0.273586 -0.231851 -0.132834 -0.089318 -0.217254 -0.097062 -0.088995 0.101392 -0.151814 -0.123291 0.058118 -0.123578 0.087294 0.320767 0.213747 -0.135796 0.045170 -0.084810 0.120276 0.060825 0.156354 -0.262274 -0.381808 -0.123121 -0.098682 -0.304077 -0.051002 -0.126430
0.098934 0.383178 -0.158014 0.066290 -0.160696 0.011388 -0.247173 0.043541 -0.296004 0.066472 0.001750 0.281314 0.096144 0.341875 -0.067446 0.050356 0.265820 0.550253 -0.036049 0.195363 -0.010361 -0.312032 -0.334264 -0.400332 -0.126120 -0.332650 -0.320375 -0.400183 0.480059 1.000000 0.019660 0.130107 0.115255 0.018103 -0.363344 -0.105372 0.227662 0.229407 -0.062444 -0.156870 0.117351 0.219527 -0.075205 -0.110913 0.206708 0.049829 -0.045936 -0.075263 0.110435 0.239486 -0.418189 0.018919 0.152655 0.048478 -0.068867 0.032185 0.053982 0.055892 0.031294 0.153020 -0.013798 0.271172 0.422478 0.370565 -0.440592 -0.133599 -0.012438 -0.329166 0.035711 -0.228047 0.001955 -0.194375 0.552287 0.409232 0.373576 0.247260 0.264887 0.127470 0.142580 -0.045582 0.158352 0.105520 0.026115 0.460691 -0.188068 -0.276947 -0.214290 -0.016715 -0.257822 -0.228046 -0.123492 -0.168808 -0.124411 -0.112378 0.055333 0.088001 -0.262756 -0.073361 0.007156 -0.039684 0.093240 0.189000 0.190519 -0.072096 0.060428 -0.197404 -0.016270 -0.022285 0.191383 -0.036577 -0.242555 -0.065481 -0.020473 -0.058235 -0.129600 -0.039316
-0.528501 -0.154496 0.061711 0.316550 -0.250408 0.331481 -0.321250 -0.009364 -0.342325 -0.159248 -0.161129 -0.323695 -0.163980 -0.196010 0.223059 0.083997 0.072358 -0.060820 -0.035068 -0.215931 0.394043 0.409500 0.553031 0.366928 0.385968 0.494618 0.336161 0.516765 0.046470 0.019660 1.000000 0.773803 -0.233884 0.149130 0.274360 0.225425 -0.103330 0.126987 0.233075 0.233351 -0.044230 -0.030279 -0.111809 -0.153762 -0.058874 0.005233 -0.212904 -0.222007 -0.505932 -0.239814 -0.220909 -0.254224 -0.542924 -0.274345 -0.339980 -0.189300 -0.238656 -0.087733 -0.469579 -0.227253 -0.477082 -0.416648 -0.195081 -0.280861 0.252227 -0.030763 -0.329992 -0.064735 -0.078835 -0.188808 0.203563 0.405357 0.085518 0.020862 -0.016371 -0.036949 -0.020118 0.206719 0.053704 0.188693 0.031910 0.085130 0.323965 0.241070 0.300915 0.232658 0.253267 0.190719 0.156652 -0.104777 -0.077077 -0.075574 0.031619 -0.001288 0.084255 0.141159 0.024880 0.120664 -0.231635 -0.059038 -0.108400 -0.082260 -0.012050 0.072663 0.163105 0.234008 -0.089754 0.006225 -0.021721 0.073385 0.162358 0.040475 0.022593 0.214775 0.286906 0.217122
-0.587532 -0.046219 0.085822 0.345499 -0.404527 0.403258 -0.414826 -0.006651 -0.422629 -0.332431 -0.308727 -0.390802 -0.370010 -0.274711 0.066767 0.037461 0.075960 0.112197 -0.053238 -0.070809 0.315503 0.501919 0.397239 0.253497 0.328489 0.544605 0.219121 0.489606 0.130466 0.130107 0.773803 1.000000 -0.106657 0.359520 0.151261 0.304589 -0.079845 0.205773 0.272561 0.249020 0.137929 0.101929 0.097167 0.118480 0.209306 0.332920 -0.087956 -0.054273 -0.483621 -0.090218 -0.319659 -0.305489 -0.560225 -0.282854 -0.341829 -0.275089 -0.278479 -0.072357 -0.572930 -0.356406 -0.586363 -0.465177 -0.088371 -0.205111 0.223582 -0.054671 -0.359384 -0.009075 0.099823 -0.232582 0.174298 0.366524 0.018716 -0.036290 -0.060513 -0.173177 -0.091704 0.154549 0.202836 0.097112 0.104197 0.173896 0.375087 0.487912 0.206201 0.218112 0.231920 0.331757 0.032960 -0.267721 -0.051999 -0.122807 -0.089908 -0.121887 0.088526 0.109462 0.019096 0.006205 -0.180982 -0.093582 -0.050603 -0.021892 0.072270 -0.021656 0.088603 0.152354 -0.124140 -0.084626 -0.136872 -0.066941 0.226003 0.017920 0.017313 0.186218 0.189671 0.131331
0.257243 0.167655 0.368256 -0.232638 -0.046248 -0.118216 0.163972 -0.024877 0.116335 -0.154192 -0.233695 0.040426 -0.133527 -0.027418 -0.221236 -0.267306 -0.022612 0.317486 0.032499 -0.126063 -0.159447 -0.036961 -0.078546 -0.475494 -0.344596 -0.239399 -0.285659 -0.273333 0.278727 0.115255 -0.233884 -0.106657 1.000000 0.655572 -0.029118 0.083366 0.139184 -0.417133 -0.066987 -0.041636 0.243821 0.042711 0.411372 0.325183 0.299038 0.110800 0.281252 0.206712 0.236397 0.224691 -0.200653 -0.037160 0.172477 0.080167 0.002416 0.199241 0.243212 -0.000741 0.090351 -0.223048 0.376597 0.022842 0.065042 0.261772 0.088255 -0.278691 0.306284 -0.084552 0.099379 -0.081069 -0.406542 -0.349141 0.275064 -0.077761 -0.011909 -0.259839 -0.174236 -0.226638 0.079293 0.060829 0.124981 0.260777 -0.201948 0.121288 -0.350713 -0.064681 -0.214201 0.022301 -0.292929 -0.150949 -0.576125 -0.543988 -0.636317 -0.487448 -0.299451 -0.361807 0.231783 -0.437138 0.082138 -0.296743 -0.164262 0.110305 -0.229855 -0.377036 -0.309897 -0.451499 -0.127756 -0.139970 -0.187019 -0.399086 -0.290361 -0.013340 -0.247019 -0.375769 -0.260577 -0.598130
-0.077830 0.184816 0.291300 0.040205 -0.294477 0.089509 0.001103 -0.046537 -0.084011 -0.271659 -0.451484 -0.321182 -0.402899 -0.212195 -0.252656 -0.242532 -0.023094 0.299130 -0.016117 -0.056433 0.014184 0.100064 0.245620 -0.120303 -0.091815 0.140117 -0.193434 0.010289 0.046895 0.018103 0.149130 0.359520 0.655572 1.000000 0.248000 0.427848 -0.026428 -0.284641 0.005381 0.003944 0.050094 -0.063222 0.291288 0.276036 0.168776 0.200487 0.124282 0.178125 -0.224152 -0.006471 -0.374713 -0.264307 -0.244163 -0.090540 -0.254367 -0.079035 0.132157 0.134445 -0.352602 -0.386239 0.080423 -0.111299 -0.051278 0.194599 0.331219 -0.134390 0.062549 0.036035 0.306675 -0.029727 -0.358184 -0.163860 0.075047 -0.239552 -0.217802 -0.411092 -0.082105 -0.099530 0.103295 0.141005 0.068370 0.236050 -0.110788 0.237504 -0.171778 0.037836 -0.065137 0.100685 -0.130580 -0.240923 -0.407914 -0.421067 -0.545938 -0.452807 -0.156446 -0.329334 0.244888 -0.217055 -0.012980 -0.210532 -0.121413 0.100756 -0.189417 -0.220095 -0.295576 -0.283924 -0.281144 -0.304859 -0.225660 -0.259624 0.075524 0.094585 -0.107856 -0.140675 -0.123944 -0.451107
-0.133861 -0.265138 -0.037888 -0.067424 -0.244888 -0.181560 -0.162582 -0.140684 -0.238053 -0.343121 -0.153919 -0.377653 -0.383253 -0.336941 -0.070921 -0.194618 0.104070 -0.249015 -0.181483 -0.314477 0.250520 0.206707 0.321277 0.292926 0.032081 0.360931 0.266791 0.398691 -0.390420 -0.363344 0.274360 0.151261 -0.029118 0.248000 1.000000 0.696014 0.002874 -0.088561 0.032166 0.027846 -0.211079 -0.262384 0.023655 0.071836 -0.142851 -0.050775 0.083437 0.100278 -0.375583 -0.416486 0.118379 -0.124791 -0.390577 -0.237517 -0.250916 0.007247 0.152549 0.017982 -0.279042 -0.164207 -0.187335 -0.154479 -0.094851 -0.036574 0.405157 0.141581 0.187702 0.184818 -0.047417 -0.229759 -0.114180 0.122914 -0.246964 -0.221553 -0.149650 0.011454 0.197006 0.269645 0.040391 0.188159 -0.044931 0.030702 -0.111607 -0.360906 0.315480 0.297287 0.161415 0.082050 0.105272 -0.016269 -0.234067 -0.195888 -0.186410 -0.131105 0.289854 -0.019958 0.272213 0.206303 -0.094029 0.022573 -0.143558 -0.273747 -0.274064 0.194103 -0.113793 0.108041 -0.334222 -0.068894 0.015331 0.234972 0.425686 0.339873 0.186193 0.271085 0.287546 0.058701
-0.199366 -0.248565 0.022350 0.120029 -0.402248 0.040215 -0.118992 0.087333 -0.254483 -0.282260 -0.256565 -0.269760 -0.413848 -0.088739 -0.142666 -0.083012 -0.089796 -0.134460 -0.161060 -0.318891 0.245901 0.123211 0.220289 0.192150 0.115242 0.408986 0.009059 0.208389 -0.347951 -0.105372 0.225425 0.304589 0.083366 0.427848 0.696014 1.000000 -0.074359 -0.027049 -0.029591 -0.078777 -0.110802 -0.176395 0.048781 0.163749 0.129951 0.283556 0.003761 0.215357 -0.275707 -0.217709 -0.092335 -0.205902 -0.352969 -0.289114 -0.241273 0.059533 0.088737 -0.170316 -0.277164 -0.274085 -0.177837 -0.178680 -0.190398 -0.109542 0.402836 0.179873 0.171284 0.361448 -0.085509 -0.225982 -0.188595 -0.018122 -0.094465 -0.157138 -0.123165 -0.125730 0.088518 0.081751 -0.110265 0.034140 -0.237963 -0.095757 -0.138241 -0.123514 0.199910 0.143727 0.138269 0.224691 0.050328 -0.053899 -0.238493 -0.272869 -0.280016 -0.225373 0.168348 -0.056831 0.163778 0.064060 -0.167676 -0.118720 -0.140354 -0.179913 -0.136538 0.042714 -0.286738 -0.076196 -0.409186 -0.249100 -0.018141 0.196794 0.456235 0.213761 0.080318 0.241519 0.178827 -0.097314
