1.000000 0.203857 -0.072732 -0.408107 -0.152748 -0.155889 -0.203385 -0.365758 -0.190032 -0.010553 0.389016 0.068649 0.052473 -0.031852 0.068401 -0.336074 0.255638 0.216049 0.283901 0.222042 -0.084171 -0.178305 -0.165402 -0.347071 -0.101649 -0.446938 -0.196248 -0.197567 0.191692 -0.085267 -0.242722 -0.365835 -0.056989 -0.240359 -0.303184 -0.492741 0.102471 0.089773 -0.094913 -0.058609 -0.061011 -0.130543 0.110745 -0.046678 -0.093198 -0.179858 0.060683 0.110692 0.033601 0.066994 0.038975 0.083628 0.099468 0.082467 0.078999 0.070159 0.448644 0.099141 0.324601 0.263200 0.075529 -0.114680 0.115702 0.229875 -0.228370 -0.224985 0.065157 -0.263626 0.412664 0.259891 0.043867 0.032820 0.030732 0.000436 -0.033600 -0.084740 0.211651 -0.179122 0.137403 -0.027638 0.054986 0.071326 -0.153204 -0.197155 0.003494 -0.240846 -0.034858 -0.030473 -0.188383 -0.134490 0.046273 0.247082 -0.243146 0.102338 -0.173682 0.006960 0.075309 -0.073441 0.186741 0.255261 -0.038341 0.276336 0.125473 0.250489 0.226931 0.065665 0.219178 0.113740 0.142599 0.092921 -0.042617 0.135929 -0.060328 0.008455 -0.007787 -0.024507
0.203857 1.000000 -0.346675 -0.160580 -0.206333 -0.257959 -0.177406 -0.111260 -0.304713 -0.330279 0.213920 0.434400 -0.008243 0.352419 -0.138198 -0.284200 -0.064336 0.086338 -0.107285 0.130235 -0.012708 -0.424349 -0.339439 -0.380401 -0.359975 -0.369047 -0.141665 -0.285110 -0.036963 0.062083 -0.368062 -0.432370 0.261021 -0.417183 -0.102668 -0.319783 0.003013 0.112708 -0.121961 0.212196 0.062751 0.008281 -0.169076 0.060278 0.130417 -0.155184 -0.013927 -0.038659 0.323775 0.197833 0.205957 0.316554 0.186500 0.111706 0.233034 0.373121 0.215457 0.207981 0.393848 0.368564 -0.141297 0.313444 -0.087596 0.223263 -0.477542 -0.178141 0.228042 -0.270061 -0.037911 0.095267 -0.038088 -0.340042 0.006234 0.179976 0.156209 -0.107596 0.198273 0.042924 -0.308689 -0.265890 -0.100859 -0.271182 -0.149465 -0.066791 -0.409592 -0.108649 -0.079527 -0.044481 -0.240939 0.313160 0.092763 0.074903 0.076534 0.098302 -0.247352 -0.088464 0.125727 0.158780 0.316440 0.094837 0.310664 0.125432 0.230879 -0.059932 -0.087338 0.003805 0.109251 -0.186573 0.014145 0.176485 -0.024707 -0.044381 -0.169311 -0.189359 0.014941 -0.146176
-0.072732 -0.346675 1.000000 0.072054 0.164138 0.384817 0.556281 0.130251 0.372320 0.349333 -0.038789 -0.384672 0.112106 -0.308913 0.047316 -0.056302 -0.190091 -0.218168 0.334385 -0.134485 0.010939 0.087733 0.450310 0.175956 0.233880 0.178268 0.148661 0.408745 -0.231606 -0.274590 0.132769 0.039949 -0.235581 0.085646 -0.002193 0.048590 -0.172600 -0.350878 -0.048322 -0.330674 -0.254342 -0.248480 0.004870 -0.070538 -0.250040 -0.262654 -0.018330 -0.026127 0.035329 -0.161870 0.117470 -0.004616 0.142135 0.057860 0.073711 -0.099153 -0.195964 -0.139954 0.011813 -0.214045 0.337666 -0.072462 -0.123431 -0.241416 0.259072 0.131995 -0.128459 0.101478 -0.030110 0.053105 -0.025683 0.156744 -0.224172 -0.120372 -0.029988 -0.067099 -0.135456 -0.022059 -0.120494 0.135808 -0.365001 -0.254118 -0.023245 -0.363622 0.008125 -0.185476 0.163843 -0.064018 0.261172 -0.062111 0.124652 0.395335 0.001322 0.192477 0.097896 -0.011318 -0.024615 -0.118995 -0.177067 0.051529 -0.128293 -0.130412 -0.214304 0.110330 0.153751 0.123836 0.033111 -0.067273 0.070058 -0.024133 0.126697 0.116770 0.129335 0.141397 0.184900 0.144784
-0.408107 -0.160580 0.072054 1.000000 0.069199 0.050431 0.135566 0.574794 0.053264 -0.060015 -0.355835 0.236829 -0.160986 0.077339 0.096405 0.555459 0.050983 -0.049015 -0.060013 0.210826 0.292496 0.229640 0.250342 0.665190 0.149227 0.302719 0.070706 -0.011392 0.108712 0.336793 0.405771 0.579544 -0.017166 0.318495 -0.049709 0.155762 0.029747 -0.005669 -0.067074 -0.090497 0.095744 0.254080 -0.317061 -0.371538 -0.307050 -0.218538 -0.368234 -0.336542 -0.375454 -0.433540 -0.186667 -0.281846 -0.210093 -0.264327 -0.304805 -0.384113 -0.134162 -0.187957 -0.244355 -0.038524 -0.260142 -0.005762 0.312957 0.128747 0.100074 0.051070 -0.116207 0.004560 -0.231485 -0.227672 0.031800 0.119466 0.308073 0.210380 0.205706 0.056683 -0.002053 0.096350 -0.049375 0.070765 0.099878 0.000528 0.413293 0.496086 0.043666 0.326978 0.241326 0.133372 0.247137 0.158672 0.182322 -0.246259 0.400138 -0.070512 -0.253512 -0.107677 -0.408096 -0.300091 -0.212057 -0.303231 -0.124137 -0.079470 -0.003319 -0.242337 -0.283678 -0.273992 -0.118832 -0.161390 -0.237143 -0.304565 -0.315107 -0.210749 -0.058730 -0.035886 -0.278151 -0.138214
-0.152748 -0.206333 0.164138 0.069199 1.000000 0.137525 0.309564 0.257897 0.339148 0.265407 0.073462 0.043109 0.095616 0.092008 0.143117 0.158573 -0.196596 0.128864 -0.029407 0.105522 0.233444 0.074068 0.037665 -0.014961 0.187241 -0.066370 0.262523 -0.018003 0.156132 0.084797 0.071237 0.090286 -0.215319 0.050297 -0.058134 -0.111502 -0.041615 -0.199536 0.067332 -0.193871 -0.067235 -0.024735 0.055376 -0.156024 -0.011837 -0.042387 -0.070408 -0.165487 0.081796 -0.025942 -0.029832 -0.088322 0.094225 0.068482 -0.030391 -0.113843 -0.295449 -0.222548 -0.080715 0.033521 -0.072996 0.041508 -0.116061 -0.008926 -0.103561 -0.063867 -0.042669 -0.039455 -0.129033 -0.181073 0.161270 0.026422 0.255633 0.049529 -0.003814 0.040507 -0.098209 -0.006387 -0.063114 -0.115702 0.001883 -0.032772 -0.037994 0.133712 -0.065951 -0.302622 -0.164978 -0.251670 -0.073227 -0.043549 0.259213 0.150836 0.153010 0.149771 -0.008539 0.076214 -0.163552 -0.117701 0.046739 -0.042562 0.015003 0.012938 -0.105692 -0.092091 -0.076429 -0.071714 0.009114 0.031822 0.034476 -0.038169 -0.137144 -0.043041 0.017570 0.040348 0.023369 -0.096814
-0.155889 -0.257959 0.384817 0.050431 0.137525 1.000000 0.248809 0.006805 0.239648 0.251961 -0.122282 -0.118465 0.086242 -0.212886 0.244411 0.179806 -0.245243 -0.222080 0.238812 -0.041898 0.102383 0.462067 0.323751 0.287550 0.103916 0.293171 0.485120 0.430265 -0.097974 -0.205912 0.135324 0.251750 -0.227896 0.046312 0.047194 0.056543 -0.152931 -0.091871 0.128249 -0.231598 -0.177733 0.028082 -0.055044 -0.084829 -0.159441 -0.117842 -0.050548 -0.062003 0.024412 -0.157155 0.045788 -0.087578 0.102268 -0.030151 -0.107556 -0.093437 -0.304180 -0.019338 -0.127089 -0.235082 0.017894 -0.049895 -0.330670 -0.308380 0.289806 0.213207 -0.237680 0.002585 0.021615 0.079149 0.049060 0.201771 -0.061218 0.020454 0.013294 -0.055539 -0.083182 -0.056197 -0.196000 -0.037019 -0.261741 -0.200788 0.090026 0.062824 0.247370 0.036291 0.126225 0.011984 0.272748 -0.041304 -0.070042 0.088571 -0.034792 -0.066298 0.053869 -0.015247 -0.089761 -0.050449 -0.227163 0.004461 -0.169185 -0.197375 -0.290228 -0.092600 0.049039 0.092075 0.107474 0.127655 -0.078238 -0.121773 0.038875 0.023934 0.043545 -0.133860 -0.089782 -0.033786
-0.203385 -0.177406 0.556281 0.135566 0.309564 0.248809 1.000000 0.299288 0.398064 0.034898 0.139877 -0.017302 0.538571 0.086385 0.285591 0.090023 -0.067508 -0.202799 0.249143 0.121424 0.209448 -0.050551 0.320399 0.251690 0.054925 0.127994 0.166811 0.080713 -0.072529 -0.097191 0.300204 0.210169 -0.214321 0.223465 0.097291 0.141874 -0.180563 -0.199805 -0.054929 -0.321152 -0.333532 -0.151454 -0.295913 -0.263767 -0.348104 -0.319947 -0.261454 -0.186927 -0.143272 -0.415986 -0.202930 -0.310165 -0.086803 -0.146577 -0.118762 -0.307564 -0.155974 -0.117507 -0.015512 -0.300740 0.373984 0.108023 -0.004165 -0.103349 0.302155 0.186522 -0.314601 -0.073545 -0.101723 -0.032141 0.074545 0.070636 -0.041151 0.039471 0.144923 0.147200 0.072483 0.144602 -0.153079 0.053978 -0.282255 -0.275126 0.164349 -0.119828 0.143520 -0.247287 0.280201 -0.014379 0.386266 -0.008612 0.116576 0.282040 0.283311 0.314650 -0.108091 0.046016 -0.210958 -0.019968 -0.274726 0.010326 0.081179 -0.077032 -0.104298 0.009251 0.061335 0.042378 -0.113290 -0.059194 0.190480 0.048552 0.070071 0.074894 0.053003 0.107795 0.106100 -0.001991
-0.365758 -0.111260 0.130251 0.574794 0.257897 0.006805 0.299288 1.000000 0.026364 0.202227 -0.067228 0.351727 -0.181395 0.449225 -0.268964 0.269022 0.025269 0.178798 -0.255583 -0.037859 0.176480 0.066877 -0.240823 0.252943 0.211644 0.183911 0.126734 -0.122895 -0.039360 0.251396 0.065670 0.351369 -0.171839 0.280047 -0.149640 0.099941 -0.046095 -0.159354 -0.185270 -0.120873 0.028738 0.020795 -0.283535 -0.334790 -0.279628 -0.124041 -0.421821 -0.303660 -0.259387 -0.392669 -0.111884 -0.260969 -0.249473 -0.307168 -0.213102 -0.346446 -0.199996 -0.404756 -0.095471 0.036281 0.042975 0.543137 0.097193 0.395744 0.089560 0.546490 -0.141296 0.009178 -0.352881 -0.431934 0.108319 0.061255 0.176371 0.255570 0.143544 0.177106 0.142034 0.218545 -0.026145 -0.036239 0.061110 -0.053694 0.073737 0.264568 -0.110814 0.023685 -0.006704 -0.113642 0.015522 0.011350 0.374627 -0.187473 0.533137 -0.086206 -0.087051 -0.003599 -0.298843 -0.163281 -0.138746 -0.179814 0.087792 -0.097632 -0.039314 -0.293268 -0.090141 -0.185806 -0.092697 -0.115697 -0.082213 -0.209790 -0.102719 -0.155761 -0.009771 0.027312 -0.101935 -0.099489
-0.190032 -0.304713 0.372320 0.053264 0.339148 0.239648 0.398064 0.026364 1.000000 0.189071 -0.063494 -0.177468 0.257429 -0.145467 0.240265 0.143805 0.057235 0.076327 0.368220 0.196129 -0.251040 -0.049359 0.433715 0.262367 0.093614 0.102059 0.111688 0.365352 -0.090514 -0.141281 0.107143 0.149629 -0.239617 0.114624 -0.014568 0.166998 -0.148215 -0.128107 -0.085684 -0.340566 -0.246661 -0.190947 0.027820 -0.095239 -0.048410 -0.078637 0.009931 0.047119 -0.044129 -0.079511 -0.141739 -0.114928 0.071039 0.229002 -0.186385 -0.097454 -0.053362 0.065740 -0.201523 -0.359836 0.070213 -0.100345 -0.158973 -0.255430 0.245919 0.036182 -0.317128 -0.110587 0.002887 0.131678 -0.001890 0.096328 0.048607 -0.088923 -0.061679 -0.026920 -0.161858 -0.049173 0.160245 0.107270 -0.106243 -0.030931 -0.034825 -0.171505 0.192346 -0.155251 0.231476 -0.091665 0.254426 -0.050013 -0.024225 0.248240 -0.025110 0.077922 -0.082850 0.085925 -0.206254 0.033508 -0.060747 0.120270 -0.132469 -0.054762 -0.292482 -0.057320 -0.105757 0.066590 -0.254195 -0.177081 0.164300 0.079832 -0.084525 0.175995 0.145798 0.122198 0.164970 0.098532
-0.010553 -0.330279 0.349333 -0.060015 0.265407 0.251961 0.034898 0.202227 0.189071 1.000000 0.091709 -0.098042 -0.185733 0.012040 -0.233530 0.139005 -0.127996 0.228828 -0.078327 -0.165169 -0.217211 0.113776 -0.080489 -0.087895 0.350636 -0.044438 0.139707 0.175884 0.003601 0.082567 -0.165188 -0.102387 -0.199333 0.011661 -0.141220 -0.026800 -0.098825 -0.253771 -0.147200 -0.399220 0.036400 -0.152339 0.276240 0.047262 0.061446 0.133554 0.137473 0.132083 0.119918 0.145431 0.195986 0.174493 0.151118 0.121663 -0.034362 0.044150 -0.357260 -0.272462 -0.078904 -0.006385 0.033439 0.062676 -0.158784 -0.013535 -0.012617 0.160802 0.012095 0.093156 -0.139967 -0.196756 -0.270624 0.033148 0.043178 0.066012 -0.139042 -0.156033 -0.100625 -0.192236 0.038163 -0.031546 -0.019806 0.109005 -0.243808 -0.055732 -0.071983 -0.098559 -0.238160 -0.180030 -0.140421 -0.311510 0.136116 0.107079 -0.129412 -0.197067 0.095185 0.055848 -0.033010 -0.076319 0.041738 0.130226 -0.142305 -0.152086 -0.346860 -0.193838 0.108489 0.029901 0.053436 -0.125535 0.068004 -0.052102 0.052884 0.140187 0.093912 0.060334 0.074517 0.071270
0.389016 0.213920 -0.038789 -0.355835 0.073462 -0.122282 0.139877 -0.067228 -0.063494 0.091709 1.000000 0.414497 0.458373 0.439558 0.035321 -0.183371 0.090418 0.154203 0.034836 0.051558 -0.068517 -0.284527 -0.231718 -0.267861 -0.089095 -0.401920 -0.246835 -0.154364 0.140890 0.115525 -0.255276 -0.284502 -0.116172 -0.228121 -0.197662 -0.302238 0.006844 0.135871 -0.091489 -0.018704 -0.073940 -0.081415 0.006923 -0.015690 -0.148409 -0.188145 0.069941 0.012289 0.181449 0.016771 0.186608 0.123679 0.092270 0.096523 0.186500 0.089627 -0.082804 -0.286572 0.257124 0.091209 0.268139 0.211612 -0.051769 0.125849 -0.099769 0.037498 -0.139301 -0.251049 -0.029813 -0.149820 -0.042411 -0.058425 0.091733 0.255357 0.168566 0.157907 0.298462 0.040153 -0.033766 -0.176284 0.030682 -0.021882 -0.049322 -0.028098 -0.163549 -0.244596 -0.114964 -0.074261 -0.199716 -0.162537 0.117294 0.168039 -0.121123 0.153193 -0.155715 -0.024609 -0.002004 0.043513 0.132534 0.029885 0.241408 -0.024480 -0.089179 -0.068064 0.207253 0.022532 -0.043840 -0.113741 0.036663 0.089836 0.001511 0.013514 -0.212930 -0.119366 -0.002938 -0.113418
0.068649 0.434400 -0.384672 0.236829 0.043109 -0.118465 -0.017302 0.351727 -0.177468 -0.098042 0.414497 1.000000 0.147468 0.795851 -0.071460 0.305839 0.138006 0.418578 -0.222390 0.240288 0.149066 -0.170649 -0.370222 -0.009695 -0.147669 -0.307755 -0.093668 -0.429718 0.260941 0.504512 -0.082138 0.047946 -0.013984 -0.035792 -0.308818 -0.326784 0.018992 0.066276 -0.127180 -0.062405 -0.039157 0.048861 -0.222094 -0.270855 -0.110986 -0.214547 -0.203947 -0.209231 -0.036725 -0.069566 0.023704 -0.012464 -0.161113 -0.076301 -0.116128 -0.082260 0.041392 -0.215612 0.072484 0.197234 -0.163680 0.365603 0.258200 0.538107 -0.369098 0.021798 -0.138378 -0.413311 -0.122471 -0.256035 0.135248 -0.042807 0.398872 0.434354 0.194912 0.194875 0.328739 0.035438 -0.071868 -0.212771 0.182378 0.072376 -0.014321 0.369614 -0.326507 0.042109 -0.130286 -0.083144 -0.316866 0.085318 0.157016 -0.153559 0.139984 0.032519 -0.303073 0.173734 -0.173679 0.081021 0.127060 0.004172 0.301667 0.108189 0.147276 -0.195883 0.006037 -0.092166 0.016272 -0.187848 -0.005205 -0.054830 -0.184463 -0.028082 -0.155834 -0.049564 -0.158956 -0.171997
0.052473 -0.008243 0.112106 -0.160986 0.095616 0.086242 0.538571 -0.181395 0.257429 -0.185733 0.458373 0.147468 1.000000 0.085821 0.518345 -0.056007 0.047726 -0.184797 0.255394 0.149641 0.036028 -0.179956 0.262569 0.120505 -0.166241 -0.196453 -0.112765 0.022413 0.057783 -0.202860 0.100040 0.015242 -0.156234 -0.014849 0.131612 0.070961 -0.038897 -0.063573 0.022234 -0.196793 -0.178936 -0.130746 -0.146816 -0.222862 -0.183107 -0.228803 -0.078510 -0.196043 -0.030655 -0.243757 -0.194544 -0.244120 0.017775 -0.004677 -0.022822 -0.240944 -0.033546 0.045387 0.115682 -0.243580 0.381045 0.031267 0.018074 -0.174008 0.302855 0.005364 -0.215559 -0.206316 0.136225 0.194388 0.123531 0.007991 -0.084436 -0.063384 0.055116 0.196036 0.179171 0.160025 -0.036516 0.058309 -0.086626 -0.069918 0.243898 -0.020491 0.335675 -0.110804 0.246246 0.132018 0.364925 -0.052154 -0.078142 0.196474 0.049254 0.382657 -0.240888 -0.148154 -0.209125 -0.012131 -0.179073 -0.146551 0.051051 0.117277 -0.117920 0.111058 -0.036703 0.015105 -0.162069 -0.026937 0.017027 0.009381 -0.158304 -0.027937 -0.179901 -0.162556 -0.070175 -0.092488
-0.031852 0.352419 -0.308913 0.077339 0.092008 -0.212886 0.086385 0.449225 -0.145467 0.012040 0.439558 0.795851 0.085821 1.000000 -0.218905 0.254451 0.139591 0.412470 -0.342818 0.107292 0.141789 -0.189467 -0.520825 -0.146051 -0.171668 -0.188254 -0.073871 -0.394116 0.220833 0.522957 -0.134594 0.013866 0.005019 0.091110 -0.245596 -0.159955 0.045855 0.096436 0.020028 0.082950 0.050101 0.048753 -0.228672 -0.275888 -0.146894 -0.205159 -0.270933 -0.245184 -0.070025 -0.085725 0.084775 -0.029460 -0.161717 -0.123660 0.019584 -0.051210 -0.045411 -0.286759 0.107109 0.212044 -0.001406 0.480354 0.171951 0.584752 -0.297165 0.197197 -0.118583 -0.385585 -0.213626 -0.354875 0.061530 -0.025675 0.390368 0.479437 0.212141 0.253052 0.332028 0.170211 -0.046616 -0.159618 0.187244 0.069980 -0.063055 0.253318 -0.349641 -0.067322 -0.172634 -0.081767 -0.284241 0.130345 0.195071 -0.173661 0.171302 -0.029285 -0.161678 0.153461 -0.144066 0.124436 0.084929 0.023646 0.322690 0.010729 0.131239 -0.180955 0.040682 -0.077343 -0.122012 -0.179593 0.009133 -0.017496 -0.081300 -0.041843 -0.174015 -0.012478 0.020351 -0.084771
0.068401 -0.138198 0.047316 0.096405 0.143117 0.244411 0.285591 -0.268964 0.240265 -0.233530 0.035321 -0.071460 0.518345 -0.218905 1.000000 0.150793 -0.068213 -0.361055 0.438111 0.359608 0.238968 0.177360 0.484933 0.330183 -0.021740 0.136182 0.062322 0.171327 0.232487 -0.166553 0.404539 0.309036 0.011913 0.128680 0.145399 0.065079 0.107564 0.059555 0.208600 -0.183447 -0.059156 0.185668 -0.227896 -0.257512 -0.344079 -0.340865 -0.163177 -0.275420 -0.287658 -0.397674 -0.210210 -0.328218 0.021579 -0.014651 -0.122660 -0.184569 -0.057493 0.151187 -0.069923 -0.248161 0.034858 -0.257963 0.019479 -0.280521 0.311188 -0.215249 -0.228541 -0.153683 0.183431 0.205747 0.144045 0.216741 0.079970 -0.063521 0.172102 -0.011413 -0.051227 -0.035552 0.038386 0.149836 -0.044376 0.046260 0.495602 0.213730 0.560751 0.181819 0.397185 0.270296 0.520381 0.118547 -0.226435 0.116122 0.002928 0.175171 -0.262502 -0.189383 -0.322058 -0.254542 -0.259152 -0.197634 -0.160429 0.008559 -0.208310 0.056773 -0.185355 -0.114385 -0.144716 0.104332 -0.155370 -0.263528 -0.381408 -0.160589 -0.200442 -0.211256 -0.170714 -0.192843
-0.336074 -0.284200 -0.056302 0.555459 0.158573 0.179806 0.090023 0.269022 0.143805 0.139005 -0.183371 0.305839 -0.056007 0.254451 0.150793 1.000000 0.059118 -0.000469 -0.078717 0.127803 0.181881 0.260755 0.121680 0.502318 0.089343 0.176213 -0.053145 -0.113891 0.365869 0.567543 0.458297 0.596579 -0.005879 0.412547 -0.041930 0.082608 0.167692 -0.004736 0.131659 -0.127106 0.152237 0.307924 -0.141616 -0.296115 0.016299 -0.023517 -0.144324 -0.330528 -0.304146 -0.084905 -0.173782 -0.234083 -0.246291 -0.159512 -0.276137 -0.244426 -0.145530 -0.156944 -0.364141 -0.191605 -0.224252 -0.083628 0.320718 0.123789 0.014717 -0.083941 -0.214273 -0.250437 -0.104718 -0.206538 0.006069 0.222086 0.548041 0.262436 0.074658 0.194711 0.069041 -0.100567 -0.023562 -0.107256 0.226426 0.215826 0.287899 0.593715 0.066699 0.358942 0.035187 0.145536 0.022817 -0.034126 -0.055440 -0.395352 -0.057363 -0.196201 -0.081574 0.127192 -0.341323 -0.100588 -0.169682 -0.190304 -0.087257 -0.005478 -0.104422 -0.247066 -0.258437 -0.132641 -0.245125 -0.006433 -0.104312 -0.237951 -0.318426 -0.136055 -0.146420 -0.011026 -0.165962 -0.040277
0.255638 -0.064336 -0.190091 0.050983 -0.196596 -0.245243 -0.067508 0.025269 0.057235 -0.127996 0.090418 0.138006 0.047726 0.139591 -0.068213 0.059118 1.000000 0.471070 0.062258 0.297131 -0.107929 -0.115210 -0.237076 0.003438 -0.099304 -0.077335 -0.160511 -0.268615 0.363029 0.245098 0.143892 0.224386 0.149606 0.257969 -0.215532 -0.123204 0.286108 0.034022 -0.047176 0.018206 0.040701 -0.008583 -0.116397 -0.379220 -0.176441 -0.165182 -0.335838 -0.243321 -0.401352 -0.201847 -0.307018 -0.348944 -0.372802 -0.175262 -0.244991 -0.248061 0.606193 0.419529 -0.170601 -0.068857 -0.107356 -0.048545 0.329501 0.276098 -0.028101 -0.018664 -0.237705 -0.370245 0.540896 0.287463 0.034975 0.127532 0.278892 0.119455 0.033437 0.089441 0.144369 0.071485 0.484106 0.440093 0.576599 0.512011 -0.000698 0.046413 0.222040 0.102370 0.167298 0.158797 -0.019350 -0.119986 -0.188414 -0.203415 0.032503 -0.098112 -0.161505 0.166540 -0.177343 0.018178 -0.138703 0.047463 -0.119586 0.132094 0.145833 0.103168 0.024507 -0.094967 -0.023111 0.065680 0.198657 -0.045640 -0.205883 0.100077 0.100958 0.024538 -0.195889 -0.043385
0.216049 0.086338 -0.218168 -0.049015 0.128864 -0.222080 -0.202799 0.178798 0.076327 0.228828 0.154203 0.418578 -0.184797 0.412470 -0.361055 -0.000469 0.471070 1.000000 -0.129272 0.235860 -0.089014 -0.167545 -0.426614 -0.289801 -0.033858 -0.355253 -0.042279 -0.374724 0.230496 0.455873 -0.192777 -0.121332 -0.124928 -0.039735 -0.460148 -0.280892 0.183910 -0.079366 -0.231351 -0.104665 -0.019481 -0.248264 0.070240 -0.210780 -0.055857 -0.090037 -0.161922 0.064020 -0.097763 0.090334 -0.077676 -0.026890 -0.062158 0.031015 -0.186341 -0.064419 0.176823 0.021706 -0.077422 0.220749 -0.305341 0.091713 0.089899 0.539520 -0.417180 -0.018627 -0.141927 -0.336970 0.208935 -0.043964 0.039194 -0.077211 0.343361 0.254829 -0.054260 0.061738 0.147771 0.048559 0.313949 0.243455 0.408837 0.396396 -0.325902 0.005845 -0.286748 -0.225265 -0.225770 -0.226077 -0.438745 -0.047888 0.150529 0.048385 0.007412 -0.047991 0.015221 0.309486 -0.107079 0.181930 0.162524 0.311461 0.092179 0.101525 0.137136 -0.059348 0.083016 -0.013838 0.102313 -0.100801 0.228055 0.124291 0.002335 0.324903 0.241727 0.189691 0.009036 0.084330
0.283901 -0.107285 0.334385 -0.060013 -0.029407 0.238812 0.249143 -0.255583 0.368220 -0.078327 0.034836 -0.222390 0.255394 -0.342818 0.438111 -0.078717 0.062258 -0.129272 1.000000 0.399583 -0.118380 -0.142542 0.487566 0.148533 -0.008135 -0.049291 -0.049460 0.266914 0.021215 -0.229189 0.166806 0.039664 -0.093150 0.010979 -0.141518 -0.121972 -0.152958 -0.149938 0.000705 -0.319376 -0.253610 -0.132349 -0.043465 -0.025471 -0.181805 -0.205034 0.026314 0.119789 -0.064706 -0.180168 -0.190843 -0.109080 0.145257 0.020839 -0.173676 -0.178347 0.025118 0.196638 0.033909 -0.176879 0.124266 -0.185019 0.020164 -0.178774 0.213302 -0.088562 -0.156046 -0.051411 0.277217 0.408359 0.075934 0.132059 -0.035282 -0.213455 -0.080189 -0.153522 -0.082084 -0.116841 0.141155 0.085569 -0.159341 -0.050246 0.218473 -0.123493 0.304179 -0.144034 0.267320 0.098655 0.303205 -0.083740 -0.121165 0.289662 -0.242623 0.019637 -0.144122 -0.218246 -0.160153 -0.191702 -0.133262 -0.025768 -0.303320 -0.106320 -0.358462 -0.093747 -0.172773 -0.246748 -0.009286 -0.091648 0.045775 0.031752 -0.182793 0.013440 -0.110707 -0.174476 -0.089828 0.034675
0.222042 0.130235 -0.134485 0.210826 0.105522 -0.041898 0.121424 -0.037859 0.196129 -0.165169 0.051558 0.240288 0.149641 0.107292 0.359608 0.127803 0.297131 0.235860 0.399583 1.000000 0.157425 -0.146765 0.134307 0.172568 -0.311824 -0.252610 0.009017 -0.154278 0.423505 0.259669 0.115650 0.120324 -0.017777 0.149423 -0.393069 -0.224775 -0.017131 -0.167520 -0.068732 -0.193287 0.035985 0.111814 0.000720 -0.218405 -0.168140 -0.196049 -0.150580 -0.003165 -0.227023 -0.162900 -0.244513 -0.226826 -0.003138 0.004895 -0.339887 -0.254937 0.156050 0.100309 -0.222218 -0.116521 -0.379786 -0.263413 0.105237 0.087041 -0.263249 -0.433964 -0.376465 -0.356179 0.275869 0.205445 0.175822 0.120217 0.466839 0.194167 0.094868 0.061365 0.046607 -0.038545 0.107685 0.162335 0.132716 0.119361 0.238161 0.267776 -0.015557 -0.204308 0.164707 0.201561 -0.043742 0.045278 0.172118 0.206054 0.098326 0.135283 -0.286836 0.092069 -0.276705 -0.068094 0.013888 0.090695 -0.116043 0.174638 0.005103 -0.108306 -0.106068 -0.204571 0.093077 0.155931 0.010463 -0.018434 -0.326100 0.002404 -0.110161 -0.114516 -0.291583 -0.051541
-0.084171 -0.012708 0.010939 0.292496 0.233444 0.102383 0.209448 0.176480 -0.251040 -0.217211 -0.068517 0.149066 0.036028 0.141789 0.238968 0.181881 -0.107929 -0.089014 -0.118380 0.157425 1.000000 0.320004 -0.003305 0.110055 -0.043210 0.130542 0.204919 -0.175228 0.164914 0.136588 0.284598 0.228447 0.060114 0.251650 0.029856 0.008985 0.147730 0.041669 0.197014 0.165898 0.038516 0.130832 -0.251343 -0.272623 -0.281122 -0.160221 -0.334104 -0.254659 -0.236223 -0.290393 -0.088234 -0.199642 -0.096391 -0.080165 -0.017973 -0.235858 -0.079349 -0.115150 0.014422 0.133118 -0.079095 -0.065190 0.127032 0.073408 0.009345 -0.041699 -0.005433 0.010347 0.013826 -0.149000 0.158450 0.161492 0.152761 0.076485 0.170705 0.122275 0.118740 0.145830 -0.189222 0.034646 -0.046867 -0.112953 0.307422 0.260057 -0.023670 -0.035275 0.065095 0.041495 0.128322 0.087373 0.056386 -0.094707 0.214296 0.149516 -0.083034 0.065688 -0.213813 -0.110184 -0.275298 -0.097582 -0.069620 0.059363 0.183833 0.007033 -0.051686 -0.089910 0.053858 0.070509 -0.104105 -0.177178 -0.136543 -0.060836 -0.083081 -0.105675 -0.123557 -0.066868
-0.178305 -0.424349 0.087733 0.229640 0.074068 0.462067 -0.050551 0.066877 -0.049359 0.113776 -0.284527 -0.170649 -0.179956 -0.189467 0.177360 0.260755 -0.115210 -0.167545 -0.142542 -0.146765 0.320004 1.000000 0.197846 0.358292 0.255528 0.518987 0.279850 0.225582 -0.047756 0.002356 0.404416 0.447773 0.014646 0.320737 0.254478 0.152965 0.107643 0.097639 0.233677 -0.074882 -0.003891 0.208411 -0.108263 -0.139912 -0.213063 -0.090862 -0.189894 -0.246839 -0.314891 -0.203493 -0.141707 -0.254450 -0.207184 -0.218160 -0.057630 -0.152993 -0.096596 0.057920 -0.241130 -0.137636 -0.119464 -0.268789 -0.048984 -0.201227 0.288791 0.139021 -0.107331 0.118536 0.006792 -0.018681 0.104796 0.368059 0.021583 0.085453 0.150756 0.145682 0.015811 -0.073347 -0.030508 0.088660 -0.058725 0.035470 0.043675 0.103020 0.191409 0.284846 -0.002507 0.194919 0.203328 -0.085597 -0.112040 -0.222317 0.092394 -0.116889 0.188048 0.084168 -0.075129 -0.062775 -0.285742 -0.043280 -0.164045 -0.138894 0.060552 0.045332 0.093100 0.199672 0.120071 0.240635 -0.083532 -0.224261 0.018792 -0.074139 0.120530 0.060265 -0.020184 0.059179
-0.165402 -0.339439 0.450310 0.250342 0.037665 0.323751 0.320399 -0.240823 0.433715 -0.080489 -0.231718 -0.370222 0.262569 -0.520825 0.484933 0.121680 -0.237076 -0.426614 0.487566 0.134307 -0.003305 0.197846 1.000000 0.577594 0.108692 0.266716 0.290802 0.484278 -0.252717 -0.283559 0.442610 0.298349 -0.200788 0.101853 0.261558 0.222510 -0.150909 -0.080278 0.047287 -0.300860 -0.306962 -0.023504 -0.133518 -0.042522 -0.133730 -0.152832 -0.000691 0.065878 -0.136775 -0.171829 -0.188108 -0.155463 0.066117 0.057936 -0.156738 -0.142795 -0.137426 0.115105 -0.226642 -0.399873 -0.019928 -0.392517 -0.096953 -0.440504 0.354957 -0.162557 -0.218025 0.094589 -0.045506 0.257140 0.019206 0.139194 -0.171485 -0.202231 0.015535 -0.071463 -0.160494 -0.121838 -0.075681 0.146661 -0.297534 -0.201826 0.193612 -0.137052 0.324811 0.013140 0.379705 0.040836 0.499881 0.116622 -0.074829 0.262818 0.009306 0.176140 -0.014664 -0.033931 -0.109917 -0.062430 -0.203219 0.015394 -0.168521 -0.114388 -0.174026 0.040768 -0.097985 0.137013 -0.092230 -0.060260 0.057169 0.051645 0.011924 0.132787 0.124755 0.124517 0.123043 0.221857
-0.347071 -0.380401 0.175956 0.665190 -0.014961 0.287550 0.251690 0.252943 0.262367 -0.087895 -0.267861 -0.009695 0.120505 -0.146051 0.330183 0.502318 0.003438 -0.289801 0.148533 0.172568 0.110055 0.358292 0.577594 1.000000 0.165158 0.485176 0.108570 0.269693 0.059803 0.074077 0.521166 0.682628 -0.158724 0.409943 0.123747 0.232247 0.063322 0.060729 0.033578 -0.112750 -0.047469 0.270181 -0.227699 -0.235223 -0.304755 -0.148717 -0.175717 -0.214403 -0.369687 -0.406069 -0.283191 -0.378631 -0.215163 -0.213567 -0.329991 -0.422953 -0.156641 -0.106324 -0.434197 -0.434253 -0.141312 -0.264603 0.193775 -0.199623 0.364866 0.030733 -0.354880 0.034695 -0.139485 -0.055429 0.115329 0.388665 0.148421 0.116836 0.154781 0.166598 0.026937 0.095673 0.008315 0.089059 -0.024926 -0.044535 0.343377 0.334479 0.307852 0.271015 0.352653 0.235556 0.411124 0.036248 0.029446 -0.133631 0.288922 0.002074 -0.045956 -0.106928 -0.369134 -0.234984 -0.262529 -0.285434 -0.210498 -0.151809 -0.172157 -0.172927 -0.253793 -0.149118 -0.178419 -0.016074 -0.240720 -0.300577 -0.236671 -0.245669 -0.166408 -0.087631 -0.188826 -0.077024
-0.101649 -0.359975 0.233880 0.149227 0.187241 0.103916 0.054925 0.211644 0.093614 0.350636 -0.089095 -0.147669 -0.166241 -0.171668 -0.021740 0.089343 -0.099304 -0.033858 -0.008135 -0.311824 -0.043210 0.255528 0.108692 0.165158 1.000000 0.411914 0.070617 0.135544 -0.085305 -0.041086 0.315271 0.325829 -0.151141 0.146261 0.188078 0.068151 -0.066475 -0.025050 0.024452 -0.227547 -0.017603 -0.150294 -0.046281 0.015844 -0.166870 0.047600 -0.112605 0.029620 -0.187381 -0.204629 -0.037982 -0.209306 -0.227000 -0.118314 -0.185109 -0.229802 -0.210468 -0.084558 -0.186928 -0.140162 0.014044 -0.086567 0.038272 -0.059392 0.339657 0.251572 -0.060656 0.245298 -0.082279 -0.141861 0.010628 0.095891 -0.086731 -0.107510 -0.013133 -0.034772 -0.099982 -0.074295 0.185445 0.040143 0.090890 0.207135 -0.012864 -0.079996 0.244577 0.251587 -0.031443 -0.007230 0.182008 -0.358608 -0.066430 -0.091892 0.046564 -0.193144 0.178770 0.039724 0.116353 -0.099504 -0.216345 -0.031018 -0.094365 -0.200346 -0.088764 -0.120701 -0.108798 -0.002667 -0.065567 -0.154012 0.189359 -0.103278 0.155582 0.032335 0.029779 0.178352 0.087146 0.173052
-0.446938 -0.369047 0.178268 0.302719 -0.066370 0.293171 0.127994 0.183911 0.102059 -0.044438 -0.401920 -0.307755 -0.196453 -0.188254 0.136182 0.176213 -0.077335 -0.355253 -0.049291 -0.252610 0.130542 0.518987 0.266716 0.485176 0.411914 1.000000 0.228339 0.407954 -0.181968 -0.087063 0.569939 0.659381 0.087899 0.516385 0.347197 0.335088 0.013245 0.210674 0.240276 0.127805 0.007358 0.105247 -0.228183 0.003633 -0.242121 -0.062630 -0.205186 -0.132253 -0.382181 -0.308946 -0.137816 -0.320288 -0.425427 -0.282495 -0.198780 -0.099206 -0.065736 0.112026 -0.467899 -0.466091 -0.063151 -0.179623 -0.124579 -0.320953 0.534742 0.297390 -0.249618 0.179593 0.008880 -0.038582 0.064273 0.414827 -0.205166 -0.121639 0.068322 0.123122 -0.050046 0.106667 0.137970 0.115173 0.056690 0.023258 0.153209 -0.011735 0.369651 0.370407 0.314925 0.103300 0.343745 -0.073784 -0.288272 -0.316706 0.198704 -0.245416 0.298300 -0.037295 0.019669 -0.060996 -0.406230 -0.188364 -0.157896 -0.375840 -0.053331 -0.052061 -0.085367 0.004099 -0.114409 0.053908 -0.109846 -0.154056 0.200947 -0.120510 -0.025041 0.084263 0.038953 0.093509
-0.196248 -0.141665 0.148661 0.070706 0.262523 0.485120 0.166811 0.126734 0.111688 0.139707 -0.246835 -0.093668 -0.112765 -0.073871 0.062322 -0.053145 -0.160511 -0.042279 -0.049460 0.009017 0.204919 0.279850 0.290802 0.108570 0.070617 0.228339 1.000000 0.265107 -0.254446 -0.235036 0.113557 0.118762 -0.217536 0.088497 0.172409 0.129623 -0.150217 -0.049366 0.032534 -0.196352 -0.291827 -0.132695 -0.104167 -0.048601 -0.132873 -0.033454 -0.093611 0.084848 -0.062359 -0.212173 0.017317 -0.116689 0.022308 -0.008185 -0.184984 -0.022282 -0.118423 0.013523 -0.141543 -0.120775 -0.103953 0.068174 -0.255795 -0.063087 0.087350 0.214104 -0.139749 0.093337 -0.052002 0.041608 0.012938 -0.013414 -0.167779 -0.084611 -0.043052 -0.134934 -0.113592 0.004702 -0.142015 0.067785 -0.108181 -0.212991 -0.079322 -0.187904 0.027333 -0.258801 -0.008455 -0.210774 0.147268 0.085601 0.061354 0.105605 0.199195 -0.065218 0.069751 0.201153 0.058680 0.122525 -0.114272 0.208407 -0.086056 -0.148484 -0.002591 0.055949 0.127303 0.275939 0.244682 0.193378 0.130069 0.103592 0.325954 0.172044 0.209149 0.160758 0.087050 0.102499
-0.197567 -0.285110 0.408745 -0.011392 -0.018003 0.430265 0.080713 -0.122895 0.365352 0.175884 -0.154364 -0.429718 0.022413 -0.394116 0.171327 -0.113891 -0.268615 -0.374724 0.266914 -0.154278 -0.175228 0.225582 0.484278 0.269693 0.135544 0.407954 0.265107 1.000000 -0.361408 -0.449180 -0.007559 0.041362 -0.103337 -0.054434 0.125529 0.174411 -0.280482 -0.033381 0.088623 -0.135600 -0.182704 -0.134149 0.071933 0.175519 -0.149338 -0.088977 0.174787 0.136395 -0.001092 -0.106384 0.056670 0.040634 0.174036 0.064637 -0.019389 0.124046 -0.120136 0.096859 -0.063499 -0.320210 0.186399 -0.181127 -0.268771 -0.592904 0.473648 0.198884 -0.104932 0.290804 -0.025515 0.229701 -0.147317 0.136377 -0.409359 -0.290544 -0.248571 -0.227429 -0.242523 -0.090917 0.016169 0.006485 -0.268480 -0.173947 -0.028006 -0.238231 0.306242 0.123632 0.176565 -0.028274 0.373300 0.017098 -0.247995 0.115565 -0.081160 -0.103106 0.210415 -0.124192 0.110492 -0.062581 -0.236791 -0.113511 -0.207766 -0.323348 -0.320867 0.033970 -0.003278 0.186686 0.098666 -0.023994 -0.105937 0.076234 0.166495 0.042745 0.077483 -0.024972 0.127929 0.078734
0.191692 -0.036963 -0.231606 0.108712 0.156132 -0.097974 -0.072529 -0.039360 -0.090514 0.003601 0.140890 0.260941 0.057783 0.220833 0.232487 0.365869 0.363029 0.230496 0.021215 0.423505 0.164914 -0.047756 -0.252717 0.059803 -0.085305 -0.181968 -0.254446 -0.361408 1.000000 0.534460 0.168152 0.231002 0.138159 0.073544 -0.496272 -0.353437 0.391157 0.087583 0.181805 0.038771 0.312031 0.292177 0.220746 -0.209531 -0.086978 -0.078843 -0.086938 -0.234309 -0.109131 0.006700 0.025648 -0.097173 -0.059860 0.069192 -0.072118 -0.181495 -0.035754 -0.086363 -0.245169 0.063074 -0.322772 -0.235317 0.314356 0.178844 -0.354255 -0.403150 -0.150256 -0.376053 0.251430 -0.118206 0.142598 0.323878 0.609695 0.261867 0.096553 0.084436 -0.012679 -0.158244 0.208416 0.069347 0.515287 0.460515 0.298430 0.515747 0.019042 0.199559 -0.153736 0.217033 -0.212710 -0.152284 0.038350 -0.164063 -0.165024 -0.060168 -0.112316 -0.018583 -0.379327 -0.329318 0.014273 -0.207797 0.000712 0.160159 0.045582 -0.108020 -0.218040 -0.439867 0.011013 0.138321 -0.225812 -0.409821 -0.538996 -0.316854 -0.270553 -0.258376 -0.509928 -0.410655
-0.085267 0.062083 -0.274590 0.336793 0.084797 -0.205912 -0.097191 0.251396 -0.141281 0.082567 0.115525 0.504512 -0.202860 0.522957 -0.166553 0.567543 0.245098 0.455873 -0.229189 0.259669 0.136588 0.002356 -0.283559 0.074077 -0.041086 -0.087063 -0.235036 -0.449180 0.534460 1.000000 0.217098 0.290203 0.176367 0.245246 -0.327511 -0.183094 0.340704 0.177338 0.063999 0.086450 0.320014 0.280211 -0.070641 -0.239089 -0.041559 -0.134579 -0.177187 -0.233564 -0.244125 0.018723 0.012493 -0.089548 -0.214746 -0.111653 -0.071770 -0.103112 -0.080808 -0.235366 -0.289494 0.116629 -0.401567 -0.045582 0.350302 0.441395 -0.370003 -0.251595 -0.224417 -0.479143 -0.105182 -0.414676 -0.020420 0.155303 0.733535 0.574820 0.267905 0.302607 0.305438 -0.037858 0.115043 -0.057287 0.477107 0.453784 0.024640 0.546615 -0.330178 0.198541 -0.185658 0.011186 -0.389360 -0.050413 0.066357 -0.346902 -0.041940 -0.206437 -0.021795 0.224929 -0.296160 -0.003731 0.074739 -0.086954 0.129727 0.012876 0.105006 -0.232844 -0.132128 -0.176399 -0.080248 -0.031517 -0.022479 -0.109973 -0.236309 -0.070598 -0.060979 0.040693 -0.118481 -0.001999
-0.242722 -0.368062 0.132769 0.405771 0.071237 0.135324 0.300204 0.065670 0.107143 -0.165188 -0.255276 -0.082138 0.100040 -0.134594 0.404539 0.458297 0.143892 -0.192777 0.166806 0.115650 0.284598 0.404416 0.442610 0.521166 0.315271 0.569939 0.113557 -0.007559 0.168152 0.217098 1.000000 0.801753 0.067996 0.543872 0.232865 0.149512 0.096304 0.056765 0.118994 -0.128121 -0.153640 0.099811 -0.295206 -0.226034 -0.257817 -0.185036 -0.291362 -0.193790 -0.495572 -0.311230 -0.361951 -0.445345 -0.490152 -0.278165 -0.302503 -0.241433 0.027768 0.176385 -0.512615 -0.383376 -0.144424 -0.326896 0.176305 -0.092284 0.353033 -0.088904 -0.347064 -0.195778 0.184794 0.029940 0.078662 0.369901 0.115297 -0.058903 0.068449 0.172565 0.085789 -0.032762 0.160893 0.195888 0.140472 0.133234 0.239970 0.220537 0.304721 0.249868 0.168820 0.173403 0.289589 -0.196624 -0.229583 -0.231590 0.129479 -0.087502 0.087491 0.135214 -0.174670 0.025082 -0.301418 -0.089842 -0.151394 -0.239669 -0.036954 -0.125629 -0.204764 -0.042421 -0.183902 0.066001 0.099352 -0.087969 0.000019 -0.035889 0.024678 0.126304 -0.004603 0.076205
-0.365835 -0.432370 0.039949 0.579544 0.090286 0.251750 0.210169 0.351369 0.149629 -0.102387 -0.284502 0.047946 0.015242 0.013866 0.309036 0.596579 0.224386 -0.121332 0.039664 0.120324 0.228447 0.447773 0.298349 0.682628 0.325829 0.659381 0.118762 0.041362 0.231002 0.290203 0.801753 1.000000 0.019762 0.663615 0.154589 0.218242 0.148541 0.033165 0.199298 -0.065845 0.021849 0.180514 -0.260079 -0.313951 -0.299638 -0.155397 -0.355397 -0.324271 -0.599567 -0.442129 -0.368611 -0.579274 -0.528046 -0.339241 -0.442689 -0.386232 -0.038032 0.084730 -0.622487 -0.465642 -0.227078 -0.150921 0.124114 -0.035380 0.418256 0.146342 -0.426756 -0.204825 0.157768 -0.047002 0.112469 0.454519 0.230190 0.025486 0.079072 0.185361 0.055868 0.006427 0.276201 0.221799 0.302393 0.236783 0.351540 0.447425 0.425813 0.381597 0.249047 0.206555 0.317880 -0.171417 -0.201557 -0.423893 0.244992 -0.227450 0.061394 0.033992 -0.325574 -0.129016 -0.396323 -0.252327 -0.215669 -0.273675 -0.076879 -0.199281 -0.294531 -0.169770 -0.217555 0.067113 -0.025318 -0.272334 -0.177206 -0.156759 -0.066426 0.014121 -0.166182 -0.010612
-0.056989 0.261021 -0.235581 -0.017166 -0.215319 -0.227896 -0.214321 -0.171839 -0.239617 -0.199333 -0.116172 -0.013984 -0.156234 0.005019 0.011913 -0.005879 0.149606 -0.124928 -0.093150 -0.017777 0.060114 0.014646 -0.200788 -0.158724 -0.151141 0.087899 -0.217536 -0.103337 0.138159 0.176367 0.067996 0.019762 1.000000 0.215732 0.115740 0.018210 0.074170 0.134501 0.231014 0.347313 0.243367 0.289334 0.035810 0.084109 0.146334 0.095524 0.031879 -0.182378 -0.183312 0.088331 -0.026536 0.035328 -0.271435 -0.101760 0.036686 0.231535 0.249298 0.343932 -0.041948 0.089804 -0.149681 -0.084365 0.151777 -0.054805 -0.098610 -0.220514 0.217626 -0.038656 0.149421 0.151487 -0.192242 0.084289 0.095551 0.072320 0.078500 -0.085912 -0.007297 0.002857 0.033568 0.117024 0.170728 0.232883 0.057861 0.133748 -0.042717 0.217803 -0.042117 0.216555 -0.010885 -0.061139 -0.433537 -0.396252 -0.169336 -0.303591 0.101285 -0.021423 0.031436 0.017094 -0.087244 -0.228189 -0.021904 -0.129388 0.063593 -0.073652 -0.143710 -0.105944 0.038854 -0.028765 -0.067316 -0.029010 -0.086441 -0.172078 -0.064256 -0.158196 -0.089326 -0.112176
-0.240359 -0.417183 0.085646 0.318495 0.050297 0.046312 0.223465 0.280047 0.114624 0.011661 -0.228121 -0.035792 -0.014849 0.091110 0.128680 0.412547 0.257969 -0.039735 0.010979 0.149423 0.251650 0.320737 0.101853 0.409943 0.146261 0.516385 0.088497 -0.054434 0.073544 0.245246 0.543872 0.663615 0.215732 1.000000 0.254193 0.391102 0.069119 0.026052 0.194515 0.017835 0.065248 0.073306 -0.240664 -0.293755 -0.167185 0.015573 -0.319810 -0.220335 -0.691077 -0.348885 -0.451532 -0.561860 -0.607470 -0.423763 -0.422514 -0.342653 0.140438 0.110767 -0.482247 -0.401884 0.005935 -0.054235 0.286012 0.099300 0.403387 0.173293 -0.306555 -0.141318 0.234647 -0.050392 -0.020258 0.368329 0.200055 0.010525 0.054181 0.238620 0.147767 0.076497 0.296221 0.314373 0.236435 0.297712 0.127010 0.183728 0.289593 0.085839 0.169676 0.113033 0.187703 -0.138694 -0.342734 -0.433211 0.095668 -0.318824 0.138721 0.214306 -0.238450 -0.010289 -0.493391 -0.158567 -0.223258 -0.207809 -0.087389 -0.099484 -0.153898 -0.054114 -0.163956 0.182906 0.112623 -0.047338 -0.028894 -0.038836 0.003026 0.074695 0.014484 0.211259
-0.303184 -0.102668 -0.002193 -0.049709 -0.058134 0.047194 0.097291 -0.149640 -0.014568 -0.141220 -0.197662 -0.308818 0.131612 -0.245596 0.145399 -0.041930 -0.215532 -0.460148 -0.141518 -0.393069 0.029856 0.254478 0.261558 0.123747 0.188078 0.347197 0.172409 0.125529 -0.496272 -0.327511 0.232865 0.154589 0.115740 0.254193 1.000000 0.656819 -0.188500 0.115167 0.202890 0.077720 -0.111332 -0.122415 -0.268454 0.101302 0.073582 0.145774 -0.013401 0.020650 -0.165810 -0.151876 -0.162024 -0.154461 -0.217166 -0.029948 -0.055426 0.005789 -0.033859 0.172838 0.056307 -0.163725 0.341570 0.099438 -0.039267 -0.261394 0.526054 0.265520 0.116696 0.266437 -0.166133 0.047150 -0.274980 -0.193385 -0.348944 -0.287137 -0.026328 0.011328 -0.072191 0.054815 -0.143830 -0.097063 -0.272456 -0.205998 0.047710 -0.104665 0.299140 0.059324 0.123982 0.084768 0.380549 0.037762 -0.319554 -0.229025 0.075694 -0.129087 0.080179 0.097560 0.110870 0.263532 -0.275485 -0.039895 -0.068965 -0.173329 -0.030074 0.067841 0.025129 0.363145 -0.275925 -0.025889 0.209521 0.189821 0.277519 0.093897 0.160113 0.148980 0.369513 0.262100
-0.492741 -0.319783 0.048590 0.155762 -0.111502 0.056543 0.141874 0.099941 0.166998 -0.026800 -0.302238 -0.326784 0.070961 -0.159955 0.065079 0.082608 -0.123204 -0.280892 -0.121972 -0.224775 0.008985 0.152965 0.222510 0.232247 0.068151 0.335088 0.129623 0.174411 -0.353437 -0.183094 0.149512 0.218242 0.018210 0.391102 0.656819 1.000000 -0.133409 -0.003367 0.239975 0.043538 0.050790 -0.097809 -0.209775 -0.034034 0.036286 0.231326 -0.155671 0.079828 -0.278227 -0.201591 -0.228952 -0.243259 -0.179654 -0.110195 -0.144334 -0.135398 -0.201109 -0.031757 -0.068223 -0.202757 0.277684 0.205089 -0.044451 -0.136183 0.492221 0.362655 -0.041531 0.297837 -0.298763 -0.151567 -0.288331 -0.125799 -0.216376 -0.168953 -0.026347 0.056126 -0.185987 0.152307 -0.045352 0.033299 -0.140454 -0.051164 0.181395 0.035137 0.328764 0.050847 0.287814 0.125609 0.441212 0.132981 -0.248789 -0.229094 0.120316 -0.206358 0.046136 0.022344 -0.101766 0.124021 -0.439934 -0.172596 -0.105435 -0.204394 -0.159922 -0.099696 -0.063921 0.162166 -0.287998 -0.025143 0.000562 0.083469 0.175225 0.086542 0.226788 0.051626 0.200022 0.237201
