1.000000 0.401550 -0.318054 -0.104506 0.039798 0.161123 -0.248677 -0.247327 -0.151598 -0.162940 -0.062369 0.042920 -0.056002 -0.024916 -0.048501 -0.113260 0.126713 0.189965 0.220782 0.171915 -0.324347 0.098929 -0.015068 -0.019679 0.158886 0.066654 0.034745 0.155321 0.055072 -0.247385 -0.113666 -0.123887 0.223487 -0.101873 -0.023552 -0.377033 -0.073476 0.167553 0.200111 0.218843 -0.089092 -0.021456 -0.256883 -0.155623 -0.280670 -0.492960 -0.129457 -0.177195 -0.131647 -0.273579 -0.049901 0.057645 0.056342 0.010025 0.129016 0.157829 0.538079 0.294245 0.196738 0.311758 0.306003 0.122354 0.380124 0.134125 -0.103665 0.004582 0.160685 -0.158223 0.277839 0.158051 -0.100140 -0.159927 -0.075319 -0.070968 0.023303 -0.003162 0.205494 0.010611 -0.148622 0.023697 -0.004636 -0.062821 -0.081610 -0.140574 -0.146833 0.220157 0.010539 0.110428 -0.047160 0.235777 -0.176171 0.156861 -0.310104 0.093699 0.047328 0.114980 0.266257 0.191548 -0.030340 0.386823 -0.065677 -0.021416 -0.024539 0.146391 0.000471 0.214780 -0.030820 -0.056330 0.054204 0.277597 -0.004841 -0.210042 -0.075089 -0.088322 0.236056 0.101109
0.401550 1.000000 -0.351338 -0.228687 -0.027910 -0.058311 0.138910 0.294881 0.142245 0.112176 -0.127473 0.159886 0.115819 0.503133 0.045753 0.236423 0.316152 0.648688 -0.060157 0.313794 -0.458881 -0.237320 -0.543276 -0.517976 -0.422005 -0.582732 -0.329867 -0.437341 0.330376 0.310541 -0.578006 -0.549456 0.322199 0.418165 -0.594469 -0.510875 -0.105553 -0.068886 -0.156178 -0.124935 -0.070522 0.076244 -0.140789 -0.267157 -0.477112 -0.465522 -0.184303 -0.190322 -0.561599 -0.438991 -0.583278 -0.260935 -0.106602 -0.130359 -0.011928 -0.328894 0.187376 0.525015 -0.122310 0.424987 0.541961 0.660270 0.541851 0.732915 -0.001376 0.192624 -0.037398 -0.456891 0.131090 -0.120784 -0.008917 -0.176025 0.313753 0.047679 -0.116057 0.141018 0.220730 0.292153 0.000280 0.278912 0.142743 0.339747 -0.167694 0.406664 -0.424560 -0.122568 -0.347687 -0.431372 -0.262572 0.109467 0.050069 -0.132142 0.079827 0.045408 -0.117123 0.100902 -0.188803 -0.088559 0.168624 0.202192 0.398215 0.062730 0.413949 0.198611 0.203713 0.084086 0.181703 0.036467 -0.003561 -0.078599 -0.444693 0.260103 -0.013200 0.180960 -0.015690 0.077906
-0.318054 -0.351338 1.000000 0.230239 0.021976 0.106421 0.425716 0.194308 0.186773 0.010405 0.189236 0.069930 -0.054604 -0.272804 0.138620 -0.220472 -0.391718 -0.575600 0.206055 0.151280 0.085438 -0.109274 0.234338 0.273925 -0.108254 0.042784 -0.042479 0.136006 -0.107879 -0.137385 0.237765 0.287533 -0.359714 -0.144361 0.275714 0.249090 -0.221946 -0.265841 -0.177679 -0.079352 -0.239350 -0.252952 0.215674 0.001883 -0.050608 0.097851 -0.099528 0.220223 0.029475 -0.097229 0.252071 -0.091444 -0.006342 0.026138 -0.174918 -0.184025 -0.472874 -0.446923 -0.190461 -0.258466 -0.197597 -0.266208 -0.489607 -0.400588 0.083993 -0.042121 -0.081605 0.308507 -0.340822 -0.063144 0.101298 -0.032173 -0.211939 -0.032292 0.033712 0.040979 -0.208421 -0.057811 -0.255839 -0.284300 -0.284827 -0.420685 0.233713 0.004960 0.210543 -0.031144 0.197873 0.047390 0.109084 -0.163206 0.228671 0.188445 0.129098 0.114299 0.029672 0.072607 -0.118592 -0.035942 -0.137542 -0.204717 0.089583 0.221761 -0.005917 0.052420 0.078213 -0.327230 0.096471 -0.099122 0.073292 0.167760 0.177113 -0.074447 0.096406 0.028615 -0.094760 -0.058275
-0.104506 -0.228687 0.230239 1.000000 0.011513 0.416385 -0.177015 0.115090 0.000836 0.051339 -0.206680 0.207050 -0.330468 -0.174064 -0.082647 -0.050341 -0.192032 -0.313013 0.276924 0.098546 0.370625 0.232989 0.397889 0.601691 0.194845 0.212567 0.280268 0.372472 -0.187045 -0.098896 0.254203 0.377924 -0.226572 -0.186005 0.129644 -0.040439 0.195542 0.283265 0.223797 0.284893 0.188684 0.163756 -0.155243 -0.174919 -0.242665 -0.197068 -0.234971 -0.092961 -0.179465 -0.299827 0.106693 -0.271895 -0.273898 -0.268373 0.153970 -0.113763 -0.171151 -0.205832 -0.434193 -0.323917 -0.299882 -0.356695 -0.105502 -0.314821 -0.030940 0.247710 -0.092291 0.155555 -0.224121 -0.031991 0.018017 0.156726 -0.151960 0.164037 0.201060 0.122031 0.040704 0.078675 0.072045 -0.223339 -0.234085 -0.248549 -0.082220 -0.090651 0.110546 0.455258 0.239216 0.319599 0.275273 0.117128 -0.126039 -0.215283 0.116821 -0.086095 0.122656 -0.035567 0.031663 0.017436 -0.183482 -0.182956 -0.183970 -0.013052 -0.141263 0.023114 -0.177032 0.022877 -0.166241 0.001868 -0.088784 0.018139 0.078759 -0.258146 -0.050210 -0.086759 -0.176275 -0.016659
0.039798 -0.027910 0.021976 0.011513 1.000000 0.219786 -0.041165 -0.042906 0.579881 -0.136873 0.276135 -0.033767 0.226909 0.037944 0.286431 0.200662 0.211944 -0.028743 0.168348 0.062363 0.064412 0.227217 0.088336 -0.064895 0.264627 0.061154 0.340239 0.207277 0.017241 -0.107531 -0.197274 -0.179333 -0.096770 -0.103266 -0.056918 -0.091600 -0.034001 -0.066811 0.063286 -0.006015 0.018739 -0.002881 0.013904 -0.200964 -0.096798 -0.157178 -0.027285 -0.151207 -0.051214 -0.225686 0.169922 -0.278235 0.150984 -0.004889 0.253722 -0.159117 0.195731 0.112858 -0.056625 -0.264027 0.161320 -0.045712 -0.004863 -0.061243 0.281280 -0.096324 -0.173129 -0.252838 0.227755 0.042379 0.154645 0.115874 -0.014650 0.188492 0.211606 0.178299 -0.009983 -0.056266 0.006483 -0.038645 -0.057608 -0.049990 -0.000709 -0.079261 0.074908 -0.171986 -0.051989 -0.040195 0.262603 0.077442 0.071063 0.224923 0.237203 0.337366 -0.112640 -0.016302 -0.197556 -0.124346 -0.221849 -0.079438 0.076103 0.034870 0.052672 -0.131934 -0.002360 0.025337 0.028385 -0.082253 -0.295452 0.171287 -0.177276 -0.074999 -0.061654 -0.138427 0.054408 -0.090423
0.161123 -0.058311 0.106421 0.416385 0.219786 1.000000 -0.019250 0.061576 0.166067 0.323093 -0.016628 0.102946 -0.201958 -0.131842 0.066775 0.008826 -0.041632 -0.140662 0.251686 -0.077824 0.221640 0.112103 0.109656 0.116231 0.059640 0.057969 0.349238 0.173574 -0.054004 -0.087873 -0.056545 -0.027466 -0.068788 -0.118782 -0.035636 -0.055198 -0.152109 -0.210295 -0.135227 -0.176578 -0.002293 -0.087502 0.140945 0.109898 0.059843 0.060227 0.024199 0.078793 0.058839 -0.042530 0.053341 -0.056985 -0.115055 -0.044644 -0.075525 0.018613 0.004690 -0.137434 -0.217747 -0.217868 0.030639 -0.149649 0.054338 -0.148950 0.150627 -0.064919 -0.150455 -0.087638 -0.196302 -0.145801 -0.049981 -0.222781 -0.034525 0.035321 0.108256 -0.076458 0.103572 -0.087150 -0.091421 -0.285724 -0.236726 -0.179720 -0.088244 0.026911 -0.192599 0.026745 -0.058039 -0.088867 -0.076038 -0.045327 -0.010995 0.056383 -0.127039 0.107861 -0.073166 0.019579 -0.104541 -0.038072 -0.021406 0.093339 -0.072058 -0.104797 -0.059436 -0.005158 0.015020 0.187012 0.141436 -0.018227 -0.269908 0.040863 -0.100592 -0.003948 0.017774 -0.070439 -0.098054 0.048220
-0.248677 0.138910 0.425716 -0.177015 -0.041165 -0.019250 1.000000 0.743718 0.382033 0.487714 0.297627 0.316915 0.441319 0.379429 0.237596 0.354853 -0.046298 0.042510 -0.132049 0.084274 -0.216067 -0.348701 -0.491528 -0.472045 -0.451623 -0.473089 -0.188630 -0.410868 0.419440 0.470766 -0.212077 -0.263942 0.112566 0.321200 -0.346381 0.143632 -0.259551 -0.444402 -0.479404 -0.553291 -0.274833 -0.235736 -0.058476 -0.069220 -0.131540 0.007383 0.070534 -0.149842 -0.332444 -0.188528 -0.294581 -0.191799 -0.159091 0.046660 -0.274524 -0.317887 -0.402897 -0.320245 -0.113100 -0.234778 0.379130 0.270986 -0.116556 0.148858 0.506864 0.257530 -0.208783 -0.206925 -0.397047 -0.484203 0.001376 -0.264155 0.354217 -0.092841 -0.109904 0.112245 0.116495 -0.012221 -0.138222 0.014830 -0.086951 0.162471 -0.089734 0.423793 -0.191184 -0.153263 -0.370422 -0.408621 -0.181190 -0.241326 -0.049130 -0.099274 0.122147 0.084054 -0.176276 0.078319 -0.345083 -0.252317 -0.072855 -0.069410 0.084556 0.157943 -0.007539 -0.136581 -0.051539 -0.424657 0.210036 0.112683 -0.144860 -0.044437 -0.430867 0.076302 0.062517 0.178969 -0.032085 -0.152987
-0.247327 0.294881 0.194308 0.115090 -0.042906 0.061576 0.743718 1.000000 0.361252 0.556732 -0.056208 0.408866 0.274471 0.466425 -0.000585 0.369814 -0.012728 0.172946 -0.238665 -0.007827 -0.161981 -0.188585 -0.641348 -0.483277 -0.579961 -0.538690 -0.261037 -0.533527 0.298898 0.546767 -0.376422 -0.315604 0.070157 0.294944 -0.474396 0.067843 -0.174323 -0.222043 -0.317279 -0.332027 -0.107357 0.048375 -0.125127 -0.132010 -0.256719 -0.078291 -0.069494 -0.185825 -0.485429 -0.311128 -0.476129 -0.262866 -0.274177 -0.177226 -0.127569 -0.348900 -0.386671 -0.269504 -0.209522 -0.135859 0.399840 0.391177 0.066988 0.239084 0.412239 0.510791 -0.158447 -0.157347 -0.440520 -0.501380 -0.165861 -0.083459 0.346188 -0.047301 -0.191538 0.176295 0.087056 0.122457 -0.011392 -0.022030 -0.073218 0.211474 -0.269753 0.487245 -0.335087 -0.002103 -0.415462 -0.385047 -0.158646 -0.130493 -0.049044 -0.327622 0.297859 0.004790 -0.035679 0.069620 -0.253468 -0.218792 -0.119581 -0.144030 0.159237 0.025784 0.131579 0.025193 0.026877 -0.196137 0.130474 0.170124 -0.058661 -0.050085 -0.444715 -0.019606 -0.032263 0.179870 -0.111168 -0.061118
-0.151598 0.142245 0.186773 0.000836 0.579881 0.166067 0.382033 0.361252 1.000000 0.269016 0.246196 0.174735 0.336645 0.319539 0.355618 0.459787 0.096948 0.124459 -0.068011 -0.034897 -0.019846 -0.210563 -0.134413 -0.231393 -0.330928 -0.407938 -0.080114 -0.180597 0.248210 0.166521 -0.373232 -0.276508 -0.101945 0.052598 -0.261526 -0.123579 -0.023091 -0.159773 -0.144989 -0.135627 0.018548 -0.051458 -0.040877 -0.295415 -0.282719 -0.251046 -0.017842 -0.222006 -0.323836 -0.351203 -0.123008 -0.330919 0.068106 0.117682 0.157397 -0.223796 -0.061033 -0.124155 -0.167395 -0.250900 0.361131 0.215792 -0.018276 0.134493 0.404385 0.103486 -0.258512 -0.455283 -0.172370 -0.123133 0.090016 -0.043407 0.222637 0.074485 0.106898 0.218109 0.102381 0.037260 -0.034797 0.015280 -0.053977 0.060359 0.021029 0.148387 -0.054047 -0.167187 -0.078801 -0.243466 0.170034 0.195240 0.120019 0.084207 0.327202 0.257382 -0.034733 0.140431 -0.300541 -0.089678 -0.147635 -0.107571 0.178155 0.202409 0.164736 0.028907 0.189166 -0.101715 0.189225 0.070628 -0.106930 0.170884 -0.479154 -0.106121 0.042366 0.025041 -0.029953 0.037770
-0.162940 0.112176 0.010405 0.051339 -0.136873 0.323093 0.487714 0.556732 0.269016 1.000000 -0.164417 0.333990 0.051098 0.398866 -0.093969 0.483067 -0.007489 0.069906 -0.269442 -0.311175 -0.027399 -0.293815 -0.436224 -0.335455 -0.490002 -0.404242 -0.098343 -0.417091 0.146486 0.404943 -0.333444 -0.302085 0.045979 0.110774 -0.311708 0.145800 -0.158120 -0.254638 -0.368708 -0.331741 0.092705 0.022809 0.038454 0.038440 0.040476 0.099118 0.149570 -0.110357 -0.093881 -0.014298 -0.269270 -0.007070 -0.133232 0.015347 -0.275599 -0.194713 -0.291273 -0.348429 -0.001847 -0.159495 0.280137 0.234022 0.081052 0.033753 0.446719 0.341278 -0.086147 -0.165908 -0.369583 -0.370871 -0.079040 -0.307132 0.348485 -0.034592 -0.051132 0.049565 0.190534 0.058541 -0.029865 -0.185270 -0.070823 0.044219 -0.258617 0.144639 -0.422923 -0.001587 -0.323293 -0.329886 -0.306176 -0.150877 -0.056431 -0.153613 0.113561 0.091622 -0.136888 -0.012697 -0.268372 -0.113751 -0.118716 -0.059719 -0.015541 0.048488 0.040705 0.125181 0.087895 -0.042628 0.130236 0.000231 -0.046608 -0.050112 -0.380780 -0.029405 0.040094 0.053736 -0.007299 0.155079
-0.062369 -0.127473 0.189236 -0.206680 0.276135 -0.016628 0.297627 -0.056208 0.246196 -0.164417 1.000000 0.329974 0.589140 0.194993 0.588604 0.123828 0.085958 -0.037801 0.149928 0.137586 -0.222299 -0.144670 0.020696 -0.112900 0.135295 -0.053760 0.042792 0.072794 0.374888 0.096311 0.067298 -0.024158 -0.136734 -0.047778 -0.048016 -0.153816 -0.043469 -0.187363 -0.132588 -0.278683 -0.152532 -0.325639 0.083557 0.077976 0.133509 0.007137 0.363006 -0.052926 0.051171 0.074332 0.221905 -0.022042 0.201871 0.368499 0.024137 0.183845 -0.232162 -0.203153 0.029590 -0.257639 0.020799 -0.074523 -0.185837 -0.138865 0.145746 -0.293576 -0.393293 -0.332572 -0.236130 -0.137705 -0.025638 -0.200119 0.107693 -0.014621 0.076900 0.081672 0.078314 -0.194977 -0.235507 0.016093 -0.131121 -0.095336 0.457463 0.146719 0.333843 -0.133856 0.202644 0.024262 0.080581 -0.043046 0.047580 0.226110 -0.013851 0.215212 -0.316811 0.059361 -0.159760 -0.161819 0.106302 0.042395 -0.006961 0.161453 -0.195990 -0.336173 -0.088488 -0.075740 0.172853 -0.079575 -0.212795 0.064465 -0.205715 0.175361 0.114499 0.138458 0.090686 -0.085927
0.042920 0.159886 0.069930 0.207050 -0.033767 0.102946 0.316915 0.408866 0.174735 0.333990 0.329974 1.000000 0.250092 0.649837 0.031779 0.266444 -0.055753 0.136461 -0.191569 0.006002 -0.234821 -0.051973 -0.298440 -0.133508 -0.250656 -0.295250 -0.296544 -0.110565 0.492698 0.495341 -0.055030 -0.009159 -0.030341 0.087803 -0.251232 -0.180272 0.054248 0.056709 -0.117185 -0.167205 0.058600 -0.074594 -0.209025 -0.079039 -0.125679 -0.211739 0.185321 -0.318321 -0.237220 -0.186011 -0.086037 -0.084787 0.058742 0.073803 0.151039 0.020822 -0.329205 -0.366761 -0.044169 -0.230466 0.216983 0.236936 0.061383 -0.054808 0.207012 0.437717 -0.323646 -0.266786 -0.466890 -0.411629 -0.200799 -0.159553 0.347322 0.079230 0.071888 0.348871 0.232619 -0.003957 -0.071042 -0.128726 -0.178478 -0.149841 0.106168 0.263246 -0.120943 0.381733 0.134131 0.105299 -0.193028 0.123227 -0.219360 -0.365784 0.104816 -0.100948 -0.218481 -0.032691 -0.048634 -0.170162 -0.185402 -0.171159 0.003705 0.075210 -0.150090 -0.270017 -0.165657 -0.104816 -0.096484 -0.111444 -0.241183 -0.041102 -0.398997 -0.205736 0.140218 0.060382 -0.165812 0.011455
-0.056002 0.115819 -0.054604 -0.330468 0.226909 -0.201958 0.441319 0.274471 0.336645 0.051098 0.589140 0.250092 1.000000 0.571998 0.387909 0.478176 0.421203 0.289479 -0.015602 -0.053388 -0.241592 -0.228643 -0.356732 -0.377545 -0.066166 -0.233704 0.018419 -0.219573 0.338938 0.244958 -0.203503 -0.290904 0.107311 0.158887 -0.420363 -0.140770 0.090851 -0.013012 0.036904 -0.113703 0.028018 0.042595 -0.180800 -0.295558 -0.206691 -0.200770 0.020819 -0.287188 -0.188367 -0.187546 -0.112030 -0.092455 0.173398 0.127041 0.130045 -0.082415 -0.075157 -0.127554 0.138433 -0.094432 0.237600 0.166955 -0.071595 0.090036 0.098570 0.092915 -0.126306 -0.273514 0.059457 -0.057294 0.022730 -0.062580 0.202466 -0.006254 -0.009450 0.093488 0.004063 -0.166653 0.066824 0.140078 0.230545 0.230932 0.089964 0.104610 0.219649 -0.153210 -0.061735 -0.185460 0.211701 0.079573 0.024321 0.030220 0.086225 0.165613 -0.130491 0.032730 -0.253022 -0.088994 -0.144434 -0.048825 -0.055037 0.002762 -0.219049 -0.301002 -0.117742 -0.156583 0.047919 -0.056314 -0.182605 -0.002041 -0.259831 0.014951 -0.102199 0.003947 0.065077 -0.100038
-0.024916 0.503133 -0.272804 -0.174064 0.037944 -0.131842 0.379429 0.466425 0.319539 0.398866 0.194993 0.649837 0.571998 1.000000 0.133874 0.652263 0.302729 0.547796 -0.316752 -0.092044 -0.364473 -0.218514 -0.574905 -0.478395 -0.399425 -0.539046 -0.286703 -0.454580 0.486082 0.561956 -0.429911 -0.441393 0.156915 0.277044 -0.620921 -0.296797 0.128260 0.029029 -0.140729 -0.227435 0.165104 0.068396 -0.189681 -0.266126 -0.316170 -0.297325 0.081449 -0.429168 -0.385602 -0.272557 -0.359520 -0.119990 0.144696 0.105652 0.172731 -0.205709 -0.229719 -0.090587 0.080429 -0.018691 0.431995 0.514877 0.204920 0.339319 0.219792 0.407487 -0.214327 -0.499429 -0.133482 -0.261100 -0.033466 -0.125183 0.458848 0.094407 -0.024383 0.338754 0.168817 0.018606 0.104410 0.099607 0.143079 0.227359 -0.074434 0.331931 -0.240744 -0.012328 -0.190303 -0.297556 -0.125468 0.207087 -0.025189 -0.255688 0.292551 0.059673 -0.161790 0.013875 -0.291000 -0.155270 -0.111695 -0.079472 0.176532 0.100960 -0.023350 -0.196420 -0.052753 -0.133080 -0.022904 -0.059397 -0.194998 -0.166506 -0.572092 0.029919 0.111184 0.153977 -0.060292 -0.014437
-0.048501 0.045753 0.138620 -0.082647 0.286431 0.066775 0.237596 -0.000585 0.355618 -0.093969 0.588604 0.031779 0.387909 0.133874 1.000000 0.408061 0.003643 -0.074675 0.187922 0.348818 -0.108804 -0.121968 -0.010672 0.010876 0.108412 -0.003014 0.215252 0.142713 0.358309 0.066747 0.021764 -0.014641 -0.201551 -0.039158 -0.131994 -0.269646 -0.014904 -0.075184 -0.053323 -0.099359 -0.204618 -0.232532 0.236334 0.020236 -0.151003 -0.147294 0.101901 0.153415 -0.156983 -0.158152 -0.053346 -0.240853 -0.033769 0.255987 -0.054718 0.014819 -0.159729 0.027872 -0.169395 -0.260691 -0.020708 -0.099674 -0.163651 -0.038995 0.129172 -0.273681 -0.433947 -0.387912 -0.149424 -0.111119 0.139300 -0.057543 0.025189 -0.019354 -0.039419 -0.030643 0.004821 -0.073706 -0.207152 0.023868 -0.209567 0.008961 0.451375 0.367654 0.044240 -0.399682 0.037578 -0.054334 0.117384 -0.097577 0.186929 0.271947 -0.012268 0.245678 -0.166405 0.138788 -0.219584 -0.033031 0.169484 0.223154 0.026573 0.069418 0.160142 -0.134271 0.156499 -0.019967 0.387860 0.204497 -0.058327 0.058676 -0.151405 0.323274 0.000289 0.167195 0.255489 -0.027196
-0.113260 0.236423 -0.220472 -0.050341 0.200662 0.008826 0.354853 0.369814 0.459787 0.483067 0.123828 0.266444 0.478176 0.652263 0.408061 1.000000 0.243372 0.256740 -0.103196 -0.110182 -0.023167 -0.039660 -0.316855 -0.227671 -0.205221 -0.231436 0.143448 -0.172075 0.300342 0.361248 -0.216577 -0.187672 0.080702 0.153432 -0.521889 -0.243984 0.222594 0.107609 0.066200 -0.124308 0.246136 0.205597 -0.116677 -0.297705 -0.315148 -0.333595 0.032904 -0.409776 -0.283127 -0.317331 -0.188978 -0.215642 0.027964 0.077217 0.149077 -0.290975 -0.101342 -0.088755 -0.060264 -0.257732 0.233017 0.165926 0.100637 0.111124 0.396746 0.311427 -0.178419 -0.508342 -0.107769 -0.292765 0.123420 0.044563 0.354853 0.109053 0.016239 0.241947 0.159718 0.049849 0.062558 -0.047786 0.041885 0.147732 -0.065900 0.214833 -0.156648 -0.199767 -0.198358 -0.181676 0.174807 0.109062 -0.072154 -0.120797 0.218174 0.167900 -0.073296 -0.082086 -0.293847 -0.082842 -0.215323 -0.073488 -0.047083 0.067715 -0.053484 -0.180444 -0.075721 -0.052349 0.140588 0.145610 -0.174789 -0.097660 -0.463945 -0.017029 -0.112402 0.054477 0.146611 -0.063249
0.126713 0.316152 -0.391718 -0.192032 0.211944 -0.041632 -0.046298 -0.012728 0.096948 -0.007489 0.085958 -0.055753 0.421203 0.302729 0.003643 0.243372 1.000000 0.674639 0.217748 -0.126230 -0.227416 -0.055864 -0.250462 -0.402744 -0.000200 -0.203454 -0.051863 -0.220407 0.260213 0.186752 -0.337167 -0.406157 0.325643 0.158648 -0.470328 -0.387474 0.261277 0.059003 0.110533 -0.052990 0.187921 0.139404 -0.223819 -0.309106 -0.107504 -0.241591 0.076314 -0.379067 -0.107403 -0.176342 -0.078889 -0.176773 0.151653 -0.164872 0.225042 -0.166262 0.388465 0.216085 0.046965 0.064905 0.345124 0.173544 0.524719 0.334336 0.067986 -0.042288 0.143627 -0.366330 0.275132 -0.028743 0.053137 -0.151497 0.328120 0.181562 0.146948 0.102557 0.147020 0.043177 0.437200 0.271712 0.656338 0.511355 -0.066109 0.023462 0.197670 -0.064349 -0.084775 -0.159741 0.148792 0.176726 -0.154396 -0.179030 0.051562 0.030425 -0.133024 -0.029330 -0.292148 -0.159769 -0.042540 -0.054865 0.034201 -0.145773 -0.054558 -0.275713 -0.002081 0.069517 0.056707 -0.088694 -0.260376 -0.097824 -0.266926 0.139338 0.013301 -0.156892 -0.089531 -0.063892
0.189965 0.648688 -0.575600 -0.313013 -0.028743 -0.140662 0.042510 0.172946 0.124459 0.069906 -0.037801 0.136461 0.289479 0.547796 -0.074675 0.256740 0.674639 1.000000 -0.022883 0.098730 -0.385858 -0.237942 -0.532598 -0.604792 -0.355462 -0.563118 -0.363425 -0.506659 0.519933 0.488339 -0.508360 -0.565334 0.524304 0.476767 -0.642124 -0.445039 0.167788 -0.000170 -0.083675 -0.223508 0.080614 0.077495 -0.304789 -0.231506 -0.221970 -0.300817 0.073394 -0.357575 -0.430328 -0.219251 -0.523751 -0.202605 -0.036699 -0.229860 0.169726 -0.121705 0.218282 0.378146 0.024559 0.312640 0.572771 0.538457 0.632612 0.729704 -0.014865 0.053623 0.086114 -0.514442 0.235863 -0.133334 0.061739 -0.138586 0.570346 0.206709 0.042861 0.238285 0.362952 0.248090 0.347669 0.458633 0.445714 0.659104 -0.213001 0.366342 -0.252578 0.014779 -0.291503 -0.369389 -0.097310 0.229195 -0.199810 -0.396458 -0.028821 -0.189206 -0.217732 -0.088297 -0.210754 -0.261177 0.167326 0.036692 0.135863 -0.073103 0.126492 -0.086834 -0.012543 -0.005001 -0.043668 -0.019674 -0.237919 -0.334217 -0.483995 0.167861 0.031670 -0.038195 -0.252200 -0.086479
0.220782 -0.060157 0.206055 0.276924 0.168348 0.251686 -0.132049 -0.238665 -0.068011 -0.269442 0.149928 -0.191569 -0.015602 -0.316752 0.187922 -0.103196 0.217748 -0.022883 1.000000 0.325127 0.012452 0.120705 0.288386 0.215454 0.244259 0.190442 0.231132 0.327268 0.010319 -0.194027 0.200171 0.154185 0.113707 0.033783 -0.021958 -0.264262 0.079617 0.016488 0.126541 0.047924 -0.158300 -0.130658 -0.021932 -0.062987 -0.146026 -0.192127 0.023658 0.016965 -0.065383 -0.179133 0.132698 -0.142365 -0.062038 -0.231627 -0.020000 -0.193582 0.076449 0.088714 -0.195891 0.015190 -0.035276 -0.311969 0.086239 -0.102567 -0.081050 -0.334012 0.210815 0.016770 0.193779 0.129987 0.236550 0.011462 -0.035378 0.205921 0.170548 0.008380 0.132978 0.040473 0.039270 0.020845 -0.053078 -0.069078 0.065891 -0.049577 0.268250 0.088456 0.058860 0.118593 0.297434 -0.090213 -0.090091 -0.002773 -0.303763 -0.109536 -0.144910 -0.132180 -0.118136 -0.279139 0.035575 -0.077974 -0.208858 -0.177870 -0.050895 -0.115237 -0.021695 -0.041278 0.098229 0.007109 -0.295165 -0.069737 0.105284 0.006861 -0.136970 -0.245889 -0.156852 -0.181428
0.171915 0.313794 0.151280 0.098546 0.062363 -0.077824 0.084274 -0.007827 -0.034897 -0.311175 0.137586 0.006002 -0.053388 -0.092044 0.348818 -0.110182 -0.126230 0.098730 0.325127 1.000000 -0.101510 -0.052374 0.004087 0.052265 0.094996 -0.058290 0.026414 0.146739 0.370136 0.185392 0.165586 0.133856 0.025935 0.394295 -0.086825 -0.172249 -0.197022 -0.155222 -0.151799 -0.132906 -0.442779 -0.157131 -0.156118 -0.091278 -0.237949 -0.229320 -0.288737 0.079689 -0.451582 -0.272312 -0.284229 -0.414767 -0.363118 -0.337752 -0.193692 -0.211158 -0.019081 0.397341 -0.321130 0.096153 0.045236 0.086475 0.114857 0.312615 -0.135070 -0.196485 -0.325721 -0.163246 0.184611 -0.050158 0.414953 0.147873 0.095846 0.207110 0.071343 0.179251 0.130401 0.307227 -0.026847 0.285330 -0.158137 0.068772 0.128398 0.475718 -0.209508 0.002981 -0.117894 -0.106020 -0.109506 -0.204490 -0.069684 -0.005661 -0.245011 -0.129959 -0.268632 -0.135567 -0.093794 -0.204728 0.289968 0.150841 0.103614 0.020117 0.327249 0.024052 -0.092301 -0.260290 0.132155 0.129151 -0.132871 -0.183468 0.019513 0.156923 -0.115130 -0.038932 -0.142038 -0.219263
-0.324347 -0.458881 0.085438 0.370625 0.064412 0.221640 -0.216067 -0.161981 -0.019846 -0.027399 -0.222299 -0.234821 -0.241592 -0.364473 -0.108804 -0.023167 -0.227416 -0.385858 0.012452 -0.101510 1.000000 0.461639 0.554611 0.551856 0.456263 0.579470 0.615237 0.538265 -0.380725 -0.206477 0.544926 0.563978 0.025364 -0.057086 0.336578 0.307487 0.080291 0.148308 0.216826 0.243384 0.219622 0.193197 0.004647 0.066012 0.137361 0.145585 -0.158859 0.002226 0.284204 0.120978 0.308461 0.042863 -0.184484 -0.094151 0.058619 0.015989 -0.027670 -0.137624 -0.210035 -0.371107 -0.439893 -0.527761 -0.375262 -0.461604 0.095488 0.001174 0.088533 0.179517 0.094587 0.112985 0.217497 0.377300 -0.131098 0.117862 0.183433 0.038351 -0.007952 0.119262 0.026819 -0.206577 -0.237054 -0.177107 -0.127180 -0.294110 0.136703 -0.027435 0.164598 0.208770 0.291906 -0.162606 -0.260500 -0.123303 -0.116947 -0.204299 0.111156 0.011076 0.224934 0.095412 -0.349044 -0.272682 -0.353544 -0.098354 -0.327955 -0.277419 -0.326479 -0.148907 -0.237453 0.107975 -0.145017 0.091692 0.376780 -0.288731 -0.075719 -0.129604 0.019883 -0.111426
0.098929 -0.237320 -0.109274 0.232989 0.227217 0.112103 -0.348701 -0.188585 -0.210563 -0.293815 -0.144670 -0.051973 -0.228643 -0.218514 -0.121968 -0.039660 -0.055864 -0.237942 0.120705 -0.052374 0.461639 1.000000 0.418595 0.420464 0.540063 0.591622 0.512837 0.598179 -0.304764 -0.190433 0.495225 0.493388 0.043001 -0.147894 0.147951 -0.077786 0.053818 0.169871 0.387758 0.216047 0.014431 0.162203 -0.063284 0.044454 0.079946 -0.071109 -0.059047 -0.234772 0.257934 0.018820 0.431354 0.054703 0.060299 -0.115679 0.233998 -0.047211 0.198660 0.107101 -0.043890 -0.227928 -0.278354 -0.378559 -0.069307 -0.386816 0.113917 0.074526 0.088978 0.006772 0.101386 0.043420 0.051446 0.468185 -0.142582 0.181784 0.103864 0.244695 -0.053125 -0.054981 0.004666 -0.209879 -0.155613 -0.296026 -0.123578 -0.237657 0.183319 0.062974 0.205827 0.427426 0.268767 -0.026358 -0.340089 -0.146877 -0.036655 -0.085569 0.106092 -0.000059 0.205839 -0.008487 -0.264049 -0.248522 -0.274182 -0.295188 -0.241714 -0.384903 -0.214241 0.133591 -0.104602 0.228492 -0.244253 0.061417 0.254521 -0.225779 -0.102268 -0.021961 0.181737 -0.233991
-0.015068 -0.543276 0.234338 0.397889 0.088336 0.109656 -0.491528 -0.641348 -0.134413 -0.436224 0.020696 -0.298440 -0.356732 -0.574905 -0.010672 -0.316855 -0.250462 -0.532598 0.288386 0.004087 0.554611 0.418595 1.000000 0.875755 0.657025 0.749598 0.460826 0.781688 -0.470726 -0.553316 0.690922 0.701413 -0.174850 -0.316655 0.612329 0.074553 0.173045 0.238221 0.374607 0.410604 0.100327 0.025762 0.047686 0.038774 0.064162 -0.060537 -0.042292 0.026155 0.342477 0.041600 0.628204 0.018366 0.034861 0.114182 0.078255 0.145096 0.154334 -0.015838 -0.200381 -0.324571 -0.576432 -0.658950 -0.305434 -0.551265 -0.156880 -0.227283 0.046110 0.183034 0.148081 0.343117 0.227060 0.268782 -0.366682 0.220132 0.403547 0.093158 -0.003129 -0.020284 -0.086082 -0.099596 -0.201242 -0.397869 0.152250 -0.556243 0.476584 0.122135 0.502046 0.530689 0.388094 0.030968 -0.162099 0.213259 -0.113532 -0.008310 0.219506 0.128918 0.219111 0.233227 -0.206329 -0.118114 -0.341644 0.001001 -0.324869 -0.167787 -0.254463 0.033177 -0.157324 -0.029064 0.032035 0.214208 0.482755 -0.244556 0.027271 -0.050842 0.180880 -0.102852
-0.019679 -0.517976 0.273925 0.601691 -0.064895 0.116231 -0.472045 -0.483277 -0.231393 -0.335455 -0.112900 -0.133508 -0.377545 -0.478395 0.010876 -0.227671 -0.402744 -0.604792 0.215454 0.052265 0.551856 0.420464 0.875755 1.000000 0.578142 0.736446 0.450734 0.812142 -0.484324 -0.481968 0.702162 0.780109 -0.218646 -0.348375 0.559516 0.066896 0.214633 0.401528 0.449654 0.536478 0.136464 0.151720 0.028761 0.021589 -0.065840 -0.120454 -0.181466 0.105585 0.223258 -0.068861 0.483503 -0.032790 -0.090910 0.011421 0.095924 0.125689 0.021584 -0.094120 -0.266742 -0.346664 -0.678655 -0.681066 -0.363210 -0.599988 -0.294026 -0.004982 0.006389 0.315072 0.049747 0.235302 0.156021 0.288836 -0.417126 0.154998 0.301068 0.044479 -0.044257 0.004912 -0.157631 -0.195787 -0.303367 -0.469929 0.134501 -0.476388 0.345579 0.241231 0.539882 0.648087 0.373139 0.025289 -0.125343 0.112787 -0.058317 -0.056249 0.249012 0.064477 0.341606 0.340212 -0.205885 -0.051896 -0.393428 0.020959 -0.315405 -0.064544 -0.251811 0.002780 -0.266500 -0.033796 0.100412 0.171255 0.573300 -0.237853 0.010538 -0.028049 0.190530 -0.043662
0.158886 -0.422005 -0.108254 0.194845 0.264627 0.059640 -0.451623 -0.579961 -0.330928 -0.490002 0.135295 -0.250656 -0.066166 -0.399425 0.108412 -0.205221 -0.000200 -0.355462 0.244259 0.094996 0.456263 0.540063 0.657025 0.578142 1.000000 0.816612 0.722353 0.756526 -0.306341 -0.432760 0.587445 0.456338 -0.014103 -0.278782 0.414609 0.009460 0.203162 0.263575 0.443400 0.300138 0.098533 0.039324 -0.061431 0.056190 0.163348 -0.024490 -0.016246 -0.068049 0.370247 0.113753 0.535461 0.041164 0.042653 0.051697 0.151769 0.227166 0.310905 0.174205 -0.063561 -0.253134 -0.462422 -0.546826 -0.218103 -0.453183 -0.102370 -0.228034 -0.009459 0.133825 0.332676 0.307768 0.206430 0.234368 -0.335830 0.164543 0.308353 -0.012721 -0.052793 -0.209300 -0.056919 -0.062499 -0.104253 -0.236918 0.144035 -0.425783 0.395396 0.082986 0.355417 0.491029 0.338802 -0.051914 -0.226098 0.171552 -0.198720 0.016702 0.037081 0.006018 0.255981 0.144740 -0.140267 -0.017504 -0.421142 -0.146339 -0.434886 -0.407380 -0.455055 -0.029800 -0.257551 -0.045764 -0.247854 0.159191 0.439891 -0.160360 -0.044478 -0.142213 0.307159 -0.234702
0.066654 -0.582732 0.042784 0.212567 0.061154 0.057969 -0.473089 -0.538690 -0.407938 -0.404242 -0.053760 -0.295250 -0.233704 -0.539046 -0.003014 -0.231436 -0.203454 -0.563118 0.190442 -0.058290 0.579470 0.591622 0.749598 0.736446 0.816612 1.000000 0.584152 0.808842 -0.435709 -0.469639 0.773127 0.739893 -0.035752 -0.279817 0.591150 0.238980 0.167767 0.306198 0.445013 0.470833 0.066471 0.073185 0.045663 0.170087 0.198588 0.092719 -0.051840 0.102149 0.451755 0.147250 0.581250 0.103758 -0.031452 0.047621 -0.011368 0.204171 0.207818 -0.054895 -0.075345 -0.367999 -0.615867 -0.662929 -0.290249 -0.623842 -0.121233 -0.073744 0.078045 0.332667 0.234838 0.230806 0.157434 0.352541 -0.346490 0.150061 0.275260 -0.031180 -0.047568 -0.056992 -0.084171 -0.118859 -0.153275 -0.345348 0.126531 -0.533435 0.369251 0.003011 0.390459 0.568183 0.256304 -0.208396 -0.266498 0.154566 -0.269211 -0.090946 0.199454 0.051413 0.391999 0.278491 -0.259765 -0.044721 -0.499601 -0.227828 -0.401658 -0.307257 -0.344225 0.087814 -0.202701 0.058992 -0.019729 0.180112 0.659624 -0.202337 -0.102897 -0.108010 0.297328 -0.160866
0.034745 -0.329867 -0.042479 0.280268 0.340239 0.349238 -0.188630 -0.261037 -0.080114 -0.098343 0.042792 -0.296544 0.018419 -0.286703 0.215252 0.143448 -0.051863 -0.363425 0.231132 0.026414 0.615237 0.512837 0.460826 0.450734 0.722353 0.584152 1.000000 0.627296 -0.418982 -0.402384 0.363891 0.261801 -0.063804 -0.224740 0.210041 0.038171 0.014155 0.045827 0.267030 0.142197 0.066720 0.120563 0.018575 -0.037859 0.040660 -0.021129 -0.190235 -0.081843 0.243258 0.003691 0.343824 -0.018413 -0.054270 -0.036405 0.058614 -0.050761 0.170996 0.095307 -0.096969 -0.258310 -0.296420 -0.466534 -0.267141 -0.388863 0.106428 -0.117398 -0.005269 0.086332 0.229895 0.235328 0.198151 0.188636 -0.371066 0.026682 0.101787 -0.072859 -0.109864 -0.199796 -0.085145 -0.250300 -0.259496 -0.226765 -0.084914 -0.311359 0.183938 -0.083640 0.061568 0.186373 0.402400 -0.092695 -0.097346 0.230723 -0.092287 0.221269 0.036878 -0.043852 0.035604 0.032467 -0.260668 -0.058508 -0.343598 -0.135262 -0.317152 -0.287983 -0.323073 -0.055491 -0.104672 0.039645 -0.264293 0.137971 0.262946 -0.183840 -0.277083 -0.144657 0.316962 -0.192422
0.155321 -0.437341 0.136006 0.372472 0.207277 0.173574 -0.410868 -0.533527 -0.180597 -0.417091 0.072794 -0.110565 -0.219573 -0.454580 0.142713 -0.172075 -0.220407 -0.506659 0.327268 0.146739 0.538265 0.598179 0.781688 0.812142 0.756526 0.808842 0.627296 1.000000 -0.319551 -0.458891 0.684128 0.697028 -0.048488 -0.266890 0.449741 -0.061635 0.089987 0.277007 0.412113 0.406540 -0.062452 0.031281 -0.030294 0.015659 -0.034481 -0.172969 -0.140954 0.012193 0.259570 -0.095102 0.520000 -0.041033 -0.053315 -0.005745 0.101580 0.084708 0.230080 0.062368 -0.216895 -0.372101 -0.473582 -0.631764 -0.261107 -0.561104 -0.125209 -0.040305 0.047238 0.173454 0.203998 0.158295 0.183928 0.270808 -0.344331 0.148398 0.270416 0.007584 0.035237 -0.050012 -0.177341 -0.104940 -0.341359 -0.392002 0.153346 -0.434493 0.320612 0.166645 0.452032 0.660198 0.353035 -0.094126 -0.301251 0.158613 -0.218727 -0.000431 0.106347 0.088858 0.328480 0.243949 -0.263161 0.003233 -0.474729 -0.133030 -0.300305 -0.328503 -0.288724 -0.062876 -0.138147 0.083003 -0.125527 0.208701 0.479234 -0.197144 -0.056771 -0.075680 0.323608 -0.177294
0.055072 0.330376 -0.107879 -0.187045 0.017241 -0.054004 0.419440 0.298898 0.248210 0.146486 0.374888 0.492698 0.338938 0.486082 0.358309 0.300342 0.260213 0.519933 0.010319 0.370136 -0.380725 -0.304764 -0.470726 -0.484324 -0.306341 -0.435709 -0.418982 -0.319551 1.000000 0.729516 -0.174460 -0.207428 0.248692 0.459213 -0.467930 -0.202917 0.044610 -0.113516 -0.284459 -0.407439 -0.109518 -0.262185 -0.226890 -0.043285 -0.123040 -0.171714 0.195961 -0.218607 -0.484478 -0.199061 -0.414703 -0.312006 -0.164565 -0.053231 -0.090743 -0.046182 -0.135694 -0.007611 -0.142646 -0.105977 0.438158 0.382520 0.351580 0.413643 0.273460 0.055970 -0.292916 -0.514021 -0.197087 -0.473789 0.097979 -0.167553 0.705373 0.210230 0.098985 0.297213 0.431081 0.235958 0.150087 0.321623 0.121510 0.383706 0.162890 0.622546 -0.254625 0.019654 -0.161870 -0.264273 -0.317472 -0.027659 -0.302429 -0.325643 -0.243026 -0.231334 -0.334896 -0.001438 -0.268970 -0.274029 0.136505 0.063758 0.026285 0.062589 0.081583 -0.274310 -0.143432 -0.199878 0.138395 0.099297 -0.271700 -0.246607 -0.543482 0.168875 0.103719 -0.039183 -0.284032 -0.128807
-0.247385 0.310541 -0.137385 -0.098896 -0.107531 -0.087873 0.470766 0.546767 0.166521 0.404943 0.096311 0.495341 0.244958 0.561956 0.066747 0.361248 0.186752 0.488339 -0.194027 0.185392 -0.206477 -0.190433 -0.553316 -0.481968 -0.432760 -0.469639 -0.402384 -0.458891 0.729516 1.000000 -0.167219 -0.170529 0.351153 0.661405 -0.517934 0.050741 0.149622 -0.065462 -0.326128 -0.433005 0.089609 0.053414 -0.196474 0.055492 -0.009467 0.031237 0.221337 -0.203046 -0.426209 -0.102098 -0.463782 -0.320791 -0.209274 -0.154599 -0.189520 -0.267082 -0.264865 -0.075233 -0.204527 -0.189287 0.261431 0.385010 0.325205 0.404621 0.300349 0.273053 -0.310909 -0.409581 -0.262409 -0.650385 0.081057 -0.072578 0.830749 0.390298 0.223024 0.448090 0.487599 0.364083 0.056256 0.328910 0.095958 0.417686 -0.075688 0.620073 -0.313309 -0.008446 -0.207296 -0.303262 -0.407637 -0.235981 -0.376654 -0.587127 -0.113091 -0.322218 -0.270025 -0.090129 -0.319817 -0.290328 0.044806 -0.206948 -0.024187 -0.109736 0.099037 -0.265499 -0.177777 -0.127360 0.065892 0.173503 -0.250057 -0.451871 -0.473577 0.128227 0.080564 0.046746 -0.401515 -0.026952
-0.113666 -0.578006 0.237765 0.254203 -0.197274 -0.056545 -0.212077 -0.376422 -0.373232 -0.333444 0.067298 -0.055030 -0.203503 -0.429911 0.021764 -0.216577 -0.337167 -0.508360 0.200171 0.165586 0.544926 0.495225 0.690922 0.702162 0.587445 0.773127 0.363891 0.684128 -0.174460 -0.167219 1.000000 0.933044 0.037158 0.002500 0.516070 0.254823 0.142350 0.246633 0.283191 0.281583 -0.062456 -0.010111 -0.127568 0.134873 0.172870 0.070260 -0.022488 -0.006786 0.241421 0.129803 0.449755 0.036896 -0.186401 -0.043061 -0.116156 0.130922 -0.046771 -0.161947 -0.174455 -0.377147 -0.610022 -0.611363 -0.296375 -0.533951 -0.123208 -0.082779 -0.025250 0.245442 0.034650 0.067475 0.188121 0.360852 -0.139708 0.196909 0.279388 0.190597 0.083418 0.054630 -0.094176 -0.041453 -0.241766 -0.349916 0.099328 -0.253703 0.357350 0.188578 0.379630 0.521332 0.152251 -0.258692 -0.393558 -0.078368 -0.366359 -0.257665 0.063982 -0.013996 0.315456 0.121493 -0.136123 -0.162845 -0.486153 -0.130975 -0.401954 -0.377123 -0.392125 -0.105569 -0.124269 0.105882 -0.076658 0.049328 0.545979 -0.188256 -0.044607 -0.074682 0.065158 -0.210438
-0.123887 -0.549456 0.287533 0.377924 -0.179333 -0.027466 -0.263942 -0.315604 -0.276508 -0.302085 -0.024158 -0.009159 -0.290904 -0.441393 -0.014641 -0.187672 -0.406157 -0.565334 0.154185 0.133856 0.563978 0.493388 0.701413 0.780109 0.456338 0.739893 0.261801 0.697028 -0.207428 -0.170529 0.933044 1.000000 -0.061217 -0.053505 0.510297 0.229693 0.128073 0.319106 0.309093 0.391540 -0.012879 0.055337 -0.096320 0.110076 0.068555 0.011956 -0.113091 0.059892 0.163393 0.011298 0.403356 -0.035517 -0.223741 -0.082159 -0.079070 0.078915 -0.054913 -0.210373 -0.259578 -0.405209 -0.622179 -0.579373 -0.265071 -0.535107 -0.142514 0.054282 -0.024121 0.280815 -0.037161 -0.003365 0.159657 0.424852 -0.155688 0.193520 0.261852 0.186754 0.077344 0.153263 -0.091296 -0.069562 -0.261593 -0.404622 0.129243 -0.272279 0.324581 0.205381 0.447731 0.576986 0.168116 -0.208036 -0.355020 -0.096021 -0.278045 -0.260039 0.162532 -0.008188 0.339005 0.233400 -0.206900 -0.145654 -0.457296 -0.089797 -0.317188 -0.237674 -0.309783 -0.041142 -0.143157 0.128635 0.047324 0.098964 0.553345 -0.206444 -0.043524 -0.036897 0.036609 -0.111079
0.223487 0.322199 -0.359714 -0.226572 -0.096770 -0.068788 0.112566 0.070157 -0.101945 0.045979 -0.136734 -0.030341 0.107311 0.156915 -0.201551 0.080702 0.325643 0.524304 0.113707 0.025935 0.025364 0.043001 -0.174850 -0.218646 -0.014103 -0.035752 -0.063804 -0.048488 0.248692 0.351153 0.037158 -0.061217 1.000000 0.664508 -0.254415 -0.010534 0.107332 0.111425 -0.013097 -0.082868 0.042467 0.050898 -0.474691 -0.164311 -0.198931 -0.249817 -0.002197 -0.358801 -0.290219 -0.214588 -0.328856 -0.132677 -0.350843 -0.262380 -0.084399 -0.206905 0.281176 0.279680 -0.108452 0.014126 0.256262 0.088493 0.377371 0.320610 0.103700 0.210067 0.396486 -0.153011 0.339090 -0.175995 0.039414 -0.120161 0.556833 0.307188 0.263824 0.274656 0.589764 0.347962 -0.028520 0.466549 0.084928 0.437302 -0.417695 0.043025 -0.191296 0.054731 -0.243899 -0.108516 -0.082170 -0.166895 -0.571406 -0.458850 -0.269639 -0.307704 -0.144092 0.045877 0.157614 -0.025031 -0.097190 0.015127 -0.232294 -0.092894 -0.153912 -0.205421 -0.252244 -0.057358 -0.186415 0.072222 -0.231528 -0.215228 -0.100643 0.002221 0.094596 0.005531 -0.115212 -0.136847
-0.101873 0.418165 -0.144361 -0.186005 -0.103266 -0.118782 0.321200 0.294944 0.052598 0.110774 -0.047778 0.087803 0.158887 0.277044 -0.039158 0.153432 0.158648 0.476767 0.033783 0.394295 -0.057086 -0.147894 -0.316655 -0.348375 -0.278782 -0.279817 -0.224740 -0.266890 0.459213 0.661405 0.002500 -0.053505 0.664508 1.000000 -0.352131 0.152512 -0.040104 -0.138067 -0.284126 -0.301436 -0.106563 0.019357 -0.370454 -0.140817 -0.188601 -0.052860 -0.110167 -0.159172 -0.496352 -0.178344 -0.548769 -0.339636 -0.452318 -0.389788 -0.369882 -0.430691 -0.009588 0.292410 -0.260402 0.009777 0.241503 0.355307 0.311701 0.518721 0.172420 0.214963 -0.028194 -0.212270 0.220831 -0.301005 0.276249 -0.030521 0.658316 0.405037 0.197070 0.363784 0.510348 0.547595 0.000033 0.581687 0.060739 0.454597 -0.264938 0.389701 -0.287105 -0.157236 -0.333574 -0.421055 -0.324441 -0.346400 -0.405068 -0.477718 -0.285598 -0.321671 -0.234525 -0.099270 -0.185279 -0.268584 0.022295 -0.152027 0.028708 -0.175920 0.201719 -0.163409 -0.188763 -0.132093 0.068056 0.158284 -0.192081 -0.430277 -0.238586 0.103514 -0.125327 -0.046741 -0.435040 -0.168545
-0.023552 -0.594469 0.275714 0.129644 -0.056918 -0.035636 -0.346381 -0.474396 -0.261526 -0.311708 -0.048016 -0.251232 -0.420363 -0.620921 -0.131994 -0.521889 -0.470328 -0.642124 -0.021958 -0.086825 0.336578 0.147951 0.612329 0.559516 0.414609 0.591150 0.210041 0.449741 -0.467930 -0.517934 0.516070 0.510297 -0.254415 -0.352131 1.000000 0.496782 -0.048592 0.134342 0.139055 0.373928 -0.089493 -0.101773 0.083012 0.166325 0.271427 0.296724 -0.084101 0.340676 0.433639 0.290352 0.496689 0.189929 0.034149 0.129041 -0.049255 0.305897 0.086019 -0.179315 0.065574 -0.172050 -0.481433 -0.484691 -0.459352 -0.524132 -0.172464 -0.183962 0.078320 0.542116 0.061224 0.319216 -0.017642 0.031983 -0.514745 -0.196022 0.052332 -0.135737 -0.174063 -0.075966 -0.252222 -0.192165 -0.215872 -0.435261 0.234905 -0.477359 0.349451 0.066294 0.386669 0.402443 0.125735 -0.075402 0.027987 0.280060 -0.141895 -0.007872 0.255237 0.062492 0.424690 0.232817 -0.096004 0.021587 -0.174031 -0.029543 -0.126772 0.108054 0.001441 0.062141 -0.134151 -0.066908 0.368531 0.240030 0.664220 -0.222436 -0.048714 -0.111778 0.169754 0.118455
-0.377033 -0.510875 0.249090 -0.040439 -0.091600 -0.055198 0.143632 0.067843 -0.123579 0.145800 -0.153816 -0.180272 -0.140770 -0.296797 -0.269646 -0.243984 -0.387474 -0.445039 -0.264262 -0.172249 0.307487 -0.077786 0.074553 0.066896 0.009460 0.238980 0.038171 -0.061635 -0.202917 0.050741 0.254823 0.229693 -0.010534 0.152512 0.496782 1.000000 -0.189319 -0.134027 -0.248817 -0.045254 -0.012731 -0.062854 0.057007 0.206305 0.333618 0.593079 -0.048842 0.232926 0.224136 0.358040 0.110913 0.129835 -0.114040 0.028073 -0.319617 -0.025145 -0.206366 -0.351162 0.133876 -0.259276 -0.225339 -0.135158 -0.400553 -0.263764 0.214063 0.117791 -0.001328 0.532590 -0.063044 -0.006332 0.014553 0.008148 -0.027693 -0.041278 0.028891 -0.029501 -0.044530 0.098096 -0.147387 -0.060405 -0.122274 -0.154284 -0.142741 -0.198570 -0.009430 -0.169268 -0.065502 -0.115288 -0.196083 -0.343828 -0.036056 -0.015503 -0.078197 -0.157244 0.050411 -0.067140 0.101110 -0.006391 -0.182518 -0.213548 -0.051747 -0.015435 -0.108385 0.001931 -0.132930 -0.125902 -0.199818 -0.099271 0.159792 -0.047691 0.288070 -0.202259 -0.040049 -0.181213 -0.233122 0.037153
