1.000000 0.180258 -0.192832 -0.209135 -0.091391 -0.266110 -0.081349 -0.435636 -0.090291 -0.295631 -0.068232 -0.190466 0.103637 -0.209151 -0.154789 -0.205157 0.195277 0.283582 0.259890 0.204865 -0.099012 -0.198154 0.051672 -0.261223 -0.026811 -0.392840 -0.004700 -0.185388 0.281476 0.160662 -0.149899 -0.202157 0.334001 0.049718 -0.147260 -0.390027 0.012172 0.109160 0.087141 -0.061213 0.113712 0.051643 -0.163795 -0.229725 -0.279258 -0.448616 -0.108178 -0.261194 -0.208327 -0.273217 -0.139898 -0.414474 0.049739 -0.033288 0.060290 -0.079039 0.565885 0.442497 0.292370 0.181215 0.411842 0.216977 0.494174 0.468922 -0.050095 -0.462080 0.249628 -0.375725 0.389004 -0.158009 0.091686 -0.331490 0.304663 -0.185487 0.053551 0.009510 0.200244 0.030234 0.083892 0.382888 0.150976 0.306197 -0.188544 -0.105587 0.116413 0.039721 -0.080228 -0.029023 -0.271290 -0.077389 -0.286816 0.133124 -0.210099 -0.044433 0.066721 -0.212406 -0.255312 -0.300297 -0.031985 0.234393 -0.043131 0.066223 -0.158444 0.190105 -0.083385 0.048448 0.245152 0.207991 -0.102377 0.050881 -0.364841 0.037807 0.191641 0.138940 -0.040709 -0.043153
0.180258 1.000000 -0.511628 -0.474286 -0.424467 -0.283532 -0.062166 0.148577 0.028570 0.088134 0.361812 0.348993 0.528445 0.635826 -0.091961 0.411026 0.403736 0.621593 -0.335383 -0.259655 0.227215 0.151009 -0.583207 -0.623570 -0.312515 -0.272630 -0.233441 -0.327973 0.336742 0.657043 -0.308323 -0.424881 0.430250 0.453038 -0.237758 0.061653 0.208858 0.061578 0.147239 0.191949 0.155195 0.343105 -0.357663 -0.286706 -0.363505 -0.262303 -0.407086 -0.340927 -0.294520 0.144815 -0.537599 -0.055513 0.097735 -0.174087 0.079069 -0.042423 0.493002 0.703945 0.071468 0.413304 0.354366 0.804566 0.272271 0.622795 -0.204980 0.166746 -0.028982 -0.273167 0.397701 -0.123580 -0.118806 0.041916 0.454644 0.324673 0.207500 0.111680 0.070228 -0.010324 0.155155 0.472035 0.430250 0.448591 -0.287224 -0.012215 -0.148021 -0.370025 -0.222315 0.045808 -0.306500 -0.131542 -0.433581 -0.419849 -0.503170 -0.318002 -0.224922 -0.208713 -0.110306 -0.189974 -0.020391 0.065934 -0.145206 0.043890 0.188672 0.105333 -0.050409 -0.374314 0.095406 0.432464 -0.073083 -0.290890 -0.479732 -0.244769 0.206880 0.242708 -0.159669 -0.238818
-0.192832 -0.511628 1.000000 0.428872 0.635710 0.260626 0.454640 0.196102 0.529107 0.175520 -0.112324 0.059404 -0.419996 -0.229841 0.153354 -0.126426 -0.454992 -0.530815 0.414480 0.023114 0.088647 0.170447 0.637236 0.574834 0.479877 0.480776 0.242431 0.377835 -0.389880 -0.608392 0.483636 0.510736 -0.603433 -0.277470 0.443860 0.004233 -0.349035 -0.356100 -0.425556 -0.376332 -0.346687 -0.300556 0.079097 -0.072470 0.034517 -0.029812 -0.002384 -0.017522 0.436754 -0.218404 0.605239 0.307586 -0.011102 0.171445 -0.326273 -0.292776 -0.611809 -0.592589 -0.225193 -0.462000 -0.482263 -0.541913 -0.660879 -0.563825 0.422435 0.231145 -0.431606 0.003797 -0.416390 -0.145150 0.147269 0.133358 -0.453588 -0.054810 -0.180541 0.126807 -0.101564 -0.020597 -0.077602 -0.498506 -0.587032 -0.544278 0.042721 -0.272475 -0.067755 -0.010742 -0.047048 -0.054329 0.349855 -0.082105 0.325530 0.377733 0.507364 0.395463 0.236734 -0.018299 -0.015307 0.015645 -0.310106 -0.265609 0.126047 0.049129 -0.104652 -0.296790 -0.101668 0.190909 -0.098823 -0.114380 -0.132306 0.011045 0.249269 -0.098127 -0.069771 -0.287707 0.077408 0.272201
-0.209135 -0.474286 0.428872 1.000000 0.357800 0.573439 0.301754 0.384017 0.093136 0.188932 -0.382111 0.086079 -0.581052 -0.359552 -0.088385 -0.155517 -0.472534 -0.483658 0.170494 0.218673 0.109553 0.234777 0.328805 0.417834 0.143861 0.473314 0.185103 0.234139 -0.468721 -0.397699 0.499709 0.544739 -0.499505 -0.249055 0.227547 -0.079122 -0.463501 -0.233855 -0.482800 -0.133590 -0.441907 -0.262043 -0.031573 0.006393 -0.058455 0.058609 -0.038634 -0.124112 0.204575 -0.121361 0.448912 0.244321 -0.040422 0.068049 -0.381955 -0.234827 -0.408543 -0.475845 -0.289745 -0.255814 -0.365280 -0.453477 -0.343593 -0.382422 0.154673 0.239656 -0.252392 0.168923 -0.416443 0.123725 0.043773 0.147963 -0.533308 -0.135331 -0.290820 -0.042829 -0.219078 -0.073549 -0.231026 -0.359672 -0.500621 -0.450389 -0.001032 0.131634 -0.009695 0.310510 -0.144591 0.173558 0.091031 -0.054195 0.203562 0.153097 0.417244 0.225786 -0.011542 -0.042566 -0.224339 -0.032756 -0.284314 -0.358267 0.155129 -0.056190 -0.025181 -0.256134 -0.143680 0.040537 -0.289381 -0.083216 -0.065471 0.055281 0.116785 -0.051129 -0.132032 -0.261281 0.070027 0.131599
-0.091391 -0.424467 0.635710 0.357800 1.000000 0.518466 0.222635 0.240166 0.495442 0.186291 -0.050264 0.085872 -0.359991 -0.116278 0.187446 0.115500 -0.302766 -0.376414 0.350370 0.180503 0.282217 0.336285 0.518400 0.554955 0.538282 0.509181 0.536504 0.363048 -0.364165 -0.485047 0.438298 0.450306 -0.447757 -0.200704 0.156022 -0.149038 -0.572234 -0.584558 -0.349076 -0.419485 -0.484273 -0.335781 -0.094169 -0.239350 0.022004 0.026026 -0.167713 -0.267191 0.336639 -0.062846 0.499394 0.286429 0.193029 0.124231 -0.216089 -0.409477 -0.431771 -0.397001 -0.142636 -0.131697 -0.316367 -0.318884 -0.487560 -0.328580 0.348983 0.250922 -0.158506 0.047432 -0.275217 0.125794 0.073477 0.060916 -0.547672 -0.090905 -0.188268 -0.080982 -0.429876 -0.343475 -0.030708 -0.407410 -0.470182 -0.435462 0.048243 -0.213955 -0.051867 -0.122802 -0.060753 -0.056392 0.171406 -0.138809 0.130652 0.282901 0.320211 0.121663 0.087699 -0.272627 -0.416907 -0.224382 -0.497119 -0.511735 -0.037227 -0.190255 -0.375719 -0.399637 -0.297375 0.022321 -0.222527 -0.051510 -0.132988 -0.134383 -0.126113 -0.236666 -0.305280 -0.346993 -0.109866 0.199373
-0.266110 -0.283532 0.260626 0.573439 0.518466 1.000000 -0.006927 0.472053 0.105602 0.494009 -0.286311 0.059967 -0.509209 -0.141381 -0.152313 0.003298 -0.297127 -0.350282 -0.041375 0.140344 0.136746 0.396507 0.092958 0.355271 0.368990 0.664378 0.492921 0.360436 -0.528505 -0.297820 0.308356 0.383455 -0.458990 -0.207055 -0.077150 -0.128597 -0.375541 -0.361134 -0.303668 -0.139413 -0.444576 -0.080253 0.021948 0.073961 0.003158 0.208525 -0.007679 -0.095998 0.166077 0.037977 0.231417 0.259655 0.090803 0.014916 -0.176735 -0.235719 -0.301918 -0.340983 -0.007890 0.012619 -0.303363 -0.195828 -0.344772 -0.243437 -0.099542 0.387899 -0.109395 0.168718 -0.366022 0.199366 0.004710 0.105089 -0.509390 -0.092897 -0.007003 -0.043387 -0.349765 -0.297418 -0.187732 -0.310654 -0.409703 -0.416375 -0.125098 -0.094868 -0.234610 -0.091150 -0.045824 -0.178142 0.111209 0.041343 0.176614 0.161157 0.447396 0.052651 -0.024045 -0.178333 -0.235816 -0.019918 -0.206311 -0.333947 0.043681 -0.142459 -0.213021 -0.276393 -0.047530 0.103539 -0.504079 -0.172910 -0.018198 -0.088867 -0.012210 0.087809 -0.149060 -0.293912 0.148806 0.201664
-0.081349 -0.062166 0.454640 0.301754 0.222635 -0.006927 1.000000 0.529077 0.402637 0.130255 0.066057 0.423649 0.157399 0.114002 0.013794 0.137641 -0.420706 -0.233200 0.129364 -0.052341 0.270910 0.172805 0.014968 0.075987 -0.108998 0.073770 -0.211715 -0.231881 0.026726 0.039581 0.412935 0.238213 -0.244786 0.104234 0.123138 0.039102 -0.289884 -0.176662 -0.270123 -0.023945 -0.185435 -0.080592 -0.065247 -0.115480 -0.073309 -0.022040 -0.151429 -0.161974 0.284580 -0.059954 0.162596 0.213168 -0.048401 -0.040563 -0.417741 -0.356286 -0.417368 -0.307841 -0.107022 -0.279731 -0.113302 -0.223135 -0.384424 -0.307746 0.413774 0.291199 -0.284915 -0.005653 -0.223302 -0.154582 0.086049 0.257509 -0.010804 0.104443 -0.184379 0.318110 0.056460 0.003304 -0.070384 -0.329088 -0.332509 -0.307430 -0.054796 0.199936 -0.285878 -0.007444 -0.439157 0.143507 -0.156717 -0.307365 -0.023268 -0.168868 0.111409 0.085523 -0.046514 -0.067545 -0.057941 -0.084436 -0.218089 -0.132534 0.021029 0.053186 0.162103 -0.216001 -0.190158 -0.134290 0.099100 0.291427 -0.116870 -0.129929 -0.064334 -0.211408 0.146677 -0.218678 -0.235500 0.053362
-0.435636 0.148577 0.196102 0.384017 0.240166 0.472053 0.529077 1.000000 0.339332 0.586904 0.073433 0.681772 0.027287 0.481101 -0.038603 0.517277 -0.225633 -0.109491 -0.142127 -0.049067 0.428905 0.560448 -0.267362 0.054432 -0.073948 0.499995 -0.067871 -0.077898 -0.159339 0.174954 0.416969 0.363760 -0.308766 0.271365 -0.002644 0.105419 -0.439259 -0.361393 -0.455416 -0.058435 -0.422238 -0.087123 -0.022336 -0.037732 -0.093131 0.180559 -0.188936 -0.119298 0.067715 0.091969 -0.001295 0.383105 -0.020231 0.002833 -0.470121 -0.417289 -0.356283 -0.213637 -0.262992 -0.163573 -0.270573 0.032752 -0.464796 -0.199492 0.197713 0.760792 -0.436044 0.024332 -0.297413 -0.039160 -0.133589 0.398970 -0.205834 0.184702 -0.058276 0.199840 -0.257182 -0.186367 -0.088473 -0.233767 -0.309386 -0.319842 -0.229740 0.093299 -0.425326 -0.211141 -0.450814 -0.003685 -0.282600 -0.357443 -0.029537 -0.317190 0.137084 -0.220041 -0.274768 -0.242779 -0.261386 -0.128359 -0.365558 -0.489463 -0.021884 -0.181926 0.065948 -0.394672 -0.230222 -0.225227 -0.218815 0.208611 -0.005647 -0.277300 -0.172034 -0.246899 -0.047948 -0.251365 -0.140350 0.040831
-0.090291 0.028570 0.529107 0.093136 0.495442 0.105602 0.402637 0.339332 1.000000 0.406547 0.101382 0.320968 -0.037347 0.231293 0.174057 0.170722 -0.235923 -0.134869 0.090037 -0.135667 0.212378 0.087651 0.209327 0.148876 0.162632 0.147566 0.043801 -0.032351 -0.276464 -0.218011 0.117591 0.018734 -0.354465 -0.080106 0.253262 0.033404 -0.278561 -0.393802 -0.268626 -0.390380 -0.350986 -0.176605 -0.166457 -0.291041 -0.050110 -0.134620 -0.245306 -0.371322 0.272693 0.100948 0.321638 0.373656 0.186939 0.135792 -0.211107 -0.194960 -0.270445 -0.150359 -0.106684 0.000571 -0.155851 0.048189 -0.510311 -0.251540 0.491111 0.510221 -0.315657 -0.190523 -0.284025 -0.235800 0.086098 0.019675 -0.285042 0.055180 -0.206812 0.196125 -0.272815 -0.088536 -0.052066 -0.251479 -0.383636 -0.294192 -0.116435 -0.335028 -0.037337 -0.089346 -0.188449 -0.105242 0.201548 -0.008695 0.047308 0.219160 0.203688 0.248394 -0.063775 -0.268312 -0.265532 -0.199803 -0.346986 -0.228715 0.056464 0.092324 0.034259 -0.123827 -0.076118 -0.012964 0.016133 0.029926 -0.110323 -0.140910 -0.266872 -0.322426 0.048752 -0.192702 0.040017 0.113402
-0.295631 0.088134 0.175520 0.188932 0.186291 0.494009 0.130255 0.586904 0.406547 1.000000 -0.252205 0.262273 -0.154559 0.303999 -0.347245 0.067740 -0.421516 -0.281590 -0.063848 0.058873 0.177458 0.156530 -0.224623 0.093870 -0.061706 0.244781 -0.146770 -0.120275 -0.391911 -0.018949 -0.016534 0.066537 -0.313918 0.112332 -0.006573 0.093942 -0.118827 -0.117526 -0.127177 -0.033248 -0.169018 0.147181 -0.070622 -0.032527 -0.142274 -0.024656 -0.145730 -0.042129 -0.083285 0.078016 -0.071404 0.106779 0.111524 -0.038408 -0.123221 -0.152837 -0.254662 -0.178827 0.044001 0.123660 0.002322 0.173666 -0.302858 -0.205013 -0.012473 0.627522 -0.214215 -0.181465 -0.112701 -0.093966 0.070104 0.103687 -0.302614 0.232992 0.038407 0.193102 -0.253239 -0.000321 -0.204035 -0.172131 -0.296770 -0.266303 -0.432127 -0.196060 -0.395192 -0.086482 -0.389732 -0.325118 -0.064121 0.089893 0.114273 0.018695 0.433034 0.174084 -0.029304 -0.040807 -0.071379 0.088712 -0.042962 -0.164341 0.021447 0.174327 0.087935 -0.000513 0.066291 0.025019 -0.091256 0.068413 0.146459 -0.185677 -0.074879 0.064323 0.231296 -0.105064 0.053961 0.062797
-0.068232 0.361812 -0.112324 -0.382111 -0.050264 -0.286311 0.066057 0.073433 0.101382 -0.252205 1.000000 0.483516 0.708320 0.588017 0.633952 0.537211 0.464758 0.259643 -0.344712 -0.331365 0.174434 0.163339 -0.175493 -0.121191 -0.038831 -0.018815 -0.004968 0.004843 0.345903 0.233001 -0.079768 -0.152044 0.092483 0.146975 -0.028879 0.262941 0.000141 -0.055534 0.000194 -0.104464 0.087231 -0.053117 0.058776 -0.162225 0.018878 -0.011128 -0.040819 -0.116150 0.258917 0.138535 -0.063085 0.331367 0.229348 0.182449 0.118546 -0.014454 -0.127849 -0.019795 0.214994 -0.041264 0.057908 0.150115 -0.116028 -0.011545 0.010557 0.105491 -0.019396 0.067013 0.111549 0.061125 -0.396900 0.065143 0.275423 0.012986 0.028441 -0.029762 -0.035170 -0.190184 0.033758 -0.031400 0.021467 -0.101841 0.302646 -0.109268 0.075685 -0.390164 0.184479 0.224278 0.037979 -0.171043 -0.078293 -0.117801 -0.357690 -0.279958 -0.101116 -0.028381 0.015575 -0.146482 -0.199702 -0.201252 -0.215975 -0.249995 -0.166523 -0.275544 -0.164911 -0.290108 -0.174250 -0.060734 -0.100277 -0.007632 -0.151996 -0.283791 -0.191254 -0.032028 -0.050710 -0.145771
-0.190466 0.348993 0.059404 0.086079 0.085872 0.059967 0.423649 0.681772 0.320968 0.262273 0.483516 1.000000 0.342439 0.687449 0.238422 0.643483 0.035127 0.200216 -0.278780 -0.266229 0.380467 0.505119 -0.219079 -0.037731 -0.127265 0.213030 -0.113753 -0.064473 0.039733 0.370606 0.221384 0.138899 -0.107582 0.352861 0.061814 0.197845 -0.243972 -0.150078 -0.283438 0.015360 -0.206011 0.003796 0.041941 -0.191996 -0.150499 0.044697 -0.138928 -0.270497 0.130730 0.000165 0.027115 0.476266 0.096317 0.244625 -0.236469 -0.215460 -0.295390 -0.169736 -0.174634 -0.281152 -0.175742 0.086068 -0.318369 -0.075646 0.216214 0.616735 -0.503273 -0.136233 -0.151999 -0.244916 -0.277161 0.288130 0.087330 0.202827 0.007479 0.204623 -0.109254 -0.172268 -0.067606 -0.020593 -0.242389 -0.235542 -0.168369 0.020842 -0.254939 -0.247959 -0.357695 0.312970 -0.170157 -0.269298 -0.093080 -0.257527 -0.081753 -0.288146 -0.242905 -0.181406 -0.086188 0.004818 -0.410203 -0.323279 -0.196098 -0.194568 0.008246 -0.323845 -0.174114 -0.212933 -0.107290 0.052092 -0.029489 -0.209965 -0.208449 -0.302150 -0.030050 -0.101840 -0.084394 0.052866
0.103637 0.528445 -0.419996 -0.581052 -0.359991 -0.509209 0.157399 0.027287 -0.037347 -0.154559 0.708320 0.342439 1.000000 0.632677 0.347231 0.420209 0.378248 0.351466 -0.321438 -0.280846 0.082985 -0.008585 -0.460130 -0.416018 -0.432939 -0.412527 -0.321302 -0.351919 0.637279 0.525669 -0.306057 -0.449545 0.435546 0.305580 -0.293262 0.113337 0.275365 0.209400 0.316501 0.232296 0.378305 0.272746 -0.041820 -0.087765 -0.113534 -0.092032 -0.088926 -0.027331 -0.151435 0.133103 -0.502203 -0.093917 0.035251 -0.113579 0.151016 0.042225 0.159920 0.266269 0.326637 0.145595 0.454626 0.416970 0.283769 0.231750 -0.039804 -0.009380 0.096096 -0.147127 0.313210 -0.040438 -0.361388 -0.016471 0.612925 0.136806 0.164333 0.025570 0.068895 -0.145243 0.179589 0.166123 0.317137 0.222608 0.052197 0.126480 -0.028898 -0.170925 -0.108722 0.109993 -0.233993 -0.063915 -0.292958 -0.402574 -0.525071 -0.393825 -0.165528 -0.011541 0.027143 -0.106487 0.035102 0.065978 -0.243411 -0.155098 -0.050755 -0.069616 -0.141726 -0.375529 0.067112 0.127682 -0.082536 -0.101313 -0.233436 -0.114258 0.026641 -0.008742 -0.265295 -0.274516
-0.209151 0.635826 -0.229841 -0.359552 -0.116278 -0.141381 0.114002 0.481101 0.231293 0.303999 0.588017 0.687449 0.632677 1.000000 0.279628 0.745195 0.171689 0.232757 -0.332883 -0.318144 0.415632 0.389289 -0.384852 -0.250320 -0.250389 0.056356 -0.179398 -0.159579 0.204259 0.426578 -0.060897 -0.123757 0.124527 0.401891 -0.050656 0.311069 0.003294 -0.049759 0.012457 0.128862 0.074503 0.152956 -0.075816 -0.176280 -0.189903 -0.065443 -0.284831 -0.189784 -0.154230 0.110147 -0.365262 0.230922 0.156822 -0.005816 -0.045206 -0.177027 -0.016746 0.137395 -0.077596 0.047724 0.086894 0.504486 -0.145621 0.102275 -0.034772 0.504742 -0.314530 -0.235349 0.115331 -0.105709 -0.297292 0.254384 0.214161 0.221242 0.033355 0.126330 -0.243853 -0.153967 0.040134 0.045171 0.090286 -0.011583 -0.074332 -0.050969 -0.116149 -0.363374 -0.176573 0.008715 -0.174287 -0.120610 -0.196260 -0.369937 -0.271186 -0.316079 -0.216560 -0.131632 -0.072246 -0.135946 -0.269996 -0.291765 -0.127984 -0.165854 0.008155 -0.213645 -0.245268 -0.368282 0.003163 0.166884 -0.009685 -0.259420 -0.309277 -0.299301 0.006334 0.049546 -0.197505 -0.159918
-0.154789 -0.091961 0.153354 -0.088385 0.187446 -0.152313 0.013794 -0.038603 0.174057 -0.347245 0.633952 0.238422 0.347231 0.279628 1.000000 0.538174 0.205302 -0.075783 0.110186 -0.062986 0.281787 0.232853 0.303669 0.199193 0.154290 0.184170 0.306891 0.316711 0.161136 -0.144753 0.245975 0.208934 -0.080111 0.016146 0.187154 0.178822 -0.160424 -0.155685 -0.131405 -0.135852 0.020391 -0.135661 0.193722 -0.146952 0.100348 0.019336 0.043147 -0.045780 0.132174 -0.062230 0.158100 0.270685 0.062082 0.315054 -0.176887 -0.170072 -0.279964 -0.247922 -0.155231 -0.290295 -0.276953 -0.187876 -0.245423 -0.267190 0.142508 -0.004442 -0.268487 0.058556 -0.158349 0.047679 -0.276651 0.179246 0.016812 -0.076547 -0.020732 -0.044496 -0.159461 -0.192791 -0.005614 -0.275650 -0.106676 -0.297322 0.665059 0.059427 0.340139 -0.257099 0.384905 0.238873 0.228552 -0.150065 0.162496 0.136511 -0.080558 -0.093300 0.090975 -0.140944 -0.098901 -0.231980 -0.352021 -0.355559 0.023325 -0.402927 -0.164516 -0.397836 -0.376019 -0.221844 -0.120979 -0.251084 -0.182489 0.122929 -0.062402 -0.295148 -0.406445 -0.194435 -0.123754 -0.100898
-0.205157 0.411026 -0.126426 -0.155517 0.115500 0.003298 0.137641 0.517277 0.170722 0.067740 0.537211 0.643483 0.420209 0.745195 0.538174 1.000000 0.242526 0.205586 -0.023960 -0.069511 0.597425 0.590291 -0.124194 -0.005564 -0.028855 0.298153 0.115184 0.043801 0.203043 0.277625 0.332660 0.266874 0.077833 0.446664 -0.038652 0.135845 -0.324138 -0.366441 -0.235835 -0.031693 -0.131474 -0.116199 -0.062455 -0.257212 -0.160694 -0.079013 -0.284329 -0.213876 -0.157609 -0.026630 -0.234566 0.231853 0.091372 0.098394 -0.298210 -0.447010 -0.075607 0.093664 -0.291969 -0.116715 -0.124122 0.270552 -0.181628 0.070137 0.058528 0.396051 -0.363163 -0.186865 0.005136 -0.052009 -0.221979 0.445640 0.027292 0.135816 -0.038710 0.058565 -0.325893 -0.268934 0.044014 -0.059501 0.058924 -0.083698 0.233427 0.220683 -0.096415 -0.472059 -0.117817 0.169789 -0.254668 -0.414604 -0.134279 -0.302496 -0.249944 -0.389532 -0.221570 -0.295042 -0.332504 -0.358302 -0.434389 -0.487167 -0.121815 -0.385354 -0.045134 -0.435795 -0.509993 -0.458941 -0.028135 0.252116 -0.070814 -0.239953 -0.397412 -0.442086 -0.281242 0.015599 -0.297974 -0.160169
0.195277 0.403736 -0.454992 -0.472534 -0.302766 -0.297127 -0.420706 -0.225633 -0.235923 -0.421516 0.464758 0.035127 0.378248 0.171689 0.205302 0.242526 1.000000 0.751238 -0.215969 -0.248871 -0.075829 0.014855 -0.276516 -0.423398 -0.051229 -0.215461 0.000889 -0.082907 0.514174 0.455582 -0.270479 -0.348220 0.545679 0.272642 -0.240827 -0.105898 0.318522 0.053469 0.178994 0.046650 0.208225 0.142763 -0.051266 -0.013018 -0.116779 -0.056663 -0.034330 0.007350 -0.218841 -0.004387 -0.319875 -0.164729 -0.104435 -0.063998 0.222308 0.136645 0.588389 0.579563 0.114101 0.130568 0.214281 0.351161 0.494491 0.621644 -0.055443 -0.173759 0.184984 -0.071121 0.334888 -0.025882 -0.330211 -0.187145 0.517481 -0.058811 0.280105 -0.139087 0.157641 -0.178761 0.360986 0.600576 0.591242 0.567985 0.160420 0.079964 0.256242 -0.132991 0.280915 0.054513 -0.071166 -0.088835 -0.424605 -0.299298 -0.627888 -0.499951 -0.276472 -0.230548 -0.067059 -0.146832 -0.002112 0.047821 -0.345794 -0.169405 -0.187545 -0.044360 0.005561 -0.193513 -0.190716 -0.026650 -0.118994 -0.180948 -0.182704 -0.062541 -0.224361 0.088111 0.060306 -0.149596
0.283582 0.621593 -0.530815 -0.483658 -0.376414 -0.350282 -0.233200 -0.109491 -0.134869 -0.281590 0.259643 0.200216 0.351466 0.232757 -0.075783 0.205586 0.751238 1.000000 -0.234369 -0.173259 -0.066605 -0.000521 -0.451377 -0.610707 -0.223868 -0.383675 -0.114048 -0.284456 0.497953 0.689215 -0.317589 -0.444581 0.642778 0.487899 -0.320286 -0.156188 0.300065 0.056301 0.130245 0.044832 0.172031 0.197880 -0.182994 -0.132593 -0.244863 -0.135514 -0.143999 -0.163454 -0.368056 -0.009696 -0.409300 -0.202925 -0.164202 -0.099562 0.142456 0.166473 0.648799 0.724491 0.032704 0.195123 0.247971 0.561318 0.500943 0.775686 0.039099 -0.066910 0.054768 -0.201417 0.339611 -0.195851 -0.239892 -0.180630 0.587697 0.127065 0.345928 0.008833 0.231401 -0.065343 0.338379 0.742235 0.605160 0.716631 -0.157627 0.106043 0.020867 -0.122274 0.015831 0.060150 -0.285479 -0.104423 -0.548307 -0.381864 -0.684743 -0.547711 -0.275851 -0.265359 -0.059523 -0.042886 0.032992 0.192362 -0.433209 -0.063520 -0.065282 0.117957 0.154697 -0.067151 0.019069 0.126124 0.047932 -0.177723 -0.333916 -0.071482 -0.007398 0.207718 0.094871 0.007089
0.259890 -0.335383 0.414480 0.170494 0.350370 -0.041375 0.129364 -0.142127 0.090037 -0.063848 -0.344712 -0.278780 -0.321438 -0.332883 0.110186 -0.023960 -0.215969 -0.234369 1.000000 0.487380 0.167658 0.019054 0.553014 0.287354 0.175551 0.093224 0.112404 0.062830 -0.055301 -0.327675 0.413203 0.436153 0.006394 0.141848 0.189120 -0.221015 -0.309589 -0.252953 -0.193804 -0.208807 -0.057908 -0.243462 -0.110202 -0.204072 -0.262919 -0.374274 -0.170204 -0.016639 -0.263914 -0.497807 0.108011 -0.351105 -0.257052 -0.054500 -0.360680 -0.380396 -0.035745 -0.046362 -0.304347 -0.218940 -0.161224 -0.249486 0.009663 -0.039086 0.213088 -0.228611 -0.162430 -0.164187 0.004232 -0.093029 0.179582 0.085584 -0.182403 -0.133833 -0.042856 -0.001494 -0.104442 0.045100 -0.071252 -0.165732 -0.037134 -0.060029 0.288829 0.173831 0.127919 0.026309 0.016509 -0.029524 -0.101771 -0.277025 0.055300 0.216090 0.072765 0.226667 0.280061 -0.056210 -0.202787 -0.133561 -0.235960 -0.175866 0.072442 0.047197 -0.065554 -0.052891 -0.298247 0.127199 0.312444 0.237735 -0.030376 0.129829 -0.010709 -0.054369 -0.114409 -0.099559 -0.152812 0.026202
0.204865 -0.259655 0.023114 0.218673 0.180503 0.140344 -0.052341 -0.049067 -0.135667 0.058873 -0.331365 -0.266229 -0.280846 -0.318144 -0.062986 -0.069511 -0.248871 -0.173259 0.487380 1.000000 0.071203 -0.096644 0.151077 0.419685 0.019979 0.053174 0.041071 -0.114318 -0.174705 -0.252485 0.238111 0.275310 -0.061103 0.161481 -0.206347 -0.177552 -0.386474 -0.309738 -0.365966 -0.309723 -0.193545 -0.267922 -0.069489 -0.120223 -0.021972 -0.016853 -0.077820 -0.018010 -0.257778 -0.136947 -0.088989 -0.314531 -0.181984 -0.055038 -0.320176 -0.333955 -0.049190 -0.054666 -0.070222 -0.015362 -0.188903 -0.200021 0.104840 -0.045678 -0.092262 -0.192304 -0.011888 0.135680 -0.055835 0.392539 0.016786 -0.125821 -0.264423 -0.199287 -0.068593 -0.144523 -0.224674 -0.037629 -0.297238 -0.199012 -0.097644 -0.083519 0.096693 0.091790 -0.089026 -0.064531 0.012988 -0.161653 -0.266146 -0.193381 0.125851 0.226002 0.157253 0.075743 0.172939 -0.042679 -0.381951 -0.191817 -0.188632 -0.237682 0.162408 -0.083987 -0.083300 -0.111784 -0.259039 0.166777 0.038912 0.099798 0.129609 0.286970 -0.123205 -0.051021 -0.130641 -0.148494 -0.030636 0.182116
-0.099012 0.227215 0.088647 0.109553 0.282217 0.136746 0.270910 0.428905 0.212378 0.177458 0.174434 0.380467 0.082985 0.415632 0.281787 0.597425 -0.075829 -0.066605 0.167658 0.071203 1.000000 0.586486 0.082356 0.009534 0.100868 0.360710 0.227019 0.163090 -0.014729 0.079847 0.461692 0.400975 -0.067711 0.294756 0.089555 0.053818 -0.485888 -0.330764 -0.248445 0.036505 -0.165744 0.044711 -0.068179 -0.334157 -0.216522 -0.214773 -0.296921 -0.313946 -0.031814 -0.148293 0.029141 0.250728 0.234995 0.225892 -0.396853 -0.592138 -0.143965 0.036026 -0.352862 -0.044323 -0.175001 0.129620 -0.181436 -0.001714 0.002264 0.314483 -0.329548 -0.216679 0.007348 -0.027260 0.029723 0.372019 -0.111548 0.114200 -0.186393 0.085125 -0.338361 -0.274334 -0.146197 -0.113369 -0.082568 -0.180406 0.132228 0.227884 -0.089262 -0.365018 -0.221588 0.133540 -0.305162 -0.470980 -0.041647 -0.111661 0.055261 -0.119909 -0.051302 -0.312208 -0.396865 -0.422227 -0.453725 -0.472241 -0.036810 -0.290883 0.066837 -0.346267 -0.528041 -0.382040 0.082088 0.410155 -0.151934 -0.217932 -0.458696 -0.411172 -0.100859 0.012234 -0.391944 -0.195276
-0.198154 0.151009 0.170447 0.234777 0.336285 0.396507 0.172805 0.560448 0.087651 0.156530 0.163339 0.505119 -0.008585 0.389289 0.232853 0.590291 0.014855 -0.000521 0.019054 -0.096644 0.586486 1.000000 0.011412 0.109706 0.136864 0.513883 0.377314 0.313536 0.066028 0.061242 0.514525 0.512654 -0.086907 0.244248 -0.100018 -0.141327 -0.437694 -0.408900 -0.231213 0.078301 -0.404823 0.007811 -0.129350 -0.257442 -0.307273 -0.007480 -0.346735 -0.295487 -0.021970 -0.083186 0.072495 0.359780 0.163192 0.099904 -0.314214 -0.513037 -0.164905 -0.035329 -0.317244 -0.176082 -0.248288 0.124429 -0.301129 0.026890 0.166273 0.421345 -0.390426 -0.143452 -0.069424 -0.083937 -0.153214 0.491594 -0.113681 0.184595 0.048367 0.075448 -0.321751 -0.439276 0.208491 0.008742 -0.080142 -0.125815 -0.051525 0.144216 -0.169090 -0.212108 -0.287509 0.112727 -0.177641 -0.325736 -0.164886 -0.336853 -0.017066 -0.365432 -0.348909 -0.405089 -0.314354 -0.235779 -0.530076 -0.542352 -0.130179 -0.425447 -0.157732 -0.560190 -0.467135 -0.450592 -0.214147 0.200399 -0.190327 -0.424850 -0.304297 -0.388789 -0.382240 -0.115760 -0.355093 -0.072781
0.051672 -0.583207 0.637236 0.328805 0.518400 0.092958 0.014968 -0.267362 0.209327 -0.224623 -0.175493 -0.219079 -0.460130 -0.384852 0.303669 -0.124194 -0.276516 -0.451377 0.553014 0.151077 0.082356 0.011412 1.000000 0.605023 0.495784 0.325182 0.359516 0.488367 -0.320603 -0.634970 0.472453 0.528645 -0.376077 -0.303374 0.394208 -0.119102 -0.315676 -0.294662 -0.265631 -0.296301 -0.223855 -0.387082 0.053519 -0.045868 0.009160 -0.216985 0.063920 0.009174 0.173415 -0.333818 0.480025 0.035590 -0.025519 0.098013 -0.098816 -0.116034 -0.328069 -0.396088 -0.250351 -0.374959 -0.440520 -0.533786 -0.317918 -0.407295 0.154065 -0.214750 -0.301181 -0.130309 -0.297014 -0.080651 0.176360 0.091746 -0.457666 -0.308393 -0.322124 -0.108313 -0.240451 -0.092886 -0.111528 -0.375736 -0.326141 -0.356047 0.383455 -0.094102 0.377052 0.123789 0.259342 0.110086 0.462373 0.098270 0.259943 0.490496 0.294453 0.435644 0.243996 0.034334 -0.025881 -0.019084 -0.225396 -0.068253 0.128518 -0.039665 -0.100394 -0.131632 -0.105431 0.211320 0.050356 -0.185958 -0.049883 0.131710 0.184160 -0.071379 -0.140072 -0.042269 0.104498 0.181864
-0.261223 -0.623570 0.574834 0.417834 0.554955 0.355271 0.075987 0.054432 0.148876 0.093870 -0.121191 -0.037731 -0.416018 -0.250320 0.199193 -0.005564 -0.423398 -0.610707 0.287354 0.419685 0.009534 0.109706 0.605023 1.000000 0.431660 0.454782 0.230055 0.341884 -0.407705 -0.657312 0.467131 0.568976 -0.540752 -0.320869 0.024357 -0.102373 -0.447398 -0.421542 -0.368434 -0.315003 -0.406334 -0.414994 0.098345 0.016638 0.206414 0.215737 0.087073 0.080817 0.301251 -0.015474 0.346113 0.173628 0.001374 0.064599 -0.173036 -0.279469 -0.585975 -0.643870 -0.105679 -0.317333 -0.467136 -0.592787 -0.466658 -0.592101 0.093202 0.023379 -0.253805 0.156213 -0.499464 0.204545 0.119264 0.112519 -0.597179 -0.226261 -0.277175 -0.179738 -0.391416 -0.238512 -0.221354 -0.613853 -0.449218 -0.523565 0.218964 -0.146781 -0.020229 -0.014177 0.105826 -0.128541 0.345030 0.046798 0.427633 0.322850 0.549003 0.293268 0.078912 0.091728 -0.149016 -0.005552 -0.242095 -0.293511 0.219160 -0.154168 -0.183576 -0.389868 -0.268860 0.071753 -0.211189 -0.219325 -0.048869 0.121911 0.196857 -0.053366 -0.300840 -0.192035 0.006020 0.281039
-0.026811 -0.312515 0.479877 0.143861 0.538282 0.368990 -0.108998 -0.073948 0.162632 -0.061706 -0.038831 -0.127265 -0.432939 -0.250389 0.154290 -0.028855 -0.051229 -0.223868 0.175551 0.019979 0.100868 0.136864 0.495784 0.431660 1.000000 0.677129 0.705270 0.746777 -0.390103 -0.442308 0.267668 0.378632 -0.407959 -0.280713 0.244098 0.026241 -0.262671 -0.370708 -0.161812 -0.224259 -0.273416 -0.214127 0.095404 0.049784 0.091305 0.110349 0.067304 -0.046644 0.285477 -0.222145 0.332767 0.121001 0.047993 0.163383 -0.160160 -0.280518 -0.191949 -0.251557 0.025679 -0.110604 -0.311869 -0.301459 -0.296504 -0.201622 -0.076937 -0.053990 -0.132232 -0.003720 -0.235874 -0.043942 0.206429 -0.059022 -0.345858 -0.173874 -0.038376 0.051474 -0.051800 0.002172 -0.062506 -0.220198 -0.290838 -0.296055 0.126579 -0.389214 0.116387 -0.296620 0.385544 0.017059 0.431656 -0.056544 0.208155 0.368608 0.362860 0.204703 0.282443 -0.145675 -0.154097 -0.146198 -0.307518 -0.212595 0.094260 -0.096362 -0.203087 -0.271330 -0.163054 0.066025 -0.233010 -0.166576 -0.167050 0.128243 0.151924 -0.075647 -0.231950 -0.122923 0.137299 0.187744
-0.392840 -0.272630 0.480776 0.473314 0.509181 0.664378 0.073770 0.499995 0.147566 0.244781 -0.018815 0.213030 -0.412527 0.056356 0.184170 0.298153 -0.215461 -0.383675 0.093224 0.053174 0.360710 0.513883 0.325182 0.454782 0.677129 1.000000 0.579329 0.676297 -0.491854 -0.370745 0.561419 0.664320 -0.547067 -0.086128 0.269951 0.166597 -0.469183 -0.397456 -0.480582 -0.180868 -0.400574 -0.258987 0.113299 0.078002 -0.016618 0.167465 -0.031946 -0.055733 0.170555 -0.233017 0.237043 0.337806 -0.006391 0.158804 -0.392900 -0.414133 -0.420468 -0.433562 -0.252688 -0.327690 -0.517326 -0.320334 -0.511867 -0.372659 -0.100224 0.378792 -0.430507 0.104064 -0.391957 0.073676 -0.005833 0.271411 -0.484247 -0.091168 -0.096533 0.063737 -0.264181 -0.079272 -0.253928 -0.403390 -0.484222 -0.546215 0.120797 -0.176211 -0.105901 -0.286006 0.180041 0.036474 0.208390 -0.173578 0.233775 0.165248 0.390296 0.059633 0.138794 -0.144693 -0.210096 -0.107712 -0.447209 -0.497974 0.153769 -0.186683 -0.081061 -0.415065 -0.233427 0.034434 -0.375577 -0.122065 -0.078776 0.106153 0.164455 -0.148188 -0.264405 -0.256014 0.110964 0.205715
-0.004700 -0.233441 0.242431 0.185103 0.536504 0.492921 -0.211715 -0.067871 0.043801 -0.146770 -0.004968 -0.113753 -0.321302 -0.179398 0.306891 0.115184 0.000889 -0.114048 0.112404 0.041071 0.227019 0.377314 0.359516 0.230055 0.705270 0.579329 1.000000 0.779519 -0.308277 -0.393827 0.245851 0.304053 -0.200581 -0.179553 0.122087 -0.019192 -0.337387 -0.378178 -0.090235 -0.141160 -0.333094 -0.190034 -0.032403 -0.110755 -0.043214 0.072791 -0.109746 -0.260274 0.138035 -0.187538 0.283261 0.153346 0.080302 0.118015 -0.108980 -0.239087 -0.092912 -0.162896 -0.007609 -0.079237 -0.245649 -0.163513 -0.152469 -0.105737 -0.082949 -0.029823 -0.033176 0.100217 -0.094260 0.149883 0.032158 -0.009027 -0.327235 -0.189236 -0.032081 -0.125713 -0.209134 -0.191528 0.010950 -0.137627 -0.197173 -0.224704 0.140168 -0.238795 0.129058 -0.206325 0.348462 0.103259 0.294764 0.027457 0.052893 0.281299 0.195565 0.036090 0.158328 -0.338844 -0.250365 -0.217063 -0.393743 -0.331851 0.031962 -0.178209 -0.268685 -0.232656 -0.171813 0.029851 -0.305709 -0.239931 -0.244734 0.036483 -0.108227 -0.135987 -0.344722 -0.151810 0.092420 0.151155
-0.185388 -0.327973 0.377835 0.234139 0.363048 0.360436 -0.231881 -0.077898 -0.032351 -0.120275 0.004843 -0.064473 -0.351919 -0.159579 0.316711 0.043801 -0.082907 -0.284456 0.062830 -0.114318 0.163090 0.313536 0.488367 0.341884 0.746777 0.676297 0.779519 1.000000 -0.376127 -0.481230 0.177229 0.335533 -0.334953 -0.246072 0.369363 0.203321 -0.187118 -0.136411 0.007832 0.078336 -0.148503 -0.070555 0.165537 0.035276 0.040240 0.059921 0.070468 -0.014697 0.193371 -0.316823 0.303222 0.204421 0.017971 0.231225 -0.107338 -0.123190 -0.300536 -0.355168 -0.090652 -0.289191 -0.354651 -0.339158 -0.268672 -0.342560 -0.144282 0.009715 -0.211265 0.073912 -0.153541 0.025217 0.002513 -0.014447 -0.348728 -0.220081 -0.093962 -0.107227 -0.127506 -0.037782 -0.073753 -0.261195 -0.289019 -0.360699 0.200787 -0.211176 0.205057 -0.099015 0.411546 0.274002 0.459034 0.093024 0.282884 0.264582 0.347330 0.137246 0.244085 0.015145 -0.019311 0.035992 -0.357299 -0.268535 0.097227 -0.146672 -0.198797 -0.264361 -0.170132 0.040313 -0.226503 -0.312177 -0.143236 0.158925 0.229825 -0.125937 -0.355952 -0.180871 0.050981 -0.015932
0.281476 0.336742 -0.389880 -0.468721 -0.364165 -0.528505 0.026726 -0.159339 -0.276464 -0.391911 0.345903 0.039733 0.637279 0.204259 0.161136 0.203043 0.514174 0.497953 -0.055301 -0.174705 -0.014729 0.066028 -0.320603 -0.407705 -0.390103 -0.491854 -0.308277 -0.376127 1.000000 0.610357 -0.075360 -0.209425 0.639101 0.337891 -0.461542 -0.374843 0.234255 0.145542 0.266890 0.257193 0.250809 0.272198 -0.046076 -0.098162 -0.211963 -0.147871 -0.027368 0.108481 -0.336901 -0.007228 -0.407518 -0.308058 -0.076849 -0.078709 0.043449 -0.085201 0.447285 0.496581 0.147923 0.139140 0.436030 0.370911 0.486442 0.543862 0.074684 -0.325858 0.182448 -0.274851 0.323745 -0.177546 -0.214833 0.090173 0.773520 0.230347 0.286571 0.072590 0.303492 -0.188220 0.588088 0.542399 0.624699 0.628449 0.013284 0.359315 -0.029089 -0.006011 -0.216558 0.008330 -0.434672 -0.280586 -0.419237 -0.585703 -0.593761 -0.579150 -0.385027 -0.131912 -0.070351 -0.247485 0.131999 0.178515 -0.308021 -0.259660 -0.144179 -0.101665 -0.201109 -0.454872 0.218658 0.224054 -0.166109 -0.314792 -0.261404 0.014375 -0.118955 0.122977 -0.383301 -0.239811
0.160662 0.657043 -0.608392 -0.397699 -0.485047 -0.297820 0.039581 0.174954 -0.218011 -0.018949 0.233001 0.370606 0.525669 0.426578 -0.144753 0.277625 0.455582 0.689215 -0.327675 -0.252485 0.079847 0.061242 -0.634970 -0.657312 -0.442308 -0.370745 -0.393827 -0.481230 0.610357 1.000000 -0.205138 -0.321010 0.584395 0.549203 -0.411994 -0.126468 0.352212 0.246954 0.224997 0.359116 0.334519 0.498805 -0.080841 -0.041554 -0.257888 -0.131080 -0.070403 -0.076590 -0.380344 0.018885 -0.532309 -0.181047 -0.058997 -0.073828 0.043350 0.062457 0.464162 0.562009 0.087563 0.237829 0.351438 0.558159 0.478597 0.678937 -0.185925 -0.035032 0.015856 -0.293036 0.252260 -0.300711 -0.168198 0.096978 0.770540 0.527310 0.468685 0.365367 0.376912 0.046321 0.282149 0.636403 0.523013 0.574501 -0.206921 0.335776 -0.204990 -0.189520 -0.263691 0.102011 -0.503173 -0.230612 -0.431994 -0.537723 -0.544861 -0.544803 -0.255655 -0.114657 0.074189 0.014239 0.210020 0.260910 -0.318307 -0.076847 0.051127 0.101575 0.066723 -0.258572 0.106030 0.257993 0.089647 -0.248653 -0.294364 0.026517 0.195245 0.222384 -0.134616 -0.112367
-0.149899 -0.308323 0.483636 0.499709 0.438298 0.308356 0.412935 0.416969 0.117591 -0.016534 -0.079768 0.221384 -0.306057 -0.060897 0.245975 0.332660 -0.270479 -0.317589 0.413203 0.238111 0.461692 0.514525 0.472453 0.467131 0.267668 0.561419 0.245851 0.177229 -0.075360 -0.205138 1.000000 0.895685 -0.333319 0.149253 0.083063 -0.233035 -0.575598 -0.452673 -0.641219 -0.250184 -0.456049 -0.340426 -0.063592 -0.122226 -0.221734 -0.075210 -0.190126 -0.118260 0.014067 -0.300363 0.227427 0.166155 -0.101418 0.035482 -0.503633 -0.514775 -0.316234 -0.299766 -0.447452 -0.449403 -0.504807 -0.389721 -0.368015 -0.211675 0.130664 0.102976 -0.525510 -0.100230 -0.420893 -0.106854 0.150523 0.630108 -0.305969 0.074758 -0.140723 0.152618 -0.173517 -0.181852 -0.058866 -0.269938 -0.243315 -0.285684 0.290851 0.240196 -0.075147 -0.082743 -0.096474 0.044597 -0.051441 -0.344585 -0.004780 -0.020175 0.125567 0.008697 -0.060810 -0.218483 -0.219420 -0.246772 -0.359286 -0.330751 0.066945 -0.195486 0.066459 -0.376491 -0.311518 -0.087396 -0.071880 0.173418 -0.054742 -0.124467 -0.046699 -0.198356 -0.169903 -0.056354 -0.058058 0.297830
-0.202157 -0.424881 0.510736 0.544739 0.450306 0.383455 0.238213 0.363760 0.018734 0.066537 -0.152044 0.138899 -0.449545 -0.123757 0.208934 0.266874 -0.348220 -0.444581 0.436153 0.275310 0.400975 0.512654 0.528645 0.568976 0.378632 0.664320 0.304053 0.335533 -0.209425 -0.321010 0.895685 1.000000 -0.426835 0.080574 0.154719 -0.154741 -0.583681 -0.438416 -0.617976 -0.256406 -0.439554 -0.378599 0.070327 -0.017109 -0.095502 -0.035204 -0.022443 0.044052 0.041687 -0.324420 0.307187 0.154114 -0.002606 0.140778 -0.468515 -0.494983 -0.403368 -0.427981 -0.409893 -0.441011 -0.496975 -0.420747 -0.427754 -0.319265 0.029717 0.071195 -0.489110 -0.108818 -0.399313 -0.122604 0.160622 0.604747 -0.426839 0.049435 -0.100163 0.149273 -0.153560 -0.069125 -0.131787 -0.331575 -0.348969 -0.394579 0.260117 0.158719 -0.098844 -0.139981 -0.040569 0.022435 -0.024712 -0.327546 0.210493 0.150639 0.305414 0.055807 0.084292 -0.165174 -0.170600 -0.154391 -0.290563 -0.357908 0.066820 -0.269647 -0.053928 -0.398694 -0.317349 -0.031814 -0.096684 0.092787 -0.055816 -0.027235 0.086667 -0.114929 -0.234190 -0.020259 -0.044512 0.273995
0.334001 0.430250 -0.603433 -0.499505 -0.447757 -0.458990 -0.244786 -0.308766 -0.354465 -0.313918 0.092483 -0.107582 0.435546 0.124527 -0.080111 0.077833 0.545679 0.642778 0.006394 -0.061103 -0.067711 -0.086907 -0.376077 -0.540752 -0.407959 -0.547067 -0.200581 -0.334953 0.639101 0.584395 -0.333319 -0.426835 1.000000 0.560396 -0.385021 -0.270279 0.332057 0.184164 0.430160 0.227507 0.339622 0.233785 -0.199911 -0.037146 -0.292090 -0.219450 -0.121035 -0.026326 -0.503199 0.014469 -0.449911 -0.431968 -0.248601 -0.295569 0.202150 0.167511 0.645785 0.653049 0.090435 0.269656 0.464666 0.506768 0.699132 0.672857 0.009027 -0.254354 0.308604 -0.293449 0.550292 -0.191677 -0.323226 -0.186066 0.633280 0.091619 0.264587 -0.143578 0.119686 -0.152944 0.437014 0.635916 0.792662 0.762408 -0.087647 0.236306 0.240347 0.155034 -0.025334 -0.073424 -0.344530 -0.019830 -0.610469 -0.471500 -0.686447 -0.460106 -0.226805 -0.183507 -0.021721 -0.046826 0.213318 0.200070 -0.427635 -0.046770 -0.112683 0.152457 -0.019193 -0.234032 0.227300 0.221371 -0.080863 -0.259385 -0.362571 -0.017952 -0.057910 0.135299 -0.214586 -0.251559
0.049718 0.453038 -0.277470 -0.249055 -0.200704 -0.207055 0.104234 0.271365 -0.080106 0.112332 0.146975 0.352861 0.305580 0.401891 0.016146 0.446664 0.272642 0.487899 0.141848 0.161481 0.294756 0.244248 -0.303374 -0.320869 -0.280713 -0.086128 -0.179553 -0.246072 0.337891 0.549203 0.149253 0.080574 0.560396 1.000000 -0.178823 -0.007058 0.026647 -0.086105 -0.086342 0.014529 0.110592 0.101035 -0.219625 -0.144662 -0.439743 -0.286072 -0.273285 -0.129416 -0.569749 -0.251813 -0.451222 -0.290481 -0.238069 -0.167628 -0.177877 -0.165691 0.248783 0.370575 -0.142091 -0.059915 0.123499 0.370198 0.278727 0.419350 0.005548 0.138054 -0.238319 -0.369234 0.336469 -0.272143 -0.236646 0.188877 0.334746 0.262887 0.313968 0.205495 0.066684 0.029996 0.038424 0.351020 0.396466 0.368048 0.000333 0.307521 -0.090775 -0.150459 -0.113557 0.022390 -0.410063 -0.222531 -0.477480 -0.428097 -0.540507 -0.478326 -0.050643 -0.226167 -0.099356 -0.016495 -0.140024 -0.101889 -0.406467 -0.074814 0.020094 -0.021006 -0.079774 -0.126519 0.156140 0.355218 0.146186 -0.253487 -0.329589 -0.217167 -0.061803 0.049558 -0.076510 0.072022
-0.147260 -0.237758 0.443860 0.227547 0.156022 -0.077150 0.123138 -0.002644 0.253262 -0.006573 -0.028879 0.061814 -0.293262 -0.050656 0.187154 -0.038652 -0.240827 -0.320286 0.189120 -0.206347 0.089555 -0.100018 0.394208 0.024357 0.244098 0.269951 0.122087 0.369363 -0.461542 -0.411994 0.083063 0.154719 -0.385021 -0.178823 1.000000 0.570267 -0.090291 0.168131 -0.178652 -0.107724 0.044582 -0.226646 0.222452 0.066747 0.126414 -0.080489 0.138260 0.041586 0.279075 -0.270501 0.470339 0.306355 -0.013069 0.329295 -0.143248 0.148092 -0.364085 -0.370510 -0.309897 -0.374887 -0.348624 -0.385997 -0.426307 -0.465905 0.143071 0.177464 -0.211477 0.120067 -0.028094 -0.099045 0.028220 0.000275 -0.380920 -0.193801 -0.286236 -0.026885 0.050810 0.373946 -0.269661 -0.326422 -0.465064 -0.449571 0.169937 -0.167212 0.241790 0.142289 0.191745 0.351137 0.276146 -0.015695 0.288293 0.317174 0.228419 0.445483 0.363555 0.189153 0.224985 0.181056 -0.187332 -0.136886 0.143639 0.219542 0.146077 0.073751 0.080341 0.307281 0.177564 -0.135815 0.034222 0.327890 0.412466 -0.136026 0.106346 -0.118759 0.122732 -0.039801
-0.390027 0.061653 0.004233 -0.079122 -0.149038 -0.128597 0.039102 0.105419 0.033404 0.093942 0.262941 0.197845 0.113337 0.311069 0.178822 0.135845 -0.105898 -0.156188 -0.221015 -0.177552 0.053818 -0.141327 -0.119102 -0.102373 0.026241 0.166597 -0.019192 0.203321 -0.374843 -0.126468 -0.233035 -0.154741 -0.270279 -0.007058 0.570267 1.000000 0.112238 0.252435 0.084237 0.137915 0.281126 -0.010761 0.205638 0.101714 0.229736 0.201828 0.083678 0.100445 0.182771 -0.045314 0.027698 0.258411 0.001290 0.190889 -0.013435 0.208910 -0.332438 -0.295570 -0.052130 -0.212700 -0.162353 -0.166406 -0.235321 -0.389509 -0.161545 0.253626 -0.090516 0.380359 0.046066 0.181742 -0.194324 -0.129528 -0.154416 -0.122543 -0.180027 0.019087 0.014146 0.411550 -0.391334 -0.290005 -0.317970 -0.396512 0.196277 -0.138629 0.048546 -0.128698 0.301138 0.347364 0.192847 0.010249 0.308163 0.129580 0.095978 0.222996 0.388847 0.322368 0.351193 0.259948 -0.086229 -0.156592 0.142439 0.185842 0.151121 0.076881 0.059835 0.174805 -0.008387 -0.114238 0.233086 0.404317 0.431569 -0.116462 0.102206 -0.114586 0.084812 -0.143952
