1.000000 0.156433 -0.001646 -0.401460 0.016824 0.122827 0.119296 -0.041759 0.061676 0.026863 0.180189 0.009962 0.363510 0.083537 0.001081 0.117726 0.187431 0.177831 -0.147694 0.121198 0.175362 0.036186 -0.019238 0.165444 0.305627 0.307271 0.123644 0.301979 0.043720 -0.219576 0.135836 -0.033688 0.109235 0.342050 -0.207086 -0.002043 -0.054725 -0.110747 -0.090744 0.026650 -0.115761 -0.141352 -0.163115 -0.200568 -0.370595 -0.397577 -0.251681 -0.235246 -0.102906 -0.383946 -0.146926 -0.234422 0.013366 -0.060981 -0.165770 -0.237946 0.619798 0.447089 0.119443 -0.227450 0.391264 0.271149 0.002550 0.165827 0.027648 -0.151623 -0.105020 -0.269354 0.314073 0.106455 0.023125 0.077170 -0.205172 -0.138528 -0.110973 0.059010 -0.055485 0.037649 0.199401 0.188072 0.021522 -0.008016 -0.231654 -0.262911 -0.033107 -0.114496 -0.335589 -0.289513 0.004658 -0.056380 -0.254941 -0.142342 -0.180457 0.139503 -0.032177 -0.020671 -0.084420 -0.012733 -0.232780 0.069380 0.056660 0.217809 -0.127495 -0.046005 -0.192967 -0.221692 -0.130657 -0.050979 0.025246 0.037092 -0.189225 -0.033667 -0.031024 -0.092748 -0.206880 -0.071941
0.156433 1.000000 -0.350961 0.308962 -0.115371 -0.028521 -0.137118 0.391035 -0.018958 0.241088 -0.414768 0.149189 0.166068 0.474147 0.067421 0.202605 -0.342197 0.008050 -0.127017 -0.235354 -0.102545 -0.140154 -0.513911 -0.210549 -0.352550 -0.360822 -0.224483 -0.248488 -0.154207 0.313731 -0.275258 -0.265126 0.264641 0.080188 0.102907 0.063078 -0.115633 0.097630 -0.206343 0.112551 -0.049365 -0.036306 -0.120090 -0.179925 0.107877 0.070278 -0.048527 0.039053 0.126976 0.035484 -0.223253 0.166902 0.156668 -0.047542 -0.276673 0.032155 -0.016815 0.212740 0.129813 0.373448 -0.001590 0.363145 -0.177399 0.057999 -0.053123 0.520852 0.024728 -0.125271 0.035912 -0.106524 -0.388930 -0.396939 0.070647 0.042090 0.044324 0.029518 0.191132 -0.003101 -0.189233 0.217464 -0.262383 -0.071746 -0.112857 0.065221 -0.371791 -0.200579 -0.102951 -0.039445 -0.086216 0.142075 0.217921 -0.098953 0.079705 -0.286829 -0.066717 0.042295 0.035883 0.050600 0.137481 -0.092786 0.025634 -0.116168 0.123543 0.150230 0.324670 -0.005805 0.283794 0.165620 -0.136625 0.000777 0.016929 0.033299 0.118394 0.025749 0.009386 -0.085085
-0.001646 -0.350961 1.000000 -0.052468 0.054251 -0.138813 0.368587 -0.104939 0.400919 -0.181812 -0.091500 -0.275711 -0.192025 -0.377743 -0.362692 -0.466139 -0.033765 -0.030464 0.283757 0.239340 0.107460 0.067015 0.411770 -0.054901 0.309224 0.208643 0.101829 0.119506 -0.191962 -0.233812 0.136898 0.023151 0.180890 0.043264 -0.003731 -0.136711 -0.241768 -0.198822 -0.036254 -0.053659 -0.245871 -0.132575 0.052717 0.097087 -0.066685 -0.080490 -0.041378 -0.017251 -0.020607 -0.102023 0.174726 -0.243364 -0.199667 -0.144645 0.040600 -0.137869 0.049997 0.045867 0.078610 -0.125631 0.114782 -0.134554 -0.113925 -0.118046 0.027190 -0.375848 0.326840 0.273687 0.171346 0.285136 0.104137 0.023244 -0.014026 -0.051838 -0.162447 -0.263515 -0.065472 -0.031601 -0.104946 -0.000099 -0.152434 -0.200932 -0.243803 -0.266624 -0.158446 -0.331227 0.055262 0.040975 -0.013324 -0.179348 -0.014801 0.171610 -0.153082 0.256327 -0.064702 0.026129 0.119717 0.047674 0.024481 0.150919 -0.003083 0.211157 0.070046 0.177932 0.089037 0.042813 -0.040878 -0.016168 0.102848 -0.187674 0.053026 0.176638 0.089323 -0.053113 0.028491 0.120526
-0.401460 0.308962 -0.052468 1.000000 0.115413 0.230624 0.051820 0.439701 0.206760 0.416345 -0.127592 0.493453 -0.035373 0.435590 0.238720 0.323197 -0.156587 -0.078042 0.216907 -0.033787 0.075953 -0.116598 -0.009528 0.075320 -0.372262 -0.352715 -0.062765 -0.262258 -0.070330 0.335117 -0.031042 0.051638 0.059769 0.110831 0.056447 0.125699 -0.131220 0.001226 -0.097497 -0.063896 0.015354 0.125727 -0.365178 -0.352473 0.057575 0.032574 -0.317176 -0.095864 -0.097028 -0.068632 -0.252032 -0.129108 -0.030090 -0.255848 -0.206246 -0.189239 -0.456048 -0.339391 -0.037716 0.080269 0.047841 0.008775 0.133697 -0.088253 0.470837 0.635087 -0.164116 0.080625 -0.295739 0.001755 -0.330352 -0.404272 0.197036 0.065636 0.027119 0.038560 0.121116 -0.110456 -0.392041 -0.060558 -0.329055 -0.208752 0.040167 0.323395 -0.099765 0.055119 0.032116 0.260672 0.227076 0.336811 0.231415 -0.071217 0.445332 -0.002975 -0.155625 -0.007937 -0.356363 -0.190145 -0.061751 -0.406915 0.201574 -0.029052 0.108308 -0.160222 0.054157 -0.171207 -0.076861 0.019269 -0.139130 -0.171326 -0.190717 -0.059989 -0.008779 -0.069762 -0.037161 -0.027242
0.016824 -0.115371 0.054251 0.115413 1.000000 0.637343 0.066321 0.235349 0.363938 0.549877 0.188048 0.010990 -0.305720 -0.239539 -0.095764 0.041271 0.229424 -0.106364 -0.191453 -0.327556 0.357871 0.016214 0.002654 -0.115339 0.322485 -0.050161 0.553830 0.041252 -0.277018 -0.136665 0.014646 -0.222472 -0.475856 -0.120952 0.224047 0.415410 -0.274733 -0.026086 0.222211 0.092252 -0.196571 -0.008678 -0.121631 -0.139186 0.053468 0.170964 -0.276166 -0.079180 0.041990 -0.062975 -0.050759 0.108996 0.048311 -0.003702 -0.033733 -0.195990 0.065733 -0.210787 0.226045 -0.029818 0.156710 0.129912 0.277610 -0.198521 0.298065 0.345902 0.097948 0.213140 0.030121 0.054110 0.019134 -0.192499 -0.227833 0.105057 -0.196836 0.010423 0.012669 0.092740 -0.187872 -0.092890 -0.058849 -0.308927 0.038191 0.054125 0.257262 -0.119912 -0.184082 -0.187481 0.218389 -0.018562 0.154959 0.343752 0.492289 0.557549 -0.070678 0.059635 -0.110429 0.084854 -0.339842 -0.188633 0.054514 0.237535 -0.169601 0.008437 0.079528 0.103886 0.019984 0.145491 0.084612 -0.078868 -0.007110 0.068141 0.050983 0.115127 0.348413 -0.151996
0.122827 -0.028521 -0.138813 0.230624 0.637343 1.000000 -0.136359 0.191509 0.147542 0.543660 0.239090 0.236869 -0.021480 -0.074626 0.226588 0.267011 0.410536 0.053655 -0.118453 -0.257559 0.589890 0.167860 0.112206 0.242009 0.501669 0.253376 0.691958 0.331854 -0.028117 -0.135609 0.251159 0.056863 -0.399860 -0.028028 0.085321 0.277964 -0.180458 -0.066434 0.034169 0.123126 -0.200434 -0.057525 -0.335340 -0.242433 -0.184756 -0.074079 -0.320409 -0.195264 -0.195409 -0.250968 -0.136331 -0.106308 -0.069909 -0.176886 -0.208621 -0.314913 0.180793 -0.037173 -0.016442 -0.142550 0.140048 0.122203 0.355760 -0.025568 0.360889 0.320069 -0.191632 -0.032992 -0.091458 -0.103770 0.026516 -0.127685 -0.238045 -0.124542 -0.296416 -0.060715 -0.170579 -0.088384 -0.031173 -0.003040 0.073162 -0.112860 0.009366 0.097561 0.463366 0.124237 -0.481470 -0.305565 0.251411 0.137720 -0.122055 -0.002820 0.359939 0.427109 -0.098556 -0.038764 -0.245638 -0.135094 -0.460261 -0.343992 -0.039330 0.176460 -0.336398 -0.212482 -0.147265 -0.188605 -0.351181 -0.041713 -0.053556 -0.089327 -0.096739 -0.023878 -0.028896 -0.009729 0.122645 -0.274603
0.119296 -0.137118 0.368587 0.051820 0.066321 -0.136359 1.000000 0.249420 0.336426 0.077593 0.185034 0.341421 0.304052 0.249418 -0.122473 -0.061595 -0.003416 0.033788 0.194944 0.148394 -0.081972 -0.227802 0.102235 -0.043262 -0.128373 -0.198016 -0.271962 -0.225372 -0.001711 0.016734 0.014213 -0.189040 -0.085784 0.002846 -0.108874 -0.007228 -0.235609 -0.294063 -0.212775 -0.343439 -0.234853 -0.114279 0.208906 -0.015811 0.090075 -0.092390 -0.007870 0.104826 0.265205 0.018786 0.055656 -0.002755 0.014713 0.100554 -0.067001 -0.252749 -0.314465 -0.282879 -0.031603 -0.345328 0.181895 0.004351 -0.052322 -0.194486 0.270340 0.051969 -0.282873 -0.219455 -0.434075 -0.010199 0.107421 -0.042915 0.140171 0.169821 0.150189 0.141940 0.200663 0.030347 -0.229207 -0.050284 -0.219909 -0.245250 -0.184999 -0.154209 -0.162725 -0.219385 -0.006030 -0.131811 -0.100792 -0.223195 0.421747 0.365260 0.188886 0.278867 -0.291391 0.053236 -0.216514 -0.168489 0.109996 0.193363 0.291685 0.166414 0.135452 -0.084325 -0.026244 -0.098516 -0.030423 -0.034352 -0.026813 -0.202096 -0.099577 0.224175 0.068078 0.040513 0.006569 0.115918
-0.041759 0.391035 -0.104939 0.439701 0.235349 0.191509 0.249420 1.000000 0.249431 0.653118 -0.292244 0.179636 -0.080609 0.360895 -0.206875 0.125286 -0.078525 -0.174712 -0.276561 -0.382597 0.167241 -0.009181 -0.437435 -0.060176 -0.182933 -0.264067 -0.146885 -0.295280 -0.206166 0.319990 -0.047158 -0.005367 -0.059376 0.210338 0.341438 0.441169 -0.242492 0.012037 -0.067583 0.133731 -0.170738 -0.028753 -0.074959 -0.179530 0.007361 0.157373 -0.178360 -0.028354 0.051072 -0.126867 -0.280141 0.181024 -0.075992 -0.116854 -0.436512 -0.066046 -0.052903 -0.283601 -0.078555 -0.155045 -0.036513 0.228393 -0.002338 -0.401682 0.168201 0.762207 -0.173237 -0.020149 -0.194252 -0.110057 -0.075150 -0.250746 0.067887 0.196380 -0.006205 0.124172 0.293785 0.237765 -0.211711 -0.089003 -0.156987 -0.270115 -0.063736 0.090960 -0.007517 -0.161477 -0.128347 -0.018134 -0.096389 -0.100382 0.306451 0.075802 0.461274 0.039060 -0.074868 0.094158 -0.105590 0.111012 -0.249811 -0.227299 0.190860 -0.061141 0.048607 -0.013826 0.254816 0.054611 0.227548 0.043791 -0.011528 -0.076147 0.061424 -0.032689 0.023969 0.127659 0.210641 -0.027464
0.061676 -0.018958 0.400919 0.206760 0.363938 0.147542 0.336426 0.249431 1.000000 0.451356 -0.117450 0.021740 -0.167399 -0.206365 -0.218455 -0.354102 -0.009379 -0.138910 -0.157848 0.063970 0.334125 -0.075201 0.105542 -0.106179 0.054690 -0.090066 -0.012352 -0.058597 -0.443309 -0.186389 -0.226531 -0.348474 -0.094599 0.004471 0.178675 0.190733 -0.498719 -0.436820 -0.303555 -0.142421 -0.626963 -0.422218 -0.066228 -0.227848 0.134530 0.016464 -0.221550 -0.134153 0.285709 0.046557 0.175875 0.087417 0.229640 0.032725 -0.158736 -0.280741 0.048833 -0.156157 0.311048 0.176245 0.287845 0.119650 0.088152 -0.173030 0.359800 0.194123 0.260340 0.234078 0.000924 0.345172 0.017014 -0.256174 -0.118572 -0.052295 -0.211410 0.081918 0.123578 0.127417 -0.437327 -0.027633 -0.442047 -0.509509 -0.528044 -0.430070 -0.145964 -0.397593 -0.203929 -0.202156 -0.003423 -0.016179 0.283492 0.253122 0.348882 0.513355 -0.357911 0.199393 -0.172260 0.044830 -0.173033 0.080939 0.289916 0.457723 0.362318 0.296730 0.329621 0.037634 -0.042639 0.108500 -0.074626 -0.121979 -0.255763 0.312893 0.354819 0.249991 0.230127 0.149222
0.026863 0.241088 -0.181812 0.416345 0.549877 0.543660 0.077593 0.653118 0.451356 1.000000 -0.134213 0.240703 -0.228239 0.081022 -0.113032 0.162261 0.164148 -0.154071 -0.305242 -0.313018 0.382470 -0.044119 -0.384371 -0.093824 -0.006288 -0.194634 0.119359 -0.169172 -0.248311 0.197851 -0.139359 -0.207970 -0.247696 -0.033187 0.267288 0.341291 -0.300182 -0.082943 -0.070713 0.104791 -0.333692 -0.093426 -0.105360 -0.188293 0.138291 0.192338 -0.200490 0.004754 0.213626 0.052782 -0.120363 0.240107 0.107398 -0.038941 -0.358616 -0.137188 0.062847 -0.252333 -0.004482 0.010859 -0.029031 0.092198 0.246714 -0.337413 0.261671 0.614955 -0.081653 0.059208 -0.172423 0.044599 -0.052441 -0.365213 -0.056721 0.031332 -0.138053 0.173707 0.244647 0.158223 -0.287411 -0.107499 -0.197690 -0.361631 -0.106140 0.090930 0.121949 -0.130963 -0.334977 -0.199613 0.004608 -0.113553 0.334541 0.226020 0.616688 0.337044 -0.119257 0.083383 -0.184252 0.067484 -0.269643 -0.178897 0.270227 0.264225 0.093862 0.001672 0.165729 -0.089769 0.001752 0.120003 0.011933 -0.082874 -0.063389 0.040875 0.137382 0.209174 0.223621 -0.076416
0.180189 -0.414768 -0.091500 -0.127592 0.188048 0.239090 0.185034 -0.292244 -0.117450 -0.134213 1.000000 0.341295 0.211025 0.000208 0.418470 0.338917 0.234038 0.032404 0.121164 0.182645 -0.051808 -0.172039 0.528943 0.369175 0.234632 0.197998 0.341221 0.356072 0.092433 -0.485056 0.209572 0.032733 -0.423263 0.064731 -0.245122 0.131004 -0.107325 -0.218840 0.158288 -0.250647 0.067898 -0.090798 -0.177471 -0.186868 -0.329732 -0.362856 -0.264686 -0.181190 -0.217306 -0.299243 0.034399 -0.112120 0.035923 0.180673 0.333049 -0.319313 -0.050783 -0.018612 0.107412 -0.281372 0.344263 0.116925 0.157954 0.063476 0.458750 -0.096183 -0.208539 -0.074893 -0.009473 0.118942 0.104652 0.145926 -0.324378 -0.107108 -0.051981 -0.088033 -0.226911 0.000724 0.072807 -0.063029 0.028703 -0.137337 0.144404 -0.012229 0.385845 0.156158 0.021299 -0.101203 0.434679 0.139489 -0.143416 0.063881 0.133980 0.353251 -0.183115 -0.053093 -0.443597 -0.266708 -0.344002 -0.221510 0.079663 -0.040079 -0.103842 -0.335012 -0.375923 -0.007886 -0.162456 0.035495 -0.075838 0.014285 -0.254133 -0.113231 -0.117927 -0.114820 -0.155131 -0.088011
0.009962 0.149189 -0.275711 0.493453 0.010990 0.236869 0.341421 0.179636 0.021740 0.240703 0.341295 1.000000 0.297471 0.578291 0.415438 0.499128 0.134412 0.165881 0.186253 0.223033 0.047778 -0.318340 0.076612 0.232949 -0.320256 -0.304334 -0.074680 -0.152163 0.276925 0.231917 0.128441 0.019565 -0.049003 0.143599 -0.203178 0.020161 -0.028869 -0.214956 -0.288388 -0.450480 -0.027652 -0.005913 -0.185840 -0.267694 -0.026128 -0.118664 -0.205418 -0.196011 -0.031914 -0.094503 -0.135259 -0.100172 0.077284 -0.062684 -0.046103 -0.347850 -0.404590 -0.340629 -0.024093 -0.246573 0.252034 0.003738 0.261199 0.091632 0.625726 0.422729 -0.508739 -0.230606 -0.549592 -0.074435 -0.074002 -0.176693 0.207334 0.119432 0.158247 0.244463 0.029230 -0.111011 -0.214169 0.010660 -0.220559 -0.122007 -0.206739 0.172614 0.073405 0.286022 -0.294421 -0.217499 0.207037 0.290704 0.123310 -0.193129 0.349373 0.069841 -0.338542 0.004763 -0.559650 -0.440873 -0.093203 -0.292051 0.327264 -0.032080 0.020766 -0.458426 -0.280908 -0.374491 -0.271329 -0.100331 -0.193690 -0.027868 -0.481840 -0.076351 -0.028980 -0.150881 -0.285923 -0.093631
0.363510 0.166068 -0.192025 -0.035373 -0.305720 -0.021480 0.304052 -0.080609 -0.167399 -0.228239 0.211025 0.297471 1.000000 0.654525 0.440404 0.383661 -0.068962 0.304739 0.166535 0.257802 -0.084182 0.006211 0.166665 0.347542 0.007144 0.077095 -0.165323 0.086673 0.280542 -0.053146 0.287608 0.149611 0.009769 0.229021 -0.430285 -0.259835 0.172460 -0.098777 -0.184624 -0.205678 0.056368 0.028306 -0.076059 -0.190156 -0.307597 -0.486154 -0.080120 -0.174025 -0.188995 -0.333495 -0.118085 -0.333485 -0.030317 -0.109937 -0.041524 -0.308579 -0.180029 0.200897 -0.167940 -0.338873 0.340007 0.271598 -0.223403 0.298531 0.181820 -0.049549 -0.554790 -0.527599 -0.238198 -0.157608 -0.037571 0.184991 -0.015085 -0.098139 0.182395 0.022688 -0.132038 -0.250006 0.249667 0.117200 -0.019641 0.193990 -0.044049 0.000505 -0.223130 0.157226 -0.091931 -0.077886 0.157572 0.234465 -0.034820 -0.227376 -0.193368 -0.088473 -0.075084 -0.153526 -0.273400 -0.397159 -0.003043 -0.045925 0.132918 -0.043270 -0.145981 -0.354458 -0.392587 -0.309840 -0.231258 -0.165592 -0.169127 -0.148219 -0.303557 -0.083005 -0.160942 -0.309518 -0.356081 -0.023801
0.083537 0.474147 -0.377743 0.435590 -0.239539 -0.074626 0.249418 0.360895 -0.206365 0.081022 0.000208 0.578291 0.654525 1.000000 0.390890 0.591856 -0.240103 0.238262 0.077558 0.115052 -0.294025 -0.193067 -0.166231 0.200452 -0.454483 -0.374419 -0.371467 -0.298583 0.195428 0.316983 0.051612 0.062891 0.130941 0.349190 -0.229516 -0.051306 0.246738 0.017643 -0.139651 -0.262110 0.209489 0.224474 -0.209612 -0.328284 -0.158867 -0.235041 -0.211464 -0.238195 -0.147911 -0.258421 -0.325374 -0.244579 -0.017087 -0.216578 -0.074773 -0.222024 -0.390087 -0.086671 -0.090968 -0.152683 0.274606 0.325996 -0.111831 0.196654 0.334370 0.481442 -0.506001 -0.396186 -0.333659 -0.169548 -0.200175 -0.062576 0.172737 0.116617 0.302798 0.131027 0.064489 -0.186704 0.047059 0.035782 -0.086699 0.125317 0.033177 0.278182 -0.304293 0.179013 -0.036227 0.040741 0.181694 0.425925 0.131805 -0.296361 0.118507 -0.255770 -0.047496 -0.141874 -0.426046 -0.430537 0.005520 -0.297138 0.227595 -0.202838 -0.088193 -0.434023 -0.292865 -0.310220 -0.095940 -0.072288 -0.127614 -0.187502 -0.367960 -0.252808 -0.212112 -0.406631 -0.389455 -0.089850
0.001081 0.067421 -0.362692 0.238720 -0.095764 0.226588 -0.122473 -0.206875 -0.218455 -0.113032 0.418470 0.415438 0.440404 0.390890 1.000000 0.735864 -0.126040 -0.030357 0.270993 -0.004930 -0.111345 0.015689 0.317743 0.438346 -0.056963 0.046058 0.142366 0.193828 0.345737 -0.029927 0.327827 0.290678 -0.214522 -0.014852 -0.250874 -0.052935 0.244695 0.026853 0.059554 -0.161513 0.277010 0.189380 -0.146217 -0.118740 -0.134637 -0.232759 -0.092247 -0.078253 -0.186022 -0.151212 -0.215600 -0.192619 0.067066 0.030954 0.088337 -0.065813 -0.367228 -0.079223 0.004925 -0.179102 0.051251 -0.047399 -0.117966 0.073085 0.323794 0.057146 -0.438727 -0.380787 -0.265281 -0.249619 -0.374202 0.023055 -0.007916 -0.180997 0.087259 -0.053783 -0.330297 -0.308618 -0.010476 -0.144608 -0.030111 0.102896 0.323230 0.382987 0.210902 0.463018 0.067811 0.158329 0.509536 0.360064 -0.135272 -0.141555 -0.036612 -0.124078 0.071504 -0.057496 -0.357634 -0.348915 -0.169557 -0.288798 -0.125240 -0.373612 -0.371883 -0.525622 -0.354885 -0.173512 -0.097741 -0.134436 0.169939 0.109856 -0.245913 -0.269916 -0.266550 -0.345313 -0.369051 -0.236101
0.117726 0.202605 -0.466139 0.323197 0.041271 0.267011 -0.061595 0.125286 -0.354102 0.162261 0.338917 0.499128 0.383661 0.591856 0.735864 1.000000 -0.107420 -0.027614 0.090889 -0.137194 -0.095983 0.003922 0.134745 0.477097 -0.075882 0.063391 0.153993 0.180158 0.316613 0.122305 0.401337 0.372163 -0.217489 0.113480 -0.226740 0.093177 0.254707 0.251557 0.273803 0.038488 0.396851 0.387312 -0.283385 -0.251814 -0.295720 -0.294102 -0.240407 -0.187167 -0.263477 -0.312341 -0.468468 -0.146527 -0.004828 -0.042483 0.029212 -0.023557 -0.261305 -0.108080 -0.021313 -0.283685 0.097128 0.146432 -0.103531 -0.097424 0.326502 0.316329 -0.536132 -0.488192 -0.248093 -0.255099 -0.367738 0.007831 -0.009138 -0.074767 0.138507 0.002812 -0.168957 -0.187894 0.075378 -0.229380 -0.018761 0.028752 0.347416 0.543701 0.103586 0.383271 0.005548 0.221413 0.467096 0.391382 -0.086163 -0.135277 0.088445 -0.194523 0.217234 -0.129425 -0.365195 -0.292208 -0.248738 -0.427672 -0.061718 -0.425265 -0.440635 -0.576261 -0.405751 -0.177575 -0.016166 -0.046007 0.185018 -0.009409 -0.222994 -0.455239 -0.384287 -0.373110 -0.386345 -0.289280
0.187431 -0.342197 -0.033765 -0.156587 0.229424 0.410536 -0.003416 -0.078525 -0.009379 0.164148 0.234038 0.134412 -0.068962 -0.240103 -0.126040 -0.107420 1.000000 0.478819 0.052053 0.122127 0.336571 0.226139 -0.046043 -0.025888 0.360035 0.138275 0.338279 0.023135 0.439660 0.149908 0.139576 0.040918 -0.012141 -0.032247 -0.112764 -0.272914 0.251278 0.044127 0.106466 -0.099657 -0.020485 0.076785 -0.119355 -0.071783 -0.194397 -0.230399 -0.106270 -0.138971 -0.250506 -0.149083 0.021348 -0.139831 -0.050058 -0.240278 -0.030334 -0.207345 0.394545 -0.184237 -0.241716 -0.323241 0.110698 -0.155582 0.777898 0.193211 0.020302 -0.141663 -0.116511 -0.051260 -0.042641 -0.056209 0.363349 0.224661 0.315424 0.096434 0.038693 0.112956 0.189987 0.164241 0.300913 0.176431 0.585184 0.301040 0.001629 0.032965 0.574774 0.213229 -0.461756 -0.321643 -0.184054 -0.217007 -0.201397 -0.127993 0.130355 0.404909 -0.013724 -0.120784 -0.066917 -0.006976 -0.145445 -0.035839 0.142966 0.491513 -0.020872 -0.055399 -0.288334 -0.224350 -0.454886 -0.180091 0.050546 0.075359 -0.089749 -0.074366 -0.126414 0.113827 0.080309 -0.129179
0.177831 0.008050 -0.030464 -0.078042 -0.106364 0.053655 0.033788 -0.174712 -0.138910 -0.154071 0.032404 0.165881 0.304739 0.238262 -0.030357 -0.027614 0.478819 1.000000 0.108313 0.404874 -0.104811 0.113701 0.005011 0.029948 0.048566 -0.041492 0.000592 -0.130734 0.418419 0.171579 0.141689 0.106731 0.364015 0.280585 -0.357390 -0.454347 0.405286 -0.042203 -0.093406 -0.320448 0.117201 0.130369 -0.344144 -0.298895 -0.418344 -0.502785 -0.225762 -0.450457 -0.442493 -0.335183 -0.220814 -0.453807 -0.158622 -0.452276 0.120079 -0.412123 0.194066 0.169405 -0.197605 -0.081138 0.354899 0.214143 0.352664 0.695012 -0.031913 -0.201546 -0.121705 -0.170562 0.070434 -0.022773 0.179023 0.391432 0.352373 0.206750 0.278156 -0.013376 0.079106 -0.116745 0.559917 0.448656 0.491414 0.589712 -0.218272 -0.071855 -0.088064 0.101619 -0.357549 -0.349369 -0.132225 0.139950 -0.263240 -0.457607 -0.151296 0.009014 -0.038272 -0.246180 -0.262926 -0.385565 -0.090959 -0.229736 0.124964 0.242178 0.022761 -0.162246 -0.376886 -0.298155 -0.401817 -0.133157 -0.117554 -0.190722 -0.386464 -0.234593 -0.179199 -0.348436 -0.194467 -0.076377
-0.147694 -0.127017 0.283757 0.216907 -0.191453 -0.118453 0.194944 -0.276561 -0.157848 -0.305242 0.121164 0.186253 0.166535 0.077558 0.270993 0.090889 0.052053 0.108313 1.000000 0.366671 -0.271415 -0.136315 0.162830 -0.183774 -0.219118 -0.256040 -0.153640 -0.273610 0.319122 0.158634 0.130782 0.033007 0.339410 0.066238 -0.250652 -0.287917 0.122358 -0.003512 -0.116282 -0.177843 0.059102 0.034536 -0.001414 0.143838 0.032780 -0.013387 0.015317 0.107788 -0.184483 -0.026026 -0.213215 -0.321638 -0.246950 -0.196160 0.134940 -0.100239 -0.360453 -0.095825 -0.043366 -0.222582 -0.033093 -0.324290 -0.003504 0.073318 0.113208 -0.168038 -0.016076 0.058969 -0.118986 -0.117463 -0.108519 -0.101906 0.350127 0.018099 0.141439 -0.087533 0.087313 -0.060517 -0.046589 0.110947 0.002033 0.132212 0.125683 0.139881 0.104733 0.201847 0.126574 0.120206 0.179763 0.003838 -0.070639 0.000115 -0.170724 -0.038107 -0.078571 0.113800 -0.136335 -0.057777 0.174033 0.158424 -0.070529 -0.038429 -0.101791 -0.155704 -0.124949 -0.076796 -0.131934 -0.054542 0.106617 0.085678 -0.026077 0.145424 0.059717 -0.175520 -0.156815 0.104344
0.121198 -0.235354 0.239340 -0.033787 -0.327556 -0.257559 0.148394 -0.382597 0.063970 -0.313018 0.182645 0.223033 0.257802 0.115052 -0.004930 -0.137194 0.122127 0.404874 0.366671 1.000000 -0.183148 -0.259927 0.275738 0.086647 -0.165279 -0.121682 -0.224770 -0.124644 0.155176 -0.180473 -0.011650 -0.067109 0.404582 0.482132 -0.402573 -0.383311 0.109107 -0.392757 -0.353579 -0.481041 -0.156542 -0.215740 -0.255774 -0.288812 -0.298707 -0.421029 -0.213858 -0.419408 -0.277784 -0.257773 -0.033642 -0.516319 -0.195840 -0.288332 0.259677 -0.430116 0.005263 0.197976 -0.073902 -0.096219 0.383516 0.033223 0.115651 0.518743 0.275367 -0.333222 0.004172 0.173484 0.093566 0.496680 0.306815 0.188886 0.092127 -0.037341 0.024441 0.125645 0.025255 0.046678 0.117869 0.240278 -0.035611 0.131391 -0.377544 -0.316233 -0.152714 0.058598 -0.108455 -0.257362 -0.002708 0.161937 -0.288794 -0.379079 -0.150588 0.067384 -0.345902 -0.028305 -0.415995 -0.354320 -0.061173 -0.004447 0.318339 0.257239 0.241057 -0.186541 -0.262857 -0.250511 -0.462753 -0.029373 -0.224029 -0.047512 -0.515813 0.011985 0.109491 -0.312399 -0.425837 0.350962
0.175362 -0.102545 0.107460 0.075953 0.357871 0.589890 -0.081972 0.167241 0.334125 0.382470 -0.051808 0.047778 -0.084182 -0.294025 -0.111345 -0.095983 0.336571 -0.104811 -0.271415 -0.183148 1.000000 0.277312 0.147222 0.251814 0.531412 0.434142 0.509233 0.415778 -0.131321 -0.057913 0.341647 0.243922 -0.222341 0.017693 0.091273 0.247457 -0.294758 -0.086725 -0.084280 0.267685 -0.332308 -0.143541 -0.160957 -0.087428 -0.096101 -0.005497 -0.167247 -0.077237 0.000220 -0.136888 0.080707 -0.010592 -0.099079 -0.178795 -0.348727 -0.201678 0.281470 -0.055719 -0.077748 -0.182800 0.029874 -0.109728 0.243755 -0.172970 0.131590 0.057545 -0.048301 0.117278 -0.015144 0.117268 0.172747 -0.024454 -0.102922 0.024078 -0.240087 0.198333 -0.052421 0.054311 -0.134953 0.083628 -0.108858 -0.258660 -0.275428 -0.174956 0.182510 -0.120656 -0.366286 -0.236335 -0.015093 -0.117119 -0.102726 -0.055253 0.216150 0.389277 -0.170057 0.074045 0.090290 0.146019 -0.274317 -0.133857 0.179356 0.276128 0.058655 0.064697 0.069310 -0.177611 -0.200048 -0.151339 -0.124069 -0.060735 0.002359 0.133836 0.127470 0.310537 0.145464 -0.024017
0.036186 -0.140154 0.067015 -0.116598 0.016214 0.167860 -0.227802 -0.009181 -0.075201 -0.044119 -0.172039 -0.318340 0.006211 -0.193067 0.015689 0.003922 0.226139 0.113701 -0.136315 -0.259927 0.277312 1.000000 0.054257 0.233708 0.401118 0.399866 0.309131 0.228618 0.369891 0.035381 0.246251 0.382616 -0.111134 -0.148823 0.092434 -0.195044 0.220398 0.254946 0.394332 0.291941 0.295054 0.297885 0.054965 0.031564 -0.145599 -0.161566 0.068614 -0.044849 -0.168577 -0.095678 -0.171445 -0.072479 -0.181284 -0.121555 -0.363915 0.230944 0.227614 -0.044758 -0.106885 -0.225175 -0.169115 -0.080597 0.029138 -0.171991 -0.314880 -0.151255 -0.072354 -0.317593 0.171761 -0.346775 0.007352 0.581216 -0.000120 -0.230949 -0.160034 -0.292533 -0.344430 -0.242290 0.503300 -0.244946 0.512215 0.443552 0.220728 0.320727 0.263714 0.192762 -0.168226 0.139433 -0.151345 -0.121901 -0.109312 -0.057501 -0.074343 -0.074355 0.621528 -0.454466 0.124968 -0.112264 -0.111268 -0.178594 -0.216277 0.079749 -0.354185 0.006285 -0.244023 -0.076849 -0.049146 -0.273940 0.148808 -0.138723 0.123772 -0.447930 -0.513445 -0.053816 -0.050338 -0.342906
-0.019238 -0.513911 0.411770 -0.009528 0.002654 0.112206 0.102235 -0.437435 0.105542 -0.384371 0.528943 0.076612 0.166665 -0.166231 0.317743 0.134745 -0.046043 0.005011 0.162830 0.275738 0.147222 0.054257 1.000000 0.678275 0.421503 0.585407 0.391386 0.655464 0.029601 -0.562497 0.541455 0.439846 -0.230471 0.132224 -0.365882 0.011121 -0.150139 -0.226490 0.096968 -0.196707 0.014780 -0.083110 -0.241588 -0.155350 -0.435087 -0.478979 -0.212679 -0.266445 -0.328996 -0.377960 0.074775 -0.347441 -0.107573 0.001527 0.290525 -0.227393 -0.106955 0.124538 0.112620 -0.179561 0.298609 0.085222 -0.197250 0.105088 0.334887 -0.403351 -0.106977 -0.072162 0.038154 0.218663 0.018933 0.296906 -0.275450 -0.206450 -0.087639 -0.215884 -0.452508 -0.275343 0.122690 -0.049844 -0.138529 -0.154181 -0.112340 -0.180253 -0.020004 -0.043543 0.128177 0.137610 0.427953 0.305736 -0.316340 -0.115441 -0.239676 0.135961 -0.098957 -0.087774 -0.228018 -0.325035 -0.183129 -0.172520 -0.148291 -0.186398 -0.177637 -0.309634 -0.380784 -0.114414 -0.278791 -0.184084 -0.131309 -0.189985 -0.252204 -0.057959 -0.113102 -0.267889 -0.240849 -0.058013
0.165444 -0.210549 -0.054901 0.075320 -0.115339 0.242009 -0.043262 -0.060176 -0.106179 -0.093824 0.369175 0.232949 0.347542 0.200452 0.438346 0.477097 -0.025888 0.029948 -0.183774 0.086647 0.251814 0.233708 0.678275 1.000000 0.362598 0.631080 0.346937 0.682436 0.135719 -0.334990 0.586640 0.616030 -0.320035 0.270488 -0.377904 0.116943 -0.046310 -0.118297 0.099587 -0.133424 0.185913 0.056051 -0.267753 -0.250033 -0.537081 -0.529320 -0.239401 -0.310735 -0.303761 -0.458658 -0.080460 -0.243863 -0.057299 -0.011961 -0.009108 -0.165669 -0.021866 0.080850 -0.094456 -0.330558 0.229823 0.239537 -0.212100 0.049827 0.239068 -0.106489 -0.480065 -0.426477 -0.092097 -0.008206 -0.029995 0.379734 -0.290805 -0.204609 0.003966 -0.072863 -0.473686 -0.384547 0.282458 -0.184937 -0.009659 -0.038037 -0.035278 0.027059 -0.031701 0.096078 -0.037138 0.120844 0.325091 0.343595 -0.271517 -0.268546 -0.113923 -0.042278 0.087056 -0.242223 -0.342319 -0.462239 -0.304856 -0.352698 -0.086592 -0.285410 -0.301665 -0.513208 -0.540147 -0.324857 -0.321764 -0.317048 -0.178117 -0.271766 -0.324401 -0.352795 -0.328010 -0.348283 -0.379010 -0.189817
0.305627 -0.352550 0.309224 -0.372262 0.322485 0.501669 -0.128373 -0.182933 0.054690 -0.006288 0.234632 -0.320256 0.007144 -0.454483 -0.056963 -0.075882 0.360035 0.048566 -0.219118 -0.165279 0.531412 0.401118 0.421503 0.362598 1.000000 0.770060 0.778469 0.707825 -0.008116 -0.440186 0.418418 0.277157 -0.300281 -0.088664 -0.048112 0.006824 -0.109029 0.006560 0.323309 0.290453 -0.048386 0.030052 -0.067829 -0.013366 -0.363757 -0.310823 -0.061343 -0.150633 -0.206634 -0.292468 0.122766 -0.097601 -0.155673 -0.088791 0.003387 -0.078932 0.429419 0.220230 -0.003354 -0.212962 0.093678 0.042480 0.082475 -0.059704 -0.061166 -0.355460 0.038281 -0.092388 0.267240 0.013089 0.238347 0.266405 -0.366328 -0.250082 -0.312859 -0.320796 -0.395456 -0.161238 0.291843 -0.046070 0.261948 0.017483 0.009946 -0.097724 0.308390 -0.011315 -0.240152 -0.123908 0.170574 -0.076067 -0.358545 -0.026482 -0.174422 0.290182 0.156261 -0.218218 0.178713 -0.013729 -0.352834 -0.178048 -0.218564 0.135989 -0.335315 0.013517 -0.211593 0.011487 -0.185749 -0.155799 0.150262 -0.145168 0.104961 -0.132001 -0.221913 -0.031200 0.080765 -0.287649
0.307271 -0.360822 0.208643 -0.352715 -0.050161 0.253376 -0.198016 -0.264067 -0.090066 -0.194634 0.197998 -0.304334 0.077095 -0.374419 0.046058 0.063391 0.138275 -0.041492 -0.256040 -0.121682 0.434142 0.399866 0.585407 0.631080 0.770060 1.000000 0.533917 0.905845 0.070409 -0.385367 0.574483 0.595793 -0.201015 0.001756 -0.143807 0.052769 -0.062306 0.114080 0.266505 0.349678 0.095295 0.010869 -0.126907 0.016933 -0.494671 -0.403979 -0.019404 -0.108722 -0.278981 -0.347863 0.038793 -0.142972 -0.121822 0.037967 -0.007322 0.090400 0.445838 0.326719 -0.128174 -0.233920 -0.039782 0.000069 -0.197570 -0.083006 -0.203183 -0.510110 -0.119652 -0.226851 0.243970 0.019491 -0.004196 0.325507 -0.306249 -0.280012 -0.195741 -0.228764 -0.377608 -0.137522 0.326021 -0.017922 0.138438 0.014423 0.005804 -0.147079 0.114562 -0.053702 -0.042467 0.106207 0.070315 -0.042047 -0.471097 -0.154203 -0.403687 -0.028755 0.187360 -0.106152 0.231140 0.059281 -0.232282 -0.084242 -0.379995 -0.163944 -0.358352 -0.102403 -0.238922 -0.030166 -0.177515 -0.244908 0.034046 -0.057983 0.157669 -0.132470 -0.195936 0.004742 -0.043612 -0.160534
0.123644 -0.224483 0.101829 -0.062765 0.553830 0.691958 -0.271962 -0.146885 -0.012352 0.119359 0.341221 -0.074680 -0.165323 -0.371467 0.142366 0.153993 0.338279 0.000592 -0.153640 -0.224770 0.509233 0.309131 0.391386 0.346937 0.778469 0.533917 1.000000 0.637396 -0.012029 -0.406347 0.343718 0.191109 -0.430484 -0.133380 -0.058280 0.088230 -0.116228 0.085224 0.422999 0.260553 0.060000 0.143826 -0.243439 -0.150468 -0.319200 -0.202261 -0.252894 -0.199133 -0.273057 -0.321162 0.024024 -0.083872 -0.046874 -0.086483 0.067898 -0.118931 0.225659 0.077259 0.041534 -0.147524 0.120240 0.073059 0.243654 -0.018707 0.154393 -0.075540 -0.026672 -0.002306 0.194077 -0.037739 0.132723 0.122029 -0.365056 -0.199894 -0.352850 -0.276153 -0.391640 -0.197406 0.142236 -0.161355 0.197265 -0.043051 0.104182 0.153083 0.396954 0.132954 -0.281747 -0.067894 0.335137 0.140763 -0.260065 -0.002535 0.095140 0.324887 0.164020 -0.219960 -0.053460 -0.097551 -0.420510 -0.408441 -0.197806 0.039418 -0.372222 -0.144702 -0.210936 -0.004968 -0.148168 -0.018107 0.097213 -0.071487 0.018535 -0.233300 -0.256039 -0.118409 0.096759 -0.358070
0.301979 -0.248488 0.119506 -0.262258 0.041252 0.331854 -0.225372 -0.295280 -0.058597 -0.169172 0.356072 -0.152163 0.086673 -0.298583 0.193828 0.180158 0.023135 -0.130734 -0.273610 -0.124644 0.415778 0.228618 0.655464 0.682436 0.707825 0.905845 0.637396 1.000000 -0.089342 -0.550260 0.490472 0.455391 -0.330605 0.010972 -0.165777 0.165964 -0.208885 0.061308 0.238404 0.305806 0.045306 -0.062115 -0.211466 -0.096892 -0.510389 -0.429442 -0.153229 -0.151447 -0.278081 -0.393749 0.105370 -0.124490 0.016692 0.114667 0.089647 -0.035746 0.348318 0.369082 -0.028777 -0.140451 0.059558 0.122426 -0.206815 -0.050874 -0.022301 -0.385487 -0.088854 -0.163805 0.241291 0.079374 -0.051134 0.175864 -0.474184 -0.298884 -0.236902 -0.206701 -0.434571 -0.142494 0.147373 -0.054112 -0.062318 -0.177611 -0.053091 -0.174956 0.055989 -0.082962 -0.040670 0.087463 0.217448 0.142275 -0.374933 -0.093038 -0.261331 0.074327 0.056587 -0.033561 0.085418 0.014825 -0.314767 -0.173643 -0.331448 -0.226663 -0.318766 -0.119171 -0.184065 0.035147 -0.100128 -0.077742 -0.062512 -0.041050 0.083017 -0.086042 -0.111336 -0.027916 -0.009168 -0.129130
0.043720 -0.154207 -0.191962 -0.070330 -0.277018 -0.028117 -0.001711 -0.206166 -0.443309 -0.248311 0.092433 0.276925 0.280542 0.195428 0.345737 0.316613 0.439660 0.418419 0.319122 0.155176 -0.131321 0.369891 0.029601 0.135719 -0.008116 0.070409 -0.012029 -0.089342 1.000000 0.419082 0.316782 0.412608 0.179126 -0.061482 -0.208009 -0.508324 0.636435 0.290784 0.178508 -0.105488 0.520796 0.459839 0.036520 0.036131 -0.137333 -0.251857 0.151218 -0.085704 -0.291820 -0.082498 -0.317076 -0.268918 -0.154469 -0.166932 -0.122291 0.154334 -0.017787 -0.186853 -0.297766 -0.439921 -0.180287 -0.318595 0.197517 0.140179 -0.165349 -0.238357 -0.447777 -0.528326 -0.262875 -0.464499 -0.002467 0.455415 0.542634 -0.066918 0.211698 -0.043347 -0.101891 -0.178842 0.537249 -0.034220 0.631696 0.718204 0.326331 0.514935 0.390574 0.596484 -0.256383 0.017834 -0.122662 -0.099056 -0.282994 -0.314778 -0.278031 -0.307139 0.374560 -0.410891 -0.057823 -0.300725 0.139295 -0.142671 -0.138737 -0.051196 -0.426548 -0.407535 -0.551021 -0.327571 -0.258878 -0.519229 0.212341 0.131728 -0.062168 -0.450607 -0.544951 -0.308501 -0.371238 -0.373198
-0.219576 0.313731 -0.233812 0.335117 -0.136665 -0.135609 0.016734 0.319990 -0.186389 0.197851 -0.485056 0.231917 -0.053146 0.316983 -0.029927 0.122305 0.149908 0.171579 0.158634 -0.180473 -0.057913 0.035381 -0.562497 -0.334990 -0.440186 -0.385367 -0.406347 -0.550260 0.419082 1.000000 -0.079981 0.114046 0.416661 -0.099913 0.186345 -0.150987 0.389957 0.426267 -0.065109 0.101850 0.286746 0.382978 0.074165 0.106451 0.300774 0.310519 0.171619 0.188776 0.129008 0.263700 -0.259744 0.045594 -0.044859 -0.211167 -0.337945 0.199911 -0.180672 -0.448111 -0.279902 -0.092124 -0.423968 -0.452468 0.187997 -0.093894 -0.244151 0.261522 -0.184147 -0.149660 -0.369404 -0.466226 -0.277112 -0.203296 0.767901 0.350260 0.388407 0.239550 0.447214 0.054203 -0.052406 0.169479 0.216523 0.364057 0.231848 0.437306 0.032046 0.258285 -0.046356 0.122310 -0.348646 -0.206835 0.114326 -0.068896 0.043390 -0.294744 0.141602 -0.048169 0.171094 0.113545 0.288246 -0.018061 -0.012979 0.026542 -0.043475 0.050502 0.113569 -0.127106 0.080166 -0.224898 0.104875 0.022163 0.185002 -0.104381 -0.127219 0.154248 0.074840 -0.147731
0.135836 -0.275258 0.136898 -0.031042 0.014646 0.251159 0.014213 -0.047158 -0.226531 -0.139359 0.209572 0.128441 0.287608 0.051612 0.327827 0.401337 0.139576 0.141689 0.130782 -0.011650 0.341647 0.246251 0.541455 0.586640 0.418418 0.574483 0.343718 0.490472 0.316782 -0.079981 1.000000 0.801206 -0.041401 0.234096 -0.368384 0.011358 0.163218 0.091990 0.110313 -0.001531 0.161625 0.127145 -0.182796 0.058618 -0.441480 -0.333029 -0.040568 -0.182327 -0.415463 -0.430260 -0.231212 -0.307720 -0.347403 -0.218762 0.058175 -0.050568 -0.017205 0.099958 -0.177211 -0.453257 0.052285 -0.016158 -0.172774 -0.008372 0.090575 -0.228188 -0.384355 -0.234832 -0.108035 -0.068729 -0.081655 0.339331 0.061792 0.004465 0.105323 -0.046756 -0.306448 -0.212131 0.347131 0.102882 0.096734 0.057660 -0.003642 0.043039 0.085775 0.165838 0.001636 0.122846 0.353942 0.087667 -0.408573 -0.330394 -0.350854 -0.167219 0.085854 0.001153 0.046431 -0.127039 -0.207685 -0.199846 -0.185304 -0.425401 -0.332466 -0.468209 -0.385231 -0.214165 -0.187068 -0.268043 0.093226 -0.065784 -0.107892 -0.169474 -0.220320 -0.210686 -0.310793 -0.137345
-0.033688 -0.265126 0.023151 0.051638 -0.222472 0.056863 -0.189040 -0.005367 -0.348474 -0.207970 0.032733 0.019565 0.149611 0.062891 0.290678 0.372163 0.040918 0.106731 0.033007 -0.067109 0.243922 0.382616 0.439846 0.616030 0.277157 0.595793 0.191109 0.455391 0.412608 0.114046 0.801206 1.000000 0.036417 0.230044 -0.219746 0.022506 0.259373 0.213690 0.242549 0.150529 0.385991 0.309932 -0.190804 0.031258 -0.423156 -0.314654 -0.002348 -0.146836 -0.471263 -0.352414 -0.304830 -0.330007 -0.348471 -0.253301 -0.048950 0.111400 0.014536 0.022896 -0.338558 -0.400467 -0.151325 -0.157412 -0.200897 -0.025870 -0.138508 -0.254357 -0.381747 -0.306900 -0.023445 -0.197100 -0.118325 0.411064 0.159396 0.055071 0.177673 -0.038821 -0.256297 -0.143473 0.390010 -0.001608 0.212156 0.267469 0.168433 0.219147 0.069865 0.231870 0.138457 0.299324 0.159929 0.047820 -0.436044 -0.426354 -0.393190 -0.394588 0.227162 -0.117493 0.093476 -0.098980 -0.145536 -0.301156 -0.315857 -0.482426 -0.390858 -0.395874 -0.388054 -0.162932 -0.104341 -0.382842 0.122626 -0.026108 0.052467 -0.335644 -0.360952 -0.225706 -0.292411 -0.159831
0.109235 0.264641 0.180890 0.059769 -0.475856 -0.399860 -0.085784 -0.059376 -0.094599 -0.247696 -0.423263 -0.049003 0.009769 0.130941 -0.214522 -0.217489 -0.012141 0.364015 0.339410 0.404582 -0.222341 -0.111134 -0.230471 -0.320035 -0.300281 -0.201015 -0.430484 -0.330605 0.179126 0.416661 -0.041401 0.036417 1.000000 0.455248 0.004979 -0.271755 0.247470 0.093221 -0.248585 -0.033219 0.058871 -0.010298 -0.253790 -0.106172 -0.078187 -0.070587 -0.047867 -0.200443 -0.197352 -0.076714 -0.251207 -0.404604 -0.329462 -0.477507 -0.012932 0.020304 0.180211 0.288851 -0.100859 0.210433 -0.024949 -0.121668 -0.000617 0.350766 -0.141800 -0.122800 0.307956 0.181549 0.229445 0.050769 -0.186843 -0.138564 0.491671 0.076194 0.138331 0.005320 0.186385 0.029264 0.132079 0.514193 0.083226 0.307437 -0.196631 -0.119136 -0.238121 0.007721 0.042031 0.062921 -0.139863 0.041822 -0.316908 -0.490996 -0.396148 -0.384950 -0.083748 -0.041029 0.142595 0.040812 0.214513 0.013598 -0.035633 0.037407 0.179125 0.215295 0.138103 -0.094847 -0.058153 -0.058077 -0.100339 -0.028527 -0.082139 0.000290 0.082538 -0.088667 -0.196122 0.094873
0.342050 0.080188 0.043264 0.110831 -0.120952 -0.028028 0.002846 0.210338 0.004471 -0.033187 0.064731 0.143599 0.229021 0.349190 -0.014852 0.113480 -0.032247 0.280585 0.066238 0.482132 0.017693 -0.148823 0.132224 0.270488 -0.088664 0.001756 -0.133380 0.010972 -0.061482 -0.099913 0.234096 0.230044 0.455248 1.000000 -0.165328 0.244361 0.011381 -0.238425 -0.176768 -0.219017 -0.072459 -0.128541 -0.546874 -0.476392 -0.571873 -0.399320 -0.542110 -0.592956 -0.525627 -0.624165 -0.415262 -0.613975 -0.490366 -0.562327 -0.057756 -0.408848 0.263594 0.385161 -0.059627 -0.089597 0.445432 0.388068 -0.020202 0.432132 0.358169 0.151482 -0.004713 0.169371 0.310361 0.314668 0.062879 0.066655 -0.054777 0.005103 -0.020087 0.083620 0.032594 0.098162 0.202193 0.344068 -0.043794 0.030088 -0.284353 -0.274120 -0.177485 -0.105028 0.021933 -0.052262 0.261740 0.295520 -0.417483 -0.588965 -0.104088 -0.044711 -0.221626 -0.017984 -0.373547 -0.222283 -0.341031 -0.277739 0.121821 -0.054336 0.056687 -0.245145 -0.241342 -0.246607 -0.289077 -0.037213 -0.250394 -0.163825 -0.467417 -0.157725 0.018834 -0.378570 -0.386997 0.106770
-0.207086 0.102907 -0.003731 0.056447 0.224047 0.085321 -0.108874 0.341438 0.178675 0.267288 -0.245122 -0.203178 -0.430285 -0.229516 -0.250874 -0.226740 -0.112764 -0.357390 -0.250652 -0.402573 0.091273 0.092434 -0.365882 -0.377904 -0.048112 -0.143807 -0.058280 -0.165777 -0.208009 0.186345 -0.368384 -0.219746 0.004979 -0.165328 1.000000 0.438201 -0.243118 0.119715 0.007545 0.363311 -0.139102 -0.137234 0.093903 0.013814 0.306229 0.430680 0.019259 0.034316 0.183568 0.226716 -0.025297 0.218347 -0.069824 0.019262 -0.345675 0.159863 0.119369 -0.145938 -0.004431 0.146088 -0.253253 -0.131201 0.055953 -0.391640 -0.031604 0.319544 0.317507 0.276890 0.015942 -0.144482 -0.182196 -0.310494 -0.025834 -0.090456 -0.206735 -0.141065 0.099972 0.226225 -0.298459 -0.129281 -0.101067 -0.136767 0.081497 0.039119 0.231136 -0.101386 -0.019131 -0.034933 -0.222205 -0.267546 0.181916 0.220762 0.324500 0.144441 0.005094 0.051475 0.198512 0.291085 -0.097617 0.006045 -0.061934 0.101442 -0.057333 0.481004 0.545605 0.501527 0.316310 0.115703 0.009525 -0.003448 0.294233 0.104348 0.123045 0.475525 0.484025 0.061334
-0.002043 0.063078 -0.136711 0.125699 0.415410 0.277964 -0.007228 0.441169 0.190733 0.341291 0.131004 0.020161 -0.259835 -0.051306 -0.052935 0.093177 -0.272914 -0.454347 -0.287917 -0.383311 0.247457 -0.195044 0.011121 0.116943 0.006824 0.052769 0.088230 0.165964 -0.508324 -0.150987 0.011358 0.022506 -0.271755 0.244361 0.438201 1.000000 -0.446334 -0.042178 -0.003377 0.185626 -0.175043 -0.216330 -0.110609 -0.064083 0.014932 0.313765 -0.208255 0.005145 0.073637 -0.064702 -0.213458 0.144806 -0.125694 0.036007 -0.138628 -0.047349 0.030545 -0.033308 0.145463 0.069766 0.003929 0.203086 -0.210808 -0.350704 0.243920 0.461053 0.076241 0.261269 0.091238 0.077691 -0.164430 -0.329236 -0.322812 0.141570 -0.078165 0.144693 0.080901 0.271163 -0.395897 -0.007469 -0.424062 -0.546529 -0.056929 -0.201838 0.013336 -0.336499 0.223708 0.005735 0.216368 0.008935 0.072446 0.148903 0.332970 0.202169 -0.246759 0.343013 -0.010875 0.268858 -0.334938 -0.105465 -0.106705 -0.223286 -0.047358 0.066102 0.309766 0.283741 0.269885 0.170241 -0.124246 0.028200 0.149049 0.207155 0.267347 0.265636 0.271067 0.118427
