1.000000 0.824810 -0.156873 -0.477898 -0.160203 -0.300394 -0.035401 -0.097718 -0.025696 -0.044403 0.741064 0.511971 0.687504 0.588277 0.376642 0.499908 0.282883 0.414682 0.359718 0.290233 -0.525178 -0.615587 -0.386604 -0.261938 -0.587344 -0.604755 -0.292738 -0.345905 0.391042 0.320800 -0.502470 -0.358855 0.192341 -0.047765 -0.352909 -0.482080 0.256127 0.027266 -0.294884 -0.254575 0.306615 0.001605 -0.230125 -0.284415 -0.365398 -0.629906 -0.190200 -0.243035 0.190009 -0.174634 -0.008222 -0.068879 0.256062 -0.019168 0.247032 -0.162715 0.330310 0.226737 0.469901 0.141718 0.596992 0.581433 0.430901 0.374464 -0.445901 0.077557 -0.107905 -0.654927 0.094123 0.080625 -0.015764 -0.315873 0.302666 0.166429 0.369804 0.293641 0.338210 0.070091 -0.169712 -0.018824 0.192407 -0.048415 0.205551 0.156130 0.121495 -0.299260 -0.079374 -0.278541 -0.101152 0.064561 0.225613 0.080370 -0.136713 0.016158 -0.065648 -0.035756 -0.287612 -0.103369 0.133424 0.091968 0.038849 0.316513 0.056271 0.068938 0.094622 0.045146 0.158381 0.025747 0.107230 0.016036 -0.255094 0.114788 0.158942 0.161516 0.033123 0.038612
0.824810 1.000000 -0.213191 -0.282224 -0.156495 -0.413997 -0.076331 -0.112406 -0.003984 -0.043437 0.485077 0.512697 0.428882 0.510057 0.184894 0.367925 0.383337 0.515708 0.317608 0.476383 -0.651308 -0.558953 -0.419412 -0.399372 -0.640528 -0.680681 -0.401805 -0.413075 0.319348 0.321860 -0.518421 -0.450397 0.287934 -0.013462 -0.282555 -0.548835 0.242002 0.052704 -0.313479 -0.190944 0.278340 0.000092 -0.273358 -0.347514 -0.393041 -0.656672 -0.215852 -0.294045 0.033265 -0.194522 -0.163814 -0.082961 0.231481 -0.011405 0.109140 -0.132601 0.408530 0.472781 0.254322 0.188502 0.436469 0.583076 0.392451 0.505837 -0.404582 -0.069805 -0.149235 -0.618577 0.275541 0.296916 -0.042655 -0.296077 0.233020 0.146979 0.300862 0.163865 0.382646 0.164847 -0.159914 0.102815 0.188486 0.027029 0.111353 0.193368 0.069018 -0.201972 -0.151708 -0.223037 -0.124047 0.068124 0.192113 0.084141 -0.102824 0.076765 0.031392 0.070670 -0.241526 0.041385 0.242152 0.190201 0.019678 0.215259 0.164530 0.126232 0.171253 0.174062 0.215825 0.160768 0.232625 0.061220 -0.290077 0.246781 0.265550 0.108560 0.001991 0.188107
-0.156873 -0.213191 1.000000 0.212577 0.405854 0.110111 0.532771 0.159212 0.314511 0.012658 0.028820 -0.295605 -0.013684 -0.313293 0.001765 -0.346781 -0.158918 -0.473605 0.010783 -0.155446 -0.125276 0.032179 0.134622 -0.122315 0.331536 0.199433 0.233810 0.121796 -0.417244 -0.458114 0.017208 -0.186473 -0.180507 -0.297256 0.187545 -0.042048 -0.393869 -0.201563 -0.015058 -0.044681 -0.323830 -0.162072 0.263856 0.231569 0.025314 0.121545 0.120656 0.231054 0.049024 -0.065886 0.169605 -0.088690 -0.051545 0.026161 -0.014627 0.007484 0.209258 -0.093186 -0.081191 -0.440146 -0.083704 -0.464899 -0.402242 -0.515592 0.365664 -0.068081 0.152389 0.348718 0.148071 0.000676 0.009054 0.003983 -0.367418 0.125668 -0.163378 -0.012869 -0.112466 -0.087283 0.091866 -0.157043 -0.349766 -0.287139 -0.210616 -0.530641 0.151285 0.120425 0.129880 0.046219 0.151135 -0.292775 0.046164 0.198162 0.256701 0.212729 0.172870 0.182482 0.234397 0.325164 -0.129722 0.088585 0.026830 0.107352 -0.072417 0.009230 0.030065 0.181030 -0.078163 -0.046912 0.096282 0.221359 0.437971 0.185447 0.028347 0.157147 0.153634 0.053911
-0.477898 -0.282224 0.212577 1.000000 0.134091 0.182122 0.055494 0.358001 0.020866 0.267958 -0.374257 0.068255 -0.333928 -0.187286 0.030758 -0.201614 -0.207447 -0.445550 -0.065025 -0.011301 0.225596 0.414528 0.434392 0.476244 0.359676 0.486190 0.322868 0.498470 -0.272921 -0.291675 0.571860 0.383476 -0.078160 0.102104 0.342974 0.179876 -0.231255 0.083449 0.162957 0.367964 -0.100409 -0.044487 -0.176985 -0.128493 -0.276880 -0.038584 -0.244648 -0.100011 -0.533936 -0.407176 -0.164904 -0.417428 -0.315170 -0.229045 -0.130092 -0.177538 -0.171789 -0.087870 -0.377210 -0.480372 -0.230077 -0.420976 -0.401209 -0.408251 0.618514 0.216053 -0.190620 0.312720 0.134734 0.113204 -0.212560 0.091085 -0.410887 -0.203281 -0.287900 0.023826 0.011853 0.236518 -0.023626 0.078175 -0.314040 -0.043175 -0.048687 -0.122319 -0.043801 0.302401 0.224640 0.455094 0.235708 0.098957 -0.355788 -0.344489 0.275745 -0.318745 0.388705 0.336663 0.125627 0.268010 -0.445558 -0.318287 -0.185796 -0.512622 -0.274969 -0.276286 -0.126476 -0.049575 -0.084978 -0.019145 0.194880 0.228819 0.198385 -0.062771 -0.243881 0.147964 0.233875 0.217816
-0.160203 -0.156495 0.405854 0.134091 1.000000 0.345057 0.190094 0.123383 0.734204 0.426030 -0.049762 -0.162786 -0.038469 -0.081579 0.175605 -0.086085 -0.063097 -0.167529 -0.326038 -0.171937 -0.029448 -0.054414 0.236329 0.132825 0.331798 0.115201 0.237556 0.064105 -0.199031 -0.260895 -0.002232 0.040957 -0.188697 -0.181221 0.004442 0.071035 -0.198941 -0.306465 -0.225969 -0.251598 -0.000615 -0.152591 -0.111149 -0.166257 -0.099693 -0.018372 -0.186396 -0.194931 -0.034692 -0.138388 0.159758 -0.020551 0.158564 0.113715 -0.167954 -0.282620 0.056146 -0.167789 -0.101613 -0.109101 0.137660 -0.166367 -0.007506 -0.157442 0.332205 -0.062057 0.128640 0.265141 0.051099 -0.007291 0.292167 0.158598 -0.099127 0.276542 0.128373 0.156942 -0.074629 -0.097425 0.113281 -0.193449 -0.053725 -0.126728 -0.168899 -0.295143 0.062521 0.040340 -0.099635 -0.311914 0.135194 0.080828 0.004198 0.172368 0.146313 0.341702 -0.200964 0.035946 -0.254223 -0.112624 -0.211314 -0.166953 0.027769 0.111859 0.016505 0.002405 0.022679 0.055233 -0.126438 -0.141676 -0.130065 0.013864 0.001675 -0.128687 -0.097237 -0.067295 -0.104986 -0.155579
-0.300394 -0.413997 0.110111 0.182122 0.345057 1.000000 -0.082136 -0.005580 0.151783 0.316501 -0.144172 -0.129045 -0.153819 -0.128074 0.031143 -0.100139 -0.131807 -0.225371 -0.349431 -0.248596 0.303205 0.318966 0.309620 0.360625 0.497447 0.547655 0.736503 0.621654 -0.191345 -0.368677 0.089899 0.229527 -0.375160 -0.156718 -0.029818 0.242086 -0.041313 -0.166093 0.198440 0.217976 -0.049983 -0.155874 0.059278 0.074630 0.039268 0.217202 0.020471 0.007320 -0.179877 -0.041137 0.215605 -0.027666 0.031140 0.061298 0.113314 0.036360 -0.175571 -0.246014 -0.013944 -0.234415 -0.084006 -0.292061 -0.367906 -0.366369 0.212526 0.330344 -0.188073 0.176546 -0.237342 -0.211682 0.125529 0.238040 -0.215978 -0.109991 -0.058729 0.016476 -0.080810 -0.009274 0.241222 -0.132572 -0.016731 0.134890 -0.133587 -0.196392 -0.010490 0.062623 0.065524 0.134165 -0.020144 0.152178 -0.101558 -0.136346 -0.003875 -0.066110 -0.106227 -0.145478 -0.120195 -0.248735 -0.274851 -0.286092 -0.205652 -0.232565 -0.337569 -0.333912 -0.328540 -0.377643 -0.200666 -0.235349 -0.103873 0.010020 -0.001410 -0.308450 -0.204758 -0.264987 0.139724 -0.240426
-0.035401 -0.076331 0.532771 0.055494 0.190094 -0.082136 1.000000 0.554098 0.406409 0.032436 0.017736 -0.054843 0.276160 0.029246 0.109823 -0.076813 0.068626 -0.052357 0.040494 -0.027079 -0.075471 -0.187197 -0.170056 -0.209383 -0.166238 -0.202254 -0.173557 -0.283920 -0.025235 0.158769 0.055144 -0.011533 0.196158 0.184663 0.239108 0.010404 -0.048798 -0.023264 -0.122061 -0.055512 0.063262 0.061463 -0.108486 -0.108271 -0.222777 -0.088955 -0.220156 -0.070763 -0.249493 -0.272432 -0.268459 -0.387763 -0.196621 -0.185959 -0.270357 -0.333928 0.110683 0.098010 -0.190034 -0.410680 0.292906 0.053468 0.073450 0.044773 0.335323 -0.000665 -0.019081 0.001958 0.156077 -0.001244 -0.010783 -0.119854 0.159389 0.348499 0.158740 0.289943 0.332950 0.217123 -0.067313 0.168546 -0.010245 -0.101576 -0.093774 -0.144052 0.144722 -0.111399 0.027622 -0.145199 0.131596 -0.316896 -0.133838 -0.103300 0.140788 -0.052896 0.131219 0.286220 -0.181303 0.130063 -0.287248 -0.074156 0.157523 0.124194 0.034384 0.078241 0.151467 0.214579 -0.085571 0.005410 0.018798 0.168135 0.148565 0.173051 0.102909 0.285952 0.257761 0.056248
-0.097718 -0.112406 0.159212 0.358001 0.123383 -0.005580 0.554098 1.000000 0.279432 0.388912 -0.028308 0.058274 0.235856 0.231572 0.226042 0.165410 -0.118217 -0.115983 -0.162763 -0.025317 0.042750 0.027318 0.002271 0.241220 -0.105769 0.033364 -0.179188 -0.138186 0.042980 0.234298 0.488014 0.443425 0.177383 0.414100 0.181753 0.115588 -0.075613 -0.083614 -0.126034 0.076239 0.054683 0.007799 -0.372284 -0.341051 -0.390287 -0.172864 -0.427457 -0.338922 -0.413777 -0.495815 -0.338306 -0.484817 -0.271222 -0.440014 -0.318612 -0.476451 -0.253283 -0.164429 -0.232737 -0.307371 0.290148 0.230215 0.155600 0.100319 0.333780 0.301492 -0.164219 -0.047490 -0.031780 0.008350 -0.170108 -0.063773 0.080108 0.054112 -0.118046 0.175464 0.158030 0.177947 -0.141979 0.062269 -0.038850 -0.105562 0.076973 0.004760 -0.023719 -0.188761 0.034580 -0.095446 0.189071 -0.162038 -0.362102 -0.450179 0.097055 -0.308013 0.185811 0.330424 -0.227423 -0.017693 -0.541228 -0.459002 0.060847 -0.135281 -0.087073 -0.084169 0.065591 0.144588 0.030976 0.125198 0.115845 0.069415 -0.049840 -0.145972 -0.147309 0.147375 0.123538 0.087163
-0.025696 -0.003984 0.314511 0.020866 0.734204 0.151783 0.406409 0.279432 1.000000 0.540137 -0.001378 -0.098157 0.185745 0.045053 0.405035 0.049435 -0.249993 -0.214996 -0.316031 -0.112309 -0.073471 -0.233525 0.202845 -0.016393 0.091874 -0.090698 -0.021298 -0.172369 -0.324807 -0.160759 -0.073062 -0.079834 -0.049429 -0.113816 0.194124 0.199620 -0.320608 -0.200358 -0.216474 -0.197725 -0.071054 -0.115064 -0.166462 -0.182267 -0.139125 -0.063377 -0.224690 -0.125422 -0.055383 -0.141395 -0.014901 -0.076185 0.043257 0.066899 -0.248583 -0.279148 -0.094700 -0.200451 0.138117 -0.110811 0.359447 0.149378 -0.026475 -0.088517 0.348954 0.098710 0.012409 0.111426 0.032386 0.046574 0.097356 -0.024130 -0.155660 0.313353 0.118514 0.308263 0.232793 0.179909 -0.299512 -0.213178 -0.219108 -0.425264 -0.032047 -0.342943 -0.044535 -0.316326 0.068667 -0.196363 0.269933 -0.040715 0.071906 0.267419 0.312298 0.364675 -0.116642 0.248800 -0.209998 -0.044096 -0.169054 -0.087870 0.236363 0.206183 0.206796 0.234241 0.258507 0.221029 -0.177669 -0.064714 -0.087506 0.144764 0.087145 0.020892 -0.172355 0.069761 -0.014310 -0.072749
-0.044403 -0.043437 0.012658 0.267958 0.426030 0.316501 0.032436 0.388912 0.540137 1.000000 0.080834 0.112677 0.089250 0.221347 0.500529 0.324727 -0.288603 -0.249807 -0.342277 -0.157367 -0.061354 -0.012244 0.347044 0.323223 0.061185 0.149989 0.081162 0.130046 -0.122505 -0.177547 0.079600 0.067750 -0.201981 -0.228893 0.035120 0.003614 -0.266539 -0.229403 -0.257201 -0.028676 -0.118683 -0.240443 -0.300455 -0.298846 -0.342983 -0.205105 -0.339427 -0.284344 -0.163830 -0.292293 -0.008315 -0.151249 -0.057542 -0.105588 -0.183046 -0.391950 -0.315105 -0.317138 0.263366 -0.062941 0.315126 0.220700 -0.069117 -0.115749 0.381462 0.499701 -0.073077 0.009750 -0.192830 -0.034213 -0.068729 -0.080814 -0.267101 -0.136638 -0.134755 0.167970 0.031720 -0.022348 -0.191455 -0.302429 -0.117816 -0.261505 0.102918 -0.176694 -0.040625 -0.214412 0.097025 -0.075749 0.353220 0.168001 -0.075503 0.047757 0.395746 0.143965 -0.043772 0.112097 -0.272137 -0.175162 -0.339448 -0.325925 0.149007 0.037888 0.066125 -0.006007 -0.016198 0.005471 -0.016401 -0.078426 0.079373 0.039141 -0.105040 -0.207603 -0.365195 -0.031741 -0.064756 0.026174
0.741064 0.485077 0.028820 -0.374257 -0.049762 -0.144172 0.017736 -0.028308 -0.001378 0.080834 1.000000 0.575839 0.720954 0.644399 0.512690 0.604277 0.137624 0.168771 0.195749 0.116775 -0.367461 -0.480809 -0.119204 -0.024898 -0.317398 -0.355272 -0.078873 -0.172983 0.337499 0.060515 -0.341392 -0.221038 -0.248313 -0.208602 -0.571503 -0.456283 0.010710 -0.140014 -0.366180 -0.383382 0.173256 -0.133686 -0.154916 -0.199628 -0.348634 -0.510183 -0.219388 -0.272428 0.169404 -0.170757 0.151374 -0.033758 0.236004 0.042561 0.295227 -0.283472 0.172569 -0.089257 0.523699 0.115305 0.518337 0.383205 0.384436 0.146721 -0.268360 0.212418 -0.110349 -0.487040 -0.184886 -0.028690 0.184581 0.012296 0.072419 0.121921 0.204065 0.234252 0.007481 -0.217578 0.028863 -0.279868 0.183519 -0.163108 0.261078 0.076217 0.269907 -0.088800 0.018871 -0.320921 -0.004227 0.183559 0.237915 0.099440 -0.010040 0.123847 -0.228508 -0.146033 -0.446175 -0.305539 -0.142453 -0.216472 0.057651 0.343195 0.088037 -0.044317 -0.107568 -0.078116 0.230090 -0.060166 0.063590 -0.141865 -0.313308 -0.143976 -0.036713 0.047527 -0.139944 -0.117519
0.511971 0.512697 -0.295605 0.068255 -0.162786 -0.129045 -0.054843 0.058274 -0.098157 0.112677 0.575839 1.000000 0.488311 0.794953 0.353920 0.582145 0.281537 0.408775 0.196170 0.378187 -0.270127 -0.282268 -0.024384 0.135139 -0.457957 -0.362233 -0.164400 -0.079347 0.541488 0.369530 -0.059506 0.110833 -0.044294 0.152169 -0.418465 -0.412703 0.205993 0.099994 -0.335817 -0.145506 0.415121 -0.033313 -0.353374 -0.370291 -0.472230 -0.557770 -0.372629 -0.421046 -0.286589 -0.372780 -0.205056 -0.309789 -0.002609 -0.111792 0.158733 -0.378218 -0.066511 0.059818 0.118540 -0.074671 0.483843 0.408085 0.412368 0.301934 -0.095476 0.196976 -0.470433 -0.474840 -0.236267 0.034750 0.025564 0.055683 0.250197 0.036836 0.304754 0.373382 0.365502 0.138852 -0.048103 0.089224 0.162326 0.089922 0.137321 0.327387 -0.026405 0.046353 -0.078588 -0.131932 -0.181930 0.234057 -0.061225 -0.281329 -0.037824 -0.237670 -0.088883 0.021213 -0.512244 -0.343758 -0.275232 -0.297023 -0.036672 -0.119833 -0.139854 -0.301057 -0.290608 -0.172641 0.080877 -0.164319 0.038325 -0.031212 -0.485578 -0.164060 -0.069140 0.049924 0.069225 0.068987
0.687504 0.428882 -0.013684 -0.333928 -0.038469 -0.153819 0.276160 0.235856 0.185745 0.089250 0.720954 0.488311 1.000000 0.730048 0.688001 0.674266 0.111692 0.175194 0.064941 -0.025157 -0.282882 -0.495413 -0.101566 0.027077 -0.400606 -0.396244 -0.181556 -0.259731 0.391610 0.327470 -0.198596 -0.018900 0.040403 0.070652 -0.243418 -0.185222 0.178822 0.059060 -0.220487 -0.161180 0.245343 0.137147 -0.322832 -0.364760 -0.404566 -0.555340 -0.316865 -0.347703 0.039669 -0.299857 -0.039726 -0.240534 0.125471 -0.106365 0.282752 -0.284134 0.026130 -0.121961 0.431258 -0.070941 0.779560 0.590812 0.456325 0.188631 -0.164474 0.280617 -0.232450 -0.572464 -0.202114 -0.191430 -0.064683 -0.201023 0.256246 0.205907 0.316892 0.382115 0.289456 0.084906 -0.171266 -0.116079 0.134143 -0.164996 0.408208 0.166757 0.127897 -0.329382 0.163515 -0.186307 0.177401 0.182310 0.143472 0.004881 0.054101 -0.023074 -0.198842 0.054179 -0.450635 -0.301498 -0.210070 -0.261264 0.185630 0.269751 -0.057375 -0.118212 -0.086074 -0.094215 0.096200 -0.086658 0.003900 -0.052385 -0.242819 -0.141075 -0.108446 0.140925 0.026563 -0.144485
0.588277 0.510057 -0.313293 -0.187286 -0.081579 -0.128074 0.029246 0.231572 0.045053 0.221347 0.644399 0.794953 0.730048 1.000000 0.544985 0.801457 0.156014 0.367290 0.025198 0.140453 -0.286638 -0.390514 -0.111884 0.117560 -0.484293 -0.418633 -0.284329 -0.231831 0.573410 0.364516 -0.136990 0.085441 -0.079065 0.106449 -0.512761 -0.374924 0.200411 -0.084366 -0.398573 -0.270803 0.293829 0.007508 -0.381956 -0.420068 -0.438988 -0.531452 -0.374675 -0.475849 -0.125929 -0.344677 -0.120439 -0.217103 0.115189 -0.139576 0.223645 -0.398307 -0.138096 -0.126926 0.211098 0.045924 0.677234 0.663268 0.555806 0.350665 -0.194536 0.314873 -0.388446 -0.544341 -0.299430 -0.059741 0.110281 0.024480 0.305898 0.107091 0.296458 0.316515 0.212545 -0.038576 -0.019215 -0.098017 0.261470 0.014435 0.273650 0.326243 0.032609 -0.096505 -0.061309 -0.309410 -0.053380 0.324439 0.061847 -0.141106 -0.084076 -0.026148 -0.311363 -0.143780 -0.621103 -0.537759 -0.290706 -0.427731 0.056572 0.176040 -0.047560 -0.232220 -0.280670 -0.245255 0.181997 -0.140529 -0.028082 -0.271841 -0.538744 -0.339137 -0.190619 -0.150366 -0.166232 -0.142357
0.376642 0.184894 0.001765 0.030758 0.175605 0.031143 0.109823 0.226042 0.405035 0.500529 0.512690 0.353920 0.688001 0.544985 1.000000 0.734485 -0.283564 -0.226792 -0.158432 -0.143306 -0.130735 -0.263186 0.411688 0.321162 -0.072038 -0.062934 0.068898 0.036674 0.178190 -0.051517 0.029740 0.084525 -0.183251 -0.138340 -0.115796 -0.026290 -0.096822 -0.107353 -0.135688 -0.041342 -0.018697 0.043260 -0.358517 -0.389470 -0.456110 -0.504594 -0.352564 -0.344101 -0.072189 -0.332855 0.044727 -0.220048 0.103210 -0.091651 0.139894 -0.314898 -0.238981 -0.438339 0.451217 -0.117953 0.575820 0.409715 0.162991 -0.129036 0.198875 0.478421 -0.303959 -0.394214 -0.233979 -0.107195 -0.092410 -0.135295 -0.155439 -0.029210 0.029490 0.323092 0.096160 0.019338 -0.242794 -0.332071 0.013455 -0.359340 0.665326 0.126509 0.157203 -0.284610 0.434739 0.083836 0.532080 0.335955 0.171280 0.170216 0.365058 0.171557 -0.202293 0.052588 -0.401390 -0.300254 -0.323759 -0.427007 0.101386 0.173552 0.063911 -0.098878 -0.098202 -0.150466 0.077918 -0.072571 0.021955 -0.085043 -0.209289 -0.307271 -0.471035 0.075965 -0.048478 -0.102726
0.499908 0.367925 -0.346781 -0.201614 -0.086085 -0.100139 -0.076813 0.165410 0.049435 0.324727 0.604277 0.582145 0.674266 0.801457 0.734485 1.000000 -0.061579 0.132230 0.044022 0.019337 -0.157150 -0.278431 0.069004 0.209306 -0.285749 -0.216397 -0.108590 -0.121331 0.566477 0.260151 -0.107741 0.090553 -0.130878 -0.017655 -0.393592 -0.207593 0.168112 -0.123468 -0.231117 -0.200879 0.113649 0.152614 -0.419826 -0.455706 -0.429635 -0.539969 -0.377419 -0.484404 -0.019830 -0.255179 0.011636 -0.129289 0.232454 -0.078224 0.190511 -0.360262 -0.250278 -0.317174 0.375876 0.162505 0.499400 0.641050 0.414394 0.235523 -0.242608 0.403101 -0.307601 -0.546567 -0.339568 -0.128594 0.041683 -0.111765 0.193766 -0.013058 0.168366 0.281009 -0.049728 -0.199194 -0.044978 -0.317357 0.317843 -0.083851 0.601275 0.496084 0.106929 -0.085469 0.133097 -0.154336 0.180235 0.426050 0.210190 0.062477 0.085445 0.112927 -0.370423 -0.235222 -0.584707 -0.538753 -0.265093 -0.432273 0.043310 0.258384 0.068916 -0.210736 -0.305585 -0.324316 0.240139 -0.046507 -0.061534 -0.412927 -0.486927 -0.415794 -0.342720 -0.183620 -0.221471 -0.232330
0.282883 0.383337 -0.158918 -0.207447 -0.063097 -0.131807 0.068626 -0.118217 -0.249993 -0.288603 0.137624 0.281537 0.111692 0.156014 -0.283564 -0.061579 1.000000 0.768482 0.191661 0.237976 -0.361089 -0.281958 -0.327051 -0.214050 -0.416729 -0.427381 -0.193853 -0.201273 0.503519 0.548806 -0.176660 -0.033229 0.332905 0.286243 -0.212257 -0.276736 0.616389 0.325988 -0.109778 0.041178 0.358684 0.184897 -0.216074 -0.288381 -0.245687 -0.340558 -0.217939 -0.347507 -0.313554 -0.272707 -0.354420 -0.347405 -0.149289 -0.285697 -0.107108 -0.213077 0.603736 0.793255 -0.296536 -0.102066 0.104010 0.132688 0.451103 0.566652 -0.203048 -0.303231 -0.077280 -0.309078 0.222200 -0.074984 0.060447 -0.053904 0.587708 0.192495 0.388898 0.081550 0.279515 0.101981 0.455145 0.593371 0.613599 0.738979 -0.172156 0.309762 0.337367 0.233461 -0.276978 -0.205163 -0.271342 -0.043217 -0.401377 -0.333413 -0.390578 -0.254110 -0.135937 -0.020798 -0.333627 0.039212 0.060197 0.143667 -0.234614 -0.062200 -0.248714 -0.206803 -0.121340 -0.011505 -0.041837 -0.086215 -0.039046 -0.024439 -0.328600 0.086756 0.274873 -0.008294 0.107161 0.000541
0.414682 0.515708 -0.473605 -0.445550 -0.167529 -0.225371 -0.052357 -0.115983 -0.214996 -0.249807 0.168771 0.408775 0.175194 0.367290 -0.226792 0.132230 0.768482 1.000000 0.167183 0.390005 -0.338336 -0.355039 -0.429022 -0.317286 -0.656161 -0.662509 -0.440797 -0.471398 0.669697 0.733813 -0.294216 -0.065099 0.324805 0.345302 -0.390365 -0.367335 0.603139 0.163057 -0.255639 -0.176966 0.486744 0.103869 -0.270909 -0.335316 -0.154610 -0.333523 -0.196274 -0.388045 -0.139622 -0.067874 -0.354188 -0.099290 0.031308 -0.174740 -0.135699 -0.180583 0.287902 0.578637 -0.157018 0.243033 0.302070 0.471373 0.687668 0.814779 -0.398043 -0.370702 -0.177042 -0.499225 -0.017521 0.011064 0.174135 -0.024058 0.743540 0.223148 0.461742 0.093589 0.306950 0.047976 0.227810 0.488465 0.604536 0.604526 -0.131650 0.452349 0.032011 -0.044182 -0.474906 -0.444258 -0.444181 -0.044106 -0.138303 -0.222896 -0.376643 -0.150807 -0.242387 -0.093371 -0.415449 -0.216105 0.228750 0.133568 -0.013756 0.072053 0.036949 -0.028409 -0.029991 -0.017942 -0.012213 -0.020760 -0.038707 -0.095668 -0.568882 0.036703 0.358439 -0.110050 -0.030185 -0.008925
0.359718 0.317608 0.010783 -0.065025 -0.326038 -0.349431 0.040494 -0.162763 -0.316031 -0.342277 0.195749 0.196170 0.064941 0.025198 -0.158432 0.044022 0.191661 0.167183 1.000000 0.422798 -0.052620 -0.297654 -0.298584 -0.091368 -0.199002 -0.172111 -0.114752 -0.069841 0.242936 0.209375 -0.111897 -0.147458 0.383185 0.152964 -0.035373 -0.282802 0.278656 0.218351 0.099952 -0.027455 0.213748 0.328733 -0.024499 -0.006884 -0.194404 -0.292159 -0.060316 0.031071 -0.044779 -0.125335 -0.170478 -0.164627 0.017513 0.025077 0.096629 -0.019817 0.250669 0.318696 0.052869 -0.158238 -0.045730 -0.018283 0.030135 0.119299 -0.322689 -0.241083 0.044044 -0.229326 0.396679 0.232809 0.057018 -0.191671 0.305748 0.301267 0.348999 0.196998 0.173562 0.106499 -0.008905 0.143798 0.116567 0.072510 0.013089 0.204155 -0.036885 0.030513 -0.166134 -0.130671 -0.346256 -0.169925 0.017036 -0.005458 -0.261269 -0.121925 0.110903 0.015583 0.118020 0.180811 0.071230 0.168579 -0.167874 0.163060 -0.082934 -0.084780 -0.087149 -0.104053 0.125463 0.016246 0.088452 0.041810 0.168280 0.201341 0.117639 0.183955 0.108486 0.013756
0.290233 0.476383 -0.155446 -0.011301 -0.171937 -0.248596 -0.027079 -0.025317 -0.112309 -0.157367 0.116775 0.378187 -0.025157 0.140453 -0.143306 0.019337 0.237976 0.390005 0.422798 1.000000 -0.223452 -0.102069 -0.278686 -0.249348 -0.387953 -0.349626 -0.233941 -0.232306 0.299498 0.386402 -0.111849 -0.137139 0.347639 0.370787 -0.171231 -0.467176 0.216565 0.073110 -0.238819 -0.105820 0.512217 0.013327 -0.200168 -0.252988 -0.307361 -0.397299 -0.205756 -0.273633 -0.164047 -0.160758 -0.274405 -0.082081 0.002947 0.068983 -0.164970 -0.172660 0.089119 0.370755 -0.054762 0.045213 0.109179 0.184300 0.191806 0.409755 -0.205713 -0.213386 -0.221263 -0.237053 0.263899 0.750068 0.070647 -0.106244 0.319177 0.168975 0.293117 0.097010 0.314329 0.148323 -0.153612 0.231901 0.035480 0.087104 -0.132959 0.200724 -0.303928 -0.204205 -0.345913 -0.240659 -0.443223 -0.217071 -0.016620 -0.192339 -0.104746 -0.096672 0.348058 0.171498 -0.147889 0.072229 -0.014024 0.048689 -0.045369 0.019813 0.177258 0.089036 0.104030 0.272458 0.267163 0.231391 0.340649 0.251230 -0.329574 0.134403 0.190876 0.046651 0.000830 0.382998
-0.525178 -0.651308 -0.125276 0.225596 -0.029448 0.303205 -0.075471 0.042750 -0.073471 -0.061354 -0.367461 -0.270127 -0.282882 -0.286638 -0.130735 -0.157150 -0.361089 -0.338336 -0.052620 -0.223452 1.000000 0.561489 0.331326 0.490905 0.512318 0.617303 0.413465 0.416796 -0.192661 -0.147022 0.539619 0.542726 -0.099459 0.215887 0.216565 0.536371 0.082498 0.248562 0.460935 0.350180 0.035621 0.219328 -0.093270 0.021735 0.142785 0.321445 -0.095063 -0.003744 -0.100264 0.023241 0.047553 -0.016421 -0.127329 -0.094663 -0.006642 -0.017638 -0.426082 -0.371845 -0.196438 -0.103120 -0.294785 -0.318908 -0.237231 -0.312514 0.131230 0.099364 0.006979 0.331634 -0.225247 -0.189451 0.083729 0.332089 -0.080646 -0.020966 -0.129609 0.027430 -0.129377 0.117563 -0.083975 -0.094870 -0.075970 0.056438 0.074803 0.066561 -0.126173 0.153089 0.142744 0.176637 0.027782 0.070490 -0.178164 -0.194097 -0.020522 -0.178199 0.039953 0.003173 0.086734 -0.132492 -0.303310 -0.266346 -0.067785 -0.163210 -0.091228 -0.090159 -0.166758 -0.269041 -0.118740 -0.151427 -0.153448 -0.059681 0.130409 -0.237641 -0.220884 0.014019 0.011577 -0.189972
-0.615587 -0.558953 0.032179 0.414528 -0.054414 0.318966 -0.187197 0.027318 -0.233525 -0.012244 -0.480809 -0.282268 -0.495413 -0.390514 -0.263186 -0.278431 -0.281958 -0.355039 -0.297654 -0.102069 0.561489 1.000000 0.315716 0.253957 0.507958 0.661172 0.416341 0.519713 -0.177389 -0.278476 0.453124 0.371149 -0.163234 0.110215 0.186933 0.273616 -0.090779 -0.025345 0.236380 0.346024 -0.086264 -0.037351 0.052727 0.057667 0.190312 0.364650 0.091792 -0.018285 -0.081560 0.103883 0.112869 0.100311 -0.114409 -0.053719 -0.049711 0.117467 -0.247563 -0.247173 -0.302399 -0.007766 -0.446113 -0.392820 -0.357255 -0.273918 0.209296 0.040586 0.042473 0.419581 -0.170111 -0.022833 -0.037030 0.213553 -0.278760 -0.304999 -0.380719 -0.295307 -0.283089 -0.115159 0.099484 -0.131220 -0.165655 0.091123 -0.032539 -0.008387 -0.084780 0.390739 0.190639 0.281467 0.063924 0.135353 -0.206083 -0.282060 0.084306 -0.226274 0.213416 -0.108625 0.155145 -0.019940 -0.252490 -0.219642 -0.171082 -0.377634 -0.123822 -0.227889 -0.225249 -0.160731 0.001375 -0.091641 -0.091003 -0.078766 -0.044307 -0.266740 -0.168699 -0.172212 -0.002160 -0.006769
-0.386604 -0.419412 0.134622 0.434392 0.236329 0.309620 -0.170056 0.002271 0.202845 0.347044 -0.119204 -0.024384 -0.101566 -0.111884 0.411688 0.069004 -0.327051 -0.429022 -0.298584 -0.278686 0.331326 0.315716 1.000000 0.636401 0.575300 0.557792 0.448449 0.513180 -0.210828 -0.403098 0.554359 0.424075 -0.390517 -0.051759 0.123091 0.361711 -0.256091 -0.057116 0.186962 0.279920 -0.153323 -0.128624 -0.074113 -0.040994 -0.092706 0.064793 -0.151681 -0.051609 -0.235513 -0.117803 0.035089 -0.136827 -0.255478 -0.144456 -0.150594 -0.120445 -0.340885 -0.441050 -0.025781 -0.338365 -0.045442 -0.321381 -0.317216 -0.532132 0.597640 0.253927 -0.290180 0.210596 -0.291846 -0.195924 -0.044606 0.270788 -0.465186 -0.257111 -0.339585 -0.043147 -0.148403 0.024205 -0.025529 -0.237662 -0.196205 -0.137944 0.311490 -0.170628 0.059472 0.007779 0.483198 0.359549 0.430129 0.044189 -0.195174 0.017374 0.326579 0.044642 -0.079425 0.107020 -0.070666 -0.149156 -0.372689 -0.318129 -0.228403 -0.259727 -0.123664 -0.184397 -0.247396 -0.189722 -0.232509 -0.245098 -0.093673 0.028812 0.061910 -0.240534 -0.465159 -0.065228 -0.065344 -0.067241
-0.261938 -0.399372 -0.122315 0.476244 0.132825 0.360625 -0.209383 0.241220 -0.016393 0.323223 -0.024898 0.135139 0.027077 0.117560 0.321162 0.209306 -0.214050 -0.317286 -0.091368 -0.249348 0.490905 0.253957 0.636401 1.000000 0.488728 0.638730 0.483047 0.592539 0.007895 -0.151433 0.659696 0.702284 -0.232322 0.254971 -0.052605 0.300621 0.069747 0.176617 0.329993 0.380244 0.018146 0.114250 -0.290587 -0.205718 -0.305218 -0.131802 -0.345734 -0.232563 -0.408104 -0.441238 -0.038434 -0.393173 -0.217798 -0.263159 0.082161 -0.309174 -0.436971 -0.418042 -0.081094 -0.426732 0.015614 -0.273776 -0.091970 -0.384376 0.315908 0.362954 -0.314000 0.073291 -0.260374 -0.253424 0.030738 0.349823 -0.150690 -0.187826 -0.217239 0.157101 -0.106118 0.090126 0.052975 -0.153389 0.044006 0.073073 0.337776 0.129107 0.010185 0.101336 0.265932 0.193356 0.237412 0.172313 -0.349916 -0.276788 -0.003898 -0.283673 -0.121574 0.023497 -0.209860 -0.289892 -0.607263 -0.659244 -0.323970 -0.304402 -0.358926 -0.426550 -0.376623 -0.403477 -0.112482 -0.235992 -0.029695 -0.096837 0.042494 -0.538550 -0.559582 -0.067949 -0.035681 -0.245346
-0.587344 -0.640528 0.331536 0.359676 0.331798 0.497447 -0.166238 -0.105769 0.091874 0.061185 -0.317398 -0.457957 -0.400606 -0.484293 -0.072038 -0.285749 -0.416729 -0.656161 -0.199002 -0.387953 0.512318 0.507958 0.575300 0.488728 1.000000 0.894870 0.742931 0.739353 -0.498497 -0.625586 0.416403 0.299110 -0.343613 -0.133425 0.271468 0.515736 -0.315455 -0.096189 0.426155 0.259741 -0.292698 0.000570 0.194283 0.255324 0.208467 0.427505 0.107888 0.232549 -0.031745 0.045632 0.333390 0.043943 -0.020244 0.142814 0.081028 0.109192 -0.231280 -0.417361 -0.099195 -0.309000 -0.426968 -0.691810 -0.609699 -0.721477 0.343856 0.162758 0.071006 0.546520 -0.032387 -0.185142 0.133661 0.370247 -0.474695 -0.113100 -0.326619 -0.192889 -0.378442 -0.069412 0.133721 -0.312409 -0.283669 -0.134916 0.018031 -0.314689 -0.029452 0.213167 0.263637 0.264468 0.175243 -0.001885 -0.070952 0.086508 0.141048 0.080117 0.001869 -0.032335 0.216526 0.014764 -0.270959 -0.190813 -0.232196 -0.160684 -0.160974 -0.183415 -0.198541 -0.220067 -0.140532 -0.158326 -0.143175 -0.025658 0.449485 -0.226063 -0.311193 -0.087429 -0.023431 -0.200257
-0.604755 -0.680681 0.199433 0.486190 0.115201 0.547655 -0.202254 0.033364 -0.090698 0.149989 -0.355272 -0.362233 -0.396244 -0.418633 -0.062934 -0.216397 -0.427381 -0.662509 -0.172111 -0.349626 0.617303 0.661172 0.557792 0.638730 0.894870 1.000000 0.759585 0.844971 -0.420652 -0.529386 0.535475 0.432684 -0.321287 -0.017511 0.287644 0.518020 -0.233575 0.031623 0.484837 0.455831 -0.260978 0.014111 0.107155 0.197367 0.131060 0.379625 0.048420 0.178472 -0.140808 -0.056692 0.219454 -0.078795 -0.181599 -0.046635 0.084237 0.084619 -0.341318 -0.435219 -0.114331 -0.359126 -0.456070 -0.646022 -0.631675 -0.702286 0.332040 0.313227 -0.013071 0.516942 -0.140097 -0.201684 -0.051533 0.276119 -0.468109 -0.304615 -0.429917 -0.198124 -0.329152 -0.002651 0.070293 -0.282131 -0.279806 -0.060601 0.074890 -0.190679 -0.048769 0.232587 0.306644 0.385182 0.178471 0.010207 -0.201768 -0.116053 0.125749 -0.156586 0.119517 -0.052500 0.232510 -0.018574 -0.387197 -0.286738 -0.286750 -0.319082 -0.311710 -0.290238 -0.273260 -0.276181 -0.159170 -0.190382 -0.091786 -0.010744 0.401620 -0.288292 -0.384353 -0.096710 0.043679 -0.170953
-0.292738 -0.401805 0.233810 0.322868 0.237556 0.736503 -0.173557 -0.179188 -0.021298 0.081162 -0.078873 -0.164400 -0.181556 -0.284329 0.068898 -0.108590 -0.193853 -0.440797 -0.114752 -0.233941 0.413465 0.416341 0.448449 0.483047 0.742931 0.759585 1.000000 0.866971 -0.262353 -0.523719 0.215074 0.240606 -0.342672 -0.103871 0.073339 0.320470 -0.020004 -0.004156 0.441574 0.406179 -0.067730 0.025848 0.123342 0.147609 0.040789 0.166718 0.053570 0.101046 -0.175267 -0.085440 0.171172 -0.166344 -0.086531 0.007855 0.227802 0.087549 -0.063669 -0.245062 -0.050587 -0.383792 -0.270676 -0.582175 -0.478987 -0.580797 0.195243 0.230641 -0.161124 0.226567 -0.102512 -0.180307 0.060479 0.260804 -0.367760 -0.165777 -0.192817 -0.010561 -0.201085 0.019363 0.172785 -0.214075 -0.074640 0.067499 0.125927 -0.100070 0.040471 0.223754 0.253584 0.335519 0.104699 0.132523 -0.115545 -0.036404 0.049092 -0.065855 -0.026546 -0.097472 0.062351 -0.077645 -0.299391 -0.254846 -0.395844 -0.264516 -0.344673 -0.331467 -0.315671 -0.367628 -0.138402 -0.266814 -0.097074 -0.001612 0.228597 -0.227263 -0.227583 -0.163806 0.143195 -0.263109
-0.345905 -0.413075 0.121796 0.498470 0.064105 0.621654 -0.283920 -0.138186 -0.172369 0.130046 -0.172983 -0.079347 -0.259731 -0.231831 0.036674 -0.121331 -0.201273 -0.471398 -0.069841 -0.232306 0.416796 0.519713 0.513180 0.592539 0.739353 0.844971 0.866971 1.000000 -0.258751 -0.492680 0.345495 0.300757 -0.306678 -0.084214 0.155012 0.338324 -0.070469 0.069885 0.428782 0.506737 -0.086718 -0.025533 0.053439 0.103956 -0.018055 0.161802 -0.001288 0.107082 -0.251711 -0.151253 0.151315 -0.202385 -0.200816 -0.070497 0.203386 0.067803 -0.150746 -0.227772 -0.066901 -0.446423 -0.306481 -0.567561 -0.578066 -0.632648 0.291587 0.345577 -0.184471 0.280828 -0.061415 -0.160800 -0.054614 0.231796 -0.409866 -0.281172 -0.276124 -0.079839 -0.142920 0.081103 0.157067 -0.116720 -0.153879 0.101082 0.094551 -0.122369 0.035743 0.270802 0.321113 0.444160 0.134444 0.146085 -0.217560 -0.176922 0.089822 -0.257159 0.091846 -0.048146 0.108001 -0.020695 -0.376020 -0.288963 -0.404813 -0.390054 -0.422236 -0.414823 -0.360332 -0.370382 -0.189131 -0.314841 -0.051050 0.062901 0.269616 -0.249035 -0.399940 -0.124388 0.192295 -0.111288
0.391042 0.319348 -0.417244 -0.272921 -0.199031 -0.191345 -0.025235 0.042980 -0.324807 -0.122505 0.337499 0.541488 0.391610 0.573410 0.178190 0.566477 0.503519 0.669697 0.242936 0.299498 -0.192661 -0.177389 -0.210828 0.007895 -0.498497 -0.420652 -0.262353 -0.258751 1.000000 0.714626 -0.039678 0.210738 0.186081 0.355552 -0.483026 -0.420084 0.647519 0.044842 -0.229321 -0.167319 0.470628 0.281730 -0.336622 -0.422355 -0.334666 -0.459785 -0.271226 -0.522393 -0.218578 -0.204254 -0.247540 -0.199873 0.073398 -0.197034 0.013329 -0.320373 0.042824 0.182230 -0.129389 0.124871 0.342409 0.454587 0.686835 0.621525 -0.346734 -0.166852 -0.339399 -0.571659 -0.186237 -0.071311 0.179852 -0.037225 0.770186 0.142606 0.456551 0.258010 0.058142 -0.225263 0.353641 0.253264 0.671586 0.514869 0.304885 0.742087 0.136250 0.151077 -0.235323 -0.326831 -0.280735 0.191941 -0.107247 -0.301782 -0.335957 -0.212194 -0.349704 -0.234358 -0.564754 -0.434097 -0.103940 -0.276287 -0.096356 0.023392 -0.085134 -0.358251 -0.374896 -0.317680 0.122657 -0.134364 -0.109366 -0.339192 -0.686500 -0.286640 0.032571 -0.227756 -0.097613 -0.178644
0.320800 0.321860 -0.458114 -0.291675 -0.260895 -0.368677 0.158769 0.234298 -0.160759 -0.177547 0.060515 0.369530 0.327470 0.364516 -0.051517 0.260151 0.548806 0.733813 0.209375 0.386402 -0.147022 -0.278476 -0.403098 -0.151433 -0.625586 -0.529386 -0.523719 -0.492680 0.714626 1.000000 0.019669 0.221270 0.574922 0.602883 -0.060312 -0.152952 0.617757 0.365489 -0.130027 -0.006170 0.568163 0.340044 -0.371110 -0.395877 -0.256315 -0.352153 -0.283639 -0.382463 -0.229006 -0.184663 -0.439539 -0.250571 -0.084002 -0.221226 -0.197959 -0.245323 0.027886 0.371645 -0.195024 0.070342 0.338703 0.520151 0.641334 0.735854 -0.292652 -0.223166 -0.237432 -0.500342 -0.000947 0.006651 -0.111472 -0.229907 0.865490 0.168745 0.447845 0.261709 0.403811 0.216026 -0.025589 0.498789 0.440258 0.415757 0.104931 0.591329 -0.071571 -0.186417 -0.257621 -0.265595 -0.293859 -0.113350 -0.277037 -0.429035 -0.294378 -0.418030 0.038979 0.121870 -0.321993 -0.095615 0.016034 0.022728 0.098625 -0.072607 -0.049593 -0.100860 0.030409 0.080323 0.027893 0.099072 0.031163 0.051664 -0.421947 0.045868 0.230147 0.137242 0.166720 0.122201
-0.502470 -0.518421 0.017208 0.571860 -0.002232 0.089899 0.055144 0.488014 -0.073062 0.079600 -0.341392 -0.059506 -0.198596 -0.136990 0.029740 -0.107741 -0.176660 -0.294216 -0.111897 -0.111849 0.539619 0.453124 0.554359 0.659696 0.416403 0.535475 0.215074 0.345495 -0.039678 0.019669 1.000000 0.871395 0.036044 0.520234 0.214406 0.386233 0.062990 0.182613 0.261255 0.372847 0.075786 0.144292 -0.137425 -0.067392 -0.117814 0.112749 -0.198962 -0.119382 -0.450401 -0.331015 -0.228274 -0.382966 -0.424392 -0.430568 -0.220826 -0.218402 -0.392240 -0.279864 -0.472077 -0.459317 -0.171911 -0.341909 -0.089844 -0.266651 0.479768 0.098405 -0.271452 0.202307 -0.102286 -0.102413 -0.059597 0.296406 -0.084317 -0.158332 -0.311157 0.059876 0.006787 0.228380 0.026580 0.163995 -0.070370 0.116320 0.167612 0.084872 -0.064225 0.108723 0.249071 0.244901 0.207630 -0.103142 -0.561358 -0.543048 -0.068873 -0.432556 0.190136 0.227141 0.030110 -0.056219 -0.543207 -0.472506 -0.355083 -0.492080 -0.304997 -0.332072 -0.245422 -0.153503 -0.051984 -0.057511 -0.042117 0.048205 0.075167 -0.253329 -0.303974 0.073884 0.047851 0.015553
-0.358855 -0.450397 -0.186473 0.383476 0.040957 0.229527 -0.011533 0.443425 -0.079834 0.067750 -0.221038 0.110833 -0.018900 0.085441 0.084525 0.090553 -0.033229 -0.065099 -0.147458 -0.137139 0.542726 0.371149 0.424075 0.702284 0.299110 0.432684 0.240606 0.300757 0.210738 0.221270 0.871395 1.000000 0.057615 0.589874 0.046959 0.347287 0.279431 0.199476 0.250218 0.316885 0.231627 0.267742 -0.204993 -0.155786 -0.157828 0.031971 -0.213957 -0.225217 -0.455651 -0.361879 -0.218069 -0.380576 -0.275469 -0.373074 -0.114400 -0.263294 -0.442956 -0.294585 -0.424828 -0.357483 -0.006342 -0.150953 0.132987 -0.108147 0.275608 0.111468 -0.327721 0.033231 -0.241057 -0.256503 0.020453 0.333725 0.179846 -0.070797 -0.089215 0.217581 0.087622 0.225919 0.121761 0.208218 0.127176 0.255716 0.219619 0.277306 -0.090794 0.094374 0.147691 0.107602 0.085045 0.038938 -0.529530 -0.626907 -0.236270 -0.520572 -0.012464 0.104663 -0.177422 -0.283949 -0.560844 -0.592033 -0.331005 -0.513474 -0.408254 -0.495413 -0.393387 -0.376031 -0.071329 -0.176013 -0.152479 -0.056442 -0.116590 -0.424875 -0.293237 -0.045774 0.059433 -0.184811
0.192341 0.287934 -0.180507 -0.078160 -0.188697 -0.375160 0.196158 0.177383 -0.049429 -0.201981 -0.248313 -0.044294 0.040403 -0.079065 -0.183251 -0.130878 0.332905 0.324805 0.383185 0.347639 -0.099459 -0.163234 -0.390517 -0.232322 -0.343613 -0.321287 -0.342672 -0.306678 0.186081 0.574922 0.036044 0.057615 1.000000 0.556086 0.393882 -0.011890 0.493492 0.460979 0.213776 0.274174 0.266265 0.470207 -0.216471 -0.216801 -0.267801 -0.265049 -0.115677 -0.097560 -0.267905 -0.285736 -0.448665 -0.334879 -0.063519 -0.120371 -0.131001 -0.018858 0.229278 0.525031 -0.189310 -0.148154 0.121058 0.240915 0.209423 0.397176 -0.153601 -0.138142 0.159908 -0.261991 0.586116 0.267672 -0.309940 -0.415621 0.526691 0.180513 0.342818 0.153744 0.520761 0.451732 -0.204188 0.523442 0.146820 0.164034 0.086512 0.230083 -0.110514 -0.256610 -0.010127 0.037789 -0.076927 -0.216344 -0.302855 -0.285091 -0.254503 -0.347329 0.300830 0.347814 0.170031 0.379977 0.102707 0.213679 0.046576 -0.062730 -0.140781 0.079831 0.279953 0.240962 0.061776 0.183010 0.074626 0.174471 0.073640 0.221713 0.183316 0.369452 0.403906 0.273032
-0.047765 -0.013462 -0.297256 0.102104 -0.181221 -0.156718 0.184663 0.414100 -0.113816 -0.228893 -0.208602 0.152169 0.070652 0.106449 -0.138340 -0.017655 0.286243 0.345302 0.152964 0.370787 0.215887 0.110215 -0.051759 0.254971 -0.133425 -0.017511 -0.103871 -0.084214 0.355552 0.602883 0.520234 0.589874 0.556086 1.000000 0.102218 0.169534 0.517905 0.331332 0.127199 0.244654 0.527488 0.316330 -0.334274 -0.294812 -0.231003 -0.159208 -0.335134 -0.333297 -0.481218 -0.369785 -0.570007 -0.505833 -0.366057 -0.416887 -0.236243 -0.312283 -0.092067 0.247339 -0.480415 -0.290859 0.150664 0.063969 0.366324 0.371332 0.005432 -0.136556 -0.294203 -0.165437 0.065377 0.121990 -0.040965 0.030933 0.529035 0.052429 0.125246 0.122579 0.362417 0.347003 -0.094380 0.466345 0.228285 0.342832 0.119352 0.407087 -0.192799 -0.149773 -0.141598 -0.100837 -0.183534 -0.239428 -0.586017 -0.623864 -0.392288 -0.535170 0.140847 0.182865 -0.165776 -0.105307 -0.366213 -0.290012 -0.283977 -0.298361 -0.186079 -0.122557 0.011334 0.050180 -0.001871 0.053888 -0.104412 -0.002792 -0.205239 -0.128550 0.072772 0.079855 0.102173 -0.000409
-0.352909 -0.282555 0.187545 0.342974 0.004442 -0.029818 0.239108 0.181753 0.194124 0.035120 -0.571503 -0.418465 -0.243418 -0.512761 -0.115796 -0.393592 -0.212257 -0.390365 -0.035373 -0.171231 0.216565 0.186933 0.123091 -0.052605 0.271468 0.287644 0.073339 0.155012 -0.483026 -0.060312 0.214406 0.046959 0.393882 0.102218 1.000000 0.659025 -0.136966 0.361611 0.386883 0.484977 -0.160963 0.220123 -0.034741 0.056373 0.063980 0.260495 -0.001751 0.255252 -0.148216 -0.080739 -0.113929 -0.192029 -0.240401 -0.041292 -0.160361 0.179213 -0.018329 0.069490 -0.048563 -0.343271 -0.153813 -0.157122 -0.547711 -0.331959 0.434861 0.226046 0.152704 0.414279 0.295060 -0.022467 -0.572676 -0.397477 -0.208288 -0.111812 -0.144503 -0.049753 0.274983 0.535223 -0.408850 0.191557 -0.473269 -0.247258 -0.051902 -0.322717 -0.092741 -0.231297 0.347341 0.466852 0.361989 -0.222965 -0.187294 -0.047468 0.343309 -0.208294 0.510976 0.495877 0.476669 0.570064 0.011368 0.326997 0.172998 -0.275290 -0.159024 0.129386 0.313597 0.349662 -0.247018 0.051385 0.089016 0.423994 0.630876 0.332216 -0.025124 0.488585 0.538031 0.314409
-0.482080 -0.548835 -0.042048 0.179876 0.071035 0.242086 0.010404 0.115588 0.199620 0.003614 -0.456283 -0.412703 -0.185222 -0.374924 -0.026290 -0.207593 -0.276736 -0.367335 -0.282802 -0.467176 0.536371 0.273616 0.361711 0.300621 0.515736 0.518020 0.320470 0.338324 -0.420084 -0.152952 0.386233 0.347287 -0.011890 0.169534 0.659025 1.000000 -0.102163 0.284778 0.515703 0.461834 -0.177749 0.237362 -0.076799 0.060956 0.220433 0.453530 -0.067610 0.171143 -0.156969 0.006316 -0.073830 -0.145659 -0.288496 -0.176004 -0.106085 0.141628 -0.268109 -0.216705 -0.105176 -0.222441 -0.207275 -0.228716 -0.366415 -0.346213 0.294426 0.244406 0.031263 0.447162 -0.100355 -0.319452 -0.284413 0.033375 -0.225035 -0.162546 -0.268925 -0.123163 -0.035052 0.318039 -0.223422 0.041594 -0.219754 -0.079280 0.104759 -0.141092 -0.018641 -0.117450 0.331802 0.395529 0.319870 -0.040091 -0.266503 -0.057509 0.159949 -0.133017 0.033370 0.119658 0.220992 0.117733 -0.195715 0.016640 -0.040706 -0.252604 -0.166391 0.079461 0.153451 0.076815 -0.384447 -0.096303 -0.236799 0.026473 0.464583 -0.026442 -0.217121 0.123194 0.220453 -0.118745
