1.000000 0.138221 -0.010048 -0.085782 -0.383823 -0.094120 0.066935 -0.311192 -0.209281 -0.221074 0.647614 -0.216015 0.201004 -0.304822 0.037978 -0.267830 0.351193 0.065392 0.314281 0.320506 -0.010949 -0.083385 -0.122230 -0.168151 -0.262811 -0.324290 -0.247357 -0.251799 0.287167 -0.072138 -0.203375 -0.420343 0.192978 -0.217857 -0.460736 -0.464568 0.252256 -0.018326 0.069350 -0.071228 0.111046 -0.021509 0.062279 0.043584 -0.276773 -0.288494 -0.067561 -0.103202 0.257889 -0.311747 0.025719 -0.074631 0.432540 0.241443 0.183204 -0.163019 0.542209 0.441529 0.384410 -0.384524 0.607202 0.125721 0.315109 0.020529 -0.085003 -0.349548 -0.256159 -0.512275 0.179169 -0.354511 -0.183269 -0.233099 0.171132 0.191008 0.168869 0.089486 0.216218 -0.195314 0.116357 0.145283 0.215129 0.118829 -0.073398 -0.129362 0.169662 0.025864 0.131223 -0.179529 -0.157479 -0.013244 0.421168 0.601339 0.080762 0.326925 0.009065 0.141215 0.046130 0.025972 0.277830 0.260071 -0.013778 0.495024 0.062263 0.319387 0.062815 -0.100871 0.010028 -0.143845 0.191808 0.077150 0.108108 0.121456 0.252628 0.122627 -0.007043 0.079707
0.138221 1.000000 -0.158895 0.153995 -0.342431 -0.084748 0.061890 0.182173 -0.178893 -0.088024 0.173539 0.561582 0.225639 0.421839 0.150125 0.330591 0.199260 0.314532 0.127574 0.292950 -0.338832 -0.031482 -0.345975 -0.144195 -0.437161 -0.328642 -0.121668 -0.177235 0.195094 0.167680 -0.132874 -0.097448 0.128299 -0.071474 -0.397100 -0.459611 0.026365 0.127921 -0.314723 -0.027732 -0.072167 0.156692 -0.149807 -0.190989 -0.226688 -0.314689 -0.090772 -0.216835 0.046291 -0.203373 -0.231371 -0.022738 0.132147 -0.169885 -0.065317 -0.306336 -0.014349 0.421590 -0.081182 0.133673 0.057083 0.382447 0.217482 0.275192 -0.145145 0.094666 -0.205462 -0.310440 0.067863 0.065882 -0.084311 0.036682 0.062002 -0.007954 0.015156 0.222989 -0.116153 0.041636 0.078549 0.068968 0.167033 0.116648 0.059466 0.324230 0.051392 0.184372 -0.239802 0.251935 -0.300522 -0.081341 0.181636 -0.126847 0.299224 -0.112571 -0.205499 -0.086629 -0.106824 -0.158868 -0.069092 -0.235001 0.244198 0.092910 0.259964 0.050864 -0.087391 -0.040669 -0.081079 -0.189884 -0.097418 0.062006 -0.061603 0.041938 -0.016342 -0.139063 -0.058540 -0.158449
-0.010048 -0.158895 1.000000 -0.158467 0.509226 -0.210697 0.790654 -0.059714 0.446670 0.012960 0.366091 0.083785 0.406914 0.059572 0.203706 -0.122017 -0.165277 -0.154281 0.259118 0.186952 0.181842 -0.066394 0.310171 0.152008 0.231206 0.019530 0.142793 -0.156370 0.052857 -0.186746 0.325429 -0.009081 0.057759 -0.062105 0.002908 -0.072910 -0.242161 -0.317136 -0.186963 -0.401626 0.083472 -0.259816 -0.162160 -0.224656 -0.123325 -0.237961 -0.260552 -0.197136 0.078872 -0.094550 0.110693 -0.023088 -0.047557 -0.072876 -0.223058 -0.330895 -0.087516 -0.098314 0.203470 -0.069945 0.306921 0.099060 -0.007428 0.025197 0.693854 -0.054188 0.163765 0.026711 0.215302 0.209868 0.075046 -0.450692 -0.117174 -0.117461 0.024318 -0.275096 -0.086495 -0.074200 -0.236757 -0.171752 -0.084063 -0.116688 0.357054 0.062916 0.220632 0.052727 0.414449 0.118083 0.190312 0.012041 0.116026 0.309788 -0.038150 0.474388 -0.272295 -0.201139 -0.193937 -0.186364 -0.072307 -0.140886 -0.005582 0.361615 -0.043333 -0.077975 -0.204336 -0.190980 0.182279 -0.007199 0.181602 -0.035344 -0.253530 -0.179316 -0.070299 -0.124208 -0.199886 -0.132273
-0.085782 0.153995 -0.158467 1.000000 -0.091621 0.517536 -0.043593 0.617098 -0.074170 0.439732 -0.286384 -0.014500 -0.134965 -0.176289 -0.053503 0.147882 -0.091276 -0.141395 0.248435 0.195106 -0.046509 0.285048 0.522287 0.715826 0.127224 0.575212 0.146527 0.467386 -0.321730 -0.174055 -0.097025 0.371898 -0.347831 0.094691 0.018893 0.238347 -0.394072 -0.191356 -0.379186 0.200309 -0.364201 -0.042399 0.031366 -0.000647 -0.258719 -0.106978 -0.047715 0.064335 0.239560 -0.142202 0.191802 0.015864 0.292822 0.358563 -0.001803 -0.122663 -0.082514 -0.049755 -0.053654 -0.060649 -0.136379 -0.078188 -0.355389 -0.456248 -0.023576 0.269340 -0.419601 0.118342 -0.023482 0.142340 0.256900 0.144125 -0.337974 0.185580 -0.098460 0.274853 -0.124541 0.035011 -0.271568 0.102390 -0.423909 -0.359052 -0.126088 -0.107109 -0.269183 -0.305071 0.003797 0.524254 0.205151 -0.092933 0.215121 -0.008567 0.311815 -0.143214 -0.143957 -0.051389 -0.087672 0.006075 -0.105667 -0.227566 0.045711 -0.109318 -0.113235 -0.193798 -0.264959 -0.181490 -0.346206 -0.384713 -0.117944 -0.011873 -0.057283 0.246892 0.226873 0.288817 0.107014 -0.164122
-0.383823 -0.342431 0.509226 -0.091621 1.000000 -0.011304 0.397251 0.015528 0.699389 0.131482 -0.024962 0.027673 0.119472 0.207823 0.102647 0.208001 -0.188334 -0.044358 0.048525 -0.150274 0.405427 0.373182 0.081027 0.072664 0.346700 0.268533 0.624865 0.205507 0.023540 0.104730 0.588550 0.377820 -0.074689 0.043205 0.275043 0.256302 -0.159830 0.095480 -0.054339 -0.101181 0.259124 0.215075 -0.350029 -0.349303 0.040762 -0.097980 -0.167201 -0.171191 -0.164744 0.235059 -0.100327 -0.156794 -0.282928 -0.040944 -0.433804 -0.205940 -0.201130 -0.211388 -0.004555 0.017284 0.025000 0.006312 -0.018524 0.079584 0.435254 0.070678 0.168957 0.085479 -0.067800 0.132037 0.221464 0.032506 0.015917 -0.150357 0.041153 -0.156832 -0.166180 0.073273 -0.123119 -0.263606 -0.016380 0.010509 0.329680 0.280183 -0.089191 -0.005622 0.017899 0.210505 -0.087793 -0.200890 -0.146336 -0.122056 -0.013051 0.235448 -0.126072 -0.432896 -0.291141 -0.266807 -0.250436 -0.203108 0.375615 0.114405 0.204939 0.005491 -0.142858 0.006922 0.014517 0.168135 0.059362 -0.133383 -0.394429 -0.313238 -0.214372 -0.275294 -0.231638 -0.270010
-0.094120 -0.084748 -0.210697 0.517536 -0.011304 1.000000 -0.072670 0.547656 -0.288292 0.781285 -0.331867 0.064846 -0.075256 -0.128598 0.020536 0.283349 -0.198032 -0.465117 -0.099744 -0.214820 -0.271636 0.316265 0.533765 0.722907 0.606984 0.682497 0.399593 0.890153 -0.551227 -0.502257 -0.165855 0.238935 -0.312357 0.164081 0.000795 0.311650 -0.438211 -0.096293 -0.025458 0.510679 -0.353317 -0.016833 0.001397 0.364554 -0.272624 -0.066635 -0.213967 0.053025 0.295332 -0.219667 0.398516 0.351763 -0.122529 0.015922 0.018447 0.142910 -0.035416 -0.217955 0.046570 -0.078146 -0.151439 -0.064145 -0.566049 -0.642450 0.038324 0.527464 -0.279801 0.202796 -0.090609 -0.100306 -0.099235 -0.151768 -0.578945 0.039859 -0.254615 0.052405 -0.211212 -0.066702 -0.089759 -0.020844 -0.428000 -0.515088 -0.474572 -0.512868 -0.162052 -0.353901 -0.160536 0.034037 0.188028 -0.268324 -0.245760 -0.116172 0.224162 -0.011848 0.090726 0.010176 0.355657 0.384952 -0.279075 -0.008723 0.090618 -0.291673 -0.064990 -0.012108 0.017228 -0.056312 -0.257200 -0.108059 -0.153445 -0.103090 0.162814 -0.024612 0.070512 0.264232 0.129637 0.049557
0.066935 0.061890 0.790654 -0.043593 0.397251 -0.072670 1.000000 -0.042649 0.428043 0.110389 0.442148 0.362870 0.684200 0.318842 0.503229 0.224567 -0.042940 -0.177852 0.309746 0.284863 0.170929 0.085475 0.264846 0.232125 0.029733 -0.138657 0.202901 -0.112451 0.052791 -0.256465 0.108612 -0.226911 0.083272 -0.016800 -0.236666 -0.287958 -0.317197 -0.228073 -0.293675 -0.286594 -0.022298 -0.159890 -0.194141 -0.292125 -0.280093 -0.432851 -0.425168 -0.312408 0.185497 -0.188966 0.144097 0.105791 -0.159973 -0.106409 -0.314571 -0.384939 -0.164334 -0.060276 0.169225 -0.120201 0.347459 0.146265 -0.000918 0.003962 0.810420 0.188987 -0.075064 -0.199955 0.164728 0.191793 0.056671 -0.529501 -0.218038 -0.124650 -0.091276 -0.088665 -0.174279 -0.083183 -0.216764 -0.135146 -0.059949 -0.158179 0.265256 0.041222 0.292698 0.087228 0.338663 0.157491 0.167360 -0.081519 0.238792 0.395973 0.313079 0.675307 -0.310373 -0.269451 -0.196726 -0.242114 -0.201495 -0.232090 0.219398 0.368086 0.113135 0.090498 -0.106225 -0.172759 0.080667 -0.019082 0.079247 -0.094270 -0.273553 -0.188909 -0.186666 -0.254888 -0.249267 -0.186763
-0.311192 0.182173 -0.059714 0.617098 0.015528 0.547656 -0.042649 1.000000 0.058032 0.633050 -0.462057 0.187432 -0.247327 0.200372 -0.137925 0.289312 -0.256538 -0.196366 -0.039629 -0.065356 -0.285054 0.185217 0.335861 0.557137 0.231619 0.515320 0.137558 0.461653 -0.514565 -0.147623 -0.033249 0.427157 -0.305710 0.071001 0.055163 0.266188 -0.478573 -0.232947 -0.455438 0.136804 -0.291717 -0.169183 0.028115 0.092773 -0.176821 0.001656 -0.165337 -0.028910 0.152175 -0.040330 0.131388 0.235383 0.041729 0.017501 -0.095333 -0.127894 -0.016974 -0.157983 -0.036934 0.338080 -0.166450 0.165405 -0.384444 -0.254457 -0.101521 0.403741 -0.147437 0.413663 -0.117054 0.277651 0.097840 0.065237 -0.403004 -0.066331 -0.235750 -0.003659 -0.269353 0.068898 -0.277150 -0.049084 -0.469784 -0.427962 -0.261020 -0.127897 -0.351139 -0.267374 -0.278709 0.346440 0.095309 -0.086279 0.018868 -0.266163 0.288030 -0.303687 -0.092996 -0.175338 -0.113662 0.014687 -0.368069 -0.285223 0.030563 -0.224812 -0.092363 -0.203978 -0.105070 -0.046245 -0.105202 -0.184003 -0.280002 -0.252933 -0.041681 -0.021574 0.057664 0.169934 0.113024 -0.113452
-0.209281 -0.178893 0.446670 -0.074170 0.699389 -0.288292 0.428043 0.058032 1.000000 -0.002532 0.154508 -0.026418 0.207176 0.354476 0.225754 0.196652 -0.107071 0.054994 0.236993 0.126162 0.391205 0.150450 -0.137385 -0.004903 -0.099102 -0.010836 0.211797 -0.197968 0.162341 0.277193 0.387059 0.194097 0.033773 -0.083822 -0.035478 -0.039818 -0.070803 0.031483 -0.096504 -0.405324 0.336355 0.099677 -0.273936 -0.472765 -0.024675 -0.238163 -0.150222 -0.245328 -0.029279 0.133749 -0.148654 -0.174295 0.018419 0.072498 -0.277865 -0.307895 -0.153644 -0.105661 0.074832 0.132526 0.250634 0.182410 0.176869 0.252387 0.316450 -0.122437 0.012769 -0.086136 -0.019634 0.279907 0.256831 0.042412 0.182465 -0.051906 0.119197 -0.121973 -0.142935 0.045458 -0.273379 -0.182662 0.004381 0.057793 0.457115 0.428574 0.022691 0.124133 0.120272 0.307303 -0.022452 0.090053 0.281130 0.118107 0.136767 0.208205 -0.299247 -0.480677 -0.419566 -0.413093 -0.074281 -0.298079 0.239421 0.152716 0.157545 0.000666 -0.072682 0.064685 0.174398 0.097403 0.053607 -0.181473 -0.453412 -0.249334 -0.075375 -0.363366 -0.352498 -0.358305
-0.221074 -0.088024 0.012960 0.439732 0.131482 0.781285 0.110389 0.633050 -0.002532 1.000000 -0.327330 0.235575 0.118245 0.133216 0.086164 0.422454 -0.443671 -0.595576 -0.187717 -0.170626 -0.160797 0.188353 0.500198 0.750775 0.519934 0.551701 0.205199 0.595116 -0.656270 -0.532023 -0.221555 0.223165 -0.388851 0.165400 0.096743 0.407288 -0.527471 -0.398768 -0.224098 0.138876 -0.317335 -0.260620 -0.045531 0.210128 -0.311861 -0.113489 -0.369253 0.019218 0.268018 -0.196247 0.270776 0.327518 -0.134060 -0.104073 -0.038295 -0.040501 -0.103096 -0.293336 0.169136 0.218912 -0.028744 0.176151 -0.600415 -0.495688 0.149242 0.676895 -0.073025 0.355773 0.099580 0.198591 0.085513 -0.198842 -0.662789 0.001080 -0.251971 0.071933 -0.149705 0.093155 -0.206829 -0.107379 -0.500578 -0.576553 -0.324144 -0.464295 -0.091611 -0.303275 0.009680 0.187790 0.341021 -0.023901 -0.152045 -0.142939 0.369547 0.065173 -0.083478 -0.214094 0.149607 0.192342 -0.419158 -0.146174 -0.010552 -0.413555 -0.197521 -0.245711 -0.075048 -0.088213 -0.063835 -0.053353 -0.172007 -0.265792 0.057006 -0.185706 -0.051105 0.072897 -0.048288 -0.141137
0.647614 0.173539 0.366091 -0.286384 -0.024962 -0.331867 0.442148 -0.462057 0.154508 -0.327330 1.000000 0.027270 0.621581 -0.045903 0.420353 -0.163803 0.242611 0.139831 0.304009 0.419919 0.068546 -0.030714 -0.185419 -0.208098 -0.303227 -0.464998 -0.100639 -0.399114 0.550507 0.016400 0.036410 -0.470975 0.292678 -0.261277 -0.470378 -0.626835 0.142908 -0.108416 0.052990 -0.367368 0.149185 -0.009708 -0.026472 -0.211662 -0.195345 -0.393034 -0.075741 -0.140972 0.231891 -0.167070 0.021220 -0.072509 0.312004 0.149440 -0.112168 -0.361136 0.181603 0.302348 0.355726 -0.303818 0.641455 0.187509 0.530439 0.166756 0.286104 -0.382967 -0.142725 -0.586464 0.132553 -0.154683 -0.144468 -0.371988 0.287284 0.043009 0.209316 -0.026425 0.113428 -0.156719 0.033255 -0.033817 0.306713 0.152936 0.396071 0.209410 0.446235 0.252888 0.290006 -0.063328 -0.197109 -0.070287 0.427269 0.601844 0.047402 0.549119 -0.209716 -0.102605 -0.200834 -0.273909 0.177845 -0.074413 0.132228 0.596342 0.150045 0.320239 -0.044433 -0.101030 0.131155 -0.069637 0.222127 0.071906 -0.159302 -0.034784 -0.020409 -0.193556 -0.177504 -0.091351
-0.216015 0.561582 0.083785 -0.014500 0.027673 0.064846 0.362870 0.187432 -0.026418 0.235575 0.027270 1.000000 0.489322 0.689437 0.457880 0.668732 -0.118410 0.093380 -0.177674 -0.087795 -0.144235 0.041060 -0.150970 -0.021019 -0.146464 -0.191119 0.114569 -0.070537 -0.019157 -0.097137 -0.024557 -0.130104 -0.063665 -0.073750 -0.258459 -0.265871 -0.197334 0.047740 -0.327007 -0.104332 -0.116467 -0.003283 -0.191426 -0.122018 -0.094424 -0.174888 -0.252981 -0.214984 0.068343 -0.033224 -0.152016 0.296062 -0.257035 -0.330216 -0.223487 -0.212844 -0.365750 -0.186507 -0.059868 0.253043 -0.078381 0.290724 -0.067864 0.121449 0.113730 0.544628 0.031682 -0.049899 -0.065618 0.086324 0.084801 -0.171496 -0.293196 -0.246731 -0.259840 0.122914 -0.167070 0.183399 -0.035706 -0.100859 -0.053139 -0.154202 0.094288 0.182940 0.130953 0.234670 -0.146524 0.211202 -0.125646 -0.016571 -0.154938 -0.186042 0.503827 0.160472 -0.114992 -0.205578 -0.075642 -0.157098 -0.347259 -0.378031 0.328467 -0.070309 0.199185 0.085153 0.092214 0.127616 0.093729 0.101255 -0.247070 -0.205629 -0.262907 -0.327192 -0.456974 -0.352586 -0.091731 -0.114058
0.201004 0.225639 0.406914 -0.134965 0.119472 -0.075256 0.684200 -0.247327 0.207176 0.118245 0.621581 0.489322 1.000000 0.412480 0.769905 0.408490 -0.095699 -0.208968 0.060595 0.270212 0.103161 0.018990 0.057057 0.088280 -0.118118 -0.359080 0.068023 -0.207966 0.186081 -0.253965 -0.063382 -0.462135 0.092198 -0.034833 -0.444136 -0.452654 -0.252986 -0.198417 -0.096496 -0.315098 -0.023854 -0.050857 -0.083187 -0.135797 -0.282164 -0.477820 -0.275997 -0.170691 0.264023 -0.224444 0.087573 0.197040 -0.048961 -0.109214 -0.192438 -0.342625 -0.167399 -0.010752 0.316812 -0.059733 0.452943 0.287107 0.101908 0.003694 0.485268 0.257700 -0.085311 -0.414295 0.193529 0.065782 -0.030583 -0.488419 -0.153413 -0.060031 -0.003907 0.043862 -0.069376 -0.070593 -0.166444 -0.102321 -0.048523 -0.174188 0.297439 0.008114 0.457705 0.083814 0.390852 0.007350 0.137456 -0.034363 0.242164 0.416277 0.396781 0.638030 -0.287773 -0.304904 -0.064470 -0.236331 -0.053995 -0.188125 0.274723 0.258574 0.139991 0.186201 0.002606 -0.049444 0.073387 0.000801 0.007278 -0.186393 -0.237254 -0.257514 -0.298246 -0.392535 -0.246252 -0.213178
-0.304822 0.421839 0.059572 -0.176289 0.207823 -0.128598 0.318842 0.200372 0.354476 0.133216 -0.045903 0.689437 0.412480 1.000000 0.381547 0.799548 -0.143255 0.088438 -0.128193 -0.077879 -0.081403 0.091980 -0.360384 -0.181951 -0.292565 -0.359199 0.188515 -0.155431 0.015880 0.132529 0.071335 -0.071275 0.085852 0.012446 -0.253477 -0.243659 -0.186052 0.190667 -0.241143 -0.081538 0.061899 0.196938 -0.235761 -0.291029 -0.091478 -0.310534 -0.220183 -0.317424 -0.088584 0.028401 -0.228079 0.146458 -0.262437 -0.392344 -0.255339 -0.234320 -0.266998 -0.072355 -0.071404 0.420942 -0.051487 0.439613 0.088768 0.411607 0.040329 0.440201 0.061465 -0.133807 -0.022354 0.302455 0.036534 0.003198 -0.063937 -0.343915 -0.184262 -0.004201 -0.333075 0.047061 -0.145138 -0.117462 0.008839 -0.018629 0.088402 0.302301 0.089391 0.168083 -0.230770 0.193324 -0.187196 0.032664 -0.030065 -0.232705 0.450503 0.061663 -0.149566 -0.312484 -0.172826 -0.278073 -0.346891 -0.315987 0.446620 -0.004464 0.342411 0.188887 0.167472 0.219539 0.047650 0.172028 -0.242475 -0.271434 -0.261333 -0.299672 -0.312525 -0.503690 -0.090269 -0.131785
0.037978 0.150125 0.203706 -0.053503 0.102647 0.020536 0.503229 -0.137925 0.225754 0.086164 0.420353 0.457880 0.769905 0.381547 1.000000 0.488733 -0.010098 -0.099941 0.150865 0.230934 0.077225 0.050980 0.083040 0.145945 -0.098921 -0.187974 0.138637 -0.090111 0.275756 -0.095818 -0.006000 -0.310642 0.187961 0.003005 -0.428324 -0.430878 -0.111736 0.010008 0.084974 -0.196276 0.122474 0.161923 -0.137190 -0.204729 -0.305456 -0.465971 -0.307740 -0.219516 0.123170 -0.241342 -0.004506 0.046920 -0.185858 -0.157271 -0.182956 -0.221511 -0.293052 -0.117478 0.055832 -0.168893 0.170092 0.029671 0.210421 0.003001 0.340305 0.169571 -0.266406 -0.410573 0.022719 -0.026507 0.023786 -0.347761 -0.080101 -0.010389 -0.005273 0.117235 -0.072383 -0.005473 -0.092509 -0.045020 0.029967 -0.074140 0.443038 0.177905 0.468013 0.205150 0.287513 0.117352 0.219439 -0.031250 0.157828 0.295446 0.417004 0.541147 -0.238362 -0.206116 -0.088236 -0.191805 -0.078177 -0.347767 0.264974 0.166388 0.152199 0.191215 0.004474 -0.026678 -0.015690 -0.062630 -0.030891 -0.063973 -0.345541 -0.300918 -0.329693 -0.303829 -0.273368 -0.158126
-0.267830 0.330591 -0.122017 0.147882 0.208001 0.283349 0.224567 0.289312 0.196652 0.422454 -0.163803 0.668732 0.408490 0.799548 0.488733 1.000000 -0.213930 -0.099556 -0.120108 -0.124710 -0.042427 0.270756 -0.120564 0.138217 -0.073171 -0.066337 0.380989 0.202168 -0.161686 -0.061534 -0.024432 0.011110 -0.045704 0.111969 -0.256830 -0.096646 -0.288931 0.243036 -0.144324 0.138979 -0.037216 0.291588 -0.316934 -0.192277 -0.231870 -0.399480 -0.336425 -0.304665 0.043862 -0.092140 -0.114585 0.208709 -0.300786 -0.297774 -0.223636 -0.157126 -0.286883 -0.166610 0.007625 0.295975 -0.084357 0.384865 -0.094952 0.103137 0.005107 0.655557 -0.114484 -0.174731 -0.010618 0.198169 0.071258 -0.045222 -0.276917 -0.241192 -0.189483 0.144321 -0.340752 0.016681 -0.146536 -0.117524 -0.139590 -0.197006 -0.031410 0.119087 0.019716 0.013058 -0.168792 0.288794 -0.066792 -0.029743 -0.107400 -0.215831 0.605276 0.095815 -0.105944 -0.298755 -0.015970 -0.143860 -0.409535 -0.301615 0.506182 -0.102224 0.317281 0.221145 0.182000 0.209374 -0.128748 0.124023 -0.238598 -0.242415 -0.257014 -0.341908 -0.287038 -0.317749 -0.063816 -0.103778
0.351193 0.199260 -0.165277 -0.091276 -0.188334 -0.198032 -0.042940 -0.256538 -0.107071 -0.443671 0.242611 -0.118410 -0.095699 -0.143255 -0.010098 -0.213930 1.000000 0.618601 0.373454 0.316643 -0.087353 -0.035369 -0.191335 -0.288956 -0.223890 -0.231381 -0.005547 -0.153857 0.585086 0.548333 0.135991 -0.051831 0.376563 0.074840 -0.191367 -0.361285 0.507808 0.342929 0.056892 -0.036018 0.373500 0.309000 -0.199116 -0.211382 -0.231286 -0.178170 -0.031176 -0.226000 -0.454570 -0.384794 -0.321929 -0.494005 -0.054549 -0.110343 -0.281081 -0.254813 0.369246 0.615986 -0.454486 -0.549446 -0.184846 -0.414522 0.604098 0.374269 -0.139631 -0.443986 -0.427157 -0.433952 -0.074135 -0.399656 -0.100292 0.166655 0.629165 0.115329 0.293380 0.077594 0.220639 -0.002713 0.531087 0.558550 0.687395 0.686828 0.129234 0.350519 0.130911 0.318075 -0.278619 -0.156416 -0.276015 -0.373204 0.133598 0.020641 -0.066307 0.129558 -0.024353 0.123241 -0.211168 -0.161941 -0.002578 0.047111 0.210500 0.406229 0.258527 0.363926 -0.002966 0.097392 -0.092713 -0.122172 -0.087278 0.097391 0.059655 0.176404 0.193889 -0.147428 0.017954 -0.007172
0.065392 0.314532 -0.154281 -0.141395 -0.044358 -0.465117 -0.177852 -0.196366 0.054994 -0.595576 0.139831 0.093380 -0.208968 0.088438 -0.099941 -0.099556 0.618601 1.000000 0.152740 0.084526 -0.009318 -0.087658 -0.438069 -0.524426 -0.384659 -0.275336 0.004165 -0.362110 0.603606 0.698968 0.252670 0.060881 0.222904 -0.155809 0.011932 -0.228810 0.505115 0.485082 -0.138840 -0.174147 0.315501 0.348927 -0.260049 -0.431497 -0.005047 -0.045553 0.070548 -0.202689 -0.481735 -0.001204 -0.490850 -0.419440 0.029311 -0.012186 -0.303007 -0.261033 0.170647 0.460863 -0.420357 -0.118690 -0.203344 -0.097115 0.621193 0.646191 -0.238947 -0.438012 -0.096276 -0.227056 -0.181732 -0.181272 0.157215 0.356563 0.614303 0.031161 0.237914 0.038798 0.166327 0.168587 0.402138 0.356894 0.603252 0.649950 0.248848 0.658224 0.064195 0.470120 -0.360819 0.084276 -0.449187 -0.059747 0.086501 -0.138889 0.012215 -0.036368 -0.105136 -0.054143 -0.444054 -0.386423 -0.025451 -0.158322 0.313313 0.421662 0.408038 0.275642 -0.058339 0.071403 -0.065425 -0.095131 -0.018704 0.103189 -0.245693 0.018315 -0.011421 -0.264727 -0.074247 -0.186743
0.314281 0.127574 0.259118 0.248435 0.048525 -0.099744 0.309746 -0.039629 0.236993 -0.187717 0.304009 -0.177674 0.060595 -0.128193 0.150865 -0.120108 0.373454 0.152740 1.000000 0.654273 0.152205 0.084747 0.064839 0.137423 -0.198667 0.057678 0.033410 -0.048680 0.418805 0.278551 0.171562 0.200234 0.300063 0.208861 -0.358773 -0.362598 0.098613 0.105323 0.063719 0.034759 0.167709 0.257078 -0.300246 -0.315911 -0.468384 -0.431703 -0.257475 -0.267923 -0.163526 -0.444762 -0.267100 -0.479115 0.007073 -0.023479 -0.186601 -0.339356 0.012219 0.279728 -0.260795 -0.481491 0.077073 -0.167618 0.272956 0.088191 0.228531 -0.354975 -0.542924 -0.469279 0.098254 -0.167869 0.040187 0.011186 0.273237 0.257055 0.344850 0.265137 0.141667 -0.080019 0.053015 0.297837 0.190136 0.269936 0.417461 0.321198 0.079604 -0.002234 0.215252 0.409082 -0.025368 -0.268380 0.321023 0.231391 0.118886 0.238658 -0.116274 0.060686 -0.089120 -0.070859 0.071350 -0.009857 0.102421 0.454133 0.123959 0.095687 -0.179140 -0.095670 -0.036543 -0.147658 0.077060 0.213025 -0.001261 0.310344 0.418012 0.115636 -0.071203 -0.093951
0.320506 0.292950 0.186952 0.195106 -0.150274 -0.214820 0.284863 -0.065356 0.126162 -0.170626 0.419919 -0.087795 0.270212 -0.077879 0.230934 -0.124710 0.316643 0.084526 0.654273 1.000000 0.057134 0.078830 0.059705 0.139047 -0.382447 -0.234335 -0.192877 -0.253751 0.310830 0.192034 -0.050616 -0.122603 0.268089 0.211153 -0.336400 -0.411649 -0.114939 -0.187855 -0.194393 -0.284077 0.061135 0.032993 -0.021367 -0.279740 -0.340498 -0.360818 -0.122302 -0.094555 -0.045381 -0.369473 -0.193110 -0.370095 0.121008 -0.025500 -0.154153 -0.456552 -0.022169 0.349691 -0.025306 -0.227226 0.194089 -0.006614 0.346418 0.131409 0.146791 -0.304661 -0.350481 -0.331783 0.269283 0.161679 -0.032178 -0.044555 0.275515 0.222680 0.314832 0.228087 0.071066 -0.044708 -0.036235 0.242994 0.149863 0.221862 0.353597 0.262737 0.118607 -0.049249 0.280733 0.205008 0.064184 -0.145312 0.543682 0.359803 0.107164 0.236080 -0.335068 -0.052352 -0.215929 -0.309821 0.155098 -0.132802 0.000062 0.309602 0.001831 0.039442 -0.206525 -0.130655 0.047703 -0.205633 -0.027339 0.146112 0.094630 0.310438 0.306004 -0.031120 -0.236748 -0.245084
-0.010949 -0.338832 0.181842 -0.046509 0.405427 -0.271636 0.170929 -0.285054 0.391205 -0.160797 0.068546 -0.144235 0.103161 -0.081403 0.077225 -0.042427 -0.087353 -0.009318 0.152205 0.057134 1.000000 0.392178 0.071656 -0.028824 -0.027797 -0.013195 0.212744 -0.143106 0.180948 0.173188 0.343203 0.074088 -0.007338 -0.015826 0.096224 0.034296 0.109380 0.159348 0.076914 -0.231239 0.277461 0.236006 -0.128566 -0.179746 0.079091 0.041188 0.038530 0.111130 -0.061277 0.097203 -0.142043 -0.212152 -0.025370 0.220811 -0.153813 -0.078530 -0.115931 -0.160107 0.068905 -0.185623 0.161748 -0.148372 -0.048346 -0.035536 0.228768 -0.182456 -0.058869 -0.143279 -0.127779 -0.094917 0.477501 0.108842 0.204515 0.306782 0.334247 0.283448 0.353026 0.229352 -0.084660 -0.127640 -0.017604 0.109150 0.393428 0.194176 -0.122275 -0.008259 0.269237 0.190531 0.027512 -0.088704 0.156546 0.227337 0.051000 0.297735 -0.163858 -0.323104 -0.202853 -0.270410 0.164302 0.088537 0.147567 0.104926 0.069722 -0.004040 -0.094934 -0.076118 0.007283 0.095653 0.051393 -0.051862 -0.223595 -0.041018 -0.071305 -0.287752 -0.316184 -0.252059
-0.083385 -0.031482 -0.066394 0.285048 0.373182 0.316265 0.085475 0.185217 0.150450 0.188353 -0.030714 0.041060 0.018990 0.091980 0.050980 0.270756 -0.035369 -0.087658 0.084747 0.078830 0.392178 1.000000 0.162357 0.199201 0.219345 0.297295 0.608080 0.444440 -0.085749 0.037137 0.270107 0.237921 -0.031573 0.216917 0.073463 0.067432 -0.250638 0.212754 -0.153637 0.191368 0.078762 0.460668 -0.191952 -0.142064 -0.131417 -0.126315 -0.085639 -0.075290 0.011939 -0.002339 -0.051602 -0.058629 -0.063580 0.177742 -0.320363 -0.278745 -0.144325 0.018556 -0.045403 -0.083055 0.008206 0.016946 -0.109120 -0.126403 0.138701 0.135096 -0.158851 -0.074069 -0.106826 0.036810 0.210234 0.217980 0.000567 0.237617 0.198997 0.321300 -0.068841 0.107719 -0.080941 -0.099668 -0.127405 -0.055396 0.029105 0.103683 -0.160088 -0.214630 -0.143828 0.260778 -0.150975 -0.416228 -0.003498 -0.110794 0.183962 0.084103 -0.018316 -0.357081 -0.166200 -0.173602 -0.201784 -0.233667 0.550167 0.074145 0.343722 0.249555 -0.051706 -0.027343 -0.241018 0.023707 -0.185962 -0.124851 -0.152807 -0.081919 -0.079186 -0.172580 -0.039204 -0.207225
-0.122230 -0.345975 0.310171 0.522287 0.081027 0.533765 0.264846 0.335861 -0.137385 0.500198 -0.185419 -0.150970 0.057057 -0.360384 0.083040 -0.120564 -0.191335 -0.438069 0.064839 0.059705 0.071656 0.162357 1.000000 0.791077 0.647362 0.630468 0.187098 0.513131 -0.471878 -0.507033 -0.070765 0.170970 -0.334255 0.151024 0.284109 0.435064 -0.501969 -0.461613 -0.155675 0.108193 -0.279712 -0.211980 0.070698 0.188972 -0.263259 -0.034383 -0.255145 0.055692 0.176926 -0.232163 0.411395 0.121171 -0.012945 0.196036 -0.031459 -0.089259 -0.057191 -0.190375 0.023736 -0.252435 -0.075001 -0.292581 -0.510713 -0.579938 0.428281 0.279804 -0.216304 0.322265 0.052454 0.085028 0.117125 -0.290308 -0.500302 0.115898 -0.136037 0.000701 -0.021889 0.013961 -0.224814 0.010957 -0.437749 -0.422158 -0.132723 -0.432533 0.051857 -0.302555 0.333168 0.082729 0.611496 -0.141023 -0.018703 0.142793 0.022442 0.199031 -0.070067 -0.039370 0.027898 0.098677 -0.151628 -0.089550 -0.172926 -0.094759 -0.377264 -0.263609 -0.234952 -0.264597 -0.191087 -0.235191 -0.102488 -0.073030 0.046139 0.060972 0.041006 0.280570 0.103227 -0.004789
-0.168151 -0.144195 0.152008 0.715826 0.072664 0.722907 0.232125 0.557137 -0.004903 0.750775 -0.208098 -0.021019 0.088280 -0.181951 0.145945 0.138217 -0.288956 -0.524426 0.137423 0.139047 -0.028824 0.199201 0.791077 1.000000 0.478976 0.659003 0.146799 0.615617 -0.508987 -0.505977 -0.157363 0.250581 -0.355924 0.142018 0.053308 0.327969 -0.525058 -0.471347 -0.192733 0.163624 -0.352149 -0.244341 0.035020 0.181242 -0.336819 -0.148650 -0.264496 0.069582 0.325299 -0.276404 0.428457 0.204502 0.022803 0.140338 0.010724 -0.032838 -0.126340 -0.258190 0.085074 -0.106219 -0.050750 -0.095030 -0.552115 -0.642336 0.319570 0.406548 -0.359375 0.204264 0.007024 0.135826 0.119774 -0.177285 -0.574445 0.154709 -0.172735 0.132076 -0.134058 -0.019360 -0.295071 -0.020419 -0.497230 -0.524731 -0.148679 -0.381889 -0.074241 -0.336644 0.273763 0.343068 0.465707 -0.070761 0.039080 0.097331 0.212113 0.133362 -0.180296 -0.076316 0.114964 0.174860 -0.196777 -0.149107 -0.168643 -0.248519 -0.348759 -0.339084 -0.303656 -0.295632 -0.238705 -0.313219 -0.051256 -0.026889 0.102200 0.091567 0.156734 0.223337 -0.051822 -0.148300
-0.262811 -0.437161 0.231206 0.127224 0.346700 0.606984 0.029733 0.231619 -0.099102 0.519934 -0.303227 -0.146464 -0.118118 -0.292565 -0.098921 -0.073171 -0.223890 -0.384659 -0.198667 -0.382447 -0.027797 0.219345 0.647362 0.478976 1.000000 0.710234 0.394591 0.636503 -0.499858 -0.438240 0.090005 0.281025 -0.254017 0.215848 0.391552 0.528674 -0.275074 -0.188286 0.095687 0.220844 -0.051850 -0.082293 -0.028384 0.384141 -0.079444 0.124080 -0.167390 0.096188 0.037516 -0.120552 0.356111 0.178118 -0.228702 -0.038323 -0.096583 0.083756 -0.010571 -0.212753 -0.006836 -0.173978 -0.147290 -0.192283 -0.510940 -0.429323 0.298670 0.285028 0.094301 0.377243 0.002298 -0.099236 0.038685 -0.155292 -0.460582 0.043657 -0.106842 -0.191592 -0.040023 0.013646 0.013555 -0.050484 -0.295333 -0.305734 -0.275621 -0.475965 0.021365 -0.235690 0.075213 -0.165215 0.334548 -0.198807 -0.438163 -0.219840 -0.224421 0.030594 0.146386 -0.094079 0.260957 0.325751 -0.193961 0.028380 -0.055691 -0.215576 -0.178322 -0.167917 -0.118114 -0.140617 -0.095312 -0.004447 -0.053527 -0.152876 0.090562 -0.145339 -0.068794 0.151343 0.086593 0.077280
-0.324290 -0.328642 0.019530 0.575212 0.268533 0.682497 -0.138657 0.515320 -0.010836 0.551701 -0.464998 -0.191119 -0.359080 -0.359199 -0.187974 -0.066337 -0.231381 -0.275336 0.057678 -0.234335 -0.013195 0.297295 0.630468 0.659003 0.710234 1.000000 0.386982 0.762934 -0.443777 -0.192531 0.225870 0.702620 -0.365296 0.204566 0.337181 0.580776 -0.339685 -0.162470 0.006300 0.332301 -0.087521 0.016411 -0.101259 0.166276 -0.133137 0.123253 -0.108489 0.099817 0.087659 -0.041398 0.225945 0.021607 -0.035039 0.216286 0.004933 0.110144 -0.094716 -0.280653 -0.148883 -0.160210 -0.241510 -0.201475 -0.553011 -0.512707 0.085836 0.219957 -0.183189 0.376425 -0.140840 -0.095276 0.178587 0.085979 -0.369129 0.200869 -0.065785 0.042072 -0.029448 0.125435 -0.101998 -0.011272 -0.442141 -0.371302 -0.118921 -0.214508 -0.283654 -0.401226 0.019568 0.304888 0.249737 -0.194621 -0.295115 -0.274336 -0.083045 -0.227525 0.125167 -0.067559 0.103054 0.262814 -0.165730 -0.093018 -0.024404 -0.331377 -0.202173 -0.277999 -0.188893 -0.108909 -0.215835 -0.105376 -0.057293 -0.096454 -0.061160 -0.020597 0.079843 0.315334 0.128525 0.020781
-0.247357 -0.121668 0.142793 0.146527 0.624865 0.399593 0.202901 0.137558 0.211797 0.205199 -0.100639 0.114569 0.068023 0.188515 0.138637 0.380989 -0.005547 0.004165 0.033410 -0.192877 0.212744 0.608080 0.187098 0.146799 0.394591 0.386982 1.000000 0.631412 -0.021492 0.060497 0.503349 0.394495 -0.077112 0.107925 0.093077 0.147267 -0.283532 0.396260 -0.062584 0.242893 0.095612 0.483757 -0.313234 -0.213777 -0.107789 -0.183256 -0.106323 -0.096839 -0.134096 0.044768 -0.059981 -0.109802 -0.250579 0.019536 -0.466797 -0.193252 -0.157250 -0.076529 -0.137762 -0.120814 -0.160759 -0.077762 -0.131722 -0.130096 0.213402 0.239037 -0.113684 -0.023690 -0.192292 -0.049699 0.081625 -0.020580 -0.013992 -0.150444 -0.003332 -0.054209 -0.203189 0.032629 -0.019424 -0.180591 -0.059662 -0.077890 0.108954 0.150292 -0.109930 -0.116946 -0.273696 0.140218 -0.151517 -0.557005 -0.137522 -0.132780 0.192485 0.213347 -0.117069 -0.355305 -0.167869 -0.206113 -0.291935 -0.128255 0.719230 0.173970 0.491743 0.381576 0.086756 0.108020 -0.278822 0.156924 -0.121525 -0.108132 -0.341838 -0.177704 -0.157116 -0.195438 -0.077774 -0.155540
-0.251799 -0.177235 -0.156370 0.467386 0.205507 0.890153 -0.112451 0.461653 -0.197968 0.595116 -0.399114 -0.070537 -0.207966 -0.155431 -0.090111 0.202168 -0.153857 -0.362110 -0.048680 -0.253751 -0.143106 0.444440 0.513131 0.615617 0.636503 0.762934 0.631412 1.000000 -0.445749 -0.303829 0.097668 0.475164 -0.300806 0.225575 0.137260 0.396868 -0.424190 0.052767 0.070114 0.594241 -0.240081 0.202105 -0.079033 0.237070 -0.178673 -0.019839 -0.126002 0.058473 0.141197 -0.094580 0.319586 0.177858 -0.180786 0.058699 -0.066537 0.158081 -0.049927 -0.208436 -0.085517 -0.133702 -0.265549 -0.163264 -0.524927 -0.565185 0.064175 0.394003 -0.267653 0.193548 -0.187997 -0.114820 -0.114320 -0.037446 -0.391588 0.016007 -0.190077 0.040677 -0.197671 -0.021776 -0.074452 -0.097875 -0.382297 -0.398163 -0.328425 -0.331548 -0.295594 -0.435271 -0.196404 0.099382 0.081129 -0.417255 -0.305822 -0.213695 0.033740 -0.112898 0.117196 -0.012396 0.263480 0.306411 -0.255255 0.045805 0.196430 -0.237288 -0.003927 0.014212 -0.002556 -0.004673 -0.307852 0.007425 -0.124015 -0.050666 0.093302 -0.030664 0.075646 0.220689 0.166621 0.062857
0.287167 0.195094 0.052857 -0.321730 0.023540 -0.551227 0.052791 -0.514565 0.162341 -0.656270 0.550507 -0.019157 0.186081 0.015880 0.275756 -0.161686 0.585086 0.603606 0.418805 0.310830 0.180948 -0.085749 -0.471878 -0.508987 -0.499858 -0.443777 -0.021492 -0.445749 1.000000 0.670505 0.351528 -0.075274 0.461741 -0.118559 -0.332153 -0.573577 0.568353 0.433211 0.176860 -0.241607 0.411943 0.400377 -0.192723 -0.360202 -0.066085 -0.192525 0.169885 -0.139790 -0.373464 -0.112350 -0.464900 -0.559936 0.035774 -0.088051 -0.239506 -0.232590 0.094834 0.378646 -0.255314 -0.428489 0.043016 -0.250689 0.782841 0.461337 -0.073209 -0.640233 -0.250380 -0.608839 -0.064507 -0.344420 0.020266 0.182453 0.769659 0.117188 0.436125 0.153164 0.316257 -0.007240 0.342425 0.269819 0.623055 0.669695 0.627145 0.697571 0.211720 0.391267 -0.025215 0.090522 -0.360488 -0.232136 0.184049 0.180054 -0.027071 0.282979 -0.138203 0.058177 -0.279329 -0.308319 0.180400 -0.026837 0.279667 0.544703 0.357929 0.293723 -0.135808 0.020816 -0.059654 -0.131413 0.128322 0.230814 -0.222100 0.104693 0.098476 -0.268580 -0.212607 -0.105593
-0.072138 0.167680 -0.186746 -0.174055 0.104730 -0.502257 -0.256465 -0.147623 0.277193 -0.532023 0.016400 -0.097137 -0.253965 0.132529 -0.095818 -0.061534 0.548333 0.698968 0.278551 0.192034 0.173188 0.037137 -0.507033 -0.505977 -0.438240 -0.192531 0.060497 -0.303829 0.670505 1.000000 0.457190 0.367301 0.279787 0.082644 -0.039523 -0.223475 0.466138 0.502611 0.041710 -0.180152 0.549448 0.495990 -0.311943 -0.461290 -0.029779 -0.077598 0.135226 -0.195140 -0.599336 -0.029725 -0.643102 -0.648692 -0.027509 -0.133229 -0.313219 -0.231843 0.153111 0.375901 -0.493052 -0.162132 -0.223555 -0.178450 0.627356 0.643244 -0.348351 -0.549103 -0.213899 -0.297076 -0.185615 -0.187359 0.051540 0.537951 0.809927 0.099507 0.416496 0.138779 0.247669 0.171233 0.327921 0.338461 0.524245 0.745836 0.491934 0.818795 -0.116474 0.270260 -0.260734 0.240282 -0.399284 -0.159888 0.091243 -0.266065 -0.121793 -0.220197 -0.015126 -0.111077 -0.425643 -0.331039 0.022224 -0.048932 0.327063 0.241659 0.379415 0.157616 -0.068395 0.197033 -0.046310 -0.023245 -0.058680 0.062221 -0.178483 0.032613 0.124861 -0.302850 -0.100970 -0.121371
-0.203375 -0.132874 0.325429 -0.097025 0.588550 -0.165855 0.108612 -0.033249 0.387059 -0.221555 0.036410 -0.024557 -0.063382 0.071335 -0.006000 -0.024432 0.135991 0.252670 0.171562 -0.050616 0.343203 0.270107 -0.070765 -0.157363 0.090005 0.225870 0.503349 0.097668 0.351528 0.457190 1.000000 0.529618 0.094675 -0.020002 0.098811 0.037652 0.041640 0.300715 0.074520 -0.076074 0.492852 0.343284 -0.337969 -0.318751 0.078542 -0.032824 0.113698 -0.103000 -0.265401 0.133021 -0.229910 -0.357469 -0.075706 0.019218 -0.318774 -0.138721 -0.033499 -0.058112 -0.204787 -0.166929 -0.101863 -0.135991 0.209052 0.160709 0.002557 -0.256724 -0.082334 -0.093310 -0.220684 -0.106608 0.249038 0.144231 0.393543 0.013068 0.277010 -0.039520 0.013497 0.072709 0.018951 -0.074305 0.149484 0.204240 0.487600 0.524978 -0.216826 0.019983 -0.077949 0.248485 -0.322416 -0.358470 -0.121179 -0.099797 -0.151271 -0.003091 -0.050987 -0.291099 -0.332437 -0.292532 -0.037842 -0.105333 0.359389 0.192261 0.208103 0.151452 -0.018241 0.162683 -0.028699 0.179115 -0.039723 -0.113048 -0.371294 -0.121162 -0.038057 -0.206450 -0.034983 -0.019681
-0.420343 -0.097448 -0.009081 0.371898 0.377820 0.238935 -0.226911 0.427157 0.194097 0.223165 -0.470975 -0.130104 -0.462135 -0.071275 -0.310642 0.011110 -0.051831 0.060881 0.200234 -0.122603 0.074088 0.237921 0.170970 0.250581 0.281025 0.702620 0.394495 0.475164 -0.075274 0.367301 0.529618 1.000000 -0.251566 0.287272 0.246223 0.410108 -0.094050 0.125246 0.039084 0.245818 0.187733 0.296963 -0.337627 -0.177508 -0.124097 0.020947 -0.037121 -0.068559 -0.235090 -0.003388 -0.214989 -0.361532 -0.112839 0.030624 -0.096981 -0.031691 -0.021086 -0.095548 -0.344435 -0.029025 -0.322603 -0.096969 -0.217756 -0.074668 -0.127741 0.021702 -0.160304 0.188390 -0.108604 -0.014210 0.173247 0.372013 0.091298 0.136442 0.147781 0.135653 0.043345 0.174867 0.013160 0.101208 -0.184412 0.009362 0.206743 0.300056 -0.449228 -0.329957 -0.128931 0.526676 -0.082039 -0.250701 -0.285317 -0.506413 -0.222120 -0.448060 0.149618 -0.100278 -0.122546 0.051201 -0.174714 -0.036484 0.130679 -0.220072 -0.049355 -0.202431 -0.136079 0.097797 -0.178942 0.005221 -0.041216 -0.071768 -0.093563 0.024656 0.135988 0.175192 0.095533 -0.009388
0.192978 0.128299 0.057759 -0.347831 -0.074689 -0.312357 0.083272 -0.305710 0.033773 -0.388851 0.292678 -0.063665 0.092198 0.085852 0.187961 -0.045704 0.376563 0.222904 0.300063 0.268089 -0.007338 -0.031573 -0.334255 -0.355924 -0.254017 -0.365296 -0.077112 -0.300806 0.461741 0.279787 0.094675 -0.251566 1.000000 0.315291 -0.122744 -0.380442 0.432515 0.264211 0.144010 -0.167758 0.351361 0.178401 -0.120411 -0.159271 -0.095809 -0.231290 -0.021241 -0.151630 -0.354715 -0.295241 -0.292647 -0.325983 -0.179729 -0.238693 -0.164800 -0.169694 0.053465 0.325701 -0.267296 -0.285179 0.007067 -0.089108 0.553394 0.372198 0.062211 -0.320588 0.015932 -0.408006 0.306730 -0.069393 -0.155135 0.044477 0.413988 0.132698 0.418087 -0.041751 0.167025 -0.053172 0.544364 0.299553 0.530190 0.478512 0.129677 0.208632 0.259706 0.249387 -0.168721 -0.221133 -0.137151 -0.171626 -0.040034 0.010884 -0.006420 0.191757 -0.152363 0.037669 0.039403 -0.032153 0.041339 -0.079532 0.085462 0.337424 0.202391 0.256860 -0.054102 -0.041080 0.062142 -0.007131 0.009773 0.287595 0.047838 0.049603 0.150403 -0.159102 -0.157538 0.009775
-0.217857 -0.071474 -0.062105 0.094691 0.043205 0.164081 -0.016800 0.071001 -0.083822 0.165400 -0.261277 -0.073750 -0.034833 0.012446 0.003005 0.111969 0.074840 -0.155809 0.208861 0.211153 -0.015826 0.216917 0.151024 0.142018 0.215848 0.204566 0.107925 0.225575 -0.118559 0.082644 -0.020002 0.287272 0.315291 1.000000 0.155964 0.190041 -0.024663 0.025678 0.046552 0.117959 0.133918 0.162887 -0.241902 -0.038769 -0.375472 -0.207980 -0.261796 -0.143291 -0.341258 -0.454363 -0.160936 -0.337340 -0.435086 -0.293711 -0.126987 -0.110879 -0.101909 0.042913 -0.362223 -0.185808 -0.267834 -0.100555 -0.099534 0.015085 0.150484 0.229189 0.025690 -0.010777 0.502440 0.133766 -0.065339 0.214481 -0.006432 0.312617 0.308820 0.188817 0.108399 0.079415 0.366577 0.457568 0.001714 0.186092 -0.129751 -0.125164 0.006079 -0.272313 0.028228 -0.005438 0.290120 -0.134002 -0.325488 -0.390829 -0.132697 -0.106220 0.126092 0.028534 0.192554 0.254213 -0.227006 0.027822 0.021682 -0.140145 -0.064516 -0.035677 -0.048842 0.021703 -0.067732 0.054528 -0.116450 -0.009703 0.336847 0.038885 0.036987 0.097063 -0.023408 0.055039
-0.460736 -0.397100 0.002908 0.018893 0.275043 0.000795 -0.236666 0.055163 -0.035478 0.096743 -0.470378 -0.258459 -0.444136 -0.253477 -0.428324 -0.256830 -0.191367 0.011932 -0.358773 -0.336400 0.096224 0.073463 0.284109 0.053308 0.391552 0.337181 0.093077 0.137260 -0.332153 -0.039523 0.098811 0.246223 -0.122744 0.155964 1.000000 0.842490 -0.006282 -0.179822 -0.094141 -0.001720 -0.066142 -0.126057 -0.081064 -0.102426 0.260805 0.460069 -0.015274 0.104075 -0.351587 0.344704 -0.065176 -0.150012 -0.186863 0.094709 -0.198000 0.083503 -0.073323 -0.111265 -0.224445 0.173518 -0.327220 -0.178944 -0.203036 0.026921 0.101779 0.077127 0.454157 0.685203 0.025068 0.285232 0.130318 0.171051 -0.120565 0.007836 -0.085910 -0.200492 0.071649 0.286526 0.145021 -0.049837 -0.019012 0.047393 -0.144484 -0.103775 -0.110145 -0.001782 -0.120937 -0.121028 0.190624 0.052642 -0.386467 -0.419322 -0.232028 -0.215057 0.004552 -0.099680 -0.261661 -0.137390 -0.317960 -0.170975 -0.162489 -0.322933 -0.216185 -0.338971 -0.156422 -0.085443 0.094365 0.125796 -0.117846 -0.083092 -0.106600 -0.156039 -0.164362 0.052376 0.088574 -0.055796
-0.464568 -0.459611 -0.072910 0.238347 0.256302 0.311650 -0.287958 0.266188 -0.039818 0.407288 -0.626835 -0.265871 -0.452654 -0.243659 -0.430878 -0.096646 -0.361285 -0.228810 -0.362598 -0.411649 0.034296 0.067432 0.435064 0.327969 0.528674 0.580776 0.147267 0.396868 -0.573577 -0.223475 0.037652 0.410108 -0.380442 0.190041 0.842490 1.000000 -0.236071 -0.262723 -0.044496 0.130380 -0.149510 -0.197969 -0.033860 0.073201 0.173615 0.418143 -0.049848 0.153562 -0.136225 0.264488 0.128326 -0.006342 -0.146699 0.132452 -0.020849 0.212956 -0.085309 -0.291837 -0.104576 0.204193 -0.327065 -0.135516 -0.480261 -0.236931 0.008054 0.302464 0.328102 0.729328 0.036161 0.276609 0.181839 0.098721 -0.357605 0.022314 -0.211661 -0.170387 -0.051945 0.207122 -0.029729 -0.110058 -0.309050 -0.235341 -0.299620 -0.306841 -0.258072 -0.233350 -0.044549 0.003226 0.290203 0.091678 -0.384950 -0.388289 -0.128072 -0.292457 0.089922 -0.092318 -0.050575 0.023861 -0.291624 -0.078806 -0.208904 -0.503681 -0.342336 -0.396230 -0.090178 -0.011917 0.016599 0.157888 -0.149767 -0.216363 -0.027588 -0.159131 -0.121060 0.168301 0.157085 0.002980
