1.000000 0.048798 0.102897 0.102742 0.233502 -0.012128 0.224477 -0.109749 0.060606 -0.061133 0.402503 -0.015397 0.232929 0.081295 0.126361 0.240330 0.057260 -0.133200 0.269921 0.234807 0.248624 0.066500 -0.052966 0.075518 -0.042380 -0.122812 0.123113 -0.002469 0.322282 -0.064784 -0.018985 -0.090351 -0.059822 -0.034773 -0.508766 -0.433890 -0.078977 -0.197419 0.186509 -0.083149 0.137225 0.250197 0.088404 -0.079920 0.434615 0.407660 -0.078548 -0.231547 0.348178 0.447660 0.166329 0.165955 0.094737 -0.018770 0.092293 -0.111575 0.189817 0.028410 0.103651 0.042877 -0.058159 0.088662 0.007385 0.000852 -0.439638 -0.294409 -0.062731 -0.250847 0.151951 0.125541 -0.010298 -0.276743 0.088088 -0.083349 0.186104 -0.027998 -0.233288 -0.271573 -0.154706 -0.210221 0.042895 -0.242227 0.213044 0.197921 -0.191218 -0.299629 -0.054622 0.110797 -0.258152 -0.057928 0.187180 0.127716 -0.114750 0.075289 -0.167783 -0.110988 -0.216956 -0.098291 0.298819 0.189364 0.085384 0.125179 0.112594 0.139864 0.013560 0.050466 -0.181585 0.141756 -0.028394 -0.308473 -0.438205 -0.047466 -0.054433 0.046450 -0.052863 -0.015127
0.048798 1.000000 -0.419185 0.213155 -0.007707 -0.095371 -0.239698 0.145250 0.006183 0.125568 0.097273 0.110527 0.152205 0.230792 0.239214 0.313328 -0.050966 0.067837 0.223908 0.752963 -0.180611 0.061039 -0.328558 -0.411728 -0.144226 -0.287330 -0.152288 -0.321804 0.078927 0.177884 -0.405500 -0.493211 0.538139 0.274739 -0.248034 -0.374766 0.204590 0.192576 -0.052581 0.311802 0.079022 -0.073374 -0.211908 -0.147780 -0.124826 -0.223606 -0.143638 -0.180578 -0.033915 0.082667 -0.166690 -0.172415 0.010907 0.095016 0.040474 0.150783 -0.004080 0.719924 -0.036261 -0.052151 0.100243 0.605249 0.144671 0.383907 -0.247961 -0.051428 -0.363176 -0.383288 0.542143 0.702228 -0.285932 -0.425854 0.048550 0.170293 0.062073 -0.004545 -0.102046 -0.218301 -0.095594 -0.077637 -0.207554 -0.097251 -0.051929 0.251855 -0.174182 -0.273639 -0.263523 -0.049370 -0.033854 0.158940 -0.261443 -0.127535 0.076309 0.050496 -0.031565 0.238215 0.047043 0.213053 -0.137944 0.351902 0.199187 0.119872 0.207256 0.114790 0.098044 0.242172 0.076778 0.287529 0.264997 -0.110224 -0.226079 0.150358 0.319428 0.448499 0.050648 0.350874
0.102897 -0.419185 1.000000 0.280158 0.479709 0.328220 0.702879 0.433287 0.409663 0.211309 -0.023106 -0.170383 0.088020 0.086752 0.112171 0.154469 -0.131531 -0.363933 0.184471 -0.316962 0.307056 0.158827 0.489071 0.580384 0.500100 0.487028 0.344156 0.448670 -0.050302 -0.431734 0.571389 0.605924 -0.048539 0.264664 -0.001414 0.141205 -0.198513 -0.342807 -0.088354 -0.240226 0.085981 0.220502 -0.099425 -0.158017 0.194311 0.272617 -0.188281 -0.181226 -0.007188 -0.089826 0.066114 -0.060214 -0.070081 -0.253645 -0.017592 -0.268247 -0.008392 -0.460839 0.098253 0.009041 0.167504 -0.377291 0.081553 -0.312460 0.302176 0.183784 0.400445 0.293653 -0.338158 -0.327494 0.062016 0.111417 -0.210767 -0.225727 -0.177484 0.057995 -0.289334 -0.228683 -0.113133 -0.355687 0.096146 -0.310126 0.217789 0.006203 0.150090 0.006358 0.062355 0.153314 0.138848 -0.194923 0.156845 0.160823 0.042031 -0.072198 0.053688 -0.308907 -0.037873 -0.229135 0.049719 -0.316034 -0.107219 -0.170540 -0.184405 -0.218451 -0.186068 -0.301883 -0.187008 -0.167124 -0.157104 -0.173549 -0.035814 -0.337018 -0.366672 -0.294542 -0.021911 -0.305217
0.102742 0.213155 0.280158 1.000000 0.085963 0.218873 0.152774 0.674067 0.261585 0.426116 0.196082 0.319092 -0.044689 0.317235 0.364452 0.424507 -0.139847 -0.190626 0.117816 0.320222 -0.003562 0.024027 0.498188 0.547671 0.104836 0.383998 -0.081279 0.142978 0.032880 -0.324162 0.097428 0.326810 -0.027562 0.179427 -0.055603 0.023026 -0.016358 -0.233691 -0.050572 -0.064943 0.059278 -0.020732 -0.278984 -0.203788 -0.063962 0.045239 -0.222894 -0.229492 -0.102060 -0.068423 -0.106589 -0.178324 -0.084590 -0.156739 -0.005751 -0.154093 -0.174073 -0.073592 -0.302618 -0.225688 -0.028559 0.116892 0.012444 -0.039234 0.278549 0.322553 -0.302698 -0.031505 0.202430 0.108220 -0.027935 -0.210720 -0.254358 -0.198507 -0.355143 0.114155 -0.198844 -0.170557 -0.092970 -0.202403 -0.151246 -0.359461 0.413761 0.402794 0.299357 0.250551 0.212024 0.487613 0.331858 0.146026 0.046927 -0.019195 0.327022 -0.191394 -0.121489 -0.186495 -0.155030 -0.165540 -0.054198 -0.177194 0.098504 -0.198998 -0.132520 -0.316268 -0.197007 -0.212958 0.024763 -0.211523 -0.148721 -0.281430 -0.192506 -0.310915 -0.223298 -0.043882 -0.086745 -0.154937
0.233502 -0.007707 0.479709 0.085963 1.000000 0.271791 0.634067 0.225202 0.570608 0.306716 0.099763 0.017681 0.396089 0.333081 0.299137 0.485068 -0.048273 -0.105624 0.251241 -0.023874 0.167865 0.176516 0.011853 0.087182 0.565366 0.095557 0.557640 0.320283 0.286416 0.034750 0.485426 0.253077 0.147340 0.240849 -0.308898 -0.196185 0.003208 -0.247692 -0.202245 -0.194670 0.119531 0.421164 -0.043021 -0.122355 0.193970 0.196613 -0.144905 -0.178866 0.076093 -0.001861 0.037918 -0.098024 -0.007553 -0.143602 -0.176653 -0.330825 -0.038383 -0.145991 0.076400 -0.046661 0.234119 -0.079458 0.339984 0.096685 -0.139937 -0.240035 0.192254 -0.080150 -0.039666 -0.038251 0.129912 0.040409 0.048199 0.034853 0.003413 0.264618 -0.128987 -0.144713 -0.023343 -0.205697 0.230667 -0.013540 0.057911 0.340212 -0.112158 -0.206813 -0.188956 0.182280 -0.171662 -0.387616 -0.064372 -0.032320 -0.066309 0.042675 -0.193215 -0.231457 -0.122929 -0.230602 0.108626 -0.126300 0.001199 -0.097873 0.022160 -0.063646 -0.100813 -0.177058 -0.326564 -0.007597 -0.108111 -0.278543 -0.121702 -0.130472 -0.255046 -0.192098 -0.280666 -0.221674
-0.012128 -0.095371 0.328220 0.218873 0.271791 1.000000 -0.000092 0.243983 0.000717 0.496153 -0.220853 -0.184152 -0.335464 -0.261193 -0.191799 0.037036 -0.298102 -0.358529 0.264369 0.009038 0.031778 0.442868 0.548000 0.478076 0.645155 0.774353 0.717296 0.841444 -0.408400 -0.263086 0.394407 0.434863 0.323252 0.434939 0.265460 0.234852 -0.214911 -0.114689 -0.259115 0.034090 -0.337272 -0.031428 -0.217961 -0.079044 -0.212733 -0.041706 -0.172975 -0.176136 -0.261434 -0.206656 -0.175832 -0.129113 -0.300657 -0.268126 -0.314103 -0.158388 -0.105460 0.058034 -0.224149 0.016381 -0.317509 -0.166412 -0.392032 -0.350566 0.439742 0.375247 0.172553 0.543881 0.179979 0.098073 -0.046658 -0.074952 -0.422734 -0.167007 -0.406352 -0.100016 -0.161968 -0.052824 -0.189751 -0.101849 -0.259629 -0.371653 -0.136263 -0.164339 0.357838 0.147819 0.207746 -0.009963 0.197556 -0.005219 -0.239261 -0.016160 0.013093 -0.185225 0.185733 0.052434 0.039512 0.059280 -0.305520 -0.010413 -0.219761 -0.152389 -0.278929 -0.036404 0.058349 -0.038092 -0.085221 -0.092621 0.148503 -0.091550 0.026956 -0.155047 -0.071483 -0.046366 0.105303 0.036040
0.224477 -0.239698 0.702879 0.152774 0.634067 -0.000092 1.000000 0.312265 0.481806 0.151586 0.171604 0.050352 0.519772 0.450458 0.381775 0.397235 0.032927 -0.082660 0.134158 -0.203046 0.140706 -0.142555 0.177318 0.221004 0.314864 0.094041 0.223343 0.095039 0.360066 -0.116952 0.407131 0.389161 -0.234344 0.082263 -0.223229 -0.099855 -0.114777 -0.371977 -0.119569 -0.377114 0.139887 0.348701 -0.014850 -0.129370 0.281828 0.314072 -0.176089 -0.237190 0.164720 0.053969 0.143822 -0.027085 0.120749 -0.154626 -0.127208 -0.409550 0.020045 -0.304937 0.170088 -0.031880 0.413181 -0.086380 0.502631 0.117570 0.005389 -0.116810 0.238827 -0.121634 -0.114192 -0.121120 0.063913 0.124483 0.079294 -0.176699 0.049699 0.144362 -0.180698 -0.168778 -0.010615 -0.248052 0.269599 -0.086730 0.363612 0.352297 -0.040510 -0.170299 0.001511 0.340691 -0.018649 -0.406333 0.046110 -0.036434 -0.041481 0.013029 -0.157617 -0.380967 -0.265722 -0.358939 0.144636 -0.305411 -0.051143 -0.112473 -0.029477 -0.146214 -0.154593 -0.269775 -0.316573 -0.130015 -0.203835 -0.337270 -0.219741 -0.412211 -0.352728 -0.246035 -0.180222 -0.353192
-0.109749 0.145250 0.433287 0.674067 0.225202 0.243983 0.312265 1.000000 0.185858 0.551096 0.043048 0.169840 0.008435 0.539496 0.243018 0.489584 0.083746 -0.293230 0.061297 -0.029334 0.122716 0.094998 0.296452 0.387581 0.376969 0.393633 0.146545 0.189656 0.003727 -0.359728 0.314123 0.335405 0.104427 0.397633 0.094977 0.091428 -0.014293 -0.330410 0.030860 -0.161317 0.064490 0.111486 -0.349064 -0.244456 -0.190871 -0.110220 -0.230812 -0.274248 -0.256645 -0.327468 -0.074940 -0.237799 -0.088251 -0.430011 0.099504 -0.233635 0.137068 -0.020539 -0.198992 -0.018665 0.021254 -0.049052 0.109512 -0.078822 0.422188 0.416405 -0.002731 0.253425 0.015541 0.062008 0.072359 -0.077560 -0.187580 -0.211903 -0.293970 0.131414 -0.370543 -0.318580 0.052791 -0.323663 0.086098 -0.263066 0.232120 0.251730 0.406160 0.271450 0.269602 0.423687 0.308072 -0.000097 0.042852 0.041472 0.421398 -0.149437 -0.021238 -0.349612 -0.054079 -0.277516 -0.067649 -0.309105 0.083259 -0.221660 -0.006101 -0.347058 -0.186738 -0.341583 -0.076618 -0.319190 -0.117369 -0.381352 0.045234 -0.180156 -0.269962 -0.188575 -0.094231 -0.189999
0.060606 0.006183 0.409663 0.261585 0.570608 0.000717 0.481806 0.185858 1.000000 0.277724 0.349442 0.253765 0.345089 0.341511 0.707711 0.516273 -0.172249 0.012596 -0.206013 -0.133125 0.092583 0.008575 0.306113 0.311291 0.229370 0.133839 -0.024653 0.028693 0.083646 -0.115056 0.122246 0.161223 -0.156542 -0.131442 -0.156732 0.040223 0.022056 -0.188536 -0.081459 -0.106174 0.177621 0.121125 -0.161857 -0.210790 0.068334 0.107029 -0.214438 -0.095264 0.137369 0.014281 0.059798 0.028846 0.172829 0.161655 0.012840 -0.229150 -0.219512 -0.301993 0.087968 -0.143394 0.564610 0.145990 0.294010 0.080378 0.180832 0.111975 -0.076742 -0.182763 -0.200551 -0.196424 0.108367 -0.145691 -0.225983 0.166176 0.005959 0.172064 0.032677 -0.064460 -0.114446 -0.216070 -0.052643 -0.180528 0.415409 0.264189 0.192199 0.010178 -0.046136 0.267255 0.383310 0.002902 0.117553 0.090758 0.237132 -0.007819 -0.073240 -0.211361 -0.188296 -0.243481 0.058482 -0.149421 0.063249 -0.288664 -0.146006 -0.327942 -0.315595 -0.309501 -0.083508 -0.056054 -0.244590 -0.268111 -0.174049 -0.287410 -0.195551 -0.181063 -0.221868 -0.264320
-0.061133 0.125568 0.211309 0.426116 0.306716 0.496153 0.151586 0.551096 0.277724 1.000000 -0.016991 0.196666 0.123275 0.393959 0.269097 0.490828 -0.082208 -0.280903 0.058153 0.054959 0.034723 0.192782 0.332235 0.415700 0.478475 0.418594 0.337115 0.312356 -0.152436 -0.266611 0.165549 0.231724 0.102561 0.232296 -0.010456 0.030907 -0.159336 -0.306930 -0.206696 -0.184094 -0.122500 0.106889 -0.482910 -0.418890 -0.247934 -0.100936 -0.363045 -0.320401 -0.088751 -0.145994 -0.031620 -0.026442 -0.023990 -0.211184 -0.190022 -0.297811 -0.058087 0.039662 -0.045855 0.175805 0.034368 0.179020 -0.015202 0.016138 0.310558 0.545703 -0.059018 0.277533 0.087938 0.196942 0.095359 -0.260946 -0.334611 -0.133060 -0.329343 -0.000055 -0.308277 -0.245405 -0.139135 -0.294478 -0.064998 -0.288638 0.025702 0.197310 0.281779 0.108623 0.218373 0.440924 0.285907 0.044967 0.118378 0.204854 0.462504 -0.118977 -0.130405 -0.218666 -0.250616 -0.223464 -0.118255 -0.154455 0.097454 -0.176536 -0.062496 -0.166182 -0.088681 -0.239110 0.095182 -0.266534 -0.115426 -0.264122 0.120818 -0.088098 -0.181028 -0.224596 -0.061114 -0.275748
0.402503 0.097273 -0.023106 0.196082 0.099763 -0.220853 0.171604 0.043048 0.349442 -0.016991 1.000000 0.283676 0.360061 0.230803 0.485443 0.237763 0.157883 0.163245 -0.228918 -0.041114 0.233814 0.044827 0.135690 0.191902 -0.120909 -0.092406 -0.214085 -0.153008 0.322030 -0.132676 -0.157359 -0.113236 -0.246089 -0.209687 -0.132151 -0.063759 0.123698 -0.203554 0.062348 -0.166607 0.212417 -0.001800 0.026816 -0.038126 0.162645 0.172505 -0.119026 -0.174863 0.303886 0.163800 0.131041 0.134128 0.290836 -0.016037 0.171242 -0.190925 0.044512 -0.081345 0.115049 -0.057165 0.261852 0.121008 0.202618 0.128511 -0.062212 -0.149482 -0.180017 -0.213790 -0.085989 -0.041730 0.112792 -0.124910 -0.030124 0.087098 0.174113 0.129249 0.019498 -0.053223 0.084960 -0.091817 0.174975 -0.114171 0.463656 0.194984 0.292234 0.055862 0.223911 0.288190 0.156666 0.039601 0.140627 0.004201 0.070158 -0.061382 -0.171102 -0.207867 -0.306970 -0.250906 0.229849 -0.075340 0.031391 -0.144137 -0.117873 -0.253727 -0.279658 -0.190362 -0.124502 -0.138674 -0.063437 -0.407352 -0.420652 -0.351463 -0.129014 -0.061224 -0.289969 -0.114809
-0.015397 0.110527 -0.170383 0.319092 0.017681 -0.184152 0.050352 0.169840 0.253765 0.196666 0.283676 1.000000 0.297402 0.499947 0.418697 0.266915 -0.064746 0.535195 -0.300887 -0.009105 -0.191242 -0.288100 -0.045567 -0.023512 -0.189645 -0.213035 -0.319334 -0.305123 0.087737 0.222050 -0.099921 -0.169244 -0.230483 -0.343967 0.039707 0.125876 -0.007599 -0.056989 -0.093687 -0.120098 -0.036767 -0.081052 0.108313 0.151373 -0.029373 -0.049971 -0.018392 0.075510 0.180525 0.053429 0.208686 0.309523 0.078437 0.266559 -0.172561 -0.037872 -0.208538 -0.218000 -0.097810 -0.177117 0.079553 0.338234 0.104207 0.179152 -0.076700 0.148199 -0.352497 -0.213111 0.067560 -0.062000 0.384602 0.035444 -0.118247 0.217382 0.009596 0.239563 0.375351 0.338510 0.031734 0.281833 -0.107795 0.127188 0.075757 0.331619 0.188993 0.551187 0.018860 0.361005 0.029845 0.221547 -0.017897 -0.195558 0.179809 -0.229298 -0.399626 -0.149881 -0.208850 -0.167127 0.044152 -0.120958 -0.061774 -0.399165 -0.245121 -0.423185 -0.433412 -0.333851 -0.026782 -0.234774 -0.211776 -0.280240 -0.116881 -0.222531 -0.246353 -0.249127 -0.276021 -0.216084
0.232929 0.152205 0.088020 -0.044689 0.396089 -0.335464 0.519772 0.008435 0.345089 0.123275 0.360061 0.297402 1.000000 0.608023 0.615175 0.414809 0.070635 0.246443 0.007926 0.079604 0.106003 -0.251873 -0.339762 -0.259121 -0.136343 -0.411944 -0.017875 -0.307505 0.463609 0.169316 -0.085563 -0.156528 -0.210777 -0.160700 -0.419057 -0.316633 -0.000199 -0.148572 -0.009902 -0.236753 0.183702 0.392592 -0.022033 -0.157496 0.359589 0.245665 -0.092073 -0.166727 0.449104 0.296484 0.275741 0.180123 0.337727 0.056814 -0.109057 -0.185421 -0.033158 -0.146816 0.429936 0.014815 0.659566 0.397556 0.678000 0.499861 -0.373824 -0.204799 0.017008 -0.456364 -0.015009 0.041319 0.061563 -0.011177 0.229898 0.086586 0.394837 0.281470 -0.109968 -0.180782 -0.093400 -0.202819 0.241908 0.097481 0.163358 0.434419 -0.345411 -0.319547 -0.253641 0.298194 -0.211082 -0.257238 0.250546 0.097551 0.038606 0.009377 -0.368692 -0.238773 -0.176368 -0.263528 0.318968 -0.036519 0.028258 -0.114073 0.083855 -0.151633 -0.257640 -0.222864 -0.202596 0.024335 -0.157612 -0.161591 -0.133572 -0.205556 -0.133183 -0.117059 -0.358238 -0.264151
0.081295 0.230792 0.086752 0.317235 0.333081 -0.261193 0.450458 0.539496 0.341511 0.393959 0.230803 0.499947 0.608023 1.000000 0.569515 0.686820 0.155305 0.158969 -0.033325 0.026644 -0.029438 -0.238802 -0.190162 -0.104098 -0.083709 -0.245814 -0.100708 -0.294001 0.325653 0.128587 0.052231 -0.057157 -0.169340 -0.078690 -0.314100 -0.284226 0.027005 -0.223842 -0.008269 -0.220470 0.192741 0.256570 -0.226373 -0.231256 -0.012165 -0.029065 -0.225123 -0.235410 0.112153 -0.007670 0.074211 0.015749 0.137359 -0.074300 0.023858 -0.195684 0.094506 -0.069439 0.082532 0.001113 0.408504 0.317351 0.514141 0.389233 -0.105543 0.083186 -0.241888 -0.371047 0.051515 0.059555 0.205347 -0.040875 0.106938 0.024743 0.083004 0.281127 -0.183528 -0.197827 0.015888 -0.189815 0.162497 0.033128 0.247570 0.577802 -0.030504 0.040429 0.015568 0.520054 0.018833 -0.023025 0.100898 -0.014766 0.329492 0.022584 -0.389450 -0.359933 -0.195294 -0.320954 0.101588 -0.153522 0.219178 -0.093546 0.159323 -0.177475 -0.167079 -0.215106 -0.136528 -0.149395 -0.279156 -0.308774 -0.105818 -0.107141 -0.209453 -0.180168 -0.231890 -0.245171
0.126361 0.239214 0.112171 0.364452 0.299137 -0.191799 0.381775 0.243018 0.707711 0.269097 0.485443 0.418697 0.615175 0.569515 1.000000 0.652514 -0.176865 0.078241 -0.187387 0.086104 0.047723 -0.159133 0.103813 0.128447 -0.124387 -0.080313 -0.186257 -0.252546 0.217295 -0.039891 -0.187208 -0.032623 -0.223316 -0.231327 -0.254577 -0.154592 0.035492 -0.114915 0.091351 -0.005683 0.180504 0.154371 -0.351862 -0.399497 -0.051842 -0.041052 -0.409202 -0.302150 0.164850 0.020197 0.009576 -0.038413 0.216681 0.111069 0.047108 -0.125448 -0.258218 -0.189039 0.143930 -0.131465 0.668837 0.405600 0.433066 0.263670 0.090587 0.152914 -0.288029 -0.406199 -0.039668 0.000241 0.073822 -0.271831 -0.162228 0.131842 0.109412 0.335456 -0.108912 -0.206884 -0.217459 -0.355483 -0.088882 -0.235818 0.551703 0.520335 0.178183 -0.047367 -0.009209 0.448673 0.369612 0.158434 0.178577 0.204120 0.427047 0.111496 -0.252958 -0.140082 -0.212411 -0.235476 -0.011175 -0.013155 0.249540 -0.129347 0.052802 -0.221919 -0.192178 -0.158797 0.041410 0.003927 -0.202167 -0.257890 -0.240087 -0.244318 -0.028164 0.071252 -0.175044 -0.101699
0.240330 0.313328 0.154469 0.424507 0.485068 0.037036 0.397235 0.489584 0.516273 0.490828 0.237763 0.266915 0.414809 0.686820 0.652514 1.000000 -0.056932 -0.181507 0.159475 0.229001 0.167878 -0.002246 0.043229 0.113323 0.146038 0.018051 0.128709 -0.090558 0.287057 0.021374 0.092269 0.104506 0.043929 0.109960 -0.428714 -0.390113 0.129880 -0.091013 0.099694 0.055520 0.264504 0.243848 -0.384690 -0.390230 -0.089107 -0.042301 -0.359130 -0.353358 -0.063814 -0.050970 -0.160793 -0.196494 -0.021621 -0.070587 -0.019679 -0.073718 -0.044715 0.016228 -0.100591 -0.088633 0.243237 0.314686 0.314670 0.225321 -0.014322 0.126914 -0.308253 -0.345771 0.307756 0.162476 0.061597 -0.294710 -0.007695 0.073097 -0.033106 0.257251 -0.307104 -0.337051 -0.147506 -0.392399 -0.009676 -0.252382 0.396649 0.618300 0.089344 -0.110212 -0.025869 0.398405 0.165845 0.056250 0.015573 0.079759 0.385165 0.133222 -0.223086 -0.113573 -0.138328 -0.137904 -0.080962 0.156848 0.287670 -0.035600 0.132034 -0.093436 -0.033167 -0.020409 -0.082853 0.059400 -0.159151 -0.379843 -0.286504 -0.055716 0.043768 0.028589 -0.065762 -0.047814
0.057260 -0.050966 -0.131531 -0.139847 -0.048273 -0.298102 0.032927 0.083746 -0.172249 -0.082208 0.157883 -0.064746 0.070635 0.155305 -0.176865 -0.056932 1.000000 0.267218 -0.123759 -0.193536 0.026551 -0.194047 -0.186905 -0.200789 -0.038301 -0.278071 -0.207370 -0.179483 0.507865 0.205584 0.163751 -0.006430 -0.106728 0.189456 0.037749 -0.009457 0.237464 -0.123910 -0.053812 -0.403641 0.424571 0.098655 0.312970 0.266898 0.130495 0.119023 0.283098 0.111798 -0.107019 -0.098035 -0.107914 -0.068024 0.031024 -0.225321 -0.106294 -0.303985 0.699638 0.219133 -0.117790 -0.046718 0.006964 -0.168123 0.255054 0.236567 -0.113919 -0.218080 0.144399 -0.012574 -0.123623 -0.139277 0.129324 0.358963 0.609979 0.092934 0.390472 0.104097 0.151906 0.076665 0.787682 0.266327 0.728708 0.594287 0.177490 -0.021522 -0.006403 0.013571 0.070188 0.043880 -0.238329 -0.493162 -0.006634 -0.294623 -0.201521 -0.261318 -0.136315 -0.325864 -0.289809 -0.231084 0.148407 -0.315948 -0.169553 -0.187746 0.055564 -0.212765 -0.183984 -0.255910 -0.250975 -0.348223 -0.076149 -0.299130 -0.097122 -0.079480 -0.145565 -0.188438 -0.110892 -0.175443
-0.133200 0.067837 -0.363933 -0.190626 -0.105624 -0.358529 -0.082660 -0.293230 0.012596 -0.280903 0.163245 0.535195 0.246443 0.158969 0.078241 -0.181507 0.267218 1.000000 -0.342687 -0.094953 -0.350628 -0.351060 -0.277139 -0.431417 -0.286405 -0.446542 -0.374465 -0.395263 0.221907 0.609829 -0.013062 -0.285159 -0.252412 -0.379649 0.284807 0.317875 0.053923 0.205882 -0.242816 -0.176241 -0.035711 -0.105994 0.570100 0.650024 -0.033563 -0.103358 0.321478 0.313272 0.127722 0.032857 0.102759 0.304801 0.127346 0.356252 -0.269875 -0.070951 -0.004813 -0.012462 -0.044064 -0.268771 0.136962 0.186751 0.241894 0.338036 -0.246878 -0.257936 -0.176885 -0.303482 0.023340 -0.130608 0.358437 0.424669 0.225825 0.444844 0.350779 0.179242 0.712699 0.631487 0.285004 0.711786 0.073477 0.562057 -0.135141 0.023370 -0.085562 0.307911 -0.218580 -0.144970 -0.254436 -0.126971 -0.290042 -0.527773 -0.343196 -0.316197 -0.331276 -0.059706 -0.150760 -0.080226 -0.014598 -0.129745 -0.306141 -0.306333 -0.237293 -0.276934 -0.396448 -0.196900 -0.189383 -0.208420 -0.082130 -0.117587 -0.128391 -0.103080 -0.093106 -0.120974 -0.171132 -0.076778
0.269921 0.223908 0.184471 0.117816 0.251241 0.264369 0.134158 0.061297 -0.206013 0.058153 -0.228918 -0.300887 0.007926 -0.033325 -0.187387 0.159475 -0.123759 -0.342687 1.000000 0.575886 0.187698 0.253011 -0.140000 -0.085292 0.132459 0.050166 0.410751 0.194438 0.093286 0.020448 0.118969 0.163907 0.539697 0.575233 -0.443992 -0.514246 0.039297 -0.020943 0.089458 0.136878 0.099362 0.266559 -0.169885 -0.214650 0.081290 0.162857 -0.213400 -0.372375 -0.153802 0.059542 -0.262738 -0.344983 -0.357134 -0.369764 -0.208449 -0.025346 0.115435 0.347456 -0.005603 0.036876 -0.212651 0.147728 0.039621 0.088245 -0.283471 -0.110348 0.127155 -0.024572 0.447352 0.425158 -0.303963 -0.088383 0.188647 -0.231336 -0.154571 0.021507 -0.387760 -0.314728 -0.098272 -0.239615 0.044300 -0.151024 0.000180 0.372728 -0.399286 -0.393908 -0.160866 0.104058 -0.344063 -0.121364 -0.126206 0.003100 -0.197997 0.055716 0.059523 0.188195 0.064792 0.125824 -0.103205 0.181496 0.086549 0.212918 0.189986 0.317310 0.250813 0.280653 -0.109832 0.249564 0.096904 0.061637 -0.278301 0.075937 0.111459 0.292236 0.317041 0.252911
0.234807 0.752963 -0.316962 0.320222 -0.023874 0.009038 -0.203046 -0.029334 -0.133125 0.054959 -0.041114 -0.009105 0.079604 0.026644 0.086104 0.229001 -0.193536 -0.094953 0.575886 1.000000 -0.034419 0.176143 -0.236353 -0.295255 -0.182031 -0.219103 -0.076530 -0.199094 0.137041 0.176816 -0.315870 -0.313103 0.488403 0.277219 -0.430075 -0.535496 0.192514 0.245166 0.000244 0.387980 0.068849 -0.000847 -0.177434 -0.182462 -0.006468 -0.066462 -0.112845 -0.212479 -0.076196 0.187640 -0.236926 -0.240985 -0.149029 0.073770 -0.071975 0.243100 -0.099059 0.574997 -0.148427 -0.100727 -0.105805 0.505854 0.056089 0.232706 -0.382843 -0.159961 -0.369890 -0.444763 0.726592 0.686100 -0.327835 -0.367384 0.114767 0.008270 -0.119262 -0.035183 -0.195918 -0.240560 -0.200317 -0.102764 -0.200841 -0.130366 0.013944 0.407612 -0.359239 -0.324273 -0.289145 0.074775 -0.151816 0.187261 -0.208971 -0.073698 -0.071637 0.088419 -0.012223 0.391393 0.047678 0.341615 -0.140486 0.433643 0.203335 0.217804 0.189087 0.246260 0.186397 0.384632 0.032892 0.371542 0.260141 0.043029 -0.332539 0.130460 0.343967 0.500493 0.223217 0.378024
0.248624 -0.180611 0.307056 -0.003562 0.167865 0.031778 0.140706 0.122716 0.092583 0.034723 0.233814 -0.191242 0.106003 -0.029438 0.047723 0.167878 0.026551 -0.350628 0.187698 -0.034419 1.000000 0.587136 0.016690 0.230616 0.239198 0.102870 0.203463 0.172764 0.130063 -0.156871 0.181450 0.169941 0.064569 0.121025 -0.228494 -0.208041 0.134758 -0.089803 0.331818 -0.001451 0.362924 0.277331 -0.172798 -0.331396 0.077704 0.082873 -0.215626 -0.280263 0.017171 0.051164 0.036981 -0.037950 0.108549 -0.159913 0.305805 -0.006838 0.090185 -0.179726 0.076844 0.155463 -0.087073 -0.217716 -0.080101 -0.280780 -0.110690 -0.077448 0.173830 0.114341 -0.170538 -0.148288 0.300062 -0.064800 0.079438 0.176881 0.109948 0.152572 -0.247771 -0.205575 -0.076263 -0.294680 0.236761 -0.152788 0.135733 0.037405 0.011690 -0.102323 -0.003553 0.171223 -0.011053 0.000593 0.337383 0.275217 0.171821 0.001150 0.071347 -0.103928 -0.109874 -0.065404 0.031793 0.033066 0.071143 0.009350 0.060336 -0.051324 -0.076394 -0.111768 0.002337 -0.069506 0.104229 -0.101998 -0.099213 0.035496 0.065582 -0.101700 0.124921 0.013817
0.066500 0.061039 0.158827 0.024027 0.176516 0.442868 -0.142555 0.094998 0.008575 0.192782 0.044827 -0.288100 -0.251873 -0.238802 -0.159133 -0.002246 -0.194047 -0.351060 0.253011 0.176143 0.587136 1.000000 0.191458 0.222344 0.355221 0.335428 0.342549 0.412576 -0.158716 -0.107202 0.144157 0.069361 0.373186 0.304764 0.049866 -0.066342 0.076548 0.055571 0.034798 0.261317 -0.010416 -0.019544 -0.182869 -0.217242 -0.207053 -0.171435 -0.161110 -0.181443 -0.271164 -0.163243 -0.177688 -0.158079 -0.165375 -0.108467 0.171561 0.126575 -0.063312 0.077468 -0.229645 0.051953 -0.312420 -0.255000 -0.344876 -0.431893 0.118142 0.053364 0.025688 0.223391 -0.009864 0.050266 0.102236 -0.103399 -0.136496 0.113913 -0.292211 -0.072176 -0.148127 -0.089612 -0.109820 -0.128778 -0.038756 -0.178813 -0.079613 -0.116396 0.226419 0.014945 0.073312 -0.003715 0.138089 0.200124 -0.071037 0.102799 0.041544 0.000313 0.350609 0.136088 0.068581 0.226747 -0.245752 0.105835 0.048669 0.075283 -0.039876 0.087598 0.100311 0.101431 -0.006836 0.028198 0.320884 0.026286 -0.026647 0.131943 0.054842 0.096738 0.339484 0.189550
-0.052966 -0.328558 0.489071 0.498188 0.011853 0.548000 0.177318 0.296452 0.306113 0.332235 0.135690 -0.045567 -0.339762 -0.190162 0.103813 0.043229 -0.186905 -0.277139 -0.140000 -0.236353 0.016690 0.191458 1.000000 0.861337 0.350311 0.778401 0.126492 0.542845 -0.316379 -0.440592 0.278141 0.589085 -0.162915 0.113480 0.334393 0.409672 -0.126529 -0.158939 -0.160435 -0.075225 -0.087240 -0.243066 -0.146740 -0.090214 -0.165751 0.029251 -0.171856 -0.084461 -0.199101 -0.244846 -0.173850 -0.123296 -0.168671 -0.127121 -0.142779 -0.151528 -0.186162 -0.300966 -0.264302 -0.187505 -0.073237 -0.252342 -0.301540 -0.446339 0.718331 0.476292 -0.012200 0.359251 -0.138961 -0.260371 -0.019602 -0.082211 -0.471566 -0.179416 -0.376705 -0.111408 0.015679 0.085654 -0.059141 -0.070738 -0.193043 -0.384433 0.407884 -0.165722 0.636620 0.322542 0.427324 0.122457 0.610183 0.168379 -0.053581 -0.000186 0.113747 -0.244284 0.247196 -0.089676 -0.132584 -0.062074 -0.230626 -0.205194 -0.221672 -0.255848 -0.463963 -0.304231 -0.157824 -0.186829 0.010771 -0.223410 0.026272 -0.154759 -0.165752 -0.442486 -0.207879 -0.144104 -0.005874 -0.160754
0.075518 -0.411728 0.580384 0.547671 0.087182 0.478076 0.221004 0.387581 0.311291 0.415700 0.191902 -0.023512 -0.259121 -0.104098 0.128447 0.113323 -0.200789 -0.431417 -0.085292 -0.295255 0.230616 0.222344 0.861337 1.000000 0.353980 0.768378 0.210228 0.531130 -0.263953 -0.574654 0.340322 0.660289 -0.206612 0.133998 0.126825 0.285995 -0.167941 -0.319860 -0.003208 -0.182993 -0.071708 -0.019552 -0.298472 -0.268112 -0.070158 0.074032 -0.267520 -0.178864 -0.054544 -0.153373 -0.023846 -0.052624 -0.022782 -0.209039 0.029359 -0.230515 -0.137183 -0.372876 -0.144919 -0.029844 -0.100060 -0.310862 -0.297505 -0.427654 0.584006 0.471009 0.029076 0.418897 -0.232261 -0.271109 0.043579 -0.122120 -0.455869 -0.244427 -0.326539 -0.017354 -0.216768 -0.106332 -0.137750 -0.287735 -0.110284 -0.475341 0.376843 -0.103957 0.573426 0.274112 0.475477 0.279168 0.565284 0.151368 0.288680 0.280308 0.280619 -0.210054 0.129191 -0.207208 -0.201488 -0.199547 -0.056343 -0.272019 -0.102112 -0.237436 -0.351813 -0.291878 -0.194215 -0.309179 0.049018 -0.322541 -0.106962 -0.153450 -0.017547 -0.380384 -0.279764 -0.297663 -0.043626 -0.269276
-0.042380 -0.144226 0.500100 0.104836 0.565366 0.645155 0.314864 0.376969 0.229370 0.478475 -0.120909 -0.189645 -0.136343 -0.083709 -0.124387 0.146038 -0.038301 -0.286405 0.132459 -0.182031 0.239198 0.355221 0.350311 0.353980 1.000000 0.489325 0.665025 0.576420 -0.113540 -0.259262 0.516034 0.417579 0.251270 0.436191 0.210493 0.269585 -0.036899 -0.208251 -0.263313 -0.195462 -0.119220 0.085442 -0.021572 -0.003411 -0.007063 0.129405 -0.034338 -0.069364 -0.188094 -0.170355 -0.094789 -0.097830 -0.171116 -0.330145 -0.205946 -0.319047 -0.049027 -0.060803 -0.111604 0.062227 -0.138761 -0.273495 -0.133583 -0.310186 0.318496 0.139018 0.403970 0.501828 -0.088282 -0.025329 0.151534 -0.021945 -0.220540 -0.032882 -0.250791 -0.007376 -0.129808 -0.070945 0.034676 -0.097085 0.100183 -0.158564 -0.138250 -0.159780 0.253910 0.042882 -0.025194 -0.007139 0.055450 -0.311145 -0.108677 -0.041175 -0.034588 -0.210169 0.057928 -0.112129 -0.093550 -0.109857 -0.125844 -0.178999 -0.194602 -0.222508 -0.169331 -0.185551 -0.102309 -0.239833 -0.111395 -0.262855 0.087384 -0.263976 0.114517 -0.128755 -0.184600 -0.236008 -0.043737 -0.154715
-0.122812 -0.287330 0.487028 0.383998 0.095557 0.774353 0.094041 0.393633 0.133839 0.418594 -0.092406 -0.213035 -0.411944 -0.245814 -0.080313 0.018051 -0.278071 -0.446542 0.050166 -0.219103 0.102870 0.335428 0.778401 0.768378 0.489325 1.000000 0.442557 0.773309 -0.341340 -0.436916 0.428437 0.695875 0.047279 0.361696 0.319744 0.401068 -0.132568 -0.197881 -0.049280 0.005706 -0.193703 -0.030998 -0.289138 -0.147474 -0.277223 -0.093655 -0.196644 -0.148222 -0.286530 -0.363418 -0.142314 -0.209650 -0.171048 -0.280842 -0.108480 -0.155627 -0.184572 -0.171435 -0.256669 -0.133361 -0.212604 -0.360779 -0.355011 -0.459578 0.673523 0.466636 0.099986 0.550800 -0.054969 -0.120513 -0.044634 0.021946 -0.438058 -0.223525 -0.397613 -0.135553 -0.160756 -0.031891 -0.133427 -0.188998 -0.244430 -0.462032 0.123433 -0.177150 0.557328 0.253899 0.470284 0.126722 0.482000 0.048329 -0.049336 0.100680 0.141772 -0.222026 0.310243 -0.061024 0.054977 -0.075900 -0.251747 -0.166630 -0.228767 -0.212919 -0.367276 -0.183901 -0.024258 -0.186146 -0.034382 -0.249896 -0.013244 -0.092196 0.045162 -0.244318 -0.165892 -0.132823 0.114785 -0.063195
0.123113 -0.152288 0.344156 -0.081279 0.557640 0.717296 0.223343 0.146545 -0.024653 0.337115 -0.214085 -0.319334 -0.017875 -0.100708 -0.186257 0.128709 -0.207370 -0.374465 0.410751 -0.076530 0.203463 0.342549 0.126492 0.210228 0.665025 0.442557 1.000000 0.713917 -0.193164 -0.232829 0.443785 0.333708 0.334701 0.424230 -0.027639 -0.036428 -0.314674 -0.329103 -0.168337 -0.178236 -0.273624 0.258117 -0.157758 -0.167741 0.101426 0.156251 -0.177674 -0.300622 0.040223 0.028790 0.077393 -0.017080 -0.094683 -0.402460 -0.201723 -0.317813 -0.004923 0.036401 0.145927 0.284583 -0.137361 -0.174649 -0.114100 -0.135592 0.080505 0.071215 0.467550 0.449245 0.052919 0.086799 0.009836 -0.045267 -0.204905 -0.203874 -0.203967 -0.058388 -0.347586 -0.221580 -0.189054 -0.251532 0.020607 -0.255322 -0.251218 -0.079833 -0.012273 -0.184264 0.003195 0.039180 -0.105973 -0.274860 0.013013 0.141763 -0.055994 -0.045961 0.019161 -0.131761 -0.032591 -0.179771 0.021947 -0.048090 -0.155950 -0.033171 -0.001977 0.099471 0.087892 -0.082267 -0.172216 -0.019611 0.048177 -0.123895 0.101776 -0.060185 -0.151057 -0.202453 -0.072425 -0.072288
-0.002469 -0.321804 0.448670 0.142978 0.320283 0.841444 0.095039 0.189656 0.028693 0.312356 -0.153008 -0.305123 -0.307505 -0.294001 -0.252546 -0.090558 -0.179483 -0.395263 0.194438 -0.199094 0.172764 0.412576 0.542845 0.531130 0.576420 0.773309 0.713917 1.000000 -0.274587 -0.337556 0.518043 0.563097 0.177993 0.400632 0.272419 0.289878 -0.234572 -0.283786 -0.228664 -0.139100 -0.220068 0.097260 -0.143561 -0.067456 -0.063961 0.094223 -0.174628 -0.183017 -0.132480 -0.162772 -0.017296 -0.066093 -0.172483 -0.337795 -0.228186 -0.281638 -0.068687 -0.112645 -0.066260 0.042391 -0.185050 -0.344233 -0.298391 -0.375408 0.456453 0.269922 0.366958 0.600107 -0.072179 -0.146927 -0.002930 0.107908 -0.286495 -0.221710 -0.259824 -0.124834 -0.154330 -0.025101 -0.065704 -0.099123 -0.023844 -0.241989 -0.140839 -0.245137 0.314040 0.172752 0.205613 0.048234 0.168625 -0.184796 -0.108170 0.029510 -0.085455 -0.248712 0.158641 -0.104974 0.029747 -0.128636 -0.134354 -0.207297 -0.342911 -0.242945 -0.338088 -0.140807 -0.046704 -0.230971 -0.230939 -0.231888 -0.024815 -0.090510 0.098130 -0.233276 -0.231874 -0.214617 -0.013764 -0.114621
0.322282 0.078927 -0.050302 0.032880 0.286416 -0.408400 0.360066 0.003727 0.083646 -0.152436 0.322030 0.087737 0.463609 0.325653 0.217295 0.287057 0.507865 0.221907 0.093286 0.137041 0.130063 -0.158716 -0.316379 -0.263953 -0.113540 -0.341340 -0.193164 -0.274587 1.000000 0.379132 0.204742 0.076823 -0.146814 0.070201 -0.351645 -0.335558 0.450745 -0.025684 0.198773 -0.110474 0.562344 0.407150 0.236270 0.120777 0.247340 0.181883 0.195423 0.032877 0.060197 0.066879 -0.032563 -0.129471 0.156728 0.010441 -0.013088 -0.104933 0.201865 0.007337 -0.122271 -0.278067 0.134319 -0.018005 0.563730 0.347460 -0.476267 -0.592648 -0.128445 -0.520318 0.100701 -0.048365 0.089994 0.325614 0.787030 0.114143 0.502078 0.339681 0.054328 -0.062576 0.489395 0.045140 0.624739 0.462833 0.315602 0.527113 -0.237816 -0.183006 -0.161578 0.272632 -0.386811 -0.474838 0.011462 -0.260104 -0.303419 -0.139518 -0.221713 -0.099750 -0.126091 -0.110253 0.294294 -0.065812 -0.075941 -0.112816 0.077044 -0.175457 -0.202497 -0.182907 -0.327613 -0.164752 -0.145665 -0.267235 -0.304010 0.033177 -0.068698 0.000403 -0.090932 -0.074191
-0.064784 0.177884 -0.431734 -0.324162 0.034750 -0.263086 -0.116952 -0.359728 -0.115056 -0.266611 -0.132676 0.222050 0.169316 0.128587 -0.039891 0.021374 0.205584 0.609829 0.020448 0.176816 -0.156871 -0.107202 -0.440592 -0.574654 -0.259262 -0.436916 -0.232829 -0.337556 0.379132 1.000000 0.121884 -0.173315 0.053520 -0.096771 -0.077285 -0.117730 0.393816 0.622117 -0.034574 0.263010 0.162788 0.061615 0.405228 0.424087 -0.172101 -0.228488 0.281643 0.331765 -0.219161 -0.134838 -0.291661 -0.139757 -0.151648 0.379050 -0.332335 0.329141 0.024199 0.178416 -0.384122 -0.486594 -0.110487 0.084075 0.253007 0.296698 -0.446262 -0.495754 -0.425973 -0.551789 0.265367 -0.012520 0.216016 0.370643 0.518659 0.679790 0.480050 0.409430 0.518896 0.453801 0.229684 0.550709 0.096571 0.624810 -0.224280 0.281643 -0.287787 0.071251 -0.394438 -0.243963 -0.478275 -0.051855 -0.427629 -0.475514 -0.429193 -0.109186 -0.245252 0.361114 0.150780 0.379759 -0.273278 0.293272 -0.181475 -0.017434 -0.068084 0.013223 -0.092579 0.172568 -0.160829 0.077498 0.075032 0.212208 -0.116202 0.375782 0.255370 0.166933 0.174242 0.278885
-0.018985 -0.405500 0.571389 0.097428 0.485426 0.394407 0.407131 0.314123 0.122246 0.165549 -0.157359 -0.099921 -0.085563 0.052231 -0.187208 0.092269 0.163751 -0.013062 0.118969 -0.315870 0.181450 0.144157 0.278141 0.340322 0.516034 0.428437 0.443785 0.518043 0.204742 0.121884 1.000000 0.683573 0.009456 0.336393 0.184842 0.203651 0.076745 -0.107482 -0.095899 -0.203887 0.085609 0.286680 0.167122 0.240205 -0.012751 0.040200 0.084646 0.027720 -0.257369 -0.326598 -0.127509 -0.178136 -0.218524 -0.297055 -0.236272 -0.203409 0.137843 -0.229478 -0.311808 -0.181165 -0.203612 -0.535209 0.110302 -0.254137 0.151694 -0.152765 0.243852 0.268987 -0.089521 -0.305785 0.366502 0.543080 0.149646 0.074921 0.039643 0.261895 0.004986 0.075917 0.236650 0.091741 0.348856 0.216388 -0.040283 0.105658 0.170235 0.263819 0.005560 0.061204 -0.125976 -0.392262 -0.125213 -0.183127 -0.221471 -0.342081 -0.036948 -0.121783 0.014304 -0.076883 -0.070782 -0.235386 -0.421679 -0.375611 -0.321505 -0.337192 -0.331096 -0.373600 -0.331245 -0.323813 -0.042287 -0.151312 0.063047 -0.021571 -0.187725 -0.330580 -0.027220 -0.139122
-0.090351 -0.493211 0.605924 0.326810 0.253077 0.434863 0.389161 0.335405 0.161223 0.231724 -0.113236 -0.169244 -0.156528 -0.057157 -0.032623 0.104506 -0.006430 -0.285159 0.163907 -0.313103 0.169941 0.069361 0.589085 0.660289 0.417579 0.695875 0.333708 0.563097 0.076823 -0.173315 0.683573 1.000000 -0.108462 0.408774 0.117406 0.265527 0.037447 -0.185999 0.020894 -0.183937 0.068873 0.275461 -0.129429 -0.063461 -0.092608 0.069589 -0.118938 -0.102715 -0.330095 -0.415942 -0.260323 -0.365720 -0.254488 -0.408753 -0.282440 -0.286372 -0.059366 -0.301470 -0.292052 -0.251384 -0.082135 -0.461060 0.056727 -0.275013 0.470955 0.145568 0.179931 0.350077 -0.141437 -0.270677 0.086739 0.368423 0.028956 -0.107966 -0.088641 0.222522 -0.126321 0.004884 0.154456 -0.109651 0.220527 -0.055292 0.290594 0.169643 0.325719 0.182396 0.215768 0.236380 0.182662 -0.277452 0.022379 -0.032399 -0.039705 -0.313338 0.154559 -0.146219 -0.083734 -0.123431 -0.188842 -0.346438 -0.318447 -0.293310 -0.287322 -0.267187 -0.171477 -0.297549 -0.111614 -0.332191 -0.104644 -0.011897 0.016506 -0.227053 -0.243582 -0.223171 0.090643 -0.188646
-0.059822 0.538139 -0.048539 -0.027562 0.147340 0.323252 -0.234344 0.104427 -0.156542 0.102561 -0.246089 -0.230483 -0.210777 -0.169340 -0.223316 0.043929 -0.106728 -0.252412 0.539697 0.488403 0.064569 0.373186 -0.162915 -0.206612 0.251270 0.047279 0.334701 0.177993 -0.146814 0.053520 0.009456 -0.108462 1.000000 0.686634 -0.074998 -0.204978 0.168454 0.182966 -0.019669 0.343419 0.071500 -0.056088 -0.191188 -0.151793 -0.130803 -0.151333 -0.137063 -0.143196 -0.258311 -0.018017 -0.222894 -0.255460 -0.277180 -0.106578 -0.053798 0.206565 0.122170 0.621295 -0.140969 0.041916 -0.237952 0.223145 -0.157531 -0.027712 -0.115559 0.036180 0.089554 0.124317 0.373654 0.463977 -0.200737 -0.207755 0.016047 0.119129 -0.078769 -0.008532 -0.201185 -0.232660 0.020972 -0.117981 -0.084795 -0.115158 -0.236171 0.043161 -0.128150 -0.212510 -0.320438 -0.192488 -0.192351 0.096638 -0.283602 -0.059266 -0.063084 -0.041398 0.183891 0.324532 0.221686 0.305916 -0.216145 0.314535 -0.028685 0.038262 0.045361 0.115091 0.068992 0.189401 0.031513 0.284497 0.356977 0.061151 -0.016153 0.313629 0.244083 0.254631 0.149124 0.283114
-0.034773 0.274739 0.264664 0.179427 0.240849 0.434939 0.082263 0.397633 -0.131442 0.232296 -0.209687 -0.343967 -0.160700 -0.078690 -0.231327 0.109960 0.189456 -0.379649 0.575233 0.277219 0.121025 0.304764 0.113480 0.133998 0.436191 0.361696 0.424230 0.400632 0.070201 -0.096771 0.336393 0.408774 0.686634 1.000000 -0.045824 -0.116380 0.178618 -0.069406 -0.023436 0.038288 0.182609 0.206225 -0.150236 -0.098063 -0.010288 0.032581 -0.055220 -0.153888 -0.370771 -0.248791 -0.342990 -0.472792 -0.373568 -0.486390 -0.260813 -0.125858 0.255731 0.479804 -0.232305 -0.097051 -0.207595 -0.096558 -0.019298 -0.070315 0.158205 0.045880 0.256384 0.294159 0.264761 0.353295 -0.292173 0.057197 0.212202 -0.091331 -0.043222 0.027913 -0.329253 -0.298827 0.284976 -0.188699 0.255229 -0.018570 0.039912 0.109785 0.030376 -0.170836 -0.037874 -0.002140 -0.114367 -0.259942 -0.186363 -0.088576 -0.167415 -0.276270 0.219764 0.081996 0.114761 0.098155 -0.164768 -0.011435 -0.256720 -0.172532 -0.075923 -0.106226 -0.029572 -0.082942 -0.171137 -0.040928 0.176767 -0.108812 -0.036294 0.011977 0.007741 0.117504 0.173942 0.119680
-0.508766 -0.248034 -0.001414 -0.055603 -0.308898 0.265460 -0.223229 0.094977 -0.156732 -0.010456 -0.132151 0.039707 -0.419057 -0.314100 -0.254577 -0.428714 0.037749 0.284807 -0.443992 -0.430075 -0.228494 0.049866 0.334393 0.126825 0.210493 0.319744 -0.027639 0.272419 -0.351645 -0.077285 0.184842 0.117406 -0.074998 -0.045824 1.000000 0.844760 -0.120360 0.054192 -0.214901 -0.081182 -0.335761 -0.327639 0.220191 0.411851 -0.360547 -0.271143 0.126989 0.196497 -0.246389 -0.350052 -0.008818 0.129122 -0.087274 -0.050254 -0.136364 -0.060438 -0.082798 -0.093441 -0.183062 -0.021251 -0.157660 -0.279025 -0.241079 -0.307896 0.562271 0.309756 0.235971 0.536798 -0.190215 -0.198982 0.261252 0.310197 -0.301387 0.061257 -0.185799 -0.240945 0.396157 0.430381 0.151169 0.429944 -0.099301 0.131604 -0.195265 -0.435455 0.483227 0.567073 0.163819 -0.229093 0.262327 0.040303 -0.303926 -0.246897 -0.019671 -0.328653 0.213388 -0.029288 0.067399 -0.019611 -0.268349 -0.251950 -0.372867 -0.377569 -0.376967 -0.360660 -0.236176 -0.274127 0.033136 -0.283260 0.105757 -0.040287 0.271766 -0.092439 -0.060520 -0.108860 0.048722 -0.088550
-0.433890 -0.374766 0.141205 0.023026 -0.196185 0.234852 -0.099855 0.091428 0.040223 0.030907 -0.063759 0.125876 -0.316633 -0.284226 -0.154592 -0.390113 -0.009457 0.317875 -0.514246 -0.535496 -0.208041 -0.066342 0.409672 0.285995 0.269585 0.401068 -0.036428 0.289878 -0.335558 -0.117730 0.203651 0.265527 -0.204978 -0.116380 0.844760 1.000000 -0.185148 -0.019345 -0.259547 -0.192007 -0.347355 -0.246540 0.263206 0.442196 -0.237033 -0.111247 0.158888 0.291572 -0.137406 -0.271556 0.106195 0.201602 0.033387 0.055691 -0.191795 -0.160225 -0.182530 -0.257693 -0.130773 -0.146707 -0.018715 -0.245319 -0.208006 -0.290038 0.558696 0.359658 0.223909 0.517715 -0.279314 -0.305947 0.259913 0.316111 -0.336903 0.090448 -0.109469 -0.151241 0.417282 0.465846 0.087105 0.415672 -0.139065 0.070517 -0.148610 -0.441429 0.488592 0.575644 0.141510 -0.158273 0.301764 -0.031501 -0.181296 -0.230865 -0.058805 -0.417860 0.053773 -0.128052 0.005076 -0.156272 -0.169888 -0.390683 -0.404742 -0.455029 -0.505428 -0.459417 -0.351266 -0.397770 -0.031884 -0.407314 -0.086230 -0.079594 0.295734 -0.229641 -0.300832 -0.302608 -0.068651 -0.264678
