1.000000 0.337540 0.251424 -0.274230 -0.197883 -0.274285 0.220878 -0.279672 0.100275 -0.426632 0.523069 0.010052 0.397682 -0.132586 0.176623 -0.284834 0.120574 -0.014704 0.180227 0.050478 -0.040070 -0.120298 0.144133 -0.167665 -0.163259 -0.429093 -0.102745 -0.261717 0.188895 -0.284275 -0.387217 -0.527698 0.191289 -0.338400 -0.014313 -0.327774 -0.083164 -0.344137 0.032129 -0.220596 -0.121969 -0.191884 -0.173730 -0.208740 0.225857 -0.311997 -0.245407 -0.318525 0.489606 0.269900 0.407186 0.053334 0.554544 0.381720 0.330108 -0.022118 0.119860 0.073294 0.534939 0.224984 0.605591 -0.082236 0.434856 0.238500 0.072845 -0.128137 0.305666 -0.278364 0.308209 0.203624 -0.023743 -0.260050 0.099301 -0.231319 0.155922 -0.258991 -0.089176 -0.509569 -0.131107 -0.348162 -0.038759 -0.109928 0.019253 -0.099635 0.022211 -0.200315 0.257052 -0.092286 0.263022 0.065998 0.544293 0.310514 -0.200066 0.279600 -0.100792 -0.161204 -0.235470 -0.487062 0.274737 0.004682 -0.259004 0.408391 -0.075618 0.218484 -0.035042 0.070948 -0.022686 -0.117330 0.214692 -0.072947 -0.358863 -0.372813 -0.227759 0.112008 -0.128476 -0.002666
0.337540 1.000000 0.025338 0.030974 0.027041 0.027666 0.069298 -0.199356 -0.090011 -0.347040 -0.031172 -0.038515 0.033455 -0.064898 0.134079 0.003263 -0.169956 0.276018 0.165667 0.212497 -0.039934 0.075063 0.174837 0.100022 0.052601 -0.165610 0.091844 -0.025463 -0.126847 -0.097081 -0.061653 -0.175628 -0.020322 -0.111323 -0.041525 -0.275914 -0.404709 -0.332028 -0.189580 -0.152625 -0.189505 -0.133750 0.007759 -0.139948 0.249665 -0.084234 -0.101151 -0.106372 0.106645 0.495692 0.158047 0.162559 0.381907 0.587876 0.034894 0.082057 -0.025647 0.346155 0.338769 0.396270 0.011058 0.072712 0.055279 0.444084 -0.083599 -0.291685 -0.089061 -0.316982 0.319237 0.231159 -0.176121 -0.111470 -0.159745 -0.149334 -0.033636 -0.057864 -0.068718 -0.228306 -0.419718 -0.207380 -0.277190 -0.193797 0.066527 0.179133 -0.178291 -0.424501 0.150394 0.138184 0.176650 0.084064 0.409266 0.346307 -0.075400 0.031950 -0.268659 -0.030232 -0.209159 -0.317768 0.349570 0.204939 -0.091751 0.063320 -0.048110 0.004080 0.071874 -0.164967 0.009624 -0.125035 -0.104468 -0.033208 -0.241349 -0.120136 0.034447 0.238820 -0.030467 -0.019817
0.251424 0.025338 1.000000 -0.091804 0.169753 0.266462 0.491121 0.249033 0.019560 0.087298 -0.074334 0.197091 0.387137 0.112637 -0.238498 -0.229481 -0.245741 -0.357076 -0.288563 -0.318449 -0.026589 0.134683 0.246050 -0.189542 -0.053284 -0.083902 0.331539 0.254255 -0.143237 -0.124433 -0.143651 -0.251148 0.052592 -0.195416 0.023264 0.027473 -0.184436 -0.248841 -0.198591 -0.166941 -0.308210 -0.288873 0.076794 0.142238 0.191988 0.022016 0.088557 0.082372 0.349732 0.202989 0.266980 0.209365 0.141859 -0.047196 0.129579 -0.007979 -0.063896 -0.122200 0.279470 -0.028739 0.362380 0.038573 0.168922 -0.163791 0.034441 0.132610 0.338980 0.019359 0.003907 -0.074688 0.033896 0.026515 -0.006607 -0.094111 -0.123458 -0.051931 -0.006382 -0.249562 -0.150609 0.001162 -0.178545 -0.287358 -0.332273 -0.366337 -0.315740 -0.267608 -0.070975 -0.133065 0.124398 -0.162757 0.143715 -0.066733 -0.185853 -0.143702 -0.026604 -0.353720 0.126146 -0.148428 0.042326 -0.023045 -0.098374 0.154191 0.032716 -0.044323 -0.083467 0.030240 0.090531 0.147653 -0.135849 -0.124002 -0.051053 -0.075672 -0.219491 -0.188177 -0.378817 -0.240035
-0.274230 0.030974 -0.091804 1.000000 0.028611 0.367016 0.241112 0.501282 -0.096622 0.397637 -0.124216 0.347756 -0.136149 0.314188 0.183430 0.607222 -0.205667 -0.050705 0.259289 0.371960 0.137295 0.242147 0.000408 0.604581 0.249990 0.575486 0.012552 0.243357 0.146466 0.080575 0.482089 0.647622 -0.117847 0.223542 -0.234254 -0.091994 0.028329 -0.029858 -0.054640 0.244885 0.150978 0.124404 -0.224930 -0.305642 -0.556039 -0.230161 -0.291371 -0.226352 -0.570643 -0.398758 -0.460647 -0.295538 -0.335393 -0.302178 -0.492193 -0.309752 -0.111833 -0.181912 -0.436329 -0.344582 -0.262380 0.099807 -0.110490 -0.165890 0.116431 0.213243 -0.582736 -0.156845 0.138685 0.117684 -0.058995 0.274889 0.029440 0.184028 0.153848 0.313911 -0.174397 0.120650 -0.052338 -0.019267 -0.072846 -0.234861 0.309056 0.396679 0.085450 0.157288 0.091648 0.571376 0.032386 0.465102 -0.371143 -0.188009 0.539803 0.013829 -0.100783 0.197508 -0.341761 -0.015076 -0.429497 -0.395624 0.156948 -0.328151 -0.086932 -0.162798 0.044665 0.024504 0.071645 -0.022209 -0.142381 0.093950 -0.147116 -0.028831 0.107098 -0.035165 -0.076237 -0.091922
-0.197883 0.027041 0.169753 0.028611 1.000000 0.410940 0.030613 -0.030265 0.391778 0.260543 -0.230732 -0.150781 -0.091961 -0.101844 0.041335 0.062433 0.023118 -0.097944 0.045094 -0.011695 0.282662 0.369579 0.139435 0.086524 0.272049 0.140718 0.424995 0.298914 0.058523 0.111440 0.221855 0.129600 -0.333501 -0.222854 -0.129607 0.073330 -0.235341 -0.000619 -0.147070 0.036113 -0.128424 -0.051778 -0.002083 -0.043446 0.016769 0.244385 0.091153 0.136196 -0.169537 0.147898 -0.263589 -0.039005 -0.149041 0.060177 -0.254302 0.001291 -0.151559 0.072223 -0.055698 0.144504 -0.120730 0.028292 -0.146954 -0.020500 0.020947 0.037335 -0.146953 0.071732 0.123935 0.077724 0.184131 0.241396 -0.041801 0.069270 -0.232254 -0.009226 -0.043922 0.059041 -0.172109 -0.025020 -0.069054 -0.070074 0.077042 -0.036578 0.009051 -0.281545 -0.139290 -0.146876 -0.030023 -0.139979 -0.113441 0.133865 -0.052590 0.051180 0.036256 0.204051 -0.078820 0.119513 -0.182849 0.038626 -0.062531 -0.185527 -0.167754 -0.155516 -0.144655 0.001856 0.020242 -0.034315 0.009763 0.040586 -0.086440 0.116487 0.097470 -0.113027 0.028627 0.102834
-0.274285 0.027666 0.266462 0.367016 0.410940 1.000000 -0.073673 0.287196 0.041313 0.477961 -0.324225 0.138620 0.002871 -0.056878 -0.054665 0.225398 -0.137960 -0.141982 -0.303158 -0.198610 0.169465 0.460706 0.345161 0.312594 0.384210 0.509491 0.686050 0.751465 -0.250014 -0.090496 0.322086 0.261417 -0.278278 -0.263116 -0.073414 0.078720 -0.264304 -0.157686 -0.175026 0.021675 -0.117243 -0.085196 0.107333 0.021896 0.000558 0.126091 0.013325 0.087524 -0.111365 0.083685 -0.055402 -0.003496 -0.082535 0.062675 -0.210877 -0.083076 0.050322 0.034922 -0.204121 -0.163278 -0.201359 -0.062949 -0.247263 -0.229358 -0.082485 0.065769 -0.223767 0.028260 -0.023499 -0.191622 0.055974 0.271466 -0.301518 0.164520 -0.310886 0.082210 0.043922 0.061209 -0.170536 0.031782 -0.233127 -0.310159 -0.131082 -0.034258 -0.199999 -0.120444 -0.247852 -0.025537 -0.060063 0.069478 -0.127786 -0.117228 0.207654 -0.023651 -0.175640 -0.088469 -0.050442 -0.046153 -0.174815 -0.083718 0.108804 -0.200875 -0.111049 -0.141772 -0.018085 -0.128156 -0.057324 0.140370 -0.177907 -0.091245 -0.056736 0.114273 0.043994 -0.206612 0.067000 0.033546
0.220878 0.069298 0.491121 0.241112 0.030613 -0.073673 1.000000 0.296019 -0.061495 -0.036493 0.149098 0.365849 0.306283 0.405606 0.186892 0.175820 -0.182027 -0.138997 0.195587 0.111796 -0.119428 -0.062103 0.023820 0.050368 -0.059090 -0.010454 -0.253523 -0.246814 0.293015 0.044686 0.152221 0.087612 0.278092 0.214489 -0.144241 -0.093792 -0.073378 -0.113842 -0.226402 -0.187957 -0.018206 0.094928 -0.280556 -0.244366 -0.233793 -0.142772 -0.412964 -0.304480 -0.107409 -0.137070 -0.041256 -0.072309 -0.035227 -0.178746 -0.212160 -0.335333 -0.097418 -0.202332 0.030038 -0.172916 0.270984 0.299847 0.230771 0.048409 0.486687 0.284699 -0.054816 -0.077493 0.007921 0.001468 -0.075572 -0.047680 0.311401 -0.016615 0.328006 0.173516 -0.136620 -0.233639 -0.002426 -0.150656 -0.111156 -0.231863 0.200463 0.105809 -0.001328 -0.131574 0.261767 0.218031 0.261389 0.249938 -0.090098 -0.196939 -0.010728 -0.061745 -0.160087 -0.209568 -0.263339 -0.436996 -0.206041 -0.384948 -0.150308 0.172318 -0.029223 -0.018768 0.006574 0.148784 0.084079 -0.028200 -0.136611 -0.068349 -0.344612 -0.133779 -0.241391 -0.097321 -0.264736 -0.167763
-0.279672 -0.199356 0.249033 0.501282 -0.030265 0.287196 0.296019 1.000000 0.123661 0.657664 -0.181347 0.620386 0.124281 0.653222 -0.258637 0.294736 -0.308451 -0.431157 -0.263311 -0.313547 -0.131233 -0.006446 -0.325317 -0.046104 -0.089702 0.201090 -0.078945 0.210381 -0.219595 -0.008898 -0.002865 0.237650 -0.087573 0.139216 -0.117099 0.271369 -0.094994 -0.170783 -0.259443 0.071562 -0.176259 -0.129219 0.004623 0.184290 -0.336927 0.108354 0.030671 0.117225 -0.110196 -0.273133 -0.249488 0.189951 -0.409453 -0.496063 -0.198255 -0.149070 -0.116265 -0.266847 -0.395490 -0.385381 -0.082510 0.402435 -0.157953 -0.331410 0.140855 0.680828 -0.242524 0.293565 -0.336900 -0.274499 -0.189106 0.139768 -0.154272 -0.104091 -0.146374 0.054474 -0.245596 -0.067305 0.037572 -0.000048 -0.148792 -0.322138 -0.244458 -0.163615 -0.191999 0.114680 -0.303823 0.238540 -0.025924 0.097466 -0.378101 -0.423108 0.426466 -0.252945 0.004567 -0.118596 0.194945 0.208921 -0.287528 -0.198850 0.362756 -0.193474 0.193223 -0.100465 -0.066307 0.102215 0.150541 0.175420 -0.189271 -0.321997 0.049417 0.083069 -0.195138 -0.175425 -0.241309 -0.253927
0.100275 -0.090011 0.019560 -0.096622 0.391778 0.041313 -0.061495 0.123661 1.000000 0.419256 0.196140 0.109951 0.336719 0.143519 0.178500 0.154561 0.090689 -0.142389 -0.187239 -0.244848 0.040035 -0.121231 -0.052446 -0.101733 -0.012710 -0.121103 -0.063877 -0.126880 0.025219 0.058010 -0.190441 -0.197084 -0.464405 -0.337049 -0.217981 -0.001778 -0.058153 0.059756 -0.134668 -0.004409 0.054566 -0.080268 -0.250392 -0.207445 -0.111476 0.001481 -0.171088 -0.139904 0.102019 0.087116 -0.067142 0.075771 0.020788 0.066010 -0.155839 -0.181473 -0.130202 0.030008 -0.020901 0.292914 0.114768 0.473947 0.016619 0.168476 0.242067 0.370443 -0.093065 0.073446 -0.037393 0.021558 -0.093781 -0.084889 -0.234452 -0.047236 -0.093079 0.030835 -0.117525 -0.139095 -0.159420 -0.063538 0.055859 0.146270 -0.057950 -0.020168 0.006670 -0.101690 -0.264432 -0.154795 -0.145182 -0.287225 0.062474 0.177072 0.175297 0.178109 -0.083385 0.259178 -0.242860 -0.008311 -0.089261 0.013310 0.118641 -0.064913 -0.089255 -0.153068 -0.090884 0.070159 0.042332 -0.028525 0.091644 -0.089390 -0.231114 -0.107053 0.038097 0.113618 0.153414 0.094478
-0.426632 -0.347040 0.087298 0.397637 0.260543 0.477961 -0.036493 0.657664 0.419256 1.000000 -0.229321 0.482002 0.034582 0.359211 -0.126854 0.391065 -0.123268 -0.355558 -0.239068 -0.316038 -0.003134 0.018553 -0.058161 0.150498 0.256380 0.415583 0.151739 0.307460 -0.195804 -0.014168 0.225020 0.326214 -0.397778 -0.136478 -0.122739 0.297541 -0.137688 -0.092831 -0.268120 0.034324 -0.097652 -0.087720 0.029843 0.102020 -0.338272 0.182743 0.064611 0.138070 -0.250899 -0.265328 -0.227830 0.034845 -0.473391 -0.406676 -0.362162 -0.247360 -0.008258 -0.134124 -0.476098 -0.263788 -0.189339 0.338281 -0.249818 -0.324724 0.209231 0.653369 -0.359664 0.252523 -0.201394 -0.174341 -0.128878 0.194259 -0.322904 -0.033629 -0.216798 0.139258 -0.146071 0.017717 0.030231 0.080733 -0.080536 -0.170579 -0.228493 -0.128305 -0.099189 0.090527 -0.439854 -0.034510 -0.178189 -0.013403 -0.425424 -0.209980 0.500687 0.022121 -0.000681 0.139942 -0.019357 0.270900 -0.424737 -0.125697 0.284375 -0.345946 -0.121888 -0.259700 -0.055377 -0.047193 -0.077143 0.031755 -0.025602 0.013158 0.099782 0.216686 0.104128 -0.050727 0.046610 0.025787
0.523069 -0.031172 -0.074334 -0.124216 -0.230732 -0.324225 0.149098 -0.181347 0.196140 -0.229321 1.000000 0.145639 0.268318 -0.028802 0.603397 0.001823 0.354953 0.091847 0.128398 0.038759 -0.115561 -0.322915 0.173381 0.115006 0.043457 -0.039981 -0.251617 -0.262993 0.371802 -0.147539 0.009411 -0.043184 -0.046028 -0.139636 0.162790 -0.109470 0.019609 -0.036701 0.060914 -0.221045 -0.006703 -0.069175 -0.335694 -0.261962 -0.192652 -0.288784 -0.451522 -0.412668 0.153884 -0.138860 0.273884 -0.105296 0.090053 -0.029656 -0.008835 -0.324227 0.014094 0.078783 -0.010240 -0.007029 0.194299 -0.046175 0.111471 0.116290 0.365242 0.059879 0.020977 -0.050837 0.098984 0.174818 -0.006924 -0.097219 0.060703 -0.188168 0.204891 -0.124701 -0.155945 -0.277059 0.081662 -0.122394 -0.030252 0.088175 0.373006 0.174625 0.501702 0.275925 0.308333 0.041359 0.269818 0.093453 0.023955 -0.105548 -0.183899 0.166274 0.069099 0.088262 -0.269038 -0.379512 -0.174616 -0.365278 -0.217492 0.226680 -0.205069 -0.109817 -0.114216 0.064894 -0.113009 0.011504 0.218557 0.008589 -0.215602 -0.485878 -0.258692 -0.003710 0.157741 0.228980
0.010052 -0.038515 0.197091 0.347756 -0.150781 0.138620 0.365849 0.620386 0.109951 0.482002 0.145639 1.000000 0.502548 0.735385 0.000429 0.427856 -0.168201 -0.061902 -0.197851 -0.317424 -0.346115 -0.199446 -0.110926 -0.056128 -0.104459 0.015772 -0.188576 -0.004781 -0.093035 0.004440 -0.047725 0.051195 -0.085094 -0.030463 -0.087858 0.198278 -0.328349 -0.357467 -0.304745 -0.219553 -0.307460 -0.194265 -0.119858 0.030659 -0.219849 -0.004189 -0.191611 -0.131053 0.112369 -0.164789 0.144831 0.191368 -0.088285 -0.340418 -0.121405 -0.296792 -0.135274 -0.317649 -0.153309 -0.299128 0.187962 0.451690 0.045526 -0.073855 0.485353 0.701129 -0.149564 0.206992 -0.280402 -0.164660 -0.197970 -0.061093 -0.142809 -0.302730 -0.013595 0.123514 -0.102927 -0.144507 -0.033995 -0.148704 -0.312962 -0.331188 -0.114907 0.022879 -0.137725 0.090429 -0.121022 0.193347 0.111594 0.251325 -0.189579 -0.383445 0.310532 -0.076193 -0.068784 -0.158511 -0.095344 -0.160410 -0.315190 -0.357619 0.158518 -0.089306 -0.102035 -0.248929 -0.074222 0.041431 -0.135395 -0.093280 -0.139853 -0.182764 -0.073282 -0.217887 -0.284704 -0.132276 -0.089722 -0.126702
0.397682 0.033455 0.387137 -0.136149 -0.091961 0.002871 0.306283 0.124281 0.336719 0.034582 0.268318 0.502548 1.000000 0.490283 0.095573 0.209656 -0.095103 0.021497 -0.339528 -0.431852 -0.202896 -0.133566 -0.021249 -0.256630 -0.338485 -0.333050 -0.173544 -0.180876 0.154496 0.153226 -0.332447 -0.335306 0.023819 -0.130807 -0.322395 -0.230942 -0.203522 -0.217697 -0.166445 -0.126523 -0.163960 -0.178722 -0.222354 -0.190673 0.161655 -0.205681 -0.258113 -0.284121 0.499922 0.261443 0.273432 0.311557 0.447881 0.134988 0.140959 -0.159848 -0.180001 -0.178526 0.268527 0.065088 0.568185 0.417502 0.505698 0.332330 0.207665 0.237378 0.097931 -0.109785 -0.288447 -0.105115 0.044617 -0.001660 0.126361 -0.122793 0.011120 0.126915 0.059900 -0.262785 -0.148064 -0.163410 -0.010026 -0.052176 -0.162918 0.055405 -0.289857 -0.231528 -0.066261 -0.077334 -0.130947 -0.238334 0.399455 0.027857 0.019751 -0.037758 -0.265402 -0.213192 -0.211125 -0.424951 0.159137 -0.087861 0.059309 0.222075 0.028978 -0.100550 -0.058089 0.015147 -0.159809 -0.127983 -0.077122 -0.163674 -0.378270 -0.312242 -0.233320 0.001822 -0.056207 -0.136415
-0.132586 -0.064898 0.112637 0.314188 -0.101844 -0.056878 0.405606 0.653222 0.143519 0.359211 -0.028802 0.735385 0.490283 1.000000 -0.073206 0.533438 -0.243089 -0.024002 -0.108859 -0.231789 -0.306000 -0.190836 -0.524790 -0.231062 -0.432848 -0.127611 -0.475817 -0.265863 0.133729 0.322821 -0.119010 0.121219 -0.008269 0.241058 -0.395361 0.021897 -0.137257 -0.133821 -0.313251 -0.037502 -0.117507 0.024697 -0.077742 0.016281 -0.189019 0.017476 -0.063667 -0.041807 -0.015935 -0.076907 -0.232005 0.313905 -0.096437 -0.273606 -0.155931 -0.172199 -0.321282 -0.459194 -0.167211 -0.244280 0.126435 0.610413 0.209836 0.172606 0.262683 0.592043 -0.291242 0.083372 -0.463310 -0.220054 -0.062363 0.130019 0.158099 -0.098757 0.076433 0.298101 -0.113584 -0.015890 0.029194 -0.087430 -0.070576 -0.188616 -0.077941 0.200318 -0.260154 -0.056207 -0.262198 0.219382 -0.234426 -0.046281 -0.116605 -0.273756 0.375772 -0.231362 -0.088244 -0.045227 -0.040333 0.015537 -0.094520 -0.125838 0.412904 -0.002801 0.263435 -0.134309 -0.108547 0.085740 0.021032 -0.082040 -0.114743 -0.283359 -0.246452 -0.081780 -0.194090 0.003762 -0.074711 -0.191265
0.176623 0.134079 -0.238498 0.183430 0.041335 -0.054665 0.186892 -0.258637 0.178500 -0.126854 0.603397 0.000429 0.095573 -0.073206 1.000000 0.393915 0.177982 0.170892 0.242316 0.258284 0.161789 -0.118090 0.280904 0.451191 0.332883 0.334410 -0.158785 -0.204983 0.572419 0.012286 0.405150 0.312482 -0.072208 0.032516 -0.008502 -0.276433 0.036655 0.100409 0.050050 -0.112693 0.222339 0.201376 -0.319065 -0.452068 -0.278416 -0.349549 -0.559784 -0.407306 -0.233688 -0.196666 -0.017044 -0.360829 0.025030 0.059533 -0.300424 -0.446582 -0.082370 0.115111 -0.073463 -0.013972 0.063817 -0.000209 0.122267 0.232341 0.430649 -0.074520 -0.310696 -0.250409 0.248881 0.256242 0.030308 -0.007716 0.148765 0.052265 0.297490 0.193074 -0.154573 -0.144998 -0.092331 -0.124218 -0.027355 0.059827 0.746836 0.493700 0.581849 0.124941 0.413274 0.176810 0.203181 0.256829 -0.116604 -0.100308 -0.091017 0.164870 -0.102725 0.364916 -0.551612 -0.439166 -0.228578 -0.400285 -0.315292 0.095948 -0.320148 -0.127005 -0.057857 0.045971 -0.182625 -0.238067 0.254495 0.183165 -0.367106 -0.247970 -0.027949 0.123708 0.324290 0.306847
-0.284834 0.003263 -0.229481 0.607222 0.062433 0.225398 0.175820 0.294736 0.154561 0.391065 0.001823 0.427856 0.209656 0.533438 0.393915 1.000000 -0.122342 0.181502 0.120939 0.133445 0.077840 0.037796 -0.221599 0.395576 0.066201 0.341376 -0.283329 -0.155586 0.400722 0.416747 0.380891 0.523416 -0.273581 0.220801 -0.420009 -0.189138 0.094394 0.151968 -0.118178 0.138545 0.259963 0.319508 -0.211287 -0.360400 -0.416177 -0.206686 -0.263636 -0.200648 -0.442011 -0.362972 -0.488773 -0.301227 -0.137804 -0.208656 -0.470858 -0.445797 -0.216780 -0.228601 -0.321531 -0.238502 -0.123588 0.399779 0.215625 0.245349 0.256256 0.264721 -0.583941 -0.208264 -0.103433 0.008285 0.100938 0.320050 0.205809 0.254096 0.185370 0.603345 -0.046232 0.205233 -0.110685 0.025334 0.145915 0.090466 0.419724 0.716483 0.021860 0.068714 -0.133783 0.401136 -0.311702 0.139429 -0.266681 -0.208845 0.446155 -0.006539 -0.197139 0.378015 -0.472371 -0.086011 -0.270746 -0.323360 0.155188 -0.202292 -0.040408 -0.343210 -0.274649 -0.100652 -0.156749 -0.260876 0.014604 0.021747 -0.322293 -0.048484 0.179435 0.213758 0.267706 0.130826
0.120574 -0.169956 -0.245741 -0.205667 0.023118 -0.137960 -0.182027 -0.308451 0.090689 -0.123268 0.354953 -0.168201 -0.095103 -0.243089 0.177982 -0.122342 1.000000 0.400839 0.077326 0.023415 0.067699 -0.094674 0.224511 0.131349 0.105171 -0.003139 0.038946 -0.035931 0.357902 0.032152 0.093057 -0.118757 -0.158390 -0.321992 0.092350 -0.151950 0.239199 0.105160 0.298532 -0.166821 0.315798 -0.101404 -0.193456 -0.219144 -0.092563 -0.259771 -0.111656 -0.202679 0.020831 -0.062435 0.211084 -0.132665 0.021083 0.062593 0.047074 0.001989 0.460193 0.289991 -0.160044 0.016626 -0.104512 -0.205633 -0.034815 0.136631 0.031971 -0.117880 -0.092389 -0.189382 0.007583 -0.046543 0.206823 -0.043390 0.164610 -0.116604 0.177842 -0.271899 -0.039350 0.007113 0.233107 0.197112 0.215949 0.343043 0.261208 -0.001631 0.311705 0.039395 0.079465 -0.178110 0.099329 -0.154986 0.029330 0.077814 -0.082295 0.225913 0.258948 0.112400 -0.134283 -0.183005 -0.081354 -0.024145 -0.189067 0.162278 -0.198612 -0.041042 -0.152085 0.003418 -0.089954 -0.073016 0.261280 0.032775 -0.012235 -0.240202 -0.019271 -0.144805 0.028907 0.205784
-0.014704 0.276018 -0.357076 -0.050705 -0.097944 -0.141982 -0.138997 -0.431157 -0.142389 -0.355558 0.091847 -0.061902 0.021497 -0.024002 0.170892 0.181502 0.400839 1.000000 0.125848 0.322234 -0.171543 -0.138451 -0.015501 0.098781 -0.096770 -0.123874 -0.150901 -0.271111 0.244450 0.420816 0.068058 -0.019236 -0.066019 0.098345 -0.188471 -0.261167 0.100140 0.160880 0.040684 -0.091399 0.362091 0.211220 -0.150033 -0.211815 0.058750 -0.217241 -0.207808 -0.193708 -0.062281 0.126877 0.096889 -0.097015 0.270967 0.307496 -0.088496 -0.117233 0.140916 0.123713 0.033281 0.093191 -0.103301 -0.051137 0.200326 0.506362 -0.064509 -0.374374 -0.253410 -0.377791 -0.025292 -0.013230 0.032057 -0.041521 0.278552 0.130223 0.205319 0.172703 0.133240 0.223016 -0.145760 0.139037 0.273576 0.459398 0.279019 0.504973 0.120750 0.060403 0.021513 0.011565 -0.103375 -0.031391 0.207584 0.158475 -0.107343 0.029838 -0.157413 0.249012 -0.414097 -0.312964 0.152580 0.049512 -0.097824 0.037428 -0.068815 -0.151338 -0.173077 -0.213026 -0.275716 -0.342396 0.081537 0.081056 -0.205173 -0.194244 0.111371 0.160419 0.158364 0.143600
0.180227 0.165667 -0.288563 0.259289 0.045094 -0.303158 0.195587 -0.263311 -0.187239 -0.239068 0.128398 -0.197851 -0.339528 -0.108859 0.242316 0.120939 0.077326 0.125848 1.000000 0.802829 0.178442 0.122820 -0.080750 0.238110 -0.004986 -0.018943 -0.296379 -0.340549 0.464309 0.195291 0.209252 0.185181 0.144609 0.176332 -0.154817 -0.276534 0.235828 0.124985 0.055424 0.145050 0.213702 0.187007 -0.217716 -0.390836 -0.353832 -0.242161 -0.199456 -0.204044 -0.564713 -0.319319 -0.413123 -0.477637 -0.115448 -0.098919 -0.319121 -0.178180 -0.017206 -0.039386 0.021674 -0.045368 -0.067181 -0.147340 0.000714 0.016265 0.085251 -0.234508 -0.189823 -0.323458 0.573889 0.418665 0.104517 0.125398 0.330659 0.217364 0.432833 0.223777 0.079601 0.107863 0.143382 -0.179263 0.166691 0.090086 0.554003 0.349356 0.389933 -0.009677 0.391971 0.235907 0.213978 0.289586 -0.082516 0.287516 0.102679 0.355184 -0.050029 0.243504 -0.413945 -0.046419 -0.198672 -0.110384 -0.359988 -0.058156 -0.337938 0.102194 0.070178 -0.006142 0.216272 -0.105495 0.130998 0.435881 -0.242731 0.048268 0.207770 0.104671 0.007965 0.092377
0.050478 0.212497 -0.318449 0.371960 -0.011695 -0.198610 0.111796 -0.313547 -0.244848 -0.316038 0.038759 -0.317424 -0.431852 -0.231789 0.258284 0.133445 0.023415 0.322234 0.802829 1.000000 0.188810 0.171117 -0.011827 0.396166 0.071620 0.088177 -0.189412 -0.227852 0.358181 0.283352 0.275893 0.291442 0.123141 0.326867 -0.176195 -0.308015 0.296140 0.230694 0.132237 0.244665 0.385544 0.317554 -0.226236 -0.407206 -0.365527 -0.276034 -0.263211 -0.224305 -0.587457 -0.326064 -0.432502 -0.611613 -0.112449 -0.021654 -0.335785 -0.192856 -0.032710 0.014241 -0.061578 -0.076631 -0.214425 -0.296440 -0.031987 0.014304 -0.025610 -0.403218 -0.317912 -0.436935 0.573439 0.490124 0.035160 0.101929 0.286583 0.313219 0.359290 0.272885 0.036327 0.185291 -0.047300 -0.042091 0.218050 0.227750 0.600993 0.493414 0.394129 0.070837 0.481500 0.353931 0.196036 0.355340 -0.041575 0.275071 0.107137 0.275814 -0.051794 0.345389 -0.422465 -0.055013 -0.101478 -0.140955 -0.320973 -0.072962 -0.245394 0.060080 0.098801 0.028685 0.185191 -0.092924 0.106042 0.446523 -0.226549 0.070948 0.259505 0.186755 0.054102 0.146528
-0.040070 -0.039934 -0.026589 0.137295 0.282662 0.169465 -0.119428 -0.131233 0.040035 -0.003134 -0.115561 -0.346115 -0.202896 -0.306000 0.161789 0.077840 0.067699 -0.171543 0.178442 0.188810 1.000000 0.682455 0.175531 0.333727 0.188007 0.134530 0.269966 0.229921 0.142195 0.026542 0.160055 0.084807 -0.081095 -0.144447 -0.113645 -0.357245 0.226820 0.252922 0.358877 0.428768 0.220172 0.169646 -0.023474 -0.235335 -0.106662 -0.134834 -0.005035 -0.075561 -0.253357 -0.108319 -0.268661 -0.367667 -0.067502 0.008391 0.022738 0.132973 0.046151 0.080073 -0.035999 -0.007741 -0.169921 -0.345411 -0.076841 -0.195636 -0.261453 -0.338850 -0.076085 -0.164249 0.354773 0.183101 0.595768 0.425865 0.155079 0.406640 0.104600 0.278402 0.135599 0.118584 0.060834 0.055629 0.044391 -0.047920 0.112711 0.022004 0.095370 -0.136728 0.140151 0.152170 0.045834 0.064929 -0.071452 0.133984 -0.000152 0.176948 0.006276 0.283217 -0.078492 0.081783 -0.031211 0.046104 -0.156529 -0.020318 -0.130907 -0.090596 -0.117535 -0.020784 0.334869 0.231919 0.027951 0.213312 -0.054836 0.135034 0.030881 -0.147631 -0.051406 -0.064874
-0.120298 0.075063 0.134683 0.242147 0.369579 0.460706 -0.062103 -0.006446 -0.121231 0.018553 -0.322915 -0.199446 -0.133566 -0.190836 -0.118090 0.037796 -0.094674 -0.138451 0.122820 0.171117 0.682455 1.000000 0.194542 0.254453 0.092838 0.106426 0.489342 0.511078 -0.101163 0.046897 0.133532 0.110155 -0.203932 -0.192723 -0.076455 -0.177595 -0.037367 0.007058 0.171245 0.418162 0.026858 0.011822 0.018201 -0.156258 -0.012857 0.003000 0.051748 0.025536 -0.164545 0.054547 -0.237209 -0.206212 -0.014506 0.060983 -0.058663 0.186899 -0.119184 0.016767 -0.015985 -0.023243 -0.183145 -0.299347 -0.164398 -0.218794 -0.265841 -0.274698 -0.095354 -0.144786 0.142449 0.049752 0.436204 0.455891 -0.057643 0.441225 -0.082403 0.171935 0.239162 0.288280 -0.098145 0.007857 -0.169277 -0.269156 -0.027915 -0.028237 -0.102027 -0.255103 0.105451 0.143181 0.151305 0.161254 0.088000 0.231374 0.152265 0.191385 -0.176202 -0.037917 -0.039105 0.084710 -0.011748 0.015193 -0.029682 -0.105239 -0.204120 -0.028242 -0.033706 -0.096443 0.240757 0.165869 -0.239028 0.168876 -0.043747 0.160630 0.042471 -0.283680 -0.130926 -0.223154
0.144133 0.174837 0.246050 0.000408 0.139435 0.345161 0.023820 -0.325317 -0.052446 -0.058161 0.173381 -0.110926 -0.021249 -0.524790 0.280904 -0.221599 0.224511 -0.015501 -0.080750 -0.011827 0.175531 0.194542 1.000000 0.510270 0.653223 0.341376 0.664257 0.513328 -0.168931 -0.344774 0.375460 0.015227 -0.153923 -0.376344 0.332291 -0.025492 -0.285880 -0.123838 0.128056 -0.160817 -0.093377 -0.134217 -0.194559 -0.212804 -0.012737 -0.250166 -0.332712 -0.279902 0.084056 0.098172 0.409964 -0.174964 0.028978 0.230762 0.007720 -0.067282 0.360789 0.460937 0.048167 0.063754 -0.026652 -0.389665 -0.211243 -0.150485 0.146859 -0.227012 0.086524 -0.127093 0.371148 0.167737 0.049006 -0.023662 -0.288693 -0.059918 -0.077533 -0.180307 -0.026496 -0.162684 -0.058145 0.181080 -0.310256 -0.135776 0.093792 -0.162080 0.196401 -0.052491 0.354598 -0.098334 0.518178 0.177038 0.006748 0.008605 -0.200448 0.267045 0.080526 -0.095889 -0.165124 -0.314119 -0.184915 -0.162723 -0.322854 0.106753 -0.453543 -0.257764 0.035081 -0.099634 -0.074789 0.160410 -0.110723 0.175329 0.180155 -0.226386 -0.079314 -0.222396 -0.020235 0.112226
-0.167665 0.100022 -0.189542 0.604581 0.086524 0.312594 0.050368 -0.046104 -0.101733 0.150498 0.115006 -0.056128 -0.256630 -0.231062 0.451191 0.395576 0.131349 0.098781 0.238110 0.396166 0.333727 0.254453 0.510270 1.000000 0.577692 0.680361 0.265574 0.318375 0.163416 -0.098378 0.648356 0.634930 -0.203373 0.009633 0.036855 -0.186073 0.045235 0.101537 0.243651 0.200306 0.296106 0.202170 -0.328794 -0.421394 -0.444186 -0.392941 -0.418791 -0.387086 -0.459034 -0.327691 -0.179157 -0.462169 -0.258014 -0.098794 -0.341580 -0.309014 0.273587 0.279660 -0.318876 -0.200849 -0.339994 -0.294655 -0.201968 -0.134848 0.102438 -0.174059 -0.402244 -0.243097 0.399553 0.339625 0.100566 0.307726 -0.046133 0.175788 0.130737 0.194472 -0.093391 0.044018 0.068751 0.214925 -0.087037 -0.064921 0.433127 0.373605 0.340394 0.198511 0.400092 0.365308 0.275091 0.384305 -0.325000 -0.117496 0.200804 0.149059 0.000243 0.211942 -0.363002 -0.184158 -0.388038 -0.370354 -0.098619 -0.233773 -0.362264 -0.380894 -0.085729 -0.160954 -0.084849 0.044369 -0.096308 0.212439 -0.030078 -0.154217 0.052434 -0.013664 0.102458 0.129900
-0.163259 0.052601 -0.053284 0.249990 0.272049 0.384210 -0.059090 -0.089702 -0.012710 0.256380 0.043457 -0.104459 -0.338485 -0.432848 0.332883 0.066201 0.105171 -0.096770 -0.004986 0.071620 0.188007 0.092838 0.653223 0.577692 1.000000 0.699631 0.551213 0.481083 -0.090163 -0.313600 0.682559 0.454683 -0.175370 -0.083946 0.384552 0.250510 -0.220797 -0.035588 0.095412 -0.121866 0.002127 0.022711 -0.100261 -0.047352 -0.280106 -0.001172 -0.212284 -0.088195 -0.276498 -0.204082 0.094217 -0.275722 -0.322074 -0.012203 -0.238002 -0.205488 0.224913 0.295589 -0.360766 -0.210158 -0.248556 -0.265495 -0.324687 -0.246738 0.235673 0.011119 -0.236742 0.049542 0.342767 0.146835 -0.140040 0.000802 -0.254605 -0.046009 -0.166217 -0.041340 -0.149204 -0.027981 -0.052606 0.070214 -0.224771 -0.133698 0.188572 -0.042540 0.252088 0.155491 0.169011 -0.095180 0.281913 0.281753 -0.379326 -0.187657 -0.006237 0.225680 0.056824 0.146412 -0.098029 -0.039774 -0.421090 -0.331323 -0.146391 -0.064127 -0.308921 -0.145063 0.032862 -0.107802 -0.236975 0.018947 0.044695 0.253493 0.260585 -0.020005 0.077860 0.005479 0.162567 0.279288
-0.429093 -0.165610 -0.083902 0.575486 0.140718 0.509491 -0.010454 0.201090 -0.121103 0.415583 -0.039981 0.015772 -0.333050 -0.127611 0.334410 0.341376 -0.003139 -0.123874 -0.018943 0.088177 0.134530 0.106426 0.341376 0.680361 0.699631 1.000000 0.339627 0.447259 0.129384 -0.075728 0.800029 0.800560 -0.152230 0.130533 0.179881 0.140232 -0.020691 0.033244 0.062917 0.025123 0.098790 0.120338 0.029996 -0.003464 -0.378481 -0.062092 -0.128796 -0.042944 -0.461755 -0.397826 -0.113385 -0.270134 -0.404269 -0.249468 -0.403063 -0.296818 0.075187 0.045154 -0.537223 -0.439159 -0.356654 -0.205392 -0.291502 -0.282004 0.108627 0.049853 -0.406954 -0.007865 0.082017 -0.031412 -0.079696 0.286176 -0.069835 0.094871 -0.057695 0.114750 -0.182063 0.069722 0.064168 0.108415 -0.102156 -0.167569 0.259275 0.220916 0.276972 0.334220 0.061756 0.187829 0.013104 0.223737 -0.533541 -0.408581 0.177006 -0.045178 0.053397 0.173512 -0.090589 0.042523 -0.498850 -0.421878 0.061772 -0.250417 -0.143162 -0.199022 -0.005536 -0.124045 -0.235797 0.008696 -0.012055 0.144458 0.154746 0.109154 0.061080 -0.075424 0.115957 0.111064
-0.102745 0.091844 0.331539 0.012552 0.424995 0.686050 -0.253523 -0.078945 -0.063877 0.151739 -0.251617 -0.188576 -0.173544 -0.475817 -0.158785 -0.283329 0.038946 -0.150901 -0.296379 -0.189412 0.269966 0.489342 0.664257 0.265574 0.551213 0.339627 1.000000 0.883492 -0.402193 -0.322600 0.209925 0.008084 -0.279884 -0.480248 0.265806 0.180342 -0.309456 -0.183576 0.153757 0.076843 -0.231843 -0.251640 0.021731 0.051422 0.080525 0.051100 0.103463 0.047671 0.123084 0.214647 0.225001 0.035675 -0.026675 0.201645 0.138735 0.216054 0.188513 0.261695 0.002589 0.073823 -0.099605 -0.343186 -0.336424 -0.292449 -0.219078 -0.163539 0.086629 0.049436 0.190242 -0.022812 0.146635 0.142302 -0.354645 0.044119 -0.437369 -0.268259 0.115556 0.092260 -0.097588 0.130644 -0.346852 -0.301785 -0.248670 -0.369576 -0.144404 -0.151658 0.008644 -0.163525 0.262924 0.029705 0.012654 0.025096 -0.072620 0.099603 0.081065 -0.120829 0.188610 0.083989 -0.083632 0.045201 -0.013538 -0.026655 -0.170726 -0.152056 -0.068190 -0.189838 0.042919 0.250446 -0.152724 0.029248 0.308969 -0.081265 -0.058555 -0.325890 -0.138108 -0.034230
-0.261717 -0.025463 0.254255 0.243357 0.298914 0.751465 -0.246814 0.210381 -0.126880 0.307460 -0.262993 -0.004781 -0.180876 -0.265863 -0.204983 -0.155586 -0.035931 -0.271111 -0.340549 -0.227852 0.229921 0.511078 0.513328 0.318375 0.481083 0.447259 0.883492 1.000000 -0.438756 -0.355634 0.248517 0.179759 -0.239592 -0.332202 0.221189 0.244367 -0.314428 -0.193996 0.119180 0.176793 -0.272830 -0.254970 0.058782 0.117722 -0.032950 0.080565 0.099356 0.076429 0.040029 0.061657 0.100403 0.039405 -0.227148 -0.032475 0.039606 0.155791 0.157305 0.196904 -0.197204 -0.116067 -0.232744 -0.319931 -0.463341 -0.469710 -0.214374 -0.005554 -0.016657 0.174043 0.035072 -0.042404 0.096186 0.222208 -0.380427 0.018833 -0.442515 -0.215159 0.045948 0.131959 -0.019187 0.110467 -0.380138 -0.415623 -0.264983 -0.356386 -0.149633 -0.037143 0.006963 0.009155 0.222837 0.118318 -0.140479 -0.122197 0.107220 0.040092 0.077058 -0.199519 0.281666 0.160723 -0.186252 -0.065728 0.146445 -0.149805 -0.125338 -0.138902 0.004820 -0.146422 0.075217 0.347653 -0.292553 -0.027894 0.342039 -0.026248 -0.070893 -0.428360 -0.116075 -0.109954
0.188895 -0.126847 -0.143237 0.146466 0.058523 -0.250014 0.293015 -0.219595 0.025219 -0.195804 0.371802 -0.093035 0.154496 0.133729 0.572419 0.400722 0.357902 0.244450 0.464309 0.358181 0.142195 -0.101163 -0.168931 0.163416 -0.090163 0.129384 -0.402193 -0.438756 1.000000 0.411900 0.296910 0.274723 0.119064 0.141471 -0.399252 -0.504726 0.409790 0.250624 0.141650 0.030195 0.406770 0.235595 -0.229923 -0.455920 -0.254673 -0.434753 -0.301572 -0.302425 -0.301544 -0.270603 -0.246164 -0.358317 0.125533 -0.058770 -0.217718 -0.274043 -0.142437 -0.197773 0.000067 -0.122894 0.237296 0.047314 0.475805 0.329921 0.107613 -0.175408 -0.328420 -0.512669 0.060434 0.115359 0.274657 0.227958 0.750320 0.198333 0.473323 0.258476 -0.062100 0.004283 0.127697 -0.083110 0.423837 0.279771 0.707608 0.581298 0.376455 0.024017 0.219987 0.219743 -0.137267 -0.034611 0.018448 0.009974 -0.034946 0.074746 -0.043495 0.324455 -0.492392 -0.313377 -0.083726 -0.234981 -0.249549 0.167396 -0.104442 0.041575 -0.179840 0.066711 -0.139483 -0.338304 0.303264 0.158325 -0.488424 -0.158345 0.065706 0.110335 0.047768 0.112130
-0.284275 -0.097081 -0.124433 0.080575 0.111440 -0.090496 0.044686 -0.008898 0.058010 -0.014168 -0.147539 0.004440 0.153226 0.322821 0.012286 0.416747 0.032152 0.420816 0.195291 0.283352 0.026542 0.046897 -0.344774 -0.098378 -0.313600 -0.075728 -0.322600 -0.355634 0.411900 1.000000 0.072666 0.207281 -0.139974 0.332125 -0.485516 -0.299170 0.331186 0.465259 0.017993 0.269826 0.349205 0.367994 -0.132110 -0.240046 -0.210790 -0.171923 -0.064138 -0.058086 -0.356202 -0.209353 -0.467408 -0.274744 -0.044450 -0.121001 -0.339813 -0.227663 -0.209135 -0.168051 -0.164365 -0.124026 -0.109989 0.207569 0.255174 0.354944 -0.135924 -0.159826 -0.406094 -0.383274 -0.143686 -0.091758 0.284718 0.364028 0.489929 0.511092 0.233180 0.525320 0.214223 0.441280 -0.111642 0.217938 0.493567 0.535260 0.319823 0.631562 0.056362 -0.006694 -0.117330 0.171604 -0.419723 -0.325849 -0.038300 0.011960 0.119208 -0.051883 -0.093062 0.382295 -0.327297 0.100171 -0.030559 -0.058904 0.014103 -0.075549 0.095602 -0.197833 -0.289158 -0.118980 0.016148 -0.089871 0.055163 0.124504 -0.235871 0.148296 0.262170 0.181789 0.120405 0.102277
-0.387217 -0.061653 -0.143651 0.482089 0.221855 0.322086 0.152221 -0.002865 -0.190441 0.225020 0.009411 -0.047725 -0.332447 -0.119010 0.405150 0.380891 0.093057 0.068058 0.209252 0.275893 0.160055 0.133532 0.375460 0.648356 0.682559 0.800029 0.209925 0.248517 0.296910 0.072666 1.000000 0.787790 -0.099964 0.233860 0.147510 0.085577 -0.060544 0.116281 -0.029258 -0.072474 0.156656 0.198248 -0.057966 -0.144508 -0.383234 -0.086075 -0.282270 -0.127117 -0.566087 -0.396163 -0.184651 -0.417521 -0.419353 -0.191922 -0.491474 -0.345323 0.052011 0.102650 -0.522856 -0.382857 -0.370246 -0.216039 -0.163283 -0.153789 0.233279 -0.064536 -0.450568 -0.109917 0.114185 0.064220 -0.037571 0.281165 0.098333 0.144571 0.035245 0.208639 -0.220476 0.095823 0.031085 0.161307 0.029159 -0.003945 0.441425 0.357611 0.359615 0.254017 0.113648 0.154363 0.060027 0.245792 -0.473659 -0.298993 0.108893 0.049800 0.023760 0.232020 -0.228538 -0.081593 -0.461013 -0.395986 -0.141279 -0.205386 -0.275703 -0.178234 0.014727 -0.116404 -0.302801 -0.077049 0.039459 0.251735 0.032702 0.093479 0.148948 -0.079892 0.166921 0.189591
-0.527698 -0.175628 -0.251148 0.647622 0.129600 0.261417 0.087612 0.237650 -0.197084 0.326214 -0.043184 0.051195 -0.335306 0.121219 0.312482 0.523416 -0.118757 -0.019236 0.185181 0.291442 0.084807 0.110155 0.015227 0.634930 0.454683 0.800560 0.008084 0.179759 0.274723 0.207281 0.787790 1.000000 -0.138350 0.422427 -0.052280 0.082139 0.047727 0.189692 -0.007265 0.192341 0.158808 0.318683 -0.057028 -0.107722 -0.463926 -0.044471 -0.149034 -0.041649 -0.644423 -0.478028 -0.460082 -0.326981 -0.501851 -0.361355 -0.526948 -0.296125 -0.151943 -0.097474 -0.559621 -0.495080 -0.411558 -0.087099 -0.189576 -0.174886 0.082137 0.041687 -0.578385 -0.075407 -0.034301 0.044549 0.006985 0.407181 0.123626 0.260765 0.064225 0.308927 -0.134676 0.240829 0.052051 0.147020 0.042739 -0.052186 0.425010 0.474259 0.304389 0.332859 0.113016 0.320437 -0.104276 0.240668 -0.549001 -0.350483 0.298706 -0.076476 0.028809 0.294581 -0.172657 0.159380 -0.460270 -0.391961 0.134234 -0.318399 -0.048540 -0.241357 -0.080476 -0.113410 -0.200772 -0.012028 -0.028792 0.175750 0.003662 0.122227 0.169874 0.061106 0.145231 0.132417
0.191289 -0.020322 0.052592 -0.117847 -0.333501 -0.278278 0.278092 -0.087573 -0.464405 -0.397778 -0.046028 -0.085094 0.023819 -0.008269 -0.072208 -0.273581 -0.158390 -0.066019 0.144609 0.123141 -0.081095 -0.203932 -0.153923 -0.203373 -0.175370 -0.152230 -0.279884 -0.239592 0.119064 -0.139974 -0.099964 -0.138350 1.000000 0.464237 0.028850 -0.132707 0.128995 0.069972 0.018786 -0.178483 0.087073 0.145254 0.241040 0.228496 0.240762 0.038920 -0.011403 0.056007 0.075692 0.030924 0.120189 0.047069 0.147881 0.034764 0.193286 0.177970 0.061163 -0.168716 0.192740 -0.219257 0.161115 -0.262492 0.182875 -0.072348 -0.079458 -0.248673 0.292201 -0.050152 0.044119 0.009174 -0.161537 -0.248144 0.368588 -0.071090 0.292236 0.063895 -0.050160 -0.280050 0.266020 -0.184970 0.114645 -0.030351 -0.064954 -0.122161 -0.004127 0.013876 0.178984 -0.066842 -0.001332 0.096853 0.014502 -0.122829 -0.251499 -0.172057 -0.055335 -0.275644 0.183433 -0.173098 0.198357 0.098857 -0.102487 0.217826 0.260817 0.437153 0.357168 0.284937 -0.029074 -0.060861 -0.029127 0.026507 -0.080034 0.125110 -0.152457 0.073935 -0.058218 -0.057865
-0.338400 -0.111323 -0.195416 0.223542 -0.222854 -0.263116 0.214489 0.139216 -0.337049 -0.136478 -0.139636 -0.030463 -0.130807 0.241058 0.032516 0.220801 -0.321992 0.098345 0.176332 0.326867 -0.144447 -0.192723 -0.376344 0.009633 -0.083946 0.130533 -0.480248 -0.332202 0.141471 0.332125 0.233860 0.422427 0.464237 1.000000 0.016093 0.100336 0.232712 0.317964 -0.095989 0.096019 0.225907 0.386874 0.117892 0.192425 -0.170125 0.074500 -0.043727 0.106846 -0.363156 -0.371050 -0.372858 -0.197110 -0.305078 -0.326147 -0.332383 -0.208629 -0.131972 -0.158576 -0.305417 -0.441304 -0.234973 -0.061229 0.102351 -0.032754 0.015971 -0.099908 -0.133682 0.015540 -0.097027 0.067933 -0.119280 0.032168 0.321708 0.160773 0.198390 0.344598 -0.001166 0.210734 0.104560 0.165536 0.369636 0.288460 0.176217 0.315701 0.209116 0.328883 0.062675 0.143972 -0.280578 0.035534 -0.329516 -0.255279 0.011762 -0.190879 -0.120484 0.071973 0.033882 0.122586 -0.100646 -0.167872 0.021633 -0.130719 0.252758 0.066780 0.107566 0.056138 -0.029266 -0.153576 -0.132353 0.143824 -0.010639 0.281773 0.096803 0.147838 0.068077 -0.060069
-0.014313 -0.041525 0.023264 -0.234254 -0.129607 -0.073414 -0.144241 -0.117099 -0.217981 -0.122739 0.162790 -0.087858 -0.322395 -0.395361 -0.008502 -0.420009 0.092350 -0.188471 -0.154817 -0.176195 -0.113645 -0.076455 0.332291 0.036855 0.384552 0.179881 0.265806 0.221189 -0.399252 -0.485516 0.147510 -0.052280 0.028850 0.016093 1.000000 0.651610 -0.181585 -0.226760 0.163734 -0.318865 -0.194977 -0.294793 0.177004 0.452512 0.064376 0.297215 0.107800 0.138073 0.197117 -0.111808 0.446337 0.056998 -0.211173 -0.143141 0.136603 -0.027238 0.253678 0.197198 -0.188945 -0.139900 -0.176065 -0.352876 -0.348964 -0.314054 0.240840 0.057278 0.427592 0.547628 0.118908 0.008427 -0.232148 -0.342782 -0.467032 -0.330395 -0.269991 -0.400554 0.047873 0.028211 0.168768 0.069429 -0.318767 -0.167368 -0.186658 -0.409961 0.236595 0.369720 0.118570 -0.235565 0.336080 0.171351 -0.275105 -0.322883 -0.295409 -0.047812 0.116882 -0.370096 0.441648 0.056461 -0.192571 -0.207246 -0.130066 -0.123340 -0.159998 0.046227 0.082956 -0.084444 -0.085453 0.051186 -0.105755 0.006471 0.569833 -0.018041 -0.252043 -0.219297 0.060646 -0.014476
-0.327774 -0.275914 0.027473 -0.091994 0.073330 0.078720 -0.093792 0.271369 -0.001778 0.297541 -0.109470 0.198278 -0.230942 0.021897 -0.276433 -0.189138 -0.151950 -0.261167 -0.276534 -0.308015 -0.357245 -0.177595 -0.025492 -0.186073 0.250510 0.140232 0.180342 0.244367 -0.504726 -0.299170 0.085577 0.082139 -0.132707 0.100336 0.651610 1.000000 -0.285076 -0.191574 -0.103586 -0.211299 -0.257668 -0.135485 0.189003 0.527138 -0.041212 0.585196 0.206452 0.306082 0.082174 -0.196512 0.092814 0.185591 -0.472273 -0.357196 -0.035951 -0.057578 0.059012 -0.135028 -0.279100 -0.244576 -0.142538 0.054182 -0.390099 -0.408031 0.388625 0.533894 0.222565 0.737075 -0.156776 -0.220185 -0.352671 -0.316085 -0.435345 -0.283876 -0.296941 -0.271972 0.032993 0.171712 0.119476 -0.019608 -0.289800 -0.214111 -0.322948 -0.426641 -0.041751 0.335861 -0.193371 -0.228052 0.132962 0.121785 -0.457154 -0.465004 -0.111499 -0.226512 0.078165 -0.301059 0.483678 0.351264 -0.281223 -0.181793 0.122541 -0.278869 -0.041911 -0.057770 0.047091 0.043644 -0.051882 0.126866 -0.181777 -0.147304 0.549506 0.086048 -0.173328 -0.251260 0.108600 0.015177
