1.000000 0.524441 -0.170498 -0.403661 0.064911 -0.113589 0.223778 -0.342642 -0.010699 -0.253148 0.528236 -0.016868 0.259338 -0.005061 0.267491 -0.057584 0.287116 0.269755 0.494704 0.439632 0.166917 -0.047299 -0.116436 -0.296129 -0.318325 -0.492465 0.102218 -0.018558 0.445185 0.202124 -0.286719 -0.422096 0.293255 0.268531 -0.031829 -0.176973 0.201912 0.061814 0.200378 0.171699 0.288273 0.041582 -0.175027 -0.188375 -0.123183 -0.217620 -0.123457 -0.250672 -0.048163 -0.196247 0.017907 -0.207237 -0.327677 -0.209385 0.240056 -0.118718 0.583424 0.346948 0.050619 -0.186105 0.275500 0.026426 0.287873 0.300812 0.040863 -0.313377 -0.134147 -0.273409 0.381585 0.079565 0.095824 0.023810 0.187994 0.116939 0.315792 0.045529 0.176992 0.050244 0.016431 0.112544 0.239302 0.183841 0.312151 0.004997 0.282422 -0.024489 0.284717 0.096344 0.087299 -0.014354 -0.185562 0.070709 -0.338179 -0.003474 -0.028141 -0.028103 0.091463 -0.056281 0.109651 0.088238 -0.496937 -0.133064 -0.159774 -0.133807 -0.192487 -0.139010 0.001027 -0.166974 0.000093 0.231981 -0.004590 0.109081 -0.008482 -0.011821 -0.169737 -0.131681
0.524441 1.000000 -0.276763 -0.194273 -0.043175 -0.161214 0.070356 -0.228150 -0.037667 -0.277779 0.176720 0.140264 0.015447 0.010615 0.251348 0.159577 0.235632 0.405861 0.212672 0.445580 0.192049 -0.003263 -0.041758 -0.110440 -0.337306 -0.365550 0.025196 0.042002 0.357969 0.343888 -0.172752 -0.264241 0.181849 0.147015 0.035490 -0.203673 0.124039 0.028986 0.063753 -0.075009 0.134880 0.234140 -0.216911 -0.315617 -0.178894 -0.256161 -0.205334 -0.330169 -0.067222 -0.131933 -0.047924 -0.199397 -0.286549 -0.083954 0.026209 -0.162847 0.437526 0.595559 -0.137888 -0.067950 0.078937 0.225699 0.130567 0.398080 -0.091544 -0.339414 -0.273635 -0.266736 0.280684 0.015698 0.041916 0.090648 0.085550 0.211370 0.179751 0.146631 0.112425 0.160703 -0.000343 0.085629 0.300095 0.258936 0.264086 0.322252 0.333872 0.250713 0.174120 0.215702 0.065228 -0.084579 0.046391 -0.023343 -0.048061 0.048015 -0.149437 -0.067856 -0.301492 -0.166807 0.043913 -0.020939 -0.226854 -0.137036 -0.023309 -0.107193 -0.113605 -0.039420 -0.193389 -0.137959 -0.074726 0.099582 -0.128903 0.078377 0.069172 -0.004474 -0.146516 -0.086598
-0.170498 -0.276763 1.000000 0.368133 0.430303 0.213705 0.437125 0.453021 0.244932 0.194901 -0.153931 -0.084941 0.008774 0.070157 0.019989 -0.078191 -0.160079 -0.350907 0.239355 -0.037186 -0.172532 -0.116362 0.343875 0.304548 0.335035 0.350549 0.186379 0.247621 -0.215944 -0.328221 0.500465 0.344438 0.051908 0.152105 0.063109 0.095159 -0.314170 -0.208809 -0.092949 -0.178008 -0.168820 -0.145798 -0.257518 -0.094508 -0.217483 -0.271211 -0.164354 0.078602 -0.260031 -0.358147 -0.167445 -0.262292 -0.136182 -0.269187 -0.450277 -0.348052 -0.116222 -0.244428 0.196902 0.093442 0.163036 -0.083638 -0.042195 -0.157548 0.381628 0.379955 0.297354 0.392411 -0.064733 0.229740 -0.104931 -0.060704 -0.199940 -0.163014 -0.016919 -0.091016 0.020636 0.083785 -0.240307 -0.268583 -0.524339 -0.484407 0.007152 -0.059647 -0.554149 -0.507127 -0.002154 0.071472 0.047380 -0.217560 0.067948 0.187397 0.305486 0.242012 -0.316425 -0.307706 0.118003 -0.286018 -0.228215 -0.314850 0.181894 -0.038006 0.102777 0.107870 -0.056150 -0.044328 -0.214917 -0.094935 -0.352216 -0.118554 0.305839 -0.170393 -0.181828 -0.324092 -0.170762 -0.270191
-0.403661 -0.194273 0.368133 1.000000 0.088656 0.512634 -0.106486 0.422263 0.006843 0.306402 -0.603899 0.099588 -0.487706 -0.126028 -0.035547 -0.011133 -0.291187 -0.286158 -0.007770 -0.082624 -0.223486 -0.077225 0.688044 0.828244 0.422935 0.761487 0.285037 0.447457 -0.586121 -0.392238 0.651635 0.685970 -0.352262 -0.282991 0.209344 0.210109 -0.481586 -0.143741 -0.040026 0.040444 -0.298983 0.200275 -0.061848 0.012115 -0.328069 -0.233964 -0.171061 -0.005137 -0.315320 -0.083470 0.011442 0.053389 0.059952 0.057933 -0.566132 -0.259830 -0.321989 -0.188555 -0.233751 -0.033911 -0.407237 -0.123200 -0.297502 -0.365167 0.373286 0.543197 -0.303103 0.262848 -0.290631 -0.052816 -0.077525 -0.095558 -0.490940 0.055859 -0.194620 -0.006018 -0.317816 -0.048439 -0.155581 -0.102593 -0.464946 -0.306190 0.243743 0.189094 -0.236345 -0.064398 0.083540 0.408210 0.475276 0.227107 -0.053466 -0.203709 0.475539 -0.062811 -0.077496 -0.165120 -0.068423 -0.015068 -0.440129 -0.411637 0.202522 -0.296373 -0.228475 -0.204610 -0.053929 -0.022268 -0.114423 0.074110 -0.081446 -0.220530 0.264470 -0.300074 -0.232749 -0.137497 0.054226 0.040510
0.064911 -0.043175 0.430303 0.088656 1.000000 0.384779 0.417017 0.079682 0.699600 0.608845 0.105625 0.101411 0.023097 -0.015122 0.255699 0.022065 -0.344796 -0.392710 0.118666 -0.009148 -0.038862 -0.180158 0.367446 0.194396 0.460783 0.145505 0.428153 0.368788 -0.231657 -0.222947 0.222964 -0.076062 -0.241041 -0.165002 0.313596 0.161971 -0.364579 -0.383997 -0.306145 -0.444876 -0.216873 -0.149781 0.180806 0.210674 -0.159266 -0.101693 -0.005888 0.078722 -0.245566 -0.158404 0.051533 0.002306 -0.141847 0.196522 -0.264113 -0.251496 -0.295730 -0.303356 0.248138 -0.075352 0.162479 0.169150 -0.396764 -0.455721 0.588251 0.400423 -0.158281 0.022867 -0.094054 0.003423 0.066783 -0.185582 -0.284813 -0.220982 -0.273386 -0.212667 -0.141853 -0.205257 -0.234386 -0.069150 -0.337160 -0.382561 0.166285 -0.028537 -0.163829 -0.370132 0.082519 -0.043622 0.277182 -0.093052 0.153788 0.355050 0.253289 0.284281 -0.273342 -0.236129 -0.080525 -0.157012 -0.125789 -0.099494 -0.029106 -0.094040 -0.200131 0.309645 0.210072 0.334470 -0.034557 0.243052 -0.254500 -0.440242 0.125800 -0.310200 -0.163052 -0.025454 0.156352 -0.049865
-0.113589 -0.161214 0.213705 0.512634 0.384779 1.000000 -0.161092 -0.057007 -0.006797 0.191547 -0.449337 -0.236194 -0.509286 -0.438663 -0.307532 -0.377607 -0.201361 -0.405596 0.069032 -0.064858 -0.151994 -0.148415 0.633473 0.651760 0.667093 0.723147 0.830488 0.876093 -0.553486 -0.449962 0.451391 0.341868 -0.333445 -0.303811 0.393567 0.425704 -0.295475 -0.304335 -0.050664 -0.036587 -0.175043 -0.099252 0.035189 0.401884 -0.365861 -0.130889 0.147329 0.343354 -0.349322 -0.146192 0.122882 -0.013676 -0.066146 0.045903 -0.356061 -0.101030 -0.121252 -0.115103 0.010173 -0.193886 -0.375869 -0.328294 -0.294246 -0.494269 0.371100 0.542959 -0.168577 0.292649 -0.071853 -0.254142 0.070588 -0.118541 -0.223750 -0.156471 -0.180669 -0.259203 -0.307494 -0.312695 -0.049655 0.158261 -0.246491 -0.171230 0.137916 -0.105134 -0.223952 -0.221989 0.157473 0.102538 0.440733 0.237379 -0.293368 -0.097918 0.035188 -0.172434 -0.079183 -0.049293 0.187768 0.227945 -0.314701 -0.103836 -0.140857 -0.282636 -0.453376 0.228688 0.213828 0.322808 0.025041 0.343326 -0.080318 -0.319831 0.394811 -0.377347 -0.278837 -0.061413 0.178693 0.068368
0.223778 0.070356 0.437125 -0.106486 0.417017 -0.161092 1.000000 0.260802 0.554043 0.246794 0.261317 0.146724 0.464915 0.336367 0.508352 0.297344 -0.313677 -0.151357 0.240300 0.208922 -0.002341 -0.011079 -0.006204 -0.154618 0.092504 -0.176474 -0.028127 -0.053771 0.044255 0.020117 -0.057230 -0.190150 0.069483 0.189995 0.181160 0.170279 -0.347394 -0.118434 -0.035500 -0.216887 -0.195279 -0.123307 -0.160508 -0.242562 -0.081953 -0.158619 -0.364247 -0.189291 -0.207199 -0.235531 -0.216211 -0.145949 -0.305264 -0.070883 -0.075013 -0.288898 0.010897 -0.208636 0.206858 0.004897 0.539758 0.284385 -0.076443 0.119599 0.405991 0.064563 -0.051200 -0.059707 -0.034673 0.313818 -0.040604 -0.008145 -0.111547 -0.017440 -0.071731 0.056713 0.113906 0.219659 -0.366641 -0.328911 -0.315114 -0.424523 0.241443 0.149523 -0.082751 -0.335723 0.269208 0.133455 0.138455 -0.147004 0.290527 0.422078 0.269363 0.389445 -0.409943 -0.317011 -0.185896 -0.500044 0.042358 -0.129915 0.027589 -0.134904 0.038670 -0.116865 -0.212649 -0.165931 -0.142762 -0.247528 -0.317507 -0.051183 -0.002690 0.070067 0.090321 -0.329560 -0.308882 -0.370410
-0.342642 -0.228150 0.453021 0.422263 0.079682 -0.057007 0.260802 1.000000 0.164346 0.421132 -0.225193 0.438720 0.064323 0.626556 -0.034244 0.356156 -0.345706 -0.207924 -0.172023 -0.236024 -0.030185 0.143874 -0.079197 0.154593 0.123965 0.295491 -0.233058 -0.227706 -0.180346 0.013794 0.335901 0.574013 -0.152690 0.228433 -0.236397 0.098630 -0.500834 -0.176035 -0.230324 0.116268 -0.365360 0.117263 -0.153863 -0.168665 -0.116665 -0.134540 -0.343492 -0.070016 -0.197431 -0.210183 -0.264532 0.003723 0.008251 -0.066075 -0.422476 -0.379205 -0.292039 -0.305454 -0.131953 0.266287 0.148350 0.388562 -0.138279 0.019374 0.034047 0.402469 -0.096951 0.173274 -0.279036 0.094456 -0.064405 0.240535 -0.264889 0.024687 -0.201806 0.307144 -0.004812 0.254687 -0.281953 -0.370333 -0.481264 -0.377224 -0.132883 0.105939 -0.479591 -0.303914 -0.211033 0.117879 -0.152110 -0.246526 0.110914 -0.043119 0.569030 -0.028089 -0.023799 -0.078365 -0.166769 -0.165059 -0.301534 -0.346923 0.484311 0.034841 0.439153 -0.318187 -0.323534 -0.324012 -0.223713 -0.214980 -0.068541 0.093678 -0.126158 0.083580 0.050283 -0.204137 -0.157244 -0.089375
-0.010699 -0.037667 0.244932 0.006843 0.699600 -0.006797 0.554043 0.164346 1.000000 0.725212 0.204116 0.399200 0.371317 0.260804 0.533421 0.274675 -0.431118 -0.405401 -0.072637 -0.151473 -0.174211 -0.194345 0.220973 0.073495 0.359094 0.005275 -0.039966 0.059312 -0.275112 -0.286044 -0.065787 -0.226587 -0.350284 -0.247159 0.373803 0.293860 -0.441265 -0.313647 -0.375876 -0.465359 -0.331005 -0.279992 0.174561 0.063049 -0.089531 -0.072674 -0.150060 -0.101767 -0.085089 -0.095083 0.061870 0.127630 -0.147797 0.219310 -0.149605 -0.233123 -0.358008 -0.400267 0.353763 0.014227 0.488376 0.444134 -0.561717 -0.372794 0.676998 0.451418 -0.275369 -0.078166 -0.203523 0.030777 -0.080960 -0.377304 -0.461491 -0.259667 -0.341596 -0.181700 -0.106944 -0.063557 -0.287610 -0.305459 -0.370528 -0.459016 0.085406 -0.053968 -0.001873 -0.241514 0.233184 0.101075 0.356356 -0.017322 0.397402 0.371684 0.474819 0.469230 -0.264050 -0.255145 -0.213098 -0.335873 -0.025527 -0.091048 0.075438 -0.066171 -0.203971 0.091040 0.133363 0.189912 -0.019183 0.019648 -0.204494 -0.365938 -0.007053 -0.115073 0.034763 -0.121017 -0.038288 -0.162741
-0.253148 -0.277779 0.194901 0.306402 0.608845 0.191547 0.246794 0.421132 0.725212 1.000000 -0.137250 0.467965 0.026504 0.269362 0.236321 0.303335 -0.573175 -0.475853 -0.168769 -0.274961 -0.182082 -0.149393 0.221373 0.238950 0.429843 0.227479 -0.009600 0.053145 -0.552075 -0.321043 0.048681 0.036439 -0.492549 -0.312613 0.244210 0.248144 -0.572366 -0.275043 -0.421052 -0.253683 -0.481990 -0.113187 0.244594 0.198094 -0.064141 0.063250 -0.130831 0.039690 -0.150089 0.040814 0.066650 0.278008 -0.004891 0.319898 -0.311987 -0.130757 -0.574160 -0.520306 0.042113 0.111373 0.140500 0.414713 -0.597146 -0.538235 0.558143 0.631339 -0.372159 0.042873 -0.435141 -0.036852 -0.088087 -0.230396 -0.574401 -0.198191 -0.539914 -0.177590 -0.313283 -0.096353 -0.296033 -0.263948 -0.454087 -0.479719 -0.005815 -0.017226 -0.065269 -0.129468 0.098874 0.173880 0.353550 0.154086 0.317104 0.244128 0.618310 0.161797 -0.147063 -0.205329 -0.176508 -0.171271 -0.139276 -0.072317 0.271845 -0.095971 -0.105342 0.020586 0.081792 0.150463 -0.029524 0.099150 -0.118461 -0.373569 -0.045467 -0.188704 0.053157 -0.041964 0.055079 -0.013120
0.528236 0.176720 -0.153931 -0.603899 0.105625 -0.449337 0.261317 -0.225193 0.204116 -0.137250 1.000000 0.247062 0.683334 0.205717 0.340242 -0.017548 0.145665 0.141309 0.061643 0.029688 0.147170 0.075826 -0.332261 -0.469512 -0.309643 -0.513288 -0.240537 -0.326686 0.542306 0.102748 -0.359900 -0.454717 0.070866 0.097955 0.011466 -0.082620 0.163303 -0.094315 0.027294 -0.081955 0.159451 -0.189047 -0.120054 -0.192081 0.104814 -0.078082 -0.115379 -0.371064 0.357409 -0.179322 0.083406 -0.180586 -0.126727 -0.181863 0.539065 -0.035441 0.160438 -0.045752 0.487238 0.008864 0.513384 0.200843 0.122554 0.138345 -0.028526 -0.383205 0.184025 -0.113054 0.143936 -0.009814 0.005954 -0.090146 0.103508 -0.087492 0.133805 0.102657 0.309796 0.057580 -0.091326 -0.042609 0.085932 0.007619 -0.004933 -0.171022 0.384062 0.081224 0.174421 -0.147464 -0.098355 -0.009320 0.073306 0.172892 -0.248776 0.204810 -0.011798 -0.031010 0.042248 -0.201751 0.145968 -0.087154 -0.215721 0.037925 0.013249 -0.007517 0.033674 -0.071484 0.037864 -0.117611 0.033446 0.152764 -0.087303 0.046989 -0.013928 0.011007 -0.111034 -0.141245
-0.016868 0.140264 -0.084941 0.099588 0.101411 -0.236194 0.146724 0.438720 0.399200 0.467965 0.247062 1.000000 0.318889 0.683451 0.233789 0.407620 -0.292757 -0.019834 -0.214795 -0.136580 -0.023998 0.002114 0.006495 0.070557 0.071847 -0.061288 -0.368131 -0.270405 -0.043502 0.001926 -0.026337 0.045356 -0.418142 -0.171073 -0.001852 0.114892 -0.319445 -0.157692 -0.321365 -0.075265 -0.358089 0.084865 -0.022303 -0.172193 -0.150216 -0.106388 -0.374840 -0.378592 0.117800 -0.090716 0.115899 0.102583 -0.065102 0.033855 -0.021747 -0.288233 -0.320034 -0.379411 -0.005531 0.165539 0.245545 0.615897 -0.345988 -0.119689 0.139978 0.256280 -0.419992 -0.103287 -0.185229 -0.226622 -0.039321 -0.106081 -0.430303 0.039371 -0.260418 0.182210 -0.093981 0.039016 -0.137697 -0.327542 -0.164098 -0.134627 -0.124111 -0.025434 0.312473 0.225049 0.005958 0.114639 0.108063 0.057307 0.175710 -0.060920 0.500445 0.029900 0.136544 0.051522 -0.314372 -0.139675 -0.244894 -0.306818 0.239795 -0.133071 0.094754 -0.386530 -0.134881 -0.153430 -0.113572 -0.057327 0.179910 -0.007343 -0.256749 -0.043379 0.122178 0.119627 -0.012927 0.079890
0.259338 0.015447 0.008774 -0.487706 0.023097 -0.509286 0.464915 0.064323 0.371317 0.026504 0.683334 0.318889 1.000000 0.476985 0.359766 0.148693 -0.033045 0.018983 -0.101951 -0.149277 0.083279 0.176723 -0.406489 -0.426777 -0.130375 -0.404056 -0.404009 -0.358879 0.306430 0.035923 -0.461162 -0.393070 0.005762 0.126524 -0.052328 0.122083 0.051804 -0.083522 -0.138763 -0.089486 -0.038857 -0.196676 -0.159742 -0.235962 0.017778 -0.115350 -0.221884 -0.333127 0.275538 -0.190235 -0.064574 -0.117847 -0.104789 -0.159700 0.384455 -0.078365 0.024079 -0.203724 0.442327 0.135740 0.717225 0.248434 0.041116 0.158401 0.009861 -0.167367 0.162338 -0.125823 0.027322 -0.036032 -0.040159 -0.030542 0.012047 -0.093711 -0.060232 0.135904 0.110035 0.003809 -0.092366 -0.275259 -0.018850 -0.103400 -0.182580 -0.299794 0.216867 -0.077396 0.184579 -0.133550 -0.130924 -0.105649 0.174208 0.237267 0.036752 0.345556 0.091927 0.090477 -0.001716 -0.132101 0.074001 -0.033027 0.009908 0.131249 0.155648 -0.069429 0.005033 -0.102340 0.094484 -0.153044 0.151767 0.181631 -0.189460 0.132377 0.126221 -0.008831 -0.136808 -0.070752
-0.005061 0.010615 0.070157 -0.126028 -0.015122 -0.438663 0.336367 0.626556 0.260804 0.269362 0.205717 0.683451 0.476985 1.000000 0.212105 0.648009 -0.184034 0.141651 -0.087495 -0.051889 0.137647 0.117847 -0.344113 -0.275590 -0.182307 -0.277833 -0.486591 -0.512652 0.262354 0.356320 -0.105465 0.057904 -0.048613 0.270218 -0.348603 -0.094494 -0.212261 -0.084794 -0.311365 -0.011481 -0.218417 0.107751 -0.061524 -0.270263 0.058434 0.047449 -0.231078 -0.237031 -0.032958 -0.073716 -0.282870 0.001314 -0.005439 -0.062962 -0.090367 -0.386428 -0.175494 -0.271078 -0.110654 0.362356 0.375790 0.674554 0.004156 0.309823 -0.147648 0.046560 -0.183670 -0.220729 -0.052898 -0.048236 -0.033303 0.237054 -0.006932 0.113639 -0.131482 0.341390 0.049478 0.180927 -0.195921 -0.275367 -0.104132 -0.085179 -0.134021 0.063831 -0.018100 -0.113651 -0.208414 -0.115821 -0.319762 -0.297570 0.105038 -0.015439 0.291439 -0.078561 0.135435 0.119892 -0.337144 -0.142625 -0.127163 -0.216897 0.327102 0.144307 0.430651 -0.322032 -0.205420 -0.225181 -0.075858 -0.115605 0.138120 0.126211 -0.450060 0.163892 0.264229 0.070398 -0.030237 0.045081
0.267491 0.251348 0.019989 -0.035547 0.255699 -0.307532 0.508352 -0.034244 0.533421 0.236321 0.340242 0.233789 0.359766 0.212105 1.000000 0.474911 -0.222868 -0.096397 0.105093 0.187938 0.000689 -0.020635 0.165637 -0.069902 -0.132626 -0.254394 -0.141711 -0.076619 0.096286 0.078797 -0.101361 -0.206967 -0.126229 -0.142794 0.372787 -0.054464 -0.244197 -0.120152 -0.029091 -0.420770 -0.216037 -0.025796 0.014716 -0.248457 -0.046448 -0.161666 -0.225948 -0.309828 -0.045806 0.021369 -0.080427 0.012792 -0.296206 0.136130 -0.026540 -0.143169 -0.100638 -0.144010 -0.031483 -0.075211 0.212359 0.238733 -0.249906 -0.071502 0.367746 -0.132080 -0.310060 -0.328963 -0.138528 0.213683 0.079311 -0.149603 -0.269084 0.127738 -0.095153 -0.011688 0.051384 0.121720 -0.432293 -0.154177 -0.121277 -0.299455 0.643977 0.470499 0.441171 0.157763 0.457311 0.297719 0.361345 -0.014348 0.397842 0.387784 0.198634 0.375415 -0.343160 -0.297986 -0.271449 -0.419259 0.181119 -0.068943 -0.121055 -0.156761 -0.199222 -0.031541 0.083480 0.020171 -0.221738 -0.136848 -0.253054 -0.219852 -0.138301 0.018543 0.090422 -0.192531 -0.150013 -0.221921
-0.057584 0.159577 -0.078191 -0.011133 0.022065 -0.377607 0.297344 0.356156 0.274675 0.303335 -0.017548 0.407620 0.148693 0.648009 0.474911 1.000000 -0.189091 0.161481 0.096349 0.226529 0.230205 0.178120 -0.179972 -0.130924 -0.256000 -0.229950 -0.305832 -0.317259 0.219639 0.482345 -0.070708 0.024138 0.032559 0.253208 -0.202574 -0.343643 -0.209337 -0.031552 -0.057309 -0.148203 -0.228469 0.294568 -0.024628 -0.446297 0.238456 0.100381 -0.221190 -0.338701 -0.160671 0.101725 -0.403577 0.003542 -0.116633 0.063117 -0.161616 -0.237158 -0.122161 -0.092021 -0.339263 0.301144 0.141943 0.642852 0.019612 0.319567 -0.120523 -0.146914 -0.301885 -0.449798 0.019765 0.113836 -0.022061 0.251397 -0.004102 0.076591 -0.299703 0.174449 -0.051841 0.222220 -0.359546 -0.168625 0.019544 -0.102443 0.284995 0.616703 0.091416 0.042810 -0.028933 0.130787 -0.148346 -0.245524 0.406167 0.188036 0.301318 0.022884 -0.148165 -0.151517 -0.621473 -0.254640 0.079117 -0.137222 0.189951 -0.033868 0.212598 -0.097796 -0.003798 0.003975 -0.099155 -0.053901 -0.097301 -0.140919 -0.588832 0.089878 0.311540 -0.017062 -0.031436 -0.023766
0.287116 0.235632 -0.160079 -0.291187 -0.344796 -0.201361 -0.313677 -0.345706 -0.431118 -0.573175 0.145665 -0.292757 -0.033045 -0.184034 -0.222868 -0.189091 1.000000 0.680744 0.252113 0.290910 0.307265 0.040498 -0.215148 -0.178314 -0.373423 -0.358715 -0.041538 -0.166458 0.619273 0.377443 -0.085860 -0.123955 0.583623 0.389667 -0.442996 -0.495355 0.642546 0.249824 0.264112 0.147679 0.458133 0.143122 -0.159837 -0.159973 -0.162912 -0.289255 0.146298 -0.133350 -0.119618 -0.220944 -0.129479 -0.369173 0.074465 -0.223701 0.089134 -0.071641 0.656988 0.689441 -0.059528 -0.199821 -0.149620 -0.366118 0.660651 0.464994 -0.514549 -0.545929 0.220734 -0.262972 0.595857 0.004857 0.181118 0.173169 0.559856 0.292684 0.359847 0.223867 0.311391 -0.007828 0.538674 0.525472 0.721485 0.696606 -0.070774 -0.073789 0.050112 0.060599 -0.365986 -0.379200 -0.475521 -0.205548 -0.353348 -0.186871 -0.441214 -0.149404 0.355205 0.382077 -0.026161 0.306131 -0.157565 0.017466 -0.212971 0.322275 0.248033 0.141910 -0.007060 -0.062019 0.206239 0.052843 0.232757 0.256338 -0.055703 0.114908 0.071811 0.247032 0.183506 0.307831
0.269755 0.405861 -0.350907 -0.286158 -0.392710 -0.405596 -0.151357 -0.207924 -0.405401 -0.475853 0.141309 -0.019834 0.018983 0.141651 -0.096397 0.161481 0.680744 1.000000 0.268074 0.466288 0.342743 0.113338 -0.324774 -0.284756 -0.550730 -0.514916 -0.208056 -0.387608 0.662482 0.673805 -0.197619 -0.188999 0.482321 0.390073 -0.481652 -0.562497 0.462477 0.305115 0.199914 0.174919 0.445460 0.284919 0.027859 -0.201332 -0.070623 -0.127353 0.081362 -0.203341 -0.108772 -0.005710 -0.193604 -0.155982 0.142382 -0.019976 0.152297 -0.060000 0.405936 0.612948 -0.283227 -0.000249 -0.156630 -0.000166 0.531061 0.655759 -0.635851 -0.638382 -0.030342 -0.507143 0.421217 -0.022888 0.139128 0.356109 0.572703 0.478401 0.369063 0.316367 0.201980 0.094440 0.372402 0.361389 0.630364 0.659820 0.010593 0.121239 0.167950 0.171009 -0.439253 -0.295567 -0.495193 -0.199936 -0.122163 -0.180373 -0.316900 -0.273088 0.301599 0.340386 -0.311884 0.201526 -0.071058 0.009382 -0.111172 0.225043 0.338913 -0.151773 -0.167634 -0.128210 0.216788 0.042695 0.211255 0.250162 -0.331571 0.190029 0.220026 0.315517 0.223338 0.348329
0.494704 0.212672 0.239355 -0.007770 0.118666 0.069032 0.240300 -0.172023 -0.072637 -0.168769 0.061643 -0.214795 -0.101951 -0.087495 0.105093 0.096349 0.252113 0.268074 1.000000 0.694400 0.279532 0.101122 0.168681 0.099331 -0.144565 -0.176447 0.313538 0.208046 0.269645 0.155469 0.077415 -0.153715 0.399002 0.379755 -0.074656 -0.291430 0.064610 0.074536 0.329897 0.176981 0.220597 0.135481 -0.346440 -0.303243 -0.199850 -0.269795 -0.236861 -0.169688 -0.401847 -0.314106 -0.285688 -0.391322 -0.300473 -0.266869 -0.068951 -0.311171 0.470575 0.258841 -0.011261 -0.063809 0.107802 -0.037062 0.361480 0.302227 0.043910 -0.217993 -0.008063 -0.206572 0.496070 0.318753 0.202315 0.136192 0.220746 0.117419 0.209308 -0.006721 0.105533 0.166115 -0.084802 0.071784 0.142462 0.072447 0.409822 0.182788 -0.071036 -0.274732 0.044827 0.156534 0.059102 -0.132933 -0.037946 0.261344 -0.097247 0.141168 -0.177853 -0.153578 -0.116860 -0.084765 -0.100123 -0.209805 -0.315315 -0.057250 -0.075425 0.002090 -0.179646 -0.119626 -0.061244 -0.139777 -0.231372 0.123735 0.104599 0.076603 0.132319 -0.114214 -0.165944 -0.139632
0.439632 0.445580 -0.037186 -0.082624 -0.009148 -0.064858 0.208922 -0.236024 -0.151473 -0.274961 0.029688 -0.136580 -0.149277 -0.051889 0.187938 0.226529 0.290910 0.466288 0.694400 1.000000 0.275081 0.142568 0.102859 0.043558 -0.263658 -0.307700 0.183282 0.102816 0.423846 0.454600 -0.025317 -0.201181 0.416421 0.376202 -0.176845 -0.414409 0.073594 0.160273 0.303052 0.118757 0.157272 0.208657 -0.277304 -0.402733 -0.161830 -0.298262 -0.174222 -0.229159 -0.301339 -0.162830 -0.265134 -0.232285 -0.214167 -0.082186 -0.082328 -0.138074 0.477076 0.391677 -0.218398 -0.046157 -0.071213 0.023709 0.291462 0.384002 -0.150047 -0.382182 -0.167954 -0.358648 0.474883 0.302970 0.152827 0.235263 0.273464 0.318954 0.233376 0.136141 0.097547 0.191203 -0.034948 0.165089 0.317715 0.201413 0.414153 0.355959 0.032870 -0.125929 0.016409 0.166826 -0.064883 -0.147601 0.079924 0.288682 -0.111139 0.063058 -0.110761 -0.020039 -0.210839 -0.069965 0.002239 -0.068366 -0.280497 -0.067322 -0.036375 -0.059089 -0.244013 -0.142513 -0.222214 -0.109654 -0.127129 0.164538 -0.027970 0.048103 0.104170 -0.021455 -0.124319 -0.026561
0.166917 0.192049 -0.172532 -0.223486 -0.038862 -0.151994 -0.002341 -0.030185 -0.174211 -0.182082 0.147170 -0.023998 0.083279 0.137647 0.000689 0.230205 0.307265 0.342743 0.279532 0.275081 1.000000 0.531938 -0.286967 -0.199946 -0.206940 -0.218157 0.111547 -0.134805 0.454718 0.365779 -0.084965 -0.059375 0.268196 0.351029 -0.297363 -0.303823 0.220017 -0.049581 0.193592 0.159220 0.155208 0.274754 -0.150709 -0.281525 0.029808 -0.021697 -0.134007 -0.123135 -0.113747 -0.228281 -0.384712 -0.329924 -0.175548 -0.223350 0.115374 -0.161604 0.245503 0.262801 -0.067067 0.087892 0.023129 0.113962 0.336175 0.341780 -0.369473 -0.423974 0.061534 -0.243969 0.327619 0.105363 0.474789 0.602816 0.315348 0.191534 -0.064979 0.347956 0.129301 0.135982 0.020850 0.011550 0.272354 0.186075 0.092271 0.149110 0.060771 0.069456 -0.193533 -0.132337 -0.327918 -0.180231 -0.081206 0.133397 -0.150992 0.036604 0.123914 0.114752 -0.300175 0.043348 -0.076194 -0.143335 -0.057646 0.172064 0.223037 0.022557 -0.101993 -0.129038 0.067825 -0.005043 0.071226 0.169706 -0.264503 -0.028589 -0.028456 0.002438 0.074811 0.136052
-0.047299 -0.003263 -0.116362 -0.077225 -0.180158 -0.148415 -0.011079 0.143874 -0.194345 -0.149393 0.075826 0.002114 0.176723 0.117847 -0.020635 0.178120 0.040498 0.113338 0.101122 0.142568 0.531938 1.000000 -0.216320 -0.029593 -0.151099 -0.019519 0.065491 -0.048666 0.221504 0.116757 -0.090056 0.101405 0.045001 0.170951 -0.232279 -0.138937 -0.018479 0.026647 0.326958 0.351434 -0.204287 0.222066 -0.220419 -0.270213 0.039813 -0.064653 -0.206753 -0.137016 0.002115 -0.073230 -0.295787 -0.157537 -0.075179 -0.146535 0.151975 0.016946 0.137568 0.032709 -0.034441 0.124582 0.032817 0.013355 0.216957 0.155239 -0.317136 -0.332482 0.119122 -0.064685 0.214137 0.069783 0.362251 0.521059 0.081319 0.254783 -0.070225 0.516191 0.083117 0.136337 -0.105426 -0.184194 0.091333 0.033427 -0.000605 0.034262 -0.060826 -0.008922 -0.094170 0.054205 -0.242780 -0.197641 0.047862 0.205824 0.049663 0.161921 0.168225 0.101715 -0.149396 0.056756 -0.089727 -0.164309 0.033070 0.026057 0.166087 -0.186256 -0.230381 -0.281823 -0.071871 -0.184875 0.124328 0.367316 -0.184714 0.102506 0.052821 0.015841 -0.121263 0.071416
-0.116436 -0.041758 0.343875 0.688044 0.367446 0.633473 -0.006204 -0.079197 0.220973 0.221373 -0.332261 0.006495 -0.406489 -0.344113 0.165637 -0.179972 -0.215148 -0.324774 0.168681 0.102859 -0.286967 -0.216320 1.000000 0.837253 0.555409 0.610519 0.544281 0.727770 -0.495045 -0.472842 0.633650 0.387254 -0.377229 -0.471950 0.466859 0.295133 -0.398304 -0.223711 -0.048173 -0.161481 -0.263648 -0.045622 0.022137 0.108630 -0.429157 -0.307479 -0.051026 0.023622 -0.282440 -0.090800 0.183149 -0.011635 -0.128797 0.082307 -0.436269 -0.255139 -0.211014 -0.196113 -0.051086 -0.266441 -0.348653 -0.261735 -0.404201 -0.503612 0.597291 0.465604 -0.390903 0.104888 -0.096184 -0.181318 0.022516 -0.367848 -0.431473 0.021238 -0.034363 -0.159008 -0.322535 -0.234787 -0.126489 0.035686 -0.301796 -0.206866 0.444775 0.063268 -0.006623 -0.109743 0.271158 0.307233 0.653284 0.166183 -0.070385 0.015992 0.296227 0.155732 -0.083105 -0.112730 0.037630 0.035285 -0.344666 -0.320611 -0.112546 -0.320839 -0.531859 0.001066 0.129097 0.204508 -0.114476 0.228700 -0.070491 -0.301763 0.440298 -0.392181 -0.157130 -0.002619 0.128503 0.063133
-0.296129 -0.110440 0.304548 0.828244 0.194396 0.651760 -0.154618 0.154593 0.073495 0.238950 -0.469512 0.070557 -0.426777 -0.275590 -0.069902 -0.130924 -0.178314 -0.284756 0.099331 0.043558 -0.199946 -0.029593 0.837253 1.000000 0.592985 0.783512 0.499229 0.682555 -0.514256 -0.432600 0.581866 0.532448 -0.379904 -0.342752 0.263968 0.244175 -0.434222 -0.294697 -0.047523 -0.025021 -0.290824 0.080693 -0.184718 -0.041751 -0.469938 -0.408114 -0.157584 -0.094755 -0.286225 -0.197822 0.073294 -0.043619 -0.001379 0.030355 -0.502798 -0.260334 -0.229869 -0.185037 0.006644 -0.063568 -0.348858 -0.190394 -0.342623 -0.438418 0.398979 0.536732 -0.335834 0.164207 -0.105167 -0.284512 -0.021616 -0.215103 -0.427045 -0.021095 -0.206274 -0.096021 -0.441862 -0.295429 -0.107638 -0.051261 -0.281186 -0.171931 0.243510 0.016482 -0.136663 -0.159088 0.160579 0.262362 0.543500 0.240974 -0.039095 -0.053521 0.452776 0.091246 0.066139 -0.005310 -0.054444 0.183164 -0.513935 -0.448463 0.079256 -0.240896 -0.416916 0.001405 0.144904 0.206017 -0.064060 0.284964 0.030911 -0.263123 0.334832 -0.454441 -0.212698 0.015885 0.199691 0.187831
-0.318325 -0.337306 0.335035 0.422935 0.460783 0.667093 0.092504 0.123965 0.359094 0.429843 -0.309643 0.071847 -0.130375 -0.182307 -0.132626 -0.256000 -0.373423 -0.550730 -0.144565 -0.263658 -0.206940 -0.151099 0.555409 0.592985 1.000000 0.711663 0.502826 0.579358 -0.613825 -0.514035 0.355899 0.298840 -0.409209 -0.288901 0.423886 0.575673 -0.417002 -0.431803 -0.285419 -0.219292 -0.330567 -0.287380 0.018194 0.240018 -0.279382 -0.181149 -0.118098 0.093376 -0.124654 -0.153689 0.173548 0.036476 -0.093793 0.085283 -0.221091 -0.153611 -0.383481 -0.443838 0.245166 -0.215531 -0.025450 -0.140336 -0.550529 -0.627056 0.554804 0.669285 -0.215558 0.173172 -0.188705 -0.301029 -0.043488 -0.255974 -0.453759 -0.364545 -0.391765 -0.360220 -0.372967 -0.329135 -0.020586 -0.090756 -0.364488 -0.294700 -0.002571 -0.294139 -0.191660 -0.294212 0.149888 0.004235 0.502330 0.184757 -0.008477 0.116371 0.368914 0.250526 0.078811 0.009679 0.071994 0.129372 -0.294904 -0.135529 0.162590 -0.011903 -0.332113 0.188639 0.219656 0.298459 0.031541 0.297512 0.047255 -0.327818 0.270683 -0.319791 -0.158340 0.031218 0.205455 0.151598
-0.492465 -0.365550 0.350549 0.761487 0.145505 0.723147 -0.176474 0.295491 0.005275 0.227479 -0.513288 -0.061288 -0.404056 -0.277833 -0.254394 -0.229950 -0.358715 -0.514916 -0.176447 -0.307700 -0.218157 -0.019519 0.610519 0.783512 0.711663 1.000000 0.496794 0.646597 -0.656432 -0.553358 0.633257 0.719705 -0.396709 -0.265073 0.376050 0.513764 -0.450276 -0.313156 -0.065887 -0.025441 -0.314587 -0.046299 -0.134895 0.133705 -0.276161 -0.165905 -0.088727 0.129956 -0.180834 -0.203949 0.051781 -0.028242 0.003493 -0.060632 -0.406908 -0.151335 -0.329421 -0.316177 0.089977 -0.065634 -0.246164 -0.183542 -0.375537 -0.481224 0.379003 0.649098 -0.081542 0.410309 -0.262274 -0.253247 -0.150527 -0.123070 -0.434930 -0.265319 -0.309073 -0.199223 -0.355993 -0.177580 -0.167374 -0.145135 -0.475899 -0.350526 0.078051 -0.028602 -0.319024 -0.185011 0.138581 0.221226 0.446197 0.252233 -0.086962 -0.180738 0.324890 -0.026896 -0.040326 -0.116506 0.084739 0.110847 -0.383322 -0.342619 0.167416 -0.256975 -0.312388 0.048057 0.141126 0.168044 -0.061651 0.163170 -0.059692 -0.263300 0.313310 -0.362548 -0.285029 -0.191651 0.090404 0.007423
0.102218 0.025196 0.186379 0.285037 0.428153 0.830488 -0.028127 -0.233058 -0.039966 -0.009600 -0.240537 -0.368131 -0.404009 -0.486591 -0.141711 -0.305832 -0.041538 -0.208056 0.313538 0.183282 0.111547 0.065491 0.544281 0.499229 0.502826 0.496794 1.000000 0.838846 -0.258909 -0.233668 0.376737 0.180856 -0.085836 -0.083686 0.355116 0.275244 -0.141400 -0.254428 0.131638 -0.035718 -0.115649 -0.034535 -0.049540 0.213143 -0.339804 -0.207357 0.071749 0.200341 -0.413818 -0.259590 -0.057759 -0.230536 -0.248546 -0.040101 -0.236413 -0.150712 0.073927 0.050054 0.070208 -0.238140 -0.267516 -0.354311 -0.130945 -0.305681 0.278905 0.223517 -0.096793 0.114786 0.152158 -0.137368 0.203630 0.033205 -0.011067 -0.082855 -0.111948 -0.177475 -0.208180 -0.277133 -0.056836 0.205346 -0.078344 -0.082069 0.328700 -0.001234 -0.140186 -0.274409 0.166286 0.020524 0.357678 0.097186 -0.226525 0.093463 -0.094082 0.009980 -0.107722 -0.057587 0.085772 0.197382 -0.267840 -0.168411 -0.285965 -0.230758 -0.423999 0.304337 0.198387 0.313205 0.040682 0.321382 -0.115741 -0.250806 0.365149 -0.405902 -0.267409 -0.040934 0.178969 0.074114
-0.018558 0.042002 0.247621 0.447457 0.368788 0.876093 -0.053771 -0.227706 0.059312 0.053145 -0.326686 -0.270405 -0.358879 -0.512652 -0.076619 -0.317259 -0.166458 -0.387608 0.208046 0.102816 -0.134805 -0.048666 0.727770 0.682555 0.579358 0.646597 0.838846 1.000000 -0.452051 -0.438648 0.423148 0.246176 -0.305260 -0.298316 0.490550 0.384384 -0.243959 -0.253192 0.080845 -0.137832 -0.189486 -0.063135 -0.098756 0.197651 -0.381092 -0.244719 0.063984 0.191159 -0.287429 -0.187248 0.090761 -0.113343 -0.206231 -0.022955 -0.327422 -0.096288 -0.008461 -0.034101 0.095420 -0.233219 -0.250247 -0.344879 -0.274264 -0.432631 0.437283 0.388139 -0.166254 0.198530 0.008528 -0.230699 0.055017 -0.135214 -0.229842 -0.120478 -0.138614 -0.244447 -0.292260 -0.253908 -0.136990 0.118928 -0.185083 -0.182392 0.299427 -0.003815 -0.079777 -0.174023 0.352850 0.233877 0.516769 0.178165 -0.168952 0.017083 0.030888 0.046236 -0.219576 -0.142404 0.131042 0.089703 -0.224741 -0.157281 -0.232870 -0.350542 -0.582982 0.256639 0.257410 0.346140 -0.094351 0.248083 -0.164336 -0.297040 0.416415 -0.381941 -0.260862 -0.118432 0.061202 -0.034191
0.445185 0.357969 -0.215944 -0.586121 -0.231657 -0.553486 0.044255 -0.180346 -0.275112 -0.552075 0.542306 -0.043502 0.306430 0.262354 0.096286 0.219639 0.619273 0.662482 0.269645 0.423846 0.454718 0.221504 -0.495045 -0.514256 -0.613825 -0.656432 -0.258909 -0.452051 1.000000 0.710793 -0.199457 -0.242356 0.555681 0.575013 -0.548218 -0.615343 0.497518 0.180475 0.175388 0.086422 0.388834 0.241615 -0.179072 -0.383351 0.162373 -0.050415 0.057038 -0.308842 0.009712 -0.129260 -0.259696 -0.343801 -0.008361 -0.206712 0.251325 -0.144006 0.475184 0.445449 -0.065588 0.004176 0.145439 0.079191 0.655004 0.687445 -0.573109 -0.759579 0.192253 -0.407254 0.475133 0.052905 0.149163 0.346525 0.703163 0.295989 0.360719 0.370643 0.345970 0.113102 0.228158 0.291625 0.580518 0.529090 0.027258 0.116033 0.131278 -0.010198 -0.314705 -0.383532 -0.608674 -0.459153 -0.159558 -0.030648 -0.447918 -0.074926 0.218502 0.290826 -0.183243 0.083949 0.078297 -0.040010 -0.121352 0.282225 0.341743 -0.006182 -0.088745 -0.139421 0.097962 -0.027117 0.172251 0.308051 -0.326532 0.194847 0.101124 0.217276 0.092667 0.185749
0.202124 0.343888 -0.328221 -0.392238 -0.222947 -0.449962 0.020117 0.013794 -0.286044 -0.321043 0.102748 0.001926 0.035923 0.356320 0.078797 0.482345 0.377443 0.673805 0.155469 0.454600 0.365779 0.116757 -0.472842 -0.432600 -0.514035 -0.553358 -0.233668 -0.438648 0.710793 1.000000 -0.150148 -0.097586 0.415126 0.546398 -0.533697 -0.558195 0.345615 0.176959 0.074879 0.001956 0.306554 0.367931 0.072961 -0.243470 0.178282 0.090290 0.126692 -0.153725 -0.164216 0.099541 -0.364876 -0.135025 0.021837 0.115071 0.028996 -0.037368 0.218137 0.405641 -0.459782 -0.041456 -0.136230 0.129534 0.393360 0.586716 -0.636587 -0.636578 -0.126715 -0.580592 0.277151 0.044107 0.156343 0.496040 0.665791 0.413229 0.234004 0.342234 0.154514 0.106918 0.155526 0.346986 0.571062 0.552650 0.123931 0.424409 0.104439 0.103943 -0.408516 -0.331516 -0.565280 -0.485092 -0.049322 -0.066757 -0.220202 -0.232967 0.189099 0.273607 -0.347753 0.138209 0.082119 0.076840 0.075297 0.263506 0.442795 0.014569 -0.068613 -0.010957 0.034624 0.098490 0.123072 0.132638 -0.495938 0.150065 0.202520 0.298736 0.227140 0.287653
-0.286719 -0.172752 0.500465 0.651635 0.222964 0.451391 -0.057230 0.335901 -0.065787 0.048681 -0.359900 -0.026337 -0.461162 -0.105465 -0.101361 -0.070708 -0.085860 -0.197619 0.077415 -0.025317 -0.084965 -0.090056 0.633650 0.581866 0.355899 0.633257 0.376737 0.423148 -0.199457 -0.150148 1.000000 0.835217 -0.122134 -0.009279 0.106061 0.150794 -0.279976 -0.123244 -0.004164 0.015048 -0.164493 0.081627 -0.061196 0.001254 -0.278627 -0.179931 -0.034678 0.034908 -0.417040 -0.277376 -0.158611 -0.284816 -0.172133 -0.170198 -0.533138 -0.402461 -0.148541 -0.102000 -0.221336 -0.262510 -0.342579 -0.222983 -0.065061 -0.197069 0.237612 0.311595 -0.101069 0.213398 -0.033850 -0.044855 0.062940 0.059153 -0.099944 0.050822 0.082323 0.125172 -0.088901 0.022231 -0.107620 0.076545 -0.310536 -0.127568 0.256982 0.201300 -0.350950 -0.225033 -0.168471 0.113993 0.165671 -0.231918 -0.271144 -0.262108 0.216027 -0.065913 0.024196 -0.034978 0.053673 0.073942 -0.449402 -0.475923 0.177011 -0.183066 -0.052556 -0.072380 -0.062501 -0.053674 -0.188516 0.068515 -0.008354 -0.045010 0.296673 -0.198515 -0.153709 -0.062124 0.087529 0.074676
-0.422096 -0.264241 0.344438 0.685970 -0.076062 0.341868 -0.190150 0.574013 -0.226587 0.036439 -0.454717 0.045356 -0.393070 0.057904 -0.206967 0.024138 -0.123955 -0.188999 -0.153715 -0.201181 -0.059375 0.101405 0.387254 0.532448 0.298840 0.719705 0.180856 0.246176 -0.242356 -0.097586 0.835217 1.000000 -0.139838 0.069828 -0.064830 0.162546 -0.317354 -0.136183 -0.011710 0.161435 -0.247557 0.168301 -0.098270 -0.046841 -0.190373 -0.166349 -0.084780 0.035437 -0.252078 -0.183515 -0.156405 -0.144980 -0.013699 -0.126699 -0.514428 -0.309699 -0.173495 -0.128211 -0.283349 -0.134887 -0.338868 -0.138535 -0.043873 -0.112933 0.012872 0.302874 -0.116302 0.189874 -0.131151 -0.136831 -0.012696 0.234475 -0.162019 0.080960 -0.043061 0.234279 -0.138779 0.059099 -0.088966 -0.006566 -0.300038 -0.098190 0.151964 0.202831 -0.395399 -0.151273 -0.212641 0.108597 0.019122 -0.171631 -0.204692 -0.346293 0.249330 -0.197734 0.147021 0.062126 -0.029317 0.138216 -0.403543 -0.401885 0.299172 -0.117632 0.074502 -0.208479 -0.145608 -0.162341 -0.180567 -0.010576 0.089175 0.061114 0.089423 -0.100188 -0.077894 -0.075288 0.084805 0.125311
0.293255 0.181849 0.051908 -0.352262 -0.241041 -0.333445 0.069483 -0.152690 -0.350284 -0.492549 0.070866 -0.418142 0.005762 -0.048613 -0.126229 0.032559 0.583623 0.482321 0.399002 0.416421 0.268196 0.045001 -0.377229 -0.379904 -0.409209 -0.396709 -0.085836 -0.305260 0.555681 0.415126 -0.122134 -0.139838 1.000000 0.741807 -0.436307 -0.431394 0.392404 0.232090 0.239571 0.148556 0.322799 0.166530 -0.232999 -0.271265 0.037916 -0.104362 -0.042534 -0.048370 -0.193050 -0.208161 -0.295548 -0.383135 -0.108516 -0.318871 0.039324 -0.098262 0.606285 0.522501 -0.070967 -0.008370 0.109736 -0.133322 0.691319 0.632203 -0.438056 -0.492088 0.363013 -0.162828 0.531706 0.371628 -0.052267 0.310558 0.490039 0.119196 0.270977 0.080816 0.300618 0.222915 0.247938 0.256760 0.416972 0.341082 0.041317 0.083944 -0.190651 -0.221579 -0.241287 -0.217037 -0.484692 -0.300442 -0.070232 0.055633 -0.390588 -0.037182 0.066208 0.094573 -0.014408 0.034035 0.051588 0.044922 -0.196489 0.262038 0.344553 0.054499 -0.148117 -0.203594 0.098800 -0.168945 -0.040786 0.270108 -0.084827 0.159830 0.099881 -0.005392 -0.070719 -0.018733
0.268531 0.147015 0.152105 -0.282991 -0.165002 -0.303811 0.189995 0.228433 -0.247159 -0.312613 0.097955 -0.171073 0.126524 0.270218 -0.142794 0.253208 0.389667 0.390073 0.379755 0.376202 0.351029 0.170951 -0.471950 -0.342752 -0.288901 -0.265073 -0.083686 -0.298316 0.575013 0.546398 -0.009279 0.069828 0.741807 1.000000 -0.515155 -0.316026 0.236363 0.061395 0.202557 0.211255 0.248869 0.188131 -0.327068 -0.363660 0.039456 -0.149315 -0.190544 -0.175685 -0.275041 -0.378079 -0.445824 -0.415609 -0.206310 -0.323925 -0.048966 -0.252283 0.444859 0.396355 -0.092549 -0.016908 0.263899 0.094075 0.545845 0.635627 -0.412200 -0.332720 0.236729 -0.215250 0.430338 0.237698 -0.024911 0.501231 0.496949 0.071806 0.161651 0.217495 0.242544 0.303711 0.125764 0.122291 0.250451 0.220746 -0.006966 0.130274 -0.341953 -0.357294 -0.317641 -0.234080 -0.541279 -0.470538 -0.128584 -0.026073 -0.217446 -0.041253 0.059436 0.093642 -0.101370 0.014450 -0.088081 -0.123244 -0.029166 0.261959 0.457733 -0.045602 -0.293721 -0.247552 -0.038157 -0.215325 -0.035808 0.331609 -0.174920 0.190155 0.090586 -0.061504 -0.088466 0.015508
-0.031829 0.035490 0.063109 0.209344 0.313596 0.393567 0.181160 -0.236397 0.373803 0.244210 0.011466 -0.001852 -0.052328 -0.348603 0.372787 -0.202574 -0.442996 -0.481652 -0.074656 -0.176845 -0.297363 -0.232279 0.466859 0.263968 0.423886 0.376050 0.355116 0.490550 -0.548218 -0.533697 0.106061 -0.064830 -0.436307 -0.515155 1.000000 0.650085 -0.341432 -0.194376 -0.052542 -0.389518 -0.208083 -0.303306 0.005664 0.276908 -0.177142 0.019639 -0.059593 0.119607 -0.022499 -0.097996 0.188369 0.000802 -0.287662 0.016806 0.083911 0.069779 -0.276905 -0.283167 0.229130 -0.227469 0.061606 -0.018783 -0.544943 -0.522150 0.690211 0.396535 -0.090388 0.315148 -0.324809 0.007702 -0.076016 -0.398492 -0.503112 -0.301522 -0.212881 -0.412678 -0.040000 0.004617 -0.405577 -0.215097 -0.425968 -0.489923 0.326239 0.141905 0.294033 0.178156 0.567898 0.400735 0.771090 0.416573 0.098327 0.037620 0.122639 0.180722 -0.477150 -0.488731 0.157608 -0.328555 0.052056 -0.107814 -0.188419 -0.475511 -0.498774 0.091140 0.223078 0.250474 -0.198583 -0.020988 -0.366905 -0.427455 0.324241 -0.220205 -0.219544 -0.399043 -0.199998 -0.397920
-0.176973 -0.203673 0.095159 0.210109 0.161971 0.425704 0.170279 0.098630 0.293860 0.248144 -0.082620 0.114892 0.122083 -0.094494 -0.054464 -0.343643 -0.495355 -0.562497 -0.291430 -0.414409 -0.303823 -0.138937 0.295133 0.244175 0.575673 0.513764 0.275244 0.384384 -0.615343 -0.558195 0.150794 0.162546 -0.431394 -0.316026 0.650085 1.000000 -0.371913 -0.288199 -0.140025 -0.023845 -0.262900 -0.386437 -0.010983 0.343608 -0.234812 0.033983 -0.112245 0.202292 -0.006029 -0.196855 0.198890 0.044818 -0.188345 -0.068577 0.059292 0.014205 -0.301197 -0.399517 0.322273 -0.154107 0.251070 -0.031197 -0.516761 -0.434553 0.548012 0.629060 -0.055940 0.450425 -0.355136 -0.142794 -0.177358 -0.312342 -0.421387 -0.356565 -0.184942 -0.212306 -0.101448 -0.007153 -0.150945 -0.288015 -0.487379 -0.428742 -0.093589 -0.295634 -0.043783 -0.111079 0.306838 0.200023 0.524977 0.342619 -0.110260 -0.152798 0.153323 0.088064 -0.120706 -0.155347 0.339215 -0.081937 -0.172310 -0.128613 -0.040748 -0.298855 -0.329342 -0.155485 -0.088363 -0.047165 -0.118987 -0.131363 -0.051493 -0.070005 0.413492 -0.146152 -0.165785 -0.343447 -0.211645 -0.243503
