1.000000 -0.054915 0.150347 -0.123086 0.013359 -0.209881 0.151159 -0.095138 -0.006784 -0.001761 0.420357 0.099277 -0.024748 -0.066964 -0.057223 -0.124889 0.245397 0.101157 0.308664 0.338749 0.108431 0.279640 -0.116901 -0.200233 -0.212709 -0.277401 0.085138 -0.064529 0.115528 0.016207 0.032726 -0.247664 -0.034892 -0.101670 -0.284761 -0.350319 0.133667 -0.001225 -0.084344 -0.020535 -0.083672 0.048412 -0.168420 -0.190703 -0.275066 -0.320977 0.075361 -0.001073 0.168779 -0.051915 0.017902 0.042247 0.197597 0.150380 0.251687 -0.004075 0.643530 -0.025316 0.191833 0.044370 0.148072 0.019281 0.211870 0.152057 -0.223180 -0.191069 -0.154634 -0.276518 0.234518 -0.197247 0.027947 0.249631 -0.341104 0.107960 -0.006986 0.003849 0.191638 0.169437 0.324918 -0.133114 0.146733 -0.067547 0.088892 -0.080301 -0.182474 -0.125905 -0.007885 0.011221 -0.100236 0.160031 0.172697 0.106645 -0.005176 0.069990 -0.184784 -0.133805 -0.117573 -0.247846 -0.037110 0.139024 0.073049 0.284901 0.114151 0.155467 -0.000416 -0.072044 0.006093 0.035586 -0.286209 -0.018338 -0.262964 0.248152 0.169700 -0.153844 -0.048289 -0.077341
-0.054915 1.000000 -0.089225 -0.025826 -0.086193 -0.244305 -0.023886 0.184748 0.111320 -0.055365 0.360994 0.428940 0.169432 0.269832 0.248750 0.075552 -0.134640 0.151412 -0.106002 0.004250 0.038668 0.042295 -0.188563 -0.128463 -0.183345 -0.250209 -0.119380 -0.286176 0.307309 0.206133 0.027058 0.137316 0.166669 0.331270 -0.190430 -0.213373 0.035814 0.015107 -0.257467 -0.103128 0.187244 -0.174082 -0.035033 0.132675 -0.175731 -0.208631 0.041749 -0.130744 0.059628 0.047147 -0.016880 0.108278 0.099384 0.040851 -0.281368 -0.093917 -0.002474 0.327328 -0.016455 0.181988 0.107619 0.271461 0.195093 0.314027 -0.200152 -0.053781 -0.067723 -0.130481 0.055725 -0.150142 -0.365535 0.040409 0.110642 -0.165396 0.023535 0.038156 0.022201 -0.024095 0.079693 0.118017 0.064474 0.108944 0.276762 0.285506 -0.138159 -0.083248 -0.214030 0.026199 -0.169035 -0.049243 -0.108884 -0.279259 -0.050443 -0.068119 0.009534 -0.149699 -0.032893 -0.155790 0.096737 -0.019539 0.068667 0.215323 0.151750 -0.286372 -0.085673 -0.146153 -0.182427 -0.140393 -0.134214 -0.248657 -0.198562 0.061666 0.062606 -0.200854 -0.158042 -0.226529
0.150347 -0.089225 1.000000 0.501632 0.407911 0.133887 0.767076 0.482689 0.439936 0.357802 -0.116296 0.023975 0.305911 0.185348 0.155147 0.092945 -0.319287 -0.414433 0.311727 0.148597 0.140292 0.226236 0.381612 0.518828 -0.009576 0.038978 0.232183 0.226422 -0.137296 -0.293817 0.156343 0.115235 0.084289 -0.053455 0.048925 0.071718 -0.302208 -0.422133 -0.171083 -0.360610 -0.069613 -0.304729 -0.107363 -0.216986 -0.022276 -0.044729 -0.221139 -0.232624 0.138578 -0.074941 0.196699 -0.072275 -0.080535 -0.236247 -0.106304 -0.256991 -0.143218 -0.513015 0.231640 -0.028003 0.213784 0.020011 -0.054317 -0.275283 0.455396 0.382696 0.094615 0.005783 0.008769 0.009099 -0.029003 -0.350447 -0.357014 -0.250343 -0.210391 -0.144108 -0.283391 -0.208190 -0.366885 -0.426448 -0.419578 -0.539939 0.215427 0.074326 -0.081534 0.094934 -0.142489 0.057202 0.323433 0.027733 -0.071961 0.025116 0.288220 0.273963 -0.099470 -0.333753 -0.003431 -0.306137 -0.212987 -0.413901 0.236415 -0.092462 -0.011864 -0.295836 -0.352725 -0.146091 -0.162437 -0.121347 -0.168402 -0.266235 -0.123839 -0.244223 -0.216139 -0.200774 -0.165099 -0.164263
-0.123086 -0.025826 0.501632 1.000000 0.127828 0.428173 0.342327 0.664869 0.381198 0.323385 -0.281445 0.050359 0.338045 0.195325 0.412691 0.349176 -0.475096 -0.496241 -0.013645 -0.048799 0.154780 0.163614 0.598686 0.760321 -0.019020 0.451042 0.177100 0.505123 -0.144472 -0.218432 0.157618 0.364907 0.043048 -0.108690 0.337528 0.414683 -0.212248 -0.372858 -0.156397 -0.350140 -0.140089 -0.168697 -0.213193 -0.374075 -0.289555 -0.237321 -0.345829 -0.483340 -0.190209 -0.239943 0.060521 -0.222499 -0.282645 -0.142735 -0.296102 -0.336210 -0.152819 -0.499536 -0.009439 -0.286989 0.028358 -0.072046 -0.191169 -0.478331 0.674174 0.375724 -0.269347 -0.191691 0.041137 0.221619 0.077487 -0.117946 -0.266218 -0.093418 -0.313856 -0.048634 -0.203501 0.001032 -0.448936 -0.215010 -0.539751 -0.469749 0.232788 0.220068 0.227902 0.233322 0.126207 0.145575 0.638980 0.117959 -0.349114 -0.230275 0.404437 0.165185 0.182967 -0.059209 -0.048026 0.029586 -0.471081 -0.485351 0.394623 -0.340034 -0.193616 -0.390811 -0.224317 0.221309 -0.118388 -0.123423 0.012737 -0.159709 -0.008040 -0.400386 -0.400757 0.008341 0.147317 0.206319
0.013359 -0.086193 0.407911 0.127828 1.000000 -0.007467 0.582919 0.180786 0.624173 0.753447 0.107616 -0.078458 0.226168 0.340867 0.078191 0.529640 -0.179689 -0.149403 0.218345 0.112890 0.357629 0.316989 -0.236448 0.067089 0.276966 -0.249429 0.630618 0.117120 0.047318 -0.156925 -0.147943 -0.290586 -0.157015 -0.147699 -0.355371 -0.367344 -0.221192 -0.088216 0.015877 -0.073065 0.085814 -0.085087 -0.129822 -0.150460 0.007237 -0.165027 -0.123583 -0.237347 0.353447 0.104786 0.161740 0.133803 0.082115 0.110103 -0.012675 -0.091389 0.008100 -0.187879 0.551769 0.390585 0.612161 0.556644 0.323722 0.218489 0.220628 0.508212 0.117299 -0.146745 -0.191401 0.076713 -0.064231 -0.185008 -0.327414 -0.127980 -0.179431 -0.072196 -0.294407 -0.468025 -0.166958 -0.328198 -0.231080 -0.400448 -0.014280 0.210578 -0.488567 -0.276067 -0.110302 -0.191775 -0.103845 -0.131670 0.213322 0.117215 0.049842 0.010128 -0.351731 -0.287293 -0.162582 -0.222766 0.013274 -0.146748 0.205438 0.093308 0.304508 0.060361 -0.112599 -0.195313 0.012370 -0.061081 -0.185658 -0.226359 -0.428092 -0.184824 -0.128804 -0.095680 0.139907 -0.114110
-0.209881 -0.244305 0.133887 0.428173 -0.007467 1.000000 -0.072937 0.083166 -0.087385 -0.055629 -0.223128 -0.220062 0.200883 -0.234000 0.112691 0.036616 -0.238972 -0.502866 -0.012601 -0.012075 0.301354 0.227137 0.734089 0.559756 0.226201 0.737182 0.344945 0.907017 -0.324373 -0.433248 0.097692 0.291376 0.299319 0.041178 0.572295 0.585220 -0.117701 -0.294720 0.231062 -0.107830 0.073526 -0.097115 0.045711 -0.010763 -0.084413 0.081934 -0.314473 -0.230777 -0.059234 -0.076943 0.357526 0.019723 -0.080100 -0.076090 0.002714 -0.010622 -0.275045 -0.303991 -0.083828 -0.275281 -0.210104 -0.413767 -0.265996 -0.510843 0.349186 0.032859 0.141269 0.289431 0.087282 0.239867 0.059334 -0.008514 -0.065587 -0.072327 -0.008909 0.106253 -0.254898 -0.181907 -0.289433 -0.086777 -0.270867 -0.266962 -0.012486 -0.126049 0.267441 0.273430 0.122506 0.334963 0.431336 -0.041694 -0.306063 -0.239974 -0.150289 -0.290353 0.265470 -0.085137 0.225033 0.161055 -0.256331 -0.351708 -0.160022 -0.643307 -0.368276 -0.149229 -0.225273 0.227793 0.065255 0.065333 0.170419 -0.152389 0.391821 -0.398563 -0.527929 0.101691 0.051266 0.111463
0.151159 -0.023886 0.767076 0.342327 0.582919 -0.072937 1.000000 0.565808 0.665594 0.608081 0.062611 0.093992 0.441593 0.493739 0.107312 0.328097 -0.359348 -0.277256 0.229936 0.084278 0.164024 0.222086 -0.046674 0.234814 0.021225 -0.244384 0.353401 0.012393 0.114322 -0.062502 -0.051329 -0.087608 0.029119 0.037894 -0.291762 -0.252041 -0.263411 -0.315471 -0.235729 -0.381082 -0.022773 -0.263042 -0.145202 -0.209138 -0.152362 -0.204929 -0.108563 -0.264467 0.182701 -0.155858 0.136436 -0.121744 -0.070474 -0.166664 -0.186755 -0.311615 -0.031901 -0.396303 0.355171 0.091527 0.582114 0.374588 0.271851 0.049354 0.467026 0.550747 0.023622 -0.161641 -0.151545 -0.175816 -0.048947 -0.322694 -0.272396 -0.198105 -0.187535 0.045477 -0.200140 -0.177588 -0.209507 -0.386414 -0.273586 -0.433144 0.049799 0.156777 -0.295665 -0.192125 -0.139485 -0.151149 0.088657 -0.154305 -0.087478 -0.067069 0.260615 0.227908 -0.115481 -0.242494 -0.156735 -0.283475 -0.199361 -0.311502 0.434235 0.094620 0.240079 -0.135119 -0.219631 -0.147595 -0.254345 -0.212342 -0.170794 -0.304276 -0.264433 -0.137197 -0.089352 -0.073487 -0.066509 -0.114859
-0.095138 0.184748 0.482689 0.664869 0.180786 0.083166 0.565808 1.000000 0.511532 0.507933 -0.146292 0.374662 0.525839 0.604659 0.419971 0.375889 -0.398908 -0.220524 -0.152683 -0.249968 -0.126959 -0.142051 0.253882 0.572060 -0.166097 0.188804 -0.021999 0.070441 0.149505 0.174487 0.182694 0.304084 0.027561 0.040577 0.152998 0.243352 -0.254082 -0.320481 -0.220080 -0.387896 -0.250300 -0.189261 -0.349873 -0.340185 -0.363295 -0.225021 -0.334527 -0.381346 -0.364458 -0.463225 -0.109634 -0.472322 -0.394166 -0.379623 -0.418696 -0.571916 -0.066508 -0.403645 -0.161609 -0.347617 0.148300 0.045476 -0.164025 -0.278135 0.709801 0.581890 -0.264330 -0.112157 -0.240265 0.006489 -0.015952 -0.179718 -0.213025 -0.034141 -0.324250 0.023132 -0.136174 0.141254 -0.239508 -0.070745 -0.314803 -0.216025 0.211527 0.302315 0.242403 0.224373 -0.009485 -0.048856 0.474693 -0.217374 -0.426823 -0.259450 0.502680 0.310427 0.058494 -0.114026 -0.299743 -0.131593 -0.548215 -0.480542 0.486175 -0.026960 0.028724 -0.326898 -0.202994 0.021383 -0.144732 -0.099317 -0.058561 -0.137991 -0.067247 -0.276635 -0.229745 -0.068732 -0.045261 0.107142
-0.006784 0.111320 0.439936 0.381198 0.624173 -0.087385 0.665594 0.511532 1.000000 0.669163 -0.047486 0.123367 0.404541 0.511506 0.426747 0.587130 -0.315360 -0.208562 0.169507 0.032972 0.260334 0.260381 -0.088829 0.269333 0.027267 -0.182364 0.292843 0.060354 0.203043 0.020878 0.023108 -0.056923 -0.116930 -0.113451 -0.298972 -0.287286 -0.198743 -0.142823 -0.091362 -0.222752 0.077039 -0.158834 -0.222272 -0.263476 -0.287415 -0.356230 -0.155745 -0.320212 0.039345 -0.125167 -0.059517 -0.158891 -0.143309 -0.013205 -0.137666 -0.291515 0.027786 -0.264066 0.244129 0.059753 0.505868 0.391901 0.237871 0.034046 0.464874 0.436166 -0.241182 -0.403913 -0.160537 0.033981 0.024079 -0.095092 -0.208240 -0.021802 -0.075259 -0.035205 -0.121198 -0.138915 -0.220965 -0.204717 -0.302806 -0.341452 0.222161 0.326736 -0.238667 -0.080459 -0.127398 -0.168368 0.143130 -0.163874 -0.089976 0.004232 0.313799 0.260624 -0.177649 -0.173184 -0.238790 -0.189664 -0.302950 -0.226603 0.402341 0.095042 0.171310 -0.220504 -0.088036 -0.065510 -0.160591 -0.143035 -0.179525 -0.200868 -0.321087 -0.239143 -0.215565 0.041199 0.134331 -0.036917
-0.001761 -0.055365 0.357802 0.323385 0.753447 -0.055629 0.608081 0.507933 0.669163 1.000000 -0.064836 0.112887 0.328514 0.600165 0.156437 0.763278 -0.175312 -0.021871 0.074382 -0.042033 0.151851 0.109610 -0.232163 0.176321 0.154416 -0.152927 0.489173 0.072348 0.146718 0.079971 -0.109997 -0.139547 -0.264742 -0.202873 -0.359809 -0.279669 -0.145139 -0.043022 -0.115652 -0.105481 -0.126838 -0.038307 -0.314706 -0.317181 -0.244376 -0.338369 -0.201526 -0.291689 0.123337 -0.088139 -0.036358 -0.080732 -0.073102 0.015516 -0.117315 -0.307516 0.074701 -0.236850 0.345627 0.209067 0.562986 0.578957 0.228913 0.128702 0.398721 0.682056 -0.135837 -0.248553 -0.328031 0.086009 0.049244 -0.104787 -0.411526 0.017363 -0.222119 -0.015154 -0.250016 -0.174953 -0.108432 -0.171129 -0.212256 -0.302726 -0.041187 0.351368 -0.289725 -0.132426 -0.106847 -0.217013 -0.047159 -0.117979 -0.010043 0.006400 0.309425 0.087564 -0.315997 -0.273694 -0.311561 -0.286428 -0.312867 -0.322328 0.413457 0.090165 0.283192 -0.048380 -0.117106 -0.173137 -0.043219 -0.114276 -0.243620 -0.204603 -0.380407 -0.205955 -0.105689 -0.093019 0.060542 -0.084397
0.420357 0.360994 -0.116296 -0.281445 0.107616 -0.223128 0.062611 -0.146292 -0.047486 -0.064836 1.000000 0.320191 0.273601 0.238046 -0.002542 0.011794 -0.093342 0.022709 -0.099936 -0.168676 0.177936 0.305003 -0.320981 -0.311310 -0.098655 -0.395852 0.070206 -0.213143 0.511114 0.029903 -0.029280 -0.236946 0.002151 -0.015452 -0.306621 -0.412103 0.033886 -0.124632 -0.336489 -0.298919 -0.001071 -0.091067 0.078510 0.103421 -0.149442 -0.296884 0.191549 -0.013467 0.394452 0.134243 0.298580 0.333122 0.412445 0.312416 0.050814 0.015790 0.229693 0.004963 0.388523 0.330824 0.406982 0.362145 0.474454 0.370718 -0.277381 -0.103500 0.034819 -0.197651 0.017584 -0.292574 -0.206867 0.195678 -0.001589 -0.115360 -0.081730 0.088953 0.131375 -0.136280 0.142567 -0.324026 0.063659 -0.164385 0.022584 0.004851 -0.327969 -0.504622 -0.199920 0.011478 -0.309609 -0.179810 0.293665 0.067274 -0.119851 0.028599 -0.207580 -0.135466 -0.183339 -0.140842 0.299654 0.170255 0.018922 0.321945 0.168808 0.188286 0.249073 -0.197484 0.047243 -0.046536 -0.152701 -0.139948 -0.352149 0.178421 0.037145 -0.203545 -0.011607 -0.175808
0.099277 0.428940 0.023975 0.050359 -0.078458 -0.220062 0.093992 0.374662 0.123367 0.112887 0.320191 1.000000 0.580560 0.609281 0.411975 0.266876 -0.181782 -0.005993 -0.324401 -0.330784 -0.254976 -0.272741 -0.007649 0.141140 -0.409640 -0.175795 -0.280817 -0.182182 0.376384 0.243060 0.141905 0.068394 -0.268661 -0.225295 -0.132655 -0.054702 0.039251 -0.035406 -0.169417 -0.211802 -0.058538 -0.095144 -0.254158 -0.142549 -0.231587 -0.232916 -0.033974 -0.065831 -0.170122 -0.114800 -0.076980 -0.174938 -0.197579 -0.126348 -0.207607 -0.290844 0.042664 -0.341535 -0.092079 -0.066324 0.005083 0.183260 -0.099374 -0.062238 0.224675 0.249721 -0.211623 -0.160163 -0.244813 -0.311816 -0.045943 -0.066254 -0.113222 0.109782 -0.072877 0.023287 0.055306 0.096959 -0.045613 0.016018 -0.195954 -0.000064 0.229177 0.408006 0.179531 0.227585 -0.024346 -0.087398 0.134144 -0.239157 -0.138238 -0.045930 0.350935 0.314444 0.027788 -0.043255 -0.160268 -0.224173 -0.135242 -0.038911 0.257744 0.054432 0.069706 -0.035413 0.006131 -0.160834 -0.146959 -0.081233 -0.168049 0.090288 -0.196098 0.027046 -0.038543 -0.055032 0.096263 -0.000744
-0.024748 0.169432 0.305911 0.338045 0.226168 0.200883 0.441593 0.525839 0.404541 0.328514 0.273601 0.580560 1.000000 0.631395 0.426988 0.372015 -0.426044 -0.348304 -0.270175 -0.338913 -0.052276 -0.010804 0.227984 0.413516 -0.194523 -0.018219 -0.011978 0.188577 0.373586 -0.107183 -0.064270 -0.021039 -0.063388 -0.207754 0.029575 0.076037 -0.150487 -0.261271 -0.256067 -0.421993 -0.081586 -0.315761 -0.066277 -0.119052 -0.304320 -0.236805 -0.063487 -0.230666 0.024121 -0.082340 0.282772 -0.061563 -0.105662 -0.060472 -0.210423 -0.301974 -0.166255 -0.575112 0.138903 -0.141218 0.264218 0.110286 -0.042210 -0.314636 0.584205 0.395177 -0.135261 -0.163999 -0.212367 -0.159108 -0.062727 -0.123983 -0.187876 -0.201089 -0.207256 0.039190 -0.218204 -0.124327 -0.323229 -0.224684 -0.467342 -0.395281 0.045007 0.168117 0.069193 0.043745 -0.103529 -0.041083 0.308417 -0.305213 -0.249594 -0.128464 0.312341 0.243863 0.053724 -0.188557 0.015370 -0.110928 -0.205074 -0.285782 0.368463 -0.164739 0.017078 -0.204604 -0.036198 0.005111 -0.078163 -0.089325 -0.013792 -0.184164 -0.018241 -0.199504 -0.309493 -0.098448 0.047807 0.067119
-0.066964 0.269832 0.185348 0.195325 0.340867 -0.234000 0.493739 0.604659 0.511506 0.600165 0.238046 0.609281 0.631395 1.000000 0.302512 0.588996 -0.358672 -0.081612 -0.309768 -0.399535 -0.114459 -0.115901 -0.230445 0.208530 -0.211268 -0.248806 0.007261 -0.166049 0.533040 0.272215 0.058205 -0.004697 -0.222749 -0.153577 -0.374113 -0.278209 -0.085993 -0.181247 -0.246340 -0.351833 -0.123902 -0.121973 -0.176024 -0.126857 -0.374302 -0.337886 -0.009778 -0.122869 -0.048447 -0.149692 -0.082037 -0.211263 -0.220115 -0.100460 -0.255289 -0.448990 -0.045399 -0.380855 0.124938 0.034848 0.420952 0.469143 0.149760 0.090076 0.424394 0.494211 -0.312435 -0.365944 -0.398724 -0.252950 -0.036227 -0.097990 -0.069328 0.038653 -0.113735 0.068590 -0.082840 0.000686 -0.127432 -0.164908 -0.197454 -0.151223 0.083744 0.428175 -0.099226 -0.173125 -0.198794 -0.239797 0.000500 -0.363470 -0.053222 -0.027808 0.467592 0.296617 -0.154177 -0.052847 -0.295642 -0.187901 -0.198687 -0.162670 0.542089 0.175342 0.222282 -0.071813 0.035441 -0.188511 -0.064721 -0.127413 -0.132458 -0.044810 -0.246194 0.003529 -0.103925 -0.027172 -0.012855 -0.010177
-0.057223 0.248750 0.155147 0.412691 0.078191 0.112691 0.107312 0.419971 0.426747 0.156437 -0.002542 0.411975 0.426988 0.302512 1.000000 0.460408 -0.275616 -0.199336 -0.088068 -0.049841 0.199168 0.045197 0.301892 0.495227 -0.153887 0.268686 -0.013359 0.237416 0.363791 0.205759 0.309901 0.446101 -0.168915 -0.022914 0.131257 0.143825 0.077682 -0.136997 0.073322 -0.288987 0.158175 -0.038134 -0.319135 -0.285038 -0.381297 -0.396162 -0.325663 -0.449141 -0.360184 -0.296787 -0.225926 -0.373325 -0.308335 -0.074153 -0.226206 -0.363623 -0.021651 -0.202714 -0.193307 -0.243285 -0.018197 -0.005354 -0.118064 -0.178810 0.397355 0.115966 -0.416858 -0.382294 -0.092762 0.062230 -0.015936 0.180348 -0.042573 0.185354 0.037076 -0.102831 0.027032 0.097022 -0.107191 0.087613 -0.252061 -0.075976 0.729108 0.632641 0.251803 0.253694 0.105878 0.100404 0.433918 -0.246828 -0.368395 -0.226418 0.214308 0.200591 -0.013479 -0.067152 -0.180017 -0.090153 -0.395527 -0.216686 0.238638 -0.080280 -0.012846 -0.304089 -0.091248 0.157048 -0.163398 -0.013634 -0.036349 -0.044908 -0.250059 -0.312794 -0.321006 -0.002696 0.197281 0.148620
-0.124889 0.075552 0.092945 0.349176 0.529640 0.036616 0.328097 0.375889 0.587130 0.763278 0.011794 0.266876 0.372015 0.588996 0.460408 1.000000 -0.231909 -0.149755 -0.016431 -0.134175 0.293954 0.108693 -0.153966 0.216506 0.138836 0.015922 0.459244 0.181390 0.371271 0.205993 0.093773 0.143430 -0.301142 -0.265402 -0.291199 -0.231427 0.116447 0.021804 -0.044693 -0.243742 0.132344 -0.015880 -0.328924 -0.296136 -0.378288 -0.496133 -0.229413 -0.368538 -0.037143 -0.125495 -0.150384 -0.152400 -0.178922 0.086244 -0.230057 -0.385466 0.034848 -0.230274 0.244145 0.200061 0.474443 0.584455 0.136673 0.065348 0.409742 0.571481 -0.287131 -0.367588 -0.393268 0.031294 0.177507 0.061313 -0.184534 0.209906 0.060388 0.114727 -0.059224 -0.088976 -0.008636 -0.064575 -0.272108 -0.274080 0.101958 0.681599 -0.177563 -0.031631 -0.116797 -0.208688 0.008006 -0.279210 -0.110698 -0.056240 0.315428 0.113926 -0.215126 -0.145660 -0.350473 -0.206916 -0.358819 -0.254222 0.459789 0.079053 0.230183 -0.019934 0.024012 -0.069832 -0.119243 -0.132037 -0.172670 -0.179425 -0.397124 -0.281249 -0.226654 0.034007 0.210675 0.005005
0.245397 -0.134640 -0.319287 -0.475096 -0.179689 -0.238972 -0.359348 -0.398908 -0.315360 -0.175312 -0.093342 -0.181782 -0.426044 -0.358672 -0.275616 -0.231909 1.000000 0.589270 0.159351 0.275680 -0.125740 -0.122500 -0.294997 -0.446247 -0.027866 -0.237542 -0.141964 -0.265584 0.049120 0.310454 -0.101207 -0.274481 -0.228912 -0.065557 -0.149713 -0.235811 0.407315 0.454425 0.318130 0.420505 0.074372 0.250965 0.042130 0.024839 0.044319 0.057227 0.246890 0.343536 -0.044549 0.030308 -0.188817 -0.030528 0.077796 0.067215 0.343562 0.182575 0.451828 0.518985 -0.115738 -0.010596 -0.172877 -0.109499 0.030413 0.259102 -0.502696 -0.361976 -0.121393 -0.045658 -0.161066 -0.228159 0.214995 0.169854 0.132869 0.365858 0.215492 -0.024493 0.341266 0.233856 0.545261 0.467289 0.489616 0.435456 -0.119308 -0.163706 -0.145051 0.031523 -0.189783 -0.037225 -0.402894 0.133798 0.249054 0.108615 -0.170699 -0.077585 -0.255251 -0.111087 0.057811 -0.251754 0.277799 0.399036 -0.136660 0.278897 0.254439 0.159550 -0.022342 -0.108082 0.040827 0.007443 -0.232456 0.139585 0.024575 0.342911 0.400414 -0.017579 -0.199841 -0.156707
0.101157 0.151412 -0.414433 -0.496241 -0.149403 -0.502866 -0.277256 -0.220524 -0.208562 -0.021871 0.022709 -0.005993 -0.348304 -0.081612 -0.199336 -0.149755 0.589270 1.000000 -0.079164 0.132510 -0.271415 -0.293361 -0.534776 -0.536792 -0.000118 -0.320837 -0.265117 -0.556479 0.159538 0.582037 -0.084520 -0.142199 -0.191954 0.225452 -0.335181 -0.329644 0.296286 0.383191 0.167459 0.357024 0.051349 0.244233 -0.120452 0.024462 0.081760 0.030953 0.034732 0.236746 -0.082258 0.040045 -0.318864 -0.041207 0.121112 -0.012008 0.103192 0.027939 0.354126 0.593571 -0.260963 -0.021062 -0.040961 0.122992 0.262752 0.546285 -0.515368 -0.266272 -0.239932 -0.108411 -0.163485 -0.184258 0.037161 0.198998 0.249927 0.318556 0.091762 -0.135534 0.289962 0.204748 0.617889 0.615831 0.707863 0.692940 0.017957 0.004666 -0.106991 -0.122946 -0.116940 -0.057661 -0.555991 0.051312 0.179304 0.026487 -0.168374 -0.159038 -0.237004 0.022290 -0.182777 -0.198731 0.170183 0.304906 -0.097467 0.410923 0.374776 0.087549 -0.011714 -0.251065 -0.031301 -0.123354 -0.141768 0.157942 -0.209009 0.386786 0.522912 -0.138774 -0.088377 -0.079919
0.308664 -0.106002 0.311727 -0.013645 0.218345 -0.012601 0.229936 -0.152683 0.169507 0.074382 -0.099936 -0.324401 -0.270175 -0.309768 -0.088068 -0.016431 0.159351 -0.079164 1.000000 0.528792 0.334284 0.426713 -0.008623 -0.121111 0.211597 -0.155813 0.385876 0.103013 -0.095355 -0.202378 -0.082210 -0.201499 0.086263 0.044455 -0.157158 -0.198610 0.093164 0.260213 0.012364 0.126480 0.306441 -0.108290 -0.249633 -0.192738 -0.048640 -0.149323 -0.055666 -0.065463 0.122671 -0.114927 -0.043086 0.030080 0.077400 -0.052734 -0.004144 0.180545 0.177780 0.154752 0.338032 0.304124 0.188608 0.129945 0.088059 0.092178 -0.078068 0.092288 0.319784 0.114611 0.146369 0.059129 0.227752 0.065578 -0.178092 0.031486 0.092148 0.150548 0.099496 0.034677 0.109286 -0.121933 -0.080436 -0.269004 -0.055385 -0.034039 -0.324670 -0.064130 -0.019021 0.002389 0.073913 0.202871 0.133030 0.078099 -0.166123 0.032538 -0.099430 -0.171594 0.077311 -0.274775 -0.039709 -0.013656 -0.083233 0.086945 0.087904 0.088788 -0.117421 -0.078664 -0.036931 -0.021534 -0.255900 -0.113935 -0.109267 -0.128276 -0.033655 -0.103527 -0.034382 -0.135005
0.338749 0.004250 0.148597 -0.048799 0.112890 -0.012075 0.084278 -0.249968 0.032972 -0.042033 -0.168676 -0.330784 -0.338913 -0.399535 -0.049841 -0.134175 0.275680 0.132510 0.528792 1.000000 0.424170 0.447588 -0.079173 -0.265050 0.112835 -0.188027 0.347065 0.092986 -0.204168 -0.011466 -0.202610 -0.158319 0.186439 0.323080 -0.128646 -0.175757 0.281912 0.256369 0.318862 0.432232 0.374544 0.103226 -0.104172 -0.004739 -0.005336 -0.051723 -0.027910 -0.217825 0.161433 0.060659 -0.109708 0.045091 0.025551 0.075970 0.141551 0.390881 0.281785 0.336831 0.031296 0.054015 0.013462 -0.023481 0.244441 0.224633 -0.311064 -0.194567 -0.017004 -0.098014 0.408448 -0.002666 -0.016857 0.075370 -0.006857 0.014444 0.212581 0.001467 0.164074 -0.056824 0.174078 0.233556 0.246160 0.150219 0.120260 0.029519 -0.274493 -0.008129 -0.019216 0.296935 -0.184663 0.347601 -0.208396 -0.382136 -0.470614 -0.420194 0.100913 -0.043366 0.315217 -0.139127 -0.000049 0.131309 -0.191038 0.092723 0.172800 -0.035696 -0.308338 0.142876 -0.026764 0.019836 0.008519 -0.218166 -0.164172 0.004975 0.187895 0.119911 -0.048048 -0.032889
0.108431 0.038668 0.140292 0.154780 0.357629 0.301354 0.164024 -0.126959 0.260334 0.151851 0.177936 -0.254976 -0.052276 -0.114459 0.199168 0.293954 -0.125740 -0.271415 0.334284 0.424170 1.000000 0.769427 0.081021 -0.023159 0.217337 0.003366 0.645339 0.394082 0.030602 -0.055399 0.046196 0.032604 0.152970 0.082066 -0.136333 -0.222597 0.193951 0.023409 0.271344 -0.032133 0.511817 0.151964 -0.145079 -0.019303 -0.265241 -0.363665 -0.111107 -0.415917 0.321360 0.033424 0.215751 0.216780 0.198724 0.239816 0.025054 0.112227 0.120276 0.041685 0.337104 0.253534 0.324159 0.203652 0.352920 0.107961 -0.065418 0.010665 0.049792 -0.192804 0.183905 0.000881 0.247987 0.207169 0.075320 0.225312 0.303762 0.406395 0.167190 -0.181968 -0.030580 -0.187244 -0.108236 -0.291192 0.127894 0.230052 -0.314341 -0.170989 -0.121297 0.280353 -0.056711 0.047037 -0.149800 -0.287522 -0.344790 -0.319903 -0.141740 -0.137786 0.033949 -0.196973 -0.077934 -0.078635 -0.113553 0.010169 0.040310 0.044436 -0.126220 0.091041 -0.020443 0.054804 -0.076742 -0.325630 -0.294497 -0.224292 -0.200605 0.100180 -0.044377 -0.164543
0.279640 0.042295 0.226236 0.163614 0.316989 0.227137 0.222086 -0.142051 0.260381 0.109610 0.305003 -0.272741 -0.010804 -0.115901 0.045197 0.108693 -0.122500 -0.293361 0.426713 0.447588 0.769427 1.000000 0.040896 -0.034563 0.311617 -0.121590 0.549161 0.351585 0.029172 -0.281187 -0.170957 -0.223717 0.305302 0.130543 -0.142690 -0.266497 0.078079 -0.084301 0.001026 -0.103411 0.326801 -0.005736 0.017923 0.056381 -0.158210 -0.225616 0.074772 -0.263331 0.458100 0.162843 0.400916 0.379766 0.386460 0.354754 0.096846 0.253160 0.139246 0.070087 0.432427 0.270836 0.328382 0.178316 0.385966 0.127141 -0.164834 -0.057924 0.123947 -0.139329 0.292082 -0.010620 0.033206 0.189758 -0.082475 -0.078338 -0.049826 0.281443 0.080876 -0.175392 -0.039195 -0.310841 -0.097333 -0.391317 0.080264 -0.029918 -0.376005 -0.283015 -0.224600 0.315761 -0.053006 0.173308 0.033200 -0.234157 -0.381403 -0.317613 -0.085762 -0.239166 0.229957 -0.214720 0.096086 -0.112697 -0.094036 -0.046374 0.064853 -0.072497 -0.134066 0.035760 0.009920 0.017766 -0.185453 -0.406975 -0.179475 -0.211671 -0.222619 -0.114922 -0.157687 -0.236045
-0.116901 -0.188563 0.381612 0.598686 -0.236448 0.734089 -0.046674 0.253882 -0.088829 -0.232163 -0.320981 -0.007649 0.227984 -0.230445 0.301892 -0.153966 -0.294997 -0.534776 -0.008623 -0.079173 0.081021 0.040896 1.000000 0.780720 -0.078677 0.723234 -0.057881 0.725644 -0.346288 -0.387651 0.298655 0.458695 0.159691 -0.094050 0.671573 0.672571 -0.206878 -0.380078 0.115008 -0.181337 -0.070474 -0.107138 -0.039933 -0.162501 -0.094453 0.041583 -0.321695 -0.227340 -0.223071 -0.153378 0.249880 -0.126201 -0.147587 -0.188610 -0.050821 -0.096805 -0.324197 -0.474410 -0.255079 -0.463920 -0.433698 -0.619870 -0.480096 -0.755154 0.483034 -0.063424 -0.019519 0.155336 0.202359 0.200368 0.111790 -0.127082 -0.107032 -0.015642 -0.107735 -0.034579 -0.198536 -0.004449 -0.442468 -0.141355 -0.421891 -0.295222 0.213463 -0.113838 0.536363 0.467173 0.215029 0.381580 0.729345 0.062424 -0.383275 -0.148500 0.131245 0.081476 0.239649 -0.056201 0.235452 0.101793 -0.352340 -0.423292 -0.105384 -0.583136 -0.484558 -0.287129 -0.208397 0.257469 0.085613 0.115336 0.096406 0.000605 0.365080 -0.402443 -0.521275 -0.018551 0.025863 0.181394
-0.200233 -0.128463 0.518828 0.760321 0.067089 0.559756 0.234814 0.572060 0.269333 0.176321 -0.311310 0.141140 0.413516 0.208530 0.495227 0.216506 -0.446247 -0.536792 -0.121111 -0.265050 -0.023159 -0.034563 0.780720 1.000000 -0.083356 0.640187 0.009421 0.615449 -0.090816 -0.232279 0.378396 0.533101 0.063824 -0.123974 0.499948 0.545908 -0.288390 -0.521360 -0.004196 -0.403638 -0.155564 -0.144193 -0.165097 -0.356337 -0.214846 -0.129986 -0.454570 -0.286321 -0.334592 -0.281840 0.019302 -0.341515 -0.372772 -0.326373 -0.257585 -0.483949 -0.300048 -0.562467 -0.178923 -0.434454 -0.142981 -0.311034 -0.420341 -0.596170 0.705343 0.219951 -0.199266 -0.075962 -0.062208 0.221795 0.051434 -0.221346 -0.158888 -0.086830 -0.177897 -0.126600 -0.301928 -0.019912 -0.455254 -0.213878 -0.469391 -0.360586 0.406666 0.197993 0.475944 0.323291 0.121032 0.146416 0.734152 -0.172343 -0.273548 0.016206 0.475545 0.305789 0.091369 -0.145316 -0.063120 -0.007081 -0.494649 -0.529504 0.235913 -0.425965 -0.354215 -0.332727 -0.276886 0.084278 0.030010 0.026210 -0.020445 0.045453 0.207419 -0.425814 -0.567087 -0.070011 0.038310 0.124033
-0.212709 -0.183345 -0.009576 -0.019020 0.276966 0.226201 0.021225 -0.166097 0.027267 0.154416 -0.098655 -0.409640 -0.194523 -0.211268 -0.153887 0.138836 -0.027866 -0.000118 0.211597 0.112835 0.217337 0.311617 -0.078677 -0.083356 1.000000 0.231015 0.422589 0.185384 -0.096148 -0.111284 0.045733 0.044133 0.114878 0.168623 0.021296 0.019063 -0.044388 0.056137 0.112487 0.054077 0.165305 -0.081475 0.055438 0.079145 0.201517 0.167268 -0.150533 -0.071758 0.141134 0.133164 0.158711 0.158115 0.185181 0.070621 0.099136 0.163382 -0.226293 0.123218 0.141550 0.139318 0.122433 0.114055 0.004848 0.068312 -0.032263 0.149541 0.244186 0.198670 -0.053953 0.081615 0.072139 -0.053387 0.053430 -0.091479 -0.114109 -0.004069 -0.257699 -0.240039 0.110611 0.085792 0.095766 -0.002565 -0.150928 -0.021400 -0.131768 -0.004341 0.021691 0.003877 -0.090740 0.053825 0.002987 -0.140667 -0.404170 -0.378059 0.085268 -0.044989 0.099521 0.129141 0.053645 -0.174512 -0.161612 -0.180262 0.019880 -0.048548 -0.155063 0.023594 -0.022257 -0.002485 0.147724 -0.237427 0.066634 -0.333022 -0.153303 -0.135850 0.024385 0.065632
-0.277401 -0.250209 0.038978 0.451042 -0.249429 0.737182 -0.244384 0.188804 -0.182364 -0.152927 -0.395852 -0.175795 -0.018219 -0.248806 0.268686 0.015922 -0.237542 -0.320837 -0.155813 -0.188027 0.003366 -0.121590 0.723234 0.640187 0.231015 1.000000 0.047459 0.688743 -0.242749 -0.146030 0.438960 0.677370 0.196064 0.138648 0.693088 0.756571 -0.079187 -0.303558 0.249613 -0.172067 -0.077545 0.079266 -0.096103 -0.104003 -0.082089 0.095140 -0.406381 -0.186321 -0.436674 -0.289774 0.010089 -0.291617 -0.246840 -0.206691 -0.096683 -0.216940 -0.265076 -0.258684 -0.417533 -0.508283 -0.377066 -0.496243 -0.440414 -0.528691 0.430182 0.007990 -0.087767 0.192564 -0.036578 0.229459 0.028287 0.101490 -0.026550 0.078155 0.006433 -0.087706 -0.174797 0.077053 -0.161448 0.077067 -0.126558 -0.011703 0.181365 0.056264 0.573287 0.439875 0.287086 0.261587 0.533632 -0.089153 -0.363241 -0.195446 0.011671 -0.153803 0.228980 0.085748 0.058804 0.243282 -0.374236 -0.354087 -0.109093 -0.556802 -0.409496 -0.241817 -0.241539 0.220132 0.035057 0.107068 0.204412 0.030582 0.391832 -0.337001 -0.427446 0.041541 0.090460 0.249409
0.085138 -0.119380 0.232183 0.177100 0.630618 0.344945 0.353401 -0.021999 0.292843 0.489173 0.070206 -0.280817 -0.011978 0.007261 -0.013359 0.459244 -0.141964 -0.265117 0.385876 0.347065 0.645339 0.549161 -0.057881 0.009421 0.422589 0.047459 1.000000 0.480790 -0.101947 -0.177370 -0.072563 -0.101779 0.080067 0.020616 -0.167408 -0.163649 0.064101 -0.026550 0.142622 -0.016957 0.335437 0.056178 -0.238697 -0.190754 -0.113614 -0.212875 -0.202819 -0.412754 0.276250 -0.003419 0.157888 0.147186 0.132897 0.122899 0.028606 -0.027934 0.098510 -0.020172 0.467991 0.371794 0.504277 0.417227 0.311304 0.207710 0.080764 0.372276 0.253813 0.027290 -0.079875 0.065380 0.095498 0.048270 -0.281612 -0.016619 0.106308 0.218892 -0.210342 -0.376190 -0.041196 -0.291602 -0.145749 -0.369414 -0.054142 0.214693 -0.419805 -0.154399 -0.018407 0.019721 -0.091708 -0.028160 -0.005912 -0.147711 -0.207480 -0.308925 -0.192007 -0.211037 -0.119153 -0.143812 -0.148067 -0.205437 0.096036 -0.066172 0.192667 0.167161 -0.143662 -0.004562 -0.008481 0.043634 -0.065071 -0.332770 -0.319439 -0.268743 -0.198799 -0.020033 0.033467 -0.105656
-0.064529 -0.286176 0.226422 0.505123 0.117120 0.907017 0.012393 0.070441 0.060354 0.072348 -0.213143 -0.182182 0.188577 -0.166049 0.237416 0.181390 -0.265584 -0.556479 0.103013 0.092986 0.394082 0.351585 0.725644 0.615449 0.185384 0.688743 0.480790 1.000000 -0.251120 -0.422011 0.129225 0.273004 0.183984 -0.059027 0.448426 0.475386 -0.042073 -0.288310 0.253937 -0.085354 0.129022 0.005204 -0.106112 -0.201516 -0.195432 -0.097778 -0.316763 -0.321627 -0.051320 -0.103531 0.251078 -0.026077 -0.106840 -0.016731 0.044492 -0.044053 -0.182549 -0.351524 0.031618 -0.201759 -0.094228 -0.282005 -0.214008 -0.468938 0.384562 0.053452 0.052278 0.083211 0.096063 0.234367 0.098113 0.022000 -0.200103 -0.030015 0.009777 0.073522 -0.236245 -0.176521 -0.300494 -0.183189 -0.338965 -0.342583 0.125345 -0.010658 0.204913 0.211654 0.139710 0.268412 0.461889 -0.012258 -0.267701 -0.194056 -0.049709 -0.200138 0.159654 -0.092227 0.201583 0.091367 -0.308916 -0.341912 -0.054031 -0.603443 -0.312860 -0.097788 -0.227633 0.240515 0.093311 0.114078 0.050647 -0.116085 0.225815 -0.401852 -0.546150 0.101270 0.125697 0.133811
0.115528 0.307309 -0.137296 -0.144472 0.047318 -0.324373 0.114322 0.149505 0.203043 0.146718 0.511114 0.376384 0.373586 0.533040 0.363791 0.371271 0.049120 0.159538 -0.095355 -0.204168 0.030602 0.029172 -0.346288 -0.090816 -0.096148 -0.242749 -0.101947 -0.251120 1.000000 0.518681 0.212103 0.121337 -0.160034 0.046436 -0.290574 -0.345434 0.345810 0.121292 -0.134838 -0.226024 0.102547 0.027399 -0.229998 -0.207271 -0.491541 -0.546868 0.017572 -0.106288 -0.144951 -0.264666 -0.254008 -0.269826 -0.097324 0.022292 -0.142910 -0.322529 0.160417 0.051418 0.081259 0.010896 0.372693 0.351366 0.279262 0.265039 0.063019 0.052118 -0.357633 -0.484091 -0.366689 -0.371369 0.042118 0.223005 0.236961 0.173706 0.132722 0.050979 0.297904 0.183205 0.360378 0.120816 0.154608 0.103851 0.218747 0.406075 -0.162314 -0.324349 -0.294627 -0.148482 -0.204761 -0.441262 0.004680 -0.048793 0.153336 0.249421 -0.255662 -0.064843 -0.293773 -0.224663 -0.046997 0.084822 0.296962 0.394453 0.286084 0.054408 0.192428 -0.141484 -0.046081 -0.038808 -0.180844 0.024925 -0.234387 0.106870 0.099905 -0.035719 -0.007816 0.017617
0.016207 0.206133 -0.293817 -0.218432 -0.156925 -0.433248 -0.062502 0.174487 0.020878 0.079971 0.029903 0.243060 -0.107183 0.272215 0.205759 0.205993 0.310454 0.582037 -0.202378 -0.011466 -0.055399 -0.281187 -0.387651 -0.232279 -0.111284 -0.146030 -0.177370 -0.422011 0.518681 1.000000 0.320611 0.300219 -0.242047 0.163553 -0.232383 -0.218842 0.453225 0.294040 0.250621 0.080430 0.112351 0.363863 -0.341224 -0.219150 -0.340310 -0.386128 -0.116480 -0.094660 -0.403288 -0.373816 -0.561330 -0.449988 -0.201936 -0.109454 -0.088199 -0.396480 0.290552 0.329334 -0.346378 -0.218291 0.060294 0.140069 0.129766 0.338294 -0.068449 -0.060422 -0.504369 -0.382048 -0.336151 -0.379034 0.211004 0.108402 0.396294 0.531477 0.260986 0.086989 0.395246 0.317936 0.543712 0.590247 0.513229 0.617665 0.232929 0.411816 0.098693 -0.021152 -0.097306 -0.103220 -0.281297 -0.220160 -0.191779 -0.189922 0.100513 0.109996 -0.122512 0.122581 -0.417279 -0.170720 -0.215673 0.094398 0.173115 0.458191 0.308867 0.064293 0.069990 -0.127401 -0.094108 -0.070734 -0.022525 0.204667 -0.231549 0.195384 0.413887 0.117287 -0.029700 0.086283
0.032726 0.027058 0.156343 0.157618 -0.147943 0.097692 -0.051329 0.182694 0.023108 -0.109997 -0.029280 0.141905 -0.064270 0.058205 0.309901 0.093773 -0.101207 -0.084520 -0.082210 -0.202610 0.046196 -0.170957 0.298655 0.378396 0.045733 0.438960 -0.072563 0.129225 0.212103 0.320611 1.000000 0.751070 -0.001999 0.013984 0.225781 0.183209 0.085282 -0.276757 0.159462 -0.261458 0.054177 -0.005242 -0.178675 -0.188515 -0.176084 -0.165191 -0.328504 -0.146727 -0.416291 -0.294182 -0.275033 -0.381354 -0.260043 -0.273961 -0.108337 -0.434193 0.005217 -0.178901 -0.406874 -0.378612 -0.142404 -0.272176 -0.228548 -0.189623 0.243893 -0.063050 -0.308959 -0.146068 -0.229302 -0.196830 0.150677 -0.033909 0.161389 0.288452 0.312637 -0.126215 0.022553 0.032880 0.110120 0.129988 0.030677 0.106851 0.328535 0.384038 0.389040 0.298289 0.054352 -0.020575 0.236590 -0.311519 -0.127845 0.080897 0.246095 0.267070 -0.131059 0.082603 -0.366815 -0.016595 -0.305266 -0.147915 0.008614 0.047198 -0.219879 -0.039401 -0.054041 -0.106044 -0.055035 0.025330 0.008802 0.219541 -0.002191 -0.094961 -0.110690 -0.001517 0.050433 0.085267
-0.247664 0.137316 0.115235 0.364907 -0.290586 0.291376 -0.087608 0.304084 -0.056923 -0.139547 -0.236946 0.068394 -0.021039 -0.004697 0.446101 0.143430 -0.274481 -0.142199 -0.201499 -0.158319 0.032604 -0.223717 0.458695 0.533101 0.044133 0.677370 -0.101779 0.273004 0.121337 0.300219 0.751070 1.000000 0.117271 0.249972 0.414406 0.443661 0.067094 -0.286169 0.129133 -0.295299 0.128804 0.006486 -0.200717 -0.197133 -0.242332 -0.205725 -0.470182 -0.318441 -0.554378 -0.411981 -0.333944 -0.482604 -0.340905 -0.327073 -0.382414 -0.469563 -0.160802 -0.098467 -0.497182 -0.468650 -0.201467 -0.269363 -0.265195 -0.241378 0.349623 -0.033232 -0.328608 -0.098409 -0.136481 -0.053084 0.057102 -0.061134 0.247658 0.174201 0.280567 -0.036681 -0.014839 0.117976 0.046606 0.203263 -0.000296 0.151248 0.409770 0.470910 0.509352 0.330026 0.089158 0.066805 0.359998 -0.285118 -0.430941 -0.185220 0.179494 0.095870 0.119393 0.121685 -0.208100 0.135320 -0.407145 -0.275692 0.070480 -0.108818 -0.205850 -0.251945 -0.174749 0.036844 -0.117392 0.042263 0.155265 0.047219 0.127303 -0.214383 -0.178955 0.030976 0.018897 0.175846
-0.034892 0.166669 0.084289 0.043048 -0.157015 0.299319 0.029119 0.027561 -0.116930 -0.264742 0.002151 -0.268661 -0.063388 -0.222749 -0.168915 -0.301142 -0.228912 -0.191954 0.086263 0.186439 0.152970 0.305302 0.159691 0.063824 0.114878 0.196064 0.080067 0.183984 -0.160034 -0.242047 -0.001999 0.117271 1.000000 0.642635 0.337624 0.229290 -0.051749 -0.231163 0.004516 -0.146508 0.121404 -0.045986 0.092024 0.162045 0.189099 0.245061 -0.186059 -0.184720 0.107762 -0.021536 0.271861 0.086517 0.022617 -0.256792 -0.199647 0.069500 -0.129717 0.172881 -0.076994 -0.098294 0.035075 -0.209964 0.012346 -0.003584 -0.016855 -0.056983 0.372113 0.393223 0.322104 0.163154 -0.281292 -0.056400 0.071882 -0.434744 0.047686 0.158599 -0.005227 -0.048383 -0.015859 -0.023352 0.060315 -0.093235 0.032042 -0.224606 0.046845 -0.030141 -0.130575 0.261678 0.012249 -0.069875 -0.240582 -0.307469 -0.348020 -0.296093 0.275751 -0.059351 0.238359 0.027502 -0.057519 -0.219449 -0.215066 -0.192222 -0.115434 -0.036219 -0.173172 -0.008477 -0.047288 -0.090719 0.079226 -0.247467 0.238955 -0.121280 -0.160394 -0.079553 -0.223672 -0.256485
-0.101670 0.331270 -0.053455 -0.108690 -0.147699 0.041178 0.037894 0.040577 -0.113451 -0.202873 -0.015452 -0.225295 -0.207754 -0.153577 -0.022914 -0.265402 -0.065557 0.225452 0.044455 0.323080 0.082066 0.130543 -0.094050 -0.123974 0.168623 0.138648 0.020616 -0.059027 0.046436 0.163553 0.013984 0.249972 0.642635 1.000000 0.104699 0.090638 0.063958 -0.114757 0.094668 0.006469 0.155017 0.068492 -0.092475 0.112286 0.105614 0.155008 -0.241675 -0.161594 -0.109700 -0.203130 -0.035984 -0.138516 0.000421 -0.254375 -0.244355 0.020524 -0.054672 0.445092 -0.256391 -0.187505 0.098847 -0.018761 0.258947 0.388656 -0.148777 -0.070048 0.143039 0.235577 0.161368 -0.031048 -0.343609 0.132559 0.265990 -0.163712 0.065396 0.042516 0.067417 0.094801 0.245807 0.294939 0.494927 0.393441 0.221868 0.004503 0.058722 -0.087516 -0.010910 0.249844 -0.161692 -0.113210 -0.289595 -0.450428 -0.510547 -0.498259 0.175064 -0.004687 0.130499 -0.030533 -0.045338 -0.146512 -0.302443 -0.062854 0.006775 -0.259094 -0.402462 -0.056877 -0.204389 -0.076396 0.027180 -0.162397 0.059943 -0.077276 0.036340 -0.143497 -0.240637 -0.167278
-0.284761 -0.190430 0.048925 0.337528 -0.355371 0.572295 -0.291762 0.152998 -0.298972 -0.359809 -0.306621 -0.132655 0.029575 -0.374113 0.131257 -0.291199 -0.149713 -0.335181 -0.157158 -0.128646 -0.136333 -0.142690 0.671573 0.499948 0.021296 0.693088 -0.167408 0.448426 -0.290574 -0.232383 0.225781 0.414406 0.337624 0.104699 1.000000 0.911501 -0.115307 -0.155447 0.184176 -0.009304 -0.115539 -0.108697 0.050155 -0.066922 0.039090 0.211776 -0.271224 -0.164151 -0.364142 -0.310705 0.087734 -0.218885 -0.206925 -0.205422 -0.066833 -0.008818 -0.323818 -0.221396 -0.413976 -0.547268 -0.513307 -0.683906 -0.534837 -0.630079 0.382878 -0.069161 0.086162 0.387179 0.131784 0.260196 -0.063641 -0.040248 -0.022420 -0.197131 -0.094669 -0.077793 0.017497 0.176754 -0.220558 0.081572 -0.240657 -0.052499 0.082607 -0.212721 0.520946 0.465465 0.141679 0.296560 0.510681 -0.023341 -0.405582 -0.157530 0.024455 0.016047 0.415533 0.079666 0.146030 0.261717 -0.304841 -0.239392 -0.285924 -0.497162 -0.400018 -0.175636 -0.052892 0.310916 0.225756 0.159914 0.288221 0.118415 0.506914 -0.267348 -0.329714 0.064498 0.015115 0.245114
-0.350319 -0.213373 0.071718 0.414683 -0.367344 0.585220 -0.252041 0.243352 -0.287286 -0.279669 -0.412103 -0.054702 0.076037 -0.278209 0.143825 -0.231427 -0.235811 -0.329644 -0.198610 -0.175757 -0.222597 -0.266497 0.672571 0.545908 0.019063 0.756571 -0.163649 0.475386 -0.345434 -0.218842 0.183209 0.443661 0.229290 0.090638 0.911501 1.000000 -0.140738 -0.177074 0.148333 -0.023304 -0.185544 -0.098696 -0.002366 -0.066778 0.053826 0.276831 -0.271842 -0.105699 -0.450770 -0.339459 0.009878 -0.298566 -0.297660 -0.266651 -0.138096 -0.076492 -0.377087 -0.329959 -0.444259 -0.552831 -0.535935 -0.631394 -0.627818 -0.681793 0.471266 0.079101 0.089477 0.436599 0.074796 0.279558 -0.030286 -0.040491 -0.091580 -0.158632 -0.154931 -0.107790 -0.100161 0.183923 -0.283644 0.065313 -0.270816 -0.015924 0.078421 -0.162918 0.588813 0.536966 0.272104 0.210193 0.593043 -0.003173 -0.442988 -0.186089 0.083372 -0.030476 0.486094 0.141348 0.150770 0.324429 -0.365305 -0.285531 -0.195753 -0.554292 -0.433723 -0.248535 -0.168467 0.292217 0.107774 0.130768 0.326156 0.137501 0.528948 -0.257941 -0.331506 0.072268 0.036933 0.277488
