1.000000 0.505218 0.129988 0.115360 -0.002630 0.030564 0.147343 -0.046354 -0.028618 -0.017465 -0.085523 -0.172515 -0.196317 -0.116188 -0.110572 -0.120043 -0.093363 -0.182015 0.392120 0.343034 -0.015176 0.055049 0.091164 0.047953 -0.179532 -0.054829 0.049726 0.059886 -0.199888 -0.243270 0.054216 -0.089860 -0.029909 0.103321 -0.399089 -0.394469 -0.117495 -0.283564 -0.339830 -0.027091 0.027572 -0.166728 -0.390028 -0.399962 -0.299822 -0.337749 -0.378804 -0.366709 -0.199149 -0.205297 -0.349027 -0.343861 0.103583 -0.089166 -0.095344 -0.089878 0.643538 0.384048 0.422692 0.354664 0.278835 0.134709 -0.166239 -0.014983 -0.161600 -0.099595 0.133973 -0.279889 0.335791 0.190901 0.007742 -0.017771 -0.016624 -0.060720 0.126682 0.091274 -0.136397 -0.314357 -0.045134 0.077588 -0.011427 -0.090568 0.159606 -0.022913 0.123381 -0.351694 0.122200 0.116069 0.503198 0.068958 0.026710 0.022300 -0.138305 -0.159123 -0.399361 -0.074907 -0.062016 -0.408077 0.245401 0.162246 -0.144124 -0.044452 0.058788 0.142941 0.370534 0.333063 0.013661 0.214847 0.106959 -0.566892 -0.588042 -0.217372 -0.187024 0.251041 0.243713 0.240805
0.505218 1.000000 0.203083 0.230422 -0.248246 -0.195196 0.124448 0.164066 -0.306311 -0.200021 -0.429979 -0.065121 -0.231653 -0.041871 -0.342798 -0.382820 -0.130206 0.046600 0.499660 0.426073 -0.179706 -0.162940 -0.037482 -0.006157 -0.218485 -0.341027 -0.204510 -0.193524 -0.154163 -0.049315 -0.102746 -0.137526 0.160957 0.132837 -0.374320 -0.210817 -0.016850 -0.226085 -0.196624 0.050277 -0.189344 -0.087877 0.032380 0.017541 -0.150670 -0.172113 0.049555 0.035804 -0.165544 -0.099047 -0.031972 -0.056373 0.254621 0.271786 0.127523 0.096160 0.397058 0.494280 0.053305 0.219478 -0.149875 0.030557 0.042995 0.103484 -0.316818 -0.227984 0.134722 -0.302992 0.556638 0.283547 -0.131304 -0.098255 0.123674 0.053789 0.021619 0.174084 0.062584 -0.023630 0.012929 0.042131 -0.018539 -0.155374 0.074172 0.009727 -0.076720 -0.164699 0.171273 0.239149 0.144350 0.222524 0.072910 0.006837 -0.025306 -0.023392 -0.182689 0.021956 0.081030 -0.133703 0.314017 0.204783 -0.175987 -0.019722 0.093895 0.231345 0.168555 0.158069 0.076209 0.021648 0.052292 -0.313583 -0.220101 0.148618 0.244589 0.376017 0.252291 0.142632
0.129988 0.203083 1.000000 0.676775 0.087464 0.041053 0.751085 0.547598 0.026106 -0.191548 0.092227 -0.326988 0.384157 -0.037845 0.014531 -0.173182 -0.138790 -0.411930 0.359686 0.186119 -0.069985 -0.114719 0.696331 0.649998 -0.198892 -0.061016 0.117100 0.068017 -0.227177 -0.203854 0.145844 0.226682 0.000734 0.223179 -0.081227 0.009399 -0.128339 -0.222501 -0.295874 -0.369079 -0.127666 -0.167754 0.220882 0.168024 0.036347 -0.033085 -0.011037 -0.199796 0.091473 0.034023 0.319895 0.230505 -0.065589 0.055259 0.085463 -0.101414 -0.194062 -0.314248 -0.272682 -0.279703 -0.263153 -0.441383 -0.270286 -0.392626 0.078219 -0.194660 -0.220144 -0.303949 -0.042187 -0.081256 0.251750 0.050913 0.018596 -0.195395 0.152949 -0.070703 -0.226533 -0.306971 -0.273783 -0.299037 -0.424369 -0.207796 -0.100784 -0.150393 0.039319 -0.074550 -0.272836 -0.261888 0.335288 0.026889 -0.263600 -0.277390 -0.296034 -0.437822 -0.359983 -0.047985 -0.119021 -0.187440 -0.128476 -0.139592 -0.269836 -0.200763 -0.247880 -0.164651 -0.015550 0.109325 -0.075004 -0.156957 -0.175537 -0.290913 -0.233702 -0.073450 0.123242 -0.085024 0.093402 0.104979
0.115360 0.230422 0.676775 1.000000 0.235427 0.173688 0.421488 0.585790 0.195847 -0.032765 -0.034052 -0.222482 0.196561 0.092068 0.223187 0.062824 -0.203330 -0.450103 0.526318 0.505289 0.184893 0.159905 0.664351 0.777242 -0.039727 0.121723 0.258212 0.247704 -0.270826 -0.174560 0.341707 0.311216 -0.332638 -0.037502 0.067502 0.023104 -0.071448 0.000700 -0.118467 -0.102549 0.092072 -0.009957 0.083688 0.025258 -0.319787 -0.315004 -0.045524 -0.177304 -0.280586 -0.313112 0.093938 -0.054852 -0.085508 0.160735 -0.033752 -0.103343 -0.339060 -0.344418 -0.407655 -0.282000 -0.546526 -0.532181 -0.505267 -0.609458 -0.101704 -0.254335 -0.338205 -0.305252 -0.007714 0.059832 0.400332 0.198591 -0.155587 0.070060 0.334221 0.276832 -0.140049 -0.126826 -0.472763 -0.227740 -0.429366 -0.325825 -0.076233 0.019948 0.105940 0.039092 -0.385733 -0.345164 0.309665 -0.133618 -0.297412 -0.323711 -0.169498 -0.403725 -0.339235 -0.046619 -0.322920 -0.100280 -0.123040 -0.214049 -0.298521 -0.320489 -0.287232 -0.274143 -0.136495 -0.155861 -0.005892 -0.272170 -0.048257 -0.259911 -0.170866 -0.026978 -0.044169 -0.108469 0.040300 0.210287
-0.002630 -0.248246 0.087464 0.235427 1.000000 0.967646 0.017957 0.023099 0.943835 0.736307 0.175516 -0.222147 -0.026242 0.357799 0.834668 0.706334 0.175171 -0.252857 -0.102407 -0.040973 0.854904 0.855494 0.412769 0.477847 0.543099 0.884070 0.986618 0.970374 -0.055194 0.076750 0.536082 0.212495 -0.708032 -0.430698 0.109338 0.088988 -0.367644 0.288334 0.342979 0.235067 0.417038 0.302291 -0.387367 -0.461279 -0.442925 -0.299374 -0.434705 -0.486810 -0.457127 -0.456927 -0.492716 -0.380914 -0.464451 -0.290052 -0.319954 -0.412886 -0.202348 -0.510349 -0.296872 -0.464092 -0.287774 -0.343717 -0.287276 -0.439729 -0.200097 -0.182962 -0.482546 -0.296136 -0.319214 -0.147304 0.832117 0.720645 -0.282228 0.233224 0.553290 0.293147 -0.484371 -0.124905 -0.360899 0.138338 -0.206436 -0.051234 0.258804 -0.354024 -0.073130 -0.220736 -0.572595 -0.633954 0.009735 -0.640775 -0.407649 -0.385961 -0.364894 -0.363612 -0.176688 -0.140559 -0.382832 -0.048392 -0.325090 -0.511122 -0.419129 -0.089915 -0.261108 -0.002579 0.039834 -0.084416 -0.083268 -0.085984 -0.196535 -0.103003 -0.204802 -0.319099 -0.330089 -0.348537 -0.083208 0.123819
0.030564 -0.195196 0.041053 0.173688 0.967646 1.000000 0.006827 0.009883 0.911841 0.776628 0.145779 -0.194209 -0.030045 0.397761 0.797709 0.687137 0.199034 -0.233996 -0.160241 -0.087541 0.834011 0.874802 0.383979 0.417095 0.539414 0.890985 0.977467 0.978706 -0.030455 0.107840 0.516032 0.174894 -0.664740 -0.423324 0.097265 0.073877 -0.316341 0.292270 0.356650 0.254528 0.431831 0.333154 -0.416219 -0.478083 -0.422996 -0.275831 -0.463000 -0.513734 -0.439914 -0.429082 -0.529973 -0.383810 -0.439293 -0.318675 -0.313694 -0.416609 -0.134545 -0.466309 -0.221482 -0.404274 -0.249619 -0.263598 -0.235893 -0.386698 -0.255450 -0.158483 -0.449748 -0.301869 -0.309122 -0.166150 0.803715 0.729452 -0.261729 0.212167 0.550023 0.285055 -0.492299 -0.107690 -0.306852 0.168592 -0.180118 -0.057968 0.315339 -0.318221 -0.126218 -0.249338 -0.537096 -0.585610 -0.038280 -0.628758 -0.405864 -0.406798 -0.401271 -0.387966 -0.213124 -0.151192 -0.387638 -0.098256 -0.299607 -0.560175 -0.427885 -0.003733 -0.242766 0.026083 0.000375 -0.073443 -0.098541 -0.095720 -0.248078 -0.154871 -0.253775 -0.282305 -0.340039 -0.343696 -0.085062 0.087471
0.147343 0.124448 0.751085 0.421488 0.017957 0.006827 1.000000 0.610390 -0.022504 -0.095053 0.116481 -0.108141 0.450293 0.215598 -0.091601 -0.101009 -0.075599 -0.341137 -0.027585 -0.063688 -0.202468 -0.197034 0.487626 0.447032 -0.201250 -0.139540 0.030458 -0.011732 -0.286446 -0.158167 0.086757 0.228305 0.171823 0.401943 -0.244590 -0.095254 -0.204621 -0.209970 -0.354555 -0.462366 -0.158850 -0.235320 0.212823 0.181494 0.232439 0.259422 -0.111211 -0.221901 0.281046 0.292097 0.286070 0.329502 -0.048580 -0.007648 0.122901 -0.047006 -0.158752 -0.326314 -0.139974 -0.273366 -0.076907 -0.177098 -0.253239 -0.216047 0.092677 -0.027200 -0.251811 -0.228033 -0.216361 -0.146250 0.099649 -0.044015 -0.045828 -0.337683 -0.054055 -0.222318 -0.249164 -0.461860 -0.164588 -0.294643 -0.354772 -0.130751 -0.317298 -0.184271 0.001551 -0.189412 -0.243046 -0.242858 0.270753 -0.011009 -0.289293 -0.251634 -0.195772 -0.358247 -0.315329 -0.145696 0.076228 -0.291762 -0.209082 -0.084294 -0.210412 -0.295393 -0.230238 -0.152309 -0.126942 0.182177 -0.142037 -0.089952 -0.099379 -0.296159 -0.311568 -0.109495 0.072805 -0.165496 0.026215 -0.079650
-0.046354 0.164066 0.547598 0.585790 0.023099 0.009883 0.610390 1.000000 -0.012191 -0.090767 -0.062638 0.022029 0.339069 0.361572 -0.003569 -0.119236 -0.164600 -0.248499 0.050831 0.012649 -0.145347 -0.143762 0.366522 0.374579 -0.160591 -0.156262 0.031918 0.007021 -0.216786 -0.132205 -0.005784 0.165313 0.060606 0.229544 -0.188914 0.085527 -0.012221 -0.046502 -0.160448 -0.184558 -0.072685 -0.181498 0.217822 0.238059 0.122543 0.217894 0.023056 -0.038499 0.157728 0.136623 0.161573 0.281922 0.058044 0.138530 0.103425 -0.089525 -0.268278 -0.430952 -0.177449 -0.144317 -0.234117 -0.047148 -0.247683 -0.173566 -0.069849 0.121398 -0.284318 -0.097750 -0.209975 -0.157173 0.111141 0.006298 -0.127479 -0.151228 -0.009271 -0.059182 -0.174350 -0.170861 -0.441658 -0.454323 -0.463137 -0.320405 -0.175600 -0.057392 -0.254046 0.017033 -0.246588 -0.186735 0.053879 -0.037749 -0.158641 -0.300486 -0.130238 -0.329998 -0.377334 -0.074258 -0.082315 -0.109032 -0.103341 -0.070558 -0.141554 -0.238015 -0.190561 -0.333725 -0.154633 -0.145581 0.052716 -0.176032 -0.117028 -0.256535 -0.150892 0.097649 0.144151 -0.061663 0.038977 -0.022807
-0.028618 -0.306311 0.026106 0.195847 0.943835 0.911841 -0.022504 -0.012191 1.000000 0.773743 0.196475 -0.201139 0.006842 0.319807 0.863688 0.721772 0.162900 -0.254362 -0.102127 -0.018090 0.841110 0.827103 0.367760 0.440161 0.533073 0.884029 0.921841 0.907129 -0.064533 0.049676 0.553652 0.182872 -0.713193 -0.475838 0.163557 0.110836 -0.359505 0.282783 0.305463 0.183255 0.381470 0.250836 -0.378184 -0.470955 -0.518038 -0.349374 -0.401400 -0.423885 -0.485123 -0.532476 -0.499726 -0.430951 -0.420059 -0.227422 -0.310926 -0.430434 -0.210275 -0.533654 -0.269774 -0.423034 -0.261528 -0.308723 -0.321999 -0.485850 -0.086436 -0.098729 -0.453340 -0.197651 -0.362761 -0.124552 0.808263 0.675330 -0.305352 0.252134 0.557383 0.299952 -0.395560 -0.038833 -0.321929 0.184951 -0.196956 -0.088457 0.239777 -0.370537 -0.060517 -0.182488 -0.547503 -0.617726 -0.001146 -0.621543 -0.329290 -0.300765 -0.291725 -0.279684 -0.192539 -0.068444 -0.428478 -0.032454 -0.263587 -0.485505 -0.364235 -0.099322 -0.200717 -0.018278 -0.010222 -0.078762 -0.067970 -0.093319 -0.149500 -0.059856 -0.171919 -0.318261 -0.348038 -0.364913 -0.059048 0.122707
-0.017465 -0.200021 -0.191548 -0.032765 0.736307 0.776628 -0.095053 -0.090767 0.773743 1.000000 0.154613 0.041508 -0.227104 0.413115 0.565257 0.672282 0.276970 -0.096075 -0.229609 -0.091651 0.617696 0.637583 0.101975 0.160770 0.459180 0.705644 0.725672 0.723357 0.040598 0.053083 0.367419 0.017690 -0.541382 -0.358168 0.129237 0.003067 -0.159113 0.243753 0.299933 0.178930 0.379083 0.341117 -0.538460 -0.534997 -0.421686 -0.258936 -0.450552 -0.408730 -0.368788 -0.403234 -0.602916 -0.471776 -0.339193 -0.340158 -0.463964 -0.448138 0.025087 -0.362459 -0.004886 -0.134793 -0.011252 0.094220 -0.204412 -0.186161 -0.121456 0.173080 -0.235314 -0.033520 -0.256144 -0.080916 0.568013 0.526678 -0.272525 0.153504 0.431152 0.249902 -0.201510 0.096637 -0.162438 0.211756 -0.048198 -0.024961 0.304762 -0.147389 -0.151805 -0.234137 -0.356445 -0.375840 -0.178923 -0.591323 -0.205304 -0.239621 -0.245588 -0.193739 -0.171146 -0.067840 -0.387924 -0.120954 -0.243004 -0.443765 -0.201914 0.109109 -0.010075 0.036471 -0.080125 -0.116759 0.113690 -0.077463 -0.147494 -0.052018 -0.187702 -0.342339 -0.460571 -0.325018 -0.169181 0.041703
-0.085523 -0.429979 0.092227 -0.034052 0.175516 0.145779 0.116481 -0.062638 0.196475 0.154613 1.000000 0.345810 0.520242 0.048407 0.200961 0.391752 0.451208 0.044247 -0.245530 -0.252761 0.076295 0.053220 0.241704 0.266475 0.079691 0.227350 0.146761 0.161347 0.389125 0.302139 0.196920 0.305298 -0.004632 0.070177 0.132078 -0.172221 -0.073451 0.028335 -0.073910 -0.151054 0.151765 0.033308 -0.256357 -0.205862 0.085945 -0.044375 -0.310956 -0.356498 0.250674 0.014103 -0.018157 -0.050306 -0.334168 -0.317867 -0.202177 -0.369049 -0.104187 -0.352390 -0.001533 -0.192210 0.223807 -0.006260 0.018779 -0.029789 0.166999 0.174157 -0.141195 -0.084517 -0.447680 -0.306935 0.120145 0.126053 0.141098 -0.002738 0.251997 -0.006064 -0.140376 -0.145239 0.137805 0.178885 0.118397 0.198821 -0.022867 0.107555 0.173092 0.008151 -0.220778 -0.214112 0.152547 -0.341736 -0.267397 -0.330143 -0.274280 -0.200621 -0.339351 -0.338314 -0.234165 -0.222433 -0.381930 -0.404367 -0.038721 -0.083286 -0.041741 -0.180954 -0.110232 -0.061032 0.036681 0.008278 -0.270637 -0.103840 -0.235745 -0.479837 -0.369799 -0.376384 -0.220341 -0.242840
-0.172515 -0.065121 -0.326988 -0.222482 -0.222147 -0.194209 -0.108141 0.022029 -0.201139 0.041508 0.345810 1.000000 0.217619 0.021892 -0.167902 0.220568 0.100439 0.485157 -0.273578 -0.155917 -0.161103 -0.169457 -0.271280 -0.177645 0.093372 -0.128710 -0.236430 -0.183435 0.375240 0.460050 -0.047030 0.029875 0.265851 0.140014 0.006221 -0.150025 0.292406 0.096608 -0.018281 -0.061434 0.162269 -0.061665 -0.152256 -0.023265 0.174304 0.017256 -0.042592 0.012106 0.275161 0.163343 0.009436 0.008053 -0.026542 -0.185907 -0.101294 -0.154810 0.087499 -0.123510 0.151251 0.114816 0.229066 0.391661 0.093182 0.305375 0.044429 0.418249 0.041142 0.075576 -0.195452 -0.231738 -0.236874 0.006440 0.124713 0.063488 -0.057478 0.071558 0.254623 0.119966 0.202578 0.091815 0.115641 0.134398 -0.162862 0.367939 -0.247390 0.161997 -0.050943 0.072009 -0.302236 -0.205453 0.036995 -0.138395 -0.021915 0.025693 -0.152907 -0.181488 0.029362 -0.197750 -0.175379 -0.186596 0.309620 0.070375 0.261955 -0.146175 -0.145429 -0.166798 0.210640 0.017616 -0.181864 -0.035687 -0.163875 -0.228597 -0.159492 -0.114022 -0.220780 -0.211327
-0.196317 -0.231653 0.384157 0.196561 -0.026242 -0.030045 0.450293 0.339069 0.006842 -0.227104 0.520242 0.217619 1.000000 0.054865 0.198792 0.014156 -0.025787 -0.002058 -0.224175 -0.282056 -0.135208 -0.126884 0.469453 0.369736 0.109368 0.063165 -0.025932 -0.017304 0.164691 0.186124 0.259675 0.281685 0.201398 0.209969 0.068986 0.038065 -0.013529 0.147485 -0.113353 -0.291068 0.064908 0.007117 0.157136 0.198877 0.255555 0.054876 -0.019659 -0.135363 0.345764 0.177686 0.367059 0.261122 -0.142004 -0.126263 0.184739 -0.131881 -0.329735 -0.490409 -0.156992 -0.387295 0.052771 -0.245449 -0.050608 -0.115759 0.208776 -0.003829 -0.265202 -0.214732 -0.499189 -0.440558 0.108644 0.068051 0.219635 0.034549 0.093550 -0.035822 -0.084418 -0.229501 0.060502 -0.053083 -0.274718 0.012801 -0.235941 0.012906 -0.107892 0.167631 -0.230382 -0.222650 0.054805 -0.098913 -0.226353 -0.338715 -0.282611 -0.350002 -0.365861 -0.336461 -0.014956 -0.239343 -0.200368 -0.248502 -0.122932 -0.110685 -0.065982 -0.241259 -0.238595 -0.075380 -0.113621 -0.169359 -0.230751 -0.196481 -0.172597 -0.109830 0.048473 -0.284700 -0.164848 -0.209534
-0.116188 -0.041871 -0.037845 0.092068 0.357799 0.397761 0.215598 0.361572 0.319807 0.413115 0.048407 0.021892 0.054865 1.000000 0.260808 0.430454 0.135898 -0.139597 -0.352796 -0.248838 0.189110 0.209334 0.082049 0.177990 0.079627 0.259387 0.343484 0.355254 -0.051047 0.010893 0.210871 0.174563 -0.178233 -0.085875 -0.150925 -0.076299 -0.159108 0.087692 0.298293 0.203339 0.126939 0.112254 -0.206213 -0.246006 -0.093945 0.087970 -0.303515 -0.276471 -0.106628 -0.034572 -0.265553 -0.108022 -0.115125 -0.027368 -0.039577 -0.079378 -0.219824 -0.350170 -0.060793 -0.190323 -0.049123 0.134222 -0.124147 -0.025685 -0.180791 0.142746 -0.312059 -0.069518 -0.287741 -0.157177 0.284861 0.255125 -0.243284 0.017284 0.085029 0.065066 -0.318989 -0.146146 -0.295587 -0.042098 -0.226957 -0.108088 0.012186 -0.146889 -0.186151 -0.157078 -0.198017 -0.149669 -0.082325 -0.200582 -0.260993 -0.249586 -0.116850 -0.150967 -0.144079 0.019718 -0.062116 -0.095335 -0.197678 -0.350759 -0.187307 -0.069750 -0.156104 -0.105023 -0.184939 -0.129550 0.117202 -0.123799 -0.054216 -0.081395 -0.216654 -0.185719 -0.253603 -0.125212 -0.171074 -0.133707
-0.110572 -0.342798 0.014531 0.223187 0.834668 0.797709 -0.091601 -0.003569 0.863688 0.565257 0.200961 -0.167902 0.198792 0.260808 1.000000 0.635705 -0.027286 -0.238345 -0.062171 -0.036241 0.754410 0.748684 0.434101 0.442320 0.606575 0.832568 0.821614 0.819614 0.004994 0.102315 0.632029 0.251664 -0.613023 -0.406054 0.243353 0.190280 -0.272791 0.426005 0.325129 0.214737 0.456091 0.389755 -0.314986 -0.363364 -0.485298 -0.380197 -0.321090 -0.368059 -0.476286 -0.522631 -0.362435 -0.420508 -0.407151 -0.220942 -0.222420 -0.335149 -0.302193 -0.557280 -0.255346 -0.474903 -0.212090 -0.365794 -0.307715 -0.460686 0.019433 -0.169656 -0.483272 -0.286227 -0.368418 -0.208898 0.769500 0.645597 -0.238861 0.382590 0.535619 0.416052 -0.298026 -0.030102 -0.320597 0.063519 -0.256824 -0.103613 0.241019 -0.204819 -0.075878 -0.083440 -0.496437 -0.496328 -0.022214 -0.529244 -0.325472 -0.330199 -0.292428 -0.324880 -0.215845 -0.148574 -0.386315 -0.069617 -0.231481 -0.490742 -0.362486 -0.119109 -0.258868 -0.101591 -0.055548 -0.218484 -0.047124 -0.214813 -0.211589 -0.112051 -0.103806 -0.243302 -0.260352 -0.369853 -0.179241 0.060269
-0.120043 -0.382820 -0.173182 0.062824 0.706334 0.687137 -0.101009 -0.119236 0.721772 0.672282 0.391752 0.220568 0.014156 0.430454 0.635705 1.000000 0.288649 -0.064335 -0.271980 -0.162559 0.716101 0.689006 0.121270 0.314550 0.421666 0.719872 0.670351 0.696237 0.234803 0.250199 0.461622 0.255915 -0.510594 -0.360903 0.246375 0.019110 -0.211531 0.271497 0.304451 0.218805 0.404786 0.203230 -0.416277 -0.481089 -0.352764 -0.281718 -0.458033 -0.484044 -0.256313 -0.348647 -0.382336 -0.310447 -0.408919 -0.274200 -0.247874 -0.383900 -0.198712 -0.498695 -0.199002 -0.297326 -0.142247 -0.084500 -0.223569 -0.238823 -0.110772 0.057470 -0.390713 -0.181342 -0.412710 -0.259177 0.629973 0.624024 -0.110776 0.144443 0.463555 0.278562 -0.190142 0.011061 -0.137307 0.216000 0.024335 0.078279 0.082807 -0.134769 -0.044178 -0.125795 -0.529208 -0.474029 -0.114657 -0.569681 -0.383557 -0.379521 -0.247330 -0.233792 -0.154803 -0.154150 -0.338311 -0.135039 -0.395338 -0.601496 -0.097263 -0.052976 -0.170445 -0.200577 -0.157369 -0.204245 0.078266 -0.167776 -0.168274 -0.029396 -0.217557 -0.498474 -0.508437 -0.451275 -0.277030 -0.109474
-0.093363 -0.130206 -0.138790 -0.203330 0.175171 0.199034 -0.075599 -0.164600 0.162900 0.276970 0.451208 0.100439 -0.025787 0.135898 -0.027286 0.288649 1.000000 0.270314 -0.351734 -0.268032 0.144011 0.109015 -0.066445 0.001508 -0.009710 0.153605 0.177178 0.179483 0.363525 0.262661 -0.144148 -0.060806 -0.078491 -0.080662 0.270570 0.026687 -0.124760 0.099725 0.220396 0.228959 0.034573 0.219539 -0.089810 -0.147715 0.168246 0.129523 -0.172066 -0.227961 0.225394 0.106748 0.006205 0.154087 -0.394929 -0.066034 -0.115074 -0.100380 0.067766 -0.141199 -0.280501 -0.258439 -0.138142 -0.045781 0.401609 0.168094 -0.150274 0.162630 -0.260930 -0.125401 -0.297370 -0.273969 0.012275 0.148720 0.225217 0.059187 0.293511 0.004539 -0.136773 0.112142 0.258510 0.450499 0.439120 0.402759 0.118458 -0.042257 0.206798 0.085897 0.041252 -0.120067 -0.048931 -0.246899 -0.353519 -0.286117 -0.318375 -0.170725 0.067037 -0.154915 -0.170736 0.053327 -0.320799 -0.209392 -0.138394 -0.000633 -0.013726 0.013815 -0.114762 0.068215 -0.093896 -0.143535 -0.119126 0.168895 0.014259 -0.158509 -0.136454 -0.265377 -0.195558 -0.348888
-0.182015 0.046600 -0.411930 -0.450103 -0.252857 -0.233996 -0.341137 -0.248499 -0.254362 -0.096075 0.044247 0.485157 -0.002058 -0.139597 -0.238345 -0.064335 0.270314 1.000000 -0.280680 -0.259953 -0.139723 -0.243204 -0.407397 -0.464507 0.045001 -0.140206 -0.280014 -0.255178 0.565865 0.487707 -0.174512 -0.018569 0.362394 0.213443 0.136450 0.081178 0.209548 0.062750 0.170144 0.210718 -0.032149 0.147903 0.026756 0.076468 0.303649 0.169452 0.050164 0.077220 0.134863 0.315150 0.123413 0.038680 -0.165828 -0.104918 -0.089736 -0.069445 0.202807 0.163482 -0.014264 0.029593 0.127322 0.191231 0.573926 0.538417 0.156853 -0.020747 0.028127 -0.088074 -0.090384 -0.247558 -0.180355 -0.129883 0.554942 0.181884 0.044952 -0.039788 0.423916 0.394026 0.377909 0.379766 0.356107 0.384820 -0.097283 0.137138 -0.201745 0.174250 0.035605 0.281283 -0.483360 -0.166974 0.020633 -0.098166 -0.068075 0.056509 0.214626 -0.082999 -0.015266 0.098418 -0.099436 0.052580 0.198025 0.226470 0.345081 0.201542 0.051341 -0.010878 0.102673 0.096946 -0.045244 0.176777 0.101272 0.055936 0.082539 0.084804 -0.123834 -0.144366
0.392120 0.499660 0.359686 0.526318 -0.102407 -0.160241 -0.027585 0.050831 -0.102127 -0.229609 -0.245530 -0.273578 -0.224175 -0.352796 -0.062171 -0.271980 -0.351734 -0.280680 1.000000 0.830127 0.050460 -0.032218 0.160191 0.214826 -0.198987 -0.191757 -0.065100 -0.078036 -0.280100 -0.248089 0.040000 -0.107040 -0.127973 -0.132942 -0.117679 -0.164204 0.064010 -0.237039 -0.222288 -0.057855 0.016395 -0.121412 -0.048073 -0.090017 -0.475921 -0.530278 0.087713 0.058135 -0.462226 -0.499972 -0.098915 -0.297518 0.137626 0.237464 -0.164391 -0.038390 0.105592 0.248372 -0.030445 0.216414 -0.213353 -0.227817 -0.353788 -0.284565 -0.121729 -0.284290 0.182905 -0.092319 0.607538 0.454476 0.018622 -0.068676 -0.069890 0.161806 0.151966 0.300787 0.147419 0.050546 -0.184473 -0.087604 -0.076131 -0.227852 0.012479 0.093065 0.233584 -0.011872 -0.022490 0.010815 0.386829 0.164681 0.192038 0.179193 0.088710 0.042454 -0.154528 0.225222 -0.199203 -0.007438 0.265378 0.186575 -0.057092 -0.120705 -0.038219 0.024535 0.173178 0.129972 0.132318 -0.026394 0.077811 -0.166863 -0.069357 0.078623 0.076620 0.259031 0.258452 0.376668
0.343034 0.426073 0.186119 0.505289 -0.040973 -0.087541 -0.063688 0.012649 -0.018090 -0.091651 -0.252761 -0.155917 -0.282056 -0.248838 -0.036241 -0.162559 -0.268032 -0.259953 0.830127 1.000000 0.064648 0.040117 0.147123 0.307427 -0.163490 -0.100583 -0.010020 -0.013369 -0.378188 -0.271235 0.090009 -0.042170 -0.264756 -0.212900 -0.165097 -0.236444 -0.106160 -0.239498 -0.245588 -0.038101 -0.061004 -0.056489 -0.128826 -0.183187 -0.490965 -0.537087 0.021444 0.066542 -0.482525 -0.497424 -0.191666 -0.392554 0.059385 0.178434 -0.270237 -0.041076 0.001513 0.215608 -0.033777 0.243620 -0.281492 -0.220555 -0.485568 -0.368231 -0.142686 -0.175721 0.178184 0.059942 0.442797 0.583947 0.023859 -0.061304 -0.230888 0.248904 0.122203 0.350826 0.019982 0.069066 -0.272709 -0.005359 -0.153267 -0.293839 -0.019802 0.137837 0.299149 -0.061427 0.001541 0.014998 0.416064 0.051928 0.227042 0.251436 0.206482 0.121412 -0.048753 0.167405 -0.254670 0.018176 0.189260 0.175253 -0.075157 -0.187084 -0.034638 -0.009389 0.028119 -0.000335 0.058628 0.077849 0.120395 -0.049297 -0.065448 -0.003063 -0.117041 0.154915 0.142816 0.354577
-0.015176 -0.179706 -0.069985 0.184893 0.854904 0.834011 -0.202468 -0.145347 0.841110 0.617696 0.076295 -0.161103 -0.135208 0.189110 0.754410 0.716101 0.144011 -0.139723 0.050460 0.064648 1.000000 0.922439 0.238957 0.337356 0.519112 0.837711 0.843534 0.866111 -0.030843 0.184263 0.485533 0.141275 -0.672918 -0.554102 0.165431 0.087491 -0.251471 0.251047 0.407451 0.297774 0.466341 0.290357 -0.317361 -0.464244 -0.599356 -0.454080 -0.265813 -0.348415 -0.600046 -0.596018 -0.487753 -0.418492 -0.303395 -0.063083 -0.322072 -0.346122 -0.184419 -0.378278 -0.315435 -0.355096 -0.373357 -0.342446 -0.255362 -0.397399 -0.276294 -0.263414 -0.367320 -0.252211 -0.185361 -0.062116 0.789743 0.723417 -0.207158 0.351000 0.602367 0.397135 -0.272290 0.064927 -0.281891 0.248677 -0.068010 -0.016404 0.171970 -0.365645 0.006536 -0.152680 -0.536261 -0.612716 -0.046914 -0.558546 -0.323513 -0.313443 -0.258935 -0.263384 -0.132693 -0.000360 -0.418401 0.027154 -0.172076 -0.456680 -0.302860 -0.003500 -0.144612 0.018793 0.025996 -0.013120 -0.046382 -0.106263 -0.148156 -0.063805 -0.086047 -0.186173 -0.274618 -0.272559 0.057409 0.125069
0.055049 -0.162940 -0.114719 0.159905 0.855494 0.874802 -0.197034 -0.143762 0.827103 0.637583 0.053220 -0.169457 -0.126884 0.209334 0.748684 0.689006 0.109015 -0.243204 -0.032218 0.040117 0.922439 1.000000 0.249619 0.357186 0.528600 0.853530 0.858835 0.892683 -0.117646 0.106564 0.501297 0.141285 -0.713509 -0.569681 0.096145 0.044139 -0.268505 0.292085 0.367579 0.312516 0.406028 0.308161 -0.327412 -0.451766 -0.555937 -0.422114 -0.298135 -0.365448 -0.531966 -0.549577 -0.529908 -0.399064 -0.285351 -0.145628 -0.256315 -0.294756 -0.151900 -0.328324 -0.214318 -0.296888 -0.334690 -0.300626 -0.283475 -0.439864 -0.348625 -0.216014 -0.339387 -0.245141 -0.180128 -0.009529 0.741012 0.740867 -0.282026 0.284201 0.521930 0.359616 -0.420810 -0.034382 -0.324881 0.176610 -0.127369 -0.097753 0.226834 -0.304813 -0.015442 -0.225785 -0.481298 -0.567081 0.006436 -0.522867 -0.275029 -0.254733 -0.207657 -0.235277 -0.150441 -0.077813 -0.354932 0.004116 -0.168417 -0.460102 -0.336313 -0.028430 -0.199591 -0.001898 0.029016 -0.055836 -0.107122 -0.037179 -0.185884 -0.100241 -0.141636 -0.192412 -0.291850 -0.262275 0.044876 0.157985
0.091164 -0.037482 0.696331 0.664351 0.412769 0.383979 0.487626 0.366522 0.367760 0.101975 0.241704 -0.271280 0.469453 0.082049 0.434101 0.121270 -0.066445 -0.407397 0.160191 0.147123 0.238957 0.249619 1.000000 0.828136 0.335044 0.410458 0.438927 0.413751 -0.195163 -0.159549 0.547444 0.344468 -0.291505 0.022594 0.104119 0.047724 -0.180464 0.207676 -0.016764 -0.156796 0.273117 0.243674 -0.004951 -0.062951 -0.200397 -0.304893 -0.152112 -0.366656 -0.137621 -0.243738 0.061900 -0.098405 -0.239879 -0.116733 -0.049232 -0.185448 -0.332195 -0.491487 -0.274869 -0.507311 -0.287134 -0.582619 -0.397187 -0.589640 0.053669 -0.189048 -0.426214 -0.416051 -0.381080 -0.206443 0.470348 0.325490 -0.096462 0.155400 0.403038 0.219608 -0.330608 -0.343755 -0.303072 -0.006199 -0.486738 -0.165786 0.092933 -0.116980 0.109735 -0.036126 -0.354385 -0.450584 0.300395 -0.297258 -0.387320 -0.433178 -0.401488 -0.551562 -0.450595 -0.246381 -0.271795 -0.247856 -0.222297 -0.395744 -0.530861 -0.169045 -0.175001 -0.124582 -0.015229 -0.040055 -0.064664 -0.183591 -0.176035 -0.360127 -0.267380 -0.166892 -0.129874 -0.186438 0.004405 0.090486
0.047953 -0.006157 0.649998 0.777242 0.477847 0.417095 0.447032 0.374579 0.440161 0.160770 0.266475 -0.177645 0.369736 0.177990 0.442320 0.314550 0.001508 -0.464507 0.214826 0.307427 0.337356 0.357186 0.828136 1.000000 0.150950 0.396573 0.480315 0.468763 -0.223574 -0.131869 0.473751 0.394397 -0.468064 -0.159114 0.068837 0.025621 -0.216585 0.119381 -0.048107 -0.118687 0.162225 0.145828 -0.050810 -0.139277 -0.308367 -0.326335 -0.220287 -0.377234 -0.229165 -0.302771 0.009461 -0.106481 -0.254354 -0.079397 -0.042168 -0.253084 -0.394092 -0.498603 -0.409636 -0.490435 -0.473647 -0.611356 -0.463851 -0.622911 -0.058618 -0.223389 -0.438135 -0.343053 -0.290599 -0.043246 0.548628 0.365489 -0.209678 0.084205 0.392919 0.277833 -0.324652 -0.233817 -0.394048 -0.074366 -0.444980 -0.232991 0.084200 -0.063217 0.168120 -0.053007 -0.498426 -0.423548 0.340398 -0.269885 -0.372974 -0.357843 -0.238259 -0.401404 -0.380351 -0.193488 -0.335422 -0.229397 -0.307833 -0.465782 -0.446704 -0.354267 -0.303164 -0.252344 -0.110195 -0.115912 -0.116107 -0.204168 -0.113183 -0.207455 -0.302474 -0.256005 -0.202437 -0.278065 -0.033948 0.141032
-0.179532 -0.218485 -0.198892 -0.039727 0.543099 0.539414 -0.201250 -0.160591 0.533073 0.459180 0.079691 0.093372 0.109368 0.079627 0.606575 0.421666 -0.009710 0.045001 -0.198987 -0.163490 0.519112 0.528600 0.335044 0.150950 1.000000 0.711002 0.513489 0.526632 0.031150 0.151183 0.606457 0.122546 -0.312863 -0.197442 0.255444 0.163572 -0.181273 0.607450 0.404989 0.235122 0.477162 0.472808 -0.179631 -0.173419 -0.224520 -0.288659 -0.085924 -0.159601 -0.263887 -0.335866 -0.293555 -0.318462 -0.173587 -0.237321 -0.204067 -0.209599 -0.170879 -0.326881 -0.067821 -0.387778 -0.076095 -0.204918 -0.254411 -0.279805 -0.108038 -0.052955 -0.265629 -0.233891 -0.287522 -0.197953 0.426483 0.596727 -0.195015 0.510723 0.250923 0.371551 -0.178307 -0.082724 -0.084303 0.198480 -0.234904 0.050757 0.084603 -0.150381 -0.101897 0.006046 -0.223739 -0.471230 -0.164879 -0.607817 -0.279444 -0.340874 -0.192359 -0.224090 -0.123281 -0.229422 -0.112588 -0.039105 -0.150116 -0.320150 -0.283898 0.219069 0.110595 0.124885 0.109239 -0.168908 0.101627 -0.007625 -0.123698 -0.106500 0.050858 -0.026981 -0.191851 -0.116046 -0.091483 -0.028892
-0.054829 -0.341027 -0.061016 0.121723 0.884070 0.890985 -0.139540 -0.156262 0.884029 0.705644 0.227350 -0.128710 0.063165 0.259387 0.832568 0.719872 0.153605 -0.140206 -0.191757 -0.100583 0.837711 0.853530 0.410458 0.396573 0.711002 1.000000 0.872272 0.888421 0.055949 0.167654 0.675417 0.273849 -0.669506 -0.443810 0.254346 0.159333 -0.333709 0.375810 0.386655 0.253713 0.487570 0.405217 -0.388693 -0.457570 -0.485722 -0.415085 -0.380631 -0.428459 -0.450818 -0.493191 -0.460585 -0.439557 -0.409602 -0.294075 -0.297815 -0.354897 -0.223453 -0.476145 -0.214473 -0.420059 -0.214939 -0.324794 -0.307408 -0.452761 -0.125292 -0.108982 -0.441404 -0.263200 -0.438164 -0.231661 0.788315 0.736984 -0.225595 0.359541 0.574901 0.383869 -0.369914 -0.039702 -0.246589 0.258984 -0.245183 -0.029675 0.220384 -0.323354 -0.068927 -0.131385 -0.446411 -0.580887 -0.048631 -0.647188 -0.395102 -0.409324 -0.358951 -0.380338 -0.195900 -0.177958 -0.395186 -0.086927 -0.280178 -0.553133 -0.322172 0.055684 -0.165149 0.035758 -0.011930 -0.119058 -0.047750 -0.079160 -0.222237 -0.145956 -0.156889 -0.293978 -0.446752 -0.338192 -0.068279 0.064281
0.049726 -0.204510 0.117100 0.258212 0.986618 0.977467 0.030458 0.031918 0.921841 0.725672 0.146761 -0.236430 -0.025932 0.343484 0.821614 0.670351 0.177178 -0.280014 -0.065100 -0.010020 0.843534 0.858835 0.438927 0.480315 0.513489 0.872272 1.000000 0.986549 -0.066903 0.068379 0.516529 0.166812 -0.698135 -0.432132 0.116066 0.070572 -0.336290 0.265620 0.340431 0.246569 0.434378 0.306243 -0.402625 -0.475181 -0.456499 -0.335998 -0.433199 -0.506048 -0.463555 -0.471930 -0.493313 -0.382557 -0.476110 -0.296636 -0.319930 -0.400880 -0.177498 -0.503491 -0.287008 -0.450888 -0.291377 -0.350583 -0.281002 -0.447902 -0.225758 -0.187463 -0.483616 -0.326882 -0.298936 -0.159417 0.825891 0.729950 -0.277690 0.239376 0.576903 0.312165 -0.500847 -0.125709 -0.368298 0.140469 -0.209170 -0.054907 0.287111 -0.327541 -0.075190 -0.211733 -0.556339 -0.630423 0.030048 -0.614323 -0.407510 -0.390321 -0.408578 -0.409310 -0.201706 -0.125896 -0.406363 -0.073976 -0.301808 -0.516217 -0.421293 -0.077475 -0.259415 -0.000465 0.033315 -0.063440 -0.093002 -0.111966 -0.221817 -0.133908 -0.237746 -0.312649 -0.313150 -0.337474 -0.081350 0.127217
0.059886 -0.193524 0.068017 0.247704 0.970374 0.978706 -0.011732 0.007021 0.907129 0.723357 0.161347 -0.183435 -0.017304 0.355254 0.819614 0.696237 0.179483 -0.255178 -0.078036 -0.013369 0.866111 0.892683 0.413751 0.468763 0.526632 0.888421 0.986549 1.000000 -0.032125 0.121750 0.560087 0.207057 -0.671620 -0.419552 0.124471 0.052902 -0.332276 0.265700 0.346119 0.256051 0.449602 0.323078 -0.425572 -0.500058 -0.481622 -0.363756 -0.451358 -0.528775 -0.477803 -0.476094 -0.503606 -0.409075 -0.473199 -0.297457 -0.315639 -0.398639 -0.172327 -0.490914 -0.260543 -0.432470 -0.282097 -0.323790 -0.282881 -0.447857 -0.226158 -0.176671 -0.478580 -0.347240 -0.309984 -0.164431 0.817088 0.740060 -0.261832 0.266386 0.600955 0.352718 -0.486702 -0.118492 -0.352571 0.172616 -0.198789 -0.050485 0.259326 -0.304060 -0.075229 -0.201544 -0.533969 -0.622621 0.019585 -0.624463 -0.441882 -0.432680 -0.414636 -0.417568 -0.225988 -0.145183 -0.416269 -0.113171 -0.312256 -0.570713 -0.403893 -0.040679 -0.247392 -0.012896 0.016454 -0.075355 -0.098949 -0.123050 -0.235066 -0.164343 -0.263788 -0.325125 -0.362676 -0.349992 -0.097749 0.097907
-0.199888 -0.154163 -0.227177 -0.270826 -0.055194 -0.030455 -0.286446 -0.216786 -0.064533 0.040598 0.389125 0.375240 0.164691 -0.051047 0.004994 0.234803 0.363525 0.565865 -0.280100 -0.378188 -0.030843 -0.117646 -0.195163 -0.223574 0.031150 0.055949 -0.066903 -0.032125 1.000000 0.594747 0.049739 0.264244 0.251304 0.225643 0.395846 0.138154 0.201278 0.068177 0.221667 0.146269 0.063095 0.154522 -0.145845 -0.078206 0.248787 0.105383 -0.256943 -0.246866 0.213581 0.237026 0.185982 0.007423 -0.414605 -0.346269 -0.102016 -0.165283 0.052290 -0.006757 -0.111973 -0.151931 0.131734 0.026281 0.532590 0.304169 0.223975 -0.069691 -0.187179 -0.257395 -0.288693 -0.458524 0.018584 0.019147 0.686955 0.138548 0.308116 0.147319 0.289814 0.312801 0.599679 0.335174 0.514220 0.488769 0.010462 0.183029 -0.166817 0.216778 -0.018481 0.121504 -0.415231 -0.156621 -0.258012 -0.360974 -0.352553 -0.184096 0.062620 -0.249988 -0.134223 -0.052688 -0.302647 -0.245759 0.087461 0.192652 0.024811 0.012398 -0.131637 -0.114782 0.063658 -0.185710 -0.287266 0.112622 0.005412 -0.244226 -0.142519 -0.208459 -0.278044 -0.347432
-0.243270 -0.049315 -0.203854 -0.174560 0.076750 0.107840 -0.158167 -0.132205 0.049676 0.053083 0.302139 0.460050 0.186124 0.010893 0.102315 0.250199 0.262661 0.487707 -0.248089 -0.271235 0.184263 0.106564 -0.159549 -0.131869 0.151183 0.167654 0.068379 0.121750 0.594747 1.000000 0.240401 0.271513 0.170011 0.090120 0.271816 0.138933 0.019604 0.148829 0.180628 -0.068547 0.109128 0.168057 -0.081428 -0.037804 0.118331 0.075072 -0.193478 -0.264912 0.073971 0.100284 0.047675 -0.039450 -0.354087 -0.230385 -0.206716 -0.255954 -0.106261 -0.178655 -0.171335 -0.222056 -0.013724 -0.057381 0.356273 0.187152 0.050168 0.003854 -0.201300 -0.156048 -0.296460 -0.400493 0.145617 0.265305 0.457017 0.363825 0.377693 0.219313 0.097159 0.209393 0.314589 0.411508 0.285560 0.536120 -0.215563 0.052899 -0.155244 0.327707 -0.127180 -0.170949 -0.424999 -0.293617 -0.312085 -0.400128 -0.266916 -0.193585 -0.110466 -0.250531 -0.306673 -0.150208 -0.367765 -0.365364 0.041220 0.098265 0.064152 0.088374 -0.120266 -0.102916 0.016948 -0.143330 -0.436873 0.009746 -0.146801 -0.199154 -0.113446 -0.132678 -0.101141 -0.220284
0.054216 -0.102746 0.145844 0.341707 0.536082 0.516032 0.086757 -0.005784 0.553652 0.367419 0.196920 -0.047030 0.259675 0.210871 0.632029 0.461622 -0.144148 -0.174512 0.040000 0.090009 0.485533 0.501297 0.547444 0.473751 0.606457 0.675417 0.516529 0.560087 0.049739 0.240401 1.000000 0.633618 -0.294725 0.017173 0.150043 -0.035513 -0.315969 0.244116 0.129575 -0.015959 0.282387 0.338889 -0.283098 -0.331283 -0.419237 -0.447182 -0.339739 -0.471642 -0.382627 -0.391347 -0.199152 -0.465692 -0.323268 -0.271633 -0.246926 -0.310864 -0.239584 -0.365954 -0.109572 -0.348154 -0.109110 -0.319500 -0.440832 -0.542000 0.126306 -0.128867 -0.398813 -0.411354 -0.345604 -0.164579 0.555047 0.471260 -0.063221 0.421673 0.504061 0.428766 -0.289750 -0.262214 -0.194542 0.199346 -0.363242 -0.086687 -0.066197 -0.195514 -0.022593 -0.012587 -0.289697 -0.454978 0.044943 -0.532645 -0.397752 -0.454144 -0.309178 -0.420227 -0.355222 -0.198532 -0.294071 -0.273876 -0.184944 -0.449594 -0.300788 0.019682 -0.082285 -0.027512 -0.017717 -0.240442 0.050557 -0.155651 -0.198764 -0.311555 -0.305098 -0.330133 -0.471602 -0.226677 -0.108154 0.084079
-0.089860 -0.137526 0.226682 0.311216 0.212495 0.174894 0.228305 0.165313 0.182872 0.017690 0.305298 0.029875 0.281685 0.174563 0.251664 0.255915 -0.060806 -0.018569 -0.107040 -0.042170 0.141275 0.141285 0.344468 0.394397 0.122546 0.273849 0.166812 0.207057 0.264244 0.271513 0.633618 1.000000 0.006335 0.359312 0.047111 0.054212 -0.212054 -0.077298 -0.012263 -0.093207 -0.059594 0.104537 -0.062329 -0.106994 -0.027597 0.042773 -0.265676 -0.302479 -0.116424 0.055092 0.117009 -0.176281 -0.357441 -0.217209 -0.119799 -0.225192 -0.286913 -0.210261 -0.204702 -0.278047 -0.135580 -0.268690 -0.167252 -0.340130 0.284838 -0.208343 -0.360218 -0.313136 -0.347249 -0.158826 0.286310 0.074435 0.144081 0.131676 0.289478 0.168417 -0.197523 -0.116601 -0.077300 0.064903 -0.210000 -0.048839 -0.192049 -0.108316 0.002985 -0.046405 -0.248207 -0.140311 -0.032883 -0.337916 -0.382529 -0.420282 -0.236453 -0.319394 -0.127339 -0.223405 -0.161064 -0.089111 -0.271969 -0.340662 -0.171732 -0.062049 -0.199595 -0.104771 -0.076661 -0.187650 -0.055862 -0.070776 -0.232444 -0.076837 -0.126314 -0.262353 -0.298212 -0.268714 -0.110719 -0.019927
-0.029909 0.160957 0.000734 -0.332638 -0.708032 -0.664740 0.171823 0.060606 -0.713193 -0.541382 -0.004632 0.265851 0.201398 -0.178233 -0.613023 -0.510594 -0.078491 0.362394 -0.127973 -0.264756 -0.672918 -0.713509 -0.291505 -0.468064 -0.312863 -0.669506 -0.698135 -0.671620 0.251304 0.170011 -0.294725 0.006335 1.000000 0.769418 -0.157320 -0.118193 0.200817 -0.252591 -0.289662 -0.344045 -0.317533 -0.223411 0.194597 0.295224 0.567794 0.454634 0.106187 0.113041 0.520176 0.583017 0.404962 0.296640 0.164275 -0.061993 0.114687 0.049423 0.198122 0.323193 0.318817 0.280525 0.468162 0.404885 0.412400 0.510797 0.347922 0.145800 0.361898 0.070922 0.127861 -0.038492 -0.670552 -0.536833 0.420762 -0.180004 -0.431191 -0.305960 0.314208 -0.043167 0.420705 -0.041315 0.195635 0.219666 -0.342756 0.180041 -0.119190 0.091737 0.416518 0.399494 -0.163638 0.331238 0.097528 0.042022 0.061306 0.139948 0.064266 -0.089240 0.303274 -0.125360 0.051165 0.273491 0.277748 0.203093 0.305644 0.089834 0.100951 0.118670 0.080387 0.079731 -0.008459 0.004040 0.011818 0.121582 0.272269 0.290791 -0.026570 -0.271146
0.103321 0.132837 0.223179 -0.037502 -0.430698 -0.423324 0.401943 0.229544 -0.475838 -0.358168 0.070177 0.140014 0.209969 -0.085875 -0.406054 -0.360903 -0.080662 0.213443 -0.132942 -0.212900 -0.554102 -0.569681 0.022594 -0.159114 -0.197442 -0.443810 -0.432132 -0.419552 0.225643 0.090120 0.017173 0.359312 0.769418 1.000000 -0.149965 -0.117246 0.049797 -0.204835 -0.343632 -0.301816 -0.278367 -0.102995 0.147236 0.250752 0.481717 0.403048 -0.053785 -0.089461 0.418425 0.536516 0.413711 0.197903 -0.049102 -0.176450 -0.005349 -0.024746 0.162738 0.141053 0.188703 0.051400 0.376207 0.216214 0.177783 0.231974 0.448635 0.056639 0.049893 -0.193421 -0.026140 -0.142449 -0.390986 -0.444579 0.378608 -0.168035 -0.182716 -0.183308 0.180444 -0.212586 0.221662 -0.106133 0.027605 0.131099 -0.301590 0.162827 -0.026671 0.012766 0.207329 0.294962 -0.059864 0.101251 -0.160010 -0.217614 -0.180367 -0.170953 -0.087098 -0.205538 0.172770 -0.238676 -0.118627 0.175421 0.076961 0.098783 0.128378 -0.003404 0.034530 -0.039119 0.064552 -0.065817 -0.027092 -0.195875 -0.113951 -0.015816 0.119378 0.152778 -0.142242 -0.210702
-0.399089 -0.374320 -0.081227 0.067502 0.109338 0.097265 -0.244590 -0.188914 0.163557 0.129237 0.132078 0.006221 0.068986 -0.150925 0.243353 0.246375 0.270570 0.136450 -0.117679 -0.165097 0.165431 0.096145 0.104119 0.068837 0.255444 0.254346 0.116066 0.124471 0.395846 0.271816 0.150043 0.047111 -0.157320 -0.149965 1.000000 0.541472 0.134002 0.350573 0.311720 0.045007 0.265373 0.282459 0.147079 0.098724 0.019459 -0.070677 0.013025 -0.065546 0.025028 -0.065832 0.285166 0.094071 -0.421635 -0.011853 -0.045613 0.040253 -0.349131 -0.377589 -0.475435 -0.436302 -0.294395 -0.383173 0.112292 -0.184638 0.288291 0.038300 -0.291784 -0.066452 -0.388453 -0.484270 0.185208 0.222262 0.258602 0.282886 0.371892 0.295195 0.269175 0.439610 0.188697 0.315633 0.173100 0.250215 -0.009465 0.042393 0.139297 0.400722 -0.086482 -0.139670 -0.197889 -0.160908 -0.411164 -0.330718 -0.284091 -0.276340 0.218635 -0.020249 -0.273451 0.162500 -0.338415 -0.290777 0.087155 0.044357 -0.105094 -0.158806 -0.239488 -0.108013 -0.096679 -0.454250 -0.188503 0.303461 0.304469 -0.039555 -0.149770 -0.308081 -0.256762 -0.220510
