1.000000 0.409705 -0.041438 -0.003373 -0.088201 -0.279054 0.182732 -0.095017 -0.043114 -0.100215 0.212777 -0.182340 0.184561 -0.142300 0.170152 0.033402 0.398099 0.251038 0.338863 0.512769 0.207271 -0.167137 -0.058511 -0.066427 -0.014570 -0.187070 0.020576 -0.244976 0.329760 0.181684 0.377171 0.289279 -0.060813 0.205406 -0.393772 -0.319482 0.105844 -0.022808 -0.042309 -0.080961 0.378912 0.232562 0.225847 -0.038259 0.086484 -0.134412 -0.145801 -0.255001 -0.183303 0.095943 -0.217831 -0.173439 -0.202338 0.082553 -0.398604 -0.338037 0.614622 0.419834 -0.272199 -0.393183 -0.137058 -0.245260 0.000689 0.179138 -0.209419 -0.496440 -0.278230 -0.524576 0.352988 -0.012258 0.135855 0.184955 0.211309 0.138842 0.002053 0.045181 0.012543 -0.060098 0.351596 0.203129 0.491149 0.414937 0.187331 0.367903 -0.013989 -0.160002 -0.081031 0.081163 -0.306692 -0.507229 0.019638 0.144956 0.099082 0.166197 0.243322 0.169556 -0.288078 -0.103437 -0.142234 -0.153184 0.009088 0.176091 0.124082 0.022455 0.047470 0.195503 -0.064205 -0.061111 0.229803 -0.086537 -0.198303 0.208110 -0.013737 0.093081 0.210456 0.182960
0.409705 1.000000 0.086241 0.097452 0.011702 -0.317334 0.408499 0.283789 0.122194 0.051531 0.548775 0.542890 0.337388 0.335149 0.216454 0.443813 0.232429 0.556646 0.128784 0.439251 0.275620 -0.256423 -0.290177 -0.162100 -0.264966 -0.600661 0.078331 -0.411821 0.328775 0.401981 0.197610 0.168744 -0.292888 0.057637 -0.577333 -0.409374 -0.136850 -0.153746 -0.411271 -0.302511 0.134421 0.076086 0.019066 -0.126468 0.034549 -0.245960 -0.242164 -0.439731 0.064505 0.161895 -0.122931 0.100878 0.154521 0.107880 -0.364392 -0.276770 0.314649 0.418526 0.033291 0.172372 0.185850 0.363335 0.193529 0.509162 -0.472649 -0.488066 -0.260540 -0.687669 0.111775 0.139417 0.196518 0.367311 0.379382 0.309652 0.090720 0.157842 -0.000317 -0.136207 0.109164 0.056761 0.165055 0.237108 -0.036292 0.513132 -0.329672 -0.310429 -0.282783 -0.040511 -0.469795 -0.503925 0.138269 -0.036840 0.204122 0.099406 0.078456 0.097626 -0.387586 -0.158356 -0.105351 -0.207767 0.280966 0.200881 0.465275 0.020881 0.083191 -0.009820 0.069222 -0.046223 0.176132 -0.219656 -0.389829 0.027176 0.059538 0.157506 0.205447 0.198955
-0.041438 0.086241 1.000000 0.384911 0.571602 0.249938 0.580964 0.215644 0.569243 0.231028 -0.045920 0.026657 0.162926 0.088167 0.485347 0.116619 -0.461905 -0.312470 0.532249 0.399025 0.162174 0.228420 0.656686 0.656223 0.205350 0.251730 0.020981 0.136575 -0.405877 -0.432041 0.082376 0.190005 -0.273984 0.266801 0.026535 0.143079 -0.172366 -0.052674 -0.215513 -0.023394 -0.162462 -0.013272 -0.371235 -0.461790 -0.268057 -0.225185 -0.277846 -0.221907 -0.192287 -0.383519 -0.209441 -0.198474 -0.169882 -0.156397 -0.287040 -0.287008 -0.375547 -0.181989 0.054278 -0.186675 0.104610 -0.018123 -0.186707 -0.092743 0.274909 0.070457 -0.124003 0.125850 0.363073 0.101942 0.116174 0.127779 -0.401190 -0.216955 -0.210441 -0.142235 0.178768 0.324416 -0.339955 -0.248900 -0.284679 -0.371448 0.118575 0.014060 -0.189906 -0.245729 0.197241 0.072051 0.309809 0.016631 0.606503 0.470468 0.472548 0.464311 -0.136128 -0.214341 -0.247181 -0.288221 -0.286373 -0.287455 0.047523 0.155211 -0.100931 -0.150371 -0.330443 -0.272461 -0.303016 -0.415302 -0.080387 0.069407 -0.081641 0.039764 0.104854 -0.176245 -0.269061 -0.274680
-0.003373 0.097452 0.384911 1.000000 0.334996 0.421395 0.314016 0.701941 0.316251 0.481719 -0.245548 0.034664 0.005208 0.081428 0.351177 0.425712 -0.167572 -0.266247 0.230507 0.395213 0.029263 0.011258 0.327720 0.708427 0.126373 0.228461 0.142149 0.098578 -0.338496 -0.079984 0.383784 0.459791 -0.255189 0.272093 -0.090796 0.007413 -0.069012 -0.001084 -0.109075 0.077592 -0.051391 0.120969 -0.391945 -0.534454 -0.281582 -0.278136 -0.310064 -0.377685 -0.430476 -0.360217 -0.383396 -0.387223 -0.309625 -0.190432 -0.512242 -0.528949 -0.088803 -0.150391 -0.349262 -0.301573 -0.084577 0.054582 -0.151778 -0.072418 0.249465 0.250339 -0.466352 0.061706 0.160979 0.143651 0.200733 0.042656 -0.268622 0.125918 -0.023212 0.160184 0.152576 0.256202 -0.066658 -0.022163 -0.055629 -0.255461 0.339210 0.311751 -0.075325 0.135959 0.197278 0.369757 0.253967 -0.080074 0.337671 0.107301 0.684207 0.290267 -0.051650 -0.087240 -0.303243 -0.100749 -0.497061 -0.425515 0.194695 -0.043057 0.173463 -0.250279 -0.340532 -0.257781 -0.302506 -0.244032 0.015396 0.085339 -0.168253 0.071609 0.213985 0.050772 -0.056500 -0.094463
-0.088201 0.011702 0.571602 0.334996 1.000000 0.651375 0.354894 0.097442 0.636771 0.505208 -0.201657 -0.039194 0.172736 0.112047 0.292650 0.124499 -0.339908 -0.278312 0.130941 0.240159 0.220600 0.403860 0.535176 0.578617 0.535489 0.318848 0.569010 0.438540 -0.393228 -0.307180 0.156161 0.016505 -0.413036 -0.135708 -0.059644 -0.050231 -0.150409 0.032532 -0.244214 -0.118362 -0.154125 -0.039048 -0.250199 -0.437856 -0.147811 -0.170032 -0.317881 -0.340023 -0.172451 -0.377325 -0.115143 -0.202316 -0.122979 -0.103986 -0.262323 -0.349739 -0.185146 -0.021292 0.009510 -0.142154 -0.103661 -0.081831 -0.381839 -0.121469 0.411095 0.072294 -0.143161 0.190143 0.260215 -0.081678 0.176243 0.105829 -0.367119 -0.110416 -0.273240 -0.169985 0.011626 0.079648 -0.311943 -0.140229 -0.284090 -0.301482 -0.049361 -0.137377 0.052919 -0.139442 0.109716 -0.262417 0.368763 0.051641 0.460673 0.412613 0.504023 0.423068 -0.084420 -0.139620 -0.483889 -0.471729 -0.272043 -0.201696 0.142832 0.034912 -0.034555 0.034039 0.044299 0.039514 -0.022489 -0.173612 -0.112678 -0.241968 -0.356819 -0.205102 0.055965 -0.269170 -0.203922 -0.243088
-0.279054 -0.317334 0.249938 0.421395 0.651375 1.000000 0.017403 0.165018 0.377279 0.623055 -0.569226 -0.236590 -0.238775 -0.017701 -0.056477 -0.053785 -0.204692 -0.435612 -0.119510 -0.213562 -0.051872 0.408350 0.498286 0.542833 0.443446 0.622958 0.505712 0.793592 -0.635009 -0.412309 -0.072277 -0.187548 -0.178814 -0.263755 0.338769 0.105675 -0.046262 0.218874 0.183300 0.333215 -0.310887 0.050859 -0.315111 -0.294914 -0.211525 -0.040265 -0.130106 0.024968 -0.188739 -0.371316 -0.012055 -0.112741 -0.246109 -0.111213 0.016838 -0.081424 -0.104133 -0.103243 -0.046123 -0.058283 -0.199672 -0.102810 -0.465782 -0.323179 0.616705 0.511341 -0.117531 0.527273 0.052569 -0.063778 0.055915 -0.048878 -0.513774 -0.170708 -0.248044 -0.100749 0.107302 0.210709 -0.238804 -0.160055 -0.303458 -0.439723 -0.167376 -0.421869 0.270477 0.240092 0.284822 0.044610 0.614028 0.456460 0.184007 0.170597 0.402277 0.266293 -0.143445 -0.120822 -0.031764 -0.103498 -0.200451 -0.064448 0.004169 -0.188632 -0.205022 -0.135184 -0.169943 -0.180891 -0.111037 -0.150818 -0.158043 0.087857 0.045673 -0.221286 0.027535 -0.259210 -0.262218 -0.280602
0.182732 0.408499 0.580964 0.314016 0.354894 0.017403 1.000000 0.553452 0.695969 0.448031 0.299861 0.230231 0.445005 0.389792 0.486810 0.470432 -0.011753 0.054700 0.210648 0.523125 0.158381 -0.100209 0.207351 0.241412 -0.283565 -0.156612 0.153435 -0.074290 0.003713 0.027959 0.103516 0.220347 -0.339005 0.309700 -0.322320 -0.084882 -0.032859 -0.087307 -0.370540 -0.168017 0.089099 0.006327 -0.228441 -0.407871 -0.297992 -0.419338 -0.416475 -0.407019 -0.293614 -0.326132 -0.368816 -0.367055 -0.157572 -0.143858 -0.540692 -0.549794 -0.040492 -0.089855 0.043052 -0.303115 0.407101 0.188607 -0.063469 0.045718 -0.025424 -0.059156 -0.292808 -0.303856 0.163830 0.076880 0.088882 0.095498 0.022683 0.107406 0.006230 0.056025 0.092205 0.049490 0.011919 0.118615 0.073368 0.030969 -0.154913 0.294702 -0.426330 -0.373360 -0.133187 0.007174 -0.098395 -0.376039 0.385039 0.230707 0.492656 0.449596 0.144820 -0.048385 -0.318547 -0.227944 -0.403004 -0.356114 0.350539 0.183628 0.161470 -0.074406 -0.108789 -0.041022 -0.155645 -0.113057 0.111906 -0.101623 -0.247821 -0.056107 0.055278 0.079788 0.059570 0.046274
-0.095017 0.283789 0.215644 0.701941 0.097442 0.165018 0.553452 1.000000 0.366029 0.600942 0.040972 0.232256 0.087688 0.352184 0.241861 0.543171 0.061357 -0.037597 -0.047570 0.227415 0.074685 -0.177240 -0.034780 0.259075 -0.292119 -0.017154 0.125754 -0.047647 -0.139825 0.099647 0.163724 0.324384 -0.195293 0.319609 -0.144569 0.073085 0.075505 -0.043882 -0.181222 0.056774 0.017240 0.075972 -0.467319 -0.493174 -0.338846 -0.350418 -0.431261 -0.395067 -0.386144 -0.310577 -0.417733 -0.395756 -0.180092 -0.269715 -0.445100 -0.476826 -0.072118 -0.237850 -0.132365 -0.088217 0.350232 0.458881 0.154532 0.082065 -0.016918 0.333182 -0.322906 -0.116865 -0.095959 0.095650 -0.009235 -0.080008 -0.044268 0.080635 0.060740 0.194761 0.085151 0.103655 0.086631 0.102185 0.133537 -0.022822 0.039265 0.374950 -0.280056 -0.031979 0.013305 0.352741 0.014341 -0.185428 0.228850 -0.107032 0.534011 0.189688 0.117989 0.033302 -0.074400 0.148579 -0.472241 -0.399631 0.389164 -0.060136 0.343554 -0.299071 -0.282599 -0.227438 -0.161884 -0.130227 0.188059 0.181435 -0.097194 -0.022683 0.038063 0.114731 0.124641 0.124181
-0.043114 0.122194 0.569243 0.316251 0.636771 0.377279 0.695969 0.366029 1.000000 0.683268 -0.059953 0.014326 0.217619 0.300474 0.538240 0.291791 -0.209532 -0.154942 0.177335 0.337645 0.090194 0.171528 0.460469 0.504724 -0.023282 0.199438 0.208687 0.247793 -0.287381 -0.309666 0.038663 0.029405 -0.368828 0.115202 -0.065327 -0.029871 0.028199 0.090626 -0.174971 -0.151398 0.024443 -0.039202 -0.493951 -0.612810 -0.447241 -0.418732 -0.371251 -0.386309 -0.347269 -0.531145 -0.268239 -0.347351 -0.146249 -0.165374 -0.328203 -0.376820 -0.226944 -0.047920 0.172641 -0.222863 0.345540 0.216821 -0.320467 -0.052264 0.362304 0.237685 -0.281892 -0.010365 0.201790 0.072535 0.022223 -0.006278 -0.331772 -0.180782 -0.312433 -0.277679 0.126728 0.193563 -0.182072 0.072527 -0.127495 -0.185832 -0.090848 0.031002 -0.172817 -0.315269 -0.019782 -0.076538 0.302549 0.024053 0.509921 0.408664 0.526748 0.411508 -0.133172 -0.297745 -0.323775 -0.365878 -0.400554 -0.301380 0.266666 -0.006515 0.008245 -0.149062 -0.072865 0.026945 -0.093165 -0.054652 -0.190247 -0.154296 -0.199087 -0.203083 -0.022402 -0.303496 -0.327385 -0.338109
-0.100215 0.051531 0.231028 0.481719 0.505208 0.623055 0.448031 0.600942 0.683268 1.000000 -0.321798 0.017256 -0.142441 0.260999 0.190587 0.453428 -0.006962 -0.183383 -0.088320 0.066709 0.091169 0.248762 0.212357 0.372445 -0.004669 0.305380 0.391679 0.421413 -0.380880 -0.133498 0.031696 -0.056005 -0.341875 -0.018682 -0.044459 -0.060065 0.088512 0.163399 0.011635 0.100640 0.010001 0.142592 -0.353430 -0.477436 -0.227301 -0.195341 -0.171976 -0.199516 -0.283537 -0.366722 -0.163993 -0.309650 -0.203790 -0.216607 -0.271993 -0.272113 -0.028622 -0.057663 -0.025909 -0.088534 0.083988 0.321710 -0.323091 -0.032197 0.293008 0.370512 -0.277936 0.071302 -0.029378 -0.004584 0.107748 0.075264 -0.269344 -0.092828 -0.225683 -0.165304 0.165361 0.208053 -0.021297 0.138373 -0.014766 -0.132852 -0.201435 0.025256 -0.157513 -0.137977 -0.039418 0.110562 0.240957 0.114818 0.395848 0.199429 0.640762 0.294852 -0.118945 -0.128960 -0.211484 -0.166847 -0.285486 -0.163064 0.372768 -0.160689 0.076145 -0.243434 -0.165656 -0.130788 -0.120506 -0.182793 -0.156225 -0.007076 -0.086350 -0.162628 0.035717 -0.228355 -0.233128 -0.245714
0.212777 0.548775 -0.045920 -0.245548 -0.201657 -0.569226 0.299861 0.040972 -0.059953 -0.321798 1.000000 0.513894 0.725465 0.333621 0.184691 0.144772 0.214474 0.451156 0.018639 0.225278 0.018103 -0.518350 -0.266890 -0.331582 -0.406618 -0.634747 -0.208802 -0.599001 0.581102 0.303458 -0.014917 0.054028 -0.025560 0.033872 -0.374897 -0.206257 -0.106246 -0.257329 -0.339749 -0.339711 0.126805 -0.221390 0.060687 0.111101 -0.120889 -0.251219 -0.203497 -0.247714 0.183961 0.181722 -0.004607 0.182717 0.300064 0.197029 -0.083858 -0.123198 0.105889 0.138226 0.240270 0.163783 0.411274 0.122024 0.463900 0.290356 -0.440977 -0.374037 -0.056581 -0.494823 -0.106663 -0.009127 -0.054118 -0.033735 0.451747 0.189791 0.326888 0.154262 -0.110336 -0.306994 0.068297 0.010518 0.120383 0.223765 -0.022299 0.251267 -0.109759 -0.219005 -0.129902 -0.189020 -0.436516 -0.393452 -0.167924 -0.180303 -0.186720 -0.080704 0.234795 0.172468 -0.080902 -0.029515 0.009498 -0.097602 0.065369 0.254512 0.185543 0.062592 0.120538 0.094153 0.091310 0.094008 0.216749 -0.162395 -0.205202 -0.105967 -0.049568 0.283444 0.369831 0.353410
-0.182340 0.542890 0.026657 0.034664 -0.039194 -0.236590 0.230231 0.232256 0.014326 0.017256 0.513894 1.000000 0.274510 0.629251 0.018511 0.534167 -0.102636 0.403613 -0.094653 0.029806 -0.060775 -0.176307 -0.260914 -0.194122 -0.360987 -0.579597 -0.118411 -0.325797 0.128404 0.353939 -0.160830 -0.164666 -0.250999 -0.182168 -0.423153 -0.368909 -0.310634 -0.234792 -0.387734 -0.222307 -0.180663 -0.235302 0.083271 0.127871 0.080029 -0.068231 0.056436 -0.053132 0.418246 0.213273 0.232573 0.377191 0.402319 0.152345 0.052366 0.154938 -0.063632 0.131578 0.200031 0.446704 0.070871 0.487997 0.068241 0.386106 -0.417082 -0.191200 -0.162680 -0.408378 -0.172023 0.145978 0.368254 0.359698 0.256626 0.299979 0.145301 0.144484 -0.098407 -0.139909 -0.230777 -0.079228 -0.255250 -0.185081 -0.236393 0.134918 -0.370110 -0.328803 -0.202334 -0.139781 -0.356243 -0.074157 0.041667 -0.099790 0.085941 -0.089919 -0.128599 0.062401 -0.237515 -0.182392 0.249960 0.279507 0.398277 0.192845 0.339915 0.158196 0.000068 -0.197176 -0.028002 -0.079865 0.022002 -0.191383 -0.237193 0.009409 0.368719 0.357187 0.098418 0.094329
0.184561 0.337388 0.162926 0.005208 0.172736 -0.238775 0.445005 0.087688 0.217619 -0.142441 0.725465 0.274510 1.000000 0.359204 0.440720 0.047518 -0.015125 0.176827 0.081624 0.303303 -0.106918 -0.419760 0.185820 0.074271 -0.143092 -0.383726 0.006082 -0.355657 0.254097 -0.021416 0.107233 0.094349 -0.247749 0.013141 -0.303174 -0.115095 -0.102276 -0.148356 -0.371845 -0.396760 0.077609 -0.265188 -0.089981 -0.127247 -0.316133 -0.400254 -0.457330 -0.380908 -0.087657 -0.118525 -0.096337 -0.020820 0.163434 0.204273 -0.281649 -0.354320 -0.015343 0.026081 0.153172 -0.159112 0.394226 -0.007591 0.194026 0.096645 0.052161 -0.211375 -0.249781 -0.308076 0.059827 -0.062671 -0.102582 -0.171703 0.095305 0.060670 0.164578 0.089007 -0.008865 -0.215230 -0.058881 0.049345 -0.053876 0.067047 0.033690 0.079268 0.118265 -0.115263 -0.014389 -0.287534 -0.031252 -0.230816 -0.082273 0.002482 0.016892 0.068806 0.288102 0.123665 -0.268433 -0.203427 -0.221814 -0.280503 -0.008017 0.059604 0.019298 -0.017855 0.214106 0.229753 0.158259 0.165182 0.130461 -0.237349 -0.346594 -0.260879 -0.186795 0.091304 0.290302 0.205497
-0.142300 0.335149 0.088167 0.081428 0.112047 -0.017701 0.389792 0.352184 0.300474 0.260999 0.333621 0.629251 0.359204 1.000000 0.053825 0.441335 -0.040745 0.114596 -0.300033 -0.023655 0.013766 -0.004120 -0.172185 -0.067848 -0.340566 -0.323325 0.076390 -0.068267 -0.109321 -0.121025 -0.030373 -0.131365 -0.251494 -0.110731 -0.347124 -0.319804 0.225013 0.300989 -0.084968 -0.012669 0.202074 0.030680 -0.170102 -0.150459 -0.192398 -0.294781 -0.221308 -0.239751 0.262039 -0.075485 0.210006 0.187617 0.320356 0.101069 0.002141 0.026401 -0.008672 0.152651 0.372623 0.318887 0.375060 0.578081 0.096950 0.461511 -0.172586 0.068909 -0.132671 -0.269361 -0.225214 0.022909 0.033465 0.113696 -0.185098 -0.130029 -0.118354 -0.103277 0.266494 0.201948 -0.120468 0.341938 -0.077369 -0.120687 -0.352414 -0.024043 -0.337059 -0.350272 -0.233723 -0.279913 -0.228825 0.003878 -0.024023 -0.074107 0.062118 -0.089323 0.049778 0.105391 -0.271778 -0.205087 -0.157431 0.000933 0.321436 0.127456 0.108535 -0.118207 0.010966 -0.032779 0.020836 -0.052220 0.011345 -0.064451 -0.447357 -0.438319 0.048277 -0.022310 0.008934 0.045294
0.170152 0.216454 0.485347 0.351177 0.292650 -0.056477 0.486810 0.241861 0.538240 0.190587 0.184691 0.018511 0.440720 0.053825 1.000000 0.343745 -0.219568 0.094596 0.504260 0.523908 0.044398 -0.086684 0.470623 0.527218 0.105672 0.122664 0.061133 -0.138211 0.008534 -0.046494 0.395056 0.439330 -0.238696 0.385019 -0.090652 0.078526 -0.085883 -0.189544 -0.292446 -0.390522 0.061007 -0.011149 -0.348716 -0.440819 -0.348449 -0.364895 -0.308849 -0.416006 -0.365624 -0.243630 -0.367485 -0.318825 -0.145738 -0.063919 -0.539345 -0.503252 -0.223418 -0.122173 -0.070350 -0.388705 0.283026 0.081965 -0.051821 -0.073842 0.276898 -0.045878 -0.353653 -0.213902 0.166451 0.031959 0.021754 0.033676 -0.104363 0.079993 -0.063035 -0.079062 0.106983 0.139962 -0.069288 -0.045211 -0.092467 -0.046770 0.517826 0.414649 0.002197 -0.162630 0.103456 0.191992 0.221727 -0.250744 0.357092 0.359213 0.333571 0.272326 -0.195856 -0.280827 -0.349607 -0.304969 -0.391253 -0.411994 0.089436 0.022605 0.067253 -0.266243 -0.170111 -0.046275 -0.188963 -0.162202 -0.221669 -0.119898 -0.134281 0.107458 -0.129706 -0.165493 -0.196489 -0.268173
0.033402 0.443813 0.116619 0.425712 0.124499 -0.053785 0.470432 0.543171 0.291791 0.453428 0.144772 0.534167 0.047518 0.441335 0.343745 1.000000 0.093476 0.256643 -0.047680 0.347534 0.114736 -0.005756 -0.219734 0.094567 -0.202679 -0.204112 0.224123 -0.152468 0.136296 0.451462 0.300461 0.321513 -0.240759 0.243637 -0.411070 -0.223028 0.007641 -0.146781 -0.308554 -0.227090 0.180896 0.170786 -0.086694 -0.267398 0.052851 -0.180591 -0.030058 -0.330696 -0.018827 -0.025463 -0.191514 -0.255630 -0.044497 -0.255140 -0.437507 -0.328881 0.047091 -0.036397 -0.091022 -0.043529 0.070587 0.409583 0.027328 0.224887 -0.325992 -0.159519 -0.209065 -0.410214 -0.131489 0.145655 0.274399 0.322220 0.194829 0.402545 0.115711 0.118792 0.074120 0.080408 0.077635 0.225514 0.120250 0.135187 0.013728 0.613379 -0.514353 -0.211114 -0.280994 0.160821 -0.390070 -0.469598 0.240798 -0.064595 0.425745 0.093561 -0.168742 -0.041631 -0.395826 -0.172990 -0.172143 -0.099628 0.478339 0.107961 0.464588 -0.008342 -0.138198 -0.120381 -0.198355 -0.186737 -0.072789 -0.162637 -0.285762 0.135391 0.284186 0.190334 -0.006602 -0.008649
0.398099 0.232429 -0.461905 -0.167572 -0.339908 -0.204692 -0.011753 0.061357 -0.209532 -0.006962 0.214474 -0.102636 -0.015125 -0.040745 -0.219568 0.093476 1.000000 0.516526 -0.195435 0.027560 0.068900 -0.377736 -0.395316 -0.414952 -0.265453 -0.195703 0.060074 -0.144371 0.502297 0.411143 0.098442 0.082884 0.250193 0.047488 -0.145197 -0.187742 0.374860 0.048099 0.172584 0.139828 0.427062 0.151051 0.122527 0.088503 -0.030756 -0.181496 -0.005622 -0.070888 -0.112842 0.111213 -0.179898 -0.150100 -0.106593 -0.053539 -0.090751 -0.078597 0.712418 0.373550 -0.273074 -0.140295 0.026635 -0.091591 0.278753 0.207912 -0.352908 -0.175250 -0.168088 -0.382092 -0.055400 0.171021 -0.118893 -0.266091 0.496375 0.197264 0.269916 0.212972 -0.037970 -0.189686 0.606490 0.448095 0.737780 0.690154 -0.094329 0.220934 0.056296 0.190371 -0.126876 0.108065 -0.370280 -0.350159 -0.417154 -0.413851 -0.146989 -0.090203 0.363221 0.346782 0.232984 0.373492 -0.058848 -0.022272 0.088792 -0.060740 0.171975 -0.125760 0.026975 0.140892 -0.066860 0.071729 0.332853 0.122875 0.045234 0.035447 -0.041976 0.272072 0.385962 0.412979
0.251038 0.556646 -0.312470 -0.266247 -0.278312 -0.435612 0.054700 -0.037597 -0.154942 -0.183383 0.451156 0.403613 0.176827 0.114596 0.094596 0.256643 0.516526 1.000000 -0.077749 0.072873 -0.012735 -0.411126 -0.381725 -0.460217 -0.225618 -0.406638 0.015463 -0.312175 0.487226 0.654025 0.074968 0.040782 -0.044863 -0.038440 -0.321072 -0.317080 0.007800 -0.166556 -0.077925 -0.237475 0.107286 0.003248 0.170989 0.160683 0.053975 -0.111774 0.043345 -0.096920 0.128872 0.243010 0.021842 0.202430 0.220346 0.186170 -0.009007 0.056457 0.407653 0.453965 -0.098384 0.109224 0.090842 0.252451 0.171022 0.415915 -0.435711 -0.423738 -0.222688 -0.551661 -0.101839 0.208922 0.128732 0.156658 0.550116 0.456922 0.110109 0.143872 -0.119291 -0.210520 0.243127 0.195714 0.265979 0.487613 -0.005996 0.367812 -0.061812 -0.135521 -0.181090 0.019612 -0.408447 -0.307821 -0.190437 -0.197902 -0.214392 -0.171496 0.005186 0.109690 -0.028976 0.025661 0.116096 0.017872 0.138641 -0.090252 0.334127 -0.078096 0.085135 0.026619 0.046283 0.052711 0.058681 -0.141247 -0.109461 0.140510 0.031686 0.199589 0.148247 0.150515
0.338863 0.128784 0.532249 0.230507 0.130941 -0.119510 0.210648 -0.047570 0.177335 -0.088320 0.018639 -0.094653 0.081624 -0.300033 0.504260 -0.047680 -0.195435 -0.077749 1.000000 0.640658 0.177796 -0.078456 0.512804 0.443424 0.055568 -0.012955 -0.317214 -0.279643 0.003989 -0.092935 0.273981 0.382946 -0.073163 0.390864 -0.063106 0.118976 -0.336102 -0.337946 -0.212962 -0.103730 -0.073819 -0.063379 -0.055081 -0.222468 -0.107054 -0.136360 -0.133206 -0.101735 -0.341358 -0.029909 -0.340155 -0.141697 -0.193811 0.043945 -0.474151 -0.323060 -0.062077 0.021297 -0.455440 -0.396204 -0.285560 -0.309648 -0.205273 -0.103580 0.050785 -0.254756 -0.360299 -0.155898 0.626754 0.153487 0.350877 0.249175 0.079593 0.066754 0.096078 0.131622 -0.044895 0.043783 0.094034 -0.231525 0.012772 -0.102480 0.459823 0.213910 -0.042479 -0.216631 0.130161 0.255745 0.092166 -0.226095 0.423034 0.552313 0.387323 0.451644 0.036096 0.001248 -0.230401 -0.125916 -0.155297 -0.141175 0.013570 0.301921 -0.088359 0.015437 -0.229075 -0.208310 -0.418232 -0.422181 0.127955 0.136833 0.102117 0.484118 0.206004 0.151086 0.018979 -0.000425
0.512769 0.439251 0.399025 0.395213 0.240159 -0.213562 0.523125 0.227415 0.337645 0.066709 0.225278 0.029806 0.303303 -0.023655 0.523908 0.347534 0.027560 0.072873 0.640658 1.000000 0.352545 -0.119081 0.201479 0.374424 -0.024875 -0.214863 0.010134 -0.365055 0.317240 0.175356 0.527103 0.636899 -0.160839 0.568626 -0.355577 -0.028863 -0.161172 -0.293186 -0.467218 -0.368434 0.270131 0.030598 -0.059818 -0.399360 -0.124993 -0.335196 -0.315187 -0.537905 -0.459571 -0.186919 -0.546156 -0.458062 -0.324762 -0.158810 -0.783813 -0.700066 0.142645 0.052423 -0.372942 -0.502930 -0.037531 -0.165055 -0.066174 0.062546 -0.178880 -0.427475 -0.375665 -0.407626 0.564238 0.055209 0.243196 0.232458 0.259669 0.232897 0.132158 0.137463 -0.092125 -0.043857 0.213936 0.036545 0.259155 0.176617 0.425159 0.652402 -0.249597 -0.238746 -0.156057 0.125435 -0.209830 -0.664103 0.365163 0.254151 0.441853 0.305575 0.187692 -0.028001 -0.524879 -0.267494 -0.449694 -0.451602 0.151275 0.291155 0.172731 0.081896 0.016609 0.111494 -0.293167 -0.188364 0.175302 -0.237712 -0.287029 0.214217 0.082832 0.138479 0.183655 0.134784
0.207271 0.275620 0.162174 0.029263 0.220600 -0.051872 0.158381 0.074685 0.090194 0.091169 0.018103 -0.060775 -0.106918 0.013766 0.044398 0.114736 0.068900 -0.012735 0.177796 0.352545 1.000000 0.384334 -0.168045 0.004793 0.202214 -0.030391 0.387834 -0.014983 0.088547 0.028704 0.335515 0.290410 0.031824 0.242905 -0.209803 -0.061748 0.131587 0.091893 -0.123145 -0.071028 0.284475 0.278152 -0.017040 -0.144717 0.157497 0.047047 -0.124595 -0.242706 -0.091067 0.034639 -0.221950 -0.147199 -0.134322 -0.184035 -0.248360 -0.286344 0.026173 0.025459 -0.112676 0.025701 -0.027016 0.083013 0.242886 0.255393 -0.279653 -0.247195 0.128816 -0.182046 0.231617 -0.020810 0.062606 0.265247 0.123038 0.056694 -0.023540 0.085673 0.072846 0.086007 0.229689 0.084233 0.278919 0.185916 0.092228 0.307731 -0.121621 -0.226113 -0.103609 -0.014078 -0.304241 -0.405115 0.180318 0.062711 0.110439 0.040918 0.065557 0.028910 -0.229837 -0.104940 -0.159368 -0.161195 0.141371 0.295925 0.119926 -0.009004 -0.009858 -0.031037 -0.033656 -0.107965 0.095054 0.029809 -0.203682 0.005286 -0.154738 -0.108074 0.023113 0.071023
-0.167137 -0.256423 0.228420 0.011258 0.403860 0.408350 -0.100209 -0.177240 0.171528 0.248762 -0.518350 -0.176307 -0.419760 -0.004120 -0.086684 -0.005756 -0.377736 -0.411126 -0.078456 -0.119081 0.384334 1.000000 0.162481 0.254899 0.440390 0.491727 0.358029 0.541142 -0.444838 -0.341635 -0.035531 -0.141200 -0.172879 -0.065582 0.111155 0.044765 0.079598 0.264227 0.158188 0.074376 0.014685 0.270244 -0.003679 -0.099963 0.241858 0.320493 0.209801 0.107739 0.158893 -0.089406 0.159241 -0.038500 -0.110056 -0.233874 0.135251 0.131372 -0.257717 -0.134174 0.256091 0.128064 -0.155580 0.083813 -0.242253 -0.027044 0.195115 0.092521 0.310852 0.370787 -0.029332 -0.136948 0.122470 0.289926 -0.407562 -0.243707 -0.420359 -0.404938 0.142715 0.370354 -0.261172 -0.032739 -0.216754 -0.277072 -0.048360 -0.162423 -0.067693 -0.164371 -0.012909 -0.124420 0.169951 0.222134 0.415344 0.287431 0.080503 -0.017406 -0.523399 -0.398360 -0.213474 -0.416210 0.173534 0.183361 -0.027789 -0.030908 -0.183731 0.083465 -0.049516 -0.060261 -0.031609 -0.130210 -0.469915 -0.132697 -0.073626 -0.096103 -0.045501 -0.510653 -0.580719 -0.534753
-0.058511 -0.290177 0.656686 0.327720 0.535176 0.498286 0.207351 -0.034780 0.460469 0.212357 -0.266890 -0.260914 0.185820 -0.172185 0.470623 -0.219734 -0.395316 -0.381725 0.512804 0.201479 -0.168045 0.162481 1.000000 0.808318 0.356117 0.513146 0.003146 0.344407 -0.527810 -0.555674 -0.020191 0.023364 -0.203165 0.090371 0.314149 0.262428 -0.219191 -0.044796 -0.050721 0.048608 -0.312139 -0.120521 -0.309478 -0.331797 -0.385575 -0.201987 -0.225069 -0.005549 -0.314044 -0.373811 -0.101688 -0.113850 -0.149015 0.083628 -0.213202 -0.179681 -0.260771 -0.183060 -0.124355 -0.374493 -0.095116 -0.234561 -0.465219 -0.342786 0.692394 0.262880 -0.379486 0.320862 0.355045 0.118404 0.000817 -0.096194 -0.489816 -0.293172 -0.214473 -0.126525 0.103266 0.226270 -0.271292 -0.233685 -0.353153 -0.381122 0.206316 -0.293610 0.282860 0.012255 0.403529 0.089341 0.731753 0.359342 0.437144 0.543717 0.408955 0.429182 -0.139753 -0.169624 -0.099187 -0.206235 -0.225736 -0.169220 -0.136357 -0.129706 -0.370079 -0.202904 -0.274779 -0.188461 -0.315217 -0.331400 -0.164664 0.100181 0.104595 0.029805 0.020532 -0.199599 -0.270515 -0.314237
-0.066427 -0.162100 0.656223 0.708427 0.578617 0.542833 0.241412 0.259075 0.504724 0.372445 -0.331582 -0.194122 0.074271 -0.067848 0.527218 0.094567 -0.414952 -0.460217 0.443424 0.374424 0.004793 0.254899 0.808318 1.000000 0.418338 0.543531 0.107606 0.294010 -0.495727 -0.493878 0.298165 0.343507 -0.186517 0.262348 0.242403 0.218135 -0.150765 -0.001861 -0.104688 0.013601 -0.172170 0.007932 -0.469701 -0.557293 -0.400461 -0.262050 -0.270608 -0.257475 -0.424709 -0.472375 -0.282167 -0.308485 -0.292113 -0.116598 -0.403417 -0.396028 -0.267271 -0.223433 -0.174952 -0.352955 -0.057893 -0.113927 -0.314785 -0.265255 0.603018 0.315812 -0.384287 0.301613 0.269996 0.092005 0.040482 -0.043660 -0.531679 -0.223587 -0.193788 -0.111260 0.151793 0.331052 -0.236239 -0.159911 -0.277337 -0.421375 0.428778 0.035271 0.167095 0.106408 0.340224 0.248736 0.609820 0.173327 0.488833 0.417691 0.571191 0.353564 -0.203282 -0.230280 -0.251623 -0.246529 -0.482091 -0.370915 -0.026748 -0.039697 -0.180105 -0.263287 -0.371886 -0.227928 -0.396069 -0.338950 -0.206201 0.088540 -0.031295 0.019609 0.078010 -0.233668 -0.310081 -0.352718
-0.014570 -0.264966 0.205350 0.126373 0.535489 0.443446 -0.283565 -0.292119 -0.023282 -0.004669 -0.406618 -0.360987 -0.143092 -0.340566 0.105672 -0.202679 -0.265453 -0.225618 0.055568 -0.024875 0.202214 0.440390 0.356117 0.418338 1.000000 0.557116 0.503249 0.382099 -0.316434 -0.263605 0.317357 0.178096 -0.149236 -0.146244 0.133832 0.039100 -0.106343 0.034893 -0.004167 -0.092925 -0.164973 0.019631 0.052471 -0.028359 0.221232 0.209011 0.000772 -0.070099 0.044408 -0.031007 0.073095 -0.003132 -0.153224 -0.023664 0.029027 -0.071626 -0.156689 -0.035170 -0.090883 -0.046405 -0.393531 -0.315956 -0.222311 -0.176285 0.354051 -0.067527 0.112421 0.287110 0.077499 -0.199933 0.031033 0.082332 -0.326934 -0.125041 -0.243126 -0.142741 0.005275 0.083937 -0.231029 -0.212037 -0.224538 -0.175632 0.303119 -0.127552 0.323725 0.150278 0.237013 -0.086460 0.376721 0.133738 0.145036 0.173722 0.043456 0.009547 -0.182488 -0.034638 -0.194659 -0.281119 -0.034411 -0.087453 -0.229574 -0.129814 -0.169704 0.013125 0.003447 0.068774 -0.009610 -0.126150 -0.169525 -0.082115 -0.162586 -0.061894 -0.096629 -0.290845 -0.169094 -0.216298
-0.187070 -0.600661 0.251730 0.228461 0.318848 0.622958 -0.156612 -0.017154 0.199438 0.305380 -0.634747 -0.579597 -0.383726 -0.323325 0.122664 -0.204112 -0.195703 -0.406638 -0.012955 -0.214863 -0.030391 0.491727 0.513146 0.543531 0.557116 1.000000 0.283159 0.729335 -0.521681 -0.470494 0.007685 0.093910 0.082904 0.191160 0.580957 0.416317 0.155523 0.221674 0.428687 0.327806 -0.091247 0.274204 -0.311960 -0.262053 -0.146253 0.120797 0.027007 0.188029 -0.257370 -0.390312 -0.115759 -0.303146 -0.433265 -0.325669 0.069717 -0.011449 -0.240322 -0.322573 -0.026607 -0.230193 -0.064967 -0.144983 -0.210760 -0.376514 0.586942 0.480535 0.129609 0.643571 0.006590 -0.053581 -0.178178 -0.176109 -0.574347 -0.329407 -0.374570 -0.322214 0.191668 0.441745 -0.186339 -0.060904 -0.107488 -0.206692 0.238818 -0.215279 0.307837 0.243171 0.451576 0.313457 0.626445 0.411680 0.250344 0.165662 0.084181 0.022777 -0.341620 -0.334077 0.249801 0.022939 -0.191428 -0.107452 -0.239098 -0.333817 -0.366128 -0.333115 -0.373779 -0.198362 -0.268389 -0.235215 -0.409617 0.259803 0.336450 0.006454 -0.161419 -0.501572 -0.502096 -0.514009
0.020576 0.078331 0.020981 0.142149 0.569010 0.505712 0.153435 0.125754 0.208687 0.391679 -0.208802 -0.118411 0.006082 0.076390 0.061133 0.224123 0.060074 0.015463 -0.317214 0.010134 0.387834 0.358029 0.003146 0.107606 0.503249 0.283159 1.000000 0.532221 -0.114580 0.096113 0.274068 0.088562 -0.200125 -0.138890 -0.040045 -0.051957 0.137316 0.130649 -0.073557 -0.082038 0.062607 0.178037 -0.101633 -0.224684 0.004888 -0.107204 -0.233146 -0.325518 -0.152313 -0.231956 -0.154875 -0.262634 -0.154725 -0.205455 -0.183634 -0.373250 0.093589 -0.005265 -0.009147 -0.063512 -0.034532 0.033995 -0.074765 -0.034520 0.127695 -0.008066 0.056716 0.036438 -0.062923 -0.200944 -0.019844 0.044404 -0.052151 0.131867 -0.054334 -0.013393 0.003789 -0.042708 0.030195 0.063643 0.039972 0.100015 -0.153136 0.104345 0.127238 0.100909 -0.059644 -0.188162 0.073769 -0.177049 0.025456 -0.105133 0.139671 0.076246 0.014565 0.041870 -0.248435 -0.158750 -0.196999 -0.207842 0.143411 -0.108433 0.172468 -0.007006 0.188106 0.186603 0.169263 0.097421 -0.066749 -0.191400 -0.301655 -0.261002 -0.213613 -0.190638 0.031272 -0.004533
-0.244976 -0.411821 0.136575 0.098578 0.438540 0.793592 -0.074290 -0.047647 0.247793 0.421413 -0.599001 -0.325797 -0.355657 -0.068267 -0.138211 -0.152468 -0.144371 -0.312175 -0.279643 -0.365055 -0.014983 0.541142 0.344407 0.294010 0.382099 0.729335 0.532221 1.000000 -0.552814 -0.350999 -0.196815 -0.266093 -0.034720 -0.144394 0.470641 0.161452 0.149997 0.358261 0.422540 0.437966 -0.192745 0.233629 -0.264163 -0.196154 -0.182126 0.001809 0.001435 0.182540 -0.122936 -0.439488 0.006819 -0.177149 -0.297295 -0.280320 0.238262 0.069252 -0.122489 -0.092901 0.106196 -0.078142 -0.060740 -0.039157 -0.338833 -0.224070 0.552030 0.479546 0.133645 0.572664 -0.004650 -0.113845 -0.049232 -0.050883 -0.518065 -0.208961 -0.414196 -0.243527 0.208667 0.376982 -0.306449 -0.094778 -0.214521 -0.310131 -0.229668 -0.382729 0.273675 0.239574 0.288725 0.091664 0.532713 0.482466 0.134967 0.067706 0.067979 0.072265 -0.301380 -0.244441 0.173559 -0.026987 -0.006675 0.093299 -0.083212 -0.290242 -0.217059 -0.174509 -0.186390 -0.163818 -0.045734 -0.045464 -0.309929 0.128300 0.200424 -0.165002 -0.100547 -0.424727 -0.481871 -0.446716
0.329760 0.328775 -0.405877 -0.338496 -0.393228 -0.635009 0.003713 -0.139825 -0.287381 -0.380880 0.581102 0.128404 0.254097 -0.109321 0.008534 0.136296 0.502297 0.487226 0.003989 0.317240 0.088547 -0.444838 -0.527810 -0.495727 -0.316434 -0.521681 -0.114580 -0.552814 1.000000 0.611075 0.262860 0.226833 0.267363 0.150127 -0.228567 -0.101372 0.043160 -0.316554 -0.286963 -0.452047 0.389866 -0.168825 0.282996 0.189395 0.107407 -0.096150 0.109928 -0.173327 -0.040283 0.212134 -0.186486 -0.135091 0.008153 -0.019927 -0.218019 -0.198898 0.306981 0.110226 -0.134151 -0.141779 0.056146 -0.227422 0.334624 0.025627 -0.562660 -0.481966 0.068243 -0.463753 -0.011076 -0.123236 -0.062617 -0.131209 0.781244 0.337959 0.465943 0.100938 -0.337136 -0.506496 0.448672 0.166799 0.496875 0.570085 0.175081 0.501653 -0.058663 0.040408 -0.420493 -0.105869 -0.616722 -0.648868 -0.377367 -0.365731 -0.354250 -0.260696 0.338108 0.149985 0.000735 0.140342 0.016358 -0.074213 -0.080742 0.134460 0.194082 0.245896 0.415274 0.434479 0.128933 0.230039 0.223160 -0.317097 -0.017984 0.117470 -0.118872 0.309363 0.469192 0.438683
0.181684 0.401981 -0.432041 -0.079984 -0.307180 -0.412309 0.027959 0.099647 -0.309666 -0.133498 0.303458 0.353939 -0.021416 -0.121025 -0.046494 0.451462 0.411143 0.654025 -0.092935 0.175356 0.028704 -0.341635 -0.555674 -0.493878 -0.263605 -0.470494 0.096113 -0.350999 0.611075 1.000000 0.177486 0.207937 0.016707 0.068120 -0.357291 -0.220970 -0.156383 -0.387960 -0.274601 -0.274768 0.079450 0.070655 0.357721 0.204732 0.317709 0.051175 0.162581 -0.084621 0.042638 0.328272 -0.121402 -0.036046 0.083730 -0.003650 -0.195972 -0.136205 0.318194 0.136547 -0.310867 -0.030341 -0.177976 0.051725 0.118758 0.149429 -0.570173 -0.468978 -0.115951 -0.505393 -0.133294 0.153144 0.247093 0.241853 0.802575 0.775266 0.422745 0.426727 -0.294871 -0.375046 0.342584 0.111350 0.298101 0.480402 0.003595 0.570012 -0.224614 -0.009219 -0.276844 0.127344 -0.582263 -0.580588 -0.182070 -0.313050 -0.053259 -0.102449 0.057938 0.142867 -0.060908 0.135352 0.216683 0.074857 0.225450 0.032304 0.516834 0.211640 0.140116 0.068312 0.039768 0.142853 0.168956 -0.203878 -0.026374 0.406235 0.213806 0.493387 0.336067 0.314159
0.377171 0.197610 0.082376 0.383784 0.156161 -0.072277 0.103516 0.163724 0.038663 0.031696 -0.014917 -0.160830 0.107233 -0.030373 0.395056 0.300461 0.098442 0.074968 0.273981 0.527103 0.335515 -0.035531 -0.020191 0.298165 0.317357 0.007685 0.274068 -0.196815 0.262860 0.177486 1.000000 0.754685 -0.034661 0.286282 -0.219952 -0.163093 0.225222 0.013882 -0.159975 -0.289988 0.407215 0.163591 -0.069875 -0.267348 -0.017877 -0.255596 -0.155481 -0.504717 -0.291754 0.000012 -0.307565 -0.244363 -0.139396 0.028028 -0.507822 -0.505147 0.191430 0.089438 -0.389058 -0.290450 -0.170122 -0.118351 0.154943 0.134254 -0.093108 -0.297317 -0.270119 -0.362186 0.056316 -0.115529 -0.018598 0.030929 0.126543 0.130581 0.153467 0.106375 0.117678 0.036317 0.291496 0.207487 0.305384 0.250985 0.532147 0.598404 0.016478 0.074824 -0.133857 0.097692 -0.220790 -0.585650 -0.106645 -0.083940 0.105241 -0.067153 0.191273 0.210123 -0.373859 -0.085190 -0.526011 -0.558431 -0.049109 0.069647 0.189373 -0.154598 0.029040 0.217118 -0.019027 -0.035502 0.162951 -0.045703 -0.407249 0.006856 -0.184681 0.022741 0.244445 0.202778
0.289279 0.168744 0.190005 0.459791 0.016505 -0.187548 0.220347 0.324384 0.029405 -0.056005 0.054028 -0.164666 0.094349 -0.131365 0.439330 0.321513 0.082884 0.040782 0.382946 0.636899 0.290410 -0.141200 0.023364 0.343507 0.178096 0.093910 0.088562 -0.266093 0.226833 0.207937 0.754685 1.000000 0.094478 0.706654 -0.098978 0.174578 0.122146 -0.193754 -0.160692 -0.128874 0.277987 0.233427 -0.192107 -0.332466 -0.114166 -0.269286 -0.308299 -0.462222 -0.486561 -0.106835 -0.604375 -0.485810 -0.381762 -0.263495 -0.632490 -0.627227 0.028805 -0.191463 -0.490989 -0.433825 0.010347 -0.119988 0.293206 -0.007444 -0.124936 -0.204037 -0.243643 -0.263843 0.161556 -0.015248 0.003059 0.012850 0.172266 0.251927 0.234565 0.348068 0.018619 0.057937 0.343269 0.106484 0.354389 0.241888 0.668216 0.716052 -0.086812 0.092396 0.107317 0.458515 -0.148224 -0.639262 0.058864 -0.055339 0.220117 0.042065 0.206986 0.165524 -0.180171 0.115043 -0.571905 -0.531135 0.077287 0.166476 0.261469 -0.144004 -0.228141 -0.030957 -0.268158 -0.142019 0.246177 0.201197 -0.162370 0.315385 0.004591 0.204163 0.271648 0.259861
-0.060813 -0.292888 -0.273984 -0.255189 -0.413036 -0.178814 -0.339005 -0.195293 -0.368828 -0.341875 -0.025560 -0.250999 -0.247749 -0.251494 -0.238696 -0.240759 0.250193 -0.044863 -0.073163 -0.160839 0.031824 -0.172879 -0.203165 -0.186517 -0.149236 0.082904 -0.200125 -0.034720 0.267363 0.016707 -0.034661 0.094478 1.000000 0.294962 0.613302 0.512588 0.169510 -0.096383 0.289787 0.286596 0.135378 0.092051 -0.148920 0.223513 -0.132928 0.192777 0.103974 0.262171 -0.157203 0.125510 -0.191673 -0.042787 -0.210474 -0.133829 0.171249 0.164346 0.132322 -0.286630 -0.120640 -0.041735 0.092340 -0.242932 0.421701 -0.342178 -0.058099 0.311999 0.256200 0.241812 -0.120851 0.011229 -0.442018 -0.421415 0.207013 -0.037632 0.399937 0.241806 -0.281570 -0.199915 0.333775 -0.115050 0.236725 0.114828 0.191720 0.035114 0.362075 0.531892 0.149716 0.320461 0.007003 -0.026878 -0.472586 -0.405097 -0.393548 -0.230931 0.119103 0.080830 0.664684 0.651886 -0.080212 0.032086 -0.245274 -0.000417 -0.165892 -0.206001 -0.173837 -0.123854 -0.169058 0.101168 0.076564 0.334118 0.553480 0.164636 -0.031573 0.086651 0.171496 0.217637
0.205406 0.057637 0.266801 0.272093 -0.135708 -0.263755 0.309700 0.319609 0.115202 -0.018682 0.033872 -0.182168 0.013141 -0.110731 0.385019 0.243637 0.047488 -0.038440 0.390864 0.568626 0.242905 -0.065582 0.090371 0.262348 -0.146244 0.191160 -0.138890 -0.144394 0.150127 0.068120 0.286282 0.706654 0.294962 1.000000 0.154498 0.500775 0.096313 -0.188411 -0.032969 0.070669 0.245850 0.318998 -0.312710 -0.382232 -0.220698 -0.154370 -0.355138 -0.239063 -0.527985 -0.251593 -0.661547 -0.583582 -0.541686 -0.505337 -0.521821 -0.494961 -0.065941 -0.341401 -0.299939 -0.443743 0.289462 0.022667 0.324868 -0.072695 -0.075170 0.005723 -0.039943 -0.012898 0.232363 0.079931 -0.102272 -0.005764 0.070911 0.069577 0.065096 0.197326 0.021535 0.229170 0.220041 0.054827 0.308876 0.177621 0.523513 0.616560 -0.162079 -0.023909 0.186341 0.597610 -0.043563 -0.431835 0.254392 0.032863 0.199081 0.069605 0.034281 -0.104544 0.077459 0.245643 -0.490804 -0.348489 0.103816 0.117219 0.111786 -0.246248 -0.372915 -0.237720 -0.420926 -0.225528 0.043794 0.288283 0.224943 0.411856 -0.019178 -0.025646 -0.026078 0.006654
-0.393772 -0.577333 0.026535 -0.090796 -0.059644 0.338769 -0.322320 -0.144569 -0.065327 -0.044459 -0.374897 -0.423153 -0.303174 -0.347124 -0.090652 -0.411070 -0.145197 -0.321072 -0.063106 -0.355577 -0.209803 0.111155 0.314149 0.242403 0.133832 0.580957 -0.040045 0.470641 -0.228567 -0.357291 -0.219952 -0.098978 0.613302 0.154498 1.000000 0.740260 0.005238 -0.048952 0.360258 0.318535 -0.269202 -0.064257 -0.409096 -0.024871 -0.335771 0.095414 0.061390 0.359688 -0.250628 -0.274018 -0.105241 -0.103471 -0.266940 -0.216471 0.291217 0.212208 -0.239802 -0.476463 0.068731 -0.072997 0.151435 -0.186738 0.035766 -0.594479 0.511373 0.656280 0.282496 0.711408 -0.107898 -0.018613 -0.428787 -0.449873 -0.273159 -0.263227 0.048074 -0.037814 -0.143670 0.055650 -0.151374 -0.363485 -0.232796 -0.310664 0.137102 -0.295242 0.479665 0.550682 0.393592 0.330824 0.592182 0.448263 -0.169702 -0.150410 -0.252785 -0.124225 -0.150840 -0.199008 0.688253 0.467481 -0.096780 -0.019432 -0.374453 -0.274297 -0.393144 -0.305057 -0.282974 -0.226467 -0.172164 0.012247 -0.215944 0.355439 0.726755 0.067962 -0.197343 -0.252906 -0.257712 -0.242577
-0.319482 -0.409374 0.143079 0.007413 -0.050231 0.105675 -0.084882 0.073085 -0.029871 -0.060065 -0.206257 -0.368909 -0.115095 -0.319804 0.078526 -0.223028 -0.187742 -0.317080 0.118976 -0.028863 -0.061748 0.044765 0.262428 0.218135 0.039100 0.416317 -0.051957 0.161452 -0.101372 -0.220970 -0.163093 0.174578 0.512588 0.500775 0.740260 1.000000 -0.121110 -0.348466 0.050804 0.121811 -0.240248 -0.067870 -0.411310 -0.146783 -0.262093 0.143197 -0.220692 0.127856 -0.426267 -0.180367 -0.344511 -0.301086 -0.356045 -0.323657 -0.047469 -0.090581 -0.346447 -0.676535 -0.094863 -0.216243 0.257279 -0.090568 0.136751 -0.585877 0.319917 0.456664 0.257789 0.590333 0.021750 0.038185 -0.381902 -0.377617 -0.113498 -0.171499 0.157898 0.134390 -0.349970 -0.111202 -0.019280 -0.339230 -0.141942 -0.165246 0.276329 0.010363 0.286026 0.368285 0.300538 0.370259 0.413097 0.110806 0.018069 -0.089287 -0.049640 -0.029162 0.036686 -0.131597 0.508469 0.464603 -0.228849 -0.199270 -0.240046 -0.210108 -0.301545 -0.229791 -0.213432 -0.191121 -0.217259 -0.048178 -0.026263 0.318960 0.577065 0.197020 -0.202517 -0.121305 -0.041652 -0.023049
