1.000000 0.414644 -0.288131 -0.319231 0.126571 0.030159 0.030935 -0.037852 -0.015470 0.122321 0.435135 0.350161 0.468166 0.451508 0.149107 0.316422 0.294133 0.422776 -0.091560 -0.187494 -0.421589 -0.231389 -0.335971 -0.410256 -0.538884 -0.398538 -0.425467 -0.444524 0.220294 0.326602 -0.424696 -0.452778 0.150161 0.201919 -0.238971 -0.285507 0.006540 -0.004096 -0.107440 -0.220502 0.009421 0.129282 -0.200366 -0.383233 -0.135938 -0.276280 -0.166277 -0.315776 0.121757 -0.095954 -0.161520 -0.024224 0.434829 0.014523 0.231101 -0.296974 0.415231 0.382342 0.297025 0.097109 0.506332 0.331375 0.469756 0.437799 -0.008349 -0.015874 -0.227758 -0.372450 0.363247 0.072816 -0.143489 -0.116824 0.169373 0.269498 0.425672 0.116886 0.067883 -0.035879 0.226172 0.106998 0.339354 0.290565 -0.152947 0.091081 0.080813 -0.190185 -0.346700 -0.178898 -0.196822 0.180619 0.041977 -0.065329 -0.244843 -0.192717 -0.286854 0.066464 -0.286081 -0.316623 0.031247 0.009251 -0.227883 -0.150934 0.131452 0.031357 -0.174600 -0.173643 0.016941 -0.108952 0.005922 -0.176346 -0.420293 0.012007 -0.186803 -0.230460 -0.043722 0.036992
0.414644 1.000000 -0.427675 -0.215222 -0.160898 -0.231303 -0.338249 -0.244344 -0.174504 0.068990 0.164037 0.403080 0.066484 0.363595 -0.239953 0.089993 0.072639 0.247288 -0.144689 -0.043729 -0.224616 -0.253585 -0.326745 -0.279812 -0.341317 -0.431701 -0.296265 -0.312239 -0.036843 0.121208 -0.359863 -0.338437 0.108400 -0.130327 -0.361882 -0.310593 -0.131574 0.070657 -0.022649 -0.064190 -0.024802 -0.074614 0.193247 0.149519 0.151507 -0.130560 0.176860 0.198754 0.221816 0.267828 -0.000934 0.182622 0.285392 0.249466 0.090592 0.054585 0.293475 0.471907 0.157407 0.326422 0.248884 0.400158 0.263674 0.378277 -0.332570 -0.211055 -0.098691 -0.468381 0.207878 -0.023713 -0.044694 -0.008772 0.042040 0.230894 0.234165 0.083016 0.304279 0.043160 -0.054557 -0.203510 -0.009353 -0.141518 -0.360295 -0.159524 -0.290924 -0.346492 -0.122851 -0.287331 -0.316359 -0.028864 0.190280 -0.024433 -0.053761 -0.137989 -0.018058 0.206690 0.025381 -0.116240 0.312609 0.368547 0.048042 -0.104196 0.181897 0.086570 -0.010866 -0.060264 -0.043014 -0.149133 0.162488 0.035084 0.020251 0.438921 0.052193 0.201961 -0.079090 0.004023
-0.288131 -0.427675 1.000000 0.213832 0.358130 -0.042848 0.533179 -0.128134 0.224883 -0.359551 0.063158 -0.520776 0.008163 -0.449445 0.289397 -0.386530 -0.252301 -0.320861 0.243939 -0.084404 0.203117 0.059073 0.558514 0.246310 0.469308 0.158877 0.381279 0.311607 -0.030328 -0.232174 0.469411 0.183053 -0.135745 -0.196019 0.320506 0.298898 -0.113565 -0.064221 -0.006658 0.067222 0.108502 -0.047857 -0.049799 0.009031 0.011489 0.074880 0.002466 -0.100896 0.010767 -0.155875 0.184569 -0.134135 -0.149557 -0.465832 0.063533 -0.020887 -0.375722 -0.180598 0.063535 -0.102889 -0.030121 -0.243721 -0.081050 -0.190658 0.317848 0.030114 0.244203 0.310527 -0.259836 -0.103337 0.128873 -0.001675 -0.035457 -0.223423 -0.292046 -0.105794 -0.118197 -0.068672 -0.231779 -0.166317 -0.187505 -0.086432 0.306274 0.152002 0.022206 -0.100197 0.232617 0.150948 0.427164 -0.070633 -0.329186 -0.069655 -0.217050 0.396878 0.086257 0.060592 0.155068 0.042473 -0.208597 -0.424434 -0.111077 0.132295 -0.427544 -0.121765 -0.080824 -0.199519 -0.096343 0.273489 -0.039051 -0.081636 0.183322 -0.195227 0.233223 -0.086986 -0.152225 -0.222271
-0.319231 -0.215222 0.213832 1.000000 -0.200538 -0.286460 -0.043458 -0.091126 -0.027627 -0.383124 -0.028866 -0.022415 -0.567529 -0.540630 0.049899 -0.237861 -0.029859 -0.222563 0.295636 0.436274 0.091395 -0.114993 0.647077 0.676513 0.464562 0.223821 0.328211 0.516160 -0.219745 -0.292793 0.685784 0.710236 -0.065146 -0.032682 0.002902 0.179442 -0.267120 -0.047701 0.141756 -0.145064 -0.149129 -0.189369 -0.006284 0.149191 -0.009053 0.151213 -0.040772 0.058550 -0.308981 -0.048050 0.012728 -0.104790 -0.343942 0.163467 -0.129711 -0.069418 0.060698 -0.117822 -0.394555 -0.172594 -0.559126 -0.429470 -0.182243 -0.331410 0.292358 0.072132 0.013661 0.169115 -0.106069 -0.104367 0.031822 -0.003795 -0.210330 -0.255891 -0.156737 -0.012538 -0.059459 0.145260 -0.055842 -0.100195 -0.377703 -0.303030 0.158246 0.205207 0.163145 0.367506 0.258140 0.292648 0.204103 0.227224 -0.147481 -0.075558 0.413354 0.428301 0.047222 0.255456 0.047483 -0.053517 -0.059199 -0.043346 -0.049548 0.179401 -0.121267 -0.133328 -0.022881 -0.142052 -0.048308 -0.213119 -0.222095 0.234327 0.053061 0.067830 0.167575 0.354755 -0.086911 0.138682
0.126571 -0.160898 0.358130 -0.200538 1.000000 0.260257 0.459583 -0.057125 0.618838 0.113849 0.279155 -0.094109 0.487147 -0.096312 0.615901 0.221879 -0.228195 -0.087201 -0.247766 -0.319338 -0.028499 0.112228 0.084331 -0.119477 -0.021976 -0.042712 0.145509 -0.042766 0.133212 -0.020430 -0.129372 -0.277280 -0.170292 -0.074902 0.082930 0.138148 0.103456 -0.242068 0.044026 -0.005646 0.139360 0.076667 -0.065362 -0.142693 -0.128674 -0.052898 -0.114057 -0.169502 0.232218 -0.099844 0.154024 0.046161 0.259984 -0.126696 0.113240 0.012267 -0.223493 -0.187586 0.228829 -0.098135 0.334472 -0.104963 -0.107649 -0.093998 0.117516 0.281043 -0.014233 0.042418 0.001958 -0.007341 0.142553 -0.038982 0.091701 -0.045579 0.007359 0.062556 -0.128092 -0.158447 -0.066973 0.122835 -0.025289 0.132540 0.002067 -0.238737 -0.077732 -0.364604 0.075694 -0.132099 0.121003 -0.081401 -0.152697 0.037885 -0.265777 0.133285 -0.009020 -0.318781 0.034574 0.015858 -0.139636 -0.192320 -0.205111 -0.036200 -0.226458 0.154139 -0.023605 -0.122235 -0.024314 0.136244 -0.056507 -0.115209 0.088886 -0.119291 0.149439 -0.279192 -0.108945 -0.206651
0.030159 -0.231303 -0.042848 -0.286460 0.260257 1.000000 0.159006 0.334642 0.246243 0.482259 -0.022610 0.089185 0.194449 0.219762 0.164138 0.405909 -0.362122 -0.250137 -0.367410 0.130125 0.041871 0.205028 -0.112783 0.180842 0.106853 0.441651 0.194340 0.176093 -0.278051 -0.293322 -0.194020 -0.074166 -0.129343 0.247523 0.255480 0.355707 -0.015635 -0.070041 -0.015588 0.228865 -0.016084 -0.132881 -0.280286 -0.309834 -0.340409 0.103262 -0.247982 -0.238946 -0.238623 -0.154579 -0.152229 -0.296098 -0.046359 -0.272988 0.151886 -0.108534 -0.068481 -0.171763 -0.215810 -0.231713 0.033881 0.112289 -0.243425 -0.225194 0.198749 0.425034 -0.207992 0.329911 0.210242 0.473352 0.216709 0.149474 -0.248512 -0.195142 -0.138631 -0.065579 -0.209952 0.089883 -0.218127 -0.039956 -0.005102 -0.039036 -0.019906 -0.297555 0.175878 -0.015250 0.157121 0.106453 0.328331 0.194246 0.271668 0.219822 0.231012 0.054546 -0.143630 -0.302064 -0.362897 0.035933 -0.347703 -0.266420 0.031645 -0.029057 0.129456 0.189286 0.191281 0.477255 0.134117 0.159520 -0.315058 -0.312253 0.016496 -0.249575 -0.000281 -0.188097 0.183177 -0.114171
0.030935 -0.338249 0.533179 -0.043458 0.459583 0.159006 1.000000 0.355978 0.562316 0.112973 0.226887 -0.238324 0.215317 -0.125184 0.558348 0.103258 -0.221862 -0.174251 0.172488 -0.139255 -0.090225 -0.037340 0.194039 0.104073 -0.015675 0.137082 -0.073408 -0.089401 0.132681 -0.059734 0.096896 -0.064273 -0.113763 0.108948 0.171001 0.238255 -0.118186 -0.271588 -0.398154 -0.142025 0.109159 -0.003918 -0.150126 -0.244806 -0.125208 0.149977 -0.104158 -0.177486 -0.139464 -0.111914 -0.025012 -0.144658 -0.093699 -0.118626 -0.142082 -0.146030 -0.214357 -0.168608 0.008013 -0.260587 0.167773 0.164416 0.014833 -0.065663 0.548868 0.233458 -0.205648 0.025414 -0.168207 0.114233 -0.066675 -0.158153 0.037737 -0.127175 -0.074202 0.028120 -0.072980 -0.022854 -0.192261 -0.085448 0.012241 0.012582 0.355183 0.275401 0.103267 -0.211650 -0.058585 0.119144 0.357181 -0.039874 -0.066699 0.097244 -0.086068 0.254544 -0.236314 -0.205654 -0.295848 -0.258324 -0.318188 -0.428323 0.088835 0.137206 -0.208956 -0.010633 -0.001693 -0.033141 -0.171748 0.287920 -0.242528 -0.341475 -0.131748 -0.041516 0.111200 -0.294071 -0.114713 -0.265998
-0.037852 -0.244344 -0.128134 -0.091126 -0.057125 0.334642 0.355978 1.000000 0.242244 0.717387 0.019111 0.229112 0.034039 0.427433 0.060395 0.401717 -0.067328 -0.069404 0.028895 0.008505 -0.112094 -0.044990 -0.325635 0.051346 -0.338428 0.261242 -0.394477 -0.244537 -0.040973 -0.013822 -0.175743 -0.108775 0.094163 0.417297 -0.124623 0.027907 -0.034961 -0.072156 -0.419538 -0.341520 -0.155151 -0.113809 -0.088918 -0.122341 -0.073397 0.227417 -0.042151 -0.057523 -0.228869 0.177395 -0.266674 -0.008320 -0.164628 -0.037523 -0.315186 -0.103360 -0.162736 -0.365559 -0.151620 -0.097240 0.022634 0.352195 -0.082796 -0.034309 0.257892 0.393872 -0.271813 0.022588 -0.182519 0.243489 -0.020546 0.087078 -0.101395 -0.122076 -0.044529 0.061099 -0.129934 0.066463 -0.156889 -0.154873 -0.092329 -0.177716 0.117652 -0.041089 0.162901 0.011425 -0.033022 0.026381 -0.027927 -0.017292 0.301811 0.226221 0.316480 0.018831 -0.428578 -0.163753 -0.483397 -0.164326 -0.240637 -0.252429 0.178324 0.122213 0.211011 -0.130214 0.096697 0.154247 -0.403860 -0.021433 -0.207240 -0.238447 -0.324051 0.010945 -0.086066 -0.114069 0.105667 0.126572
-0.015470 -0.174504 0.224883 -0.027627 0.618838 0.246243 0.562316 0.242244 1.000000 0.331118 0.085869 -0.135471 0.135687 -0.123139 0.535719 0.290142 -0.254529 -0.159832 -0.096818 -0.012042 0.048838 0.150833 0.196295 0.209023 0.020920 0.135185 0.023070 0.030048 -0.026132 -0.110770 -0.006036 -0.093137 -0.177356 0.124811 -0.103260 0.191870 -0.061259 -0.334488 -0.223834 -0.051425 -0.062405 -0.196904 -0.031557 -0.064998 -0.137388 0.218930 -0.019609 -0.038581 -0.179645 -0.026311 -0.165387 -0.103522 -0.045938 0.085213 -0.132311 0.001106 -0.125503 -0.067500 -0.088090 -0.268249 0.035167 0.123529 -0.144093 -0.110678 0.354709 0.266107 -0.340317 -0.061621 -0.123540 0.235731 0.149528 0.041467 -0.079864 -0.089699 -0.131153 0.138135 -0.078529 -0.045418 -0.191304 -0.042622 -0.224255 -0.107520 0.091908 -0.203193 -0.179515 -0.340144 0.129202 -0.034239 0.239328 -0.188586 0.159067 0.366206 0.125506 0.389229 -0.024843 -0.366589 -0.108996 -0.022298 -0.120746 -0.024566 0.108875 0.023256 -0.058320 0.196835 0.108221 0.086344 -0.009105 0.087876 -0.111386 0.015504 -0.029875 0.258847 0.271762 -0.096484 -0.033595 -0.101740
0.122321 0.068990 -0.359551 -0.383124 0.113849 0.482259 0.112973 0.717387 0.331118 1.000000 0.032298 0.352801 0.200050 0.577690 -0.008657 0.601528 -0.151496 0.048531 -0.255314 0.029486 -0.200256 0.118858 -0.433718 -0.050934 -0.287824 0.330748 -0.275241 -0.226642 -0.060230 -0.041550 -0.362104 -0.220665 -0.050413 0.355181 -0.088721 0.114081 -0.000821 -0.106732 -0.302896 -0.119104 -0.139056 -0.124850 -0.126409 -0.110888 -0.211075 0.156101 -0.113955 -0.028278 -0.191202 0.083164 -0.348395 -0.051354 -0.103884 -0.028250 -0.067027 -0.038718 -0.039931 -0.135495 -0.228397 -0.112033 0.105463 0.341969 -0.159379 -0.037675 0.081709 0.455806 -0.394300 -0.053526 -0.085695 0.383176 -0.006866 0.170524 -0.138187 -0.031801 0.008011 0.141134 -0.138722 0.022746 -0.116991 -0.093772 -0.080844 -0.091420 -0.025486 -0.379724 -0.018085 -0.109003 -0.007723 -0.082168 0.048567 0.040140 0.469078 0.272239 0.296757 -0.090360 -0.306574 -0.218721 -0.379172 -0.066598 -0.204004 -0.099056 0.159882 -0.059027 0.249130 0.095599 0.097263 0.301110 -0.229135 -0.059630 -0.112932 -0.172159 -0.169455 0.101735 -0.042923 -0.099439 0.122977 0.099174
0.435135 0.164037 0.063158 -0.028866 0.279155 -0.022610 0.226887 0.019111 0.085869 0.032298 1.000000 0.430038 0.528166 0.308943 0.412708 0.351255 0.183332 0.145248 -0.059713 -0.045191 -0.316581 -0.283875 0.032163 -0.033119 -0.322046 -0.296808 -0.224378 -0.205900 0.209302 -0.040022 -0.057215 -0.229834 0.100851 0.125427 -0.044419 0.002376 -0.187784 -0.141409 -0.181855 -0.286337 -0.205583 -0.073656 -0.357829 -0.414921 -0.265778 -0.232456 -0.382505 -0.398131 0.066202 -0.221479 -0.132115 -0.185840 0.217583 -0.106137 0.063783 -0.507103 -0.065086 0.183460 0.154172 0.001680 0.420547 0.192831 0.305271 0.199080 0.227866 0.215013 -0.204412 -0.125319 0.109039 -0.026449 0.018465 -0.040574 0.045842 -0.087126 0.228629 0.077382 0.196685 -0.007134 0.125740 0.049109 0.073286 0.209934 0.119776 0.063810 0.207338 -0.021060 -0.005211 -0.136294 -0.023473 0.188795 -0.104633 0.104206 -0.038214 0.147367 -0.289320 0.167378 -0.400839 -0.364394 -0.317326 -0.239719 -0.286708 -0.111152 -0.184532 -0.078437 -0.227487 -0.226633 -0.011465 -0.148536 -0.004885 -0.089481 -0.335550 -0.098550 -0.202277 -0.197170 0.054144 0.059326
0.350161 0.403080 -0.520776 -0.022415 -0.094109 0.089185 -0.238324 0.229112 -0.135471 0.352801 0.430038 1.000000 0.240176 0.619319 0.037333 0.628037 0.253603 0.288787 -0.142925 0.102606 -0.379601 -0.262560 -0.356204 -0.042188 -0.449997 -0.181788 -0.401564 -0.239534 0.036896 0.042099 -0.340410 -0.224810 0.311696 0.260447 -0.324564 -0.234846 -0.208830 -0.044151 -0.186352 -0.340179 -0.303288 0.006446 -0.242724 -0.259764 -0.174850 -0.156142 -0.227911 -0.239353 0.059941 0.137323 -0.148672 0.006079 0.205522 0.118416 0.028789 -0.245888 0.092495 0.067152 0.062668 0.134082 0.275223 0.284664 0.233455 0.213763 0.023188 0.215382 -0.235345 -0.171668 0.230145 0.044437 -0.013065 0.106179 -0.129315 0.101155 0.181982 0.195422 0.001615 0.119593 0.171223 0.060804 0.022793 0.018543 -0.380821 -0.193863 0.085121 -0.022754 -0.072775 -0.299621 -0.268821 0.104410 0.096604 0.101874 0.207069 -0.103869 -0.199655 0.148867 -0.417167 -0.126782 -0.115523 0.058446 -0.145376 0.040796 0.000817 -0.112776 -0.146387 -0.108373 -0.219274 -0.200058 -0.127887 -0.052846 -0.261989 0.023918 -0.292102 0.069068 0.187392 0.214075
0.468166 0.066484 0.008163 -0.567529 0.487147 0.194449 0.215317 0.034039 0.135687 0.200050 0.528166 0.240176 1.000000 0.502074 0.288823 0.406192 0.220353 0.449317 -0.177870 -0.466266 -0.298611 -0.159520 -0.409451 -0.544456 -0.517177 -0.355222 -0.359135 -0.446850 0.414536 0.258638 -0.486795 -0.541342 0.240104 0.131136 -0.024083 -0.124218 0.087286 0.041729 -0.109802 -0.141805 0.070245 0.171736 -0.242745 -0.439695 -0.270176 -0.349430 -0.226113 -0.426966 0.302151 -0.202823 -0.000302 -0.063670 0.442640 -0.311436 0.139430 -0.317010 -0.090359 0.197186 0.468184 0.154557 0.820104 0.312857 0.389114 0.458082 -0.061325 0.094450 -0.057043 -0.142734 0.088917 -0.179890 -0.037404 -0.010972 0.304844 0.273951 0.378196 0.087326 0.176911 -0.154284 0.159817 0.235464 0.283688 0.459513 -0.174233 -0.198588 -0.110568 -0.383374 -0.146099 -0.443333 -0.195081 -0.128388 -0.079946 -0.045403 -0.390480 -0.211592 -0.147746 -0.084738 -0.228805 -0.099613 -0.290829 -0.231937 -0.229155 -0.237271 -0.158817 -0.076449 -0.142620 -0.176483 -0.008740 0.035635 0.053460 -0.136809 -0.265328 -0.185957 -0.310347 -0.432142 0.082497 0.044156
0.451508 0.363595 -0.449445 -0.540630 -0.096312 0.219762 -0.125184 0.427433 -0.123139 0.577690 0.308943 0.619319 0.502074 1.000000 -0.198082 0.495618 0.258922 0.375839 -0.184063 -0.174154 -0.395403 -0.221380 -0.712483 -0.463555 -0.660813 -0.229201 -0.637627 -0.538156 0.179564 0.161572 -0.657862 -0.533174 0.343208 0.390658 -0.218720 -0.103845 -0.071601 -0.020996 -0.239157 -0.290669 -0.171089 0.023283 -0.214873 -0.293359 -0.097741 -0.080036 -0.204194 -0.249416 0.089113 0.095240 -0.286996 -0.022566 0.229579 -0.128478 0.001104 -0.263872 0.114280 0.182878 0.208392 0.247631 0.540154 0.591700 0.377502 0.491859 -0.108394 0.197757 -0.193200 -0.170151 0.022878 0.103024 -0.033351 0.113151 0.078131 0.179244 0.247303 0.151281 0.087260 0.075762 0.079753 0.001441 0.194163 0.134141 -0.340656 -0.256170 -0.026737 -0.240877 -0.269319 -0.356839 -0.310592 -0.025650 0.254688 0.092376 -0.014197 -0.336098 -0.378411 0.001724 -0.490061 -0.239658 -0.105926 -0.021385 -0.014680 -0.043057 0.270105 -0.053822 -0.023431 0.043325 -0.160532 -0.080727 -0.058347 -0.177747 -0.320401 -0.021262 -0.369345 -0.111843 0.206079 0.147913
0.149107 -0.239953 0.289397 0.049899 0.615901 0.164138 0.558348 0.060395 0.535719 -0.008657 0.412708 0.037333 0.288823 -0.198082 1.000000 0.337941 -0.126337 -0.101623 -0.046776 -0.097234 -0.195280 -0.059881 0.324938 0.170087 0.015499 0.040797 0.112083 0.010827 0.010113 -0.117947 0.090965 -0.107541 -0.143803 0.091901 0.025196 0.107080 0.038260 -0.206998 -0.160511 -0.135257 -0.017862 -0.047423 -0.170154 -0.254571 -0.346484 -0.284436 -0.161872 -0.218212 0.032111 -0.194679 0.156399 -0.023151 0.162721 0.036514 0.092726 -0.079911 -0.048778 -0.097937 0.099241 -0.282470 0.158852 -0.078991 -0.030782 -0.187242 0.418953 0.292913 -0.300385 -0.050041 0.132207 0.080450 0.150772 -0.231524 -0.134349 -0.045342 0.073880 0.064129 -0.127527 -0.150198 0.085684 0.170179 0.000538 0.155058 0.248030 0.108160 0.100787 -0.114288 0.093795 -0.023233 0.299212 0.176620 -0.129630 0.143587 -0.092650 0.300496 -0.102843 -0.287148 -0.108208 -0.133248 -0.189915 -0.152351 -0.270823 -0.120092 -0.332717 0.015033 -0.199228 -0.244303 -0.217925 0.061183 0.024642 -0.204481 -0.172804 -0.158466 0.064199 -0.222491 0.083412 -0.042947
0.316422 0.089993 -0.386530 -0.237861 0.221879 0.405909 0.103258 0.401717 0.290142 0.601528 0.351255 0.628037 0.406192 0.495618 0.337941 1.000000 -0.005366 0.105696 -0.212685 -0.011579 -0.285910 -0.004191 -0.274206 0.062245 -0.312881 0.120006 -0.253625 -0.133968 0.017199 -0.018133 -0.303368 -0.188550 0.029993 0.252412 -0.185051 0.027796 -0.004558 -0.099315 -0.231286 -0.062409 -0.093242 0.035414 -0.432349 -0.465497 -0.381977 -0.130948 -0.348614 -0.333640 -0.183137 -0.062342 -0.350748 -0.196153 0.087403 0.017896 0.053706 -0.174843 0.134273 -0.051614 -0.071638 -0.105055 0.274900 0.333304 0.047895 0.071816 0.215934 0.517068 -0.457340 -0.061178 0.208495 0.284498 -0.056002 0.050411 -0.225161 0.012431 0.182569 0.180627 -0.058560 0.027577 0.161278 0.178881 0.073814 0.149266 -0.053163 -0.199032 0.078930 -0.046449 -0.038404 -0.136181 0.010823 0.244929 0.229273 0.206543 0.284340 -0.023862 -0.298995 -0.281053 -0.412843 -0.179963 -0.311534 -0.149728 -0.026811 -0.084966 -0.103464 0.029935 0.008539 0.113603 -0.107145 -0.094071 -0.086001 -0.178869 -0.307342 -0.026589 -0.211857 -0.195329 0.059794 0.041389
0.294133 0.072639 -0.252301 -0.029859 -0.228195 -0.362122 -0.221862 -0.067328 -0.254529 -0.151496 0.183332 0.253603 0.220353 0.258922 -0.126337 -0.005366 1.000000 0.674544 0.064844 -0.099327 -0.203229 -0.229009 -0.250877 -0.318389 -0.364816 -0.345312 -0.319630 -0.333270 0.505475 0.498729 -0.076000 -0.073132 0.229921 0.162204 -0.324538 -0.367413 0.273545 0.274064 0.004958 -0.255831 -0.124190 0.430203 -0.130769 -0.215216 0.023611 -0.243558 -0.138623 -0.244780 0.068759 -0.049473 -0.144583 0.002315 0.142246 0.021058 0.169386 -0.225982 0.226833 0.299567 0.095939 -0.029614 0.210246 -0.017859 0.594107 0.419554 -0.158729 -0.238108 -0.107282 -0.449435 -0.035223 -0.268254 -0.079463 -0.079152 0.409782 0.344900 0.361177 0.269770 0.123844 0.023359 0.627996 0.402246 0.447818 0.506311 -0.137775 0.229732 0.007356 -0.012728 -0.338103 -0.187807 -0.429937 -0.115786 -0.138869 -0.207524 -0.284304 -0.274448 -0.040739 0.264120 -0.168384 -0.065288 0.131521 0.214078 -0.189221 -0.211025 0.059826 -0.405735 -0.312619 -0.339638 -0.037274 -0.314714 0.121085 0.171853 -0.419583 -0.160529 -0.469516 -0.135121 0.130497 0.321600
0.422776 0.247288 -0.320861 -0.222563 -0.087201 -0.250137 -0.174251 -0.069404 -0.159832 0.048531 0.145248 0.288787 0.449317 0.375839 -0.101623 0.105696 0.674544 1.000000 0.102505 -0.090073 -0.289085 -0.274409 -0.409094 -0.512954 -0.526273 -0.423637 -0.455557 -0.556366 0.544548 0.604002 -0.245907 -0.309704 0.323889 0.211047 -0.367914 -0.373838 0.224275 0.274191 -0.044842 -0.171289 0.102910 0.395109 -0.171836 -0.295954 -0.191262 -0.412339 -0.192030 -0.322678 0.022816 -0.217246 -0.183386 -0.094488 0.176236 0.010047 0.191856 -0.236101 0.275536 0.488794 0.155406 -0.019979 0.420796 0.109506 0.610554 0.604690 -0.168196 -0.242235 -0.097253 -0.472450 0.135634 -0.206612 0.007323 0.024311 0.525321 0.553540 0.398116 0.287849 0.207691 0.072788 0.474537 0.390095 0.508288 0.538220 -0.185232 0.107110 -0.081159 -0.209495 -0.298500 -0.326619 -0.389056 -0.156417 0.010293 -0.191612 -0.326709 -0.391466 -0.122613 0.093062 -0.227008 -0.057683 0.020799 0.164104 -0.300189 -0.340046 0.085971 -0.271074 -0.167951 -0.235458 -0.117135 -0.217411 0.221155 0.006118 -0.348377 -0.053237 -0.259202 -0.120697 0.054621 0.237413
-0.091560 -0.144689 0.243939 0.295636 -0.247766 -0.367410 0.172488 0.028895 -0.096818 -0.255314 -0.059713 -0.142925 -0.177870 -0.184063 -0.046776 -0.212685 0.064844 0.102505 1.000000 0.213352 0.052200 -0.037553 0.194297 0.091772 0.057445 -0.004237 -0.146684 -0.014819 0.206850 0.187457 0.361496 0.287018 0.235173 0.055694 -0.019407 0.028618 -0.140495 0.100487 -0.281840 -0.115788 0.164211 0.102666 -0.035657 0.021000 0.106273 0.044740 0.009564 -0.137669 -0.099936 0.067660 0.010168 -0.068006 -0.196807 0.008820 -0.221018 0.014514 0.029283 -0.112230 0.013697 -0.069358 -0.141147 -0.131554 0.218497 0.085753 0.299797 -0.176303 0.241859 0.072608 -0.197626 -0.247430 0.031547 0.003666 0.231929 0.237808 0.141126 0.260047 0.191749 0.151569 -0.068072 -0.109268 -0.003035 -0.100726 0.221409 0.346829 -0.000691 0.060313 -0.036988 0.034590 0.006924 -0.123169 -0.292280 -0.210828 -0.080211 -0.073425 -0.103990 0.036534 -0.035128 -0.286277 -0.094301 -0.204738 0.170767 -0.010408 -0.009825 -0.127442 0.055595 -0.255963 -0.308088 -0.035070 -0.061421 -0.127512 -0.071117 -0.049879 0.103532 -0.105281 -0.273985 0.221979
-0.187494 -0.043729 -0.084404 0.436274 -0.319338 0.130125 -0.139255 0.008505 -0.012042 0.029486 -0.045191 0.102606 -0.466266 -0.174154 -0.097234 -0.011579 -0.099327 -0.090073 0.213352 1.000000 0.107268 0.070261 0.326395 0.520241 0.304505 0.317749 0.184158 0.235585 -0.200711 -0.193640 0.430379 0.359797 -0.237136 0.079936 0.020315 0.251184 -0.109981 0.080410 -0.079635 0.228358 -0.051620 -0.134758 -0.249896 -0.095156 -0.328373 0.062100 -0.209770 -0.094079 -0.489036 -0.234615 -0.363071 -0.459521 -0.412192 0.065047 0.135725 -0.155150 0.176251 0.141744 -0.591814 -0.418838 -0.472237 -0.251905 -0.286780 -0.317414 0.310037 -0.015460 -0.279122 0.139414 0.230627 0.406493 0.316175 0.082851 -0.129521 -0.172753 -0.194982 0.232825 0.023144 0.370770 -0.102992 -0.032023 -0.118731 -0.215282 0.345499 0.197539 0.267335 0.342077 0.186266 0.302971 0.270809 0.292365 0.275822 0.227193 0.449063 0.229238 0.175909 0.116219 -0.193539 0.061872 -0.143538 -0.038676 0.177477 0.002549 0.091929 0.207031 0.297373 0.333604 0.190699 0.009193 -0.226008 0.131205 0.081841 0.064641 0.074406 0.340224 -0.056105 0.149285
-0.421589 -0.224616 0.203117 0.091395 -0.028499 0.041871 -0.090225 -0.112094 0.048838 -0.200256 -0.316581 -0.379601 -0.298611 -0.395403 -0.195280 -0.285910 -0.203229 -0.289085 0.052200 0.107268 1.000000 0.524396 0.077731 0.168832 0.346859 0.186906 0.413059 0.323895 -0.070333 -0.178387 0.306525 0.177658 -0.000379 -0.090894 0.100625 0.082786 0.232601 0.256385 0.118886 0.311544 0.259770 0.043017 0.063803 0.079497 -0.023457 0.055443 0.116931 0.080132 -0.099729 -0.124379 -0.093756 -0.114588 -0.177761 -0.136611 -0.118409 0.120228 -0.249761 -0.207862 -0.005430 0.000431 -0.155154 -0.087962 -0.288095 -0.209784 -0.118708 -0.084692 0.314798 0.273692 -0.072091 0.012944 0.326295 0.120231 -0.055446 -0.220810 -0.334172 0.053288 0.022052 0.137305 -0.109516 -0.095062 -0.122979 -0.133843 0.158251 0.002007 0.031506 0.073647 0.143115 0.217870 0.032513 -0.215606 -0.068468 -0.006683 0.042693 0.088327 0.180118 -0.212884 0.188220 0.248556 0.010372 -0.082643 0.107039 0.059196 -0.105945 0.273471 0.206546 0.164437 0.032237 0.207527 -0.038223 -0.035775 0.329239 -0.073577 0.018207 0.110329 0.000183 -0.059230
-0.231389 -0.253585 0.059073 -0.114993 0.112228 0.205028 -0.037340 -0.044990 0.150833 0.118858 -0.283875 -0.262560 -0.159520 -0.221380 -0.059881 -0.004191 -0.229009 -0.274409 -0.037553 0.070261 0.524396 1.000000 0.064088 0.116345 0.409596 0.556790 0.443590 0.414216 -0.096899 -0.012383 0.139126 0.104186 -0.370870 -0.072637 0.304509 0.300091 0.244429 0.149865 0.043614 0.429466 0.274618 0.180547 0.074831 0.038667 -0.196311 0.020960 0.040141 0.039393 -0.301033 -0.286376 -0.140614 -0.215932 -0.175499 -0.023849 0.050086 0.171382 -0.050684 -0.205792 -0.216398 -0.363540 -0.252945 -0.205703 -0.393205 -0.296573 -0.110966 0.117413 -0.079718 0.202710 -0.112550 0.127327 0.281754 0.284096 -0.050619 -0.043361 -0.208940 0.148877 -0.151765 0.086964 -0.054094 0.066962 0.025229 0.023087 0.115552 -0.089515 0.007503 0.136689 0.134675 0.336610 0.203151 0.031198 0.143153 -0.012336 0.011773 -0.011153 0.232472 -0.278814 0.154775 0.234630 -0.014845 -0.113159 0.018813 0.009844 -0.108790 0.159606 0.125432 0.174074 -0.042066 0.199348 0.046368 -0.095903 0.211122 -0.253616 -0.022662 -0.097633 -0.177925 -0.158082
-0.335971 -0.326745 0.558514 0.647077 0.084331 -0.112783 0.194039 -0.325635 0.196295 -0.433718 0.032163 -0.356204 -0.409451 -0.712483 0.324938 -0.274206 -0.250877 -0.409094 0.194297 0.326395 0.077731 0.064088 1.000000 0.740083 0.727450 0.342107 0.612105 0.634965 -0.358673 -0.458387 0.741049 0.617218 -0.385657 -0.108091 0.376766 0.437149 -0.334660 -0.216597 0.109528 0.190847 -0.163843 -0.226301 -0.053970 0.100654 -0.110015 0.122385 -0.112109 0.050497 -0.259029 -0.252553 0.088366 -0.188060 -0.340761 -0.136913 0.047114 -0.090095 0.000592 -0.028748 -0.349930 -0.280535 -0.512033 -0.480605 -0.270553 -0.414531 0.372679 0.156698 -0.020052 0.315905 -0.095906 0.062656 0.166261 0.053330 -0.361916 -0.292049 -0.303409 -0.105284 -0.083129 0.072383 -0.122497 -0.067296 -0.331131 -0.191856 0.274786 0.120900 0.050552 0.189375 0.310677 0.272663 0.555073 0.246630 -0.157974 0.088852 0.215979 0.631592 0.208162 0.133279 0.225291 -0.054065 -0.178925 -0.134180 -0.046668 0.178209 -0.312220 0.071310 -0.054436 -0.038302 0.151030 -0.017156 -0.072850 0.141856 0.258470 -0.011267 0.231623 0.175970 -0.064453 -0.025604
-0.410256 -0.279812 0.246310 0.676513 -0.119477 0.180842 0.104073 0.051346 0.209023 -0.050934 -0.033119 -0.042188 -0.544456 -0.463555 0.170087 0.062245 -0.318389 -0.512954 0.091772 0.520241 0.168832 0.116345 0.740083 1.000000 0.629107 0.573882 0.530017 0.707486 -0.532683 -0.603280 0.589180 0.660922 -0.355729 -0.023689 0.199401 0.447551 -0.377585 -0.159809 -0.011972 0.177305 -0.264928 -0.236674 -0.179225 0.012865 -0.204416 0.279002 -0.203151 0.039163 -0.474356 -0.129607 -0.171941 -0.283954 -0.448499 -0.051095 -0.039249 -0.079269 0.021465 -0.186328 -0.538757 -0.268652 -0.616829 -0.265387 -0.386166 -0.512608 0.424754 0.350490 -0.218740 0.379884 -0.066140 0.346644 0.125163 0.145554 -0.581069 -0.401579 -0.358540 -0.093601 -0.189663 0.222239 -0.205816 -0.189435 -0.430786 -0.382977 0.201771 -0.047807 0.146034 0.322803 0.332365 0.391163 0.504479 0.350621 0.121677 0.308072 0.588238 0.597314 0.008809 0.023192 -0.056094 -0.048733 -0.239696 -0.134340 0.081110 0.203660 -0.168627 0.082830 0.110400 0.201862 0.065308 -0.089544 -0.271040 0.013920 0.121577 0.034056 0.118041 0.207647 0.098794 0.042124
-0.538884 -0.341317 0.469308 0.464562 -0.021976 0.106853 -0.015675 -0.338428 0.020920 -0.287824 -0.322046 -0.449997 -0.517177 -0.660813 0.015499 -0.312881 -0.364816 -0.526273 0.057445 0.304505 0.346859 0.409596 0.727450 0.629107 1.000000 0.612464 0.853948 0.812697 -0.419069 -0.484173 0.665650 0.643938 -0.454938 -0.218522 0.474297 0.548684 -0.112993 0.018298 0.241248 0.482917 0.028848 -0.115649 0.064786 0.252345 -0.073734 0.151804 0.003626 0.205236 -0.268733 -0.247524 0.119798 -0.193143 -0.439527 -0.201185 0.088346 0.181446 -0.093412 -0.173658 -0.425251 -0.288799 -0.656291 -0.518585 -0.468614 -0.516170 0.112233 0.147937 0.085941 0.408574 -0.160486 0.050841 0.207622 0.135938 -0.391364 -0.305685 -0.399413 -0.013379 -0.152896 0.120019 -0.230423 -0.117704 -0.344900 -0.278721 0.271857 -0.019927 -0.023874 0.253002 0.434069 0.395877 0.575407 0.206148 -0.072720 -0.098194 0.234144 0.414213 0.294630 -0.011358 0.368262 0.144972 -0.104432 -0.162764 0.059660 0.061419 -0.218779 0.080023 0.040628 0.153313 0.196162 0.157923 -0.038466 0.073532 0.483679 -0.146436 0.286623 0.195670 -0.136465 -0.171170
-0.398538 -0.431701 0.158877 0.223821 -0.042712 0.441651 0.137082 0.261242 0.135185 0.330748 -0.296808 -0.181788 -0.355222 -0.229201 0.040797 0.120006 -0.345312 -0.423637 -0.004237 0.317749 0.186906 0.556790 0.342107 0.573882 0.612464 1.000000 0.542884 0.680734 -0.407302 -0.421850 0.342735 0.528945 -0.498593 0.149503 0.429658 0.664818 -0.041561 -0.030163 -0.109340 0.325315 0.007123 -0.029440 -0.186757 -0.038756 -0.328365 0.266275 -0.181864 -0.023985 -0.536893 -0.248158 -0.181558 -0.359451 -0.474448 -0.175944 0.018509 0.063884 0.005765 -0.282221 -0.598387 -0.467497 -0.533010 -0.283847 -0.507062 -0.523203 0.297526 0.457470 -0.261040 0.437569 -0.184188 0.372665 0.053364 0.141647 -0.426135 -0.355337 -0.403570 0.012972 -0.368345 0.156216 -0.192983 -0.085113 -0.121969 -0.170543 0.282415 -0.084531 0.200106 0.328771 0.257861 0.532229 0.558033 0.355320 0.239242 0.057937 0.401770 0.209944 0.009919 -0.128430 -0.115747 0.070130 -0.354084 -0.365076 0.078257 0.059378 -0.075049 0.102457 0.264499 0.405207 -0.037367 0.137718 -0.154927 -0.164419 0.131592 -0.225057 0.063220 0.053392 0.033113 -0.059683
-0.425467 -0.296265 0.381279 0.328211 0.145509 0.194340 -0.073408 -0.394477 0.023070 -0.275241 -0.224378 -0.401564 -0.359135 -0.637627 0.112083 -0.253625 -0.319630 -0.455557 -0.146684 0.184158 0.413059 0.443590 0.612105 0.530017 0.853948 0.542884 1.000000 0.786258 -0.389683 -0.476168 0.530183 0.500215 -0.417111 -0.224731 0.424191 0.444806 0.028882 0.066673 0.331016 0.566575 0.053527 0.002716 0.050158 0.169540 -0.103025 0.050061 -0.013005 0.119571 -0.164514 -0.216196 0.174485 -0.100861 -0.268263 -0.214084 0.139157 0.185386 -0.094543 -0.187932 -0.332673 -0.240604 -0.534706 -0.541551 -0.450331 -0.515767 0.025686 0.196831 0.120757 0.412949 0.006372 0.093211 0.196903 0.046442 -0.367291 -0.295453 -0.358032 -0.100873 -0.290379 -0.091889 -0.096654 0.091475 -0.248785 -0.146912 0.189311 -0.139228 0.037489 0.239233 0.479827 0.384209 0.480627 0.234263 -0.132325 -0.149893 0.084073 0.295854 0.355086 -0.064584 0.398015 0.262839 -0.094175 -0.127785 -0.026953 0.049120 -0.251550 0.122747 -0.013738 0.128133 0.240844 0.035938 0.007603 0.057533 0.408743 -0.263001 0.155599 0.046061 -0.016585 -0.136802
-0.444524 -0.312239 0.311607 0.516160 -0.042766 0.176093 -0.089401 -0.244537 0.030048 -0.226642 -0.205900 -0.239534 -0.446850 -0.538156 0.010827 -0.133968 -0.333270 -0.556366 -0.014819 0.235585 0.323895 0.414216 0.634965 0.707486 0.812697 0.680734 0.786258 1.000000 -0.541820 -0.625626 0.480134 0.626642 -0.381632 -0.143801 0.361601 0.552513 -0.219015 -0.050323 0.201435 0.405713 -0.123983 -0.165312 -0.089078 0.088744 -0.152589 0.211934 -0.103682 0.041917 -0.334601 -0.158184 0.032406 -0.194648 -0.306772 -0.114046 0.051256 0.114573 0.052121 -0.170275 -0.393642 -0.135549 -0.573300 -0.398914 -0.435087 -0.515064 0.163284 0.278882 0.043157 0.497426 -0.125119 0.103045 0.069592 0.128859 -0.550900 -0.414858 -0.429270 -0.159221 -0.281803 0.037882 -0.217569 -0.145399 -0.350881 -0.293073 0.066231 -0.147033 0.021767 0.334611 0.425092 0.450277 0.452003 0.325655 -0.046859 0.013688 0.370513 0.387744 0.189655 0.042507 0.163754 0.128299 -0.205656 -0.206739 -0.019392 0.109561 -0.212049 0.073542 0.136244 0.204061 0.166076 0.116019 -0.168157 0.002449 0.302569 -0.104941 0.119581 0.160693 -0.005148 -0.099547
0.220294 -0.036843 -0.030328 -0.219745 0.133212 -0.278051 0.132681 -0.040973 -0.026132 -0.060230 0.209302 0.036896 0.414536 0.179564 0.010113 0.017199 0.505475 0.544548 0.206850 -0.200711 -0.070333 -0.096899 -0.358673 -0.532683 -0.419069 -0.407302 -0.389683 -0.541820 1.000000 0.707124 -0.045548 -0.119951 0.275098 0.012690 -0.166198 -0.357026 0.422378 0.134023 -0.123215 -0.308886 0.223828 0.459347 -0.098742 -0.227634 0.035901 -0.212695 -0.102864 -0.309012 0.122914 -0.112618 -0.160867 -0.059382 0.115335 0.048206 0.012712 -0.276085 -0.119171 0.066155 0.172454 -0.160304 0.387082 -0.003567 0.396241 0.350854 0.017276 -0.309598 0.066337 -0.423642 0.000963 -0.292388 -0.116550 -0.129107 0.789019 0.415617 0.456291 0.269890 0.115492 -0.182197 0.523953 0.486367 0.534152 0.644788 0.170035 0.406685 0.123560 -0.061915 -0.266419 -0.216865 -0.292888 -0.279460 -0.303112 -0.393078 -0.462041 -0.516787 -0.039566 0.039796 -0.169178 -0.003918 -0.027308 -0.088427 -0.169911 -0.172679 -0.205731 -0.285957 -0.257217 -0.352710 -0.047673 -0.132117 0.113289 0.100733 -0.377268 -0.171528 -0.285589 -0.256387 -0.195624 0.121018
0.326602 0.121208 -0.232174 -0.292793 -0.020430 -0.293322 -0.059734 -0.013822 -0.110770 -0.041550 -0.040022 0.042099 0.258638 0.161572 -0.117947 -0.018133 0.498729 0.604002 0.187457 -0.193640 -0.178387 -0.012383 -0.458387 -0.603280 -0.484173 -0.421850 -0.476168 -0.625626 0.707124 1.000000 -0.196458 -0.301695 0.180185 -0.139494 -0.387994 -0.578514 0.423071 0.365906 -0.053619 -0.203398 0.354791 0.499861 0.141739 0.002489 0.117074 -0.248513 0.132439 -0.058145 0.197004 0.011343 -0.027517 0.108388 0.199914 0.289495 0.029540 0.058528 0.075393 0.049228 0.214491 -0.149074 0.234040 -0.008332 0.362712 0.310492 -0.290768 -0.505652 -0.039825 -0.602632 0.045747 -0.261318 -0.059058 -0.061468 0.715435 0.616586 0.463679 0.257488 0.181632 -0.056591 0.487060 0.384852 0.534259 0.526702 -0.018963 0.329746 -0.014897 -0.100071 -0.384007 -0.208902 -0.502314 -0.221459 -0.082678 -0.262357 -0.452653 -0.549345 0.082817 0.093879 0.005717 0.058443 0.305538 0.175019 -0.150955 -0.318474 0.086718 -0.323629 -0.184401 -0.315778 -0.089739 -0.157005 0.244173 0.173557 -0.323309 -0.063013 -0.109110 -0.234223 -0.292914 0.033659
-0.424696 -0.359863 0.469411 0.685784 -0.129372 -0.194020 0.096896 -0.175743 -0.006036 -0.362104 -0.057215 -0.340410 -0.486795 -0.657862 0.090965 -0.303368 -0.076000 -0.245907 0.361496 0.430379 0.306525 0.139126 0.741049 0.589180 0.665650 0.342735 0.530183 0.480134 -0.045548 -0.196458 1.000000 0.747740 -0.210978 -0.122606 0.238553 0.310891 -0.076590 0.018577 0.137316 0.097618 -0.035805 -0.095887 -0.073059 0.128443 -0.028821 0.122880 -0.024771 -0.001415 -0.377642 -0.263507 -0.064456 -0.314847 -0.543363 -0.147995 -0.053731 -0.065304 -0.114199 -0.094293 -0.476213 -0.427047 -0.581228 -0.528875 -0.255051 -0.391554 0.365348 0.070906 0.042577 0.245525 -0.177145 -0.015810 0.161148 -0.009000 -0.105461 -0.286197 -0.262485 0.022687 -0.033625 0.085706 0.073826 0.079653 -0.175865 -0.059202 0.556340 0.354359 0.241408 0.402013 0.305565 0.400698 0.430887 0.203871 -0.267827 -0.209089 0.160034 0.308842 0.145263 0.173232 0.191402 -0.007237 -0.172759 -0.224828 -0.036417 -0.035017 -0.263662 -0.116707 -0.081242 -0.105995 0.085817 -0.175278 -0.052635 0.203303 0.235383 -0.123855 0.145243 0.150025 -0.155354 0.095231
-0.452778 -0.338437 0.183053 0.710236 -0.277280 -0.074166 -0.064273 -0.108775 -0.093137 -0.220665 -0.229834 -0.224810 -0.541342 -0.533174 -0.107541 -0.188550 -0.073132 -0.309704 0.287018 0.359797 0.177658 0.104186 0.617218 0.660922 0.643938 0.528945 0.500215 0.626642 -0.119951 -0.301695 0.747740 1.000000 -0.242007 0.024368 0.296150 0.394688 -0.240849 -0.042060 0.067731 0.088339 -0.118507 -0.073671 -0.052469 0.177564 0.056917 0.353994 -0.076805 0.073024 -0.403407 -0.089707 -0.100694 -0.204116 -0.554474 -0.031754 -0.171141 -0.067025 0.013257 -0.178313 -0.566211 -0.327691 -0.629344 -0.469318 -0.306167 -0.376381 0.320937 0.194858 0.020483 0.310374 -0.220652 0.038882 -0.092047 0.085904 -0.237875 -0.311341 -0.242198 -0.006804 -0.145593 0.108161 0.061949 0.031986 -0.263819 -0.152361 0.284763 0.161778 0.112705 0.397402 0.300373 0.391758 0.373380 0.155717 -0.115280 -0.228118 0.355310 0.203707 0.085777 0.144782 0.083562 -0.036540 -0.196069 -0.158573 0.103332 0.109412 -0.172023 -0.044281 -0.004294 0.056758 0.143941 -0.221639 -0.111656 0.212019 0.150409 -0.026157 0.035527 0.289528 -0.070560 0.203393
0.150161 0.108400 -0.135745 -0.065146 -0.170292 -0.129343 -0.113763 0.094163 -0.177356 -0.050413 0.100851 0.311696 0.240104 0.343208 -0.143803 0.029993 0.229921 0.323889 0.235173 -0.237136 -0.000379 -0.370870 -0.385657 -0.355729 -0.454938 -0.498593 -0.417111 -0.381632 0.275098 0.180185 -0.210978 -0.242007 1.000000 0.258945 -0.320497 -0.453747 -0.023628 0.107774 0.033442 -0.410271 -0.159301 -0.075709 0.060483 -0.018079 0.184630 -0.188887 0.178020 -0.105338 0.340597 0.237683 0.129178 0.285835 0.262103 0.022794 -0.282314 -0.086039 -0.075857 0.014633 0.478119 0.441596 0.346326 0.302511 0.395935 0.432477 -0.119131 -0.122042 0.415999 -0.082793 0.014421 -0.398975 -0.034229 -0.107001 0.209258 0.215518 0.226204 -0.022499 0.075440 -0.166687 0.141394 0.069073 0.015233 0.008262 -0.361771 0.004842 -0.052661 -0.166245 -0.202421 -0.460590 -0.413212 -0.306379 -0.328167 -0.206002 -0.162280 -0.262458 -0.195155 0.108871 -0.101498 -0.111456 -0.033110 0.044266 -0.088371 -0.026123 0.083699 -0.195701 -0.199164 -0.267236 -0.250467 -0.181883 -0.168225 0.036145 -0.185717 -0.059187 -0.173264 -0.128801 0.253120 0.158648
0.201919 -0.130327 -0.196019 -0.032682 -0.074902 0.247523 0.108948 0.417297 0.124811 0.355181 0.125427 0.260447 0.131136 0.390658 0.091901 0.252412 0.162204 0.211047 0.055694 0.079936 -0.090894 -0.072637 -0.108091 -0.023689 -0.218522 0.149503 -0.224731 -0.143801 0.012690 -0.139494 -0.122606 0.024368 0.258945 1.000000 0.148883 0.229228 -0.131998 -0.160554 -0.326661 -0.279700 -0.300700 -0.136922 -0.148069 -0.273036 -0.148102 0.045762 -0.117269 -0.283248 -0.258021 -0.094671 -0.246686 -0.198198 -0.115550 -0.110672 -0.213111 -0.304640 0.178969 0.091826 -0.141695 -0.188766 0.124872 0.202241 0.209283 0.254072 0.271966 0.377244 -0.193264 0.063419 0.110681 0.171492 0.080798 0.055670 -0.028396 -0.127127 -0.132216 0.160376 -0.077142 0.065486 0.070862 0.065274 0.119334 0.070617 -0.073817 -0.039712 0.130203 -0.166225 -0.141895 -0.189524 0.063178 -0.183981 0.136509 -0.008600 0.099481 0.033664 -0.376096 -0.220452 -0.351794 -0.349086 -0.276756 -0.085975 -0.141169 0.084593 0.185909 0.092220 -0.001498 0.039668 -0.165212 -0.057738 -0.114306 -0.178449 -0.285904 -0.140726 -0.219127 0.080587 0.342839 0.228385
-0.238971 -0.361882 0.320506 0.002902 0.082930 0.255480 0.171001 -0.124623 -0.103260 -0.088721 -0.044419 -0.324564 -0.024083 -0.218720 0.025196 -0.185051 -0.324538 -0.367914 -0.019407 0.020315 0.100625 0.304509 0.376766 0.199401 0.474297 0.429658 0.424191 0.361601 -0.166198 -0.387994 0.238553 0.296150 -0.320497 0.148883 1.000000 0.633852 -0.157135 -0.126637 0.148208 0.263877 0.051069 0.017927 -0.097822 -0.040634 -0.181624 0.133213 -0.113336 -0.061163 -0.210867 -0.359423 0.007208 -0.329601 -0.271990 -0.455690 -0.042136 -0.175096 -0.239071 -0.223700 -0.309948 -0.326110 -0.211074 -0.303451 -0.331469 -0.244781 0.169791 0.351911 0.050390 0.535828 0.013454 0.140367 0.032344 0.038887 -0.163458 -0.237250 -0.228014 -0.106397 -0.109018 0.099235 -0.261484 -0.074307 -0.054893 -0.013260 0.212081 0.078939 0.237184 0.250121 0.113714 0.235055 0.541120 0.105120 -0.080584 -0.111865 0.028702 0.106276 0.122451 -0.014730 0.134072 0.055157 -0.390809 -0.397027 0.072565 0.173125 -0.123875 0.328732 0.118106 0.233796 0.216503 0.339853 -0.124741 -0.181154 0.401132 -0.310581 -0.070458 -0.042488 -0.016309 -0.151176
-0.285507 -0.310593 0.298898 0.179442 0.138148 0.355707 0.238255 0.027907 0.191870 0.114081 0.002376 -0.234846 -0.124218 -0.103845 0.107080 0.027796 -0.367413 -0.373838 0.028618 0.251184 0.082786 0.300091 0.437149 0.447551 0.548684 0.664818 0.444806 0.552513 -0.357026 -0.578514 0.310891 0.394688 -0.453747 0.229228 0.633852 1.000000 -0.258606 -0.224207 0.036205 0.333159 -0.021627 -0.158212 -0.326557 -0.172214 -0.308038 0.322659 -0.376522 -0.213734 -0.480129 -0.398196 -0.235348 -0.553751 -0.500351 -0.380089 -0.035751 -0.191629 -0.001057 -0.037300 -0.526825 -0.390288 -0.300480 -0.211514 -0.349550 -0.359058 0.427055 0.581852 -0.140001 0.596398 -0.192998 0.333719 0.205049 0.102880 -0.391061 -0.445205 -0.372677 -0.028640 -0.074520 0.238852 -0.264166 -0.099111 -0.121036 -0.080398 0.229166 -0.107370 0.242477 0.225229 0.197339 0.427254 0.719364 0.270729 0.059979 -0.017290 0.270511 0.268711 -0.007614 -0.167243 -0.152501 -0.099560 -0.472422 -0.479046 0.067711 0.052737 -0.019211 0.298488 0.315865 0.326044 0.151730 0.286143 -0.242912 -0.195787 0.275562 -0.148325 0.007079 0.123616 0.037605 -0.034793
