1.000000 0.554473 -0.432476 -0.289477 -0.363187 -0.243860 -0.237704 -0.344310 -0.167371 -0.059757 0.096610 0.131286 -0.063007 0.030247 -0.117301 0.110977 0.367213 0.496622 0.053239 0.187782 -0.090624 -0.104005 -0.471816 -0.429016 -0.390100 -0.478673 -0.136929 -0.217307 0.342933 0.453639 -0.326436 -0.457275 0.362768 -0.246673 -0.294657 -0.447153 -0.116477 0.055259 -0.297040 -0.259140 -0.129584 -0.045020 0.183733 0.264768 0.269765 0.105628 0.266628 0.286456 0.393349 0.393201 0.227105 0.377504 0.232245 0.158257 0.152774 0.313814 0.620341 0.282557 0.155875 0.258823 0.019840 -0.127843 0.198414 0.355483 -0.454042 -0.258541 -0.082030 -0.478416 0.235010 -0.129691 -0.143000 -0.197217 0.213452 0.154176 0.293115 0.023790 0.244423 -0.026153 0.259538 0.113578 0.159414 0.184011 -0.125585 0.090918 -0.357935 -0.074759 0.043846 0.150837 -0.431128 -0.201428 0.135347 -0.270837 -0.139267 -0.270940 -0.284635 -0.083624 -0.016538 -0.161261 0.188354 0.347897 0.070846 0.077076 0.295065 0.164773 0.042750 -0.092050 0.206731 0.050591 -0.002613 0.050647 -0.290224 0.179823 -0.019430 -0.003780 -0.108169 -0.069837
0.554473 1.000000 -0.334359 -0.237297 -0.181550 -0.148378 -0.137862 -0.294819 -0.063481 -0.020095 0.060753 0.251263 0.016204 0.077454 0.066458 0.151024 0.438395 0.548112 0.071581 0.173916 -0.116334 -0.201053 -0.230281 -0.320600 -0.114946 -0.338442 0.008498 -0.158607 0.125563 0.290150 -0.208334 -0.397083 0.403226 -0.207286 -0.393109 -0.591161 0.017780 -0.002090 -0.060342 -0.103775 -0.008015 -0.080870 0.245185 0.146745 0.026990 -0.203646 0.397261 0.236723 0.345777 0.453448 0.377894 0.481019 0.521063 0.375093 0.094776 0.334855 0.592322 0.455822 0.072173 0.255512 -0.178522 -0.087149 0.233414 0.355406 -0.389231 -0.332434 -0.367528 -0.719243 0.163445 -0.208526 0.009942 -0.245229 0.417725 0.195374 0.277438 0.102080 0.029110 -0.013292 0.215974 0.139558 0.198714 0.192646 -0.102727 -0.087014 -0.456399 -0.262690 0.146046 0.068063 -0.437064 -0.078700 0.246086 -0.147270 -0.105406 -0.245018 -0.406591 -0.153996 -0.222769 -0.316300 0.082296 0.356001 0.026274 -0.039380 -0.013719 0.065771 -0.010579 -0.087212 0.128059 -0.163327 -0.127111 0.172544 -0.376120 0.338831 0.205647 0.039112 -0.189220 -0.141566
-0.432476 -0.334359 1.000000 -0.062058 0.534524 -0.088504 0.666061 -0.091212 0.035096 -0.405100 -0.232648 -0.690550 -0.033856 -0.470753 -0.064377 -0.615284 -0.403252 -0.379914 0.327471 0.095889 0.321804 0.370432 0.533432 0.133937 0.589384 0.441315 0.410729 0.085040 -0.352523 -0.554078 0.549922 0.338478 -0.054309 -0.150425 0.152379 0.101474 -0.146757 -0.065004 0.295608 0.063210 0.212127 0.025445 -0.051479 0.055742 -0.108391 0.037771 -0.129722 0.016346 -0.272452 -0.206355 -0.189407 -0.175141 -0.366337 -0.031669 -0.080359 -0.013326 -0.449472 -0.093085 -0.147188 -0.253233 -0.161480 -0.521003 -0.156742 -0.641031 0.315662 -0.292909 0.348712 0.443772 -0.000902 -0.047043 0.216399 0.313942 -0.205643 0.043489 -0.058035 0.003288 -0.054530 0.141350 -0.265887 -0.149194 -0.277535 -0.113069 0.185686 -0.333248 0.275857 -0.153037 0.092032 -0.053088 0.300557 0.101945 -0.087418 0.564243 -0.293931 0.482140 0.342529 0.066458 0.172794 0.032856 -0.014078 -0.161923 -0.153023 0.295114 -0.216963 0.188470 0.104881 0.160346 -0.099256 0.174677 0.011713 -0.155402 0.412790 0.048252 -0.067605 0.114237 0.314075 0.089115
-0.289477 -0.237297 -0.062058 1.000000 -0.033984 0.505493 -0.115405 0.633516 -0.012006 0.314906 -0.031063 0.345508 0.028314 0.308695 0.068941 0.236651 -0.169982 -0.111508 -0.092201 -0.221400 0.034304 -0.026776 0.105171 0.332272 -0.045508 0.316146 0.121381 0.329230 -0.287019 -0.148612 -0.077146 0.152318 -0.157705 0.415570 -0.141168 0.374162 -0.103780 -0.300617 -0.025488 -0.060041 -0.045883 -0.104101 -0.440717 -0.487866 -0.348127 -0.273996 -0.365498 -0.396334 -0.341198 -0.338584 0.041801 -0.060348 -0.121870 0.033114 0.061369 -0.186075 -0.145591 -0.243243 -0.207811 -0.156395 0.004693 0.527144 -0.306509 -0.040197 0.197997 0.628290 -0.351522 0.072919 0.017692 0.153171 0.179765 0.110382 -0.261373 -0.109449 -0.309888 0.070462 -0.103875 -0.039951 -0.001216 -0.057315 -0.292203 -0.327669 0.041617 0.046389 0.227958 0.382593 0.025339 -0.107361 0.240725 0.498392 0.068503 -0.152402 0.547826 -0.131423 0.103885 -0.199635 -0.055748 0.063238 -0.240630 -0.125529 0.124347 -0.036896 0.053055 -0.250120 0.053151 -0.015850 -0.005831 0.009265 0.053272 -0.247685 0.006888 0.052034 -0.017653 -0.067193 -0.144033 0.105566
-0.363187 -0.181550 0.534524 -0.033984 1.000000 -0.002008 0.596241 -0.031576 0.372771 -0.042195 -0.216221 -0.360347 0.169879 -0.221927 0.300699 -0.380779 -0.148927 -0.307378 0.079206 -0.054733 0.074583 0.095863 0.359570 -0.002075 0.467195 0.339185 0.218325 -0.109992 -0.340823 -0.436990 0.335710 0.177429 -0.076961 0.034734 0.258139 0.189016 -0.163806 0.006401 0.358697 0.418361 0.213949 -0.088451 0.039100 0.168956 0.006842 0.089594 -0.000581 0.009145 -0.061087 -0.063365 -0.221210 -0.247473 -0.273529 -0.150694 0.126645 -0.079965 -0.108338 0.054412 -0.115190 -0.165424 0.017650 -0.210084 -0.136416 -0.479023 0.281075 -0.099911 0.075507 0.276205 -0.015953 0.110106 0.274000 0.151220 -0.003280 -0.129318 -0.136445 -0.088652 -0.304753 -0.109525 -0.176220 -0.087347 -0.335740 -0.152735 0.139961 -0.319126 -0.014435 -0.273590 -0.044606 -0.286961 0.332896 0.023791 0.048211 0.315988 -0.184458 0.336233 0.166448 0.139161 0.128054 -0.130158 0.091582 -0.108421 -0.176102 0.036831 -0.089152 0.035132 0.267110 0.017598 -0.361743 -0.107701 -0.210491 -0.031628 0.291163 0.200869 0.107062 -0.089646 0.102811 0.158609
-0.243860 -0.148378 -0.088504 0.505493 -0.002008 1.000000 -0.205670 0.406389 0.133306 0.402975 -0.014017 0.407026 -0.046744 0.336760 -0.044087 0.318794 -0.429126 -0.185192 -0.306562 -0.187108 -0.064378 -0.071812 0.111550 0.314146 0.073135 0.234902 0.150489 0.414657 -0.268466 -0.262031 -0.220708 -0.025697 -0.418503 0.217771 -0.253865 0.293230 -0.461536 -0.221960 -0.040383 0.066968 -0.343402 -0.283428 -0.205459 -0.104366 -0.200008 -0.085630 -0.243517 -0.063703 -0.063988 -0.168907 0.183407 0.089712 -0.071125 0.134273 -0.046422 -0.203761 -0.087668 -0.140255 -0.157157 -0.206896 0.013617 0.397582 -0.503126 -0.206302 0.196652 0.608838 -0.390975 0.142415 0.065143 0.203206 -0.149155 -0.091909 -0.569204 -0.366240 -0.447137 -0.067810 -0.238587 -0.171576 -0.043516 -0.046191 -0.316817 -0.264447 -0.219370 -0.028043 0.162256 0.338620 -0.006789 -0.155707 0.112708 0.384228 0.031570 -0.103256 0.428032 -0.139662 0.140065 -0.177478 0.124348 0.284054 -0.139983 -0.001021 0.054907 -0.109053 -0.168214 -0.256732 0.152926 0.121897 -0.208872 -0.131592 0.044824 -0.098555 0.195723 0.087350 0.125175 0.046921 -0.030780 0.111330
-0.237704 -0.137862 0.666061 -0.115405 0.596241 -0.205670 1.000000 0.003091 0.334542 -0.150989 -0.082868 -0.436047 0.326338 -0.317036 0.077691 -0.394677 -0.061769 -0.232680 0.245373 -0.019165 0.138537 0.164219 0.204985 -0.170655 0.227402 0.088315 0.128703 -0.270528 -0.119713 -0.413310 0.313110 0.141355 0.119604 -0.051153 0.114857 0.020617 -0.153516 -0.132078 0.103332 0.106224 0.335985 0.005862 -0.000106 0.044168 -0.024143 0.003836 -0.017955 -0.013893 -0.109429 -0.033649 -0.162551 -0.173360 -0.170317 -0.077824 -0.068939 0.009811 -0.230027 0.120816 0.084375 -0.082056 0.173292 -0.361895 0.035210 -0.373805 0.224015 -0.286400 0.333008 0.209138 0.022179 -0.072031 0.169341 0.252087 0.051502 0.107765 -0.002995 0.089743 -0.041041 0.170055 -0.226625 -0.153733 -0.270321 -0.147761 0.177155 -0.296260 -0.075271 -0.336333 -0.021829 -0.046134 0.112760 -0.120352 -0.091161 0.373601 -0.309956 0.544075 0.150707 0.041239 -0.080389 -0.233937 -0.003029 -0.227054 -0.034263 0.337402 -0.117858 0.117164 0.128538 -0.126034 -0.198802 0.170286 -0.076543 -0.239236 0.116529 0.033895 -0.016962 0.056245 0.135009 0.196051
-0.344310 -0.294819 -0.091212 0.633516 -0.031576 0.406389 0.003091 1.000000 0.318704 0.565035 -0.027096 0.389912 0.160380 0.510115 0.091966 0.251180 -0.114089 -0.232607 -0.139496 -0.253511 0.021550 -0.224444 -0.017431 0.301648 -0.117006 0.306693 0.038387 0.225211 -0.315416 -0.196763 -0.128418 0.200671 -0.302334 0.494572 -0.014753 0.346294 -0.075839 -0.488505 -0.041203 0.072764 -0.084300 -0.195892 -0.392056 -0.399033 -0.362811 -0.215252 -0.392542 -0.204488 -0.368181 -0.321897 -0.213793 -0.177574 -0.176107 -0.011541 -0.184908 -0.239122 -0.239627 -0.178363 -0.042433 -0.010081 0.262757 0.628160 -0.222235 0.006701 0.107019 0.573952 -0.226583 0.116349 -0.029262 0.143434 0.037810 0.120458 -0.325617 -0.176857 -0.254196 0.082131 -0.308075 -0.137222 -0.296837 -0.189203 -0.258482 -0.400392 0.030538 -0.119535 0.060628 0.149608 -0.066231 0.075644 0.175119 0.261017 0.119894 -0.092618 0.580882 -0.158253 0.144117 -0.250643 -0.111661 0.167221 -0.353996 -0.323529 0.092252 0.106175 -0.096887 -0.327644 -0.044470 0.092656 0.112114 0.212123 0.168884 -0.343077 -0.039202 -0.187814 -0.124289 -0.072464 0.120411 0.060092
-0.167371 -0.063481 0.035096 -0.012006 0.372771 0.133306 0.334542 0.318704 1.000000 0.416748 0.142717 0.111716 0.253711 0.232436 0.502371 0.039779 0.047493 -0.127937 0.041498 0.026059 -0.035082 -0.139780 0.108032 0.079546 0.130520 0.008531 -0.093703 -0.231025 -0.074026 -0.202918 0.070328 -0.035790 -0.095182 0.160319 0.162092 0.120729 -0.235618 -0.196317 0.039777 0.272745 0.077927 -0.188402 -0.126063 -0.140329 -0.217021 -0.239638 -0.198794 -0.050012 -0.048545 -0.068747 -0.147807 -0.084624 -0.025075 0.012260 -0.078529 -0.130159 -0.072548 0.217680 0.049616 -0.010925 0.331882 0.107531 -0.010394 -0.105964 0.196224 0.084163 -0.018478 -0.029941 0.117806 0.182169 0.000889 0.054085 -0.018307 -0.004227 -0.075121 -0.031936 -0.309212 -0.236358 -0.281211 -0.021586 -0.309350 -0.297833 0.321128 -0.189861 -0.166017 -0.246120 0.063348 0.077162 0.286331 0.016735 0.136745 0.146897 0.049663 0.150770 0.012274 -0.242705 -0.171258 -0.123415 -0.030812 -0.140144 -0.083607 0.114913 0.029100 -0.100719 0.177691 -0.011369 -0.269098 -0.157600 -0.122320 -0.256442 -0.055670 0.026911 0.034298 -0.185783 0.241463 0.258062
-0.059757 -0.020095 -0.405100 0.314906 -0.042195 0.402975 -0.150989 0.565035 0.416748 1.000000 -0.043922 0.489872 0.169972 0.473393 0.213585 0.616322 0.088704 -0.015706 -0.305168 -0.163295 -0.216803 -0.264901 -0.224724 0.119477 -0.311002 -0.021968 -0.152026 -0.088812 -0.079811 0.176188 -0.245077 0.007616 -0.083835 0.414283 0.030991 0.229894 0.053228 -0.276615 -0.007416 0.097993 -0.087586 -0.191545 -0.281270 -0.286727 -0.193631 -0.237920 -0.245996 -0.204946 -0.010098 -0.098419 0.031864 -0.045326 0.044701 -0.022556 -0.152351 -0.206571 0.107912 -0.056243 0.040192 0.059679 0.194880 0.561672 -0.110359 0.018330 -0.039175 0.370667 -0.399116 -0.190161 -0.053617 0.212777 -0.138980 0.006124 -0.094400 -0.120084 -0.146466 0.017755 -0.231558 -0.262222 0.125957 -0.096591 -0.017700 -0.151798 0.072960 0.136167 -0.152109 0.109689 -0.187163 0.025327 -0.099259 0.097777 0.185619 -0.277534 0.454188 -0.172981 -0.077559 -0.099832 -0.192641 -0.003613 -0.141354 -0.021725 0.106505 0.012695 0.072049 -0.395484 -0.067111 -0.043731 0.010729 -0.130344 0.074323 -0.087407 -0.197967 -0.075782 0.044003 0.143480 -0.059184 -0.041402
0.096610 0.060753 -0.232648 -0.031063 -0.216221 -0.014017 -0.082868 -0.027096 0.142717 -0.043922 1.000000 0.326111 0.498470 0.329471 0.356993 0.140689 0.261783 0.028302 -0.115287 -0.227318 -0.422504 -0.369623 0.018721 -0.109416 -0.194400 -0.437705 -0.260103 -0.166449 0.453542 -0.203732 -0.367969 -0.426245 -0.075329 -0.120141 0.009809 -0.097053 -0.049979 -0.081785 -0.197615 -0.012859 0.003109 0.087125 -0.149202 -0.246711 -0.152033 -0.224378 -0.164645 -0.299138 0.178508 -0.023809 0.267549 0.101424 0.363113 -0.135033 0.241521 -0.045176 -0.177170 0.018602 0.515897 0.186114 0.518515 0.125993 0.073085 0.161791 0.073666 0.181531 0.077060 -0.193933 0.158665 0.003889 -0.045546 -0.205514 0.021089 -0.037068 0.106886 -0.131606 -0.028669 -0.262666 -0.289314 -0.312130 -0.087450 -0.110894 0.081869 -0.039738 0.036631 0.063987 0.097401 0.064034 0.243565 0.035982 0.003443 0.078705 0.084913 0.101652 -0.099996 -0.169929 -0.151974 -0.232228 0.049161 -0.098107 0.197239 0.142819 0.108127 -0.025515 -0.130456 -0.392642 0.133900 0.126690 -0.033336 -0.213353 -0.336680 -0.056755 -0.053398 -0.335548 -0.251645 0.036408
0.131286 0.251263 -0.690550 0.345508 -0.360347 0.407026 -0.436047 0.389912 0.111716 0.489872 0.326111 1.000000 0.168932 0.707409 0.138782 0.693665 0.226395 0.074771 -0.430783 -0.283138 -0.407712 -0.400000 -0.369879 -0.073383 -0.437459 -0.330405 -0.370296 0.061962 0.179551 0.196558 -0.581562 -0.325303 -0.080736 0.238706 -0.243381 0.034540 -0.039289 -0.157494 -0.357468 -0.040735 -0.224186 -0.155626 -0.078661 -0.124691 -0.076456 -0.081162 0.026380 -0.095532 0.138322 0.077944 0.313172 0.227151 0.311092 0.102202 0.006277 0.072765 0.127769 0.029540 0.191089 0.151000 0.249727 0.681090 -0.145139 0.426474 -0.173442 0.547083 -0.465332 -0.342551 0.105940 0.024630 -0.342531 -0.385016 -0.056849 -0.193176 -0.196364 -0.203315 -0.193602 -0.182074 0.103637 -0.066547 0.053868 -0.033254 -0.226967 0.151425 -0.196092 0.285600 -0.000637 0.011501 -0.174770 0.141258 -0.061851 -0.545734 0.459690 -0.436064 -0.164599 -0.207664 -0.082265 -0.053853 -0.053004 -0.049500 0.252308 -0.295650 -0.000818 -0.292861 -0.134306 -0.275925 0.076654 -0.193839 -0.031819 -0.113935 -0.298334 -0.035322 0.114739 -0.099813 -0.439992 -0.022771
-0.063007 0.016204 -0.033856 0.028314 0.169879 -0.046744 0.326338 0.160380 0.253711 0.169972 0.498470 0.168932 1.000000 0.308698 0.380447 0.156162 0.406067 -0.152227 -0.005089 -0.451727 -0.365601 -0.227832 -0.271705 -0.422575 -0.197269 -0.297362 -0.265562 -0.328979 0.366328 -0.246663 -0.393947 -0.380650 0.068991 -0.002238 -0.002788 -0.143319 0.089565 -0.188286 -0.036848 0.291544 0.219027 0.112614 -0.200208 -0.216364 -0.167590 -0.106737 -0.164702 -0.283973 0.003789 -0.033849 -0.125681 -0.209694 0.033067 -0.352092 0.145689 -0.067431 -0.219639 0.204315 0.591134 0.345624 0.704539 0.196871 0.206418 0.116104 -0.082190 0.094503 0.256713 -0.162759 0.045036 -0.130146 0.238240 0.013255 0.274968 0.059975 0.196408 0.023514 -0.060274 -0.078836 -0.183583 -0.103836 -0.008974 -0.078014 0.066967 -0.271346 -0.209950 -0.253009 -0.089454 0.003865 0.188472 -0.084018 -0.120529 -0.005724 0.052788 0.399983 0.044415 0.087662 -0.068166 -0.361621 0.130210 -0.252606 0.337716 0.282208 0.175667 0.143928 -0.159850 -0.468939 -0.037105 0.090491 -0.227567 -0.186204 -0.199188 -0.136976 -0.045643 -0.283367 -0.236036 0.046059
0.030247 0.077454 -0.470753 0.308695 -0.221927 0.336760 -0.317036 0.510115 0.232436 0.473393 0.329471 0.707409 0.308698 1.000000 0.013837 0.522380 0.234995 -0.022923 -0.478291 -0.480425 -0.287932 -0.357093 -0.421412 -0.226203 -0.390824 -0.231550 -0.433319 -0.049926 0.138355 0.034785 -0.639338 -0.362432 -0.150769 0.195326 -0.261470 -0.039193 -0.081265 -0.214261 -0.139165 0.150298 -0.084888 -0.177497 0.045382 0.004866 0.001574 0.062671 0.064915 -0.006368 0.211399 0.158153 0.053572 0.095309 0.269985 -0.087561 0.130152 0.243542 0.041628 -0.069919 0.452161 0.451693 0.360810 0.558807 -0.020876 0.205843 -0.340034 0.484181 -0.156285 -0.322278 -0.081872 -0.132679 -0.087240 -0.316864 -0.045134 -0.163413 -0.120973 -0.169945 -0.251963 -0.209052 -0.023003 -0.046820 0.027376 -0.265879 -0.298886 -0.197072 -0.419438 -0.045715 -0.100022 0.035145 -0.131970 -0.048876 -0.013461 -0.464394 0.304155 -0.362020 0.010162 -0.157879 0.032162 0.045544 0.233637 -0.111215 0.174988 -0.144868 0.013355 -0.170575 -0.128246 -0.241360 0.220265 -0.004654 0.023777 -0.150717 -0.202154 -0.132415 -0.099174 -0.256474 -0.304495 0.051887
-0.117301 0.066458 -0.064377 0.068941 0.300699 -0.044087 0.077691 0.091966 0.502371 0.213585 0.356993 0.138782 0.380447 0.013837 1.000000 0.160920 0.192424 0.029441 0.074188 0.034187 -0.084402 -0.110946 0.357929 0.247419 0.271416 0.045397 0.031062 -0.092226 0.096275 -0.259964 0.095805 -0.041877 -0.037102 0.102909 0.312855 0.068258 0.005379 -0.069151 0.156628 0.336243 0.222770 0.106200 -0.452001 -0.514356 -0.516247 -0.479869 -0.438458 -0.418065 -0.172224 -0.362247 -0.027084 -0.166537 -0.029995 -0.161348 0.132339 -0.421048 -0.135623 0.205670 0.017815 -0.133728 0.267299 0.159096 0.045342 0.080717 0.374193 0.026459 -0.208473 -0.082571 0.181744 0.323060 0.241261 0.165331 0.195555 -0.000061 0.111441 -0.020494 -0.264502 -0.201621 -0.116383 -0.064235 -0.080682 0.014984 0.469723 -0.071614 0.178515 -0.055958 0.157156 -0.140164 0.558554 0.265701 0.159630 0.265636 0.134786 0.278715 -0.031133 -0.040494 -0.146064 -0.211508 -0.218173 -0.172090 -0.000818 0.131429 -0.089816 -0.075527 0.074179 -0.115873 -0.387564 -0.157895 -0.239316 -0.103845 -0.153921 0.008494 0.133289 -0.175646 0.074723 0.074543
0.110977 0.151024 -0.615284 0.236651 -0.380779 0.318794 -0.394677 0.251180 0.039779 0.616322 0.140689 0.693665 0.156162 0.522380 0.160920 1.000000 0.216559 0.132677 -0.533568 -0.244828 -0.217678 -0.200543 -0.370508 -0.012269 -0.370025 -0.250329 -0.259846 0.063660 0.219828 0.301412 -0.439237 -0.231965 -0.058487 0.190872 -0.062017 0.110351 0.282452 0.000191 -0.118078 -0.042371 0.022051 0.007735 -0.212338 -0.281397 -0.177045 -0.122897 -0.181676 -0.260661 -0.039274 -0.134424 0.175132 -0.028817 0.172359 -0.033003 -0.025684 -0.172446 0.248681 0.083561 0.054786 0.022922 0.123556 0.508796 -0.082069 0.279553 -0.111468 0.340104 -0.433837 -0.275470 -0.011978 0.060004 -0.290518 -0.174749 -0.005708 -0.064037 -0.208804 -0.008265 -0.021984 -0.020328 0.418399 0.137336 0.329763 0.217238 -0.168477 0.372774 -0.057759 0.340008 0.030682 0.146963 -0.202400 0.010904 -0.127066 -0.574199 0.421827 -0.245222 -0.056971 -0.048374 -0.036565 -0.029659 -0.080806 -0.041132 0.230252 -0.178355 -0.064223 -0.287831 -0.188637 -0.141527 0.059016 -0.189048 0.012723 0.015455 -0.209448 -0.039254 0.124250 0.032693 -0.364743 -0.041674
0.367213 0.438395 -0.403252 -0.169982 -0.148927 -0.429126 -0.061769 -0.114089 0.047493 0.088704 0.261783 0.226395 0.406067 0.234995 0.192424 0.216559 1.000000 0.489828 0.109673 -0.140364 -0.194111 -0.361157 -0.433215 -0.504546 -0.408376 -0.490608 -0.363157 -0.596195 0.499465 0.388702 -0.291396 -0.405039 0.369464 -0.158340 -0.136732 -0.428213 0.393110 0.074722 -0.032684 0.086372 0.228631 0.174583 0.208088 -0.029670 -0.032057 -0.225541 0.129149 -0.100144 0.193111 0.345299 -0.138665 0.008176 0.369278 -0.183301 -0.057757 0.112242 0.321964 0.539153 0.438657 0.564023 0.291129 0.006253 0.696486 0.535559 -0.433312 -0.331277 0.066335 -0.634572 -0.019201 -0.293020 0.153966 -0.218389 0.726144 0.420759 0.453206 0.139782 0.282659 0.004566 0.272855 0.151356 0.442781 0.276084 0.110410 -0.074163 -0.519125 -0.437701 -0.009237 0.022163 -0.262731 -0.271370 -0.053560 -0.260094 -0.051409 -0.050169 -0.302564 -0.006574 -0.289913 -0.498935 0.190137 0.221537 0.167640 0.045694 0.305514 0.238491 -0.131426 -0.371324 0.155368 -0.063232 -0.254584 -0.055724 -0.445176 -0.028316 -0.006889 -0.271398 -0.218182 -0.125476
0.496622 0.548112 -0.379914 -0.111508 -0.307378 -0.185192 -0.232680 -0.232607 -0.127937 -0.015706 0.028302 0.074771 -0.152227 -0.022923 0.029441 0.132677 0.489828 1.000000 0.158470 0.150336 0.005919 -0.275236 -0.214433 -0.240319 -0.255072 -0.270444 -0.115042 -0.260701 0.188225 0.528331 -0.124494 -0.241568 0.351594 -0.193893 -0.315133 -0.437695 0.144914 0.147227 -0.133172 -0.163789 -0.009427 0.043319 0.174041 0.062028 0.057349 -0.235560 0.205000 0.167193 0.282874 0.404224 0.100383 0.357287 0.348285 0.270640 -0.080466 0.058734 0.601980 0.353892 0.049351 0.266582 -0.112636 -0.109642 0.487981 0.576114 -0.411748 -0.332789 -0.153935 -0.622332 -0.026954 -0.221811 0.100369 -0.267779 0.491504 0.410637 0.432824 0.105874 0.244916 -0.047379 0.348740 0.300695 0.404394 0.323612 0.132177 0.047752 -0.399728 -0.202083 0.007948 -0.066800 -0.366298 -0.148790 0.144232 -0.099930 -0.079704 -0.262949 -0.365524 -0.106598 -0.289693 -0.235382 0.017115 0.451536 0.020380 0.037254 0.078608 0.056611 -0.028847 -0.122943 0.089012 -0.116690 -0.235732 0.164150 -0.467164 0.122098 0.114954 0.062837 -0.169047 -0.193329
0.053239 0.071581 0.327471 -0.092201 0.079206 -0.306562 0.245373 -0.139496 0.041498 -0.305168 -0.115287 -0.430783 -0.005089 -0.478291 0.074188 -0.533568 0.109673 0.158470 1.000000 0.410236 0.059243 0.145772 0.171048 0.026845 0.149573 0.000825 0.102788 -0.247545 -0.076061 -0.059422 0.410112 0.185857 0.361574 -0.164627 -0.054115 -0.261070 -0.046966 -0.201195 -0.035340 -0.199838 -0.139276 -0.064526 0.002338 -0.078836 -0.082079 -0.282051 0.053991 0.039412 -0.035412 0.099574 -0.146472 0.124296 0.022466 0.173323 -0.202580 -0.077105 -0.027211 0.182153 -0.005642 0.127264 0.062120 -0.304951 0.397516 0.214934 0.038215 -0.460485 0.271064 -0.159660 0.253066 -0.075153 0.213567 0.196129 0.249974 0.085804 0.270884 0.037743 -0.010100 -0.059141 -0.289962 -0.106293 -0.148533 -0.141019 0.594716 -0.056295 0.052946 -0.459078 0.090083 -0.049062 0.099748 0.076924 0.076382 0.528266 -0.222339 0.234088 -0.077977 -0.097796 -0.403931 -0.152318 -0.190069 0.117763 0.133765 0.325562 0.123359 0.294206 -0.045259 0.036733 -0.012996 0.289670 -0.105038 -0.056917 -0.256723 -0.159657 -0.058680 0.112618 0.404322 -0.039417
0.187782 0.173916 0.095889 -0.221400 -0.054733 -0.187108 -0.019165 -0.253511 0.026059 -0.163295 -0.227318 -0.283138 -0.451727 -0.480425 0.034187 -0.244828 -0.140364 0.150336 0.410236 1.000000 0.210189 0.297276 0.292861 0.343323 0.245104 0.107045 0.221445 0.024673 -0.050347 0.215146 0.426402 0.246982 0.181443 -0.095899 0.064501 -0.185448 -0.118572 0.026200 0.089170 -0.129952 -0.038582 -0.028319 0.002858 -0.037433 -0.195267 -0.208492 0.000431 0.031595 -0.085327 -0.096133 -0.028932 0.020927 -0.041052 0.077057 -0.224021 -0.156022 0.175833 0.218514 -0.337477 -0.184794 -0.419060 -0.426914 0.124300 0.082298 0.142677 -0.363952 -0.062724 0.015891 0.387225 0.375365 -0.230694 0.046026 0.022612 0.080872 0.111267 0.004034 0.010739 0.038784 0.035761 0.059896 -0.094851 0.018562 0.420984 0.158479 0.135165 -0.103059 0.092023 -0.153990 0.028808 0.154137 0.194856 0.368049 -0.135395 0.076452 -0.125683 -0.185222 -0.277902 0.098521 -0.209024 0.018401 -0.082093 0.052074 -0.059142 0.172983 0.176376 0.448749 -0.039688 0.178190 -0.036114 0.111323 0.038306 0.020334 0.067313 0.239720 0.383746 0.013126
-0.090624 -0.116334 0.321804 0.034304 0.074583 -0.064378 0.138537 0.021550 -0.035082 -0.216803 -0.422504 -0.407712 -0.365601 -0.287932 -0.084402 -0.217678 -0.194111 0.005919 0.059243 0.210189 1.000000 0.421102 0.290772 0.251808 0.316147 0.509950 0.478556 0.192546 -0.149735 0.023763 0.514581 0.394771 0.008672 0.039885 0.047608 0.177184 0.084055 0.154148 0.407390 0.160407 0.210966 0.189689 -0.018991 -0.017322 -0.109455 0.047757 -0.070236 0.017170 -0.371602 -0.246795 -0.181900 -0.125378 -0.284930 0.060314 -0.204217 -0.020008 0.111658 0.101514 -0.531478 -0.330181 -0.402557 -0.265060 -0.085556 -0.250014 0.143421 -0.153502 0.028678 0.247906 -0.058693 -0.111094 0.243329 0.335356 -0.067209 0.211245 0.006187 0.309045 0.176928 0.451233 0.055626 0.158368 0.028694 0.006876 0.093101 0.120959 0.168721 0.051842 0.197841 0.117877 0.028895 0.034723 -0.098854 0.057240 -0.263094 -0.023370 0.207547 0.008020 0.273982 0.108358 -0.176474 -0.194577 -0.335959 0.020384 -0.257143 -0.188416 -0.113252 0.235485 0.043370 -0.143238 0.183439 0.043111 0.438279 0.115125 0.179923 0.051503 0.359724 -0.060381
-0.104005 -0.201053 0.370432 -0.026776 0.095863 -0.071812 0.164219 -0.224444 -0.139780 -0.264901 -0.369623 -0.400000 -0.227832 -0.357093 -0.110946 -0.200543 -0.361157 -0.275236 0.145772 0.297276 0.421102 1.000000 0.238714 0.071924 0.467351 0.447036 0.145330 0.259709 -0.128493 -0.040435 0.373552 0.233760 -0.087584 0.010505 0.151229 0.175290 -0.014770 0.099416 0.187502 0.101100 0.113719 0.150346 -0.041588 0.012093 0.060806 0.273159 -0.066794 0.061833 -0.253026 -0.276776 -0.205676 -0.263659 -0.402463 -0.203281 -0.177531 0.035114 -0.165510 0.026099 -0.374030 -0.284883 -0.319828 -0.281224 -0.161450 -0.306321 0.268585 -0.079686 0.166703 0.394038 0.100995 0.150952 0.205099 0.292335 -0.128451 -0.132000 -0.173813 0.105541 0.014477 0.371089 -0.007606 0.064244 -0.072685 -0.062334 0.065459 -0.004828 0.232046 -0.055042 0.098998 -0.028089 0.104530 0.154402 -0.213900 0.080273 -0.262742 0.204578 0.155884 -0.006026 0.273796 0.205671 0.009642 -0.173173 -0.157917 0.020206 -0.119294 0.103347 0.106297 0.258982 -0.147752 0.161479 0.093068 -0.042230 0.471613 0.037578 -0.002422 0.253943 0.196246 0.112690
-0.471816 -0.230281 0.533432 0.105171 0.359570 0.111550 0.204985 -0.017431 0.108032 -0.224724 0.018721 -0.369879 -0.271705 -0.421412 0.357929 -0.370508 -0.433215 -0.214433 0.171048 0.292861 0.290772 0.238714 1.000000 0.704556 0.756240 0.561604 0.529095 0.283748 -0.356059 -0.522382 0.584053 0.432367 -0.296193 0.055776 0.290446 0.292913 -0.163425 -0.031809 0.334200 0.151439 0.117427 0.088655 -0.350666 -0.287985 -0.429719 -0.349843 -0.347355 -0.281455 -0.294540 -0.442218 0.075513 -0.095009 -0.187369 0.092133 -0.027038 -0.288790 -0.398318 -0.157904 -0.408863 -0.487747 -0.304977 -0.172215 -0.257943 -0.442013 0.726724 0.001351 -0.174313 0.370433 0.047021 0.280403 0.140817 0.207931 -0.295285 -0.052234 -0.131428 0.047321 -0.209187 -0.035875 -0.289424 -0.156454 -0.368990 -0.189324 0.379730 -0.087405 0.567068 0.095068 0.340850 -0.167066 0.606983 0.496800 0.070628 0.584595 0.056528 0.337296 0.048440 -0.161059 -0.039727 0.049479 -0.381137 -0.256027 -0.319701 0.087848 -0.472613 -0.118625 0.110287 0.216748 -0.258616 -0.031230 -0.042531 -0.062256 0.257888 0.123672 0.079964 0.183931 0.214447 0.010311
-0.429016 -0.320600 0.133937 0.332272 -0.002075 0.314146 -0.170655 0.301648 0.079546 0.119477 -0.109416 -0.073383 -0.422575 -0.226203 0.247419 -0.012269 -0.504546 -0.240319 0.026845 0.343323 0.251808 0.071924 0.704556 1.000000 0.408437 0.523000 0.464995 0.455491 -0.391187 -0.244961 0.434500 0.565827 -0.324125 0.241338 0.296986 0.436805 -0.069825 -0.167623 0.241942 -0.034113 -0.049573 -0.048935 -0.460802 -0.448387 -0.520915 -0.389476 -0.490754 -0.329517 -0.425904 -0.572011 0.081022 -0.083795 -0.197448 0.143164 -0.047416 -0.477271 -0.281462 -0.300432 -0.569094 -0.541658 -0.331548 0.194970 -0.346147 -0.201933 0.628560 0.250661 -0.394419 0.380541 0.071974 0.485921 -0.084274 0.360897 -0.441268 -0.135527 -0.339370 -0.004581 -0.271457 -0.087717 -0.177806 -0.035430 -0.304835 -0.154746 0.286174 0.251317 0.643907 0.410092 0.157302 -0.040062 0.492160 0.476239 0.207070 0.329477 0.343044 -0.025858 0.026806 -0.208009 -0.120066 0.198067 -0.584169 -0.282362 -0.256037 -0.065579 -0.392907 -0.317967 0.043807 0.422130 -0.090838 0.014000 0.149771 0.003749 0.183076 -0.108979 -0.060893 0.168994 0.376417 -0.040060
-0.390100 -0.114946 0.589384 -0.045508 0.467195 0.073135 0.227402 -0.117006 0.130520 -0.311002 -0.194400 -0.437459 -0.197269 -0.390824 0.271416 -0.370025 -0.408376 -0.255072 0.149573 0.245104 0.316147 0.467351 0.756240 0.408437 1.000000 0.686488 0.541273 0.378095 -0.360903 -0.504789 0.527842 0.254060 -0.212366 0.038021 0.336717 0.252920 -0.196451 0.001330 0.426970 0.361727 0.144903 -0.011780 -0.150595 -0.012294 -0.250769 -0.043282 -0.198547 0.024384 -0.317421 -0.348106 -0.156635 -0.197891 -0.349683 -0.043200 0.001180 -0.101876 -0.257964 0.014568 -0.460938 -0.447522 -0.344094 -0.279908 -0.298805 -0.486499 0.575039 -0.033952 -0.057728 0.423525 0.070075 0.222491 0.203724 0.248410 -0.243091 -0.080110 -0.163351 -0.018185 -0.279151 0.048739 -0.248028 0.097281 -0.329680 -0.132242 0.196424 -0.326033 0.385613 -0.076729 0.367250 -0.172494 0.435925 0.281043 -0.079169 0.394958 -0.077913 0.276606 0.169442 -0.046943 0.236515 0.146807 -0.207173 -0.211224 -0.327004 -0.055297 -0.395458 0.038720 0.253066 0.328648 -0.303509 -0.091638 -0.000953 0.003869 0.530086 0.318165 0.159769 0.042379 0.212747 0.062204
-0.478673 -0.338442 0.441315 0.316146 0.339185 0.234902 0.088315 0.306693 0.008531 -0.021968 -0.437705 -0.330405 -0.297362 -0.231550 0.045397 -0.250329 -0.490608 -0.270444 0.000825 0.107045 0.509950 0.447036 0.561604 0.523000 0.686488 1.000000 0.539906 0.510242 -0.535435 -0.333293 0.491719 0.543692 -0.357748 0.378070 0.335896 0.501200 -0.088881 -0.094664 0.438268 0.320384 0.119629 0.053107 -0.286349 -0.138562 -0.251992 0.026575 -0.339020 -0.073236 -0.559311 -0.499251 -0.355381 -0.325728 -0.582082 -0.111679 -0.133333 -0.260017 -0.288733 -0.133481 -0.586502 -0.475723 -0.389212 0.039050 -0.398415 -0.399811 0.491569 0.285591 -0.140443 0.579147 -0.122696 0.266748 0.315529 0.390810 -0.374841 -0.110472 -0.271703 0.031062 -0.259630 0.164813 -0.160078 0.072305 -0.298448 -0.153839 0.061330 -0.251384 0.366607 0.145871 0.139296 -0.216331 0.320580 0.342860 -0.121594 0.177012 0.166328 0.083754 0.200092 -0.025272 0.314578 0.282853 -0.380550 -0.295808 -0.318051 -0.031832 -0.309085 -0.160373 0.266285 0.367762 -0.157327 -0.080608 0.072598 -0.007701 0.602707 0.202191 0.138006 0.126765 0.298242 0.032816
-0.136929 0.008498 0.410729 0.121381 0.218325 0.150489 0.128703 0.038387 -0.093703 -0.152026 -0.260103 -0.370296 -0.265562 -0.433319 0.031062 -0.259846 -0.363157 -0.115042 0.102788 0.221445 0.478556 0.145330 0.529095 0.464995 0.541273 0.539906 1.000000 0.551884 -0.368135 -0.383819 0.347511 0.161027 -0.168843 -0.040190 0.020272 0.152336 -0.089768 -0.014601 0.439187 0.118846 -0.033659 -0.139029 -0.183882 -0.094133 -0.258602 -0.189236 -0.173073 -0.091607 -0.263963 -0.287502 0.109403 0.076269 -0.187088 0.215282 0.087123 -0.116960 -0.015778 -0.105129 -0.551258 -0.438666 -0.351583 -0.217798 -0.431055 -0.463715 0.371466 0.004641 -0.204468 0.318465 0.016670 0.031708 0.045717 0.296040 -0.365603 -0.033760 -0.166153 0.138623 -0.067513 0.127790 -0.084645 -0.011973 -0.309268 -0.168634 0.003109 -0.086212 0.515771 0.281249 0.307623 -0.019563 0.293614 0.384777 0.105156 0.222089 0.028721 0.022215 0.083232 0.006921 0.139229 0.077329 -0.339923 -0.195725 -0.260013 0.000590 -0.314317 -0.107740 0.057225 0.176948 -0.026559 -0.102171 0.091427 0.168486 0.372102 0.245666 0.171527 0.205629 0.256802 -0.187605
-0.217307 -0.158607 0.085040 0.329230 -0.109992 0.414657 -0.270528 0.225211 -0.231025 -0.088812 -0.166449 0.061962 -0.328979 -0.049926 -0.092226 0.063660 -0.596195 -0.260701 -0.247545 0.024673 0.192546 0.259709 0.283748 0.455491 0.378095 0.510242 0.551884 1.000000 -0.372345 -0.217866 0.004849 0.074917 -0.521018 0.065937 -0.015398 0.310189 -0.161303 -0.072449 0.070682 -0.020896 -0.233936 -0.221682 -0.270112 -0.113803 -0.137301 0.102841 -0.225558 0.077441 -0.298336 -0.443450 0.061066 -0.011367 -0.254729 0.112948 0.048497 -0.126808 -0.135808 -0.419540 -0.473393 -0.401481 -0.305747 0.197421 -0.681031 -0.299419 0.327371 0.464230 -0.334644 0.429169 0.025638 0.272859 -0.087094 0.087825 -0.525982 -0.306551 -0.395142 -0.127700 -0.199007 0.042808 -0.036726 -0.038881 -0.237121 -0.128160 -0.282010 0.051169 0.510859 0.557220 0.070601 0.036324 0.281535 0.357547 -0.047067 -0.108102 0.373610 -0.260869 0.189162 -0.009105 0.298986 0.394631 -0.241860 -0.192903 -0.027976 -0.291280 -0.186948 -0.248349 0.057198 0.292941 0.040684 0.120879 0.189687 0.092452 0.450384 0.058366 0.021901 0.124411 0.048889 -0.059504
0.342933 0.125563 -0.352523 -0.287019 -0.340823 -0.268466 -0.119713 -0.315416 -0.074026 -0.079811 0.453542 0.179551 0.366328 0.138355 0.096275 0.219828 0.499465 0.188225 -0.076061 -0.050347 -0.149735 -0.128493 -0.356059 -0.391187 -0.360903 -0.535435 -0.368135 -0.372345 1.000000 0.340689 -0.256621 -0.290904 0.349835 -0.129559 -0.078079 -0.299091 0.173662 0.296626 -0.016188 -0.000257 0.062453 0.399267 0.146048 -0.006237 0.039268 -0.040186 0.017408 -0.163845 0.100814 0.048383 -0.090424 -0.224495 0.086101 -0.446194 0.047460 -0.013953 0.118811 0.378165 0.344006 0.177682 0.324115 -0.117663 0.379723 0.358822 -0.217380 -0.169461 0.242975 -0.249269 -0.032843 -0.320801 -0.144079 -0.133396 0.413827 0.215662 0.364023 0.126677 0.341896 0.159379 0.210904 0.197959 0.423794 0.297876 0.073689 0.207845 -0.144907 -0.054169 0.101888 -0.050220 -0.058903 -0.322366 -0.189572 -0.180488 -0.112210 0.060574 -0.030858 0.124616 -0.031827 -0.106714 0.271441 0.025654 0.282031 0.119029 0.234264 0.186770 -0.210903 -0.398362 0.109446 -0.017097 -0.006176 -0.033328 -0.172287 -0.010345 -0.035766 -0.137664 -0.206040 0.069535
0.453639 0.290150 -0.554078 -0.148612 -0.436990 -0.262031 -0.413310 -0.196763 -0.202918 0.176188 -0.203732 0.196558 -0.246663 0.034785 -0.259964 0.301412 0.388702 0.528331 -0.059422 0.215146 0.023763 -0.040435 -0.522382 -0.244961 -0.504789 -0.333293 -0.383819 -0.217866 0.340689 1.000000 -0.102843 -0.012073 0.349621 -0.025195 -0.186059 -0.202148 0.387337 0.341592 -0.248024 -0.217506 0.023862 0.186866 0.267777 0.143719 0.252351 0.081998 0.222453 0.140730 0.161834 0.262531 -0.041334 0.033287 0.159398 0.008518 -0.261297 0.123586 0.554661 0.229364 -0.072592 0.160607 -0.235945 0.045507 0.393185 0.509790 -0.417916 -0.226663 -0.106544 -0.395636 -0.105840 -0.114934 -0.118547 -0.224497 0.472925 0.350652 0.280978 0.175642 0.394250 0.206410 0.512365 0.315839 0.534886 0.435202 -0.005603 0.461659 -0.371407 -0.022779 -0.134134 0.072856 -0.543359 -0.305811 -0.006547 -0.450304 -0.016110 -0.395908 -0.333928 -0.052440 -0.161314 -0.095450 0.121124 0.284189 0.115726 -0.168894 0.343037 0.004476 -0.178404 -0.009028 0.204760 -0.070394 0.080082 0.170792 -0.239298 -0.009261 -0.089052 0.106726 -0.144827 -0.129722
-0.326436 -0.208334 0.549922 -0.077146 0.335710 -0.220708 0.313110 -0.128418 0.070328 -0.245077 -0.367969 -0.581562 -0.393947 -0.639338 0.095805 -0.439237 -0.291396 -0.124494 0.410112 0.426402 0.514581 0.373552 0.584053 0.434500 0.527842 0.491719 0.347511 0.004849 -0.256621 -0.102843 1.000000 0.751374 0.170751 0.202613 0.441658 0.304920 0.022665 -0.013690 0.285851 -0.108318 0.171841 0.122802 -0.086358 -0.141808 -0.143644 -0.142119 -0.200219 -0.138606 -0.362632 -0.301310 -0.154775 -0.221627 -0.316385 0.124143 -0.157690 -0.249594 -0.176361 0.067188 -0.562030 -0.501805 -0.399412 -0.323812 0.001339 -0.277131 0.483201 -0.275225 0.103591 0.370633 0.041602 0.080470 0.151989 0.338162 -0.023054 0.184120 -0.017624 0.166628 0.038890 0.215781 -0.119009 -0.091547 -0.151100 0.040776 0.508426 0.148594 0.339700 -0.067546 0.224611 -0.114336 0.176503 0.044218 0.076857 0.456585 -0.230439 0.267078 0.004056 -0.034034 -0.137367 -0.064662 -0.365806 -0.087042 -0.274972 0.036659 -0.308268 -0.083963 -0.000714 0.282640 -0.187071 -0.080977 0.107290 -0.098047 0.212103 0.145215 0.112675 0.156050 0.427962 -0.035214
-0.457275 -0.397083 0.338478 0.152318 0.177429 -0.025697 0.141355 0.200671 -0.035790 0.007616 -0.426245 -0.325303 -0.380650 -0.362432 -0.041877 -0.231965 -0.405039 -0.241568 0.185857 0.246982 0.394771 0.233760 0.432367 0.565827 0.254060 0.543692 0.161027 0.074917 -0.290904 -0.012073 0.751374 1.000000 0.000628 0.482482 0.426691 0.490181 0.063425 -0.104720 0.142991 -0.179911 0.127942 0.178708 -0.203882 -0.210445 -0.139467 -0.049206 -0.277575 -0.173844 -0.447512 -0.418115 -0.208171 -0.324014 -0.442192 -0.010417 -0.242348 -0.415152 -0.262072 -0.142314 -0.518668 -0.459939 -0.380121 0.054618 -0.130372 -0.195585 0.435952 0.004342 0.026108 0.473160 -0.100416 0.178492 0.104735 0.366538 -0.197498 0.027047 -0.110872 0.168052 -0.056824 0.218450 -0.142178 -0.080353 -0.055074 0.060385 0.379616 0.281532 0.340428 0.098731 0.035000 -0.101327 0.120482 -0.007461 0.010969 0.272651 0.026200 0.096396 0.035008 -0.066551 -0.119738 0.141583 -0.489221 -0.240827 -0.135678 0.010370 -0.354794 -0.215651 -0.066839 0.293960 -0.051707 0.046159 0.156361 -0.153480 0.232154 -0.108559 -0.026550 0.188112 0.418109 0.057901
0.362768 0.403226 -0.054309 -0.157705 -0.076961 -0.418503 0.119604 -0.302334 -0.095182 -0.083835 -0.075329 -0.080736 0.068991 -0.150769 -0.037102 -0.058487 0.369464 0.351594 0.361574 0.181443 0.008672 -0.087584 -0.296193 -0.324125 -0.212366 -0.357748 -0.168843 -0.521018 0.349835 0.349621 0.170751 0.000628 1.000000 0.077411 -0.022866 -0.295620 0.100501 0.003295 -0.062575 -0.172620 0.095337 0.118038 0.169366 0.067491 0.078905 -0.152974 0.239310 0.024903 0.108110 0.275492 0.114974 0.087024 0.153858 0.053743 0.094891 0.186178 0.329892 0.322741 0.090931 0.111470 0.004121 -0.188013 0.447112 0.350144 -0.287647 -0.405350 0.183617 -0.361242 0.083423 -0.315471 0.070540 0.070812 0.486220 0.402032 0.388949 0.145042 0.098020 0.045208 0.201933 0.148671 0.253767 0.166813 0.261712 0.167008 -0.288723 -0.289948 -0.044118 -0.034454 -0.403144 -0.365188 0.064229 -0.053003 -0.296892 -0.056370 -0.119636 0.055299 -0.224615 -0.294476 0.142052 0.191710 0.104534 0.110999 0.080429 0.085458 -0.189644 -0.249500 0.145432 -0.074687 -0.025059 -0.074746 -0.335088 0.153454 -0.006722 0.008201 -0.020756 -0.058019
-0.246673 -0.207286 -0.150425 0.415570 0.034734 0.217771 -0.051153 0.494572 0.160319 0.414283 -0.120141 0.238706 -0.002238 0.195326 0.102909 0.190872 -0.158340 -0.193893 -0.164627 -0.095899 0.039885 0.010505 0.055776 0.241338 0.038021 0.378070 -0.040190 0.065937 -0.129559 -0.025195 0.202613 0.482482 0.077411 1.000000 0.330724 0.615938 -0.074718 -0.250391 -0.068481 0.079263 0.115030 0.026011 -0.294080 -0.243627 -0.107199 -0.001012 -0.273589 -0.227377 -0.332445 -0.356610 -0.110547 -0.318405 -0.346310 -0.088882 -0.011993 -0.288511 -0.140922 -0.131832 -0.282115 -0.338238 0.012014 0.478405 -0.273606 -0.039433 0.311702 0.562902 -0.153368 0.330132 0.010587 0.222954 0.089792 0.167102 -0.253577 -0.148212 -0.192193 0.092128 -0.217847 0.059501 -0.091475 -0.106606 -0.147905 -0.150737 0.089748 0.061435 0.058426 0.158044 0.016968 -0.201073 -0.077199 -0.003054 0.015137 -0.212106 0.399901 -0.071653 -0.069238 -0.198972 -0.047120 0.147364 -0.382348 -0.307951 0.062037 -0.085205 -0.177629 -0.372835 0.061073 0.027499 -0.028359 -0.064849 0.164483 -0.335038 0.175850 0.076353 0.002613 -0.113281 -0.005990 0.192772
-0.294657 -0.393109 0.152379 -0.141168 0.258139 -0.253865 0.114857 -0.014753 0.162092 0.030991 0.009809 -0.243381 -0.002788 -0.261470 0.312855 -0.062017 -0.136732 -0.315133 -0.054115 0.064501 0.047608 0.151229 0.290446 0.296986 0.336717 0.335896 0.020272 -0.015398 -0.078079 -0.186059 0.441658 0.426691 -0.022866 0.330724 1.000000 0.493044 0.140190 -0.073758 0.173731 0.170041 0.239145 0.210170 -0.220801 -0.143676 -0.073341 0.074863 -0.316382 -0.169923 -0.368832 -0.427527 -0.330555 -0.524189 -0.429427 -0.340308 0.010862 -0.358003 -0.317352 -0.132607 -0.153792 -0.351451 0.019566 -0.001314 -0.068345 -0.212333 0.456966 0.045420 0.211904 0.555317 -0.110823 0.317174 0.093516 0.348585 -0.095910 0.024308 -0.170467 -0.073657 -0.188894 -0.012433 -0.069506 -0.056037 -0.098416 0.100983 0.294127 0.062581 0.358386 0.093867 -0.004867 -0.111072 0.292422 -0.157178 -0.104514 0.166178 -0.087145 0.213647 0.135691 0.212152 0.128640 0.011035 -0.180173 -0.173572 -0.270560 0.020821 -0.189859 -0.068711 0.006982 0.096714 -0.216482 -0.062670 -0.062396 -0.039877 0.213048 -0.030281 0.009356 -0.065999 0.181148 0.048632
-0.447153 -0.591161 0.101474 0.374162 0.189016 0.293230 0.020617 0.346294 0.120729 0.229894 -0.097053 0.034540 -0.143319 -0.039193 0.068258 0.110351 -0.428213 -0.437695 -0.261070 -0.185448 0.177184 0.175290 0.292913 0.436805 0.252920 0.501200 0.152336 0.310189 -0.299091 -0.202148 0.304920 0.490181 -0.295620 0.615938 0.493044 1.000000 -0.081618 -0.176908 -0.053679 0.075175 0.046784 0.001590 -0.390323 -0.235358 -0.052324 0.134844 -0.424626 -0.252420 -0.413713 -0.494103 -0.103445 -0.307552 -0.500030 -0.061023 -0.029940 -0.336701 -0.249562 -0.343398 -0.467506 -0.518095 -0.055582 0.364338 -0.511298 -0.376657 0.633021 0.528974 -0.048935 0.634227 -0.052249 0.380004 0.009422 0.247172 -0.488223 -0.198967 -0.438646 -0.022491 -0.224263 -0.004244 -0.097973 -0.190793 -0.292324 -0.133541 0.090247 0.228513 0.442090 0.453604 0.020447 -0.004670 0.208365 0.137505 -0.155892 -0.113782 0.234828 -0.053320 0.090397 -0.116993 0.141812 0.137137 -0.345295 -0.283599 -0.100906 -0.198886 -0.131232 -0.436255 0.044793 0.106350 -0.108257 -0.085948 0.279432 -0.337014 0.336835 -0.003709 -0.029611 -0.071845 0.062900 0.132242
