1.000000 0.571060 -0.516463 -0.028008 -0.062233 0.021851 -0.414862 -0.347693 -0.178899 -0.223681 0.457208 0.003128 0.259503 0.163290 -0.147056 0.042164 0.444058 0.594429 -0.138821 0.095922 -0.109165 0.140628 -0.306960 -0.461334 -0.455935 -0.515208 -0.139784 -0.094077 0.105797 0.184378 -0.507322 -0.599736 -0.002888 -0.181905 0.012358 -0.140490 -0.000984 0.214181 -0.192652 -0.140058 0.011312 0.415138 0.050059 0.039767 -0.104926 -0.083076 0.056369 0.095345 0.135859 0.030971 0.036615 0.287619 0.074664 0.175141 0.227951 0.180506 0.682129 0.397767 0.152400 0.164467 0.003559 0.275937 0.400851 0.102031 -0.313346 -0.019706 -0.385049 -0.286987 0.281729 -0.101613 -0.090748 0.001517 0.104221 0.270957 0.220526 0.158494 0.382400 0.252066 0.356200 0.313631 0.227987 0.356011 0.066484 -0.019061 -0.037420 -0.035080 0.160909 -0.046071 -0.235917 0.120976 -0.019661 -0.164082 0.019844 -0.274269 -0.039441 0.022368 0.085830 -0.006781 0.256698 0.276486 0.038226 -0.091599 -0.077114 -0.037964 -0.122894 -0.033241 0.075917 0.019576 -0.215878 0.007527 -0.083015 0.191546 0.225965 0.039431 0.020283 0.096990
0.571060 1.000000 -0.482188 0.054015 0.083469 0.235864 -0.511453 -0.273365 -0.046978 -0.024466 0.232595 0.138007 -0.099428 0.166546 -0.083206 0.186877 0.287947 0.420542 -0.293025 0.046271 0.115173 0.125665 -0.076420 -0.199315 -0.328949 -0.255673 -0.001869 -0.020475 -0.038601 0.065855 -0.417027 -0.392236 -0.213579 -0.287649 0.023737 -0.298775 -0.085950 0.307657 -0.176093 0.150336 0.071828 0.303336 -0.073209 0.052624 -0.042833 -0.022408 0.059467 0.046162 0.092213 0.062737 0.172940 0.288643 0.239709 0.179657 0.116326 0.294245 0.492859 0.620697 0.133316 0.012965 -0.119181 0.296314 0.078681 -0.030732 -0.072726 0.115617 -0.488209 -0.231487 0.341614 0.087652 -0.159373 0.076027 -0.160484 0.171497 0.095382 0.064056 0.228184 0.104999 0.109378 0.144718 0.174825 0.227025 0.057884 -0.088887 0.175110 0.043852 0.113852 -0.019794 0.050389 0.160534 -0.110821 -0.234139 -0.092837 -0.386669 0.113353 0.130023 0.192762 0.277399 0.089777 -0.064939 -0.233617 -0.261660 -0.290744 -0.217843 0.062654 -0.015333 0.044139 -0.093719 -0.121181 0.146462 -0.119049 0.261269 0.117183 -0.030050 0.086836 0.060445
-0.516463 -0.482188 1.000000 0.025791 -0.111370 -0.054124 0.710138 0.504228 0.227365 0.231348 -0.273059 -0.039849 0.370291 -0.066033 0.214525 0.161340 -0.305702 -0.526426 0.072000 0.034918 0.158061 0.141197 0.023684 0.098116 0.479530 0.449960 -0.335493 -0.287722 0.060853 -0.175744 0.660285 0.521227 0.247885 0.509296 -0.064879 0.358655 -0.159236 -0.383995 0.183930 0.067559 -0.201987 -0.278629 -0.259981 -0.381953 -0.010000 -0.038517 -0.280035 -0.322919 -0.233198 -0.205006 -0.177906 -0.382209 0.003787 -0.399651 0.041380 -0.371184 -0.559399 -0.269414 0.069714 0.082212 0.476085 0.000781 -0.313033 -0.005594 0.092722 0.029452 0.572759 0.237662 -0.321399 0.382056 0.213970 0.057519 0.038326 -0.192656 -0.246720 -0.058850 -0.363410 -0.164460 -0.325404 -0.197173 -0.365829 -0.227541 -0.233581 -0.042732 -0.379618 -0.412429 -0.228145 -0.472769 -0.033214 -0.300387 -0.130275 0.091508 -0.057071 0.225413 -0.122901 -0.201638 0.186130 -0.172733 -0.341778 -0.330280 -0.063172 0.035758 0.285661 0.165308 -0.089147 -0.079137 0.047829 -0.020608 0.096951 -0.276115 0.252818 -0.440226 -0.207291 -0.203661 -0.165387 -0.084184
-0.028008 0.054015 0.025791 1.000000 0.123541 0.269585 -0.267123 0.210967 0.152414 0.315208 0.157413 0.445240 0.116781 0.260516 0.233048 0.380416 -0.035153 -0.227966 -0.247464 -0.087887 0.026424 0.125278 0.203786 0.351758 0.058146 0.141841 0.252845 0.275138 -0.391612 -0.515592 -0.163130 -0.063816 -0.385737 -0.102546 0.196350 -0.093558 0.038092 0.331702 0.365243 0.204940 0.076455 -0.195802 -0.359824 -0.315383 -0.439098 -0.246694 -0.342402 -0.228678 -0.156339 -0.362402 0.343313 -0.250976 0.303499 -0.045475 0.323377 -0.252340 -0.139739 -0.090729 0.040434 -0.243184 0.094661 0.072461 -0.341577 -0.263930 0.180360 0.665615 -0.234398 0.342257 -0.013940 0.154336 -0.204090 0.186375 -0.387783 -0.234253 -0.158077 0.078560 -0.141720 0.218293 -0.309088 -0.186923 -0.370630 -0.409743 0.034914 -0.315006 0.082845 0.275101 -0.066116 0.186839 0.368511 0.524873 0.251332 0.046533 0.451493 0.146209 0.039115 0.007196 0.041201 -0.290017 -0.180817 -0.268638 -0.161772 -0.069685 -0.291534 0.138533 0.246796 0.045870 0.095052 -0.080133 -0.035277 0.044834 0.173221 -0.093914 0.103175 0.334953 0.329475 0.109231
-0.062233 0.083469 -0.111370 0.123541 1.000000 0.463080 -0.266584 -0.317073 0.480013 0.176139 0.112061 -0.037865 0.003930 -0.161484 0.066195 -0.149263 -0.410181 -0.322058 -0.162044 -0.150497 0.094301 -0.073262 0.516563 0.457363 0.318822 0.125692 0.717165 0.630709 -0.544812 -0.467841 -0.199139 -0.203855 -0.527160 -0.419624 0.507461 0.215742 -0.158783 0.147305 0.232183 0.007171 -0.151159 -0.054551 0.157766 0.137973 0.123732 0.095555 0.077840 0.224596 0.262189 -0.006188 0.381627 0.032872 0.120539 0.116858 0.277078 0.052858 -0.170708 0.012956 0.089564 -0.315952 -0.173132 -0.375959 -0.498920 -0.632722 0.257172 0.272619 -0.031720 0.492075 0.339413 0.196708 -0.312856 -0.172336 -0.542384 -0.371922 -0.246151 -0.331267 -0.117022 -0.150387 -0.359005 -0.400064 -0.261482 -0.454155 -0.024726 -0.435740 0.308554 0.233194 -0.250346 0.141157 0.419966 0.362944 0.146622 0.373689 0.243571 0.384758 0.100706 0.054961 -0.016402 0.157622 -0.074457 -0.049001 -0.135475 -0.209195 0.021886 0.298387 0.298557 0.387614 0.057361 -0.105483 0.141677 0.193843 0.369387 0.129137 -0.028303 0.298806 0.087619 0.053666
0.021851 0.235864 -0.054124 0.269585 0.463080 1.000000 -0.196206 0.065096 0.532147 0.474789 0.177498 0.253649 0.199786 0.300665 0.041765 0.167250 -0.222051 -0.135760 -0.320338 -0.291484 0.070801 0.194645 0.263994 0.239934 0.090660 0.060004 0.342488 0.347375 -0.489763 -0.391986 -0.293096 -0.310189 -0.348452 -0.295172 0.342400 0.010611 -0.286954 0.133128 -0.018384 0.138195 -0.083693 -0.001044 -0.119288 -0.059495 -0.209094 0.024805 -0.296704 -0.103328 -0.085125 -0.310082 0.207420 -0.215285 0.148186 -0.156209 0.286890 -0.024906 -0.067543 0.023974 0.177834 -0.101395 0.114655 0.117315 -0.391930 -0.327356 0.104566 0.539275 0.001423 0.444830 0.233679 0.110910 -0.394856 0.074023 -0.514534 -0.360767 -0.338843 -0.045758 -0.165091 -0.134066 -0.271907 -0.030732 -0.098934 -0.246597 -0.163155 -0.439927 0.158233 0.190434 -0.267137 -0.140448 0.317726 0.402046 0.155190 0.179953 0.512953 0.162859 0.000573 -0.059429 0.228448 0.233234 -0.231208 -0.259353 -0.132869 0.063150 0.147572 0.413055 0.058949 -0.002585 0.128609 0.037722 0.194530 0.127862 0.151032 -0.195531 0.003862 0.207933 0.117161 0.004750
-0.414862 -0.511453 0.710138 -0.267123 -0.266584 -0.196206 1.000000 0.471139 0.124825 0.214840 -0.320553 0.014459 0.163642 0.028898 0.098728 0.080266 -0.036439 -0.288522 0.378889 0.377849 0.046091 -0.015395 -0.153737 -0.123759 0.124198 0.125888 -0.491571 -0.565306 0.485805 0.311225 0.621255 0.530440 0.444976 0.646328 -0.189456 0.307170 -0.016640 -0.510065 -0.175447 -0.173701 -0.132809 -0.205860 -0.138454 -0.322847 0.085708 0.029272 -0.187116 -0.304760 -0.345561 -0.154320 -0.543239 -0.401876 -0.225392 -0.285762 -0.342846 -0.348651 -0.514344 -0.467830 -0.185725 -0.001817 0.411448 -0.093221 0.042217 0.254386 0.139731 -0.349455 0.470655 -0.025590 -0.318498 0.178480 0.319947 0.069195 0.456488 0.061345 0.109010 0.088179 -0.157147 -0.110253 -0.017810 0.003909 -0.058732 0.093803 -0.128294 0.299648 -0.358388 -0.418843 -0.242008 -0.525466 -0.229960 -0.535832 -0.218602 0.028948 -0.235680 0.068669 -0.315042 -0.249889 -0.112796 -0.100012 -0.241085 -0.203509 -0.003685 0.112259 0.204286 -0.039481 -0.309122 -0.370707 -0.128174 -0.051136 0.151694 -0.213288 -0.145792 -0.400095 -0.350774 -0.339735 -0.335079 -0.193039
-0.347693 -0.273365 0.504228 0.210967 -0.317073 0.065096 0.471139 1.000000 0.101823 0.622266 -0.415637 0.209529 0.043963 0.236618 -0.218833 0.250561 -0.149945 -0.225853 -0.115722 -0.114971 0.117643 0.180414 -0.325737 -0.179086 0.162515 0.513024 -0.284487 -0.292869 -0.024791 -0.026596 0.390279 0.547676 0.137823 0.483566 -0.259183 0.143899 -0.174710 -0.202061 -0.096178 0.154884 -0.278000 -0.163980 -0.293618 -0.197810 -0.077414 0.025434 -0.179156 -0.195162 -0.264525 -0.084445 -0.363209 -0.287788 0.122525 -0.172148 -0.126408 -0.114238 -0.288038 -0.316113 -0.071838 0.231316 0.315140 0.288796 -0.119109 0.298616 -0.051766 0.096119 0.208888 0.103090 -0.421978 0.062631 0.028660 0.169191 0.110353 -0.222861 -0.267727 0.085325 -0.366203 0.001170 -0.102332 -0.077796 -0.073350 -0.018891 -0.311480 0.102591 -0.450121 -0.358071 -0.180314 -0.415214 -0.250941 -0.250954 0.107241 -0.331453 0.200269 -0.180257 -0.087728 -0.302594 0.135572 -0.138748 -0.166091 -0.367043 0.134662 0.209884 0.158478 -0.089775 -0.109876 -0.401860 0.145621 0.068832 0.346550 -0.388872 -0.141586 -0.386928 -0.150724 -0.248350 -0.096564 -0.090528
-0.178899 -0.046978 0.227365 0.152414 0.480013 0.532147 0.124825 0.101823 1.000000 0.457443 -0.009167 0.373802 0.251878 0.168668 0.298651 0.290593 -0.231252 -0.263093 -0.080045 -0.112411 -0.089486 -0.203604 0.372329 0.257806 0.084248 0.072262 0.208883 0.049275 -0.199547 -0.295585 -0.007827 -0.058393 -0.317503 -0.172453 0.258364 0.073730 -0.167834 -0.032804 -0.142456 -0.135813 -0.130996 -0.118675 -0.090668 -0.041699 -0.068155 -0.047805 -0.185075 -0.144173 0.062087 -0.102772 0.163183 -0.081844 0.070759 0.066056 0.175690 -0.071834 -0.473764 -0.303079 0.115087 -0.225717 0.293648 0.030440 -0.299179 -0.274662 0.393229 0.278061 -0.015567 0.251341 -0.009567 0.102114 -0.361125 -0.174310 -0.371625 -0.429690 -0.404918 -0.383719 -0.283544 -0.369807 -0.352383 -0.149442 -0.172130 -0.306811 -0.022685 -0.170685 0.156994 0.008330 -0.231582 -0.171576 0.371121 0.210590 0.035164 0.275609 0.322612 0.336956 -0.183773 -0.154611 -0.120797 0.009202 -0.442926 -0.283060 -0.259932 0.083489 -0.017514 0.247105 0.047768 -0.032480 -0.046504 -0.030025 0.292174 -0.129834 0.081238 -0.140355 0.095102 -0.008164 0.017649 -0.021515
-0.223681 -0.024466 0.231348 0.315208 0.176139 0.474789 0.214840 0.622266 0.457443 1.000000 -0.066123 0.438152 0.118037 0.449874 0.064577 0.325064 -0.205614 -0.364130 -0.239261 0.007984 -0.120564 0.008639 0.056014 0.177472 0.154295 0.273518 0.069046 -0.026636 -0.320136 -0.363614 0.079879 0.122594 -0.270678 0.079966 -0.029198 0.132293 -0.231260 -0.050030 -0.107113 -0.058989 -0.216036 -0.378074 -0.151100 -0.031497 -0.015574 0.024684 -0.148991 -0.000819 -0.066314 -0.069970 -0.151299 -0.220900 0.137854 -0.005787 -0.031190 -0.005409 -0.368661 -0.330043 -0.115723 -0.117588 0.186621 0.215424 -0.408293 -0.095133 0.202547 0.321373 -0.082140 0.275041 -0.114464 0.259391 -0.407481 0.038884 -0.337504 -0.428874 -0.458769 -0.192601 -0.393902 -0.217846 -0.322745 -0.313557 -0.247220 -0.346347 -0.178515 -0.208795 -0.045984 -0.032970 -0.381678 -0.304676 0.083881 0.108421 0.242025 0.062308 0.439365 0.166598 -0.312662 -0.320100 -0.006791 -0.031294 -0.285910 -0.343625 -0.136789 0.165186 0.032585 0.036857 0.112599 -0.253795 0.062796 -0.018600 0.156496 -0.138652 -0.034772 -0.250227 0.030479 -0.094002 0.148774 -0.097821
0.457208 0.232595 -0.273059 0.157413 0.112061 0.177498 -0.320553 -0.415637 -0.009167 -0.066123 1.000000 0.155793 0.487107 0.285371 0.510449 0.095375 0.257441 0.080835 0.037621 0.195607 -0.225392 -0.161860 0.292778 0.160770 -0.262161 -0.522179 0.088644 0.140923 -0.089915 -0.309585 -0.431338 -0.614994 -0.371691 -0.220026 0.212620 0.021148 -0.130059 0.162958 -0.141479 -0.179188 0.123061 -0.153903 -0.282105 -0.235133 -0.346774 -0.300188 -0.338891 -0.169319 -0.143016 -0.307887 0.244125 0.067818 -0.064756 0.109825 0.140587 -0.123709 0.220566 0.041910 0.330306 0.082943 0.110894 0.144043 -0.061706 -0.264263 0.189279 0.285549 -0.128399 0.070684 0.451890 0.298372 -0.086089 -0.119136 -0.325173 -0.068642 0.002278 -0.110168 0.048932 -0.132066 -0.083529 0.091995 -0.168155 -0.124597 0.239010 -0.239534 0.443913 0.301438 -0.062704 0.202063 0.304939 0.477944 0.200793 0.251786 0.381028 0.318756 -0.043457 0.035630 -0.174629 0.036076 -0.240303 0.051069 0.124027 -0.067863 0.074681 0.279285 0.213448 0.255254 0.113720 0.100181 -0.232677 0.322045 0.082935 0.014540 -0.028888 0.134952 0.126403 0.317802
0.003128 0.138007 -0.039849 0.445240 -0.037865 0.253649 0.014459 0.209529 0.373802 0.438152 0.155793 1.000000 0.146159 0.737620 0.335198 0.723213 0.300515 -0.012012 -0.025738 0.027640 -0.077896 -0.040531 -0.089189 0.012160 -0.273566 -0.233144 0.026246 -0.151228 0.102336 -0.003103 -0.146608 -0.125419 -0.152970 0.019179 -0.104420 -0.214222 -0.017378 0.219460 -0.278797 -0.156077 0.115871 -0.108909 -0.237826 -0.153323 -0.310966 -0.170235 -0.325904 -0.243621 -0.237446 -0.278760 -0.039782 -0.185321 -0.041769 0.040489 0.024087 -0.226226 -0.223934 -0.384021 -0.133141 -0.283908 0.333604 0.340735 -0.038270 0.096714 0.193690 0.374522 -0.311111 -0.054145 -0.051040 -0.043467 -0.122598 0.178338 -0.044728 0.027529 0.001499 0.147494 -0.003102 0.094158 -0.128294 0.131435 -0.028397 -0.114046 0.028894 0.024235 0.057836 0.068896 -0.095521 -0.106910 0.011204 0.083589 0.135440 -0.018827 0.373064 -0.012172 -0.245018 0.038741 -0.099300 -0.125457 -0.369102 -0.154498 -0.279251 0.033837 -0.264800 -0.144727 -0.025344 -0.327373 -0.047446 -0.132057 0.024729 -0.039955 -0.017243 -0.044129 0.102300 -0.014408 0.043038 0.146055
0.259503 -0.099428 0.370291 0.116781 0.003930 0.199786 0.163642 0.043963 0.251878 0.118037 0.487107 0.146159 1.000000 0.373575 0.392616 0.372266 0.100362 -0.016468 -0.066870 0.000109 -0.098123 0.055687 0.009658 -0.076884 -0.003345 -0.264507 -0.285501 -0.152955 0.001597 -0.203707 -0.031339 -0.311037 -0.074409 0.171236 0.051173 0.305877 -0.146849 0.075848 0.019731 -0.076926 -0.022472 -0.013422 -0.320152 -0.379537 -0.338993 -0.264334 -0.441756 -0.313696 -0.243352 -0.382966 -0.080147 -0.248903 -0.062665 -0.169038 0.329755 -0.314760 -0.024022 -0.077825 0.239282 0.058287 0.632531 0.350875 -0.108465 -0.052884 0.011155 0.303407 0.094560 0.081407 0.020996 0.320981 0.002534 -0.127213 -0.127114 -0.121411 -0.120982 -0.050337 -0.111603 -0.220975 -0.202931 0.103602 -0.291185 -0.097177 0.001210 -0.196216 -0.186971 -0.159106 -0.111279 -0.270272 0.025736 0.155594 0.106812 0.245549 0.306923 0.293408 -0.059143 -0.131673 0.076669 -0.108425 -0.242642 -0.108589 -0.045660 0.083914 0.242424 0.182777 0.058976 0.080026 0.156321 0.146792 -0.084246 0.062228 0.185934 -0.254626 -0.042685 -0.023551 0.066749 0.325607
0.163290 0.166546 -0.066033 0.260516 -0.161484 0.300665 0.028898 0.236618 0.168668 0.449874 0.285371 0.737620 0.373575 1.000000 0.184573 0.623581 0.431419 0.118345 -0.172695 -0.086891 -0.256723 0.017358 -0.304109 -0.196312 -0.431099 -0.430378 -0.153897 -0.151918 0.056593 0.046193 -0.346806 -0.350118 -0.135481 0.002171 -0.275642 -0.089845 0.005278 0.209692 -0.270865 -0.155657 0.136476 -0.118283 -0.184446 -0.124835 -0.259587 -0.155435 -0.258919 -0.153771 -0.239104 -0.280209 -0.169588 -0.251335 -0.088554 -0.108380 0.025049 -0.165311 0.034544 -0.241678 0.037688 -0.060697 0.435593 0.498975 0.068793 0.223410 -0.109513 0.379972 -0.200913 -0.112560 0.015127 0.007647 -0.204137 0.006802 -0.009160 0.053835 -0.045157 0.128310 -0.103652 -0.038711 0.033287 0.191122 0.081098 0.001802 0.102074 -0.046254 -0.054258 0.053945 0.007749 -0.205819 -0.091386 0.043674 0.137515 -0.050138 0.448046 -0.029608 -0.361598 -0.036415 0.032911 -0.036266 -0.266773 -0.156272 -0.052984 0.158930 -0.059554 -0.060527 -0.030409 -0.277784 0.083143 0.077418 0.012873 0.065703 -0.072686 -0.065726 0.147257 -0.071837 0.030911 0.155057
-0.147056 -0.083206 0.214525 0.233048 0.066195 0.041765 0.098728 -0.218833 0.298651 0.064577 0.510449 0.335198 0.392616 0.184573 1.000000 0.417203 0.090217 -0.353416 0.255179 0.411985 -0.031586 -0.228214 0.521343 0.478750 -0.011184 -0.251176 0.022335 -0.079604 0.143146 -0.296476 0.057809 -0.201508 -0.316848 -0.101919 0.061207 0.000677 -0.028737 -0.117398 0.045416 -0.230838 0.149641 -0.326939 -0.430874 -0.419594 -0.342185 -0.323015 -0.425155 -0.377904 -0.306166 -0.351233 0.193780 -0.159030 -0.099476 -0.018190 -0.067224 -0.449335 -0.470749 -0.197875 0.092335 -0.088131 0.189932 -0.045273 -0.206134 -0.317866 0.545991 0.121238 0.007591 0.075148 0.100529 0.433900 -0.047045 -0.170144 -0.300709 -0.201947 -0.157286 -0.187224 -0.192799 -0.251277 -0.375558 -0.142367 -0.333784 -0.310378 0.478811 0.056634 0.520546 0.262444 0.024317 0.136275 0.474138 0.193794 0.140935 0.455463 0.152131 0.427121 -0.130292 -0.032254 -0.267296 -0.090656 -0.460932 -0.021380 -0.106089 0.012482 0.031497 0.132286 0.220541 0.142856 -0.019691 -0.052712 -0.289159 0.102473 0.095532 -0.030502 -0.131958 0.002376 0.056749 0.234548
0.042164 0.186877 0.161340 0.380416 -0.149263 0.167250 0.080266 0.250561 0.290593 0.325064 0.095375 0.723213 0.372266 0.623581 0.417203 1.000000 0.328620 0.034489 -0.033045 0.032990 0.166954 0.015820 -0.136083 -0.149740 -0.162996 -0.165737 -0.156107 -0.302325 0.211602 0.021813 -0.062364 -0.133709 -0.112492 0.013196 -0.284754 -0.207629 0.087090 0.142655 0.007699 0.037002 0.002539 0.039590 -0.311662 -0.255178 -0.340423 -0.185399 -0.229731 -0.287444 -0.231712 -0.287414 -0.000153 -0.142056 0.078051 -0.015015 0.126066 -0.207086 -0.269929 -0.236186 0.078950 -0.126353 0.462330 0.507076 0.017730 0.101372 0.109878 0.338120 -0.240596 -0.219866 -0.165195 0.155884 -0.087931 0.037051 0.003795 0.053711 -0.064103 0.128138 0.023090 0.061317 -0.253889 0.068051 0.038017 -0.068832 0.180404 0.004552 -0.073312 -0.252362 0.067778 -0.284706 0.066914 -0.096976 0.016251 -0.036359 0.216763 -0.091946 -0.086357 -0.030597 0.101512 -0.102887 -0.265640 -0.211414 -0.221993 0.106800 -0.126550 -0.161231 -0.164906 -0.318891 0.123559 -0.070611 0.066188 -0.142827 -0.030340 -0.029185 -0.083905 -0.009791 -0.087119 0.206505
0.444058 0.287947 -0.305702 -0.035153 -0.410181 -0.222051 -0.036439 -0.149945 -0.231252 -0.205614 0.257441 0.300515 0.100362 0.431419 0.090217 0.328620 1.000000 0.563552 0.217849 0.294995 -0.145219 -0.107111 -0.429651 -0.414464 -0.602629 -0.614913 -0.305467 -0.349422 0.529267 0.544718 -0.358532 -0.342871 0.210300 0.046088 -0.351397 -0.393875 0.271779 -0.022146 -0.360852 -0.267572 0.261384 0.201504 -0.126520 -0.218929 -0.342606 -0.331451 -0.076764 -0.219693 -0.240365 -0.181838 -0.176139 0.002631 -0.173138 0.016081 -0.275189 -0.162693 0.415525 -0.007225 0.083501 0.111576 0.287247 0.270331 0.698792 0.496653 -0.198966 -0.203085 -0.249737 -0.640149 0.053442 -0.113996 -0.018428 -0.011467 0.508278 0.470400 0.393749 0.286436 0.236745 0.104572 0.510393 0.446292 0.518473 0.577349 0.384753 0.406979 0.041892 0.017104 0.451958 0.024505 -0.168599 -0.121864 -0.157535 -0.229107 -0.037512 -0.283168 -0.169001 0.132999 -0.257341 -0.061410 -0.032930 0.175485 0.100027 0.171464 -0.197596 -0.178575 -0.338926 -0.307784 -0.161955 0.125875 -0.052022 0.077021 -0.416426 0.135531 0.018558 -0.115390 -0.227969 0.158056
0.594429 0.420542 -0.526426 -0.227966 -0.322058 -0.135760 -0.288522 -0.225853 -0.263093 -0.364130 0.080835 -0.012012 -0.016468 0.118345 -0.353416 0.034489 0.563552 1.000000 -0.067865 -0.006305 -0.147632 -0.056290 -0.493072 -0.527361 -0.507656 -0.403061 -0.279720 -0.232781 0.378020 0.561806 -0.362990 -0.271102 0.270053 -0.054441 -0.174899 -0.270556 0.210307 0.188286 -0.220755 0.059868 0.029114 0.488387 0.113401 0.141054 -0.062297 -0.075579 0.165810 0.034440 0.125662 0.144760 -0.116234 0.266585 -0.135824 0.160240 -0.117741 0.223876 0.671438 0.343765 0.031416 0.095607 -0.026879 0.399843 0.660954 0.554526 -0.378948 -0.218248 -0.362727 -0.570832 -0.001964 -0.431337 -0.035502 -0.034263 0.386320 0.407611 0.357771 0.228602 0.347700 0.130104 0.555114 0.506308 0.586186 0.682822 0.062071 0.334835 -0.177208 -0.058789 0.285325 0.061172 -0.369140 -0.070416 -0.187981 -0.409751 -0.156397 -0.509138 -0.041959 0.111048 -0.098002 -0.000181 0.265287 0.099989 0.146844 -0.057612 -0.140105 -0.287174 -0.424357 -0.276284 -0.160832 0.029392 -0.025358 -0.020690 -0.443508 0.073564 -0.029118 -0.017364 -0.142520 -0.018068
-0.138821 -0.293025 0.072000 -0.247464 -0.162044 -0.320338 0.378889 -0.115722 -0.080045 -0.239261 0.037621 -0.025738 -0.066870 -0.172695 0.255179 -0.033045 0.217849 -0.067865 1.000000 0.538051 -0.002517 -0.191039 0.092928 -0.004885 -0.069688 -0.175696 -0.212526 -0.371252 0.517359 0.364692 0.295966 0.229131 0.402890 0.320529 -0.066812 -0.031364 0.110089 -0.335372 -0.225487 -0.343283 -0.081459 -0.104481 -0.162600 -0.321447 -0.247249 -0.357102 -0.226698 -0.281861 -0.326667 -0.302729 -0.253990 -0.140621 -0.316173 0.018654 -0.387877 -0.448793 -0.181114 -0.434800 -0.060608 -0.018551 0.134011 -0.190399 0.313361 0.233217 0.286436 -0.393220 0.269969 -0.287157 0.160956 -0.020308 0.318746 0.069201 0.427663 0.261911 0.420342 0.203053 0.358179 0.168429 0.179349 0.064898 0.085347 0.101261 0.259521 0.265841 0.107112 -0.111814 0.042531 -0.024902 0.085165 -0.273578 -0.020184 0.187544 -0.202651 0.134617 -0.064084 -0.035679 -0.519760 0.053490 -0.103593 0.359868 0.039374 0.305417 0.079438 0.019854 -0.044666 -0.095129 -0.312811 0.042269 0.010373 -0.021422 -0.130748 0.039350 -0.254807 -0.046637 -0.200673 0.067264
0.095922 0.046271 0.034918 -0.087887 -0.150497 -0.291484 0.377849 -0.114971 -0.112411 0.007984 0.195607 0.027640 0.000109 -0.086891 0.411985 0.032990 0.294995 -0.006305 0.538051 1.000000 -0.039404 -0.089382 0.071372 0.038954 -0.202032 -0.319209 -0.325419 -0.457982 0.555501 0.314651 0.196878 0.102696 0.179251 0.346698 -0.069890 0.058178 0.003741 -0.344398 -0.201566 -0.256290 0.049274 -0.150025 -0.305875 -0.371021 -0.135381 -0.186678 -0.265888 -0.259359 -0.394474 -0.140650 -0.386061 -0.217105 -0.322988 0.024722 -0.462211 -0.363676 -0.107811 -0.082412 -0.175861 -0.006909 -0.017498 -0.162793 0.232519 0.121172 0.314260 -0.478461 0.027632 -0.218923 0.186245 0.430030 0.237437 0.111111 0.297563 0.178085 0.327547 0.201068 0.200760 0.113381 0.206607 0.094319 -0.011423 0.173680 0.299388 0.383242 0.187552 -0.011320 -0.027921 -0.039616 -0.003602 -0.249764 -0.187563 0.084368 -0.256202 0.042394 -0.230381 0.008290 -0.421186 -0.024296 -0.152269 0.173420 -0.059605 0.022832 -0.185438 -0.133086 -0.087490 -0.179020 -0.313959 -0.335004 -0.229791 0.097870 -0.248312 -0.012464 -0.221081 -0.138779 -0.181129 0.024337
-0.109165 0.115173 0.158061 0.026424 0.094301 0.070801 0.046091 0.117643 -0.089486 -0.120564 -0.225392 -0.077896 -0.098123 -0.256723 -0.031586 0.166954 -0.145219 -0.147632 -0.002517 -0.039404 1.000000 0.442041 0.036986 0.017979 0.334871 0.319312 0.150554 0.058035 0.000279 -0.044914 0.274989 0.299055 -0.058983 0.113792 0.025205 -0.036741 -0.018438 -0.124991 0.214700 0.410653 0.011484 0.404264 -0.200826 -0.155958 0.019828 0.158185 -0.080616 -0.159470 -0.157156 -0.078707 0.085883 -0.012122 0.079492 -0.152860 0.089806 -0.101469 -0.078484 0.147261 0.023765 0.033261 -0.046150 -0.059182 -0.181262 -0.168532 0.069314 0.006394 0.016284 0.089893 -0.047661 0.162747 0.166331 0.186925 0.037344 0.067820 0.063527 0.170404 0.010767 0.094892 -0.204234 -0.072391 0.034586 0.025339 -0.040461 0.061654 -0.058316 -0.236836 0.167746 -0.158052 0.055131 -0.198560 -0.173356 -0.158706 -0.129013 -0.204182 0.508344 -0.085604 0.278018 0.208716 0.009808 -0.156913 -0.023253 -0.041939 0.084684 -0.070453 -0.118089 -0.037050 0.219914 -0.135868 0.227389 -0.169329 0.121594 -0.104077 -0.320657 0.018106 -0.184792 0.115342
0.140628 0.125665 0.141197 0.125278 -0.073262 0.194645 -0.015395 0.180414 -0.203604 0.008639 -0.161860 -0.040531 0.055687 0.017358 -0.228214 0.015820 -0.107111 -0.056290 -0.191039 -0.089382 0.442041 1.000000 -0.123605 -0.169449 0.128343 0.143356 -0.152031 0.005856 -0.164123 -0.069389 0.093844 0.082653 0.097176 0.117841 0.018278 0.021845 -0.114511 0.037349 0.100256 0.268317 -0.038043 0.246022 -0.114811 -0.035616 0.004029 0.275818 -0.149001 -0.048903 -0.177326 -0.051211 -0.150111 -0.182195 0.018139 -0.240287 0.137683 -0.022632 0.192079 0.287412 0.018142 0.088276 -0.071770 0.077761 -0.194964 -0.130245 -0.240955 0.106274 0.023301 0.174557 -0.008663 0.159079 0.227102 0.303827 0.024456 0.109022 0.053407 0.385018 -0.011794 0.234552 -0.043073 0.091229 -0.004933 -0.003028 -0.219795 -0.145266 -0.151465 -0.168212 0.100326 -0.255102 -0.148244 -0.126271 -0.046165 -0.135926 0.067888 -0.146536 0.200234 -0.017775 0.494678 -0.059213 0.088025 0.016037 -0.031288 0.124818 -0.007633 0.099765 -0.074759 0.018850 0.273562 -0.114726 -0.024391 -0.034350 0.280312 -0.219846 0.140526 0.005378 -0.048529 -0.037143
-0.306960 -0.076420 0.023684 0.203786 0.516563 0.263994 -0.153737 -0.325737 0.372329 0.056014 0.292778 -0.089189 0.009658 -0.304109 0.521343 -0.136083 -0.429651 -0.493072 0.092928 0.071372 0.036986 -0.123605 1.000000 0.701966 0.316610 0.128050 0.456978 0.410241 -0.407633 -0.571624 0.054442 -0.087719 -0.574001 -0.381619 0.462303 -0.004662 -0.169984 0.080905 0.212716 0.023842 -0.003908 -0.364587 -0.079829 -0.051032 -0.135073 -0.088516 -0.182776 -0.055189 -0.002562 -0.157657 0.518934 -0.002978 0.053428 0.155059 0.023460 -0.063022 -0.417689 -0.055114 -0.001236 -0.315398 -0.200417 -0.352158 -0.613482 -0.681207 0.740356 0.293922 -0.059318 0.455438 0.253225 0.264882 -0.205192 -0.274651 -0.654964 -0.365403 -0.252736 -0.377999 -0.213864 -0.310258 -0.490982 -0.451626 -0.398902 -0.522505 0.203776 -0.380611 0.678971 0.356439 -0.134263 0.309904 0.730220 0.483635 0.146609 0.495692 0.179250 0.559070 0.070975 0.005397 -0.125542 0.092856 -0.273159 -0.100250 -0.123331 -0.131911 0.055146 0.281922 0.446115 0.427913 -0.123214 -0.132099 -0.119137 0.226233 0.274625 -0.048509 -0.079759 0.229807 0.253515 0.128565
-0.461334 -0.199315 0.098116 0.351758 0.457363 0.239934 -0.123759 -0.179086 0.257806 0.177472 0.160770 0.012160 -0.076884 -0.196312 0.478750 -0.149740 -0.414464 -0.527361 -0.004885 0.038954 0.017979 -0.169449 0.701966 1.000000 0.303822 0.258548 0.477766 0.543457 -0.439000 -0.619078 0.057132 0.073604 -0.490316 -0.322146 0.385726 -0.016498 0.050831 0.017455 0.381468 -0.014232 0.075504 -0.398888 -0.207724 -0.171557 -0.211086 -0.226487 -0.279907 -0.109295 -0.002920 -0.215621 0.380699 -0.137887 0.089713 -0.051473 0.001693 -0.312276 -0.368946 -0.110834 -0.036716 -0.355941 -0.200994 -0.428450 -0.530683 -0.513631 0.430984 0.251428 0.049531 0.479266 0.082100 0.321841 -0.229276 -0.110597 -0.564794 -0.478992 -0.328318 -0.309722 -0.362202 -0.228367 -0.466160 -0.413312 -0.470409 -0.502228 0.254009 -0.150129 0.569717 0.653784 -0.115510 0.470371 0.645208 0.568421 0.269542 0.537174 0.271590 0.593221 0.127487 -0.066438 -0.319612 -0.013876 -0.293039 -0.101101 -0.061411 -0.052833 0.038764 0.281450 0.428512 0.408159 -0.147568 -0.128682 -0.176241 0.162149 0.236257 -0.132384 -0.117362 0.293745 0.278019 0.044776
-0.455935 -0.328949 0.479530 0.058146 0.318822 0.090660 0.124198 0.162515 0.084248 0.154295 -0.262161 -0.273566 -0.003345 -0.431099 -0.011184 -0.162996 -0.602629 -0.507656 -0.069688 -0.202032 0.334871 0.128343 0.316610 0.303822 1.000000 0.738524 0.270154 0.257798 -0.311146 -0.411317 0.558347 0.428650 -0.020957 0.169421 0.277823 0.327436 -0.109009 -0.147874 0.408785 0.304507 -0.128637 -0.101750 -0.003634 -0.015030 0.186104 0.210817 -0.035971 0.008392 0.062024 -0.006219 0.119727 -0.220540 0.016101 -0.279049 0.161081 -0.085432 -0.386526 -0.082224 -0.037963 -0.057002 -0.029714 -0.201965 -0.490531 -0.324863 0.158629 0.177857 0.388348 0.516187 -0.058025 0.234441 -0.075373 -0.064681 -0.295797 -0.336719 -0.251343 -0.244279 -0.125910 -0.133960 -0.430238 -0.400835 -0.330857 -0.430783 -0.298256 -0.356919 -0.186252 -0.145199 -0.322903 -0.205328 0.114135 -0.023428 0.000785 0.063143 -0.036106 0.124834 0.260467 -0.025320 0.212580 0.020003 -0.013514 -0.217812 -0.199492 -0.151504 0.152126 0.257796 0.181859 0.245113 0.088577 -0.072975 0.078417 -0.194163 0.341573 -0.167834 -0.112226 0.022284 0.060077 -0.082808
-0.515208 -0.255673 0.449960 0.141841 0.125692 0.060004 0.125888 0.513024 0.072262 0.273518 -0.522179 -0.233144 -0.264507 -0.430378 -0.251176 -0.165737 -0.614913 -0.403061 -0.175696 -0.319209 0.319312 0.143356 0.128050 0.258548 0.738524 1.000000 0.161869 0.195386 -0.370653 -0.329738 0.576806 0.683917 0.023447 0.195185 0.215844 0.216817 -0.111408 -0.183764 0.309345 0.354234 -0.233783 -0.140057 -0.108109 0.009837 0.133799 0.169286 -0.018565 -0.031832 0.067812 0.069174 0.057730 -0.124496 0.152831 -0.191512 -0.030350 -0.045737 -0.307967 -0.029413 -0.008812 0.034834 -0.082670 -0.138054 -0.376209 -0.127546 0.069890 0.134382 0.321877 0.433038 -0.249460 0.105646 -0.067385 0.145138 -0.240037 -0.393998 -0.376041 -0.131321 -0.260934 0.044361 -0.331222 -0.349217 -0.253488 -0.297016 -0.291100 -0.162644 -0.248274 -0.122190 -0.233612 -0.159384 0.050929 -0.049625 -0.021235 -0.227619 -0.032578 -0.065639 0.294344 -0.157035 0.161951 -0.047796 -0.071370 -0.310429 0.027811 -0.037806 0.238006 0.102975 0.143231 0.096314 0.085204 0.005484 0.179009 -0.354596 0.141914 -0.249951 -0.138610 -0.027549 0.064832 -0.164316
-0.139784 -0.001869 -0.335493 0.252845 0.717165 0.342488 -0.491571 -0.284487 0.208883 0.069046 0.088644 0.026246 -0.285501 -0.153897 0.022335 -0.156107 -0.305467 -0.279720 -0.212526 -0.325419 0.150554 -0.152031 0.456978 0.477766 0.270154 0.161869 1.000000 0.785266 -0.551855 -0.483153 -0.300418 -0.180106 -0.609687 -0.546499 0.387020 -0.060626 -0.047481 0.207613 0.287867 -0.009807 -0.069754 -0.106735 0.200487 0.240305 0.060776 0.053653 0.202975 0.280045 0.292739 0.046659 0.521084 0.144418 0.166229 0.151746 0.262596 0.146158 -0.075859 -0.082550 -0.028290 -0.284447 -0.382926 -0.293832 -0.363330 -0.495624 0.224885 0.356826 -0.133357 0.369868 0.284272 -0.066080 -0.366726 -0.129429 -0.537854 -0.333295 -0.218586 -0.331658 -0.078495 -0.074558 -0.292521 -0.350461 -0.141794 -0.414310 0.127957 -0.314159 0.424404 0.409830 -0.003917 0.372283 0.399361 0.451894 0.271247 0.175730 0.315418 0.221637 0.188654 0.061975 -0.021830 0.089797 0.112584 0.110397 -0.028477 -0.081821 -0.059252 0.214773 0.315392 0.317325 0.143315 -0.024911 0.098582 0.094097 0.322690 0.220444 0.025912 0.435383 0.150608 0.037382
-0.094077 -0.020475 -0.287722 0.275138 0.630709 0.347375 -0.565306 -0.292869 0.049275 -0.026636 0.140923 -0.151228 -0.152955 -0.151918 -0.079604 -0.302325 -0.349422 -0.232781 -0.371252 -0.457982 0.058035 0.005856 0.410241 0.543457 0.257798 0.195386 0.785266 1.000000 -0.705835 -0.531991 -0.374690 -0.258250 -0.569482 -0.558090 0.473019 0.019709 0.016099 0.308210 0.442657 0.152208 0.026260 -0.093773 0.186325 0.245459 -0.039900 0.060095 0.093950 0.342026 0.229994 0.003014 0.492115 0.046009 0.162846 0.038548 0.273718 0.066876 0.076157 0.093581 0.005397 -0.288439 -0.368368 -0.370556 -0.403106 -0.500313 0.005853 0.402685 -0.092406 0.524463 0.200178 0.019338 -0.337320 -0.176708 -0.553791 -0.392058 -0.294042 -0.299209 -0.206765 -0.129884 -0.167957 -0.266480 -0.114053 -0.308431 0.042994 -0.401306 0.332368 0.542369 -0.026176 0.484338 0.330911 0.572745 0.346389 0.288381 0.425547 0.311953 0.297631 0.229068 0.084393 0.086628 0.044469 0.072653 0.113143 -0.209218 0.017975 0.240028 0.349214 0.438003 0.147268 0.028903 0.035380 0.245193 0.458271 0.142353 0.066348 0.421084 0.295428 0.088001
0.105797 -0.038601 0.060853 -0.391612 -0.544812 -0.489763 0.485805 -0.024791 -0.199547 -0.320136 -0.089915 0.102336 0.001597 0.056593 0.143146 0.211602 0.529267 0.378020 0.517359 0.555501 0.000279 -0.164123 -0.407633 -0.439000 -0.311146 -0.370653 -0.551855 -0.705835 1.000000 0.772297 0.295084 0.225398 0.532576 0.470512 -0.357228 -0.046054 0.265370 -0.319217 -0.344233 -0.227842 0.143143 0.233912 -0.117703 -0.261259 -0.037963 -0.114985 -0.021902 -0.315614 -0.291039 -0.057569 -0.544260 -0.093067 -0.362238 -0.092041 -0.444235 -0.223048 -0.009635 -0.186236 -0.173652 0.080861 0.221601 0.170390 0.652479 0.538979 -0.037275 -0.566745 0.082069 -0.591502 -0.137382 -0.106746 0.415885 0.043873 0.746803 0.426137 0.520999 0.257061 0.335905 0.064978 0.431135 0.421168 0.402619 0.561946 0.240193 0.657955 -0.144368 -0.322702 0.244203 -0.215215 -0.381332 -0.617504 -0.322502 -0.222562 -0.467919 -0.368773 -0.131582 -0.002374 -0.294637 -0.034765 -0.014994 0.131062 0.002943 0.053947 -0.143407 -0.373162 -0.475016 -0.469486 -0.204266 -0.062765 -0.037948 -0.159855 -0.456224 0.034159 -0.192719 -0.353905 -0.474566 -0.042930
0.184378 0.065855 -0.175744 -0.515592 -0.467841 -0.391986 0.311225 -0.026596 -0.295585 -0.363614 -0.309585 -0.003103 -0.203707 0.046193 -0.296476 0.021813 0.544718 0.561806 0.364692 0.314651 -0.044914 -0.069389 -0.571624 -0.619078 -0.411317 -0.329738 -0.483153 -0.531991 0.772297 1.000000 0.066546 0.149492 0.626658 0.366840 -0.410264 -0.152220 0.207510 -0.112721 -0.404789 -0.075273 0.082043 0.432707 0.099910 -0.038445 0.023175 -0.053609 0.127544 -0.087814 -0.196371 0.034966 -0.567771 -0.018716 -0.330314 -0.089368 -0.477270 -0.015583 0.233327 -0.036817 -0.197440 0.121988 0.111284 0.094437 0.752821 0.667837 -0.295793 -0.620999 0.013240 -0.644919 -0.091595 -0.345351 0.398406 0.128505 0.835491 0.590156 0.611513 0.422170 0.467100 0.236906 0.691108 0.555089 0.634093 0.737127 0.067995 0.616390 -0.329052 -0.292061 0.192637 -0.193807 -0.541231 -0.585138 -0.337394 -0.358200 -0.443620 -0.501461 -0.094304 0.200001 -0.148589 0.142244 0.217953 0.257619 0.111384 0.048209 -0.154482 -0.426550 -0.515736 -0.429228 -0.222671 -0.062359 0.112381 -0.064648 -0.456779 0.161961 -0.151783 -0.256425 -0.438519 -0.067881
-0.507322 -0.417027 0.660285 -0.163130 -0.199139 -0.293096 0.621255 0.390279 -0.007827 0.079879 -0.431338 -0.146608 -0.031339 -0.346806 0.057809 -0.062364 -0.358532 -0.362990 0.295966 0.196878 0.274989 0.093844 0.054442 0.057132 0.558347 0.576806 -0.300418 -0.374690 0.295084 0.066546 1.000000 0.840415 0.302711 0.552009 0.008976 0.265714 -0.128685 -0.383695 0.038679 0.080601 -0.123972 -0.166551 -0.186123 -0.224958 0.136261 0.091879 -0.145360 -0.306443 -0.237183 -0.037317 -0.335747 -0.235889 -0.189247 -0.243241 -0.316848 -0.278267 -0.423195 -0.196893 -0.250681 0.032877 0.115188 0.011887 -0.194219 0.085938 0.271064 -0.177824 0.341428 0.083325 -0.339125 0.138377 0.347446 0.153823 0.180056 -0.045552 0.042255 0.010637 -0.037508 -0.024427 -0.209010 -0.175912 -0.284214 -0.124850 -0.136843 0.177579 -0.269222 -0.351768 -0.085637 -0.275717 -0.129115 -0.422215 -0.164983 -0.088328 -0.347534 -0.018712 0.032830 -0.151594 -0.091422 -0.086201 -0.168033 -0.242623 -0.089545 -0.041930 0.188678 -0.132983 -0.047545 -0.077355 -0.209777 0.000992 -0.025404 -0.351597 -0.065713 -0.335505 -0.174835 -0.323915 -0.191550 -0.195032
-0.599736 -0.392236 0.521227 -0.063816 -0.203855 -0.310189 0.530440 0.547676 -0.058393 0.122594 -0.614994 -0.125419 -0.311037 -0.350118 -0.201508 -0.133709 -0.342871 -0.271102 0.229131 0.102696 0.299055 0.082653 -0.087719 0.073604 0.428650 0.683917 -0.180106 -0.258250 0.225398 0.149492 0.840415 1.000000 0.310535 0.556843 -0.066246 0.179265 -0.033663 -0.352237 0.083751 0.135826 -0.159856 -0.154054 -0.192605 -0.193009 0.124492 0.037850 -0.053426 -0.250275 -0.170426 0.011513 -0.371543 -0.201312 -0.089541 -0.208010 -0.365933 -0.218918 -0.341576 -0.225430 -0.208238 0.034458 0.010975 -0.049377 -0.078433 0.203666 0.119532 -0.209703 0.356603 0.025165 -0.344371 0.021086 0.346917 0.282241 0.257730 -0.092690 0.038710 0.059879 -0.103784 0.050899 -0.033948 -0.103943 -0.118456 -0.017096 -0.140600 0.289383 -0.287921 -0.262497 -0.051095 -0.165225 -0.142614 -0.386459 -0.197766 -0.276609 -0.292757 -0.145844 0.118626 -0.184570 -0.134641 -0.041310 -0.118639 -0.222848 0.011815 0.025452 0.046301 -0.221946 -0.109370 -0.195871 -0.164885 -0.076523 0.193038 -0.353408 -0.154676 -0.292062 -0.215407 -0.208080 -0.229223 -0.229413
-0.002888 -0.213579 0.247885 -0.385737 -0.527160 -0.348452 0.444976 0.137823 -0.317503 -0.270678 -0.371691 -0.152970 -0.074409 -0.135481 -0.316848 -0.112492 0.210300 0.270053 0.402890 0.179251 -0.058983 0.097176 -0.574001 -0.490316 -0.020957 0.023447 -0.609687 -0.569482 0.532576 0.626658 0.302711 0.310535 1.000000 0.615897 -0.287862 0.090506 0.079266 -0.296522 -0.172470 0.007808 -0.079952 0.219450 0.088928 -0.049135 0.088363 0.023937 -0.006622 -0.123907 -0.101724 0.029925 -0.488266 -0.115904 -0.278338 -0.218956 -0.197468 -0.103380 0.073538 -0.062748 -0.057524 0.191391 0.213021 0.014260 0.504322 0.585994 -0.421980 -0.506223 0.396906 -0.338894 -0.187598 -0.195416 0.375994 0.266113 0.745719 0.413497 0.359508 0.397441 0.299837 0.299874 0.469645 0.408106 0.327184 0.450637 -0.297843 0.310989 -0.580253 -0.452900 -0.101795 -0.387360 -0.560272 -0.600054 -0.391161 -0.296052 -0.461553 -0.378206 -0.122530 -0.000288 0.028285 -0.176849 0.117486 0.145018 0.079943 0.144825 0.004611 -0.166569 -0.444356 -0.325762 -0.170780 -0.018514 0.049993 -0.204713 -0.217214 -0.056784 -0.066263 -0.272095 -0.289306 -0.210889
-0.181905 -0.287649 0.509296 -0.102546 -0.419624 -0.295172 0.646328 0.483566 -0.172453 0.079966 -0.220026 0.019179 0.171236 0.002171 -0.101919 0.013196 0.046088 -0.054441 0.320529 0.346698 0.113792 0.117841 -0.381619 -0.322146 0.169421 0.195185 -0.546499 -0.558090 0.470512 0.366840 0.552009 0.556843 0.615897 1.000000 -0.038513 0.452669 -0.081144 -0.269644 -0.165330 0.101952 -0.020594 -0.004717 -0.355775 -0.411156 -0.050241 -0.065374 -0.368268 -0.452672 -0.463645 -0.226234 -0.624939 -0.441417 -0.331259 -0.360895 -0.299613 -0.320086 -0.161504 -0.281305 -0.044405 0.152688 0.443581 0.109101 0.159692 0.429102 -0.019132 -0.204373 0.454650 -0.016347 -0.095992 0.221259 0.437492 0.311697 0.523037 0.197379 0.350899 0.385132 0.084499 0.159777 0.188508 0.239209 -0.051290 0.213172 -0.352969 0.215204 -0.544223 -0.494993 -0.279935 -0.457088 -0.369350 -0.503995 -0.332128 -0.326681 -0.225608 -0.214991 -0.093747 -0.186162 -0.039855 -0.118790 -0.247065 -0.216028 -0.099859 -0.013497 0.004777 -0.225735 -0.281894 -0.331375 -0.060595 -0.104032 0.101034 -0.113969 -0.139170 -0.381668 -0.212607 -0.343253 -0.276758 -0.056410
0.012358 0.023737 -0.064879 0.196350 0.507461 0.342400 -0.189456 -0.259183 0.258364 -0.029198 0.212620 -0.104420 0.051173 -0.275642 0.061207 -0.284754 -0.351397 -0.174899 -0.066812 -0.069890 0.025205 0.018278 0.462303 0.385726 0.277823 0.215844 0.387020 0.473019 -0.357228 -0.410264 0.008976 -0.066246 -0.287862 -0.038513 1.000000 0.419457 -0.099157 0.161547 0.151174 0.065244 0.021663 -0.126902 -0.106981 -0.019191 -0.025691 0.093874 -0.297169 -0.085339 -0.044657 -0.108703 0.205340 -0.168042 -0.157215 -0.101014 0.025389 -0.143273 -0.038997 0.121288 -0.004292 -0.242377 -0.021935 -0.263281 -0.309407 -0.403621 0.345291 0.350143 0.093199 0.609829 0.258297 0.248309 -0.156154 0.070529 -0.401090 -0.276081 -0.050937 -0.052532 -0.021320 0.003170 -0.258756 -0.106769 -0.338547 -0.232901 -0.164473 -0.390739 0.213370 0.209742 -0.294917 0.193933 0.334336 0.327006 -0.044885 0.093989 0.127584 0.170632 0.132016 -0.027360 -0.127891 -0.117808 -0.267235 -0.247629 -0.248334 -0.313900 -0.007060 0.168809 0.197383 0.268514 -0.023420 -0.036660 -0.062916 0.216457 0.270543 -0.233624 0.018004 0.149946 0.140262 -0.000308
-0.140490 -0.298775 0.358655 -0.093558 0.215742 0.010611 0.307170 0.143899 0.073730 0.132293 0.021148 -0.214222 0.305877 -0.089845 0.000677 -0.207629 -0.393875 -0.270556 -0.031364 0.058178 -0.036741 0.021845 -0.004662 -0.016498 0.327436 0.216817 -0.060626 0.019709 -0.046054 -0.152220 0.265714 0.179265 0.090506 0.452669 0.419457 1.000000 -0.234874 -0.179764 0.083826 0.040496 -0.152727 -0.132948 -0.078683 -0.065955 0.324489 0.279940 -0.158016 -0.071644 -0.088694 0.047463 -0.313066 -0.291703 -0.256196 -0.296446 0.004957 -0.161554 -0.234668 -0.025026 0.093310 0.081308 0.228612 -0.115184 -0.243693 -0.152909 0.015129 0.020580 0.491944 0.504227 0.056209 0.305844 0.129343 -0.029764 -0.066286 -0.272526 -0.067028 -0.062432 -0.236260 -0.167084 -0.123684 -0.047182 -0.285079 -0.134691 -0.383980 -0.143749 -0.309236 -0.245894 -0.458224 -0.247988 -0.136729 -0.199341 -0.192441 -0.053087 -0.097314 0.053419 -0.037528 -0.229287 0.016867 -0.108367 -0.214823 -0.281442 -0.021104 -0.161355 0.201525 -0.034236 -0.007137 -0.051396 0.123398 0.028064 0.067797 -0.002737 0.237349 -0.247722 -0.191586 -0.278222 -0.167155 -0.154091
