1.000000 0.545785 -0.278650 -0.305400 0.067606 -0.111800 -0.295693 -0.347738 -0.455472 -0.333089 0.352886 -0.070860 0.247867 -0.073665 0.088099 -0.004572 0.457791 0.475849 0.360324 0.297125 -0.279791 -0.263445 -0.107482 -0.445536 -0.146172 -0.381812 -0.099821 -0.160606 0.361002 0.423389 -0.204174 -0.238638 0.428443 -0.004794 -0.216390 -0.309913 0.349022 0.269015 0.225816 0.122144 -0.048201 0.085088 0.208687 0.083378 0.155802 -0.076925 -0.057434 0.018370 0.181833 0.019584 -0.289146 -0.183041 -0.112464 -0.227951 0.183196 0.005335 0.698470 0.603274 0.078120 -0.292836 0.030783 -0.057091 0.045715 0.012783 -0.417304 -0.422023 -0.365640 -0.575990 0.405059 0.405022 0.013111 0.035809 0.350390 0.173748 0.162271 0.154306 0.226609 -0.027682 0.237118 0.256634 0.309492 0.312359 0.153651 0.197228 0.233927 0.117556 -0.186052 0.142114 -0.051875 0.008295 -0.305595 -0.232795 -0.476683 -0.129852 -0.027589 -0.223391 0.161240 0.169269 0.015999 0.051317 -0.165151 0.099474 -0.097375 -0.072800 -0.004688 -0.120915 0.054795 -0.005327 0.167114 0.141396 0.034599 0.229856 0.033288 -0.107358 -0.037751 0.127933
0.545785 1.000000 -0.253882 -0.335173 0.015772 -0.359827 -0.353825 -0.430191 -0.254759 -0.360573 0.150358 -0.046846 0.223298 -0.228042 -0.025909 -0.016598 0.354500 0.604472 0.305543 0.233309 -0.138419 -0.126875 -0.156874 -0.563448 -0.075557 -0.451729 -0.082282 -0.353456 0.244030 0.392826 -0.279340 -0.324912 0.383667 -0.009111 -0.374289 -0.447249 0.255398 0.210521 0.339142 0.146741 -0.121766 0.038228 0.292578 0.170743 0.158608 -0.162034 0.313069 0.228687 0.413270 0.326731 -0.054382 0.135870 0.065643 0.022792 0.138567 0.223785 0.579354 0.659918 0.173627 -0.102116 -0.050164 -0.167041 0.037569 0.314525 -0.572376 -0.530342 -0.295335 -0.684357 0.524700 0.323722 -0.090994 -0.011564 0.263500 0.073364 0.210424 0.091532 0.201757 -0.092655 0.212679 0.320461 0.240264 0.433347 -0.154755 0.011190 -0.003642 0.086271 -0.235062 0.072690 -0.101594 -0.228897 -0.038385 -0.160667 -0.547517 -0.198214 -0.217291 -0.200436 0.341061 0.045761 0.198211 0.146103 -0.035880 0.085721 -0.162014 0.074957 -0.148015 -0.095039 -0.080377 -0.077621 0.128587 0.120346 0.141923 0.448786 0.227804 -0.290922 -0.031279 0.267867
-0.278650 -0.253882 1.000000 0.213702 0.191363 0.134981 0.672383 -0.094999 0.543569 -0.191078 -0.228342 -0.255999 0.099714 -0.070368 0.211986 -0.063946 -0.341080 -0.374445 -0.072330 -0.082989 0.227960 0.043189 0.623529 0.324096 0.707594 0.532264 0.578328 0.447306 -0.315185 -0.393899 0.379312 0.048520 -0.096340 -0.027935 0.328549 0.212027 -0.278489 -0.085052 -0.188744 0.139693 -0.154220 0.138108 -0.243195 -0.261552 -0.158904 -0.039477 -0.248714 -0.067715 -0.235640 -0.254289 0.429708 -0.146965 -0.019552 0.120948 0.077992 0.022012 -0.352656 -0.236051 0.098076 -0.099018 0.040611 -0.402477 -0.351972 -0.418332 0.551705 0.018309 0.119475 0.337199 -0.341049 -0.237660 -0.059303 -0.177854 -0.317177 0.238054 0.149203 0.062998 0.221072 0.038893 -0.233243 -0.102019 -0.532607 -0.457554 0.158824 -0.136439 -0.368894 -0.147410 0.375172 -0.173493 0.266779 0.294949 0.002620 0.138979 0.263580 0.232315 0.359529 0.094671 0.046017 -0.106964 -0.240545 -0.096783 0.122906 -0.000975 0.227680 -0.270928 0.177114 0.016909 0.037849 0.058699 -0.200839 -0.109260 0.271663 -0.178667 0.129338 0.106591 -0.101500 -0.123609
-0.305400 -0.335173 0.213702 1.000000 -0.064684 0.021976 0.289165 0.480371 0.282392 0.292554 -0.235009 -0.064491 -0.181452 -0.017988 0.130881 0.032608 -0.444629 -0.519019 -0.149769 -0.115085 -0.030410 0.144774 0.322956 0.587685 0.068091 0.443919 0.017584 0.297129 -0.389541 -0.325971 0.121886 0.308791 -0.293530 -0.026334 0.045832 0.238421 -0.287006 -0.392709 -0.202680 -0.107788 -0.130568 -0.249296 0.077461 0.082842 -0.098351 0.077934 -0.020724 0.167856 -0.172436 -0.183260 0.151061 -0.105345 0.047146 0.076656 -0.091564 -0.121365 -0.392701 -0.344335 -0.185655 -0.024141 -0.123034 0.058464 -0.151649 -0.313795 0.511514 0.377498 0.016698 0.344957 -0.357403 -0.235277 -0.077981 0.014770 -0.256747 0.142121 0.026067 -0.048910 -0.021321 -0.073701 -0.320526 -0.116882 -0.459508 -0.493899 0.183341 0.133055 0.011934 0.171234 0.161375 -0.099306 0.021493 0.066231 -0.068720 -0.047086 0.446551 0.188239 0.136833 0.067867 -0.302335 -0.119478 -0.074809 -0.231396 -0.005050 -0.057243 0.054880 -0.325321 0.065625 -0.213632 -0.115132 -0.032764 -0.398475 0.062137 -0.311373 -0.284870 -0.130431 0.186076 0.056205 -0.282213
0.067606 0.015772 0.191363 -0.064684 1.000000 0.402832 0.068378 0.072491 0.241780 -0.013597 0.000050 0.236634 0.219597 0.275146 -0.076660 0.097576 -0.320467 -0.109928 -0.130288 -0.064818 0.431026 0.042584 -0.004681 0.022514 0.409763 0.230580 0.581636 0.540034 -0.303876 -0.215729 -0.184804 -0.202731 -0.117044 0.005741 0.153056 0.176234 -0.126403 0.037589 0.277310 0.249520 -0.135794 -0.093320 -0.283451 -0.278273 -0.137385 -0.133187 -0.306403 -0.182018 -0.059420 -0.191770 -0.063226 -0.040842 -0.217721 -0.168132 0.291944 0.230325 -0.030916 0.030947 0.222968 0.175063 0.219725 0.062755 -0.200271 0.058296 0.026822 0.207630 0.071029 0.132499 0.083892 0.126058 -0.086245 0.011431 -0.136559 0.067681 -0.135474 -0.182446 -0.101024 -0.219431 -0.278222 -0.165497 -0.223003 -0.245993 -0.096940 -0.274743 -0.180128 0.026644 0.245005 0.134614 0.504164 0.482605 -0.202239 -0.094217 -0.128915 -0.075908 -0.038689 -0.027892 0.036713 0.136156 -0.410968 -0.214710 0.092150 -0.290643 -0.073048 -0.022361 -0.019102 -0.128776 -0.085163 -0.201671 -0.020249 -0.072936 0.160550 -0.077020 -0.200735 -0.093336 -0.111609 0.175052
-0.111800 -0.359827 0.134981 0.021976 0.402832 1.000000 0.141395 0.344673 0.256086 0.348015 -0.236977 0.087760 -0.091121 0.270961 -0.240806 0.115949 -0.354845 -0.354497 -0.215655 -0.185383 0.245759 0.176617 -0.026446 0.197377 0.273096 0.523873 0.364542 0.559234 -0.352274 -0.232364 -0.071097 0.054643 -0.200692 0.017057 0.119453 0.067747 -0.286041 -0.181991 -0.133023 -0.062809 -0.122281 -0.111715 -0.126853 -0.057919 -0.017864 0.073394 -0.048617 0.105604 0.101989 -0.030663 -0.042113 0.058291 -0.110103 -0.076287 0.249064 0.075401 -0.238970 -0.209181 -0.072178 0.051830 0.045395 0.179912 -0.351860 -0.242462 0.009711 0.341944 0.036308 0.206638 -0.000217 0.019552 -0.225972 -0.084422 -0.279236 -0.030786 -0.241025 -0.228503 -0.277690 -0.301661 -0.145623 -0.180107 -0.123849 -0.237802 -0.221105 -0.324602 -0.052693 0.030607 0.062296 0.018431 0.120120 0.450606 -0.015860 -0.134763 0.206366 -0.144452 0.000952 0.063065 0.043101 -0.012156 -0.167194 -0.218045 0.095924 -0.494607 0.003335 -0.062106 0.046263 -0.055781 0.145169 -0.021825 0.072709 -0.043006 0.127675 -0.157363 -0.290569 0.030646 -0.301335 -0.042948
-0.295693 -0.353825 0.672383 0.289165 0.068378 0.141395 1.000000 0.261135 0.666052 0.172028 -0.199483 -0.304078 -0.012427 -0.095960 0.109036 -0.050581 -0.223995 -0.290251 -0.006157 -0.022812 0.188520 0.126108 0.283789 0.298741 0.370484 0.454062 0.185520 0.141080 -0.094508 -0.169501 0.530109 0.505143 -0.159863 0.389055 0.157937 0.258225 -0.247522 -0.192681 -0.155625 -0.160024 -0.121347 -0.056355 -0.328214 -0.243595 -0.143476 0.033039 -0.293518 -0.183113 -0.418921 -0.395406 0.070650 -0.380569 -0.048129 0.011512 -0.016278 -0.196847 -0.370369 -0.346185 0.048130 -0.064226 0.145046 -0.114995 -0.081956 -0.270284 0.586205 0.173896 0.166565 0.419667 -0.518897 -0.315607 0.138271 0.030197 -0.189637 0.132346 0.137794 0.034940 0.304275 0.165287 -0.123224 -0.012215 -0.377507 -0.363733 0.152105 0.082756 -0.319733 -0.216693 0.103854 -0.118110 0.068764 0.043983 -0.090499 0.023075 0.213663 0.188236 0.232259 0.022153 -0.270186 -0.177716 -0.329065 -0.196727 -0.114704 0.013467 0.158933 -0.168875 -0.076498 -0.084597 0.009870 0.126603 -0.070263 -0.188537 -0.065246 -0.326893 -0.061801 0.226806 -0.027125 -0.188183
-0.347738 -0.430191 -0.094999 0.480371 0.072491 0.344673 0.261135 1.000000 0.382499 0.736986 -0.147955 0.346983 -0.060601 0.486355 -0.187518 0.332919 -0.311601 -0.471461 -0.375724 -0.223258 -0.071980 0.104744 -0.243491 0.295238 -0.146816 0.362927 -0.290013 0.074367 -0.367539 -0.134564 -0.116130 0.339479 -0.497950 0.178043 0.096619 0.353706 -0.332898 -0.437839 -0.275527 -0.287175 -0.028860 -0.223605 -0.282899 -0.223198 -0.276312 0.064634 -0.041329 -0.062032 -0.193845 -0.265700 -0.000070 -0.023921 0.223511 0.000288 0.037384 -0.194709 -0.450595 -0.403639 -0.028318 0.223808 0.165189 0.653006 -0.014313 0.030917 0.325516 0.822981 0.049860 0.417964 -0.430667 -0.277134 0.041742 0.004457 -0.236059 -0.060051 -0.182769 -0.036610 -0.126455 -0.133144 -0.307249 -0.143018 -0.276355 -0.436948 -0.237737 -0.171538 -0.045576 -0.100382 -0.267790 -0.224614 0.018118 0.248176 0.100619 -0.098404 0.385978 -0.051248 0.095303 0.232296 -0.281871 -0.130402 -0.061156 -0.221805 0.069046 -0.125096 -0.040970 -0.310730 -0.097677 -0.089310 0.105966 0.039050 -0.195995 -0.045254 -0.383018 -0.333386 -0.331497 0.182992 -0.115995 -0.337266
-0.455472 -0.254759 0.543569 0.282392 0.241780 0.256086 0.666052 0.382499 1.000000 0.225826 -0.320233 -0.144961 -0.032538 0.062750 -0.054310 0.050950 -0.398772 -0.397710 -0.027548 -0.099036 0.328882 0.161247 0.144835 0.111295 0.458065 0.516973 0.217000 0.208465 -0.283513 -0.203096 0.188477 0.216299 -0.175401 0.228540 0.235935 0.152552 -0.150092 -0.324369 -0.122832 -0.075007 -0.164805 -0.174972 -0.359812 -0.251670 -0.136433 -0.001350 -0.147736 -0.029213 -0.201218 -0.191560 0.187046 -0.140444 -0.068142 -0.003005 -0.081658 -0.036512 -0.478878 -0.427404 0.113951 0.163482 0.074424 -0.030207 -0.209808 -0.172236 0.399310 0.253412 0.206610 0.408045 -0.408152 -0.205520 -0.001855 -0.011312 -0.199420 0.132332 -0.007503 0.021347 0.183226 -0.022288 -0.264090 -0.145632 -0.345921 -0.334603 -0.176474 -0.214534 -0.328900 -0.094653 0.058132 -0.250367 -0.024110 0.114242 -0.002271 0.008608 0.322371 0.093779 0.171211 0.076793 -0.101514 -0.111299 -0.312793 -0.228829 0.080728 -0.063588 0.183475 -0.121586 -0.054574 -0.043430 0.112214 0.170983 -0.144805 -0.244090 0.086514 -0.282329 -0.163423 0.045136 -0.145417 -0.094449
-0.333089 -0.360573 -0.191078 0.292554 -0.013597 0.348015 0.172028 0.736986 0.225826 1.000000 -0.279090 0.222362 -0.340244 0.186780 -0.239203 0.256235 -0.208447 -0.371227 -0.385773 -0.307988 0.065187 0.267626 -0.276069 0.336898 -0.220579 0.304342 -0.296721 -0.028047 -0.294587 0.042671 0.058147 0.525012 -0.356733 0.370791 -0.014451 0.324749 -0.287786 -0.312034 -0.197548 -0.350179 0.155401 -0.196562 -0.205324 -0.143915 -0.180507 0.127747 0.090684 -0.173698 -0.162048 -0.138222 0.025263 0.049108 0.327491 0.085309 -0.028084 -0.093829 -0.366678 -0.337317 -0.049371 0.191539 0.170511 0.654507 0.156245 0.190695 0.250142 0.675391 0.138265 0.386985 -0.308841 -0.388065 0.032105 0.172547 -0.175220 -0.159441 -0.142609 0.062615 -0.200095 -0.064462 -0.295945 -0.077454 -0.175257 -0.262200 -0.296858 -0.100212 -0.097794 0.042226 -0.220192 -0.055879 0.031384 0.083916 0.155456 -0.109243 0.267394 -0.007319 -0.126228 0.157690 -0.336965 -0.186704 -0.027260 -0.138438 -0.043183 -0.162380 -0.095095 -0.096411 -0.227757 -0.196262 -0.081973 -0.115602 -0.101045 -0.075335 -0.471458 -0.428720 -0.368518 0.153342 0.113489 -0.265559
0.352886 0.150358 -0.228342 -0.235009 0.000050 -0.236977 -0.199483 -0.147955 -0.320233 -0.279090 1.000000 0.487466 0.705080 0.425919 0.553692 0.245361 0.138632 0.095768 0.040810 0.246780 -0.310492 -0.209844 -0.049522 -0.207750 -0.279028 -0.588783 -0.228208 -0.302604 0.342508 0.214704 -0.300332 -0.286146 -0.048905 -0.307549 -0.308715 -0.034497 0.340815 0.262939 -0.026556 -0.026688 -0.091050 -0.097510 0.062050 -0.196098 -0.504974 -0.609845 -0.220011 -0.250146 0.068092 -0.426643 0.090209 -0.105383 0.140370 -0.122008 -0.073897 -0.327692 0.014960 0.042554 0.196805 -0.162857 0.315360 0.038346 0.104415 0.027950 -0.224865 -0.060288 -0.315217 -0.404964 -0.025842 -0.056961 0.207514 0.108791 0.224245 0.016357 0.265807 0.383261 0.290867 0.331970 0.013379 -0.123389 0.202130 0.225551 0.373834 0.314343 0.420110 0.267470 -0.190076 0.125272 0.114848 -0.199142 0.279881 0.305890 0.127762 0.306713 -0.275720 -0.227091 -0.035586 0.102875 0.111627 0.203936 0.151259 0.268859 -0.001516 0.112511 0.038148 -0.111218 -0.129844 -0.091341 0.106564 -0.176404 -0.039912 0.174184 0.210534 0.192392 0.097248 0.044833
-0.070860 -0.046846 -0.255999 -0.064491 0.236634 0.087760 -0.304078 0.346983 -0.144961 0.222362 0.487466 1.000000 0.526411 0.830464 0.265254 0.482935 -0.231743 -0.205239 -0.364672 -0.064762 -0.175689 -0.081567 -0.291596 -0.031712 -0.179120 -0.202290 -0.133431 -0.025187 -0.184031 0.000041 -0.482776 -0.270706 -0.481927 -0.333977 -0.135555 0.273037 -0.009502 -0.021967 -0.042493 -0.089069 0.152555 -0.030953 -0.198912 -0.344988 -0.555504 -0.390280 -0.191432 -0.324609 0.165175 -0.297524 0.256806 0.144495 0.210043 -0.135045 0.173750 -0.189011 -0.323721 -0.203394 0.246713 0.121567 0.421633 0.468099 -0.000951 0.167717 -0.067040 0.548074 -0.103261 -0.076176 -0.032136 -0.242224 0.069491 -0.021587 -0.165634 -0.104537 -0.052835 0.159523 -0.081258 -0.051727 -0.324602 -0.286724 -0.095148 -0.099707 -0.074248 -0.071459 0.199862 0.235634 -0.173043 -0.039014 0.163114 0.264133 0.333758 0.303847 0.213264 0.172643 -0.190373 0.013386 -0.072305 -0.057672 -0.007444 0.003899 0.187968 -0.044554 -0.126372 0.064428 0.092659 0.039633 -0.020760 -0.226394 -0.140928 -0.068145 -0.126999 -0.090827 0.012093 0.104567 -0.027684 -0.104004
0.247867 0.223298 0.099714 -0.181452 0.219597 -0.091121 -0.012427 -0.060601 -0.032538 -0.340244 0.705080 0.526411 1.000000 0.604864 0.530330 0.386314 0.020242 0.098481 0.034905 0.233342 -0.346518 -0.204008 -0.086692 -0.377343 0.125539 -0.342194 0.037610 -0.112063 0.071243 0.114697 -0.288610 -0.422440 -0.129189 -0.282637 -0.114223 0.059180 0.295595 0.241017 0.137468 0.159372 -0.071001 0.072017 -0.049884 -0.298694 -0.541903 -0.610175 -0.296582 -0.210849 0.129146 -0.450551 0.106314 -0.127871 -0.022208 -0.258534 0.064985 -0.223653 -0.056468 0.047239 0.208997 -0.157191 0.389195 -0.056404 -0.113059 -0.038994 -0.151570 0.008568 -0.319103 -0.405935 -0.038077 -0.027864 0.113466 0.014701 0.043193 0.142187 0.218272 0.310403 0.308835 0.167415 -0.087704 -0.074560 0.071689 0.093952 0.098151 0.024990 0.154859 0.136330 -0.171409 -0.011371 0.168998 0.104845 0.224375 0.225711 0.052366 0.215116 -0.153144 -0.212060 0.051736 -0.001921 -0.115605 0.020230 0.204876 0.147548 0.076723 0.035311 0.125791 -0.020278 0.079794 0.021305 -0.088261 -0.211452 0.129647 0.119201 0.140736 0.047162 -0.126508 0.031646
-0.073665 -0.228042 -0.070368 -0.017988 0.275146 0.270961 -0.095960 0.486355 0.062750 0.186780 0.425919 0.830464 0.604864 1.000000 0.353854 0.627204 -0.274255 -0.306111 -0.299976 -0.032755 -0.225859 -0.094317 -0.227317 -0.076341 -0.022063 -0.036621 -0.076514 0.085525 -0.195879 -0.118682 -0.414041 -0.307377 -0.516764 -0.315068 -0.016671 0.335086 -0.014477 -0.093392 -0.143969 -0.047367 0.095410 0.005711 -0.265981 -0.424978 -0.583784 -0.400134 -0.210181 -0.283379 0.054612 -0.404116 0.203329 0.073621 0.124542 -0.163600 0.120348 -0.220271 -0.397603 -0.349871 0.214874 0.056672 0.439870 0.453766 -0.112476 -0.025968 0.077892 0.604209 -0.166187 -0.009334 -0.155365 -0.160739 -0.021497 -0.182012 -0.166127 -0.071882 -0.090567 0.131149 -0.132798 -0.175708 -0.319271 -0.331246 -0.089361 -0.214708 -0.076247 -0.115039 0.137556 0.003841 -0.157098 -0.114198 0.093731 0.353148 0.287433 0.294178 0.324749 0.166809 -0.017277 0.086896 -0.085418 0.012769 -0.108377 -0.073711 0.243545 -0.061014 0.004131 -0.072752 0.171004 0.100160 0.127643 -0.063506 -0.193667 -0.113467 -0.083130 -0.170913 -0.064784 0.171978 -0.195695 -0.114462
0.088099 -0.025909 0.211986 0.130881 -0.076660 -0.240806 0.109036 -0.187518 -0.054310 -0.239203 0.553692 0.265254 0.530330 0.353854 1.000000 0.422572 -0.036523 -0.110869 0.087525 0.264505 -0.173026 -0.003062 0.422783 0.070033 0.086747 -0.206712 0.051564 -0.089150 0.232797 0.024600 0.093526 -0.139610 -0.153408 -0.283466 -0.183403 0.084281 0.206370 0.136938 -0.092949 -0.132166 0.083465 0.101259 0.008090 -0.243169 -0.485507 -0.628866 -0.101325 -0.262544 -0.094268 -0.479013 0.272902 -0.212099 0.092315 0.068465 0.056480 -0.251409 -0.191866 -0.221804 0.141461 -0.334860 0.212786 -0.212268 -0.034027 -0.263556 0.269804 -0.082139 -0.348698 -0.322338 -0.187873 -0.163048 0.096947 -0.114478 0.129211 0.110920 0.291706 0.367114 0.242222 0.090506 -0.157078 -0.153524 -0.088482 -0.020120 0.576897 0.499199 0.211955 0.207230 0.088406 0.063404 0.061818 -0.052544 0.228352 0.330775 0.222391 0.373676 -0.018240 0.036400 -0.123405 -0.143630 -0.030650 -0.062779 0.147029 0.105707 0.075540 -0.113457 0.114624 -0.064988 -0.187978 -0.198143 -0.236711 -0.087543 -0.115067 -0.109806 0.268066 0.293926 0.107683 0.112600
-0.004572 -0.016598 -0.063946 0.032608 0.097576 0.115949 -0.050581 0.332919 0.050950 0.256235 0.245361 0.482935 0.386314 0.627204 0.422572 1.000000 -0.153675 -0.218942 -0.239514 -0.219087 -0.232482 -0.155554 -0.078009 -0.115566 -0.086324 -0.098698 -0.164739 -0.145703 -0.202622 0.051559 -0.299099 -0.152827 -0.346069 -0.122546 -0.051540 0.307147 -0.044783 0.007932 -0.178390 -0.164910 0.168484 -0.032815 -0.084953 -0.348039 -0.426956 -0.318158 0.033036 -0.116049 0.083975 -0.234665 0.145442 0.129804 0.275758 0.153833 0.305917 0.002949 -0.168373 -0.253818 0.344327 0.071502 0.556569 0.484546 0.077199 0.133242 0.212283 0.424014 -0.096950 -0.141743 -0.152053 -0.214155 -0.025329 -0.165094 -0.160126 -0.095810 -0.052872 0.150012 -0.114796 -0.137856 -0.328069 -0.360740 -0.092933 -0.207519 0.142846 0.083765 -0.062062 -0.064492 -0.065901 -0.244169 0.153342 0.285555 0.213726 0.070010 0.151677 0.167183 -0.119883 0.073062 -0.121792 -0.189116 0.022353 -0.156846 0.330384 -0.035960 0.121665 -0.155262 0.115716 -0.115746 -0.172017 -0.215265 -0.247303 -0.007956 -0.319602 -0.219185 -0.153760 0.210319 -0.037796 0.021141
0.457791 0.354500 -0.341080 -0.444629 -0.320467 -0.354845 -0.223995 -0.311601 -0.398772 -0.208447 0.138632 -0.231743 0.020242 -0.274255 -0.036523 -0.153675 1.000000 0.772928 0.464519 0.363546 -0.311699 -0.175538 -0.298770 -0.490221 -0.306631 -0.541402 -0.325723 -0.512310 0.580987 0.446063 0.171144 0.034834 0.365385 0.212682 -0.108750 -0.306043 0.278123 0.222906 0.238038 0.068030 0.020420 0.094813 -0.066110 0.017163 0.256709 0.056740 -0.022636 -0.145613 -0.181994 0.096561 -0.416949 -0.294100 -0.148859 -0.120009 -0.194735 -0.165112 0.675380 0.596134 -0.108127 -0.131265 -0.087955 -0.130577 0.404624 0.326887 -0.299902 -0.435984 -0.242988 -0.414997 0.245559 0.356388 0.070215 0.265504 0.478047 -0.024844 0.123100 0.044514 0.159515 0.207873 0.634565 0.622325 0.660469 0.596736 -0.007640 0.098283 0.093927 -0.036772 -0.298227 0.196316 -0.194564 -0.282887 -0.129591 -0.141494 -0.460041 -0.374562 -0.184547 -0.200574 -0.089684 -0.012361 0.101785 -0.000613 -0.122993 0.305938 -0.032597 0.145257 -0.324691 0.098999 0.189547 0.294076 0.165497 -0.002780 -0.004782 0.162496 -0.002291 -0.241979 -0.076156 -0.015701
0.475849 0.604472 -0.374445 -0.519019 -0.109928 -0.354497 -0.290251 -0.471461 -0.397710 -0.371227 0.095768 -0.205239 0.098481 -0.306111 -0.110869 -0.218942 0.772928 1.000000 0.457178 0.337269 -0.171178 -0.104978 -0.376849 -0.632305 -0.234541 -0.530646 -0.184251 -0.470589 0.547667 0.485157 0.002999 -0.155023 0.533791 0.177073 -0.162615 -0.372009 0.352673 0.289387 0.339568 0.177355 0.016346 0.148363 0.016990 0.059300 0.269812 -0.024136 0.061383 -0.073052 -0.006104 0.172728 -0.418529 -0.223913 -0.186530 -0.189772 -0.036708 -0.069208 0.695000 0.623778 -0.025760 -0.187815 -0.037276 -0.232832 0.346624 0.433510 -0.484829 -0.566817 -0.208435 -0.510223 0.493445 0.456661 0.113131 0.198591 0.470262 0.056090 0.110128 -0.026121 0.097016 0.190049 0.705716 0.603952 0.659847 0.682954 -0.140129 0.020911 0.034392 -0.025037 -0.273185 0.254101 -0.157372 -0.271747 -0.155932 -0.151823 -0.609923 -0.359354 -0.221430 -0.300256 0.031988 0.026656 -0.001055 0.002113 -0.137903 0.222357 -0.118486 0.266631 -0.231324 0.171617 0.185012 0.236727 0.201096 0.119229 0.060552 0.189228 0.048540 -0.386508 -0.067341 0.132769
0.360324 0.305543 -0.072330 -0.149769 -0.130288 -0.215655 -0.006157 -0.375724 -0.027548 -0.385773 0.040810 -0.364672 0.034905 -0.299976 0.087525 -0.239514 0.464519 0.457178 1.000000 0.593723 -0.026864 0.051129 -0.100396 -0.365966 0.096014 -0.176684 -0.140174 -0.263959 0.585588 0.323730 0.217289 0.014093 0.408917 0.182092 -0.054867 -0.370716 0.297301 0.219331 0.208505 0.159642 -0.034949 0.068685 -0.108105 -0.044418 0.195519 -0.041242 -0.146243 -0.027232 -0.175279 0.102528 -0.423404 -0.226235 -0.316308 -0.236834 -0.237771 -0.050170 0.348633 0.278390 -0.193509 -0.197411 -0.222050 -0.363238 0.084386 0.051043 -0.261181 -0.516455 -0.220917 -0.339782 0.170804 0.315605 0.023111 0.080435 0.261651 0.106951 0.142826 0.090292 0.206790 -0.043180 0.278774 0.447030 0.397476 0.437769 0.181975 0.288000 -0.017001 0.154512 -0.061403 0.219671 -0.369829 -0.290181 -0.120062 -0.038045 -0.307896 -0.177719 -0.062255 -0.340138 0.042473 0.159617 0.024779 0.035868 -0.068141 -0.019139 0.085654 0.121140 0.051489 -0.033066 0.066450 0.149137 0.139417 -0.029939 0.228750 0.085715 0.083594 -0.023276 0.002034 0.275183
0.297125 0.233309 -0.082989 -0.115085 -0.064818 -0.185383 -0.022812 -0.223258 -0.099036 -0.307988 0.246780 -0.064762 0.233342 -0.032755 0.264505 -0.219087 0.363546 0.337269 0.593723 1.000000 -0.044496 -0.076447 0.009451 -0.121538 -0.007024 -0.256983 -0.024376 -0.217956 0.486456 0.204413 0.133109 -0.072400 0.169232 -0.038602 -0.244078 -0.415957 0.150443 -0.027926 0.175586 0.126758 -0.032938 -0.025973 -0.025810 -0.027525 -0.006604 -0.263209 -0.088349 -0.091577 -0.053215 -0.077354 -0.261636 -0.215105 -0.180229 -0.114956 -0.363420 -0.306635 0.190843 0.165584 -0.165270 -0.294032 -0.201233 -0.320434 -0.048215 -0.099561 -0.285391 -0.388893 -0.458689 -0.459604 0.104270 0.328871 0.211414 0.127215 0.294053 0.119572 0.075409 0.080479 0.199074 0.030042 0.283905 0.287296 0.143775 0.127194 0.241264 0.474124 -0.040828 0.059380 -0.112505 0.184690 -0.282623 -0.227493 0.174526 0.285886 -0.151365 -0.090872 -0.019158 -0.097196 0.123485 0.093530 0.166844 0.094893 -0.189836 -0.095300 -0.069801 0.252017 0.101057 0.285303 0.246931 0.100015 0.007241 -0.081430 0.346787 0.182353 0.093846 0.040221 -0.158074 0.160859
-0.279791 -0.138419 0.227960 -0.030410 0.431026 0.245759 0.188520 -0.071980 0.328882 0.065187 -0.310492 -0.175689 -0.346518 -0.225859 -0.173026 -0.232482 -0.311699 -0.171178 -0.026864 -0.044496 1.000000 0.265440 0.184996 0.198354 0.245379 0.317725 0.420301 0.308306 -0.111041 -0.217403 0.100697 0.107886 0.011164 0.252006 0.164652 0.004107 -0.194732 -0.102349 -0.028684 0.104419 0.039650 0.042360 -0.203187 -0.082956 0.171397 0.153478 -0.026243 -0.030894 -0.201120 0.097469 -0.062678 -0.064603 -0.114983 0.051685 0.061859 0.151087 -0.121021 -0.100532 0.005295 0.135565 -0.185363 -0.162909 -0.111966 -0.045957 0.106507 -0.032029 0.164986 0.289332 0.047833 0.028404 0.036914 0.078172 -0.023168 0.108665 -0.076169 -0.151705 -0.105914 -0.058541 -0.079237 -0.057066 -0.252596 -0.157945 -0.024348 0.032846 -0.185945 -0.008355 0.440391 0.042092 0.067507 0.066748 -0.088238 -0.069359 0.013850 -0.063077 0.124117 0.143858 0.070127 0.024973 -0.132511 -0.057608 0.017812 -0.249906 0.141270 0.030823 0.016575 0.036185 -0.097537 -0.121761 0.102664 -0.032768 0.091212 -0.126264 -0.102379 0.023042 0.088964 0.242244
-0.263445 -0.126875 0.043189 0.144774 0.042584 0.176617 0.126108 0.104744 0.161247 0.267626 -0.209844 -0.081567 -0.204008 -0.094317 -0.003062 -0.155554 -0.175538 -0.104978 0.051129 -0.076447 0.265440 1.000000 0.062344 0.282970 0.242465 0.337783 0.184858 0.149621 0.072917 -0.007906 0.314240 0.315051 -0.070577 0.287694 0.169476 -0.017099 -0.008588 -0.006408 0.229055 -0.079128 0.085709 0.070903 -0.146213 0.054576 -0.104038 -0.037922 0.028514 -0.144820 -0.292388 -0.027147 -0.151446 -0.226407 -0.055270 -0.167433 -0.059712 -0.096275 -0.281433 -0.301798 -0.164456 -0.146628 -0.056857 -0.024616 -0.147050 -0.106349 0.092948 0.032388 0.082485 0.209125 0.022651 -0.143552 0.085035 0.047737 0.092419 -0.011677 -0.040517 -0.096652 -0.035993 0.055664 -0.076616 0.126638 -0.029174 0.065043 -0.021810 -0.074953 -0.007691 0.287926 -0.083363 0.202669 0.029187 -0.174130 -0.088217 -0.161253 0.135162 0.075246 -0.144282 0.069806 -0.167379 0.164833 -0.299134 -0.027577 -0.099391 -0.240207 -0.054112 -0.009573 -0.122334 -0.366164 -0.297991 -0.251726 0.106630 0.097880 -0.092309 -0.020011 0.065008 0.141469 0.134723 0.053192
-0.107482 -0.156874 0.623529 0.322956 -0.004681 -0.026446 0.283789 -0.243491 0.144835 -0.276069 -0.049522 -0.291596 -0.086692 -0.227317 0.422783 -0.078009 -0.298770 -0.376849 -0.100396 0.009451 0.184996 0.062344 1.000000 0.500625 0.521264 0.415914 0.548883 0.448183 -0.090357 -0.309640 0.387077 0.104175 -0.076899 -0.233884 0.143131 -0.036347 -0.268876 -0.067105 -0.215785 0.029466 -0.184111 0.112188 0.071415 0.045924 -0.040743 -0.111404 -0.010803 0.102087 -0.059196 -0.120629 0.403631 -0.067001 -0.024675 0.316986 0.154478 0.070810 -0.242395 -0.177566 -0.113640 -0.295530 -0.290282 -0.431434 -0.475787 -0.602536 0.452528 -0.165737 -0.141699 0.086477 -0.282475 -0.242968 0.057127 -0.100657 0.006895 0.287007 0.280402 0.165051 0.216642 0.019664 -0.156226 -0.191829 -0.523935 -0.404444 0.541015 0.204395 -0.029622 0.092990 0.467613 0.032028 0.243640 0.088310 -0.059282 -0.025723 0.161210 0.207783 0.276197 0.224123 0.118101 -0.069051 0.021538 -0.110681 0.034838 -0.039978 -0.032388 -0.334825 0.145241 -0.036299 -0.126213 -0.144914 -0.122339 0.036931 0.249753 -0.015167 0.118378 0.094673 0.004210 0.059225
-0.445536 -0.563448 0.324096 0.587685 0.022514 0.197377 0.298741 0.295238 0.111295 0.336898 -0.207750 -0.031712 -0.377343 -0.076341 0.070033 -0.115566 -0.490221 -0.632305 -0.365966 -0.121538 0.198354 0.282970 0.500625 1.000000 0.143473 0.543591 0.276966 0.478952 -0.360108 -0.481979 0.322663 0.404656 -0.368006 -0.031427 0.097351 0.241814 -0.472294 -0.394686 -0.254676 -0.224292 -0.036714 -0.147829 -0.120439 -0.052441 -0.180992 0.008468 -0.125739 -0.108970 -0.311962 -0.237370 0.273113 -0.019404 0.192284 0.262744 0.003981 -0.143109 -0.483431 -0.461933 -0.179209 -0.073421 -0.144342 0.016447 -0.224410 -0.364855 0.512855 0.378727 0.136637 0.524010 -0.356594 -0.282487 0.068076 -0.008040 -0.329181 -0.081882 -0.066394 -0.115973 -0.156139 -0.122001 -0.312163 -0.260903 -0.547824 -0.539490 0.305706 0.209841 -0.005099 0.125782 0.270563 0.008035 0.249253 0.140514 0.115381 0.155156 0.512996 0.249767 0.219610 0.315767 -0.271729 -0.034225 0.003838 0.045698 0.035832 -0.225448 -0.074378 -0.194747 0.112397 -0.031120 -0.226293 -0.190476 -0.185920 0.122005 -0.185279 -0.177814 0.011684 0.361768 0.156366 -0.179159
-0.146172 -0.075557 0.707594 0.068091 0.409763 0.273096 0.370484 -0.146816 0.458065 -0.220579 -0.279028 -0.179120 0.125539 -0.022063 0.086747 -0.086324 -0.306631 -0.234541 0.096014 -0.007024 0.245379 0.242465 0.521264 0.143473 1.000000 0.651497 0.707556 0.588730 -0.218398 -0.239828 0.292960 0.002422 -0.037425 -0.042780 0.356669 0.068936 -0.212784 0.014735 0.117902 0.177135 -0.175964 0.155379 -0.210994 -0.121732 -0.072969 -0.109024 -0.273858 0.003693 -0.089223 -0.072917 0.172456 -0.071739 -0.339013 -0.079840 0.080496 0.171426 -0.248664 -0.086574 -0.107503 -0.142715 -0.189426 -0.439958 -0.561929 -0.456558 0.255445 -0.099180 -0.038221 0.120417 -0.060358 -0.070461 -0.032121 -0.098792 -0.054018 0.327609 0.244614 -0.029818 0.158271 -0.186278 -0.183292 -0.083243 -0.364013 -0.301706 0.057711 -0.320563 -0.254116 0.064559 0.332996 0.040035 0.199369 0.327450 -0.195057 -0.071224 0.063892 0.122716 0.194375 0.045180 0.100487 0.022730 -0.317265 -0.184329 -0.030132 -0.211007 0.112406 -0.159177 0.205659 -0.028075 0.116237 0.035153 -0.141004 -0.055396 0.481728 -0.020608 0.072014 -0.045028 -0.283029 0.127202
-0.381812 -0.451729 0.532264 0.443919 0.230580 0.523873 0.454062 0.362927 0.516973 0.304342 -0.588783 -0.202290 -0.342194 -0.036621 -0.206712 -0.098698 -0.541402 -0.530646 -0.176684 -0.256983 0.317725 0.337783 0.415914 0.543591 0.651497 1.000000 0.486977 0.677082 -0.440301 -0.350243 0.369713 0.404917 -0.185377 0.195826 0.360109 0.178031 -0.467259 -0.329323 -0.226392 -0.033758 0.013816 0.111338 -0.281302 -0.076678 0.049907 0.252965 -0.187154 0.059943 -0.238182 -0.050131 0.126309 -0.079990 -0.200700 0.017821 0.121581 0.064043 -0.452265 -0.385098 -0.351969 -0.145370 -0.270904 -0.029247 -0.538881 -0.474253 0.511187 0.343697 0.061699 0.518905 -0.247470 -0.214468 0.020455 -0.123659 -0.257773 0.169840 -0.025355 -0.160849 -0.109242 -0.337102 -0.239956 -0.147430 -0.498190 -0.502724 -0.014559 -0.244836 -0.163025 0.037709 0.314577 -0.043691 0.104510 0.338344 -0.232342 -0.214607 0.287428 0.038319 0.359304 0.223339 -0.097119 -0.038300 -0.292151 -0.287256 -0.049702 -0.337218 0.046322 -0.330951 0.181595 0.004139 0.141487 0.046249 -0.233467 0.079171 0.099946 -0.315954 -0.187034 0.137585 -0.148045 -0.104818
-0.099821 -0.082282 0.578328 0.017584 0.581636 0.364542 0.185520 -0.290013 0.217000 -0.296721 -0.228208 -0.133431 0.037610 -0.076514 0.051564 -0.164739 -0.325723 -0.184251 -0.140174 -0.024376 0.420301 0.184858 0.548883 0.276966 0.707556 0.486977 1.000000 0.768393 -0.289830 -0.441268 0.172632 -0.136299 -0.046096 -0.138943 0.355474 -0.003529 -0.288490 -0.099904 0.143772 0.241946 -0.216209 0.014388 -0.086292 -0.027257 0.087498 0.016704 -0.196288 -0.043952 0.041781 0.014649 0.164342 -0.020045 -0.324957 -0.005455 0.246834 0.251926 -0.089243 -0.026973 -0.025115 -0.132805 -0.123337 -0.410908 -0.534509 -0.406598 0.172356 -0.104179 0.010734 0.150737 0.090053 0.091318 -0.099033 0.007465 -0.138246 0.071562 0.025293 -0.298336 -0.019248 -0.184819 -0.165390 -0.165629 -0.384445 -0.312531 0.102233 -0.233649 -0.213380 0.108280 0.528248 0.084537 0.366383 0.405070 -0.266192 -0.090835 -0.068312 -0.052926 0.121424 0.079784 0.086400 0.082395 -0.319274 -0.202480 -0.049856 -0.227937 -0.026273 -0.023516 0.104526 0.042388 -0.044193 -0.118587 -0.066329 0.003574 0.427536 0.016333 -0.045601 -0.082744 -0.131669 0.138482
-0.160606 -0.353456 0.447306 0.297129 0.540034 0.559234 0.141080 0.074367 0.208465 -0.028047 -0.302604 -0.025187 -0.112063 0.085525 -0.089150 -0.145703 -0.512310 -0.470589 -0.263959 -0.217956 0.308306 0.149621 0.448183 0.478952 0.588730 0.677082 0.768393 1.000000 -0.485393 -0.596333 0.069911 -0.047879 -0.240406 -0.221863 0.400501 0.134415 -0.311760 -0.244616 -0.036297 0.087046 -0.164826 -0.004737 -0.179655 -0.062032 0.005582 0.109787 -0.299182 -0.015891 -0.026054 -0.023204 0.150373 0.031928 -0.328735 -0.118224 0.218467 0.159383 -0.246619 -0.134781 -0.158469 0.025570 -0.210510 -0.174583 -0.602207 -0.536032 0.302469 0.243846 0.130373 0.392579 0.001172 0.054667 -0.252977 -0.138224 -0.272255 0.049907 -0.152369 -0.288030 -0.275629 -0.411301 -0.285783 -0.231898 -0.428573 -0.429872 0.045862 -0.353265 0.062730 0.181092 0.518758 0.049200 0.316464 0.543595 -0.321455 -0.136020 0.211138 0.009966 0.250135 0.165180 -0.002613 0.061674 -0.362891 -0.221389 0.017765 -0.310345 -0.067449 -0.183044 0.126715 0.000044 0.075873 -0.050012 -0.050457 -0.026847 0.252410 -0.101315 -0.155713 -0.023462 -0.226372 0.032364
0.361002 0.244030 -0.315185 -0.389541 -0.303876 -0.352274 -0.094508 -0.367539 -0.283513 -0.294587 0.342508 -0.184031 0.071243 -0.195879 0.232797 -0.202622 0.580987 0.547667 0.585588 0.486456 -0.111041 0.072917 -0.090357 -0.360108 -0.218398 -0.440301 -0.289830 -0.485393 1.000000 0.588341 0.318363 0.153711 0.255068 0.147206 -0.156428 -0.402862 0.341204 0.258058 0.081315 -0.132730 0.105543 0.146911 0.104665 0.167982 0.156384 -0.135738 0.014329 -0.068816 -0.113778 -0.006057 -0.379251 -0.312340 -0.250293 -0.207492 -0.247767 -0.230681 0.235655 0.142989 -0.193184 -0.340047 -0.193268 -0.197144 0.221773 0.174728 -0.317640 -0.505255 -0.297802 -0.443518 0.075806 0.047706 0.299257 0.142984 0.645086 0.199862 0.392715 0.245568 0.302626 0.294848 0.535272 0.452529 0.503725 0.586068 0.295778 0.391755 0.223426 0.109336 -0.283033 0.240629 -0.320479 -0.547300 -0.111141 -0.064553 -0.310719 -0.109349 -0.207029 -0.199111 0.100900 -0.019118 0.109760 0.034100 -0.165262 0.325261 0.005100 0.223846 -0.217921 0.013378 0.077003 0.060166 0.403528 -0.100188 0.088831 0.189944 0.174685 -0.064573 -0.006581 0.209118
0.423389 0.392826 -0.393899 -0.325971 -0.215729 -0.232364 -0.169501 -0.134564 -0.203096 0.042671 0.214704 0.000041 0.114697 -0.118682 0.024600 0.051559 0.446063 0.485157 0.323730 0.204413 -0.217403 -0.007906 -0.309640 -0.481979 -0.239828 -0.350243 -0.441268 -0.596333 0.588341 1.000000 0.127023 0.198458 0.345947 0.217385 -0.239912 -0.320046 0.287948 0.331216 0.136120 -0.034810 0.304536 0.194812 0.178841 0.231688 0.069954 -0.042554 0.152260 0.128481 0.066930 0.077694 -0.311497 -0.205733 -0.110705 -0.183416 -0.046941 0.001703 0.287804 0.229567 -0.094048 -0.264457 0.023287 0.077272 0.219672 0.347503 -0.389076 -0.322970 -0.270186 -0.457286 0.089302 -0.127792 0.274693 0.149356 0.514372 0.338688 0.329574 0.387589 0.362163 0.337469 0.324282 0.362606 0.379296 0.426024 0.058916 0.263993 0.004157 0.144815 -0.319614 0.232760 -0.105075 -0.409697 -0.137716 -0.295976 -0.445470 -0.158005 -0.194157 -0.141831 0.153400 -0.112083 0.102207 -0.016602 -0.123216 0.114808 -0.057764 -0.000317 -0.150905 -0.150397 0.076568 -0.068411 0.179403 0.092834 -0.079131 0.046020 -0.013184 -0.070579 0.008280 0.054228
-0.204174 -0.279340 0.379312 0.121886 -0.184804 -0.071097 0.530109 -0.116130 0.188477 0.058147 -0.300332 -0.482776 -0.288610 -0.414041 0.093526 -0.299099 0.171144 0.002999 0.217289 0.133109 0.100697 0.314240 0.387077 0.322663 0.292960 0.369713 0.172632 0.069911 0.318363 0.127023 1.000000 0.713679 0.065854 0.401379 0.113624 -0.099762 -0.146789 0.064713 -0.002589 -0.066722 0.236669 0.304721 -0.196144 0.106372 0.192584 0.203472 -0.224780 -0.098576 -0.477530 -0.060565 -0.203453 -0.457761 -0.289311 -0.028949 -0.213906 -0.117347 -0.135488 -0.184682 -0.408146 -0.330752 -0.254998 -0.277535 -0.097766 -0.216373 0.375143 -0.175227 -0.035665 0.218066 -0.332857 -0.284023 0.210015 0.154498 0.219400 0.207032 0.280642 0.106157 0.302968 0.183047 0.225063 0.295804 -0.101475 -0.027408 0.324726 0.246162 -0.199229 -0.051515 0.120478 0.278829 -0.006309 -0.217680 -0.243410 -0.113454 -0.036883 0.003369 0.124230 0.063405 -0.198604 -0.070598 -0.238217 -0.131693 -0.195500 0.042715 0.053431 -0.037649 -0.165019 -0.009416 0.049492 0.111447 0.030105 -0.049421 0.020675 -0.217735 -0.052307 0.166002 0.054402 -0.062027
-0.238638 -0.324912 0.048520 0.308791 -0.202731 0.054643 0.505143 0.339479 0.216299 0.525012 -0.286146 -0.270706 -0.422440 -0.307377 -0.139610 -0.152827 0.034834 -0.155023 0.014093 -0.072400 0.107886 0.315051 0.104175 0.404656 0.002422 0.404917 -0.136299 -0.047879 0.153711 0.198458 0.713679 1.000000 -0.133233 0.571434 0.032171 0.106220 -0.363402 -0.217774 -0.093850 -0.342796 0.193549 -0.037862 -0.162841 0.097769 0.163583 0.311370 -0.141631 -0.095593 -0.402639 -0.097891 -0.237639 -0.378170 -0.063953 -0.009542 -0.120107 -0.174948 -0.191362 -0.248883 -0.339936 -0.196421 -0.122506 0.199302 0.050024 -0.033381 0.373014 0.230715 0.052644 0.346405 -0.422108 -0.420004 0.291040 0.233485 0.135963 0.085270 0.208858 0.098724 0.254275 0.199271 0.082650 0.218978 -0.155837 -0.153355 0.193187 0.213650 -0.108391 0.043878 0.007760 0.198688 -0.071702 -0.236724 -0.179855 -0.291181 0.084242 0.028965 -0.023717 0.023331 -0.339726 -0.205786 -0.138463 -0.162658 -0.234297 0.003874 -0.004720 -0.106047 -0.319821 -0.239419 -0.073815 0.076855 0.045018 -0.104471 -0.293684 -0.368755 -0.246621 0.261597 0.153061 -0.217520
0.428443 0.383667 -0.096340 -0.293530 -0.117044 -0.200692 -0.159863 -0.497950 -0.175401 -0.356733 -0.048905 -0.481927 -0.129189 -0.516764 -0.153408 -0.346069 0.365385 0.533791 0.408917 0.169232 0.011164 -0.070577 -0.076899 -0.368006 -0.037425 -0.185377 -0.046096 -0.240406 0.255068 0.345947 0.065854 -0.133233 1.000000 0.174371 -0.191728 -0.462169 0.247188 0.323206 0.119353 0.175863 -0.038667 0.200071 0.147442 0.196762 0.439416 0.124483 0.127482 0.134662 0.096116 0.342638 -0.263583 0.002657 -0.120196 0.030558 -0.098544 0.240683 0.570949 0.444073 -0.013060 -0.154660 -0.131913 -0.335047 0.046721 0.118217 -0.378546 -0.656484 -0.124240 -0.377142 0.431076 0.487144 0.029045 0.062015 0.308430 0.097882 0.103748 -0.088806 0.172930 0.050329 0.336569 0.300272 0.303917 0.375025 -0.020512 0.080498 -0.063938 -0.109515 -0.108853 0.142611 -0.259285 -0.189538 -0.254548 -0.165744 -0.441850 -0.266678 0.015032 -0.174712 0.136225 0.057069 0.082011 0.101185 -0.208304 0.031815 0.000495 0.099699 0.117225 0.085807 0.159797 0.141181 -0.074184 0.212807 0.109006 0.082096 0.174241 -0.187100 -0.046794 0.158156
-0.004794 -0.009111 -0.027935 -0.026334 0.005741 0.017057 0.389055 0.178043 0.228540 0.370791 -0.307549 -0.333977 -0.282637 -0.315068 -0.283466 -0.122546 0.212682 0.177073 0.182092 -0.038602 0.252006 0.287694 -0.233884 -0.031427 -0.042780 0.195826 -0.138943 -0.221863 0.147206 0.217385 0.401379 0.571434 0.174371 1.000000 0.098727 0.106441 -0.015957 0.017725 0.083334 -0.098052 0.084831 0.030094 -0.260329 -0.105614 0.191010 0.323969 -0.104026 -0.194576 -0.442862 -0.151626 -0.385848 -0.422529 0.012539 -0.132469 -0.007403 -0.221121 0.097875 -0.017830 -0.155718 -0.097944 0.138238 0.199682 0.287491 0.245571 0.169431 0.018818 0.095896 0.243112 -0.113743 -0.041143 0.211110 0.244724 0.098712 -0.108587 0.006017 -0.079339 0.076770 0.060103 0.212019 0.363133 0.085904 0.107750 -0.092798 0.081452 -0.150144 -0.034776 -0.205086 0.117575 0.008097 -0.205175 -0.290035 -0.351859 -0.165565 -0.138497 -0.136147 -0.223189 -0.335805 -0.079613 -0.314979 -0.224752 -0.190405 -0.073330 0.050467 0.028426 -0.157322 -0.168799 -0.153462 0.025902 0.077169 0.003788 -0.226893 -0.340051 -0.156666 -0.059144 0.170825 -0.006067
-0.216390 -0.374289 0.328549 0.045832 0.153056 0.119453 0.157937 0.096619 0.235935 -0.014451 -0.308715 -0.135555 -0.114223 -0.016671 -0.183403 -0.051540 -0.108750 -0.162615 -0.054867 -0.244078 0.164652 0.169476 0.143131 0.097351 0.356669 0.360109 0.355474 0.400501 -0.156428 -0.239912 0.113624 0.032171 -0.191728 0.098727 1.000000 0.253954 -0.155672 0.010249 0.036232 0.118303 -0.070944 0.119902 -0.327523 -0.235225 0.023424 0.298267 -0.280043 -0.169926 -0.272723 -0.056343 -0.083835 -0.166281 -0.192793 -0.168038 0.128277 -0.003557 -0.162202 -0.169819 -0.103193 0.146228 -0.047890 -0.047263 -0.220981 -0.203909 0.270694 0.215487 0.318008 0.509449 -0.112949 0.016961 -0.032189 -0.061072 -0.212273 -0.015691 -0.198969 -0.162085 -0.084575 0.076948 -0.126688 -0.047233 -0.177745 -0.216292 -0.008913 -0.344404 -0.075004 0.013528 0.215245 -0.144667 0.272186 0.310304 -0.263977 -0.224397 0.098723 0.001401 0.328977 0.096247 -0.147621 0.139157 -0.375530 -0.097333 0.106800 0.043515 0.283293 -0.225932 0.152890 0.001179 -0.033834 -0.017123 0.110476 0.116494 0.118481 -0.264163 -0.234973 -0.091454 0.056367 -0.049878
-0.309913 -0.447249 0.212027 0.238421 0.176234 0.067747 0.258225 0.353706 0.152552 0.324749 -0.034497 0.273037 0.059180 0.335086 0.084281 0.307147 -0.306043 -0.372009 -0.370716 -0.415957 0.004107 -0.017099 -0.036347 0.241814 0.068936 0.178031 -0.003529 0.134415 -0.402862 -0.320046 -0.099762 0.106220 -0.462169 0.106441 0.253954 1.000000 -0.133058 -0.163311 -0.159990 -0.150327 0.025768 -0.154959 -0.261296 -0.351939 -0.336957 -0.046605 -0.299194 -0.312407 -0.300334 -0.464127 0.163757 -0.158920 0.242109 -0.012037 0.087567 -0.279781 -0.369791 -0.339287 0.187553 0.181255 0.448671 0.338989 0.194027 0.042392 0.524017 0.559971 0.273752 0.453687 -0.318135 -0.288941 -0.123573 -0.110651 -0.345479 -0.120196 -0.153694 -0.099111 -0.115343 0.027918 -0.286330 -0.242776 -0.176384 -0.293150 0.011975 -0.200761 0.038566 -0.043439 0.138599 0.022301 0.382324 0.276591 0.088744 0.185657 0.348246 0.457688 -0.070506 -0.104759 -0.504669 -0.187682 -0.355885 -0.043109 -0.082495 -0.021933 0.160367 -0.074641 0.121182 -0.212732 -0.050234 0.008786 -0.208631 -0.151073 -0.301232 -0.380655 -0.104410 0.240573 0.154105 -0.276720
