1.000000 0.733189 -0.219624 -0.513375 -0.271781 -0.520493 0.090268 -0.270958 -0.470314 -0.323751 0.014087 -0.185755 -0.238126 -0.454802 -0.306879 -0.261387 0.553652 0.401506 0.132224 0.331975 -0.311440 -0.312193 -0.552616 -0.572240 -0.360070 -0.617183 -0.344261 -0.452915 0.201696 0.504451 -0.224016 -0.421898 0.239228 0.096726 -0.698557 -0.462510 -0.008772 -0.129881 -0.128826 -0.250180 -0.172832 -0.014557 0.051206 0.156787 0.178325 -0.342898 0.410594 0.127401 0.471131 0.585143 -0.021584 0.535434 0.392432 0.387791 0.257751 0.284695 0.655728 0.404085 0.511363 0.294009 0.294431 0.515925 0.423562 0.483592 -0.619787 -0.402715 0.106302 -0.598316 0.261647 0.300211 0.143350 -0.219801 0.338990 0.356487 0.137335 -0.183579 0.162891 -0.385450 -0.064813 -0.105285 0.211665 0.238019 -0.268628 -0.119166 -0.304647 -0.387860 -0.043818 -0.027382 -0.225635 0.111302 0.015434 0.031316 -0.549073 -0.176678 0.053011 -0.187016 0.055583 0.015121 0.363775 0.486600 0.058037 0.053264 0.055915 0.187134 -0.154696 -0.303475 -0.207952 -0.102005 -0.121779 -0.120746 -0.155788 -0.147418 0.237575 0.062534 0.082042 -0.029800
0.733189 1.000000 -0.388865 -0.515989 -0.418298 -0.512054 -0.047026 -0.196287 -0.477881 -0.262959 -0.074114 -0.092045 -0.350432 -0.449167 -0.438378 -0.158729 0.455048 0.546509 -0.018333 0.165009 -0.373494 -0.304404 -0.656654 -0.667299 -0.436113 -0.659576 -0.461014 -0.497301 0.142316 0.460526 -0.348420 -0.541012 0.409474 -0.086965 -0.655075 -0.559909 -0.090097 -0.004720 -0.270289 -0.235634 -0.282207 0.026210 0.076691 0.200985 0.083159 -0.287152 0.383798 0.260164 0.567377 0.724937 0.017688 0.639450 0.451523 0.299709 0.244146 0.343688 0.641790 0.451436 0.609228 0.530111 0.399293 0.747855 0.447420 0.645373 -0.646497 -0.336876 0.254756 -0.525699 0.159410 0.242219 0.033444 -0.198544 0.294395 0.258959 0.049876 -0.239145 0.060447 -0.292045 0.024412 0.014836 0.186124 0.228026 -0.441041 -0.045715 -0.394042 -0.389869 -0.118311 -0.217916 -0.305590 0.290044 -0.057394 -0.073728 -0.647365 -0.437763 0.117140 -0.090933 0.148403 0.024909 0.232891 0.380275 0.149543 -0.191522 0.038379 0.107198 -0.027933 -0.203985 -0.113216 -0.196232 -0.160553 -0.111402 -0.293366 -0.242611 0.308853 -0.176162 -0.071969 -0.082571
-0.219624 -0.388865 1.000000 0.088237 0.585800 0.186167 0.643114 0.182320 0.502371 -0.012277 -0.100782 0.128769 0.513526 0.152212 0.308730 0.254780 -0.287276 -0.392433 0.151239 0.063309 0.343922 0.189466 0.347692 0.223654 0.350709 0.219343 0.359687 0.222576 -0.227949 -0.497983 0.208643 0.181395 -0.431417 -0.070261 0.131654 0.229821 0.003785 -0.099391 0.233926 0.097991 0.090216 0.015869 -0.099965 -0.158970 -0.066731 -0.021298 -0.303669 -0.067647 -0.040915 -0.329222 0.157953 -0.284205 -0.208132 -0.200085 -0.126959 -0.091017 -0.436336 -0.351466 -0.162631 -0.363709 -0.061020 -0.324632 -0.383390 -0.442560 0.278769 0.120617 -0.151589 0.111146 0.016346 0.070479 0.083473 -0.063104 -0.041708 -0.176713 0.079769 0.078223 -0.120916 -0.147053 -0.242240 -0.106901 -0.409378 -0.449912 0.372597 0.002754 -0.117743 -0.031448 -0.042825 0.079198 0.112740 -0.190848 0.093315 0.177710 0.252892 0.266520 0.130414 0.041905 0.035970 0.154274 0.122511 -0.183165 0.000426 0.204332 0.102584 0.017456 -0.168661 -0.193500 0.152349 0.261077 0.275741 0.053398 0.219897 -0.007099 -0.218989 0.094449 -0.079313 -0.102382
-0.513375 -0.515989 0.088237 1.000000 0.282532 0.568842 -0.091138 0.409226 0.293029 0.429066 0.105262 0.213063 -0.045178 0.549236 0.134970 0.414691 -0.431933 -0.550715 0.303565 -0.054989 0.221734 0.194696 0.479328 0.764274 0.222305 0.510403 0.274752 0.442989 -0.265288 -0.219379 0.326101 0.583206 -0.160656 -0.044762 0.413319 0.367893 -0.003354 -0.031936 -0.057563 0.167062 -0.008603 -0.082162 -0.451310 -0.457275 -0.300631 0.115229 -0.475525 -0.340150 -0.449488 -0.378072 -0.008236 -0.292805 -0.145374 -0.090827 -0.271926 -0.331559 -0.298688 -0.327421 -0.501469 -0.355424 -0.495339 -0.476743 -0.471639 -0.396135 0.416673 0.396810 -0.286494 0.466413 -0.291394 -0.312100 -0.062054 0.207093 -0.309912 -0.028353 -0.150042 0.306629 0.014442 0.485624 -0.057692 -0.132237 -0.231402 -0.314561 0.323145 0.062586 0.290950 0.331089 0.323586 0.267325 0.279776 0.015887 -0.001436 -0.004764 0.624943 0.089965 0.130798 0.047221 -0.263066 -0.109845 -0.398671 -0.352055 -0.184762 0.041395 -0.104786 -0.177053 -0.044800 0.068308 -0.153183 0.022973 0.148813 0.092908 -0.061935 0.001771 -0.272433 0.182383 0.113846 0.009103
-0.271781 -0.418298 0.585800 0.282532 1.000000 0.320838 0.404639 0.051149 0.536011 0.229228 -0.077909 -0.112399 0.373541 0.041921 0.423267 0.148045 -0.326629 -0.360892 0.241543 0.260439 0.581599 0.303482 0.506836 0.384139 0.564966 0.450918 0.647540 0.360467 -0.265731 -0.430096 0.511093 0.381789 -0.306159 0.102406 0.284955 0.395679 0.015436 -0.104474 0.204141 0.031944 0.251775 -0.011167 -0.012266 -0.237112 -0.071373 -0.082034 -0.178457 -0.231665 -0.206450 -0.349277 0.113822 -0.310572 -0.166721 0.027486 -0.275546 -0.270745 -0.432073 -0.241271 -0.404635 -0.639705 -0.344070 -0.517515 -0.552662 -0.557277 0.289597 0.042917 -0.480854 -0.026568 0.307217 -0.010432 0.297897 0.187634 0.009239 0.042144 0.210114 0.278276 -0.052129 0.074691 -0.180539 -0.209866 -0.126169 -0.278805 0.417684 0.074295 0.033019 -0.137019 -0.044276 0.081447 -0.019685 -0.389482 0.319444 0.258576 0.407422 0.368699 0.013235 -0.181980 -0.077356 -0.040664 0.053548 0.001127 0.000256 0.363240 0.223406 0.143682 -0.081006 -0.014428 0.123341 0.096884 0.123387 0.139801 0.383502 0.232530 -0.082581 0.175291 0.084007 -0.029236
-0.520493 -0.512054 0.186167 0.568842 0.320838 1.000000 -0.147727 0.184163 0.437951 0.581879 -0.068334 0.228829 0.062575 0.326641 0.304525 0.287397 -0.508918 -0.416018 -0.264231 -0.383653 0.410671 0.355266 0.593961 0.502349 0.382436 0.588114 0.492116 0.642221 -0.427718 -0.488341 0.187170 0.234255 -0.100154 -0.299564 0.509117 0.390197 0.100505 0.130389 0.269549 0.357377 0.162033 -0.117000 -0.325647 -0.358993 -0.379888 0.101452 -0.365963 -0.456369 -0.442327 -0.501494 0.128046 -0.351319 -0.104623 -0.348046 -0.059246 0.051486 -0.463174 -0.281110 -0.386571 -0.094225 -0.301300 -0.332261 -0.507540 -0.342954 0.283006 0.493001 -0.067510 0.335893 -0.020432 -0.359083 0.058581 0.250203 -0.489831 -0.072945 -0.072710 0.163252 -0.198054 0.308912 -0.112742 -0.094498 -0.321842 -0.398508 0.169691 -0.128224 0.191139 0.237019 0.006783 0.131736 0.342997 0.131129 -0.169576 -0.261409 0.634819 0.190350 -0.070152 0.155813 0.107421 -0.115541 -0.387257 -0.314770 -0.051105 -0.067499 0.162462 0.032364 0.134818 0.243961 -0.027498 0.054193 0.275568 0.147438 0.186593 0.203364 -0.133770 0.192473 0.143011 0.302270
0.090268 -0.047026 0.643114 -0.091138 0.404639 -0.147727 1.000000 0.147305 0.433083 -0.159592 -0.105741 -0.012805 0.501569 -0.146376 0.001227 0.072993 0.158427 0.032583 0.145106 0.224408 0.051528 0.024683 -0.089065 -0.130299 0.047224 -0.209761 0.087233 -0.193145 -0.160137 -0.096527 -0.009596 -0.061636 -0.417379 0.011114 -0.077977 0.030593 -0.046053 -0.339221 0.035635 -0.242310 -0.116487 -0.179583 -0.054507 -0.110110 0.019987 -0.102977 -0.219438 -0.151962 0.331259 0.095256 0.232437 0.070184 -0.041006 0.112196 -0.114089 -0.169710 -0.166728 -0.252643 0.128963 -0.284024 0.302314 -0.089582 -0.147540 -0.182868 0.219424 0.022932 -0.025838 0.000089 0.194445 0.331241 0.133472 -0.193530 0.167827 -0.086064 -0.007595 0.056536 -0.059488 -0.382515 -0.213589 -0.068884 -0.174812 -0.093889 0.088110 0.081875 -0.331640 -0.120905 -0.336513 -0.176609 -0.037961 -0.105136 0.083510 0.180917 -0.168716 0.058909 0.042493 -0.203498 -0.069364 0.071284 0.207561 0.079222 -0.037761 0.279707 0.063858 -0.028616 -0.183091 -0.419765 0.123709 0.101971 -0.012387 -0.030084 -0.026821 -0.152344 -0.076377 -0.125150 -0.193835 -0.197205
-0.270958 -0.196287 0.182320 0.409226 0.051149 0.184163 0.147305 1.000000 0.123669 0.396027 -0.109732 0.282691 -0.207963 0.382667 -0.417490 0.202729 -0.275533 -0.144063 -0.185814 -0.097499 -0.173770 -0.254984 -0.144985 0.073573 -0.179409 0.024829 -0.234390 -0.128325 -0.372307 -0.050796 -0.235374 0.010478 -0.010192 0.114410 0.168987 0.090703 -0.136653 -0.155141 -0.290891 0.066349 -0.356271 -0.079624 0.004598 -0.183858 0.047838 0.245934 -0.192814 0.040981 0.024807 0.078445 -0.036127 -0.048095 -0.047738 -0.195815 -0.055147 -0.106058 -0.245488 -0.330686 -0.071967 0.040146 0.002989 -0.031405 -0.130473 -0.101389 0.308077 0.529411 0.153274 0.413929 -0.276142 -0.059256 -0.274590 -0.143311 -0.219361 -0.030241 -0.286002 0.184840 0.082571 0.092172 -0.283846 0.004069 -0.234329 -0.196872 -0.035932 0.101376 -0.078700 0.217451 -0.044441 0.009401 -0.042281 0.054197 -0.073742 -0.078231 0.131654 -0.143435 0.318550 0.028091 -0.025290 0.138717 -0.064577 -0.348737 -0.030110 -0.005258 -0.136554 -0.362081 -0.214442 -0.261492 -0.245607 0.043101 0.139344 -0.089281 -0.194718 -0.282543 -0.185485 -0.103907 -0.186703 -0.217185
-0.470314 -0.477881 0.502371 0.293029 0.536011 0.437951 0.433083 0.123669 1.000000 0.458924 0.020026 0.120109 0.603296 0.118427 0.505985 0.266612 -0.185416 -0.155113 -0.071871 -0.168259 0.338050 0.080914 0.468632 0.373941 0.276234 0.315521 0.331243 0.201070 -0.205442 -0.359356 0.276273 0.188398 -0.345792 -0.176664 0.427647 0.193058 -0.015655 -0.117633 0.182942 0.037252 0.091168 -0.263998 -0.250170 -0.347808 -0.394741 -0.184348 -0.519041 -0.447241 -0.112045 -0.363748 0.393871 -0.288319 -0.106015 -0.181660 -0.173565 -0.224936 -0.584790 -0.295229 -0.179744 -0.293039 0.015600 -0.278194 -0.434379 -0.380092 0.559457 0.351053 -0.224266 0.059055 -0.081284 -0.216019 0.088688 -0.034932 -0.135206 -0.226573 0.028877 0.165637 -0.103359 -0.089005 -0.101107 -0.073932 -0.217091 -0.129798 0.215254 -0.016690 0.001377 -0.002717 -0.194096 -0.116353 0.184095 -0.057510 0.115304 0.043390 0.317108 0.180258 -0.214015 -0.110713 -0.183936 -0.029560 -0.153285 -0.226015 -0.159753 0.249346 0.226544 0.083983 -0.027954 0.066248 0.037404 0.103167 0.138004 0.190691 0.036542 0.035774 -0.040995 -0.123103 0.051449 0.099920
-0.323751 -0.262959 -0.012277 0.429066 0.229228 0.581879 -0.159592 0.396027 0.458924 1.000000 -0.059360 0.376607 -0.025849 0.276758 0.134644 0.311793 -0.314381 -0.154214 -0.322438 -0.313792 0.102714 -0.115855 0.262838 0.267186 0.124307 0.289588 0.056216 0.213974 -0.411327 -0.292798 -0.006274 -0.053074 0.087779 -0.183822 0.315167 0.129573 -0.050673 0.050089 0.026967 0.190954 -0.006991 -0.176212 -0.093611 -0.173733 -0.290524 -0.030598 -0.119673 -0.269173 -0.052188 -0.125994 0.404376 -0.041676 0.098498 -0.239290 0.089585 0.136777 -0.473346 -0.221070 -0.071034 0.106574 -0.178104 0.004633 -0.346195 -0.138577 0.308486 0.621878 0.027342 0.084669 -0.252537 -0.421309 -0.034578 -0.019164 -0.374660 0.015695 -0.066399 0.133870 -0.185687 0.012600 -0.350871 -0.227475 -0.182838 -0.271912 -0.057570 -0.175900 0.122719 0.115489 -0.046352 0.188231 0.332961 0.324049 -0.018794 -0.372781 0.281369 -0.006576 -0.112189 -0.060246 0.015551 -0.209328 -0.163259 -0.271454 -0.173454 -0.087197 0.059165 -0.110735 0.083204 0.118356 -0.284344 -0.108277 0.044593 0.001318 -0.100654 0.024601 0.038388 -0.082875 0.067681 0.078480
0.014087 -0.074114 -0.100782 0.105262 -0.077909 -0.068334 -0.105741 -0.109732 0.020026 -0.059360 1.000000 0.268936 0.272838 0.341384 0.233522 0.035404 0.051013 0.070698 0.151084 0.054459 -0.017826 -0.057584 0.165781 0.240714 -0.187655 -0.084409 -0.185401 0.015691 0.268437 0.229521 0.244923 0.331346 -0.020000 0.189562 0.131920 0.010374 -0.106676 -0.016636 -0.399611 -0.261992 -0.009551 -0.330621 -0.204322 -0.102531 -0.073990 -0.135742 -0.079293 -0.033027 -0.136425 -0.013164 -0.171052 -0.073847 -0.023221 0.029983 -0.108685 -0.233549 0.087702 -0.135229 -0.096852 -0.174371 -0.016160 -0.015221 0.123014 -0.053663 0.312818 0.144050 -0.165373 -0.058450 -0.074110 0.031399 -0.104857 -0.180358 0.117823 -0.080379 0.030794 -0.082296 0.130614 -0.078830 -0.088624 0.005133 -0.100414 -0.032143 0.211618 0.154046 0.526014 0.231156 0.236383 0.034122 0.028733 -0.025552 -0.170309 0.022469 0.080823 -0.064156 -0.078056 -0.215968 -0.441523 0.069772 -0.195317 -0.211979 0.076193 0.012034 -0.155731 -0.015843 -0.304625 -0.226595 0.088400 0.234341 0.221348 0.100687 -0.287913 -0.207309 -0.063720 0.048399 -0.150928 -0.362896
-0.185755 -0.092045 0.128769 0.213063 -0.112399 0.228829 -0.012805 0.282691 0.120109 0.376607 0.268936 1.000000 0.287721 0.651346 0.000037 0.342841 -0.250541 -0.286850 -0.295181 -0.373953 -0.219766 -0.210775 0.073189 0.111341 -0.180411 -0.099037 -0.372004 0.048886 -0.296352 -0.280637 -0.264487 -0.133288 -0.179272 -0.318828 0.125986 -0.036310 -0.342269 -0.239193 -0.236656 -0.080165 -0.213628 -0.264000 -0.140936 0.061136 0.040395 0.187089 -0.045835 0.177325 0.119221 0.032089 0.230290 0.121855 0.020388 -0.150007 0.058524 0.025915 -0.240086 -0.371278 0.221327 0.194881 0.065036 0.072919 -0.098166 -0.183564 0.211512 0.592498 0.189218 0.219030 -0.202221 -0.121897 -0.335029 -0.277461 -0.454749 -0.205830 -0.321097 -0.102611 -0.355076 -0.149285 -0.432063 -0.396248 -0.296524 -0.422632 -0.016299 -0.165545 0.315495 0.486447 0.105361 0.223071 0.211946 0.283796 -0.181459 -0.166879 0.150172 0.004064 0.127236 -0.010311 -0.031129 -0.108958 -0.070179 -0.331842 0.092229 -0.267475 -0.091046 -0.183449 -0.047485 -0.138200 -0.138429 0.012997 0.125630 -0.030911 -0.253456 -0.350302 -0.155507 -0.008443 0.014218 -0.190177
-0.238126 -0.350432 0.513526 -0.045178 0.373541 0.062575 0.501569 -0.207963 0.603296 -0.025849 0.272838 0.287721 1.000000 0.170997 0.537040 0.060500 -0.137686 -0.277178 -0.065204 -0.151518 0.203682 0.161105 0.401054 0.167420 0.190815 0.060561 0.213448 0.151785 -0.054516 -0.362993 0.144135 0.104149 -0.469022 -0.163653 0.225128 0.181073 -0.209449 -0.275117 0.092612 -0.138429 0.200140 -0.327913 -0.110801 -0.149381 0.047517 0.021142 -0.305068 -0.187149 0.116570 -0.185200 0.413032 -0.090997 -0.095746 -0.039698 -0.075172 -0.272865 -0.392550 -0.352143 0.051915 -0.329388 0.126389 -0.279288 -0.248291 -0.488048 0.418375 0.192708 -0.167630 0.031129 0.157605 0.064727 0.006505 -0.056102 -0.177469 -0.375097 -0.049741 -0.046082 -0.140372 -0.337471 -0.218702 -0.202086 -0.177562 -0.223139 0.186638 -0.190405 0.149493 0.080504 -0.132375 -0.067947 0.039289 -0.243276 0.112581 0.180445 0.129338 0.240312 -0.316445 -0.159795 -0.285890 -0.050534 0.123094 -0.089874 -0.032498 0.221348 0.127525 0.093098 -0.035816 0.054516 0.204248 0.245005 0.132813 0.317618 0.037141 -0.064235 -0.048606 0.143719 0.102965 -0.107571
-0.454802 -0.449167 0.152212 0.549236 0.041921 0.326641 -0.146376 0.382667 0.118427 0.276758 0.341384 0.651346 0.170997 1.000000 0.188194 0.388446 -0.392679 -0.481084 -0.045135 -0.140990 -0.046327 -0.006757 0.325783 0.521068 0.015154 0.268023 -0.040736 0.307617 -0.183687 -0.271922 0.068086 0.330714 -0.216542 0.015367 0.316681 0.242034 -0.044559 -0.057475 -0.197225 0.185424 -0.084015 -0.096132 -0.299030 -0.157071 -0.049754 0.233332 -0.248116 -0.038482 -0.372140 -0.391609 -0.075108 -0.299906 -0.148136 -0.179774 -0.028410 -0.248573 -0.272553 -0.361616 -0.243323 -0.210588 -0.244833 -0.318382 -0.255929 -0.419969 0.434650 0.520350 -0.074587 0.410819 -0.197919 -0.185155 -0.332758 -0.116716 -0.391731 -0.156011 -0.270968 0.094580 -0.030553 0.241984 -0.259487 -0.117127 -0.281498 -0.393040 0.352173 -0.038974 0.467472 0.504211 0.412087 0.418369 0.218179 -0.055549 -0.097960 -0.054208 0.505356 0.192292 0.182136 0.000521 -0.145198 -0.073729 -0.284515 -0.483736 -0.015744 -0.030265 -0.210241 -0.222916 -0.181620 0.031995 -0.109183 0.096016 0.289930 -0.016427 -0.153154 -0.125433 -0.327423 0.115856 -0.010443 -0.100319
-0.306879 -0.438378 0.308730 0.134970 0.423267 0.304525 0.001227 -0.417490 0.505985 0.134644 0.233522 0.000037 0.537040 0.188194 1.000000 0.177510 -0.270062 -0.350455 0.143300 -0.052180 0.517549 0.162461 0.726172 0.496637 0.429246 0.440927 0.545319 0.517528 0.098103 -0.386942 0.612249 0.359114 -0.260977 -0.078532 0.320482 0.319474 -0.061421 0.079542 0.301446 0.205335 0.213972 -0.133401 -0.124340 -0.106228 -0.349856 -0.257251 -0.204099 -0.305978 -0.360943 -0.568171 0.254754 -0.285914 -0.056880 -0.017676 0.038589 -0.060416 -0.328618 -0.095730 -0.330899 -0.426947 -0.247284 -0.330087 -0.444370 -0.445074 0.286308 0.040452 -0.475743 -0.170616 0.103364 -0.275859 0.193156 0.127643 -0.111540 -0.135508 0.214931 0.049559 -0.076593 0.064252 -0.080447 -0.125096 -0.261928 -0.259692 0.557244 -0.125089 0.378319 -0.054435 0.282047 0.224386 0.374913 -0.120295 0.128480 -0.037242 0.478009 0.274310 -0.189729 -0.019891 -0.134662 -0.063897 -0.117322 -0.176871 -0.115582 0.123510 -0.003116 0.044529 -0.145281 0.234878 0.147630 0.253950 0.232157 0.216193 0.267684 0.318907 -0.110091 0.176884 0.228290 0.131097
-0.261387 -0.158729 0.254780 0.414691 0.148045 0.287397 0.072993 0.202729 0.266612 0.311793 0.035404 0.342841 0.060500 0.388446 0.177510 1.000000 -0.215301 -0.260167 0.195188 0.144196 0.006968 0.002494 0.167276 0.414995 0.110401 0.161095 0.082925 0.223173 -0.025493 -0.093359 0.167672 0.299554 -0.165354 -0.127937 0.179810 0.148220 0.033538 0.042531 0.048897 0.015818 -0.137002 0.042646 -0.255510 -0.125768 -0.280928 -0.083586 -0.277285 0.015887 -0.275450 -0.225683 -0.126943 -0.257619 -0.131088 -0.053621 -0.259129 -0.221290 -0.215943 -0.262838 -0.197070 -0.227235 -0.315766 -0.206639 -0.299694 -0.223800 0.077486 0.083054 -0.136078 0.134806 -0.251625 -0.140612 -0.031581 -0.016313 -0.174141 -0.027043 -0.058535 0.165966 -0.076488 0.290147 -0.069201 -0.238928 -0.052314 -0.197115 0.266804 0.201391 0.155984 0.196925 0.173913 0.217298 0.130256 0.170104 0.067986 -0.012850 0.428829 0.007428 0.007945 -0.001552 -0.159549 -0.153415 -0.225360 -0.242306 0.059691 0.028278 -0.033869 0.015001 -0.137582 -0.000270 0.095138 -0.111534 -0.029987 -0.095108 0.019077 -0.090948 -0.173084 0.042917 -0.090360 -0.000369
0.553652 0.455048 -0.287276 -0.431933 -0.326629 -0.508918 0.158427 -0.275533 -0.185416 -0.314381 0.051013 -0.250541 -0.137686 -0.392679 -0.270062 -0.215301 1.000000 0.627155 0.050768 0.203367 -0.369774 -0.264465 -0.540701 -0.467573 -0.385748 -0.502408 -0.337878 -0.513245 0.325158 0.648824 -0.170635 -0.281879 0.171256 0.235806 -0.354364 -0.339697 0.139029 -0.101971 -0.177797 -0.397312 -0.153938 -0.084121 0.029978 0.166091 0.056021 -0.357613 0.145414 -0.022065 0.186604 0.317239 -0.145920 0.171995 -0.033133 0.178625 0.054910 -0.072211 0.432436 0.470175 0.266720 0.153546 0.410352 0.284788 0.552138 0.527994 -0.174528 -0.303199 0.163882 -0.343570 0.144760 0.236663 0.034550 -0.168425 0.451709 0.194001 0.122275 -0.045430 0.218291 -0.312133 0.253252 0.228098 0.445388 0.625451 -0.222169 0.013871 -0.233680 -0.174519 -0.162454 -0.259661 -0.206043 0.033711 -0.155244 0.001537 -0.566198 -0.206390 -0.122921 -0.258855 -0.123378 0.088717 0.117756 0.245656 0.125463 0.122196 0.177224 0.140488 -0.136338 -0.169636 -0.060690 -0.133158 -0.213214 -0.101206 -0.272814 -0.056957 0.268010 -0.152931 -0.139751 -0.071608
0.401506 0.546509 -0.392433 -0.550715 -0.360892 -0.416018 0.032583 -0.144063 -0.155113 -0.154214 0.070698 -0.286850 -0.277178 -0.481084 -0.350455 -0.260167 0.627155 1.000000 -0.170017 0.110666 -0.386216 -0.277762 -0.577089 -0.597371 -0.395526 -0.598061 -0.366710 -0.532559 0.377547 0.618553 -0.256524 -0.399276 0.308788 0.207479 -0.344237 -0.431275 -0.004141 -0.047419 -0.284002 -0.412027 -0.233509 -0.118511 0.068805 0.078079 0.000456 -0.357453 0.152057 0.001625 0.315380 0.426200 -0.146913 0.207396 0.078930 0.063738 0.054232 0.106196 0.417227 0.426567 0.359651 0.364926 0.534427 0.538557 0.641000 0.612735 -0.110823 -0.206946 0.275791 -0.365421 0.049399 0.268564 -0.041236 -0.272005 0.463981 0.146173 0.073642 -0.178664 0.120079 -0.327138 0.238645 0.273992 0.291341 0.573128 -0.429004 0.212249 -0.375837 -0.280092 -0.424013 -0.508728 -0.305392 0.122920 -0.112037 -0.063985 -0.612997 -0.284722 -0.062323 -0.079671 0.029581 0.168418 0.062387 0.266008 0.097392 -0.009782 0.091333 0.118426 -0.010309 -0.215294 -0.054225 -0.123498 -0.207155 -0.153738 -0.305675 -0.157542 0.314127 -0.412952 -0.335673 -0.060242
0.132224 -0.018333 0.151239 0.303565 0.241543 -0.264231 0.145106 -0.185814 -0.071871 -0.322438 0.151084 -0.295181 -0.065204 -0.045135 0.143300 0.195188 0.050768 -0.170017 1.000000 0.583431 0.069598 0.029208 0.145124 0.334010 0.119411 0.088185 0.148281 0.003297 0.317572 0.110789 0.496654 0.487616 -0.061569 0.220417 -0.120365 0.078962 0.121617 0.005402 0.021707 -0.097221 -0.003902 0.184534 -0.138384 -0.091365 -0.061672 -0.267221 0.022747 0.022094 -0.241281 -0.121750 -0.308605 -0.174909 -0.069711 0.330846 -0.346772 -0.274017 0.144780 0.108399 -0.322575 -0.426749 -0.397081 -0.281725 -0.071315 -0.147730 -0.078445 -0.430787 -0.416276 -0.117965 -0.166501 0.008845 0.228865 0.134204 0.388716 0.076561 0.106099 0.094669 0.155238 0.178547 0.156436 -0.022408 0.087546 0.044336 0.407487 0.258543 0.067382 -0.146270 0.282865 0.167061 0.009342 -0.162877 0.243228 0.289752 0.181421 0.221874 0.210397 -0.077909 -0.176141 -0.036762 -0.045254 0.062073 0.068214 0.290657 -0.002392 0.124376 -0.175905 -0.191330 -0.050843 0.066759 -0.023480 -0.080291 0.112083 0.105506 -0.049030 0.219632 -0.028039 -0.114236
0.331975 0.165009 0.063309 -0.054989 0.260439 -0.383653 0.224408 -0.097499 -0.168259 -0.313792 0.054459 -0.373953 -0.151518 -0.140990 -0.052180 0.144196 0.203367 0.110666 0.583431 1.000000 0.050963 -0.116100 -0.083284 0.130761 0.072024 0.005919 0.076508 -0.095868 0.227832 0.239854 0.284509 0.261851 -0.083852 0.284451 -0.314016 0.029600 0.185854 0.059354 0.091534 -0.023512 0.063549 0.276457 0.087742 0.101941 0.128383 -0.264874 0.306981 0.132652 -0.035424 0.080558 -0.362425 -0.037585 0.026953 0.485303 -0.255160 -0.149063 0.194924 0.078262 -0.280748 -0.529706 -0.396551 -0.168434 -0.125584 -0.230359 -0.235974 -0.497723 -0.532290 -0.395122 0.163695 0.349775 0.300326 0.135550 0.376740 0.301095 0.124974 0.018295 0.296879 0.094441 0.007411 -0.111965 0.248657 0.146316 0.350475 0.284068 -0.111891 -0.350651 0.189692 0.164696 -0.196200 -0.323249 0.546413 0.490406 0.080079 0.182903 0.065838 -0.365297 0.074084 -0.110593 0.269429 0.357118 0.283291 0.398959 0.113516 0.175147 -0.145084 -0.245589 -0.046059 -0.177168 -0.234140 -0.421205 0.290460 0.269676 0.172205 0.045190 -0.162201 -0.162963
-0.311440 -0.373494 0.343922 0.221734 0.581599 0.410671 0.051528 -0.173770 0.338050 0.102714 -0.017826 -0.219766 0.203682 -0.046327 0.517549 0.006968 -0.369774 -0.386216 0.069598 0.050963 1.000000 0.483576 0.592840 0.448140 0.598770 0.583865 0.642179 0.604281 -0.071762 -0.461383 0.489099 0.404858 -0.150274 -0.029994 0.320519 0.497806 0.058557 0.268568 0.294941 0.369257 0.438739 0.059448 -0.007592 -0.080118 -0.196877 -0.035102 -0.065434 -0.185087 -0.258872 -0.387519 0.075705 -0.236719 -0.150198 0.015477 -0.225386 0.082830 -0.316024 -0.203628 -0.457037 -0.463002 -0.450713 -0.442506 -0.606459 -0.427844 0.057495 -0.009098 -0.407586 -0.001109 0.185205 -0.187194 0.334015 0.300625 -0.136247 0.096081 0.221991 0.150247 -0.087838 0.185908 0.006774 0.015684 -0.198856 -0.309234 0.331335 -0.102882 0.140579 -0.132320 0.111037 0.129619 0.209778 -0.215752 0.161072 0.015568 0.468069 0.236628 -0.221313 -0.016036 -0.009187 -0.075486 -0.211089 -0.004536 -0.157594 0.082795 -0.084961 0.120356 0.049307 0.229881 0.255765 0.103072 0.145293 0.056137 0.332917 0.459088 -0.048816 0.239571 0.146933 0.064621
-0.312193 -0.304404 0.189466 0.194696 0.303482 0.355266 0.024683 -0.254984 0.080914 -0.115855 -0.057584 -0.210775 0.161105 -0.006757 0.162461 0.002494 -0.264465 -0.277762 0.029208 -0.116100 0.483576 1.000000 0.336634 0.272994 0.405283 0.327877 0.465196 0.456902 -0.019360 -0.357932 0.168004 0.276686 -0.259864 -0.259414 0.285766 0.251871 0.275431 0.212012 0.295177 0.100101 0.625844 0.133360 -0.185940 -0.044836 -0.026983 0.277696 -0.248009 -0.127212 -0.192233 -0.299819 -0.093749 -0.283751 -0.270315 -0.082810 -0.263144 -0.196737 -0.167851 -0.131067 -0.200810 -0.262417 -0.180236 -0.378167 -0.178759 -0.212216 0.081422 -0.141037 -0.134004 0.249075 0.173484 -0.086554 0.143556 0.395720 -0.218346 -0.027913 0.015096 0.019236 -0.124699 0.265102 0.256377 0.169037 0.041184 -0.103801 0.037053 0.152424 0.069642 0.105671 -0.216920 0.011443 -0.010614 -0.187969 0.028442 0.111130 0.251717 0.115432 -0.336612 0.068673 -0.140475 -0.262937 -0.226910 0.092558 -0.025406 0.202947 -0.090226 0.210812 0.456496 0.418229 0.360382 0.025296 0.001519 0.185437 0.128653 0.271238 -0.049022 0.192896 0.122676 0.300637
-0.552616 -0.656654 0.347692 0.479328 0.506836 0.593961 -0.089065 -0.144985 0.468632 0.262838 0.165781 0.073189 0.401054 0.325783 0.726172 0.167276 -0.540701 -0.577089 0.145124 -0.083284 0.592840 0.336634 1.000000 0.759604 0.641981 0.770869 0.683073 0.684954 -0.193939 -0.502642 0.632936 0.565140 -0.230259 -0.027865 0.519892 0.624106 0.002977 0.122168 0.312695 0.328500 0.361192 -0.021643 -0.187694 -0.283945 -0.187029 0.035769 -0.243520 -0.381309 -0.457901 -0.614033 0.178085 -0.444549 -0.141051 -0.132720 -0.195469 -0.182688 -0.465054 -0.289418 -0.546542 -0.497523 -0.576219 -0.545606 -0.658385 -0.705128 0.346343 0.218422 -0.494827 0.173348 0.008633 -0.269817 0.213723 0.404387 -0.265855 -0.018765 0.177534 0.213861 -0.065199 0.245353 -0.134233 -0.265258 -0.364096 -0.479639 0.503120 -0.158937 0.316505 0.008401 0.271401 0.234704 0.372946 -0.219753 0.171035 0.045048 0.723593 0.377008 -0.112881 0.052733 -0.021832 -0.027141 -0.224799 -0.250775 0.057025 0.060078 0.014223 -0.040944 -0.009969 0.193085 0.016505 0.121945 0.254215 0.203001 0.371382 0.346118 -0.190978 0.311564 0.121387 0.131320
-0.572240 -0.667299 0.223654 0.764274 0.384139 0.502349 -0.130299 0.073573 0.373941 0.267186 0.240714 0.111341 0.167420 0.521068 0.496637 0.414995 -0.467573 -0.597371 0.334010 0.130761 0.448140 0.272994 0.759604 1.000000 0.442486 0.775197 0.458228 0.667981 -0.114426 -0.341351 0.633830 0.807597 -0.333362 -0.048797 0.441390 0.487718 0.142883 0.221553 0.230659 0.328713 0.288989 0.092047 -0.357849 -0.310994 -0.289553 0.040914 -0.356427 -0.313472 -0.599471 -0.605040 -0.051447 -0.477117 -0.210321 -0.048835 -0.338331 -0.342104 -0.423943 -0.398061 -0.684798 -0.600744 -0.741963 -0.635044 -0.598717 -0.666232 0.370766 0.161207 -0.517893 0.282771 -0.234833 -0.221708 0.163173 0.293649 -0.177379 0.051951 0.064297 0.317563 0.153988 0.545364 -0.058692 -0.159636 -0.281440 -0.394731 0.643117 0.005745 0.374163 0.140991 0.463279 0.373930 0.328179 -0.207732 0.194349 0.182094 0.799208 0.298276 -0.021410 0.022952 -0.152891 -0.100358 -0.334931 -0.276709 -0.035269 0.166968 -0.065289 -0.024520 -0.094869 0.156662 0.039856 0.016821 0.126503 -0.013573 0.244673 0.216177 -0.282436 0.191172 0.054147 0.008105
-0.360070 -0.436113 0.350709 0.222305 0.564966 0.382436 0.047224 -0.179409 0.276234 0.124307 -0.187655 -0.180411 0.190815 0.015154 0.429246 0.110401 -0.385748 -0.395526 0.119411 0.072024 0.598770 0.405283 0.641981 0.442486 1.000000 0.685682 0.774273 0.540945 -0.134558 -0.455402 0.517356 0.457403 -0.117363 0.207025 0.280267 0.490861 0.076297 -0.012527 0.426770 0.187796 0.468252 0.049646 -0.092167 -0.170472 0.094176 0.216447 -0.158394 -0.259015 -0.286906 -0.374062 0.059012 -0.354173 -0.291471 -0.060251 -0.314131 -0.046299 -0.345543 -0.134005 -0.464362 -0.453961 -0.507263 -0.483789 -0.544911 -0.477868 0.155695 -0.013411 -0.350992 0.177159 0.233811 -0.124800 0.252469 0.454812 -0.108812 0.012113 0.364397 0.229635 -0.075141 0.240046 0.050437 -0.112406 -0.110639 -0.272169 0.269468 -0.038400 0.125510 -0.130237 0.109069 0.175953 0.251056 -0.277185 0.113251 0.031690 0.376176 0.356530 -0.073006 0.130842 0.078051 -0.072312 -0.242574 -0.045516 -0.004826 0.199024 0.021947 0.048993 0.185050 0.197998 0.075307 -0.069897 0.024219 0.224325 0.452977 0.307832 -0.162423 0.223677 0.181361 0.258845
-0.617183 -0.659576 0.219343 0.510403 0.450918 0.588114 -0.209761 0.024829 0.315521 0.289588 -0.084409 -0.099037 0.060561 0.268023 0.440927 0.161095 -0.502408 -0.598061 0.088185 0.005919 0.583865 0.327877 0.770869 0.775197 0.685682 1.000000 0.667706 0.772621 -0.228163 -0.499795 0.540777 0.633033 -0.159870 0.072683 0.578288 0.633348 0.233163 0.318015 0.445841 0.538021 0.422231 0.163558 -0.091274 -0.221051 -0.134441 0.218468 -0.209556 -0.323718 -0.622134 -0.661010 -0.039745 -0.556651 -0.316905 -0.247490 -0.295388 -0.181018 -0.505547 -0.232243 -0.755383 -0.507985 -0.731068 -0.662930 -0.641767 -0.633513 0.275852 0.158292 -0.401495 0.357198 0.025882 -0.228019 0.248484 0.477893 -0.175184 0.002777 0.179745 0.371558 0.091666 0.501294 0.013351 -0.027970 -0.194058 -0.353255 0.491320 -0.157491 0.303286 0.065750 0.376848 0.279662 0.349002 -0.301878 0.070384 0.020095 0.693323 0.396014 -0.062809 0.081989 0.116900 -0.004472 -0.368258 -0.284148 0.046718 0.089538 0.104421 -0.086348 0.017530 0.296331 0.034291 0.006036 0.155049 0.069577 0.474758 0.436172 -0.192232 0.196021 0.123618 0.177556
-0.344261 -0.461014 0.359687 0.274752 0.647540 0.492116 0.087233 -0.234390 0.331243 0.056216 -0.185401 -0.372004 0.213448 -0.040736 0.545319 0.082925 -0.337878 -0.366710 0.148281 0.076508 0.642179 0.465196 0.683073 0.458228 0.774273 0.667706 1.000000 0.659006 -0.185096 -0.389340 0.549028 0.455906 -0.182222 0.095578 0.368522 0.523614 0.154920 0.120852 0.440111 0.258991 0.355441 0.126356 -0.175293 -0.295437 -0.092685 0.038116 -0.259085 -0.437324 -0.398668 -0.501035 0.059331 -0.381884 -0.166689 -0.076399 -0.102225 -0.109975 -0.349906 -0.148243 -0.477779 -0.511990 -0.404082 -0.494987 -0.547916 -0.472359 0.191856 -0.070635 -0.406473 0.103624 0.294425 -0.134557 0.303144 0.417455 -0.097905 0.031766 0.347781 0.335174 0.014423 0.262767 0.052380 -0.095742 -0.166607 -0.256391 0.370104 -0.026656 0.026295 -0.209150 0.132378 0.059184 0.257408 -0.310767 0.140915 0.121388 0.453124 0.291665 -0.103256 0.015605 0.060518 0.013030 -0.150531 -0.058255 -0.069163 0.105132 0.093647 0.049400 0.073117 0.208286 0.145539 0.009452 0.099131 0.223908 0.504611 0.371941 -0.226889 0.218070 0.142099 0.264119
-0.452915 -0.497301 0.222576 0.442989 0.360467 0.642221 -0.193145 -0.128325 0.201070 0.213974 0.015691 0.048886 0.151785 0.307617 0.517528 0.223173 -0.513245 -0.532559 0.003297 -0.095868 0.604281 0.456902 0.684954 0.667981 0.540945 0.772621 0.659006 1.000000 -0.123452 -0.540951 0.412495 0.512514 -0.246600 -0.168553 0.389959 0.469598 0.129761 0.246862 0.417342 0.484079 0.332477 0.068210 -0.197350 -0.247265 -0.202963 0.112172 -0.251607 -0.279121 -0.520905 -0.623009 0.018036 -0.413223 -0.226553 -0.214295 -0.120892 -0.046193 -0.356267 -0.201026 -0.562764 -0.426160 -0.561191 -0.542796 -0.537510 -0.530606 0.152272 0.148963 -0.375003 0.228373 0.136220 -0.182384 0.215881 0.376829 -0.330156 -0.051429 0.132663 0.274081 -0.031243 0.379121 0.025643 -0.103712 -0.266068 -0.450877 0.459313 -0.174421 0.270237 0.086846 0.339418 0.268989 0.338340 -0.205969 0.030733 0.020699 0.626963 0.309659 -0.064987 0.107314 0.094615 -0.010532 -0.283796 -0.195205 -0.018518 -0.049484 0.010560 -0.040718 -0.004386 0.335906 0.127696 0.143860 0.330971 0.129480 0.405418 0.318756 -0.232631 0.252047 0.203674 0.199742
0.201696 0.142316 -0.227949 -0.265288 -0.265731 -0.427718 -0.160137 -0.372307 -0.205442 -0.411327 0.268437 -0.296352 -0.054516 -0.183687 0.098103 -0.025493 0.325158 0.377547 0.317572 0.227832 -0.071762 -0.019360 -0.193939 -0.114426 -0.134558 -0.228163 -0.185096 -0.123452 1.000000 0.419253 0.201062 0.203054 0.101599 0.236695 -0.169872 -0.280513 0.119071 0.075371 -0.020124 -0.262046 0.154786 0.052833 0.146730 0.216213 -0.014315 -0.155445 0.139889 0.111749 -0.113448 -0.016629 -0.386824 -0.136512 -0.217445 0.121604 -0.309527 -0.151591 0.380050 0.304256 -0.063865 -0.128989 -0.006114 -0.102361 0.418597 0.187546 -0.157621 -0.440440 -0.109829 -0.271287 -0.105478 -0.000539 0.138860 0.028667 0.454999 0.074861 0.140540 0.001796 0.197618 0.086542 0.486671 0.380294 0.431211 0.471706 0.024342 0.298081 0.170049 -0.004075 -0.049455 -0.160873 -0.298457 -0.212072 -0.091088 0.059518 -0.258126 0.011133 -0.214105 0.103102 -0.214252 -0.098994 -0.195318 0.134915 -0.039665 0.187468 -0.154638 0.075466 -0.095053 0.079993 0.056499 0.098747 -0.101457 -0.063480 -0.134193 -0.046093 0.113251 0.043574 0.071849 0.085463
0.504451 0.460526 -0.497983 -0.219379 -0.430096 -0.488341 -0.096527 -0.050796 -0.359356 -0.292798 0.229521 -0.280637 -0.362993 -0.271922 -0.386942 -0.093359 0.648824 0.618553 0.110789 0.239854 -0.461383 -0.357932 -0.502642 -0.341351 -0.455402 -0.499795 -0.389340 -0.540951 0.419253 1.000000 -0.114304 -0.057114 0.296568 0.386851 -0.302116 -0.321556 0.056642 -0.137596 -0.419414 -0.516464 -0.287995 -0.190742 -0.006131 -0.042055 0.118859 -0.185084 0.051353 0.048189 0.150911 0.405920 -0.328520 0.176251 0.092698 0.200767 -0.035684 -0.199577 0.629086 0.343415 0.222330 0.153325 0.262968 0.273592 0.542679 0.467038 -0.266840 -0.370984 0.125660 -0.243427 0.042657 0.176001 -0.008733 -0.053359 0.435643 0.354668 0.208440 0.120591 0.410888 -0.041020 0.284749 0.142726 0.395433 0.594934 -0.365165 0.192733 -0.219940 -0.191660 -0.125469 -0.443030 -0.403808 -0.083229 -0.115354 0.057525 -0.446191 -0.377263 -0.066109 -0.046235 -0.340009 0.231127 0.031347 0.276063 -0.002709 -0.019171 -0.056576 -0.001372 -0.233777 -0.230951 -0.066592 -0.105412 -0.173475 0.063144 -0.300873 -0.187372 0.142293 -0.034337 -0.056508 -0.020589
-0.224016 -0.348420 0.208643 0.326101 0.511093 0.187170 -0.009596 -0.235374 0.276273 -0.006274 0.244923 -0.264487 0.144135 0.068086 0.612249 0.167672 -0.170635 -0.256524 0.496654 0.284509 0.489099 0.168004 0.632936 0.633830 0.517356 0.540777 0.549028 0.412495 0.201062 -0.114304 1.000000 0.741355 -0.074114 0.193168 0.194932 0.336448 0.165118 0.166815 0.232527 0.146045 0.290417 0.090174 -0.134689 -0.152759 -0.173920 -0.236212 -0.112233 -0.260134 -0.373536 -0.403036 -0.042754 -0.304035 -0.132920 0.183761 -0.307617 -0.205492 -0.203188 -0.140738 -0.544805 -0.590199 -0.548307 -0.437205 -0.367882 -0.422602 0.087528 -0.183914 -0.523731 -0.132403 -0.037948 -0.136170 0.363871 0.348098 0.297211 0.165054 0.365484 0.315487 0.206703 0.377696 0.012960 0.053420 -0.184906 -0.213028 0.602368 0.036365 0.196548 -0.257901 0.284299 0.116333 0.105632 -0.275934 0.136272 0.156979 0.499884 0.235967 -0.033621 0.059932 -0.144985 -0.059553 -0.193148 -0.103426 0.079608 0.180516 -0.024358 0.069143 -0.254509 -0.035744 0.120858 0.109223 0.059181 0.043233 0.395481 0.210411 -0.159658 0.236371 0.004635 0.006526
-0.421898 -0.541012 0.181395 0.583206 0.381789 0.234255 -0.061636 0.010478 0.188398 -0.053074 0.331346 -0.133288 0.104149 0.330714 0.359114 0.299554 -0.281879 -0.399276 0.487616 0.261851 0.404858 0.276686 0.565140 0.807597 0.457403 0.633033 0.455906 0.512514 0.203054 -0.057114 0.741355 1.000000 -0.305595 0.271317 0.364796 0.460857 0.105777 0.123381 0.091872 0.058004 0.324831 0.020974 -0.295056 -0.335259 -0.080359 0.107289 -0.351339 -0.195106 -0.607010 -0.499669 -0.308059 -0.481740 -0.316015 0.064970 -0.567377 -0.533293 -0.179070 -0.318514 -0.685568 -0.708825 -0.642532 -0.651582 -0.326145 -0.510812 0.296763 -0.029605 -0.524795 0.259797 -0.138886 -0.106572 0.243731 0.371596 0.132245 0.129779 0.249266 0.453402 0.342459 0.502699 0.105586 0.020770 -0.133971 -0.156023 0.591682 0.267134 0.322858 0.047877 0.342322 0.080623 0.049485 -0.446372 0.071304 0.295547 0.560172 0.282979 -0.089990 0.110668 -0.383381 0.034907 -0.423678 -0.190359 0.012829 0.228194 -0.143169 -0.111746 -0.250719 0.044002 0.187724 0.169343 0.110006 0.159285 0.204212 0.092975 -0.299604 0.263614 0.012349 -0.039683
0.239228 0.409474 -0.431417 -0.160656 -0.306159 -0.100154 -0.417379 -0.010192 -0.345792 0.087779 -0.020000 -0.179272 -0.469022 -0.216542 -0.260977 -0.165354 0.171256 0.308788 -0.061569 -0.083852 -0.150274 -0.259864 -0.230259 -0.333362 -0.117363 -0.159870 -0.182222 -0.246600 0.101599 0.296568 -0.074114 -0.305595 1.000000 0.306489 -0.229657 -0.164298 0.112242 0.181974 -0.208518 0.024837 -0.188583 0.031266 0.159141 0.036445 -0.047115 -0.200855 0.260204 -0.083201 0.163642 0.341877 -0.016745 0.208436 0.128382 -0.060850 0.299340 0.295879 0.291219 0.434190 0.181290 0.455537 0.097744 0.384260 0.228192 0.477633 -0.356545 -0.031549 0.333044 -0.138573 -0.028330 -0.071650 -0.161427 -0.003632 0.161781 -0.071840 -0.040913 -0.147853 0.034027 -0.008090 0.045150 0.143457 0.131614 0.073001 -0.371165 -0.339855 -0.086752 -0.190685 0.027787 -0.126530 -0.158609 0.254655 -0.262592 -0.441228 -0.261217 -0.405265 0.093510 -0.056383 0.194667 -0.016774 0.006251 -0.089002 0.132362 -0.230157 0.081645 -0.037565 -0.055987 0.063719 -0.119988 0.029570 0.021282 0.018307 -0.185167 -0.132539 0.087075 0.033426 -0.059648 -0.027962
0.096726 -0.086965 -0.070261 -0.044762 0.102406 -0.299564 0.011114 0.114410 -0.176664 -0.183822 0.189562 -0.318828 -0.163653 0.015367 -0.078532 -0.127937 0.235806 0.207479 0.220417 0.284451 -0.029994 -0.259414 -0.027865 -0.048797 0.207025 0.072683 0.095578 -0.168553 0.236695 0.386851 0.193168 0.271317 0.306489 1.000000 0.072026 0.295425 -0.069277 -0.261637 -0.379095 -0.233222 -0.159702 -0.217903 0.078687 -0.212090 0.242093 0.013697 -0.031897 -0.092437 -0.210483 0.018282 -0.363267 -0.232371 -0.265188 -0.017852 -0.215888 -0.347634 0.246898 0.270606 -0.282060 -0.257305 -0.057277 -0.157332 0.158884 0.034032 0.211807 -0.009469 -0.058239 0.171660 0.209210 0.223671 -0.111379 -0.020466 0.430060 0.015520 0.221572 0.176850 0.314453 -0.072515 0.087834 0.146955 0.154852 0.248479 0.026715 0.050312 0.106854 -0.037806 0.154846 -0.120909 -0.161840 -0.375353 -0.139707 -0.046586 -0.117865 0.068550 0.151936 -0.137559 -0.234457 0.348636 -0.169399 -0.176831 0.056242 0.195475 -0.025527 -0.235910 -0.450806 -0.241402 -0.094324 0.168569 0.106941 0.189774 -0.121133 -0.058763 -0.168770 0.086773 -0.217356 -0.245327
-0.698557 -0.655075 0.131654 0.413319 0.284955 0.509117 -0.077977 0.168987 0.427647 0.315167 0.131920 0.125986 0.225128 0.316681 0.320482 0.179810 -0.354364 -0.344237 -0.120365 -0.314016 0.320519 0.285766 0.519892 0.441390 0.280267 0.578288 0.368522 0.389959 -0.169872 -0.302116 0.194932 0.364796 -0.229657 0.072026 1.000000 0.617783 -0.022461 0.101311 0.022055 0.195536 0.142917 -0.195191 -0.028880 -0.208091 -0.084411 0.343897 -0.364013 -0.226302 -0.495074 -0.569182 -0.149135 -0.554159 -0.467676 -0.458225 -0.276682 -0.414713 -0.506233 -0.257691 -0.475148 -0.304562 -0.254093 -0.513201 -0.367914 -0.415609 0.551297 0.368309 -0.030583 0.594717 -0.107645 -0.277269 0.034419 0.217107 -0.260250 -0.271557 -0.072473 0.321448 -0.107693 0.264290 0.102121 0.125775 -0.030729 -0.029628 0.183521 0.043460 0.393253 0.408938 -0.032674 -0.094000 0.264003 -0.163315 -0.187434 -0.163432 0.463521 0.269359 -0.128203 0.031950 -0.167947 0.083754 -0.545380 -0.476298 -0.057378 0.004750 -0.017123 -0.174397 0.050735 0.180748 0.072792 0.115008 0.193057 0.204303 0.122536 0.222212 -0.135866 0.016766 0.064701 0.061493
-0.462510 -0.559909 0.229821 0.367893 0.395679 0.390197 0.030593 0.090703 0.193058 0.129573 0.010374 -0.036310 0.181073 0.242034 0.319474 0.148220 -0.339697 -0.431275 0.078962 0.029600 0.497806 0.251871 0.624106 0.487718 0.490861 0.633348 0.523614 0.469598 -0.280513 -0.321556 0.336448 0.460857 -0.164298 0.295425 0.617783 1.000000 -0.039631 0.062988 0.061860 0.358875 0.206731 -0.125418 -0.067309 -0.342907 0.068032 0.161201 -0.210036 -0.211076 -0.487857 -0.499151 -0.196188 -0.527804 -0.447563 -0.213473 -0.332188 -0.315077 -0.257142 -0.193557 -0.562070 -0.501187 -0.496016 -0.555931 -0.517444 -0.562686 0.331883 0.230920 -0.227566 0.500038 0.184359 0.181731 0.187646 0.285567 -0.227352 -0.030795 -0.032568 0.201167 -0.066276 0.096432 -0.047939 -0.119063 -0.219928 -0.261955 0.356309 -0.147460 0.243308 0.079727 0.275728 0.059784 0.307891 -0.297165 0.006628 -0.023379 0.567796 0.442107 -0.083013 -0.068342 -0.061659 0.286906 -0.371883 -0.261896 0.172219 0.122091 0.067087 -0.213757 -0.188058 -0.042590 0.166042 0.161300 0.206611 0.134521 0.283603 0.316825 -0.104360 0.235293 -0.141505 -0.084175
