1.000000 -0.023045 0.371867 0.120753 -0.255755 -0.067699 0.409085 0.104842 -0.247903 -0.058975 0.372593 0.138338 -0.159183 -0.032519 -0.440366 -0.049658 0.191854 0.118236 0.437887 0.108867 -0.359390 -0.103617 0.186982 0.283962 -0.263555 -0.254082 -0.190416 -0.320068 -0.168015 -0.121578 -0.113391 0.096880 0.321667 0.294119 -0.008018 0.162344 -0.003574 -0.219285 -0.316518 0.050205 -0.206882 -0.384148 -0.176596 -0.075941 -0.033077 -0.324480 -0.190034 -0.103987 0.204285 -0.141282 -0.105822 -0.088679 -0.328673 -0.195470 -0.460760 0.095570 0.546199 0.056569 0.114467 -0.370264 0.375041 -0.002462 0.115885 0.049858 0.138536 -0.129408 -0.129710 -0.272423 -0.235849 -0.327432 0.161628 -0.020961 0.008248 0.133085 -0.061703 0.115570 0.072848 0.073770 0.270830 0.012934 -0.101858 0.031745 -0.157629 -0.045800 -0.193993 0.009630 0.286439 -0.037956 0.173426 0.056968 -0.040383 -0.078532 0.032104 -0.080828 -0.534268 -0.121506 0.054289 -0.242808 -0.050085 -0.074353 -0.213973 -0.459229 -0.376370 -0.273735 -0.410511 -0.289573 0.296629 0.124894 -0.388229 -0.393917 -0.232525 -0.107962 -0.280847 -0.223234 -0.168969 -0.300095
-0.023045 1.000000 -0.377253 0.207807 0.244111 -0.230755 -0.501943 -0.035566 0.024835 -0.306737 -0.369385 0.026839 -0.329985 -0.347461 0.025988 -0.257394 -0.137670 -0.478151 0.480876 0.655453 -0.260543 -0.265713 -0.440530 -0.302543 -0.076415 -0.203109 0.095437 -0.103251 -0.322639 -0.268742 -0.163282 -0.494051 -0.389098 -0.050383 -0.368824 0.095539 0.171317 -0.210255 -0.382141 0.371245 0.061607 -0.171727 0.044330 -0.186247 -0.191376 0.001935 0.271052 -0.024054 -0.157440 -0.062509 0.367293 -0.142366 0.245562 -0.059859 -0.081326 -0.250334 0.060308 0.848840 -0.012231 0.174971 -0.241880 0.220326 0.141765 0.242185 -0.103629 0.219741 0.219237 0.217003 0.403040 0.352546 -0.167075 -0.232206 -0.272375 -0.245237 -0.304260 -0.185442 0.223807 0.123521 0.033366 -0.310999 0.237929 -0.186215 0.165350 -0.133157 0.417197 -0.179704 0.084433 -0.092083 0.321132 -0.297630 0.358312 0.143416 0.231450 0.162595 0.009020 0.565833 0.028900 0.152377 0.170370 0.109182 0.384173 0.112981 0.075186 0.279391 0.202361 0.435377 0.341612 0.269524 0.051615 0.085393 -0.284338 0.050919 0.224016 0.219842 0.046281 0.200186
0.371867 -0.377253 1.000000 0.562270 -0.094509 -0.129486 0.845456 0.694534 -0.294327 -0.078796 0.135483 -0.118103 0.157537 0.344857 -0.289205 0.063723 0.080304 0.549091 0.129440 -0.025526 -0.185136 -0.202267 0.729395 0.855016 -0.499014 -0.382086 0.012816 -0.207909 -0.084181 0.039404 -0.111754 0.325119 0.253527 -0.017794 0.130957 -0.148655 -0.371947 -0.213609 0.004758 0.016949 -0.392704 -0.084971 -0.305302 -0.170578 -0.100318 -0.265734 -0.233670 -0.044560 -0.139272 -0.125089 -0.462792 0.007179 -0.200661 -0.149809 -0.152143 0.402043 -0.045484 -0.347170 -0.155227 -0.387313 0.033653 -0.359943 -0.402351 -0.339780 0.125477 -0.298011 -0.307969 -0.350450 -0.331164 -0.302272 -0.026032 0.057245 -0.024822 -0.101725 -0.075626 -0.285611 -0.513945 -0.279701 -0.244675 -0.028294 -0.580173 -0.267900 0.028734 -0.144823 -0.513148 -0.170076 0.018911 -0.319468 0.176303 0.438638 -0.115206 -0.111783 0.192438 -0.108272 -0.282904 -0.352481 -0.220359 -0.276302 -0.086549 -0.236951 -0.299136 -0.403654 -0.126513 -0.580394 -0.428328 -0.469218 -0.149559 -0.559873 -0.075843 -0.449561 -0.167541 -0.354891 -0.026013 -0.176303 0.140704 -0.462276
0.120753 0.207807 0.562270 1.000000 0.221936 -0.116086 0.316169 0.720180 -0.226179 0.043438 -0.265133 -0.165357 -0.258496 0.040870 -0.150551 0.103355 -0.273291 0.065130 0.485099 0.563060 -0.235226 -0.107293 0.507363 0.611686 -0.221059 -0.211789 0.222216 -0.086649 -0.351296 -0.213561 -0.154035 0.045455 -0.309822 -0.412010 -0.242574 -0.084821 -0.202207 -0.408670 -0.187865 0.283484 -0.269273 -0.247947 -0.031588 -0.136761 -0.177811 -0.028038 0.115811 0.026942 -0.196667 -0.000791 -0.309538 -0.070364 -0.160878 -0.145149 -0.080532 0.344092 -0.336124 0.073933 -0.243202 0.024784 -0.504352 -0.472198 -0.460361 -0.532019 -0.179718 -0.239801 -0.182585 -0.184765 0.165082 0.117527 -0.111046 -0.053924 -0.278799 -0.351431 -0.359708 -0.398040 -0.363919 -0.271338 -0.227196 -0.224960 -0.318474 -0.377007 0.230879 -0.067080 -0.240795 -0.442690 -0.111969 -0.367480 0.331772 0.235846 0.204890 0.091556 0.391848 0.256859 -0.183580 0.083008 -0.150569 -0.115139 -0.003586 -0.154905 0.000220 -0.106831 0.128127 -0.296675 -0.140006 -0.012435 -0.071513 -0.222349 0.083984 -0.157316 -0.286035 -0.228093 0.170774 0.136708 0.272498 -0.278834
-0.255755 0.244111 -0.094509 0.221936 1.000000 0.411388 -0.153792 0.029672 0.409015 0.400822 -0.154126 0.004396 -0.204194 -0.429788 0.504933 0.340713 -0.176159 -0.362940 -0.141558 0.218938 0.284279 0.066295 0.105036 0.061781 0.304473 0.307532 0.562012 0.412487 -0.047259 -0.338831 0.047040 -0.347746 -0.374908 -0.424332 -0.242415 0.081506 0.307413 -0.090339 0.043147 0.293447 0.318931 0.089466 0.088183 -0.127176 -0.230240 -0.111789 0.069700 -0.080367 -0.248595 -0.241157 0.119539 -0.171756 -0.014694 0.096305 0.020348 0.017064 -0.287155 0.033615 -0.010287 0.313638 -0.419845 -0.186156 -0.174394 -0.234385 -0.121803 -0.248209 0.143029 0.177756 0.221476 0.409467 0.136592 0.043380 -0.117789 -0.193228 -0.125316 -0.065848 0.151159 0.137133 -0.027873 -0.260000 0.198860 -0.146909 0.216195 0.194395 0.075736 -0.106461 -0.329035 -0.367068 -0.152865 -0.109520 -0.096116 -0.021546 0.070352 0.066741 0.126026 0.378294 -0.327098 0.011031 -0.390073 -0.226382 0.057248 0.097558 0.209998 0.344282 0.170520 0.344701 -0.156037 -0.020942 0.028379 0.274922 -0.130966 -0.154646 0.132217 0.009605 0.263535 0.062607
-0.067699 -0.230755 -0.129486 -0.116086 0.411388 1.000000 -0.055882 -0.249305 0.360340 0.579697 0.167064 0.059649 0.087913 -0.366644 0.364901 0.551616 0.015114 -0.356969 -0.185309 -0.091035 0.446320 0.361109 0.146963 -0.071321 0.523098 0.522302 0.406366 0.651937 0.167283 -0.320456 0.335318 -0.054068 -0.127556 -0.247078 -0.044659 0.066900 0.337858 0.031387 0.253066 -0.114949 0.508800 0.083533 0.313295 0.007373 -0.084640 0.017910 -0.091028 -0.031923 -0.025252 0.008246 0.047903 0.060719 -0.273069 0.113460 -0.073803 -0.036315 -0.083578 -0.326062 0.177620 0.456501 -0.095273 -0.197246 -0.199927 -0.325272 -0.037040 -0.115882 0.135348 0.080831 0.267005 0.247947 0.236575 0.022061 0.074034 -0.029527 0.151693 0.198240 0.179451 -0.046627 0.056051 -0.048417 0.262946 0.057022 0.054129 0.405590 -0.139517 0.022935 -0.339446 -0.268775 -0.540538 0.013532 -0.362613 0.195737 -0.156425 0.073362 0.090610 -0.073253 -0.303940 -0.138284 -0.499313 -0.158809 0.024371 0.123324 0.091351 0.370449 0.119906 0.039095 -0.164865 0.191023 -0.189479 0.073247 0.193193 0.153947 -0.085592 -0.201293 -0.160287 0.067409
0.409085 -0.501943 0.845456 0.316169 -0.153792 -0.055882 1.000000 0.548530 -0.172497 -0.032748 0.311006 -0.120198 0.259103 0.360749 -0.209265 0.221197 0.039772 0.511929 -0.050303 -0.264263 -0.096583 -0.026798 0.809055 0.835656 -0.467454 -0.238162 0.013151 -0.076946 0.010826 0.098052 0.090736 0.487297 0.468593 0.084870 0.039128 -0.185504 -0.444107 -0.200141 0.122431 -0.288638 -0.358053 -0.039652 -0.369631 -0.129410 -0.063178 -0.333154 -0.358070 -0.222134 0.033320 -0.235061 -0.316269 0.079371 -0.256061 -0.056559 -0.120291 0.328798 -0.050653 -0.447495 -0.206364 -0.401404 0.082863 -0.301513 -0.238312 -0.230842 0.268923 -0.321103 -0.431084 -0.410789 -0.445653 -0.368283 0.020584 0.013192 0.067750 -0.027256 0.021759 -0.278357 -0.581867 -0.391762 -0.193380 0.024153 -0.655275 -0.249046 -0.202769 -0.019915 -0.630310 -0.058120 -0.020726 -0.248210 0.030157 0.447497 -0.245132 -0.128369 0.087085 -0.180378 -0.210382 -0.422378 -0.205746 -0.396471 -0.201942 -0.289325 -0.398805 -0.533692 -0.217877 -0.519407 -0.498112 -0.550406 -0.130542 -0.634021 -0.230023 -0.416631 -0.156280 -0.392455 -0.144837 -0.252522 0.094604 -0.506652
0.104842 -0.035566 0.694534 0.720180 0.029672 -0.249305 0.548530 1.000000 -0.253112 -0.109685 -0.162540 -0.064363 -0.043749 0.411610 -0.123041 0.086468 -0.094571 0.424125 0.196824 0.059477 -0.160769 -0.096662 0.605437 0.732816 -0.441833 -0.409063 0.297606 -0.067440 -0.275069 -0.046428 -0.294540 0.140768 -0.018988 -0.160094 -0.135505 -0.314555 -0.264717 -0.336739 -0.193784 0.144347 -0.321309 -0.142925 -0.262285 -0.149456 -0.220583 -0.173008 -0.009095 -0.156254 -0.199542 -0.092263 -0.314969 -0.020522 0.081654 0.049674 0.037204 0.383461 -0.330336 -0.131068 -0.369117 -0.338541 -0.270574 -0.396384 -0.408778 -0.411300 -0.070494 -0.282800 -0.424512 -0.427573 -0.239796 -0.310985 -0.150966 -0.013489 -0.171372 -0.248951 -0.251007 -0.463547 -0.526708 -0.363124 -0.232920 -0.286236 -0.356665 -0.431858 0.252980 -0.160357 -0.228161 -0.288844 -0.071154 -0.277453 0.352249 0.356997 0.008582 -0.032111 0.320008 -0.013195 -0.146471 -0.066618 -0.182688 -0.278127 -0.000763 -0.234682 -0.303346 -0.209122 -0.129240 -0.495117 -0.239518 -0.213653 -0.165096 -0.431750 -0.027602 -0.235872 -0.349254 -0.299607 0.121457 -0.033999 0.366704 -0.390660
-0.247903 0.024835 -0.294327 -0.226179 0.409015 0.360340 -0.172497 -0.253112 1.000000 0.462677 0.265634 0.158299 0.264597 -0.129891 0.794849 0.527710 0.203861 -0.375597 -0.312418 -0.088982 0.508428 0.218370 -0.053398 -0.285340 0.288823 0.508942 0.510527 0.719646 0.432076 -0.003656 0.330276 -0.098784 -0.124432 -0.193806 -0.128456 -0.016241 0.373279 0.163656 0.448477 -0.366153 0.509279 0.502710 -0.023668 0.001326 0.076442 0.000741 -0.083429 -0.158081 0.027690 -0.050579 0.162226 0.237982 -0.191216 0.135645 0.353977 -0.000678 -0.366455 -0.181048 -0.290694 0.050954 -0.175775 -0.159883 0.135227 -0.095437 0.202909 -0.166923 -0.175335 -0.064093 0.123071 0.055211 0.340261 -0.010878 0.366777 0.249617 0.465997 0.375978 0.262112 0.069407 0.057033 -0.218479 0.266396 -0.030309 -0.201014 0.393192 0.229320 0.313151 -0.612493 -0.269905 -0.449239 -0.115499 -0.664316 -0.216280 -0.384288 -0.164074 0.404759 0.241268 -0.589783 -0.284894 -0.588783 -0.213584 0.055234 0.154021 0.026683 0.487425 0.132591 0.203532 -0.414848 -0.093023 0.058564 0.282000 -0.146324 -0.312892 0.072600 -0.091710 0.010232 0.327083
-0.058975 -0.306737 -0.078796 0.043438 0.400822 0.579697 -0.032748 -0.109685 0.462677 1.000000 0.077692 0.183684 -0.126396 -0.266729 0.413509 0.556907 -0.237632 -0.249909 -0.344341 -0.117802 0.395546 0.407103 0.203287 0.032454 0.489074 0.630825 0.492560 0.482073 -0.047729 -0.356175 0.228556 0.018900 -0.047954 -0.245601 -0.159278 0.046428 0.151584 -0.093905 0.142127 -0.080194 0.316205 0.157693 0.251879 0.096174 0.061614 0.079538 -0.039159 -0.051998 0.091550 0.030518 -0.112437 0.105957 -0.473577 0.108621 -0.110347 0.197518 -0.113016 -0.407489 0.087562 0.324696 -0.073072 -0.093539 0.057021 -0.235345 0.060628 -0.094442 0.034195 0.076510 -0.020060 0.073910 0.252638 -0.036847 -0.131869 -0.099670 0.014251 0.243717 -0.017909 -0.088213 -0.128160 -0.050045 0.029390 -0.069799 0.114940 0.540948 -0.161261 0.077960 -0.322183 -0.140586 -0.359409 -0.037611 -0.277061 0.014456 -0.063216 0.153649 -0.070717 -0.045299 -0.316293 -0.121365 -0.362806 -0.081114 -0.005396 0.142980 0.137961 0.286578 0.036685 0.038322 -0.172465 0.046272 -0.113659 0.184547 0.018708 -0.134418 0.020224 -0.157917 0.027596 -0.030384
0.372593 -0.369385 0.135483 -0.265133 -0.154126 0.167064 0.311006 -0.162540 0.265634 0.077692 1.000000 0.425225 0.562828 0.264490 0.222490 0.308772 0.585807 0.090185 -0.101078 -0.304161 0.162679 0.258731 0.160591 0.071822 0.083082 0.282888 -0.068873 0.201816 0.408517 0.250161 0.597409 0.436280 0.191920 0.242456 0.136972 -0.005256 0.041494 -0.025891 0.124141 -0.501687 -0.003538 0.187109 -0.271899 -0.174531 -0.153727 -0.463432 -0.077376 -0.279075 0.060177 -0.201976 -0.020767 -0.089615 -0.319921 -0.102935 -0.059702 -0.110556 0.116648 -0.399249 0.080852 -0.339882 0.275476 -0.212206 0.229724 -0.125228 0.335819 -0.203057 -0.198794 -0.358339 -0.279628 -0.401098 0.597466 0.351911 0.377857 0.547145 0.541081 0.332529 0.132807 0.012694 0.311362 -0.088307 0.164036 -0.059958 -0.233961 0.187476 0.101708 0.108882 -0.109779 -0.068865 -0.212755 -0.102897 -0.427684 -0.064111 -0.429509 -0.363513 -0.116650 -0.193293 -0.178464 -0.500103 -0.456963 -0.208678 -0.374342 -0.387588 -0.430800 -0.223192 -0.426896 -0.321904 -0.073810 0.057771 -0.377821 -0.273971 -0.196278 -0.174695 -0.108987 -0.407116 -0.234844 -0.072509
0.138338 0.026839 -0.118103 -0.165357 0.004396 0.059649 -0.120198 -0.064363 0.158299 0.183684 0.425225 1.000000 0.088414 0.343309 0.056229 0.112516 0.052373 0.054215 -0.069945 -0.183268 0.116114 0.222573 -0.169875 -0.183738 -0.027428 0.019302 0.072999 -0.011947 -0.097204 -0.013600 0.414189 0.270912 0.030964 0.418826 -0.005632 0.063333 -0.110148 -0.174399 -0.243587 -0.256722 -0.099750 0.121159 0.162039 -0.055195 -0.004839 -0.272112 0.105977 -0.225302 0.262720 -0.132577 0.256505 -0.027321 -0.244862 0.075796 -0.416978 -0.320253 0.142701 -0.114358 0.238457 -0.075216 0.315810 0.338021 0.447646 0.250201 0.159047 0.133200 0.026123 -0.162182 -0.350945 -0.349973 0.364124 0.215248 -0.178032 0.205357 0.023535 0.161875 0.174679 0.209251 -0.047535 -0.132530 0.201076 -0.175721 0.041344 0.090704 0.119698 -0.102110 0.049060 0.023335 -0.003281 -0.411177 -0.137243 0.016375 -0.007479 -0.215892 -0.381747 -0.221065 -0.199378 -0.424294 -0.169430 -0.233682 -0.166118 -0.342086 -0.324340 -0.169656 -0.382686 -0.394535 0.098994 0.132509 -0.598013 -0.126059 -0.370154 0.060295 0.030305 -0.459413 -0.282359 -0.292047
-0.159183 -0.329985 0.157537 -0.258496 -0.204194 0.087913 0.259103 -0.043749 0.264597 -0.126396 0.562828 0.088414 1.000000 0.321236 0.327648 0.080390 0.635624 0.051362 -0.327133 -0.392403 0.411080 0.208403 0.014327 0.028212 -0.016811 0.189509 -0.136769 0.265417 0.725168 0.560074 0.514754 0.356351 0.102015 0.162482 0.248705 -0.231001 0.009084 0.385491 0.501873 -0.511688 0.107222 0.452043 -0.455268 -0.302663 -0.258172 -0.264506 -0.165921 -0.308743 -0.184418 -0.016736 -0.152692 0.044946 -0.015193 -0.264188 0.302265 -0.123618 -0.066969 -0.430157 0.018879 -0.165943 0.196832 -0.121996 0.051222 -0.113306 0.181445 0.046861 -0.097618 -0.256572 -0.044436 -0.250715 0.436889 0.389060 0.561050 0.465584 0.693349 0.120674 -0.009145 -0.138107 0.073116 0.023193 0.081917 -0.127816 -0.173535 -0.136255 0.003738 0.156173 -0.299983 0.001488 -0.340491 0.079439 -0.433144 -0.243682 -0.588913 -0.511989 0.179020 -0.217131 -0.206540 -0.254688 -0.413542 -0.092583 -0.247753 -0.153353 -0.299638 -0.245534 -0.227168 -0.330140 -0.241542 -0.160933 -0.027762 -0.309296 -0.069985 -0.232124 -0.134910 -0.219360 -0.201790 0.107305
-0.032519 -0.347461 0.344857 0.040870 -0.429788 -0.366644 0.360749 0.411610 -0.129891 -0.266729 0.264490 0.343309 0.321236 1.000000 -0.132388 0.040475 0.074471 0.662549 -0.113093 -0.403158 -0.050589 -0.010958 0.289334 0.256515 -0.437892 -0.333865 -0.134735 -0.175385 0.105362 0.426646 0.138156 0.661382 0.294312 0.257911 0.179108 -0.211021 -0.466104 -0.088517 0.065291 -0.396798 -0.453204 0.210859 -0.307922 -0.022636 -0.010876 -0.228916 -0.089539 -0.155284 0.029984 -0.145453 -0.180539 0.004110 0.119236 0.067780 0.080159 0.045499 -0.157992 -0.304501 -0.248461 -0.474319 0.106422 -0.033216 -0.017966 -0.037892 0.095364 -0.068345 -0.444012 -0.469811 -0.430199 -0.490899 0.023754 0.227433 0.087906 0.227547 0.053758 -0.117860 -0.340437 -0.134720 -0.091170 -0.000954 -0.280559 -0.159258 -0.095539 -0.105227 -0.147848 -0.127197 0.061178 0.018702 0.217261 0.148012 -0.117914 -0.096129 0.011737 -0.207860 -0.049948 -0.367974 -0.051072 -0.328521 0.046347 -0.158764 -0.379663 -0.240048 -0.354541 -0.529188 -0.390349 -0.459207 -0.206819 -0.383164 -0.061732 -0.161899 -0.213707 -0.124327 0.196134 -0.219938 0.059387 -0.285808
-0.440366 0.025988 -0.289205 -0.150551 0.504933 0.364901 -0.209265 -0.123041 0.794849 0.413509 0.222490 0.056229 0.327648 -0.132388 1.000000 0.561157 0.220776 -0.318389 -0.404061 -0.118686 0.622561 0.327844 0.060650 -0.195346 0.428557 0.565893 0.622174 0.824734 0.364389 -0.110458 0.387086 -0.215364 -0.299225 -0.369862 -0.195678 -0.191366 0.488922 0.114011 0.507748 -0.197174 0.636234 0.610905 -0.050278 -0.064854 -0.189696 -0.102140 0.136053 -0.245023 -0.248086 -0.092462 0.072569 0.024803 0.004257 0.119659 0.500658 0.094949 -0.481426 -0.158372 -0.331388 0.122949 -0.398416 -0.333416 0.009075 -0.291063 0.002151 -0.337490 -0.172887 -0.146013 0.182384 0.119541 0.289943 0.042467 0.193677 0.050043 0.355500 0.062325 0.143144 -0.097996 -0.029885 -0.274643 0.365377 -0.156910 0.155369 0.308244 0.366161 0.190693 -0.573275 -0.280216 -0.317179 -0.001308 -0.526529 -0.035795 -0.407001 -0.137358 0.473976 0.386891 -0.427546 -0.213277 -0.533812 -0.134380 -0.099178 0.168529 0.013529 0.381916 0.158545 0.278832 -0.438976 -0.005331 0.096031 0.351816 -0.119217 -0.289968 0.224260 -0.096861 0.114810 0.278335
-0.049658 -0.257394 0.063723 0.103355 0.340713 0.551616 0.221197 0.086468 0.527710 0.556907 0.308772 0.112516 0.080390 0.040475 0.561157 1.000000 -0.005875 -0.093210 -0.167604 -0.062309 0.445523 0.366290 0.444831 0.163333 0.198035 0.416389 0.582606 0.672875 0.180209 -0.206771 0.331139 0.137268 -0.056196 -0.402304 -0.227349 -0.231270 0.185308 -0.210600 0.298159 -0.241305 0.377733 0.219184 0.032595 0.039943 -0.032161 -0.218956 -0.072111 -0.309401 0.063006 -0.141838 0.081131 0.060190 -0.284321 0.200994 0.204426 0.143157 -0.411395 -0.378006 -0.260953 0.033948 -0.299261 -0.490483 -0.129771 -0.421145 0.129275 -0.457242 -0.347201 -0.311304 0.003400 0.029547 0.373057 0.075733 0.132632 0.084372 0.096618 0.114549 -0.010011 -0.139381 -0.025001 -0.276712 0.031919 -0.194026 -0.015494 0.624072 -0.107630 0.045782 -0.350483 -0.390790 -0.326095 0.125319 -0.537727 0.095881 -0.258508 -0.058369 0.206200 0.053768 -0.504755 -0.473308 -0.542611 -0.370389 -0.232669 -0.018509 -0.038492 0.272666 -0.074579 0.025638 -0.307108 -0.119372 -0.183099 0.149946 -0.155950 -0.196328 0.171981 -0.216652 0.132704 -0.106528
0.191854 -0.137670 0.080304 -0.273291 -0.176159 0.015114 0.039772 -0.094571 0.203861 -0.237632 0.585807 0.052373 0.635624 0.074471 0.220776 -0.005875 1.000000 0.067618 -0.052081 -0.161629 0.145674 -0.023737 -0.133013 -0.079615 0.017994 0.069271 -0.144975 0.153627 0.637666 0.470578 0.199166 0.037029 0.066633 0.129743 0.327838 -0.093106 0.361076 0.354724 0.248767 -0.207956 0.241095 0.263442 -0.342551 -0.184956 -0.232170 -0.348129 -0.087163 -0.190861 -0.231414 -0.078063 -0.146408 -0.115524 0.024699 -0.094114 0.280974 0.022187 0.200604 -0.203559 -0.026044 -0.393165 0.276418 -0.306529 0.159625 -0.050219 0.039131 -0.270034 -0.155503 -0.326083 0.035835 -0.354405 0.375340 0.277461 0.592901 0.549257 0.675391 0.295962 0.312620 0.134649 0.458923 0.004374 0.438565 0.129641 -0.095078 -0.167837 0.242145 0.281160 -0.099857 -0.031204 -0.233478 0.017931 -0.407206 -0.314124 -0.580193 -0.425976 0.043519 0.001480 -0.193315 -0.188527 -0.330314 0.052645 -0.237211 -0.024586 -0.248313 -0.094626 -0.057440 -0.060498 -0.151148 0.125758 0.008820 -0.275721 -0.117995 -0.131409 -0.125915 -0.114813 -0.058409 0.168666
0.118236 -0.478151 0.549091 0.065130 -0.362940 -0.356969 0.511929 0.424125 -0.375597 -0.249909 0.090185 0.054215 0.051362 0.662549 -0.318389 -0.093210 0.067618 1.000000 -0.175717 -0.423526 -0.260340 -0.232242 0.439826 0.428234 -0.423462 -0.442175 -0.143579 -0.371400 -0.082382 0.326818 -0.175767 0.396551 0.383420 0.201224 0.185429 -0.195694 -0.440194 -0.095066 -0.022592 -0.094146 -0.356548 0.056415 -0.148109 0.111628 0.129286 -0.179272 -0.140260 0.009385 0.023039 -0.121097 -0.274166 -0.057708 0.065556 0.116302 0.037293 0.367393 0.000270 -0.296065 -0.273456 -0.520851 0.166190 -0.169784 -0.070486 0.020593 -0.007156 -0.353382 -0.487059 -0.476288 -0.490287 -0.505676 -0.290744 0.047506 -0.037788 0.061993 -0.054878 -0.241639 -0.480268 -0.230658 -0.170447 0.322196 -0.439771 0.212514 0.016588 -0.160312 -0.339792 -0.047050 0.265030 0.012540 0.351748 0.311080 0.052004 -0.110749 0.158744 -0.054809 -0.210145 -0.380301 0.084491 -0.067938 0.243000 -0.010902 -0.409298 -0.231382 -0.227159 -0.537030 -0.357356 -0.462880 -0.037795 -0.426105 -0.057138 -0.080691 0.060242 -0.057883 0.075929 -0.078538 0.132327 -0.425807
0.437887 0.480876 0.129440 0.485099 -0.141558 -0.185309 -0.050303 0.196824 -0.312418 -0.344341 -0.101078 -0.069945 -0.327133 -0.113093 -0.404061 -0.167604 -0.052081 -0.175717 1.000000 0.584893 -0.415278 -0.111881 -0.022984 0.033523 -0.293859 -0.416041 -0.114740 -0.233908 -0.278632 -0.264654 -0.232177 -0.106951 -0.411058 -0.219029 -0.131509 0.238378 0.038068 -0.408356 -0.467481 0.244290 -0.211906 -0.615710 0.056178 -0.053387 0.060175 0.100364 0.105736 0.168060 0.172342 0.270679 0.121492 0.025076 -0.089184 -0.250068 -0.196968 -0.116402 0.057045 0.539744 0.070621 0.013490 -0.214383 -0.166926 -0.153723 -0.255559 -0.001620 0.140754 0.130941 -0.001488 0.261887 0.157107 -0.061004 -0.105383 -0.066525 -0.114143 -0.225279 -0.083306 0.048908 0.040911 0.220916 -0.255366 -0.023341 -0.126311 -0.052707 -0.252398 0.137954 -0.329195 0.106837 -0.025137 0.394462 -0.024668 0.282338 0.137916 0.231536 0.142685 -0.258053 0.284433 0.078233 -0.132246 0.099966 -0.034124 0.098565 -0.135011 -0.112147 -0.034488 -0.054844 0.189118 0.257750 0.304602 0.000046 -0.259381 -0.298621 0.092443 -0.052447 0.193881 -0.096664 -0.008782
0.108867 0.655453 -0.025526 0.563060 0.218938 -0.091035 -0.264263 0.059477 -0.088982 -0.117802 -0.304161 -0.183268 -0.392403 -0.403158 -0.118686 -0.062309 -0.161629 -0.423526 0.584893 1.000000 -0.284101 -0.284842 -0.142840 -0.001779 -0.013798 -0.103132 -0.015878 -0.127110 -0.259615 -0.273770 -0.184740 -0.356361 -0.421723 -0.285690 -0.401199 0.093213 0.153174 -0.275112 -0.240878 0.437440 0.035813 -0.265747 0.185731 -0.110823 -0.053557 0.165993 0.158127 0.236038 -0.133299 0.077602 -0.014542 -0.176989 -0.079958 -0.179731 -0.123419 -0.054082 -0.053005 0.510101 -0.064286 0.170058 -0.321173 -0.159064 -0.222839 -0.109082 -0.198997 -0.010159 0.172665 0.241702 0.466052 0.547857 -0.127642 -0.230760 -0.218017 -0.260938 -0.340239 -0.107505 0.084121 0.042627 0.065714 -0.188647 0.073712 -0.110554 0.111997 -0.003203 0.164038 -0.364714 0.002738 -0.243205 0.244510 -0.214954 0.382944 0.287866 0.346732 0.402506 0.011153 0.471483 0.016084 0.188713 0.201963 0.058665 0.383467 0.179524 0.255981 0.192237 0.149304 0.381787 0.167856 0.204078 0.215686 0.086795 -0.064280 0.003911 0.132928 0.382942 0.103021 0.071723
-0.359390 -0.260543 -0.185136 -0.235226 0.284279 0.446320 -0.096583 -0.160769 0.508428 0.395546 0.162679 0.116114 0.411080 -0.050589 0.622561 0.445523 0.145674 -0.260340 -0.415278 -0.284101 1.000000 0.554679 -0.009210 -0.200952 0.352338 0.469845 0.314385 0.625838 0.440433 0.010293 0.433695 -0.014155 -0.125098 -0.221636 -0.142226 -0.305238 0.271660 0.206639 0.532778 -0.182831 0.469778 0.487383 -0.014885 0.009872 0.052273 0.034216 -0.009550 -0.152252 -0.050902 0.098536 0.045492 0.054606 0.006855 -0.023641 0.297715 -0.004797 -0.286594 -0.434347 -0.037584 0.151233 -0.157899 -0.090535 0.050277 -0.204313 -0.059918 -0.046392 -0.055634 -0.157728 0.097964 0.070319 0.398522 0.139719 0.270365 0.175426 0.327592 0.152505 0.162805 -0.033194 -0.124180 -0.159608 0.330298 -0.176786 0.053041 0.084341 0.086993 0.141185 -0.373761 0.005648 -0.370909 -0.021665 -0.431067 -0.213308 -0.460354 -0.281996 0.157576 0.091847 -0.281279 -0.121233 -0.429222 -0.112247 -0.173056 0.140379 -0.076475 0.156903 -0.026187 -0.102344 -0.265339 0.093207 -0.006532 0.163946 0.005684 -0.133484 -0.067108 -0.210914 -0.241952 0.099957
-0.103617 -0.265713 -0.202267 -0.107293 0.066295 0.361109 -0.026798 -0.096662 0.218370 0.407103 0.258731 0.222573 0.208403 -0.010958 0.327844 0.366290 -0.023737 -0.232242 -0.111881 -0.284842 0.554679 1.000000 0.027078 -0.158876 0.438622 0.512751 0.223778 0.429004 0.186685 -0.177172 0.430011 0.160495 -0.218922 -0.240110 -0.150907 -0.302221 0.097021 -0.110975 0.155137 -0.286018 0.208268 0.038454 -0.036510 -0.066683 -0.140095 -0.071275 0.119677 -0.341118 0.082210 0.152380 -0.051535 -0.025553 -0.184457 -0.196836 -0.095494 -0.071665 -0.148772 -0.413445 0.174484 0.154377 -0.126078 -0.037703 0.260137 -0.252429 0.059581 0.058852 -0.053944 -0.183431 -0.125217 -0.012702 0.512541 0.363412 0.019936 0.052213 0.139934 0.059364 0.084465 0.004502 -0.135445 -0.153304 0.232653 -0.295651 0.031741 0.140917 0.063005 -0.093819 -0.103546 0.359626 -0.073279 -0.032079 -0.188941 -0.033229 -0.324833 -0.149157 -0.112589 -0.071298 -0.003423 -0.155616 -0.282016 0.115556 -0.258156 -0.082968 -0.058648 -0.130604 -0.294237 -0.171500 0.005996 0.184507 -0.181139 -0.044978 -0.265778 -0.125134 -0.049991 -0.245304 -0.209906 -0.061284
0.186982 -0.440530 0.729395 0.507363 0.105036 0.146963 0.809055 0.605437 -0.053398 0.203287 0.160591 -0.169875 0.014327 0.289334 0.060650 0.444831 -0.133013 0.439826 -0.022984 -0.142840 -0.009210 0.027078 1.000000 0.840997 -0.250222 -0.063023 0.323918 0.228401 -0.154193 -0.177138 0.125073 0.369240 0.190578 -0.283881 -0.077878 -0.161926 -0.275316 -0.325059 0.186331 -0.225890 -0.137041 0.060736 -0.118803 0.039299 -0.063736 -0.196412 -0.188474 -0.111731 -0.077415 -0.199708 -0.346329 0.059297 -0.296376 0.115181 0.016824 0.468650 -0.363140 -0.389385 -0.409970 -0.208090 -0.329517 -0.588854 -0.449452 -0.534477 0.105539 -0.551986 -0.478852 -0.402014 -0.239398 -0.185518 -0.083280 -0.115725 -0.129148 -0.239833 -0.128307 -0.366754 -0.593580 -0.459695 -0.239787 -0.040333 -0.553842 -0.233550 -0.022567 0.133314 -0.523247 -0.111392 -0.206537 -0.429256 0.007492 0.509129 -0.289226 0.035014 0.203001 0.062970 -0.041708 -0.223399 -0.316113 -0.382289 -0.289912 -0.307953 -0.353927 -0.348574 -0.039426 -0.305684 -0.279650 -0.304343 -0.342381 -0.584259 -0.109647 -0.130946 -0.093505 -0.364796 0.077445 -0.137145 0.250133 -0.447173
0.283962 -0.302543 0.855016 0.611686 0.061781 -0.071321 0.835656 0.732816 -0.285340 0.032454 0.071822 -0.183738 0.028212 0.256515 -0.195346 0.163333 -0.079615 0.428234 0.033523 -0.001779 -0.200952 -0.158876 0.840997 1.000000 -0.396919 -0.237437 0.093609 -0.090324 -0.181941 -0.083446 -0.070196 0.340257 0.288687 -0.088909 -0.022584 -0.147772 -0.401302 -0.277717 -0.019904 -0.054985 -0.341246 -0.065932 -0.249233 -0.130832 -0.184906 -0.239626 -0.229426 -0.088641 -0.170267 -0.249110 -0.414528 -0.024503 -0.204705 0.042881 -0.130712 0.357220 -0.148698 -0.314634 -0.219962 -0.231452 -0.151194 -0.401472 -0.454601 -0.377366 0.063982 -0.363261 -0.336270 -0.285081 -0.242392 -0.228204 -0.098512 -0.052951 -0.137957 -0.247794 -0.199752 -0.395128 -0.609108 -0.392179 -0.245518 -0.119069 -0.575154 -0.321016 0.024792 -0.012805 -0.575735 -0.200876 -0.059945 -0.410204 0.054690 0.418847 -0.087823 -0.014972 0.309395 0.037826 -0.168961 -0.276632 -0.255570 -0.268361 -0.165250 -0.272387 -0.236883 -0.373709 -0.016231 -0.454235 -0.309064 -0.360740 -0.243813 -0.576542 -0.090231 -0.337679 -0.124199 -0.318907 0.019680 -0.139369 0.301847 -0.450824
-0.263555 -0.076415 -0.499014 -0.221059 0.304473 0.523098 -0.467454 -0.441833 0.288823 0.489074 0.083082 -0.027428 -0.016811 -0.437892 0.428557 0.198035 0.017994 -0.423462 -0.293859 -0.013798 0.352338 0.438622 -0.250222 -0.396919 1.000000 0.858693 0.105637 0.352432 0.159547 -0.119151 0.229702 -0.216954 -0.219678 -0.160532 -0.113857 0.041375 0.423672 0.062380 0.152059 0.106663 0.486991 0.145472 0.189670 0.003235 -0.107342 0.120917 0.317336 0.005725 -0.186740 0.095047 -0.015964 -0.180267 0.048168 0.006306 0.008572 0.029370 -0.120287 -0.183527 0.144684 0.413504 -0.156808 -0.042577 0.070479 -0.125493 -0.267645 -0.084435 0.208569 0.184441 0.233608 0.203713 0.185954 0.155817 0.050651 0.119499 0.210180 0.366853 0.359776 0.137559 -0.007322 0.023989 0.464467 0.178231 0.227570 0.442543 0.351872 0.077278 -0.103491 0.167469 -0.184311 -0.226973 -0.015637 0.115671 -0.236660 0.221873 0.105823 0.237530 0.099899 0.244391 -0.105225 0.251757 0.166185 0.376181 0.322675 0.292042 0.132128 0.279637 0.017607 0.489399 0.086772 0.280473 0.215535 0.211272 0.020166 0.085140 -0.057500 0.369516
-0.254082 -0.203109 -0.382086 -0.211789 0.307532 0.522302 -0.238162 -0.409063 0.508942 0.630825 0.282888 0.019302 0.189509 -0.333865 0.565893 0.416389 0.069271 -0.442175 -0.416041 -0.103132 0.469845 0.512751 -0.063023 -0.237437 0.858693 1.000000 0.160194 0.522949 0.339357 -0.034074 0.476230 0.041644 -0.110536 -0.198176 -0.129236 -0.066532 0.297161 0.043987 0.308447 -0.193959 0.454078 0.278027 0.064793 -0.010286 -0.086997 0.043736 0.202091 -0.133872 -0.110868 0.037739 -0.019969 -0.054408 -0.179268 0.025425 0.019570 0.028340 -0.207365 -0.362486 0.052093 0.276052 -0.121388 -0.119208 0.132713 -0.186613 0.008558 -0.090787 0.066360 0.104649 0.123218 0.126114 0.407900 0.232266 0.177875 0.222241 0.355000 0.430519 0.258833 0.034009 -0.019433 -0.068624 0.321396 0.006373 0.050634 0.563363 0.196498 0.176034 -0.257986 0.085016 -0.388746 -0.198183 -0.260557 0.020351 -0.376907 0.080393 0.164858 0.140006 -0.145630 0.011482 -0.358825 0.091531 0.088125 0.263709 0.244794 0.251075 0.030544 0.159685 -0.116118 0.264913 0.002638 0.202255 0.090563 -0.030361 0.047031 -0.015409 -0.019418 0.316792
-0.190416 0.095437 0.012816 0.222216 0.562012 0.406366 0.013151 0.297606 0.510527 0.492560 -0.068873 0.072999 -0.136769 -0.134735 0.622174 0.582606 -0.144975 -0.143579 -0.114740 -0.015878 0.314385 0.223778 0.323918 0.093609 0.105637 0.160194 1.000000 0.689535 -0.198568 -0.483807 -0.010447 -0.281945 -0.234410 -0.377587 -0.253420 -0.099622 0.249851 -0.223774 0.133174 0.068209 0.371344 0.211759 0.117859 0.046736 -0.190282 -0.140724 -0.060790 -0.323497 -0.155968 -0.194546 0.049749 0.024792 -0.090327 0.245696 0.236280 0.253599 -0.385909 -0.028765 -0.312391 0.130788 -0.425092 -0.316800 -0.135506 -0.387624 0.022366 -0.352356 -0.248089 -0.166144 -0.003240 0.075719 0.042258 -0.122969 -0.222229 -0.308152 -0.116815 -0.214727 -0.100642 -0.160836 -0.110588 -0.341498 0.028358 -0.337760 0.394714 0.342831 0.030916 -0.007209 -0.337954 -0.380929 -0.079990 0.124145 -0.345921 0.137665 0.007486 0.005769 0.140206 0.208015 -0.395503 -0.296724 -0.346884 -0.238393 -0.236255 0.011568 -0.077021 0.309103 0.075779 0.228538 -0.208557 -0.160264 -0.157823 0.189981 -0.232068 -0.221013 0.273012 -0.105779 0.320787 -0.098218
-0.320068 -0.103251 -0.207909 -0.086649 0.412487 0.651937 -0.076946 -0.067440 0.719646 0.482073 0.201816 -0.011947 0.265417 -0.175385 0.824734 0.672875 0.153627 -0.371400 -0.233908 -0.127110 0.625838 0.429004 0.228401 -0.090324 0.352432 0.522949 0.689535 1.000000 0.347328 -0.228735 0.396386 -0.081549 -0.292152 -0.472555 -0.163216 -0.176130 0.440209 0.068348 0.508976 -0.315850 0.621573 0.394938 0.154960 0.064832 -0.083244 0.050146 -0.017090 -0.181453 -0.057550 0.070182 0.084292 0.207050 -0.180865 0.208606 0.422434 0.026191 -0.493081 -0.260134 -0.266317 0.211549 -0.405453 -0.442248 -0.170513 -0.504753 0.050349 -0.284649 -0.177425 -0.147153 0.204614 0.138389 0.262557 -0.031324 0.219730 -0.010671 0.325869 0.073684 0.066899 -0.185084 0.088566 -0.311936 0.289694 -0.198586 0.067388 0.310048 0.119111 0.125270 -0.626403 -0.293778 -0.511057 0.059115 -0.618115 0.064726 -0.326542 -0.066599 0.428203 0.199594 -0.484350 -0.327112 -0.617914 -0.184274 -0.096760 0.151883 0.010733 0.441195 0.197701 0.217271 -0.460797 -0.001981 -0.025241 0.191051 -0.055328 -0.138978 0.106421 -0.048600 0.096546 0.204429
-0.168015 -0.322639 -0.084181 -0.351296 -0.047259 0.167283 0.010826 -0.275069 0.432076 -0.047729 0.408517 -0.097204 0.725168 0.105362 0.364389 0.180209 0.637666 -0.082382 -0.278632 -0.259615 0.440433 0.186685 -0.154193 -0.181941 0.159547 0.339357 -0.198568 0.347328 1.000000 0.666117 0.353821 0.249225 0.028958 -0.047623 0.244503 -0.211835 0.290781 0.549081 0.590935 -0.383947 0.310605 0.357276 -0.318804 -0.158246 -0.019425 -0.032820 -0.225725 -0.074843 0.001025 0.137821 -0.152039 0.113929 -0.027691 -0.248020 0.421762 -0.194213 -0.130781 -0.440076 -0.036797 -0.181383 0.173353 -0.215965 -0.008504 -0.105552 0.005768 -0.069186 -0.075288 -0.164163 0.077170 -0.084694 0.458592 0.402445 0.880821 0.662733 0.830715 0.469096 0.318206 0.177683 0.319694 0.057821 0.312763 0.166255 -0.335604 -0.071998 0.089849 0.207595 -0.402562 0.107259 -0.492473 -0.016873 -0.515359 -0.462454 -0.655152 -0.433691 0.359051 -0.023242 -0.243790 -0.089498 -0.473260 -0.123367 -0.079238 0.120565 -0.118156 0.042498 0.001366 -0.082877 -0.380696 0.010864 0.190154 -0.058636 0.015739 -0.204832 -0.283975 0.017485 -0.086528 0.327817
-0.121578 -0.268742 0.039404 -0.213561 -0.338831 -0.320456 0.098052 -0.046428 -0.003656 -0.356175 0.250161 -0.013600 0.560074 0.426646 -0.110458 -0.206771 0.470578 0.326818 -0.264654 -0.273770 0.010293 -0.177172 -0.177138 -0.083446 -0.119151 -0.034074 -0.483807 -0.228735 0.666117 1.000000 0.166402 0.397760 0.265928 0.314484 0.316947 -0.211053 -0.176925 0.525406 0.322864 -0.274543 -0.204894 0.244577 -0.348347 -0.120479 0.016921 -0.078530 -0.137845 -0.033209 0.037226 0.013645 -0.149026 0.048041 0.144174 -0.183053 0.299297 -0.075902 0.001199 -0.311863 -0.085589 -0.385237 0.338838 -0.038809 0.085030 0.177030 -0.078657 0.009666 -0.172077 -0.216774 -0.129779 -0.297075 0.134077 0.346851 0.655113 0.692158 0.624143 0.300045 0.088167 0.099253 0.206185 0.296698 0.009460 0.254439 -0.289902 -0.231924 -0.022378 0.173621 -0.044863 0.228337 -0.115092 0.030187 -0.111708 -0.453679 -0.383907 -0.387504 0.124813 -0.253373 0.059439 0.031790 -0.017843 -0.045322 -0.108186 0.027845 -0.204659 -0.295356 -0.123677 -0.270437 -0.106288 -0.143249 0.128637 -0.141439 0.015347 -0.091732 -0.256319 0.078522 -0.047759 0.082319
-0.113391 -0.163282 -0.111754 -0.154035 0.047040 0.335318 0.090736 -0.294540 0.330276 0.228556 0.597409 0.414189 0.514754 0.138156 0.387086 0.331139 0.199166 -0.175767 -0.232177 -0.184740 0.433695 0.430011 0.125073 -0.070196 0.229702 0.476230 -0.010447 0.396386 0.353821 0.166402 1.000000 0.483822 -0.047285 0.003636 -0.052045 -0.146246 -0.110464 -0.005100 0.345180 -0.535525 0.036953 0.357526 0.008271 -0.190847 -0.173791 -0.259322 0.107604 -0.195329 0.034821 -0.106095 0.052665 -0.008748 -0.377738 -0.150058 -0.065774 -0.172411 -0.156058 -0.325232 0.089984 0.100994 -0.019392 -0.083007 0.233070 -0.109923 0.164232 -0.000650 -0.048450 -0.166140 -0.021459 -0.030602 0.470925 0.266818 0.104745 0.223397 0.334185 0.055340 0.016770 -0.104008 -0.016971 -0.045414 0.113993 -0.212132 -0.189601 0.069434 -0.058478 -0.067483 -0.282569 -0.066195 -0.304120 -0.109089 -0.281357 -0.047889 -0.296888 -0.203001 -0.014140 -0.122621 -0.214698 -0.312716 -0.474151 -0.140437 0.003973 -0.294856 -0.116279 -0.113796 -0.263532 -0.305576 -0.074535 0.005101 -0.265285 -0.084803 -0.183437 -0.166567 -0.019316 -0.348260 -0.362009 -0.080518
0.096880 -0.494051 0.325119 0.045455 -0.347746 -0.054068 0.487297 0.140768 -0.098784 0.018900 0.436280 0.270912 0.356351 0.661382 -0.215364 0.137268 0.037029 0.396551 -0.106951 -0.356361 -0.014155 0.160495 0.369240 0.340257 -0.216954 0.041644 -0.281945 -0.081549 0.249225 0.397760 0.483822 1.000000 0.355755 0.218921 0.200495 -0.041140 -0.588849 -0.180095 0.110062 -0.564505 -0.442937 0.034887 -0.197889 -0.128439 0.055396 -0.139755 -0.222909 -0.090827 0.226785 -0.096623 -0.225472 0.032985 -0.327395 -0.065041 -0.171097 -0.042344 -0.053766 -0.469948 0.083202 -0.198487 0.221524 -0.065094 0.078631 -0.079918 0.226590 0.003640 -0.185973 -0.215100 -0.327901 -0.370016 0.225665 0.349683 0.214199 0.306871 0.195596 0.093468 -0.351294 -0.162255 -0.080766 0.006743 -0.387032 -0.165495 -0.301940 0.038422 -0.432179 -0.211097 -0.055871 0.018127 -0.080285 0.008503 -0.151907 -0.185203 -0.055505 -0.123959 -0.216110 -0.515186 -0.173950 -0.412716 -0.220745 -0.256458 -0.202712 -0.362188 -0.214713 -0.464107 -0.458096 -0.562686 -0.145013 -0.331846 -0.233416 -0.356422 -0.188155 -0.124279 -0.101317 -0.240836 -0.080804 -0.333262
0.321667 -0.389098 0.253527 -0.309822 -0.374908 -0.127556 0.468593 -0.018988 -0.124432 -0.047954 0.191920 0.030964 0.102015 0.294312 -0.299225 -0.056196 0.066633 0.383420 -0.411058 -0.421723 -0.125098 -0.218922 0.190578 0.288687 -0.219678 -0.110536 -0.234410 -0.292152 0.028958 0.265928 -0.047285 0.355755 1.000000 0.694864 0.133311 -0.040250 -0.418072 0.124317 0.155207 -0.285112 -0.196011 0.254880 -0.209574 0.118828 0.083431 -0.187495 -0.446933 -0.114538 0.060312 -0.389339 -0.155875 0.065700 0.044242 0.185879 -0.201957 0.144160 0.456347 -0.279044 -0.029666 -0.290110 0.499497 0.292952 0.107592 0.476598 0.053049 -0.088526 -0.226393 -0.088184 -0.386350 -0.404677 -0.134217 -0.124541 0.076805 0.155034 0.043433 0.056224 -0.199697 -0.080067 -0.131345 0.282815 -0.381923 0.105451 -0.173953 0.168377 -0.503124 0.281274 0.313253 0.027467 -0.165796 0.174446 -0.165518 -0.140845 -0.044856 -0.214653 -0.161794 -0.495593 -0.007362 -0.042529 0.076546 -0.074817 -0.229307 -0.214923 -0.248987 -0.181769 -0.243600 -0.459156 0.002166 -0.345933 -0.248059 -0.191617 0.173497 -0.093665 -0.124330 -0.339985 -0.041152 -0.284024
0.294119 -0.050383 -0.017794 -0.412010 -0.424332 -0.247078 0.084870 -0.160094 -0.193806 -0.245601 0.242456 0.418826 0.162482 0.257911 -0.369862 -0.402304 0.129743 0.201224 -0.219029 -0.285690 -0.221636 -0.240110 -0.283881 -0.088909 -0.160532 -0.198176 -0.377587 -0.472555 -0.047623 0.314484 0.003636 0.218921 0.694864 1.000000 0.130273 0.149624 -0.323896 0.117229 -0.159340 -0.177024 -0.242379 0.147677 -0.077296 -0.039663 0.048657 -0.122217 -0.206892 -0.061598 0.138724 -0.248420 0.062929 -0.047403 0.083590 -0.012725 -0.386930 -0.233045 0.591100 0.019083 0.247504 -0.157287 0.658250 0.621470 0.328892 0.676478 -0.002412 0.237521 0.135775 0.096373 -0.334184 -0.364843 -0.097437 -0.026285 -0.000376 0.219273 0.079432 0.108180 0.015465 0.080674 -0.037642 0.258286 -0.086429 0.130342 -0.099714 -0.035845 -0.119978 0.085506 0.326925 0.164305 0.013625 -0.226216 0.073655 -0.048001 0.000185 -0.228219 -0.271467 -0.368683 0.170363 -0.000622 0.205162 -0.074199 -0.106222 -0.271477 -0.376877 -0.218618 -0.300950 -0.430302 0.225501 -0.025449 -0.385555 -0.189782 0.105712 0.109619 -0.249847 -0.337400 -0.304490 -0.258062
-0.008018 -0.368824 0.130957 -0.242574 -0.242415 -0.044659 0.039128 -0.135505 -0.128456 -0.159278 0.136972 -0.005632 0.248705 0.179108 -0.195678 -0.227349 0.327838 0.185429 -0.131509 -0.401199 -0.142226 -0.150907 -0.077878 -0.022584 -0.113857 -0.129236 -0.253420 -0.163216 0.244503 0.316947 -0.052045 0.200495 0.133311 0.130273 1.000000 0.324979 -0.100599 0.469158 0.138442 -0.088488 -0.223566 0.092044 -0.125072 -0.023111 -0.069311 -0.150743 -0.132762 -0.071891 -0.035396 -0.074485 -0.185676 0.074617 -0.002375 0.002009 0.070344 -0.066714 0.221637 -0.248130 0.314204 -0.103528 0.406546 0.065714 0.102738 -0.006258 0.213353 0.112213 0.162769 0.062699 -0.044538 -0.329133 0.105458 0.338556 0.218518 0.279690 0.308988 0.272220 0.233085 0.375629 0.065691 0.169654 -0.028386 0.125919 -0.028579 -0.122361 -0.109566 0.271172 0.153724 0.153644 -0.231894 0.227876 -0.199498 -0.220146 -0.316620 -0.275613 -0.020658 -0.524436 0.000392 -0.032802 -0.036552 0.060937 -0.111789 -0.024843 0.108210 -0.188553 0.036622 -0.174557 -0.160891 -0.133013 0.037344 -0.351021 0.017011 0.173398 0.004392 -0.183233 -0.015261 0.089912
0.162344 0.095539 -0.148655 -0.084821 0.081506 0.066900 -0.185504 -0.314555 -0.016241 0.046428 -0.005256 0.063333 -0.231001 -0.211021 -0.191366 -0.231270 -0.093106 -0.195694 0.238378 0.093213 -0.305238 -0.302221 -0.161926 -0.147772 0.041375 -0.066532 -0.099622 -0.176130 -0.211835 -0.211053 -0.146246 -0.041140 -0.040250 0.149624 0.324979 1.000000 0.047147 -0.097390 -0.254927 0.055068 -0.050703 -0.202662 0.146852 -0.021544 0.231847 0.158928 -0.185355 0.195950 0.195545 -0.089313 0.117527 -0.000537 -0.166874 0.096605 -0.180348 -0.099766 0.213067 0.308476 0.288405 0.397952 0.123929 0.269002 0.107195 0.140133 0.130852 0.161794 0.434930 0.461046 0.251671 0.122256 -0.187323 -0.163422 -0.020876 -0.007424 -0.006352 0.254165 0.129767 0.207944 0.193426 0.043625 -0.089858 0.293586 -0.148096 0.123595 0.003559 0.055737 -0.065451 -0.192276 -0.053859 -0.154983 0.109363 0.107037 0.211341 0.226282 -0.171826 0.050778 -0.013424 -0.122785 -0.036781 -0.173308 0.149284 -0.078323 0.117564 0.238029 0.112277 0.129011 -0.018433 0.148095 -0.064538 -0.024388 0.149249 0.277586 -0.120551 0.046197 -0.086046 0.069967
