1.000000 0.346142 0.114228 0.247093 0.042149 -0.011160 -0.073513 -0.058435 0.071748 -0.165181 -0.024642 -0.148790 -0.208700 -0.233571 -0.007156 -0.065404 0.211329 0.168465 0.237425 0.267416 -0.138164 -0.111596 0.212100 0.157335 0.126850 -0.273522 -0.057371 0.166376 -0.132168 -0.115183 -0.071328 -0.183584 -0.008037 -0.139298 0.016634 -0.221527 0.109236 -0.030356 0.146657 0.256408 -0.040414 -0.058174 -0.283305 -0.412124 -0.521821 -0.539872 -0.169746 -0.248028 -0.367819 -0.427119 -0.014046 -0.328961 0.054236 -0.089727 0.299897 -0.148358 0.749449 0.236103 -0.022451 -0.011943 0.048640 -0.170341 -0.001651 0.044921 0.073318 -0.213803 -0.243166 -0.385569 0.346305 -0.018914 -0.036970 -0.138242 -0.147413 -0.297780 -0.078709 -0.074051 0.042304 0.365370 0.320035 0.134149 0.318995 0.090913 0.033242 -0.161265 -0.033921 -0.301914 0.108621 0.063292 0.272479 0.353724 -0.024153 -0.143549 0.121435 0.258317 -0.079508 0.131757 -0.054948 0.150611 -0.028001 0.396578 0.059404 0.162011 0.143993 0.306765 -0.076383 -0.012983 0.051982 0.210705 -0.152707 0.113889 -0.213849 -0.106576 -0.051743 -0.020209 -0.002403 -0.089438
0.346142 1.000000 0.403642 0.458196 0.191821 0.236796 0.094469 0.320783 0.061456 0.063244 0.118474 -0.004589 -0.059132 -0.031035 0.245108 0.236300 0.080428 -0.011883 0.433560 0.317863 0.192947 0.316146 0.072067 0.058821 -0.078655 -0.151231 0.291235 0.161320 -0.144969 -0.042666 0.035567 -0.079319 -0.141226 0.019030 0.009384 -0.254407 0.032121 0.072423 0.289391 0.336597 -0.148485 0.189626 -0.566576 -0.459443 -0.538946 -0.517434 -0.281860 -0.455120 -0.423145 -0.407567 -0.168740 -0.259673 0.207739 -0.091695 0.040883 -0.389292 0.396952 0.561580 0.208513 0.324732 0.183920 0.279019 0.094999 0.240848 -0.108509 0.138594 -0.066957 -0.368373 0.236441 0.003160 -0.092049 -0.160279 -0.150238 -0.105626 -0.194648 0.058648 0.107805 0.054042 0.099073 0.006516 0.153949 0.042528 0.264022 0.272509 -0.080545 -0.187390 0.088356 0.148524 0.407047 0.481586 -0.100315 -0.360284 -0.042720 0.090863 -0.117452 0.017130 -0.316822 0.013585 -0.220734 -0.187748 -0.121442 -0.035001 0.007801 -0.115406 -0.386175 -0.192053 -0.007594 -0.164214 -0.176493 -0.197858 -0.413385 -0.277735 -0.336917 -0.034159 0.085835 -0.101610
0.114228 0.403642 1.000000 0.380190 0.251647 0.031388 0.395714 0.416564 0.096035 -0.006363 -0.067340 -0.254245 -0.121095 -0.327806 0.017609 -0.092889 -0.313373 -0.243643 0.412036 0.286851 0.243900 0.118529 0.269208 0.387122 -0.048937 -0.093684 0.232045 0.026326 -0.529478 -0.366140 -0.034197 -0.185923 -0.033046 -0.124834 -0.261110 -0.225156 -0.111354 -0.049793 -0.050488 0.177488 -0.397192 -0.061157 -0.212373 -0.211052 -0.144781 -0.013004 -0.054694 0.009894 -0.037900 0.088769 -0.261947 0.091818 0.284599 0.093704 -0.086328 -0.059723 0.042134 0.183319 0.240375 0.333968 0.092426 0.042074 -0.148753 -0.242652 0.095440 0.052927 0.094691 0.048946 -0.101686 0.147026 -0.043209 -0.105917 -0.508821 -0.170388 -0.367555 -0.159098 -0.291998 -0.216349 -0.218012 -0.313938 -0.316621 -0.399526 0.204211 0.082174 -0.274654 -0.286934 -0.066387 0.002703 0.127170 0.320952 0.024409 0.030205 -0.065954 0.255230 -0.052343 -0.247189 -0.278146 -0.186626 -0.388088 -0.326125 -0.128152 0.232173 0.007592 0.223315 0.055958 -0.075463 0.072527 -0.167116 -0.253857 -0.116206 0.037419 -0.143085 -0.293563 -0.126734 -0.148095 -0.241493
0.247093 0.458196 0.380190 1.000000 0.082458 -0.068684 0.086435 0.504931 -0.072276 -0.011676 0.163986 -0.137691 -0.033581 -0.069181 0.138532 0.145287 -0.141223 -0.386250 0.744329 0.639188 -0.092829 0.006910 -0.024026 0.108407 -0.186611 -0.283858 -0.012055 -0.178034 -0.267292 -0.268898 -0.120843 -0.164930 -0.047235 -0.299344 -0.116139 -0.185313 0.095785 -0.119688 0.208345 0.265093 -0.251854 -0.247324 -0.377018 -0.435941 -0.398271 -0.303086 -0.104041 -0.186205 -0.392488 -0.333860 -0.318801 -0.273960 0.101017 -0.493840 0.401894 -0.179298 0.235486 0.232288 0.216647 0.473545 -0.214374 0.185026 -0.259501 -0.303899 -0.354627 0.074135 0.291054 0.063447 0.309856 0.443006 -0.172267 -0.289801 -0.287472 -0.324354 -0.258499 -0.125040 -0.260665 -0.137886 -0.099071 -0.488502 -0.190663 -0.397118 0.204793 0.114166 -0.212452 -0.188294 0.102477 0.005407 0.349286 0.434025 0.153995 -0.188585 0.433509 0.259005 -0.105649 -0.139927 -0.212788 -0.028693 -0.266305 -0.262736 0.310107 0.265862 0.227526 0.319679 0.038377 -0.013215 0.383347 -0.070332 -0.137745 -0.005295 -0.185038 -0.192334 -0.333168 0.009156 0.153832 -0.194256
0.042149 0.191821 0.251647 0.082458 1.000000 0.518559 0.064778 -0.064184 0.725094 0.637439 -0.302290 -0.235800 -0.207943 -0.015343 0.167382 0.359848 -0.396397 -0.282880 0.170378 -0.091598 0.602814 0.507939 -0.024859 0.137950 -0.085057 0.122077 0.726628 0.376692 -0.431173 -0.339980 -0.317318 -0.320563 -0.261707 -0.209449 -0.012536 -0.133759 -0.075599 0.236315 0.204810 0.408931 -0.147459 0.020254 -0.054994 -0.045094 -0.079998 -0.019664 0.179208 0.112078 0.145856 0.115179 0.018848 0.074700 0.376739 0.181579 -0.006489 0.019004 -0.100368 -0.017585 0.326332 0.155000 0.223953 -0.125254 0.130998 -0.071559 0.004872 -0.212532 0.046291 -0.128501 0.180149 0.092037 -0.126691 -0.001772 -0.457837 -0.202252 -0.430330 -0.057323 -0.238534 -0.319515 -0.423478 -0.178632 -0.247841 -0.232110 0.315514 0.516690 -0.391605 -0.280334 -0.136195 -0.303171 0.079413 0.278100 0.288185 0.159025 -0.126219 0.130147 -0.243348 -0.383239 -0.260067 -0.158880 0.199740 -0.177237 -0.223989 -0.104780 -0.430855 -0.083480 -0.179730 -0.072389 0.071559 0.385985 -0.275717 -0.107880 -0.110010 0.125723 0.113984 -0.428901 -0.049337 -0.082142
-0.011160 0.236796 0.031388 -0.068684 0.518559 1.000000 -0.223869 -0.236407 0.328225 0.607874 -0.208211 -0.261497 -0.266273 0.105577 0.197143 0.374550 -0.230357 -0.370793 0.099945 -0.173354 0.487706 0.586070 0.092091 -0.196425 0.244412 0.472507 0.620447 0.563233 -0.161558 -0.107837 -0.071612 -0.186588 -0.133199 -0.192518 0.377835 -0.062298 -0.039258 0.352707 0.422248 0.279356 -0.062374 0.078149 -0.066099 0.016324 0.002310 -0.073579 0.259144 -0.070190 0.062651 0.129278 0.244614 0.138587 0.182687 0.193727 0.093467 0.250979 -0.119580 -0.086503 0.192235 0.005802 0.025144 -0.051547 0.048973 -0.007669 0.026887 0.010417 0.135093 -0.096843 0.138310 -0.009661 -0.169519 0.045229 -0.112893 -0.110965 -0.230841 0.004957 0.051793 -0.313571 -0.157522 0.051573 -0.183072 -0.077530 0.292238 0.399852 -0.042456 0.035257 0.018791 0.082276 0.118222 0.118507 -0.057398 -0.082957 -0.232358 -0.142831 -0.188779 -0.257501 -0.148474 -0.045226 0.136478 -0.086865 -0.314439 -0.343695 -0.433216 -0.345347 -0.263982 -0.028260 -0.102984 0.212313 0.044296 -0.297310 -0.214897 0.201385 0.189304 -0.318762 0.192605 0.002566
-0.073513 0.094469 0.395714 0.086435 0.064778 -0.223869 1.000000 0.565991 0.056686 -0.046087 0.042410 0.003454 0.391816 0.040381 0.011143 -0.051214 -0.166949 0.057128 -0.089929 -0.009765 0.316599 -0.125068 0.199082 0.344093 -0.308964 -0.245788 0.109885 -0.208606 -0.210352 -0.122837 -0.276428 -0.306150 -0.001366 -0.029120 -0.566729 -0.313358 -0.080433 -0.162946 -0.261059 -0.111550 -0.291485 0.221426 -0.269638 -0.174511 0.126190 0.101659 -0.223935 -0.093474 0.249139 0.235934 -0.439240 0.106801 0.251118 0.099918 -0.232841 -0.223782 -0.004926 -0.038177 0.047927 0.080473 0.412051 0.199810 0.145265 -0.004221 0.046402 -0.016259 -0.182174 -0.239011 -0.284234 -0.137117 0.176195 -0.077045 -0.100271 0.161679 0.011710 -0.030520 -0.264449 -0.088155 -0.219609 -0.228192 -0.265287 -0.309783 0.085229 -0.019979 -0.415489 -0.321825 -0.105252 -0.125076 0.096585 0.164864 0.134241 0.092235 0.199891 0.312459 -0.013124 -0.162146 -0.429713 -0.155559 -0.244842 -0.182159 0.195887 0.401577 0.284483 0.238105 -0.047490 -0.219809 0.038860 -0.346980 -0.281080 -0.133130 -0.159473 -0.110421 -0.187654 -0.020195 -0.098035 -0.164775
-0.058435 0.320783 0.416564 0.504931 -0.064184 -0.236407 0.565991 1.000000 -0.268152 -0.146597 0.231336 0.220864 0.324169 0.063513 0.115343 0.084861 -0.095509 -0.130968 0.092884 0.190126 0.124962 -0.033988 0.211644 0.285380 -0.386249 -0.308403 0.060443 -0.246202 -0.245095 -0.182239 -0.126526 -0.038934 -0.081855 0.055434 -0.310422 -0.201718 -0.092659 -0.245425 -0.195895 0.039140 -0.274341 0.107532 -0.340815 -0.221867 0.005363 0.050513 -0.181410 -0.194986 -0.122300 0.063265 -0.495656 -0.074470 0.108330 -0.164184 -0.063496 -0.256969 -0.010315 0.193920 0.127155 0.300352 0.187307 0.488341 -0.034190 -0.052194 -0.015225 0.424114 -0.054836 0.088633 -0.308962 -0.036856 -0.167485 -0.215010 -0.194456 -0.076074 -0.222289 -0.250160 -0.305265 -0.182273 -0.252936 -0.401648 -0.177499 -0.341951 0.183481 0.040830 -0.160586 -0.032697 -0.026805 -0.029303 0.249275 0.183281 0.065354 -0.220602 0.119800 0.183335 -0.035315 -0.035828 -0.379754 -0.122697 -0.381820 -0.296108 0.169537 0.237181 0.247030 0.148102 -0.033588 -0.228778 0.116977 -0.468622 -0.225172 -0.163941 -0.208838 -0.312160 -0.277161 -0.059818 -0.050554 -0.191990
0.071748 0.061456 0.096035 -0.072276 0.725094 0.328225 0.056686 -0.268152 1.000000 0.563968 -0.320024 -0.245098 -0.204294 0.145387 0.209966 0.335949 -0.270563 -0.275888 0.033437 -0.203690 0.413293 0.384118 0.004274 -0.032200 0.144293 0.185102 0.478381 0.336414 -0.173314 -0.021852 -0.117984 -0.283867 -0.243945 -0.235969 0.012057 0.007336 -0.128823 0.272757 0.045490 0.185004 -0.102264 0.023968 0.066186 -0.085029 -0.141565 -0.098647 0.130091 0.068188 0.191839 0.058031 0.176727 0.115806 0.242080 0.244556 -0.028592 -0.002892 -0.087719 -0.208573 0.225895 0.034663 0.198760 -0.267502 0.104229 -0.071797 0.190832 -0.249506 0.001868 -0.270068 0.229483 0.040853 0.024097 0.061940 -0.208296 -0.088764 -0.099759 0.021885 -0.088501 -0.140403 -0.256469 0.003183 -0.176818 -0.176548 0.148181 0.295161 -0.212688 -0.212403 0.020406 -0.094792 0.000047 0.244330 0.092302 0.101280 -0.111611 0.101650 -0.289052 -0.308695 -0.187376 -0.329543 0.163323 -0.036628 -0.044766 -0.061411 -0.243899 -0.061691 -0.222873 -0.085392 0.116998 0.436675 -0.372609 -0.127871 -0.043023 0.179031 -0.048728 -0.244073 -0.156990 -0.109722
-0.165181 0.063244 -0.006363 -0.011676 0.637439 0.607874 -0.046087 -0.146597 0.563968 1.000000 -0.251961 -0.171626 -0.107193 0.346976 0.099706 0.363668 -0.379889 -0.466259 0.097824 -0.315846 0.446779 0.429697 -0.258646 -0.336765 0.052524 0.434289 0.398581 0.122641 -0.130980 0.031894 -0.064258 -0.175781 0.080236 -0.045999 0.239191 0.002448 -0.150758 0.300042 0.018111 0.055907 -0.217652 0.087352 0.016528 0.008849 -0.022099 -0.047084 0.152765 0.048879 0.151266 0.182397 0.128695 0.194442 0.119747 0.095933 -0.185020 0.115163 -0.330323 -0.148589 0.348794 0.161326 0.154968 0.071933 0.262652 0.127181 -0.062658 0.131418 0.322626 -0.098102 0.251702 0.001777 -0.053068 -0.132801 -0.012731 0.182309 -0.000037 0.277855 0.151339 -0.294476 -0.312464 0.004985 -0.174014 -0.066440 0.064693 0.262389 -0.091088 0.100518 -0.141960 -0.052538 -0.179722 -0.076647 -0.059140 -0.038499 -0.077208 -0.183365 -0.409325 -0.456530 -0.241686 -0.405773 0.055618 -0.221713 -0.045175 -0.261627 -0.373199 -0.348872 -0.426808 -0.340083 -0.188670 0.148603 -0.322765 -0.364396 -0.293882 0.193859 0.040418 -0.342644 -0.002949 -0.143760
-0.024642 0.118474 -0.067340 0.163986 -0.302290 -0.208211 0.042410 0.231336 -0.320024 -0.251961 1.000000 0.372888 0.633399 0.167225 0.556256 0.118690 0.682665 0.178505 0.115061 0.150711 -0.293011 -0.133646 0.172593 0.127583 -0.095752 -0.221100 -0.228669 -0.211363 0.322062 0.040112 0.161664 0.191394 -0.115740 0.047026 0.075734 -0.177335 0.069131 -0.054057 0.063098 -0.164418 -0.020247 -0.176830 -0.031178 -0.035950 -0.065761 -0.083332 -0.004924 -0.155290 -0.164004 -0.257439 -0.055824 -0.126979 -0.086156 -0.284088 0.147346 -0.107775 0.383985 0.130792 -0.187769 -0.129235 -0.215107 0.018390 0.065010 0.046109 -0.125592 0.141987 -0.153378 0.069094 -0.032445 -0.105818 -0.160497 -0.099914 0.148629 -0.040819 0.118155 0.025347 -0.007331 0.154178 0.153831 -0.047192 0.273708 -0.029414 0.328224 0.023721 0.328724 0.162385 0.525494 0.274798 0.320169 0.062429 -0.081498 -0.263925 0.136534 -0.152596 0.015468 -0.020738 -0.097509 0.002281 -0.153689 -0.147720 0.024775 0.053665 0.062168 -0.115702 -0.035725 -0.061450 0.057695 -0.155743 0.139501 -0.035409 -0.062731 -0.391780 -0.337859 0.338074 0.214217 -0.110918
-0.148790 -0.004589 -0.254245 -0.137691 -0.235800 -0.261497 0.003454 0.220864 -0.245098 -0.171626 0.372888 1.000000 0.452406 0.509226 0.022608 0.125764 0.381551 0.410541 -0.293918 -0.224530 -0.249284 -0.199882 -0.128527 0.064476 -0.132782 -0.102242 -0.250186 -0.159952 0.340114 0.260634 0.221771 0.450505 0.115800 0.413806 0.062369 -0.049666 -0.167192 -0.230546 -0.198920 -0.180284 0.101229 0.113836 -0.020161 0.143692 0.093313 0.018541 -0.129347 -0.167729 0.080870 -0.020282 0.128531 0.033539 -0.270416 -0.018578 -0.249688 -0.209341 -0.127106 -0.082518 -0.080048 -0.094573 0.197041 0.445421 0.169271 0.377565 -0.097458 0.450985 -0.204689 0.073749 -0.319811 -0.330493 -0.147570 -0.088682 0.274411 0.068982 0.246839 -0.011053 0.217206 0.258686 0.137380 0.183630 0.310505 0.246004 -0.156968 -0.084453 0.120842 0.158135 -0.043241 -0.090300 -0.157683 -0.332918 -0.069235 -0.172078 -0.208541 -0.377676 0.038304 0.288955 -0.250407 0.010265 -0.213242 -0.120478 -0.141744 -0.207634 -0.261432 -0.355373 -0.154312 -0.154458 -0.138124 -0.070980 -0.005066 -0.093326 -0.315128 -0.368406 -0.177069 -0.094735 -0.066225 0.005244
-0.208700 -0.059132 -0.121095 -0.033581 -0.207943 -0.266273 0.391816 0.324169 -0.204294 -0.107193 0.633399 0.452406 1.000000 0.475761 0.475543 0.300848 0.437516 0.241481 -0.079683 -0.127002 -0.013963 -0.123251 0.114469 0.117763 -0.176180 -0.111104 -0.166937 -0.269702 0.346619 0.220467 0.003354 0.088044 -0.030593 0.139509 -0.097629 -0.104973 0.100451 -0.096924 -0.032348 -0.173717 0.107402 0.103116 -0.220180 -0.130198 0.027441 -0.088234 -0.208492 -0.181600 -0.045734 -0.114283 -0.216765 -0.131573 -0.022024 -0.138872 -0.029883 -0.240563 0.080716 -0.125118 -0.064422 -0.148878 0.305085 0.230589 0.272780 0.149618 -0.030238 0.161055 -0.171011 -0.107017 -0.176805 -0.230626 0.002532 -0.131081 0.363756 0.219295 0.280766 0.141397 0.056986 0.112772 0.042525 -0.026855 0.109376 -0.043543 0.280801 0.088317 0.186900 0.066054 0.438150 0.214837 0.278544 -0.064537 -0.082152 -0.219102 0.093293 -0.149705 -0.106929 -0.070094 -0.366716 -0.019102 -0.173587 -0.187129 0.101142 0.094839 0.148563 -0.159163 -0.127766 -0.197970 0.025669 -0.271025 -0.035765 0.002511 -0.129377 -0.209847 -0.343022 0.288917 0.213646 -0.089514
-0.233571 -0.031035 -0.327806 -0.069181 -0.015343 0.105577 0.040381 0.063513 0.145387 0.346976 0.167225 0.509226 0.475761 1.000000 0.260872 0.570676 0.095542 -0.017795 -0.089904 -0.254792 0.057782 0.157598 -0.236398 -0.350863 -0.012077 0.154024 -0.103295 -0.149543 0.402589 0.501451 0.097286 0.128141 0.096233 0.127445 0.185956 0.065911 -0.290149 -0.120411 -0.088870 -0.153763 -0.027486 0.026191 -0.031499 -0.020085 0.125854 -0.102032 -0.050617 -0.155601 0.161506 -0.000834 0.138547 0.089618 -0.266865 -0.184968 -0.165684 -0.113712 -0.269408 -0.310172 0.203952 0.056310 0.265859 0.376944 0.336016 0.262501 -0.138796 0.259977 0.094139 -0.129048 -0.069078 -0.133575 0.010844 -0.120072 0.398702 0.220010 0.328641 0.310550 0.304823 0.003301 0.014953 0.137961 0.081203 0.119869 0.114608 0.175312 0.155164 0.190279 0.247872 0.147557 -0.037682 -0.311751 -0.171265 -0.322103 -0.065194 -0.376288 -0.330213 -0.098273 -0.296583 -0.286430 -0.050747 -0.139743 0.191784 -0.306165 -0.009618 -0.363165 -0.451176 -0.486050 -0.028101 -0.098136 -0.261165 -0.303054 -0.330178 -0.075541 -0.278275 -0.123386 -0.050583 -0.223953
-0.007156 0.245108 0.017609 0.138532 0.167382 0.197143 0.011143 0.115343 0.209966 0.099706 0.556256 0.022608 0.475543 0.260872 1.000000 0.603808 0.433373 0.009694 0.141589 0.037093 0.143378 0.327722 0.406823 0.101794 0.142163 -0.008924 0.228382 0.158656 0.273382 0.171951 0.027897 -0.082415 -0.414345 -0.112412 0.214624 -0.031006 0.317805 0.225332 0.402343 0.113705 0.139536 -0.052711 -0.242852 -0.300831 -0.307582 -0.329920 0.024459 -0.269081 -0.310594 -0.394701 -0.112275 -0.314132 0.096231 -0.204010 0.357536 -0.121193 0.304437 -0.063852 -0.057021 -0.187980 -0.035938 -0.205925 0.070031 -0.074433 0.144319 -0.092429 -0.218171 -0.245813 0.019726 -0.093738 -0.056903 -0.028370 0.108188 -0.135590 0.031226 0.039135 -0.033366 0.065336 0.075908 -0.048440 0.102853 -0.105901 0.706333 0.523334 0.322305 0.050510 0.719511 0.408868 0.672429 0.364748 -0.069903 -0.344740 0.125387 -0.033980 -0.208672 -0.059531 -0.288458 -0.009917 -0.013675 -0.127321 0.117995 -0.053489 0.000173 -0.142285 -0.175037 -0.017422 0.207935 0.019707 0.000126 0.003219 -0.097930 -0.062224 -0.350594 0.169774 0.281146 -0.106404
-0.065404 0.236300 -0.092889 0.145287 0.359848 0.374550 -0.051214 0.084861 0.335949 0.363668 0.118690 0.125764 0.300848 0.570676 0.603808 1.000000 0.013908 -0.135031 0.120463 -0.019056 0.289661 0.465104 0.029485 -0.064253 0.060286 0.041617 0.354142 0.274241 0.218318 0.320633 0.006253 -0.051626 -0.321905 -0.112095 0.214626 -0.202241 0.019421 0.157215 0.268083 0.169801 0.017082 0.128963 -0.289839 -0.372259 -0.259468 -0.376339 -0.072308 -0.302434 -0.106121 -0.246548 -0.006583 -0.178635 0.190168 -0.116653 0.159848 -0.184173 -0.051064 -0.227307 0.258798 -0.009580 0.242608 0.087295 0.127774 -0.014421 -0.024671 -0.056509 -0.120502 -0.376743 0.083707 0.010874 0.082680 0.073457 0.158273 -0.034678 -0.020572 0.140646 -0.013129 -0.091878 -0.053761 -0.179989 -0.041376 -0.102185 0.452948 0.661658 0.038788 -0.004361 0.415051 0.234199 0.385420 0.311469 0.016740 -0.185306 0.014446 -0.105460 -0.303949 -0.052723 -0.384738 0.009199 -0.010360 -0.113356 0.017810 -0.166469 -0.057670 -0.195517 -0.276192 -0.196836 0.133054 0.150147 -0.197013 -0.096491 -0.294306 0.003806 -0.159795 -0.011992 0.018627 -0.108878
0.211329 0.080428 -0.313373 -0.141223 -0.396397 -0.230357 -0.166949 -0.095509 -0.270563 -0.379889 0.682665 0.381551 0.437516 0.095542 0.433373 0.013908 1.000000 0.512137 -0.130181 0.060192 -0.378023 -0.173171 0.100853 0.089946 -0.020248 -0.133351 -0.289023 -0.112144 0.528900 0.269425 0.059745 0.239887 -0.060759 0.158075 0.148210 -0.041807 0.250507 0.097341 0.152095 -0.101001 0.276874 -0.015062 0.050620 0.062387 -0.091889 -0.187035 -0.028919 -0.145185 -0.259137 -0.390371 0.045465 -0.348966 -0.323864 -0.212107 0.164778 -0.087720 0.584761 0.146605 -0.435930 -0.343491 -0.156743 -0.199541 0.237630 0.217792 -0.083029 -0.069702 -0.359542 -0.153079 0.046774 -0.274426 0.017833 0.085504 0.269952 0.013188 0.185348 0.041526 0.162877 0.432881 0.523783 0.427043 0.647339 0.457575 0.074871 -0.095165 0.345591 0.039543 0.437958 0.240173 0.254253 -0.018574 -0.176203 -0.349548 -0.015249 -0.192416 0.108751 0.249566 0.024161 0.111141 -0.131050 0.057144 -0.020570 0.003908 0.062634 -0.107933 0.012921 0.141737 0.018949 0.057771 0.192265 0.087138 -0.057733 -0.205394 -0.202163 0.332022 0.098767 0.063956
0.168465 -0.011883 -0.243643 -0.386250 -0.282880 -0.370793 0.057128 -0.130968 -0.275888 -0.466259 0.178505 0.410541 0.241481 -0.017795 0.009694 -0.135031 0.512137 1.000000 -0.413378 -0.044302 -0.267043 -0.288046 0.174427 0.292089 0.010915 -0.239980 -0.211165 0.048124 0.388678 0.309794 0.137686 0.310374 0.073467 0.414444 -0.065053 -0.065387 0.182806 -0.071248 0.014220 -0.056419 0.315897 0.224624 -0.150517 -0.021758 -0.076336 -0.198073 -0.220161 -0.199768 -0.095075 -0.298650 0.026819 -0.259639 -0.083093 0.054680 -0.057623 -0.231328 0.253973 0.124235 -0.476942 -0.427028 0.213742 -0.084654 0.238972 0.405306 0.105482 -0.132169 -0.565199 -0.281074 -0.255351 -0.339133 0.070738 0.147203 0.305886 0.117973 0.231343 0.026611 0.167604 0.511516 0.477673 0.535146 0.545464 0.536980 -0.102829 -0.012402 0.215457 -0.057702 0.016722 -0.007258 0.062384 -0.075427 -0.052629 -0.065162 -0.215997 -0.182878 0.287082 0.492059 0.020722 0.301136 0.059268 0.216158 -0.208109 -0.139736 -0.065590 -0.141955 -0.034893 -0.016638 -0.267732 -0.017252 0.129047 0.137245 -0.032432 -0.143555 0.027992 0.065819 -0.048138 0.084369
0.237425 0.433560 0.412036 0.744329 0.170378 0.099945 -0.089929 0.092884 0.033437 0.097824 0.115061 -0.293918 -0.079683 -0.089904 0.141589 0.120463 -0.130181 -0.413378 1.000000 0.639422 0.023344 0.204464 -0.128349 -0.035481 -0.119816 -0.226713 0.090456 -0.146895 -0.243208 -0.279590 -0.121629 -0.229835 -0.026061 -0.413491 -0.075699 -0.222636 0.101418 0.016874 0.464717 0.313956 -0.125833 -0.322218 -0.235017 -0.262884 -0.361355 -0.265720 0.013368 -0.003500 -0.405689 -0.345796 -0.129403 -0.226605 0.028742 -0.394541 0.354240 0.001553 0.286993 0.149072 0.405401 0.518631 -0.259277 0.041210 -0.161834 -0.310622 -0.432794 -0.173427 0.432223 0.033351 0.508805 0.455334 -0.139966 -0.282290 -0.283165 -0.355313 -0.321621 0.030501 -0.132093 -0.175555 -0.038595 -0.407840 -0.173431 -0.338335 0.321950 0.186423 -0.176536 -0.156336 0.199404 0.074845 0.340413 0.377295 0.111107 -0.134986 0.252780 0.194104 -0.120335 -0.302774 -0.037433 0.031856 -0.134990 -0.157243 0.155980 0.186301 0.096068 0.187448 -0.039980 -0.020261 0.304684 0.002685 -0.071408 0.065901 -0.061755 -0.045624 -0.259112 0.011687 0.131962 -0.183803
0.267416 0.317863 0.286851 0.639188 -0.091598 -0.173354 -0.009765 0.190126 -0.203690 -0.315846 0.150711 -0.224530 -0.127002 -0.254792 0.037093 -0.019056 0.060192 -0.044302 0.639422 1.000000 -0.326687 -0.186652 -0.062135 0.300542 -0.200084 -0.453289 -0.110334 -0.173675 -0.214958 -0.352548 -0.203741 -0.138368 0.001446 -0.231123 -0.258211 -0.157723 -0.016778 -0.340416 0.262094 0.139442 -0.226422 -0.337063 -0.144455 -0.227294 -0.174407 -0.116886 -0.106957 0.079633 -0.421762 -0.363144 -0.334405 -0.318054 -0.020453 -0.375621 0.321511 -0.163166 0.407202 0.342364 0.112551 0.343789 -0.400947 -0.046294 -0.248225 -0.278930 -0.350719 -0.291428 0.133765 0.064582 0.434047 0.599046 -0.137255 -0.040414 -0.401935 -0.554960 -0.430101 -0.272730 -0.454666 -0.202824 0.099206 -0.344971 -0.010824 -0.269430 0.118768 0.027999 -0.270965 -0.412671 0.104124 0.002897 0.237345 0.300173 0.358996 0.061458 0.337242 0.221224 0.241075 -0.138864 0.048751 0.181654 -0.080149 0.125397 0.091235 0.207437 0.290846 0.425799 0.302201 0.103559 0.308217 0.060687 0.123829 0.089632 0.069205 0.054469 -0.037840 0.011878 -0.013187 -0.099660
-0.138164 0.192947 0.243900 -0.092829 0.602814 0.487706 0.316599 0.124962 0.413293 0.446779 -0.293011 -0.249284 -0.013963 0.057782 0.143378 0.289661 -0.378023 -0.267043 0.023344 -0.326687 1.000000 0.679512 0.006828 -0.105946 -0.136242 0.272599 0.730862 0.324185 -0.249122 0.003047 -0.184876 -0.239898 -0.189983 -0.232208 -0.080114 -0.141352 -0.000496 0.353402 0.199919 0.349446 0.016679 0.419108 -0.176779 -0.016366 0.137464 0.067447 0.204256 -0.105837 0.290555 0.294591 0.042414 0.234232 0.308795 0.248136 -0.196692 0.082202 -0.157970 -0.105824 0.326985 0.123583 0.424121 0.141547 0.234927 -0.112690 0.131475 -0.001545 0.064848 -0.188395 -0.207590 -0.216722 0.026825 0.036555 -0.163237 0.115761 -0.263155 0.061617 -0.067910 -0.352000 -0.369753 -0.119248 -0.317726 -0.158317 0.452589 0.574717 -0.216079 -0.017456 0.012741 -0.093844 0.196571 0.239266 -0.123200 -0.177663 -0.210005 0.076911 -0.246663 -0.158662 -0.215128 -0.154125 -0.000324 -0.307521 -0.199054 -0.027047 -0.220049 -0.304372 -0.280201 -0.174167 0.016801 -0.149230 -0.156851 -0.203506 -0.228399 0.023887 0.022151 -0.243986 0.045507 -0.095685
-0.111596 0.316146 0.118529 0.006910 0.507939 0.586070 -0.125068 -0.033988 0.384118 0.429697 -0.133646 -0.199882 -0.123251 0.157598 0.327722 0.465104 -0.173171 -0.288046 0.204464 -0.186652 0.679512 1.000000 0.007922 -0.217478 -0.037918 0.277750 0.638564 0.374433 -0.019079 0.114416 -0.010145 -0.142946 -0.340696 -0.373463 0.189402 -0.203923 0.063217 0.564286 0.371632 0.379575 0.132384 0.202844 -0.129150 -0.050613 -0.090793 -0.105430 0.298673 -0.148566 0.038480 -0.025369 0.201319 -0.007336 0.234089 -0.021764 0.033565 0.184211 -0.082225 -0.101127 0.387752 0.160550 0.184483 0.005932 0.218743 -0.115459 -0.066253 -0.001204 0.087791 -0.235516 -0.079962 -0.252050 0.055522 0.119984 -0.052452 -0.010392 -0.258388 0.202272 0.081195 -0.223188 -0.215273 -0.079765 -0.082061 -0.000961 0.473430 0.691934 0.025169 0.142225 0.210860 0.187352 0.297670 0.312097 -0.214579 -0.292643 -0.218484 -0.030967 -0.332139 -0.152920 -0.002176 -0.070890 0.097982 -0.186639 -0.153022 -0.122569 -0.243096 -0.316706 -0.405821 -0.208714 0.066295 0.004572 -0.228775 -0.101885 -0.175253 0.024489 -0.056980 -0.098763 -0.017881 -0.257147
0.212100 0.072067 0.269208 -0.024026 -0.024859 0.092091 0.199082 0.211644 0.004274 -0.258646 0.172593 -0.128527 0.114469 -0.236398 0.406823 0.029485 0.100853 0.174427 -0.128349 -0.062135 0.006828 0.007922 1.000000 0.462238 0.412740 -0.050152 0.215500 0.338493 -0.092105 -0.131674 0.026021 -0.164720 -0.367186 -0.050249 0.124162 0.046399 0.292873 0.134401 0.148927 -0.013104 0.057791 0.055590 -0.237658 -0.205048 -0.224645 -0.172178 -0.018392 -0.194610 -0.189518 -0.177590 -0.118502 -0.111041 0.327437 0.031828 0.207928 -0.046660 0.189862 -0.115392 -0.303056 -0.357110 0.003615 -0.302148 -0.205404 -0.208423 0.566074 -0.094911 -0.400855 -0.083951 -0.307965 -0.235330 -0.048462 -0.174062 -0.050117 -0.095967 0.072913 -0.256915 -0.058554 0.191842 0.026996 0.021061 -0.079232 -0.187278 0.361038 0.092397 0.273941 0.091655 0.271555 0.351143 0.512329 0.343846 -0.023604 -0.101530 -0.032498 0.216557 -0.063705 0.033562 -0.242668 0.054880 -0.015997 0.090673 -0.081973 0.140234 0.013586 0.138107 0.014900 0.104870 -0.008305 -0.110042 0.104629 0.121677 0.232982 -0.063799 -0.257232 0.015771 0.142102 -0.216144
0.157335 0.058821 0.387122 0.108407 0.137950 -0.196425 0.344093 0.285380 -0.032200 -0.336765 0.127583 0.064476 0.117763 -0.350863 0.101794 -0.064253 0.089946 0.292089 -0.035481 0.300542 -0.105946 -0.217478 0.462238 1.000000 -0.085906 -0.292455 0.147473 0.082882 -0.306355 -0.441005 -0.179138 -0.059742 -0.244422 0.099855 -0.383938 -0.211238 0.030515 -0.150372 -0.013602 0.033933 -0.045035 -0.036045 -0.135118 -0.072255 -0.092982 0.044024 -0.183353 0.176649 -0.076368 -0.099327 -0.410785 -0.186681 0.317946 0.088287 0.022919 -0.170772 0.145143 0.039246 -0.178072 -0.250906 0.012701 -0.210857 -0.139334 -0.178934 0.128200 -0.230992 -0.455803 -0.012592 -0.206497 0.093161 0.033236 -0.027455 -0.413269 -0.373470 -0.390902 -0.395633 -0.536196 -0.053939 -0.069703 -0.209477 -0.032446 -0.261281 0.076417 0.018693 -0.270596 -0.375842 -0.118549 -0.155835 0.208396 0.270323 0.466628 0.284564 0.082347 0.275556 0.225220 -0.005882 -0.281719 0.142502 -0.149014 -0.002334 -0.178084 0.238689 -0.020618 0.353769 0.398707 0.248074 0.070309 0.100761 0.117178 0.221472 0.245356 -0.089883 -0.040758 -0.074790 -0.156529 -0.016887
0.126850 -0.078655 -0.048937 -0.186611 -0.085057 0.244412 -0.308964 -0.386249 0.144293 0.052524 -0.095752 -0.132782 -0.176180 -0.012077 0.142163 0.060286 -0.020248 0.010915 -0.119816 -0.200084 -0.136242 -0.037918 0.412740 -0.085906 1.000000 0.522850 -0.127383 0.509206 0.191457 0.257532 0.324130 0.079547 0.005226 0.039787 0.558179 0.399549 0.006061 0.197357 -0.024246 0.085932 0.068279 0.114623 -0.023534 -0.163920 -0.188628 -0.203630 -0.097200 -0.196247 -0.071807 -0.097675 0.327433 0.112811 0.011421 0.066625 0.104445 0.155154 -0.134311 -0.150923 -0.250421 -0.425570 -0.111561 -0.289204 -0.263238 -0.098742 0.488363 0.003091 -0.047726 0.044525 0.004466 -0.069224 0.140797 -0.123151 0.291172 0.088657 0.376680 0.014861 0.161530 0.254005 0.147931 0.270748 -0.187947 -0.033886 -0.091473 -0.083808 0.386119 0.226825 0.209422 0.447324 0.001559 -0.066891 -0.305583 -0.076279 -0.072183 -0.173400 -0.182982 0.182805 -0.038806 -0.022390 -0.083152 -0.078132 -0.048824 -0.118895 -0.131994 -0.038417 -0.013770 0.134140 0.024180 0.278723 0.082447 0.126178 0.110651 -0.048148 -0.276061 -0.032155 0.142791 -0.172582
-0.273522 -0.151231 -0.093684 -0.283858 0.122077 0.472507 -0.245788 -0.308403 0.185102 0.434289 -0.221100 -0.102242 -0.111104 0.154024 -0.008924 0.041617 -0.133351 -0.239980 -0.226713 -0.453289 0.272599 0.277750 -0.050152 -0.292455 0.522850 1.000000 0.114091 0.462660 0.014651 0.183717 0.131066 0.093207 0.081629 0.039970 0.467393 0.391756 -0.057287 0.283496 -0.037130 0.024447 0.062754 0.167206 0.057152 0.110993 0.181404 0.069390 0.056489 0.047495 0.231844 0.277047 0.325334 0.294242 -0.001075 0.170129 -0.213422 0.298264 -0.420349 -0.215895 -0.152087 -0.325039 0.013378 -0.077222 0.064779 -0.029261 0.230938 0.234799 0.208687 0.179055 -0.176043 -0.164986 0.007043 -0.003960 0.189553 0.242739 0.175306 0.142570 0.139151 -0.156975 -0.172273 0.213484 -0.141386 0.091304 -0.081097 0.084297 0.254778 0.250468 -0.017188 0.230315 -0.182172 -0.308705 -0.325916 -0.087913 -0.162732 -0.321044 -0.141309 -0.038900 -0.094238 -0.153850 -0.079539 -0.291595 -0.075400 -0.263778 -0.372031 -0.372797 -0.127448 0.047073 -0.111300 0.147190 -0.002054 -0.174875 0.082306 0.101020 0.012756 -0.124340 0.204360 -0.029002
-0.057371 0.291235 0.232045 -0.012055 0.726628 0.620447 0.109885 0.060443 0.478381 0.398581 -0.228669 -0.250186 -0.166937 -0.103295 0.228382 0.354142 -0.289023 -0.211165 0.090456 -0.110334 0.730862 0.638564 0.215500 0.147473 -0.127383 0.114091 1.000000 0.543998 -0.432593 -0.326566 -0.257879 -0.240534 -0.449815 -0.199335 0.018989 -0.107413 0.087246 0.340356 0.475834 0.434486 0.036209 0.129472 -0.165739 -0.000835 -0.005308 0.007504 0.163230 -0.004906 0.043508 0.075018 0.026215 0.012796 0.409293 0.291089 -0.108533 -0.033665 -0.063276 -0.032882 0.184432 0.039149 0.187187 -0.053760 0.135169 -0.128759 0.171428 -0.134749 -0.111204 -0.127069 -0.011794 -0.054009 -0.179112 0.172551 -0.441579 -0.201477 -0.499051 -0.127822 -0.209304 -0.318652 -0.308675 -0.128984 -0.156561 -0.143342 0.490670 0.653945 -0.216920 -0.084149 -0.094297 -0.187355 0.317500 0.379529 0.181296 -0.008993 -0.293870 0.095645 -0.036671 -0.240536 -0.208585 0.062207 0.167052 -0.108683 -0.448537 -0.191423 -0.432723 -0.299478 -0.166340 0.032534 -0.064513 0.113534 -0.026048 -0.184538 -0.002049 0.169333 0.197701 -0.296388 0.041056 0.067928
0.166376 0.161320 0.026326 -0.178034 0.376692 0.563233 -0.208606 -0.246202 0.336414 0.122641 -0.211363 -0.159952 -0.269702 -0.149543 0.158656 0.274241 -0.112144 0.048124 -0.146895 -0.173675 0.324185 0.374433 0.338493 0.082882 0.509206 0.462660 0.543998 1.000000 -0.146637 -0.066665 0.004758 -0.007748 -0.405343 -0.107489 0.339444 0.115159 0.123150 0.326724 0.341404 0.477089 0.266369 0.220571 -0.241192 -0.145417 -0.160054 -0.204819 -0.047232 -0.148373 -0.021419 -0.047853 0.227632 -0.002245 0.296340 0.290775 0.060289 0.096738 -0.017940 -0.076591 -0.187188 -0.376152 0.078863 -0.275280 -0.170740 -0.102680 0.336729 -0.156397 -0.268342 -0.108782 -0.032681 -0.050974 -0.113509 0.282934 -0.102673 -0.183528 -0.154788 -0.191443 -0.134985 0.028626 -0.015042 0.109608 -0.048909 0.007971 0.175102 0.406155 0.050250 -0.044232 -0.001163 0.084876 0.174929 0.227284 -0.008269 0.013786 -0.337926 -0.075667 0.069927 0.192779 -0.106803 0.292274 0.143651 0.030514 -0.355276 -0.215679 -0.392150 -0.209240 -0.040945 0.261782 0.025431 0.479313 0.044910 0.000891 0.068829 0.029856 0.146775 -0.193333 0.148579 0.058084
-0.132168 -0.144969 -0.529478 -0.267292 -0.431173 -0.161558 -0.210352 -0.245095 -0.173314 -0.130980 0.322062 0.340114 0.346619 0.402589 0.273382 0.218318 0.528900 0.388678 -0.243208 -0.214958 -0.249122 -0.019079 -0.092105 -0.306355 0.191457 0.014651 -0.432593 -0.146637 1.000000 0.794640 0.428891 0.486353 0.182135 0.258979 0.192117 -0.073041 0.131490 0.129113 -0.051638 -0.269278 0.373193 0.203791 0.069789 -0.061641 -0.141959 -0.288108 -0.032293 -0.381764 -0.055441 -0.304344 0.282582 -0.183753 -0.316426 -0.148630 0.121694 0.013080 0.034490 -0.206811 -0.287679 -0.323688 0.070997 -0.074754 0.268366 0.293481 -0.045194 0.094483 -0.141629 -0.237669 -0.079024 -0.316481 0.307708 0.135300 0.793229 0.379681 0.548890 0.299016 0.410047 0.451864 0.533556 0.412264 0.313206 0.436961 -0.126661 0.051978 0.422722 0.354022 0.338800 0.376952 -0.029310 -0.103755 -0.532555 -0.396549 -0.074476 -0.388316 -0.112008 0.386268 0.022207 -0.014613 -0.153082 -0.051253 0.157629 -0.044472 0.054112 -0.220261 -0.114830 -0.014625 -0.001252 0.029091 -0.031429 0.047629 -0.269578 -0.170382 -0.281141 0.255631 0.042504 -0.022348
-0.115183 -0.042666 -0.366140 -0.268898 -0.339980 -0.107837 -0.122837 -0.182239 -0.021852 0.031894 0.040112 0.260634 0.220467 0.501451 0.171951 0.320633 0.269425 0.309794 -0.279590 -0.352548 0.003047 0.114416 -0.131674 -0.441005 0.257532 0.183717 -0.326566 -0.066665 0.794640 1.000000 0.485141 0.472555 0.247601 0.292486 0.279911 0.011320 0.052690 0.218764 -0.133031 -0.190584 0.272260 0.432175 -0.081729 -0.183679 -0.112885 -0.343505 -0.066218 -0.462876 0.040481 -0.226154 0.257250 -0.043237 -0.334127 -0.065594 -0.049245 -0.074090 -0.105909 -0.212540 -0.169282 -0.237427 0.297687 0.032731 0.356585 0.289243 0.119110 0.155272 -0.023471 -0.359491 -0.165537 -0.349101 0.352268 0.127907 0.782317 0.532927 0.630628 0.446679 0.509230 0.407499 0.397163 0.463662 0.216740 0.477334 -0.127288 0.111167 0.409010 0.353363 0.304071 0.389839 -0.084233 -0.110116 -0.657181 -0.493354 -0.163172 -0.427090 -0.236599 0.405727 -0.018802 -0.131846 -0.224247 -0.145282 0.180179 -0.164748 0.087595 -0.297513 -0.290121 -0.229291 -0.054794 -0.118069 -0.096563 -0.042226 -0.351582 -0.150149 -0.337193 0.170606 -0.030134 -0.082030
-0.071328 0.035567 -0.034197 -0.120843 -0.317318 -0.071612 -0.276428 -0.126526 -0.117984 -0.064258 0.161664 0.221771 0.003354 0.097286 0.027897 0.006253 0.059745 0.137686 -0.121629 -0.203741 -0.184876 -0.010145 0.026021 -0.179138 0.324130 0.131066 -0.257879 0.004758 0.428891 0.485141 1.000000 0.692410 0.318182 0.397673 0.334305 0.011912 -0.030274 0.015093 -0.188677 -0.236969 0.115378 -0.039046 0.010095 -0.169819 -0.181742 -0.245192 -0.099411 -0.486856 0.041858 -0.140465 0.411089 0.103500 -0.154050 0.104125 -0.103996 -0.066547 -0.174973 -0.083882 -0.068387 -0.157807 0.019520 0.106850 0.074516 0.174686 0.344829 0.464054 0.067962 0.041536 -0.192394 -0.257107 0.081743 0.087187 0.461413 0.252817 0.397650 0.196785 0.432300 0.277680 0.183332 0.287019 0.060779 0.208768 -0.115506 -0.090681 0.563773 0.510701 0.100520 0.270117 -0.220597 -0.136973 -0.672179 -0.358673 -0.264008 -0.520409 -0.167279 0.424743 0.060581 -0.007660 -0.285997 -0.035781 -0.146050 -0.313391 -0.198676 -0.396306 -0.163657 -0.192370 -0.334318 -0.149942 0.078371 -0.120994 -0.230626 -0.347266 -0.230833 0.207882 0.062590 0.021379
-0.183584 -0.079319 -0.185923 -0.164930 -0.320563 -0.186588 -0.306150 -0.038934 -0.283867 -0.175781 0.191394 0.450505 0.088044 0.128141 -0.082415 -0.051626 0.239887 0.310374 -0.229835 -0.138368 -0.239898 -0.142946 -0.164720 -0.059742 0.079547 0.093207 -0.240534 -0.007748 0.486353 0.472555 0.692410 1.000000 0.291755 0.654099 0.232007 0.108484 -0.044144 -0.067172 -0.131432 -0.106267 0.318255 0.086733 0.123217 0.097631 0.020323 -0.109713 -0.127271 -0.190611 -0.054226 -0.207349 0.265825 -0.037569 -0.409999 0.120034 -0.200182 -0.089005 -0.188442 -0.036205 -0.327835 -0.275375 -0.019020 0.054422 0.229143 0.208571 0.173322 0.390386 0.037181 0.221760 -0.193518 -0.144100 -0.031806 0.302792 0.344104 0.162940 0.199922 0.100718 0.267080 0.352911 0.315783 0.389270 0.249757 0.419819 -0.258534 -0.022737 0.373325 0.415735 -0.053234 0.082118 -0.321686 -0.298562 -0.493054 -0.359311 -0.459419 -0.628330 0.103458 0.459547 0.116465 0.084752 -0.309156 -0.139135 -0.248520 -0.443577 -0.349319 -0.432728 0.011047 0.038924 -0.267120 0.013187 0.186728 -0.056734 -0.086822 -0.313410 -0.067372 -0.023378 -0.000312 0.237462
-0.008037 -0.141226 -0.033046 -0.047235 -0.261707 -0.133199 -0.001366 -0.081855 -0.243945 0.080236 -0.115740 0.115800 -0.030593 0.096233 -0.414345 -0.321905 -0.060759 0.073467 -0.026061 0.001446 -0.189983 -0.340696 -0.367186 -0.244422 0.005226 0.081629 -0.449815 -0.405343 0.182135 0.247601 0.318182 0.291755 1.000000 0.418302 0.031393 -0.062240 -0.220865 -0.382998 -0.349034 -0.308188 -0.204842 -0.020030 0.219635 0.051690 0.251740 0.107921 0.057243 -0.111103 0.245091 0.175639 0.224561 0.269296 -0.361495 0.055386 -0.049700 0.157932 -0.164728 -0.024719 -0.020001 0.054828 0.088646 0.198273 0.281833 0.377521 -0.061356 0.205600 0.366329 -0.032593 -0.003577 0.003394 -0.027242 -0.197114 0.311430 0.188124 0.217414 0.184009 0.234809 0.110690 0.216128 0.242610 0.038343 0.232573 -0.385569 -0.430592 0.085174 0.014063 -0.123143 -0.078137 -0.472365 -0.472787 -0.383812 -0.172968 -0.105823 -0.489150 -0.014908 0.005316 0.107428 -0.065870 -0.174251 -0.014201 0.037032 -0.204569 -0.043601 -0.083879 -0.071450 -0.215747 -0.310007 -0.162142 -0.004091 -0.120590 -0.329562 -0.018775 0.013740 -0.137021 -0.019435 0.012856
-0.139298 0.019030 -0.124834 -0.299344 -0.209449 -0.192518 -0.029120 0.055434 -0.235969 -0.045999 0.047026 0.413806 0.139509 0.127445 -0.112412 -0.112095 0.158075 0.414444 -0.413491 -0.231123 -0.232208 -0.373463 -0.050249 0.099855 0.039787 0.039970 -0.199335 -0.107489 0.258979 0.292486 0.397673 0.654099 0.418302 1.000000 0.167377 0.138179 -0.065937 -0.249999 -0.265560 -0.221325 0.116563 0.159849 0.031270 0.053742 0.028280 -0.092358 -0.337136 -0.122143 -0.090169 -0.114646 -0.000828 -0.063699 -0.281056 0.233902 -0.357559 -0.323718 -0.192646 0.155723 -0.438668 -0.358623 0.198910 0.093904 0.252155 0.556631 0.293586 0.303664 -0.167445 0.024690 -0.197166 -0.168674 -0.046447 0.035385 0.234240 0.214285 0.215342 0.066997 0.256993 0.375864 0.272821 0.453913 0.319634 0.460955 -0.334356 -0.155229 0.185016 0.181197 -0.265723 -0.050282 -0.363518 -0.411372 -0.201549 -0.140320 -0.312090 -0.481676 0.239591 0.270314 -0.096488 0.039485 -0.171390 0.012464 -0.236487 -0.431472 -0.271289 -0.356019 -0.074376 -0.031222 -0.493250 -0.112442 0.138703 -0.065352 -0.097622 -0.043901 0.042404 -0.125937 -0.008332 0.353920
0.016634 0.009384 -0.261110 -0.116139 -0.012536 0.377835 -0.566729 -0.310422 0.012057 0.239191 0.075734 0.062369 -0.097629 0.185956 0.214624 0.214626 0.148210 -0.065053 -0.075699 -0.258211 -0.080114 0.189402 0.124162 -0.383938 0.558179 0.467393 0.018989 0.339444 0.192117 0.279911 0.334305 0.232007 0.031393 0.167377 1.000000 0.381145 0.116233 0.262113 0.153749 0.124562 0.175665 -0.043966 0.019829 -0.105436 -0.143333 -0.227389 0.008554 -0.245649 -0.224125 -0.244348 0.371547 -0.110309 -0.175687 -0.091784 0.019484 -0.087483 -0.022757 0.075400 -0.181373 -0.257175 -0.060565 -0.046337 0.023051 0.113606 0.332057 0.236328 0.213499 0.174318 0.134238 -0.101032 -0.103113 -0.071518 0.240768 0.071149 0.290593 0.034772 0.320054 0.156287 0.077632 0.307734 0.102109 0.266872 0.045953 0.099092 0.457969 0.446561 0.204847 0.283565 -0.009626 -0.132475 -0.302794 -0.304596 -0.212945 -0.322536 -0.141760 0.180129 0.092126 0.068406 -0.011186 -0.070850 -0.192610 -0.372961 -0.286049 -0.412850 -0.234778 -0.075876 -0.147400 0.174019 0.201249 0.111836 0.016827 0.058217 -0.147536 0.053659 0.136213 -0.011032
-0.221527 -0.254407 -0.225156 -0.185313 -0.133759 -0.062298 -0.313358 -0.201718 0.007336 0.002448 -0.177335 -0.049666 -0.104973 0.065911 -0.031006 -0.202241 -0.041807 -0.065387 -0.222636 -0.157723 -0.141352 -0.203923 0.046399 -0.211238 0.399549 0.391756 -0.107413 0.115159 -0.073041 0.011320 0.011912 0.108484 -0.062240 0.138179 0.381145 1.000000 0.078577 -0.004395 -0.094629 0.090201 0.222870 -0.095828 0.199523 0.224861 0.222963 0.181759 -0.038162 0.170015 -0.083359 0.046520 0.104171 0.083237 -0.228883 0.029054 -0.112635 0.030262 -0.263646 0.021954 -0.224268 -0.133281 -0.239393 -0.008582 -0.166758 -0.119243 0.384882 0.107982 0.194832 0.495091 -0.003373 0.157411 -0.185537 -0.042884 0.009413 0.095459 0.160330 -0.067238 0.108747 -0.016313 -0.088338 0.301850 -0.074131 0.109496 -0.075922 -0.188742 0.385629 0.266350 0.040748 0.067317 -0.137914 -0.358942 -0.046434 -0.073649 -0.125036 -0.196239 -0.020048 0.092691 0.116474 -0.111667 0.100921 -0.049069 -0.002309 -0.310065 -0.008385 -0.165756 0.117013 0.168618 -0.002695 0.067451 0.310330 0.032320 0.362655 0.048968 -0.078160 -0.088823 0.216696 0.177854
