1.000000 0.314921 0.149157 0.040868 0.081038 -0.115512 0.238187 -0.265433 0.131210 -0.355751 0.238092 -0.172440 0.006981 -0.317595 0.204803 0.064946 0.475156 0.404535 0.537650 0.223417 0.201348 0.068545 0.088415 -0.290740 -0.224603 -0.394994 0.268003 0.020355 0.195493 0.120519 0.001698 -0.225550 0.194739 0.167838 -0.340616 -0.414319 0.030267 -0.438398 -0.267269 -0.302088 -0.194429 -0.266311 -0.057620 -0.214894 -0.271745 -0.512038 -0.083915 -0.136630 0.093583 -0.012021 -0.133464 0.145190 0.077016 0.141291 -0.102959 -0.178350 0.561011 0.355094 0.449579 0.171061 0.292487 0.093485 0.479335 0.468189 0.035024 -0.359882 0.282167 -0.417862 0.143665 0.002485 0.169059 -0.305994 0.239499 0.138402 0.266210 -0.155140 0.307884 -0.075178 0.407260 0.308917 0.394224 0.407239 -0.012152 -0.166501 0.123423 -0.229787 0.040900 -0.088333 0.093094 0.001149 -0.083258 -0.018449 -0.470561 -0.181952 -0.183237 -0.034408 0.011519 -0.010402 0.139788 0.393818 -0.215898 0.095684 -0.187376 0.050849 -0.211797 -0.118148 0.116018 0.283102 -0.134603 -0.164271 -0.111092 0.251109 -0.127178 -0.014903 0.010691 -0.156941
0.314921 1.000000 -0.196280 0.194070 0.134057 0.141811 -0.144725 0.019781 -0.189476 0.179029 0.080151 0.177715 -0.045117 0.167543 -0.241196 0.210182 0.129355 0.338578 0.070867 0.680163 0.057076 -0.097510 -0.515897 -0.447109 -0.174224 -0.501810 0.102100 -0.244709 -0.325423 0.163236 -0.503293 -0.561436 0.326667 0.345404 -0.582167 -0.599024 0.003668 -0.130703 -0.355793 0.023580 0.004471 -0.048392 0.015256 -0.112984 0.002004 -0.125088 0.001171 0.105098 0.534883 0.524781 -0.076284 0.621824 0.274839 -0.046398 -0.130123 -0.221782 -0.212747 -0.059123 0.492258 0.724395 0.085566 0.668368 0.476196 0.631554 -0.513480 -0.116834 0.510136 0.121704 0.529680 0.564533 -0.175165 -0.587698 -0.104955 -0.044086 -0.014469 -0.219783 -0.011636 -0.312421 -0.284254 0.137603 0.371440 0.231279 -0.243800 0.134659 -0.331032 -0.424013 -0.072519 -0.391688 -0.028034 0.171528 0.246702 -0.058604 -0.256982 -0.316593 -0.003322 -0.308595 0.014181 -0.265336 0.250685 -0.281623 -0.011426 0.202634 0.172908 -0.069385 -0.024968 -0.554177 0.259008 0.207029 -0.383321 -0.194438 -0.225416 -0.329697 -0.266578 -0.431431 -0.295029 -0.282219
0.149157 -0.196280 1.000000 0.120755 0.366767 0.074036 0.663722 0.058174 0.533905 -0.053639 0.238084 -0.072657 0.207066 -0.155113 0.411505 0.181278 -0.339882 -0.370624 0.629021 0.118376 0.162446 0.014441 0.526636 0.184732 0.179593 0.312328 0.067466 0.156982 0.204343 -0.384045 0.311909 0.244281 -0.243093 -0.065671 0.050132 0.165563 -0.145544 -0.111479 -0.186937 -0.218087 -0.047037 0.009138 -0.316128 -0.391035 -0.405321 -0.271217 -0.416125 -0.239672 -0.194133 -0.295854 0.218580 -0.248497 -0.276491 -0.113698 -0.296923 -0.447248 -0.068152 -0.079651 -0.288870 -0.284557 -0.051594 -0.324879 -0.065305 -0.285178 0.504144 -0.064733 -0.162243 0.028632 -0.223532 -0.186189 0.128085 0.070059 0.170493 -0.124862 0.011534 0.037108 0.013811 0.020007 -0.134585 -0.216684 -0.170875 -0.234066 0.449385 0.305978 0.275591 0.002118 0.251073 -0.152353 0.314382 -0.136793 -0.051111 0.161516 -0.018785 0.325281 0.131298 -0.006320 -0.117751 -0.078531 -0.267002 -0.186929 -0.305079 -0.076673 0.002849 -0.186011 -0.356637 -0.090159 -0.305382 0.047487 -0.089430 0.128614 0.169990 0.114344 -0.076584 -0.046256 -0.123378 -0.253457
0.040868 0.194070 0.120755 1.000000 -0.157843 -0.092468 0.295521 0.664423 -0.075607 0.178403 -0.291474 0.189205 0.043131 -0.026840 0.071399 0.328890 -0.227045 -0.034596 0.041675 0.085769 -0.017001 -0.179601 0.261757 0.400642 0.134735 0.090962 0.046114 -0.012108 0.047945 0.356938 0.153053 0.129922 0.082948 0.213603 0.077976 -0.022856 0.228421 0.139045 0.091111 0.143377 0.163854 0.168815 -0.137055 -0.180893 -0.246855 -0.297597 -0.241529 -0.402335 -0.180658 -0.209872 -0.512640 -0.049047 -0.133660 -0.138498 0.138720 -0.016012 -0.033923 -0.184053 0.002942 0.087542 0.142186 0.091213 -0.021315 0.121429 0.085769 0.177198 0.032838 -0.160604 -0.288170 -0.126296 0.112228 0.044027 0.287613 0.111619 0.192428 -0.020424 0.216161 0.114930 -0.072039 0.070932 -0.183939 -0.183136 0.246090 0.385792 0.000283 0.247774 0.114247 0.229740 0.428868 0.264540 -0.364412 -0.459127 -0.089237 -0.357877 0.054357 0.055890 -0.197369 -0.151755 -0.326294 -0.308356 0.183602 0.057650 0.105151 -0.198396 -0.292060 -0.379415 0.159096 -0.149305 -0.137543 -0.118332 -0.229571 -0.356790 -0.327990 -0.187434 -0.209882 -0.312661
0.081038 0.134057 0.366767 -0.157843 1.000000 0.660251 0.267065 -0.065416 0.551696 0.281685 0.298659 0.089549 0.260273 -0.001154 0.445834 0.249797 -0.247529 -0.322376 0.270123 0.292510 0.383752 0.461921 -0.092449 -0.143816 0.449331 0.238947 0.524059 0.211562 -0.349400 -0.429527 -0.118514 -0.123513 -0.430945 -0.274131 -0.279989 -0.048122 -0.271731 -0.097391 -0.207132 -0.005610 -0.074612 -0.078692 -0.195276 -0.273327 -0.189185 0.008347 -0.246434 -0.101911 0.139654 0.116135 0.360830 -0.007383 -0.025842 -0.116945 -0.276115 -0.559154 -0.215354 -0.188048 -0.102470 0.073082 -0.050531 0.060902 -0.096548 -0.124687 0.115084 0.010000 -0.097983 0.279033 0.058275 0.163384 0.034133 -0.014044 -0.255395 -0.269297 -0.352549 0.124610 -0.234325 -0.149257 -0.316535 -0.464910 -0.208912 -0.295185 -0.020810 0.243783 -0.028073 -0.346229 -0.044190 -0.425416 0.140278 -0.346215 0.245576 0.345325 0.296181 0.293513 0.067380 -0.141890 -0.044031 -0.186206 0.091396 -0.151423 -0.310710 -0.026188 0.032661 0.015078 0.071079 -0.144539 -0.040893 0.158760 -0.219364 -0.105320 0.078299 -0.057122 0.023340 -0.138677 -0.020417 -0.159669
-0.115512 0.141811 0.074036 -0.092468 0.660251 1.000000 0.041483 -0.014838 0.279486 0.444278 0.282119 0.220759 0.174445 0.189332 0.272025 0.249617 -0.040456 -0.044224 -0.020505 0.125327 0.391065 0.506159 -0.025548 0.021863 0.510806 0.349500 0.578773 0.341979 -0.352938 -0.145674 -0.081169 0.006107 -0.145163 -0.070533 -0.105548 0.033434 -0.300116 -0.182680 -0.207221 -0.007083 -0.239559 -0.184528 -0.051043 -0.171731 -0.140237 -0.078248 -0.227102 -0.200800 0.111199 0.171907 0.338707 0.141732 0.111949 0.000323 -0.263348 -0.347063 -0.293348 -0.124694 -0.138723 0.086790 -0.071960 0.179330 -0.083339 0.020420 0.012098 0.203736 -0.101970 0.139355 -0.031101 0.111606 0.060945 0.107074 -0.290240 0.039984 -0.198948 0.177041 -0.149855 -0.172359 -0.244592 -0.321861 -0.289032 -0.175571 -0.170320 0.097757 0.000396 -0.240196 0.077753 -0.228669 0.013331 -0.245999 0.146065 0.162561 0.194780 0.080711 -0.138499 -0.094796 -0.193427 -0.228625 -0.129463 -0.207774 -0.273601 -0.184584 -0.089415 -0.068048 0.140064 -0.029604 0.013637 0.037931 -0.217811 -0.296509 -0.043592 -0.051836 0.148767 -0.007697 0.009744 -0.195383
0.238187 -0.144725 0.663722 0.295521 0.267065 0.041483 1.000000 0.230936 0.426108 0.110141 0.122788 -0.057286 0.502955 -0.102803 0.486478 0.267981 -0.292796 -0.339810 0.632839 0.035491 -0.028756 -0.144104 0.582546 0.114206 0.106158 0.143293 0.056673 -0.018264 0.245925 -0.074583 0.240724 0.128825 -0.173237 -0.070012 -0.195517 -0.110228 -0.129321 -0.088811 -0.116910 -0.162356 -0.147386 -0.059018 -0.121391 -0.364136 -0.223624 -0.327589 -0.261042 -0.296252 -0.018087 -0.102188 0.061167 -0.124416 -0.125241 -0.035319 -0.122092 -0.240004 0.025841 -0.004020 -0.243506 -0.271935 -0.180247 -0.315106 -0.033319 -0.253219 0.448420 -0.145248 -0.306363 -0.271617 -0.395763 -0.224268 0.068641 -0.057669 0.228842 0.048596 0.056363 0.042379 0.165258 0.093298 -0.101145 -0.100878 -0.176775 -0.170312 0.438513 0.340185 0.290409 0.029975 0.348988 -0.199543 0.312397 -0.201134 -0.036482 0.131871 -0.018978 0.245761 -0.043631 0.221627 -0.286547 0.046724 -0.118437 -0.004989 -0.325894 0.042050 0.055738 -0.163595 -0.304736 0.022897 -0.226215 0.012060 0.020343 0.031660 -0.107189 0.175290 -0.160155 0.081685 0.130290 -0.096887
-0.265433 0.019781 0.058174 0.664423 -0.065416 -0.014838 0.230936 1.000000 0.116730 0.385443 -0.054400 0.445272 0.203152 0.424434 0.005144 0.271628 -0.346839 -0.173126 -0.220024 -0.031963 -0.057775 -0.109543 0.039756 0.264326 -0.026794 0.210731 -0.063243 -0.085551 -0.065266 0.159879 0.140012 0.208782 -0.127242 0.178769 0.196036 0.187007 -0.023269 0.226802 0.058531 0.100644 0.091553 0.191268 -0.183255 -0.074524 -0.115807 0.108435 -0.301709 -0.292312 -0.202910 -0.197878 -0.264621 -0.039953 -0.151132 -0.220600 -0.102950 -0.172179 -0.290259 -0.501034 -0.197875 0.002309 0.256964 0.261540 -0.110267 -0.110925 0.219959 0.579023 -0.086461 0.119737 -0.406982 -0.075108 0.081468 0.212217 0.045280 -0.015577 -0.042727 0.182536 0.050225 0.106203 -0.162871 -0.122603 -0.225560 -0.342613 0.038182 0.228337 -0.124074 0.133124 -0.053579 0.026154 0.108659 -0.128843 -0.251489 -0.337763 0.181599 -0.143132 0.080485 0.061814 -0.408355 -0.062443 -0.461114 -0.326016 0.165645 -0.038625 -0.052149 -0.207295 -0.202868 -0.172875 0.086415 -0.305234 0.186375 0.015044 -0.139671 -0.324776 -0.144264 -0.128181 0.011570 -0.052013
0.131210 -0.189476 0.533905 -0.075607 0.551696 0.279486 0.426108 0.116730 1.000000 0.210089 0.375727 0.238668 0.162055 -0.030954 0.506758 0.231285 -0.038277 -0.221364 0.305297 0.060936 0.070442 0.089562 0.167515 0.174331 0.167424 0.257605 0.124966 0.078779 0.140777 -0.316217 0.310069 0.243783 -0.325180 -0.127800 0.038316 0.239930 -0.240158 0.014233 -0.187651 -0.214314 -0.151649 -0.027639 -0.519733 -0.386855 -0.492797 -0.090345 -0.564663 -0.259945 -0.283006 -0.225408 0.114741 -0.290571 -0.312780 -0.065192 -0.426853 -0.565868 -0.050003 -0.195050 -0.246619 -0.257422 0.153860 -0.123568 -0.184723 -0.231036 0.580563 0.267150 -0.249252 0.041094 -0.200862 -0.248820 0.046671 0.142062 0.074829 -0.130351 -0.140610 0.199408 0.027656 0.144548 -0.042609 -0.270583 -0.151194 -0.235446 0.255209 0.323131 0.163023 -0.068718 0.036766 -0.186485 0.134564 -0.338904 0.033070 0.259758 0.298243 0.363017 0.059035 -0.061401 -0.400639 -0.019415 -0.360133 -0.079106 -0.249581 -0.170762 -0.177561 -0.125385 -0.294569 0.059749 -0.195181 0.040487 -0.061648 0.053539 0.225942 0.127211 -0.063581 0.050964 0.060131 -0.091954
-0.355751 0.179029 -0.053639 0.178403 0.281685 0.444278 0.110141 0.385443 0.210089 1.000000 0.077177 0.219999 0.380915 0.449874 -0.084871 -0.015271 -0.328738 -0.156868 -0.189906 0.293327 -0.343242 -0.180804 -0.305429 -0.015566 0.333458 0.081020 -0.203356 -0.411154 -0.381888 -0.118057 -0.331636 -0.271970 -0.146228 -0.163901 -0.056141 0.076076 -0.104907 0.272732 -0.005208 0.227719 0.056003 0.109593 -0.049054 -0.160195 -0.108918 0.017355 -0.155730 -0.014496 0.161461 0.109639 0.122136 0.104619 0.043545 -0.304924 -0.082328 -0.271599 -0.502865 -0.474917 -0.019742 0.214714 -0.043026 0.309640 -0.308593 -0.085129 -0.134466 0.336619 0.059055 0.221703 0.015261 0.259929 -0.298499 -0.096214 -0.300334 -0.232697 -0.410877 0.032966 -0.105702 -0.122802 -0.374169 -0.306847 -0.388133 -0.431951 0.025539 0.251173 -0.450895 -0.293753 0.068283 -0.398299 -0.004232 -0.098504 0.301314 0.250419 0.487624 0.291618 0.225355 0.043295 -0.219172 0.039122 -0.038958 -0.227841 0.235777 0.330675 0.452947 0.125596 0.207878 -0.023015 0.079602 -0.047061 -0.040380 0.171976 0.057463 -0.210229 0.036670 -0.086492 0.046754 0.072305
0.238092 0.080151 0.238084 -0.291474 0.298659 0.282119 0.122788 -0.054400 0.375727 0.077177 1.000000 0.488342 0.377011 0.357446 0.289487 0.159691 0.172253 0.104030 0.061555 -0.146767 0.295203 0.299481 -0.004530 -0.345422 -0.000337 0.168338 0.217208 0.138201 0.164768 -0.001170 0.214878 0.150850 0.000280 0.163461 -0.063197 -0.075027 -0.156844 -0.247104 -0.149006 -0.370949 -0.009817 0.044884 -0.026807 -0.096783 -0.027393 -0.105012 -0.171042 -0.220962 0.046068 0.051479 0.299623 0.206177 -0.027130 0.208450 -0.386911 -0.282446 -0.258241 -0.269323 0.042106 0.055023 0.295956 0.271180 0.214721 0.109471 0.237681 0.253291 0.060744 -0.040290 -0.166616 -0.190330 0.155927 -0.019894 0.164557 0.127635 0.062276 0.245124 -0.027613 -0.158434 0.112599 -0.062073 0.101964 0.119301 -0.033373 0.017130 0.193129 -0.113745 -0.031665 -0.221270 -0.261912 -0.428377 -0.088729 0.036291 -0.142162 0.034977 -0.239132 0.159763 -0.367723 -0.091785 -0.160870 -0.033191 -0.312554 -0.246725 -0.347934 -0.274382 -0.081904 0.008624 -0.244245 0.020198 0.122643 -0.269207 -0.152505 0.182373 0.227637 0.084595 0.084451 0.040993
-0.172440 0.177715 -0.072657 0.189205 0.089549 0.220759 -0.057286 0.445272 0.238668 0.219999 0.488342 1.000000 0.200564 0.577618 0.209690 0.471437 0.024704 0.155630 -0.253360 -0.219055 0.185124 0.258154 0.013258 0.017778 0.088938 0.333790 0.183722 0.239857 0.032897 0.402741 0.321122 0.385799 0.117112 0.377699 0.106095 0.019232 -0.030128 0.083933 0.015472 -0.198152 0.157760 0.298569 -0.109837 -0.051256 -0.030046 0.036337 -0.274403 -0.330923 -0.088449 -0.009618 -0.077823 0.141850 -0.084728 0.111205 -0.252605 -0.187281 -0.499289 -0.443901 -0.068613 0.053601 0.243101 0.402602 0.014538 0.100243 0.207909 0.602210 -0.016486 -0.037484 -0.251118 -0.280756 0.230933 0.148495 0.182021 0.296991 0.162429 0.455574 0.205081 0.117776 -0.007250 0.019215 0.025887 0.041875 0.019375 0.306619 0.210167 0.201273 -0.113383 0.008801 -0.122344 -0.298213 -0.292825 -0.417105 -0.082209 -0.365817 -0.238901 0.117072 -0.502417 -0.213231 -0.547978 -0.360560 -0.201495 -0.473744 -0.366888 -0.511056 -0.213610 -0.224156 -0.027789 -0.277469 0.131287 -0.325794 -0.256004 -0.133626 0.061387 0.024580 -0.070002 -0.024765
0.006981 -0.045117 0.207066 0.043131 0.260273 0.174445 0.502955 0.203152 0.162055 0.380915 0.377011 0.200564 1.000000 0.300281 0.157487 0.113185 -0.201297 -0.199197 0.172704 -0.092229 -0.125918 -0.033618 0.102212 -0.161208 0.169548 0.067473 0.060105 -0.123496 -0.072869 -0.071539 -0.074868 -0.109074 -0.159948 -0.113365 -0.186761 -0.107633 -0.044527 0.003016 0.080588 0.002394 0.003705 0.126348 0.016122 -0.251787 0.055439 -0.116796 -0.075289 -0.173266 0.191630 0.047929 0.307562 0.179701 0.136761 -0.105274 0.060257 -0.137503 -0.190484 -0.235042 0.117268 0.118309 0.055030 0.079642 -0.011519 -0.087490 0.042343 0.079488 0.013938 -0.018257 -0.219955 -0.031325 -0.214995 -0.162918 -0.111490 -0.207778 -0.277146 -0.045448 -0.084822 -0.152209 -0.166318 -0.239739 -0.095761 -0.167383 0.058335 -0.004584 0.011528 -0.076864 -0.004480 -0.405413 -0.017499 -0.272077 0.032123 0.095207 0.052030 0.187207 -0.108642 0.161182 -0.181832 -0.036374 0.030286 -0.039815 -0.120323 0.115147 0.074031 0.015342 0.121735 0.104672 -0.039560 -0.012174 0.153975 0.001806 -0.155584 -0.066844 -0.070575 -0.093411 0.202516 0.128300
-0.317595 0.167543 -0.155113 -0.026840 -0.001154 0.189332 -0.102803 0.424434 -0.030954 0.449874 0.357446 0.577618 0.300281 1.000000 -0.085420 0.122469 -0.205386 0.183327 -0.346046 -0.010739 0.038228 -0.023480 -0.226599 -0.163698 -0.049304 0.115882 -0.122998 -0.154295 -0.292168 0.158639 -0.052958 0.036917 0.034509 0.291193 -0.024864 -0.046934 -0.164293 -0.022670 -0.197603 -0.084850 -0.065282 0.018975 0.071405 0.063066 0.272000 0.327186 -0.045842 -0.018733 0.290627 0.364285 0.282189 0.446742 0.162276 0.048383 -0.338361 -0.167873 -0.557418 -0.546820 0.075603 0.305805 0.161916 0.581455 0.040361 0.035738 -0.013701 0.553009 0.088060 0.246420 -0.063510 0.128946 -0.078410 0.051682 -0.154130 0.021637 -0.061797 0.252488 -0.053589 -0.105011 -0.200038 -0.191312 -0.148996 -0.223638 -0.233487 -0.005377 -0.139548 -0.147295 -0.149977 -0.225928 -0.346953 -0.282827 0.105164 -0.150830 0.118195 -0.074477 -0.087380 0.046635 -0.356840 -0.180796 -0.179435 -0.290883 0.001000 -0.161019 -0.088132 -0.223136 -0.035284 -0.126976 -0.010691 -0.103253 0.133405 -0.069023 -0.176859 -0.059665 0.153679 -0.099975 -0.022146 0.100143
0.204803 -0.241196 0.411505 0.071399 0.445834 0.272025 0.486478 0.005144 0.506758 -0.084871 0.289487 0.209690 0.157487 -0.085420 1.000000 0.587223 -0.053513 -0.265267 0.445398 -0.221557 0.444960 0.454720 0.561697 0.291410 0.308393 0.493788 0.519555 0.562002 0.262719 0.042189 0.487368 0.450904 -0.180817 -0.030729 0.015197 0.102204 -0.044388 0.047174 0.107371 -0.210089 0.077565 0.218731 -0.130691 -0.183404 -0.285046 -0.246043 -0.172626 -0.454892 -0.331224 -0.270599 -0.021860 -0.331204 -0.240116 0.252564 -0.018108 -0.130376 0.043474 0.058173 -0.374946 -0.471392 -0.072871 -0.310423 -0.301327 -0.379833 0.576673 0.159292 -0.539666 -0.383205 -0.333654 -0.491331 0.137068 0.176198 0.197536 0.139230 0.123565 0.235285 0.098715 0.119811 -0.005330 -0.148555 -0.168669 -0.105196 0.556804 0.471531 0.635263 0.277318 0.361026 0.158195 0.418552 -0.172543 -0.240620 -0.034148 -0.046522 -0.011758 -0.056725 0.094875 -0.165183 -0.148220 -0.264399 0.029794 -0.434499 -0.428633 -0.266993 -0.388034 -0.282744 -0.162218 -0.217440 -0.051050 -0.105940 -0.268877 -0.186602 0.085327 -0.022405 0.225815 0.004501 -0.191380
0.064946 0.210182 0.181278 0.328890 0.249797 0.249617 0.267981 0.271628 0.231285 -0.015271 0.159691 0.471437 0.113185 0.122469 0.587223 1.000000 -0.086645 -0.061745 0.239977 -0.002696 0.421067 0.285994 0.209771 0.279162 0.190327 0.367462 0.431375 0.474659 0.041419 0.223611 0.259795 0.295531 0.107644 0.268959 -0.148047 -0.107878 0.070701 0.197625 0.059277 0.046832 0.207068 0.344460 -0.193943 -0.157600 -0.201105 -0.209579 -0.334883 -0.469273 -0.176214 -0.081603 -0.229456 -0.009839 -0.123969 0.179098 -0.058665 -0.135653 -0.100161 -0.040038 -0.228972 -0.095183 0.013611 0.039987 -0.025906 -0.046096 0.333658 0.237497 -0.298449 -0.229836 -0.088800 -0.340465 0.038437 0.001542 0.199898 0.189934 0.168180 0.182384 0.091882 0.032508 -0.109609 -0.006262 0.145364 0.097230 0.304946 0.619142 0.431175 0.313242 0.258822 0.119153 0.302110 0.089687 -0.325068 -0.358081 -0.156915 -0.445342 -0.059960 -0.211282 -0.246559 -0.376001 -0.348481 -0.342186 -0.312170 -0.519807 -0.266677 -0.535864 -0.312237 -0.517942 0.036380 -0.111075 -0.235103 -0.310555 -0.339328 -0.278327 -0.217633 -0.148206 -0.259904 -0.378067
0.475156 0.129355 -0.339882 -0.227045 -0.247529 -0.040456 -0.292796 -0.346839 -0.038277 -0.328738 0.172253 0.024704 -0.201297 -0.205386 -0.053513 -0.086645 1.000000 0.634761 0.013879 -0.085817 0.081364 0.103260 -0.072905 -0.157953 -0.210631 -0.270841 0.143323 0.059964 0.341182 0.342073 0.086631 0.024259 0.418365 0.264789 0.058712 -0.067525 0.067051 -0.246220 -0.140704 -0.334133 -0.128034 -0.100052 0.022801 0.020045 0.000727 -0.255851 0.031069 -0.006693 -0.019472 -0.004222 -0.209447 0.075550 0.080536 0.162177 -0.008769 0.117339 0.511520 0.511009 0.293718 0.037860 0.228747 0.091622 0.350735 0.445416 -0.078314 -0.156785 0.166160 -0.430757 0.171681 -0.148654 0.215063 -0.068926 0.189875 0.304650 0.180290 -0.054377 0.219615 0.119423 0.514760 0.560873 0.492872 0.687876 -0.308267 -0.385488 0.138994 -0.132593 -0.242568 0.070107 -0.171019 -0.047697 -0.219323 -0.169723 -0.383672 -0.289894 -0.278727 0.123521 0.006369 0.176780 -0.067394 0.395815 -0.206344 -0.192690 -0.480983 0.002785 -0.014346 0.096294 0.138163 0.029068 -0.024689 -0.266193 0.025164 0.328713 0.112879 0.194903 0.085187 0.018051
0.404535 0.338578 -0.370624 -0.034596 -0.322376 -0.044224 -0.339810 -0.173126 -0.221364 -0.156868 0.104030 0.155630 -0.199197 0.183327 -0.265267 -0.061745 0.634761 1.000000 -0.082739 -0.040561 -0.006059 -0.059131 -0.198461 -0.210546 -0.216334 -0.314969 -0.019277 -0.080161 0.155998 0.518454 -0.015941 -0.063709 0.422316 0.408244 -0.060316 -0.236621 0.017522 -0.356234 -0.201997 -0.237751 -0.143531 -0.253639 0.088302 0.077116 0.066521 -0.187198 0.069047 -0.038324 0.241740 0.294350 -0.066426 0.464907 0.279673 0.193900 -0.082647 0.105195 0.309274 0.252887 0.518961 0.329229 0.364466 0.476703 0.466826 0.685523 -0.188462 -0.014162 0.268746 -0.326674 0.134382 -0.042736 0.199457 -0.170812 0.306435 0.288462 0.347551 -0.060342 0.355638 0.020578 0.452085 0.469186 0.283348 0.493896 -0.442347 -0.354927 -0.042805 -0.147557 -0.288770 0.121370 -0.290720 0.135295 -0.149891 -0.370701 -0.466700 -0.461825 -0.305836 0.108625 -0.062521 0.027412 -0.021257 0.225095 -0.076813 -0.090422 -0.342871 -0.027222 -0.078339 -0.042480 0.135662 0.013102 -0.164630 -0.209380 -0.134753 0.283091 0.090871 0.043448 -0.060179 -0.043768
0.537650 0.070867 0.629021 0.041675 0.270123 -0.020505 0.632839 -0.220024 0.305297 -0.189906 0.061555 -0.253360 0.172704 -0.346046 0.445398 0.239977 0.013879 -0.082739 1.000000 0.215649 -0.005145 -0.135336 0.424496 -0.090675 0.009941 -0.022866 0.105921 0.043558 0.250879 -0.167561 0.133012 -0.009150 0.071399 0.091266 -0.176360 -0.164570 -0.030974 -0.198617 -0.209116 -0.193951 -0.048679 -0.066806 -0.119747 -0.279575 -0.278730 -0.375268 -0.177836 -0.120260 -0.023334 -0.107380 -0.019700 -0.096975 -0.003768 0.090236 -0.044730 -0.217450 0.320806 0.353453 -0.026727 -0.200598 -0.176633 -0.313416 0.054548 -0.031812 0.335234 -0.433357 -0.152585 -0.315340 0.042497 -0.116779 -0.006859 -0.237377 0.226005 0.099485 0.212194 -0.040146 0.233991 -0.047538 0.045275 0.191788 0.211023 0.193427 0.428635 0.209111 0.343975 -0.073368 0.242534 -0.116876 0.272229 0.007012 0.016081 0.188662 -0.334377 0.059295 -0.116688 -0.013909 -0.059616 -0.064130 0.032456 0.171059 -0.398618 0.011546 0.043222 -0.130614 -0.372268 -0.223401 -0.261518 0.139308 -0.181492 0.004490 -0.025721 0.182436 -0.254371 -0.069547 -0.138621 -0.304664
0.223417 0.680163 0.118376 0.085769 0.292510 0.125327 0.035491 -0.031963 0.060936 0.293327 -0.146767 -0.219055 -0.092229 -0.010739 -0.221557 -0.002696 -0.085817 -0.040561 0.215649 1.000000 -0.087916 -0.207362 -0.424868 -0.170430 -0.085512 -0.480461 -0.026733 -0.386304 -0.415100 -0.330399 -0.602131 -0.647608 0.016531 0.007650 -0.555897 -0.318100 -0.097503 -0.011202 -0.427980 0.159121 -0.149236 -0.113046 -0.203116 -0.299797 -0.219523 -0.065401 -0.178312 0.320745 0.345710 0.287804 -0.008990 0.184596 -0.033556 -0.381065 -0.275220 -0.506379 -0.153000 -0.060956 0.196144 0.457206 -0.127905 0.298922 0.169431 0.231815 -0.457085 -0.200706 0.357772 0.382973 0.563263 0.763239 -0.294156 -0.473028 -0.358446 -0.391432 -0.315227 -0.334107 -0.249910 -0.259740 -0.454953 -0.108527 0.148386 -0.057111 -0.135725 0.181341 -0.507677 -0.620928 0.032623 -0.570361 0.022187 0.026912 0.569572 0.408354 0.146920 0.165571 0.419550 -0.433872 0.121238 -0.064294 0.297967 -0.292977 0.004803 0.407392 0.350434 0.207960 -0.030305 -0.396081 0.196655 0.318789 -0.430879 0.130341 0.261852 -0.316894 -0.329782 -0.506509 -0.302681 -0.325050
0.201348 0.057076 0.162446 -0.017001 0.383752 0.391065 -0.028756 -0.057775 0.070442 -0.343242 0.295203 0.185124 -0.125918 0.038228 0.444960 0.421067 0.081364 -0.006059 -0.005145 -0.087916 1.000000 0.770517 0.135812 0.067297 0.172875 0.344154 0.757174 0.694597 -0.127088 0.092454 0.213127 0.233608 -0.063182 0.042066 -0.025300 -0.063964 -0.184899 -0.281859 -0.262371 -0.191622 -0.177376 -0.015055 0.066119 0.059997 0.012604 -0.111307 0.007694 -0.214615 -0.011742 0.033636 0.137832 0.063539 -0.046822 0.205623 -0.247211 -0.211301 -0.018134 -0.032126 -0.167147 -0.002204 0.107381 0.082087 0.213763 0.012057 0.187939 0.107987 -0.086716 -0.071153 -0.025744 -0.155369 0.381942 0.197885 -0.020191 0.195863 0.128683 0.133412 -0.164755 -0.063165 0.009127 -0.117807 -0.011074 0.017264 -0.146146 0.052975 0.320518 0.044229 -0.083152 0.122386 0.115996 -0.230245 -0.212683 -0.204193 -0.065853 -0.191876 -0.074237 -0.118321 0.051792 -0.264679 -0.054595 -0.120621 -0.261429 -0.438818 -0.437190 -0.203671 -0.063756 -0.192813 0.133897 0.082178 -0.106910 -0.367303 -0.179681 0.067566 0.188829 0.087410 -0.095487 -0.218973
0.068545 -0.097510 0.014441 -0.179601 0.461921 0.506159 -0.144104 -0.109543 0.089562 -0.180804 0.299481 0.258154 -0.033618 -0.023480 0.454720 0.285994 0.103260 -0.059131 -0.135336 -0.207362 0.770517 1.000000 0.119412 0.065172 0.274640 0.437119 0.789747 0.723835 -0.167320 0.005062 0.201599 0.249021 -0.167031 -0.138752 0.014255 0.018967 -0.308101 -0.131489 0.008535 -0.176197 -0.104416 0.128168 0.127849 0.118924 -0.030910 -0.005546 0.061722 -0.194107 -0.151335 -0.063085 0.142228 -0.094960 -0.061167 0.172421 -0.152139 -0.183820 -0.077512 -0.009598 -0.228128 -0.136768 0.036930 0.025495 -0.015580 -0.087869 0.099442 0.151637 -0.198228 -0.028115 -0.168297 -0.134485 0.394156 0.314513 -0.101759 0.174612 0.016964 0.232985 -0.143972 -0.050296 0.011380 -0.240675 -0.182631 -0.044101 -0.117478 0.012231 0.271888 0.080530 -0.085646 0.154929 -0.018338 -0.341466 -0.151602 -0.063070 0.035589 -0.151161 -0.095359 -0.041656 0.059434 -0.143890 -0.042103 0.004182 -0.261060 -0.438451 -0.395082 -0.140308 0.191042 0.011423 0.099598 -0.072900 0.006006 -0.372014 -0.137404 0.043552 0.322287 0.243524 0.083674 -0.021301
0.088415 -0.515897 0.526636 0.261757 -0.092449 -0.025548 0.582546 0.039756 0.167515 -0.305429 -0.004530 0.013258 0.102212 -0.226599 0.561697 0.209771 -0.072905 -0.198461 0.424496 -0.424868 0.135812 0.119412 1.000000 0.498725 0.263873 0.483649 0.176478 0.466246 0.483461 0.136320 0.672831 0.653936 0.076206 0.158458 0.263908 0.247945 0.062380 -0.074787 0.137539 -0.203791 -0.023699 0.056176 -0.007592 -0.126757 -0.184341 -0.300324 -0.128174 -0.385921 -0.414312 -0.413985 -0.116007 -0.432928 -0.314174 0.157732 0.041403 0.161287 0.179239 0.257688 -0.417874 -0.651320 -0.149462 -0.590391 -0.256553 -0.337822 0.581691 -0.035444 -0.476074 -0.471422 -0.596582 -0.601535 0.317729 0.354239 0.398002 0.352402 0.373299 0.306638 0.363815 0.326656 0.185968 0.110694 -0.281386 -0.030387 0.570093 0.212487 0.638914 0.447481 0.407587 0.348917 0.329487 -0.066396 -0.443444 -0.239050 -0.296132 -0.086253 -0.145213 0.327704 -0.135573 0.058440 -0.458901 0.034614 -0.384443 -0.395394 -0.239778 -0.422329 -0.467299 0.051377 -0.396058 -0.227671 0.073768 -0.089587 -0.027613 0.248602 -0.077675 0.279822 0.010588 -0.203510
-0.290740 -0.447109 0.184732 0.400642 -0.143816 0.021863 0.114206 0.264326 0.174331 -0.015566 -0.345422 0.017778 -0.161208 -0.163698 0.291410 0.279162 -0.157953 -0.210546 -0.090675 -0.170430 0.067297 0.065172 0.498725 1.000000 0.337017 0.482010 0.086236 0.341564 0.258405 0.041133 0.438366 0.544189 -0.173317 -0.035903 0.415477 0.445044 0.056182 0.300332 0.262771 0.120801 0.131807 0.276155 -0.207819 -0.111045 -0.288380 -0.170958 -0.227109 -0.292632 -0.551773 -0.509466 -0.299191 -0.519597 -0.491294 -0.132777 0.002014 0.055823 0.070877 -0.067251 -0.429101 -0.505776 -0.010281 -0.437891 -0.401757 -0.363427 0.349513 0.225793 -0.377281 -0.167186 -0.343228 -0.361130 0.057211 0.468167 0.163243 0.068320 0.137974 0.170313 0.005574 0.286691 0.033688 -0.106254 -0.438377 -0.300800 0.353846 0.395116 0.227203 0.411778 0.228460 0.360786 0.200157 0.060949 -0.309263 -0.193672 0.177683 -0.065254 0.202903 -0.064353 -0.104140 -0.009254 -0.488918 -0.185467 -0.007446 -0.285059 -0.128885 -0.142424 -0.222925 -0.032433 -0.147204 -0.320997 -0.144027 0.011137 0.183817 -0.154144 -0.162776 0.001708 -0.188566 -0.303433
-0.224603 -0.174224 0.179593 0.134735 0.449331 0.510806 0.106158 -0.026794 0.167424 0.333458 -0.000337 0.088938 0.169548 -0.049304 0.308393 0.190327 -0.210631 -0.216334 0.009941 -0.085512 0.172875 0.274640 0.263873 0.337017 1.000000 0.616214 0.283958 0.336274 -0.093508 -0.005837 0.168349 0.273218 -0.060744 -0.085317 0.216689 0.394688 0.099091 0.158622 0.162840 0.077548 0.178557 0.162481 0.003807 -0.074830 -0.048384 -0.081106 -0.071450 -0.274081 -0.167298 -0.210322 0.018907 -0.288288 -0.150489 -0.059686 -0.003127 -0.040520 -0.119481 -0.040527 -0.254633 -0.262785 -0.046301 -0.227024 -0.370659 -0.201392 0.134483 0.102717 -0.204180 -0.038016 -0.159723 -0.182778 0.152400 0.236459 0.045593 0.002107 -0.183165 0.369021 -0.026018 0.128454 -0.069331 -0.229523 -0.475714 -0.324439 0.234379 0.316018 0.094346 0.075981 0.080946 0.044917 0.204291 -0.038389 -0.183213 -0.092566 0.085741 -0.018363 0.057968 0.082570 0.046750 -0.106799 -0.161932 -0.156072 -0.060060 -0.119054 0.149701 -0.138814 -0.008807 -0.127876 -0.163149 -0.209119 -0.146292 -0.105000 0.123178 -0.029351 0.043915 -0.047474 -0.129616 -0.149971
-0.394994 -0.501810 0.312328 0.090962 0.238947 0.349500 0.143293 0.210731 0.257605 0.081020 0.168338 0.333790 0.067473 0.115882 0.493788 0.367462 -0.270841 -0.314969 -0.022866 -0.480461 0.344154 0.437119 0.483649 0.482010 0.616214 1.000000 0.279483 0.620344 0.208912 -0.022348 0.668794 0.791973 -0.115878 0.074119 0.523550 0.589466 -0.031396 0.223852 0.282257 -0.064229 0.231413 0.320514 -0.160873 -0.029772 -0.177391 0.046428 -0.245374 -0.511319 -0.557847 -0.437434 -0.063415 -0.462816 -0.373402 0.100604 -0.149230 -0.050841 -0.221941 -0.175387 -0.616558 -0.554905 0.039675 -0.268330 -0.420933 -0.429107 0.636318 0.428060 -0.525587 -0.020973 -0.504546 -0.552050 0.240684 0.498386 0.204847 0.227240 0.101247 0.562859 0.100223 0.250712 0.028195 -0.182337 -0.419186 -0.294039 0.389450 0.339186 0.519389 0.495923 0.066199 0.327101 0.096193 -0.249366 -0.456552 -0.255985 0.074304 -0.096778 -0.068366 0.116240 -0.282974 -0.165013 -0.534152 -0.178122 -0.196770 -0.525646 -0.252821 -0.431941 -0.198728 -0.065467 -0.326446 -0.486473 0.140179 -0.175432 -0.032413 0.027445 0.157436 0.134845 -0.085591 -0.070450
0.268003 0.102100 0.067466 0.046114 0.524059 0.578773 0.056673 -0.063243 0.124966 -0.203356 0.217208 0.183722 0.060105 -0.122998 0.519555 0.431375 0.143323 -0.019277 0.105921 -0.026733 0.757174 0.789747 0.176478 0.086236 0.283958 0.279483 1.000000 0.739183 -0.148166 0.036528 0.117388 0.117682 -0.139052 -0.031023 -0.200465 -0.134691 -0.160940 -0.293063 -0.078392 -0.064748 -0.196406 0.004510 0.007148 -0.081645 -0.108490 -0.236193 -0.086417 -0.305510 -0.093671 -0.015514 0.122491 0.002238 -0.045935 0.105296 -0.133539 -0.172217 0.058704 0.129063 -0.139643 -0.028928 -0.051417 0.031810 0.058074 0.039675 0.042624 0.014437 -0.155093 -0.143259 -0.053591 -0.084561 0.328641 0.120039 -0.063711 0.172051 0.100815 0.112398 -0.109212 -0.093896 -0.097239 -0.178859 -0.055436 0.002513 -0.082418 0.026859 0.314215 -0.060266 0.002521 0.100146 0.190831 -0.246262 -0.113972 -0.059452 -0.111014 -0.212678 -0.186970 -0.139503 0.057024 -0.239414 -0.021752 0.019475 -0.398882 -0.382180 -0.375775 -0.117857 0.079015 -0.127729 0.159369 0.000501 -0.069249 -0.425860 -0.178230 -0.025472 0.107679 0.086038 0.011414 -0.254237
0.020355 -0.244709 0.156982 -0.012108 0.211562 0.341979 -0.018264 -0.085551 0.078779 -0.411154 0.138201 0.239857 -0.123496 -0.154295 0.562002 0.474659 0.059964 -0.080161 0.043558 -0.386304 0.694597 0.723835 0.466246 0.341564 0.336274 0.620344 0.739183 1.000000 0.114541 0.091656 0.536526 0.577397 0.040012 0.155297 0.185417 0.193837 0.035864 -0.084205 0.217932 -0.009056 0.029272 0.203698 -0.028833 0.073305 -0.106923 -0.106707 -0.074535 -0.376194 -0.400786 -0.271308 -0.014878 -0.267092 -0.288132 0.197408 -0.001701 0.123598 0.055057 0.162385 -0.409068 -0.401339 -0.010504 -0.238684 -0.101941 -0.143943 0.360918 0.167298 -0.388415 -0.215827 -0.278764 -0.457918 0.326998 0.243506 0.143950 0.280303 0.303093 0.265652 0.019948 0.089898 0.029208 -0.056877 -0.081341 -0.003879 0.232275 0.096907 0.641864 0.385450 0.181363 0.439523 0.233947 -0.119688 -0.465616 -0.336451 -0.267027 -0.358463 -0.132496 -0.086694 0.069244 -0.277412 -0.308460 -0.110389 -0.372194 -0.679871 -0.520050 -0.406268 -0.172882 -0.165926 -0.089886 -0.246060 -0.031266 -0.317833 -0.099679 -0.038035 0.018994 0.126952 -0.159769 -0.331766
0.195493 -0.325423 0.204343 0.047945 -0.349400 -0.352938 0.245925 -0.065266 0.140777 -0.381888 0.164768 0.032897 -0.072869 -0.292168 0.262719 0.041419 0.341182 0.155998 0.250879 -0.415100 -0.127088 -0.167320 0.483461 0.258405 -0.093508 0.208912 -0.148166 0.114541 1.000000 0.277413 0.645009 0.595697 0.196562 0.226002 0.364672 0.193965 0.213828 0.070385 0.272058 -0.338429 0.328248 0.188387 -0.222698 -0.234697 -0.284385 -0.386822 -0.185377 -0.477490 -0.499696 -0.481358 -0.340205 -0.364186 -0.273196 0.131874 0.036463 0.227819 0.310035 0.262269 -0.152891 -0.523492 0.230109 -0.314459 -0.042197 -0.031883 0.474284 0.006522 -0.147478 -0.519023 -0.339316 -0.590954 0.217753 0.227043 0.743836 0.315348 0.381873 0.162154 0.396625 0.313323 0.561639 0.357440 0.133989 0.321624 0.414243 0.140890 0.446775 0.370075 0.124627 0.249881 -0.016161 -0.053186 -0.510919 -0.253139 -0.337010 -0.095872 -0.137738 0.349132 -0.220406 0.228382 -0.435637 0.250280 -0.139687 -0.160227 -0.300146 -0.224532 -0.308383 0.102605 -0.398287 -0.360040 0.140849 -0.062678 -0.117882 0.277713 -0.057365 0.264246 0.115344 0.098922
0.120519 0.163236 -0.384045 0.356938 -0.429527 -0.145674 -0.074583 0.159879 -0.316217 -0.118057 -0.001170 0.402741 -0.071539 0.158639 0.042189 0.223611 0.342073 0.518454 -0.167561 -0.330399 0.092454 0.005062 0.136320 0.041133 -0.005837 -0.022348 0.036528 0.091656 0.277413 1.000000 0.255932 0.240619 0.412411 0.433646 0.076628 -0.214441 0.302838 -0.092890 0.100122 -0.150530 0.139115 0.072267 0.188239 0.118069 0.193986 -0.235164 0.174907 -0.263194 -0.011082 0.031045 -0.382909 0.196655 0.258306 0.306494 0.244341 0.366459 0.069920 0.127400 0.173721 0.009644 0.230325 0.171361 0.155396 0.323348 -0.053454 0.154999 -0.017252 -0.588908 -0.154364 -0.310770 0.257663 0.007517 0.501164 0.540692 0.433939 0.147093 0.367930 0.227437 0.363246 0.497814 0.179788 0.421597 -0.024023 0.099275 0.190569 0.284677 0.030711 0.399153 0.080241 0.170516 -0.414485 -0.633830 -0.411703 -0.585614 -0.343115 0.376251 -0.118160 -0.026984 -0.172252 -0.029652 0.025929 -0.126179 -0.255529 -0.315271 -0.169929 -0.150928 0.117122 -0.217049 0.016951 -0.302381 -0.409437 0.094511 0.058809 0.153126 -0.001086 -0.016846
0.001698 -0.503293 0.311909 0.153053 -0.118514 -0.081169 0.240724 0.140012 0.310069 -0.331636 0.214878 0.321122 -0.074868 -0.052958 0.487368 0.259795 0.086631 -0.015941 0.133012 -0.602131 0.213127 0.201599 0.672831 0.438366 0.168349 0.668794 0.117388 0.536526 0.645009 0.255932 1.000000 0.923570 0.110861 0.362332 0.554067 0.406348 0.111927 0.084667 0.296113 -0.263874 0.214338 0.265945 -0.259890 -0.066788 -0.284671 -0.118227 -0.272502 -0.558484 -0.649216 -0.475564 -0.306227 -0.461870 -0.472640 0.197843 -0.070694 0.142686 0.093817 0.031896 -0.450434 -0.617524 0.242737 -0.313709 -0.199869 -0.199852 0.780764 0.345757 -0.446085 -0.342415 -0.629784 -0.755591 0.368005 0.408932 0.609821 0.422454 0.486376 0.482914 0.422822 0.383517 0.331571 0.188162 -0.150263 0.060558 0.465850 0.212154 0.694011 0.563260 0.145727 0.441057 0.121784 -0.150866 -0.700540 -0.484995 -0.311734 -0.311376 -0.191558 0.254455 -0.359853 -0.089828 -0.679653 -0.039277 -0.230380 -0.609542 -0.527037 -0.627956 -0.552083 -0.062699 -0.439854 -0.529110 0.184117 -0.211601 -0.096410 0.148516 -0.038608 0.201787 -0.032315 -0.112110
-0.225550 -0.561436 0.244281 0.129922 -0.123513 0.006107 0.128825 0.208782 0.243783 -0.271970 0.150850 0.385799 -0.109074 0.036917 0.450904 0.295531 0.024259 -0.063709 -0.009150 -0.647608 0.233608 0.249021 0.653936 0.544189 0.273218 0.791973 0.117682 0.577397 0.595697 0.240619 0.923570 1.000000 0.081952 0.333326 0.639338 0.529693 0.069906 0.112943 0.275164 -0.219945 0.213128 0.232787 -0.199402 -0.005681 -0.183110 -0.013877 -0.249100 -0.518936 -0.666285 -0.498293 -0.262655 -0.478255 -0.435713 0.207773 -0.121180 0.142500 -0.008616 -0.021311 -0.527847 -0.664929 0.213365 -0.323791 -0.284203 -0.293708 0.750125 0.425147 -0.496373 -0.275206 -0.642389 -0.757875 0.350431 0.559230 0.519002 0.412361 0.387523 0.557029 0.346164 0.418839 0.322390 0.120991 -0.220350 -0.006564 0.407035 0.227438 0.668326 0.632026 0.088761 0.488682 0.039272 -0.203599 -0.679047 -0.496415 -0.200466 -0.278445 -0.181627 0.273321 -0.389244 -0.048939 -0.735657 -0.082190 -0.243630 -0.651466 -0.517858 -0.587982 -0.463708 -0.024932 -0.447780 -0.540208 0.185121 -0.192170 -0.047306 0.167571 0.026311 0.214398 -0.038562 -0.104401
0.194739 0.326667 -0.243093 0.082948 -0.430945 -0.145163 -0.173237 -0.127242 -0.325180 -0.146228 0.000280 0.117112 -0.159948 0.034509 -0.180817 0.107644 0.418365 0.422316 0.071399 0.016531 -0.063182 -0.167031 0.076206 -0.173317 -0.060744 -0.115878 -0.139052 0.040012 0.196562 0.412411 0.110861 0.081952 1.000000 0.715848 0.039638 -0.072500 0.199490 -0.065936 -0.133169 -0.002909 0.037922 0.027640 0.167313 0.179988 0.117039 -0.109290 0.090114 -0.020800 0.061116 0.147792 -0.348182 0.192522 0.057812 0.216013 0.065729 0.341509 0.075815 0.327014 0.114838 0.048436 0.167696 0.180078 0.172920 0.398178 -0.036676 0.016892 0.177616 -0.311090 0.053561 -0.121173 -0.058831 -0.304956 0.358071 0.371213 0.361065 0.073048 0.355925 -0.017844 0.169701 0.587093 0.327967 0.434081 0.043297 -0.055846 0.146756 0.101971 0.111403 0.180214 -0.088160 0.274647 -0.362029 -0.448630 -0.567069 -0.594465 -0.065202 0.030349 -0.013507 -0.038824 -0.105941 -0.140405 0.030752 -0.163455 -0.083321 -0.432253 -0.348935 -0.363750 0.073899 -0.080355 -0.083076 -0.029479 -0.130897 -0.015928 -0.320553 -0.102758 -0.268501 -0.206156
0.167838 0.345404 -0.065671 0.213603 -0.274131 -0.070533 -0.070012 0.178769 -0.127800 -0.163901 0.163461 0.377699 -0.113365 0.291193 -0.030729 0.268959 0.264789 0.408244 0.091266 0.007650 0.042066 -0.138752 0.158458 -0.035903 -0.085317 0.074119 -0.031023 0.155297 0.226002 0.433646 0.362332 0.333326 0.715848 1.000000 0.099132 -0.020393 0.245243 -0.165625 -0.109651 0.006373 0.133725 -0.018286 -0.115190 -0.012173 -0.020458 -0.031662 -0.153316 -0.214078 -0.096320 0.067709 -0.313861 0.225028 -0.023599 0.169017 -0.128874 0.195290 -0.050963 0.096722 0.060898 0.062488 0.360397 0.324096 0.240329 0.436883 0.180208 0.292895 0.014893 -0.171358 -0.144793 -0.156391 -0.010882 -0.248939 0.427338 0.346502 0.503830 0.283012 0.423485 0.101267 0.091954 0.544708 0.289890 0.379025 0.054272 0.029962 0.296804 0.140379 0.051760 0.181473 -0.030174 0.113856 -0.475528 -0.652501 -0.682437 -0.714928 -0.164958 0.013346 -0.261207 -0.283822 -0.381034 -0.342949 -0.179443 -0.348948 -0.366071 -0.701050 -0.652598 -0.549334 -0.181787 -0.260519 -0.086213 -0.195718 -0.143479 -0.162938 -0.435241 -0.347513 -0.383660 -0.440724
-0.340616 -0.582167 0.050132 0.077976 -0.279989 -0.105548 -0.195517 0.196036 0.038316 -0.056141 -0.063197 0.106095 -0.186761 -0.024864 0.015197 -0.148047 0.058712 -0.060316 -0.176360 -0.555897 -0.025300 0.014255 0.263908 0.415477 0.216689 0.523550 -0.200465 0.185417 0.364672 0.076628 0.554067 0.639338 0.039638 0.099132 1.000000 0.661989 0.069718 0.183638 0.299708 -0.079680 0.264496 0.197956 0.032407 0.222226 -0.007618 0.083190 0.020406 -0.183624 -0.530848 -0.491865 -0.225326 -0.435161 -0.227701 0.016376 0.112433 0.209379 0.121498 -0.052113 -0.329518 -0.481264 0.221306 -0.278296 -0.312960 -0.297154 0.445460 0.330686 -0.181588 -0.156641 -0.407583 -0.554935 0.173642 0.465172 0.242180 0.196860 0.176446 0.268180 0.095690 0.129598 0.369050 0.124943 -0.227187 -0.075983 0.194800 -0.039847 0.275554 0.448658 -0.126911 0.453620 -0.035223 -0.012228 -0.568749 -0.347822 0.040656 -0.059036 0.001148 0.168793 -0.178084 0.018839 -0.473499 0.033791 0.292875 -0.233084 -0.133476 -0.168110 -0.156283 0.106309 -0.301407 -0.384799 0.208753 0.024060 0.035512 0.089266 0.134821 0.250809 -0.063809 0.044858
-0.414319 -0.599024 0.165563 -0.022856 -0.048122 0.033434 -0.110228 0.187007 0.239930 0.076076 -0.075027 0.019232 -0.107633 -0.046934 0.102204 -0.107878 -0.067525 -0.236621 -0.164570 -0.318100 -0.063964 0.018967 0.247945 0.445044 0.394688 0.589466 -0.134691 0.193837 0.193965 -0.214441 0.406348 0.529693 -0.072500 -0.020393 0.661989 1.000000 0.044827 0.280172 0.241458 -0.011583 0.123108 0.146608 -0.275758 0.006881 -0.208830 0.223703 -0.208354 -0.129815 -0.590317 -0.525342 -0.091609 -0.603352 -0.353846 -0.056698 -0.010658 -0.026170 0.038456 0.006293 -0.513614 -0.533327 0.131538 -0.311540 -0.502006 -0.430183 0.434305 0.497671 -0.367137 0.186998 -0.341950 -0.362319 -0.003966 0.445731 -0.018520 -0.165839 -0.206714 0.236665 -0.026281 0.225437 0.031912 -0.046250 -0.320807 -0.238634 0.202681 -0.023476 0.147825 0.317179 -0.098516 0.256326 0.085522 -0.070643 -0.267461 -0.096917 0.149530 0.110888 0.237058 -0.002268 -0.103483 0.112802 -0.432194 -0.073943 -0.000111 -0.249505 -0.180397 -0.109345 -0.176018 0.134216 -0.222078 -0.331659 0.060645 0.052253 0.326531 -0.016904 -0.008202 -0.009783 -0.092281 0.015883
