1.000000 0.434684 -0.081724 -0.239676 0.074033 -0.172760 -0.120635 -0.247571 -0.029159 -0.264522 0.307828 0.140044 0.038151 0.185115 0.113955 0.046197 0.368903 0.269127 0.330875 0.404728 -0.026001 -0.075776 -0.196193 -0.164335 -0.146800 -0.271093 -0.157955 -0.216410 0.116818 0.080817 -0.077665 -0.201051 0.190166 0.048001 -0.145352 -0.230067 -0.272591 -0.282409 -0.241001 -0.259555 -0.099125 -0.199578 -0.346892 -0.239407 -0.460332 -0.198697 -0.151275 -0.040149 -0.272936 -0.214438 -0.247436 -0.236297 0.133143 0.185885 -0.022898 -0.183098 0.675699 0.266659 0.036271 -0.352395 0.092725 -0.052289 0.325532 0.289771 -0.298440 -0.112574 -0.043350 -0.279124 0.317561 0.198065 0.241381 -0.228243 0.231314 0.139646 0.147567 0.292194 0.232299 -0.093289 0.220246 0.236540 0.226812 0.253667 -0.058415 -0.109901 -0.146881 -0.052160 0.024621 -0.114007 0.101155 -0.067413 0.011509 0.160194 0.164244 0.278658 0.052731 -0.175039 -0.027957 0.048234 0.108747 0.364544 0.406972 0.323059 0.361598 0.423061 0.064517 -0.101415 -0.023658 -0.150911 -0.064487 -0.046525 -0.154572 0.088533 0.013927 0.167244 -0.029448 -0.098571
0.434684 1.000000 -0.215127 -0.278516 0.039362 -0.179743 -0.385533 -0.366997 -0.025579 -0.252722 -0.150075 0.216680 -0.117851 0.183367 -0.163914 0.003392 0.171748 0.336206 0.265302 0.118712 -0.259220 -0.167549 -0.496699 -0.462229 -0.345789 -0.512096 -0.267461 -0.269247 0.067447 0.172457 -0.119655 -0.358557 0.238450 0.098311 -0.219963 -0.264889 0.154700 0.252909 -0.053840 0.076091 0.125953 -0.048239 -0.268614 -0.178301 -0.343250 -0.399293 -0.016228 0.015425 -0.229025 -0.133895 0.115842 -0.370135 0.080602 0.111184 -0.018984 0.011927 0.354039 0.570297 0.142620 0.050815 0.277113 0.147066 0.390298 0.603070 -0.370865 -0.117065 0.049152 -0.164575 0.357910 0.367892 -0.101871 -0.299272 0.058894 0.022066 0.023139 0.054493 0.133957 -0.004506 0.240242 0.434656 0.040372 0.327938 -0.231648 -0.141342 0.049359 0.025145 -0.045360 -0.314993 0.149539 0.047959 0.026620 0.025220 -0.015769 -0.001308 0.039499 -0.019744 0.034514 0.135986 0.235581 0.248157 0.130891 0.141204 0.325066 0.304109 0.202287 0.089510 0.081360 -0.018900 0.094926 0.150600 -0.129575 -0.120575 0.245204 0.074786 -0.022825 0.143497
-0.081724 -0.215127 1.000000 0.319456 -0.069619 0.177274 0.664383 0.668840 0.173821 0.300330 -0.111479 -0.302098 -0.127590 0.251541 0.383063 0.282621 -0.217299 -0.170888 -0.303652 -0.145619 0.141406 -0.298580 0.449991 0.584877 -0.032079 -0.102613 0.373218 -0.156215 -0.124955 -0.222057 0.336232 0.325921 -0.321712 0.040028 -0.096286 0.080723 -0.129100 -0.104067 0.014001 0.045811 0.044274 0.106714 -0.273472 -0.330372 0.007458 0.058856 -0.349904 -0.209175 -0.166865 0.053078 -0.135812 -0.232364 0.177720 -0.229162 0.025811 -0.406885 -0.309015 -0.340391 -0.037877 -0.140379 -0.033153 -0.198975 -0.438696 -0.490915 -0.081985 -0.258229 -0.287226 0.004540 -0.505584 -0.229750 -0.098843 0.078004 -0.234284 -0.105189 -0.371827 -0.178141 -0.372781 -0.102842 -0.168335 -0.313265 -0.143686 -0.241296 -0.107703 -0.178815 -0.184816 -0.225425 -0.123284 0.409402 0.238113 -0.129059 0.072147 0.023551 0.329508 0.139999 -0.131326 -0.257504 -0.337976 -0.274300 -0.279438 -0.520047 0.280716 -0.136407 -0.057752 -0.040277 -0.305564 -0.259934 -0.388463 -0.224267 -0.300574 -0.310889 -0.182524 -0.299377 -0.031206 -0.138252 -0.115060 -0.416892
-0.239676 -0.278516 0.319456 1.000000 0.058167 0.044811 0.677678 0.772832 -0.020671 0.345675 0.254759 0.022554 0.146822 0.272606 0.150517 -0.028334 -0.290534 -0.129663 -0.270648 -0.094300 0.110232 0.403988 0.721400 0.726145 -0.008468 0.389779 -0.075751 0.194383 -0.384412 -0.089066 -0.084093 0.369404 -0.423854 -0.346589 0.031601 -0.055855 -0.097667 0.020598 0.027180 0.067975 -0.174163 0.360918 0.052029 -0.326568 -0.071482 0.023035 -0.025965 -0.176995 0.446190 0.053769 0.080129 0.227556 0.354262 0.225385 0.076879 -0.009438 -0.492845 -0.494048 -0.296732 -0.015285 -0.289347 0.068610 -0.496389 -0.524483 -0.022710 0.063140 -0.416948 -0.366597 -0.306475 -0.327396 0.007502 0.232549 -0.273755 -0.042202 -0.213004 -0.177559 -0.234565 -0.029721 -0.292602 -0.432602 -0.348995 -0.569810 0.237428 0.249786 -0.152569 -0.167021 -0.325064 -0.134908 0.089468 0.388789 0.057810 -0.302905 0.209595 -0.022840 -0.095363 0.086352 -0.334751 -0.098350 -0.293774 -0.293113 0.114296 0.038613 -0.255631 -0.131832 -0.432102 -0.213242 -0.319888 -0.133843 -0.150211 0.019906 -0.289589 0.034528 -0.230662 -0.027168 0.163806 -0.232689
0.074033 0.039362 -0.069619 0.058167 1.000000 0.125238 0.164771 -0.160138 0.604959 -0.161772 -0.056763 0.218411 -0.160130 0.456568 0.600097 0.308377 -0.065244 -0.188975 0.150973 0.121878 -0.255443 0.192517 -0.109546 0.104640 -0.077336 -0.175538 -0.080711 -0.454904 -0.123331 -0.017743 -0.179809 -0.088135 -0.112029 0.125423 0.154460 0.272561 -0.155788 -0.108208 -0.005680 0.042532 0.321199 0.231607 -0.030197 -0.279837 -0.266173 -0.020431 -0.161365 0.081053 -0.113332 -0.372166 -0.433597 -0.100466 -0.055880 0.250799 -0.286739 0.067557 -0.211618 -0.313338 -0.119721 -0.224051 0.155570 0.023452 0.037176 -0.095256 0.160561 0.299707 0.151936 0.082327 0.277326 0.060145 0.173201 -0.116156 -0.112041 -0.295411 -0.049158 -0.128492 -0.128523 0.051281 0.172019 -0.097821 -0.031624 -0.116213 -0.285946 -0.045881 0.084463 -0.033179 -0.246017 -0.263059 -0.136106 0.203480 0.199379 0.115438 0.286789 0.151389 0.235841 0.155868 0.040094 0.143738 -0.197874 0.033322 -0.102087 0.082076 -0.271721 0.208005 0.055963 0.228602 0.084464 0.216530 0.013302 -0.050242 0.126588 0.163412 0.063411 0.132598 0.037602 0.098212
-0.172760 -0.179743 0.177274 0.044811 0.125238 1.000000 0.092654 0.187758 0.212645 0.442203 -0.167948 -0.263324 0.043885 -0.010000 0.032303 0.195026 -0.148565 -0.372104 -0.045659 0.103006 0.482624 0.420173 0.230482 0.109364 0.630134 0.210199 0.669130 0.356806 -0.281766 -0.198969 -0.150527 -0.053154 -0.105159 -0.002763 0.047466 0.174534 -0.029895 0.047939 0.132649 0.013633 0.145507 0.512534 -0.033519 0.168267 0.022940 0.168556 -0.289359 0.049311 -0.330927 -0.181374 -0.208895 -0.273425 -0.328653 -0.431851 -0.304460 -0.042101 -0.363111 -0.100549 -0.303612 -0.000212 -0.063021 -0.070474 0.153505 -0.036732 0.140177 -0.095694 -0.085300 0.064759 0.022444 0.116444 0.098647 0.304272 -0.247817 -0.097973 -0.227592 -0.048954 -0.172295 -0.178708 -0.099695 -0.211304 -0.113621 -0.073584 -0.192932 -0.006005 -0.421374 -0.364890 -0.037321 0.455588 -0.458166 -0.349175 -0.250669 0.151565 0.002107 0.131666 0.014058 -0.081513 0.023781 0.123172 -0.070611 -0.196169 0.028646 -0.097078 -0.086233 -0.004775 0.230603 0.208556 -0.077296 0.219201 0.217945 -0.103675 0.327098 0.229659 0.190890 0.009815 -0.156642 0.177661
-0.120635 -0.385533 0.664383 0.677678 0.164771 0.092654 1.000000 0.812382 0.074160 0.386690 0.216644 0.009232 0.200358 0.496203 0.399101 0.182292 -0.281799 -0.119666 -0.385673 -0.223463 0.032791 0.084781 0.685453 0.782627 -0.068891 0.192103 0.060706 -0.053501 -0.331016 -0.178323 0.142321 0.477302 -0.396200 -0.098935 0.027471 0.031297 -0.358371 -0.205142 -0.158263 -0.105769 -0.216098 0.209414 -0.071776 -0.298808 0.018705 0.156961 -0.184688 -0.232468 0.212236 0.076995 -0.144023 0.141504 0.219382 -0.015034 -0.128963 -0.280471 -0.397316 -0.624934 -0.155057 -0.154380 -0.082059 0.034677 -0.527424 -0.624871 0.137285 0.054223 -0.280979 -0.154792 -0.548948 -0.476576 0.044125 0.079074 -0.303567 -0.160690 -0.325340 -0.224762 -0.377790 -0.097214 -0.271098 -0.504193 -0.369323 -0.574504 -0.023422 0.055812 -0.202533 -0.243017 -0.362047 0.096790 0.039184 0.190701 0.093034 -0.183194 0.423192 0.160175 -0.237892 -0.155887 -0.407097 -0.289880 -0.367744 -0.401480 0.281520 0.020620 -0.096401 0.023001 -0.540422 -0.349078 -0.163498 0.014119 -0.349105 -0.175620 -0.320998 -0.121256 -0.180753 0.060700 0.096976 -0.464226
-0.247571 -0.366997 0.668840 0.772832 -0.160138 0.187758 0.812382 1.000000 -0.061882 0.586317 0.242184 -0.126652 0.215988 0.277235 0.188601 0.065351 -0.268270 -0.149298 -0.586733 -0.327198 0.259759 0.137619 0.697576 0.770384 0.088459 0.351243 0.261411 0.233718 -0.437533 -0.239750 0.092063 0.504962 -0.544668 -0.277610 -0.105550 -0.018857 -0.157677 -0.113601 0.041920 0.032478 -0.186985 0.284592 0.012381 -0.180048 0.211158 0.277531 -0.128965 -0.174009 0.316108 0.286499 0.069844 0.180841 0.194128 -0.068475 0.041252 -0.193934 -0.434960 -0.531059 -0.206432 -0.002178 -0.237351 -0.016019 -0.584293 -0.647658 0.014788 -0.125119 -0.472808 -0.153844 -0.683347 -0.491643 -0.168056 0.190746 -0.408763 -0.151038 -0.458444 -0.273781 -0.413549 -0.211671 -0.423963 -0.516779 -0.342811 -0.551494 0.176789 0.119910 -0.296401 -0.341654 -0.179261 0.274306 0.046579 0.056803 0.030455 -0.211999 0.223668 -0.015327 -0.233460 -0.145263 -0.429456 -0.268569 -0.241970 -0.434586 0.221275 -0.096076 -0.176558 -0.150349 -0.418903 -0.232153 -0.360419 -0.132706 -0.238676 -0.190101 -0.218771 -0.039280 -0.104459 -0.074290 0.019999 -0.428940
-0.029159 -0.025579 0.173821 -0.020671 0.604959 0.212645 0.074160 -0.061882 1.000000 0.023191 -0.244720 0.051681 -0.320307 0.227265 0.648362 0.419502 0.091336 -0.108341 0.094317 0.267142 -0.158174 -0.041242 -0.184368 0.104509 -0.047712 -0.290533 0.069951 -0.396874 0.279388 0.194528 0.083131 0.064772 0.014151 0.206720 0.104062 0.199005 -0.219727 -0.249015 -0.155076 -0.077135 0.295235 -0.015728 -0.171393 -0.264790 -0.201475 0.081327 -0.438907 0.017874 -0.361898 -0.244870 -0.467876 -0.324169 -0.142576 -0.014770 -0.454579 -0.346684 -0.322453 -0.317067 -0.158223 -0.302135 0.311054 -0.191209 0.146087 -0.084140 0.089855 -0.026188 0.102251 0.124278 0.232497 0.221098 0.112498 -0.038344 0.091674 -0.150964 0.010838 -0.054146 -0.114822 -0.020033 0.200915 0.003402 0.311593 0.148959 -0.064601 0.031224 0.021271 0.035495 -0.146362 -0.036707 -0.144281 -0.184147 0.189027 0.271893 0.259834 0.254946 0.245444 0.045755 -0.080944 -0.034397 -0.342787 -0.194436 0.018726 0.073982 -0.241711 0.136957 0.036206 -0.003538 -0.016914 0.024321 -0.053484 -0.197996 0.074409 -0.097586 -0.104531 0.013704 -0.073089 0.113471
-0.264522 -0.252722 0.300330 0.345675 -0.161772 0.442203 0.386690 0.586317 0.023191 1.000000 -0.087199 -0.176073 0.223177 0.010361 -0.059220 0.095776 -0.241137 -0.354319 -0.318513 -0.215196 0.283389 0.244457 0.346594 0.243362 0.421541 0.307486 0.308522 0.278157 -0.405841 -0.227821 -0.327224 0.119008 -0.483525 -0.251323 -0.140967 0.096495 -0.082573 -0.019267 0.089885 0.072655 -0.246035 0.361884 0.010401 0.087354 0.237109 0.332119 -0.101267 0.175748 0.078875 0.233178 -0.062855 0.026544 -0.069064 -0.178570 0.000273 0.006320 -0.404827 -0.285042 -0.182671 0.169185 -0.164844 0.123385 -0.307542 -0.427113 0.008647 -0.033695 -0.291300 0.086918 -0.387791 -0.246545 -0.241098 -0.013257 -0.473018 -0.334465 -0.512697 -0.365913 -0.378040 -0.249752 -0.323971 -0.450121 -0.350628 -0.331162 -0.053763 0.372769 -0.354308 -0.391401 0.053413 0.473946 -0.165488 -0.171595 0.156690 0.115139 0.199217 0.069522 -0.150337 0.014289 -0.134362 0.023501 0.134068 -0.138628 0.182231 -0.001446 -0.028836 -0.048043 -0.067240 -0.012101 -0.091055 0.068525 0.037546 -0.194977 0.147287 0.196461 0.298695 0.165394 0.012178 0.033784
0.307828 -0.150075 -0.111479 0.254759 -0.056763 -0.167948 0.216644 0.242184 -0.244720 -0.087199 1.000000 0.308786 0.525387 0.223045 0.210631 -0.039987 0.156146 0.246376 -0.238649 0.027936 0.126248 0.120396 0.240578 0.309708 -0.006971 0.248975 -0.081424 0.195057 -0.071368 0.114758 0.107119 0.380511 -0.027714 -0.171651 -0.067287 -0.460207 -0.256329 -0.317291 -0.123414 -0.285224 -0.138809 -0.118548 0.161491 0.136376 0.062163 0.240159 0.115752 -0.387144 0.425282 0.213462 0.116033 0.508172 0.059987 0.254294 0.090331 -0.026087 0.178164 -0.282225 0.015491 -0.136150 -0.177519 -0.006380 -0.200320 -0.110101 0.087213 0.063425 -0.269380 -0.387872 -0.160898 -0.236559 0.162813 -0.032178 0.200857 0.164001 0.109838 0.197919 -0.000132 -0.270015 -0.146727 -0.145286 0.050014 -0.198560 0.342907 0.012716 -0.055363 -0.100972 0.148542 -0.058303 -0.128741 0.088679 -0.250012 -0.286194 -0.163004 -0.065895 -0.098627 -0.205359 -0.273452 -0.310133 -0.167411 0.075606 -0.047764 -0.083202 -0.148089 -0.201666 -0.219723 -0.196326 -0.147297 -0.235272 -0.045420 0.064589 -0.476038 0.100235 -0.161564 0.116242 0.195312 -0.277170
0.140044 0.216680 -0.302098 0.022554 0.218411 -0.263324 0.009232 -0.126652 0.051681 -0.176073 0.308786 1.000000 0.317697 0.542422 0.083466 0.093101 0.206813 0.452898 -0.057191 -0.171809 -0.358731 0.029026 -0.228330 -0.143434 -0.159864 -0.052300 -0.499453 -0.208827 0.058752 0.405823 -0.030152 0.185741 0.140749 0.100592 -0.167602 -0.279933 -0.397876 -0.227023 -0.381405 -0.359440 -0.213372 -0.263266 -0.196724 -0.069392 -0.068482 -0.046253 -0.027911 -0.283111 0.171979 -0.032965 0.110388 0.217884 0.055114 0.288292 -0.134284 -0.022552 0.212219 -0.163984 0.279697 0.054282 0.385540 0.578621 0.039667 0.268609 0.076287 0.492901 0.222477 -0.060287 0.107844 -0.001053 0.065236 -0.339105 0.197285 -0.074219 0.019264 -0.021761 -0.013639 -0.070589 0.093021 0.146148 -0.135570 0.036906 -0.143356 0.117441 0.028638 0.162166 -0.130002 -0.434641 -0.240208 0.086237 0.070267 -0.250870 0.102345 0.050427 -0.067119 -0.121800 -0.259726 -0.194876 -0.147614 0.016603 0.078652 0.207983 0.063877 0.069424 -0.285535 -0.314185 0.298398 -0.022163 -0.180012 0.113162 -0.416416 -0.223801 -0.017612 0.014933 0.105357 -0.107611
0.038151 -0.117851 -0.127590 0.146822 -0.160130 0.043885 0.200358 0.215988 -0.320307 0.223177 0.525387 0.317697 1.000000 0.215886 -0.100233 0.090392 0.044198 0.008876 -0.234324 -0.162782 0.245104 0.324979 0.205269 -0.018536 0.324554 0.216130 -0.069721 0.361812 -0.198067 0.151376 -0.296845 0.052868 -0.102296 -0.198869 -0.088949 -0.262395 -0.332111 -0.243876 -0.059096 -0.179021 -0.329659 0.021482 -0.072504 0.221173 -0.070146 0.164638 -0.135532 -0.134524 0.196873 0.192783 0.193718 0.246465 -0.133384 0.116806 0.014108 0.094595 0.125617 -0.237998 0.269596 0.312140 0.148385 0.237038 0.030669 0.152323 -0.008862 0.287910 0.130227 -0.064171 -0.122074 -0.012688 0.212673 -0.147461 0.045693 -0.092462 -0.086483 -0.042772 -0.241375 -0.403226 -0.330753 -0.162180 -0.353845 -0.285572 0.160752 0.300438 -0.382816 -0.321776 0.068655 0.058730 -0.302572 -0.072359 -0.128078 -0.162821 -0.036992 0.032957 -0.213603 -0.186048 -0.177997 -0.099146 -0.128589 -0.015470 0.053810 0.034579 0.095808 -0.054746 -0.146978 -0.217124 0.019622 0.032437 0.038024 -0.028525 -0.196604 0.063499 -0.025734 -0.041700 0.036581 -0.102543
0.185115 0.183367 0.251541 0.272606 0.456568 -0.010000 0.496203 0.277235 0.227265 0.010361 0.223045 0.542422 0.215886 1.000000 0.513721 0.450323 -0.026602 0.225200 -0.087264 -0.132540 -0.374939 -0.059461 0.137039 0.323111 -0.244052 -0.307536 -0.195080 -0.430159 -0.160212 0.203669 0.071667 0.131580 -0.051703 0.091770 -0.051867 -0.096924 -0.317092 -0.242793 -0.217545 -0.180060 0.072515 -0.095172 -0.331639 -0.440105 -0.270875 -0.197138 -0.210073 -0.263860 -0.029074 -0.289251 -0.174625 -0.062040 0.215020 0.231207 -0.131106 -0.142307 -0.079487 -0.314089 -0.022373 -0.244948 0.202229 0.243911 -0.055116 0.003673 -0.015451 0.217495 -0.066443 -0.222948 -0.032099 -0.083469 0.036778 -0.367382 0.015899 -0.129215 -0.174034 -0.244012 -0.275904 -0.140062 0.060780 0.065822 -0.233586 -0.185877 -0.358149 -0.211702 -0.072928 -0.066722 -0.245796 -0.205594 0.025703 0.167373 0.045096 -0.252183 0.412405 0.168857 0.038419 -0.090934 -0.235122 -0.099769 -0.303608 -0.194297 0.242097 0.097424 0.050605 0.085951 -0.308795 -0.174901 0.031917 -0.024678 -0.181553 -0.040516 -0.329754 -0.151626 -0.100583 0.087493 0.211778 -0.211359
0.113955 -0.163914 0.383063 0.150517 0.600097 0.032303 0.399101 0.188601 0.648362 -0.059220 0.210631 0.083466 -0.100233 0.513721 1.000000 0.600678 0.083753 -0.098583 -0.079793 0.163286 -0.190161 -0.173631 0.035745 0.440414 -0.205974 -0.286684 0.028125 -0.544697 0.146628 0.166338 0.232299 0.186370 -0.085431 0.225721 0.036011 0.103232 -0.222742 -0.293390 -0.052633 -0.093964 0.409468 -0.072241 -0.056296 -0.266418 -0.114271 0.126540 -0.241805 -0.130017 -0.157288 -0.260853 -0.484643 -0.106340 -0.084831 0.123260 -0.247894 -0.289295 -0.285416 -0.492257 -0.231915 -0.491223 0.155535 -0.305124 -0.100985 -0.317173 0.175923 -0.033220 -0.119389 -0.027258 0.016259 -0.028070 0.043783 -0.200096 0.093222 -0.069814 -0.046920 -0.157004 -0.193671 -0.114912 0.188067 -0.045787 0.250501 0.042561 -0.063853 -0.134881 0.057962 -0.013393 0.007773 0.063333 0.026599 -0.003615 0.054816 0.035134 0.199146 0.110990 0.176553 -0.070381 -0.138170 -0.161334 -0.448658 -0.212043 -0.037594 -0.105875 -0.322597 0.001695 -0.183308 -0.107516 -0.170725 -0.155494 -0.141117 -0.216605 -0.134536 -0.126644 -0.118466 0.047340 0.056916 -0.235591
0.046197 0.003392 0.282621 -0.028334 0.308377 0.195026 0.182292 0.065351 0.419502 0.095776 -0.039987 0.093101 0.090392 0.450323 0.600678 1.000000 0.156775 -0.048126 0.045784 -0.001310 -0.016289 -0.088065 -0.035875 0.200263 -0.024230 -0.399735 0.082784 -0.415683 0.263596 0.397458 0.083025 0.004631 -0.004752 0.223984 -0.011740 -0.029627 -0.241299 -0.201374 -0.206608 -0.188623 0.287615 -0.031369 -0.201684 -0.214674 -0.172982 -0.011006 -0.309011 -0.145730 -0.292066 -0.282253 -0.257854 -0.321838 0.034039 -0.065586 -0.277919 -0.292612 -0.276299 -0.163024 -0.090667 -0.260630 0.381140 -0.044007 0.207144 0.071386 0.189566 0.035283 0.015321 -0.091162 0.085941 0.036958 0.052810 -0.200386 0.218331 -0.088690 -0.117041 -0.078066 -0.316065 -0.162280 0.182806 0.160237 0.088552 0.259471 -0.237625 -0.018263 -0.052719 0.049695 -0.017935 0.141281 -0.040785 -0.171291 0.022564 -0.137913 0.281008 0.266531 0.036262 -0.182672 -0.105852 -0.150875 -0.462043 -0.374328 0.097191 -0.182646 -0.076512 -0.011394 -0.155993 -0.162693 -0.057981 -0.156117 -0.050575 -0.098120 -0.120981 -0.127382 -0.026629 0.044935 0.145075 -0.069480
0.368903 0.171748 -0.217299 -0.290534 -0.065244 -0.148565 -0.281799 -0.268270 0.091336 -0.241137 0.156146 0.206813 0.044198 -0.026602 0.083753 0.156775 1.000000 0.528661 0.270723 0.368529 0.035700 -0.132864 -0.415687 -0.184453 -0.056563 -0.237993 -0.152842 -0.156249 0.511279 0.525907 0.054970 -0.125343 0.228658 -0.027470 -0.208391 -0.157062 -0.283960 -0.028670 -0.306103 -0.478932 0.064546 -0.342787 0.046050 0.292845 -0.078310 0.018401 -0.136404 -0.015245 -0.247898 -0.098078 -0.146185 -0.203867 -0.159746 -0.108846 -0.206419 -0.352811 0.293017 0.032625 -0.200322 -0.334129 0.168108 -0.146356 0.583904 0.365054 -0.111104 -0.240317 0.044543 -0.210893 0.304398 0.236784 0.236364 0.019532 0.525713 0.279519 0.406864 0.528738 0.527036 0.199226 0.599186 0.555851 0.573108 0.537764 0.115369 0.105771 0.039710 0.102333 0.286417 -0.060125 -0.064513 -0.231644 0.005717 0.049083 -0.114033 -0.013189 -0.201447 -0.022247 -0.014552 0.095926 0.040183 0.200153 0.253690 0.145704 0.178563 0.112777 -0.316511 -0.317767 0.143683 0.004280 0.033022 0.206311 -0.033818 -0.051846 -0.140953 -0.018080 -0.087234 0.083802
0.269127 0.336206 -0.170888 -0.129663 -0.188975 -0.372104 -0.119666 -0.149298 -0.108341 -0.354319 0.246376 0.452898 0.008876 0.225200 -0.098583 -0.048126 0.528661 1.000000 0.122912 0.076386 -0.258011 -0.286727 -0.269560 -0.073332 -0.389632 -0.292685 -0.371232 -0.189943 0.413206 0.444264 0.189285 0.153311 0.187730 -0.091811 -0.282613 -0.424163 -0.134653 -0.024339 -0.374466 -0.466428 -0.179152 -0.477009 -0.040737 0.051379 -0.077087 -0.168412 0.088536 -0.328341 -0.001582 0.038839 0.140390 0.064781 0.150566 0.059147 0.021444 -0.212902 0.362960 0.169753 -0.015228 -0.136432 0.106160 0.105496 0.243944 0.395896 -0.159550 -0.056105 -0.049202 -0.434022 0.067515 0.014524 0.225670 -0.100178 0.469554 0.256384 0.323595 0.257419 0.339118 0.212251 0.341824 0.452804 0.300119 0.354525 0.109856 -0.027619 0.107785 0.260813 0.123709 -0.367662 0.132523 0.135135 -0.070316 -0.301492 -0.014259 -0.005613 -0.239362 -0.042508 -0.234746 -0.118786 -0.028199 0.058018 0.234911 0.238778 0.215695 -0.002865 -0.323401 -0.320548 0.151666 -0.054475 -0.022261 0.215652 -0.442094 -0.252046 -0.162727 -0.000579 0.001194 -0.059807
0.330875 0.265302 -0.303652 -0.270648 0.150973 -0.045659 -0.385673 -0.586733 0.094317 -0.318513 -0.238649 -0.057191 -0.234324 -0.087264 -0.079793 0.045784 0.270723 0.122912 1.000000 0.675721 -0.026201 0.080210 -0.234218 -0.327589 0.004762 -0.339050 -0.194367 -0.245662 0.413134 0.182085 -0.277753 -0.600988 0.478751 0.075432 0.151411 0.115403 0.036203 0.202976 -0.199966 -0.142168 0.000148 -0.059900 -0.186898 -0.135620 -0.557099 -0.494886 -0.054102 0.105644 -0.408246 -0.585539 -0.304379 -0.413106 -0.021799 0.082438 -0.197904 -0.010964 0.097566 0.428757 -0.226764 -0.179419 -0.030476 -0.015215 0.561812 0.444460 -0.272145 -0.053599 0.250759 -0.194647 0.778796 0.557728 0.431491 -0.139914 0.382749 0.240017 0.455649 0.361930 0.525094 0.306364 0.400612 0.421178 0.336340 0.324670 -0.136326 0.031913 0.005515 0.181757 -0.003323 -0.159620 -0.004144 0.026370 0.031678 0.219242 0.029761 0.216486 0.130425 0.188557 0.227769 0.407832 0.108789 0.308290 0.070650 0.259130 0.195059 0.196983 0.110406 0.031138 0.204077 0.156798 0.233889 0.225725 0.161276 0.050311 -0.094650 0.018388 0.011348 0.448575
0.404728 0.118712 -0.145619 -0.094300 0.121878 0.103006 -0.223463 -0.327198 0.267142 -0.215196 0.027936 -0.171809 -0.162782 -0.132540 0.163286 -0.001310 0.368529 0.076386 0.675721 1.000000 0.174251 0.093990 -0.138790 -0.038645 0.126412 -0.194795 0.043196 -0.121318 0.403204 0.278203 -0.106362 -0.266992 0.342846 0.017874 0.083918 0.033789 -0.002383 0.090870 -0.023378 -0.178743 0.148031 0.021155 -0.090924 -0.052834 -0.566046 -0.324053 -0.305684 -0.049029 -0.529031 -0.559999 -0.464810 -0.451782 -0.092821 0.032005 -0.169805 -0.236459 0.085493 0.101927 -0.412942 -0.464076 -0.150066 -0.402456 0.456056 0.196529 -0.332444 -0.337577 -0.148614 -0.349147 0.672601 0.563207 0.463086 0.147996 0.424957 0.403074 0.498218 0.523643 0.547446 0.191466 0.347833 0.291413 0.496463 0.277015 0.178924 0.167725 -0.070570 0.028895 0.163221 0.058826 0.030108 -0.071816 -0.082109 0.410243 -0.064413 0.115896 0.190815 0.232822 0.146025 0.391666 0.009186 0.331119 0.107094 0.161546 0.003614 0.164144 0.060945 -0.019800 -0.117670 0.000984 0.309804 0.165286 0.147427 0.099731 -0.172533 -0.036349 -0.129245 0.386329
-0.026001 -0.259220 0.141406 0.110232 -0.255443 0.482624 0.032791 0.259759 -0.158174 0.283389 0.126248 -0.358731 0.245104 -0.374939 -0.190161 -0.016289 0.035700 -0.258011 -0.026201 0.174251 1.000000 0.472621 0.259139 0.112041 0.589736 0.345423 0.665342 0.638524 -0.160822 -0.176075 -0.179044 -0.009896 -0.149296 -0.332623 -0.107059 -0.023646 0.009369 0.092959 0.180381 -0.020237 -0.120528 0.461096 0.087147 0.324438 0.110497 0.264726 -0.142674 -0.066469 -0.070438 0.139111 0.134834 -0.032932 -0.202207 -0.305552 -0.090598 -0.052048 -0.060202 -0.050935 -0.180983 0.207061 -0.220299 -0.170259 0.037382 -0.134805 -0.091293 -0.207950 -0.175183 -0.121594 -0.065015 0.035623 0.221418 0.424918 -0.116066 0.096404 -0.013241 0.291685 -0.008358 -0.274176 -0.237752 -0.230114 0.017460 -0.185394 0.290661 0.248265 -0.496681 -0.316151 0.088895 0.552755 -0.316043 -0.335612 -0.311142 0.090676 -0.228157 -0.045840 -0.088673 -0.113354 0.019113 0.107931 -0.055784 -0.074561 0.040111 -0.171376 -0.047663 -0.077756 0.088313 0.058259 -0.279293 0.070007 0.257992 0.074803 0.131230 0.231790 -0.022801 -0.176351 -0.197362 0.071735
-0.075776 -0.167549 -0.298580 0.403988 0.192517 0.420173 0.084781 0.137619 -0.041242 0.244457 0.120396 0.029026 0.324979 -0.059461 -0.173631 -0.088065 -0.132864 -0.286727 0.080210 0.093990 0.472621 1.000000 0.350599 0.054360 0.541521 0.572967 0.173305 0.591767 -0.319715 0.001477 -0.522801 -0.109617 0.002249 -0.173208 0.203517 0.085781 -0.114007 0.007056 0.114030 0.045183 -0.234252 0.550330 0.017260 0.131928 -0.064533 0.107432 -0.065975 -0.008681 0.208034 -0.075398 0.049874 0.154338 -0.187909 0.017536 -0.221082 0.300489 -0.226482 -0.118732 -0.340568 0.187882 -0.102270 0.266715 0.081782 0.044698 0.021340 0.334316 0.015914 -0.130598 0.157277 -0.009740 0.275684 0.270707 -0.153567 -0.047299 0.022083 0.035659 -0.133455 -0.205131 -0.158975 -0.259375 -0.260247 -0.403886 0.053734 0.357659 -0.410887 -0.203700 -0.154727 -0.124552 -0.484500 0.084825 -0.206565 -0.067887 -0.158694 -0.077104 0.030852 0.156757 0.118255 0.201859 -0.102976 0.140622 -0.165011 -0.041932 -0.195495 -0.023346 0.086726 0.255596 -0.077469 0.234632 0.303156 0.167478 0.178489 0.439986 -0.072199 0.011499 0.006159 0.301255
-0.196193 -0.496699 0.449991 0.721400 -0.109546 0.230482 0.685453 0.697576 -0.184368 0.346594 0.240578 -0.228330 0.205269 0.137039 0.035745 -0.035875 -0.415687 -0.269560 -0.234218 -0.138790 0.259139 0.350599 1.000000 0.702973 0.274270 0.537383 0.227544 0.400222 -0.347238 -0.273379 0.122011 0.418446 -0.232459 -0.158699 0.219259 0.010298 -0.177091 -0.178338 0.084235 0.111331 -0.243442 0.295624 0.022838 -0.174613 -0.013828 0.079829 -0.086620 -0.097907 0.313235 0.045966 0.008601 0.159803 0.187775 -0.037528 0.020250 0.002479 -0.369597 -0.368959 -0.230674 -0.045403 -0.398888 -0.045470 -0.494028 -0.535395 0.077263 -0.031692 -0.408142 -0.301526 -0.485985 -0.467751 0.073230 0.397249 -0.192544 0.020239 -0.128984 -0.090900 -0.259145 -0.047922 -0.377550 -0.429857 -0.302707 -0.562835 0.163436 -0.010812 -0.230647 -0.264096 -0.248959 0.087428 -0.078767 0.088740 -0.129799 -0.240850 0.236820 0.063167 -0.179753 -0.158197 -0.279436 -0.271795 -0.299283 -0.392844 0.105398 -0.055421 -0.232031 -0.172876 -0.289428 -0.162253 -0.263329 -0.155995 -0.165195 -0.159875 -0.178935 0.082817 -0.253446 -0.000031 0.085898 -0.310394
-0.164335 -0.462229 0.584877 0.726145 0.104640 0.109364 0.782627 0.770384 0.104509 0.243362 0.309708 -0.143434 -0.018536 0.323111 0.440414 0.200263 -0.184453 -0.073332 -0.327589 -0.038645 0.112041 0.054360 0.702973 1.000000 -0.043321 0.258735 0.139261 -0.034230 -0.212573 -0.149870 0.312954 0.605700 -0.369693 -0.091272 0.146126 0.039622 -0.159682 -0.150270 0.007743 0.007576 0.043580 0.169971 0.101272 -0.284512 0.016163 0.200040 -0.149964 -0.210927 0.223685 -0.010774 -0.229059 0.087131 0.249907 -0.000102 -0.025374 -0.288460 -0.449362 -0.566721 -0.376833 -0.389564 -0.291520 -0.239438 -0.485513 -0.662533 0.125476 -0.144212 -0.481754 -0.287615 -0.462152 -0.479369 0.027953 0.313890 -0.178515 0.003336 -0.152826 -0.015764 -0.205919 0.042503 -0.199854 -0.401293 -0.118070 -0.409656 0.131405 -0.036114 -0.063478 -0.208989 -0.215090 0.129448 0.159092 0.136145 0.027422 -0.230532 0.236406 -0.004720 -0.105381 -0.113450 -0.337487 -0.315261 -0.438622 -0.429222 0.105264 -0.211066 -0.310374 -0.175519 -0.416954 -0.199280 -0.423119 -0.238526 -0.246501 -0.123198 -0.264982 -0.064888 -0.289898 0.051595 0.105133 -0.396252
-0.146800 -0.345789 -0.032079 -0.008468 -0.077336 0.630134 -0.068891 0.088459 -0.047712 0.421541 -0.006971 -0.159864 0.324554 -0.244052 -0.205974 -0.024230 -0.056563 -0.389632 0.004762 0.126412 0.589736 0.541521 0.274270 -0.043321 1.000000 0.536638 0.490054 0.532656 -0.235891 -0.166836 -0.380449 -0.132034 -0.065764 -0.110941 0.146854 0.235935 -0.073614 -0.081638 0.333884 0.178383 -0.156663 0.437263 -0.019129 0.321541 0.036935 0.259365 -0.292658 0.186046 -0.134455 -0.116859 -0.167463 -0.095929 -0.361967 -0.162686 -0.024910 0.233207 -0.136297 -0.075039 -0.165124 0.215023 -0.283748 -0.044820 0.054617 -0.076227 -0.050470 0.041500 -0.012390 0.179375 -0.008535 0.082942 0.139126 0.262937 -0.174939 -0.090877 -0.040504 0.056155 -0.097418 -0.089734 -0.112928 -0.164633 -0.065987 -0.174397 -0.060163 0.122312 -0.518493 -0.412771 0.120143 0.428863 -0.454056 -0.371460 -0.217933 0.237651 -0.154659 -0.004465 -0.038254 0.048639 0.116435 0.202540 0.035734 -0.062524 -0.104460 -0.169298 -0.139317 -0.061974 0.224002 0.206797 -0.101921 0.094268 0.334522 -0.115945 0.442609 0.297359 0.100367 -0.049819 -0.238994 0.263742
-0.271093 -0.512096 -0.102613 0.389779 -0.175538 0.210199 0.192103 0.351243 -0.290533 0.307486 0.248975 -0.052300 0.216130 -0.307536 -0.286684 -0.399735 -0.237993 -0.292685 -0.339050 -0.194795 0.345423 0.572967 0.537383 0.258735 0.536638 1.000000 0.174517 0.711929 -0.296003 -0.204579 -0.143704 0.343068 -0.088851 -0.067780 0.133508 0.194661 -0.040261 -0.110182 0.244791 0.171115 -0.322538 0.312256 0.254867 0.232753 0.324591 0.425314 0.060608 0.074614 0.549201 0.266568 0.136914 0.461869 -0.173045 0.051644 0.006965 0.237627 -0.236705 -0.271775 -0.152418 0.132920 -0.367515 0.090513 -0.386859 -0.364320 0.234121 0.236370 -0.142780 0.115068 -0.401449 -0.431960 -0.004978 0.429557 -0.220030 -0.098199 -0.023028 0.008020 -0.087838 0.038630 -0.370770 -0.443719 -0.217904 -0.470347 0.249587 0.183742 -0.205066 -0.253995 -0.009705 -0.003158 -0.393935 -0.108995 -0.095942 -0.109661 -0.239538 -0.273484 -0.089010 -0.085560 -0.100080 -0.176127 -0.047489 -0.091239 -0.227974 -0.230083 -0.322081 -0.297323 -0.086343 -0.008444 -0.102767 -0.009585 0.024095 -0.053888 0.160342 0.251707 -0.100908 -0.139634 -0.169176 -0.089652
-0.157955 -0.267461 0.373218 -0.075751 -0.080711 0.669130 0.060706 0.261411 0.069951 0.308522 -0.081424 -0.499453 -0.069721 -0.195080 0.028125 0.082784 -0.152842 -0.371232 -0.194367 0.043196 0.665342 0.173305 0.227544 0.139261 0.490054 0.174517 1.000000 0.461864 -0.184888 -0.261382 0.154200 0.068589 -0.123711 -0.059895 0.020122 0.177474 0.150762 0.037649 0.351861 0.117604 0.271347 0.379716 0.042728 0.210466 0.236463 0.184061 -0.199467 -0.057840 -0.298609 0.067632 0.006112 -0.177829 -0.284286 -0.559740 -0.093250 -0.107661 -0.213144 -0.030693 -0.285445 -0.024399 -0.191571 -0.314885 -0.033629 -0.176334 0.073658 -0.322103 -0.332787 0.035831 -0.246639 -0.090110 -0.023559 0.421636 -0.124169 0.046840 -0.139743 0.107740 -0.136352 -0.236643 -0.212596 -0.154789 0.145170 -0.052472 0.038970 -0.171055 -0.299930 -0.212382 0.243006 0.622740 -0.251130 -0.421188 -0.378565 0.093384 -0.153030 -0.122978 0.115262 -0.069497 0.165855 0.077502 -0.052774 -0.250835 -0.028394 -0.327979 -0.075294 -0.151778 0.296178 0.317121 -0.260114 -0.002140 0.274055 -0.079192 0.338305 0.200528 0.085350 -0.153867 -0.147691 0.115732
-0.216410 -0.269247 -0.156215 0.194383 -0.454904 0.356806 -0.053501 0.233718 -0.396874 0.278157 0.195057 -0.208827 0.361812 -0.430159 -0.544697 -0.415683 -0.156249 -0.189943 -0.245662 -0.121318 0.638524 0.591767 0.400222 -0.034230 0.532656 0.711929 0.461864 1.000000 -0.235762 -0.114819 -0.120903 0.107434 0.008949 -0.257307 -0.016330 -0.042528 0.116494 0.064560 0.269767 0.096207 -0.278862 0.319707 0.150518 0.378637 0.296880 0.220391 0.040891 -0.049042 0.315855 0.374692 0.454406 0.337618 -0.230676 -0.236576 0.052081 0.232443 -0.047593 0.008997 -0.053746 0.355756 -0.223181 0.079583 -0.102030 0.006154 0.102092 0.054033 -0.157218 -0.081041 -0.268492 -0.198596 0.039880 0.470208 -0.054003 0.141448 0.066386 0.151142 -0.008898 -0.214769 -0.451418 -0.235124 -0.158970 -0.325010 0.409539 0.205667 -0.292256 -0.171970 0.155385 0.131234 -0.400057 -0.179752 -0.390294 -0.168771 -0.421288 -0.322656 -0.090424 -0.061564 0.048472 -0.046120 0.031817 -0.062284 -0.166894 -0.202663 -0.097425 -0.357230 0.097229 0.057777 -0.158280 -0.021576 0.222878 0.080477 0.116491 0.231988 -0.097922 -0.213983 -0.150235 0.058918
0.116818 0.067447 -0.124955 -0.384412 -0.123331 -0.281766 -0.331016 -0.437533 0.279388 -0.405841 -0.071368 0.058752 -0.198067 -0.160212 0.146628 0.263596 0.511279 0.413206 0.413134 0.403204 -0.160822 -0.319715 -0.347238 -0.212573 -0.235891 -0.296003 -0.184888 -0.235762 1.000000 0.672048 0.332988 -0.014082 0.510115 0.283418 -0.034813 -0.027896 -0.048853 -0.009763 -0.337087 -0.381891 0.084542 -0.484598 -0.060339 0.081260 -0.140054 -0.143795 -0.157294 -0.145121 -0.262728 -0.168364 -0.140829 -0.215656 -0.148953 -0.062778 -0.300033 -0.341299 0.078077 0.117541 -0.069131 -0.310702 0.257961 -0.163219 0.364711 0.361446 -0.032032 -0.217156 0.125790 -0.123952 0.280085 0.225366 0.327745 0.042557 0.768849 0.365623 0.540309 0.375583 0.426151 0.251086 0.412783 0.466917 0.647996 0.548812 0.219772 0.076293 0.184786 0.410304 0.196085 -0.172947 -0.078572 -0.238787 -0.088661 0.069465 -0.138893 0.095422 0.022174 -0.036571 -0.050654 -0.158001 -0.240421 -0.070158 -0.046927 0.004988 -0.043050 -0.115725 -0.186431 -0.336095 0.158605 -0.106777 0.079791 0.073396 -0.081399 -0.287676 -0.316810 -0.189099 -0.138775 0.084572
0.080817 0.172457 -0.222057 -0.089066 -0.017743 -0.198969 -0.178323 -0.239750 0.194528 -0.227821 0.114758 0.405823 0.151376 0.203669 0.166338 0.397458 0.525907 0.444264 0.182085 0.278203 -0.176075 0.001477 -0.273379 -0.149870 -0.166836 -0.204579 -0.261382 -0.114819 0.672048 1.000000 0.080136 0.035265 0.459927 0.232655 -0.073229 -0.218744 -0.117905 -0.023908 -0.219940 -0.397138 0.057447 -0.322556 -0.088976 0.095465 -0.190791 -0.216798 -0.240363 -0.347835 -0.136763 -0.243133 0.029431 -0.066194 -0.091960 0.015813 -0.236740 -0.247542 -0.031372 -0.032413 -0.116274 -0.239568 0.392791 0.099083 0.356545 0.447496 0.021605 0.078375 0.005555 -0.340417 0.293070 0.177719 0.290165 -0.064564 0.726884 0.343542 0.379694 0.270207 0.244587 0.094282 0.365835 0.501510 0.357074 0.421981 0.140267 0.290970 0.102389 0.397183 0.232970 -0.290242 -0.141817 -0.068798 -0.222753 -0.196044 -0.164195 -0.103673 0.023427 0.094695 -0.051277 -0.121553 -0.307362 -0.071769 -0.027551 -0.054382 -0.037073 -0.192632 -0.302655 -0.339381 0.052074 -0.134916 0.191757 0.211863 -0.219181 -0.261725 -0.353240 -0.127524 0.084538 0.199219
-0.077665 -0.119655 0.336232 -0.084093 -0.179809 -0.150527 0.142321 0.092063 0.083131 -0.327224 0.107119 -0.030152 -0.296845 0.071667 0.232299 0.083025 0.054970 0.189285 -0.277753 -0.106362 -0.179044 -0.522801 0.122011 0.312954 -0.380449 -0.143704 0.154200 -0.120903 0.332988 0.080136 1.000000 0.556405 0.196773 0.289443 0.147290 -0.175519 -0.053072 -0.132933 -0.158863 -0.149857 0.293000 -0.447847 -0.000851 -0.061796 0.248618 -0.038168 -0.025761 -0.327549 -0.039376 0.146397 0.062319 -0.021342 0.023712 -0.356808 -0.080451 -0.379233 0.019720 -0.162281 0.030385 -0.393664 0.139733 -0.256863 -0.161405 -0.135838 0.262128 -0.303276 -0.203736 -0.086736 -0.383854 -0.337877 -0.141052 0.335036 0.330087 0.434705 0.284222 0.269192 0.130869 0.096431 0.092456 0.164917 0.307620 0.182756 0.077089 -0.516057 0.374927 0.303867 0.025573 -0.009406 0.131741 -0.151076 -0.185244 -0.248875 -0.064093 -0.065247 0.033946 -0.287613 -0.076351 -0.484164 -0.288798 -0.315963 -0.014614 -0.235428 -0.063618 -0.222744 -0.187773 -0.243123 -0.079348 -0.407172 -0.298684 0.012731 -0.345692 -0.337113 -0.150964 -0.019867 0.069021 -0.412928
-0.201051 -0.358557 0.325921 0.369404 -0.088135 -0.053154 0.477302 0.504962 0.064772 0.119008 0.380511 0.185741 0.052868 0.131580 0.186370 0.004631 -0.125343 0.153311 -0.600988 -0.266992 -0.009896 -0.109617 0.418446 0.605700 -0.132034 0.343068 0.068589 0.107434 -0.014082 0.035265 0.556405 1.000000 -0.223096 0.062374 0.051228 -0.261818 -0.242106 -0.286827 -0.162691 -0.186512 -0.099843 -0.080759 0.188149 0.010450 0.321383 0.425170 -0.093661 -0.370711 0.375949 0.420128 0.084209 0.335312 0.077398 -0.112344 -0.124452 -0.347375 -0.207649 -0.516420 -0.001149 -0.168376 -0.017700 0.034994 -0.520482 -0.462383 0.229577 0.001886 -0.321125 -0.139821 -0.625471 -0.579105 -0.017179 0.409422 0.052934 0.064322 -0.037937 0.134348 -0.199856 -0.007830 -0.268444 -0.393361 -0.110768 -0.241477 0.203223 0.033692 0.061861 -0.122411 -0.140573 -0.015823 -0.068539 -0.117320 -0.049048 -0.282863 0.086506 -0.038420 -0.144037 -0.349273 -0.495985 -0.648056 -0.428314 -0.388373 0.010468 -0.204061 -0.289506 -0.232976 -0.309986 -0.271066 -0.179477 -0.273323 -0.375816 -0.131653 -0.434865 -0.178357 -0.179406 -0.042469 -0.011123 -0.474623
0.190166 0.238450 -0.321712 -0.423854 -0.112029 -0.105159 -0.396200 -0.544668 0.014151 -0.483525 -0.027714 0.140749 -0.102296 -0.051703 -0.085431 -0.004752 0.228658 0.187730 0.478751 0.342846 -0.149296 0.002249 -0.232459 -0.369693 -0.065764 -0.088851 -0.123711 0.008949 0.510115 0.459927 0.196773 -0.223096 1.000000 0.648705 0.331992 0.005815 0.038794 0.010206 -0.166432 -0.170743 0.091174 -0.324434 -0.137359 0.161494 -0.162451 -0.314373 -0.033978 -0.182490 -0.220890 -0.347518 -0.039734 -0.127467 -0.298002 -0.160013 -0.336393 -0.091225 0.160285 0.460835 -0.102284 -0.285866 0.288672 0.055077 0.443579 0.591045 0.054606 0.086589 0.283693 -0.084934 0.432873 0.291894 0.124061 -0.115252 0.523751 0.348356 0.449187 0.280212 0.353707 0.138998 0.356011 0.581636 0.402879 0.429382 -0.099243 -0.223073 0.094289 0.416948 0.137375 -0.255553 -0.317732 -0.288111 -0.361817 -0.056770 -0.369126 -0.138333 0.122916 -0.116701 0.222560 -0.107782 -0.063860 0.186944 -0.219425 -0.110050 0.081445 -0.054015 0.109829 -0.011747 0.213922 0.002763 0.128488 0.231088 -0.027092 -0.171641 -0.255099 -0.047068 0.070448 0.268047
0.048001 0.098311 0.040028 -0.346589 0.125423 -0.002763 -0.098935 -0.277610 0.206720 -0.251323 -0.171651 0.100592 -0.198869 0.091770 0.225721 0.223984 -0.027470 -0.091811 0.075432 0.017874 -0.332623 -0.173208 -0.158699 -0.091272 -0.110941 -0.067780 -0.059895 -0.257307 0.283418 0.232655 0.289443 0.062374 0.648705 1.000000 0.467497 0.324405 -0.006364 -0.075676 -0.055569 0.014161 0.309646 -0.206978 -0.184143 0.026369 -0.015031 0.002030 -0.162111 -0.089024 -0.249925 -0.259667 -0.337411 -0.221634 -0.400471 -0.165314 -0.389224 -0.145299 0.005648 0.241186 0.002716 -0.370160 0.482961 0.074774 0.147274 0.250250 0.227399 0.248122 0.335061 0.341796 0.084774 0.015609 -0.173527 -0.200685 0.120042 -0.064818 0.010871 -0.087328 -0.082607 0.070240 0.209588 0.304019 0.193147 0.351630 -0.388885 -0.303053 0.099683 0.245495 -0.012472 -0.109251 -0.256189 -0.364648 -0.202651 -0.078621 -0.207314 -0.163907 0.122476 -0.342268 0.089157 -0.321790 -0.252579 -0.080200 -0.326850 -0.316545 -0.144302 -0.011854 0.102370 0.067072 -0.035054 0.020164 -0.104860 -0.157539 0.023805 -0.296331 -0.072976 -0.000734 -0.074394 -0.077146
-0.145352 -0.219963 -0.096286 0.031601 0.154460 0.047466 0.027471 -0.105550 0.104062 -0.140967 -0.067287 -0.167602 -0.088949 -0.051867 0.036011 -0.011740 -0.208391 -0.282613 0.151411 0.083918 -0.107059 0.203517 0.219259 0.146126 0.146854 0.133508 0.020122 -0.016330 -0.034813 -0.073229 0.147290 0.051228 0.331992 0.467497 1.000000 0.329625 0.064798 0.010650 0.156294 0.227880 0.240701 0.003568 0.020165 -0.014197 -0.093439 -0.099457 -0.051231 0.023807 -0.128733 -0.296929 -0.326417 -0.084350 -0.248767 -0.179688 -0.184771 0.158955 -0.167833 0.055094 -0.266178 -0.268896 0.074492 -0.061842 0.106593 0.001149 0.195890 0.113452 0.195091 0.120318 0.097545 -0.107764 -0.054095 0.129278 0.006977 0.020043 0.163312 0.047111 -0.028846 0.141272 0.160892 0.076014 0.099343 0.012327 -0.235673 -0.262947 0.090432 0.092561 -0.132775 -0.058075 -0.098976 0.001381 -0.230430 -0.118322 -0.125505 -0.112367 0.299942 0.138038 0.400868 0.021057 -0.254496 0.060494 -0.328557 -0.260093 -0.119867 -0.026741 0.237841 0.336532 -0.093326 0.083583 0.084444 0.039624 0.195529 0.054981 -0.200273 0.297238 0.196815 0.163912
-0.230067 -0.264889 0.080723 -0.055855 0.272561 0.174534 0.031297 -0.018857 0.199005 0.096495 -0.460207 -0.279933 -0.262395 -0.096924 0.103232 -0.029627 -0.157062 -0.424163 0.115403 0.033789 -0.023646 0.085781 0.010298 0.039622 0.235935 0.194661 0.177474 -0.042528 -0.027896 -0.218744 -0.175519 -0.261818 0.005815 0.324405 0.329625 1.000000 0.301467 0.249465 0.377581 0.340094 0.279181 0.281644 -0.028244 -0.075578 -0.037745 0.072084 -0.191245 0.437597 -0.204148 -0.255563 -0.457125 -0.230868 -0.386681 -0.023689 -0.095176 0.212348 -0.259255 -0.043052 -0.207916 -0.119224 -0.041073 -0.127327 -0.027999 -0.162265 0.053450 0.128947 0.220429 0.546282 0.004632 0.004738 -0.155730 -0.034671 -0.280269 -0.323837 -0.102496 -0.289389 0.010539 0.290521 0.007905 -0.057101 0.059514 -0.076797 -0.218203 -0.068889 -0.094342 -0.123228 -0.030692 0.081865 -0.113773 -0.122525 0.086111 0.250151 -0.087062 -0.250010 0.193658 0.180462 0.267762 0.313620 0.002242 -0.092655 -0.328781 -0.233892 -0.248572 -0.062242 0.123708 0.229086 -0.092411 0.210892 0.188659 -0.174465 0.695848 0.060247 -0.098003 -0.195946 -0.341133 0.101026
