1.000000 0.704885 -0.027079 -0.129785 0.038342 -0.252565 0.245290 -0.122785 0.015961 -0.185413 -0.058183 0.029167 -0.061564 0.028855 -0.294466 -0.361263 0.191277 0.091944 0.220408 0.035224 -0.612167 -0.449601 -0.332537 -0.473605 -0.397838 -0.504144 -0.278397 -0.443224 0.176096 0.050983 -0.311604 -0.546833 -0.047345 -0.067820 -0.267830 -0.237509 -0.132763 -0.198415 -0.381575 -0.155483 -0.278188 -0.168999 0.094816 0.014407 0.281788 0.236642 -0.005091 0.034226 0.153959 0.094188 -0.080573 -0.104410 0.508233 -0.055080 -0.299028 -0.401241 0.357762 0.182065 0.380716 0.212860 0.249342 0.136170 0.318641 0.259364 -0.044901 -0.121580 0.183295 -0.184685 0.250362 0.186970 0.039662 -0.277635 0.225810 0.085893 0.044371 0.176137 0.375858 0.006456 0.161850 0.006786 0.347659 0.447193 -0.469371 -0.112318 -0.531888 -0.387304 -0.226986 -0.047074 -0.403439 -0.298408 -0.208874 0.075368 0.036306 0.095352 -0.042694 -0.273355 -0.290812 0.010945 -0.053723 -0.032335 0.148755 0.047082 0.240298 0.215387 -0.071919 -0.154066 0.235287 0.369004 0.047215 -0.062737 -0.057424 0.009423 -0.203014 0.014857 -0.336456 -0.125002
0.704885 1.000000 -0.290949 -0.248351 -0.147452 -0.429807 0.049963 -0.144594 -0.066146 -0.267161 -0.003384 0.069030 -0.024332 -0.034313 -0.272586 -0.417617 0.245895 0.334562 0.146570 -0.101584 -0.461962 -0.396203 -0.335495 -0.521817 -0.326257 -0.378969 -0.371627 -0.478180 0.270001 0.240668 -0.083251 -0.327218 0.132174 0.112978 -0.217919 -0.250613 -0.080461 -0.140306 -0.439395 -0.293667 -0.287549 0.009381 -0.037920 -0.077919 0.066228 -0.015850 0.082405 -0.090731 0.107400 0.015734 -0.048631 -0.095223 0.312748 -0.139053 -0.241510 -0.442587 0.494267 0.566398 0.173318 0.363030 0.136689 0.140629 0.498663 0.589852 -0.099550 -0.137601 0.414201 -0.060957 0.398706 0.115434 -0.071285 -0.285176 0.335121 0.159159 0.148775 0.140319 0.357489 -0.012401 0.280624 0.262301 0.395747 0.508144 -0.344142 -0.226025 -0.258371 -0.208117 -0.044227 -0.193038 -0.439969 -0.357964 -0.352688 -0.139086 -0.120999 -0.000343 -0.121913 -0.149290 -0.147453 0.071643 0.182849 0.126774 -0.045062 0.244217 -0.096375 0.145065 -0.052845 -0.129181 0.258378 0.289970 0.123960 -0.077854 -0.031769 0.052793 -0.072731 -0.154448 -0.244841 0.018610
-0.027079 -0.290949 1.000000 0.142621 0.569725 0.231771 0.678185 0.242477 0.540336 0.440326 0.012835 0.066714 0.205713 0.076055 0.340552 0.243054 -0.281621 -0.302169 0.138896 0.150362 -0.151887 -0.152470 0.433100 0.133792 0.100426 -0.037356 0.276850 0.152664 -0.279536 -0.412411 -0.125709 -0.032580 -0.218502 0.057703 0.014500 -0.121849 -0.527489 -0.326143 0.012499 0.116221 -0.129260 -0.429380 -0.286918 -0.262163 -0.158733 -0.054724 -0.412427 -0.303499 -0.026655 -0.197903 0.019759 -0.387457 -0.163368 -0.062876 0.140109 -0.035564 -0.493378 -0.437559 0.398561 0.033136 0.367439 0.355079 -0.496439 -0.278931 0.401868 0.300471 -0.102940 -0.127157 -0.414776 0.243102 -0.302760 -0.158748 -0.396715 -0.380731 -0.384574 -0.264391 -0.206020 -0.217714 -0.230987 -0.386403 -0.229517 -0.210079 0.005170 0.018994 -0.232360 -0.277512 0.050139 0.096971 0.318018 0.395298 0.127774 0.357459 0.189187 0.240620 -0.028432 0.033597 -0.070939 -0.248472 -0.313166 -0.234018 -0.001036 -0.034891 0.159756 0.013554 -0.034530 0.043701 0.245751 0.159228 -0.067955 -0.101523 -0.232415 -0.197031 -0.090518 -0.077473 -0.104035 -0.014844
-0.129785 -0.248351 0.142621 1.000000 -0.245927 0.563386 -0.015867 0.659426 -0.127468 0.238360 -0.304278 -0.073895 -0.109523 0.124148 0.186528 0.403308 -0.394748 -0.440538 0.285452 0.330718 0.095784 0.173741 0.276773 0.507111 0.191338 0.389957 0.348225 0.492219 -0.381005 -0.226631 -0.003814 0.198849 -0.158618 0.199098 0.127337 0.303213 -0.189057 -0.029853 0.158670 0.193817 0.010528 -0.241262 -0.159446 -0.120142 -0.163246 -0.019274 -0.203251 -0.253464 0.075267 -0.002269 0.213233 -0.019994 0.208733 0.146151 -0.126314 -0.057710 -0.281786 -0.448359 -0.000337 -0.177377 0.029526 0.122768 -0.319012 -0.271577 0.029491 0.517947 -0.410973 0.015940 -0.174644 0.050394 -0.101025 0.001036 -0.374420 -0.148146 -0.265344 -0.073827 -0.093229 0.052128 -0.271969 -0.288684 -0.555883 -0.444666 0.192523 0.261700 -0.070644 0.155170 0.068822 0.466949 0.364284 0.303377 0.018573 -0.075031 0.066240 -0.039903 -0.092470 -0.216054 -0.553102 -0.406775 -0.418714 -0.579592 0.049957 -0.138337 0.194707 -0.259420 -0.442780 -0.389433 0.082778 0.017082 -0.138042 -0.211453 -0.202570 -0.349772 -0.120537 -0.137341 -0.241881 -0.349828
0.038342 -0.147452 0.569725 -0.245927 1.000000 0.111024 0.452081 -0.193529 0.580265 0.486571 0.089155 0.221703 0.085035 0.153806 0.370032 0.225762 -0.022093 -0.036178 0.140611 0.201946 -0.265221 -0.287595 -0.038239 -0.280272 0.050939 -0.366699 0.237542 -0.163740 0.061112 -0.305556 -0.359195 -0.265202 -0.192301 -0.192739 -0.036816 -0.417596 -0.409306 -0.245801 -0.071832 0.137798 -0.116376 -0.502340 -0.005826 -0.076478 0.067334 0.119913 -0.046977 0.061253 0.085056 0.059577 0.023156 -0.121081 -0.129618 -0.117104 -0.025006 -0.034916 -0.494013 -0.382750 0.414479 0.235122 0.291502 0.183632 -0.323485 -0.154975 0.230817 -0.038460 0.034061 -0.179559 -0.211616 0.073173 -0.122445 -0.227366 -0.164186 -0.383172 -0.257893 -0.127732 -0.093017 -0.034296 -0.096480 -0.115256 -0.006085 -0.082496 -0.018773 0.082867 -0.095157 -0.136387 -0.168453 -0.097540 0.045722 0.169505 0.287140 0.543562 0.126879 0.171444 -0.002561 0.105378 0.040616 -0.209034 -0.104746 -0.002148 0.011203 -0.098961 0.190030 0.097689 0.109300 0.241673 0.093356 0.155534 -0.038594 0.241994 -0.203601 -0.002637 0.029700 0.132873 0.115984 0.000396
-0.252565 -0.429807 0.231771 0.563386 0.111024 1.000000 -0.112584 0.392491 -0.032798 0.588891 -0.429216 -0.088330 -0.279043 -0.041235 0.150293 0.335792 -0.362859 -0.460504 0.355325 0.254709 0.184947 0.095825 0.139425 0.278880 0.457562 0.387571 0.608428 0.576894 -0.284551 -0.258269 -0.153833 0.128211 -0.116367 0.015779 0.408731 0.160497 -0.127419 0.220693 0.370988 0.491871 0.183958 -0.201875 -0.023000 -0.006700 -0.152793 0.027461 -0.112343 -0.079294 0.235687 -0.077598 0.188077 -0.023019 -0.007253 -0.016700 0.004780 0.159473 -0.367890 -0.416762 0.092071 -0.080091 0.113240 0.163616 -0.472416 -0.263384 0.020126 0.375397 -0.182123 0.270540 -0.350360 -0.076518 -0.168292 -0.059854 -0.360809 -0.249247 -0.293564 -0.146109 -0.311399 0.049930 -0.430950 -0.362616 -0.512587 -0.571513 0.352019 0.144465 0.039568 0.209336 0.040575 0.375908 0.419142 0.364344 0.077767 0.113632 0.056243 0.046983 0.149585 -0.167994 -0.186978 -0.281478 -0.398148 -0.264210 0.114684 -0.200095 0.265200 -0.247098 -0.365850 -0.295210 -0.175941 -0.174812 -0.279854 0.095026 -0.045129 -0.210810 -0.087381 0.140079 -0.090381 -0.417081
0.245290 0.049963 0.678185 -0.015867 0.452081 -0.112584 1.000000 0.229581 0.658330 0.271367 0.365937 0.428697 0.517977 0.461150 0.434551 0.305832 -0.034092 0.054044 -0.026839 0.164532 -0.449915 -0.532942 0.287454 -0.186716 -0.030734 -0.369822 -0.144453 -0.293661 0.060837 -0.101707 -0.089987 -0.249854 -0.107417 0.044213 -0.282638 -0.353306 -0.408346 -0.461633 -0.344618 -0.272409 -0.406972 -0.336411 -0.317781 -0.412509 -0.116738 -0.067140 -0.303201 -0.145630 -0.252772 -0.255734 -0.273097 -0.442824 -0.093499 -0.063481 0.002666 -0.394569 -0.289556 -0.350627 0.274065 -0.001370 0.367343 0.410247 -0.135435 0.049483 0.441385 0.173087 -0.156993 -0.412312 -0.260059 0.284511 -0.122142 -0.202063 -0.088910 -0.142665 -0.215885 0.028945 0.034444 -0.117524 -0.100900 -0.184270 0.089287 0.135339 -0.061820 0.092624 -0.181911 -0.195609 -0.069452 -0.240933 0.014340 0.172308 -0.032217 0.148728 0.165865 0.183065 -0.177936 0.131229 -0.282322 -0.049645 -0.245110 -0.238079 -0.037967 0.078057 0.109437 0.059979 -0.001093 0.046417 0.429613 0.155427 0.074833 -0.171609 -0.317778 -0.200955 -0.060415 -0.010856 -0.208947 0.170292
-0.122785 -0.144594 0.242477 0.659426 -0.193529 0.392491 0.229581 1.000000 0.010380 0.306600 -0.199952 0.160582 0.047116 0.282335 0.050787 0.346244 -0.203276 -0.217999 0.011482 0.171515 -0.001065 -0.048060 0.263454 0.361429 0.220052 0.320593 0.118514 0.364600 -0.210669 -0.088569 0.149571 0.154692 -0.056434 0.188705 -0.071599 0.192662 -0.177771 -0.177129 -0.083423 -0.054008 -0.101382 -0.172148 -0.295451 -0.193880 -0.202343 -0.088860 -0.191325 -0.272743 0.069319 -0.006983 0.023913 -0.001411 0.158956 0.061527 -0.155957 -0.196268 -0.184290 -0.301639 0.021115 -0.198760 0.047024 0.344053 -0.258025 -0.048713 0.163831 0.636587 -0.420141 -0.041694 -0.145367 0.044505 0.006912 -0.100379 -0.196590 0.092780 -0.083597 0.019246 0.020644 0.002806 -0.209608 -0.222697 -0.464010 -0.384753 0.094238 0.041466 -0.011006 0.155429 0.062621 0.224404 0.117224 0.284348 -0.045511 -0.162645 0.064357 0.067495 -0.321737 -0.200344 -0.428580 -0.362479 -0.215413 -0.477086 -0.034796 -0.016620 0.031216 -0.189286 -0.319090 -0.317890 0.115937 -0.105256 0.009101 -0.485994 -0.140223 -0.235331 -0.276876 -0.223642 -0.218887 -0.162327
0.015961 -0.066146 0.540336 -0.127468 0.580265 -0.032798 0.658330 0.010380 1.000000 0.526379 0.225693 0.367174 0.437769 0.526380 0.634439 0.519215 -0.146898 -0.029254 0.009385 0.145577 -0.397726 -0.316175 0.088320 -0.255786 0.040307 -0.286466 -0.104891 -0.198165 0.051054 -0.087740 -0.065361 -0.086964 -0.166282 0.080532 -0.180095 -0.322440 -0.240708 -0.165550 -0.173998 -0.068391 -0.279010 -0.255493 -0.243794 -0.257391 -0.144242 -0.148044 -0.253196 -0.014815 -0.058731 -0.061095 -0.242397 -0.318264 -0.171462 -0.040218 0.136942 -0.227388 -0.357646 -0.321663 0.405354 0.045297 0.482378 0.485866 -0.238843 0.077215 0.268441 0.045464 -0.111424 -0.383322 -0.189010 0.081864 -0.283285 -0.196930 -0.196832 -0.317207 -0.271348 -0.145303 -0.086742 -0.149269 -0.000916 -0.147959 0.006816 0.060582 0.059172 0.278480 -0.207584 -0.148886 -0.187285 -0.122674 0.016604 0.232686 0.179027 0.325092 0.138143 0.188432 -0.096645 0.110597 -0.065622 -0.042876 -0.159381 -0.003764 -0.041303 -0.017520 0.014454 -0.047748 -0.030552 0.022705 0.254501 0.096861 -0.037658 -0.028519 -0.279379 0.001875 0.025420 0.132148 -0.074620 0.030349
-0.185413 -0.267161 0.440326 0.238360 0.486571 0.588891 0.271367 0.306600 0.526379 1.000000 -0.165162 0.055082 -0.034148 0.263258 0.440838 0.478312 -0.319507 -0.244663 0.409078 0.291687 -0.110823 -0.147280 -0.022117 -0.079305 0.360055 0.084873 0.299577 0.241810 -0.130470 -0.197811 -0.177367 -0.000487 -0.274353 0.026974 0.246682 -0.121681 -0.258753 0.055952 0.089535 0.289699 -0.000428 -0.309103 -0.166614 -0.123961 -0.130671 -0.044096 -0.151052 -0.148338 0.247692 0.006841 0.097440 -0.167690 -0.178887 -0.091397 0.094798 -0.068617 -0.417061 -0.400753 0.345570 0.005304 0.479243 0.399823 -0.462527 -0.091868 0.213657 0.379794 -0.194197 -0.059164 -0.303971 -0.089831 -0.331776 -0.142390 -0.317326 -0.347828 -0.314873 -0.209224 -0.259771 -0.112319 -0.245302 -0.237608 -0.443909 -0.422206 0.258131 0.129515 -0.073544 0.104074 0.059809 0.178191 0.259316 0.416093 0.127308 0.221312 0.151695 0.149195 0.086973 0.011154 -0.199379 -0.332860 -0.394491 -0.242477 0.054931 -0.034668 0.030024 -0.234910 -0.290203 -0.143108 -0.005634 0.004910 -0.159402 0.013640 -0.270961 -0.007593 -0.075489 0.118302 -0.094545 -0.304773
-0.058183 -0.003384 0.012835 -0.304278 0.089155 -0.429216 0.365937 -0.199952 0.225693 -0.165162 1.000000 0.673585 0.758420 0.484439 0.477421 0.197892 0.443278 0.390128 -0.158968 -0.283193 0.151899 -0.196668 0.371446 -0.261588 -0.017718 -0.172088 -0.077177 -0.156301 0.479073 0.319232 0.226164 0.018523 0.087885 -0.061956 -0.350312 -0.332711 -0.004591 -0.262977 -0.141898 -0.297968 -0.126312 0.015033 0.080218 -0.074292 0.001594 -0.148162 0.088537 0.190627 -0.307530 -0.126309 0.033042 0.054763 -0.266852 0.028690 0.062041 -0.030312 -0.154944 -0.093764 -0.225406 -0.241199 -0.014812 0.074352 0.251437 0.115557 0.437351 -0.097207 -0.251469 -0.389486 0.092775 -0.258717 0.031817 0.292789 0.356559 0.315720 0.196377 0.331029 0.404245 0.398112 0.265459 0.313435 0.283692 0.219240 0.022912 -0.066403 0.406740 0.322478 -0.018222 -0.337493 -0.180971 -0.158875 -0.348774 -0.349615 -0.394266 -0.436146 -0.134750 0.394565 0.212994 0.298125 -0.007310 0.038779 -0.423483 -0.207596 -0.175772 -0.270828 0.073534 0.056542 0.087210 -0.219387 0.184953 -0.122372 0.068933 -0.076413 -0.063907 -0.208586 0.119819 0.353002
0.029167 0.069030 0.066714 -0.073895 0.221703 -0.088330 0.428697 0.160582 0.367174 0.055082 0.673585 1.000000 0.792686 0.769842 0.575962 0.423025 0.386072 0.317057 -0.046052 -0.139929 -0.037753 -0.370934 0.254483 -0.295907 -0.004562 -0.198988 0.067518 -0.095384 0.471399 0.275153 0.035716 -0.118473 0.111169 0.058416 -0.359448 -0.443367 -0.058427 -0.332022 -0.250811 -0.269565 -0.155707 -0.160792 -0.010267 -0.270654 0.077325 -0.185884 0.029803 0.053225 -0.024491 -0.066945 0.051653 0.060518 -0.058691 -0.106031 -0.066178 -0.231516 -0.242865 -0.261243 0.066189 -0.144500 0.168662 0.469328 0.153864 0.311995 0.381790 0.148656 -0.267697 -0.416557 -0.024972 -0.175875 0.006546 0.127010 0.328070 0.256674 0.216079 0.401755 0.425084 0.426328 0.140507 0.238065 0.050647 0.033836 0.040166 -0.014361 0.241099 0.280828 -0.162053 -0.159177 -0.209837 -0.098727 -0.327915 -0.288799 -0.402366 -0.386012 -0.418409 0.165831 -0.045529 0.034683 -0.215116 -0.125680 -0.289127 -0.368103 0.089384 -0.341665 -0.190639 -0.123626 0.348908 -0.149530 0.022727 -0.290329 -0.078391 -0.281170 -0.226102 -0.167237 0.088220 0.181777
-0.061564 -0.024332 0.205713 -0.109523 0.085035 -0.279043 0.517977 0.047116 0.437769 -0.034148 0.758420 0.792686 1.000000 0.632718 0.583057 0.335199 0.325894 0.343805 -0.133472 -0.251846 -0.019142 -0.206251 0.371761 -0.229143 -0.129680 -0.162702 -0.125548 -0.140742 0.448893 0.373352 0.142569 -0.045675 0.169108 0.188902 -0.395550 -0.409332 -0.130025 -0.351460 -0.121024 -0.296389 -0.127113 -0.091491 -0.101404 -0.334596 -0.000719 -0.306711 -0.088809 0.013173 -0.140610 -0.173262 -0.075949 -0.089700 -0.177661 0.008849 0.214813 -0.054548 -0.231380 -0.188141 0.054214 -0.168177 0.240006 0.424042 0.095918 0.257429 0.308521 -0.029978 -0.259285 -0.495976 -0.088409 -0.137857 -0.200757 0.193007 0.297687 0.245905 0.152581 0.299245 0.326770 0.324610 0.258880 0.301212 0.066084 0.130379 0.051796 -0.049583 0.127538 0.096597 -0.009610 -0.211788 -0.094280 -0.029790 -0.335333 -0.288995 -0.258384 -0.287902 -0.192290 0.268047 0.119150 0.172260 -0.196547 0.004276 -0.306491 -0.235600 -0.060143 -0.258217 -0.022922 0.052163 0.288041 -0.172241 -0.033506 -0.310186 -0.110216 -0.227930 -0.100319 -0.081257 0.122603 0.349617
0.028855 -0.034313 0.076055 0.124148 0.153806 -0.041235 0.461150 0.282335 0.526380 0.263258 0.484439 0.769842 0.632718 1.000000 0.600790 0.674859 0.160608 0.155909 -0.002747 0.104838 -0.137116 -0.298963 0.111649 -0.153660 -0.077845 -0.206208 -0.063231 -0.097936 0.332538 0.184818 0.083003 -0.025905 -0.135309 0.067225 -0.382628 -0.305201 0.060050 -0.225680 -0.196593 -0.228341 -0.187899 -0.182550 -0.069300 -0.240294 -0.015245 -0.192962 -0.088526 0.032692 -0.113287 0.017917 -0.073289 -0.081977 -0.093905 -0.033782 -0.043025 -0.340610 -0.239195 -0.384231 0.036390 -0.270443 0.178215 0.400321 0.061826 0.208803 0.177017 0.180443 -0.490260 -0.577710 -0.005879 -0.169335 0.047147 0.022752 0.158983 0.112178 0.077847 0.288049 0.270869 0.217701 0.068987 0.098371 -0.011691 0.024973 0.104367 0.289699 0.080696 0.225736 -0.175692 -0.103411 -0.178139 0.037517 -0.144472 -0.131661 -0.184646 -0.225949 -0.340459 0.179406 -0.200113 -0.064498 -0.228221 -0.216148 -0.188977 -0.278619 0.111677 -0.268484 -0.159665 -0.077269 0.278859 -0.095728 0.041140 -0.233692 -0.212963 -0.187400 -0.172967 0.022509 -0.054474 0.099898
-0.294466 -0.272586 0.340552 0.186528 0.370032 0.150293 0.434551 0.050787 0.634439 0.440838 0.477421 0.575962 0.583057 0.600790 1.000000 0.749645 -0.231189 -0.139797 0.074574 0.212668 0.066462 -0.028397 0.421323 0.043311 0.315263 0.087502 0.201257 0.209143 0.023065 -0.112621 0.103781 0.190391 -0.027287 0.193621 0.049023 -0.097760 -0.219529 -0.054129 0.070045 0.078148 -0.026625 -0.224329 -0.141968 -0.275988 -0.204405 -0.238273 -0.242612 -0.013480 -0.132302 -0.205880 0.009010 -0.222058 -0.314923 0.038738 0.091260 -0.109274 -0.603552 -0.502673 0.127142 -0.151249 0.311353 0.430220 -0.343092 -0.119579 0.421999 0.255034 -0.323110 -0.213404 -0.260098 -0.036202 -0.306102 0.118349 -0.263327 -0.336680 -0.345554 -0.141540 -0.113623 0.083780 -0.074340 -0.185173 -0.257551 -0.287811 0.409809 0.396524 0.154792 0.231594 -0.115361 0.192215 0.292058 0.339017 0.051071 0.010167 -0.204620 -0.230594 -0.123211 0.098359 -0.049001 -0.168974 -0.323092 -0.256274 -0.167441 -0.369481 0.082082 -0.443145 -0.291886 -0.193334 0.133304 -0.152741 -0.215105 0.019006 -0.189350 -0.368524 0.025018 -0.131708 -0.095983 -0.060430
-0.361263 -0.417617 0.243054 0.403308 0.225762 0.335792 0.305832 0.346244 0.519215 0.478312 0.197892 0.423025 0.335199 0.674859 0.749645 1.000000 -0.288855 -0.197705 0.034826 0.465700 0.175568 -0.030736 0.328147 0.189971 0.317638 0.173229 0.143375 0.359383 -0.118502 -0.178978 0.086789 0.214412 -0.203011 0.223434 0.012347 0.122558 -0.132043 0.079570 0.146188 0.149947 0.058136 -0.117419 -0.136860 -0.201432 -0.143179 -0.116740 -0.211991 -0.099143 -0.044354 -0.052659 0.045962 -0.132990 -0.231849 0.126450 0.068232 -0.058927 -0.521850 -0.570632 0.069538 -0.272637 0.217344 0.354668 -0.300878 -0.121797 0.291934 0.419829 -0.436539 -0.206358 -0.179171 -0.134047 -0.057314 0.032956 -0.326629 -0.276673 -0.361368 -0.140252 -0.159585 -0.007288 -0.210661 -0.221142 -0.339035 -0.348454 0.506794 0.556041 0.082369 0.314817 -0.163025 0.259538 0.293214 0.402414 0.177463 0.040072 -0.076372 -0.180132 -0.141938 0.045400 -0.114971 -0.252950 -0.313685 -0.353392 -0.034024 -0.350478 0.167435 -0.441734 -0.323412 -0.272883 0.030155 -0.259188 -0.217178 -0.078782 -0.159085 -0.341456 -0.073841 0.006081 -0.120922 -0.196765
0.191277 0.245895 -0.281621 -0.394748 -0.022093 -0.362859 -0.034092 -0.203276 -0.146898 -0.319507 0.443278 0.386072 0.325894 0.160608 -0.231189 -0.288855 1.000000 0.713707 0.008817 -0.453756 -0.044631 -0.356756 -0.168565 -0.523133 -0.478300 -0.463590 -0.245501 -0.444357 0.718365 0.466990 -0.025205 -0.329007 0.129256 -0.266898 -0.487640 -0.564332 0.163886 -0.218585 -0.189819 -0.226881 0.028154 0.044079 0.291071 0.218444 0.359953 0.222094 0.233368 0.253693 -0.044843 0.285680 0.105126 0.354746 -0.075241 -0.106434 -0.161317 0.064213 0.422368 0.393231 -0.215302 0.023025 -0.142209 -0.131977 0.501537 0.461804 -0.020801 -0.328176 -0.019797 -0.325042 0.335057 -0.444866 0.281904 0.107268 0.725425 0.604732 0.549381 0.502962 0.624335 0.509099 0.395257 0.630416 0.366969 0.390675 -0.254502 -0.369351 0.161989 0.007612 -0.085030 -0.517765 -0.510385 -0.535196 -0.390509 -0.221397 -0.341029 -0.210623 -0.112692 0.244899 0.073447 0.293722 0.173770 0.285720 -0.374756 -0.059134 -0.125161 0.115991 0.211995 0.214571 -0.009749 -0.108676 0.394190 -0.056340 0.116466 0.254313 -0.190494 0.052707 0.408367 0.331328
0.091944 0.334562 -0.302169 -0.440538 -0.036178 -0.460504 0.054044 -0.217999 -0.029254 -0.244663 0.390128 0.317057 0.343805 0.155909 -0.139797 -0.197705 0.713707 1.000000 0.006328 -0.271617 -0.120579 -0.298046 -0.251465 -0.591317 -0.329288 -0.469319 -0.393330 -0.562103 0.725579 0.617590 0.045415 -0.238522 0.184071 -0.069528 -0.252395 -0.447034 0.055390 -0.120269 -0.219932 -0.209500 -0.024748 0.133445 0.230442 0.079105 0.129777 -0.054057 0.243765 0.155890 -0.130395 -0.101162 -0.123600 -0.066102 -0.150669 -0.266041 0.128755 -0.039687 0.365303 0.453656 -0.197568 -0.015549 -0.011199 -0.015496 0.596158 0.687204 -0.039822 -0.420564 0.042770 -0.374032 0.082756 -0.331296 0.054090 0.082649 0.749231 0.482741 0.503693 0.458168 0.460150 0.372985 0.441358 0.803925 0.506447 0.612374 -0.131616 -0.207582 0.147773 0.020286 0.050231 -0.509838 -0.300271 -0.270196 -0.420664 -0.279098 -0.208809 -0.198034 -0.015390 0.216842 0.163282 0.145067 0.175134 0.292251 -0.201977 0.069717 -0.125735 0.047266 0.131276 0.171755 0.051467 -0.092327 0.197919 -0.078615 0.031451 0.095058 -0.096965 -0.110905 0.290772 0.238949
0.220408 0.146570 0.138896 0.285452 0.140611 0.355325 -0.026839 0.011482 0.009385 0.409078 -0.158968 -0.046052 -0.133472 -0.002747 0.074574 0.034826 0.008817 0.006328 1.000000 0.176128 -0.094307 -0.197380 -0.210859 -0.301804 0.089658 -0.020384 0.301035 0.062544 0.148949 0.010572 -0.213639 -0.116959 -0.197007 -0.083813 0.144408 -0.259694 -0.151081 0.002760 0.111155 0.278193 0.060421 -0.221427 0.025945 -0.087809 0.057577 0.039881 -0.128553 -0.309049 0.319372 -0.045956 0.274584 -0.260803 -0.011911 -0.159104 -0.028434 -0.204908 -0.037511 -0.027861 0.303678 0.207760 0.387213 0.242587 0.106939 0.245562 0.101207 0.126236 0.130951 -0.008902 -0.074154 -0.124858 -0.217816 0.035233 0.034950 -0.086597 -0.046428 -0.055755 0.131299 0.220513 0.033100 0.082055 -0.203396 -0.053420 0.135036 0.004618 -0.130400 -0.018373 0.006372 0.156655 0.104802 0.079880 -0.199089 -0.054226 -0.137103 -0.153425 0.075583 -0.051372 -0.319406 -0.241907 -0.399219 -0.148271 -0.110503 0.022563 0.037368 -0.232184 -0.326413 -0.224733 0.170315 0.094204 -0.125022 0.048698 -0.232577 -0.101257 -0.223420 -0.133319 -0.118150 -0.272630
0.035224 -0.101584 0.150362 0.330718 0.201946 0.254709 0.164532 0.171515 0.145577 0.291687 -0.283193 -0.139929 -0.251846 0.104838 0.212668 0.465700 -0.453756 -0.271617 0.176128 1.000000 -0.039016 -0.006160 -0.083466 0.187787 0.248878 0.016630 0.048706 0.227951 -0.364651 -0.585857 -0.174423 -0.037885 -0.193564 0.277694 0.354661 0.286743 -0.271886 0.113612 0.213432 0.387495 0.243894 0.009699 -0.232995 -0.245588 -0.203187 0.075850 -0.479851 -0.315087 -0.055559 -0.227284 -0.200390 -0.451962 -0.127380 -0.109069 -0.135173 -0.343275 -0.223131 -0.254855 0.125677 0.026721 0.117189 0.146973 -0.266091 -0.125600 -0.004432 0.284759 -0.041906 0.218726 -0.154037 0.319172 0.010426 -0.226402 -0.499836 -0.560851 -0.516129 -0.436580 -0.450048 -0.360250 -0.163658 -0.433026 -0.123923 -0.170936 0.462838 0.606539 -0.280399 -0.096295 -0.132839 0.447231 0.280209 0.306125 0.401174 0.389533 0.239081 0.181906 0.195006 -0.235868 -0.238841 -0.347392 -0.315991 -0.323632 0.293553 0.007237 0.299565 -0.033900 -0.214678 -0.232663 0.002381 -0.085203 -0.401991 0.317770 -0.169349 -0.413935 0.007966 -0.090691 -0.369093 -0.504131
-0.612167 -0.461962 -0.151887 0.095784 -0.265221 0.184947 -0.449915 -0.001065 -0.397726 -0.110823 0.151899 -0.037753 -0.019142 -0.137116 0.066462 0.175568 -0.044631 -0.120579 -0.094307 -0.039016 1.000000 0.465204 0.400117 0.470357 0.346268 0.585128 0.330014 0.600575 -0.089008 -0.030607 0.372615 0.512775 0.160709 0.063708 0.245210 0.376214 0.289775 0.397576 0.562301 0.238546 0.547255 0.450586 0.124868 0.094944 -0.195679 -0.214356 0.071700 -0.078882 -0.101124 -0.049496 0.273766 0.293535 -0.334951 0.201769 0.227983 0.503142 -0.158629 -0.025694 -0.454478 -0.294565 -0.405368 -0.310753 -0.059057 -0.281437 0.039108 0.054112 -0.133343 0.267300 -0.005655 -0.293032 0.158368 0.384917 -0.041290 0.168333 0.102981 -0.047404 -0.110706 0.117279 -0.082186 0.014701 -0.268384 -0.343887 0.466753 -0.007683 0.526350 0.483691 0.196541 0.277401 0.232138 0.140260 0.018910 -0.309006 -0.273937 -0.362387 0.097335 0.183695 0.399840 0.010721 0.040243 -0.049763 -0.233999 -0.178804 -0.188062 -0.388618 -0.025899 -0.073284 -0.446506 -0.557825 -0.065954 0.063551 0.201286 -0.126004 -0.069644 -0.124890 0.151149 -0.007591
-0.449601 -0.396203 -0.152470 0.173741 -0.287595 0.095825 -0.532942 -0.048060 -0.316175 -0.147280 -0.196668 -0.370934 -0.206251 -0.298963 -0.028397 -0.030736 -0.356756 -0.298046 -0.197380 -0.006160 0.465204 1.000000 0.145630 0.527778 0.242606 0.489995 0.205187 0.426714 -0.232742 -0.154377 0.201811 0.450437 0.029777 0.095921 0.429496 0.486948 0.190913 0.309910 0.461630 0.283327 0.233414 0.127106 0.191385 0.174713 -0.165074 -0.173110 0.004121 0.000774 0.085927 -0.008764 0.117758 0.121834 -0.033226 0.173686 0.135659 0.357334 -0.180009 -0.106478 -0.137426 -0.141542 -0.233587 -0.337039 -0.340721 -0.417848 -0.213339 -0.110933 -0.154464 0.259283 -0.278319 -0.011601 -0.130009 0.215707 -0.262462 -0.163900 -0.120037 -0.220589 -0.305723 -0.103893 -0.001496 -0.137949 -0.255863 -0.279973 0.115313 0.076276 0.149361 0.124440 0.045092 0.357395 0.352556 0.190457 0.312574 0.031682 0.050797 0.026489 0.212669 -0.163383 0.300658 -0.163928 0.069746 0.107593 0.125301 -0.133444 -0.107633 -0.024968 -0.022292 -0.045164 -0.455974 -0.118857 -0.130258 0.045290 0.117557 -0.027313 0.328645 -0.144591 0.044570 -0.104799
-0.332537 -0.335495 0.433100 0.276773 -0.038239 0.139425 0.287454 0.263454 0.088320 -0.022117 0.371446 0.254483 0.371761 0.111649 0.421323 0.328147 -0.168565 -0.251465 -0.210859 -0.083466 0.400117 0.145630 1.000000 0.505042 0.426635 0.529514 0.282126 0.534868 -0.218669 -0.146553 0.460256 0.520055 0.058342 0.246532 0.049512 0.291382 -0.247379 -0.115669 0.083789 -0.095372 -0.080073 -0.026390 -0.010938 0.046697 -0.160811 -0.049662 -0.173814 0.013789 -0.245992 -0.213116 0.195478 -0.020471 -0.259861 0.093599 -0.030648 0.154171 -0.438693 -0.351381 -0.266539 -0.382073 -0.074076 0.042101 -0.209691 -0.369088 0.566971 0.360313 -0.308139 0.050510 -0.128013 -0.141993 -0.120377 0.273249 -0.198798 0.030057 -0.184424 -0.006349 0.053699 0.098893 -0.368187 -0.268702 -0.327408 -0.381089 0.250018 -0.043178 0.324642 0.297445 0.165068 0.137589 0.272530 0.130779 -0.149214 -0.322446 -0.333786 -0.353983 -0.098117 0.096937 0.062004 0.131544 -0.158487 -0.356438 -0.374778 -0.308743 -0.109912 -0.446949 -0.188343 -0.193595 -0.027689 -0.270804 0.066661 -0.119839 0.225051 -0.293185 -0.077183 -0.228346 -0.055000 0.197238
-0.473605 -0.521817 0.133792 0.507111 -0.280272 0.278880 -0.186716 0.361429 -0.255786 -0.079305 -0.261588 -0.295907 -0.229143 -0.153660 0.043311 0.189971 -0.523133 -0.591317 -0.301804 0.187787 0.470357 0.527778 0.505042 1.000000 0.372838 0.701119 0.321822 0.624230 -0.575025 -0.329881 0.426849 0.648938 -0.039198 0.176063 0.338952 0.687426 0.129782 0.088555 0.277276 0.068663 0.137760 0.119061 -0.148150 0.030976 -0.370448 -0.098820 -0.291438 -0.085003 -0.293563 -0.120073 -0.013577 0.037671 -0.071712 0.215713 -0.048963 0.105984 -0.304091 -0.313030 -0.385325 -0.281615 -0.431538 -0.277381 -0.359262 -0.611947 0.000004 0.295886 -0.322916 0.291157 -0.151221 0.170735 0.071100 0.143775 -0.444932 -0.164055 -0.183089 -0.289992 -0.415217 -0.310606 -0.449994 -0.516498 -0.438633 -0.527637 0.250495 0.252482 0.187318 0.152114 0.127245 0.387963 0.298678 0.216886 0.250001 -0.001327 0.085127 0.027622 0.020986 -0.024206 -0.097430 -0.075433 0.012839 -0.363361 -0.008113 -0.119376 0.042587 -0.062980 -0.083285 -0.103971 -0.125112 -0.098519 0.023926 0.044962 0.106795 -0.179047 0.022162 -0.071866 -0.111175 -0.066476
-0.397838 -0.326257 0.100426 0.191338 0.050939 0.457562 -0.030734 0.220052 0.040307 0.360055 -0.017718 -0.004562 -0.129680 -0.077845 0.315263 0.317638 -0.478300 -0.329288 0.089658 0.248878 0.346268 0.242606 0.426635 0.372838 1.000000 0.683815 0.315175 0.554536 -0.247505 -0.151480 0.359898 0.576268 0.099804 0.230511 0.543559 0.448912 -0.099113 0.163737 0.099215 0.092672 -0.011719 0.087689 -0.056174 0.084097 -0.248609 -0.030500 -0.089363 0.065184 -0.011784 -0.378081 0.059135 -0.185112 -0.229245 -0.098628 -0.100098 -0.132227 -0.409386 -0.321821 -0.104555 -0.172053 0.011321 0.102384 -0.224478 -0.245261 0.466051 0.396405 -0.011757 0.470153 -0.239095 -0.114280 -0.087456 0.197455 -0.285571 -0.104404 -0.211619 -0.145076 -0.212734 0.015825 -0.411499 -0.377408 -0.379416 -0.482773 0.441812 0.167391 0.381536 0.467650 0.001665 0.274012 0.232521 0.170713 -0.015651 -0.263572 -0.191645 -0.226078 0.029671 -0.137819 0.000738 -0.012800 -0.232335 -0.286111 -0.111114 -0.156188 -0.133535 -0.514937 -0.422084 -0.409935 -0.177134 -0.300438 -0.182673 0.065659 0.237248 -0.225323 -0.129800 -0.243816 -0.310932 -0.188459
-0.504144 -0.378969 -0.037356 0.389957 -0.366699 0.387571 -0.369822 0.320593 -0.286466 0.084873 -0.172088 -0.198988 -0.162702 -0.206208 0.087502 0.173229 -0.463590 -0.469319 -0.020384 0.016630 0.585128 0.489995 0.529514 0.701119 0.683815 1.000000 0.346710 0.799857 -0.394878 -0.101373 0.526407 0.778205 0.126976 0.330885 0.441080 0.705675 0.098884 0.213487 0.228176 0.031116 0.142075 0.256463 -0.023067 0.141455 -0.279240 -0.130880 -0.129895 -0.041225 -0.008828 -0.167631 0.134348 0.066517 -0.167696 0.110378 -0.001784 0.116402 -0.240561 -0.145531 -0.303181 -0.181461 -0.211726 -0.074580 -0.206485 -0.351744 0.196606 0.383045 -0.075667 0.492355 -0.033490 -0.110869 -0.045179 0.308472 -0.325422 0.033708 -0.116382 -0.154576 -0.190193 -0.036250 -0.325941 -0.280884 -0.467312 -0.536992 0.420016 0.084880 0.352694 0.426168 0.187986 0.455413 0.209696 0.088586 -0.053360 -0.426384 -0.227253 -0.279734 -0.073331 -0.121805 0.061909 0.060303 -0.031759 -0.266526 -0.162479 -0.170048 -0.197436 -0.448416 -0.268713 -0.314456 -0.297463 -0.389641 -0.177805 -0.114692 0.367093 -0.134973 -0.060769 -0.162323 -0.157338 -0.079134
-0.278397 -0.371627 0.276850 0.348225 0.237542 0.608428 -0.144453 0.118514 -0.104891 0.299577 -0.077177 0.067518 -0.125548 -0.063231 0.201257 0.143375 -0.245501 -0.393330 0.301035 0.048706 0.330014 0.205187 0.282126 0.321822 0.315175 0.346710 1.000000 0.568418 -0.237345 -0.236380 -0.079746 0.211012 -0.140699 -0.058239 0.269493 0.047136 -0.045267 0.008204 0.292591 0.349959 0.131259 -0.219116 0.023589 -0.047571 -0.141549 -0.064982 -0.077667 -0.198402 0.100346 -0.154752 0.301971 0.003028 -0.115739 -0.060539 0.058347 0.175666 -0.459004 -0.440813 -0.077829 0.047845 -0.067459 0.055364 -0.324308 -0.330763 0.213180 0.261479 -0.151195 0.180880 -0.375454 -0.028496 -0.138676 -0.102909 -0.234074 -0.187661 -0.051703 -0.109015 -0.113373 0.089171 -0.269079 -0.187736 -0.279771 -0.394259 0.108264 -0.041000 0.286123 0.302100 0.134280 0.307967 0.288445 0.197293 0.000449 0.057478 -0.112917 -0.185773 0.012698 0.086658 -0.008487 -0.207134 -0.202879 -0.197243 -0.021759 -0.329704 0.187347 -0.261296 -0.305115 -0.186569 0.023288 -0.016233 -0.074109 0.107987 -0.063337 -0.248592 -0.085737 -0.110481 0.062858 -0.100280
-0.443224 -0.478180 0.152664 0.492219 -0.163740 0.576894 -0.293661 0.364600 -0.198165 0.241810 -0.156301 -0.095384 -0.140742 -0.097936 0.209143 0.359383 -0.444357 -0.562103 0.062544 0.227951 0.600575 0.426714 0.534868 0.624230 0.554536 0.799857 0.568418 1.000000 -0.495699 -0.378576 0.244106 0.533977 -0.060129 0.273191 0.401495 0.604129 -0.066105 0.237755 0.412268 0.323684 0.354862 0.110426 -0.014346 0.085473 -0.204763 -0.124426 -0.252632 -0.179497 0.166556 -0.070963 0.320307 0.074430 -0.177761 0.070293 0.011482 0.251411 -0.368887 -0.290706 -0.104662 -0.188906 -0.039787 0.098900 -0.413268 -0.460054 0.207777 0.513035 -0.197482 0.382174 -0.091064 -0.183517 -0.073808 0.150512 -0.504640 -0.159557 -0.326335 -0.306221 -0.214573 0.011005 -0.323553 -0.359330 -0.515558 -0.637632 0.488875 0.133841 0.176045 0.356484 0.220460 0.640684 0.344215 0.218949 0.114499 -0.169556 -0.208030 -0.278240 0.045350 -0.106929 0.132456 -0.091859 -0.145222 -0.323865 -0.123110 -0.301441 -0.070421 -0.530838 -0.294934 -0.353902 -0.323019 -0.421823 -0.311815 -0.049500 0.335616 -0.226429 -0.117184 -0.174195 -0.094830 -0.216329
0.176096 0.270001 -0.279536 -0.381005 0.061112 -0.284551 0.060837 -0.210669 0.051054 -0.130470 0.479073 0.471399 0.448893 0.332538 0.023065 -0.118502 0.718365 0.725579 0.148949 -0.364651 -0.089008 -0.232742 -0.218669 -0.575025 -0.247505 -0.394878 -0.237345 -0.495699 1.000000 0.690327 0.108842 -0.173304 0.178920 -0.168636 -0.329099 -0.574522 0.148549 -0.118870 -0.115457 -0.187678 -0.117729 0.000120 0.329236 0.088923 0.168309 -0.003561 0.198197 0.314177 -0.132372 -0.022266 -0.123310 0.052799 -0.138984 -0.069079 -0.050216 -0.059364 0.091529 0.178421 -0.152459 0.006361 -0.024565 0.014487 0.488454 0.522625 -0.032928 -0.449389 -0.061138 -0.415516 0.052558 -0.391830 0.136887 0.202580 0.801404 0.591247 0.573456 0.561141 0.534553 0.497525 0.431714 0.632612 0.384950 0.482768 -0.106779 -0.105522 0.267408 0.138893 -0.234892 -0.493912 -0.339877 -0.320134 -0.427616 -0.305821 -0.341352 -0.239959 0.034385 0.183703 0.164902 0.185121 0.050474 0.347080 -0.334624 -0.066697 -0.065443 -0.057879 0.042121 0.102465 -0.034266 -0.203270 0.232517 -0.027676 -0.015456 0.134411 -0.100781 0.048317 0.267375 0.254328
0.050983 0.240668 -0.412411 -0.226631 -0.305556 -0.258269 -0.101707 -0.088569 -0.087740 -0.197811 0.319232 0.275153 0.373352 0.184818 -0.112621 -0.178978 0.466990 0.617590 0.010572 -0.585857 -0.030607 -0.154377 -0.146553 -0.329881 -0.151480 -0.101373 -0.236380 -0.378576 0.690327 1.000000 0.259532 -0.014736 0.150039 -0.024739 -0.312957 -0.260708 0.309452 -0.048572 -0.213723 -0.426735 -0.189958 0.230244 0.136128 -0.001961 0.091206 -0.190693 0.338915 0.235434 -0.082676 -0.088799 -0.148328 0.111766 0.079713 0.021886 0.249586 0.055716 0.278587 0.273093 -0.237866 -0.087886 -0.006261 0.005113 0.621291 0.532820 -0.031409 -0.309877 -0.049919 -0.338253 0.133527 -0.370749 0.043695 0.251429 0.788111 0.738321 0.678360 0.543001 0.478101 0.341626 0.234402 0.611491 0.259266 0.433829 -0.234616 -0.198010 0.211504 0.224160 0.014851 -0.466094 -0.316923 -0.264991 -0.591642 -0.588962 -0.273703 -0.302461 -0.032322 0.181917 0.067140 0.298402 0.164441 0.203814 -0.227839 -0.005925 -0.182942 -0.118481 -0.055943 0.000570 0.091696 -0.052538 0.237768 -0.260643 0.011813 0.179471 -0.213452 0.085578 0.169135 0.321631
-0.311604 -0.083251 -0.125709 -0.003814 -0.359195 -0.153833 -0.089987 0.149571 -0.065361 -0.177367 0.226164 0.035716 0.142569 0.083003 0.103781 0.086789 -0.025205 0.045415 -0.213639 -0.174423 0.372615 0.201811 0.460256 0.426849 0.359898 0.526407 -0.079746 0.244106 0.108842 0.259532 1.000000 0.833127 0.114313 0.216653 0.068445 0.372822 0.221739 0.061953 -0.022566 -0.276583 -0.012999 0.312948 -0.029545 0.139004 -0.341695 -0.168776 -0.134906 0.110014 -0.452566 -0.197876 -0.098509 -0.047027 -0.287477 0.029754 -0.079113 -0.079634 -0.003596 0.151051 -0.568790 -0.257903 -0.364577 -0.164540 0.194490 0.001333 0.239055 0.066767 -0.217689 0.111017 0.158113 -0.270279 0.103926 0.338973 0.145545 0.368071 0.157910 0.132524 0.092183 0.021611 -0.070262 -0.027384 -0.003766 -0.017643 0.264357 0.172736 0.419175 0.300469 -0.036140 -0.047678 -0.089616 -0.171606 -0.215130 -0.500742 -0.418103 -0.367261 -0.133968 0.085052 0.197278 0.329643 0.191800 -0.050421 -0.537137 0.025210 -0.403993 -0.270567 -0.087193 -0.149238 -0.107958 -0.271105 0.267033 -0.079994 0.259108 0.081624 -0.207394 -0.180975 -0.023560 0.266856
-0.546833 -0.327218 -0.032580 0.198849 -0.265202 0.128211 -0.249854 0.154692 -0.086964 -0.000487 0.018523 -0.118473 -0.045675 -0.025905 0.190391 0.214412 -0.329007 -0.238522 -0.116959 -0.037885 0.512775 0.450437 0.520055 0.648938 0.576268 0.778205 0.211012 0.533977 -0.173304 -0.014736 0.833127 1.000000 0.106932 0.266504 0.345909 0.529285 0.163091 0.145264 0.157199 -0.073149 0.046822 0.162561 0.038662 0.222432 -0.380813 -0.170700 -0.125621 0.059344 -0.288946 -0.205477 0.079236 -0.058187 -0.322197 0.020218 -0.010540 0.009238 -0.266127 -0.089040 -0.505785 -0.287231 -0.377413 -0.220370 -0.091286 -0.260523 0.209098 0.147355 -0.186421 0.256769 0.006751 -0.193165 -0.056050 0.316065 -0.156597 0.063672 -0.062844 -0.073325 -0.146819 -0.054816 -0.234684 -0.160852 -0.253218 -0.310736 0.405139 0.233796 0.498391 0.440801 0.094208 0.180015 0.127119 0.005183 -0.020959 -0.358553 -0.287003 -0.297100 -0.078919 0.070560 0.208067 0.145768 0.072308 -0.094106 -0.363290 -0.065618 -0.338151 -0.340273 -0.122817 -0.124981 -0.214625 -0.306708 0.085347 -0.008574 0.252649 0.004982 -0.048641 -0.139735 -0.005002 0.083781
-0.047345 0.132174 -0.218502 -0.158618 -0.192301 -0.116367 -0.107417 -0.056434 -0.166282 -0.274353 0.087885 0.111169 0.169108 -0.135309 -0.027287 -0.203011 0.129256 0.184071 -0.197007 -0.193564 0.160709 0.029777 0.058342 -0.039198 0.099804 0.126976 -0.140699 -0.060129 0.178920 0.150039 0.114313 0.106932 1.000000 0.467315 0.193920 0.071464 -0.095049 0.108904 0.061697 0.049693 0.219957 0.104067 0.033210 0.099825 -0.062594 -0.013640 0.017409 0.112036 -0.165270 -0.330112 -0.235067 -0.054496 -0.223549 -0.212869 -0.050787 0.009044 0.073210 0.186498 -0.235223 -0.097989 -0.126757 0.057562 0.037098 0.131902 -0.070754 -0.145427 0.285535 0.198230 -0.081852 0.051452 -0.229672 0.077800 0.159964 0.080797 0.164992 -0.071770 0.061595 0.168409 0.229296 0.149956 0.117881 0.003268 0.143310 -0.267359 0.259891 0.028214 0.161176 0.045309 -0.020274 -0.041112 -0.253567 -0.211816 -0.031171 -0.089109 0.011300 -0.031729 0.153945 -0.065333 -0.066328 0.115457 0.095356 -0.181366 0.086712 -0.213454 -0.080184 -0.063736 -0.156113 -0.298549 -0.251267 -0.015360 0.052730 -0.343416 -0.059825 -0.105931 0.076859 -0.068697
-0.067820 0.112978 0.057703 0.199098 -0.192739 0.015779 0.044213 0.188705 0.080532 0.026974 -0.061956 0.058416 0.188902 0.067225 0.193621 0.223434 -0.266898 -0.069528 -0.083813 0.277694 0.063708 0.095921 0.246532 0.176063 0.230511 0.330885 -0.058239 0.273191 -0.168636 -0.024739 0.216653 0.266504 0.467315 1.000000 0.348633 0.415737 -0.301390 0.003431 0.011633 0.035447 0.142601 0.032665 -0.363431 -0.191927 -0.162714 -0.072614 -0.424396 -0.325990 -0.059283 -0.421286 -0.196522 -0.366271 -0.221137 -0.355498 0.060988 -0.220853 -0.047357 0.017228 0.030711 0.005910 0.242819 0.438081 -0.086018 0.166329 0.209310 0.362720 0.171597 0.316387 -0.057265 0.148918 -0.389806 -0.053008 -0.180618 -0.189398 -0.143769 -0.246596 -0.088746 -0.188891 0.041783 -0.132795 -0.019201 -0.070116 0.237106 0.128088 -0.112093 -0.091436 0.231156 0.436521 0.111031 0.045632 -0.295628 -0.212858 -0.087478 -0.133324 -0.000715 -0.238670 0.026439 -0.217643 -0.350188 -0.216617 0.068377 -0.157320 0.063931 -0.378260 -0.470303 -0.443500 0.078387 -0.097422 -0.430945 -0.199388 0.001711 -0.541056 -0.188026 -0.226870 -0.360666 -0.288024
-0.267830 -0.217919 0.014500 0.127337 -0.036816 0.408731 -0.282638 -0.071599 -0.180095 0.246682 -0.350312 -0.359448 -0.395550 -0.382628 0.049023 0.012347 -0.487640 -0.252395 0.144408 0.354661 0.245210 0.429496 0.049512 0.338952 0.543559 0.441080 0.269493 0.401495 -0.329099 -0.312957 0.068445 0.345909 0.193920 0.348633 1.000000 0.530949 -0.131398 0.354462 0.364255 0.495574 0.324896 0.099626 -0.014201 0.025195 -0.338987 -0.119231 -0.237154 -0.173343 -0.010391 -0.515745 -0.077423 -0.352513 -0.227780 -0.231017 0.014472 -0.052835 -0.189834 -0.047825 -0.015278 -0.025042 0.120572 0.024918 -0.281172 -0.203526 0.068675 0.159143 0.214227 0.556638 -0.401392 0.144715 -0.329750 0.058352 -0.341980 -0.438455 -0.327917 -0.412347 -0.448654 -0.140983 -0.296418 -0.355999 -0.258112 -0.325061 0.436400 0.148088 0.070039 0.081262 0.179830 0.509072 0.411271 0.261784 0.109795 0.102334 -0.002008 0.048564 0.310241 -0.243984 0.087395 -0.256029 -0.278868 -0.072758 0.224292 -0.096503 0.189885 -0.209581 -0.334962 -0.372464 -0.264199 -0.139488 -0.423838 0.269197 0.067110 -0.242834 0.019015 -0.162102 -0.253139 -0.515567
-0.237509 -0.250613 -0.121849 0.303213 -0.417596 0.160497 -0.353306 0.192662 -0.322440 -0.121681 -0.332711 -0.443367 -0.409332 -0.305201 -0.097760 0.122558 -0.564332 -0.447034 -0.259694 0.286743 0.376214 0.486948 0.291382 0.687426 0.448912 0.705675 0.047136 0.604129 -0.574522 -0.260708 0.372822 0.529285 0.071464 0.415737 0.530949 1.000000 0.087726 0.336807 0.176942 0.098305 0.194252 0.353109 -0.060795 0.179942 -0.265284 -0.048090 -0.244555 -0.058403 -0.146176 -0.231374 -0.120513 -0.085981 -0.020745 0.036382 -0.041860 0.013785 -0.009744 -0.017550 -0.234937 -0.199087 -0.194324 -0.145090 -0.164860 -0.397366 0.015382 0.308053 -0.031463 0.524079 -0.036241 0.167781 0.077593 0.085443 -0.454649 -0.163282 -0.243640 -0.331717 -0.355059 -0.319694 -0.314357 -0.435746 -0.184511 -0.290195 0.307351 0.340002 -0.002732 0.109618 0.096098 0.595021 0.241476 0.131836 0.112677 -0.143419 -0.012146 -0.080013 0.047354 -0.311242 0.017885 -0.065687 0.052719 -0.252460 0.160938 -0.139279 0.063078 -0.234359 -0.217875 -0.374067 -0.327800 -0.204795 -0.284925 -0.047571 0.358512 -0.164831 0.040820 -0.160326 -0.376865 -0.295989
