1.000000 0.472403 0.104911 -0.179809 -0.211071 -0.103918 -0.150451 -0.200551 -0.171337 -0.029262 0.516666 0.146262 0.028157 -0.091376 -0.126165 -0.050634 0.390075 0.238978 0.428678 0.253356 -0.030374 -0.324269 -0.355918 -0.234311 -0.508828 -0.373442 -0.040358 -0.008493 0.047015 -0.208157 -0.285376 -0.179875 0.328495 0.323017 0.071564 0.120708 0.190792 0.291959 0.009228 0.129904 -0.060147 0.134910 -0.507122 -0.436894 -0.238554 -0.174221 -0.448300 -0.298605 -0.199405 -0.353811 -0.430641 -0.447021 -0.420459 -0.580397 -0.135655 -0.186826 0.409423 0.248598 0.266830 0.165570 0.573016 0.484111 0.335214 0.409519 0.092283 0.072640 0.262913 0.232991 0.313177 0.122091 -0.115934 -0.001802 -0.054194 -0.079331 0.017640 -0.010192 0.311941 0.251099 0.144920 0.150938 0.103115 0.130655 0.133505 -0.073801 0.148937 -0.015685 -0.051315 -0.257717 0.195934 -0.074860 -0.024740 -0.264726 -0.047626 -0.102414 -0.061517 0.181009 0.070024 -0.093943 -0.236237 -0.377120 0.235540 0.370351 0.455885 0.219152 0.185446 0.070598 0.106201 0.220043 0.133449 0.195895 -0.204052 -0.482040 -0.459891 -0.228973 -0.332689 -0.070184
0.472403 1.000000 -0.106780 -0.048610 -0.134916 -0.044537 -0.386014 -0.284682 -0.243049 -0.014979 0.325075 0.268358 -0.026923 0.090123 -0.094883 -0.056786 0.468411 0.495453 0.259452 0.647617 0.225040 0.039414 -0.300979 -0.246264 -0.346483 -0.385013 -0.087283 -0.074321 0.244926 0.135623 -0.213696 -0.238030 0.466452 0.460997 -0.438991 -0.412580 0.097348 0.140773 -0.000840 0.021597 0.044247 0.171206 -0.271009 -0.301692 -0.548210 -0.396447 -0.289163 -0.072795 -0.698846 -0.347420 -0.699427 -0.661943 -0.287003 -0.416061 -0.205944 -0.274164 0.609235 0.686881 -0.208638 0.255262 -0.009153 0.277137 0.244102 0.340743 -0.436082 -0.401966 -0.120893 -0.221191 0.842041 0.654023 0.188718 0.233208 0.236733 0.197907 0.077249 0.214747 0.013183 -0.034019 0.437325 0.484813 0.476886 0.529320 0.216748 -0.118005 0.241762 -0.286885 0.101325 -0.081943 0.067507 0.001084 0.062931 -0.103803 -0.131170 -0.099771 0.140895 -0.019641 -0.195996 0.164761 0.082776 -0.121706 0.337640 0.430655 0.275049 0.249697 0.226313 -0.001817 0.168672 0.291434 -0.114944 -0.004336 -0.281374 -0.183197 -0.274082 -0.323775 -0.159708 -0.069582
0.104911 -0.106780 1.000000 0.388634 0.548962 0.564610 0.547173 0.687698 0.479923 0.569361 -0.144003 0.131800 0.212490 0.298975 0.233157 0.364639 -0.337617 -0.301973 0.361948 0.345783 0.197188 0.214795 0.293898 0.386179 0.212178 0.260559 0.479608 0.305429 -0.276837 -0.113356 0.200998 0.197270 -0.076336 -0.119449 -0.134370 -0.171124 -0.386796 -0.273595 0.012969 -0.001755 -0.112816 -0.130672 -0.436610 -0.455113 -0.182731 -0.268485 -0.500740 -0.197678 0.114237 -0.328710 -0.237403 -0.228797 0.045866 -0.138230 -0.092463 -0.454315 -0.344784 -0.381140 0.064842 0.136135 0.066372 -0.154768 -0.423271 -0.488515 -0.033869 -0.108068 -0.059062 0.307495 -0.289423 -0.050469 0.337976 0.194813 -0.175199 0.144130 -0.018132 0.108585 -0.015572 0.251009 -0.574888 -0.462063 -0.512814 -0.527457 0.202708 0.205650 -0.568061 -0.399554 0.220472 0.271012 0.265596 0.074235 0.420717 0.345492 0.293187 0.373694 0.180478 0.149180 -0.226785 -0.044986 -0.236946 -0.151335 -0.119775 0.004000 -0.080744 0.125748 0.277317 0.124943 0.169657 0.056873 0.111062 0.038329 -0.045112 0.020240 0.101479 0.003169 -0.070488 0.138443
-0.179809 -0.048610 0.388634 1.000000 0.272721 0.394480 0.250203 0.639154 0.148299 0.326252 -0.204660 0.146460 -0.086274 0.054097 0.346365 0.326043 -0.431975 -0.423796 0.625588 0.186201 0.376908 0.418447 0.798856 0.741316 0.689842 0.709372 0.317262 0.307854 -0.091208 -0.019121 0.652847 0.585058 -0.035421 0.196399 -0.415702 -0.383223 -0.374161 -0.229962 0.134032 -0.141491 0.002935 -0.082555 -0.271996 -0.330805 -0.408702 -0.443338 -0.268023 -0.233953 -0.065232 -0.354708 -0.205572 -0.273220 -0.069467 -0.038183 -0.233801 -0.511633 -0.392028 -0.222483 0.033284 -0.023705 -0.387784 -0.275913 -0.565199 -0.526805 -0.077465 -0.080140 -0.400440 -0.411722 -0.064482 0.058323 0.422804 0.173108 -0.064172 0.245377 0.096264 0.300176 -0.112886 0.113899 -0.347197 -0.278448 -0.403521 -0.405747 0.461020 0.185651 -0.154199 -0.394916 0.352887 0.477008 0.468630 0.292121 0.033833 0.106564 0.511835 0.433662 0.295491 -0.124251 -0.262227 -0.096463 -0.275346 -0.233358 0.249368 0.032744 -0.002093 0.007468 0.115476 -0.026903 0.032592 -0.144723 -0.036596 -0.133012 -0.259864 -0.110289 0.028606 0.246003 0.042881 0.059158
-0.211071 -0.134916 0.548962 0.272721 1.000000 0.676785 0.186288 0.328613 0.537439 0.791540 -0.358654 -0.087297 0.095642 0.027496 0.179056 0.266786 -0.387348 -0.242770 0.141598 0.262077 0.353750 0.428253 0.277969 0.352330 0.398594 0.315834 0.723576 0.489128 -0.185760 -0.141746 0.029541 -0.073265 -0.157207 -0.306169 -0.166726 -0.181285 -0.187489 -0.191587 0.082571 0.013348 0.012249 -0.138021 -0.093648 -0.140644 -0.073078 -0.176138 -0.246624 0.092149 0.205270 -0.045356 -0.014528 0.057281 0.138379 0.020496 -0.056782 -0.346887 -0.369184 -0.271438 -0.231013 0.014153 -0.367155 -0.398160 -0.362888 -0.429272 -0.259259 -0.176456 -0.277856 -0.037301 -0.234621 -0.006658 0.290322 0.040028 -0.091823 0.071640 0.059370 0.025775 -0.101386 0.086130 -0.361290 -0.273353 -0.202892 -0.212219 0.182490 0.057228 -0.350799 -0.161405 0.065364 0.266231 0.210765 0.223513 0.403461 0.492920 0.226840 0.315130 0.179702 -0.010807 -0.330843 0.077712 -0.166606 0.106310 -0.197535 -0.076063 -0.261008 0.050587 0.277379 0.097847 0.181064 0.006807 0.128756 -0.032127 0.142341 0.133818 0.226083 0.029556 0.219178 0.158624
-0.103918 -0.044537 0.564610 0.394480 0.676785 1.000000 0.081697 0.340207 0.158897 0.500235 -0.423766 -0.179562 -0.125189 -0.109540 0.209736 0.185937 -0.309634 -0.235654 0.223715 0.255521 0.363785 0.510119 0.402070 0.490662 0.525199 0.527298 0.844650 0.552142 -0.362561 -0.218503 -0.009325 -0.089350 -0.089543 -0.230992 -0.162820 -0.266723 -0.316842 -0.179847 0.137961 -0.016742 -0.040280 -0.176408 -0.298318 -0.303528 -0.216697 -0.369126 -0.314307 0.017588 0.144300 -0.311421 -0.166853 -0.117058 0.122497 0.053128 0.033428 -0.294902 -0.123200 -0.154845 -0.140585 0.155974 -0.299041 -0.420100 -0.293062 -0.353633 -0.257435 -0.223934 -0.249157 -0.034134 -0.082501 0.048033 0.212817 0.002107 -0.217835 0.008221 -0.032646 -0.039405 -0.207340 0.020307 -0.308789 -0.235597 -0.229558 -0.259550 0.177490 -0.097427 -0.323122 -0.346381 0.484810 0.399080 0.349949 0.392088 0.368001 0.497775 0.362994 0.519049 0.308199 0.107826 -0.171511 0.268929 -0.091189 0.204310 0.038940 0.204538 0.055536 0.291461 0.441276 0.220532 0.115926 0.044386 0.177298 0.041062 0.027711 0.121341 0.266590 0.242795 0.256769 0.171517
-0.150451 -0.386014 0.547173 0.250203 0.186288 0.081697 1.000000 0.613688 0.427353 0.156041 -0.204661 -0.040018 0.257406 0.329946 0.139802 0.084206 -0.428141 -0.360429 0.008351 -0.150205 -0.177247 -0.123199 0.140645 0.138932 0.190466 0.075339 -0.106258 -0.110597 -0.115653 0.058773 0.360307 0.428604 -0.170496 -0.039017 -0.011265 0.001876 -0.374775 -0.266507 -0.170327 0.020973 -0.053013 -0.064516 -0.022759 -0.058578 0.188820 0.244757 -0.066715 -0.013190 0.188968 0.284163 0.023188 0.129962 0.025005 0.089858 -0.140269 -0.063687 -0.442116 -0.428200 0.053192 -0.013588 0.094945 -0.028571 -0.377388 -0.389363 0.248001 0.167903 0.016129 0.308365 -0.474274 -0.344889 0.044947 0.070653 -0.111208 -0.039391 -0.127825 -0.107892 -0.058881 0.052849 -0.537174 -0.512780 -0.558402 -0.496919 0.007385 0.273744 -0.652238 -0.198572 -0.072273 0.047404 -0.110338 -0.277923 0.188076 0.167513 0.066093 0.048886 -0.018599 0.078546 -0.011590 -0.116500 -0.041391 -0.058527 -0.200554 -0.286500 -0.247815 -0.228840 -0.057997 -0.092046 0.009244 -0.152839 0.017613 -0.192132 0.027908 0.054008 -0.021472 -0.080643 -0.161419 -0.116362
-0.200551 -0.284682 0.687698 0.639154 0.328613 0.340207 0.613688 1.000000 0.464219 0.455359 -0.322740 0.186903 -0.034013 0.271401 0.252634 0.350022 -0.682600 -0.590987 0.392253 0.123698 0.083146 0.173371 0.511203 0.576715 0.452794 0.479744 0.263214 0.136251 -0.433794 -0.069426 0.419870 0.465063 -0.312848 -0.071294 -0.102339 -0.087257 -0.573565 -0.424560 -0.080766 -0.057092 -0.196338 -0.157340 -0.366433 -0.384251 -0.128596 -0.213297 -0.416471 -0.197358 0.227368 -0.203050 -0.026152 -0.017429 0.093147 0.073315 -0.090375 -0.391905 -0.589667 -0.482477 0.290013 0.139675 -0.060766 -0.060799 -0.751686 -0.742081 0.220907 0.258946 -0.007582 0.212123 -0.404392 -0.096618 0.235752 0.130698 -0.340286 0.062388 -0.169951 0.104822 -0.165023 0.168564 -0.686226 -0.657912 -0.784130 -0.768984 0.216813 0.246740 -0.511231 -0.435740 0.181195 0.357364 0.440866 0.206773 0.312805 0.267057 0.401620 0.373705 0.276627 0.012142 -0.257871 -0.086566 -0.264335 -0.203819 -0.113995 -0.153846 -0.106511 0.026676 0.188666 0.100859 0.131455 -0.007603 0.011936 -0.071625 -0.039584 0.042521 0.122775 0.180657 0.013655 0.150860
-0.171337 -0.243049 0.479923 0.148299 0.537439 0.158897 0.427353 0.464219 1.000000 0.534790 -0.234078 0.159357 0.181858 0.288886 0.327571 0.477577 -0.484231 -0.321098 0.017713 0.140173 0.124489 0.158457 0.089140 0.227338 0.169897 0.198323 0.211512 0.135417 -0.207707 0.039485 0.093507 0.105931 -0.281863 -0.224476 -0.180479 -0.020521 -0.284599 -0.278350 -0.002262 0.120966 -0.113644 -0.132242 -0.038578 -0.065510 -0.052038 -0.070175 -0.172579 0.087264 0.137465 0.096645 -0.019786 0.066997 0.242990 0.080367 0.011005 -0.185282 -0.518439 -0.354931 -0.003448 0.042015 -0.199251 -0.103087 -0.450825 -0.589144 -0.058855 0.081342 -0.121002 0.078589 -0.375128 -0.067762 0.231622 0.008169 -0.115012 0.073072 -0.016754 0.140578 -0.106266 0.115218 -0.462711 -0.452334 -0.377512 -0.411426 -0.017076 0.306661 -0.487462 -0.270218 -0.175807 0.016399 0.108204 -0.027365 0.398029 0.451402 0.270979 0.246875 0.254790 -0.020212 -0.186945 0.041534 -0.008085 0.020039 -0.209387 -0.141046 -0.200368 -0.037139 0.154307 0.027026 0.160973 -0.086983 0.066459 -0.015812 0.154643 0.294040 0.261019 -0.125790 0.063991 0.135646
-0.029262 -0.014979 0.569361 0.326252 0.791540 0.500235 0.156041 0.455359 0.534790 1.000000 -0.143740 0.091496 0.079742 0.145776 0.028346 0.345713 -0.303149 -0.263989 0.264072 0.376699 0.255685 0.220775 0.311256 0.433253 0.239573 0.250946 0.560273 0.484793 -0.215709 -0.238870 0.088292 0.067053 -0.213569 -0.132509 -0.233265 -0.121970 -0.208705 -0.225661 -0.021512 -0.019307 -0.069933 -0.181429 -0.314506 -0.343315 -0.251157 -0.377071 -0.457395 -0.026492 -0.002396 -0.266551 -0.192064 -0.128207 0.014421 -0.119541 -0.183773 -0.541250 -0.319626 -0.245962 -0.084694 0.050178 -0.120176 -0.201427 -0.380345 -0.388663 -0.193408 -0.048988 -0.260440 -0.032189 -0.076107 0.180423 0.309040 0.062378 -0.192810 0.028609 -0.025708 0.085171 -0.053740 0.237229 -0.336916 -0.328891 -0.256189 -0.264404 0.407893 0.102764 -0.231073 -0.213345 0.079860 0.257078 0.410347 0.240730 0.408823 0.389917 0.320582 0.356240 0.224131 -0.009211 -0.423434 0.001171 -0.367772 -0.184084 -0.151819 0.044010 -0.078074 0.187973 0.379844 0.160831 0.242051 0.048041 0.126322 0.084335 0.061297 0.079998 0.047355 -0.118265 0.019709 0.098974
0.516666 0.325075 -0.144003 -0.204660 -0.358654 -0.423766 -0.204661 -0.322740 -0.234078 -0.143740 1.000000 0.637961 0.600392 0.361791 0.062684 0.133854 0.649264 0.526818 0.168692 -0.043987 0.041331 -0.233004 -0.243846 -0.399679 -0.570414 -0.402497 -0.262965 -0.150316 0.610192 0.273123 0.154544 0.222383 0.185859 0.411583 0.124547 0.197851 0.398176 0.362066 -0.087196 -0.048393 0.217308 0.390322 -0.198540 -0.173555 -0.070273 0.014613 -0.116328 -0.355380 -0.315522 -0.181773 -0.263819 -0.268033 -0.439737 -0.465697 -0.218921 -0.170299 0.181073 0.036899 -0.005883 -0.292256 0.452763 0.345373 0.534491 0.483920 0.096117 0.011647 -0.062907 -0.060181 0.168063 -0.085780 0.281218 0.436968 0.418172 0.313669 0.257398 0.306821 0.500184 0.304615 0.435913 0.365490 0.356659 0.314762 0.222020 0.178003 0.416768 0.213275 -0.108592 -0.222069 -0.145182 -0.372412 -0.568699 -0.696175 -0.276334 -0.407299 -0.245263 -0.118956 0.111831 -0.285256 -0.380434 -0.571046 0.156649 0.059837 0.234457 -0.045597 -0.248039 -0.131702 -0.207403 -0.018372 -0.170839 0.063733 -0.283310 -0.543982 -0.441632 -0.314382 -0.511942 -0.363961
0.146262 0.268358 0.131800 0.146460 -0.087297 -0.179562 -0.040018 0.186903 0.159357 0.091496 0.637961 1.000000 0.506636 0.660062 0.343569 0.474734 0.136698 0.280809 0.332209 0.064765 0.263424 0.182974 0.038427 -0.109201 -0.202818 -0.082981 -0.048052 -0.040698 0.303292 0.406942 0.377431 0.369858 -0.032560 0.302970 -0.129669 -0.035232 -0.055811 -0.007348 -0.083893 -0.090833 0.155025 0.251842 -0.250813 -0.255179 -0.266994 -0.213185 -0.201346 -0.240170 -0.266567 -0.265633 -0.237735 -0.310559 -0.097066 -0.233932 -0.140599 -0.326962 -0.181133 -0.125495 0.052177 -0.183607 0.134787 0.225472 0.025025 -0.049545 -0.050022 0.042595 -0.209488 -0.125252 0.012188 -0.003403 0.531744 0.599094 0.276884 0.446497 0.134931 0.430452 0.146551 0.151288 0.058264 0.021621 0.012796 -0.032888 0.240274 0.318924 0.110875 -0.161778 0.031159 0.052103 0.070349 -0.110801 -0.269137 -0.388928 -0.038324 -0.132240 0.073350 -0.248955 -0.068453 -0.110761 -0.255161 -0.444375 0.055233 -0.013937 -0.011736 -0.106829 -0.188582 -0.177967 -0.160821 -0.036484 -0.280371 -0.214136 -0.240416 -0.298414 -0.141361 -0.156059 -0.361611 -0.239077
0.028157 -0.026923 0.212490 -0.086274 0.095642 -0.125189 0.257406 -0.034013 0.181858 0.079742 0.600392 0.506636 1.000000 0.667937 0.393222 0.358634 0.346285 0.410685 -0.135945 -0.064000 0.076837 -0.019910 -0.070486 -0.329429 -0.164315 -0.257179 -0.082350 -0.131356 0.566635 0.485484 0.318805 0.251229 -0.037923 0.007461 -0.039625 0.017858 0.082666 0.016236 -0.213795 -0.217522 0.186409 0.218984 0.137173 -0.006942 0.146757 0.164216 0.076436 -0.108213 -0.134606 0.160472 -0.020262 0.061492 0.003532 -0.093374 -0.201742 -0.175330 -0.119200 -0.301560 -0.288424 -0.325324 0.164190 0.025546 0.315201 0.092030 -0.148887 -0.153888 -0.234019 -0.029208 -0.169665 -0.264541 0.518016 0.591711 0.510470 0.440461 0.291472 0.282073 0.282101 0.122645 0.070207 0.041925 0.150010 0.110448 0.069106 0.306238 -0.130859 0.064916 -0.098540 -0.196953 -0.417129 -0.519731 -0.284332 -0.291442 -0.264753 -0.265584 -0.322119 -0.270009 -0.142780 -0.368747 -0.213126 -0.312287 -0.119064 -0.217150 -0.209820 -0.234667 -0.358462 -0.217589 -0.237863 -0.206211 -0.234435 -0.175189 -0.213714 -0.138616 -0.151638 -0.325518 -0.333787 -0.318115
-0.091376 0.090123 0.298975 0.054097 0.027496 -0.109540 0.329946 0.271401 0.288886 0.145776 0.361791 0.660062 0.667937 1.000000 0.372375 0.585050 0.022722 0.200365 0.004275 0.171620 0.242119 0.110093 -0.045300 -0.269676 -0.112167 -0.217951 -0.202793 -0.319947 0.324890 0.704425 0.391081 0.384029 -0.055343 0.146248 -0.368643 -0.171387 -0.084758 -0.035207 -0.113418 -0.064105 0.278276 0.380747 -0.058396 -0.217140 -0.091867 -0.091091 -0.049946 -0.071308 -0.340294 0.043328 -0.119775 -0.078898 0.243567 0.104518 -0.061006 -0.195694 -0.266779 -0.278304 -0.166168 -0.097001 0.084163 0.084616 -0.036065 -0.139814 -0.284077 -0.203225 -0.242922 -0.054059 -0.098134 -0.049857 0.532174 0.627458 0.458784 0.567887 0.269447 0.500106 0.078583 0.066716 -0.217119 -0.190624 -0.113994 -0.081128 0.135175 0.429662 -0.272454 -0.234709 0.000029 -0.001321 -0.319931 -0.327908 -0.075088 -0.135157 -0.170990 -0.160166 -0.044032 -0.160399 -0.245356 -0.087314 -0.022056 -0.199515 0.003896 -0.115452 -0.149555 -0.149378 -0.264695 -0.128570 -0.193025 -0.082400 -0.171140 -0.184850 -0.185354 0.041962 0.011982 -0.263032 -0.365618 -0.251681
-0.126165 -0.094883 0.233157 0.346365 0.179056 0.209736 0.139802 0.252634 0.327571 0.028346 0.062684 0.343569 0.393222 0.372375 1.000000 0.740338 -0.157650 -0.135401 0.208658 -0.057191 0.528082 0.411290 0.178938 0.047255 0.431368 0.368707 0.306022 -0.011067 0.217957 0.460794 0.311958 0.265130 0.044483 0.182714 -0.179175 -0.103452 -0.130713 -0.060957 0.129214 -0.160029 0.167084 0.194793 -0.069063 -0.231749 -0.178578 -0.265795 -0.096468 -0.248619 -0.024460 -0.160663 0.021537 -0.006944 0.109944 0.083180 -0.027144 -0.244809 -0.338700 -0.346165 0.029055 -0.135651 -0.102444 -0.000020 -0.156784 -0.341664 -0.089177 0.003985 -0.247413 -0.217350 -0.225100 -0.275147 0.427864 0.337893 0.352283 0.443434 0.335709 0.439819 0.037576 0.082721 -0.287564 -0.250398 -0.265268 -0.325705 0.133358 0.525060 -0.213917 -0.165848 0.168794 0.228735 0.040628 -0.008304 -0.142328 -0.008760 0.336495 0.314068 0.103795 -0.154987 -0.159903 -0.183887 -0.057988 -0.104015 0.271858 0.075986 0.057975 -0.061127 -0.166281 0.052488 -0.208008 -0.247747 -0.019797 -0.274128 -0.206699 -0.042410 0.286476 0.203809 0.138589 0.098465
-0.050634 -0.056786 0.364639 0.326043 0.266786 0.185937 0.084206 0.350022 0.477577 0.345713 0.133854 0.474734 0.358634 0.585050 0.740338 1.000000 -0.236524 -0.179139 0.242547 0.199011 0.543409 0.349173 0.174237 0.089702 0.232893 0.280355 0.285664 0.076360 0.076230 0.447383 0.294923 0.270016 -0.125035 0.038070 -0.319863 -0.147502 -0.113115 -0.049428 0.194761 0.004877 0.195330 0.266369 -0.160970 -0.350232 -0.250527 -0.380924 -0.163011 -0.217713 -0.109380 -0.273694 -0.043190 -0.067670 0.258430 0.153970 0.094529 -0.311892 -0.422227 -0.441460 0.056848 -0.044288 -0.022270 0.013086 -0.227300 -0.418443 -0.187756 -0.060624 -0.262675 -0.194023 -0.231890 -0.147335 0.431442 0.274979 0.265184 0.492851 0.328486 0.573971 0.038121 0.198313 -0.392435 -0.408394 -0.330232 -0.390925 0.216534 0.606594 -0.226335 -0.209115 0.078283 0.280483 0.075546 0.045098 0.021037 0.059292 0.296604 0.293738 0.210904 -0.049576 -0.219993 -0.081945 -0.045089 -0.125808 0.202600 0.035986 0.033979 -0.030080 -0.094860 0.119918 -0.058291 -0.027670 0.010990 -0.131992 -0.176390 0.111829 0.354977 0.112219 -0.012237 0.103679
0.390075 0.468411 -0.337617 -0.431975 -0.387348 -0.309634 -0.428141 -0.682600 -0.484231 -0.303149 0.649264 0.136698 0.346285 0.022722 -0.157650 -0.236524 1.000000 0.824448 -0.153086 0.045535 -0.094451 -0.287760 -0.422414 -0.501123 -0.506863 -0.477102 -0.284609 -0.209498 0.670040 0.176807 -0.168115 -0.195765 0.421915 0.286558 0.065446 0.024710 0.457995 0.323477 -0.195575 -0.211096 0.130653 0.168238 0.096330 0.084542 0.024384 0.089864 0.108327 -0.168406 -0.374142 -0.010103 -0.253130 -0.216415 -0.396694 -0.369663 -0.259381 -0.019632 0.673095 0.466285 -0.316623 -0.255281 0.246584 0.119771 0.758083 0.766980 -0.141923 -0.309132 -0.098207 -0.177659 0.478187 0.157014 0.086156 0.251486 0.491675 0.146581 0.245919 0.029522 0.381617 0.041881 0.774527 0.779051 0.770607 0.746482 -0.026188 -0.135885 0.496905 0.327902 -0.019729 -0.330411 -0.354733 -0.399156 -0.479637 -0.539861 -0.347877 -0.406663 -0.383310 -0.111419 0.044031 -0.212998 -0.123509 -0.271659 0.146041 0.165420 0.205532 -0.053848 -0.256495 -0.226760 -0.288527 -0.093244 -0.138226 0.054154 -0.354049 -0.402448 -0.413058 -0.374805 -0.381881 -0.334177
0.238978 0.495453 -0.301973 -0.423796 -0.242770 -0.235654 -0.360429 -0.590987 -0.321098 -0.263989 0.526818 0.280809 0.410685 0.200365 -0.135401 -0.179139 0.824448 1.000000 -0.274649 0.140172 -0.094615 -0.135786 -0.350110 -0.461129 -0.487226 -0.516753 -0.241051 -0.175104 0.560951 0.303623 -0.083927 -0.165516 0.168347 0.070033 -0.102329 -0.125058 0.205252 0.098441 -0.233509 -0.190408 0.073889 0.089524 0.139440 0.108342 -0.040437 0.150637 0.095648 -0.037497 -0.408327 0.067938 -0.280791 -0.274842 -0.170237 -0.260266 -0.187635 -0.027627 0.643730 0.529318 -0.304690 -0.075310 0.101663 0.057273 0.684811 0.649622 -0.307796 -0.357352 -0.120766 -0.193885 0.452512 0.264197 0.199074 0.438565 0.395681 0.174513 0.065199 -0.008491 0.063771 -0.254539 0.731250 0.742935 0.767331 0.822203 -0.070594 -0.091553 0.284088 0.101736 0.002534 -0.275324 -0.361267 -0.286756 -0.290530 -0.376133 -0.501426 -0.481817 -0.349494 -0.210048 -0.118749 -0.125939 -0.011774 -0.172162 -0.050331 0.033104 -0.080969 -0.146018 -0.265055 -0.338266 -0.176005 0.037284 -0.293185 -0.121600 -0.359895 -0.246886 -0.399572 -0.454233 -0.376256 -0.331588
0.428678 0.259452 0.361948 0.625588 0.141598 0.223715 0.008351 0.392253 0.017713 0.264072 0.168692 0.332209 -0.135945 0.004275 0.208658 0.242547 -0.153086 -0.274649 1.000000 0.251135 0.452972 0.232600 0.273760 0.333562 0.217497 0.372960 0.250313 0.188476 0.007242 -0.064829 0.283955 0.341027 0.318320 0.491645 -0.196688 -0.154520 0.000186 0.216521 0.293508 0.146355 0.106920 0.178121 -0.622077 -0.589574 -0.514751 -0.539550 -0.518575 -0.441623 -0.113474 -0.578765 -0.374794 -0.470382 -0.371694 -0.411425 -0.230934 -0.475149 -0.238606 -0.090795 0.179098 -0.089160 0.063663 0.137425 -0.342171 -0.186264 0.061787 0.042995 -0.220403 -0.168904 0.066479 0.087796 0.279892 0.117365 0.034091 0.274222 0.275575 0.392518 0.293098 0.368217 -0.245273 -0.132992 -0.298041 -0.291307 0.460387 0.121918 0.102058 -0.222225 0.166790 0.264021 0.503592 0.187132 -0.105127 -0.164799 0.491988 0.345979 0.287670 0.113250 -0.092473 -0.037305 -0.423450 -0.386858 0.482767 0.315113 0.363716 0.171127 0.180238 0.140674 -0.089517 0.005973 0.215763 0.089616 -0.303244 -0.504543 -0.155247 0.255992 -0.034408 0.104827
0.253356 0.647617 0.345783 0.186201 0.262077 0.255521 -0.150205 0.123698 0.140173 0.376699 -0.043987 0.064765 -0.064000 0.171620 -0.057191 0.199011 0.045535 0.140172 0.251135 1.000000 0.333590 0.159561 0.010362 0.150032 -0.056541 -0.081425 0.138540 0.061484 -0.056971 0.043681 -0.090454 -0.141459 0.203084 0.117614 -0.574255 -0.452255 -0.229689 -0.156731 -0.019433 0.037283 -0.223318 -0.053829 -0.347036 -0.459657 -0.537693 -0.508802 -0.461402 -0.053915 -0.487852 -0.398813 -0.524214 -0.582567 0.011289 -0.246894 -0.201751 -0.430284 0.239055 0.322850 -0.194809 0.406300 -0.169816 -0.072453 -0.126244 -0.180851 -0.495433 -0.468214 -0.135876 -0.081996 0.536133 0.745081 0.272130 0.233676 0.040343 0.221894 0.012950 0.289016 -0.160249 0.006172 -0.014001 0.062981 0.114705 0.166677 0.248933 -0.047926 -0.080637 -0.505711 0.135757 0.020241 0.195111 0.096877 0.486766 0.318864 0.091922 0.209206 0.197073 0.152099 -0.503686 0.101013 0.036087 -0.052304 0.198082 0.319419 0.101192 0.381635 0.419549 0.244661 0.383418 0.408574 0.020338 0.178029 -0.129040 0.150201 -0.025963 -0.245407 -0.040196 0.234140
-0.030374 0.225040 0.197188 0.376908 0.353750 0.363785 -0.177247 0.083146 0.124489 0.255685 0.041331 0.263424 0.076837 0.242119 0.528082 0.543409 -0.094451 -0.094615 0.452972 0.333590 1.000000 0.689144 0.130606 0.133164 0.356864 0.432648 0.408997 0.253042 0.267772 0.410512 0.259699 0.190260 0.261198 0.309480 -0.511770 -0.460366 0.131873 0.331223 0.443851 0.213366 0.340509 0.430252 -0.226897 -0.398888 -0.537791 -0.659979 -0.157643 -0.146942 -0.262938 -0.491790 -0.202903 -0.343335 -0.023020 -0.015121 -0.089977 -0.215027 -0.238618 -0.133200 -0.270701 -0.179999 -0.241407 -0.174923 -0.181589 -0.135610 -0.353429 -0.363232 -0.561394 -0.465242 0.009738 0.055672 0.581773 0.343997 0.497660 0.646529 0.567315 0.696583 0.163317 0.200479 -0.172490 -0.079828 -0.078340 -0.073526 0.290539 0.269104 0.065959 -0.141441 0.154622 0.201801 0.095157 0.200803 -0.109701 0.039718 0.442685 0.420533 0.183910 0.115176 -0.198741 0.080448 0.003479 0.057734 0.495653 0.374982 0.258759 0.274986 0.101135 0.403068 -0.109352 0.075312 0.247367 0.050538 -0.166618 -0.015829 0.324892 0.226842 0.240945 0.257666
-0.324269 0.039414 0.214795 0.418447 0.428253 0.510119 -0.123199 0.173371 0.158457 0.220775 -0.233004 0.182974 -0.019910 0.110093 0.411290 0.349173 -0.287760 -0.135786 0.232600 0.159561 0.689144 1.000000 0.348551 0.364696 0.462382 0.547728 0.525848 0.524891 0.025003 0.226697 0.255976 0.169739 -0.037557 -0.022254 -0.435481 -0.548766 -0.181730 -0.076461 0.272552 0.043340 0.298941 0.095037 0.028594 0.033404 -0.395695 -0.453923 0.086381 0.231982 -0.110827 -0.343682 -0.046891 -0.226586 0.245837 0.219110 0.035984 -0.100838 -0.247956 -0.169516 -0.406390 -0.095123 -0.546394 -0.476525 -0.228363 -0.341329 -0.411458 -0.457296 -0.554203 -0.384769 -0.074374 0.057351 0.536023 0.226755 0.176805 0.378427 0.201486 0.357970 -0.208595 -0.094557 -0.160376 -0.134241 -0.013735 -0.096047 0.230857 0.287480 -0.111294 -0.239410 0.391147 0.457973 0.089886 0.399625 0.098676 0.296861 0.284296 0.336742 0.258881 -0.137713 -0.071559 0.257881 0.163796 0.262011 0.106965 0.179331 -0.069111 0.183853 0.189596 0.138625 0.042801 0.063560 -0.118237 -0.193280 0.129526 0.204259 0.303296 0.175486 0.249687 0.127957
-0.355918 -0.300979 0.293898 0.798856 0.277969 0.402070 0.140645 0.511203 0.089140 0.311256 -0.243846 0.038427 -0.070486 -0.045300 0.178938 0.174237 -0.422414 -0.350110 0.273760 0.010362 0.130606 0.348551 1.000000 0.827106 0.672726 0.696281 0.391570 0.413868 -0.217262 -0.182237 0.661463 0.537686 -0.315749 -0.139199 -0.268799 -0.261189 -0.430706 -0.420139 0.003657 -0.278240 -0.113228 -0.320719 -0.072703 -0.079515 -0.188674 -0.227360 -0.118340 -0.054271 0.101678 -0.185019 -0.039227 -0.076563 0.117480 0.137430 -0.158294 -0.369763 -0.306847 -0.190100 0.082343 0.025873 -0.440228 -0.424723 -0.477866 -0.480996 -0.085110 -0.052351 -0.302775 -0.387342 -0.177270 0.008670 0.317392 0.148499 -0.265470 0.043335 -0.117185 0.027698 -0.317101 -0.097315 -0.225497 -0.220557 -0.301317 -0.318504 0.328234 0.011477 -0.126428 -0.350051 0.310894 0.416815 0.417556 0.318470 0.081024 0.177561 0.309860 0.334832 0.136835 -0.240807 -0.242550 -0.165727 -0.261617 -0.137498 -0.068405 -0.189863 -0.232565 -0.053641 0.115743 -0.047798 0.167124 -0.110157 -0.222789 -0.181208 -0.063899 0.098932 0.052837 0.224893 0.089186 -0.042508
-0.234311 -0.246264 0.386179 0.741316 0.352330 0.490662 0.138932 0.576715 0.227338 0.433253 -0.399679 -0.109201 -0.329429 -0.269676 0.047255 0.089702 -0.501123 -0.461129 0.333562 0.150032 0.133164 0.364696 0.827106 1.000000 0.554465 0.765035 0.473575 0.580350 -0.400316 -0.451983 0.435201 0.401960 -0.402610 -0.159241 -0.194982 -0.209327 -0.514874 -0.436241 -0.032383 -0.121917 -0.260039 -0.431301 -0.241441 -0.143344 -0.314567 -0.352086 -0.267617 0.038686 0.170417 -0.337048 -0.120340 -0.247034 0.014999 0.021097 -0.210880 -0.431494 -0.285381 -0.140263 0.076982 0.068747 -0.404077 -0.476617 -0.519677 -0.552673 0.078546 0.010446 -0.297128 -0.244537 -0.151392 0.170470 0.212124 -0.039062 -0.497676 -0.136367 -0.257329 -0.060864 -0.330414 0.050751 -0.265107 -0.263310 -0.356944 -0.392448 0.417794 0.016491 -0.105152 -0.365197 0.434292 0.453756 0.632279 0.457596 0.307973 0.374841 0.529409 0.502840 0.176802 -0.161612 -0.230921 -0.090951 -0.289827 -0.145000 -0.096205 -0.028936 -0.072496 0.180130 0.408996 0.085536 0.344387 -0.009308 -0.114110 -0.042699 0.053832 0.125535 0.002514 0.135028 0.097881 0.072725
-0.508828 -0.346483 0.212178 0.689842 0.398594 0.525199 0.190466 0.452794 0.169897 0.239573 -0.570414 -0.202818 -0.164315 -0.112167 0.431368 0.232893 -0.506863 -0.487226 0.217497 -0.056541 0.356864 0.462382 0.672726 0.554465 1.000000 0.796014 0.429468 0.212801 -0.140978 0.043336 0.420807 0.244742 -0.075254 -0.088054 -0.277874 -0.278782 -0.327116 -0.230719 0.155848 -0.158949 -0.024997 -0.149938 0.073594 -0.042446 -0.112306 -0.254618 0.006431 -0.027409 0.202143 -0.067098 0.153478 0.151336 0.174417 0.270355 -0.127007 -0.199898 -0.397030 -0.262135 -0.041092 -0.061592 -0.520687 -0.369341 -0.576360 -0.513263 -0.168507 -0.030611 -0.329070 -0.369477 -0.256557 -0.101085 0.247112 0.003077 0.006887 0.166752 0.135122 0.139214 -0.217095 -0.082194 -0.391892 -0.329844 -0.373952 -0.375227 0.100266 -0.001155 -0.241528 -0.243498 0.207442 0.353243 0.242640 0.276459 0.097943 0.317835 0.501853 0.528955 0.235909 -0.098703 -0.257765 -0.086008 -0.057199 0.134622 0.121125 -0.066878 -0.153348 -0.063364 0.039407 0.075798 -0.155668 -0.306538 0.052662 -0.201408 -0.095668 0.164853 0.394102 0.475313 0.417032 0.261948
-0.373442 -0.385013 0.260559 0.709372 0.315834 0.527298 0.075339 0.479744 0.198323 0.250946 -0.402497 -0.082981 -0.257179 -0.217951 0.368707 0.280355 -0.477102 -0.516753 0.372960 -0.081425 0.432648 0.547728 0.696281 0.765035 0.796014 1.000000 0.505500 0.472488 -0.170380 -0.124520 0.458926 0.398553 -0.177293 -0.017147 -0.142620 -0.177431 -0.247260 -0.114691 0.208879 0.001635 -0.004693 -0.112752 -0.139263 -0.120428 -0.243266 -0.384071 -0.101853 -0.111681 0.296848 -0.308337 0.057316 -0.040373 -0.000074 0.128775 -0.150527 -0.234318 -0.458141 -0.324789 -0.028049 -0.233998 -0.436300 -0.438017 -0.528486 -0.485380 0.090135 0.037464 -0.452052 -0.379568 -0.358812 -0.118678 0.265822 -0.069970 -0.108751 0.127968 0.127319 0.199715 -0.070447 0.129949 -0.334319 -0.285249 -0.382721 -0.446954 0.234358 0.127870 -0.029898 -0.172568 0.320285 0.437504 0.434812 0.349715 -0.001494 0.204798 0.641063 0.583830 0.255344 -0.076166 -0.060730 -0.002379 -0.217552 -0.009095 0.141891 0.010415 0.038973 0.109849 0.176420 0.205066 -0.051325 -0.156193 0.076649 -0.002566 -0.026980 0.024637 0.277583 0.453095 0.298174 0.221646
-0.040358 -0.087283 0.479608 0.317262 0.723576 0.844650 -0.106258 0.263214 0.211512 0.560273 -0.262965 -0.048052 -0.082350 -0.202793 0.306022 0.285664 -0.284609 -0.241051 0.250313 0.138540 0.408997 0.525848 0.391570 0.473575 0.429468 0.505500 1.000000 0.701621 -0.331056 -0.285786 -0.043347 -0.119073 -0.171098 -0.263159 0.011490 -0.101827 -0.216089 -0.157615 0.130169 -0.089839 -0.008104 -0.173346 -0.278968 -0.240316 -0.200776 -0.358434 -0.335960 -0.027814 0.246220 -0.379713 -0.060917 -0.070819 0.038818 -0.014233 0.030922 -0.354440 -0.192843 -0.210395 -0.014979 0.103487 -0.233528 -0.328650 -0.222314 -0.295049 -0.148405 -0.072813 -0.174793 -0.030472 -0.155627 -0.043200 0.209864 -0.010004 -0.244495 -0.020285 -0.016953 -0.035784 -0.129451 0.082621 -0.254281 -0.214879 -0.208751 -0.280926 0.252883 0.008531 -0.168932 -0.214205 0.386330 0.409669 0.440382 0.437266 0.272805 0.392556 0.396057 0.505615 0.306000 -0.013026 -0.134706 0.140543 -0.203601 0.085831 0.011711 0.182443 0.083993 0.310426 0.427716 0.252085 0.141224 0.081601 0.113358 -0.002969 0.096039 0.042769 0.266325 0.300736 0.307796 0.224904
-0.008493 -0.074321 0.305429 0.307854 0.489128 0.552142 -0.110597 0.136251 0.135417 0.484793 -0.150316 -0.040698 -0.131356 -0.319947 -0.011067 0.076360 -0.209498 -0.175104 0.188476 0.061484 0.253042 0.524891 0.413868 0.580350 0.212801 0.472488 0.701621 1.000000 -0.273345 -0.458347 0.033408 0.007429 -0.214484 -0.157940 -0.044558 -0.204006 -0.188113 -0.164660 0.079235 0.044673 0.107300 -0.237677 -0.124419 -0.019358 -0.306648 -0.351672 -0.118973 0.180729 0.071899 -0.414704 -0.124047 -0.241857 -0.019001 0.003180 -0.048491 -0.219325 -0.085395 -0.104849 -0.159159 -0.053447 -0.183312 -0.339363 -0.116397 -0.145714 -0.054558 -0.129527 -0.294770 -0.149165 -0.055678 0.057193 0.126999 -0.176412 -0.354745 -0.174171 -0.156972 -0.167620 -0.178984 -0.009728 -0.095139 -0.107715 -0.073492 -0.148259 0.437942 0.103936 0.005011 -0.105348 0.385273 0.404956 0.419187 0.477569 0.233546 0.327422 0.348799 0.412762 0.250667 -0.084198 0.056607 0.213116 -0.107151 0.090815 -0.077036 0.159791 0.010102 0.270397 0.402566 0.188155 0.236931 0.134594 -0.048012 -0.089187 0.136976 0.131639 0.102278 0.085340 0.150443 0.069952
0.047015 0.244926 -0.276837 -0.091208 -0.185760 -0.362561 -0.115653 -0.433794 -0.207707 -0.215709 0.610192 0.303292 0.566635 0.324890 0.217957 0.076230 0.670040 0.560951 0.007242 -0.056971 0.267772 0.025003 -0.217262 -0.400316 -0.140978 -0.170380 -0.331056 -0.273345 1.000000 0.628153 0.333266 0.280965 0.356543 0.456983 -0.175476 -0.121462 0.494084 0.428803 -0.026717 -0.134869 0.439027 0.483537 0.187652 0.116334 -0.102245 0.007485 0.246193 -0.203186 -0.424516 0.032636 -0.134816 -0.170926 -0.369468 -0.225078 -0.426911 -0.101292 0.141826 0.101267 -0.508341 -0.552440 -0.034422 -0.039533 0.455679 0.468289 -0.150636 -0.350740 -0.500334 -0.479352 0.160530 -0.053401 0.471255 0.497579 0.871332 0.610495 0.629344 0.502558 0.529025 0.192834 0.483210 0.528152 0.555410 0.542827 0.164636 0.277043 0.406733 0.333160 -0.103307 -0.165959 -0.487040 -0.508716 -0.674168 -0.583267 -0.175455 -0.339878 -0.313363 -0.265774 -0.055520 -0.305729 -0.203682 -0.337469 0.251477 0.021818 0.066729 -0.193324 -0.450443 -0.187198 -0.502351 -0.257742 -0.173003 -0.098699 -0.390205 -0.413107 -0.307895 -0.271230 -0.323961 -0.329383
-0.208157 0.135623 -0.113356 -0.019121 -0.141746 -0.218503 0.058773 -0.069426 0.039485 -0.238870 0.273123 0.406942 0.485484 0.704425 0.460794 0.447383 0.176807 0.303623 -0.064829 0.043681 0.410512 0.226697 -0.182237 -0.451983 0.043336 -0.124520 -0.285786 -0.458347 0.628153 1.000000 0.352849 0.303560 0.198869 0.264444 -0.400399 -0.318918 0.206707 0.259730 0.114984 -0.018791 0.501935 0.633134 0.177855 -0.008720 -0.095180 -0.068198 0.242446 -0.101678 -0.405338 0.065280 0.007008 -0.010777 0.112302 0.177143 -0.058176 0.051071 -0.136578 -0.143790 -0.319614 -0.184478 -0.096066 0.011537 0.131435 0.067305 -0.325556 -0.362066 -0.325244 -0.297414 -0.012678 -0.113241 0.487973 0.574424 0.811805 0.794423 0.604536 0.688478 0.225029 -0.022636 0.007574 0.052797 0.149872 0.189601 -0.037466 0.457635 -0.057348 -0.006108 -0.052280 -0.018480 -0.574144 -0.359060 -0.395954 -0.287301 -0.185287 -0.222163 -0.062803 -0.154360 -0.147282 -0.032839 0.136800 -0.013759 0.270170 0.001893 0.010187 -0.155785 -0.425562 -0.063616 -0.465362 -0.098143 -0.089309 -0.179658 -0.293030 -0.024428 0.119080 -0.038668 -0.138561 -0.074880
-0.285376 -0.213696 0.200998 0.652847 0.029541 -0.009325 0.360307 0.419870 0.093507 0.088292 0.154544 0.377431 0.318805 0.391081 0.311958 0.294923 -0.168115 -0.083927 0.283955 -0.090454 0.259699 0.255976 0.661463 0.435201 0.420807 0.458926 -0.043347 0.033408 0.333266 0.352849 1.000000 0.910827 -0.189445 0.167648 -0.351972 -0.327869 -0.220217 -0.135105 -0.050902 -0.190929 0.196367 0.121256 0.010205 -0.039777 -0.157525 -0.101614 0.039159 -0.157668 -0.088782 -0.067028 -0.075480 -0.129987 -0.061621 0.071995 -0.313360 -0.280212 -0.374483 -0.269239 -0.085402 -0.230889 -0.237147 -0.256826 -0.243564 -0.266100 0.005415 -0.104088 -0.459320 -0.424612 -0.252714 -0.192112 0.593357 0.558666 0.263044 0.496091 0.252179 0.418909 -0.004574 0.043623 -0.113862 -0.138178 -0.194144 -0.182179 0.310473 0.349532 -0.137753 -0.230403 0.102461 0.204170 -0.029842 -0.163877 -0.337007 -0.249114 0.090898 0.001032 -0.074816 -0.359083 -0.179510 -0.362023 -0.286418 -0.348877 -0.008966 -0.282711 -0.242584 -0.296132 -0.293248 -0.217952 -0.135963 -0.198948 -0.358600 -0.303087 -0.290199 -0.164262 -0.157946 -0.061019 -0.274804 -0.277568
-0.179875 -0.238030 0.197270 0.585058 -0.073265 -0.089350 0.428604 0.465063 0.105931 0.067053 0.222383 0.369858 0.251229 0.384029 0.265130 0.270016 -0.195765 -0.165516 0.341027 -0.141459 0.190260 0.169739 0.537686 0.401960 0.244742 0.398553 -0.119073 0.007429 0.280965 0.303560 0.910827 1.000000 -0.195247 0.295870 -0.222225 -0.170028 -0.160524 -0.064216 -0.049684 -0.089914 0.215971 0.177963 -0.129204 -0.116055 -0.161658 -0.104737 -0.053184 -0.233454 -0.092040 -0.113962 -0.066391 -0.153106 -0.161037 -0.003616 -0.297058 -0.251532 -0.438230 -0.348250 -0.003981 -0.234093 -0.040177 -0.139545 -0.197346 -0.237935 0.212830 0.041126 -0.381010 -0.286357 -0.294539 -0.226229 0.459210 0.460791 0.172472 0.399574 0.213024 0.383581 0.091879 0.161480 -0.178939 -0.226563 -0.278496 -0.278872 0.418130 0.499171 -0.100583 -0.175636 0.119115 0.238660 0.034353 -0.155889 -0.379440 -0.325971 0.117978 -0.028657 -0.054242 -0.244852 -0.093247 -0.290862 -0.378815 -0.443363 0.067769 -0.181919 -0.070110 -0.181933 -0.217392 -0.125219 -0.105532 -0.135297 -0.274223 -0.177041 -0.228099 -0.260741 -0.269182 -0.088338 -0.356898 -0.301978
0.328495 0.466452 -0.076336 -0.035421 -0.157207 -0.089543 -0.170496 -0.312848 -0.281863 -0.213569 0.185859 -0.032560 -0.037923 -0.055343 0.044483 -0.125035 0.421915 0.168347 0.318320 0.203084 0.261198 -0.037557 -0.315749 -0.402610 -0.075254 -0.177293 -0.171098 -0.214484 0.356543 0.198869 -0.189445 -0.195247 1.000000 0.638589 -0.150096 -0.220769 0.397850 0.445015 0.197590 0.072200 0.244396 0.355518 -0.064243 -0.136234 -0.130259 -0.177832 -0.061485 -0.264857 -0.309126 -0.098669 -0.271389 -0.196762 -0.391477 -0.335116 -0.132642 0.038265 0.280746 0.304406 -0.190372 -0.174914 0.163739 0.236543 0.147305 0.364963 -0.139838 -0.294394 -0.062582 -0.116931 0.410904 0.126441 -0.067666 -0.069812 0.466179 0.195468 0.395781 0.185537 0.333389 0.006271 0.165539 0.328256 0.234777 0.276422 -0.054741 -0.129635 0.223058 0.125070 -0.102997 -0.144916 -0.228517 -0.267730 -0.257272 -0.301358 0.008079 -0.010243 0.095944 0.270979 0.150005 0.117328 0.092568 0.017445 0.509376 0.312397 0.329447 0.044200 -0.099486 0.089440 -0.279289 0.025447 0.280621 0.171296 -0.203257 -0.353370 -0.028837 0.061244 -0.028862 0.173412
0.323017 0.460997 -0.119449 0.196399 -0.306169 -0.230992 -0.039017 -0.071294 -0.224476 -0.132509 0.411583 0.302970 0.007461 0.146248 0.182714 0.038070 0.286558 0.070033 0.491645 0.117614 0.309480 -0.022254 -0.139199 -0.159241 -0.088054 -0.017147 -0.263159 -0.157940 0.456983 0.264444 0.167648 0.295870 0.638589 1.000000 -0.188279 -0.073121 0.256507 0.364087 0.110880 0.059404 0.311657 0.428400 -0.348249 -0.320430 -0.424677 -0.361306 -0.271767 -0.338719 -0.485998 -0.294289 -0.458343 -0.444330 -0.587074 -0.447252 -0.397712 -0.247310 0.057093 0.211543 -0.073825 -0.255517 0.189369 0.298534 0.069203 0.299780 0.062525 -0.043293 -0.264262 -0.278083 0.374265 0.204007 0.120738 0.158301 0.412270 0.254729 0.326181 0.355681 0.351541 0.224872 0.141159 0.244006 0.089700 0.130992 0.443137 0.215645 0.354263 -0.006984 0.096565 0.069506 0.082004 -0.156909 -0.372811 -0.426796 0.191533 0.023830 0.145799 0.046945 0.071213 0.032796 -0.223138 -0.356007 0.577491 0.367368 0.483595 0.164916 -0.017392 0.066119 -0.270306 -0.132655 0.142226 0.047676 -0.242497 -0.501996 -0.250601 -0.060005 -0.201844 -0.074778
0.071564 -0.438991 -0.134370 -0.415702 -0.166726 -0.162820 -0.011265 -0.102339 -0.180479 -0.233265 0.124547 -0.129669 -0.039625 -0.368643 -0.179175 -0.319863 0.065446 -0.102329 -0.196688 -0.574255 -0.511770 -0.435481 -0.268799 -0.194982 -0.277874 -0.142620 0.011490 -0.044558 -0.175476 -0.400399 -0.351972 -0.222225 -0.150096 -0.188279 1.000000 0.810919 0.184668 0.074221 -0.169350 -0.107644 -0.256676 -0.171276 -0.000044 0.192751 0.574554 0.517628 0.022255 -0.198903 0.630147 0.199445 0.455330 0.502790 -0.254265 -0.146310 0.151499 0.203661 -0.111503 -0.281892 0.376645 -0.222335 0.440052 0.205248 0.178839 0.133260 0.721187 0.650470 0.504222 0.570554 -0.400888 -0.477250 -0.488613 -0.332491 -0.317660 -0.457835 -0.257605 -0.433371 0.284883 0.259764 0.015394 -0.011722 -0.128172 -0.213378 -0.277576 -0.160811 0.202058 0.555227 -0.173961 -0.147922 0.051067 -0.093663 -0.256856 -0.274421 -0.116758 -0.172602 -0.155910 0.146581 0.386487 -0.100161 -0.267301 -0.120507 -0.261955 -0.205594 0.078905 -0.051588 -0.081172 0.027925 -0.148236 -0.100789 0.152328 0.217218 0.269895 -0.282401 -0.049342 0.207485 0.009988 0.026761
0.120708 -0.412580 -0.171124 -0.383223 -0.181285 -0.266723 0.001876 -0.087257 -0.020521 -0.121970 0.197851 -0.035232 0.017858 -0.171387 -0.103452 -0.147502 0.024710 -0.125058 -0.154520 -0.452255 -0.460366 -0.548766 -0.261189 -0.209327 -0.278782 -0.177431 -0.101827 -0.204006 -0.121462 -0.318918 -0.327869 -0.170028 -0.220769 -0.073121 0.810919 1.000000 0.195450 0.087218 -0.139722 -0.029457 -0.286786 -0.149603 -0.144420 0.022599 0.427230 0.431449 -0.157198 -0.284866 0.447575 0.229709 0.364065 0.399394 -0.178468 -0.195075 0.076785 0.058519 -0.217443 -0.269033 0.462605 -0.207706 0.411852 0.299164 0.094608 0.093000 0.615799 0.759494 0.430328 0.413464 -0.350016 -0.301397 -0.450813 -0.294156 -0.267372 -0.441265 -0.235231 -0.310887 0.310748 0.326407 -0.010814 -0.030139 -0.143567 -0.202906 -0.109687 -0.132907 0.271564 0.418378 -0.190024 -0.178349 0.190998 -0.098470 -0.155502 -0.247308 -0.013633 -0.135219 -0.089576 0.182835 0.214006 -0.140251 -0.343015 -0.267947 -0.142060 -0.173183 0.132804 -0.040359 -0.032927 0.045291 -0.159882 -0.213353 0.239677 0.263377 0.164652 -0.263668 -0.104709 0.154841 -0.024023 -0.022274
