1.000000 0.226048 0.078050 -0.365780 0.138369 -0.266474 0.466391 -0.023119 0.069846 -0.195067 0.475880 0.030063 0.300795 0.191770 0.146187 -0.157876 0.349991 0.242562 -0.100135 0.311649 -0.173120 -0.522736 0.117334 -0.179610 -0.114401 -0.252405 -0.131208 -0.304902 0.265318 -0.101285 0.086886 -0.049844 0.048724 0.151334 -0.113356 0.245219 -0.419939 -0.088451 -0.349669 -0.243318 -0.311098 -0.239485 -0.145346 -0.072505 0.132717 0.033442 -0.395381 -0.350800 0.334038 0.020931 0.126063 0.091668 0.262136 -0.043601 0.164468 -0.254187 0.412897 -0.113557 0.169190 -0.115222 0.481903 0.176586 0.368173 0.337786 0.113209 0.044351 0.174871 0.000367 0.007572 -0.241120 -0.112665 0.003580 0.108105 -0.098487 0.168378 -0.150039 0.001314 -0.227016 -0.006367 0.078024 -0.065521 -0.241951 -0.119551 -0.221943 -0.162882 -0.593556 -0.046932 -0.231235 0.241038 -0.253660 0.124422 0.172123 -0.224694 0.092753 0.093712 -0.108035 -0.279218 -0.079895 -0.139877 0.013607 -0.055681 0.349922 0.154036 0.465719 0.316328 0.212951 0.067196 0.254704 -0.046833 -0.187864 -0.404419 -0.317367 0.103682 0.010469 0.096434 0.228478
0.226048 1.000000 0.115534 -0.050878 0.053994 -0.157348 0.242820 0.035398 0.296553 0.369577 -0.024517 0.447569 0.419576 0.297926 0.248930 0.447778 -0.015450 0.313725 -0.195701 0.342485 0.015754 -0.265521 -0.322426 0.144596 -0.120118 -0.391057 0.155283 -0.101091 0.215133 0.033217 -0.247244 -0.153689 -0.182708 0.218629 -0.524067 -0.143764 -0.250694 -0.099758 -0.293652 -0.060043 -0.189723 -0.133438 -0.287281 -0.281988 -0.283282 -0.289060 -0.267589 -0.382617 0.198874 -0.238135 0.259380 0.165402 0.157282 -0.085390 -0.138896 -0.066165 -0.122741 0.002245 0.386440 -0.016188 0.494235 0.425522 0.105121 0.217891 0.199692 0.421702 -0.111222 -0.376776 -0.065419 -0.229184 -0.100651 0.190977 -0.035726 -0.121710 0.115486 0.116579 -0.171711 -0.019506 0.013435 0.137202 -0.362431 -0.243401 -0.207325 -0.085752 -0.183745 -0.183158 -0.013327 -0.201511 0.176799 0.156363 0.092318 -0.158219 0.009631 -0.059842 -0.060898 -0.155509 -0.334814 -0.204466 -0.090516 0.007131 -0.126115 -0.260359 0.021018 -0.112579 -0.064213 -0.192052 0.099459 -0.038791 -0.034381 -0.034063 -0.280822 -0.335465 -0.077736 0.068119 0.183949 0.008066
0.078050 0.115534 1.000000 0.236201 0.386475 0.263208 0.513024 0.156535 0.551981 0.422805 -0.089506 0.268622 0.161310 0.079239 0.445592 0.363170 -0.229615 -0.170382 0.198430 -0.031065 0.227960 0.115649 0.257042 0.516732 0.228904 0.060758 0.256338 0.132472 -0.152071 -0.457306 0.233047 0.216317 -0.069820 0.043133 -0.059723 -0.196634 -0.271428 -0.168776 -0.188120 -0.019941 -0.258559 0.020135 -0.193933 -0.176913 -0.268736 -0.207587 -0.225529 -0.067895 0.094488 -0.273560 0.399758 -0.082544 -0.028194 -0.227866 -0.268917 -0.003126 -0.292139 -0.220070 0.121994 -0.301820 0.282413 -0.198594 -0.109688 -0.220283 0.480776 0.104083 -0.245624 -0.017334 -0.176652 -0.160625 -0.017402 -0.019462 -0.467874 -0.216853 -0.167139 0.004204 -0.171076 -0.207603 -0.300535 -0.241917 -0.372821 -0.266664 0.043982 0.056074 0.139069 0.202189 0.039782 -0.011553 0.266473 0.076541 -0.265756 0.035890 0.087934 0.156114 0.028830 -0.190509 0.032493 -0.126910 -0.151045 -0.104272 -0.179794 -0.153141 -0.124861 -0.126442 -0.212634 -0.163195 -0.092950 -0.132915 -0.055209 -0.159445 -0.069827 -0.125972 -0.022733 -0.003806 -0.054439 -0.039272
-0.365780 -0.050878 0.236201 1.000000 0.101260 0.085946 0.095907 0.374457 0.428766 0.449767 -0.326788 0.481706 -0.297918 -0.078809 0.304459 0.598726 -0.536888 -0.072056 0.399454 0.120579 0.308350 0.173172 0.168558 0.403402 0.095544 -0.030945 0.100800 0.019925 -0.042053 0.066085 0.198507 0.416411 -0.014427 0.044909 -0.056360 -0.206885 0.061098 0.074851 0.112401 -0.147503 0.166561 0.291916 -0.042294 -0.158228 -0.283996 -0.147217 -0.070196 0.033256 -0.331326 -0.188659 0.076641 -0.184503 -0.095029 -0.269255 -0.288524 -0.253855 -0.567087 -0.287919 -0.165572 -0.170569 -0.336900 -0.297946 -0.318207 -0.440171 0.073484 0.014928 -0.257049 -0.041350 -0.341146 -0.152194 0.246925 0.174037 -0.238041 0.143093 0.059215 0.448745 0.019759 0.256818 -0.343573 -0.312827 -0.359357 -0.196494 0.140792 0.585402 0.191835 0.463977 -0.002220 0.323640 -0.330100 -0.009486 -0.309712 0.060214 0.458985 0.194700 -0.170557 0.065966 -0.125409 -0.167178 -0.242775 -0.294510 -0.068981 -0.284510 -0.132543 -0.392642 -0.287344 -0.313539 0.181879 -0.393969 0.076143 0.203848 0.098076 0.086896 -0.139662 0.153494 -0.149537 -0.130781
0.138369 0.053994 0.386475 0.101260 1.000000 0.184510 0.300701 -0.062138 0.496881 0.184777 -0.019383 0.131485 0.166386 0.130443 0.406137 0.251971 -0.230942 -0.030743 -0.140662 0.120046 0.164064 0.013199 0.132054 0.247736 0.058200 -0.016763 0.227033 -0.003414 0.091339 -0.110587 0.300071 -0.088867 0.192404 0.105957 0.016438 0.055666 -0.212002 -0.255922 -0.122929 -0.253049 -0.240089 -0.005885 0.000404 -0.040434 0.210982 0.218710 -0.122779 -0.135030 0.318485 -0.103331 0.421619 -0.033325 0.061771 -0.330322 -0.170536 -0.227919 -0.258529 -0.253992 0.222515 -0.173264 0.286707 -0.085710 -0.020672 -0.094968 0.362600 0.131607 0.005694 0.207161 -0.217370 -0.203549 -0.078936 -0.080557 -0.102475 -0.238228 -0.077389 -0.147244 -0.135559 -0.176145 -0.175075 -0.171291 -0.211166 -0.167353 0.060410 0.053267 0.161135 -0.140657 0.038657 -0.085965 -0.053154 -0.179297 -0.246803 -0.020789 -0.063406 0.052603 -0.101657 -0.255200 -0.208809 -0.271528 -0.290197 -0.364503 -0.218187 -0.090044 -0.164996 -0.073656 -0.008840 0.015471 0.076262 0.113189 -0.063890 -0.241051 -0.121932 -0.250782 -0.224500 -0.160197 -0.203246 -0.212265
-0.266474 -0.157348 0.263208 0.085946 0.184510 1.000000 -0.094178 0.087562 0.189372 0.202964 -0.116981 0.040684 -0.174214 -0.194263 0.070761 0.118940 -0.159222 -0.293607 0.220559 -0.192739 0.325300 0.374472 0.263059 0.375964 0.281948 0.410170 0.444845 0.542977 -0.362937 -0.350295 0.064937 0.180822 0.149549 -0.145690 -0.011124 -0.281021 -0.214093 -0.205538 -0.210848 0.089575 -0.114809 -0.193216 -0.008140 0.063476 -0.201269 -0.029574 -0.014725 0.021106 0.124897 -0.049521 0.344243 0.083811 0.002778 -0.083586 -0.222253 -0.116292 -0.226033 -0.023229 -0.021868 0.034949 -0.119741 -0.429338 -0.307193 -0.298061 0.055560 -0.158764 0.033851 0.156604 -0.064979 0.095837 -0.067777 -0.029888 -0.350427 -0.056681 -0.085828 -0.103216 -0.270085 -0.198250 0.088007 0.099683 -0.013362 -0.034967 -0.033994 0.023187 0.126488 0.237365 0.003251 -0.065445 0.083874 0.115920 -0.023845 0.032759 0.176070 -0.060375 0.132222 -0.048222 0.055108 -0.050050 -0.129788 -0.227221 -0.104210 -0.230315 -0.077901 -0.074638 0.047667 0.115945 0.214481 0.126967 -0.003280 -0.248547 0.014961 -0.048658 -0.071701 -0.167863 -0.000617 -0.056331
0.466391 0.242820 0.513024 0.095907 0.300701 -0.094178 1.000000 0.312120 0.446710 0.209430 0.002093 0.236387 0.387227 0.278151 0.386306 0.291963 -0.140141 -0.077288 -0.171375 0.129927 0.037333 -0.227327 0.048383 0.111705 -0.120615 -0.246055 -0.055195 -0.278741 0.052191 -0.244670 0.101809 -0.105645 0.080847 0.342915 -0.177828 0.069624 -0.257229 -0.130057 -0.267309 -0.113720 -0.252983 0.019645 -0.304871 -0.196734 -0.042867 -0.037841 -0.376955 -0.373468 0.239814 -0.243752 0.258465 -0.023943 0.290137 -0.207211 -0.072155 -0.264547 -0.112228 -0.256683 0.148386 -0.127700 0.510549 0.113847 0.189262 0.143955 0.399000 0.237460 0.040500 0.121067 -0.196417 -0.196140 -0.097143 -0.045951 -0.170251 -0.212729 0.099729 0.093343 -0.101229 -0.266054 -0.285638 -0.212607 -0.347512 -0.318277 -0.179105 -0.014203 -0.088222 -0.235575 -0.048789 -0.150171 0.022505 -0.001174 -0.254372 -0.022750 -0.210671 0.114585 -0.046306 -0.148921 -0.067792 -0.198480 -0.211158 -0.106916 -0.170128 0.108596 -0.078760 0.111249 -0.148554 -0.267382 0.114509 -0.114419 -0.043044 -0.157517 -0.265043 -0.345311 -0.126617 0.159715 -0.025786 0.108816
-0.023119 0.035398 0.156535 0.374457 -0.062138 0.087562 0.312120 1.000000 0.156088 0.420848 -0.313169 0.321228 -0.067351 0.200465 0.005423 0.376496 -0.204081 -0.056862 0.209652 -0.098197 0.154165 0.007178 -0.028059 0.141882 0.032376 0.043072 0.026956 -0.109947 -0.346462 -0.188244 -0.010328 0.203598 0.087660 0.096390 -0.010219 -0.329679 -0.217566 -0.078115 -0.177617 -0.135420 -0.120700 -0.105278 0.035836 -0.021389 -0.178264 -0.086099 -0.064018 -0.096963 -0.051379 0.023035 0.148752 0.100304 0.074244 -0.038871 -0.272099 -0.259470 -0.455159 -0.524526 -0.143159 -0.030621 -0.071549 0.010093 -0.131937 -0.096686 0.241032 0.385020 0.119093 0.147839 -0.423760 -0.311421 0.126262 0.321066 -0.181272 -0.058012 0.062827 0.227217 -0.024874 -0.021248 -0.212520 -0.205619 -0.350529 -0.409652 -0.312979 0.087478 -0.071979 0.019442 -0.253738 -0.191424 -0.292043 0.110411 -0.032509 -0.084000 0.273903 -0.044255 -0.024367 -0.087614 0.084806 -0.237733 -0.079425 -0.091208 -0.029893 -0.151349 -0.100494 -0.048535 0.107349 -0.022908 0.170638 -0.135884 -0.101777 -0.052065 -0.249022 -0.095878 -0.130275 -0.009433 0.049379 0.027115
0.069846 0.296553 0.551981 0.428766 0.496881 0.189372 0.446710 0.156088 1.000000 0.501069 -0.196443 0.481540 0.186604 0.058498 0.714115 0.586963 -0.476106 0.056155 0.111572 0.242756 0.277710 -0.113003 0.067184 0.616830 0.187225 -0.041195 0.360123 0.015377 -0.042858 -0.332898 0.163533 0.157946 -0.031726 0.004250 -0.199003 -0.159311 -0.349644 -0.270763 -0.331299 -0.155312 -0.310119 -0.080866 -0.273936 -0.217192 -0.282455 -0.233070 -0.307012 -0.222756 0.145087 -0.410961 0.507395 -0.052139 0.115014 -0.270374 -0.179623 -0.308123 -0.377078 -0.285292 0.309599 -0.328027 0.345970 -0.168686 -0.095898 -0.260859 0.506628 0.151756 -0.153099 -0.026474 -0.130818 -0.076441 0.094872 0.194276 -0.419126 -0.167997 -0.088910 0.111341 -0.171161 -0.080565 -0.477536 -0.326053 -0.560473 -0.435883 -0.074414 0.160358 0.060547 0.152931 0.029584 -0.001886 0.180745 -0.006799 -0.227915 0.157170 0.249339 0.356435 0.024987 -0.122653 -0.188438 -0.195878 -0.280428 -0.197379 -0.184755 -0.083038 -0.042268 -0.151703 -0.214929 -0.276833 0.188745 -0.182558 -0.076432 -0.030444 -0.173632 -0.257679 -0.081996 0.115188 -0.083858 -0.063599
-0.195067 0.369577 0.422805 0.449767 0.184777 0.202964 0.209430 0.420848 0.501069 1.000000 -0.310734 0.422442 -0.059660 -0.021871 0.207753 0.638381 -0.244854 0.050929 0.166367 0.031929 0.323625 0.055214 -0.067714 0.376996 0.096953 -0.171530 0.344773 0.131793 -0.132141 -0.233022 -0.232588 -0.051526 -0.005928 0.059021 -0.388932 -0.488686 -0.149453 -0.147116 -0.197120 -0.155123 -0.158952 -0.091146 -0.177566 -0.256795 -0.370604 -0.324589 -0.243487 -0.097313 -0.038081 -0.230067 0.232499 -0.055715 0.021636 -0.259771 -0.331654 -0.174769 -0.414770 -0.276603 0.232492 0.022639 0.178177 0.040766 -0.042995 -0.141193 0.371440 0.224149 0.101164 0.009094 -0.290626 -0.058306 0.075486 0.051025 -0.337632 -0.163322 -0.052379 0.154501 -0.319031 -0.079414 -0.213497 -0.010418 -0.334742 -0.221904 -0.215230 0.165390 0.250317 0.228661 -0.213079 -0.161558 -0.035387 0.112477 -0.044379 0.119890 0.329861 0.019495 -0.087666 -0.252639 -0.188071 -0.297246 -0.136610 -0.026916 -0.191239 -0.291803 -0.063308 -0.309471 -0.135933 -0.247028 -0.138031 -0.221965 -0.157339 -0.117061 -0.159179 -0.146313 -0.025767 -0.034640 -0.046187 -0.063164
0.475880 -0.024517 -0.089506 -0.326788 -0.019383 -0.116981 0.002093 -0.313169 -0.196443 -0.310734 1.000000 -0.029638 0.298655 0.125269 -0.120154 -0.214392 0.649063 -0.173652 -0.025193 0.169720 0.012335 -0.262373 0.256289 -0.051072 -0.045101 0.043821 -0.161912 -0.107150 0.337606 -0.052329 0.217889 0.049182 0.046603 0.044130 0.124857 0.319105 -0.177918 0.197176 -0.150175 -0.042793 -0.205014 -0.161008 0.107299 0.191460 0.229666 0.097926 -0.083540 -0.031926 0.228712 0.236502 -0.051449 0.187329 -0.020092 -0.100225 0.181347 -0.171396 0.517768 0.048762 -0.133870 -0.244204 0.010721 -0.073542 0.301908 0.011709 -0.151636 -0.218378 -0.042521 -0.017635 0.055100 -0.221119 0.099663 -0.012423 0.117832 0.140931 0.137647 -0.064221 0.138825 0.016886 -0.010300 0.093043 0.262610 -0.110980 0.293377 -0.248617 0.155528 -0.482055 0.115122 -0.112825 0.359830 -0.211680 0.034843 0.093768 -0.070814 0.277519 0.037180 0.051411 -0.192069 -0.159121 -0.309644 -0.085911 0.124793 0.254350 0.212172 0.411523 0.287874 0.298234 -0.011829 0.104612 0.027767 -0.186182 -0.109729 0.082404 0.239128 -0.078521 0.040114 0.232927
0.030063 0.447569 0.268622 0.481706 0.131485 0.040684 0.236387 0.321228 0.481540 0.422442 -0.029638 1.000000 0.296578 0.329160 0.548431 0.688812 -0.368708 -0.083754 0.171979 0.035100 0.191590 0.000047 -0.063458 0.469760 0.061911 -0.094624 0.126195 0.068478 0.000597 -0.211173 0.024530 0.259252 -0.354014 -0.016075 -0.270796 -0.065046 -0.264803 0.009737 -0.193535 -0.226005 -0.106381 -0.008523 0.041231 -0.001106 -0.137638 0.007052 -0.010798 0.030452 0.239558 -0.094859 0.399553 0.261422 0.085092 -0.242939 -0.215429 -0.205797 -0.503181 -0.587424 0.163753 -0.502740 0.126532 -0.155014 -0.277553 -0.354164 0.229817 0.447188 -0.513414 -0.211396 -0.403712 -0.409464 0.022798 0.205052 -0.411001 -0.079666 0.000210 0.340770 0.059622 0.034327 -0.336708 -0.230452 -0.571150 -0.514494 0.085368 0.300336 -0.079404 0.206221 0.056698 0.089186 -0.047201 -0.123440 -0.150086 -0.049057 0.436424 0.228499 -0.029973 0.012142 -0.030654 -0.288736 -0.165323 -0.165399 0.025181 -0.490013 -0.067343 -0.245965 -0.095417 -0.196527 0.237655 -0.252652 -0.037330 -0.017180 -0.049082 0.000897 -0.074736 0.145216 0.063749 0.047120
0.300795 0.419576 0.161310 -0.297918 0.166386 -0.174214 0.387227 -0.067351 0.186604 -0.059660 0.298655 0.296578 1.000000 0.672136 0.326451 0.191846 0.187551 -0.035617 -0.460103 -0.095821 -0.156918 -0.277415 -0.236152 -0.046721 -0.286649 -0.285166 -0.120892 -0.270919 0.218215 -0.073472 0.085039 -0.111049 -0.219614 0.184230 -0.099274 0.251227 -0.270395 -0.078265 -0.202926 -0.031538 -0.293992 -0.152815 -0.026575 0.040809 0.180088 -0.005610 0.075617 -0.035981 0.525647 -0.007999 0.152681 0.225920 0.143256 0.038447 -0.017890 -0.017737 0.007233 -0.186970 0.203836 -0.324795 0.588786 0.224588 0.318013 0.156366 0.259367 0.280170 -0.213697 -0.275457 -0.018644 -0.365005 0.046550 0.260085 -0.072602 0.006509 -0.053779 0.039447 0.103771 -0.062038 -0.081201 -0.147295 -0.169358 -0.230358 -0.013315 -0.128872 -0.293937 -0.350652 0.047072 -0.116654 0.243888 -0.123073 -0.064988 -0.312128 -0.237143 0.070276 -0.121101 -0.145118 -0.007957 -0.327985 -0.047428 -0.071216 -0.074954 0.012837 -0.034885 0.102716 0.013511 -0.031250 0.219072 0.037558 -0.255745 -0.215168 -0.240764 -0.159660 -0.111682 -0.119129 -0.141345 -0.040816
0.191770 0.297926 0.079239 -0.078809 0.130443 -0.194263 0.278151 0.200465 0.058498 -0.021871 0.125269 0.329160 0.672136 1.000000 0.034799 0.206779 0.218249 0.162266 -0.333098 -0.010554 -0.035545 -0.080038 -0.351891 -0.181298 -0.392539 -0.347093 -0.248321 -0.280283 0.193504 0.132928 0.099122 -0.124950 -0.164432 0.263664 0.057447 0.199337 -0.001373 0.042901 -0.018886 -0.028234 0.020168 0.107032 -0.154928 -0.247971 0.106556 -0.038597 -0.058452 -0.117705 0.265638 -0.010797 -0.083147 0.145974 0.156472 -0.039640 -0.092482 -0.108332 -0.116116 -0.323014 0.025251 -0.281137 0.493310 0.423124 0.315876 0.340583 0.174195 0.567585 -0.249936 -0.262667 -0.219857 -0.353785 0.129618 0.225148 0.167660 0.149938 0.077105 0.109365 0.370816 0.161465 0.048614 -0.129740 -0.006787 -0.105464 -0.092027 0.062315 -0.156784 -0.264396 -0.182891 -0.095624 -0.030158 0.124972 -0.134425 -0.419789 -0.343827 -0.153514 -0.292143 -0.119905 -0.034203 -0.294355 -0.014670 -0.248899 -0.049358 0.048719 -0.182250 -0.142368 -0.165974 -0.164777 0.144667 -0.155917 -0.231091 -0.190735 -0.180570 -0.153999 -0.304241 -0.180819 -0.249524 -0.330016
0.146187 0.248930 0.445592 0.304459 0.406137 0.070761 0.386306 0.005423 0.714115 0.207753 -0.120154 0.548431 0.326451 0.034799 1.000000 0.525270 -0.524283 -0.094726 0.148965 0.087961 0.196024 -0.215634 0.073935 0.474197 0.252780 0.041336 0.273470 0.023191 0.151204 -0.274647 0.195148 0.283411 -0.313109 -0.146834 -0.264731 0.016057 -0.373618 -0.143959 -0.332139 -0.254693 -0.322483 -0.088449 -0.012234 0.083684 -0.053575 0.030854 -0.043086 -0.010907 0.327476 -0.251968 0.571564 0.148669 0.084417 -0.129119 -0.148362 -0.195610 -0.423857 -0.391147 0.243038 -0.463732 0.279224 -0.320391 -0.275564 -0.416921 0.398906 0.131593 -0.430244 -0.107231 -0.265282 -0.209919 -0.025782 0.197582 -0.454222 -0.080620 -0.019645 0.270958 -0.060050 -0.124294 -0.510917 -0.366556 -0.597450 -0.436440 0.151444 0.131218 -0.078844 0.160403 0.183889 0.175078 0.140291 -0.340562 -0.252669 0.055688 0.281045 0.381906 0.100588 0.027701 0.012064 -0.172383 -0.195466 -0.133491 -0.054252 -0.223345 0.059231 -0.161810 -0.189687 -0.238057 0.211927 -0.196606 -0.057392 0.153629 -0.115025 -0.120925 -0.027134 0.266141 0.078814 0.143383
-0.157876 0.447778 0.363170 0.598726 0.251971 0.118940 0.291963 0.376496 0.586963 0.638381 -0.214392 0.688812 0.191846 0.206779 0.525270 1.000000 -0.515143 -0.087097 0.060310 0.177389 0.284927 0.029697 -0.082509 0.474459 -0.001911 -0.155892 0.247825 0.031824 0.108871 -0.044948 0.073945 0.197742 -0.239723 0.157005 -0.434500 -0.274099 -0.140420 -0.068670 -0.205232 -0.220606 0.027168 0.019890 -0.142826 -0.175748 -0.319252 -0.239371 -0.120265 -0.111400 0.118473 -0.296748 0.387284 0.139661 0.070897 -0.340712 -0.232581 -0.283006 -0.563601 -0.420494 0.198231 -0.303830 0.185410 0.004793 -0.208480 -0.329659 0.431983 0.473817 -0.325575 -0.159334 -0.481439 -0.245004 0.118945 0.225187 -0.227407 0.085661 0.114654 0.422724 -0.131202 0.036166 -0.370572 -0.326615 -0.563609 -0.391073 0.050810 0.322798 0.132532 0.239338 0.008042 -0.003196 0.014732 0.096333 -0.196695 -0.184109 0.305109 0.079656 -0.230063 -0.110328 -0.212441 -0.480997 -0.245953 -0.316058 -0.162749 -0.435764 -0.151341 -0.475269 -0.324085 -0.431504 0.168709 -0.329694 -0.162123 0.026714 -0.150084 -0.081155 -0.176714 0.099858 -0.075216 -0.040624
0.349991 -0.015450 -0.229615 -0.536888 -0.230942 -0.159222 -0.140141 -0.204081 -0.476106 -0.244854 0.649063 -0.368708 0.187551 0.218249 -0.524283 -0.515143 1.000000 0.202679 -0.212667 0.098023 -0.109787 -0.229104 -0.163526 -0.412582 -0.177408 -0.164514 -0.234241 -0.169160 0.102467 0.106407 -0.082336 -0.263474 0.098963 0.033933 0.214694 0.180970 0.007072 0.193293 -0.045185 0.071345 -0.181480 -0.187909 -0.148624 -0.066455 0.119394 -0.053348 -0.216617 -0.118153 -0.017775 0.171211 -0.433288 -0.040203 0.000393 0.045331 0.269309 -0.007677 0.683906 0.285550 -0.129387 0.193176 0.135809 0.258367 0.570162 0.534412 -0.297072 -0.180969 0.295103 -0.003506 0.249491 0.014722 0.040030 0.015642 0.324121 0.057615 0.047016 -0.295727 0.116905 0.069927 0.361356 0.426613 0.569490 0.264884 -0.136733 -0.435784 0.010639 -0.501083 -0.219638 -0.355347 0.222180 0.103757 0.177051 0.059144 -0.311507 -0.036343 0.027196 -0.042020 -0.152758 0.045972 -0.039795 0.116963 0.139408 0.484082 0.246066 0.423381 0.288330 0.338352 -0.197111 0.213062 -0.017755 -0.125980 -0.153067 -0.037999 0.220099 -0.139566 0.026422 0.036525
0.242562 0.313725 -0.170382 -0.072056 -0.030743 -0.293607 -0.077288 -0.056862 0.056155 0.050929 -0.173652 -0.083754 -0.035617 0.162266 -0.094726 -0.087097 0.202679 1.000000 -0.113817 0.429452 0.060683 -0.180166 -0.446182 -0.218500 -0.038158 -0.364764 -0.011446 -0.142522 0.263099 0.523743 -0.313313 -0.310468 0.102709 0.225245 -0.209695 -0.087825 0.125953 0.040264 -0.043086 -0.110766 0.051283 0.071301 -0.395925 -0.478942 -0.242818 -0.331282 -0.446264 -0.401971 -0.275170 -0.210092 -0.341054 -0.301725 0.129765 0.021130 0.075820 -0.193624 0.121944 0.141571 0.163645 0.234699 0.350939 0.563760 0.350685 0.558656 -0.113352 0.039219 0.202911 -0.306958 0.170545 0.115239 0.138799 0.083188 0.433910 0.182700 0.207797 -0.055504 0.128728 0.178842 0.288409 0.449497 0.226505 0.367845 -0.410108 0.035368 -0.171442 -0.220473 -0.323962 -0.235140 -0.092095 0.109037 0.128621 0.077564 -0.159726 -0.061554 -0.126049 -0.173065 -0.467136 -0.033890 -0.100322 -0.022847 0.017152 0.268557 0.082574 -0.020811 0.029889 0.033127 -0.148120 0.036380 -0.164617 0.027867 -0.234204 -0.299194 -0.106718 -0.194358 -0.060046 -0.271718
-0.100135 -0.195701 0.198430 0.399454 -0.140662 0.220559 -0.171375 0.209652 0.111572 0.166367 -0.025193 0.171979 -0.460103 -0.333098 0.148965 0.060310 -0.212667 -0.113817 1.000000 0.010663 0.102127 0.024663 0.390826 0.322015 0.461029 0.279897 0.251653 0.227566 -0.083487 -0.240895 0.248092 0.496800 -0.016411 -0.404854 0.015993 -0.297948 -0.109459 0.134599 -0.105885 -0.026447 -0.009077 -0.004379 0.267981 0.105664 -0.232580 -0.101523 0.111057 0.262552 -0.199004 -0.042300 0.145592 0.024768 -0.293142 0.022234 -0.209083 0.014542 -0.301892 -0.083956 -0.230516 -0.220256 -0.478328 -0.502826 -0.574019 -0.556058 -0.078888 -0.144829 -0.278247 -0.059453 -0.180436 0.005986 0.191317 0.233835 -0.324939 0.122265 0.081086 0.359862 0.175745 0.208986 -0.203797 -0.070903 -0.223288 -0.256894 0.160952 0.080988 0.144042 0.361212 0.102062 0.220106 0.039975 -0.193617 0.009116 0.330203 0.577817 0.292722 0.155793 0.151911 0.172016 0.209414 -0.018164 0.059112 0.120379 -0.167412 0.031985 -0.144353 -0.018378 0.006114 0.063901 -0.215342 0.313110 0.208996 0.174397 0.261280 0.132670 0.123322 0.114844 0.129198
0.311649 0.342485 -0.031065 0.120579 0.120046 -0.192739 0.129927 -0.098197 0.242756 0.031929 0.169720 0.035100 -0.095821 -0.010554 0.087961 0.177389 0.098023 0.429452 0.010663 1.000000 0.123355 -0.148149 -0.151069 0.063938 -0.063530 -0.249060 0.048130 -0.067355 0.297101 0.234997 0.019216 -0.001719 0.076548 0.169683 -0.166752 -0.046994 0.055792 0.006057 -0.027983 -0.061265 0.037190 0.199539 -0.489569 -0.437308 -0.212158 -0.304265 -0.540303 -0.417445 -0.074120 -0.339457 -0.009787 -0.281377 0.124006 -0.380729 0.247254 -0.338978 0.114200 0.114113 0.272844 0.126016 0.214964 0.248010 0.200210 0.211235 0.069642 0.114457 0.136368 -0.065187 0.147081 0.190437 0.223379 0.068153 0.270542 0.122180 0.250431 0.084961 0.052763 0.209043 0.028118 0.064711 -0.086682 -0.017639 -0.012923 0.183870 -0.025462 -0.204321 -0.054540 0.018009 0.179119 0.196880 -0.130210 0.093117 -0.158683 0.036437 -0.178576 -0.018727 -0.442170 -0.176881 -0.322408 -0.321449 -0.024589 0.215464 0.069198 -0.011912 -0.143247 -0.173246 0.098133 -0.104687 0.008536 0.059221 -0.199000 -0.354882 -0.286274 0.060402 -0.050354 -0.059884
-0.173120 0.015754 0.227960 0.308350 0.164064 0.325300 0.037333 0.154165 0.277710 0.323625 0.012335 0.191590 -0.156918 -0.035545 0.196024 0.284927 -0.109787 0.060683 0.102127 0.123355 1.000000 0.053020 0.120076 0.316965 0.290208 0.107488 0.317872 0.141809 -0.002864 -0.188641 -0.021948 0.194318 -0.197116 -0.035618 0.047142 -0.227149 -0.059701 -0.027233 -0.084560 -0.112010 -0.123344 0.059668 -0.196559 -0.165782 -0.160389 -0.091931 -0.224872 -0.197768 0.060027 -0.088129 0.277551 0.045483 0.243184 -0.178580 -0.015699 -0.323472 -0.268872 -0.203137 0.046714 -0.019695 -0.046711 -0.167717 -0.072081 -0.138954 0.105967 0.027503 -0.035148 0.158733 -0.291549 -0.064438 0.325043 0.058085 -0.101962 0.086533 0.189446 0.177788 -0.157630 -0.022491 -0.293693 0.015571 -0.168424 -0.135738 0.006077 0.148380 0.182398 0.089693 -0.132177 -0.074533 0.081387 0.203632 -0.189061 0.058754 0.130849 0.101089 -0.062891 -0.096665 -0.155540 -0.291872 -0.265243 -0.356737 -0.114411 0.030409 -0.008202 -0.154175 -0.088239 -0.112524 0.004262 -0.269930 -0.290304 -0.064928 -0.172543 -0.023425 -0.222171 -0.140416 -0.004716 -0.210607
-0.522736 -0.265521 0.115649 0.173172 0.013199 0.374472 -0.227327 0.007178 -0.113003 0.055214 -0.262373 0.000047 -0.277415 -0.080038 -0.215634 0.029697 -0.229104 -0.180166 0.024663 -0.148149 0.053020 1.000000 -0.070390 0.177358 0.065553 0.206892 -0.017809 0.547450 -0.186651 0.166294 -0.121045 -0.064510 0.116077 -0.027729 0.119825 -0.241424 0.485197 0.205665 0.450932 0.289364 0.429949 0.430094 -0.016839 -0.164813 -0.180488 -0.002789 0.117573 0.201240 -0.304409 -0.050397 -0.154576 -0.244973 -0.223292 -0.089238 -0.239348 0.067601 -0.265336 -0.033581 -0.182840 0.116912 -0.269604 -0.131937 -0.278728 -0.190834 -0.110091 -0.080592 -0.143231 -0.000578 -0.071368 0.162415 0.005453 -0.396838 -0.026311 0.154252 -0.007152 -0.083742 0.067989 0.099830 0.349266 -0.046608 0.295356 0.437541 0.281966 0.428650 0.337899 0.531504 -0.035104 0.118553 -0.189532 0.278070 -0.134598 -0.127792 0.016751 -0.168890 -0.274477 0.062722 0.102412 -0.022286 0.030996 -0.159128 -0.029696 -0.302313 -0.298502 -0.434035 -0.311574 -0.149518 -0.185873 -0.292053 0.055080 -0.167186 0.429984 0.141448 -0.231430 -0.156162 -0.187291 -0.358324
0.117334 -0.322426 0.257042 0.168558 0.132054 0.263059 0.048383 -0.028059 0.067184 -0.067714 0.256289 -0.063458 -0.236152 -0.351891 0.073935 -0.082509 -0.163526 -0.446182 0.390826 -0.151069 0.120076 -0.070390 1.000000 0.223483 0.204085 0.275323 0.171791 0.122951 -0.018693 -0.309597 0.432945 0.507896 0.253896 -0.101381 -0.003642 -0.033131 -0.337135 -0.032929 -0.147910 -0.125326 -0.153371 -0.110889 0.367249 0.347320 0.053984 0.203684 0.165227 0.077405 0.044778 0.287003 0.342099 0.175521 -0.045806 -0.066858 -0.228012 -0.003750 0.041321 0.010924 -0.289919 -0.243996 -0.305103 -0.532556 -0.188989 -0.432906 0.119493 -0.348506 -0.146719 0.159982 -0.016013 -0.206204 -0.137643 -0.045685 -0.304099 -0.106305 -0.040843 0.007487 -0.214240 -0.347505 -0.181659 -0.226795 -0.149746 -0.276038 0.304119 0.140201 0.279334 0.031138 0.178142 0.181768 0.064949 -0.295827 -0.062964 0.129516 0.165471 0.105245 0.255879 -0.159835 0.014832 -0.031943 -0.157171 -0.091877 -0.078858 -0.093151 0.015100 0.150893 0.241037 0.256658 0.160157 0.205853 0.103132 -0.305934 -0.076257 0.090148 0.178903 0.014132 0.185702 0.270409
-0.179610 0.144596 0.516732 0.403402 0.247736 0.375964 0.111705 0.141882 0.616830 0.376996 -0.051072 0.469760 -0.046721 -0.181298 0.474197 0.474459 -0.412582 -0.218500 0.322015 0.063938 0.316965 0.177358 0.223483 1.000000 0.526669 0.480215 0.487611 0.442555 -0.217869 -0.378074 0.217644 0.438474 -0.072009 -0.015438 0.032383 -0.066031 -0.378535 -0.278733 -0.286897 -0.133468 -0.169112 -0.047966 -0.080086 0.025026 -0.213790 -0.001729 -0.198236 -0.102277 -0.016121 -0.208713 0.479980 0.040287 -0.026221 -0.295507 -0.231357 -0.327871 -0.324947 -0.295721 0.109078 -0.425422 -0.021749 -0.424432 -0.403212 -0.545615 0.307430 0.022674 -0.390432 0.102775 -0.107244 -0.181402 0.050449 0.174949 -0.490062 -0.126260 -0.083835 0.059865 -0.179946 -0.023921 -0.329098 -0.242215 -0.413451 -0.396245 0.119748 0.070494 0.140088 0.340985 0.330181 0.090168 0.274003 0.025202 -0.216399 -0.037247 0.420171 0.243269 -0.091090 -0.064854 -0.147791 -0.225340 -0.436749 -0.240566 -0.243766 -0.467008 -0.272793 -0.131561 -0.063895 -0.065785 0.019285 -0.155005 0.011455 -0.025674 0.109710 0.028179 -0.001606 0.013686 0.004396 0.003407
-0.114401 -0.120118 0.228904 0.095544 0.058200 0.281948 -0.120615 0.032376 0.187225 0.096953 -0.045101 0.061911 -0.286649 -0.392539 0.252780 -0.001911 -0.177408 -0.038158 0.461029 -0.063530 0.290208 0.065553 0.204085 0.526669 1.000000 0.650357 0.457629 0.301074 -0.139455 -0.162787 0.126183 0.273247 -0.021484 -0.295843 0.096790 -0.122105 -0.265400 -0.005565 -0.338059 -0.062334 -0.228694 -0.178260 0.149468 0.251424 -0.099393 0.052708 0.009849 -0.058936 -0.094922 -0.004343 0.356228 0.196531 0.034192 0.075644 -0.117756 -0.222544 -0.088022 -0.064995 -0.039070 -0.292606 -0.297845 -0.416172 -0.383505 -0.381883 -0.048333 -0.237871 -0.259735 0.110057 -0.063160 -0.032230 0.016925 0.253884 -0.131534 0.139308 0.228709 0.102531 -0.004781 0.030323 -0.082542 -0.094060 -0.131067 -0.152275 -0.142085 -0.208471 0.045539 0.141702 0.063952 -0.123791 0.035129 -0.215608 0.081559 0.223103 0.341603 0.273646 0.244589 -0.089465 -0.118092 -0.028070 -0.261745 0.086708 0.023019 -0.129067 0.043804 0.025349 0.122645 0.165140 -0.164166 -0.048138 0.130377 0.088854 0.115301 0.081800 0.215550 0.148063 0.238676 0.152539
-0.252405 -0.391057 0.060758 -0.030945 -0.016763 0.410170 -0.246055 0.043072 -0.041195 -0.171530 0.043821 -0.094624 -0.285166 -0.347093 0.041336 -0.155892 -0.164514 -0.364764 0.279897 -0.249060 0.107488 0.206892 0.275323 0.480215 0.650357 1.000000 0.331894 0.487647 -0.295366 -0.193929 0.234025 0.345679 0.140779 -0.114323 0.312761 0.076540 -0.171876 -0.203416 -0.230740 -0.031915 -0.163700 -0.135917 0.311023 0.486984 0.104680 0.305655 0.166767 0.155753 -0.081215 0.126196 0.250641 0.138801 -0.096329 -0.060860 -0.135744 -0.181725 -0.043649 -0.182470 -0.230080 -0.291461 -0.387343 -0.502518 -0.341845 -0.485338 0.028988 -0.243614 -0.192551 0.318643 -0.040048 -0.083895 -0.135964 0.038060 -0.149224 0.005267 -0.009622 0.000851 -0.030648 -0.026225 -0.053365 -0.136662 0.099903 -0.064686 0.011617 -0.148117 0.097850 0.176912 0.194567 0.072556 0.036898 -0.211729 0.027249 -0.060482 0.223969 0.080484 0.060644 0.128787 0.116474 -0.034892 -0.239403 -0.024213 -0.088257 -0.251074 -0.143335 0.039744 0.137609 0.218231 -0.131020 -0.007120 0.113214 0.072380 0.314176 0.216002 0.092273 0.026744 0.097811 0.108720
-0.131208 0.155283 0.256338 0.100800 0.227033 0.444845 -0.055195 0.026956 0.360123 0.344773 -0.161912 0.126195 -0.120892 -0.248321 0.273470 0.247825 -0.234241 -0.011446 0.251653 0.048130 0.317872 -0.017809 0.171791 0.487611 0.457629 0.331894 1.000000 0.482706 -0.156756 -0.246369 -0.029511 0.115175 0.034973 -0.201564 -0.207001 -0.265562 -0.265702 -0.235649 -0.325484 -0.079307 -0.159302 -0.283440 0.015284 0.074077 -0.160638 -0.074749 0.001272 -0.031458 0.201214 -0.035556 0.478273 0.242848 0.202696 -0.032106 -0.073536 -0.108185 -0.286111 -0.148182 0.089929 -0.064623 0.038980 -0.326076 -0.232600 -0.358771 0.147258 -0.062673 -0.112611 0.004783 -0.161847 -0.132469 -0.141042 0.128977 -0.286884 -0.095199 0.042491 -0.063705 -0.255754 -0.157045 -0.072205 0.054175 -0.200712 -0.170022 -0.050648 -0.051619 0.033238 0.100873 0.109696 -0.064986 0.152434 0.053560 0.190599 0.133425 0.190624 -0.007288 -0.057294 -0.184118 -0.135339 -0.227602 -0.129603 -0.178193 -0.342323 -0.245245 -0.206747 -0.042323 0.127213 0.134682 0.103327 0.055914 -0.165592 -0.120057 0.016515 -0.052980 -0.113211 -0.192033 -0.065796 -0.140186
-0.304902 -0.101091 0.132472 0.019925 -0.003414 0.542977 -0.278741 -0.109947 0.015377 0.131793 -0.107150 0.068478 -0.270919 -0.280283 0.023191 0.031824 -0.169160 -0.142522 0.227566 -0.067355 0.141809 0.547450 0.122951 0.442555 0.301074 0.487647 0.482706 1.000000 -0.107097 -0.091919 -0.050246 0.110398 0.131669 0.022797 -0.113666 -0.242002 0.201454 -0.028139 0.105633 0.021888 0.226118 0.089812 -0.037492 -0.055344 -0.302029 -0.020218 0.020210 0.186356 -0.097907 -0.081955 0.128638 -0.086164 -0.079877 -0.176733 -0.121289 -0.065434 -0.171520 -0.182294 -0.045508 -0.013119 -0.116625 -0.361951 -0.342971 -0.392998 -0.015143 -0.101559 -0.210545 -0.012367 0.036922 0.100477 -0.171664 -0.346055 -0.232286 -0.000124 -0.042161 -0.072189 -0.104472 -0.046539 0.264801 0.108543 0.189410 0.274381 0.213750 0.230844 0.284208 0.436926 0.061733 0.086114 0.120959 0.097422 0.016893 0.003553 0.109367 -0.140737 -0.183065 0.157130 0.107020 -0.070932 -0.022498 -0.104010 -0.173567 -0.368053 -0.196199 -0.269914 -0.157992 -0.009644 -0.112198 -0.082682 0.023233 -0.151218 0.398065 0.206445 -0.178348 -0.070329 0.006141 -0.122001
0.265318 0.215133 -0.152071 -0.042053 0.091339 -0.362937 0.052191 -0.346462 -0.042858 -0.132141 0.337606 0.000597 0.218215 0.193504 0.151204 0.108871 0.102467 0.263099 -0.083487 0.297101 -0.002864 -0.186651 -0.018693 -0.217869 -0.139455 -0.295366 -0.156756 -0.107097 1.000000 0.403507 0.022359 -0.102428 -0.059963 0.191453 -0.270038 0.140655 0.220509 0.184313 0.044827 -0.197469 0.140863 0.109499 -0.121250 -0.181585 -0.026978 -0.114853 -0.075027 -0.211320 -0.015416 -0.093339 -0.140814 -0.060912 0.062951 -0.174753 0.086368 -0.201689 0.091402 0.014220 0.132191 -0.069000 0.213453 0.301950 0.211504 0.104886 -0.000605 0.048132 -0.166982 -0.367754 -0.133790 -0.183277 0.107432 -0.038236 0.403191 0.407343 0.344386 0.267339 0.244837 0.167357 0.118729 0.015340 0.163771 0.206834 0.208228 0.211387 0.315637 -0.180777 0.029877 0.044390 0.061469 -0.161053 -0.033714 -0.012780 -0.146451 0.074953 -0.291582 -0.031254 -0.364914 -0.257901 -0.226316 -0.179522 0.062342 0.115768 0.201323 -0.151871 -0.215041 -0.180836 -0.148784 -0.173695 -0.037069 -0.079370 -0.107096 -0.096649 -0.101837 -0.053922 -0.113327 -0.141593
-0.101285 0.033217 -0.457306 0.066085 -0.110587 -0.350295 -0.244670 -0.188244 -0.332898 -0.233022 -0.052329 -0.211173 -0.073472 0.132928 -0.274647 -0.044948 0.106407 0.523743 -0.240895 0.234997 -0.188641 0.166294 -0.309597 -0.378074 -0.162787 -0.193929 -0.246369 -0.091919 0.403507 1.000000 -0.134366 -0.293433 0.187992 0.323656 -0.118615 0.092460 0.504282 0.399721 0.270525 0.020711 0.458974 0.335728 -0.087945 -0.219839 -0.049940 -0.107230 -0.058337 -0.068985 -0.404023 0.051591 -0.524915 -0.171563 -0.074099 0.072047 -0.078562 -0.125149 0.061354 0.166022 -0.251153 0.196761 -0.105940 0.375438 0.203827 0.291584 -0.378494 -0.122952 -0.009238 -0.314406 -0.037912 0.004977 0.074335 -0.096425 0.654875 0.527422 0.337679 0.145958 0.304500 0.401583 0.421577 0.180475 0.487673 0.602807 0.020751 0.265631 -0.002458 -0.145896 -0.225885 -0.043155 -0.433820 -0.086713 0.051642 -0.104252 -0.195750 -0.059829 -0.264459 0.106110 -0.391037 -0.091654 -0.134571 -0.039852 0.075976 0.131120 -0.004331 -0.201495 -0.103334 -0.013174 -0.087697 -0.043246 0.135533 0.195289 0.152023 -0.007348 -0.040447 -0.040864 -0.082467 -0.229168
0.086886 -0.247244 0.233047 0.198507 0.300071 0.064937 0.101809 -0.010328 0.163533 -0.232588 0.217889 0.024530 0.085039 0.099122 0.195148 0.073945 -0.082336 -0.313313 0.248092 0.019216 -0.021948 -0.121045 0.432945 0.217644 0.126183 0.234025 -0.029511 -0.050246 0.022359 -0.134366 1.000000 0.614139 -0.007614 -0.051592 0.303255 0.248277 -0.207377 -0.176020 0.010880 -0.279024 -0.089149 0.157538 0.104722 0.191614 0.219713 0.281040 0.107259 0.192696 0.132801 -0.017497 0.281651 0.017707 -0.181171 -0.176098 -0.095631 -0.011445 -0.150455 -0.035081 -0.255592 -0.552175 -0.119758 -0.414844 -0.166614 -0.337446 0.289286 0.015120 -0.452728 0.220994 -0.132975 -0.173569 0.098873 0.291987 -0.158800 0.070524 -0.029883 0.067090 -0.004958 0.021895 -0.342134 -0.355190 -0.260162 -0.249362 0.223336 0.000963 0.101757 0.069505 0.137607 0.228101 0.149107 -0.297679 -0.298393 -0.096122 -0.014082 0.034940 0.021794 -0.022392 0.175632 -0.047302 -0.086770 -0.254505 -0.124757 -0.069109 -0.198498 -0.197350 -0.198661 -0.152768 0.130477 -0.051802 0.074116 0.016278 0.131830 0.091373 0.006868 0.201658 0.000957 0.039354
-0.049844 -0.153689 0.216317 0.416411 -0.088867 0.180822 -0.105645 0.203598 0.157946 -0.051526 0.049182 0.259252 -0.111049 -0.124950 0.283411 0.197742 -0.263474 -0.310468 0.496800 -0.001719 0.194318 -0.064510 0.507896 0.438474 0.273247 0.345679 0.115175 0.110398 -0.102428 -0.293433 0.614139 1.000000 -0.207579 -0.237915 0.154724 -0.022971 -0.359015 -0.100849 -0.135269 -0.287800 -0.163985 0.008952 0.205957 0.271878 -0.063499 0.095845 0.143233 0.150046 -0.020983 0.038411 0.374136 0.099022 -0.067943 -0.135334 -0.152381 -0.077970 -0.263320 -0.137830 -0.237672 -0.480780 -0.333066 -0.539589 -0.342799 -0.486753 0.183914 -0.062180 -0.472782 0.042112 -0.126981 -0.254922 0.084420 0.447718 -0.406642 0.104605 0.019509 0.321952 -0.129681 0.018925 -0.384814 -0.324649 -0.460615 -0.412413 0.238839 0.184264 0.011366 0.280748 0.281054 0.363728 0.198577 -0.211050 -0.142087 -0.079584 0.327788 0.072854 0.112747 -0.024233 0.083866 -0.117797 -0.139689 -0.278816 -0.022119 -0.293834 -0.085995 -0.120919 0.008783 -0.000675 0.147754 -0.071884 -0.051524 0.045451 -0.081696 0.119306 0.033542 0.162528 0.174441 0.137925
0.048724 -0.182708 -0.069820 -0.014427 0.192404 0.149549 0.080847 0.087660 -0.031726 -0.005928 0.046603 -0.354014 -0.219614 -0.164432 -0.313109 -0.239723 0.098963 0.102709 -0.016411 0.076548 -0.197116 0.116077 0.253896 -0.072009 -0.021484 0.140779 0.034973 0.131669 -0.059963 0.187992 -0.007614 -0.207579 1.000000 0.350839 -0.105710 -0.150322 0.094306 0.085890 0.051697 0.088583 0.020512 0.058227 0.018186 -0.104584 -0.109153 -0.070896 -0.176760 -0.229920 -0.332262 0.005310 -0.248295 -0.321604 -0.135089 -0.096476 -0.230033 -0.293703 0.213077 0.095493 -0.290546 0.232965 -0.088624 0.105137 0.172534 0.094817 -0.096774 -0.343077 0.435202 0.087002 0.285952 0.097067 -0.193156 -0.286954 0.165938 0.006782 0.110683 -0.171721 -0.040316 -0.151074 0.301943 0.148592 0.408848 0.303600 -0.097474 0.086461 0.220385 -0.101338 -0.225231 -0.070423 -0.272732 -0.017978 -0.003582 -0.068929 -0.140223 -0.118092 -0.036624 -0.202797 -0.268436 -0.064047 -0.311885 -0.143439 -0.118919 0.040727 -0.116790 0.152606 0.192488 0.255282 -0.115253 0.071114 0.075114 -0.309087 0.002097 -0.045256 -0.148332 -0.247450 -0.091009 0.071474
0.151334 0.218629 0.043133 0.044909 0.105957 -0.145690 0.342915 0.096390 0.004250 0.059021 0.044130 -0.016075 0.184230 0.263664 -0.146834 0.157005 0.033933 0.225245 -0.404854 0.169683 -0.035618 -0.027729 -0.101381 -0.015438 -0.295843 -0.114323 -0.201564 0.022797 0.191453 0.323656 -0.051592 -0.237915 0.350839 1.000000 -0.249252 0.177018 0.096633 -0.090724 0.025136 -0.036203 0.166571 0.237460 -0.317731 -0.270177 -0.127651 -0.097357 -0.401775 -0.403787 -0.140549 -0.205254 -0.188243 -0.294595 -0.000426 -0.311860 -0.148722 -0.312258 0.069021 -0.020873 0.024785 0.100953 0.342900 0.505738 0.285143 0.253530 0.105325 0.172029 0.141921 -0.017981 0.104248 -0.071652 -0.047567 -0.219487 0.363211 0.058185 0.055345 0.034660 0.008088 -0.035390 0.156614 0.139458 0.200259 0.202661 -0.195132 0.053229 0.081261 -0.240915 -0.046243 -0.133660 -0.176361 0.096467 -0.202169 -0.381715 -0.404362 -0.248651 -0.368750 -0.005115 -0.339218 -0.295366 -0.296361 -0.174664 -0.243130 -0.068208 -0.100641 0.024411 -0.078199 -0.101203 -0.034117 0.024566 -0.047414 -0.177002 -0.098560 -0.173203 -0.239644 -0.060388 -0.176103 -0.038828
-0.113356 -0.524067 -0.059723 -0.056360 0.016438 -0.011124 -0.177828 -0.010219 -0.199003 -0.388932 0.124857 -0.270796 -0.099274 0.057447 -0.264731 -0.434500 0.214694 -0.209695 0.015993 -0.166752 0.047142 0.119825 -0.003642 0.032383 0.096790 0.312761 -0.207001 -0.113666 -0.270038 -0.118615 0.303255 0.154724 -0.105710 -0.249252 1.000000 0.468056 0.043744 -0.140144 0.204241 -0.002675 -0.031466 0.049725 0.048468 0.135490 0.448476 0.432037 0.038676 0.166891 -0.071984 0.187269 -0.171800 -0.095374 -0.179036 0.060448 0.143796 -0.032972 0.146473 -0.018432 -0.157065 -0.127937 -0.240339 -0.266205 0.001514 -0.024277 -0.039893 -0.058497 0.023773 0.432853 0.080361 -0.016068 0.329545 0.153576 0.040699 -0.082870 -0.228899 -0.150992 0.269952 0.280686 -0.093649 -0.177946 0.161569 -0.030415 0.071118 -0.139533 -0.072387 0.033327 0.132056 0.074791 -0.033107 0.029971 -0.269731 -0.074041 -0.072174 0.061767 -0.042300 0.167277 0.193199 0.221356 -0.088799 -0.149305 0.047425 0.342081 -0.157694 0.203190 0.058478 0.146566 -0.025212 0.060102 0.122185 0.144930 0.249920 0.131512 -0.039881 -0.130749 -0.205492 -0.241711
0.245219 -0.143764 -0.196634 -0.206885 0.055666 -0.281021 0.069624 -0.329679 -0.159311 -0.488686 0.319105 -0.065046 0.251227 0.199337 0.016057 -0.274099 0.180970 -0.087825 -0.297948 -0.046994 -0.227149 -0.241424 -0.033131 -0.066031 -0.122105 0.076540 -0.265562 -0.242002 0.140655 0.092460 0.248277 -0.022971 -0.150322 0.177018 0.468056 1.000000 -0.095898 -0.249225 0.039762 -0.062003 0.037047 0.003855 -0.083272 0.133017 0.640931 0.592632 -0.132624 -0.092654 0.176157 0.220691 -0.138276 0.049044 -0.060225 -0.106349 0.218822 -0.148748 0.302192 0.068678 0.102899 -0.236767 0.104685 0.029588 0.123058 0.061721 -0.002789 0.107356 -0.144767 0.269336 0.128351 -0.103845 -0.016131 0.014748 0.134407 -0.158332 -0.240490 -0.236057 0.183178 0.006180 -0.204507 -0.087035 0.100542 -0.084096 0.105938 -0.220570 -0.174751 -0.240222 0.355505 0.171327 0.005353 -0.215436 -0.376576 -0.242069 -0.272974 0.088764 -0.114030 0.244241 -0.054525 0.068856 -0.232681 -0.128083 0.016778 0.161965 -0.077146 0.328703 0.075583 0.112491 0.086969 0.216793 0.072573 0.042840 0.139100 0.015834 0.091509 0.057726 -0.119230 0.050249
