1.000000 0.630419 0.297144 -0.264699 0.134111 -0.100441 0.187630 -0.280349 0.216032 -0.206387 0.521676 -0.209201 0.129620 0.017099 0.213641 0.162476 0.258302 -0.174566 0.432651 0.172627 0.035507 -0.132692 0.165749 -0.149561 0.074408 0.180509 0.163867 0.058578 0.098488 -0.297248 0.123862 -0.282319 0.197606 0.005821 -0.299755 -0.000660 0.078958 -0.163191 0.135002 0.001498 0.026068 -0.029287 -0.014642 0.108186 -0.215987 -0.396359 -0.368804 0.051212 0.145589 0.081795 0.208079 0.153391 0.332355 0.238873 0.302783 0.235029 0.381720 0.214393 0.223331 -0.197960 0.259509 -0.017295 -0.038556 -0.116948 -0.209011 -0.346185 -0.254189 -0.431564 0.465355 0.182634 -0.176123 -0.101542 -0.085055 -0.201524 0.134506 -0.058000 -0.018504 -0.069103 -0.032240 -0.001080 0.108075 -0.202521 0.378768 -0.138842 0.135271 -0.030129 0.255042 0.150638 0.030020 0.179930 -0.165054 0.253860 -0.368267 0.030919 -0.047684 -0.134934 -0.136714 -0.050818 0.237636 0.099236 -0.337357 0.154478 -0.278539 0.064162 -0.306639 -0.178137 -0.270890 -0.119833 -0.111171 -0.096333 -0.047835 -0.112439 -0.025103 -0.260295 -0.014667 -0.075889
0.630419 1.000000 0.154813 -0.128810 0.144616 -0.127110 -0.103777 -0.216563 0.311128 -0.264921 0.305161 -0.276061 0.051931 0.006830 -0.061279 0.037833 0.340351 -0.148833 0.504844 0.379130 0.248803 -0.029909 0.074072 -0.297058 0.251648 0.140792 0.365719 0.047103 0.311904 -0.250579 0.267792 -0.078594 0.304017 0.268702 -0.311481 -0.212927 -0.073837 -0.182176 0.065314 0.023891 0.086293 -0.002530 0.105894 0.148734 -0.308949 -0.380721 -0.190217 0.040603 0.083822 0.080667 -0.196989 0.150032 0.294158 0.385350 0.158874 0.169202 0.320127 0.311682 0.165934 -0.007996 0.119215 0.049640 -0.196100 -0.048340 -0.358340 -0.333097 -0.272691 -0.548019 0.502243 0.230806 -0.065151 -0.279953 0.175444 -0.240905 0.355046 0.075986 -0.119080 -0.282528 0.097376 -0.201059 0.169706 -0.114166 0.332169 -0.246241 0.218923 -0.247397 0.391321 -0.020700 0.078919 0.039437 -0.207179 -0.055964 -0.344478 -0.187271 0.188707 0.138029 0.008533 0.156387 0.291608 0.187492 -0.419289 0.009975 -0.264227 -0.134010 -0.266777 -0.061965 -0.118269 -0.184916 0.105682 0.091008 0.040531 0.051097 0.142055 -0.179373 0.203539 0.200486
0.297144 0.154813 1.000000 0.116642 0.351185 0.164523 0.586565 0.306047 0.262625 0.101320 0.250711 0.126100 0.516157 0.396256 0.273684 0.369232 -0.146038 -0.356918 0.519484 0.077495 -0.174037 -0.060522 0.343513 -0.063193 0.145250 -0.053998 0.160419 0.034255 -0.031974 -0.248024 0.292344 0.102871 -0.036353 -0.022416 -0.250332 -0.117784 -0.011905 -0.300706 -0.110760 -0.205770 0.012799 -0.248033 -0.017758 -0.068841 -0.212260 -0.193902 -0.204423 -0.166892 0.160424 0.094339 0.152179 0.207351 0.119555 0.146073 0.094776 0.231431 -0.173315 -0.287049 0.191064 0.112616 0.092120 -0.006595 -0.260663 -0.299702 -0.003402 0.022544 0.059403 -0.274470 -0.025788 -0.237261 -0.182155 -0.119280 -0.059959 -0.343151 -0.027868 0.050859 -0.156985 -0.236625 -0.066053 -0.388517 -0.285205 -0.484105 0.087467 -0.111142 0.095894 0.013188 0.333036 0.074794 0.102921 0.414610 -0.094402 0.096005 -0.101922 -0.134673 0.038404 -0.020163 -0.110696 -0.008211 -0.054848 0.011358 -0.150961 0.033197 -0.194348 -0.073918 -0.185679 -0.038631 -0.453026 -0.042410 -0.039569 -0.076604 -0.005328 -0.064900 -0.012706 -0.116528 0.095560 -0.030667
-0.264699 -0.128810 0.116642 1.000000 -0.062473 0.052884 0.192062 0.827684 -0.116827 0.218800 -0.559363 0.603750 -0.017218 0.129855 -0.009276 0.285503 -0.501989 0.079604 0.035933 -0.109364 -0.114511 0.052733 -0.001246 0.333152 -0.481142 -0.332899 -0.286112 -0.124375 -0.445093 0.129523 0.312548 0.105565 0.293453 -0.026998 0.082196 0.351872 -0.458221 -0.299052 -0.224644 -0.366250 -0.149275 -0.011387 -0.338014 -0.502968 0.083804 0.202014 -0.073686 -0.120092 -0.129674 0.128031 -0.176307 -0.002845 -0.268780 -0.292348 -0.351231 -0.410258 -0.217946 -0.357043 -0.153804 0.159027 0.144139 0.437043 0.193321 0.346062 0.361693 0.444106 0.021582 0.431576 -0.356985 -0.000707 0.057320 0.478572 -0.291801 0.221524 -0.081907 0.318831 0.028264 0.314163 -0.418155 0.072014 -0.312885 -0.070180 -0.064256 0.503269 0.124312 0.063457 -0.209463 -0.183020 0.439404 -0.034933 0.172967 -0.260921 0.309114 -0.241453 -0.464085 -0.442808 -0.467586 -0.471052 -0.472121 -0.522009 0.119947 -0.246109 -0.136089 -0.349858 -0.212396 -0.295813 0.024190 0.141494 -0.465057 -0.398662 -0.393725 -0.293069 -0.420265 -0.307726 -0.346479 -0.491861
0.134111 0.144616 0.351185 -0.062473 1.000000 0.298728 0.161759 0.007514 0.478795 0.194603 0.238519 -0.241537 0.199806 -0.065348 0.040246 0.197858 -0.145839 0.010043 0.228215 -0.109370 -0.055905 -0.004352 -0.021618 -0.214118 0.364398 -0.001612 0.142052 -0.143611 -0.016532 -0.012371 0.175629 0.176131 -0.164852 0.030182 -0.191382 0.007329 0.043761 -0.269535 0.043366 -0.142989 -0.019157 0.028807 -0.078045 -0.050908 -0.040427 0.069387 -0.367068 -0.263033 0.361199 0.275436 0.208754 0.272610 0.100607 0.002444 0.059226 0.148319 -0.034947 0.031512 0.511177 0.425118 0.378330 0.331247 0.067609 0.161163 -0.106139 -0.036950 0.335520 0.001800 -0.030125 0.063140 0.078005 -0.040091 -0.115130 -0.055936 -0.232948 0.064221 -0.249716 -0.028931 -0.091611 -0.105760 -0.187253 -0.132112 0.042161 -0.002977 -0.357486 -0.332852 0.097395 -0.200503 -0.236370 0.107515 -0.187879 -0.040337 -0.429612 -0.123897 0.011647 -0.101820 -0.218655 -0.135012 -0.080987 -0.203541 -0.164663 0.277602 0.050360 0.128651 -0.079284 -0.007898 -0.155317 0.019290 -0.168991 -0.184925 -0.151072 -0.379642 -0.342306 -0.208846 0.063570 -0.106136
-0.100441 -0.127110 0.164523 0.052884 0.298728 1.000000 -0.078834 -0.002211 -0.012513 0.141916 -0.176764 -0.222005 -0.250208 -0.029562 -0.109581 -0.015485 -0.229831 -0.006365 0.062567 0.101043 0.224629 0.192018 0.239640 0.349949 0.331710 0.402357 0.454698 0.538355 -0.082175 -0.212915 0.002816 -0.119890 -0.236932 0.025926 -0.083286 0.068062 -0.029890 -0.215152 -0.015383 0.083620 -0.147243 -0.203693 0.113961 0.147447 -0.073887 0.246657 -0.122839 -0.223679 -0.068908 -0.133977 0.109147 0.083843 0.020468 0.226535 0.017252 0.194220 0.004833 0.102944 0.124582 0.109697 0.128722 0.078585 -0.255542 -0.083266 0.266816 0.301515 0.075206 0.111779 -0.148390 -0.009533 -0.201179 -0.025652 -0.107677 -0.368202 -0.210451 -0.177265 -0.258860 -0.186076 -0.126300 -0.128677 -0.275143 -0.296235 -0.370590 -0.124250 -0.213519 0.114130 0.201122 0.252659 0.041012 0.184723 -0.070447 0.064755 0.116228 -0.247266 0.209233 -0.004398 -0.175199 0.027396 -0.134541 -0.014147 -0.130725 -0.040471 -0.033786 -0.092032 -0.117933 -0.185442 -0.110834 0.158827 0.075698 -0.131485 -0.179188 -0.233363 -0.263813 -0.007524 0.109718 -0.064468
0.187630 -0.103777 0.586565 0.192062 0.161759 -0.078834 1.000000 0.481908 0.077327 0.230710 0.137417 0.225460 0.577455 0.401032 0.515295 0.395312 -0.295648 -0.281513 0.182413 0.057160 -0.263685 -0.232423 0.304376 0.148555 -0.108249 -0.174727 -0.089628 -0.102486 -0.222025 -0.082557 0.011222 0.070371 -0.203360 -0.199729 0.020669 0.019858 -0.181122 -0.190433 -0.146431 -0.237049 -0.107478 -0.198974 -0.049100 -0.140891 -0.078749 -0.044170 -0.279363 -0.219793 -0.127399 -0.133331 0.148923 0.070876 -0.125843 -0.050410 -0.068864 -0.068185 -0.224703 -0.345908 -0.102553 -0.169927 0.079778 0.054855 0.042657 -0.146738 0.339359 0.297679 -0.194791 0.076568 -0.086972 -0.041853 0.035679 0.163814 -0.452471 0.036216 -0.212771 0.286450 -0.063490 0.039602 -0.019750 -0.137978 -0.251009 -0.240751 0.193846 0.119474 0.256833 0.058036 0.070116 0.095568 0.335874 0.336192 0.184307 0.283807 0.251691 0.042311 -0.240455 -0.218038 -0.231806 -0.215415 -0.217239 -0.207434 0.126733 -0.048699 -0.230492 0.023965 -0.095770 0.021771 -0.362956 -0.040849 -0.226613 -0.138111 -0.042484 -0.057749 -0.113540 -0.133180 -0.126426 -0.262410
-0.280349 -0.216563 0.306047 0.827684 0.007514 -0.002211 0.481908 1.000000 -0.032515 0.314865 -0.351660 0.593162 0.263708 0.346555 0.147879 0.372629 -0.550374 -0.137845 -0.050807 -0.189134 -0.149293 -0.051562 0.002763 0.226158 -0.363465 -0.261382 -0.220820 -0.212076 -0.424336 0.085616 0.183330 0.064322 0.045004 -0.088183 0.113258 0.247237 -0.382246 -0.231136 -0.136190 -0.316525 -0.128870 -0.021017 -0.119608 -0.333951 0.093904 0.249168 -0.103659 -0.182949 -0.126148 0.139957 -0.020404 0.040226 -0.290804 -0.244201 -0.186218 -0.259691 -0.426721 -0.544122 -0.199550 0.121596 0.059013 0.327087 0.044025 0.145876 0.363046 0.519023 0.055495 0.415068 -0.370441 -0.163093 0.015467 0.364820 -0.348733 0.093067 -0.149708 0.269915 -0.071043 0.205869 -0.368223 -0.105561 -0.398979 -0.222077 -0.042524 0.415121 0.231745 0.098898 -0.087032 -0.060914 0.480318 0.137218 0.189229 -0.227974 0.351019 -0.198931 -0.385643 -0.359689 -0.355589 -0.374023 -0.478047 -0.553171 0.221568 -0.282393 -0.185906 -0.313228 -0.122328 -0.207552 -0.026995 0.180256 -0.429992 -0.339363 -0.321443 -0.247365 -0.364290 -0.254961 -0.256247 -0.432008
0.216032 0.311128 0.262625 -0.116827 0.478795 -0.012513 0.077327 -0.032515 1.000000 0.104373 0.349586 -0.330240 0.340521 0.004939 0.133347 -0.036169 0.170172 -0.071492 0.041853 -0.149225 0.039277 -0.175615 0.221618 -0.359614 0.353831 0.214308 0.179811 0.024769 0.132277 -0.066399 0.365185 0.174709 -0.068571 -0.115368 0.118290 -0.134055 0.069833 0.112176 0.182061 0.082424 0.236779 0.015791 0.090522 0.162627 -0.163957 -0.082114 -0.197020 0.050093 -0.108423 -0.063084 -0.100012 0.083970 -0.159123 -0.101936 0.094533 0.115340 -0.008005 0.094472 0.123242 0.126154 0.019097 -0.108905 -0.043528 -0.156745 -0.158158 -0.107723 0.015881 -0.080830 0.144347 0.006927 -0.000020 -0.097808 -0.045254 -0.093463 0.105514 -0.051414 -0.022095 -0.105824 0.189752 -0.054396 0.056129 0.050676 0.169114 -0.371548 0.071792 -0.177933 0.429597 0.027178 -0.078545 0.223252 -0.337468 -0.346702 -0.499566 -0.145843 0.014462 0.177389 0.162711 0.095373 -0.061895 -0.074013 -0.417405 -0.095490 -0.277767 0.198863 -0.041134 0.156343 -0.274461 -0.216941 -0.020480 0.177890 0.247912 0.070058 -0.090892 -0.027355 0.034077 0.002072
-0.206387 -0.264921 0.101320 0.218800 0.194603 0.141916 0.230710 0.314865 0.104373 1.000000 -0.100093 0.140762 0.012680 -0.063787 0.295617 0.287295 -0.322131 0.132307 -0.187604 -0.140599 -0.188819 0.068349 0.397762 0.303301 0.153458 0.126810 -0.053179 0.025760 -0.243598 0.283249 0.016338 0.134542 -0.005474 -0.062129 0.058216 0.116852 0.033555 -0.070569 0.015428 -0.124171 -0.088796 -0.029476 0.009024 -0.015502 0.191961 0.199756 -0.234221 -0.195503 -0.004990 -0.105964 0.248996 0.036474 -0.250848 -0.025718 -0.183137 -0.165785 -0.402329 -0.201366 -0.176317 -0.134715 -0.026085 0.125058 0.122690 0.052061 0.549832 0.436562 -0.122838 0.225185 -0.240000 -0.160716 -0.050240 0.201416 -0.213804 0.252199 0.009819 0.145244 -0.221188 0.083369 -0.134341 0.000417 -0.184213 0.031764 -0.077620 0.289105 0.024105 -0.017034 -0.067692 -0.033917 0.108378 0.196262 -0.000263 0.041115 0.237900 0.009724 -0.138002 -0.152160 -0.226589 -0.160542 -0.354146 -0.236786 0.065114 -0.224821 -0.138701 -0.108362 -0.120220 0.005343 -0.053680 0.135869 -0.180737 -0.149837 -0.167502 -0.210500 -0.217346 0.125337 0.044597 -0.175698
0.521676 0.305161 0.250711 -0.559363 0.238519 -0.176764 0.137417 -0.351660 0.349586 -0.100093 1.000000 -0.303726 0.475805 0.111624 0.203446 0.025906 0.420833 -0.032221 0.127192 -0.079763 0.040689 -0.079641 0.002707 -0.460859 0.416671 0.316889 0.381609 0.006541 0.300986 -0.090724 -0.005413 -0.224440 -0.087953 0.070529 -0.187932 -0.073236 0.240391 -0.023116 0.268815 0.195080 0.011032 0.056561 0.065742 0.255007 -0.225882 -0.357648 -0.232683 0.023318 0.247796 0.015494 0.230839 0.120694 0.319548 0.299045 0.524840 0.397096 -0.032942 0.100005 0.217241 -0.084678 0.053432 -0.146897 -0.039079 -0.183889 -0.431348 -0.403441 -0.083894 -0.421675 0.208933 -0.143383 -0.147952 -0.353795 0.146234 -0.227513 0.141677 -0.100375 0.120058 -0.157483 0.173251 -0.062092 0.271903 -0.095859 0.366250 -0.249497 0.051911 -0.253044 0.251779 -0.010309 -0.282055 0.107585 -0.216612 0.209382 -0.442290 0.221401 0.178034 0.139043 0.191561 0.166162 0.452536 0.243451 -0.124170 0.147775 -0.033685 0.150069 -0.058453 0.030865 -0.052693 0.037190 0.101379 0.074854 0.179947 0.079615 0.246091 0.037914 0.125565 0.246249
-0.209201 -0.276061 0.126100 0.603750 -0.241537 -0.222005 0.225460 0.593162 -0.330240 0.140762 -0.303726 1.000000 0.086744 0.295078 0.115826 0.399893 -0.445340 0.115938 -0.121515 -0.247031 -0.197927 0.095042 -0.067710 0.313331 -0.549411 -0.412960 -0.368323 -0.205119 -0.387026 0.264481 0.115387 0.106516 0.261337 -0.034500 0.085667 0.372695 -0.170779 -0.156095 -0.230634 -0.328518 -0.083977 0.066524 -0.287505 -0.402372 0.094191 0.092661 0.014895 -0.113013 0.050620 0.163938 0.071036 -0.179087 -0.073594 -0.285441 -0.278398 -0.441448 -0.274780 -0.515193 -0.185576 -0.042105 0.076176 0.238076 0.224000 0.253210 0.263404 0.111078 -0.060575 0.196385 -0.438297 -0.275449 0.077331 0.475640 -0.233574 0.261731 -0.116334 0.345352 0.292739 0.449576 -0.382879 0.120039 -0.177598 -0.003244 0.092659 0.702276 0.228598 0.269061 -0.248357 0.007056 0.356304 -0.092211 0.117932 -0.149546 0.234744 -0.041461 -0.456095 -0.437407 -0.406851 -0.435341 -0.350809 -0.356710 0.322672 -0.082696 0.006394 -0.290855 -0.141300 -0.305451 0.095393 0.177865 -0.398492 -0.397186 -0.390495 -0.294558 -0.241200 -0.211625 -0.241884 -0.383828
0.129620 0.051931 0.516157 -0.017218 0.199806 -0.250208 0.577455 0.263708 0.340521 0.012680 0.475805 0.086744 1.000000 0.528036 0.498182 0.376272 -0.096535 -0.453972 0.220952 0.027391 -0.271442 -0.186388 -0.025023 -0.310647 -0.008288 -0.142423 0.080352 -0.285041 -0.037930 -0.326301 -0.000686 -0.127382 -0.192536 0.040783 -0.092788 -0.117317 -0.143552 -0.209043 -0.154807 -0.218828 -0.076573 -0.137472 -0.052165 -0.100342 -0.192571 -0.218783 -0.180580 -0.076309 0.133469 0.003943 0.162369 0.163826 0.188442 0.118689 0.228351 0.132881 -0.232347 -0.439317 0.169763 0.012593 0.126972 0.061175 -0.015857 -0.292446 -0.095454 0.002739 0.000217 -0.122089 0.013445 -0.053077 -0.079595 -0.197556 -0.097101 -0.238566 -0.027712 0.195059 -0.049174 -0.179890 0.007610 -0.409145 -0.067748 -0.383289 0.321535 -0.149523 0.368649 -0.085993 0.201671 -0.052071 0.199673 0.391483 0.148152 0.172051 -0.091371 0.256042 0.043813 0.070175 -0.031192 0.045570 0.116973 0.007504 0.055134 0.148154 -0.037056 0.204937 0.149645 0.128354 -0.235650 0.079883 -0.039594 -0.008155 0.125217 0.071297 0.032772 0.032153 0.115437 0.138038
0.017099 0.006830 0.396256 0.129855 -0.065348 -0.029562 0.401032 0.346555 0.004939 -0.063787 0.111624 0.295078 0.528036 1.000000 0.286100 0.366451 -0.200992 -0.431194 0.154560 -0.166842 0.120163 0.068958 -0.066934 -0.168791 -0.058111 -0.133124 0.245881 -0.068416 -0.156758 -0.201133 -0.195146 -0.168901 -0.126684 -0.035767 -0.224738 0.081961 0.030851 -0.207374 0.131080 -0.069937 0.073886 0.123895 -0.128668 -0.179088 -0.107473 -0.042271 -0.022428 -0.092808 0.139215 0.017563 0.231660 0.068780 0.220965 0.177018 0.355023 0.258329 -0.258956 -0.533827 -0.006990 -0.118124 0.063956 0.052050 -0.179751 -0.319491 0.082483 0.292632 -0.139088 -0.111537 -0.135679 -0.227297 -0.065574 0.025013 -0.058474 -0.282155 0.059306 0.260926 0.074472 0.030023 -0.212035 -0.310685 -0.207246 -0.603128 0.101953 -0.016704 0.431201 0.162076 0.183462 0.237762 0.444208 0.526755 0.066290 0.092317 0.097342 -0.051811 -0.053409 -0.152676 -0.170367 -0.136846 0.067560 -0.040255 0.037351 -0.075387 -0.193636 0.061370 -0.090009 -0.009546 0.003072 0.255562 -0.208147 -0.234532 -0.174063 -0.063713 0.131916 -0.031018 0.105480 -0.001920
0.213641 -0.061279 0.273684 -0.009276 0.040246 -0.109581 0.515295 0.147879 0.133347 0.295617 0.203446 0.115826 0.498182 0.286100 1.000000 0.540446 -0.330332 -0.263607 -0.057559 0.053519 -0.178117 0.004069 0.443219 0.247668 -0.059255 0.088856 0.096233 0.063466 -0.302099 -0.286176 -0.061193 -0.022737 -0.004457 -0.015903 -0.088361 0.147775 -0.043362 -0.193516 -0.062311 -0.176636 0.047718 -0.017065 0.017388 0.100151 0.016609 -0.213604 -0.065623 0.000326 -0.041909 -0.068549 0.331908 0.147642 0.007209 0.019097 0.237279 0.001810 -0.282572 -0.153586 -0.264177 -0.420391 -0.125223 -0.062439 -0.017381 -0.242067 0.316053 0.263598 -0.311501 -0.069042 -0.037985 0.061511 -0.096919 0.158379 -0.442477 0.121391 -0.011943 0.234969 -0.117635 0.082308 -0.269508 -0.113847 -0.151663 -0.284336 0.457640 0.144678 0.394689 0.033808 0.111045 0.040529 0.371875 0.379411 0.143958 0.240347 0.167476 0.185601 -0.172874 -0.255961 -0.264117 -0.226497 -0.236389 -0.203814 -0.138686 -0.081629 -0.377044 0.032018 -0.176254 -0.090355 -0.136498 0.154122 -0.252818 -0.273655 -0.112874 -0.126714 -0.134458 -0.149951 0.038758 -0.199666
0.162476 0.037833 0.369232 0.285503 0.197858 -0.015485 0.395312 0.372629 -0.036169 0.287295 0.025906 0.399893 0.376272 0.366451 0.540446 1.000000 -0.402038 -0.305056 0.200251 0.064574 -0.047565 0.087246 -0.049897 0.042941 -0.166352 -0.149327 0.094737 -0.141419 -0.195700 -0.081187 0.020704 -0.111935 -0.018922 -0.010871 -0.228614 0.143467 0.029496 -0.343715 -0.098344 -0.231539 0.048759 -0.025424 -0.270069 -0.327779 -0.152329 -0.253035 -0.265769 -0.322412 0.201045 0.045076 0.278657 0.140064 0.188642 0.078421 0.144853 -0.055181 -0.295491 -0.471366 0.071039 -0.063032 0.207716 0.290177 -0.005431 -0.103692 0.157935 0.222312 -0.109700 -0.099801 -0.197611 -0.113297 0.002151 0.226503 -0.200234 -0.053731 -0.051753 0.399933 0.019860 0.187746 -0.413976 -0.096257 -0.154148 -0.340148 0.435156 0.442302 0.355031 0.027646 0.154641 0.157875 0.438354 0.396310 0.103727 0.193354 0.074767 -0.003242 -0.179291 -0.297013 -0.465535 -0.276045 -0.148161 -0.215226 0.141896 0.033286 -0.041751 -0.139274 -0.174588 -0.239502 -0.118807 0.195262 -0.301857 -0.412061 -0.412368 -0.371537 -0.249239 -0.173756 0.155002 -0.270508
0.258302 0.340351 -0.146038 -0.501989 -0.145839 -0.229831 -0.295648 -0.550374 0.170172 -0.322131 0.420833 -0.445340 -0.096535 -0.200992 -0.330332 -0.402038 1.000000 0.186916 0.164983 0.225711 0.192161 -0.119692 -0.091940 -0.419161 0.319130 0.246715 0.032477 -0.016433 0.733433 0.157056 0.081321 0.114836 -0.076547 0.124052 0.051667 -0.426793 0.370363 0.217077 0.033198 0.183310 0.208854 0.041241 0.030426 0.105352 -0.334930 -0.250723 -0.007415 0.092923 -0.135914 -0.206641 -0.374678 -0.243898 0.115334 0.233282 0.048212 0.124074 0.485132 0.425482 -0.003062 -0.106957 -0.095670 -0.326388 0.208906 -0.140705 -0.296514 -0.459816 -0.148755 -0.417604 0.334303 -0.147054 0.148128 -0.443958 0.696355 -0.074042 0.555740 -0.080117 0.207792 -0.334727 0.724343 0.036490 0.785227 0.427856 -0.055122 -0.394541 -0.090235 -0.194113 0.206112 0.105611 -0.374569 -0.180015 -0.392738 0.001512 -0.213309 -0.013584 0.455689 0.527569 0.460458 0.516043 0.434213 0.554983 -0.172916 0.065465 0.061158 0.118960 -0.053638 0.163358 -0.013483 -0.369447 0.518045 0.450277 0.393524 0.397064 0.490502 0.376026 0.286998 0.495218
-0.174566 -0.148833 -0.356918 0.079604 0.010043 -0.006365 -0.281513 -0.137845 -0.071492 0.132307 -0.032221 0.115938 -0.453972 -0.431194 -0.263607 -0.305056 0.186916 1.000000 -0.225469 -0.342399 -0.074690 -0.072777 0.049977 0.109262 0.108952 0.136876 -0.115610 0.246624 -0.025895 0.650558 0.199597 0.207070 0.188989 -0.064950 0.110315 0.435614 0.067509 0.198403 0.242004 0.126491 -0.164202 0.148213 -0.231638 -0.095400 -0.019076 0.044971 0.014746 0.065830 -0.015131 -0.009598 -0.156815 -0.085414 -0.089917 -0.036938 -0.132905 -0.190275 -0.034136 0.418364 -0.011161 0.021268 0.046772 0.239848 0.291758 0.601095 0.071417 0.029641 -0.175355 0.125398 -0.244943 -0.256737 0.131523 0.405088 0.073363 0.425134 0.075938 -0.065450 0.449501 0.488961 -0.024894 0.666522 0.185921 0.583977 -0.088231 0.264450 -0.378487 -0.243739 -0.316621 -0.379687 -0.258802 -0.359143 -0.224465 -0.234048 -0.157351 -0.282917 -0.359692 -0.303729 -0.070812 -0.312158 0.018317 -0.143066 -0.042583 -0.249645 -0.091883 -0.278035 -0.377642 -0.335078 0.207789 -0.055127 -0.248069 -0.149781 -0.154792 -0.143160 -0.037807 -0.091270 -0.387787 -0.343499
0.432651 0.504844 0.519484 0.035933 0.228215 0.062567 0.182413 -0.050807 0.041853 -0.187604 0.127192 -0.121515 0.220952 0.154560 -0.057559 0.200251 0.164983 -0.225469 1.000000 0.540732 -0.120844 -0.026177 0.017218 -0.161608 0.143615 -0.077542 0.166196 -0.040578 0.316885 -0.299949 0.136368 -0.002420 0.218289 0.316111 -0.442022 -0.297822 -0.179944 -0.484168 -0.268245 -0.244797 -0.101977 -0.409903 -0.228382 -0.246718 -0.375553 -0.354013 -0.187335 -0.129645 0.269178 -0.027392 -0.061597 0.200896 0.486085 0.487774 0.117063 0.273016 0.241158 -0.066758 0.434453 0.149101 0.222564 0.109883 -0.095439 -0.206416 -0.210924 -0.303548 0.029609 -0.508234 0.256065 0.092208 -0.208868 -0.356675 0.291088 -0.432283 0.167096 0.045135 -0.264987 -0.450517 0.199970 -0.371892 -0.010977 -0.309873 0.064741 -0.154003 -0.068955 -0.199453 0.256129 -0.069966 -0.019249 0.199126 0.065494 0.190835 -0.136381 -0.079356 0.265126 0.144908 -0.070070 0.194080 0.323271 0.358562 -0.107711 0.295343 0.080051 0.132961 -0.116512 0.104051 -0.243138 -0.106564 0.153435 0.027296 0.025229 0.081973 0.180675 -0.008418 0.252309 0.287038
0.172627 0.379130 0.077495 -0.109364 -0.109370 0.101043 0.057160 -0.189134 -0.149225 -0.140599 -0.079763 -0.247031 0.027391 -0.166842 0.053519 0.064574 0.225711 -0.342399 0.540732 1.000000 0.145017 0.060900 0.147863 0.260010 0.083857 0.113569 0.146141 0.116554 0.462425 -0.342500 0.042719 -0.009404 0.063560 0.327976 -0.101539 -0.635263 -0.223227 -0.185902 -0.558860 -0.043777 -0.069470 -0.425059 0.170493 0.076567 -0.332219 -0.297321 -0.043825 -0.083158 -0.227493 -0.398834 -0.294282 -0.011590 0.133138 0.363329 -0.185945 -0.083839 0.265650 0.116745 -0.124196 -0.218843 -0.173479 -0.286622 -0.131476 -0.416198 0.016534 -0.187508 -0.248845 -0.387075 0.401526 0.334074 -0.022380 -0.563527 0.260295 -0.221510 0.246127 0.005058 -0.415829 -0.673385 0.458183 -0.427354 0.159505 -0.022492 -0.005200 -0.138882 0.044169 0.015117 0.149930 0.110505 0.010518 -0.095173 0.223937 0.333613 0.408466 0.223480 0.530113 0.527917 0.171115 0.524922 0.185114 0.463106 0.076422 0.325286 0.168986 0.140405 0.193185 0.252961 -0.268492 -0.331184 0.604176 0.394832 0.301579 0.370333 0.192748 0.315945 0.424404 0.446105
0.035507 0.248803 -0.174037 -0.114511 -0.055905 0.224629 -0.263685 -0.149293 0.039277 -0.188819 0.040689 -0.197927 -0.271442 0.120163 -0.178117 -0.047565 0.192161 -0.074690 -0.120844 0.145017 1.000000 0.371309 -0.117105 0.045056 0.377475 0.431668 0.469534 0.310537 0.235693 -0.111106 0.186773 0.000553 0.023400 0.183316 -0.109418 -0.124402 0.237237 0.013380 0.297409 0.457717 0.305241 0.441172 0.279930 0.159212 -0.025287 0.093604 0.188804 0.135385 -0.164635 -0.073258 -0.084044 -0.186803 -0.096782 0.155544 0.155658 0.079934 0.068942 0.125650 -0.259637 -0.194801 -0.222473 -0.259335 -0.279022 -0.181522 -0.136279 -0.019352 -0.193942 -0.183899 0.137354 -0.066581 -0.009334 -0.179875 0.130232 -0.086224 0.275538 0.151235 0.024528 -0.151054 0.032324 0.016648 0.096288 -0.021753 -0.059919 -0.044883 0.059462 0.241993 0.132908 0.297550 -0.032489 -0.077943 -0.250573 -0.202248 0.089978 -0.172824 0.238216 0.194523 0.164781 0.145209 0.177943 0.093089 -0.141028 -0.146825 0.021337 -0.204606 -0.067029 -0.140131 0.041405 -0.125237 0.208537 0.069726 -0.049222 0.022958 0.167210 0.020094 0.145293 0.096356
-0.132692 -0.029909 -0.060522 0.052733 -0.004352 0.192018 -0.232423 -0.051562 -0.175615 0.068349 -0.079641 0.095042 -0.186388 0.068958 0.004069 0.087246 -0.119692 -0.072777 -0.026177 0.060900 0.371309 1.000000 -0.118952 0.221173 0.253950 0.194615 0.226564 -0.083384 0.140885 -0.108221 -0.151545 0.111954 0.282490 0.609914 -0.277569 0.199495 0.188082 -0.398544 0.086213 -0.004050 0.411321 0.316280 0.011868 -0.019749 0.345595 0.191575 0.193140 -0.095682 0.171860 0.276995 0.118880 -0.205211 0.157940 0.155854 0.189916 0.124683 0.041534 0.015795 -0.153841 -0.291773 0.049944 0.029613 -0.028590 -0.032117 -0.049805 -0.139098 0.012802 -0.132669 -0.209079 -0.074513 -0.344349 -0.014702 0.037483 -0.104884 -0.136816 0.283209 -0.317159 -0.082297 -0.244996 -0.099411 0.028389 -0.166751 0.077219 0.417402 -0.038306 0.203061 -0.049314 -0.017541 0.000889 -0.007310 -0.164976 -0.065445 0.011304 -0.171417 0.250159 -0.106610 -0.347370 -0.139933 -0.138441 -0.086295 -0.240680 -0.139579 -0.055942 -0.183176 -0.227800 -0.259051 0.337758 0.379419 -0.029822 -0.431850 -0.493369 -0.431353 -0.262770 -0.004103 0.343019 0.275955
0.165749 0.074072 0.343513 -0.001246 -0.021618 0.239640 0.304376 0.002763 0.221618 0.397762 0.002707 -0.067710 -0.025023 -0.066934 0.443219 -0.049897 -0.091940 0.049977 0.017218 0.147863 -0.117105 -0.118952 1.000000 0.467619 0.232848 0.337022 0.157093 0.573599 -0.105630 -0.081809 0.302992 0.282704 0.074259 -0.183636 0.069308 -0.125056 -0.082645 0.039873 -0.019786 -0.012548 -0.077029 -0.275993 0.227227 0.314608 -0.060352 -0.095785 -0.066729 0.110992 -0.281670 -0.354150 0.069328 0.060332 -0.242641 0.061611 -0.085963 0.003531 -0.192682 0.199863 -0.404667 -0.376867 -0.355355 -0.325194 -0.201261 -0.192942 0.424707 0.212164 -0.425714 -0.155469 0.098236 -0.008915 -0.065316 -0.003251 -0.254578 0.096191 0.150790 -0.108896 -0.236748 -0.189459 0.082390 -0.098501 -0.125016 -0.001664 0.045546 -0.176233 0.191615 -0.031296 0.325217 0.086378 0.195564 0.208922 -0.152969 0.009379 0.162334 -0.040920 -0.045805 0.014969 0.059252 0.039313 -0.253589 0.046507 -0.319282 -0.308411 -0.540936 -0.045225 -0.218506 0.094081 -0.409490 -0.193661 0.043699 0.145906 0.239932 0.179396 0.028752 -0.006055 -0.042252 -0.120112
-0.149561 -0.297058 -0.063193 0.333152 -0.214118 0.349949 0.148555 0.226158 -0.359614 0.303301 -0.460859 0.313331 -0.310647 -0.168791 0.247668 0.042941 -0.419161 0.109262 -0.161608 0.260010 0.045056 0.221173 0.467619 1.000000 -0.148736 0.159225 -0.121431 0.367387 -0.294093 -0.011198 0.139946 0.095405 0.258089 0.041063 0.159355 0.162433 -0.273401 -0.102331 -0.235595 -0.039375 -0.125761 -0.138733 0.111926 0.039716 0.073654 0.171340 0.018445 -0.033504 -0.360031 -0.287780 0.038868 -0.159692 -0.276937 -0.082147 -0.269637 -0.323037 -0.070935 -0.007907 -0.449767 -0.387663 -0.201687 -0.116753 -0.021053 0.005192 0.523766 0.342983 -0.312978 0.228506 -0.083491 0.148906 -0.096332 0.273412 -0.445404 0.260820 -0.190061 0.028651 -0.262048 0.051545 -0.211813 0.133793 -0.319994 0.025070 -0.208435 0.432279 -0.014032 0.451105 -0.263225 0.042277 0.210544 -0.072189 0.240859 0.025908 0.566395 -0.053546 -0.193255 -0.235680 -0.265234 -0.230791 -0.451023 -0.243344 0.038727 -0.175436 -0.205173 -0.229628 -0.164738 -0.243303 -0.102535 -0.043935 -0.077880 -0.178387 -0.177180 -0.169769 -0.331558 -0.068450 -0.154236 -0.289744
0.074408 0.251648 0.145250 -0.481142 0.364398 0.331710 -0.108249 -0.363465 0.353831 0.153458 0.416671 -0.549411 -0.008288 -0.058111 -0.059255 -0.166352 0.319130 0.108952 0.143615 0.083857 0.377475 0.253950 0.232848 -0.148736 1.000000 0.734072 0.579667 0.351868 0.486855 -0.105619 0.185605 0.227119 -0.033874 0.361238 -0.157573 -0.163426 0.262970 -0.151345 0.296023 0.232675 0.167090 0.000087 0.333914 0.447226 -0.041996 0.092566 -0.041314 0.004362 0.067463 -0.078328 0.060117 -0.022588 0.133276 0.457727 0.310014 0.359117 0.012591 0.337070 0.056218 -0.144098 -0.085989 -0.128040 -0.272857 -0.161939 -0.097652 -0.118708 -0.101904 -0.365594 0.058587 -0.173261 -0.183706 -0.399808 0.265272 -0.367492 0.155914 -0.017773 -0.252605 -0.395210 0.226904 -0.185098 0.147384 -0.019437 -0.013561 -0.325457 -0.100859 -0.215405 0.421637 -0.013636 -0.248164 0.099303 -0.478712 -0.143883 -0.303082 -0.213231 0.457682 0.297185 0.173185 0.263659 0.255534 0.267241 -0.425190 -0.181964 -0.133176 -0.016976 -0.229108 0.058600 -0.034619 0.029782 0.275702 0.066519 0.062564 -0.005733 0.176462 0.176698 0.273374 0.304747
0.180509 0.140792 -0.053998 -0.332899 -0.001612 0.402357 -0.174727 -0.261382 0.214308 0.126810 0.316889 -0.412960 -0.142423 -0.133124 0.088856 -0.149327 0.246715 0.136876 -0.077542 0.113569 0.431668 0.194615 0.337022 0.159225 0.734072 1.000000 0.512157 0.603066 0.303409 -0.160127 0.224776 -0.022989 0.047361 0.273232 -0.116983 -0.001124 0.139808 -0.035525 0.255121 0.390009 0.067488 0.012327 0.437047 0.548732 0.039881 0.140604 -0.037175 0.211078 -0.167128 -0.157037 0.130022 -0.018783 0.043926 0.406410 0.287568 0.183469 0.057647 0.395051 -0.228663 -0.421686 -0.166096 -0.229503 -0.257990 -0.121839 0.124956 0.038223 -0.313139 -0.177398 0.134534 -0.098289 -0.286497 -0.240223 0.091283 -0.323898 0.196114 -0.121792 -0.149476 -0.258822 0.094242 -0.046711 0.145466 0.012954 -0.011211 -0.202670 -0.007947 -0.020986 0.265154 0.120951 -0.093374 -0.012559 -0.417525 -0.125378 -0.097114 -0.107458 0.251472 0.138335 0.128523 0.153249 0.162891 0.115533 -0.424652 -0.257332 -0.304135 -0.147556 -0.285675 -0.168136 -0.090168 -0.023185 0.163836 -0.015528 0.022202 -0.006383 0.057094 0.065590 0.082800 0.049317
0.163867 0.365719 0.160419 -0.286112 0.142052 0.454698 -0.089628 -0.220820 0.179811 -0.053179 0.381609 -0.368323 0.080352 0.245881 0.096233 0.094737 0.032477 -0.115610 0.166196 0.146141 0.469534 0.226564 0.157093 -0.121431 0.579667 0.512157 1.000000 0.576931 0.175506 -0.323421 -0.054275 -0.275363 -0.123897 0.153770 -0.364642 -0.099352 0.141689 -0.098255 0.339012 0.353668 0.010301 0.058720 0.312322 0.357757 -0.265773 -0.188094 0.087904 0.001273 0.040961 -0.126706 0.091627 0.148700 0.316312 0.577513 0.490036 0.516988 -0.094083 0.180252 0.006607 -0.182140 -0.060930 -0.130142 -0.511430 -0.309127 -0.193170 -0.042145 -0.214199 -0.455288 0.108770 -0.123899 -0.266995 -0.273468 0.085600 -0.473043 0.121436 -0.026969 -0.067302 -0.281394 -0.049601 -0.225329 -0.127021 -0.404082 0.084867 -0.359004 0.082876 -0.016393 0.432993 0.228084 0.044305 0.371287 -0.177572 0.080556 -0.124291 -0.150290 0.371459 0.164211 0.050719 0.188060 0.392678 0.264813 -0.330713 -0.120203 -0.219266 -0.157249 -0.142358 -0.065940 -0.074086 0.130154 0.199157 0.009700 -0.020883 0.060645 0.191893 0.048434 0.301625 0.218341
0.058578 0.047103 0.034255 -0.124375 -0.143611 0.538355 -0.102486 -0.212076 0.024769 0.025760 0.006541 -0.205119 -0.285041 -0.068416 0.063466 -0.141419 -0.016433 0.246624 -0.040578 0.116554 0.310537 -0.083384 0.573599 0.367387 0.351868 0.603066 0.576931 1.000000 -0.016067 -0.074901 0.265407 -0.103271 -0.049170 -0.205549 -0.053431 -0.032636 -0.004803 0.198551 0.239594 0.475329 -0.204150 -0.157530 0.342561 0.383808 -0.237455 -0.127633 0.141182 0.204590 -0.289633 -0.410165 0.061701 0.124327 -0.015156 0.314938 0.132496 0.219294 -0.130525 0.334628 -0.267031 -0.321754 -0.303521 -0.296985 -0.501005 -0.141192 0.172064 0.215846 -0.416907 -0.195148 0.087499 -0.096539 -0.109726 -0.020523 -0.092622 -0.169196 0.130769 -0.281201 0.092790 -0.104212 0.027063 0.095714 -0.193227 -0.048516 -0.134064 -0.295872 -0.000147 0.074186 0.258101 0.233095 0.080037 0.100601 -0.147552 -0.016512 0.130153 -0.135678 0.055191 0.078445 0.231716 0.137187 0.187354 0.195824 -0.260900 -0.276668 -0.348318 -0.223861 -0.172907 -0.100136 -0.340790 -0.188397 0.161094 0.168306 0.212138 0.229531 0.166465 0.048902 -0.052689 -0.162908
0.098488 0.311904 -0.031974 -0.445093 -0.016532 -0.082175 -0.222025 -0.424336 0.132277 -0.243598 0.300986 -0.387026 -0.037930 -0.156758 -0.302099 -0.195700 0.733433 -0.025895 0.316885 0.462425 0.235693 0.140885 -0.105630 -0.294093 0.486855 0.303409 0.175506 -0.016067 1.000000 0.013831 0.122963 0.093926 -0.091702 0.372279 0.026476 -0.563499 0.403534 0.006489 -0.115139 0.068656 0.392789 -0.144195 0.069191 0.076795 -0.335815 -0.168997 -0.079288 -0.232935 -0.182474 -0.237272 -0.434055 -0.379792 0.090896 0.294328 0.106570 0.108800 0.339906 0.309826 -0.053129 -0.202583 -0.121184 -0.263828 -0.016183 -0.271568 -0.238001 -0.499232 -0.104873 -0.505253 0.222868 -0.142798 0.082987 -0.646772 0.740891 -0.369780 0.435563 0.014459 -0.035546 -0.576219 0.701386 -0.263903 0.665743 0.301825 0.074475 -0.306621 0.031961 -0.196351 0.447855 0.129533 -0.164097 -0.142386 -0.401170 0.007350 -0.138622 0.037828 0.695223 0.655995 0.341115 0.626477 0.325385 0.539835 -0.074384 0.048212 0.184920 0.133047 0.030681 0.226766 -0.008433 -0.160606 0.659498 0.388669 0.259069 0.284014 0.373048 0.468652 0.495839 0.669416
-0.297248 -0.250579 -0.248024 0.129523 -0.012371 -0.212915 -0.082557 0.085616 -0.066399 0.283249 -0.090724 0.264481 -0.326301 -0.201133 -0.286176 -0.081187 0.157056 0.650558 -0.299949 -0.342500 -0.111106 -0.108221 -0.081809 -0.011198 -0.105619 -0.160127 -0.323421 -0.074901 0.013831 1.000000 0.077047 0.252825 -0.069854 -0.274764 0.160596 0.154800 0.215244 0.401624 0.128557 0.185676 -0.054026 0.312753 -0.194742 -0.112582 0.023917 0.053958 0.067980 0.018318 -0.010381 -0.023193 -0.146089 -0.093493 -0.176641 -0.135523 -0.247103 -0.178635 -0.264157 0.001956 -0.177954 0.021485 -0.101926 0.089803 0.264484 0.345254 0.089834 0.093436 -0.195311 0.117143 -0.359850 -0.444042 0.429994 0.325449 0.219192 0.570216 0.202619 0.067397 0.482655 0.457166 0.105097 0.514292 0.210059 0.559083 -0.108877 0.343318 -0.179596 -0.220887 -0.267247 -0.110912 -0.153081 -0.307260 -0.194436 -0.098373 0.006297 -0.207375 -0.257628 -0.105884 0.111480 -0.111681 -0.001273 -0.084657 0.326755 -0.200690 -0.009908 -0.209428 -0.159220 -0.133284 -0.007013 -0.169470 -0.096754 0.059077 -0.017363 -0.007180 0.099463 0.144315 -0.203372 -0.247308
0.123862 0.267792 0.292344 0.312548 0.175629 0.002816 0.011222 0.183330 0.365185 0.016338 -0.005413 0.115387 -0.000686 -0.195146 -0.061193 0.020704 0.081321 0.199597 0.136368 0.042719 0.186773 -0.151545 0.302992 0.139946 0.185605 0.224776 -0.054275 0.265407 0.122963 0.077047 1.000000 0.391735 0.290074 -0.037820 0.042597 -0.053693 -0.174216 -0.007520 -0.032985 0.006744 0.077206 -0.037557 0.017563 -0.067497 -0.191512 -0.005092 -0.079346 0.125314 -0.235785 0.018542 -0.255030 -0.073765 -0.279284 -0.138718 -0.216442 -0.298693 -0.063906 0.070559 -0.147202 0.023310 -0.110853 -0.013296 -0.106115 0.141214 0.003477 -0.051888 -0.184789 -0.073742 0.034731 -0.031499 0.263373 0.075477 0.019105 0.077493 0.309692 0.149046 0.151731 0.037897 -0.000922 0.120055 0.001009 0.239362 0.081964 0.027388 0.129676 -0.007472 0.210845 -0.107655 0.068605 -0.218168 -0.395106 -0.524370 -0.195455 -0.245879 -0.180500 0.027487 0.075530 -0.038334 -0.158461 -0.177726 -0.280501 -0.195521 -0.212435 -0.262033 -0.217699 -0.149009 -0.361642 -0.290641 -0.013332 0.058818 0.087744 -0.015150 -0.034331 -0.177253 -0.287028 -0.317879
-0.282319 -0.078594 0.102871 0.105565 0.176131 -0.119890 0.070371 0.064322 0.174709 0.134542 -0.224440 0.106516 -0.127382 -0.168901 -0.022737 -0.111935 0.114836 0.207070 -0.002420 -0.009404 0.000553 0.111954 0.282704 0.095405 0.227119 -0.022989 -0.275363 -0.103271 0.093926 0.252825 0.391735 1.000000 0.120961 0.116331 0.204547 -0.145741 -0.010264 -0.084010 -0.213225 -0.226895 0.175353 0.067754 -0.019126 0.001080 0.183784 0.245428 0.242186 0.180555 0.014181 0.072520 -0.176220 -0.161448 -0.226737 -0.173874 -0.402460 -0.300117 -0.053433 -0.038568 -0.144267 0.030957 -0.120550 -0.081264 0.234598 0.070402 0.202038 -0.081385 0.030519 -0.027535 -0.275173 -0.232906 0.312082 0.032259 0.120209 0.370631 0.170021 0.349045 -0.099974 -0.010742 0.205065 0.020227 0.158996 0.343419 -0.105390 0.131899 -0.076667 -0.078419 0.059404 -0.065497 -0.119939 -0.206517 -0.406562 -0.424732 -0.063952 -0.252314 0.031751 0.106966 0.073858 0.010912 -0.285854 0.006677 -0.163883 -0.072748 -0.068453 -0.036789 -0.094082 0.186896 -0.149632 -0.321196 0.071945 0.077557 0.094034 0.046642 0.125713 0.095110 0.009911 -0.007797
0.197606 0.304017 -0.036353 0.293453 -0.164852 -0.236932 -0.203360 0.045004 -0.068571 -0.005474 -0.087953 0.261337 -0.192536 -0.126684 -0.004457 -0.018922 -0.076547 0.188989 0.218289 0.063560 0.023400 0.282490 0.074259 0.258089 -0.033874 0.047361 -0.123897 -0.049170 -0.091702 -0.069854 0.290074 0.120961 1.000000 0.478755 -0.033261 0.366977 -0.342882 -0.421666 -0.056868 -0.170717 0.003500 0.012618 -0.063661 -0.003819 0.124370 -0.069193 0.066910 0.263271 0.147007 0.158863 0.047046 0.013627 0.108067 0.070897 -0.028255 -0.172271 0.176965 0.058306 0.020950 -0.131083 0.062575 0.156463 0.074761 0.264788 -0.039488 -0.117974 -0.061354 -0.095619 0.108588 0.074736 -0.362908 0.227457 -0.094917 0.193907 0.100268 0.147856 -0.073794 0.128603 -0.274719 0.186788 -0.115961 0.022188 0.089763 0.347861 -0.068682 0.065048 -0.283061 -0.449961 -0.102926 -0.249467 -0.058730 -0.312709 -0.154734 -0.121878 -0.298424 -0.354842 -0.319335 -0.405987 -0.100078 -0.193273 -0.305966 -0.149249 -0.222024 -0.301735 -0.431651 -0.283063 0.176436 0.039847 -0.359199 -0.383298 -0.301471 -0.239757 -0.193566 -0.329114 -0.204177 -0.120425
0.005821 0.268702 -0.022416 -0.026998 0.030182 0.025926 -0.199729 -0.088183 -0.115368 -0.062129 0.070529 -0.034500 0.040783 -0.035767 -0.015903 -0.010871 0.124052 -0.064950 0.316111 0.327976 0.183316 0.609914 -0.183636 0.041063 0.361238 0.273232 0.153770 -0.205549 0.372279 -0.274764 -0.037820 0.116331 0.478755 1.000000 -0.214542 0.059402 -0.028068 -0.654465 -0.233027 -0.234960 0.268387 0.089919 0.100045 0.102786 0.151992 0.113397 0.088896 -0.044951 0.264577 0.265301 -0.044972 -0.166454 0.328876 0.407395 0.115713 0.061397 0.315472 0.174944 0.139213 -0.143035 0.232613 0.178967 0.093459 0.080812 -0.037603 -0.309726 0.132199 -0.269952 -0.047656 -0.070868 -0.493049 -0.316982 0.279033 -0.254929 0.136052 0.317466 -0.403833 -0.378150 0.024071 -0.380891 0.140093 -0.145944 0.003190 0.187826 -0.157066 -0.013933 -0.045967 -0.253706 -0.180076 -0.174562 -0.222239 -0.094390 -0.111452 -0.111802 0.405654 0.077434 -0.275206 0.021999 0.087283 0.096382 -0.293563 -0.066201 0.069002 -0.226423 -0.330531 -0.259073 0.260752 0.232653 0.115051 -0.336311 -0.379553 -0.307948 -0.078411 -0.048839 0.378834 0.467201
-0.299755 -0.311481 -0.250332 0.082196 -0.191382 -0.083286 0.020669 0.113258 0.118290 0.058216 -0.187932 0.085667 -0.092788 -0.224738 -0.088361 -0.228614 0.051667 0.110315 -0.442022 -0.101539 -0.109418 -0.277569 0.069308 0.159355 -0.157573 -0.116983 -0.364642 -0.053431 0.026476 0.160596 0.042597 0.204547 -0.033261 -0.214542 1.000000 -0.005527 0.024071 0.186289 -0.196899 -0.135001 0.056040 -0.178237 0.100215 0.100950 0.067291 0.251872 0.008053 -0.098403 -0.463642 -0.383594 -0.386850 -0.460010 -0.575238 -0.520860 -0.395517 -0.455029 0.036478 -0.078037 -0.166292 0.004233 -0.100670 -0.122130 0.203535 -0.014072 0.264814 0.168877 0.116947 0.445007 -0.085307 -0.094535 0.183971 0.047537 -0.087763 0.227454 -0.058636 -0.067127 0.159880 0.019386 0.276567 0.174924 0.149035 0.393850 -0.159088 -0.097336 0.086675 0.070830 0.052240 0.055746 0.047235 -0.216046 -0.024119 -0.256691 0.212869 0.117319 -0.056487 0.194018 0.179002 0.099335 -0.363360 -0.094091 0.222985 -0.177129 0.041793 0.109364 0.167760 0.223588 -0.005797 -0.148751 0.090290 0.257759 0.283841 0.226671 -0.077635 0.212138 -0.133223 -0.082266
-0.000660 -0.212927 -0.117784 0.351872 0.007329 0.068062 0.019858 0.247237 -0.134055 0.116852 -0.073236 0.372695 -0.117317 0.081961 0.147775 0.143467 -0.426793 0.435614 -0.297822 -0.635263 -0.124402 0.199495 -0.125056 0.162433 -0.163426 -0.001124 -0.099352 -0.032636 -0.563499 0.154800 -0.053693 -0.145741 0.366977 0.059402 -0.005527 1.000000 -0.088680 -0.256908 0.315367 -0.133746 -0.007281 0.264989 -0.310364 -0.158563 0.369966 0.254233 -0.071402 -0.001579 0.216727 0.413755 0.235039 0.037329 -0.008110 -0.183734 0.151568 -0.111976 -0.091750 0.006308 0.133698 0.034523 0.384372 0.579094 0.188128 0.560059 0.152575 0.336194 0.043299 0.430456 -0.393364 -0.092888 -0.271856 0.745725 -0.484411 0.198627 -0.369910 0.114983 0.316720 0.755956 -0.748125 0.535159 -0.278267 -0.111393 0.128846 0.495824 -0.055214 0.055711 -0.353865 -0.304789 0.139383 0.033780 -0.000369 -0.191728 -0.198365 -0.315501 -0.690631 -0.873148 -0.656919 -0.862852 -0.310357 -0.671053 -0.125903 -0.333001 -0.294914 -0.337912 -0.547104 -0.664426 0.419972 0.502686 -0.849086 -0.826950 -0.718950 -0.683590 -0.518818 -0.556202 -0.535194 -0.620559
