1.000000 0.280182 0.132763 -0.432078 -0.038109 -0.185615 0.282203 -0.021538 -0.169310 -0.338468 0.569271 0.334745 0.157336 -0.130610 -0.169150 -0.487732 0.164232 0.305327 0.450132 0.278296 -0.233607 -0.148510 -0.229314 -0.085180 -0.352998 -0.100253 0.012687 -0.021526 0.140096 0.223241 -0.287841 -0.201744 0.023118 0.035444 0.046363 0.132537 -0.025279 0.088243 0.047814 -0.026192 -0.002106 0.192331 -0.076050 -0.193196 -0.254126 -0.311339 -0.163831 -0.216023 -0.175405 -0.182115 -0.073703 -0.057078 -0.041813 -0.159772 0.055501 -0.047093 0.427097 -0.061910 0.212703 -0.176658 0.279702 0.097089 0.014659 0.072599 -0.028768 0.083714 -0.106599 -0.301838 -0.163652 -0.313773 0.060805 0.162591 0.155217 0.239991 0.285353 0.246718 0.286850 0.284120 -0.062139 0.256604 0.133417 0.111957 -0.062846 -0.278016 0.174562 -0.217137 0.173074 0.060259 0.025372 0.033128 -0.124020 0.007068 0.167881 0.294541 0.020057 0.218946 0.006605 0.118742 0.150402 0.199150 0.170061 0.107548 -0.090914 -0.108332 0.078153 -0.190625 -0.021314 -0.185976 0.198038 0.206911 -0.042091 0.076873 0.204234 0.072179 -0.139501 -0.108047
0.280182 1.000000 -0.181414 -0.163955 -0.157426 -0.194217 0.074204 0.256841 -0.184564 -0.126138 0.267579 0.522562 0.124164 0.305992 -0.267274 -0.076943 0.059921 -0.042597 0.013100 0.452001 -0.126700 -0.167800 -0.371605 -0.215694 -0.317404 -0.230960 -0.034988 -0.133082 -0.054356 -0.007886 -0.322466 -0.302316 0.248227 0.253242 -0.044801 0.176047 -0.015753 -0.097781 -0.001201 0.017010 -0.019548 -0.060682 -0.244694 -0.307326 -0.578626 -0.542853 -0.074456 -0.104384 -0.004723 -0.276901 0.023754 0.359297 0.171563 0.260375 0.013364 0.130980 0.045230 0.048631 0.399587 0.043415 0.239061 0.446129 0.088861 0.122389 0.064380 0.486050 -0.252772 -0.288895 0.184725 0.420798 -0.131387 0.043527 -0.109390 -0.105188 -0.183223 0.045461 0.082352 0.030983 -0.033474 -0.131552 0.162435 -0.014099 -0.122586 -0.058243 -0.140940 -0.035355 -0.085161 0.014134 -0.207290 0.289931 0.318381 0.173218 0.386181 0.311740 -0.035880 -0.068015 -0.018545 -0.048877 0.185768 0.007473 0.077113 -0.027147 0.058276 0.075425 -0.148492 -0.447157 0.150138 -0.274072 0.163829 -0.179382 -0.031162 0.020643 -0.002765 -0.182739 -0.324666 -0.276688
0.132763 -0.181414 1.000000 0.549971 0.569516 0.378843 0.683562 0.672347 0.652788 0.405780 0.169253 0.042873 0.382680 -0.025588 0.246765 0.042322 -0.357410 -0.259740 -0.003000 0.001782 0.039221 -0.147202 0.669205 0.690231 0.496180 0.530910 0.104701 0.158235 -0.506333 -0.423081 0.426060 0.289955 -0.350976 -0.233283 -0.165139 0.128178 -0.575713 -0.367498 -0.294296 -0.042085 -0.529221 -0.158166 -0.020479 -0.079244 0.242579 0.196625 -0.279175 -0.089204 0.215224 0.430811 0.309765 0.061779 -0.096306 -0.188958 -0.301171 -0.295682 -0.382860 -0.345550 0.189456 0.074288 -0.144651 -0.106273 -0.541006 -0.488748 0.456215 0.410973 0.065470 0.282586 -0.282591 -0.027470 -0.015242 -0.029701 -0.438769 -0.008323 -0.157784 0.000123 -0.130048 0.037579 -0.517205 -0.201547 -0.667147 -0.621585 -0.119013 -0.329139 -0.093634 -0.307077 0.039694 -0.013511 0.060899 -0.089618 -0.001541 0.165353 0.275522 0.342173 -0.429773 -0.289592 -0.327045 -0.362325 -0.233885 -0.103398 -0.009540 -0.145486 -0.043644 -0.188967 -0.144801 0.015394 0.212198 -0.047613 -0.254596 -0.128543 0.070091 -0.000020 0.072287 -0.131576 -0.205520 -0.258680
-0.432078 -0.163955 0.549971 1.000000 0.334805 0.479398 0.228491 0.575648 0.589293 0.504912 -0.292198 -0.135578 0.067542 0.031605 0.322193 0.414174 -0.262859 -0.289517 -0.112304 -0.105246 0.213023 -0.043673 0.656074 0.742081 0.553821 0.587300 0.224871 0.352803 -0.456254 -0.495580 0.408935 0.358073 -0.137639 -0.169749 -0.201515 -0.057174 -0.453921 -0.269310 -0.085526 0.116993 -0.254866 -0.239636 0.070239 0.109891 0.209086 0.335440 -0.094402 0.113708 0.130498 0.157412 0.223964 -0.087641 -0.029638 -0.059387 -0.138593 -0.122844 -0.337414 -0.190654 -0.136865 -0.121059 -0.318418 -0.339073 -0.347198 -0.475991 0.305073 0.119332 -0.126995 0.224264 0.012384 0.040404 0.016322 -0.150741 -0.338457 -0.047074 -0.241064 -0.156917 -0.267125 -0.065173 -0.300681 -0.311106 -0.527457 -0.557072 -0.090963 0.024153 -0.159868 0.075815 -0.153520 -0.041788 0.164524 0.149633 0.025651 -0.080748 0.041449 -0.062658 -0.460682 -0.394069 -0.157497 -0.328303 -0.289453 -0.179542 -0.319456 -0.256083 -0.074206 -0.212130 -0.215983 0.083377 0.196070 0.094179 -0.390736 -0.256975 0.226226 -0.053902 -0.043942 -0.232721 -0.134602 -0.200181
-0.038109 -0.157426 0.569516 0.334805 1.000000 0.755467 0.341045 0.449162 0.658113 0.521282 0.004642 -0.080287 0.087287 -0.232024 0.342989 0.205986 -0.298696 -0.356416 -0.015952 0.013488 0.450305 0.224686 0.286192 0.290888 0.328532 0.234090 0.442330 0.221486 -0.297675 -0.383057 0.295848 0.223370 -0.381298 -0.321594 -0.052049 -0.038636 -0.531029 -0.460014 -0.172201 0.042596 -0.553588 -0.332540 -0.109866 -0.081850 0.282865 0.185940 -0.186021 -0.152582 0.315156 0.518840 0.148998 0.148812 -0.267250 -0.097744 -0.190973 -0.176528 -0.304084 0.003448 0.047040 0.405112 -0.282127 -0.027340 -0.362078 -0.250546 0.390344 0.337033 0.252934 0.377191 -0.214862 0.256424 -0.074747 -0.182395 -0.423164 -0.436531 -0.432334 -0.353007 -0.469649 -0.260882 -0.402043 -0.395661 -0.440237 -0.430366 0.023816 0.003667 -0.026102 -0.116851 0.246801 0.053777 0.289743 0.001038 -0.210337 0.072245 0.042288 0.074467 -0.357280 -0.236809 -0.450134 -0.367208 -0.416813 -0.288719 -0.171385 -0.242372 -0.230046 -0.111353 -0.110988 0.224614 0.273894 0.061987 -0.239278 -0.182004 -0.273887 -0.031196 -0.041850 -0.135291 0.031743 -0.000610
-0.185615 -0.194217 0.378843 0.479398 0.755467 1.000000 0.082066 0.316704 0.587549 0.571085 -0.133787 -0.169383 -0.032017 -0.157006 0.113045 0.202227 -0.201489 -0.387141 0.014099 -0.137043 0.488666 0.213718 0.395378 0.380548 0.397401 0.361644 0.583523 0.404252 -0.338745 -0.457253 0.208162 0.158295 -0.301664 -0.384103 0.052531 -0.070868 -0.482773 -0.296394 -0.011544 0.143287 -0.446208 -0.247846 0.030879 0.084574 0.294122 0.323690 0.040346 0.070001 0.318858 0.339505 0.147339 0.078175 -0.183687 -0.026370 -0.022005 0.026398 -0.205978 -0.058740 -0.116714 0.135130 -0.407981 -0.242936 -0.350438 -0.337065 0.199067 0.048185 0.041504 0.171809 -0.124587 0.069197 -0.076225 -0.199434 -0.353118 -0.295614 -0.210586 -0.292168 -0.309002 -0.120709 -0.285967 -0.343738 -0.454830 -0.456996 -0.052897 -0.046838 -0.071167 -0.095901 0.107767 0.050637 0.247732 0.121724 -0.085951 -0.023529 -0.062566 -0.071756 -0.401582 -0.251349 -0.226879 -0.294160 -0.153914 -0.133719 -0.273839 -0.275938 -0.220962 -0.255082 -0.056286 0.236176 0.175788 0.145797 -0.365489 -0.118131 0.048825 0.111909 0.075569 -0.040634 -0.078002 -0.041660
0.282203 0.074204 0.683562 0.228491 0.341045 0.082066 1.000000 0.685479 0.574049 0.299863 0.298306 0.274652 0.700304 0.265558 0.194120 -0.001499 -0.183959 -0.075173 -0.114856 -0.048262 -0.203001 -0.368983 0.168849 0.355529 0.011802 0.154337 -0.129452 -0.105873 -0.338094 -0.058902 0.081691 -0.094060 -0.196835 -0.031258 -0.056639 0.271605 -0.370340 -0.361766 -0.244438 -0.035601 -0.331749 -0.087701 0.087464 0.005460 0.055721 -0.043989 -0.161020 0.018765 0.118350 0.201349 0.287791 0.161779 0.093384 -0.007955 -0.321827 -0.097315 -0.184571 -0.370123 0.378942 0.068822 0.236609 0.156426 -0.106951 -0.097886 0.308601 0.429513 0.115640 0.146427 -0.365276 -0.040442 -0.119645 0.030478 -0.140765 0.016703 -0.021501 0.124675 0.035999 0.095763 -0.391648 -0.134631 -0.260917 -0.352833 -0.169223 -0.381885 -0.190999 -0.148272 -0.024598 -0.085695 -0.201413 -0.094169 0.082303 0.041616 0.304193 0.349234 -0.419092 -0.218273 -0.290630 -0.283851 -0.090972 -0.199130 0.067879 -0.090533 0.043842 -0.226939 -0.162758 -0.371769 0.052743 -0.227451 -0.153243 -0.161117 -0.001950 -0.098791 -0.054898 -0.363425 -0.430972 -0.394725
-0.021538 0.256841 0.672347 0.575648 0.449162 0.316704 0.685479 1.000000 0.568061 0.437571 0.123697 0.295304 0.521271 0.371828 0.263888 0.253150 -0.449918 -0.337275 -0.184076 0.067285 0.024553 -0.222762 0.343730 0.533978 0.316904 0.382246 0.122130 0.109712 -0.589992 -0.343562 0.148211 0.050829 -0.213788 -0.003510 -0.179963 0.242293 -0.523692 -0.466637 -0.179435 0.058042 -0.424916 -0.318233 -0.068951 -0.121558 -0.053803 -0.024537 -0.191774 -0.075265 0.222223 0.135043 0.381051 0.229954 0.083479 -0.028345 -0.195130 -0.055864 -0.469159 -0.457657 0.313344 0.040516 0.068536 0.160495 -0.366894 -0.364109 0.558585 0.704993 -0.056667 0.238303 -0.265391 0.199621 -0.237356 -0.069622 -0.460483 -0.211660 -0.459113 -0.075538 -0.266297 0.000769 -0.552993 -0.433908 -0.558889 -0.657447 -0.091214 -0.239487 -0.178816 -0.106438 -0.051936 0.012826 0.049203 0.190586 0.175060 0.115182 0.428277 0.274781 -0.449314 -0.332027 -0.248905 -0.356363 -0.191468 -0.276983 -0.066730 -0.363754 0.010261 -0.197863 -0.144873 -0.237636 0.249307 -0.166255 -0.302990 -0.316060 0.030385 -0.127104 -0.053684 -0.367199 -0.367839 -0.348115
-0.169310 -0.184564 0.652788 0.589293 0.658113 0.587549 0.574049 0.568061 1.000000 0.846294 -0.096463 -0.043263 0.356471 0.130518 0.281961 0.312881 -0.343355 -0.274337 -0.197323 -0.239438 0.131740 -0.139362 0.555538 0.464818 0.452237 0.307979 0.004673 -0.056716 -0.437591 -0.410324 0.354814 0.133272 -0.409297 -0.353862 -0.263386 -0.029720 -0.533730 -0.454996 -0.367115 -0.097645 -0.494795 -0.337407 0.150190 0.177790 0.303239 0.280483 -0.093518 0.064610 0.361728 0.441065 0.118362 0.114384 -0.089168 -0.015046 -0.389820 -0.229289 -0.229901 -0.077184 0.176717 0.143383 -0.092417 -0.060269 -0.247980 -0.269318 0.266670 0.264841 -0.030848 0.220729 -0.231233 0.014754 -0.159730 -0.165358 -0.281627 -0.239050 -0.244714 -0.207960 -0.351628 -0.225811 -0.360554 -0.376914 -0.394983 -0.388139 -0.290138 -0.272230 -0.242836 -0.069696 -0.138485 -0.214182 -0.128202 -0.178548 0.123844 0.124052 0.138125 0.088640 -0.394292 -0.318277 -0.386211 -0.411407 -0.191963 -0.144990 -0.106632 -0.099368 -0.023688 -0.106090 -0.180335 0.041823 0.208687 0.100972 -0.244824 -0.288112 -0.066033 0.012270 -0.040142 -0.173599 -0.157459 -0.077884
-0.338468 -0.126138 0.405780 0.504912 0.521282 0.571085 0.299863 0.437571 0.846294 1.000000 -0.262490 -0.055894 0.195916 0.248803 0.122522 0.413196 -0.435017 -0.316021 -0.378435 -0.270634 0.222045 -0.069670 0.523440 0.246699 0.521816 0.165496 -0.126743 -0.255821 -0.367924 -0.330510 0.417835 0.161719 -0.431396 -0.354597 -0.254938 -0.086424 -0.436657 -0.392815 -0.336581 -0.045251 -0.468468 -0.467442 0.294673 0.311891 0.387436 0.331061 0.096344 0.215320 0.433536 0.488362 -0.003678 0.192973 -0.134521 0.085603 -0.385270 -0.114353 -0.314619 -0.034483 0.151810 0.191750 -0.120786 0.031896 -0.191948 -0.176150 0.141788 0.224438 -0.097372 0.126372 -0.242347 0.103153 -0.265457 -0.391027 -0.281553 -0.360102 -0.312972 -0.402164 -0.450367 -0.360234 -0.244282 -0.375641 -0.364666 -0.292515 -0.383327 -0.218208 -0.387150 -0.095074 -0.251713 -0.268468 -0.321962 -0.267231 0.252819 0.180173 0.117254 0.002795 -0.160707 -0.202878 -0.196667 -0.304700 -0.012615 -0.095199 -0.080653 -0.066043 0.114535 -0.000308 -0.153180 0.056776 0.149613 0.049606 -0.096861 -0.237914 -0.035513 0.024341 -0.045195 -0.063590 -0.085342 0.018240
0.569271 0.267579 0.169253 -0.292198 0.004642 -0.133787 0.298306 0.123697 -0.096463 -0.262490 1.000000 0.702724 0.519299 0.279598 0.056566 -0.238914 0.206061 0.168367 0.229608 0.519552 -0.347599 -0.291009 -0.025934 0.235349 -0.346718 -0.006398 -0.033707 0.098038 0.177447 0.183290 -0.073355 -0.051765 0.216569 0.199730 0.077659 0.289819 0.020563 -0.011461 0.029179 -0.145447 0.040328 0.151015 -0.168127 -0.208764 -0.217191 -0.231902 -0.100639 -0.131309 -0.030965 -0.080606 0.139458 0.043031 0.123560 0.010139 0.229339 0.111617 -0.116498 -0.376075 0.143515 -0.284039 -0.012387 0.017727 -0.238283 -0.242340 0.278740 0.255222 -0.144609 -0.097920 -0.219748 -0.066675 0.016543 -0.008207 0.065217 0.081571 0.156800 0.190341 0.340725 0.140676 -0.109755 0.021443 0.076977 -0.036821 0.291157 -0.086802 0.574942 -0.007123 0.204393 0.120331 0.077398 0.116094 -0.035475 -0.043935 0.140416 0.091457 -0.114349 -0.105626 -0.058016 -0.145643 0.129675 -0.099054 0.028606 -0.330643 -0.286567 -0.382223 -0.269879 -0.429592 -0.066330 -0.214483 0.019639 -0.091113 -0.004996 -0.048080 -0.085909 -0.090606 -0.257206 -0.259902
0.334745 0.522562 0.042873 -0.135578 -0.080287 -0.169383 0.274652 0.295304 -0.043263 -0.055894 0.702724 1.000000 0.528984 0.655546 -0.071184 -0.099539 0.019372 0.255727 -0.063618 0.460490 -0.358670 -0.377179 -0.121858 0.115016 -0.316956 -0.082690 -0.263027 -0.096065 0.099453 0.302120 -0.124682 -0.136868 0.069934 0.236662 -0.033448 0.363016 -0.041743 -0.089643 -0.158377 -0.167693 0.072554 -0.076194 -0.075196 -0.090946 -0.223161 -0.244456 -0.021582 0.037709 0.056585 -0.074413 0.158714 0.270191 0.148744 0.187786 -0.046643 0.115215 -0.217653 -0.417975 0.216040 -0.223666 0.180982 0.284248 0.003008 -0.021143 0.290463 0.503837 -0.247068 -0.065927 -0.407673 -0.019213 -0.143067 -0.014298 0.045494 0.023386 -0.121403 0.069137 0.145565 0.190202 -0.255078 -0.107643 0.118428 0.004849 0.087328 0.023565 0.296107 0.213572 -0.001322 -0.014738 -0.172474 0.041871 0.286252 0.093732 0.358775 0.167460 -0.044513 -0.093531 0.012886 -0.148204 0.281911 -0.053324 0.131024 -0.209063 0.070716 -0.236556 -0.253364 -0.605025 0.068018 -0.309929 0.041761 -0.183611 -0.012282 -0.124398 0.005763 -0.153307 -0.291465 -0.286505
0.157336 0.124164 0.382680 0.067542 0.087287 -0.032017 0.700304 0.521271 0.356471 0.195916 0.519299 0.528984 1.000000 0.668212 0.255391 0.124611 -0.056579 0.034986 -0.108951 0.110142 -0.283704 -0.482388 0.066273 0.264091 -0.074633 0.067103 -0.219392 -0.148372 -0.151133 0.106904 -0.051562 -0.183907 -0.076682 0.165121 -0.213911 0.324873 -0.115285 -0.297428 -0.193364 -0.133496 -0.069505 -0.077413 0.107203 0.130815 0.020818 0.016557 0.004878 0.050180 0.182145 0.113690 0.231436 0.213259 0.299034 0.179151 -0.106544 0.157682 -0.188767 -0.455964 0.340131 -0.128896 0.318409 0.190541 -0.029838 -0.130856 0.201680 0.332512 -0.114029 0.091535 -0.391963 -0.118946 -0.267934 0.033104 0.109378 -0.081145 0.012143 0.204209 0.076375 0.033638 -0.306187 -0.163124 -0.023119 -0.138275 0.018610 -0.278758 0.073912 -0.011887 -0.109607 -0.113899 -0.264181 -0.051226 0.313928 -0.028244 0.228888 0.162014 -0.247321 -0.268774 -0.118266 -0.393619 0.177249 -0.216232 0.018869 -0.203083 0.051843 -0.295014 -0.225284 -0.504438 -0.059358 -0.273325 -0.136687 -0.402943 -0.123660 -0.231085 -0.054017 -0.189139 -0.410707 -0.312694
-0.130610 0.305992 -0.025588 0.031605 -0.232024 -0.157006 0.265558 0.371828 0.130518 0.248803 0.279598 0.655546 0.668212 1.000000 -0.055213 0.196522 -0.191547 0.035849 -0.333349 0.085934 -0.267864 -0.404642 0.018342 0.069294 -0.032888 -0.045835 -0.436944 -0.310815 -0.106458 0.245645 -0.099329 -0.220744 -0.043935 0.207610 -0.233321 0.205821 0.056153 -0.063029 -0.169208 -0.084216 0.128120 -0.078433 0.113478 0.150755 -0.142257 -0.122091 0.109152 0.166313 0.178925 -0.061751 0.167956 0.351732 0.389980 0.328958 -0.020150 0.258721 -0.271388 -0.438976 0.301844 -0.173234 0.345729 0.399070 0.115195 0.039680 0.113764 0.386868 -0.394875 -0.071006 -0.392482 -0.076666 -0.263586 -0.031438 0.092719 -0.069884 -0.186203 0.151603 -0.012642 0.003577 -0.206814 -0.264864 0.042854 -0.011113 -0.035894 -0.060089 -0.022533 0.202001 -0.253078 -0.092203 -0.432536 0.043873 0.595525 0.109011 0.339970 0.057674 -0.006610 -0.105765 0.084949 -0.219110 0.401621 -0.101430 0.153839 -0.161428 0.326174 -0.127594 -0.178693 -0.580833 0.029395 -0.170947 -0.104738 -0.308224 -0.029380 -0.209389 -0.082549 -0.214156 -0.381889 -0.274636
-0.169150 -0.267274 0.246765 0.322193 0.342989 0.113045 0.194120 0.263888 0.281961 0.122522 0.056566 -0.071184 0.255391 -0.055213 1.000000 0.683431 -0.116115 -0.083997 0.051039 0.112566 0.261236 0.171597 0.123272 0.386972 0.234749 0.371768 0.253607 0.376622 -0.066547 -0.176190 0.277631 0.283992 -0.085887 0.055373 -0.272590 0.034268 0.006163 -0.146033 0.045447 0.182034 0.080118 0.080401 -0.223944 -0.067096 0.110718 0.100344 -0.348209 -0.238950 -0.095268 0.011023 0.002253 -0.348921 -0.125870 -0.402143 0.035801 -0.330429 -0.161420 0.032010 -0.062680 0.011664 -0.003387 -0.214551 -0.104908 -0.241361 0.356731 0.102291 0.199053 0.392495 0.110425 0.174281 -0.151728 0.019355 -0.114322 -0.216229 -0.307310 -0.056288 -0.340703 -0.083469 -0.216126 -0.255791 -0.100305 -0.161402 0.426479 0.337339 0.179014 -0.011471 0.157758 0.144483 0.456150 0.118859 -0.297628 -0.260252 -0.046464 -0.227083 -0.140219 -0.241840 -0.130459 -0.281580 -0.511561 -0.520158 -0.078527 -0.267884 -0.248011 -0.161210 -0.278257 0.048788 -0.166532 -0.062816 -0.035309 -0.273651 -0.280694 -0.532660 -0.329586 -0.074945 0.124126 0.142871
-0.487732 -0.076943 0.042322 0.414174 0.205986 0.202227 -0.001499 0.253150 0.312881 0.413196 -0.238914 -0.099539 0.124611 0.196522 0.683431 1.000000 -0.102064 -0.213794 -0.248691 -0.024948 0.377394 0.198465 0.176065 0.191271 0.316155 0.175996 0.185458 0.139212 -0.072223 -0.152661 0.331783 0.310482 -0.098106 -0.006924 -0.248325 -0.181590 -0.003139 -0.126162 -0.105454 0.216843 -0.035414 -0.064096 -0.089124 0.019678 0.096221 0.063851 -0.159165 -0.138547 0.099445 0.081607 -0.038123 -0.087550 0.014154 -0.040855 -0.164586 -0.249214 -0.195463 0.099003 0.034386 0.176457 -0.018990 0.016107 0.034771 -0.012204 0.118154 0.097387 -0.040745 0.098775 0.237379 0.355956 -0.105587 -0.251281 -0.059410 -0.400783 -0.388074 -0.254859 -0.488916 -0.345786 -0.001647 -0.359391 -0.051519 -0.111322 0.122735 0.395788 -0.119641 -0.005407 -0.131943 -0.093272 0.092236 0.047473 -0.001210 -0.114547 -0.007281 -0.182331 -0.101760 -0.199637 -0.213835 -0.287240 -0.331354 -0.331724 -0.100342 -0.152917 -0.040327 0.053364 -0.256097 0.033481 0.035790 -0.062202 0.035165 -0.287238 -0.305007 -0.275984 -0.215475 -0.043070 0.040240 0.069199
0.164232 0.059921 -0.357410 -0.262859 -0.298696 -0.201489 -0.183959 -0.449918 -0.343355 -0.435017 0.206061 0.019372 -0.056579 -0.191547 -0.116115 -0.102064 1.000000 0.535511 0.080687 -0.004833 -0.042752 0.113330 -0.284357 -0.169661 -0.480191 -0.263005 0.175756 0.162653 0.685466 0.381984 -0.154434 0.039805 0.269624 0.160937 0.203515 -0.154679 0.274525 0.182429 0.334098 0.119182 0.388133 0.301291 -0.256701 -0.202860 -0.321942 -0.243350 -0.043365 -0.150331 -0.369872 -0.323353 -0.184523 -0.206615 0.111975 0.091162 0.131818 0.065814 0.463635 0.383687 -0.136377 -0.033438 0.172561 0.064521 0.422636 0.444405 -0.246516 -0.355014 -0.268431 -0.393555 0.164902 -0.096133 0.357683 0.015710 0.593615 0.123349 0.397270 0.082555 0.330284 0.035898 0.589497 0.405259 0.637588 0.464155 0.239033 0.303192 0.265621 0.126045 0.057569 -0.159951 0.025504 0.003463 -0.307431 -0.307583 -0.491576 -0.260800 -0.081504 -0.092070 -0.067427 -0.041954 -0.135421 -0.012163 -0.402749 0.097689 -0.399048 -0.078840 -0.063887 0.076087 -0.156634 0.021085 -0.092361 0.013574 -0.078924 0.160185 -0.050833 -0.085008 -0.033320 -0.155459
0.305327 -0.042597 -0.259740 -0.289517 -0.356416 -0.387141 -0.075173 -0.337275 -0.274337 -0.316021 0.168367 0.255727 0.034986 0.035849 -0.083997 -0.213794 0.535511 1.000000 0.026258 -0.067927 -0.306561 0.012075 -0.242646 -0.201604 -0.350975 -0.120009 -0.260220 -0.052211 0.637761 0.756225 -0.057237 0.066369 0.001615 0.236146 0.089867 0.174926 0.251165 0.381725 0.191144 0.137729 0.499965 0.247590 -0.093158 -0.075686 -0.110310 -0.130999 -0.020692 -0.034120 -0.413554 -0.225995 -0.339410 -0.249844 -0.072262 -0.058003 -0.124379 -0.042098 0.333864 0.218136 -0.256330 -0.262667 0.301778 0.130450 0.455594 0.470902 -0.107134 -0.188548 -0.229078 -0.360129 -0.190797 -0.471087 0.228506 0.212168 0.638535 0.421648 0.301158 0.103226 0.332601 0.364411 0.378292 0.667503 0.590079 0.679547 0.183410 0.338744 0.286687 0.295453 -0.197158 -0.232382 -0.113080 -0.235964 -0.222697 -0.310781 -0.299949 -0.253647 0.139623 -0.018333 0.226397 0.040887 0.023564 -0.019122 -0.177549 0.082627 -0.136087 -0.102310 -0.046545 -0.081165 -0.311700 -0.166716 -0.081925 0.043396 -0.070023 -0.080539 -0.058536 -0.080629 0.027292 -0.036822
0.450132 0.013100 -0.003000 -0.112304 -0.015952 0.014099 -0.114856 -0.184076 -0.197323 -0.378435 0.229608 -0.063618 -0.108951 -0.333349 0.051039 -0.248691 0.080687 0.026258 1.000000 0.589976 -0.046329 -0.155616 -0.162021 -0.000516 -0.306454 -0.091592 0.215305 0.198281 0.090906 0.003277 -0.424210 -0.257501 0.422487 0.279142 0.030641 0.157867 0.145637 0.024299 0.129220 -0.142840 0.233987 0.245832 -0.200983 -0.168946 -0.099774 -0.068117 -0.195626 -0.202690 -0.072343 -0.227981 0.023421 -0.281980 0.029617 -0.233237 0.404233 -0.084269 0.315991 -0.080075 -0.151216 -0.301767 0.018871 -0.276530 0.044922 -0.180383 -0.027375 -0.318194 0.115148 -0.129811 0.198682 -0.178397 0.073775 0.330984 0.101229 0.279403 0.256045 0.408710 0.365525 0.382521 0.011032 0.124710 0.118867 0.076202 0.312414 -0.057200 0.314566 -0.131976 0.335090 0.314014 0.355917 0.292210 -0.199607 -0.209393 -0.184044 -0.131075 -0.109872 0.081522 -0.061848 0.062807 -0.078672 -0.039128 -0.077594 -0.143225 -0.262078 -0.215784 -0.103428 -0.102930 -0.053578 0.020185 0.102385 0.008819 0.051781 -0.074727 0.029644 0.081847 -0.100332 0.077045
0.278296 0.452001 0.001782 -0.105246 0.013488 -0.137043 -0.048262 0.067285 -0.239438 -0.270634 0.519552 0.460490 0.110142 0.085934 0.112566 -0.024948 -0.004833 -0.067927 0.589976 1.000000 -0.128811 -0.210780 -0.146446 0.064330 -0.306875 -0.134229 0.006846 0.058102 0.160448 0.068110 -0.210663 -0.085983 0.543211 0.499208 -0.006739 0.304152 0.070676 -0.132558 -0.001976 -0.163389 0.168846 0.073270 -0.423813 -0.401234 -0.251022 -0.296212 -0.318450 -0.282133 0.009379 -0.072251 0.060782 -0.013722 0.052624 -0.029379 0.319348 -0.052208 -0.140274 -0.213340 0.027608 -0.086631 -0.070420 0.055747 -0.107831 -0.186784 0.200537 0.205293 0.017776 -0.052854 0.113703 0.321081 -0.081343 0.017200 -0.078128 0.015631 -0.113548 0.193951 0.134139 0.086822 -0.087640 -0.096632 0.103538 0.013782 0.443602 0.209131 0.414086 0.022267 0.331193 0.350573 0.201689 0.366606 -0.052954 -0.037269 0.092468 -0.001885 -0.035007 -0.007085 -0.215233 -0.090987 -0.096013 -0.224439 -0.003598 -0.310921 -0.198113 -0.166400 -0.437590 -0.426455 0.045055 -0.285249 0.240729 -0.244641 -0.145089 -0.220536 -0.181022 -0.036835 -0.184865 -0.120884
-0.233607 -0.126700 0.039221 0.213023 0.450305 0.488666 -0.203001 0.024553 0.131740 0.222045 -0.347599 -0.358670 -0.283704 -0.267864 0.261236 0.377394 -0.042752 -0.306561 -0.046329 -0.128811 1.000000 0.736154 0.016446 -0.042841 0.341768 0.217964 0.626508 0.377198 -0.060260 -0.222989 0.252984 0.329572 -0.155508 -0.165267 0.023764 -0.463289 0.072166 0.098153 0.355859 0.477183 0.018094 0.071429 -0.038523 0.043947 0.066807 0.062054 -0.076662 -0.113802 -0.094181 0.061732 -0.155180 -0.160090 -0.290239 -0.270478 0.048513 -0.109007 -0.018239 0.280428 -0.253832 0.203035 -0.263439 -0.175981 -0.115830 -0.066435 0.108441 -0.035187 0.026173 0.065152 0.122068 0.172769 0.240087 -0.175843 -0.068160 -0.285533 -0.202492 -0.079716 -0.404844 -0.176036 0.121539 -0.151155 -0.174141 -0.127467 0.054595 0.222433 -0.220881 -0.211903 0.030847 0.023032 0.348368 0.091851 -0.371676 -0.304101 -0.289315 -0.274972 0.090205 0.069081 -0.027627 -0.240426 -0.428424 -0.378705 -0.369153 -0.236973 -0.275899 -0.130071 0.012229 0.422133 0.106612 0.205312 0.002529 0.191667 -0.250692 -0.193700 -0.071960 -0.095708 0.154367 -0.003742
-0.148510 -0.167800 -0.147202 -0.043673 0.224686 0.213718 -0.368983 -0.222762 -0.139362 -0.069670 -0.291009 -0.377179 -0.482388 -0.404642 0.171597 0.198465 0.113330 0.012075 -0.155616 -0.210780 0.736154 1.000000 -0.041890 -0.162584 0.282943 0.252719 0.531313 0.405257 0.166726 -0.023469 0.381241 0.533700 -0.174687 -0.095814 0.202360 -0.287937 0.158968 0.327110 0.476105 0.530252 0.192252 0.213521 -0.225353 -0.208755 -0.154734 -0.166047 -0.169954 -0.333068 -0.329449 -0.075949 -0.262452 -0.212343 -0.387104 -0.304627 0.023835 -0.231095 -0.039172 0.387217 -0.375541 0.198329 -0.271667 -0.074750 -0.114097 0.128871 0.124353 -0.050584 0.015702 -0.031578 0.126466 0.051500 0.224980 -0.026256 -0.001862 -0.105463 -0.135952 -0.163479 -0.262329 -0.083121 0.271511 0.121170 -0.016948 0.096435 0.186332 0.452677 -0.016215 -0.102541 0.078693 0.074226 0.456142 0.116340 -0.569308 -0.290617 -0.307377 -0.237872 0.221246 0.097763 0.033411 -0.116532 -0.458520 -0.260770 -0.240494 -0.106631 -0.310082 -0.045461 0.048425 0.500971 -0.060366 0.109054 -0.018462 0.307838 -0.355582 -0.182840 -0.131222 -0.018541 0.361053 0.075363
-0.229314 -0.371605 0.669205 0.656074 0.286192 0.395378 0.168849 0.343730 0.555538 0.523440 -0.025934 -0.121858 0.066273 0.018342 0.123272 0.176065 -0.284357 -0.242646 -0.162021 -0.146446 0.016446 -0.041890 1.000000 0.758235 0.733571 0.614130 -0.004662 0.168085 -0.358701 -0.445333 0.696393 0.531264 -0.249104 -0.205094 -0.101311 0.007316 -0.506296 -0.231917 -0.234411 -0.085477 -0.363895 -0.164514 -0.018798 -0.038241 0.258504 0.280742 -0.230486 -0.038167 0.086802 0.284682 0.021447 -0.126163 -0.174856 -0.193982 -0.213110 -0.333390 -0.405627 -0.219565 -0.065349 -0.044249 -0.366303 -0.210989 -0.642695 -0.563885 0.373408 0.159073 -0.211581 0.104436 -0.142397 -0.154436 -0.078727 -0.163142 -0.373668 0.022235 -0.086891 -0.194517 -0.110782 -0.089824 -0.231209 -0.148506 -0.657454 -0.537097 -0.046447 -0.114171 0.041364 -0.188002 -0.073065 -0.004333 0.024414 -0.088517 0.034235 0.146249 0.123196 0.055328 -0.254797 -0.304045 -0.252225 -0.218117 -0.152533 0.064034 -0.055357 -0.072416 -0.036272 -0.085373 -0.140461 0.207533 0.089433 0.167964 -0.329272 -0.071954 0.204109 0.085323 0.027579 0.003767 0.037124 0.036685
-0.085180 -0.215694 0.690231 0.742081 0.290888 0.380548 0.355529 0.533978 0.464818 0.246699 0.235349 0.115016 0.264091 0.069294 0.386972 0.191271 -0.169661 -0.201604 -0.000516 0.064330 -0.042841 -0.162584 0.758235 1.000000 0.488557 0.750912 0.199906 0.514649 -0.404442 -0.441874 0.435191 0.391762 -0.072518 -0.073263 -0.132574 0.159081 -0.480243 -0.253736 -0.079788 0.039498 -0.245901 0.010179 -0.150845 -0.109461 0.071243 0.192936 -0.297957 -0.028685 -0.041659 0.050189 0.242242 -0.186434 -0.026218 -0.226374 0.018120 -0.178637 -0.378870 -0.381129 -0.099346 -0.287101 -0.320512 -0.344855 -0.592905 -0.656962 0.504580 0.254432 -0.198548 0.243535 -0.099296 -0.119233 -0.031223 -0.006288 -0.421859 0.086577 -0.130638 -0.011727 -0.075645 0.078384 -0.426152 -0.250572 -0.569801 -0.635219 0.188523 -0.007283 0.244737 -0.003965 0.073865 0.197694 0.325236 0.243369 -0.051906 0.003459 0.203106 0.088706 -0.457964 -0.417799 -0.178362 -0.255924 -0.229608 -0.129689 -0.115244 -0.272057 -0.174294 -0.330872 -0.301314 -0.031107 0.051558 0.025287 -0.423854 -0.202463 0.293175 -0.091342 -0.054232 -0.147778 -0.129679 -0.204910
-0.352998 -0.317404 0.496180 0.553821 0.328532 0.397401 0.011802 0.316904 0.452237 0.521816 -0.346718 -0.316956 -0.074633 -0.032888 0.234749 0.316155 -0.480191 -0.350975 -0.306454 -0.306875 0.341768 0.282943 0.733571 0.488557 1.000000 0.727948 0.138045 0.238993 -0.510824 -0.501399 0.654663 0.546993 -0.380380 -0.211266 -0.080139 -0.051159 -0.414717 -0.161044 -0.104294 0.178481 -0.335687 -0.173627 0.054750 0.034938 0.256138 0.312229 -0.161863 -0.065020 0.037621 0.276505 -0.050255 -0.075061 -0.307954 -0.242917 -0.234437 -0.302344 -0.361945 0.006450 -0.140122 0.030335 -0.316501 -0.180505 -0.557109 -0.435906 0.364510 0.225972 -0.155041 0.214831 -0.107711 -0.042645 -0.181758 -0.091941 -0.504090 -0.151930 -0.281350 -0.187723 -0.372764 -0.155243 -0.271843 -0.253813 -0.653263 -0.463377 -0.079330 -0.003000 -0.175193 -0.257721 -0.093425 0.098148 0.133646 -0.042160 -0.014563 0.093818 0.179581 0.097934 -0.082962 -0.151086 -0.051494 -0.180316 -0.196962 -0.059628 0.068467 -0.011480 0.052074 0.002691 -0.035090 0.316627 0.058383 0.091115 -0.239209 0.020944 0.026535 -0.107078 -0.000864 0.074077 0.124135 0.144654
-0.100253 -0.230960 0.530910 0.587300 0.234090 0.361644 0.154337 0.382246 0.307979 0.165496 -0.006398 -0.082690 0.067103 -0.045835 0.371768 0.175996 -0.263005 -0.120009 -0.091592 -0.134229 0.217964 0.252719 0.614130 0.750912 0.727948 1.000000 0.334942 0.661020 -0.395604 -0.372983 0.511628 0.556807 -0.221020 -0.065389 0.015562 0.105817 -0.311089 0.053338 0.158519 0.319725 -0.078149 0.180959 -0.113458 -0.090171 0.052157 0.219407 -0.311215 -0.124473 -0.268375 -0.017721 0.052325 -0.305838 -0.248201 -0.423911 0.000307 -0.201522 -0.277198 -0.194602 -0.269979 -0.294186 -0.329776 -0.416548 -0.556150 -0.546384 0.439758 0.217131 -0.136020 0.312769 -0.095625 -0.207432 -0.045473 0.109716 -0.385439 0.064878 -0.104063 0.002805 -0.125191 0.138777 -0.320972 -0.137810 -0.560354 -0.442910 0.156623 0.100188 0.079882 -0.105220 0.017072 0.274780 0.426104 0.243846 -0.231179 -0.170579 0.136150 0.016806 -0.181797 -0.248298 0.073852 -0.255994 -0.248572 -0.180053 -0.061733 -0.218284 -0.186151 -0.316884 -0.226188 0.109382 -0.014370 0.033248 -0.354675 0.015794 0.153869 -0.226213 -0.062584 -0.024762 -0.006996 -0.078589
0.012687 -0.034988 0.104701 0.224871 0.442330 0.583523 -0.129452 0.122130 0.004673 -0.126743 -0.033707 -0.263027 -0.219392 -0.436944 0.253607 0.185458 0.175756 -0.260220 0.215305 0.006846 0.626508 0.531313 -0.004662 0.199906 0.138045 0.334942 1.000000 0.775887 -0.160049 -0.370138 0.015984 0.192929 -0.085410 -0.181092 0.208076 -0.191457 -0.121356 0.015684 0.419662 0.441786 -0.135209 0.116615 -0.242823 -0.244179 -0.093484 -0.001194 -0.166939 -0.294152 -0.066631 -0.113129 0.111607 -0.219738 -0.134774 -0.248094 0.242751 0.014895 0.040460 0.131455 -0.169311 0.077199 -0.310098 -0.281121 -0.272600 -0.214636 0.164528 -0.029944 0.069961 0.084130 0.207353 0.150761 0.231678 0.009504 -0.165426 -0.217631 -0.102088 -0.069414 -0.175772 0.030610 -0.085742 -0.207741 -0.252096 -0.353236 0.229617 0.165513 0.074210 -0.172947 0.278026 0.174669 0.673729 0.394881 -0.473931 -0.276153 -0.221383 -0.124186 -0.241715 -0.077066 -0.150843 -0.165312 -0.429824 -0.243486 -0.420205 -0.286653 -0.441305 -0.206644 0.115445 0.376132 0.209950 0.195450 -0.225006 0.102104 -0.087256 -0.007209 0.041848 -0.073676 0.079057 -0.061130
-0.021526 -0.133082 0.158235 0.352803 0.221486 0.404252 -0.105873 0.109712 -0.056716 -0.255821 0.098038 -0.096065 -0.148372 -0.310815 0.376622 0.139212 0.162653 -0.052211 0.198281 0.058102 0.377198 0.405257 0.168085 0.514649 0.238993 0.661020 0.775887 1.000000 -0.131780 -0.275073 0.123865 0.302963 0.034649 -0.023828 0.229002 -0.018929 -0.042482 0.164938 0.488476 0.495089 0.105630 0.284446 -0.336501 -0.278143 -0.157583 0.074004 -0.283670 -0.245048 -0.305446 -0.268683 0.113537 -0.406976 -0.115884 -0.362605 0.314993 -0.049261 -0.084626 -0.069360 -0.348225 -0.219815 -0.376188 -0.484013 -0.360389 -0.422720 0.333621 -0.040697 -0.018582 0.204578 0.169435 -0.034002 0.217723 0.098141 -0.162937 0.084801 0.061083 0.065559 0.059056 0.246735 -0.127124 -0.069911 -0.260047 -0.348307 0.423762 0.297981 0.332274 0.061967 0.317681 0.381539 0.738956 0.449011 -0.477377 -0.345054 -0.122153 -0.171617 -0.217125 -0.145647 0.044700 -0.105764 -0.365764 -0.261517 -0.299345 -0.329226 -0.420198 -0.345415 -0.135781 0.179989 -0.016975 0.109028 -0.280422 0.119507 0.075916 -0.187077 -0.085514 -0.062221 0.037821 -0.072304
0.140096 -0.054356 -0.506333 -0.456254 -0.297675 -0.338745 -0.338094 -0.589992 -0.437591 -0.367924 0.177447 0.099453 -0.151133 -0.106458 -0.066547 -0.072223 0.685466 0.637761 0.090906 0.160448 -0.060260 0.166726 -0.358701 -0.404442 -0.510824 -0.395604 -0.160049 -0.131780 1.000000 0.715980 -0.018790 0.150446 0.340869 0.373991 0.207792 -0.128346 0.469458 0.310125 0.255269 -0.033642 0.617664 0.253216 -0.216702 -0.109474 -0.147958 -0.186788 -0.051954 -0.153343 -0.416308 -0.165984 -0.445054 -0.284576 -0.168274 -0.033965 0.030578 -0.059885 0.345986 0.291571 -0.286964 0.046733 0.144202 0.153639 0.501996 0.495107 -0.233327 -0.353596 -0.123953 -0.345668 0.021006 -0.140753 0.285066 -0.065498 0.749570 0.103289 0.311637 0.044111 0.267101 -0.037212 0.679159 0.478996 0.738296 0.749777 0.307846 0.533205 0.353039 0.261486 0.001842 -0.149799 -0.081223 -0.193284 -0.380089 -0.354606 -0.566316 -0.485696 0.243339 0.075573 -0.033090 -0.007368 -0.136492 -0.070127 -0.298058 -0.026387 -0.361381 -0.030205 -0.141795 0.022692 -0.272064 -0.033541 0.105571 0.053072 -0.326633 -0.017242 -0.210217 -0.019814 0.105380 0.067258
0.223241 -0.007886 -0.423081 -0.495580 -0.383057 -0.457253 -0.058902 -0.343562 -0.410324 -0.330510 0.183290 0.302120 0.106904 0.245645 -0.176190 -0.152661 0.381984 0.756225 0.003277 0.068110 -0.222989 -0.023469 -0.445333 -0.441874 -0.501399 -0.372983 -0.370138 -0.275073 0.715980 1.000000 -0.179600 -0.049103 0.156599 0.459023 0.199593 0.173626 0.429788 0.422067 0.223512 0.136539 0.604602 0.291779 -0.050589 -0.030194 -0.087130 -0.216831 0.009833 -0.013321 -0.360019 -0.162698 -0.342301 -0.135052 -0.022545 0.030263 -0.014782 0.110151 0.244640 0.067284 -0.228494 -0.149450 0.329845 0.278287 0.565471 0.602276 -0.191720 -0.165010 -0.120722 -0.391485 -0.262866 -0.348318 0.201467 0.080675 0.702647 0.296286 0.275276 0.236124 0.321064 0.271005 0.429403 0.555014 0.635797 0.739598 0.277129 0.407993 0.239938 0.262924 -0.130487 -0.078080 -0.248409 -0.154712 -0.173547 -0.361536 -0.309507 -0.322014 0.287276 0.208291 0.174490 0.110481 0.056340 -0.158749 -0.093074 -0.066052 -0.050017 -0.133972 -0.082472 -0.291341 -0.261411 -0.229660 0.051972 0.136429 -0.182262 -0.162196 -0.213533 -0.225903 -0.130286 -0.073016
-0.287841 -0.322466 0.426060 0.408935 0.295848 0.208162 0.081691 0.148211 0.354814 0.417835 -0.073355 -0.124682 -0.051562 -0.099329 0.277631 0.331783 -0.154434 -0.057237 -0.424210 -0.210663 0.252984 0.381241 0.696393 0.435191 0.654663 0.511628 0.015984 0.123865 -0.018790 -0.179600 1.000000 0.869101 -0.305381 -0.116175 0.023591 -0.074824 -0.279375 -0.068502 -0.044883 0.080182 -0.169628 -0.110646 -0.026235 -0.034751 0.221749 0.148142 -0.257423 -0.160088 -0.196096 0.326520 -0.269403 -0.210379 -0.526912 -0.286071 -0.396906 -0.425873 -0.472497 0.028664 -0.266744 0.153979 -0.442751 -0.126679 -0.526794 -0.303674 0.400862 0.207290 -0.067639 0.084143 -0.134141 -0.009542 0.082922 -0.157591 -0.208584 -0.103549 -0.173900 -0.329418 -0.206693 -0.195059 0.017733 0.004734 -0.422700 -0.244038 0.020102 0.248802 -0.007445 -0.211966 -0.157886 -0.088811 0.090130 -0.203822 -0.341604 -0.090666 -0.116109 -0.097728 0.000289 -0.259231 -0.228943 -0.226737 -0.406760 -0.136515 -0.162079 -0.121278 -0.220807 -0.058255 -0.204670 0.311821 -0.114074 0.112213 -0.170199 0.088524 -0.098705 -0.097358 -0.129191 -0.027997 0.278688 0.088702
-0.201744 -0.302316 0.289955 0.358073 0.223370 0.158295 -0.094060 0.050829 0.133272 0.161719 -0.051765 -0.136868 -0.183907 -0.220744 0.283992 0.310482 0.039805 0.066369 -0.257501 -0.085983 0.329572 0.533700 0.531264 0.391762 0.546993 0.556807 0.192929 0.302963 0.150446 -0.049103 0.869101 1.000000 -0.174283 0.033128 0.150806 -0.102147 -0.180928 0.075743 0.107228 0.185214 -0.020093 0.015698 -0.146919 -0.149187 0.056804 0.063547 -0.290107 -0.280061 -0.387365 0.152031 -0.262947 -0.299068 -0.509058 -0.309346 -0.273682 -0.401992 -0.341064 0.073157 -0.451807 0.009308 -0.466848 -0.216555 -0.442937 -0.203314 0.347024 0.131288 -0.134201 0.032254 -0.081088 -0.054124 0.202648 -0.107084 -0.097844 -0.102757 -0.186333 -0.288889 -0.250361 -0.185056 0.121958 0.054729 -0.260895 -0.092769 0.162099 0.474010 0.157139 -0.123278 -0.122180 -0.050582 0.312353 -0.042954 -0.510648 -0.198568 -0.211382 -0.139571 -0.003520 -0.221237 -0.187050 -0.277139 -0.503930 -0.173498 -0.279895 -0.184534 -0.356972 -0.125177 -0.240295 0.356680 -0.051173 0.064870 -0.203841 0.088057 -0.164024 -0.080628 -0.113725 -0.014707 0.280570 -0.018181
0.023118 0.248227 -0.350976 -0.137639 -0.381298 -0.301664 -0.196835 -0.213788 -0.409297 -0.431396 0.216569 0.069934 -0.076682 -0.043935 -0.085887 -0.098106 0.269624 0.001615 0.422487 0.543211 -0.155508 -0.174687 -0.249104 -0.072518 -0.380380 -0.221020 -0.085410 0.034649 0.340869 0.156599 -0.305381 -0.174283 1.000000 0.651078 0.307676 0.073180 0.339036 0.015385 0.119157 -0.173861 0.399448 0.225680 -0.192573 -0.134266 -0.270750 -0.175056 0.031337 0.019847 -0.236664 -0.406779 -0.043449 -0.150929 0.111612 0.038670 0.307777 0.071934 0.153499 -0.140407 -0.254547 -0.233722 -0.065964 -0.077093 0.163698 -0.023280 -0.010489 -0.201341 -0.056917 -0.191895 0.366172 0.175602 0.010491 -0.045726 0.209397 0.213080 0.244133 0.208468 0.316047 -0.003825 0.470972 0.185615 0.338513 0.192015 0.285031 0.186681 0.355159 0.212536 0.179957 0.209272 0.092624 0.170763 -0.105488 -0.254434 -0.187043 -0.195854 -0.049536 0.011425 -0.039263 0.125552 -0.020390 -0.053421 -0.115678 -0.190266 -0.288076 -0.193667 -0.330113 -0.310289 -0.186122 -0.156441 0.157871 -0.090749 0.034703 0.017201 -0.211093 -0.045529 -0.194522 -0.103558
0.035444 0.253242 -0.233283 -0.169749 -0.321594 -0.384103 -0.031258 -0.003510 -0.353862 -0.354597 0.199730 0.236662 0.165121 0.207610 0.055373 -0.006924 0.160937 0.236146 0.279142 0.499208 -0.165267 -0.095814 -0.205094 -0.073263 -0.211266 -0.065389 -0.181092 -0.023828 0.373991 0.459023 -0.116175 0.033128 0.651078 1.000000 0.297796 0.470735 0.260565 -0.027751 0.202015 0.001815 0.546222 0.289707 -0.368968 -0.314694 -0.331812 -0.308639 -0.266070 -0.170130 -0.449768 -0.399938 -0.238707 -0.247652 -0.038930 -0.148783 0.044602 -0.190258 -0.009114 -0.125318 -0.245479 -0.226247 0.201239 0.216695 0.185528 0.126280 0.249870 0.090459 -0.129464 -0.211474 0.089501 -0.048498 -0.179524 0.244384 0.238262 0.179803 0.054114 0.293180 0.287332 0.235963 0.315540 0.239070 0.342089 0.289765 0.518402 0.421545 0.340611 0.100249 -0.032139 0.215045 0.042785 0.172621 -0.178770 -0.296245 -0.139135 -0.227338 0.003359 -0.168150 -0.077781 -0.108751 -0.245721 -0.373414 -0.136297 -0.257538 -0.194575 -0.187508 -0.345481 -0.379774 -0.326672 -0.310755 -0.109863 -0.150674 -0.140337 -0.402520 -0.409322 -0.301216 -0.294848 -0.039420
0.046363 -0.044801 -0.165139 -0.201515 -0.052049 0.052531 -0.056639 -0.179963 -0.263386 -0.254938 0.077659 -0.033448 -0.213911 -0.233321 -0.272590 -0.248325 0.203515 0.089867 0.030641 -0.006739 0.023764 0.202360 -0.101311 -0.132574 -0.080139 0.015562 0.208076 0.229002 0.207792 0.199593 0.023591 0.150806 0.307676 0.297796 1.000000 0.271435 0.087702 0.168743 0.273759 0.231078 0.091885 0.212852 -0.016348 -0.143995 0.027859 0.022214 0.141329 0.076711 -0.219117 -0.108042 0.015879 -0.118945 -0.137254 -0.032120 -0.036659 -0.058344 0.001790 -0.107989 -0.304989 -0.108916 -0.246106 -0.168364 -0.063076 0.045493 0.096972 -0.184066 0.246602 -0.087453 0.064990 -0.033460 0.079343 -0.144584 0.069893 0.160971 0.328002 -0.009585 0.324669 0.196883 0.332325 0.284641 0.058853 0.070709 0.146406 0.173713 0.206131 0.058219 -0.008429 -0.007026 0.103537 -0.045021 -0.335717 -0.180896 -0.186411 -0.025939 -0.210681 -0.050186 0.014125 -0.052750 -0.084518 -0.100793 -0.137883 -0.133388 -0.242925 -0.270347 -0.120592 -0.102795 -0.208111 -0.197555 -0.091925 0.167118 0.112750 0.087993 -0.125203 -0.151828 -0.218246 -0.141196
0.132537 0.176047 0.128178 -0.057174 -0.038636 -0.070868 0.271605 0.242293 -0.029720 -0.086424 0.289819 0.363016 0.324873 0.205821 0.034268 -0.181590 -0.154679 0.174926 0.157867 0.304152 -0.463289 -0.287937 0.007316 0.159081 -0.051159 0.105817 -0.191457 -0.018929 -0.128346 0.173626 -0.074824 -0.102147 0.073180 0.470735 0.271435 1.000000 -0.231500 -0.228258 0.020631 -0.001599 0.057275 0.012325 -0.180396 -0.233845 -0.027331 -0.122859 -0.073901 0.045142 -0.008515 -0.034365 0.115856 0.094152 -0.001334 -0.007675 0.000967 -0.054846 -0.287798 -0.295743 -0.057569 -0.289082 0.076840 0.086654 -0.093200 -0.027257 0.298461 0.212863 0.184786 0.033330 -0.124755 -0.137132 -0.496769 0.285351 -0.228497 0.218470 -0.048145 0.150926 0.307152 0.547371 -0.310660 0.209480 -0.052421 -0.065121 0.366560 0.045026 0.240816 -0.042622 -0.001112 0.187273 0.030718 0.162700 0.039897 0.027632 0.228583 0.203457 -0.267340 -0.389385 0.107379 -0.119172 0.057722 -0.237212 0.193157 -0.075101 0.094832 -0.235651 -0.242834 -0.478952 -0.334081 -0.446658 -0.273413 -0.297037 0.201524 -0.359894 -0.271986 -0.220008 -0.278902 -0.045654
