1.000000 0.212745 0.032445 -0.035220 0.138295 0.260460 0.370801 0.312438 0.110835 0.254491 0.524711 0.101557 0.395999 0.205659 0.207347 0.114924 -0.220885 -0.279161 0.184428 -0.079431 0.095995 0.064444 0.020606 0.140592 -0.063510 -0.041877 0.199906 0.278572 -0.401207 -0.307221 -0.213886 -0.400724 -0.267876 -0.318756 -0.332248 -0.014715 -0.340472 -0.373211 -0.174039 -0.234709 -0.275534 -0.320119 -0.185548 -0.179934 0.014383 -0.086799 -0.248004 -0.216982 0.343151 0.172822 0.073112 0.202004 0.177357 -0.067505 0.112228 0.029889 0.232604 0.034473 0.456058 0.227446 0.434829 0.548646 0.036209 -0.098633 0.141048 0.365897 0.059397 0.029889 0.108981 0.189997 0.010057 0.060228 -0.352349 -0.192780 0.004531 -0.136846 -0.203880 -0.051156 -0.431278 -0.441835 -0.359438 -0.491971 0.225306 -0.281590 0.109859 -0.180902 0.314030 0.231831 0.494633 0.293072 -0.101928 0.084570 0.064574 0.111621 -0.133024 -0.128372 -0.086463 -0.346977 -0.225117 -0.165401 -0.167442 -0.141539 -0.258752 -0.204263 -0.387694 -0.541583 0.119088 -0.235306 -0.116253 -0.164354 -0.294357 -0.101449 -0.065429 -0.495805 -0.104305 -0.255051
0.212745 1.000000 -0.633586 -0.050934 -0.376689 -0.132554 -0.333859 0.097913 -0.319007 -0.186007 0.063551 0.419695 0.027414 0.057628 -0.290610 -0.294888 0.112094 0.256088 -0.085999 0.389317 0.012637 -0.160739 -0.349059 -0.149407 -0.222212 -0.393116 -0.126783 -0.085689 -0.201886 -0.145962 -0.311241 -0.325404 0.093949 -0.021448 -0.238897 0.038037 -0.250279 -0.154236 -0.178014 -0.010985 -0.374574 -0.070811 -0.162834 -0.103948 0.116290 0.096048 -0.100598 0.040648 -0.108439 0.071033 -0.182909 0.414089 0.168558 0.172808 -0.226444 -0.310809 0.486190 0.553660 -0.264596 -0.138101 -0.104491 0.363447 -0.001432 0.482099 -0.161226 0.049787 -0.183763 0.168012 0.470275 0.318040 0.028734 0.104054 -0.105938 0.196533 0.022803 0.015921 0.115831 0.213305 0.051718 0.065937 0.242474 -0.002570 -0.165738 -0.314510 -0.159546 0.054382 -0.106404 -0.158198 0.024053 0.010017 0.409566 -0.058734 0.146690 -0.191215 -0.228861 -0.173372 -0.336133 -0.281546 -0.011765 0.174539 -0.199387 -0.279814 0.054560 0.066062 -0.034907 -0.326077 -0.108706 -0.089453 -0.324693 -0.128509 0.077966 0.212915 0.108508 -0.063737 -0.240409 -0.389461
0.032445 -0.633586 1.000000 0.066000 0.571269 0.139796 0.642294 0.129271 0.478754 0.364346 0.209908 -0.306987 0.253856 0.120435 0.341306 0.353098 -0.195775 -0.259270 0.167496 -0.179352 -0.178342 -0.037827 0.384873 0.145416 0.205074 0.151089 0.081030 -0.057565 0.173457 0.101239 0.266023 0.230521 -0.068499 0.187673 -0.014471 -0.053715 0.058532 -0.132053 -0.105954 -0.332968 0.148140 -0.174510 0.033282 0.078172 -0.036673 -0.021671 -0.201939 -0.283285 0.240867 -0.049908 0.226339 -0.275789 -0.069769 -0.394399 0.222762 0.106767 -0.574685 -0.512216 0.561908 0.303772 0.435214 -0.080549 0.048949 -0.277113 0.171903 -0.126916 0.422844 -0.014152 -0.443807 -0.075359 -0.247413 -0.189771 0.016624 -0.267971 -0.057117 -0.172849 -0.319963 -0.362636 -0.269392 -0.198703 -0.314490 -0.103994 0.346232 0.297453 0.075119 -0.206290 0.226799 0.287579 0.133396 0.046496 -0.553671 0.044716 -0.468309 0.013921 0.246319 0.002292 0.004649 0.056590 -0.208165 -0.397358 0.111185 0.160461 -0.134421 -0.148245 -0.233138 -0.007840 0.088228 -0.057148 0.307642 -0.056955 -0.224829 -0.224292 0.018812 -0.059346 0.100809 0.190178
-0.035220 -0.050934 0.066000 1.000000 -0.004046 0.059958 -0.128052 0.229925 0.155529 0.086767 -0.133512 0.112382 -0.276205 0.126642 0.251280 0.171987 -0.048498 -0.083142 0.315951 -0.021737 0.323739 0.182772 0.137462 0.269614 -0.031459 0.027532 0.092072 0.262162 -0.079436 0.061482 0.173268 -0.060367 -0.234745 -0.359636 0.171098 -0.031150 -0.148472 0.015487 0.018599 0.168629 0.238876 0.280149 0.012119 -0.084833 -0.334563 -0.139264 -0.072965 -0.206424 -0.224812 0.038632 -0.148743 0.128882 0.018212 0.029789 0.109899 0.053472 -0.283377 -0.121292 -0.041840 0.126248 -0.242086 -0.096580 -0.112681 -0.158656 0.048930 0.306098 -0.250355 -0.259108 0.008534 -0.154295 0.036002 0.207734 -0.087425 0.161074 0.179816 -0.135746 -0.152375 0.113838 -0.148218 0.038556 -0.228430 -0.110177 0.184435 0.146143 -0.092092 0.213968 0.435118 0.306384 0.070690 0.244877 -0.064816 -0.354905 0.283817 -0.234008 0.140205 0.074149 0.005649 0.096284 -0.108864 -0.139028 0.091148 -0.174856 0.083890 -0.115622 -0.017893 0.046272 0.423827 -0.081672 0.219402 0.058771 -0.316849 -0.042017 -0.016524 -0.061482 0.409451 0.170605
0.138295 -0.376689 0.571269 -0.004046 1.000000 0.664024 0.428541 0.140896 0.886481 0.795170 0.135678 -0.212239 0.038567 0.343285 0.722192 0.795764 -0.433531 -0.577135 0.244135 -0.043042 -0.034403 0.142397 0.315802 0.003358 0.512085 0.239131 0.508221 0.305282 0.008350 -0.069720 0.169084 -0.051972 -0.256604 -0.052056 -0.201391 -0.252853 0.109801 -0.345744 -0.127379 -0.394560 0.121819 -0.333040 -0.159264 -0.370598 0.160614 0.039745 -0.432526 -0.551400 0.380403 0.161081 0.085104 -0.296158 0.035291 -0.526262 0.240978 -0.019984 -0.530903 -0.372441 0.698333 0.573574 0.381084 0.076492 -0.166702 -0.479057 0.078880 0.000428 0.425084 0.057098 -0.076053 0.060654 -0.601683 -0.507541 -0.299903 -0.694896 -0.363239 -0.514716 -0.645908 -0.640547 -0.457684 -0.572462 -0.436396 -0.449102 0.469851 0.470688 0.004804 -0.186370 0.335978 0.487266 0.374648 0.244638 -0.329051 -0.126783 -0.224280 -0.059820 0.089823 -0.026689 -0.186643 -0.140425 -0.426008 -0.481501 -0.000179 -0.005814 -0.047124 0.075793 -0.091788 -0.075438 0.117196 0.090951 0.263616 -0.312628 -0.389763 -0.391055 -0.043425 -0.377862 0.052055 0.289403
0.260460 -0.132554 0.139796 0.059958 0.664024 1.000000 0.097212 0.151416 0.629613 0.754389 -0.058672 -0.113737 -0.203166 0.209947 0.535419 0.732171 -0.411269 -0.634981 0.354345 0.135708 0.312001 0.433234 0.093264 -0.052546 0.602759 0.297363 0.830630 0.703847 -0.278725 -0.210694 -0.099580 -0.325027 -0.509819 -0.511163 -0.374915 -0.338588 0.017804 -0.312316 0.045016 -0.114001 0.212990 -0.232019 -0.296566 -0.532211 0.188874 -0.000219 -0.446938 -0.438518 0.395002 0.342787 -0.006362 -0.025984 0.055499 -0.459863 0.356742 0.105746 -0.223250 -0.081982 0.429506 0.608130 -0.023971 0.053158 -0.417898 -0.610017 -0.169604 0.141478 0.295025 0.161650 0.254768 0.229679 -0.433642 -0.432519 -0.516396 -0.650407 -0.475229 -0.520841 -0.684491 -0.477222 -0.401209 -0.580605 -0.386438 -0.531366 0.536420 0.282408 -0.110782 -0.102779 0.428638 0.492440 0.607584 0.499910 -0.032344 -0.336567 0.059310 -0.232016 0.071418 0.061258 -0.019193 -0.076731 -0.399359 -0.374450 -0.097587 -0.151983 0.004376 0.289724 -0.052492 -0.190592 0.190498 -0.042629 0.004380 -0.220534 -0.350332 -0.303523 -0.055404 -0.464374 0.108569 0.264832
0.370801 -0.333859 0.642294 -0.128052 0.428541 0.097212 1.000000 0.488158 0.202921 0.270170 0.553176 0.068955 0.671819 0.381420 0.243676 0.176936 -0.234931 -0.115421 -0.028985 -0.276455 -0.200532 -0.232646 0.280132 0.334362 -0.044185 -0.026953 -0.047940 -0.107379 0.130594 0.105209 0.048928 0.041190 0.099881 0.162438 -0.362868 -0.170391 -0.168624 -0.226729 -0.217383 -0.455011 0.043450 -0.329423 -0.018611 -0.011805 -0.042411 -0.035780 -0.235427 -0.210846 0.383461 0.030983 0.185083 -0.154542 0.034231 -0.265382 0.050601 0.049573 -0.541561 -0.543889 0.479960 0.021826 0.703035 0.234024 0.057086 -0.153999 0.348634 0.170191 0.081173 -0.154915 -0.481016 -0.091148 -0.263597 -0.284381 -0.008500 -0.108292 0.052273 0.005646 -0.303335 -0.414424 -0.447184 -0.391308 -0.334811 -0.163591 0.216352 0.030794 0.129841 -0.219979 0.189972 0.107197 0.133760 -0.111485 -0.298611 0.291497 -0.080693 0.089408 0.058529 0.089497 -0.064159 -0.106127 -0.207769 -0.280592 0.050633 0.021168 -0.228622 -0.286792 -0.316200 -0.215422 -0.170549 -0.222102 0.184323 0.000799 -0.202652 -0.103096 0.002785 -0.246468 -0.091470 -0.027654
0.312438 0.097913 0.129271 0.229925 0.140896 0.151416 0.488158 1.000000 0.032246 0.227113 0.183265 0.383058 0.478482 0.475459 0.150926 0.106175 -0.182974 0.013614 -0.239900 -0.348605 -0.063017 0.026412 -0.135315 0.302302 -0.054880 -0.076856 -0.024711 0.137070 -0.093834 0.116544 -0.017352 -0.317004 -0.212528 -0.319838 -0.550859 -0.136310 -0.141261 -0.040067 -0.045255 -0.022359 0.038974 -0.122076 -0.126545 -0.139581 -0.171095 -0.144235 -0.073650 -0.080154 0.339602 0.183790 0.007207 0.258432 0.257707 -0.104465 0.127848 0.095197 -0.285194 -0.438843 0.134903 0.037506 0.379950 0.495439 -0.052429 0.009048 0.132152 0.400666 -0.217549 -0.270685 -0.352190 -0.143017 -0.337198 -0.056717 -0.178836 0.016892 -0.074007 -0.163392 -0.286999 -0.085594 -0.272121 -0.395624 -0.319280 -0.195737 0.116346 -0.046349 -0.093879 -0.003258 0.265604 0.099869 0.154690 0.029956 0.190777 0.003808 0.377105 -0.301043 0.033777 -0.021784 0.047147 -0.033621 -0.034917 0.004436 0.153142 -0.257922 0.072245 -0.163824 -0.050215 -0.166701 0.057874 -0.191244 -0.079329 -0.072603 -0.107562 0.074465 0.063865 -0.266855 -0.065804 -0.021512
0.110835 -0.319007 0.478754 0.155529 0.886481 0.629613 0.202921 0.032246 1.000000 0.828931 0.021415 -0.223532 -0.089471 0.290634 0.808334 0.855520 -0.356803 -0.589688 0.407533 0.090746 -0.022060 0.191750 0.261882 -0.116309 0.422942 0.151861 0.506302 0.269066 -0.086176 -0.135846 0.048631 -0.227504 -0.350046 -0.192651 -0.131070 -0.253466 0.140154 -0.289722 -0.163775 -0.304991 0.144361 -0.198065 -0.291404 -0.403616 0.102823 -0.008039 -0.402991 -0.597273 0.298593 0.245363 0.049812 -0.224172 -0.041197 -0.445761 0.234888 -0.016730 -0.401747 -0.239251 0.673292 0.646065 0.160191 0.021601 -0.283568 -0.577604 -0.033208 0.045175 0.394468 0.052913 0.103585 0.131422 -0.554403 -0.461579 -0.317839 -0.702704 -0.350435 -0.558120 -0.579633 -0.560769 -0.340608 -0.493806 -0.358234 -0.478653 0.511922 0.565372 0.020049 -0.030494 0.423268 0.627746 0.430339 0.406626 -0.233367 -0.213442 -0.246634 -0.150131 0.117921 -0.121068 -0.254496 -0.145893 -0.382688 -0.429148 -0.099766 -0.053140 0.062815 0.168337 -0.046342 -0.065779 0.298604 0.168707 0.253811 -0.322858 -0.488203 -0.398711 -0.040268 -0.407689 0.221810 0.366853
0.254491 -0.186007 0.364346 0.086767 0.795170 0.754389 0.270170 0.227113 0.828931 1.000000 0.168894 0.008365 -0.014825 0.480446 0.718789 0.908323 -0.420995 -0.523944 0.324409 0.064639 0.023351 0.226894 0.199364 -0.101020 0.353079 0.083747 0.498592 0.327032 -0.072339 -0.078361 0.041115 -0.250644 -0.343647 -0.351375 -0.378079 -0.400328 -0.033774 -0.345363 -0.230814 -0.383259 0.205721 -0.291566 -0.367064 -0.563351 0.138980 0.014248 -0.543214 -0.676206 0.425711 0.354688 -0.062019 -0.185149 -0.043117 -0.504423 0.149970 -0.023661 -0.363022 -0.255746 0.629311 0.679853 0.196559 0.184698 -0.348489 -0.589373 -0.008151 0.136720 0.276237 0.015698 0.140603 0.145228 -0.537707 -0.463351 -0.366719 -0.684721 -0.387041 -0.526811 -0.627650 -0.566373 -0.389476 -0.612440 -0.384044 -0.510459 0.486394 0.536744 -0.163329 -0.135962 0.463391 0.641026 0.468449 0.412369 -0.121052 -0.202738 -0.092500 -0.272339 0.034937 0.002747 -0.295065 -0.258123 -0.468138 -0.438192 -0.089276 -0.241386 0.077936 0.118866 0.020585 -0.148403 0.254456 0.031111 0.112310 -0.242142 -0.587710 -0.368453 0.033805 -0.450530 0.062741 0.258431
0.524711 0.063551 0.209908 -0.133512 0.135678 -0.058672 0.553176 0.183265 0.021415 0.168894 1.000000 0.203139 0.637627 0.341343 0.144528 -0.022552 0.090099 -0.086185 0.054423 -0.026583 -0.155026 -0.325347 0.287917 0.293662 -0.162577 -0.028252 -0.159779 -0.110093 -0.014497 -0.133430 0.034636 0.022128 0.260785 0.214536 -0.200740 -0.058318 -0.396819 -0.456950 -0.480917 -0.560304 -0.390003 -0.436474 -0.106197 -0.116910 -0.012264 -0.000375 -0.255751 -0.239428 0.357617 0.110385 0.199778 0.052497 -0.005687 -0.134044 -0.378180 -0.419334 -0.113751 -0.047487 0.481354 0.014551 0.664367 0.289020 0.178890 -0.015579 0.491075 0.188384 0.138439 0.013859 -0.025032 0.106753 0.076353 0.059986 0.023167 -0.021221 0.293602 0.124704 0.109147 -0.121920 -0.410168 -0.247072 -0.219378 -0.264922 -0.099839 -0.335978 0.404513 -0.397893 -0.105594 -0.075531 0.073330 -0.233703 -0.136745 0.301444 -0.117402 0.114466 -0.265523 0.042107 -0.223683 -0.520420 -0.190883 -0.334432 -0.257507 -0.188284 -0.533866 -0.495753 -0.377016 -0.340539 -0.227758 -0.301210 -0.015693 0.048686 -0.255175 -0.055084 -0.078805 -0.227110 -0.315383 -0.382004
0.101557 0.419695 -0.306987 0.112382 -0.212239 -0.113737 0.068955 0.383058 -0.223532 0.008365 0.203139 1.000000 0.344668 0.705357 -0.032803 -0.013948 0.037311 0.388052 -0.410787 -0.248124 -0.173572 -0.310179 -0.160569 0.355281 -0.430096 -0.291547 -0.333509 -0.082500 -0.044460 0.257427 0.011986 -0.073334 0.143761 -0.152326 -0.234364 0.021490 -0.261912 0.222076 -0.008190 0.085251 -0.008976 -0.010180 -0.134553 -0.148845 -0.279446 -0.048562 -0.110844 -0.011036 0.080573 0.099550 -0.270667 0.155636 0.101880 0.037574 -0.182146 -0.094478 -0.050159 -0.013238 -0.109081 -0.141037 0.034616 0.409997 -0.163967 0.069102 0.026661 0.504801 -0.411526 -0.176891 -0.045124 -0.242513 -0.102479 0.134140 -0.097778 0.177492 -0.106679 0.143382 -0.088190 0.174444 0.031883 -0.083816 -0.164906 -0.120104 -0.194368 -0.070495 -0.263397 0.140350 0.107668 0.016318 -0.216574 -0.099938 0.347890 0.061133 0.471693 -0.323254 -0.199906 0.164706 -0.139247 -0.192724 -0.066285 -0.011057 -0.043534 -0.400785 0.087683 -0.164769 0.118172 0.012452 -0.048643 -0.182619 -0.180170 -0.089538 -0.079473 0.064783 -0.057018 -0.008774 0.135945 -0.204614
0.395999 0.027414 0.253856 -0.276205 0.038567 -0.203166 0.671819 0.478482 -0.089471 -0.014825 0.637627 0.344668 1.000000 0.434831 0.018135 -0.121484 0.046370 0.206890 -0.337307 -0.307693 -0.448007 -0.386060 -0.103354 0.196122 -0.345115 -0.161955 -0.347047 -0.275568 0.117929 0.207230 0.002639 0.000492 0.255321 0.238090 -0.430301 -0.015174 -0.183562 -0.076849 -0.231015 -0.298481 -0.216575 -0.309570 0.011011 0.073529 -0.123544 -0.141254 -0.039569 0.010161 0.403010 -0.000494 0.185913 0.066683 0.122993 -0.094981 -0.156029 -0.123898 -0.141417 -0.230402 0.304321 -0.149878 0.696635 0.411976 0.165878 0.191199 0.210402 0.156584 -0.035924 -0.230945 -0.420774 -0.126818 -0.076569 -0.034072 0.214754 0.144683 0.257724 0.305957 0.069155 -0.056852 -0.194154 -0.236823 -0.116305 -0.001058 -0.093149 -0.149246 0.161170 -0.187245 -0.142656 -0.139792 -0.101243 -0.303463 -0.018044 0.319381 -0.072687 -0.033782 -0.063067 0.068874 0.027350 -0.194351 0.073811 -0.022902 -0.102244 -0.124088 -0.236785 -0.497718 -0.178426 -0.211678 -0.259405 -0.194729 -0.008793 -0.041927 -0.058323 0.076427 0.015840 -0.088748 -0.076227 -0.194159
0.205659 0.057628 0.120435 0.126642 0.343285 0.209947 0.381420 0.475459 0.290634 0.480446 0.341343 0.705357 0.434831 1.000000 0.429757 0.443812 -0.266082 -0.005993 -0.144085 -0.350286 -0.320346 -0.339699 0.167317 0.338275 -0.253845 -0.178682 -0.101352 0.016233 -0.009408 0.162395 0.243860 -0.091008 -0.007571 -0.194144 -0.323326 -0.256257 -0.272653 0.001630 -0.208433 -0.289613 0.069816 -0.324272 -0.275346 -0.347788 -0.322234 -0.259997 -0.359615 -0.384647 0.315143 0.065776 -0.166875 -0.035867 0.012779 -0.312204 -0.066635 -0.097499 -0.361310 -0.326313 0.327613 0.215629 0.294496 0.388842 -0.190742 -0.217607 0.169576 0.446820 -0.164249 -0.258828 -0.123737 -0.158941 -0.439423 -0.275416 -0.228588 -0.251997 -0.118405 -0.093436 -0.393647 -0.286659 -0.264260 -0.408110 -0.473956 -0.380248 0.061585 0.168194 -0.154937 -0.051669 0.350802 0.340424 -0.038205 0.023456 0.126159 0.073262 0.299202 -0.287789 -0.035700 0.213096 -0.194227 -0.169099 -0.143329 -0.079635 0.105853 -0.200426 0.080337 -0.146156 0.118922 -0.020918 0.025986 -0.212475 0.171175 -0.013445 -0.345097 0.046972 -0.002048 -0.087663 0.151227 0.029661
0.207347 -0.290610 0.341306 0.251280 0.722192 0.535419 0.243676 0.150926 0.808334 0.718789 0.144528 -0.032803 0.018135 0.429757 1.000000 0.818235 -0.263643 -0.464496 0.348683 -0.085297 -0.101549 -0.002294 0.486322 0.143275 0.197601 -0.031113 0.353259 0.304279 -0.032327 -0.085710 0.139235 -0.331398 -0.345879 -0.360928 -0.166249 -0.241675 0.078005 -0.120735 0.012758 -0.151762 0.176054 -0.108758 -0.368614 -0.513905 -0.172163 -0.240051 -0.356882 -0.566357 0.243263 0.105945 0.038995 -0.275291 -0.114509 -0.381667 0.193786 0.023160 -0.453709 -0.220434 0.531728 0.457871 0.185606 -0.031607 -0.093025 -0.604708 0.201891 0.218174 0.074774 -0.227915 -0.025944 -0.094285 -0.525179 -0.383567 -0.282016 -0.583324 -0.250871 -0.486352 -0.474259 -0.441910 -0.314504 -0.485065 -0.418782 -0.433096 0.518492 0.536609 0.199323 0.137874 0.482853 0.619259 0.369503 0.383954 -0.208835 -0.204594 0.016667 -0.066245 0.184289 0.072195 -0.160729 -0.160779 -0.345532 -0.374715 -0.017362 -0.012706 0.031395 -0.027677 0.035992 0.113443 0.339931 0.085944 0.299402 -0.141771 -0.510088 -0.317804 -0.113785 -0.324350 0.272327 0.266047
0.114924 -0.294888 0.353098 0.171987 0.795764 0.732171 0.176936 0.106175 0.855520 0.908323 -0.022552 -0.013948 -0.121484 0.443812 0.818235 1.000000 -0.426314 -0.472089 0.314648 -0.008998 0.035306 0.211321 0.204498 -0.108842 0.368700 0.036727 0.519718 0.345943 0.023614 0.043911 0.082882 -0.208022 -0.386926 -0.399670 -0.253286 -0.363049 0.163458 -0.118465 0.024081 -0.200647 0.364810 -0.131005 -0.270221 -0.532516 0.113480 -0.034568 -0.419785 -0.662129 0.371515 0.295105 -0.110970 -0.294110 -0.024804 -0.528653 0.342538 0.166598 -0.437741 -0.263788 0.499775 0.655018 0.047674 -0.003356 -0.294407 -0.654609 -0.146297 0.063653 0.153911 -0.136564 0.059777 -0.032331 -0.560760 -0.469524 -0.291888 -0.648858 -0.431604 -0.522177 -0.648995 -0.540442 -0.292789 -0.518466 -0.364379 -0.451592 0.582252 0.699578 -0.126338 0.056216 0.542325 0.728202 0.427270 0.485259 -0.171750 -0.350653 0.000957 -0.224805 0.169116 0.098826 -0.169763 -0.088763 -0.394928 -0.397697 0.030977 -0.156409 0.172220 0.119160 0.136022 0.039888 0.336534 0.121376 0.226723 -0.231257 -0.562990 -0.380315 0.020561 -0.352173 0.247545 0.398388
-0.220885 0.112094 -0.195775 -0.048498 -0.433531 -0.411269 -0.234931 -0.182974 -0.356803 -0.420995 0.090099 0.037311 0.046370 -0.266082 -0.263643 -0.426314 1.000000 0.466300 -0.185010 0.123579 -0.220901 -0.181944 0.030439 0.035475 -0.135945 -0.056489 -0.441851 -0.396881 0.299056 0.055771 -0.180561 0.053797 0.241059 0.275860 0.124655 0.299378 0.270443 0.114642 -0.001930 0.138115 -0.109753 0.299364 -0.005694 0.160374 -0.081224 -0.055440 0.414245 0.384996 -0.034273 -0.117280 0.156064 -0.009747 0.219052 0.288909 -0.399068 -0.418963 0.359991 0.469963 -0.256670 -0.419919 -0.019065 -0.134935 0.402789 0.327629 0.081719 -0.137821 -0.165706 -0.108032 -0.022590 -0.102546 0.374953 0.404087 0.435151 0.365494 0.323619 0.325765 0.650517 0.339335 0.510440 0.503364 0.599594 0.492870 -0.447526 -0.154515 0.345236 -0.152822 -0.543825 -0.543251 -0.413515 -0.431725 0.148842 0.022224 -0.081005 -0.041750 -0.302434 -0.348329 -0.001478 -0.265036 0.130609 -0.025548 -0.130431 0.065394 0.041183 -0.126666 -0.006179 0.110011 -0.039525 0.286729 -0.355152 -0.017135 0.255472 0.101269 -0.122000 0.110161 -0.132617 -0.166484
-0.279161 0.256088 -0.259270 -0.083142 -0.577135 -0.634981 -0.115421 0.013614 -0.589688 -0.523944 -0.086185 0.388052 0.206890 -0.005993 -0.464496 -0.472089 0.466300 1.000000 -0.513437 -0.143496 -0.265106 -0.376111 -0.284867 0.024805 -0.508965 -0.437637 -0.608155 -0.554771 0.413502 0.552272 -0.016050 0.233926 0.422132 0.272039 0.176495 0.377651 0.310215 0.536540 0.179379 0.247652 0.208028 0.438141 0.057199 0.195986 -0.254281 -0.213249 0.379882 0.351744 -0.183562 -0.342255 -0.216841 -0.049800 0.123751 0.268761 -0.178880 0.025417 0.110190 0.188605 -0.558323 -0.546761 0.009624 0.037592 0.218766 0.600186 -0.094427 -0.165983 -0.478201 -0.309222 -0.208542 -0.296576 0.296347 0.381071 0.560340 0.635351 0.270720 0.519675 0.536232 0.508682 0.529783 0.648006 0.469549 0.628669 -0.392347 -0.033597 -0.217292 -0.053715 -0.358593 -0.422375 -0.533956 -0.370605 0.182996 -0.025042 0.150295 -0.168992 -0.089922 0.004370 0.090222 0.024609 0.162980 0.198492 0.015483 -0.188998 0.151537 -0.296652 0.203736 0.188247 -0.116586 0.035111 -0.271299 0.036682 0.294187 0.142615 0.094997 0.411751 0.012088 -0.188936
0.184428 -0.085999 0.167496 0.315951 0.244135 0.354345 -0.028985 -0.239900 0.407533 0.324409 0.054423 -0.410787 -0.337307 -0.144085 0.348683 0.314648 -0.185010 -0.513437 1.000000 0.584263 0.309891 0.141047 0.297355 -0.176403 0.319194 0.075201 0.472108 0.217572 -0.307639 -0.498248 -0.125180 -0.230216 -0.311134 -0.257681 -0.016289 -0.259021 -0.112980 -0.377049 -0.271873 -0.221069 -0.005038 -0.193603 -0.259113 -0.179455 0.048892 -0.025237 -0.365225 -0.411488 -0.108452 0.062002 -0.008621 -0.114087 -0.249723 -0.152718 0.133310 0.046556 -0.094082 0.026360 0.326367 0.374962 -0.130703 -0.161974 -0.291125 -0.445262 0.050248 -0.063337 0.187983 0.112614 0.461516 0.462737 -0.087159 -0.204662 -0.324619 -0.317322 0.077604 -0.341575 -0.281677 -0.382072 -0.355846 -0.158263 -0.160131 -0.273203 0.456409 0.045676 0.197923 0.012401 0.441753 0.436863 0.524570 0.499168 -0.199168 -0.092342 -0.230719 -0.049033 0.088415 -0.029057 -0.267981 -0.029114 -0.293899 -0.248185 -0.022187 0.117598 -0.048437 0.167173 -0.312946 -0.275948 0.236017 0.000687 0.209161 0.110344 -0.485854 -0.093255 0.054512 -0.231130 0.001981 0.164674
-0.079431 0.389317 -0.179352 -0.021737 -0.043042 0.135708 -0.276455 -0.348605 0.090746 0.064639 -0.026583 -0.248124 -0.307693 -0.350286 -0.085297 -0.008998 0.123579 -0.143496 0.584263 1.000000 0.185104 0.067484 0.019165 -0.285655 0.279215 -0.083261 0.251636 -0.076636 -0.082609 -0.349238 -0.387417 -0.126731 0.080432 0.131782 -0.138203 -0.209649 0.006560 -0.345933 -0.303017 -0.183165 -0.047924 -0.156023 -0.174596 -0.125554 0.310361 0.174775 -0.227523 -0.188279 -0.110661 0.093478 -0.077495 -0.000370 -0.123084 0.045189 -0.195064 -0.260893 0.169592 0.293533 -0.053954 -0.005603 -0.206806 -0.174387 -0.168657 0.029611 -0.247603 -0.392782 0.130047 0.290485 0.658830 0.642634 0.029793 -0.169144 -0.050789 -0.100662 0.132560 -0.182183 0.077941 -0.177190 -0.054002 0.145408 0.364143 0.078247 0.154110 -0.002993 0.050410 -0.008642 -0.028207 -0.025722 0.216354 0.134043 0.161227 -0.068227 -0.262901 -0.079876 -0.188512 -0.146584 -0.444086 -0.144122 -0.219815 -0.191815 -0.214511 0.074186 -0.076359 0.297350 -0.313876 -0.334726 -0.174598 -0.070785 -0.115783 -0.009424 -0.157025 -0.091331 0.109851 -0.087645 -0.157758 -0.055094
0.095995 0.012637 -0.178342 0.323739 -0.034403 0.312001 -0.200532 -0.063017 -0.022060 0.023351 -0.155026 -0.173572 -0.448007 -0.320346 -0.101549 0.035306 -0.220901 -0.265106 0.309891 0.185104 1.000000 0.615090 -0.168118 -0.064901 0.268613 0.166037 0.550743 0.482469 -0.320694 -0.094633 -0.190650 -0.159548 -0.319519 -0.350227 0.057526 0.008779 -0.045374 -0.165903 0.139998 0.194529 0.105378 0.141049 0.082783 -0.109501 0.166202 0.237558 -0.066947 -0.024365 -0.190739 0.153941 -0.120161 0.124293 0.021815 0.036765 0.331161 0.309820 -0.035202 0.075061 -0.074436 0.252665 -0.301254 -0.089130 -0.204888 -0.166154 -0.168859 0.015518 0.057638 0.171105 0.226406 0.177593 0.216889 0.130732 -0.198081 -0.007827 -0.132732 -0.142374 -0.205460 0.106244 -0.298898 -0.064640 -0.180530 -0.213456 0.316124 -0.097564 -0.131267 -0.024713 0.298902 0.140794 0.455148 0.389315 -0.050735 -0.215999 0.168470 0.036037 0.059006 0.054863 0.146821 0.088470 -0.230830 -0.240984 -0.024001 -0.167185 -0.087978 0.176933 -0.145848 -0.081698 0.150567 -0.115703 -0.022440 0.009495 -0.011605 -0.233925 0.058988 -0.118573 0.020148 0.083112
0.064444 -0.160739 -0.037827 0.182772 0.142397 0.433234 -0.232646 0.026412 0.191750 0.226894 -0.325347 -0.310179 -0.386060 -0.339699 -0.002294 0.211321 -0.181944 -0.376111 0.141047 0.067484 0.615090 1.000000 -0.224669 -0.238236 0.467910 0.394509 0.550485 0.545489 -0.282520 -0.079793 -0.197260 -0.151611 -0.508957 -0.410149 -0.034705 0.000798 0.065018 -0.091290 0.243772 0.308583 0.096751 0.052134 0.193721 -0.009061 0.356577 0.361291 0.023905 0.039926 0.026623 0.329803 -0.028562 0.042118 0.009055 -0.055905 0.321907 0.222219 0.084802 -0.050646 0.074228 0.346418 -0.265713 0.042863 -0.305830 -0.254366 -0.248075 0.055805 0.205459 0.257322 0.069696 0.095098 0.158809 0.102613 -0.219713 -0.223242 -0.343446 -0.302167 -0.324798 0.022808 -0.126397 -0.192554 -0.136746 -0.209091 0.288836 0.108107 -0.290051 -0.001130 0.179613 0.164424 0.397364 0.364166 -0.108770 -0.359100 -0.014636 -0.120575 0.022351 -0.051436 0.122957 0.101846 -0.215923 -0.241074 -0.098015 -0.176548 0.019178 0.264829 -0.037777 -0.105507 0.182902 0.035072 -0.137622 -0.191808 0.025477 -0.286521 -0.078345 -0.311577 0.001464 0.112151
0.020606 -0.349059 0.384873 0.137462 0.315802 0.093264 0.280132 -0.135315 0.261882 0.199364 0.287917 -0.160569 -0.103354 0.167317 0.486322 0.204498 0.030439 -0.284867 0.297355 0.019165 -0.168118 -0.224669 1.000000 0.516333 0.048261 0.043263 0.053958 0.052837 0.131121 -0.209820 0.340357 0.123870 -0.010997 0.070647 0.254975 -0.150408 -0.191778 -0.191010 -0.139658 -0.319096 0.017505 -0.171482 -0.214893 -0.210772 -0.248760 -0.143940 -0.287181 -0.271870 -0.071003 -0.165083 0.143259 -0.340573 -0.280888 -0.101796 -0.209242 -0.222510 -0.403023 -0.199719 0.301659 -0.002612 0.207729 -0.241030 0.233295 -0.310704 0.617821 0.080927 0.096896 -0.018056 -0.094791 0.015869 -0.130785 -0.212261 -0.120345 -0.369044 0.040479 -0.288647 -0.099422 -0.310445 -0.209217 -0.135840 -0.222135 -0.114128 0.161838 0.069979 0.401997 -0.043530 0.154534 0.091194 0.005168 -0.036196 -0.288086 0.087647 -0.118564 0.225050 0.036718 0.083577 -0.233569 -0.172344 -0.334774 -0.338319 -0.004665 0.352909 -0.184604 -0.000781 -0.127126 0.141417 0.000264 -0.161793 0.284881 0.220093 -0.182808 -0.101756 -0.267896 -0.018534 -0.003765 0.006540
0.140592 -0.149407 0.145416 0.269614 0.003358 -0.052546 0.334362 0.302302 -0.116309 -0.101020 0.293662 0.355281 0.196122 0.338275 0.143275 -0.108842 0.035475 0.024805 -0.176403 -0.285655 -0.064901 -0.238236 0.516333 1.000000 -0.085563 0.202198 -0.133191 0.152788 -0.031686 0.055386 0.187721 0.190818 0.076840 0.005873 0.074024 0.101969 -0.325935 0.004646 0.066297 0.008114 0.076982 0.027464 -0.098843 -0.017894 -0.299214 -0.059017 -0.112563 0.048605 0.098309 -0.023708 0.134547 0.083506 0.047939 0.108625 -0.150485 -0.131481 -0.354821 -0.316449 0.115716 -0.248311 0.226968 -0.049778 0.218238 -0.096476 0.414720 0.425717 -0.115899 0.021885 -0.245756 -0.139738 0.038503 0.124943 -0.147998 -0.052530 0.033812 -0.094548 -0.047588 0.117403 -0.295452 -0.102996 -0.316463 -0.190189 -0.091300 -0.174864 0.111306 -0.067647 0.193646 -0.025431 -0.192706 -0.179682 -0.056407 0.145693 0.248902 0.001312 -0.255046 0.024802 0.012404 -0.204802 -0.271943 -0.294795 0.012168 -0.056209 -0.361772 -0.074680 -0.296951 0.055391 -0.061833 -0.286954 -0.063489 0.092593 0.054721 -0.206921 -0.489573 -0.148111 0.248974 -0.097035
-0.063510 -0.222212 0.205074 -0.031459 0.512085 0.602759 -0.044185 -0.054880 0.422942 0.353079 -0.162577 -0.430096 -0.345115 -0.253845 0.197601 0.368700 -0.135945 -0.508965 0.319194 0.279215 0.268613 0.467910 0.048261 -0.085563 1.000000 0.651109 0.627242 0.403653 -0.149232 -0.306806 -0.230261 0.006526 -0.353585 -0.115569 -0.082395 -0.119955 0.308639 -0.238317 -0.010624 -0.070618 0.193667 -0.124725 0.096238 -0.053647 0.523394 0.310226 -0.073866 -0.168252 0.371769 0.261179 0.231652 -0.000666 0.098749 -0.268012 0.198929 -0.003514 -0.160645 -0.079173 0.234259 0.288965 -0.032352 -0.198529 -0.106082 -0.250793 -0.169289 -0.187828 0.382746 0.310463 0.247378 0.226478 -0.147477 -0.271055 -0.275276 -0.469811 -0.295255 -0.491931 -0.429105 -0.365177 -0.250054 -0.295588 -0.009995 -0.169243 0.237665 0.131457 0.064071 -0.074013 -0.008288 0.074431 0.349625 0.200719 -0.141692 -0.255963 -0.231718 -0.105245 -0.213095 -0.177821 -0.102320 0.004226 -0.307254 -0.346386 0.012693 0.007639 -0.102435 0.263355 -0.222365 -0.172079 0.009463 0.152791 -0.049186 -0.261453 -0.120464 -0.349401 -0.093985 -0.313862 -0.145342 0.174469
-0.041877 -0.393116 0.151089 0.027532 0.239131 0.297363 -0.026953 -0.076856 0.151861 0.083747 -0.028252 -0.291547 -0.161955 -0.178682 -0.031113 0.036727 -0.056489 -0.437637 0.075201 -0.083261 0.166037 0.394509 0.043263 0.202198 0.651109 1.000000 0.288131 0.406292 -0.310479 -0.295462 -0.028105 0.235113 -0.143713 -0.005040 0.096873 0.090208 0.024465 -0.101564 -0.049138 0.027678 -0.001705 -0.027453 0.352709 0.316990 0.233458 0.224255 0.189140 0.245206 0.301136 0.236030 0.443660 0.213145 0.102176 0.087269 -0.143377 -0.165262 -0.055206 -0.187110 0.222672 0.036319 -0.099152 -0.156280 -0.101584 -0.181530 -0.011642 0.158216 0.354734 0.385988 0.059690 0.090239 0.179637 0.046913 -0.257948 -0.224778 -0.020374 -0.147252 -0.114245 -0.006477 -0.194848 -0.183879 -0.101144 -0.136234 -0.252078 -0.164082 0.063478 -0.232570 -0.205201 -0.141585 -0.070745 -0.155233 -0.029623 0.142113 -0.182895 -0.064077 -0.354763 -0.122553 0.151558 -0.041661 -0.063472 -0.227257 -0.079106 -0.050525 -0.373269 0.073057 -0.309303 -0.186560 -0.121963 0.013619 -0.153518 -0.060883 0.145064 -0.247749 -0.405531 -0.242653 0.009781 -0.013714
0.199906 -0.126783 0.081030 0.092072 0.508221 0.830630 -0.047940 -0.024711 0.506302 0.498592 -0.159779 -0.333509 -0.347047 -0.101352 0.353259 0.519718 -0.441851 -0.608155 0.472108 0.251636 0.550743 0.550485 0.053958 -0.133191 0.627242 0.288131 1.000000 0.709522 -0.362386 -0.285311 -0.125024 -0.287009 -0.601520 -0.494773 -0.136966 -0.190744 0.048825 -0.340798 0.088500 -0.017581 0.136510 -0.197053 -0.171621 -0.440367 0.216729 0.064368 -0.413077 -0.355592 0.168753 0.178767 -0.031936 -0.106713 0.009686 -0.414661 0.489086 0.266635 -0.173519 0.000743 0.329986 0.577703 -0.071030 -0.026228 -0.326524 -0.474090 -0.152349 -0.058650 0.363811 0.234651 0.336821 0.386436 -0.271497 -0.310179 -0.511398 -0.612790 -0.433830 -0.525832 -0.592394 -0.372995 -0.454039 -0.462583 -0.330142 -0.458861 0.639378 0.175623 -0.063373 -0.067599 0.414765 0.419203 0.722567 0.602436 -0.117649 -0.373318 -0.031661 -0.038988 0.141683 0.092357 0.055744 0.091720 -0.375328 -0.326317 -0.098005 -0.040663 0.009280 0.308909 -0.128130 -0.202804 0.208542 -0.080528 0.085601 -0.185320 -0.224791 -0.285433 0.025015 -0.349107 0.073218 0.270910
0.278572 -0.085689 -0.057565 0.262162 0.305282 0.703847 -0.107379 0.137070 0.269066 0.327032 -0.110093 -0.082500 -0.275568 0.016233 0.304279 0.345943 -0.396881 -0.554771 0.217572 -0.076636 0.482469 0.545489 0.052837 0.152788 0.403653 0.406292 0.709522 1.000000 -0.453661 -0.208974 0.099936 -0.249442 -0.495701 -0.551282 -0.071132 -0.054653 -0.151608 -0.094595 0.319177 0.245465 -0.110439 -0.065448 -0.008248 -0.180677 0.018095 0.000612 -0.162201 -0.013716 0.128554 0.271283 0.159721 0.199535 0.000094 -0.157771 0.377112 0.183604 -0.089528 -0.130114 0.191124 0.317540 -0.187051 -0.041550 -0.342706 -0.473514 -0.051548 0.325257 0.222293 0.243421 0.104041 0.099648 -0.152848 -0.030875 -0.543887 -0.387534 -0.419723 -0.428711 -0.421710 -0.049626 -0.359598 -0.377959 -0.482993 -0.467560 0.301755 -0.099148 -0.000417 0.122454 0.368575 0.325107 0.428623 0.360963 -0.124744 -0.328397 0.158086 -0.187032 0.228425 0.167518 0.355390 0.043886 -0.279152 -0.298622 -0.032314 -0.242990 -0.203842 0.079108 -0.141167 -0.164099 0.138732 -0.189428 -0.056905 -0.027018 0.035541 -0.275986 -0.333113 -0.398781 0.125571 0.029992
-0.401207 -0.201886 0.173457 -0.079436 0.008350 -0.278725 0.130594 -0.093834 -0.086176 -0.072339 -0.014497 -0.044460 0.117929 -0.009408 -0.032327 0.023614 0.299056 0.413502 -0.307639 -0.082609 -0.320694 -0.282520 0.131121 -0.031686 -0.149232 -0.310479 -0.362386 -0.453661 1.000000 0.638596 0.279936 0.513809 0.446580 0.505219 0.159029 -0.159613 0.292085 0.108762 0.028780 -0.244364 0.349409 0.151950 0.140775 -0.036095 0.079921 0.046350 0.071885 -0.166374 -0.029637 -0.062307 -0.105671 -0.440081 0.106435 -0.013932 -0.108969 -0.051226 -0.195015 -0.065335 -0.263758 -0.297718 0.149825 -0.387802 0.470618 0.252827 -0.029069 -0.547206 -0.258619 -0.503939 -0.422143 -0.464047 0.007275 -0.184093 0.736338 0.208503 0.165578 0.133475 0.200756 -0.141428 0.430262 0.313333 0.496814 0.599719 -0.040934 0.490925 0.075781 0.049600 -0.270520 -0.243055 -0.493378 -0.467663 -0.284064 -0.166056 -0.127208 0.075917 0.097880 -0.049233 -0.079870 0.004715 0.014467 0.026641 0.125783 0.232947 0.170853 -0.146316 0.452648 0.522699 -0.124248 0.248042 0.203136 -0.045393 -0.124282 -0.036605 0.093968 0.292595 -0.026987 0.299689
-0.307221 -0.145962 0.101239 0.061482 -0.069720 -0.210694 0.105209 0.116544 -0.135846 -0.078361 -0.133430 0.257427 0.207230 0.162395 -0.085710 0.043911 0.055771 0.552272 -0.498248 -0.349238 -0.094633 -0.079793 -0.209820 0.055386 -0.306806 -0.295462 -0.285311 -0.208974 0.638596 1.000000 0.346876 0.440678 0.408135 0.229800 0.096435 0.075700 0.240657 0.482551 0.372519 0.176452 0.441331 0.356597 0.165530 -0.011608 -0.152034 -0.045006 0.193023 0.104704 -0.114074 -0.017866 -0.372495 -0.301024 -0.002751 -0.020344 0.164732 0.264919 -0.270824 -0.212653 -0.336361 -0.240274 0.070350 -0.125343 0.049622 0.141889 -0.159738 -0.183252 -0.409680 -0.430107 -0.577757 -0.591221 0.028926 0.116281 0.609884 0.420202 0.097552 0.373675 0.087794 0.245378 0.340275 0.358703 0.124134 0.438016 0.001231 0.420967 -0.309426 0.069423 -0.072425 -0.061831 -0.440860 -0.278935 -0.221708 -0.332673 0.061792 -0.276784 0.312206 0.205630 0.284046 0.167667 -0.023418 -0.034830 0.196885 -0.181875 0.202341 -0.301977 0.412175 0.479127 -0.083117 0.089159 0.026732 -0.043426 0.100547 -0.091280 0.066196 0.211388 0.207485 0.090806
-0.213886 -0.311241 0.266023 0.173268 0.169084 -0.099580 0.048928 -0.017352 0.048631 0.041115 0.034636 0.011986 0.002639 0.243860 0.139235 0.082882 -0.180561 -0.016050 -0.125180 -0.387417 -0.190650 -0.197260 0.340357 0.187721 -0.230261 -0.028105 -0.125024 0.099936 0.279936 0.346876 1.000000 0.542608 0.150453 0.119422 0.349322 -0.047210 -0.203458 0.037341 0.033560 -0.134825 -0.127969 -0.156380 0.238212 0.061128 -0.289132 -0.148289 -0.052134 -0.058056 -0.215210 -0.185531 -0.013409 -0.312317 -0.170618 -0.108301 -0.041132 -0.033347 -0.293136 -0.298695 0.074999 -0.049371 0.165548 -0.094215 0.147233 -0.045150 0.380465 0.018274 0.015250 -0.203582 -0.412440 -0.345609 -0.079752 0.046364 0.105182 -0.006026 0.068175 0.067456 -0.030544 -0.044297 -0.002393 -0.018286 -0.345812 -0.002749 -0.107857 0.075524 0.031296 -0.028461 -0.019509 -0.023010 -0.341269 -0.290103 -0.333463 -0.013856 -0.006369 0.026206 0.359533 0.234046 0.223137 0.120285 0.022884 0.020126 0.276427 0.120503 -0.011380 -0.332567 0.257303 0.345461 -0.097322 -0.127086 0.329824 0.181895 -0.009651 0.031704 0.015467 0.271756 -0.015571 -0.003191
-0.400724 -0.325404 0.230521 -0.060367 -0.051972 -0.325027 0.041190 -0.317004 -0.227504 -0.250644 0.022128 -0.073334 0.000492 -0.091008 -0.331398 -0.208022 0.053797 0.233926 -0.230216 -0.126731 -0.159548 -0.151611 0.123870 0.190818 0.006526 0.235113 -0.287009 -0.249442 0.513809 0.440678 0.542608 1.000000 0.475159 0.587260 0.384862 0.005954 -0.043935 0.038357 -0.013541 -0.169531 0.123671 0.013987 0.483517 0.337891 0.101128 0.216636 0.134553 0.079772 -0.143779 -0.083065 -0.019634 -0.316599 -0.074611 0.071042 -0.231355 -0.126923 -0.159508 -0.190078 -0.161716 -0.318245 0.048331 -0.369279 0.223557 0.202628 0.072758 -0.316277 0.005521 -0.086515 -0.308924 -0.330904 0.329437 0.108217 0.419669 0.210466 0.215281 0.328065 0.159094 0.030064 0.159205 0.290998 0.126575 0.324941 -0.311547 0.070585 -0.113450 -0.223098 -0.363020 -0.344730 -0.605634 -0.567188 -0.332020 0.105665 -0.187239 0.116912 -0.072714 0.061307 0.108220 0.095352 -0.000207 -0.045394 0.196339 0.164073 -0.121017 -0.127736 0.127455 0.300724 -0.337968 0.047448 0.135021 0.086442 0.101615 -0.084411 -0.010289 0.368067 -0.098068 0.035314
-0.267876 0.093949 -0.068499 -0.234745 -0.256604 -0.509819 0.099881 -0.212528 -0.350046 -0.343647 0.260785 0.143761 0.255321 -0.007571 -0.345879 -0.386926 0.241059 0.422132 -0.311134 0.080432 -0.319519 -0.508957 -0.010997 0.076840 -0.353585 -0.143713 -0.601520 -0.495701 0.446580 0.408135 0.150453 0.475159 1.000000 0.785394 0.173736 -0.003324 -0.063653 0.138413 -0.199316 -0.250643 -0.033472 0.135366 0.157965 0.194496 -0.092417 -0.019909 0.221613 0.204968 -0.204164 -0.090565 -0.111733 -0.033622 -0.082005 0.309382 -0.494682 -0.299431 0.010066 -0.015141 -0.317065 -0.510081 0.109395 -0.126312 0.170561 0.386842 0.034258 -0.195355 -0.261528 -0.138584 -0.199940 -0.226277 0.168933 0.015918 0.524287 0.535463 0.492182 0.574645 0.493607 0.138681 0.358605 0.470470 0.324986 0.452183 -0.494393 -0.104806 0.074152 -0.098831 -0.467304 -0.438112 -0.642940 -0.681074 0.025574 0.304601 -0.104179 0.032658 -0.018463 0.108686 -0.041151 -0.077488 0.197297 0.132063 0.009334 0.030073 -0.245122 -0.378163 0.090010 0.171329 -0.485619 -0.001477 0.059179 0.195290 0.176313 0.130296 0.002128 0.303065 -0.130011 -0.306197
-0.318756 -0.021448 0.187673 -0.359636 -0.052056 -0.511163 0.162438 -0.319838 -0.192651 -0.351375 0.214536 -0.152326 0.238090 -0.194144 -0.360928 -0.399670 0.275860 0.272039 -0.257681 0.131782 -0.350227 -0.410149 0.070647 0.005873 -0.115569 -0.005040 -0.494773 -0.551282 0.505219 0.229800 0.119422 0.587260 0.785394 1.000000 0.239933 0.096256 0.058187 -0.090318 -0.224263 -0.369367 -0.164718 0.006889 0.259996 0.373101 0.138127 0.209019 0.163571 0.164209 -0.172084 -0.124619 0.068580 -0.103460 0.018171 0.218233 -0.413620 -0.342588 -0.030128 0.004113 -0.087586 -0.377492 0.237060 -0.209075 0.307180 0.447868 0.049380 -0.432970 0.125350 0.073838 -0.196718 -0.075005 0.135731 -0.039285 0.513787 0.252463 0.315712 0.332070 0.366907 -0.054157 0.220902 0.345235 0.361958 0.417461 -0.377315 -0.079514 0.153715 -0.200173 -0.513106 -0.482088 -0.565043 -0.668924 -0.177598 0.317740 -0.408341 0.162766 -0.115869 -0.159422 -0.115358 -0.111185 0.134839 0.011662 -0.023398 0.198557 -0.235016 -0.170719 -0.032591 0.117404 -0.411430 0.187617 0.054990 -0.027328 0.230319 -0.042255 -0.020162 0.241890 -0.226234 -0.091991
-0.332248 -0.238897 -0.014471 0.171098 -0.201391 -0.374915 -0.362868 -0.550859 -0.131070 -0.378079 -0.200740 -0.234364 -0.430301 -0.323326 -0.166249 -0.253286 0.124655 0.176495 -0.016289 -0.138203 0.057526 -0.034705 0.254975 0.074024 -0.082395 0.096873 -0.136966 -0.071132 0.159029 0.096435 0.349322 0.384862 0.173736 0.239933 1.000000 0.423206 0.136224 0.233829 0.114195 0.088324 -0.013596 0.218732 0.236825 0.262368 -0.137624 -0.013816 0.237340 0.167211 -0.457844 -0.279637 -0.032473 -0.204246 -0.174560 0.225808 -0.061942 0.086123 0.009305 0.149755 -0.164797 -0.152688 -0.177669 -0.341009 0.157039 0.106715 0.217556 -0.138034 0.092250 0.112718 -0.050854 -0.127450 0.226841 0.270262 0.143094 0.119948 0.028214 0.037396 0.249279 0.278736 0.284867 0.424501 0.040638 0.184026 -0.212815 -0.085566 0.065370 0.044490 -0.132156 -0.154832 -0.290876 -0.125367 -0.275909 -0.083855 -0.180843 0.172253 0.046150 0.009617 0.092271 0.139796 0.106140 0.059236 0.009225 0.145897 -0.037288 -0.147340 0.104315 0.291650 0.070004 0.027558 0.174625 0.057123 0.166525 -0.053464 -0.156900 0.291995 0.146524 -0.007629
-0.014715 0.038037 -0.053715 -0.031150 -0.252853 -0.338588 -0.170391 -0.136310 -0.253466 -0.400328 -0.058318 0.021490 -0.015174 -0.256257 -0.241675 -0.363049 0.299378 0.377651 -0.259021 -0.209649 0.008779 0.000798 -0.150408 0.101969 -0.119955 0.090208 -0.190744 -0.054653 -0.159613 0.075700 -0.047210 0.005954 -0.003324 0.096256 0.423206 1.000000 0.303900 0.293732 0.395118 0.446700 -0.117642 0.284010 0.037464 0.235233 -0.165256 -0.043611 0.296537 0.492364 -0.195440 -0.332481 -0.066609 -0.036857 0.179483 0.142335 0.068808 0.027918 0.167751 0.272543 0.016124 -0.136393 0.097097 0.116600 0.097909 0.217075 0.070222 0.133032 0.167400 0.378531 -0.032486 0.045394 0.120992 0.629458 0.036095 0.215133 -0.115920 0.114903 0.276522 0.630143 0.131951 0.329722 0.080613 0.074888 -0.196999 -0.225348 -0.040978 -0.175608 -0.136893 -0.168205 -0.151187 -0.053122 -0.093635 -0.107373 -0.102747 -0.066530 -0.214280 -0.252413 0.188753 -0.214268 0.050324 -0.126597 -0.099318 -0.204126 -0.081644 -0.130476 -0.243091 -0.152606 0.259229 0.156982 -0.466575 -0.413870 0.429923 -0.224868 -0.281580 -0.108439 0.100866 -0.258177
