1.000000 0.835310 -0.187185 0.106559 0.000411 0.129926 -0.066573 -0.101650 0.176124 0.097806 0.483875 0.088500 0.391276 0.347260 0.233947 0.089358 0.471796 0.395509 0.461779 0.367243 -0.410246 -0.123870 0.019794 -0.254594 -0.238099 -0.230152 -0.006330 0.008388 0.181318 -0.031985 -0.094577 -0.373495 0.314336 0.192260 -0.317816 -0.100441 -0.108588 -0.442544 -0.052073 -0.128603 0.131022 -0.147505 0.073672 0.045141 0.053337 -0.337424 0.286455 -0.405499 0.285997 0.497418 0.169869 0.158533 0.323159 0.248466 -0.121361 0.292148 0.861376 0.763080 0.196147 0.031226 0.302366 0.462749 0.287768 0.506485 0.142067 0.069478 -0.322383 -0.515375 0.636691 0.167985 -0.238487 -0.423886 -0.009800 -0.534159 -0.351330 -0.414527 -0.328847 -0.444504 -0.104873 0.382713 0.354935 0.328096 0.237854 0.274795 0.348171 0.241591 0.270519 0.129429 0.152048 -0.142582 -0.473261 -0.636631 -0.481478 -0.568851 -0.471125 -0.298459 -0.025208 -0.266412 0.139378 -0.005271 -0.354416 -0.473963 -0.547682 -0.678021 -0.271972 -0.424069 -0.358149 -0.369089 -0.459296 -0.475479 -0.558261 -0.281441 -0.345636 -0.285705 -0.158214 0.134942
0.835310 1.000000 -0.309739 -0.066744 -0.146856 0.004554 -0.267053 -0.218135 -0.053014 -0.087478 0.383043 -0.062035 0.355688 0.212705 0.006581 -0.068871 0.556131 0.383728 0.410369 0.388075 -0.511779 -0.279777 -0.248768 -0.417379 -0.357208 -0.308802 -0.220323 -0.111040 0.233426 -0.032369 -0.239401 -0.483047 0.402523 0.200217 -0.335652 -0.173030 -0.006363 -0.355093 -0.103687 -0.080145 0.180688 -0.019184 0.217096 0.134766 0.138274 -0.227439 0.448301 -0.247090 0.325328 0.542597 0.200404 0.263909 0.398746 0.379348 -0.040719 0.472457 0.852799 0.917688 0.159933 0.157300 0.163673 0.339361 0.322769 0.522431 -0.110400 -0.085520 -0.174516 -0.465460 0.751735 0.389081 -0.245148 -0.514789 0.101569 -0.522193 -0.253443 -0.497322 -0.277724 -0.436906 0.094848 0.376796 0.431370 0.488199 0.163256 0.184604 0.266650 0.229928 0.294662 0.116122 -0.156160 -0.205700 -0.405632 -0.655086 -0.592896 -0.627823 -0.380272 -0.095840 0.136988 -0.056323 0.307677 0.202036 -0.349301 -0.527123 -0.482733 -0.637540 -0.274910 -0.438902 -0.398226 -0.323498 -0.240587 -0.391846 -0.492491 -0.100566 -0.244118 -0.315961 -0.163135 0.193171
-0.187185 -0.309739 1.000000 0.333931 0.257529 -0.015374 0.771864 0.398311 0.364548 0.079697 -0.145456 0.095491 -0.019825 0.070510 -0.033958 -0.031450 -0.388321 -0.405621 0.071388 0.049200 0.073816 0.024338 0.466412 0.268686 0.102406 -0.133181 0.048436 -0.214890 -0.225062 -0.459978 0.281308 0.192730 -0.420448 -0.178830 -0.080235 -0.172440 -0.236672 -0.161457 -0.207584 -0.228659 -0.292304 -0.198054 -0.129669 -0.255598 -0.039351 -0.020177 -0.231900 -0.070397 0.270899 -0.256309 0.038815 -0.006920 0.108125 -0.120417 0.171542 -0.199225 -0.338935 -0.370173 0.144009 -0.031489 0.092143 0.031612 -0.159379 -0.184221 0.286189 0.176750 0.064648 0.300628 -0.397787 -0.052826 -0.073217 -0.095455 -0.284893 0.004034 -0.124750 0.152141 -0.225799 -0.080455 -0.320752 -0.333468 -0.301392 -0.351832 -0.314928 -0.361452 -0.113193 -0.209338 -0.124865 -0.287438 0.263234 0.355669 0.037902 0.259855 0.193138 0.210591 0.042511 0.014720 -0.246507 -0.138792 -0.134340 -0.079277 0.075098 0.148386 0.278496 0.358473 0.156880 0.119339 -0.053255 0.102916 0.013079 0.017324 0.020665 -0.034640 -0.078553 0.107484 -0.057395 0.063061
0.106559 -0.066744 0.333931 1.000000 0.151336 0.159181 0.267984 0.853836 0.017718 0.629675 0.095036 0.624857 0.090537 0.603965 0.209299 0.539550 0.035903 -0.204388 0.218109 0.181004 -0.061023 0.305088 0.090802 0.528681 -0.033401 0.095607 0.185702 0.040502 -0.061165 0.049481 0.020845 0.042652 -0.214997 -0.223495 -0.156722 0.001323 -0.441665 -0.321010 -0.247890 -0.250248 -0.222480 -0.200523 -0.415185 -0.518508 -0.422166 -0.541823 -0.317602 -0.325597 0.035794 -0.320216 0.098127 -0.172998 0.189167 -0.156365 0.032478 -0.370917 0.059433 -0.183792 0.013689 0.071079 0.188740 0.570325 0.184248 0.181292 0.541777 0.717586 -0.095607 -0.107363 -0.245327 -0.370478 -0.046488 0.128161 -0.326134 0.021630 -0.168091 -0.075319 -0.163682 0.070425 -0.352562 -0.100661 -0.105715 -0.340533 0.091622 0.209170 0.111702 0.166791 -0.082526 -0.189716 0.223154 0.391584 0.012680 -0.172613 0.435507 -0.115039 -0.189544 -0.346551 -0.588453 -0.404613 -0.079268 -0.409661 0.294658 -0.024142 0.221379 -0.226375 -0.427080 -0.447957 -0.343969 -0.359254 -0.220692 -0.343568 -0.387131 -0.518010 -0.292707 -0.182076 -0.300979 -0.045369
0.000411 -0.146856 0.257529 0.151336 1.000000 0.750131 0.151406 0.036548 0.548335 0.292142 -0.093181 -0.013009 -0.171278 0.116531 0.382348 0.481190 -0.033702 0.005496 0.171176 0.238901 0.556629 0.607716 0.085117 0.130951 0.363140 0.213131 0.765504 0.537860 0.251873 0.043777 0.559522 0.462706 -0.354473 0.129577 -0.007541 0.092852 -0.017573 -0.063636 0.462249 0.362945 -0.006163 0.159098 -0.414993 -0.376948 -0.047757 0.043236 -0.396488 -0.391705 -0.185377 -0.292099 -0.430746 -0.357780 -0.262651 -0.444447 0.339148 -0.207090 -0.097445 -0.249972 0.019626 -0.217327 -0.028296 -0.005992 -0.016701 -0.093833 -0.166171 -0.083053 -0.165334 0.068606 -0.255245 -0.107118 0.035920 0.271205 0.133574 -0.168076 -0.182236 -0.054750 -0.333619 -0.229188 -0.243829 0.018368 -0.030989 -0.363248 0.143766 0.374280 -0.150693 -0.180830 -0.390368 0.155721 0.558691 0.231576 -0.283024 -0.004347 -0.069330 -0.034104 0.114441 -0.039716 0.044360 -0.026978 -0.161610 -0.218451 -0.222476 -0.337258 -0.096035 -0.041955 0.174284 0.086779 -0.037419 -0.031471 -0.054655 0.064185 -0.031584 -0.022917 -0.179334 -0.196911 -0.209323 0.035598
0.129926 0.004554 -0.015374 0.159181 0.750131 1.000000 -0.013721 0.051081 0.348756 0.288438 -0.044662 0.038377 -0.100916 0.220881 0.354418 0.532854 -0.032331 -0.002143 0.067028 0.110414 0.446102 0.634135 -0.058303 0.068610 0.204949 0.239773 0.782836 0.701064 0.020801 -0.025013 0.225224 0.296676 -0.148430 0.208399 0.067076 0.115331 -0.084217 -0.043518 0.379612 0.273979 -0.063204 0.249084 -0.240791 -0.148745 -0.052832 0.067752 -0.265195 -0.313865 -0.065262 -0.197789 -0.208636 -0.184223 -0.092133 -0.396426 0.253271 -0.316599 -0.013007 -0.087924 0.037913 -0.188334 -0.007082 0.026001 0.035626 -0.130233 -0.114629 0.063856 -0.179563 0.116932 -0.070627 -0.117273 -0.038928 0.386838 -0.152335 -0.183193 -0.259253 -0.126874 -0.259322 -0.192021 -0.243618 0.099960 -0.070247 -0.397487 0.252018 0.322948 -0.046597 -0.071423 -0.194824 0.219159 0.446660 0.083059 -0.287066 -0.137276 -0.080970 -0.062181 -0.037484 -0.066635 -0.005322 -0.064452 -0.321961 -0.478758 -0.150997 -0.376312 -0.091548 -0.279558 0.031394 -0.090133 -0.035862 -0.099566 -0.126788 0.008033 -0.051474 -0.213244 -0.291232 -0.239088 -0.273448 -0.176355
-0.066573 -0.267053 0.771864 0.267984 0.151406 -0.013721 1.000000 0.311994 0.411860 -0.084099 0.096050 0.241821 0.363728 0.243007 0.309584 0.077340 -0.445638 -0.399397 0.202134 0.043097 0.045379 0.009694 0.481564 0.349870 -0.032906 -0.201479 0.045883 -0.172780 -0.050413 -0.449300 0.216560 0.108429 -0.341210 -0.297257 -0.099722 -0.253693 -0.163955 -0.155261 -0.114013 -0.309853 -0.258027 -0.284532 -0.212346 -0.172242 -0.145319 -0.121868 -0.365199 -0.123177 0.185804 -0.105494 0.075697 0.093324 0.025438 -0.188152 0.160347 -0.166129 -0.353271 -0.364673 0.224142 0.107070 0.277176 0.012134 -0.156808 -0.177762 0.469831 0.162170 0.038086 0.164557 -0.337974 -0.199578 -0.095264 -0.030311 -0.294769 -0.062145 -0.241818 0.044040 -0.172211 -0.069918 -0.374569 -0.241092 -0.348132 -0.371868 -0.003742 -0.311553 0.066525 -0.024100 0.042200 -0.140658 0.379551 0.423252 -0.054696 0.241250 0.054791 0.161062 0.030070 -0.191180 -0.288460 -0.293332 -0.203173 -0.191878 -0.076259 0.068887 0.130698 0.212307 0.116325 -0.058480 -0.125713 -0.071105 -0.155952 -0.167227 -0.070542 -0.250737 -0.390450 -0.077050 -0.109165 -0.096932
-0.101650 -0.218135 0.398311 0.853836 0.036548 0.051081 0.311994 1.000000 -0.111121 0.604236 -0.022846 0.704073 0.019301 0.583961 0.096119 0.475337 -0.106327 -0.364713 -0.123173 -0.143301 0.047416 0.292769 -0.050576 0.463144 -0.074191 0.032479 0.093444 -0.020224 -0.295794 -0.010203 -0.057970 0.031324 -0.124254 -0.259057 -0.088257 0.008668 -0.390899 -0.222818 -0.330196 -0.339503 -0.302423 -0.071899 -0.285735 -0.443292 -0.186651 -0.308386 -0.271730 -0.238451 0.180550 -0.318076 0.160448 -0.011277 0.199400 -0.182284 -0.007918 -0.459555 -0.108168 -0.264819 -0.058088 0.081947 0.086112 0.558474 0.085046 0.082522 0.518826 0.827089 -0.034906 0.053306 -0.427525 -0.471308 0.022524 0.127343 -0.481170 0.184221 -0.088774 0.066157 0.002184 0.139584 -0.337873 -0.165801 -0.194056 -0.438707 0.038818 0.026933 -0.057991 -0.026783 -0.181458 -0.349086 0.092906 0.289795 0.147396 -0.111218 0.610121 0.037420 -0.112079 -0.256217 -0.629789 -0.339329 -0.057978 -0.389375 0.507475 0.165707 0.380034 -0.050518 -0.364577 -0.287830 -0.183214 -0.216014 -0.169654 -0.245509 -0.295469 -0.350924 -0.124640 -0.049571 -0.160545 0.011807
0.176124 -0.053014 0.364548 0.017718 0.548335 0.348756 0.411860 -0.111121 1.000000 0.228291 0.208107 -0.082261 0.080138 0.070757 0.443269 0.203564 -0.065679 -0.111432 0.222638 0.172377 0.033629 0.164962 0.343565 -0.145432 0.181574 -0.088577 0.242210 0.031834 0.352334 -0.260049 0.358165 0.186380 -0.228718 0.154781 -0.066660 -0.146708 0.168059 -0.144306 0.228525 0.012923 0.237340 -0.073981 -0.249845 -0.155624 -0.078141 -0.189414 -0.193395 -0.361692 0.179527 -0.067594 -0.164847 -0.117420 -0.002523 -0.153091 0.143554 -0.034606 0.013920 -0.100958 0.342831 -0.197515 0.347264 0.008879 0.039460 -0.093455 -0.012324 -0.140314 -0.109324 -0.104939 -0.040200 0.109167 -0.046706 -0.085031 0.243611 -0.237108 0.024126 -0.080396 -0.082266 -0.296003 -0.189340 0.060107 -0.040130 -0.124339 0.180384 0.202543 -0.021922 -0.031185 -0.007002 0.148428 0.542687 0.173170 -0.304837 -0.064638 -0.259885 -0.130362 0.045927 -0.044189 0.125889 -0.009922 -0.189788 -0.180085 -0.365910 -0.149361 -0.237609 0.021969 0.104365 0.137826 -0.001532 -0.014395 -0.096784 -0.077385 -0.146476 -0.212460 -0.339126 -0.106628 -0.019146 0.294141
0.097806 -0.087478 0.079697 0.629675 0.292142 0.288438 -0.084099 0.604236 0.228291 1.000000 0.026639 0.475244 -0.216222 0.401022 0.128678 0.586877 0.069232 -0.046604 -0.037718 -0.018671 0.005604 0.267933 -0.095303 0.178177 0.118561 0.118326 0.160949 0.071888 -0.034671 0.269289 0.086759 0.077873 -0.102868 -0.052763 -0.081057 0.256348 -0.161288 -0.181459 -0.147228 -0.055095 -0.121376 0.061932 -0.317669 -0.369510 -0.094289 -0.269868 -0.200507 -0.321414 0.077215 -0.242951 -0.077937 -0.138183 0.052149 -0.285357 -0.128842 -0.402837 0.096501 -0.143648 -0.043983 -0.016144 0.161821 0.612497 0.262690 0.338404 0.204589 0.597401 -0.064413 -0.016616 -0.185985 -0.290390 0.144681 0.205493 -0.077280 0.122247 0.046899 0.049662 0.059644 0.147802 -0.279585 0.110596 -0.059057 -0.259058 0.092682 0.389689 -0.120064 -0.071246 -0.190151 -0.181158 0.165436 0.157831 -0.109526 -0.247307 0.339880 -0.080059 -0.082294 -0.240166 -0.405532 -0.204882 -0.168750 -0.427318 0.211681 0.015489 0.146234 -0.127765 -0.365115 -0.148413 -0.130339 -0.274319 -0.045242 -0.157533 -0.263659 -0.377235 -0.141912 -0.153101 -0.298838 0.126486
0.483875 0.383043 -0.145456 0.095036 -0.093181 -0.044662 0.096050 -0.022846 0.208107 0.026639 1.000000 0.406856 0.568666 0.473708 0.130459 0.166671 0.534769 0.139785 0.361034 0.306977 -0.209781 -0.167600 -0.217939 -0.273112 -0.464283 -0.473511 -0.268199 -0.313204 0.446280 0.188448 0.001318 -0.158133 0.266880 -0.011897 -0.229002 -0.281349 0.061697 -0.244435 -0.060841 -0.354059 0.318923 0.013659 -0.138339 -0.144095 -0.234933 -0.460036 -0.014339 -0.346655 0.283805 0.253855 -0.138314 0.103442 0.351677 0.189854 -0.068381 0.034803 0.373612 0.258102 0.493900 0.094584 0.631764 0.359254 0.455596 0.414152 -0.109774 -0.068025 -0.072058 -0.489320 0.275154 0.135048 0.041891 -0.035289 0.280290 0.036458 0.000087 -0.177035 0.184154 -0.028664 0.050727 0.114425 0.229067 0.263032 0.209313 0.323008 -0.050693 0.206404 0.295152 -0.022624 -0.070628 -0.115188 -0.230187 -0.340909 -0.218832 -0.396521 -0.301931 -0.068217 -0.097538 -0.134185 0.062075 -0.091232 -0.149504 -0.107483 -0.298953 -0.395148 -0.237754 -0.356964 -0.165162 -0.270882 -0.212472 -0.140704 -0.332290 -0.236839 -0.442737 -0.188833 0.037472 0.140872
0.088500 -0.062035 0.095491 0.624857 -0.013009 0.038377 0.241821 0.704073 -0.082261 0.475244 0.406856 1.000000 0.241529 0.724778 0.181086 0.508233 0.020256 -0.153543 -0.041539 -0.106952 0.065238 0.229475 -0.203724 0.309600 -0.187893 -0.082915 -0.047557 -0.118802 0.009492 0.294532 -0.054092 0.095421 0.008597 -0.176136 0.015517 0.045558 -0.340784 -0.186123 -0.238020 -0.256422 -0.264106 -0.033663 -0.202798 -0.322002 -0.204172 -0.347664 -0.264965 -0.214724 0.083529 -0.157724 -0.138312 -0.007612 0.126410 -0.176519 -0.101271 -0.360322 -0.006978 -0.167716 0.029575 -0.047404 0.251453 0.616178 0.091047 0.273106 0.339100 0.601062 -0.187800 -0.120105 -0.354272 -0.536982 0.136910 0.185693 -0.283788 0.258852 -0.061958 -0.005173 0.105138 0.262568 -0.218568 -0.075368 -0.151326 -0.274156 0.204377 0.222811 -0.144208 -0.000432 -0.199294 -0.403596 -0.017931 0.097332 0.042337 -0.195474 0.485783 -0.058193 -0.181403 -0.269039 -0.527280 -0.326801 -0.088035 -0.396198 0.359048 0.055662 0.172383 -0.199863 -0.290054 -0.207199 -0.137227 -0.332947 -0.216195 -0.213135 -0.229153 -0.342886 -0.224394 -0.146739 -0.099353 -0.063454
0.391276 0.355688 -0.019825 0.090537 -0.171278 -0.100916 0.363728 0.019301 0.080138 -0.216222 0.568666 0.241529 1.000000 0.403171 0.454846 0.173739 0.242690 0.053040 0.444039 0.225424 -0.309706 -0.169491 0.006598 0.059983 -0.544711 -0.452724 -0.185146 -0.177461 0.351327 -0.161228 -0.101180 -0.332840 0.331636 -0.052399 -0.248992 -0.373573 -0.041815 -0.378219 -0.123055 -0.320363 0.152019 -0.176874 -0.073919 -0.064112 -0.262322 -0.485349 0.006665 -0.416675 0.247439 0.230766 0.223171 0.337730 0.202330 0.117782 0.136510 0.256780 0.246666 0.258014 0.252031 0.370508 0.385573 0.122789 0.252719 0.261047 0.197371 -0.013780 0.102674 -0.274942 0.260810 0.008285 -0.407135 -0.285901 0.080188 -0.276057 -0.173391 -0.382679 -0.138535 -0.432112 -0.073271 0.130343 0.185692 0.140246 0.393079 0.043703 0.475771 0.580258 0.376068 0.281516 0.104172 0.087029 -0.414266 -0.337292 -0.381531 -0.405238 -0.320078 -0.139952 -0.119883 -0.352710 0.158290 -0.057866 -0.317453 -0.263672 -0.326387 -0.393810 -0.163128 -0.491011 -0.330409 -0.267115 -0.320415 -0.465972 -0.535273 -0.355574 -0.589101 -0.310665 -0.111094 -0.017139
0.347260 0.212705 0.070510 0.603965 0.116531 0.220881 0.243007 0.583961 0.070757 0.401022 0.473708 0.724778 0.403171 1.000000 0.364007 0.641714 0.191673 0.012821 0.263319 0.137642 0.101514 0.322436 -0.308792 0.085855 -0.389575 -0.145104 0.076688 0.065607 0.277654 0.179165 0.052526 -0.110838 0.090194 -0.155002 -0.146734 0.022880 -0.214148 -0.355707 -0.159273 -0.332098 -0.025329 0.026964 -0.420825 -0.445902 -0.332999 -0.486268 -0.257041 -0.529315 0.199073 -0.106745 -0.055950 -0.034137 0.338216 -0.164045 0.004267 -0.309534 0.260518 0.095293 0.310910 0.209347 0.505882 0.645274 0.414036 0.390250 0.272996 0.505618 0.011816 -0.180916 -0.134803 -0.263443 -0.168667 0.056433 -0.081965 -0.071224 -0.238565 -0.216370 0.031150 -0.093739 -0.362457 0.160636 -0.040430 -0.276244 0.254253 0.402024 -0.026728 0.226140 0.011472 -0.088616 0.133707 0.101658 -0.268026 -0.410835 0.123580 -0.393154 -0.227877 -0.458581 -0.520712 -0.480564 -0.075960 -0.389990 0.020071 -0.268090 -0.043019 -0.425489 -0.437271 -0.386672 -0.154356 -0.243003 -0.358470 -0.537864 -0.578101 -0.551291 -0.540415 -0.392296 -0.189992 0.136562
0.233947 0.006581 -0.033958 0.209299 0.382348 0.354418 0.309584 0.096119 0.443269 0.128678 0.130459 0.181086 0.454846 0.364007 1.000000 0.572251 -0.061199 0.053762 0.281991 0.111540 0.111446 0.412326 0.189640 0.194392 0.024721 0.031323 0.458606 0.394868 0.412033 -0.066520 0.271181 0.109023 0.008922 0.085782 -0.128213 -0.022840 0.092906 -0.313884 0.267416 -0.082564 0.247060 -0.148644 -0.334594 -0.126842 -0.251443 -0.345114 -0.268432 -0.462053 -0.076899 -0.015262 0.103804 -0.011952 -0.176900 -0.312266 0.174704 -0.066634 0.024958 -0.081319 -0.023107 0.018154 0.170364 0.137526 0.027728 0.002782 0.391962 0.214405 -0.152365 -0.125769 0.016364 -0.332707 -0.335290 -0.072474 0.023526 -0.358082 -0.195955 -0.199787 -0.223273 -0.380481 -0.262382 0.233858 0.066967 -0.234709 0.709637 0.488373 0.443020 0.419466 -0.032897 0.396954 0.637193 0.236385 -0.473596 -0.328553 -0.191544 -0.311637 -0.141783 -0.408328 -0.084929 -0.427154 -0.140227 -0.304037 -0.299330 -0.352231 -0.318199 -0.252317 -0.102613 -0.194249 -0.208320 -0.321298 -0.363766 -0.499929 -0.448816 -0.555052 -0.481832 -0.331528 -0.092992 0.095298
0.089358 -0.068871 -0.031450 0.539550 0.481190 0.532854 0.077340 0.475337 0.203564 0.586877 0.166671 0.508233 0.173739 0.641714 0.572251 1.000000 0.049963 -0.126261 0.179530 0.060716 0.326046 0.545110 -0.280930 0.237753 0.011211 0.039449 0.448509 0.374683 0.257087 0.183717 0.238666 0.105652 -0.092458 -0.120486 -0.112292 0.148455 -0.070210 -0.271356 0.122547 -0.055306 -0.013171 0.075132 -0.489752 -0.452522 -0.340306 -0.342579 -0.446516 -0.508572 0.015495 -0.312244 -0.146232 -0.051919 0.003666 -0.388856 0.238213 -0.411696 0.032504 -0.172264 0.103149 0.131094 0.243693 0.428310 0.290727 0.267270 0.136449 0.487782 0.030262 0.040153 -0.227181 -0.385151 -0.117912 0.270942 0.000089 -0.126799 -0.095518 -0.162388 -0.070323 -0.139041 -0.475957 0.115380 -0.108218 -0.470100 0.365352 0.541062 -0.027422 0.190419 -0.258489 0.125483 0.381496 0.303050 -0.324966 -0.303094 0.147866 -0.271997 -0.056999 -0.308491 -0.405171 -0.357201 -0.224572 -0.460394 0.028307 -0.240524 0.004768 -0.264097 -0.339617 -0.266306 -0.057939 -0.229106 -0.169770 -0.355630 -0.419776 -0.519948 -0.413646 -0.341857 -0.275831 0.094926
0.471796 0.556131 -0.388321 0.035903 -0.033702 -0.032331 -0.445638 -0.106327 -0.065679 0.069232 0.534769 0.020256 0.242690 0.191673 -0.061199 0.049963 1.000000 0.500843 0.228577 0.298560 -0.355841 -0.210966 -0.325771 -0.308121 -0.305474 -0.328683 -0.202882 -0.163058 0.383250 0.397535 -0.148089 -0.375532 0.367452 0.082919 -0.192525 -0.040419 0.066010 -0.279685 -0.060521 -0.113587 0.380126 0.117089 -0.079359 -0.121806 0.013152 -0.368104 0.243647 -0.404410 0.163370 0.339185 0.017766 0.090253 0.408091 0.410247 -0.163823 0.274193 0.652657 0.585200 0.114228 0.066711 0.268304 0.276719 0.575571 0.562154 -0.256863 -0.114865 0.009824 -0.490349 0.517443 0.204579 -0.018012 -0.200994 0.478520 -0.129156 0.074752 -0.449880 0.052633 -0.184592 0.331558 0.391313 0.627210 0.581121 0.120117 0.419657 0.094534 0.270777 0.095201 0.032459 -0.322069 -0.332582 -0.165508 -0.478749 -0.287361 -0.539355 -0.367338 0.008682 -0.005833 -0.072741 0.398068 0.146827 -0.119124 -0.334745 -0.375375 -0.581754 -0.207707 -0.387801 -0.251015 -0.155918 -0.166386 -0.163297 -0.480441 -0.056872 -0.136361 -0.232885 0.028743 0.281847
0.395509 0.383728 -0.405621 -0.204388 0.005496 -0.002143 -0.399397 -0.364713 -0.111432 -0.046604 0.139785 -0.153543 0.053040 0.012821 0.053762 -0.126261 0.500843 1.000000 0.164630 0.101265 -0.119840 -0.039648 -0.198616 -0.165083 -0.119261 -0.103819 -0.081955 0.005542 0.364392 0.492058 0.032555 -0.185301 0.272860 0.155257 0.036706 0.362152 0.115249 -0.065211 0.110614 0.144306 0.254421 0.069935 0.141338 0.185442 0.233377 -0.056063 0.352002 -0.111519 -0.063680 0.282311 -0.000506 -0.021227 -0.084797 0.181622 -0.310849 0.368360 0.400618 0.360486 -0.150265 -0.220749 0.072742 0.093643 0.295715 0.450286 -0.103051 -0.239013 -0.143010 -0.179890 0.265773 -0.088719 0.024541 -0.092334 0.388606 -0.095118 -0.092814 -0.265100 0.006713 -0.068113 0.180402 0.739799 0.322480 0.501837 0.078730 0.377627 0.164288 0.253808 -0.007230 0.162359 -0.237870 -0.396856 -0.279608 -0.391775 -0.390331 -0.446040 -0.318469 -0.317686 0.095586 -0.203914 0.235774 0.058301 -0.355440 -0.524927 -0.487713 -0.470741 -0.000124 -0.074181 0.018906 -0.010819 -0.242686 -0.230069 -0.216261 -0.080541 -0.147633 -0.382837 -0.035319 0.075854
0.461779 0.410369 0.071388 0.218109 0.171176 0.067028 0.202134 -0.123173 0.222638 -0.037718 0.361034 -0.041539 0.444039 0.263319 0.281991 0.179530 0.228577 0.164630 1.000000 0.650358 -0.190865 -0.172158 0.084166 0.050842 -0.279242 -0.213963 0.030965 -0.046946 0.422374 -0.017904 0.232734 -0.173658 0.099442 -0.035084 -0.336098 -0.116438 -0.073569 -0.186752 0.101885 0.020752 0.167661 -0.138613 -0.412628 -0.275100 -0.449890 -0.525632 -0.221513 -0.362897 -0.057592 0.047926 -0.091614 -0.163277 0.102819 -0.056460 0.235584 0.141467 0.299334 0.218057 0.314622 0.393328 0.380144 0.149737 0.433353 0.395819 0.111842 -0.119591 0.095243 -0.233087 0.363274 0.280863 -0.289924 -0.168179 0.262827 -0.351750 -0.306240 -0.360729 -0.228937 -0.233165 -0.225548 0.225792 0.166983 0.065118 0.125590 0.207123 0.322932 0.343031 0.386172 0.326918 0.280669 0.318071 -0.482864 -0.209806 -0.463212 -0.387266 -0.138792 -0.232699 -0.102808 -0.210829 0.038354 -0.043306 -0.402946 -0.324446 -0.243842 -0.308341 -0.172654 -0.437781 -0.379467 -0.351335 -0.059174 -0.411120 -0.422391 -0.287853 -0.459695 -0.392539 -0.292269 -0.050322
0.367243 0.388075 0.049200 0.181004 0.238901 0.110414 0.043097 -0.143301 0.172377 -0.018671 0.306977 -0.106952 0.225424 0.137642 0.111540 0.060716 0.298560 0.101265 0.650358 1.000000 -0.162456 -0.097867 0.072242 -0.002501 -0.168967 -0.175693 0.091483 -0.075672 0.444365 -0.038723 0.293914 0.001927 -0.027180 0.078663 -0.298684 -0.139167 -0.042109 -0.124793 0.009491 0.042457 0.042565 0.021531 -0.350237 -0.373350 -0.447821 -0.340548 -0.255154 -0.315369 -0.199356 -0.085781 -0.295825 -0.323770 0.007286 -0.087585 0.030663 0.014170 0.240421 0.189923 0.134440 0.140652 0.128788 0.115385 0.160869 0.202203 -0.006842 -0.131813 -0.142832 -0.165013 0.299705 0.418792 -0.192494 -0.160223 0.250243 -0.384545 -0.260945 -0.188177 -0.236910 -0.139011 0.135159 -0.070420 0.447955 0.259009 -0.008923 0.341877 0.187076 0.128558 0.131409 0.084590 0.060553 0.102915 -0.197704 -0.010804 -0.312576 -0.234549 0.000648 0.032099 -0.008091 -0.056579 -0.054850 0.051419 -0.304885 -0.340143 -0.039780 -0.220158 -0.031554 -0.321052 -0.310038 -0.253356 0.022917 -0.088934 -0.242842 -0.120063 -0.205504 -0.207568 -0.259668 -0.107323
-0.410246 -0.511779 0.073816 -0.061023 0.556629 0.446102 0.045379 0.047416 0.033629 0.005604 -0.209781 0.065238 -0.309706 0.101514 0.111446 0.326046 -0.355841 -0.119840 -0.190865 -0.162456 1.000000 0.668792 -0.144089 0.112228 0.179365 0.319706 0.597773 0.571959 -0.010903 0.159039 0.454019 0.498357 -0.196483 -0.032431 0.218276 0.172551 0.043578 0.281508 0.463912 0.350741 -0.044446 0.306620 -0.237357 -0.213245 -0.068214 0.308944 -0.431258 -0.021967 -0.303137 -0.428902 -0.383963 -0.339135 -0.359361 -0.458779 0.223435 -0.413406 -0.391753 -0.492032 -0.036554 -0.210928 -0.084915 -0.224339 -0.114551 -0.306938 -0.222025 -0.049720 -0.016255 0.287567 -0.602464 -0.274401 0.170248 0.514972 0.029970 0.245040 -0.005037 0.268525 0.032838 0.116242 -0.248002 -0.139322 -0.325570 -0.518707 -0.006789 0.168606 -0.378938 -0.240311 -0.423734 0.104551 0.304831 0.071620 0.024824 0.257721 0.213687 0.246640 0.247111 -0.024205 -0.065175 0.064655 -0.316343 -0.185439 0.061310 0.064672 0.080470 0.256578 0.188116 0.303005 0.323948 0.221138 0.024247 0.255004 0.318708 0.184308 0.046693 0.053894 0.109491 -0.145594
-0.123870 -0.279777 0.024338 0.305088 0.607716 0.634135 0.009694 0.292769 0.164962 0.267933 -0.167600 0.229475 -0.169491 0.322436 0.412326 0.545110 -0.210966 -0.039648 -0.172158 -0.097867 0.668792 1.000000 -0.117357 0.146970 0.210433 0.386820 0.692929 0.660458 0.034642 0.103246 0.236378 0.371532 -0.222746 0.043612 0.167047 0.236729 -0.079664 0.004283 0.409653 0.183724 -0.055019 0.205319 -0.237278 -0.212466 -0.131790 0.008116 -0.273641 -0.232128 -0.078767 -0.312441 -0.135805 -0.208034 -0.123552 -0.357427 0.254494 -0.285066 -0.174513 -0.357474 -0.020433 -0.301490 -0.055731 0.079733 -0.080699 -0.300167 0.015932 0.235077 -0.301568 0.069556 -0.443344 -0.490189 0.123900 0.458401 -0.169497 0.094071 -0.070980 0.190699 -0.116097 -0.033728 -0.390526 0.004496 -0.240062 -0.552128 0.289795 0.366086 -0.122365 0.003217 -0.452263 0.085378 0.416167 0.175489 -0.079877 -0.091626 0.196080 -0.073407 -0.036202 -0.240956 -0.020469 -0.168937 -0.159401 -0.264264 -0.020692 -0.179961 -0.118294 -0.137254 -0.147624 0.041346 0.107744 -0.000388 -0.190351 -0.048363 -0.012743 -0.196101 -0.106508 -0.108217 0.016062 0.003035
0.019794 -0.248768 0.466412 0.090802 0.085117 -0.058303 0.481564 -0.050576 0.343565 -0.095303 -0.217939 -0.203724 0.006598 -0.308792 0.189640 -0.280930 -0.325771 -0.198616 0.084166 0.072242 -0.144089 -0.117357 1.000000 0.409619 0.349454 0.183666 0.210984 0.103965 -0.219723 -0.432381 0.216645 0.158283 -0.357220 -0.016153 -0.117232 -0.166777 -0.098748 0.042184 0.011487 0.080782 -0.100691 -0.332617 -0.069855 -0.000993 -0.164506 -0.101361 -0.141945 0.083025 -0.122969 -0.004054 0.159420 -0.090589 -0.166538 -0.055292 0.017538 0.017699 -0.169933 -0.213627 -0.180203 -0.119188 -0.204675 -0.329247 -0.432462 -0.422710 0.397849 -0.073346 -0.186871 -0.033297 0.017177 -0.017800 -0.084366 -0.112011 -0.241506 -0.069630 -0.019602 0.150399 -0.296337 -0.087136 -0.037352 -0.263007 -0.081478 -0.050844 -0.060018 -0.345895 0.404214 0.041920 0.138859 0.052152 0.489204 0.281305 0.083855 0.340258 0.060671 0.374189 -0.016938 0.001645 -0.018588 -0.134950 -0.168158 -0.063165 -0.111084 0.153202 0.013885 0.242711 0.310730 0.077073 -0.164965 -0.027707 -0.133506 0.046691 0.120699 -0.076410 -0.054262 0.172721 0.065859 -0.175483
-0.254594 -0.417379 0.268686 0.528681 0.130951 0.068610 0.349870 0.463144 -0.145432 0.178177 -0.273112 0.309600 0.059983 0.085855 0.194392 0.237753 -0.308121 -0.165083 0.050842 -0.002501 0.112228 0.146970 0.409619 1.000000 0.211099 0.268769 0.333658 0.231675 -0.250580 -0.095433 0.053544 0.206927 -0.323199 -0.166298 -0.011704 0.020589 -0.461059 -0.033216 -0.101670 0.041996 -0.446836 -0.294293 -0.254836 -0.329837 -0.353876 -0.194554 -0.430700 0.012120 -0.339501 -0.438917 0.013553 -0.185177 -0.284451 -0.267148 0.015149 -0.287442 -0.384060 -0.471289 -0.298045 0.099503 -0.217188 -0.023576 -0.204778 -0.145531 0.495380 0.336157 0.003964 0.195364 -0.405752 -0.438763 -0.107505 0.188910 -0.441028 0.002472 -0.279942 -0.097073 -0.355653 0.111755 -0.251515 -0.252603 -0.328338 -0.404727 -0.070075 -0.173682 0.240540 0.137284 -0.197611 -0.087644 0.212942 0.390594 0.237507 0.344506 0.406096 0.297831 -0.036651 -0.201689 -0.495089 -0.351660 -0.158605 -0.320023 0.226768 -0.009137 0.353720 0.117539 0.209596 -0.151614 0.013665 -0.039317 -0.175187 -0.075054 0.009270 -0.211152 -0.145535 -0.034331 -0.175487 -0.391665
-0.238099 -0.357208 0.102406 -0.033401 0.363140 0.204949 -0.032906 -0.074191 0.181574 0.118561 -0.464283 -0.187893 -0.544711 -0.389575 0.024721 0.011211 -0.305474 -0.119261 -0.279242 -0.168967 0.179365 0.210433 0.349454 0.211099 1.000000 0.611366 0.343121 0.305028 -0.158619 -0.043350 0.298281 0.460011 -0.383236 0.123072 0.119764 0.162092 -0.005152 0.042956 0.131442 0.227385 -0.143213 -0.281685 0.021514 0.112183 0.168927 0.332012 -0.083697 0.234117 -0.261182 -0.113560 -0.069726 -0.126050 -0.332991 -0.168093 -0.001033 -0.095949 -0.247729 -0.284121 -0.204544 -0.314850 -0.335808 -0.235664 -0.375794 -0.348327 0.017440 0.022421 -0.181181 0.182179 -0.148529 -0.130541 0.245343 0.121109 -0.149341 -0.061535 -0.022888 0.167729 -0.122322 0.076887 -0.112520 -0.149128 -0.204989 -0.147707 -0.048140 -0.021397 -0.200717 -0.346274 -0.273639 -0.020027 0.249244 0.130879 0.175081 0.293750 0.165532 0.349863 0.175665 0.079533 0.123741 0.171894 -0.170968 0.043351 0.027933 0.078041 0.099009 0.149977 0.254583 0.331127 0.064788 0.114488 0.078550 0.284686 0.404924 0.168364 0.335810 0.239443 0.025382 -0.114516
-0.230152 -0.308802 -0.133181 0.095607 0.213131 0.239773 -0.201479 0.032479 -0.088577 0.118326 -0.473511 -0.082915 -0.452724 -0.145104 0.031323 0.039449 -0.328683 -0.103819 -0.213963 -0.175693 0.319706 0.386820 0.183666 0.268769 0.611366 1.000000 0.393688 0.588317 -0.179979 0.065312 0.164357 0.490551 -0.302470 0.189021 0.220706 0.215015 -0.054948 0.078459 0.265234 0.335328 -0.064113 -0.110433 -0.074373 0.021204 -0.048391 0.157603 -0.094553 0.173907 -0.424462 -0.184908 -0.008509 -0.248066 -0.231168 -0.101927 0.035803 -0.164482 -0.137635 -0.241649 -0.272836 -0.197142 -0.356864 -0.213972 -0.276762 -0.343765 0.052879 0.057797 -0.156106 0.012753 -0.123454 -0.161137 0.238744 0.205830 -0.234238 0.042236 -0.124219 0.220457 -0.078236 0.134564 -0.120012 -0.226409 -0.256241 -0.284945 0.182919 0.118043 -0.024831 -0.050077 -0.105735 0.095379 0.240736 0.144952 0.317057 0.217172 0.328381 0.256205 0.038240 -0.072746 -0.013014 0.032840 -0.031098 -0.056823 0.072279 -0.029203 0.091100 -0.006693 -0.023784 0.091632 -0.032433 -0.012737 0.049881 0.109253 0.265991 -0.013368 0.201817 0.074896 -0.077055 -0.264807
-0.006330 -0.220323 0.048436 0.185702 0.765504 0.782836 0.045883 0.093444 0.242210 0.160949 -0.268199 -0.047557 -0.185146 0.076688 0.458606 0.448509 -0.202882 -0.081955 0.030965 0.091483 0.597773 0.692929 0.210984 0.333658 0.343121 0.393688 1.000000 0.844362 -0.036957 -0.089845 0.373122 0.397574 -0.292979 0.119010 0.030210 0.064442 -0.122056 0.054409 0.487908 0.387547 -0.081368 0.089539 -0.336162 -0.249582 -0.135766 0.056727 -0.384838 -0.261203 -0.312995 -0.302774 -0.183466 -0.339144 -0.376013 -0.491805 0.283232 -0.296052 -0.144114 -0.275447 -0.218614 -0.217624 -0.282031 -0.134953 -0.234428 -0.358660 0.046292 0.055800 -0.235405 0.089038 -0.197771 -0.243762 -0.084348 0.345691 -0.190535 -0.174508 -0.247017 0.022524 -0.382912 -0.207587 -0.263382 -0.072810 -0.094700 -0.486841 0.222629 0.245019 0.129342 -0.023369 -0.292241 0.290786 0.627654 0.191612 -0.149826 0.060200 0.064916 0.098371 0.112842 -0.040802 0.052131 -0.051455 -0.244683 -0.305950 -0.108878 -0.224080 -0.017039 -0.043489 0.180105 0.054651 0.041129 -0.019484 -0.157348 0.064167 0.038510 -0.055270 -0.082861 -0.003128 -0.117793 -0.169979
0.008388 -0.111040 -0.214890 0.040502 0.537860 0.701064 -0.172780 -0.020224 0.031834 0.071888 -0.313204 -0.118802 -0.177461 0.065607 0.394868 0.374683 -0.163058 0.005542 -0.046946 -0.075672 0.571959 0.660458 0.103965 0.231675 0.305028 0.588317 0.844362 1.000000 -0.076890 0.007793 0.219139 0.308639 -0.122647 0.182986 0.005820 0.112666 0.019249 0.135900 0.518632 0.446317 0.069802 0.151456 -0.227787 -0.072750 -0.154267 0.044780 -0.228913 -0.164186 -0.340812 -0.204914 -0.061706 -0.239254 -0.249136 -0.361006 0.271509 -0.228904 -0.015796 -0.104986 -0.235045 -0.127596 -0.313706 -0.235131 -0.165177 -0.339417 -0.052440 0.009443 -0.212607 -0.033742 -0.049454 -0.192669 -0.060039 0.334650 -0.191413 -0.110426 -0.201905 0.018718 -0.223787 -0.181802 -0.246930 0.032947 -0.166204 -0.420435 0.369319 0.253494 0.123995 0.092838 -0.109930 0.421813 0.525906 0.135529 -0.130046 -0.036617 0.014906 0.053226 0.040000 -0.060902 0.080175 -0.015235 -0.172580 -0.243935 -0.100739 -0.248912 -0.115806 -0.151371 0.044661 0.005814 0.018881 0.009534 -0.184956 -0.004506 0.038801 -0.058897 -0.074255 -0.014844 -0.030225 -0.145929
0.181318 0.233426 -0.225062 -0.061165 0.251873 0.020801 -0.050413 -0.295794 0.352334 -0.034671 0.446280 0.009492 0.351327 0.277654 0.412033 0.257087 0.383250 0.364392 0.422374 0.444365 -0.010903 0.034642 -0.219723 -0.250580 -0.158619 -0.179979 -0.036957 -0.076890 1.000000 0.271519 0.359645 0.064565 0.073375 0.159227 -0.028543 -0.012571 0.325535 -0.191095 0.232326 0.052176 0.526811 0.017562 -0.277938 -0.148921 -0.275637 -0.323628 -0.090311 -0.306996 -0.092329 -0.007085 -0.310855 -0.169852 -0.110428 -0.024601 0.052821 0.208269 0.196215 0.139641 0.221345 0.067378 0.323470 0.072925 0.258534 0.242867 -0.245799 -0.309528 0.022486 -0.232679 0.151720 0.157513 -0.128616 -0.129999 0.744839 -0.215562 0.095551 -0.263358 0.081422 -0.205130 0.158797 0.309302 0.291441 0.268577 0.377260 0.595707 0.011091 0.246753 0.026675 0.221721 0.038713 -0.081940 -0.358600 -0.287041 -0.414263 -0.450644 0.017031 -0.127758 0.160242 -0.107123 0.141664 0.040661 -0.436165 -0.383069 -0.321792 -0.277711 -0.092139 -0.136092 -0.113066 -0.133293 -0.033595 -0.232291 -0.301520 -0.229005 -0.398707 -0.401941 -0.069599 0.196960
-0.031985 -0.032369 -0.459978 0.049481 0.043777 -0.025013 -0.449300 -0.010203 -0.260049 0.269289 0.188448 0.294532 -0.161228 0.179165 -0.066520 0.183717 0.397535 0.492058 -0.017904 -0.038723 0.159039 0.103246 -0.432381 -0.095433 -0.043350 0.065312 -0.089845 0.007793 0.271519 1.000000 0.100455 0.079954 0.174050 -0.068287 0.239356 0.540151 0.073298 0.245313 0.149736 0.220697 0.087142 0.264378 -0.244533 -0.070321 -0.000791 -0.069543 -0.140536 -0.026392 -0.380598 -0.088992 -0.436587 -0.334360 -0.180872 -0.180131 -0.254197 -0.184479 0.091432 -0.077029 -0.105277 -0.145376 0.117610 0.280659 0.257722 0.404695 -0.169340 0.054129 -0.005640 -0.093521 -0.150840 -0.330878 0.357599 0.398949 0.394110 0.445125 0.245197 0.016117 0.362379 0.510567 0.159392 0.431911 0.125544 0.174422 0.150532 0.493010 -0.235872 -0.030705 -0.153217 -0.066848 -0.288928 -0.238599 -0.098215 -0.174393 0.154936 -0.096618 0.082957 -0.155303 -0.050129 0.051277 -0.009074 -0.131750 0.179817 -0.047766 -0.137866 -0.187803 -0.219830 0.069285 0.001313 -0.168640 0.096395 0.091324 0.087879 0.040417 0.122434 -0.113429 -0.036560 0.058599
-0.094577 -0.239401 0.281308 0.020845 0.559522 0.225224 0.216560 -0.057970 0.358165 0.086759 0.001318 -0.054092 -0.101180 0.052526 0.271181 0.238666 -0.148089 0.032555 0.232734 0.293914 0.454019 0.236378 0.216645 0.053544 0.298281 0.164357 0.373122 0.219139 0.359645 0.100455 1.000000 0.580853 -0.213860 0.147416 0.036660 0.187664 0.062051 0.007921 0.212385 0.177474 0.095314 -0.022279 -0.387195 -0.293996 -0.259353 -0.073031 -0.452746 -0.169624 -0.168399 -0.385534 -0.399779 -0.358196 -0.363662 -0.298196 0.112008 -0.237995 -0.194473 -0.323615 0.117885 -0.086411 0.073830 -0.122470 -0.050177 -0.109629 -0.023685 -0.077031 0.033916 0.157291 -0.275054 -0.036200 0.029731 0.219330 0.275945 -0.003131 0.001949 0.191286 -0.048684 -0.007867 -0.150005 0.014491 -0.108296 -0.186164 -0.028871 0.261298 -0.232992 -0.209882 -0.169187 0.077680 0.401674 0.146240 -0.218846 0.160300 0.025964 0.121857 0.192663 0.017426 -0.128475 -0.038686 -0.249509 -0.143954 -0.161826 -0.122103 -0.103423 0.023993 0.149487 0.167414 -0.005432 0.037958 0.055539 0.085086 0.040378 -0.025262 -0.101633 -0.074165 0.005397 -0.093545
-0.373495 -0.483047 0.192730 0.042652 0.462706 0.296676 0.108429 0.031324 0.186380 0.077873 -0.158133 0.095421 -0.332840 -0.110838 0.109023 0.105652 -0.375532 -0.185301 -0.173658 0.001927 0.498357 0.371532 0.158283 0.206927 0.460011 0.490551 0.397574 0.308639 0.064565 0.079954 0.580853 1.000000 -0.278908 0.465649 0.435980 0.124042 -0.233024 0.004379 0.029622 0.102804 -0.198166 -0.157486 -0.005597 -0.016582 -0.026871 0.223852 -0.260965 0.234632 -0.322872 -0.418647 -0.464599 -0.476122 -0.472682 -0.310266 -0.112848 -0.420648 -0.463207 -0.540271 0.056982 -0.345505 -0.146300 -0.073217 -0.383198 -0.366139 -0.015424 0.037265 -0.136604 0.142770 -0.436681 -0.164715 0.185994 0.321231 -0.088390 0.153831 -0.144539 0.316229 -0.082168 0.170643 0.053586 -0.299861 -0.248903 -0.287957 -0.001837 0.197076 -0.377740 -0.458348 -0.425304 -0.157567 0.218834 -0.072759 0.124910 0.269606 0.339468 0.344603 0.134593 0.129950 -0.024809 0.076261 -0.318049 -0.256620 0.129757 0.080673 0.103350 0.223264 0.300556 0.361535 0.069951 -0.002324 0.091127 0.395394 0.436298 0.147757 0.161681 0.193825 0.164667 -0.228908
0.314336 0.402523 -0.420448 -0.214997 -0.354473 -0.148430 -0.341210 -0.124254 -0.228718 -0.102868 0.266880 0.008597 0.331636 0.090194 0.008922 -0.092458 0.367452 0.272860 0.099442 -0.027180 -0.196483 -0.222746 -0.357220 -0.323199 -0.383236 -0.302470 -0.292979 -0.122647 0.073375 0.174050 -0.213860 -0.278908 1.000000 0.413555 0.063172 0.050809 -0.030195 -0.128237 -0.166739 -0.130425 0.211771 0.116171 0.210245 0.249693 0.118319 -0.058578 0.231004 -0.158115 0.100170 0.256211 0.186141 0.106279 0.050015 0.103458 -0.391356 0.117189 0.407914 0.485052 0.101278 0.214665 0.191783 0.181793 0.348549 0.315174 -0.041082 0.000256 0.136877 -0.103214 0.293041 0.147558 -0.196739 -0.266120 0.171425 -0.088141 0.105408 -0.280558 0.156024 -0.212922 0.222037 0.420075 0.355446 0.421514 0.213583 0.100526 0.159265 0.162664 0.225373 0.228364 -0.353062 -0.516149 -0.363410 -0.499752 -0.278766 -0.289801 -0.349840 -0.123583 -0.093152 -0.092642 -0.004771 -0.071363 0.054388 0.022610 -0.297129 -0.328110 -0.134152 -0.151172 -0.066068 -0.130986 -0.250725 -0.255760 -0.320797 -0.039004 -0.071895 -0.075946 0.189283 -0.019900
0.192260 0.200217 -0.178830 -0.223495 0.129577 0.208399 -0.297257 -0.259057 0.154781 -0.052763 -0.011897 -0.176136 -0.052399 -0.155002 0.085782 -0.120486 0.082919 0.155257 -0.035084 0.078663 -0.032431 0.043612 -0.016153 -0.166298 0.123072 0.189021 0.119010 0.182986 0.159227 -0.068287 0.147416 0.465649 0.413555 1.000000 0.443384 0.115835 -0.280659 -0.304128 -0.139350 -0.041493 0.031368 -0.162924 0.383749 0.372082 0.206464 0.188602 0.216867 0.102938 0.058542 0.059774 -0.134931 -0.130625 -0.224350 0.044548 -0.414297 -0.041685 0.178977 0.218215 0.179239 -0.125785 -0.045160 0.095640 -0.110610 -0.067974 -0.175102 -0.096658 -0.073378 0.029305 0.180554 0.244504 -0.238942 -0.217280 0.004146 -0.307799 -0.161201 -0.148488 -0.272797 -0.314667 0.242892 0.098032 0.122509 0.140469 0.110069 0.167280 -0.052834 -0.235093 -0.185672 0.000282 -0.088296 -0.581678 -0.262741 -0.326714 -0.222411 -0.126296 -0.325454 0.028564 0.106054 -0.055636 -0.142173 -0.193157 -0.083652 -0.179089 -0.288705 -0.186827 0.245391 0.146074 0.025221 -0.056072 -0.156052 0.058947 -0.003839 0.066656 0.014301 0.008161 0.262564 -0.077649
-0.317816 -0.335652 -0.080235 -0.156722 -0.007541 0.067076 -0.099722 -0.088257 -0.066660 -0.081057 -0.229002 0.015517 -0.248992 -0.146734 -0.128213 -0.112292 -0.192525 0.036706 -0.336098 -0.298684 0.218276 0.167047 -0.117232 -0.011704 0.119764 0.220706 0.030210 0.005820 -0.028543 0.239356 0.036660 0.435980 0.063172 0.443384 1.000000 0.389259 -0.317197 0.052596 -0.057050 0.021289 -0.301839 -0.105489 0.328188 0.399604 0.324756 0.419303 0.040107 0.342100 -0.071575 -0.110245 -0.287944 -0.165197 -0.378195 -0.118165 -0.390573 -0.185216 -0.296680 -0.292847 0.115098 -0.205396 -0.033338 -0.013039 -0.234277 -0.256570 -0.128337 0.003831 0.179586 0.380885 -0.346259 -0.167280 0.061735 0.227003 0.009661 0.159307 0.145705 0.024005 -0.009727 0.193394 0.228092 0.008086 -0.238063 -0.097058 -0.090627 -0.018751 -0.250436 -0.322323 -0.412701 -0.193391 -0.291325 -0.456490 -0.013295 0.003298 0.093079 0.077591 0.005343 0.042111 0.070866 0.042792 -0.264956 -0.292208 0.051262 0.075090 -0.138919 0.070015 0.215256 0.360996 0.272570 0.078190 0.188672 0.336908 0.375682 0.110427 0.107100 0.047882 0.127164 -0.222451
-0.100441 -0.173030 -0.172440 0.001323 0.092852 0.115331 -0.253693 0.008668 -0.146708 0.256348 -0.281349 0.045558 -0.373573 0.022880 -0.022840 0.148455 -0.040419 0.362152 -0.116438 -0.139167 0.172551 0.236729 -0.166777 0.020589 0.162092 0.215015 0.064442 0.112666 -0.012571 0.540151 0.187664 0.124042 0.050809 0.115835 0.389259 1.000000 -0.103962 0.180090 0.112678 0.236159 -0.235093 0.300482 -0.090035 0.169855 0.025057 0.186179 -0.248141 0.169317 -0.221232 -0.217870 -0.290094 -0.151107 -0.215676 -0.241573 -0.291432 -0.312079 -0.103546 -0.204693 -0.122992 -0.084536 -0.014734 0.170100 0.036156 0.140139 -0.041943 0.101769 0.075108 0.480420 -0.282965 -0.434522 0.307178 0.357274 0.051025 0.258823 0.055856 0.235168 0.108034 0.460217 -0.237418 0.392681 -0.167719 -0.230647 -0.050418 0.145823 -0.222864 -0.188083 -0.361410 -0.192401 -0.171184 -0.149344 -0.041144 0.004676 0.218541 0.156962 0.086159 -0.425557 -0.240342 -0.305400 -0.225324 -0.296446 0.158347 -0.038125 0.023622 -0.074541 -0.182266 0.184690 0.222212 -0.004267 0.170004 -0.182162 0.040329 -0.220865 0.103932 -0.204977 -0.164241 -0.142010
