1.000000 0.446138 0.344559 0.013211 0.141146 0.169976 0.310217 0.252894 0.490901 0.462024 0.615611 0.466813 0.404514 0.300648 0.471790 0.277837 0.153999 -0.380691 -0.309136 -0.394416 -0.172210 -0.331801 0.178204 0.176016 -0.070371 -0.205402 -0.054777 -0.121957 0.030431 -0.037826 -0.347461 -0.304268 -0.378210 -0.151921 -0.204973 0.111710 -0.246145 -0.315700 -0.186310 -0.089796 -0.199659 -0.361690 0.034434 -0.110483 -0.243435 -0.062977 -0.379550 -0.217534 0.090767 -0.360986 0.031174 -0.132633 -0.109422 -0.073089 -0.172569 -0.274579 -0.106563 -0.140739 0.500984 -0.219039 0.330078 0.198443 -0.373308 -0.316808 0.292746 0.436123 0.120186 0.147845 -0.144953 0.177886 -0.300675 -0.284919 -0.321661 -0.357313 -0.249385 -0.229080 -0.060495 0.035261 -0.173806 -0.330195 -0.406116 -0.392287 -0.109138 -0.028115 -0.105538 0.018038 0.026099 -0.026508 0.192976 0.010827 -0.189350 0.111206 0.297073 0.395636 -0.018394 -0.224564 -0.215149 -0.041996 -0.329976 -0.331726 -0.070089 0.012256 -0.265506 0.091002 -0.232977 -0.242728 -0.158451 -0.170329 0.073443 -0.237128 -0.086282 -0.357545 0.130338 0.133837 0.156025 -0.095633
0.446138 1.000000 0.047861 0.352919 0.054040 0.243340 -0.053976 0.299735 0.270683 0.577766 0.370479 0.720852 0.428085 0.626230 0.427850 0.603750 0.102034 -0.076888 -0.228922 0.102319 0.120219 -0.012261 -0.003063 0.228478 -0.061067 -0.235472 0.171496 0.109443 0.098186 0.267288 -0.143266 -0.089334 -0.492587 -0.483919 -0.542482 -0.365953 -0.162343 -0.287556 -0.030787 -0.044843 -0.137889 -0.180709 0.050092 -0.103790 -0.470245 -0.316287 -0.415707 -0.038557 -0.224282 -0.349444 -0.438101 -0.258523 -0.346685 -0.215308 -0.189480 -0.371030 0.016985 0.104980 0.136446 0.156352 0.173342 0.543631 -0.336399 -0.044049 -0.112294 0.339294 -0.098457 -0.205013 0.281969 -0.123167 0.025263 -0.274655 -0.162273 -0.218896 -0.195068 0.230401 -0.105410 0.161828 -0.154222 -0.113152 -0.239171 -0.301906 -0.011787 0.343457 -0.039894 0.113807 -0.042335 0.202716 0.301870 -0.043530 0.175266 -0.099713 0.441323 0.169892 0.021688 -0.159362 -0.259936 -0.032338 -0.274534 -0.275932 0.101329 -0.117137 -0.132805 -0.086458 -0.181049 -0.222595 -0.376277 -0.271280 0.190172 -0.327773 -0.313037 -0.148545 -0.070245 0.095272 0.105147 -0.364002
0.344559 0.047861 1.000000 -0.167470 0.293333 0.133388 0.630288 0.568643 0.566060 0.441586 0.192455 0.144578 0.502644 0.276630 0.310851 -0.016805 -0.215484 -0.337892 -0.208792 -0.400020 -0.042986 -0.194175 0.229464 0.009067 0.009114 0.265135 -0.163338 -0.120390 -0.046690 0.075871 -0.026173 0.076223 -0.125944 0.341365 0.132782 0.323822 -0.554181 -0.410870 -0.573095 -0.320760 -0.317492 -0.265191 0.070217 -0.007044 -0.114671 0.142152 -0.123021 0.038043 -0.190560 -0.265278 -0.072770 -0.145498 -0.321679 -0.162086 -0.469655 -0.192842 -0.557172 -0.456500 0.290117 -0.137374 0.373407 0.204224 -0.449316 -0.449703 0.463437 0.390769 0.392405 0.452658 -0.114088 0.402462 -0.139485 -0.089946 -0.194539 -0.243692 -0.003953 -0.339039 -0.291407 -0.268155 -0.477505 -0.508466 -0.508623 -0.463229 -0.200502 -0.007728 -0.288284 -0.404721 -0.141307 -0.414872 0.220458 -0.198240 -0.377601 0.333808 0.146577 0.360748 0.036116 -0.232276 -0.158978 -0.171856 -0.325465 -0.194018 0.181450 0.212716 -0.120188 0.093687 -0.159217 -0.069601 0.148500 -0.095207 0.059826 -0.144975 0.098303 -0.263164 0.283658 -0.192716 0.013089 0.093932
0.013211 0.352919 -0.167470 1.000000 -0.107877 0.382650 0.038640 0.469271 0.015026 0.297175 -0.017027 0.369024 -0.122216 0.154339 -0.151822 0.274501 -0.316579 -0.219698 0.115615 0.161252 0.004100 0.207530 -0.008718 0.560314 -0.073742 0.139276 0.195719 0.245331 -0.120371 0.027469 0.005870 0.238512 -0.457694 -0.468227 -0.321186 -0.354259 -0.200657 -0.195409 0.021954 0.087604 -0.155668 -0.252759 0.054026 0.073720 -0.258782 -0.031127 -0.205998 0.095527 -0.038419 -0.225184 -0.292156 -0.104661 -0.307172 -0.001779 -0.110977 -0.237679 0.000024 0.052294 -0.141678 -0.138111 -0.210115 0.098989 -0.355848 -0.237487 0.058740 0.442514 -0.362817 -0.060770 -0.014865 -0.119732 0.108725 -0.014764 -0.281947 0.001602 -0.244336 -0.078596 -0.216691 0.127172 0.005900 -0.087215 -0.232779 -0.270693 0.026362 0.431463 -0.074961 0.435623 0.071502 0.302474 0.016690 0.020116 0.270086 0.049636 0.537455 0.207172 -0.062925 0.159622 -0.165025 -0.168639 -0.104018 -0.304702 0.271469 0.016194 0.033981 -0.206324 -0.298335 -0.048941 -0.102159 0.013376 0.335014 -0.192238 -0.237051 -0.205682 -0.091471 0.163584 -0.115257 -0.347221
0.141146 0.054040 0.293333 -0.107877 1.000000 0.316449 0.127802 0.211047 0.446699 0.437492 0.338730 0.209821 0.156565 0.047474 0.247328 -0.089191 -0.390410 -0.467752 -0.348374 -0.206181 -0.118457 -0.058501 0.126677 0.085549 0.184393 0.061028 -0.098851 -0.084737 -0.195786 -0.238432 -0.268490 -0.190457 -0.358337 -0.064382 -0.039620 0.374646 -0.243090 -0.005568 0.088723 0.171776 0.104757 -0.196548 0.292367 0.192258 -0.079546 0.297706 0.078128 0.305830 0.180774 -0.117609 0.029051 -0.101032 -0.384529 -0.089471 -0.239392 0.042571 -0.354689 -0.186420 0.209121 -0.137197 -0.152252 -0.138133 -0.538413 -0.506946 0.190118 0.249423 0.275957 0.375971 0.188001 0.507501 -0.086828 -0.146409 -0.239135 0.034925 -0.021060 0.011050 0.014908 -0.079634 -0.446416 -0.315532 -0.461686 -0.454867 -0.333453 -0.104360 -0.127667 -0.186735 0.144770 0.094377 0.057543 -0.276500 0.022363 0.218021 0.095967 0.343254 0.194983 -0.012326 0.257228 0.174221 -0.102677 -0.063150 -0.126715 -0.035598 0.010861 0.185067 0.356916 0.172161 -0.144607 -0.021102 -0.007628 -0.072300 0.363316 0.016407 0.132940 0.280183 0.248156 0.101472
0.169976 0.243340 0.133388 0.382650 0.316449 1.000000 0.175448 0.533961 0.283825 0.542825 0.334851 0.290414 0.055450 0.169430 0.068177 0.201234 -0.470779 -0.604684 -0.257802 -0.115095 0.072116 0.376529 0.039757 0.419812 0.360126 0.452450 0.289099 0.547549 -0.245711 -0.150924 -0.001459 0.317203 -0.475387 -0.320028 -0.313484 -0.056872 -0.231792 -0.200134 0.017070 0.007899 0.069816 -0.182847 0.247342 0.327274 -0.148513 0.304283 -0.138750 0.380025 0.115771 -0.155673 -0.023982 0.111828 -0.395013 0.028796 -0.194665 -0.232495 -0.122327 -0.054635 -0.087757 -0.145379 -0.389564 -0.195499 -0.572508 -0.578084 -0.126412 0.274147 -0.238456 0.388422 0.080456 0.324017 0.265990 0.234377 -0.376427 0.209965 -0.045720 0.079273 -0.118313 0.103433 -0.231722 -0.476607 -0.381303 -0.483919 -0.126616 0.308167 -0.119889 0.034083 0.025022 0.225096 -0.058737 -0.447726 0.250025 -0.029701 0.356277 0.311037 0.184579 -0.070513 0.202663 -0.027926 -0.049607 -0.370671 0.202226 -0.153101 0.193470 -0.184177 -0.053753 -0.035567 -0.201891 -0.129271 0.067191 -0.207227 0.210432 -0.063227 0.065267 0.304336 0.003242 -0.272572
0.310217 -0.053976 0.630288 0.038640 0.127802 0.175448 1.000000 0.477069 0.537635 0.290720 0.035393 -0.010361 0.438444 0.062114 0.221792 -0.041948 -0.160989 -0.233965 0.121966 -0.249273 0.001253 -0.039154 0.204078 0.147339 0.015982 0.311021 -0.189775 -0.167188 0.218916 0.243777 0.224501 0.225966 0.079532 0.329605 -0.046993 0.030897 -0.194473 -0.509852 -0.538292 -0.454414 -0.245444 -0.386752 0.102276 -0.149655 -0.007924 -0.095973 -0.094413 -0.180456 -0.177668 -0.347129 -0.047087 -0.132942 -0.087895 0.086154 -0.494926 -0.380207 -0.369674 -0.304469 0.223618 -0.108752 0.363445 0.058574 -0.233539 -0.256792 0.497620 0.233041 0.243565 0.159894 -0.104921 0.088698 -0.007481 0.074471 0.122542 -0.105208 -0.080880 -0.270103 -0.101048 -0.189308 -0.278822 -0.421074 -0.289102 -0.242138 -0.039777 0.145445 -0.356495 -0.357620 -0.166300 -0.313472 -0.113834 -0.122452 -0.121051 0.393631 0.137305 0.293320 0.035617 -0.380344 -0.290237 -0.330327 -0.081310 -0.331164 0.266326 0.445095 0.026988 0.030616 -0.156130 -0.074897 0.155368 -0.147646 0.060289 -0.292594 -0.089723 -0.453720 0.138337 -0.204461 0.014893 0.106462
0.252894 0.299735 0.568643 0.469271 0.211047 0.533961 0.477069 1.000000 0.508864 0.667639 0.220402 0.429073 0.364948 0.457452 0.143525 0.266112 -0.435490 -0.460915 -0.168787 -0.225978 -0.050885 0.080606 -0.003888 0.297927 0.084517 0.419170 0.076014 0.238372 -0.189154 0.101535 -0.108234 0.292192 -0.474125 -0.140115 -0.257214 0.014116 -0.509469 -0.465263 -0.408637 -0.209055 -0.357096 -0.483995 0.352192 0.340451 -0.227789 0.308936 -0.137595 0.314256 -0.229383 -0.193135 -0.290577 -0.176527 -0.628174 -0.181512 -0.455670 -0.247522 -0.499490 -0.403758 -0.133136 -0.113712 -0.002556 0.252680 -0.675975 -0.586709 0.239086 0.653543 0.033769 0.514258 -0.090548 0.255039 0.073693 0.122530 -0.434650 -0.085964 -0.204849 -0.223918 -0.319626 -0.057240 -0.457586 -0.485453 -0.597840 -0.646065 -0.241120 0.258578 -0.369041 -0.119734 -0.024349 -0.051725 0.002499 -0.372252 -0.009397 0.087726 0.417373 0.334862 0.053663 -0.162279 -0.029724 -0.107300 -0.344298 -0.434195 0.390603 0.055580 0.076913 -0.045261 -0.124178 -0.075284 -0.012483 -0.124485 0.078540 -0.239656 -0.001917 -0.357084 0.235631 -0.075727 -0.025875 -0.236425
0.490901 0.270683 0.566060 0.015026 0.446699 0.283825 0.537635 0.508864 1.000000 0.719318 0.506576 0.446879 0.694540 0.431017 0.654742 0.324989 -0.119871 -0.438554 -0.204814 -0.313552 -0.206435 -0.261401 -0.030435 0.065943 0.164247 -0.048957 -0.311859 -0.193538 0.194707 0.160519 -0.394263 -0.237301 -0.391800 -0.050332 -0.277840 0.116905 -0.212346 -0.233493 -0.210406 -0.047787 -0.195554 -0.515039 0.152072 -0.053875 -0.323536 -0.031967 -0.345655 0.005446 -0.178132 -0.324596 -0.115258 -0.291322 -0.341810 -0.241504 -0.410546 -0.215317 -0.570758 -0.406822 0.361372 -0.187919 0.374064 0.280818 -0.519839 -0.440258 0.261539 0.462095 0.197027 0.273778 -0.119192 0.298836 -0.290005 -0.241712 -0.169836 -0.277449 -0.161052 -0.160531 -0.143671 -0.300201 -0.479135 -0.505059 -0.546032 -0.537313 -0.395912 0.054148 -0.399287 -0.283607 -0.149442 -0.154904 -0.007280 -0.239178 -0.137262 0.385986 0.304883 0.552398 0.188607 -0.139979 -0.014089 -0.123872 -0.284551 -0.238986 0.143751 0.336817 -0.093083 0.233873 0.024895 0.178330 -0.101605 -0.283626 0.080280 -0.382843 -0.007394 -0.232479 0.157886 0.047971 0.419148 -0.070144
0.462024 0.577766 0.441586 0.297175 0.437492 0.542825 0.290720 0.667639 0.719318 1.000000 0.542050 0.691481 0.548436 0.574987 0.504982 0.448669 -0.277017 -0.540834 -0.441351 -0.221399 -0.173765 -0.168219 0.019627 0.296186 0.069897 0.051546 0.024631 0.102463 -0.069151 0.072961 -0.419249 -0.075733 -0.686662 -0.340759 -0.293271 0.066884 -0.397204 -0.251594 -0.193820 0.051238 -0.185069 -0.475803 0.197861 0.089628 -0.464412 0.077043 -0.376391 0.184390 -0.135863 -0.371485 -0.242936 -0.304406 -0.617368 -0.318069 -0.386285 -0.299405 -0.445844 -0.280470 0.135755 -0.228454 0.084644 0.303587 -0.708488 -0.595873 0.137524 0.702218 -0.038534 0.349829 -0.001668 0.306752 -0.118090 -0.127693 -0.411109 -0.223085 -0.250280 -0.136145 -0.263148 -0.055094 -0.477092 -0.512181 -0.617346 -0.671706 -0.377498 0.152248 -0.301958 -0.037469 -0.073814 -0.003752 0.165466 -0.299786 0.106639 0.217573 0.620357 0.518733 0.162767 -0.145927 -0.005744 0.029132 -0.259875 -0.311341 0.201401 0.034782 0.008781 0.117478 0.065284 0.046113 -0.186046 -0.276275 0.089429 -0.309730 0.142510 -0.257612 0.107206 0.115213 0.294949 -0.144719
0.615611 0.370479 0.192455 -0.017027 0.338730 0.334851 0.035393 0.220402 0.506576 0.542050 1.000000 0.662224 0.443325 0.507251 0.609418 0.326155 0.030444 -0.321113 -0.335973 -0.214618 -0.197281 -0.337049 -0.065485 0.221156 0.020924 -0.180083 0.059571 0.090798 0.042253 -0.202098 -0.539877 -0.427257 -0.553824 -0.448543 -0.109196 0.113863 -0.153234 0.079993 0.122723 0.249597 -0.107528 -0.094798 -0.039152 0.027059 -0.483162 0.009835 -0.427778 -0.078667 0.130296 -0.399256 0.110819 -0.074367 -0.258489 -0.105740 0.023470 -0.029201 -0.258730 -0.115255 0.295936 -0.368904 -0.058542 -0.020111 -0.497590 -0.441007 0.001792 0.333894 -0.001648 0.253574 0.182626 0.305893 -0.241614 -0.125226 -0.359373 -0.131282 0.041981 -0.011646 0.157096 -0.042328 -0.401575 -0.292974 -0.527589 -0.483773 -0.142840 -0.067194 0.094246 0.029731 0.083488 0.068328 0.146736 -0.124528 -0.019048 0.118200 0.219725 0.465757 0.100952 -0.033577 0.155437 0.248345 -0.191192 -0.057062 0.025176 -0.041033 -0.052222 0.096352 0.050055 -0.116507 -0.287412 -0.192654 -0.038641 -0.094458 0.098446 -0.111118 0.231382 0.316079 0.179962 -0.033457
0.466813 0.720852 0.144578 0.369024 0.209821 0.290414 -0.010361 0.429073 0.446879 0.691481 0.662224 1.000000 0.492891 0.814966 0.535953 0.636754 0.014637 -0.231909 -0.217752 0.051497 -0.135644 -0.243342 -0.148673 0.327816 -0.054241 -0.197709 0.105396 0.117560 0.149456 0.185524 -0.474207 -0.212288 -0.615253 -0.530639 -0.403252 -0.221410 -0.226419 -0.123564 -0.056084 0.200777 -0.189808 -0.194897 -0.018243 0.000967 -0.606530 -0.162173 -0.427332 0.068180 -0.060552 -0.395296 -0.181157 -0.246946 -0.431927 -0.210052 -0.185411 -0.254351 -0.233669 -0.179477 0.110186 -0.234175 0.038007 0.310304 -0.451218 -0.345511 -0.082483 0.508893 -0.145215 0.019423 0.239204 0.073573 -0.115807 -0.215228 -0.265483 -0.214793 -0.041534 0.076461 -0.094377 0.002568 -0.300791 -0.251839 -0.427944 -0.478866 -0.087051 0.282280 -0.080793 0.147830 0.017172 0.113558 0.196880 -0.103126 0.140946 0.028920 0.525199 0.387243 -0.059020 -0.089152 -0.033250 0.045360 -0.222879 -0.207900 0.121281 -0.006670 -0.100614 -0.063205 -0.024935 -0.179433 -0.326930 -0.240783 0.041414 -0.223890 -0.151193 -0.176605 0.220363 0.215744 0.178807 -0.195183
0.404514 0.428085 0.502644 -0.122216 0.156565 0.055450 0.438444 0.364948 0.694540 0.548436 0.443325 0.492891 1.000000 0.631397 0.753239 0.448513 0.253030 -0.064181 -0.138298 -0.072739 -0.085244 -0.240424 -0.178804 -0.113333 0.015935 -0.156373 -0.265669 -0.228311 0.403287 0.382985 -0.300444 -0.258970 -0.159841 0.053433 -0.350485 -0.016725 -0.065032 -0.147989 -0.225332 -0.129301 -0.186084 -0.170186 -0.060984 -0.212167 -0.408644 -0.275954 -0.444560 -0.126655 -0.230946 -0.314475 -0.185968 -0.423322 -0.183428 -0.425092 -0.216162 -0.224201 -0.405860 -0.332585 0.304879 -0.086410 0.614337 0.524047 -0.159669 -0.096296 0.026312 0.355792 0.186382 0.009193 -0.000086 0.016179 -0.208820 -0.255890 0.095484 -0.221856 -0.025585 0.079288 -0.134105 -0.281822 -0.462790 -0.322773 -0.310613 -0.267940 -0.282161 -0.005359 -0.359393 -0.395702 -0.261777 -0.183593 0.163439 -0.037501 -0.099470 0.091010 0.267792 0.308223 0.032246 -0.206274 -0.194937 -0.134815 -0.261504 -0.279090 0.205206 0.338177 -0.117496 0.106301 0.053703 -0.074447 -0.093231 -0.403311 0.045608 -0.262455 -0.156402 -0.276442 0.083924 -0.041648 0.315447 -0.004168
0.300648 0.626230 0.276630 0.154339 0.047474 0.169430 0.062114 0.457452 0.431017 0.574987 0.507251 0.814966 0.631397 1.000000 0.538090 0.626751 0.154413 0.020569 -0.206105 -0.047878 -0.024699 -0.261930 -0.206010 0.076217 -0.018661 -0.173706 0.011936 0.027837 0.188452 0.401137 -0.392692 -0.139664 -0.450365 -0.333588 -0.335511 -0.153353 -0.210341 -0.144603 -0.197839 0.084384 -0.203709 -0.135140 0.010856 0.056492 -0.566317 -0.173077 -0.466299 0.032708 -0.276283 -0.261967 -0.267288 -0.242423 -0.360773 -0.298566 -0.231865 -0.232322 -0.362254 -0.335635 0.035489 -0.013481 0.226190 0.551207 -0.238772 -0.105655 -0.155689 0.389043 0.025658 0.019170 0.189925 -0.044473 -0.064758 -0.079029 -0.100051 -0.217650 0.013992 0.178612 -0.141257 -0.095126 -0.368020 -0.221030 -0.352652 -0.370134 -0.124450 0.237797 -0.197791 -0.091955 -0.097417 -0.064679 0.193267 -0.049016 0.100332 -0.064659 0.404639 0.236690 -0.113780 -0.170556 -0.140733 -0.061075 -0.271123 -0.199382 0.265539 0.063780 -0.084178 0.005579 -0.055678 -0.240163 -0.324610 -0.275588 -0.104636 -0.227626 -0.243135 -0.183164 0.202584 0.011050 0.119172 -0.082203
0.471790 0.427850 0.310851 -0.151822 0.247328 0.068177 0.221792 0.143525 0.654742 0.504982 0.609418 0.535953 0.753239 0.538090 1.000000 0.611737 0.258210 -0.115315 -0.110435 -0.004557 -0.164795 -0.287390 -0.012049 0.178420 0.023627 -0.321247 -0.061860 0.008389 0.464637 0.165057 -0.416544 -0.366085 -0.231726 -0.097818 -0.388916 -0.086068 -0.081452 -0.043232 0.099089 -0.103968 -0.049564 -0.113773 -0.186988 -0.221661 -0.579406 -0.476019 -0.493552 -0.198991 -0.091971 -0.450577 0.057918 -0.194425 -0.103671 -0.289072 -0.055956 -0.183635 -0.316732 -0.229285 0.353485 -0.246220 0.370704 0.274536 -0.175389 -0.149343 0.006428 0.224237 -0.006547 -0.133755 0.233593 0.073171 -0.224164 -0.224325 0.060103 -0.284414 0.006438 0.063380 -0.111144 -0.401735 -0.359390 -0.297877 -0.306097 -0.328845 0.043316 0.087512 0.007356 -0.116915 -0.158017 0.055191 0.220400 0.011476 0.004510 0.167716 0.048607 0.304207 -0.013328 -0.148569 -0.121964 -0.056821 -0.274882 -0.164744 0.101274 0.208789 -0.104340 0.161714 -0.048841 -0.056379 -0.288863 -0.236301 0.020320 -0.284474 -0.175904 -0.017749 0.046136 0.087210 0.230318 -0.006348
0.277837 0.603750 -0.016805 0.274501 -0.089191 0.201234 -0.041948 0.266112 0.324989 0.448669 0.326155 0.636754 0.448513 0.626751 0.611737 1.000000 0.153894 0.033970 -0.036326 0.067629 0.019036 -0.042195 -0.141727 0.287561 -0.080516 -0.213484 0.110673 0.216397 0.428029 0.350331 -0.212872 -0.062495 -0.354732 -0.321528 -0.454796 -0.402829 -0.016051 -0.147480 0.111417 0.001062 -0.056100 -0.055631 -0.088221 -0.020532 -0.577158 -0.423808 -0.438989 -0.081973 -0.136064 -0.323670 -0.043266 -0.094705 -0.156289 -0.213594 -0.054261 -0.259755 -0.083918 -0.135251 0.009346 -0.191504 0.166945 0.349801 -0.121311 -0.000371 -0.153737 0.278146 -0.388806 -0.295795 0.209493 -0.340669 -0.055410 -0.010995 0.054325 -0.248925 -0.042335 0.177051 -0.191219 -0.247760 -0.142880 -0.187575 -0.180901 -0.207886 0.134157 0.477524 0.031643 0.199565 -0.104887 0.325481 0.144552 0.000955 0.149715 -0.164641 0.237952 0.022898 -0.023501 -0.195153 -0.132179 -0.119356 -0.263752 -0.267822 0.111026 -0.100366 -0.209107 -0.131452 -0.141551 -0.036604 -0.312500 -0.221689 -0.110015 -0.328254 -0.442861 -0.128230 -0.034314 0.033565 0.219730 -0.208392
0.153999 0.102034 -0.215484 -0.316579 -0.390410 -0.470779 -0.160989 -0.435490 -0.119871 -0.277017 0.030444 0.014637 0.253030 0.154413 0.258210 0.153894 1.000000 0.576517 0.048654 0.134224 -0.067819 -0.227795 0.003687 -0.252995 -0.045211 -0.507579 -0.115533 -0.261799 0.459893 0.275818 -0.083793 -0.378743 0.333047 0.179982 -0.001364 0.028523 0.387162 0.147025 0.073637 -0.053243 -0.025605 0.248827 -0.444747 -0.475507 -0.086872 -0.434872 -0.402063 -0.508438 -0.275231 -0.089246 -0.031451 -0.284713 0.403439 -0.240570 0.058698 -0.121880 0.425062 0.289714 0.136926 0.185924 0.485910 0.339936 0.614221 0.613140 -0.131601 -0.214225 0.063759 -0.428243 -0.030010 -0.333720 -0.200172 -0.264389 0.362905 -0.142392 0.086252 0.193001 0.161519 0.036868 0.373077 0.450860 0.452783 0.485830 0.187995 -0.097529 0.164460 -0.031067 -0.144516 -0.121404 0.174985 0.396889 -0.227627 -0.319389 -0.150129 -0.189966 -0.320291 -0.125331 -0.305304 -0.120330 -0.151077 -0.020731 -0.178254 -0.043191 -0.246362 -0.059261 -0.154938 -0.230512 -0.013628 0.023262 -0.144417 0.055293 -0.279787 0.027659 -0.172178 -0.104239 -0.086577 0.069226
-0.380691 -0.076888 -0.337892 -0.219698 -0.467752 -0.604684 -0.233965 -0.460915 -0.438554 -0.540834 -0.321113 -0.231909 -0.064181 0.020569 -0.115315 0.033970 0.576517 1.000000 0.331836 0.348007 0.090339 -0.091075 -0.098586 -0.365627 -0.194238 -0.336228 -0.145148 -0.223494 0.364285 0.421044 0.224597 -0.086437 0.508244 0.145247 0.213460 -0.088770 0.417711 0.187734 0.083046 -0.102823 -0.035438 0.467439 -0.285424 -0.250526 0.139436 -0.377235 -0.066199 -0.268186 -0.281997 0.192915 -0.227984 -0.164556 0.328748 -0.057198 0.107747 0.024163 0.399363 0.317720 -0.258620 0.231258 0.217649 0.256018 0.718892 0.841819 -0.247067 -0.469421 -0.065993 -0.614100 0.114342 -0.607310 0.035139 0.032372 0.621673 0.077671 0.207959 0.226829 0.304277 -0.032294 0.421782 0.701255 0.601327 0.692054 0.201097 -0.060210 0.179371 -0.029996 -0.168103 -0.063976 -0.058860 0.368618 0.014094 -0.189855 -0.357877 -0.415283 -0.349385 -0.078782 -0.317982 -0.173782 0.169164 0.323609 0.076204 0.110939 0.055194 -0.081979 0.049359 -0.134741 0.075214 0.096529 -0.310329 0.209578 -0.371585 0.192676 -0.138813 -0.261817 -0.269834 0.225833
-0.309136 -0.228922 -0.208792 0.115615 -0.348374 -0.257802 0.121966 -0.168787 -0.204814 -0.441351 -0.335973 -0.217752 -0.138298 -0.206105 -0.110435 -0.036326 0.048654 0.331836 1.000000 0.571500 0.150528 0.014370 -0.067495 0.009604 -0.076920 0.008701 0.112166 -0.005725 0.407178 0.277417 0.375379 0.179538 0.460091 0.141204 -0.031276 -0.397425 0.222488 -0.060981 -0.010927 -0.217137 0.113358 0.176655 -0.088968 -0.191298 0.125648 -0.360222 0.291152 -0.108042 -0.052825 -0.002548 -0.015422 -0.095908 0.214424 0.220387 0.047619 -0.009692 0.143733 0.035330 -0.170116 -0.121525 -0.006352 -0.111972 0.309262 0.300594 -0.063441 -0.484231 -0.272390 -0.553890 0.196116 -0.363733 0.121903 0.126791 0.486616 0.271890 0.161273 0.173861 0.142556 -0.112336 0.275725 0.158393 0.411972 0.414738 0.377547 0.285913 0.199475 0.076658 -0.125965 -0.057146 -0.151458 -0.039187 0.143731 0.167977 -0.374685 -0.224159 -0.171736 0.165110 -0.113464 -0.218359 0.282877 0.098762 0.189058 0.353660 0.122715 -0.212807 -0.004591 0.020155 0.278186 0.274631 0.050617 0.171025 -0.379722 0.089907 0.108199 -0.248872 -0.326262 0.128998
-0.394416 0.102319 -0.400020 0.161252 -0.206181 -0.115095 -0.249273 -0.225978 -0.313552 -0.221399 -0.214618 0.051497 -0.072739 -0.047878 -0.004557 0.067629 0.134224 0.348007 0.571500 1.000000 0.215836 0.109792 -0.228359 0.091829 0.095326 -0.011060 0.245726 0.230344 0.281999 0.200901 0.110142 0.101071 0.353725 0.010483 -0.167669 -0.407890 0.208135 0.056037 0.163033 -0.121282 0.081267 0.265850 -0.162092 -0.223983 0.018766 -0.312798 0.157190 0.049979 -0.121817 0.000366 -0.218055 -0.290805 0.013452 -0.116162 0.025917 -0.139202 0.356090 0.376985 -0.328843 0.054882 -0.199919 -0.065243 0.299754 0.362695 -0.442927 -0.431730 -0.367051 -0.550930 0.334828 -0.194591 0.262565 0.056907 0.387736 0.307413 0.126656 0.266612 0.092663 -0.013038 0.282630 0.369834 0.503704 0.391052 0.304532 0.206975 0.322346 0.141970 -0.088339 0.108172 -0.026249 -0.125342 0.369330 -0.138890 -0.258890 -0.275006 -0.250236 0.189382 -0.043364 -0.104400 0.324411 0.122145 0.174575 0.136941 0.368683 -0.245293 0.116160 -0.054778 0.186115 0.181961 0.088630 0.207876 -0.070730 0.299161 0.079899 -0.094463 -0.247820 -0.017399
-0.172210 0.120219 -0.042986 0.004100 -0.118457 0.072116 0.001253 -0.050885 -0.206435 -0.173765 -0.197281 -0.135644 -0.085244 -0.024699 -0.164795 0.019036 -0.067819 0.090339 0.150528 0.215836 1.000000 0.395581 0.128309 0.142502 0.165396 0.373035 0.408134 0.237332 0.224721 0.153744 0.434842 0.440490 0.175364 0.136653 -0.034122 -0.198058 -0.023410 -0.161032 -0.124073 -0.028665 0.119989 0.275217 0.128149 0.100028 0.158925 0.028385 0.012520 -0.007166 -0.084441 0.038105 -0.168656 0.089033 -0.050391 0.058476 -0.060169 -0.225451 0.166162 0.182765 -0.097360 0.092254 -0.079913 -0.114378 0.107839 0.237241 -0.170024 -0.270720 0.004305 -0.151369 0.192493 -0.188193 0.435365 0.278043 0.213004 0.185993 0.083420 0.263765 -0.105868 0.183780 0.061314 0.110209 0.234065 0.228125 0.184385 0.364841 0.114692 -0.037514 -0.012704 0.060790 0.321770 -0.140903 -0.105304 -0.368660 -0.156165 -0.258563 -0.003922 -0.115218 -0.080528 -0.099366 -0.175585 -0.237270 -0.254843 -0.059584 0.000021 -0.377635 -0.048459 -0.100858 0.032407 0.022594 0.043632 -0.063647 -0.072583 -0.162920 -0.227743 -0.241972 -0.101278 -0.014986
-0.331801 -0.012261 -0.194175 0.207530 -0.058501 0.376529 -0.039154 0.080606 -0.261401 -0.168219 -0.337049 -0.243342 -0.240424 -0.261930 -0.287390 -0.042195 -0.227795 -0.091075 0.014370 0.109792 0.395581 1.000000 0.003737 0.245646 0.289155 0.392432 0.214153 0.479322 -0.093073 -0.071846 0.364598 0.472117 0.039545 -0.076191 -0.287914 -0.202476 0.167031 0.026527 0.272183 -0.144460 0.275525 0.215668 0.017562 0.185348 0.131815 0.134079 0.046727 0.204729 0.103578 0.109422 -0.058479 0.179346 -0.046996 0.108158 0.104180 0.012278 0.206067 0.170812 -0.194952 0.142202 -0.324202 -0.264549 -0.021661 -0.066251 -0.182748 -0.160151 -0.152293 0.037336 0.088152 -0.192037 0.541298 0.328810 0.014284 0.277565 0.092465 0.349966 -0.012584 0.208746 0.152722 0.044539 0.177622 0.059628 0.094562 0.366510 0.142187 0.137544 -0.084154 0.396303 -0.072104 -0.242016 -0.059066 -0.295492 -0.154450 -0.080821 0.281090 0.019853 0.125460 0.073890 -0.144037 -0.162165 -0.092680 -0.115636 0.003462 -0.206946 -0.131860 0.110738 -0.266007 -0.022013 0.168679 -0.130418 -0.059481 0.151850 -0.326926 0.022651 -0.101056 -0.415951
0.178204 -0.003063 0.229464 -0.008718 0.126677 0.039757 0.204078 -0.003888 -0.030435 0.019627 -0.065485 -0.148673 -0.178804 -0.206010 -0.012049 -0.141727 0.003687 -0.098586 -0.067495 -0.228359 0.128309 0.003737 1.000000 0.488829 0.060538 -0.082947 0.292538 0.021365 -0.000626 -0.093621 0.267288 0.127062 -0.144884 0.097109 0.231055 0.230813 -0.230757 -0.060773 -0.051640 -0.093774 0.138701 0.007936 -0.099953 -0.180578 -0.107892 -0.177362 -0.108441 -0.236123 -0.108750 -0.336263 0.012899 0.071836 0.006905 0.121767 -0.208774 -0.277766 0.122161 0.204669 0.072486 -0.195754 -0.025664 -0.181332 -0.159700 -0.108155 0.572688 0.111799 0.045026 -0.025458 0.007785 0.100742 -0.037039 0.104547 -0.103070 -0.007553 -0.004923 -0.040285 0.011906 0.193358 0.127873 -0.097490 -0.063772 -0.048072 0.345767 0.218317 0.200668 0.123413 0.192808 0.114376 0.391643 0.102779 -0.281598 0.258643 0.106066 0.173844 -0.181745 0.051020 -0.259206 -0.123649 -0.177025 -0.107464 -0.278019 -0.093992 -0.162457 -0.127910 -0.249006 -0.045868 0.116329 0.248159 0.105649 0.145867 0.048529 0.024005 -0.097902 0.121814 -0.297288 0.062430
0.176016 0.228478 0.009067 0.560314 0.085549 0.419812 0.147339 0.297927 0.065943 0.296186 0.221156 0.327816 -0.113333 0.076217 0.178420 0.287561 -0.252995 -0.365627 0.009604 0.091829 0.142502 0.245646 0.488829 1.000000 0.101594 0.209724 0.526021 0.526701 0.073105 -0.163652 0.081897 0.309279 -0.436589 -0.338137 -0.145928 -0.201674 -0.312774 -0.114041 0.154107 0.008418 0.072628 -0.080532 -0.180454 -0.028910 -0.485119 -0.216878 -0.299543 -0.136187 0.081709 -0.598268 0.132372 0.140951 -0.190981 0.127420 -0.050309 -0.345494 -0.036173 0.077410 -0.041692 -0.411855 -0.410132 -0.351787 -0.434109 -0.448938 0.230375 0.297006 -0.380746 -0.008029 0.238760 0.092333 0.221062 0.249456 -0.240885 0.029363 0.083416 -0.048840 -0.137856 0.076325 -0.108492 -0.276838 -0.307237 -0.394701 0.453964 0.556539 0.291454 0.477982 0.133434 0.357392 0.215536 -0.038327 0.107505 0.172720 0.256772 0.289303 -0.014024 0.086034 -0.114325 0.042417 -0.220244 -0.256188 0.011455 -0.053622 -0.052570 -0.265463 -0.331601 -0.056343 -0.117146 0.202051 0.249272 -0.049258 0.021466 -0.075862 -0.042834 0.189225 -0.213739 -0.114726
-0.070371 -0.061067 0.009114 -0.073742 0.184393 0.360126 0.015982 0.084517 0.164247 0.069897 0.020924 -0.054241 0.015935 -0.018661 0.023627 -0.080516 -0.045211 -0.194238 -0.076920 0.095326 0.165396 0.289155 0.060538 0.101594 1.000000 0.244317 0.161692 0.259259 0.015312 0.018180 0.018458 0.131482 -0.029186 0.034058 -0.264973 0.065608 0.100975 0.034933 0.054986 -0.030604 0.136440 0.053971 -0.112031 -0.023117 0.000132 0.165151 -0.105308 0.021021 -0.103636 0.020652 0.047716 0.014789 0.022732 -0.037746 -0.122068 -0.213320 0.064196 0.167293 -0.100139 0.151861 -0.113658 -0.137864 -0.075764 -0.075941 -0.204511 -0.149964 0.019046 0.182568 -0.034266 0.221020 0.086109 0.082479 0.004684 0.273143 0.097818 0.129645 -0.035361 -0.035252 0.021890 -0.130818 0.070190 -0.020002 0.031527 0.167602 0.070701 -0.095329 -0.049127 0.165710 0.023760 -0.307691 0.056843 -0.163125 -0.021604 0.151349 0.004280 0.115225 0.097728 -0.067530 0.003656 -0.175380 0.028482 -0.094070 0.380054 -0.134263 0.183050 -0.044640 0.022941 0.037119 0.066864 -0.005251 0.195812 0.238308 0.067051 0.123126 -0.041313 -0.203303
-0.205402 -0.235472 0.265135 0.139276 0.061028 0.452450 0.311021 0.419170 -0.048957 0.051546 -0.180083 -0.197709 -0.156373 -0.173706 -0.321247 -0.213484 -0.507579 -0.336228 0.008701 -0.011060 0.373035 0.392432 -0.082947 0.209724 0.244317 1.000000 0.358568 0.480909 -0.129706 0.005607 0.471787 0.783518 0.084994 0.270338 0.054781 0.049153 -0.254105 -0.295236 -0.313132 -0.151164 -0.082955 0.024289 0.206459 0.309215 0.248248 0.455750 0.183777 0.298025 0.060950 0.025936 0.098375 0.251294 -0.183422 0.184930 -0.177985 -0.090953 -0.168176 -0.189781 -0.345272 0.000642 -0.382301 -0.426016 -0.253738 -0.372490 -0.097877 -0.040374 -0.064094 0.459317 -0.056313 0.238493 0.422459 0.335932 -0.133320 0.193769 0.065027 -0.137001 -0.156788 0.048009 -0.224231 -0.204563 -0.149440 -0.213518 0.043042 0.258518 -0.153816 -0.266176 -0.133799 -0.221614 -0.184286 -0.340396 0.067077 -0.073321 -0.006509 -0.043348 0.248727 -0.134946 0.230802 -0.030372 -0.007860 -0.247877 0.207482 -0.035522 0.233455 -0.301613 0.021207 -0.058758 0.236885 0.052639 0.115063 -0.050803 0.393000 -0.279246 0.099018 -0.163832 -0.131976 -0.022065
-0.054777 0.171496 -0.163338 0.195719 -0.098851 0.289099 -0.189775 0.076014 -0.311859 0.024631 0.059571 0.105396 -0.265669 0.011936 -0.061860 0.110673 -0.115533 -0.145148 0.112166 0.245726 0.408134 0.214153 0.292538 0.526021 0.161692 0.358568 1.000000 0.698500 0.016322 -0.160567 0.326258 0.443922 -0.193237 -0.161127 -0.059406 -0.188173 -0.144486 -0.120640 0.095319 -0.006626 0.239129 0.225971 -0.064153 0.134960 -0.224007 -0.056696 -0.111470 0.124153 0.005773 -0.147410 0.067282 0.246810 -0.112055 0.164038 0.096321 -0.182528 0.128479 0.112745 -0.278228 -0.088420 -0.473159 -0.316968 -0.150915 -0.160705 -0.133036 -0.063838 -0.311683 0.006339 0.321313 0.069843 0.362512 0.288397 -0.157174 0.115356 0.028405 0.153050 -0.060538 0.298159 0.089632 -0.023375 0.034592 -0.072456 0.606523 0.443845 0.362574 0.213200 0.235274 0.182050 0.297412 -0.151955 0.170833 -0.119482 -0.003869 -0.052428 -0.139358 0.140572 0.025915 0.037473 -0.097652 -0.213241 0.061758 -0.281595 0.091406 -0.470233 -0.223151 -0.241863 0.041583 0.281238 0.151730 0.210930 0.063881 0.028747 -0.011965 -0.048468 -0.449427 -0.115550
-0.121957 0.109443 -0.120390 0.245331 -0.084737 0.547549 -0.167188 0.238372 -0.193538 0.102463 0.090798 0.117560 -0.228311 0.027837 0.008389 0.216397 -0.261799 -0.223494 -0.005725 0.230344 0.237332 0.479322 0.021365 0.526701 0.259259 0.480909 0.698500 1.000000 -0.108745 -0.132425 0.162852 0.474416 -0.157748 -0.258334 -0.241338 -0.271603 -0.072349 -0.139708 0.197052 -0.167977 0.240034 0.158768 -0.097212 0.289678 -0.227476 0.049441 -0.161856 0.267642 0.044047 -0.021760 0.092299 0.326649 -0.226244 0.079893 0.094160 -0.082319 0.091627 0.059839 -0.403774 -0.092004 -0.604688 -0.365897 -0.200702 -0.292161 -0.347803 -0.041383 -0.416799 0.153410 0.217922 0.042080 0.422312 0.408547 -0.167895 0.187356 0.181325 0.055947 -0.210951 0.058307 0.054012 -0.099751 0.001442 -0.156439 0.396978 0.460392 0.315322 0.236942 0.091558 0.298034 0.077231 -0.311927 0.230017 -0.222015 -0.092044 -0.083459 0.008655 0.041306 0.137703 0.095307 -0.104433 -0.194684 0.157843 -0.308111 0.171538 -0.372423 -0.171502 -0.076769 -0.060850 0.231721 0.161777 -0.065072 0.087685 0.113160 -0.077410 -0.039885 -0.296682 -0.244725
0.030431 0.098186 -0.046690 -0.120371 -0.195786 -0.245711 0.218916 -0.189154 0.194707 -0.069151 0.042253 0.149456 0.403287 0.188452 0.464637 0.428029 0.459893 0.364285 0.407178 0.281999 0.224721 -0.093073 -0.000626 0.073105 0.015312 -0.129706 0.016322 -0.108745 1.000000 0.501583 0.207210 0.045222 0.319811 0.270576 -0.112243 -0.261176 0.262964 -0.092409 -0.080900 -0.087760 -0.079402 0.245399 -0.284642 -0.384502 -0.153342 -0.509266 -0.246954 -0.387110 -0.148552 -0.254752 0.097701 -0.161956 0.262346 0.009503 -0.060589 -0.322859 0.140333 0.073009 0.075967 -0.189419 0.379308 0.098394 0.334481 0.358415 -0.082137 -0.202386 -0.167040 -0.525280 0.167955 -0.404819 0.045777 -0.025156 0.608067 -0.087701 0.169886 0.172803 0.127068 -0.285484 0.113875 0.112792 0.266695 0.299022 0.243629 0.286237 0.037484 -0.123813 -0.192538 -0.079722 0.060057 0.113092 -0.122221 -0.019843 -0.140248 -0.111859 -0.115241 -0.193283 -0.240865 -0.291731 -0.144271 -0.235360 -0.046460 0.249788 -0.103339 -0.341112 -0.002373 -0.080277 0.100436 0.026572 -0.118399 -0.068957 -0.367569 -0.196420 -0.069548 -0.251718 -0.028171 0.210479
-0.037826 0.267288 0.075871 0.027469 -0.238432 -0.150924 0.243777 0.101535 0.160519 0.072961 -0.202098 0.185524 0.382985 0.401137 0.165057 0.350331 0.275818 0.421044 0.277417 0.200901 0.153744 -0.071846 -0.093621 -0.163652 0.018180 0.005607 -0.160567 -0.132425 0.501583 1.000000 0.260600 0.288875 0.274184 0.218368 -0.235619 -0.233575 0.291078 -0.215729 -0.296762 -0.185227 0.035926 0.050089 -0.042075 -0.266392 -0.074020 -0.363337 -0.165458 -0.108150 -0.408883 -0.057232 -0.364622 -0.260072 0.020011 -0.030191 -0.361160 -0.359083 0.013083 -0.125777 -0.168641 0.200438 0.356773 0.414332 0.296963 0.392783 -0.240039 -0.164360 0.025394 -0.400944 -0.021794 -0.486243 0.163648 0.052586 0.596714 0.037778 0.149659 0.265232 -0.000264 -0.060788 0.108119 0.098320 0.281816 0.265690 -0.008082 0.407926 -0.348896 -0.354411 -0.463590 -0.288924 -0.071460 0.035618 0.186800 -0.022322 0.156042 -0.146142 -0.047477 -0.256950 -0.320454 -0.393746 0.096220 -0.130540 0.185677 0.264945 -0.001065 -0.226816 0.060342 -0.197648 0.022485 -0.258478 0.001957 -0.309454 -0.275619 -0.264330 -0.008118 -0.281557 0.054217 -0.022877
-0.347461 -0.143266 -0.026173 0.005870 -0.268490 -0.001459 0.224501 -0.108234 -0.394263 -0.419249 -0.539877 -0.474207 -0.300444 -0.392692 -0.416544 -0.212872 -0.083793 0.224597 0.375379 0.110142 0.434842 0.364598 0.267288 0.081897 0.018458 0.471787 0.326258 0.162852 0.207210 0.260600 1.000000 0.687280 0.423929 0.354373 0.160802 -0.206908 0.143616 -0.228073 -0.165747 -0.267962 0.066905 0.254136 0.001281 -0.093017 0.329246 -0.096209 0.241968 -0.055004 -0.115642 -0.032103 -0.007068 0.236209 0.256788 0.367062 -0.078789 -0.182013 0.193645 0.140629 -0.249662 0.267884 -0.108646 -0.254137 0.228044 0.229627 0.074009 -0.456461 -0.100792 -0.204244 0.101844 -0.259499 0.430212 0.277792 0.350747 0.178530 0.185829 0.103083 0.160836 0.194595 0.160685 0.045499 0.284043 0.304833 0.437369 0.363459 0.034648 -0.164104 -0.116421 -0.162732 -0.087907 0.019232 0.059692 0.051906 -0.207023 -0.320747 0.072525 -0.103038 -0.175479 -0.243285 0.180657 -0.047996 0.069708 -0.009068 0.031219 -0.413323 -0.147532 -0.127134 0.244201 0.108909 0.113886 0.056941 -0.146251 -0.113101 -0.052063 -0.255729 -0.370795 0.034697
-0.304268 -0.089334 0.076223 0.238512 -0.190457 0.317203 0.225966 0.292192 -0.237301 -0.075733 -0.427257 -0.212288 -0.258970 -0.139664 -0.366085 -0.062495 -0.378743 -0.086437 0.179538 0.101071 0.440490 0.472117 0.127062 0.309279 0.131482 0.783518 0.443922 0.474416 0.045222 0.288875 0.687280 1.000000 0.183477 0.250853 0.056203 -0.184232 -0.145562 -0.287364 -0.266966 -0.196371 0.030720 0.098988 0.257638 0.293527 0.253404 0.199173 0.260231 0.262415 -0.032126 0.084145 -0.049826 0.296268 -0.105653 0.305026 -0.154271 -0.146936 -0.003667 -0.089013 -0.460644 0.060029 -0.348237 -0.311659 -0.044374 -0.140924 -0.120967 -0.165518 -0.170857 0.107029 0.020941 -0.086491 0.571917 0.459943 0.108250 0.245328 0.138569 0.055556 -0.110602 0.117598 -0.028024 -0.120677 0.049283 -0.013472 0.252662 0.501942 -0.166114 -0.146845 -0.250993 -0.185187 -0.149542 -0.183905 0.155012 -0.080126 0.010795 -0.242989 0.169428 -0.168138 0.081159 -0.172634 0.038920 -0.228669 0.139484 -0.045249 0.164555 -0.478142 -0.151447 -0.235173 0.133938 0.002887 0.070940 -0.068763 0.124770 -0.201063 0.021361 -0.196394 -0.289500 -0.044315
-0.378210 -0.492587 -0.125944 -0.457694 -0.358337 -0.475387 0.079532 -0.474125 -0.391800 -0.686662 -0.553824 -0.615253 -0.159841 -0.450365 -0.231726 -0.354732 0.333047 0.508244 0.460091 0.353725 0.175364 0.039545 -0.144884 -0.436589 -0.029186 0.084994 -0.193237 -0.157748 0.319811 0.274184 0.423929 0.183477 1.000000 0.676190 0.241380 -0.104773 0.408067 -0.033282 -0.171550 -0.375236 0.068955 0.315602 -0.120807 -0.219649 0.538791 -0.130966 0.375122 -0.183819 -0.156092 0.322718 0.026875 -0.046272 0.423769 0.066196 0.010538 0.049648 0.350454 0.177588 -0.138816 0.275076 0.202744 -0.089024 0.742279 0.589923 -0.185757 -0.647965 0.176330 -0.368140 -0.053772 -0.292278 0.240853 0.142862 0.717974 0.215428 0.302246 -0.005425 0.139682 -0.195865 0.421522 0.375844 0.709577 0.694217 0.193370 -0.165681 0.079459 -0.216669 -0.178604 -0.332272 -0.166605 0.159765 -0.020832 -0.208130 -0.587264 -0.598531 -0.101681 -0.203498 -0.106948 -0.222015 0.329121 0.186900 -0.094490 0.150895 0.112636 -0.148351 0.033275 -0.057380 0.345134 0.146792 -0.162820 0.078373 -0.065330 0.052472 -0.048080 -0.407046 -0.178103 0.331643
-0.151921 -0.483919 0.341365 -0.468227 -0.064382 -0.320028 0.329605 -0.140115 -0.050332 -0.340759 -0.448543 -0.530639 0.053433 -0.333588 -0.097818 -0.321528 0.179982 0.145247 0.141204 0.010483 0.136653 -0.076191 0.097109 -0.338137 0.034058 0.270338 -0.161127 -0.258334 0.270576 0.218368 0.354373 0.250853 0.676190 1.000000 0.322909 0.323590 0.004617 -0.178771 -0.397475 -0.357120 -0.165738 0.069911 -0.028770 -0.220480 0.425967 0.097495 0.215500 -0.143908 -0.076167 0.171281 0.177589 -0.015051 0.286355 0.001272 -0.265759 -0.149340 0.069890 -0.092510 0.074872 0.183285 0.332947 -0.088201 0.377564 0.233315 0.131034 -0.233526 0.397736 0.082503 -0.227582 0.148654 0.049481 0.127920 0.375343 0.021809 0.043753 -0.112545 -0.030112 -0.176020 0.063533 0.069442 0.298012 0.309234 0.029312 -0.168854 -0.173301 -0.483737 -0.156097 -0.438721 -0.054242 -0.064317 -0.298170 -0.078305 -0.350939 -0.359572 -0.066995 -0.205798 -0.128740 -0.367226 -0.056438 -0.157621 -0.072199 0.083719 -0.047814 -0.157441 0.000668 -0.048959 0.385671 0.040547 -0.108878 0.058447 0.142896 -0.227876 0.043065 -0.381556 -0.094847 0.221942
-0.204973 -0.542482 0.132782 -0.321186 -0.039620 -0.313484 -0.046993 -0.257214 -0.277840 -0.293271 -0.109196 -0.403252 -0.350485 -0.335511 -0.388916 -0.454796 -0.001364 0.213460 -0.031276 -0.167669 -0.034122 -0.287914 0.231055 -0.145928 -0.264973 0.054781 -0.059406 -0.241338 -0.112243 -0.235619 0.160802 0.056203 0.241380 0.322909 1.000000 0.429680 -0.177174 0.149374 -0.210518 0.081571 -0.151917 0.122724 0.071999 0.104964 0.382072 0.315519 0.285877 -0.028331 0.059929 0.166929 0.130058 0.035292 0.031475 0.053733 -0.040312 0.210477 0.012485 0.071218 -0.109091 -0.170963 -0.139512 -0.312967 0.128613 0.043781 0.294013 -0.139453 0.102865 0.136598 -0.147965 0.100398 -0.044584 0.175211 0.034531 0.093634 0.127764 -0.299381 0.230819 0.009575 -0.053152 0.159873 0.038997 0.233856 -0.042688 -0.316130 0.117113 -0.019271 0.057752 -0.419378 -0.082102 0.074149 -0.267422 0.173828 -0.162071 -0.135634 -0.027267 0.018505 0.096838 0.083115 0.111523 0.390857 -0.176699 -0.061661 -0.031433 0.006393 0.110148 0.076405 0.370875 0.198509 -0.353526 0.416578 0.297965 0.008719 0.271545 -0.118728 -0.141244 0.518381
0.111710 -0.365953 0.323822 -0.354259 0.374646 -0.056872 0.030897 0.014116 0.116905 0.066884 0.113863 -0.221410 -0.016725 -0.153353 -0.086068 -0.402829 0.028523 -0.088770 -0.397425 -0.407890 -0.198058 -0.202476 0.230813 -0.201674 0.065608 0.049153 -0.188173 -0.271603 -0.261176 -0.233575 -0.206908 -0.184232 -0.104773 0.323590 0.429680 1.000000 -0.224559 0.124001 -0.034958 0.159350 -0.090274 0.003244 0.017282 0.005709 0.221651 0.502294 0.008758 0.067774 0.100090 0.079865 0.113297 -0.083178 -0.046548 -0.083448 -0.124957 0.106647 -0.158796 -0.143063 0.139857 -0.109280 0.022295 -0.111018 -0.154054 -0.226527 0.218855 0.194924 0.387767 0.525191 -0.201998 0.489743 -0.231279 -0.056809 -0.263238 -0.116736 -0.108508 -0.140439 0.034949 0.104708 -0.159781 0.046094 -0.237622 -0.179024 -0.363668 -0.465997 -0.104839 -0.227339 -0.010971 -0.177754 0.120259 -0.132415 -0.351191 0.116054 -0.041161 0.198244 0.048066 0.053457 0.098910 0.149335 -0.222335 -0.039598 -0.079109 -0.063879 -0.118542 0.093026 0.156187 0.077235 0.153980 0.106383 -0.083380 0.281174 0.490960 -0.063312 -0.008701 -0.031034 -0.051240 0.177489
