1.000000 0.112114 0.328408 0.165017 -0.013868 0.086665 0.005863 -0.071644 0.014798 -0.154470 0.420783 0.222622 0.183247 0.254902 0.188076 0.278647 0.053043 -0.074306 0.180384 -0.061016 -0.012278 0.279674 0.433763 0.319426 0.086467 0.187423 0.199625 0.179055 0.122366 -0.119145 -0.066174 -0.240137 -0.093809 -0.207548 -0.189736 -0.096701 -0.160358 0.004186 -0.051301 -0.211098 -0.092256 -0.021144 -0.365579 -0.377506 -0.362211 -0.330340 -0.285014 -0.317114 -0.022169 -0.375583 0.181896 -0.152085 -0.015832 -0.072184 0.017919 -0.138742 0.175419 -0.131292 0.094424 0.000657 0.057878 -0.059925 0.189568 0.044693 0.293615 0.179504 -0.077659 -0.216613 -0.250529 -0.532226 0.011555 0.086385 0.045291 -0.158430 -0.092722 -0.106434 0.012928 -0.335458 -0.212411 -0.063571 -0.335988 -0.082790 0.206552 -0.033717 0.207483 0.252406 0.411006 0.282879 0.164468 0.238443 -0.262858 0.090298 0.160997 0.333990 -0.020696 -0.157406 -0.231591 -0.008769 -0.290831 -0.024057 -0.148971 0.229758 -0.297221 -0.093819 -0.094569 -0.122829 0.002063 0.162079 0.074662 0.074698 -0.383255 -0.201122 -0.285551 -0.057062 0.285309 -0.397877
0.112114 1.000000 -0.222894 0.381262 -0.208385 0.078671 -0.238459 0.127743 -0.040897 -0.056625 0.285461 0.397340 0.075629 0.234395 0.125959 0.390329 0.234381 0.272668 -0.144265 0.195183 0.011775 0.077863 0.162290 0.260872 0.203103 0.159405 0.324417 0.201670 0.160614 0.112075 -0.334464 -0.188462 -0.169635 -0.153387 -0.056659 -0.235403 -0.253991 -0.086199 -0.254905 -0.045666 0.210356 0.199453 -0.076062 -0.218849 -0.372446 -0.238552 0.028486 -0.133760 -0.245869 -0.054226 -0.249368 0.040233 -0.027923 0.104513 -0.349305 -0.101026 0.256021 0.128165 -0.211363 -0.087164 -0.172040 0.062713 0.200598 0.219406 -0.080333 0.058399 -0.270963 -0.309015 0.113641 -0.135676 0.138364 0.064587 -0.110384 0.169695 0.036612 0.282600 -0.158453 0.046029 0.254940 0.193045 -0.088916 -0.034180 0.227354 0.206196 -0.071706 0.184979 -0.003463 -0.063788 -0.208906 -0.194044 0.099493 0.060975 0.319847 0.147954 -0.153351 -0.254214 -0.326863 -0.150356 -0.113909 -0.035619 -0.059983 0.012548 -0.129841 0.082692 -0.071782 -0.025509 -0.195300 -0.019522 -0.221183 -0.220470 -0.262077 -0.020490 0.047147 0.225315 0.064158 -0.168072
0.328408 -0.222894 1.000000 0.356960 0.341767 0.251360 0.536432 0.536339 0.247092 -0.066991 -0.144047 0.088701 0.077688 0.018964 0.472954 0.328122 -0.392460 -0.557217 0.200109 0.157598 0.419388 0.320095 0.616697 0.476031 0.363143 0.269421 0.404738 0.370816 -0.304693 -0.511700 0.433423 0.324767 -0.107380 0.169308 -0.099641 0.381383 -0.272172 -0.356298 0.104649 -0.190756 -0.108780 -0.279672 -0.370566 -0.398839 -0.147616 0.044444 -0.317412 -0.361661 0.017870 -0.390586 0.519214 -0.390112 -0.078733 -0.388757 -0.012830 -0.429197 -0.496113 -0.572760 -0.054944 -0.312916 0.064120 -0.275043 -0.354375 -0.599481 0.606722 0.320300 -0.050609 0.301545 -0.109741 0.031422 0.212029 0.321482 -0.257136 -0.157524 -0.232764 0.007610 -0.325291 -0.324866 -0.485103 -0.514592 -0.470621 -0.502127 0.297550 -0.184342 0.465456 0.122819 0.376689 0.099959 0.637333 0.028729 0.162209 0.159496 0.305577 0.252008 -0.114249 -0.333043 -0.006975 -0.128943 -0.364648 -0.294106 -0.289329 0.077573 -0.279132 -0.064043 -0.264606 -0.260045 0.021546 -0.274149 -0.027465 -0.214584 -0.253335 -0.365814 -0.197856 0.099055 0.168208 -0.283174
0.165017 0.381262 0.356960 1.000000 -0.120814 0.492855 -0.209773 0.664244 -0.108110 0.023316 -0.034614 0.550000 -0.313953 0.068705 0.123059 0.652174 -0.411350 -0.396253 -0.305952 0.031538 0.186068 0.514358 0.745913 0.896430 0.579119 0.691648 0.727162 0.789042 -0.289783 -0.529790 0.053648 0.334504 -0.354745 0.139784 -0.031619 0.295389 -0.450748 -0.228350 0.085459 -0.196780 -0.005921 -0.109851 -0.248943 -0.399787 -0.376116 0.156611 -0.091831 -0.243440 -0.345511 -0.266242 0.286892 -0.057520 -0.199521 -0.353673 0.037360 -0.270264 -0.193063 -0.533350 -0.423162 -0.349742 -0.424779 -0.345475 -0.367921 -0.447708 0.307809 0.581762 -0.391744 0.310937 -0.257145 -0.199745 0.227131 0.641177 -0.672638 -0.424572 -0.528497 -0.117415 -0.629054 -0.325098 -0.308627 -0.386575 -0.427004 -0.547018 0.442960 0.031405 0.333694 0.481850 0.333156 0.169519 0.447454 0.006173 -0.053273 -0.096854 0.622241 0.167713 -0.339728 -0.463111 -0.174549 -0.256719 -0.610605 -0.372503 -0.402024 -0.045553 -0.364337 0.008250 -0.143214 -0.134764 -0.136914 -0.092191 -0.273624 -0.390295 -0.345489 -0.468651 -0.324775 0.297207 0.090309 -0.413076
-0.013868 -0.208385 0.341767 -0.120814 1.000000 0.255524 0.487501 0.106886 0.776719 0.491965 -0.174743 -0.147431 0.147173 0.090595 0.382651 0.052289 -0.074017 -0.229024 0.057963 0.014152 0.187818 0.020051 0.023886 -0.032416 0.256533 -0.021173 -0.122436 -0.219429 -0.278616 -0.046309 0.150770 0.012293 0.056700 -0.087628 -0.106153 0.088622 -0.114360 -0.361469 -0.146008 -0.182052 -0.072001 0.004100 -0.038922 -0.005377 0.179753 0.033134 -0.072468 -0.173787 0.329228 0.079780 0.112187 -0.124098 0.120682 0.027140 0.021509 -0.131355 -0.274007 -0.174352 0.198707 0.086289 0.304059 0.294634 -0.076886 -0.169106 0.231039 -0.109948 0.115019 -0.071457 -0.049656 0.171162 0.191970 0.072714 -0.034283 0.186193 0.139360 0.332611 0.042434 -0.003706 -0.223518 -0.271003 -0.117465 -0.306013 -0.120078 -0.373235 0.002937 -0.369673 -0.050432 -0.137832 0.103474 0.134156 0.158772 0.321590 0.115383 0.099628 -0.032823 -0.057273 -0.038085 -0.091225 0.066090 0.017767 0.194054 0.091222 0.312975 0.004661 -0.057179 -0.232224 0.135260 -0.154182 -0.114560 -0.042743 -0.217883 0.011269 0.043013 -0.161227 0.001337 0.248959
0.086665 0.078671 0.251360 0.492855 0.255524 1.000000 0.055628 0.549740 0.109393 0.187975 0.076946 0.385592 0.003582 0.263349 0.035531 0.319152 -0.355559 -0.352110 -0.264421 -0.171681 0.132092 0.421799 0.519119 0.562847 0.473790 0.522726 0.498984 0.543782 -0.535470 -0.475057 0.216837 0.293035 -0.252403 0.093676 -0.120953 0.339316 -0.442550 -0.218757 -0.060787 -0.154745 -0.265038 -0.163729 -0.212998 -0.113773 -0.115113 0.306804 -0.121444 -0.219153 -0.006721 -0.046066 0.240049 0.132457 -0.270814 -0.081736 0.037653 -0.127155 -0.127644 -0.474783 -0.200846 -0.186574 -0.455975 -0.344280 -0.329317 -0.373765 0.054176 0.449004 -0.206535 0.330939 -0.105836 -0.217875 0.112364 0.507957 -0.542498 -0.445024 -0.512752 -0.158228 -0.435905 -0.128805 -0.187292 -0.162527 -0.452757 -0.451310 0.076241 -0.212848 0.071676 0.255761 0.219292 0.229365 0.296212 0.119878 -0.080439 0.082992 0.246090 0.101086 -0.214225 -0.198406 -0.048155 -0.068929 -0.457067 -0.173647 -0.427249 -0.176274 -0.245660 0.084216 0.085338 -0.158781 -0.154671 0.063765 -0.128483 -0.115690 -0.172050 -0.257140 -0.153988 0.151302 0.214957 -0.129615
0.005863 -0.238459 0.536432 -0.209773 0.487501 0.055628 1.000000 0.343563 0.539747 0.320598 -0.217237 -0.141744 0.385466 0.148857 0.431806 0.124420 -0.089745 -0.112461 0.563723 0.384848 0.455041 0.063203 -0.031586 -0.075388 0.055294 -0.175235 -0.136039 -0.227587 -0.054580 0.079527 0.473619 0.231022 0.408103 0.056111 0.006356 0.206761 0.011980 -0.199549 0.056001 -0.099717 -0.085746 -0.196018 -0.100239 -0.161390 0.216487 -0.065015 -0.143188 -0.235567 0.324473 -0.056084 0.021046 -0.447327 0.119402 -0.079890 -0.131215 -0.356832 -0.304840 -0.139581 0.217598 0.112132 0.318766 0.088331 -0.077774 -0.253017 0.271979 -0.241077 0.395205 0.090182 0.079870 0.226941 0.062936 -0.140338 0.229815 0.197950 0.310107 0.228409 -0.058200 -0.287247 -0.304963 -0.327994 -0.132789 -0.107885 -0.079547 -0.023339 -0.043783 -0.260107 -0.120470 -0.084416 0.269064 -0.042806 -0.037622 -0.017346 -0.179000 -0.018082 -0.144311 -0.216008 -0.204076 -0.300387 0.007025 -0.295926 0.105822 0.171658 0.025281 -0.017340 -0.260539 -0.210578 0.098812 -0.359300 -0.029513 -0.296543 -0.241349 -0.295500 -0.241227 -0.346464 0.033136 -0.030896
-0.071644 0.127743 0.536339 0.664244 0.106886 0.549740 0.343563 1.000000 0.107616 0.192554 -0.110035 0.401492 -0.016905 0.125122 0.342485 0.565877 -0.381363 -0.430223 -0.112977 0.126611 0.436053 0.301872 0.471180 0.601924 0.406281 0.394330 0.484561 0.529469 -0.400889 -0.455980 0.291270 0.503054 -0.084520 0.301334 -0.060611 0.504960 -0.314297 -0.189586 0.070726 -0.097801 -0.065171 -0.302540 -0.276493 -0.318423 -0.153627 0.258258 -0.093212 -0.198121 -0.082687 -0.129907 0.259922 -0.159332 -0.229335 -0.302776 -0.024186 -0.265262 -0.290484 -0.569923 -0.307133 -0.213557 -0.246744 -0.285638 -0.413357 -0.494967 0.344474 0.427615 -0.117917 0.517488 -0.189309 0.015391 0.038576 0.434164 -0.505094 -0.352208 -0.388257 -0.111948 -0.544172 -0.307533 -0.362795 -0.441119 -0.429603 -0.562620 0.205836 -0.000558 0.135771 0.206298 0.168316 0.031822 0.540718 -0.084400 -0.092815 -0.175542 0.416194 0.052639 -0.417309 -0.417511 -0.110770 -0.296576 -0.537669 -0.546151 -0.244562 -0.091980 -0.352472 0.011360 -0.145137 -0.209646 -0.065893 -0.216760 -0.115641 -0.474573 -0.327277 -0.506050 -0.417279 0.072604 0.093379 -0.340309
0.014798 -0.040897 0.247092 -0.108110 0.776719 0.109393 0.539747 0.107616 1.000000 0.609559 -0.147337 -0.082096 0.258734 0.300067 0.464097 0.203681 0.020894 -0.033912 0.211979 0.206401 0.231543 -0.015820 -0.038029 -0.033006 0.228881 -0.066099 -0.105594 -0.289499 0.003833 0.219580 0.216239 0.026438 0.216566 -0.176971 -0.025667 0.127636 -0.167693 -0.381935 -0.079637 -0.202877 -0.029662 -0.027052 -0.076713 -0.176319 0.150059 -0.154110 -0.024436 -0.131669 0.381162 0.104679 -0.081162 -0.192108 0.257099 0.109159 -0.085291 -0.183156 -0.095133 -0.020637 0.256689 0.190884 0.403079 0.375548 0.060325 -0.002458 0.066201 -0.278236 0.151110 -0.197029 -0.043354 0.133015 0.254539 -0.060532 0.161852 0.348340 0.285770 0.482237 0.059438 -0.147788 -0.293186 -0.254332 -0.096015 -0.132369 -0.017795 -0.224565 -0.119873 -0.388775 -0.159880 -0.230924 0.045137 0.045477 0.073417 0.145512 0.062104 0.142873 -0.141186 -0.207490 -0.264592 -0.243362 0.146847 -0.045076 0.250586 0.292548 0.233243 0.034583 -0.360377 -0.302135 0.293031 -0.294456 -0.186573 -0.204421 -0.351580 -0.099086 -0.144091 -0.243284 0.013493 0.113547
-0.154470 -0.056625 -0.066991 0.023316 0.491965 0.187975 0.320598 0.192554 0.609559 1.000000 -0.119606 -0.122804 0.032023 0.096976 0.178453 0.199981 -0.052721 -0.038805 0.018981 0.154618 0.157975 -0.076376 -0.085044 0.027991 0.162301 -0.066087 -0.154127 -0.221099 -0.081486 0.230794 0.080763 0.032988 0.151540 -0.244405 -0.126011 0.116965 -0.178526 -0.255598 -0.104510 -0.181725 -0.170587 -0.008798 0.003224 -0.157211 0.163673 -0.087151 -0.005227 -0.086871 0.335122 0.207285 -0.032741 -0.115801 0.251399 0.031927 0.022334 -0.173215 0.003054 0.072384 0.183938 0.369714 0.259033 0.412686 0.080502 0.105301 -0.054486 -0.259056 0.199685 -0.046237 -0.023917 0.206066 0.183888 -0.053439 0.002776 0.199161 0.198420 0.321176 -0.071288 -0.175054 -0.273793 -0.272506 0.054607 -0.125445 -0.141229 -0.063192 -0.138843 -0.292763 -0.317976 -0.063552 0.035554 0.109273 -0.099955 -0.020797 0.161222 0.126617 -0.361979 -0.223237 -0.243195 -0.233927 0.011667 -0.157104 0.283424 0.266912 0.255250 0.142921 -0.169210 -0.197318 0.256017 -0.134526 -0.056297 -0.300435 -0.446166 -0.177299 -0.227038 -0.281083 -0.006587 0.078243
0.420783 0.285461 -0.144047 -0.034614 -0.174743 0.076946 -0.217237 -0.110035 -0.147337 -0.119606 1.000000 0.409807 0.530257 0.528555 0.319237 0.148393 0.612535 0.252364 -0.222154 -0.253753 -0.020834 0.023453 0.099238 0.029358 -0.128515 0.036172 0.145217 0.130426 0.312517 0.054591 -0.378890 -0.260931 -0.261101 -0.101454 -0.087815 -0.167554 0.103861 0.088694 -0.264524 -0.124574 0.140685 -0.088493 -0.033748 -0.016004 -0.261585 -0.093463 -0.087465 -0.129063 -0.319033 -0.219749 -0.072342 -0.184097 -0.175346 -0.033032 -0.157411 0.036599 0.486179 0.164087 -0.292031 -0.291621 -0.200337 -0.143321 0.411240 0.210896 0.103359 0.131214 -0.319912 -0.290880 0.102684 -0.296515 -0.078723 -0.031519 0.239209 -0.075141 0.091627 -0.006042 0.131080 0.114872 0.449468 0.318307 0.118479 0.302724 0.157694 -0.061629 0.042672 0.136599 0.174027 -0.088741 -0.011767 -0.152872 -0.130097 -0.040604 0.081695 0.111460 0.090736 0.003481 -0.039721 0.201306 -0.101264 0.019215 -0.152098 -0.067325 -0.436368 -0.020297 0.179475 0.158770 -0.218146 0.282039 0.174898 0.052060 -0.082652 0.088696 -0.030526 -0.035807 0.309076 -0.214948
0.222622 0.397340 0.088701 0.550000 -0.147431 0.385592 -0.141744 0.401492 -0.082096 -0.122804 0.409807 1.000000 0.136129 0.600179 0.243683 0.486198 -0.020384 0.024197 -0.316056 -0.137011 0.024558 0.366301 0.384580 0.485293 0.182057 0.467158 0.427542 0.506834 0.024719 -0.235041 -0.123976 0.215654 -0.114629 0.193798 -0.074441 -0.053595 -0.142821 -0.053162 -0.138957 -0.300282 -0.028397 -0.276491 -0.113935 -0.220221 -0.310578 0.100796 0.008786 -0.377160 -0.243331 -0.291256 0.137645 -0.170003 -0.090004 -0.212318 -0.200891 -0.333937 -0.028427 -0.445060 -0.252820 -0.264908 -0.414325 -0.320547 -0.157971 -0.270092 0.198734 0.580973 -0.086423 0.159213 -0.171313 -0.463096 -0.024744 0.390247 -0.164400 -0.305141 -0.244833 -0.197860 -0.300185 -0.194422 0.070781 -0.104241 -0.206417 -0.125123 0.195013 -0.007200 0.115351 0.530815 0.350580 -0.001017 0.211568 -0.395132 -0.211691 -0.255025 0.258679 -0.171192 -0.201785 -0.359987 -0.418243 -0.283045 -0.603172 -0.404125 -0.392879 -0.328810 -0.567070 -0.135609 0.115549 0.148895 -0.269196 0.103313 -0.172567 -0.379120 -0.295065 -0.446600 -0.450026 -0.154455 0.158161 -0.313207
0.183247 0.075629 0.077688 -0.313953 0.147173 0.003582 0.385466 -0.016905 0.258734 0.032023 0.530257 0.136129 1.000000 0.623883 0.596437 0.177150 0.578622 0.320278 0.218712 0.044780 0.181717 -0.124100 -0.059558 -0.161261 -0.141100 -0.277578 -0.101263 -0.180389 0.348039 0.234222 -0.058703 -0.140929 0.117477 -0.099611 -0.017015 0.034588 0.143144 0.019219 -0.194509 -0.009011 0.122730 -0.181056 -0.076808 -0.072905 -0.174347 -0.244387 -0.147251 -0.121532 -0.055415 -0.229325 -0.253096 -0.410111 -0.018816 -0.050517 -0.223026 -0.052395 0.303780 0.190967 0.069329 -0.069212 0.195571 0.181018 0.436046 0.120824 0.043030 -0.183594 -0.093361 -0.295230 0.354800 -0.008633 -0.007388 -0.140230 0.410381 0.138477 0.367651 0.178389 0.200408 0.115627 0.175848 0.244733 0.067578 0.315535 0.024377 -0.168669 -0.148941 -0.280455 -0.033669 -0.257097 -0.091529 -0.071768 0.015903 0.089602 -0.004476 0.173308 0.070966 -0.005377 -0.065740 0.092700 0.213120 0.012459 0.075569 0.134464 -0.300599 0.041556 0.005923 0.019730 0.119475 -0.108326 0.161516 -0.056975 -0.094287 0.080816 -0.020936 -0.161382 0.206190 0.002230
0.254902 0.234395 0.018964 0.068705 0.090595 0.263349 0.148857 0.125122 0.300067 0.096976 0.528555 0.600179 0.623883 1.000000 0.423644 0.416568 0.410556 0.283724 -0.025637 -0.139658 0.096535 0.201973 0.128482 0.101230 0.014644 0.082077 0.183275 0.030663 0.165325 0.102822 -0.147229 -0.080853 -0.006663 -0.176062 -0.135081 -0.102221 -0.117664 -0.090497 -0.212912 -0.266600 -0.100622 -0.361824 0.085263 -0.093359 -0.109380 -0.111262 0.155233 -0.150097 0.081503 -0.109411 -0.144650 -0.185186 0.125291 0.101053 -0.253020 -0.086362 0.261247 -0.156929 0.076111 -0.053687 -0.071008 0.044398 0.296734 -0.079370 -0.057694 0.069718 -0.066959 -0.280043 0.097665 -0.348954 0.053951 0.016076 0.164667 -0.051158 -0.003498 0.086268 -0.116003 -0.234448 0.187283 0.014332 -0.109418 0.135669 0.024416 -0.204923 -0.153898 0.008122 0.053184 -0.240898 -0.094895 -0.222885 -0.165160 -0.067838 0.042612 0.062601 -0.101611 -0.190783 -0.402061 -0.128041 -0.167729 -0.103199 -0.118837 0.002187 -0.322967 0.179823 0.092612 0.178773 0.011185 0.050197 -0.054294 -0.214355 -0.260615 -0.187683 -0.286284 -0.244736 0.191237 -0.052070
0.188076 0.125959 0.472954 0.123059 0.382651 0.035531 0.431806 0.342485 0.464097 0.178453 0.319237 0.243683 0.596437 0.423644 1.000000 0.497821 0.239274 -0.125278 0.144181 0.124974 0.488545 0.028147 0.239211 0.234318 0.223923 0.059044 0.173995 0.146948 0.193262 -0.031930 0.097349 0.125496 0.068774 0.109844 0.093380 0.246380 0.069044 -0.170365 -0.055830 -0.063705 0.264510 -0.150023 -0.224826 -0.388052 -0.268606 -0.188796 -0.233707 -0.332802 -0.157182 -0.439250 0.111632 -0.586020 -0.011638 -0.348845 -0.123406 -0.315359 -0.088753 -0.133985 -0.087066 -0.216844 0.205833 0.100953 0.069780 -0.212123 0.498125 0.081160 -0.110466 -0.077104 0.157818 0.170464 0.191610 0.157870 0.201673 0.150979 0.243512 0.349142 0.003641 0.036252 -0.165389 -0.190728 -0.128202 -0.141168 0.400644 -0.073561 0.212832 -0.146414 0.278467 -0.219171 0.427107 -0.153722 0.120743 0.038538 0.336341 0.148415 -0.139261 -0.233959 -0.120066 -0.184115 -0.091356 -0.321558 0.010635 0.097085 -0.306690 -0.132637 -0.304012 -0.248034 0.054313 -0.376497 0.034841 -0.276288 -0.332090 -0.239854 -0.226020 -0.077706 0.100701 -0.237702
0.278647 0.390329 0.328122 0.652174 0.052289 0.319152 0.124420 0.565877 0.203681 0.199981 0.148393 0.486198 0.177150 0.416568 0.497821 1.000000 -0.029761 -0.099237 -0.059580 0.120053 0.285887 0.376063 0.590867 0.674439 0.436481 0.381924 0.413685 0.457792 -0.015912 -0.137577 -0.019954 0.091532 -0.131791 0.050936 -0.057813 0.262797 -0.398545 -0.165050 -0.080949 -0.167984 0.054053 -0.106414 -0.315342 -0.533503 -0.490703 -0.241939 -0.212892 -0.247557 -0.242254 -0.412290 0.087516 -0.289034 -0.041263 -0.225211 -0.190926 -0.239488 0.000953 -0.271429 -0.139229 -0.192725 -0.090136 -0.155161 -0.076426 -0.261740 0.313873 0.294907 -0.253235 -0.051651 -0.047257 -0.108883 0.197522 0.357053 -0.330586 -0.187407 -0.232640 0.085708 -0.419945 -0.383506 -0.255751 -0.227229 -0.320829 -0.256735 0.310827 0.132340 0.177575 0.199373 0.156587 0.008796 0.287222 -0.065243 -0.184043 -0.014683 0.556703 0.315364 -0.419609 -0.542505 -0.374876 -0.272461 -0.386685 -0.325799 -0.220796 0.171619 -0.393634 0.129076 -0.264739 -0.160064 0.107466 -0.279901 -0.199356 -0.444531 -0.465338 -0.361447 -0.353320 0.138117 0.090998 -0.317078
0.053043 0.234381 -0.392460 -0.411350 -0.074017 -0.355559 -0.089745 -0.381363 0.020894 -0.052721 0.612535 -0.020384 0.578622 0.410556 0.239274 -0.029761 1.000000 0.600647 0.045454 -0.040690 0.023168 -0.241408 -0.391243 -0.431169 -0.352136 -0.376219 -0.363829 -0.469807 0.590191 0.513423 -0.429585 -0.378506 0.084061 -0.151985 -0.074426 -0.356045 0.365822 0.118806 -0.194743 0.077398 0.241700 0.139760 0.198384 0.166941 -0.024210 -0.277844 0.147081 0.121831 -0.077754 0.077467 -0.486041 -0.072761 0.143727 0.161281 -0.135296 0.248289 0.570725 0.465608 0.031374 -0.036796 0.237479 0.325724 0.658700 0.463166 -0.247741 -0.365214 -0.182164 -0.613316 0.275089 0.061615 -0.040379 -0.333112 0.575515 0.405482 0.511525 0.364650 0.487023 0.284166 0.609857 0.519217 0.510547 0.598914 -0.052993 -0.021622 -0.314726 -0.394723 -0.207219 -0.391241 -0.436585 -0.154065 -0.045782 0.018376 -0.128164 0.077610 0.127592 0.143017 -0.005598 0.167475 0.414859 0.242328 0.204872 0.109962 -0.060374 0.136155 0.105831 0.126879 0.052382 0.065099 0.133623 0.104629 0.076957 0.402406 0.159307 -0.169030 0.007059 0.119136
-0.074306 0.272668 -0.557217 -0.396253 -0.229024 -0.352110 -0.112461 -0.430223 -0.033912 -0.038805 0.252364 0.024197 0.320278 0.283724 -0.125278 -0.099237 0.600647 1.000000 0.156793 0.183552 -0.309058 -0.230611 -0.446641 -0.478623 -0.472734 -0.452047 -0.485248 -0.515900 0.576793 0.716517 -0.484904 -0.456723 0.279626 -0.130738 0.006612 -0.372274 0.346492 0.238724 -0.158622 0.093052 0.137990 0.188393 0.119391 0.055113 -0.018637 -0.364062 0.070882 0.108322 0.006758 0.098222 -0.604581 -0.019307 0.154798 0.283898 -0.202652 0.151044 0.403152 0.586337 0.205342 0.252664 0.197211 0.235575 0.541651 0.593469 -0.392012 -0.508038 0.038870 -0.503475 0.264590 0.017092 -0.264735 -0.397824 0.518948 0.445320 0.490422 0.191702 0.348513 0.161642 0.465276 0.637419 0.527408 0.807119 -0.275573 0.231423 -0.317797 -0.263319 -0.311517 -0.189863 -0.511956 -0.264888 -0.121837 -0.141045 -0.200434 -0.145549 0.034350 0.167279 -0.175390 -0.000880 0.362468 0.107579 0.176761 -0.058599 0.106575 0.072938 0.188538 0.263594 0.049254 0.219407 -0.100882 -0.007704 0.008207 0.217374 0.036584 -0.337185 -0.138086 0.167218
0.180384 -0.144265 0.200109 -0.305952 0.057963 -0.264421 0.563723 -0.112977 0.211979 0.018981 -0.222154 -0.316056 0.218712 -0.025637 0.144181 -0.059580 0.045454 0.156793 1.000000 0.483398 0.258772 -0.069486 -0.244291 -0.217167 -0.076766 -0.270147 -0.281926 -0.352773 0.342677 0.321044 0.321941 -0.002279 0.624180 -0.024254 0.124655 0.019326 0.208003 -0.003000 0.246555 0.001937 0.048770 -0.029647 0.106723 -0.022234 0.254822 -0.146632 -0.000906 -0.034297 0.164709 0.013014 -0.236724 -0.411664 0.203313 -0.119821 0.052282 -0.121535 0.033434 0.152928 0.222026 0.090513 0.486195 0.205812 0.029800 0.064999 -0.048793 -0.531364 0.318415 -0.155871 0.167759 0.091767 -0.043041 -0.277526 0.462056 0.270985 0.343885 0.182287 0.133181 -0.289482 -0.260835 -0.118552 0.028186 0.127593 -0.024407 0.130993 -0.282722 -0.397252 -0.073017 -0.160326 0.102949 0.051927 -0.025818 -0.084921 -0.319876 -0.082109 -0.006140 -0.009508 -0.215519 -0.183066 0.271211 -0.065236 0.229015 0.285989 0.151165 -0.056998 -0.294553 -0.103698 0.232545 -0.241856 0.048063 -0.091215 -0.099323 -0.092504 -0.199355 -0.298396 0.060662 -0.032050
-0.061016 0.195183 0.157598 0.031538 0.014152 -0.171681 0.384848 0.126611 0.206401 0.154618 -0.253753 -0.137011 0.044780 -0.139658 0.124974 0.120053 -0.040690 0.183552 0.483398 1.000000 0.059127 -0.138716 -0.131493 0.013406 -0.059638 -0.099535 -0.205790 -0.172318 0.324648 0.236082 0.200193 0.128318 0.397435 0.280320 0.130479 0.050631 -0.006949 -0.120974 -0.047469 -0.043148 0.016370 0.082914 0.040676 -0.159852 0.028475 -0.129648 0.033257 0.077125 -0.141146 -0.053798 -0.258735 -0.401802 -0.018708 -0.060528 -0.281392 -0.256503 -0.104857 0.142733 -0.133531 -0.029910 0.178435 -0.007838 -0.035832 0.006277 -0.037791 -0.361220 0.067414 0.017842 0.103040 0.451482 -0.087277 -0.050616 0.159752 0.259128 0.266618 0.299750 -0.153055 -0.153479 -0.197930 -0.111468 0.118174 0.054282 0.110366 0.356152 -0.116851 -0.227986 -0.235712 -0.058651 0.064069 -0.192272 0.029538 0.005294 0.113802 0.047758 -0.200811 -0.196281 -0.210998 -0.297539 0.106337 -0.268583 0.210426 0.221783 0.120588 0.066055 -0.325763 -0.112948 0.138050 -0.289388 -0.220405 -0.344069 -0.068489 -0.183476 -0.178972 -0.111468 -0.039044 -0.217920
-0.012278 0.011775 0.419388 0.186068 0.187818 0.132092 0.455041 0.436053 0.231543 0.157975 -0.020834 0.024558 0.181717 0.096535 0.488545 0.285887 0.023168 -0.309058 0.258772 0.059127 1.000000 0.275417 0.196854 0.261777 0.558744 0.275003 0.303772 0.159634 -0.082998 -0.085680 0.504871 0.425394 0.299382 0.242036 0.198687 0.365475 -0.022504 -0.250895 0.328747 0.040884 0.269029 -0.121658 -0.135379 -0.281473 0.098653 0.154842 0.048753 -0.262279 0.014125 -0.090584 0.039776 -0.328498 0.085385 -0.337966 0.116153 -0.276210 0.042010 -0.194432 -0.120775 -0.208121 0.138242 -0.013865 0.023259 -0.259409 0.216817 0.030624 0.020323 0.221059 0.202612 0.260027 0.249931 0.255647 0.092028 -0.020065 -0.007742 0.155890 -0.216794 -0.189309 -0.097421 -0.206364 -0.027735 -0.218445 0.230594 -0.054080 -0.019725 -0.279329 0.009960 -0.405428 0.339246 -0.123951 -0.108413 -0.259417 0.120725 0.133050 -0.253432 -0.459205 -0.010871 -0.390026 -0.083812 -0.339480 0.005202 0.224633 -0.181972 0.045787 -0.407738 -0.297475 0.015064 -0.553032 -0.108862 -0.306239 -0.207843 -0.325452 -0.234643 -0.053024 -0.057774 -0.284979
0.279674 0.077863 0.320095 0.514358 0.020051 0.421799 0.063203 0.301872 -0.015820 -0.076376 0.023453 0.366301 -0.124100 0.201973 0.028147 0.376063 -0.241408 -0.230611 -0.069486 -0.138716 0.275417 1.000000 0.607699 0.627840 0.529789 0.635564 0.465479 0.539321 -0.215887 -0.269265 0.403369 0.459471 -0.148984 0.203576 0.076402 0.175315 -0.341118 -0.250346 0.013664 -0.275175 0.006954 -0.066269 -0.070290 -0.115110 -0.036962 0.238434 0.071108 -0.153980 -0.183366 -0.145945 0.269893 -0.066941 -0.183772 -0.100771 0.006743 -0.207998 -0.080925 -0.257572 -0.252605 -0.395644 -0.354047 -0.373832 -0.136602 -0.441437 0.313420 0.374549 -0.178054 0.156125 -0.177570 -0.308490 0.134947 0.537921 -0.289454 -0.413683 -0.410168 -0.191045 -0.491750 -0.364475 -0.116199 -0.196589 -0.219526 -0.201336 0.282832 -0.008987 0.282517 0.340573 0.293761 0.042661 0.227653 0.004483 -0.144005 -0.157896 0.111363 0.054986 -0.239489 -0.373062 -0.125983 -0.298386 -0.357803 -0.298662 -0.293963 -0.190100 -0.276253 -0.183805 -0.169053 -0.233189 -0.201897 -0.123363 -0.214846 -0.276284 -0.147492 -0.378805 -0.330805 -0.009182 0.059388 -0.245550
0.433763 0.162290 0.616697 0.745913 0.023886 0.519119 -0.031586 0.471180 -0.038029 -0.085044 0.099238 0.384580 -0.059558 0.128482 0.239211 0.590867 -0.391243 -0.446641 -0.244291 -0.131493 0.196854 0.607699 1.000000 0.842642 0.593260 0.603507 0.757174 0.782272 -0.357946 -0.603084 0.168051 0.205565 -0.483603 0.053542 -0.031384 0.377265 -0.532113 -0.273573 0.008891 -0.209484 -0.045723 -0.187889 -0.462249 -0.516721 -0.454737 0.018993 -0.296000 -0.341096 -0.295873 -0.459112 0.468537 -0.127449 -0.225240 -0.224724 -0.048430 -0.324698 -0.250432 -0.473965 -0.291694 -0.410223 -0.408480 -0.467414 -0.250227 -0.514314 0.493726 0.594446 -0.394665 0.209636 -0.161307 -0.276156 0.322788 0.586866 -0.620412 -0.439631 -0.542622 -0.165907 -0.580660 -0.361653 -0.305185 -0.283241 -0.560525 -0.455926 0.374487 -0.083010 0.632284 0.516373 0.488499 0.298637 0.470113 0.060212 0.043953 0.131149 0.518162 0.347733 -0.219254 -0.431328 -0.101691 -0.126762 -0.571066 -0.261879 -0.513724 -0.071493 -0.452784 -0.072108 -0.137200 -0.143423 -0.198285 -0.071082 -0.137641 -0.285065 -0.331681 -0.401558 -0.193630 0.361058 0.164973 -0.375806
0.319426 0.260872 0.476031 0.896430 -0.032416 0.562847 -0.075388 0.601924 -0.033006 0.027991 0.029358 0.485293 -0.161261 0.101230 0.234318 0.674439 -0.431169 -0.478623 -0.217167 0.013406 0.261777 0.627840 0.842642 1.000000 0.662061 0.760894 0.735968 0.818837 -0.237709 -0.540585 0.241215 0.403308 -0.343491 0.189602 0.040896 0.375745 -0.421421 -0.191148 0.103983 -0.154187 0.003941 -0.040670 -0.318689 -0.459439 -0.437061 0.098484 -0.184848 -0.244608 -0.396846 -0.403900 0.333154 -0.183564 -0.258389 -0.391381 0.079804 -0.296513 -0.215151 -0.471422 -0.406710 -0.418138 -0.444094 -0.398492 -0.342305 -0.508917 0.382091 0.565231 -0.427698 0.255194 -0.260641 -0.195859 0.251864 0.740551 -0.617239 -0.489542 -0.532306 -0.181184 -0.638081 -0.340654 -0.375331 -0.421040 -0.477877 -0.534586 0.508872 0.065081 0.422163 0.466083 0.430408 0.208137 0.541996 0.076539 -0.074621 -0.024637 0.590037 0.255235 -0.344657 -0.463041 -0.097396 -0.268655 -0.561681 -0.397516 -0.403284 -0.016087 -0.395692 -0.088319 -0.217176 -0.240107 -0.158283 -0.206658 -0.231333 -0.368589 -0.324994 -0.481429 -0.344252 0.256908 0.130975 -0.466480
0.086467 0.203103 0.363143 0.579119 0.256533 0.473790 0.055294 0.406281 0.228881 0.162301 -0.128515 0.182057 -0.141100 0.014644 0.223923 0.436481 -0.352136 -0.472734 -0.076766 -0.059638 0.558744 0.529789 0.593260 0.662061 1.000000 0.759560 0.598886 0.572524 -0.373019 -0.392529 0.435938 0.392161 -0.087550 0.089242 0.228272 0.391680 -0.427553 -0.387802 0.168864 -0.080367 0.181854 -0.000637 -0.200104 -0.338058 -0.076462 0.199773 0.040079 -0.231053 -0.102594 -0.115903 0.272082 -0.111749 -0.052241 -0.210737 0.062265 -0.249944 -0.022119 -0.308837 -0.191469 -0.260370 -0.175245 -0.180686 -0.207315 -0.390057 0.216185 0.280583 -0.152908 0.263093 0.092369 0.008471 0.312959 0.486242 -0.394959 -0.297546 -0.385792 0.012693 -0.532308 -0.275098 -0.333988 -0.343258 -0.330574 -0.494695 0.276709 -0.158493 0.182682 0.074264 0.134562 -0.131711 0.281061 -0.002263 -0.072743 -0.131452 0.362651 0.180890 -0.267803 -0.489526 -0.093745 -0.331521 -0.263641 -0.279638 -0.195460 0.051044 -0.135676 -0.069243 -0.367081 -0.361787 -0.147994 -0.403947 -0.285295 -0.276606 -0.288063 -0.388898 -0.158012 0.192370 0.009841 -0.211936
0.187423 0.159405 0.269421 0.691648 -0.021173 0.522726 -0.175235 0.394330 -0.066099 -0.066087 0.036172 0.467158 -0.277578 0.082077 0.059044 0.381924 -0.376219 -0.452047 -0.270147 -0.099535 0.275003 0.635564 0.603507 0.760894 0.759560 1.000000 0.667699 0.772817 -0.331119 -0.509415 0.380054 0.577121 -0.139417 0.337854 0.108820 0.260502 -0.382864 -0.296963 0.071041 -0.224392 0.026556 -0.017776 -0.119646 -0.248142 -0.106046 0.331645 0.072852 -0.226819 -0.239949 -0.201693 0.379902 -0.030142 -0.200311 -0.213918 -0.009562 -0.297581 -0.031970 -0.401076 -0.298797 -0.377826 -0.415299 -0.421684 -0.306574 -0.457157 0.220764 0.555557 -0.187856 0.346222 -0.074015 -0.168374 0.140664 0.618108 -0.416935 -0.462859 -0.485221 -0.170754 -0.563536 -0.271097 -0.238730 -0.339972 -0.280980 -0.427346 0.406259 -0.059645 0.298227 0.415346 0.354272 0.053370 0.341228 -0.117831 -0.213064 -0.257419 0.310637 0.049702 -0.294390 -0.433996 -0.095066 -0.345037 -0.476727 -0.378612 -0.322532 -0.123050 -0.258345 -0.194733 -0.243159 -0.309774 -0.336024 -0.258503 -0.298940 -0.286044 -0.190639 -0.489940 -0.343043 0.091136 -0.019647 -0.455270
0.199625 0.324417 0.404738 0.727162 -0.122436 0.498984 -0.136039 0.484561 -0.105594 -0.154127 0.145217 0.427542 -0.101263 0.183275 0.173995 0.413685 -0.363829 -0.485248 -0.281926 -0.205790 0.303772 0.465479 0.757174 0.735968 0.598886 0.667699 1.000000 0.837972 -0.386241 -0.557698 0.173552 0.306199 -0.439567 -0.017981 0.089334 0.346200 -0.473472 -0.164803 0.157896 -0.064156 0.078574 -0.153417 -0.163045 -0.265172 -0.252113 0.241269 -0.058623 -0.203574 -0.287908 -0.240614 0.332783 -0.016706 -0.269215 -0.188855 0.010513 -0.144688 -0.096116 -0.484434 -0.382065 -0.460528 -0.477189 -0.425434 -0.203269 -0.469794 0.253252 0.550657 -0.404137 0.232500 -0.089859 -0.280156 0.295953 0.516704 -0.536889 -0.410586 -0.547653 -0.124514 -0.580820 -0.220434 -0.167037 -0.291150 -0.530543 -0.536295 0.480135 -0.086900 0.393996 0.498768 0.426208 0.120652 0.328755 0.020352 0.067615 -0.033463 0.386210 0.194366 -0.116386 -0.279334 -0.009238 -0.054696 -0.486925 -0.182688 -0.405412 -0.070986 -0.410730 -0.064926 -0.168287 -0.085054 -0.332795 -0.180813 -0.055905 -0.186036 -0.169980 -0.368288 -0.077731 0.428926 0.207753 -0.360330
0.179055 0.201670 0.370816 0.789042 -0.219429 0.543782 -0.227587 0.529469 -0.289499 -0.221099 0.130426 0.506834 -0.180389 0.030663 0.146948 0.457792 -0.469807 -0.515900 -0.352773 -0.172318 0.159634 0.539321 0.782272 0.818837 0.572524 0.772817 0.837972 1.000000 -0.406025 -0.653920 0.200733 0.436731 -0.438461 0.255072 0.120015 0.394367 -0.389801 -0.089713 0.056608 -0.119944 0.049818 -0.173927 -0.235833 -0.261753 -0.361263 0.281142 -0.153086 -0.224016 -0.417067 -0.385412 0.492536 -0.054208 -0.365331 -0.272314 -0.021024 -0.267682 -0.205648 -0.480255 -0.453722 -0.487042 -0.584503 -0.635271 -0.469358 -0.539889 0.358110 0.691912 -0.334712 0.437018 -0.116911 -0.227046 0.160963 0.644061 -0.594417 -0.562825 -0.579340 -0.294681 -0.583856 -0.121811 -0.256721 -0.315462 -0.514550 -0.502266 0.431848 -0.032287 0.462090 0.634298 0.465982 0.260139 0.488014 -0.071579 0.006922 -0.153559 0.385513 0.005935 -0.170561 -0.319075 -0.005271 -0.095235 -0.635976 -0.374571 -0.437081 -0.274103 -0.461229 -0.238506 -0.091586 -0.118609 -0.339622 -0.085197 -0.106763 -0.252368 -0.090553 -0.438766 -0.222888 0.376696 0.200267 -0.440878
0.122366 0.160614 -0.304693 -0.289783 -0.278616 -0.535470 -0.054580 -0.400889 0.003833 -0.081486 0.312517 0.024719 0.348039 0.165325 0.193262 -0.015912 0.590191 0.576793 0.342677 0.324648 -0.082998 -0.215887 -0.357946 -0.237709 -0.373019 -0.331119 -0.386241 -0.406025 1.000000 0.602620 -0.204824 -0.172780 0.327948 0.049976 0.215613 -0.199750 0.549711 0.298188 0.181018 0.194663 0.363963 0.362753 0.105003 -0.073486 -0.111931 -0.368948 -0.021118 0.090260 -0.339133 -0.183978 -0.476135 -0.445973 0.053593 -0.199054 0.053408 0.066675 0.348105 0.527891 -0.071233 -0.080997 0.269171 0.293739 0.447110 0.430094 -0.063884 -0.405703 -0.145673 -0.464442 0.104180 0.079721 -0.214579 -0.184596 0.655954 0.364038 0.541823 0.174812 0.420026 0.123041 0.220040 0.353184 0.539207 0.594410 0.251171 0.432949 -0.108244 -0.187906 0.002720 -0.242423 -0.134001 -0.104167 -0.132889 -0.183747 -0.066075 -0.070974 -0.038797 0.160873 -0.072148 -0.086306 0.374761 -0.045452 0.192630 0.127756 -0.157862 -0.186135 -0.208436 0.004351 0.072844 -0.092955 0.008227 -0.031398 -0.030638 0.103674 -0.115125 -0.360211 -0.127058 -0.074843
-0.119145 0.112075 -0.511700 -0.529790 -0.046309 -0.475057 0.079527 -0.455980 0.219580 0.230794 0.054591 -0.235041 0.234222 0.102822 -0.031930 -0.137577 0.513423 0.716517 0.321044 0.236082 -0.085680 -0.269265 -0.603084 -0.540585 -0.392529 -0.509415 -0.557698 -0.653920 0.602620 1.000000 -0.157430 -0.294084 0.381376 -0.239959 0.134570 -0.327872 0.364411 0.225060 -0.017975 0.178106 0.189355 0.325514 0.299190 0.183896 0.168237 -0.352132 0.175294 0.258771 0.105786 0.231440 -0.589848 -0.076280 0.263535 0.249999 -0.022755 0.230319 0.401438 0.600424 0.286823 0.385792 0.412100 0.487466 0.542460 0.579280 -0.409127 -0.640319 0.150693 -0.527374 0.093058 0.102071 -0.237738 -0.485832 0.664055 0.514027 0.549708 0.350795 0.505972 0.167245 0.265426 0.482792 0.517569 0.618672 -0.256216 0.253855 -0.469722 -0.462960 -0.467560 -0.334982 -0.542107 -0.021173 -0.063801 -0.168896 -0.211722 -0.068806 -0.034231 0.156530 -0.070392 -0.022084 0.606076 0.176567 0.458970 0.169629 0.220044 -0.011801 -0.130409 -0.000995 0.256783 -0.144771 -0.046126 0.104541 -0.011077 0.303927 0.136296 -0.328554 -0.179622 0.200442
-0.066174 -0.334464 0.433423 0.053648 0.150770 0.216837 0.473619 0.291270 0.216239 0.080763 -0.378890 -0.123976 -0.058703 -0.147229 0.097349 -0.019954 -0.429585 -0.484904 0.321941 0.200193 0.504871 0.403369 0.168051 0.241215 0.435938 0.380054 0.173552 0.200733 -0.204824 -0.157430 1.000000 0.780793 0.276771 0.370482 0.158716 0.403004 -0.240894 -0.355554 0.147215 -0.159186 -0.042934 -0.146531 0.019345 -0.032698 0.385736 0.331641 0.110612 -0.086244 0.098895 0.084800 0.277287 -0.174289 -0.018067 -0.089327 -0.022464 -0.369926 -0.207172 -0.202670 -0.053896 -0.174899 0.018870 -0.200668 -0.269969 -0.413661 0.183019 0.062906 0.181560 0.403664 -0.071862 0.137483 0.206458 0.333871 0.005572 -0.171668 -0.169068 -0.019492 -0.291832 -0.250380 -0.382893 -0.380403 -0.200407 -0.285236 0.169759 -0.061785 0.091204 -0.070356 0.047982 -0.102675 0.278631 -0.052411 0.001122 -0.236955 -0.143223 -0.058991 -0.127472 -0.323473 0.068454 -0.310643 -0.067325 -0.278821 -0.020667 0.072586 -0.100597 -0.233381 -0.478131 -0.444406 0.038890 -0.437483 -0.051007 -0.232230 0.049682 -0.305300 -0.217639 -0.029093 0.029343 -0.198264
-0.240137 -0.188462 0.324767 0.334504 0.012293 0.293035 0.231022 0.503054 0.026438 0.032988 -0.260931 0.215654 -0.140929 -0.080853 0.125496 0.091532 -0.378506 -0.456723 -0.002279 0.128318 0.425394 0.459471 0.205565 0.403308 0.392161 0.577121 0.306199 0.436731 -0.172780 -0.294084 0.780793 1.000000 0.172834 0.652844 0.123737 0.414698 -0.159020 -0.298104 0.097905 -0.210766 -0.063538 -0.143728 0.055316 0.002642 0.270299 0.526814 0.139105 -0.094278 -0.168692 0.010294 0.285132 -0.191441 -0.219364 -0.226930 -0.062163 -0.396266 -0.234291 -0.330339 -0.310744 -0.391083 -0.221510 -0.299705 -0.381653 -0.531865 0.278975 0.378650 -0.002371 0.531974 -0.069003 0.132620 0.045657 0.569563 -0.150620 -0.293962 -0.236847 -0.106057 -0.382360 -0.146533 -0.251296 -0.394488 -0.072481 -0.352818 0.310264 -0.036600 0.200282 0.169026 0.186147 -0.134441 0.374937 -0.228438 -0.046231 -0.347595 0.053825 -0.206226 -0.342441 -0.314820 0.069130 -0.404982 -0.283133 -0.487498 -0.102888 -0.202387 -0.211134 -0.335528 -0.292366 -0.356292 -0.180926 -0.355421 -0.120472 -0.393948 -0.007500 -0.448542 -0.388779 -0.133581 -0.082863 -0.327969
-0.093809 -0.169635 -0.107380 -0.354745 0.056700 -0.252403 0.408103 -0.084520 0.216566 0.151540 -0.261101 -0.114629 0.117477 -0.006663 0.068774 -0.131791 0.084061 0.279626 0.624180 0.397435 0.299382 -0.148984 -0.483603 -0.343491 -0.087550 -0.139417 -0.439567 -0.438461 0.327948 0.381376 0.276771 0.172834 1.000000 0.331027 0.206426 0.029817 0.325772 -0.000446 0.181014 -0.000044 0.101996 0.010769 0.107150 -0.004425 0.362377 0.019850 0.130686 -0.039572 0.226745 0.142907 -0.317955 -0.278888 0.142077 -0.141151 -0.005416 -0.149554 0.160794 0.218950 0.266572 0.250288 0.429732 0.247582 0.096478 0.188254 -0.176897 -0.393871 0.506068 0.117034 0.259206 0.205523 -0.236730 -0.245978 0.589206 0.292576 0.454652 0.173802 0.193497 -0.174121 -0.125819 0.051804 0.401611 0.268487 -0.128539 0.159923 -0.399933 -0.443547 -0.187219 -0.366040 -0.062278 -0.234122 -0.342283 -0.338098 -0.354018 -0.227255 -0.169799 -0.124873 -0.251768 -0.417152 0.312285 -0.212824 0.278893 0.217931 0.176587 -0.034378 -0.301223 -0.129092 0.186537 -0.355175 -0.052012 -0.233688 -0.079440 -0.236454 -0.399234 -0.583170 -0.235902 -0.141622
-0.207548 -0.153387 0.169308 0.139784 -0.087628 0.093676 0.056111 0.301334 -0.176971 -0.244405 -0.101454 0.193798 -0.099611 -0.176062 0.109844 0.050936 -0.151985 -0.130738 -0.024254 0.280320 0.242036 0.203576 0.053542 0.189602 0.089242 0.337854 -0.017981 0.255072 0.049976 -0.239959 0.370482 0.652844 0.331027 1.000000 0.187829 0.271936 0.134486 -0.076936 -0.010100 -0.098559 0.008506 -0.105936 -0.059457 -0.028169 0.021690 0.389692 0.034590 -0.020344 -0.393361 -0.203353 0.095467 -0.279279 -0.334532 -0.258840 -0.159315 -0.288064 -0.196596 -0.095920 -0.430760 -0.449741 -0.256192 -0.459581 -0.364237 -0.340916 0.231282 0.304383 -0.017150 0.524168 0.116461 0.360676 -0.224563 0.436888 -0.035900 -0.257052 -0.118546 -0.214149 -0.247408 -0.010848 0.032131 -0.060448 0.225417 -0.027964 0.215839 0.174988 0.184736 0.062102 0.226804 -0.142077 0.354981 -0.454136 -0.141584 -0.235863 0.023415 -0.245654 -0.245609 -0.203659 0.061128 -0.351644 -0.198310 -0.483750 -0.124777 -0.303324 -0.185125 -0.228627 -0.061097 -0.082773 -0.190668 -0.190984 -0.134616 -0.371319 0.204928 -0.295414 -0.349083 -0.177275 -0.241849 -0.338655
-0.189736 -0.056659 -0.099641 -0.031619 -0.106153 -0.120953 0.006356 -0.060611 -0.025667 -0.126011 -0.087815 -0.074441 -0.017015 -0.135081 0.093380 -0.057813 -0.074426 0.006612 0.124655 0.130479 0.198687 0.076402 -0.031384 0.040896 0.228272 0.108820 0.089334 0.120015 0.215613 0.134570 0.158716 0.123737 0.206426 0.187829 1.000000 0.376172 0.340561 0.382487 0.484804 0.465749 0.563162 0.261828 0.139228 -0.002757 0.020491 0.150317 0.244640 0.334782 -0.346421 -0.100057 -0.149212 -0.184690 -0.156367 -0.109020 0.374160 0.196240 -0.061557 0.129398 -0.292488 -0.127256 -0.233262 -0.163668 0.004183 -0.201854 -0.018128 -0.075950 -0.057860 0.274097 -0.033399 0.213075 -0.150895 0.098312 0.088231 -0.141903 0.047315 -0.127669 -0.178741 -0.024100 -0.107439 0.016083 0.066635 0.046378 0.083956 0.344282 0.077066 0.034658 -0.042990 -0.243755 0.005441 -0.016615 -0.052005 -0.304950 -0.069525 -0.286106 -0.061418 -0.046685 0.096159 -0.304565 0.175544 -0.384526 0.138452 -0.094572 -0.077813 -0.271819 -0.380227 0.029353 -0.163534 -0.390185 -0.265772 -0.135338 0.242806 -0.326113 -0.120489 -0.140467 -0.252648 -0.132292
-0.096701 -0.235403 0.381383 0.295389 0.088622 0.339316 0.206761 0.504960 0.127636 0.116965 -0.167554 -0.053595 0.034588 -0.102221 0.246380 0.262797 -0.356045 -0.372274 0.019326 0.050631 0.365475 0.175315 0.377265 0.375745 0.391680 0.260502 0.346200 0.394367 -0.199750 -0.327872 0.403004 0.414698 0.029817 0.271936 0.376172 1.000000 -0.126889 0.090424 0.380040 0.298185 0.283580 0.035878 -0.361994 -0.303970 -0.079170 0.302246 -0.202773 0.128890 -0.184842 -0.174439 0.182246 -0.147746 -0.410232 -0.281460 0.208407 -0.032541 -0.119727 -0.168979 -0.277810 -0.222066 -0.106655 -0.258459 -0.166731 -0.359594 0.231579 0.184562 -0.299821 0.567229 -0.040977 0.215182 -0.082573 0.410417 -0.326245 -0.237852 -0.251407 -0.155688 -0.315334 -0.050312 -0.491976 -0.188673 -0.281192 -0.316571 0.193190 0.047039 0.202752 0.003617 0.122845 -0.053811 0.421004 0.168601 -0.104015 -0.136850 0.186746 0.106051 -0.185526 -0.141548 0.322294 -0.080617 -0.184196 -0.367997 -0.032850 0.096822 -0.171108 -0.144487 -0.444598 -0.307234 0.039296 -0.307362 0.038997 -0.172474 0.012263 -0.335980 -0.225650 0.132994 0.017676 -0.257363
