1.000000 0.305474 -0.440315 -0.358980 0.147523 -0.010638 -0.349170 -0.146605 0.069435 0.090333 0.327213 0.167192 0.344553 0.171436 0.307296 0.287057 0.086531 -0.102121 0.274233 0.036452 -0.216177 0.271484 -0.148085 -0.227503 -0.277366 -0.157586 0.112574 0.054925 0.059744 -0.227095 -0.453058 -0.263361 -0.056763 -0.314240 -0.297598 -0.068117 -0.127003 -0.016369 -0.060298 0.259641 0.103975 0.044155 -0.112871 -0.045887 -0.156578 -0.188333 -0.122819 0.130772 -0.063167 0.013145 -0.481263 -0.015844 0.058338 0.114771 0.219755 0.274190 0.579773 -0.074890 0.217848 -0.097666 0.088736 0.174738 -0.148461 -0.199014 -0.142444 -0.011516 -0.375167 -0.456509 0.418828 -0.170899 -0.193185 -0.153622 -0.174035 -0.157042 -0.192442 -0.081242 -0.020295 -0.188657 0.122093 -0.189934 -0.103578 -0.203978 0.024741 -0.301059 0.046019 -0.093817 0.144529 -0.008297 0.214024 0.070978 -0.029025 0.097697 0.078157 -0.035515 0.095490 0.160393 0.152752 0.185775 -0.073396 0.461526 0.300467 0.009288 -0.131078 0.313174 0.037904 0.129503 -0.012860 0.140772 -0.136253 0.112494 -0.045826 -0.178234 0.006976 -0.136977 0.031625 0.112563
0.305474 1.000000 -0.534897 -0.518587 -0.052600 -0.328115 -0.495775 -0.336051 -0.220976 -0.007272 0.229091 0.085734 0.107393 -0.046199 0.047561 0.022986 0.412981 0.478722 0.202769 0.373549 -0.331724 -0.054119 -0.409897 -0.487540 -0.441118 -0.523952 -0.237940 -0.223928 0.166947 0.211083 -0.523603 -0.558849 0.277095 -0.105543 -0.232615 -0.010109 0.087307 -0.098121 -0.148576 -0.045951 0.054231 -0.043583 0.239039 0.162067 -0.043409 -0.214262 0.337160 0.360187 0.071425 0.081192 -0.274444 -0.039003 0.118040 0.192081 0.161247 0.127723 0.155990 0.510992 -0.227933 0.146562 -0.259175 0.146607 -0.057665 0.274072 -0.356705 -0.223544 -0.147643 -0.463556 0.438804 0.193280 -0.034831 -0.076233 0.105789 0.245008 0.092070 -0.036223 0.207060 -0.014534 0.255275 0.442824 0.243339 0.299291 -0.004250 -0.313190 0.071877 -0.111477 0.156369 -0.144833 -0.093716 -0.143224 -0.113527 -0.157563 -0.379374 -0.261208 0.057180 0.120486 0.387663 0.192139 0.316296 0.109508 0.073938 -0.155502 0.120654 -0.058712 -0.040719 -0.239175 -0.092657 -0.051432 0.140063 0.419693 0.225765 0.325949 0.237448 -0.033819 -0.031196 -0.025949
-0.440315 -0.534897 1.000000 0.673505 -0.037465 -0.011070 0.775446 0.545327 0.188181 0.016846 -0.198098 0.076936 -0.021175 -0.099499 -0.128384 -0.205285 -0.292278 -0.237091 -0.006850 -0.274330 0.141617 0.080042 0.403982 0.376085 0.273851 0.232048 -0.053572 0.104815 -0.092442 -0.134773 0.700908 0.507129 -0.251791 0.281784 0.177198 0.085240 -0.098173 -0.150406 0.018302 -0.184424 -0.150698 -0.070816 -0.163923 -0.184421 -0.037357 0.077410 -0.190177 -0.314958 -0.099801 -0.216692 0.157694 -0.228406 -0.200872 -0.233389 -0.128105 -0.303724 -0.421753 -0.287269 0.005313 -0.205493 0.313245 -0.096812 0.123181 -0.033149 0.421748 0.093819 0.158570 0.336783 -0.396829 -0.199082 0.101132 0.053825 -0.043662 -0.116399 -0.085424 0.012784 -0.177556 -0.007015 -0.319204 -0.243768 -0.289487 -0.171195 -0.057558 0.269430 0.016981 0.170787 -0.045664 0.166272 0.102325 0.200873 0.013671 0.025714 0.212042 0.131388 -0.029871 -0.241340 -0.169906 -0.154020 -0.272251 -0.442718 0.028605 -0.140766 -0.037024 0.058768 -0.004610 0.066622 -0.046509 0.130343 -0.124906 -0.198739 -0.058133 -0.196786 -0.228851 0.030375 -0.242030 0.020986
-0.358980 -0.518587 0.673505 1.000000 -0.021713 0.086545 0.564341 0.743171 0.115454 0.205110 -0.184129 0.224072 -0.211220 -0.053045 -0.094908 -0.018148 -0.101930 -0.127698 -0.109688 -0.188157 0.371763 0.108431 0.424806 0.592204 0.203952 0.224541 -0.081335 0.090164 -0.020517 -0.014428 0.703620 0.612423 -0.282668 0.212381 0.019303 -0.183992 -0.240233 -0.161602 -0.054321 -0.264419 -0.277370 0.007420 -0.333330 -0.313412 -0.195638 -0.010408 -0.344480 -0.327942 -0.236052 -0.221019 0.095972 0.000209 -0.307495 -0.118394 -0.344683 -0.228430 -0.383759 -0.389993 -0.176204 -0.022862 0.055280 -0.003024 0.019809 0.173812 0.330639 0.281229 -0.025789 0.257336 -0.341170 -0.139632 0.236179 0.136598 -0.013003 0.034684 0.136096 0.143210 0.007517 0.087851 -0.080011 -0.175117 -0.193560 -0.190813 0.175527 0.400967 -0.017890 0.332007 0.015813 0.255143 -0.000959 0.318423 0.113781 0.084549 0.394333 0.103323 -0.113792 -0.199242 -0.433791 -0.165682 -0.265018 -0.327684 0.029536 -0.135125 -0.217690 0.186626 -0.247924 -0.096200 -0.144480 0.036932 -0.156409 -0.234488 -0.249849 -0.381788 -0.302250 -0.138244 -0.240277 -0.070712
0.147523 -0.052600 -0.037465 -0.021713 1.000000 0.560517 0.026898 0.242893 0.709551 0.667226 0.389077 0.280818 0.394771 0.274503 0.450240 0.499089 -0.122795 -0.139333 0.253158 -0.086262 0.230521 0.064558 -0.140684 -0.193521 0.374205 -0.017361 0.435850 0.080899 -0.201368 -0.107123 -0.296603 -0.232720 -0.147295 -0.327345 0.052338 0.113496 -0.241983 -0.311095 -0.201866 -0.133839 -0.143236 0.063123 -0.209855 -0.244524 -0.178228 -0.383500 -0.224186 -0.036012 0.196770 -0.256731 -0.293626 -0.323389 -0.207368 -0.015486 -0.196053 -0.225596 -0.130639 -0.148013 0.331191 0.247546 0.127733 0.295499 -0.103715 -0.161571 -0.266616 0.101611 0.182469 0.183268 -0.053098 -0.103205 -0.094722 -0.232588 -0.217428 -0.060308 0.029523 0.078761 -0.073996 -0.076708 -0.181944 -0.385519 -0.055323 -0.333078 0.294722 0.098714 -0.104437 -0.221867 -0.180089 0.034212 0.036748 -0.021158 0.314376 0.264616 0.354330 0.354123 0.269132 0.093924 -0.140672 0.242224 -0.236346 -0.042883 -0.020640 0.077982 -0.039508 -0.084972 -0.136752 -0.049940 -0.115755 0.008768 -0.211701 0.051224 0.093548 0.041733 -0.067028 -0.177882 0.098794 -0.007418
-0.010638 -0.328115 -0.011070 0.086545 0.560517 1.000000 -0.054642 0.154335 0.306625 0.321402 0.108527 0.080445 -0.041673 0.075918 0.219341 0.144115 -0.275667 -0.378618 0.007894 -0.105580 0.478340 0.152544 0.006674 0.035903 0.740083 0.512639 0.702130 0.371701 -0.372353 -0.238958 0.011772 0.102561 -0.115802 -0.151218 0.057677 0.115539 -0.259547 -0.213048 0.095923 0.231416 -0.072368 -0.008295 0.055834 0.092994 0.086788 0.011765 -0.120039 0.198781 0.224900 0.131321 -0.029027 0.072106 -0.027977 0.110277 -0.254161 0.125976 0.176534 -0.289558 0.081156 -0.027891 -0.041343 0.058655 -0.217518 -0.295986 -0.147652 0.113976 0.026068 0.248250 0.045263 0.052874 0.031352 -0.111794 -0.282680 -0.234465 -0.090179 -0.075293 -0.139346 -0.159693 -0.333673 -0.507815 -0.206850 -0.368070 0.231417 0.203153 -0.137367 -0.075102 -0.066777 0.280888 0.160212 0.004637 0.322880 0.217079 0.344707 0.061735 0.012930 -0.112129 -0.315831 0.085937 -0.316647 0.015955 -0.077454 -0.018864 -0.300898 -0.106351 -0.170595 -0.064202 -0.038909 0.003519 -0.235494 -0.187246 0.062196 -0.279324 -0.221275 -0.229496 0.041755 -0.171659
-0.349170 -0.495775 0.775446 0.564341 0.026898 -0.054642 1.000000 0.571722 0.451526 0.198167 -0.192653 0.162621 0.164352 0.186186 0.039118 0.112581 -0.232078 -0.247837 -0.181310 -0.569972 0.152921 0.231453 0.295606 0.311482 0.116428 0.139383 -0.063600 0.127718 -0.143933 -0.157150 0.476882 0.418200 -0.233688 0.229738 0.160245 -0.086023 -0.145470 -0.136797 -0.114107 -0.261472 -0.174656 0.170324 -0.341331 -0.376827 -0.232460 -0.093321 -0.288017 -0.508778 -0.198613 -0.416043 0.101524 -0.327919 -0.253539 -0.300407 -0.102812 -0.485129 -0.536142 -0.297611 0.284998 -0.085171 0.558864 0.203241 0.115240 -0.028503 0.514846 0.377070 0.198658 0.237502 -0.444743 -0.334905 0.109840 0.126348 -0.022787 0.067551 0.122764 0.162676 -0.056714 0.155962 -0.253287 -0.196084 -0.363027 -0.233678 -0.079315 0.138113 -0.002685 0.164831 -0.102576 -0.081298 0.046031 0.164333 -0.018492 0.035748 0.371169 0.209812 0.060367 -0.024177 -0.088103 0.009389 -0.262255 -0.355914 0.014738 -0.086125 -0.096626 0.127074 -0.167207 0.010082 -0.189049 0.209355 -0.046116 0.074985 -0.093672 -0.047944 -0.185021 0.074498 -0.302408 0.175836
-0.146605 -0.336051 0.545327 0.743171 0.242893 0.154335 0.571722 1.000000 0.381423 0.590555 -0.041980 0.653508 0.201099 0.391569 0.163396 0.348124 -0.112988 -0.138475 -0.033623 -0.333299 0.146226 0.140302 0.064546 0.173975 0.106705 0.014032 0.010109 -0.058431 -0.119392 0.025492 0.337515 0.262799 -0.219284 0.090329 -0.105012 -0.112101 -0.324117 -0.213168 -0.213605 -0.166254 -0.264815 0.111797 -0.276093 -0.252393 -0.311780 -0.264203 -0.455250 -0.178316 -0.124790 -0.305203 -0.145857 -0.198886 -0.332648 -0.188181 -0.268644 -0.249029 -0.426574 -0.383267 0.154650 0.085969 0.378674 0.484860 0.054253 0.152604 0.029555 0.518379 -0.053545 0.099657 -0.510949 -0.351157 0.032837 -0.019806 -0.054903 -0.016819 0.118693 0.023747 0.005145 0.004937 -0.057342 -0.249634 -0.314905 -0.370318 0.046861 0.126129 -0.115648 -0.012271 -0.116754 0.015203 0.099562 0.349780 0.186744 0.039341 0.445929 0.129000 0.019811 -0.053397 -0.178563 -0.025703 -0.302592 -0.330209 0.229425 -0.080113 -0.137917 0.260969 -0.442573 -0.100061 -0.157813 -0.077088 -0.355133 -0.030509 -0.039301 -0.211147 -0.155179 -0.194297 -0.304910 0.033646
0.069435 -0.220976 0.188181 0.115454 0.709551 0.306625 0.451526 0.381423 1.000000 0.687512 0.275313 0.363562 0.417144 0.450376 0.550064 0.634442 -0.121693 -0.258558 0.048326 -0.484577 0.233185 0.275366 0.032852 -0.063498 0.157348 0.037201 0.285066 0.119750 -0.205929 -0.244046 -0.135400 -0.011981 -0.186111 -0.185466 -0.035102 -0.112858 -0.298761 -0.327723 -0.314673 -0.226854 -0.015631 0.254482 -0.509389 -0.544752 -0.363242 -0.477968 -0.381493 -0.340488 -0.128039 -0.447332 -0.225404 -0.402823 -0.304344 -0.190547 -0.266025 -0.332341 -0.209200 -0.094364 0.479040 0.137166 0.464902 0.459471 -0.084338 -0.090170 0.262070 0.406541 0.120038 0.102396 -0.109399 -0.251675 0.038691 -0.107603 -0.159105 0.007574 0.189317 0.215722 -0.073071 -0.021523 -0.204897 -0.315185 -0.236843 -0.328935 0.210883 0.031502 0.026478 0.063869 -0.222983 -0.078760 0.213511 0.192226 0.055811 0.089983 0.455708 0.303730 0.288801 0.041989 -0.135723 0.288929 -0.390879 -0.185012 -0.084339 -0.062962 -0.221876 0.044587 -0.267455 0.013420 -0.159594 0.105213 -0.292829 0.115066 -0.029254 -0.092391 -0.260086 -0.130435 -0.081289 0.067953
0.090333 -0.007272 0.016846 0.205110 0.667226 0.321402 0.198167 0.590555 0.687512 1.000000 0.338387 0.535186 0.426401 0.572127 0.598265 0.743459 -0.036159 -0.164975 0.179435 -0.246115 0.158782 0.156194 -0.087388 -0.092113 0.000994 -0.105428 0.340600 -0.029807 -0.172190 -0.057977 -0.260122 -0.132778 -0.142949 -0.373531 -0.120031 -0.205250 -0.211012 -0.342209 -0.312903 -0.119984 -0.071911 0.211778 -0.398817 -0.407244 -0.505126 -0.606130 -0.415223 -0.136806 -0.161528 -0.438872 -0.390945 -0.328147 -0.262651 -0.100650 -0.245001 -0.199240 -0.283048 -0.147134 0.341257 0.315781 0.262480 0.609678 -0.017645 0.039648 -0.078745 0.491933 -0.080192 -0.047144 -0.228518 -0.235624 0.015468 -0.066389 -0.155801 0.039899 0.206279 0.107357 0.135623 -0.043524 0.002448 -0.235130 -0.136074 -0.409425 0.370434 0.027286 0.029478 -0.084477 -0.269789 0.043392 0.255127 0.259615 0.280532 0.157584 0.440141 0.297407 0.234484 0.125755 -0.162608 0.224351 -0.294993 -0.190909 -0.008980 -0.020406 -0.119487 0.155207 -0.486466 -0.120634 -0.087787 -0.188161 -0.335395 0.207934 0.020243 -0.056806 -0.198702 -0.239595 -0.027504 0.059374
0.327213 0.229091 -0.198098 -0.184129 0.389077 0.108527 -0.192653 -0.041980 0.275313 0.338387 1.000000 0.343301 0.518256 0.231427 0.490188 0.355028 0.013399 -0.067189 0.599810 0.349978 -0.037481 -0.025223 0.014124 -0.081355 -0.147964 -0.296801 0.035237 -0.122437 0.019762 -0.158175 -0.284395 -0.142547 -0.175426 -0.310700 -0.112476 -0.005231 -0.013395 -0.222678 -0.075791 0.005493 -0.103835 0.034134 -0.129518 -0.225098 -0.000150 -0.202400 -0.051872 0.026451 0.179656 -0.063003 -0.255373 -0.275690 -0.107397 -0.120350 0.020813 -0.034613 -0.156586 -0.045699 0.096501 -0.000730 -0.103323 0.187151 -0.038582 -0.272330 -0.106548 0.037645 -0.148520 -0.041816 0.024962 -0.073726 0.118236 -0.192768 -0.233334 -0.004222 0.058036 0.122442 0.088416 -0.094970 -0.222175 -0.260850 0.038288 -0.303460 0.569743 -0.062185 0.305757 -0.097594 -0.087688 0.083766 0.302861 0.058414 0.187140 0.220692 -0.021414 0.163506 0.091218 -0.221057 -0.068288 -0.012141 0.060853 -0.184068 -0.140162 -0.008170 0.086160 -0.223494 -0.101890 -0.035669 0.089952 -0.212575 -0.031526 0.220649 0.097301 -0.035213 -0.106163 -0.275898 0.016893 -0.237347
0.167192 0.085734 0.076936 0.224072 0.280818 0.080445 0.162621 0.653508 0.363562 0.535186 0.343301 1.000000 0.456813 0.639455 0.326134 0.556025 0.105367 0.084829 0.111033 -0.143937 -0.026896 0.166564 -0.264562 -0.179569 -0.089389 -0.249614 -0.056484 -0.212573 0.141033 0.161981 0.021699 0.021741 -0.076572 0.066954 -0.321918 -0.117638 -0.220435 -0.096597 -0.188452 0.074588 -0.054250 0.249399 -0.203027 -0.250989 -0.357906 -0.430803 -0.346724 -0.106765 0.070025 -0.277738 -0.327009 -0.239999 -0.231930 -0.219675 -0.094110 -0.111744 -0.246702 -0.290244 0.165459 0.075425 0.346166 0.636395 -0.010882 0.116906 -0.165962 0.491153 -0.181715 -0.185432 -0.306608 -0.333079 -0.025158 -0.147961 0.018584 0.057188 0.205305 0.094829 0.082874 -0.045362 -0.020045 -0.103308 -0.168419 -0.255476 0.086781 0.091070 -0.050841 -0.100009 -0.196278 -0.114500 0.170857 0.369237 0.119668 -0.026307 0.275842 -0.055686 0.034091 -0.010629 -0.023908 0.073861 -0.122206 -0.081187 0.296231 -0.080389 -0.161300 0.050776 -0.419531 -0.116999 -0.117874 -0.061530 -0.233223 0.181529 0.057336 -0.070097 0.062556 -0.221295 -0.334144 -0.012232
0.344553 0.107393 -0.021175 -0.211220 0.394771 -0.041673 0.164352 0.201099 0.417144 0.426401 0.518256 0.456813 1.000000 0.592311 0.620577 0.542023 -0.174176 -0.178490 0.308770 -0.055153 -0.310530 0.069561 0.014014 -0.291251 -0.169126 -0.332238 0.147161 -0.001939 -0.063939 -0.153239 -0.319082 -0.244232 -0.068189 -0.082037 -0.043373 0.202235 -0.208157 -0.118697 -0.315070 -0.038524 -0.154944 0.113987 -0.162068 -0.183344 -0.194663 -0.304996 -0.323160 -0.070001 0.216466 -0.253879 -0.434731 -0.426438 -0.286413 -0.264945 0.139998 -0.297869 -0.290585 -0.069747 0.543932 -0.005611 0.448072 0.408837 -0.058181 -0.274614 -0.074156 0.317914 -0.054685 -0.141289 -0.223440 -0.382968 -0.313288 -0.298834 -0.302912 -0.038798 -0.098895 0.053165 -0.004288 -0.088713 -0.158929 -0.221831 -0.327521 -0.406407 0.209334 -0.342966 0.167557 -0.369821 -0.017507 -0.126889 0.312242 0.020090 0.085028 0.068300 0.114021 0.286796 0.279240 0.132106 0.224782 0.250866 -0.093018 -0.117301 0.143617 -0.046436 0.157296 0.020049 -0.083188 0.058829 0.095807 -0.021011 -0.172523 0.232593 0.348108 0.332715 0.125321 -0.111259 -0.041865 0.292893
0.171436 -0.046199 -0.099499 -0.053045 0.274503 0.075918 0.186186 0.391569 0.450376 0.572127 0.231427 0.639455 0.592311 1.000000 0.604017 0.802091 -0.109972 -0.133145 0.090573 -0.386355 0.007775 0.128763 -0.122178 -0.165746 -0.210788 -0.214943 0.130607 -0.074094 -0.064508 0.042991 -0.203637 -0.037640 -0.163110 -0.124718 -0.255225 -0.077209 -0.178183 0.068157 -0.159621 0.159896 0.064350 0.384498 -0.328775 -0.337302 -0.402842 -0.481698 -0.365468 -0.234027 -0.124643 -0.406873 -0.323806 -0.208007 -0.127614 -0.151422 0.151229 -0.145794 -0.277478 -0.243100 0.490473 0.216230 0.448865 0.637010 0.006275 -0.141124 -0.039595 0.615760 -0.110509 -0.142278 -0.434453 -0.529339 -0.075056 0.036734 -0.096906 0.062939 0.110205 0.217155 0.156296 0.049624 -0.024718 -0.127958 -0.313773 -0.368907 0.113873 -0.056837 0.015530 -0.096008 -0.178029 -0.171800 0.229274 0.266744 0.111589 0.051663 0.337778 0.178685 0.129860 0.216828 0.107847 0.188735 -0.150475 -0.047519 0.180274 0.150316 0.017207 0.101973 -0.454125 -0.124457 -0.042843 -0.089636 -0.193249 0.079531 0.041052 0.054257 0.054827 -0.133767 -0.160732 0.108283
0.307296 0.047561 -0.128384 -0.094908 0.450240 0.219341 0.039118 0.163396 0.550064 0.598265 0.490188 0.326134 0.620577 0.604017 1.000000 0.761458 -0.228831 -0.262713 0.216314 -0.289882 0.055452 0.275642 0.304730 -0.000599 -0.149373 -0.123235 0.440297 0.308023 -0.348971 -0.450830 -0.320726 -0.112239 -0.320941 -0.437971 -0.064031 -0.171075 -0.297261 -0.355287 -0.315215 0.004998 -0.142694 0.112928 -0.533473 -0.470620 -0.455386 -0.491395 -0.404926 -0.190905 -0.103135 -0.422949 -0.342921 -0.199526 -0.163828 -0.027484 0.066971 -0.120493 -0.096187 0.100662 0.488376 0.219149 0.311346 0.446569 -0.258460 -0.213449 0.234559 0.482523 -0.073789 -0.120082 -0.061541 -0.365376 -0.100922 -0.066839 -0.555327 -0.072943 -0.096828 0.225468 0.073224 -0.080824 -0.233097 -0.279019 -0.518454 -0.523735 0.475755 -0.152121 0.469553 0.148528 0.229317 0.180908 0.623054 0.341684 0.106760 0.145416 0.313200 0.222418 0.204630 0.064298 0.039161 0.277717 -0.273579 -0.169415 -0.005473 -0.145402 -0.040975 0.058241 -0.357585 -0.206905 -0.108840 0.042564 -0.294246 0.078483 0.071052 -0.040743 -0.376385 -0.358886 -0.111634 0.107720
0.287057 0.022986 -0.205285 -0.018148 0.499089 0.144115 0.112581 0.348124 0.634442 0.743459 0.355028 0.556025 0.542023 0.802091 0.761458 1.000000 -0.070135 -0.180272 0.160141 -0.415954 0.076944 0.189600 -0.032981 -0.166737 -0.218411 -0.215230 0.251206 0.045779 -0.123358 -0.117544 -0.338416 -0.133601 -0.159962 -0.331294 -0.257672 -0.257871 -0.214005 -0.109410 -0.276558 -0.045867 0.048865 0.410976 -0.553587 -0.525429 -0.569476 -0.605346 -0.416221 -0.250178 -0.257733 -0.509305 -0.439995 -0.323463 -0.236451 -0.122806 0.004737 -0.141590 -0.179537 -0.088078 0.465735 0.243638 0.446752 0.630737 -0.066001 -0.112741 0.036783 0.575579 -0.071738 -0.218497 -0.167430 -0.380707 -0.024818 0.051249 -0.181753 0.155251 0.258314 0.384100 0.201014 0.089947 0.001716 -0.122435 -0.282729 -0.408173 0.365098 -0.025562 0.188625 0.009722 -0.084457 -0.106426 0.309031 0.273371 0.138102 0.114280 0.460171 0.248027 0.338736 0.183422 0.044048 0.343552 -0.228581 -0.014389 0.027569 0.119767 -0.078728 0.094937 -0.504051 -0.138613 -0.100712 -0.076764 -0.296134 0.133029 0.048031 0.076282 -0.126611 -0.184403 -0.113035 0.121961
0.086531 0.412981 -0.292278 -0.101930 -0.122795 -0.275667 -0.232078 -0.112988 -0.121693 -0.036159 0.013399 0.105367 -0.174176 -0.109972 -0.228831 -0.070135 1.000000 0.600958 -0.003834 0.309685 -0.113740 -0.056328 -0.448079 -0.302566 -0.220373 -0.484260 -0.480686 -0.402037 0.536392 0.540174 -0.089366 -0.203892 0.413894 0.091051 -0.419048 -0.332301 -0.059536 -0.111803 -0.332103 -0.048335 0.064049 0.063972 0.154533 -0.017678 -0.018203 -0.209358 0.396816 0.095071 -0.098439 0.025541 0.054803 0.144862 0.241718 0.173746 -0.039879 0.107239 0.180742 0.208921 -0.202136 0.295861 -0.159504 0.056175 0.340543 0.645897 -0.244963 -0.330260 0.106794 -0.419988 0.346031 0.103853 -0.064334 -0.214361 0.501753 0.110465 0.250905 -0.109350 -0.040829 -0.200497 0.494687 0.524157 0.642277 0.611843 -0.108809 0.252490 -0.104531 0.120909 -0.092671 0.022066 -0.409591 -0.187241 -0.264704 -0.389429 -0.290416 -0.421839 -0.011172 0.301005 0.170518 0.256769 0.297823 0.261140 0.241522 0.119413 -0.091371 0.319695 -0.075666 -0.256750 -0.219742 0.226022 -0.085119 0.063973 -0.031409 0.111942 0.185567 -0.038501 -0.201362 0.045435
-0.102121 0.478722 -0.237091 -0.127698 -0.139333 -0.378618 -0.247837 -0.138475 -0.258558 -0.164975 -0.067189 0.084829 -0.178490 -0.133145 -0.262713 -0.180272 0.600958 1.000000 -0.104149 0.355710 -0.280613 -0.185772 -0.438943 -0.218700 -0.195902 -0.312477 -0.444752 -0.515414 0.546239 0.606790 -0.129864 -0.261426 0.352821 0.232624 -0.055729 -0.105413 0.113893 -0.044368 -0.009069 -0.101971 -0.093639 -0.250952 0.238235 0.093809 0.027524 -0.047910 0.325440 0.023953 -0.045080 0.050802 0.102901 0.200366 0.029892 0.104995 0.055903 -0.022853 -0.017344 0.376132 -0.349934 0.328844 -0.262977 0.008352 0.087018 0.581984 -0.275185 -0.292184 0.157334 -0.213246 0.104774 0.113264 -0.092897 -0.169521 0.447291 0.140148 0.020181 -0.175836 0.041254 0.026523 0.471549 0.716447 0.507045 0.726719 -0.332390 0.143363 -0.258697 -0.038391 0.066682 -0.204982 -0.429765 -0.098402 -0.328953 -0.337485 -0.417907 -0.357825 -0.290419 -0.020317 0.120439 -0.198954 0.268653 -0.035096 0.216812 -0.118833 0.204720 0.033093 0.171445 -0.122348 -0.181587 0.099236 0.197765 0.101871 -0.204713 0.138417 0.237482 0.141799 -0.084431 -0.120300
0.274233 0.202769 -0.006850 -0.109688 0.253158 0.007894 -0.181310 -0.033623 0.048326 0.179435 0.599810 0.111033 0.308770 0.090573 0.216314 0.160141 -0.003834 -0.104149 1.000000 0.372805 -0.015852 -0.063727 -0.053091 -0.233464 -0.183514 -0.300113 0.014528 -0.089851 -0.031397 -0.071069 -0.180176 -0.242142 -0.104891 -0.404742 -0.334948 -0.029538 -0.058290 -0.010129 -0.103087 0.138255 0.102122 0.087550 0.004240 -0.034056 -0.118610 -0.290116 -0.003194 0.218034 0.017994 -0.011416 -0.182858 -0.209006 0.082322 0.006485 0.271366 0.121890 -0.090943 -0.128262 -0.057305 -0.062200 0.090095 0.034256 0.137445 -0.241370 -0.115025 -0.138672 -0.157142 -0.090434 -0.020994 -0.101285 0.056358 -0.147679 -0.075130 0.012510 0.070090 0.153429 -0.041643 -0.234528 -0.150044 -0.201806 0.049764 -0.236983 0.230358 -0.068420 0.291636 -0.055433 -0.190367 0.156154 0.178734 0.056330 0.130545 0.153294 -0.076537 0.098368 0.310872 0.120924 0.127303 0.173043 -0.045911 -0.139823 0.074932 0.136294 0.050448 -0.098640 -0.099252 -0.045510 0.174682 -0.076380 0.014735 0.156230 0.173054 -0.124517 0.009790 -0.183816 0.105519 0.026290
0.036452 0.373549 -0.274330 -0.188157 -0.086262 -0.105580 -0.569972 -0.333299 -0.484577 -0.246115 0.349978 -0.143937 -0.055153 -0.386355 -0.289882 -0.415954 0.309685 0.355710 0.372805 1.000000 -0.126558 -0.414832 -0.250907 -0.227870 0.024564 -0.213129 -0.207001 -0.388928 0.293156 0.388864 -0.154484 -0.214622 0.228111 0.015470 -0.128022 0.196095 0.176777 0.020616 0.072629 0.019555 -0.135418 -0.325864 0.442948 0.349031 0.327334 0.190644 0.344062 0.360390 0.219202 0.353601 -0.018230 0.149521 0.086712 -0.016682 0.003967 0.220206 0.058118 0.125241 -0.346169 -0.009736 -0.506459 -0.298118 0.198765 0.105373 -0.452334 -0.436801 -0.108441 -0.051342 0.200148 0.374074 -0.073266 -0.268448 0.175691 0.038516 -0.078616 -0.160909 0.004576 -0.153403 0.229870 0.197518 0.581386 0.342288 0.082464 -0.045710 -0.099223 -0.241357 -0.047082 0.138754 -0.134688 -0.176668 0.011414 -0.054532 -0.512172 -0.066003 -0.189100 -0.118523 -0.119729 -0.222260 0.308169 0.020583 0.027446 0.093479 0.258403 -0.144890 0.201585 -0.013242 0.199476 -0.262879 0.125785 -0.105500 0.093318 0.171486 0.295572 -0.048360 0.248992 -0.212067
-0.216177 -0.331724 0.141617 0.371763 0.230521 0.478340 0.152921 0.146226 0.233185 0.158782 -0.037481 -0.026896 -0.310530 0.007775 0.055452 0.076944 -0.113740 -0.280613 -0.015852 -0.126558 1.000000 0.256045 0.270177 0.340078 0.421483 0.333281 0.351790 0.301374 -0.203884 -0.042919 0.369435 0.420123 -0.185062 -0.037417 -0.025875 -0.168083 -0.010977 -0.017088 0.168884 0.043862 -0.044208 0.193319 -0.272040 -0.282637 -0.193165 -0.118866 -0.290724 -0.176416 -0.145647 -0.175830 -0.075706 0.144030 -0.143128 0.077617 -0.300066 -0.148118 -0.077377 -0.420816 -0.109079 -0.076054 -0.132369 -0.114730 -0.160831 -0.165118 0.245554 0.114579 -0.172265 0.203565 0.004041 0.053369 0.498320 0.328998 -0.038973 0.384837 0.422831 0.394289 0.257856 0.160501 -0.109195 -0.245589 -0.083765 -0.236836 0.292232 0.402658 0.005060 0.356678 -0.104445 0.287804 0.042979 0.192267 0.336768 0.295093 0.488205 0.142099 -0.079016 -0.039938 -0.421623 -0.003100 -0.251551 -0.006548 -0.122860 -0.006554 -0.377195 -0.041084 -0.290859 -0.234925 -0.288694 0.040008 0.039951 -0.108963 -0.136318 -0.310557 -0.223215 -0.062592 -0.103164 -0.257970
0.271484 -0.054119 0.080042 0.108431 0.064558 0.152544 0.231453 0.140302 0.275366 0.156194 -0.025223 0.166564 0.069561 0.128763 0.275642 0.189600 -0.056328 -0.185772 -0.063727 -0.414832 0.256045 1.000000 0.190910 0.123886 -0.072420 0.087807 0.272208 0.553061 -0.033777 -0.414567 0.071126 0.167840 -0.230792 0.016095 -0.029707 -0.441729 -0.236582 -0.337553 -0.208085 0.127856 -0.043459 0.052621 -0.468288 -0.422436 -0.443923 -0.454963 -0.309551 -0.329783 -0.119126 -0.373071 -0.200730 0.035850 0.027932 0.172736 0.138427 -0.208145 0.201507 -0.080493 0.098282 0.008578 0.310481 0.273988 -0.237948 -0.018266 0.392992 0.286452 -0.203731 -0.219555 0.153405 -0.452300 0.138228 0.029986 -0.297885 -0.019573 -0.007990 -0.012150 -0.067027 -0.148878 -0.317507 -0.246631 -0.473105 -0.322100 0.088881 0.001764 0.217235 0.453139 0.185513 0.136568 0.271612 0.420150 0.041364 0.037960 0.421334 -0.180940 0.119535 0.035270 0.108633 0.241434 -0.236599 0.091731 0.344348 -0.521488 -0.444045 0.311567 -0.132505 -0.114733 -0.590354 0.665243 -0.076251 0.093698 -0.327619 -0.387575 -0.336429 -0.214265 -0.329932 0.251646
-0.148085 -0.409897 0.403982 0.424806 -0.140684 0.006674 0.295606 0.064546 0.032852 -0.087388 0.014124 -0.264562 0.014014 -0.122178 0.304730 -0.032981 -0.448079 -0.438943 -0.053091 -0.250907 0.270177 0.190910 1.000000 0.730457 0.043112 0.230206 0.238128 0.555853 -0.329592 -0.577475 0.413158 0.524427 -0.382025 -0.008784 0.284263 -0.047920 -0.106797 -0.099726 -0.003173 -0.137706 -0.230989 -0.064805 -0.464815 -0.355046 -0.091403 0.113457 -0.315869 -0.329276 -0.066129 -0.185707 0.114643 0.057316 -0.148318 -0.009039 -0.017358 -0.147737 -0.207145 -0.133134 0.002701 -0.195631 -0.085488 -0.280101 -0.274027 -0.321101 0.618712 0.148827 -0.054537 0.176287 -0.045539 -0.136963 0.189051 0.219031 -0.511946 -0.029549 -0.091149 0.235088 0.019420 0.023849 -0.281939 -0.308183 -0.497556 -0.392324 0.441947 0.073926 0.548472 0.433272 0.342117 0.414601 0.473670 0.285609 0.109325 0.234144 0.263301 0.236059 0.013698 -0.337810 -0.170293 -0.010670 -0.158599 -0.164471 -0.260633 -0.298955 -0.106088 0.003412 0.007500 0.013252 -0.039257 0.106653 -0.124609 -0.218769 -0.033996 -0.219816 -0.428339 -0.174659 0.016163 0.106858
-0.227503 -0.487540 0.376085 0.592204 -0.193521 0.035903 0.311482 0.173975 -0.063498 -0.092113 -0.081355 -0.179569 -0.291251 -0.165746 -0.000599 -0.166737 -0.302566 -0.218700 -0.233464 -0.227870 0.340078 0.123886 0.730457 1.000000 0.114510 0.396930 0.101538 0.306212 -0.147718 -0.357247 0.551243 0.745390 -0.472985 0.081454 0.378068 -0.101386 0.073467 0.016361 0.232465 -0.019192 -0.194090 -0.045934 -0.374439 -0.329970 -0.065581 0.190951 -0.211003 -0.404084 -0.129900 -0.143188 0.174495 0.160009 -0.136953 -0.014755 -0.235228 -0.064943 -0.200893 -0.316075 -0.163536 -0.141586 -0.323115 -0.335481 -0.237503 -0.215642 0.508715 0.096838 -0.053644 0.372551 -0.144720 0.003443 0.374661 0.305846 -0.277289 -0.099400 -0.116511 0.116229 0.013652 0.142967 -0.102184 -0.232442 -0.235557 -0.183557 0.395772 0.298956 0.163273 0.410652 0.154915 0.340809 0.153183 0.194423 0.195535 0.307977 0.277004 0.172143 -0.152113 -0.335111 -0.443638 -0.270444 -0.143174 -0.142364 -0.268689 -0.185475 -0.114890 0.095503 0.025394 0.077209 0.005758 0.021730 0.091704 -0.193774 -0.354564 -0.408788 -0.425202 -0.123595 0.057382 -0.151630
-0.277366 -0.441118 0.273851 0.203952 0.374205 0.740083 0.116428 0.106705 0.157348 0.000994 -0.147964 -0.089389 -0.169126 -0.210788 -0.149373 -0.218411 -0.220373 -0.195902 -0.183514 0.024564 0.421483 -0.072420 0.043112 0.114510 1.000000 0.629351 0.566187 0.307518 -0.170670 -0.041428 0.295394 0.298073 0.022083 0.215397 0.192589 0.275050 -0.149234 -0.085162 0.179244 0.137726 -0.140617 -0.090722 0.178929 0.164145 0.253859 0.217752 0.015336 0.089133 0.243402 0.155505 0.101102 0.016916 -0.074060 -0.001909 -0.319387 -0.007192 0.030190 -0.290415 -0.025528 -0.179132 -0.137767 -0.215971 -0.104897 -0.193860 -0.112368 -0.070276 0.150415 0.350101 0.011709 0.169021 -0.039976 -0.071562 -0.094180 -0.134470 -0.089919 -0.056241 -0.191112 -0.041872 -0.176362 -0.253270 0.017312 -0.071310 0.036414 0.300886 -0.342866 -0.129839 -0.046428 0.260754 -0.068990 -0.138006 0.179312 0.027012 0.181336 0.061932 -0.058834 -0.135995 -0.252107 -0.017071 -0.275730 -0.019636 -0.133073 0.005668 -0.206876 -0.013457 0.084643 0.034420 0.002514 0.089310 -0.114318 -0.272740 0.094806 -0.099481 -0.022081 0.005776 0.030386 -0.158072
-0.157586 -0.523952 0.232048 0.224541 -0.017361 0.512639 0.139383 0.014032 0.037201 -0.105428 -0.296801 -0.249614 -0.332238 -0.214943 -0.123235 -0.215230 -0.484260 -0.312477 -0.300113 -0.213129 0.333281 0.087807 0.230206 0.396930 0.629351 1.000000 0.542137 0.394739 -0.224560 -0.232848 0.340246 0.524443 -0.093051 0.231309 0.243249 0.148146 0.043241 0.109489 0.480498 0.235463 0.164006 -0.104541 -0.051390 0.045078 0.027874 0.267489 -0.200826 -0.073929 -0.142246 0.067219 0.109861 0.131083 -0.157094 0.040637 -0.283157 0.122787 0.231120 -0.236936 -0.114945 -0.303154 -0.091792 -0.290593 -0.295045 -0.312865 0.264642 0.049468 -0.159065 0.241189 0.012873 0.149378 0.068131 0.193315 -0.132257 -0.172655 -0.188519 -0.073619 -0.164179 0.063105 -0.147868 -0.215647 -0.157711 -0.063931 -0.049501 0.130033 -0.261502 0.075922 0.030157 0.127151 0.119897 0.041911 0.075770 0.113787 0.241265 0.107873 -0.152050 -0.286008 -0.336553 -0.280523 -0.376600 -0.052548 -0.222511 -0.078316 -0.182564 0.056808 0.234635 0.220065 0.138474 -0.058798 0.064017 -0.203944 -0.221599 -0.424646 -0.222653 0.147274 0.150847 -0.199133
0.112574 -0.237940 -0.053572 -0.081335 0.435850 0.702130 -0.063600 0.010109 0.285066 0.340600 0.035237 -0.056484 0.147161 0.130607 0.440297 0.251206 -0.480686 -0.444752 0.014528 -0.207001 0.351790 0.272208 0.238128 0.101538 0.566187 0.542137 1.000000 0.612163 -0.367463 -0.377236 -0.073653 0.117014 -0.142989 -0.201484 0.210186 0.082199 -0.169703 -0.121756 0.075410 0.315456 0.044755 0.072136 -0.163773 -0.067069 -0.222862 -0.173390 -0.326799 0.054550 0.102500 -0.124104 -0.228400 -0.077020 -0.042423 0.023117 -0.046814 0.090726 0.132856 -0.191475 0.205394 -0.101508 0.032305 0.001619 -0.342276 -0.460066 0.031656 0.214407 -0.074522 0.093093 0.101507 -0.044742 -0.102817 0.066229 -0.438793 -0.093697 -0.130857 0.070736 -0.057753 -0.049147 -0.217774 -0.334456 -0.395404 -0.467754 0.300288 -0.012328 0.097855 -0.041652 0.080813 0.302793 0.491210 0.158626 0.234686 0.127277 0.325544 0.139622 0.214281 0.007463 -0.092464 0.198892 -0.504159 0.025827 -0.201168 -0.192854 -0.335131 0.090894 -0.070532 0.063967 -0.017949 0.065146 -0.181728 -0.049811 0.125517 -0.196557 -0.279159 -0.135843 0.242936 0.132444
0.054925 -0.223928 0.104815 0.090164 0.080899 0.371701 0.127718 -0.058431 0.119750 -0.029807 -0.122437 -0.212573 -0.001939 -0.074094 0.308023 0.045779 -0.402037 -0.515414 -0.089851 -0.388928 0.301374 0.553061 0.555853 0.306212 0.307518 0.394739 0.612163 1.000000 -0.488619 -0.632463 0.144281 0.231202 -0.282254 -0.028484 0.119789 -0.158001 -0.291660 -0.201609 -0.040594 0.123633 -0.107762 0.034677 -0.382434 -0.239852 -0.230488 -0.155724 -0.245795 -0.136937 0.098860 -0.259212 0.006849 0.072004 0.076286 0.320956 0.171593 -0.078476 0.156691 -0.054058 0.025294 -0.180984 0.062121 -0.154220 -0.339422 -0.291225 0.378302 0.123135 -0.091854 0.050942 0.179011 -0.187449 0.044968 0.220001 -0.607461 -0.060972 -0.130400 0.114452 -0.102258 -0.045979 -0.492424 -0.357549 -0.602215 -0.457260 0.289747 -0.101318 0.384639 0.348172 0.444925 0.280723 0.437063 0.218519 0.153818 0.156794 0.362748 0.055288 0.289394 -0.021629 0.142701 0.356422 -0.241660 0.059498 -0.092413 -0.280665 -0.349336 0.198953 -0.114007 -0.086683 -0.348172 0.432028 -0.154438 -0.013862 0.065749 -0.235206 -0.424221 -0.343821 -0.023665 0.237764
0.059744 0.166947 -0.092442 -0.020517 -0.201368 -0.372353 -0.143933 -0.119392 -0.205929 -0.172190 0.019762 0.141033 -0.063939 -0.064508 -0.348971 -0.123358 0.536392 0.546239 -0.031397 0.293156 -0.203884 -0.033777 -0.329592 -0.147718 -0.170670 -0.224560 -0.367463 -0.488619 1.000000 0.664248 0.168308 0.135279 0.404295 0.396717 -0.117943 -0.061766 0.211845 0.232920 0.043204 0.064329 0.286170 0.179875 0.155660 0.005842 0.027604 -0.027485 0.236347 -0.109688 -0.158398 0.033390 -0.160980 -0.147090 -0.044296 -0.229714 0.014812 0.032318 0.028234 -0.079489 -0.249404 0.067383 -0.099600 -0.029025 0.307780 0.352496 -0.198698 -0.214683 0.046788 -0.311934 0.066679 -0.091362 -0.088528 -0.099759 0.674956 0.221558 0.253541 0.008379 0.041457 0.072284 0.495451 0.545789 0.558512 0.559713 -0.136453 0.403557 -0.227471 -0.021759 -0.219086 -0.095468 -0.357321 -0.138757 -0.384840 -0.441460 -0.296537 -0.402821 -0.169830 0.056097 0.011190 -0.127298 0.096533 0.141654 0.070908 -0.097829 -0.097943 0.047565 0.307430 0.112455 0.003527 0.175282 0.247522 -0.048043 -0.265529 -0.005865 0.380380 0.376107 -0.068939 0.002439
-0.227095 0.211083 -0.134773 -0.014428 -0.107123 -0.238958 -0.157150 0.025492 -0.244046 -0.057977 -0.158175 0.161981 -0.153239 0.042991 -0.450830 -0.117544 0.540174 0.606790 -0.071069 0.388864 -0.042919 -0.414567 -0.577475 -0.357247 -0.041428 -0.232848 -0.377236 -0.632463 0.664248 1.000000 0.092193 -0.075615 0.545924 0.391369 -0.155024 0.164098 0.167943 0.322003 0.106329 -0.015439 0.161586 0.175253 0.382384 0.226410 0.066019 0.056898 0.211688 0.163758 -0.112829 0.060453 -0.063428 -0.064972 -0.081858 -0.173319 -0.097018 -0.030813 -0.134984 -0.029954 -0.271673 0.148612 -0.147151 -0.045078 0.442178 0.470127 -0.495920 -0.244877 0.123247 -0.174637 -0.131238 0.076520 -0.084933 -0.026187 0.805006 0.378004 0.367475 -0.002055 0.172224 0.162141 0.560929 0.634478 0.684480 0.650205 -0.321825 0.299410 -0.439226 -0.271545 -0.337161 -0.276515 -0.519571 -0.297139 -0.199269 -0.331056 -0.320480 -0.204344 -0.213356 0.167127 -0.033483 -0.162514 0.147514 -0.016473 0.042829 0.242149 0.083531 -0.047172 0.004569 -0.146110 0.020898 -0.204865 0.193325 0.021595 0.052528 0.248610 0.517400 0.325399 0.042693 -0.155339
-0.453058 -0.523603 0.700908 0.703620 -0.296603 0.011772 0.476882 0.337515 -0.135400 -0.260122 -0.284395 0.021699 -0.319082 -0.203637 -0.320726 -0.338416 -0.089366 -0.129864 -0.180176 -0.154484 0.369435 0.071126 0.413158 0.551243 0.295394 0.340246 -0.073653 0.144281 0.168308 0.092193 1.000000 0.790858 -0.094517 0.485041 0.085381 -0.068527 -0.133944 0.010198 0.133742 -0.116618 -0.039165 0.034588 -0.133807 -0.164848 0.022168 0.222002 -0.115333 -0.314302 -0.121902 -0.093284 0.252622 0.043913 -0.143763 -0.110898 -0.267779 -0.121972 -0.261155 -0.390139 -0.236875 -0.214183 -0.000095 -0.286724 -0.014684 0.090361 0.427777 0.020959 0.111039 0.282616 -0.250098 -0.043901 0.226567 0.130956 0.153220 0.036831 0.045097 0.156264 -0.167423 0.049982 -0.088081 -0.023812 -0.094066 0.040839 0.074219 0.513064 0.062027 0.381378 -0.008729 0.287104 -0.055275 0.148706 -0.098165 -0.073088 0.135003 -0.128165 -0.237755 -0.196740 -0.296506 -0.254039 -0.217915 -0.194121 -0.084793 -0.133015 -0.311157 0.056809 0.038139 -0.002438 -0.075192 0.100155 0.046173 -0.319276 -0.152719 -0.315454 -0.132029 0.067186 -0.277164 -0.104749
-0.263361 -0.558849 0.507129 0.612423 -0.232720 0.102561 0.418200 0.262799 -0.011981 -0.132778 -0.142547 0.021741 -0.244232 -0.037640 -0.112239 -0.133601 -0.203892 -0.261426 -0.242142 -0.214622 0.420123 0.167840 0.524427 0.745390 0.298073 0.524443 0.117014 0.231202 0.135279 -0.075615 0.790858 1.000000 -0.272888 0.427086 0.177731 -0.027162 -0.030423 0.138959 0.238586 0.082868 0.006466 0.161754 -0.360335 -0.351860 -0.071697 0.111950 -0.219210 -0.423925 -0.264228 -0.239959 0.040834 -0.031617 -0.198389 -0.157757 -0.314507 -0.046160 -0.152323 -0.472242 -0.093588 -0.287298 -0.088563 -0.229660 -0.120427 -0.184337 0.496220 0.163140 -0.071214 0.160815 -0.222810 -0.167486 0.255995 0.311199 -0.009170 0.042421 0.054664 0.218988 -0.083528 0.172144 0.007415 -0.117999 -0.123317 -0.054345 0.272542 0.484005 0.012547 0.405960 -0.014043 0.301333 0.078254 0.194427 0.039078 0.059284 0.260675 0.043590 -0.199312 -0.278255 -0.349851 -0.257441 -0.189872 -0.068844 -0.163931 -0.124984 -0.253115 0.167351 0.004360 0.019403 -0.038168 0.083360 0.085105 -0.290177 -0.267809 -0.369057 -0.182551 0.072511 -0.168030 -0.125465
-0.056763 0.277095 -0.251791 -0.282668 -0.147295 -0.115802 -0.233688 -0.219284 -0.186111 -0.142949 -0.175426 -0.076572 -0.068189 -0.163110 -0.320941 -0.159962 0.413894 0.352821 -0.104891 0.228111 -0.185062 -0.230792 -0.382025 -0.472985 0.022083 -0.093051 -0.142989 -0.282254 0.404295 0.545924 -0.094517 -0.272888 1.000000 0.427377 -0.264677 0.192297 0.023302 0.236022 0.002149 -0.037408 0.315523 0.049651 0.470985 0.417159 0.232108 0.195362 0.270520 0.405105 0.015464 0.388598 -0.033532 0.001986 -0.122827 -0.003317 -0.060753 0.106103 0.149126 0.207702 -0.300287 -0.076391 -0.032064 -0.100618 0.213932 0.333244 -0.307438 -0.279842 0.113089 -0.202920 0.311257 0.270218 -0.352965 -0.302769 0.655694 0.195110 0.223082 -0.121969 -0.093485 -0.215684 0.453156 0.460636 0.476047 0.522853 -0.321650 -0.035182 -0.066319 -0.252783 -0.214377 -0.117708 -0.322063 -0.471272 -0.490907 -0.567371 -0.471722 -0.382574 -0.002937 0.086294 0.282439 0.143655 0.044970 0.107151 -0.084728 -0.115997 -0.215382 -0.095242 0.138864 0.105388 0.030704 -0.092506 -0.064748 -0.048126 0.331969 0.241571 0.494532 0.297927 0.190497 0.110040
-0.314240 -0.105543 0.281784 0.212381 -0.327345 -0.151218 0.229738 0.090329 -0.185466 -0.373531 -0.310700 0.066954 -0.082037 -0.124718 -0.437971 -0.331294 0.091051 0.232624 -0.404742 0.015470 -0.037417 0.016095 -0.008784 0.081454 0.215397 0.231309 -0.201484 -0.028484 0.396717 0.391369 0.485041 0.427086 0.427377 1.000000 0.092971 0.316726 -0.031020 0.257654 0.211044 0.001349 0.046314 0.029161 0.146473 0.090904 0.208073 0.304952 -0.018540 -0.088718 -0.003549 0.052594 0.028411 -0.075516 -0.310050 -0.173570 -0.179676 -0.193652 -0.104069 -0.080115 -0.306817 -0.270913 -0.028191 -0.227021 0.039209 0.148475 0.014657 -0.097254 0.078119 0.030793 -0.070298 -0.057153 -0.109540 -0.004791 0.388378 0.170995 0.069133 -0.069843 -0.041294 0.126565 0.132241 0.292335 0.102753 0.397401 -0.209609 0.124626 -0.283975 -0.100122 -0.012173 -0.155542 -0.316241 -0.196159 -0.335556 -0.365722 -0.167666 -0.228082 -0.130860 -0.254768 0.096041 -0.158795 0.014689 -0.107861 -0.039104 -0.298243 -0.073141 -0.005958 0.234096 0.134899 -0.064724 0.122845 0.122165 -0.120863 0.050519 0.078807 0.326350 0.356601 -0.092709 -0.007775
-0.297598 -0.232615 0.177198 0.019303 0.052338 0.057677 0.160245 -0.105012 -0.035102 -0.120031 -0.112476 -0.321918 -0.043373 -0.255225 -0.064031 -0.257672 -0.419048 -0.055729 -0.334948 -0.128022 -0.025875 -0.029707 0.284263 0.378068 0.192589 0.243249 0.210186 0.119789 -0.117943 -0.155024 0.085381 0.177731 -0.264677 0.092971 1.000000 0.323551 0.290467 -0.018223 0.282855 -0.067397 -0.276438 -0.182143 0.054090 0.070673 0.148550 0.276631 -0.062201 -0.116334 0.170666 -0.095912 0.093564 -0.182712 -0.116549 -0.248926 -0.165117 -0.357097 -0.169766 0.038273 0.121173 -0.126211 -0.208384 -0.294413 -0.231573 -0.215095 0.059917 -0.125598 0.299326 0.392372 -0.202091 0.043320 0.157036 0.220237 -0.248516 -0.116926 -0.227011 -0.156918 0.220966 0.409724 -0.229004 -0.063312 -0.142506 -0.100604 0.005280 0.012529 -0.149372 -0.203943 0.106788 -0.090274 -0.013369 -0.177409 0.234651 0.338079 0.166100 0.289394 -0.188342 -0.301123 -0.166285 -0.397845 0.001061 -0.283462 -0.214287 -0.158341 0.292235 -0.294143 0.287635 0.000275 0.117896 0.013261 0.331926 0.134770 -0.026019 0.129057 -0.120899 0.303224 0.099002 -0.114441
-0.068117 -0.010109 0.085240 -0.183992 0.113496 0.115539 -0.086023 -0.112101 -0.112858 -0.205250 -0.005231 -0.117638 0.202235 -0.077209 -0.171075 -0.257871 -0.332301 -0.105413 -0.029538 0.196095 -0.168083 -0.441729 -0.047920 -0.101386 0.275050 0.148146 0.082199 -0.158001 -0.061766 0.164098 -0.068527 -0.027162 0.192297 0.316726 0.323551 1.000000 0.097226 0.339016 0.333355 0.075543 -0.022109 -0.112950 0.487474 0.498059 0.511692 0.569505 -0.017032 0.406271 0.362351 0.353550 -0.160130 -0.274134 -0.244300 -0.246093 -0.043334 -0.096202 -0.054483 -0.021804 -0.028917 -0.332033 -0.149494 -0.354818 0.016329 -0.371631 -0.369251 -0.227354 0.042679 0.256456 -0.106468 0.154533 -0.267273 -0.070276 0.054635 -0.071082 -0.207065 -0.139036 0.028889 0.145935 -0.064093 -0.042163 0.006536 0.034066 -0.189850 -0.160524 -0.280947 -0.603754 -0.063769 -0.206328 -0.142326 -0.456516 0.096108 0.044745 -0.271905 0.232750 -0.045953 -0.204941 0.014980 -0.217465 -0.003330 -0.206798 -0.213976 0.074671 0.324850 -0.406752 0.253788 0.143779 0.394474 -0.314634 0.126925 -0.087773 0.457651 0.313136 0.353380 0.308392 0.330844 -0.178852
