1.000000 0.510725 -0.095167 -0.269053 -0.151910 -0.306270 -0.237657 -0.051657 -0.170684 -0.229611 0.511904 0.282159 0.203920 0.279048 -0.025094 0.100501 0.399604 0.248626 0.124275 0.289766 -0.032241 -0.112302 -0.471048 -0.432557 -0.392759 -0.402844 -0.094830 -0.217824 0.267117 0.109187 -0.438911 -0.511176 0.128818 -0.119979 -0.239971 -0.399647 0.005379 -0.039907 -0.249439 -0.019213 0.243537 -0.105754 -0.130956 -0.159193 -0.137755 -0.283832 -0.060787 -0.060781 0.051088 -0.109979 -0.180187 -0.066638 -0.079036 -0.195936 -0.057894 0.016394 0.582753 0.248427 0.098689 -0.351781 0.207699 0.137523 0.121802 0.134203 -0.240971 -0.146769 -0.235566 -0.459459 0.306272 0.134693 -0.109037 -0.113262 0.178043 0.005753 -0.001576 -0.001085 0.201301 0.019455 0.294559 -0.002593 0.183026 0.188099 -0.095359 0.134765 -0.029438 0.052109 -0.005699 -0.080790 -0.248919 -0.036729 0.185552 0.272132 -0.079218 -0.001474 0.116920 0.114747 0.050743 0.103337 0.224103 0.305638 -0.001425 0.175973 0.051185 0.179022 -0.050439 -0.036856 -0.004507 0.057897 0.122604 -0.141176 -0.120314 0.204469 0.056241 -0.013374 -0.072207 0.040804
0.510725 1.000000 -0.577159 -0.211129 -0.257609 -0.485237 -0.574565 -0.009910 -0.384907 -0.363149 0.182038 0.200081 -0.121443 0.209173 -0.219273 0.057134 0.450971 0.365542 -0.053807 0.427155 0.090680 -0.047355 -0.499169 -0.450888 -0.538705 -0.461049 -0.043688 -0.270424 0.235076 0.385183 -0.398585 -0.405919 0.160385 -0.005326 -0.361713 -0.480896 0.195195 0.231886 -0.007685 0.175858 0.256051 0.111123 -0.176322 -0.248129 -0.172135 -0.246206 0.055248 -0.050343 -0.095232 0.001817 -0.301479 0.036634 -0.105151 0.067813 -0.108165 0.152712 0.506647 0.596687 -0.212805 -0.170389 0.049341 0.153431 0.294742 0.364137 -0.507807 -0.323922 -0.445955 -0.610236 0.391396 0.150951 -0.041213 0.017509 0.260998 0.188866 0.000378 0.137133 0.241606 0.144943 0.172880 0.150362 0.355238 0.388103 -0.113822 0.355561 0.107917 0.258273 -0.115427 -0.112413 -0.310802 0.144508 0.148534 -0.081117 -0.023366 -0.060516 -0.004708 0.303405 -0.092679 -0.038981 0.292802 0.306660 0.072796 0.199371 0.297494 0.077292 -0.018602 -0.057335 0.002179 0.068287 -0.075095 0.081531 -0.222463 0.375721 0.212263 0.057178 0.010158 -0.102151
-0.095167 -0.577159 1.000000 0.231656 0.198154 0.313712 0.636787 0.113145 0.370919 0.255788 0.017709 -0.047165 0.378557 0.014229 0.356189 0.138124 -0.441566 -0.468830 0.226535 -0.382990 -0.161521 -0.003439 0.407916 0.267663 0.361540 0.433173 -0.117112 0.302283 -0.246933 -0.488768 0.241683 0.213964 -0.076603 -0.076701 0.309950 0.373027 -0.183384 -0.162358 -0.041099 -0.155797 -0.216741 -0.134870 -0.071369 0.062672 -0.010675 -0.092051 -0.186491 -0.113685 0.306011 -0.160336 0.319304 0.049276 0.139766 -0.183973 0.213466 -0.192022 -0.376449 -0.529938 0.276069 -0.072878 0.117459 0.040708 -0.428693 -0.393344 0.561747 0.329611 0.241779 0.305241 -0.301202 -0.182162 0.073273 -0.027580 -0.351971 -0.158634 0.097785 -0.138719 -0.196917 -0.159572 -0.279107 -0.252376 -0.481327 -0.481070 0.023432 -0.430982 -0.242382 -0.317540 0.044497 0.094065 0.254669 0.019946 -0.042559 0.349048 0.122088 0.336548 0.182381 -0.149121 0.064354 0.031170 -0.152937 -0.295736 -0.026506 0.051217 -0.250962 0.071704 0.022611 0.102665 -0.108028 -0.017190 0.113940 -0.140732 0.118242 -0.352064 -0.206386 0.016125 -0.024336 0.167308
-0.269053 -0.211129 0.231656 1.000000 0.286187 0.434268 0.328367 0.550579 0.240180 0.618138 -0.188173 0.281952 -0.266104 -0.067363 0.230028 0.235143 -0.434605 -0.487843 -0.081333 -0.118634 0.123637 0.269923 0.481436 0.612384 0.494062 0.350461 0.331652 0.246950 -0.414728 -0.346288 0.464729 0.400424 -0.173910 0.028862 0.334743 0.426833 -0.383710 -0.387927 -0.306775 -0.260865 -0.364037 -0.336263 0.066072 0.198791 0.172749 0.205693 0.203617 0.069630 0.007254 0.004867 0.358986 0.241105 -0.204367 0.207175 -0.294954 -0.002312 -0.508302 -0.418252 -0.488624 0.039038 -0.525938 0.101785 -0.600573 -0.545896 0.469762 0.641976 -0.316365 0.303642 -0.443841 -0.312188 0.009238 -0.007718 -0.608478 -0.068794 -0.308918 -0.101877 -0.373255 0.069036 -0.397312 -0.164215 -0.624782 -0.454987 0.064730 -0.414843 0.099907 0.044010 0.049477 0.273360 0.261709 0.060589 0.125624 0.024687 0.538843 -0.059938 0.075768 -0.256103 0.095846 -0.139886 -0.004211 -0.190085 -0.001087 -0.370269 -0.196837 -0.416059 -0.016051 -0.228287 -0.026771 -0.023160 -0.182328 -0.155305 -0.009773 -0.248276 0.058040 -0.043486 0.037518 -0.102387
-0.151910 -0.257609 0.198154 0.286187 1.000000 0.216981 0.351311 0.291379 0.503152 0.456304 -0.017011 -0.005938 0.022284 -0.085635 0.197769 0.193861 -0.264711 -0.289667 0.011851 -0.197481 0.165407 -0.016778 0.199129 0.222125 0.323382 0.048469 0.288953 -0.212748 -0.064216 -0.029704 0.312955 0.207369 -0.223337 -0.081807 0.085911 0.166949 -0.387990 -0.175679 -0.225460 -0.147381 -0.105971 -0.041693 0.027274 -0.007996 0.119024 0.099829 0.035411 -0.041653 0.050267 -0.072175 0.223698 0.129457 -0.063376 0.143451 -0.112376 -0.064016 -0.335561 -0.288290 -0.048330 0.105534 -0.091152 0.031053 -0.208003 -0.194796 0.359805 0.267029 0.013511 0.217956 -0.355825 -0.304141 0.151770 0.007274 -0.104622 0.084711 -0.009710 0.092102 -0.096043 0.035324 -0.265379 -0.173819 -0.327735 -0.323630 0.026952 -0.224708 -0.151089 -0.211865 0.087035 0.018386 0.266887 -0.012202 -0.072253 -0.030665 -0.025831 0.012834 -0.060004 -0.196612 -0.099071 -0.071022 -0.150236 -0.048505 -0.063951 -0.166472 -0.139168 -0.160328 -0.001188 -0.054155 -0.157171 -0.103529 -0.127890 -0.146160 -0.087583 -0.204780 -0.061699 0.006237 -0.079158 0.046343
-0.306270 -0.485237 0.313712 0.434268 0.216981 1.000000 0.182621 0.112776 0.445497 0.476560 -0.155376 0.179881 0.044131 0.034250 0.368940 0.205804 -0.395899 -0.365273 -0.241714 -0.453026 0.032687 0.339791 0.459649 0.420197 0.559931 0.517419 0.118530 0.609506 -0.478454 -0.507839 0.163935 0.168205 -0.348423 -0.214117 0.178262 0.460155 -0.390651 -0.138655 -0.104034 0.050537 -0.253268 -0.036763 0.090993 0.189490 0.171789 0.176303 0.170785 0.103700 0.216340 0.157285 0.481642 0.283881 0.078445 0.206394 -0.155282 0.035218 -0.406912 -0.504792 -0.042857 0.015634 -0.212842 0.117240 -0.512432 -0.482244 0.450817 0.532818 -0.114757 0.263650 -0.408146 -0.297318 -0.038542 0.085621 -0.537466 -0.204482 -0.093937 -0.170216 -0.326549 -0.120247 -0.311054 -0.241844 -0.558596 -0.411040 0.067511 -0.367081 -0.073277 -0.145128 0.223763 0.290043 0.421261 0.116767 0.119234 -0.005149 0.194629 0.060821 -0.045194 -0.235037 0.182203 -0.045476 -0.101927 -0.272900 -0.132996 -0.366800 -0.353733 -0.140198 -0.023139 0.050658 -0.119665 -0.090400 -0.103386 0.067374 0.206180 -0.340995 -0.068473 -0.193794 -0.077700 -0.144557
-0.237657 -0.574565 0.636787 0.328367 0.351311 0.182621 1.000000 0.384490 0.423074 0.463502 -0.046109 -0.147692 0.130364 -0.116190 0.153429 0.002057 -0.399544 -0.401958 0.295295 -0.190731 0.039913 -0.210144 0.344251 0.324539 0.284990 0.146665 -0.073289 -0.099902 -0.160337 -0.210826 0.438804 0.342463 0.111582 0.184703 0.284150 0.255545 -0.136473 -0.228405 -0.126634 -0.263975 -0.149109 -0.189343 0.026894 -0.001673 0.137382 0.021977 -0.167017 -0.142161 0.015976 -0.190623 0.221488 -0.105233 0.010658 -0.074732 -0.083263 -0.296097 -0.355102 -0.414812 0.043035 0.052185 0.026627 -0.052410 -0.286694 -0.198560 0.610784 0.297629 0.302898 0.446982 -0.267610 -0.063675 0.050799 -0.091927 -0.216489 0.015171 0.102488 -0.035724 -0.167243 -0.198587 -0.237433 -0.159241 -0.323940 -0.394323 0.033077 -0.237514 -0.083111 -0.313028 0.040785 -0.035205 0.144029 -0.199671 -0.156389 0.123139 0.150782 0.244082 -0.080645 -0.247160 -0.159269 -0.099288 -0.310426 -0.246294 -0.037178 0.038374 -0.201113 -0.134228 -0.139184 -0.005314 -0.103973 -0.116251 -0.071998 -0.199117 -0.048241 -0.247559 -0.324315 0.104474 -0.062741 0.171589
-0.051657 -0.009910 0.113145 0.550579 0.291379 0.112776 0.384490 1.000000 0.191378 0.572608 0.078402 0.398515 0.143100 0.343698 0.160157 0.388444 -0.140848 -0.201236 -0.045120 0.068126 0.077451 -0.111338 -0.049378 0.141835 0.141557 -0.037097 0.074111 -0.247402 -0.043138 0.029486 0.175298 0.114750 0.069718 0.280951 0.039463 0.148925 -0.142105 -0.255523 -0.383987 -0.143089 -0.173331 -0.232188 -0.131233 -0.132750 -0.067422 -0.034200 -0.107523 -0.195398 -0.207673 -0.222856 0.031320 -0.151971 -0.340684 -0.127136 -0.366073 -0.285337 -0.231723 -0.359388 -0.327303 -0.061478 -0.148075 0.377752 -0.221356 -0.106673 0.289877 0.499299 -0.282862 0.129537 -0.277035 -0.148859 -0.045036 -0.010818 -0.330035 0.072095 -0.150261 -0.029046 -0.197554 0.010209 -0.299145 -0.126696 -0.215210 -0.109224 -0.142579 -0.023327 0.097204 0.076688 -0.145664 -0.054653 -0.006477 -0.126374 0.049093 -0.026554 0.443140 -0.016500 -0.094999 -0.010890 -0.214822 -0.090850 -0.196909 -0.148517 0.211309 -0.157600 -0.064494 -0.372282 -0.060144 -0.193835 -0.049756 0.025101 -0.137094 -0.225719 -0.243002 -0.034905 0.040590 -0.093406 -0.001824 0.052708
-0.170684 -0.384907 0.370919 0.240180 0.503152 0.445497 0.423074 0.191378 1.000000 0.497438 -0.078827 -0.038145 0.157341 0.028351 0.470108 0.226571 -0.313334 -0.297419 -0.141580 -0.430489 0.126425 0.023401 0.315306 0.176908 0.343100 0.166092 0.198828 0.064513 -0.229127 -0.226094 0.165231 0.062485 -0.296476 -0.169940 0.071512 0.197798 -0.182350 -0.060274 0.021279 -0.026544 0.045177 -0.039147 0.134902 0.074103 0.127692 0.067466 0.019672 -0.039116 0.104080 0.035565 0.232853 0.050246 -0.040680 0.039986 -0.143653 -0.054271 -0.228011 -0.362349 0.026902 -0.041076 0.054204 0.177334 -0.241615 -0.275194 0.600973 0.346161 -0.105159 0.072160 -0.346579 -0.302799 0.055629 0.073036 -0.269074 0.009249 0.083977 -0.024514 -0.126672 -0.142016 -0.222412 -0.275955 -0.332192 -0.276709 0.066865 -0.288391 -0.148928 -0.196420 0.254233 0.135218 0.360075 0.025855 -0.128078 0.025842 0.115176 0.108304 0.024818 -0.233242 -0.058238 -0.083406 -0.191614 -0.122820 -0.066378 -0.064983 -0.186187 -0.163319 -0.101089 0.051137 -0.205728 -0.203442 -0.089963 -0.054647 -0.042608 -0.314707 -0.180876 0.011959 -0.034963 0.015134
-0.229611 -0.363149 0.255788 0.618138 0.456304 0.476560 0.463502 0.572608 0.497438 1.000000 -0.026840 0.242965 -0.002665 0.056499 0.353791 0.387593 -0.296783 -0.361998 -0.054109 -0.226175 0.111946 0.040483 0.177030 0.284498 0.388886 0.060894 0.266159 -0.083868 -0.242694 -0.156806 0.255314 0.101581 -0.211306 -0.032935 0.230202 0.246380 -0.289363 -0.353625 -0.307715 -0.277095 -0.173625 -0.269270 -0.002022 -0.064338 0.078875 -0.000139 0.033094 -0.126632 0.113339 -0.089036 0.384521 0.164192 0.007315 0.134557 -0.219281 -0.113992 -0.389154 -0.476449 -0.162049 0.094965 -0.205443 0.294981 -0.475595 -0.375706 0.542201 0.559284 -0.108902 0.230251 -0.408922 -0.223617 -0.077977 -0.056720 -0.447490 -0.044249 -0.189408 -0.140348 -0.309159 -0.029160 -0.245558 -0.170920 -0.450980 -0.352541 -0.086749 -0.199404 0.022797 -0.148689 0.115466 0.074801 0.191268 0.052462 0.143404 0.099531 0.393704 -0.002341 -0.025633 -0.230973 -0.029623 -0.044756 -0.031649 -0.107393 0.101519 -0.277831 -0.149304 -0.270643 0.041017 -0.156782 -0.106165 -0.108891 -0.085121 -0.181994 -0.194455 -0.137438 0.055256 -0.002877 0.013399 0.055675
0.511904 0.182038 0.017709 -0.188173 -0.017011 -0.155376 -0.046109 0.078402 -0.078827 -0.026840 1.000000 0.428597 0.537992 0.506630 0.273979 0.428194 0.356407 0.214141 -0.046114 0.037226 -0.246995 -0.241419 -0.241341 -0.257302 -0.363505 -0.288365 -0.152113 -0.130945 0.328694 0.077575 -0.284049 -0.266829 0.026473 -0.099461 -0.191858 -0.174729 0.006541 -0.050621 -0.156359 0.083856 0.121168 -0.028453 -0.287696 -0.319806 -0.290900 -0.409902 -0.257018 -0.273257 -0.018558 -0.293554 -0.090659 -0.224701 -0.142743 -0.263813 0.036337 -0.232887 0.194854 0.029041 0.163893 -0.223155 0.308655 0.311408 0.150077 0.217897 0.095694 0.083215 -0.131368 -0.358555 0.108630 -0.048068 -0.194965 -0.045839 0.077595 0.090453 0.113743 0.094800 0.125116 -0.112965 0.141869 -0.175936 0.145741 0.149935 0.102341 0.098911 0.230034 0.072951 -0.011961 -0.001057 0.014433 -0.014895 0.086640 0.131049 0.027806 0.072690 0.090629 0.130299 -0.032216 0.013858 0.016455 0.130667 0.064453 0.042790 -0.145174 0.035006 -0.098944 -0.087416 -0.022917 -0.014902 -0.041798 -0.084785 -0.133514 0.165070 0.043014 -0.034261 -0.147182 0.049661
0.282159 0.200081 -0.047165 0.281952 -0.005938 0.179881 -0.147692 0.398515 -0.038145 0.242965 0.428597 1.000000 0.234145 0.668566 0.196508 0.516452 0.046690 -0.005676 -0.262156 -0.054028 -0.083539 -0.005203 -0.201464 -0.103273 0.017696 -0.163696 0.003638 0.093011 -0.036779 -0.037100 -0.184098 -0.282946 -0.102745 -0.122946 -0.007910 0.078964 -0.128753 -0.125394 -0.246677 0.005083 -0.092679 -0.216937 -0.294917 -0.209384 -0.126547 -0.148488 -0.057838 -0.164748 -0.028198 -0.055862 0.123975 0.001701 -0.263088 -0.145020 -0.194994 -0.023927 -0.041313 -0.313040 -0.231762 -0.195193 -0.114005 0.449606 -0.266316 -0.127196 0.069032 0.529682 -0.459878 -0.169732 -0.211628 -0.300274 -0.133453 -0.105372 -0.313006 -0.041270 -0.154372 -0.139609 -0.211825 0.047170 -0.079891 -0.267150 -0.192529 0.041227 -0.054511 0.017540 0.304941 0.476032 -0.130685 0.176627 -0.072691 0.112033 0.215463 0.072701 0.350795 -0.097338 0.051885 0.115684 0.044230 0.016154 0.123135 -0.100146 0.167508 -0.197313 -0.117668 -0.154410 0.058633 -0.058470 0.009239 -0.014407 -0.000658 0.026874 -0.137116 -0.023104 0.122691 -0.262348 -0.099589 -0.162213
0.203920 -0.121443 0.378557 -0.266104 0.022284 0.044131 0.130364 0.143100 0.157341 -0.002665 0.537992 0.234145 1.000000 0.616019 0.465081 0.484173 0.044335 0.037408 -0.065737 -0.301251 -0.326131 -0.250469 -0.193389 -0.330606 -0.157303 -0.034528 -0.310286 0.018283 0.178277 -0.085751 -0.320812 -0.285087 -0.214685 -0.224358 -0.020109 0.006826 0.066595 -0.009294 0.014524 0.269562 0.058682 0.098817 -0.209159 -0.256213 -0.296472 -0.383604 -0.331619 -0.347602 0.117627 -0.293620 -0.033351 -0.225922 -0.015845 -0.374090 0.268667 -0.252826 0.058155 -0.216673 0.406352 -0.271004 0.538266 0.428324 0.124053 0.130790 0.249344 0.147343 0.019074 -0.267822 0.122496 -0.059544 -0.105999 0.026907 0.016477 -0.039624 0.211367 0.030299 0.063367 -0.213308 0.107631 -0.212270 0.051795 0.073065 -0.089851 -0.023172 -0.075214 -0.159543 0.026754 -0.044084 0.148493 0.062087 0.009511 0.145882 -0.036311 0.197751 0.171084 0.205258 0.098337 0.182550 -0.125169 -0.086728 0.059538 -0.046588 -0.206049 -0.021499 -0.152271 0.049331 -0.141068 -0.076662 0.220420 -0.135707 -0.000771 -0.048808 -0.132620 -0.189674 -0.151118 -0.022874
0.279048 0.209173 0.014229 -0.067363 -0.085635 0.034250 -0.116190 0.343698 0.028351 0.056499 0.506630 0.668566 0.616019 1.000000 0.285192 0.620322 0.137663 0.211383 -0.225785 -0.196064 -0.274015 -0.166870 -0.296496 -0.414431 -0.207214 -0.198178 -0.276306 0.008226 0.089101 0.073365 -0.349138 -0.345469 -0.197524 -0.131939 -0.160021 -0.049982 0.087709 0.005849 -0.129961 0.271172 -0.033301 0.013815 -0.390609 -0.326239 -0.322010 -0.367738 -0.346642 -0.409690 0.027026 -0.236701 -0.078207 -0.146981 -0.154663 -0.357248 0.044854 -0.147715 0.142686 -0.170070 0.165313 -0.174939 0.386945 0.727631 0.149591 0.278583 0.094220 0.362899 -0.296189 -0.425571 0.095491 -0.162404 -0.225840 -0.102558 -0.133398 -0.058157 0.006648 0.023480 -0.014294 -0.175594 0.166358 -0.260724 0.083810 0.157016 -0.092698 0.099644 -0.000947 0.144266 -0.073051 0.052033 -0.000450 0.174036 0.045358 0.051689 0.189545 0.118679 0.103098 0.291397 0.124390 0.199615 -0.027293 0.031952 0.251506 -0.076328 -0.130948 -0.140946 -0.080159 -0.055869 -0.007061 -0.192089 0.119231 -0.056125 -0.137736 0.118389 0.100394 -0.200739 -0.114696 -0.152666
-0.025094 -0.219273 0.356189 0.230028 0.197769 0.368940 0.153429 0.160157 0.470108 0.353791 0.273979 0.196508 0.465081 0.285192 1.000000 0.582958 -0.121696 -0.213686 -0.292968 -0.391211 -0.092852 0.080281 0.341248 0.147695 0.269020 0.294470 0.159396 0.299001 -0.019737 -0.267263 0.015936 -0.000614 -0.358102 -0.317159 0.081882 0.282689 -0.137687 -0.098443 -0.014164 -0.063220 -0.002461 -0.093508 0.033098 0.059597 -0.114560 -0.142862 0.005315 -0.070323 0.189823 -0.026303 0.296056 0.176556 -0.035295 -0.017013 0.068782 -0.109420 -0.226267 -0.328432 0.007821 -0.290592 0.054099 0.365030 -0.305837 -0.338755 0.548735 0.371747 -0.365037 -0.197715 -0.158597 -0.201460 -0.019351 -0.010097 -0.343795 -0.106949 -0.134343 -0.094606 -0.125767 -0.062064 -0.095624 -0.178382 -0.265180 -0.210656 0.322124 -0.247971 0.102030 -0.132771 0.130400 0.013623 0.400058 0.115360 0.106998 0.019615 0.162459 0.099969 0.055182 -0.239286 0.063165 -0.101221 -0.022362 -0.179616 -0.156108 -0.198733 -0.326540 -0.226309 -0.211024 -0.019591 -0.162365 0.038250 0.132484 -0.100260 -0.005428 -0.254792 -0.009831 -0.213618 -0.068455 0.012348
0.100501 0.057134 0.138124 0.235143 0.193861 0.205804 0.002057 0.388444 0.226571 0.387593 0.428194 0.516452 0.484173 0.620322 0.582958 1.000000 -0.013088 -0.028231 -0.202160 -0.199077 -0.033560 0.032520 -0.021552 -0.116902 -0.003975 0.015585 0.100942 0.099437 0.025709 -0.035004 -0.117652 -0.240753 -0.256140 -0.217424 0.104490 0.175452 -0.059607 -0.108937 -0.147919 0.002933 -0.084931 -0.160254 -0.291391 -0.249320 -0.390882 -0.322374 -0.222857 -0.376546 0.068980 -0.171241 0.172489 0.066729 -0.123268 -0.185711 0.023043 -0.187357 -0.140335 -0.272058 -0.035925 -0.189334 0.140213 0.584033 -0.156015 -0.128911 0.361619 0.420976 -0.358161 -0.287331 -0.042571 -0.154672 -0.060751 -0.032340 -0.266036 -0.023092 -0.131227 -0.063287 -0.062348 0.007762 -0.032235 -0.153005 -0.143301 -0.029200 -0.015426 -0.108683 0.164254 0.033310 0.089584 0.144947 0.327973 0.288644 0.107586 0.048424 0.306671 0.050312 0.177408 0.086752 0.024519 0.062461 -0.102749 -0.123132 0.051629 -0.165900 -0.178640 -0.278432 -0.053578 -0.112323 -0.091250 0.002406 0.062119 -0.243075 -0.202815 -0.078779 0.050867 -0.169942 0.066340 0.101258
0.399604 0.450971 -0.441566 -0.434605 -0.264711 -0.395899 -0.399544 -0.140848 -0.313334 -0.296783 0.356407 0.046690 0.044335 0.137663 -0.121696 -0.013088 1.000000 0.721625 -0.044523 0.436574 -0.034618 -0.174316 -0.423415 -0.381798 -0.490452 -0.414704 -0.112461 -0.309124 0.566321 0.467798 -0.387163 -0.288795 0.211839 0.100267 -0.352400 -0.362864 0.307170 0.102961 0.030274 0.037330 0.389225 0.120526 -0.122525 -0.220118 -0.248996 -0.178335 -0.177114 -0.128826 -0.239355 -0.083129 -0.412304 -0.373306 -0.184409 -0.174462 -0.061757 -0.155561 0.578329 0.597270 -0.061093 -0.292692 0.172362 -0.026295 0.476221 0.458002 -0.471456 -0.430071 -0.082927 -0.376263 0.365758 0.326244 0.010403 0.029629 0.540134 0.199489 0.236505 0.180298 0.541993 0.208398 0.541385 0.403964 0.684301 0.655635 0.035667 0.494892 0.077374 0.162458 -0.062444 -0.216894 -0.322663 -0.240327 0.074402 -0.102904 -0.145790 -0.318180 -0.011348 0.128153 -0.155732 -0.097106 0.138486 0.233802 -0.014172 0.056944 0.126792 -0.000659 -0.173645 -0.302750 0.091558 0.084665 -0.131371 0.064516 -0.083403 0.322194 0.062092 -0.058933 0.015964 0.078457
0.248626 0.365542 -0.468830 -0.487843 -0.289667 -0.365273 -0.401958 -0.201236 -0.297419 -0.361998 0.214141 -0.005676 0.037408 0.211383 -0.213686 -0.028231 0.721625 1.000000 -0.025765 0.374029 -0.050111 -0.182730 -0.380458 -0.374854 -0.410141 -0.317259 -0.254664 -0.219723 0.591183 0.615417 -0.327986 -0.231764 0.233189 0.112470 -0.218901 -0.305916 0.356586 0.093647 -0.035160 0.034722 0.343002 0.055719 -0.043953 -0.209084 -0.200172 -0.136367 -0.131928 -0.205548 -0.228510 -0.037372 -0.400646 -0.358703 -0.175108 -0.198076 -0.102873 -0.131838 0.418473 0.508301 -0.082780 -0.119596 0.117058 -0.055836 0.549800 0.571846 -0.487403 -0.497057 0.027143 -0.351483 0.362308 0.295990 -0.017311 -0.012345 0.609808 0.284184 0.213371 0.248419 0.508185 0.208691 0.608905 0.395850 0.738606 0.768939 -0.102766 0.419979 0.014288 0.166499 -0.197263 -0.236623 -0.327033 -0.225321 -0.011010 -0.159817 -0.253269 -0.274854 0.074848 0.217596 -0.090612 0.143210 0.051045 0.283928 -0.042955 0.050642 0.088404 -0.034214 -0.095435 -0.269965 0.069809 0.031142 0.016005 0.036595 -0.079010 0.294059 0.072355 -0.000904 0.078922 0.033661
0.124275 -0.053807 0.226535 -0.081333 0.011851 -0.241714 0.295295 -0.045120 -0.141580 -0.054109 -0.046114 -0.262156 -0.065737 -0.225785 -0.292968 -0.202160 -0.044523 -0.025765 1.000000 0.452097 -0.010835 -0.108136 -0.145808 -0.127005 -0.021912 -0.061502 -0.117573 -0.243420 0.213336 0.207799 0.149204 0.122324 0.363561 0.304417 0.032485 -0.090096 0.048766 -0.132780 -0.024850 -0.098314 0.003671 -0.110004 -0.083013 -0.077426 -0.058085 -0.043390 -0.202019 -0.045524 -0.177547 -0.191079 -0.176462 -0.156221 -0.015019 -0.073723 0.039937 -0.168197 -0.052062 0.057279 0.121032 0.076416 0.065144 -0.299098 0.097990 0.027622 -0.035552 -0.223063 0.314076 0.025055 0.264340 0.257305 0.040021 -0.229028 0.293139 0.056538 0.125956 0.074975 0.047394 -0.026738 0.050582 0.136070 0.102676 -0.174354 0.007356 0.113074 -0.155126 -0.250478 0.108570 -0.111819 -0.035847 -0.222827 -0.075893 0.150804 -0.214469 0.081763 0.128801 0.121858 -0.083947 0.176229 -0.158104 0.112836 0.073499 0.209341 0.141072 0.164082 0.036091 0.018273 0.055649 -0.090437 0.171829 -0.126680 0.057135 0.059398 -0.228774 0.062072 0.045826 0.054083
0.289766 0.427155 -0.382990 -0.118634 -0.197481 -0.453026 -0.190731 0.068126 -0.430489 -0.226175 0.037226 -0.054028 -0.301251 -0.196064 -0.391211 -0.199077 0.436574 0.374029 0.452097 1.000000 0.185444 -0.072851 -0.385476 -0.112966 -0.286359 -0.322142 0.050777 -0.430509 0.416089 0.443084 -0.116907 -0.086143 0.427431 0.400575 -0.252096 -0.332486 0.126257 0.005638 -0.121043 -0.172648 0.075411 0.019038 -0.105536 -0.244015 -0.201565 -0.134245 -0.093612 -0.038277 -0.397337 -0.157139 -0.345046 -0.264989 -0.148126 0.002196 -0.220614 -0.221497 0.176301 0.399127 -0.313038 -0.061217 -0.218225 -0.287085 0.268057 0.222576 -0.460746 -0.429085 -0.005228 -0.149978 0.378462 0.545833 0.111181 0.054605 0.458088 0.338555 0.135149 0.237991 0.288031 0.300166 0.108289 0.358834 0.437094 0.307618 -0.051472 0.437477 0.182350 0.175467 -0.038028 -0.156545 -0.327242 -0.229649 0.170615 0.054783 0.013718 -0.237112 -0.036687 0.102827 -0.369941 -0.117522 -0.048477 0.160838 0.107295 0.150315 0.272916 0.055637 0.036158 -0.168991 0.114535 0.186487 0.006122 -0.108787 -0.185121 0.229178 -0.111067 0.102061 0.212389 0.099637
-0.032241 0.090680 -0.161521 0.123637 0.165407 0.032687 0.039913 0.077451 0.126425 0.111946 -0.246995 -0.083539 -0.326131 -0.274015 -0.092852 -0.033560 -0.034618 -0.050111 -0.010835 0.185444 1.000000 0.300911 0.029837 0.124628 0.186201 0.080525 0.227061 -0.099890 0.031619 0.128517 0.134992 0.057804 0.004002 0.055624 -0.008293 0.032491 -0.124705 -0.024029 -0.116647 -0.162948 0.101168 -0.059643 0.003848 -0.001881 0.071579 0.113046 0.072329 0.021030 -0.219985 0.162103 -0.048563 -0.062343 -0.099918 0.008032 -0.179976 0.036060 -0.079688 0.066148 -0.287914 0.050563 -0.264634 -0.144110 -0.072062 -0.059406 -0.085122 -0.049331 -0.150172 0.111735 -0.222650 0.085475 0.438294 0.317206 0.110793 0.208397 -0.010831 0.144141 -0.024277 0.331513 -0.239981 0.205897 -0.003538 0.026192 0.002945 -0.018645 0.106347 0.053314 0.118984 0.115690 0.064516 -0.008119 -0.020504 -0.017881 0.094735 -0.082521 -0.013217 -0.140079 -0.263463 -0.093525 -0.141154 -0.162342 -0.026643 0.107643 0.095125 -0.081809 0.103914 0.013493 -0.022270 0.162672 0.064369 -0.064980 -0.066642 -0.159253 -0.146560 -0.114488 0.073025 0.185489
-0.112302 -0.047355 -0.003439 0.269923 -0.016778 0.339791 -0.210144 -0.111338 0.023401 0.040483 -0.241419 -0.005203 -0.250469 -0.166870 0.080281 0.032520 -0.174316 -0.182730 -0.108136 -0.072851 0.300911 1.000000 0.334280 0.349877 0.365801 0.468967 0.413736 0.418578 -0.176641 -0.155941 0.287332 0.275511 -0.124160 -0.175455 0.149649 0.221501 -0.158390 0.007867 0.128480 0.076607 -0.030857 -0.022968 0.090782 0.267181 0.007667 0.126819 0.218315 0.160148 -0.100868 0.195828 0.256543 0.232256 -0.065815 0.115058 -0.019803 0.177501 -0.194007 -0.044143 -0.252300 -0.151353 -0.405019 -0.129997 -0.335900 -0.399367 0.008186 0.159512 -0.289740 -0.028503 -0.220995 -0.146788 0.295482 0.425737 -0.248452 -0.015593 -0.071456 0.184279 -0.086092 0.252158 -0.210024 0.014521 -0.324200 -0.182266 0.112766 -0.212916 -0.021359 0.011139 0.151486 0.204737 0.262499 0.107642 -0.080885 -0.050348 0.137168 -0.061815 0.102063 -0.134532 0.241814 0.039797 -0.023400 -0.137893 -0.080559 -0.186429 -0.036600 -0.101536 0.145778 -0.028802 -0.008072 -0.047700 0.097292 0.102902 0.249627 -0.227860 0.059637 -0.055656 0.175180 -0.089828
-0.471048 -0.499169 0.407916 0.481436 0.199129 0.459649 0.344251 -0.049378 0.315306 0.177030 -0.241341 -0.201464 -0.193389 -0.296496 0.341248 -0.021552 -0.423415 -0.380458 -0.145808 -0.385476 0.029837 0.334280 1.000000 0.796971 0.536562 0.722138 0.164266 0.570022 -0.441575 -0.459677 0.559838 0.648637 -0.161920 -0.075076 0.335937 0.494230 -0.216607 -0.183476 0.015746 -0.188721 -0.262303 -0.086231 0.195123 0.378518 0.232126 0.202639 0.220391 0.202840 0.115683 0.049962 0.481607 0.302426 -0.027975 0.293369 -0.123197 0.107107 -0.530181 -0.316864 -0.270420 -0.096688 -0.395519 -0.211775 -0.480098 -0.482850 0.558427 0.314185 -0.068217 0.342752 -0.399231 -0.228066 0.120073 0.114032 -0.461899 -0.027546 -0.060844 -0.045692 -0.152312 -0.052428 -0.279704 -0.099795 -0.490663 -0.432728 0.345469 -0.612734 0.081301 -0.247700 0.144446 0.258907 0.523548 0.022330 -0.058588 -0.004758 0.151302 0.120815 0.037527 -0.402159 0.132797 -0.172021 -0.080308 -0.258176 -0.200396 -0.236115 -0.294602 -0.268154 -0.099808 -0.004154 -0.089755 -0.014654 -0.130274 -0.021795 0.253364 -0.470031 -0.060984 0.006060 0.025931 -0.040418
-0.432557 -0.450888 0.267663 0.612384 0.222125 0.420197 0.324539 0.141835 0.176908 0.284498 -0.257302 -0.103273 -0.330606 -0.414431 0.147695 -0.116902 -0.381798 -0.374854 -0.127005 -0.112966 0.124628 0.349877 0.796971 1.000000 0.542870 0.609757 0.255529 0.417649 -0.334621 -0.356057 0.566294 0.693428 -0.025275 0.107127 0.346450 0.486377 -0.265871 -0.219451 -0.141084 -0.302480 -0.275244 -0.131199 0.199043 0.261000 0.205867 0.231839 0.267278 0.146623 -0.039451 -0.013019 0.421182 0.157965 -0.095317 0.280095 -0.185646 -0.042415 -0.556427 -0.325726 -0.448533 -0.070402 -0.592072 -0.317164 -0.494841 -0.504946 0.373451 0.321670 -0.021491 0.513551 -0.433932 -0.152271 0.167690 0.208382 -0.408863 0.101968 -0.102457 0.016740 -0.107259 0.114647 -0.413307 -0.041053 -0.468215 -0.371652 0.205166 -0.457734 0.141642 -0.045632 0.055591 0.282713 0.356406 -0.083460 0.015832 -0.030317 0.317873 -0.057366 -0.014534 -0.377426 -0.013133 -0.228571 -0.177137 -0.332406 -0.162397 -0.333861 -0.196780 -0.261171 0.029325 -0.145258 -0.053394 0.078877 -0.148588 -0.037374 0.122042 -0.412428 -0.064977 0.064409 0.049157 -0.033443
-0.392759 -0.538705 0.361540 0.494062 0.323382 0.559931 0.284990 0.141557 0.343100 0.388886 -0.363505 0.017696 -0.157303 -0.207214 0.269020 -0.003975 -0.490452 -0.410141 -0.021912 -0.286359 0.186201 0.365801 0.536562 0.542870 1.000000 0.658790 0.179900 0.388282 -0.350128 -0.296157 0.501576 0.492091 -0.177781 0.000452 0.228096 0.565147 -0.388988 -0.267266 -0.068155 -0.196949 -0.341784 -0.228450 0.118465 0.274676 0.231212 0.332252 0.105702 0.133251 0.056350 0.121304 0.355982 0.219605 -0.047551 0.104740 -0.123190 0.008990 -0.504446 -0.568919 -0.155540 0.043802 -0.347999 -0.127209 -0.534797 -0.543167 0.379026 0.414873 -0.047813 0.449382 -0.453558 -0.284908 0.145234 0.175209 -0.435147 -0.122817 -0.118759 -0.051109 -0.395419 -0.005825 -0.386861 -0.116208 -0.511307 -0.468581 0.197569 -0.450692 -0.086115 -0.051957 0.058960 0.090411 0.301824 -0.144580 -0.075650 0.019244 0.173844 0.047504 0.061414 -0.304309 0.068984 -0.032341 -0.186678 -0.288657 -0.165941 -0.275590 -0.225469 -0.186942 0.053359 0.063719 -0.081559 0.060167 0.056694 -0.024611 0.217931 -0.441582 -0.106461 -0.120203 -0.024928 0.008466
-0.402844 -0.461049 0.433173 0.350461 0.048469 0.517419 0.146665 -0.037097 0.166092 0.060894 -0.288365 -0.163696 -0.034528 -0.198178 0.294470 0.015585 -0.414704 -0.317259 -0.061502 -0.322142 0.080525 0.468967 0.722138 0.609757 0.658790 1.000000 -0.060751 0.680632 -0.393301 -0.423665 0.411008 0.607628 -0.182336 -0.073077 0.288914 0.601182 -0.327333 -0.121042 0.067834 -0.018046 -0.278411 -0.015079 0.061375 0.314234 0.052044 0.223146 -0.011370 0.087178 0.001463 0.069919 0.279574 0.109581 -0.042661 0.000408 0.054421 -0.003557 -0.502043 -0.406128 -0.074265 -0.133274 -0.263359 -0.155729 -0.459807 -0.515625 0.364322 0.311610 -0.047253 0.377625 -0.326152 -0.195975 0.248375 0.298939 -0.406010 -0.062679 0.009557 0.003653 -0.226927 0.062297 -0.324155 0.025123 -0.431009 -0.365500 0.164988 -0.604955 -0.025351 -0.123036 0.130529 0.268789 0.511369 0.048250 -0.090478 0.060777 0.176271 0.168493 0.087208 -0.233078 0.164174 -0.013646 -0.219298 -0.385843 -0.060638 -0.193103 -0.150140 -0.137053 0.069472 0.100225 -0.103645 0.110417 0.081229 -0.071293 0.385561 -0.432578 -0.082565 -0.055113 0.058569 0.054219
-0.094830 -0.043688 -0.117112 0.331652 0.288953 0.118530 -0.073289 0.074111 0.198828 0.266159 -0.152113 0.003638 -0.310286 -0.276306 0.159396 0.100942 -0.112461 -0.254664 -0.117573 0.050777 0.227061 0.413736 0.164266 0.255529 0.179900 -0.060751 1.000000 -0.076006 -0.109347 -0.051675 0.161353 0.002549 -0.075816 -0.032993 0.137066 0.128735 0.033829 -0.097174 0.040365 -0.126528 0.003345 -0.075865 0.126837 0.209952 0.080289 0.142776 0.345041 0.216550 0.030333 0.088924 0.197182 0.237717 -0.035830 0.204789 -0.009729 0.112543 -0.139339 -0.055544 -0.283894 0.016858 -0.348882 -0.119251 -0.178632 -0.334636 0.051888 0.142339 -0.193204 0.036996 -0.193947 -0.205394 0.024095 0.005500 -0.190543 -0.058706 -0.244908 -0.086757 0.007636 0.155467 -0.223935 -0.129682 -0.256834 -0.178983 0.082370 -0.024873 0.047179 0.070164 0.132433 0.079754 0.131092 0.033808 -0.015175 -0.126746 0.001490 -0.285834 0.039929 -0.228648 0.049413 -0.192128 0.083224 -0.006610 -0.273078 -0.191704 -0.095742 -0.174406 0.004900 -0.115728 0.124408 0.047572 -0.126537 0.077301 -0.141552 -0.139755 0.017340 -0.014746 0.089584 -0.081339
-0.217824 -0.270424 0.302283 0.246950 -0.212748 0.609506 -0.099902 -0.247402 0.064513 -0.083868 -0.130945 0.093011 0.018283 0.008226 0.299001 0.099437 -0.309124 -0.219723 -0.243420 -0.430509 -0.099890 0.418578 0.570022 0.417649 0.388282 0.680632 -0.076006 1.000000 -0.447685 -0.597434 0.059062 0.172197 -0.291878 -0.347041 0.289065 0.517330 -0.232925 -0.064651 0.075814 0.075347 -0.264124 -0.072618 0.097270 0.328181 0.080799 0.137781 0.173029 0.161647 0.221239 0.187638 0.415114 0.281348 0.106756 0.124064 0.085694 0.197320 -0.288497 -0.303366 -0.057632 -0.138085 -0.238454 -0.048992 -0.446808 -0.474157 0.224408 0.306616 -0.143561 0.164598 -0.206030 -0.201375 0.083703 0.142674 -0.503785 -0.227475 -0.182985 -0.160165 -0.169925 0.034540 -0.191702 -0.093191 -0.424793 -0.268757 0.115206 -0.472173 0.036078 -0.001191 0.104105 0.333575 0.410847 0.233352 0.097886 0.056717 0.154577 0.155518 0.097069 -0.105321 0.354553 0.020329 0.038982 -0.289608 -0.137487 -0.245221 -0.250272 -0.024016 0.063126 0.111418 -0.069586 0.095415 0.060380 0.081387 0.366060 -0.346452 0.061945 -0.154393 0.024108 -0.101311
0.267117 0.235076 -0.246933 -0.414728 -0.064216 -0.478454 -0.160337 -0.043138 -0.229127 -0.242694 0.328694 -0.036779 0.178277 0.089101 -0.019737 0.025709 0.566321 0.591183 0.213336 0.416089 0.031619 -0.176641 -0.441575 -0.334621 -0.350128 -0.393301 -0.109347 -0.447685 1.000000 0.665007 -0.247607 -0.170475 0.294916 0.220535 -0.166883 -0.219844 0.311558 0.064330 0.029244 -0.147689 0.419866 -0.102901 0.000394 -0.184485 -0.217068 -0.102826 -0.171801 -0.114961 -0.366335 -0.114990 -0.512552 -0.455861 -0.355457 -0.198295 -0.002191 -0.314949 0.276825 0.417650 -0.020920 -0.135060 0.182665 -0.151751 0.516951 0.395462 -0.401576 -0.502071 0.077324 -0.264600 0.283462 0.330900 -0.004199 -0.034078 0.681143 0.307465 0.214777 0.189619 0.413312 0.279867 0.335343 0.412165 0.619283 0.468297 0.102481 0.487576 0.079336 0.076008 -0.156325 -0.233128 -0.346855 -0.349613 -0.092158 -0.081908 -0.194400 -0.210651 0.090171 0.165667 -0.252464 0.054283 -0.086390 0.193513 -0.075507 0.175167 0.092951 -0.018536 -0.115947 -0.312357 0.041827 0.153875 0.179360 -0.011711 -0.116045 0.166210 -0.051958 -0.009611 0.097580 0.170900
0.109187 0.385183 -0.488768 -0.346288 -0.029704 -0.507839 -0.210826 0.029486 -0.226094 -0.156806 0.077575 -0.037100 -0.085751 0.073365 -0.267263 -0.035004 0.467798 0.615417 0.207799 0.443084 0.128517 -0.155941 -0.459677 -0.356057 -0.296157 -0.423665 -0.051675 -0.597434 0.665007 1.000000 -0.073891 -0.047147 0.310060 0.282907 -0.172183 -0.371276 0.449235 0.208500 0.076687 -0.049364 0.375752 0.081066 -0.124070 -0.274144 -0.226436 -0.122369 -0.153443 -0.172348 -0.358785 -0.110271 -0.459670 -0.331380 -0.267913 -0.088303 -0.110961 -0.252138 0.257935 0.472301 -0.130625 -0.012599 0.097600 -0.082659 0.590951 0.540518 -0.502099 -0.494812 0.017230 -0.321704 0.230824 0.201165 0.001320 -0.003996 0.699308 0.458473 0.276071 0.385682 0.400549 0.298240 0.285520 0.378326 0.585833 0.514818 -0.002952 0.530393 0.013208 0.170317 -0.151117 -0.272705 -0.365204 -0.280864 -0.134327 -0.206879 -0.200973 -0.232681 -0.048766 0.286504 -0.315068 0.079610 -0.121831 0.220277 0.055769 0.133464 0.265391 -0.074450 -0.104604 -0.237466 0.072482 0.053827 0.011254 -0.000364 -0.191263 0.236813 -0.028557 0.085330 0.085327 0.153084
-0.438911 -0.398585 0.241683 0.464729 0.312955 0.163935 0.438804 0.175298 0.165231 0.255314 -0.284049 -0.184098 -0.320812 -0.349138 0.015936 -0.117652 -0.387163 -0.327986 0.149204 -0.116907 0.134992 0.287332 0.559838 0.566294 0.501576 0.411008 0.161353 0.059062 -0.247607 -0.073891 1.000000 0.796247 0.102340 0.164972 0.266510 0.293481 -0.133374 -0.060081 0.046781 -0.124272 -0.188018 -0.076202 0.050325 0.126096 0.226399 0.219324 0.091812 0.047684 -0.104195 0.019937 0.230323 0.136870 -0.085091 0.132463 -0.182213 -0.006949 -0.527084 -0.272709 -0.313605 0.136592 -0.411767 -0.216681 -0.393339 -0.278283 0.383173 0.255686 0.005976 0.373287 -0.380603 -0.297802 0.185851 0.194017 -0.216280 0.100567 0.005817 0.158857 -0.179050 -0.055907 -0.334315 -0.135976 -0.431936 -0.381398 0.245341 -0.342515 -0.020425 -0.048129 -0.005638 0.003664 0.180178 -0.126887 -0.205821 -0.140711 0.115120 -0.054982 -0.135225 -0.284393 0.007103 -0.144225 -0.188029 -0.152191 -0.135673 -0.193018 -0.150958 -0.324824 -0.000969 -0.026377 -0.043187 -0.170030 -0.197489 0.066848 0.253694 -0.211743 -0.059741 0.064123 0.023190 0.028272
-0.511176 -0.405919 0.213964 0.400424 0.207369 0.168205 0.342463 0.114750 0.062485 0.101581 -0.266829 -0.282946 -0.285087 -0.345469 -0.000614 -0.240753 -0.288795 -0.231764 0.122324 -0.086143 0.057804 0.275511 0.648637 0.693428 0.492091 0.607628 0.002549 0.172197 -0.170475 -0.047147 0.796247 1.000000 0.122834 0.273911 0.193161 0.335717 -0.124007 -0.081558 0.078393 -0.085929 -0.203577 0.034596 0.107439 0.202433 0.197226 0.262904 -0.004924 0.065764 -0.208225 -0.013159 0.105332 -0.033353 -0.173935 0.078356 -0.133209 -0.094306 -0.521157 -0.187675 -0.302210 0.066972 -0.361582 -0.294531 -0.237704 -0.195270 0.255703 0.168450 0.062605 0.416105 -0.318305 -0.194430 0.194259 0.237433 -0.139767 0.166018 0.111555 0.212267 -0.108860 0.001135 -0.300063 0.003181 -0.255978 -0.260663 0.290876 -0.337029 -0.025017 -0.077871 -0.032868 0.105280 0.224785 -0.213767 -0.276539 -0.210506 0.094200 -0.045128 -0.099523 -0.249941 0.025155 -0.117440 -0.275548 -0.206719 -0.047121 -0.231604 -0.078414 -0.280269 -0.057320 -0.117742 -0.082314 -0.107328 -0.160112 0.075335 0.313698 -0.248579 -0.077548 0.048315 -0.049346 -0.032218
0.128818 0.160385 -0.076603 -0.173910 -0.223337 -0.348423 0.111582 0.069718 -0.296476 -0.211306 0.026473 -0.102745 -0.214685 -0.197524 -0.358102 -0.256140 0.211839 0.233189 0.363561 0.427431 0.004002 -0.124160 -0.161920 -0.025275 -0.177781 -0.182336 -0.075816 -0.291878 0.294916 0.310060 0.102340 0.122834 1.000000 0.640186 -0.086533 -0.174143 0.235333 0.067822 -0.007163 -0.236659 -0.005242 -0.167449 -0.123268 -0.175370 -0.184728 -0.129900 -0.044450 -0.056913 -0.259869 -0.228773 -0.201848 -0.248514 -0.092801 -0.075018 -0.163362 -0.240296 0.061279 0.270402 -0.108469 0.054024 -0.081274 -0.299924 0.148833 0.252602 -0.300901 -0.293446 0.293702 0.118078 0.142452 0.287938 -0.074025 -0.107918 0.256481 0.093376 0.047070 0.040576 0.182961 0.110478 0.015472 0.317039 0.325244 0.313293 -0.060254 0.282365 0.108349 0.147753 -0.253899 -0.297692 -0.389130 -0.368196 -0.163155 -0.223109 -0.203101 -0.085002 -0.150074 0.044935 -0.299717 -0.125437 -0.138887 0.041448 0.058463 0.325166 0.192686 0.190916 0.032429 0.040683 0.079611 0.233020 -0.097694 0.086318 -0.067121 0.065335 -0.184554 0.144720 0.135903 0.186059
-0.119979 -0.005326 -0.076701 0.028862 -0.081807 -0.214117 0.184703 0.280951 -0.169940 -0.032935 -0.099461 -0.122946 -0.224358 -0.131939 -0.317159 -0.217424 0.100267 0.112470 0.304417 0.400575 0.055624 -0.175455 -0.075076 0.107127 0.000452 -0.073077 -0.032993 -0.347041 0.220535 0.282907 0.164972 0.273911 0.640186 1.000000 -0.081480 0.109651 0.189407 -0.108251 -0.063880 -0.283245 -0.110822 -0.126430 -0.224846 -0.216336 -0.230192 -0.062643 -0.216461 -0.126360 -0.403395 -0.351132 -0.298289 -0.380079 -0.193962 -0.099733 -0.181126 -0.416648 -0.049729 0.175067 -0.126112 0.145813 0.007153 -0.147434 0.207643 0.287292 -0.134772 -0.071272 0.263386 0.306578 0.022505 0.278336 -0.137075 -0.138784 0.193013 -0.039886 0.007851 -0.017123 0.000344 0.032261 -0.046907 0.164073 0.275126 0.136933 -0.000672 0.299002 0.112846 0.012204 -0.176467 -0.230249 -0.188669 -0.392439 -0.117566 -0.176179 -0.002844 -0.084496 -0.202033 -0.048337 -0.416267 -0.207491 -0.300320 -0.057398 0.045412 0.160021 0.154831 0.077531 0.006318 -0.106546 0.189474 0.181210 -0.195093 0.073393 -0.004721 -0.032195 -0.253647 0.001733 0.067687 0.059643
-0.239971 -0.361713 0.309950 0.334743 0.085911 0.178262 0.284150 0.039463 0.071512 0.230202 -0.191858 -0.007910 -0.020109 -0.160021 0.081882 0.104490 -0.352400 -0.218901 0.032485 -0.252096 -0.008293 0.149649 0.335937 0.346450 0.228096 0.288914 0.137066 0.289065 -0.166883 -0.172183 0.266510 0.193161 -0.086533 -0.081480 1.000000 0.479198 0.057424 -0.191597 -0.013567 -0.200373 -0.227888 -0.285895 0.081627 0.079068 0.084865 0.059201 0.043108 -0.169267 0.083513 -0.051027 0.361826 0.103233 -0.048426 0.027336 0.168678 -0.099351 -0.401911 -0.289848 -0.079840 0.018619 -0.207158 -0.099869 -0.376377 -0.371047 0.284790 0.253443 0.231342 0.374770 -0.254216 -0.229392 0.085733 -0.051586 -0.299991 -0.068676 -0.258851 -0.162606 -0.134500 0.224180 -0.124187 0.007265 -0.394688 -0.200635 -0.064083 -0.381978 0.138360 -0.002326 -0.095612 0.148057 0.212716 0.081925 -0.077536 0.153792 0.205730 0.096910 0.302361 -0.009231 0.093279 0.108166 -0.046979 -0.285965 -0.089982 -0.187315 -0.103003 -0.256832 0.126336 -0.106456 -0.103121 0.011814 0.207151 -0.092348 0.023416 -0.353011 -0.010592 0.034163 0.210411 0.175763
-0.399647 -0.480896 0.373027 0.426833 0.166949 0.460155 0.255545 0.148925 0.197798 0.246380 -0.174729 0.078964 0.006826 -0.049982 0.282689 0.175452 -0.362864 -0.305916 -0.090096 -0.332486 0.032491 0.221501 0.494230 0.486377 0.565147 0.601182 0.128735 0.517330 -0.219844 -0.371276 0.293481 0.335717 -0.174143 0.109651 0.479198 1.000000 -0.259000 -0.252108 -0.034923 -0.156153 -0.296677 -0.250666 -0.034658 0.197425 0.008727 0.295022 -0.150890 -0.055632 -0.167941 -0.050036 0.229384 -0.051334 -0.193755 -0.105010 0.051658 -0.174427 -0.438653 -0.419163 -0.073201 -0.041582 -0.136124 -0.046628 -0.400118 -0.446246 0.415854 0.473533 0.078515 0.562870 -0.375925 -0.270066 0.046933 0.046719 -0.368743 -0.137416 -0.214468 -0.235821 -0.237097 0.108061 -0.287842 -0.061388 -0.372094 -0.257755 0.122327 -0.415186 0.171737 0.055313 0.036437 0.219660 0.396938 -0.068578 -0.151962 -0.088030 0.222492 0.049122 0.157219 -0.127934 0.137218 -0.015115 -0.267588 -0.422437 -0.236130 -0.277158 -0.199470 -0.191764 0.065810 -0.161362 -0.061317 0.100674 0.009917 0.006298 0.261585 -0.404689 -0.092242 -0.210090 -0.037333 0.090760
