1.000000 0.529872 -0.252802 -0.231376 -0.138266 -0.017928 -0.179171 -0.148505 -0.232052 -0.108154 0.292372 0.220867 0.012118 0.163571 -0.166670 -0.017299 0.300833 0.118215 0.217367 0.222985 -0.007242 0.049904 -0.300868 -0.035838 -0.197767 -0.144337 -0.054215 -0.031430 0.084881 0.171920 -0.121630 -0.019314 0.299385 0.077239 -0.291336 -0.372317 0.068061 -0.116734 -0.043156 -0.015139 0.059807 0.018091 -0.225206 -0.253355 -0.344812 -0.294435 -0.155155 -0.185930 -0.228184 -0.089250 -0.049359 0.031696 0.135729 -0.114402 -0.018873 -0.083929 0.590636 0.226863 0.392883 0.233034 0.387990 0.218552 0.318881 0.232148 -0.107793 0.022478 0.121300 -0.341297 0.367087 -0.017500 -0.032564 0.045869 0.108658 0.077013 0.101757 0.116501 0.138653 0.018608 0.313000 0.196599 0.274836 0.143697 -0.162348 0.100996 0.010595 0.062879 0.028409 0.178305 0.100754 0.142684 -0.153076 -0.350799 -0.228509 -0.295077 -0.215828 -0.122884 -0.085733 -0.144778 -0.059788 0.091416 0.011059 0.102279 0.020165 0.065545 -0.150456 -0.103425 0.053286 -0.022180 -0.214176 -0.180096 -0.390000 -0.221090 -0.115628 -0.049732 -0.128757 -0.043258
0.529872 1.000000 -0.450448 -0.105383 -0.172772 -0.153470 -0.319872 -0.100924 -0.228008 -0.114848 0.156667 0.240356 0.050053 0.188755 -0.135220 0.027395 0.321117 0.200958 -0.095460 0.143743 0.084434 0.070980 -0.386094 -0.075128 -0.128201 -0.113145 -0.058542 -0.183878 0.057155 0.211229 -0.106510 -0.042236 0.315705 0.194459 -0.348211 -0.334020 0.068842 -0.003477 -0.055276 -0.003814 0.039576 -0.055701 -0.210348 -0.203910 -0.287749 -0.236744 -0.032808 -0.160652 -0.240477 -0.087198 -0.065734 0.028235 0.269781 -0.112124 0.076583 0.017931 0.399832 0.632633 0.100804 0.253107 0.219246 0.293495 0.284348 0.382511 -0.219117 0.060929 -0.028649 -0.337416 0.245837 -0.021658 -0.108066 -0.055632 -0.001382 0.083800 -0.031375 0.030066 0.117869 0.045342 0.251004 0.329051 0.330470 0.269381 -0.172389 0.019228 0.035392 0.135908 0.081757 0.237243 0.004109 0.078360 -0.151963 -0.429586 -0.188382 -0.375778 -0.213199 -0.022242 0.062983 -0.086617 0.111644 0.076162 0.004801 0.005295 0.057025 -0.012583 -0.103638 -0.115972 0.117386 -0.099388 -0.218753 -0.061458 -0.265521 -0.195246 -0.032014 -0.084584 -0.287434 -0.044015
-0.252802 -0.450448 1.000000 0.160778 0.375057 0.050731 0.466440 -0.015657 0.343702 -0.069441 -0.060708 -0.218981 0.162742 -0.336457 0.350006 -0.172522 -0.425273 -0.264471 0.296994 0.034088 -0.187722 -0.181003 0.694174 0.334403 0.437114 0.196215 0.122752 0.320326 -0.091577 -0.508205 0.209884 0.009558 -0.114278 -0.041850 0.354062 0.094380 -0.296743 -0.115772 0.068188 -0.145240 0.072513 -0.075841 0.165319 0.052954 0.269455 0.084186 -0.103523 0.037825 0.380097 -0.265337 0.276589 -0.257889 -0.220327 -0.041143 -0.205002 -0.288216 -0.415413 -0.249045 0.251361 -0.209783 -0.243848 -0.458096 -0.448061 -0.286637 0.247463 -0.191435 0.301824 0.367863 -0.056449 0.106325 -0.167812 -0.213461 -0.247381 -0.186525 0.026253 -0.284775 -0.393818 -0.079598 -0.353925 -0.230796 -0.474009 -0.352445 0.340889 -0.181162 0.003064 -0.271184 0.062893 -0.239852 0.075544 -0.132330 0.188322 0.458426 0.144726 0.470740 0.319278 0.186319 -0.081263 0.066234 -0.165559 -0.145467 0.086920 0.235504 -0.070437 -0.041751 0.130623 -0.002508 -0.192029 0.066026 0.323617 0.058316 0.253715 0.180447 0.052031 0.212402 0.125411 -0.018306
-0.231376 -0.105383 0.160778 1.000000 0.063271 0.150804 0.164347 0.570821 0.070594 0.448006 -0.300445 0.042911 -0.149946 0.039525 0.086779 0.429027 -0.273389 -0.146879 0.001694 0.059453 -0.184339 0.084156 0.276893 0.421088 -0.026174 0.064026 -0.192278 0.062588 -0.325360 -0.063778 0.162231 0.294107 -0.139157 -0.000897 0.049116 -0.009679 -0.225414 -0.205736 -0.251967 -0.158929 -0.379786 -0.099575 -0.039568 -0.223594 0.001110 -0.165135 -0.226439 -0.207687 -0.036812 -0.257412 -0.073474 -0.243942 -0.017110 -0.044725 -0.272563 -0.311887 -0.280182 -0.206032 0.004536 -0.222695 -0.030758 0.173927 -0.127987 -0.106040 0.206376 0.380118 -0.160547 0.069799 -0.234430 -0.001776 -0.121204 0.031132 -0.333454 -0.037691 -0.239693 -0.041506 -0.175285 -0.235298 -0.258757 -0.111767 -0.308495 -0.162510 0.044831 0.234090 0.059139 0.130791 -0.265736 -0.179974 0.205091 0.121034 0.201679 0.170621 0.343565 0.144518 -0.091261 -0.185575 -0.288688 -0.230937 -0.284586 -0.340278 0.044497 -0.182260 -0.074771 -0.157269 0.014054 0.003332 0.013818 -0.002876 0.019701 -0.000668 -0.087970 -0.018835 0.087239 -0.096461 -0.047851 -0.116667
-0.138266 -0.172772 0.375057 0.063271 1.000000 0.010965 0.375442 -0.026832 0.719741 0.433301 -0.030628 -0.099970 0.420022 -0.239565 0.645421 0.235329 -0.084940 -0.038601 -0.003912 0.222256 0.337587 -0.500848 0.154165 0.054114 0.464539 -0.301684 0.636887 0.100645 0.278791 -0.346395 -0.101832 -0.444200 0.009596 -0.288928 0.266850 -0.099058 -0.240367 -0.055534 0.111536 -0.253519 0.400661 0.177268 0.157774 -0.001451 0.195517 -0.100526 0.057534 0.041261 0.200679 -0.187677 0.124990 -0.235170 0.018796 -0.082469 -0.120982 -0.140614 -0.142314 0.065631 0.168568 -0.110873 -0.032444 -0.179810 -0.332564 -0.228376 -0.013746 -0.037579 0.290087 0.023144 0.154612 0.209595 -0.186839 -0.540501 0.076575 -0.168402 0.113377 -0.362543 -0.332518 0.048275 -0.122636 -0.095495 -0.148205 -0.098399 0.146923 -0.028637 -0.124369 -0.193672 -0.076208 -0.337030 -0.016813 -0.027636 0.134895 0.073508 0.180422 0.145092 0.143457 0.297397 -0.094622 0.123511 -0.013555 -0.144115 0.044776 0.167169 0.160835 0.007093 0.142835 0.038425 -0.118156 0.064062 0.240848 0.071775 0.020997 -0.002930 0.030749 0.037576 0.109601 -0.067867
-0.017928 -0.153470 0.050731 0.150804 0.010965 1.000000 0.040754 -0.031577 -0.009353 -0.049994 -0.255905 -0.150676 -0.306211 -0.068641 0.019525 0.057505 -0.217738 -0.252456 0.013096 0.170256 0.101352 0.348976 0.079770 0.094975 -0.243180 0.460918 0.241346 0.708677 -0.428486 -0.026367 -0.195581 -0.036095 -0.249068 -0.298151 -0.100746 -0.051470 0.081871 -0.108051 0.037082 0.074729 -0.280785 -0.023138 0.021171 0.173604 -0.027466 0.122470 0.011586 0.061875 0.147093 0.133968 -0.052313 0.074093 -0.216162 -0.051030 -0.046658 -0.249076 -0.031550 -0.052819 0.175451 0.214267 -0.201997 -0.074466 -0.098991 -0.259515 -0.042992 0.002276 0.027826 0.151337 0.081489 0.250188 0.099104 0.095069 -0.283741 -0.124407 -0.201243 -0.017862 -0.069281 -0.371306 -0.188795 0.059776 -0.040903 -0.233362 0.023328 0.019330 0.085028 0.082152 -0.056608 0.216665 0.236521 0.416572 -0.048749 0.055427 0.034944 0.043607 0.028288 -0.212051 -0.078198 -0.160764 -0.054199 -0.216563 -0.016760 -0.056265 -0.123083 0.080840 -0.061647 0.154580 0.145690 0.103804 -0.073567 -0.023809 -0.022419 0.032234 0.126337 -0.112580 0.182233 -0.043852
-0.179171 -0.319872 0.466440 0.164347 0.375442 0.040754 1.000000 0.511832 0.446022 0.313717 -0.183017 0.035034 0.278615 0.144859 0.225951 0.232048 -0.257394 -0.184045 0.026530 0.049158 -0.055090 -0.290825 0.170327 -0.091736 -0.171144 -0.378481 0.053228 -0.103246 0.039313 -0.138825 0.088467 -0.008255 0.043518 0.114902 0.099358 0.068218 -0.287409 -0.348095 0.029503 -0.151283 -0.057538 0.046177 0.073362 0.045673 0.403692 0.038593 -0.083263 0.133232 0.215786 -0.011786 -0.110392 -0.125832 -0.141599 -0.057551 -0.223652 -0.229106 -0.360198 -0.252444 0.259796 -0.059182 0.184606 0.145427 -0.263897 -0.084370 0.201111 0.064909 0.121920 -0.057741 -0.276278 -0.050891 -0.262779 -0.118060 -0.131776 -0.177047 -0.161499 -0.174840 -0.339385 -0.208988 -0.245434 -0.260596 -0.324659 -0.313363 -0.007985 0.030232 -0.358855 -0.531615 -0.167353 -0.218258 0.102329 -0.003524 0.223635 0.268055 0.232293 0.340310 -0.023801 0.004816 -0.153225 -0.147293 0.056369 -0.129857 0.040517 0.244032 0.098825 -0.018630 0.147514 -0.069180 -0.228338 -0.025762 0.130665 -0.163682 -0.041892 0.080755 0.054272 0.098067 0.021140 0.049958
-0.148505 -0.100924 -0.015657 0.570821 -0.026832 -0.031577 0.511832 1.000000 0.078934 0.552330 -0.248221 0.204384 -0.075585 0.449168 -0.178642 0.495437 -0.078180 -0.083281 -0.183785 -0.043073 -0.129375 -0.054151 -0.106112 -0.056137 -0.431702 -0.333210 -0.339530 -0.327352 -0.197205 0.192009 0.102684 0.261631 -0.117497 0.091805 -0.175095 0.089177 -0.258120 -0.294086 -0.308181 -0.163859 -0.416844 -0.047488 -0.144024 -0.119823 0.049339 -0.041599 -0.237798 -0.060301 -0.162353 0.015856 -0.307085 -0.093445 -0.070467 -0.075392 -0.317174 -0.263475 -0.233262 -0.225786 0.021630 0.060084 0.235771 0.571174 0.018832 0.025993 0.217366 0.439252 -0.319813 -0.130785 -0.455905 -0.117641 -0.069317 0.160880 -0.201004 0.076379 -0.299986 0.128053 -0.107144 -0.143948 -0.166317 -0.177844 -0.164482 -0.115046 -0.240084 0.233698 -0.245418 -0.207549 -0.251839 -0.119451 0.174639 -0.001195 0.296301 0.159943 0.308402 0.205265 -0.215602 -0.164939 -0.296974 -0.285712 0.036739 -0.201929 0.143833 -0.042731 0.039714 -0.170871 0.036067 -0.112905 -0.063111 -0.118772 0.014139 -0.114402 -0.201675 0.002755 0.123285 -0.008831 -0.079160 -0.094550
-0.232052 -0.228008 0.343702 0.070594 0.719741 -0.009353 0.446022 0.078934 1.000000 0.430235 -0.072268 -0.000129 0.541021 -0.140675 0.716454 0.208170 -0.221468 0.006599 -0.181960 0.116997 0.179213 -0.650042 0.079473 -0.181689 0.218639 -0.285688 0.430794 0.079493 0.193565 -0.257158 -0.223153 -0.495924 0.043228 -0.197088 0.361306 0.076177 -0.266844 -0.003430 0.023735 -0.309440 0.394708 0.144247 0.290430 0.157553 0.369251 0.084697 0.105700 0.190817 0.319478 -0.113407 0.130312 -0.280277 0.008882 -0.039691 -0.222075 -0.226197 -0.136754 0.033110 0.177758 -0.147098 -0.054927 -0.075328 -0.474130 -0.129112 0.011928 0.018411 0.343459 0.046137 -0.031017 0.111171 -0.253720 -0.496752 0.008456 -0.058131 0.137293 -0.410720 -0.281113 0.168590 -0.171133 -0.126520 -0.260230 -0.131489 0.010608 -0.119991 -0.242035 -0.234979 -0.071923 -0.342955 -0.146299 -0.102426 0.122776 0.143196 0.171215 0.204784 0.254893 0.360497 -0.006234 0.220160 0.041414 -0.063694 0.080273 0.129431 0.205342 0.011873 0.294003 -0.099094 -0.223594 -0.000431 0.376021 0.189234 0.255224 0.245117 0.196737 0.176081 0.153389 0.033105
-0.108154 -0.114848 -0.069441 0.448006 0.433301 -0.049994 0.313717 0.552330 0.430235 1.000000 -0.242151 0.020607 0.117825 0.161715 0.219963 0.689791 0.024565 -0.030862 -0.099593 0.106549 0.183581 -0.286527 -0.176174 -0.118536 -0.037590 -0.314171 0.093849 -0.228214 0.124782 0.080328 -0.100757 -0.155928 -0.098805 -0.172912 0.027553 0.085291 -0.234236 -0.074361 -0.254021 -0.286772 -0.063796 0.070198 0.028831 -0.169521 0.037584 -0.181102 -0.107272 -0.057681 -0.039114 -0.123978 -0.072468 -0.135816 0.004916 -0.047302 -0.255863 -0.219638 -0.177028 -0.146307 0.021781 -0.042678 0.159536 0.402042 -0.118947 -0.117530 0.077185 0.331738 -0.063925 -0.135133 -0.123744 0.106552 -0.002955 -0.160770 0.013174 0.063738 -0.146712 -0.148434 -0.180609 0.014743 -0.124271 -0.167030 -0.062262 -0.049536 -0.262982 0.219115 -0.191205 -0.153911 -0.330172 -0.222282 -0.073699 -0.048533 0.308800 0.058877 0.425119 0.036842 -0.111271 0.060898 -0.288668 0.003383 -0.036230 -0.205323 0.239882 -0.143701 0.145816 -0.105480 0.118457 -0.019008 -0.059215 -0.021924 0.003354 0.052645 -0.128625 -0.040669 0.023184 -0.084194 0.074418 -0.160577
0.292372 0.156667 -0.060708 -0.300445 -0.030628 -0.255905 -0.183017 -0.248221 -0.072268 -0.242151 1.000000 0.460737 0.508728 0.302596 0.263898 -0.016379 0.201202 0.000406 -0.087908 -0.074951 -0.132615 -0.181796 -0.009063 -0.014069 0.037313 -0.193519 0.118256 -0.042686 0.257631 -0.100267 -0.017870 -0.113467 -0.156021 -0.218401 -0.110083 -0.081115 -0.049151 -0.068637 0.007402 -0.143498 0.323817 -0.053644 -0.094313 -0.020383 -0.203429 -0.012389 -0.084081 0.051402 -0.092376 -0.081939 0.141973 -0.060149 -0.009793 -0.161583 -0.026552 0.069712 0.045908 0.022985 0.226801 -0.082922 -0.073354 -0.217277 0.011377 -0.223825 0.051376 0.026227 -0.080635 -0.087109 -0.030669 -0.218985 -0.048399 -0.026263 0.072723 -0.071542 0.093908 0.052502 -0.040416 0.190110 0.127133 0.047455 0.141401 0.000679 0.253438 0.174410 0.390193 0.304861 0.194947 0.216908 -0.044054 -0.047700 -0.016109 0.049640 -0.076788 0.094688 -0.047245 0.007274 -0.056199 -0.081045 0.056136 0.012317 0.013789 -0.001640 0.044296 -0.016326 -0.071218 -0.134222 -0.066957 -0.055498 -0.034690 -0.121089 -0.146376 -0.131742 -0.059739 0.017211 -0.028136 0.045050
0.220867 0.240356 -0.218981 0.042911 -0.099970 -0.150676 0.035034 0.204384 -0.000129 0.020607 0.460737 1.000000 0.396301 0.735275 0.098939 0.310047 0.152662 0.314869 -0.303257 -0.190693 -0.020596 -0.012875 -0.149185 0.009718 -0.237232 -0.303768 -0.011937 -0.229583 0.156605 0.208643 0.125109 0.191390 -0.126042 0.138483 -0.265436 -0.103468 -0.135029 -0.204549 -0.167556 -0.096702 0.022166 0.116260 -0.249819 -0.165228 -0.091579 -0.071426 -0.258429 -0.056151 -0.221988 -0.060511 -0.139057 -0.108669 0.048666 -0.287002 -0.167491 -0.095083 0.064426 0.046417 0.112635 -0.179999 0.175187 0.157571 0.108005 0.043032 0.138223 0.310588 -0.272353 -0.294226 -0.317046 -0.360493 -0.042100 0.332595 0.000219 0.148137 0.000801 0.267459 0.046007 0.159462 0.123233 0.164589 0.051920 0.114596 -0.102927 0.302788 0.110680 0.170020 -0.021620 0.228193 0.058121 0.030764 -0.165763 -0.074777 -0.077515 0.020891 -0.245749 -0.254552 -0.093579 -0.408968 -0.095559 -0.208460 -0.066822 -0.071863 -0.135475 -0.024111 -0.146636 -0.283032 -0.050868 -0.153908 -0.109762 -0.363728 -0.236523 -0.133848 0.059937 -0.052044 -0.156575 0.066743
0.012118 0.050053 0.162742 -0.149946 0.420022 -0.306211 0.278615 -0.075585 0.541021 0.117825 0.508728 0.396301 1.000000 0.241925 0.678928 0.215295 -0.018042 0.091469 -0.275598 -0.093752 -0.101888 -0.572115 0.119391 -0.191516 0.141198 -0.433753 0.242045 -0.078027 0.411205 -0.177024 -0.064274 -0.374392 0.024914 -0.158660 0.234304 0.056831 -0.182079 -0.014518 -0.000452 -0.292773 0.463676 0.021235 0.227982 0.086138 0.232119 0.037605 0.050876 0.197814 0.250484 -0.177544 0.193909 -0.283810 0.002035 -0.130942 -0.138727 0.011354 -0.060015 0.091824 0.319440 -0.252816 -0.025440 -0.128964 -0.397575 -0.174673 0.023819 0.069778 0.230396 -0.155623 -0.129565 -0.216388 -0.344720 -0.353240 0.161058 -0.043419 0.217918 -0.238732 -0.212516 0.230167 -0.048777 -0.081529 -0.179359 -0.053155 0.098134 -0.069264 -0.042684 -0.064350 0.044828 -0.132031 -0.127482 -0.116769 -0.013200 0.139753 0.023975 0.236442 0.130381 0.312942 0.008771 0.119550 0.096031 -0.018709 0.025971 0.069456 0.170288 -0.088736 0.141386 -0.294699 -0.163026 -0.114295 0.223378 0.076757 0.107583 0.086690 0.142412 0.170471 -0.068450 0.040780
0.163571 0.188755 -0.336457 0.039525 -0.239565 -0.068641 0.144859 0.449168 -0.140675 0.161715 0.302596 0.735275 0.241925 1.000000 -0.121351 0.461198 0.012356 0.045002 -0.277250 -0.102770 -0.071952 0.035235 -0.339457 -0.204229 -0.429541 -0.244697 -0.182575 -0.294090 -0.070318 0.333179 0.052755 0.157190 -0.235366 0.014230 -0.289179 0.127038 -0.091060 -0.228414 -0.217727 -0.112058 -0.209435 -0.051288 -0.159066 -0.043547 -0.045339 0.018277 -0.222955 -0.010530 -0.197725 -0.004268 -0.253889 -0.085130 -0.005087 -0.257785 -0.241653 -0.130172 -0.097088 -0.097133 0.146033 -0.019748 0.104424 0.406226 -0.022952 -0.090258 0.005700 0.437914 -0.343342 -0.241491 -0.336396 -0.252120 0.106340 0.377325 -0.092634 0.165118 -0.147881 0.260926 0.062032 0.054187 -0.025919 0.019139 0.012543 -0.042658 -0.158757 0.283635 0.033237 0.097427 -0.077203 0.203347 0.031448 0.024627 0.048785 0.069520 0.109006 0.163951 -0.242834 -0.248638 -0.182650 -0.366541 0.049973 -0.150494 0.094332 -0.074251 -0.051477 -0.106973 -0.079898 -0.249659 -0.032989 -0.164663 -0.112599 -0.288061 -0.280690 -0.102929 0.114472 -0.076452 -0.118611 0.063141
-0.166670 -0.135220 0.350006 0.086779 0.645421 0.019525 0.225951 -0.178642 0.716454 0.219963 0.263898 0.098939 0.678928 -0.121351 1.000000 0.233987 -0.208338 -0.022582 -0.128768 0.028982 0.053508 -0.493508 0.329326 0.052214 0.357243 -0.119187 0.527316 0.235448 0.184075 -0.355974 -0.144972 -0.406018 -0.055241 -0.271986 0.318027 -0.114905 -0.189663 -0.012561 0.128988 -0.219864 0.492764 0.053327 0.325715 0.095821 0.222003 -0.005720 0.065971 0.136315 0.264029 -0.265541 0.188817 -0.375910 -0.069233 -0.195875 -0.175130 -0.110634 -0.209827 0.071623 0.227686 -0.312306 -0.207823 -0.305722 -0.511675 -0.249270 0.039638 -0.028212 0.319348 -0.005565 -0.060969 0.028605 -0.347570 -0.449312 -0.032987 -0.141965 0.170335 -0.435470 -0.374016 0.035982 -0.236871 -0.106591 -0.305954 -0.163208 0.335832 -0.049547 0.081476 -0.055188 0.064926 -0.122706 -0.061351 0.052198 0.015665 0.209216 0.111458 0.223456 0.240259 0.282883 0.063368 0.133839 -0.018993 -0.114660 0.028707 0.033754 0.146076 0.018462 0.206776 -0.016984 -0.110816 0.083363 0.318412 0.059650 0.223414 0.220994 0.181961 0.202578 0.096260 0.069747
-0.017299 0.027395 -0.172522 0.429027 0.235329 0.057505 0.232048 0.495437 0.208170 0.689791 -0.016379 0.310047 0.215295 0.461198 0.233987 1.000000 0.014521 0.002269 -0.177436 -0.007452 0.045739 -0.100334 -0.111796 -0.029541 -0.174497 -0.238444 0.073266 -0.179625 0.088438 0.298890 -0.027720 0.046735 -0.147959 -0.143963 -0.150374 -0.119875 -0.164474 -0.095333 -0.160164 -0.297216 -0.045820 -0.038030 0.045711 -0.183840 -0.086300 -0.344248 -0.118152 -0.091218 -0.092376 -0.273770 -0.077963 -0.158479 0.029807 -0.111116 -0.349619 -0.194215 -0.159615 -0.146188 0.147120 -0.129486 0.172501 0.430167 -0.126191 -0.126922 0.057225 0.425479 -0.170468 -0.329922 -0.248941 -0.172870 -0.024683 -0.089581 0.102990 0.067877 -0.149045 -0.013266 -0.092220 -0.091637 -0.161696 -0.095708 -0.048454 -0.047380 -0.140346 0.440518 -0.028064 0.033237 -0.290827 -0.095352 0.041418 0.007365 0.139578 0.006466 0.351747 0.031981 -0.226141 -0.123790 -0.272080 -0.109469 -0.063427 -0.288381 0.184964 -0.235354 0.182204 -0.244721 0.000444 -0.191836 0.013093 -0.139070 -0.069084 -0.121832 -0.216466 -0.089679 0.033533 -0.137409 -0.044143 -0.148730
0.300833 0.321117 -0.425273 -0.273389 -0.084940 -0.217738 -0.257394 -0.078180 -0.221468 0.024565 0.201202 0.152662 -0.018042 0.012356 -0.208338 0.014521 1.000000 0.479450 0.041975 -0.015556 0.178352 0.139482 -0.320917 -0.120472 -0.170127 -0.309668 -0.006731 -0.256449 0.609714 0.405193 -0.042915 0.074678 0.117727 0.095335 -0.421689 -0.367195 0.292594 0.133928 0.053241 0.149128 0.207792 0.138701 -0.376895 -0.323193 -0.509421 -0.406491 0.035572 -0.284256 -0.489922 -0.058287 -0.059612 0.175841 0.041778 -0.095865 0.109307 0.112938 0.513228 0.336355 -0.254516 0.026822 0.348775 0.095191 0.660088 0.256645 0.074142 -0.037663 -0.289188 -0.496235 0.155620 -0.139361 0.187354 0.111479 0.553506 0.211697 0.350948 0.327796 0.525112 0.361702 0.547019 0.315586 0.692854 0.461303 -0.186555 0.147433 0.086064 -0.047549 0.097097 0.103979 0.026725 -0.172399 -0.139327 -0.431490 -0.181896 -0.476817 -0.284262 0.004614 0.006678 -0.012215 0.107240 0.214908 0.017875 -0.087768 -0.005303 -0.027495 -0.310428 -0.016743 0.167658 -0.023744 -0.272271 -0.117478 -0.424701 -0.365213 -0.355772 -0.286088 -0.156396 -0.215471
0.118215 0.200958 -0.264471 -0.146879 -0.038601 -0.252456 -0.184045 -0.083281 0.006599 -0.030862 0.000406 0.314869 0.091469 0.045002 -0.022582 0.002269 0.479450 1.000000 -0.078758 -0.027731 0.054105 -0.042125 -0.100960 -0.036791 -0.074816 -0.317445 -0.016931 -0.279893 0.445343 0.538718 0.147957 0.197740 0.150757 0.161607 -0.019407 -0.252059 0.069530 0.094915 -0.075363 -0.054242 0.208855 0.200505 -0.057139 -0.143361 -0.047776 -0.297112 -0.006045 -0.091312 -0.269760 -0.047626 -0.179686 -0.011019 0.053912 -0.062995 0.019285 0.047119 0.381831 0.266218 -0.307760 -0.165820 0.268994 0.017921 0.328256 0.499698 -0.092540 -0.169202 0.019625 -0.385617 0.122744 -0.241659 -0.044134 0.156100 0.420453 0.463385 0.323679 0.277014 0.245473 0.375176 0.445038 0.607228 0.282030 0.752262 -0.180273 0.153371 -0.129864 -0.034906 0.021692 -0.064835 -0.040749 -0.196170 -0.275207 -0.330296 -0.173346 -0.278501 -0.147174 -0.043366 0.118933 -0.024280 -0.085338 -0.029252 -0.092908 0.006797 0.034773 -0.056739 -0.083804 -0.237776 -0.207165 -0.253677 -0.207782 -0.076630 -0.090584 -0.124130 -0.086430 0.003229 -0.139183 -0.091407
0.217367 -0.095460 0.296994 0.001694 -0.003912 0.013096 0.026530 -0.183785 -0.181960 -0.099593 -0.087908 -0.303257 -0.275598 -0.277250 -0.128768 -0.177436 0.041975 -0.078758 1.000000 0.468669 0.003619 0.185055 0.109930 0.090363 0.175060 0.148150 -0.019011 0.046640 0.055124 -0.083345 0.064769 0.100544 0.081732 0.072744 0.085309 -0.003641 -0.000041 -0.164309 0.108939 0.056068 -0.070228 -0.053666 -0.180127 -0.235300 -0.136160 -0.282636 -0.179395 -0.267015 -0.106912 -0.243812 -0.096883 -0.104995 -0.206195 -0.021621 0.032571 -0.240110 0.076541 -0.013438 0.149061 0.021823 0.015202 -0.153753 0.056059 -0.046118 0.013479 -0.296597 0.155020 -0.048969 0.362602 0.334918 0.103809 -0.039774 -0.008247 0.053065 0.050406 0.048080 -0.006211 -0.073906 -0.094553 -0.128240 -0.028792 0.006796 0.227665 0.052058 0.140814 -0.190564 0.031214 -0.075181 0.189552 -0.013826 0.021392 0.088549 -0.077597 -0.014402 0.070001 0.052429 -0.214723 -0.027667 -0.188984 -0.035405 0.089232 0.149747 -0.079717 0.093470 -0.053842 0.243221 0.105996 0.173894 -0.117458 0.051014 -0.164303 -0.066545 -0.209863 -0.076471 0.108067 -0.121150
0.222985 0.143743 0.034088 0.059453 0.222256 0.170256 0.049158 -0.043073 0.116997 0.106549 -0.074951 -0.190693 -0.093752 -0.102770 0.028982 -0.007452 -0.015556 -0.027731 0.468669 1.000000 0.041021 -0.148995 -0.163747 0.083484 -0.001085 -0.046039 0.172442 0.145195 -0.055980 -0.038265 -0.231856 -0.286588 0.042527 -0.160365 -0.053420 -0.001328 -0.032223 -0.141534 -0.084961 -0.127614 0.055865 0.185828 -0.160143 -0.132872 -0.114380 -0.122257 -0.086226 -0.069298 -0.072734 -0.167120 -0.117503 -0.163299 0.003955 0.055461 0.096971 -0.152934 0.097410 0.165530 0.163518 0.094772 -0.147180 -0.060734 -0.150219 -0.210904 -0.272084 -0.238966 0.054893 -0.010506 0.500898 0.547397 -0.028102 -0.228582 -0.120521 0.108327 -0.024726 -0.041256 -0.094972 -0.187735 -0.130936 0.037141 0.039973 0.024673 0.124246 0.017273 -0.067943 -0.139940 -0.063688 -0.076144 0.148393 0.088848 0.265615 0.119187 0.117418 0.056566 0.008474 0.044208 -0.255896 0.041686 -0.011586 -0.012059 -0.048114 0.164042 0.039081 0.049987 0.037763 0.309169 -0.032714 0.111862 -0.025835 0.083849 -0.177686 -0.086493 -0.051198 -0.027694 0.318145 -0.050393
-0.007242 0.084434 -0.187722 -0.184339 0.337587 0.101352 -0.055090 -0.129375 0.179213 0.183581 -0.132615 -0.020596 -0.101888 -0.071952 0.053508 0.045739 0.178352 0.054105 0.003619 0.041021 1.000000 0.206240 -0.281632 -0.074128 0.125566 -0.128015 0.580332 -0.047778 0.147592 0.014277 -0.112950 -0.214211 0.045221 -0.084163 -0.242683 -0.237936 0.278759 0.216816 0.348841 0.255822 0.181642 0.397086 -0.276300 -0.125439 -0.194119 -0.207270 0.083274 -0.194091 -0.251255 -0.036278 -0.101647 0.082660 0.023598 -0.121693 0.235791 0.124039 0.203054 0.217252 -0.221436 0.073656 0.036882 0.097231 0.188088 0.020296 -0.036941 0.079261 -0.143609 -0.171393 0.148152 0.089265 0.411504 0.052158 0.162633 -0.057338 0.124765 0.070297 0.151457 0.125395 0.264515 -0.006797 0.323036 0.152123 -0.256376 0.015977 0.124990 0.056933 0.039621 0.080183 0.095402 0.168179 -0.159836 -0.317961 -0.014514 -0.388009 -0.253338 -0.009950 0.033174 -0.044291 -0.074733 -0.036040 -0.133414 -0.049056 -0.090643 0.161925 -0.155305 0.151456 0.095423 0.061938 -0.185105 -0.114505 -0.134198 -0.228952 -0.262519 -0.259139 0.052186 0.029511
0.049904 0.070980 -0.181003 0.084156 -0.500848 0.348976 -0.290825 -0.054151 -0.650042 -0.286527 -0.181796 -0.012875 -0.572115 0.035235 -0.493508 -0.100334 0.139482 -0.042125 0.185055 -0.148995 0.206240 1.000000 0.071547 0.240686 -0.105446 0.479133 -0.153332 0.130273 -0.262952 0.276965 0.189955 0.491135 -0.147235 0.157270 -0.399642 -0.172846 0.410483 0.095325 0.210217 0.504943 -0.464913 0.032735 -0.295442 -0.150915 -0.402042 -0.185133 -0.104501 -0.329445 -0.399599 -0.024072 -0.135872 0.211976 -0.176490 -0.003849 0.206426 0.056408 0.078436 -0.025591 -0.166820 -0.005540 -0.022455 0.027865 0.360024 0.028345 0.150894 0.081836 -0.338800 -0.137733 -0.014659 -0.085621 0.405607 0.618870 -0.064716 0.061813 -0.026916 0.471322 0.372087 -0.190589 0.151205 0.152029 0.264337 0.099607 -0.134726 0.114742 0.351841 0.229509 -0.012433 0.361311 0.228500 0.212553 -0.366308 -0.215437 -0.231029 -0.317025 -0.267628 -0.554292 0.041362 -0.340702 -0.250005 -0.120998 -0.157180 -0.182927 -0.400412 0.089785 -0.425503 0.153628 0.285329 0.044507 -0.480421 -0.207349 -0.175582 -0.189570 -0.236276 -0.297912 -0.024738 -0.045688
-0.300868 -0.386094 0.694174 0.276893 0.154165 0.079770 0.170327 -0.106112 0.079473 -0.176174 -0.009063 -0.149185 0.119391 -0.339457 0.329326 -0.111796 -0.320917 -0.100960 0.109930 -0.163747 -0.281632 0.071547 1.000000 0.572449 0.481117 0.312223 0.132079 0.407477 -0.099582 -0.369067 0.397979 0.295816 -0.091470 0.082915 0.364397 0.080558 -0.149836 -0.094908 0.061281 -0.102894 0.058986 -0.130805 0.184266 -0.008830 0.127039 -0.021484 -0.118392 -0.041750 0.205478 -0.348934 0.247409 -0.277676 -0.205349 -0.072631 -0.174355 -0.219806 -0.332491 -0.222213 0.053383 -0.464662 -0.299156 -0.537513 -0.306530 -0.252511 0.273645 -0.151790 0.127320 0.280691 -0.125795 -0.072864 -0.212857 -0.019634 -0.140464 -0.119522 0.167804 -0.106061 -0.271190 -0.079020 -0.231845 -0.153116 -0.455911 -0.246960 0.457186 -0.135747 0.201967 -0.028440 0.142662 -0.114578 0.146769 -0.096772 0.023582 0.373434 0.048606 0.336493 0.143272 -0.014846 -0.069500 -0.069068 -0.295043 -0.263529 -0.026536 -0.035568 -0.136487 -0.131149 -0.019548 -0.038978 -0.156558 -0.037690 0.178435 -0.007446 0.269400 0.140064 0.014756 0.164002 0.035096 -0.105667
-0.035838 -0.075128 0.334403 0.421088 0.054114 0.094975 -0.091736 -0.056137 -0.181689 -0.118536 -0.014069 0.009718 -0.191516 -0.204229 0.052214 -0.029541 -0.120472 -0.036791 0.090363 0.083484 -0.074128 0.240686 0.572449 1.000000 0.409555 0.264756 0.108033 0.315669 -0.160074 -0.233423 0.405236 0.399031 -0.057670 0.140654 0.040109 -0.111457 0.003518 -0.026750 -0.007215 -0.070804 -0.012479 0.029911 -0.134068 -0.282655 -0.175021 -0.190479 -0.208058 -0.314304 -0.004927 -0.287448 0.115456 -0.154540 0.000874 -0.096948 -0.061341 -0.132736 -0.189116 -0.131538 -0.088614 -0.398503 -0.201931 -0.394646 -0.000723 -0.200711 0.129141 -0.027777 -0.153498 0.183500 -0.010089 -0.097454 0.088624 0.163300 -0.126231 -0.017624 0.056776 0.008850 -0.161219 -0.091875 -0.102956 0.037444 -0.166531 -0.121385 0.330433 0.074707 0.222127 0.170043 -0.001344 -0.038734 0.093329 0.059349 0.011431 0.149627 0.002018 0.156601 -0.063725 -0.197166 -0.136035 -0.190558 -0.461734 -0.373555 -0.204216 -0.237370 -0.249974 -0.123980 -0.085918 0.097405 -0.141960 -0.030271 0.005906 -0.059875 0.035191 -0.082021 -0.040632 0.062865 0.072084 -0.082963
-0.197767 -0.128201 0.437114 -0.026174 0.464539 -0.243180 -0.171144 -0.431702 0.218639 -0.037590 0.037313 -0.237232 0.141198 -0.429541 0.357243 -0.174497 -0.170127 -0.074816 0.175060 -0.001085 0.125566 -0.105446 0.481117 0.409555 1.000000 0.296576 0.368044 0.121652 0.127156 -0.388249 0.300004 -0.050063 -0.037054 -0.025469 0.333952 0.075132 -0.052528 0.169454 0.165174 -0.105085 0.334610 -0.064294 0.157169 -0.077183 0.028258 -0.069161 -0.005950 -0.186570 0.155790 -0.271363 0.355867 -0.117571 0.101577 0.077639 0.024018 -0.002680 -0.200551 0.001440 -0.088420 -0.328309 -0.354993 -0.559675 -0.288307 -0.249963 -0.028892 -0.217756 0.165360 0.233055 0.224876 0.066241 0.037408 -0.231162 0.080213 -0.065444 0.265793 -0.311118 -0.164232 0.184010 -0.122161 -0.076703 -0.150194 -0.087738 0.362215 -0.204314 0.188257 0.032539 0.164713 -0.303440 -0.218202 -0.287389 -0.024585 0.181068 0.000707 0.166503 0.264479 0.217666 0.043685 0.208782 -0.262091 -0.083622 0.080953 -0.022144 -0.008131 -0.053583 0.066100 0.050133 -0.049482 0.050895 0.143362 0.176205 0.253623 0.051876 -0.084329 0.075424 0.061202 -0.076626
-0.144337 -0.113145 0.196215 0.064026 -0.301684 0.460918 -0.378481 -0.333210 -0.285688 -0.314171 -0.193519 -0.303768 -0.433753 -0.244697 -0.119187 -0.238444 -0.309668 -0.317445 0.148150 -0.046039 -0.128015 0.479133 0.312223 0.264756 0.296576 1.000000 -0.094304 0.545647 -0.430415 -0.095534 0.179009 0.261641 -0.252477 -0.054294 0.051560 0.158590 0.088297 0.108653 -0.012524 0.089608 -0.271033 -0.301543 0.123479 0.117434 -0.063314 0.144108 0.021918 -0.065159 0.150584 -0.064942 0.203946 0.058825 -0.049586 0.101578 -0.075992 -0.103487 -0.202637 -0.155200 -0.005118 0.011980 -0.440236 -0.357475 -0.174780 -0.209259 -0.078495 -0.162045 0.053224 0.376563 0.116112 0.139073 0.215008 0.164875 -0.223806 0.021345 -0.063995 -0.060769 -0.010968 -0.156996 -0.309576 -0.019883 -0.142415 -0.221866 0.191867 -0.120637 0.279531 0.219336 -0.002688 0.049787 -0.078398 -0.011686 -0.095412 0.182511 -0.079900 0.088440 0.227169 -0.136042 0.044314 0.055829 -0.206084 -0.108861 0.118070 -0.191628 -0.185170 -0.057180 0.005115 0.113798 0.197453 0.147057 -0.002342 0.148698 0.231632 0.133853 0.097299 -0.020735 0.056960 -0.054686
-0.054215 -0.058542 0.122752 -0.192278 0.636887 0.241346 0.053228 -0.339530 0.430794 0.093849 0.118256 -0.011937 0.242045 -0.182575 0.527316 0.073266 -0.006731 -0.016931 -0.019011 0.172442 0.580332 -0.153332 0.132079 0.108033 0.368044 -0.094304 1.000000 0.357194 0.128753 -0.285519 -0.157078 -0.392285 0.012463 -0.247466 0.118331 -0.212066 0.023933 0.054803 0.270107 -0.021927 0.443424 0.308612 0.059948 0.075369 0.016213 -0.081520 0.081113 0.064587 0.046709 -0.117113 0.040842 -0.130712 -0.050283 -0.198585 0.104665 -0.049914 -0.023781 0.133732 0.021575 -0.145009 -0.231091 -0.328763 -0.194649 -0.225931 -0.084144 -0.102543 0.126714 -0.005809 0.209286 0.160037 0.039337 -0.277444 0.059263 -0.238432 0.148794 -0.232670 -0.136784 0.004631 0.048129 -0.026743 0.045838 -0.079610 0.170157 -0.030533 0.134769 0.035773 0.143438 0.117432 0.067999 0.165567 -0.033385 0.000513 0.030921 -0.022801 0.004869 0.077270 0.029840 0.020281 -0.005473 -0.107600 -0.068839 0.013627 -0.053370 0.127682 -0.024052 0.167705 -0.061450 0.027376 0.084923 -0.103556 0.091138 -0.004913 -0.053187 -0.015314 0.157015 -0.031506
-0.031430 -0.183878 0.320326 0.062588 0.100645 0.708677 -0.103246 -0.327352 0.079493 -0.228214 -0.042686 -0.229583 -0.078027 -0.294090 0.235448 -0.179625 -0.256449 -0.279893 0.046640 0.145195 -0.047778 0.130273 0.407477 0.315669 0.121652 0.545647 0.357194 1.000000 -0.402557 -0.363866 -0.193772 -0.186974 -0.156464 -0.291691 0.123937 0.017055 -0.030135 0.008768 -0.030512 -0.119747 0.038685 -0.053074 0.076252 0.186067 -0.050601 0.183832 0.047672 0.087355 0.350000 -0.071293 0.300843 -0.065362 -0.124827 -0.098818 -0.085243 -0.236142 -0.011981 0.019969 0.249810 -0.014817 -0.383841 -0.454481 -0.263419 -0.357716 0.023481 -0.092393 0.152627 0.406471 0.247997 0.306363 -0.010645 -0.033878 -0.324313 -0.137987 -0.025094 -0.106669 -0.146209 -0.134632 -0.222216 -0.062907 -0.162184 -0.321082 0.233808 -0.221753 0.218015 0.171987 0.082787 0.069162 0.196321 0.209823 0.060169 0.189576 0.071716 0.171993 0.165077 -0.009482 -0.089271 0.042551 -0.059018 -0.180811 0.041926 -0.100158 -0.140399 -0.086414 -0.081632 0.091674 0.004056 0.085274 0.126315 0.058083 0.141656 0.031197 0.073395 -0.061994 0.145250 -0.141236
0.084881 0.057155 -0.091577 -0.325360 0.278791 -0.428486 0.039313 -0.197205 0.193565 0.124782 0.257631 0.156605 0.411205 -0.070318 0.184075 0.088438 0.609714 0.445343 0.055124 -0.055980 0.147592 -0.262952 -0.099582 -0.160074 0.127156 -0.430415 0.128753 -0.402557 1.000000 0.213685 0.200258 -0.024411 0.153883 0.064486 -0.002998 -0.155156 0.130040 0.139020 0.180027 -0.035959 0.473438 0.212550 0.021922 -0.127750 -0.069344 -0.333223 0.211503 -0.066994 -0.229826 -0.101217 0.027470 -0.015562 0.034658 -0.029645 0.057335 0.178632 0.180951 0.094393 -0.183048 -0.160090 0.306221 -0.056130 0.250589 0.119643 0.010277 -0.221045 0.026973 -0.458958 0.026731 -0.291333 0.031638 -0.193543 0.772874 0.124563 0.425717 -0.009903 0.218790 0.332578 0.363376 0.142417 0.347891 0.358178 0.006028 0.189427 -0.064101 -0.230717 -0.016896 -0.224696 -0.225598 -0.389568 -0.225671 -0.318622 -0.180096 -0.275845 -0.067911 0.286003 0.118256 0.225195 0.013389 0.038042 -0.039045 -0.080379 0.133836 -0.063484 -0.007267 -0.208574 -0.046737 -0.093716 -0.075633 0.020645 -0.061283 -0.138009 -0.178541 -0.042811 -0.145677 -0.116606
0.171920 0.211229 -0.508205 -0.063778 -0.346395 -0.026367 -0.138825 0.192009 -0.257158 0.080328 -0.100267 0.208643 -0.177024 0.333179 -0.355974 0.298890 0.405193 0.538718 -0.083345 -0.038265 0.014277 0.276965 -0.369067 -0.233423 -0.388249 -0.095534 -0.285519 -0.363866 0.213685 1.000000 0.154851 0.364537 0.024649 0.071389 -0.297276 -0.208229 0.271784 0.217745 -0.064948 0.149193 -0.134084 0.058390 -0.011000 -0.118782 -0.164485 -0.355347 0.076867 -0.138023 -0.364921 -0.043961 -0.350725 0.120820 0.118739 0.053893 -0.068421 0.039716 0.201184 -0.060060 -0.222924 0.053531 0.225528 0.411725 0.308158 0.332597 -0.220437 0.087890 -0.149796 -0.516699 -0.084826 -0.329530 0.193350 0.312674 0.453173 0.540825 0.141261 0.448715 0.506293 0.181655 0.305610 0.488483 0.342170 0.526778 -0.261121 0.408523 -0.113646 0.107417 -0.260668 -0.029569 -0.128120 -0.111616 -0.300774 -0.387511 -0.153594 -0.339731 -0.183169 -0.291187 0.083548 -0.061064 -0.052257 -0.030819 -0.064411 -0.144474 -0.035492 -0.099328 -0.112318 -0.236808 0.041143 -0.243755 -0.290794 -0.032077 -0.189007 -0.110975 -0.081472 -0.104389 -0.090661 -0.051352
-0.121630 -0.106510 0.209884 0.162231 -0.101832 -0.195581 0.088467 0.102684 -0.223153 -0.100757 -0.017870 0.125109 -0.064274 0.052755 -0.144972 -0.027720 -0.042915 0.147957 0.064769 -0.231856 -0.112950 0.189955 0.397979 0.405236 0.300004 0.179009 -0.157078 -0.193772 0.200258 0.154851 1.000000 0.760784 -0.091081 0.320357 0.155844 0.118021 -0.065347 -0.130797 -0.018889 -0.085031 -0.111884 -0.102181 0.124229 -0.096573 0.139291 -0.107308 -0.140296 -0.139941 -0.140044 -0.144779 -0.166114 -0.124063 0.011256 -0.021244 -0.238763 -0.179656 -0.265652 -0.219484 -0.242010 -0.359566 -0.133570 -0.188541 -0.009812 -0.015377 0.064973 -0.078771 -0.087214 -0.044003 -0.214139 -0.326591 0.198033 0.296659 0.224190 0.169959 0.082166 0.088983 -0.026933 0.037241 0.028873 0.097675 -0.144246 0.027781 0.191789 0.246427 0.009545 -0.082492 -0.143996 -0.173925 -0.235252 -0.295652 -0.206137 0.036612 -0.132038 0.113390 0.112488 -0.136824 -0.044520 -0.135026 -0.475696 -0.338247 -0.095223 -0.161166 -0.169317 -0.031417 0.101133 -0.203778 -0.214848 -0.154644 0.002881 0.041128 0.114974 0.065332 0.054779 0.179287 -0.135636 0.014941
-0.019314 -0.042236 0.009558 0.294107 -0.444200 -0.036095 -0.008255 0.261631 -0.495924 -0.155928 -0.113467 0.191390 -0.374392 0.157190 -0.406018 0.046735 0.074678 0.197740 0.100544 -0.286588 -0.214211 0.491135 0.295816 0.399031 -0.050063 0.261641 -0.392285 -0.186974 -0.024411 0.364537 0.760784 1.000000 -0.078529 0.408480 -0.078364 0.007266 -0.051584 -0.189507 -0.147009 0.015840 -0.392207 -0.136123 -0.102349 -0.190546 -0.033876 -0.198864 -0.262536 -0.239692 -0.300400 -0.099867 -0.254778 -0.028733 -0.079132 -0.081864 -0.253609 -0.194059 -0.158500 -0.262446 -0.247531 -0.251862 0.092340 -0.010309 0.281171 0.154796 0.166165 -0.039083 -0.259787 -0.149701 -0.307313 -0.397018 0.221325 0.555984 0.096689 0.246790 -0.057827 0.358422 0.105367 -0.068817 0.049493 0.160097 -0.048723 0.124805 0.060855 0.370528 0.096376 0.045113 -0.209190 0.045267 -0.055072 -0.126115 -0.247209 -0.017437 -0.178926 -0.013977 -0.096341 -0.355325 -0.116133 -0.318016 -0.424882 -0.314191 -0.093186 -0.207018 -0.221064 -0.074248 -0.045045 -0.169560 -0.099537 -0.176944 -0.154323 -0.113107 -0.074724 -0.010729 0.018384 0.065489 -0.183645 -0.024250
0.299385 0.315705 -0.114278 -0.139157 0.009596 -0.249068 0.043518 -0.117497 0.043228 -0.098805 -0.156021 -0.126042 0.024914 -0.235366 -0.055241 -0.147959 0.117727 0.150757 0.081732 0.042527 0.045221 -0.147235 -0.091470 -0.057670 -0.037054 -0.252477 0.012463 -0.156464 0.153883 0.024649 -0.091081 -0.078529 1.000000 0.589375 0.048415 -0.252495 -0.018566 0.007397 -0.014046 -0.024728 0.251447 0.012086 0.045632 -0.047232 0.113804 -0.133850 0.093304 -0.019998 0.010906 0.024402 -0.124174 -0.140735 -0.017138 -0.134153 0.017191 0.125678 0.327002 0.281999 -0.006639 0.066670 0.337109 0.108734 0.178127 0.438306 -0.093951 -0.172825 0.348338 -0.193528 0.167179 -0.021926 -0.302738 -0.294601 0.207250 -0.025476 0.090817 -0.166563 -0.011005 -0.030715 0.182274 -0.021363 -0.002432 0.180248 -0.105593 -0.176509 -0.308541 -0.193736 -0.053329 -0.022053 -0.132810 -0.013524 -0.209319 -0.369454 -0.275351 -0.264955 0.104288 0.199135 0.193067 0.200017 0.074029 0.145350 -0.158510 0.058267 0.060523 0.010011 0.144328 -0.046124 0.001721 0.008622 0.069574 0.110460 0.101473 0.138290 0.024798 0.203804 -0.240405 0.042818
0.077239 0.194459 -0.041850 -0.000897 -0.288928 -0.298151 0.114902 0.091805 -0.197088 -0.172912 -0.218401 0.138483 -0.158660 0.014230 -0.271986 -0.143963 0.095335 0.161607 0.072744 -0.160365 -0.084163 0.157270 0.082915 0.140654 -0.025469 -0.054294 -0.247466 -0.291691 0.064486 0.071389 0.320357 0.408480 0.589375 1.000000 -0.059995 -0.017544 -0.059806 -0.136062 -0.143971 0.074174 -0.116489 -0.011980 -0.140033 -0.228210 -0.008203 -0.153807 -0.251705 -0.270407 -0.251923 -0.072439 -0.176529 -0.100033 -0.048724 -0.174361 -0.136940 -0.068373 0.093279 0.173986 -0.095511 -0.102749 0.332581 0.129415 0.282107 0.433085 0.176750 0.016892 -0.026201 -0.131389 -0.116728 -0.131499 -0.090078 0.195207 0.053726 0.049019 0.014676 0.112205 0.135319 0.005129 0.123518 0.057058 0.014102 0.104688 -0.026772 -0.062634 -0.151943 -0.238972 -0.149457 -0.013424 -0.079626 -0.122852 -0.219893 -0.134051 -0.264946 -0.143673 -0.036342 -0.108096 0.022467 -0.150658 -0.206326 -0.033268 -0.115681 0.007308 -0.052381 0.021299 -0.031234 -0.082363 0.015482 -0.040852 -0.078219 -0.139180 0.005040 0.024450 -0.058230 0.044654 -0.329774 0.009774
-0.291336 -0.348211 0.354062 0.049116 0.266850 -0.100746 0.099358 -0.175095 0.361306 0.027553 -0.110083 -0.265436 0.234304 -0.289179 0.318027 -0.150374 -0.421689 -0.019407 0.085309 -0.053420 -0.242683 -0.399642 0.364397 0.040109 0.333952 0.051560 0.118331 0.123937 -0.002998 -0.297276 0.155844 -0.078364 0.048415 -0.059995 1.000000 0.451219 -0.271284 -0.115491 -0.083651 -0.322125 0.129980 -0.108329 0.484685 0.318201 0.611748 0.317274 0.002932 0.283359 0.466753 -0.037205 0.020349 -0.331629 -0.165792 -0.092359 -0.197059 -0.291152 -0.311229 -0.237863 0.020236 -0.243736 -0.313451 -0.346812 -0.524014 -0.106585 -0.115823 -0.198057 0.575860 0.380369 0.053767 0.097335 -0.175173 -0.291247 -0.083905 0.029205 -0.007564 -0.264628 -0.377534 0.099519 -0.261135 -0.043766 -0.478542 -0.134670 0.339173 -0.130693 -0.121622 0.029843 0.013602 -0.213642 -0.198209 -0.132336 0.022763 0.314790 0.038223 0.368005 0.447457 0.323273 0.042710 0.231662 -0.176128 -0.180436 0.053934 0.144592 0.110345 0.076418 0.376202 -0.087420 -0.381521 -0.171640 0.367317 0.402154 0.486333 0.431002 0.358012 0.368903 0.094687 0.080813
-0.372317 -0.334020 0.094380 -0.009679 -0.099058 -0.051470 0.068218 0.089177 0.076177 0.085291 -0.081115 -0.103468 0.056831 0.127038 -0.114905 -0.119875 -0.367195 -0.252059 -0.003641 -0.001328 -0.237936 -0.172846 0.080558 -0.111457 0.075132 0.158590 -0.212066 0.017055 -0.155156 -0.208229 0.118021 0.007266 -0.252495 -0.017544 0.451219 1.000000 -0.292225 -0.215655 -0.311736 -0.241019 -0.255824 -0.185967 0.121771 0.302953 0.380616 0.527507 -0.082837 0.204870 0.239515 0.173058 -0.007541 -0.078287 -0.149008 0.034491 -0.121073 -0.190003 -0.359489 -0.223932 0.066988 0.014619 -0.316294 -0.082365 -0.351174 -0.292930 -0.075404 0.016587 0.030428 0.499584 -0.090774 0.163269 0.085410 0.067391 -0.225752 0.038285 -0.193430 -0.043260 -0.227636 0.120786 -0.340367 -0.249845 -0.309344 -0.318812 -0.001842 -0.218239 -0.105798 -0.067615 -0.105051 -0.186544 -0.187906 -0.152480 0.191718 0.411998 0.124935 0.490366 0.239746 0.199783 -0.177716 0.072072 -0.025739 -0.139492 0.087694 -0.033234 -0.056842 -0.080110 0.202214 -0.030855 -0.167710 -0.027102 0.210643 0.200630 0.283168 0.190073 0.217054 0.125113 0.142488 0.138469
