1.000000 0.524526 -0.299276 0.058253 -0.100086 -0.395615 -0.024946 -0.110216 0.364582 -0.120423 0.377812 0.213440 0.379644 0.226117 0.211033 0.065503 0.226049 0.074152 0.302792 0.297623 -0.239997 -0.311655 -0.207362 -0.197820 -0.304700 -0.546282 -0.224936 -0.321746 -0.099330 -0.209816 -0.474450 -0.394835 -0.044468 -0.158965 -0.250796 -0.326222 0.010692 -0.176078 -0.076097 -0.203605 -0.247121 -0.131996 -0.362561 -0.464819 -0.171799 -0.311939 -0.189878 -0.235602 0.086069 0.022852 -0.093090 -0.360136 0.199065 -0.181820 0.037585 -0.215743 0.138901 0.224288 0.483562 0.252644 0.302655 0.344213 0.164833 0.291480 0.143944 0.181865 -0.042555 -0.234793 0.007587 0.112043 -0.128623 -0.324765 -0.053584 0.005990 0.007876 0.067306 0.228764 0.108238 -0.084988 -0.084219 0.101464 -0.052909 0.289279 -0.015278 -0.123496 -0.139930 0.275957 -0.126990 0.047167 0.022102 0.395452 0.289626 0.192165 0.414721 -0.011276 0.202979 -0.232471 -0.261097 0.020653 0.121299 0.022307 0.129757 0.225109 0.195886 0.085511 0.088737 0.129552 0.185983 -0.022329 -0.055454 -0.202079 0.043205 0.092226 0.017702 0.028355 0.147003
0.524526 1.000000 -0.572692 0.083580 -0.207207 -0.420220 -0.219566 0.061665 0.125002 0.013640 0.259784 0.464339 0.253411 0.477025 0.168374 0.378855 0.170326 0.299150 -0.117313 0.485208 -0.097515 -0.410499 -0.571630 -0.432076 -0.515401 -0.645149 -0.401433 -0.486100 -0.085292 0.133081 -0.486599 -0.473124 0.012913 -0.033966 -0.437297 -0.514796 0.042760 -0.108421 -0.329430 -0.347590 -0.103704 -0.132107 -0.212575 -0.316879 -0.335608 -0.285473 -0.043831 -0.027950 -0.312032 0.054765 -0.202507 -0.171595 -0.021161 -0.099112 -0.067190 -0.170431 0.312612 0.382063 0.319193 0.250208 0.267741 0.443588 0.305098 0.433460 -0.052302 0.390586 -0.125411 -0.329061 0.229068 0.280899 -0.141736 -0.356731 0.031557 0.052865 -0.038278 0.173297 0.068446 0.059934 -0.113642 -0.114650 0.308039 0.045873 0.244695 0.293898 -0.004696 0.025359 0.128095 -0.042697 -0.220836 -0.028254 0.258587 0.083893 0.279290 0.325591 -0.410563 0.142989 -0.218720 -0.111429 0.071156 0.029914 0.103419 0.010585 0.323276 0.069868 -0.108208 0.093327 0.284853 0.292751 -0.224220 -0.006591 -0.334928 0.116159 0.245756 0.046744 0.086955 -0.020653
-0.299276 -0.572692 1.000000 0.042746 0.422263 0.280847 0.686286 0.291549 -0.015520 0.040944 -0.358338 -0.322698 -0.298272 -0.495258 -0.402164 -0.522376 -0.233407 -0.415325 0.304426 -0.225124 0.026762 0.217536 0.492019 0.189796 0.378275 0.488126 0.173789 0.341027 -0.077130 -0.319223 0.235474 0.306593 0.192141 0.334848 0.405194 0.427041 -0.284743 -0.369215 -0.157939 -0.062206 -0.090698 -0.258640 0.116869 0.219667 0.406340 0.386117 -0.102636 -0.071791 0.324219 -0.029503 0.150449 0.093417 -0.091949 -0.160837 -0.127129 -0.125361 -0.326771 -0.181713 -0.188854 0.011121 -0.019649 -0.220497 -0.221821 -0.342956 0.150038 -0.209589 0.277813 0.500304 -0.178504 0.031215 -0.044318 0.090314 -0.146012 -0.192776 -0.166765 -0.208392 -0.127630 -0.212147 -0.070678 0.026694 -0.202189 -0.171949 -0.387913 -0.222882 -0.305063 -0.258817 -0.362552 -0.130841 0.029046 -0.095627 -0.190987 -0.216419 -0.332715 -0.196109 0.172856 -0.276565 -0.033396 -0.064799 -0.228342 -0.063105 -0.056516 0.138377 -0.217392 0.058442 -0.074975 -0.098123 -0.207198 -0.352822 0.133768 -0.213945 0.207813 -0.083920 -0.142896 -0.065433 -0.081673 -0.021063
0.058253 0.083580 0.042746 1.000000 -0.147441 0.199595 -0.163695 0.488409 -0.358396 0.142383 -0.106417 0.276416 -0.281507 -0.029221 -0.232649 -0.174349 -0.294454 -0.286802 0.184262 0.238606 -0.153566 -0.221544 0.007652 0.169760 -0.083851 0.022265 -0.005205 -0.002130 -0.294674 -0.201463 0.038918 0.015765 0.026996 0.191943 0.041366 0.055005 -0.332315 -0.201131 -0.287018 -0.223086 -0.147263 -0.103165 -0.042298 0.024641 -0.082394 0.165376 0.074621 0.059331 -0.106592 0.081449 0.041729 0.149861 0.007843 -0.050387 -0.227681 -0.059658 -0.103380 -0.067176 -0.130609 -0.013487 -0.090094 0.019550 -0.077364 -0.231433 -0.014835 0.159673 -0.013874 0.212725 -0.224238 0.145793 -0.035951 -0.030121 -0.200113 0.090647 0.037334 0.015243 0.058011 0.003020 -0.271804 -0.352198 -0.255342 -0.376364 -0.156650 -0.024170 -0.007108 -0.011411 -0.160747 0.031948 0.056974 0.153169 0.252546 0.046835 0.229203 0.074638 -0.065034 -0.088145 -0.154958 -0.110859 -0.061051 0.042987 0.031883 0.046643 0.176339 0.229864 -0.047827 -0.153925 -0.108591 -0.204667 0.013108 -0.064228 -0.026281 0.072020 0.251746 0.261815 -0.003333 -0.113728
-0.100086 -0.207207 0.422263 -0.147441 1.000000 0.254344 0.498285 0.208130 0.470775 0.318885 -0.079594 -0.011405 0.173827 -0.065152 -0.003307 -0.025641 -0.032462 -0.129915 -0.099979 -0.321677 0.205727 0.219226 0.218001 0.072495 0.290904 0.203701 0.140538 0.223991 -0.043380 -0.112523 -0.128934 -0.086351 -0.264286 -0.109993 0.034348 0.167405 -0.035326 -0.214553 -0.019970 0.068071 0.020579 -0.119635 -0.106874 -0.043888 0.141289 0.064130 -0.096968 -0.212095 0.407209 0.145546 0.163775 0.235178 0.055683 -0.039774 0.032499 -0.023896 -0.350275 -0.136249 -0.002485 -0.079463 -0.043888 0.018613 -0.125201 -0.106855 0.102960 0.105678 0.023614 0.193526 -0.117882 -0.018516 0.001499 0.036974 -0.130523 -0.028276 -0.117702 -0.057818 -0.174949 -0.163925 -0.018688 0.232663 -0.076298 -0.042438 -0.232740 0.054579 -0.117811 -0.137805 -0.115420 0.083457 0.134238 0.230757 -0.129522 -0.198180 -0.189688 0.062754 0.107180 -0.132254 -0.173073 -0.045668 -0.123049 -0.139487 -0.178041 -0.037596 -0.193603 -0.195146 0.046726 -0.033653 -0.270652 -0.314442 0.175405 -0.256749 -0.062785 -0.263122 -0.193483 -0.105163 0.005892 0.080583
-0.395615 -0.420220 0.280847 0.199595 0.254344 1.000000 -0.011835 0.208622 -0.094942 0.163685 -0.201523 -0.041432 -0.163824 -0.292824 -0.197736 -0.083687 -0.449344 -0.370406 -0.128242 -0.428093 0.102582 0.363388 0.418438 0.509775 0.558315 0.653177 0.524503 0.703662 -0.428737 -0.370864 0.255807 0.213202 -0.140867 0.068623 0.286654 0.427435 -0.224486 -0.114816 0.004653 0.034970 0.035192 0.006612 0.169691 0.344552 0.143144 0.338154 -0.037818 -0.007085 0.371571 0.261265 0.290663 0.600528 0.095438 -0.010852 -0.138602 0.014667 -0.167807 -0.260034 -0.069579 -0.171089 -0.147170 -0.161071 -0.242580 -0.294430 -0.103359 -0.009471 0.172540 0.394436 -0.028337 -0.176527 -0.109367 0.040587 -0.504853 -0.233014 -0.163581 -0.268392 -0.307517 -0.344208 -0.154338 -0.177052 -0.417701 -0.309315 -0.425355 -0.114750 0.084834 -0.124605 -0.199326 0.148637 0.383087 0.302893 -0.310802 -0.297356 -0.122721 -0.164017 0.151156 -0.002771 -0.144770 -0.030475 -0.219649 -0.234312 -0.042908 -0.220153 -0.323782 -0.107179 -0.130727 -0.118553 -0.121606 -0.167820 0.124739 -0.088702 0.017175 -0.249599 -0.254552 -0.125743 -0.198149 -0.213078
-0.024946 -0.219566 0.686286 -0.163695 0.498285 -0.011835 1.000000 0.442444 0.341034 0.300342 -0.241048 -0.135705 0.010252 -0.057143 -0.237859 -0.117707 0.241660 -0.122561 -0.051191 -0.276766 -0.065775 0.000813 0.015277 -0.195567 -0.044256 0.026966 -0.177938 -0.012667 0.148431 -0.057855 -0.150650 -0.047965 0.207857 0.085061 0.149551 0.105905 -0.001319 -0.313236 -0.228269 -0.181161 -0.084669 -0.415007 -0.063735 0.006428 0.267407 0.138591 -0.131831 -0.167406 0.146564 0.008222 -0.102343 -0.084771 -0.045319 -0.224991 -0.064174 -0.158698 -0.160170 -0.170065 0.091293 0.091232 0.335759 0.135738 0.012031 -0.073679 0.322297 0.106217 0.226588 0.241700 -0.248639 -0.029313 -0.145751 -0.107001 0.107125 -0.106154 -0.079330 -0.113506 -0.051263 -0.173021 0.040989 0.172639 0.082018 -0.084364 -0.302334 0.053961 -0.465681 -0.259908 -0.300966 -0.199544 -0.200882 0.053366 -0.124950 -0.216628 -0.277385 0.057755 0.024564 -0.256637 -0.131036 -0.103208 -0.253451 -0.039513 -0.073967 0.213054 -0.033841 -0.002270 -0.050097 -0.189148 -0.084295 -0.162772 0.008696 -0.316005 -0.062331 -0.110246 -0.081664 -0.096744 -0.158907 -0.021404
-0.110216 0.061665 0.291549 0.488409 0.208130 0.208622 0.442444 1.000000 0.016100 0.629351 -0.359018 0.283885 -0.205108 0.260516 -0.406236 0.108079 -0.035379 -0.100853 -0.288179 -0.073125 -0.193257 -0.158445 -0.278628 -0.209734 -0.256877 -0.023285 -0.204279 -0.122469 -0.125171 0.047675 -0.175839 -0.109871 0.095146 0.146124 0.104920 0.123834 -0.174690 -0.216846 -0.452372 -0.272603 -0.089948 -0.304145 -0.061988 0.080707 0.133054 0.343133 -0.059896 -0.041282 -0.067992 0.325133 -0.124592 0.306582 -0.219112 -0.287238 -0.267170 -0.200884 -0.063529 -0.404685 -0.052558 -0.083967 0.190569 0.216832 -0.038283 -0.202614 0.212574 0.530256 0.092069 0.410300 -0.400647 0.052858 -0.174464 -0.183549 -0.034551 -0.060099 -0.124591 -0.145089 -0.165993 -0.251592 -0.173618 -0.206383 -0.043399 -0.307815 -0.395496 0.305862 -0.334529 -0.183620 -0.385414 -0.143721 -0.251070 0.153463 -0.008232 -0.179300 0.117680 0.162933 -0.118765 -0.271275 -0.306283 -0.129799 -0.296234 -0.103172 0.055218 0.119886 0.165702 0.040124 -0.164835 -0.245497 -0.056258 -0.183359 -0.073217 -0.217326 -0.119642 -0.061253 0.148615 0.049901 -0.103032 -0.207075
0.364582 0.125002 -0.015520 -0.358396 0.470775 -0.094942 0.341034 0.016100 1.000000 0.352010 0.347191 0.144720 0.607077 0.337598 0.477800 0.364935 0.218961 -0.032472 -0.105954 -0.205757 0.064583 0.037262 -0.030249 -0.054485 0.014172 -0.180592 -0.138818 -0.055027 0.090356 -0.132497 -0.399968 -0.344397 -0.322293 -0.405770 -0.127811 -0.077019 0.113189 -0.122245 0.099454 0.090694 -0.014511 -0.083625 -0.414780 -0.349910 -0.014211 -0.207485 -0.382397 -0.429474 0.407263 0.159424 0.132054 0.027704 0.291232 -0.086476 0.305461 -0.092558 -0.248547 -0.042709 0.244078 0.023859 0.161219 0.275985 -0.172043 0.065398 0.312554 0.259401 -0.039090 -0.048693 -0.040619 0.074179 -0.131069 -0.218587 -0.128829 -0.122458 -0.064976 -0.115718 -0.136522 -0.142465 -0.156505 0.025466 0.040241 -0.082624 0.203208 0.203028 -0.140896 -0.004526 0.115820 0.006023 0.067736 0.306164 0.163056 0.107791 0.053221 0.287673 0.173105 -0.059806 -0.226721 -0.167710 -0.018746 -0.149759 0.114374 0.034181 -0.059337 -0.104207 0.073549 0.121645 -0.076291 -0.089856 0.126960 -0.210596 -0.165900 -0.278690 -0.281814 -0.109562 0.117520 0.275493
-0.120423 0.013640 0.040944 0.142383 0.318885 0.163685 0.300342 0.629351 0.352010 1.000000 -0.267441 0.184018 -0.084009 0.301829 -0.147342 0.415647 0.123957 -0.008118 -0.408004 -0.059836 -0.184702 -0.136752 -0.315709 -0.211068 -0.182134 -0.024626 -0.281767 -0.266647 0.134218 0.259755 -0.251666 -0.324816 -0.093950 -0.178428 -0.076578 0.053581 0.072176 -0.004961 -0.197493 -0.019905 0.091584 -0.024426 -0.276961 -0.217541 -0.056972 0.172367 -0.165874 -0.225398 -0.052966 0.288199 -0.113242 0.254355 -0.103860 -0.132721 -0.111298 -0.113047 -0.117453 -0.344840 0.041696 0.023667 0.264399 0.362221 0.064064 0.037718 0.400421 0.539755 -0.116151 0.216808 -0.242234 0.104567 -0.232298 -0.206900 0.089975 0.107094 0.081336 -0.207389 -0.139190 -0.240907 0.005193 0.031227 0.203048 -0.023076 -0.187565 0.489486 -0.204900 0.026500 -0.224954 0.047054 -0.222376 0.185273 0.006213 0.016857 0.118516 0.244243 0.028188 -0.202974 -0.332191 -0.178942 -0.147323 -0.116017 0.037502 0.041683 0.071532 -0.213198 0.014151 -0.001932 -0.104847 -0.196990 0.075734 -0.193791 -0.104974 -0.129774 -0.003273 -0.044817 0.097693 0.060885
0.377812 0.259784 -0.358338 -0.106417 -0.079594 -0.201523 -0.241048 -0.359018 0.347191 -0.267441 1.000000 0.464468 0.775564 0.343405 0.754992 0.291926 0.073536 0.084391 0.228950 0.038373 0.107714 0.015503 0.128226 0.224143 -0.073576 -0.269503 -0.033307 -0.013725 0.056198 -0.093496 -0.045856 0.029509 -0.209358 -0.233211 -0.092447 -0.256409 0.104447 -0.003262 0.168003 -0.000082 -0.043358 0.084806 -0.233941 -0.228385 -0.192244 -0.315488 -0.071157 -0.151635 0.146281 -0.011232 0.308478 -0.170227 0.235527 0.130066 0.267537 0.067959 -0.244260 0.279005 -0.114928 -0.155326 -0.290756 -0.097823 -0.205723 -0.011655 0.058555 -0.051720 -0.112624 -0.312108 -0.042555 -0.194271 0.018899 -0.031086 -0.132921 -0.045165 -0.038064 0.155464 0.069612 0.074970 -0.239950 -0.122901 -0.171280 -0.135945 0.484218 0.063822 0.254078 0.245667 0.385113 0.050973 0.138916 0.113929 0.132803 0.092187 0.109294 0.294120 -0.024228 0.007984 0.017057 -0.171460 0.172715 -0.216896 0.178018 -0.259541 -0.067005 -0.106188 0.098657 -0.057998 -0.062447 -0.037302 -0.079869 -0.118792 -0.192957 -0.140507 -0.129339 0.153323 -0.035939 0.038392
0.213440 0.464339 -0.322698 0.276416 -0.011405 -0.041432 -0.135705 0.283885 0.144720 0.184018 0.464468 1.000000 0.439862 0.609657 0.321861 0.542254 -0.048598 0.165488 -0.177106 -0.005243 -0.140816 -0.228874 -0.175728 0.082372 -0.301548 -0.264154 -0.291603 -0.209281 -0.110264 0.061364 -0.179939 -0.072433 -0.197974 -0.052893 -0.139206 -0.239302 -0.096498 -0.085441 -0.237453 -0.270787 -0.052550 -0.193110 -0.186882 -0.108515 -0.311474 -0.053074 -0.114752 -0.075528 0.014777 0.233468 0.142217 0.272645 -0.039377 -0.074260 -0.076116 -0.111477 -0.133919 -0.074519 -0.044593 -0.255628 -0.030632 0.175340 -0.117759 -0.026781 0.094067 0.568734 -0.190954 -0.029781 -0.145708 -0.029549 -0.126517 -0.163469 -0.229779 -0.150801 -0.187015 0.078467 -0.047549 0.030385 -0.311233 -0.297130 -0.107104 -0.294176 0.095702 0.453415 0.187942 0.187923 0.043017 0.122347 0.063604 0.249167 0.015273 -0.062171 0.330534 0.204997 -0.203747 -0.081759 -0.280508 -0.235151 -0.096380 -0.239487 0.116401 -0.295481 -0.003383 -0.103693 -0.079134 -0.136196 -0.004384 -0.115298 -0.249784 -0.265609 -0.350948 -0.164602 -0.040607 0.099838 0.033159 -0.071652
0.379644 0.253411 -0.298272 -0.281507 0.173827 -0.163824 0.010252 -0.205108 0.607077 -0.084009 0.775564 0.439862 1.000000 0.562625 0.689279 0.342478 0.092602 0.168994 -0.022744 -0.153712 0.064930 0.096200 0.010320 0.079548 0.002415 -0.224952 -0.027194 0.054726 -0.011626 -0.150500 -0.215519 -0.060074 -0.326441 -0.305866 -0.083405 -0.123898 0.138039 -0.015836 0.250673 0.127012 -0.042687 -0.057737 -0.199875 -0.170978 -0.158998 -0.336191 -0.149837 -0.198292 0.375883 0.149012 0.182053 0.034422 0.230962 0.032868 0.278113 0.028298 -0.191044 0.162669 -0.029766 -0.245748 -0.240770 -0.085045 -0.302818 -0.125342 -0.056268 0.014919 -0.184088 -0.256766 -0.102465 -0.178063 0.033723 -0.036428 -0.223826 -0.044356 -0.107354 0.097506 0.057736 0.105129 -0.223483 -0.043290 -0.161353 -0.167574 0.284367 0.054954 0.133754 0.162521 0.279171 0.004304 0.159044 0.229727 0.106123 0.085104 0.213105 0.264417 0.099320 0.037272 -0.005652 -0.051747 0.032537 -0.167426 0.103473 -0.216135 -0.147365 -0.108549 0.041671 -0.078920 -0.163572 -0.063724 0.054077 -0.135347 -0.186841 -0.230764 -0.214256 0.070991 -0.083059 0.108911
0.226117 0.477025 -0.495258 -0.029221 -0.065152 -0.292824 -0.057143 0.260516 0.337598 0.301829 0.343405 0.609657 0.562625 1.000000 0.326030 0.638607 0.214431 0.405730 -0.379751 0.011584 -0.107917 -0.104372 -0.513997 -0.239563 -0.426388 -0.447219 -0.252980 -0.298943 0.038351 0.225338 -0.426906 -0.333580 -0.249461 -0.332322 -0.221331 -0.223957 0.182995 0.066219 0.019036 0.067270 -0.025073 -0.082305 -0.136748 -0.160671 -0.232587 -0.206837 -0.019808 -0.041103 -0.101297 0.237703 -0.136857 0.099115 -0.014172 -0.064964 0.153089 0.050093 0.078579 -0.112580 -0.013518 -0.195613 -0.013817 0.157731 -0.105342 -0.013297 -0.050996 0.406459 -0.247400 -0.189389 -0.213161 -0.029482 -0.023251 -0.114928 -0.040336 0.053547 -0.096124 0.062303 -0.036212 -0.012803 -0.136503 -0.086319 0.101049 -0.070812 0.140533 0.444813 -0.017225 0.181095 0.103608 0.149020 -0.143170 0.236022 0.210746 0.161050 0.487016 0.289576 -0.074083 -0.085405 -0.125346 0.029365 0.055207 0.022182 0.129068 -0.098619 0.168370 -0.072896 -0.033747 -0.030217 -0.066812 -0.023269 -0.113726 -0.096543 -0.252799 -0.037039 0.113491 0.094228 0.068519 0.088713
0.211033 0.168374 -0.402164 -0.232649 -0.003307 -0.197736 -0.237859 -0.406236 0.477800 -0.147342 0.754992 0.321861 0.689279 0.326030 1.000000 0.463647 0.056340 0.037121 -0.046160 -0.170242 0.184294 0.000607 0.125345 0.241660 -0.017708 -0.186814 -0.018327 -0.008477 0.217701 -0.004439 -0.005692 -0.015360 -0.264221 -0.359055 -0.172514 -0.257053 0.132652 0.133678 0.302395 0.113476 0.120773 0.118521 -0.228748 -0.202952 -0.231278 -0.355652 -0.092624 -0.146298 0.163524 -0.077533 0.259964 -0.065761 0.285416 0.251156 0.325944 0.171233 -0.297078 0.136432 -0.020980 -0.046844 -0.203470 0.009635 -0.273164 0.005248 0.078186 -0.007255 -0.149259 -0.333637 -0.029108 -0.220123 0.071807 -0.039873 -0.064208 -0.060110 0.018994 0.022495 -0.016797 0.079453 -0.259893 -0.138791 -0.232707 -0.190342 0.549367 0.122064 0.303272 0.280896 0.486233 0.204745 0.273868 0.278529 0.163413 0.194958 0.181332 0.182754 0.045775 0.062296 0.089419 -0.102420 0.306384 -0.129794 0.224227 -0.160517 -0.092924 -0.051652 0.081550 -0.024756 -0.027330 -0.027646 0.002041 -0.050761 -0.135393 -0.147107 -0.195944 -0.008653 0.038658 0.157929
0.065503 0.378855 -0.522376 -0.174349 -0.025641 -0.083687 -0.117707 0.108079 0.364935 0.415647 0.291926 0.542254 0.342478 0.638607 0.463647 1.000000 0.284855 0.354800 -0.482925 -0.070423 -0.081279 -0.184600 -0.482488 -0.142353 -0.410910 -0.376777 -0.359578 -0.352481 0.254006 0.425354 -0.342778 -0.403770 -0.236523 -0.436513 -0.330140 -0.338209 0.263541 0.173898 0.027807 0.012402 0.142077 0.025149 -0.188369 -0.224343 -0.288347 -0.190917 -0.089514 -0.066348 -0.228190 0.205030 -0.038292 0.136585 0.049277 0.066646 0.148294 0.080697 0.045766 -0.160610 0.110481 -0.114085 0.201495 0.346586 0.086321 0.161520 0.224976 0.510939 -0.200258 -0.257398 -0.001288 -0.079723 -0.153289 -0.230767 0.088565 -0.066942 0.003178 -0.107815 -0.162756 -0.072356 -0.042867 -0.067429 0.205905 0.042105 0.254630 0.708926 0.086196 0.270165 0.106035 0.272774 -0.131244 0.253863 0.082640 0.067225 0.374556 0.222863 -0.089477 -0.003456 -0.181336 -0.159638 0.094643 -0.153695 0.189419 -0.097742 -0.041178 -0.320051 0.005153 0.058133 0.052961 0.022326 -0.118713 -0.111249 -0.317849 -0.177809 -0.029837 -0.185950 0.092392 0.093574
0.226049 0.170326 -0.233407 -0.294454 -0.032462 -0.449344 0.241660 -0.035379 0.218961 0.123957 0.073536 -0.048598 0.092602 0.214431 0.056340 0.284855 1.000000 0.507924 -0.185522 0.110611 -0.129225 -0.304041 -0.492289 -0.436461 -0.537224 -0.440377 -0.469822 -0.500235 0.572902 0.491721 -0.276089 -0.275561 0.109514 -0.203477 -0.321052 -0.367490 0.393341 0.149917 -0.080723 -0.097606 0.031913 -0.068638 -0.141947 -0.305960 -0.094122 -0.369839 0.080227 -0.024175 -0.390324 -0.163738 -0.402437 -0.494758 -0.045168 -0.003056 -0.020095 -0.081999 0.304127 0.056703 0.266976 0.145579 0.464632 0.402916 0.548290 0.490749 0.356957 0.133977 -0.016667 -0.431619 0.008357 -0.005051 -0.043883 -0.032610 0.565233 0.149378 0.230427 0.186753 0.136350 0.136471 0.446463 0.446945 0.568214 0.444397 0.175190 0.318343 -0.215879 -0.085625 -0.058849 -0.174667 -0.425272 -0.202066 -0.002767 0.061045 -0.071603 0.092980 -0.170995 -0.023515 -0.000537 -0.142794 -0.080603 0.012646 -0.116540 0.191592 0.078561 -0.159003 0.078948 0.030735 0.183270 0.190481 -0.150174 -0.004085 -0.203181 -0.030841 0.062716 -0.138933 -0.013934 0.051786
0.074152 0.299150 -0.415325 -0.286802 -0.129915 -0.370406 -0.122561 -0.100853 -0.032472 -0.008118 0.084391 0.165488 0.168994 0.405730 0.037121 0.354800 0.507924 1.000000 -0.268650 0.098908 0.048129 0.007769 -0.383230 -0.261359 -0.409684 -0.409056 -0.190399 -0.362373 0.318082 0.628366 -0.130879 -0.120288 -0.119031 -0.291531 -0.273879 -0.384367 0.232724 0.164220 0.098962 0.180798 -0.063772 0.026655 -0.067930 -0.271329 -0.275391 -0.327286 0.157003 -0.043149 -0.328203 0.063177 -0.148106 -0.222392 0.029096 0.252772 0.042524 0.107383 0.499818 0.141938 0.051469 -0.130342 0.086177 0.252822 0.324438 0.441770 -0.089533 0.182722 -0.315314 -0.467610 -0.109627 -0.137720 0.143599 0.209001 0.310866 0.085502 -0.047458 0.139917 -0.101346 0.076420 0.255755 0.380848 0.415957 0.458687 0.052718 0.406389 0.006330 0.056906 -0.079679 -0.030008 -0.207112 -0.154849 0.065249 -0.059717 0.205338 -0.151813 -0.194444 0.018143 -0.089849 0.013578 0.071152 0.057712 -0.170930 -0.015570 0.045844 -0.301009 0.046342 0.112475 -0.083664 0.064547 -0.062523 0.154883 -0.279557 -0.110127 0.116737 -0.127356 0.000649 0.035997
0.302792 -0.117313 0.304426 0.184262 -0.099979 -0.128242 -0.051191 -0.288179 -0.105954 -0.408004 0.228950 -0.177106 -0.022744 -0.379751 -0.046160 -0.482925 -0.185522 -0.268650 1.000000 0.419163 0.025477 0.070417 0.420795 0.221496 0.125940 0.014320 0.126224 0.106997 -0.151923 -0.372316 0.103585 0.123586 0.105416 0.121289 0.073060 -0.030832 -0.249016 -0.228899 -0.064609 -0.059802 -0.254311 0.039340 -0.030984 -0.115378 0.135037 -0.031258 0.038602 -0.050458 0.199130 -0.115285 0.282809 -0.254610 0.194054 -0.007975 0.060298 -0.001981 -0.183334 0.236189 -0.187444 -0.009221 -0.249227 -0.268756 -0.181089 -0.202264 0.084194 -0.352720 0.093933 0.008352 0.058337 0.133909 0.033873 0.073820 -0.134146 0.001082 0.018953 -0.041545 0.144669 0.019591 -0.111265 -0.127539 -0.157573 -0.027421 0.122429 -0.329722 -0.081098 -0.110579 0.019305 -0.225573 0.105396 -0.199982 0.227518 0.175636 -0.081135 0.023253 0.065830 0.025214 0.069310 -0.084098 0.023532 0.040040 0.010652 0.035990 -0.039588 0.145575 0.096641 0.088515 -0.043055 -0.073108 0.096664 0.057274 0.097491 0.062682 0.029734 0.134775 -0.038650 0.060032
0.297623 0.485208 -0.225124 0.238606 -0.321677 -0.428093 -0.276766 -0.073125 -0.205757 -0.059836 0.038373 -0.005243 -0.153712 0.011584 -0.170242 -0.070423 0.110611 0.098908 0.419163 1.000000 -0.082271 -0.366751 -0.361999 -0.356113 -0.404986 -0.432958 -0.259157 -0.463141 -0.046587 0.116915 -0.246907 -0.299941 0.205112 0.182548 -0.265920 -0.246300 -0.013351 -0.137708 -0.220067 -0.171485 -0.250249 0.060700 -0.037373 -0.255768 -0.096508 -0.077016 0.109084 0.101449 -0.430702 -0.107456 -0.130897 -0.421644 -0.136296 -0.171398 -0.096753 -0.187666 0.285170 0.351470 -0.002887 0.185048 0.007913 0.047149 0.335336 0.188633 -0.039951 -0.089630 0.015105 -0.138710 0.341122 0.517826 -0.053224 -0.067949 0.166382 0.242398 0.071364 0.148077 0.222068 0.193637 0.126189 -0.014884 0.379163 0.197933 0.214754 0.131388 -0.170422 0.082811 -0.028508 -0.096022 -0.355888 -0.331748 0.244702 0.220017 0.171468 0.172825 -0.208217 0.039949 -0.083112 -0.037703 -0.005076 0.141245 0.002436 0.218558 0.266157 0.142031 -0.019482 0.152117 0.142795 0.144741 -0.040246 0.167591 -0.005871 0.270856 0.329542 0.085355 0.115220 0.063975
-0.239997 -0.097515 0.026762 -0.153566 0.205727 0.102582 -0.065775 -0.193257 0.064583 -0.184702 0.107714 -0.140816 0.064930 -0.107917 0.184294 -0.081279 -0.129225 0.048129 0.025477 -0.082271 1.000000 0.498479 0.237109 0.158659 0.253874 0.135952 0.334318 0.340937 -0.032162 0.076380 0.190620 0.169335 -0.168200 -0.181600 -0.075352 -0.118195 -0.050685 0.067956 0.182481 0.305132 0.018248 0.340272 0.011337 -0.033636 -0.101987 -0.163671 0.053179 -0.142256 0.019322 -0.069320 0.332613 -0.013753 0.226571 0.276680 0.134786 0.202189 -0.109086 0.229990 -0.208351 -0.050195 -0.278819 -0.124735 -0.151569 -0.056045 -0.249905 -0.203478 -0.074539 -0.202215 -0.027709 -0.135745 0.550373 0.429373 0.010205 0.192642 -0.003363 0.311703 -0.143762 0.045205 -0.090077 0.046031 -0.104334 0.078974 0.073101 -0.027161 0.161930 0.146768 0.043016 0.068273 0.111856 0.107341 -0.041367 -0.120099 -0.084862 -0.268512 -0.056921 0.010569 -0.094707 0.177836 0.113698 -0.055537 -0.072261 -0.024792 0.001948 0.035357 0.057240 0.130095 -0.191158 -0.109784 0.028912 0.009523 -0.132839 -0.190138 -0.023520 0.098796 0.129995 0.127193
-0.311655 -0.410499 0.217536 -0.221544 0.219226 0.363388 0.000813 -0.158445 0.037262 -0.136752 0.015503 -0.228874 0.096200 -0.104372 0.000607 -0.184600 -0.304041 0.007769 0.070417 -0.366751 0.498479 1.000000 0.475371 0.437425 0.598259 0.520208 0.623629 0.723496 -0.213699 -0.166780 0.269493 0.409413 -0.161887 -0.054288 0.282077 0.261786 -0.142892 0.058825 0.291097 0.501401 0.015708 0.258483 0.116262 0.175671 0.016095 -0.020582 0.027918 -0.138445 0.360507 0.017205 0.299537 0.192366 0.129762 0.143376 0.169927 0.233269 -0.107895 0.026893 -0.255737 -0.291988 -0.408906 -0.327653 -0.417070 -0.290557 -0.328578 -0.310700 -0.118299 -0.008191 -0.115936 -0.242282 0.369828 0.463792 -0.279578 -0.011448 -0.156839 -0.055620 -0.276120 -0.234566 -0.126494 0.118182 -0.267578 0.037158 -0.202996 -0.239672 0.097306 -0.003912 -0.097697 0.099203 0.288869 0.184007 -0.146184 -0.269737 -0.236399 -0.318680 0.224539 -0.132025 0.068800 0.240932 0.041023 -0.078051 -0.083565 -0.214904 -0.161666 -0.098645 0.072667 0.055482 -0.376873 -0.307931 0.112173 -0.076939 -0.030316 -0.238615 -0.225262 0.113768 -0.025535 0.045936
-0.207362 -0.571630 0.492019 0.007652 0.218001 0.418438 0.015277 -0.278628 -0.030249 -0.315709 0.128226 -0.175728 0.010320 -0.513997 0.125345 -0.482488 -0.492289 -0.383230 0.420795 -0.361999 0.237109 0.475371 1.000000 0.755076 0.749133 0.624531 0.560664 0.653225 -0.215404 -0.471351 0.601232 0.601567 -0.107050 0.160860 0.372799 0.329097 -0.379095 -0.188208 0.208107 0.189983 0.044398 0.031570 -0.002001 0.160039 0.126125 0.120124 -0.124829 -0.158732 0.613166 -0.062077 0.467590 0.185935 0.227442 0.160544 0.063594 0.107662 -0.415171 -0.027499 -0.240647 -0.101875 -0.402916 -0.376771 -0.461300 -0.298720 -0.112313 -0.384984 0.035098 0.214409 -0.145018 -0.255167 0.082838 0.227147 -0.392629 -0.255925 -0.123405 -0.156108 -0.110128 -0.150890 -0.224445 -0.069676 -0.554958 -0.271481 -0.135004 -0.476481 0.265728 -0.169703 0.104794 0.068734 0.645744 0.101017 -0.104189 -0.181907 -0.262546 -0.276292 0.292397 -0.079624 0.106870 -0.036405 0.082926 -0.105998 -0.025410 -0.157246 -0.292946 0.044433 0.043035 -0.085203 -0.335275 -0.405355 0.114907 -0.212453 0.117429 -0.170203 -0.401746 0.053069 -0.035970 -0.017433
-0.197820 -0.432076 0.189796 0.169760 0.072495 0.509775 -0.195567 -0.209734 -0.054485 -0.211068 0.224143 0.082372 0.079548 -0.239563 0.241660 -0.142353 -0.436461 -0.261359 0.221496 -0.356113 0.158659 0.437425 0.755076 1.000000 0.576541 0.563940 0.522790 0.649137 -0.292148 -0.383627 0.458316 0.455395 -0.189029 0.025729 0.231847 0.224002 -0.368780 -0.117599 0.196826 0.277303 -0.032644 0.033710 -0.086524 0.090018 -0.032633 0.086963 -0.066883 -0.166145 0.449401 0.157357 0.525459 0.357113 0.409821 0.319296 0.186730 0.273250 -0.398641 -0.157635 -0.225120 -0.157359 -0.357519 -0.229215 -0.504677 -0.339261 -0.132848 -0.159538 -0.057533 0.142297 -0.223934 -0.281747 0.027135 0.257382 -0.498388 -0.298452 -0.219904 -0.254308 -0.357634 -0.337503 -0.252459 -0.153903 -0.592675 -0.354962 -0.114296 -0.178077 0.238049 -0.078495 0.014631 0.273317 0.683035 0.368645 0.011668 -0.106140 -0.078887 -0.236201 0.254111 -0.148001 -0.025984 -0.119312 0.157837 -0.148581 0.054823 -0.272517 -0.412482 -0.107361 -0.027568 -0.036889 -0.368856 -0.422026 0.137308 -0.233784 -0.086139 -0.289127 -0.352673 0.037160 0.021411 0.004499
-0.304700 -0.515401 0.378275 -0.083851 0.290904 0.558315 -0.044256 -0.256877 0.014172 -0.182134 -0.073576 -0.301548 0.002415 -0.426388 -0.017708 -0.410910 -0.537224 -0.409684 0.125940 -0.404986 0.253874 0.598259 0.749133 0.576541 1.000000 0.777260 0.674151 0.771799 -0.351280 -0.493836 0.462111 0.421420 -0.212563 0.081750 0.430994 0.530186 -0.258482 -0.084714 0.280148 0.285941 0.155716 0.128915 0.184976 0.321106 0.156865 0.148387 -0.103858 -0.050014 0.611345 0.003279 0.262749 0.320489 0.102653 0.028559 0.033884 0.018393 -0.307793 0.011639 -0.151372 -0.081398 -0.421147 -0.430580 -0.357893 -0.303078 -0.332140 -0.454004 0.013834 0.264306 0.020072 -0.127299 0.155897 0.263961 -0.446031 -0.136501 -0.146876 -0.138116 -0.108944 -0.090492 -0.161580 0.023580 -0.424609 -0.171921 -0.268419 -0.488928 0.249502 -0.132775 0.004853 0.108248 0.536450 0.113753 -0.192898 -0.105382 -0.174553 -0.241464 0.360807 -0.034562 0.119121 0.113312 -0.007144 -0.020799 -0.024444 -0.150725 -0.296036 0.103201 0.017531 -0.001928 -0.305683 -0.332370 0.212994 -0.049426 0.281486 -0.057035 -0.312196 0.089168 0.001531 0.012472
-0.546282 -0.645149 0.488126 0.022265 0.203701 0.653177 0.026966 -0.023285 -0.180592 -0.024626 -0.269503 -0.264154 -0.224952 -0.447219 -0.186814 -0.376777 -0.440377 -0.409056 0.014320 -0.432958 0.135952 0.520208 0.624531 0.563940 0.777260 1.000000 0.488168 0.707218 -0.239966 -0.383175 0.553819 0.600319 -0.015924 0.332143 0.467915 0.665494 -0.156833 0.002037 0.091869 0.165957 0.233465 0.099970 0.241440 0.421508 0.283966 0.325876 -0.090689 0.010805 0.439716 0.076489 0.173692 0.414747 -0.099705 -0.024574 -0.139123 -0.055792 -0.283821 -0.167050 -0.251265 -0.162555 -0.320642 -0.381324 -0.314189 -0.379942 -0.203423 -0.352825 0.107725 0.392178 -0.022731 -0.170087 0.067203 0.252112 -0.341796 -0.110628 -0.063516 -0.165563 -0.179294 -0.167551 -0.020243 -0.047714 -0.324563 -0.134274 -0.348790 -0.338768 0.183494 -0.112414 -0.188948 0.107302 0.269703 -0.052905 -0.412078 -0.259481 -0.300434 -0.359621 0.252963 -0.151110 0.123614 0.086975 -0.181663 -0.189535 -0.006205 -0.210723 -0.396143 0.012640 -0.167035 -0.182046 -0.196705 -0.327736 0.096158 -0.083369 0.316587 -0.157684 -0.290420 0.056165 -0.106320 -0.165501
-0.224936 -0.401433 0.173789 -0.005205 0.140538 0.524503 -0.177938 -0.204279 -0.138818 -0.281767 -0.033307 -0.291603 -0.027194 -0.252980 -0.018327 -0.359578 -0.469822 -0.190399 0.126224 -0.259157 0.334318 0.623629 0.560664 0.522790 0.674151 0.488168 1.000000 0.780684 -0.380155 -0.314926 0.333707 0.319003 -0.276053 -0.044435 0.305200 0.340845 -0.303020 -0.081175 0.319104 0.420751 -0.154272 0.132056 0.239131 0.277268 0.057334 0.039320 0.177736 0.068623 0.407094 0.076937 0.307480 0.243721 0.205936 0.147324 0.166027 0.239633 -0.118281 -0.083523 -0.193483 -0.146855 -0.453800 -0.385548 -0.411963 -0.316582 -0.474164 -0.411025 0.000337 0.103488 -0.056657 -0.204441 0.275486 0.391148 -0.447739 -0.176480 -0.314847 -0.155556 -0.213605 -0.104287 -0.164692 0.021112 -0.463323 -0.190202 -0.247960 -0.353940 0.086979 -0.226983 0.026334 0.151975 0.522819 0.280495 -0.009384 -0.155134 -0.077012 -0.210432 0.297481 0.057449 0.118323 0.239552 0.077654 0.077237 -0.074345 -0.085099 -0.165533 0.032563 0.108991 0.020727 -0.360314 -0.224437 0.239878 0.126866 0.150492 -0.022403 -0.094267 0.080420 -0.124157 -0.023231
-0.321746 -0.486100 0.341027 -0.002130 0.223991 0.703662 -0.012667 -0.122469 -0.055027 -0.266647 -0.013725 -0.209281 0.054726 -0.298943 -0.008477 -0.352481 -0.500235 -0.362373 0.106997 -0.463141 0.340937 0.723496 0.653225 0.649137 0.771799 0.707218 0.780684 1.000000 -0.442733 -0.512025 0.375183 0.456957 -0.091032 0.107717 0.343990 0.413488 -0.304886 -0.061991 0.175616 0.259064 -0.034102 0.077362 0.229443 0.401911 0.092938 0.082189 0.013909 -0.010949 0.518601 0.029555 0.364330 0.380097 0.229005 0.066735 0.104910 0.150075 -0.219099 -0.034817 -0.227662 -0.224946 -0.406125 -0.408591 -0.491479 -0.443029 -0.340278 -0.371171 0.096948 0.175832 -0.009574 -0.216675 0.181664 0.287528 -0.533994 -0.202359 -0.267934 -0.170719 -0.268479 -0.255358 -0.243739 -0.078937 -0.545489 -0.284437 -0.301744 -0.421617 0.107795 -0.183887 -0.046336 0.061857 0.538766 0.306160 -0.174504 -0.269671 -0.222471 -0.311578 0.202355 -0.052269 0.077931 0.197091 -0.060808 -0.105059 -0.035668 -0.221709 -0.288963 0.063237 -0.097759 -0.098919 -0.194618 -0.180017 0.070149 -0.088483 0.074998 -0.205436 -0.237190 0.096896 -0.160169 -0.139363
-0.099330 -0.085292 -0.077130 -0.294674 -0.043380 -0.428737 0.148431 -0.125171 0.090356 0.134218 0.056198 -0.110264 -0.011626 0.038351 0.217701 0.254006 0.572902 0.318082 -0.151923 -0.046587 -0.032162 -0.213699 -0.215404 -0.292148 -0.351280 -0.239966 -0.380155 -0.442733 1.000000 0.632768 0.061131 0.030797 0.154919 -0.042457 -0.175105 -0.219192 0.376636 0.224335 -0.012672 -0.021421 0.276276 0.075612 -0.095190 -0.181177 -0.091441 -0.116268 -0.024107 -0.010974 -0.340107 -0.266161 -0.256730 -0.340389 -0.184703 0.082465 -0.096131 -0.050181 0.006303 -0.096677 -0.017682 0.086120 0.168342 0.158776 0.255750 0.259119 0.418736 0.031919 -0.100448 -0.253460 -0.025724 -0.104728 0.057581 -0.013580 0.763309 0.104189 0.239554 0.053464 0.179159 0.191045 0.503365 0.422200 0.439170 0.428973 0.180665 0.352869 -0.020954 -0.003625 -0.012706 -0.134393 -0.306759 -0.328242 -0.056475 0.015381 -0.093634 -0.059065 -0.050761 -0.070647 0.143764 -0.151138 0.113251 -0.050982 0.063530 0.138206 0.016196 -0.122280 0.076042 -0.046732 0.048552 -0.005196 -0.017373 -0.017558 -0.066820 -0.061972 -0.011818 -0.064969 0.042848 0.091141
-0.209816 0.133081 -0.319223 -0.201463 -0.112523 -0.370864 -0.057855 0.047675 -0.132497 0.259755 -0.093496 0.061364 -0.150500 0.225338 -0.004439 0.425354 0.491721 0.628366 -0.372316 0.116915 0.076380 -0.166780 -0.471351 -0.383627 -0.493836 -0.383175 -0.314926 -0.512025 0.632768 1.000000 0.022468 -0.063373 0.060056 -0.160123 -0.252688 -0.346320 0.359006 0.285422 -0.008045 0.122999 0.206215 0.166343 -0.041961 -0.188848 -0.179967 -0.094619 0.134049 0.066476 -0.576131 -0.054357 -0.205155 -0.232487 -0.160895 0.195414 -0.113904 0.065272 0.249565 -0.104067 -0.143978 -0.036612 0.110349 0.224927 0.395577 0.336485 0.145878 0.220967 -0.234115 -0.311659 -0.092808 -0.171995 0.155155 0.167988 0.723515 0.225004 0.181843 0.170166 0.052275 0.158679 0.403965 0.428548 0.438389 0.445607 0.087605 0.556546 0.000387 0.121740 -0.083182 0.007068 -0.356611 -0.198496 -0.053410 -0.019044 0.125282 -0.066527 -0.203754 -0.077913 -0.085342 -0.028735 0.050487 -0.005251 -0.140555 0.047995 0.073582 -0.304802 0.103662 0.028269 -0.022611 0.029675 -0.073080 0.096419 -0.212881 -0.058505 0.146231 -0.162666 0.016651 0.020834
-0.474450 -0.486599 0.235474 0.038918 -0.128934 0.255807 -0.150650 -0.175839 -0.399968 -0.251666 -0.045856 -0.179939 -0.215519 -0.426906 -0.005692 -0.342778 -0.276089 -0.130879 0.103585 -0.246907 0.190620 0.269493 0.601232 0.458316 0.462111 0.553819 0.333707 0.375183 0.061131 0.022468 1.000000 0.780581 0.177474 0.334795 0.305881 0.229050 -0.121914 0.045714 0.097518 0.105065 0.239470 0.159961 0.092890 0.273702 0.035843 0.142418 -0.010701 0.019536 0.106052 -0.211715 0.175334 0.031326 -0.121666 0.092786 -0.206194 -0.025264 -0.113962 -0.029934 -0.325117 -0.145312 -0.307742 -0.316077 -0.136030 -0.140971 -0.113086 -0.349343 0.020991 0.086193 -0.050078 -0.309581 0.226756 0.323528 0.022875 -0.104731 0.050487 0.054721 0.004743 0.090131 0.013259 0.005858 -0.253747 -0.059759 -0.029151 -0.251604 0.376671 -0.061726 0.039931 0.039029 0.320690 -0.157429 -0.320020 -0.288455 -0.269985 -0.356565 0.088822 -0.056059 0.132061 0.056077 -0.076675 -0.175563 -0.051544 -0.192677 -0.190818 0.002735 -0.053727 -0.220845 -0.182618 -0.201075 -0.014298 -0.035195 0.138967 -0.070037 -0.238943 0.065754 -0.108484 -0.238812
-0.394835 -0.473124 0.306593 0.015765 -0.086351 0.213202 -0.047965 -0.109871 -0.344397 -0.324816 0.029509 -0.072433 -0.060074 -0.333580 -0.015360 -0.403770 -0.275561 -0.120288 0.123586 -0.299941 0.169335 0.409413 0.601567 0.455395 0.421420 0.600319 0.319003 0.456957 0.030797 -0.063373 0.780581 1.000000 0.155922 0.483582 0.325267 0.292145 -0.169576 0.018710 0.062476 0.073011 0.200615 0.071031 0.173042 0.372242 0.150384 0.143360 -0.023644 0.042817 0.246738 -0.092770 0.148992 0.097472 -0.161628 0.056478 -0.179670 -0.036797 -0.154369 -0.078046 -0.364305 -0.305340 -0.373133 -0.390818 -0.310077 -0.294095 -0.228378 -0.335859 -0.052670 0.067171 -0.110138 -0.436042 0.273400 0.372931 -0.022371 -0.107043 -0.043078 0.158918 0.040874 0.071224 0.024061 -0.062126 -0.346310 -0.123930 -0.086921 -0.332164 0.320609 -0.126636 0.042985 -0.073609 0.263837 -0.170939 -0.395000 -0.385902 -0.301523 -0.414517 0.033868 -0.107034 0.215296 0.059619 -0.160061 -0.283334 -0.091473 -0.318509 -0.284940 -0.025120 -0.165520 -0.418332 -0.157109 -0.214805 -0.093609 -0.152579 0.051397 -0.242484 -0.330742 0.061093 -0.278623 -0.374290
-0.044468 0.012913 0.192141 0.026996 -0.264286 -0.140867 0.207857 0.095146 -0.322293 -0.093950 -0.209358 -0.197974 -0.326441 -0.249461 -0.264221 -0.236523 0.109514 -0.119031 0.105416 0.205112 -0.168200 -0.161887 -0.107050 -0.189029 -0.212563 -0.015924 -0.276053 -0.091032 0.154919 0.060056 0.177474 0.155922 1.000000 0.619418 0.081950 -0.042744 0.103178 -0.002497 -0.344100 -0.396286 0.061872 -0.129620 0.055750 0.149462 0.080277 0.172463 -0.027045 -0.001183 -0.391875 -0.409890 -0.159025 -0.269403 -0.235487 -0.286817 -0.297186 -0.246279 0.192924 0.187204 0.013696 0.154982 0.207175 -0.045166 0.280456 0.059469 0.245418 -0.128011 0.347208 0.063494 0.180740 0.125522 -0.020264 -0.087959 0.318713 0.158619 0.110636 0.056853 0.242188 0.012187 0.187893 0.127640 0.220952 0.086217 -0.093002 -0.148146 -0.221020 -0.049978 -0.208411 -0.304803 -0.332456 -0.325435 -0.199244 -0.218077 -0.401857 -0.125438 -0.289821 -0.108342 0.006233 -0.054563 -0.200890 -0.104121 0.102751 0.018084 0.107353 0.212754 -0.260279 -0.208929 0.366077 0.225349 -0.209291 -0.102452 -0.054627 0.048717 -0.030296 0.046632 -0.107950 -0.312622
-0.158965 -0.033966 0.334848 0.191943 -0.109993 0.068623 0.085061 0.146124 -0.405770 -0.178428 -0.233211 -0.052893 -0.305866 -0.332322 -0.359055 -0.436513 -0.203477 -0.291531 0.121289 0.182548 -0.181600 -0.054288 0.160860 0.025729 0.081750 0.332143 -0.044435 0.107717 -0.042457 -0.160123 0.334795 0.483582 0.619418 1.000000 0.336873 0.372175 -0.154334 -0.195470 -0.348439 -0.351513 0.134496 -0.128208 0.080346 0.315242 0.159165 0.429595 -0.215162 0.070035 -0.009471 -0.132361 -0.205860 0.016237 -0.449811 -0.436702 -0.462673 -0.455175 0.018976 0.056563 -0.091214 0.094407 -0.041898 -0.176012 0.016643 -0.113472 -0.082731 -0.128305 0.235993 0.416992 0.237373 0.193200 -0.104653 -0.081572 0.019690 -0.052145 -0.040711 0.055799 0.175560 -0.001888 0.117930 -0.000018 -0.017432 -0.113689 -0.269926 -0.276305 -0.091848 -0.245068 -0.225864 -0.183355 -0.098180 -0.371343 -0.371114 -0.373149 -0.396447 -0.173851 -0.153002 -0.147130 0.000071 -0.041707 -0.363466 -0.223133 0.012211 -0.081380 0.006624 0.277961 -0.290806 -0.295027 0.151704 -0.020545 -0.147542 -0.179350 0.141282 -0.004263 -0.042204 0.074382 -0.142052 -0.371278
-0.250796 -0.437297 0.405194 0.041366 0.034348 0.286654 0.149551 0.104920 -0.127811 -0.076578 -0.092447 -0.139206 -0.083405 -0.221331 -0.172514 -0.330140 -0.321052 -0.273879 0.073060 -0.265920 -0.075352 0.282077 0.372799 0.231847 0.430994 0.467915 0.305200 0.343990 -0.175105 -0.252688 0.305881 0.325267 0.081950 0.336873 1.000000 0.732573 -0.067179 -0.104667 -0.010050 0.104640 0.032618 -0.063757 0.112714 0.323258 0.431323 0.645148 -0.202675 -0.054455 0.300548 0.087790 0.043298 0.231979 -0.184425 -0.330178 -0.191291 -0.231642 -0.215236 -0.225896 -0.214825 -0.135817 -0.385816 -0.462334 -0.269166 -0.375644 -0.077877 -0.209567 0.404784 0.647746 -0.154624 -0.119533 0.024119 0.137318 -0.235723 -0.162213 -0.135623 -0.194393 -0.021699 -0.035755 -0.042176 0.094810 -0.242680 -0.148577 -0.298005 -0.268661 -0.061540 -0.156186 -0.322550 -0.102417 0.075857 -0.067315 -0.314117 -0.251202 -0.218147 -0.097024 0.321347 -0.261890 -0.068490 -0.013391 -0.361798 -0.180624 0.036968 0.070704 -0.142278 0.128497 0.089381 -0.077197 -0.277276 -0.276551 0.135256 -0.118885 0.341545 -0.074061 -0.188669 0.074847 -0.136752 -0.018724
-0.326222 -0.514796 0.427041 0.055005 0.167405 0.427435 0.105905 0.123834 -0.077019 0.053581 -0.256409 -0.239302 -0.123898 -0.223957 -0.257053 -0.338209 -0.367490 -0.384367 -0.030832 -0.246300 -0.118195 0.261786 0.329097 0.224002 0.530186 0.665494 0.340845 0.413488 -0.219192 -0.346320 0.229050 0.292145 -0.042744 0.372175 0.732573 1.000000 -0.066622 -0.007384 0.129356 0.209972 0.183043 0.091322 0.159180 0.378203 0.431684 0.557175 -0.264836 0.032943 0.425078 0.170538 -0.039071 0.338786 -0.229880 -0.327259 -0.106259 -0.215450 -0.175495 -0.304368 -0.249468 -0.177365 -0.342995 -0.452374 -0.324123 -0.420126 -0.236525 -0.301209 0.171269 0.655815 0.003059 0.050329 -0.094577 0.126518 -0.315860 -0.071306 -0.067811 -0.178436 -0.013940 -0.017994 0.019943 0.034474 -0.252795 -0.177751 -0.370484 -0.328505 -0.018681 -0.087037 -0.278570 0.089479 0.102339 -0.104334 -0.335518 -0.160462 -0.153618 -0.139880 0.473832 -0.218926 0.067802 0.165755 -0.340077 -0.124379 0.041907 0.030242 -0.239373 0.143368 -0.014493 -0.084298 -0.242979 -0.260116 0.196123 -0.018413 0.555425 -0.019604 -0.119395 0.039015 -0.065942 -0.038450
