1.000000 0.379273 -0.357101 -0.081462 -0.198313 -0.040560 -0.092393 -0.274691 -0.178486 -0.131670 0.553907 0.128840 0.137624 0.003848 0.082574 -0.068443 0.417808 0.136892 0.250899 0.436421 0.172163 -0.018988 -0.081063 -0.044127 0.071118 -0.132694 0.056706 0.054110 0.209405 -0.006800 -0.147450 -0.470814 -0.458619 -0.383211 -0.386573 -0.263822 0.157748 0.074207 0.055508 -0.042143 0.153552 0.139071 -0.177357 -0.163965 -0.442759 -0.438600 -0.117431 -0.173456 -0.368827 -0.324882 -0.015435 -0.164055 0.098792 0.035913 0.090575 0.096810 0.826306 0.344201 0.051316 0.021773 -0.032661 -0.093699 0.463656 0.327177 -0.289112 -0.210506 -0.415962 -0.447679 0.190885 -0.154348 0.186070 -0.075984 0.272628 0.032270 0.248830 0.024820 0.035599 -0.064802 -0.219180 -0.123273 -0.090949 0.030156 -0.064496 -0.128333 0.144089 0.162420 0.045128 0.119924 0.140388 0.143327 0.029332 -0.181756 -0.055834 -0.200151 0.108682 -0.131950 -0.138644 0.200270 -0.095068 0.302576 0.013357 0.096657 0.034407 0.140220 -0.065865 0.027780 0.077799 0.083375 -0.000176 0.095932 -0.115709 0.080310 -0.087073 0.012603 0.065351 0.046888
0.379273 1.000000 -0.125298 0.002465 -0.214653 -0.232156 -0.115443 -0.169173 -0.241205 -0.281997 0.024514 0.079310 0.006825 -0.123180 0.004366 -0.161223 0.216650 0.176544 0.362098 0.700137 0.151652 -0.170122 -0.161243 -0.195854 -0.164785 -0.345218 -0.186221 -0.154164 0.026551 -0.029872 -0.290118 -0.334470 0.033673 0.041299 -0.189183 -0.119995 -0.082934 0.021308 0.069039 0.060336 0.095588 0.300741 -0.365345 -0.361058 -0.297018 -0.350595 -0.267067 -0.235936 -0.242075 -0.264766 -0.307339 -0.365360 -0.008141 -0.188737 0.058171 -0.243569 0.449768 0.685451 0.081319 0.283398 0.083569 0.025630 0.192988 0.263060 -0.327186 -0.196128 -0.036993 -0.174575 0.359528 0.353826 0.095453 -0.157448 -0.033729 -0.038915 -0.118958 -0.033766 -0.063882 0.089341 -0.089453 0.187059 0.145567 0.200130 0.134183 0.036734 -0.018079 0.075700 -0.078779 -0.013607 0.157537 0.220811 0.119054 -0.122938 -0.051191 -0.151231 0.330803 0.116451 -0.137654 0.283176 -0.068224 0.010916 0.141517 0.173055 0.089387 0.157143 0.063756 0.125734 0.235192 0.253687 0.137623 0.173132 0.067379 0.028249 0.090418 -0.101028 -0.114780 0.235967
-0.357101 -0.125298 1.000000 0.133335 0.224295 -0.090995 0.622065 0.240109 0.068167 -0.054392 -0.066894 -0.142616 0.096222 -0.238499 0.035001 0.053812 -0.311988 -0.261703 0.356317 -0.088734 -0.146406 -0.145495 0.379721 0.052111 -0.085750 -0.006132 -0.183116 -0.268995 -0.048412 -0.194439 0.096227 0.229875 0.453221 0.366348 0.169786 0.448205 -0.458478 -0.413727 -0.142581 -0.191943 -0.044176 0.044048 0.006832 -0.006200 0.328295 0.225012 -0.064264 -0.077522 0.307705 0.117978 0.016264 0.141101 -0.196830 -0.246823 -0.272198 -0.100301 -0.337385 -0.176473 0.300158 0.031206 0.292805 0.036816 -0.250325 -0.178857 0.344069 -0.017060 0.509032 0.437768 -0.117770 0.155096 -0.082491 -0.185913 -0.308875 -0.193016 -0.280188 -0.159361 -0.213265 -0.179835 0.042040 -0.042460 -0.205272 -0.310820 0.013025 0.045209 -0.358187 -0.501931 0.001801 -0.172897 -0.002905 -0.020205 0.030610 0.346578 -0.028142 0.377747 0.141786 0.063801 -0.168338 -0.026641 0.072306 -0.023054 -0.264546 -0.021083 -0.058737 -0.177342 -0.207095 -0.000718 -0.159208 0.140683 -0.083823 -0.118896 -0.048423 -0.189571 0.167723 -0.075991 0.011716 0.040018
-0.081462 0.002465 0.133335 1.000000 -0.220719 0.214827 -0.151823 0.358823 -0.125546 0.155433 -0.265117 0.159450 -0.481194 0.010443 -0.233951 0.038895 -0.140109 -0.212877 0.130139 0.097419 -0.115865 0.132442 0.133212 0.324468 -0.086464 0.279895 -0.006025 0.087578 -0.406934 -0.241652 0.078958 0.246093 0.051181 0.082132 0.029725 0.132530 -0.154101 -0.257542 -0.136338 -0.036244 -0.199788 -0.108299 -0.037817 -0.062625 -0.120500 -0.031190 -0.192402 -0.231837 -0.213038 -0.110683 0.022995 -0.138003 -0.158760 0.002715 -0.090906 -0.136961 -0.012051 0.052366 -0.184435 -0.013835 -0.108801 0.158770 -0.090896 -0.164984 0.182797 0.314828 -0.114863 0.220157 0.041633 0.086396 -0.149171 0.079805 -0.308711 -0.018668 -0.104518 -0.029406 -0.067164 0.095280 -0.009491 -0.026023 -0.076226 -0.176752 -0.052415 0.136341 0.018728 0.184995 -0.034383 0.025522 0.262184 0.127651 0.034741 -0.169171 0.376918 -0.074833 -0.062509 -0.016503 -0.375208 -0.184372 -0.189076 -0.270202 0.088670 -0.095455 0.077293 -0.065511 0.008282 0.017979 0.030935 -0.046375 0.044761 -0.034681 -0.218395 -0.312008 0.121963 0.085530 -0.021670 -0.178293
-0.198313 -0.214653 0.224295 -0.220719 1.000000 -0.051535 0.378430 0.328477 0.756039 0.413530 -0.028418 -0.073214 0.384691 0.206489 0.065505 0.270396 -0.157758 -0.145973 -0.049935 -0.308965 0.415013 -0.167541 -0.298554 -0.494248 0.385950 -0.301385 0.147342 -0.337197 0.137458 0.169509 0.065104 -0.109008 0.219779 0.118127 -0.051030 0.189997 0.086993 0.088673 0.115514 0.078695 0.279717 0.190576 -0.055300 -0.056511 0.089379 0.047669 0.007545 -0.209208 0.136286 -0.052184 -0.012055 0.084475 0.075501 -0.160472 -0.150591 0.018012 -0.157592 -0.152358 0.514504 0.288924 0.419812 0.290646 -0.144986 -0.157285 0.160206 0.087027 0.314841 0.184858 0.000866 0.094925 0.231399 -0.075587 0.243116 0.003297 0.088337 0.030716 0.011817 -0.012942 -0.076122 -0.102406 -0.303278 -0.249888 -0.158045 -0.043769 -0.456844 -0.180843 -0.133464 0.092124 -0.013492 0.064401 -0.062106 -0.100860 -0.113504 -0.098583 0.000047 0.070957 0.037429 -0.041100 -0.037859 -0.135651 0.021920 -0.201223 0.028582 -0.180516 -0.116267 -0.141687 -0.049598 -0.119430 -0.174017 -0.130348 -0.061053 -0.199377 -0.014013 -0.115672 0.057325 0.070696
-0.040560 -0.232156 -0.090995 0.214827 -0.051535 1.000000 -0.119651 -0.170310 -0.177811 0.248625 -0.223362 -0.132958 -0.273905 -0.004496 0.031173 0.060970 -0.340736 -0.277142 0.000404 -0.160854 -0.110392 0.440864 0.260987 0.251587 0.151474 0.380301 0.790968 0.836224 -0.448209 -0.227807 -0.142606 -0.099122 -0.139131 -0.311941 -0.020755 -0.294334 0.483143 0.064378 0.341208 0.186263 -0.174934 -0.067108 0.083925 0.017694 -0.040623 0.102281 0.300631 0.110887 -0.031362 0.085604 0.083674 0.036750 0.330997 0.594441 0.543068 0.411600 -0.035519 0.095573 0.006040 -0.062071 -0.370811 -0.157869 -0.136821 -0.350395 0.010683 0.010609 -0.110735 -0.129828 -0.113387 -0.170580 -0.434513 -0.021987 -0.254169 -0.112964 -0.161094 -0.099835 -0.273997 -0.405112 -0.206636 -0.366874 -0.101879 -0.163602 -0.047607 -0.081221 0.168938 0.296197 0.240100 0.118962 0.370365 0.288881 -0.125682 -0.124307 0.070665 0.053722 -0.150034 -0.222185 -0.118115 -0.185532 0.055251 -0.026571 0.254146 -0.195194 0.269496 0.014374 0.059165 -0.060871 0.099277 -0.068539 -0.052844 -0.284266 -0.197928 0.017101 -0.134187 0.071627 -0.142119 -0.081595
-0.092393 -0.115443 0.622065 -0.151823 0.378430 -0.119651 1.000000 0.411719 0.281652 0.166908 0.280467 -0.010416 0.480431 0.073918 0.130364 0.113508 -0.159500 -0.153767 0.263889 -0.031529 -0.024459 -0.258999 0.067178 -0.323653 -0.132476 -0.338895 -0.046327 -0.259093 0.308338 0.168242 -0.065447 -0.062286 0.236252 0.254603 -0.128761 0.252650 -0.273399 -0.205369 -0.019978 -0.127492 0.154661 0.196798 0.007074 -0.032789 0.181147 0.065063 -0.103618 -0.158883 0.172564 0.007758 -0.189527 0.026748 -0.110003 -0.166027 -0.121993 0.040181 -0.280722 -0.194086 0.487508 0.263577 0.489790 0.210574 0.019037 -0.075484 0.127619 -0.101393 0.266446 0.042403 -0.341145 -0.098986 0.118954 -0.223917 0.081809 -0.124593 -0.002546 -0.028525 -0.098880 -0.101582 -0.128165 -0.103428 -0.230095 -0.320296 0.073918 0.178991 -0.422601 -0.448281 0.051183 -0.019323 0.050044 0.083983 -0.023570 0.100569 -0.169044 0.184867 0.085403 0.055882 -0.211871 -0.032007 0.043740 0.004979 -0.218944 -0.113088 -0.167353 -0.256970 -0.328065 -0.116698 -0.234324 0.125760 -0.117550 -0.145170 -0.152625 -0.135580 0.010403 -0.191581 -0.011463 0.090805
-0.274691 -0.169173 0.240109 0.358823 0.328477 -0.170310 0.411719 1.000000 0.339351 0.596497 -0.144795 0.321536 0.062934 0.463113 -0.216053 0.355083 -0.109040 -0.074173 -0.051707 -0.117960 -0.080909 -0.213205 -0.429831 -0.411223 -0.231372 -0.285160 -0.198346 -0.358621 0.125596 0.332573 0.069516 0.191518 0.213012 0.285572 -0.115210 0.281313 -0.304902 -0.137846 -0.182434 -0.034583 -0.041007 0.067587 -0.061040 -0.044673 -0.010903 0.025220 -0.235273 -0.230067 -0.101681 -0.077894 -0.323601 -0.219097 -0.243288 -0.288880 -0.325167 -0.239146 -0.299240 -0.229081 0.127251 0.410424 0.399167 0.661564 -0.195768 -0.143061 0.075126 0.367182 0.071930 0.214127 -0.111781 0.183456 0.147091 0.050244 0.052131 0.122920 0.010361 0.052431 0.049873 0.247449 0.111168 -0.005761 -0.059511 -0.243134 -0.147413 0.179392 -0.499556 -0.208495 -0.306328 -0.122497 -0.030615 -0.028455 0.211043 -0.118295 0.212020 -0.071530 -0.070740 0.103471 -0.173462 -0.079879 -0.112155 -0.250673 0.076514 -0.139069 -0.100047 -0.279474 -0.091256 -0.073430 -0.108013 -0.056272 -0.069075 -0.064732 -0.045804 -0.250504 0.092046 -0.067112 -0.038761 -0.065567
-0.178486 -0.241205 0.068167 -0.125546 0.756039 -0.177811 0.281652 0.339351 1.000000 0.514803 0.047990 0.111155 0.303219 0.237311 0.078702 0.167952 -0.065130 -0.187445 -0.179802 -0.313097 0.385234 -0.025130 -0.276954 -0.372041 0.466015 -0.154386 -0.001860 -0.361811 0.208037 0.192213 0.243973 -0.000873 0.151266 0.095895 -0.099180 0.042909 0.186065 0.162298 -0.009634 -0.014507 0.281951 0.021678 -0.030589 -0.071115 -0.008986 -0.078391 -0.029894 -0.223190 0.002828 -0.107455 0.024446 0.030649 0.057204 -0.101425 -0.267485 -0.062333 -0.149020 -0.227977 0.287099 0.150583 0.396312 0.301181 -0.015556 -0.103929 0.210806 0.055577 0.107507 0.029758 -0.028759 0.004346 0.347918 0.016682 0.367277 -0.023338 0.214826 0.056794 0.002982 0.012898 -0.059271 -0.077646 -0.230089 -0.208435 -0.205489 0.021759 -0.249890 -0.046988 -0.277047 -0.129928 -0.197889 -0.033126 -0.035868 -0.104282 -0.004624 -0.111678 -0.062997 0.086476 -0.009374 -0.115818 -0.127616 -0.138576 0.011718 -0.178428 -0.087445 -0.165815 -0.158114 -0.191434 -0.036095 -0.201227 -0.157662 -0.093441 -0.035725 -0.146192 0.075065 -0.006213 0.045045 -0.039352
-0.131670 -0.281997 -0.054392 0.155433 0.413530 0.248625 0.166908 0.596497 0.514803 1.000000 -0.043150 0.307997 0.146844 0.495186 0.020661 0.454455 -0.169456 -0.150215 -0.137929 -0.254289 0.028387 0.141606 -0.376835 -0.337536 0.111691 -0.009238 0.304530 0.059291 0.099441 0.319788 0.245095 0.075427 -0.062779 -0.024487 -0.176699 -0.044763 0.235043 0.044025 -0.029902 -0.089728 0.016679 0.042813 -0.133698 -0.137248 -0.250615 -0.162297 -0.064731 -0.216114 -0.276929 -0.272426 -0.232169 -0.251668 0.060010 0.132176 -0.100351 -0.048959 -0.200875 -0.143230 0.130421 0.232811 0.243535 0.511931 -0.141779 -0.274831 0.164243 0.206141 -0.128443 -0.091853 -0.003366 0.038916 0.162361 0.139082 0.229188 0.234834 0.164925 0.220526 0.048728 0.120093 0.086057 -0.139574 -0.023128 -0.140332 -0.237009 0.116998 -0.131804 0.057302 -0.276405 -0.203520 -0.122669 -0.064530 0.046159 -0.109087 0.223408 -0.064350 -0.274395 -0.062307 -0.061410 -0.191639 -0.189613 -0.226317 0.255300 -0.223026 0.128912 -0.191596 -0.080332 -0.214252 0.025296 -0.284867 -0.162600 -0.208737 -0.193595 -0.087088 -0.090295 0.057125 -0.134762 -0.208035
0.553907 0.024514 -0.066894 -0.265117 -0.028418 -0.223362 0.280467 -0.144795 0.047990 -0.043150 1.000000 0.296377 0.534408 0.076916 0.282842 0.020653 0.371053 0.163874 0.105997 0.086492 0.055390 -0.130059 0.113296 -0.023961 0.061262 -0.118834 -0.063770 -0.139173 0.581514 0.174458 0.203169 -0.106728 -0.391749 -0.137017 -0.252128 -0.074303 -0.074595 -0.062052 -0.043060 -0.144199 0.261774 0.040933 -0.117481 -0.130913 -0.290744 -0.369228 -0.158061 -0.246293 -0.238671 -0.304423 0.036006 -0.045680 -0.111865 -0.065482 -0.144566 -0.036791 0.279026 0.007977 0.069511 -0.073728 0.210366 -0.016212 0.518148 0.313529 0.060915 -0.225048 -0.313812 -0.344276 -0.152062 -0.332235 0.318502 -0.066482 0.451209 0.039949 0.378108 0.110407 0.178291 0.005232 -0.149497 0.030347 -0.164643 0.013696 0.036126 0.171866 0.233328 -0.106608 0.150061 0.034271 -0.103989 -0.072094 -0.055229 -0.005745 -0.176812 -0.085809 -0.008132 -0.058453 -0.140885 0.000933 -0.141090 0.107857 -0.225937 -0.139323 -0.190869 -0.111339 -0.260996 -0.155118 -0.268911 -0.071802 0.025993 0.110196 -0.137828 0.051531 -0.120343 0.083351 0.123391 -0.003140
0.128840 0.079310 -0.142616 0.159450 -0.073214 -0.132958 -0.010416 0.321536 0.111155 0.307997 0.296377 1.000000 0.108414 0.557632 -0.054227 0.135004 0.117865 0.114008 -0.116264 0.058108 -0.162800 0.007631 -0.156988 0.069848 -0.160843 0.011307 -0.099871 -0.159632 0.170500 0.255425 0.194576 0.162517 -0.165396 -0.094810 -0.289478 -0.205792 -0.045461 0.006191 -0.096843 -0.020113 0.076667 -0.065857 -0.164301 -0.210885 -0.502597 -0.421818 -0.279312 -0.453996 -0.457278 -0.378422 -0.173533 -0.341789 -0.120325 -0.124659 -0.157584 -0.229206 0.028356 -0.141304 0.009184 -0.023205 0.292181 0.363655 0.233766 0.208913 0.206077 0.270138 -0.340767 -0.155841 -0.016483 -0.116961 0.129942 0.052159 0.121965 0.162476 0.215314 0.170511 0.159207 0.210597 0.056103 0.118826 -0.063808 0.047847 -0.065009 0.270523 0.080037 0.302231 -0.215080 -0.078715 -0.090842 0.053158 0.134723 -0.217063 0.422924 -0.133120 -0.036523 0.125839 -0.267064 -0.022882 -0.249633 -0.137785 0.019068 -0.176456 -0.179459 -0.263363 -0.238946 -0.115371 -0.156149 -0.184218 0.018779 0.054634 -0.183173 -0.096715 0.056928 0.078222 0.008081 -0.113054
0.137624 0.006825 0.096222 -0.481194 0.384691 -0.273905 0.480431 0.062934 0.303219 0.146844 0.534408 0.108414 1.000000 0.249920 0.247730 0.304172 0.145926 0.038722 0.046376 -0.044789 0.099224 -0.204845 -0.160772 -0.385451 0.058446 -0.334534 -0.044147 -0.331473 0.496122 0.260460 0.121376 -0.116797 0.034377 0.122686 -0.262440 0.045023 -0.087494 -0.008146 0.005681 -0.152020 0.172030 0.220059 -0.126015 -0.073084 -0.083388 -0.214208 -0.140640 -0.172442 0.048183 -0.151002 -0.122578 -0.065828 0.068478 -0.172328 -0.134364 0.006577 -0.029898 -0.024085 0.424524 0.162617 0.468787 0.176765 0.148448 0.126278 0.005874 -0.236999 0.095943 -0.235121 -0.078042 -0.023650 0.405955 0.002213 0.362079 0.131807 0.216564 0.161891 0.194962 0.149387 0.053484 0.022960 -0.078666 0.010688 -0.089262 0.047529 -0.211294 -0.304756 -0.104860 -0.053296 -0.252826 -0.025301 -0.009484 0.085140 -0.176894 0.004194 -0.057818 0.007851 0.074548 -0.020040 -0.105510 0.041343 0.000652 -0.132056 -0.016832 -0.088985 -0.179329 -0.195519 -0.154709 -0.040472 -0.023740 -0.005829 -0.235965 -0.028029 -0.242681 -0.104872 -0.013843 -0.035903
0.003848 -0.123180 -0.238499 0.010443 0.206489 -0.004496 0.073918 0.463113 0.237311 0.495186 0.076916 0.557632 0.249920 1.000000 0.071871 0.278144 0.033046 0.107739 -0.283159 -0.130346 -0.087179 -0.057879 -0.254349 -0.169660 0.031528 -0.152235 0.096030 -0.112409 0.068607 0.301280 0.000206 -0.068326 -0.124878 -0.020518 -0.205719 -0.117803 0.014036 0.120593 0.021614 0.221612 -0.069354 -0.063123 -0.193931 -0.142095 -0.356040 -0.315018 -0.247609 -0.265221 -0.298944 -0.277863 -0.010005 -0.294418 0.018389 -0.131024 0.092212 -0.079088 -0.106701 -0.145790 0.137702 0.093137 0.241685 0.522784 -0.006767 -0.121747 0.119331 0.465934 -0.277584 -0.173896 0.076445 -0.044814 0.084196 0.119009 0.143050 0.141159 0.177456 0.167578 0.081806 0.184859 0.037275 0.018169 -0.067556 -0.059534 -0.127208 0.035897 -0.093221 0.195176 -0.184333 0.023628 0.046558 0.067312 0.084973 -0.276436 0.343826 -0.146714 -0.151352 0.195534 0.115296 0.001816 -0.226844 -0.190501 0.094960 -0.128725 -0.143157 -0.173746 -0.127997 -0.072449 -0.154941 -0.259462 0.072109 0.095283 -0.146702 -0.158470 -0.108114 -0.025131 0.019279 -0.051512
0.082574 0.004366 0.035001 -0.233951 0.065505 0.031173 0.130364 -0.216053 0.078702 0.020661 0.282842 -0.054227 0.247730 0.071871 1.000000 0.111493 0.124503 -0.020743 0.185053 0.051214 0.171769 -0.004533 0.186470 0.030192 0.160434 0.001825 0.116210 0.099101 0.300519 0.160578 0.115373 -0.020229 -0.006044 0.062722 0.012634 -0.183336 0.226964 0.066936 0.325679 0.155148 0.186791 0.138287 -0.235389 -0.266257 -0.125582 -0.223305 -0.001792 -0.196823 -0.128680 -0.196349 0.050813 -0.019689 -0.062020 0.019582 0.165080 0.028769 -0.124219 0.059938 0.000417 -0.147254 0.002698 -0.133751 -0.009625 -0.172620 0.212393 -0.123825 -0.118326 -0.261959 0.066676 -0.175695 -0.013716 -0.130294 0.202701 0.072177 0.097442 0.083194 0.044718 0.024489 0.112960 0.061741 0.188903 0.162217 0.497642 0.232891 0.329578 0.066940 0.311117 -0.127404 0.027521 -0.022590 -0.127636 0.023627 -0.105966 -0.033827 -0.026881 0.087860 0.182465 -0.051786 -0.149574 -0.037189 -0.210179 -0.205064 -0.173510 -0.241260 -0.281264 -0.271906 -0.150093 -0.235257 -0.040505 -0.022015 -0.170711 0.003452 -0.173799 -0.054340 -0.075771 0.040495
-0.068443 -0.161223 0.053812 0.038895 0.270396 0.060970 0.113508 0.355083 0.167952 0.454455 0.020653 0.135004 0.304172 0.278144 0.111493 1.000000 -0.033032 -0.071593 0.007486 -0.116410 -0.010591 -0.084011 -0.387981 -0.360043 -0.111335 -0.165760 0.083669 -0.083334 0.196187 0.382940 0.264446 0.036791 0.028555 0.164424 -0.197214 0.080318 0.024098 0.087588 0.019410 -0.003376 0.136082 0.175430 -0.113163 -0.015036 -0.136868 -0.067825 -0.111796 -0.034979 -0.152762 -0.066697 -0.388909 -0.219913 -0.002135 -0.074267 -0.184562 -0.110727 -0.088040 -0.022023 0.079938 0.316737 0.366650 0.404250 0.022183 0.072045 0.055937 0.026930 -0.034992 -0.126806 0.118452 0.270258 0.075184 -0.027529 0.079175 0.215089 0.019117 0.010784 0.014598 0.086693 0.122876 -0.067178 0.028877 0.067470 -0.185247 0.197094 -0.252054 -0.079826 -0.145341 -0.149143 -0.190062 0.004101 0.126205 -0.008887 0.044546 -0.172957 -0.022437 -0.172542 0.007481 -0.026656 -0.163136 -0.079745 0.246828 -0.222599 0.173807 -0.137667 -0.057408 -0.013251 -0.099461 -0.053713 -0.038684 -0.190717 -0.230426 -0.117977 0.010504 -0.000654 -0.051252 -0.050472
0.417808 0.216650 -0.311988 -0.140109 -0.157758 -0.340736 -0.159500 -0.109040 -0.065130 -0.169456 0.371053 0.117865 0.145926 0.033046 0.124503 -0.033032 1.000000 0.618315 -0.091446 0.248578 -0.036051 -0.080135 -0.185440 -0.103245 -0.114268 -0.132342 -0.306185 -0.226545 0.557225 0.281092 0.069030 -0.033594 -0.104093 0.165488 -0.119648 -0.111264 -0.122538 0.075079 -0.016498 0.075767 0.082004 0.123883 -0.244712 -0.158714 -0.161261 -0.209463 -0.199499 -0.202649 -0.271261 -0.167235 0.049045 -0.134259 -0.248230 -0.176310 -0.191160 -0.174809 0.382912 0.199603 -0.386545 -0.217412 -0.033233 -0.077942 0.403564 0.510604 -0.079796 0.034389 -0.359790 -0.209363 0.180154 -0.049621 0.204910 0.173713 0.414728 0.281159 0.353850 0.164479 0.387536 0.233352 0.411910 0.455382 0.440959 0.424661 -0.162319 0.071254 0.150926 -0.070149 -0.074991 -0.081375 -0.235355 -0.173998 -0.092572 -0.255992 -0.168947 -0.287152 -0.053571 0.040188 0.157385 0.107588 -0.124118 0.036638 -0.097104 0.019093 -0.223925 -0.034286 -0.200861 -0.177751 -0.137971 -0.113226 -0.122621 0.154480 -0.030700 0.062567 -0.167469 -0.189487 0.054339 -0.004940
0.136892 0.176544 -0.261703 -0.212877 -0.145973 -0.277142 -0.153767 -0.074173 -0.187445 -0.150215 0.163874 0.114008 0.038722 0.107739 -0.020743 -0.071593 0.618315 1.000000 -0.131475 0.073206 -0.138420 -0.002511 -0.162349 -0.161823 -0.227811 -0.106425 -0.225246 -0.093146 0.440326 0.471494 -0.004995 0.068490 -0.085863 0.186518 -0.040492 -0.161307 -0.160124 0.048634 0.028169 0.134744 0.003369 0.060703 -0.175910 -0.073391 -0.111998 -0.092579 -0.095176 -0.182786 -0.184778 -0.054328 -0.035917 -0.111584 -0.215276 -0.184715 -0.089740 -0.145611 0.180666 0.254894 -0.311285 -0.138633 0.032720 0.028060 0.278779 0.570293 -0.038417 0.174107 -0.275540 -0.222405 0.092768 -0.139278 0.093962 0.130036 0.374331 0.347566 0.257484 0.141044 0.463805 0.246493 0.435698 0.616788 0.347428 0.495806 -0.093622 0.116782 0.095176 -0.062550 0.000344 0.023705 -0.038424 -0.231529 -0.101691 -0.282299 -0.223446 -0.297407 -0.106032 0.049196 0.175246 0.074798 -0.091022 -0.067275 -0.156217 0.041876 -0.204014 -0.230111 -0.158305 -0.212146 -0.204922 -0.136387 -0.141073 0.091669 0.029431 0.040063 -0.247766 -0.175720 -0.107390 0.046270
0.250899 0.362098 0.356317 0.130139 -0.049935 0.000404 0.263889 -0.051707 -0.179802 -0.137929 0.105997 -0.116264 0.046376 -0.283159 0.185053 0.007486 -0.091446 -0.131475 1.000000 0.531314 0.016597 -0.124321 0.134039 -0.094282 -0.155039 -0.097089 -0.076787 -0.028776 0.028316 -0.090184 -0.066764 -0.127761 0.171247 0.067486 -0.124746 0.138329 -0.093390 -0.174379 -0.001304 -0.134818 -0.044031 0.168524 -0.202795 -0.251293 -0.161389 -0.240277 -0.179899 -0.279610 -0.100800 -0.209746 -0.167479 -0.119399 -0.055863 -0.057371 0.002426 -0.033061 0.159165 0.230532 0.244023 0.170164 0.088631 -0.040301 0.051461 -0.110723 -0.088447 -0.287622 0.083651 -0.073257 0.202115 0.112367 0.026387 -0.196608 -0.084383 -0.017076 -0.105263 -0.045534 -0.039741 -0.046746 0.033880 0.006250 0.009478 -0.047284 0.245932 0.131639 0.002743 -0.181889 0.135005 -0.023508 0.153995 0.073506 0.033085 0.204311 -0.098667 0.119937 0.126740 0.005319 -0.284473 0.046146 -0.071108 0.137570 -0.073832 0.049912 0.126547 -0.011268 -0.119237 -0.045270 0.129657 0.140688 0.087341 0.023017 -0.135887 -0.087008 -0.007610 0.035150 -0.047556 0.087808
0.436421 0.700137 -0.088734 0.097419 -0.308965 -0.160854 -0.031529 -0.117960 -0.313097 -0.254289 0.086492 0.058108 -0.044789 -0.130346 0.051214 -0.116410 0.248578 0.073206 0.531314 1.000000 0.105742 -0.137818 -0.107650 -0.055941 -0.262648 -0.231766 -0.174425 -0.042923 0.043193 0.014993 -0.295362 -0.269414 -0.020908 0.037195 -0.229307 -0.128038 -0.032434 0.002723 0.038537 -0.076332 0.111818 0.230295 -0.368755 -0.423308 -0.369938 -0.458217 -0.365097 -0.264461 -0.317303 -0.337775 -0.320642 -0.401413 -0.030021 -0.129007 0.108576 -0.130517 0.399014 0.414394 -0.060403 0.131748 -0.023726 -0.093951 0.271259 0.125935 -0.334137 -0.267208 -0.190681 -0.201027 0.289202 0.314571 0.063119 -0.157155 -0.017950 0.037178 0.005984 0.001498 0.013360 0.099711 -0.000267 0.153235 0.244384 0.211263 0.319064 0.248498 0.058983 0.064460 0.003685 0.029276 0.187068 0.208129 0.236673 -0.035310 0.051604 -0.057599 0.251552 -0.082270 -0.226073 0.241847 -0.102021 0.156164 0.119278 0.167578 0.018143 0.150092 -0.049806 0.219068 0.259065 0.299446 0.144647 0.074833 0.045737 0.122212 0.093686 -0.095647 -0.065300 0.208689
0.172163 0.151652 -0.146406 -0.115865 0.415013 -0.110392 -0.024459 -0.080909 0.385234 0.028387 0.055390 -0.162800 0.099224 -0.087179 0.171769 -0.010591 -0.036051 -0.138420 0.016597 0.105742 1.000000 0.015271 -0.180032 -0.235654 0.558340 -0.156465 0.069779 -0.149214 0.069202 -0.003826 0.067290 -0.220674 -0.058879 -0.146171 -0.093847 -0.095041 0.271020 0.274507 0.256643 0.150914 0.436815 0.359979 -0.203432 -0.276523 -0.072874 -0.202247 -0.118845 -0.197196 -0.131671 -0.201476 -0.041858 -0.064332 0.018931 -0.151424 -0.094211 -0.026968 0.220838 0.217245 0.129771 0.121951 0.113365 -0.017234 0.059697 -0.024295 -0.135532 -0.094050 -0.043598 -0.040564 0.160962 0.066413 0.460581 0.016628 0.408013 0.034369 0.313871 0.088863 0.169920 0.133303 -0.211765 -0.123619 -0.183715 0.016579 -0.019729 0.018364 -0.143607 0.203419 0.116581 0.279093 0.207838 0.292783 -0.059656 -0.281436 -0.063869 -0.413160 0.083816 -0.063666 -0.139180 0.031514 -0.256656 -0.172892 0.003823 -0.105313 -0.029122 -0.113256 0.008728 0.085061 0.090225 0.027034 -0.152749 -0.095169 0.035803 -0.104648 0.034948 -0.091001 0.040298 0.294784
-0.018988 -0.170122 -0.145495 0.132442 -0.167541 0.440864 -0.258999 -0.213205 -0.025130 0.141606 -0.130059 0.007631 -0.204845 -0.057879 -0.004533 -0.084011 -0.080135 -0.002511 -0.124321 -0.137818 0.015271 1.000000 0.283577 0.462329 0.363606 0.738914 0.262714 0.458594 -0.289280 -0.192126 0.232800 0.363727 -0.054054 -0.028974 -0.091475 -0.246411 0.229696 0.003844 0.152040 0.054958 -0.213667 0.006739 -0.211694 -0.142876 -0.125325 -0.050362 -0.152107 -0.108527 -0.245584 -0.254763 0.172689 -0.184379 -0.121886 0.130264 -0.018928 -0.145054 -0.003303 0.156037 -0.296825 -0.429266 -0.223173 -0.203635 -0.174207 0.000861 0.176513 0.145957 -0.192394 -0.027003 -0.012288 -0.116956 -0.097808 0.413594 -0.012676 0.076518 0.058161 0.146307 0.059404 -0.094093 0.032397 0.064934 -0.082095 0.050818 -0.127594 -0.067607 0.270255 0.246420 -0.068966 -0.101898 0.252910 -0.062722 -0.250090 -0.062616 0.148112 0.015154 -0.238251 -0.287435 -0.138718 -0.145694 -0.351683 -0.263991 0.024195 -0.042833 0.174254 0.008654 0.137264 0.072813 0.233330 -0.037672 -0.103366 -0.084666 -0.085313 0.038952 -0.147121 0.005719 -0.147507 -0.093020
-0.081063 -0.161243 0.379721 0.133212 -0.298554 0.260987 0.067178 -0.429831 -0.276954 -0.376835 0.113296 -0.156988 -0.160772 -0.254349 0.186470 -0.387981 -0.185440 -0.162349 0.134039 -0.107650 -0.180032 0.283577 1.000000 0.757871 0.173709 0.508723 0.122671 0.289718 -0.293184 -0.471049 0.086812 0.254026 0.066003 0.045074 0.238862 0.039096 -0.165020 -0.250534 0.061757 0.001876 -0.133879 -0.201764 0.054812 0.015199 0.112325 0.075788 0.000146 -0.000187 0.102150 0.052210 0.482278 0.217736 -0.071196 0.104581 0.147759 0.088612 -0.139205 -0.022242 -0.074645 -0.530203 -0.196440 -0.373420 -0.077303 -0.118651 0.408260 0.035895 0.023922 0.110815 -0.141776 -0.328074 -0.300615 -0.010942 -0.281210 -0.249258 -0.116538 -0.145799 -0.247189 -0.331107 -0.106097 -0.080266 -0.223029 -0.218990 0.189730 -0.090337 0.377804 -0.028477 0.393063 0.092228 0.282867 0.082896 -0.282854 0.152931 0.004990 0.326821 0.035089 -0.051305 -0.117891 -0.091495 -0.003137 0.027796 -0.350466 -0.001972 -0.175655 -0.090995 -0.187015 -0.004715 -0.185487 0.059009 0.035603 -0.017686 -0.118212 -0.058381 -0.014184 0.069133 0.094552 -0.056922
-0.044127 -0.195854 0.052111 0.324468 -0.494248 0.251587 -0.323653 -0.411223 -0.372041 -0.337536 -0.023961 0.069848 -0.385451 -0.169660 0.030192 -0.360043 -0.103245 -0.161823 -0.094282 -0.055941 -0.235654 0.462329 0.757871 1.000000 0.115436 0.735697 0.055729 0.333567 -0.429530 -0.496072 0.176155 0.412134 -0.070273 -0.072600 0.165362 -0.117127 -0.089420 -0.225060 -0.086085 -0.080556 -0.182395 -0.307568 0.093748 0.075393 -0.026995 0.037969 -0.063147 0.047597 -0.054258 -0.014242 0.419728 0.117359 -0.092191 0.143148 0.072838 -0.014189 -0.075562 -0.113638 -0.342048 -0.652119 -0.365893 -0.413657 -0.061360 -0.062538 0.344993 0.133509 -0.192859 0.124448 -0.106711 -0.252409 -0.352695 0.174505 -0.358489 -0.180640 -0.096186 -0.013562 -0.141091 -0.170241 -0.039532 -0.035852 -0.146901 -0.054610 0.173799 0.004803 0.467644 0.257907 0.220013 0.077149 0.209767 0.007400 -0.148451 0.108688 0.260885 0.244333 -0.066168 -0.078797 -0.138343 -0.127777 -0.059119 -0.009318 -0.207778 0.035366 -0.093861 0.056165 0.017254 0.084484 0.014303 -0.010658 0.091209 0.080082 -0.064025 0.023148 0.049303 0.199647 0.094368 -0.112844
0.071118 -0.164785 -0.085750 -0.086464 0.385950 0.151474 -0.132476 -0.231372 0.466015 0.111691 0.061262 -0.160843 0.058446 0.031528 0.160434 -0.111335 -0.114268 -0.227811 -0.155039 -0.262648 0.558340 0.363606 0.173709 0.115436 1.000000 0.338251 0.253680 0.049816 -0.118547 -0.212076 0.175888 -0.041121 -0.028851 -0.105665 -0.009537 -0.038609 0.341932 0.179135 0.171661 0.214290 0.189236 0.019043 -0.062537 -0.068831 -0.039976 -0.028986 -0.021908 -0.097335 -0.063487 -0.174119 0.332423 0.055269 -0.005449 -0.034874 -0.061051 -0.004027 0.111077 0.084990 0.068479 -0.207822 -0.070340 -0.140883 -0.058045 -0.164280 0.140927 0.061188 -0.037940 0.015360 0.113570 -0.078840 0.263483 0.192640 0.295053 0.007699 0.317059 0.099122 0.001448 -0.041785 -0.184293 -0.143706 -0.341563 -0.131150 -0.189491 -0.202363 0.054650 0.191919 -0.022564 0.065219 0.119208 0.060973 -0.290449 -0.170986 -0.021537 -0.153055 -0.131253 0.039775 0.047541 -0.086272 -0.282697 -0.203265 -0.112655 -0.122511 -0.015815 -0.055268 0.069686 -0.067947 -0.007115 -0.253763 0.019500 0.057786 -0.067810 -0.116872 0.016963 0.082030 0.121438 0.015951
-0.132694 -0.345218 -0.006132 0.279895 -0.301385 0.380301 -0.338895 -0.285160 -0.154386 -0.009238 -0.118834 0.011307 -0.334534 -0.152235 0.001825 -0.165760 -0.132342 -0.106425 -0.097089 -0.231766 -0.156465 0.738914 0.508723 0.735697 0.338251 1.000000 0.098914 0.363855 -0.346010 -0.376470 0.345407 0.582987 -0.011720 0.008948 0.090792 -0.008447 0.066043 -0.188742 -0.152968 -0.084679 -0.188365 -0.279321 -0.003841 0.017959 -0.033756 0.096418 -0.126080 -0.035697 -0.114830 -0.100192 0.279842 -0.031038 -0.131993 0.117888 -0.120406 -0.152686 -0.110414 -0.091322 -0.327456 -0.574456 -0.290480 -0.262470 -0.180006 -0.092750 0.354538 0.133646 -0.146791 0.147587 -0.037247 -0.194499 -0.214903 0.325972 -0.194047 0.006871 0.002546 0.149061 -0.004527 -0.100048 0.111438 -0.020141 -0.062687 -0.007890 -0.021489 -0.033478 0.414091 0.122964 -0.056991 -0.148257 0.115383 -0.224392 -0.164818 0.197003 0.282021 0.240064 -0.223120 -0.144034 -0.108891 -0.185111 -0.205202 -0.099999 -0.048329 -0.004419 0.177236 0.072978 0.140902 0.010761 0.186802 -0.115147 0.062285 -0.013929 -0.149488 0.063573 -0.039793 0.239928 0.035638 -0.230533
0.056706 -0.186221 -0.183116 -0.006025 0.147342 0.790968 -0.046327 -0.198346 -0.001860 0.304530 -0.063770 -0.099871 -0.044147 0.096030 0.116210 0.083669 -0.306185 -0.225246 -0.076787 -0.174425 0.069779 0.262714 0.122671 0.055729 0.253680 0.098914 1.000000 0.745101 -0.266392 -0.044613 -0.074805 -0.279048 -0.239536 -0.331898 -0.141363 -0.364452 0.603468 0.296914 0.513875 0.255995 0.017846 0.059186 0.030706 -0.022905 -0.158257 -0.000018 0.320407 0.084756 -0.106974 -0.010828 0.003996 -0.020820 0.366033 0.639770 0.615398 0.518178 0.003910 0.085847 0.114445 0.000786 -0.247633 -0.119838 -0.110661 -0.358250 0.006267 -0.022418 -0.176717 -0.294265 -0.145633 -0.230285 -0.181334 -0.030928 -0.018435 -0.093662 0.019783 -0.020338 -0.181652 -0.329402 -0.293725 -0.405720 -0.189566 -0.133563 -0.018328 -0.069324 0.125507 0.347161 0.350524 0.318044 0.327208 0.366929 -0.167456 -0.192318 -0.007350 -0.028578 -0.139405 -0.204897 -0.113400 -0.172620 -0.020932 -0.027053 0.162609 -0.210406 0.145435 -0.067072 -0.032526 -0.131819 -0.024869 -0.133387 -0.105237 -0.281986 -0.174060 0.080201 -0.164802 -0.011912 -0.149451 0.016131
0.054110 -0.154164 -0.268995 0.087578 -0.337197 0.836224 -0.259093 -0.358621 -0.361811 0.059291 -0.139173 -0.159632 -0.331473 -0.112409 0.099101 -0.083334 -0.226545 -0.093146 -0.028776 -0.042923 -0.149214 0.458594 0.289718 0.333567 0.049816 0.363855 0.745101 1.000000 -0.301412 -0.065751 -0.073962 -0.077509 -0.286915 -0.387203 -0.011605 -0.473364 0.570493 0.235025 0.442051 0.199881 -0.132397 -0.085080 0.084680 0.037983 -0.136150 0.004979 0.361178 0.193520 -0.142843 0.028727 0.034025 0.003935 0.338865 0.706695 0.658972 0.482120 0.013910 0.117336 -0.277009 -0.201746 -0.542924 -0.350599 -0.046998 -0.244206 -0.157573 -0.127777 -0.291894 -0.321012 -0.158780 -0.296241 -0.362239 0.038673 -0.120975 -0.027186 -0.042212 -0.045472 -0.133748 -0.285305 -0.171660 -0.298867 0.083526 0.054729 0.128133 0.008072 0.390674 0.426490 0.326813 0.174750 0.242820 0.207892 -0.162850 -0.148105 -0.048471 0.037786 -0.129800 -0.288144 -0.025741 -0.149348 0.081169 0.062108 0.148432 -0.055574 0.158174 0.043979 0.051197 -0.054456 0.053762 -0.042730 -0.012035 -0.257075 -0.081081 0.213892 -0.262097 0.020782 -0.157574 -0.045694
0.209405 0.026551 -0.048412 -0.406934 0.137458 -0.448209 0.308338 0.125596 0.208037 0.099441 0.581514 0.170500 0.496122 0.068607 0.300519 0.196187 0.557225 0.440326 0.028316 0.043193 0.069202 -0.289280 -0.293184 -0.429530 -0.118547 -0.346010 -0.266392 -0.301412 1.000000 0.661765 0.275703 0.050179 -0.146308 0.124718 -0.111501 -0.005563 -0.020475 0.058275 -0.002313 -0.097403 0.369856 0.181579 -0.134730 -0.093023 -0.099024 -0.166269 -0.060881 -0.230684 -0.167195 -0.169595 -0.211291 -0.070831 -0.140601 -0.137379 -0.254026 -0.131689 0.010567 -0.056872 -0.118003 0.047829 0.259918 0.090803 0.350081 0.349200 -0.077997 -0.185504 -0.200863 -0.273231 -0.087618 -0.182044 0.448811 0.026285 0.713450 0.321307 0.445362 0.256355 0.446276 0.274397 0.297509 0.309661 0.306126 0.333300 0.013589 0.384693 0.044050 -0.260004 -0.031309 -0.159953 -0.467366 -0.342702 -0.036722 -0.105176 -0.410035 -0.261693 -0.088569 0.052549 0.148858 0.018265 -0.020123 -0.001249 -0.201981 -0.070889 -0.273403 -0.298225 -0.337903 -0.380322 -0.302943 -0.198882 -0.064142 0.032523 -0.093535 0.049019 -0.184348 -0.117234 -0.010068 -0.039902
-0.006800 -0.029872 -0.194439 -0.241652 0.169509 -0.227807 0.168242 0.332573 0.192213 0.319788 0.174458 0.255425 0.260460 0.301280 0.160578 0.382940 0.281092 0.471494 -0.090184 0.014993 -0.003826 -0.192126 -0.471049 -0.496072 -0.212076 -0.376470 -0.044613 -0.065751 0.661765 1.000000 0.217982 0.018479 -0.081729 0.132803 -0.177186 -0.234660 0.155673 0.341053 0.173471 0.021964 0.216418 0.216846 -0.127330 -0.093717 -0.178158 -0.187904 0.050398 -0.174736 -0.238560 -0.118302 -0.340627 -0.149158 -0.055230 -0.002139 -0.000510 -0.009333 -0.130969 -0.030241 -0.183133 0.118251 0.239381 0.271082 0.196692 0.196959 -0.080707 0.033118 -0.312853 -0.374759 -0.122181 -0.200262 0.310918 0.080247 0.569644 0.531951 0.396352 0.191576 0.463014 0.404083 0.259630 0.337359 0.339828 0.424442 0.036379 0.423220 -0.046813 0.036273 -0.030927 0.073672 -0.297175 -0.174778 -0.079989 -0.351206 -0.285760 -0.408468 -0.141006 -0.122575 0.122117 -0.100824 -0.084504 -0.101034 -0.079454 -0.151481 -0.271980 -0.449182 -0.358670 -0.303181 -0.262602 -0.137934 -0.175174 -0.196083 -0.098140 0.055691 -0.279723 -0.251551 -0.152507 -0.024314
-0.147450 -0.290118 0.096227 0.078958 0.065104 -0.142606 -0.065447 0.069516 0.243973 0.245095 0.203169 0.194576 0.121376 0.000206 0.115373 0.264446 0.069030 -0.004995 -0.066764 -0.295362 0.067290 0.232800 0.086812 0.176155 0.175888 0.345407 -0.074805 -0.073962 0.275703 0.217982 1.000000 0.603938 0.023406 0.162018 -0.130519 -0.056300 -0.046747 0.061800 -0.104115 -0.129652 0.076457 -0.088907 -0.102655 -0.044630 -0.132573 -0.104436 -0.141480 -0.206536 -0.244861 -0.214333 0.027656 -0.087086 -0.225564 0.000977 -0.406069 -0.137389 -0.193192 -0.218975 -0.345955 -0.410268 0.058733 0.072737 -0.043047 0.013329 0.361072 0.094798 -0.311001 -0.045351 -0.036298 -0.186035 0.371334 0.288663 0.297078 0.167046 0.305644 0.172626 0.348710 0.230068 0.214488 0.147335 0.048211 0.185640 -0.144143 0.280635 0.228749 0.040665 -0.021362 -0.045457 -0.353255 -0.178073 -0.112542 0.055572 0.141231 -0.099745 -0.265745 -0.107743 -0.076919 -0.245190 -0.245828 -0.117268 -0.200125 -0.170409 -0.083463 -0.261592 -0.173226 -0.230202 -0.129542 -0.266298 -0.086229 -0.083796 -0.201976 -0.021582 -0.121613 0.084798 0.063305 -0.188922
-0.470814 -0.334470 0.229875 0.246093 -0.109008 -0.099122 -0.062286 0.191518 -0.000873 0.075427 -0.106728 0.162517 -0.116797 -0.068326 -0.020229 0.036791 -0.033594 0.068490 -0.127761 -0.269414 -0.220674 0.363727 0.254026 0.412134 -0.041121 0.582987 -0.279048 -0.077509 0.050179 0.018479 0.603938 1.000000 0.233237 0.371860 0.122493 0.202151 -0.274477 -0.298556 -0.255425 -0.178849 -0.096545 -0.172610 -0.098087 -0.040901 0.101055 0.148375 -0.290348 -0.187822 -0.078532 -0.071864 -0.060342 -0.130777 -0.403022 -0.214845 -0.425296 -0.374641 -0.467287 -0.343741 -0.376687 -0.390321 -0.002431 -0.012087 -0.215595 0.008778 0.382267 0.184804 0.006576 0.303092 -0.098671 -0.022001 0.047598 0.422237 -0.030889 0.135173 0.061441 0.239475 0.213733 0.277891 0.436196 0.267944 0.177471 0.161441 0.038353 0.343815 0.177729 -0.157643 -0.072896 -0.175887 -0.141387 -0.328219 -0.057322 0.203049 0.197363 0.163715 -0.314623 -0.064848 -0.065808 -0.345060 -0.194549 -0.264195 -0.164784 0.023446 -0.023257 -0.151089 -0.001935 -0.120853 -0.055095 -0.165355 -0.059514 -0.076121 -0.162807 -0.075400 -0.025365 0.095947 -0.038720 -0.245733
-0.458619 0.033673 0.453221 0.051181 0.219779 -0.139131 0.236252 0.213012 0.151266 -0.062779 -0.391749 -0.165396 0.034377 -0.124878 -0.006044 0.028555 -0.104093 -0.085863 0.171247 -0.020908 -0.058879 -0.054054 0.066003 -0.070273 -0.028851 -0.011720 -0.239536 -0.286915 -0.146308 -0.081729 0.023406 0.233237 1.000000 0.716292 0.220987 0.251715 -0.353078 -0.187822 -0.155212 0.018814 -0.094474 0.114905 0.015872 0.026054 0.273160 0.256387 -0.164703 -0.118556 0.254185 0.144798 -0.005466 0.003827 -0.203203 -0.280210 -0.271240 -0.191482 -0.295330 -0.017626 0.089939 0.046797 0.248186 0.200706 -0.156544 -0.052739 0.214928 0.147367 0.496014 0.428053 0.165204 0.281693 -0.096698 -0.150285 -0.240997 -0.056948 -0.262975 -0.035080 -0.046086 -0.005157 0.188972 0.201707 0.108176 -0.036241 -0.014867 0.026588 -0.387401 -0.290156 -0.175295 -0.177970 -0.077062 -0.036385 -0.106527 0.080043 -0.061722 0.069307 0.158011 0.078887 -0.056816 0.000248 -0.111885 -0.097708 -0.170990 -0.116436 -0.076699 -0.116180 -0.044023 -0.119040 0.023986 0.073980 0.001878 -0.060188 -0.020676 -0.211617 0.006406 -0.140069 0.121049 0.095469
-0.383211 0.041299 0.366348 0.082132 0.118127 -0.311941 0.254603 0.285572 0.095895 -0.024487 -0.137017 -0.094810 0.122686 -0.020518 0.062722 0.164424 0.165488 0.186518 0.067486 0.037195 -0.146171 -0.028974 0.045074 -0.072600 -0.105665 0.008948 -0.331898 -0.387203 0.124718 0.132803 0.162018 0.371860 0.716292 1.000000 0.141063 0.428935 -0.484022 -0.264121 -0.147598 0.005565 -0.023595 0.093040 -0.205126 -0.106320 0.122010 0.145710 -0.399169 -0.212570 0.023198 -0.029739 -0.118281 -0.216481 -0.432838 -0.458314 -0.409518 -0.431951 -0.313043 0.053486 -0.070220 0.006910 0.336149 0.326657 -0.079610 0.123997 0.311164 0.276922 0.247214 0.342299 0.071737 0.239442 -0.023064 -0.024851 -0.055070 0.025177 -0.126295 0.054952 0.079947 0.116937 0.350693 0.388632 0.217666 0.060217 -0.004226 0.115839 -0.219866 -0.461744 -0.148944 -0.228093 -0.048835 -0.236927 -0.086276 0.078997 -0.070623 0.000621 0.092574 -0.008743 -0.020172 0.004911 -0.259656 -0.199322 -0.192654 -0.121208 -0.144741 -0.168328 -0.092854 -0.067026 -0.080297 0.077561 -0.023496 -0.023412 -0.048425 -0.088695 0.019101 -0.150826 0.056903 0.087324
-0.386573 -0.189183 0.169786 0.029725 -0.051030 -0.020755 -0.128761 -0.115210 -0.099180 -0.176699 -0.252128 -0.289478 -0.262440 -0.205719 0.012634 -0.197214 -0.119648 -0.040492 -0.124746 -0.229307 -0.093847 -0.091475 0.238862 0.165362 -0.009537 0.090792 -0.141363 -0.011605 -0.111501 -0.177186 -0.130519 0.122493 0.220987 0.141063 1.000000 0.374224 -0.165302 -0.073636 -0.139225 0.067547 -0.101204 -0.326595 0.180211 0.159389 0.358366 0.285274 0.101840 0.180060 0.295771 0.266696 0.250107 0.228811 -0.101447 -0.161705 0.003166 -0.122082 -0.258986 -0.107894 -0.054676 -0.111293 -0.081164 -0.052643 -0.055611 -0.107081 0.228115 0.208247 0.434889 0.517038 0.156061 0.018378 -0.338998 -0.165881 -0.255369 -0.199046 -0.361551 -0.179428 -0.009798 -0.088388 0.071069 -0.005813 0.021363 -0.157663 0.022415 -0.187678 0.038650 -0.182019 0.024998 -0.068364 -0.041643 -0.215423 -0.141512 0.131585 -0.069637 0.163089 0.081344 0.180777 0.262157 -0.003937 -0.016019 -0.061697 -0.193246 -0.047967 -0.172302 -0.035582 0.017154 0.024735 0.005978 -0.048201 0.136173 0.085321 0.347455 -0.058648 0.110017 -0.006587 0.152097 -0.111593
-0.263822 -0.119995 0.448205 0.132530 0.189997 -0.294334 0.252650 0.281313 0.042909 -0.044763 -0.074303 -0.205792 0.045023 -0.117803 -0.183336 0.080318 -0.111264 -0.161307 0.138329 -0.128038 -0.095041 -0.246411 0.039096 -0.117127 -0.038609 -0.008447 -0.364452 -0.473364 -0.005563 -0.234660 -0.056300 0.202151 0.251715 0.428935 0.374224 1.000000 -0.527172 -0.407288 -0.346721 -0.110057 -0.033369 -0.097937 0.004774 0.056680 0.280984 0.255885 -0.228976 0.024140 0.226191 0.041752 -0.030194 0.001250 -0.162862 -0.411733 -0.340951 -0.363286 -0.218445 -0.214708 0.296545 0.281880 0.287183 0.245339 -0.202541 -0.085363 0.166938 0.109481 0.469383 0.565282 -0.029910 0.237858 -0.021523 -0.022246 -0.275373 -0.175795 -0.290707 -0.009965 -0.143704 0.050145 0.116225 -0.102550 -0.152473 -0.386853 -0.067434 -0.117528 -0.324754 -0.650772 -0.213296 -0.197127 -0.071513 -0.240502 0.166770 0.433741 0.012063 0.307811 0.040467 0.156705 0.058023 0.090094 0.072829 -0.004095 0.004190 0.110423 0.078656 0.141072 0.118101 0.121792 0.072235 0.141311 0.075215 0.128701 0.163292 -0.080747 0.341030 0.169675 0.161509 -0.039416
