1.000000 0.420878 -0.182390 -0.383134 -0.196526 -0.564598 -0.120296 -0.465519 -0.139832 -0.406083 -0.010012 -0.104128 0.004809 -0.020194 0.010899 -0.057195 0.615105 0.283156 0.212786 0.124996 0.036810 -0.126070 -0.214459 -0.320647 -0.397572 -0.502986 -0.325491 -0.365770 0.439064 -0.002127 -0.376224 -0.497523 0.228611 -0.194203 -0.356076 -0.542819 0.323649 0.065577 0.236066 0.018425 0.149124 0.179676 -0.304120 -0.469219 -0.259141 -0.570299 -0.190398 -0.265280 0.285597 -0.075808 -0.121353 -0.106686 0.319780 -0.060730 0.212310 -0.158418 0.535758 0.215545 0.540529 0.460626 0.487782 0.352509 0.606913 0.585260 -0.314851 -0.233459 0.456153 -0.277164 0.097244 0.300312 -0.012324 -0.298669 0.339334 -0.071327 0.266055 -0.051509 0.320027 -0.141717 0.164307 0.206290 0.439122 0.388706 0.196195 0.004299 0.324927 0.142690 -0.004368 -0.112745 -0.303906 -0.202810 0.322344 0.097659 0.097572 0.202274 0.022931 -0.158617 -0.018575 -0.089057 0.175572 -0.054649 0.298522 0.062514 0.269807 -0.007792 0.105566 -0.015163 -0.151976 0.000211 0.089918 0.270634 -0.060655 -0.294644 0.095278 0.119567 0.172324 0.114057
0.420878 1.000000 -0.222805 0.087077 -0.164619 -0.420924 -0.174927 -0.125149 -0.203449 -0.325137 0.096222 0.002251 -0.043877 0.088400 -0.091937 0.060455 0.434916 0.418320 0.002415 0.344278 -0.021202 -0.036375 -0.184578 -0.124136 -0.326459 -0.406223 -0.250673 -0.291278 0.237832 0.234930 -0.425764 -0.463318 0.169879 0.049997 -0.179071 -0.405704 0.178705 0.242242 0.145064 0.311423 0.064901 0.225699 -0.214773 -0.346692 -0.286658 -0.386412 -0.184529 -0.323483 0.116000 -0.081538 -0.097543 -0.033177 0.300098 0.002964 0.017988 -0.020312 0.315255 0.448436 0.115739 0.106791 0.104791 0.260210 0.292495 0.395217 -0.170814 -0.000446 0.109002 -0.366808 0.312009 -0.011472 -0.056805 -0.226097 0.290153 0.185131 0.284968 0.041029 0.241660 -0.121305 0.097937 0.286331 0.337820 0.311214 0.065768 0.159793 0.066636 0.282607 -0.016507 0.075413 -0.257640 0.141549 0.268439 0.260795 0.227990 0.065188 -0.146034 0.210534 -0.303478 -0.037172 0.023310 0.061048 0.247157 0.036325 0.113011 0.034691 -0.218606 -0.014120 -0.171846 -0.119233 0.087285 0.018918 -0.222921 -0.266996 0.111732 0.095912 -0.073393 -0.156791
-0.182390 -0.222805 1.000000 0.230528 0.538007 0.288643 0.497909 -0.009360 0.459186 0.229893 0.412568 0.066516 0.353441 -0.122232 0.452979 -0.259755 -0.185375 -0.245386 0.311223 -0.344689 0.190275 0.021945 0.817484 0.572971 0.408886 0.381565 0.402010 0.386782 -0.198953 -0.510287 0.295867 0.237678 -0.339815 -0.210915 0.307661 0.109824 -0.282632 -0.264088 -0.275566 -0.212347 -0.011701 -0.060317 -0.089567 -0.004340 -0.168041 0.000646 -0.136481 0.011261 -0.000974 -0.302698 0.384066 -0.078474 -0.229673 -0.145007 -0.159745 -0.131250 -0.291886 0.114612 -0.278815 -0.337082 -0.161539 -0.205046 -0.456426 -0.231197 0.627361 -0.166868 -0.226119 -0.055500 0.105306 -0.185186 0.078746 0.148922 -0.386542 -0.123745 0.012909 -0.027572 -0.004050 -0.183944 -0.083184 -0.114137 -0.585695 -0.350794 -0.012543 -0.517079 -0.026276 -0.513425 0.343571 -0.063119 0.627718 -0.106614 0.017141 0.023925 -0.143255 0.107179 0.209812 -0.235190 0.096632 -0.146143 -0.059354 0.075730 -0.052543 0.234819 -0.099341 0.123979 0.268340 0.129692 -0.048887 0.100030 -0.271163 -0.005447 0.107298 0.192449 -0.062094 0.148649 0.250506 -0.073674
-0.383134 0.087077 0.230528 1.000000 0.120315 0.207805 0.274991 0.570127 0.145521 0.427453 0.250486 0.350865 0.246305 0.285966 0.043759 0.340101 -0.133160 -0.091643 -0.178514 -0.182102 -0.212142 -0.056788 0.164057 0.358060 -0.066149 0.112383 0.079927 0.110398 -0.356117 -0.116990 -0.155536 0.036259 -0.087228 0.173962 0.101814 0.185515 -0.345937 -0.103940 -0.289183 0.104524 -0.156728 -0.017142 -0.246809 0.023435 -0.039514 0.118825 -0.294873 -0.175330 -0.015013 -0.152593 0.190454 -0.292998 -0.023023 -0.407034 -0.056056 -0.227816 -0.317262 -0.144418 -0.231567 -0.223724 -0.091460 -0.012608 -0.180195 -0.259501 0.318978 0.297545 -0.210686 0.292405 -0.068583 -0.059016 -0.052275 0.003162 -0.277739 -0.136507 -0.221094 -0.012038 -0.166794 -0.082856 -0.074225 -0.234892 -0.218529 -0.462979 -0.352951 -0.077849 -0.269787 0.008379 0.137651 0.288113 0.220601 0.468399 -0.064408 -0.213359 -0.200477 -0.210816 0.032037 0.117200 -0.204949 -0.000027 -0.057820 -0.061054 -0.138630 0.025654 -0.058179 -0.027693 -0.070920 -0.072336 -0.055701 0.053671 -0.113615 -0.242983 -0.011147 -0.189509 -0.093151 -0.004655 -0.123018 -0.192819
-0.196526 -0.164619 0.538007 0.120315 1.000000 0.543767 0.020776 -0.076129 0.498748 0.381757 0.291614 0.198494 0.214413 -0.019264 0.311430 -0.150388 -0.180537 -0.123973 -0.084926 -0.312961 0.397105 0.266855 0.511345 0.186672 0.495242 0.493638 0.675820 0.576846 -0.301980 -0.200532 0.250106 0.218720 -0.421948 -0.185606 0.174850 0.292793 -0.169922 -0.000997 -0.075398 -0.108980 -0.090932 -0.074925 0.145462 0.180623 -0.169687 -0.055823 0.145543 0.282019 0.004454 -0.403179 0.338975 -0.092504 -0.283827 0.088760 -0.192897 -0.127699 -0.097817 0.101385 -0.210273 -0.247571 -0.261815 -0.123952 -0.394815 -0.115731 0.046289 -0.209183 -0.429194 -0.151277 0.019171 -0.283867 0.303591 0.254824 -0.342881 0.058044 0.048661 0.171855 0.056433 0.182618 -0.035562 -0.029872 -0.380217 -0.185966 -0.369261 -0.465521 -0.217786 -0.365756 -0.094541 -0.308745 0.291882 -0.161926 -0.080091 -0.068538 -0.002951 0.218958 0.112701 -0.117167 0.192015 0.129343 -0.045839 -0.051380 0.005255 0.259266 0.109604 0.338239 0.180180 0.268492 -0.055246 -0.058582 -0.184869 0.003248 0.326946 0.337787 0.017963 0.116620 0.173655 -0.053815
-0.564598 -0.420924 0.288643 0.207805 0.543767 1.000000 0.052097 0.313988 0.241161 0.512626 -0.113204 -0.047767 -0.151500 -0.184751 -0.048975 -0.132073 -0.479090 -0.402298 -0.219047 -0.186337 0.181188 0.339295 0.315213 0.249580 0.668197 0.791794 0.728466 0.734256 -0.468632 -0.158486 0.478834 0.603848 -0.390216 0.040289 0.368906 0.565228 -0.398986 -0.113072 -0.237392 -0.148495 -0.237880 -0.148859 0.209035 0.408153 -0.018764 0.374478 0.192880 0.293995 -0.353637 -0.246065 0.314205 -0.163931 -0.416028 0.011296 -0.248224 -0.106177 -0.278572 -0.104811 -0.425403 -0.383332 -0.462837 -0.292314 -0.527424 -0.380851 0.172172 -0.051771 -0.537298 0.136343 -0.144951 -0.286663 0.175202 0.401099 -0.440208 0.043341 -0.134947 0.068139 -0.252872 0.263634 -0.167767 -0.205117 -0.451503 -0.376531 -0.274731 -0.206284 -0.214548 -0.211535 -0.070651 -0.067924 0.358538 0.038156 -0.299550 -0.074400 -0.018145 0.000798 0.097416 -0.096698 0.062746 0.158108 -0.228844 -0.048003 -0.145955 -0.005833 -0.157579 0.072435 0.107347 0.223380 0.099928 0.055818 -0.181709 -0.168218 0.270670 0.344862 -0.095928 -0.030756 0.013247 -0.099646
-0.120296 -0.174927 0.497909 0.274991 0.020776 0.052097 1.000000 0.505272 0.348657 0.215257 0.191024 0.037499 0.386771 0.156666 -0.027372 -0.052560 -0.007624 -0.143393 0.035992 -0.126993 0.030430 -0.037351 0.133898 0.180763 0.061628 0.110821 -0.096339 -0.096041 -0.089024 -0.285051 0.187911 0.202580 0.029487 0.132101 0.094755 0.028545 -0.368355 -0.320215 -0.352993 -0.227742 -0.146979 -0.077150 -0.211161 -0.207618 -0.018203 0.031950 -0.392131 -0.246610 -0.009129 0.000102 0.054489 -0.140657 0.106530 -0.286642 -0.084673 -0.256682 -0.331934 -0.192859 -0.008155 -0.076069 0.187793 0.046966 -0.078663 -0.157051 0.495943 0.220164 0.090254 0.309791 -0.147687 0.140240 0.051471 0.123787 -0.199091 -0.199258 -0.194546 -0.127389 -0.172932 -0.160095 -0.236538 -0.129095 -0.308075 -0.419815 -0.108161 -0.133529 -0.122620 -0.198483 0.022200 0.108127 0.068127 0.005729 -0.091313 -0.133010 -0.234589 -0.118264 0.023833 -0.175164 -0.253521 -0.238866 -0.176258 -0.165311 -0.055568 0.127221 -0.103806 -0.166497 -0.048420 -0.102075 -0.061713 0.092036 -0.248444 0.046805 -0.037717 -0.184589 -0.255030 -0.115841 0.105663 -0.052802
-0.465519 -0.125149 -0.009360 0.570127 -0.076129 0.313988 0.505272 1.000000 0.221632 0.572021 0.017761 0.248603 0.123961 0.420542 -0.170390 0.298641 -0.212262 -0.177219 -0.317465 -0.067603 -0.205702 0.000103 -0.209014 0.017845 -0.002190 0.263889 -0.055732 0.006340 -0.318069 0.060861 0.132005 0.353312 0.063844 0.436871 0.123388 0.355034 -0.410139 -0.218053 -0.407558 -0.049210 -0.276690 -0.048861 -0.083482 0.074993 0.165576 0.301429 -0.284984 -0.171546 -0.226777 0.042116 -0.044661 -0.167588 -0.065097 -0.293944 -0.180970 -0.199437 -0.346814 -0.330053 -0.189317 -0.236322 -0.073392 0.019028 -0.210680 -0.334496 0.291586 0.565342 -0.175715 0.384395 -0.323242 -0.052027 -0.011186 0.222749 -0.228108 -0.052391 -0.349635 -0.082250 -0.342265 0.038134 -0.229965 -0.197073 -0.163835 -0.473070 -0.292836 0.115111 -0.225450 -0.003433 -0.120406 0.245210 0.037544 0.302500 -0.270694 -0.230854 -0.219433 -0.202675 -0.077757 0.031551 -0.395181 -0.100733 -0.291386 -0.132949 -0.128691 -0.018337 -0.132156 -0.128201 -0.246572 -0.058130 -0.061412 0.085618 -0.178272 -0.324392 -0.155955 -0.231299 -0.293473 -0.246258 -0.166371 -0.119385
-0.139832 -0.203449 0.459186 0.145521 0.498748 0.241161 0.348657 0.221632 1.000000 0.647113 0.508876 0.489176 0.620148 0.428890 0.500148 0.114979 0.034375 0.059994 -0.218416 -0.485317 0.207926 0.041909 0.225771 -0.044147 0.108256 0.180861 0.102423 0.004378 -0.255497 -0.146703 0.062745 0.057206 -0.470434 -0.291204 -0.067501 0.173215 -0.160391 -0.146975 -0.131704 -0.223914 -0.072224 -0.055591 -0.156363 -0.174964 0.018179 -0.130449 -0.312189 -0.162347 0.222509 -0.229301 0.181209 -0.091263 -0.007728 -0.247858 -0.039869 -0.339253 -0.243692 -0.146071 0.213988 0.014238 0.222161 0.220442 -0.180234 -0.042664 0.236319 0.246899 -0.090870 0.065173 -0.126808 0.067191 0.219027 0.206202 -0.204330 0.013831 0.013162 0.041878 0.126875 0.097566 -0.036945 -0.022470 -0.336340 -0.246864 -0.369862 -0.440463 -0.215043 -0.391748 -0.139279 -0.218386 0.178139 -0.212073 0.132182 -0.075651 -0.158066 0.084705 0.081245 -0.129707 -0.050212 0.048378 -0.174853 -0.205049 -0.009186 0.189183 -0.037336 0.154662 0.156353 0.157055 0.010415 0.134759 -0.202865 0.028798 0.165568 -0.100187 -0.095746 0.119328 0.191463 -0.101020
-0.406083 -0.325137 0.229893 0.427453 0.381757 0.512626 0.215257 0.572021 0.647113 1.000000 0.247768 0.529302 0.319017 0.462273 0.325873 0.394946 -0.205298 -0.090306 -0.379192 -0.499776 0.047075 0.137342 0.064122 -0.023144 0.179045 0.379626 0.229619 0.202043 -0.458588 -0.014587 0.057068 0.244479 -0.383613 0.016034 0.083628 0.451483 -0.300798 -0.105221 -0.280031 -0.158474 -0.140820 0.006689 -0.049287 0.118229 0.071003 0.177893 -0.186941 -0.031514 -0.022005 -0.158237 0.164952 -0.156042 -0.168817 -0.254800 -0.141717 -0.290499 -0.329348 -0.268013 -0.047774 -0.167026 -0.058437 0.046238 -0.356277 -0.293046 0.225229 0.453299 -0.294967 0.276724 -0.274238 -0.055155 0.194561 0.260689 -0.307342 0.037854 -0.130950 0.037554 -0.026286 0.246926 -0.104855 -0.182980 -0.292313 -0.401779 -0.458024 -0.285715 -0.276057 -0.255978 -0.114708 -0.039279 0.261690 0.078133 -0.141881 -0.237084 -0.201323 -0.067164 0.013168 0.004283 -0.165050 0.051881 -0.271745 -0.187272 -0.239668 0.061931 -0.113659 0.093737 -0.032899 0.079074 0.092928 0.121814 -0.145193 -0.235030 0.105908 -0.080185 -0.247896 -0.036955 -0.082446 -0.130661
-0.010012 0.096222 0.412568 0.250486 0.291614 -0.113204 0.191024 0.017761 0.508876 0.247768 1.000000 0.616111 0.829686 0.525636 0.596847 0.222790 0.170657 0.201024 -0.053149 -0.474093 -0.060872 -0.275252 0.306172 0.093013 -0.254149 -0.158193 -0.067620 -0.127040 -0.067784 -0.138253 -0.161474 -0.170488 -0.308217 -0.235053 -0.127460 -0.128026 -0.048497 -0.133296 -0.128044 -0.124242 -0.027821 -0.058889 -0.306072 -0.326444 -0.083448 -0.257668 -0.332332 -0.230207 0.226839 -0.204719 0.169263 -0.090539 0.100509 -0.215901 0.044389 -0.245380 -0.243719 -0.047616 0.165405 -0.006775 0.296245 0.217735 0.021857 0.047560 0.306036 0.200448 -0.025547 -0.115435 -0.002932 -0.017252 0.000935 0.016873 -0.144112 -0.108495 -0.001713 0.024637 0.154742 -0.143882 0.035207 -0.041045 -0.170997 -0.141459 -0.198636 -0.312808 -0.095290 -0.182337 0.037522 -0.137156 0.213496 -0.005509 0.218215 -0.096755 -0.199554 0.034601 0.049794 -0.068020 0.025687 -0.022384 -0.044464 -0.116951 0.064106 0.105341 0.011120 0.180329 0.109535 0.034889 -0.018958 0.076646 -0.198182 0.082646 -0.038909 -0.200006 0.081177 0.211475 0.174149 -0.009382
-0.104128 0.002251 0.066516 0.350865 0.198494 -0.047767 0.037499 0.248603 0.489176 0.529302 0.616111 1.000000 0.656343 0.814976 0.427423 0.567907 0.053068 0.262353 -0.199373 -0.476647 -0.111589 -0.193584 -0.001800 -0.103557 -0.343304 -0.164323 -0.119072 -0.158459 -0.160427 0.055102 -0.256043 -0.145013 -0.278406 -0.071556 -0.192468 0.076627 -0.047034 -0.099844 -0.103559 -0.091325 -0.001473 0.018464 -0.220411 -0.122370 0.007798 -0.119261 -0.236694 -0.102183 0.276289 -0.114525 -0.028293 -0.006956 0.067121 -0.275507 -0.035505 -0.185083 -0.260504 -0.356466 0.214880 -0.000058 0.296192 0.275152 -0.089608 -0.084194 -0.017444 0.496303 -0.162354 0.095452 -0.178274 -0.044817 0.059124 0.037096 -0.087893 -0.067511 0.003540 0.093811 0.124161 0.073362 -0.042617 -0.143805 -0.166481 -0.268195 -0.398527 -0.295137 -0.270276 -0.220296 -0.142177 -0.134748 0.061326 0.039962 0.186699 -0.174580 -0.228627 -0.030615 -0.075628 0.008484 0.021901 0.153280 0.026353 -0.153528 -0.048756 0.001827 0.048563 0.116430 0.003528 0.051130 0.015702 0.198850 -0.192330 -0.035844 0.051470 -0.311795 -0.144549 0.088810 -0.038536 -0.010163
0.004809 -0.043877 0.353441 0.246305 0.214413 -0.151500 0.386771 0.123961 0.620148 0.319017 0.829686 0.656343 1.000000 0.661383 0.510497 0.246410 0.187813 0.291325 -0.128219 -0.566842 0.024126 -0.218092 0.159413 -0.051847 -0.370632 -0.250440 -0.206899 -0.283776 -0.040223 -0.200470 -0.254086 -0.248418 -0.349377 -0.289245 -0.215887 -0.172174 -0.101201 -0.192281 -0.096861 -0.195093 -0.022224 -0.057573 -0.444061 -0.422514 -0.096657 -0.277474 -0.459272 -0.318991 0.253164 -0.191547 0.104192 -0.172631 0.277854 -0.303569 0.144923 -0.319902 -0.227776 -0.165891 0.297585 0.123415 0.517827 0.374830 0.091803 0.080669 0.249021 0.289715 0.069652 0.087463 -0.008468 0.186764 0.118573 0.055087 -0.073448 -0.099522 0.008394 0.061897 0.167812 -0.119658 0.032096 0.049268 -0.175269 -0.180787 -0.322114 -0.377631 -0.130927 -0.188312 -0.094627 -0.268758 0.062354 -0.084949 0.223986 -0.193597 -0.257122 -0.018294 0.052436 -0.160413 0.066692 0.025440 -0.022521 -0.195098 0.020949 0.086846 0.104702 0.131532 0.200971 -0.011208 0.090162 0.196727 -0.251709 0.153981 0.017295 -0.315493 0.056450 0.185887 0.222450 0.035672
-0.020194 0.088400 -0.122232 0.285966 -0.019264 -0.184751 0.156666 0.420542 0.428890 0.462273 0.525636 0.814976 0.661383 1.000000 0.254139 0.527737 0.227864 0.391441 -0.355338 -0.420401 -0.173159 -0.183577 -0.248918 -0.319457 -0.521074 -0.286327 -0.327326 -0.328835 -0.070720 0.154282 -0.346878 -0.226494 -0.134071 -0.011477 -0.331141 -0.087309 -0.029530 -0.024865 -0.078269 -0.022632 -0.051953 0.077008 -0.332611 -0.268166 -0.015556 -0.203059 -0.364423 -0.238713 0.178476 -0.071557 -0.150494 -0.099016 0.265210 -0.256498 -0.006068 -0.197014 -0.157245 -0.259968 0.262098 0.117289 0.425057 0.461930 0.102076 0.054967 -0.036771 0.613724 0.038230 0.087851 -0.096602 0.096827 0.062381 0.067830 0.038468 0.011902 0.012302 0.073216 0.146702 0.069010 0.049344 0.062334 0.046852 -0.165712 -0.378215 -0.168152 -0.165404 -0.044273 -0.286743 -0.177763 -0.138605 0.022515 0.084324 -0.215768 -0.262873 -0.067427 -0.092448 0.073375 -0.122927 0.120753 -0.079005 -0.156882 -0.018221 0.039701 0.090900 0.127560 -0.021342 -0.022425 -0.028510 0.207416 -0.140937 -0.018736 -0.098417 -0.463383 -0.112643 0.013646 0.080199 0.031011
0.010899 -0.091937 0.452979 0.043759 0.311430 -0.048975 -0.027372 -0.170390 0.500148 0.325873 0.596847 0.427423 0.510497 0.254139 1.000000 0.272925 0.004302 0.082719 0.307698 -0.334780 0.036938 -0.124609 0.488348 0.240884 -0.022810 -0.028056 0.073862 0.013125 0.182513 -0.036486 0.053263 -0.028145 -0.229470 -0.279808 -0.006940 -0.053122 0.115811 -0.024178 0.001290 -0.099832 0.244409 0.062270 -0.098599 -0.184562 -0.081485 -0.170727 -0.168255 -0.178619 0.082961 -0.214353 0.129461 0.098117 -0.172909 -0.011745 0.084070 -0.066158 -0.138532 0.048217 0.018960 -0.135916 0.051079 0.041853 -0.253543 -0.079763 0.412921 0.066052 -0.176412 -0.293844 0.124610 -0.136435 0.092269 -0.013123 0.051541 0.061997 0.229035 0.131225 0.287440 -0.047003 0.079230 -0.024598 -0.237680 -0.048917 0.251847 -0.191972 0.187896 -0.261292 0.351115 -0.076665 0.493436 -0.082803 0.044825 0.012783 -0.106275 0.011050 0.053739 -0.035718 -0.013334 -0.196871 -0.253122 -0.081334 -0.036608 -0.040285 -0.073289 0.119051 0.095864 0.005908 -0.050141 0.099075 -0.112908 -0.042009 -0.197469 -0.098354 -0.000969 0.240714 0.098188 0.068656
-0.057195 0.060455 -0.259755 0.340101 -0.150388 -0.132073 -0.052560 0.298641 0.114979 0.394946 0.222790 0.567907 0.246410 0.527737 0.272925 1.000000 0.038509 0.155254 -0.173975 -0.087749 -0.198875 -0.131652 -0.231791 -0.082108 -0.340395 -0.251330 -0.298120 -0.301471 0.029408 0.458459 -0.218112 -0.080251 0.127745 0.208961 -0.227889 0.019200 0.164188 0.198014 0.087389 0.069009 0.135059 0.194079 -0.126461 -0.166276 0.086912 0.008108 -0.194322 -0.194443 0.128201 0.055347 -0.176069 0.017360 0.087203 -0.072896 0.153559 -0.068393 -0.094775 -0.307470 0.126306 -0.098970 0.145555 0.146096 0.068143 -0.150032 -0.057159 0.450801 -0.085369 -0.013246 -0.116245 -0.104417 0.024702 -0.089398 0.189545 0.082095 -0.060010 0.080217 0.153829 0.207310 0.053108 -0.161465 0.202967 -0.058107 -0.079606 0.345353 -0.176123 0.163944 -0.033023 0.193724 -0.113114 0.209292 -0.018534 -0.165438 -0.143445 -0.208400 -0.248507 0.196279 -0.253321 -0.083959 -0.110066 -0.200874 -0.213333 -0.143995 -0.041150 -0.157502 -0.239928 -0.161587 -0.071401 0.004255 -0.015304 0.003238 -0.180799 -0.437907 -0.222732 0.033693 -0.220804 0.141147
0.615105 0.434916 -0.185375 -0.133160 -0.180537 -0.479090 -0.007624 -0.212262 0.034375 -0.205298 0.170657 0.053068 0.187813 0.227864 0.004302 0.038509 1.000000 0.571680 -0.096456 -0.042179 -0.004881 -0.149108 -0.220048 -0.296608 -0.415733 -0.440147 -0.380636 -0.392467 0.445264 0.279698 -0.301579 -0.425633 0.115847 -0.165391 -0.310957 -0.473350 0.208623 0.119289 0.121903 -0.136762 0.155181 0.206503 -0.313207 -0.479036 -0.199885 -0.513229 -0.369243 -0.329215 0.290322 0.005353 0.072460 -0.058734 0.394199 -0.055185 0.066662 -0.256976 0.367208 0.227236 0.462401 0.445064 0.444025 0.470497 0.663581 0.589574 -0.234648 -0.030030 0.428281 -0.251709 0.180287 0.201194 0.102041 -0.066166 0.459324 0.178254 0.292107 0.103034 0.374472 -0.109469 0.280793 0.304566 0.595772 0.462145 0.039129 -0.046551 0.082384 0.145956 -0.175767 -0.226654 -0.452275 -0.314937 0.150398 0.016420 -0.051213 -0.044269 -0.102655 -0.026310 -0.219459 -0.143668 -0.038555 -0.113036 0.081242 0.087140 0.077199 0.002479 -0.059131 -0.175058 -0.056575 -0.153522 -0.046297 0.184296 -0.151609 -0.472400 -0.108408 -0.026363 0.107237 -0.069349
0.283156 0.418320 -0.245386 -0.091643 -0.123973 -0.402298 -0.143393 -0.177219 0.059994 -0.090306 0.201024 0.262353 0.291325 0.391441 0.082719 0.155254 0.571680 1.000000 -0.102253 -0.080176 0.200798 0.090239 -0.220939 -0.258771 -0.389235 -0.440377 -0.327432 -0.352722 0.388403 0.392694 -0.402174 -0.500412 -0.092143 -0.254752 -0.365041 -0.475870 0.159126 0.183371 0.247993 -0.016113 0.084484 0.217394 -0.278480 -0.431136 -0.206528 -0.464827 -0.237290 -0.271259 0.293871 -0.066453 -0.122285 -0.023545 0.494066 0.017727 0.078611 -0.116548 0.223976 0.185668 0.345227 0.324767 0.347745 0.432991 0.406494 0.425742 -0.333928 0.028738 0.289763 -0.231054 0.186079 0.122434 0.277995 0.097763 0.519398 0.367848 0.392379 0.264511 0.425956 -0.021260 0.363092 0.497541 0.394433 0.458401 -0.065205 -0.084001 0.037267 0.178235 -0.175124 -0.322403 -0.422870 -0.233501 0.201171 0.053655 -0.019658 0.083139 -0.166727 0.157998 -0.145281 0.063853 0.026788 -0.078130 -0.007358 -0.005331 0.091934 0.101340 0.024287 -0.106244 -0.034931 -0.141260 -0.043282 0.252859 -0.106514 -0.372170 0.016430 -0.055205 0.013746 -0.106585
0.212786 0.002415 0.311223 -0.178514 -0.084926 -0.219047 0.035992 -0.317465 -0.218416 -0.379192 -0.053149 -0.199373 -0.128219 -0.355338 0.307698 -0.173975 -0.096456 -0.102253 1.000000 0.277713 0.096788 -0.001324 0.378173 0.331351 0.111156 -0.030551 -0.030724 -0.047476 0.353281 -0.159279 0.155851 0.016765 0.169306 -0.009040 0.084537 -0.182464 0.164193 -0.027935 -0.040927 -0.059891 0.197835 0.037412 -0.046908 -0.155502 -0.174749 -0.119901 0.034860 -0.051841 -0.066716 -0.003547 -0.120211 0.163994 -0.108356 0.083161 0.111801 0.135267 -0.017110 0.033949 -0.126432 -0.127231 -0.086375 -0.177763 -0.140631 -0.112435 0.284670 -0.305882 -0.057672 -0.218824 0.197052 -0.077491 -0.087689 -0.048928 0.062821 0.010358 0.254881 0.051486 0.130364 -0.171796 -0.133540 -0.029128 -0.203302 -0.018928 0.577237 -0.013787 0.327760 -0.216002 0.493613 0.099691 0.319691 -0.092628 0.103962 0.240877 0.131400 0.148098 0.047831 -0.078423 0.064729 -0.250270 0.086268 0.154766 0.059150 -0.054433 0.048562 -0.133487 0.108568 -0.056715 -0.076873 0.023936 0.006110 0.092243 -0.187049 0.038875 -0.022935 0.118777 0.061905 0.133580
0.124996 0.344278 -0.344689 -0.182102 -0.312961 -0.186337 -0.126993 -0.067603 -0.485317 -0.499776 -0.474093 -0.476647 -0.566842 -0.420401 -0.334780 -0.087749 -0.042179 -0.080176 0.277713 1.000000 0.100294 0.082850 -0.191055 0.114825 0.130370 -0.045541 -0.143734 -0.116150 0.253208 0.273036 0.158078 0.134275 0.418890 0.358201 -0.040791 -0.094313 0.088307 0.090225 0.009360 0.092608 -0.067379 0.032778 0.160736 -0.004785 -0.047878 0.069533 0.115351 -0.027633 -0.222796 0.117223 -0.334137 0.125597 -0.011827 0.198419 -0.051731 0.180563 0.311824 0.112558 -0.166399 -0.153588 -0.286577 -0.232358 0.037859 -0.084581 -0.170861 -0.183711 -0.027915 -0.150299 0.131811 -0.013695 0.015337 -0.027893 0.199893 0.151930 0.094199 0.101403 -0.030595 0.127818 -0.065606 -0.020532 0.202469 0.144502 0.414148 0.594076 0.145385 0.282514 0.071128 0.258289 -0.244292 0.120996 -0.078374 0.369656 0.409015 0.126608 -0.164502 0.106912 -0.366269 -0.170453 -0.119463 0.097234 0.235016 -0.171896 0.093493 -0.228829 -0.186619 -0.038343 -0.280980 -0.172975 0.097186 0.078546 -0.145336 0.090503 -0.038773 -0.110724 -0.039410 0.059494
0.036810 -0.021202 0.190275 -0.212142 0.397105 0.181188 0.030430 -0.205702 0.207926 0.047075 -0.060872 -0.111589 0.024126 -0.173159 0.036938 -0.198875 -0.004881 0.200798 0.096788 0.100294 1.000000 0.688111 0.170097 0.026731 0.437540 0.222569 0.224503 0.150368 0.055261 0.098230 0.109603 0.019264 -0.224223 -0.133458 0.088097 -0.009793 -0.070854 0.093162 0.178648 -0.019928 -0.043925 0.155428 -0.041585 -0.119280 -0.220337 -0.199996 -0.046476 -0.067467 0.077487 -0.203529 0.070997 -0.064449 0.052988 -0.063125 0.034665 -0.171501 0.155836 0.094447 -0.036088 -0.107395 -0.108655 -0.078088 -0.100047 0.002506 -0.129009 -0.222716 -0.116434 -0.144990 0.043821 -0.026354 0.592343 0.454284 0.059582 0.441544 0.405079 0.357654 0.375637 0.343076 0.091627 0.219184 -0.051413 0.077153 -0.051719 -0.174898 0.070443 -0.040802 -0.016460 -0.211483 -0.004327 -0.152557 0.002133 0.061416 0.133976 0.206228 0.075915 0.067737 -0.128948 0.063220 -0.083018 -0.092377 0.008889 0.124716 0.060532 0.114097 0.110765 0.085585 -0.112221 -0.192971 -0.066800 0.312792 0.260338 0.134862 -0.109506 -0.035151 0.017280 -0.196720
-0.126070 -0.036375 0.021945 -0.056788 0.266855 0.339295 -0.037351 0.000103 0.041909 0.137342 -0.275252 -0.193584 -0.218092 -0.183577 -0.124609 -0.131652 -0.149108 0.090239 -0.001324 0.082850 0.688111 1.000000 0.088451 0.046691 0.506524 0.410675 0.351309 0.351944 -0.069688 0.078139 0.180267 0.186682 -0.149100 0.037287 0.137480 0.119628 -0.137403 0.084061 0.155569 0.163118 -0.152098 0.042449 0.005250 0.002459 -0.249243 -0.087010 0.070382 -0.001210 -0.121718 -0.300442 0.033506 -0.174964 -0.026323 -0.075315 -0.086917 -0.085703 0.088694 0.070964 -0.183994 -0.191325 -0.242541 -0.134158 -0.187433 -0.071205 -0.138733 -0.180190 -0.221096 -0.066962 0.046978 -0.090998 0.481002 0.469832 0.013579 0.281765 0.212681 0.235408 0.213849 0.449707 0.182891 0.218433 -0.048468 0.039152 -0.116792 -0.087907 0.042929 0.055200 -0.017435 -0.067801 -0.019858 0.000371 -0.133826 -0.011633 0.115778 0.222485 0.194990 0.242479 -0.143188 0.214836 -0.105576 -0.139217 -0.050873 0.069438 -0.023347 0.122143 -0.021432 0.185185 -0.059996 -0.180297 0.057349 0.220470 0.266499 0.213261 -0.082150 -0.134923 -0.123111 -0.334906
-0.214459 -0.184578 0.817484 0.164057 0.511345 0.315213 0.133898 -0.209014 0.225771 0.064122 0.306172 -0.001800 0.159413 -0.248918 0.488348 -0.231791 -0.220048 -0.220939 0.378173 -0.191055 0.170097 0.088451 1.000000 0.788958 0.534318 0.455524 0.573946 0.588276 -0.106285 -0.359835 0.446801 0.359760 -0.275792 -0.196443 0.343432 0.071238 -0.197684 -0.148223 -0.161084 -0.121819 -0.012284 -0.025906 -0.019501 0.074574 -0.255653 0.002498 -0.044830 0.063492 -0.181009 -0.386025 0.338979 -0.040664 -0.363615 0.027883 -0.178552 -0.026284 -0.211088 0.226034 -0.434314 -0.440884 -0.374465 -0.329393 -0.540279 -0.220577 0.480923 -0.373834 -0.388638 -0.292451 0.259884 -0.336543 0.097128 0.217117 -0.313711 -0.025463 0.104330 0.125853 0.071872 -0.074288 0.089533 -0.082022 -0.520216 -0.196328 0.241543 -0.320595 0.088711 -0.376150 0.562904 0.011065 0.712173 -0.009731 -0.078341 0.087023 -0.054494 0.108479 0.230139 -0.152232 0.146411 -0.138761 -0.150589 0.058743 -0.019693 0.145553 -0.101384 0.117570 0.270849 0.171987 -0.038959 0.084324 -0.212818 0.001982 0.068723 0.277795 -0.006074 0.097705 0.159904 -0.077598
-0.320647 -0.124136 0.572971 0.358060 0.186672 0.249580 0.180763 0.017845 -0.044147 -0.023144 0.093013 -0.103557 -0.051847 -0.319457 0.240884 -0.082108 -0.296608 -0.258771 0.331351 0.114825 0.026731 0.046691 0.788958 1.000000 0.476449 0.376117 0.420683 0.503650 -0.032490 -0.193061 0.460420 0.439543 -0.065750 0.023163 0.397023 0.079461 -0.307525 -0.238300 -0.258897 -0.046337 -0.086439 -0.097596 0.025009 0.163775 -0.122219 0.195396 -0.073356 -0.048341 -0.232139 -0.231270 0.201936 -0.038947 -0.298742 -0.042087 -0.152600 -0.006285 -0.247030 0.146446 -0.533332 -0.537177 -0.498630 -0.494211 -0.496472 -0.391052 0.506459 -0.214864 -0.328793 -0.144823 0.196662 -0.330480 -0.002436 0.139402 -0.262988 -0.073241 -0.025279 0.084932 -0.115336 -0.114880 0.065041 -0.200471 -0.428134 -0.294113 0.335979 0.070750 0.065971 -0.120386 0.646942 0.348899 0.623034 0.345480 -0.195628 0.079705 -0.053083 0.002730 0.161782 -0.071161 -0.080003 -0.242316 -0.211728 0.022463 -0.089035 0.011582 -0.221907 -0.103049 0.078327 0.046173 -0.109658 0.027695 -0.209109 -0.109431 -0.076082 0.194826 -0.094359 -0.050194 -0.025748 -0.157137
-0.397572 -0.326459 0.408886 -0.066149 0.495242 0.668197 0.061628 -0.002190 0.108256 0.179045 -0.254149 -0.343304 -0.370632 -0.521074 -0.022810 -0.340395 -0.415733 -0.389235 0.111156 0.130370 0.437540 0.506524 0.534318 0.476449 1.000000 0.842146 0.703285 0.707499 -0.213217 -0.088733 0.733049 0.677555 -0.185875 0.088851 0.429276 0.438413 -0.299980 -0.026345 -0.126754 -0.051548 -0.226609 -0.090133 0.355895 0.365470 -0.066357 0.289638 0.243986 0.275915 -0.248590 -0.131675 0.164481 0.134841 -0.468974 0.168781 -0.316384 0.055522 -0.178196 0.078038 -0.475415 -0.489504 -0.614517 -0.472761 -0.554206 -0.336538 0.159478 -0.313760 -0.489070 -0.102556 -0.019590 -0.383391 0.237295 0.425661 -0.280912 0.147167 -0.023494 0.084117 -0.115221 0.270588 -0.083079 -0.096163 -0.411475 -0.177188 0.089989 -0.078354 -0.096698 -0.286126 0.240317 0.067026 0.386526 -0.087493 -0.205217 0.121307 0.094431 0.081478 0.096219 -0.024005 -0.043597 0.001626 -0.212354 -0.027260 -0.148431 0.097121 -0.265122 -0.035797 -0.024115 0.185511 -0.017185 -0.139685 -0.032457 0.001541 0.258433 0.468712 -0.183347 -0.120854 -0.092490 -0.228545
-0.502986 -0.406223 0.381565 0.112383 0.493638 0.791794 0.110821 0.263889 0.180861 0.379626 -0.158193 -0.164323 -0.250440 -0.286327 -0.028056 -0.251330 -0.440147 -0.440377 -0.030551 -0.045541 0.222569 0.410675 0.455524 0.376117 0.842146 1.000000 0.711478 0.770542 -0.318782 -0.105256 0.710282 0.804872 -0.195356 0.231597 0.373959 0.565620 -0.377621 -0.135644 -0.290392 -0.096549 -0.279211 -0.102417 0.303431 0.418942 -0.041769 0.310200 0.185780 0.328181 -0.360266 -0.239412 0.204862 0.025453 -0.461607 0.136912 -0.387083 0.024734 -0.288390 -0.015863 -0.531337 -0.513726 -0.576755 -0.378658 -0.592906 -0.388097 0.195627 -0.147721 -0.565424 -0.016942 -0.069745 -0.415357 0.181306 0.454673 -0.387117 0.056684 -0.144896 -0.005820 -0.197510 0.225520 -0.142965 -0.175719 -0.425937 -0.296814 -0.088592 -0.152945 -0.138663 -0.300653 0.130487 0.052414 0.417350 -0.038688 -0.297953 -0.001763 -0.012163 0.015310 0.204341 -0.054948 -0.022250 0.030419 -0.244595 -0.033633 -0.190994 0.013274 -0.242106 -0.007263 -0.000239 0.193007 0.068544 0.005206 -0.029825 -0.201317 0.144402 0.402003 -0.184563 -0.090901 -0.094985 -0.153826
-0.325491 -0.250673 0.402010 0.079927 0.675820 0.728466 -0.096339 -0.055732 0.102423 0.229619 -0.067620 -0.119072 -0.206899 -0.327326 0.073862 -0.298120 -0.380636 -0.327432 -0.030724 -0.143734 0.224503 0.351309 0.573946 0.420683 0.703285 0.711478 1.000000 0.927082 -0.307106 -0.224693 0.512390 0.533845 -0.266098 -0.065645 0.327903 0.347806 -0.318492 -0.086533 -0.089846 0.039128 -0.232388 -0.157578 0.306919 0.398238 -0.164044 0.176970 0.345582 0.391383 -0.281788 -0.388597 0.293707 -0.075568 -0.438950 0.192698 -0.268244 0.083518 -0.197580 0.137639 -0.452179 -0.396285 -0.531208 -0.311230 -0.554034 -0.222444 0.046639 -0.360198 -0.549320 -0.204562 0.009187 -0.451613 0.219217 0.260813 -0.384734 -0.044809 -0.051965 0.070385 -0.112914 0.218441 0.020007 -0.189462 -0.444048 -0.284730 -0.080223 -0.217701 -0.160532 -0.291296 0.140337 -0.027839 0.415084 0.001760 -0.209300 0.047948 0.102843 0.108543 0.244587 -0.064202 0.283304 0.115776 -0.109902 0.026525 -0.069835 0.053530 -0.126439 0.162332 0.096838 0.299738 0.056077 -0.001638 -0.066279 -0.118459 0.249906 0.536077 0.049240 0.019298 0.048704 -0.096166
-0.365770 -0.291278 0.386782 0.110398 0.576846 0.734256 -0.096041 0.006340 0.004378 0.202043 -0.127040 -0.158459 -0.283776 -0.328835 0.013125 -0.301471 -0.392467 -0.352722 -0.047476 -0.116150 0.150368 0.351944 0.588276 0.503650 0.707499 0.770542 0.927082 1.000000 -0.294259 -0.192543 0.586128 0.607162 -0.206324 0.002090 0.373501 0.351509 -0.330538 -0.129051 -0.127879 0.058750 -0.234317 -0.158505 0.313544 0.476686 -0.118610 0.235530 0.352520 0.404414 -0.335414 -0.377429 0.299517 -0.077775 -0.451359 0.170147 -0.342361 0.131350 -0.201515 0.186262 -0.556330 -0.475417 -0.627635 -0.401572 -0.596383 -0.279658 0.092265 -0.336472 -0.539295 -0.203125 0.060780 -0.493095 0.138442 0.309302 -0.386943 -0.019312 -0.068435 0.066295 -0.173585 0.165969 0.062806 -0.140235 -0.434057 -0.256109 -0.055303 -0.172365 -0.100047 -0.234561 0.174857 0.013019 0.467815 0.076319 -0.272525 0.015592 0.000789 0.098494 0.253574 -0.046005 0.248813 0.099035 -0.121859 0.072967 -0.115169 0.039181 -0.160725 0.194995 0.131286 0.294433 0.001039 -0.015164 -0.113338 -0.181310 0.189998 0.518160 0.000599 -0.015416 0.064358 -0.106406
0.439064 0.237832 -0.198953 -0.356117 -0.301980 -0.468632 -0.089024 -0.318069 -0.255497 -0.458588 -0.067784 -0.160427 -0.040223 -0.070720 0.182513 0.029408 0.445264 0.388403 0.353281 0.253208 0.055261 -0.069688 -0.106285 -0.032490 -0.213217 -0.318782 -0.307106 -0.294259 1.000000 0.377151 0.001597 -0.170569 0.414573 0.024397 -0.140158 -0.436336 0.310553 0.089631 0.241328 -0.008243 0.291804 0.235090 -0.018638 -0.265523 -0.073787 -0.294126 -0.062151 -0.154387 0.048183 0.071547 -0.169535 0.163838 0.242470 0.202384 0.077089 0.111416 0.205110 0.171369 0.162251 0.091161 0.129915 0.085264 0.343639 0.260885 -0.113342 -0.191680 0.270289 -0.378222 0.244207 -0.054752 0.074390 -0.128559 0.704127 0.285612 0.365709 0.160928 0.291716 -0.189001 0.257098 0.239798 0.446316 0.491841 0.583642 0.331409 0.378433 0.196746 0.136225 -0.034011 -0.211365 -0.190022 -0.055049 0.085271 -0.030560 -0.122325 -0.136240 -0.045584 -0.141082 -0.234122 -0.039744 -0.087304 0.007349 -0.193290 -0.070165 -0.257214 -0.184567 -0.276976 -0.107523 -0.207049 -0.017066 0.091877 -0.328342 -0.285422 -0.131519 -0.071203 -0.051868 0.022012
-0.002127 0.234930 -0.510287 -0.116990 -0.200532 -0.158486 -0.285051 0.060861 -0.146703 -0.014587 -0.138253 0.055102 -0.200470 0.154282 -0.036486 0.458459 0.279698 0.392694 -0.159279 0.273036 0.098230 0.078139 -0.359835 -0.193061 -0.088733 -0.105256 -0.224693 -0.192543 0.377151 1.000000 0.082200 0.055238 0.318292 0.287809 -0.102002 -0.096902 0.334104 0.426450 0.334491 0.136197 0.196610 0.355766 0.171902 -0.077930 0.128034 -0.072263 -0.032012 -0.171120 0.064568 0.181595 -0.197761 0.197663 0.103739 0.204042 0.039570 0.084038 0.180625 -0.028789 0.058220 -0.072960 -0.118336 0.085304 0.157951 0.047050 -0.370539 0.184756 -0.016199 -0.380861 0.042348 -0.316811 0.238190 0.118732 0.591106 0.572310 0.232219 0.359157 0.320834 0.227097 0.191862 0.184988 0.541757 0.392310 0.186021 0.525558 -0.074562 0.313716 -0.145075 0.101460 -0.334959 -0.037253 -0.176195 -0.020516 -0.002269 -0.198649 -0.287329 0.310291 -0.395292 -0.152655 -0.265013 -0.173934 -0.187210 -0.141559 -0.139769 -0.088231 -0.437056 -0.212077 -0.095941 -0.231019 0.046984 -0.013417 -0.308238 -0.330462 -0.230785 -0.214008 -0.324373 0.003099
-0.376224 -0.425764 0.295867 -0.155536 0.250106 0.478834 0.187911 0.132005 0.062745 0.057068 -0.161474 -0.256043 -0.254086 -0.346878 0.053263 -0.218112 -0.301579 -0.402174 0.155851 0.158078 0.109603 0.180267 0.446801 0.460420 0.733049 0.710282 0.512390 0.586128 0.001597 0.082200 1.000000 0.855867 0.107889 0.256035 0.341441 0.334919 -0.230886 -0.161911 -0.200447 -0.105126 -0.190563 -0.153001 0.361247 0.294682 0.100898 0.291451 0.160196 0.185585 -0.315182 -0.011975 0.027597 0.233318 -0.443986 0.255135 -0.356705 0.151147 -0.291232 -0.104075 -0.405285 -0.475913 -0.498781 -0.381242 -0.449482 -0.312215 0.167555 -0.171585 -0.438509 -0.207241 -0.074707 -0.479610 0.126930 0.404185 -0.115018 0.046623 -0.144851 0.079550 -0.235682 0.078462 -0.099563 -0.226852 -0.338008 -0.190738 0.256080 0.148179 -0.039277 -0.239601 0.190650 0.133424 0.312660 -0.123192 -0.316651 0.074964 -0.054731 -0.053194 0.051566 -0.139900 -0.098049 -0.161837 -0.343711 -0.092522 -0.157356 -0.053892 -0.352427 -0.111599 -0.080808 0.145999 -0.064149 -0.055703 -0.185197 -0.111007 -0.008258 0.276770 -0.204294 -0.205699 -0.040466 -0.029743
-0.497523 -0.463318 0.237678 0.036259 0.218720 0.603848 0.202580 0.353312 0.057206 0.244479 -0.170488 -0.145013 -0.248418 -0.226494 -0.028145 -0.080251 -0.425633 -0.500412 0.016765 0.134275 0.019264 0.186682 0.359760 0.439543 0.677555 0.804872 0.533845 0.607162 -0.170569 0.055238 0.855867 1.000000 0.098416 0.462253 0.381805 0.510129 -0.284494 -0.185300 -0.339733 -0.113590 -0.223966 -0.085243 0.339556 0.373642 0.112374 0.409295 0.126354 0.232165 -0.439423 -0.092341 0.018683 0.106065 -0.486406 0.167461 -0.407378 0.097178 -0.286413 -0.167055 -0.514532 -0.569197 -0.533485 -0.412758 -0.530518 -0.453449 0.212418 -0.058541 -0.547685 -0.052704 -0.135399 -0.440273 0.102328 0.413153 -0.248009 -0.020624 -0.208462 0.048854 -0.274681 0.219018 -0.132792 -0.333072 -0.295954 -0.312085 0.106008 0.162501 -0.105839 -0.255156 0.120596 0.211965 0.329008 -0.015936 -0.425974 -0.025203 -0.059154 -0.071654 0.142457 -0.077986 -0.142924 -0.064659 -0.409219 -0.126955 -0.192790 -0.130435 -0.324645 -0.132859 -0.086355 0.136587 -0.035862 0.054141 -0.102483 -0.133575 -0.017772 0.313555 -0.262829 -0.228994 -0.116385 -0.022830
0.228611 0.169879 -0.339815 -0.087228 -0.421948 -0.390216 0.029487 0.063844 -0.470434 -0.383613 -0.308217 -0.278406 -0.349377 -0.134071 -0.229470 0.127745 0.115847 -0.092143 0.169306 0.418890 -0.224223 -0.149100 -0.275792 -0.065750 -0.185875 -0.195356 -0.266098 -0.206324 0.414573 0.318292 0.107889 0.098416 1.000000 0.651462 -0.001674 -0.217817 0.293909 0.135345 0.094117 0.217765 0.168752 0.183910 0.151291 -0.007100 0.111908 -0.043868 0.077909 -0.042320 -0.198621 0.164660 -0.244900 0.092370 0.119786 0.129252 -0.010776 0.153555 0.132926 0.038224 -0.088489 -0.056881 -0.055794 -0.067915 0.251215 0.074180 -0.144582 -0.045306 0.203726 -0.195414 0.097309 -0.109161 -0.141865 -0.191452 0.379497 0.020698 -0.038884 -0.085626 0.033060 -0.154606 0.096542 -0.061568 0.430911 0.265655 0.378957 0.507736 0.186798 0.329335 0.022387 0.330442 -0.268950 0.138276 -0.255527 -0.145087 -0.073992 -0.302956 -0.088123 0.149730 -0.270684 -0.346405 -0.044367 -0.051355 -0.031064 -0.122577 -0.028787 -0.216464 -0.334487 -0.216633 -0.135453 -0.120605 0.225386 -0.150885 -0.459598 -0.194027 -0.174631 -0.169421 -0.262494 0.058384
-0.194203 0.049997 -0.210915 0.173962 -0.185606 0.040289 0.132101 0.436871 -0.291204 0.016034 -0.235053 -0.071556 -0.289245 -0.011477 -0.279808 0.208961 -0.165391 -0.254752 -0.009040 0.358201 -0.133458 0.037287 -0.196443 0.023163 0.088851 0.231597 -0.065645 0.002090 0.024397 0.287809 0.256035 0.462253 0.651462 1.000000 0.173700 0.310216 -0.042630 0.052496 -0.249799 0.084078 -0.059289 0.166946 0.144869 0.164735 0.095784 0.238847 -0.061345 0.052397 -0.345018 0.112077 -0.203061 0.018631 -0.149302 -0.001294 -0.222803 0.033181 -0.006465 -0.051681 -0.348111 -0.325850 -0.264790 -0.192071 -0.058033 -0.219099 0.001404 0.131937 -0.203037 0.077287 -0.062862 -0.211717 -0.007334 0.110521 0.063393 -0.001304 -0.193563 -0.059017 -0.121145 0.102305 -0.064832 -0.203597 0.183543 -0.044462 0.074308 0.359114 -0.054899 0.103903 -0.084531 0.328968 -0.102675 0.160247 -0.423055 -0.221568 -0.088928 -0.235901 0.009481 0.147918 -0.424388 -0.199717 -0.263066 -0.192056 -0.176751 -0.095669 -0.125403 -0.226769 -0.382729 -0.129097 -0.112931 -0.010313 0.133211 -0.235649 -0.287796 -0.012258 -0.360767 -0.290614 -0.392556 -0.079513
-0.356076 -0.179071 0.307661 0.101814 0.174850 0.368906 0.094755 0.123388 -0.067501 0.083628 -0.127460 -0.192468 -0.215887 -0.331141 -0.006940 -0.227889 -0.310957 -0.365041 0.084537 -0.040791 0.088097 0.137480 0.343432 0.397023 0.429276 0.373959 0.327903 0.373501 -0.140158 -0.102002 0.341441 0.381805 -0.001674 0.173700 1.000000 0.453974 -0.170720 -0.140864 -0.187670 -0.047469 0.055214 -0.048391 0.324019 0.428606 0.316308 0.375411 0.062793 0.063012 -0.104229 0.032733 0.386093 0.104670 -0.377929 -0.098235 -0.346823 -0.183451 -0.095067 0.027535 -0.379766 -0.355667 -0.470573 -0.559498 -0.342008 -0.299725 0.291074 -0.041921 -0.150676 0.069370 -0.048753 -0.225609 -0.079978 0.164539 -0.198156 0.048417 0.020587 0.056536 -0.205416 -0.002478 -0.039383 -0.012982 -0.134271 -0.145081 0.140441 0.002697 0.022344 -0.125243 0.178751 0.143056 0.416173 0.152803 -0.306872 -0.198331 -0.135266 -0.220475 0.101227 -0.041384 -0.066442 -0.214736 -0.275443 -0.109778 -0.103916 -0.068637 -0.327018 -0.107507 -0.181118 -0.166087 -0.002394 -0.066173 -0.137786 -0.228571 -0.005570 0.228381 -0.164904 -0.168753 -0.307542 -0.276909
-0.542819 -0.405704 0.109824 0.185515 0.292793 0.565228 0.028545 0.355034 0.173215 0.451483 -0.128026 0.076627 -0.172174 -0.087309 -0.053122 0.019200 -0.473350 -0.475870 -0.182464 -0.094313 -0.009793 0.119628 0.071238 0.079461 0.438413 0.565620 0.347806 0.351509 -0.436336 -0.096902 0.334919 0.510129 -0.217817 0.310216 0.453974 1.000000 -0.332842 -0.198610 -0.379588 -0.191533 -0.222687 -0.188994 0.380984 0.587422 0.441874 0.675094 0.116190 0.332523 -0.027135 0.223018 0.201638 0.194854 -0.479482 -0.087652 -0.364659 -0.126647 -0.302265 -0.272360 -0.301637 -0.355479 -0.447474 -0.401529 -0.430205 -0.499542 0.144239 0.276334 -0.430732 0.463779 -0.340218 -0.152520 -0.058637 0.244437 -0.399766 -0.134287 -0.299092 -0.112446 -0.398811 0.310869 -0.333395 -0.343799 -0.303037 -0.407553 -0.240800 -0.080512 -0.254312 -0.287140 -0.179523 -0.029575 0.246686 0.005234 -0.276101 -0.183854 -0.107447 -0.151018 -0.086236 -0.053409 -0.056449 0.030037 -0.179961 -0.196868 -0.275542 -0.173716 -0.300821 -0.133875 -0.198543 0.000810 0.017472 0.035201 -0.149170 -0.278972 0.254522 0.342987 -0.194640 -0.259574 -0.260545 -0.117096
