1.000000 0.603910 -0.372081 -0.222106 -0.112853 -0.151236 -0.238427 -0.282365 -0.134221 -0.086010 0.024911 0.012251 0.040824 0.016221 -0.159847 -0.081096 0.462484 0.271648 0.266457 0.432446 0.109302 -0.016959 -0.319056 -0.340657 -0.148948 -0.214942 -0.022029 -0.007688 0.278225 0.168286 -0.374826 -0.304644 0.281282 0.164719 -0.194360 -0.289809 0.293656 -0.049278 0.096493 -0.076838 0.271796 0.133712 -0.231152 -0.238480 -0.282219 -0.263477 -0.286478 -0.167748 -0.363499 -0.351021 -0.337280 -0.299939 -0.039363 -0.156119 -0.113217 -0.324013 0.765180 0.576892 0.297920 -0.089129 0.243268 0.181016 0.300101 0.358702 -0.200510 -0.080361 0.124429 -0.352577 0.504803 0.166366 -0.124427 -0.169350 0.326294 0.188482 0.197510 0.180660 0.233599 -0.041435 0.448232 0.297621 0.268378 0.282578 -0.030231 -0.066359 -0.265284 -0.259328 -0.077876 -0.061884 -0.186164 -0.110654 -0.151148 -0.022422 -0.071495 0.013090 0.189415 -0.070768 -0.221218 0.006907 -0.231465 0.282689 -0.127181 0.110884 0.024055 0.114875 -0.060984 0.046320 -0.109126 0.039953 -0.027175 0.129427 -0.038265 0.048730 0.310025 0.300550 0.063161 0.200117
0.603910 1.000000 -0.301877 -0.160327 -0.017419 -0.190092 -0.255575 -0.241368 0.089944 -0.077619 -0.029200 0.162895 0.083279 0.371773 -0.067792 0.211119 0.280303 0.125762 0.094469 0.346386 0.095539 -0.008808 -0.390435 -0.425649 -0.178218 -0.468210 -0.046019 -0.017565 0.196767 0.291496 -0.247413 -0.392041 0.241434 0.175835 -0.202957 -0.169416 0.184989 0.018356 0.175591 -0.010494 0.214906 0.113830 -0.292663 -0.354823 -0.280404 -0.332636 -0.289128 -0.253371 -0.253718 -0.168854 -0.191830 -0.075055 0.256221 0.043659 0.084492 -0.288883 0.388074 0.535491 0.260198 0.222879 0.316215 0.541340 0.416921 0.630683 -0.324323 0.000211 -0.222836 -0.548804 0.346965 0.314710 0.076270 -0.037591 0.235399 0.141909 0.031510 0.192245 0.004020 -0.018300 0.160992 0.135338 0.171160 0.269954 -0.032842 -0.002766 -0.419612 -0.205454 -0.165328 -0.076767 -0.293037 0.020011 -0.215638 -0.174985 -0.149088 -0.158733 0.128229 -0.148575 -0.310648 -0.096939 -0.239360 0.040582 -0.160006 -0.007759 -0.033681 -0.063078 -0.248740 0.050924 0.130801 0.201969 -0.115627 -0.044789 -0.144150 -0.057430 0.189368 0.061994 -0.120359 0.364688
-0.372081 -0.301877 1.000000 0.390814 0.347078 0.044692 0.822200 0.554351 0.329858 -0.046910 0.257123 -0.060509 0.367012 0.041801 0.175541 0.027024 -0.237388 -0.337389 0.072399 -0.307435 0.044036 0.045200 0.548989 0.395366 0.216080 0.113659 0.101522 0.107339 -0.108041 -0.093330 0.573033 0.406307 -0.106968 0.134124 0.057604 0.226470 -0.403599 -0.453034 -0.398828 -0.200989 -0.333692 -0.237554 -0.076517 -0.065837 -0.032526 -0.040987 -0.143220 -0.091696 0.155549 -0.078785 0.074106 -0.088389 -0.085847 -0.237442 -0.219800 -0.357743 -0.391953 -0.375180 0.194864 0.057747 0.460462 0.174697 0.191011 -0.021722 0.363022 -0.000093 0.169357 0.293057 -0.502937 -0.133213 0.215501 0.316671 -0.116313 -0.115018 -0.064895 0.081526 -0.182892 -0.160836 -0.208907 -0.217472 -0.157301 -0.218978 -0.245017 0.118020 -0.036302 -0.032071 -0.302728 -0.271433 0.019503 -0.166391 0.019758 0.131299 0.218196 0.261678 0.115293 -0.156585 -0.162437 -0.099639 -0.316797 -0.476481 0.271269 0.383555 0.326415 0.036336 -0.075849 -0.322283 -0.038633 -0.220398 0.032957 -0.016986 -0.029604 -0.256362 -0.282380 -0.060618 0.106752 -0.142662
-0.222106 -0.160327 0.390814 1.000000 -0.007283 0.450942 0.423933 0.822780 0.036705 0.249517 0.352992 0.482016 0.276218 0.005380 0.141790 0.297201 -0.278224 -0.042783 -0.196600 -0.456932 0.149623 -0.112343 0.264014 0.656156 0.031553 0.310895 0.273095 0.064011 -0.270591 -0.096380 0.139911 0.403507 -0.241831 -0.146192 -0.314824 -0.235684 -0.428466 -0.324808 -0.411745 0.068254 -0.546281 -0.299254 -0.095011 -0.153490 -0.235322 -0.069171 -0.075492 -0.200795 0.046758 -0.119927 0.291977 0.135940 0.126019 0.012805 -0.218259 -0.243202 -0.273528 -0.443180 0.019297 0.012044 0.169023 0.249049 0.114943 0.012034 0.489480 0.543930 -0.116776 0.151180 -0.312058 -0.364001 -0.032705 0.032936 -0.334779 -0.124843 -0.005651 0.071940 -0.125612 -0.242420 -0.142744 -0.083355 -0.116874 -0.199750 0.095528 0.325902 0.289096 0.488279 -0.061390 0.147181 0.272671 0.185329 -0.049261 -0.147290 0.478313 -0.075192 0.225293 -0.166577 -0.156477 -0.093467 -0.164782 -0.399703 0.278751 -0.053518 0.179087 -0.195337 -0.076918 -0.440543 -0.211838 -0.274804 -0.016284 0.054540 -0.184996 -0.233738 -0.097466 0.057244 0.105016 0.058265
-0.112853 -0.017419 0.347078 -0.007283 1.000000 0.019012 0.239668 0.071581 0.788874 -0.038736 -0.043357 -0.073609 0.079746 0.001657 0.020050 -0.016343 -0.084709 -0.363570 0.024694 0.056695 0.002792 -0.179921 0.185312 0.025621 0.629042 -0.109342 0.396449 0.226399 -0.144558 -0.156150 0.096941 -0.249146 -0.306419 -0.143335 0.084060 0.211080 -0.233024 -0.184674 -0.306795 -0.167209 -0.253401 -0.124522 0.027721 -0.063699 -0.018867 -0.081014 0.004213 0.138637 0.082362 -0.029143 0.003389 0.081529 0.022615 -0.034246 -0.004354 -0.224475 -0.237481 -0.113792 0.089599 0.146868 0.205149 0.105276 -0.085346 -0.011830 0.007433 -0.020914 0.107626 0.139607 -0.116230 0.187036 0.195986 0.047197 -0.256745 -0.257472 -0.249331 0.002070 -0.222150 -0.068445 -0.173872 -0.027697 -0.061407 -0.100996 -0.138963 -0.000368 -0.115583 -0.102278 -0.110690 -0.160051 0.039392 -0.085087 0.248552 0.174714 -0.059356 0.031994 -0.201779 -0.236184 -0.218036 -0.142350 -0.111328 -0.322452 -0.057075 0.141927 -0.013262 0.179537 -0.093457 0.089191 0.167410 0.045517 -0.010092 -0.220341 0.070095 -0.168687 -0.125805 -0.269947 -0.112012 0.088174
-0.151236 -0.190092 0.044692 0.450942 0.019012 1.000000 -0.001815 0.360780 -0.146787 0.635469 -0.004755 0.321984 -0.020120 -0.019755 -0.044461 0.382643 -0.422332 -0.304201 -0.207223 -0.337768 0.025234 -0.147818 0.014437 0.543158 0.007246 0.559702 0.430498 0.304941 -0.477909 -0.421196 -0.279572 0.040887 -0.435641 -0.510568 -0.299101 -0.222380 -0.414989 -0.204026 -0.364980 0.094968 -0.563019 -0.308802 -0.077779 -0.154967 -0.260617 -0.104826 -0.064701 -0.073831 0.257156 -0.027824 0.378662 0.290930 0.213339 0.088033 0.104081 0.134196 -0.263261 -0.378808 0.234633 0.226330 0.013419 0.121388 -0.142130 -0.163847 0.037606 0.374255 -0.087106 0.129960 -0.215144 -0.075018 -0.323604 -0.261135 -0.552014 -0.320846 -0.302245 -0.137981 -0.353477 -0.279031 -0.357883 -0.240242 -0.297331 -0.391351 0.177060 0.102112 0.199272 0.316546 -0.025856 0.093629 0.387929 0.455489 0.272549 0.260227 0.492654 0.031183 0.133864 -0.117139 -0.002895 0.027725 0.030415 -0.068767 0.151278 -0.016793 0.136653 0.185014 0.137261 -0.066074 -0.096553 -0.051242 -0.130365 -0.035463 -0.102487 -0.032382 0.028417 -0.087216 -0.044611 -0.037094
-0.238427 -0.255575 0.822200 0.423933 0.239668 -0.001815 1.000000 0.671279 0.259173 0.053515 0.381348 0.168429 0.577727 0.249782 -0.023802 0.034640 -0.198631 -0.229305 -0.075330 -0.407550 0.064052 0.024638 0.343535 0.264607 -0.008327 -0.013568 -0.063981 -0.123240 -0.025264 0.031770 0.398816 0.321353 0.069250 0.232934 -0.031424 0.196692 -0.335908 -0.449489 -0.366798 -0.225762 -0.272345 -0.189224 -0.072365 -0.059608 0.028884 -0.014970 -0.174763 -0.112727 0.190645 -0.001277 0.125563 -0.115515 -0.161710 -0.326751 -0.249702 -0.337079 -0.317221 -0.425659 0.223502 0.071498 0.544656 0.263847 0.319917 0.112611 0.315143 0.134959 0.343521 0.279675 -0.454742 -0.249819 0.044180 0.232888 -0.018256 -0.011271 0.006786 0.145709 -0.121125 -0.224726 -0.095502 -0.137921 -0.047192 -0.224707 -0.320870 0.010918 -0.071697 -0.009804 -0.274698 -0.280276 -0.045607 -0.151027 -0.114481 0.014387 0.166600 0.282890 0.227666 -0.147079 -0.133281 -0.030850 -0.366059 -0.484908 0.332097 0.360501 0.321301 0.008606 -0.087682 -0.409939 -0.093842 -0.268587 -0.000615 0.073877 -0.065389 -0.362650 -0.310724 -0.039708 0.144626 -0.086239
-0.282365 -0.241368 0.554351 0.822780 0.071581 0.360780 0.671279 1.000000 0.097254 0.277836 0.318049 0.458590 0.427848 0.131977 -0.077852 0.202811 -0.424334 -0.217025 -0.225249 -0.561428 0.168232 0.010287 0.175810 0.530722 -0.047615 0.174005 0.081283 -0.031102 -0.331801 -0.093124 0.179229 0.358930 -0.169867 -0.051677 -0.252406 -0.061639 -0.467670 -0.326896 -0.466146 0.009820 -0.560019 -0.215879 -0.116654 -0.124907 -0.119316 -0.029130 -0.159154 -0.146438 0.208447 0.035333 0.325187 0.168576 0.029277 -0.146699 -0.202612 -0.203939 -0.373247 -0.565487 0.163020 0.132174 0.313361 0.391794 0.165142 0.074674 0.368498 0.587499 0.105430 0.330686 -0.452248 -0.352611 -0.028089 0.071670 -0.311087 -0.092426 0.009678 0.088754 -0.190383 -0.317677 -0.256537 -0.165581 -0.205225 -0.371010 -0.094826 0.170735 0.056619 0.275818 -0.102169 0.031636 0.122105 0.133021 -0.053002 -0.123580 0.431483 0.058394 0.218607 -0.083281 -0.092514 -0.034974 -0.249061 -0.504741 0.314586 0.031997 0.215161 -0.143171 -0.091953 -0.449677 -0.182661 -0.251072 0.035610 0.139849 -0.062846 -0.364640 -0.252717 -0.073047 0.044792 0.046254
-0.134221 0.089944 0.329858 0.036705 0.788874 -0.146787 0.259173 0.097254 1.000000 -0.035009 0.098532 0.065957 0.270058 0.196419 0.223733 0.115310 -0.014644 -0.143913 -0.072466 -0.014959 -0.167952 -0.271861 0.244148 -0.001451 0.596924 -0.212313 0.160996 0.010254 -0.007828 0.013104 0.153753 -0.207985 -0.121872 -0.020477 0.188743 0.156889 -0.096301 -0.171590 -0.101037 -0.192455 -0.104668 -0.141313 -0.056335 -0.134150 -0.006898 -0.105694 -0.072818 -0.060242 0.103805 0.002988 0.037828 0.079688 0.069302 -0.036006 0.148216 -0.179888 -0.214728 -0.092632 0.076442 0.136934 0.256312 0.158231 0.020708 0.093411 0.095983 0.035663 0.005860 -0.083497 -0.108759 0.108922 0.207779 -0.000103 -0.130127 -0.156923 -0.124961 -0.020571 -0.122496 -0.046925 -0.057760 0.073396 0.074094 0.028910 -0.184466 -0.037478 -0.063958 -0.077430 -0.040709 -0.055770 0.058772 -0.050473 0.079824 -0.027606 -0.169178 -0.137689 -0.068057 -0.318051 -0.192183 -0.062821 -0.111410 -0.279617 -0.109969 0.058372 -0.066203 -0.001849 -0.257960 -0.041280 0.201197 0.061920 -0.082024 -0.277900 -0.157422 -0.303088 -0.170838 -0.255119 -0.076845 0.150892
-0.086010 -0.077619 -0.046910 0.249517 -0.038736 0.635469 0.053515 0.277836 -0.035009 1.000000 0.053398 0.462902 0.166681 0.312258 -0.087354 0.720251 -0.248537 -0.050458 -0.336475 -0.373465 -0.065098 -0.191076 -0.102292 0.280492 -0.167238 0.259534 0.017787 -0.165098 -0.285960 -0.147697 -0.231634 -0.062216 -0.270106 -0.304450 -0.247290 -0.141427 -0.165907 -0.202326 -0.165350 -0.081797 -0.356005 -0.335237 -0.187440 -0.271821 -0.079991 -0.153582 -0.145066 -0.256996 0.257729 0.112643 0.328333 0.252658 0.161297 0.032032 0.270923 0.299490 -0.139584 -0.282840 0.235844 0.234124 0.083170 0.234715 0.017904 0.025231 -0.033021 0.262932 -0.124145 -0.118493 -0.215350 -0.069166 -0.291107 -0.137030 -0.356116 -0.036749 -0.134824 0.051930 -0.335623 -0.260440 -0.112750 -0.144823 -0.061519 -0.227123 -0.071015 -0.099238 0.100499 0.172569 0.178851 0.080221 0.377813 0.545348 0.207664 0.221576 0.441699 0.093666 0.393341 -0.134162 0.148162 0.153729 0.031700 0.131306 0.105535 0.044627 0.147620 0.013186 -0.062715 -0.188096 0.019524 -0.028012 -0.085177 0.026884 -0.249816 -0.217154 -0.029051 -0.191193 0.060035 -0.027889
0.024911 -0.029200 0.257123 0.352992 -0.043357 -0.004755 0.381348 0.318049 0.098532 0.053398 1.000000 0.536317 0.589868 0.286288 0.468587 0.317150 0.059366 0.153079 -0.006906 -0.183774 0.022439 -0.112428 0.423762 0.271570 0.105098 0.118806 -0.161820 -0.244475 0.166302 0.108722 0.265305 0.296833 0.031326 0.025929 -0.151734 -0.331117 -0.092459 -0.244884 -0.093852 -0.049756 -0.170244 -0.126101 -0.116504 -0.179823 -0.181953 -0.136215 -0.133365 -0.238318 0.105902 -0.158176 0.184718 0.106579 0.149708 0.093849 -0.071498 -0.177787 -0.177685 -0.327881 -0.051038 -0.123214 0.219055 0.069361 0.177415 0.115286 0.399072 0.301619 -0.260076 -0.186020 -0.404199 -0.439721 0.154086 0.218088 0.073732 0.234705 0.334459 0.247419 0.195121 -0.192566 0.041017 -0.006493 -0.085134 -0.129505 -0.171327 0.049926 0.377074 0.225941 -0.019273 0.128987 -0.032001 0.017829 -0.146823 -0.046576 0.035452 0.018873 0.273038 -0.185153 -0.045203 -0.187871 -0.123184 -0.228613 0.108505 0.113606 0.015266 -0.195982 -0.095418 -0.357670 -0.255392 -0.319158 0.041174 0.014251 -0.298445 -0.284720 -0.122087 0.126920 0.290801 -0.131939
0.012251 0.162895 -0.060509 0.482016 -0.073609 0.321984 0.168429 0.458590 0.065957 0.462902 0.536317 1.000000 0.529714 0.574903 0.018663 0.543242 -0.203813 0.065767 -0.415016 -0.452391 -0.030962 -0.237184 0.031158 0.344692 0.018325 0.179692 -0.115235 -0.365884 -0.135301 0.046422 -0.107923 0.095930 -0.111324 -0.214257 -0.268795 -0.370718 -0.205957 -0.056507 -0.082612 0.104459 -0.361701 -0.143623 -0.176493 -0.274794 -0.259909 -0.242686 -0.166108 -0.352099 0.295666 -0.002207 0.498778 0.387794 0.369235 0.127187 0.230688 0.093434 -0.218554 -0.433748 0.216558 0.155671 0.254803 0.401593 0.225503 0.278920 0.111473 0.696657 -0.250205 -0.234413 -0.291164 -0.382238 -0.120936 0.028046 -0.193695 -0.006737 0.064632 0.078656 -0.040764 -0.204376 -0.099583 -0.060908 -0.131935 -0.332305 -0.143353 -0.085293 0.170595 0.315441 0.180281 0.306370 0.088022 0.430635 -0.202526 -0.249515 0.154861 -0.210261 0.325895 -0.169609 0.079757 -0.021602 -0.042534 -0.186959 0.042349 -0.146704 -0.067950 -0.232541 -0.193932 -0.329604 -0.172470 -0.153401 -0.062219 0.026334 -0.330329 -0.377934 -0.047850 -0.049444 0.056933 0.108388
0.040824 0.083279 0.367012 0.276218 0.079746 -0.020120 0.577727 0.427848 0.270058 0.166681 0.589868 0.529714 1.000000 0.556484 0.227482 0.342013 -0.043281 -0.034510 -0.275430 -0.345200 -0.037319 -0.084433 0.286968 0.156863 0.062315 0.001481 -0.104113 -0.213196 0.184883 0.156969 0.128706 0.132970 0.034580 0.054456 0.056996 -0.095853 -0.064411 -0.299685 -0.021019 -0.136581 -0.121513 -0.168055 -0.216566 -0.187088 -0.129523 -0.139852 -0.253248 -0.339648 0.188934 -0.072009 0.192688 0.048415 0.118622 -0.159003 0.094207 -0.202426 -0.166172 -0.345793 0.293430 0.036502 0.576111 0.268488 0.390772 0.189654 0.206338 0.338541 0.035280 -0.169398 -0.318449 -0.380803 0.029295 0.172405 0.142073 0.105804 0.146972 0.225267 0.071628 -0.105918 0.008161 -0.003355 0.010972 -0.145772 -0.175941 -0.095942 0.054676 0.025932 -0.055336 -0.037441 -0.046349 0.041481 -0.340679 -0.140791 0.046886 0.096498 0.446135 -0.222443 -0.082504 0.101859 -0.328344 -0.244283 0.276348 0.144047 0.170883 -0.111837 -0.215737 -0.384572 -0.008660 -0.156429 -0.023787 0.027861 -0.326804 -0.412845 -0.120694 0.130745 0.255292 0.146993
0.016221 0.371773 0.041801 0.005380 0.001657 -0.019755 0.249782 0.131977 0.196419 0.312258 0.286288 0.574903 0.556484 1.000000 -0.061797 0.516602 -0.000718 0.015900 -0.390208 -0.283670 -0.123507 -0.101384 -0.115765 -0.103216 -0.178029 -0.178260 -0.363785 -0.430262 0.236970 0.387221 0.120725 0.012205 0.229084 0.238358 -0.069486 0.079442 -0.032187 -0.133818 0.130478 -0.109982 -0.000047 -0.033137 -0.321354 -0.320062 -0.059882 -0.229879 -0.332186 -0.449949 0.272210 0.165560 0.261584 0.165116 0.328002 -0.026778 0.381017 0.067004 -0.140660 -0.178172 0.386933 0.320082 0.501007 0.530385 0.498351 0.573602 -0.241080 0.161503 -0.185736 -0.355499 -0.245220 -0.077450 -0.017199 0.161709 0.230687 0.146800 0.143629 0.162880 -0.110141 -0.142522 0.012690 -0.100499 0.096693 -0.084977 -0.246637 -0.129608 -0.243530 -0.125381 -0.036132 -0.002930 -0.167719 0.257837 -0.265789 -0.200592 -0.110121 -0.146383 0.369926 -0.199279 0.002634 -0.016456 -0.190507 -0.037201 0.106692 0.069814 0.024373 -0.221172 -0.351511 -0.263013 0.100131 0.011036 -0.169774 -0.097603 -0.362376 -0.439780 -0.173973 -0.232510 0.088731 0.097948
-0.159847 -0.067792 0.175541 0.141790 0.020050 -0.044461 -0.023802 -0.077852 0.223733 -0.087354 0.468587 0.018663 0.227482 -0.061797 1.000000 0.376752 0.115911 0.222635 0.178740 0.129207 0.008676 -0.013308 0.628903 0.260247 0.346585 0.139534 0.161374 0.168474 0.195797 0.104143 0.313837 0.214912 -0.182660 -0.083955 0.133305 -0.233694 0.079019 -0.058797 0.071494 0.004235 0.079035 -0.055065 -0.149320 -0.243241 -0.254459 -0.218987 -0.091411 -0.287919 -0.222373 -0.347950 -0.070413 -0.051334 0.094046 0.175947 0.015622 -0.158329 -0.114190 -0.034275 -0.331191 -0.283134 -0.129841 -0.230230 -0.167017 -0.201753 0.427908 -0.076266 -0.405011 -0.263231 -0.138087 -0.120047 0.275621 0.098883 0.058202 0.238884 0.277823 0.147624 0.274045 0.121551 0.014231 0.158175 0.028301 0.189987 0.230444 0.260227 0.557879 0.259877 0.031871 0.118883 0.314785 0.026231 -0.039841 0.081668 0.104335 0.017893 0.115244 -0.078248 -0.126400 -0.101447 -0.053650 0.022350 -0.013023 0.026679 -0.013510 -0.163831 -0.114351 -0.155794 0.044122 -0.081369 0.026020 -0.097920 -0.250292 0.034245 -0.033330 0.126163 0.276390 0.021968
-0.081096 0.211119 0.027024 0.297201 -0.016343 0.382643 0.034640 0.202811 0.115310 0.720251 0.317150 0.543242 0.342013 0.516602 0.376752 1.000000 -0.115568 0.067909 -0.246141 -0.245669 0.035927 -0.099502 0.091956 0.221795 -0.046650 0.032238 0.057609 -0.097898 -0.083299 0.121311 0.026817 -0.009285 -0.234760 -0.156091 -0.170709 -0.189129 -0.081611 -0.167064 -0.012526 -0.017205 -0.233919 -0.189257 -0.335801 -0.461130 -0.260129 -0.362145 -0.265796 -0.422519 0.112856 -0.055652 0.234417 0.222047 0.334497 0.161564 0.278612 0.076296 -0.180207 -0.202845 0.124751 0.179095 0.162288 0.352140 0.129620 0.219908 0.091431 0.227204 -0.442063 -0.379824 -0.267925 -0.047564 0.047807 0.039618 -0.154027 0.112817 0.068831 0.227179 -0.189340 -0.168870 -0.067447 -0.101565 -0.028961 -0.064048 0.001134 0.156467 0.186646 0.235101 0.080140 0.083881 0.291390 0.447057 0.012533 0.103697 0.317880 0.031023 0.440298 -0.143682 -0.037268 0.036023 -0.092356 0.040609 0.088155 0.011915 0.141039 -0.214661 -0.231363 -0.285761 0.095483 -0.011221 -0.043709 -0.017097 -0.335633 -0.251758 -0.035508 -0.113351 0.152202 0.145573
0.462484 0.280303 -0.237388 -0.278224 -0.084709 -0.422332 -0.198631 -0.424334 -0.014644 -0.248537 0.059366 -0.203813 -0.043281 -0.000718 0.115911 -0.115568 1.000000 0.698016 0.257391 0.520017 -0.078464 -0.172904 -0.131122 -0.354165 -0.093305 -0.245433 -0.100346 -0.176887 0.779485 0.517442 -0.031363 -0.089535 0.467071 0.381700 0.139144 -0.082633 0.448820 -0.172231 0.099215 -0.322573 0.401193 0.003684 -0.008403 -0.011758 0.032333 0.059159 -0.131957 -0.147808 -0.495197 -0.272913 -0.538710 -0.554768 -0.446302 -0.355851 -0.319724 -0.421134 0.662489 0.635867 -0.208735 -0.411027 -0.014305 -0.204296 0.276772 0.226908 0.037772 -0.399077 0.138795 -0.283537 0.516232 0.161985 -0.048504 -0.111638 0.719025 0.348843 0.433706 0.082559 0.409762 0.153468 0.745046 0.500600 0.691570 0.686101 -0.158106 -0.079085 -0.089230 -0.233201 -0.177643 -0.138721 -0.220539 -0.430583 -0.217990 -0.100517 -0.222235 -0.012595 0.151278 -0.197114 -0.355330 -0.173858 -0.217202 0.172086 -0.100283 0.094288 -0.013844 0.119974 -0.075476 0.106300 0.069278 0.020790 -0.067080 -0.092025 -0.273204 0.111981 0.126161 0.212190 0.101911 0.073153
0.271648 0.125762 -0.337389 -0.042783 -0.363570 -0.304201 -0.229305 -0.217025 -0.143913 -0.050458 0.153079 0.065767 -0.034510 0.015900 0.222635 0.067909 0.698016 1.000000 0.006935 0.214904 -0.022473 -0.076525 -0.012644 -0.160756 -0.132522 -0.051548 -0.253008 -0.337970 0.589942 0.618829 0.057725 0.183495 0.367045 0.366759 0.053942 -0.195036 0.315156 -0.045993 0.183320 -0.125801 0.316957 -0.022103 -0.030153 -0.069562 0.021655 -0.022511 -0.111789 -0.290437 -0.446186 -0.206089 -0.315424 -0.406619 -0.307768 -0.185679 -0.218685 -0.146888 0.544654 0.508390 -0.372992 -0.508555 -0.183298 -0.168310 0.103544 0.213514 0.255075 -0.149361 -0.091609 -0.367369 0.351833 -0.106896 -0.106462 -0.049650 0.568098 0.420687 0.473182 0.062103 0.400646 0.116713 0.706254 0.624410 0.562598 0.609905 0.005533 0.082134 0.212363 0.071069 0.124539 0.199132 0.020328 -0.194209 -0.304919 -0.283532 -0.105796 -0.138467 0.257124 -0.084768 -0.085907 -0.075037 0.001307 0.274845 -0.111539 -0.065206 -0.109091 -0.206657 -0.224652 -0.159097 -0.112655 -0.143489 -0.012372 0.056067 -0.296638 0.129418 0.097432 0.161809 0.082912 -0.000686
0.266457 0.094469 0.072399 -0.196600 0.024694 -0.207223 -0.075330 -0.225249 -0.072466 -0.336475 -0.006906 -0.415016 -0.275430 -0.390208 0.178740 -0.246141 0.257391 0.006935 1.000000 0.675963 0.010854 -0.077585 -0.071838 -0.289743 -0.077281 -0.319587 0.086721 0.270657 0.174840 -0.006697 -0.034695 -0.221510 0.169762 0.107106 -0.118096 -0.143480 0.318511 0.021704 -0.117309 -0.147464 0.241586 0.172791 0.035474 -0.066907 -0.266638 -0.188576 -0.017977 0.168685 -0.412712 -0.381458 -0.451265 -0.304361 -0.246796 -0.095174 -0.238008 -0.436466 0.208799 0.316514 -0.121070 -0.109826 -0.078766 -0.189985 0.067370 -0.077472 -0.172501 -0.469809 0.197474 0.010207 0.386341 0.429318 0.188440 -0.055706 0.158708 0.061804 0.138769 0.113107 0.291973 0.168004 0.121653 0.027830 0.048641 0.206881 0.014488 0.234516 -0.191189 -0.283253 -0.308028 -0.413008 -0.188753 -0.333850 0.157571 0.314993 -0.001006 0.135099 -0.297096 0.035514 -0.252260 -0.298737 -0.135793 -0.000325 -0.173711 0.233631 0.103380 0.329393 0.312848 0.240162 0.030512 0.078128 -0.068515 -0.065128 0.128807 0.358511 -0.036766 0.134064 0.001944 -0.050439
0.432446 0.346386 -0.307435 -0.456932 0.056695 -0.337768 -0.407550 -0.561428 -0.014959 -0.373465 -0.183774 -0.452391 -0.345200 -0.283670 0.129207 -0.245669 0.520017 0.214904 0.675963 1.000000 0.047603 -0.065080 -0.222350 -0.472870 -0.025353 -0.430377 0.106165 0.227543 0.393149 0.119589 -0.196716 -0.423898 0.228569 0.171441 0.054755 -0.011743 0.396807 0.128211 0.071077 -0.076560 0.452284 0.242155 0.013810 -0.025227 -0.091088 -0.095323 0.007834 0.170205 -0.540239 -0.278182 -0.591378 -0.371548 -0.274213 -0.067793 -0.196443 -0.296745 0.455598 0.604015 -0.307986 -0.271123 -0.271666 -0.269441 -0.123019 -0.054528 -0.304285 -0.474692 0.022862 -0.242662 0.630112 0.536460 0.215334 -0.068308 0.361761 0.147999 0.230874 0.134811 0.328786 0.263841 0.309087 0.271051 0.294845 0.464859 0.087218 0.053013 -0.258723 -0.364904 -0.247199 -0.271520 -0.167987 -0.344119 0.184429 0.230324 -0.157734 0.037125 -0.226039 0.029390 -0.222412 -0.148109 0.023219 0.276675 -0.303860 0.080819 -0.025685 0.232904 0.082633 0.310580 0.133077 0.158080 -0.091422 -0.070620 0.113638 0.390818 0.190035 0.125382 0.015466 0.060748
0.109302 0.095539 0.044036 0.149623 0.002792 0.025234 0.064052 0.168232 -0.167952 -0.065098 0.022439 -0.030962 -0.037319 -0.123507 0.008676 0.035927 -0.078464 -0.022473 0.010854 0.047603 1.000000 0.503720 0.022899 0.052637 -0.049731 -0.040222 0.296690 0.138670 -0.057981 0.205536 0.058711 0.109902 -0.118016 0.056264 -0.211584 -0.106820 -0.007424 0.042818 -0.186130 0.278613 -0.127370 0.244484 -0.125540 -0.156650 -0.151311 -0.178563 -0.035111 0.042625 -0.045467 -0.067935 -0.003877 -0.000200 0.109720 0.098544 -0.307135 -0.143753 0.092434 0.014761 -0.039571 0.092633 -0.037693 0.180891 -0.037896 0.106660 0.011016 0.030909 -0.224344 -0.059123 -0.120309 0.032740 0.314589 0.275420 0.087038 0.218535 0.231863 0.321729 0.010538 -0.089864 0.085598 0.083013 0.039118 0.084593 0.110490 0.189474 -0.037904 0.042362 -0.224614 -0.058567 -0.042618 -0.050707 0.100269 0.034951 0.048056 0.080783 0.119176 0.333253 -0.106552 -0.035611 -0.033414 -0.115954 -0.051290 -0.028212 0.037105 -0.172921 -0.199083 -0.302922 -0.260851 -0.260430 0.293510 0.338943 0.217091 0.002180 0.055363 0.200547 0.095145 0.162751
-0.016959 -0.008808 0.045200 -0.112343 -0.179921 -0.147818 0.024638 0.010287 -0.271861 -0.191076 -0.112428 -0.237184 -0.084433 -0.101384 -0.013308 -0.099502 -0.172904 -0.076525 -0.077585 -0.065080 0.503720 1.000000 0.091180 -0.022965 -0.074940 0.059392 0.022365 0.157055 -0.057502 0.170861 0.300120 0.302282 0.048390 0.222030 0.058519 0.093677 -0.060881 0.175495 0.176526 0.354262 0.061741 0.319487 -0.077322 -0.028114 -0.034952 -0.079218 -0.010271 0.000865 -0.055602 -0.045762 -0.150443 -0.107583 0.050250 0.114574 -0.111758 0.099656 0.068117 0.058455 -0.079830 -0.036369 -0.122975 0.013013 -0.162904 -0.000435 -0.013736 -0.068217 -0.110053 -0.025258 -0.029368 -0.061373 0.241477 0.344156 0.174986 0.156499 0.137655 0.312054 -0.053781 -0.038987 -0.023520 0.092381 -0.118454 0.013159 0.145568 0.148813 -0.054914 -0.110397 0.069926 0.073075 0.035152 0.020958 -0.113952 -0.141791 -0.080512 0.028716 0.149329 0.403222 0.108639 0.249927 -0.082326 0.000507 -0.012492 -0.200740 -0.136151 -0.282767 -0.220658 -0.082493 -0.068887 -0.058345 0.294637 0.388313 0.344752 -0.055335 -0.108010 0.095834 0.123220 0.122465
-0.319056 -0.390435 0.548989 0.264014 0.185312 0.014437 0.343535 0.175810 0.244148 -0.102292 0.423762 0.031158 0.286968 -0.115765 0.628903 0.091956 -0.131122 -0.012644 -0.071838 -0.222350 0.022899 0.091180 1.000000 0.622605 0.601913 0.449933 0.179794 0.129543 -0.047572 -0.147845 0.565258 0.527114 -0.209508 0.007174 0.233366 0.005524 -0.229310 -0.235416 -0.047518 0.036677 -0.150924 -0.152547 -0.072654 -0.086826 -0.093566 -0.090506 0.014451 -0.179402 0.024539 -0.184369 0.166489 0.023993 0.056481 0.104952 -0.036307 -0.060239 -0.241652 -0.275688 -0.136076 -0.282620 -0.008066 -0.266419 -0.213465 -0.305506 0.544348 0.052967 -0.192825 0.033022 -0.370100 -0.356539 0.235351 0.298285 -0.116734 0.014245 0.032123 0.097817 0.064147 -0.047581 -0.060124 0.054669 -0.134752 -0.085251 0.053001 0.030681 0.512435 0.237157 0.083671 0.177542 0.356921 0.016830 0.021316 0.068943 0.125373 0.090130 0.107669 -0.051853 0.098076 0.001275 0.021102 -0.143230 0.124374 0.029831 0.031743 -0.257267 -0.188044 -0.396817 -0.227075 -0.357003 0.198089 0.084487 -0.080747 -0.175161 -0.140623 0.055583 0.283017 -0.206058
-0.340657 -0.425649 0.395366 0.656156 0.025621 0.543158 0.264607 0.530722 -0.001451 0.280492 0.271570 0.344692 0.156863 -0.103216 0.260247 0.221795 -0.354165 -0.160756 -0.289743 -0.472870 0.052637 -0.022965 0.622605 1.000000 0.345015 0.695942 0.253369 0.096005 -0.384358 -0.373552 0.214891 0.550532 -0.393508 -0.255072 -0.088043 -0.145178 -0.417291 -0.220573 -0.231858 0.239142 -0.495601 -0.226644 -0.099674 -0.136616 -0.242855 -0.110131 -0.024221 -0.121218 0.196892 -0.163853 0.366028 0.185296 0.145783 0.078102 -0.012570 0.071431 -0.347540 -0.491592 0.020241 -0.106337 -0.005864 -0.050926 -0.151130 -0.246218 0.443435 0.432905 -0.221550 0.219093 -0.456111 -0.360523 -0.042374 0.132261 -0.428691 -0.293964 -0.150004 -0.114372 -0.144795 -0.175468 -0.254123 -0.158027 -0.307958 -0.354953 0.090602 0.077415 0.426750 0.382116 0.088064 0.276573 0.479125 0.321739 0.204166 0.126689 0.432666 -0.032453 0.122988 0.066590 0.229308 0.044327 0.079454 -0.181540 0.206516 -0.121406 0.060373 -0.165931 -0.074569 -0.438389 -0.349297 -0.401010 0.176325 0.233229 0.029043 -0.196420 -0.064623 0.062179 0.159203 -0.160211
-0.148948 -0.178218 0.216080 0.031553 0.629042 0.007246 -0.008327 -0.047615 0.596924 -0.167238 0.105098 0.018325 0.062315 -0.178029 0.346585 -0.046650 -0.093305 -0.132522 -0.077281 -0.025353 -0.049731 -0.074940 0.601913 0.345015 1.000000 0.353132 0.329736 0.189620 -0.155677 -0.236409 0.233993 0.081200 -0.308669 -0.209181 0.215986 -0.011277 -0.174055 -0.076503 -0.079423 0.011329 -0.161720 -0.062468 0.014029 0.034777 -0.031024 0.001141 0.068660 0.033502 0.016505 -0.082497 0.124610 0.125587 0.099428 0.127449 0.114847 -0.025778 -0.192269 -0.156929 -0.073590 -0.124472 -0.104558 -0.230147 -0.295158 -0.242151 0.228523 0.090336 -0.116304 0.076264 -0.101043 -0.120818 0.235040 0.093874 -0.252153 -0.196366 -0.140577 -0.046942 -0.003310 0.034811 -0.123814 0.138303 -0.087737 -0.068319 0.118231 -0.017410 0.301143 0.171749 0.179125 0.193291 0.241140 0.018741 0.084771 0.001516 -0.117917 -0.134611 -0.136942 -0.132477 0.003590 0.002400 0.103735 -0.147868 -0.112547 -0.118460 -0.157039 -0.125664 -0.154603 -0.054982 -0.068599 -0.111102 0.107995 -0.169335 -0.010420 -0.167862 0.030451 -0.117040 -0.013158 0.007889
-0.214942 -0.468210 0.113659 0.310895 -0.109342 0.559702 -0.013568 0.174005 -0.212313 0.259534 0.118806 0.179692 0.001481 -0.178260 0.139534 0.032238 -0.245433 -0.051548 -0.319587 -0.430377 -0.040222 0.059392 0.449933 0.695942 0.353132 1.000000 0.174970 0.006851 -0.203892 -0.299818 0.126497 0.559864 -0.291943 -0.347082 -0.056847 -0.250590 -0.357670 -0.213548 -0.180951 0.105734 -0.385167 -0.328699 0.096860 0.161738 -0.042421 0.159667 0.122412 -0.074709 0.172889 -0.047277 0.327511 0.163557 0.081125 0.082820 0.006219 0.246950 -0.218108 -0.383242 0.023929 -0.170414 -0.210040 -0.317882 -0.259465 -0.377810 0.288297 0.284643 -0.071832 0.215223 -0.240389 -0.433056 -0.251596 0.042095 -0.282334 -0.203660 -0.137416 -0.236230 -0.125104 -0.125217 -0.142716 0.070901 -0.156967 -0.229658 0.210041 -0.076757 0.494477 0.330516 0.129231 0.290770 0.338849 0.238025 0.034348 0.032249 0.263706 -0.098655 0.171313 -0.033592 0.254088 0.157385 0.192048 0.018663 0.183719 -0.124956 0.015519 -0.011909 0.070888 -0.166327 -0.263225 -0.287791 0.086144 0.086244 -0.093780 -0.021822 0.164559 0.049132 0.077665 -0.249600
-0.022029 -0.046019 0.101522 0.273095 0.396449 0.430498 -0.063981 0.081283 0.160996 0.017787 -0.161820 -0.115235 -0.104113 -0.363785 0.161374 0.057609 -0.100346 -0.253008 0.086721 0.106165 0.296690 0.022365 0.179794 0.253369 0.329736 0.174970 1.000000 0.673774 -0.196026 -0.267692 -0.085126 -0.119536 -0.420678 -0.341669 0.011166 -0.044811 -0.237481 -0.137428 -0.323612 0.074793 -0.314644 -0.202900 0.033236 -0.040635 -0.309620 -0.140393 0.090944 0.101747 -0.070815 -0.261880 0.030596 0.070670 0.043268 0.083338 -0.199525 -0.262396 -0.055998 -0.026043 -0.042261 0.064071 -0.084344 -0.064114 -0.321521 -0.280434 0.133168 0.122958 -0.000767 0.042539 0.119078 0.151834 0.019992 -0.136355 -0.308771 -0.279254 -0.242014 -0.103364 -0.121895 -0.024094 -0.157639 0.025038 -0.052379 -0.004184 0.164465 0.151885 0.155071 0.123428 -0.226994 -0.156420 0.235250 -0.046146 0.184714 0.123228 0.196016 0.092368 -0.041033 -0.096020 -0.331180 0.015698 -0.089055 -0.248865 0.096530 -0.070760 0.153611 0.256045 0.159376 0.156800 0.083917 0.057833 -0.057421 -0.081072 0.034942 0.104002 0.048723 0.101682 -0.013596 0.197274
-0.007688 -0.017565 0.107339 0.064011 0.226399 0.304941 -0.123240 -0.031102 0.010254 -0.165098 -0.244475 -0.365884 -0.213196 -0.430262 0.168474 -0.097898 -0.176887 -0.337970 0.270657 0.227543 0.138670 0.157055 0.129543 0.096005 0.189620 0.006851 0.673774 1.000000 -0.272234 -0.416017 -0.120346 -0.232250 -0.321548 -0.248415 0.194266 0.099044 -0.114395 0.017834 -0.127921 0.050497 -0.050355 0.038154 -0.109597 -0.091665 -0.300291 -0.174275 -0.016729 0.094332 -0.215334 -0.295211 -0.073968 -0.051293 0.071694 0.067432 0.001893 -0.205853 -0.013743 0.108178 -0.009664 0.053456 -0.046531 -0.108398 -0.237900 -0.286983 0.000773 -0.080843 0.009947 0.140404 0.166993 0.262633 0.064443 -0.146481 -0.302065 -0.206912 -0.281846 -0.008672 -0.063473 0.071320 -0.271040 -0.087653 -0.197573 -0.021069 0.293484 0.318912 0.050007 0.099006 -0.109245 -0.072531 0.295121 0.016772 0.179089 0.161195 0.129058 0.077823 -0.215915 -0.019132 -0.260511 -0.020159 -0.118647 -0.095757 -0.031400 -0.060608 0.027639 0.212692 0.155463 0.317622 0.171566 0.231108 -0.072924 -0.133005 0.174085 0.203615 -0.029590 -0.077871 -0.164947 0.086277
0.278225 0.196767 -0.108041 -0.270591 -0.144558 -0.477909 -0.025264 -0.331801 -0.007828 -0.285960 0.166302 -0.135301 0.184883 0.236970 0.195797 -0.083299 0.779485 0.589942 0.174840 0.393149 -0.057981 -0.057502 -0.047572 -0.384358 -0.155677 -0.203892 -0.196026 -0.272234 1.000000 0.662314 0.198962 0.102347 0.571870 0.499448 0.186465 -0.000299 0.365937 -0.180967 0.164718 -0.348998 0.460974 -0.064584 0.005221 0.022655 0.059706 0.034673 -0.117381 -0.251236 -0.335335 -0.205299 -0.411345 -0.431981 -0.335531 -0.283484 -0.244789 -0.353903 0.439052 0.396737 -0.197859 -0.358413 0.051008 -0.197271 0.326590 0.187178 -0.050374 -0.385496 0.128002 -0.338186 0.394563 0.001100 0.033771 0.012582 0.894681 0.392007 0.552043 0.071534 0.420607 0.171910 0.639203 0.478113 0.661036 0.602739 -0.065421 -0.073970 -0.047457 -0.299870 -0.249482 -0.164033 -0.331453 -0.471840 -0.395403 -0.210233 -0.262316 -0.032894 0.273004 -0.235937 -0.288702 -0.107697 -0.185072 0.127447 0.073223 0.138790 0.070613 0.087969 -0.103987 0.037260 0.082519 -0.041804 -0.139414 -0.123923 -0.394789 0.054006 0.021763 0.121553 0.216246 0.010493
0.168286 0.291496 -0.093330 -0.096380 -0.156150 -0.421196 0.031770 -0.093124 0.013104 -0.147697 0.108722 0.046422 0.156969 0.387221 0.104143 0.121311 0.517442 0.618829 -0.006697 0.119589 0.205536 0.170861 -0.147845 -0.373552 -0.236409 -0.299818 -0.267692 -0.416017 0.662314 1.000000 0.304962 0.226302 0.468787 0.609986 0.034886 0.013922 0.240200 -0.069022 0.137071 -0.154925 0.303597 0.132098 -0.189714 -0.207064 -0.029203 -0.144551 -0.286570 -0.394869 -0.283893 -0.135697 -0.333102 -0.386287 -0.164135 -0.217552 -0.182427 -0.290691 0.319212 0.317713 -0.092672 -0.153047 0.148607 0.198958 0.395193 0.523665 -0.005972 -0.236565 -0.035854 -0.360287 0.201395 0.029140 0.185881 0.180132 0.756358 0.582362 0.590011 0.311303 0.353194 0.170888 0.539923 0.435358 0.572802 0.571793 0.001557 0.188888 -0.158186 -0.164839 -0.081117 -0.016157 -0.253471 -0.228739 -0.440315 -0.384135 -0.230661 -0.161911 0.303378 -0.067537 -0.277062 -0.145180 -0.317334 0.008755 0.012981 0.040926 -0.012598 -0.228740 -0.346869 -0.209886 0.105964 -0.015536 -0.037930 -0.026580 -0.303309 -0.128193 -0.089598 0.035818 0.144580 0.252895
-0.374826 -0.247413 0.573033 0.139911 0.096941 -0.279572 0.398816 0.179229 0.153753 -0.231634 0.265305 -0.107923 0.128706 0.120725 0.313837 0.026817 -0.031363 0.057725 -0.034695 -0.196716 0.058711 0.300120 0.565258 0.214891 0.233993 0.126497 -0.085126 -0.120346 0.198962 0.304962 1.000000 0.734663 0.177163 0.515428 0.203626 0.256208 -0.199612 -0.213028 -0.016392 -0.067417 -0.009540 -0.076474 -0.117612 -0.053297 0.051952 -0.036300 -0.102161 -0.237559 -0.063438 -0.074083 -0.051990 -0.158081 -0.036340 -0.062301 -0.192596 -0.183696 -0.250929 -0.175173 -0.187854 -0.158210 0.065505 0.015364 0.005262 0.094158 0.336624 -0.112015 -0.112447 0.076697 -0.349176 -0.261852 0.426811 0.542275 0.228739 0.208384 0.217589 0.162788 0.072412 0.059652 0.036076 0.018310 -0.009386 0.019174 -0.085374 0.111696 0.112153 -0.085267 -0.088672 -0.036187 -0.070684 -0.241625 -0.171361 -0.154733 -0.018053 0.042934 0.056166 0.012134 0.023047 -0.141922 -0.152426 -0.194424 0.236759 0.099294 0.077926 -0.290235 -0.194601 -0.235543 -0.023667 -0.198353 0.105573 0.028810 -0.013637 -0.205490 -0.202618 -0.095263 0.215035 -0.165326
-0.304644 -0.392041 0.406307 0.403507 -0.249146 0.040887 0.321353 0.358930 -0.207985 -0.062216 0.296833 0.095930 0.132970 0.012205 0.214912 -0.009285 -0.089535 0.183495 -0.221510 -0.423898 0.109902 0.302282 0.527114 0.550532 0.081200 0.559864 -0.119536 -0.232250 0.102347 0.226302 0.734663 1.000000 0.097700 0.353392 0.029419 0.004618 -0.268363 -0.261065 -0.093664 0.061583 -0.166906 -0.186551 -0.050446 0.030835 0.016746 0.047868 -0.046249 -0.267832 -0.018758 -0.111292 0.086369 -0.150919 -0.047954 -0.089984 -0.255410 -0.037023 -0.197620 -0.284829 -0.147028 -0.290979 -0.017784 -0.072243 0.018157 -0.011787 0.455707 0.118128 -0.100615 0.165792 -0.354901 -0.485392 0.120213 0.432934 0.139325 0.140882 0.237546 0.035166 0.088520 -0.021080 0.089622 0.109992 0.006689 -0.021547 0.056192 0.146999 0.318022 0.127240 -0.021440 0.184645 0.084614 -0.089807 -0.204241 -0.213879 0.146876 -0.108163 0.187204 0.052333 0.176208 -0.046863 -0.056901 -0.125259 0.330668 -0.026293 0.078942 -0.292202 -0.145199 -0.397414 -0.277526 -0.398405 0.142992 0.205744 -0.052834 -0.179961 -0.076062 0.079527 0.274028 -0.214732
0.281282 0.241434 -0.106968 -0.241831 -0.306419 -0.435641 0.069250 -0.169867 -0.121872 -0.270106 0.031326 -0.111324 0.034580 0.229084 -0.182660 -0.234760 0.467071 0.367045 0.169762 0.228569 -0.118016 0.048390 -0.209508 -0.393508 -0.308669 -0.291943 -0.420678 -0.321548 0.571870 0.468787 0.177163 0.097700 1.000000 0.771887 0.069814 0.055095 0.312954 -0.021012 0.238479 -0.191298 0.408036 0.123107 -0.129021 -0.007011 0.117359 0.043893 -0.182986 -0.158473 -0.235050 0.047321 -0.354713 -0.372500 -0.250720 -0.273094 -0.088636 -0.145770 0.349418 0.311713 0.021644 -0.044242 0.135155 0.056014 0.423440 0.362264 -0.293545 -0.335643 0.275150 -0.196719 0.337787 -0.031849 -0.032514 -0.033918 0.643197 0.305984 0.370927 0.115200 0.268896 0.100879 0.453943 0.222938 0.373903 0.307439 -0.184097 -0.124564 -0.339805 -0.379059 -0.053565 -0.096617 -0.416463 -0.306361 -0.341931 -0.282926 -0.342893 -0.162536 0.014077 -0.018217 -0.018974 -0.024139 -0.151532 0.135515 0.022564 0.037413 -0.076064 -0.032821 -0.109490 -0.010195 -0.085220 -0.072165 -0.067651 0.065051 -0.095456 -0.049693 -0.103190 -0.011493 0.032903 -0.099415
0.164719 0.175835 0.134124 -0.146192 -0.143335 -0.510568 0.232934 -0.051677 -0.020477 -0.304450 0.025929 -0.214257 0.054456 0.238358 -0.083955 -0.156091 0.381700 0.366759 0.107106 0.171441 0.056264 0.222030 0.007174 -0.255072 -0.209181 -0.347082 -0.341669 -0.248415 0.499448 0.609986 0.515428 0.353392 0.771887 1.000000 0.165057 0.343953 0.211985 -0.092865 0.210345 -0.131540 0.399918 0.202608 -0.240949 -0.164950 0.104354 -0.092371 -0.295615 -0.256219 -0.328662 -0.053720 -0.423381 -0.522325 -0.267149 -0.330020 -0.214388 -0.277017 0.286085 0.299279 -0.076825 -0.166650 0.241047 0.179167 0.376348 0.475307 -0.047670 -0.387525 0.138782 -0.109571 0.158065 0.016685 0.252879 0.282476 0.624420 0.399568 0.392361 0.270639 0.270223 0.164838 0.439233 0.178016 0.345414 0.350290 -0.136536 0.100037 -0.334634 -0.385432 -0.083585 -0.081554 -0.283489 -0.365169 -0.275235 -0.252778 -0.238654 -0.091441 0.024173 0.079329 -0.045670 -0.134666 -0.253170 0.052955 0.121144 0.074759 0.028773 -0.226427 -0.300924 -0.213569 -0.109544 -0.157818 0.044127 0.132432 0.030289 -0.141876 -0.176633 -0.006883 0.146399 -0.019450
-0.194360 -0.202957 0.057604 -0.314824 0.084060 -0.299101 -0.031424 -0.252406 0.188743 -0.247290 -0.151734 -0.268795 0.056996 -0.069486 0.133305 -0.170709 0.139144 0.053942 -0.118096 0.054755 -0.211584 0.058519 0.233366 -0.088043 0.215986 -0.056847 0.011166 0.194266 0.186465 0.034886 0.203626 0.029419 0.069814 0.165057 1.000000 0.572182 0.146258 0.171145 0.349709 -0.084816 0.362020 0.088285 -0.039936 0.128745 0.213772 0.156171 -0.025148 -0.037305 -0.099438 0.008744 -0.174434 -0.217634 -0.176381 -0.200356 0.110048 0.059029 0.009922 0.036617 -0.141836 -0.230389 -0.103177 -0.359299 -0.205753 -0.268923 0.069095 -0.146998 0.204730 0.128252 0.135039 0.045029 0.185314 0.170253 0.175419 0.095592 -0.004031 -0.062443 0.199337 0.392296 -0.015533 0.067882 0.045108 0.095862 0.047921 -0.013202 0.054321 -0.075866 0.137509 0.135091 0.084639 -0.213229 -0.248653 -0.149645 -0.290325 -0.012117 -0.093622 0.012890 0.021905 0.169779 -0.073756 0.022124 -0.003015 -0.111449 -0.032844 -0.079257 -0.042439 0.184210 0.306933 0.262862 0.037126 -0.207941 -0.016954 0.007936 -0.082067 -0.165112 -0.091597 0.031414
-0.289809 -0.169416 0.226470 -0.235684 0.211080 -0.222380 0.196692 -0.061639 0.156889 -0.141427 -0.331117 -0.370718 -0.095853 0.079442 -0.233694 -0.189129 -0.082633 -0.195036 -0.143480 -0.011743 -0.106820 0.093677 0.005524 -0.145178 -0.011277 -0.250590 -0.044811 0.099044 -0.000299 0.013922 0.256208 0.004618 0.055095 0.343953 0.572182 1.000000 -0.031853 0.068656 0.094127 -0.119565 0.179508 0.088603 -0.118446 0.033395 0.353576 0.151696 -0.135100 0.043127 0.037821 0.267519 -0.115340 -0.186176 -0.137669 -0.217192 0.050567 0.024470 -0.113348 -0.012407 0.011706 0.043933 0.071699 -0.021451 -0.124258 -0.023586 -0.058998 -0.244925 0.223538 0.312585 -0.070855 0.220628 0.163603 0.271107 0.059084 0.022862 -0.081592 0.037834 -0.044652 0.183434 -0.096861 -0.195126 -0.030230 -0.030054 -0.093075 -0.010816 -0.196237 -0.170366 -0.003409 -0.042287 -0.003569 -0.171770 0.045586 0.054301 -0.084575 0.188835 -0.154633 0.022197 -0.028485 -0.031472 -0.097998 -0.068314 0.189191 0.096843 0.206420 0.007229 -0.031285 0.067477 0.225235 0.126203 -0.059643 -0.202088 0.103083 -0.089714 -0.201161 -0.229388 -0.038399 -0.030704
