1.000000 0.544229 -0.017359 -0.039442 -0.265253 0.002054 0.015598 -0.000685 0.010072 -0.079096 0.347187 0.295018 0.211436 0.315087 0.173500 0.074558 0.311587 0.275158 0.119666 0.163210 -0.176710 -0.161072 -0.064351 -0.092666 -0.283452 -0.228733 -0.090082 0.022232 0.277225 0.190196 0.011514 -0.148842 0.309803 0.212306 0.087814 -0.265399 0.175519 -0.175768 -0.152398 0.005198 -0.041450 0.030165 -0.238454 -0.315747 -0.157266 -0.302982 -0.333621 -0.366628 -0.050973 -0.196097 -0.239858 -0.045024 0.126447 -0.193056 -0.020992 -0.041242 0.635827 0.233999 0.152475 0.044213 0.296826 0.141914 0.266033 0.278341 0.045154 0.099600 -0.036174 -0.430165 0.306441 -0.206168 0.004090 -0.064066 0.177122 -0.024841 0.011392 -0.058043 -0.121513 -0.267480 0.259206 0.030707 0.266849 0.320813 0.078246 0.199737 0.121216 0.170571 -0.171394 -0.152921 0.077342 0.057398 -0.232017 -0.231717 -0.017489 -0.033431 -0.166389 -0.266761 -0.078618 -0.099854 -0.111693 -0.185671 -0.030236 -0.025793 -0.084697 -0.150984 -0.212827 -0.258644 0.030401 -0.274149 -0.208321 -0.133922 -0.354039 -0.125638 -0.048759 -0.081453 -0.227829 -0.229803
0.544229 1.000000 -0.195816 0.076189 -0.232373 -0.110435 -0.153253 0.097849 -0.023204 -0.025995 -0.076586 0.388632 -0.047496 0.282280 -0.173172 -0.131760 0.401694 0.359662 0.089279 0.469684 -0.219288 -0.219823 -0.268488 -0.286726 -0.271401 -0.359942 -0.218786 -0.218147 0.220746 0.060918 -0.046402 -0.196083 0.375956 0.122886 0.192556 -0.271070 0.068766 -0.058461 -0.129606 0.008570 -0.035117 0.055730 -0.206429 -0.336091 -0.210586 -0.311146 -0.461006 -0.405134 -0.185660 -0.241264 -0.324828 -0.079604 0.000108 -0.295173 -0.105574 -0.111944 0.427196 0.690395 0.142707 0.346713 0.244408 0.416127 0.237782 0.627325 -0.028921 0.184906 0.130852 -0.262212 0.501518 0.025754 -0.086366 -0.066067 0.164963 0.069313 -0.059334 -0.059875 -0.102281 -0.220792 0.346388 0.105051 0.423419 0.441939 0.029666 0.118443 0.103791 0.216458 -0.208262 -0.191043 -0.136379 -0.019017 -0.349895 -0.328827 -0.213987 -0.277264 -0.162733 -0.328719 -0.120233 -0.078460 -0.124117 -0.273617 -0.160628 -0.170873 -0.159996 -0.325541 -0.356658 -0.344529 0.185990 -0.195414 -0.217531 -0.062432 -0.457263 -0.120255 -0.100264 -0.334643 -0.424747 -0.327979
-0.017359 -0.195816 1.000000 0.170296 -0.005934 -0.185173 0.628033 0.119183 0.158719 -0.163582 0.017574 -0.356104 -0.003340 -0.194282 0.099584 0.005496 -0.273015 -0.349803 0.526432 -0.037117 -0.067100 -0.200394 0.718792 0.419068 -0.059275 0.005354 -0.070637 0.017898 -0.283376 -0.173921 -0.079410 0.234670 -0.098121 0.166186 -0.006167 0.267948 0.239340 -0.127608 -0.244999 -0.343817 -0.226625 0.113447 0.253002 0.301486 0.296230 0.160964 0.025563 0.239754 0.440173 0.105178 0.247306 0.001705 0.084196 0.008689 -0.182565 -0.402807 -0.203764 -0.173106 0.252061 -0.213610 0.199499 -0.071771 -0.312741 -0.463784 0.369388 0.033360 0.138559 0.261497 -0.222731 -0.109593 -0.055620 -0.084486 -0.322787 -0.195562 -0.089775 -0.039504 0.206874 -0.088361 -0.385358 -0.111788 -0.430253 -0.315159 -0.289443 -0.206503 -0.120881 -0.471382 -0.295152 -0.109265 0.083741 -0.337740 -0.112249 0.122245 -0.065001 0.222986 -0.011545 -0.223311 -0.226445 -0.080355 -0.378059 -0.073689 0.209008 0.107478 0.203410 0.344222 -0.129105 -0.184539 -0.195683 -0.185838 0.027941 -0.264030 0.293054 0.145132 0.051387 0.310050 -0.001018 -0.124112
-0.039442 0.076189 0.170296 1.000000 -0.087088 0.120608 0.136675 0.567369 0.034748 0.108481 0.096057 0.005814 -0.004640 -0.010366 0.006738 -0.103848 -0.093143 -0.093992 0.164161 0.236169 -0.178581 -0.094724 0.294929 0.375087 -0.052908 0.107284 -0.064049 0.121432 -0.155939 -0.220038 0.071000 0.393271 -0.066211 0.067366 -0.169901 0.248195 0.040004 0.002728 -0.152159 -0.112920 -0.321844 -0.111115 -0.125141 -0.016213 0.041179 0.007284 -0.080099 0.008259 -0.027629 -0.008987 -0.035823 -0.084578 -0.085026 -0.125803 -0.141491 -0.356126 -0.042430 0.075732 0.001081 0.028897 -0.006942 -0.017500 0.026079 0.087059 0.265557 0.295020 -0.222801 0.062064 -0.120375 -0.125467 -0.028567 0.060041 -0.290427 -0.096965 -0.282321 0.003537 0.024455 0.062725 -0.187324 0.189119 -0.201199 -0.057063 -0.056387 0.160876 -0.045241 -0.062424 -0.252774 -0.158911 0.090284 -0.123587 -0.047120 -0.065264 0.087684 0.004433 -0.235535 -0.276463 -0.127494 -0.159649 -0.179903 -0.177305 0.289259 -0.043357 0.117370 -0.138903 -0.278550 -0.278302 0.072754 -0.258139 -0.092812 -0.092569 -0.067047 -0.054530 -0.016586 0.041515 -0.185610 -0.336371
-0.265253 -0.232373 -0.005934 -0.087088 1.000000 0.491497 0.116467 0.055321 0.013726 -0.071561 -0.074200 -0.288224 -0.112843 -0.201914 0.067411 0.210333 -0.109690 -0.294577 -0.005251 0.071627 0.380959 0.237479 -0.082279 -0.081633 0.163112 -0.109004 0.580686 0.305052 -0.112124 0.067007 -0.205188 -0.259610 -0.138554 -0.145737 -0.018344 -0.021524 -0.003341 -0.249744 -0.170467 -0.196836 0.086524 0.081936 0.153473 0.143000 0.239542 0.166219 0.329263 0.198202 -0.034463 0.260411 0.032689 0.095125 -0.061594 0.120086 0.053799 0.183346 -0.095389 -0.156513 -0.061804 0.084147 0.014678 0.181914 -0.278093 -0.201809 -0.080471 -0.147568 0.253992 0.155071 -0.098510 0.127860 -0.285651 -0.347720 0.049435 -0.202246 0.083983 -0.308521 -0.127812 -0.125647 -0.145643 -0.417843 -0.198011 -0.435770 0.208256 0.080415 0.023015 -0.122768 0.094012 0.187224 0.108912 0.057941 -0.015865 0.051235 -0.141000 -0.085815 0.181009 0.206161 0.114254 0.200847 0.113727 0.223762 0.046749 -0.000412 0.334051 0.271619 0.501500 0.317043 -0.046121 0.227897 0.263394 0.129013 0.111453 0.128758 0.252337 0.262916 0.173225 0.383677
0.002054 -0.110435 -0.185173 0.120608 0.491497 1.000000 -0.114888 -0.034355 -0.046944 0.097808 0.061933 -0.140887 0.135898 -0.161688 0.040756 0.209241 0.043287 -0.003187 -0.109929 -0.050518 0.333112 0.375624 -0.112246 -0.107519 0.138712 0.033710 0.687030 0.662787 -0.015991 -0.141562 0.007948 -0.281410 0.010476 -0.173690 0.019753 -0.094158 -0.096953 0.015368 0.040266 0.065313 0.127228 0.070462 -0.208497 -0.196297 -0.067561 -0.142236 0.141597 -0.027857 -0.270318 -0.025174 -0.114568 -0.022733 -0.019922 0.047797 0.230864 0.280272 0.085325 -0.007218 -0.057567 0.049813 -0.032415 0.062292 0.123948 -0.104047 0.016082 -0.088960 0.158150 -0.122445 0.017684 -0.112990 -0.014033 -0.202837 -0.042105 -0.019481 0.109047 -0.080756 -0.108331 -0.101041 -0.023052 -0.183838 0.032985 -0.083912 0.292902 0.213259 0.024261 0.130600 0.199397 0.110259 0.121812 0.328766 0.027908 -0.053923 -0.004579 -0.117931 -0.013708 0.068464 0.303390 0.047997 0.234571 0.034090 0.035263 -0.110090 0.132759 -0.040398 0.351705 0.175013 -0.052448 0.029978 0.126327 0.163517 -0.191732 -0.060335 0.034715 -0.098877 -0.046122 0.123327
0.015598 -0.153253 0.628033 0.136675 0.116467 -0.114888 1.000000 0.303513 0.198473 -0.044292 0.025417 -0.175394 0.043918 -0.118725 -0.071760 -0.000948 -0.277733 -0.194279 0.272193 -0.028168 -0.121389 -0.153234 0.478999 0.262865 -0.128138 -0.007138 -0.031690 0.034403 -0.173821 -0.137313 0.084907 0.253914 0.101731 0.274582 0.006087 0.171153 0.105340 -0.203081 -0.184590 -0.222168 -0.306163 0.097988 0.297220 0.189241 0.259476 0.181701 -0.089697 0.097517 0.209750 0.181829 0.025795 0.060532 0.103027 0.028076 -0.305773 -0.390950 -0.179024 -0.219198 -0.029583 -0.261641 0.137349 0.067243 -0.061434 -0.150065 0.290068 0.133490 0.041200 0.149894 -0.142471 -0.065023 -0.228471 -0.176478 -0.227017 -0.180530 -0.178034 -0.218173 -0.076148 -0.180426 -0.348283 -0.182351 -0.301896 -0.279256 -0.073105 -0.064565 -0.133210 -0.297627 -0.318001 -0.188743 -0.031967 -0.208124 -0.190996 0.060985 0.002252 0.142860 0.019556 -0.150666 -0.262005 -0.205806 -0.460070 -0.153547 0.219001 0.089923 0.176751 0.266502 -0.081535 -0.050052 -0.122050 -0.158023 -0.095593 -0.202434 0.146313 0.073611 0.084176 0.239146 0.045587 -0.088886
-0.000685 0.097849 0.119183 0.567369 0.055321 -0.034355 0.303513 1.000000 -0.003971 0.321852 -0.037013 0.129129 -0.124585 0.175946 -0.109177 0.114482 -0.103182 -0.111854 0.161494 0.189012 -0.017983 -0.092811 0.072202 0.113052 -0.190104 -0.021175 -0.060685 -0.204212 -0.066698 0.033449 -0.031549 0.251413 0.036967 0.141390 -0.193899 0.081648 0.036754 -0.190173 -0.452778 -0.206008 -0.276270 0.018408 -0.041492 -0.024122 0.105000 0.088284 -0.160728 0.019848 -0.072916 0.125864 -0.090548 0.007671 0.056688 -0.088493 -0.366872 -0.381782 -0.137324 -0.017627 -0.078707 0.057815 0.071708 0.324988 -0.045827 0.189400 0.062169 0.413646 -0.114964 0.169587 -0.089942 0.040386 -0.125780 -0.022534 -0.171683 -0.013056 -0.223033 -0.044284 -0.074396 -0.083702 -0.231876 -0.157112 -0.149772 -0.138813 -0.102692 0.327241 -0.014644 -0.056455 -0.364950 -0.254143 -0.160459 -0.167014 -0.082748 -0.044419 0.031685 -0.017271 0.021215 -0.260163 -0.197270 -0.076257 -0.191655 -0.167682 0.427753 -0.011984 0.296083 -0.015291 -0.214138 -0.296391 0.080238 -0.238262 -0.098354 -0.146080 -0.041889 -0.045165 0.208690 0.117653 -0.091286 -0.247463
0.010072 -0.023204 0.158719 0.034748 0.013726 -0.046944 0.198473 -0.003971 1.000000 0.272688 0.129723 0.205899 0.429247 0.184579 -0.009681 0.033527 -0.045995 0.295084 0.082502 -0.241824 -0.155926 -0.050559 0.093928 -0.005179 0.079277 0.269567 -0.051734 0.193075 0.098717 -0.037291 0.392508 0.097438 0.008563 -0.033285 0.036494 0.066701 -0.221824 -0.168954 -0.107083 -0.034301 -0.041061 -0.082729 0.004332 0.003764 0.089750 -0.000276 -0.107050 -0.107090 0.158052 -0.015513 0.089194 0.068698 0.238129 0.125423 -0.160714 -0.113011 -0.235138 -0.196437 0.135880 -0.117418 0.138824 0.122513 0.080614 -0.138561 0.169570 0.200964 0.001476 -0.167671 -0.087577 -0.209673 0.162859 0.211193 -0.082028 0.123569 -0.090818 0.112376 -0.138001 -0.144004 0.192304 0.158376 0.098914 0.244944 -0.262744 -0.160761 -0.150080 0.102372 0.077898 -0.139034 -0.193132 0.120663 -0.183407 -0.141047 -0.142970 0.008589 -0.325001 -0.181784 0.014457 -0.250639 -0.252974 -0.322838 0.058699 -0.183694 -0.022250 -0.174220 -0.033374 -0.248914 0.174681 -0.055603 -0.219983 0.004016 -0.058327 -0.180846 -0.058867 -0.112982 -0.151195 -0.151847
-0.079096 -0.025995 -0.163582 0.108481 -0.071561 0.097808 -0.044292 0.321852 0.272688 1.000000 -0.156442 0.204823 0.106091 0.074105 -0.317895 0.170129 -0.012341 0.265000 -0.152586 -0.352518 0.266658 0.254921 -0.242470 -0.245564 0.265955 0.394659 -0.027927 -0.007219 0.021019 -0.020664 0.354662 0.021123 -0.076352 -0.124937 0.054225 0.086295 -0.248114 0.117455 0.049455 0.108026 -0.062836 -0.035621 -0.282892 -0.254172 -0.235994 -0.161832 -0.117271 -0.248609 -0.293485 -0.248883 -0.011056 -0.154368 0.162492 -0.121650 0.040991 -0.025865 -0.276633 -0.158911 -0.175665 -0.099875 -0.031578 0.115299 0.235657 0.005355 0.117403 0.387001 -0.168809 -0.171020 -0.073821 -0.224720 0.392949 0.368354 0.057114 0.384023 0.150455 0.312289 -0.144058 0.062349 0.145799 0.151738 0.341278 0.312824 -0.273506 0.063407 -0.009926 0.320204 0.228185 -0.124565 -0.211823 0.340301 -0.032029 -0.032058 0.107982 0.033784 0.080558 -0.055393 0.161819 -0.031789 -0.013044 -0.307218 0.125268 -0.149282 0.011585 -0.218875 0.020344 -0.055211 0.244625 0.034841 -0.089920 0.005420 -0.136393 -0.205504 -0.093657 -0.225565 -0.074570 -0.040840
0.347187 -0.076586 0.017574 0.096057 -0.074200 0.061933 0.025417 -0.037013 0.129723 -0.156442 1.000000 0.140794 0.692397 0.207660 0.641978 0.111486 0.058568 0.128280 0.084679 0.017734 -0.169086 -0.162767 0.109366 0.132760 -0.120830 0.039868 0.034125 0.256586 0.440913 0.170714 0.198668 0.084139 -0.064544 -0.038960 0.028059 -0.055093 -0.001319 -0.103826 -0.090751 -0.078608 0.075092 -0.197964 -0.105348 -0.128190 -0.053442 -0.094827 -0.129552 -0.140586 0.004311 -0.063451 -0.110644 -0.006726 0.032432 0.034506 -0.041165 -0.166472 0.219669 -0.175581 -0.025842 -0.077351 0.009798 -0.081827 0.243481 0.026822 0.254332 -0.012188 -0.232553 -0.216337 -0.031006 -0.093011 0.010058 -0.031644 0.205457 0.028912 0.026571 -0.032439 0.073840 -0.014120 -0.040871 0.150377 -0.020766 0.077142 0.166923 0.003934 0.312879 0.176621 0.145672 0.105041 0.148148 0.028261 -0.092843 -0.083448 0.047599 0.068737 -0.063597 -0.117109 -0.090222 -0.141730 -0.086247 -0.155227 0.018122 0.019163 -0.022880 -0.031886 -0.005890 -0.096596 -0.115240 -0.272966 -0.160726 -0.019803 -0.168047 -0.133347 -0.054875 0.010884 -0.103088 -0.095220
0.295018 0.388632 -0.356104 0.005814 -0.288224 -0.140887 -0.175394 0.129129 0.205899 0.204823 0.140794 1.000000 0.332069 0.643361 -0.161442 0.012435 0.417370 0.625927 -0.238121 0.055332 -0.258229 -0.065928 -0.393817 -0.251069 -0.331550 -0.114853 -0.279604 -0.172869 0.313994 0.138965 0.338322 0.097830 0.277460 0.126314 -0.113835 -0.270100 -0.272046 -0.217543 -0.124881 -0.026702 -0.093743 -0.102722 -0.188929 -0.227759 -0.097893 -0.137512 -0.447801 -0.339124 -0.218555 -0.144891 -0.139587 -0.075809 0.027657 -0.078535 -0.191019 0.047353 0.244442 0.089978 -0.127312 0.014968 -0.017964 0.029149 0.556035 0.502134 0.027723 0.077726 -0.231462 -0.343503 0.125083 -0.166444 0.267928 0.280795 0.214795 0.190188 -0.065809 0.116160 -0.242627 -0.158113 0.433016 0.351211 0.519236 0.603464 -0.040018 0.140414 0.084162 0.433834 0.009840 -0.027283 -0.342948 0.082678 -0.255285 -0.311690 -0.165873 -0.244518 -0.084209 -0.249225 -0.119873 -0.101591 -0.263997 -0.207629 -0.060686 -0.116149 -0.130048 -0.305617 -0.143541 -0.285577 0.149969 -0.096626 -0.193080 -0.075392 -0.428745 -0.140943 -0.063035 -0.438914 -0.260919 -0.146347
0.211436 -0.047496 -0.003340 -0.004640 -0.112843 0.135898 0.043918 -0.124585 0.429247 0.106091 0.692397 0.332069 1.000000 0.298820 0.247581 0.084941 0.089129 0.386914 -0.089149 -0.239883 -0.095446 0.001463 -0.037600 -0.125330 -0.063733 0.185298 0.031858 0.309477 0.414959 -0.154269 0.510275 -0.021719 -0.060405 -0.109148 0.050065 -0.044336 -0.215332 -0.007263 0.158992 0.058233 0.038178 -0.262544 -0.122148 -0.207196 -0.118069 -0.221815 -0.238462 -0.297532 -0.023167 -0.249298 -0.009535 -0.082895 0.161914 -0.002281 0.098635 -0.057730 0.024137 -0.169690 -0.012981 -0.116745 0.000408 -0.101219 0.473005 0.034228 0.335119 0.064707 -0.197589 -0.353624 0.032467 -0.243272 0.266209 0.239869 0.102701 0.174894 0.043124 0.177233 -0.034029 0.068340 0.191286 0.216403 0.164574 0.280917 -0.055064 -0.165845 0.122202 0.220916 0.265661 -0.057766 -0.024223 0.225302 -0.154949 -0.074232 0.003565 0.044933 -0.097666 -0.181101 0.125554 -0.282958 -0.124459 -0.285986 -0.057304 -0.162197 -0.156030 -0.263600 -0.017044 -0.115090 0.049711 -0.123250 -0.217082 0.099663 -0.271398 -0.212816 -0.145422 -0.296169 -0.187006 -0.090262
0.315087 0.282280 -0.194282 -0.010366 -0.201914 -0.161688 -0.118725 0.175946 0.184579 0.074105 0.207660 0.643361 0.298820 1.000000 -0.054121 0.225065 0.505489 0.364939 -0.077171 0.118656 -0.216300 -0.254158 -0.259623 -0.200571 -0.374223 -0.150830 -0.247583 -0.186202 0.344306 0.211991 0.049650 -0.033714 0.171496 0.131871 -0.099123 -0.268927 -0.052548 -0.306600 -0.184273 -0.023302 -0.069942 -0.007388 -0.147289 -0.135281 0.014410 -0.160242 -0.372866 -0.250124 -0.010027 -0.017156 -0.157491 -0.027597 -0.039596 -0.130918 -0.171911 -0.058674 0.132305 -0.011417 0.021856 0.135792 0.270813 0.200547 0.355088 0.404607 -0.017708 0.105413 -0.004754 -0.223207 0.081577 -0.130803 0.014806 0.092958 0.207167 -0.037680 -0.076805 -0.031038 -0.159469 -0.241358 0.340061 0.195215 0.399824 0.413758 -0.054519 0.097297 0.017968 0.288533 -0.152034 0.115289 -0.257676 -0.147800 -0.261373 -0.364676 -0.121803 -0.198508 -0.140922 -0.195528 -0.074551 0.043127 -0.360801 -0.122183 0.028021 -0.113146 -0.055595 -0.083658 -0.179260 -0.244746 0.046090 -0.104713 -0.180854 -0.143473 -0.288530 -0.177542 -0.101600 -0.140082 -0.147337 -0.067760
0.173500 -0.173172 0.099584 0.006738 0.067411 0.040756 -0.071760 -0.109177 -0.009681 -0.317895 0.641978 -0.161442 0.247581 -0.054121 1.000000 0.182999 -0.150333 -0.232215 0.297253 0.076683 0.028816 0.036439 0.171907 0.245616 -0.063196 -0.063039 0.106343 0.124888 0.374520 0.385361 -0.240849 -0.017467 -0.046123 -0.088712 0.031280 -0.189139 0.336173 -0.017056 -0.081474 -0.132384 0.290272 0.025324 0.019215 0.000812 -0.050041 -0.144550 0.058940 0.006939 0.102292 -0.082421 0.063740 -0.001981 0.082450 0.136155 0.134566 0.007262 0.209690 -0.201581 -0.034213 0.024103 -0.068228 -0.154081 -0.219855 -0.192110 -0.147274 -0.265773 -0.080540 -0.135078 0.099945 -0.033535 -0.078551 -0.168451 0.232020 0.082864 0.219426 0.106780 0.294309 0.131872 -0.126181 -0.021327 -0.310954 -0.187770 0.040416 0.159219 0.309750 -0.030084 0.051627 0.181827 0.345599 -0.037979 0.086703 0.018478 0.082426 0.155620 0.003503 0.069483 -0.190045 0.117599 0.078509 0.159719 -0.010670 0.254419 -0.024790 0.110344 0.025979 -0.049958 -0.203194 -0.161391 0.069771 0.034072 0.054036 0.060929 0.112252 0.133202 0.001013 0.041323
0.074558 -0.131760 0.005496 -0.103848 0.210333 0.209241 -0.000948 0.114482 0.033527 0.170129 0.111486 0.012435 0.084941 0.225065 0.182999 1.000000 0.115570 -0.273922 0.070372 -0.043015 0.312153 0.133403 0.017741 0.010068 0.024360 -0.090707 0.186153 0.142252 -0.067187 0.318979 -0.274600 -0.342812 -0.084921 -0.193029 -0.018751 0.009233 0.256077 -0.150083 -0.072483 -0.245365 0.012915 0.233261 0.004156 -0.007052 -0.015213 -0.069735 0.084481 0.033967 0.099065 -0.030978 0.054576 -0.056613 0.150504 -0.095328 0.151978 -0.054049 0.061350 -0.219723 0.152559 -0.126045 0.257569 0.152785 -0.177732 -0.230829 0.119232 0.138970 0.068755 -0.084816 -0.171303 -0.099091 -0.152904 -0.185912 0.028491 0.035547 0.283786 0.062139 -0.031870 -0.174348 0.018149 -0.279396 -0.048747 -0.141265 0.012714 0.241989 0.313858 -0.009633 0.066199 0.207380 0.029792 0.005034 -0.005420 -0.034628 -0.061006 -0.028177 0.124408 0.102283 -0.000548 0.230121 -0.050694 0.147537 0.111631 0.008374 0.219706 0.139371 0.159576 0.155716 -0.207514 0.075810 0.089152 -0.098310 0.012199 0.033064 0.136770 0.182136 0.175941 0.230395
0.311587 0.401694 -0.273015 -0.093143 -0.109690 0.043287 -0.277733 -0.103182 -0.045995 -0.012341 0.058568 0.417370 0.089129 0.505489 -0.150333 0.115570 1.000000 0.377225 -0.178577 0.133877 0.006742 -0.101007 -0.205632 -0.200572 -0.311365 -0.150250 -0.099798 -0.093291 0.159713 0.201148 0.010701 -0.133380 0.176466 0.037546 0.021822 -0.179137 0.016270 -0.190684 -0.011774 -0.031353 -0.115505 0.173323 -0.130922 -0.135096 0.046119 -0.206894 -0.349517 -0.259339 -0.140482 -0.127999 -0.102422 -0.103741 -0.125349 -0.170542 -0.063112 0.066021 0.433947 0.209239 -0.039129 0.155937 0.174824 0.128690 0.461873 0.424929 0.077845 -0.001003 0.165580 -0.273993 0.148388 -0.209232 -0.021447 0.021975 0.245659 0.080660 0.090446 -0.089951 -0.105597 -0.336882 0.421935 0.194094 0.653701 0.493126 0.087667 0.005334 0.141445 0.343526 0.048062 0.212324 -0.211263 -0.110724 -0.381124 -0.480370 -0.244694 -0.354801 -0.065595 -0.008820 0.026952 0.096784 -0.214700 -0.125044 -0.093668 -0.154619 0.034972 -0.056058 -0.012043 -0.109957 0.057220 0.078263 -0.075066 -0.196475 -0.350489 -0.129842 -0.152309 -0.153042 -0.152526 0.054167
0.275158 0.359662 -0.349803 -0.093992 -0.294577 -0.003187 -0.194279 -0.111854 0.295084 0.265000 0.128280 0.625927 0.386914 0.364939 -0.232215 -0.273922 0.377225 1.000000 -0.227231 -0.068720 -0.211539 0.075895 -0.415592 -0.420868 -0.141868 0.055611 -0.228337 0.029556 0.309442 0.014261 0.554358 0.107089 0.157110 -0.003976 -0.027629 -0.289471 -0.462845 -0.052252 0.009997 0.243681 -0.007197 -0.086002 -0.313670 -0.284819 -0.195105 -0.223054 -0.460425 -0.390882 -0.364993 -0.262269 -0.200545 -0.112748 0.068971 -0.078731 -0.148861 0.157267 0.134661 0.213685 -0.175159 0.094867 -0.089970 -0.056689 0.665620 0.452125 -0.059340 0.018796 -0.114596 -0.458960 0.120650 -0.267362 0.423805 0.477477 0.289075 0.385938 0.063433 0.172710 -0.217188 -0.049670 0.474999 0.534734 0.600432 0.721279 -0.006145 0.074460 -0.076184 0.472897 0.224775 0.006449 -0.297164 0.288645 -0.278715 -0.261882 -0.104682 -0.247308 -0.232779 -0.180519 0.062083 -0.248742 -0.069083 -0.358847 -0.113881 -0.222114 -0.097857 -0.353431 -0.024243 -0.292081 0.354727 -0.060062 -0.216203 0.011276 -0.475671 -0.197487 -0.195640 -0.413422 -0.254462 -0.112349
0.119666 0.089279 0.526432 0.164161 -0.005251 -0.109929 0.272193 0.161494 0.082502 -0.152586 0.084679 -0.238121 -0.089149 -0.077171 0.297253 0.070372 -0.178577 -0.227231 1.000000 0.303676 0.004447 -0.215279 0.469835 0.310076 -0.052236 -0.267766 0.048663 -0.110737 -0.076894 0.029749 -0.188732 0.011013 0.104267 -0.066737 -0.063656 0.039179 0.336493 -0.068762 -0.419746 -0.373891 -0.089624 0.075495 0.001976 0.068764 0.195850 -0.071030 -0.028653 0.112803 0.248122 0.035911 0.078072 -0.038794 0.132385 -0.005329 -0.268763 -0.292258 0.026071 0.074617 0.230755 0.158733 0.284834 0.175000 -0.294360 -0.280637 -0.059618 -0.077619 0.346732 0.102921 0.091979 0.020510 -0.077120 -0.145338 0.002881 -0.076634 0.052972 0.061649 0.177850 -0.021064 -0.287573 -0.114021 -0.415535 -0.227488 -0.063165 0.199231 -0.012064 -0.411209 -0.207960 -0.072858 0.033036 -0.245845 -0.168822 0.054257 -0.181848 0.134217 -0.070673 -0.129263 -0.256053 0.194755 -0.315941 0.074581 0.323314 0.113249 0.350879 0.270041 -0.121768 -0.315721 0.062082 -0.214813 0.173337 -0.040503 0.159377 0.218166 0.154855 0.250795 -0.152506 -0.253861
0.163210 0.469684 -0.037117 0.236169 0.071627 -0.050518 -0.028168 0.189012 -0.241824 -0.352518 0.017734 0.055332 -0.239883 0.118656 0.076683 -0.043015 0.133877 -0.068720 0.303676 1.000000 -0.221487 -0.250069 0.019381 0.061090 -0.316133 -0.563289 0.010858 -0.084702 0.053842 0.040014 -0.321672 0.042493 0.154506 0.118140 -0.023413 -0.172194 0.143993 -0.293553 -0.265987 -0.153996 -0.096938 0.090714 -0.058003 -0.076310 -0.007296 -0.061961 -0.224017 -0.027178 -0.139256 -0.035582 -0.327994 -0.193324 -0.366147 -0.270851 -0.119917 -0.327887 0.207665 0.492213 0.036987 0.258732 0.082226 0.087481 -0.124852 0.310336 -0.102367 -0.186535 0.177886 0.137097 0.273553 0.332442 -0.383063 -0.262291 -0.038392 -0.276840 -0.103673 -0.299655 0.067575 -0.108220 0.050497 0.085345 -0.119969 -0.113847 0.264563 0.246244 -0.028982 -0.165347 -0.441614 0.025339 0.078880 -0.292330 -0.079871 -0.102942 -0.123924 -0.174896 -0.119888 -0.153048 -0.190730 0.077761 -0.140711 -0.017822 -0.108330 0.037793 0.045894 0.103086 -0.127041 0.003142 0.002510 0.039828 -0.026938 -0.133390 -0.156783 0.074237 -0.010800 -0.017042 -0.257274 -0.090919
-0.176710 -0.219288 -0.067100 -0.178581 0.380959 0.333112 -0.121389 -0.017983 -0.155926 0.266658 -0.169086 -0.258229 -0.095446 -0.216300 0.028816 0.312153 0.006742 -0.211539 0.004447 -0.221487 1.000000 0.632766 -0.159729 -0.029872 0.345368 0.151491 0.459616 0.114194 -0.147055 0.157962 0.004043 -0.240585 -0.189386 -0.276069 0.003354 0.002494 0.221350 0.157854 0.070594 -0.193624 0.109954 0.052170 -0.016252 -0.042690 0.035670 -0.151364 0.247298 -0.042686 -0.187719 -0.102387 0.004108 -0.035407 0.220496 0.148050 0.272044 0.248514 0.004218 -0.189851 -0.247141 -0.109137 -0.069477 -0.020782 -0.063410 -0.332923 -0.086662 -0.123863 0.071464 -0.154637 -0.014447 -0.205534 0.195674 0.101938 0.179125 0.226953 0.387903 0.319051 0.038554 0.174213 -0.154977 -0.283884 -0.050013 -0.174581 -0.091711 0.074752 0.159794 -0.003228 0.331559 0.151365 0.094227 0.199033 0.124620 0.177318 0.072293 0.102018 0.257682 0.355561 0.129048 0.243098 0.144690 0.274151 0.129178 0.026567 0.296598 0.182988 0.404756 0.259176 0.021495 0.307110 0.493025 0.207587 0.108221 0.230447 0.287844 0.118979 0.244203 0.346016
-0.161072 -0.219823 -0.200394 -0.094724 0.237479 0.375624 -0.153234 -0.092811 -0.050559 0.254921 -0.162767 -0.065928 0.001463 -0.254158 0.036439 0.133403 -0.101007 0.075895 -0.215279 -0.250069 0.632766 1.000000 -0.281544 -0.084976 0.355979 0.298966 0.288325 0.239405 0.001220 0.096440 0.206084 -0.017493 -0.173791 -0.232621 -0.134667 -0.106542 0.047182 0.171668 0.227816 0.004207 0.217766 0.020222 -0.139008 -0.090665 -0.102202 -0.113609 0.038360 -0.150166 -0.431968 -0.190078 -0.016154 -0.224482 0.138769 0.153225 0.283177 0.325970 -0.022594 -0.099829 -0.393650 -0.324183 -0.308626 -0.344016 0.068128 -0.245906 -0.109375 -0.256904 -0.178038 -0.259310 0.016193 -0.233642 0.356771 0.320465 0.227289 0.365341 0.488337 0.427151 0.020098 0.280978 0.140669 -0.029532 0.051433 0.024932 -0.010203 0.301546 0.113517 0.146177 0.384993 0.134038 0.059804 0.358512 0.145642 0.141399 0.098120 0.003220 0.140201 0.355203 0.058049 0.119716 0.156829 0.168409 -0.071957 -0.078566 0.035270 -0.107942 0.320768 0.177294 0.120132 0.329818 0.415152 0.270914 0.013963 0.222136 0.203030 -0.119600 0.095995 0.247855
-0.064351 -0.268488 0.718792 0.294929 -0.082279 -0.112246 0.478999 0.072202 0.093928 -0.242470 0.109366 -0.393817 -0.037600 -0.259623 0.171907 0.017741 -0.205632 -0.415592 0.469835 0.019381 -0.159729 -0.281544 1.000000 0.762310 -0.025134 0.110052 0.027160 0.182088 -0.313959 -0.182592 -0.076459 0.349060 -0.148524 0.093952 -0.073269 0.373515 0.264276 -0.038812 -0.171805 -0.222694 -0.230619 0.047188 0.301695 0.342053 0.314375 0.144237 0.138129 0.326902 0.413825 0.153190 0.285593 0.074516 -0.009887 0.017654 -0.213487 -0.459399 -0.129957 -0.220850 0.227232 -0.228599 0.117310 -0.081358 -0.341344 -0.438645 0.352291 0.021756 0.041121 0.223268 -0.265678 -0.134916 -0.139849 -0.131992 -0.348892 -0.284658 -0.233286 -0.155161 0.230146 -0.059530 -0.387243 -0.007241 -0.434427 -0.339670 -0.104085 -0.221850 -0.038852 -0.419473 -0.314659 -0.111921 0.139784 -0.386807 -0.091724 0.049365 0.003998 0.238051 -0.106401 -0.220429 -0.200922 -0.156041 -0.382921 -0.112107 0.283561 0.146063 0.159013 0.325479 -0.155883 -0.156532 -0.143686 -0.290803 -0.062048 -0.251773 0.299859 0.086833 0.031992 0.380394 0.092771 -0.220208
-0.092666 -0.286726 0.419068 0.375087 -0.081633 -0.107519 0.262865 0.113052 -0.005179 -0.245564 0.132760 -0.251069 -0.125330 -0.200571 0.245616 0.010068 -0.200572 -0.420868 0.310076 0.061090 -0.029872 -0.084976 0.762310 1.000000 0.007161 0.194964 0.075202 0.174305 -0.275879 -0.037992 -0.048078 0.443594 -0.224814 0.046140 -0.175814 0.332510 0.339823 -0.060266 -0.158444 -0.271978 -0.164200 -0.124671 0.277829 0.375809 0.341666 0.144918 0.274671 0.277666 0.235603 0.166476 0.237770 0.092055 -0.027136 0.135945 -0.131674 -0.327481 -0.016941 -0.271188 -0.008621 -0.308004 -0.054494 -0.212184 -0.284029 -0.420712 0.241965 -0.104457 -0.157923 0.085839 -0.329870 -0.189297 -0.039785 -0.027753 -0.257076 -0.258152 -0.228285 -0.112475 0.162735 0.034273 -0.345984 0.055667 -0.405941 -0.290155 -0.021966 0.003765 0.105022 -0.227967 -0.209616 -0.047696 0.194180 -0.318753 0.034132 0.060134 0.154838 0.292416 -0.033038 -0.159340 -0.219786 -0.094559 -0.266394 0.065342 0.382933 0.241430 0.218481 0.302614 -0.017162 -0.098480 -0.064338 -0.330382 0.058326 -0.120424 0.260038 0.176873 0.215341 0.384807 0.174822 -0.207213
-0.283452 -0.271401 -0.059275 -0.052908 0.163112 0.138712 -0.128138 -0.190104 0.079277 0.265955 -0.120830 -0.331550 -0.063733 -0.374223 -0.063196 0.024360 -0.311365 -0.141868 -0.052236 -0.316133 0.345368 0.355979 -0.025134 0.007161 1.000000 0.553771 0.184544 0.262228 0.007879 0.009366 0.224432 -0.064206 -0.254923 -0.269195 0.182112 0.131559 -0.039973 0.387263 0.111439 -0.083772 0.251760 -0.243560 -0.065345 0.005521 -0.180717 -0.036416 0.341551 -0.028532 -0.101425 -0.128241 0.111688 0.130562 0.057833 0.174914 0.147693 0.179480 -0.267172 -0.217956 -0.056533 -0.209774 -0.173406 -0.040885 -0.281271 -0.341878 -0.052640 0.042227 -0.101689 -0.106160 -0.219213 -0.134692 0.255032 0.095830 0.045290 0.226534 0.180975 0.295194 0.058427 0.232687 -0.041915 -0.054790 0.005317 -0.024406 -0.195301 -0.102197 0.082783 0.185167 0.453116 -0.123927 -0.051556 0.255459 0.147521 0.222138 0.177587 0.204110 0.110142 0.139801 0.413775 -0.112766 0.376442 0.007412 -0.016851 -0.121427 -0.050400 -0.091215 0.217847 0.181360 -0.022892 0.022568 0.027243 0.364635 0.067973 -0.014351 -0.039263 0.049289 0.139150 0.063818
-0.228733 -0.359942 0.005354 0.107284 -0.109004 0.033710 -0.007138 -0.021175 0.269567 0.394659 0.039868 -0.114853 0.185298 -0.150830 -0.063039 -0.090707 -0.150250 0.055611 -0.267766 -0.563289 0.151491 0.298966 0.110052 0.194964 0.553771 1.000000 -0.020219 0.203704 0.152895 0.027243 0.531389 0.369844 -0.249261 -0.032264 0.126962 0.278024 -0.183699 0.291879 0.234019 0.029000 0.143573 -0.259694 0.077839 0.086236 -0.069489 -0.017664 0.201407 -0.094493 -0.164881 -0.063360 0.192415 0.176145 0.081488 0.214832 0.008018 0.030184 -0.319775 -0.430564 -0.305443 -0.408133 -0.333783 -0.208870 0.059573 -0.191164 0.093481 0.145488 -0.360668 -0.173203 -0.312388 -0.417729 0.381105 0.290785 -0.074031 0.317588 0.133527 0.316202 0.086224 0.278807 0.053004 0.179606 0.148526 0.134566 -0.297047 -0.241090 0.082631 0.378795 0.388120 -0.012581 -0.106990 0.131096 0.018069 -0.012337 0.274070 0.161380 0.020160 0.069892 0.276464 -0.305675 0.077146 -0.277312 0.037895 -0.134618 -0.185066 -0.166140 0.097702 0.028125 -0.027370 -0.153298 -0.169160 0.160598 -0.004751 -0.160088 -0.168269 -0.066334 0.208246 -0.019099
-0.090082 -0.218786 -0.070637 -0.064049 0.580686 0.687030 -0.031690 -0.060685 -0.051734 -0.027927 0.034125 -0.279604 0.031858 -0.247583 0.106343 0.186153 -0.099798 -0.228337 0.048663 0.010858 0.459616 0.288325 0.027160 0.075202 0.184544 -0.020219 1.000000 0.680184 -0.053606 -0.093819 -0.058365 -0.298851 -0.105674 -0.213346 0.174479 -0.009168 0.102582 0.052909 0.029868 -0.004842 0.184099 -0.027672 -0.092095 -0.154085 0.054474 -0.127734 0.254754 0.033666 -0.159968 -0.000247 -0.118727 -0.011999 -0.067358 0.105347 0.166479 0.159034 0.013567 -0.139286 -0.034599 0.021101 -0.032478 0.102972 -0.079730 -0.299579 -0.054535 -0.179622 0.233680 0.022525 0.003037 0.049074 -0.105406 -0.295815 -0.048983 -0.170229 0.014915 -0.222320 -0.068876 -0.082340 -0.204406 -0.315422 -0.145363 -0.263700 0.257147 0.086149 -0.025284 -0.048813 0.038828 -0.011009 0.186464 0.260851 0.091729 0.091663 0.030777 0.054406 0.134648 0.077684 0.275404 0.135583 0.184881 0.092928 0.173724 0.002577 0.282324 0.193230 0.414616 0.283793 -0.107488 0.088443 0.244416 0.282289 0.085802 0.095565 0.185125 0.149339 0.123215 0.206467
0.022232 -0.218147 0.017898 0.121432 0.305052 0.662787 0.034403 -0.204212 0.193075 -0.007219 0.256586 -0.172869 0.309477 -0.186202 0.124888 0.142252 -0.093291 0.029556 -0.110737 -0.084702 0.114194 0.239405 0.182088 0.174305 0.262228 0.203704 0.680184 1.000000 0.020689 -0.203024 0.200653 -0.073179 -0.128355 -0.133808 0.121778 0.058137 -0.065258 0.042825 0.161178 0.115763 0.133096 -0.108610 -0.229269 -0.171990 -0.045558 -0.136088 0.051122 -0.050975 -0.141176 -0.122831 -0.044745 -0.051737 -0.110190 0.025003 0.187300 0.103282 -0.000456 -0.179917 0.072750 -0.139612 -0.021170 -0.098934 0.094879 -0.301327 0.200772 -0.064397 0.022375 -0.110433 -0.111519 -0.184729 0.011104 -0.127704 -0.165330 -0.130367 -0.092276 -0.161431 -0.091840 -0.112811 0.024114 0.079966 0.010397 0.026934 0.191814 0.011537 0.013618 0.165563 0.114652 0.016046 0.185226 0.345254 -0.003652 -0.056010 0.024201 -0.005229 -0.095025 -0.083901 0.306023 -0.200142 0.072874 -0.186223 0.067436 -0.181078 0.065164 -0.060141 0.221929 0.111886 -0.133799 -0.122760 -0.048520 0.175822 -0.106149 -0.165793 -0.083100 -0.019425 -0.050622 -0.005784
0.277225 0.220746 -0.283376 -0.155939 -0.112124 -0.015991 -0.173821 -0.066698 0.098717 0.021019 0.440913 0.313994 0.414959 0.344306 0.374520 -0.067187 0.159713 0.309442 -0.076894 0.053842 -0.147055 0.001220 -0.313959 -0.275879 0.007879 0.152895 -0.053606 0.020689 1.000000 0.418526 0.272725 -0.016901 0.189079 -0.031689 0.231839 -0.354435 0.026311 0.096009 0.024134 -0.008925 0.364468 -0.143342 -0.142453 -0.279041 -0.265917 -0.278962 -0.263170 -0.395310 -0.234469 -0.173513 -0.195242 0.050534 0.053204 0.081383 -0.009856 0.080688 0.078347 -0.019465 -0.270436 0.161655 -0.208919 0.050615 0.228166 0.425764 -0.249906 -0.066390 -0.117904 -0.356450 0.277725 -0.157253 0.072236 -0.074075 0.446561 0.307952 0.202227 0.107798 0.117042 0.176623 0.336930 0.167348 0.313201 0.243593 0.004018 0.061549 0.214400 0.422425 0.154081 -0.014942 -0.056697 0.108132 -0.176687 -0.287117 0.038782 -0.069217 0.059355 -0.093847 0.055418 -0.120257 0.125091 -0.245410 -0.205982 -0.038448 -0.321206 -0.303129 -0.104825 -0.101350 -0.020192 -0.266257 -0.265771 0.258147 -0.452004 -0.267426 -0.196323 -0.265940 -0.145713 -0.069925
0.190196 0.060918 -0.173921 -0.220038 0.067007 -0.141562 -0.137313 0.033449 -0.037291 -0.020664 0.170714 0.138965 -0.154269 0.211991 0.385361 0.318979 0.201148 0.014261 0.029749 0.040014 0.157962 0.096440 -0.182592 -0.037992 0.009366 0.027243 -0.093819 -0.203024 0.418526 1.000000 -0.148260 0.022185 0.117980 0.007587 0.042184 -0.304791 0.226665 -0.118657 -0.269708 -0.287505 0.155317 0.134772 0.086499 0.080490 0.019344 0.011757 0.035768 -0.071345 -0.020819 0.147493 0.016037 0.211232 0.126786 0.097336 -0.052139 0.148132 0.225899 -0.167650 -0.223078 -0.035333 -0.139946 0.083562 -0.157179 0.148011 -0.277334 -0.063588 -0.110092 -0.248977 0.038472 -0.251061 -0.091645 -0.153784 0.450323 0.289986 0.296338 0.107377 0.096401 -0.068401 0.187867 -0.034974 0.196873 0.078898 -0.011085 0.239269 0.315520 0.296894 0.078955 0.221721 0.054844 -0.137862 -0.138851 -0.304732 -0.072077 -0.126588 -0.014001 0.066188 -0.146103 0.066639 0.071648 0.057728 -0.096495 0.131386 0.015504 0.030668 0.011850 -0.033543 -0.080621 -0.128868 -0.029684 -0.047652 -0.181119 -0.106822 0.094631 0.133213 0.076096 0.100765
0.011514 -0.046402 -0.079410 0.071000 -0.205188 0.007948 0.084907 -0.031549 0.392508 0.354662 0.198668 0.338322 0.510275 0.049650 -0.240849 -0.274600 0.010701 0.554358 -0.188732 -0.321672 0.004043 0.206084 -0.076459 -0.048078 0.224432 0.531389 -0.058365 0.200653 0.272725 -0.148260 1.000000 0.375676 -0.070400 -0.110131 0.100845 0.054182 -0.455683 0.129391 0.087936 0.020472 -0.078650 -0.385095 -0.101337 -0.155969 -0.062968 -0.107968 -0.212849 -0.331720 -0.374448 -0.175614 -0.068937 0.039198 0.099855 0.118355 -0.250176 -0.032033 -0.157163 -0.135245 -0.348475 -0.268745 -0.280152 -0.216927 0.498759 0.117588 0.295629 0.064737 -0.332863 -0.365673 -0.064602 -0.400581 0.457243 0.470051 0.098056 0.340599 -0.001631 0.265566 -0.093891 0.184450 0.208246 0.411591 0.350515 0.446598 -0.053104 -0.134835 -0.006196 0.385414 0.375764 -0.167056 -0.282643 0.268920 -0.212873 -0.101490 0.081477 0.016620 -0.001458 -0.087991 0.152589 -0.433804 -0.102454 -0.451162 -0.005993 -0.229338 -0.093177 -0.275372 0.049397 -0.073061 0.152640 -0.109445 -0.151490 0.208423 -0.328589 -0.143298 -0.193925 -0.275075 -0.043791 -0.147252
-0.148842 -0.196083 0.234670 0.393271 -0.259610 -0.281410 0.253914 0.251413 0.097438 0.021123 0.084139 0.097830 -0.021719 -0.033714 -0.017467 -0.342812 -0.133380 0.107089 0.011013 0.042493 -0.240585 -0.017493 0.349060 0.443594 -0.064206 0.369844 -0.298851 -0.073179 -0.016901 0.022185 0.375676 1.000000 -0.034566 0.335768 -0.088415 0.229937 -0.175952 -0.155497 -0.168236 -0.124837 -0.247781 -0.161734 0.114729 0.211901 0.190537 0.190024 -0.114556 0.030120 -0.075787 0.165749 0.116396 -0.009414 -0.235338 -0.115731 -0.345996 -0.359212 -0.153077 -0.180711 -0.233119 -0.256374 -0.174742 -0.272445 0.077087 0.024784 0.206349 0.069332 -0.320265 0.071846 -0.269315 -0.189499 0.154051 0.325854 -0.102481 0.039774 -0.165539 0.121021 0.151513 0.142233 -0.081872 0.412384 -0.086146 0.056415 -0.095427 -0.083586 -0.103169 0.027618 -0.174951 -0.029460 -0.086166 -0.310799 -0.178133 -0.197023 0.035181 -0.062880 -0.162694 -0.184499 -0.222666 -0.336666 -0.347369 -0.294329 0.031864 -0.008782 -0.059651 0.034107 -0.231374 -0.159671 -0.104451 -0.195429 -0.104535 -0.275788 0.026595 -0.132336 -0.196306 0.019836 -0.012946 -0.203137
0.309803 0.375956 -0.098121 -0.066211 -0.138554 0.010476 0.101731 0.036967 0.008563 -0.076352 -0.064544 0.277460 -0.060405 0.171496 -0.046123 -0.084921 0.176466 0.157110 0.104267 0.154506 -0.189386 -0.173791 -0.148524 -0.224814 -0.254923 -0.249261 -0.105674 -0.128355 0.189079 0.117980 -0.070400 -0.034566 1.000000 0.456748 0.197227 -0.205121 0.065950 -0.175861 -0.162746 -0.029792 -0.113920 0.172615 0.027275 -0.044707 -0.016189 -0.054417 -0.130386 -0.081194 -0.057652 0.004963 -0.123724 0.020423 0.036988 0.005331 -0.071631 0.015571 0.257662 0.213166 -0.009898 0.170776 0.168352 0.199685 0.150193 0.417541 -0.156476 0.095254 0.262554 -0.037615 0.483107 -0.015804 -0.310285 -0.226988 0.143800 -0.037767 -0.034117 -0.126739 -0.015544 -0.243012 0.235605 -0.094065 0.199030 0.205929 -0.014551 0.089036 -0.071737 0.062949 -0.306492 -0.180476 -0.127649 -0.010180 -0.417348 -0.432861 -0.332322 -0.371534 -0.060354 -0.156862 -0.011608 -0.032385 -0.243579 -0.175439 -0.202036 -0.159773 -0.165948 -0.198913 -0.144716 -0.205744 -0.136691 -0.121893 -0.063367 -0.088784 -0.189923 -0.217332 -0.136240 -0.238430 -0.281221 -0.175497
0.212306 0.122886 0.166186 0.067366 -0.145737 -0.173690 0.274582 0.141390 -0.033285 -0.124937 -0.038960 0.126314 -0.109148 0.131871 -0.088712 -0.193029 0.037546 -0.003976 -0.066737 0.118140 -0.276069 -0.232621 0.093952 0.046140 -0.269195 -0.032264 -0.213346 -0.133808 -0.031689 0.007587 -0.110131 0.335768 0.456748 1.000000 0.068298 0.205438 0.003718 -0.229819 -0.115518 -0.072735 -0.223438 0.123273 0.037069 0.051542 0.004879 0.135020 -0.118260 0.007677 0.073184 0.162373 -0.089650 -0.078847 -0.285620 -0.233017 -0.060953 -0.236144 0.108488 0.136942 0.074113 -0.067764 0.222093 0.040396 0.038512 0.231362 0.119809 0.222458 0.018832 0.178874 0.149682 -0.032326 -0.314598 -0.124208 -0.090213 -0.230572 -0.247958 -0.230187 -0.054890 -0.255299 0.081132 0.068835 0.032130 -0.010039 -0.251951 -0.203874 -0.199699 -0.048893 -0.450077 -0.104148 -0.015743 -0.285347 -0.218371 -0.286209 -0.109854 -0.134482 -0.142605 -0.246516 -0.060732 -0.134681 -0.347759 -0.173127 -0.161061 0.023942 -0.190377 -0.000198 -0.153916 -0.050023 -0.197151 -0.043265 -0.159107 -0.340341 0.063284 -0.204715 -0.146242 -0.016759 -0.115669 -0.121375
0.087814 0.192556 -0.006167 -0.169901 -0.018344 0.019753 0.006087 -0.193899 0.036494 0.054225 0.028059 -0.113835 0.050065 -0.099123 0.031280 -0.018751 0.021822 -0.027629 -0.063656 -0.023413 0.003354 -0.134667 -0.073269 -0.175814 0.182112 0.126962 0.174479 0.121778 0.231839 0.042184 0.100845 -0.088415 0.197227 0.068298 1.000000 0.166799 -0.027784 0.180944 0.141980 -0.004813 0.155404 -0.038673 0.120232 -0.175537 -0.070484 -0.202218 0.051674 -0.248224 -0.057194 -0.176774 -0.117580 0.156108 -0.028727 0.041262 -0.011595 -0.083360 -0.046229 0.036160 -0.053146 -0.023246 0.053673 0.249365 0.027440 0.192221 0.070345 0.200064 0.187109 -0.129299 0.204767 -0.133194 -0.210777 -0.258165 -0.028476 0.106730 -0.028095 -0.100286 0.076312 -0.033046 0.043122 -0.029469 0.160028 0.090145 -0.089837 -0.378838 0.031852 0.232607 0.078711 0.025310 0.011598 0.132562 -0.274195 -0.146256 -0.006850 -0.014694 0.070427 -0.158488 0.261123 -0.268879 0.122568 -0.346753 -0.230464 -0.109042 -0.189055 -0.111449 0.006226 0.115059 -0.290729 -0.078741 -0.278178 0.070190 -0.131490 -0.172460 -0.229466 -0.113037 -0.006040 0.032084
-0.265399 -0.271070 0.267948 0.248195 -0.021524 -0.094158 0.171153 0.081648 0.066701 0.086295 -0.055093 -0.270100 -0.044336 -0.268927 -0.189139 0.009233 -0.179137 -0.289471 0.039179 -0.172194 0.002494 -0.106542 0.373515 0.332510 0.131559 0.278024 -0.009168 0.058137 -0.354435 -0.304791 0.054182 0.229937 -0.205121 0.205438 0.166799 1.000000 0.010725 0.016957 0.109943 -0.099525 -0.143144 -0.117947 0.101623 0.149835 0.304021 0.265708 0.205110 0.193577 0.184056 0.154330 0.195136 0.067448 -0.079860 0.034763 -0.051262 -0.386796 -0.240345 -0.020634 0.193215 -0.215390 0.078549 0.003634 -0.139888 -0.281173 0.345349 0.413899 0.010431 0.378518 -0.258323 -0.027059 -0.183766 -0.128206 -0.390720 -0.285127 -0.280776 -0.182635 -0.122769 -0.019385 -0.289280 -0.041343 -0.277702 -0.325592 -0.099895 -0.389728 -0.080710 -0.209506 -0.001734 -0.009817 0.134800 -0.120679 -0.030066 0.053901 0.036454 0.140636 0.060104 -0.083196 -0.042685 -0.131912 -0.199947 -0.121796 0.148905 0.044966 0.064899 0.139976 -0.007954 0.078256 -0.149033 0.023429 -0.001222 -0.245613 0.349845 0.068864 0.011504 0.177569 0.220739 0.005111
