1.000000 0.268220 0.140349 -0.293976 0.072571 -0.199685 0.276079 0.131080 0.160625 0.102993 0.547121 0.321190 0.587243 0.258673 0.251164 0.131644 0.206196 0.104391 0.450482 0.007380 0.086007 -0.223556 -0.118943 -0.181036 -0.068344 -0.266494 0.011574 -0.208412 0.279514 -0.024338 0.056142 -0.148955 -0.046155 -0.074651 -0.073869 -0.088357 -0.026598 -0.212465 -0.199365 -0.246025 -0.152654 -0.169190 -0.353957 -0.326277 -0.085508 -0.319286 -0.300329 -0.426836 0.276452 -0.181850 0.270325 -0.029951 0.280158 -0.137955 0.146632 -0.333146 0.039252 -0.310409 0.445374 0.033183 0.385331 0.349631 0.139544 0.201498 0.271832 0.165485 -0.194209 -0.158105 -0.323998 -0.349005 0.143425 0.108228 0.166297 0.064915 -0.042164 0.072669 0.054874 0.081987 -0.154677 -0.375242 -0.165407 -0.218065 0.005080 -0.024091 0.070624 -0.049764 -0.181712 -0.095129 0.152312 0.172925 0.169867 0.064565 0.024019 0.166159 -0.049655 -0.077979 -0.231255 0.032086 -0.058145 0.052913 0.013667 0.444098 0.023364 0.140126 0.017474 -0.047788 0.072522 0.099611 0.039926 -0.016615 -0.302154 -0.018144 0.254163 0.115689 -0.071729 -0.024959
0.268220 1.000000 -0.324517 -0.259568 0.017940 -0.013368 -0.213737 -0.218845 -0.148919 -0.028217 0.201372 0.348741 0.090170 0.344583 0.157934 0.144467 0.382549 0.135126 0.159020 0.301320 0.105553 0.066811 -0.427246 -0.270664 -0.146019 -0.276243 0.071556 0.044701 0.263825 0.286283 -0.253741 -0.287427 0.131113 0.186718 -0.239104 -0.313546 0.065343 -0.103804 -0.027112 0.021566 0.012853 -0.114788 -0.301764 -0.308636 -0.192059 -0.301563 -0.330978 -0.354335 -0.019672 -0.229518 -0.192048 -0.037863 0.035832 -0.051895 -0.015376 -0.326892 0.272684 0.392115 0.306467 0.321013 0.241934 0.347912 0.279498 0.362381 -0.039477 -0.052160 0.267559 -0.048499 0.304896 0.394369 -0.098724 -0.056007 0.180828 0.067854 -0.069092 -0.106775 -0.114224 -0.120357 0.260096 0.118242 0.435043 0.365288 0.151351 0.137113 0.032347 -0.134344 -0.147310 -0.060423 -0.252813 -0.102807 0.080343 -0.111120 -0.127540 -0.205006 -0.002783 -0.113577 -0.077421 0.133233 -0.221571 -0.018282 0.211702 0.100269 -0.000796 -0.112715 -0.008474 -0.034599 0.095605 -0.148764 -0.076856 0.088521 -0.301777 -0.060451 0.029688 0.008137 -0.105965 -0.038052
0.140349 -0.324517 1.000000 0.343150 0.173886 -0.114940 0.717270 0.538517 0.438900 0.324808 0.006511 -0.007704 0.283527 -0.028807 0.019212 -0.030176 -0.479970 -0.318657 0.377200 -0.032907 -0.019613 -0.057379 0.408836 0.245134 -0.096892 -0.047111 -0.014984 -0.098047 -0.282386 -0.405578 0.170536 -0.014017 -0.331814 -0.230542 0.102266 0.200895 -0.291833 -0.286916 -0.201505 -0.100860 -0.225389 -0.147584 -0.120294 -0.033023 0.048678 -0.036582 -0.147267 0.045718 0.214753 0.009080 0.177800 -0.144939 -0.060184 -0.125352 0.060246 -0.060612 -0.422568 -0.443227 0.024840 0.007503 -0.065548 0.036222 -0.437380 -0.290559 0.201266 0.171772 -0.312514 0.087516 -0.502905 -0.313541 0.139725 -0.118497 -0.359967 -0.207050 -0.065448 -0.043914 0.005683 0.049085 -0.404473 -0.372748 -0.482590 -0.418727 -0.145598 -0.128761 -0.124414 0.027726 0.001749 -0.117322 0.216925 0.111835 0.176830 0.133913 0.187129 0.300543 0.141895 -0.075113 0.089874 -0.016975 -0.009800 0.050295 -0.082730 0.309103 0.092255 0.102202 0.044911 0.090691 0.104547 0.028637 0.023261 -0.131172 0.048973 0.170453 0.069182 0.011715 0.002003 0.150256
-0.293976 -0.259568 0.343150 1.000000 0.144054 0.120608 0.213767 0.556345 0.242455 -0.023239 -0.070300 0.055700 -0.174400 -0.099908 0.003222 0.225719 -0.275285 -0.276436 -0.156298 0.151058 0.133620 0.243353 0.554405 0.636094 0.420634 0.626087 0.144357 0.197287 -0.323477 -0.166975 0.386889 0.436351 -0.265427 -0.122165 -0.021949 0.001936 -0.270227 0.063089 -0.060779 -0.108160 -0.025187 0.042506 0.131369 0.121508 0.036746 0.238991 0.121672 0.244517 -0.069154 0.108944 0.031400 -0.083487 -0.256528 -0.083760 -0.370055 0.068410 -0.056766 -0.065651 -0.396854 0.014330 -0.476534 -0.409458 -0.262506 -0.422815 -0.322892 -0.105088 -0.195382 0.059582 -0.133742 -0.025131 0.212625 0.219999 -0.356595 -0.069147 -0.059975 0.011885 -0.180058 -0.044451 -0.181878 -0.040555 -0.237305 -0.308987 -0.013662 0.042333 0.096266 0.166096 -0.141286 0.004511 0.066778 -0.227649 -0.108633 0.077303 0.075173 0.190920 -0.021170 -0.347656 0.024343 -0.265181 -0.039093 -0.207721 -0.150156 -0.086626 -0.164401 -0.165739 -0.244244 -0.079025 -0.198264 -0.037362 -0.164812 -0.137445 0.311662 -0.157636 -0.236375 -0.160362 -0.176090 -0.243123
0.072571 0.017940 0.173886 0.144054 1.000000 0.515110 0.327106 -0.012145 0.473618 0.091178 0.152152 -0.012494 0.113636 0.041864 0.438286 0.351188 -0.167085 -0.371852 0.356994 0.191879 0.426771 0.318607 0.061588 0.074113 0.259658 0.257179 0.633231 0.146011 0.157436 -0.124001 0.168938 0.135759 -0.220510 -0.120767 0.114778 0.000685 -0.115817 -0.157837 -0.172162 0.009682 0.099385 0.023996 -0.193272 -0.083855 -0.096250 -0.036008 -0.242982 -0.096123 -0.112966 -0.175606 -0.089583 -0.147069 -0.187139 -0.293923 -0.164284 -0.277602 -0.296179 -0.241560 -0.075485 -0.194098 0.022778 0.019678 -0.099401 0.016104 0.237537 0.051919 -0.182850 0.054875 -0.147071 -0.009113 0.320233 0.045392 -0.083489 -0.086554 0.001155 0.144324 0.157381 0.163006 -0.353089 -0.203868 -0.282036 -0.366315 0.210771 0.304873 -0.058262 -0.052458 -0.268702 -0.232025 0.143134 0.050597 0.044617 0.317947 0.254202 0.170516 0.049629 -0.056075 0.011317 0.128058 -0.188217 0.222695 0.130871 0.031914 0.164053 0.048119 0.216329 0.158594 0.156515 -0.096669 0.011707 0.075005 0.182116 0.151630 -0.119509 0.012632 0.102691 -0.008059
-0.199685 -0.013368 -0.114940 0.120608 0.515110 1.000000 0.012766 0.062655 0.179822 0.253651 -0.055824 -0.033109 -0.253311 -0.123737 0.220603 0.257587 -0.193669 -0.290716 -0.039765 0.205353 0.389487 0.263010 0.225587 0.278953 0.149909 0.376595 0.538531 0.533787 -0.101806 -0.017001 -0.036644 0.145149 -0.211918 -0.134519 0.044602 -0.094682 -0.134299 0.166710 0.095563 0.237965 0.233845 0.140250 -0.095800 -0.149882 -0.216566 -0.096941 -0.082651 -0.073297 -0.233297 -0.279243 0.027512 -0.268605 -0.127501 -0.105159 -0.094095 -0.067582 -0.166238 -0.086259 -0.181360 -0.232761 -0.279914 -0.099637 -0.146540 -0.096664 -0.034139 -0.005408 -0.240502 0.191584 -0.054348 0.041189 0.145072 -0.019625 -0.226540 -0.129866 -0.123497 -0.051711 0.010633 -0.006687 -0.151488 -0.016216 -0.034380 -0.037545 0.324737 0.394604 0.322360 0.166818 0.084252 0.164237 0.254909 0.084774 0.185977 0.202409 0.202221 0.030553 -0.002404 -0.098764 -0.037778 0.060370 0.119760 0.107151 -0.079776 -0.241775 -0.075849 -0.173516 0.031908 0.090194 -0.110840 -0.160212 -0.093490 -0.054591 0.112063 0.140845 -0.168801 -0.109551 0.037205 -0.008005
0.276079 -0.213737 0.717270 0.213767 0.327106 0.012766 1.000000 0.352198 0.478803 0.331028 0.202846 0.005276 0.499471 0.028205 0.372641 0.122618 -0.266386 -0.181462 0.449947 0.172612 0.108414 -0.108771 0.422160 0.326865 0.032444 -0.046699 0.107526 -0.057875 0.035582 -0.236348 0.274073 0.079826 -0.129434 -0.099357 -0.143353 -0.026353 -0.160619 -0.221561 -0.138117 -0.101877 0.042442 -0.034553 -0.260732 -0.163765 -0.092671 -0.196735 -0.215746 -0.059877 -0.135546 -0.090533 0.042129 -0.274291 -0.134196 -0.154375 -0.062145 -0.163390 -0.313573 -0.385394 -0.012896 -0.045930 -0.162951 -0.016542 -0.392027 -0.269254 0.276960 -0.112413 -0.495922 -0.113650 -0.377180 -0.203574 0.119852 -0.126010 -0.085351 -0.114514 0.070612 -0.042150 0.024697 -0.015689 -0.289680 -0.335378 -0.377453 -0.336604 0.149707 0.190485 0.114503 0.073762 -0.192731 -0.175975 0.277057 0.261428 0.244368 0.304968 0.177362 0.368718 -0.058138 -0.028630 -0.042602 -0.043126 -0.019812 0.159264 -0.017143 0.265891 0.141044 0.127090 0.066409 0.120285 0.169786 -0.007094 0.005403 -0.171103 -0.124189 0.159454 0.055701 0.031616 0.091074 0.121075
0.131080 -0.218845 0.538517 0.556345 -0.012145 0.062655 0.352198 1.000000 0.252851 0.329874 0.092746 0.247603 0.072792 0.062056 -0.186997 0.158574 -0.328216 -0.226028 0.051763 -0.119731 -0.151676 -0.124427 0.330082 0.336255 0.003114 0.172033 -0.024569 -0.015423 -0.466528 -0.281731 0.073008 0.082748 -0.374464 -0.205639 0.044242 0.238344 -0.285467 -0.120941 -0.157515 -0.174147 -0.281065 -0.042258 -0.223626 -0.269666 -0.142366 -0.093845 -0.199862 -0.190371 0.242402 -0.157317 0.362172 -0.149255 0.188209 -0.050640 0.050844 -0.178748 -0.301809 -0.455824 0.115579 -0.003599 -0.086431 0.080533 -0.338954 -0.250654 0.024678 0.421118 -0.283753 0.125648 -0.510877 -0.321183 0.188406 0.067113 -0.376584 -0.025682 -0.101552 0.079599 -0.012329 0.064652 -0.307760 -0.238407 -0.348082 -0.285671 -0.257940 -0.148947 0.093689 0.246424 0.043638 -0.054348 0.331989 0.046735 0.221173 0.123910 0.284464 0.280352 -0.006598 -0.228523 -0.216582 -0.156597 0.014062 -0.120033 -0.338811 0.213618 -0.148346 -0.133569 -0.169292 -0.031511 -0.231944 0.007758 -0.080557 -0.170174 -0.020808 -0.033374 0.110404 -0.067408 -0.171203 -0.153549
0.160625 -0.148919 0.438900 0.242455 0.473618 0.179822 0.478803 0.252851 1.000000 0.264243 0.096762 0.015742 0.212806 0.019521 0.050490 0.494183 -0.259615 -0.326720 0.272877 0.085966 0.115307 0.077687 0.226848 0.122444 0.092700 0.186291 0.303211 -0.014643 -0.015492 -0.194804 0.268675 0.144244 -0.316296 -0.117343 -0.211852 -0.012735 -0.183995 -0.205984 -0.189933 -0.097741 -0.054182 0.074835 -0.260427 -0.224858 -0.236811 -0.126087 -0.280200 -0.185141 0.021685 -0.232045 0.125916 -0.015338 -0.004110 -0.079981 0.006705 -0.120173 -0.299518 -0.244383 -0.089821 0.081676 -0.050291 0.100022 -0.206822 -0.010826 0.267896 0.088051 -0.380455 -0.092769 -0.314786 -0.183989 0.313759 -0.051762 -0.070706 -0.142199 0.041767 0.114505 0.004360 -0.074573 -0.360564 -0.188344 -0.298202 -0.330035 0.038719 0.224420 -0.043723 -0.004885 -0.194304 -0.390781 0.126402 -0.091272 0.103261 0.406824 0.259233 0.270647 0.016012 -0.161309 -0.032401 0.035424 -0.005521 0.279189 -0.097768 0.162695 0.102804 0.015062 0.085320 0.119757 0.041764 0.134234 0.015080 -0.128330 -0.017326 0.230071 0.126092 0.095437 -0.049920 -0.128787
0.102993 -0.028217 0.324808 -0.023239 0.091178 0.253651 0.331028 0.329874 0.264243 1.000000 0.133926 0.157642 0.335536 0.049367 0.056644 0.031798 -0.156158 -0.124939 0.019864 -0.069989 0.143161 -0.245683 0.185501 0.226613 -0.381215 -0.145625 0.060121 0.258661 -0.194721 -0.132345 -0.009641 -0.095973 -0.271653 -0.111076 0.003917 0.055259 -0.299528 -0.060556 -0.311008 0.051471 -0.207215 -0.140393 -0.184480 -0.160295 -0.103734 -0.144615 -0.104942 -0.147390 -0.043330 -0.170781 0.159301 -0.197601 0.059806 -0.075818 0.175551 -0.236470 -0.191127 -0.306053 0.166133 -0.012351 0.042178 0.286805 -0.333731 -0.021378 0.167818 0.189103 -0.341202 0.023116 -0.412843 -0.223994 -0.126295 -0.092199 -0.241415 -0.235282 -0.185656 -0.288982 -0.154793 -0.210834 -0.159478 -0.151769 -0.184060 -0.003199 0.158556 0.177434 0.155921 0.221174 0.079660 -0.006444 0.218356 0.259276 0.297256 0.149485 0.151044 0.254225 -0.062871 -0.158966 -0.181684 0.013413 0.072007 0.072575 -0.133581 0.248068 -0.112890 -0.003214 -0.065703 0.126161 0.028985 -0.034621 -0.191892 -0.152127 -0.174367 0.233975 0.236317 -0.038603 0.069423 0.221332
0.547121 0.201372 0.006511 -0.070300 0.152152 -0.055824 0.202846 0.092746 0.096762 0.133926 1.000000 0.482767 0.656714 0.468801 0.461652 0.187749 0.272745 0.044490 0.325962 0.059879 0.004622 -0.284707 0.008240 0.008906 0.087441 -0.108459 0.007540 -0.240190 0.212612 0.101952 -0.093271 -0.143061 -0.174421 -0.287561 -0.117582 -0.176993 -0.062042 -0.064910 -0.118935 -0.083624 0.064947 -0.031161 -0.348434 -0.332742 -0.290444 -0.241299 -0.279891 -0.314275 0.107046 -0.256465 0.160618 -0.012606 0.192788 -0.101697 0.177998 -0.333172 0.105660 -0.310656 0.242396 0.012194 0.108907 0.120902 0.019478 0.016731 0.091707 0.073773 -0.192236 0.010171 -0.228356 -0.120065 0.097425 0.082539 0.071921 -0.051474 -0.133799 -0.052346 -0.081091 0.023637 -0.226419 -0.306461 -0.168978 -0.227843 0.329853 0.185271 0.230364 0.176769 -0.160451 0.068235 0.155487 0.110862 0.114578 0.309601 0.112618 0.164433 -0.023029 0.072476 -0.193476 0.000820 -0.197553 0.079791 -0.022459 0.130472 0.182553 0.180300 0.109261 0.135545 0.175331 0.177452 0.006689 0.014248 -0.184250 -0.234764 0.020507 0.124907 0.108323 0.092357
0.321190 0.348741 -0.007704 0.055700 -0.012494 -0.033109 0.005276 0.247603 0.015742 0.157642 0.482767 1.000000 0.274503 0.589708 0.096504 0.284539 0.258767 0.166323 0.063697 0.025649 -0.035015 -0.088840 -0.036697 -0.018549 0.010452 0.017476 -0.080266 -0.076389 0.173179 0.280942 -0.052133 -0.061715 0.030305 0.058574 -0.105097 0.006806 -0.087239 -0.189384 0.034200 -0.327597 -0.075583 -0.110684 -0.323315 -0.373471 -0.333594 -0.206786 -0.280816 -0.369964 0.039264 -0.297667 0.108063 -0.129213 0.086304 -0.075431 0.023525 -0.272979 0.121725 -0.077951 0.184519 0.210316 0.091963 0.316728 0.067164 0.050337 0.064073 0.257243 -0.135137 0.072953 -0.162893 -0.028851 -0.209970 -0.012781 0.099335 -0.079603 -0.170739 -0.156507 -0.263489 -0.122023 0.025944 -0.022271 0.060356 0.054226 0.093556 0.169089 0.286928 0.291739 -0.033044 0.012340 -0.003269 -0.008019 -0.020740 0.017621 -0.046492 -0.108714 -0.143218 -0.158646 -0.335201 -0.154474 -0.223787 -0.132117 -0.222426 0.069149 -0.187234 -0.149557 -0.145273 -0.107655 -0.060268 0.154697 -0.166410 -0.057155 -0.272745 -0.328236 0.047441 -0.082762 -0.224692 -0.157189
0.587243 0.090170 0.283527 -0.174400 0.113636 -0.253311 0.499471 0.072792 0.212806 0.335536 0.656714 0.274503 1.000000 0.483006 0.423189 0.048170 0.246210 0.086165 0.479089 -0.076708 -0.043117 -0.470679 0.034926 -0.097630 -0.133871 -0.307752 -0.046858 -0.311804 0.309588 0.055607 0.069705 -0.165592 -0.101139 -0.105444 -0.067139 -0.042856 0.008519 -0.307170 -0.246481 -0.082891 0.077631 -0.082676 -0.360066 -0.286911 -0.167785 -0.312280 -0.337657 -0.396848 0.052529 -0.205257 0.174912 -0.000852 0.189894 -0.190153 0.348593 -0.347739 -0.059740 -0.378532 0.199697 -0.084490 0.274008 0.231209 0.022887 0.193989 0.402460 0.049920 -0.275168 -0.145367 -0.299476 -0.263369 0.109313 -0.060726 0.250651 -0.010933 0.081254 -0.086563 0.053593 0.028904 -0.189707 -0.389895 -0.221560 -0.238571 0.177169 0.072282 0.007517 0.090640 -0.220263 -0.013522 0.154780 0.299250 0.076748 0.171481 0.085036 0.151886 -0.118755 0.013908 -0.219515 -0.063761 -0.252947 0.124303 0.068979 0.327703 0.282839 0.334192 0.219542 0.176764 0.291078 0.145723 -0.015185 -0.114958 -0.367259 -0.083697 0.160185 0.161561 0.186373 0.189831
0.258673 0.344583 -0.028807 -0.099908 0.041864 -0.123737 0.028205 0.062056 0.019521 0.049367 0.468801 0.589708 0.483006 1.000000 0.270478 0.240223 0.336463 0.134700 0.298829 -0.015876 -0.205470 -0.278039 -0.181401 -0.219471 -0.025327 -0.151645 -0.081755 -0.312396 0.403919 0.422518 -0.065702 -0.065815 0.014418 0.105438 -0.070620 -0.043963 0.197374 -0.190771 0.018818 -0.077383 0.168992 -0.021349 -0.390099 -0.467147 -0.347452 -0.379839 -0.335953 -0.439497 0.023756 -0.337973 -0.007481 0.067685 0.220767 0.074314 0.252776 -0.191181 0.058670 -0.071615 0.145110 0.087571 0.180940 0.216556 0.148033 0.205473 0.186394 0.071346 -0.066551 -0.109870 0.000250 0.074696 -0.054298 0.045181 0.373768 -0.011350 0.025304 -0.045377 -0.106828 -0.128289 0.152160 -0.044639 0.160281 0.107984 0.132196 0.104578 0.034940 0.065356 -0.101985 -0.042180 -0.159236 0.053366 -0.002060 -0.054266 -0.032249 -0.209421 -0.016114 -0.034453 -0.264186 -0.005393 -0.214179 -0.053134 -0.206529 0.089598 0.032290 -0.020924 0.050300 0.015806 0.090346 0.069315 -0.140475 -0.071587 -0.320926 -0.218906 0.054292 -0.006026 -0.037475 -0.093895
0.251164 0.157934 0.019212 0.003222 0.438286 0.220603 0.372641 -0.186997 0.050490 0.056644 0.461652 0.096504 0.423189 0.270478 1.000000 0.167533 0.160693 0.097932 0.308156 0.263145 0.383402 0.017064 0.269189 0.304601 0.339661 0.140530 0.357310 0.176225 0.360372 0.064732 0.176346 0.061973 -0.046507 -0.132161 -0.100563 -0.301738 -0.136546 -0.084819 -0.004602 -0.008998 0.264793 -0.042662 -0.134317 -0.105374 -0.144940 -0.185411 -0.102148 -0.062353 -0.204224 -0.099854 -0.117710 -0.171607 -0.144786 -0.143975 -0.292585 -0.340706 0.169504 0.070137 -0.032941 -0.144702 0.024590 -0.103693 -0.000785 -0.068851 0.071328 -0.308549 -0.148668 -0.140728 0.029456 0.071761 0.052945 0.019382 0.083866 -0.023671 -0.013784 -0.084445 -0.094868 -0.094815 -0.032569 -0.178400 -0.070922 -0.121099 0.670270 0.317908 0.279959 0.098360 -0.238985 -0.003571 0.072644 0.111592 -0.032909 0.082192 -0.017594 0.016089 -0.090334 -0.080224 -0.089776 -0.150258 -0.300755 -0.092840 0.072753 0.064375 0.072423 0.048360 -0.005815 0.007729 0.104422 -0.196333 -0.122524 -0.018803 -0.099296 -0.187327 -0.259874 -0.181484 0.053378 -0.022498
0.131644 0.144467 -0.030176 0.225719 0.351188 0.257587 0.122618 0.158574 0.494183 0.031798 0.187749 0.284539 0.048170 0.240223 0.167533 1.000000 0.110927 -0.100855 0.186169 0.241600 0.264588 0.161121 0.110952 0.089100 0.315151 0.341061 0.308974 0.150481 0.248502 0.225558 0.317452 0.270801 -0.015552 0.181161 -0.159920 -0.135584 -0.041334 0.020369 -0.016404 -0.098415 0.050903 0.175046 -0.262328 -0.296388 -0.464707 -0.200312 -0.357274 -0.389805 -0.238576 -0.378731 -0.075341 -0.123779 -0.045065 -0.159917 -0.160981 -0.328839 0.110244 0.040353 -0.132420 -0.060295 -0.010523 0.017991 0.162663 0.138777 0.116463 0.060039 -0.168750 -0.100335 -0.028438 0.076461 0.161080 0.142739 0.162120 -0.002513 0.140445 0.237678 -0.072909 -0.161284 0.045553 0.075761 0.123542 0.069450 0.126946 0.485759 0.288886 0.192696 -0.215801 -0.173047 0.055869 -0.263363 -0.188185 0.113047 0.056359 0.040916 -0.143395 -0.317704 -0.275194 -0.107330 -0.355039 -0.077618 -0.118380 0.002246 -0.134398 -0.219490 -0.156735 -0.104490 -0.237352 -0.092680 -0.087808 -0.119781 -0.136142 -0.138782 -0.099338 -0.147031 -0.302878 -0.412134
0.206196 0.382549 -0.479970 -0.275285 -0.167085 -0.193669 -0.266386 -0.328216 -0.259615 -0.156158 0.272745 0.258767 0.246210 0.336463 0.160693 0.110927 1.000000 0.510509 0.081373 0.166572 0.056671 -0.067425 -0.294707 -0.289627 -0.054964 -0.091959 -0.026834 -0.079741 0.600800 0.529917 -0.017971 0.034630 0.415647 0.362226 -0.193230 -0.177088 0.328665 0.124541 0.058553 -0.049757 0.302053 0.246378 -0.310140 -0.219031 -0.321519 -0.232765 -0.149435 -0.290104 -0.240207 -0.287183 -0.329917 -0.142431 0.072472 -0.094705 0.085512 -0.265679 0.632741 0.376773 0.008557 0.024793 0.200345 0.132026 0.625233 0.492718 0.052317 -0.237569 0.169688 -0.178956 0.343191 0.255994 -0.018468 0.006832 0.636977 0.267250 0.264643 0.116291 0.117564 0.052844 0.442348 0.236204 0.598956 0.445506 0.251185 0.191556 -0.007745 -0.155995 0.026261 0.122505 -0.261336 -0.133510 -0.141102 -0.236053 -0.350331 -0.231190 -0.200697 -0.048191 -0.181035 -0.089738 -0.207576 -0.084872 0.174005 0.007629 0.059499 -0.027079 0.024075 -0.101814 0.047291 0.056022 -0.088859 -0.150504 -0.302929 -0.357331 0.029226 -0.013794 -0.037215 -0.078905
0.104391 0.135126 -0.318657 -0.276436 -0.371852 -0.290716 -0.181462 -0.226028 -0.326720 -0.124939 0.044490 0.166323 0.086165 0.134700 0.097932 -0.100855 0.510509 1.000000 -0.023104 -0.003701 -0.047123 -0.117860 -0.074198 -0.182060 -0.102391 -0.193948 -0.244255 -0.125819 0.329142 0.384859 -0.015950 -0.008551 0.495844 0.378512 0.000849 -0.144865 0.131237 -0.018636 0.090365 -0.138204 -0.068741 0.085978 -0.133561 -0.129543 -0.129823 -0.280500 -0.029789 -0.256947 -0.108192 -0.120771 -0.045429 -0.053115 0.110838 -0.110619 0.025507 -0.224486 0.475190 0.357118 -0.085801 0.059175 0.154840 0.040723 0.475472 0.432858 0.213763 -0.163502 0.182505 -0.275966 0.117158 -0.009597 -0.205673 -0.076515 0.397116 0.223489 0.210317 0.054004 0.059511 0.016310 0.426712 0.304077 0.443545 0.542128 0.141222 0.015178 0.206441 0.108484 0.067388 -0.011145 0.032032 -0.033109 -0.190954 -0.356190 -0.219948 -0.222541 -0.149791 0.082872 -0.235931 -0.188145 -0.238863 -0.141443 0.014577 -0.002865 -0.073257 -0.021439 -0.004151 -0.162754 -0.032064 -0.052649 -0.095229 -0.094635 -0.364889 -0.241754 0.084874 -0.027909 -0.046288 -0.052404
0.450482 0.159020 0.377200 -0.156298 0.356994 -0.039765 0.449947 0.051763 0.272877 0.019864 0.325962 0.063697 0.479089 0.298829 0.308156 0.186169 0.081373 -0.023104 1.000000 0.292849 0.046595 -0.105173 -0.104236 -0.215775 -0.074124 -0.253512 0.127307 -0.244721 0.351584 0.077024 0.075337 -0.085041 0.049625 0.029739 -0.009707 -0.058835 0.105693 -0.183588 0.033227 -0.131470 0.033122 0.077012 -0.543544 -0.462852 -0.292715 -0.530073 -0.539705 -0.465477 0.007816 -0.407384 0.021506 -0.067476 0.063174 -0.153103 0.265039 -0.285162 -0.281160 -0.364833 0.067838 0.021182 0.110044 0.129203 0.027198 0.233557 0.537751 0.038476 -0.044397 0.047340 -0.292996 -0.191495 0.276964 -0.075203 0.171377 0.052053 0.166406 0.195431 0.235376 0.138640 -0.130336 -0.349327 -0.169879 -0.220438 0.142924 0.134619 0.029701 -0.026981 -0.021030 -0.104110 0.163122 0.215273 0.182443 0.200712 0.168769 0.141799 0.101730 0.022105 -0.043873 0.161645 -0.138553 0.186109 0.158504 0.199469 0.324305 0.196161 0.324414 0.248740 0.235114 0.098904 -0.015367 -0.116211 -0.287249 0.076711 0.066380 0.133858 0.118948 0.120696
0.007380 0.301320 -0.032907 0.151058 0.191879 0.205353 0.172612 -0.119731 0.085966 -0.069989 0.059879 0.025649 -0.076708 -0.015876 0.263145 0.241600 0.166572 -0.003701 0.292849 1.000000 0.229146 0.166963 0.001134 0.342575 0.132220 0.187016 0.169062 0.132644 0.363933 0.274619 0.116122 0.289289 0.191258 0.230229 -0.327903 -0.309215 0.094857 0.183845 0.223110 -0.004687 0.222869 0.180965 -0.319155 -0.206866 -0.283097 -0.238247 -0.174288 0.012466 -0.503830 -0.230409 -0.486948 -0.340257 -0.365386 -0.053618 -0.190977 -0.088678 0.104378 0.227685 -0.261864 0.139666 -0.311035 -0.167939 0.082358 -0.113184 -0.082371 -0.438556 -0.127855 -0.124174 0.142065 0.312277 -0.005733 -0.056716 0.152149 0.052388 0.104245 0.114072 0.045703 -0.014109 0.118079 0.091790 0.277730 0.126596 0.378832 0.457761 0.211527 -0.157961 0.079794 0.028593 -0.050319 -0.136428 0.318272 0.173260 -0.009991 0.125318 -0.049965 -0.126590 -0.029184 0.081532 0.061844 0.084318 0.152445 -0.035567 0.069201 -0.064246 0.032931 0.140516 0.126728 -0.098275 -0.321704 -0.096530 -0.043182 0.116345 0.004400 0.063223 0.087209 0.129708
0.086007 0.105553 -0.019613 0.133620 0.426771 0.389487 0.108414 -0.151676 0.115307 0.143161 0.004622 -0.035015 -0.043117 -0.205470 0.383402 0.264588 0.056671 -0.047123 0.046595 0.229146 1.000000 0.505320 0.240740 0.250680 0.233906 0.325498 0.622684 0.566022 0.097066 -0.003938 0.422718 0.257211 0.005477 -0.035062 0.024637 -0.263947 -0.113120 0.002437 -0.165444 -0.031860 0.095467 0.100234 0.065582 0.057673 0.036184 -0.003463 0.091245 0.069414 -0.067421 -0.045638 0.029874 -0.150135 -0.213694 -0.300677 -0.449410 -0.305889 0.149948 0.115848 -0.100845 -0.130462 0.010020 -0.109688 0.116220 0.104739 -0.056791 -0.250690 -0.081196 0.078713 0.011340 0.006635 0.248337 0.305049 -0.053156 -0.055896 -0.007901 0.083059 -0.154922 -0.122059 -0.117288 -0.193140 -0.057961 -0.048056 0.360619 0.434218 0.309584 0.151080 -0.292327 0.065065 0.093728 -0.132853 -0.173902 -0.082663 -0.163163 0.075489 -0.201155 -0.388385 -0.052452 -0.105683 -0.200559 -0.174650 0.222954 0.189074 -0.264651 -0.180888 -0.268008 -0.193514 -0.211478 -0.378384 -0.120199 -0.070298 -0.008553 -0.033646 -0.138510 -0.290197 -0.251965 -0.193942
-0.223556 0.066811 -0.057379 0.243353 0.318607 0.263010 -0.108771 -0.124427 0.077687 -0.245683 -0.284707 -0.088840 -0.470679 -0.278039 0.017064 0.161121 -0.067425 -0.117860 -0.105173 0.166963 0.505320 1.000000 0.190890 0.164748 0.271030 0.484798 0.446961 0.477250 -0.023242 -0.034939 0.294943 0.325951 0.048416 0.083513 0.086733 0.002527 -0.095947 -0.033001 0.046206 0.052879 0.087713 0.025441 0.198863 0.225546 0.158739 0.261514 0.157437 0.235459 -0.104301 0.076435 -0.170249 -0.189108 -0.366887 -0.197348 -0.464371 -0.049705 0.212336 0.318500 -0.174518 -0.004724 -0.014617 -0.100930 0.103958 -0.052446 -0.150167 -0.089916 0.180067 0.197377 0.147814 0.227577 0.164201 0.107500 -0.145325 -0.026473 -0.057148 0.056568 -0.131017 -0.050626 0.079459 0.108282 0.091820 0.045768 0.010971 0.224315 0.074935 -0.063776 -0.148191 -0.105642 0.001435 -0.365726 -0.334261 -0.263918 -0.202636 -0.157415 -0.101469 -0.219462 -0.023250 -0.121682 -0.276157 -0.255020 0.087473 0.004320 -0.288076 -0.376138 -0.277974 -0.352072 -0.276296 -0.405330 -0.002589 0.010802 0.149787 -0.099529 -0.293143 -0.288169 -0.347635 -0.319474
-0.118943 -0.427246 0.408836 0.554405 0.061588 0.225587 0.422160 0.330082 0.226848 0.185501 0.008240 -0.036697 0.034926 -0.181401 0.269189 0.110952 -0.294707 -0.074198 -0.104236 0.001134 0.240740 0.190890 1.000000 0.754636 0.337192 0.501687 0.198689 0.476673 -0.297038 -0.260025 0.392924 0.318802 -0.217653 -0.175970 0.045694 -0.005999 -0.435435 -0.034988 0.048855 0.009560 0.056538 -0.021321 0.099429 0.061185 -0.072171 0.042438 0.096215 0.166317 -0.125964 -0.044506 0.219228 -0.273369 -0.208461 -0.124968 -0.291746 0.033675 -0.004071 -0.083550 -0.297437 -0.171864 -0.371767 -0.332043 -0.295674 -0.367180 -0.109528 -0.161491 -0.338564 0.111708 -0.225998 -0.170262 0.099187 0.100648 -0.382928 -0.200025 -0.117105 -0.185357 -0.285703 -0.220690 -0.231424 -0.128599 -0.329967 -0.184295 0.216630 0.131904 0.336475 0.361176 -0.010438 0.136398 0.350236 0.016199 -0.059291 0.058168 0.040949 0.227485 -0.118652 -0.234132 -0.108161 -0.409168 -0.051028 -0.249283 -0.164322 -0.083421 -0.194892 -0.249962 -0.230572 -0.067322 -0.215827 -0.135316 -0.099742 -0.365827 0.001578 -0.150361 -0.222164 -0.264405 -0.152534 -0.132651
-0.181036 -0.270664 0.245134 0.636094 0.074113 0.278953 0.326865 0.336255 0.122444 0.226613 0.008906 -0.018549 -0.097630 -0.219471 0.304601 0.089100 -0.289627 -0.182060 -0.215775 0.342575 0.250680 0.164748 0.754636 1.000000 0.388787 0.574168 0.136960 0.488705 -0.308303 -0.314326 0.270404 0.317019 -0.256199 -0.202882 -0.151884 -0.101647 -0.461413 0.087652 0.026024 0.049080 -0.005853 -0.087283 0.092083 0.061805 -0.054222 0.145016 0.150582 0.330239 -0.255389 0.019778 -0.007922 -0.338464 -0.300196 -0.039274 -0.450014 -0.012393 -0.021808 -0.002340 -0.183211 -0.070238 -0.377617 -0.335261 -0.313434 -0.505938 -0.336139 -0.217250 -0.277159 0.140456 -0.098022 0.028314 -0.005084 0.069800 -0.485564 -0.303444 -0.247773 -0.287510 -0.384402 -0.323493 -0.164932 -0.070188 -0.231488 -0.175727 0.286318 0.267984 0.380254 0.291309 -0.033453 0.104826 0.310235 0.006784 0.149150 0.169189 0.043761 0.303704 -0.192614 -0.329728 -0.108993 -0.317052 0.081105 -0.256949 -0.213839 -0.084050 -0.290199 -0.272663 -0.353725 0.027479 -0.207519 -0.171387 -0.322284 -0.303677 0.140115 -0.049963 -0.221861 -0.306189 -0.131291 -0.078075
-0.068344 -0.146019 -0.096892 0.420634 0.259658 0.149909 0.032444 0.003114 0.092700 -0.381215 0.087441 0.010452 -0.133871 -0.025327 0.339661 0.315151 -0.054964 -0.102391 -0.074124 0.132220 0.233906 0.271030 0.337192 0.388787 1.000000 0.651330 0.131386 0.064323 0.121413 0.101059 0.415885 0.452039 -0.018574 -0.058331 -0.052295 -0.219279 -0.171234 -0.038252 0.082462 -0.212577 0.000518 -0.031475 0.190665 0.118033 0.078314 0.194840 0.152088 0.182793 -0.127029 0.153463 -0.015570 0.017024 -0.121855 0.026367 -0.537619 0.073857 0.204989 0.135603 -0.170008 -0.001621 -0.148543 -0.234128 0.039555 -0.200138 -0.249568 -0.293933 -0.013884 0.006629 0.130758 0.007337 0.124095 0.220785 -0.063331 0.019407 -0.060285 0.054742 -0.179746 -0.046928 -0.067686 -0.094050 -0.137852 -0.282664 0.231676 0.167757 0.167134 0.046278 -0.218814 -0.116520 -0.063590 -0.280171 -0.188387 0.045819 -0.171163 -0.070197 0.025858 -0.145556 -0.071298 -0.319519 -0.061078 -0.244624 -0.113471 -0.233779 -0.162123 -0.209911 -0.279863 -0.212511 -0.234759 -0.124264 0.004215 -0.069524 0.149862 -0.358858 -0.386380 -0.209599 -0.195693 -0.355358
-0.266494 -0.276243 -0.047111 0.626087 0.257179 0.376595 -0.046699 0.172033 0.186291 -0.145625 -0.108459 0.017476 -0.307752 -0.151645 0.140530 0.341061 -0.091959 -0.193948 -0.253512 0.187016 0.325498 0.484798 0.501687 0.574168 0.651330 1.000000 0.288294 0.390728 -0.055033 0.054419 0.485207 0.642732 -0.058701 0.043781 -0.061301 -0.079866 -0.195444 0.014964 -0.029551 -0.121917 0.079828 0.092518 0.185813 0.180181 0.003296 0.297259 0.130621 0.253107 -0.237275 0.059676 -0.129630 -0.230877 -0.346523 -0.157899 -0.515882 -0.005683 0.207623 0.147010 -0.349282 -0.084582 -0.280280 -0.332829 0.027253 -0.247781 -0.347038 -0.187386 -0.064903 0.085785 0.077878 0.108059 0.132679 0.115430 -0.127770 0.014974 0.022846 0.068553 -0.092290 -0.048317 -0.041675 0.086413 -0.018428 -0.120061 0.125712 0.212045 0.167470 0.090430 -0.009689 0.044610 0.057233 -0.401688 -0.254661 -0.058593 -0.156434 0.013368 -0.112362 -0.364667 -0.143768 -0.342497 -0.088395 -0.281489 -0.149436 -0.212437 -0.274194 -0.328450 -0.289435 -0.205289 -0.310498 -0.185148 -0.204511 -0.182263 0.259056 -0.224713 -0.282465 -0.281197 -0.248519 -0.330439
0.011574 0.071556 -0.014984 0.144357 0.633231 0.538531 0.107526 -0.024569 0.303211 0.060121 0.007540 -0.080266 -0.046858 -0.081755 0.357310 0.308974 -0.026834 -0.244255 0.127307 0.169062 0.622684 0.446961 0.198689 0.136960 0.131386 0.288294 1.000000 0.563553 0.002255 -0.184145 0.253460 0.169344 -0.162663 -0.078406 0.132520 0.011205 -0.051888 -0.039125 -0.130405 0.094699 0.192950 0.093699 -0.080063 -0.075701 -0.139452 -0.067139 -0.120582 -0.123226 -0.046737 -0.234929 0.059225 -0.085049 -0.144733 -0.236991 -0.230815 -0.217393 -0.095679 -0.017068 -0.181443 -0.302519 -0.035036 -0.172116 0.018663 0.055965 0.125138 -0.039102 -0.158873 0.093463 -0.039591 0.104150 0.352464 0.268469 -0.059930 -0.057264 -0.008918 0.130108 0.022883 0.014481 -0.206981 -0.067142 -0.119874 -0.153171 0.225669 0.227336 0.088745 0.062393 -0.239380 -0.027582 0.109823 -0.048295 -0.105893 0.171177 0.174088 0.154844 -0.065630 -0.203899 0.021345 0.064951 -0.250778 0.033572 0.034575 0.097451 -0.084111 -0.052730 -0.047065 0.019156 -0.116769 -0.169174 -0.001393 0.016290 0.096719 0.043899 -0.063318 -0.142810 -0.134202 -0.178544
-0.208412 0.044701 -0.098047 0.197287 0.146011 0.533787 -0.057875 -0.015423 -0.014643 0.258661 -0.240190 -0.076389 -0.311804 -0.312396 0.176225 0.150481 -0.079741 -0.125819 -0.244721 0.132644 0.566022 0.477250 0.476673 0.488705 0.064323 0.390728 0.563553 1.000000 -0.191623 -0.157403 0.219472 0.186987 -0.106556 0.035109 -0.003930 -0.051169 -0.309785 0.118571 0.044733 0.222290 0.112208 0.054754 0.155802 0.088787 -0.062832 0.050484 0.062787 0.112012 -0.180174 -0.120115 0.021487 -0.294657 -0.274745 -0.150763 -0.367268 -0.089612 0.096669 0.252735 -0.176329 -0.125681 -0.185859 -0.188463 -0.091672 -0.097271 -0.147539 -0.090788 -0.034978 0.212392 0.010909 0.145101 -0.018873 0.091791 -0.290595 -0.181523 -0.142152 -0.229310 -0.283621 -0.332226 0.025830 0.103873 0.055343 0.187506 0.292345 0.294852 0.366639 0.311995 0.066055 0.287415 0.183811 -0.093830 -0.167058 -0.134039 -0.088448 0.010364 -0.233737 -0.343072 -0.070619 -0.248376 -0.121076 -0.328046 -0.001742 -0.025690 -0.370574 -0.354843 -0.310152 -0.129251 -0.288652 -0.318933 -0.213513 -0.219416 -0.061853 -0.062643 -0.202438 -0.378584 -0.297305 -0.160753
0.279514 0.263825 -0.282386 -0.323477 0.157436 -0.101806 0.035582 -0.466528 -0.015492 -0.194721 0.212612 0.173179 0.309588 0.403919 0.360372 0.248502 0.600800 0.329142 0.351584 0.363933 0.097066 -0.023242 -0.297038 -0.308303 0.121413 -0.055033 0.002255 -0.191623 1.000000 0.667871 0.186437 0.206178 0.461973 0.434151 -0.213023 -0.234443 0.472299 0.074944 0.205162 -0.108492 0.428344 0.230567 -0.239280 -0.105512 -0.205204 -0.260094 -0.126084 -0.206347 -0.405197 -0.168295 -0.468199 -0.123658 -0.104605 -0.069067 0.067953 -0.126285 0.353114 0.267826 -0.161288 0.001351 0.037281 0.002213 0.335180 0.237881 0.205969 -0.408577 0.012540 -0.418387 0.250899 0.165035 -0.047909 -0.042905 0.767888 0.289937 0.362330 0.195124 0.245349 0.129704 0.400269 0.176030 0.444501 0.252959 0.391422 0.344726 0.053373 -0.226772 0.010018 -0.014012 -0.254797 -0.101103 -0.132734 -0.246581 -0.365989 -0.295940 -0.057811 0.042320 -0.115164 -0.033039 -0.195702 -0.006926 0.213532 -0.012319 0.176491 0.053997 0.158417 -0.147344 0.181931 0.029059 -0.085845 0.082124 -0.247244 -0.197120 -0.019613 0.087226 0.091879 -0.010178
-0.024338 0.286283 -0.405578 -0.166975 -0.124001 -0.017001 -0.236348 -0.281731 -0.194804 -0.132345 0.101952 0.280942 0.055607 0.422518 0.064732 0.225558 0.529917 0.384859 0.077024 0.274619 -0.003938 -0.034939 -0.260025 -0.314326 0.101059 0.054419 -0.184145 -0.157403 0.667871 1.000000 0.127475 0.341303 0.521483 0.587054 -0.155388 -0.232024 0.521600 0.191181 0.257311 -0.089254 0.383758 0.371028 -0.225631 -0.201895 -0.291952 -0.298161 -0.053667 -0.235269 -0.440452 -0.212276 -0.371920 -0.096761 -0.033947 0.026436 0.085585 0.010620 0.421005 0.325059 -0.268020 0.121015 -0.114353 -0.007388 0.362906 0.272358 -0.061381 -0.428941 0.044106 -0.327187 0.261534 0.202120 -0.063079 0.011369 0.701597 0.420104 0.400796 0.254982 0.208606 0.143336 0.525040 0.312252 0.610447 0.498696 0.238735 0.348899 0.105034 -0.140485 0.169727 0.096406 -0.391368 -0.314022 -0.130407 -0.264011 -0.329917 -0.391936 0.011709 0.050486 -0.142700 -0.026876 -0.070580 -0.054550 0.106400 -0.178289 0.034619 -0.071053 0.044684 -0.195097 0.003141 -0.026179 -0.075379 0.007945 -0.261425 -0.202832 -0.069621 0.055577 0.032814 -0.058098
0.056142 -0.253741 0.170536 0.386889 0.168938 -0.036644 0.274073 0.073008 0.268675 -0.009641 -0.093271 -0.052133 0.069705 -0.065702 0.176346 0.317452 -0.017971 -0.015950 0.075337 0.116122 0.422718 0.294943 0.392924 0.270404 0.415885 0.485207 0.253460 0.219472 0.186437 0.127475 1.000000 0.762756 0.153478 0.216305 -0.006825 -0.074790 -0.027883 -0.095446 -0.105214 -0.284813 0.026784 0.031076 0.182281 0.175612 0.141176 0.100812 0.128652 0.124668 -0.163899 0.148303 0.001230 -0.088924 -0.253929 -0.214521 -0.395093 -0.139437 0.184473 0.080426 -0.397801 -0.075751 -0.137119 -0.257085 0.090338 -0.021843 0.059053 -0.301458 -0.182248 -0.191789 -0.085409 -0.149045 0.174829 0.271915 0.178156 0.087392 0.174199 0.192014 -0.056853 -0.075374 0.084643 0.000991 -0.024241 -0.046876 0.113652 0.175519 0.219960 0.137039 -0.225850 -0.160909 -0.050428 -0.361984 -0.418147 -0.193715 -0.303637 0.032875 -0.107919 -0.409549 -0.230354 -0.401767 -0.161019 -0.339527 0.007285 0.146386 -0.257914 -0.115436 -0.314908 -0.327870 -0.286813 -0.309832 -0.254221 -0.230226 -0.080287 -0.182889 -0.168370 -0.199327 -0.294482 -0.378646
-0.148955 -0.287427 -0.014017 0.436351 0.135759 0.145149 0.079826 0.082748 0.144244 -0.095973 -0.143061 -0.061715 -0.165592 -0.065815 0.061973 0.270801 0.034630 -0.008551 -0.085041 0.289289 0.257211 0.325951 0.318802 0.317019 0.452039 0.642732 0.169344 0.186987 0.206178 0.341303 0.762756 1.000000 0.281501 0.381419 0.023005 -0.061615 0.165841 0.073286 0.061748 -0.163406 0.185893 0.164524 0.100331 0.147992 0.061908 0.166299 0.150395 0.157845 -0.377885 0.058445 -0.210489 -0.324821 -0.302806 -0.224028 -0.330694 0.009619 0.225690 0.130989 -0.542712 -0.116929 -0.385787 -0.392984 0.069087 -0.125407 -0.115827 -0.383555 -0.152696 -0.166096 0.012367 -0.017958 0.150560 0.252482 0.254357 0.221107 0.275908 0.318260 0.133567 0.128732 0.249487 0.188704 0.163508 0.074064 0.122779 0.242849 0.197186 0.002448 -0.000434 -0.084574 -0.049339 -0.442091 -0.283607 -0.186011 -0.247383 -0.068129 -0.050975 -0.276856 -0.154321 -0.321650 -0.020292 -0.227460 -0.050465 -0.103016 -0.194101 -0.162940 -0.205609 -0.258034 -0.250589 -0.234641 -0.279239 -0.209995 0.084294 -0.098069 -0.181543 -0.076128 -0.114521 -0.282492
-0.046155 0.131113 -0.331814 -0.265427 -0.220510 -0.211918 -0.129434 -0.374464 -0.316296 -0.271653 -0.174421 0.030305 -0.101139 0.014418 -0.046507 -0.015552 0.415647 0.495844 0.049625 0.191258 0.005477 0.048416 -0.217653 -0.256199 -0.018574 -0.058701 -0.162663 -0.106556 0.461973 0.521483 0.153478 0.281501 1.000000 0.738823 -0.012509 -0.108026 0.390411 0.077036 0.279019 -0.059180 0.195246 0.153090 -0.113002 0.019396 0.014141 -0.034620 0.006777 -0.010505 -0.388636 -0.036393 -0.405842 -0.225715 -0.188659 -0.127367 -0.093737 0.075001 0.404925 0.383507 -0.261267 0.079516 -0.111643 -0.103764 0.388767 0.264124 0.021806 -0.352617 0.192842 -0.216137 0.370782 0.199773 -0.144705 0.025710 0.599262 0.350075 0.394990 0.287145 0.235912 0.116235 0.578536 0.383261 0.469892 0.525166 -0.033924 0.045409 0.021396 -0.125963 0.079899 -0.006444 -0.178307 -0.128242 -0.297955 -0.413149 -0.355931 -0.335847 -0.059561 0.113721 -0.016710 -0.108836 -0.090581 -0.115580 0.150631 -0.105839 -0.026542 -0.011090 0.031971 -0.144863 -0.069185 -0.133336 0.001522 -0.077751 -0.145968 -0.123705 -0.074080 -0.038215 0.042670 -0.084882
-0.074651 0.186718 -0.230542 -0.122165 -0.120767 -0.134519 -0.099357 -0.205639 -0.117343 -0.111076 -0.287561 0.058574 -0.105444 0.105438 -0.132161 0.181161 0.362226 0.378512 0.029739 0.230229 -0.035062 0.083513 -0.175970 -0.202882 -0.058331 0.043781 -0.078406 0.035109 0.434151 0.587054 0.216305 0.381419 0.738823 1.000000 0.019250 0.089014 0.386179 0.126748 0.149003 -0.062619 0.186961 0.265891 -0.221767 -0.072911 -0.144718 -0.079636 -0.180266 -0.190489 -0.516090 -0.163157 -0.490547 -0.338943 -0.298159 -0.205992 -0.061659 0.000501 0.308161 0.386200 -0.335137 0.106565 -0.151534 -0.047305 0.260481 0.316330 0.077140 -0.316197 0.162717 -0.211172 0.330518 0.294860 -0.086960 -0.012013 0.564430 0.393860 0.526096 0.326937 0.301266 0.129321 0.574562 0.438793 0.581381 0.585713 -0.031030 0.196756 -0.058984 -0.161309 0.138050 -0.004492 -0.258260 -0.263640 -0.226474 -0.373452 -0.271624 -0.243791 -0.123956 -0.009610 -0.036478 -0.022034 -0.141986 -0.075844 0.093743 -0.080960 -0.095837 -0.096825 0.025720 -0.139091 -0.077752 -0.171285 -0.059283 -0.159004 -0.176256 -0.043965 0.092841 -0.066300 -0.053002 -0.074190
-0.073869 -0.239104 0.102266 -0.021949 0.114778 0.044602 -0.143353 0.044242 -0.211852 0.003917 -0.117582 -0.105097 -0.067139 -0.070620 -0.100563 -0.159920 -0.193230 0.000849 -0.009707 -0.327903 0.024637 0.086733 0.045694 -0.151884 -0.052295 -0.061301 0.132520 -0.003930 -0.213023 -0.155388 -0.006825 0.023005 -0.012509 0.019250 1.000000 0.470192 0.035722 0.010060 -0.113256 0.015687 -0.162415 -0.130454 0.124858 0.182685 0.194067 0.153757 0.116962 -0.032279 0.191333 0.051870 0.169923 0.054183 -0.005425 -0.102009 0.057781 0.089084 -0.122962 -0.229105 -0.157150 -0.442972 0.016107 -0.090635 -0.028202 -0.034387 0.229962 0.301598 0.047435 0.028483 -0.171393 -0.294036 0.268965 0.362771 -0.074582 0.156795 0.050101 0.284958 0.243150 0.383629 -0.070020 -0.105658 -0.204298 -0.168713 -0.225169 -0.321073 -0.177921 -0.053902 0.045073 0.043827 0.168515 0.117910 -0.080271 -0.112193 0.178276 0.039420 0.171074 0.132435 0.114042 0.026753 -0.116954 0.063298 0.016212 -0.055512 0.004903 0.295329 0.152786 0.061478 -0.046787 0.006220 0.239452 0.162872 0.148567 -0.002659 0.005190 0.055214 0.149727 0.019945
-0.088357 -0.313546 0.200895 0.001936 0.000685 -0.094682 -0.026353 0.238344 -0.012735 0.055259 -0.176993 0.006806 -0.042856 -0.043963 -0.301738 -0.135584 -0.177088 -0.144865 -0.058835 -0.309215 -0.263947 0.002527 -0.005999 -0.101647 -0.219279 -0.079866 0.011205 -0.051169 -0.234443 -0.232024 -0.074790 -0.061615 -0.108026 0.089014 0.470192 1.000000 -0.004531 -0.029840 -0.150194 -0.033060 -0.065824 -0.072057 -0.000197 0.063833 0.096698 0.185968 -0.005216 -0.023461 0.077757 0.016341 0.079681 -0.049987 -0.089878 -0.027348 0.127827 -0.000875 -0.263479 -0.231770 -0.066343 -0.328731 -0.003580 -0.026889 -0.251247 -0.183240 0.202421 0.416603 -0.019875 0.121702 -0.171764 -0.120044 0.139896 0.199502 -0.133578 0.063900 -0.039361 0.064047 0.157458 0.311005 -0.135927 -0.105278 -0.143547 -0.104142 -0.295432 -0.283422 -0.324866 -0.028304 0.259401 -0.004352 0.077063 0.071540 0.010980 0.036991 0.236117 0.241131 0.076966 0.248600 0.070161 0.049873 -0.034193 -0.002096 -0.242238 0.075365 -0.016463 0.221826 0.114888 0.220521 -0.008904 0.180635 0.195175 0.107596 0.159536 0.019173 0.231005 0.088579 0.129996 0.156592
