1.000000 0.366411 -0.290389 -0.192159 -0.209379 -0.007356 -0.346336 -0.364361 -0.392904 -0.269696 0.057092 0.104390 -0.038876 -0.012616 -0.141097 -0.256831 -0.048736 0.063024 0.229274 0.317732 -0.050359 -0.173916 -0.164783 -0.062268 -0.234151 -0.044753 0.014432 -0.001030 -0.127660 -0.229984 -0.183676 -0.274470 -0.153241 -0.073570 0.139531 -0.109667 -0.036686 0.231169 -0.062320 -0.066630 -0.090685 -0.099577 -0.089521 -0.020090 -0.168223 -0.315408 -0.041717 0.053973 -0.065909 -0.148214 -0.064311 0.020420 0.301049 0.164147 0.149342 0.122634 0.511094 0.298133 0.045670 0.163781 0.018568 -0.181160 0.003457 0.053698 -0.221126 -0.060213 0.059761 -0.217604 0.345407 0.046023 -0.025623 -0.009596 -0.060947 0.047215 0.152506 0.162094 0.323185 0.265803 -0.025957 0.104564 -0.216505 -0.112438 -0.174568 -0.337558 -0.030775 -0.094994 -0.003364 0.092184 -0.110666 0.075624 -0.111303 0.054804 0.001505 0.055640 0.111095 0.177192 0.297178 0.346315 0.103123 0.264490 -0.057641 0.007186 0.057062 0.196635 0.087470 0.189670 0.066750 0.087703 0.209338 0.285011 0.130412 0.189647 0.091414 0.060011 0.179846 0.345140
0.366411 1.000000 -0.485690 0.191849 -0.367900 -0.130815 -0.616466 -0.281156 -0.562581 -0.459831 -0.188790 0.176995 -0.172931 -0.036817 -0.240274 -0.117354 0.222552 0.252942 0.372665 0.587986 -0.078051 -0.054935 -0.376471 -0.217779 -0.406524 -0.046250 0.127155 0.046062 0.018806 0.008843 -0.202671 -0.305820 0.210712 0.117178 -0.038145 -0.290536 0.092113 0.055117 0.191060 0.171227 0.262007 0.134419 0.025964 0.058196 -0.129985 -0.270507 -0.031895 -0.018356 -0.199149 -0.154346 -0.062585 -0.187158 0.326781 0.291455 0.185341 -0.021469 0.675053 0.728114 -0.189181 0.030682 -0.163812 -0.148014 0.013839 0.259163 -0.443344 -0.106707 -0.072025 -0.303442 0.701376 0.535038 -0.094735 -0.073777 0.026124 0.230879 0.166106 -0.062371 -0.021333 -0.023108 0.201420 0.290975 0.221195 0.235889 0.096325 0.003012 0.043626 0.200365 0.103218 0.255443 -0.097464 0.235293 -0.132162 -0.178262 -0.029907 -0.337999 -0.140294 -0.120969 -0.078942 0.019545 0.072868 0.048196 -0.080196 -0.213997 0.061562 -0.007605 -0.104108 -0.026619 0.185867 -0.051215 -0.223056 -0.075318 -0.122413 -0.134109 -0.003689 -0.075081 -0.148554 -0.042054
-0.290389 -0.485690 1.000000 -0.197439 0.536443 -0.194415 0.784107 0.281182 0.638706 0.266757 0.290524 -0.116857 0.322027 0.062853 0.361185 0.106431 -0.077331 -0.308893 0.000617 -0.276789 0.083146 0.140972 0.446617 0.175452 0.157173 0.016062 -0.270577 -0.192842 -0.130622 0.010562 0.276342 0.377003 0.228365 0.330425 0.175309 0.439406 -0.233945 -0.332117 -0.167455 -0.291649 -0.028051 -0.097680 -0.321953 -0.295223 -0.041100 0.031848 -0.233378 -0.151106 0.090010 -0.047388 -0.273537 -0.030045 -0.351785 -0.316367 -0.403123 -0.218067 -0.470257 -0.374382 0.185158 -0.016807 0.386449 0.159030 0.115631 -0.066362 0.534581 0.026164 0.144506 0.238420 -0.362304 -0.201888 -0.130857 0.064451 0.004011 -0.156369 -0.108613 -0.018270 0.066911 -0.006274 -0.145621 -0.226216 -0.118724 -0.078754 0.051125 0.014077 -0.197514 -0.398757 -0.088229 -0.370205 -0.088192 -0.350957 -0.201038 0.043968 -0.096131 0.323086 0.188542 0.129117 0.052087 0.100415 -0.300827 -0.165216 0.118504 0.196270 0.036972 0.029290 0.058879 0.025166 0.035253 0.176185 0.177621 0.006738 0.142455 -0.023226 -0.235903 0.165010 0.110012 0.067918
-0.192159 0.191849 -0.197439 1.000000 -0.282487 0.404517 -0.235939 -0.014039 -0.194360 0.108386 0.168626 0.180974 -0.010369 -0.117866 0.320399 0.198773 0.159194 -0.040356 -0.128887 -0.212073 0.031475 0.074251 0.316823 0.541189 -0.215234 -0.071168 0.437451 0.427129 0.121969 -0.205369 0.029925 0.161129 -0.188601 -0.342874 -0.314186 -0.405967 0.125279 0.017439 0.332858 0.168517 0.006911 -0.035641 -0.202828 -0.203118 -0.304132 -0.230379 -0.341108 -0.364681 -0.376593 -0.356680 0.295941 -0.420545 0.018336 -0.301094 0.249155 -0.395466 -0.022692 0.036418 -0.222177 -0.265375 -0.104821 -0.196471 0.089552 -0.033920 0.228194 0.313480 -0.265500 -0.112853 0.275822 0.158613 0.115966 0.067131 -0.292024 -0.063088 -0.021422 -0.074027 -0.397181 -0.281372 -0.048455 0.015236 0.095255 0.035379 0.331868 0.279025 0.541518 0.594684 0.224727 0.399841 0.493428 0.445606 0.039482 0.043711 0.472033 0.112017 -0.180842 -0.317470 -0.418624 -0.216282 0.107362 -0.182109 -0.000551 -0.130090 -0.123893 -0.170814 -0.092539 -0.177893 0.262710 -0.109336 -0.168857 -0.254991 -0.404100 -0.043867 0.055454 0.097285 -0.144682 -0.074362
-0.209379 -0.367900 0.536443 -0.282487 1.000000 -0.010249 0.535271 0.320951 0.563548 0.382604 0.166788 -0.146290 0.091527 0.067323 0.126003 0.124990 -0.056818 -0.196971 0.007263 -0.095560 0.006143 0.106448 0.171503 -0.019674 0.222319 -0.075486 -0.159135 -0.215339 0.111742 0.100711 -0.008284 0.184091 0.138192 0.267460 0.097078 0.234542 -0.118490 -0.357048 -0.213779 -0.229243 0.047656 0.007560 -0.042126 -0.124546 0.158543 0.250330 0.021042 -0.093889 0.158288 0.225835 -0.221816 0.050694 -0.258603 -0.039316 -0.441917 -0.003851 -0.285525 -0.250802 0.107761 -0.031319 0.213929 0.271263 0.003062 -0.008676 0.230365 -0.128326 0.036064 -0.038779 -0.322389 -0.157696 -0.041326 0.141761 -0.007413 0.060621 -0.054411 0.040118 -0.013237 0.035972 -0.100360 -0.224764 0.101892 -0.061922 0.084083 0.165108 -0.236987 -0.341844 -0.261977 -0.286908 -0.293502 -0.381323 -0.055743 -0.013387 -0.140936 0.028166 0.045234 0.056822 -0.108372 -0.005637 -0.255044 -0.022249 0.028789 0.096230 -0.010986 -0.091238 0.069270 0.152742 -0.190759 0.148170 -0.014332 0.027575 0.104257 -0.006392 -0.010438 -0.009929 0.207927 0.085691
-0.007356 -0.130815 -0.194415 0.404517 -0.010249 1.000000 -0.138006 0.027450 -0.108519 0.335432 -0.044220 0.056742 0.029005 0.067182 0.013582 0.231454 -0.001102 -0.098983 -0.172468 -0.157124 0.005460 0.149977 0.108660 0.366558 0.020886 0.057529 0.416932 0.496347 0.001981 -0.280999 -0.072551 0.006821 -0.315137 -0.386398 -0.235759 -0.299213 -0.062600 0.006661 0.157231 0.189795 -0.066937 -0.077255 -0.012441 -0.031294 -0.101002 -0.022095 -0.010620 -0.131102 -0.060469 -0.089603 0.342156 -0.043500 0.120332 -0.112126 0.346375 0.032086 0.045951 -0.129937 -0.018939 -0.055821 -0.060252 0.008015 -0.033547 -0.122604 0.038712 0.188864 -0.156948 -0.156349 0.023092 0.001476 0.134807 0.145487 -0.317255 -0.181181 -0.122240 0.094958 -0.195961 -0.040007 -0.027709 -0.096250 -0.042824 -0.153345 0.009051 0.040460 0.146567 0.223479 -0.074700 0.171507 0.283383 0.228611 0.113344 -0.090552 0.204861 -0.010299 0.054436 -0.209392 -0.079423 -0.067945 0.037703 -0.043711 0.065204 -0.198871 -0.260332 -0.170323 0.002675 -0.036866 -0.024581 -0.080457 -0.003122 -0.066209 -0.140330 -0.022663 0.158186 0.006894 -0.013463 -0.035679
-0.346336 -0.616466 0.784107 -0.235939 0.535271 -0.138006 1.000000 0.437714 0.732608 0.392086 0.339536 0.066097 0.384257 0.210868 0.357236 0.241906 -0.023413 -0.139375 -0.122506 -0.304075 -0.019970 0.029271 0.319985 0.235793 0.165893 -0.023682 -0.368558 -0.257041 -0.043377 0.156024 0.385341 0.460989 0.005973 0.247822 0.201071 0.451237 -0.273963 -0.275454 -0.267426 -0.343292 -0.093507 -0.105008 -0.236624 -0.293244 -0.007550 0.080735 -0.183540 -0.105112 -0.011787 -0.060889 -0.391016 -0.168408 -0.433105 -0.344598 -0.436496 -0.261512 -0.476008 -0.508150 0.117979 -0.230453 0.444434 0.271008 0.140975 0.023257 0.489923 0.001987 -0.104656 0.140707 -0.491233 -0.349796 0.029596 0.163024 0.096328 -0.089336 -0.081638 0.039453 0.115503 0.211583 -0.140108 -0.313503 -0.077894 -0.127883 0.013733 0.119113 -0.259614 -0.377119 -0.239025 -0.430953 -0.145196 -0.360964 -0.039802 0.153726 0.038441 0.375088 0.155354 0.201328 -0.023978 0.013498 -0.353132 -0.181810 0.165418 0.233763 0.035062 -0.041485 0.052577 0.097738 -0.143947 0.147654 0.175736 0.061041 0.139568 0.027730 -0.227492 0.145915 0.145707 0.118240
-0.364361 -0.281156 0.281182 -0.014039 0.320951 0.027450 0.437714 1.000000 0.362027 0.539421 0.026920 0.246827 0.180035 0.448017 0.077306 0.318720 -0.062462 -0.033317 -0.120865 -0.304945 -0.002762 -0.055653 -0.206218 -0.079062 0.004455 -0.025661 -0.302835 -0.200388 0.061556 0.408676 0.151967 0.394363 0.162506 0.335606 -0.078248 0.106942 -0.276484 -0.307837 -0.377312 -0.202504 0.070328 0.142512 -0.127028 -0.185541 -0.017029 0.116634 -0.074162 -0.132498 -0.036963 -0.001231 -0.270239 -0.078720 -0.162121 -0.155436 -0.361465 -0.288626 -0.371572 -0.228357 0.027046 0.031366 0.228443 0.608047 0.055023 0.309970 0.014472 0.027193 -0.148986 -0.132822 -0.296070 -0.224726 0.002283 0.133244 0.090449 0.053362 -0.062238 0.064957 -0.047387 0.109949 -0.130594 -0.224042 0.148575 -0.035584 0.151090 0.351240 -0.269078 -0.203125 -0.122351 -0.136772 -0.317393 -0.239467 0.145818 0.104678 0.195064 0.057226 -0.228036 -0.111309 -0.286058 -0.267516 -0.236552 -0.327514 0.358184 0.351718 0.037112 -0.128064 -0.185360 -0.139954 0.091845 0.013343 -0.117563 -0.214601 -0.297862 -0.199156 -0.339323 0.012758 -0.027830 -0.146470
-0.392904 -0.562581 0.638706 -0.194360 0.563548 -0.108519 0.732608 0.362027 1.000000 0.500056 0.219386 0.044776 0.412991 0.235068 0.410201 0.388089 0.026964 -0.078434 -0.189383 -0.297071 -0.070753 0.095382 0.330591 0.135972 0.149361 -0.114432 -0.384770 -0.266687 0.028847 0.143679 0.123423 0.348600 0.045529 0.320274 0.044380 0.245358 -0.183202 -0.362790 -0.232788 -0.301510 -0.024616 -0.055906 -0.156654 -0.202764 0.000013 0.049066 -0.090362 -0.168550 0.152022 0.019583 -0.183851 0.021257 -0.303807 -0.280166 -0.344573 -0.081936 -0.454139 -0.468161 0.149026 -0.208266 0.541702 0.427279 0.207693 0.105141 0.503847 0.065360 -0.162924 0.070256 -0.431346 -0.268157 -0.135629 -0.026379 0.019566 -0.235094 -0.244295 -0.047423 -0.009085 -0.079968 -0.177045 -0.325875 -0.013409 -0.077336 0.175961 0.131402 -0.106990 -0.335120 -0.224017 -0.381244 -0.090922 -0.308608 -0.092996 0.032295 0.043691 0.319874 0.119066 0.054124 -0.063051 0.052212 -0.198932 -0.146238 0.057880 0.153526 -0.061863 -0.128372 0.052707 0.024774 -0.087264 0.116048 0.050362 -0.020677 -0.053127 0.020140 -0.192608 0.159243 0.207405 -0.113701
-0.269696 -0.459831 0.266757 0.108386 0.382604 0.335432 0.392086 0.539421 0.500056 1.000000 0.132080 0.152933 0.226113 0.353952 0.302189 0.413950 -0.009992 -0.093661 -0.186646 -0.343881 -0.064476 0.082191 0.157081 0.263004 0.010671 -0.030380 -0.093220 -0.027467 0.085418 0.167705 0.018630 0.356934 0.008347 0.186260 -0.066273 0.056009 -0.079553 -0.307045 -0.125549 -0.144450 0.063657 -0.126671 -0.188953 -0.239523 -0.197302 -0.026633 -0.123612 -0.192355 -0.135607 -0.133575 -0.081078 -0.131801 -0.171292 -0.206276 -0.157192 -0.108080 -0.402888 -0.390923 -0.000373 -0.159151 0.305049 0.461394 0.101295 0.078267 0.338288 0.169775 -0.172800 -0.068975 -0.267253 -0.248824 0.049739 0.166757 -0.067957 -0.179772 -0.148469 0.109613 -0.079092 0.053398 -0.083668 -0.220058 0.020875 -0.076600 0.140801 0.200324 -0.000665 -0.146797 -0.148923 -0.209173 -0.006473 -0.133970 -0.063738 0.027419 0.274038 0.173712 -0.027478 -0.001567 -0.186031 -0.041204 -0.122258 -0.093858 0.173586 0.118795 -0.106150 -0.126312 -0.084202 -0.037352 -0.044647 -0.050532 -0.023254 0.093822 -0.157747 0.053778 -0.084823 0.185913 0.173119 -0.169718
0.057092 -0.188790 0.290524 0.168626 0.166788 -0.044220 0.339536 0.026920 0.219386 0.132080 1.000000 0.326364 0.472616 0.236567 0.714324 0.192119 0.101325 -0.236239 -0.172656 -0.280118 -0.123086 -0.149342 0.315492 0.519778 0.071637 0.015011 0.008359 0.004663 -0.061604 -0.112153 0.175477 0.205923 -0.154299 -0.166900 0.078832 0.196418 -0.019916 0.076267 0.041704 -0.185786 0.051441 -0.172284 -0.400362 -0.407723 -0.345467 -0.211388 -0.417114 -0.260198 -0.249020 -0.263181 -0.261308 -0.356527 -0.130101 -0.397230 -0.091096 -0.423782 -0.115974 -0.184994 0.090313 -0.223505 0.246551 0.068949 0.110304 0.018884 0.350912 0.194288 -0.159335 -0.037745 -0.098336 -0.104378 0.088049 0.198086 -0.190751 -0.165396 -0.080055 0.063855 0.133740 0.168875 -0.313750 -0.269172 -0.233830 -0.223255 0.289624 0.146304 0.074718 -0.143836 0.018719 -0.154378 0.090363 0.029299 0.062417 0.302675 0.306679 0.465026 0.032559 0.025236 -0.150625 -0.007049 -0.050164 -0.110930 -0.026791 0.097856 0.020886 0.105242 0.052906 0.101226 -0.075037 0.104073 -0.022878 -0.104838 -0.045602 0.050389 -0.107076 0.205960 -0.074974 0.252902
0.104390 0.176995 -0.116857 0.180974 -0.146290 0.056742 0.066097 0.246827 0.044776 0.152933 0.326364 1.000000 0.458066 0.712699 0.267841 0.388225 0.159875 0.191510 -0.242747 -0.096422 -0.220210 -0.184763 -0.193765 0.308282 -0.356545 -0.065453 -0.109609 -0.049501 -0.147952 0.178625 -0.089542 0.038782 -0.151019 0.006939 0.029645 -0.046660 -0.216256 0.149116 -0.105640 -0.143580 0.020066 -0.095582 -0.168145 -0.182238 -0.238768 -0.269484 -0.154075 -0.080880 -0.168670 -0.198960 -0.263472 -0.280294 0.082365 -0.055497 0.134566 -0.198447 0.115841 -0.074750 0.019067 -0.275037 0.352133 0.364914 0.097675 0.241510 -0.000190 0.352542 -0.458587 -0.283252 0.005687 -0.093228 -0.163752 0.030655 -0.027021 -0.027463 0.001292 0.222498 0.069342 0.211894 -0.100845 -0.229351 -0.078948 -0.221410 0.076968 0.047146 -0.091481 -0.165357 -0.014011 -0.063203 0.045865 0.128723 0.107184 0.142638 0.512512 0.153563 -0.144776 0.002638 -0.060271 -0.026778 -0.034418 -0.076204 0.119443 -0.006231 -0.080209 -0.010123 -0.071157 0.068383 -0.000968 -0.101761 -0.095683 -0.035219 -0.229914 -0.100460 -0.147786 0.208828 -0.062463 -0.090647
-0.038876 -0.172931 0.322027 -0.010369 0.091527 0.029005 0.384257 0.180035 0.412991 0.226113 0.472616 0.458066 1.000000 0.569081 0.537754 0.395654 0.245527 0.100326 -0.371408 -0.321234 -0.176767 -0.223254 -0.025104 0.246223 -0.174538 -0.024128 -0.218733 -0.084590 -0.347875 -0.119673 -0.131596 -0.040151 -0.185363 0.099455 0.022064 0.072076 -0.123784 0.009043 0.046962 -0.059773 0.115002 -0.196147 -0.320289 -0.338664 -0.326153 -0.326767 -0.283843 -0.144804 -0.122931 -0.372019 -0.294926 -0.221380 0.182737 -0.357769 0.254915 -0.210365 -0.108738 -0.248356 0.387832 -0.201158 0.749311 0.465440 0.414459 0.254202 0.264362 0.367916 -0.285546 0.003133 -0.190037 -0.156335 -0.121493 -0.070798 -0.102706 -0.178618 -0.206593 0.052578 0.143077 0.138627 -0.197385 -0.337716 -0.263559 -0.296973 0.053751 -0.138966 -0.208187 -0.310658 -0.131188 -0.351656 0.046977 0.168797 0.062244 0.212594 0.320314 0.389294 0.055369 0.127269 -0.015683 0.181349 0.042957 -0.076601 0.157295 0.112463 -0.030437 -0.025601 0.069212 0.064557 0.029931 0.087258 0.119249 -0.023027 -0.083871 0.000126 -0.148737 0.242146 0.001293 0.013551
-0.012616 -0.036817 0.062853 -0.117866 0.067323 0.067182 0.210868 0.448017 0.235068 0.353952 0.236567 0.712699 0.569081 1.000000 0.278836 0.543264 0.136150 0.125561 -0.312143 -0.179514 -0.131840 -0.017380 -0.294490 0.117226 -0.153108 0.215571 -0.225725 -0.046588 -0.191996 0.121847 -0.053460 0.103305 0.020752 0.223255 0.011553 0.088012 -0.290197 -0.060598 -0.138475 -0.018669 0.109382 0.001105 -0.180896 -0.224339 -0.292455 -0.190218 -0.109640 -0.064147 -0.131691 -0.203011 -0.239252 -0.125687 0.191559 -0.002460 0.084449 -0.086940 -0.046624 -0.095252 0.137788 -0.166535 0.448713 0.562147 0.047151 0.256564 -0.006533 0.359131 -0.346564 -0.201577 -0.091406 -0.097916 -0.157348 0.015778 0.013165 0.022200 -0.037314 0.152020 0.108285 0.173292 -0.045782 -0.267464 -0.076695 -0.281515 -0.017053 -0.068482 -0.248427 -0.316193 -0.156875 -0.273194 -0.166774 0.041109 0.031310 0.056816 0.331700 0.080262 -0.074581 -0.010891 -0.062047 0.034320 -0.074797 -0.118555 0.177520 0.003299 -0.112787 -0.099500 -0.096372 -0.008920 -0.020099 -0.012530 -0.024531 -0.067148 -0.156403 -0.208648 -0.258267 0.067897 -0.121378 -0.176745
-0.141097 -0.240274 0.361185 0.320399 0.126003 0.013582 0.357236 0.077306 0.410201 0.302189 0.714324 0.267841 0.537754 0.278836 1.000000 0.501567 0.141128 -0.214723 -0.260396 -0.340433 -0.075557 -0.003153 0.477189 0.562061 0.015697 0.038117 -0.000624 0.090403 0.067356 -0.206241 0.207276 0.243555 -0.127308 -0.085313 -0.142318 -0.002341 -0.000286 -0.197559 0.103563 -0.092094 0.107921 -0.208888 -0.492479 -0.500406 -0.420054 -0.278413 -0.514067 -0.458195 -0.243637 -0.363481 -0.033548 -0.349656 -0.053456 -0.402535 0.019530 -0.401175 -0.270256 -0.186357 0.099159 -0.257907 0.327183 0.178653 0.100014 0.013539 0.513315 0.345329 -0.280828 0.004433 -0.045070 0.021421 0.033723 0.064716 -0.288211 -0.268287 -0.209289 -0.074278 -0.142079 -0.229615 -0.186131 -0.184019 -0.065027 -0.176928 0.459436 0.184633 0.311002 0.010801 0.050032 -0.049603 0.218551 0.193025 0.027242 0.232328 0.333610 0.486496 -0.031827 -0.162039 -0.295393 -0.084694 0.000216 -0.198354 0.124156 0.093272 -0.061387 -0.102216 0.010936 -0.099607 -0.033218 0.111404 -0.086310 -0.244201 -0.254662 -0.088116 -0.175733 0.129368 -0.114490 -0.004725
-0.256831 -0.117354 0.106431 0.198773 0.124990 0.231454 0.241906 0.318720 0.388089 0.413950 0.192119 0.388225 0.395654 0.543264 0.501567 1.000000 0.241222 0.055657 -0.214901 -0.156253 -0.108119 0.248958 0.126600 0.265771 -0.205448 -0.008165 -0.029766 0.085806 0.304027 0.156670 0.110587 0.241481 0.018867 0.078369 -0.277784 -0.201983 -0.008521 -0.238974 0.140863 0.160958 0.237465 0.117981 -0.371526 -0.413403 -0.334547 -0.251414 -0.305472 -0.457558 -0.214875 -0.269831 -0.006514 -0.230369 0.116591 -0.116899 0.096938 -0.112345 -0.109740 -0.051240 -0.008295 -0.239358 0.383388 0.429846 0.148655 0.382933 0.177571 0.173185 -0.458340 -0.320904 -0.003737 0.070678 0.071490 0.012248 -0.037143 0.052276 -0.048532 0.044283 -0.158496 -0.205013 0.093157 -0.138867 0.251143 0.008180 0.454765 0.369638 0.139053 0.005111 -0.092354 -0.021733 0.040423 0.234283 -0.057848 -0.084199 0.258111 0.109111 -0.135287 -0.308655 -0.381167 -0.117460 0.002198 -0.238228 0.132196 0.069875 -0.165725 -0.342884 -0.109535 -0.104862 -0.025767 0.005219 -0.209409 -0.319048 -0.463765 -0.265828 -0.253172 -0.049009 -0.082172 -0.228613
-0.048736 0.222552 -0.077331 0.159194 -0.056818 -0.001102 -0.023413 -0.062462 0.026964 -0.009992 0.101325 0.159875 0.245527 0.136150 0.141128 0.241222 1.000000 0.487581 0.223607 0.167741 -0.223687 0.075298 -0.116838 -0.028168 -0.211687 -0.200028 -0.061213 -0.100584 0.373716 0.161342 0.011750 0.024927 -0.007617 0.021495 -0.455006 -0.340058 0.003575 -0.159394 0.050508 0.045307 -0.126883 0.208225 -0.190198 -0.184949 -0.167293 -0.328215 -0.234598 -0.269064 -0.228730 -0.265605 -0.074063 -0.240391 0.022520 -0.293925 0.027274 -0.156269 0.217309 0.132017 0.114501 0.026048 0.231240 0.065740 0.539167 0.432311 -0.089184 -0.117596 -0.123190 -0.463072 0.100347 0.082528 0.181325 0.050947 0.441628 0.192267 0.180323 0.220926 0.053064 -0.098177 0.436484 0.224043 0.503561 0.434203 0.150123 0.241990 0.071174 0.187703 -0.062663 0.014782 0.058184 0.183687 -0.230855 -0.141671 -0.005979 -0.070773 -0.031433 -0.216021 -0.282141 -0.117314 -0.127193 -0.106365 0.224047 -0.067853 0.166568 -0.088104 0.041718 -0.108590 0.085022 0.069684 -0.167088 -0.168760 -0.241548 -0.043213 0.036167 -0.074361 -0.097235 -0.258230
0.063024 0.252942 -0.308893 -0.040356 -0.196971 -0.098983 -0.139375 -0.033317 -0.078434 -0.093661 -0.236239 0.191510 0.100326 0.125561 -0.214723 0.055657 0.487581 1.000000 0.205089 0.345508 -0.258036 -0.103137 -0.384660 -0.243363 -0.253871 -0.177144 -0.171444 -0.176740 0.128290 0.345699 -0.128694 -0.147660 -0.060450 0.085382 -0.232146 -0.233802 0.018470 0.003597 -0.094691 0.064354 -0.066430 0.211596 0.137748 0.152854 0.083000 -0.061314 0.136445 0.128767 -0.035796 0.002609 -0.144982 -0.101497 -0.069147 -0.014450 0.182349 0.124496 0.284636 0.097869 -0.006388 -0.073756 0.127965 0.058386 0.177520 0.379303 -0.240922 -0.184307 -0.197070 -0.330911 0.084690 0.005992 0.111081 -0.016181 0.460555 0.134411 0.168562 0.230909 0.171389 0.127203 0.266036 0.248278 0.320202 0.372937 -0.168327 0.034062 -0.125481 0.016651 -0.163825 -0.028236 -0.041035 0.031717 -0.045139 -0.133888 -0.079421 -0.293853 -0.011990 -0.001787 -0.003839 -0.087374 -0.069603 -0.029870 0.045778 -0.084219 -0.004912 -0.159287 0.049080 -0.037922 0.182314 0.096143 -0.185337 -0.118436 -0.056829 0.000388 0.096228 -0.211451 -0.133790 -0.258005
0.229274 0.372665 0.000617 -0.128887 0.007263 -0.172468 -0.122506 -0.120865 -0.189383 -0.186646 -0.172656 -0.242747 -0.371408 -0.312143 -0.260396 -0.214901 0.223607 0.205089 1.000000 0.557643 -0.070057 0.065622 -0.151321 -0.321072 -0.180522 -0.139845 -0.080289 -0.170657 0.386598 0.332041 0.195073 0.055393 0.412900 0.320349 -0.060455 -0.119917 -0.009667 -0.219213 -0.108173 -0.077362 0.016279 0.170913 0.137802 0.176750 0.153588 0.004529 0.151073 0.124914 -0.000859 0.189355 -0.214228 0.041018 -0.191422 0.204417 -0.348637 0.099991 0.268207 0.284944 -0.296074 0.128842 -0.211520 -0.229638 0.101686 0.133965 -0.317461 -0.507993 0.085854 -0.423796 0.261650 0.106871 0.011249 0.010753 0.450539 0.081716 0.215954 0.027830 0.097542 0.062660 0.203907 0.329079 0.362500 0.480150 0.098254 0.310227 -0.087559 -0.008080 -0.088898 0.139822 -0.344296 -0.323991 -0.274045 -0.179770 -0.436573 -0.347013 -0.045965 -0.038079 0.065897 -0.051765 -0.192555 -0.024321 0.061209 0.021918 0.256129 -0.029472 -0.070557 -0.046684 0.198291 0.129418 -0.134828 0.046849 0.064246 -0.005949 0.033122 -0.107611 0.007173 0.087110
0.317732 0.587986 -0.276789 -0.212073 -0.095560 -0.157124 -0.304075 -0.304945 -0.297071 -0.343881 -0.280118 -0.096422 -0.321234 -0.179514 -0.340433 -0.156253 0.167741 0.345508 0.557643 1.000000 -0.115450 -0.038744 -0.261536 -0.296427 -0.287129 -0.082022 0.000460 -0.031770 0.115090 0.161019 -0.091581 -0.243102 0.298035 0.261139 0.030354 -0.148511 -0.080095 -0.142096 -0.017443 0.063464 0.138437 0.083675 0.177222 0.197475 0.145299 -0.054097 0.242340 0.170087 0.048330 0.118258 -0.134885 0.017294 -0.026972 0.306768 -0.005236 0.247575 0.618276 0.547780 -0.262599 -0.010389 -0.258265 -0.298435 -0.084035 0.080860 -0.443133 -0.457323 -0.038338 -0.252449 0.453357 0.517768 -0.031214 -0.141040 0.261267 0.198604 0.239598 0.000387 0.165288 0.059880 0.296478 0.410865 0.310121 0.338713 -0.036082 0.036677 -0.143696 -0.078830 -0.163884 0.183116 -0.173752 -0.087382 -0.232071 -0.298494 -0.439814 -0.441698 0.161558 0.091745 0.119700 0.162204 -0.197372 0.168363 -0.203707 -0.285929 0.008724 0.017557 0.143727 0.142075 -0.026540 0.189789 -0.157959 0.068486 0.169729 0.050176 0.130402 -0.132931 0.034027 0.100777
-0.050359 -0.078051 0.083146 0.031475 0.006143 0.005460 -0.019970 -0.002762 -0.070753 -0.064476 -0.123086 -0.220210 -0.176767 -0.131840 -0.075557 -0.108119 -0.223687 -0.258036 -0.070057 -0.115450 1.000000 0.403533 0.134466 -0.000805 0.401672 0.423896 0.284355 0.372650 -0.088964 -0.053634 0.228892 0.208267 -0.012763 0.055629 0.155883 0.150790 0.125282 -0.015915 0.194523 0.252286 -0.067640 0.084032 -0.093417 -0.064383 -0.035326 0.003677 -0.010419 -0.061335 -0.055870 -0.043781 0.140095 -0.003012 -0.004319 0.049101 -0.012991 0.023492 0.018422 0.046536 -0.174477 -0.083549 -0.182817 -0.168773 -0.226712 -0.188255 0.063155 -0.045700 -0.046600 0.077330 0.148359 0.085036 0.105308 0.066731 0.056557 0.207058 0.227661 0.011846 0.060700 -0.116691 0.086204 0.270735 -0.134097 0.020767 -0.159912 -0.141766 0.030986 0.157471 -0.019778 0.011206 -0.017095 0.023397 -0.212406 -0.186304 -0.056702 -0.077301 0.148233 0.016113 0.142779 0.032943 0.163691 0.075880 0.028267 -0.142657 -0.019234 -0.039612 -0.097666 -0.115133 0.061037 -0.072098 0.174132 0.117655 0.082985 0.072476 0.014250 0.073920 -0.093143 0.062209
-0.173916 -0.054935 0.140972 0.074251 0.106448 0.149977 0.029271 -0.055653 0.095382 0.082191 -0.149342 -0.184763 -0.223254 -0.017380 -0.003153 0.248958 0.075298 -0.103137 0.065622 -0.038744 0.403533 1.000000 0.255973 0.088755 0.247123 0.470833 0.302069 0.498603 0.329092 -0.051381 0.360664 0.407459 0.162956 0.112448 -0.110212 -0.044009 0.171325 -0.153156 0.315741 0.299963 0.078551 0.254182 -0.291498 -0.285175 -0.139948 -0.040837 -0.249099 -0.394278 -0.116419 -0.168017 0.334959 -0.047721 -0.062102 -0.011484 -0.137527 -0.027817 -0.003739 0.122777 -0.135984 -0.092912 -0.125862 -0.093756 -0.178945 -0.090300 0.234342 0.113281 -0.056262 -0.070065 0.183833 0.179378 0.092243 0.257547 0.128318 0.167422 0.100670 -0.082139 -0.233185 -0.298020 0.352669 0.241297 0.298193 0.315562 0.181850 0.190472 0.370594 0.224869 0.064485 0.149512 0.132202 0.046653 -0.459632 -0.386551 -0.142629 -0.238352 0.064799 -0.337873 -0.127826 -0.185536 -0.127559 -0.218754 -0.044259 -0.171620 -0.101509 -0.321662 -0.148971 -0.238018 0.057525 -0.050550 -0.065950 -0.143050 -0.117332 -0.259163 -0.058383 -0.113115 -0.098061 -0.232603
-0.164783 -0.376471 0.446617 0.316823 0.171503 0.108660 0.319985 -0.206218 0.330591 0.157081 0.315492 -0.193765 -0.025104 -0.294490 0.477189 0.126600 -0.116838 -0.384660 -0.151321 -0.261536 0.134466 0.255973 1.000000 0.576371 0.103574 -0.096373 0.334598 0.216672 0.147988 -0.325067 0.246982 0.276661 -0.040380 -0.236357 -0.010560 0.014638 0.060948 -0.120919 0.237286 -0.117658 -0.035959 -0.200452 -0.394612 -0.370660 -0.199195 -0.124215 -0.406515 -0.395617 -0.132441 -0.181767 0.207756 -0.201993 -0.284634 -0.309727 -0.046218 -0.217912 -0.325058 -0.194818 -0.130541 -0.281143 0.009153 -0.207185 -0.111838 -0.355416 0.705854 0.167412 -0.058815 0.253997 -0.094414 -0.031314 0.039160 0.055960 -0.325947 -0.215853 -0.110352 -0.028568 -0.194706 -0.268980 -0.078385 -0.104508 -0.086522 -0.048552 0.367081 0.068709 0.504530 0.187519 0.218511 0.066373 0.526407 0.181932 -0.094392 0.160625 0.126863 0.446120 0.050435 -0.051284 -0.193669 -0.078872 -0.039494 -0.079012 -0.221895 -0.019039 -0.186888 -0.061052 0.012138 0.015211 -0.091239 0.012111 0.080142 -0.047986 -0.061024 0.011015 -0.149004 0.089956 0.079202 0.141969
-0.062268 -0.217779 0.175452 0.541189 -0.019674 0.366558 0.235793 -0.079062 0.135972 0.263004 0.519778 0.308282 0.246223 0.117226 0.562061 0.265771 -0.028168 -0.243363 -0.321072 -0.296427 -0.000805 0.088755 0.576371 1.000000 0.038752 0.163838 0.405916 0.446098 -0.079549 -0.287719 0.236174 0.405736 -0.420110 -0.330149 0.029258 0.016788 -0.159075 0.019775 0.179740 0.024531 -0.092046 -0.234171 -0.390168 -0.430403 -0.397561 -0.170252 -0.458876 -0.304274 -0.371496 -0.401143 0.026751 -0.498024 -0.186723 -0.381647 0.146544 -0.397797 -0.178298 -0.367473 -0.107418 -0.422015 0.104642 -0.106143 -0.101383 -0.303919 0.544415 0.424305 -0.366791 0.086615 -0.092788 -0.099471 0.088776 0.255352 -0.416613 -0.145160 -0.152577 0.053932 -0.224156 0.024196 -0.178973 -0.346241 -0.256174 -0.345563 0.176755 -0.003974 0.335893 0.174999 0.043683 0.085027 0.474251 0.279760 0.070041 0.196815 0.494438 0.416916 0.173001 0.014966 -0.187912 0.042836 -0.067998 -0.039718 -0.114987 -0.207887 -0.135288 0.090792 0.178482 0.201054 0.016167 0.146550 0.085715 -0.027920 -0.039294 0.098156 0.047217 0.360478 0.147623 0.222379
-0.234151 -0.406524 0.157173 -0.215234 0.222319 0.020886 0.165893 0.004455 0.149361 0.010671 0.071637 -0.356545 -0.174538 -0.153108 0.015697 -0.205448 -0.211687 -0.253871 -0.180522 -0.287129 0.401672 0.247123 0.103574 0.038752 1.000000 0.500206 0.155968 0.219044 -0.046986 -0.219237 0.265434 0.183232 -0.206529 -0.167874 0.097653 0.220712 -0.025606 -0.099909 -0.019258 0.065325 -0.259922 0.014502 0.055613 0.044834 0.114930 0.267305 0.016128 -0.001511 0.112885 0.088788 0.131324 0.161174 -0.169530 -0.170417 -0.134828 -0.016833 -0.255458 -0.302049 0.192244 0.211133 -0.167251 -0.090389 -0.244582 -0.277886 0.176829 0.013122 0.313559 0.308504 -0.351404 -0.174581 0.119972 0.126473 -0.078203 -0.050117 -0.073123 -0.183471 -0.047389 -0.115580 -0.072960 0.015595 -0.140042 -0.090108 -0.224975 -0.131405 -0.028351 0.106694 -0.045623 -0.047796 0.012874 -0.107008 -0.072238 -0.078335 -0.104599 0.024627 0.202079 0.009912 0.115758 -0.068912 -0.151646 -0.027557 0.071309 -0.087196 0.061742 0.122582 0.180087 -0.003002 -0.199144 0.037166 0.121329 -0.013142 0.182202 0.041069 0.055111 -0.065370 0.040263 -0.059691
-0.044753 -0.046250 0.016062 -0.071168 -0.075486 0.057529 -0.023682 -0.025661 -0.114432 -0.030380 0.015011 -0.065453 -0.024128 0.215571 0.038117 -0.008165 -0.200028 -0.177144 -0.139845 -0.082022 0.423896 0.470833 -0.096373 0.163838 0.500206 1.000000 0.258871 0.567320 -0.264109 -0.238053 0.394523 0.362588 0.019410 0.110487 0.240141 0.217275 -0.009430 0.034095 0.136770 0.409396 0.021038 0.045273 -0.085064 -0.080837 -0.163886 0.042770 -0.076295 -0.008581 -0.151363 -0.209749 0.036541 -0.102628 -0.029326 -0.022194 -0.030021 -0.081048 0.079681 0.079515 -0.081278 -0.131997 -0.174776 -0.186506 -0.376017 -0.306501 0.017829 0.281079 -0.034355 0.166826 0.140677 0.169064 -0.018212 0.192655 -0.113192 0.028488 -0.014470 -0.169351 -0.020638 0.007249 0.070266 0.020505 -0.113140 -0.077773 -0.213988 -0.220798 0.075539 0.083103 0.048062 0.098096 -0.062084 -0.049513 -0.260133 -0.218637 -0.046227 -0.168382 0.282067 0.055723 0.184941 0.089375 -0.067550 -0.047322 -0.077651 -0.270871 -0.092691 -0.018750 0.036447 0.013469 -0.084259 -0.116675 0.083235 0.027084 0.281762 -0.084830 0.000355 0.125067 -0.119586 -0.009830
0.014432 0.127155 -0.270577 0.437451 -0.159135 0.416932 -0.368558 -0.302835 -0.384770 -0.093220 0.008359 -0.109609 -0.218733 -0.225725 -0.000624 -0.029766 -0.061213 -0.171444 -0.080289 0.000460 0.284355 0.302069 0.334598 0.405916 0.155968 0.258871 1.000000 0.658385 0.069965 -0.360757 -0.064207 -0.027705 -0.265188 -0.469944 -0.054636 -0.252599 0.139404 0.172383 0.409919 0.322601 -0.116001 -0.090178 -0.150809 -0.150819 -0.215302 -0.127383 -0.206307 -0.219830 -0.250257 -0.170338 0.387854 -0.225123 0.024921 -0.084719 0.302403 -0.108911 0.166704 0.097737 -0.211742 -0.139401 -0.417026 -0.369919 -0.278432 -0.328050 0.036139 0.163483 -0.078318 0.055299 0.184346 0.108807 0.021472 0.097581 -0.321469 0.097067 -0.059615 0.067616 -0.276135 -0.168725 0.052018 0.036948 -0.041386 -0.096113 0.109004 0.019878 0.500953 0.549582 0.208746 0.376415 0.474264 0.350759 0.037896 0.045114 0.118387 -0.041300 -0.023165 -0.125837 -0.137896 -0.149503 0.206634 0.054794 -0.247538 -0.235332 -0.195942 0.096404 0.145785 0.147292 -0.039123 0.007347 -0.037008 -0.053296 0.016646 0.037684 0.169293 0.015562 0.051232 0.087782
-0.001030 0.046062 -0.192842 0.427129 -0.215339 0.496347 -0.257041 -0.200388 -0.266687 -0.027467 0.004663 -0.049501 -0.084590 -0.046588 0.090403 0.085806 -0.100584 -0.176740 -0.170657 -0.031770 0.372650 0.498603 0.216672 0.446098 0.219044 0.567320 0.658385 1.000000 -0.103725 -0.452113 0.134546 0.150013 -0.250644 -0.344618 -0.099689 -0.176717 0.085198 0.126938 0.428538 0.527953 -0.003269 -0.047840 -0.193358 -0.221661 -0.223696 -0.103279 -0.235807 -0.272520 -0.212528 -0.325277 0.394683 -0.190337 0.155252 -0.143667 0.382934 -0.133385 0.138063 0.064071 -0.188515 -0.216114 -0.285863 -0.349392 -0.174356 -0.284148 0.083060 0.256761 -0.208338 0.070120 0.229504 0.199435 0.163248 0.164242 -0.313497 -0.003110 -0.054684 -0.046845 -0.316182 -0.233842 -0.022705 0.048158 -0.071855 -0.139553 0.102204 -0.078877 0.458200 0.429483 0.107356 0.340573 0.396265 0.406603 -0.062393 -0.075168 0.074793 -0.058812 0.132948 -0.169272 -0.077245 -0.032382 0.136674 0.019841 -0.230871 -0.314569 -0.145734 -0.084842 0.166852 -0.046107 0.012281 -0.090611 0.002724 -0.119110 -0.016018 -0.048267 0.165644 0.092925 -0.040786 0.057026
-0.127660 0.018806 -0.130622 0.121969 0.111742 0.001981 -0.043377 0.061556 0.028847 0.085418 -0.061604 -0.147952 -0.347875 -0.191996 0.067356 0.304027 0.373716 0.128290 0.386598 0.115090 -0.088964 0.329092 0.147988 -0.079549 -0.046986 -0.264109 0.069965 -0.103725 1.000000 0.375732 0.295585 0.274303 0.146499 -0.006061 -0.531920 -0.471011 0.209617 -0.264836 0.053665 -0.041742 0.007881 0.363856 -0.166361 -0.228461 -0.003479 -0.038813 -0.224790 -0.469259 -0.103227 0.051621 0.203738 -0.043098 -0.113422 0.001007 -0.239878 -0.086943 -0.006501 0.075851 -0.179370 0.072706 -0.203344 -0.020234 0.087297 0.191753 -0.030146 -0.299859 -0.071102 -0.422406 0.067778 0.018089 0.294384 0.254285 0.440850 0.265206 0.284070 0.016819 -0.238636 -0.297552 0.466577 0.277288 0.731678 0.538942 0.474198 0.642473 0.332007 0.376817 0.000268 0.333474 -0.026260 0.067440 -0.149049 -0.108686 -0.157296 -0.173831 -0.279496 -0.529516 -0.496451 -0.482759 -0.121991 -0.275170 0.187330 0.188791 0.137673 -0.230982 -0.177808 -0.236186 -0.006068 0.091648 -0.400054 -0.328125 -0.490658 -0.283816 -0.060029 -0.325066 -0.131460 -0.250610
-0.229984 0.008843 0.010562 -0.205369 0.100711 -0.280999 0.156024 0.408676 0.143679 0.167705 -0.112153 0.178625 -0.119673 0.121847 -0.206241 0.156670 0.161342 0.345699 0.332041 0.161019 -0.053634 -0.051381 -0.325067 -0.287719 -0.219237 -0.238053 -0.360757 -0.452113 0.375732 1.000000 0.156532 0.208856 0.259778 0.329918 -0.090669 -0.031222 0.054513 0.004209 -0.296898 -0.126574 0.059946 0.447226 0.078622 0.078141 0.141790 0.040329 0.187157 0.136982 0.035182 0.229013 -0.354755 0.056059 -0.294603 0.185890 -0.395157 0.096825 -0.077051 -0.112769 -0.274067 -0.008299 -0.000176 0.224131 0.206021 0.373780 -0.258806 -0.473258 -0.179797 -0.437389 -0.159318 -0.217291 0.116008 0.077028 0.633718 0.361644 0.282284 0.265431 0.231735 0.217215 0.160948 0.005152 0.330106 0.370831 0.018007 0.451524 -0.377049 -0.278397 -0.259041 -0.218713 -0.479221 -0.437606 0.013170 -0.034129 -0.131667 -0.222754 -0.023023 0.085534 0.006413 -0.072594 -0.036299 0.032395 0.138321 0.187203 0.214366 -0.029279 -0.112813 0.007317 0.165748 0.042054 -0.178102 0.039983 -0.137608 0.019796 0.018265 0.041941 -0.047184 -0.143620
-0.183676 -0.202671 0.276342 0.029925 -0.008284 -0.072551 0.385341 0.151967 0.123423 0.018630 0.175477 -0.089542 -0.131596 -0.053460 0.207276 0.110587 0.011750 -0.128694 0.195073 -0.091581 0.228892 0.360664 0.246982 0.236174 0.265434 0.394523 -0.064207 0.134546 0.295585 0.156532 1.000000 0.690414 0.161793 0.194660 0.109470 0.204209 -0.029121 -0.147433 -0.070464 0.021586 -0.013472 0.104516 -0.290459 -0.292623 -0.141558 0.001220 -0.316849 -0.231514 -0.258980 -0.196235 -0.193074 -0.280634 -0.434516 -0.190862 -0.465238 -0.393860 -0.086526 -0.046183 -0.212823 -0.165841 -0.100297 -0.121042 -0.088044 -0.055237 0.241093 -0.017159 -0.098038 0.003831 0.015128 0.063011 0.144474 0.328244 0.208144 0.062758 0.207097 -0.096661 0.035543 0.081725 0.180789 0.099454 0.234806 0.304532 0.135421 0.331176 0.152684 0.141501 0.039433 0.122708 -0.088179 -0.177388 -0.329862 -0.139307 -0.137141 0.004325 0.092739 -0.097418 -0.146494 -0.223773 -0.335019 -0.339407 0.096638 0.032371 0.071158 -0.119801 -0.181102 -0.132536 -0.122822 -0.078464 -0.088200 -0.087747 -0.017595 -0.218141 -0.242722 -0.020451 -0.126365 0.008011
-0.274470 -0.305820 0.377003 0.161129 0.184091 0.006821 0.460989 0.394363 0.348600 0.356934 0.205923 0.038782 -0.040151 0.103305 0.243555 0.241481 0.024927 -0.147660 0.055393 -0.243102 0.208267 0.407459 0.276661 0.405736 0.183232 0.362588 -0.027705 0.150013 0.274303 0.208856 0.690414 1.000000 0.181596 0.358930 -0.037994 0.118752 -0.143073 -0.304143 -0.090411 -0.081112 -0.017422 0.163131 -0.379934 -0.440387 -0.271815 -0.030128 -0.394873 -0.346030 -0.253744 -0.264281 -0.163414 -0.360142 -0.455725 -0.291807 -0.457312 -0.432579 -0.312171 -0.237700 -0.240195 -0.258925 0.050528 0.043005 -0.106706 -0.099939 0.389027 0.081608 -0.207870 -0.043263 -0.064247 0.006943 0.146219 0.517708 0.132660 0.086838 0.091161 0.102483 -0.048831 0.093348 0.148146 -0.103669 0.189193 0.185832 0.223083 0.350383 0.124676 0.123566 -0.075012 0.061472 -0.073078 -0.188184 -0.278105 -0.083775 0.127008 0.097475 0.100077 -0.129285 -0.273102 -0.166104 -0.301883 -0.320703 0.101607 -0.024230 0.057331 -0.054801 -0.089414 -0.098961 0.140368 -0.016603 -0.073717 -0.096221 -0.080292 -0.139846 -0.143171 0.241623 -0.059216 -0.075246
-0.153241 0.210712 0.228365 -0.188601 0.138192 -0.315137 0.005973 0.162506 0.045529 0.008347 -0.154299 -0.151019 -0.185363 0.020752 -0.127308 0.018867 -0.007617 -0.060450 0.412900 0.298035 -0.012763 0.162956 -0.040380 -0.420110 -0.206529 0.019410 -0.265188 -0.250644 0.146499 0.259778 0.161793 0.181596 1.000000 0.688244 0.059310 0.142856 -0.020691 -0.256498 0.031073 -0.090419 0.451426 0.193130 -0.091524 -0.080535 -0.051895 -0.011111 -0.030855 -0.075625 0.011449 0.073592 -0.160945 0.038763 -0.074507 0.168906 -0.352290 -0.029865 -0.023701 0.409237 -0.112692 0.138733 -0.058417 0.075508 -0.041803 0.152574 -0.125243 -0.187926 0.228741 0.054570 0.271165 0.372150 -0.232935 -0.040323 0.216595 0.040930 0.181511 -0.058213 0.028555 -0.029007 0.147364 0.262508 0.311415 0.348349 0.263042 0.260313 -0.135500 -0.167540 0.097792 0.015344 -0.275901 -0.199571 -0.347925 -0.167531 -0.281581 -0.213685 -0.245261 -0.151495 -0.155556 -0.122906 -0.273939 -0.280155 -0.060865 0.080272 0.001185 -0.071662 -0.326658 -0.172366 0.100718 -0.177631 -0.253784 -0.142303 -0.079776 -0.422004 -0.327994 -0.114264 -0.219188 -0.159719
-0.073570 0.117178 0.330425 -0.342874 0.267460 -0.386398 0.247822 0.335606 0.320274 0.186260 -0.166900 0.006939 0.099455 0.223255 -0.085313 0.078369 0.021495 0.085382 0.320349 0.261139 0.055629 0.112448 -0.236357 -0.330149 -0.167874 0.110487 -0.469944 -0.344618 -0.006061 0.329918 0.194660 0.358930 0.688244 1.000000 0.214441 0.301189 -0.197495 -0.401188 -0.172063 -0.132215 0.326886 0.089530 -0.052355 -0.101574 -0.045794 0.047234 0.046097 0.016522 0.044014 0.026213 -0.387828 -0.036812 -0.201291 0.068580 -0.457178 -0.040873 -0.012624 0.178543 -0.064411 -0.000736 0.255879 0.316689 0.031446 0.221831 0.015413 -0.105702 0.022281 -0.013741 0.119600 0.256409 -0.330050 0.020080 0.271802 -0.007451 0.034886 -0.002749 0.100527 0.125070 0.112511 0.116466 0.212570 0.273591 0.037540 0.113737 -0.305209 -0.353721 -0.220512 -0.147447 -0.428647 -0.406654 -0.437088 -0.296532 -0.243321 -0.262790 0.020531 0.052615 -0.010034 0.076570 -0.334683 -0.195779 0.069637 0.038862 0.042439 -0.088633 -0.201452 -0.116844 0.196983 -0.023671 -0.084951 0.063798 0.085513 -0.180383 -0.187330 0.089910 -0.019831 -0.161363
0.139531 -0.038145 0.175309 -0.314186 0.097078 -0.235759 0.201071 -0.078248 0.044380 -0.066273 0.078832 0.029645 0.022064 0.011553 -0.142318 -0.277784 -0.455006 -0.232146 -0.060455 0.030354 0.155883 -0.110212 -0.010560 0.029258 0.097653 0.240141 -0.054636 -0.099689 -0.531920 -0.090669 0.109470 -0.037994 0.059310 0.214441 1.000000 0.717651 -0.109164 0.269094 -0.134679 -0.015014 -0.062661 -0.324529 0.046750 0.135420 0.037936 0.138776 0.167877 0.383180 -0.060314 0.113152 -0.339133 -0.042536 -0.281009 0.082953 -0.285561 0.062407 0.071175 0.031786 -0.097805 -0.201469 0.056197 -0.037112 -0.206588 -0.217604 0.113215 0.110072 0.025157 0.341074 -0.026624 -0.065551 -0.407580 -0.188493 -0.262531 -0.044219 -0.209220 -0.108078 0.325976 0.480969 -0.305136 -0.168846 -0.444912 -0.221954 -0.385545 -0.301903 -0.159951 -0.333440 0.011078 -0.198368 -0.124116 -0.326090 -0.179873 -0.054837 -0.087376 -0.013119 0.287987 0.557002 0.477870 0.361189 -0.166792 0.149931 -0.315516 -0.202334 -0.194008 0.095706 0.013623 0.390465 -0.150518 -0.111020 0.363546 0.511929 0.596924 0.238429 -0.059868 0.230716 0.269411 0.332484
-0.109667 -0.290536 0.439406 -0.405967 0.234542 -0.299213 0.451237 0.106942 0.245358 0.056009 0.196418 -0.046660 0.072076 0.088012 -0.002341 -0.201983 -0.340058 -0.233802 -0.119917 -0.148511 0.150790 -0.044009 0.014638 0.016788 0.220712 0.217275 -0.252599 -0.176717 -0.471011 -0.031222 0.204209 0.118752 0.142856 0.301189 0.717651 1.000000 -0.148580 0.120947 -0.236442 -0.098439 0.026584 -0.235100 0.015367 0.033201 0.103727 0.349940 0.077199 0.301549 0.026439 0.131663 -0.341910 -0.042237 -0.339973 -0.055116 -0.410755 -0.066743 -0.210387 -0.179296 0.083095 -0.077990 0.098402 0.137585 -0.190808 -0.190092 0.196842 0.129161 0.144205 0.496007 -0.216398 -0.144346 -0.309217 -0.014340 -0.134221 -0.135083 -0.205055 -0.110910 0.196908 0.350702 -0.285927 -0.089682 -0.344066 -0.195065 -0.313388 -0.188028 -0.317193 -0.428001 -0.097727 -0.346491 -0.243596 -0.423396 -0.130182 -0.034212 -0.149899 0.041463 0.195653 0.379109 0.266911 0.219779 -0.289097 0.015879 -0.140464 -0.061330 -0.094577 0.088842 -0.050480 0.163151 -0.064771 0.017861 0.265610 0.258721 0.543133 0.095588 -0.085460 0.171799 0.179636 0.238843
