1.000000 0.180440 0.083220 0.000337 -0.053278 0.037852 -0.045522 -0.099742 -0.030190 -0.064677 0.322081 0.182001 0.168282 0.222931 0.194927 0.178402 0.167715 0.225171 0.445639 0.239331 -0.129972 -0.241988 -0.078770 -0.097279 -0.065027 -0.358071 -0.046941 -0.090796 0.050799 0.219947 -0.088065 -0.303851 0.033109 -0.314200 -0.298164 -0.438990 0.046650 -0.057089 -0.209399 -0.314506 -0.161931 -0.031267 -0.223726 -0.223341 -0.355023 -0.451080 -0.178017 -0.116230 -0.209709 -0.168192 -0.075065 -0.081934 0.198235 -0.008290 -0.120062 0.127541 0.302960 0.157807 0.180842 0.238473 0.306101 0.460702 0.246753 0.320836 -0.037554 -0.057861 -0.137034 -0.205305 0.113974 -0.132832 -0.054603 -0.351838 -0.010167 -0.015219 0.087637 -0.053261 0.264650 -0.057434 -0.055711 -0.053147 0.049848 0.228813 0.098188 0.018764 0.029737 -0.038625 -0.022950 -0.089293 0.000779 0.170635 0.103790 0.114103 0.075099 0.005508 -0.196126 0.041969 0.091756 0.009517 -0.026430 0.041002 0.001131 -0.093826 0.072255 -0.169187 -0.193492 -0.072638 -0.175055 0.114398 -0.170916 0.109907 -0.034167 0.045172 -0.146910 -0.001204 -0.207208 0.031901
0.180440 1.000000 0.254485 -0.123386 0.219606 -0.115823 0.239562 0.208245 0.179750 0.140586 0.235176 0.268440 0.005962 0.332369 -0.013547 0.261086 0.411103 0.420662 0.206368 0.471804 -0.041734 -0.231885 -0.169894 -0.120297 -0.178999 -0.360771 0.063565 -0.117479 0.171696 0.347623 -0.162057 -0.170669 -0.093366 0.174574 -0.143530 -0.385755 0.187904 -0.133435 -0.023839 0.030666 0.013196 -0.031731 -0.466647 -0.433428 -0.201115 -0.284405 -0.478632 -0.388062 -0.116378 -0.151151 -0.095622 -0.054169 0.009023 -0.354500 0.058918 -0.020792 0.417291 0.450664 0.276480 0.194111 0.419540 0.409462 0.380348 0.545817 0.141053 -0.317894 -0.077883 -0.265254 0.234706 0.180564 -0.213694 -0.225981 -0.100370 0.010050 -0.102488 -0.027352 0.073367 -0.161456 0.424036 -0.078098 0.284129 0.238659 0.112031 0.266001 -0.269951 -0.086802 0.006382 0.043938 0.045459 0.234937 -0.107382 -0.050294 -0.027361 -0.019226 -0.061520 -0.008058 -0.181548 0.146813 -0.247800 -0.034249 0.136146 0.018305 0.132754 -0.215305 -0.081383 -0.050934 -0.024829 0.128916 0.043160 -0.044181 -0.204759 -0.063000 -0.007005 -0.106534 -0.145722 0.180116
0.083220 0.254485 1.000000 0.131849 0.441141 0.335612 0.729980 0.352171 0.451978 0.257820 0.183980 0.096998 0.075910 -0.173084 0.588162 0.030024 0.038091 -0.004055 0.263952 0.148176 0.078006 0.140017 0.517099 0.376858 0.078786 0.260969 0.342264 0.452478 -0.014190 -0.089680 0.324640 0.277946 -0.334214 0.028788 0.162669 -0.075249 -0.063174 -0.090084 0.120920 0.184036 -0.138178 -0.010680 -0.578171 -0.486393 -0.497119 -0.400391 -0.583559 -0.534465 -0.201502 -0.420249 -0.003296 -0.233884 -0.045967 -0.123141 -0.019517 -0.184550 0.008646 -0.065299 0.329565 -0.227792 0.039510 -0.110046 -0.023290 -0.103066 0.459180 0.082172 -0.158385 0.025792 -0.073552 -0.127714 -0.038619 -0.153595 -0.372905 -0.170964 -0.125239 -0.110560 0.004962 -0.148296 0.257282 -0.079618 -0.023701 0.010356 0.364443 0.337430 0.032246 0.199018 0.192363 0.221405 0.355422 0.270734 0.024138 0.343263 0.130367 0.185895 0.030962 0.192944 -0.386129 0.127938 -0.333304 -0.206791 0.041224 0.167613 0.107207 0.024003 -0.039444 0.192787 0.077162 -0.117447 0.231279 -0.035007 -0.250082 -0.273073 -0.245423 -0.097041 0.129840 0.169353
0.000337 -0.123386 0.131849 1.000000 0.087270 0.364064 -0.019181 0.343619 0.102483 0.508097 -0.085846 0.207290 -0.261367 -0.057306 0.260848 0.348575 -0.390620 -0.026864 -0.091810 -0.161943 -0.021671 0.357216 0.452131 0.526207 0.079072 0.432520 0.064551 0.526846 -0.300502 -0.110125 0.117016 0.305109 -0.148088 -0.142936 0.110136 -0.033721 -0.221367 -0.089687 -0.087141 0.077218 -0.255423 -0.062882 -0.076108 -0.017204 -0.293509 -0.091499 -0.104005 -0.087759 -0.259333 -0.091447 0.007592 -0.126271 -0.152235 -0.009376 -0.101007 -0.265646 -0.122957 -0.219063 0.078684 -0.158019 -0.193513 -0.077326 -0.273598 -0.228419 0.312151 0.571463 -0.399370 -0.115495 0.000537 -0.208193 -0.101016 -0.038979 -0.549050 -0.355753 -0.201056 -0.100696 -0.178941 -0.121012 0.014315 0.105249 -0.278330 -0.111342 0.111396 0.268635 0.067307 0.207545 0.210648 0.283986 0.319825 0.248676 0.030699 0.141935 0.274924 0.012467 0.039457 -0.035377 -0.032100 0.146606 -0.064306 -0.197208 0.129250 0.072894 0.066790 0.144254 -0.093011 0.016309 -0.151749 -0.061919 0.039336 0.110005 0.038521 -0.219356 -0.163731 0.054809 0.074688 0.033689
-0.053278 0.219606 0.441141 0.087270 1.000000 0.306445 0.556092 0.347918 0.435943 0.212901 0.197476 0.206041 0.236255 0.153746 0.327631 0.214936 0.195175 -0.119802 0.050210 0.147294 0.249624 0.297338 0.138251 0.100079 -0.113596 -0.019127 0.554231 0.354492 0.291216 -0.080158 0.121877 0.006353 -0.213732 0.056180 0.038257 -0.014732 0.028310 0.064735 0.157964 0.242037 -0.022284 0.066179 -0.423325 -0.426582 -0.323729 -0.342755 -0.382180 -0.445370 -0.168573 -0.411876 -0.048592 -0.249227 -0.041284 -0.184539 0.169889 -0.117365 0.036371 0.061626 0.239159 -0.141048 0.108471 -0.066845 0.072231 -0.076940 0.307962 0.060324 -0.043340 0.034294 -0.099849 -0.122617 0.021133 -0.029866 -0.268407 -0.130867 -0.157451 -0.220893 -0.117007 -0.200325 0.280907 -0.045433 0.094287 0.026204 0.173897 0.321434 -0.137022 0.025961 0.049429 0.267518 0.125562 -0.027201 0.060543 0.324126 0.123993 0.322948 0.024567 0.200653 -0.321476 0.158037 -0.091390 -0.083431 -0.083830 0.148257 0.049913 0.003432 0.044003 0.166450 -0.020864 -0.054367 0.068387 0.055345 -0.302911 -0.223086 0.089782 0.099953 0.219124 0.325946
0.037852 -0.115823 0.335612 0.364064 0.306445 1.000000 0.035038 0.110046 0.008664 0.317834 0.006876 -0.064711 -0.014103 -0.049038 0.253161 0.206971 -0.087779 -0.290056 -0.118912 -0.038425 0.067487 0.221673 0.353349 0.304128 0.086396 0.255863 0.554896 0.610864 -0.352873 -0.368739 -0.231682 -0.110029 -0.543758 -0.411049 0.214071 -0.062497 -0.393007 -0.045346 -0.137283 0.156895 -0.389851 -0.101450 -0.158692 -0.217267 -0.262393 -0.242688 -0.076270 -0.186643 0.096509 -0.191697 0.293486 -0.090737 0.215519 0.131677 0.010122 0.047869 0.016378 -0.040080 0.322096 0.001922 -0.145740 -0.133997 -0.372664 -0.349214 0.164420 0.262828 -0.035015 0.077298 -0.060314 0.033661 -0.156300 -0.334368 -0.503767 -0.392647 -0.424796 -0.234333 -0.327828 -0.227822 -0.058993 -0.061895 -0.341040 -0.069725 0.061148 0.070343 0.123092 -0.038055 0.179956 0.095181 0.351059 0.322315 0.316840 0.293795 0.336771 0.214895 -0.005042 0.219293 -0.048398 0.178613 0.038585 -0.124236 -0.075936 -0.063062 0.160814 0.211077 0.289753 0.423823 0.145077 -0.023103 0.136171 0.127925 -0.023895 -0.042178 -0.255496 0.077229 0.331448 0.285256
-0.045522 0.239562 0.729980 -0.019181 0.556092 0.035038 1.000000 0.385687 0.615247 0.162123 0.268130 0.263367 0.206013 -0.035403 0.487590 0.099747 0.140406 0.025775 0.201086 0.119641 0.241986 0.206494 0.221309 0.161017 -0.140616 0.111766 0.331043 0.303262 0.302877 0.100536 0.476808 0.342982 -0.117999 0.245729 0.118458 0.105763 0.108465 -0.048102 0.204899 0.055784 0.103669 0.150716 -0.519582 -0.416519 -0.389057 -0.319067 -0.483606 -0.473850 -0.289260 -0.412754 -0.208013 -0.307589 -0.171531 -0.176391 0.078368 -0.175024 -0.100296 -0.122341 0.228681 -0.317557 0.211108 -0.097927 0.122702 0.012277 0.484196 0.093039 -0.177890 -0.035019 -0.271193 -0.266351 0.134516 0.026356 -0.085528 0.055388 0.092757 0.019379 0.137784 -0.002335 0.290801 -0.085209 0.167258 0.022649 0.300847 0.352252 -0.160038 0.272662 -0.088277 0.160346 0.166943 -0.042676 -0.221612 0.219655 -0.063170 0.202808 0.055560 0.278831 -0.339671 0.135651 -0.289860 -0.147655 0.042988 0.307140 -0.008411 -0.083110 -0.187824 -0.067419 -0.142303 -0.236374 0.212968 -0.058735 -0.329308 -0.202653 -0.085863 -0.027426 0.025904 0.033930
-0.099742 0.208245 0.352171 0.343619 0.347918 0.110046 0.385687 1.000000 0.329834 0.602488 -0.019502 0.500405 0.088657 0.240638 0.061937 0.133691 0.073664 0.183246 -0.032152 -0.045837 0.094789 0.240863 -0.029726 0.056924 -0.038975 0.101416 0.192252 0.226578 0.088381 0.159006 0.114558 0.243535 -0.200118 0.186974 -0.034384 -0.009528 -0.166217 0.012774 -0.052919 0.032647 0.038828 0.006015 -0.383506 -0.340786 -0.239752 -0.183351 -0.342292 -0.415529 -0.240560 -0.295181 -0.055912 -0.272706 -0.017262 -0.176301 0.033453 -0.335198 -0.020454 -0.282837 0.351865 -0.082837 0.183495 0.256147 0.091492 0.025574 0.281373 0.374468 -0.158228 -0.181442 -0.153038 -0.198852 -0.082627 0.017739 -0.325466 -0.054797 -0.162069 0.009251 -0.134061 -0.135605 0.143468 0.169579 -0.057675 0.042505 -0.011315 0.248969 -0.087065 0.029881 -0.119413 0.101598 -0.057278 0.050899 -0.005984 0.078041 0.226224 0.194528 0.098041 0.074486 -0.392296 -0.127189 -0.198246 -0.208423 -0.058344 0.138875 -0.060586 -0.091118 -0.153516 0.052287 -0.138933 -0.035809 -0.129261 -0.242883 -0.203308 -0.149318 0.040891 -0.137459 0.124656 0.068103
-0.030190 0.179750 0.451978 0.102483 0.435943 0.008664 0.615247 0.329834 1.000000 0.256161 0.328467 0.303520 0.328944 0.167325 0.442869 0.317634 -0.005579 -0.118267 -0.118856 -0.012464 0.052241 0.428329 0.176478 0.239562 -0.236188 0.279471 0.197281 0.270198 0.176882 0.095887 0.505198 0.338555 -0.019386 0.224925 0.136523 0.104350 0.097634 0.115317 0.250730 0.182558 0.021549 0.294243 -0.318655 -0.226543 -0.263022 -0.180579 -0.286382 -0.349647 -0.294957 -0.257511 -0.226024 -0.220345 -0.198838 -0.254171 0.157600 -0.274970 -0.151037 -0.193283 0.106050 -0.403767 0.157254 -0.012307 -0.001022 -0.039007 0.288321 0.231649 -0.437067 -0.187154 -0.141445 -0.343603 0.331799 0.169687 -0.216635 0.046442 0.116077 0.150510 0.173685 0.099296 0.332943 -0.021667 0.010305 -0.077953 0.163982 0.381944 -0.348012 0.240402 -0.121050 0.274993 0.155336 0.028958 -0.165713 0.092562 0.006471 0.231730 0.186213 0.201489 -0.129980 0.130771 -0.269035 -0.276444 0.022328 0.283255 -0.326623 -0.305966 -0.296114 -0.200304 -0.164881 -0.080383 -0.033873 -0.103194 -0.221852 -0.325761 0.002478 -0.148861 -0.006367 -0.119985
-0.064677 0.140586 0.257820 0.508097 0.212901 0.317834 0.162123 0.602488 0.256161 1.000000 -0.135500 0.477618 -0.092565 0.130511 0.161588 0.361476 0.026205 0.178011 0.002849 0.052975 -0.012557 0.090875 0.155242 0.247645 0.063637 0.262880 0.186206 0.334380 -0.135000 0.098461 0.040094 0.142321 -0.089276 -0.013751 0.018452 -0.061671 -0.297203 -0.066386 -0.263434 -0.037130 -0.132399 -0.066763 -0.281466 -0.235876 -0.317186 -0.257435 -0.193687 -0.240122 -0.315724 -0.246458 -0.044083 -0.315342 -0.100972 -0.086758 -0.132667 -0.140027 0.083194 -0.139982 0.277623 -0.055995 0.069349 0.180892 -0.011282 -0.144996 0.372803 0.298886 -0.271618 -0.138261 0.082422 -0.061531 -0.183458 -0.218513 -0.543418 -0.342095 -0.293421 -0.164260 -0.272317 -0.172317 0.178373 0.105394 -0.167173 0.118371 -0.002088 0.262976 0.036239 0.185384 -0.028818 0.031315 0.144101 0.287057 0.029030 -0.021498 0.243076 0.020074 0.051536 0.081181 -0.141887 0.083858 -0.154998 -0.198196 -0.035954 0.149074 0.036100 -0.083416 -0.093897 0.070587 -0.109253 -0.027417 -0.248880 0.062427 -0.053598 -0.209310 -0.017561 -0.024274 0.081444 0.070862
0.322081 0.235176 0.183980 -0.085846 0.197476 0.006876 0.268130 -0.019502 0.328467 -0.135500 1.000000 0.262201 0.622036 0.494399 0.487748 0.434989 0.268690 -0.068195 -0.063941 -0.095026 0.151882 0.001532 0.006231 -0.019327 -0.214314 -0.243241 0.074915 0.015636 0.272527 0.034052 0.060796 -0.142155 -0.054836 -0.247249 -0.172536 -0.155063 0.115551 -0.016549 0.135955 -0.031240 0.067845 0.285256 -0.249649 -0.236153 -0.301780 -0.307628 -0.206066 -0.244796 -0.067921 -0.167740 0.012027 -0.004861 0.194756 -0.014384 0.092241 0.125981 -0.206097 -0.106362 0.207539 0.021945 0.554825 0.277504 0.008011 0.169425 0.043078 0.083511 -0.260705 -0.227911 -0.312832 -0.269999 0.218204 -0.061285 0.190048 0.210022 0.165487 0.106063 0.422920 0.115966 -0.118291 -0.318399 -0.049165 -0.241029 0.060146 0.059487 -0.155495 -0.052261 0.006366 -0.101397 -0.064506 0.182602 0.104851 0.228840 -0.000085 0.164813 0.148772 0.227205 0.008411 0.110827 0.009797 -0.190365 -0.026042 0.154954 -0.066290 -0.002486 -0.100581 -0.162591 0.031368 0.103363 0.171629 0.034364 -0.212292 -0.239005 -0.148459 -0.006931 -0.201928 0.070094
0.182001 0.268440 0.096998 0.207290 0.206041 -0.064711 0.263367 0.500405 0.303520 0.477618 0.262201 1.000000 0.235307 0.454845 0.227527 0.403789 0.094697 0.403445 0.010537 0.083160 0.158367 0.119787 -0.105467 0.095189 -0.197359 -0.074464 -0.034651 0.049467 0.229568 0.458841 0.221735 0.134986 0.008771 0.077795 -0.224498 -0.021224 0.048103 -0.057380 -0.007979 -0.110032 0.135790 0.124468 -0.338717 -0.262399 -0.226883 -0.188752 -0.257674 -0.193090 -0.306229 -0.134258 -0.221662 -0.191515 -0.082239 -0.130071 -0.003530 -0.131185 0.017402 -0.272468 0.140458 -0.129566 0.445644 0.378224 0.307170 0.100535 0.259829 0.150805 -0.332196 -0.348002 -0.194517 -0.185464 -0.113102 -0.052568 -0.130850 -0.067699 0.046564 0.071317 0.062006 0.057407 0.026048 0.073711 0.015478 0.114869 0.012999 0.315313 -0.134584 0.205702 -0.137135 0.069494 -0.068472 0.026466 -0.190129 0.003257 0.140976 0.011415 0.046172 0.078183 -0.045378 0.028929 -0.158101 -0.088479 -0.102586 0.091374 -0.040080 -0.171848 -0.186613 -0.264963 -0.278588 0.069072 -0.237638 0.113323 -0.337897 -0.052707 0.030628 -0.043325 -0.316137 -0.061636
0.168282 0.005962 0.075910 -0.261367 0.236255 -0.014103 0.206013 0.088657 0.328944 -0.092565 0.622036 0.235307 1.000000 0.554336 0.216920 0.291153 0.265146 -0.255030 -0.151017 -0.188910 0.149593 0.078513 -0.192061 -0.221989 -0.314069 -0.257597 0.083668 -0.098017 0.337860 -0.153409 0.091309 -0.206990 -0.009853 -0.130973 -0.174839 0.003125 0.015479 0.199821 0.104013 0.151405 0.163344 0.279161 -0.144080 -0.180750 -0.173625 -0.259187 -0.070659 -0.185815 0.023988 -0.235155 -0.007115 -0.064723 0.308970 0.034998 0.165259 0.076003 -0.235645 -0.237437 0.165055 -0.019083 0.428572 0.195324 -0.053731 0.031302 -0.222060 0.138241 -0.044842 -0.038563 -0.218393 -0.134571 0.327044 -0.070841 0.264263 0.195138 0.234114 0.138408 0.337144 0.142289 -0.161943 -0.291171 -0.107786 -0.261859 -0.212978 -0.112580 -0.212224 -0.030559 -0.281309 -0.172855 -0.249214 -0.126104 0.228463 0.271961 0.067551 0.351059 0.309979 0.204997 0.040492 0.084748 0.152617 0.012985 -0.193853 0.144031 -0.194366 0.003346 -0.044027 -0.078113 0.025597 0.132369 -0.010185 0.023056 -0.168785 -0.054387 0.015299 0.067288 -0.040499 0.057906
0.222931 0.332369 -0.173084 -0.057306 0.153746 -0.049038 -0.035403 0.240638 0.167325 0.130511 0.494399 0.454845 0.554336 1.000000 -0.085347 0.587341 0.392762 0.076284 -0.139870 -0.137070 0.101635 -0.059523 -0.400867 -0.390774 -0.312080 -0.394674 0.019502 -0.180894 0.191100 0.099102 -0.263670 -0.477682 -0.014090 -0.187969 -0.366788 -0.252031 0.070480 0.192445 0.009825 -0.011598 -0.002323 0.142872 -0.151605 -0.263203 -0.078771 -0.243811 -0.037175 -0.204387 0.106624 -0.135136 0.168943 -0.006296 0.304081 -0.083989 0.194632 0.050284 0.117828 0.022719 0.315995 0.226411 0.476458 0.617805 0.129551 0.316488 -0.177886 0.111479 -0.049014 -0.347267 -0.014225 -0.041027 -0.073598 -0.143472 0.129723 0.094915 -0.022420 0.012472 0.239931 -0.039402 -0.028407 -0.047474 0.031323 0.051622 -0.384334 -0.130144 -0.248980 -0.181555 -0.229110 -0.184002 -0.102849 0.108274 0.048152 -0.057004 0.031776 0.112784 0.183916 0.060159 -0.038580 0.008774 0.062812 -0.012950 -0.207962 -0.036866 -0.241514 -0.174173 -0.010855 -0.251473 -0.138004 0.041546 -0.093844 0.010133 -0.244704 -0.039861 0.091775 -0.078383 -0.258686 0.097854
0.194927 -0.013547 0.588162 0.260848 0.327631 0.253161 0.487590 0.061937 0.442869 0.161588 0.487748 0.227527 0.216920 -0.085347 1.000000 0.242392 -0.137761 -0.124324 0.083938 0.056895 0.171415 0.214313 0.595535 0.537760 0.066767 0.361633 0.267409 0.436375 0.092791 -0.001682 0.438882 0.390816 -0.168920 -0.074611 0.094467 0.042703 0.013031 -0.052637 0.228369 0.111195 -0.008182 0.191152 -0.354714 -0.248374 -0.463033 -0.280939 -0.389821 -0.259964 -0.387618 -0.222336 -0.202828 -0.187229 -0.249922 -0.044472 -0.179285 -0.112523 -0.263954 -0.273606 0.005745 -0.382414 0.094220 -0.116564 -0.167063 -0.215009 0.500888 0.222132 -0.539577 -0.141236 -0.253032 -0.329277 0.157553 0.032784 -0.193173 -0.067430 0.085039 0.060624 0.142493 0.061189 -0.066174 -0.244539 -0.062836 -0.154646 0.417635 0.400798 0.109343 0.406907 0.215573 0.194092 0.268835 0.200930 -0.055062 0.327549 0.170761 0.210058 0.026341 0.138677 -0.191390 0.223500 -0.223787 -0.149524 0.001808 0.259374 0.008868 0.002982 -0.054912 -0.036517 -0.084288 -0.140559 0.156130 0.171209 -0.139699 -0.405599 -0.261161 0.014975 -0.037478 0.049758
0.178402 0.261086 0.030024 0.348575 0.214936 0.206971 0.099747 0.133691 0.317634 0.361476 0.434989 0.403789 0.291153 0.587341 0.242392 1.000000 0.222978 -0.017562 -0.033471 -0.025437 0.113945 0.167602 -0.040990 0.061622 -0.286982 -0.111301 0.255413 0.283841 0.090833 0.007030 -0.032667 -0.148879 -0.015226 -0.247168 -0.230227 -0.305876 0.118607 0.014485 0.040078 -0.010144 -0.020056 0.217426 -0.132698 -0.184296 -0.301108 -0.289097 -0.067501 -0.185608 -0.200902 -0.194297 0.010154 -0.158289 0.001152 -0.082294 0.059362 -0.047238 0.098440 0.035729 0.226085 -0.012395 0.289003 0.331301 0.055746 0.171994 0.179651 0.189114 -0.306063 -0.396110 -0.046658 -0.133760 -0.038195 -0.139081 -0.162301 -0.109635 -0.081621 -0.017967 0.043921 -0.127547 0.174511 -0.090727 -0.055450 0.013184 -0.128009 0.329831 -0.287262 -0.007141 -0.078871 -0.023344 0.048336 0.251794 0.002020 0.017536 0.139210 0.106660 0.189035 0.125505 -0.050527 0.083823 -0.004091 -0.115289 -0.102065 0.082789 -0.094268 -0.103439 -0.100366 -0.135245 -0.195366 -0.033957 -0.088441 0.132094 -0.274670 -0.142361 -0.103247 0.003291 -0.202235 0.151088
0.167715 0.411103 0.038091 -0.390620 0.195175 -0.087779 0.140406 0.073664 -0.005579 0.026205 0.268690 0.094697 0.265146 0.392762 -0.137761 0.222978 1.000000 0.229757 0.120231 0.123868 0.092128 -0.278107 -0.244727 -0.273049 0.019099 -0.447877 0.165597 -0.176212 0.395015 0.228514 -0.299048 -0.351121 -0.075849 0.035592 -0.198486 -0.234544 0.173824 0.087713 -0.028162 -0.117062 0.195305 0.108064 -0.313502 -0.317616 -0.248999 -0.270168 -0.230620 -0.273000 -0.069288 -0.337933 -0.064751 -0.173346 0.159139 -0.118985 -0.055531 -0.002115 0.389372 0.321058 0.251138 0.084476 0.518341 0.357752 0.380947 0.445356 0.128350 -0.347015 0.122575 -0.119351 -0.016664 -0.010218 -0.058543 -0.206796 0.266226 0.255009 -0.039451 0.066816 0.153407 -0.094939 0.277370 -0.104121 0.322717 0.209361 -0.087086 -0.005426 -0.069381 -0.228937 -0.168887 -0.211971 0.046384 0.102695 0.140475 0.054476 0.078993 0.166489 0.038211 0.081570 -0.232571 -0.081244 -0.072335 0.106818 -0.089843 0.098172 0.128809 -0.054497 0.106231 0.095404 -0.089366 0.009343 0.049832 -0.117064 -0.224870 0.108377 0.010012 -0.035347 -0.095901 0.189295
0.225171 0.420662 -0.004055 -0.026864 -0.119802 -0.290056 0.025775 0.183246 -0.118267 0.178011 -0.068195 0.403445 -0.255030 0.076284 -0.124324 -0.017562 0.229757 1.000000 0.398670 0.351883 -0.199830 -0.385052 -0.179442 -0.057241 0.051562 -0.219315 -0.269119 -0.267014 0.081877 0.690528 -0.072720 0.010567 0.211665 0.234386 -0.280948 -0.276337 0.212299 -0.244220 -0.080416 -0.425565 0.218945 -0.195264 -0.266915 -0.234939 -0.148601 -0.177569 -0.279198 -0.117716 -0.298488 -0.053898 -0.343863 -0.175018 -0.195173 -0.245213 -0.311487 -0.017486 0.584054 0.300267 0.019011 0.080111 0.339966 0.416681 0.615075 0.454987 0.171840 -0.222867 -0.128159 -0.284083 0.074423 -0.007442 -0.312371 -0.096008 0.038085 0.104812 0.006600 0.099478 0.005616 0.159167 0.284756 0.310688 0.515298 0.630636 0.213006 0.144865 -0.056008 -0.139145 0.006375 -0.122023 0.000506 0.167601 -0.243945 -0.201094 -0.000324 -0.136948 -0.119863 -0.125646 -0.133526 -0.042859 -0.380782 -0.050587 0.145722 0.055375 0.201231 -0.277002 -0.230438 -0.176758 -0.275451 -0.103189 -0.213254 0.054363 -0.111860 0.119544 -0.013712 -0.032457 -0.171162 0.118491
0.445639 0.206368 0.263952 -0.091810 0.050210 -0.118912 0.201086 -0.032152 -0.118856 0.002849 -0.063941 0.010537 -0.151017 -0.139870 0.083938 -0.033471 0.120231 0.398670 1.000000 0.567714 -0.083764 -0.378775 -0.070574 -0.102695 -0.097323 -0.298116 0.060081 -0.099678 0.094526 0.233779 -0.001354 -0.038840 0.232223 0.059154 -0.314813 -0.530925 0.034141 -0.239949 -0.121203 -0.259213 0.050061 -0.162811 -0.318011 -0.321205 -0.344527 -0.424214 -0.296687 -0.172660 -0.359288 -0.297942 -0.323840 -0.315056 -0.168401 -0.124010 -0.287215 0.027687 0.447875 0.304506 0.034650 0.189766 0.068156 0.248832 0.485795 0.393088 0.164331 -0.256106 0.050954 -0.108122 0.273147 0.094788 -0.080397 -0.199017 0.020151 0.053617 0.079490 -0.024686 0.153851 0.027537 0.194994 -0.033706 0.364543 0.446440 0.233636 0.190542 0.046015 -0.043945 -0.098616 -0.075006 0.087416 0.008003 -0.012232 0.101358 0.097609 0.090682 -0.030734 0.025827 -0.188858 -0.023049 -0.224214 0.063930 0.193932 0.012273 0.253425 -0.034901 -0.131354 0.041121 -0.115544 -0.167438 -0.029826 0.142079 -0.062534 0.044102 -0.163548 0.221960 0.030630 0.168511
0.239331 0.471804 0.148176 -0.161943 0.147294 -0.038425 0.119641 -0.045837 -0.012464 0.052975 -0.095026 0.083160 -0.188910 -0.137070 0.056895 -0.025437 0.123868 0.351883 0.567714 1.000000 -0.058758 -0.223319 -0.081783 0.060040 -0.142399 -0.217590 0.213726 -0.007607 0.131626 0.254013 -0.133458 -0.045167 0.054614 0.266447 -0.105078 -0.305827 0.095341 -0.277685 -0.042973 -0.043464 -0.006007 -0.092007 -0.314791 -0.305401 -0.155546 -0.274445 -0.346282 -0.091412 -0.264849 -0.123832 -0.436745 -0.313843 -0.173186 -0.352145 -0.214694 -0.034173 0.383040 0.333233 0.077200 0.114605 0.071517 0.155472 0.405219 0.280916 0.179751 -0.426179 -0.034884 -0.012407 0.367427 0.398638 -0.167243 -0.069808 -0.111040 -0.118012 -0.119568 -0.019159 -0.148624 -0.062137 0.179753 -0.001675 0.287320 0.410956 0.155139 0.426877 -0.120516 0.003118 -0.057515 0.158867 0.074010 0.001462 0.013680 0.033650 0.163103 0.131107 -0.170664 -0.147586 -0.028175 -0.109751 -0.224415 0.031324 0.222297 -0.133748 0.125113 -0.047501 0.114829 0.269605 0.044087 0.061700 -0.188470 0.068671 -0.131678 0.118580 -0.245104 0.131633 0.091740 0.097927
-0.129972 -0.041734 0.078006 -0.021671 0.249624 0.067487 0.241986 0.094789 0.052241 -0.012557 0.151882 0.158367 0.149593 0.101635 0.171415 0.113945 0.092128 -0.199830 -0.083764 -0.058758 1.000000 0.250735 -0.022084 -0.041841 -0.243807 -0.039456 0.343481 0.185116 0.341996 -0.136745 0.001881 0.016939 -0.089929 -0.000471 0.046930 0.076941 0.180296 0.060733 0.148880 0.231663 0.152047 0.042838 -0.173465 -0.175880 -0.045967 -0.069722 -0.150544 -0.148927 -0.014393 -0.241872 0.032766 -0.216802 -0.121699 -0.126873 0.196760 -0.059394 -0.192437 0.001172 0.195296 -0.038201 0.061342 -0.098757 -0.051284 0.005593 0.220768 0.058618 0.086875 0.159769 -0.222604 -0.116248 0.125895 0.104435 0.155359 -0.003914 0.039444 -0.049609 -0.164772 -0.168903 -0.013237 -0.056479 -0.115634 -0.184158 0.107951 0.106555 0.064211 0.148047 -0.069127 0.246160 -0.068624 -0.153695 -0.099661 0.116899 0.039645 0.175995 0.066092 0.192293 0.002796 0.052718 0.138113 0.058399 -0.205070 0.023735 -0.097744 0.094863 0.106790 0.026595 0.015702 -0.045980 0.182299 0.230745 -0.133336 -0.039198 -0.020629 0.019995 -0.064008 -0.118614
-0.241988 -0.231885 0.140017 0.357216 0.297338 0.221673 0.206494 0.240863 0.428329 0.090875 0.001532 0.119787 0.078513 -0.059523 0.214313 0.167602 -0.278107 -0.385052 -0.378775 -0.223319 0.250735 1.000000 0.250591 0.376066 -0.039355 0.454201 0.300982 0.523670 -0.020504 -0.212802 0.294154 0.400332 -0.125755 0.065001 0.341219 0.296808 -0.135469 0.087844 0.271789 0.324532 -0.052760 0.183810 0.012889 0.049009 -0.032012 0.075392 0.064808 -0.001901 -0.033156 -0.064677 0.053076 -0.095210 -0.093005 -0.116147 0.138081 -0.300380 -0.281107 -0.284148 -0.095465 -0.343681 -0.229713 -0.366938 -0.326673 -0.411605 0.159126 0.358658 -0.272642 0.003166 -0.084886 -0.249065 0.196871 0.255234 -0.289478 -0.104806 -0.140058 -0.118835 -0.268302 -0.006990 0.063454 -0.002828 -0.243603 -0.240317 0.055591 0.283356 -0.128808 0.118894 0.083936 0.375797 0.122841 -0.116129 -0.025815 0.074906 0.074025 0.142632 0.192795 0.060485 -0.009732 0.005608 0.045636 -0.220523 -0.087396 -0.042398 -0.201838 0.109693 -0.027436 0.041068 0.066837 -0.070268 -0.049428 -0.020848 0.054759 -0.131081 -0.038355 -0.037420 0.085817 -0.128859
-0.078770 -0.169894 0.517099 0.452131 0.138251 0.353349 0.221309 -0.029726 0.176478 0.155242 0.006231 -0.105467 -0.192061 -0.400867 0.595535 -0.040990 -0.244727 -0.179442 -0.070574 -0.081783 -0.022084 0.250591 1.000000 0.731682 0.510506 0.657228 0.129199 0.509299 -0.242900 -0.195108 0.309803 0.410968 -0.345239 -0.015327 0.392073 0.317356 -0.166714 0.032095 0.142694 0.207968 -0.212105 0.057663 -0.124688 -0.079044 -0.307955 -0.028237 -0.272589 -0.123582 -0.172540 -0.070477 0.036587 -0.052543 -0.246058 0.091851 -0.254504 -0.263258 -0.269120 -0.253438 -0.090869 -0.436158 -0.350705 -0.429569 -0.408399 -0.449936 0.453207 0.185088 -0.395691 0.050358 -0.076588 -0.190492 -0.154621 -0.003991 -0.349737 -0.203049 -0.106522 0.069650 -0.070277 0.002719 -0.104096 -0.030008 -0.238863 -0.163312 0.389138 0.262237 0.381149 0.294982 0.488230 0.262198 0.562275 0.188913 0.075691 0.272854 0.245617 0.095710 -0.134680 -0.018474 -0.145957 0.101277 -0.170090 -0.089093 0.051828 0.071993 0.110601 0.173345 0.127238 0.141398 0.064835 -0.092187 0.294884 0.046273 0.067128 -0.201891 -0.269895 0.022310 0.097881 0.109210
-0.097279 -0.120297 0.376858 0.526207 0.100079 0.304128 0.161017 0.056924 0.239562 0.247645 -0.019327 0.095189 -0.221989 -0.390774 0.537760 0.061622 -0.273049 -0.057241 -0.102695 0.060040 -0.041841 0.376066 0.731682 1.000000 0.293807 0.660046 0.127071 0.573028 -0.242202 -0.048055 0.336900 0.573146 -0.319713 0.085733 0.305964 0.196298 -0.067818 -0.051340 0.135465 0.157237 -0.109271 0.101681 -0.140860 -0.017201 -0.288978 -0.006782 -0.237317 -0.057336 -0.222224 -0.028841 -0.213623 -0.055133 -0.211278 0.095947 -0.224281 -0.319246 -0.144721 -0.285882 -0.201621 -0.441066 -0.113438 -0.400716 -0.199813 -0.369717 0.338129 0.086253 -0.480852 -0.043044 -0.090491 -0.210709 -0.010536 0.188898 -0.487982 -0.186921 -0.125736 0.068692 -0.133736 0.132036 0.050023 -0.091310 -0.227571 -0.156835 0.339585 0.419261 0.015193 0.222437 0.283228 0.258201 0.312091 0.182087 0.147622 0.336517 0.359282 0.179723 -0.006017 -0.089689 -0.075659 -0.027770 -0.117013 -0.140270 0.153801 0.109420 0.235542 0.154855 0.006984 0.151482 0.035856 -0.054230 0.159102 0.029433 -0.125928 -0.225037 -0.235111 0.132043 0.088371 0.079127
-0.065027 -0.178999 0.078786 0.079072 -0.113596 0.086396 -0.140616 -0.038975 -0.236188 0.063637 -0.214314 -0.197359 -0.314069 -0.312080 0.066767 -0.286982 0.019099 0.051562 -0.097323 -0.142399 -0.243807 -0.039355 0.510506 0.293807 1.000000 0.410188 -0.168428 0.001175 -0.068209 0.003143 0.007647 0.156158 -0.149959 -0.005766 0.208302 0.258634 -0.208562 0.045929 -0.030680 -0.049761 -0.043934 0.025109 0.102388 0.114327 -0.093179 0.059282 0.003546 0.125971 0.027918 0.063278 0.172405 0.054935 -0.071848 0.239314 -0.310187 0.007713 -0.057231 -0.119859 -0.172783 -0.257617 -0.317958 -0.272729 -0.298159 -0.344097 0.143275 -0.094229 -0.091663 0.066325 -0.033407 -0.069145 -0.299477 -0.002799 -0.089654 0.048450 -0.168156 0.173295 -0.166997 0.098269 -0.145176 0.018173 -0.052147 -0.050342 0.246699 -0.017935 0.477017 0.044040 0.376665 -0.100799 0.236734 0.090582 0.078341 0.050609 0.152736 -0.080552 -0.236317 0.052669 -0.098555 -0.150929 0.040681 0.113615 -0.058004 0.056610 0.158506 0.118423 0.223559 0.081127 -0.050078 -0.040476 0.037981 -0.047393 0.250753 -0.017044 -0.140540 0.038555 0.137565 0.140370
-0.358071 -0.360771 0.260969 0.432520 -0.019127 0.255863 0.111766 0.101416 0.279471 0.262880 -0.243241 -0.074464 -0.257597 -0.394674 0.361633 -0.111301 -0.447877 -0.219315 -0.298116 -0.217590 -0.039456 0.454201 0.657228 0.660046 0.410188 1.000000 0.059658 0.537026 -0.292126 -0.131959 0.363933 0.587492 -0.151052 0.209220 0.486681 0.407433 -0.174241 0.042806 0.282423 0.274629 -0.033207 0.071111 0.079294 0.139859 -0.041664 0.177865 0.042773 0.071132 -0.109442 0.054898 -0.057275 -0.104921 -0.268845 0.023013 -0.122720 -0.316695 -0.337125 -0.358453 -0.239427 -0.533574 -0.410967 -0.509125 -0.407974 -0.538331 0.275378 0.283639 -0.414722 -0.022256 -0.032273 -0.163723 0.019827 0.251216 -0.388090 -0.115769 -0.207208 0.067561 -0.239172 0.123815 -0.115511 0.030067 -0.257050 -0.158295 0.278776 0.196823 0.126868 0.299183 0.258545 0.350669 0.290649 0.090745 -0.025638 0.050794 0.146578 -0.007733 0.046030 -0.043134 0.038161 0.030826 -0.064335 -0.209321 0.050143 0.107317 -0.065020 0.106061 0.042593 0.067859 0.023366 -0.232927 0.012515 -0.029841 0.215384 -0.234579 -0.111941 -0.105287 0.161197 -0.157261
-0.046941 0.063565 0.342264 0.064551 0.554231 0.554896 0.331043 0.192252 0.197281 0.186206 0.074915 -0.034651 0.083668 0.019502 0.267409 0.255413 0.165597 -0.269119 0.060081 0.213726 0.343481 0.300982 0.129199 0.127071 -0.168428 0.059658 1.000000 0.537688 0.058287 -0.183344 -0.180836 -0.032049 -0.285392 -0.054382 0.189995 -0.050638 -0.202050 0.031671 0.029011 0.231591 -0.120620 0.003329 -0.258824 -0.323701 -0.263398 -0.259301 -0.179941 -0.280552 -0.122994 -0.348383 0.023398 -0.366133 -0.000556 -0.133335 0.129286 -0.164172 0.062259 0.154325 0.297372 -0.036061 -0.020481 -0.115172 -0.089169 -0.061299 0.322715 0.034759 0.009454 0.055139 -0.052389 0.018649 -0.032842 -0.124348 -0.212515 -0.208562 -0.388344 -0.237938 -0.284014 -0.258067 0.111769 -0.101249 -0.073965 0.043804 0.088133 0.319490 -0.037275 -0.090653 0.102096 0.294971 0.131874 0.081565 0.217294 0.208957 0.175982 0.342003 0.015476 0.168449 -0.174846 -0.049499 -0.014541 -0.129610 -0.024955 0.120649 -0.006205 0.045097 0.165573 0.315167 0.083724 -0.094778 -0.001801 -0.018414 -0.043286 -0.035047 -0.117279 -0.043784 0.159941 0.150570
-0.090796 -0.117479 0.452478 0.526846 0.354492 0.610864 0.303262 0.226578 0.270198 0.334380 0.015636 0.049467 -0.098017 -0.180894 0.436375 0.283841 -0.176212 -0.267014 -0.099678 -0.007607 0.185116 0.523670 0.509299 0.573028 0.001175 0.537026 0.537688 1.000000 -0.194059 -0.272819 0.092735 0.265243 -0.304590 -0.166538 0.380994 0.086841 -0.256744 0.040439 0.113494 0.348344 -0.255850 0.015966 -0.174971 -0.154231 -0.284861 -0.157380 -0.116012 -0.164169 -0.202526 -0.202788 -0.021160 -0.312073 -0.039664 -0.087355 0.006673 -0.299944 -0.160330 -0.113225 0.052909 -0.303326 -0.246057 -0.300623 -0.303670 -0.343396 0.459675 0.352328 -0.384695 -0.052421 -0.108687 -0.170252 -0.024953 0.022145 -0.526614 -0.320065 -0.341686 -0.206216 -0.281511 -0.242490 0.101958 0.025836 -0.242888 -0.027145 0.201870 0.368502 0.002120 0.252640 0.227033 0.397987 0.351751 0.281620 0.117211 0.212899 0.198992 0.172151 -0.027179 0.039257 -0.074251 0.152018 -0.051303 -0.304346 -0.046996 -0.017495 0.045922 0.140705 0.119247 0.275988 0.128913 -0.144548 0.055823 0.071302 0.002396 -0.173979 -0.148311 -0.024144 0.187582 -0.035261
0.050799 0.171696 -0.014190 -0.300502 0.291216 -0.352873 0.302877 0.088381 0.176882 -0.135000 0.272527 0.229568 0.337860 0.191100 0.092791 0.090833 0.395015 0.081877 0.094526 0.131626 0.341996 -0.020504 -0.242900 -0.242202 -0.068209 -0.292126 0.058287 -0.194059 1.000000 0.262891 0.164910 0.062319 0.162367 0.189221 -0.169827 -0.027302 0.396634 0.075601 0.221219 0.004175 0.441983 0.151862 -0.222013 -0.102407 -0.083606 -0.108517 -0.221366 -0.155756 -0.260941 -0.211434 -0.400323 -0.281959 -0.194062 -0.257139 -0.048511 -0.118538 -0.091896 0.032293 -0.039540 -0.088538 0.283470 0.184683 0.273902 0.287504 0.186741 -0.164626 -0.027343 -0.029554 -0.192700 -0.250704 0.208875 0.099708 0.516449 0.288292 0.146235 0.136159 0.121549 0.032547 0.092031 -0.033192 0.373004 -0.128406 0.251089 0.238865 -0.023856 0.105178 -0.080571 0.045736 -0.189493 -0.298275 -0.162729 0.137451 -0.047944 0.194373 0.005224 0.050614 -0.048248 -0.064601 0.034712 0.077777 -0.176367 0.206402 -0.076403 -0.111375 -0.006803 -0.075201 -0.157670 0.119340 -0.074717 0.014447 -0.237260 -0.044509 0.100364 -0.014147 0.000314 0.035648
0.219947 0.347623 -0.089680 -0.110125 -0.080158 -0.368739 0.100536 0.159006 0.095887 0.098461 0.034052 0.458841 -0.153409 0.099102 -0.001682 0.007030 0.228514 0.690528 0.233779 0.254013 -0.136745 -0.212802 -0.195108 -0.048055 0.003143 -0.131959 -0.183344 -0.272819 0.262891 1.000000 0.115222 0.222269 0.215036 0.266975 -0.274192 -0.163033 0.171482 -0.127751 0.042987 -0.318939 0.307934 0.059503 -0.162842 -0.115600 -0.030355 -0.055501 -0.136402 -0.047349 -0.225682 0.083326 -0.334523 -0.049587 -0.124256 -0.114558 -0.125176 -0.052846 0.330962 0.118351 -0.084383 -0.008852 0.310936 0.358339 0.537833 0.436012 0.122599 -0.290770 -0.255299 -0.534170 -0.103477 -0.254580 -0.145158 -0.027878 0.226782 0.341933 0.117427 0.239356 0.052744 0.105754 0.219003 0.198691 0.375560 0.443865 0.243606 0.310636 -0.209639 -0.023470 -0.008320 -0.040168 -0.107886 -0.037375 -0.419362 -0.334740 -0.158549 -0.262992 -0.152499 0.031082 0.018425 -0.037714 -0.310277 0.065985 0.019866 0.107137 0.075885 -0.436457 -0.175542 -0.317687 -0.365924 -0.166528 -0.129880 0.051621 -0.112266 0.092011 0.143248 -0.110034 -0.234277 0.004474
-0.088065 -0.162057 0.324640 0.117016 0.121877 -0.231682 0.476808 0.114558 0.505198 0.040094 0.060796 0.221735 0.091309 -0.263670 0.438882 -0.032667 -0.299048 -0.072720 -0.001354 -0.133458 0.001881 0.294154 0.309803 0.336900 0.007647 0.363933 -0.180836 0.092735 0.164910 0.115222 1.000000 0.703527 0.104323 0.275969 0.081386 0.294135 0.182761 0.001567 0.221892 -0.039977 0.281044 0.380430 -0.107717 0.094752 -0.154423 0.058153 -0.122405 -0.066431 -0.365495 -0.111308 -0.299526 -0.070845 -0.409782 0.043239 -0.037491 -0.187319 -0.332091 -0.437633 -0.310326 -0.530924 -0.092237 -0.216061 -0.000446 -0.271308 0.211446 0.218160 -0.369200 -0.000193 -0.220481 -0.384143 0.416541 0.220964 -0.057750 0.122271 0.441160 0.308978 0.195008 0.318926 0.104712 -0.135058 0.014653 -0.229957 0.310845 0.337791 -0.128681 0.419170 -0.003252 0.030359 0.011117 -0.250397 -0.233989 0.156066 -0.071580 0.009403 0.106474 0.108344 -0.117076 0.024758 -0.068955 -0.007073 0.001683 0.305253 -0.210550 -0.111946 -0.348348 -0.325325 -0.199373 -0.120925 0.031318 -0.046337 -0.056179 -0.209227 -0.049954 0.052518 -0.066927 -0.109975
-0.303851 -0.170669 0.277946 0.305109 0.006353 -0.110029 0.342982 0.243535 0.338555 0.142321 -0.142155 0.134986 -0.206990 -0.477682 0.390816 -0.148879 -0.351121 0.010567 -0.038840 -0.045167 0.016939 0.400332 0.410968 0.573146 0.156158 0.587492 -0.032049 0.265243 0.062319 0.222269 0.703527 1.000000 -0.046604 0.455312 0.201049 0.315116 0.114982 -0.035415 0.229090 -0.005780 0.235157 0.241303 -0.065929 0.133684 -0.074945 0.225238 -0.117454 -0.011082 -0.370861 -0.013401 -0.391753 -0.165649 -0.468492 -0.014868 -0.177755 -0.383418 -0.252865 -0.477377 -0.311094 -0.589645 -0.185948 -0.330440 0.016989 -0.270995 0.364888 0.125694 -0.460731 -0.099585 -0.261405 -0.373302 0.219773 0.348789 -0.186842 0.132214 0.171671 0.220293 0.025148 0.279004 0.165286 -0.068931 -0.040048 -0.173181 0.430485 0.527804 -0.060904 0.323985 0.126263 0.249734 0.041932 -0.201609 -0.165837 0.119893 0.073501 0.072022 0.001967 -0.022550 -0.140850 -0.127901 -0.076364 -0.008216 0.166325 0.284547 -0.008830 0.006372 -0.133937 -0.118813 -0.151145 -0.151525 -0.035814 -0.159416 0.053032 -0.141803 -0.032080 0.047022 0.021440 -0.115215
0.033109 -0.093366 -0.334214 -0.148088 -0.213732 -0.543758 -0.117999 -0.200118 -0.019386 -0.089276 -0.054836 0.008771 -0.009853 -0.014090 -0.168920 -0.015226 -0.075849 0.211665 0.232223 0.054614 -0.089929 -0.125755 -0.345239 -0.319713 -0.149959 -0.151052 -0.285392 -0.304590 0.162367 0.215036 0.104323 -0.046604 1.000000 0.220986 -0.146627 -0.057931 0.176774 0.026570 0.042816 -0.075537 0.223329 0.020329 0.164353 0.141572 0.084609 0.020408 0.135401 0.146079 -0.221630 0.070134 -0.179408 -0.099380 -0.186422 -0.206792 -0.070804 0.161898 0.107722 0.203234 -0.418369 0.071784 -0.010872 0.053025 0.259331 0.282378 -0.133119 0.065350 0.023407 -0.038370 0.297173 0.162371 0.152377 0.120018 0.398469 0.094917 0.288172 0.084703 0.135303 0.113171 0.042843 0.227814 0.351424 0.212196 -0.013283 -0.099973 -0.085989 0.144190 -0.153110 -0.045149 -0.266530 -0.013291 -0.343200 -0.510902 -0.356936 -0.320325 0.041019 -0.129524 0.169750 0.074153 -0.055558 -0.150168 0.146794 0.092355 -0.194736 -0.327058 -0.385084 -0.454998 -0.305000 -0.080615 -0.398216 0.032817 0.055844 -0.119641 -0.002388 -0.087643 -0.291109 -0.353958
-0.314200 0.174574 0.028788 -0.142936 0.056180 -0.411049 0.245729 0.186974 0.224925 -0.013751 -0.247249 0.077795 -0.130973 -0.187969 -0.074611 -0.247168 0.035592 0.234386 0.059154 0.266447 -0.000471 0.065001 -0.015327 0.085733 -0.005766 0.209220 -0.054382 -0.166538 0.189221 0.266975 0.275969 0.455312 0.220986 1.000000 0.188431 0.335789 0.278386 -0.013878 0.302658 0.051094 0.291565 0.083784 -0.265131 -0.174533 0.030920 0.147188 -0.310093 -0.212270 -0.329166 -0.157215 -0.476113 -0.367718 -0.433304 -0.444770 -0.116297 -0.370422 0.106165 -0.020256 -0.154275 -0.273939 0.033516 -0.029803 0.386087 0.223191 0.243388 -0.094305 -0.052232 0.119413 0.169749 0.140405 0.134290 0.371042 0.097116 0.171310 0.091516 0.224223 0.144551 0.287736 0.235340 0.139616 0.364130 0.196820 0.134872 0.316838 -0.100336 0.207965 -0.181032 0.274111 -0.037073 -0.267666 -0.243266 -0.141918 -0.063568 0.101457 -0.111275 -0.111101 -0.218146 -0.176723 -0.240895 -0.073102 0.264632 0.181149 -0.036010 -0.125542 -0.143700 -0.137469 -0.018376 -0.135657 -0.189977 -0.324293 -0.028166 -0.089583 -0.018108 -0.047895 -0.072713 -0.196636
-0.298164 -0.143530 0.162669 0.110136 0.038257 0.214071 0.118458 -0.034384 0.136523 0.018452 -0.172536 -0.224498 -0.174839 -0.366788 0.094467 -0.230227 -0.198486 -0.280948 -0.314813 -0.105078 0.046930 0.341219 0.392073 0.305964 0.208302 0.486681 0.189995 0.380994 -0.169827 -0.274192 0.081386 0.201049 -0.146627 0.188431 1.000000 0.562547 -0.130770 0.119573 0.220349 0.287559 -0.043863 0.094632 -0.001138 0.045725 -0.013983 0.200850 -0.016849 -0.013440 -0.185825 -0.039274 -0.074861 -0.230970 -0.237470 -0.184040 -0.033055 -0.277699 -0.315196 -0.094081 -0.146091 -0.378785 -0.292625 -0.514840 -0.402217 -0.350472 0.289246 0.164166 -0.074200 0.306641 0.042822 0.018101 0.002774 0.180431 -0.227239 -0.177574 -0.187764 -0.069700 -0.099852 -0.001904 -0.115293 0.130181 -0.123787 -0.127846 0.169671 0.084843 0.271356 0.330912 0.169610 0.279701 0.186613 -0.069172 0.040204 0.148028 0.125428 0.145845 -0.155824 -0.191381 -0.081030 -0.022817 -0.078655 -0.192285 0.061034 -0.062056 -0.020408 0.297628 0.142141 0.339909 0.295708 0.002345 0.057244 -0.177149 0.199321 -0.160097 -0.044972 -0.058250 0.325017 -0.219889
-0.438990 -0.385755 -0.075249 -0.033721 -0.014732 -0.062497 0.105763 -0.009528 0.104350 -0.061671 -0.155063 -0.021224 0.003125 -0.252031 0.042703 -0.305876 -0.234544 -0.276337 -0.530925 -0.305827 0.076941 0.296808 0.317356 0.196298 0.258634 0.407433 -0.050638 0.086841 -0.027302 -0.163033 0.294135 0.315116 -0.057931 0.335789 0.562547 1.000000 -0.097868 0.197531 0.107397 0.142226 0.004569 0.151725 0.169051 0.198688 0.249580 0.440034 0.104603 0.126369 0.007477 0.168223 0.012144 0.003985 -0.216775 0.077678 0.008072 -0.143392 -0.514834 -0.394179 -0.196506 -0.413540 -0.204064 -0.445883 -0.328941 -0.510700 0.146371 0.207979 -0.104703 0.334162 -0.311162 -0.147641 0.057799 0.301586 0.038743 -0.018876 0.142202 0.234009 0.011898 0.277108 -0.248890 0.176165 -0.237164 -0.240802 -0.085159 -0.007226 0.222258 0.281851 0.075231 0.073880 0.070144 -0.337143 -0.116473 -0.071692 -0.110200 -0.063363 -0.238324 -0.101977 0.033402 -0.007011 0.010342 -0.078105 -0.012913 -0.063434 -0.117413 0.062968 0.123359 -0.067313 0.102095 -0.008277 0.008139 -0.132682 0.137454 -0.032698 0.081457 -0.169467 -0.025407 -0.276695
