1.000000 0.421534 -0.097459 -0.245101 -0.037213 -0.320094 0.002621 -0.222093 -0.177801 -0.010540 0.153653 -0.066394 0.078325 -0.115138 0.005782 -0.089186 0.223914 0.122912 0.036338 -0.051202 -0.047587 -0.137948 -0.057270 -0.162104 -0.260098 -0.400953 -0.029098 -0.098948 0.265870 0.142592 -0.296554 -0.118902 -0.019913 -0.252020 -0.248470 -0.396283 0.122291 -0.058592 -0.091765 -0.202622 0.002350 -0.178802 -0.363094 -0.265208 -0.221823 -0.391069 -0.313408 -0.207441 -0.071209 -0.234905 -0.179694 -0.137105 0.136327 -0.100091 -0.044953 -0.175811 0.383206 0.054709 0.362042 0.264077 0.464915 0.096407 0.615393 0.490248 -0.062129 -0.458275 0.275296 -0.130938 -0.047273 -0.076191 0.032319 -0.039259 0.215240 -0.161842 0.079995 -0.101599 -0.167240 -0.321035 0.110139 -0.001135 0.356393 0.256390 0.239375 0.184823 0.355075 0.148931 0.123861 -0.031257 0.132507 0.055957 0.067352 0.208450 0.017125 0.128841 -0.256803 -0.214505 -0.134322 -0.122261 0.067315 -0.036489 -0.103502 0.213562 0.208794 0.290548 -0.087647 -0.237669 -0.222945 -0.076663 -0.126284 -0.211227 -0.207300 0.029009 0.181537 0.211107 -0.180992 -0.210631
0.421534 1.000000 -0.436193 -0.181961 -0.141984 -0.175323 -0.174004 -0.169398 -0.198353 -0.328389 -0.156461 0.104929 -0.049932 0.049830 0.008725 0.195998 0.279419 0.311491 -0.034823 0.303060 0.087874 0.018306 -0.270980 -0.260570 -0.201203 -0.218934 0.236924 0.158467 0.375634 0.350819 -0.162623 -0.111438 -0.069370 0.053170 -0.265729 -0.446085 0.099848 0.088333 -0.090065 0.162139 0.067215 0.100230 -0.162309 -0.138903 -0.227462 -0.397084 -0.071204 -0.162985 -0.065731 -0.030957 -0.002090 -0.039078 0.121148 0.115139 -0.019763 0.089803 0.326968 0.354897 0.068977 0.015037 0.189824 0.125609 0.357303 0.370163 -0.311048 -0.397858 -0.128171 -0.534016 0.335591 0.146566 0.015029 0.132136 0.348999 0.170954 0.059010 0.193082 0.032433 -0.132953 0.072329 0.085389 0.409741 0.329988 0.144176 0.411341 0.060650 0.085989 0.423193 0.404297 0.025746 0.245231 0.003737 -0.074103 -0.042530 -0.284094 -0.135569 0.048925 0.184275 0.038632 -0.001664 0.108506 -0.126912 -0.257782 -0.075620 -0.178121 -0.249466 -0.170074 -0.169062 -0.156397 0.146901 0.068721 -0.091424 0.049974 0.105745 0.288793 -0.005680 -0.128340
-0.097459 -0.436193 1.000000 0.423645 0.188488 -0.041635 0.498536 0.406921 0.299975 0.180120 0.481017 0.124308 0.177539 0.175777 0.141051 -0.084472 -0.294413 -0.335380 0.309270 -0.187903 -0.117602 -0.109200 0.691726 0.492665 0.101418 0.276441 -0.223762 -0.254884 -0.333937 -0.426085 0.250104 0.217916 -0.025363 0.038811 0.248644 0.259515 -0.303402 -0.434233 -0.221545 -0.297234 -0.300367 -0.348227 -0.289319 -0.345533 -0.206833 -0.016486 -0.119479 -0.184176 -0.120924 -0.266602 0.154041 -0.148161 -0.008698 -0.087124 -0.278746 -0.338696 -0.458327 -0.356758 0.170223 -0.104867 0.070467 0.005732 -0.345144 -0.442586 0.689050 0.428650 0.029727 0.489146 -0.211865 -0.024215 -0.162893 0.019985 -0.376922 -0.271345 -0.205394 -0.163572 -0.243450 -0.161637 -0.388430 -0.154494 -0.448184 -0.402523 -0.070573 -0.458177 0.252169 -0.117128 -0.308442 -0.459399 0.422705 -0.134587 -0.117600 0.069927 0.029377 0.365617 -0.152031 -0.177554 -0.307826 -0.281461 -0.234764 -0.447142 -0.014616 0.149729 0.003854 0.097789 -0.038030 0.097009 0.212050 0.114016 -0.120470 0.021432 -0.171248 -0.350722 -0.155287 -0.270925 -0.085821 0.033479
-0.245101 -0.181961 0.423645 1.000000 0.021298 0.216858 0.079390 0.282369 -0.095505 0.081533 -0.084634 0.189988 -0.098903 0.032044 0.179820 0.187582 -0.394041 -0.330199 0.135658 0.013684 -0.026449 0.224227 0.506962 0.500835 0.024243 0.316416 0.028006 0.132765 -0.306719 -0.324449 0.218971 0.360664 -0.032425 0.236461 0.147108 0.110974 -0.257359 -0.137199 -0.059711 -0.042599 -0.087070 0.105762 -0.096808 -0.213839 -0.288284 -0.179952 -0.035019 -0.187108 -0.123891 -0.231386 0.016436 -0.156161 0.019856 -0.117312 -0.080929 -0.079369 -0.288609 -0.082647 -0.046267 -0.047112 -0.098980 -0.030769 -0.364557 -0.422047 0.220055 0.357531 -0.097136 0.142595 -0.029721 -0.070139 -0.046611 0.040937 -0.340321 -0.048027 -0.060957 0.126131 0.044797 0.074093 -0.180579 -0.186157 -0.356579 -0.419495 0.013879 -0.072869 0.186605 0.155582 -0.136190 -0.026209 0.383249 0.260235 -0.212514 -0.220067 0.036993 0.012804 0.007772 0.135009 -0.169115 -0.098580 -0.226484 -0.333466 0.028287 -0.161408 -0.106545 -0.147812 -0.080757 0.213116 0.028815 0.102484 0.197773 0.135639 -0.296977 -0.429701 -0.066824 -0.239745 0.001290 0.050689
-0.037213 -0.141984 0.188488 0.021298 1.000000 0.644483 0.054543 -0.018311 0.645221 0.342176 0.042530 0.052136 0.048471 0.079690 0.578196 0.379509 -0.165283 -0.280604 -0.017679 0.034151 0.547019 0.419181 0.208859 0.261749 0.295571 0.288512 0.501596 0.396789 0.048203 -0.193913 0.170575 0.027206 -0.290293 -0.101840 -0.007461 -0.000755 0.415239 0.028039 0.200515 0.006682 0.137223 0.195398 0.047318 -0.097521 -0.272908 -0.311114 0.010851 -0.018550 -0.279534 -0.377583 -0.172648 -0.225711 -0.115245 0.176968 0.005258 0.009826 -0.207891 -0.283590 -0.125980 -0.283751 -0.055502 -0.167022 -0.226277 -0.323615 0.220094 -0.026749 -0.319900 -0.036786 -0.189427 0.010261 0.400819 0.264227 -0.046351 0.032867 -0.090321 0.118672 -0.028765 -0.220996 -0.192767 -0.131220 -0.133926 -0.219673 0.453758 0.262059 0.106946 -0.235059 0.119112 -0.074510 0.177372 0.048721 0.112439 0.085193 0.386908 0.240022 0.016823 -0.001414 0.062249 0.025446 -0.205232 0.003658 0.034744 -0.099657 -0.170795 -0.213261 0.075419 -0.029930 -0.170350 -0.223421 -0.018619 -0.127944 0.200371 0.096886 0.006108 -0.180678 0.074901 -0.038358
-0.320094 -0.175323 -0.041635 0.216858 0.644483 1.000000 -0.207189 -0.113934 0.394691 0.153192 -0.272746 0.049097 -0.137446 0.104020 0.567071 0.472171 -0.219041 -0.210863 -0.237955 -0.067520 0.588281 0.640412 0.138781 0.203479 0.522383 0.552065 0.673047 0.697612 -0.088314 -0.250011 0.317388 0.158074 -0.239555 0.056902 0.077035 0.128886 0.287001 0.199256 0.414575 0.343449 0.165759 0.481913 0.193455 -0.004063 -0.258976 -0.134870 0.082028 0.009647 -0.246589 -0.285865 -0.176182 -0.249892 -0.261135 0.054542 0.186269 0.190014 -0.118649 -0.146585 -0.291409 -0.303862 -0.262741 -0.238518 -0.470850 -0.495634 -0.040555 0.178042 -0.342955 -0.061774 0.019164 0.007307 0.338626 0.319965 -0.154257 0.314653 0.022888 0.352146 0.171021 0.044753 0.034235 -0.004719 -0.201566 -0.279330 0.390211 0.192769 0.015420 -0.043697 0.195688 0.147149 0.088585 0.068187 -0.112943 -0.126909 0.284261 -0.040121 0.212705 0.219235 0.269359 0.206740 -0.285650 0.122274 0.001934 -0.411639 -0.369062 -0.453105 -0.018195 0.048073 -0.210292 -0.151263 0.153814 0.055977 0.318886 0.124180 0.051242 -0.079934 0.219157 0.003420
0.002621 -0.174004 0.498536 0.079390 0.054543 -0.207189 1.000000 0.790692 0.258541 0.002968 0.513137 0.403867 0.452980 0.370214 -0.022058 0.021942 0.105432 0.183235 0.446577 0.124908 0.102281 -0.076964 0.110932 0.143204 -0.464519 -0.223202 -0.273090 -0.395472 0.228119 0.219156 0.284346 0.271328 -0.000830 0.152971 0.021300 0.034889 -0.245879 -0.540195 -0.388289 -0.317840 -0.208529 -0.199208 -0.214081 -0.276666 -0.148019 -0.171955 -0.155366 -0.250990 -0.365577 -0.326285 -0.227438 -0.308949 -0.125577 -0.101123 -0.371388 -0.477248 -0.414251 -0.412221 -0.049830 -0.276220 0.275799 0.222241 0.066157 -0.012215 0.553533 0.090422 -0.204525 0.029572 -0.254311 -0.231530 0.067809 0.143401 0.221911 0.054041 0.164666 0.185851 0.074683 -0.011442 -0.258936 -0.173112 0.004423 -0.044287 -0.123881 0.002186 -0.035223 -0.284471 -0.074019 -0.162430 0.003237 -0.148116 0.072767 0.078883 0.146607 0.198054 -0.245914 -0.025336 -0.515269 -0.428772 -0.320458 -0.338779 0.218521 0.158635 0.163684 0.037220 -0.077138 -0.144458 0.047038 -0.121605 -0.080750 -0.189012 -0.437315 -0.314628 -0.097415 -0.097151 -0.038732 -0.109249
-0.222093 -0.169398 0.406921 0.282369 -0.018311 -0.113934 0.790692 1.000000 0.127853 0.048109 0.419646 0.578422 0.369617 0.495505 -0.014229 0.170153 -0.003293 0.074251 0.287119 0.113210 0.061855 -0.120341 0.140103 0.325617 -0.446335 -0.115080 -0.297881 -0.411089 0.029586 0.084284 0.350199 0.370566 -0.042365 0.216814 0.036133 0.089093 -0.324106 -0.509457 -0.483620 -0.322409 -0.262236 -0.085147 -0.079143 -0.219401 -0.133042 -0.077733 -0.095992 -0.143714 -0.235649 -0.152846 -0.130913 -0.255223 -0.067860 -0.094764 -0.433402 -0.381660 -0.444733 -0.397619 -0.150191 -0.289546 0.096593 0.415122 -0.162407 -0.094106 0.529976 0.330853 -0.280186 0.041029 -0.273931 -0.107807 0.004216 0.169925 0.017960 0.010299 0.035330 0.201617 0.037447 -0.004037 -0.390741 -0.302664 -0.194829 -0.289866 -0.175029 0.009206 -0.110725 -0.293639 -0.168286 -0.154919 0.138178 -0.004016 0.130476 0.051213 0.221610 0.101104 -0.221214 -0.013530 -0.498614 -0.414254 -0.217111 -0.319658 0.210386 -0.007911 0.025578 -0.018702 -0.156841 -0.105689 0.117774 -0.066811 0.000705 -0.126029 -0.462224 -0.422548 -0.036339 -0.120225 -0.014641 -0.047899
-0.177801 -0.198353 0.299975 -0.095505 0.645221 0.394691 0.258541 0.127853 1.000000 0.232507 0.125778 0.048491 -0.002871 0.152479 0.371967 0.149623 -0.108190 -0.240887 0.158364 -0.007180 0.492410 0.222731 0.121153 0.113668 0.247146 0.118926 0.303717 0.223609 -0.050248 -0.211746 0.109840 -0.107322 -0.390466 -0.243687 0.076470 0.067684 0.117127 -0.162790 0.088944 -0.041931 -0.036116 0.075455 0.084215 -0.046966 -0.063356 -0.043836 0.076503 0.009641 -0.115981 -0.134929 -0.043958 -0.065948 -0.170717 0.258809 -0.099153 0.053747 -0.246758 -0.262464 0.006718 -0.244399 -0.193626 -0.072714 -0.370785 -0.356522 0.316798 0.109550 -0.290078 0.119693 -0.039983 0.054424 0.223151 0.080875 -0.069811 -0.032617 -0.188719 0.133770 -0.225720 -0.251814 -0.113808 -0.033123 -0.078823 -0.187735 0.217047 -0.042809 0.047795 -0.386404 0.014957 -0.180999 0.069818 -0.052531 0.184183 0.094746 0.324750 0.262130 0.136898 0.097517 0.019741 -0.065605 -0.113854 0.066134 0.154713 -0.003688 0.046556 -0.172236 0.198213 0.096931 -0.023843 -0.078230 0.013687 -0.016126 0.163635 0.108515 -0.019257 0.014822 0.124528 -0.035259
-0.010540 -0.328389 0.180120 0.081533 0.342176 0.153192 0.002968 0.048109 0.232507 1.000000 0.272065 0.075793 -0.064803 -0.110295 -0.014997 -0.166399 -0.110087 -0.223132 0.077814 0.064747 -0.111647 -0.104377 0.285949 0.400864 0.102866 0.018516 -0.285025 -0.234192 -0.023018 -0.199009 -0.051515 0.049443 -0.284114 -0.018146 0.316085 0.231333 0.204517 0.138004 -0.023545 -0.277016 -0.031016 -0.079499 -0.006837 -0.053208 0.034024 0.063707 0.018405 0.171964 -0.110371 -0.048856 -0.115973 -0.041435 -0.025700 0.138715 -0.228702 -0.060729 -0.231315 -0.284531 -0.049888 -0.254662 -0.254006 0.061896 -0.172173 -0.154236 0.326464 0.147875 -0.199517 0.145518 -0.374274 -0.014744 -0.016792 -0.025923 -0.316980 -0.253787 -0.090902 -0.088884 0.033247 0.145976 -0.100787 -0.263946 -0.044808 -0.190926 0.267090 0.076420 0.292429 -0.071839 -0.384719 -0.396603 0.218611 -0.110241 0.343546 0.314062 0.327234 0.390833 -0.094992 -0.134925 -0.146660 -0.109422 0.203504 -0.219850 -0.018465 0.122327 0.084172 0.200275 0.075734 0.000956 -0.171838 -0.100424 0.054687 0.013231 0.076882 -0.048832 -0.060715 -0.101264 -0.119904 -0.071024
0.153653 -0.156461 0.481017 -0.084634 0.042530 -0.272746 0.513137 0.419646 0.125778 0.272065 1.000000 0.460454 0.634614 0.479290 -0.017153 -0.033071 0.142026 0.011892 -0.041762 -0.133594 -0.315676 -0.440416 0.162384 0.223529 -0.269149 -0.233776 -0.470538 -0.539910 0.122719 0.007032 -0.062196 0.026737 -0.063909 0.158653 0.130777 0.207093 0.052950 -0.205261 -0.250010 -0.413721 -0.194445 -0.399700 -0.221783 -0.198840 -0.118461 -0.105841 -0.193664 -0.058782 -0.064115 -0.159349 0.039923 -0.132642 0.010536 -0.136443 -0.166008 -0.240326 -0.306236 -0.434135 0.278148 -0.236917 0.388610 0.347670 0.202748 0.076421 0.490591 0.253202 -0.112631 0.184607 -0.476176 -0.163003 -0.226891 -0.022818 0.034266 -0.218087 0.058902 -0.152482 -0.075049 -0.201912 -0.336530 -0.054865 -0.113294 -0.090347 -0.119883 -0.144304 0.097667 -0.085037 -0.238741 -0.464807 0.280489 -0.099907 0.088490 0.158382 0.114891 0.265935 -0.393228 -0.274806 -0.261053 -0.315022 -0.029648 -0.396631 -0.120633 0.183508 0.017100 0.105159 -0.225592 -0.331761 0.176785 -0.116591 -0.171493 -0.123634 -0.241056 -0.283638 -0.148623 -0.105377 -0.113913 -0.025192
-0.066394 0.104929 0.124308 0.189988 0.052136 0.049097 0.403867 0.578422 0.048491 0.075793 0.460454 1.000000 0.223135 0.466979 0.243674 0.234591 0.044358 0.081706 -0.013726 0.111662 0.071051 -0.039475 0.124936 0.243769 -0.280748 -0.043205 -0.072905 -0.134428 0.232261 0.179764 0.237588 0.364774 -0.208301 0.281153 0.091938 -0.019585 -0.011361 -0.196209 -0.214860 -0.246947 -0.089735 0.092631 -0.068211 -0.179084 -0.352687 -0.299094 -0.081676 -0.164427 -0.205167 -0.224404 0.052370 -0.238534 -0.114903 -0.036474 -0.253392 -0.173684 -0.391900 -0.321833 -0.244037 -0.439564 0.022489 0.305102 -0.040617 0.002829 0.405367 0.336859 -0.362476 -0.098164 -0.400878 -0.194464 0.045306 0.129479 0.151612 0.147226 0.251775 0.395058 0.184590 -0.014146 -0.233231 -0.088608 -0.001999 -0.079665 0.097044 0.265669 0.179007 0.135566 0.017553 -0.042919 0.057710 0.075076 -0.036213 -0.194546 0.086794 -0.110883 -0.258672 -0.006336 -0.262667 -0.348466 -0.262097 -0.411766 -0.071421 -0.204848 -0.305983 -0.290257 -0.333426 -0.222512 -0.019961 -0.346505 0.019413 -0.019916 -0.384162 -0.343926 -0.126900 -0.122599 0.097946 -0.176078
0.078325 -0.049932 0.177539 -0.098903 0.048471 -0.137446 0.452980 0.369617 -0.002871 -0.064803 0.634614 0.223135 1.000000 0.637450 0.014331 0.320708 0.191586 0.218677 -0.163026 -0.258424 -0.148268 -0.286995 -0.191511 -0.117214 -0.375282 -0.371253 -0.194530 -0.314006 0.206466 0.172242 -0.098679 -0.109670 0.119368 0.293875 -0.158173 0.069565 0.087152 -0.172352 -0.064115 -0.083554 -0.017255 -0.142686 -0.169449 -0.147332 -0.116880 -0.189566 -0.265097 -0.135717 -0.094425 -0.199893 -0.201765 -0.157018 0.037075 -0.221367 0.013760 -0.144454 -0.047392 -0.157933 0.327237 -0.045848 0.684689 0.388936 0.403647 0.312612 0.096567 0.120928 -0.084378 -0.042139 -0.183574 -0.140129 -0.077588 -0.003078 0.307091 -0.003306 0.129053 -0.134152 -0.017183 -0.228470 -0.202533 0.008518 0.002108 -0.061901 -0.228787 0.012746 -0.211240 -0.171232 -0.034633 -0.051970 0.184286 0.096240 -0.054869 -0.005955 0.002694 -0.015113 -0.271989 -0.119621 -0.129114 -0.201014 -0.168453 -0.179478 0.006344 0.093564 0.045751 -0.002155 -0.229386 -0.446378 0.105350 -0.161789 -0.046120 -0.120182 -0.275233 -0.257167 -0.155909 -0.064736 -0.089161 -0.022303
-0.115138 0.049830 0.175777 0.032044 0.079690 0.104020 0.370214 0.495505 0.152479 -0.110295 0.479290 0.466979 0.637450 1.000000 0.129643 0.471433 0.057246 0.040040 -0.309929 -0.206524 0.053353 -0.088984 -0.070139 0.106115 -0.134430 -0.077095 -0.005132 -0.084438 0.088685 -0.012406 0.259406 0.120922 -0.009207 0.310372 -0.167595 0.103649 -0.014302 -0.240494 -0.177265 -0.007515 -0.098909 0.004931 -0.039758 -0.174867 -0.161972 -0.173416 -0.153785 -0.083600 -0.083187 -0.133545 -0.053808 -0.271698 -0.073594 -0.200595 -0.061081 -0.106729 -0.243853 -0.273628 0.149411 -0.181586 0.345216 0.467032 -0.018785 -0.006654 0.187626 0.336174 -0.249671 -0.077757 -0.058957 0.066271 0.020321 0.172392 0.126174 0.222146 0.173260 0.209040 -0.022102 -0.240124 -0.201908 -0.096384 -0.098573 -0.274874 -0.091510 0.028687 -0.186831 -0.252205 0.071459 -0.087624 0.227155 0.148874 -0.144495 -0.085173 0.163398 -0.075143 -0.206747 -0.000136 -0.038612 -0.203703 -0.271081 -0.176471 -0.047877 -0.107921 -0.252076 -0.213024 -0.238661 -0.309511 0.016287 -0.197781 -0.010207 -0.035033 -0.211780 -0.289935 -0.157383 -0.029014 0.006323 -0.117044
0.005782 0.008725 0.141051 0.179820 0.578196 0.567071 -0.022058 -0.014229 0.371967 -0.014997 -0.017153 0.243674 0.014331 0.129643 1.000000 0.590731 -0.178008 -0.215043 -0.047547 0.067580 0.554150 0.413269 0.370431 0.251043 0.138168 0.316631 0.661119 0.508212 0.024438 -0.214477 0.209676 0.133657 -0.401937 -0.018182 0.115737 -0.061257 0.279955 -0.036994 0.154922 -0.009447 0.033237 0.298027 -0.113569 -0.218970 -0.424564 -0.398672 -0.106077 -0.240975 -0.371932 -0.439163 -0.177728 -0.302818 -0.137895 0.003353 0.038595 -0.094084 -0.191393 -0.161807 -0.105655 -0.337584 0.017729 -0.052592 -0.230155 -0.315193 0.349999 0.196467 -0.351903 -0.131630 -0.130528 -0.027164 0.171159 0.254029 -0.051275 0.152558 -0.005617 0.257170 -0.043109 -0.132621 -0.113477 -0.014070 -0.170521 -0.204224 0.508958 0.152436 0.392547 0.055242 0.331999 0.099952 0.265784 0.115414 -0.163198 -0.092924 0.291718 0.046003 0.034753 0.060288 -0.036751 -0.112663 -0.425304 -0.219059 -0.096370 -0.301076 -0.428670 -0.441232 -0.080562 0.077130 -0.115528 -0.095587 0.009992 -0.074469 -0.047548 -0.018898 0.023044 -0.293380 0.057744 -0.054940
-0.089186 0.195998 -0.084472 0.187582 0.379509 0.472171 0.021942 0.170153 0.149623 -0.166399 -0.033071 0.234591 0.320708 0.471433 0.590731 1.000000 0.035747 0.099395 -0.242335 0.114015 0.385424 0.317304 0.027152 0.144020 -0.001621 0.160582 0.546452 0.469584 0.204632 -0.016134 0.288273 0.150631 -0.226415 0.223758 -0.205616 -0.140123 0.197132 -0.055377 0.047767 0.108490 0.012352 0.213350 -0.062226 -0.220135 -0.304520 -0.368864 -0.157454 -0.239601 -0.250792 -0.265342 -0.190051 -0.325172 -0.072943 0.011333 0.074898 -0.037327 -0.025670 -0.034042 -0.025508 -0.240408 0.190858 0.188733 -0.076114 -0.089138 0.069053 0.124456 -0.439059 -0.364933 0.070527 0.070669 0.246645 0.346756 0.133316 0.445335 0.095797 0.301169 0.056469 -0.240359 -0.111720 -0.060442 0.015492 -0.218039 0.284204 0.364434 0.072225 -0.164822 0.366561 0.232163 0.302989 0.314409 -0.176900 -0.139045 0.160929 -0.247101 -0.031413 0.126010 0.100269 -0.125061 -0.343418 -0.035599 -0.143539 -0.407817 -0.418493 -0.507035 -0.341427 -0.224279 -0.108556 -0.169182 0.062690 -0.063211 -0.129755 -0.189576 -0.030565 -0.231310 0.084585 -0.017034
0.223914 0.279419 -0.294413 -0.394041 -0.165283 -0.219041 0.105432 -0.003293 -0.108190 -0.110087 0.142026 0.044358 0.191586 0.057246 -0.178008 0.035747 1.000000 0.723198 -0.019462 0.064686 -0.037996 -0.128588 -0.330764 -0.211766 -0.157285 -0.196739 -0.178315 -0.048417 0.643710 0.637161 0.111470 0.167246 0.233584 0.101701 -0.111463 -0.219214 0.156805 0.102866 -0.182821 0.044895 0.104233 -0.245944 -0.157608 -0.142987 -0.020789 -0.223286 -0.166171 -0.210803 -0.282878 -0.095306 -0.243200 -0.189193 -0.195970 0.061237 -0.115054 -0.094598 0.550101 0.341276 -0.226479 -0.039505 0.144610 0.027231 0.481615 0.497779 -0.240642 -0.399670 -0.098497 -0.417307 0.017416 -0.267480 0.094080 0.178445 0.633825 0.368345 0.357647 0.190338 0.276968 0.061054 0.421519 0.449112 0.560251 0.503900 0.063526 0.319083 -0.100434 -0.140424 0.144041 0.001326 -0.156327 -0.232803 -0.098738 -0.131154 -0.105643 -0.331709 -0.186771 -0.145510 0.059344 -0.020129 -0.024888 0.145362 -0.104248 -0.168853 0.028718 -0.175937 -0.218192 -0.313325 0.001739 -0.327583 -0.136477 -0.128376 -0.072085 0.118038 0.172269 0.197116 0.074104 0.005241
0.122912 0.311491 -0.335380 -0.330199 -0.280604 -0.210863 0.183235 0.074251 -0.240887 -0.223132 0.011892 0.081706 0.218677 0.040040 -0.215043 0.099395 0.723198 1.000000 -0.005978 0.118372 -0.098578 -0.075366 -0.410115 -0.285699 -0.282192 -0.259170 -0.106084 -0.006370 0.559297 0.699043 0.112363 0.204277 0.239674 0.265413 -0.166560 -0.272043 -0.017764 0.083092 -0.182051 0.118954 0.019840 -0.138998 -0.219546 -0.176894 -0.114920 -0.172130 -0.342486 -0.288152 -0.349622 -0.193281 -0.288284 -0.276773 -0.300094 -0.156779 -0.130064 -0.243097 0.517042 0.444717 -0.288472 -0.028906 0.151977 0.088350 0.468127 0.575209 -0.247016 -0.324520 -0.036951 -0.331481 0.001586 -0.223094 -0.032290 0.163902 0.595066 0.400159 0.314397 0.196674 0.306281 0.183031 0.508006 0.424735 0.594537 0.555222 -0.121765 0.377257 -0.145558 -0.109932 0.129148 0.189148 -0.194017 -0.224817 -0.027541 -0.018544 -0.155426 -0.266029 -0.140057 -0.053051 -0.067238 -0.097645 -0.077452 0.154599 0.019930 -0.060819 0.051557 -0.070506 -0.280652 -0.337859 -0.153479 -0.349161 -0.139182 -0.125233 -0.098364 -0.033903 0.047840 0.178966 -0.043003 -0.095178
0.036338 -0.034823 0.309270 0.135658 -0.017679 -0.237955 0.446577 0.287119 0.158364 0.077814 -0.041762 -0.013726 -0.163026 -0.309929 -0.047547 -0.242335 -0.019462 -0.005978 1.000000 0.366895 0.017525 0.006619 0.263522 0.000514 -0.137509 -0.026345 -0.202774 -0.239253 0.193871 0.163759 0.195684 0.168370 0.054158 -0.001153 0.301190 0.010651 -0.246045 -0.336058 -0.217766 -0.235523 -0.060452 -0.132851 -0.113024 -0.095662 0.049096 -0.012634 -0.002591 -0.191393 -0.268812 -0.128307 -0.130112 -0.040108 -0.029651 0.141459 -0.463384 -0.395023 -0.169006 -0.053279 -0.222165 -0.179145 -0.130016 -0.145894 -0.115335 -0.129518 0.374558 -0.102677 -0.087469 -0.037267 0.099884 -0.127635 -0.041198 -0.079158 0.089411 -0.111369 -0.029616 0.115240 0.144765 0.207749 -0.113458 -0.186732 0.099169 0.109416 -0.013797 -0.044632 0.205492 -0.175014 -0.090039 0.005262 -0.199431 -0.270522 0.055914 0.013637 -0.046225 0.081814 -0.133857 -0.114766 -0.367990 -0.231715 -0.229982 -0.280877 0.208905 0.101499 0.241391 0.070951 0.059369 0.254721 -0.025731 0.134588 0.058994 0.046808 -0.232187 -0.076310 -0.030617 -0.146937 -0.007125 0.098021
-0.051202 0.303060 -0.187903 0.013684 0.034151 -0.067520 0.124908 0.113210 -0.007180 0.064747 -0.133594 0.111662 -0.258424 -0.206524 0.067580 0.114015 0.064686 0.118372 0.366895 1.000000 0.178907 0.090487 0.043259 0.234501 -0.101502 -0.002768 0.084196 0.055006 0.394762 0.369849 0.041386 0.099591 -0.199742 0.082873 0.126701 -0.139778 0.054439 -0.006688 -0.158619 -0.131926 0.011478 -0.010743 0.007120 -0.020422 -0.114591 -0.174246 0.025588 -0.050706 -0.325247 -0.029262 -0.087972 -0.126655 -0.030932 0.204427 -0.280635 -0.088214 -0.109013 -0.037562 -0.327132 -0.355542 -0.285487 0.012183 -0.119968 -0.097604 0.153765 -0.188669 -0.469215 -0.431457 0.027348 0.101575 0.084740 0.168515 0.169693 0.152221 0.194885 0.154008 0.179426 0.183938 -0.106352 -0.118052 0.237811 0.226590 0.270798 0.396853 0.041105 -0.147817 0.144920 0.224831 -0.113479 -0.011769 0.215329 0.188036 0.185207 0.034770 -0.035277 0.068731 -0.113748 -0.159313 -0.027706 -0.027127 -0.065786 -0.153014 -0.102439 -0.088190 -0.083986 0.108124 -0.074127 -0.041757 0.080631 -0.070063 0.017884 0.006533 -0.082694 -0.053532 0.004620 -0.136441
-0.047587 0.087874 -0.117602 -0.026449 0.547019 0.588281 0.102281 0.061855 0.492410 -0.111647 -0.315676 0.071051 -0.148268 0.053353 0.554150 0.385424 -0.037996 -0.098578 0.017525 0.178907 1.000000 0.655442 0.004624 -0.012239 0.122941 0.247616 0.684977 0.554193 0.169453 0.059087 0.269567 0.129006 -0.268262 -0.211395 -0.103068 -0.240888 0.215945 -0.059093 0.203210 0.186325 0.153128 0.445744 0.094986 -0.049613 -0.259927 -0.347148 0.086726 -0.092392 -0.335687 -0.276561 -0.268036 -0.290830 -0.247002 0.192766 -0.018518 0.059674 -0.049809 -0.118008 -0.290112 -0.256022 -0.161037 -0.069670 -0.235692 -0.225988 0.044116 -0.121173 -0.372692 -0.339201 0.080896 -0.025683 0.516802 0.320471 0.193318 0.387892 0.129710 0.441775 0.018740 -0.016795 -0.007750 0.037761 0.042463 -0.046744 0.474286 0.324150 0.097444 -0.178996 0.488764 0.328839 -0.014663 0.090552 0.015521 -0.094269 0.276107 -0.089226 0.103066 0.295312 0.085344 0.099775 -0.304395 0.147911 -0.033179 -0.338737 -0.291097 -0.382991 0.130380 0.122855 -0.136498 -0.144026 0.085461 -0.005602 0.084805 0.213560 0.073475 0.018513 0.274279 -0.072445
-0.137948 0.018306 -0.109200 0.224227 0.419181 0.640412 -0.076964 -0.120341 0.222731 -0.104377 -0.440416 -0.039475 -0.286995 -0.088984 0.413269 0.317304 -0.128588 -0.075366 0.006619 0.090487 0.655442 1.000000 0.154731 0.127556 0.242496 0.482748 0.629535 0.640840 0.135288 0.014630 0.377456 0.302551 -0.063132 -0.029328 -0.011791 -0.059178 0.114995 -0.049640 0.275547 0.243669 0.152765 0.388417 0.092341 -0.026566 -0.203735 -0.257567 0.081433 -0.070875 -0.369711 -0.345348 -0.336751 -0.406597 -0.328627 0.022994 0.015749 -0.062061 -0.020438 0.012120 -0.359937 -0.209371 -0.224243 -0.261822 -0.296252 -0.283698 -0.070144 -0.122049 -0.204970 -0.245729 0.296258 0.031116 0.384604 0.326181 0.054636 0.386866 0.132162 0.408046 0.196104 0.125863 0.176506 0.095445 0.024492 0.014663 0.325790 0.266121 0.111889 -0.039378 0.363047 0.260076 -0.040715 -0.002019 -0.160591 -0.195334 0.142687 -0.137253 0.086039 0.243458 0.089780 0.072819 -0.361180 0.040335 -0.076475 -0.271310 -0.309484 -0.316089 0.101108 0.197132 -0.239283 -0.033037 0.076967 0.087563 0.142208 0.087019 -0.015520 -0.142668 0.238064 -0.014048
-0.057270 -0.270980 0.691726 0.506962 0.208859 0.138781 0.110932 0.140103 0.121153 0.285949 0.162384 0.124936 -0.191511 -0.070139 0.370431 0.027152 -0.330764 -0.410115 0.263522 0.043259 0.004624 0.154731 1.000000 0.695114 0.249594 0.533362 -0.019503 -0.004872 -0.216948 -0.376622 0.399511 0.452172 -0.182565 0.033276 0.385235 0.168614 -0.177882 -0.342921 -0.064332 -0.324583 -0.171087 -0.160709 -0.267692 -0.360517 -0.250065 -0.102945 -0.077891 -0.165696 -0.306345 -0.257785 0.025791 -0.268187 -0.080425 0.041427 -0.333567 -0.311937 -0.408716 -0.263827 -0.115433 -0.274150 -0.178530 -0.171917 -0.456801 -0.518977 0.632764 0.285132 -0.175489 0.182119 -0.091668 0.031532 -0.056095 0.109602 -0.433759 -0.110570 -0.057389 0.063820 -0.030434 -0.003750 -0.267157 -0.154744 -0.358535 -0.321737 0.299868 -0.213808 0.583879 0.075646 -0.140156 -0.373827 0.487983 -0.118122 -0.151805 -0.027012 0.091157 0.273457 -0.109650 -0.107310 -0.230594 -0.286395 -0.225082 -0.485405 -0.203833 -0.141698 -0.244536 -0.065906 -0.115166 0.289143 0.012669 0.109611 0.004488 0.100074 -0.098730 -0.233010 -0.089505 -0.255023 -0.043329 0.012051
-0.162104 -0.260570 0.492665 0.500835 0.261749 0.203479 0.143204 0.325617 0.113668 0.400864 0.223529 0.243769 -0.117214 0.106115 0.251043 0.144020 -0.211766 -0.285699 0.000514 0.234501 -0.012239 0.127556 0.695114 1.000000 0.132648 0.436367 -0.063754 -0.028746 -0.176167 -0.328044 0.333460 0.469998 -0.223459 0.062549 0.277816 0.190241 -0.089142 -0.243376 -0.227009 -0.401156 -0.196611 -0.110197 -0.124262 -0.296269 -0.208124 -0.075595 -0.113887 -0.019551 -0.329476 -0.214792 -0.080514 -0.364797 -0.075217 -0.091259 -0.462792 -0.284755 -0.357316 -0.396548 -0.133255 -0.260791 -0.216161 0.053722 -0.434634 -0.450129 0.536118 0.267286 -0.293308 0.140084 -0.202479 0.230128 -0.001773 0.194012 -0.388658 -0.109419 -0.013790 0.034851 -0.045658 -0.081296 -0.265200 -0.321660 -0.292165 -0.328929 0.308069 -0.011007 0.275173 -0.086675 -0.226678 -0.425385 0.493999 -0.082718 0.120424 0.260790 0.414329 0.394604 -0.115102 -0.128331 -0.330097 -0.359916 -0.079009 -0.303198 -0.061748 -0.056469 -0.184842 0.062580 -0.074569 0.066516 0.003886 -0.011982 -0.092737 -0.180098 -0.074531 -0.302596 -0.037503 -0.201691 -0.038070 -0.045667
-0.260098 -0.201203 0.101418 0.024243 0.295571 0.522383 -0.464519 -0.446335 0.247146 0.102866 -0.269149 -0.280748 -0.375282 -0.134430 0.138168 -0.001621 -0.157285 -0.282192 -0.137509 -0.101502 0.122941 0.242496 0.249594 0.132648 1.000000 0.653779 0.347711 0.509203 -0.147665 -0.307235 0.225325 0.047403 0.008097 -0.055841 0.220991 0.219278 0.154224 0.221960 0.428966 0.305461 0.115113 0.090631 0.151897 0.055450 0.075478 0.215337 0.154190 0.099693 0.022050 0.032411 0.190912 0.002838 -0.211607 0.117397 0.140989 0.264446 0.039563 0.088726 -0.227127 -0.072031 -0.451677 -0.491842 -0.437817 -0.528353 -0.144842 0.095703 0.000296 0.169649 0.208293 0.143855 0.114663 0.131160 -0.231887 0.154504 -0.063413 0.054883 0.099567 0.033167 0.090546 0.141919 -0.152832 -0.174755 0.260570 -0.119242 0.079152 0.029598 -0.023321 -0.090823 -0.027957 -0.194782 -0.239946 -0.119517 -0.025055 -0.084158 0.280717 0.018688 0.477752 0.365149 0.002385 0.132858 -0.167398 -0.274610 -0.281032 -0.297570 -0.014357 0.114217 -0.048570 -0.000486 0.104325 0.209337 0.510196 0.326677 -0.008423 0.024255 0.124607 0.013943
-0.400953 -0.218934 0.276441 0.316416 0.288512 0.552065 -0.223202 -0.115080 0.118926 0.018516 -0.233776 -0.043205 -0.371253 -0.077095 0.316631 0.160582 -0.196739 -0.259170 -0.026345 -0.002768 0.247616 0.482748 0.533362 0.436367 0.653779 1.000000 0.288315 0.487572 -0.116854 -0.264496 0.543385 0.435908 0.025418 0.138699 0.354827 0.344276 -0.016322 -0.065190 0.246048 0.124650 -0.000046 0.055605 0.021871 -0.139960 -0.099852 0.084040 0.094144 -0.062505 -0.213458 -0.152585 0.080964 -0.191708 -0.288813 0.075837 -0.067953 -0.060608 -0.149568 -0.079135 -0.373596 -0.182731 -0.510982 -0.410377 -0.598909 -0.636007 0.163530 0.276108 -0.109262 0.145244 0.201491 0.144837 0.108142 0.318044 -0.256540 0.223441 -0.057648 0.220875 0.179843 0.183822 -0.029277 0.029412 -0.361593 -0.297509 0.283288 -0.101402 0.153930 -0.035331 0.115641 -0.124980 0.096692 -0.251915 -0.295748 -0.188610 -0.059332 -0.140706 0.193594 0.048658 0.169668 0.182237 -0.281434 -0.122580 -0.234214 -0.390392 -0.477971 -0.318000 -0.050178 0.216562 0.048250 0.081420 0.060335 0.167772 0.413947 0.088325 -0.119495 -0.220414 0.180353 0.090387
-0.029098 0.236924 -0.223762 0.028006 0.501596 0.673047 -0.273090 -0.297881 0.303717 -0.285025 -0.470538 -0.072905 -0.194530 -0.005132 0.661119 0.546452 -0.178315 -0.106084 -0.202774 0.084196 0.684977 0.629535 -0.019503 -0.063754 0.347711 0.288315 1.000000 0.809957 0.018559 -0.134044 0.153182 -0.021874 -0.305756 -0.163785 -0.196296 -0.322933 0.245083 0.118365 0.345994 0.381847 0.178358 0.523828 0.080927 -0.026088 -0.296769 -0.332855 0.032800 -0.086056 -0.203400 -0.259895 -0.112488 -0.205656 -0.137164 0.100278 0.262036 0.191354 0.043394 0.099159 -0.176295 -0.171113 -0.099276 -0.234153 -0.183846 -0.239530 -0.166152 -0.109024 -0.257657 -0.264720 0.208412 0.114399 0.387774 0.354756 0.032598 0.367401 -0.012718 0.282549 0.023987 -0.089933 0.074856 0.064291 0.003845 -0.075236 0.413840 0.301891 0.102503 0.085780 0.501278 0.407616 0.019857 0.218199 -0.138946 -0.100368 0.186868 -0.121363 0.244551 0.245670 0.297707 0.138713 -0.237998 0.215082 -0.050979 -0.365796 -0.394343 -0.500793 -0.033218 0.080107 -0.213722 -0.133340 0.085457 0.040042 0.173382 0.199939 0.109629 -0.051225 0.218265 -0.039511
-0.098948 0.158467 -0.254884 0.132765 0.396789 0.697612 -0.395472 -0.411089 0.223609 -0.234192 -0.539910 -0.134428 -0.314006 -0.084438 0.508212 0.469584 -0.048417 -0.006370 -0.239253 0.055006 0.554193 0.640840 -0.004872 -0.028746 0.509203 0.487572 0.809957 1.000000 0.089710 -0.057990 0.187407 0.068142 -0.184603 -0.057544 -0.076331 -0.189850 0.198732 0.202660 0.413735 0.401823 0.233334 0.383782 0.052966 -0.037255 -0.284651 -0.280967 0.042548 -0.162781 -0.212428 -0.293540 -0.073133 -0.196905 -0.222956 0.050345 0.298946 0.241423 0.210788 0.226450 -0.218378 -0.066189 -0.229794 -0.313107 -0.227642 -0.268465 -0.303114 -0.053386 -0.184414 -0.210350 0.331974 0.102623 0.353191 0.271675 0.095605 0.499209 0.093519 0.353579 0.170708 0.002083 0.225589 0.210730 0.029753 -0.041533 0.370913 0.285056 0.090184 0.117724 0.418600 0.352541 -0.034992 0.137837 -0.287960 -0.252486 -0.000475 -0.301915 0.338022 0.282879 0.450873 0.291868 -0.242911 0.230904 -0.144243 -0.385563 -0.388780 -0.504302 0.017142 0.113128 -0.234537 -0.165482 0.089619 0.041748 0.304055 0.170300 0.009671 0.002906 0.289161 -0.015790
0.265870 0.375634 -0.333937 -0.306719 0.048203 -0.088314 0.228119 0.029586 -0.050248 -0.023018 0.122719 0.232261 0.206466 0.088685 0.024438 0.204632 0.643710 0.559297 0.193871 0.394762 0.169453 0.135288 -0.216948 -0.176167 -0.147665 -0.116854 0.018559 0.089710 1.000000 0.757187 0.206578 0.228462 0.026765 0.175827 -0.060573 -0.220369 0.197309 0.021446 -0.004964 0.014056 0.284803 -0.105783 -0.175289 -0.172852 -0.098696 -0.360560 -0.190199 -0.241646 -0.477728 -0.273521 -0.398965 -0.374495 -0.308076 0.049730 -0.225530 -0.223052 0.280842 0.075478 -0.315378 -0.216542 0.115365 -0.008769 0.438984 0.379065 -0.109024 -0.474567 -0.267334 -0.611989 0.003475 -0.290450 0.241150 0.314349 0.747737 0.498621 0.580621 0.412434 0.395563 0.093108 0.189327 0.198054 0.576798 0.436525 0.314800 0.631540 0.046255 -0.182829 0.254664 0.239916 -0.267879 -0.164208 -0.063160 -0.125859 -0.066413 -0.349710 -0.146324 -0.020793 0.015294 -0.095481 -0.208515 -0.087566 -0.216257 -0.258275 -0.134262 -0.263020 -0.237683 -0.296738 -0.257284 -0.361932 -0.054525 -0.018638 -0.096196 0.077202 -0.008398 -0.041104 0.028218 -0.165439
0.142592 0.350819 -0.426085 -0.324449 -0.193913 -0.250011 0.219156 0.084284 -0.211746 -0.199009 0.007032 0.179764 0.172242 -0.012406 -0.214477 -0.016134 0.637161 0.699043 0.163759 0.369849 0.059087 0.014630 -0.376622 -0.328044 -0.307235 -0.264496 -0.134044 -0.057990 0.757187 1.000000 0.118199 0.212938 0.227480 0.240760 -0.137019 -0.309492 0.143247 0.096322 -0.111481 0.093247 0.297820 -0.016962 -0.156302 -0.095615 -0.150836 -0.313722 -0.180423 -0.227855 -0.367529 -0.164725 -0.275017 -0.162599 -0.254016 0.006875 -0.158484 -0.136034 0.376998 0.297255 -0.368973 -0.107106 0.097142 0.016837 0.500049 0.539499 -0.243354 -0.456168 -0.180811 -0.524628 -0.011067 -0.341395 0.163676 0.091854 0.798290 0.463471 0.595509 0.353733 0.432227 0.285471 0.304551 0.326694 0.555887 0.623111 0.023804 0.567633 -0.182335 -0.065456 0.213838 0.322370 -0.333259 -0.159962 -0.028062 -0.190071 -0.233187 -0.359470 -0.083611 0.064748 -0.038464 -0.059834 -0.107477 0.081473 -0.067257 -0.163155 0.044233 -0.129116 -0.249894 -0.272860 -0.113780 -0.255513 -0.058322 -0.027368 -0.177667 -0.007385 0.040969 0.242106 -0.072192 -0.153534
-0.296554 -0.162623 0.250104 0.218971 0.170575 0.317388 0.284346 0.350199 0.109840 -0.051515 -0.062196 0.237588 -0.098679 0.259406 0.209676 0.288273 0.111470 0.112363 0.195684 0.041386 0.269567 0.377456 0.399511 0.333460 0.225325 0.543385 0.153182 0.187407 0.206578 0.118199 1.000000 0.762946 0.054681 0.227755 0.110638 0.067655 -0.216094 -0.301101 -0.193527 -0.018801 -0.169680 -0.033900 -0.016097 -0.244084 -0.059584 -0.064129 -0.067990 -0.132640 -0.403628 -0.198894 -0.148641 -0.427447 -0.376503 0.030204 -0.352702 -0.341106 -0.158791 -0.089818 -0.541041 -0.413759 -0.335506 -0.244031 -0.403930 -0.369402 0.323896 0.099238 -0.330420 -0.143138 0.019813 -0.055236 0.218944 0.433417 0.041476 0.515932 0.243281 0.527436 0.362453 0.206221 0.057495 -0.018741 -0.094630 -0.200453 0.149283 0.125428 0.083282 -0.229071 0.046561 -0.162070 0.022897 -0.270654 -0.192776 -0.165513 0.053983 -0.153646 -0.023463 0.024168 -0.143165 -0.168116 -0.347841 -0.190144 -0.066649 -0.318877 -0.419211 -0.377349 -0.222868 0.037720 -0.074985 -0.102732 -0.056254 0.085665 -0.062314 -0.119090 0.050229 -0.121330 0.048616 -0.069102
-0.118902 -0.111438 0.217916 0.360664 0.027206 0.158074 0.271328 0.370566 -0.107322 0.049443 0.026737 0.364774 -0.109670 0.120922 0.133657 0.150631 0.167246 0.204277 0.168370 0.099591 0.129006 0.302551 0.452172 0.469998 0.047403 0.435908 -0.021874 0.068142 0.228462 0.212938 0.762946 1.000000 0.072387 0.376370 0.153472 0.002148 -0.249312 -0.299985 -0.264619 -0.168147 -0.111233 0.004374 -0.213570 -0.385395 -0.162387 -0.146653 -0.276244 -0.284231 -0.440584 -0.310502 -0.181010 -0.455516 -0.367580 -0.156556 -0.392573 -0.454159 -0.148159 -0.139681 -0.545936 -0.358084 -0.262940 -0.172500 -0.186666 -0.189780 0.354614 0.079477 -0.237005 -0.058203 -0.158841 -0.145859 0.152272 0.338396 0.110008 0.414334 0.310556 0.488982 0.361889 0.309459 0.125429 0.011173 0.014916 -0.065401 0.152123 0.229174 0.239560 0.041043 -0.016682 -0.171968 0.078836 -0.298929 -0.135255 -0.115810 0.004064 -0.119701 -0.233709 -0.170311 -0.335242 -0.240662 -0.348066 -0.294650 -0.159749 -0.297410 -0.333481 -0.238533 -0.225565 -0.074660 -0.089916 -0.208546 -0.057634 0.020848 -0.200156 -0.300974 0.044572 -0.156942 0.004928 -0.138402
-0.019913 -0.069370 -0.025363 -0.032425 -0.290293 -0.239555 -0.000830 -0.042365 -0.390466 -0.284114 -0.063909 -0.208301 0.119368 -0.009207 -0.401937 -0.226415 0.233584 0.239674 0.054158 -0.199742 -0.268262 -0.063132 -0.182565 -0.223459 0.008097 0.025418 -0.305756 -0.184603 0.026765 0.227480 0.054681 0.072387 1.000000 0.358437 -0.023437 0.071455 0.034175 -0.011035 -0.024864 0.061020 0.154925 -0.155389 -0.120676 0.019732 0.115717 0.048598 -0.111763 -0.168337 0.036019 -0.061037 -0.040837 0.011091 -0.074013 -0.283176 0.033066 -0.199007 0.267720 0.362177 -0.107515 0.227380 0.147232 -0.202941 0.234202 0.261457 -0.261254 -0.091843 0.369296 0.116911 0.202539 -0.146399 -0.092075 -0.182539 0.318235 0.045296 0.197617 -0.061162 0.286053 0.177193 0.262036 0.292753 0.172908 0.389195 -0.357033 -0.135034 -0.226782 0.082426 -0.087707 0.008525 -0.227969 -0.234893 -0.427644 -0.217237 -0.282225 -0.249282 -0.119000 -0.071976 -0.063336 0.130824 -0.197209 -0.059456 -0.026291 0.131578 0.094477 0.201280 0.036964 -0.098578 0.307752 -0.016075 -0.079708 -0.000255 -0.033334 -0.024982 -0.122644 0.020120 -0.035577 0.121827
-0.252020 0.053170 0.038811 0.236461 -0.101840 0.056902 0.152971 0.216814 -0.243687 -0.018146 0.158653 0.281153 0.293875 0.310372 -0.018182 0.223758 0.101701 0.265413 -0.001153 0.082873 -0.211395 -0.029328 0.033276 0.062549 -0.055841 0.138699 -0.163785 -0.057544 0.175827 0.240760 0.227755 0.376370 0.358437 1.000000 0.119141 0.350578 0.023016 0.054115 0.037183 0.153230 0.045648 -0.068298 -0.196820 -0.202172 -0.085917 -0.040854 -0.299758 -0.323729 -0.192093 -0.258548 -0.106289 -0.223409 -0.241275 -0.392204 0.004272 -0.272584 -0.077969 0.099147 -0.209974 -0.318353 0.089930 -0.009912 -0.020195 -0.028444 0.111781 0.284626 -0.219923 -0.017421 -0.055773 -0.115231 -0.040862 0.045120 0.187400 0.175663 0.138402 0.152534 0.298988 0.228193 0.180623 0.187721 0.157598 0.147092 -0.079341 0.123861 -0.056825 0.066321 -0.050214 0.046556 0.049251 -0.121427 -0.357370 -0.276092 -0.139308 -0.264270 -0.185335 -0.143434 -0.083044 -0.027008 -0.346648 -0.352862 -0.143365 -0.243216 -0.195092 -0.160888 -0.327563 -0.229765 0.087666 -0.190681 0.160058 0.119989 -0.017269 -0.277937 -0.237369 -0.135339 -0.189132 -0.104886
-0.248470 -0.265729 0.248644 0.147108 -0.007461 0.077035 0.021300 0.036133 0.076470 0.316085 0.130777 0.091938 -0.158173 -0.167595 0.115737 -0.205616 -0.111463 -0.166560 0.301190 0.126701 -0.103068 -0.011791 0.385235 0.277816 0.220991 0.354827 -0.196296 -0.076331 -0.060573 -0.137019 0.110638 0.153472 -0.023437 0.119141 1.000000 0.450752 0.086241 0.071513 0.149453 -0.106267 -0.021880 -0.149510 -0.020701 -0.013921 0.094001 0.238080 0.097609 -0.040756 -0.188362 -0.096216 -0.061651 -0.116686 -0.192526 0.000671 -0.180103 -0.068727 -0.194584 -0.120837 -0.210316 -0.307447 -0.355414 -0.134466 -0.371580 -0.350614 0.332982 0.322787 -0.208328 0.199302 -0.119706 0.087899 -0.290256 -0.059116 -0.256124 -0.162778 -0.063377 0.006392 0.223237 0.347754 -0.023430 -0.082166 -0.141784 0.004829 0.166064 -0.225652 0.253984 -0.016850 -0.230486 -0.279013 -0.011659 -0.279035 -0.031337 -0.063433 0.090547 0.118501 0.065100 -0.030028 -0.038678 -0.026573 -0.064224 -0.237426 -0.110777 -0.084553 -0.140872 -0.063620 0.056560 0.160920 0.033718 0.095586 0.237408 0.076519 0.173741 0.107865 -0.113086 -0.099155 -0.003747 -0.004401
-0.396283 -0.446085 0.259515 0.110974 -0.000755 0.128886 0.034889 0.089093 0.067684 0.231333 0.207093 -0.019585 0.069565 0.103649 -0.061257 -0.140123 -0.219214 -0.272043 0.010651 -0.139778 -0.240888 -0.059178 0.168614 0.190241 0.219278 0.344276 -0.322933 -0.189850 -0.220369 -0.309492 0.067655 0.002148 0.071455 0.350578 0.450752 1.000000 -0.074082 0.044548 0.156665 -0.050147 -0.230201 -0.236947 0.221177 0.187136 0.302699 0.550462 0.087496 0.203122 0.086160 0.144886 -0.008330 0.013947 -0.107863 -0.096256 -0.005326 -0.045348 -0.278977 -0.276568 0.016934 -0.103179 -0.173413 -0.029613 -0.379850 -0.438541 0.195127 0.446860 -0.010569 0.370878 -0.029748 0.106428 -0.349435 -0.083636 -0.326841 -0.302623 -0.303969 -0.251570 -0.078113 0.081508 -0.076870 -0.079726 -0.370835 -0.284159 -0.174168 -0.462492 -0.159743 -0.230881 -0.217919 -0.381435 0.033666 -0.250272 -0.044895 -0.013113 0.034718 0.082177 0.033180 -0.076126 0.011269 0.089938 -0.024281 -0.099324 0.020884 0.061428 -0.067321 0.111075 0.139546 0.112316 0.095756 0.186454 0.070691 0.083784 0.330547 0.019265 -0.191705 -0.162727 -0.012838 0.054561
