1.000000 0.162378 0.095745 -0.190736 0.159386 -0.089411 0.162959 0.121000 0.231479 0.277135 0.447487 0.331005 0.422646 0.466294 0.205753 0.264873 0.469480 0.215317 0.279789 0.016645 -0.073400 -0.121668 -0.138968 -0.284773 -0.278713 -0.356190 -0.013524 -0.146542 0.139761 0.157318 -0.127888 -0.257752 0.219319 0.294929 -0.075646 0.040955 -0.083441 -0.193029 -0.271982 -0.176806 -0.207156 -0.019127 -0.128659 -0.172631 -0.254156 -0.178522 -0.193400 -0.212013 -0.083237 -0.207399 -0.276934 -0.300980 0.150421 -0.255518 0.157915 -0.292415 0.120854 -0.032457 0.321777 -0.156619 0.510799 0.451940 0.197504 0.193718 0.019254 0.374037 -0.052054 -0.170960 -0.095904 -0.206371 -0.160871 0.109733 -0.198669 0.022872 -0.107762 -0.213039 -0.046616 -0.016340 -0.209888 0.163923 -0.268243 0.148236 -0.106812 0.040462 -0.258081 -0.099848 -0.117888 -0.032516 -0.083333 -0.147666 0.028343 0.132327 0.036782 0.076369 -0.246294 -0.122890 0.012199 -0.157891 -0.114208 -0.219539 0.182651 -0.017662 -0.171440 -0.208988 -0.106590 -0.218035 -0.079260 0.009158 0.034188 -0.171295 0.027150 -0.088103 0.090016 0.006215 -0.050777 -0.187799
0.162378 1.000000 -0.324822 -0.040590 0.028578 -0.311507 -0.209592 -0.123249 -0.116161 -0.120967 -0.104443 0.332906 0.072089 0.184763 0.053025 -0.297801 0.132682 0.332773 0.113646 0.195742 0.036669 -0.191115 -0.312666 -0.187070 -0.302182 -0.131974 -0.137594 -0.182228 0.389713 0.019368 -0.311362 -0.200847 -0.019438 0.146184 -0.313640 -0.264072 0.291829 0.252175 -0.101793 0.083769 0.334381 0.135168 -0.131028 -0.134501 -0.274543 -0.303326 -0.086751 -0.064861 -0.145009 -0.234653 -0.259330 0.068298 0.160990 0.244640 0.079979 0.036320 -0.189064 0.385840 0.136397 -0.064670 0.189138 0.180133 0.151177 0.531567 -0.100884 -0.230128 -0.077973 -0.389908 0.002921 -0.324855 -0.144913 -0.286543 0.218034 -0.224905 0.095554 -0.063586 0.088410 0.005503 -0.020655 -0.174869 0.267787 -0.276497 -0.052325 -0.123827 0.182859 0.247608 0.071687 0.174126 0.094914 0.425391 -0.008919 -0.109134 0.025614 -0.046446 0.185395 -0.010804 0.156168 0.116872 0.096794 0.129445 0.014693 0.168068 0.035242 0.018522 0.087655 0.023867 0.030144 -0.141589 -0.024068 0.110227 -0.018938 0.186580 0.272724 0.092850 0.163522 -0.204976
0.095745 -0.324822 1.000000 -0.042221 0.548981 0.165005 0.817074 0.689484 0.686738 0.523866 0.161848 0.149426 0.309567 0.204831 0.308459 0.246445 -0.097579 -0.020037 0.263747 -0.244841 -0.058182 -0.146628 0.227877 -0.027162 0.118002 -0.168559 0.116945 -0.233591 0.056711 -0.076860 0.314812 -0.003812 0.132190 0.240538 0.137809 0.132280 -0.398387 -0.379426 -0.204870 -0.293643 -0.441757 -0.363948 -0.343576 -0.259538 -0.024079 -0.090344 -0.307121 -0.312069 0.229084 -0.200184 0.121285 -0.135589 0.023058 -0.422832 -0.206668 -0.378558 -0.358462 -0.335671 0.211466 0.128192 0.257501 0.243041 -0.326264 -0.226360 0.296544 0.434118 0.227926 0.348178 -0.284633 -0.000596 -0.098822 -0.097753 -0.272940 -0.208556 -0.347007 0.019882 -0.229742 0.042999 -0.058884 -0.044613 -0.440806 -0.035942 -0.102029 -0.190372 -0.408494 -0.410712 -0.356866 -0.433424 -0.101364 -0.279836 -0.217327 0.347011 0.100398 0.324079 -0.168355 -0.184680 -0.141312 -0.066944 -0.487427 -0.285819 0.098083 0.214487 0.142972 0.235666 0.027491 -0.141530 -0.032259 0.144390 -0.149994 -0.251140 0.033124 -0.284819 -0.106917 -0.072717 -0.141029 -0.110265
-0.190736 -0.040590 -0.042221 1.000000 -0.395646 0.238675 -0.260345 -0.145048 -0.146965 -0.394472 0.028713 0.061513 -0.474931 -0.154302 -0.017594 0.011585 -0.212915 -0.069579 -0.024909 0.098183 -0.064522 0.109161 0.421287 0.707868 0.095740 0.320893 0.040209 0.420000 -0.278472 -0.067456 0.060495 0.335772 -0.077002 -0.216971 0.050617 -0.031103 -0.025930 0.069585 0.156479 -0.029284 -0.008489 0.113905 -0.293940 -0.263143 -0.318224 -0.185633 -0.224862 -0.213200 -0.409434 -0.348975 0.152736 -0.174520 -0.342074 -0.105857 0.031821 -0.098882 0.049405 0.005853 -0.602730 -0.309994 -0.578969 -0.525958 -0.302109 -0.173432 0.274430 0.225780 -0.391541 0.103899 -0.212771 -0.266902 -0.076030 -0.025595 -0.082260 -0.120364 0.014807 0.294025 -0.009610 0.225162 0.038349 -0.052324 -0.047951 0.061214 0.288921 0.425236 0.458624 0.537531 0.458862 0.519125 0.428259 0.243940 -0.133033 -0.139270 0.388037 0.060094 -0.094215 0.092771 -0.191063 -0.068931 -0.147328 -0.170594 -0.026265 -0.198210 0.108024 0.083528 0.063646 0.229589 0.094832 -0.041145 0.097027 0.020675 -0.082632 -0.000075 -0.071513 0.233605 0.257183 0.033680
0.159386 0.028578 0.548981 -0.395646 1.000000 0.208422 0.594050 0.699821 0.594385 0.680159 -0.006951 0.153524 0.459344 0.324691 0.333489 0.156420 -0.074711 -0.155194 0.036580 -0.167185 0.062229 -0.136949 -0.248003 -0.398305 0.032863 -0.367244 0.327301 -0.378039 0.343448 -0.157490 0.037332 -0.314718 0.255638 0.258405 -0.073580 -0.095622 -0.100371 -0.189213 -0.249325 -0.144108 -0.029492 -0.282290 -0.286718 -0.140050 0.009217 -0.049965 -0.245317 -0.228526 0.311744 -0.048355 -0.067565 0.094532 0.132593 -0.336799 -0.016488 -0.227350 -0.409799 -0.270092 0.552015 0.264617 0.507483 0.581219 -0.078999 0.046638 -0.044970 0.352229 0.283726 0.240448 -0.045558 -0.023691 -0.034872 -0.042918 0.040384 -0.251855 -0.082214 -0.196750 -0.035954 -0.163725 0.124569 -0.400217 -0.080162 -0.389381 -0.210712 -0.446014 -0.475642 -0.423698 -0.468454 -0.563025 -0.242329 -0.210666 -0.061585 0.244846 -0.084622 0.053432 -0.000870 -0.167272 -0.187275 -0.027235 -0.324150 -0.066714 0.154361 0.303544 0.137073 0.122968 -0.015841 -0.183175 -0.027147 -0.033796 -0.168434 -0.145571 -0.078582 -0.238301 0.075497 -0.180570 -0.053530 -0.006263
-0.089411 -0.311507 0.165005 0.238675 0.208422 1.000000 0.051310 0.160545 -0.027747 0.098971 0.035645 -0.026826 -0.287003 0.023776 -0.042449 0.106545 -0.117467 -0.364412 -0.352978 -0.184040 -0.056817 0.166908 0.066882 0.140054 0.015391 0.119484 0.474822 0.330221 -0.204801 -0.118044 -0.112952 -0.142545 0.130413 -0.223121 0.158950 0.066910 -0.056332 -0.182230 0.186833 -0.092355 -0.055097 0.045509 -0.226500 -0.177535 0.018724 0.029541 -0.035557 -0.120553 0.312907 0.044267 0.265814 0.229612 0.033936 -0.089604 0.192841 0.148380 -0.054678 -0.194270 -0.044114 0.268935 -0.230228 -0.061302 -0.225004 -0.271904 -0.139956 0.268542 0.104170 0.365471 -0.193146 0.140329 0.147018 0.138589 0.056868 0.033486 0.100270 0.054661 0.017085 0.139368 0.158458 -0.105857 -0.119501 -0.060390 -0.151628 -0.150383 0.057647 -0.000132 -0.050886 0.017767 -0.172680 -0.100288 0.172230 -0.166716 0.158587 -0.094794 -0.187936 0.054754 -0.188178 -0.096048 -0.030028 0.034952 0.015208 -0.086173 -0.000673 -0.031923 0.023046 -0.077483 -0.028168 0.128601 -0.110869 -0.078602 0.029507 -0.148516 0.049894 -0.034858 -0.141738 0.069922
0.162959 -0.209592 0.817074 -0.260345 0.594050 0.051310 1.000000 0.642147 0.674720 0.625352 0.312697 0.297529 0.556450 0.463735 0.365056 0.339507 0.121077 0.084972 0.323194 -0.082174 -0.093997 -0.251685 0.110894 -0.190996 0.046873 -0.281406 0.085901 -0.304575 0.316089 0.022145 0.284429 -0.095240 0.208548 0.403805 0.145075 0.230091 -0.320000 -0.244713 -0.245070 -0.252504 -0.363378 -0.372623 -0.300801 -0.213113 -0.013079 -0.112374 -0.268107 -0.261236 0.256070 -0.115389 -0.022493 -0.184311 0.028044 -0.508677 -0.144944 -0.389809 -0.451077 -0.375532 0.305851 0.069955 0.381656 0.297353 -0.272800 -0.188974 0.109592 0.314972 0.152620 0.250560 -0.262445 -0.068047 -0.064690 -0.102234 -0.216211 -0.120887 -0.266219 -0.135311 -0.184171 -0.053576 -0.091798 -0.026848 -0.391729 -0.029550 -0.122949 -0.157916 -0.578121 -0.485102 -0.386274 -0.529643 -0.306804 -0.395268 -0.155140 0.435204 0.074941 0.314532 -0.036175 -0.158342 -0.068970 -0.059699 -0.438699 -0.273579 0.088151 0.288279 0.090141 0.161031 0.006590 -0.229085 -0.030756 0.135233 -0.278361 -0.100252 0.041328 -0.209478 0.033722 -0.120350 -0.200575 -0.099231
0.121000 -0.123249 0.689484 -0.145048 0.699821 0.160545 0.642147 1.000000 0.645442 0.712182 -0.097571 0.273501 0.307096 0.319908 0.215827 0.262162 -0.096964 0.036078 0.104344 -0.084424 -0.016745 -0.195344 -0.226910 -0.302592 0.060140 -0.273916 0.065305 -0.519684 0.189186 0.069983 0.155435 -0.143771 0.345601 0.290617 -0.034738 -0.017441 -0.316817 -0.295817 -0.365583 -0.303550 -0.251394 -0.250268 -0.183506 -0.048722 0.146596 0.111685 -0.256483 -0.134654 0.204449 -0.061138 -0.154328 -0.008419 -0.026748 -0.430502 -0.359584 -0.333250 -0.381747 -0.297399 0.322842 0.209885 0.343522 0.461565 -0.111616 -0.025480 0.184147 0.523900 0.294347 0.501468 -0.199081 -0.009545 -0.026516 -0.072122 -0.206674 -0.191676 -0.315835 -0.123262 -0.177929 0.003474 0.025065 -0.190818 -0.230061 -0.187269 -0.362218 -0.338942 -0.485234 -0.478391 -0.472696 -0.561921 -0.348018 -0.331449 -0.015780 0.364782 0.042958 0.205556 -0.128429 -0.252546 -0.197010 -0.093981 -0.407157 -0.190234 0.274974 0.378419 0.314160 0.250361 -0.128771 -0.306811 -0.007392 -0.051697 -0.140193 -0.191221 -0.146663 -0.250272 0.012961 -0.210103 -0.091356 -0.181758
0.231479 -0.116161 0.686738 -0.146965 0.594385 -0.027747 0.674720 0.645442 1.000000 0.695098 0.128454 0.211411 0.612028 0.312155 0.605675 0.274611 0.092044 0.068080 0.333680 -0.088392 -0.242968 -0.411667 0.087816 -0.139597 0.075282 -0.444233 0.037956 -0.440085 0.290963 -0.070077 0.245199 -0.058397 0.205041 0.340549 0.062988 -0.074474 -0.207997 -0.340907 -0.464104 -0.402457 -0.284100 -0.331373 -0.378546 -0.303701 -0.224358 -0.225069 -0.448071 -0.380987 -0.036131 -0.255486 -0.183955 -0.266314 -0.024153 -0.462871 -0.282263 -0.525270 -0.377667 -0.304927 0.355008 -0.066518 0.493357 0.488245 -0.075376 -0.037489 0.492783 0.528505 0.048324 0.086638 -0.135506 -0.128409 -0.230955 -0.140755 -0.153957 -0.327808 -0.285786 -0.026712 -0.072249 -0.075758 -0.040858 -0.157901 -0.180854 -0.196594 0.051573 -0.155487 -0.339725 -0.350642 -0.317041 -0.472470 0.002956 -0.179308 -0.295693 0.449546 0.025417 0.332155 -0.100003 -0.212566 -0.218848 -0.152858 -0.475913 -0.299131 0.012154 0.369819 0.083100 0.130989 -0.048804 -0.250568 -0.010787 0.039039 -0.192319 -0.210535 -0.177276 -0.280425 -0.006099 -0.076991 0.064641 0.009367
0.277135 -0.120967 0.523866 -0.394472 0.680159 0.098971 0.625352 0.712182 0.695098 1.000000 0.143599 0.293799 0.546568 0.508771 0.458745 0.468228 0.217666 0.040448 0.004973 -0.168313 -0.081022 -0.224540 -0.179751 -0.361062 0.044089 -0.373301 0.191647 -0.432966 0.334036 -0.004817 0.063768 -0.311726 0.304552 0.349326 0.015337 0.129472 -0.140421 -0.211876 -0.397070 -0.230910 -0.182696 -0.263750 -0.218719 -0.093082 -0.018160 -0.047554 -0.304911 -0.188583 0.203258 -0.056904 -0.212105 -0.123080 0.117923 -0.501157 -0.179920 -0.322674 -0.330971 -0.349918 0.462089 0.150976 0.530834 0.662031 -0.027487 -0.011566 0.015368 0.498883 0.210623 0.218286 -0.145808 -0.090161 -0.052275 -0.072550 -0.008223 -0.143777 -0.155840 -0.324855 -0.008814 -0.155894 0.017154 -0.141872 -0.081107 -0.251721 -0.268250 -0.310107 -0.541670 -0.499312 -0.519183 -0.572577 -0.270122 -0.251810 -0.088079 0.342093 -0.041590 0.160920 -0.080222 -0.125036 -0.107478 -0.053457 -0.308587 -0.222535 0.040922 0.370125 -0.010737 0.045021 -0.066909 -0.347758 -0.119532 -0.036999 -0.279733 -0.178476 -0.080279 -0.283161 -0.002594 -0.246760 -0.096003 -0.041422
0.447487 -0.104443 0.161848 0.028713 -0.006951 0.035645 0.312697 -0.097571 0.128454 0.143599 1.000000 0.414993 0.462742 0.533268 0.391503 0.473177 0.483639 0.150781 0.292940 0.053753 -0.156458 0.053252 0.376767 0.230067 -0.066230 -0.068111 0.113961 0.238266 0.101927 0.219347 0.114106 -0.005763 0.067621 0.249326 0.211295 0.230393 -0.182756 -0.018056 0.022772 -0.017542 -0.222134 -0.025023 -0.313228 -0.328747 -0.391726 -0.376531 -0.218937 -0.390780 -0.050579 -0.337932 -0.007868 -0.376351 -0.049537 -0.403691 0.189167 -0.304725 -0.023776 -0.258653 0.007493 -0.237455 0.140313 0.021517 -0.138575 -0.125489 0.026101 0.248509 -0.239877 -0.238423 -0.263121 -0.213659 -0.169961 0.161837 -0.205766 0.114197 -0.020730 -0.056849 0.076000 0.052860 -0.219667 0.145843 -0.388293 0.231273 0.196744 0.336391 -0.146690 -0.059297 0.044629 0.043791 0.093360 -0.092481 -0.126365 0.094946 0.176775 0.199620 -0.135392 0.010431 -0.172351 -0.127766 -0.234009 -0.402731 -0.077119 -0.032621 -0.052580 -0.189347 -0.056716 -0.174208 -0.057542 0.061380 0.010315 0.046779 0.072779 -0.195756 0.072038 -0.053275 -0.054554 -0.069523
0.331005 0.332906 0.149426 0.061513 0.153524 -0.026826 0.297529 0.273501 0.211411 0.293799 0.414993 1.000000 0.280082 0.659286 0.219448 0.392763 0.278986 0.286963 0.106988 0.188143 -0.085675 -0.240747 -0.060099 -0.123898 -0.193558 -0.164746 0.011180 -0.126590 0.355635 0.283287 -0.014412 -0.021049 0.229020 0.491694 0.046040 -0.023835 -0.262519 -0.172808 -0.278808 -0.187662 -0.097433 0.037174 -0.105742 -0.079270 -0.095927 -0.074451 -0.119716 -0.072975 0.034521 -0.182937 -0.347638 -0.185484 -0.036975 -0.267646 -0.120940 -0.278228 -0.144328 -0.319968 0.169263 -0.169711 0.226332 0.237798 -0.258994 0.059800 -0.052086 0.280647 -0.105694 -0.116287 -0.215401 -0.374682 -0.267630 -0.152677 -0.148524 -0.105712 0.008750 -0.104566 -0.092826 0.110258 -0.212695 -0.054680 -0.159437 -0.034779 -0.160223 0.216848 -0.168289 -0.124952 -0.116307 -0.069966 -0.119451 -0.024130 0.118082 0.178518 0.227447 0.190941 -0.027358 -0.285441 -0.108914 -0.082729 -0.201639 -0.230324 0.163206 0.165495 0.093225 -0.020485 -0.189776 -0.329121 -0.035837 -0.054227 -0.107489 -0.036894 -0.004250 -0.170615 0.100872 -0.036104 -0.153365 -0.157801
0.422646 0.072089 0.309567 -0.474931 0.459344 -0.287003 0.556450 0.307096 0.612028 0.546568 0.462742 0.280082 1.000000 0.493860 0.565710 0.299998 0.348617 0.157897 0.381323 0.024086 -0.133489 -0.304113 -0.018765 -0.331988 -0.107165 -0.482191 0.004503 -0.356561 0.466288 0.058017 0.104572 -0.200067 0.132623 0.435767 0.112602 0.017098 -0.023290 0.002659 -0.308326 -0.196389 -0.073524 -0.163310 -0.254947 -0.209034 -0.292992 -0.324546 -0.303830 -0.304949 0.018765 -0.243152 -0.291470 -0.361610 0.010256 -0.438275 -0.011575 -0.450415 -0.353138 -0.212050 0.434689 -0.171515 0.606511 0.472870 0.071403 0.018672 0.105380 0.251156 0.017249 -0.161208 -0.082207 -0.107328 -0.171134 -0.027785 -0.094393 -0.186222 -0.118238 -0.208437 0.087763 -0.146223 -0.162173 -0.102549 -0.148769 -0.149963 0.082564 -0.092260 -0.433627 -0.322041 -0.267138 -0.389166 -0.098390 -0.138006 -0.243829 0.347468 -0.009873 0.288754 0.093139 -0.157579 -0.057253 -0.089234 -0.305697 -0.267637 -0.021397 0.246366 0.061108 -0.031476 0.017614 -0.173467 -0.043398 0.071316 -0.094355 0.027105 -0.083716 -0.160115 0.118099 -0.155691 0.017083 -0.003479
0.466294 0.184763 0.204831 -0.154302 0.324691 0.023776 0.463735 0.319908 0.312155 0.508771 0.533268 0.659286 0.493860 1.000000 0.360049 0.540474 0.418879 0.222978 0.100839 0.069655 -0.094428 -0.092643 -0.092913 -0.144835 -0.148271 -0.146392 0.131384 -0.184680 0.355761 0.196517 -0.083373 -0.202605 0.324057 0.454534 0.042565 0.123093 -0.193055 -0.128047 -0.204304 -0.169995 -0.208397 -0.093063 -0.209555 -0.092036 -0.176228 -0.170363 -0.189833 -0.169024 0.067919 -0.189754 -0.354798 -0.300167 0.121941 -0.504412 0.041094 -0.316557 -0.267332 -0.351680 0.302823 -0.113621 0.421707 0.438948 -0.074188 0.032354 -0.201601 0.304605 -0.089604 -0.074594 -0.288901 -0.380469 -0.167606 -0.151210 -0.097098 -0.141610 -0.148437 -0.411336 -0.009048 0.015588 -0.165148 -0.030298 -0.218546 -0.016946 -0.199427 0.064810 -0.371264 -0.174617 -0.245477 -0.142195 -0.265039 -0.121337 0.089392 0.187362 0.197444 0.081302 0.045430 -0.227029 0.038756 0.064243 -0.099564 -0.330437 0.171886 0.141830 -0.008223 -0.023689 -0.095955 -0.307654 -0.103617 0.031253 -0.044878 -0.013075 0.161876 -0.074358 0.140397 -0.144566 -0.075756 -0.240496
0.205753 0.053025 0.308459 -0.017594 0.333489 -0.042449 0.365056 0.215827 0.605675 0.458745 0.391503 0.219448 0.565710 0.360049 1.000000 0.429695 0.216418 0.194880 0.249387 -0.168485 -0.269151 -0.142770 0.318590 0.160545 0.105592 -0.257609 0.172556 -0.075406 0.404896 0.055452 0.181211 0.039849 -0.032312 0.287374 0.118659 0.137861 -0.214545 -0.004758 -0.226871 -0.284107 -0.110708 -0.223757 -0.452421 -0.357982 -0.464233 -0.419362 -0.403118 -0.410247 -0.220334 -0.412422 -0.052964 -0.336964 -0.129813 -0.291661 -0.045337 -0.440318 -0.241423 -0.167864 0.090034 -0.314379 0.308135 0.177926 -0.101835 -0.075354 0.355700 0.332499 -0.202135 -0.185619 -0.252790 -0.250448 -0.243337 -0.001905 0.061164 -0.144052 -0.121702 -0.040362 0.112091 0.000701 -0.170495 -0.089762 -0.187619 -0.047249 0.364597 0.072770 -0.249922 -0.149938 -0.068549 -0.248624 0.217450 -0.037865 -0.408718 0.254198 0.109519 0.301886 0.076276 -0.067811 -0.151975 0.021356 -0.402862 -0.316875 -0.152177 0.132761 -0.145850 0.008133 0.087962 -0.105407 -0.010993 0.037385 -0.154725 0.002689 -0.126003 -0.127149 0.147787 -0.061848 0.134843 0.096245
0.264873 -0.297801 0.246445 0.011585 0.156420 0.106545 0.339507 0.262162 0.274611 0.468228 0.473177 0.392763 0.299998 0.540474 0.429695 1.000000 0.110569 0.172417 -0.083282 -0.119726 -0.053696 0.059974 0.241036 0.187483 0.242364 0.119528 0.162254 0.215165 0.046862 0.389645 0.150546 0.179369 0.028534 0.302053 0.085336 0.228287 -0.385872 -0.285735 -0.198048 -0.318447 -0.292621 -0.267808 -0.019949 0.098644 -0.143679 -0.069733 -0.016981 0.005069 -0.073326 -0.160270 -0.044545 -0.439997 -0.160858 -0.390397 -0.070618 -0.315734 0.150469 -0.379308 -0.009844 -0.312963 0.238143 0.088327 -0.056601 -0.213155 0.016046 0.370647 -0.223030 0.018669 -0.223801 -0.122076 -0.169465 0.109771 -0.293205 0.107088 -0.228138 -0.160093 -0.163232 0.099961 -0.125160 0.163277 -0.436640 0.322601 0.035236 0.321769 -0.490573 -0.326370 -0.076403 -0.209558 -0.110254 -0.350665 0.038935 0.288247 0.240681 0.219830 -0.076847 -0.116069 0.097680 -0.054118 -0.200884 -0.264641 0.139601 0.019043 0.017525 -0.011947 -0.119167 -0.220327 -0.057265 0.086917 -0.027319 -0.070104 0.209921 -0.173721 -0.100687 -0.187163 -0.068868 -0.045703
0.469480 0.132682 -0.097579 -0.212915 -0.074711 -0.117467 0.121077 -0.096964 0.092044 0.217666 0.483639 0.278986 0.348617 0.418879 0.216418 0.110569 1.000000 0.115914 0.259881 0.102597 -0.128433 0.020802 -0.032643 -0.209443 -0.237810 -0.276306 -0.053261 -0.140701 0.255164 0.081208 -0.077556 -0.165409 0.153188 0.258602 0.146974 0.160266 0.103761 0.041756 -0.170174 0.087050 -0.003873 -0.064197 -0.190050 -0.193174 -0.187520 -0.198417 -0.259255 -0.163075 -0.021109 -0.053735 -0.258623 -0.139296 0.156545 -0.213654 0.093660 -0.203157 -0.084767 -0.023122 0.259375 -0.035250 0.267381 0.340760 0.006405 0.125864 -0.151351 0.180153 -0.056248 -0.248512 0.076284 -0.140978 -0.031726 0.088637 0.079629 0.102143 0.152347 -0.072863 0.075693 -0.232764 -0.138706 0.138758 0.030390 0.041593 0.006315 -0.007560 -0.121970 -0.026256 -0.161766 -0.022818 -0.124765 -0.025156 -0.047486 0.013952 -0.033618 0.082106 -0.024182 -0.051896 -0.045138 -0.069997 -0.097900 -0.129583 -0.056699 0.147428 -0.228848 -0.220130 -0.128155 -0.281110 -0.080004 -0.079116 -0.155524 -0.066538 -0.111155 -0.075584 0.121802 -0.024052 -0.042471 -0.056855
0.215317 0.332773 -0.020037 -0.069579 -0.155194 -0.364412 0.084972 0.036078 0.068080 0.040448 0.150781 0.286963 0.157897 0.222978 0.194880 0.172417 0.115914 1.000000 0.251933 0.103722 -0.114967 -0.123255 -0.038929 0.014486 0.017486 0.042453 -0.333264 -0.148771 0.344414 0.507295 0.089115 0.243397 -0.015409 0.305917 -0.085486 -0.081560 -0.287019 0.069250 -0.326675 -0.152464 -0.184304 -0.086281 0.093869 0.062444 -0.154549 -0.160067 -0.017655 0.028123 -0.225224 -0.244773 -0.187000 -0.244068 -0.024936 -0.007677 -0.289890 -0.153927 -0.139982 0.309442 -0.127091 -0.291362 0.131537 -0.025374 0.038313 0.305182 0.243084 -0.203632 -0.058672 -0.153410 -0.165320 -0.098790 -0.341782 -0.155201 -0.111807 -0.066068 -0.235406 -0.164109 -0.251436 0.124470 -0.293160 0.287477 -0.258977 0.383737 0.014908 0.201124 -0.252464 -0.187076 0.045852 -0.071421 -0.136024 -0.180340 -0.090322 0.214801 -0.080126 0.057252 0.141777 -0.005270 0.253207 0.097641 0.011320 -0.096004 0.065822 0.301731 0.082579 0.144478 -0.027526 -0.041065 -0.220087 0.118038 -0.004172 0.144289 0.005554 0.143798 0.191246 0.073511 0.042785 -0.149108
0.279789 0.113646 0.263747 -0.024909 0.036580 -0.352978 0.323194 0.104344 0.333680 0.004973 0.292940 0.106988 0.381323 0.100839 0.249387 -0.083282 0.259881 0.251933 1.000000 0.427909 -0.086285 -0.134193 0.218504 0.042905 -0.012269 -0.317264 -0.302412 -0.231773 0.293282 0.077311 0.264497 0.122040 0.123391 0.264012 0.012965 0.063832 -0.087154 0.037677 -0.238324 -0.185736 -0.141933 -0.252885 -0.403690 -0.475069 -0.372826 -0.398704 -0.431770 -0.448205 -0.254998 -0.432633 -0.084309 -0.316142 -0.084239 -0.123682 -0.145754 -0.402441 -0.200431 0.080405 0.039594 -0.259922 0.167346 0.099339 -0.073133 0.131846 0.394021 0.067521 -0.149301 -0.206148 -0.005177 -0.113089 -0.147282 0.108560 -0.155729 0.007016 -0.152112 0.221631 -0.061023 0.100323 -0.386707 0.193349 -0.249129 0.147995 0.307755 0.188086 -0.084045 -0.025062 0.105482 -0.020343 0.147893 -0.039696 -0.360102 0.344776 0.045034 0.358665 0.001179 -0.057340 -0.183426 -0.144636 -0.325712 -0.217537 0.135794 0.350388 0.090150 0.201425 -0.031369 0.010139 0.024039 -0.143390 0.092288 0.008779 -0.179786 -0.032107 0.213863 0.079351 -0.004711 -0.157690
0.016645 0.195742 -0.244841 0.098183 -0.167185 -0.184040 -0.082174 -0.084424 -0.088392 -0.168313 0.053753 0.188143 0.024086 0.069655 -0.168485 -0.119726 0.102597 0.103722 0.427909 1.000000 0.079031 -0.048494 -0.113818 -0.034675 -0.162504 -0.232380 -0.379747 -0.104004 0.186475 0.150223 0.132866 0.075257 0.125068 0.078518 -0.148368 -0.230291 0.188133 0.147989 -0.174840 -0.040520 0.148474 0.187579 -0.072974 -0.077114 -0.096024 -0.044954 -0.088841 0.001328 -0.303620 -0.078847 -0.321930 -0.171296 -0.324258 -0.099192 -0.165963 -0.103517 -0.027302 -0.043171 -0.231769 -0.200064 -0.207952 -0.067986 0.078562 0.070339 0.016636 -0.069396 -0.276884 -0.127545 0.331473 0.130277 0.099193 -0.013463 0.029168 0.065357 0.137540 0.179373 0.147349 0.163704 -0.299165 0.046107 0.145520 0.039587 0.247421 0.366126 0.206649 0.262939 0.260804 0.283876 -0.060472 -0.011891 0.028883 0.165489 0.099736 0.094213 -0.060656 -0.038915 -0.193092 -0.200975 -0.003223 -0.037577 0.008689 0.220988 0.272721 0.110164 -0.150204 0.033438 0.111816 -0.289170 0.020596 0.122067 -0.198207 0.110178 0.258488 0.133370 -0.073722 -0.117773
-0.073400 0.036669 -0.058182 -0.064522 0.062229 -0.056817 -0.093997 -0.016745 -0.242968 -0.081022 -0.156458 -0.085675 -0.133489 -0.094428 -0.269151 -0.053696 -0.128433 -0.114967 -0.086285 0.079031 1.000000 0.282433 -0.015465 -0.013096 0.202812 0.205199 0.049472 -0.055760 -0.061962 -0.266615 0.124038 0.109891 -0.004462 -0.059780 -0.107425 -0.099670 0.203308 0.224091 0.071519 0.222218 0.168049 0.156105 0.123269 0.205897 0.176182 0.164932 0.057524 0.191127 0.109166 0.132742 -0.016318 0.232453 -0.050935 -0.001067 -0.047876 0.070154 -0.028550 -0.024287 -0.135964 0.111984 -0.233919 -0.029052 -0.112389 -0.113111 -0.307997 -0.135481 0.010093 0.095200 0.046696 -0.038851 0.269372 -0.041989 0.166999 0.108361 0.199625 0.019671 0.068806 0.034218 0.068560 -0.192037 0.089108 -0.224441 -0.023277 -0.137160 0.002259 0.003824 0.166759 -0.015679 -0.038563 -0.102394 0.129564 -0.036201 0.268952 -0.028183 -0.067223 0.121682 0.141961 -0.147693 0.101202 0.011485 0.069139 0.000674 0.069146 0.068741 0.071056 0.121034 -0.193772 -0.127719 0.141967 -0.112532 0.086296 0.188232 0.016343 0.037498 -0.171724 -0.230163
-0.121668 -0.191115 -0.146628 0.109161 -0.136949 0.166908 -0.251685 -0.195344 -0.411667 -0.224540 0.053252 -0.240747 -0.304113 -0.092643 -0.142770 0.059974 0.020802 -0.123255 -0.134193 -0.048494 0.282433 1.000000 0.221017 0.358664 0.203951 0.443882 0.210945 0.417903 -0.235831 0.002544 0.072336 0.230915 -0.220773 -0.228497 0.154720 0.180115 0.037601 0.012723 0.213486 0.188714 0.034322 -0.006455 -0.021994 -0.019905 0.030346 0.007126 0.106601 0.025181 -0.003717 0.008093 0.324118 -0.020900 0.006215 0.086990 0.083154 0.014065 0.224717 0.014541 -0.184065 -0.028465 -0.225965 -0.222768 -0.086442 -0.088213 -0.230900 -0.077869 0.018033 0.027711 0.163283 0.141091 0.246548 0.158507 -0.062613 0.165604 -0.001773 0.098895 -0.080643 0.001063 -0.008315 0.146004 -0.041916 0.129759 0.011718 0.076511 0.000809 0.077521 0.005731 0.103632 0.045753 -0.056848 0.062202 -0.083720 0.042462 -0.058794 0.068214 0.184329 0.075159 0.164829 0.098710 0.013611 0.090966 -0.146791 0.071938 -0.027090 0.046282 0.166714 -0.145907 0.078459 0.311714 0.093420 0.142791 0.193083 0.011840 0.052857 -0.039525 -0.107252
-0.138968 -0.312666 0.227877 0.421287 -0.248003 0.066882 0.110894 -0.226910 0.087816 -0.179751 0.376767 -0.060099 -0.018765 -0.092913 0.318590 0.241036 -0.032643 -0.038929 0.218504 -0.113818 -0.015465 0.221017 1.000000 0.764749 0.417004 0.365854 0.132778 0.483404 -0.193226 0.004293 0.512369 0.501283 -0.261964 -0.006259 0.330535 0.330456 -0.230767 -0.150368 0.089880 -0.069950 -0.202548 -0.161448 -0.339460 -0.310554 -0.312652 -0.311415 -0.211844 -0.349120 -0.198181 -0.349428 0.454055 -0.263101 -0.423588 -0.129018 0.074941 -0.309479 0.106893 -0.040224 -0.383499 -0.328612 -0.311046 -0.443286 -0.453203 -0.371908 0.298117 0.053441 -0.386625 -0.160068 -0.232015 -0.156387 -0.066168 0.125489 -0.259041 0.112179 -0.193314 0.343824 -0.089830 0.054785 -0.102804 0.209335 -0.284347 0.266936 0.433911 0.433642 0.075602 0.030894 0.351557 0.135537 0.508857 -0.065611 -0.360845 0.003269 0.273944 0.273990 -0.056127 0.086716 -0.087311 -0.082390 -0.267845 -0.294520 -0.053686 -0.155057 -0.005046 -0.024509 -0.046680 0.038687 0.040459 0.193833 0.019951 0.002082 0.040794 -0.063858 -0.073653 0.248811 0.084037 -0.011361
-0.284773 -0.187070 -0.027162 0.707868 -0.398305 0.140054 -0.190996 -0.302592 -0.139597 -0.361062 0.230067 -0.123898 -0.331988 -0.144835 0.160545 0.187483 -0.209443 0.014486 0.042905 -0.034675 -0.013096 0.358664 0.764749 1.000000 0.369935 0.482901 0.133920 0.590489 -0.316092 0.025280 0.292147 0.546273 -0.314714 -0.217092 0.167781 0.167076 -0.071329 0.060079 0.208362 0.021004 -0.048384 0.010166 -0.337991 -0.336529 -0.407480 -0.364774 -0.174753 -0.317028 -0.358709 -0.442221 0.400805 -0.257337 -0.327154 -0.043128 0.072028 -0.177460 0.153563 0.038231 -0.557309 -0.388749 -0.497592 -0.543680 -0.320961 -0.204727 0.291679 0.004339 -0.470804 -0.143187 -0.249927 -0.189694 0.019006 0.074533 -0.112292 0.040873 -0.123362 0.345599 -0.058530 0.216961 0.016707 0.132645 -0.200209 0.237629 0.425622 0.500283 0.295249 0.305216 0.500619 0.367642 0.574295 0.188167 -0.241067 -0.076510 0.315846 0.167794 -0.029240 0.183287 -0.086327 0.010944 -0.137459 -0.178276 -0.047761 -0.172119 0.113122 0.098724 0.113462 0.248945 0.035369 0.107109 0.116058 0.080760 0.046970 0.078271 -0.108249 0.298319 0.239237 -0.015675
-0.278713 -0.302182 0.118002 0.095740 0.032863 0.015391 0.046873 0.060140 0.075282 0.044089 -0.066230 -0.193558 -0.107165 -0.148271 0.105592 0.242364 -0.237810 0.017486 -0.012269 -0.162504 0.202812 0.203951 0.417004 0.369935 1.000000 0.442617 0.129260 0.133460 0.003572 -0.007404 0.523003 0.437405 -0.096085 -0.080417 0.261145 0.103002 -0.227146 -0.086657 -0.131476 -0.135710 -0.076371 -0.222379 -0.026032 0.033539 0.045366 -0.030064 -0.025251 -0.040592 0.034057 -0.002316 0.323950 -0.095838 -0.268818 -0.087393 -0.286989 -0.234446 0.116902 0.051322 -0.119195 -0.044154 -0.180735 -0.204443 -0.207462 -0.073727 0.041371 -0.034571 0.037457 0.124904 0.066123 0.023036 -0.004734 0.122474 -0.091349 -0.066658 -0.199195 0.151187 -0.227209 -0.013550 -0.014251 0.057068 -0.130176 0.068678 0.083309 0.190489 -0.211435 -0.073697 0.067412 -0.203986 0.052870 -0.161941 -0.268730 -0.047234 -0.126906 -0.039026 -0.002841 -0.122405 0.041828 -0.192957 -0.051858 -0.315564 0.150500 0.158022 0.099424 0.162026 -0.054193 -0.093312 -0.062981 0.060271 0.140792 0.014574 -0.003368 -0.138011 -0.192730 0.153721 0.037853 -0.003186
-0.356190 -0.131974 -0.168559 0.320893 -0.367244 0.119484 -0.281406 -0.273916 -0.444233 -0.373301 -0.068111 -0.164746 -0.482191 -0.146392 -0.257609 0.119528 -0.276306 0.042453 -0.317264 -0.232380 0.205199 0.443882 0.365854 0.482901 0.442617 1.000000 0.072318 0.400590 -0.296510 0.040786 0.184855 0.412283 -0.193439 -0.118144 0.200756 0.199286 -0.216559 -0.100049 0.156342 0.107145 -0.027208 -0.019597 0.153487 0.256919 0.181447 0.141516 0.219640 0.116602 0.108586 0.106918 0.489452 0.137482 -0.080868 0.263651 -0.025089 0.124360 0.290096 0.135425 -0.403350 -0.070773 -0.455523 -0.540150 -0.183821 -0.217148 -0.162468 -0.199877 -0.062808 0.084778 -0.149519 -0.094161 0.033590 -0.016786 -0.124165 -0.003248 -0.158871 0.021923 -0.163429 0.109170 0.079142 0.189803 -0.151735 0.261240 -0.000896 0.184803 0.054788 0.124261 0.217488 0.143887 0.022431 -0.070808 0.071637 -0.268305 0.109902 -0.101093 0.126933 0.061086 0.364961 0.173601 0.170228 -0.063448 0.077595 -0.111903 0.091360 -0.044619 -0.094628 0.066630 -0.101573 0.106092 0.199468 0.047360 0.304458 0.083056 -0.125117 0.141578 0.155326 0.007739
-0.013524 -0.137594 0.116945 0.040209 0.327301 0.474822 0.085901 0.065305 0.037956 0.191647 0.113961 0.011180 0.004503 0.131384 0.172556 0.162254 -0.053261 -0.333264 -0.302412 -0.379747 0.049472 0.210945 0.132778 0.133920 0.129260 0.072318 1.000000 0.301429 -0.141534 -0.286428 -0.134661 -0.146409 -0.146006 -0.020743 0.230522 0.227988 0.025532 -0.128591 0.205122 0.000432 0.053999 -0.070115 -0.262273 -0.275591 -0.075279 -0.089248 -0.171382 -0.248430 0.198156 -0.056018 0.259054 0.071686 0.100844 -0.113055 0.122454 0.020620 0.053271 -0.121401 0.210073 0.149179 0.134249 0.106857 -0.151434 -0.205751 -0.161811 0.162487 0.151231 0.192803 -0.195294 -0.074272 0.089377 0.003983 0.055222 -0.134296 0.025475 -0.174895 0.024736 -0.179840 0.193659 -0.170044 -0.056019 -0.230578 -0.149912 -0.167994 -0.129469 -0.035364 -0.239722 -0.061270 -0.060824 0.057428 0.056068 -0.054119 0.139313 0.001221 0.001449 -0.110872 -0.162275 -0.016047 -0.117028 -0.010545 0.078502 -0.171702 -0.106903 -0.092068 0.153980 0.008947 -0.042206 0.206747 -0.038785 -0.217520 0.059766 -0.155183 -0.075167 -0.067621 -0.132668 0.176660
-0.146542 -0.182228 -0.233591 0.420000 -0.378039 0.330221 -0.304575 -0.519684 -0.440085 -0.432966 0.238266 -0.126590 -0.356561 -0.184680 -0.075406 0.215165 -0.140701 -0.148771 -0.231773 -0.104004 -0.055760 0.417903 0.483404 0.590489 0.133460 0.400590 0.301429 1.000000 -0.345680 0.094615 -0.063194 0.231085 -0.343965 -0.337387 0.224230 0.087434 -0.012154 -0.007351 0.352092 0.128137 -0.015475 0.042924 -0.078743 -0.173093 -0.275826 -0.251980 0.183053 -0.061777 -0.236537 -0.190894 0.332868 -0.224250 -0.128959 0.146196 0.316395 0.117180 0.397521 0.022066 -0.390873 -0.265861 -0.311355 -0.475469 -0.176419 -0.173894 -0.098033 -0.131076 -0.318956 -0.173187 -0.026772 0.059291 0.081606 0.166633 -0.090738 0.255954 0.122269 0.213185 -0.119299 0.090036 0.050949 0.230898 -0.178284 0.319660 0.229361 0.422196 0.229537 0.319950 0.321258 0.443312 0.318833 0.191786 0.062157 -0.150481 0.200502 -0.057394 0.073192 0.249840 0.039932 0.072831 0.123292 0.052929 0.053833 -0.434811 -0.114886 -0.202790 0.085039 0.249604 0.142865 0.321672 0.107021 0.072831 0.199749 0.032928 -0.049961 0.135000 0.061339 0.182245
0.139761 0.389713 0.056711 -0.278472 0.343448 -0.204801 0.316089 0.189186 0.290963 0.334036 0.101927 0.355635 0.466288 0.355761 0.404896 0.046862 0.255164 0.344414 0.293282 0.186475 -0.061962 -0.235831 -0.193226 -0.316092 0.003572 -0.296510 -0.141534 -0.345680 1.000000 0.015764 0.069377 -0.085475 0.100495 0.324001 0.003439 -0.073854 0.018554 0.223391 -0.311455 -0.083938 0.178385 -0.106873 -0.178138 -0.095600 -0.088167 -0.152340 -0.219971 -0.060569 -0.066134 -0.053101 -0.336220 -0.040809 -0.026456 -0.099180 -0.119883 -0.290857 -0.543251 -0.014267 0.244850 -0.090264 0.232445 0.274427 -0.075534 0.278591 -0.090048 -0.101702 0.091176 -0.130498 -0.043002 -0.222429 -0.110905 -0.096678 0.286557 -0.161718 0.017937 -0.209421 -0.088035 -0.055870 -0.135595 -0.275762 0.175355 -0.283490 0.152699 -0.052630 -0.244033 -0.190496 -0.237122 -0.250405 -0.177720 -0.092853 -0.205139 0.175697 -0.168692 0.018032 0.216468 -0.090924 -0.032779 -0.000929 -0.083171 -0.258512 0.121164 0.300868 -0.032983 0.110823 0.127229 -0.040574 -0.142066 -0.117193 -0.147948 0.245040 -0.200503 0.002659 0.345462 -0.154883 0.113194 0.030049
0.157318 0.019368 -0.076860 -0.067456 -0.157490 -0.118044 0.022145 0.069983 -0.070077 -0.004817 0.219347 0.283287 0.058017 0.196517 0.055452 0.389645 0.081208 0.507295 0.077311 0.150223 -0.266615 0.002544 0.004293 0.025280 -0.007404 0.040786 -0.286428 0.094615 0.015764 1.000000 0.106773 0.239876 0.015675 0.160907 -0.015879 -0.047956 -0.360215 -0.202897 -0.005303 -0.287862 -0.186525 -0.097437 0.159324 0.116090 0.015849 0.018406 0.227105 0.139163 -0.130930 -0.127469 -0.112137 -0.241747 -0.150904 0.064436 -0.230775 -0.187353 0.193826 0.060612 -0.077658 -0.304656 0.080200 -0.138770 0.093068 0.140360 0.060455 -0.135744 -0.106204 -0.129665 -0.040462 0.087762 -0.223187 0.068011 -0.357265 0.248131 -0.202325 0.142529 -0.195257 0.285009 -0.276478 0.441410 -0.353427 0.684612 0.050130 0.421361 -0.365826 -0.267146 0.041795 -0.062110 -0.219504 -0.365701 0.075510 0.133630 -0.004949 0.101515 0.049372 -0.061051 0.157842 -0.058210 0.001979 -0.047120 0.143756 0.145437 0.208679 0.178313 -0.181150 -0.096057 0.135544 0.102494 0.043473 0.173234 0.128746 0.071692 0.110752 -0.137324 -0.025355 -0.050934
-0.127888 -0.311362 0.314812 0.060495 0.037332 -0.112952 0.284429 0.155435 0.245199 0.063768 0.114106 -0.014412 0.104572 -0.083373 0.181211 0.150546 -0.077556 0.089115 0.264497 0.132866 0.124038 0.072336 0.512369 0.292147 0.523003 0.184855 -0.134661 -0.063194 0.069377 0.106773 1.000000 0.678195 -0.051391 0.239345 0.277941 0.170109 -0.343804 -0.156625 -0.181933 -0.164334 -0.183322 -0.121409 -0.061773 -0.016082 0.062444 0.027357 -0.176727 -0.092411 0.016187 -0.009958 0.175060 -0.094749 -0.450239 -0.161902 -0.400757 -0.267494 -0.011802 -0.125471 -0.175024 -0.072882 -0.216231 -0.190794 -0.406681 -0.287145 0.248683 0.082744 -0.085793 0.013881 -0.037278 0.018405 -0.136938 0.185078 -0.216498 0.039163 -0.263418 0.282820 -0.105895 0.102308 -0.250093 0.125561 -0.279329 0.174843 0.222796 0.376603 -0.218936 -0.213515 0.076680 -0.140706 0.070308 -0.362547 -0.348918 0.126591 0.024103 0.162496 -0.076605 -0.088646 -0.143124 -0.312551 -0.337449 -0.345463 0.024785 0.080394 0.167051 0.037701 -0.365695 -0.223449 -0.100905 0.046848 0.000625 0.029977 -0.111286 -0.171703 0.009265 0.063902 -0.117294 -0.044137
-0.257752 -0.200847 -0.003812 0.335772 -0.314718 -0.142545 -0.095240 -0.143771 -0.058397 -0.311726 -0.005763 -0.021049 -0.200067 -0.202605 0.039849 0.179369 -0.165409 0.243397 0.122040 0.075257 0.109891 0.230915 0.501283 0.546273 0.437405 0.412283 -0.146409 0.231085 -0.085475 0.239876 0.678195 1.000000 -0.207140 0.181541 0.279974 0.142584 -0.260265 -0.078840 -0.058111 -0.067576 -0.092592 -0.025421 0.046038 0.047035 -0.046138 -0.011676 -0.014864 0.020389 -0.160012 -0.130292 0.178935 -0.127640 -0.414598 0.011495 -0.328127 -0.174326 0.126020 -0.027036 -0.395108 -0.352007 -0.370763 -0.474871 -0.373179 -0.258723 0.305024 -0.093316 -0.259808 -0.107128 -0.037223 -0.073398 -0.130570 0.164963 -0.182125 0.121726 -0.177382 0.370070 -0.207362 0.262856 -0.137562 0.224106 -0.277252 0.340896 0.323811 0.585287 -0.014310 0.052183 0.319483 0.138681 0.185506 -0.182150 -0.135173 0.030167 0.194719 0.177240 0.132933 -0.052037 0.077938 -0.098613 -0.247482 -0.129708 0.056508 -0.038280 0.217196 0.037054 -0.245160 -0.030608 -0.178445 0.122678 0.111240 0.076546 0.038873 -0.005442 0.008992 0.231792 0.114963 -0.037955
0.219319 -0.019438 0.132190 -0.077002 0.255638 0.130413 0.208548 0.345601 0.205041 0.304552 0.067621 0.229020 0.132623 0.324057 -0.032312 0.028534 0.153188 -0.015409 0.123391 0.125068 -0.004462 -0.220773 -0.261964 -0.314714 -0.096085 -0.193439 -0.146006 -0.343965 0.100495 0.015675 -0.051391 -0.207140 1.000000 0.281060 -0.149918 -0.173679 -0.047241 -0.045795 -0.322576 0.011790 -0.229434 -0.014385 -0.065515 0.004986 0.079489 0.080117 -0.109610 -0.058536 0.191207 0.019725 -0.123540 0.055027 0.059983 -0.281050 -0.058126 -0.047796 -0.243385 -0.130758 0.222294 0.190968 0.097266 0.276330 -0.016786 0.053922 -0.020745 0.290743 0.191451 0.223950 0.063120 -0.054135 -0.158508 -0.064697 0.060214 0.019229 0.005989 -0.059010 0.082794 -0.025560 0.005088 0.046277 -0.034796 -0.099703 -0.331051 -0.201340 -0.193901 -0.151270 -0.217876 -0.299026 -0.281819 -0.224808 0.021465 -0.057963 0.011013 -0.040262 -0.144561 -0.174259 0.032360 -0.147058 -0.006827 0.015859 0.086476 0.218888 0.051861 0.104109 -0.316108 -0.274781 -0.136973 -0.226496 -0.049072 0.068579 -0.036449 -0.105417 0.047269 -0.028259 0.034849 -0.209677
0.294929 0.146184 0.240538 -0.216971 0.258405 -0.223121 0.403805 0.290617 0.340549 0.349326 0.249326 0.491694 0.435767 0.454534 0.287374 0.302053 0.258602 0.305917 0.264012 0.078518 -0.059780 -0.228497 -0.006259 -0.217092 -0.080417 -0.118144 -0.020743 -0.337387 0.324001 0.160907 0.239345 0.181541 0.281060 1.000000 0.080998 0.221499 -0.339715 -0.259731 -0.439938 -0.156822 -0.321018 -0.095790 0.005867 0.051190 -0.016785 0.023698 -0.169241 -0.081071 0.116007 -0.147450 -0.083173 -0.144527 -0.007412 -0.200540 -0.165991 -0.225347 -0.136261 -0.087081 0.202770 -0.215675 0.341531 0.199232 -0.109662 -0.006593 0.197238 0.192296 0.109760 0.027390 -0.057854 -0.211617 -0.424829 -0.148692 -0.133746 -0.135512 -0.258999 -0.217943 -0.097087 0.061324 -0.057089 0.065334 -0.271472 0.060288 -0.100393 0.033082 -0.433183 -0.334490 -0.315565 -0.295604 -0.285884 -0.250272 -0.130806 0.224394 -0.004984 0.278429 0.064283 -0.321301 0.115426 -0.155833 -0.268998 -0.068897 0.132587 0.229754 0.077346 0.006135 -0.327209 -0.423773 -0.374514 -0.273321 -0.199597 -0.103846 0.109988 -0.220556 0.224607 -0.026389 -0.078619 -0.228203
-0.075646 -0.313640 0.137809 0.050617 -0.073580 0.158950 0.145075 -0.034738 0.062988 0.015337 0.211295 0.046040 0.112602 0.042565 0.118659 0.085336 0.146974 -0.085486 0.012965 -0.148368 -0.107425 0.154720 0.330535 0.167781 0.261145 0.200756 0.230522 0.224230 0.003439 -0.015879 0.277941 0.279974 -0.149918 0.080998 1.000000 0.312393 -0.319305 -0.260117 0.015856 -0.072336 -0.132138 -0.024669 -0.120318 -0.137312 -0.022725 -0.000404 -0.172975 -0.187753 0.130993 0.008700 0.112953 -0.038015 -0.118918 -0.190050 -0.194455 -0.252213 0.010991 -0.113202 0.021869 -0.019485 -0.058661 -0.134176 -0.282749 -0.302315 0.044814 0.122138 0.090012 0.164728 -0.105782 0.068944 -0.011144 0.140838 -0.179029 -0.060119 -0.212057 0.089245 -0.070140 -0.001079 -0.082246 0.129046 -0.099499 0.060622 0.054706 0.182671 -0.057829 -0.049549 -0.124881 -0.107245 -0.023993 -0.081411 -0.041873 0.113945 -0.006540 0.227422 0.097237 -0.224980 -0.066270 -0.108918 -0.187259 -0.371525 0.006734 -0.040183 -0.103687 -0.193296 -0.117220 -0.174733 -0.105604 0.217951 0.067915 -0.125377 0.016030 -0.267817 0.090594 0.090883 -0.010574 0.157998
0.040955 -0.264072 0.132280 -0.031103 -0.095622 0.066910 0.230091 -0.017441 -0.074474 0.129472 0.230393 -0.023835 0.017098 0.123093 0.137861 0.228287 0.160266 -0.081560 0.063832 -0.230291 -0.099670 0.180115 0.330456 0.167076 0.103002 0.199286 0.227988 0.087434 -0.073854 -0.047956 0.170109 0.142584 -0.173679 0.221499 0.312393 1.000000 -0.126690 -0.082638 0.125321 -0.011476 -0.123037 -0.126484 -0.054830 -0.100536 0.128997 0.105096 -0.202591 -0.134802 0.189814 0.065081 0.246935 -0.005065 -0.104283 -0.136511 0.043782 -0.059868 0.101509 -0.129775 -0.026063 0.063137 -0.063920 -0.121443 -0.238376 -0.425601 -0.132736 0.083598 0.036546 0.197996 -0.193082 -0.091488 0.102555 0.132154 -0.142862 0.105972 -0.142093 -0.141375 -0.003434 0.103515 -0.168278 0.225080 -0.200773 0.183938 -0.003829 0.006963 -0.231458 -0.088302 -0.024271 -0.021466 -0.090120 -0.162858 -0.100614 0.030362 0.082566 0.167241 0.030000 -0.006321 0.040087 0.067588 -0.306147 -0.151034 0.005483 -0.120690 -0.230421 -0.112944 0.032241 -0.109273 -0.077300 0.014956 -0.186064 -0.184291 0.084025 -0.041937 0.011064 0.007527 -0.127641 -0.032164
