1.000000 0.321317 0.232979 -0.332382 0.011802 -0.125252 0.205197 0.013550 0.193265 -0.159228 0.345368 -0.102134 0.358306 0.105498 0.143788 -0.040420 0.350993 0.045478 0.423695 0.021326 -0.090163 -0.254053 -0.045504 -0.326696 -0.279248 -0.400120 -0.195991 -0.238711 0.147188 -0.138757 -0.167459 -0.414025 0.151010 0.083350 0.137581 -0.057348 -0.078268 -0.216383 -0.316555 -0.363089 -0.157037 -0.387214 -0.312139 -0.202531 -0.360293 -0.431814 -0.328998 -0.221260 0.002176 -0.212900 0.020512 -0.034864 0.368296 -0.137871 0.051876 -0.211288 0.550575 0.156605 0.550448 0.069316 0.566733 0.455999 0.509115 0.153560 0.118922 0.133030 0.306473 -0.289409 0.394098 -0.017408 0.041494 -0.081266 0.196658 0.150798 0.177311 0.201869 0.429643 0.384353 -0.101020 -0.191213 -0.025381 -0.113349 -0.005110 -0.345228 -0.046945 -0.072278 -0.027334 -0.367433 -0.018582 0.007738 -0.292148 0.013850 -0.138043 0.031672 -0.203161 0.001872 -0.355159 0.036190 -0.107035 0.044440 -0.144383 0.286300 -0.130009 0.006307 -0.234654 -0.260601 -0.108567 -0.125875 0.090413 0.066473 -0.264762 0.100725 -0.086779 -0.074945 -0.101506 -0.091492
0.321317 1.000000 -0.449143 -0.353107 -0.227182 -0.293025 -0.150537 -0.224133 -0.372653 -0.268949 -0.181317 -0.082907 -0.313136 -0.147721 -0.414181 -0.334279 0.210686 0.462260 0.269030 0.326883 -0.183957 -0.514608 -0.690143 -0.503743 -0.439355 -0.585124 -0.609218 -0.562351 0.302820 0.382345 -0.252747 -0.341927 0.345954 0.191290 -0.172101 -0.168199 0.279165 -0.055402 -0.323975 -0.208951 0.096455 0.156656 0.098183 0.078297 -0.033795 -0.003177 -0.032225 0.040228 -0.222108 0.174330 -0.372525 0.057277 -0.151682 0.068799 -0.456978 -0.034755 0.461034 0.717785 -0.002878 0.534316 0.058487 0.227925 0.507166 0.612460 -0.339428 -0.280422 0.264598 -0.282376 0.439297 0.081711 -0.039421 -0.104192 0.286281 0.322427 0.180415 0.200669 0.275065 0.440147 0.280020 0.245501 0.456022 0.521691 0.093528 -0.111783 0.027049 -0.046915 0.164394 -0.101992 -0.377213 -0.083504 -0.003408 -0.091819 -0.299527 -0.350633 -0.298702 -0.014084 -0.166716 0.079020 0.320616 0.106112 -0.109409 0.185896 0.421115 0.138577 -0.070457 -0.249820 -0.115962 -0.127683 0.258046 0.122094 -0.116548 0.323638 0.106869 -0.251755 -0.034693 -0.024190
0.232979 -0.449143 1.000000 0.297736 0.420949 0.238786 0.717032 0.583383 0.664528 0.413956 0.362458 0.089211 0.526289 0.325282 0.563824 0.416954 -0.163334 -0.321770 0.198838 -0.615230 0.013366 0.024420 0.647700 -0.055577 0.327045 0.183525 0.272520 0.371870 -0.269989 -0.392659 0.093588 0.024566 -0.019934 0.241022 0.360156 0.216179 -0.390234 -0.242434 0.028568 -0.040243 -0.231002 -0.260780 -0.379045 -0.326139 -0.456489 -0.488240 -0.366897 -0.443136 -0.126392 -0.543343 0.377050 -0.395358 0.333658 -0.376856 0.414897 -0.313992 -0.205628 -0.300297 0.472586 -0.324134 0.538500 0.362225 -0.180874 -0.221064 0.665678 0.554858 0.102093 -0.006413 -0.213097 -0.410134 0.086156 0.196145 -0.270558 -0.142386 0.057729 0.040167 -0.048720 -0.128622 -0.511759 -0.409678 -0.594360 -0.560870 -0.026233 -0.018267 -0.012445 0.021415 -0.208144 -0.089444 0.544930 0.341166 -0.438232 -0.095032 0.306611 0.356661 -0.224106 -0.179449 -0.222874 -0.235533 -0.581919 -0.406573 0.150079 0.064414 -0.296955 -0.261652 -0.379310 -0.155929 -0.186107 0.003069 -0.125750 -0.301194 -0.251626 -0.401398 -0.307958 -0.053156 -0.134610 -0.122398
-0.332382 -0.353107 0.297736 1.000000 0.188464 0.467859 0.008227 0.453199 0.130299 0.457343 0.023591 0.422948 0.145947 0.107510 0.294828 0.503152 -0.233238 -0.217962 -0.169726 -0.333230 0.219060 0.268450 0.529777 0.497979 0.378818 0.586043 0.557611 0.669007 -0.273670 -0.093554 0.352983 0.518367 -0.035265 0.214423 0.163606 0.053257 -0.136553 0.107233 0.356191 0.378263 -0.057513 0.209472 -0.091361 -0.002450 -0.156633 -0.080172 -0.057456 0.047711 -0.197673 -0.256335 -0.023385 -0.290031 -0.142497 0.002812 0.259555 -0.123763 -0.322372 -0.204608 -0.234328 -0.555833 -0.222038 -0.081035 -0.576450 -0.372447 0.264635 0.241504 -0.531077 -0.190206 -0.471490 -0.301648 0.053611 0.198719 -0.312733 -0.078730 0.026840 0.061818 -0.117969 -0.129780 -0.060841 0.077616 -0.332233 -0.440562 0.299131 0.612614 0.128203 0.250294 0.120309 0.381018 0.416095 0.200273 0.053624 -0.138184 0.390095 -0.017876 -0.070253 -0.160652 0.032426 -0.215170 -0.220975 -0.280538 0.167519 -0.290791 -0.314307 -0.346318 -0.312185 -0.002816 -0.263491 0.008603 -0.135121 -0.297704 0.064195 -0.265329 -0.238175 0.099731 0.063256 -0.058261
0.011802 -0.227182 0.420949 0.188464 1.000000 0.454893 0.534835 0.222398 0.674265 0.685302 0.250664 0.003134 0.288821 0.034177 0.418133 0.291623 -0.350174 -0.404889 0.109645 -0.197607 0.082044 -0.067820 0.284023 0.020463 0.446942 0.014853 0.268742 0.174549 -0.394339 -0.445635 -0.033276 -0.131450 -0.207046 -0.024587 0.114386 -0.033721 -0.249700 -0.179107 0.147507 0.164493 -0.111734 -0.092590 -0.323578 -0.339808 -0.321027 -0.344700 -0.362548 -0.263013 -0.393329 -0.406770 -0.071786 -0.534660 -0.101336 -0.339189 0.128907 -0.344519 -0.103807 -0.115682 0.293140 -0.092140 0.278791 0.309167 -0.221040 -0.032034 0.572692 0.250110 0.047886 0.010741 -0.160455 0.115604 0.133179 0.150453 -0.509230 -0.278006 -0.308163 -0.126660 -0.193559 -0.138292 -0.354202 -0.345452 -0.323817 -0.275302 0.292792 0.146828 0.093644 0.073634 0.026268 -0.046675 0.510280 0.341864 -0.116704 0.311963 0.347003 0.392934 -0.068392 -0.153977 -0.377691 -0.116519 -0.484221 -0.210751 0.129196 0.190946 -0.082966 0.206906 0.111022 0.234888 0.079514 0.137872 -0.124381 -0.013518 0.005205 -0.219290 -0.310772 0.013166 -0.107060 -0.192687
-0.125252 -0.293025 0.238786 0.467859 0.454893 1.000000 0.123004 0.240850 0.204747 0.580744 0.049545 0.169700 0.189931 0.095088 0.309043 0.339497 -0.118880 -0.361705 -0.194436 -0.067926 0.087634 0.178189 0.243742 0.449477 0.301652 0.274512 0.512299 0.555418 -0.378719 -0.437817 -0.006815 0.057950 -0.245605 -0.016736 0.157092 -0.095424 -0.151426 -0.085450 0.199127 0.350236 -0.098796 -0.016414 -0.309350 -0.275151 -0.341280 -0.275901 -0.268716 -0.084612 -0.278251 -0.328129 -0.279106 -0.250550 -0.014035 -0.163690 0.356941 -0.162344 -0.077212 -0.215103 -0.041337 -0.276731 0.049856 0.161663 -0.303950 -0.144313 0.254059 0.322243 -0.316128 -0.004225 -0.252611 0.114490 -0.065607 0.286559 -0.472999 -0.375845 -0.380579 -0.205352 -0.136971 -0.184474 -0.216738 -0.215894 -0.247735 -0.364737 0.231312 0.403775 -0.036969 0.087309 -0.000147 0.169826 0.414518 0.370644 0.078526 0.236276 0.381765 0.146837 0.058985 -0.057870 0.095408 -0.015624 -0.270690 -0.103933 0.137977 0.038546 -0.217777 0.124976 0.152248 0.322205 -0.086067 0.155469 -0.027898 -0.166211 0.166660 -0.159093 -0.074621 0.221157 0.189953 0.122800
0.205197 -0.150537 0.717032 0.008227 0.534835 0.123004 1.000000 0.470217 0.694630 0.429035 0.394560 -0.052440 0.406713 0.235290 0.468395 0.290216 -0.248731 -0.272055 0.259190 -0.472905 -0.067225 -0.162185 0.254886 -0.374123 0.215769 -0.160653 -0.089725 -0.042511 -0.170391 -0.281758 -0.024541 -0.167507 -0.071956 0.204630 0.270584 0.138134 -0.328824 -0.343047 -0.049746 -0.135906 -0.266659 -0.256951 -0.382028 -0.376128 -0.403320 -0.485289 -0.441481 -0.462165 -0.352145 -0.516975 0.230571 -0.501228 0.077413 -0.446737 0.075501 -0.463580 -0.147804 -0.114200 0.450544 -0.010397 0.560459 0.506549 0.130866 0.126419 0.772541 0.527634 0.298616 0.070154 -0.077482 -0.198404 0.039628 0.158506 -0.226602 -0.190186 -0.082622 -0.031343 -0.004842 0.054538 -0.474109 -0.404488 -0.389101 -0.257518 -0.042035 -0.117251 -0.008942 0.004361 -0.211393 -0.292877 0.478941 0.273329 -0.432740 0.029335 0.251777 0.394521 -0.299553 -0.186326 -0.474612 -0.209786 -0.604970 -0.410018 0.190352 0.205604 -0.021318 -0.009015 -0.200995 -0.154473 -0.034734 -0.001131 -0.045361 -0.111665 -0.260495 -0.287192 -0.287273 -0.157917 -0.215428 -0.252160
0.013550 -0.224133 0.583383 0.453199 0.222398 0.240850 0.470217 1.000000 0.428684 0.487718 0.122853 0.312486 0.287285 0.546626 0.337526 0.607994 -0.032282 -0.065278 0.005060 -0.567969 0.078461 0.051471 0.374452 0.018019 0.138520 0.218652 0.200226 0.445543 -0.301835 -0.110839 0.085833 0.090226 -0.016204 0.223716 0.163199 -0.126267 -0.377127 -0.160742 -0.045251 0.066334 -0.317894 -0.041602 -0.241458 -0.208643 -0.385642 -0.424323 -0.337263 -0.336122 -0.170112 -0.432489 0.205297 -0.296374 0.189025 -0.401843 0.239643 -0.402924 -0.209703 -0.092803 0.218026 -0.168154 0.282599 0.353415 -0.089122 -0.102081 0.356046 0.551355 -0.060797 -0.133290 -0.127946 -0.288512 0.170260 0.236154 -0.221223 0.080366 0.165487 0.141544 0.017857 -0.090103 -0.184393 -0.093604 -0.246598 -0.404563 -0.117002 0.050758 -0.158592 -0.120376 -0.305883 -0.021081 0.339585 0.256146 -0.267345 -0.187490 0.453886 0.280915 -0.118890 -0.191734 -0.235515 -0.309767 -0.397267 -0.356291 0.236506 -0.075924 -0.144696 -0.266795 -0.252571 -0.115575 -0.100769 -0.002576 -0.148646 -0.419115 -0.361971 -0.332240 -0.368791 -0.024220 -0.001347 -0.092553
0.193265 -0.372653 0.664528 0.130299 0.674265 0.204747 0.694630 0.428684 1.000000 0.557572 0.515801 0.062178 0.581438 0.245840 0.747254 0.461316 -0.231829 -0.291293 0.044647 -0.467814 -0.007864 -0.051063 0.522846 -0.069148 0.273607 0.032636 0.184101 0.190802 -0.346543 -0.457188 -0.079582 -0.232228 -0.213172 -0.021520 0.248473 0.088368 -0.406546 -0.277123 0.058261 0.002935 -0.308091 -0.309564 -0.482306 -0.440663 -0.415496 -0.508436 -0.450905 -0.447140 -0.183794 -0.543183 0.314383 -0.437106 0.167978 -0.409498 0.342152 -0.367628 -0.148457 -0.239027 0.478334 -0.194108 0.458621 0.409133 -0.110524 -0.170690 0.750787 0.553893 0.158615 -0.008174 -0.111608 -0.138162 0.028538 0.021993 -0.389282 -0.272588 -0.141522 -0.197478 -0.128323 -0.140093 -0.400889 -0.391242 -0.381716 -0.407528 0.046303 -0.100073 0.022156 0.045730 -0.138992 -0.181519 0.680893 0.377683 -0.300423 0.145089 0.373169 0.490147 -0.053742 -0.115999 -0.356720 -0.142825 -0.550075 -0.363103 0.057320 0.084323 -0.248236 -0.029960 -0.150857 0.073575 -0.040515 0.066159 -0.174406 -0.094314 -0.132305 -0.331848 -0.394591 -0.057654 -0.182226 -0.231007
-0.159228 -0.268949 0.413956 0.457343 0.685302 0.580744 0.429035 0.487718 0.557572 1.000000 0.068688 0.085123 0.156406 0.015275 0.346371 0.585152 -0.335044 -0.413329 -0.061298 -0.317598 0.229860 -0.003138 0.247441 0.113624 0.494581 0.333663 0.354918 0.384112 -0.566473 -0.376873 0.028204 0.038952 -0.203492 0.123704 0.264400 0.032770 -0.216184 -0.158247 0.233886 0.346132 -0.137536 0.142024 -0.283142 -0.325112 -0.351330 -0.340902 -0.294922 -0.217077 -0.389220 -0.438509 -0.160698 -0.505668 -0.034925 -0.400566 0.275425 -0.323654 -0.258057 -0.135707 0.151868 -0.175038 0.174730 0.255454 -0.382890 -0.072858 0.390515 0.353051 -0.108062 -0.020990 -0.213244 -0.047308 0.147298 0.273025 -0.464457 -0.198218 -0.189573 0.039618 -0.043968 -0.074201 -0.352247 -0.252205 -0.299619 -0.397359 0.224038 0.297378 -0.100765 -0.048451 -0.033477 0.059992 0.519167 0.412088 0.023380 0.187711 0.523945 0.286638 -0.092407 -0.258187 -0.104840 -0.149814 -0.394150 -0.357906 0.179058 0.014519 -0.161620 0.067723 0.016730 0.184166 -0.205780 0.109469 -0.179281 -0.171395 0.153673 -0.347316 -0.346181 0.051076 -0.095183 -0.244102
0.345368 -0.181317 0.362458 0.023591 0.250664 0.049545 0.394560 0.122853 0.515801 0.068688 1.000000 0.420486 0.824929 0.463204 0.642725 0.315712 0.171643 -0.135040 0.051751 -0.179891 -0.086922 -0.042540 0.340924 0.115143 -0.032843 -0.160229 -0.003117 0.069707 0.183661 -0.208422 -0.095364 -0.309748 -0.233201 -0.218314 0.118433 0.071125 -0.238386 -0.010905 0.071164 -0.111432 -0.250684 -0.315940 -0.287029 -0.282402 -0.292211 -0.411475 -0.309673 -0.336731 0.008838 -0.377049 0.163556 -0.245822 0.217216 -0.227201 0.372838 -0.222862 -0.037247 -0.257609 0.259751 -0.347482 0.289790 0.225514 -0.022962 -0.258733 0.525160 0.397504 -0.014741 -0.155947 -0.195473 -0.037078 -0.140807 -0.102882 -0.084075 -0.157084 0.001208 -0.165403 0.123013 0.131333 -0.238652 -0.228274 -0.175696 -0.267490 0.187020 -0.016512 0.353450 0.221378 0.085901 -0.204496 0.428566 0.131840 -0.164136 0.144983 0.243973 0.242438 -0.084526 -0.057827 -0.262611 -0.036949 -0.278893 -0.182136 -0.105275 -0.044072 -0.350580 -0.130141 -0.153531 0.025168 -0.079371 -0.034119 0.034525 0.089841 -0.162929 -0.081030 -0.125294 0.116440 -0.108566 -0.048204
-0.102134 -0.082907 0.089211 0.422948 0.003134 0.169700 -0.052440 0.312486 0.062178 0.085123 0.420486 1.000000 0.454069 0.525913 0.253455 0.345286 0.094365 0.061139 -0.082816 -0.196299 0.050585 0.018567 0.266138 0.350075 -0.146383 0.053516 0.082647 0.302349 0.050394 0.044266 0.076430 0.042259 -0.027818 -0.109386 0.018637 -0.087166 -0.120991 0.112448 -0.031067 0.043639 -0.219486 0.021275 -0.014329 0.029075 -0.106383 -0.081781 -0.008171 -0.054742 0.083081 -0.130972 0.091421 -0.046952 0.079571 -0.000955 0.163508 -0.099598 -0.242623 -0.154917 -0.204549 -0.445361 -0.181333 -0.080567 -0.196261 -0.263497 0.132607 0.261777 -0.408087 -0.234724 -0.321469 -0.262036 -0.176480 0.009265 -0.080823 -0.054213 0.040891 -0.062543 -0.089527 -0.123647 0.077317 -0.006357 -0.060151 -0.186676 0.270292 0.414427 0.383518 0.480024 0.196743 0.307395 0.215187 0.035354 0.050664 -0.036009 0.399864 0.051015 -0.187241 -0.214013 -0.100746 -0.193793 -0.122251 -0.213757 0.030690 -0.291323 -0.335799 -0.438378 -0.375822 -0.087294 -0.247771 -0.131027 -0.125875 -0.250678 -0.214991 -0.210101 -0.133731 0.062245 -0.005914 -0.049982
0.358306 -0.313136 0.526289 0.145947 0.288821 0.189931 0.406713 0.287285 0.581438 0.156406 0.824929 0.454069 1.000000 0.539531 0.732516 0.456751 0.139770 -0.171774 0.072346 -0.347484 -0.029191 0.005490 0.524184 0.154317 -0.046406 -0.085336 0.151146 0.238975 0.069347 -0.306043 -0.055081 -0.253732 -0.118506 -0.097830 0.162903 0.022432 -0.249054 -0.031009 0.026621 -0.058565 -0.295436 -0.250764 -0.375354 -0.307637 -0.371982 -0.475045 -0.384809 -0.407401 -0.014513 -0.423031 0.249771 -0.304120 0.332151 -0.268881 0.470785 -0.323425 -0.062619 -0.296289 0.318584 -0.437721 0.392369 0.320442 0.007357 -0.269747 0.558524 0.480097 -0.047724 -0.224327 -0.157736 -0.151552 -0.084247 0.003426 -0.177699 -0.112024 -0.005166 -0.119064 -0.027097 -0.117373 -0.269708 -0.243049 -0.245097 -0.340036 0.220683 0.066901 0.289851 0.280588 -0.005731 -0.104019 0.514995 0.241695 -0.290705 0.031396 0.300119 0.301137 -0.077032 -0.144255 -0.269870 -0.215450 -0.447611 -0.294017 -0.051451 -0.057931 -0.387830 -0.285846 -0.251492 -0.002715 -0.052589 -0.001059 -0.158041 -0.188736 -0.364344 -0.255108 -0.194483 0.071372 -0.162215 -0.036663
0.105498 -0.147721 0.325282 0.107510 0.034177 0.095088 0.235290 0.546626 0.245840 0.015275 0.463204 0.525913 0.539531 1.000000 0.354557 0.471811 0.269486 0.178943 0.033526 -0.302890 -0.110767 -0.038108 0.212028 0.095606 -0.187555 -0.100484 -0.010879 0.225990 0.211287 0.027688 0.027444 -0.085643 0.015102 0.007573 -0.033252 -0.122287 -0.280493 0.069833 -0.180170 -0.047619 -0.337898 -0.158692 -0.185284 -0.169188 -0.267855 -0.334476 -0.304947 -0.349221 -0.042781 -0.293897 0.116372 -0.094453 0.276282 -0.312163 0.354799 -0.221238 -0.128083 -0.079026 0.084975 -0.136097 0.215051 0.339048 0.053515 -0.051559 0.174065 0.439242 -0.120726 -0.203773 -0.085694 -0.145032 -0.049021 0.056412 0.019844 0.007645 -0.004198 -0.092978 -0.023698 -0.166552 -0.027962 0.025408 -0.042365 -0.164699 -0.016388 0.008692 0.072584 0.016795 -0.148211 -0.055843 0.152589 0.242244 -0.178386 -0.041690 0.297854 0.203960 -0.132603 -0.155203 -0.263024 -0.286815 -0.270707 -0.287361 0.069037 -0.094093 -0.180737 -0.258092 -0.173730 -0.000051 -0.021839 -0.054885 -0.112243 -0.312941 -0.468233 -0.260878 -0.290707 0.024060 0.020622 0.002601
0.143788 -0.414181 0.563824 0.294828 0.418133 0.309043 0.468395 0.337526 0.747254 0.346371 0.642725 0.253455 0.732516 0.354557 1.000000 0.552915 -0.064623 -0.293529 -0.078016 -0.402269 0.037430 0.105101 0.609921 0.213452 0.160313 0.141592 0.307809 0.417031 -0.107621 -0.392285 -0.059001 -0.181874 -0.155550 -0.090787 0.101750 0.005535 -0.303744 -0.122937 0.196068 0.147647 -0.293089 -0.161427 -0.400353 -0.357200 -0.416756 -0.490452 -0.375459 -0.377596 -0.116054 -0.513431 0.290288 -0.379551 0.227857 -0.285752 0.550934 -0.273589 -0.121703 -0.298437 0.279324 -0.389026 0.330306 0.325560 -0.221906 -0.278576 0.629837 0.505935 -0.118298 -0.152760 -0.214456 -0.145285 -0.042491 0.037475 -0.318997 -0.247448 -0.142630 -0.229287 -0.152260 -0.222069 -0.297659 -0.358642 -0.298363 -0.457993 0.220496 0.151000 0.215409 0.115728 0.020073 -0.070778 0.722817 0.423659 -0.186749 0.091553 0.328097 0.340050 -0.034218 -0.079198 -0.210948 -0.234490 -0.443187 -0.327989 0.056434 0.002659 -0.289763 -0.166178 -0.202952 0.108269 -0.031998 0.043742 -0.211377 -0.253029 -0.180588 -0.388299 -0.333993 0.103957 -0.047636 -0.053371
-0.040420 -0.334279 0.416954 0.503152 0.291623 0.339497 0.290216 0.607994 0.461316 0.585152 0.315712 0.345286 0.456751 0.471811 0.552915 1.000000 -0.021962 -0.160521 -0.038572 -0.400474 0.251974 0.199348 0.426624 0.183647 0.119940 0.329181 0.442179 0.501692 -0.192757 -0.092870 0.166425 0.185333 -0.029569 0.168174 0.127833 -0.014455 -0.182797 0.037684 0.185338 0.311847 -0.216675 0.227566 -0.255707 -0.285910 -0.355911 -0.394231 -0.296401 -0.307433 -0.305863 -0.448286 0.054909 -0.425917 0.052944 -0.381276 0.437559 -0.352332 -0.299724 -0.265895 -0.038523 -0.358414 0.077999 0.224971 -0.280008 -0.191989 0.291530 0.384249 -0.302416 -0.219347 -0.207390 -0.234201 0.185416 0.289997 -0.139028 0.000988 0.054228 0.121039 0.024657 -0.107541 -0.080724 -0.112777 -0.127081 -0.346082 0.220618 0.364368 0.106138 -0.053981 -0.044698 -0.008930 0.448475 0.340352 -0.119674 -0.001104 0.424913 0.186743 -0.050077 -0.252207 -0.115513 -0.277482 -0.361893 -0.492276 0.164755 -0.145931 -0.277355 -0.222239 -0.146450 0.068233 -0.157395 0.028009 -0.243435 -0.321143 -0.174287 -0.449717 -0.453725 0.072868 -0.076233 -0.140668
0.350993 0.210686 -0.163334 -0.233238 -0.350174 -0.118880 -0.248731 -0.032282 -0.231829 -0.335044 0.171643 0.094365 0.139770 0.269486 -0.064623 -0.021962 1.000000 0.570089 0.129326 0.266914 -0.286073 -0.128858 -0.264608 -0.029784 -0.461409 -0.327394 -0.115287 -0.101226 0.421322 0.183874 -0.324599 -0.340946 0.033514 -0.103630 -0.179784 -0.294248 0.122904 0.058217 -0.193962 -0.152527 0.018103 -0.045547 0.002430 -0.053549 -0.155077 -0.253618 -0.060027 -0.138922 0.181096 -0.122840 -0.135368 0.072395 0.481586 0.105206 0.269975 0.005871 0.502580 0.287756 0.235051 0.033156 0.294449 0.120410 0.308331 0.212445 -0.244963 0.053512 0.173932 -0.318248 0.359987 0.018693 0.078855 0.009507 0.361531 0.479595 0.350896 0.244707 0.430108 0.167653 0.424921 0.268382 0.390885 0.182565 -0.151396 -0.236091 -0.308270 -0.284193 -0.208133 -0.109584 -0.358500 -0.135107 -0.035919 -0.095571 -0.166423 -0.043435 0.104571 0.177863 0.066689 0.053694 0.299198 0.236260 -0.018141 0.137251 0.111433 0.015082 0.017075 0.010327 0.034928 -0.100603 0.133484 -0.091045 -0.290441 0.238935 0.062383 0.211600 0.064188 0.187746
0.045478 0.462260 -0.321770 -0.217962 -0.404889 -0.361705 -0.272055 -0.065278 -0.291293 -0.413329 -0.135040 0.061139 -0.171774 0.178943 -0.293529 -0.160521 0.570089 1.000000 -0.002853 0.201071 -0.225525 -0.340666 -0.432983 -0.254202 -0.479478 -0.364896 -0.378407 -0.321067 0.446412 0.597805 -0.251646 -0.208308 0.182030 0.052698 -0.152951 -0.216056 0.247779 0.111599 -0.301071 -0.183820 0.088840 0.152997 0.127593 0.159060 0.006761 0.004615 0.054900 0.043360 -0.028269 0.059896 -0.217871 0.062918 0.069537 0.215593 -0.106973 0.042321 0.340752 0.519973 0.017586 0.255485 0.050460 0.037028 0.261423 0.415255 -0.366463 -0.127993 0.183879 -0.324423 0.424742 -0.051854 -0.080618 -0.136379 0.479121 0.468253 0.367989 0.167182 0.335584 0.213368 0.536956 0.592875 0.374828 0.480367 -0.184928 -0.187707 -0.256146 -0.233129 -0.034853 0.132927 -0.340159 -0.145770 -0.014069 -0.162898 -0.178850 -0.185359 -0.104318 0.113859 0.015166 0.036284 0.347597 0.159698 -0.067537 -0.000088 0.255080 -0.065997 -0.116835 -0.192098 -0.018293 -0.107361 0.202393 0.013795 -0.208600 0.281802 0.070999 -0.026482 -0.012776 -0.001866
0.423695 0.269030 0.198838 -0.169726 0.109645 -0.194436 0.259190 0.005060 0.044647 -0.061298 0.051751 -0.082816 0.072346 0.033526 -0.078016 -0.038572 0.129326 -0.002853 1.000000 0.062943 -0.098968 -0.248897 -0.138182 -0.440629 -0.245031 -0.426685 -0.233714 -0.279900 0.189230 0.092936 0.068301 -0.137006 0.382136 0.406043 -0.024865 -0.120471 -0.182007 -0.241945 -0.392900 -0.220735 -0.267842 -0.056532 -0.152685 -0.180083 -0.140794 -0.298770 -0.217966 -0.244351 -0.126353 -0.137182 -0.102678 -0.208659 0.222999 -0.125179 -0.197940 -0.335059 0.278447 0.258203 0.329406 0.137311 0.376751 0.275783 0.374478 0.206720 0.114303 -0.146304 0.333947 -0.255272 0.505657 -0.055812 0.064239 0.127568 0.259838 0.267348 0.203839 0.146340 0.085778 0.096168 -0.107817 -0.138179 0.037368 0.014018 0.164100 -0.090170 0.110761 -0.125123 0.050951 -0.259559 -0.078782 -0.072831 -0.076890 0.125617 -0.171451 -0.036598 -0.265136 -0.264465 -0.438189 -0.263518 -0.181558 -0.150694 0.157297 0.345006 0.228573 0.141888 -0.113860 -0.187529 -0.044650 -0.103569 -0.098515 -0.126505 -0.304598 -0.011239 -0.148047 -0.153630 -0.230550 -0.226744
0.021326 0.326883 -0.615230 -0.333230 -0.197607 -0.067926 -0.472905 -0.567969 -0.467814 -0.317598 -0.179891 -0.196299 -0.347484 -0.302890 -0.402269 -0.400474 0.266914 0.201071 0.062943 1.000000 -0.006351 -0.065004 -0.542287 0.203183 -0.295260 -0.254150 -0.064820 -0.286653 0.192748 0.078460 -0.130292 -0.154685 -0.043081 -0.153254 -0.288933 -0.174892 0.350389 0.093058 0.010238 0.106102 0.294888 0.130511 0.008062 -0.106451 0.014867 0.038566 0.012014 0.115261 -0.042118 0.185951 -0.570099 0.111228 -0.207744 0.226947 -0.207927 0.179799 0.443082 0.281028 -0.207701 0.283743 -0.250922 -0.141162 0.063732 0.224991 -0.495669 -0.444192 -0.068657 0.062354 0.261366 0.631914 -0.033415 -0.136584 0.194871 0.100170 -0.046264 0.019928 0.068851 0.134621 0.383866 0.180222 0.448033 0.387965 0.082734 -0.084778 -0.155754 -0.245878 0.035447 -0.182853 -0.391267 -0.211433 0.452111 0.376292 -0.338781 -0.190487 0.259131 0.317957 0.140372 0.336427 0.426562 0.547524 -0.220490 0.157862 0.261012 0.517669 0.587349 0.440470 0.141242 0.123895 0.118216 0.370432 0.320665 0.364077 0.342969 0.184013 0.286258 0.166974
-0.090163 -0.183957 0.013366 0.219060 0.082044 0.087634 -0.067225 0.078461 -0.007864 0.229860 -0.086922 0.050585 -0.029191 -0.110767 0.037430 0.251974 -0.286073 -0.225525 -0.098968 -0.006351 1.000000 0.381850 0.213318 0.183707 0.176228 0.464391 0.428118 0.314090 -0.065183 0.053190 0.349339 0.373869 -0.082134 -0.000807 -0.053993 -0.040554 0.274943 0.159948 0.292225 0.333095 0.268624 0.332017 0.004171 0.034120 -0.038252 0.034747 0.055376 0.109396 -0.158417 -0.021744 -0.062446 -0.109087 -0.127230 -0.086993 0.034485 -0.046508 -0.338245 -0.349460 -0.269587 -0.229198 -0.257686 -0.216567 -0.250513 -0.092351 -0.172621 -0.237959 -0.429280 -0.028994 -0.261370 -0.033854 0.378778 0.224873 0.187745 0.050832 0.199857 0.263474 0.108616 0.098030 -0.136286 -0.102675 -0.243215 -0.171780 0.317347 0.203879 0.057649 -0.103212 0.297114 0.145478 0.065700 -0.015261 0.203955 0.097498 0.225229 -0.010863 -0.096289 -0.104538 0.201998 -0.024014 0.008509 -0.047119 -0.005497 -0.024325 -0.080632 -0.037258 0.053793 0.008254 -0.186410 -0.136091 -0.152651 -0.008200 0.149017 -0.105441 0.067332 0.212229 -0.084912 -0.196260
-0.254053 -0.514608 0.024420 0.268450 -0.067820 0.178189 -0.162185 0.051471 -0.051063 -0.003138 -0.042540 0.018567 0.005490 -0.038108 0.105101 0.199348 -0.128858 -0.340666 -0.248897 -0.065004 0.381850 1.000000 0.439842 0.407199 0.148541 0.567452 0.611927 0.456934 0.057362 -0.109024 0.455018 0.535549 -0.206256 -0.078181 -0.056802 -0.013384 0.008965 0.167574 0.332412 0.277243 0.235443 0.145640 0.036628 0.069434 0.111927 0.112806 0.087969 0.058588 -0.000262 -0.015234 0.193645 0.027431 -0.112113 0.064019 0.083082 0.007247 -0.348977 -0.522234 -0.362191 -0.374796 -0.309944 -0.307658 -0.298846 -0.348139 0.004832 -0.001741 -0.399760 0.149243 -0.340022 0.008167 0.181405 0.222872 -0.048729 -0.102785 -0.000946 -0.054037 -0.211803 -0.255828 -0.049857 -0.091577 -0.204533 -0.214677 0.098028 0.264377 0.154024 0.070916 0.025447 0.053373 0.098771 -0.084283 -0.021631 -0.005546 0.074232 0.159176 0.396938 0.137945 0.169931 0.156361 -0.096470 0.058195 -0.061257 -0.256993 -0.324828 -0.154511 0.100811 0.200634 0.196740 0.195100 -0.066880 -0.021588 -0.007297 -0.124754 0.133066 0.347860 0.299463 0.317870
-0.045504 -0.690143 0.647700 0.529777 0.284023 0.243742 0.254886 0.374452 0.522846 0.247441 0.340924 0.266138 0.524184 0.212028 0.609921 0.426624 -0.264608 -0.432983 -0.138182 -0.542287 0.213318 0.439842 1.000000 0.381404 0.340435 0.528299 0.616864 0.608629 -0.285747 -0.404670 0.391704 0.364323 -0.058605 0.077143 0.220192 0.205005 -0.350523 -0.094035 0.262351 0.163218 -0.191201 -0.117194 -0.248621 -0.122058 -0.135555 -0.139274 -0.135519 -0.167602 0.029971 -0.322390 0.518287 -0.185707 0.133500 -0.128026 0.467045 -0.133800 -0.465774 -0.585422 0.033222 -0.634961 0.013733 -0.027524 -0.458855 -0.614327 0.523971 0.410825 -0.286393 0.064927 -0.449099 -0.390955 -0.010374 0.132451 -0.346240 -0.229320 -0.014069 -0.181514 -0.335986 -0.394694 -0.337413 -0.264972 -0.581674 -0.604204 0.136091 0.273758 0.270278 0.275684 0.028213 0.176754 0.639165 0.268486 -0.253009 -0.125668 0.250233 0.280467 0.051529 -0.162111 -0.016941 -0.243777 -0.506230 -0.379315 0.063064 -0.249427 -0.490912 -0.389036 -0.310599 0.044600 -0.057915 0.019148 -0.281541 -0.310369 -0.107060 -0.466366 -0.327270 0.053351 0.011727 0.015181
-0.326696 -0.503743 -0.055577 0.497979 0.020463 0.449477 -0.374123 0.018019 -0.069148 0.113624 0.115143 0.350075 0.154317 0.095606 0.213452 0.183647 -0.029784 -0.254202 -0.440629 0.203183 0.183707 0.407199 0.381404 1.000000 0.265840 0.535507 0.548377 0.603274 -0.178143 -0.250627 0.164600 0.265635 -0.337482 -0.229206 -0.054431 -0.088523 -0.061413 0.268246 0.448708 0.488715 -0.071000 0.093670 -0.139104 -0.074184 -0.115219 0.006609 -0.019336 0.142118 0.137803 -0.030738 -0.114484 0.150569 -0.046509 0.129904 0.384195 0.188632 -0.172791 -0.405116 -0.330998 -0.409180 -0.371976 -0.263355 -0.574270 -0.453927 -0.113638 0.084283 -0.589577 0.135309 -0.438992 0.257620 -0.109852 0.000712 -0.322414 -0.214110 -0.167216 -0.210087 -0.233134 -0.234256 -0.007180 0.036232 -0.157585 -0.374872 0.189692 0.382088 0.080247 0.191349 0.140739 0.264468 0.224418 0.112578 0.436565 0.198457 0.215594 0.012159 0.298746 0.036986 0.299201 0.018599 -0.007872 0.102581 -0.058597 -0.281271 -0.350614 -0.089799 0.187889 0.397759 0.001303 0.042387 -0.204670 -0.100837 0.347422 -0.133847 -0.018234 0.329818 0.197144 0.151031
-0.279248 -0.439355 0.327045 0.378818 0.446942 0.301652 0.215769 0.138520 0.273607 0.494581 -0.032843 -0.146383 -0.046406 -0.187555 0.160313 0.119940 -0.461409 -0.479478 -0.245031 -0.295260 0.176228 0.148541 0.340435 0.265840 1.000000 0.513394 0.304581 0.319587 -0.431706 -0.326919 0.196185 0.236616 -0.296281 0.016656 0.133080 0.225816 -0.078960 0.107215 0.452431 0.267390 -0.005562 -0.068509 -0.079174 -0.061218 -0.042800 0.050958 -0.061273 0.057763 -0.080180 -0.134428 0.107331 -0.201460 -0.175233 -0.170570 0.181494 0.061386 -0.260760 -0.241004 0.059287 -0.213268 -0.025495 -0.077032 -0.477405 -0.285532 0.286294 0.108848 -0.128044 0.251039 -0.396033 0.029131 0.179837 0.058089 -0.421224 -0.176934 -0.194186 0.046476 -0.080931 -0.069004 -0.277018 -0.208272 -0.395431 -0.413883 -0.014010 0.109091 -0.013579 0.019896 0.053524 0.107317 0.319194 0.159046 -0.008593 0.082994 0.256210 0.182637 0.063964 0.034303 0.060196 0.083283 -0.279238 -0.080143 0.096775 -0.084701 -0.238739 0.055162 0.048845 0.122622 -0.177895 0.024836 0.045133 0.082762 0.380329 -0.059624 -0.096763 0.145926 -0.074943 -0.025285
-0.400120 -0.585124 0.183525 0.586043 0.014853 0.274512 -0.160653 0.218652 0.032636 0.333663 -0.160229 0.053516 -0.085336 -0.100484 0.141592 0.329181 -0.327394 -0.364896 -0.426685 -0.254150 0.464391 0.567452 0.528299 0.535507 0.513394 1.000000 0.604241 0.702002 -0.364534 -0.197347 0.392697 0.604445 -0.248856 0.103886 0.178417 0.214890 0.002978 0.265374 0.494487 0.479749 0.140926 0.259013 -0.014720 0.026303 -0.026376 0.125636 0.093275 0.145568 0.025509 -0.092857 0.158894 0.009867 -0.089419 -0.117471 0.348472 0.128929 -0.446638 -0.490451 -0.290960 -0.410103 -0.323030 -0.296264 -0.573013 -0.408148 -0.062900 0.087428 -0.482618 0.238231 -0.445868 -0.109272 0.134567 0.134719 -0.208267 -0.206254 -0.012477 0.024225 -0.091553 -0.139860 -0.172828 -0.080778 -0.410399 -0.507338 0.113093 0.351644 -0.057069 0.046823 0.180510 0.356291 0.268273 0.164372 0.181274 -0.120044 0.263115 -0.041011 0.189452 -0.018888 0.306815 0.017526 -0.079068 -0.179136 0.110017 -0.297811 -0.309338 -0.193290 -0.092242 0.069487 -0.262047 -0.047079 -0.200860 -0.126550 0.348107 -0.336250 -0.113269 0.258517 0.122167 0.050625
-0.195991 -0.609218 0.272520 0.557611 0.268742 0.512299 -0.089725 0.200226 0.184101 0.354918 -0.003117 0.082647 0.151146 -0.010879 0.307809 0.442179 -0.115287 -0.378407 -0.233714 -0.064820 0.428118 0.611927 0.616864 0.548377 0.304581 0.604241 1.000000 0.685469 -0.253384 -0.374862 0.351198 0.457394 -0.174217 0.012984 0.017422 0.011265 -0.062482 -0.017992 0.470815 0.401412 0.131323 0.085677 -0.159852 -0.160854 -0.151001 -0.135587 -0.058935 -0.010092 -0.100548 -0.261090 0.012404 -0.247376 -0.013604 -0.041475 0.427149 -0.095921 -0.261870 -0.515838 -0.169062 -0.515446 -0.158261 -0.149701 -0.522279 -0.447591 0.139835 0.105590 -0.467552 -0.012409 -0.361092 -0.044402 0.192785 0.182100 -0.247127 -0.212725 -0.032911 -0.019631 -0.186849 -0.324860 -0.078925 -0.111027 -0.339437 -0.460731 0.226101 0.354408 -0.056435 -0.097911 -0.033274 0.121266 0.350425 0.180822 0.068612 0.192483 0.239480 0.255851 0.307505 0.124768 0.235767 0.090050 -0.113817 -0.025297 0.028279 -0.147474 -0.358086 -0.026856 0.144310 0.367371 0.060242 0.223031 -0.161780 -0.078706 0.132500 -0.218454 -0.075938 0.358214 0.264380 0.165624
-0.238711 -0.562351 0.371870 0.669007 0.174549 0.555418 -0.042511 0.445543 0.190802 0.384112 0.069707 0.302349 0.238975 0.225990 0.417031 0.501692 -0.101226 -0.321067 -0.279900 -0.286653 0.314090 0.456934 0.608629 0.603274 0.319587 0.702002 0.685469 1.000000 -0.305887 -0.299811 0.205796 0.378479 -0.186227 0.065751 0.194525 -0.008645 -0.177142 0.085068 0.408750 0.400840 -0.044572 0.187184 -0.112530 -0.082674 -0.221695 -0.158879 -0.077145 -0.067085 -0.012902 -0.264210 0.145561 -0.138055 0.112933 -0.138712 0.514289 -0.055323 -0.272836 -0.439173 -0.144767 -0.523640 -0.112115 -0.074987 -0.493235 -0.441525 0.171402 0.316143 -0.482024 -0.024552 -0.327793 -0.125907 0.053041 0.184910 -0.353029 -0.161899 -0.096007 -0.151599 -0.181362 -0.266496 -0.097430 -0.117603 -0.362029 -0.564945 0.223717 0.428064 0.071826 0.109121 0.093812 0.338226 0.428604 0.271564 0.040724 -0.098693 0.316146 0.090602 0.139153 -0.066172 0.192338 -0.163221 -0.216433 -0.174678 0.036028 -0.260365 -0.420301 -0.229394 -0.120755 0.126443 -0.155844 0.009716 -0.193747 -0.314830 0.051220 -0.332636 -0.196315 0.250899 0.139657 0.093779
0.147188 0.302820 -0.269989 -0.273670 -0.394339 -0.378719 -0.170391 -0.301835 -0.346543 -0.566473 0.183661 0.050394 0.069347 0.211287 -0.107621 -0.192757 0.421322 0.446412 0.189230 0.192748 -0.065183 0.057362 -0.285747 -0.178143 -0.431706 -0.364534 -0.253384 -0.305887 1.000000 0.575058 0.144222 0.034007 0.282505 0.058342 -0.329804 -0.166583 0.270796 0.199777 -0.119252 -0.191339 0.123444 0.109197 0.261316 0.253947 0.194060 0.079335 0.147779 0.060213 0.003489 0.156618 -0.134627 0.091995 -0.070426 0.268336 -0.158358 0.062582 0.170701 0.221838 -0.156602 0.020777 -0.046024 -0.092301 0.307942 0.166470 -0.243003 -0.315467 0.006304 -0.361841 0.228727 -0.020854 -0.043246 -0.111408 0.691667 0.268761 0.263104 0.096067 0.181227 0.108474 0.371677 0.258850 0.327906 0.370479 -0.029065 -0.129849 0.134902 -0.083254 0.026617 -0.114594 -0.389846 -0.330564 -0.114076 -0.068292 -0.272546 -0.142731 -0.024019 0.209591 -0.016303 0.040019 0.212799 0.162798 -0.159996 -0.036199 0.026356 -0.165103 -0.069521 -0.147259 0.083747 0.002978 0.200604 0.088186 -0.287413 0.331492 0.302864 0.007198 -0.046975 0.167700
-0.138757 0.382345 -0.392659 -0.093554 -0.445635 -0.437817 -0.281758 -0.110839 -0.457188 -0.376873 -0.208422 0.044266 -0.306043 0.027688 -0.392285 -0.092870 0.183874 0.597805 0.092936 0.078460 0.053190 -0.109024 -0.404670 -0.250627 -0.326919 -0.197347 -0.374862 -0.299811 0.575058 1.000000 0.094290 0.184586 0.349286 0.170568 -0.248846 -0.089271 0.369334 0.201410 -0.171339 -0.107303 0.168903 0.367084 0.420866 0.398809 0.352415 0.308758 0.260633 0.245683 -0.004710 0.318958 -0.173254 0.179866 -0.230421 0.251963 -0.360518 0.083388 0.024006 0.251756 -0.262272 0.214180 -0.265966 -0.204520 0.166408 0.293425 -0.406939 -0.385134 0.066308 -0.226650 0.224116 -0.141653 0.027846 -0.062035 0.673693 0.474663 0.364098 0.284792 0.250148 0.247239 0.416789 0.484891 0.345189 0.504473 -0.127582 0.012930 0.042326 -0.094584 0.091634 0.109488 -0.464201 -0.346333 -0.025288 -0.281102 -0.300090 -0.383285 -0.142921 0.017870 0.008358 -0.044581 0.205874 0.065770 -0.090370 -0.147668 0.112511 -0.228615 -0.137217 -0.367329 -0.019892 -0.107455 0.193209 0.006214 -0.178441 0.226014 0.211369 -0.244082 -0.178961 -0.083764
-0.167459 -0.252747 0.093588 0.352983 -0.033276 -0.006815 -0.024541 0.085833 -0.079582 0.028204 -0.095364 0.076430 -0.055081 0.027444 -0.059001 0.166425 -0.324599 -0.251646 0.068301 -0.130292 0.349339 0.455018 0.391704 0.164600 0.196185 0.392697 0.351198 0.205796 0.144222 0.094290 1.000000 0.792850 0.229209 0.314870 -0.088900 0.105641 -0.073648 0.019869 0.134968 0.187293 -0.054239 0.180428 0.072487 0.142023 0.205247 0.222348 0.090755 0.133391 -0.076503 0.115531 0.076712 0.021820 -0.338680 0.119346 -0.152459 0.007157 -0.405014 -0.292556 -0.395795 -0.260634 -0.390987 -0.289954 -0.203879 -0.333336 -0.056347 -0.216226 -0.364038 -0.015964 -0.246777 -0.166909 0.036539 0.284537 0.181666 -0.064545 0.014632 -0.045763 -0.242418 -0.263050 -0.011732 -0.025965 -0.238654 -0.147950 0.208900 0.341669 0.243354 0.080902 0.134736 0.051228 0.103402 -0.149393 -0.066833 -0.138391 -0.110814 -0.182854 0.049428 -0.079061 -0.002752 -0.196254 -0.203661 -0.237155 -0.145110 -0.354606 -0.364110 -0.241125 -0.040755 0.056531 -0.092928 -0.036605 -0.183223 -0.123984 -0.065212 -0.252258 0.016797 -0.080122 0.033369 -0.058927
-0.414025 -0.341927 0.024566 0.518367 -0.131450 0.057950 -0.167507 0.090226 -0.232228 0.038952 -0.309748 0.042259 -0.253732 -0.085643 -0.181874 0.185333 -0.340946 -0.208308 -0.137006 -0.154685 0.373869 0.535549 0.364323 0.265635 0.236616 0.604445 0.457394 0.378479 0.034007 0.184586 0.792850 1.000000 0.138557 0.332942 -0.040096 0.192067 0.044982 0.208405 0.246029 0.260612 0.136662 0.279084 0.203382 0.251882 0.305386 0.362888 0.254657 0.233708 -0.077497 0.177683 0.042798 0.022262 -0.381708 0.136744 -0.124546 0.110922 -0.495846 -0.376737 -0.539652 -0.317017 -0.506293 -0.408456 -0.334998 -0.304911 -0.116651 -0.196700 -0.445302 0.051362 -0.331582 -0.197779 0.076047 0.287257 0.126768 -0.075390 0.073717 0.019127 -0.167431 -0.186981 0.069910 0.100922 -0.227383 -0.118100 0.149106 0.492518 0.119423 0.088888 0.162676 0.280356 0.027206 -0.129700 -0.021913 -0.228384 -0.060250 -0.204044 0.036172 -0.035785 0.181279 -0.142252 -0.119549 -0.170431 -0.061387 -0.377707 -0.279217 -0.273079 -0.080797 -0.000028 -0.121485 -0.033154 -0.148597 -0.161893 0.078108 -0.186136 0.055228 0.011506 0.086233 -0.032025
0.151010 0.345954 -0.019934 -0.035265 -0.207046 -0.245605 -0.071956 -0.016204 -0.213172 -0.203492 -0.233201 -0.027818 -0.118506 0.015102 -0.155550 -0.029569 0.033514 0.182030 0.382136 -0.043081 -0.082134 -0.206256 -0.058605 -0.337482 -0.296281 -0.248856 -0.174217 -0.186227 0.282505 0.349286 0.229209 0.138557 1.000000 0.603027 -0.123714 -0.042919 0.090831 -0.072266 -0.204852 0.005350 -0.032329 0.337841 0.163601 0.232670 0.224305 0.172526 0.112931 0.127420 -0.095317 0.208964 -0.076712 0.017204 -0.145250 0.181542 -0.167656 0.048769 0.079043 0.384844 -0.167070 -0.034134 -0.087741 -0.019645 0.277875 0.031349 -0.163490 -0.313683 -0.019084 -0.415787 0.364037 -0.355452 -0.083557 0.075034 0.383773 0.265407 0.188979 0.145130 -0.171097 -0.212631 0.292694 0.205093 0.260356 0.275568 0.042283 0.124900 0.102333 -0.049302 -0.019801 0.125684 -0.214261 -0.041326 -0.199865 -0.276644 -0.389884 -0.252496 -0.234402 -0.300357 -0.105015 -0.480074 -0.008727 -0.293553 -0.060582 -0.257749 0.010223 -0.345097 -0.301215 -0.250573 0.009905 -0.051892 -0.263293 -0.401660 -0.380088 -0.152262 -0.152283 -0.452386 -0.015584 -0.140341
0.083350 0.191290 0.241022 0.214423 -0.024587 -0.016736 0.204630 0.223716 -0.021520 0.123704 -0.218314 -0.109386 -0.097830 0.007573 -0.090787 0.168174 -0.103630 0.052698 0.406043 -0.153254 -0.000807 -0.078181 0.077143 -0.229206 0.016656 0.103886 0.012984 0.065751 0.058342 0.170568 0.314870 0.332942 0.603027 1.000000 0.126942 0.165342 0.006558 -0.061313 -0.013648 0.165712 -0.112577 0.338886 -0.141427 -0.078883 -0.131881 -0.077988 -0.210848 -0.078559 -0.395500 -0.149538 -0.192734 -0.270777 -0.142478 -0.216093 -0.015591 -0.183851 0.016409 0.239160 -0.045092 -0.049429 0.139278 0.237205 0.160387 0.141095 0.039658 0.024435 -0.030775 -0.183956 0.339837 -0.252896 -0.090218 0.147213 0.178931 0.112367 0.184305 0.159494 -0.011327 0.045046 0.070372 0.188608 0.027126 0.022380 0.119669 0.252872 -0.074615 -0.117556 0.079864 0.143369 0.083455 0.189514 -0.207123 -0.263563 -0.268294 -0.302524 -0.312129 -0.273628 -0.144514 -0.363139 -0.251225 -0.479885 -0.006927 -0.154016 -0.057823 -0.241971 -0.349504 -0.317264 -0.221569 -0.060922 -0.154399 -0.343972 -0.104791 -0.278369 -0.275595 -0.370175 -0.066302 -0.234812
0.137581 -0.172101 0.360156 0.163606 0.114386 0.157092 0.270584 0.163199 0.248473 0.264400 0.118433 0.018637 0.162903 -0.033252 0.101750 0.127833 -0.179784 -0.152951 -0.024865 -0.288933 -0.053993 -0.056802 0.220192 -0.054431 0.133080 0.178417 0.017422 0.194525 -0.329804 -0.248846 -0.088900 -0.040096 -0.123714 0.126942 1.000000 0.507548 -0.231098 -0.060426 -0.109238 -0.197131 -0.066006 -0.124265 -0.130287 -0.088834 -0.180149 -0.123539 -0.037515 -0.128450 -0.126671 -0.249817 0.198491 -0.144580 0.095227 -0.127339 0.142782 -0.174611 -0.075690 -0.144574 0.181804 -0.221324 0.250675 0.277662 -0.075271 -0.112803 0.358563 0.451579 0.077751 0.173592 -0.068203 -0.195844 -0.196061 0.071074 -0.291839 -0.229150 -0.114240 -0.096209 0.157250 0.216084 -0.307046 -0.034463 -0.399104 -0.374318 -0.056142 0.041311 -0.008650 0.248342 -0.063762 0.048507 0.272902 0.144194 -0.272802 -0.226573 0.192811 -0.009703 -0.243335 -0.133487 -0.112813 0.075068 -0.223144 -0.220983 0.113484 -0.069792 -0.261962 -0.088832 -0.299301 -0.197841 -0.342872 -0.123113 -0.026406 0.022600 0.160545 -0.110952 -0.075289 -0.068659 -0.106088 -0.140609
-0.057348 -0.168199 0.216179 0.053257 -0.033721 -0.095424 0.138134 -0.126267 0.088368 0.032770 0.071125 -0.087166 0.022432 -0.122287 0.005535 -0.014455 -0.294248 -0.216056 -0.120471 -0.174892 -0.040554 -0.013384 0.205005 -0.088523 0.225816 0.214890 0.011265 -0.008645 -0.166583 -0.089271 0.105641 0.192067 -0.042919 0.165342 0.507548 1.000000 -0.006840 0.019833 -0.011306 -0.224385 0.109400 -0.111771 -0.084415 -0.102034 0.034328 0.153825 0.017505 -0.113741 -0.054667 -0.113391 0.168344 -0.107872 -0.122110 -0.157419 0.028443 -0.026069 -0.215680 -0.217031 -0.005012 -0.094583 0.042562 0.070285 -0.107140 -0.183223 0.226436 0.235891 0.077009 0.471288 -0.270172 -0.190564 -0.157006 -0.133522 -0.074860 -0.211332 -0.085734 0.010595 0.058430 0.135142 -0.262358 0.018635 -0.243880 -0.109387 -0.166002 0.017357 0.111182 0.302489 0.038519 0.084240 0.121264 0.061195 -0.294308 -0.186589 -0.030990 -0.131950 -0.173747 -0.016071 -0.054814 0.178779 -0.189474 -0.210110 -0.132696 -0.060817 -0.172524 0.001827 -0.228787 -0.191790 -0.270878 -0.092178 0.146193 0.158370 0.351207 -0.166614 0.013474 -0.114204 -0.036098 -0.058921
