1.000000 0.648875 -0.222968 -0.512172 -0.250142 -0.411330 -0.406301 -0.289810 -0.343577 -0.538538 0.089105 -0.262515 0.031604 -0.294724 -0.295342 -0.458981 0.033172 0.077693 0.485328 0.552801 -0.024043 -0.324398 -0.290898 -0.529731 -0.168398 -0.462625 -0.003698 -0.239688 -0.315304 -0.343038 -0.332592 -0.641790 0.079122 -0.243710 0.029586 -0.105642 -0.067115 -0.055164 0.002212 0.127003 -0.112519 -0.044580 0.049394 0.062771 0.146713 -0.238720 0.102588 0.205187 0.381128 0.349407 0.349949 0.346430 0.406677 0.290242 0.290547 0.318719 0.581100 0.483934 0.437128 0.478810 0.343799 -0.130331 0.163975 0.337037 -0.239981 -0.279119 0.429490 -0.170882 0.379756 0.297932 -0.134885 -0.087339 -0.237084 -0.222560 -0.193212 -0.108563 -0.131415 -0.261195 0.002557 0.222413 0.095170 0.288507 -0.329226 -0.451008 -0.009424 0.024579 -0.245343 0.200526 -0.159803 0.216934 -0.012664 -0.144283 -0.457871 -0.209855 -0.008218 -0.188582 0.299898 0.096770 0.109302 0.187176 -0.274972 -0.084323 -0.158922 -0.168519 -0.156871 -0.116697 0.243901 0.188631 -0.202089 -0.074113 0.207340 0.087033 -0.073053 -0.200113 -0.069314 -0.071621
0.648875 1.000000 -0.419398 -0.413667 -0.404528 -0.421572 -0.523016 -0.203963 -0.474601 -0.378811 -0.025525 0.086472 0.001090 -0.011491 -0.416965 -0.383255 0.380891 0.454583 0.335578 0.615542 -0.074173 -0.144514 -0.415314 -0.490474 -0.183985 -0.335599 -0.084657 -0.049770 -0.139361 -0.140535 -0.411055 -0.504382 -0.058158 -0.244227 -0.173423 -0.233036 -0.031848 0.114693 0.067662 0.103686 0.065807 0.074969 -0.002606 -0.033262 0.004147 -0.297861 0.088746 -0.132162 0.231831 0.288518 0.287624 0.319839 0.439988 0.198049 0.323538 0.132160 0.495507 0.609193 0.234081 0.460180 0.236689 0.017458 -0.053984 0.482314 -0.413041 -0.298940 0.277835 -0.231453 0.427165 0.334615 -0.120920 -0.061600 -0.200313 -0.121187 -0.074017 -0.106827 -0.221834 -0.311604 0.122912 0.367463 0.352227 0.476629 -0.274881 -0.373728 0.384734 0.176288 -0.162783 0.174451 0.047894 0.167303 -0.063947 -0.336740 -0.375169 -0.296557 0.092706 -0.155312 0.252990 0.009196 0.031773 0.023098 -0.211351 -0.099990 -0.201430 -0.242814 -0.178586 -0.129804 0.278860 0.168405 -0.142842 -0.111351 -0.022303 0.060707 -0.068812 -0.091550 -0.181116 -0.158864
-0.222968 -0.419398 1.000000 0.416207 0.243128 0.296994 0.673138 0.483267 0.445523 0.245735 0.238368 0.061401 0.098507 0.040649 0.409384 0.309319 -0.286148 -0.437956 0.177913 -0.254004 -0.149587 -0.084809 0.348430 0.333365 0.185830 0.342420 -0.019051 0.064920 -0.039689 0.117618 0.368001 0.436797 0.190392 0.264564 0.338317 0.139940 -0.257505 -0.243591 -0.241540 -0.326402 -0.052092 -0.035980 -0.300985 -0.302426 -0.265000 -0.149261 -0.338284 -0.158110 -0.278576 -0.416599 -0.346424 -0.401426 -0.316151 -0.337336 -0.422152 -0.275891 -0.469780 -0.460614 -0.052942 -0.288254 -0.233182 -0.104100 -0.090917 -0.410516 0.278140 0.237489 -0.042332 0.256760 -0.396146 -0.210376 0.241737 0.025432 0.027895 0.143096 0.085031 0.049910 0.137288 0.179907 -0.215099 -0.349563 -0.321359 -0.503172 0.275357 0.267403 -0.293236 -0.235528 0.011097 -0.281699 -0.099167 -0.278157 0.054985 0.315447 0.342059 0.423200 -0.289253 -0.161419 -0.317428 -0.218451 -0.207380 -0.228639 0.362462 0.241597 0.228699 0.178720 0.056593 0.130955 -0.237552 -0.083638 -0.033644 -0.101224 0.104383 -0.161983 -0.140179 0.090739 0.178333 0.104768
-0.512172 -0.413667 0.416207 1.000000 0.438339 0.515345 0.457967 0.695302 0.703238 0.646703 0.270886 0.414394 0.129670 0.464106 0.535750 0.647704 -0.144540 -0.208187 -0.024617 -0.206776 -0.183762 0.087006 0.433775 0.696476 -0.110402 0.155661 0.020047 0.116283 0.341955 0.438635 0.396455 0.715012 -0.019607 0.349005 0.023160 0.042840 -0.220204 -0.306981 -0.358661 -0.506923 -0.151299 -0.158977 -0.170746 -0.242711 -0.354422 -0.107701 -0.127433 -0.249899 -0.441166 -0.502984 -0.538060 -0.537683 -0.395669 -0.325690 -0.576164 -0.437875 -0.669669 -0.622056 -0.373200 -0.605710 -0.302080 0.165335 -0.205515 -0.432601 0.459743 0.411276 -0.558829 -0.074618 -0.530374 -0.392383 0.242128 0.091128 0.204545 0.182871 0.122707 0.181834 0.160420 0.415438 -0.048805 -0.354894 -0.260818 -0.533534 0.606481 0.737082 -0.038446 -0.052060 0.293255 -0.182731 0.169126 -0.265319 0.064189 0.246318 0.582451 0.297782 -0.206994 -0.194051 -0.600753 -0.328758 -0.105373 -0.432458 0.463579 0.095524 0.096350 0.038951 -0.001474 0.052888 -0.315985 -0.139485 -0.017018 -0.055621 -0.242989 -0.285437 -0.076028 0.259990 -0.043845 -0.148935
-0.250142 -0.404528 0.243128 0.438339 1.000000 0.603922 0.358740 0.240769 0.527339 0.465681 0.158028 0.146261 0.253562 0.092406 0.453388 0.392758 -0.204280 -0.173627 -0.059030 -0.269204 0.197487 0.264334 0.181138 0.260307 -0.002762 -0.042033 0.562088 0.063352 0.278826 0.113557 0.073192 0.187884 -0.232231 0.150481 0.107490 0.079403 -0.022053 -0.358937 0.098774 -0.057549 -0.084239 -0.162559 -0.071021 -0.032013 0.065629 0.097934 0.020740 -0.018538 -0.025774 -0.239566 -0.157460 -0.279131 -0.099367 -0.047392 -0.045225 -0.065289 -0.343475 -0.402233 0.079222 -0.342559 -0.065083 0.023367 -0.095582 -0.284053 0.244103 0.257226 -0.259913 0.007207 -0.298465 -0.280965 0.052956 -0.239601 0.111782 -0.171983 -0.102734 0.010074 0.085315 0.161806 -0.094279 -0.349843 -0.309318 -0.408452 0.301983 0.365668 -0.231540 -0.134266 0.289830 -0.013673 -0.039333 -0.177433 -0.128529 0.045928 0.182770 0.043925 0.028470 -0.028481 -0.291651 -0.107193 -0.122744 -0.228375 0.408661 0.108956 0.182961 0.006889 -0.012991 -0.029816 -0.058790 -0.117075 0.071986 0.043616 -0.034576 -0.224676 0.066432 0.146418 -0.042136 -0.197409
-0.411330 -0.421572 0.296994 0.515345 0.603922 1.000000 0.376363 0.428718 0.495548 0.642675 -0.056794 0.196536 0.041033 0.245475 0.417704 0.563009 -0.172662 -0.246216 -0.280279 -0.319059 -0.017622 0.116867 0.132266 0.286644 0.104140 0.229776 0.220970 0.112800 0.206072 0.316402 0.226227 0.349467 -0.021047 0.194520 -0.010879 0.032203 -0.017581 -0.327913 -0.106951 -0.187607 -0.016601 -0.083285 -0.049421 -0.128583 -0.106081 -0.021303 -0.018084 -0.114943 -0.272797 -0.355995 -0.461235 -0.457186 -0.361501 -0.212861 -0.241127 -0.183449 -0.301605 -0.344208 -0.066215 -0.218805 -0.059689 0.242643 0.086877 -0.198932 0.134223 0.290851 -0.286791 -0.010297 -0.418429 -0.151926 0.205412 0.016321 0.204621 0.052451 0.071031 0.121211 0.008014 0.216441 -0.081341 -0.403005 -0.191252 -0.287111 0.191493 0.407256 -0.314267 -0.234085 0.100117 -0.170853 -0.041041 -0.184454 -0.119501 0.033594 0.279789 0.060490 0.022921 -0.085523 -0.293744 -0.035921 -0.156389 -0.169858 0.427629 0.046008 0.284071 0.099594 0.114577 -0.027019 -0.181182 -0.205079 -0.089833 0.072230 -0.082328 -0.057367 -0.071660 0.061987 0.041249 -0.202243
-0.406301 -0.523016 0.673138 0.457967 0.358740 0.376363 1.000000 0.433048 0.529242 0.466686 0.182009 0.219571 0.287948 0.230171 0.536357 0.445991 -0.223268 -0.121960 -0.129078 -0.450194 -0.040880 -0.036494 0.113034 0.240201 0.086278 0.179965 -0.065399 -0.167560 0.202732 0.286027 0.252148 0.465233 0.205140 0.361945 0.190088 0.149691 -0.064791 -0.197396 -0.105924 -0.262248 0.058611 -0.039054 -0.169891 -0.145741 -0.192584 -0.054324 -0.244151 -0.186301 -0.309443 -0.351781 -0.356995 -0.378523 -0.352746 -0.288723 -0.341399 -0.204634 -0.408712 -0.427812 -0.039523 -0.469628 -0.051225 0.096175 0.103561 -0.267492 0.499645 0.333728 -0.311790 -0.020069 -0.472867 -0.416882 0.144968 0.031225 0.365079 0.138325 0.221317 0.120108 0.381395 0.217617 -0.101280 -0.285456 -0.136630 -0.423406 0.272347 0.397908 -0.353902 -0.241596 -0.066982 -0.306987 -0.229887 -0.368976 -0.145235 0.166515 0.387492 0.281972 -0.281992 -0.098218 -0.276389 -0.279305 -0.141509 -0.148064 0.335895 0.028341 0.310293 -0.050937 -0.153575 -0.009408 -0.278068 -0.163412 0.067057 -0.154900 0.005690 -0.062086 -0.112910 0.132829 0.189320 0.071198
-0.289810 -0.203963 0.483267 0.695302 0.240769 0.428718 0.433048 1.000000 0.572167 0.527904 0.351029 0.583721 0.268417 0.671584 0.328107 0.584563 -0.026291 -0.143089 -0.040444 -0.202813 -0.276766 -0.141665 0.115887 0.488209 -0.209823 0.069226 -0.188224 0.041487 0.210813 0.381378 0.277498 0.562540 -0.086387 0.185308 -0.004533 0.014136 -0.332567 -0.372988 -0.483477 -0.537928 -0.080257 -0.156969 -0.227674 -0.158718 -0.257976 -0.017650 -0.180080 -0.279635 -0.403094 -0.378409 -0.463792 -0.484236 -0.363435 -0.356352 -0.559134 -0.461272 -0.532871 -0.586599 -0.253228 -0.361846 -0.232288 0.327838 -0.166075 -0.235176 0.253917 0.502457 -0.373584 0.018500 -0.516785 -0.448614 0.181421 -0.092063 0.131415 0.107359 0.161377 0.105248 0.109697 0.278094 -0.143176 -0.279877 -0.240660 -0.429244 0.354683 0.503095 -0.068883 0.077746 0.001945 -0.224621 -0.042198 -0.311642 0.011994 0.073135 0.470811 0.167264 -0.199918 -0.285166 -0.420991 -0.206158 -0.186760 -0.362270 0.390951 -0.085032 0.122809 -0.082278 -0.087202 -0.022749 -0.263260 -0.132545 -0.099147 0.054752 -0.194428 -0.241326 -0.102100 0.101088 -0.017950 -0.094332
-0.343577 -0.474601 0.445523 0.703238 0.527339 0.495548 0.529242 0.572167 1.000000 0.638611 0.458190 0.385273 0.352037 0.463211 0.654249 0.654930 -0.162011 -0.246566 -0.025657 -0.223536 -0.310362 -0.156363 0.369256 0.557261 -0.208496 0.087657 -0.082841 0.017480 0.344372 0.364036 0.387032 0.574766 -0.118088 0.290215 0.005236 0.065635 -0.317328 -0.361087 -0.387939 -0.560341 -0.120334 -0.198740 -0.162447 -0.169538 -0.258875 -0.029567 -0.202670 -0.155305 -0.277090 -0.357065 -0.456859 -0.422796 -0.307667 -0.254824 -0.503490 -0.291046 -0.623730 -0.642063 -0.156163 -0.610632 -0.283721 0.079412 -0.208496 -0.430822 0.477550 0.387401 -0.523588 -0.054950 -0.533440 -0.376242 0.280387 0.098715 0.318166 0.214232 0.146115 0.301741 0.254962 0.320736 -0.020263 -0.313341 -0.182547 -0.481478 0.615265 0.707148 -0.175268 -0.057148 0.207608 -0.228867 -0.088193 -0.217727 -0.047566 0.297589 0.437461 0.327301 -0.068262 -0.221253 -0.464410 -0.205700 -0.084364 -0.217983 0.386794 0.034851 0.209506 -0.008297 -0.059488 -0.023430 -0.195304 -0.068336 -0.033690 0.136583 -0.163984 -0.199917 0.122195 0.284916 -0.012354 -0.038684
-0.538538 -0.378811 0.245735 0.646703 0.465681 0.642675 0.466686 0.527904 0.638611 1.000000 0.153511 0.533634 0.215757 0.579889 0.461418 0.763779 0.108796 -0.013639 -0.275344 -0.346916 -0.059893 0.131349 0.110476 0.448754 -0.102800 0.269654 0.028982 0.081003 0.361493 0.410082 0.243148 0.542852 0.013648 0.378988 -0.080650 0.122226 -0.096806 -0.283181 -0.183846 -0.319409 0.039181 0.024612 -0.148672 -0.093649 -0.278251 -0.009579 -0.158833 -0.249723 -0.473370 -0.419627 -0.576227 -0.485656 -0.462388 -0.335256 -0.422128 -0.405681 -0.447820 -0.393688 -0.270610 -0.439699 -0.153859 0.368475 -0.114317 -0.149525 0.268919 0.431951 -0.496432 -0.080038 -0.412777 -0.234208 0.152690 0.004166 0.300898 0.141852 0.211997 0.273068 0.240073 0.310144 0.018446 -0.304745 -0.105663 -0.343936 0.449808 0.637988 -0.069724 0.019512 0.226363 -0.284784 -0.054729 -0.216801 -0.220701 -0.012603 0.472425 0.115072 -0.047667 -0.059178 -0.431025 -0.226898 -0.227561 -0.282033 0.455037 -0.002517 0.258840 -0.085705 -0.081657 -0.071922 -0.364673 -0.241626 0.012789 0.143559 -0.319279 -0.138207 0.102655 0.294817 0.040893 -0.170704
0.089105 -0.025525 0.238368 0.270886 0.158028 -0.056794 0.182009 0.351029 0.458190 0.153511 1.000000 0.458822 0.681822 0.411355 0.449747 0.364945 0.033765 -0.201062 0.337281 0.122379 -0.286809 -0.182493 0.360596 0.364127 -0.363646 -0.255194 -0.129372 -0.109561 0.053409 -0.028524 0.138045 0.139802 -0.177917 -0.105474 -0.047179 -0.081737 -0.174965 -0.201300 -0.297614 -0.504559 -0.134866 -0.074932 -0.356960 -0.208851 -0.332228 -0.322483 -0.401918 -0.214337 0.077448 -0.245654 -0.132574 -0.135453 0.101676 -0.156677 -0.143962 -0.181774 -0.439914 -0.424086 0.104489 -0.320918 -0.047496 -0.176944 -0.146209 -0.317946 0.448553 0.147208 -0.209084 -0.131515 -0.269649 -0.182269 0.149637 -0.055659 0.006156 0.092340 0.096637 0.164417 0.203204 0.170117 -0.231238 -0.095285 -0.168418 -0.431434 0.455687 0.356303 0.173246 0.178020 0.135863 -0.220611 0.148120 -0.086461 0.056791 0.298634 0.238858 0.262403 -0.005204 -0.176491 -0.243171 -0.075626 -0.097459 -0.062060 0.060845 0.009602 -0.052485 -0.070271 -0.118162 0.031175 -0.049541 -0.016621 0.046449 0.095679 -0.083546 -0.035096 0.163820 0.202840 -0.099336 0.070437
-0.262515 0.086472 0.061401 0.414394 0.146261 0.196536 0.219571 0.583721 0.385273 0.533634 0.458822 1.000000 0.408646 0.756418 0.284873 0.553569 0.390507 0.237914 -0.040299 -0.070381 -0.184238 -0.052799 0.027942 0.363492 -0.345619 -0.081758 -0.139241 -0.021958 0.228147 0.305917 0.023780 0.355371 -0.160007 0.188987 -0.144982 -0.002992 -0.176140 -0.163365 -0.195280 -0.379043 0.062879 0.105299 -0.349071 -0.189185 -0.296145 -0.165154 -0.332061 -0.457769 -0.269283 -0.262810 -0.358155 -0.250414 -0.249782 -0.299216 -0.238448 -0.433286 -0.376358 -0.263421 -0.082596 -0.394367 -0.165388 0.318818 -0.348658 -0.151127 0.228294 0.389421 -0.410678 -0.258902 -0.262620 -0.283636 0.029029 -0.167100 0.184279 0.117725 0.234344 0.195006 0.225450 0.154622 -0.001442 0.102992 -0.007909 -0.135058 0.415117 0.424720 0.346197 0.383110 0.251560 -0.161329 0.165989 -0.200591 -0.178235 -0.119865 0.428544 0.037442 0.080967 -0.178253 -0.297701 -0.137898 -0.305129 -0.288127 0.167742 -0.148506 -0.117269 -0.242236 -0.235530 -0.030391 -0.183336 -0.095192 -0.055926 0.096386 -0.349676 -0.111952 0.026723 0.173149 -0.085357 -0.029963
0.031604 0.001090 0.098507 0.129670 0.253562 0.041033 0.287948 0.268417 0.352037 0.215757 0.681822 0.408646 1.000000 0.463651 0.370368 0.414096 0.160138 -0.091107 0.109864 -0.027995 -0.192321 -0.144703 -0.055615 0.060591 -0.497680 -0.379609 -0.153747 -0.243907 0.062000 -0.011218 -0.034857 0.031825 -0.075028 0.018638 -0.056391 0.053240 -0.054472 -0.205995 -0.124088 -0.291098 -0.091183 0.031799 -0.375260 -0.217779 -0.334974 -0.219635 -0.375948 -0.257394 0.101945 -0.211186 -0.218494 -0.212719 0.189457 -0.278244 0.117983 -0.097146 -0.329085 -0.291814 0.331545 -0.181880 0.272585 0.147756 0.060870 -0.070958 0.316933 0.209657 -0.070082 -0.052564 -0.246762 -0.178133 -0.055410 -0.219663 0.138406 0.104174 0.157657 0.140511 0.339943 0.043259 -0.150475 -0.146905 -0.022715 -0.253265 0.222463 0.218500 0.159566 0.180678 -0.029355 -0.242542 0.010963 -0.070892 -0.115837 0.070063 0.133061 0.018121 -0.110480 -0.189507 -0.171110 -0.105423 -0.203611 -0.093252 0.065289 -0.097900 0.030776 -0.167164 -0.186321 0.027012 -0.025214 0.035679 0.117766 0.076026 -0.044477 -0.019997 0.141094 0.153987 0.058829 0.105057
-0.294724 -0.011491 0.040649 0.464106 0.092406 0.245475 0.230171 0.671584 0.463211 0.579889 0.411355 0.756418 0.463651 1.000000 0.273040 0.608006 0.374400 0.101629 -0.174331 -0.156958 -0.376134 -0.121856 -0.069423 0.325191 -0.439801 -0.113800 -0.403353 -0.071677 0.346025 0.408526 0.117185 0.413020 -0.094392 0.138534 -0.193325 -0.076158 -0.244715 -0.152320 -0.465073 -0.467688 0.026997 0.028733 -0.277601 -0.191789 -0.290696 -0.096710 -0.210522 -0.396021 -0.316110 -0.229525 -0.459645 -0.322121 -0.197555 -0.287635 -0.355464 -0.431835 -0.419391 -0.372135 -0.139586 -0.313713 -0.021906 0.466180 -0.069293 -0.004062 0.222184 0.386760 -0.456391 -0.225147 -0.367805 -0.278101 0.094830 -0.027928 0.326470 0.177475 0.250970 0.171706 0.194119 0.227065 0.078873 -0.098497 0.113230 -0.160244 0.345440 0.472934 0.258830 0.261527 0.023928 -0.308014 -0.030058 -0.188715 -0.165444 -0.020496 0.395860 0.025238 -0.013276 -0.164143 -0.339457 -0.057630 -0.221848 -0.175405 0.224883 -0.213171 -0.033955 -0.206634 -0.187767 -0.012779 -0.281782 -0.085065 -0.087135 0.214739 -0.364333 -0.101621 0.080109 0.173865 0.030346 0.004310
-0.295342 -0.416965 0.409384 0.535750 0.453388 0.417704 0.536357 0.328107 0.654249 0.461418 0.449747 0.284873 0.370368 0.273040 1.000000 0.645840 -0.251146 -0.252265 0.003560 -0.221396 -0.063891 0.016402 0.403230 0.491058 -0.086069 0.046011 0.064302 -0.018745 0.173968 0.080325 0.346717 0.467801 -0.012248 0.341003 0.050355 0.008660 -0.109590 -0.322202 -0.008402 -0.340825 0.124858 -0.076573 -0.195350 -0.244389 -0.310052 -0.184137 -0.292926 -0.208156 -0.172561 -0.409181 -0.300920 -0.489460 -0.312767 -0.213347 -0.187493 -0.167176 -0.486285 -0.407696 0.130863 -0.542873 -0.091502 -0.022313 -0.091100 -0.501059 0.619341 0.423461 -0.308394 -0.175590 -0.389302 -0.280169 0.175850 0.134513 0.191155 0.084817 0.172247 0.214035 0.291336 0.262829 -0.086540 -0.291410 -0.311772 -0.523815 0.679577 0.578326 -0.211111 -0.059009 0.328634 -0.027107 0.188686 -0.043353 -0.152681 0.188459 0.371010 0.189638 -0.086033 -0.241158 -0.397599 -0.250277 -0.152319 -0.247124 0.268642 -0.097834 0.056767 -0.102261 -0.191679 -0.087699 -0.086547 -0.173669 -0.111446 -0.151938 -0.143791 -0.154120 -0.104207 0.179218 0.032202 -0.106864
-0.458981 -0.383255 0.309319 0.647704 0.392758 0.563009 0.445991 0.584563 0.654930 0.763779 0.364945 0.553569 0.414096 0.608006 0.645840 1.000000 0.004833 -0.258019 -0.186612 -0.250327 -0.115651 0.107857 0.228064 0.587958 -0.174631 0.178437 0.001366 0.059296 0.233942 0.261989 0.292451 0.520960 -0.062187 0.259088 -0.094426 0.031558 -0.197281 -0.286296 -0.111608 -0.381354 0.131285 0.025065 -0.240409 -0.183199 -0.328709 -0.092800 -0.285887 -0.257245 -0.367844 -0.468705 -0.606678 -0.521371 -0.481106 -0.356843 -0.378785 -0.393425 -0.587638 -0.510695 -0.114404 -0.509050 -0.185299 0.293170 -0.185395 -0.401574 0.388829 0.514912 -0.470544 -0.097516 -0.443913 -0.271948 0.210942 0.075652 0.249708 0.140215 0.248390 0.226958 0.268067 0.283232 -0.100141 -0.314598 -0.235115 -0.455680 0.559354 0.626758 -0.081321 0.089067 0.240534 -0.247479 0.114886 -0.201829 -0.125229 0.112873 0.516322 0.122693 0.075054 -0.087668 -0.418026 -0.124929 -0.225194 -0.302580 0.322881 -0.085142 0.122476 -0.048101 -0.024936 0.025181 -0.198798 -0.189765 -0.070867 0.157546 -0.265256 -0.145958 0.008851 0.204845 0.057823 -0.120141
0.033172 0.380891 -0.286148 -0.144540 -0.204280 -0.172662 -0.223268 -0.026291 -0.162011 0.108796 0.033765 0.390507 0.160138 0.374400 -0.251146 0.004833 1.000000 0.506924 0.040036 0.137441 -0.068993 -0.014777 -0.346017 -0.225653 -0.266728 -0.144331 -0.179550 -0.168916 0.200632 0.266606 -0.258116 -0.060313 -0.051969 0.071738 -0.210942 -0.003098 -0.153820 0.104770 0.006643 -0.048910 0.041236 0.185967 -0.327706 -0.221934 -0.091895 -0.130675 -0.174289 -0.431987 -0.025570 0.151093 -0.020373 0.221952 0.138602 -0.084390 0.201116 -0.218926 0.163290 0.316240 0.099822 0.191738 0.069022 0.295741 -0.217616 0.452464 -0.236206 -0.101209 -0.010216 -0.174338 0.233293 0.254591 -0.261297 -0.190473 0.076216 0.041497 -0.025582 0.020283 -0.141409 -0.210113 0.343849 0.319560 0.448400 0.434635 0.052974 -0.022828 0.570572 0.412524 0.012797 -0.199414 0.199729 -0.042354 -0.250423 -0.299602 -0.132114 -0.240459 0.083883 -0.113545 0.005588 0.001345 -0.231988 -0.106883 -0.031028 -0.141180 -0.240256 -0.277877 -0.209664 -0.168441 -0.099351 0.024439 -0.045505 0.055498 -0.221530 -0.051175 0.180686 0.011616 0.007493 -0.062368
0.077693 0.454583 -0.437956 -0.208187 -0.173627 -0.246216 -0.121960 -0.143089 -0.246566 -0.013639 -0.201062 0.237914 -0.091107 0.101629 -0.252265 -0.258019 0.506924 1.000000 -0.096547 0.159261 0.228793 0.092517 -0.439868 -0.379214 -0.056588 -0.140987 0.004605 -0.011195 0.270863 0.232427 -0.287613 -0.112855 -0.023937 0.053998 -0.228357 -0.133278 0.078191 0.142946 0.221771 0.073945 0.176975 0.103918 -0.008058 0.004865 0.082910 -0.052772 0.113729 -0.266889 -0.038018 0.203172 0.207073 0.251752 0.170807 0.148477 0.251850 -0.002297 0.414262 0.455298 0.056704 0.194338 0.150944 0.228846 -0.040220 0.533056 -0.206090 -0.191170 -0.014994 -0.341462 0.192564 0.022387 -0.232805 -0.091895 0.118051 -0.087684 -0.024851 -0.087808 -0.121267 -0.194814 0.350482 0.452854 0.502989 0.529615 -0.015284 -0.074202 0.363953 0.211428 -0.049743 0.012806 -0.030034 -0.047943 -0.239266 -0.438637 -0.206002 -0.248368 0.049442 -0.194206 0.080405 -0.062651 -0.037984 -0.034275 -0.080784 -0.181893 -0.050537 -0.433306 -0.431237 -0.394174 0.219588 -0.090239 0.051401 -0.228675 -0.311379 0.041644 0.040102 0.102614 -0.142230 -0.207352
0.485328 0.335578 0.177913 -0.024617 -0.059030 -0.280279 -0.129078 -0.040444 -0.025657 -0.275344 0.337281 -0.040299 0.109864 -0.174331 0.003560 -0.186612 0.040036 -0.096547 1.000000 0.640335 -0.251143 -0.299568 0.211709 -0.025052 -0.204788 -0.318449 0.015030 -0.203601 -0.088297 -0.153837 -0.041434 -0.231318 0.095795 -0.045633 0.077126 -0.109296 -0.108812 -0.201139 -0.069287 -0.111007 -0.265924 -0.040957 -0.201618 -0.138164 -0.245986 -0.489506 -0.207667 -0.040378 -0.020450 -0.035568 0.011298 0.003013 0.132344 0.048213 0.024348 -0.071975 0.066253 0.148833 -0.007781 0.007068 -0.067600 -0.389480 -0.138515 -0.008991 0.044340 -0.279476 0.091704 -0.164256 0.285288 0.254185 0.118925 -0.032582 -0.165294 0.103927 0.046653 0.107145 0.024986 0.007345 -0.007187 0.079643 -0.004129 0.024237 0.119800 0.015849 0.126449 0.109697 0.074225 -0.061215 0.218261 -0.046806 0.183293 0.247591 -0.037074 0.186234 -0.201125 -0.248812 -0.151268 -0.205173 -0.074657 -0.055074 0.030394 0.216033 -0.140965 -0.001108 -0.083793 0.001985 0.100391 0.101680 -0.061554 -0.096191 0.081946 -0.091837 -0.123899 -0.034660 -0.139352 -0.177631
0.552801 0.615542 -0.254004 -0.206776 -0.269204 -0.319059 -0.450194 -0.202813 -0.223536 -0.346916 0.122379 -0.070381 -0.027995 -0.156958 -0.221396 -0.250327 0.137441 0.159261 0.640335 1.000000 -0.130271 -0.203146 0.015795 -0.166843 -0.099896 -0.262142 0.018491 0.040993 -0.094648 -0.070556 -0.102033 -0.379834 -0.001799 -0.217054 -0.170439 -0.274884 -0.036948 0.076978 0.026447 0.021399 -0.141428 -0.010736 -0.097325 -0.098593 -0.159500 -0.444616 -0.063561 -0.057210 0.034546 0.057771 0.090380 0.073451 0.253928 0.090048 0.083227 0.000961 0.343312 0.389237 -0.052166 0.216749 0.041487 -0.232944 -0.050920 0.197732 -0.219256 -0.474755 0.092397 -0.266770 0.425687 0.411923 0.148935 0.140404 -0.127066 0.083387 0.056315 0.103348 -0.040962 -0.062945 0.128979 0.320882 0.220029 0.319027 -0.023374 -0.119901 0.171382 0.161519 -0.033153 0.009259 0.186940 0.060911 0.142840 0.017254 -0.180882 -0.018073 0.090447 -0.161522 0.020411 -0.066671 0.042304 -0.047613 -0.110270 0.085213 -0.143144 -0.076702 -0.043300 0.003787 0.294047 0.149242 -0.161665 0.037880 -0.027065 -0.024515 0.019633 -0.041219 -0.263428 -0.277675
-0.024043 -0.074173 -0.149587 -0.183762 0.197487 -0.017622 -0.040880 -0.276766 -0.310362 -0.059893 -0.286809 -0.184238 -0.192321 -0.376134 -0.063891 -0.115651 -0.068993 0.228793 -0.251143 -0.130271 1.000000 0.709445 -0.055985 -0.021222 0.281683 0.234090 0.629721 0.384556 -0.003216 -0.186787 -0.053349 -0.018322 0.049039 -0.004197 0.038057 0.073265 0.248289 -0.079320 0.517919 0.324004 0.227732 0.131544 0.056110 0.101269 0.247869 0.164952 0.011834 0.106387 0.114516 0.040083 0.315778 0.077290 0.005538 0.027084 0.228261 0.218941 0.304853 0.163834 0.103028 0.177452 0.127160 0.084018 0.030013 0.079988 -0.033680 0.055952 0.154312 0.087452 0.136570 0.035114 -0.307054 -0.293801 -0.101305 -0.316278 -0.141289 -0.279522 -0.140294 -0.181201 0.010764 0.029070 -0.107807 0.015040 -0.041615 -0.134324 -0.029412 0.078941 0.238672 0.169545 0.051979 0.015236 -0.222047 -0.397476 -0.237969 -0.274204 0.087010 -0.106302 0.240378 -0.078331 -0.095430 -0.224390 -0.046689 -0.146333 -0.055801 -0.203578 -0.111764 -0.207797 0.147733 -0.143285 0.009129 -0.227034 -0.036014 -0.201391 -0.116253 -0.077693 -0.146676 -0.266845
-0.324398 -0.144514 -0.084809 0.087006 0.264334 0.116867 -0.036494 -0.141665 -0.156363 0.131349 -0.182493 -0.052799 -0.144703 -0.121856 0.016402 0.107857 -0.014777 0.092517 -0.299568 -0.203146 0.709445 1.000000 0.067090 0.237234 0.280540 0.386518 0.535508 0.513586 0.213435 0.006872 0.128564 0.244422 -0.041266 -0.050799 -0.048882 -0.032662 0.114400 -0.051841 0.398129 0.177110 0.288286 0.124539 0.004612 -0.020101 0.196006 0.172422 0.002605 -0.122108 0.019358 -0.101204 0.135819 -0.030113 -0.057632 -0.080147 0.097221 -0.023443 0.027594 -0.019361 -0.096715 0.035993 0.051166 0.166155 0.014133 -0.071925 0.041748 0.115785 -0.053581 0.053219 0.051773 0.051858 -0.167564 -0.156112 0.005605 -0.258919 -0.111761 -0.216941 -0.127149 -0.117335 0.089486 -0.075459 -0.124197 -0.083950 0.096478 0.052837 0.025466 0.044768 0.286304 0.026114 0.147590 0.011659 -0.111758 -0.250426 0.032536 -0.084801 0.140905 -0.058607 -0.071074 -0.097710 -0.128444 -0.258940 0.137091 0.026137 -0.071945 -0.145987 -0.034591 -0.112297 0.031514 -0.197749 0.068482 -0.166916 -0.212591 -0.205990 0.047939 0.039528 -0.060714 -0.252283
-0.290898 -0.415314 0.348430 0.433775 0.181138 0.132266 0.113034 0.115887 0.369256 0.110476 0.360596 0.027942 -0.055615 -0.069423 0.403230 0.228064 -0.346017 -0.439868 0.211709 0.015795 -0.055985 0.067090 1.000000 0.682287 0.261185 0.232037 0.170806 0.325029 0.020074 0.059167 0.551343 0.373840 -0.093726 0.033555 0.228803 0.007686 -0.072235 -0.078146 -0.115854 -0.275563 -0.192624 -0.190518 -0.120259 -0.123471 -0.262926 -0.151284 -0.253649 -0.017270 -0.228908 -0.288615 -0.182664 -0.285751 -0.338898 -0.164846 -0.371625 -0.202396 -0.442447 -0.496902 -0.359436 -0.473098 -0.417572 -0.443140 -0.192849 -0.584156 0.380079 -0.025456 -0.215185 0.018356 -0.268844 -0.201634 0.380118 0.279490 0.024976 0.172119 0.052428 0.182135 0.103827 0.340786 -0.217484 -0.139087 -0.384279 -0.501167 0.524177 0.408684 -0.076521 -0.018398 0.448653 -0.127810 0.284861 -0.172747 0.162143 0.427731 0.325061 0.449099 -0.044664 0.100854 -0.332180 -0.134740 -0.093581 -0.174590 0.152255 0.212512 -0.047530 0.332480 0.205799 0.212387 -0.215095 -0.105956 -0.054594 0.091821 0.003300 -0.141950 -0.090521 0.130057 -0.069767 0.055178
-0.529731 -0.490474 0.333365 0.696476 0.260307 0.286644 0.240201 0.488209 0.557261 0.448754 0.364127 0.363492 0.060591 0.325191 0.491058 0.587958 -0.225653 -0.379214 -0.025052 -0.166843 -0.021222 0.237234 0.682287 1.000000 0.052828 0.414919 0.110243 0.375602 0.163775 0.165359 0.523665 0.659620 -0.187230 0.154807 0.087837 0.102443 -0.168416 -0.212334 -0.242753 -0.368067 -0.016781 -0.090913 -0.192993 -0.145933 -0.314001 0.014879 -0.272994 -0.080887 -0.394739 -0.485218 -0.430708 -0.483548 -0.530563 -0.377329 -0.525667 -0.419228 -0.672652 -0.688590 -0.517257 -0.672667 -0.491366 -0.077771 -0.278584 -0.630074 0.456946 0.387930 -0.541151 0.078588 -0.412569 -0.314531 0.268922 0.149119 0.078085 0.228048 0.225095 0.155195 0.232239 0.443996 -0.229093 -0.295275 -0.426318 -0.608487 0.611126 0.600963 -0.026899 0.072268 0.496671 -0.154620 0.239577 -0.219923 0.106383 0.333521 0.584599 0.341752 0.027310 0.038398 -0.425809 -0.102647 -0.159921 -0.292519 0.373935 0.097166 -0.018306 0.219223 0.198915 0.191132 -0.330699 -0.165485 -0.092613 0.166397 -0.087685 -0.184534 -0.037207 0.173736 -0.034371 -0.039272
-0.168398 -0.183985 0.185830 -0.110402 -0.002762 0.104140 0.086278 -0.209823 -0.208496 -0.102800 -0.363646 -0.345619 -0.497680 -0.439801 -0.086069 -0.174631 -0.266728 -0.056588 -0.204788 -0.099896 0.281683 0.280540 0.261185 0.052828 1.000000 0.623659 0.286933 0.409049 -0.027375 0.090248 0.348965 0.128029 0.040085 0.069086 0.194826 0.010298 0.114763 0.156569 0.191785 0.283607 0.163935 -0.108994 0.222383 0.179002 0.187806 0.197232 0.193193 0.086891 -0.185069 -0.092713 0.107059 -0.016117 -0.309338 0.103803 -0.042463 0.020995 0.179679 0.071555 -0.238169 -0.018886 -0.194513 -0.291293 0.071409 -0.097682 -0.109347 -0.229504 0.110921 0.105297 -0.009830 -0.113980 0.210001 0.267270 0.052214 -0.102499 -0.041896 -0.139363 -0.144555 -0.089325 0.045959 0.170307 -0.052339 0.093829 -0.075987 -0.116559 -0.333558 -0.330379 -0.038413 -0.066101 -0.191098 -0.113295 -0.083855 -0.154770 -0.071452 0.122008 0.155323 0.285451 0.088274 0.114470 0.022892 -0.032293 0.087683 0.148954 0.157419 0.088632 0.037482 -0.037273 -0.024275 -0.214041 0.040259 -0.078014 0.113310 0.085323 -0.060717 -0.165315 0.065587 0.030760
-0.462625 -0.335599 0.342420 0.155661 -0.042033 0.229776 0.179965 0.069226 0.087657 0.269654 -0.255194 -0.081758 -0.379609 -0.113800 0.046011 0.178437 -0.144331 -0.140987 -0.318449 -0.262142 0.234090 0.386518 0.232037 0.414919 0.623659 1.000000 0.104624 0.546660 0.028401 0.075902 0.466252 0.482764 0.092407 0.207500 0.161065 0.145439 -0.001124 0.119590 0.025143 0.067067 0.256344 0.035533 0.022179 -0.009461 -0.089004 0.198436 -0.085259 -0.065305 -0.411001 -0.348302 -0.232187 -0.288571 -0.469965 -0.219843 -0.301494 -0.204864 -0.139709 -0.145708 -0.432762 -0.243472 -0.306481 0.013165 -0.065524 -0.208562 0.004755 0.128222 -0.136628 0.310589 -0.155032 -0.066489 0.165753 0.222064 0.048994 0.143580 0.156441 -0.010460 -0.018610 0.089134 -0.035641 -0.145688 -0.126621 -0.147919 0.102984 0.131840 -0.210554 -0.122744 0.067960 -0.163276 -0.161043 -0.102783 -0.050051 -0.036361 0.237603 0.270382 0.124319 0.190426 -0.089147 -0.023434 -0.135122 -0.141389 0.272219 0.153537 0.205711 0.134080 0.185596 0.091301 -0.211567 -0.253536 -0.066527 0.036770 -0.020995 -0.048472 -0.039852 0.051814 0.061425 -0.009583
-0.003698 -0.084657 -0.019051 0.020047 0.562088 0.220970 -0.065399 -0.188224 -0.082841 0.028982 -0.129372 -0.139241 -0.153747 -0.403353 0.064302 0.001366 -0.179550 0.004605 0.015030 0.018491 0.629721 0.535508 0.170806 0.110243 0.286933 0.104624 1.000000 0.321533 0.005735 -0.120996 -0.088357 -0.153566 -0.233965 -0.085527 0.013797 -0.022048 0.153217 -0.191023 0.465226 0.317562 0.027148 -0.012000 0.046773 0.075164 0.176895 0.047322 0.067232 0.124042 0.040337 -0.101888 0.168869 -0.058472 -0.069640 0.043263 0.207793 0.172800 0.104367 -0.021211 0.007777 0.018039 -0.025542 -0.147037 -0.073413 -0.136366 -0.027808 -0.056351 0.019569 0.033525 0.031330 0.041606 -0.069230 -0.254425 -0.183914 -0.255168 -0.161351 -0.156976 -0.137559 -0.002717 -0.113823 -0.051990 -0.241807 -0.187667 0.074060 0.010293 -0.106118 0.013237 0.374655 0.226092 0.145707 -0.068371 -0.048728 -0.124746 -0.078614 -0.072405 0.189016 0.054460 0.001999 0.009868 -0.047615 -0.163590 0.065755 0.094492 0.033356 0.014830 0.061872 -0.039041 0.167047 -0.139679 -0.014116 -0.037663 0.057315 -0.161953 0.013268 0.013700 -0.056319 -0.234850
-0.239688 -0.049770 0.064920 0.116283 0.063352 0.112800 -0.167560 0.041487 0.017480 0.081003 -0.109561 -0.021958 -0.243907 -0.071677 -0.018745 0.059296 -0.168916 -0.011195 -0.203601 0.040993 0.384556 0.513586 0.325029 0.375602 0.409049 0.546660 0.321533 1.000000 -0.022343 -0.018880 0.304547 0.259330 -0.209705 -0.075024 0.074143 -0.023902 -0.116611 0.066009 0.077683 -0.038401 0.138919 0.034994 -0.001154 0.024394 0.086861 0.186320 -0.055503 -0.055028 -0.143442 -0.101388 0.031394 -0.085624 -0.196869 -0.061175 -0.212182 -0.075386 -0.093459 -0.140654 -0.279097 -0.059179 -0.201874 -0.028374 -0.166056 -0.190331 -0.034620 -0.000985 -0.039608 0.197253 -0.064457 0.031219 0.049662 0.044124 -0.147544 0.028770 0.029522 -0.134153 -0.123582 -0.038485 -0.081217 -0.028666 -0.168023 -0.131689 0.146594 -0.001049 0.007441 0.064915 0.309259 -0.032577 0.023991 0.030207 0.050391 -0.046368 0.079245 0.145796 0.178147 -0.031166 -0.047522 -0.010851 -0.088525 -0.178885 0.110321 -0.028465 0.041875 0.040657 0.118591 -0.004823 0.033879 -0.195852 -0.228249 0.030029 -0.227472 -0.142674 0.062157 0.077528 -0.108829 -0.168951
-0.315304 -0.139361 -0.039689 0.341955 0.278826 0.206072 0.202732 0.210813 0.344372 0.361493 0.053409 0.228147 0.062000 0.346025 0.173968 0.233942 0.200632 0.270863 -0.088297 -0.094648 -0.003216 0.213435 0.020074 0.163775 -0.027375 0.028401 0.005735 -0.022343 1.000000 0.641168 0.202189 0.416297 -0.074622 0.112145 -0.180797 -0.175393 0.133993 -0.074048 -0.042650 -0.120883 0.094225 0.032384 -0.162789 -0.275659 -0.078521 -0.044471 -0.123701 -0.398693 -0.335025 -0.258577 -0.179376 -0.179481 -0.125350 -0.039011 -0.184872 -0.311842 -0.147995 -0.160302 -0.254428 -0.251608 -0.107792 0.132043 0.059128 0.014252 0.217095 -0.025189 -0.416623 -0.305311 -0.196374 -0.163077 0.173251 0.085670 0.598853 0.098213 0.090759 0.126828 0.056436 -0.051083 0.439773 0.000725 0.407715 0.127886 0.457808 0.545380 0.168120 -0.016360 0.203250 -0.179994 0.029833 -0.148456 -0.200183 -0.115545 0.173208 0.045834 0.019793 -0.185371 -0.423919 -0.149222 -0.239067 -0.273613 0.225300 0.167260 0.133160 -0.279684 -0.306741 -0.233955 0.003720 -0.138132 0.093128 -0.111249 -0.405529 -0.206030 0.123109 0.322444 -0.133839 -0.303046
-0.343038 -0.140535 0.117618 0.438635 0.113557 0.316402 0.286027 0.381378 0.364036 0.410082 -0.028524 0.305917 -0.011218 0.408526 0.080325 0.261989 0.266606 0.232427 -0.153837 -0.070556 -0.186787 0.006872 0.059167 0.165359 0.090248 0.075902 -0.120996 -0.018880 0.641168 1.000000 0.332789 0.508501 0.093639 0.241135 -0.120857 -0.068157 -0.060108 -0.119987 -0.285610 -0.400323 -0.079781 -0.062983 -0.099453 -0.129970 -0.137367 -0.058591 -0.002171 -0.357728 -0.445490 -0.173113 -0.344376 -0.163349 -0.277414 -0.139132 -0.360539 -0.322241 -0.140513 -0.213073 -0.299588 -0.275529 -0.089763 0.239172 0.014423 0.115073 0.140742 -0.092417 -0.401331 -0.356678 -0.235659 -0.290336 0.230883 0.201507 0.589415 0.264671 0.194152 0.243472 0.065005 0.097523 0.382730 0.093760 0.285882 0.094958 0.315034 0.491983 0.029936 -0.113811 0.032427 -0.347105 -0.104152 -0.365321 -0.209260 -0.161792 0.256057 0.057203 -0.062407 -0.254602 -0.328080 -0.154996 -0.216855 -0.293557 0.301971 -0.013616 0.037355 -0.267496 -0.235808 -0.197042 -0.221223 -0.165270 -0.056940 0.028900 -0.284935 -0.147378 -0.006711 0.251375 0.028791 -0.092220
-0.332592 -0.411055 0.368001 0.396455 0.073192 0.226227 0.252148 0.277498 0.387032 0.243148 0.138045 0.023780 -0.034857 0.117185 0.346717 0.292451 -0.258116 -0.287613 -0.041434 -0.102033 -0.053349 0.128564 0.551343 0.523665 0.348965 0.466252 -0.088357 0.304547 0.202189 0.332789 1.000000 0.661513 0.240908 0.340976 0.192246 0.019209 -0.083674 -0.117315 -0.238214 -0.349552 0.133855 -0.053494 -0.048382 -0.087258 -0.202413 0.018015 -0.115685 -0.180450 -0.388474 -0.371745 -0.318392 -0.475652 -0.431490 -0.224507 -0.464319 -0.380949 -0.290388 -0.446628 -0.409973 -0.478789 -0.229899 -0.125486 0.131613 -0.337530 0.302169 0.053058 -0.214755 -0.022291 -0.366766 -0.368463 0.459606 0.423599 0.332540 0.284344 0.186835 0.266139 0.287805 0.335486 0.106772 -0.121797 -0.166051 -0.249651 0.382905 0.448231 -0.287987 -0.208120 0.102669 -0.315677 -0.114897 -0.304903 0.027944 0.088327 0.353070 0.350282 -0.196949 -0.052466 -0.354809 -0.217713 -0.131013 -0.288913 0.222360 0.103846 0.018583 0.041737 -0.021779 -0.029145 -0.134640 -0.240545 -0.085303 -0.022120 -0.140046 -0.243621 -0.016055 0.086018 -0.013030 -0.099966
-0.641790 -0.504382 0.436797 0.715012 0.187884 0.349467 0.465233 0.562540 0.574766 0.542852 0.139802 0.355371 0.031825 0.413020 0.467801 0.520960 -0.060313 -0.112855 -0.231318 -0.379834 -0.018322 0.244422 0.373840 0.659620 0.128029 0.482764 -0.153566 0.259330 0.416297 0.508501 0.661513 1.000000 0.125468 0.524186 0.124475 0.154216 -0.115161 -0.149528 -0.285730 -0.467661 0.132644 0.037816 -0.132481 -0.192970 -0.286805 0.094375 -0.212621 -0.321237 -0.499817 -0.477332 -0.488674 -0.520286 -0.540524 -0.416692 -0.589100 -0.548767 -0.556888 -0.559642 -0.408692 -0.622582 -0.375725 0.168920 -0.182895 -0.381096 0.377837 0.378761 -0.481705 0.016162 -0.486643 -0.467628 0.277405 0.238358 0.339441 0.253083 0.251724 0.288887 0.191516 0.358659 0.123933 -0.214816 -0.152506 -0.364361 0.574778 0.665911 -0.072623 -0.066353 0.234881 -0.327602 0.005902 -0.349324 -0.055781 0.071336 0.541661 0.331620 -0.172589 -0.180520 -0.475473 -0.278745 -0.255782 -0.470759 0.350314 0.035688 0.086910 -0.084526 -0.079329 -0.036603 -0.308237 -0.236129 0.050396 -0.115991 -0.270394 -0.312417 -0.075217 0.251950 0.035598 -0.058747
0.079122 -0.058158 0.190392 -0.019607 -0.232231 -0.021047 0.205140 -0.086387 -0.118088 0.013648 -0.177917 -0.160007 -0.075028 -0.094392 -0.012248 -0.062187 -0.051969 -0.023937 0.095795 -0.001799 0.049039 -0.041266 -0.093726 -0.187230 0.040085 0.092407 -0.233965 -0.209705 -0.074622 0.093639 0.240908 0.125468 1.000000 0.511999 0.196674 0.239465 0.176162 0.042332 -0.012452 -0.103971 0.108247 0.153697 -0.146365 -0.190905 -0.177186 -0.234516 -0.130695 -0.195415 -0.188763 -0.090234 -0.154361 -0.117658 -0.148814 -0.171988 -0.037087 -0.053443 0.230718 0.203754 0.037183 0.002710 0.305248 0.104253 0.329227 0.225540 0.132232 0.013733 0.204704 -0.071191 0.035609 0.001989 -0.032863 0.020254 0.229179 0.149898 0.121958 0.121886 0.283494 -0.037870 -0.005413 -0.008618 0.058628 0.072610 -0.111014 -0.071796 -0.049379 -0.140137 -0.134672 -0.089941 -0.137842 0.003954 -0.233041 -0.158965 -0.054168 0.104436 -0.449313 -0.152951 -0.062362 -0.260542 -0.118242 -0.018301 -0.068212 -0.022568 -0.107277 -0.152841 -0.249443 -0.082605 -0.052989 -0.088445 0.013266 -0.295277 -0.058633 -0.076763 -0.150091 -0.038382 0.289740 0.102566
-0.243710 -0.244227 0.264564 0.349005 0.150481 0.194520 0.361945 0.185308 0.290215 0.378988 -0.105474 0.188987 0.018638 0.138534 0.341003 0.259088 0.071738 0.053998 -0.045633 -0.217054 -0.004197 -0.050799 0.033555 0.154807 0.069086 0.207500 -0.085527 -0.075024 0.112145 0.241135 0.340976 0.524186 0.511999 1.000000 0.339255 0.517065 0.037037 -0.107058 -0.048926 -0.202417 0.161104 0.060949 -0.247018 -0.304046 -0.321587 -0.065192 -0.223343 -0.353007 -0.415651 -0.400374 -0.411282 -0.409045 -0.427566 -0.337193 -0.130102 -0.333097 -0.130721 -0.049186 0.000166 -0.455371 -0.008197 0.216180 -0.059114 -0.033891 0.278381 0.335939 -0.072039 0.042393 -0.147088 -0.291173 -0.057342 0.067131 0.321764 0.128310 0.191132 0.213159 0.361353 0.250392 0.139155 -0.007636 -0.003107 -0.094990 0.267065 0.282303 -0.021915 -0.144276 0.160714 -0.106646 -0.027330 -0.116152 -0.326840 -0.173055 0.162976 0.039091 -0.367795 -0.104309 -0.257785 -0.308484 -0.400516 -0.356025 0.174803 -0.104252 -0.085673 -0.090566 -0.212550 -0.052858 -0.296685 -0.145988 0.045676 -0.187950 -0.160786 -0.247400 -0.108469 0.165928 0.226249 0.019639
0.029586 -0.173423 0.338317 0.023160 0.107490 -0.010879 0.190088 -0.004533 0.005236 -0.080650 -0.047179 -0.144982 -0.056391 -0.193325 0.050355 -0.094426 -0.210942 -0.228357 0.077126 -0.170439 0.038057 -0.048882 0.228803 0.087837 0.194826 0.161065 0.013797 0.074143 -0.180797 -0.120857 0.192246 0.124475 0.196674 0.339255 1.000000 0.472469 -0.024031 0.086192 0.020259 0.005814 -0.119811 -0.131148 -0.204838 -0.192675 -0.141184 0.002393 -0.165549 -0.000645 -0.157677 -0.201389 -0.130232 -0.133512 -0.225040 -0.186436 -0.149124 -0.067960 -0.063260 -0.115169 0.038769 -0.160569 -0.028667 -0.123569 0.009373 -0.147221 0.193066 0.126925 0.190103 0.317528 -0.034138 -0.290074 0.068865 0.129613 0.006398 -0.060380 -0.046116 -0.010413 0.147494 0.185795 -0.109983 -0.097093 -0.273391 -0.231059 -0.024094 -0.099903 -0.102120 -0.186325 0.089387 -0.020960 -0.117310 -0.138661 -0.139635 0.053487 -0.024069 0.076144 -0.313175 0.117044 -0.074299 -0.110087 -0.353023 -0.132703 0.014262 -0.077819 -0.072427 0.243261 0.134626 0.274290 -0.250321 0.045643 -0.154823 0.036375 0.212861 -0.126856 -0.277830 -0.027182 0.254718 0.214388
-0.105642 -0.233036 0.139940 0.042840 0.079403 0.032203 0.149691 0.014136 0.065635 0.122226 -0.081737 -0.002992 0.053240 -0.076158 0.008660 0.031558 -0.003098 -0.133278 -0.109296 -0.274884 0.073265 -0.032662 0.007686 0.102443 0.010298 0.145439 -0.022048 -0.023902 -0.175393 -0.068157 0.019209 0.154216 0.239465 0.517065 0.472469 1.000000 -0.019043 -0.001017 0.005430 -0.022690 -0.023196 -0.026580 -0.339738 -0.214471 -0.210758 0.130565 -0.338434 -0.050271 -0.164798 -0.261132 -0.258731 -0.189376 -0.265275 -0.362574 0.000082 -0.133372 -0.142430 -0.064397 0.120674 -0.209680 -0.029880 0.134156 -0.142094 -0.038760 0.186887 0.310913 0.147408 0.531105 -0.158512 -0.128411 -0.270123 -0.172349 0.054292 -0.028011 0.051303 0.000724 0.251641 0.189250 -0.141790 -0.016501 -0.131472 -0.178000 0.013159 -0.099284 0.051877 -0.096326 0.136426 0.052513 -0.022078 -0.024068 -0.175594 -0.116729 -0.050222 -0.091775 -0.407771 0.152747 -0.031198 -0.153478 -0.421575 -0.196114 0.039336 -0.162207 -0.163743 0.271576 0.234125 0.248287 -0.321362 0.192899 -0.020061 0.068247 0.321026 -0.137833 -0.044134 0.035334 0.174658 0.303926
