1.000000 0.008215 -0.195101 -0.446104 0.026985 -0.094802 0.141350 -0.340262 -0.089680 -0.331070 0.575341 0.003184 0.355028 0.121392 0.091350 -0.183194 0.093729 -0.141393 -0.136742 -0.155632 0.095688 0.069831 -0.104615 -0.122656 -0.224679 -0.285345 0.124504 0.034938 0.383117 -0.296111 -0.012562 -0.290120 0.095065 -0.584134 -0.201424 -0.475580 0.155204 -0.135964 0.098594 -0.149986 -0.043202 -0.229336 0.046425 0.080807 0.019087 -0.118239 0.212505 0.092860 0.191669 0.246094 0.118850 0.324398 0.083964 0.155267 -0.140474 0.206861 0.244497 -0.043478 0.500489 0.394232 -0.098533 -0.226914 0.224577 -0.047123 -0.156726 -0.175841 0.277412 0.056096 0.028704 0.022520 -0.155933 -0.006766 -0.106711 -0.103188 -0.290239 -0.047691 -0.030833 -0.092972 -0.006768 -0.151771 0.076802 -0.083858 0.062692 -0.025361 -0.056990 0.261433 -0.148984 0.133246 -0.114019 0.276971 -0.248363 -0.010061 -0.298137 -0.227291 -0.054593 -0.173745 -0.174184 0.031819 -0.075082 -0.180069 -0.182730 0.012961 -0.106100 0.023212 0.100289 0.040366 0.095289 0.179462 -0.236741 -0.112746 -0.123299 -0.223388 -0.040521 -0.138871 -0.186935 -0.226002
0.008215 1.000000 -0.198662 -0.016471 -0.089589 -0.227117 -0.335030 -0.170686 -0.076969 -0.056124 0.061607 0.230216 -0.220280 -0.126737 -0.115974 0.010628 0.333390 0.468956 0.152108 0.401048 -0.336926 -0.126451 -0.271943 -0.159460 -0.341779 -0.449434 -0.201958 -0.145234 -0.104665 0.075558 -0.443709 -0.339704 0.132651 0.106107 -0.012622 -0.132903 0.034890 0.165336 -0.057198 -0.180325 0.099616 0.118490 -0.059281 -0.076408 -0.079352 -0.164025 0.154957 0.187375 0.163104 -0.052651 -0.068807 0.121839 0.010451 0.165233 -0.030973 0.055099 0.383161 0.386635 0.211350 0.206198 0.354134 -0.007285 0.387804 0.422780 -0.253838 -0.212016 0.070466 -0.092343 0.362579 0.386109 -0.320568 -0.350281 -0.131595 -0.177134 -0.032566 -0.005625 0.015969 0.043713 0.032554 0.312125 0.355818 0.323247 0.124944 0.251174 -0.098245 -0.130002 0.159769 -0.353958 -0.143309 -0.076191 0.052327 -0.249564 -0.251290 -0.309108 -0.053270 -0.135411 0.108470 -0.077642 -0.009866 -0.161419 -0.030043 -0.067453 -0.014438 -0.093475 -0.078397 -0.036041 0.027595 -0.088790 -0.035504 -0.082002 -0.025858 -0.149033 -0.338400 -0.242394 0.079986 0.049637
-0.195101 -0.198662 1.000000 0.340878 0.546585 0.170849 0.519035 0.408123 0.452371 0.346145 -0.039683 -0.001267 0.258779 0.302517 0.294918 0.212589 -0.205429 -0.221421 0.171234 -0.087842 0.109802 -0.087464 0.291160 -0.040123 0.386178 0.299637 0.136452 0.146355 -0.215290 -0.128598 0.226196 0.219732 -0.135746 0.140898 0.021249 0.217680 -0.194381 -0.306620 -0.058093 -0.220188 -0.222032 -0.092575 -0.303078 -0.241932 -0.224779 -0.191469 -0.215535 -0.225303 -0.038785 -0.133057 0.156648 -0.215410 0.062267 -0.167337 0.081408 -0.173775 -0.216673 -0.203365 -0.039855 -0.131978 0.133266 0.150828 -0.178701 -0.257579 0.173121 0.191342 -0.190351 0.066575 -0.086302 -0.073525 0.120599 -0.017658 -0.178181 0.043154 0.031952 -0.147400 -0.162842 -0.202986 -0.107128 -0.128331 -0.171156 -0.143844 -0.076912 0.051861 -0.128664 -0.156943 -0.175844 -0.296934 0.086542 -0.033613 -0.092437 0.014117 0.064501 0.206219 -0.185905 -0.053798 -0.161170 -0.053881 -0.177911 -0.122535 0.091777 -0.113385 0.048828 -0.248612 -0.094830 -0.252749 0.071405 -0.048543 -0.027957 -0.081421 -0.090506 -0.068420 -0.016544 -0.121190 -0.078073 0.104356
-0.446104 -0.016471 0.340878 1.000000 0.054502 0.113528 0.034298 0.736159 0.108519 0.318993 -0.449160 0.119458 -0.127368 0.149520 0.082174 0.260931 -0.082744 -0.185146 0.129588 0.042458 -0.193604 -0.226946 0.325150 0.338420 0.174683 0.092216 -0.185662 0.081456 -0.507767 -0.125005 0.061572 0.137637 -0.251807 0.038257 -0.045433 0.077698 -0.185597 0.073935 -0.179198 -0.050903 -0.216909 0.015860 -0.270451 -0.261744 -0.277310 -0.241835 -0.271427 -0.225005 -0.110272 -0.211009 0.133362 -0.242023 -0.036226 -0.181759 0.159986 -0.086337 -0.212626 -0.153851 -0.237912 -0.210225 0.080296 0.392420 -0.098666 -0.051081 0.097348 0.386375 -0.282633 -0.103622 -0.119956 -0.152670 -0.032424 -0.049479 -0.080144 0.085426 0.166893 -0.147500 -0.057264 -0.098705 -0.057368 -0.106562 -0.130182 -0.230344 -0.199720 -0.107713 -0.081631 0.071037 0.020464 -0.150391 0.210274 -0.137501 0.196729 -0.156102 0.421034 0.048924 -0.041696 0.016436 -0.062284 -0.032025 -0.053549 -0.067371 0.054175 -0.106336 0.084332 -0.185463 -0.149223 -0.113695 -0.119254 -0.067541 -0.183531 -0.168426 -0.256488 0.037215 -0.093626 -0.013359 0.128020 -0.143841
0.026985 -0.089589 0.546585 0.054502 1.000000 0.230688 0.361945 0.191845 0.382832 0.155803 0.255550 0.125411 0.525245 0.445398 0.169758 0.173674 -0.322124 -0.200778 0.011713 -0.253352 0.170539 -0.064621 -0.079068 -0.321547 0.081677 0.035721 0.507211 0.119444 -0.080990 -0.072192 0.207504 0.075247 -0.053782 0.027445 0.238617 0.209857 -0.267225 -0.332868 -0.226787 -0.107586 -0.184688 -0.290239 -0.180458 -0.156190 -0.133275 -0.035629 -0.184189 -0.197361 -0.119685 -0.151204 0.196323 -0.134736 0.055150 -0.136891 0.160724 0.013113 -0.093058 -0.084903 0.042079 -0.103749 0.348637 0.223060 -0.061895 -0.046257 0.039926 0.316031 -0.049667 0.187753 0.001428 0.024819 0.027096 0.141035 -0.263182 -0.073188 -0.286897 -0.014224 -0.199021 -0.123821 -0.316304 -0.103032 -0.236871 -0.234632 0.016492 0.126520 -0.294046 0.037405 -0.149994 -0.073996 -0.122057 0.071142 -0.115109 -0.047720 -0.034596 0.053771 -0.070478 0.004723 -0.091823 -0.011185 -0.197755 -0.080419 -0.066307 -0.214435 -0.294201 -0.182252 -0.192942 -0.208310 0.071747 -0.024947 0.059844 -0.059829 -0.084705 0.064995 0.028461 -0.034981 0.076768 0.118400
-0.094802 -0.227117 0.170849 0.113528 0.230688 1.000000 0.198478 0.106938 0.087862 0.290110 -0.023976 0.098297 0.015295 0.121435 0.017552 0.198371 0.021798 -0.260284 -0.165752 -0.185913 0.338959 0.366615 -0.045092 -0.023391 0.078332 0.367627 0.538885 0.641477 -0.041093 -0.089331 -0.000716 0.084159 -0.271472 0.041800 0.050252 0.181791 -0.135977 -0.145715 0.101411 0.148846 0.140997 0.113667 -0.227222 -0.157988 -0.117371 -0.115160 -0.213732 -0.270532 -0.127542 -0.278852 -0.206372 -0.252101 -0.041049 -0.322009 0.220027 -0.041348 -0.122329 -0.110575 -0.170078 -0.208932 0.118336 0.174836 -0.235641 -0.177935 0.000130 0.325422 -0.131743 0.071568 -0.228384 -0.194589 0.229602 0.019087 -0.089630 0.040902 0.132107 0.021955 -0.132256 -0.176319 0.012589 -0.322050 -0.166973 -0.253995 0.030296 0.293222 -0.061329 0.096540 -0.276487 0.250715 0.046366 0.134713 0.053002 0.023809 0.251152 0.120072 0.155393 0.188335 0.102904 0.108596 0.155563 0.174508 0.002874 -0.269102 0.071044 -0.058071 0.083274 0.174264 -0.010273 0.062919 0.199137 0.009532 -0.021478 -0.028146 0.151233 0.136892 0.203978 0.210890
0.141350 -0.335030 0.519035 0.034298 0.361945 0.198478 1.000000 0.358286 0.222066 0.260704 0.094431 0.040256 0.465636 0.351055 0.188032 0.213976 -0.298863 -0.296937 0.014960 -0.037369 0.248038 -0.011477 0.031892 -0.030595 0.050259 0.166773 0.139555 0.003889 0.060765 -0.040262 0.293843 0.204078 -0.102047 -0.034072 -0.000918 0.034372 -0.064223 -0.299122 -0.050151 -0.251047 -0.226229 -0.300545 -0.135031 -0.141625 0.028781 0.043511 -0.136481 -0.216629 -0.047319 -0.033175 -0.069945 -0.266957 0.041098 -0.251588 -0.001273 -0.210988 -0.272392 -0.313142 -0.212298 -0.270148 -0.063415 0.140057 -0.318911 -0.298694 0.186287 0.117667 -0.328494 0.037394 -0.174234 -0.172454 0.166581 -0.069727 -0.035046 -0.131938 -0.130818 -0.189727 -0.238208 -0.281962 -0.063858 -0.224307 -0.231721 -0.265886 -0.140875 0.158204 0.120431 0.040111 -0.370384 -0.176001 0.040390 0.022849 0.132719 0.175864 0.105422 0.198114 -0.128657 -0.102799 -0.076739 -0.073474 -0.120901 -0.022985 0.136384 0.036020 0.013576 0.030359 -0.018722 -0.173946 -0.020832 0.135441 -0.090028 0.056338 0.024323 0.179049 0.248249 0.022538 -0.046063 0.153493
-0.340262 -0.170686 0.408123 0.736159 0.191845 0.106938 0.358286 1.000000 0.272810 0.420267 -0.294111 0.163788 0.116665 0.395697 0.005302 0.199553 -0.166253 -0.280909 -0.035965 -0.086770 -0.163583 -0.180478 0.040904 0.191804 0.033022 0.142834 -0.146518 -0.054367 -0.450697 -0.113510 0.042536 0.186243 -0.236720 0.174859 -0.003647 0.148094 -0.209468 -0.214122 -0.223533 -0.210317 -0.377947 -0.081051 -0.214683 -0.227077 -0.186171 -0.046843 -0.150402 -0.166521 -0.146922 -0.204688 0.027762 -0.294583 0.014658 -0.089545 0.107227 -0.239535 -0.308256 -0.413858 -0.235606 -0.252945 0.061542 0.476846 -0.184848 -0.191247 0.112288 0.494953 -0.413823 0.071282 -0.256256 -0.222000 0.034431 -0.044427 -0.146288 -0.002894 0.019132 -0.182772 -0.151113 -0.143536 -0.084166 -0.207996 -0.222741 -0.362131 -0.255954 -0.062104 -0.102688 0.075657 -0.075948 -0.200418 0.117128 -0.145492 0.387397 0.124714 0.455873 0.210995 -0.050335 0.023283 -0.023612 -0.044277 -0.162908 -0.076068 0.140127 -0.101572 0.092349 -0.114920 0.003104 -0.138258 -0.101993 0.017773 -0.071969 -0.113858 -0.148031 0.128034 0.039872 0.071496 0.015991 -0.155494
-0.089680 -0.076969 0.452371 0.108519 0.382832 0.087862 0.222066 0.272810 1.000000 0.565379 0.082604 0.247936 0.211302 0.403826 0.318934 0.160901 0.173042 0.044838 0.099974 -0.104913 -0.129450 -0.278611 0.018105 -0.100394 0.282077 0.339785 -0.170184 -0.206416 -0.035475 0.067360 0.018431 0.257278 -0.088597 0.124340 0.121151 0.020296 -0.026300 -0.419923 0.003929 -0.315523 -0.183576 0.126185 0.007311 -0.187806 -0.048497 -0.092431 0.148237 0.182222 0.140138 -0.001500 0.062252 0.013403 0.208519 0.207710 -0.050266 -0.313794 -0.175149 -0.323593 0.108669 0.071956 0.152366 0.077062 0.117900 -0.153299 -0.000599 -0.004439 -0.175131 0.013030 -0.265572 -0.081782 0.223407 -0.028112 -0.021315 0.162589 0.057163 0.052103 0.136375 0.065542 -0.086728 -0.125450 -0.089912 -0.114883 -0.011855 -0.046379 -0.140295 -0.315502 -0.165589 -0.270586 -0.194505 -0.275749 0.066583 0.191973 0.004117 0.111722 -0.442092 0.084884 -0.230133 -0.331000 -0.198053 -0.208800 0.271361 -0.087418 0.289125 -0.144464 0.133012 -0.329242 -0.014745 -0.267911 -0.055731 -0.065235 -0.078877 -0.135050 -0.063355 -0.129525 -0.252071 -0.234318
-0.331070 -0.056124 0.346145 0.318993 0.155803 0.290110 0.260704 0.420267 0.565379 1.000000 -0.140442 0.204392 0.127153 0.408355 0.146063 0.517603 -0.011813 -0.012444 0.030286 -0.109931 0.042880 -0.119936 -0.163762 -0.182871 0.281442 0.336276 -0.194065 -0.139215 -0.106389 0.240391 -0.033937 0.191006 -0.061251 0.265679 -0.035752 0.202231 0.050066 -0.140378 0.111825 -0.126369 -0.045976 0.151553 0.062086 -0.007541 0.170149 0.133422 0.064324 0.049138 0.051206 -0.064529 -0.154784 -0.256546 0.013423 0.031392 0.058820 -0.357225 -0.341183 -0.319819 -0.306118 -0.405418 0.167569 0.343267 -0.300944 -0.320248 0.001291 0.211025 -0.508378 -0.232655 -0.236552 -0.286407 0.336552 -0.112502 0.147412 0.091456 0.240072 0.096826 0.139987 -0.010491 0.030544 -0.134155 -0.123340 -0.112205 -0.225770 0.121878 -0.128649 -0.507767 -0.194521 -0.352671 -0.012809 -0.570012 0.348732 0.220550 0.436638 0.413700 -0.150931 0.109266 0.078625 -0.193364 0.134041 0.090970 0.309375 0.019490 0.321261 0.095107 0.234276 -0.029606 -0.081089 -0.231193 0.124145 0.025418 -0.066375 0.106153 0.213826 0.182179 0.153058 -0.065385
0.575341 0.061607 -0.039683 -0.449160 0.255550 -0.023976 0.094431 -0.294111 0.082604 -0.140442 1.000000 0.509863 0.655166 0.519098 0.043379 0.016689 0.028295 0.176836 -0.256228 -0.397552 -0.021751 -0.089275 -0.321730 -0.365067 -0.126543 -0.211677 0.111756 -0.182548 0.352126 -0.009742 -0.036488 -0.168872 0.139265 -0.255611 0.081555 -0.242443 -0.018660 -0.156431 0.062068 -0.235315 0.106309 -0.117806 0.126988 0.083263 0.101925 0.045892 0.153588 0.103594 0.174243 0.115757 0.123937 0.207141 0.113752 0.179115 -0.103641 0.024071 0.055837 -0.087473 0.278856 0.169569 0.128104 -0.071442 0.153568 -0.005837 -0.048740 -0.043679 0.158085 0.212282 -0.024954 0.017757 -0.021251 0.059096 -0.206343 0.008220 -0.323078 0.103473 -0.021271 0.098444 -0.164323 -0.158308 -0.132835 -0.075174 0.132561 0.205624 -0.156447 0.097652 -0.183398 0.083350 -0.263009 0.074789 -0.274929 0.061265 -0.191236 -0.173210 -0.157940 0.089854 -0.008595 -0.117725 0.044569 -0.249492 -0.057074 -0.182568 -0.120456 0.014881 0.065805 -0.034420 0.131585 -0.006173 0.113106 -0.079459 0.106373 -0.146579 -0.072534 -0.009114 -0.262769 -0.071839
0.003184 0.230216 -0.001267 0.119458 0.125411 0.098297 0.040256 0.163788 0.247936 0.204392 0.509863 1.000000 0.241889 0.673090 -0.083990 0.187331 0.179538 0.302043 -0.133228 -0.213932 -0.176362 -0.190235 -0.218669 -0.030721 -0.051501 0.039856 -0.129354 -0.162875 -0.054802 0.180834 -0.064788 0.121015 -0.132376 -0.017483 0.279777 -0.015634 -0.186834 -0.182521 -0.190267 -0.274317 0.082328 0.099075 -0.033731 -0.183523 -0.085533 -0.093307 -0.028502 0.049053 0.042367 -0.189784 -0.020109 -0.052655 0.070712 0.044450 -0.131045 -0.159708 -0.065113 -0.261203 -0.006298 -0.065355 0.320901 0.343029 0.137339 0.130175 0.144333 0.241022 -0.117238 0.061704 -0.134679 -0.106158 0.027900 0.036381 -0.311263 0.017598 -0.169759 0.189984 -0.123052 0.126683 -0.259755 -0.180832 -0.253859 -0.242508 0.108028 0.351988 -0.122741 0.092306 -0.129729 0.023666 -0.151340 -0.148025 0.039850 -0.005609 0.100494 -0.193475 -0.266356 0.171859 -0.077206 -0.283886 -0.000875 -0.258408 0.127075 -0.281138 -0.060204 -0.128834 0.072547 -0.183956 -0.123589 -0.075412 -0.010301 -0.143702 0.020750 -0.089974 -0.245733 0.051670 -0.179515 -0.130034
0.355028 -0.220280 0.258779 -0.127368 0.525245 0.015295 0.465636 0.116665 0.211302 0.127153 0.655166 0.241889 1.000000 0.672097 0.264490 0.192794 -0.409793 -0.124677 -0.281871 -0.467444 0.124265 -0.226710 -0.250699 -0.423570 -0.039495 -0.152947 0.153810 -0.270707 0.229369 0.055023 0.229326 -0.015279 -0.058805 -0.194518 0.085551 -0.111216 -0.152126 -0.196365 -0.096223 -0.199435 -0.168232 -0.324029 0.031921 0.049035 0.133272 0.178191 -0.087590 -0.143699 0.032451 0.081016 0.183750 -0.034507 0.046495 -0.070131 -0.030542 -0.170468 -0.154973 -0.129918 -0.000825 -0.194499 0.102735 0.188398 -0.162298 -0.242954 0.041076 0.254837 -0.099698 0.087180 -0.049362 -0.186167 0.179720 0.130980 -0.034680 -0.019343 -0.300695 -0.076798 -0.015252 -0.101696 -0.216678 -0.135856 -0.255049 -0.200361 -0.154758 0.052887 -0.082041 0.103339 -0.354759 -0.065301 -0.133994 0.026086 -0.164736 0.120053 0.075218 0.141097 -0.165591 0.033324 -0.034873 -0.033978 -0.065985 -0.063495 0.081863 -0.086642 -0.178639 0.050338 -0.037192 -0.110528 0.003921 0.005869 0.150071 -0.086640 0.037362 0.062699 0.158570 0.118324 -0.130526 -0.057546
0.121392 -0.126737 0.302517 0.149520 0.445398 0.121435 0.351055 0.395697 0.403826 0.408355 0.519098 0.673090 0.672097 1.000000 0.027934 0.240604 -0.129450 -0.102368 -0.273167 -0.481761 0.013965 -0.236127 -0.284747 -0.263858 0.071441 0.063177 0.039667 -0.223943 -0.043288 0.111723 0.128982 0.182606 -0.103796 -0.014565 0.206744 0.087920 -0.240049 -0.322317 -0.084930 -0.238049 -0.143805 -0.136060 -0.037439 -0.133055 -0.019916 0.045400 -0.091101 -0.032547 -0.042734 -0.123382 0.042424 -0.140055 -0.023661 -0.061080 -0.050659 -0.208408 -0.217541 -0.437925 -0.012277 -0.253169 0.266145 0.414873 -0.101758 -0.247328 0.140456 0.502707 -0.237589 0.131785 -0.180407 -0.261045 0.147519 0.110672 -0.243564 0.027995 -0.254007 0.044632 -0.065032 -0.014709 -0.228803 -0.303267 -0.365438 -0.369818 -0.173777 0.125112 -0.237330 0.064611 -0.329224 -0.105124 -0.119614 -0.155335 0.052429 0.108691 0.274180 0.083099 -0.176062 0.190044 -0.066334 -0.139506 -0.099143 -0.130657 0.166711 -0.229566 -0.101697 -0.083980 0.094904 -0.197678 -0.054311 -0.012943 0.064849 -0.151536 0.007109 0.027979 -0.040944 0.156850 -0.101718 -0.213933
0.091350 -0.115974 0.294918 0.082174 0.169758 0.017552 0.188032 0.005302 0.318934 0.146063 0.043379 -0.083990 0.264490 0.027934 1.000000 0.261432 0.082973 -0.099297 0.167237 0.045921 0.069896 -0.153931 0.512279 0.091472 0.262206 0.069994 -0.021626 -0.033867 0.182269 0.002462 0.197964 0.005519 -0.006395 -0.087287 -0.286359 -0.206471 -0.095236 -0.150280 0.052867 -0.218723 -0.137749 -0.052485 -0.077357 -0.124351 -0.003919 -0.122553 -0.104144 -0.180500 0.039089 0.093435 0.385663 0.019865 -0.019158 0.049718 -0.319704 -0.230407 -0.164774 -0.112738 -0.071910 0.055249 -0.056403 -0.142344 -0.027673 -0.116618 0.317257 -0.133238 -0.074891 -0.258639 -0.231777 -0.293760 0.098861 0.006635 0.208339 0.099329 0.162793 0.054718 0.070174 -0.278056 -0.035644 -0.036952 0.016402 -0.072712 0.362798 0.151369 0.224792 0.028654 -0.030582 0.045918 0.088187 -0.082068 -0.148734 0.195743 -0.070107 0.086360 -0.439659 -0.133845 -0.086132 -0.163516 0.002406 -0.113891 -0.022096 -0.043244 0.076004 -0.148159 -0.077319 -0.170747 -0.152255 -0.225692 -0.040909 -0.093162 -0.001239 -0.080395 0.171156 -0.101953 -0.135591 0.040631
-0.183194 0.010628 0.212589 0.260931 0.173674 0.198371 0.213976 0.199553 0.160901 0.517603 0.016689 0.187331 0.192794 0.240604 0.261432 1.000000 -0.016315 -0.053949 0.065273 0.009373 0.159069 -0.032154 -0.010362 0.031587 0.282540 0.209155 0.015595 -0.012822 0.143679 0.299966 0.182924 0.174459 -0.014596 0.175004 -0.070104 -0.053302 -0.014663 -0.052271 0.007676 -0.067484 -0.053491 0.003672 -0.099575 -0.090069 0.084066 -0.038617 -0.204030 -0.269904 -0.066210 -0.115090 -0.020072 -0.266066 -0.047272 -0.189458 0.091809 -0.184721 -0.143898 -0.069436 -0.344766 -0.389521 0.153659 0.228472 -0.371568 -0.055150 0.140661 0.069056 -0.250688 -0.380270 -0.046131 -0.283933 0.191630 0.060963 0.253746 0.110247 0.259002 0.268791 -0.027070 -0.112892 0.114082 -0.077451 -0.107461 -0.028567 -0.075999 0.463569 -0.143022 -0.210027 -0.165247 -0.097972 -0.014913 -0.445899 0.071456 0.019911 0.348608 0.231569 -0.030861 0.012164 0.125436 -0.123480 0.070423 0.109646 -0.066165 -0.000446 0.031412 0.017730 -0.019826 0.088467 -0.072528 -0.177606 -0.032001 0.121483 -0.008320 0.210713 0.226118 0.132317 0.081877 0.003485
0.093729 0.333390 -0.205429 -0.082744 -0.322124 0.021798 -0.298863 -0.166253 0.173042 -0.011813 0.028295 0.179538 -0.409793 -0.129450 0.082973 -0.016315 1.000000 0.341247 0.136673 0.319855 -0.348051 0.104014 -0.001503 0.056917 -0.038714 0.010394 -0.182659 0.031257 0.117416 -0.003654 -0.338328 -0.109498 0.180231 0.011628 -0.142944 -0.178379 0.155856 -0.085355 0.257476 -0.207621 0.154500 0.431289 -0.034039 -0.197164 -0.234231 -0.335667 0.265553 0.259407 -0.007990 -0.090929 -0.124334 0.126622 0.079408 0.317060 -0.129317 0.110003 0.391564 0.066421 0.229542 0.288505 0.065003 -0.259254 0.511448 0.211168 -0.110113 -0.321165 0.185382 -0.116175 0.038546 0.173914 -0.264647 -0.272787 0.040699 0.033161 0.135871 0.092634 0.057644 0.022454 0.378400 0.011685 0.488363 0.296474 0.277934 0.218652 0.022668 -0.100880 0.036423 -0.016105 -0.129156 -0.066383 0.044551 -0.022211 -0.229868 -0.305040 -0.245076 -0.045894 0.006816 -0.262271 -0.135915 -0.107644 0.076829 -0.099819 0.347482 -0.107839 0.117331 -0.049456 -0.093928 -0.252971 -0.207279 -0.097743 -0.073493 -0.233442 -0.253034 -0.284197 -0.276411 -0.250992
-0.141393 0.468956 -0.221421 -0.185146 -0.200778 -0.260284 -0.296937 -0.280909 0.044838 -0.012444 0.176836 0.302043 -0.124677 -0.102368 -0.099297 -0.053949 0.341247 1.000000 0.190966 0.235452 -0.375908 -0.212415 -0.218174 -0.224072 -0.027478 -0.166055 -0.434238 -0.331262 0.122399 0.445328 -0.181772 -0.102513 0.146569 0.151091 0.053308 -0.116331 0.156178 0.280376 0.059037 -0.043618 0.333549 0.322580 0.089846 -0.033616 0.102616 0.053291 0.136977 0.234499 0.076816 0.000717 -0.102851 0.011524 0.118284 0.181551 -0.110977 -0.053756 0.246544 0.357413 0.081969 0.031110 0.243151 -0.051811 0.395729 0.443741 -0.152317 -0.374990 0.068870 -0.120654 0.266662 0.346693 -0.095936 -0.182503 0.171542 -0.036796 0.003566 -0.030147 -0.019751 0.077892 0.098121 0.360423 0.404121 0.528090 0.103645 0.208418 0.002149 -0.290663 0.105789 -0.175762 -0.172682 -0.163646 -0.085938 -0.137977 -0.286686 -0.289836 -0.179213 0.045887 -0.106482 -0.200392 0.020282 -0.129949 0.025716 -0.056871 0.125202 0.008130 0.013857 -0.200801 -0.145828 -0.149320 0.068088 -0.028676 0.074573 -0.136408 -0.195092 -0.132238 -0.194915 -0.006349
-0.136742 0.152108 0.171234 0.129588 0.011713 -0.165752 0.014960 -0.035965 0.099974 0.030286 -0.256228 -0.133228 -0.281871 -0.273167 0.167237 0.065273 0.136673 0.190966 1.000000 0.591902 -0.088884 -0.033644 0.299907 0.160546 -0.021936 0.011481 -0.005303 0.123022 0.153574 0.149626 0.100654 0.087582 0.295991 0.300328 -0.122409 -0.023135 0.011002 -0.081243 -0.059387 -0.053300 0.104892 0.067377 -0.396004 -0.389154 -0.355574 -0.385099 -0.219730 -0.172963 -0.356565 -0.227707 -0.237809 -0.246212 -0.134150 -0.140651 0.005165 -0.200997 0.102790 0.192608 -0.083888 0.056963 0.161967 0.102323 0.089633 0.226872 0.285490 -0.207674 0.058620 0.014332 0.196521 0.150996 -0.226597 -0.175610 0.131611 0.053004 0.220166 -0.005064 0.082701 0.131013 -0.017462 0.238818 0.207145 0.155454 0.377402 0.209701 0.147434 -0.144825 0.167501 -0.193224 0.016480 -0.030603 0.030179 -0.142624 -0.300789 -0.106044 -0.110622 -0.052892 -0.203950 -0.017404 -0.039892 -0.028567 -0.171661 0.099138 0.078731 0.018221 -0.173377 -0.085126 0.088307 0.016962 -0.152101 0.027273 -0.023646 -0.048302 -0.141778 -0.202890 0.146429 0.064621
-0.155632 0.401048 -0.087842 0.042458 -0.253352 -0.185913 -0.037369 -0.086770 -0.104913 -0.109931 -0.397552 -0.213932 -0.467444 -0.481761 0.045921 0.009373 0.319855 0.235452 0.591902 1.000000 -0.116232 0.132447 0.203627 0.311789 -0.148816 -0.040538 -0.142845 0.120698 0.017703 0.075448 -0.170197 -0.063328 0.232432 0.274337 -0.144800 -0.074468 0.126107 0.106025 0.043880 0.056277 0.033690 0.069942 -0.334055 -0.319062 -0.278079 -0.305194 -0.128728 -0.055415 -0.290033 -0.273426 -0.313627 -0.283700 -0.139842 -0.117203 0.067321 -0.080725 0.381926 0.417586 -0.116940 -0.072158 -0.008622 -0.208795 0.229919 0.194986 0.040323 -0.391294 0.014729 -0.141901 0.454830 0.452584 -0.424822 -0.397843 0.085251 -0.160393 0.094210 -0.116573 -0.147324 -0.159067 0.420282 0.331398 0.561638 0.491911 0.251435 0.298706 0.262755 -0.050629 0.174557 -0.159625 0.120750 0.029366 0.187773 -0.164501 -0.191299 -0.226248 -0.049489 -0.185297 -0.061271 -0.076382 -0.142799 -0.023809 -0.130533 0.141965 0.088892 0.012239 -0.178716 -0.081375 -0.061764 0.009855 -0.188754 0.072013 0.113590 -0.112141 -0.197494 -0.305749 0.070616 0.183395
0.095688 -0.336926 0.109802 -0.193604 0.170539 0.338959 0.248038 -0.163583 -0.129450 0.042880 -0.021751 -0.176362 0.124265 0.013965 0.069896 0.159069 -0.348051 -0.375908 -0.088884 -0.116232 1.000000 0.453133 0.048211 -0.074250 0.201657 0.338846 0.523350 0.342340 0.238506 0.007478 0.352292 0.200794 -0.098142 -0.030159 0.016703 0.090473 0.008266 -0.014120 0.063224 0.272000 0.123869 -0.172317 -0.075041 -0.042543 -0.011480 0.005867 -0.248845 -0.330721 -0.186388 -0.130071 -0.012842 -0.209569 -0.100228 -0.299069 0.128179 -0.130671 -0.058190 -0.023871 -0.160874 -0.264394 -0.110746 -0.076253 -0.397418 -0.245672 0.031494 0.115072 0.037587 0.061074 -0.053943 -0.156237 0.299819 0.256688 0.029411 0.037459 -0.030886 0.147977 0.002984 -0.030491 -0.017143 -0.193083 -0.141554 -0.155599 -0.090455 0.121026 -0.011228 0.079884 -0.153536 0.224563 0.016219 0.173293 -0.001591 0.003403 0.188636 0.274454 0.118487 -0.110913 -0.165289 0.103998 0.003181 0.094909 -0.165694 0.064791 -0.220435 -0.066293 0.016316 0.104104 -0.102368 0.073879 -0.003174 -0.004225 0.094571 0.026194 0.208092 0.128578 0.348211 0.241643
0.069831 -0.126451 -0.087464 -0.226946 -0.064621 0.366615 -0.011477 -0.180478 -0.278611 -0.119936 -0.089275 -0.190235 -0.226710 -0.236127 -0.153931 -0.032154 0.104014 -0.212415 -0.033644 0.132447 0.453133 1.000000 -0.181376 -0.095997 -0.106188 0.135924 0.468920 0.545669 0.074460 -0.193260 -0.103511 0.011242 0.064284 0.156055 -0.002187 0.105319 0.073737 -0.003567 0.214916 0.291330 0.141792 0.051204 -0.281415 -0.140029 -0.190271 -0.115583 -0.164689 -0.186143 -0.292967 -0.320507 -0.280858 -0.235185 -0.007239 -0.224798 0.155232 0.145461 0.286244 0.094631 0.038791 -0.091644 0.102924 0.016009 -0.101588 -0.166063 -0.094571 0.138931 0.264618 0.206414 0.143135 0.000763 -0.043428 -0.031017 -0.086217 -0.165058 -0.159588 0.008925 -0.182992 -0.105266 0.256691 -0.116987 0.191651 0.097326 0.166413 0.165357 -0.009987 0.138037 -0.024655 0.203678 -0.083598 0.255955 0.034241 -0.084238 -0.035138 -0.050113 0.287414 0.088330 0.065509 0.265188 -0.131463 -0.002398 -0.219432 0.046256 -0.123502 0.104280 0.038774 0.310031 -0.051529 0.240414 0.078350 0.055674 0.111297 -0.052945 -0.096871 0.026339 0.153249 0.294641
-0.104615 -0.271943 0.291160 0.325150 -0.079068 -0.045092 0.031892 0.040904 0.018105 -0.163762 -0.321730 -0.218669 -0.250699 -0.284747 0.512279 -0.010362 -0.001503 -0.218174 0.299907 0.203627 0.048211 -0.181376 1.000000 0.674427 0.429871 0.316011 -0.038618 0.213585 -0.038130 -0.160921 0.420958 0.257362 -0.081456 -0.152081 -0.136681 -0.134960 -0.082652 -0.004045 -0.085581 -0.003173 -0.145691 0.022540 -0.141992 -0.154514 -0.151565 -0.284303 -0.248412 -0.219228 -0.045731 0.057707 0.272834 0.053407 -0.186841 -0.108820 -0.168334 -0.054673 -0.220181 -0.120022 -0.141409 0.171351 -0.390502 -0.248672 -0.095007 -0.042398 0.397348 -0.201754 -0.033378 -0.227040 -0.224678 -0.196157 0.043553 0.154826 -0.006145 0.270724 0.287364 0.066979 0.026025 -0.126459 0.019240 -0.063343 -0.081481 -0.152187 0.265023 -0.081155 0.250028 0.086753 0.175769 0.227229 0.344458 0.094887 -0.152983 -0.013898 -0.038586 -0.015678 -0.278414 -0.069288 -0.198679 -0.136077 0.063770 -0.044280 -0.075449 0.006286 0.093265 -0.178050 -0.098557 -0.220809 -0.063791 -0.063646 -0.188126 -0.012912 -0.061086 -0.109778 0.006763 -0.071973 -0.118936 0.023207
-0.122656 -0.159460 -0.040123 0.338420 -0.321547 -0.023391 -0.030595 0.191804 -0.100394 -0.182871 -0.365067 -0.030721 -0.423570 -0.263858 0.091472 0.031587 0.056917 -0.224072 0.160546 0.311789 -0.074250 -0.095997 0.674427 1.000000 0.151894 0.310989 -0.148809 0.191295 -0.136635 -0.226115 0.230701 0.252602 -0.161135 -0.094153 -0.094266 -0.228148 -0.075011 -0.015333 -0.200735 -0.157191 -0.209266 0.057544 -0.106977 -0.134445 -0.121178 -0.219995 -0.151636 -0.138188 -0.038824 0.051919 0.059390 0.063833 -0.147367 -0.109777 -0.054875 -0.107908 -0.192161 -0.173078 -0.203317 0.124613 -0.421484 -0.205940 -0.110190 -0.006282 0.207258 -0.216324 -0.103222 -0.107834 -0.291252 -0.118966 -0.003245 0.049435 -0.124219 0.157286 0.241187 0.082258 -0.103411 -0.063650 0.103093 -0.128646 -0.175885 -0.252070 0.137168 -0.080028 0.163241 0.224836 0.238737 0.269123 0.314831 0.062737 0.177673 0.136346 0.224717 0.031612 -0.127538 -0.047240 -0.141145 -0.183605 0.072153 0.007472 -0.032533 0.097393 0.114333 -0.011401 0.073731 -0.068984 -0.052180 -0.031694 -0.179792 0.065791 -0.059303 -0.069991 0.000973 0.077804 -0.133239 -0.121227
-0.224679 -0.341779 0.386178 0.174683 0.081677 0.078332 0.050259 0.033022 0.282077 0.281442 -0.126543 -0.051501 -0.039495 0.071441 0.262206 0.282540 -0.038714 -0.027478 -0.021936 -0.148816 0.201657 -0.106188 0.429871 0.151894 1.000000 0.593298 -0.076195 0.105536 0.098796 0.224990 0.536985 0.508671 -0.045836 -0.010126 -0.039017 0.110871 0.036695 -0.054424 0.199158 0.158878 -0.022738 0.027231 0.060419 -0.002547 0.149376 0.004619 -0.075509 -0.066007 -0.033616 0.047036 0.184421 -0.072133 -0.134904 -0.012564 -0.132876 -0.062649 -0.195882 -0.149158 -0.103644 -0.162739 -0.169634 -0.199240 -0.221947 -0.223985 0.170794 -0.076107 -0.110242 -0.330937 -0.123418 -0.253265 0.404210 0.292185 0.197448 0.305917 0.206843 0.222806 0.032770 -0.084946 0.119720 -0.021132 -0.132567 0.066395 -0.196820 -0.090889 -0.109339 -0.323716 -0.137504 0.067095 0.075044 -0.323756 -0.199043 -0.161716 0.115469 0.091961 -0.105451 0.025697 -0.094583 -0.092703 0.072198 0.083198 0.047553 0.013496 0.178072 -0.123503 -0.031040 -0.163624 0.072239 -0.103512 -0.054721 0.083454 0.052698 0.117516 0.150618 0.034902 -0.128731 -0.021427
-0.285345 -0.449434 0.299637 0.092216 0.035721 0.367627 0.166773 0.142834 0.339785 0.336276 -0.211677 0.039856 -0.152947 0.063177 0.069994 0.209155 0.010394 -0.166055 0.011481 -0.040538 0.338846 0.135924 0.316011 0.310989 0.593298 1.000000 0.106591 0.274388 0.030948 0.138346 0.502144 0.736080 -0.132715 0.257887 0.182195 0.258471 0.030770 -0.176037 0.070714 0.138483 -0.002510 0.224092 -0.093787 -0.113105 0.047885 -0.000080 -0.206302 -0.169874 -0.236205 -0.205745 -0.281369 -0.324298 -0.219596 -0.250856 0.057428 -0.271486 -0.216968 -0.255412 -0.323687 -0.270380 -0.135194 -0.067886 -0.237566 -0.185030 0.101363 0.019455 -0.178073 -0.120336 -0.264865 -0.277876 0.383827 0.208959 -0.003862 0.451761 0.363768 0.252916 0.113319 0.182363 0.137695 -0.246246 -0.156439 -0.128117 -0.039594 0.114108 -0.123067 -0.232307 -0.306945 0.226629 -0.050270 -0.191828 0.057994 0.085500 0.295947 0.287163 -0.113720 0.125412 -0.095290 -0.056734 -0.034438 0.192325 0.175805 0.140674 0.298193 -0.080671 0.057064 -0.155511 0.028895 -0.043603 -0.055747 0.135800 0.223988 0.058276 0.115927 0.144442 -0.048349 0.026321
0.124504 -0.201958 0.136452 -0.185662 0.507211 0.538885 0.139555 -0.146518 -0.170184 -0.194065 0.111756 -0.129354 0.153810 0.039667 -0.021626 0.015595 -0.182659 -0.434238 -0.005303 -0.142845 0.523350 0.468920 -0.038618 -0.148809 -0.076195 0.106591 1.000000 0.642454 0.078685 -0.207104 0.192963 0.013074 0.041346 0.030664 0.139999 0.166194 -0.296803 -0.261670 -0.093029 0.157260 0.006704 -0.158538 -0.292829 -0.166144 -0.205267 -0.111367 -0.369059 -0.409285 -0.342896 -0.311239 -0.040615 -0.160739 -0.114331 -0.370758 0.224275 0.080942 0.088783 0.121663 -0.043308 -0.042686 0.105030 0.040202 -0.210799 -0.078959 0.068725 0.307139 0.217367 0.342787 0.046210 -0.022612 -0.021062 0.158687 -0.249205 0.020604 -0.099200 0.031504 -0.150987 -0.147764 -0.150999 -0.144160 -0.150753 -0.194703 0.139506 0.205497 -0.146843 0.266807 -0.172373 0.303997 -0.040819 0.423890 -0.079516 -0.100143 -0.016472 0.062234 0.204789 0.007983 -0.003719 0.210386 -0.100729 0.115767 -0.234038 -0.167005 -0.268604 -0.068480 -0.089826 0.192413 0.164253 0.156203 0.056811 -0.082527 0.036204 0.071223 0.032004 0.096875 0.241561 0.278956
0.034938 -0.145234 0.146355 0.081456 0.119444 0.641477 0.003889 -0.054367 -0.206416 -0.139215 -0.182548 -0.162875 -0.270707 -0.223943 -0.033867 -0.012822 0.031257 -0.331262 0.123022 0.120698 0.342340 0.545669 0.213585 0.191295 0.105536 0.274388 0.642454 1.000000 -0.101027 -0.280785 0.064557 -0.009778 -0.047686 0.072672 -0.031255 0.191234 -0.085751 -0.104916 0.046906 0.243424 0.024012 -0.051693 -0.451785 -0.323225 -0.408779 -0.387339 -0.368548 -0.415852 -0.352084 -0.430095 -0.135148 -0.280119 -0.151537 -0.385550 0.252072 0.153334 0.204874 0.126274 0.010216 -0.032709 0.048673 -0.008726 -0.105672 -0.037157 0.105503 0.216170 0.186395 0.135920 0.095380 0.020466 -0.108549 -0.053529 -0.233254 0.001023 0.092780 -0.003477 -0.183024 -0.120115 0.082589 -0.124097 0.007459 -0.026468 0.228567 0.219123 -0.076470 0.224537 0.045073 0.342156 0.162654 0.310276 -0.052827 -0.195976 0.023695 -0.023422 0.250534 0.105831 0.026517 0.289305 0.042488 0.160872 -0.311720 -0.123064 -0.132073 -0.068754 -0.164832 0.268310 0.181342 0.325779 -0.047323 -0.034597 -0.001734 -0.131451 -0.104739 -0.010079 0.285520 0.250865
0.383117 -0.104665 -0.215290 -0.507767 -0.080990 -0.041093 0.060765 -0.450697 -0.035475 -0.106389 0.352126 -0.054802 0.229369 -0.043288 0.182269 0.143679 0.117416 0.122399 0.153574 0.017703 0.238506 0.074460 -0.038130 -0.136635 0.098796 0.030948 0.078685 -0.101027 1.000000 0.386658 0.324446 0.162665 0.301811 -0.089918 -0.055973 -0.338884 0.201251 0.049929 0.173570 0.147507 0.318589 -0.008238 0.176295 0.211611 0.156814 0.060621 0.106253 0.100125 -0.116495 0.197970 -0.199909 0.105851 -0.197949 0.047190 -0.198604 -0.079472 0.034062 0.067297 -0.021249 -0.036986 -0.111334 -0.273505 -0.063810 -0.075705 -0.032865 -0.388110 0.104538 -0.299319 0.050139 -0.149453 0.267724 0.167225 0.442986 0.152677 0.120997 0.331885 0.233810 0.056856 0.148991 -0.032745 0.118512 0.177901 0.157533 0.167050 0.029915 -0.185395 -0.243507 0.084322 -0.253327 -0.115162 -0.283583 -0.024395 -0.322103 -0.015577 0.016329 -0.085105 0.024775 0.146167 0.191903 0.236881 -0.104100 0.130952 0.031448 0.143064 0.024642 0.054264 0.069077 0.013507 0.053413 0.167148 0.284743 0.081529 0.213105 0.055934 0.027468 -0.000525
-0.296111 0.075558 -0.128598 -0.125005 -0.072192 -0.089331 -0.040262 -0.113510 0.067360 0.240391 -0.009742 0.180834 0.055023 0.111723 0.002462 0.299966 -0.003654 0.445328 0.149626 0.075448 0.007478 -0.193260 -0.160921 -0.226115 0.224990 0.138346 -0.207104 -0.280785 0.386658 1.000000 0.285112 0.341351 0.147341 0.276662 0.106266 0.047340 0.020349 0.291200 0.049513 0.223849 0.359549 0.194001 0.088288 -0.007950 0.135480 0.098385 -0.068801 -0.009935 -0.154200 -0.107876 -0.235396 -0.195871 -0.151587 -0.153724 -0.157969 -0.181426 -0.140463 0.045919 -0.271167 -0.318905 0.155752 0.075031 -0.126511 0.227549 0.077943 -0.112197 -0.144888 -0.332376 0.006795 -0.191534 0.342645 0.139457 0.580484 0.274947 0.333142 0.374868 0.228698 0.187275 0.031147 0.221510 0.013312 0.244466 -0.098070 0.281579 -0.013848 -0.306799 -0.234049 -0.144010 -0.222675 -0.358785 -0.057247 -0.058899 0.023582 0.080266 0.057021 0.144125 0.056826 0.042095 0.148550 0.268616 0.053923 -0.018082 0.026761 -0.044426 -0.029024 -0.023378 -0.113117 -0.077027 0.176087 0.283637 0.274309 0.173027 0.157540 0.191880 0.120489 0.104418
-0.012562 -0.443709 0.226196 0.061572 0.207504 -0.000716 0.293843 0.042536 0.018431 -0.033937 -0.036488 -0.064788 0.229326 0.128982 0.197964 0.182924 -0.338328 -0.181772 0.100654 -0.170197 0.352292 -0.103511 0.420958 0.230701 0.536985 0.502144 0.192963 0.064557 0.324446 0.285112 1.000000 0.748644 0.021055 -0.063628 0.120340 -0.039511 -0.213650 0.007913 -0.194849 0.145373 -0.074650 0.005516 0.017944 0.035920 0.159408 0.089317 -0.271776 -0.258873 -0.264312 0.057645 -0.005807 -0.121243 -0.345239 -0.335229 -0.091718 -0.103574 -0.339524 -0.240668 -0.281080 -0.214882 -0.234313 -0.055171 -0.359587 -0.137835 0.178119 -0.001176 -0.051743 -0.208543 -0.220295 -0.399951 0.476409 0.485031 0.203612 0.374365 0.181102 0.269014 0.130145 0.083941 -0.066842 -0.069500 -0.311369 -0.211151 -0.068083 0.023163 -0.149830 -0.009833 -0.249754 0.217622 -0.070959 -0.103847 -0.194353 -0.061259 0.077987 0.145434 -0.152573 -0.015505 -0.182963 0.010805 -0.067436 0.144537 -0.001483 0.114895 -0.007892 -0.059666 -0.133225 -0.169822 -0.036503 0.039903 -0.108739 0.160198 0.177462 0.229854 0.253497 0.235928 0.003882 0.015168
-0.290120 -0.339704 0.219732 0.137637 0.075247 0.084159 0.204078 0.186243 0.257278 0.191006 -0.168872 0.121015 -0.015279 0.182606 0.005519 0.174459 -0.109498 -0.102513 0.087582 -0.063328 0.200794 0.011242 0.257362 0.252602 0.508671 0.736080 0.013074 -0.009778 0.162665 0.341351 0.748644 1.000000 -0.036102 0.229144 0.339880 0.154224 -0.095344 -0.071278 -0.089477 0.114906 -0.013752 0.285977 -0.009051 -0.017696 0.129700 0.120834 -0.196722 -0.063382 -0.237498 -0.071966 -0.295892 -0.233281 -0.291545 -0.281363 -0.101520 -0.232480 -0.344541 -0.351870 -0.329484 -0.325353 -0.092229 0.014042 -0.255228 -0.161980 0.121504 0.039765 -0.187544 -0.130123 -0.253387 -0.362158 0.459639 0.364651 0.125933 0.454601 0.278326 0.334059 0.155907 0.226791 0.061561 -0.087868 -0.240037 -0.172303 -0.064762 0.054016 -0.157400 -0.198695 -0.332065 0.080757 -0.227422 -0.257260 -0.048186 -0.039241 0.119552 0.085998 -0.128655 0.099606 -0.082448 -0.034867 -0.110362 0.063377 0.120381 0.101224 0.154200 0.018345 -0.028770 -0.160081 -0.043390 0.008247 0.011309 0.242936 0.327957 0.120838 0.032871 0.172566 -0.056036 0.069647
0.095065 0.132651 -0.135746 -0.251807 -0.053782 -0.271472 -0.102047 -0.236720 -0.088597 -0.061251 0.139265 -0.132376 -0.058805 -0.103796 -0.006395 -0.014596 0.180231 0.146569 0.295991 0.232432 -0.098142 0.064284 -0.081456 -0.161135 -0.045836 -0.132715 0.041346 -0.047686 0.301811 0.147341 0.021055 -0.036102 1.000000 0.338687 0.131273 0.094603 0.162128 0.020163 0.139734 0.094557 0.189328 -0.074129 -0.114845 0.045103 0.036927 0.078586 -0.044078 -0.022313 -0.273812 -0.067838 -0.223999 -0.145927 -0.397504 -0.067871 0.026931 0.001484 0.245600 0.169140 -0.024791 -0.025395 0.065696 -0.154794 0.127734 0.086030 0.033816 -0.192678 0.253774 0.042822 0.317721 0.152088 -0.151344 -0.128172 0.167125 0.064615 0.044274 0.212029 0.187901 0.197407 0.281062 0.236777 0.267434 0.375074 0.201185 0.128398 -0.079367 -0.221119 0.117262 -0.097229 -0.024622 -0.187525 -0.128264 -0.223745 -0.183690 -0.072171 0.184038 -0.078732 0.304021 0.178370 0.050626 0.048823 -0.114632 0.123264 -0.008701 0.061530 -0.158122 0.135247 0.302023 -0.047758 0.073632 0.158877 0.171852 0.122258 0.006285 0.029521 0.145913 0.083880
-0.584134 0.106107 0.140898 0.038257 0.027445 0.041800 -0.034072 0.174859 0.124340 0.265679 -0.255611 -0.017483 -0.194518 -0.014565 -0.087287 0.175004 0.011628 0.151091 0.300328 0.274337 -0.030159 0.156055 -0.152081 -0.094153 -0.010126 0.257887 0.030664 0.072672 -0.089918 0.276662 -0.063628 0.229144 0.338687 1.000000 0.251526 0.558738 0.050687 -0.034475 0.097932 0.143900 0.150661 0.115404 -0.287317 -0.212761 -0.138816 0.019611 -0.316017 -0.194480 -0.472100 -0.472572 -0.380390 -0.552479 -0.237598 -0.254107 0.115598 -0.417777 0.042089 0.102908 -0.349455 -0.408019 0.290468 0.231264 -0.047078 0.067236 0.223631 0.154960 -0.133682 0.150376 0.137199 0.039606 -0.048545 -0.190235 0.070630 0.068316 0.218006 0.058660 0.085482 0.189570 0.179105 0.234701 0.140214 0.281624 0.289566 0.282309 0.077671 -0.221245 0.158446 -0.080206 -0.040504 -0.231629 0.127240 -0.068806 0.067853 0.172688 0.176224 0.220795 0.250411 0.170586 -0.007627 0.144885 -0.057464 0.128382 0.075668 0.089374 -0.181679 -0.004650 0.119989 -0.018110 0.267834 0.180133 0.302561 0.163368 -0.027395 0.087385 0.224411 0.267047
-0.201424 -0.012622 0.021249 -0.045433 0.238617 0.050252 -0.000918 -0.003647 0.121151 -0.035752 0.081555 0.279777 0.085551 0.206744 -0.286359 -0.070104 -0.142944 0.053308 -0.122409 -0.144800 0.016703 -0.002187 -0.136681 -0.094266 -0.039017 0.182195 0.139999 -0.031255 -0.055973 0.106266 0.120340 0.339880 0.131273 0.251526 1.000000 0.359943 0.088548 -0.063170 -0.056985 0.114373 0.071064 0.044555 -0.030492 -0.016209 0.047290 0.118686 -0.101162 -0.008741 -0.094162 -0.145842 -0.136032 -0.158716 -0.149552 -0.156504 0.051402 -0.138238 0.012936 -0.081613 -0.063658 -0.145888 0.147893 0.138693 0.030918 0.128546 -0.024280 0.245659 0.069719 0.154503 0.072873 -0.025803 0.076502 0.133710 -0.246032 0.116661 -0.017625 0.119861 -0.022485 0.234522 -0.003282 0.093267 -0.113220 0.011655 0.018010 0.018589 -0.088667 -0.032954 -0.007248 0.011018 -0.110717 0.005142 -0.142728 -0.225498 -0.111014 -0.179743 0.013467 0.133659 0.177448 0.121371 -0.133899 -0.004924 0.086878 -0.052157 -0.126424 0.024719 -0.103873 -0.051719 0.138546 0.065066 0.144355 0.019211 0.239954 0.035609 -0.189694 0.079751 -0.017939 0.072385
-0.475580 -0.132903 0.217680 0.077698 0.209857 0.181791 0.034372 0.148094 0.020296 0.202231 -0.242443 -0.015634 -0.111216 0.087920 -0.206471 -0.053302 -0.178379 -0.116331 -0.023135 -0.074468 0.090473 0.105319 -0.134960 -0.228148 0.110871 0.258471 0.166194 0.191234 -0.338884 0.047340 -0.039511 0.154224 0.094603 0.558738 0.359943 1.000000 0.019834 -0.061292 0.077871 0.254336 0.063492 -0.098990 -0.114902 -0.053589 -0.091249 0.091950 -0.175242 -0.129389 -0.256353 -0.392709 -0.178844 -0.362777 -0.107011 -0.214316 0.198537 -0.072429 -0.080135 -0.049940 -0.201488 -0.373760 0.200196 0.316988 -0.211729 -0.094802 0.220174 0.459509 -0.204645 0.159780 0.101758 -0.035111 -0.050966 0.041188 -0.116916 0.001222 0.033167 0.076936 -0.037703 0.177392 -0.042014 0.077876 -0.186223 -0.019622 0.034604 0.060880 -0.063156 -0.145086 0.144306 0.022337 0.176292 -0.135771 0.083721 -0.088709 0.196471 0.205710 0.179108 0.154517 0.308839 0.203249 0.025268 0.171397 0.129352 -0.000193 -0.096005 -0.022204 -0.051599 0.059396 0.177185 0.024081 0.223306 0.066226 0.217334 0.201338 0.015271 0.092780 0.304189 0.291811
