1.000000 0.411054 -0.001537 -0.181990 -0.030105 0.011783 -0.202949 -0.347304 0.175930 -0.156776 0.226036 0.098363 0.240742 0.037974 0.162166 -0.004576 0.285827 0.085733 0.210981 0.170747 -0.127290 -0.063429 -0.047276 -0.163559 -0.013035 -0.038171 0.137050 0.183934 -0.081579 -0.180033 -0.202892 -0.181711 0.026401 0.050947 0.076554 -0.107369 -0.129094 -0.022331 -0.004187 0.041288 -0.401697 -0.127922 -0.148968 -0.156659 -0.296051 -0.361399 -0.080742 -0.136553 -0.047193 -0.197423 0.094665 0.061875 0.292277 0.032645 -0.087710 -0.129417 0.292622 0.341766 0.424359 0.175554 0.419632 0.233636 0.443230 0.236153 0.051924 -0.077006 0.064513 -0.272599 0.336640 0.089751 -0.041647 -0.235410 -0.072054 -0.045274 -0.055635 -0.025312 0.179498 0.142914 0.032499 0.075969 0.252662 0.150268 0.167073 -0.102506 -0.000188 -0.040263 0.045111 0.065640 0.127351 0.217295 -0.092732 -0.051194 -0.334872 0.051740 -0.119500 -0.178072 -0.004000 -0.078861 -0.024925 0.012639 -0.234905 0.008186 -0.174087 0.069013 -0.050053 -0.093894 0.105938 0.030788 0.025938 -0.063634 0.149124 0.019459 -0.158158 0.035392 0.090659 -0.132603
0.411054 1.000000 -0.368725 -0.057970 -0.123842 0.006100 -0.411099 -0.033668 0.135626 0.021902 -0.209403 0.150797 -0.160136 0.074791 -0.097525 0.006283 0.093406 0.214251 -0.049181 0.300682 -0.313543 -0.367590 -0.347938 0.001422 -0.363868 -0.168504 -0.140154 -0.065231 -0.244991 -0.178961 -0.318985 -0.220370 -0.082524 0.100156 -0.034924 -0.171661 -0.127519 0.025585 -0.171602 0.057944 -0.106567 -0.070584 -0.228735 -0.196833 -0.279951 -0.313309 -0.093432 0.040797 -0.062328 -0.124023 -0.172958 -0.032427 -0.020158 -0.139894 -0.058842 -0.012084 0.258179 0.578634 0.325714 0.388464 0.091555 0.395448 0.282102 0.415797 -0.149888 0.093696 0.102907 -0.197153 0.454928 0.222635 -0.010305 -0.202682 -0.265370 -0.086473 -0.182751 -0.015375 0.105706 0.133327 0.014198 0.107042 0.369566 0.308780 0.002152 0.257262 -0.030738 -0.074930 -0.143545 0.030647 0.001522 0.162604 0.160888 0.073543 0.119735 0.067376 0.004628 -0.057198 -0.069464 -0.182766 0.212402 0.076557 -0.086991 0.064505 0.072512 0.177578 -0.138461 0.031469 -0.061484 0.013307 -0.268593 0.055918 -0.005782 0.088216 -0.049335 0.090282 -0.012260 -0.079510
-0.001537 -0.368725 1.000000 0.331837 0.368895 0.088238 0.782977 0.275694 0.190212 -0.062988 0.195194 -0.066375 0.406873 0.120439 0.265445 0.080437 -0.367639 -0.434588 0.367885 -0.065060 0.271842 0.361936 0.569363 0.224100 0.373579 0.117403 0.256973 0.125429 -0.042959 -0.180808 0.415987 0.355181 -0.063888 -0.024506 -0.210215 0.093734 -0.062616 -0.165176 -0.102240 -0.241313 0.040816 -0.061025 -0.045514 -0.071796 0.123925 0.053269 -0.233208 -0.126343 0.228762 -0.008681 0.174872 -0.162859 0.030697 -0.118259 -0.303492 -0.364028 -0.466587 -0.472065 -0.029526 -0.124152 -0.105129 -0.354387 -0.275391 -0.413440 0.085283 -0.264577 -0.045274 0.182434 -0.257617 -0.032110 0.060830 0.102640 -0.090259 -0.184563 -0.163456 -0.166818 -0.348434 -0.415571 -0.406923 -0.337603 -0.447733 -0.467408 0.226504 -0.258995 -0.145214 -0.345532 0.053344 -0.184861 -0.005877 -0.239361 -0.056590 0.001454 -0.142877 0.063068 0.037341 -0.227974 -0.276727 -0.185500 -0.411971 -0.256113 -0.045933 -0.334621 -0.235156 0.057472 0.298377 0.095518 0.200852 0.178746 0.023196 -0.115613 -0.146914 -0.325503 -0.079575 -0.265625 0.027216 -0.037245
-0.181990 -0.057970 0.331837 1.000000 0.241452 0.207637 0.230760 0.690071 0.180087 0.306740 -0.086156 -0.037143 -0.017061 0.013021 0.268382 0.326422 -0.214631 -0.605242 0.263151 0.379681 0.028149 0.392352 0.384693 0.814084 0.186551 0.406225 0.231304 0.283733 -0.384254 -0.452845 0.264547 0.339817 -0.440432 -0.069418 -0.187206 -0.153737 -0.196503 -0.170478 -0.264544 -0.149323 -0.057079 -0.117862 -0.291314 -0.294040 -0.211929 -0.035575 -0.446720 -0.012547 -0.092482 -0.265837 -0.164836 -0.412123 -0.244445 -0.291656 -0.374792 -0.434297 -0.213518 -0.259011 -0.315664 0.047732 -0.487490 -0.421493 -0.329289 -0.424981 -0.116655 -0.022705 -0.326786 0.183372 -0.095477 0.171401 0.099822 0.123527 -0.382327 -0.324949 -0.491652 -0.276524 -0.453164 -0.349623 -0.385315 -0.485988 -0.296808 -0.502035 0.225086 0.133952 -0.209202 -0.379839 -0.190993 -0.095280 0.113314 -0.109703 0.359877 0.324937 0.257877 0.110680 -0.012665 -0.271928 -0.249483 -0.100508 -0.185593 -0.222545 0.069256 -0.323205 0.094174 0.341273 0.268007 0.382862 0.245032 0.180995 0.096841 -0.255606 -0.214405 -0.194643 -0.086675 -0.168298 0.058287 -0.180417
-0.030105 -0.123842 0.368895 0.241452 1.000000 0.520831 0.313082 0.155280 0.537633 0.352623 -0.293300 -0.272848 -0.040581 -0.262075 0.136678 -0.056704 -0.378709 -0.399455 0.028949 0.266559 0.044664 0.126360 0.089070 0.284064 0.421228 0.354926 0.484266 0.306741 -0.191239 -0.351622 -0.018707 0.001175 -0.323710 -0.063562 -0.029439 0.172772 -0.107025 -0.259631 0.003304 -0.000296 -0.093441 -0.152121 -0.152856 -0.177729 -0.096063 -0.081158 -0.212297 0.060019 -0.086511 -0.048006 -0.043229 -0.096084 -0.096412 -0.150202 -0.361987 -0.380177 -0.385253 -0.161494 0.018982 0.002694 -0.286908 -0.211237 -0.387831 -0.340903 0.044263 0.058845 -0.015350 0.164068 0.079220 0.247024 0.039240 -0.109894 -0.410804 -0.304764 -0.331967 -0.177521 -0.385024 -0.350915 -0.292010 -0.348954 -0.088988 -0.134547 0.136669 -0.017639 -0.260254 -0.252477 0.017413 -0.054871 0.100932 -0.076615 0.310789 0.323265 0.315546 0.104682 0.136521 -0.320376 -0.351864 -0.218286 -0.151087 -0.118251 0.156289 -0.125417 0.048255 0.222785 0.173816 0.221317 0.051516 0.136512 -0.113867 -0.084903 0.133046 -0.050915 -0.180973 -0.147487 0.200734 0.035409
0.011783 0.006100 0.088238 0.207637 0.520831 1.000000 0.001559 0.078845 0.408550 0.297774 -0.277683 -0.045970 -0.204212 -0.129996 -0.102487 -0.085923 -0.215023 -0.211217 -0.144349 0.200831 0.030672 0.060324 0.023827 0.261726 0.489840 0.399776 0.548108 0.497695 -0.225190 -0.309131 -0.275292 -0.222811 -0.210008 -0.243971 0.162502 0.145729 -0.001897 0.144116 0.180211 0.221762 -0.016629 0.153972 -0.160811 -0.169627 -0.317496 -0.070376 -0.131464 0.112370 -0.305307 -0.241127 -0.224041 -0.142465 -0.200928 -0.061798 -0.028003 -0.056106 -0.244873 -0.122830 -0.071509 -0.067535 -0.188320 -0.251040 -0.213125 -0.254587 -0.115689 0.073244 -0.036669 0.118621 0.134258 0.182751 -0.095449 -0.291539 -0.354403 -0.319986 -0.245971 -0.196586 -0.229736 -0.140493 -0.148831 -0.203066 -0.088976 -0.056917 -0.044193 -0.027335 -0.286517 -0.086735 0.020987 0.031105 0.146873 0.210788 0.268737 0.256295 0.330141 -0.085000 0.110806 -0.170738 -0.143475 0.019392 -0.169929 0.043592 -0.011924 -0.006985 0.029515 0.176163 0.198875 0.285825 0.082926 0.125825 -0.132752 -0.055050 0.161067 0.028198 -0.017678 0.006597 0.238185 0.168796
-0.202949 -0.411099 0.782977 0.230760 0.313082 0.001559 1.000000 0.473343 0.024694 0.076170 0.244671 -0.010514 0.386275 0.199881 0.188602 0.174355 -0.210958 -0.278349 0.327738 -0.173746 0.217530 0.288736 0.398325 0.082443 0.140200 -0.181025 -0.059854 -0.245308 0.104378 0.113274 0.539303 0.435695 0.139577 0.131756 -0.364888 -0.043503 -0.033544 -0.227185 -0.249769 -0.402135 0.059816 -0.093211 0.047274 -0.050398 0.377393 0.195497 -0.116156 -0.203779 0.330544 0.192528 0.163159 -0.039446 0.001656 -0.000910 -0.363632 -0.278489 -0.350269 -0.479668 -0.166358 -0.185883 -0.039077 -0.150329 -0.159497 -0.176880 0.101209 -0.208246 -0.119093 0.095368 -0.371143 -0.168857 0.069628 0.164699 0.048766 -0.099462 -0.125786 -0.128821 -0.377152 -0.458220 -0.304014 -0.303314 -0.450839 -0.404847 -0.052721 -0.149769 -0.220715 -0.332446 -0.149629 -0.412767 -0.301655 -0.368692 -0.140043 -0.085932 -0.141689 0.074498 -0.039147 -0.162964 -0.375160 -0.176102 -0.345712 -0.146523 0.048782 -0.245401 -0.014762 0.035782 0.236428 0.018091 0.155942 0.159744 -0.008262 -0.112336 -0.366028 -0.234400 0.099564 -0.176485 -0.045533 -0.038980
-0.347304 -0.033668 0.275694 0.690071 0.155280 0.078845 0.473343 1.000000 -0.004894 0.450916 0.074875 0.002580 -0.061448 0.119420 0.110465 0.309827 -0.129580 -0.469498 0.287406 0.226930 -0.030782 0.240145 0.093051 0.483645 -0.069435 0.069014 -0.181096 -0.204318 -0.256682 -0.163635 0.380725 0.455939 -0.118804 0.244820 -0.292958 -0.123354 -0.215694 -0.180497 -0.419920 -0.309644 -0.009901 -0.111876 -0.225423 -0.230770 0.101294 0.100070 -0.377924 -0.034079 0.053336 -0.081133 -0.159590 -0.360565 -0.299332 -0.265628 -0.370903 -0.323503 -0.186768 -0.325440 -0.326502 -0.033524 -0.281155 -0.150736 -0.210786 -0.186586 0.041471 0.196193 -0.246074 0.189070 -0.177102 0.036208 0.093436 0.191993 -0.214569 -0.237609 -0.403081 -0.203022 -0.374238 -0.208695 -0.253361 -0.406198 -0.330938 -0.491433 -0.007602 0.198016 -0.210056 -0.402272 -0.430974 -0.308026 -0.173622 -0.233216 0.160810 0.214310 0.062324 0.122183 -0.094115 -0.180893 -0.304287 -0.092550 -0.218676 -0.173099 0.006649 -0.270521 0.101888 0.236884 0.136271 0.209010 0.133538 0.160359 -0.027675 -0.182349 -0.294204 -0.138994 0.083290 -0.144145 -0.088648 -0.080413
0.175930 0.135626 0.190212 0.180087 0.537633 0.408550 0.024694 -0.004894 1.000000 0.094272 -0.459849 -0.311518 0.044452 -0.297955 0.035133 -0.276263 -0.385178 -0.145153 0.174442 0.366931 -0.227638 -0.209915 -0.031212 0.307490 0.329850 0.223157 0.303128 0.214656 -0.269296 -0.541739 -0.395770 -0.322262 -0.457358 -0.194875 0.236631 0.193157 -0.263473 -0.048403 0.080819 0.036712 -0.266876 -0.017495 -0.381041 -0.269138 -0.307939 -0.289538 -0.243197 0.091027 -0.249827 -0.196771 -0.188756 -0.070014 -0.087506 -0.225388 -0.212735 -0.248480 -0.461724 0.016571 0.235839 0.071734 -0.058352 -0.009542 -0.343435 -0.209553 0.241916 0.133133 0.016027 0.060686 0.221551 0.333293 -0.142015 -0.315672 -0.437455 -0.333656 -0.284539 -0.213680 -0.250526 -0.184952 -0.355571 -0.276786 -0.083294 -0.101772 0.247081 -0.157976 -0.142446 -0.281849 0.147754 0.125427 0.479846 0.378505 0.522012 0.375117 0.389469 0.018654 0.051903 -0.125934 -0.275901 -0.182211 0.024751 -0.048189 0.168139 -0.011111 0.058023 0.192847 0.071938 0.313030 0.193084 0.174813 0.012474 -0.045506 0.175705 -0.097168 -0.381071 -0.222195 0.100128 -0.002444
-0.156776 0.021902 -0.062988 0.306740 0.352623 0.297774 0.076170 0.450916 0.094272 1.000000 -0.103765 0.017720 -0.204057 -0.106223 0.134717 0.166923 0.041870 -0.171836 0.146137 0.200845 -0.028612 0.106235 -0.047737 0.310010 0.022705 0.272144 0.063156 0.144763 -0.132275 -0.085267 0.159136 0.235573 -0.263833 -0.008773 0.036787 -0.185026 -0.178500 -0.237116 -0.130731 -0.088616 -0.095616 -0.276162 -0.199160 -0.294131 -0.208846 -0.166324 -0.294654 -0.181732 -0.306793 -0.253925 -0.078811 -0.175966 -0.135498 0.007443 -0.372756 -0.227041 0.058129 -0.029755 -0.256554 -0.063603 -0.210158 0.092517 -0.032975 0.049727 0.222443 0.354019 -0.247271 -0.006339 -0.011281 -0.037264 0.125146 0.115558 -0.142710 -0.127610 -0.224089 -0.028049 -0.155228 -0.020364 0.000283 -0.123450 -0.000284 -0.128576 -0.031068 0.206004 -0.037723 -0.085417 -0.236586 -0.023632 0.045615 0.026974 0.083191 0.091089 0.064146 0.018689 -0.065250 -0.305464 -0.353400 -0.129683 -0.227742 -0.119129 -0.156310 -0.182971 -0.077270 0.023544 -0.002819 0.132272 0.115069 0.136129 -0.095493 -0.147821 -0.126572 0.082922 0.013351 -0.047222 -0.121356 -0.029398
0.226036 -0.209403 0.195194 -0.086156 -0.293300 -0.277683 0.244671 0.074875 -0.459849 -0.103765 1.000000 0.470940 0.615972 0.557511 0.482786 0.496977 0.457222 -0.017744 0.156385 -0.336927 0.406677 0.380994 0.320910 -0.295437 -0.106008 -0.242300 -0.107975 -0.105898 0.371081 0.406544 0.508589 0.382911 0.415702 0.218311 -0.235932 -0.244625 0.202808 0.024792 -0.201786 -0.230150 0.073879 0.012906 0.094498 -0.034977 0.188778 -0.003034 -0.066278 -0.383314 0.316287 0.051638 0.276701 0.099323 0.202693 0.252155 0.070550 -0.030271 0.201910 -0.185901 -0.113373 -0.241195 0.303103 0.068838 0.282241 0.169421 0.029177 -0.067798 -0.227930 -0.231752 -0.267067 -0.369932 0.213690 0.253503 0.427214 0.262861 0.211261 0.175209 0.180197 -0.010328 0.195142 0.089204 -0.084149 -0.137637 0.070332 0.027342 0.163934 0.153952 -0.131414 -0.243199 -0.239478 -0.196778 -0.590708 -0.380440 -0.592026 0.147497 -0.073019 0.099443 0.096565 0.103301 -0.340557 -0.080629 -0.351758 -0.135836 -0.272051 -0.203562 -0.134612 -0.352054 -0.141398 -0.157285 0.062372 0.014342 -0.222128 0.022018 0.238168 0.143018 -0.115949 -0.024447
0.098363 0.150797 -0.066375 -0.037143 -0.272848 -0.045970 -0.010514 0.002580 -0.311518 0.017720 0.470940 1.000000 0.309907 0.715997 0.187924 0.447845 0.262916 0.253322 0.005375 -0.295180 0.227185 0.124561 0.228435 -0.183647 -0.066048 -0.059549 0.027557 0.102044 0.230882 0.408302 0.193809 0.174533 0.325581 0.126989 -0.095665 -0.174042 0.319001 0.210377 0.155768 0.061383 0.192868 0.184124 0.050759 -0.024858 0.001209 -0.157544 0.072410 -0.315683 0.042326 -0.065696 0.072272 0.127592 0.059628 0.262930 0.248651 0.203784 0.151060 -0.213710 -0.239765 -0.379603 0.135446 0.155680 0.120512 0.249995 0.006272 0.139210 -0.377683 -0.407545 -0.287998 -0.449507 0.171447 0.226655 0.247493 0.328962 0.300928 0.236491 0.323083 0.120392 0.181021 0.149978 0.054610 0.026670 0.041820 0.249030 0.159324 0.348641 0.053703 0.055073 -0.101971 0.042435 -0.455707 -0.443461 -0.238742 -0.084868 -0.076781 0.167110 0.159995 0.029945 -0.331068 -0.068022 -0.131620 -0.066868 -0.391137 -0.373109 -0.268143 -0.502534 -0.065312 -0.109048 0.123962 -0.117968 -0.185141 0.103131 0.173474 0.106455 -0.072229 0.080946
0.240742 -0.160136 0.406873 -0.017061 -0.040581 -0.204212 0.386275 -0.061448 0.044452 -0.204057 0.615972 0.309907 1.000000 0.559252 0.595808 0.344346 0.172011 -0.012756 0.299665 -0.348687 0.364375 0.297886 0.563376 -0.235025 0.062167 -0.234585 0.061794 -0.010518 0.353287 0.272400 0.467847 0.308461 0.207997 0.001515 -0.194684 -0.198059 0.074824 0.054683 -0.055511 -0.261965 0.034841 -0.000553 -0.014007 -0.127655 0.146662 -0.150704 -0.093762 -0.491897 0.270128 0.090318 0.337978 0.259268 0.275094 0.173963 -0.003132 -0.018455 -0.112927 -0.225015 -0.030312 -0.198877 0.281959 0.123965 0.025545 0.085100 0.195350 -0.115690 -0.272827 -0.430937 -0.301650 -0.389052 0.155649 0.154969 0.320103 0.262726 0.271062 0.102257 0.071904 -0.198226 -0.067837 -0.021694 -0.257689 -0.219185 0.229145 -0.141684 0.200064 -0.041796 0.259901 -0.066774 0.008713 0.000902 -0.446455 -0.414721 -0.409614 0.060885 -0.027524 0.153150 -0.093842 0.013437 -0.326215 -0.054118 -0.119251 -0.211991 -0.307367 -0.264515 -0.116169 -0.243278 0.061356 -0.049127 0.128924 0.021498 -0.286302 -0.029601 0.022479 -0.024407 -0.044782 -0.000356
0.037974 0.074791 0.120439 0.013021 -0.262075 -0.129996 0.199881 0.119420 -0.297955 -0.106223 0.557511 0.715997 0.559252 1.000000 0.264641 0.541458 0.218014 0.084790 -0.008205 -0.351746 0.288122 0.232785 0.341971 -0.225826 -0.130880 -0.329443 -0.165256 -0.149030 0.307471 0.413872 0.381936 0.270729 0.314885 0.073607 -0.388026 -0.279300 0.182356 0.046192 -0.067324 -0.161891 0.090673 0.116511 0.108163 0.009645 0.163766 -0.029876 0.051734 -0.288647 0.304583 0.132634 0.072960 0.087279 -0.005415 0.089414 0.126161 0.097864 0.067601 -0.289872 -0.212081 -0.220183 0.109971 0.046368 0.135118 0.182380 -0.204946 -0.086975 -0.311166 -0.401933 -0.239562 -0.314457 0.197836 0.282551 0.345733 0.246682 0.241326 0.119438 0.148936 -0.084475 0.147685 0.040921 -0.045379 -0.030544 -0.034117 0.162994 0.024286 0.014544 -0.005646 -0.189721 -0.282623 -0.226323 -0.348467 -0.380237 -0.267809 -0.017355 -0.001585 0.088741 0.119462 0.067948 -0.205657 -0.139479 -0.084510 -0.183918 -0.185760 -0.210807 -0.081468 -0.279758 0.063358 -0.015566 0.083184 0.003594 -0.364546 -0.034572 0.238379 0.006169 -0.089524 0.007274
0.162166 -0.097525 0.265445 0.268382 0.136678 -0.102487 0.188602 0.110465 0.035133 0.134717 0.482786 0.187924 0.595808 0.264641 1.000000 0.688124 0.311989 -0.220794 0.376070 -0.197768 0.583777 0.589028 0.599932 0.101994 0.120958 0.112799 0.296904 0.224794 0.315464 0.157676 0.589841 0.501700 0.079556 0.054869 -0.255336 -0.321485 0.237666 0.116108 -0.053347 -0.178738 0.232070 0.113743 -0.152846 -0.344899 -0.158263 -0.350699 -0.240828 -0.537543 0.029260 -0.285206 0.197133 -0.113719 0.202155 0.157471 -0.041274 -0.216467 0.088434 -0.151422 -0.194247 -0.160618 0.055098 0.020047 0.052952 0.038971 0.136022 -0.178626 -0.461674 -0.406484 -0.377838 -0.408733 0.356380 0.261438 0.250697 0.284519 0.205430 0.264468 0.117165 -0.101026 0.032263 -0.226260 -0.141029 -0.256997 0.456677 0.243273 0.309628 -0.030076 0.175013 0.132082 0.192550 0.026568 -0.419919 -0.348312 -0.364006 0.027686 -0.047190 -0.077077 -0.133195 -0.003958 -0.390179 -0.171983 -0.184309 -0.397932 -0.373181 -0.233631 -0.245809 -0.219874 -0.048971 -0.064814 0.144345 -0.094289 -0.314831 -0.068259 0.039570 -0.050739 -0.021764 -0.031156
-0.004576 0.006283 0.080437 0.326422 -0.056704 -0.085923 0.174355 0.309827 -0.276263 0.166923 0.496977 0.447845 0.344346 0.541458 0.688124 1.000000 0.400006 -0.186616 0.187422 -0.168848 0.541167 0.647595 0.392155 0.128669 -0.006150 0.005550 -0.024495 -0.006783 0.282311 0.331579 0.646042 0.552407 0.181589 0.151327 -0.455878 -0.463204 0.295254 0.083814 -0.227467 -0.207465 0.195203 0.182663 -0.058173 -0.285924 -0.086472 -0.227760 -0.180520 -0.432842 0.113419 -0.241900 0.060633 -0.253934 0.041080 0.093753 -0.052564 -0.197308 0.333418 -0.123018 -0.400919 -0.202114 -0.114162 -0.126404 0.152820 0.057792 -0.183755 -0.160723 -0.495882 -0.335086 -0.283778 -0.320903 0.458108 0.433901 0.302605 0.257601 0.142160 0.197467 0.097434 -0.118380 0.170240 -0.227901 0.065674 -0.158172 0.133270 0.481796 0.118912 -0.073843 -0.163177 -0.144183 -0.196245 -0.263851 -0.344721 -0.276390 -0.283976 0.120914 0.055344 -0.039180 0.021226 0.061977 -0.255951 -0.097380 -0.128342 -0.222985 -0.141332 -0.003003 -0.033727 -0.117086 -0.054568 -0.013303 0.080455 -0.134284 -0.396521 -0.082406 0.242703 0.079307 -0.054699 -0.027892
0.285827 0.093406 -0.367639 -0.214631 -0.378709 -0.215023 -0.210958 -0.129580 -0.385178 0.041870 0.457222 0.262916 0.172011 0.218014 0.311989 0.400006 1.000000 0.462949 0.164935 -0.128214 0.214264 0.141788 0.036685 -0.228877 -0.215388 -0.123546 -0.150043 -0.032123 0.431917 0.475027 0.256580 0.230949 0.385726 0.215839 -0.010636 -0.409857 0.183149 0.012408 -0.083122 -0.082011 0.049316 0.055342 0.046769 -0.129635 -0.098803 -0.235231 0.017652 -0.382962 -0.122758 -0.207272 0.049309 -0.016464 0.061830 0.246873 0.102207 0.069765 0.645459 0.362206 -0.268636 -0.172621 0.295234 0.129569 0.638236 0.446689 0.016093 -0.148404 -0.259208 -0.494244 0.034145 -0.365035 0.350325 0.170297 0.543331 0.435644 0.411093 0.379878 0.462109 0.269509 0.644347 0.413723 0.352508 0.338843 0.000774 0.375102 0.252004 0.131762 -0.157914 -0.009578 -0.039636 -0.000622 -0.445491 -0.345131 -0.487983 0.131536 -0.116209 0.152179 0.103373 0.158763 -0.036270 0.062722 -0.315861 0.123469 -0.209486 -0.219006 -0.409239 -0.349242 -0.119374 -0.138181 0.063953 -0.028289 -0.202256 0.105612 0.133583 0.210008 -0.152215 -0.058624
0.085733 0.214251 -0.434588 -0.605242 -0.399455 -0.211217 -0.278349 -0.469498 -0.145153 -0.171836 -0.017744 0.253322 -0.012756 0.084790 -0.220794 -0.186616 0.462949 1.000000 -0.107120 -0.121750 -0.103611 -0.451522 -0.236436 -0.411756 -0.235581 -0.287368 -0.265364 -0.209602 0.480239 0.525156 -0.210171 -0.219284 0.356244 0.052470 0.283486 -0.060442 0.233896 0.166163 0.213727 0.055665 0.083378 0.144628 0.148805 0.138236 0.034262 -0.120036 0.276732 -0.114952 -0.153712 0.046503 -0.037729 0.219579 0.028785 0.229411 0.274229 0.271834 0.329438 0.399552 -0.028630 -0.195644 0.352572 0.283557 0.390214 0.493655 0.088732 -0.081169 0.004438 -0.375520 0.163906 -0.280242 -0.019864 -0.130691 0.454633 0.335871 0.474775 0.344358 0.453825 0.285282 0.538252 0.624563 0.401557 0.661693 -0.122494 0.200691 0.238961 0.312060 0.071513 0.090540 -0.000519 0.118518 -0.208594 -0.289794 -0.137990 -0.074214 -0.090141 0.185876 0.046131 -0.115712 0.138099 0.136618 0.020633 0.322239 -0.080602 -0.348628 -0.420406 -0.359471 -0.239187 -0.241887 -0.048800 0.098746 -0.044086 0.178585 0.037996 0.204326 -0.227451 0.018584
0.210981 -0.049181 0.367885 0.263151 0.028949 -0.144349 0.327738 0.287406 0.174442 0.146137 0.156385 0.005375 0.299665 -0.008205 0.376070 0.187422 0.164935 -0.107120 1.000000 0.214955 -0.001085 0.159455 0.381825 0.255767 0.147638 0.094425 -0.020974 -0.007654 0.103000 -0.028994 0.426080 0.553152 0.119079 0.435548 -0.064413 -0.126205 -0.014742 0.028471 -0.010718 -0.066169 0.001452 0.083762 -0.377323 -0.427950 -0.269485 -0.474319 -0.420403 -0.465766 -0.204215 -0.432871 -0.075624 -0.315841 0.102052 0.013366 -0.205550 -0.184603 -0.050834 -0.121382 -0.232082 -0.236099 0.109417 -0.044656 0.029100 -0.087825 0.355088 -0.191417 -0.373599 -0.357957 -0.108367 -0.228953 0.309588 0.324175 0.146182 0.260334 0.133135 0.268002 0.247043 0.197459 -0.115204 -0.062717 -0.149358 -0.377743 0.438702 0.120519 0.113775 -0.297340 0.018206 0.025994 0.222598 0.096192 -0.154986 -0.090011 -0.336517 0.033226 -0.035763 -0.063670 -0.164138 -0.016146 -0.277311 -0.076018 -0.163599 -0.137538 -0.337610 -0.073148 -0.060160 -0.134507 0.295691 0.275411 0.125488 -0.194862 -0.160174 -0.088415 -0.202584 -0.079786 0.006294 0.003057
0.170747 0.300682 -0.065060 0.379681 0.266559 0.200831 -0.173746 0.226930 0.366931 0.200845 -0.336927 -0.295180 -0.348687 -0.351746 -0.197768 -0.168848 -0.128214 -0.121750 0.214955 1.000000 -0.527253 -0.244481 -0.242838 0.612201 0.101206 0.236722 -0.054204 0.064802 -0.357179 -0.503981 -0.279732 -0.045078 -0.397186 0.267343 0.126087 0.061431 -0.320112 -0.267903 -0.241862 0.025131 -0.323701 -0.131831 -0.409960 -0.291658 -0.430917 -0.223935 -0.454545 0.241771 -0.365742 -0.322052 -0.510046 -0.477096 -0.318777 -0.395933 -0.445202 -0.489734 -0.083186 0.279458 -0.052237 0.145549 -0.333671 -0.297163 -0.181723 -0.299107 -0.153166 -0.029513 -0.045997 0.192055 0.579005 0.582614 0.029273 -0.124880 -0.437505 -0.345346 -0.522290 -0.132221 -0.219168 -0.020827 -0.253777 -0.042726 0.324008 0.068076 0.321479 0.331903 -0.282816 -0.340880 -0.293825 -0.125781 0.130716 -0.036125 0.668542 0.653376 0.393101 0.150785 0.159057 -0.276045 -0.256694 -0.216743 0.102061 -0.013406 0.066598 0.050942 0.337082 0.526395 0.255513 0.493634 0.178515 0.285693 -0.195692 -0.046700 0.241934 -0.038922 -0.307893 -0.044645 0.042169 -0.110044
-0.127290 -0.313543 0.271842 0.028149 0.044664 0.030672 0.217530 -0.030782 -0.227638 -0.028612 0.406677 0.227185 0.364375 0.288122 0.583777 0.541167 0.214264 -0.103611 -0.001085 -0.527253 1.000000 0.624646 0.559616 -0.146981 0.265465 0.085494 0.318834 0.226345 0.417970 0.419605 0.534425 0.325606 0.129943 -0.159736 -0.141992 -0.179607 0.419159 0.222451 0.199280 -0.046382 0.418815 0.262161 0.142486 -0.051572 0.069187 -0.070149 0.029965 -0.356171 0.181287 -0.055889 0.309336 -0.058411 0.119827 0.271119 0.263968 0.029056 0.033111 -0.302001 -0.216970 -0.219335 -0.047859 -0.135090 -0.011163 -0.099063 0.009020 -0.219721 -0.225144 -0.231008 -0.505237 -0.416478 0.369431 0.349083 0.449745 0.285036 0.389070 0.241314 0.141869 -0.137191 0.163174 -0.104602 -0.221545 -0.184889 0.091206 0.051155 0.230679 0.096166 0.230499 0.091604 0.044697 -0.103272 -0.497315 -0.438854 -0.324517 -0.108610 0.095591 0.081551 0.147989 0.156829 -0.339934 -0.185587 -0.085465 -0.211003 -0.366427 -0.324535 -0.140978 -0.291500 -0.151990 -0.226087 0.087286 0.106302 -0.176702 -0.161575 0.285378 0.058587 -0.104731 0.128451
-0.063429 -0.367590 0.361936 0.392352 0.126360 0.060324 0.288736 0.240145 -0.209915 0.106235 0.380994 0.124561 0.297886 0.232785 0.589028 0.647595 0.141788 -0.451522 0.159455 -0.244481 0.624646 1.000000 0.557362 0.200949 0.275156 0.299640 0.355422 0.353125 0.088335 0.110706 0.588385 0.503465 0.082177 0.013786 -0.320467 -0.196370 0.148169 0.065290 -0.104642 -0.196119 0.203939 0.152369 0.027735 -0.134061 -0.015610 -0.021464 -0.168843 -0.365001 0.131268 -0.166448 0.260003 -0.181159 0.042104 0.038056 -0.175474 -0.239936 0.089260 -0.259305 -0.364128 -0.190913 -0.197741 -0.371336 -0.028978 -0.222653 -0.055418 -0.160866 -0.331020 -0.038233 -0.407707 -0.244134 0.204890 0.203427 0.146813 0.073546 0.011982 -0.008916 -0.071087 -0.233318 0.038906 -0.340466 -0.230199 -0.344603 0.141643 0.008211 0.067868 -0.081138 0.016582 -0.029441 -0.113168 -0.231405 -0.334145 -0.234579 -0.300024 0.039419 -0.002437 -0.119637 0.080881 0.161034 -0.369961 -0.240530 -0.111965 -0.338341 -0.286676 -0.023487 0.071068 0.009463 0.059091 -0.027522 0.148713 -0.177282 -0.228853 -0.154292 0.167049 -0.047490 0.158134 -0.091553
-0.047276 -0.347938 0.569363 0.384693 0.089070 0.023827 0.398325 0.093051 -0.031212 -0.047737 0.320910 0.228435 0.563376 0.341971 0.599932 0.392155 0.036685 -0.236436 0.381825 -0.242838 0.559616 0.557362 1.000000 0.260282 0.496448 0.185311 0.436962 0.358223 0.270245 0.179404 0.647838 0.555050 0.035907 -0.074323 -0.212635 -0.145566 0.215580 0.141861 0.164583 -0.012948 0.222728 0.185294 -0.043729 -0.158692 0.015081 -0.092803 -0.216710 -0.488606 0.052131 -0.115776 0.122120 -0.086789 0.023958 0.121939 -0.004037 -0.059504 -0.205174 -0.429185 -0.463232 -0.317926 -0.252487 -0.260841 -0.235482 -0.231470 0.032171 -0.366573 -0.545992 -0.327189 -0.535158 -0.455315 0.252962 0.349475 0.271073 0.290947 0.268781 0.221800 0.054092 -0.260871 -0.155536 -0.161905 -0.379639 -0.390683 0.406696 -0.016050 0.248256 -0.044012 0.341319 0.085410 0.216329 -0.047029 -0.368508 -0.392167 -0.249323 -0.134692 0.049739 -0.045695 -0.113889 0.056837 -0.476198 -0.192323 -0.015712 -0.362579 -0.370121 -0.281364 0.022222 -0.139820 0.114348 0.040383 0.167150 -0.157683 -0.383945 -0.244455 0.003061 -0.075840 0.018767 0.023677
-0.163559 0.001422 0.224100 0.814084 0.284064 0.261726 0.082443 0.483645 0.307490 0.310010 -0.295437 -0.183647 -0.235025 -0.225826 0.101994 0.128669 -0.228877 -0.411756 0.255767 0.612201 -0.146981 0.200949 0.260282 1.000000 0.271089 0.507017 0.213948 0.330871 -0.380749 -0.502060 0.088766 0.288311 -0.531609 -0.021185 -0.035481 -0.038487 -0.216948 -0.241906 -0.205039 -0.083717 -0.152945 -0.097441 -0.339917 -0.276478 -0.287400 -0.078342 -0.475824 0.061955 -0.226241 -0.302507 -0.333467 -0.474429 -0.293521 -0.310725 -0.408854 -0.464198 -0.232606 -0.134129 -0.319729 0.031854 -0.555357 -0.448324 -0.315181 -0.488858 -0.160587 -0.125299 -0.301141 0.227898 0.080277 0.296703 0.126744 0.135178 -0.425551 -0.337905 -0.478368 -0.178374 -0.350590 -0.233592 -0.336515 -0.354200 -0.065893 -0.327038 0.358343 0.225833 -0.132200 -0.341970 -0.164113 -0.046590 0.228038 -0.058895 0.512026 0.474068 0.379836 0.130545 0.012887 -0.402103 -0.323281 -0.224498 -0.069030 -0.167696 0.113231 -0.234476 0.120949 0.366284 0.243390 0.453877 0.137993 0.174131 -0.102604 -0.255557 -0.099967 -0.109587 -0.185758 -0.091748 0.002437 -0.246204
-0.013035 -0.363868 0.373579 0.186551 0.421228 0.489840 0.140200 -0.069435 0.329850 0.022705 -0.106008 -0.066048 0.062167 -0.130880 0.120958 -0.006150 -0.215388 -0.235581 0.147638 0.101206 0.265465 0.275156 0.496448 0.271089 1.000000 0.572067 0.563253 0.511134 0.038350 -0.075218 0.118457 0.141162 -0.154970 -0.142722 0.165441 0.254103 0.095144 0.218024 0.382083 0.201619 0.029580 0.315647 -0.033371 0.024939 -0.099980 0.025518 -0.148734 -0.091526 -0.235597 -0.138785 -0.126321 -0.123808 -0.151575 0.019690 0.014051 -0.055164 -0.362759 -0.330080 -0.336374 -0.365045 -0.342913 -0.394008 -0.460753 -0.481016 0.065901 -0.083769 -0.324905 0.018095 -0.231036 -0.127672 -0.005993 0.009913 -0.047856 0.049378 0.099146 0.109481 0.004028 -0.156637 -0.172168 -0.137038 -0.151471 -0.249277 0.332259 -0.079241 0.080795 0.016424 0.358107 0.225298 0.365586 0.100830 -0.019307 -0.053327 0.057624 -0.266837 0.167409 -0.138817 -0.055065 0.051485 -0.343130 -0.117399 0.145557 -0.074797 -0.214247 -0.156189 0.129717 0.008946 0.103482 0.059893 0.031911 -0.143100 0.113339 -0.241627 -0.225414 -0.197025 0.087631 0.176601
-0.038171 -0.168504 0.117403 0.406225 0.354926 0.399776 -0.181025 0.069014 0.223157 0.272144 -0.242300 -0.059549 -0.234585 -0.329443 0.112799 0.005550 -0.123546 -0.287368 0.094425 0.236722 0.085494 0.299640 0.185311 0.507017 0.572067 1.000000 0.583274 0.752434 -0.204527 -0.322748 -0.020465 0.184036 -0.267084 -0.016991 0.372492 0.306857 0.028111 0.061298 0.262725 0.260327 0.071099 0.149078 -0.181555 -0.094746 -0.370144 -0.133426 -0.267385 -0.011247 -0.477381 -0.429854 -0.133741 -0.274924 -0.150691 -0.106031 -0.062193 -0.231700 -0.133963 -0.185965 -0.186362 -0.252314 -0.259991 -0.375930 -0.289378 -0.405554 0.156711 0.197553 -0.218735 0.165584 0.007115 0.013647 0.126277 0.079825 -0.220456 -0.026898 -0.070395 0.053332 0.030622 0.081312 -0.020241 -0.099387 0.043245 -0.204830 0.419126 0.143822 0.121495 0.096279 0.201306 0.431575 0.404106 0.177011 0.081892 0.113540 0.104144 -0.072345 0.016454 -0.243556 -0.016102 -0.049203 -0.316335 -0.186525 -0.041526 -0.078035 -0.342763 -0.097987 -0.151343 0.033703 -0.040340 -0.108141 -0.049931 -0.257000 0.254296 -0.101808 -0.262783 -0.166248 -0.052643 -0.112560
0.137050 -0.140154 0.256973 0.231304 0.484266 0.548108 -0.059854 -0.181096 0.303128 0.063156 -0.107975 0.027557 0.061794 -0.165256 0.296904 -0.024495 -0.150043 -0.265364 -0.020974 -0.054204 0.318834 0.355422 0.436962 0.213948 0.563253 0.583274 1.000000 0.864754 -0.104012 -0.305417 -0.093834 -0.094455 -0.174889 -0.332807 0.142795 0.081925 0.054800 0.149196 0.345641 0.292014 0.128969 0.112360 -0.044201 -0.076998 -0.250572 -0.128748 -0.052431 -0.085975 -0.211037 -0.232800 0.134459 0.053369 0.012593 0.080705 0.033634 -0.001918 -0.258370 -0.160878 -0.062299 -0.072726 -0.186560 -0.203194 -0.255222 -0.241524 0.043989 -0.028366 -0.142258 -0.016256 -0.140544 -0.064801 -0.114495 -0.222948 -0.279121 -0.100092 -0.042582 -0.077743 -0.103018 -0.196094 -0.071495 -0.212333 -0.213721 -0.186148 0.302092 -0.189766 0.067716 0.178238 0.435574 0.397349 0.422902 0.311722 -0.065622 -0.064316 0.079699 -0.170079 0.020225 -0.139017 -0.028315 0.051048 -0.328432 -0.132364 -0.027888 -0.182139 -0.353647 -0.187534 -0.079608 -0.038856 0.005528 -0.062647 0.069242 -0.078536 0.171336 -0.007955 -0.088012 -0.067015 0.280212 0.061726
0.183934 -0.065231 0.125429 0.283733 0.306741 0.497695 -0.245308 -0.204318 0.214656 0.144763 -0.105898 0.102044 -0.010518 -0.149030 0.224794 -0.006783 -0.032123 -0.209602 -0.007654 0.064802 0.226345 0.353125 0.358223 0.330871 0.511134 0.752434 0.864754 1.000000 -0.176492 -0.319369 -0.140537 -0.052202 -0.236442 -0.300088 0.261066 0.079356 0.026375 0.108900 0.346128 0.321726 0.066878 0.085406 -0.070083 -0.079068 -0.380001 -0.202889 -0.086292 -0.103627 -0.323798 -0.358286 0.079348 -0.027831 0.026639 0.090484 0.048890 -0.017809 -0.111645 -0.099906 -0.123815 -0.131661 -0.197053 -0.257849 -0.151716 -0.238320 0.039773 0.046242 -0.215397 -0.050930 -0.048085 -0.040935 -0.040912 -0.160619 -0.262994 -0.099882 -0.053352 -0.042542 -0.012251 -0.106336 -0.012094 -0.081984 -0.057458 -0.129651 0.350208 -0.065515 0.128896 0.226417 0.384125 0.479227 0.478282 0.319727 -0.034766 -0.036754 0.048578 -0.110861 -0.029491 -0.132260 0.066471 0.077004 -0.270945 -0.122441 -0.125073 -0.174815 -0.412331 -0.162334 -0.097644 -0.004485 0.041279 -0.065020 0.028118 -0.139828 0.239118 0.079888 -0.085341 0.020810 0.172765 -0.037632
-0.081579 -0.244991 -0.042959 -0.384254 -0.191239 -0.225190 0.104378 -0.256682 -0.269296 -0.132275 0.371081 0.230882 0.353287 0.307471 0.315464 0.282311 0.431917 0.480239 0.103000 -0.357179 0.417970 0.088335 0.270245 -0.380749 0.038350 -0.204527 -0.104012 -0.176492 1.000000 0.786750 0.434275 0.340993 0.543208 0.187147 -0.022755 -0.176597 0.516691 0.185641 0.256138 0.111106 0.307052 0.282982 0.132152 0.013871 0.081345 -0.168321 0.105179 -0.427686 -0.074792 -0.019022 0.026713 0.083817 0.008210 0.234651 0.322505 0.180780 0.252161 -0.071626 -0.328301 -0.452063 0.200880 0.039440 0.173981 0.219309 0.000249 -0.321724 -0.337738 -0.547450 -0.210727 -0.584047 0.279998 0.328894 0.835314 0.626841 0.742814 0.633216 0.489358 0.190877 0.436215 0.413849 0.199401 0.264240 0.104484 0.302654 0.347830 0.226208 0.219776 0.076881 -0.090895 -0.090375 -0.502047 -0.476863 -0.319815 -0.003091 0.160721 0.337952 0.082453 0.095641 -0.189951 0.127684 -0.047720 0.118745 -0.220218 -0.469245 -0.336423 -0.460936 -0.330974 -0.296159 0.019690 0.257318 -0.242745 0.069557 0.132900 0.178715 -0.227353 0.097789
-0.180033 -0.178961 -0.180808 -0.452845 -0.351622 -0.309131 0.113274 -0.163635 -0.541739 -0.085267 0.406544 0.408302 0.272400 0.413872 0.157676 0.331579 0.475027 0.525156 -0.028994 -0.503981 0.419605 0.110706 0.179404 -0.502060 -0.075218 -0.322748 -0.305417 -0.319369 0.786750 1.000000 0.464763 0.340014 0.599691 0.194973 -0.093940 -0.183967 0.504344 0.231869 0.201560 -0.026021 0.319979 0.267769 0.313619 0.154864 0.307107 0.032948 0.276802 -0.409809 0.100708 0.182847 0.161860 0.191803 0.095214 0.367640 0.344127 0.366687 0.353149 -0.056319 -0.392843 -0.438114 0.191126 0.175048 0.224835 0.338965 0.007829 -0.161533 -0.315568 -0.489841 -0.370220 -0.662078 0.212790 0.327919 0.808710 0.654222 0.724897 0.563884 0.506960 0.203326 0.474456 0.430964 0.126451 0.250754 -0.164859 0.255059 0.362756 0.302533 0.083512 -0.013454 -0.269406 -0.206470 -0.652123 -0.650961 -0.367199 -0.128869 -0.000703 0.295342 0.149513 0.066136 -0.153260 0.066652 0.014062 0.122205 -0.173326 -0.536008 -0.314243 -0.580527 -0.295152 -0.307667 -0.009390 0.101370 -0.309501 0.069833 0.307771 0.268117 -0.233164 0.090100
-0.202892 -0.318985 0.415987 0.264547 -0.018707 -0.275292 0.539303 0.380725 -0.395770 0.159136 0.508589 0.193809 0.467847 0.381936 0.589841 0.646042 0.256580 -0.210171 0.426080 -0.279732 0.534425 0.588385 0.647838 0.088766 0.118457 -0.020465 -0.093834 -0.140537 0.434275 0.464763 1.000000 0.880853 0.306676 0.281803 -0.450003 -0.326215 0.249491 0.041126 -0.164028 -0.257458 0.272803 0.082319 0.043384 -0.161560 0.195953 -0.023270 -0.235591 -0.543350 0.179743 -0.044939 0.190273 -0.180779 0.050820 0.096560 -0.136737 -0.168879 0.129072 -0.332293 -0.485852 -0.305031 -0.094085 -0.145985 0.023375 -0.034638 0.044369 -0.277108 -0.484936 -0.320464 -0.494927 -0.514757 0.478207 0.631553 0.508438 0.430002 0.332780 0.333858 0.163147 -0.123138 0.067805 -0.093030 -0.195446 -0.306477 0.170095 0.254476 0.208895 -0.114434 -0.041985 -0.195907 -0.215379 -0.363318 -0.548561 -0.447778 -0.467586 0.018305 0.060226 -0.029348 -0.136860 0.032226 -0.430580 -0.140195 -0.130687 -0.283430 -0.246123 -0.243293 -0.072638 -0.274564 -0.055935 -0.034690 0.083451 -0.094819 -0.538559 -0.184961 0.184106 -0.012762 -0.146004 -0.046898
-0.181711 -0.220370 0.355181 0.339817 0.001175 -0.222811 0.435695 0.455939 -0.322262 0.235573 0.382911 0.174533 0.308461 0.270729 0.501700 0.552407 0.230949 -0.219284 0.553152 -0.045078 0.325606 0.503465 0.555050 0.288311 0.141162 0.184036 -0.094455 -0.052202 0.340993 0.340014 0.880853 1.000000 0.264573 0.535940 -0.313653 -0.188083 0.203673 -0.005358 -0.131664 -0.166693 0.244819 0.124510 -0.099499 -0.227976 0.023779 -0.132281 -0.317267 -0.492526 -0.019167 -0.216303 -0.004060 -0.303319 0.010581 0.023049 -0.186763 -0.220348 0.076407 -0.327385 -0.527520 -0.375632 -0.128736 -0.197334 0.000199 -0.131693 0.103534 -0.219586 -0.583572 -0.308790 -0.361190 -0.460603 0.536434 0.692488 0.406816 0.477333 0.288530 0.457589 0.249561 0.085752 0.040067 -0.048544 -0.101120 -0.349208 0.370472 0.405509 0.210866 -0.179891 -0.054942 -0.085395 -0.127209 -0.328722 -0.433156 -0.304899 -0.386586 0.034134 0.038073 -0.072162 -0.154891 -0.015741 -0.401455 -0.123852 -0.182514 -0.269515 -0.313479 -0.204634 -0.150735 -0.260567 -0.035830 -0.010867 -0.039274 -0.138078 -0.407088 -0.152251 0.033619 -0.041607 -0.220240 -0.110177
0.026401 -0.082524 -0.063888 -0.440432 -0.323710 -0.210008 0.139577 -0.118804 -0.457358 -0.263833 0.415702 0.325581 0.207997 0.314885 0.079556 0.181589 0.385726 0.356244 0.119079 -0.397186 0.129943 0.082177 0.035907 -0.531609 -0.154970 -0.267084 -0.174889 -0.236442 0.543208 0.599691 0.306676 0.264573 1.000000 0.452842 -0.162662 -0.143579 0.335705 0.253494 0.093322 0.045345 0.292451 0.248037 0.230796 0.130105 0.222288 -0.029577 0.193223 -0.320944 0.046199 0.025402 0.059853 0.116031 -0.007816 0.082954 0.182481 0.298968 0.365829 0.017863 -0.154403 -0.253693 0.453977 0.205974 0.396723 0.472251 -0.027975 -0.184257 -0.048009 -0.361422 -0.162211 -0.535839 0.030779 0.114303 0.561066 0.451027 0.533159 0.386508 0.435033 0.251478 0.366364 0.290063 0.059767 0.156546 -0.158050 0.134119 0.093332 0.266538 -0.003845 -0.076911 -0.336540 -0.069998 -0.650287 -0.543675 -0.481385 -0.088304 -0.076409 0.275820 0.148464 0.130281 -0.309384 0.080811 -0.160518 0.105993 -0.187028 -0.380048 -0.253189 -0.535191 -0.229282 -0.192844 0.079935 0.007055 -0.203542 0.052695 0.150598 0.146228 0.016806 0.196028
0.050947 0.100156 -0.024506 -0.069418 -0.063562 -0.243971 0.131756 0.244820 -0.194875 -0.008773 0.218311 0.126989 0.001515 0.073607 0.054869 0.151327 0.215839 0.052470 0.435548 0.267343 -0.159736 0.013786 -0.074323 -0.021185 -0.142722 -0.016991 -0.332807 -0.300088 0.187147 0.194973 0.281803 0.535940 0.452842 1.000000 -0.023320 0.141615 0.131436 -0.025263 -0.119061 -0.011661 0.120633 0.168244 -0.309061 -0.274784 -0.146363 -0.254631 -0.311713 -0.216356 -0.222194 -0.262349 -0.328576 -0.326935 -0.128273 -0.175003 -0.141755 -0.146768 0.131401 0.022554 -0.190542 -0.285688 0.183459 0.003274 0.109774 0.086736 0.130006 0.016565 -0.249912 -0.190214 0.105785 -0.095235 0.370384 0.396883 0.246686 0.398362 0.165135 0.449793 0.380113 0.419955 0.133646 0.222366 0.218789 0.004415 0.285082 0.468768 0.027528 -0.053176 -0.209787 -0.120063 -0.213459 -0.128659 -0.180532 -0.026527 -0.214065 0.048085 0.096234 0.126541 0.003999 0.020226 -0.213198 0.030974 -0.179458 0.094736 -0.126471 -0.005403 -0.251357 -0.222878 -0.076984 0.058408 -0.185852 0.026271 -0.001067 -0.064781 -0.189407 -0.051277 -0.126938 -0.016349
0.076554 -0.034924 -0.210215 -0.187206 -0.029439 0.162502 -0.364888 -0.292958 0.236631 0.036787 -0.235932 -0.095665 -0.194684 -0.388026 -0.255336 -0.455878 -0.010636 0.283486 -0.064413 0.126087 -0.141992 -0.320467 -0.212635 -0.035481 0.165441 0.372492 0.142795 0.261066 -0.022755 -0.093940 -0.450003 -0.313653 -0.162662 -0.023320 1.000000 0.563750 0.037193 0.169693 0.411766 0.386418 -0.040021 0.093131 -0.206397 -0.033381 -0.277493 -0.150338 -0.118493 0.101646 -0.567871 -0.286296 -0.177034 -0.059369 -0.089678 -0.124339 0.204378 0.156972 -0.067875 0.077326 0.112580 -0.228472 0.177785 0.064977 -0.135889 -0.047078 0.410966 0.410384 0.091141 0.088621 0.195001 0.029186 -0.098475 -0.160176 0.003755 0.045357 0.123314 0.108190 0.204101 0.401679 0.042219 0.345221 0.079534 0.100443 0.168257 -0.113818 0.275901 0.317224 0.250159 0.449579 0.437022 0.496144 0.092956 0.134218 0.146103 -0.048898 -0.027604 0.205683 0.089870 0.050169 -0.105791 0.097627 0.038346 0.339642 -0.175418 -0.179626 -0.269441 -0.018716 -0.023958 -0.157443 0.033059 0.003535 0.486835 0.063777 -0.241860 0.001643 -0.139007 0.045870
-0.107369 -0.171661 0.093734 -0.153737 0.172772 0.145729 -0.043503 -0.123354 0.193157 -0.185026 -0.244625 -0.174042 -0.198059 -0.279300 -0.321485 -0.463204 -0.409857 -0.060442 -0.126205 0.061431 -0.179607 -0.196370 -0.145566 -0.038487 0.254103 0.306857 0.081925 0.079356 -0.176597 -0.183967 -0.326215 -0.188083 -0.143579 0.141615 0.563750 1.000000 0.056948 0.119713 0.284823 0.287363 -0.010270 0.125397 -0.076294 0.178936 0.066518 0.189911 -0.026152 0.305465 -0.223092 0.038823 -0.224328 -0.098405 -0.141883 -0.220656 0.084500 0.046549 -0.302042 -0.215647 0.121788 -0.303431 -0.053026 -0.114189 -0.479635 -0.334300 0.203186 0.329450 0.108302 0.326862 0.037897 0.133230 -0.106227 -0.138380 -0.194038 -0.035006 -0.031174 0.018710 0.042966 0.298385 -0.183718 0.086783 0.007758 -0.015941 0.199340 -0.169738 0.201483 0.164824 0.182404 0.299722 0.177005 0.154676 0.169507 0.217023 0.212066 -0.020551 0.089804 0.061005 0.056516 0.041342 -0.051852 0.095278 0.140028 0.207848 -0.070332 -0.043969 -0.091485 0.036292 -0.021931 -0.020571 -0.078759 0.060345 0.468406 -0.039655 -0.245276 -0.197902 -0.060382 0.109182
