1.000000 0.659062 -0.162240 -0.101538 -0.228494 -0.466601 0.147507 -0.015131 -0.221267 -0.282036 0.086284 0.142725 0.019626 0.091110 -0.167373 -0.197531 0.318594 0.225847 0.267417 0.305457 -0.302579 -0.222276 -0.211527 -0.227218 -0.302517 -0.354570 -0.369496 -0.461788 0.028604 -0.015508 -0.255783 -0.208470 0.499034 0.419935 -0.010788 -0.008445 -0.098705 -0.317746 -0.362579 -0.207115 -0.044841 -0.200123 -0.039860 0.059320 -0.103018 -0.145991 -0.044467 -0.017971 -0.173920 -0.091866 -0.207037 -0.015517 0.104872 -0.037589 -0.056089 -0.112509 0.503121 0.504344 0.176084 0.207040 0.239383 0.347600 0.403555 0.475922 -0.157149 0.039651 0.011042 -0.065439 0.287611 0.240333 -0.196378 -0.252108 0.001700 -0.096113 0.018429 -0.099897 0.249511 -0.004778 0.163500 0.281402 0.277655 0.103017 0.071714 -0.141294 -0.186799 -0.213087 -0.087044 -0.306658 -0.127229 -0.051560 -0.058818 0.037654 -0.327312 0.050662 0.120040 0.093035 -0.033221 0.080523 0.153619 0.274523 0.031606 0.303851 0.067677 0.116791 -0.077716 -0.069046 -0.035700 -0.050425 0.096873 -0.142548 -0.233538 0.106614 0.075704 0.067860 0.105596 -0.005225
0.659062 1.000000 -0.206576 0.060516 -0.245388 -0.346982 0.117935 0.080971 -0.313752 -0.277882 0.180627 0.138232 0.124857 0.145981 -0.047386 -0.077577 0.361922 0.421536 0.462321 0.401622 -0.374941 -0.152218 -0.242049 -0.278779 -0.319540 -0.302607 -0.292948 -0.381636 0.127138 0.154487 -0.216223 -0.068844 0.512882 0.456746 -0.246623 -0.102971 -0.018242 -0.242775 -0.255372 -0.093109 0.028140 -0.091845 -0.033746 0.016879 -0.156227 -0.212931 -0.053582 -0.043029 -0.300276 -0.150167 -0.345405 -0.189013 0.006468 -0.036891 -0.044545 -0.053233 0.556780 0.601637 0.053692 0.230360 0.051786 0.295638 0.498343 0.572479 -0.324794 -0.086426 0.009601 -0.158739 0.297270 0.128441 -0.149200 -0.171169 0.100595 0.093420 0.118062 0.026105 0.226580 0.019550 0.313667 0.295182 0.392181 0.308243 0.107857 0.030159 -0.347098 -0.274005 -0.014383 -0.249394 -0.203997 0.105893 -0.081996 -0.034754 -0.240625 -0.100348 0.022369 0.095338 -0.010383 0.113526 0.163451 0.240442 0.114110 0.118717 0.093043 0.116484 -0.057968 -0.121107 0.157995 0.079383 0.093106 -0.100593 -0.188299 0.016610 0.138156 0.073051 0.092111 0.040196
-0.162240 -0.206576 1.000000 0.162496 0.228323 0.183747 0.696849 0.545804 0.286466 0.205734 0.155345 0.065674 0.315580 0.188013 0.341847 0.186492 -0.296716 -0.214100 0.162780 -0.529673 -0.072427 -0.129482 0.754391 0.403737 0.494611 0.406891 0.122729 0.114261 0.000065 0.077289 0.636119 0.545620 -0.260584 -0.024087 0.057225 -0.230371 -0.070470 -0.220863 -0.123352 -0.291575 -0.027863 -0.128876 -0.294280 -0.356696 -0.064667 -0.001553 -0.301685 -0.441441 -0.002225 -0.169570 0.130228 -0.328190 -0.063193 -0.259060 -0.099832 -0.013632 -0.407911 -0.565458 0.290320 -0.285593 0.469241 -0.092923 -0.357315 -0.529392 0.421415 -0.207242 -0.065070 -0.082680 -0.358975 -0.240644 0.141636 0.285190 -0.007778 0.087394 -0.052809 0.049164 -0.102254 -0.078796 -0.203819 -0.246088 -0.457306 -0.282278 0.005878 -0.337363 0.130679 -0.241914 -0.215763 -0.217889 0.226098 0.075542 -0.150206 -0.219130 0.006528 0.200825 0.068776 0.079668 -0.140557 -0.140381 -0.247341 -0.122085 -0.002514 -0.093018 -0.281025 -0.313485 -0.321969 -0.104292 0.112800 -0.056085 -0.065314 -0.058880 0.015382 -0.186228 -0.223142 -0.087873 -0.162980 -0.065263
-0.101538 0.060516 0.162496 1.000000 0.074532 0.035742 0.143385 0.554866 -0.062047 0.167506 0.068574 0.436146 0.143938 0.519770 0.191184 0.425208 -0.110135 0.072313 0.034873 -0.043752 0.096321 0.146891 0.310683 0.401026 0.197512 0.225144 0.171869 0.073089 -0.054984 0.186327 0.257595 0.370209 -0.273991 -0.221965 -0.229220 -0.226142 -0.092896 0.107678 0.021173 0.120023 -0.134856 0.093165 -0.341124 -0.355355 -0.388607 -0.356165 -0.333321 -0.358553 -0.333917 -0.346314 -0.059601 -0.320936 -0.159596 -0.259723 0.004824 -0.053841 -0.197537 -0.222175 -0.142239 -0.169262 -0.054563 -0.095116 -0.263248 -0.334942 0.045750 0.054816 -0.374625 -0.239277 -0.112436 -0.059003 0.197594 0.394845 -0.016586 0.240973 0.115670 0.173590 -0.035997 -0.001400 -0.049678 -0.094259 -0.240176 -0.050772 -0.223829 0.071095 0.093781 0.304510 -0.017723 0.187514 0.261389 0.389552 -0.002002 -0.204030 0.368456 0.026735 -0.010204 0.102370 -0.071933 0.000889 -0.307836 0.041382 0.028745 -0.231764 -0.063861 -0.249835 0.002287 -0.054575 0.126879 0.113040 0.149497 0.058579 -0.118617 -0.169924 0.004912 0.185001 0.175036 0.099717
-0.228494 -0.245388 0.228323 0.074532 1.000000 0.612422 0.208431 0.208349 0.801859 0.714659 -0.413624 0.108525 -0.088152 0.037772 -0.093368 0.312683 -0.303290 -0.197310 0.175661 -0.082526 0.270463 0.062378 0.063926 0.022305 0.363928 0.160855 0.458538 0.242952 0.032628 0.178963 0.309262 0.190610 -0.176903 -0.264978 -0.296041 -0.325147 -0.161871 -0.054813 0.075215 -0.038374 -0.159311 0.262631 0.071303 -0.134101 0.048293 0.133754 -0.137052 -0.001698 0.175573 0.120476 0.109275 -0.069076 0.222649 0.193547 -0.117517 -0.185537 -0.332950 -0.275282 -0.137473 -0.186714 0.074870 -0.025175 -0.269646 -0.320418 -0.152233 -0.375943 -0.142164 -0.091952 -0.160880 -0.066600 0.279502 0.260216 0.055271 0.156551 -0.140528 -0.025716 -0.368902 -0.237847 -0.338252 -0.271265 -0.146339 -0.070960 -0.393218 0.230190 -0.159728 -0.280759 -0.176473 0.240809 -0.306651 -0.190791 0.316334 0.131277 0.238584 -0.060270 0.098388 -0.090681 -0.220490 -0.039144 0.077157 0.021818 0.270640 -0.031937 0.125957 -0.136237 -0.096494 -0.163610 0.007831 0.031263 -0.197978 -0.042931 0.004607 0.082952 -0.289572 -0.060464 -0.200018 -0.059967
-0.466601 -0.346982 0.183747 0.035742 0.612422 1.000000 0.023787 0.071336 0.528743 0.289207 -0.094529 0.131398 0.118671 0.059978 0.099251 0.310182 -0.302520 -0.135036 -0.073710 -0.298682 0.363621 0.253785 0.172032 0.063776 0.404809 0.403106 0.349234 0.567975 0.148833 0.203955 0.324375 0.267270 -0.272582 -0.296202 -0.222619 -0.220315 -0.046402 0.213447 0.294214 0.097389 0.021458 0.290710 0.097568 -0.081347 -0.002827 0.001744 -0.042143 -0.011618 0.089871 0.047132 0.119771 -0.076465 0.073843 0.113126 0.078089 0.052279 -0.365691 -0.441800 -0.149147 -0.313732 -0.031713 -0.279610 -0.227992 -0.367690 -0.051203 -0.280185 -0.191146 -0.242173 -0.455619 -0.327147 0.323646 0.353327 0.205680 0.277775 0.080527 0.227684 -0.101649 0.111664 -0.076955 -0.132615 -0.094264 0.121908 -0.277528 0.410774 0.018437 -0.005179 -0.013257 0.479404 -0.132658 -0.058112 0.028961 -0.124671 0.190600 -0.338730 -0.022394 0.012697 -0.045643 -0.073701 -0.043435 -0.226224 0.012727 -0.380040 -0.149992 -0.339226 -0.079904 -0.092500 0.166174 0.153071 -0.302393 -0.012191 0.045421 -0.019052 -0.297089 -0.152384 -0.215344 -0.017439
0.147507 0.117935 0.696849 0.143385 0.208431 0.023787 1.000000 0.668583 0.237120 0.216204 0.033197 0.230476 0.336214 0.295212 0.087282 0.139211 0.059324 0.234558 0.362044 -0.160182 -0.142439 -0.039572 0.329056 0.043209 0.038752 -0.057214 -0.197200 -0.188471 0.237913 0.398034 0.498142 0.474979 -0.099991 0.079774 -0.295542 -0.453346 -0.067431 -0.247943 -0.251521 -0.278864 0.035542 -0.022308 -0.172803 -0.281826 -0.014796 -0.011693 -0.293051 -0.361976 -0.002951 -0.086598 -0.145705 -0.276021 -0.025837 -0.089359 -0.239402 -0.083136 -0.056289 -0.226702 0.124511 -0.241656 0.285224 0.019693 -0.085695 -0.114482 -0.019745 -0.404386 -0.169651 -0.296383 -0.218879 -0.224974 0.303567 0.313089 0.259297 0.264555 0.098188 0.213429 0.065266 -0.040513 0.023159 0.034969 -0.053646 0.078483 -0.030483 -0.141046 -0.197728 -0.320537 -0.222007 -0.261570 -0.074238 0.006974 -0.130112 -0.153872 -0.171740 0.087508 0.050702 0.167959 -0.299744 -0.139110 -0.057963 0.089485 0.096758 0.055875 -0.171945 -0.260130 -0.324429 -0.239520 0.089643 -0.046764 -0.004365 -0.174916 -0.250137 -0.041470 -0.143174 -0.101355 -0.169434 -0.083149
-0.015131 0.080971 0.545804 0.554866 0.208349 0.071336 0.668583 1.000000 0.170117 0.313933 0.156623 0.491075 0.384381 0.547360 0.228822 0.466904 0.017812 0.195060 0.259314 -0.072114 -0.054810 -0.034590 0.364759 0.229141 0.054607 -0.004078 -0.076540 -0.135532 0.088550 0.368712 0.472910 0.493373 -0.233017 -0.114080 -0.279869 -0.415285 -0.202343 -0.215902 -0.267776 -0.189169 -0.144014 -0.048671 -0.298296 -0.416367 -0.191190 -0.206725 -0.337758 -0.465226 -0.215845 -0.262144 -0.046639 -0.311940 -0.097905 -0.260955 -0.184167 -0.195033 -0.075266 -0.270008 -0.023987 -0.281033 0.199237 0.137362 -0.201224 -0.247949 0.124762 -0.154348 -0.335831 -0.347243 -0.202915 -0.108411 0.160979 0.356139 0.035154 0.233925 0.020809 0.116004 -0.030709 -0.099916 -0.084896 -0.155239 -0.191844 -0.049067 -0.125083 0.001104 -0.128717 -0.094289 -0.218885 -0.078330 0.013881 0.231595 0.018376 -0.225347 0.219717 0.109040 0.009149 0.148600 -0.344466 -0.130699 -0.203793 0.074496 0.182403 -0.109751 -0.110976 -0.291578 -0.224119 -0.201282 0.143002 0.035267 0.021789 -0.131885 -0.255730 -0.045901 -0.090656 0.088784 0.036589 0.079916
-0.221267 -0.313752 0.286466 -0.062047 0.801859 0.528743 0.237120 0.170117 1.000000 0.731356 -0.248940 0.130850 0.131245 0.108473 0.154286 0.395286 -0.157188 -0.077528 0.102555 -0.202293 0.280173 0.056795 0.103283 -0.001895 0.401531 0.211484 0.338936 0.218220 0.234127 0.290150 0.368858 0.253563 -0.164632 -0.253115 -0.192202 -0.337354 -0.052145 0.028684 0.032573 -0.111629 -0.012889 0.208589 0.037525 -0.203837 -0.007278 0.055095 -0.143364 -0.129283 0.171299 0.039261 0.143426 -0.062096 0.258294 0.150167 -0.194058 -0.221402 -0.359888 -0.367570 -0.091196 -0.259935 0.199740 -0.030260 -0.171885 -0.279141 -0.061502 -0.400847 -0.178374 -0.193952 -0.208681 -0.134369 0.235958 0.307515 0.187927 0.190486 -0.108064 0.078732 -0.251285 -0.169933 -0.221704 -0.180212 -0.140118 -0.052802 -0.263706 0.206315 -0.214508 -0.334966 -0.150760 0.135178 -0.343094 -0.265939 0.150660 0.039589 0.130965 -0.045840 0.088936 -0.082372 -0.314654 0.012283 -0.058216 0.000328 0.179699 -0.041772 0.099568 -0.142312 -0.105435 -0.117221 -0.024881 0.012568 -0.092212 -0.011657 -0.134851 -0.017005 -0.270915 -0.067573 -0.166096 0.010193
-0.282036 -0.277882 0.205734 0.167506 0.714659 0.289207 0.216204 0.313933 0.731356 1.000000 -0.227873 0.175285 0.102069 0.201237 0.117917 0.401067 0.005857 0.032562 0.176919 -0.053391 0.296743 0.056642 0.012396 -0.053934 0.237537 0.091815 0.247967 0.160950 0.220466 0.369100 0.446806 0.307104 -0.197707 -0.279858 -0.313218 -0.419274 -0.109676 0.053353 -0.009816 -0.101979 -0.035649 0.296296 0.013950 -0.212066 0.049078 0.088027 -0.121778 -0.165725 0.138716 0.033929 0.127742 -0.133076 0.171127 0.048278 -0.366555 -0.389080 -0.248461 -0.219569 -0.277323 -0.273378 0.031664 -0.119022 -0.198887 -0.233018 -0.038768 -0.443908 -0.219339 -0.224813 -0.130967 -0.145408 0.325022 0.381652 0.214795 0.239405 -0.067526 0.040067 -0.338676 -0.216934 -0.269485 -0.208867 -0.064658 -0.022834 -0.144754 0.202306 -0.140674 -0.292402 -0.032635 0.197170 -0.302296 -0.307578 0.230494 -0.005551 0.199968 0.005665 0.000325 -0.196493 -0.417888 -0.103193 -0.010112 0.066263 0.284300 -0.028976 0.246915 -0.107779 -0.063877 -0.162886 -0.057789 0.007460 -0.104087 -0.052087 -0.245072 -0.029106 -0.034929 -0.073754 -0.142830 -0.125740
0.086284 0.180627 0.155345 0.068574 -0.413624 -0.094529 0.033197 0.156623 -0.248940 -0.227873 1.000000 0.185975 0.696724 0.345006 0.740754 0.202120 0.500771 0.256592 -0.126959 -0.202992 -0.089076 0.118624 0.263921 0.146534 0.021559 0.159059 -0.053999 0.186751 0.340479 0.126174 0.212508 0.287321 -0.115191 -0.018599 0.226466 0.035400 0.150154 -0.015839 -0.013916 -0.234148 0.177697 -0.259211 -0.193726 -0.227662 -0.230682 -0.278176 -0.100860 -0.257625 -0.360215 -0.313352 -0.198531 -0.342953 -0.299757 -0.358673 -0.069671 0.011664 0.178973 -0.091721 -0.007828 -0.245853 0.045378 -0.203955 0.272506 -0.030088 0.200691 -0.020528 -0.249076 -0.286613 -0.247687 -0.178222 0.085301 0.212610 0.207943 0.130191 0.204581 0.169408 0.420491 0.281273 0.356759 0.166618 0.121905 0.022585 0.669302 0.001305 0.066533 0.008451 0.150805 -0.160804 0.180875 0.129627 -0.378800 -0.271468 -0.195590 -0.058128 -0.124525 0.241077 -0.178355 0.009245 -0.406132 -0.181783 -0.230690 -0.124694 -0.196737 -0.181635 -0.197253 -0.116780 0.101560 -0.057668 0.116867 0.077626 0.047506 -0.189912 0.056632 -0.033138 0.136815 0.087550
0.142725 0.138232 0.065674 0.436146 0.108525 0.131398 0.230476 0.491075 0.130850 0.175285 0.185975 1.000000 0.445076 0.775183 0.229642 0.550510 0.208542 0.401673 0.019841 -0.017617 0.172275 0.200127 0.033492 0.003318 0.016862 -0.076103 -0.128358 -0.040859 0.399745 0.566530 0.320517 0.361164 -0.130617 -0.118153 -0.298698 -0.375979 -0.050420 0.186803 -0.134728 0.008169 0.224227 0.199166 -0.221015 -0.269079 -0.319629 -0.328611 -0.341941 -0.360821 -0.360949 -0.285920 -0.318736 -0.333384 -0.177225 -0.262666 -0.149801 -0.211865 0.045353 -0.142779 -0.276782 -0.354887 0.111016 0.042030 0.000281 -0.103370 -0.124348 -0.113695 -0.551279 -0.545501 -0.207623 -0.214843 0.399022 0.493963 0.344077 0.502663 0.384023 0.456486 0.277560 0.287461 0.214933 0.198973 0.028181 0.236252 -0.105839 0.425354 -0.077157 0.088254 0.101056 0.189096 -0.070586 0.025757 -0.186548 -0.296099 0.052191 -0.096735 -0.049383 0.200827 -0.335075 -0.017861 -0.234040 0.008667 0.030153 -0.157159 -0.112060 -0.281955 -0.088419 -0.048697 0.126335 0.193678 0.065032 -0.025809 -0.306045 -0.144580 0.078474 0.097433 0.132878 0.051694
0.019626 0.124857 0.315580 0.143938 -0.088152 0.118671 0.336214 0.384381 0.131245 0.102069 0.696724 0.445076 1.000000 0.649842 0.786027 0.511096 0.448649 0.426228 -0.088376 -0.322600 0.123038 0.266236 0.226814 -0.004045 0.088808 0.059220 -0.102840 0.230457 0.619155 0.482996 0.426526 0.449035 -0.300559 -0.244904 -0.201566 -0.448081 0.102945 0.112875 -0.052025 -0.135614 0.288165 -0.002257 -0.169231 -0.269345 -0.238498 -0.269178 -0.214115 -0.347930 -0.281632 -0.253112 -0.298408 -0.365272 -0.146098 -0.235528 -0.216963 -0.090333 -0.019705 -0.276331 -0.089586 -0.320974 0.154611 -0.079985 0.133513 -0.096802 -0.088532 -0.287721 -0.431546 -0.547589 -0.441291 -0.325488 0.325631 0.457344 0.457869 0.366190 0.243556 0.319814 0.292675 0.228469 0.331113 0.150873 0.068607 0.115836 0.445950 0.266843 -0.223774 -0.175693 0.195039 0.038197 -0.075705 0.046217 -0.301255 -0.252039 -0.231254 -0.132011 -0.119341 0.261176 -0.381626 0.022228 -0.372547 -0.027757 -0.120040 -0.129452 -0.146925 -0.259819 -0.155785 -0.138621 0.244447 0.140968 0.082952 0.122825 -0.189554 -0.214039 0.108231 -0.010715 0.196252 0.093413
0.091110 0.145981 0.188013 0.519770 0.037772 0.059978 0.295212 0.547360 0.108473 0.201237 0.345006 0.775183 0.649842 1.000000 0.461638 0.670223 0.213067 0.466369 -0.070977 -0.101207 0.118318 0.162839 0.185669 0.150822 0.048172 0.013536 -0.129699 0.006766 0.356656 0.545628 0.406754 0.483498 -0.272444 -0.216914 -0.320027 -0.512858 -0.079297 0.094998 -0.232745 -0.148416 0.161174 0.122681 -0.147339 -0.228986 -0.222598 -0.282103 -0.258505 -0.376197 -0.204146 -0.230069 -0.163101 -0.278966 -0.050119 -0.225016 -0.292141 -0.177826 -0.041304 -0.212481 -0.123357 -0.261370 0.086993 -0.016400 -0.068867 -0.133816 -0.127055 -0.137707 -0.497475 -0.516494 -0.337061 -0.199731 0.271736 0.498843 0.235077 0.416696 0.228426 0.384343 0.161207 0.142952 0.163958 0.096134 -0.072337 0.123913 0.060590 0.420758 -0.207376 0.003632 0.037119 0.134280 -0.069358 0.101710 -0.169858 -0.262557 0.016792 -0.026164 -0.243869 0.063618 -0.440302 -0.116143 -0.300452 -0.041948 -0.130408 -0.230705 -0.230064 -0.376017 -0.187039 -0.245258 0.230678 0.055763 -0.017315 -0.035957 -0.288207 -0.079349 0.139180 0.100480 0.080119 -0.009543
-0.167373 -0.047386 0.341847 0.191184 -0.093368 0.099251 0.087282 0.228822 0.154286 0.117917 0.740754 0.229642 0.786027 0.461638 1.000000 0.492837 0.276780 0.171874 -0.114010 -0.362272 0.202425 0.318539 0.381130 0.195234 0.298381 0.290372 0.223946 0.412905 0.453177 0.246013 0.379209 0.407982 -0.371780 -0.338302 0.027740 -0.304050 0.238368 0.155197 0.187284 -0.042383 0.271783 -0.046176 -0.259740 -0.331308 -0.302124 -0.296924 -0.175506 -0.396172 -0.261821 -0.309878 -0.091531 -0.373679 -0.232719 -0.327895 -0.112164 0.004702 -0.190846 -0.364132 -0.085801 -0.336845 0.054478 -0.283786 -0.040457 -0.320382 0.159509 -0.190157 -0.401426 -0.398226 -0.373660 -0.317555 0.165725 0.408834 0.254531 0.204311 0.140714 0.162270 0.173627 0.109706 0.192096 -0.025922 -0.122751 -0.103512 0.569749 0.159703 -0.001294 -0.066841 0.245516 0.058391 0.222546 0.148283 -0.310716 -0.263632 -0.096422 -0.022489 0.021005 0.240946 -0.234391 0.139309 -0.499368 -0.129887 -0.139790 -0.149776 -0.123832 -0.202752 -0.111331 0.016750 0.191364 0.084764 0.169104 0.230242 -0.019710 -0.310280 0.010723 0.009191 0.268322 0.136181
-0.197531 -0.077577 0.186492 0.425208 0.312683 0.310182 0.139211 0.466904 0.395286 0.401067 0.202120 0.550510 0.511096 0.670223 0.492837 1.000000 -0.075375 0.244147 -0.175013 -0.203556 0.167734 0.163583 0.256475 0.321025 0.319878 0.245038 0.287266 0.265506 0.265012 0.539791 0.449445 0.444062 -0.468011 -0.492599 -0.373000 -0.464591 -0.105759 0.151107 -0.106090 -0.087229 0.022398 0.147005 -0.156885 -0.356925 -0.321417 -0.339200 -0.253996 -0.297466 -0.207156 -0.241897 -0.081866 -0.239206 0.068380 -0.053314 -0.254720 -0.130292 -0.315831 -0.399496 -0.193658 -0.251591 0.059838 -0.115527 -0.228468 -0.308255 -0.096972 -0.164268 -0.550484 -0.480768 -0.455323 -0.211868 0.278137 0.517005 0.139887 0.378218 0.101467 0.259353 -0.010866 0.125645 -0.005688 -0.050665 -0.232319 0.051031 -0.050220 0.520704 -0.166505 0.029739 -0.070009 0.175864 -0.097141 0.138407 0.026246 -0.099597 0.222519 0.023198 -0.126658 0.097364 -0.317055 0.106710 -0.352051 0.057814 0.072257 -0.203221 -0.165358 -0.392121 -0.213520 -0.152826 0.183816 0.101309 0.037519 0.091191 -0.211164 -0.057854 0.134220 0.183839 0.180413 0.114817
0.318594 0.361922 -0.296716 -0.110135 -0.303290 -0.302520 0.059324 0.017812 -0.157188 0.005857 0.500771 0.208542 0.448649 0.213067 0.276780 -0.075375 1.000000 0.614058 0.115489 0.234932 -0.011773 0.150394 -0.439976 -0.495303 -0.481833 -0.476070 -0.402615 -0.238433 0.589370 0.295467 -0.154482 -0.087032 0.223407 0.199177 -0.036360 -0.079481 0.226366 -0.005800 -0.021630 -0.066095 0.301224 -0.055883 -0.062255 -0.114671 -0.108877 -0.159909 -0.119345 -0.114370 -0.312550 -0.196306 -0.475445 -0.249629 -0.224848 -0.213370 -0.136094 -0.222985 0.651580 0.430397 -0.197316 -0.086572 -0.047893 0.070420 0.683876 0.502879 -0.296590 -0.222090 -0.081902 -0.268935 0.187547 -0.021100 0.096880 0.088550 0.495017 0.147876 0.233506 0.218391 0.431494 0.239093 0.539576 0.436606 0.691858 0.388047 0.549902 0.094176 -0.243193 -0.135500 0.191634 -0.125156 -0.172064 -0.140900 -0.208143 -0.114625 -0.361109 -0.230674 -0.000152 0.163342 -0.263972 0.040344 -0.048502 0.112763 -0.007099 0.087376 0.179408 0.144070 0.060484 -0.021259 -0.022690 0.001453 0.208070 -0.000921 -0.235655 -0.173206 0.096139 -0.165038 0.089008 0.046561
0.225847 0.421536 -0.214100 0.072313 -0.197310 -0.135036 0.234558 0.195060 -0.077528 0.032562 0.256592 0.401673 0.426228 0.466369 0.171874 0.244147 0.614058 1.000000 0.123734 0.198395 0.094792 0.249039 -0.305117 -0.387468 -0.373172 -0.368096 -0.349772 -0.243891 0.663784 0.738837 0.140316 0.243463 0.068259 0.034997 -0.315825 -0.369331 0.242092 0.233876 -0.083639 -0.024132 0.363487 0.260829 0.037008 -0.049272 -0.090463 -0.200354 -0.122544 -0.135414 -0.211032 -0.103533 -0.452254 -0.122963 -0.140586 -0.022260 -0.305369 -0.050373 0.361151 0.294810 -0.355895 -0.139666 -0.265555 -0.085986 0.367147 0.527740 -0.503631 -0.380580 -0.330867 -0.537365 -0.159358 -0.327242 0.356474 0.362331 0.609113 0.550577 0.460417 0.584245 0.541860 0.442184 0.582744 0.522675 0.600907 0.687909 0.165665 0.390955 -0.398093 -0.126181 0.044687 -0.021165 -0.276234 -0.043585 -0.315065 -0.211650 -0.431236 -0.356449 -0.168740 0.135323 -0.202670 0.024525 -0.054728 0.140356 -0.056906 -0.150849 -0.103985 -0.218777 -0.140490 -0.200438 0.199334 0.063136 0.112378 0.028027 -0.412354 -0.086408 0.100996 0.031332 0.030625 -0.029428
0.267417 0.462321 0.162780 0.034873 0.175661 -0.073710 0.362044 0.259314 0.102555 0.176919 -0.126959 0.019841 -0.088376 -0.070977 -0.114010 -0.175013 0.115489 0.123734 1.000000 0.405178 -0.075432 -0.122184 -0.071973 -0.228167 -0.149168 -0.164658 -0.174492 -0.229799 0.068533 0.091410 0.075430 0.041496 0.422304 0.368185 -0.236632 -0.153577 -0.032451 -0.228233 -0.182626 -0.040682 -0.079183 0.080496 -0.100326 -0.142406 0.037816 -0.000208 -0.116144 -0.233222 -0.049479 -0.110114 -0.079454 -0.278107 -0.054452 -0.217798 -0.177285 -0.300756 0.264883 0.282405 0.041567 -0.011670 0.116423 0.144131 0.247420 0.245498 -0.041674 -0.270899 0.208792 -0.023983 0.383746 0.058029 -0.040412 -0.061678 0.056553 0.123407 0.027793 -0.034870 -0.098768 -0.173048 0.050676 -0.064679 0.239445 0.121564 -0.113344 -0.125026 -0.228143 -0.378970 -0.094318 -0.102016 -0.219670 -0.027807 0.025239 -0.051287 -0.038872 0.026040 0.095855 -0.068105 -0.092873 -0.072009 0.250566 0.112511 0.354753 0.043371 0.321489 0.123870 -0.028555 -0.092875 0.145454 0.129794 -0.099176 -0.216636 -0.129147 0.083016 -0.179927 0.027106 -0.134012 -0.062579
0.305457 0.401622 -0.529673 -0.043752 -0.082526 -0.298682 -0.160182 -0.072114 -0.202293 -0.053391 -0.202992 -0.017617 -0.322600 -0.101207 -0.362272 -0.203556 0.234932 0.198395 0.405178 1.000000 -0.142631 -0.060232 -0.535569 -0.200155 -0.519749 -0.526903 -0.243489 -0.323230 -0.112953 -0.132624 -0.502644 -0.446995 0.344586 0.171836 -0.188746 0.029176 -0.049496 -0.133579 -0.149384 0.010476 -0.149979 0.016542 0.084443 0.116578 0.042068 -0.017908 0.075093 0.211067 -0.013528 0.040295 -0.165151 0.073114 0.045327 0.093871 -0.116354 -0.238422 0.425657 0.591751 -0.235433 0.198490 -0.330341 0.189841 0.220672 0.437005 -0.320274 0.057841 0.077547 0.127002 0.609653 0.488680 -0.274412 -0.389214 -0.180739 -0.130735 -0.064909 -0.153470 -0.149496 -0.235211 -0.032156 -0.038764 0.379930 0.050354 -0.051699 0.181846 -0.255996 -0.033633 -0.040707 -0.049387 -0.251875 0.000631 0.383136 0.404051 0.108179 0.114098 -0.028949 -0.179347 -0.083110 -0.055018 0.341567 0.206733 0.173699 0.266462 0.356750 0.427452 0.187407 0.061351 -0.148550 0.039060 -0.009019 -0.220324 -0.001740 0.245543 0.096609 0.049115 -0.031227 -0.007525
-0.302579 -0.374941 -0.072427 0.096321 0.270463 0.363621 -0.142439 -0.054810 0.280173 0.296743 -0.089076 0.172275 0.123038 0.118318 0.202425 0.167734 -0.011773 0.094792 -0.075432 -0.142631 1.000000 0.620109 -0.101053 -0.151266 0.094220 0.047704 0.251919 0.450474 0.373782 0.268403 0.210071 0.122354 -0.156538 -0.379911 -0.244413 -0.317473 0.274158 0.624694 0.591149 0.566914 0.280703 0.614314 -0.024653 -0.001986 -0.054346 -0.072941 0.070371 -0.149558 -0.018879 0.003467 0.027178 0.017819 -0.165768 0.008729 0.034927 -0.055443 -0.350316 -0.241134 -0.425808 -0.417846 -0.324248 -0.368586 -0.176782 -0.243883 -0.052555 -0.202276 -0.330268 -0.399803 -0.260906 -0.379657 0.367258 0.369360 0.428545 0.342780 0.325454 0.228316 0.010037 0.147427 0.051943 0.064264 -0.030295 0.178178 -0.089946 0.417339 0.184803 0.241811 0.480580 0.673430 0.046174 -0.076175 -0.148324 -0.300670 0.005952 -0.330156 0.136414 0.021179 -0.018083 0.148682 -0.042036 -0.208400 -0.151088 -0.273739 0.106252 -0.067670 0.278703 0.241091 -0.009871 0.350195 0.127888 0.181210 -0.130680 -0.035977 -0.084643 0.004378 0.197083 0.088348
-0.222276 -0.152218 -0.129482 0.146891 0.062378 0.253785 -0.039572 -0.034590 0.056795 0.056642 0.118624 0.200127 0.266236 0.162839 0.318539 0.163583 0.150394 0.249039 -0.122184 -0.060232 0.620109 1.000000 -0.069084 -0.076272 0.047184 0.039805 0.249921 0.500293 0.511505 0.362065 0.165310 0.217363 -0.191060 -0.335227 -0.182999 -0.289452 0.204853 0.447357 0.547608 0.493291 0.371846 0.468391 -0.049750 -0.087735 -0.079025 -0.151705 0.024064 -0.145168 -0.088184 0.001191 -0.162207 -0.026180 -0.254621 0.104011 0.046513 0.011635 -0.295320 -0.190550 -0.481279 -0.390648 -0.423674 -0.381448 -0.107298 -0.150571 -0.123738 -0.187345 -0.463291 -0.440607 -0.248142 -0.334950 0.406273 0.414131 0.483909 0.393775 0.433622 0.337864 0.130354 0.161415 0.222003 0.252998 0.021268 0.230974 0.181313 0.462494 0.139785 0.255416 0.653732 0.566777 0.210004 0.025151 -0.350513 -0.254771 -0.178419 -0.378426 0.084584 0.226876 -0.145096 0.109627 -0.359521 -0.252887 -0.264492 -0.289384 -0.089121 -0.167405 0.061091 0.080765 -0.163816 0.257773 0.182825 0.188192 -0.165076 -0.300329 0.014306 -0.084711 0.284104 0.101468
-0.211527 -0.242049 0.754391 0.310683 0.063926 0.172032 0.329056 0.364759 0.103283 0.012396 0.263921 0.033492 0.226814 0.185669 0.381130 0.256475 -0.439976 -0.305117 -0.071973 -0.535569 -0.101053 -0.069084 1.000000 0.774315 0.701157 0.676274 0.422110 0.348952 -0.200636 -0.077533 0.627759 0.586888 -0.332583 -0.087796 0.244140 -0.000243 -0.034448 -0.128425 -0.014037 -0.287707 -0.046171 -0.046084 -0.350313 -0.393532 -0.263684 -0.268064 -0.288587 -0.401984 -0.092469 -0.288925 0.344658 -0.247395 0.030613 -0.210013 0.071301 0.106859 -0.508278 -0.660040 0.226081 -0.355891 0.333455 -0.321451 -0.439420 -0.630340 0.615331 0.028937 -0.205218 -0.078696 -0.345391 -0.150316 0.135638 0.340208 -0.171661 0.061342 0.043384 0.075344 -0.020538 0.025774 -0.269251 -0.127622 -0.638689 -0.347492 0.012379 -0.309245 0.374728 0.071817 -0.213046 -0.136777 0.495106 0.274046 -0.223779 -0.304086 0.134628 0.167513 -0.004177 0.060602 -0.018002 -0.147250 -0.502810 -0.363114 -0.170339 -0.303499 -0.449071 -0.519400 -0.424746 -0.173369 0.022252 -0.199743 -0.102418 0.032368 0.094827 -0.306155 -0.358108 -0.004781 -0.151198 -0.041652
-0.227218 -0.278779 0.403737 0.401026 0.022305 0.063776 0.043209 0.229141 -0.001895 -0.053934 0.146534 0.003318 -0.004045 0.150822 0.195234 0.321025 -0.495303 -0.387468 -0.228167 -0.200155 -0.151266 -0.076272 0.774315 1.000000 0.558324 0.628199 0.474577 0.342556 -0.413145 -0.255494 0.354010 0.369336 -0.300871 -0.122843 0.220554 0.132029 -0.105725 -0.161210 -0.055458 -0.281403 -0.181213 -0.091272 -0.303058 -0.316381 -0.252641 -0.256465 -0.213757 -0.193466 -0.096724 -0.240917 0.287310 -0.132937 0.049979 -0.116074 0.006194 0.067774 -0.495979 -0.527373 0.130186 -0.165661 0.147760 -0.240615 -0.444023 -0.597177 0.490027 0.300359 -0.245216 0.085210 -0.190479 0.199196 -0.028694 0.153729 -0.409574 -0.109835 -0.076575 -0.048056 -0.157063 -0.051312 -0.310266 -0.232594 -0.625049 -0.472905 -0.050831 -0.158443 0.335919 0.284981 -0.225275 -0.128900 0.500287 0.296659 0.002371 -0.011948 0.332784 0.269587 -0.154782 -0.100106 -0.011124 -0.155198 -0.495237 -0.328651 -0.161482 -0.201526 -0.362976 -0.347708 -0.348332 -0.147969 -0.084064 -0.303386 -0.130983 -0.061135 0.226375 -0.215313 -0.177498 0.097021 -0.086929 -0.079484
-0.302517 -0.319540 0.494611 0.197512 0.363928 0.404809 0.038752 0.054607 0.401531 0.237537 0.021559 0.016862 0.088808 0.048172 0.298381 0.319878 -0.481833 -0.373172 -0.149168 -0.519749 0.094220 0.047184 0.701157 0.558324 1.000000 0.848285 0.686084 0.557342 -0.097469 -0.013510 0.563402 0.515778 -0.273661 -0.106294 0.098886 0.012619 -0.063928 -0.022429 0.138584 -0.204864 0.015276 0.058531 -0.187088 -0.298490 -0.229450 -0.133014 -0.214178 -0.319400 -0.005911 -0.152756 0.363851 -0.177381 0.153060 0.001014 0.038373 0.012255 -0.585156 -0.613384 0.068827 -0.320837 0.213220 -0.364127 -0.407454 -0.587839 0.350080 -0.080405 -0.231218 -0.033766 -0.356600 -0.210710 0.204176 0.332795 -0.038974 0.119421 -0.002827 0.079617 -0.146002 -0.039578 -0.390471 -0.259187 -0.517832 -0.275110 -0.023408 -0.080417 0.255305 -0.032116 -0.078720 0.025648 0.252446 -0.059283 -0.074234 -0.181771 0.158757 -0.021927 0.063934 -0.012557 -0.011744 -0.024777 -0.278037 -0.251582 -0.053450 -0.303507 -0.213977 -0.421360 -0.313713 -0.097030 0.007344 -0.090048 -0.081319 0.126006 0.103638 -0.227264 -0.252696 0.003523 -0.116015 -0.066533
-0.354570 -0.302607 0.406891 0.225144 0.160855 0.403106 -0.057214 -0.004078 0.211484 0.091815 0.159059 -0.076103 0.059220 0.013536 0.290372 0.245038 -0.476070 -0.368096 -0.164658 -0.526903 0.047704 0.039805 0.676274 0.628199 0.848285 1.000000 0.567329 0.636882 -0.145822 -0.042196 0.539927 0.558284 -0.194971 -0.016936 0.152094 0.110556 -0.070732 0.020498 0.177436 -0.186266 -0.001406 0.051019 -0.101838 -0.212753 -0.122234 -0.096999 -0.051898 -0.256750 0.025830 -0.134655 0.383941 -0.135270 0.054324 -0.028476 -0.016180 0.112542 -0.540844 -0.590998 0.126981 -0.253756 0.139845 -0.413483 -0.345352 -0.565447 0.412809 0.025501 -0.171701 -0.014836 -0.428780 -0.239126 0.171338 0.325331 -0.070283 0.093235 0.038060 0.060007 -0.095369 0.039444 -0.237133 -0.245710 -0.469916 -0.252143 0.053547 -0.088154 0.315186 0.084739 0.007510 0.079592 0.313005 -0.032580 -0.225623 -0.314174 0.151274 -0.058662 -0.082155 -0.074940 0.068938 -0.095096 -0.350432 -0.394770 -0.148587 -0.387547 -0.289457 -0.476433 -0.352997 -0.159606 0.084109 -0.103468 -0.137969 0.052015 0.162036 -0.193878 -0.241549 -0.036945 -0.155138 -0.153215
-0.369496 -0.292948 0.122729 0.171869 0.458538 0.349234 -0.197200 -0.076540 0.338936 0.247967 -0.053999 -0.128358 -0.102840 -0.129699 0.223946 0.287266 -0.402615 -0.349772 -0.174492 -0.243489 0.251919 0.249921 0.422110 0.474577 0.686084 0.567329 1.000000 0.599540 -0.173043 -0.111980 0.245722 0.220029 -0.283844 -0.206304 0.135076 0.081693 0.045775 0.029627 0.333484 0.005639 -0.003282 0.139238 -0.119643 -0.220317 -0.181186 -0.136899 -0.053600 -0.039022 -0.000664 -0.075284 0.274918 -0.065170 0.103838 0.163130 0.164445 0.092091 -0.506442 -0.381541 -0.100422 -0.240172 -0.120458 -0.355128 -0.342778 -0.466625 0.173308 -0.083758 -0.215553 0.043000 -0.134835 -0.041955 0.109338 0.228831 -0.121460 -0.004779 -0.069055 -0.058043 -0.176595 -0.112475 -0.338696 -0.155137 -0.426070 -0.263069 -0.024037 0.032831 0.231307 0.072011 -0.004192 0.127708 0.301211 0.059149 0.013422 -0.034663 0.221826 -0.095767 0.122575 0.011786 0.003747 0.053394 -0.300322 -0.260561 -0.046446 -0.223716 -0.090911 -0.201832 -0.197420 -0.036817 -0.156223 -0.154288 0.000599 0.150534 0.254167 -0.246155 -0.332084 -0.008057 0.023919 0.013173
-0.461788 -0.381636 0.114261 0.073089 0.242952 0.567975 -0.188471 -0.135532 0.218220 0.160950 0.186751 -0.040859 0.230457 0.006766 0.412905 0.265506 -0.238433 -0.243891 -0.229799 -0.323230 0.450474 0.500293 0.348952 0.342556 0.557342 0.636882 0.599540 1.000000 0.122408 0.028213 0.340204 0.305832 -0.261647 -0.343532 -0.053899 -0.092487 0.098118 0.284591 0.481487 0.193241 0.170071 0.354748 -0.024305 -0.153825 -0.136966 -0.170781 0.042675 -0.087832 0.049175 -0.063586 0.245337 -0.065017 0.011581 0.101363 -0.019712 0.064447 -0.471975 -0.439182 -0.120370 -0.336561 -0.129543 -0.485248 -0.278767 -0.483557 0.126997 -0.097123 -0.255968 -0.195658 -0.406393 -0.255577 0.283743 0.342532 0.134863 0.189481 0.184105 0.110471 -0.105434 0.065493 -0.101305 -0.167156 -0.295759 -0.127543 0.170373 0.311222 0.177459 0.139195 0.369739 0.434096 0.224273 -0.033970 -0.143888 -0.243600 0.098899 -0.209600 -0.039798 0.035719 -0.065743 0.000075 -0.374540 -0.466545 -0.190616 -0.317942 -0.178360 -0.255395 -0.119173 -0.078089 0.012154 0.074093 -0.086154 0.121185 0.186096 -0.273352 -0.210196 -0.129241 -0.027883 -0.088125
0.028604 0.127138 0.000065 -0.054984 0.032628 0.148833 0.237913 0.088550 0.234127 0.220466 0.340479 0.399745 0.619155 0.356656 0.453177 0.265012 0.589370 0.663784 0.068533 -0.112953 0.373782 0.511505 -0.200636 -0.413145 -0.097469 -0.145822 -0.173043 0.122408 1.000000 0.749896 0.350070 0.373321 -0.009661 -0.084076 -0.353029 -0.503448 0.440759 0.446715 0.280174 0.146955 0.538142 0.393710 -0.068227 -0.162026 -0.153091 -0.211456 -0.149425 -0.274298 -0.241294 -0.155262 -0.475511 -0.286690 -0.275428 -0.059856 -0.236086 -0.011833 0.063389 -0.056274 -0.438519 -0.469458 -0.144740 -0.274395 0.275487 0.149941 -0.384333 -0.551591 -0.437816 -0.690811 -0.318571 -0.523832 0.556134 0.546532 0.895424 0.640825 0.578397 0.537747 0.481071 0.474278 0.540542 0.497286 0.457498 0.552640 0.329262 0.434321 -0.171445 -0.123863 0.372943 0.241855 -0.193781 -0.151237 -0.490757 -0.373337 -0.498003 -0.447061 0.051931 0.321599 -0.247814 0.150103 -0.201910 0.018459 -0.119885 -0.196556 -0.063287 -0.229089 -0.010233 0.068881 0.114761 0.318765 0.160517 0.248503 -0.371588 -0.255384 0.058365 -0.155403 0.149730 0.111683
-0.015508 0.154487 0.077289 0.186327 0.178963 0.203955 0.398034 0.368712 0.290150 0.369100 0.126174 0.566530 0.482996 0.545628 0.246013 0.539791 0.295467 0.738837 0.091410 -0.132624 0.268403 0.362065 -0.077533 -0.255494 -0.013510 -0.042196 -0.111980 0.028213 0.749896 1.000000 0.541236 0.583839 -0.122137 -0.142074 -0.499059 -0.568019 0.137753 0.389461 0.006849 0.038998 0.433728 0.487132 -0.042180 -0.212175 -0.130373 -0.221282 -0.192588 -0.323077 -0.155409 -0.117812 -0.344298 -0.183084 -0.085237 0.053209 -0.354361 -0.049974 -0.022172 -0.114380 -0.383107 -0.369241 -0.130805 -0.231897 0.051106 0.116571 -0.392608 -0.557401 -0.502027 -0.735272 -0.462127 -0.593057 0.626899 0.694305 0.756053 0.786930 0.540048 0.673525 0.391701 0.436697 0.389589 0.450626 0.270845 0.624332 -0.007127 0.505741 -0.259170 -0.111379 0.135721 0.249790 -0.300674 -0.088257 -0.373325 -0.409535 -0.327290 -0.374189 -0.074584 0.239875 -0.340277 0.060863 -0.146036 0.113390 -0.024266 -0.278650 -0.195372 -0.451829 -0.239255 -0.171248 0.217137 0.232321 0.046922 0.165497 -0.518956 -0.126773 0.116810 0.012291 0.056510 0.037211
-0.255783 -0.216223 0.636119 0.257595 0.309262 0.324375 0.498142 0.472910 0.368858 0.446806 0.212508 0.320517 0.426526 0.406754 0.379209 0.449445 -0.154482 0.140316 0.075430 -0.502644 0.210071 0.165310 0.627759 0.354010 0.563402 0.539927 0.245722 0.340204 0.350070 0.541236 1.000000 0.909330 -0.281121 -0.087112 -0.206783 -0.389509 0.009375 0.145319 0.008510 -0.236583 0.198561 0.335100 -0.202736 -0.343422 -0.125715 -0.147403 -0.297314 -0.490572 -0.071593 -0.199312 0.083312 -0.322587 -0.127484 -0.155756 -0.358082 -0.076475 -0.415401 -0.598403 -0.190179 -0.585476 0.136623 -0.482363 -0.331036 -0.445648 0.255495 -0.382465 -0.444495 -0.508244 -0.622748 -0.565388 0.614594 0.743017 0.411797 0.573623 0.373235 0.381235 0.142315 0.269933 0.000648 0.065968 -0.242336 0.072479 -0.009719 0.081275 0.160310 -0.094534 -0.002836 0.114754 0.069629 -0.092353 -0.358504 -0.485420 -0.088866 -0.114079 -0.071910 -0.004295 -0.221357 -0.172826 -0.314293 -0.246850 -0.052493 -0.421180 -0.330000 -0.640524 -0.435642 -0.244604 0.152505 0.036285 -0.215232 0.097737 -0.216441 -0.165878 -0.146316 -0.067125 -0.204816 -0.166585
-0.208470 -0.068844 0.545620 0.370209 0.190610 0.267270 0.474979 0.493373 0.253563 0.307104 0.287321 0.361164 0.449035 0.483498 0.407982 0.444062 -0.087032 0.243463 0.041496 -0.446995 0.122354 0.217363 0.586888 0.369336 0.515778 0.558284 0.220029 0.305832 0.373321 0.583839 0.909330 1.000000 -0.215625 -0.010659 -0.181420 -0.360450 -0.020864 0.090679 -0.012921 -0.265080 0.217465 0.268846 -0.164665 -0.316645 -0.133369 -0.180481 -0.248931 -0.469952 -0.080513 -0.180934 0.079976 -0.284387 -0.138446 -0.104192 -0.339758 -0.009140 -0.350457 -0.533780 -0.170317 -0.539540 0.077016 -0.453059 -0.263849 -0.346469 0.194162 -0.345893 -0.467910 -0.521614 -0.609113 -0.562499 0.549832 0.745717 0.428498 0.568617 0.387014 0.438670 0.205692 0.245408 0.080144 0.116430 -0.176993 0.126241 0.050521 0.103507 0.105125 -0.061984 -0.022547 0.064325 0.094058 -0.051921 -0.434577 -0.547419 -0.127715 -0.195265 -0.175220 -0.001258 -0.287241 -0.235507 -0.392997 -0.310527 -0.153320 -0.484610 -0.380989 -0.695008 -0.469437 -0.312683 0.198402 0.000793 -0.212303 0.095534 -0.263747 -0.226107 -0.175840 -0.061482 -0.173352 -0.160265
0.499034 0.512882 -0.260584 -0.273991 -0.176903 -0.272582 -0.099991 -0.233017 -0.164632 -0.197707 -0.115191 -0.130617 -0.300559 -0.272444 -0.371780 -0.468011 0.223407 0.068259 0.422304 0.344586 -0.156538 -0.191060 -0.332583 -0.300871 -0.273661 -0.194971 -0.283844 -0.261647 -0.009661 -0.122137 -0.281121 -0.215625 1.000000 0.766435 0.087335 0.244833 0.013241 -0.232338 -0.095792 -0.064298 -0.025637 0.019165 0.066165 0.155249 0.115893 0.041708 0.130536 0.066327 0.004156 0.011420 -0.027203 0.038544 -0.010490 -0.000214 -0.104603 -0.186233 0.421322 0.544555 0.027333 0.124377 0.073042 0.227622 0.458650 0.545155 -0.053951 0.114765 0.355968 0.173064 0.408330 0.215506 -0.291031 -0.360781 0.036126 -0.082565 0.079838 -0.082880 0.113541 0.024363 0.159967 0.215376 0.325104 0.162404 -0.035544 -0.154625 -0.031331 -0.142704 0.050045 -0.163109 -0.155599 -0.287465 -0.155503 -0.124005 -0.237922 -0.097706 0.056720 -0.166067 0.008549 -0.101020 0.196936 -0.092907 0.035652 0.035725 0.168322 0.216008 0.095338 0.005188 -0.074130 -0.033310 -0.103052 -0.208087 -0.123031 -0.052577 -0.003993 -0.117104 -0.165246 -0.155734
0.419935 0.456746 -0.024087 -0.221965 -0.264978 -0.296202 0.079774 -0.114080 -0.253115 -0.279858 -0.018599 -0.118153 -0.244904 -0.216914 -0.338302 -0.492599 0.199177 0.034997 0.368185 0.171836 -0.379911 -0.335227 -0.087796 -0.122843 -0.106294 -0.016936 -0.206304 -0.343532 -0.084076 -0.142074 -0.087112 -0.010659 0.766435 1.000000 0.247121 0.386472 0.023446 -0.363584 -0.211690 -0.337796 0.057838 -0.168640 -0.065701 0.025912 0.070774 0.025983 -0.008811 -0.077611 -0.100091 -0.131894 -0.076756 -0.096142 -0.092623 -0.149444 -0.037832 -0.094069 0.433694 0.379569 0.185797 0.083866 0.202283 0.212412 0.456549 0.477305 0.091069 0.131851 0.396746 0.264883 0.342538 0.187916 -0.267002 -0.273238 0.011961 -0.119646 0.025566 -0.053458 0.229650 0.081473 0.183146 0.244816 0.281204 0.146254 0.050269 -0.384374 0.064559 -0.145487 -0.112853 -0.370244 0.025432 -0.221324 -0.299567 -0.225411 -0.257896 -0.126455 -0.014218 -0.216283 0.029150 -0.278424 0.175047 -0.171079 -0.042509 -0.065553 0.029290 0.064935 -0.100178 -0.044252 -0.059245 -0.166885 -0.212741 -0.292383 0.011259 -0.133534 -0.137397 -0.150688 -0.271244 -0.200335
-0.010788 -0.246623 0.057225 -0.229220 -0.296041 -0.222619 -0.295542 -0.279869 -0.192202 -0.313218 0.226466 -0.298698 -0.201566 -0.320027 0.027740 -0.373000 -0.036360 -0.315825 -0.236632 -0.188746 -0.244413 -0.182999 0.244140 0.220554 0.098886 0.152094 0.135076 -0.053899 -0.353029 -0.499059 -0.206783 -0.181420 0.087335 0.247121 1.000000 0.757495 0.014875 -0.231167 -0.067774 -0.245251 -0.116644 -0.416070 -0.108816 0.012234 0.054107 0.084729 0.066298 0.108490 -0.006015 -0.041873 0.177587 0.108510 -0.133004 -0.170861 0.262108 0.104600 0.011299 -0.031347 0.294921 0.101807 0.181323 0.087788 0.026113 -0.011345 0.544437 0.413004 0.362976 0.506465 0.179150 0.247404 -0.358061 -0.261572 -0.353506 -0.372450 -0.214205 -0.123592 0.154232 0.035806 -0.113044 -0.022093 -0.185191 -0.320990 0.159681 -0.524813 0.376797 0.184852 -0.198158 -0.372802 0.397169 0.054725 -0.199199 -0.032883 -0.015003 0.080416 0.028721 -0.025414 0.104462 -0.198763 -0.241058 -0.295735 -0.248933 -0.060709 -0.155655 0.032699 -0.107979 -0.021613 -0.251093 -0.462094 -0.022106 -0.059551 0.329657 -0.220658 -0.292256 -0.101762 -0.096210 -0.003233
-0.008445 -0.102971 -0.230371 -0.226142 -0.325147 -0.220315 -0.453346 -0.415285 -0.337354 -0.419274 0.035400 -0.375979 -0.448081 -0.512858 -0.304050 -0.464591 -0.079481 -0.369331 -0.153577 0.029176 -0.317473 -0.289452 -0.000243 0.132029 0.012619 0.110556 0.081693 -0.092487 -0.503448 -0.568019 -0.389509 -0.360450 0.244833 0.386472 0.757495 1.000000 -0.013756 -0.191084 -0.052932 -0.144998 -0.186723 -0.379326 -0.120163 0.017375 -0.032238 0.045128 0.016904 0.192489 -0.091673 -0.074693 0.085141 0.133557 -0.074612 -0.092552 0.313714 0.107654 0.177222 0.173750 0.265613 0.267771 0.114788 0.185646 0.172694 0.169145 0.403700 0.584349 0.464586 0.641057 0.335549 0.398480 -0.407678 -0.419397 -0.404895 -0.405049 -0.183083 -0.223898 0.096854 0.024755 -0.096374 -0.028076 -0.084322 -0.204770 0.027533 -0.506323 0.343310 0.284301 -0.140713 -0.318538 0.289284 0.110510 -0.061835 0.110730 0.045522 0.112184 -0.084567 -0.135984 0.204719 -0.175902 -0.027310 -0.221376 -0.207771 0.046106 -0.059269 0.240113 0.041529 0.079739 -0.253373 -0.301834 -0.059945 -0.180064 0.386975 -0.118672 -0.206324 -0.028849 -0.068200 0.047806
