1.000000 0.764573 0.173266 0.214944 -0.514907 -0.444415 0.266579 0.299535 -0.449061 -0.301798 0.422075 0.560536 0.022471 0.072286 -0.424678 -0.246712 0.641702 0.510759 0.693541 0.727602 -0.144508 -0.245565 -0.062078 0.000061 -0.232690 -0.304657 -0.582007 -0.515163 0.334449 0.375989 -0.284266 -0.236534 0.584861 0.581462 -0.152876 -0.061243 0.152055 0.235836 0.188414 0.308993 -0.074929 0.142917 -0.402898 -0.400044 -0.278949 -0.293521 -0.352901 -0.200170 -0.154735 -0.248766 -0.365399 -0.187465 -0.215843 -0.331481 -0.188191 -0.194770 0.343503 0.137265 -0.043374 -0.159006 -0.157189 -0.074379 0.201584 0.084047 -0.333045 -0.264761 -0.385530 -0.198769 0.036078 -0.049351 0.110218 0.250112 0.318372 0.411613 0.102343 0.416429 0.622699 0.553161 0.498027 0.434529 0.397218 0.257464 -0.092508 0.030376 -0.040435 -0.167635 -0.015115 -0.028752 0.247490 -0.181541 -0.020957 -0.319028 -0.388780 -0.348115 -0.181700 -0.231722 -0.142482 -0.125392 -0.170900 -0.354201 -0.163191 -0.142152 -0.049745 -0.122879 -0.033618 -0.163869 0.302137 0.215336 -0.321577 -0.104614 -0.299351 -0.250313 -0.326108 -0.141129 -0.161754 -0.052037
0.764573 1.000000 0.054457 0.215165 -0.487678 -0.470807 0.112094 0.135190 -0.465329 -0.419842 0.243038 0.609707 -0.067542 0.129902 -0.356584 -0.162655 0.382664 0.551602 0.560908 0.551935 -0.161797 -0.326873 -0.150181 0.040085 -0.324849 -0.361699 -0.517351 -0.344569 0.247235 0.358772 -0.390531 -0.289413 0.677314 0.581027 -0.172483 -0.160938 0.112000 0.293957 0.279503 0.334552 -0.128875 0.050024 -0.414952 -0.280269 -0.167796 -0.220547 -0.373190 -0.219078 -0.066964 -0.108387 -0.206834 -0.037633 -0.447245 -0.400176 -0.200269 -0.158984 0.386392 0.363753 -0.057655 -0.131396 -0.169007 -0.096585 0.256758 0.127690 -0.215476 -0.242389 -0.246151 -0.270019 0.351502 0.033274 -0.111282 0.243145 0.065595 0.338940 -0.136700 0.363238 0.535500 0.607539 0.473050 0.579066 0.386624 0.473459 0.046658 0.127645 0.162589 -0.006091 -0.161263 0.007798 0.361218 -0.170120 -0.085204 -0.343315 -0.505701 -0.464457 -0.089150 -0.293036 -0.036232 -0.135081 -0.027653 -0.310055 0.001994 -0.006799 -0.149935 -0.253329 -0.045491 -0.062875 0.171461 0.069129 -0.412963 -0.158960 -0.278571 -0.326726 -0.325845 -0.124642 -0.069016 -0.031364
0.173266 0.054457 1.000000 0.663079 -0.071567 -0.324043 0.767716 0.669383 -0.076002 -0.283153 0.050744 0.045078 0.203263 0.072588 -0.073467 -0.053781 -0.032038 0.160191 0.415567 0.246657 -0.013000 -0.080283 0.771443 0.609063 0.071715 0.013112 -0.407878 -0.427473 -0.195056 0.279470 0.439640 0.521612 0.080549 0.325321 -0.256979 -0.075849 0.032777 -0.268812 -0.111894 -0.165092 -0.006653 -0.191958 0.030136 -0.066677 0.146466 0.100050 -0.248568 -0.150562 0.336036 0.110748 0.098540 -0.097222 -0.189035 -0.174584 -0.271128 -0.104079 -0.450067 -0.334034 -0.099674 -0.170976 -0.165144 -0.199803 -0.353895 -0.332925 0.066499 0.021311 -0.326948 0.011691 -0.071292 -0.292732 0.241212 0.043571 0.009365 0.224935 0.109641 0.071785 0.146398 0.179155 0.013046 0.097436 -0.442311 -0.137441 -0.006286 -0.032486 -0.469794 -0.485082 0.032262 -0.179197 -0.176835 -0.368275 -0.099080 -0.216334 -0.260787 -0.245715 -0.125766 -0.149913 -0.439626 -0.450758 -0.424247 -0.453611 -0.174762 -0.157661 -0.253370 -0.369660 -0.362123 -0.381794 0.205458 0.234101 -0.017070 -0.451281 -0.610979 -0.439746 -0.434758 -0.236903 -0.207381 0.088881
0.214944 0.215165 0.663079 1.000000 -0.146868 -0.193091 0.442627 0.502238 -0.216548 -0.355885 -0.111161 0.091781 -0.169883 -0.047616 -0.174207 -0.032946 0.068546 0.328442 0.332648 0.334369 0.116294 0.040508 0.620151 0.722492 -0.041374 0.080972 -0.381420 -0.234832 -0.158610 0.388855 0.215700 0.424751 0.093514 0.310016 -0.070205 0.073596 0.262236 0.091103 0.154889 0.142054 0.118204 0.133330 -0.208368 -0.270943 -0.085897 -0.152606 -0.212798 -0.195746 0.099060 -0.061865 -0.110589 -0.202824 -0.242132 -0.404787 0.063165 0.083567 -0.221731 -0.279848 -0.253431 -0.317556 -0.434656 -0.383171 -0.203105 -0.279838 -0.120886 -0.212193 -0.420586 -0.053460 -0.080428 -0.351677 0.058986 -0.033844 -0.067673 0.370876 0.082997 0.255626 0.355522 0.425362 0.218863 0.263118 -0.140888 0.091638 -0.301503 -0.087262 -0.184017 -0.254821 -0.080085 -0.266725 0.071877 -0.176045 -0.091101 -0.401612 -0.287902 -0.361005 -0.006448 -0.124372 -0.149787 -0.278144 -0.256098 -0.375469 -0.084194 -0.292472 -0.076275 -0.297787 -0.072729 -0.160764 0.308724 0.111233 -0.052916 -0.263871 -0.453243 -0.352150 -0.445686 -0.248713 -0.177859 0.217260
-0.514907 -0.487678 -0.071567 -0.146868 1.000000 0.732893 -0.058162 -0.089992 0.834428 0.694273 -0.184740 -0.389407 0.165109 0.011954 0.521063 0.481948 -0.317771 -0.310803 -0.373458 -0.555738 0.304102 0.356669 0.057251 -0.011638 0.541780 0.443467 0.617203 0.450463 -0.159052 -0.330451 0.285340 0.168239 -0.536461 -0.427610 0.078292 -0.007618 -0.123494 -0.212718 -0.215552 -0.301545 0.005654 -0.113507 0.002530 0.022697 -0.134216 -0.038478 0.104579 0.027820 -0.229150 -0.121089 -0.010487 0.067241 0.078101 0.255541 -0.083972 -0.109054 -0.263469 -0.251989 -0.308654 -0.256427 0.188406 -0.059923 -0.091940 -0.166312 0.115255 -0.153897 -0.198108 -0.250034 0.003343 -0.104533 -0.026591 -0.215939 -0.047455 -0.312060 -0.047487 -0.386032 -0.257894 -0.367606 -0.294568 -0.296521 -0.245202 -0.227763 -0.075038 0.061011 -0.002710 0.068938 -0.046722 -0.006357 -0.106188 0.117849 -0.003574 0.374891 0.505374 0.453427 0.007227 -0.003691 0.167802 0.222448 0.043207 0.184051 0.190627 -0.007517 -0.038309 0.077462 -0.029323 0.157700 -0.191301 -0.152645 0.188222 0.117554 0.332349 0.134382 0.027477 0.144507 0.121933 0.013837
-0.444415 -0.470807 -0.324043 -0.193091 0.732893 1.000000 -0.240672 -0.239879 0.690013 0.809222 -0.233757 -0.396166 0.046225 -0.031262 0.492354 0.518610 -0.247474 -0.386393 -0.420306 -0.481897 0.333765 0.345564 -0.162632 -0.123326 0.390433 0.529565 0.719442 0.568718 -0.162790 -0.353676 0.235228 0.152202 -0.507212 -0.494801 0.069625 0.003000 -0.012551 -0.199293 -0.066231 -0.166840 0.110955 -0.038289 0.080833 -0.009888 -0.211270 -0.145646 0.231568 0.046723 -0.376305 -0.191552 -0.160591 -0.053589 0.159138 0.209241 0.125039 -0.013672 -0.150570 -0.241031 -0.207006 -0.135007 0.125957 -0.070060 0.029020 -0.099691 -0.047991 -0.095204 -0.021030 -0.131528 -0.035151 -0.088388 -0.018674 -0.228515 -0.087153 -0.362176 0.045901 -0.350235 -0.198914 -0.352305 -0.246088 -0.386938 -0.064455 -0.309806 -0.215979 -0.039666 0.042170 0.110397 -0.103439 -0.135222 -0.174544 0.132359 -0.010818 0.236881 0.515559 0.473720 0.120739 0.114865 0.236284 0.279690 0.037167 0.215799 -0.030753 -0.153291 0.086538 0.182602 0.199883 0.157861 -0.116445 -0.244308 0.304212 0.197181 0.370169 0.142138 0.037596 0.105550 0.095129 0.092199
0.266579 0.112094 0.767716 0.442627 -0.058162 -0.240672 1.000000 0.822661 -0.027352 -0.197535 0.277088 0.251065 0.400564 0.224495 -0.269465 -0.180741 0.090040 -0.094358 0.452816 0.214902 -0.098855 -0.253963 0.492062 0.415588 -0.111311 -0.191383 -0.476566 -0.513320 -0.130952 -0.093329 0.511367 0.490343 0.079411 0.370916 -0.284196 -0.153007 -0.323470 -0.421090 -0.253328 -0.293727 -0.317511 -0.256973 -0.019026 -0.170509 0.139934 0.104023 -0.345148 -0.096345 0.213002 0.143766 0.136743 0.066711 -0.131269 -0.060719 -0.507134 -0.332645 -0.376400 -0.134322 -0.014913 -0.106179 0.030134 -0.039611 -0.308266 -0.199284 0.197889 0.149939 -0.223628 -0.020581 -0.027257 -0.096653 0.216894 0.104182 0.007973 -0.035600 -0.084127 0.030083 -0.062258 -0.053710 -0.008841 -0.056229 -0.341960 -0.347343 -0.020935 -0.096712 -0.554441 -0.546807 0.040433 -0.039138 -0.187244 -0.424658 -0.033075 -0.100717 -0.188684 -0.152035 -0.291986 -0.268686 -0.601460 -0.400505 -0.305920 -0.376462 -0.279257 -0.153837 -0.180904 -0.303116 -0.119404 -0.171909 0.047992 0.185583 -0.126830 -0.417700 -0.503963 -0.334846 -0.378529 -0.360932 -0.159939 0.074295
0.299535 0.135190 0.669383 0.502238 -0.089992 -0.239879 0.822661 1.000000 -0.144772 -0.162744 0.187818 0.267113 0.218511 0.156217 -0.375761 -0.328361 0.070400 -0.039365 0.534816 0.287180 -0.199610 -0.218916 0.428812 0.434230 -0.055485 -0.133153 -0.482206 -0.550813 -0.033502 -0.108662 0.466797 0.419113 0.081300 0.377594 -0.258830 -0.121620 -0.248922 -0.311077 -0.322796 -0.223235 -0.344613 -0.226540 -0.207442 -0.227270 0.099995 0.183846 -0.454835 -0.230178 0.128706 0.161467 0.011680 0.098526 -0.129832 -0.170794 -0.511309 -0.442858 -0.344146 -0.167138 -0.084489 -0.066788 -0.102849 -0.063980 -0.268839 -0.159999 0.078871 0.132866 -0.230622 0.053538 -0.157740 -0.047836 0.268514 0.066034 0.208140 -0.047817 0.024298 -0.014614 -0.020699 -0.061479 0.021299 -0.072345 -0.212639 -0.334833 -0.196997 -0.191883 -0.563271 -0.401581 0.030820 -0.068157 -0.205428 -0.398625 0.007747 -0.189749 -0.262200 -0.223337 -0.143074 -0.176212 -0.365104 -0.195735 -0.218220 -0.312689 -0.235271 -0.336936 -0.088286 -0.215000 -0.114580 -0.141283 0.091175 0.169261 -0.064737 -0.324986 -0.309239 -0.302571 -0.295643 -0.237448 -0.109914 -0.012703
-0.449061 -0.465329 -0.076002 -0.216548 0.834428 0.690013 -0.027352 -0.144772 1.000000 0.725728 -0.183984 -0.422354 0.289946 0.060482 0.590037 0.576318 -0.214085 -0.310771 -0.427965 -0.561205 0.291641 0.253571 0.018191 -0.072054 0.447521 0.372616 0.565873 0.431665 -0.206551 -0.306823 0.316336 0.179364 -0.587642 -0.475364 0.073510 -0.010376 -0.090192 -0.199374 -0.175174 -0.266823 0.082064 -0.066044 0.129815 -0.024052 -0.126111 -0.156931 0.066878 0.065998 -0.165069 -0.156802 0.085869 0.046071 0.133002 0.352701 -0.068802 -0.031557 -0.267280 -0.288607 -0.210417 -0.135245 0.278491 0.012949 -0.153942 -0.198495 0.203137 0.002707 -0.209073 -0.324067 -0.027064 -0.269786 -0.040261 -0.183778 -0.086773 -0.303038 -0.015914 -0.291761 -0.200087 -0.267962 -0.283454 -0.239408 -0.271289 -0.277775 -0.100497 0.012046 0.008074 -0.041572 -0.066096 0.042815 -0.166495 0.129025 -0.177461 0.313446 0.482675 0.448101 -0.040689 0.014448 0.032565 0.187822 -0.072950 0.107361 0.108156 0.049319 -0.093775 -0.060155 -0.088420 0.024610 -0.257179 -0.210648 0.147435 0.049240 0.211417 0.078639 -0.095993 0.004419 -0.076383 0.069948
-0.301798 -0.419842 -0.283153 -0.355885 0.694273 0.809222 -0.197535 -0.162744 0.725728 1.000000 -0.164678 -0.410104 0.110831 -0.067677 0.552317 0.540669 -0.163797 -0.287057 -0.335715 -0.401892 0.212245 0.234196 -0.208309 -0.169905 0.424447 0.492852 0.663208 0.403850 -0.088832 -0.332723 0.197551 0.047489 -0.471110 -0.403604 0.144621 0.052732 -0.024707 -0.239039 -0.174282 -0.219551 0.053877 -0.149231 0.085262 -0.016822 -0.189882 -0.091532 0.165102 0.001363 -0.438385 -0.256411 -0.193434 -0.132783 0.115317 0.233571 -0.015126 -0.110232 -0.093602 -0.204514 -0.250638 -0.125562 0.264650 0.050397 0.104406 -0.033737 0.051468 -0.076560 -0.083008 -0.161212 -0.068816 -0.062810 -0.078863 -0.256894 0.018596 -0.424731 0.076855 -0.427516 -0.136854 -0.331931 -0.189677 -0.288425 -0.044980 -0.257207 -0.158630 0.031061 0.050510 0.113815 -0.070669 -0.154697 -0.232532 0.149971 -0.012204 0.254714 0.484289 0.472074 0.022153 0.056264 0.185425 0.307559 0.061593 0.242456 0.025729 -0.050080 0.130005 0.241765 0.014897 0.040846 -0.134049 -0.131314 0.194243 0.112658 0.413389 0.163469 0.039682 0.237300 0.053193 -0.028430
0.422075 0.243038 0.050744 -0.111161 -0.184740 -0.233757 0.277088 0.187818 -0.183984 -0.164678 1.000000 0.511521 0.595972 0.485012 -0.141574 0.021807 0.490844 -0.070297 0.197785 0.186961 -0.101466 -0.035040 -0.119103 -0.101669 -0.234367 -0.397215 -0.295441 -0.248030 0.607725 0.027412 0.013653 -0.017948 -0.010725 0.077652 -0.316520 -0.379271 -0.371288 -0.119805 -0.255858 -0.049193 -0.444126 -0.033907 0.063752 0.044543 0.122511 -0.001373 -0.078021 0.297076 0.204603 0.132396 0.209090 0.332001 0.149063 0.262699 -0.378933 -0.223941 -0.159298 -0.089996 -0.103383 -0.186198 -0.202785 -0.261261 -0.034450 -0.275079 -0.074764 -0.048415 -0.272306 -0.404275 -0.155076 -0.215355 0.455624 0.514198 0.288506 0.250736 -0.235581 0.330899 0.060878 0.097072 0.115804 -0.066298 0.129592 -0.287006 0.298732 0.240282 -0.103587 -0.221606 -0.049671 0.166082 -0.008355 -0.110076 0.013537 0.031937 -0.179527 -0.158166 -0.360776 -0.300066 -0.442271 -0.269357 -0.007545 0.036743 -0.158103 -0.034936 -0.206552 -0.095754 -0.032913 -0.061041 -0.009838 0.203203 -0.442100 -0.280620 -0.133060 0.183091 0.023935 -0.224657 -0.059509 -0.116501
0.560536 0.609707 0.045078 0.091781 -0.389407 -0.396166 0.251065 0.267113 -0.422354 -0.410104 0.511521 1.000000 0.086301 0.396690 -0.446528 -0.244454 0.217427 0.161731 0.422217 0.361586 -0.161434 -0.265230 -0.200407 -0.139471 -0.337816 -0.486516 -0.412955 -0.349002 0.313817 0.174984 -0.321212 -0.324022 0.413773 0.345962 -0.264262 -0.258385 -0.226351 -0.018119 0.038396 0.011251 -0.332892 0.030365 -0.273441 -0.144746 -0.013117 -0.067484 -0.163271 0.128480 0.036868 0.053137 -0.100101 0.224744 -0.057695 -0.027864 -0.213697 -0.228469 0.055061 0.230949 -0.069767 -0.077177 -0.147892 -0.087422 -0.076929 -0.041440 -0.029656 0.025794 -0.054555 -0.244320 0.044616 0.013657 0.210136 0.484672 0.165300 0.380875 -0.168433 0.535324 0.102175 0.210474 0.119097 0.132924 0.128012 0.069795 0.168724 0.066638 0.017319 -0.029026 -0.095742 0.172381 0.315517 -0.168869 0.098474 -0.084509 -0.192638 -0.259279 -0.256468 -0.385120 -0.146003 -0.147336 0.142143 -0.086696 0.115914 0.053807 -0.007649 -0.132419 0.084177 0.075860 0.032960 -0.065189 -0.440246 -0.266974 -0.118457 0.052671 -0.047805 -0.104515 -0.034663 -0.174926
0.022471 -0.067542 0.203263 -0.169883 0.165109 0.046225 0.400564 0.218511 0.289946 0.110831 0.595972 0.086301 1.000000 0.632861 0.135215 0.235760 0.183258 -0.310352 -0.032399 -0.189801 -0.012066 -0.005854 0.069023 -0.006272 -0.034806 -0.239478 -0.156609 -0.133599 0.411645 -0.246181 0.447984 0.303014 -0.212507 -0.039420 -0.474128 -0.478068 -0.500422 -0.243401 -0.446759 -0.207753 -0.538756 -0.093287 0.305058 0.225516 0.317835 0.208200 -0.149116 0.267876 0.364544 0.269950 0.502533 0.513804 0.185319 0.478223 -0.650695 -0.373851 -0.312728 -0.241466 -0.118904 -0.118348 -0.047735 -0.234144 -0.248023 -0.383544 0.005607 0.100035 -0.304703 -0.510054 -0.205291 -0.336869 0.470091 0.459718 0.137121 -0.034545 -0.337868 0.041608 -0.124102 -0.082580 0.002336 -0.242206 -0.129236 -0.498140 0.306045 0.179404 -0.359753 -0.444389 -0.063677 0.169058 -0.332684 -0.309045 -0.158243 0.082531 -0.013940 -0.067712 -0.428787 -0.291192 -0.472413 -0.238368 -0.170320 -0.087977 -0.185354 -0.107520 -0.407193 -0.307749 -0.149072 -0.135703 -0.212627 0.114477 -0.363885 -0.320535 -0.170117 0.018382 -0.194236 -0.273426 -0.274311 -0.183079
0.072286 0.129902 0.072588 -0.047616 0.011954 -0.031262 0.224495 0.156217 0.060482 -0.067677 0.485012 0.396690 0.632861 1.000000 -0.121200 0.128604 0.148592 -0.278780 0.004829 -0.146639 -0.136393 -0.036438 -0.171555 -0.106959 -0.315001 -0.454851 -0.300251 -0.251584 0.500686 -0.072737 0.160632 0.058648 -0.058781 0.004857 -0.398236 -0.384668 -0.541788 -0.184879 -0.340897 -0.095539 -0.572481 0.147826 0.209534 0.237359 0.352345 0.181897 -0.038622 0.479147 0.312295 0.261890 0.337968 0.596964 -0.010773 0.392093 -0.516032 -0.178237 -0.173171 -0.057259 -0.110334 -0.018884 -0.090798 -0.193432 -0.135176 -0.270579 -0.038893 0.019542 -0.166731 -0.546052 -0.158185 -0.250652 0.356626 0.561074 -0.173323 0.276502 -0.664356 0.413329 -0.149805 0.033563 0.193224 -0.272381 0.170600 -0.362562 0.300918 0.078607 -0.155307 -0.528301 -0.158084 0.253069 -0.112338 -0.357495 -0.069515 -0.003939 -0.015347 -0.112740 -0.502126 -0.582303 -0.432774 -0.332677 0.062881 -0.011911 0.005503 -0.131186 -0.281211 -0.231260 0.124628 0.093350 -0.076207 0.035506 -0.618906 -0.314427 -0.211178 0.228824 -0.190162 -0.288145 -0.219127 -0.194076
-0.424678 -0.356584 -0.073467 -0.174207 0.521063 0.492354 -0.269465 -0.375761 0.590037 0.552317 -0.141574 -0.446528 0.135215 -0.121200 1.000000 0.819776 -0.365231 0.111504 -0.348631 -0.425836 0.340744 0.375889 0.042997 -0.068920 0.463054 0.597414 0.730180 0.594650 -0.087299 0.189956 0.087365 0.087148 -0.378286 -0.495654 0.068879 0.054208 0.284384 -0.131678 -0.053157 -0.209252 0.395511 -0.187975 0.278534 0.290223 -0.166115 -0.108925 0.398226 0.069922 -0.193690 -0.181035 -0.074953 -0.176041 0.106057 0.215344 0.169836 0.141750 -0.208490 -0.347827 -0.439908 -0.397114 0.062511 -0.163179 -0.052977 -0.262304 -0.055095 -0.161276 -0.291128 -0.270004 0.029836 -0.333404 0.040906 -0.167893 -0.017235 -0.020157 0.229641 -0.264029 -0.029945 -0.053023 -0.339972 0.041013 -0.308137 0.082786 0.270507 0.360454 0.177056 0.333773 -0.067968 -0.101792 -0.229362 0.156454 -0.128858 0.282495 0.358314 0.352214 0.110362 0.226879 0.122724 0.086370 -0.156650 0.133839 -0.021466 0.176217 -0.095946 0.059703 -0.465396 -0.360704 -0.190880 -0.211584 0.205144 -0.022686 0.127705 0.050727 0.092037 0.387627 -0.100665 -0.182304
-0.246712 -0.162655 -0.053781 -0.032946 0.481948 0.518610 -0.180741 -0.328361 0.576318 0.540669 0.021807 -0.244454 0.235760 0.128604 0.819776 1.000000 -0.140006 0.060944 -0.272773 -0.327538 0.472785 0.466960 -0.050349 -0.058542 0.247834 0.397839 0.566088 0.484940 0.077808 0.229174 0.139896 0.137230 -0.394905 -0.414676 -0.030271 -0.052409 0.107096 -0.189877 -0.110335 -0.229377 0.219200 -0.065054 0.241475 0.168870 -0.167285 -0.245511 0.319081 0.154909 -0.229835 -0.290788 -0.032438 -0.132903 0.021772 0.162376 0.104492 0.129343 -0.235052 -0.374393 -0.410993 -0.390190 -0.023322 -0.232939 -0.046054 -0.386717 -0.036821 -0.232788 -0.374230 -0.439986 0.053479 -0.488255 0.084354 0.021312 -0.091312 0.114245 -0.014664 -0.067713 0.013223 0.032576 -0.199172 -0.031934 -0.187401 -0.046617 0.171727 0.343940 0.226403 0.079744 -0.070102 -0.065266 -0.119406 0.093456 -0.170792 0.176414 0.338904 0.302285 -0.115913 -0.141476 0.007719 -0.047952 -0.020289 0.163833 0.080129 0.126387 -0.088129 -0.027064 -0.235320 -0.200506 -0.074577 -0.135722 -0.093194 -0.154042 0.055378 0.132303 -0.031976 0.125667 -0.132414 0.020423
0.641702 0.382664 -0.032038 0.068546 -0.317771 -0.247474 0.090040 0.070400 -0.214085 -0.163797 0.490844 0.217427 0.183258 0.148592 -0.365231 -0.140006 1.000000 0.200512 0.248787 0.478496 -0.069729 -0.107303 -0.140435 -0.032515 -0.334058 -0.329119 -0.483506 -0.346116 0.471630 0.189378 -0.133580 -0.066456 0.174955 0.272473 -0.049732 -0.055915 0.070483 0.303403 0.138836 0.395254 -0.057075 0.391605 -0.179256 -0.309175 -0.082460 -0.262090 -0.232792 -0.032602 0.047003 -0.150636 -0.058719 -0.051690 -0.115650 -0.159593 -0.041597 0.012895 0.331453 0.075499 -0.009575 -0.074894 -0.155372 -0.121810 0.301692 0.012793 -0.236171 -0.235870 -0.368228 -0.262833 -0.039087 -0.082544 0.036778 0.133182 0.218768 0.295275 -0.061673 0.370043 0.528072 0.393603 0.604771 0.271238 0.550643 0.052262 -0.229218 0.025387 0.015264 -0.341919 -0.030207 0.088940 0.212310 -0.040356 -0.158032 -0.264542 -0.283832 -0.269031 -0.177575 -0.160561 -0.233109 -0.155650 -0.186296 -0.196657 -0.161035 -0.123936 -0.111333 -0.086150 0.169128 0.037671 0.202957 0.371797 -0.337850 0.037314 -0.239995 -0.087789 -0.205972 -0.372540 -0.099325 0.216873
0.510759 0.551602 0.160191 0.328442 -0.310803 -0.386393 -0.094358 -0.039365 -0.310771 -0.287057 -0.070297 0.161731 -0.310352 -0.278780 0.111504 0.060944 0.200512 1.000000 0.422929 0.470368 0.004600 -0.042064 0.165310 0.107684 0.045857 0.078081 -0.136021 -0.118136 0.093368 0.764054 -0.412666 -0.275596 0.491627 0.340796 0.089455 0.214853 0.679995 0.481194 0.541185 0.437628 0.439505 0.060588 -0.359186 -0.206596 -0.357049 -0.249343 -0.105556 -0.363633 -0.191425 -0.293524 -0.493247 -0.448007 -0.313098 -0.448538 0.184889 0.137245 0.328478 0.067597 -0.309996 -0.376831 -0.227567 -0.145424 0.122148 0.070829 -0.316910 -0.341286 -0.430471 -0.097218 0.088277 -0.131078 -0.036224 -0.011658 0.242696 0.456746 0.431356 0.231191 0.711818 0.714373 0.412273 0.809296 0.158328 0.754975 0.077976 0.131122 0.213910 0.219482 -0.192878 -0.242314 0.278869 -0.070414 -0.209210 -0.362642 -0.376116 -0.369852 0.207479 0.156294 0.215967 0.052042 -0.272815 -0.354746 -0.098059 0.089657 -0.175198 -0.167316 -0.436959 -0.316632 0.117667 -0.006355 0.014818 -0.075781 -0.224338 -0.361412 -0.264912 0.244158 -0.081128 -0.180396
0.693541 0.560908 0.415567 0.332648 -0.373458 -0.420306 0.452816 0.534816 -0.427965 -0.335715 0.197785 0.422217 -0.032399 0.004829 -0.348631 -0.272773 0.248787 0.422929 1.000000 0.663959 -0.127622 -0.163965 0.060646 0.058504 -0.168391 -0.216770 -0.479707 -0.392764 0.140550 0.321050 -0.051871 -0.005498 0.597157 0.614801 -0.266671 -0.102041 0.086362 0.068287 0.096462 0.116769 -0.029574 -0.007497 -0.372654 -0.317467 -0.171517 -0.078250 -0.410958 -0.265748 -0.116551 -0.093979 -0.362897 -0.139906 -0.366082 -0.342848 -0.323406 -0.247466 0.149070 0.149215 -0.088552 -0.124772 -0.153416 -0.052059 -0.037628 0.033340 -0.254749 -0.158948 -0.267328 0.016853 0.124064 0.110281 0.213555 0.150149 0.249490 0.285071 0.167505 0.215345 0.392572 0.336487 0.287762 0.250057 0.143564 0.172328 0.028000 0.047327 -0.240663 -0.215547 -0.075663 -0.107876 0.094605 -0.371040 -0.086462 -0.271414 -0.376173 -0.365316 0.026536 -0.102782 -0.140067 -0.164994 -0.269902 -0.444564 -0.152809 -0.110018 -0.053289 -0.173110 -0.154812 -0.071762 0.369726 0.153371 -0.099975 -0.126862 -0.351283 -0.337076 -0.266720 -0.143079 -0.124046 -0.106348
0.727602 0.551935 0.246657 0.334369 -0.555738 -0.481897 0.214902 0.287180 -0.561205 -0.401892 0.186961 0.361586 -0.189801 -0.146639 -0.425836 -0.327538 0.478496 0.470368 0.663959 1.000000 -0.081968 -0.115602 0.124022 0.239728 -0.190613 -0.155156 -0.574625 -0.411771 0.093072 0.442550 -0.162465 -0.039366 0.561992 0.566894 -0.047213 0.105711 0.349161 0.211495 0.220352 0.348288 0.134818 0.122130 -0.294159 -0.354210 -0.194886 -0.218129 -0.279471 -0.232796 -0.080646 -0.238447 -0.339916 -0.347153 -0.235847 -0.411015 0.034127 0.009181 0.315843 0.182395 0.004234 -0.118683 -0.271659 -0.036724 0.088643 0.089738 -0.255815 -0.304787 -0.236090 0.094190 0.078231 0.105098 0.018352 0.013569 0.185308 0.313956 0.215221 0.264155 0.551986 0.423328 0.394919 0.402688 0.272336 0.248405 -0.243000 0.010837 -0.086895 -0.156119 0.126948 -0.040415 0.235344 -0.171635 -0.104364 -0.338993 -0.450183 -0.392913 0.010913 -0.068105 -0.108204 -0.109819 -0.200097 -0.372522 -0.193212 -0.193810 0.069350 -0.072522 -0.046735 -0.091592 0.460747 0.348447 -0.191273 -0.175559 -0.342300 -0.285415 -0.274679 -0.195955 -0.204149 0.062372
-0.144508 -0.161797 -0.013000 0.116294 0.304102 0.333765 -0.098855 -0.199610 0.291641 0.212245 -0.101466 -0.161434 -0.012066 -0.136393 0.340744 0.472785 -0.069729 0.004600 -0.127622 -0.081968 1.000000 0.649401 0.134895 0.084475 0.251875 0.307155 0.344617 0.417083 0.078895 0.258812 0.287218 0.315386 -0.294078 -0.238253 -0.066851 0.010509 0.125252 0.014584 0.096358 -0.030311 0.305032 0.138378 0.008850 -0.079524 -0.184545 -0.239598 0.073324 -0.024904 -0.213423 -0.297407 -0.082491 -0.197690 0.033149 -0.047322 0.153505 0.033737 -0.192577 -0.263035 -0.169755 -0.328292 -0.269804 -0.304749 -0.284217 -0.208049 -0.080275 -0.220665 -0.177796 -0.093329 -0.012668 -0.225416 0.304340 0.137035 0.133643 0.175782 0.176416 0.130300 0.019774 -0.031713 -0.237766 -0.108169 -0.123328 -0.083244 0.038902 0.180689 0.048833 0.069908 0.280000 0.081630 -0.133209 -0.027183 0.040428 0.083705 0.324332 0.226410 -0.082822 -0.034995 -0.009774 -0.088250 -0.062162 0.052640 0.076685 -0.017588 0.018550 -0.014243 -0.081911 -0.104645 0.099875 -0.154068 0.134001 -0.090116 -0.009326 0.022771 0.044870 -0.058301 -0.036471 0.178100
-0.245565 -0.326873 -0.080283 0.040508 0.356669 0.345564 -0.253963 -0.218916 0.253571 0.234196 -0.035040 -0.265230 -0.005854 -0.036438 0.375889 0.466960 -0.107303 -0.042064 -0.163965 -0.115602 0.649401 1.000000 -0.006048 -0.014515 0.323090 0.332542 0.436698 0.450169 0.228965 0.174752 0.197566 0.293334 -0.282583 -0.237986 0.060696 0.146572 0.084763 -0.012455 -0.061660 -0.104002 0.189134 0.185001 -0.041261 -0.007080 -0.255983 -0.206386 0.219429 0.031113 -0.259396 -0.345288 -0.099115 -0.170340 0.082096 -0.025151 0.234856 0.153781 -0.215168 -0.340854 -0.250984 -0.286738 -0.377700 -0.312758 -0.332695 -0.289720 -0.192208 -0.417672 -0.215018 -0.144717 -0.141004 -0.267082 0.319329 0.077899 0.155148 0.198096 0.095359 0.087695 -0.076877 -0.147675 -0.216399 -0.309442 -0.049773 -0.225407 0.064840 0.099985 0.100198 0.082983 0.385881 0.242030 0.039420 0.150391 0.157383 0.163426 0.338077 0.297970 -0.053421 -0.114594 0.128382 -0.006360 0.116173 0.282261 0.185517 -0.054541 0.152812 0.268046 0.032096 0.036117 0.244569 -0.019853 0.069645 0.021700 0.157227 0.310684 0.143164 0.126719 0.052706 0.048916
-0.062078 -0.150181 0.771443 0.620151 0.057251 -0.162632 0.492062 0.428812 0.018191 -0.208309 -0.119103 -0.200407 0.069023 -0.171555 0.042997 -0.050349 -0.140435 0.165310 0.060646 0.124022 0.134895 -0.006048 1.000000 0.792484 0.398848 0.363882 -0.169419 -0.170087 -0.276938 0.227851 0.537419 0.557003 -0.154930 0.054859 -0.133004 -0.031834 0.167493 -0.173434 -0.010682 -0.023986 0.096998 -0.201705 0.059569 0.026063 0.156035 0.166646 -0.256788 -0.296754 0.340744 0.180392 0.183805 -0.116974 -0.021822 -0.152762 -0.110601 -0.107848 -0.470642 -0.452601 -0.091080 -0.215803 -0.257773 -0.276836 -0.312554 -0.331811 0.067216 0.017686 -0.271009 0.113195 -0.172605 -0.297837 0.203547 -0.053938 0.103859 0.048423 0.264250 -0.094554 0.096210 0.102439 -0.089962 0.187088 -0.526890 -0.116875 -0.077113 -0.042533 -0.403971 -0.261589 0.153557 -0.203626 -0.203927 -0.304425 -0.134952 -0.197488 -0.190335 -0.169255 -0.007909 0.077827 -0.226823 -0.235336 -0.444717 -0.399689 -0.247109 -0.159897 -0.240934 -0.325267 -0.445530 -0.472224 -0.026531 0.115218 0.180565 -0.336203 -0.420522 -0.496806 -0.291594 -0.047927 -0.249802 -0.005620
0.000061 0.040085 0.609063 0.722492 -0.011638 -0.123326 0.415588 0.434230 -0.072054 -0.169905 -0.101669 -0.139471 -0.006272 -0.106959 -0.068920 -0.058542 -0.032515 0.107684 0.058504 0.239728 0.084475 -0.014515 0.792484 1.000000 0.249692 0.338893 -0.241752 -0.082075 -0.136982 0.124528 0.493655 0.629238 -0.107891 0.197587 -0.097773 -0.063476 0.141561 -0.077982 -0.006050 0.087471 -0.002898 -0.066755 -0.074680 -0.062076 0.101469 0.103572 -0.357400 -0.328104 0.201807 0.066530 0.194401 -0.094798 -0.224148 -0.302015 -0.127457 -0.141896 -0.361814 -0.314662 -0.130101 -0.269664 -0.365498 -0.381600 -0.146193 -0.299458 0.090218 -0.161567 -0.272203 0.069391 -0.063388 -0.289158 0.040875 -0.094496 0.003627 -0.036089 0.041145 -0.091165 0.148385 0.182227 0.075655 0.194036 -0.266146 -0.110931 -0.260751 0.050918 -0.283359 -0.192448 0.119293 -0.139370 -0.095083 -0.260578 -0.134548 -0.336073 -0.280187 -0.296937 -0.066825 -0.023651 -0.235615 -0.249643 -0.338297 -0.380591 -0.202412 -0.351977 -0.188674 -0.295366 -0.200107 -0.306565 0.135471 0.301566 -0.015147 -0.309120 -0.353766 -0.493599 -0.361621 -0.188006 -0.245551 0.100415
-0.232690 -0.324849 0.071715 -0.041374 0.541780 0.390433 -0.111311 -0.055485 0.447521 0.424447 -0.234367 -0.337816 -0.034806 -0.315001 0.463054 0.247834 -0.334058 0.045857 -0.168391 -0.190613 0.251875 0.323090 0.398848 0.249692 1.000000 0.782787 0.521298 0.371186 -0.157290 -0.020051 0.305310 0.175183 -0.305673 -0.332199 -0.000417 0.063968 0.168802 -0.081123 -0.048642 -0.077873 0.172407 -0.196973 -0.055380 0.120638 -0.104120 0.154351 -0.134444 -0.364082 -0.149691 -0.047722 -0.052401 -0.035393 0.071328 0.059687 -0.051700 -0.233863 -0.301268 -0.444890 -0.268304 -0.293990 -0.099515 -0.195335 -0.220179 -0.275522 -0.045480 -0.158329 -0.214594 -0.009576 -0.181635 -0.207023 0.134691 -0.134428 0.363566 -0.189746 0.438443 -0.322801 -0.037513 -0.127298 -0.307617 -0.035009 -0.428864 -0.131674 -0.066361 -0.009979 -0.202949 0.263346 0.254785 0.108828 -0.107880 -0.008117 -0.069145 0.141755 0.319440 0.297228 0.045943 0.178766 0.233414 0.194093 -0.248766 -0.143636 -0.000473 -0.006054 -0.078281 0.000469 -0.426360 -0.315395 -0.166322 -0.117640 0.354332 0.112965 0.152537 -0.226254 0.105005 0.366251 -0.066945 -0.282591
-0.304657 -0.361699 0.013112 0.080972 0.443467 0.529565 -0.191383 -0.133153 0.372616 0.492852 -0.397215 -0.486516 -0.239478 -0.454851 0.597414 0.397839 -0.329119 0.078081 -0.216770 -0.155156 0.307155 0.332542 0.363882 0.338893 0.782787 1.000000 0.651091 0.561776 -0.249963 0.072185 0.323568 0.324370 -0.296547 -0.285617 0.070352 0.087872 0.386376 -0.126403 0.040439 -0.032680 0.414731 -0.107694 0.012980 0.154409 -0.208573 0.034458 0.073165 -0.365789 -0.306058 -0.146592 -0.177945 -0.296542 -0.005457 -0.101475 0.195109 -0.051230 -0.222985 -0.392844 -0.294990 -0.295946 -0.091200 -0.193975 -0.014404 -0.187281 -0.133425 -0.203190 -0.171025 0.133902 -0.056458 -0.149682 -0.009204 -0.327800 0.162686 -0.224101 0.454209 -0.413869 0.017420 -0.144726 -0.308466 0.007748 -0.306380 -0.046272 -0.178707 0.161303 -0.109372 0.306228 0.154755 -0.148825 -0.200924 -0.029312 -0.136372 0.065259 0.257570 0.281951 0.194974 0.356378 0.225314 0.135220 -0.364126 -0.138418 -0.192430 0.001999 0.049521 0.125525 -0.351353 -0.383442 -0.088742 -0.055920 0.452315 0.169120 0.101371 -0.305510 0.104824 0.358335 -0.135588 -0.125222
-0.582007 -0.517351 -0.407878 -0.381420 0.617203 0.719442 -0.476566 -0.482206 0.565873 0.663208 -0.295441 -0.412955 -0.156609 -0.300251 0.730180 0.566088 -0.483506 -0.136021 -0.479707 -0.574625 0.344617 0.436698 -0.169419 -0.241752 0.521298 0.651091 1.000000 0.802349 -0.146313 -0.128176 0.015496 -0.021912 -0.467443 -0.581084 0.174531 0.061825 0.148617 -0.125529 0.011631 -0.240000 0.337352 -0.129413 0.083914 0.175274 -0.261808 -0.062900 0.359558 -0.043503 -0.408144 -0.205789 -0.172858 -0.179668 0.196385 0.177221 0.314376 0.052786 -0.154168 -0.187884 -0.197966 -0.162615 0.174749 0.016655 -0.007544 -0.028738 0.073862 -0.004519 0.087282 0.035542 0.018030 -0.065368 -0.028118 -0.227978 0.057759 -0.302825 0.283750 -0.422053 -0.281541 -0.371926 -0.451708 -0.229376 -0.231476 -0.052467 0.106544 0.163407 0.231680 0.518991 -0.033341 -0.100557 -0.097258 0.258903 0.026629 0.337354 0.522143 0.507536 0.270310 0.304906 0.360288 0.309554 0.062024 0.323818 0.099255 0.177621 0.126114 0.307645 -0.117127 -0.024628 -0.236934 -0.368126 0.463627 0.240980 0.497465 0.183794 0.372849 0.460333 0.203039 -0.142397
-0.515163 -0.344569 -0.427473 -0.234832 0.450463 0.568718 -0.513320 -0.550813 0.431665 0.403850 -0.248030 -0.349002 -0.133599 -0.251584 0.594650 0.484940 -0.346116 -0.118136 -0.392764 -0.411771 0.417083 0.450169 -0.170087 -0.082075 0.371186 0.561776 0.802349 1.000000 -0.059647 -0.093657 0.009296 0.102772 -0.378285 -0.405032 0.082157 -0.053818 0.173273 0.057818 0.121140 0.005232 0.329833 0.074542 0.018866 0.109901 -0.316602 -0.227998 0.249370 0.009964 -0.346689 -0.239428 -0.010166 -0.082356 0.123671 0.166644 0.292456 0.116765 -0.042824 -0.036321 -0.191889 -0.215833 -0.033925 -0.164947 -0.025005 -0.028942 -0.021129 -0.131952 0.025825 -0.043450 0.054911 -0.053847 -0.043226 -0.117499 -0.050999 -0.209981 0.110132 -0.258315 -0.162603 -0.178281 -0.375683 -0.162589 -0.086205 0.005222 0.078285 0.308789 0.329572 0.477836 -0.065059 -0.007088 0.039492 0.224312 -0.090474 0.224698 0.397849 0.273106 0.251529 0.314539 0.300416 0.238233 -0.022203 0.196220 0.106378 0.159195 0.052087 0.145757 -0.036170 0.099620 -0.169071 -0.251948 0.300201 0.263011 0.418315 0.142980 0.330394 0.198332 0.050407 -0.036344
0.334449 0.247235 -0.195056 -0.158610 -0.159052 -0.162790 -0.130952 -0.033502 -0.206551 -0.088832 0.607725 0.313817 0.411645 0.500686 -0.087299 0.077808 0.471630 0.093368 0.140550 0.093072 0.078895 0.228965 -0.276938 -0.136982 -0.157290 -0.249963 -0.146313 -0.059647 1.000000 0.170050 -0.037291 -0.057394 0.046642 0.032980 -0.383272 -0.423754 -0.228819 0.210451 -0.102662 0.133947 -0.325741 0.329285 -0.144214 0.079491 0.089885 0.075327 -0.213318 0.053538 0.065427 0.074327 0.114961 0.376517 -0.048913 0.067606 -0.321631 -0.351282 0.003424 -0.122127 -0.176126 -0.155014 -0.434357 -0.436618 0.039485 -0.232402 -0.310902 -0.238122 -0.266407 -0.431002 -0.199387 -0.204897 0.498852 0.590847 0.476946 0.365617 -0.219643 0.382496 0.185588 0.206532 0.326617 -0.030017 0.483020 -0.101892 0.259045 0.274628 0.031370 -0.087737 0.030318 0.252172 0.056229 -0.228373 -0.015251 -0.131985 -0.134567 -0.166863 -0.267438 -0.278582 -0.095262 -0.095406 0.053800 0.063875 0.033822 -0.110974 -0.198172 0.005990 0.019704 -0.033261 0.002686 0.180635 -0.400524 -0.090206 0.044675 0.169224 0.040355 0.001198 -0.070994 -0.240129
0.375989 0.358772 0.279470 0.388855 -0.330451 -0.353676 -0.093329 -0.108662 -0.306823 -0.332723 0.027412 0.174984 -0.246181 -0.072737 0.189956 0.229174 0.189378 0.764054 0.321050 0.442550 0.258812 0.174752 0.227851 0.124528 -0.020051 0.072185 -0.128176 -0.093657 0.170050 1.000000 -0.254843 -0.085756 0.285484 0.159710 -0.059876 0.110578 0.607165 0.328031 0.409463 0.361177 0.529719 0.231775 -0.018298 -0.003865 -0.156375 -0.204173 0.106178 -0.059858 0.010394 -0.232750 -0.308773 -0.369658 -0.197360 -0.272036 0.281901 0.337446 0.102416 -0.147268 -0.302711 -0.358311 -0.370010 -0.285190 -0.047930 -0.158496 -0.324242 -0.327630 -0.428989 -0.161024 -0.010726 -0.298712 0.204764 0.168959 0.121846 0.758508 0.338831 0.477105 0.579179 0.637282 0.271376 0.579923 0.088359 0.540283 0.186343 0.295675 0.150880 0.027861 -0.038941 -0.103078 0.119065 -0.097528 -0.140526 -0.266041 -0.242935 -0.289664 0.115086 0.016717 -0.030998 -0.323476 -0.328203 -0.311867 -0.093529 0.079003 -0.205802 -0.224360 -0.441067 -0.410191 0.234577 0.066856 -0.016282 -0.208342 -0.430638 -0.225152 -0.206549 0.057794 -0.162762 -0.008464
-0.284266 -0.390531 0.439640 0.215700 0.285340 0.235228 0.511367 0.466797 0.316336 0.197551 0.013653 -0.321212 0.447984 0.160632 0.087365 0.139896 -0.133580 -0.412666 -0.051871 -0.162465 0.287218 0.197566 0.537419 0.493655 0.305310 0.323568 0.015496 0.009296 -0.037291 -0.254843 1.000000 0.864816 -0.407810 -0.102626 -0.372024 -0.299096 -0.333236 -0.467566 -0.435019 -0.294741 -0.265796 -0.141101 0.284517 0.190739 0.366626 0.387565 -0.280859 -0.118412 0.251549 0.289348 0.410837 0.231824 0.030153 0.164934 -0.445624 -0.357651 -0.562510 -0.443891 -0.005741 -0.032117 -0.174284 -0.249815 -0.341343 -0.402121 0.107025 0.097782 -0.120472 0.004638 -0.202696 -0.241781 0.426893 0.132536 0.107832 -0.259240 -0.037641 -0.206643 -0.327406 -0.346102 -0.250275 -0.390743 -0.421429 -0.641780 -0.096559 -0.058283 -0.668508 -0.475765 0.245840 0.053856 -0.569763 -0.436639 -0.154168 -0.056083 0.037705 0.034711 -0.233133 -0.089240 -0.429478 -0.279858 -0.354063 -0.223482 -0.316003 -0.285289 -0.222718 -0.257752 -0.154970 -0.258814 -0.114233 0.099262 0.087483 -0.253470 -0.290925 -0.295153 -0.158686 -0.309159 -0.264216 0.071871
-0.236534 -0.289413 0.521612 0.424751 0.168239 0.152202 0.490343 0.419113 0.179364 0.047489 -0.017948 -0.324022 0.303014 0.058648 0.087148 0.137230 -0.066456 -0.275596 -0.005498 -0.039366 0.315386 0.293334 0.557003 0.629238 0.175183 0.324370 -0.021912 0.102772 -0.057394 -0.085756 0.864816 1.000000 -0.284543 0.078218 -0.290091 -0.203716 -0.132092 -0.320628 -0.225262 -0.123246 -0.066208 -0.060103 0.173844 0.069214 0.185043 0.170213 -0.227720 -0.153632 0.184897 0.096685 0.339285 0.024656 -0.121118 -0.033602 -0.270341 -0.188822 -0.492504 -0.351477 -0.046009 -0.138823 -0.285855 -0.334487 -0.333286 -0.376104 0.104559 -0.023127 -0.172027 0.025578 -0.129940 -0.236624 0.342196 0.083616 -0.004533 -0.125319 -0.006038 -0.117430 -0.149471 -0.159686 -0.127594 -0.262896 -0.336070 -0.478233 -0.116881 0.030641 -0.535960 -0.422063 0.161093 -0.023136 -0.405093 -0.363821 -0.145533 -0.175590 -0.078829 -0.109963 -0.096129 -0.056443 -0.410946 -0.375791 -0.422710 -0.285526 -0.293200 -0.307691 -0.217597 -0.240263 -0.099703 -0.198614 0.061500 0.202763 0.100321 -0.270940 -0.373477 -0.365881 -0.278751 -0.375732 -0.153918 0.257116
0.584861 0.677314 0.080549 0.093514 -0.536461 -0.507212 0.079411 0.081300 -0.587642 -0.471110 -0.010725 0.413773 -0.212507 -0.058781 -0.378286 -0.394905 0.174955 0.491627 0.597157 0.561992 -0.294078 -0.282583 -0.154930 -0.107891 -0.305673 -0.296547 -0.467443 -0.378285 0.046642 0.285484 -0.407810 -0.284543 1.000000 0.743815 -0.148120 -0.000098 0.258808 0.310911 0.417663 0.328080 0.015087 0.055676 -0.358274 -0.193581 -0.100916 -0.037570 -0.181724 -0.233219 -0.047227 0.004690 -0.381494 -0.176380 -0.423824 -0.411726 -0.016509 -0.031677 0.542930 0.510297 0.071713 0.053506 -0.070715 0.136074 0.152269 0.327664 -0.368744 -0.203416 0.035713 0.070390 0.377497 0.349343 -0.160008 0.010506 0.010999 0.218472 0.041772 0.202327 0.443323 0.402105 0.411897 0.451703 0.326237 0.509415 0.130296 -0.031280 -0.033938 -0.018496 -0.135276 -0.072972 0.279504 -0.202648 -0.038755 -0.324932 -0.503811 -0.450102 0.058745 -0.071898 0.100910 -0.047081 -0.085360 -0.316185 -0.069587 0.044718 0.031894 -0.014074 0.015231 -0.009013 0.313076 0.164111 -0.154641 0.003274 -0.286834 -0.311744 -0.252080 -0.027339 0.016780 -0.106405
0.581462 0.581027 0.325321 0.310016 -0.427610 -0.494801 0.370916 0.377594 -0.475364 -0.403604 0.077652 0.345962 -0.039420 0.004857 -0.495654 -0.414676 0.272473 0.340796 0.614801 0.566894 -0.238253 -0.237986 0.054859 0.197587 -0.332199 -0.285617 -0.581084 -0.405032 0.032980 0.159710 -0.102626 0.078218 0.743815 1.000000 -0.146022 -0.055805 0.116834 0.183486 0.239211 0.321484 -0.143538 0.051706 -0.408931 -0.324027 -0.097082 -0.009785 -0.380303 -0.259181 -0.052172 -0.072563 -0.199215 -0.203805 -0.498284 -0.485746 -0.212710 -0.105968 0.290438 0.341727 0.024244 -0.023813 -0.057371 0.040181 0.045251 0.206608 -0.103403 -0.107256 -0.095972 0.109052 0.218571 0.256683 -0.066686 0.070785 -0.029682 0.080222 -0.109631 0.104779 0.426556 0.366911 0.491915 0.337209 0.268476 0.231023 -0.025440 -0.001321 -0.147609 -0.244178 -0.166555 -0.216157 0.213867 -0.279014 -0.123873 -0.457950 -0.559259 -0.594507 -0.008877 -0.118336 -0.088732 -0.148548 -0.241305 -0.433837 -0.132533 -0.024995 -0.021749 -0.164504 0.045396 0.004770 0.361510 0.331578 -0.191400 -0.050469 -0.284408 -0.360605 -0.418384 -0.226593 -0.050333 0.036143
-0.152876 -0.172483 -0.256979 -0.070205 0.078292 0.069625 -0.284196 -0.258830 0.073510 0.144621 -0.316520 -0.264262 -0.474128 -0.398236 0.068879 -0.030271 -0.049732 0.089455 -0.266671 -0.047213 -0.066851 0.060696 -0.133004 -0.097773 -0.000417 0.070352 0.174531 0.082157 -0.383272 -0.059876 -0.372024 -0.290091 -0.148120 -0.146022 1.000000 0.858663 0.251999 0.200319 0.099487 0.012994 0.293886 0.027214 -0.145570 -0.262351 -0.388103 -0.390299 0.332149 0.009872 -0.337832 -0.487220 -0.283433 -0.442064 0.027322 -0.164921 0.494937 0.480953 0.220144 0.215925 0.036340 -0.077256 0.333189 0.407652 0.334362 0.423808 0.194393 -0.158859 0.187498 0.253071 0.084384 0.188509 -0.576540 -0.541019 -0.334635 -0.132257 0.056935 -0.163075 0.001415 -0.098203 -0.000226 0.083382 0.087822 0.233488 -0.268865 -0.168820 0.494470 0.377945 0.117795 -0.088041 0.320659 0.466031 0.200844 0.076223 0.220210 0.315228 0.133341 0.152739 0.283402 0.300401 0.286769 0.302850 0.219354 0.111771 0.376547 0.419272 0.260185 0.307441 0.125837 -0.135038 0.164303 0.333297 0.334491 0.309691 0.173478 0.250763 0.347029 0.152305
-0.061243 -0.160938 -0.075849 0.073596 -0.007618 0.003000 -0.153007 -0.121620 -0.010376 0.052732 -0.379271 -0.258385 -0.478068 -0.384668 0.054208 -0.052409 -0.055915 0.214853 -0.102041 0.105711 0.010509 0.146572 -0.031834 -0.063476 0.063968 0.087872 0.061825 -0.053818 -0.423754 0.110578 -0.299096 -0.203716 -0.000098 -0.055805 0.858663 1.000000 0.391357 0.233125 0.198003 0.087232 0.421441 0.016287 -0.153494 -0.280313 -0.383978 -0.350201 0.300068 -0.074916 -0.345353 -0.530734 -0.388474 -0.529661 -0.016936 -0.220810 0.461447 0.495103 0.211334 0.137689 -0.003208 -0.102383 0.222567 0.355248 0.136152 0.354434 0.096969 -0.200563 0.100667 0.323957 -0.051767 0.178132 -0.410515 -0.510616 -0.270903 0.025959 0.226435 -0.045640 0.089324 0.009545 0.040702 0.102658 0.022707 0.251982 -0.240345 -0.241046 0.364645 0.277038 0.174442 0.000355 0.269648 0.370597 0.145980 0.035786 0.209859 0.274046 0.093880 0.145727 0.200169 0.182961 0.122408 0.113594 0.101145 0.039336 0.309712 0.335811 0.161192 0.206891 0.256645 -0.014417 0.201430 0.229005 0.109339 0.179705 0.091802 0.185323 0.266425 0.108841
