1.000000 0.646191 -0.271368 -0.474473 -0.081815 -0.286658 -0.243761 -0.537342 -0.343649 -0.473375 0.120622 -0.102706 -0.266966 -0.168526 -0.414119 -0.445794 0.358134 0.075572 0.517676 0.564317 -0.539193 -0.435084 -0.276951 -0.188004 -0.327158 -0.236217 -0.323310 -0.315836 0.068453 -0.276472 -0.447401 -0.372980 0.434089 0.282743 0.201943 0.061666 -0.087271 -0.267075 -0.115877 -0.063922 -0.442325 -0.415398 -0.207881 -0.066298 -0.110366 -0.111838 0.039195 0.102436 -0.063565 -0.069662 -0.258413 -0.031740 0.021573 0.035738 0.166837 0.038295 0.579853 0.433884 0.335693 0.241572 0.016522 0.144998 0.284548 0.283429 -0.129513 -0.298263 0.327059 0.051594 0.371064 0.167876 -0.272981 -0.366700 -0.200650 -0.345367 -0.100114 -0.346667 0.242900 0.089522 0.176827 0.211599 0.147856 0.218585 -0.015513 -0.245430 0.145941 -0.167157 -0.293977 -0.269777 -0.194384 -0.117671 0.171138 0.268166 -0.372767 0.185487 0.046747 -0.008188 0.160569 0.166725 0.215367 0.297472 -0.278965 0.369139 0.076749 0.401392 0.214945 0.273904 0.144145 -0.042696 0.167667 0.090041 0.176140 -0.172231 -0.182904 0.253541 0.106371 0.186883
0.646191 1.000000 -0.210368 -0.271520 -0.083659 -0.328143 -0.271441 -0.441192 -0.177870 -0.341691 0.071993 0.120378 -0.156870 -0.104789 -0.366475 -0.354540 0.244717 0.151077 0.531901 0.527779 -0.519217 -0.384412 -0.270653 -0.337606 -0.304932 -0.302585 -0.355722 -0.320014 -0.014533 -0.240592 -0.400182 -0.422669 0.460235 0.328816 0.078300 -0.075661 -0.156283 -0.239824 -0.152656 -0.081836 -0.503148 -0.415116 -0.271193 -0.113093 -0.222102 -0.148416 0.004002 0.077108 -0.161810 -0.030301 -0.321403 -0.025071 -0.012410 -0.104393 0.140093 0.060667 0.399010 0.651127 0.320861 0.410809 -0.018504 0.333437 0.283212 0.348208 -0.156470 -0.186103 0.360833 0.129302 0.485444 0.364316 -0.288916 -0.366732 -0.238960 -0.340103 -0.147160 -0.318299 0.232141 0.035238 0.127935 0.332280 0.077887 0.196008 -0.210604 -0.291454 0.120136 -0.131111 -0.357341 -0.337633 -0.103724 -0.029928 0.020148 0.044164 -0.427483 0.042756 0.033124 -0.206870 0.200403 0.120161 0.216130 0.127408 -0.141644 0.228413 0.060213 0.149913 0.180517 0.128559 0.218884 -0.033405 0.066212 0.009406 0.114249 -0.146596 -0.199081 0.068767 -0.089718 0.041523
-0.271368 -0.210368 1.000000 0.514705 0.208645 0.123348 0.629759 0.513301 0.537439 0.310727 0.506937 0.302598 0.585355 0.244956 0.388728 0.232007 -0.311483 -0.134679 0.063363 -0.285486 -0.004423 -0.131150 0.563732 0.362909 0.341074 0.340417 0.030621 -0.015076 -0.109822 -0.001049 0.377569 0.311635 -0.287814 -0.165871 -0.137103 -0.040115 -0.195108 -0.087943 0.012887 -0.183164 0.052636 -0.086181 -0.193296 -0.279810 -0.115810 -0.193842 -0.328902 -0.331724 0.196548 -0.006934 0.338744 0.010478 0.235504 -0.029490 -0.234727 -0.365501 -0.410129 -0.365355 0.003347 -0.006490 0.104045 -0.224291 -0.296664 -0.428037 0.362038 0.268961 -0.036429 0.016114 -0.264339 -0.163796 0.296166 0.207326 -0.012995 0.038406 0.041689 0.081732 -0.283979 -0.057956 -0.638358 -0.466531 -0.559227 -0.529264 0.109049 -0.036005 0.074562 0.076511 0.109026 -0.016979 0.065954 -0.239983 -0.006220 -0.161275 -0.002923 -0.002280 0.050913 -0.061109 -0.321027 -0.008389 -0.294589 -0.308243 -0.001915 -0.047989 -0.246398 -0.386532 -0.195796 -0.245191 -0.107031 -0.042095 0.029145 0.024757 -0.060802 -0.239871 -0.123951 -0.195995 0.072943 -0.153983
-0.474473 -0.271520 0.514705 1.000000 0.030217 0.252761 0.209824 0.718979 0.371619 0.556044 0.223891 0.495630 0.471360 0.383215 0.332381 0.448356 -0.274993 -0.086417 -0.139926 -0.345382 0.246413 0.105174 0.310372 0.281422 0.137513 0.181869 0.137243 0.270982 -0.152104 0.167774 0.299384 0.204766 -0.450231 -0.199910 -0.124412 -0.091421 0.102763 0.102847 0.027004 0.103493 0.092782 0.228846 -0.133562 -0.248053 -0.307576 -0.256530 -0.320687 -0.394342 0.029762 -0.070479 0.025605 -0.106823 -0.072392 -0.205028 -0.131450 -0.300740 -0.421001 -0.450535 -0.116871 -0.034610 0.034460 0.064036 -0.167705 -0.293887 0.083355 0.417325 -0.176769 0.041071 -0.180146 -0.032553 0.192490 0.183973 0.035866 0.179919 0.067576 0.218953 -0.271458 -0.193814 -0.489542 -0.293043 -0.328109 -0.442485 -0.084994 0.120250 -0.031747 0.001336 0.196589 0.191765 0.136962 0.191068 -0.105770 -0.266878 0.283007 -0.093696 -0.046499 -0.132299 -0.273724 -0.068604 -0.425064 -0.422054 0.275904 -0.256949 -0.145180 -0.337775 -0.116249 -0.226784 -0.074093 0.001846 -0.100298 -0.147303 -0.119073 -0.170906 -0.075871 -0.179301 -0.013833 -0.221692
-0.081815 -0.083659 0.208645 0.030217 1.000000 0.393685 0.021337 -0.005325 0.353992 0.326867 0.235527 0.080674 0.092508 -0.129364 -0.042675 -0.093634 -0.308528 -0.221016 -0.008973 0.002050 0.173927 -0.056319 -0.067981 -0.033068 -0.015588 -0.138416 0.220060 0.035997 -0.318779 -0.245363 -0.366358 -0.329956 -0.143466 -0.267521 0.040405 0.200604 0.107575 -0.159385 0.113423 0.014973 -0.079838 -0.068824 0.038919 0.005696 -0.032696 0.102342 -0.108059 -0.108186 0.103084 -0.081663 -0.057717 -0.146546 0.024544 -0.176639 0.272442 -0.130459 -0.232323 -0.181158 0.204516 0.115971 0.165933 0.002151 -0.182109 -0.222483 0.270121 0.311651 0.118243 0.230965 0.037531 0.099438 -0.264468 -0.204517 -0.297759 -0.212595 -0.101793 -0.140630 0.100050 0.024037 -0.168042 -0.321385 -0.254120 -0.272900 0.054662 0.036570 0.224635 0.263156 -0.047987 0.146006 0.377353 0.192994 -0.092423 0.195723 0.332688 0.417385 0.153339 0.134214 -0.101572 0.049308 -0.144990 -0.045098 0.168120 0.192806 0.172483 0.014905 0.183601 0.060085 0.056807 -0.027137 0.022175 0.185818 0.007137 0.041698 -0.076130 0.244836 0.355727 0.014942
-0.286658 -0.328143 0.123348 0.252761 0.393685 1.000000 -0.004536 0.227689 0.093838 0.592806 0.067458 0.093001 0.072552 -0.002821 0.204360 0.247099 -0.167191 -0.162243 -0.244378 -0.200177 0.275628 0.223948 0.168932 0.206713 0.151441 0.286475 0.565524 0.545681 -0.189391 -0.075176 0.051200 0.083607 -0.139062 -0.203919 -0.006777 0.240714 0.053753 -0.090980 0.189536 0.121180 0.044669 0.014152 0.029777 0.058213 0.098465 0.213762 -0.149713 -0.155647 0.179298 0.049160 0.022214 -0.136611 -0.239213 -0.195894 -0.051044 0.005239 -0.326167 -0.310406 -0.161299 -0.077503 -0.063412 -0.040511 -0.221273 -0.220921 0.143169 0.303052 -0.145878 0.050539 -0.177785 -0.099356 -0.100472 0.029319 -0.166145 -0.078818 -0.139080 -0.046532 -0.201853 -0.165817 -0.108098 -0.242347 -0.074324 -0.152656 0.111522 0.109523 0.017192 0.060790 -0.081018 0.304853 0.141939 0.237719 -0.191862 -0.055698 0.283589 0.127219 0.006051 -0.071880 -0.139206 -0.041562 -0.233371 -0.024705 0.014015 -0.113228 -0.145070 -0.133265 0.010235 -0.002268 -0.131105 0.060613 0.017217 -0.128212 -0.004123 -0.055955 -0.052860 0.127333 0.282401 -0.003578
-0.243761 -0.271441 0.629759 0.209824 0.021337 -0.004536 1.000000 0.494738 0.455872 0.249803 0.227659 0.083327 0.372030 0.297490 0.307833 0.262070 -0.096551 0.141457 0.148093 -0.119719 0.154950 -0.014681 0.254532 0.175666 0.164197 0.263220 -0.036758 -0.117183 0.222773 0.307278 0.538626 0.448880 -0.054442 0.037212 -0.135323 -0.175468 -0.159283 -0.170283 -0.108778 -0.352306 0.165420 0.017933 -0.102969 -0.291932 0.045677 -0.292382 -0.284761 -0.347727 -0.117245 -0.114078 0.193706 -0.015997 0.005343 0.027017 -0.343463 -0.354624 -0.254575 -0.413442 -0.177891 -0.213717 0.075919 -0.265825 -0.144651 -0.170822 0.336417 0.143533 -0.054057 -0.165595 -0.336700 -0.344537 0.403730 0.334765 0.318936 0.286833 0.198141 0.232261 -0.064962 0.090351 -0.272351 -0.210836 -0.311057 -0.190566 0.042841 0.143618 -0.141772 0.070844 0.102587 -0.122922 -0.131727 -0.372754 -0.076018 -0.142085 0.027000 -0.128907 -0.257160 0.176014 -0.479743 -0.177134 -0.371635 -0.258123 0.064756 -0.084015 -0.158204 -0.228755 -0.293053 -0.187031 -0.203514 -0.287745 0.131521 -0.058456 -0.305844 -0.194879 0.046758 -0.144814 -0.021054 -0.134290
-0.537342 -0.441192 0.513301 0.718979 -0.005325 0.227689 0.494738 1.000000 0.336325 0.632748 0.051596 0.305536 0.326291 0.317202 0.239696 0.445145 -0.312204 -0.086381 -0.138338 -0.353362 0.315590 0.129792 0.159811 0.342919 0.246307 0.365895 0.089751 0.086909 -0.154550 0.194350 0.404104 0.399686 -0.326503 -0.012931 -0.088235 0.005079 -0.041837 -0.019894 -0.121106 -0.018638 0.166493 0.154469 -0.122826 -0.237867 -0.156170 -0.227680 -0.349952 -0.370386 -0.163535 -0.235097 -0.031659 -0.213682 -0.219242 -0.312784 -0.364005 -0.415347 -0.402413 -0.551759 -0.240433 -0.205949 0.167423 -0.094980 -0.154641 -0.253417 0.285851 0.544822 -0.185781 0.139790 -0.295896 -0.159633 0.205091 0.309250 0.075693 0.174876 0.028873 0.262076 -0.296910 -0.070575 -0.437006 -0.291070 -0.218687 -0.306182 -0.064197 0.245181 -0.073704 0.101438 0.147224 0.167595 -0.022742 -0.154510 -0.099367 -0.293183 0.343654 -0.200085 -0.058892 -0.104300 -0.266657 -0.106702 -0.471668 -0.458141 0.332930 -0.218503 0.011315 -0.299578 -0.169693 -0.226439 -0.046177 -0.123874 0.029329 -0.109816 -0.046876 -0.253758 -0.117246 -0.213849 0.019210 -0.267658
-0.343649 -0.177870 0.537439 0.371619 0.353992 0.093838 0.455872 0.336325 1.000000 0.421175 0.384102 0.347821 0.664922 0.381163 0.471878 0.423385 -0.073456 0.070627 0.050444 -0.272528 0.273270 0.069833 0.227866 0.046129 0.125555 0.022677 -0.020099 -0.006572 0.116986 0.285782 0.248537 0.056529 -0.281577 -0.318183 -0.273561 -0.343689 0.047120 -0.139226 -0.053774 -0.189331 0.189195 0.062359 -0.160741 -0.256091 -0.106232 -0.124787 -0.191995 -0.295261 0.002505 0.113833 0.126270 0.074910 0.156054 0.033310 0.030765 -0.082572 -0.328604 -0.328290 -0.016393 0.110727 0.105269 -0.065019 -0.113131 -0.245588 0.187086 0.156577 0.016668 -0.184328 -0.180330 -0.148020 0.337098 0.113398 0.261991 0.239591 0.231801 0.136144 -0.277656 -0.300467 -0.337605 -0.197845 -0.254978 -0.231330 0.135106 0.160477 -0.092708 0.089648 0.458392 0.224403 0.200472 0.023054 -0.156422 -0.230082 -0.036150 -0.133850 -0.026941 0.005888 -0.344047 -0.215394 -0.279548 -0.342355 -0.078116 -0.131755 -0.233934 -0.458113 -0.305313 -0.375411 -0.147902 -0.320128 0.069510 -0.016581 -0.282045 -0.143963 0.131933 -0.190859 -0.148960 -0.293070
-0.473375 -0.341691 0.310727 0.556044 0.326867 0.592806 0.249803 0.632748 0.421175 1.000000 0.204443 0.387977 0.384172 0.359759 0.348076 0.587868 -0.157246 -0.107270 -0.200121 -0.251272 0.309568 0.125492 0.017708 0.082200 0.057509 0.136240 0.348052 0.228051 -0.152101 0.209409 0.237533 0.126273 -0.279001 -0.184263 -0.157513 -0.084273 0.063978 -0.090650 -0.055719 -0.071111 0.125958 0.039586 -0.064989 -0.129353 -0.075603 -0.147910 -0.262493 -0.338531 -0.044144 -0.074064 -0.105945 -0.186403 -0.237644 -0.310095 -0.237553 -0.219852 -0.358515 -0.451976 -0.145796 -0.094254 0.168515 0.044581 -0.094654 -0.277203 0.216466 0.517073 -0.157616 -0.024085 -0.185912 -0.088198 0.140871 0.142493 0.049251 0.087263 -0.053962 0.185174 -0.321275 -0.150085 -0.276422 -0.272401 -0.175948 -0.250376 -0.003018 0.245676 -0.124062 0.062966 0.058371 0.363577 0.119948 0.168206 -0.162456 -0.215705 0.385555 -0.000769 -0.045063 0.003266 -0.322572 -0.086575 -0.471378 -0.318555 0.225690 -0.100680 -0.047465 -0.287366 -0.083529 -0.046917 0.027031 -0.050198 0.147080 -0.085030 -0.160358 -0.107144 0.005892 -0.007299 0.129522 -0.210669
0.120622 0.071993 0.506937 0.223891 0.235527 0.067458 0.227659 0.051596 0.384102 0.204443 1.000000 0.544803 0.732242 0.426556 0.437994 0.324219 0.059769 0.104672 0.115360 -0.132859 -0.143261 -0.089625 0.285305 0.060612 0.129561 0.003043 0.101413 0.014701 0.243885 0.074740 0.113063 0.029342 -0.226290 -0.219033 -0.010744 -0.239388 -0.124985 -0.075277 -0.044952 -0.202231 -0.025782 -0.195194 -0.124766 -0.175450 -0.147710 -0.264293 -0.212297 -0.242094 0.098990 0.049108 0.028728 -0.057753 0.131027 -0.111714 -0.078842 -0.218672 -0.163965 -0.227221 0.099497 0.053621 0.149437 -0.000146 -0.178676 -0.161542 0.192285 0.106943 0.015814 -0.273508 -0.128756 -0.153793 0.235584 0.133095 0.159740 -0.000628 0.030038 0.058316 -0.102626 -0.053908 -0.262302 -0.275776 -0.307769 -0.295037 0.330237 0.013267 0.029696 -0.071724 0.061700 0.040331 0.054033 -0.062320 -0.041145 -0.073444 -0.088419 0.077729 -0.036581 0.060835 -0.406514 -0.036100 -0.377110 -0.180259 -0.191577 0.068696 -0.312032 -0.177958 -0.225086 -0.089198 -0.007967 -0.093304 0.115768 -0.002912 -0.224216 -0.043342 0.023979 0.096341 0.144836 -0.015682
-0.102706 0.120378 0.302598 0.495630 0.080674 0.093001 0.083327 0.305536 0.347821 0.387977 0.544803 1.000000 0.654470 0.702951 0.274442 0.396253 -0.086909 0.193663 -0.106033 -0.372322 0.144320 0.134726 0.124708 -0.197088 0.085722 -0.085601 0.140519 0.183667 0.127474 0.339378 0.126306 -0.034964 -0.140241 -0.168193 -0.295207 -0.305383 0.002702 0.078546 -0.240182 -0.179984 0.035285 0.041860 -0.013548 -0.020715 -0.098793 -0.076801 -0.069848 -0.197849 0.153431 0.242599 -0.004061 0.188733 0.008017 -0.054001 -0.085030 -0.154611 -0.267639 -0.235597 -0.067333 0.102205 -0.006635 0.256129 -0.211142 -0.173338 -0.089293 0.342080 -0.111866 -0.220873 -0.148220 -0.220414 0.195541 0.184198 0.262466 0.262504 0.214329 0.268295 -0.114446 -0.075525 -0.346845 -0.145051 -0.317467 -0.295282 0.022702 -0.069141 -0.217356 -0.270656 0.192808 0.081563 -0.076992 0.129162 -0.161650 -0.339294 0.037245 -0.216123 -0.192669 -0.107158 -0.200405 -0.062348 -0.325566 -0.384144 0.019625 -0.255791 -0.232967 -0.317803 -0.186263 -0.177172 0.131792 -0.052864 0.133914 -0.162413 -0.307660 -0.141134 0.069669 0.010712 0.018580 -0.117799
-0.266966 -0.156870 0.585355 0.471360 0.092508 0.072552 0.372030 0.326291 0.664922 0.384172 0.732242 0.654470 1.000000 0.713985 0.667194 0.628926 -0.025883 0.120707 -0.041446 -0.409649 0.198581 0.112823 0.385746 0.008750 0.251565 0.089456 0.157001 0.147729 0.319333 0.379136 0.441330 0.210282 -0.378000 -0.344300 -0.279920 -0.429716 -0.074582 0.040266 -0.044042 -0.169174 0.279114 0.088942 -0.154851 -0.257370 -0.175799 -0.244624 -0.261991 -0.344165 0.081338 0.149875 0.179061 0.114628 0.209694 -0.000910 -0.131361 -0.229472 -0.319572 -0.379056 -0.123436 -0.023886 0.082199 -0.002962 -0.193131 -0.228726 0.121151 0.207443 -0.111610 -0.404492 -0.232840 -0.273168 0.508926 0.402383 0.429526 0.303794 0.218570 0.282659 -0.325537 -0.173401 -0.394432 -0.276201 -0.288125 -0.293058 0.253267 0.114154 -0.118063 -0.094712 0.350721 0.177188 0.086574 -0.023193 -0.099894 -0.305459 -0.065968 -0.207441 -0.053802 -0.064426 -0.459540 -0.171504 -0.400426 -0.385398 -0.086642 -0.173747 -0.425684 -0.530937 -0.462291 -0.410815 -0.116739 -0.169979 0.002397 -0.173901 -0.329295 -0.049628 0.219647 -0.171581 -0.068080 -0.268490
-0.168526 -0.104789 0.244956 0.383215 -0.129364 -0.002821 0.297490 0.317202 0.381163 0.359759 0.426556 0.702951 0.713985 1.000000 0.516627 0.613400 0.093749 0.330358 -0.122319 -0.373473 0.281681 0.233051 0.118447 -0.193516 0.186587 0.095299 0.174772 0.157221 0.458319 0.584046 0.513791 0.271406 -0.223184 -0.200566 -0.340654 -0.523061 -0.110048 0.139885 -0.173622 -0.219421 0.363104 0.191601 -0.112709 -0.182446 -0.039689 -0.186433 -0.165356 -0.280568 -0.062616 0.231297 0.030649 0.203862 0.084397 0.019719 -0.243468 -0.215895 -0.148442 -0.321530 -0.283233 0.021281 -0.080649 0.238479 -0.036200 0.033764 -0.249452 0.089285 -0.192367 -0.388735 -0.296746 -0.282874 0.559365 0.491524 0.611311 0.475821 0.322195 0.500996 -0.261126 -0.144593 -0.269746 -0.081082 -0.112318 -0.112637 0.162584 0.128878 -0.404829 -0.422805 0.358146 0.076609 -0.177081 -0.028027 -0.081028 -0.368710 -0.074908 -0.404565 -0.194679 -0.053939 -0.325706 -0.113635 -0.336387 -0.259362 -0.012608 -0.257100 -0.300775 -0.425936 -0.405493 -0.302172 0.001867 -0.161373 0.103962 -0.263225 -0.340775 -0.063268 0.309579 -0.160005 -0.116161 -0.159676
-0.414119 -0.366475 0.388728 0.332381 -0.042675 0.204360 0.307833 0.239696 0.471878 0.348076 0.437994 0.274442 0.667194 0.516627 1.000000 0.803351 0.125781 0.179159 -0.211696 -0.427977 0.364256 0.353905 0.465426 0.176912 0.317605 0.284737 0.457145 0.338347 0.431354 0.473715 0.633192 0.465968 -0.305724 -0.289779 -0.241709 -0.424901 0.014565 0.196266 0.260581 -0.039779 0.555414 0.262392 -0.205406 -0.324404 -0.187684 -0.260749 -0.313508 -0.383246 -0.108168 0.110054 0.217915 0.019810 0.119324 -0.022654 -0.246369 -0.034835 -0.262189 -0.337468 -0.370760 -0.182533 -0.180415 -0.123025 -0.190749 -0.118555 -0.025024 -0.143304 -0.346615 -0.544302 -0.227480 -0.262136 0.609795 0.526102 0.541689 0.417352 0.249172 0.394542 -0.326294 -0.305755 -0.147218 -0.110234 -0.071255 0.016827 0.609436 0.492137 -0.156469 0.016231 0.470470 0.359571 0.057300 0.109358 -0.144747 -0.260166 -0.029299 -0.210394 -0.020811 -0.083856 -0.432135 -0.170692 -0.332878 -0.157883 -0.201850 -0.272063 -0.443546 -0.596929 -0.569925 -0.357416 -0.296361 -0.123101 -0.113966 -0.286966 -0.334247 0.048573 0.275040 -0.224633 -0.178382 -0.206639
-0.445794 -0.354540 0.232007 0.448356 -0.093634 0.247099 0.262070 0.445145 0.423385 0.587868 0.324219 0.396253 0.628926 0.613400 0.803351 1.000000 0.116510 0.189039 -0.236876 -0.445145 0.426492 0.394876 0.219594 0.004513 0.150852 0.149501 0.404854 0.311567 0.390978 0.591326 0.561094 0.356125 -0.345358 -0.228375 -0.300821 -0.429832 0.088527 0.180630 0.040369 0.036571 0.592546 0.305946 -0.150951 -0.299697 -0.198679 -0.313003 -0.288717 -0.450330 -0.201474 -0.012311 0.054114 -0.054480 -0.017834 -0.075992 -0.260869 -0.150436 -0.201814 -0.365983 -0.440463 -0.304513 -0.075726 -0.098395 -0.096934 -0.109172 -0.029913 0.113206 -0.407684 -0.533640 -0.209364 -0.257412 0.543101 0.557021 0.556651 0.451124 0.193369 0.437587 -0.417859 -0.287166 -0.131261 -0.036364 0.043805 0.053707 0.375587 0.608844 -0.229031 0.050326 0.438199 0.448382 0.017087 0.125915 -0.148328 -0.318719 0.163243 -0.229372 -0.023432 -0.121535 -0.440301 -0.191097 -0.388686 -0.242155 -0.061683 -0.263754 -0.361413 -0.548593 -0.559013 -0.362055 -0.195268 -0.149282 -0.018494 -0.347961 -0.327081 0.023650 0.318550 -0.156639 -0.205842 -0.261462
0.358134 0.244717 -0.311483 -0.274993 -0.308528 -0.167191 -0.096551 -0.312204 -0.073456 -0.157246 0.059769 -0.086909 -0.025883 0.093749 0.125781 0.116510 1.000000 0.559902 0.290805 0.233899 -0.137602 -0.067496 -0.044807 -0.094420 -0.169692 0.019541 -0.146997 -0.127248 0.466627 0.289429 0.070792 0.043807 0.337465 0.308770 0.015607 -0.242647 0.124600 -0.171049 0.180996 -0.076410 0.199482 -0.005375 -0.396686 -0.294080 -0.158828 -0.127163 -0.153012 -0.164753 -0.400468 -0.090616 -0.215899 -0.154392 -0.256043 -0.053191 0.018543 0.052309 0.642123 0.483754 -0.087316 0.033931 0.004885 0.035644 0.431864 0.438550 -0.158122 -0.337058 0.131957 -0.242365 0.289955 -0.044775 0.144976 -0.091677 0.389748 0.085428 0.131090 0.093147 -0.097444 -0.267443 0.523832 0.690842 0.611786 0.663613 0.215655 0.060485 -0.071710 -0.196728 0.196798 0.095245 0.005929 -0.069218 -0.248920 -0.229674 -0.418511 -0.247414 -0.275431 0.067723 -0.133888 -0.134611 -0.069480 0.019083 -0.393688 -0.019550 -0.122433 -0.040118 -0.225169 0.011959 -0.056165 -0.292572 -0.052458 -0.352266 -0.297853 -0.251913 -0.048105 -0.071554 -0.208677 0.076836
0.075572 0.151077 -0.134679 -0.086417 -0.221016 -0.162243 0.141457 -0.086381 0.070627 -0.107270 0.104672 0.193663 0.120707 0.330358 0.179159 0.189039 0.559902 1.000000 0.149099 -0.061241 0.062286 0.080523 0.006790 -0.226389 0.025160 0.002254 -0.075877 -0.144872 0.569507 0.561821 0.229777 0.102974 0.223813 0.195635 -0.170572 -0.327419 0.026090 -0.027295 -0.012675 -0.184035 0.304983 0.095325 -0.236484 -0.210963 -0.016111 -0.058282 -0.200522 -0.234606 -0.366407 0.025204 -0.079130 0.004428 -0.255123 -0.034701 -0.177926 -0.106514 0.298687 0.236211 -0.294895 -0.033211 -0.157916 0.069534 0.233820 0.384487 -0.122304 -0.144208 0.042620 -0.252257 0.061880 -0.167057 0.253461 0.147041 0.527888 0.404521 0.279405 0.297727 0.048831 -0.146334 0.323618 0.573368 0.404054 0.551271 0.160077 0.103673 -0.182459 -0.241051 0.225867 -0.143768 -0.167416 -0.134046 -0.307291 -0.349288 -0.283348 -0.357158 -0.321699 -0.045001 -0.210400 -0.132559 -0.209909 -0.082747 -0.189556 -0.217315 -0.177811 -0.166954 -0.331994 -0.074725 -0.102635 -0.305553 0.026519 -0.348396 -0.398300 -0.128817 0.041340 -0.047079 -0.114129 0.080514
0.517676 0.531901 0.063363 -0.139926 -0.008973 -0.244378 0.148093 -0.138338 0.050444 -0.200121 0.115360 -0.106033 -0.041446 -0.122319 -0.211696 -0.236876 0.290805 0.149099 1.000000 0.592656 -0.321528 -0.475051 -0.261945 -0.208307 -0.344052 -0.214740 -0.371983 -0.434712 0.010274 -0.258315 -0.276884 -0.355716 0.338106 0.354108 0.178773 -0.036484 -0.131756 -0.346976 -0.067584 0.030323 -0.338671 -0.414191 -0.440307 -0.393182 -0.371036 -0.377900 -0.287521 -0.198220 -0.356115 -0.273168 -0.351077 -0.237717 0.051381 -0.160464 0.054953 -0.218818 0.395376 0.374033 0.221806 0.176405 0.186274 0.083520 0.313100 0.262525 0.136247 -0.085154 0.415777 0.248323 0.604405 0.439710 -0.247028 -0.301673 -0.178490 -0.351437 -0.166098 -0.420828 0.124873 0.011516 0.093570 0.226728 0.089346 0.155463 -0.050052 -0.114726 0.180114 -0.049255 -0.267152 -0.222644 -0.132505 -0.049175 0.087042 0.135576 -0.238115 0.114443 0.063669 -0.209041 -0.004349 0.057725 0.002742 -0.084277 0.023739 0.091716 0.130367 0.169418 0.101974 0.092490 0.113928 -0.245398 0.017735 0.081063 0.140643 -0.279012 -0.308809 0.061130 -0.057818 0.023871
0.564317 0.527779 -0.285486 -0.345382 0.002050 -0.200177 -0.119719 -0.353362 -0.272528 -0.251272 -0.132859 -0.372322 -0.409649 -0.373473 -0.427977 -0.445145 0.233899 -0.061241 0.592656 1.000000 -0.421654 -0.413655 -0.482100 -0.096159 -0.432706 -0.283539 -0.235032 -0.356855 -0.056393 -0.393323 -0.435575 -0.326771 0.279923 0.353043 0.284332 0.071060 -0.079452 -0.320822 -0.042193 -0.020215 -0.551278 -0.437442 -0.146294 -0.123148 -0.190883 -0.242885 0.015475 0.116777 -0.260182 -0.377207 -0.470200 -0.252272 -0.139953 -0.143675 0.118469 -0.055712 0.310948 0.430705 0.254763 0.031722 -0.001517 -0.024596 0.263640 0.232386 -0.075479 -0.206388 0.307109 0.333393 0.518906 0.611762 -0.457825 -0.388473 -0.335880 -0.528304 -0.341345 -0.465272 0.279179 0.176645 0.329418 0.201403 0.189303 0.215620 -0.091540 -0.083417 0.045785 -0.078849 -0.560939 -0.276325 -0.113693 -0.054983 0.334961 0.378566 -0.127912 0.279454 0.159416 0.088635 0.142208 0.095917 0.255586 0.232949 0.136713 0.364069 0.348557 0.438024 0.440800 0.451144 0.232596 -0.075592 0.035983 0.228582 0.266593 -0.068546 -0.278519 0.188162 -0.007674 0.196198
-0.539193 -0.519217 -0.004423 0.246413 0.173927 0.275628 0.154950 0.315590 0.273270 0.309568 -0.143261 0.144320 0.198581 0.281681 0.364256 0.426492 -0.137602 0.062286 -0.321528 -0.421654 1.000000 0.639145 0.045621 -0.122166 0.158680 0.020681 0.504243 0.526530 0.130311 0.507816 0.297849 0.151899 -0.242769 -0.344308 -0.291419 -0.265699 0.260956 0.314169 0.170181 0.259592 0.524564 0.562400 0.141847 -0.016985 -0.026644 0.032249 -0.044550 -0.250295 -0.112838 0.030456 0.086415 0.077716 0.044529 0.107354 0.092384 -0.004787 -0.365967 -0.450611 -0.307294 -0.178239 -0.128961 -0.062030 -0.220848 -0.137031 -0.065794 0.083692 -0.239239 -0.201984 -0.292979 -0.278274 0.236697 0.365973 0.424434 0.491797 0.354782 0.442870 -0.135812 -0.165098 0.007861 -0.123023 0.015520 -0.035234 0.135783 0.350606 -0.064235 0.180361 0.480433 0.520741 0.161618 0.279747 -0.279537 -0.121656 0.361992 -0.071433 -0.082030 0.037141 -0.211633 -0.230979 -0.222065 -0.235555 0.177460 -0.372639 0.016423 -0.335717 -0.316626 -0.329488 -0.130532 -0.122592 -0.106742 -0.312386 -0.321406 0.050862 0.213307 -0.166085 -0.041049 -0.208387
-0.435084 -0.384412 -0.131150 0.105174 -0.056319 0.223948 -0.014681 0.129792 0.069833 0.125492 -0.089625 0.134726 0.112823 0.233051 0.353905 0.394876 -0.067496 0.080523 -0.475051 -0.413655 0.639145 1.000000 0.167604 0.063230 0.251520 0.121960 0.532976 0.611034 0.313112 0.516042 0.350982 0.331256 -0.160733 -0.223053 -0.294535 -0.212896 0.159234 0.335655 0.161313 0.120562 0.386999 0.458067 0.313813 0.185735 0.204370 0.156860 0.192356 -0.004027 0.089654 0.194121 0.171285 0.222220 -0.018484 0.255497 -0.066671 0.119376 -0.368266 -0.349637 -0.372057 -0.159289 -0.409856 -0.192099 -0.343653 -0.169612 -0.262238 -0.228447 -0.362217 -0.292069 -0.372185 -0.338630 0.319142 0.443689 0.451794 0.531321 0.336207 0.450634 -0.154228 -0.178217 0.004132 -0.109392 -0.019686 0.036258 0.199135 0.319542 -0.293714 -0.038030 0.374079 0.425827 -0.097010 0.137739 -0.199006 -0.225151 0.095352 -0.234156 -0.040226 0.092348 -0.091069 -0.179229 -0.088688 -0.101361 -0.077906 -0.418051 -0.166960 -0.275787 -0.354377 -0.206865 -0.157544 0.004418 -0.042254 -0.218584 -0.254470 0.048935 0.238031 -0.164656 -0.121329 -0.062546
-0.276951 -0.270653 0.563732 0.310372 -0.067981 0.168932 0.254532 0.159811 0.227866 0.017708 0.285305 0.124708 0.385746 0.118447 0.465426 0.219594 -0.044807 0.006790 -0.261945 -0.482100 0.045621 0.167604 1.000000 0.615792 0.659938 0.623387 0.209170 0.367022 0.194083 0.185001 0.536465 0.560280 -0.199899 -0.144407 -0.029525 0.114353 -0.094263 0.008015 0.304903 -0.085015 0.267314 0.090120 -0.122569 -0.197665 -0.015824 0.073948 -0.216528 -0.253050 0.192677 0.173679 0.550345 0.131036 0.132513 0.159814 -0.175847 -0.111899 -0.185231 -0.129524 -0.224988 -0.047309 -0.187860 -0.248694 -0.372272 -0.290481 0.198035 -0.042288 -0.244077 -0.372783 -0.242523 -0.468211 0.389090 0.240380 0.198000 0.199454 0.080435 0.181679 -0.258206 -0.190540 -0.291505 -0.087154 -0.191604 -0.142856 0.286724 -0.016235 0.152543 0.043111 0.354568 0.087866 0.288945 -0.220308 -0.326272 -0.347114 -0.179793 -0.169004 -0.091017 -0.065635 -0.307460 -0.134410 -0.281327 -0.262399 -0.408999 -0.293007 -0.491076 -0.414621 -0.430256 -0.348833 -0.366129 0.004619 -0.172850 -0.217976 -0.227476 -0.212413 0.024194 -0.275127 0.021211 -0.058440
-0.188004 -0.337606 0.362909 0.281422 -0.033068 0.206713 0.175666 0.342919 0.046129 0.082200 0.060612 -0.197088 0.008750 -0.193516 0.176912 0.004513 -0.094420 -0.226389 -0.208307 -0.096159 -0.122166 0.063230 0.615792 1.000000 0.444664 0.612636 0.079430 0.188605 -0.039174 -0.126443 0.294639 0.581943 -0.266210 -0.030014 0.242183 0.280701 -0.105626 -0.099745 0.290026 0.003543 -0.068202 0.002497 -0.111480 -0.203341 -0.061986 -0.020685 -0.221801 -0.145243 0.035549 -0.143620 0.256309 -0.137820 -0.114494 -0.049136 -0.225016 -0.197707 -0.199949 -0.183125 -0.094358 -0.107010 -0.062037 -0.332908 -0.215253 -0.240285 0.265294 0.001124 -0.198603 0.019634 -0.185813 -0.153208 0.076841 0.094120 -0.150377 -0.140888 -0.248520 -0.041965 -0.294013 -0.122013 -0.198408 -0.175908 -0.088969 -0.140480 0.220795 0.101803 0.117486 0.054368 0.030927 0.018154 0.186378 -0.314296 0.001255 -0.099284 0.016575 0.003767 0.105145 -0.017973 -0.217052 -0.131371 -0.211806 -0.118567 -0.098273 -0.062645 -0.140595 -0.077832 -0.094305 -0.038786 -0.186973 -0.011969 -0.198357 0.040744 0.032278 -0.242081 -0.204298 -0.169646 0.078386 0.035937
-0.327158 -0.304932 0.341074 0.137513 -0.015588 0.151441 0.164197 0.246307 0.125555 0.057509 0.129561 0.085722 0.251565 0.186587 0.317605 0.150852 -0.169692 0.025160 -0.344052 -0.432706 0.158680 0.251520 0.659938 0.444664 1.000000 0.737759 0.280248 0.385367 0.082207 0.200166 0.531617 0.570501 -0.121256 -0.126582 -0.077347 0.073821 -0.263995 0.053272 0.147390 -0.082979 0.219937 0.131976 0.068690 0.069407 0.130195 0.215334 -0.007341 0.050976 0.114503 0.206964 0.403207 0.182706 0.062540 0.115133 -0.356140 -0.048890 -0.286579 -0.191647 -0.263523 0.026073 -0.263493 -0.173727 -0.438117 -0.241726 0.151580 -0.039691 -0.218993 -0.212537 -0.283468 -0.394398 0.332363 0.332539 0.195304 0.217425 0.111010 0.227179 -0.198540 -0.111944 -0.313209 -0.125517 -0.252806 -0.160098 0.203638 -0.095310 -0.103312 -0.087796 0.325684 0.128525 0.052250 -0.317338 -0.204960 -0.321795 -0.073404 -0.273046 -0.109334 -0.099327 -0.045825 -0.170799 -0.208986 -0.122353 -0.199740 -0.311862 -0.284546 -0.369958 -0.344856 -0.328628 -0.175577 -0.133196 -0.215907 -0.130930 0.073556 -0.069688 0.241926 -0.184085 0.038507 -0.097870
-0.236217 -0.302585 0.340417 0.181869 -0.138416 0.286475 0.263220 0.365895 0.022677 0.136240 0.003043 -0.085601 0.089456 0.095299 0.284737 0.149501 0.019541 0.002254 -0.214740 -0.283539 0.020681 0.121960 0.623387 0.612636 0.737759 1.000000 0.160640 0.318731 0.137573 0.099960 0.591092 0.762624 0.053920 0.135209 0.091640 0.308871 -0.202846 -0.047241 0.254017 -0.085827 0.191326 0.055620 -0.117726 -0.064954 0.107889 0.171629 -0.183147 -0.074096 -0.010577 0.012285 0.268488 -0.078509 -0.200164 -0.155442 -0.398795 -0.151946 -0.137724 -0.118006 -0.383806 -0.097487 -0.259089 -0.273121 -0.311747 -0.174565 0.150182 0.037641 -0.188974 -0.054687 -0.233877 -0.366144 0.315659 0.264832 0.129290 0.087315 0.019228 0.178108 -0.277939 -0.175526 -0.172821 0.016056 -0.044741 -0.003975 0.160612 -0.028411 -0.050104 -0.106880 0.158125 0.112805 0.071265 -0.417091 -0.266469 -0.391288 -0.139886 -0.302724 -0.103396 -0.113302 -0.071079 -0.153859 -0.307158 -0.224668 -0.229970 -0.219306 -0.317765 -0.295318 -0.299452 -0.249738 -0.333042 -0.139010 -0.115864 -0.183818 0.095884 -0.285137 0.066025 -0.209860 0.007402 -0.119271
-0.323310 -0.355722 0.030621 0.137243 0.220060 0.565524 -0.036758 0.089751 -0.020099 0.348052 0.101413 0.140519 0.157001 0.174772 0.457145 0.404854 -0.146997 -0.075877 -0.371983 -0.235032 0.504243 0.532976 0.209170 0.079430 0.280248 0.160640 1.000000 0.677852 0.071925 0.186249 0.260513 0.217606 -0.174710 -0.181431 -0.092001 -0.057814 0.110874 0.200286 0.242614 0.098512 0.317576 0.187936 0.135375 0.045990 0.046103 0.004292 -0.084377 -0.176386 0.027186 0.000378 0.056650 -0.035342 0.011318 0.019815 -0.103218 0.059561 -0.334469 -0.331572 -0.308726 -0.265530 -0.208978 -0.132385 -0.351069 -0.210786 -0.028558 0.013507 -0.372603 -0.275200 -0.188152 -0.152105 0.102352 0.282666 0.148306 0.154563 0.065940 0.154148 -0.058114 -0.030090 -0.044823 -0.256051 -0.102766 -0.038407 0.356949 0.348513 -0.076681 0.024658 0.045933 0.361746 0.018611 0.314752 -0.099300 -0.021328 0.305402 0.092618 -0.000491 0.014556 -0.258312 -0.050010 -0.209972 0.039585 0.119023 -0.269196 -0.028162 -0.220201 -0.067887 0.018542 -0.138881 0.068867 -0.031525 -0.209968 -0.162321 0.173698 0.184545 0.128036 0.254226 0.048514
-0.315836 -0.320014 -0.015076 0.270982 0.035997 0.545681 -0.117183 0.086909 -0.006572 0.228051 0.014701 0.183667 0.147729 0.157221 0.338347 0.311567 -0.127248 -0.144872 -0.434712 -0.356855 0.526530 0.611034 0.367022 0.188605 0.385367 0.318731 0.677852 1.000000 0.065901 0.232615 0.253972 0.257370 -0.225104 -0.366267 -0.036965 0.047107 0.129722 0.227100 0.290380 0.270061 0.205783 0.359099 0.328146 0.218793 -0.005584 0.119354 0.108361 -0.050047 0.192689 0.114982 0.197840 0.089882 0.057303 0.124404 0.072277 0.050463 -0.392043 -0.313665 -0.335078 -0.200392 -0.366040 -0.152237 -0.439830 -0.299035 -0.174329 -0.053127 -0.413606 -0.281039 -0.233384 -0.373987 0.147174 0.220543 0.146007 0.236618 0.174272 0.223767 -0.114486 -0.124451 -0.125152 -0.171406 -0.157145 -0.155876 0.170233 0.069692 -0.079278 -0.073506 0.311676 0.511932 0.158082 0.241550 -0.195702 -0.034941 0.280595 0.071433 -0.002243 -0.013104 -0.153495 -0.151966 -0.190499 -0.106652 0.005582 -0.301183 -0.190081 -0.179793 -0.152286 -0.148969 -0.166915 0.059469 -0.071496 -0.275977 -0.113628 0.071549 0.278048 0.082370 0.038923 -0.037807
0.068453 -0.014533 -0.109822 -0.152104 -0.318779 -0.189391 0.222773 -0.154550 0.116986 -0.152101 0.243885 0.127474 0.319333 0.458319 0.431354 0.390978 0.466627 0.569507 0.010274 -0.056393 0.130311 0.313112 0.194083 -0.039174 0.082207 0.137573 0.071925 0.065901 1.000000 0.638335 0.476872 0.410312 0.071761 0.065785 -0.202197 -0.431887 -0.012895 0.048032 0.055691 -0.196012 0.421504 0.131417 -0.076006 -0.166997 0.103802 -0.054199 -0.065990 -0.185889 -0.197950 0.111847 0.091941 0.147122 -0.091319 0.157808 -0.184354 -0.001391 0.181702 0.031265 -0.397697 -0.171287 -0.317299 -0.181677 -0.003774 0.176730 -0.203567 -0.302904 -0.119843 -0.541342 -0.098291 -0.330558 0.495339 0.398122 0.811038 0.475625 0.358929 0.337664 -0.126466 -0.222733 0.350930 0.354135 0.353766 0.388443 0.331652 0.291297 -0.239491 -0.158742 0.272627 0.038290 -0.181567 -0.156837 -0.282734 -0.380042 -0.330392 -0.429499 -0.275051 0.013591 -0.392584 -0.267090 -0.277488 -0.118448 -0.365762 -0.277235 -0.468860 -0.239492 -0.606390 -0.191717 -0.313200 -0.366038 -0.038089 -0.359636 -0.454479 0.010029 0.340307 -0.126741 -0.195697 0.013798
-0.276472 -0.240592 -0.001049 0.167774 -0.245363 -0.075176 0.307278 0.194350 0.285782 0.209409 0.074740 0.339378 0.379136 0.584046 0.473715 0.591326 0.289429 0.561821 -0.258315 -0.393323 0.507816 0.516042 0.185001 -0.126443 0.200166 0.099960 0.186249 0.232615 0.638335 1.000000 0.600807 0.388268 -0.006316 -0.062895 -0.463252 -0.547445 0.170381 0.230260 -0.025830 -0.214959 0.554335 0.479125 0.045615 -0.080051 0.097259 -0.018605 -0.015444 -0.246915 -0.166482 0.230231 0.181565 0.247639 -0.153209 0.212995 -0.311377 -0.029942 -0.066648 -0.231774 -0.446545 -0.135732 -0.300016 -0.093304 -0.101202 -0.037809 -0.157053 -0.128863 -0.269989 -0.588598 -0.317394 -0.535340 0.614369 0.510413 0.851539 0.811313 0.595363 0.667440 -0.116828 -0.165070 0.013668 0.241834 0.100931 0.230852 0.099153 0.346411 -0.388774 -0.082582 0.526326 0.293422 -0.195495 -0.072335 -0.383075 -0.500234 -0.074940 -0.478300 -0.377408 0.096143 -0.370682 -0.244747 -0.340312 -0.221968 -0.153511 -0.395857 -0.308051 -0.424968 -0.577204 -0.312735 -0.235466 -0.262374 0.108506 -0.423640 -0.558193 -0.054743 0.342390 -0.141476 -0.118375 -0.130851
-0.447401 -0.400182 0.377569 0.299384 -0.366358 0.051200 0.538626 0.404104 0.248537 0.237533 0.113063 0.126306 0.441330 0.513791 0.633192 0.561094 0.070792 0.229777 -0.276884 -0.435575 0.297849 0.350982 0.536465 0.294639 0.531617 0.591092 0.260513 0.253972 0.476872 0.600807 1.000000 0.837283 -0.104659 0.019516 -0.261123 -0.286716 -0.194135 0.121169 0.083989 -0.222930 0.458885 0.229560 -0.089295 -0.187390 0.113828 -0.101157 -0.222559 -0.295859 -0.111003 0.152344 0.307513 0.117142 -0.083093 0.056466 -0.531150 -0.133513 -0.234190 -0.323559 -0.424569 -0.149428 -0.260387 -0.191190 -0.233022 -0.114838 0.021990 -0.093960 -0.260014 -0.453276 -0.404676 -0.463276 0.671240 0.619032 0.637203 0.541432 0.323791 0.510422 -0.314028 -0.150641 -0.195222 -0.034253 -0.112457 -0.038650 0.190501 0.214224 -0.320956 -0.133807 0.352859 0.162477 -0.117713 -0.239228 -0.249644 -0.492756 -0.171584 -0.497042 -0.229061 0.022772 -0.348023 -0.157362 -0.392649 -0.210617 -0.142333 -0.382771 -0.387935 -0.513271 -0.531840 -0.348843 -0.273974 -0.163270 0.007500 -0.281112 -0.330402 -0.112755 0.293732 -0.282812 -0.081969 -0.180437
-0.372980 -0.422669 0.311635 0.204766 -0.329956 0.083607 0.448880 0.399686 0.056529 0.126273 0.029342 -0.034964 0.210282 0.271406 0.465968 0.356125 0.043807 0.102974 -0.355716 -0.326771 0.151899 0.331256 0.560280 0.581943 0.570501 0.762624 0.217606 0.257370 0.410312 0.388268 0.837283 1.000000 -0.064013 0.168333 -0.078928 -0.007813 -0.169023 0.059187 0.180520 -0.218383 0.350027 0.178343 -0.016465 -0.102387 0.179099 0.017620 -0.167351 -0.176863 -0.072926 -0.009994 0.294147 -0.034436 -0.229725 -0.053653 -0.498969 -0.182171 -0.246851 -0.294413 -0.430119 -0.266383 -0.258779 -0.339684 -0.273116 -0.134889 0.067930 -0.056299 -0.256510 -0.244284 -0.432484 -0.473133 0.525291 0.544058 0.417557 0.350649 0.138784 0.404456 -0.277119 -0.059883 -0.082819 -0.055918 -0.026319 0.012423 0.225656 0.199482 -0.201021 -0.100423 0.207323 0.082570 -0.068610 -0.445332 -0.232492 -0.451360 -0.136076 -0.414093 -0.192112 0.128657 -0.288005 -0.264059 -0.384960 -0.232124 -0.166155 -0.302252 -0.279646 -0.299049 -0.389110 -0.196297 -0.293105 -0.201951 -0.033564 -0.150599 -0.206964 -0.165959 0.204533 -0.263469 -0.062718 -0.042717
0.434089 0.460235 -0.287814 -0.450231 -0.143466 -0.139062 -0.054442 -0.326503 -0.281577 -0.279001 -0.226290 -0.140241 -0.378000 -0.223184 -0.305724 -0.345358 0.337465 0.223813 0.338106 0.279923 -0.242769 -0.160733 -0.199899 -0.266210 -0.121256 0.053920 -0.174710 -0.225104 0.071761 -0.006316 -0.104659 -0.064013 1.000000 0.642911 -0.010875 0.112370 0.089463 -0.183130 0.041644 -0.239702 -0.162306 -0.214701 -0.154567 0.056695 0.214648 0.198745 0.135524 0.140264 -0.100261 0.089873 -0.160931 0.044083 -0.259262 -0.026014 -0.083555 0.240950 0.430917 0.445105 0.065401 0.198639 -0.119214 0.101986 0.100517 0.174976 -0.025063 -0.182833 0.341251 0.103577 0.209503 -0.001180 -0.144036 -0.253638 0.018510 -0.048841 0.190756 -0.100209 0.250908 0.069474 0.319157 0.389208 0.155488 0.365560 -0.159126 -0.251408 -0.029322 -0.109539 -0.237564 -0.180981 -0.229150 -0.212194 -0.303487 -0.205469 -0.436420 -0.212801 -0.359830 0.022886 0.252956 -0.030233 0.129308 0.021120 -0.252913 -0.005559 -0.010772 0.093329 0.078653 0.085862 -0.033865 -0.126564 0.142964 0.016548 -0.029709 -0.332309 -0.135396 0.025249 -0.034003 0.062819
0.282743 0.328816 -0.165871 -0.199910 -0.267521 -0.203919 0.037212 -0.012931 -0.318183 -0.184263 -0.219033 -0.168193 -0.344300 -0.200566 -0.289779 -0.228375 0.308770 0.195635 0.354108 0.353043 -0.344308 -0.223053 -0.144407 -0.030014 -0.126582 0.135209 -0.181431 -0.366267 0.065785 -0.062895 0.019516 0.168333 0.642911 1.000000 0.161171 0.228675 0.082200 -0.236495 0.043894 -0.212546 -0.149553 -0.289260 -0.337178 -0.169506 0.020553 -0.073251 -0.166279 -0.078595 -0.276499 -0.250190 -0.378057 -0.296627 -0.493563 -0.341127 -0.227245 -0.075273 0.416711 0.312815 0.072383 0.026630 0.154428 0.047405 0.209141 0.297860 0.095642 0.032281 0.324961 0.248796 0.246569 0.152613 -0.209341 -0.219295 -0.024037 -0.186168 -0.079996 -0.209298 0.195157 0.150641 0.312362 0.376078 0.244031 0.370214 -0.114930 -0.059057 0.024419 -0.162449 -0.299431 -0.188805 -0.161884 -0.294915 -0.229959 -0.311511 -0.367704 -0.302852 -0.194103 0.068045 0.167731 0.037602 -0.115500 -0.162871 -0.045949 -0.055142 0.201341 0.174744 0.167387 0.146960 -0.027313 -0.129235 0.063191 0.092270 0.048843 -0.437650 -0.286479 0.041088 0.001139 0.170364
0.201943 0.078300 -0.137103 -0.124412 0.040405 -0.006777 -0.135323 -0.088235 -0.273561 -0.157513 -0.010744 -0.295207 -0.279920 -0.340654 -0.241709 -0.300821 0.015607 -0.170572 0.178773 0.284332 -0.291419 -0.294535 -0.029525 0.242183 -0.077347 0.091640 -0.092001 -0.036965 -0.202197 -0.463252 -0.261123 -0.078928 -0.010875 0.161171 1.000000 0.523913 0.074684 -0.110678 0.009982 0.054591 -0.223872 -0.324037 0.080167 0.039282 -0.082174 -0.117135 -0.017401 0.110357 -0.155398 -0.387619 -0.203096 -0.401854 0.007029 -0.161733 0.063980 -0.270738 0.161561 0.101150 -0.092097 -0.285534 0.220462 -0.201591 0.023540 -0.072336 0.384311 0.136019 -0.094532 0.166091 0.246647 0.180243 -0.446178 -0.352183 -0.446163 -0.522973 -0.447947 -0.355338 0.156298 0.213748 0.122620 -0.041776 0.086854 0.026409 0.078617 -0.017163 0.290788 0.120753 -0.295599 -0.139797 0.266676 -0.147792 0.226242 0.368283 0.240161 0.450071 0.156576 0.091425 -0.028044 0.048748 -0.045907 -0.004132 0.128880 0.315538 0.225394 0.392161 0.293077 0.312279 0.072678 0.022887 -0.035119 0.254081 0.331846 0.052061 -0.161102 0.258740 0.279598 0.128450
0.061666 -0.075661 -0.040115 -0.091421 0.200604 0.240714 -0.175468 0.005079 -0.343689 -0.084273 -0.239388 -0.305383 -0.429716 -0.523061 -0.424901 -0.429832 -0.242647 -0.327419 -0.036484 0.071060 -0.265699 -0.212896 0.114353 0.280701 0.073821 0.308871 -0.057814 0.047107 -0.431887 -0.547445 -0.286716 -0.007813 0.112370 0.228675 0.523913 1.000000 0.090663 -0.120786 0.128478 0.099834 -0.256621 -0.211062 0.125558 0.202139 0.113895 0.250631 0.055376 0.185286 0.165789 -0.238356 -0.076988 -0.311334 -0.191617 -0.211743 0.049053 -0.126520 0.040894 0.081600 0.004733 -0.207968 0.104813 -0.219182 -0.253655 -0.226962 0.306272 0.355261 -0.014490 0.415853 0.054951 0.011775 -0.393990 -0.333113 -0.569248 -0.448549 -0.356132 -0.351058 0.203034 0.288032 0.021620 -0.144663 -0.052422 -0.119861 -0.140831 -0.204683 0.294045 0.163057 -0.290464 -0.093848 0.331263 -0.180948 0.046574 0.203771 0.237342 0.305140 0.200331 0.057302 0.193513 0.142972 0.020759 -0.115027 0.032489 0.154197 0.169652 0.277165 0.334704 0.218181 -0.034074 0.221555 0.083439 0.260888 0.424765 -0.087482 -0.305606 0.229931 0.256907 0.090165
