1.000000 0.438699 0.143648 -0.293416 -0.027816 -0.070876 -0.064681 -0.068709 0.231237 -0.073537 0.275593 0.101966 0.247633 0.202604 0.229577 -0.054111 0.367271 0.399107 0.435437 0.275826 0.010770 -0.074134 -0.212598 -0.490338 0.029207 -0.382841 -0.106497 -0.044897 0.405038 0.290921 -0.049855 -0.233251 0.355791 0.299662 -0.337932 -0.331453 0.348604 0.179907 0.241720 -0.141319 0.215894 0.373738 -0.010896 -0.178309 -0.368134 -0.617479 0.103399 0.033448 -0.033676 -0.261976 -0.114773 -0.094154 0.274363 0.158502 0.223547 0.020551 0.236247 0.078030 0.408354 -0.073331 0.478247 -0.004177 0.329232 0.259755 -0.188690 -0.425045 -0.037966 -0.359647 0.261479 0.017512 0.170019 0.247696 0.545303 0.302250 0.478729 0.393333 0.533234 0.255674 0.155947 0.202140 0.113494 0.113738 0.115009 0.048281 0.026118 -0.302453 -0.110632 -0.231070 -0.059544 0.024118 0.179949 0.079701 -0.379282 -0.331702 0.018890 -0.206204 0.166518 -0.165015 0.351531 0.172344 -0.130679 -0.106435 0.100496 -0.197385 -0.067059 -0.335791 0.004413 0.207277 -0.059476 -0.087136 0.080094 0.118153 0.235209 -0.077569 -0.100305 -0.112762
0.438699 1.000000 -0.316606 -0.487628 -0.007993 -0.105631 -0.506844 -0.262758 -0.088611 -0.164316 -0.328801 -0.157089 -0.251023 -0.225196 -0.159881 -0.101081 0.465174 0.790376 0.178296 0.543401 -0.293589 -0.495261 -0.601026 -0.747900 -0.055276 -0.622343 -0.168344 -0.377619 0.119483 0.565918 -0.532475 -0.612011 0.240939 0.179825 -0.254436 -0.183661 0.421277 0.544947 0.137293 0.044107 0.075823 0.605125 -0.089342 0.019285 -0.296185 -0.512049 0.078284 0.133754 -0.065972 -0.109659 -0.338188 0.023324 0.114928 0.047440 0.268892 0.250322 0.067985 0.705533 0.222533 0.128560 -0.018870 0.150295 0.085247 0.752960 -0.520838 -0.503381 0.042533 -0.124445 0.541357 0.390168 -0.006422 -0.108731 0.228873 0.570054 0.382245 0.138834 0.405971 0.254820 0.296801 0.569816 0.439691 0.577043 -0.070860 0.033233 -0.148036 -0.236911 -0.274896 -0.353841 0.054022 0.409794 0.272223 0.208631 -0.272344 -0.224537 0.004579 0.091447 0.266929 0.083612 0.463238 0.237833 -0.324377 -0.039083 0.327566 -0.206319 -0.001702 -0.025038 -0.065748 0.108854 -0.072440 -0.128225 0.048566 0.274766 0.255527 -0.162994 -0.230266 0.050905
0.143648 -0.316606 1.000000 0.434577 0.249789 0.214343 0.728467 0.425310 0.579396 0.179188 0.636305 0.310165 0.588416 0.335693 0.431041 -0.010561 -0.069096 -0.387000 0.121339 -0.310066 0.006159 0.010617 0.664385 0.363107 0.279533 0.210170 0.098085 0.139406 0.135333 -0.436259 0.568789 0.375103 0.037537 0.113792 -0.033874 -0.224698 -0.426782 -0.487510 -0.027101 -0.285019 -0.039297 -0.368885 0.083255 -0.133410 0.031974 -0.020274 -0.109588 -0.113973 0.065656 -0.147457 0.332957 -0.123111 0.038410 0.045838 -0.210649 -0.177988 -0.396168 -0.510617 0.005358 -0.280845 0.242115 -0.418795 0.080815 -0.412279 0.383687 -0.001924 -0.082725 -0.058970 -0.481712 -0.282627 0.140035 0.130371 -0.007616 -0.453748 -0.212815 -0.237231 -0.210584 -0.341126 -0.235797 -0.305339 -0.458921 -0.442824 0.201000 -0.094408 0.030637 0.030805 0.061527 0.126380 -0.226304 -0.519951 -0.111879 0.070075 0.025532 0.008666 -0.164434 -0.413807 -0.239691 -0.343506 -0.146597 -0.269902 0.097908 -0.242801 -0.333700 -0.252113 -0.173375 -0.276051 -0.012319 -0.114482 -0.157154 -0.139707 -0.131216 -0.212638 -0.158795 -0.189181 -0.008569 -0.230722
-0.293416 -0.487628 0.434577 1.000000 0.154636 0.171379 0.643447 0.824168 0.153013 0.365956 0.437824 0.447815 0.263871 0.387105 0.119608 0.181361 -0.380516 -0.468441 0.155777 -0.327402 0.155560 0.283457 0.513435 0.580428 0.072205 0.654586 0.053935 0.276445 0.039614 -0.330047 0.502698 0.639652 -0.006476 0.245297 0.077309 0.148930 -0.455755 -0.441267 -0.254312 -0.003213 0.040632 -0.549871 -0.171757 -0.254904 0.151040 0.330948 -0.332121 -0.268835 -0.038398 -0.154185 0.081372 -0.395643 -0.357204 -0.238362 -0.535233 -0.335724 -0.162988 -0.549764 -0.490550 -0.358052 -0.111698 -0.309162 -0.020967 -0.573412 0.537210 0.357357 -0.416286 0.007063 -0.579348 -0.486923 0.076572 0.294051 -0.169435 -0.186051 -0.206458 -0.027321 -0.188725 -0.063851 -0.220089 -0.344193 -0.271868 -0.392286 0.307625 0.295141 0.124473 0.290024 0.206127 0.465137 -0.096010 -0.489854 -0.270285 -0.117843 0.338730 0.120364 -0.119586 -0.115944 -0.516820 -0.326700 -0.411453 -0.461036 0.193930 -0.213503 -0.406576 -0.116031 -0.067084 -0.120074 -0.142093 -0.070923 -0.046680 -0.177588 -0.379341 -0.331599 -0.308235 -0.157134 0.106962 -0.231422
-0.027816 -0.007993 0.249789 0.154636 1.000000 0.683791 0.275770 0.201152 0.314319 0.405765 0.039787 -0.148442 0.284448 -0.076207 0.174909 0.314742 0.091530 -0.111210 0.136318 0.194568 0.407852 0.040042 0.096344 0.061920 0.239595 0.013596 0.573808 0.324070 0.210379 0.181074 -0.033198 -0.107264 -0.171100 -0.353461 -0.308931 -0.354087 -0.036785 -0.041116 0.110630 0.120920 0.274779 0.050581 -0.003594 0.127533 0.092370 0.028536 0.107614 0.103804 0.153303 0.037203 -0.179594 -0.017444 0.020344 0.214671 -0.171650 0.124124 0.121906 -0.132946 -0.157188 -0.172700 -0.485005 -0.449457 -0.273487 -0.230924 -0.196760 -0.298361 -0.215453 -0.074928 -0.114235 0.054665 0.438709 0.013523 0.052159 0.185078 -0.189103 -0.092827 -0.141076 -0.216512 -0.099403 -0.155991 0.066391 -0.001504 0.209947 0.203847 -0.352724 -0.199402 -0.151251 0.016593 -0.201725 0.078667 0.043064 0.137984 -0.008113 0.259453 -0.173815 -0.031536 0.044332 -0.217439 0.050319 -0.126572 -0.124330 -0.027921 -0.276807 -0.153464 -0.135815 -0.122475 0.058042 -0.121910 -0.024335 -0.322831 -0.027451 0.012723 -0.036294 -0.191070 -0.208807 -0.186308
-0.070876 -0.105631 0.214343 0.171379 0.683791 1.000000 0.067337 0.209158 0.235139 0.748945 -0.022069 0.117116 0.150718 0.105473 0.150626 0.373763 -0.075193 -0.180080 -0.223666 -0.173181 0.221314 0.150124 -0.006905 0.079658 0.244606 0.280165 0.543794 0.514984 -0.188518 0.019454 -0.245981 -0.277654 -0.371240 -0.521386 -0.019595 0.001013 0.005816 0.108659 0.314781 0.251134 0.241113 -0.014443 0.083812 0.091919 -0.038917 0.070906 0.111056 0.211789 0.188560 -0.052647 0.078023 0.031386 0.134665 0.134194 0.102965 0.242784 -0.060964 -0.219573 -0.007320 -0.163953 -0.245496 -0.219560 -0.442839 -0.267325 -0.083945 0.089912 -0.066535 0.174091 -0.158769 0.028045 0.222548 -0.208462 -0.180031 0.045142 -0.354211 -0.169003 -0.329755 -0.192030 -0.188276 -0.169651 -0.118229 -0.076240 -0.011038 0.051496 -0.239517 -0.050630 0.089709 0.065176 0.017142 0.074866 0.006549 0.038312 0.057487 0.059328 -0.108282 -0.107701 0.277978 -0.138066 0.038768 -0.153584 -0.154024 -0.143579 -0.308882 -0.270559 -0.104817 -0.158607 -0.072921 -0.066048 0.005950 -0.181736 0.188624 -0.029650 -0.100684 -0.219625 -0.042407 -0.121687
-0.064681 -0.506844 0.728467 0.643447 0.275770 0.067337 1.000000 0.651258 0.455641 0.086773 0.598297 0.290775 0.575342 0.334550 0.372973 0.187373 -0.256903 -0.434976 0.169259 -0.298986 0.195396 0.235321 0.598789 0.478669 -0.026232 0.364777 0.013264 0.092452 0.250643 -0.311963 0.616437 0.604263 -0.010392 0.165637 -0.006969 -0.079439 -0.463185 -0.564628 -0.156853 -0.323087 0.053668 -0.512098 -0.026791 -0.133087 0.175699 0.187402 -0.103485 -0.219461 -0.074366 -0.115470 0.171542 -0.264908 -0.219759 -0.002564 -0.485778 -0.362255 -0.178174 -0.595691 -0.346856 -0.412578 0.006244 -0.419747 0.254981 -0.421394 0.499713 0.127656 -0.295843 -0.181822 -0.509251 -0.533397 0.063736 0.190616 -0.027206 -0.314945 -0.226475 -0.167851 -0.237132 -0.300880 -0.218324 -0.336013 -0.309394 -0.310276 0.371345 0.262112 0.099181 0.258168 0.130537 0.278890 -0.243677 -0.599285 -0.206704 -0.112389 0.201574 0.032389 -0.233393 -0.327646 -0.475303 -0.488673 -0.267341 -0.397884 0.046188 -0.288906 -0.481983 -0.196626 -0.259807 -0.279573 -0.062048 -0.126083 -0.236382 -0.281663 -0.260761 -0.189498 -0.112059 -0.247081 -0.004221 -0.300661
-0.068709 -0.262758 0.425310 0.824168 0.201152 0.209158 0.651258 1.000000 0.259925 0.342080 0.475712 0.506416 0.409787 0.534262 0.155025 0.228659 -0.223308 -0.189882 0.056626 -0.338350 0.181441 0.240703 0.305414 0.301786 -0.000155 0.498084 0.008191 0.155626 0.220882 -0.080197 0.389376 0.495826 0.044709 0.251506 -0.080344 0.059658 -0.322008 -0.295142 -0.223599 -0.056206 0.208005 -0.494831 -0.129767 -0.150008 0.064161 0.145477 -0.165148 -0.162341 -0.040574 -0.158689 0.021778 -0.322652 -0.245572 -0.090257 -0.387692 -0.173840 -0.133608 -0.547485 -0.415003 -0.354235 -0.067075 -0.260320 0.020261 -0.283382 0.329836 0.252374 -0.455523 -0.185746 -0.492603 -0.590101 0.052166 0.237825 0.021920 -0.043174 -0.085876 -0.001267 -0.130273 -0.095261 -0.208914 -0.188399 -0.242442 -0.174903 0.260774 0.314791 -0.003587 0.268638 0.054145 0.272790 -0.184756 -0.400229 -0.162451 -0.185440 0.231841 -0.120594 -0.227097 -0.177589 -0.359483 -0.403103 -0.240534 -0.390460 0.120875 -0.283759 -0.420885 -0.291650 -0.213917 -0.408689 -0.178158 -0.078097 -0.197209 -0.214030 -0.305161 -0.253068 -0.248982 -0.332494 -0.039386 -0.405736
0.231237 -0.088611 0.579396 0.153013 0.314319 0.235139 0.455641 0.259925 1.000000 0.298539 0.414226 0.380497 0.310317 0.347700 0.513515 0.035740 -0.157215 -0.070998 -0.021199 -0.141194 0.025057 -0.172022 0.373257 0.099264 0.437934 0.087311 0.261082 0.052647 0.030199 -0.190712 0.183400 -0.014330 -0.117842 0.016913 -0.049422 -0.188771 -0.157096 -0.232754 0.189192 -0.210341 0.003841 -0.057146 -0.044066 -0.182317 -0.174589 -0.316066 -0.053447 0.005709 -0.102465 -0.369981 0.153035 -0.226715 0.067742 0.190866 -0.145226 -0.036919 -0.337066 -0.385899 0.003612 -0.469599 0.250300 -0.390210 0.212702 -0.191745 0.428727 -0.040353 -0.171570 -0.083587 -0.359303 -0.127256 0.232983 0.087767 -0.027747 -0.040438 0.099676 0.078288 0.076914 -0.081537 -0.138578 -0.034018 -0.319751 -0.233710 0.268234 -0.061367 0.247948 0.156066 0.143238 0.112521 0.028228 -0.331598 0.274264 0.284597 0.230068 -0.046655 -0.103120 -0.230466 -0.186105 -0.260159 0.111028 -0.013194 -0.009972 -0.365226 -0.293530 -0.473707 -0.214311 -0.290224 0.006016 -0.112695 -0.122669 -0.130359 0.103795 0.086163 -0.024331 -0.323635 -0.055191 -0.142695
-0.073537 -0.164316 0.179188 0.365956 0.405765 0.748945 0.086773 0.342080 0.298539 1.000000 0.138784 0.478657 0.107333 0.406906 0.314788 0.438611 -0.314644 -0.258918 -0.235965 -0.325356 0.155576 0.138325 0.131147 0.189913 0.312794 0.414143 0.468765 0.525587 -0.310163 -0.157802 -0.107893 -0.098387 -0.398445 -0.360755 0.039668 0.100936 -0.132006 0.020843 0.234657 0.318563 0.098728 -0.207791 0.001136 -0.109390 -0.106897 -0.009270 -0.049992 0.116752 0.013894 -0.172428 0.027490 -0.126395 -0.019937 0.034474 -0.124085 0.171995 -0.173062 -0.368724 -0.191308 -0.323148 -0.088398 -0.154316 -0.290281 -0.367322 0.218571 0.346242 -0.200740 0.257032 -0.326375 -0.038840 0.176185 -0.000336 -0.329832 0.034963 -0.222087 0.010991 -0.183229 -0.032895 -0.330339 -0.228511 -0.316657 -0.259900 0.108562 0.030649 -0.033705 0.136476 0.236489 0.327973 0.131237 -0.130451 0.072952 0.092124 0.231911 0.009582 -0.070018 -0.046730 0.119283 -0.112225 0.041105 -0.089900 0.041512 -0.236948 -0.241482 -0.278701 -0.139675 -0.195937 -0.059106 0.090173 0.064785 -0.101044 0.128459 -0.067280 -0.197727 -0.265144 -0.050759 -0.152424
0.275593 -0.328801 0.636305 0.437824 0.039787 -0.022069 0.598297 0.475712 0.414226 0.138784 1.000000 0.521259 0.787423 0.609424 0.504524 -0.007695 -0.011735 -0.300063 0.179052 -0.374220 0.056912 0.127029 0.537965 0.192525 0.101617 0.260506 -0.043345 0.132242 0.349706 -0.363473 0.660465 0.516732 0.160018 0.337783 -0.127338 -0.144160 -0.291193 -0.333657 -0.005234 -0.027087 0.213744 -0.361883 -0.123810 -0.336328 0.036307 -0.026633 -0.297621 -0.321531 -0.026858 -0.142546 0.162520 -0.292409 -0.191359 -0.146933 -0.350422 -0.359144 -0.055362 -0.518494 -0.138952 -0.337751 0.381458 -0.217056 0.186343 -0.446444 0.521827 0.227945 -0.205454 -0.112336 -0.500022 -0.353693 0.119109 0.384399 0.190538 -0.323686 0.021591 0.030210 0.054811 -0.047855 -0.173415 -0.232507 -0.375466 -0.341985 0.312441 0.004655 0.128953 0.131867 0.015489 0.255363 -0.259810 -0.601947 -0.310481 -0.159815 -0.111762 -0.002294 -0.147251 -0.257226 -0.310297 -0.306733 -0.255095 -0.301646 0.200282 -0.082722 -0.254250 -0.067815 -0.021655 -0.296887 0.028669 -0.013392 -0.084627 -0.042890 -0.253000 -0.288377 -0.209885 -0.128636 0.063301 -0.136464
0.101966 -0.157089 0.310165 0.447815 -0.148442 0.117116 0.290775 0.506416 0.380497 0.478657 0.521259 1.000000 0.247872 0.835769 0.518065 0.327204 -0.373016 -0.089751 -0.133655 -0.472738 -0.022517 0.223419 0.333058 0.159856 0.025529 0.414479 0.096562 0.277565 -0.110189 -0.215933 0.223970 0.273309 -0.057005 0.213209 -0.008980 0.176491 -0.123746 -0.017051 0.123020 0.195924 0.265856 -0.246376 -0.161497 -0.373443 -0.315152 -0.163810 -0.283473 -0.137582 -0.248517 -0.319889 0.106334 -0.232887 -0.145381 -0.068463 -0.229618 -0.038048 -0.311154 -0.515004 -0.344626 -0.529124 0.274213 -0.086319 0.063459 -0.260423 0.537928 0.491227 -0.278843 0.085746 -0.319343 -0.210760 -0.073325 0.306234 -0.221029 -0.082973 0.021861 0.115469 0.080470 0.133184 -0.303352 -0.056883 -0.424569 -0.140253 0.399752 0.137566 0.347292 0.538017 0.353269 0.431110 0.166738 -0.362781 -0.176664 0.019802 0.159325 -0.149225 -0.078233 -0.104611 -0.240159 -0.140731 -0.204267 -0.271694 0.089959 -0.289734 -0.438515 -0.356469 -0.240582 -0.404456 -0.028355 0.100769 -0.126522 0.015072 -0.024866 -0.308576 -0.328644 -0.276759 0.024051 -0.196516
0.247633 -0.251023 0.588416 0.263871 0.284448 0.150718 0.575342 0.409787 0.310317 0.107333 0.787423 0.247872 1.000000 0.472781 0.393759 0.069588 0.262298 -0.251446 0.116277 -0.177661 0.208993 0.143405 0.470659 0.173850 0.104549 0.111040 0.077557 0.051069 0.573212 -0.106604 0.581952 0.412465 0.151743 0.117300 -0.218597 -0.353637 -0.094408 -0.274317 0.036272 -0.169153 0.354559 -0.307839 -0.025201 -0.117088 0.123315 -0.053664 -0.027253 -0.241491 0.129558 0.012223 0.280636 -0.110521 -0.004303 0.038918 -0.103523 -0.269405 0.087167 -0.402742 -0.048921 -0.211471 0.160064 -0.294102 0.091193 -0.307067 0.154770 -0.051130 -0.199512 -0.322201 -0.336323 -0.390345 0.135385 0.206575 0.379554 -0.291610 -0.035092 -0.061939 -0.063679 -0.264888 -0.119594 -0.248613 -0.156364 -0.175372 0.205552 0.105978 -0.171718 -0.060564 -0.163107 0.072927 -0.482693 -0.459081 -0.282605 -0.365688 -0.216079 -0.126506 -0.270693 -0.324347 -0.119495 -0.396967 -0.160415 -0.299868 0.091701 -0.107319 -0.260517 -0.049797 -0.106424 -0.346201 0.031461 -0.003600 -0.117809 -0.108242 -0.142496 -0.168902 -0.198376 -0.161220 -0.070184 -0.236024
0.202604 -0.225196 0.335693 0.387105 -0.076207 0.105473 0.334550 0.534262 0.347700 0.406906 0.609424 0.835769 0.472781 1.000000 0.404170 0.287146 -0.224519 -0.119613 -0.078171 -0.422593 0.202213 0.302244 0.353214 0.155725 0.116298 0.368029 -0.001063 0.180424 0.117700 -0.093205 0.384384 0.336885 0.007594 0.157349 -0.190173 -0.084710 -0.128321 -0.176682 -0.057379 0.055840 0.349272 -0.326495 -0.109718 -0.323411 -0.210111 -0.172484 -0.193638 -0.172242 -0.075685 -0.200961 0.230726 -0.139452 -0.035626 0.003293 -0.166883 -0.079600 -0.155099 -0.494853 -0.181554 -0.308394 0.322434 -0.042913 0.075429 -0.246219 0.378084 0.346329 -0.199937 -0.115687 -0.365742 -0.326461 0.011941 0.428470 0.031391 -0.106882 0.085140 0.216741 0.065930 0.015411 -0.253257 -0.142160 -0.365557 -0.208969 0.238560 0.081415 0.143420 0.280801 0.140160 0.289584 0.002045 -0.352401 -0.220846 -0.177555 -0.005063 -0.222787 -0.130440 -0.162726 -0.220744 -0.217492 -0.213131 -0.263916 0.156990 -0.178470 -0.375833 -0.221215 -0.178108 -0.464337 0.029553 0.167447 -0.171994 -0.016671 -0.164272 -0.336905 -0.282120 -0.214775 0.026409 -0.244942
0.229577 -0.159881 0.431041 0.119608 0.174909 0.150626 0.372973 0.155025 0.513515 0.314788 0.504524 0.518065 0.393759 0.404170 1.000000 0.509959 -0.311976 -0.145376 -0.090403 -0.255399 0.205971 0.198279 0.434792 0.166502 0.088143 0.205371 0.423293 0.410696 -0.050916 -0.212530 0.228024 0.099817 -0.294985 -0.160286 -0.047952 -0.107909 -0.071897 -0.050861 0.341819 0.036533 0.172441 -0.076730 -0.001072 -0.228869 -0.318047 -0.394369 -0.042462 -0.015208 -0.328955 -0.366952 0.069094 -0.113233 0.075521 0.299636 -0.009382 -0.007973 -0.263281 -0.423045 -0.248636 -0.565695 0.200508 -0.331349 0.204219 -0.279369 0.436941 0.121728 -0.274820 0.007005 -0.232603 -0.074376 -0.101855 0.074878 -0.195921 -0.072460 -0.053396 -0.140947 -0.043662 -0.125659 -0.304525 -0.066557 -0.442739 -0.132261 0.524922 0.100919 0.376217 0.394451 0.379863 0.188984 0.209538 -0.234325 0.047397 0.117272 0.126933 -0.061829 -0.002996 -0.182476 -0.089531 -0.109140 0.008162 -0.075266 -0.104365 -0.402640 -0.365828 -0.426166 -0.224344 -0.339405 -0.036429 -0.014979 -0.108102 -0.032099 0.262825 -0.023301 -0.001863 -0.298991 -0.002316 -0.005717
-0.054111 -0.101081 -0.010561 0.181361 0.314742 0.373763 0.187373 0.228659 0.035740 0.438611 -0.007695 0.327204 0.069588 0.287146 0.509959 1.000000 -0.369958 -0.093521 -0.047293 -0.133715 0.517035 0.496844 0.075991 0.109759 -0.135838 0.382805 0.501882 0.579724 -0.127598 0.138775 -0.073136 0.067297 -0.343699 -0.377797 0.020045 -0.023697 0.034433 0.112425 0.244549 0.207398 0.354559 -0.067923 -0.094526 -0.117862 -0.321984 -0.286162 0.078246 0.085972 -0.333946 -0.279970 -0.188043 -0.091159 -0.031106 0.220928 -0.099431 0.156753 -0.016228 -0.287086 -0.338121 -0.332807 -0.262331 -0.219471 0.072858 -0.112920 0.087303 0.065126 -0.267677 0.028504 -0.028946 -0.146014 -0.061150 0.081668 -0.290731 0.149624 -0.255670 -0.065637 -0.112285 -0.005498 -0.361471 -0.167922 -0.177731 0.007522 0.497973 0.570923 0.098978 0.487353 0.350598 0.364674 0.207495 0.099804 0.071657 0.057148 0.260560 -0.027335 0.010392 0.042775 -0.023872 -0.045542 -0.017383 -0.149854 -0.122434 -0.250932 -0.244142 -0.197409 -0.196634 -0.168043 -0.064698 0.140882 -0.221348 -0.121266 0.187006 -0.100485 -0.071874 -0.297974 -0.056321 -0.084976
0.367271 0.465174 -0.069096 -0.380516 0.091530 -0.075193 -0.256903 -0.223308 -0.157215 -0.314644 -0.011735 -0.373016 0.262298 -0.224519 -0.311976 -0.369958 1.000000 0.464394 0.266925 0.425827 -0.151261 -0.270640 -0.296538 -0.383554 -0.019346 -0.457632 -0.210321 -0.318049 0.639578 0.454695 -0.054686 -0.202268 0.538933 0.260242 -0.283533 -0.338542 0.468648 0.230723 0.125626 -0.035598 0.267423 0.372356 -0.053053 0.020469 -0.108438 -0.271104 0.075770 -0.099534 0.151238 0.029151 -0.058949 0.036987 0.226126 -0.013413 0.282837 -0.039356 0.408834 0.482681 0.423527 0.297479 0.074656 0.142591 0.015767 0.430291 -0.502344 -0.440963 0.009556 -0.472919 0.331250 -0.000210 0.237594 -0.013148 0.703539 0.209011 0.384189 0.108734 0.282990 0.047675 0.608037 0.385245 0.585283 0.387395 -0.275972 -0.092364 -0.427999 -0.556679 -0.538940 -0.310063 -0.412513 0.188844 0.004477 -0.142672 -0.347026 -0.107827 0.019527 0.008471 0.231325 -0.034252 0.088893 0.013866 -0.097667 0.144783 0.241696 0.078872 0.183484 0.045873 0.196034 0.047527 0.022953 0.062944 -0.079725 0.075057 0.036270 -0.009906 -0.176642 0.017037
0.399107 0.790376 -0.387000 -0.468441 -0.111210 -0.180080 -0.434976 -0.189882 -0.070998 -0.258918 -0.300063 -0.089751 -0.251446 -0.119613 -0.145376 -0.093521 0.464394 1.000000 0.082057 0.410036 -0.207795 -0.292987 -0.598330 -0.634081 -0.184332 -0.450189 -0.231533 -0.393069 0.250332 0.778160 -0.506010 -0.511531 0.263911 0.237852 -0.253246 0.019635 0.617849 0.609722 0.249367 0.149470 0.267848 0.608700 -0.223342 -0.080109 -0.435639 -0.507229 -0.011322 -0.005619 -0.302642 -0.298084 -0.314937 -0.110660 0.038779 0.006616 0.318513 0.061641 0.171140 0.652568 0.115456 0.001663 0.071159 0.245945 0.272976 0.808828 -0.403715 -0.316973 -0.091506 -0.308509 0.480662 0.193102 -0.149946 -0.067433 0.389646 0.681135 0.546267 0.258894 0.443208 0.316217 0.568162 0.811505 0.589469 0.812619 -0.061944 0.049705 0.075488 -0.050113 -0.235187 -0.333824 0.200203 0.380229 0.135050 0.044201 -0.207535 -0.301111 0.120685 0.172303 0.156393 0.055381 0.220147 0.060547 -0.439180 -0.095355 0.083806 -0.294225 -0.012698 -0.128835 -0.115302 -0.043241 -0.072926 -0.103353 0.051097 0.263477 0.200681 -0.238536 -0.127390 0.027645
0.435437 0.178296 0.121339 0.155777 0.136318 -0.223666 0.169259 0.056626 -0.021199 -0.235965 0.179052 -0.133655 0.116277 -0.078171 -0.090403 -0.047293 0.266925 0.082057 1.000000 0.505582 0.178350 -0.035106 0.027526 -0.126151 -0.101051 -0.169216 -0.119063 -0.062569 0.478801 0.146944 0.259424 0.270846 0.530206 0.541527 -0.241598 -0.293622 0.021028 -0.162191 -0.089123 -0.196274 0.025843 0.108563 -0.245855 -0.340493 -0.146011 -0.217356 -0.224911 -0.226180 -0.093274 -0.180319 -0.435606 -0.382034 -0.165977 -0.212618 -0.333821 -0.350522 0.377676 0.150574 0.067442 0.027900 0.001616 -0.213578 0.331482 -0.061949 -0.086357 -0.437351 -0.119997 -0.279537 0.246335 -0.009211 0.384864 0.504934 0.435845 0.181535 0.251521 0.321966 0.496907 0.370867 0.189692 -0.049550 0.333763 -0.041714 0.366666 0.399906 0.023727 -0.239432 -0.152023 0.114819 -0.160823 -0.123003 -0.003855 0.220345 -0.144178 0.162773 -0.014213 -0.126609 -0.292873 -0.304698 -0.073271 -0.114778 0.014028 0.131802 0.094619 0.176277 0.096226 0.008556 -0.040706 0.080099 -0.020273 -0.251338 -0.316767 -0.134333 -0.034975 0.014628 -0.087875 -0.198002
0.275826 0.543401 -0.310066 -0.327402 0.194568 -0.173181 -0.298986 -0.338350 -0.141194 -0.325356 -0.374220 -0.472738 -0.177661 -0.422593 -0.255399 -0.133715 0.425827 0.410036 0.505582 1.000000 0.160332 -0.315431 -0.299168 -0.225814 0.009086 -0.536333 -0.091221 -0.340861 0.357968 0.526141 -0.157197 -0.214413 0.299537 0.195285 -0.416289 -0.441495 0.317962 0.161749 -0.019632 -0.228378 0.102422 0.561324 -0.007964 0.099842 -0.092461 -0.221001 0.150663 0.083450 0.041158 0.051282 -0.358325 0.014557 0.056298 0.092562 0.069645 0.018909 0.348174 0.527085 0.045573 0.077834 -0.342260 -0.213962 0.082428 0.299438 -0.545245 -0.720637 -0.116759 -0.229790 0.488166 0.411892 0.331469 0.176199 0.446209 0.451362 0.337568 0.242566 0.300536 0.147379 0.302062 0.198805 0.647299 0.305551 0.032675 0.140179 -0.171478 -0.430993 -0.375745 -0.341300 -0.111986 0.268337 0.222854 0.133487 -0.261027 -0.083606 0.117118 0.223724 0.055927 0.129035 0.309505 0.264219 -0.296241 0.025286 0.249437 0.061631 0.039861 0.206041 0.152289 0.199860 0.099879 -0.060156 -0.042742 0.278042 0.337674 0.070936 -0.254737 0.128728
0.010770 -0.293589 0.006159 0.155560 0.407852 0.221314 0.195396 0.181441 0.025057 0.155576 0.056912 -0.022517 0.208993 0.202213 0.205971 0.517035 -0.151261 -0.207795 0.178350 0.160332 1.000000 0.549968 0.209862 0.330396 0.049174 0.331954 0.427100 0.359463 0.256575 0.152970 0.315246 0.331092 -0.178361 -0.245933 -0.226702 -0.231212 -0.049997 -0.203209 0.023508 0.015924 0.398290 -0.167767 0.016711 0.023688 -0.079852 -0.066571 0.161937 0.101782 -0.039524 -0.069456 -0.148381 0.007466 0.073280 0.311548 -0.049222 -0.007687 0.278214 -0.294555 -0.250607 -0.203841 -0.344865 -0.359838 0.025722 -0.314930 -0.102857 -0.219291 -0.349523 -0.199863 -0.160001 -0.162569 0.325881 0.327130 0.219017 0.119002 -0.098887 0.176978 -0.048746 -0.040896 -0.208757 -0.260898 -0.009791 -0.180199 0.313092 0.319690 -0.125101 0.032767 -0.005590 0.073080 -0.084668 0.030701 0.040025 -0.075950 0.080597 -0.014677 0.177337 0.139693 -0.064269 -0.011919 -0.074736 0.009572 0.092676 -0.044214 -0.164630 0.020899 -0.013515 -0.167744 0.017943 0.265078 0.003969 -0.008607 0.088470 0.040561 0.033942 -0.004174 -0.029686 -0.162690
-0.074134 -0.495261 0.010617 0.283457 0.040042 0.150124 0.235321 0.240703 -0.172022 0.138325 0.127029 0.223419 0.143405 0.302244 0.198279 0.496844 -0.270640 -0.292987 -0.035106 -0.315431 0.549968 1.000000 0.170337 0.414719 -0.155923 0.667795 0.192058 0.625126 0.065405 0.003212 0.203976 0.373343 -0.111778 -0.086035 0.139539 0.265284 0.084567 -0.020514 0.183396 0.202318 0.369127 -0.220204 -0.015228 -0.040820 -0.164381 0.088398 0.067029 0.062291 -0.195673 -0.155172 0.068488 -0.072375 -0.021892 0.154948 0.006756 -0.090690 0.095634 -0.470701 -0.247508 -0.225495 -0.078579 -0.156780 0.057122 -0.364442 0.164213 0.208952 -0.244270 -0.134001 -0.147010 -0.451818 -0.069350 0.217089 0.021621 -0.103608 -0.179765 0.073164 -0.072028 0.064766 -0.056996 -0.143652 -0.129264 -0.092551 0.244189 0.394082 0.116977 0.286590 0.365877 0.301649 0.060410 -0.103109 -0.239333 -0.216851 0.230409 -0.055484 0.129533 -0.072899 0.020123 -0.088774 -0.320517 -0.238914 0.062285 -0.135848 -0.322351 -0.018282 -0.002316 -0.217816 -0.128667 0.243171 -0.072504 0.040861 0.184429 -0.136198 -0.092405 0.014391 0.134195 -0.238590
-0.212598 -0.601026 0.664385 0.513435 0.096344 -0.006905 0.598789 0.305414 0.373257 0.131147 0.537965 0.333058 0.470659 0.353214 0.434792 0.075991 -0.296538 -0.598330 0.027526 -0.299168 0.209862 0.170337 1.000000 0.771825 0.342127 0.465528 0.266871 0.242371 0.023651 -0.601127 0.717071 0.670868 -0.151467 0.038692 0.113735 -0.117750 -0.457904 -0.554682 -0.048382 -0.139542 0.011883 -0.494046 -0.162676 -0.286799 0.085629 0.174325 -0.294191 -0.355454 -0.104558 -0.096990 0.356374 -0.230272 -0.151889 -0.087576 -0.319677 -0.394338 -0.252782 -0.548772 -0.290534 -0.330238 0.051213 -0.394978 0.064502 -0.653444 0.589034 0.232051 -0.175477 0.030229 -0.520033 -0.240603 0.075713 0.280850 -0.194034 -0.510350 -0.248469 -0.122667 -0.215622 -0.229228 -0.341729 -0.439095 -0.451760 -0.504561 0.394064 -0.026477 0.302851 0.282418 0.304837 0.394941 -0.078705 -0.570096 -0.279228 -0.166045 0.145079 0.166947 -0.017990 -0.136953 -0.455141 -0.150753 -0.470605 -0.412381 0.149650 -0.193848 -0.415021 -0.031205 -0.111504 -0.044948 0.083225 -0.058854 -0.009678 0.049056 -0.109219 -0.368487 -0.395894 -0.113320 0.084445 -0.056477
-0.490338 -0.747900 0.363107 0.580428 0.061920 0.079658 0.478669 0.301786 0.099264 0.189913 0.192525 0.159856 0.173850 0.155725 0.166502 0.109759 -0.383554 -0.634081 -0.126151 -0.225814 0.330396 0.414719 0.771825 1.000000 0.209040 0.659479 0.186529 0.309834 -0.083543 -0.461695 0.550328 0.648964 -0.310992 -0.092291 0.176498 0.110516 -0.397311 -0.547836 -0.084802 -0.123760 -0.000623 -0.500417 -0.010245 -0.058265 0.172800 0.449423 -0.144893 -0.180027 -0.065557 -0.008876 0.315051 -0.119256 -0.138015 -0.027017 -0.247209 -0.336843 -0.165612 -0.529754 -0.412121 -0.294495 -0.194688 -0.358368 -0.044381 -0.678364 0.461435 0.318940 -0.315181 0.050449 -0.553570 -0.313935 0.037414 0.171790 -0.238189 -0.399903 -0.346785 -0.137178 -0.405339 -0.235277 -0.217478 -0.415450 -0.270034 -0.444572 0.198620 0.011254 0.226297 0.254801 0.269523 0.305688 -0.014586 -0.429493 -0.271485 -0.242901 0.320710 0.091561 0.111645 0.000025 -0.345721 -0.026153 -0.482532 -0.339407 0.097507 -0.252586 -0.416312 0.003197 -0.050653 0.126145 0.070028 0.014818 0.096197 0.081996 -0.068745 -0.240072 -0.249154 -0.006401 0.149980 -0.010210
0.029207 -0.055276 0.279533 0.072205 0.239595 0.244606 -0.026232 -0.000155 0.437934 0.312794 0.101617 0.025529 0.104549 0.116298 0.088143 -0.135838 -0.019346 -0.184332 -0.101051 0.009086 0.049174 -0.155923 0.342127 0.209040 1.000000 0.056761 0.316044 0.207087 -0.136127 -0.275289 0.073330 -0.079658 -0.121701 -0.126358 0.117270 -0.130444 -0.047731 -0.064271 0.123985 -0.066313 -0.188680 0.018806 -0.006374 -0.068926 -0.001499 -0.086564 -0.007817 0.059026 0.068561 -0.110803 0.195348 -0.106162 0.111598 0.033748 0.040242 0.043581 -0.261335 -0.186219 0.103199 -0.070393 0.055939 -0.314704 -0.153193 -0.306999 0.169407 -0.115941 0.042677 0.163312 -0.281045 0.108388 0.320162 0.114659 -0.072547 -0.016608 0.124492 0.179586 0.081709 0.023421 -0.136853 -0.204829 -0.253716 -0.400555 -0.033810 -0.289515 -0.008616 -0.163389 0.032141 0.037013 -0.022623 -0.159671 0.322727 0.169098 0.130960 0.018701 -0.089428 -0.022875 0.077672 0.018702 0.102153 0.103612 0.101040 -0.189454 0.052443 -0.201738 0.132654 0.060641 0.065141 -0.175054 0.113557 0.113344 0.245924 0.048110 -0.084054 -0.066996 0.013541 0.075002
-0.382841 -0.622343 0.210170 0.654586 0.013596 0.280165 0.364777 0.498084 0.087311 0.414143 0.260506 0.414479 0.111040 0.368029 0.205371 0.382805 -0.457632 -0.450189 -0.169216 -0.536333 0.331954 0.667795 0.465528 0.659479 0.056761 1.000000 0.242123 0.574573 -0.158783 -0.303402 0.314972 0.519867 -0.272454 -0.012372 0.376302 0.446961 -0.214305 -0.228194 0.120692 0.254492 0.219386 -0.488868 -0.210836 -0.227978 -0.106129 0.260768 -0.218800 -0.108378 -0.276477 -0.322745 0.181647 -0.341729 -0.265255 -0.103341 -0.234823 -0.235563 -0.095612 -0.557754 -0.402109 -0.395800 -0.080891 -0.226184 -0.002643 -0.541973 0.567556 0.517103 -0.348537 0.056922 -0.468694 -0.489893 -0.122936 0.133138 -0.272094 -0.234706 -0.332001 -0.008729 -0.218018 0.062633 -0.179590 -0.229042 -0.318171 -0.297209 0.317928 0.265340 0.320503 0.538655 0.472964 0.578289 0.113935 -0.378229 -0.263878 -0.222650 0.462205 0.047169 0.092801 -0.019287 -0.273416 -0.150587 -0.463719 -0.401759 0.058286 -0.299423 -0.420128 -0.103404 0.078729 -0.086336 -0.198331 0.022353 -0.062395 0.015748 0.045459 -0.185106 -0.287720 -0.142948 0.265885 -0.133868
-0.106497 -0.168344 0.098085 0.053935 0.573808 0.543794 0.013264 0.008191 0.261082 0.468765 -0.043345 0.096562 0.077557 -0.001063 0.423293 0.501882 -0.210321 -0.231533 -0.119063 -0.091221 0.427100 0.192058 0.266871 0.186529 0.316044 0.242123 1.000000 0.654747 -0.165495 -0.106256 -0.074970 -0.065616 -0.340143 -0.467715 0.036477 -0.047271 0.029205 0.075753 0.304008 0.332072 0.178845 -0.084123 -0.095902 -0.063665 -0.112000 -0.120505 0.029815 0.112534 -0.068480 -0.089055 -0.166742 0.032246 0.097343 0.242045 0.008037 0.177193 -0.029139 -0.289216 -0.177091 -0.262595 -0.327028 -0.332797 -0.318545 -0.357266 0.032531 -0.022522 -0.131976 0.287203 -0.068580 0.195021 0.190563 -0.055317 -0.224940 0.071350 -0.178633 -0.066218 -0.160610 -0.125641 -0.348419 -0.246601 -0.301434 -0.165023 0.330633 0.140567 -0.058199 0.184529 0.276679 0.244527 0.129854 0.098963 0.136041 0.185615 0.110148 0.190807 -0.003127 0.071624 0.103687 -0.000623 0.011806 -0.022804 -0.019714 -0.080565 -0.175179 -0.160816 -0.133622 -0.096180 -0.034913 -0.062741 -0.004737 -0.006889 0.352303 -0.076510 -0.401794 -0.241614 -0.219132 -0.128779
-0.044897 -0.377619 0.139406 0.276445 0.324070 0.514984 0.092452 0.155626 0.052647 0.525587 0.132242 0.277565 0.051069 0.180424 0.410696 0.579724 -0.318049 -0.393069 -0.062569 -0.340861 0.359463 0.625126 0.242371 0.309834 0.207087 0.574573 0.654747 1.000000 -0.266666 -0.241696 -0.001435 0.089041 -0.208971 -0.311877 0.216020 0.182396 0.001838 0.087162 0.336285 0.423387 0.143260 -0.124226 -0.053447 -0.156722 -0.226756 -0.030887 -0.038909 0.108648 -0.153955 -0.163378 -0.060697 -0.064185 0.053324 0.095441 -0.059007 0.125201 -0.033936 -0.508431 -0.177671 -0.254904 -0.128908 -0.249522 -0.272814 -0.513677 0.224758 0.266126 -0.119175 0.261673 -0.143812 -0.101598 0.124599 0.134520 -0.271367 -0.041898 -0.213770 -0.013767 -0.084936 0.096386 -0.280269 -0.298943 -0.394531 -0.291649 0.271710 0.203490 0.085196 0.238802 0.474718 0.398431 0.187905 -0.045262 -0.039099 0.083756 0.187225 0.166876 0.005432 -0.035945 0.142946 -0.041518 -0.165796 -0.164327 0.059610 -0.107366 -0.235528 -0.094520 -0.015433 -0.109216 -0.033287 0.012367 -0.003558 0.035287 0.342496 -0.259851 -0.290646 -0.069382 -0.022997 -0.149571
0.405038 0.119483 0.135333 0.039614 0.210379 -0.188518 0.250643 0.220882 0.030199 -0.310163 0.349706 -0.110189 0.573212 0.117700 -0.050916 -0.127598 0.639578 0.250332 0.478801 0.357968 0.256575 0.065405 0.023651 -0.083543 -0.136127 -0.158783 -0.165495 -0.266666 1.000000 0.436764 0.403448 0.336788 0.521909 0.434974 -0.480191 -0.420155 0.236833 -0.083942 -0.064429 -0.157682 0.511338 0.082386 -0.156328 -0.091352 -0.038895 -0.171747 -0.003033 -0.244058 0.009821 -0.043603 -0.121327 -0.155772 0.022637 0.050445 -0.085880 -0.281264 0.419530 0.040887 0.001770 -0.041960 -0.007055 -0.157314 0.312862 0.137206 -0.249923 -0.425417 -0.375660 -0.684860 0.034183 -0.348704 0.275917 0.353349 0.829180 0.148154 0.379471 0.218775 0.303009 0.023338 0.356274 0.154051 0.466452 0.239396 0.221133 0.314986 -0.270585 -0.257747 -0.432631 -0.033219 -0.523818 -0.112453 -0.162462 -0.268770 -0.259985 -0.174114 -0.041933 -0.067684 -0.197902 -0.291076 -0.084018 -0.146764 0.001758 0.042962 -0.058730 0.081916 0.042482 -0.197597 0.118889 0.131446 -0.138559 -0.114874 -0.311040 -0.009249 -0.018291 -0.030987 -0.100043 -0.187870
0.290921 0.565918 -0.436259 -0.330047 0.181074 0.019454 -0.311963 -0.080197 -0.190712 -0.157802 -0.363473 -0.215933 -0.106604 -0.093205 -0.212530 0.138775 0.454695 0.778160 0.146944 0.526141 0.152970 0.003212 -0.601127 -0.461695 -0.275289 -0.303402 -0.106256 -0.241696 0.436764 1.000000 -0.389878 -0.355988 0.267833 0.106985 -0.443979 -0.173948 0.628047 0.484811 0.146189 0.136803 0.492635 0.562813 -0.108162 0.071710 -0.299741 -0.375813 0.152651 0.065361 -0.142698 -0.134793 -0.319222 -0.001133 0.098841 0.169472 0.260902 0.127716 0.351233 0.512717 0.032500 0.046037 -0.207057 0.066516 0.170126 0.621569 -0.589280 -0.471857 -0.231036 -0.496391 0.446225 0.021113 0.052125 0.071198 0.551537 0.677822 0.435059 0.300699 0.322993 0.160132 0.524219 0.590502 0.702620 0.734203 -0.055245 0.267949 -0.166923 -0.207631 -0.350427 -0.289940 0.043347 0.432954 0.066819 -0.090742 -0.209826 -0.256457 0.065669 0.188999 0.180651 -0.021525 0.218630 0.055614 -0.348674 -0.025216 0.016953 -0.133959 -0.010101 -0.184170 -0.044513 0.111221 -0.087084 -0.211796 -0.049258 0.267806 0.225367 -0.144197 -0.134571 -0.064749
-0.049855 -0.532475 0.568789 0.502698 -0.033198 -0.245981 0.616437 0.389376 0.183400 -0.107893 0.660465 0.223970 0.581952 0.384384 0.228024 -0.073136 -0.054686 -0.506010 0.259424 -0.157197 0.315246 0.203976 0.717071 0.550328 0.073330 0.314972 -0.074970 -0.001435 0.403448 -0.389878 1.000000 0.860083 0.214152 0.343858 -0.185426 -0.256397 -0.510489 -0.697472 -0.347606 -0.293281 0.120826 -0.511553 -0.064412 -0.272166 0.199304 0.207098 -0.282313 -0.378632 0.102647 0.075739 0.228941 -0.138005 -0.091835 -0.092700 -0.440704 -0.446596 -0.009859 -0.439134 -0.155626 -0.077361 0.099988 -0.236521 0.144663 -0.511843 0.357122 0.091718 -0.154943 -0.169242 -0.444397 -0.369493 0.241006 0.487786 0.232464 -0.511402 -0.046687 -0.049248 -0.185572 -0.293371 -0.216488 -0.437857 -0.246857 -0.508709 0.244577 -0.008425 -0.000753 -0.006223 -0.086152 0.281855 -0.365082 -0.508207 -0.372749 -0.203450 -0.028883 0.082433 -0.052466 -0.157123 -0.519916 -0.242973 -0.405983 -0.271089 0.392450 0.081549 -0.127644 0.245887 0.035573 -0.097806 0.109033 0.138684 -0.069349 0.038937 -0.397539 -0.357126 -0.224405 0.116301 0.014615 -0.164237
-0.233251 -0.612011 0.375103 0.639652 -0.107264 -0.277654 0.604263 0.495826 -0.014330 -0.098387 0.516732 0.273309 0.412465 0.336885 0.099817 0.067297 -0.202268 -0.511531 0.270846 -0.214413 0.331092 0.373343 0.670868 0.648964 -0.079658 0.519867 -0.065616 0.089041 0.336788 -0.355988 0.860083 1.000000 0.174423 0.394585 -0.012694 0.007561 -0.436988 -0.585074 -0.314168 -0.159984 0.156024 -0.573319 -0.247359 -0.341808 0.111728 0.309589 -0.373613 -0.450147 -0.136793 -0.019261 0.066869 -0.287430 -0.299782 -0.227785 -0.526520 -0.528683 0.057516 -0.484028 -0.357237 -0.138031 -0.042765 -0.187570 0.199405 -0.512562 0.436768 0.250960 -0.283815 -0.175250 -0.390211 -0.488002 0.140026 0.508454 0.093356 -0.398785 -0.153063 0.001584 -0.133203 -0.045797 -0.222724 -0.422983 -0.189139 -0.408232 0.423480 0.276924 0.126139 0.274822 0.086913 0.486441 -0.251934 -0.475820 -0.430012 -0.223407 0.166656 0.158462 -0.051848 -0.079002 -0.619733 -0.253612 -0.569323 -0.414777 0.351549 0.068160 -0.186258 0.292876 0.060508 -0.017760 0.013834 0.084450 -0.107341 0.002538 -0.396384 -0.434435 -0.329786 0.088701 0.107316 -0.228020
0.355791 0.240939 0.037537 -0.006476 -0.171100 -0.371240 -0.010392 0.044709 -0.117842 -0.398445 0.160018 -0.057005 0.151743 0.007594 -0.294985 -0.343699 0.538933 0.263911 0.530206 0.299537 -0.178361 -0.111778 -0.151467 -0.310992 -0.121701 -0.272454 -0.340143 -0.208971 0.521909 0.267833 0.214152 0.174423 1.000000 0.736246 -0.193164 -0.142670 0.252780 0.097400 -0.163571 -0.065856 0.101372 0.216558 -0.169247 -0.207891 -0.068872 -0.168156 -0.140348 -0.229422 0.034856 0.066513 -0.148578 -0.119079 -0.019831 -0.236783 -0.148720 -0.192492 0.258582 0.169596 0.180984 0.199478 0.134618 0.039413 0.150660 0.193332 -0.172096 -0.269169 0.062636 -0.328655 0.359612 -0.129634 0.187549 0.379307 0.626368 0.075957 0.494396 0.300396 0.472981 0.214664 0.450521 0.200922 0.418903 0.187727 -0.050067 0.107728 -0.167691 -0.323016 -0.333496 0.022793 -0.333023 -0.089584 -0.104128 -0.051219 -0.250119 -0.055050 -0.084899 -0.051725 -0.110663 -0.201445 -0.086270 -0.109514 0.144793 0.230731 0.189633 0.179611 0.117596 -0.129526 0.102723 0.018951 -0.064850 -0.059887 -0.218561 -0.160908 -0.105485 0.091582 -0.164733 -0.245703
0.299662 0.179825 0.113792 0.245297 -0.353461 -0.521386 0.165637 0.251506 0.016913 -0.360755 0.337783 0.213209 0.117300 0.157349 -0.160286 -0.377797 0.260242 0.237852 0.541527 0.195285 -0.245933 -0.086035 0.038692 -0.092291 -0.126358 -0.012372 -0.467715 -0.311877 0.434974 0.106985 0.343858 0.394585 0.736246 1.000000 -0.113166 0.105330 0.096132 -0.037765 -0.132569 -0.081822 0.082147 0.083959 -0.332748 -0.377000 -0.141186 -0.076986 -0.346018 -0.320063 -0.223954 -0.208585 -0.168751 -0.425949 -0.307423 -0.360506 -0.331172 -0.410350 0.122992 0.092170 -0.071909 -0.113218 0.207830 -0.054966 0.358654 0.078933 0.203069 -0.050403 -0.168863 -0.291782 0.096738 -0.202078 0.070787 0.459231 0.417699 0.108197 0.477150 0.348233 0.498946 0.374425 0.378318 0.248574 0.292839 0.143920 0.216852 0.160653 0.224432 0.016658 -0.098866 0.207790 -0.151455 -0.363247 -0.159653 -0.053106 -0.067576 -0.132003 0.001324 -0.026438 -0.347781 -0.216963 -0.185561 -0.201590 -0.002322 -0.059610 0.018376 -0.010288 0.089728 -0.133069 -0.023967 -0.020885 -0.044647 -0.066759 -0.294275 -0.098914 -0.088423 -0.050677 -0.020412 -0.170080
-0.337932 -0.254436 -0.033874 0.077309 -0.308931 -0.019595 -0.006969 -0.080344 -0.049422 0.039668 -0.127338 -0.008980 -0.218597 -0.190173 -0.047952 0.020045 -0.283533 -0.253246 -0.241598 -0.416289 -0.226702 0.139539 0.113735 0.176498 0.117270 0.376302 0.036477 0.216020 -0.480191 -0.443979 -0.185426 -0.012694 -0.193164 -0.113166 1.000000 0.663551 0.061864 0.072055 0.277186 0.061461 -0.374000 -0.241650 -0.058735 0.004597 -0.024613 0.150325 0.097958 0.069136 -0.251717 -0.216928 0.163078 -0.236721 -0.185369 -0.211787 0.111302 -0.105658 -0.183391 -0.158048 -0.015010 -0.110377 0.161538 0.000263 0.098452 -0.159488 0.458130 0.341701 0.218505 0.301183 -0.078820 -0.189425 -0.344663 -0.352986 -0.444752 -0.208724 -0.207095 -0.045713 0.034684 0.257347 -0.073395 -0.065054 -0.256837 -0.155587 -0.040270 0.017354 0.331913 0.374604 0.526103 0.250661 0.242728 -0.277180 0.130840 -0.078952 0.407351 0.001414 0.070558 0.004119 0.114835 0.040233 -0.103532 -0.064824 0.047476 -0.258492 0.003763 -0.071919 0.205661 0.155994 -0.311276 -0.152045 0.211843 0.293875 0.413100 0.142502 -0.138198 -0.076905 0.307792 0.026782
-0.331453 -0.183661 -0.224698 0.148930 -0.354087 0.001013 -0.079439 0.059658 -0.188771 0.100936 -0.144160 0.176491 -0.353637 -0.084710 -0.107909 -0.023697 -0.338542 0.019635 -0.293622 -0.441495 -0.231212 0.265284 -0.117750 0.110516 -0.130444 0.446961 -0.047271 0.182396 -0.420155 -0.173948 -0.256397 0.007561 -0.142670 0.105330 0.663551 1.000000 0.137943 0.294588 0.294039 0.341950 -0.138439 -0.139034 -0.191869 -0.092476 -0.092989 0.278085 -0.112149 0.016979 -0.333734 -0.193598 -0.092239 -0.209507 -0.247569 -0.200003 0.002703 -0.114441 -0.112934 -0.072475 -0.230894 -0.200295 -0.036413 0.137734 0.001938 -0.060482 0.343039 0.536665 0.012567 0.295480 -0.038485 -0.103537 -0.420804 -0.286006 -0.343749 0.064106 -0.059957 -0.020777 -0.024954 0.309422 0.103588 0.191561 -0.090982 0.188578 0.021404 0.088232 0.369084 0.462373 0.451410 0.298064 0.313212 -0.109378 -0.064255 -0.091416 0.361372 -0.063983 0.077623 0.095314 0.015899 -0.021236 -0.204926 -0.193729 -0.091191 -0.209983 -0.152451 -0.168957 0.094237 0.011521 -0.355441 -0.173573 0.112779 0.047235 0.269095 0.049233 -0.190354 -0.137499 0.202823 -0.107533
