1.000000 0.402297 0.186159 -0.193074 0.212376 -0.180265 0.340962 0.090196 0.198071 0.111256 0.652389 0.438008 0.593216 0.510510 0.335710 0.236923 0.355686 -0.140108 0.131356 -0.066128 -0.005652 -0.119731 -0.081570 -0.301467 -0.278683 -0.318828 -0.027960 -0.179960 0.182716 0.153754 -0.042339 -0.126424 -0.185589 0.013015 -0.378318 -0.102041 -0.196306 -0.191066 -0.425764 -0.420865 -0.052837 -0.227159 -0.259783 -0.308592 -0.311899 -0.401261 -0.326602 -0.364131 0.084806 -0.228961 -0.205752 -0.127182 0.049269 -0.145192 -0.146283 -0.285209 0.276643 -0.170060 0.411939 0.076497 0.683687 0.328931 0.327699 0.115315 0.105031 0.016184 -0.062508 -0.276696 -0.219559 -0.397770 0.231007 -0.046595 0.069116 -0.006285 0.005720 0.190442 0.140679 0.098078 -0.180324 -0.276082 -0.040325 -0.111171 0.294762 0.122854 -0.213837 -0.052751 -0.002016 -0.030667 0.018869 0.180519 0.055562 -0.036734 -0.099082 0.116676 -0.381984 -0.266605 -0.365764 -0.428147 -0.145574 -0.113714 0.114568 0.047141 0.291145 -0.058618 -0.278106 -0.458662 0.240314 0.005055 -0.131605 -0.282027 -0.442239 -0.203372 -0.116011 -0.234331 -0.376983 -0.004391
0.402297 1.000000 -0.353319 -0.212684 -0.136283 -0.105912 -0.271736 -0.221790 -0.265765 -0.181578 0.140828 0.392196 0.032920 0.265938 -0.128496 0.046316 0.084449 0.190273 -0.448065 0.150624 -0.143866 -0.132572 -0.351311 -0.269917 -0.195444 -0.297554 -0.062968 -0.174368 -0.027503 0.193648 -0.339286 -0.213351 0.059536 -0.127457 -0.227549 -0.326714 -0.098098 -0.120693 -0.244465 -0.096116 -0.038848 0.172096 -0.003802 -0.014652 -0.070674 -0.130029 0.036960 0.010783 0.154472 0.030323 -0.219217 0.082437 0.309620 0.039947 0.153026 0.048610 0.174812 0.380952 0.434238 0.516937 0.424303 0.618621 -0.030465 0.519899 -0.434584 -0.008382 -0.020062 -0.226138 0.190452 -0.025170 0.038609 -0.115101 0.031055 0.139481 0.067242 0.109001 -0.018219 0.026563 0.177180 0.059316 0.046878 0.137158 -0.172196 0.108972 -0.334800 0.043785 0.124945 -0.003369 -0.177706 0.212855 -0.024250 -0.114319 -0.207076 -0.243339 -0.091566 -0.006881 0.091363 -0.165624 0.200840 0.209876 0.034383 0.080630 0.216566 0.034533 -0.085501 -0.107032 0.053830 0.100730 -0.171026 -0.013575 -0.145452 0.190771 0.095268 -0.054798 -0.187168 0.042607
0.186159 -0.353319 1.000000 -0.201568 0.709401 -0.261024 0.809865 0.357388 0.560889 0.293375 0.166473 -0.032131 0.335333 0.296643 -0.045093 0.037346 -0.152997 -0.570887 0.547120 -0.340039 -0.114956 -0.113206 0.114527 -0.341463 -0.082388 -0.221279 0.178443 -0.289630 -0.011841 -0.181101 -0.078820 -0.385847 -0.101405 -0.104418 -0.228027 0.208621 -0.198666 -0.433787 -0.090673 -0.442742 -0.072799 -0.380151 -0.093973 -0.171671 0.024603 -0.028927 -0.108328 -0.195574 0.203505 0.019367 0.207040 0.037038 0.040206 0.042928 -0.072101 -0.130093 -0.457789 -0.583554 0.104532 -0.174500 0.292329 0.067467 0.150369 -0.285348 0.362361 0.062868 0.286031 0.181726 -0.383929 -0.168882 -0.011565 -0.287909 -0.056715 -0.369838 -0.336211 -0.284901 -0.223296 -0.364436 -0.628860 -0.531486 -0.299167 -0.422750 0.150364 -0.424787 -0.241581 -0.490045 -0.139401 -0.489414 0.156114 -0.192130 0.136501 0.164703 -0.019235 0.524553 -0.195556 -0.305464 -0.323277 -0.291987 -0.216193 -0.423856 0.195169 0.292804 0.153600 0.023537 -0.059746 -0.317076 0.156996 -0.107437 0.090001 -0.349998 -0.264730 -0.372585 -0.091415 -0.324569 -0.273297 -0.101202
-0.193074 -0.212684 -0.201568 1.000000 -0.274961 0.490565 -0.157118 0.500030 -0.009178 0.134324 -0.323205 0.128243 -0.316910 0.004478 -0.039708 0.238376 -0.299700 -0.079478 -0.148194 -0.260065 0.068301 0.188974 0.489059 0.691884 0.337352 0.707680 0.554827 0.722595 -0.420648 -0.202927 0.039883 0.205038 -0.152341 0.270018 0.414397 0.522045 -0.046279 0.381014 0.100353 0.414205 0.210458 0.203815 -0.443020 -0.222908 -0.433673 -0.249424 -0.277027 -0.253776 -0.445439 -0.423710 0.044577 -0.303157 -0.386881 -0.332902 -0.225532 -0.034553 0.087350 -0.052516 -0.332656 -0.248359 -0.292456 -0.073209 -0.301113 -0.142900 0.332321 0.583779 -0.425897 -0.158605 -0.340519 -0.375591 -0.012544 0.161097 -0.297513 -0.019567 0.013780 0.203795 0.098864 0.224710 0.122920 0.069015 -0.134764 -0.162671 -0.083965 0.082282 0.331634 0.360818 0.345950 0.396316 0.340149 0.331601 -0.306831 -0.333354 0.521040 -0.039382 0.160278 0.035340 -0.149212 -0.176672 -0.294406 -0.248435 0.222499 -0.269886 -0.054316 -0.288452 -0.129965 0.198952 -0.248154 -0.020730 -0.328222 -0.044784 -0.267645 -0.523389 -0.282072 0.098170 0.242374 -0.160624
0.212376 -0.136283 0.709401 -0.274961 1.000000 -0.087900 0.550639 0.203040 0.664507 0.459882 0.043347 -0.096859 0.157191 0.170094 -0.113906 -0.155513 -0.209897 -0.477749 0.188250 -0.170014 -0.105093 0.005125 -0.099985 -0.293403 0.015517 -0.227088 0.242874 -0.223936 -0.056545 -0.253424 -0.329578 -0.507014 -0.062792 -0.212331 -0.294657 0.175381 -0.183831 -0.429489 0.072585 -0.347623 -0.043233 -0.142504 -0.178172 -0.314748 -0.033550 -0.120207 -0.149086 -0.238741 0.150622 -0.022000 0.102788 -0.021828 0.032277 0.094075 0.030513 -0.113153 -0.196454 -0.387773 0.200716 -0.043767 0.345440 0.223921 0.172113 -0.142530 0.258172 0.069263 0.241596 0.091254 -0.073528 -0.013701 0.057628 -0.320513 -0.128442 -0.375623 -0.417847 -0.376219 -0.375657 -0.429603 -0.500151 -0.441432 -0.180370 -0.276875 0.064490 -0.419514 -0.250730 -0.469832 -0.204927 -0.555920 0.208174 0.049873 0.214385 0.299506 0.136648 0.507780 -0.137192 -0.366091 -0.460802 -0.322528 -0.279637 -0.168241 0.178384 0.399715 0.199746 0.039871 0.008370 -0.214231 0.060549 -0.102979 0.027256 -0.229833 -0.371408 -0.336766 0.103894 -0.173242 -0.081874 -0.155745
-0.180265 -0.105912 -0.261024 0.490565 -0.087900 1.000000 -0.090535 0.104242 0.070151 0.537046 -0.331306 -0.160444 -0.306514 -0.275964 0.121736 0.173100 -0.301001 -0.125347 -0.309241 -0.092572 0.662703 0.551673 0.230160 0.483318 0.623030 0.790128 0.497632 0.765224 -0.416212 -0.440162 0.241098 0.235274 -0.287920 -0.017328 0.197765 0.234766 -0.189728 0.154454 0.058594 0.243433 -0.010764 0.195696 -0.292685 -0.269510 -0.343447 -0.187214 -0.299939 -0.268352 -0.341006 -0.332428 0.127161 -0.279925 -0.283912 -0.274591 -0.236925 -0.194310 0.243975 0.091647 -0.141981 -0.021653 -0.177156 -0.030213 -0.085336 0.014085 0.140768 0.395490 -0.251348 0.001777 0.043669 -0.039959 0.373090 0.264760 -0.421956 -0.159420 -0.269163 0.001749 -0.121296 0.061284 0.199173 -0.016451 -0.111533 -0.063658 -0.251367 0.101802 0.153225 0.287394 -0.135292 0.222066 0.038041 0.255586 -0.081547 0.003825 0.542416 0.024106 0.024550 -0.210060 -0.147995 -0.138500 -0.194255 0.161822 0.023227 -0.123600 -0.222404 -0.215097 0.156483 0.210883 -0.297300 -0.201038 -0.207153 -0.041990 -0.051556 -0.171490 0.164776 0.213029 0.430378 -0.280676
0.340962 -0.271736 0.809865 -0.157118 0.550639 -0.090535 1.000000 0.516797 0.499569 0.486007 0.358659 0.204311 0.466001 0.434937 0.146782 0.139853 0.025922 -0.467617 0.491585 -0.364604 0.072253 -0.043283 0.090155 -0.341725 -0.122631 -0.151877 0.072607 -0.227249 0.089347 -0.047310 0.121876 -0.208063 -0.170887 -0.018759 -0.172811 0.223614 -0.145501 -0.313614 -0.146796 -0.514900 -0.082524 -0.379727 -0.191669 -0.251652 -0.189733 -0.165939 -0.278121 -0.370331 -0.008139 -0.159071 0.047943 -0.140909 -0.159047 -0.104017 -0.100654 -0.216661 -0.302593 -0.502649 -0.042423 -0.318825 0.342430 0.216082 0.155852 -0.305111 0.483741 0.159775 0.010586 -0.010826 -0.511405 -0.316327 0.079015 -0.184377 0.059086 -0.220086 -0.154573 -0.037347 0.089402 -0.101745 -0.450950 -0.455355 -0.120921 -0.341282 0.175699 -0.266940 -0.045452 -0.348060 -0.058736 -0.327661 0.167911 -0.077579 -0.040429 -0.012104 0.000012 0.386226 -0.346049 -0.302589 -0.461647 -0.284486 -0.333520 -0.402876 0.215410 0.035906 0.092851 -0.157920 -0.146023 -0.319315 0.074547 -0.279803 0.022394 -0.491813 -0.337101 -0.359063 -0.176183 -0.199399 -0.202657 -0.070429
0.090196 -0.221790 0.357388 0.500030 0.203040 0.104242 0.516797 1.000000 0.195344 0.516367 0.027514 0.422458 0.096907 0.488339 -0.045857 0.223932 -0.227086 -0.345710 0.160782 -0.448870 -0.071820 0.090628 0.035054 0.020835 -0.131087 0.185540 0.258382 0.130958 -0.184625 0.015877 0.075097 -0.106386 0.009172 0.295055 0.078847 0.456710 -0.130241 0.032438 -0.007401 -0.059049 0.115682 -0.008740 -0.323164 -0.243847 -0.364235 -0.221250 -0.222005 -0.435381 -0.319242 -0.371372 -0.046188 -0.184429 -0.207063 -0.123552 -0.047630 0.017819 -0.238255 -0.414707 -0.339106 -0.378309 0.048156 0.322659 -0.034440 -0.198689 0.567501 0.594172 -0.278874 -0.138231 -0.643512 -0.520085 -0.048153 -0.094412 -0.085845 -0.057182 0.030183 0.214886 0.107253 0.081462 -0.294337 -0.250162 -0.147547 -0.272805 0.068166 -0.148503 0.214522 0.060289 0.177748 -0.066118 0.388872 0.194277 -0.312836 -0.431649 0.326385 0.093985 0.014608 -0.059461 -0.355404 -0.288991 -0.371301 -0.474035 0.420430 -0.221780 0.093935 -0.498979 -0.330621 -0.140879 -0.236891 -0.238993 -0.319524 -0.395326 -0.460856 -0.592314 -0.388887 -0.192979 -0.046521 -0.213348
0.198071 -0.265765 0.560889 -0.009178 0.664507 0.070151 0.499569 0.195344 1.000000 0.413034 0.252683 -0.059585 0.399968 0.264308 0.311138 0.235611 0.001492 -0.438255 0.266623 -0.438534 0.137787 -0.023446 0.212903 -0.140341 0.165237 0.034335 0.234314 0.097690 -0.149684 -0.320141 -0.153077 -0.306843 -0.224903 -0.295345 -0.292744 0.293208 -0.283781 -0.234386 -0.026353 -0.317209 -0.100394 -0.285268 -0.077228 -0.144530 -0.073189 -0.133889 -0.095047 -0.135918 0.203790 0.060272 0.216967 0.127517 -0.037302 0.127762 -0.049959 0.026894 0.015196 -0.241622 0.026423 -0.259498 0.119582 -0.055522 0.042831 -0.346423 0.232565 0.092189 -0.142777 -0.102546 -0.350358 -0.256068 -0.028636 -0.242566 -0.220423 -0.409584 -0.390574 -0.449642 -0.307742 -0.412569 -0.560056 -0.341367 -0.256891 -0.426773 0.076059 -0.361072 -0.251404 -0.349042 -0.119866 -0.266337 0.082529 0.131146 0.261343 0.210578 0.145348 0.433819 -0.100042 -0.441368 -0.300538 -0.219030 -0.077396 -0.121422 0.093968 0.059973 -0.087805 -0.182544 -0.207819 -0.287331 0.075917 -0.141175 -0.066980 -0.415801 -0.360145 -0.314634 0.184565 -0.068939 -0.061224 -0.093350
0.111256 -0.181578 0.293375 0.134324 0.459882 0.537046 0.486007 0.516367 0.413034 1.000000 -0.007516 0.022519 0.084026 0.201115 0.148211 0.159779 -0.253070 -0.431863 -0.029144 -0.306944 0.400457 0.428401 -0.122308 -0.074087 0.146323 0.280983 0.235449 0.230134 -0.168811 -0.247879 0.052787 -0.182592 -0.226483 -0.077037 -0.080528 0.317424 -0.173819 -0.108089 0.023486 -0.158890 -0.011692 -0.016409 -0.274048 -0.390309 -0.302420 -0.153143 -0.314138 -0.395443 -0.200635 -0.276777 -0.028557 -0.184675 -0.175364 -0.088538 -0.072834 -0.138505 -0.016412 -0.329946 -0.070762 -0.124890 0.156605 0.303152 0.069918 -0.066345 0.271477 0.361257 -0.114586 0.069624 -0.294410 -0.182810 0.327163 0.007472 -0.208985 -0.301833 -0.374174 -0.145987 -0.220967 -0.162200 -0.234620 -0.346863 -0.160353 -0.236080 -0.003672 -0.162477 -0.009749 -0.059840 -0.266594 -0.153206 0.154704 0.285620 0.037283 0.022189 0.374119 0.210951 -0.084524 -0.337772 -0.405519 -0.253748 -0.244993 -0.066531 0.199683 -0.039014 -0.026895 -0.306302 -0.025268 -0.063786 -0.118447 -0.284428 -0.128546 -0.293238 -0.339932 -0.351327 0.115158 -0.076090 0.221211 -0.224051
0.652389 0.140828 0.166473 -0.323205 0.043347 -0.331306 0.358659 0.027514 0.252683 -0.007516 1.000000 0.354294 0.907120 0.513683 0.647206 0.313949 0.703397 -0.039150 0.143462 -0.140913 0.059600 -0.232187 -0.063226 -0.391386 -0.410103 -0.369429 -0.326942 -0.286292 0.318823 0.210554 0.126046 0.027849 -0.200211 -0.113951 -0.453407 -0.167594 -0.149502 -0.220165 -0.503542 -0.457330 -0.198775 -0.477493 0.085265 0.060159 -0.000606 -0.022058 -0.131735 -0.020796 0.259856 0.140167 -0.129434 0.181217 0.037361 -0.005067 -0.286565 -0.187254 0.132168 -0.142921 0.147411 -0.011690 0.236862 0.037799 0.309314 -0.158490 -0.059077 -0.281436 -0.095142 -0.128124 -0.323555 -0.245943 0.154553 -0.000243 0.131443 -0.013174 -0.017630 0.002459 0.153080 0.041862 -0.244817 -0.150181 0.104683 -0.028711 0.493668 0.226663 -0.193793 -0.053099 -0.072776 -0.013582 -0.334178 -0.037406 0.183292 0.103645 -0.272994 0.115657 -0.339443 -0.296023 -0.072402 -0.182439 0.067693 -0.193841 0.049343 -0.105581 0.012453 -0.003921 -0.366314 -0.535982 0.338288 0.042741 0.065348 -0.258624 -0.131027 0.046051 -0.045044 -0.196570 -0.415184 0.012456
0.438008 0.392196 -0.032131 0.128243 -0.096859 -0.160444 0.204311 0.422458 -0.059585 0.022519 0.354294 1.000000 0.256751 0.694992 0.148687 0.358530 0.091501 0.140879 -0.055732 -0.132553 -0.218421 -0.237727 -0.045685 -0.119140 -0.298892 -0.181879 0.003829 -0.151015 0.110973 0.350259 0.022427 0.045130 0.121459 0.294858 -0.101591 -0.012210 -0.026965 0.069668 -0.191829 -0.065340 0.023918 -0.184953 -0.224598 -0.107474 -0.346702 -0.324952 -0.021197 -0.253408 -0.132899 -0.272431 -0.358631 -0.107296 -0.094831 -0.161022 0.035276 0.172331 -0.102611 -0.080108 0.041097 -0.085865 0.307315 0.483491 0.036061 0.062835 0.166784 0.365125 -0.255576 -0.420254 -0.380770 -0.498357 -0.000208 0.087238 0.138115 0.254439 0.277128 0.402134 0.326944 0.339498 -0.055273 -0.025065 -0.068979 -0.047139 0.103076 0.279844 -0.036267 0.272302 0.279053 0.263450 0.097395 0.237526 -0.457376 -0.503810 -0.181260 -0.219029 -0.230999 -0.029737 -0.054425 -0.173771 -0.231966 -0.362513 0.069308 -0.215008 0.015369 -0.325790 -0.451490 -0.420872 -0.076573 -0.217591 -0.239255 -0.278780 -0.352038 -0.269694 -0.451664 -0.217822 -0.321284 -0.162073
0.593216 0.032920 0.335333 -0.316910 0.157191 -0.306514 0.466001 0.096907 0.399968 0.084026 0.907120 0.256751 1.000000 0.560831 0.510526 0.281151 0.677194 -0.099364 0.225542 -0.277990 0.062523 -0.245510 -0.125053 -0.455260 -0.421574 -0.334864 -0.293467 -0.282314 0.330472 0.190195 0.116197 -0.080974 -0.156796 -0.080609 -0.436046 -0.059646 -0.199863 -0.335276 -0.492056 -0.538498 -0.194839 -0.496816 0.087160 0.052041 0.108822 0.068075 -0.080090 -0.047581 0.288149 0.187220 -0.076573 0.179342 0.061007 -0.077632 -0.266869 -0.179135 -0.008002 -0.236428 0.150017 -0.007442 0.305000 0.007618 0.418550 -0.173381 -0.028495 -0.248439 0.038288 -0.046524 -0.406281 -0.261238 0.121052 -0.070912 0.192730 -0.108508 -0.097168 -0.101092 0.034101 -0.086072 -0.365040 -0.169031 0.051333 -0.065140 0.336187 0.014856 -0.369150 -0.137122 -0.228567 -0.151987 -0.364187 -0.132669 0.187932 0.113706 -0.207050 0.204026 -0.283256 -0.327056 -0.078641 -0.267454 0.079081 -0.267868 0.117617 -0.036393 0.066419 -0.012187 -0.340931 -0.566705 0.320173 0.093303 0.020527 -0.303560 -0.154759 -0.033354 -0.049302 -0.213545 -0.420362 -0.031925
0.510510 0.265938 0.296643 0.004478 0.170094 -0.275964 0.434937 0.488339 0.264308 0.201115 0.513683 0.694992 0.560831 1.000000 0.133103 0.473659 0.058108 -0.194515 0.056659 -0.439508 -0.222275 -0.196603 -0.195340 -0.441539 -0.408874 -0.265794 0.022923 -0.195128 -0.002283 0.219793 -0.260681 -0.389491 -0.050655 0.001245 -0.225213 0.172428 -0.132447 -0.128313 -0.265052 -0.315921 -0.032854 -0.364108 -0.177865 -0.159170 -0.212922 -0.153826 -0.067525 -0.253036 0.119527 -0.104968 -0.099334 0.067544 0.140840 -0.099165 0.074305 0.099493 -0.245219 -0.355718 0.186123 0.031137 0.508733 0.484177 0.135291 0.038678 0.056668 0.300011 -0.025598 -0.107389 -0.492228 -0.436683 -0.000890 -0.097565 0.023538 -0.045000 -0.049312 0.129066 0.018636 -0.060720 -0.411291 -0.175267 -0.231521 -0.211211 -0.001828 -0.168609 -0.440769 -0.078671 -0.036386 -0.134914 -0.054322 0.166125 -0.077354 -0.254354 -0.075589 0.092278 -0.148703 -0.208104 -0.072785 -0.198712 -0.047096 -0.256979 0.343507 0.025187 0.126354 -0.167064 -0.338997 -0.569938 0.088845 -0.160448 -0.147127 -0.372473 -0.341137 -0.330573 -0.169782 -0.324815 -0.375093 -0.145643
0.335710 -0.128496 -0.045093 -0.039708 -0.113906 0.121736 0.146782 -0.045857 0.311138 0.148211 0.647206 0.148687 0.510526 0.133103 1.000000 0.601906 0.375751 -0.069953 0.199972 -0.077926 0.520490 0.263047 0.194380 -0.021874 0.037217 0.103416 -0.165617 0.182218 0.078629 -0.038461 0.419340 0.377330 -0.259463 -0.042080 -0.241036 -0.047618 -0.184854 0.073344 -0.330312 -0.137739 -0.148617 -0.323468 0.124045 0.096125 -0.109103 -0.050666 -0.162212 0.026454 0.033687 -0.000774 -0.118026 0.074052 -0.212122 0.059812 -0.377898 -0.079935 0.365929 0.053576 -0.154326 -0.318054 -0.147009 -0.234509 0.087353 -0.228827 0.053847 -0.195075 -0.404133 -0.123416 -0.198781 -0.151864 0.309993 0.308260 -0.156163 -0.029177 -0.075259 0.020337 0.095102 0.073351 -0.161437 -0.130361 -0.120732 -0.171763 0.579243 0.449417 0.120105 0.168900 -0.041083 0.308555 -0.245193 -0.052463 0.137602 0.082169 -0.175033 0.006555 -0.223161 -0.236657 0.028483 0.022967 0.129160 -0.030562 -0.142895 -0.310972 -0.291988 -0.085115 -0.202461 -0.289914 0.221533 -0.147311 0.104395 -0.229907 -0.014302 0.061282 0.004858 -0.075594 -0.151766 0.021826
0.236923 0.046316 0.037346 0.238376 -0.155513 0.173100 0.139853 0.223932 0.235611 0.159779 0.313949 0.358530 0.281151 0.473659 0.601906 1.000000 -0.121547 -0.199162 0.088889 -0.384115 0.389373 0.317779 0.207450 -0.067483 0.069491 0.308628 0.129479 0.376161 -0.318732 -0.055924 0.164485 0.097484 -0.284681 0.000180 -0.043459 0.270969 -0.129253 0.252029 -0.187600 0.044102 0.042213 -0.243317 -0.094753 -0.066955 -0.311233 -0.105581 -0.225737 -0.153798 -0.083940 -0.207302 -0.064944 -0.003205 -0.147530 -0.091145 -0.098242 0.085153 0.067394 0.007783 -0.087424 -0.153078 0.054479 0.072121 -0.196195 -0.047757 0.071208 0.268354 -0.340096 0.071905 -0.285282 -0.193673 0.156511 0.361348 -0.331561 -0.083099 -0.166015 0.168734 0.016834 0.070871 -0.240035 -0.195498 -0.470966 -0.347486 0.165450 0.188771 -0.113963 0.207533 0.128687 0.274026 -0.058970 0.155757 -0.039841 -0.213396 -0.032544 -0.013812 -0.027415 -0.065858 0.162190 0.057589 0.098030 -0.054210 0.162254 -0.234468 -0.070280 -0.082124 -0.058843 -0.247448 0.047450 -0.128957 -0.047687 -0.351997 -0.014302 -0.189045 -0.077592 -0.199786 -0.204400 0.037653
0.355686 0.084449 -0.152997 -0.299700 -0.209897 -0.301001 0.025922 -0.227086 0.001492 -0.253070 0.703397 0.091501 0.677194 0.058108 0.375751 -0.121547 1.000000 0.439783 0.013397 0.134757 0.002738 -0.350131 -0.149617 -0.148100 -0.437199 -0.356543 -0.514465 -0.292193 0.573663 0.390028 0.244669 0.245692 0.049125 0.023034 -0.234152 -0.284163 0.057235 -0.131874 -0.377966 -0.270872 -0.148274 -0.184044 0.210686 0.219987 0.222917 0.117141 0.062084 0.168805 0.123918 0.236777 -0.198095 0.071561 -0.094969 -0.111186 -0.275065 -0.191221 0.362402 0.128074 -0.009290 -0.026980 0.001729 -0.201255 0.448425 -0.041855 -0.168955 -0.496459 -0.058230 -0.210297 -0.104405 -0.076264 0.066960 -0.023508 0.490455 0.204415 0.299459 0.034707 0.318667 0.156288 0.184449 0.194356 0.524326 0.328381 0.343349 0.246789 -0.002998 0.068096 -0.058587 0.129726 -0.402052 -0.154431 0.062284 0.101814 -0.226806 -0.070606 -0.272031 -0.086165 0.012677 -0.085732 0.069276 -0.109583 -0.096953 -0.140082 -0.037577 0.045817 -0.312586 -0.247908 0.209809 0.154771 0.021963 0.080210 0.045161 0.310106 -0.052502 0.038978 -0.224349 0.022306
-0.140108 0.190273 -0.570887 -0.079478 -0.477749 -0.125347 -0.467617 -0.345710 -0.438255 -0.431863 -0.039150 0.140879 -0.099364 -0.194515 -0.069953 -0.199162 0.439783 1.000000 -0.189694 0.332442 -0.040943 -0.261014 -0.147318 0.099513 -0.212700 -0.145747 -0.409541 -0.165008 0.512690 0.596483 0.191442 0.336518 0.441799 0.312681 0.258368 -0.213537 0.376432 0.233137 -0.009416 0.215488 0.029367 0.204393 0.102427 0.162934 0.021741 -0.030080 0.181630 0.093303 -0.304848 -0.072888 -0.346309 -0.243678 -0.197606 -0.253088 0.063608 0.043713 0.306896 0.524342 -0.247346 0.015128 -0.109455 -0.103108 0.278644 0.458640 -0.167241 -0.282757 -0.085653 -0.236115 0.239819 0.086489 -0.113496 0.186629 0.594863 0.610662 0.604460 0.325317 0.377836 0.353073 0.594573 0.726661 0.596611 0.734812 -0.152613 0.310205 0.225327 0.504878 0.094757 0.438062 -0.226710 -0.015838 -0.412716 -0.249415 -0.252085 -0.431554 0.051909 0.263643 0.202161 0.186941 -0.040157 0.127717 -0.303821 -0.230533 -0.209863 0.034356 0.002379 0.156638 -0.117670 0.029397 -0.095477 0.237130 0.183310 0.354508 -0.207049 0.258103 0.130342 0.179730
0.131356 -0.448065 0.547120 -0.148194 0.188250 -0.309241 0.491585 0.160782 0.266623 -0.029144 0.143462 -0.055732 0.225542 0.056659 0.199972 0.088889 0.013397 -0.189694 1.000000 0.133875 0.001920 -0.016478 0.136818 -0.168622 -0.146794 -0.235071 -0.141362 -0.272836 0.329419 0.183503 0.295645 0.063772 0.214778 0.242863 -0.022543 0.086719 0.133820 -0.110546 0.102499 -0.282441 0.189821 -0.163828 0.004063 -0.034163 -0.098760 -0.236272 -0.008936 -0.108233 -0.101720 -0.148785 -0.069310 -0.174798 -0.117779 0.019106 0.068340 -0.017311 -0.230235 -0.211910 -0.197468 -0.433719 0.030323 -0.286145 0.143036 -0.337856 0.477853 -0.170829 0.091285 -0.081995 -0.179981 -0.127497 -0.105821 -0.005693 0.234410 -0.056123 0.125983 0.101904 0.121180 0.032462 -0.271093 -0.201756 -0.044950 -0.085644 0.344395 0.023283 0.117136 -0.204219 -0.056969 -0.138289 0.349818 -0.324668 0.017902 -0.037243 -0.134128 0.154286 -0.063380 -0.007948 -0.240458 -0.062509 -0.100120 -0.337491 -0.139855 -0.059566 -0.007518 -0.071356 -0.078494 -0.169658 0.083373 -0.157634 0.092698 -0.316701 -0.075829 -0.192826 -0.267972 -0.255862 -0.332423 0.121368
-0.066128 0.150624 -0.340039 -0.260065 -0.170014 -0.092572 -0.364604 -0.448870 -0.438534 -0.306944 -0.140913 -0.132553 -0.277990 -0.439508 -0.077926 -0.384115 0.134757 0.332442 0.133875 1.000000 0.010080 0.064639 -0.159236 0.230668 -0.078574 -0.247554 -0.200037 -0.205646 0.382064 0.273783 0.084293 0.329650 0.223859 0.204300 -0.007330 -0.379289 0.396369 0.078219 0.207460 0.104294 0.236235 0.349454 -0.022722 -0.037140 -0.007544 -0.132220 0.001778 0.163918 -0.226882 -0.095219 -0.482108 -0.306654 -0.107075 -0.083886 0.063455 -0.176567 0.139899 0.320073 -0.013963 0.080734 -0.160276 -0.177020 0.068167 0.083343 -0.222915 -0.476803 0.178942 -0.055049 0.696346 0.470261 0.165379 0.123642 0.274627 0.273891 0.309770 0.217434 0.146555 0.290106 0.428137 0.185142 0.369685 0.430960 0.198448 0.464814 0.177508 0.080145 -0.007647 0.035138 0.107843 -0.128650 0.019143 0.221743 -0.095758 -0.178007 0.033398 0.212431 -0.104054 0.068669 -0.093998 0.085120 -0.380219 0.136301 0.043703 0.287752 0.168561 0.177984 0.023707 0.186754 0.222119 0.376803 0.225972 0.274657 -0.029901 -0.000842 -0.071490 0.093358
-0.005652 -0.143866 -0.114956 0.068301 -0.105093 0.662703 0.072253 -0.071820 0.137787 0.400457 0.059600 -0.218421 0.062523 -0.222275 0.520490 0.389373 0.002738 -0.040943 0.001920 0.010080 1.000000 0.615035 0.206017 0.201649 0.477139 0.546312 0.116921 0.525972 -0.126627 -0.232416 0.573338 0.449936 -0.297174 0.008346 0.061629 0.071843 -0.141727 0.146407 -0.100752 0.000349 -0.188623 0.095479 -0.055763 -0.133489 -0.232709 -0.137359 -0.300905 -0.226996 -0.319469 -0.271139 -0.012977 -0.242912 -0.287799 -0.225234 -0.235570 -0.229110 0.364865 0.195457 -0.258795 -0.180757 -0.146064 -0.212610 0.128817 0.041161 0.073705 -0.019271 -0.268585 0.044798 0.067077 0.053371 0.473885 0.383460 -0.255279 -0.019736 -0.168016 0.109220 0.023898 0.123037 0.073065 -0.026237 -0.041346 -0.010523 0.096166 0.250699 0.184613 0.267254 -0.213652 0.210320 -0.176834 0.065544 -0.021826 0.061292 0.195181 0.015025 -0.039911 -0.168331 -0.023436 0.018910 -0.033984 0.265214 -0.003145 -0.216146 -0.202333 -0.090230 0.253328 0.121190 -0.066299 -0.189918 -0.041639 -0.193069 0.179144 0.079692 0.157468 0.182935 0.261773 -0.040331
-0.119731 -0.132572 -0.113206 0.188974 0.005125 0.551673 -0.043283 0.090628 -0.023446 0.428401 -0.232187 -0.237727 -0.245510 -0.196603 0.263047 0.317779 -0.350131 -0.261014 -0.016478 0.064639 0.615035 1.000000 0.049157 0.202044 0.380033 0.532630 0.211063 0.509361 -0.222060 -0.176296 0.283852 0.217017 -0.129219 0.129047 0.211342 0.232602 0.024988 0.334793 0.249352 0.393836 0.311697 0.369769 -0.216829 -0.298670 -0.296734 -0.139851 -0.302227 -0.239342 -0.385413 -0.392546 -0.128621 -0.301178 -0.212926 -0.016069 0.011253 -0.015539 0.161147 0.087515 -0.312455 -0.196664 -0.194429 -0.071195 -0.121637 -0.079111 0.175786 0.180517 -0.227388 0.160305 0.176722 0.232788 0.338255 0.406959 -0.306373 -0.148719 -0.197352 0.159589 -0.177663 -0.071273 0.159996 -0.118977 -0.222146 -0.015859 0.128591 0.147806 0.197655 0.154568 -0.134452 0.045235 0.140134 0.053369 0.087579 0.035219 0.367062 -0.022576 0.285217 0.084062 0.029577 0.120368 0.094251 0.180783 0.157800 -0.105545 0.075721 -0.134527 0.345213 0.396708 -0.065148 -0.100173 -0.007612 0.040460 0.066354 -0.088995 0.072485 0.058719 0.316038 0.062356
-0.081570 -0.351311 0.114527 0.489059 -0.099985 0.230160 0.090155 0.035054 0.212903 -0.122308 -0.063226 -0.045685 -0.125053 -0.195340 0.194380 0.207450 -0.149617 -0.147318 0.136818 -0.159236 0.206017 0.049157 1.000000 0.654348 0.607798 0.572438 0.474605 0.519205 -0.274624 -0.274747 0.286579 0.409141 -0.328164 0.074508 0.322015 0.285295 -0.013299 0.335163 0.009065 0.218041 0.019600 -0.015099 -0.355309 -0.249084 -0.391428 -0.328841 -0.371808 -0.271504 -0.280079 -0.327950 0.176940 -0.250378 -0.391940 -0.230954 -0.329730 -0.222845 0.056493 -0.034436 -0.278923 -0.374213 -0.245664 -0.340133 -0.317921 -0.351318 0.332511 0.224544 -0.360272 -0.166820 -0.179345 -0.216810 0.059043 0.206278 -0.245527 0.052753 0.026897 0.133394 0.293856 0.285185 0.051547 0.005597 -0.138538 -0.199838 0.154455 0.178351 0.364265 0.227851 0.337409 0.414362 0.209721 0.093548 -0.172683 -0.055855 0.164518 0.127655 -0.072392 -0.044310 -0.149097 -0.039738 -0.339792 -0.222115 -0.050860 -0.212087 -0.122469 -0.046376 -0.010996 0.177241 0.023873 0.010701 0.014008 -0.118258 -0.023220 -0.324298 -0.295330 0.187897 0.169830 0.111954
-0.301467 -0.269917 -0.341463 0.691884 -0.293403 0.483318 -0.341725 0.020835 -0.140341 -0.074087 -0.391386 -0.119140 -0.455260 -0.441539 -0.021874 -0.067483 -0.148100 0.099513 -0.168622 0.230668 0.201649 0.202044 0.654348 1.000000 0.541444 0.653978 0.391439 0.629031 -0.222516 -0.222366 0.244083 0.579080 -0.194822 0.242773 0.363839 0.203090 0.124670 0.400094 0.149084 0.430129 0.188682 0.334153 -0.392196 -0.248705 -0.355732 -0.284430 -0.298165 -0.159987 -0.471173 -0.367780 -0.007227 -0.369414 -0.456925 -0.315203 -0.325645 -0.230685 0.222169 0.115068 -0.328679 -0.283453 -0.421969 -0.333342 -0.245981 -0.187762 0.196611 0.208505 -0.321758 -0.190004 0.095048 -0.092659 0.208117 0.251552 -0.196520 0.129665 0.144784 0.252107 0.254501 0.408995 0.373465 0.126035 0.071494 0.030885 0.050899 0.365314 0.482397 0.360207 0.286539 0.471583 0.231277 0.176408 -0.210595 -0.027069 0.432256 -0.038363 0.015869 0.061459 -0.173248 -0.113863 -0.399206 -0.150208 -0.087279 -0.162517 -0.162862 -0.081170 0.000750 0.364347 -0.156437 0.115591 -0.109305 0.249010 0.010207 -0.245768 -0.243859 0.198609 0.318627 -0.078129
-0.278683 -0.195444 -0.082388 0.337352 0.015517 0.623030 -0.122631 -0.131087 0.165237 0.146323 -0.410103 -0.298892 -0.421574 -0.408874 0.037217 0.069491 -0.437199 -0.212700 -0.146794 -0.078574 0.477139 0.380033 0.607798 0.541444 1.000000 0.707214 0.567369 0.623030 -0.491750 -0.506533 0.206094 0.247743 -0.262800 -0.063364 0.260781 0.121609 -0.215916 0.212827 0.131270 0.228377 -0.088906 0.154637 -0.242900 -0.216657 -0.296727 -0.228188 -0.251407 -0.203640 -0.219137 -0.232339 0.355200 -0.140131 -0.174470 -0.100068 -0.229453 -0.131363 0.190464 0.148014 -0.203264 -0.069150 -0.191958 -0.165529 -0.131984 -0.017666 0.224597 0.319786 -0.198907 -0.044417 0.137431 0.002096 0.112090 0.130443 -0.514226 -0.114628 -0.254138 -0.077633 -0.080741 0.066682 0.138851 -0.069524 -0.197606 -0.148870 -0.121700 0.067451 0.172413 0.138211 -0.119213 0.203743 0.027007 0.072717 -0.045594 0.056403 0.312912 0.062487 0.018635 -0.212742 -0.072429 0.123773 -0.179140 0.159235 -0.081345 -0.072216 -0.212723 -0.020910 0.280954 0.242204 -0.117407 -0.173697 0.057880 -0.098078 0.126393 -0.124370 0.057916 0.374357 0.422980 -0.077139
-0.318828 -0.297554 -0.221279 0.707680 -0.227088 0.790128 -0.151877 0.185540 0.034335 0.280983 -0.369429 -0.181879 -0.334864 -0.265794 0.103416 0.308628 -0.356543 -0.145747 -0.235071 -0.247554 0.546312 0.532630 0.572438 0.653978 0.707214 1.000000 0.586775 0.929757 -0.520649 -0.407300 0.292542 0.332710 -0.311841 0.138034 0.486968 0.490672 -0.143918 0.395320 0.114470 0.436696 0.073580 0.257894 -0.334859 -0.257766 -0.363668 -0.127559 -0.386871 -0.307395 -0.438011 -0.390094 0.194850 -0.284176 -0.394804 -0.323952 -0.281846 -0.160505 0.167332 0.020725 -0.368409 -0.179978 -0.361023 -0.204587 -0.253982 -0.134994 0.226935 0.505310 -0.361849 0.098304 -0.052287 -0.052681 0.179155 0.328525 -0.449367 -0.100643 -0.197229 0.113962 0.031161 0.171370 0.197624 0.044658 -0.212754 -0.145336 -0.156426 0.062401 0.286081 0.428227 0.069700 0.371154 0.090967 0.222863 -0.188056 -0.113938 0.514253 0.033910 0.148822 -0.027295 -0.025848 0.006655 -0.217376 0.052870 0.172136 -0.213516 -0.127675 -0.152476 0.209732 0.353347 -0.234685 -0.075279 -0.182040 -0.049296 0.088509 -0.321543 -0.069960 0.304373 0.462581 -0.115534
-0.027960 -0.062968 0.178443 0.554827 0.242874 0.497632 0.072607 0.258382 0.234314 0.235449 -0.326942 0.003829 -0.293467 0.022923 -0.165617 0.129479 -0.514465 -0.409541 -0.141362 -0.200037 0.116921 0.211063 0.474605 0.391439 0.567369 0.586775 1.000000 0.602170 -0.565667 -0.452081 -0.183447 -0.137913 -0.228591 0.050418 0.147798 0.351429 -0.287639 0.050436 0.008459 0.154522 0.025802 0.127152 -0.448363 -0.355354 -0.340066 -0.237405 -0.307871 -0.311962 -0.169395 -0.311685 0.245330 -0.205480 -0.071843 -0.257752 -0.261130 -0.198230 -0.083138 -0.211794 -0.004547 0.085528 0.003865 0.069459 -0.170326 -0.052691 0.197696 0.516913 -0.061847 0.011784 -0.076568 -0.139792 0.152587 0.027414 -0.475640 -0.111590 -0.252285 -0.013480 -0.165505 -0.126666 -0.090118 -0.136180 -0.319658 -0.279202 -0.139262 -0.193974 -0.069760 0.082928 0.090662 -0.014935 0.259775 0.227668 -0.089428 -0.119308 0.411236 0.152440 0.092792 -0.254474 -0.255484 -0.241316 -0.294570 -0.155429 0.193169 0.075138 0.023303 -0.076865 0.028719 -0.017170 -0.308128 -0.081823 -0.215977 -0.194268 -0.254373 -0.476190 -0.089150 0.054477 0.113154 -0.271447
-0.179960 -0.174368 -0.289630 0.722595 -0.223936 0.765224 -0.227249 0.130958 0.097690 0.230134 -0.286292 -0.151015 -0.282314 -0.195128 0.182218 0.376161 -0.292193 -0.165008 -0.272836 -0.205646 0.525972 0.509361 0.519205 0.629031 0.623030 0.929757 0.602170 1.000000 -0.586873 -0.459261 0.146903 0.274750 -0.385624 0.006172 0.375653 0.436706 -0.203414 0.398099 0.073571 0.416585 0.040321 0.229547 -0.271672 -0.220742 -0.336762 -0.146845 -0.363198 -0.228595 -0.340076 -0.340867 0.179569 -0.223186 -0.335164 -0.262815 -0.254279 -0.154471 0.319149 0.035945 -0.250520 -0.160547 -0.327622 -0.215481 -0.286341 -0.130430 0.087134 0.434351 -0.408159 0.046748 -0.022665 -0.054044 0.225354 0.273054 -0.514083 -0.149220 -0.219261 0.037788 -0.023494 0.112457 0.143760 0.011304 -0.259155 -0.242906 -0.140643 0.050239 0.206092 0.379045 0.112588 0.365946 0.061569 0.279527 -0.097754 -0.048918 0.527675 0.039357 0.121128 -0.034350 -0.037371 -0.024401 -0.142928 0.144736 0.190864 -0.166995 -0.080555 -0.100696 0.169483 0.299128 -0.177616 -0.029741 -0.176440 0.001831 0.058753 -0.275321 0.039548 0.273983 0.394787 -0.115508
0.182716 -0.027503 -0.011841 -0.420648 -0.056545 -0.416212 0.089347 -0.184625 -0.149684 -0.168811 0.318823 0.110973 0.330472 -0.002283 0.078629 -0.318732 0.573663 0.512690 0.329419 0.382064 -0.126627 -0.222060 -0.274624 -0.222516 -0.491750 -0.520649 -0.565667 -0.586873 1.000000 0.740688 0.295843 0.224884 0.505859 0.358640 -0.041632 -0.281000 0.419418 -0.100282 0.020079 -0.116256 0.115659 0.023249 0.030832 0.038112 0.061256 -0.080704 0.165846 0.005272 -0.196149 -0.045368 -0.518339 -0.259200 -0.182983 -0.197907 0.090083 -0.023735 -0.010398 0.049912 -0.152164 -0.124800 0.113022 -0.091130 0.456136 0.125730 0.001384 -0.516724 0.149281 -0.201972 0.041875 0.008386 -0.100886 0.017663 0.866569 0.326389 0.464087 0.249494 0.274067 0.157694 0.201480 0.366624 0.547918 0.575783 0.279037 0.275260 0.100154 0.039794 -0.085677 0.036359 -0.047287 -0.227172 -0.166624 -0.103639 -0.363553 -0.284753 -0.048453 0.137698 -0.068958 -0.040104 -0.045387 -0.184171 -0.289797 -0.129630 -0.014691 -0.047692 -0.118681 -0.028292 0.036505 0.016059 -0.004389 0.143615 -0.031721 0.184381 -0.216302 -0.026484 -0.060248 0.182761
0.153754 0.193648 -0.181101 -0.202927 -0.253424 -0.440162 -0.047310 0.015877 -0.320141 -0.247879 0.210554 0.350259 0.190195 0.219793 -0.038461 -0.055924 0.390028 0.596483 0.183503 0.273783 -0.232416 -0.176296 -0.274747 -0.222366 -0.506533 -0.407300 -0.452081 -0.459261 0.740688 1.000000 0.206772 0.184526 0.572999 0.518546 0.113477 -0.155867 0.495043 0.166675 -0.013559 0.020104 0.284844 0.199092 -0.049968 0.037175 -0.029774 -0.047012 0.103345 -0.030452 -0.312095 -0.132642 -0.617531 -0.280569 -0.146814 -0.207595 0.153279 0.074879 -0.020084 0.184514 -0.268017 -0.091251 0.112683 0.123698 0.241784 0.269027 -0.002493 -0.279250 -0.045093 -0.228870 -0.041479 -0.100813 -0.166576 0.118478 0.830164 0.547349 0.610903 0.481595 0.342811 0.273057 0.282323 0.386330 0.416728 0.591925 0.191421 0.321421 0.118163 0.272016 0.187123 0.124155 0.055498 -0.165569 -0.314782 -0.404564 -0.395807 -0.481661 0.094260 0.267183 0.040027 0.063581 0.014775 -0.206200 -0.186166 -0.237376 -0.000676 -0.089140 -0.220841 -0.039291 -0.062863 0.039233 -0.056782 0.025082 -0.068890 0.112104 -0.394599 -0.131273 -0.165796 0.235176
-0.042339 -0.339286 -0.078820 0.039883 -0.329578 0.241098 0.121876 0.075097 -0.153077 0.052787 0.126046 0.022427 0.116197 -0.260681 0.419340 0.164485 0.244669 0.191442 0.295645 0.084293 0.573338 0.283852 0.286579 0.244083 0.206094 0.292542 -0.183447 0.146903 0.295843 0.206772 1.000000 0.811232 0.062262 0.408637 0.116987 -0.157201 -0.000948 0.165779 -0.165089 0.001970 -0.128841 -0.022185 0.050052 0.084821 -0.097500 -0.107908 -0.069420 -0.153514 -0.387090 -0.201921 -0.181826 -0.241355 -0.332971 -0.184062 -0.320275 -0.146981 0.166696 0.118783 -0.450384 -0.392425 -0.294302 -0.351224 0.223443 -0.163938 0.333140 -0.147234 -0.267312 -0.207189 -0.153790 -0.171804 0.249066 0.418186 0.191296 0.326216 0.299892 0.420723 0.393677 0.409618 0.144534 0.119103 0.159765 0.140145 0.348013 0.492335 0.516800 0.448163 -0.001705 0.368446 -0.065488 -0.272081 -0.277452 -0.237599 -0.060690 -0.228628 -0.093159 0.101043 0.029793 -0.027201 -0.098662 -0.176736 -0.205382 -0.449089 -0.229271 -0.278162 -0.057963 0.080796 -0.181443 -0.104544 -0.075836 -0.119161 0.132723 0.111596 -0.281742 0.046153 0.061714 -0.009575
-0.126424 -0.213351 -0.385847 0.205038 -0.507014 0.235274 -0.208063 -0.106386 -0.306843 -0.182592 0.027849 0.045130 -0.080974 -0.389491 0.377330 0.097484 0.245692 0.336518 0.063772 0.329650 0.449936 0.217017 0.409141 0.579080 0.247743 0.332710 -0.137913 0.274750 0.224884 0.184526 0.811232 1.000000 -0.065015 0.427069 0.207230 -0.182347 0.096986 0.368266 -0.119963 0.159548 -0.051134 0.107439 -0.022104 0.064599 -0.117698 -0.101384 -0.124332 -0.053216 -0.432057 -0.209256 -0.260287 -0.280712 -0.437012 -0.248187 -0.359164 -0.204123 0.309419 0.296021 -0.415056 -0.361709 -0.426260 -0.452450 -0.014862 -0.195771 0.131544 -0.196266 -0.346867 -0.236921 0.028660 -0.110319 0.280060 0.474438 0.132047 0.422067 0.406814 0.491981 0.481366 0.584023 0.328853 0.255998 0.187427 0.180433 0.397287 0.719270 0.622281 0.558777 0.200621 0.548513 -0.009993 -0.183255 -0.284254 -0.209923 -0.018531 -0.360959 -0.088437 0.203212 0.062455 -0.006073 -0.117503 -0.125066 -0.302758 -0.448625 -0.225746 -0.171350 -0.050721 0.205530 -0.105372 0.083964 -0.018923 0.100117 0.195150 0.160202 -0.287668 0.120416 0.076574 0.082445
-0.185589 0.059536 -0.101405 -0.152341 -0.062792 -0.287920 -0.170887 0.009172 -0.224903 -0.226483 -0.200211 0.121459 -0.156796 -0.050655 -0.259463 -0.284681 0.049125 0.441799 0.214778 0.223859 -0.297174 -0.129219 -0.328164 -0.194822 -0.262800 -0.311841 -0.228591 -0.385624 0.505859 0.572999 0.062262 -0.065015 1.000000 0.450607 0.136932 -0.164246 0.312979 -0.068590 0.294040 0.117267 0.253887 0.363735 0.236389 0.295537 0.158330 -0.027008 0.479757 0.142104 -0.134921 0.067164 -0.246399 -0.034583 0.098680 0.107733 0.389072 0.450278 -0.174196 0.106466 -0.308074 -0.047854 -0.159684 0.043560 0.245160 0.299168 0.091868 -0.143875 0.140099 -0.297273 0.011705 -0.074841 -0.375710 -0.111492 0.597339 0.359866 0.479898 0.177462 0.118646 -0.025983 0.194425 0.309519 0.267633 0.463477 -0.087729 0.019984 0.032131 0.049378 0.030639 0.001714 0.087460 -0.133088 -0.382698 -0.444426 -0.326434 -0.463569 0.180180 0.183549 0.103077 0.163329 0.065342 -0.111712 -0.303953 -0.258190 -0.120375 -0.236030 -0.086543 0.092090 -0.345948 -0.245956 -0.142581 -0.021874 -0.039684 0.153531 -0.291586 -0.039365 -0.037151 0.058549
0.013015 -0.127457 -0.104418 0.270018 -0.212331 -0.017328 -0.018759 0.295055 -0.295345 -0.077037 -0.113951 0.294858 -0.080609 0.001245 -0.042080 0.000180 0.023034 0.312681 0.242863 0.204300 0.008346 0.129047 0.074508 0.242773 -0.063364 0.138034 0.050418 0.006172 0.358640 0.518546 0.408637 0.427069 0.450607 1.000000 0.418407 0.241113 0.243823 0.251019 0.084552 0.169332 0.353616 0.318288 -0.347662 -0.220908 -0.239291 -0.160007 -0.193382 -0.370230 -0.588431 -0.447052 -0.343219 -0.510423 -0.377531 -0.426753 -0.092602 -0.079543 -0.122492 0.096772 -0.481898 -0.239546 -0.079320 -0.070669 0.203106 0.044921 0.465171 0.216231 -0.103588 -0.098911 -0.174615 -0.244287 -0.106402 0.253506 0.381555 0.408672 0.468887 0.597832 0.366205 0.424566 0.247872 0.241746 0.153359 0.366549 0.270424 0.394164 0.432435 0.448405 0.206358 0.210003 0.365956 -0.098882 -0.544926 -0.598651 -0.025989 -0.405562 0.116237 0.243134 -0.129517 -0.112191 -0.313033 -0.436865 -0.045932 -0.393852 -0.013140 -0.346359 -0.124532 0.056095 -0.270431 0.055523 -0.191798 -0.157240 -0.133275 -0.311037 -0.657413 -0.103508 -0.125899 -0.011598
-0.378318 -0.227549 -0.228027 0.414397 -0.294657 0.197765 -0.172811 0.078847 -0.292744 -0.080528 -0.453407 -0.101591 -0.436046 -0.225213 -0.241036 -0.043459 -0.234152 0.258368 -0.022543 -0.007330 0.061629 0.211342 0.322015 0.363839 0.260781 0.486968 0.147798 0.375653 -0.041632 0.113477 0.116987 0.207230 0.136932 0.418407 1.000000 0.554901 0.325659 0.469852 0.400907 0.433225 0.239220 0.352876 -0.283875 -0.269037 -0.228574 -0.066265 -0.265144 -0.341953 -0.513937 -0.424585 -0.037643 -0.477255 -0.492619 -0.373860 0.130598 -0.052847 0.016615 0.130189 -0.432216 -0.268820 -0.188089 -0.116473 -0.206639 -0.002596 0.248060 0.343744 -0.133720 0.148961 0.040422 0.065943 -0.219038 0.239437 0.132912 0.169484 0.240983 0.302775 0.315447 0.332009 0.356060 0.347914 0.051283 0.238076 -0.199659 0.053313 0.395428 0.398758 0.176608 0.348109 0.277909 0.009086 -0.501158 -0.293592 0.208497 -0.180545 0.129312 0.339869 0.011570 0.284310 -0.308647 0.061908 0.107097 -0.141438 0.056125 -0.005684 0.407232 0.502341 -0.033516 -0.148666 0.052543 0.056763 0.221605 -0.231738 -0.331983 0.293616 0.399363 0.178876
-0.102041 -0.326714 0.208621 0.522045 0.175381 0.234766 0.223614 0.456710 0.293208 0.317424 -0.167594 -0.012210 -0.059646 0.172428 -0.047618 0.270969 -0.284163 -0.213537 0.086719 -0.379289 0.071843 0.232602 0.285295 0.203090 0.121609 0.490672 0.351429 0.436706 -0.281000 -0.155867 -0.157201 -0.182347 -0.164246 0.241113 0.554901 1.000000 0.080977 0.297042 0.285205 0.269657 0.283304 0.174271 -0.442098 -0.431763 -0.347092 -0.092123 -0.450910 -0.481590 -0.385753 -0.420485 0.093419 -0.333619 -0.506143 -0.330014 0.062511 -0.040758 -0.135511 -0.225381 -0.313451 -0.312425 -0.027005 0.011146 -0.187409 -0.208834 0.395864 0.562175 -0.186212 0.261947 -0.291558 -0.083167 -0.136647 0.107981 -0.185822 -0.208775 -0.171107 0.061206 0.068839 0.077484 -0.089135 -0.033473 -0.135890 -0.144916 -0.085447 -0.264538 0.099897 0.025341 0.143558 0.034122 0.373154 0.257000 -0.215707 -0.184543 0.438464 0.218359 0.205228 0.066846 -0.207271 -0.027091 -0.326249 -0.131524 0.418549 -0.096091 0.232749 -0.140765 0.124141 0.203126 -0.043317 -0.018532 -0.159084 -0.234463 -0.104600 -0.592468 -0.223028 0.090003 0.194172 -0.000570
