1.000000 0.289764 0.033379 -0.119817 -0.211164 -0.207642 -0.255455 -0.363976 -0.170639 -0.212103 0.214514 -0.111192 -0.077726 -0.119474 0.017606 -0.197968 0.081074 0.320199 0.180649 0.193920 -0.134828 -0.005411 0.066866 -0.028655 0.016522 -0.149627 -0.023436 0.057458 0.140974 0.046212 -0.120638 -0.033253 0.020450 0.074581 -0.034487 -0.395516 0.085261 0.073361 0.106981 0.029351 0.174668 0.139307 -0.058406 -0.081779 -0.234255 -0.340726 0.001900 0.010401 -0.083427 -0.113868 0.124837 -0.030677 0.145678 0.308031 0.276087 0.005719 0.489468 0.381526 0.202209 -0.121717 -0.010749 -0.268771 0.173028 -0.029825 -0.105747 -0.344738 0.234694 -0.280869 0.260727 0.214067 -0.098802 -0.034386 0.147682 0.037439 0.236651 0.074952 0.229639 0.123631 0.201397 0.249783 0.000307 0.260744 -0.060263 0.052373 0.009814 -0.070021 -0.080433 0.152831 -0.074323 -0.180024 -0.209597 -0.197097 -0.322140 -0.113656 0.259586 0.221752 0.161507 0.132048 -0.035156 0.060008 -0.306890 0.215248 -0.370785 0.123677 -0.193890 0.041987 -0.113532 0.124176 -0.000693 0.106453 0.142243 0.125533 0.053330 0.342606 0.016050 0.033031
0.289764 1.000000 -0.436854 -0.188515 -0.071989 -0.076529 -0.384859 -0.110144 0.011296 -0.036815 -0.152018 -0.090838 -0.030139 0.056132 -0.313118 -0.039327 0.338529 0.118441 0.366641 0.494692 -0.035401 -0.008942 -0.296297 -0.511169 0.166844 -0.146682 0.180673 -0.139179 -0.044453 0.267681 -0.361571 -0.385059 0.386671 0.211418 -0.208126 -0.310744 -0.230452 -0.127695 -0.354979 -0.075846 -0.270539 -0.038078 -0.131435 -0.073744 0.061050 -0.012802 -0.098594 -0.011999 -0.257752 0.059630 -0.238946 -0.162992 -0.062499 -0.157396 -0.428674 -0.115227 0.632646 0.719968 0.075415 0.454394 -0.027539 0.469216 0.251727 0.423206 -0.334889 -0.066796 0.251197 -0.166227 0.514495 0.439857 -0.151667 -0.459625 0.040373 -0.024239 -0.064639 0.042539 -0.174557 -0.112461 0.042398 0.188790 0.451889 0.500605 -0.180071 0.198955 0.086875 -0.105796 0.029243 -0.037608 -0.138048 -0.147689 -0.119674 -0.127023 -0.135701 -0.267728 -0.172017 -0.094545 0.003789 -0.188915 0.034411 0.156187 -0.140547 0.236132 -0.178782 -0.271397 -0.337778 -0.335699 -0.120042 -0.154837 -0.141968 0.042789 -0.135726 0.049360 0.197672 0.021287 -0.479609 -0.234171
0.033379 -0.436854 1.000000 0.030669 0.353396 0.176894 0.237054 0.044062 0.203247 -0.224953 0.128563 -0.234783 -0.092051 -0.268233 0.160095 -0.149738 -0.280132 -0.063883 -0.291622 -0.550581 0.052049 -0.032484 0.517136 0.356859 0.336487 0.630459 0.027157 0.268897 -0.282130 -0.363704 0.135612 0.141832 -0.330660 -0.178510 0.395799 0.381850 0.072807 -0.034435 0.439034 -0.011351 0.198218 0.107089 -0.078718 -0.093553 -0.242859 -0.223254 -0.092562 -0.072557 0.211624 -0.250806 0.259217 -0.000613 0.037086 -0.059805 0.292241 0.006945 -0.303338 -0.092081 -0.012304 -0.105415 0.089025 -0.248154 -0.176993 -0.121782 0.398932 -0.053190 0.031871 0.265124 -0.330501 -0.256395 0.034678 0.173272 -0.206369 -0.055585 0.045795 -0.052465 -0.088860 -0.112260 -0.243329 -0.306195 -0.276567 -0.125224 0.027500 -0.376794 0.132345 -0.169072 0.088873 -0.013736 0.247664 0.083064 0.164365 0.202654 -0.029287 0.413217 0.107036 0.106145 0.010731 -0.012598 -0.137015 -0.231571 -0.010376 -0.146820 -0.176732 -0.051170 -0.107551 0.145919 0.077914 0.263681 0.033485 -0.177640 0.291421 -0.171690 -0.261732 0.104979 0.353469 -0.150049
-0.119817 -0.188515 0.030669 1.000000 0.125680 0.160152 0.517012 0.581216 0.108407 0.504206 -0.283810 0.645337 -0.131800 0.338771 0.117483 0.351506 -0.271872 -0.282691 0.026904 -0.049483 -0.008865 -0.017795 -0.163067 0.501320 -0.305216 -0.285157 -0.121162 -0.262259 -0.116154 -0.125405 0.154175 0.293646 -0.269262 -0.057329 -0.206016 -0.080159 -0.279412 -0.254003 -0.263480 0.151940 -0.075041 -0.110139 -0.290673 -0.373059 -0.356099 -0.302139 -0.319160 -0.316778 -0.312123 -0.457126 -0.087136 -0.219100 -0.181092 -0.139851 -0.179095 -0.431732 -0.325231 -0.403181 -0.391788 -0.378751 0.173506 -0.042293 -0.194034 -0.289373 0.465141 0.297054 -0.466365 0.093632 -0.365124 -0.167881 0.196169 0.233252 -0.256838 0.051406 0.001948 0.088348 -0.071634 0.197090 0.017662 -0.170857 -0.226118 -0.472456 0.004575 0.253321 -0.149344 0.511304 0.000168 0.133075 -0.020043 0.307888 0.131243 0.191552 0.769076 0.298735 -0.213813 -0.055439 -0.349135 -0.213642 -0.406034 -0.431331 0.450688 -0.000866 0.095248 0.020787 0.027763 0.274401 -0.085465 0.342583 -0.015358 -0.193875 -0.392871 -0.377761 -0.238635 0.002789 0.023187 -0.084230
-0.211164 -0.071989 0.353396 0.125680 1.000000 0.419275 0.419021 0.361901 0.676419 0.069144 -0.285858 -0.124241 -0.039628 -0.422493 -0.084829 -0.017537 -0.169449 -0.179938 -0.032294 -0.198894 -0.004886 0.013748 -0.073763 -0.061889 0.387947 0.356971 0.174615 -0.034496 -0.107163 -0.087606 -0.039550 -0.047000 -0.000361 0.001840 0.105843 0.284784 -0.237551 -0.302663 -0.048776 0.025092 -0.156533 -0.145502 -0.183747 -0.170629 -0.010610 0.025837 -0.166021 -0.171929 -0.092987 -0.189860 -0.145728 -0.312306 -0.204059 -0.460621 -0.123650 -0.095311 -0.044416 0.074426 -0.021006 0.212164 0.427374 0.228647 0.210542 0.126101 0.320516 0.182546 0.015307 0.324475 -0.167242 -0.066950 0.022998 -0.054421 -0.178391 -0.194294 -0.219588 0.029313 -0.211912 -0.000535 -0.184864 -0.193301 0.046749 0.066221 -0.042845 0.036484 -0.083005 -0.228851 0.044914 -0.349654 0.070950 0.128865 0.217678 0.302082 0.202381 0.192136 -0.022141 0.109125 -0.199977 0.019406 -0.135307 -0.043988 0.157364 -0.120535 -0.011720 -0.108126 -0.069814 0.106206 0.051728 0.185965 -0.016995 -0.092742 0.053458 -0.084953 -0.113817 -0.028245 0.182555 -0.056083
-0.207642 -0.076529 0.176894 0.160152 0.419275 1.000000 0.056583 0.271955 0.285130 -0.128044 -0.136419 0.150559 0.175062 -0.091590 0.006419 0.455477 -0.215628 -0.179823 -0.061465 -0.119428 -0.157173 -0.101480 -0.245616 -0.058918 -0.094943 0.263724 -0.172308 -0.184213 -0.278739 -0.116109 -0.409772 -0.312491 -0.009914 -0.168052 0.041262 0.138663 -0.279047 -0.200614 -0.020683 0.003672 -0.110959 -0.188096 -0.040045 -0.026050 0.121660 0.154951 0.013193 -0.058944 0.189088 0.070080 0.037357 0.029927 -0.002590 -0.196480 -0.114851 0.150852 -0.184295 -0.124061 0.172465 0.286448 0.439502 0.409847 0.119938 0.162524 0.001799 0.448153 0.072369 0.072508 -0.223113 -0.139775 -0.161592 -0.261589 -0.324427 -0.267608 -0.203073 0.046521 -0.019952 0.135006 -0.127997 -0.280483 -0.165162 -0.250581 -0.151085 0.067651 -0.312455 -0.232793 -0.033392 -0.107681 -0.120382 0.270201 0.207249 0.266772 0.378632 0.068538 -0.100618 0.263366 -0.037370 0.047516 0.026956 0.066828 0.068178 -0.287049 0.123201 0.071855 0.190878 0.105661 -0.193847 0.176834 -0.028641 -0.024642 -0.001857 -0.067181 0.097399 -0.000791 0.229617 -0.051973
-0.255455 -0.384859 0.237054 0.517012 0.419021 0.056583 1.000000 0.541038 0.430187 0.569093 -0.166355 0.403044 0.118426 0.157870 0.236910 0.263768 -0.244001 -0.308672 -0.006337 -0.365541 0.084876 0.163794 -0.053626 0.254018 -0.284814 -0.162816 0.016426 -0.165971 0.214245 -0.024942 0.420168 0.392608 -0.295356 0.054206 -0.189668 0.143331 -0.104296 -0.264878 -0.104378 -0.013988 -0.080431 -0.218048 -0.206997 -0.318739 -0.258981 -0.203612 -0.309343 -0.347709 -0.261201 -0.432294 -0.358554 -0.371315 -0.310308 -0.259800 -0.134334 -0.358551 -0.334264 -0.397763 -0.247721 -0.322867 0.428231 -0.030151 -0.137805 -0.319710 0.523807 0.299586 -0.469108 0.120384 -0.423632 -0.430302 0.119235 0.247499 0.027528 0.047705 0.012704 -0.048138 -0.148972 -0.010409 -0.039469 -0.127105 -0.247610 -0.272079 0.277275 0.115145 -0.168642 0.316910 0.024248 -0.009551 0.088428 0.293830 0.099764 0.235821 0.422261 0.230028 -0.002965 -0.083309 -0.407896 -0.164384 -0.350273 -0.427713 0.274182 -0.226535 0.176503 -0.045301 -0.055199 0.186668 0.061313 0.133489 0.060966 -0.290993 -0.396184 -0.275404 -0.347273 -0.074247 0.184997 0.133981
-0.363976 -0.110144 0.044062 0.581216 0.361901 0.271955 0.541038 1.000000 0.436603 0.472563 -0.271041 0.529442 0.131917 0.340537 -0.202741 0.380937 -0.116984 -0.438776 0.051347 -0.245833 -0.077187 -0.154829 -0.386446 -0.040927 -0.213555 -0.064648 -0.123700 -0.361264 -0.140826 0.241525 -0.025571 0.057124 0.026255 0.079083 -0.011105 0.274487 -0.299504 -0.254567 -0.346613 -0.101633 -0.182853 -0.141623 -0.192665 -0.263321 -0.059647 0.053084 -0.255813 -0.254997 -0.195901 -0.188450 -0.292590 -0.231483 -0.205552 -0.316928 -0.379475 -0.406865 -0.316547 -0.370029 -0.292601 -0.018863 0.360789 0.471248 -0.055312 0.029599 0.237763 0.659101 -0.405759 0.191687 -0.446507 -0.363179 0.056378 0.060571 -0.010866 0.116534 -0.077161 0.300488 -0.118763 0.163483 -0.343439 -0.268519 -0.159009 -0.418833 -0.117421 0.177383 -0.162231 0.119315 -0.254482 -0.150869 -0.080198 0.299417 0.358387 0.333910 0.676112 0.067477 -0.287032 -0.159341 -0.473222 -0.271519 -0.340124 -0.294779 0.508484 -0.155972 0.375992 -0.106815 0.034334 0.058994 -0.066231 0.137495 -0.124616 -0.169316 -0.488565 -0.241738 -0.016774 -0.124341 0.076383 -0.116103
-0.170639 0.011296 0.203247 0.108407 0.676419 0.285130 0.430187 0.436603 1.000000 0.018538 -0.108655 0.059260 0.290463 -0.114375 -0.230424 0.223077 0.112933 -0.123778 0.079677 -0.158411 -0.402915 -0.302212 -0.379710 -0.227417 0.018633 0.138715 -0.260752 -0.382712 -0.168973 0.045246 -0.247375 -0.193723 -0.011300 0.033228 -0.065536 0.248861 -0.128909 -0.120268 -0.169546 -0.122046 -0.161581 -0.049523 -0.121835 -0.126440 0.043591 0.001651 -0.109092 -0.131123 0.049543 -0.082864 -0.111641 -0.152903 0.029260 -0.270676 -0.188284 -0.030376 -0.106012 -0.005016 0.102039 0.286488 0.599679 0.392373 0.091168 0.211596 0.162840 0.343130 0.041283 0.234792 -0.185042 -0.169006 -0.095858 -0.164888 -0.078103 -0.027532 -0.206225 0.078396 -0.155843 -0.025744 -0.220099 -0.208716 -0.032413 -0.058181 0.045775 0.060588 -0.152130 -0.226958 -0.128732 -0.243400 0.012102 0.220145 0.362841 0.310635 0.283060 0.142099 -0.089277 0.019079 -0.170601 -0.065174 -0.075553 0.003196 0.126686 -0.105094 0.110217 0.012432 0.040318 -0.061878 -0.043172 0.072473 0.003630 -0.067839 -0.053494 0.010611 0.092345 -0.016824 -0.008834 -0.014639
-0.212103 -0.036815 -0.224953 0.504206 0.069144 -0.128044 0.569093 0.472563 0.018538 1.000000 -0.204050 0.442407 0.035256 0.403103 0.341213 0.385475 -0.157900 -0.353608 0.047521 -0.110673 0.403169 0.265721 -0.158504 0.179812 -0.395821 -0.384623 0.346149 -0.147575 0.066991 0.086464 0.432734 0.396834 -0.231352 0.035739 -0.202509 -0.020859 -0.247960 -0.107696 -0.266833 -0.013685 -0.265183 -0.083989 -0.238989 -0.282436 -0.308708 -0.219315 -0.381816 -0.260570 -0.424064 -0.428610 -0.506018 -0.213148 -0.353390 -0.097901 -0.274651 -0.408438 -0.100395 -0.170062 -0.484449 -0.299371 0.117274 0.041538 -0.213326 -0.362418 0.256209 0.179748 -0.523791 0.066595 -0.173129 -0.088693 0.115668 0.174992 -0.059048 0.153257 0.051733 0.104010 -0.187243 -0.041672 -0.040529 0.025191 -0.103659 -0.181959 0.232780 0.307203 -0.088813 0.399473 0.018914 0.072175 0.009053 0.216787 -0.109445 0.004100 0.346967 -0.042678 -0.175131 -0.199517 -0.367154 -0.238656 -0.412418 -0.445273 0.342494 0.030381 0.153757 -0.060938 -0.158354 0.088630 0.031585 0.060862 -0.115353 -0.174288 -0.488909 -0.384713 -0.328701 -0.128553 -0.039372 0.038956
0.214514 -0.152018 0.128563 -0.283810 -0.285858 -0.136419 -0.166355 -0.271041 -0.108655 -0.204050 1.000000 -0.026581 0.525949 0.260150 0.208983 0.150016 0.479333 0.208949 -0.021900 -0.168684 0.062009 -0.065820 0.199498 0.116701 -0.133743 -0.040765 -0.036649 0.066162 0.090701 0.046945 0.116979 0.122309 -0.211925 -0.105718 0.115638 0.024387 0.265664 0.324825 0.296019 -0.007032 0.108107 0.256755 0.126264 0.128302 -0.125093 -0.198026 0.023198 0.096820 0.135674 -0.000799 0.067512 0.143927 0.243113 0.302069 0.099777 0.119480 -0.205617 -0.070563 0.152377 -0.144703 -0.116775 -0.257096 -0.292018 -0.055431 -0.143025 -0.121439 -0.035892 -0.222668 -0.127397 -0.180678 0.022054 0.310937 0.251229 0.228285 0.138036 0.166886 0.181009 -0.049895 -0.033203 0.243619 0.008043 0.034820 0.376005 -0.138206 0.435325 0.003462 0.112547 0.394710 0.320419 0.105036 -0.041615 -0.064873 -0.300872 -0.155382 -0.046763 -0.068880 0.111884 -0.012687 -0.019522 -0.073024 -0.203581 0.036002 -0.062546 -0.105252 -0.078804 -0.182642 0.175128 -0.203983 -0.105398 0.291187 0.021294 -0.048548 0.023632 -0.024827 0.012207 -0.196895
-0.111192 -0.090838 -0.234783 0.645337 -0.124241 0.150559 0.403044 0.529442 0.059260 0.442407 -0.026581 1.000000 0.060175 0.750835 0.044077 0.573505 -0.170297 -0.248885 -0.060313 -0.042319 -0.124638 -0.069628 -0.296451 0.182380 -0.537587 -0.409790 -0.229474 -0.399182 -0.026721 0.276595 0.109442 0.308573 -0.187008 0.089193 -0.049067 -0.057278 -0.024918 0.028055 -0.386194 -0.127497 0.018472 -0.121217 -0.196597 -0.346241 -0.313498 -0.251102 -0.267095 -0.343647 -0.234031 -0.368092 -0.125598 -0.067247 -0.050341 0.074684 -0.204321 -0.398442 -0.346621 -0.525350 -0.249930 -0.357822 0.344035 0.197362 -0.157957 -0.139676 0.351063 0.560853 -0.503681 -0.050461 -0.403966 -0.390933 -0.071400 0.126109 -0.026241 0.140819 -0.017142 0.249725 0.129103 0.315161 -0.017017 0.010825 -0.268252 -0.493216 -0.018967 0.357972 -0.142883 0.670163 -0.054060 0.300278 -0.098262 0.376316 -0.055650 -0.082993 0.664249 0.054413 -0.134011 -0.021812 -0.361750 -0.268765 -0.438941 -0.536250 0.299981 -0.122233 0.262891 0.091969 0.097629 0.083291 -0.184151 0.012816 -0.118999 0.004884 -0.541270 -0.267638 0.022739 0.034104 0.159965 -0.122611
-0.077726 -0.030139 -0.092051 -0.131800 -0.039628 0.175062 0.118426 0.131917 0.290463 0.035256 0.525949 0.060175 1.000000 0.274864 0.162325 0.498362 0.459674 -0.108102 0.254620 -0.258162 -0.162466 -0.127904 -0.294506 -0.207392 -0.466030 -0.190475 -0.232719 -0.226403 0.123626 0.052191 -0.194025 -0.177673 -0.083513 -0.018729 -0.247368 0.111166 0.012791 0.104883 0.126153 -0.100204 -0.120355 -0.090988 0.080677 0.068888 0.091213 -0.017668 0.010339 0.036774 0.269782 0.071612 -0.193877 0.032837 0.319012 0.114984 0.031037 0.129458 -0.136670 -0.080175 0.346084 0.023329 0.297034 0.231255 -0.177884 0.000238 -0.366758 0.300482 -0.007323 -0.268609 -0.150187 -0.242382 -0.004917 0.005039 0.197888 0.099042 -0.007470 0.170733 0.103957 0.051816 -0.186957 0.052523 -0.129286 -0.200376 0.427854 -0.056319 -0.013734 -0.260177 -0.105195 0.096217 0.159019 0.292470 0.297338 0.323738 0.040126 -0.119187 -0.158867 -0.229591 -0.087319 -0.072676 0.081548 0.141390 0.024962 -0.006551 0.170494 -0.021616 -0.008215 -0.327656 -0.009913 -0.227534 -0.067043 0.076667 -0.251573 -0.069844 0.074298 -0.083127 -0.154035 -0.130959
-0.119474 0.056132 -0.268233 0.338771 -0.422493 -0.091590 0.157870 0.340537 -0.114375 0.403103 0.260150 0.750835 0.274864 1.000000 0.101984 0.623651 0.073536 -0.269520 -0.076206 -0.104871 -0.022617 -0.136922 -0.226063 0.098089 -0.552146 -0.338770 -0.147000 -0.369387 -0.030128 0.310378 0.132586 0.254442 -0.222257 -0.054536 -0.026311 0.037800 0.129164 0.335481 -0.297932 -0.257793 -0.037471 0.063867 -0.016773 -0.135706 -0.220280 -0.201141 -0.187127 -0.100927 -0.086858 -0.198794 -0.147569 0.110967 0.143101 0.234833 -0.248882 -0.284912 -0.318224 -0.366835 -0.175397 -0.315985 0.041655 0.153011 -0.369207 -0.218687 0.021505 0.464796 -0.452519 -0.248401 -0.298965 -0.359930 -0.012693 0.088163 0.116672 0.318409 0.073764 0.332294 0.153475 0.171532 -0.210128 0.064936 -0.249319 -0.437427 0.146349 0.185020 0.012292 0.546151 -0.044083 0.502603 -0.027800 0.286693 -0.108819 -0.115367 0.362928 -0.118337 -0.214824 -0.251472 -0.284168 -0.392291 -0.271715 -0.439014 0.190817 0.048136 0.156026 -0.012870 -0.157377 -0.207605 -0.163383 -0.227049 -0.224602 0.127139 -0.490146 -0.246441 0.001822 -0.025486 -0.031654 -0.266990
0.017606 -0.313118 0.160095 0.117483 -0.084829 0.006419 0.236910 -0.202741 -0.230424 0.341213 0.208983 0.044077 0.162325 0.101984 1.000000 0.356743 -0.320836 -0.095235 -0.095613 -0.252117 0.475595 0.409827 0.439616 0.419428 -0.264003 -0.018697 0.280402 0.346770 0.136717 -0.332130 0.438186 0.298233 -0.537374 -0.249269 -0.135423 -0.164586 0.013795 -0.056957 0.197957 -0.092594 0.068379 -0.129219 0.049262 -0.043780 -0.420054 -0.445043 -0.129439 -0.027744 -0.007252 -0.317763 -0.039106 0.020583 0.003509 0.258625 0.259766 -0.150563 -0.207059 -0.115885 -0.071083 -0.437306 -0.158024 -0.398196 -0.377924 -0.494636 0.222846 -0.235073 -0.328462 -0.307091 -0.183169 -0.033431 0.172287 0.307997 -0.128596 0.068609 0.232356 0.074267 0.058473 -0.000429 -0.030922 -0.014902 -0.432807 -0.267898 0.613134 -0.028489 0.062032 0.170674 0.340327 0.201247 0.267870 0.186383 -0.134660 0.136031 -0.061140 0.282117 0.033283 -0.127534 -0.103244 -0.155410 -0.081272 -0.267109 -0.063469 -0.137741 -0.163662 0.224014 -0.043451 0.068661 -0.037969 0.015624 -0.189726 -0.253441 -0.023452 -0.185156 -0.292708 -0.009642 0.036859 0.127552
-0.197968 -0.039327 -0.149738 0.351506 -0.017537 0.455477 0.263768 0.380937 0.223077 0.385475 0.150016 0.573505 0.498362 0.623651 0.356743 1.000000 0.011219 -0.280519 -0.007133 -0.164935 -0.132114 -0.122896 -0.335287 0.068000 -0.646678 -0.179947 -0.143419 -0.387543 -0.144980 0.050389 -0.115814 -0.004552 -0.388216 -0.164910 -0.189034 0.019227 -0.101350 0.077052 -0.181105 -0.186571 -0.137962 -0.118986 -0.073739 -0.182902 -0.236947 -0.260992 -0.257942 -0.166626 0.032525 -0.210981 -0.162244 0.063428 0.136350 0.102019 -0.133374 -0.109107 -0.284915 -0.308281 0.040963 -0.050577 0.315113 0.379734 -0.230796 -0.130231 -0.010283 0.590398 -0.368533 -0.288281 -0.363043 -0.348807 0.039018 -0.040320 -0.138873 0.100873 -0.007285 0.310652 0.083238 0.174378 -0.173205 -0.179738 -0.305301 -0.486478 0.308324 0.369704 -0.177346 0.176127 0.065287 0.294444 0.130572 0.567608 0.223667 0.218046 0.482002 -0.026495 -0.150075 -0.054369 -0.200346 -0.121686 -0.186795 -0.264027 0.172302 -0.177696 0.116008 0.077327 0.043971 -0.116502 -0.084940 -0.053829 -0.089549 0.043215 -0.399153 -0.252214 0.016146 -0.047009 -0.036553 -0.086708
0.081074 0.338529 -0.280132 -0.271872 -0.169449 -0.215628 -0.244001 -0.116984 0.112933 -0.157900 0.479333 -0.170297 0.459674 0.073536 -0.320836 0.011219 1.000000 0.312997 0.368236 0.243612 -0.204094 -0.126698 -0.190982 -0.209933 -0.055435 -0.190425 -0.049027 -0.132265 0.179506 0.250256 -0.124803 -0.150624 0.103089 0.057383 -0.101137 -0.001937 0.187423 0.178813 0.118545 0.122415 -0.113019 0.208325 -0.090936 -0.029959 0.083898 -0.024338 -0.118289 -0.042424 -0.142035 0.062170 -0.139649 -0.177889 0.091485 -0.071133 -0.196528 0.032043 0.311308 0.290796 0.262178 0.160547 -0.013267 0.156067 0.036746 0.338224 -0.310637 -0.048411 0.098298 -0.257574 0.207119 0.032735 0.162441 0.174387 0.388523 0.251630 0.034204 0.159100 0.114151 -0.088293 0.268474 0.366360 0.603324 0.385637 0.172248 0.127292 0.481251 -0.136501 0.050541 0.092576 0.382588 0.075461 0.121888 -0.006471 -0.176688 -0.336809 -0.141517 -0.221563 0.071502 -0.000363 0.008173 0.203332 -0.125319 0.157372 0.124028 -0.271075 -0.171732 -0.243645 0.218248 -0.218894 0.189259 0.244786 -0.209755 0.068422 0.041215 -0.169092 -0.356246 -0.105380
0.320199 0.118441 -0.063883 -0.282691 -0.179938 -0.179823 -0.308672 -0.438776 -0.123778 -0.353608 0.208949 -0.248885 -0.108102 -0.269520 -0.095235 -0.280519 0.312997 1.000000 0.058890 0.335232 -0.156525 -0.196385 0.119174 -0.125631 0.084085 -0.122439 -0.090989 0.019219 0.198831 0.210646 -0.000058 -0.101020 0.077152 0.020196 0.111160 -0.218176 0.144840 0.142305 0.224574 0.198975 0.217786 0.202403 -0.096658 -0.091345 -0.068092 -0.209359 -0.040063 -0.148212 -0.162287 -0.058897 0.134278 -0.125908 -0.092115 0.068072 0.133444 0.098692 0.331544 0.311530 0.174109 0.015554 -0.023953 -0.139496 0.313955 0.539180 0.037697 -0.367961 0.199140 -0.212215 0.129760 0.016884 0.019252 0.147974 0.139527 -0.032452 0.099905 -0.169570 0.227888 -0.073044 0.518140 0.282857 0.343749 0.490289 -0.122969 0.212930 0.274588 -0.039908 0.114591 -0.117135 0.081919 -0.164516 -0.201564 -0.224845 -0.295622 0.008533 0.170273 0.243719 0.178101 0.298442 -0.000461 0.163030 -0.343253 0.016972 -0.088422 0.125842 0.016697 0.237267 0.110495 -0.003469 0.266315 0.137814 0.132849 0.338231 0.176508 0.404780 0.144492 0.190147
0.180649 0.366641 -0.291622 0.026904 -0.032294 -0.061465 -0.006337 0.051347 0.079677 0.047521 -0.021900 -0.060313 0.254620 -0.076206 -0.095613 -0.007133 0.368236 0.058890 1.000000 0.360066 -0.062756 0.077179 -0.290052 -0.315624 -0.145348 -0.312577 -0.114783 -0.059821 0.268849 0.230090 -0.151744 -0.243974 0.216273 0.206760 -0.315751 -0.207099 -0.100243 -0.221553 -0.190888 0.042921 -0.223124 -0.204606 -0.152857 -0.178673 -0.053275 -0.136653 -0.129170 -0.112121 -0.311725 -0.094811 -0.313322 -0.341758 -0.033951 -0.183332 -0.199408 -0.126274 0.333378 0.254749 0.156030 0.164537 0.036131 0.192835 0.279895 0.191872 -0.286295 -0.089508 0.150326 -0.067010 0.270487 0.156660 0.063572 -0.103320 0.303172 0.203692 0.182920 0.119719 0.061935 0.076189 0.135060 0.048972 0.390055 0.270471 0.170512 0.245250 0.143164 -0.064662 0.049309 -0.033833 0.039687 0.037173 0.186037 0.309990 0.043685 -0.108575 -0.159250 -0.092219 -0.039135 -0.121894 0.025218 0.197149 0.102785 0.050432 0.210287 -0.090671 -0.022458 -0.090170 0.087422 0.010629 0.195991 -0.159262 -0.282547 -0.069599 -0.072500 -0.143849 -0.359201 0.074966
0.193920 0.494692 -0.550581 -0.049483 -0.198894 -0.119428 -0.365541 -0.245833 -0.158411 -0.110673 -0.168684 -0.042319 -0.258162 -0.104871 -0.252117 -0.164935 0.243612 0.335232 0.360066 1.000000 -0.039355 0.075647 -0.271818 -0.154303 -0.017315 -0.314343 -0.092692 -0.072999 0.096551 0.153187 -0.253402 -0.238351 0.197975 0.118943 -0.278716 -0.429912 -0.134652 -0.075872 -0.265531 0.109992 -0.077119 -0.040002 0.019422 -0.014537 0.072229 0.005759 0.029624 0.025934 -0.302509 0.152556 -0.044837 -0.079608 -0.082595 -0.071480 -0.228505 -0.068044 0.388861 0.363008 -0.034321 0.287174 -0.200613 0.081792 0.256173 0.249414 -0.218901 -0.178868 0.075863 -0.031033 0.470609 0.505522 -0.020719 -0.023296 0.066455 0.057548 0.021785 -0.019860 -0.032907 -0.020347 0.404724 0.199912 0.431067 0.321763 -0.199654 0.272451 0.090215 0.064350 0.022711 0.013144 -0.103245 -0.219285 -0.092481 -0.127478 -0.053502 -0.261445 0.111426 0.114849 0.076411 0.074635 0.160442 0.246036 -0.079796 0.214543 -0.001063 -0.157473 0.097688 0.166178 0.061682 -0.037679 0.127758 0.161945 -0.047291 0.228324 0.243667 -0.046817 -0.317491 0.253399
-0.134828 -0.035401 0.052049 -0.008865 -0.004886 -0.157173 0.084876 -0.077187 -0.402915 0.403169 0.062009 -0.124638 -0.162466 -0.022617 0.475595 -0.132114 -0.204094 -0.156525 -0.062756 -0.039355 1.000000 0.591103 0.513093 0.229627 0.243638 0.121012 0.716533 0.507828 0.080555 -0.124358 0.559542 0.387515 -0.076216 0.046474 0.119043 0.036058 -0.098918 -0.136161 0.152689 0.130731 0.007318 0.100247 -0.143727 -0.084133 -0.267128 -0.166619 -0.242904 -0.085522 -0.284363 -0.257140 -0.292954 -0.142508 -0.440713 -0.106350 -0.176820 -0.277106 0.007738 0.120420 -0.239794 -0.168224 -0.344632 -0.279485 -0.288126 -0.278475 0.149939 -0.275616 -0.188771 0.045912 0.133565 0.164108 0.201322 0.331567 -0.003572 0.128585 0.204682 0.071721 -0.154426 -0.146913 -0.069574 0.118625 0.034021 0.153569 0.242691 -0.083417 0.247379 0.163873 0.235510 0.016140 0.163468 -0.100230 -0.343953 -0.112322 -0.220776 0.019692 -0.045703 -0.124468 -0.119741 -0.126982 -0.258747 -0.308805 0.011673 0.055729 -0.110593 -0.202051 -0.230203 0.059786 0.153231 -0.042342 -0.249177 -0.091854 -0.136806 -0.332653 -0.392040 -0.067185 -0.001235 -0.084777
-0.005411 -0.008942 -0.032484 -0.017795 0.013748 -0.101480 0.163794 -0.154829 -0.302212 0.265721 -0.065820 -0.069628 -0.127904 -0.136922 0.409827 -0.122896 -0.126698 -0.196385 0.077179 0.075647 0.591103 1.000000 0.312523 0.154050 0.090622 0.082331 0.398363 0.410303 0.288195 -0.155512 0.396355 0.364120 -0.016185 0.127198 -0.043178 -0.076154 0.019251 -0.254055 0.076511 -0.062457 -0.060825 -0.200370 -0.074722 -0.071920 -0.175850 -0.146315 -0.121594 -0.104866 -0.252568 -0.173617 -0.133330 -0.135787 -0.198316 0.015832 -0.045433 -0.227712 0.124520 0.167684 -0.029730 -0.161615 -0.164222 -0.275425 -0.256707 -0.405748 0.202445 -0.276319 -0.136958 -0.040150 0.241880 0.284774 -0.009000 0.142959 0.088263 0.023872 0.112568 -0.004645 -0.124006 -0.156747 0.155198 0.251393 0.031629 0.144986 0.306412 0.063883 0.066159 0.065145 0.191083 0.038793 0.115772 -0.173666 -0.246765 -0.101010 -0.163586 -0.024553 0.225414 -0.079355 -0.143338 -0.181160 -0.077490 -0.151695 0.039734 -0.007708 -0.109638 -0.158730 -0.008411 -0.085739 -0.039279 -0.014687 -0.155392 -0.291411 -0.027243 -0.047172 -0.224667 -0.072152 -0.148918 -0.048555
0.066866 -0.296297 0.517136 -0.163067 -0.073763 -0.245616 -0.053626 -0.386446 -0.379710 -0.158504 0.199498 -0.296451 -0.294506 -0.226063 0.439616 -0.335287 -0.190982 0.119174 -0.290052 -0.271818 0.513093 0.312523 1.000000 0.432841 0.480888 0.413887 0.479725 0.751121 0.024223 -0.321726 0.533745 0.371042 -0.291867 -0.141697 0.352662 -0.003839 0.221685 -0.114806 0.463060 0.026110 0.303343 0.137813 -0.105452 -0.082679 -0.379678 -0.332530 -0.130884 -0.097093 -0.023109 -0.213661 0.269184 0.001966 -0.107193 0.094043 0.292105 -0.156080 -0.018775 0.030654 -0.000506 -0.275540 -0.419812 -0.540197 -0.153153 -0.178958 0.321820 -0.502262 -0.028539 -0.108807 -0.029236 0.035875 0.233874 0.370164 0.016258 0.107376 0.313476 -0.038570 0.061251 -0.139746 0.067171 0.069812 -0.029222 0.135752 0.178480 -0.341681 0.400920 0.042699 0.338794 -0.023059 0.434623 -0.048522 -0.181949 -0.104777 -0.351107 0.332461 0.126346 -0.071969 0.032065 -0.013280 -0.139164 -0.205712 -0.235885 -0.061605 -0.152936 0.029929 -0.246082 0.148484 0.141995 0.140022 -0.044865 -0.152966 0.133294 -0.173901 -0.311605 0.067012 0.237113 -0.076967
-0.028655 -0.511169 0.356859 0.501320 -0.061889 -0.058918 0.254018 -0.040927 -0.227417 0.179812 0.116701 0.182380 -0.207392 0.098089 0.419428 0.068000 -0.209933 -0.125631 -0.315624 -0.154303 0.229627 0.154050 0.432841 1.000000 -0.042027 0.036617 0.047811 0.196811 -0.034927 -0.493567 0.472067 0.598909 -0.527306 -0.213499 0.065319 0.042571 0.022028 0.002951 0.287624 0.293854 0.230091 0.133910 -0.135743 -0.197439 -0.441361 -0.397963 -0.256695 -0.165333 -0.079728 -0.432448 0.166815 0.041210 -0.050515 0.075354 0.166278 -0.234965 -0.411952 -0.352010 -0.325183 -0.488049 -0.143266 -0.514263 -0.435741 -0.505978 0.486186 -0.079287 -0.367851 0.068310 -0.255661 -0.073037 0.310562 0.581816 -0.254019 0.002704 0.074879 -0.087222 -0.012808 0.067529 0.158049 -0.074407 -0.246618 -0.370603 0.267038 -0.114546 0.178120 0.363562 0.237755 0.361658 0.320209 0.199575 -0.013283 0.045848 0.194602 0.352185 0.081750 0.023752 -0.084627 0.026123 -0.298656 -0.390085 0.163583 0.116991 -0.070263 0.073769 -0.012288 0.361058 0.134767 0.297310 0.008900 0.068584 -0.020313 -0.356253 -0.447084 -0.022847 0.122681 0.016373
0.016522 0.166844 0.336487 -0.305216 0.387947 -0.094943 -0.284814 -0.213555 0.018633 -0.395821 -0.133743 -0.537587 -0.466030 -0.552146 -0.264003 -0.646678 -0.055435 0.084085 -0.145348 -0.017315 0.243638 0.090622 0.480888 -0.042027 1.000000 0.598428 0.412307 0.482944 -0.178501 -0.178882 0.021719 -0.076667 0.224751 -0.014440 0.388294 0.099636 -0.033486 -0.241988 0.105440 0.102122 0.040607 0.137945 -0.167964 -0.032355 0.016938 0.069752 -0.008073 -0.012135 0.019079 0.065679 0.277862 0.007313 -0.103736 -0.223132 -0.024079 -0.017191 0.220722 0.359458 0.050498 0.328129 -0.294386 -0.122217 0.200405 0.231200 0.083492 -0.397456 0.435321 0.298057 0.230704 0.325230 0.028485 -0.060063 -0.095272 -0.143321 -0.049636 -0.101607 -0.208900 -0.183580 -0.062272 -0.053557 0.353931 0.452666 -0.278683 -0.270505 0.271814 -0.251542 0.120755 -0.314032 0.106808 -0.316712 -0.019130 -0.071175 -0.316234 0.203737 -0.053986 0.022268 0.077899 0.021164 -0.018583 0.095012 -0.172801 0.078080 -0.165247 -0.182346 -0.241751 0.028920 0.036091 0.131585 -0.142088 -0.070592 0.306176 -0.047891 -0.084427 -0.026625 0.005178 -0.277393
-0.149627 -0.146682 0.630459 -0.285157 0.356971 0.263724 -0.162816 -0.064648 0.138715 -0.384623 -0.040765 -0.409790 -0.190475 -0.338770 -0.018697 -0.179947 -0.190425 -0.122439 -0.312577 -0.314343 0.121012 0.082331 0.413887 0.036617 0.598428 1.000000 0.169810 0.384995 -0.365496 -0.224372 -0.017165 0.033188 -0.113428 -0.080561 0.531239 0.492874 0.108267 0.043255 0.266747 -0.129535 0.146038 0.234483 -0.066941 0.001685 -0.052395 0.027047 -0.035653 0.025246 0.217273 -0.014824 0.257356 0.072320 0.033450 -0.110380 0.116067 0.036091 -0.019699 0.140934 0.077904 0.211651 -0.091838 -0.008858 -0.105189 0.012953 0.094472 -0.015966 0.202758 0.299526 -0.014691 0.001514 -0.029118 -0.043472 -0.134441 -0.022302 0.008043 0.129737 -0.078068 -0.060406 -0.288537 -0.226146 -0.046786 0.087806 -0.112996 -0.214415 0.112979 -0.336744 0.055006 -0.143018 0.190288 -0.042562 0.131298 0.088658 -0.179970 0.279018 0.092926 0.100858 0.044129 0.000761 -0.016138 -0.039049 -0.104863 -0.132818 -0.189643 -0.189512 -0.108493 -0.098378 0.082500 0.060042 -0.104619 -0.055006 0.433876 -0.067977 -0.101140 0.023336 0.228745 -0.266169
-0.023436 0.180673 0.027157 -0.121162 0.174615 -0.172308 0.016426 -0.123700 -0.260752 0.346149 -0.036649 -0.229474 -0.232719 -0.147000 0.280402 -0.143419 -0.049027 -0.090989 -0.114783 -0.092692 0.716533 0.398363 0.479725 0.047811 0.412307 0.169810 1.000000 0.524079 -0.040807 -0.129791 0.393568 0.235190 -0.023909 0.027303 0.091732 -0.071967 -0.077706 -0.128033 0.166437 0.088135 -0.101219 0.185857 -0.263208 -0.144419 -0.232116 -0.154799 -0.312371 -0.142717 -0.242024 -0.221268 -0.190646 -0.183413 -0.349126 -0.167112 -0.120774 -0.204973 0.310142 0.269487 -0.104791 -0.020088 -0.313563 -0.149121 -0.033394 -0.068726 0.045733 -0.310855 -0.051939 -0.049902 0.239320 0.161106 0.289916 0.134437 0.003965 0.082325 0.206977 0.095362 -0.137199 -0.145054 0.020330 0.132373 0.270206 0.379169 0.126206 -0.025366 0.244610 0.042379 0.337671 -0.101258 0.308446 -0.041954 -0.292957 -0.185460 -0.302360 -0.060587 -0.014830 -0.192118 -0.040015 -0.003356 -0.276092 -0.221051 -0.171713 0.085995 -0.210110 -0.276270 -0.507859 -0.150998 0.241149 -0.103481 -0.098186 0.013362 -0.123348 -0.310966 -0.347315 -0.105698 -0.040297 -0.138558
0.057458 -0.139179 0.268897 -0.262259 -0.034496 -0.184213 -0.165971 -0.361264 -0.382712 -0.147575 0.066162 -0.399182 -0.226403 -0.369387 0.346770 -0.387543 -0.132265 0.019219 -0.059821 -0.072999 0.507828 0.410303 0.751121 0.196811 0.482944 0.384995 0.524079 1.000000 0.045765 -0.247379 0.336891 0.222117 -0.119320 -0.036660 0.200091 -0.030998 0.096561 -0.149062 0.341334 0.030950 0.278776 0.063095 -0.142629 -0.067137 -0.292301 -0.220167 -0.086440 -0.080679 -0.051358 -0.117036 0.141692 -0.073983 -0.115774 -0.002920 0.305439 -0.145446 0.131186 0.127515 0.067537 -0.078680 -0.425522 -0.400863 -0.043710 -0.121486 0.052753 -0.493526 0.135188 -0.009781 0.116861 0.173882 0.196299 0.276820 0.104423 0.105591 0.229611 0.101858 0.069436 0.029977 0.060309 0.138730 0.104286 0.276312 0.055021 -0.231347 0.380373 -0.073685 0.177070 -0.253534 0.473527 -0.058386 -0.068175 -0.011972 -0.398304 0.247047 0.158598 -0.048230 -0.015989 0.032276 -0.099086 -0.092850 -0.142135 0.002727 -0.047003 -0.043812 -0.152904 0.056220 0.142815 0.120482 -0.106338 -0.154977 0.124780 -0.201279 -0.261794 -0.148189 0.106394 0.030685
0.140974 -0.044453 -0.282130 -0.116154 -0.107163 -0.278739 0.214245 -0.140826 -0.168973 0.066991 0.090701 -0.026721 0.123626 -0.030128 0.136717 -0.144980 0.179506 0.198831 0.268849 0.096551 0.080555 0.288195 0.024223 -0.034927 -0.178501 -0.365496 -0.040807 0.045765 1.000000 0.446038 0.413521 0.329231 0.264090 0.366595 -0.164539 -0.029266 0.274778 0.019408 0.003078 -0.037507 0.261722 -0.081883 -0.039582 -0.033599 0.072160 -0.001775 0.006194 -0.143807 -0.406229 -0.093133 -0.419600 -0.413972 -0.334761 -0.170234 0.094039 0.024048 0.258992 0.117358 0.150575 -0.325791 0.104379 -0.187679 0.176714 -0.125510 -0.007372 -0.171183 -0.139299 -0.308769 0.073825 -0.113879 0.062212 0.296211 0.691203 0.285821 0.257865 0.063056 0.424442 0.148585 0.357355 0.499934 0.140328 0.187957 0.210307 0.072877 -0.010080 0.069561 -0.150473 -0.150396 -0.120399 -0.119607 -0.309394 -0.275664 -0.285289 -0.360352 0.292250 0.163199 -0.085965 0.147629 0.017263 0.165071 -0.141928 0.041460 0.104337 0.157746 0.113221 0.116152 -0.118260 0.028880 0.126268 -0.031116 -0.074635 0.201640 -0.053225 0.096367 0.014291 0.195405
0.046212 0.267681 -0.363704 -0.125405 -0.087606 -0.116109 -0.024942 0.241525 0.045246 0.086464 0.046945 0.276595 0.052191 0.310378 -0.332130 0.050389 0.250256 0.210646 0.230090 0.153187 -0.124358 -0.155512 -0.321726 -0.493567 -0.178882 -0.224372 -0.129791 -0.247379 0.446038 1.000000 0.078303 0.075805 0.430763 0.454808 0.204431 0.137815 0.231772 0.285118 -0.321788 -0.180250 0.139384 0.092870 -0.033005 -0.036093 0.128308 0.132166 -0.012155 -0.103717 -0.437246 -0.033078 -0.493261 -0.437074 -0.310100 -0.233686 -0.207739 -0.082761 0.202565 0.067553 -0.011369 -0.077673 0.237076 0.343664 0.233330 0.316584 -0.060737 0.227845 -0.164993 -0.176728 -0.050222 -0.274064 -0.182451 0.025927 0.607230 0.381368 0.074959 0.398590 0.402608 0.303149 -0.046829 0.329859 0.206430 0.223534 -0.233154 0.389592 0.096874 0.181661 -0.281527 -0.142362 -0.162653 -0.056411 -0.226154 -0.351541 -0.065801 -0.445214 0.093138 0.161751 -0.086268 -0.004409 -0.105070 -0.037480 0.037843 -0.062085 0.168054 0.053738 0.110559 -0.047447 -0.074857 -0.157647 0.090081 0.243620 -0.214736 0.217702 0.251890 0.184178 0.112928 0.037290
-0.120638 -0.361571 0.135612 0.154175 -0.039550 -0.409772 0.420168 -0.025571 -0.247375 0.432734 0.116979 0.109442 -0.194025 0.132586 0.438186 -0.115814 -0.124803 -0.000058 -0.151744 -0.253402 0.559542 0.396355 0.533745 0.472067 0.021719 -0.017165 0.393568 0.336891 0.413521 0.078303 1.000000 0.841385 -0.206193 0.191482 0.213452 0.227775 0.219775 0.037413 0.149997 0.055608 0.238735 0.126536 -0.225166 -0.221740 -0.382673 -0.288756 -0.340837 -0.285894 -0.468871 -0.488597 -0.351157 -0.294006 -0.445191 -0.052946 0.006669 -0.346519 -0.135100 -0.195053 -0.381858 -0.594239 -0.112262 -0.409589 -0.302658 -0.361335 0.485970 -0.162269 -0.542980 -0.049678 -0.215657 -0.208228 0.212921 0.574110 0.264837 0.248686 0.219868 0.060254 0.140866 0.011182 0.195025 0.254468 -0.040060 0.056984 0.330915 0.027333 0.307598 0.440526 0.187396 0.083395 0.297808 0.119495 -0.324739 -0.222009 -0.092134 0.036669 0.113084 -0.094864 -0.225395 -0.126338 -0.382208 -0.466788 0.168563 -0.059124 0.076912 -0.024412 -0.181848 0.203494 0.171013 0.074776 0.035989 -0.029372 -0.219312 -0.267822 -0.427825 0.040756 0.300768 0.043860
-0.033253 -0.385059 0.141832 0.293646 -0.047000 -0.312491 0.392608 0.057124 -0.193723 0.396834 0.122309 0.308573 -0.177673 0.254442 0.298233 -0.004552 -0.150624 -0.101020 -0.243974 -0.238351 0.387515 0.364120 0.371042 0.598909 -0.076667 0.033188 0.235190 0.222117 0.329231 0.075805 0.841385 1.000000 -0.218246 0.305953 0.295140 0.295694 0.262747 0.177956 0.116180 0.040823 0.372095 0.246667 -0.248107 -0.271305 -0.434197 -0.331251 -0.366195 -0.322609 -0.432562 -0.571826 -0.269398 -0.265161 -0.352072 0.001967 0.052223 -0.377536 -0.178863 -0.264157 -0.384275 -0.663240 0.039405 -0.383598 -0.394557 -0.465317 0.529169 0.026006 -0.562709 0.067771 -0.187253 -0.240648 0.180229 0.581197 0.237802 0.263127 0.177149 0.163542 0.231936 0.183222 0.166513 0.283189 -0.127535 -0.089652 0.218962 0.134399 0.197788 0.495414 -0.005979 0.197138 0.249230 0.144737 -0.317938 -0.287738 0.045523 0.024676 0.205600 0.041495 -0.281357 -0.033000 -0.501496 -0.531811 0.241388 0.074649 0.045172 -0.039701 -0.105637 0.164301 0.103440 0.098996 -0.017994 0.099976 -0.157154 -0.296235 -0.367937 0.126026 0.300725 -0.071933
0.020450 0.386671 -0.330660 -0.269262 -0.000361 -0.009914 -0.295356 0.026255 -0.011300 -0.231352 -0.211925 -0.187008 -0.083513 -0.222257 -0.537374 -0.388216 0.103089 0.077152 0.216273 0.197975 -0.076216 -0.016185 -0.291867 -0.527306 0.224751 -0.113428 -0.023909 -0.119320 0.264090 0.430763 -0.206193 -0.218246 1.000000 0.626351 0.101383 0.040167 -0.137964 -0.135802 -0.291914 0.000852 -0.107712 -0.032239 0.016770 0.196232 0.508458 0.492406 0.276229 0.104403 -0.125655 0.365764 -0.192903 -0.068088 -0.292193 -0.208027 -0.260043 0.267700 0.324432 0.276810 0.153924 0.301511 0.082654 0.265478 0.320428 0.294568 -0.302829 -0.027169 0.393042 0.146315 0.397727 0.236889 -0.261266 -0.349153 0.320341 0.014347 -0.091239 -0.084062 0.168909 0.087967 0.011244 0.277651 0.292915 0.371046 -0.446014 -0.072643 -0.245792 -0.287301 -0.408306 -0.503623 -0.510021 -0.418598 -0.251683 -0.316465 -0.178554 -0.446883 -0.030773 0.092557 0.167454 0.096435 0.164915 0.423891 -0.025226 0.122597 0.121548 -0.002453 0.136173 -0.087374 -0.170896 -0.024410 -0.084607 0.056622 0.093961 0.340755 0.397758 0.146031 -0.071016 -0.015712
0.074581 0.211418 -0.178510 -0.057329 0.001840 -0.168052 0.054206 0.079083 0.033228 0.035739 -0.105718 0.089193 -0.018729 -0.054536 -0.249269 -0.164910 0.057383 0.020196 0.206760 0.118943 0.046474 0.127198 -0.141697 -0.213499 -0.014440 -0.080561 0.027303 -0.036660 0.366595 0.454808 0.191482 0.305953 0.626351 1.000000 0.137292 0.220626 -0.079847 -0.075248 -0.267746 -0.004274 0.155042 0.038033 -0.249612 -0.146074 0.033970 0.086764 -0.137084 -0.215514 -0.435851 -0.154948 -0.458302 -0.343002 -0.450940 -0.155223 -0.192872 -0.047247 0.303656 0.136967 -0.005863 -0.010745 0.252897 0.196692 0.114278 0.060954 0.009175 0.149496 0.013465 0.243533 0.265994 -0.034324 -0.173087 -0.015978 0.419714 0.171803 0.091819 0.098233 0.221520 0.261570 0.116606 0.388200 0.215825 0.328184 -0.182293 0.202861 -0.083516 0.034227 -0.349791 -0.337544 -0.167171 -0.067752 -0.209580 -0.310002 -0.086160 -0.327722 0.181130 0.147684 -0.026224 0.138530 -0.234423 -0.001244 0.164674 0.045338 0.114783 -0.137244 0.106154 0.033278 0.145758 0.030545 -0.022846 0.124962 -0.038003 0.094460 0.187402 0.226635 0.076650 0.036004
-0.034487 -0.208126 0.395799 -0.206016 0.105843 0.041262 -0.189668 -0.011105 -0.065536 -0.202509 0.115638 -0.049067 -0.247368 -0.026311 -0.135423 -0.189034 -0.101137 0.111160 -0.315751 -0.278716 0.119043 -0.043178 0.352662 0.065319 0.388294 0.531239 0.091732 0.200091 -0.164539 0.204431 0.213452 0.295140 0.101383 0.137292 1.000000 0.477286 0.374329 0.284944 0.225332 0.044641 0.318497 0.327148 -0.116063 -0.127272 -0.161431 -0.073538 -0.087699 -0.148167 -0.055059 -0.193575 0.166353 0.014982 -0.092496 0.080475 0.103362 -0.080865 -0.111499 -0.101349 -0.105209 -0.105513 0.021511 -0.016899 0.015410 0.132509 0.306313 0.060435 0.030268 0.204006 -0.222228 -0.215782 -0.169446 0.128487 0.120084 0.054288 -0.055644 0.184083 0.307873 0.160406 -0.107999 0.075589 -0.040286 0.073656 -0.240322 0.012098 0.248684 0.009022 -0.024239 -0.097189 0.131438 -0.008090 -0.101699 -0.206516 -0.094228 0.091860 0.135227 0.186114 0.051758 0.060479 -0.283063 -0.323021 0.003138 -0.176931 -0.009985 0.030218 0.026796 0.172933 -0.021926 0.148830 -0.024694 0.203569 0.123591 -0.068355 -0.068338 0.126799 0.464352 -0.161632
-0.395516 -0.310744 0.381850 -0.080159 0.284784 0.138663 0.143331 0.274487 0.248861 -0.020859 0.024387 -0.057278 0.111166 0.037800 -0.164586 0.019227 -0.001937 -0.218176 -0.207099 -0.429912 0.036058 -0.076154 -0.003839 0.042571 0.099636 0.492874 -0.071967 -0.030998 -0.029266 0.137815 0.227775 0.295694 0.040167 0.220626 0.477286 1.000000 0.228836 0.301139 0.124930 -0.054338 0.234082 0.136236 -0.126095 -0.070629 0.090261 0.205973 -0.155921 -0.110762 0.040357 -0.153313 -0.216786 -0.086625 -0.085611 -0.196592 -0.029493 0.014333 -0.226295 -0.161268 -0.032036 0.011241 0.231687 0.172322 -0.170961 -0.051664 0.106500 0.436799 -0.067899 0.393868 -0.235147 -0.389248 -0.122744 0.120538 0.125258 0.001516 -0.196752 0.181758 0.068861 0.067577 -0.234101 -0.061866 -0.082561 -0.111142 -0.043692 -0.069394 0.028267 -0.104156 -0.204655 -0.089710 0.084373 0.172787 0.136397 0.029937 -0.006680 -0.031877 0.110715 0.095116 -0.172833 -0.007160 -0.204383 -0.225786 0.248421 0.000343 0.035704 -0.151972 0.030123 -0.076664 0.112688 -0.010874 0.012079 0.105216 0.143199 -0.206936 -0.185882 -0.091536 0.237617 -0.248841
