1.000000 0.299051 0.325731 0.152992 -0.225715 -0.134812 0.097747 0.173439 -0.279529 -0.236622 0.322120 -0.027246 0.146847 -0.185373 -0.038280 -0.281206 0.148553 -0.085543 0.438218 0.391413 -0.097853 -0.085163 0.363386 0.285336 -0.250440 -0.071689 -0.081887 0.099233 0.185601 0.135679 -0.027046 0.061073 0.210674 0.105694 0.055037 -0.007517 -0.048601 -0.212791 -0.176416 -0.294978 0.114511 0.040687 -0.154124 -0.117772 -0.337041 -0.349248 -0.306228 -0.275310 -0.361995 -0.468172 0.029673 -0.469024 -0.081787 -0.476868 -0.239162 -0.358826 0.381492 0.257181 0.488584 0.289352 0.368504 0.234350 0.072478 0.300812 0.084757 -0.161303 0.170415 -0.182727 0.374636 0.011306 -0.143029 -0.200324 -0.269282 -0.169952 -0.002938 -0.109002 0.082267 -0.005321 -0.211171 -0.018714 0.004736 0.162901 -0.031344 0.036403 0.262918 0.003774 0.040205 0.031754 0.220073 -0.093240 -0.039274 -0.090249 -0.176895 -0.121850 -0.050824 -0.163249 -0.343718 -0.386337 -0.247411 -0.210497 -0.211571 -0.081359 -0.037934 -0.046107 0.010362 -0.083229 0.106721 0.047110 -0.128115 -0.276458 -0.227745 -0.065087 -0.227287 0.146022 0.202902 0.267627
0.299051 1.000000 0.083750 0.226130 -0.507633 -0.473043 0.253819 0.399974 -0.476045 -0.186943 -0.173043 0.136654 -0.205196 0.431205 -0.362234 -0.237071 0.235439 0.290219 0.313532 0.502787 -0.316613 -0.300168 -0.121378 0.080795 -0.562876 -0.513246 -0.502429 -0.559861 -0.069547 0.357098 -0.200518 -0.279049 0.023102 0.036308 -0.293063 -0.028645 0.044803 0.005826 -0.505684 -0.531267 0.091943 0.044692 0.057474 0.043916 0.104001 0.143420 -0.135799 0.036482 0.137064 0.028639 -0.070045 -0.014236 0.099621 -0.086859 -0.458995 -0.486167 0.604136 0.633159 0.210165 0.491911 0.366650 0.529953 0.441201 0.489341 -0.163348 0.370641 0.159991 -0.033788 0.555749 0.069439 -0.099428 -0.120915 0.078459 0.129423 0.011427 0.085669 0.098272 0.035292 -0.280204 0.117116 0.155510 0.340130 -0.309518 -0.023633 -0.210748 -0.142018 -0.192453 0.035000 -0.175328 -0.234628 0.241309 -0.008991 -0.214639 -0.453610 -0.408209 -0.063337 -0.427882 -0.454051 0.122087 0.160397 -0.125305 -0.150721 0.097190 -0.169749 -0.193458 -0.286438 -0.046850 -0.395525 -0.070075 -0.423487 -0.206348 0.332004 0.233298 -0.220182 -0.180053 0.027008
0.325731 0.083750 1.000000 0.699122 -0.078990 0.010669 0.712357 0.582736 -0.078737 -0.124717 -0.096071 -0.196172 0.412983 -0.115221 0.022490 -0.053919 -0.257205 -0.088460 0.455030 0.256284 0.114407 0.125964 0.771114 0.499463 -0.217190 -0.179150 0.062019 0.180698 -0.050089 -0.282917 -0.020507 0.034787 -0.150347 -0.085771 -0.097814 -0.102370 -0.013466 -0.234204 -0.260345 -0.169365 -0.013439 0.107088 -0.411608 -0.388738 -0.411063 -0.422849 -0.423893 -0.505581 -0.301857 -0.512108 0.148033 -0.305577 0.089573 -0.296864 -0.194634 -0.372633 -0.086891 0.044186 0.089629 -0.096459 0.088703 -0.070041 -0.277184 -0.139540 0.408038 -0.043318 -0.010650 0.139362 0.166919 0.345918 0.155751 -0.154001 -0.112262 -0.198242 -0.169103 -0.241730 -0.360955 -0.435180 -0.142348 -0.232075 -0.197725 -0.185794 -0.137493 0.028145 0.269954 0.030908 -0.068998 -0.161314 0.412998 0.053535 -0.165073 -0.196381 0.297078 0.166408 -0.037047 -0.041646 -0.096031 -0.074191 -0.503246 -0.520753 0.017664 -0.053136 -0.168942 -0.045997 -0.181802 -0.189954 0.048362 0.108927 -0.291234 0.214722 -0.220385 -0.475697 -0.338906 -0.059720 0.176269 -0.042128
0.152992 0.226130 0.699122 1.000000 -0.110834 -0.085801 0.609940 0.747961 -0.100660 -0.135712 -0.206660 0.138334 0.251398 0.197158 -0.064969 -0.063591 -0.252480 0.100206 0.512087 0.425312 -0.064164 -0.033773 0.454606 0.496010 -0.180089 -0.152126 -0.078048 -0.045291 0.010944 -0.181564 0.041747 0.073371 -0.268690 -0.024106 -0.233637 -0.052228 -0.144263 -0.366261 -0.460586 -0.321712 -0.050631 -0.110247 -0.479059 -0.461966 -0.204726 -0.243256 -0.503532 -0.550859 -0.082808 -0.281720 0.367597 -0.041591 0.096079 -0.135427 -0.305267 -0.424754 -0.096824 0.013826 0.037365 -0.102824 0.017203 -0.066503 -0.255467 -0.161633 0.474094 0.368857 -0.082283 0.077865 0.287820 0.371532 -0.052202 -0.118129 -0.058798 -0.162471 -0.156375 -0.266499 -0.641119 -0.650569 -0.091725 -0.194122 -0.130174 -0.273889 -0.322968 -0.158715 0.157925 0.048076 -0.106055 0.049331 0.222093 -0.004711 -0.083335 -0.221883 0.310511 -0.008895 -0.261000 0.079041 -0.225436 -0.132658 -0.505967 -0.574612 0.059679 -0.130014 -0.074911 -0.044025 -0.268160 -0.251055 -0.018135 -0.060145 -0.214614 0.123039 -0.289444 -0.458414 -0.469238 -0.170641 -0.056377 -0.137089
-0.225715 -0.507633 -0.078990 -0.110834 1.000000 0.833300 -0.187547 -0.298172 0.888942 0.727699 0.267660 0.089894 0.324063 -0.107993 0.601823 0.683005 -0.140640 -0.081024 -0.365939 -0.543436 0.003368 0.224183 -0.049789 -0.271130 0.802831 0.669434 0.836369 0.699298 0.092416 -0.365404 0.187306 0.219743 0.062518 0.166629 0.172420 -0.118596 -0.162197 -0.230195 -0.002809 0.155136 -0.071795 0.150591 -0.148914 -0.178290 -0.279120 -0.254145 -0.179441 -0.264395 -0.215898 -0.246921 0.084726 -0.053754 0.225647 0.289281 0.080455 0.101490 -0.199821 -0.262927 -0.196943 -0.457130 -0.067808 -0.129418 0.031355 -0.011776 -0.080345 -0.232658 -0.329104 -0.253369 -0.479861 -0.244973 -0.198992 -0.132597 0.049542 -0.203230 0.092339 0.075615 -0.040485 -0.091184 0.300725 -0.059753 0.062113 -0.086604 0.316866 0.228919 0.111314 0.283174 -0.112467 -0.254792 0.294150 0.184107 -0.451321 -0.217946 0.114392 0.065765 0.005181 -0.053730 0.037644 0.240075 -0.422775 -0.172655 -0.131514 -0.215716 -0.355138 -0.150020 -0.040213 0.155303 -0.122634 0.307485 -0.184035 0.028338 -0.180991 -0.313749 -0.327046 0.140213 0.091937 -0.022859
-0.134812 -0.473043 0.010669 -0.085801 0.833300 1.000000 -0.116387 -0.339785 0.719956 0.823262 0.203685 -0.042108 0.208965 -0.273998 0.429589 0.618417 0.005445 -0.163540 -0.269759 -0.428442 -0.039457 0.209009 0.004507 -0.167812 0.720511 0.708863 0.853099 0.789012 0.066457 -0.369686 0.184128 0.148050 0.102780 0.064046 -0.007147 -0.183450 -0.068362 -0.180231 -0.095676 0.077484 0.012798 0.197233 -0.121154 -0.100563 -0.260247 -0.258731 -0.129681 -0.180712 -0.217059 -0.169814 0.118886 0.006540 0.293638 0.322670 0.044015 0.086058 -0.097102 -0.280996 -0.198059 -0.267230 -0.246834 -0.269367 0.050947 0.006777 -0.175157 -0.285345 -0.212572 -0.198088 -0.405508 -0.257669 -0.112959 -0.200693 0.112017 -0.115932 0.155812 0.192023 0.013110 -0.171393 0.317038 0.038650 0.055255 -0.025713 0.340687 0.297046 0.123741 0.356126 0.003289 -0.096267 0.212384 0.256377 -0.493047 -0.246695 -0.005586 -0.001847 -0.089600 -0.106524 0.010493 0.056390 -0.408825 -0.193833 -0.340909 -0.283678 -0.438828 -0.158802 -0.045671 0.092285 -0.239882 0.197499 -0.126338 0.005001 -0.135355 -0.294033 -0.392767 0.036365 -0.071847 -0.114843
0.097747 0.253819 0.712357 0.609940 -0.187547 -0.116387 1.000000 0.755991 -0.152134 0.013892 -0.322314 -0.106886 0.247421 0.182076 -0.174132 0.076043 -0.128163 0.144364 0.242018 0.239869 -0.023067 0.020557 0.407306 0.372754 -0.468383 -0.453779 -0.142296 -0.059105 -0.018889 0.016457 -0.082322 -0.099253 -0.157172 -0.154913 -0.183631 -0.175575 -0.028449 -0.183197 -0.381819 -0.253699 0.158557 0.103899 -0.090654 -0.117803 -0.054411 -0.154925 -0.223479 -0.272499 0.024015 -0.162183 0.138775 -0.099641 -0.040134 -0.172458 -0.337048 -0.366595 0.014523 0.132116 -0.123621 0.009332 0.117352 0.017221 -0.109418 -0.046941 0.268259 0.100216 0.058119 0.117409 0.067136 0.129370 0.178209 -0.008780 0.243491 0.003007 -0.039586 -0.196015 -0.285384 -0.318264 -0.239193 -0.165149 -0.156060 -0.119269 -0.264989 -0.022750 -0.100573 -0.003043 -0.202347 -0.099989 0.000115 -0.175355 -0.085035 -0.173904 0.230136 -0.047357 -0.188966 -0.038299 -0.253435 -0.185472 -0.293365 -0.315731 0.108602 -0.059712 0.009062 -0.090349 -0.137250 -0.173613 0.031333 0.008806 -0.323959 0.037554 -0.299037 -0.244981 -0.179435 -0.214107 0.081166 -0.054319
0.173439 0.399974 0.582736 0.747961 -0.298172 -0.339785 0.755991 1.000000 -0.224062 -0.139791 -0.269301 0.098344 0.142448 0.340524 -0.245894 -0.139283 -0.142230 0.203657 0.321621 0.355626 -0.098274 -0.197838 0.317204 0.381188 -0.522418 -0.580994 -0.337064 -0.317715 -0.082572 0.099875 0.020912 -0.044064 -0.260261 -0.029700 -0.158028 -0.059966 -0.077100 -0.247854 -0.397932 -0.311609 0.048983 -0.110962 -0.189846 -0.258199 -0.050558 -0.128164 -0.394168 -0.387212 0.184135 -0.167406 0.246938 -0.089121 -0.016389 -0.292968 -0.412015 -0.485591 0.024045 0.151054 0.014110 0.057610 0.260956 0.197466 -0.149785 -0.022607 0.482560 0.361252 0.095721 0.166198 0.166893 0.166715 0.059091 0.046073 0.100628 -0.040846 -0.109525 -0.311883 -0.319016 -0.302920 -0.287436 -0.124372 -0.182428 -0.243597 -0.378910 -0.225839 -0.085895 -0.147714 -0.228567 -0.010044 -0.010056 -0.290569 0.000668 -0.183466 0.230564 -0.044028 -0.092221 -0.115693 -0.441150 -0.234540 -0.371329 -0.402799 0.192804 0.082174 0.143583 -0.036049 -0.156701 -0.090200 0.045169 -0.079438 -0.219163 -0.030127 -0.398929 -0.289568 -0.237591 -0.194687 0.032977 -0.057815
-0.279529 -0.476045 -0.078737 -0.100660 0.888942 0.719956 -0.152134 -0.224062 1.000000 0.713613 0.322503 0.143683 0.412873 0.002090 0.588977 0.647766 -0.139983 -0.080011 -0.395847 -0.600632 -0.053059 0.095351 -0.002590 -0.237763 0.723011 0.579655 0.610483 0.484434 0.120832 -0.365547 0.229282 0.183692 0.059025 0.153151 0.180873 -0.137628 -0.189249 -0.295043 -0.012572 0.110545 -0.097208 -0.056768 -0.053235 -0.030432 -0.133223 -0.134296 -0.062308 -0.172428 -0.098190 -0.111160 0.128583 0.027212 0.240785 0.299207 0.147317 0.131997 -0.266028 -0.251648 -0.297288 -0.494675 -0.114036 -0.164443 0.041156 -0.088672 -0.011199 -0.235501 -0.300139 -0.229684 -0.440240 -0.212215 -0.223723 -0.167600 0.054827 -0.112521 0.140582 0.058375 -0.080244 -0.131374 0.330828 0.026950 0.017662 -0.159235 0.192895 0.112866 0.052556 0.235513 -0.048392 -0.286388 0.298003 0.216249 -0.494856 -0.239672 0.056634 0.026479 -0.025116 -0.133799 0.038407 0.180477 -0.439110 -0.130426 -0.209641 -0.318225 -0.416145 -0.269225 -0.149911 0.123697 -0.199191 0.187645 -0.249246 0.081677 -0.201426 -0.325776 -0.285063 0.063577 0.050084 -0.114760
-0.236622 -0.186943 -0.124717 -0.135712 0.727699 0.823262 0.013892 -0.139791 0.713613 1.000000 0.119177 -0.020568 0.131248 -0.016855 0.273855 0.724484 0.062680 -0.025707 -0.378362 -0.409313 -0.111778 0.018675 -0.246331 -0.329540 0.477785 0.379887 0.592151 0.447929 0.007581 -0.152271 0.140552 0.010208 0.063644 0.084622 -0.056564 -0.204254 -0.041174 -0.161756 -0.238553 -0.036268 0.124001 0.128192 0.067523 0.016711 -0.076896 -0.062713 -0.102867 -0.134715 0.067847 0.000971 0.112615 0.127565 0.301234 0.382016 -0.125872 -0.019112 0.062484 -0.087828 -0.312503 -0.129765 -0.111368 -0.021807 0.197025 0.115087 -0.264440 -0.129041 -0.148625 -0.110587 -0.373585 -0.301695 -0.144963 -0.124327 0.251694 -0.029244 0.245525 0.183961 0.083091 -0.105587 0.159104 0.059639 0.025534 0.007585 0.147914 0.227190 -0.188218 0.204204 -0.128629 -0.126126 -0.006240 0.009440 -0.428215 -0.222317 -0.058228 -0.183844 -0.151071 -0.148683 -0.217707 -0.041027 -0.327256 -0.080960 -0.286305 -0.293296 -0.347492 -0.223059 -0.045448 0.150881 -0.239518 0.106182 -0.128508 -0.098569 -0.330918 -0.160477 -0.220549 -0.079758 -0.071940 -0.125017
0.322120 -0.173043 -0.096071 -0.206660 0.267660 0.203685 -0.322314 -0.269301 0.322503 0.119177 1.000000 0.195800 0.489674 0.020594 0.579416 0.215312 0.124042 -0.027999 -0.171373 -0.273697 0.019520 -0.041303 0.127231 -0.123522 0.297341 0.360465 0.200564 0.234196 0.457635 0.065895 0.316164 0.424540 0.265576 0.315876 0.101217 -0.167772 -0.015686 -0.087480 0.137281 -0.000215 0.130536 0.141123 -0.013065 0.051706 -0.031391 -0.041703 0.007513 -0.056530 -0.195295 -0.072227 -0.034360 -0.228922 0.142158 -0.068187 0.140591 0.034767 -0.129920 -0.272765 0.079406 -0.217587 0.142525 0.106417 0.160520 0.144464 0.112640 -0.081549 -0.225953 -0.398722 -0.164995 -0.269750 -0.199790 -0.190383 -0.130903 -0.172879 0.133099 0.113420 0.127995 -0.001156 0.218435 0.006935 0.030402 0.024205 0.325771 0.296157 0.273282 0.159858 0.205122 -0.082218 0.208563 0.207300 -0.403133 -0.224565 -0.304079 -0.128416 -0.014816 -0.079333 -0.053027 -0.027476 -0.261213 -0.142647 -0.328112 -0.294735 -0.398937 -0.336107 -0.279417 -0.147749 -0.233588 -0.137889 -0.095433 -0.041969 -0.052466 -0.184289 -0.240636 0.035658 -0.028794 -0.093466
-0.027246 0.136654 -0.196172 0.138334 0.089894 -0.042108 -0.106886 0.098344 0.143683 -0.020568 0.195800 1.000000 0.257805 0.691561 0.179457 0.177865 -0.031453 0.336298 -0.045942 0.039166 -0.117752 -0.347673 -0.180666 -0.078997 0.150211 0.216288 -0.144818 -0.078456 0.235321 0.198706 0.284345 0.194760 -0.000978 0.261079 0.116184 -0.074572 -0.046206 -0.043466 -0.103018 -0.221636 -0.199020 -0.123755 -0.117967 -0.082029 0.039067 -0.085148 -0.126746 -0.116806 0.059435 0.037082 0.152704 0.089806 0.041823 0.036746 0.002389 -0.013569 -0.153245 -0.268503 0.082376 -0.268277 0.222311 0.247692 0.204104 0.240395 0.298108 0.569020 -0.242229 -0.361792 -0.082450 -0.145337 -0.398781 -0.337363 0.222622 0.098727 0.215142 0.177365 -0.060438 -0.137116 0.355160 0.252153 0.195343 -0.000847 -0.078898 0.003314 0.185175 0.340797 -0.023863 0.111818 -0.071533 0.224472 -0.173805 -0.270434 -0.234534 -0.316500 -0.372840 0.111464 -0.093101 -0.205504 -0.192177 -0.162044 -0.120877 -0.299393 -0.238684 -0.368426 -0.383943 -0.270763 -0.320469 -0.313469 -0.033304 -0.161692 -0.147790 -0.250784 -0.256015 -0.118695 -0.247824 -0.199145
0.146847 -0.205196 0.412983 0.251398 0.324063 0.208965 0.247421 0.142448 0.412873 0.131248 0.489674 0.257805 1.000000 0.230431 0.557347 0.377698 -0.241056 -0.040604 -0.109999 -0.226350 0.075146 0.048451 0.462235 0.141123 0.141420 0.169435 0.217083 0.314843 0.266377 -0.152776 0.188473 0.237005 -0.070804 0.130328 0.284759 -0.096616 -0.154022 -0.267524 -0.086045 -0.057047 -0.082352 0.120130 -0.199491 -0.212142 -0.207492 -0.274393 -0.247064 -0.348545 -0.211445 -0.251342 0.180498 -0.172218 0.091603 -0.053800 0.016281 -0.101021 -0.357435 -0.330059 0.014073 -0.427926 0.176302 0.064034 -0.114338 -0.108938 0.378676 0.055229 -0.266135 -0.237366 -0.212896 -0.001858 -0.109537 -0.348478 -0.032730 -0.335665 -0.052103 -0.174745 -0.217734 -0.322648 0.226807 -0.192661 -0.131153 -0.234096 0.113172 0.191225 0.263143 0.229514 0.054264 -0.263978 0.456686 0.258775 -0.389608 -0.223254 0.083594 0.053714 -0.036004 0.061932 -0.026240 0.021466 -0.476662 -0.422224 -0.154602 -0.386472 -0.492489 -0.394200 -0.423689 -0.202671 -0.161104 0.069003 -0.268455 0.136292 -0.240214 -0.484440 -0.332294 -0.082381 0.126082 -0.079843
-0.185373 0.431205 -0.115221 0.197158 -0.107993 -0.273998 0.182076 0.340524 0.002090 -0.016855 0.020594 0.691561 0.230431 1.000000 0.061638 0.181481 0.000753 0.446853 -0.032455 0.096434 -0.181087 -0.260885 -0.252408 -0.148410 -0.167284 -0.211456 -0.358606 -0.379436 0.171834 0.314956 0.152543 0.041621 -0.097052 0.202435 -0.024495 -0.087112 0.061368 -0.021734 -0.265606 -0.344234 -0.072167 -0.032333 -0.052937 -0.073841 0.147389 0.085177 -0.162859 -0.067851 0.270798 0.184840 0.033065 0.184284 0.048804 0.084680 -0.200066 -0.204380 0.024670 -0.017359 0.027034 -0.072788 0.353468 0.431501 0.390934 0.365586 0.152458 0.635633 -0.076956 -0.156365 -0.003941 -0.108881 -0.256986 -0.241870 0.359702 0.143881 0.148978 0.144605 0.010829 -0.111395 0.161350 0.232250 0.212631 0.114565 -0.274843 -0.030702 -0.227552 0.088365 -0.176957 -0.019174 -0.244922 -0.046596 -0.059385 -0.184653 -0.181748 -0.335150 -0.375952 0.122967 -0.167900 -0.225897 -0.018367 -0.003850 0.020094 -0.174580 -0.057079 -0.345058 -0.416914 -0.290569 -0.252223 -0.380595 -0.078208 -0.124937 -0.170284 -0.085263 -0.034456 -0.302983 -0.295356 -0.241150
-0.038280 -0.362234 0.022490 -0.064969 0.601823 0.429589 -0.174132 -0.245894 0.588977 0.273855 0.579416 0.179457 0.557347 0.061638 1.000000 0.413687 -0.181623 -0.148260 -0.192579 -0.308197 0.153104 0.218179 0.211841 -0.045478 0.528216 0.554807 0.512651 0.439684 0.398465 -0.079504 0.344360 0.446800 0.166352 0.255945 0.110374 -0.106010 -0.137298 -0.195177 0.122501 0.202477 -0.093951 0.271036 -0.138415 -0.124316 -0.205766 -0.212344 -0.051141 -0.161539 -0.351493 -0.214393 -0.111727 -0.234460 0.152792 0.045340 0.102798 0.037549 -0.310211 -0.443968 -0.056836 -0.369648 0.051664 0.059348 0.097735 -0.049996 0.124980 -0.160961 -0.398930 -0.325117 -0.471014 -0.156682 -0.099448 -0.034838 0.012463 -0.217766 0.084016 0.063700 -0.047090 -0.176063 0.193173 -0.007665 -0.008138 -0.068122 0.546441 0.441011 0.326200 0.255457 0.061551 -0.337950 0.397397 0.246791 -0.383511 -0.216309 -0.100621 -0.020049 0.020822 -0.087670 0.098347 0.126586 -0.342292 -0.238579 -0.138644 -0.241954 -0.376167 -0.194341 -0.227086 -0.097576 -0.305436 0.092057 -0.193494 0.012942 -0.088909 -0.293873 -0.322511 0.047935 0.040063 -0.001081
-0.281206 -0.237071 -0.053919 -0.063591 0.683005 0.618417 0.076043 -0.139283 0.647766 0.724484 0.215312 0.177865 0.377698 0.181481 0.413687 1.000000 -0.107075 0.031338 -0.534484 -0.503458 0.071961 0.083817 -0.200615 -0.354047 0.445872 0.357050 0.541275 0.445211 0.052532 -0.126786 0.151146 0.132269 0.055685 0.195630 0.065261 -0.196148 0.129420 -0.040336 -0.114595 0.038509 0.159218 0.248558 -0.001137 -0.025612 -0.113598 -0.083208 -0.082762 -0.215157 -0.043372 -0.097542 -0.004412 0.086317 0.375208 0.334460 0.044275 0.014374 -0.134163 -0.244790 -0.188967 -0.282920 0.057227 0.122034 0.107136 0.114821 -0.151160 0.053361 -0.313826 -0.231216 -0.447533 -0.315242 -0.220071 -0.157044 0.226934 -0.155071 0.174043 0.119606 0.074008 -0.158384 0.239715 -0.062254 -0.010584 -0.047887 0.173529 0.445722 -0.032599 0.442610 -0.330933 -0.358628 0.173521 0.181496 -0.515364 -0.334494 -0.059750 -0.162996 -0.036680 -0.063204 -0.070520 0.146693 -0.296008 -0.115928 -0.175456 -0.337881 -0.489516 -0.347545 -0.197675 0.085788 -0.361532 0.158028 -0.304325 0.035400 -0.320934 -0.206820 -0.253168 0.033771 0.070031 -0.023383
0.148553 0.235439 -0.257205 -0.252480 -0.140640 0.005445 -0.128163 -0.142230 -0.139983 0.062680 0.124042 -0.031453 -0.241056 0.000753 -0.181623 -0.107075 1.000000 0.497440 0.046508 0.092023 -0.387536 -0.078641 -0.267586 -0.193070 -0.054284 0.085709 -0.115473 -0.101836 0.402003 0.410292 0.276759 0.263551 0.443859 0.310177 0.023789 -0.077536 0.212475 -0.012677 -0.190355 -0.333370 0.195021 0.001990 0.161643 0.193834 0.281379 0.195285 0.129547 0.181190 -0.056545 0.185622 -0.151221 -0.164130 -0.130606 0.055034 -0.069150 -0.063331 0.562345 0.387364 -0.205549 0.059771 -0.102984 0.033192 0.427266 0.465920 -0.032272 0.050917 -0.115878 -0.349905 0.087047 -0.327048 -0.032229 -0.055876 0.388347 0.280820 0.407439 0.371428 0.471745 0.324333 0.313504 0.410592 0.606174 0.665878 0.095232 0.079688 0.100939 -0.021636 0.171892 0.277143 -0.245991 -0.053015 -0.188070 -0.284195 -0.539231 -0.527468 -0.378214 0.088329 -0.134298 -0.380141 0.275572 0.392175 -0.408235 -0.251898 -0.119063 -0.250133 -0.333381 -0.247908 -0.005136 -0.418907 0.167005 -0.270442 0.010758 0.444444 0.246674 -0.151716 -0.253981 -0.174477
-0.085543 0.290219 -0.088460 0.100206 -0.081024 -0.163540 0.144364 0.203657 -0.080011 -0.025707 -0.027999 0.336298 -0.040604 0.446853 -0.148260 0.031338 0.497440 1.000000 0.094360 0.101402 -0.278801 -0.045150 -0.236364 -0.211599 -0.068682 -0.052019 -0.247344 -0.260802 0.375631 0.484827 0.326490 0.296739 0.337421 0.341273 -0.091801 -0.291843 0.158433 -0.019880 -0.347353 -0.435483 0.025211 0.086709 -0.102980 -0.035470 0.068295 0.031668 -0.094773 -0.105898 -0.041118 0.057562 -0.067085 -0.158838 -0.085091 0.033781 -0.274514 -0.231127 0.276783 0.311652 -0.160246 -0.131337 0.174008 0.138493 0.301984 0.449703 0.209053 0.344239 -0.158545 -0.261519 0.040728 -0.134879 -0.044346 -0.017216 0.522539 0.390072 0.350303 0.369532 0.190694 0.150118 0.363335 0.285479 0.485889 0.487290 -0.324090 -0.035892 0.061437 0.029958 -0.203220 0.107455 -0.189209 -0.194429 -0.168429 -0.341035 -0.240232 -0.384657 -0.341788 0.177789 -0.109042 -0.253112 0.058488 0.116255 -0.007043 -0.167759 -0.043154 -0.255764 -0.374501 -0.211785 -0.009605 -0.311567 0.037754 -0.054043 -0.073553 0.045027 0.101717 -0.101988 -0.168964 -0.227997
0.438218 0.313532 0.455030 0.512087 -0.365939 -0.269759 0.242018 0.321621 -0.395847 -0.378362 -0.171373 -0.045942 -0.109999 -0.032455 -0.192579 -0.534484 0.046508 0.094360 1.000000 0.670743 -0.177981 -0.016173 0.400404 0.388428 -0.271725 -0.156869 -0.294393 -0.156175 0.072072 -0.079514 0.040503 0.067082 0.084402 0.013604 -0.133270 -0.066094 -0.129437 -0.273909 -0.294471 -0.343166 -0.106811 -0.180124 -0.311542 -0.259814 -0.230090 -0.341729 -0.332528 -0.346483 -0.157359 -0.257574 0.262508 -0.121572 -0.138472 -0.240188 -0.221664 -0.278995 0.219805 0.247412 0.206452 0.235237 0.004921 -0.117495 -0.117863 0.055549 0.275575 0.063129 0.143006 0.114174 0.508892 0.392352 -0.040019 -0.151706 -0.119026 0.007775 -0.022921 -0.059823 -0.299245 -0.258389 -0.119791 -0.019144 0.111961 0.085545 -0.295530 -0.285197 0.249713 -0.159353 0.172673 0.313895 0.083606 -0.108305 0.096465 -0.109357 0.001816 -0.075858 -0.314840 0.078497 -0.202744 -0.333137 -0.179899 -0.316262 -0.039833 0.046297 0.150908 0.152712 -0.032997 -0.197412 0.193914 -0.106979 -0.002563 0.011547 -0.054649 -0.136037 -0.205438 -0.025878 -0.029420 -0.106662
0.391413 0.502787 0.256284 0.425312 -0.543436 -0.428442 0.239869 0.355626 -0.600632 -0.409313 -0.273697 0.039166 -0.226350 0.096434 -0.308197 -0.503458 0.092023 0.101402 0.670743 1.000000 -0.102292 -0.144600 0.157343 0.457096 -0.433885 -0.290619 -0.426086 -0.351657 0.031297 0.168401 -0.138487 -0.098886 -0.015999 0.060430 -0.118586 0.241140 -0.044862 -0.049542 -0.225270 -0.263707 -0.067999 -0.074589 -0.333086 -0.311653 -0.119917 -0.168686 -0.353394 -0.197522 -0.213461 -0.236072 -0.050739 -0.267707 -0.212512 -0.397095 -0.271074 -0.377553 0.321743 0.294215 0.150376 0.244446 0.108520 0.049082 -0.082573 -0.002433 0.121587 0.185103 0.063982 0.258972 0.572740 0.515525 0.013276 -0.002128 -0.063832 0.001012 -0.169285 -0.107826 -0.228701 -0.112311 -0.376375 0.038547 0.068184 0.197672 -0.182338 -0.085410 0.005149 -0.161034 0.137752 0.308364 -0.102617 -0.245157 0.441853 0.201497 0.026611 -0.076491 -0.223196 0.032564 -0.273459 -0.349992 0.002254 -0.206749 0.042955 0.143453 0.226593 0.249346 -0.038083 -0.227507 0.132843 -0.161669 0.066517 -0.120650 0.105770 0.117595 0.075644 -0.050044 -0.024916 0.069886
-0.097853 -0.316613 0.114407 -0.064164 0.003368 -0.039457 -0.023067 -0.098274 -0.053059 -0.111778 0.019520 -0.117752 0.075146 -0.181087 0.153104 0.071961 -0.387536 -0.278801 -0.177981 -0.102292 1.000000 0.139242 0.131266 0.004174 0.140957 0.068778 0.182997 0.188432 -0.040782 -0.036123 0.056129 0.101163 0.020783 0.018634 0.096505 0.017878 0.137297 0.303587 0.412982 0.403749 0.110408 0.287936 -0.121850 -0.104508 -0.159152 -0.206847 0.057223 -0.090529 -0.161088 -0.134226 -0.176748 -0.144862 -0.168191 -0.095200 0.202618 0.224152 -0.363130 -0.303190 0.049587 -0.045171 0.021868 0.166835 -0.253447 -0.139253 0.060767 -0.067119 -0.054594 0.085129 -0.253614 0.056989 0.378927 0.279482 -0.070806 0.170527 0.063573 0.017352 -0.011151 -0.080780 -0.140696 0.020859 -0.389006 -0.184840 0.089191 0.113745 -0.072592 -0.020265 -0.146388 -0.253884 0.004727 0.118551 -0.016959 0.047242 0.108798 0.264821 0.303498 0.102500 0.291376 0.203466 0.023913 -0.183712 0.252766 0.244412 0.077441 0.192648 0.307665 0.253375 -0.013822 0.237100 0.170152 0.277962 -0.004513 -0.275976 -0.123798 0.057699 0.169107 0.168500
-0.085163 -0.300168 0.125964 -0.033773 0.224183 0.209009 0.020557 -0.197838 0.095351 0.018675 -0.041303 -0.347673 0.048451 -0.260885 0.218179 0.083817 -0.078641 -0.045150 -0.016173 -0.144600 0.139242 1.000000 0.070906 -0.131831 0.254605 0.182460 0.299573 0.270023 0.108204 -0.043050 -0.077656 0.272037 0.002353 0.012252 -0.127924 -0.175950 0.044460 0.065362 0.206263 0.289311 0.166738 0.367628 -0.207267 -0.174038 -0.230552 -0.110499 0.005870 -0.028467 -0.171298 -0.197004 -0.133756 -0.142294 0.006220 0.055942 0.114624 0.077090 -0.092248 -0.131867 0.053574 -0.192898 -0.016713 -0.166581 0.041459 -0.077839 -0.048440 -0.253223 -0.086301 0.006265 -0.201143 0.087360 0.125567 0.284813 0.085716 -0.185501 -0.161290 0.011286 -0.156022 -0.141081 0.240187 -0.071791 0.127155 0.147868 0.089554 0.141606 0.007605 0.039780 -0.036289 -0.253331 0.086921 0.016566 -0.066467 0.032301 -0.011107 0.154517 0.327118 0.291178 0.440813 0.461866 0.060629 -0.030353 0.006094 0.196845 -0.159933 0.136109 0.013450 -0.016807 -0.003853 0.147707 0.136567 0.473567 0.241793 -0.067071 -0.066057 0.096377 0.021287 0.068985
0.363386 -0.121378 0.771114 0.454606 -0.049789 0.004507 0.407306 0.317204 -0.002590 -0.246331 0.127231 -0.180666 0.462235 -0.252408 0.211841 -0.200615 -0.267586 -0.236364 0.400404 0.157343 0.131266 0.070906 1.000000 0.702801 -0.116792 0.003000 0.081484 0.269064 0.013312 -0.381241 -0.021045 0.148813 -0.164179 -0.160573 0.096146 0.127556 -0.177324 -0.187855 -0.112593 -0.112225 -0.106643 -0.054448 -0.302147 -0.215930 -0.337265 -0.428940 -0.209166 -0.266621 -0.374837 -0.442229 0.217002 -0.309643 0.048491 -0.261597 -0.042148 -0.212240 -0.192713 -0.059441 0.153493 -0.099722 -0.031548 -0.229639 -0.449365 -0.265647 0.384052 -0.267709 -0.086188 0.014134 0.161277 0.270757 0.214224 -0.039598 -0.209370 -0.176408 -0.131719 -0.150594 -0.260603 -0.207950 -0.131441 -0.238609 -0.286749 -0.318728 0.035803 -0.106152 0.393644 0.005602 0.170194 -0.066428 0.568597 0.142327 -0.094436 -0.096778 0.211082 0.265762 -0.019956 -0.164340 -0.021092 -0.113791 -0.387350 -0.456591 -0.096785 -0.066731 -0.153974 0.022484 -0.135119 -0.122197 0.028113 0.047944 -0.260142 0.068373 -0.089751 -0.371389 -0.348696 -0.120693 0.092145 -0.078360
0.285336 0.080795 0.499463 0.496010 -0.271130 -0.167812 0.372754 0.381188 -0.237763 -0.329540 -0.123522 -0.078997 0.141123 -0.148410 -0.045478 -0.354047 -0.193070 -0.211599 0.388428 0.457096 0.004174 -0.131831 0.702801 1.000000 -0.311340 -0.098125 -0.136758 0.003444 -0.039361 -0.202284 -0.120255 -0.056857 -0.310557 -0.341773 0.005936 0.293516 -0.206684 -0.191411 -0.223031 -0.223368 -0.134709 -0.155473 -0.282740 -0.182633 -0.147551 -0.247759 -0.269525 -0.151845 -0.232222 -0.238382 0.158993 -0.229057 -0.106697 -0.403275 -0.182040 -0.337288 -0.027835 0.035469 0.105885 0.193064 -0.109629 -0.233563 -0.437882 -0.278663 0.282968 -0.135354 -0.042716 0.160090 0.299782 0.289476 0.086320 0.083176 -0.147157 -0.124001 -0.213463 -0.212799 -0.342923 -0.153803 -0.381198 -0.211914 -0.295989 -0.298142 -0.062941 -0.151918 0.187584 0.013774 0.096049 0.121389 0.313710 -0.020331 0.200343 0.097553 0.309790 0.230582 -0.126113 -0.295311 -0.225929 -0.331252 -0.291423 -0.377729 0.019397 -0.005415 0.105206 0.167512 -0.011357 -0.114951 0.043561 0.010102 -0.225456 -0.169578 -0.028275 -0.145613 -0.238191 -0.169584 -0.053603 0.027812
-0.250440 -0.562876 -0.217190 -0.180089 0.802831 0.720511 -0.468383 -0.522418 0.723011 0.477785 0.297341 0.150211 0.141420 -0.167284 0.528216 0.445872 -0.054284 -0.068682 -0.271725 -0.433885 0.140957 0.254605 -0.116792 -0.311340 1.000000 0.855519 0.735958 0.613231 0.184507 -0.334853 0.275949 0.290781 0.200533 0.280419 0.115773 -0.084970 -0.029886 -0.006221 0.193625 0.254550 -0.040242 0.146891 -0.274057 -0.216694 -0.268298 -0.266053 -0.080232 -0.154751 -0.350401 -0.212139 -0.004449 -0.084680 0.177483 0.320011 0.275133 0.260665 -0.200065 -0.310792 -0.181567 -0.516690 -0.210734 -0.173269 0.035307 0.029960 -0.089585 -0.182084 -0.357785 -0.337302 -0.340470 -0.168188 -0.207883 -0.168030 -0.017625 0.007064 0.189935 0.280732 0.009074 -0.127638 0.416755 0.138423 0.217958 0.046190 0.316567 0.159888 0.193342 0.305935 0.036869 -0.128941 0.220339 0.368445 -0.368229 -0.158876 -0.040590 0.059888 0.003478 0.051928 0.262811 0.266582 -0.234215 -0.078148 -0.230989 -0.188518 -0.397859 -0.153047 -0.114367 0.066812 -0.187116 0.127461 0.003799 0.151708 0.101864 -0.228910 -0.284311 0.175063 -0.008858 -0.082309
-0.071689 -0.513246 -0.179150 -0.152126 0.669434 0.708863 -0.453779 -0.580994 0.579655 0.379887 0.360465 0.216288 0.169435 -0.211456 0.554807 0.357050 0.085709 -0.052019 -0.156869 -0.290619 0.068778 0.182460 0.003000 -0.098125 0.855519 1.000000 0.678858 0.677137 0.407224 -0.203834 0.372643 0.435992 0.286275 0.265826 0.151908 -0.010553 -0.044082 -0.125101 0.045480 0.046355 -0.087904 0.181065 -0.261039 -0.121809 -0.230056 -0.254160 -0.044910 -0.123454 -0.473228 -0.202607 0.043158 -0.126264 0.139848 0.233358 0.175023 0.167221 -0.152355 -0.357285 -0.140647 -0.396466 -0.239467 -0.238526 0.068971 0.047854 -0.033763 -0.194411 -0.418368 -0.441404 -0.324682 -0.249684 -0.204794 -0.186498 0.089886 0.026132 0.264829 0.382272 0.033189 -0.136833 0.442938 0.211311 0.267485 0.158748 0.396220 0.287747 0.410685 0.470126 0.086500 -0.051297 0.236687 0.380011 -0.426546 -0.272355 -0.162506 -0.068646 -0.181971 0.021038 0.221303 0.016814 -0.227879 -0.081447 -0.335255 -0.352635 -0.447123 -0.218522 -0.187831 -0.070589 -0.207841 0.037007 -0.005102 -0.034414 0.052293 -0.207428 -0.373921 0.150849 -0.059430 -0.041632
-0.081887 -0.502429 0.062019 -0.078048 0.836369 0.853099 -0.142296 -0.337064 0.610483 0.592151 0.200564 -0.144818 0.217083 -0.358606 0.512651 0.541275 -0.115473 -0.247344 -0.294393 -0.426086 0.182997 0.299573 0.081484 -0.136758 0.735958 0.678858 1.000000 0.891201 0.040208 -0.363636 0.132153 0.194811 0.131542 0.082709 0.125326 -0.045828 -0.075746 -0.083917 0.075396 0.243893 -0.015380 0.373637 -0.213228 -0.217631 -0.345231 -0.309266 -0.170611 -0.227283 -0.379431 -0.295077 -0.019260 -0.127987 0.197067 0.246863 0.077250 0.102374 -0.143684 -0.281891 -0.109777 -0.265344 -0.153246 -0.130260 -0.042871 -0.032577 -0.157918 -0.297375 -0.270417 -0.216747 -0.424801 -0.242842 0.050378 -0.017604 -0.045897 -0.137121 0.019575 0.122458 0.043115 -0.069734 0.162389 -0.118240 -0.031899 -0.056371 0.499386 0.371337 0.158655 0.296855 -0.072047 -0.193678 0.290563 0.266833 -0.402331 -0.179075 0.120956 0.127034 0.058063 -0.058219 0.087433 0.181276 -0.330136 -0.223276 -0.123968 -0.142653 -0.289012 -0.067811 0.053747 0.134460 -0.083275 0.364012 -0.071253 -0.010892 -0.109549 -0.279504 -0.380418 0.125055 0.063635 0.066481
0.099233 -0.559861 0.180698 -0.045291 0.699298 0.789012 -0.059105 -0.317715 0.484434 0.447929 0.234196 -0.078456 0.314843 -0.379436 0.439684 0.445211 -0.101836 -0.260802 -0.156175 -0.351657 0.188432 0.270023 0.269064 0.003444 0.613231 0.677137 0.891201 1.000000 0.131452 -0.347721 0.096601 0.222520 0.129494 -0.026292 0.240568 -0.055234 -0.063500 -0.111151 0.049127 0.158439 -0.011438 0.335926 -0.179076 -0.171603 -0.379907 -0.414098 -0.144883 -0.249330 -0.425429 -0.298126 0.132037 -0.123071 0.148937 0.211407 0.069522 0.127085 -0.172149 -0.296044 -0.019914 -0.240124 -0.169574 -0.244942 -0.150618 -0.049194 -0.073754 -0.386586 -0.234359 -0.280243 -0.327360 -0.222836 0.025053 -0.136727 -0.052371 -0.130361 0.032183 0.128605 0.059976 -0.088190 0.230820 -0.113565 0.001041 -0.074468 0.475857 0.320518 0.279710 0.396141 0.053667 -0.062792 0.299158 0.318934 -0.452805 -0.256819 0.089526 0.126515 -0.025672 -0.026534 0.101724 0.077827 -0.336290 -0.282401 -0.215644 -0.214660 -0.339687 -0.115151 0.026807 0.057561 -0.105534 0.314306 -0.150909 -0.028440 -0.141916 -0.378767 -0.481434 0.084023 0.063842 0.052401
0.185601 -0.069547 -0.050089 0.010944 0.092416 0.066457 -0.018889 -0.082572 0.120832 0.007581 0.457635 0.235321 0.266377 0.171834 0.398465 0.052532 0.402003 0.375631 0.072072 0.031297 -0.040782 0.108204 0.013312 -0.039361 0.184507 0.407224 0.040208 0.131452 1.000000 0.407979 0.421624 0.616847 0.375767 0.344992 -0.075138 -0.207818 0.175951 -0.083980 -0.066966 -0.221850 0.348753 0.283985 -0.143742 0.019179 0.104586 -0.027569 0.064220 -0.074545 -0.378907 -0.033595 -0.142763 -0.397184 -0.258809 -0.042651 -0.103648 -0.017153 0.020467 -0.156050 -0.216750 -0.268800 -0.040837 0.082332 0.251877 0.283315 0.200949 0.071166 -0.433075 -0.531769 -0.136561 -0.256928 0.000179 -0.038304 0.440430 0.217276 0.399979 0.256904 0.037215 -0.088315 0.394386 0.423801 0.536049 0.470778 0.203367 0.273129 0.249109 0.207626 0.115993 0.021748 -0.164139 0.000039 -0.410421 -0.401369 -0.434305 -0.335031 -0.382076 0.164670 0.093515 -0.293353 -0.106147 -0.115926 -0.363550 -0.370227 -0.317358 -0.317209 -0.412117 -0.272873 -0.086593 -0.195133 -0.004746 -0.025018 -0.037433 -0.131649 -0.274991 -0.114155 -0.150028 -0.232753
0.135679 0.357098 -0.282917 -0.181564 -0.365404 -0.369686 0.016457 0.099875 -0.365547 -0.152271 0.065895 0.198706 -0.152776 0.314956 -0.079504 -0.126786 0.410292 0.484827 -0.079514 0.168401 -0.036123 -0.043050 -0.381241 -0.202284 -0.334853 -0.203834 -0.363636 -0.347721 0.407979 1.000000 0.264471 0.270948 0.287094 0.241341 -0.080356 -0.044236 0.216630 0.093938 -0.148711 -0.302231 0.215907 0.318858 0.226780 0.164778 0.239839 0.285394 0.078928 0.153451 0.049705 0.204053 -0.241930 -0.136023 -0.300609 -0.133623 -0.398767 -0.240541 0.359595 0.140409 -0.040643 0.231418 0.192058 0.419259 0.399198 0.413640 0.000523 0.236952 -0.015678 -0.211172 -0.072241 -0.340098 0.070294 0.241163 0.355968 0.321364 0.284998 0.217396 0.376770 0.259124 0.018188 0.359746 0.308087 0.526310 -0.036625 0.199239 -0.059075 -0.006107 -0.136676 0.002459 -0.480609 -0.395617 0.031190 -0.083601 -0.429062 -0.471845 -0.128457 0.062199 -0.216603 -0.341564 0.276185 0.261303 -0.003220 -0.081928 0.104721 -0.226170 -0.109629 -0.191489 -0.047286 -0.275857 0.135920 -0.315983 -0.116985 0.261940 0.174266 -0.005631 -0.024498 0.160981
-0.027046 -0.200518 -0.020507 0.041747 0.187306 0.184128 -0.082322 0.020912 0.229282 0.140552 0.316164 0.284345 0.188473 0.152543 0.344360 0.151146 0.276759 0.326490 0.040503 -0.138487 0.056129 -0.077656 -0.021045 -0.120255 0.275949 0.372643 0.132153 0.096601 0.421624 0.264471 1.000000 0.713206 0.506634 0.666361 0.243440 -0.151149 0.037855 -0.256557 -0.148532 -0.250342 -0.033509 0.066220 -0.061753 0.069196 -0.041147 -0.165275 -0.144607 -0.207258 -0.106622 -0.084194 0.133132 -0.162641 -0.043699 -0.093101 -0.156576 -0.152338 0.001155 -0.230709 -0.211945 -0.228537 0.011781 0.076153 0.162553 0.203374 0.403842 0.216797 -0.108377 -0.237145 -0.416306 -0.344762 -0.123283 -0.022309 0.346002 0.262990 0.570149 0.251388 0.146375 -0.105108 0.234359 0.327317 0.175299 0.176820 0.047048 0.184054 0.407865 0.257544 -0.093784 -0.109035 0.009849 -0.157230 -0.634115 -0.690516 -0.445743 -0.434302 -0.063164 -0.132312 -0.219243 -0.202606 -0.278973 -0.129813 -0.160831 -0.203255 -0.130011 -0.277811 -0.247865 -0.034408 -0.203565 -0.145168 -0.108772 -0.035866 -0.265749 -0.201599 -0.314702 0.077394 0.102360 -0.028548
0.061073 -0.279049 0.034787 0.073371 0.219743 0.148050 -0.099253 -0.044064 0.183692 0.010208 0.424540 0.194760 0.237005 0.041621 0.446800 0.132269 0.263551 0.296739 0.067082 -0.098886 0.101163 0.272037 0.148813 -0.056857 0.290781 0.435992 0.194811 0.222520 0.616847 0.270948 0.713206 1.000000 0.411740 0.604384 0.074649 -0.118618 0.025455 -0.153662 -0.024324 -0.154931 0.125968 0.172822 -0.203747 -0.084751 -0.060073 -0.174283 -0.082781 -0.233878 -0.262084 -0.147573 0.087863 -0.254969 -0.068231 0.003003 -0.015798 -0.028021 -0.161228 -0.307164 -0.198135 -0.350016 -0.102120 -0.033158 -0.023831 0.105666 0.434298 0.138920 -0.371524 -0.384942 -0.369989 -0.287741 -0.055747 0.222409 0.369809 0.083397 0.385646 0.209635 0.017890 -0.131357 0.398805 0.230141 0.283251 0.221951 0.184846 0.211005 0.475122 0.212600 0.004975 -0.099092 0.004288 -0.073156 -0.541915 -0.551263 -0.448665 -0.309040 -0.045232 0.044716 0.045132 -0.075400 -0.231295 -0.219213 -0.209390 -0.162511 -0.245028 -0.240332 -0.307765 -0.038561 -0.111334 -0.114407 -0.038189 0.103347 -0.140518 -0.264419 -0.420120 0.021284 0.019195 -0.160094
0.210674 0.023102 -0.150347 -0.268690 0.062518 0.102780 -0.157172 -0.260261 0.059025 0.063644 0.265576 -0.000978 -0.070804 -0.097052 0.166352 0.055685 0.443859 0.337421 0.084402 -0.015999 0.020783 0.002353 -0.164179 -0.310557 0.200533 0.286275 0.131542 0.129494 0.375767 0.287094 0.506634 0.411740 1.000000 0.579196 0.112525 -0.273855 0.142784 0.009460 -0.001474 -0.100450 0.141387 0.235827 0.095407 0.215472 -0.118275 -0.115848 0.077209 0.022668 -0.318906 -0.134890 -0.223235 -0.287649 -0.039822 -0.028646 -0.069659 -0.084112 0.271691 0.123110 -0.042492 -0.000166 0.137757 0.151674 0.342275 0.392159 -0.015596 -0.109040 -0.009603 -0.302009 -0.169100 -0.313122 -0.078526 -0.037362 0.275877 0.321637 0.453293 0.427436 0.445675 0.186066 0.116414 0.374593 0.249011 0.502714 0.162625 0.311504 0.118727 0.110953 -0.165451 -0.163561 -0.132636 -0.066128 -0.423398 -0.399448 -0.516597 -0.435415 -0.081335 -0.126523 -0.115880 -0.232373 -0.003471 0.169300 -0.211596 -0.122860 -0.059157 -0.165604 -0.069598 0.031637 -0.145711 -0.077982 -0.139013 -0.155641 -0.071071 0.145296 -0.040099 0.240721 0.138334 0.168678
0.105694 0.036308 -0.085771 -0.024106 0.166629 0.064046 -0.154913 -0.029700 0.153151 0.084622 0.315876 0.261079 0.130328 0.202435 0.255945 0.195630 0.310177 0.341273 0.013604 0.060430 0.018634 0.012252 -0.160573 -0.341773 0.280419 0.265826 0.082709 -0.026292 0.344992 0.241341 0.666361 0.604384 0.579196 1.000000 0.224251 -0.048256 0.213486 -0.001342 -0.010373 -0.082194 0.131125 0.168085 -0.158502 -0.085295 -0.103748 -0.165674 -0.166521 -0.206445 -0.245022 -0.308654 -0.065371 -0.340297 0.058809 -0.106787 -0.077989 -0.173183 0.117275 -0.041750 -0.109000 -0.357660 0.193698 0.243317 0.219344 0.276594 0.272483 0.283924 -0.175319 -0.242638 -0.286937 -0.226274 -0.182331 -0.095520 0.301982 0.106617 0.430577 0.213993 0.203835 0.022952 0.138154 0.279464 0.226663 0.377091 0.093958 0.309547 0.218305 0.115076 -0.198442 -0.234167 0.030445 -0.141375 -0.380641 -0.433835 -0.453929 -0.424255 0.029536 -0.056940 -0.165765 -0.029793 -0.139214 0.011120 -0.169142 -0.112845 -0.199725 -0.284421 -0.314212 -0.085459 -0.157937 -0.202723 -0.111340 0.029260 -0.033353 0.039970 -0.051512 0.238493 0.240587 0.105313
0.055037 -0.293063 -0.097814 -0.233637 0.172420 -0.007147 -0.183631 -0.158028 0.180873 -0.056564 0.101217 0.116184 0.284759 -0.024495 0.110374 0.065261 0.023789 -0.091801 -0.133270 -0.118586 0.096505 -0.127924 0.096146 0.005936 0.115773 0.151908 0.125326 0.240568 -0.075138 -0.080356 0.243440 0.074649 0.112525 0.224251 1.000000 0.354432 -0.068223 -0.105664 0.101936 0.109298 -0.318536 -0.100879 0.046825 -0.002434 -0.056052 -0.141821 -0.026088 -0.039631 -0.150624 -0.130177 0.165789 -0.072519 -0.153624 -0.124557 0.145668 0.110968 -0.055406 -0.056870 -0.001333 -0.176336 0.119233 -0.016552 -0.177684 -0.160912 0.207135 -0.113061 -0.065783 0.040368 -0.208802 -0.026067 -0.010885 -0.088096 -0.167680 -0.017033 0.030574 -0.023631 0.211433 0.246738 -0.065113 -0.226491 -0.102846 -0.091331 0.122297 0.008414 0.174164 0.077221 0.104397 -0.009991 0.309141 0.027478 -0.118710 -0.141761 0.016303 -0.042702 0.160073 0.024835 -0.010493 0.147265 0.071211 0.056395 0.073030 -0.109688 -0.046138 -0.076619 -0.036365 0.016470 0.144999 0.100464 -0.042453 -0.021116 -0.034558 0.023099 0.114224 0.200848 0.357947 0.285587
-0.007517 -0.028645 -0.102370 -0.052228 -0.118596 -0.183450 -0.175575 -0.059966 -0.137628 -0.204254 -0.167772 -0.074572 -0.096616 -0.087112 -0.106010 -0.196148 -0.077536 -0.291843 -0.066094 0.241140 0.017878 -0.175950 0.127556 0.293516 -0.084970 -0.010553 -0.045828 -0.055234 -0.207818 -0.044236 -0.151149 -0.118618 -0.273855 -0.048256 0.354432 1.000000 -0.108832 0.206713 0.065297 0.020625 -0.224828 -0.189343 -0.044929 -0.125204 0.128534 0.136488 -0.041700 0.104637 -0.008844 -0.013078 0.126900 0.059708 -0.136011 -0.031709 0.002594 0.016511 0.001372 0.026868 0.035154 0.032816 -0.033392 -0.020901 -0.269380 -0.253032 0.040474 0.031996 -0.127762 0.064511 0.051929 0.071188 0.179401 0.173652 -0.199617 -0.005765 -0.139669 0.028138 0.114093 0.279334 -0.430594 -0.159042 -0.246099 -0.179287 0.086605 -0.263733 -0.048189 -0.149897 0.141533 0.100601 0.011771 -0.171449 0.430334 0.363084 0.173462 0.189586 0.067305 -0.103181 -0.128239 -0.005495 0.235511 0.106969 0.143191 0.202445 0.260405 0.154822 0.119703 -0.027795 0.200596 -0.043222 0.219888 -0.288450 0.142586 0.267145 0.159279 -0.091985 0.041120 0.214506
