1.000000 0.290184 0.565101 -0.048832 -0.069456 -0.434240 0.451558 0.263135 -0.137674 -0.409520 0.337491 -0.025738 0.300564 0.044136 -0.144395 -0.294833 -0.061115 -0.067188 0.411694 0.068609 -0.226165 0.153150 0.365883 0.247851 -0.463760 -0.303462 -0.273435 -0.231249 -0.002908 -0.343076 -0.038300 0.062006 0.161245 0.204157 0.052226 -0.117810 -0.349505 -0.575632 -0.429178 -0.276204 -0.233321 -0.344135 -0.219825 -0.126068 -0.001066 -0.257918 -0.299386 -0.365640 -0.197095 -0.273771 -0.337324 -0.423500 -0.346141 -0.507570 -0.108477 -0.357180 0.017005 0.202381 0.418118 0.200517 0.293405 0.393500 -0.049417 -0.005745 0.175284 -0.050747 0.227693 0.070535 -0.049175 -0.146040 0.056022 -0.066852 0.056432 -0.156844 -0.113061 -0.284314 -0.267990 -0.044273 0.065948 -0.126136 -0.094548 -0.018211 -0.323086 -0.187831 -0.180145 -0.205851 0.139285 -0.251872 0.380677 0.063215 0.069115 -0.112838 0.195616 0.233846 0.150734 0.170685 -0.136383 -0.306309 -0.050258 -0.211636 0.151576 0.177933 0.112992 0.296764 0.193671 0.099170 -0.314697 -0.221724 0.219820 0.071181 -0.265836 -0.090133 -0.175707 -0.157565 -0.219421 -0.346909
0.290184 1.000000 0.265509 0.498679 0.344927 0.150964 0.157642 0.397408 0.093028 -0.024841 -0.113598 0.041667 -0.050559 0.274781 0.291404 0.201334 -0.420695 -0.195553 0.335103 0.450450 -0.378088 -0.237723 -0.015392 -0.051159 -0.037133 -0.447489 0.289451 0.103336 -0.386559 -0.195580 -0.532501 -0.485259 -0.356444 -0.312343 -0.332949 -0.131845 0.000737 -0.220103 0.002254 0.198254 -0.202763 -0.331022 0.046340 -0.059237 -0.104038 -0.088525 0.090537 0.055443 0.010839 0.067285 -0.245656 0.134688 0.316703 0.093712 0.239890 0.279398 -0.362094 0.195735 0.309411 0.254894 -0.147676 0.125265 -0.470929 -0.297269 -0.196838 0.055720 -0.169401 -0.311818 0.458792 0.236248 -0.120879 -0.285105 -0.295567 -0.492682 -0.228166 -0.112353 -0.287912 -0.184584 -0.238517 -0.287876 -0.389319 -0.351639 0.225742 0.222666 -0.236835 -0.192800 0.078074 0.402402 0.322956 0.577779 0.507556 0.362625 0.289525 0.122824 0.230666 0.088258 0.174390 0.156316 0.299923 0.237940 -0.184913 -0.361872 -0.264161 -0.210356 -0.086524 -0.071335 -0.029356 -0.009851 0.051059 0.204824 -0.164505 0.029054 0.144807 0.033279 -0.041095 -0.041610
0.565101 0.265509 1.000000 0.292143 0.098003 -0.175512 0.818217 0.610760 -0.171737 -0.370284 0.063215 -0.107842 0.001559 -0.086935 -0.121052 -0.270237 -0.373769 -0.151826 0.706964 0.440522 -0.162956 0.129307 0.502478 0.424068 -0.422145 -0.410164 0.103554 -0.071512 -0.263962 -0.274838 0.072723 0.139553 0.007584 0.038093 0.012548 -0.222579 -0.477443 -0.608366 -0.203984 -0.020912 -0.181393 -0.244019 -0.293856 -0.275437 -0.119988 -0.309916 -0.426303 -0.423551 -0.181966 -0.109679 -0.515763 -0.413869 -0.381656 -0.516217 -0.011294 -0.362593 -0.080784 -0.003396 0.302620 0.236437 0.029576 0.242121 -0.294100 -0.220859 0.195150 -0.000867 0.199980 0.046220 -0.137316 -0.064748 0.138251 -0.055753 -0.124051 -0.229307 -0.284113 -0.247674 -0.498766 -0.254711 -0.213857 -0.291456 -0.499564 -0.299828 0.014614 0.083272 -0.172669 -0.216665 0.322267 -0.010117 0.516621 0.284649 0.144244 -0.104921 0.404264 0.476457 0.059266 0.164064 -0.204066 -0.161446 -0.135977 -0.209898 0.382781 0.240818 0.312168 0.381441 0.423642 0.224080 -0.115397 -0.020115 0.190175 0.040357 -0.375705 -0.248165 -0.011806 0.037166 -0.152709 -0.112270
-0.048832 0.498679 0.292143 1.000000 0.379910 0.566344 0.185593 0.572018 0.146884 0.190962 -0.391243 -0.108652 -0.458422 -0.303235 0.268506 0.233858 -0.539246 -0.439109 0.371559 0.445361 -0.121197 -0.079993 0.307939 0.098758 0.191762 -0.209609 0.547379 0.413528 -0.551670 -0.317254 -0.402905 -0.409675 -0.531836 -0.555744 -0.215930 -0.198878 -0.212189 -0.172063 0.247702 0.349446 -0.211719 -0.131566 0.049223 -0.019223 -0.088272 -0.043640 0.034371 0.113842 -0.052970 0.175584 -0.187303 0.051791 0.031495 0.043509 0.166009 0.138809 -0.183395 0.013569 -0.012539 0.254217 -0.489807 -0.282570 -0.492246 -0.569026 -0.281670 -0.080082 -0.080897 -0.023084 0.532397 0.169356 -0.173832 -0.349762 -0.580106 -0.480485 -0.446762 -0.251170 -0.508800 -0.348449 -0.292516 -0.390808 -0.509165 -0.452594 0.457642 0.445209 0.137835 0.106423 0.400529 0.439881 0.524504 0.566838 0.449111 0.294140 0.351451 0.200034 0.173786 0.071114 0.097034 0.020875 0.214257 0.201103 -0.110030 -0.304166 -0.146054 -0.101370 0.072953 -0.020113 -0.079737 -0.057470 0.099832 0.204694 -0.132902 0.064125 0.331906 0.092717 -0.108358 0.061414
-0.069456 0.344927 0.098003 0.379910 1.000000 0.678363 -0.022776 0.195594 0.742911 0.531050 -0.167018 -0.121974 -0.039678 0.237644 0.731848 0.666850 -0.340826 -0.438483 0.155129 0.219382 -0.150640 -0.273735 -0.084359 -0.121425 0.469064 0.121898 0.697457 0.406848 -0.220800 -0.118357 -0.489015 -0.552583 -0.408975 -0.252971 -0.091808 0.058214 0.017305 -0.063402 0.191815 0.029759 -0.204899 -0.098561 0.134525 0.095394 -0.073223 -0.075428 0.238852 0.188127 -0.010447 0.089145 -0.155517 0.225819 0.214989 0.163168 0.427369 0.126890 -0.205732 -0.207584 0.039028 0.077319 -0.317792 -0.124123 -0.507792 -0.433821 -0.237344 -0.002722 -0.217756 -0.164344 0.203227 -0.008575 0.003065 -0.285051 -0.442837 -0.244800 -0.371765 -0.150962 -0.196501 -0.152952 -0.340185 -0.373131 -0.336034 -0.449114 0.459530 0.415485 0.142152 -0.194740 -0.026138 0.269575 0.203083 0.263160 0.389742 0.436675 0.197363 0.106595 -0.194209 0.053665 0.061947 -0.025334 0.157992 0.147467 -0.138425 -0.240797 -0.286748 -0.254793 -0.180519 -0.114020 -0.062314 -0.167095 0.071202 0.091820 0.090254 0.181986 0.216027 -0.054765 -0.109498 0.023857
-0.434240 0.150964 -0.175512 0.566344 0.678363 1.000000 -0.200603 0.134338 0.452625 0.718529 -0.413747 -0.325096 -0.445926 -0.167687 0.418651 0.627393 -0.309041 -0.510247 -0.000680 0.247509 0.001051 -0.204432 -0.098745 -0.134301 0.705198 0.336901 0.796034 0.681200 -0.374358 -0.067754 -0.426975 -0.531844 -0.556324 -0.502636 -0.143440 0.051673 0.051395 0.159410 0.412980 0.319151 -0.069705 0.027947 0.317206 0.179441 -0.015916 0.191924 0.364053 0.405192 0.013524 0.266383 -0.042451 0.336261 0.209241 0.318077 0.253293 0.269916 -0.121453 -0.131829 -0.235331 0.069912 -0.478021 -0.341426 -0.394279 -0.464073 -0.464301 -0.086866 -0.231798 -0.025574 0.400968 0.260857 -0.278829 -0.356944 -0.522476 -0.315785 -0.363045 -0.092526 -0.206472 -0.239754 -0.314502 -0.325708 -0.210974 -0.380542 0.508155 0.446999 0.175464 -0.080191 0.022134 0.336772 0.100083 0.238561 0.409534 0.472943 0.112147 0.048959 0.030208 0.120540 0.204281 0.239836 0.173733 0.238274 -0.167724 -0.277934 -0.222226 -0.261190 -0.120141 -0.077118 0.107307 0.014945 0.071178 0.264127 0.165180 0.280946 0.393023 0.107427 0.004273 0.180934
0.451558 0.157642 0.818217 0.185593 -0.022776 -0.200603 1.000000 0.601440 -0.189447 -0.340625 0.099842 -0.209982 0.087845 -0.090401 -0.108548 -0.224265 -0.296289 -0.038814 0.594206 0.392117 0.047380 0.070171 0.551649 0.414854 -0.525444 -0.468531 0.123788 -0.026532 -0.375650 -0.190800 0.263274 0.318303 -0.065063 0.006842 0.001926 -0.096752 -0.472136 -0.467941 -0.179089 0.097892 -0.060811 -0.041457 -0.357289 -0.402435 -0.286524 -0.327938 -0.514682 -0.484552 -0.150389 -0.249994 -0.499551 -0.501398 -0.429496 -0.568437 -0.113032 -0.481115 0.075883 0.022836 0.198110 0.004983 0.025743 0.028016 -0.171251 -0.210666 0.191834 0.026649 0.062776 0.022622 -0.188890 -0.004729 0.084291 0.000973 -0.013065 -0.206580 -0.156268 -0.085983 -0.371681 -0.203907 -0.227915 -0.166483 -0.459846 -0.285371 -0.036944 -0.135758 -0.259597 -0.283246 0.180443 -0.206902 0.480523 0.185067 0.117807 -0.119004 0.488925 0.686430 0.145306 0.269992 -0.208228 -0.008835 -0.206833 -0.126616 0.575023 0.451597 0.558523 0.510536 0.575496 0.435259 0.088337 0.167469 0.136280 0.072463 -0.323809 -0.324936 -0.002244 0.177973 -0.089073 0.024853
0.263135 0.397408 0.610760 0.572018 0.195594 0.134338 0.601440 1.000000 0.083478 -0.004164 -0.233241 -0.125957 -0.229959 0.017339 -0.006178 0.031685 -0.337528 -0.268653 0.428450 0.460119 -0.115490 -0.195248 0.340284 0.438199 -0.232199 -0.347447 0.246258 -0.030200 -0.528188 -0.288150 -0.167918 0.018677 -0.334590 -0.177538 -0.083528 0.000689 -0.312808 -0.371271 -0.093128 0.210256 -0.179416 -0.079549 -0.259480 -0.294756 -0.327653 -0.179466 -0.323543 -0.231183 -0.160529 -0.106228 -0.444013 -0.255846 -0.216728 -0.330586 -0.058349 -0.308861 0.013464 0.010883 0.082736 0.065343 -0.066362 0.046838 -0.208070 -0.403810 0.157479 0.347639 -0.027041 0.078158 0.012065 0.152130 -0.050170 -0.142088 -0.378169 -0.284685 -0.263200 -0.146461 -0.443741 -0.195973 -0.290456 -0.412910 -0.417059 -0.457320 0.092592 0.056267 -0.130426 -0.111306 0.230247 0.119728 0.573116 0.582536 0.267664 -0.042765 0.554586 0.381106 0.175291 0.107126 -0.254418 -0.023630 -0.257892 -0.126396 0.238719 -0.061274 0.102915 0.092415 0.204882 0.166940 -0.004941 0.110744 0.164152 -0.042585 -0.286907 -0.354680 0.027369 0.020256 0.068025 0.069343
-0.137674 0.093028 -0.171737 0.146884 0.742911 0.452625 -0.189447 0.083478 1.000000 0.576249 -0.120549 -0.152652 -0.002069 0.127607 0.705079 0.559995 -0.148444 -0.365104 -0.013637 -0.057071 0.050949 -0.204869 -0.082179 -0.209355 0.373906 0.218497 0.410095 0.205953 -0.085081 -0.146997 -0.344327 -0.355261 -0.313539 -0.193217 -0.004858 0.163416 0.218197 0.073181 0.146898 -0.057058 -0.089473 0.018661 0.177795 0.171887 -0.082575 -0.056101 0.299461 0.241420 -0.044298 0.000880 0.035126 0.232233 0.193632 0.216064 0.264574 0.131573 0.000441 -0.215186 -0.024377 -0.043628 -0.167498 -0.133785 -0.245792 -0.289142 -0.141535 0.011930 -0.238415 -0.214048 0.100673 -0.131709 -0.010241 -0.243712 -0.334937 -0.087759 -0.176283 -0.126868 -0.008455 -0.106664 -0.241248 -0.283082 -0.122349 -0.350059 0.297089 0.167076 0.261468 -0.084613 -0.052648 0.134499 0.058522 0.050447 0.149275 0.314042 0.084755 0.038431 -0.278348 0.000093 0.057388 -0.042469 0.043215 0.174447 -0.150481 -0.232772 -0.288258 -0.286268 -0.264748 -0.158827 -0.031321 -0.201402 -0.044069 -0.004453 0.187275 0.061756 -0.000806 -0.103371 -0.100440 -0.012537
-0.409520 -0.024841 -0.370284 0.190962 0.531050 0.718529 -0.340625 -0.004164 0.576249 1.000000 -0.174643 -0.088502 -0.097165 0.132232 0.379056 0.715428 -0.066531 -0.359871 -0.246218 0.022895 0.168331 -0.248200 -0.181393 -0.198319 0.733086 0.572018 0.444472 0.310453 -0.188343 0.075821 -0.454533 -0.477089 -0.462093 -0.409453 0.054964 0.211969 0.117310 0.193278 0.288606 0.214304 -0.124177 0.086747 0.277371 0.173780 -0.009406 0.210514 0.331708 0.368158 0.158505 0.210397 0.139196 0.361529 0.186816 0.370516 0.040499 0.080501 -0.030344 -0.134346 -0.343347 -0.213679 -0.319463 -0.251352 -0.137257 -0.365653 -0.178391 0.048393 -0.358044 -0.009294 0.245222 0.288270 -0.030188 -0.145011 -0.439204 -0.063613 -0.206437 -0.039438 -0.040827 -0.002596 -0.188953 -0.185253 -0.069646 -0.286742 0.156826 0.094911 0.217868 -0.090469 -0.228861 0.088349 -0.045824 -0.023735 0.195816 0.385790 0.104397 0.000291 0.090998 -0.032438 0.092658 0.158200 -0.042995 0.109253 -0.128770 -0.252254 -0.261424 -0.370025 -0.277605 -0.163324 0.010597 -0.026618 0.046089 0.032266 0.271046 0.272162 0.254701 0.046700 0.136860 0.249647
0.337491 -0.113598 0.063215 -0.391243 -0.167018 -0.413747 0.099842 -0.233241 -0.120549 -0.174643 1.000000 0.203094 0.726575 0.307154 -0.018776 -0.113738 0.306396 0.362571 0.123754 -0.233017 -0.001027 0.222380 0.307705 0.162937 -0.211417 0.050927 -0.284728 -0.140893 0.277633 0.058793 0.223341 0.271154 0.361579 0.260478 0.349165 0.256028 0.003990 -0.048630 -0.067542 -0.080704 -0.011102 0.177596 -0.212546 -0.176840 -0.046277 -0.108669 -0.182523 -0.236068 0.084978 -0.213479 0.000707 -0.262710 -0.219969 -0.172441 -0.031054 -0.215363 -0.099185 -0.207130 -0.104254 -0.326749 0.160825 0.026457 0.170113 0.192984 0.379149 -0.077587 -0.336302 -0.207043 -0.327873 -0.146179 0.329475 0.106508 0.299767 0.292246 0.280292 0.177615 0.191108 0.169273 0.108859 0.255472 0.005981 0.146849 -0.215455 -0.422140 0.306593 -0.116218 -0.066959 -0.192875 -0.054001 -0.270698 -0.362141 -0.281331 -0.117357 0.085530 -0.111237 -0.169512 -0.078134 -0.092191 -0.114181 -0.247591 0.175795 0.185244 0.178649 0.071626 -0.005364 0.124140 -0.199208 -0.168649 -0.248762 -0.165581 -0.047880 -0.120884 -0.399399 0.011912 -0.085367 -0.102394
-0.025738 0.041667 -0.107842 -0.108652 -0.121974 -0.325096 -0.209982 -0.125957 -0.152652 -0.088502 0.203094 1.000000 0.324094 0.479490 -0.032689 -0.044221 0.185162 0.425441 -0.100879 0.065844 -0.218715 -0.285728 -0.273319 -0.181537 -0.119334 -0.128019 -0.443742 -0.470310 0.354243 0.273113 -0.103302 -0.068930 0.367808 0.297957 -0.008570 0.016992 0.162297 0.069544 -0.187277 -0.236176 0.017425 -0.090691 -0.154450 -0.047190 0.075720 0.043187 -0.230229 -0.081947 0.129584 0.017589 0.119520 -0.025454 0.079801 -0.031401 0.030515 -0.091861 -0.132061 -0.050201 -0.057082 -0.240774 -0.006773 0.088879 0.042691 0.127731 0.319859 0.357313 -0.122270 0.046951 -0.145797 -0.054453 0.261908 0.068980 0.200582 0.238094 0.213826 0.099954 0.219643 0.203574 0.123956 0.186594 0.128632 0.222735 -0.192892 0.187578 0.054343 0.498671 -0.149001 0.143820 -0.177686 0.017953 -0.173652 -0.166114 -0.019052 -0.271418 -0.223334 -0.309343 -0.284456 -0.242841 -0.178160 -0.227134 -0.127001 -0.223133 -0.208516 -0.212393 -0.237924 -0.071701 -0.127303 -0.105661 -0.214729 -0.300810 -0.018408 0.038045 -0.010399 -0.095658 0.079526 0.002115
0.300564 -0.050559 0.001559 -0.458422 -0.039678 -0.445926 0.087845 -0.229959 -0.002069 -0.097165 0.726575 0.324094 1.000000 0.609601 0.151030 0.070867 0.285424 0.345437 -0.079191 -0.308340 0.047227 0.026509 0.155731 -0.001589 -0.227614 -0.026446 -0.320545 -0.291356 0.267915 0.048299 0.017808 0.089663 0.271155 0.265423 0.241765 0.166589 0.000741 -0.037518 -0.120465 -0.223710 -0.005321 0.067650 -0.207737 -0.244810 -0.058418 -0.121073 -0.228033 -0.296972 0.256217 -0.209094 0.188515 -0.102975 -0.048799 -0.158774 0.094787 -0.264255 -0.097812 -0.221024 -0.057861 -0.411990 0.158664 -0.051899 0.134808 0.095356 0.417096 0.087148 -0.255519 -0.161350 -0.326150 -0.160639 0.463484 0.204269 0.385554 0.264554 0.305410 0.122786 0.255725 0.231341 0.093495 0.239803 0.010310 0.085463 -0.317140 -0.463892 0.016536 -0.163118 -0.157915 -0.260291 -0.027350 -0.221924 -0.229490 -0.167223 -0.002641 0.159493 -0.138489 -0.073728 -0.087908 -0.184507 -0.098559 -0.261088 0.106644 0.162834 0.069861 -0.032853 -0.100405 0.056163 -0.148872 -0.135750 -0.085439 -0.199246 0.074052 -0.120901 -0.363162 -0.043516 -0.073377 -0.118516
0.044136 0.274781 -0.086935 -0.303235 0.237644 -0.167687 -0.090401 0.017339 0.127607 0.132232 0.307154 0.479490 0.609601 1.000000 0.250162 0.380481 0.180373 0.271617 -0.195201 0.028472 -0.187544 -0.283505 -0.353090 -0.008993 -0.060939 -0.062543 -0.110393 -0.266241 0.242330 0.257571 -0.243975 -0.155959 0.151463 0.309829 0.057242 0.207032 0.283640 0.110942 -0.101026 -0.148784 0.089944 0.028054 -0.168065 -0.177560 -0.181246 -0.109228 -0.103937 -0.128619 0.137200 -0.151380 0.073935 0.079666 0.276106 0.009896 0.178512 -0.059503 -0.146071 -0.138073 0.014310 -0.328056 0.177187 0.146891 0.062538 0.110837 0.287921 0.416935 -0.291633 -0.242432 -0.308091 -0.005198 0.344909 0.177188 0.227699 0.197605 0.200688 0.194434 0.274908 0.270550 0.024213 0.117025 0.086396 0.012452 -0.140483 -0.084823 -0.129672 -0.075486 -0.350066 0.075434 -0.103149 0.164704 -0.028180 -0.062180 0.009929 -0.190160 -0.143083 -0.107685 -0.152231 -0.028288 -0.136090 -0.212235 -0.154171 -0.222074 -0.310909 -0.340993 -0.376490 -0.140861 -0.077864 -0.105536 -0.031000 -0.273604 -0.051515 -0.126425 -0.206838 -0.147524 0.105802 -0.041363
-0.144395 0.291404 -0.121052 0.268506 0.731848 0.418651 -0.108548 -0.006178 0.705079 0.379056 -0.018776 -0.032689 0.151030 0.250162 1.000000 0.615422 -0.303439 -0.363213 -0.008214 -0.019924 -0.025184 -0.093072 0.020201 -0.171860 0.212429 -0.049836 0.461166 0.417866 -0.133372 -0.097071 -0.454383 -0.444703 -0.335631 -0.284039 -0.077418 0.008878 0.231667 0.181973 0.306842 0.001551 -0.100033 0.024986 0.153809 0.143732 -0.141099 -0.073903 0.339282 0.273589 -0.000272 0.013894 0.051278 0.285811 0.288721 0.282386 0.450933 0.311220 -0.236428 -0.298225 -0.061923 -0.092925 -0.329426 -0.384703 -0.403585 -0.364006 -0.369645 -0.188724 -0.404028 -0.353360 0.229510 -0.220559 -0.018079 -0.258139 -0.254697 -0.204326 -0.186132 -0.031778 -0.011571 -0.019782 -0.205185 -0.185461 -0.234813 -0.344078 0.524626 0.324202 0.228647 0.010828 0.117731 0.269735 0.119723 0.159600 0.168225 0.442895 0.055712 0.087315 -0.267163 0.038510 0.264099 0.040234 0.251872 0.273237 -0.209435 -0.188323 -0.318106 -0.206010 -0.210134 -0.130310 -0.071749 -0.203183 -0.015302 0.051834 0.197475 0.176679 -0.035224 -0.015031 -0.288047 -0.140079
-0.294833 0.201334 -0.270237 0.233858 0.666850 0.627393 -0.224265 0.031685 0.559995 0.715428 -0.113738 -0.044221 0.070867 0.380481 0.615422 1.000000 -0.028705 -0.190418 -0.203004 0.073769 0.144652 -0.126656 -0.231496 -0.160388 0.433957 0.231426 0.540744 0.380922 -0.091716 0.191095 -0.453534 -0.455123 -0.411440 -0.230671 -0.012804 0.069916 0.279068 0.261726 0.289847 0.136768 0.041754 0.062716 0.199756 0.120544 -0.158170 -0.032767 0.315403 0.313879 -0.102280 -0.062923 -0.026348 0.155123 0.200817 0.202967 0.258753 0.122774 -0.024784 -0.113063 -0.361970 -0.343601 -0.295891 -0.268591 -0.228383 -0.349400 -0.302130 -0.000537 -0.486232 -0.206448 0.234852 0.069230 -0.079671 -0.128675 -0.230947 -0.078223 -0.170207 0.039361 0.086054 0.202841 -0.017074 -0.033157 0.018172 -0.170176 0.329888 0.345922 0.107044 -0.068135 -0.188180 0.248055 0.033913 0.158469 0.238190 0.356302 0.174166 -0.051687 -0.044622 0.098559 0.149629 0.162587 0.097789 0.164761 -0.185362 -0.228938 -0.319060 -0.346872 -0.308794 -0.205967 -0.057261 -0.119590 0.181286 0.000934 0.163723 0.236617 0.141432 -0.157079 -0.108374 -0.031740
-0.061115 -0.420695 -0.373769 -0.539246 -0.340826 -0.309041 -0.296289 -0.337528 -0.148444 -0.066531 0.306396 0.185162 0.285424 0.180373 -0.303439 -0.028705 1.000000 0.652050 -0.317437 -0.235395 0.164199 0.136302 -0.238861 -0.039742 -0.142857 0.110749 -0.311856 -0.312340 0.605264 0.386148 0.301414 0.344568 0.444118 0.468958 0.075794 0.065905 0.356479 0.313117 -0.104845 -0.147544 0.368072 0.077943 -0.136700 -0.096183 -0.076554 -0.120215 -0.106153 -0.040522 -0.239704 -0.375439 -0.047462 -0.284375 -0.201786 -0.102772 -0.071747 -0.118792 0.497521 0.239675 -0.321607 -0.434162 0.356747 0.085151 0.618428 0.520662 0.201263 0.016907 -0.214698 -0.087727 -0.340750 -0.098301 0.126365 0.259387 0.556317 0.593507 0.508672 0.367352 0.676538 0.395314 0.583931 0.624365 0.729819 0.686695 -0.167798 -0.213267 0.002806 0.087410 -0.176755 -0.073953 -0.325183 -0.269312 -0.349213 -0.365823 -0.235022 -0.244566 -0.128663 -0.004827 -0.150155 -0.097065 -0.141871 -0.035038 0.062238 0.208926 0.187045 0.011082 -0.088135 -0.112951 0.054025 -0.041596 -0.149103 -0.158454 -0.068835 -0.088468 -0.138622 -0.017750 0.006037 -0.000202
-0.067188 -0.195553 -0.151826 -0.439109 -0.438483 -0.510247 -0.038814 -0.268653 -0.365104 -0.359871 0.362571 0.425441 0.345437 0.271617 -0.363213 -0.190418 0.652050 1.000000 -0.112793 -0.069419 0.092313 -0.048775 -0.243899 -0.193672 -0.305103 -0.111655 -0.363024 -0.444036 0.506256 0.577541 0.494262 0.453581 0.553709 0.543416 0.170189 0.059027 0.283603 0.214212 -0.182424 -0.087098 0.435789 0.218450 -0.334458 -0.308858 -0.205037 -0.265717 -0.371420 -0.295599 -0.149388 -0.356974 -0.012623 -0.353342 -0.148971 -0.198402 -0.149757 -0.173549 0.238530 0.093675 -0.232023 -0.473786 0.332996 0.060055 0.498200 0.483078 0.476415 0.080299 -0.105675 -0.099695 -0.273805 -0.051202 0.163113 0.266506 0.694151 0.562780 0.585024 0.415270 0.535663 0.300365 0.413466 0.683819 0.421612 0.605288 -0.237270 -0.147800 -0.019586 0.151405 -0.246838 -0.013374 -0.249468 -0.140579 -0.394020 -0.433134 -0.174371 -0.138933 -0.052479 -0.000076 -0.245810 0.068890 -0.102139 -0.054134 0.150546 0.294539 0.353200 0.099174 0.081601 0.093725 0.111718 0.076382 -0.215533 -0.217044 -0.283016 -0.256704 -0.205092 0.098405 0.038107 0.189529
0.411694 0.335103 0.706964 0.371559 0.155129 -0.000680 0.594206 0.428450 -0.013637 -0.246218 0.123754 -0.100879 -0.079191 -0.195201 -0.008214 -0.203004 -0.317437 -0.112793 1.000000 0.631109 -0.256108 0.002581 0.406251 0.166106 -0.277452 -0.460841 0.230839 0.183443 -0.271725 -0.359730 0.101241 0.076907 -0.056954 -0.092902 -0.056633 -0.014030 -0.238512 -0.390765 -0.058279 0.096231 -0.062824 -0.184636 -0.134538 -0.186295 -0.072986 -0.172638 -0.240443 -0.168714 -0.196446 -0.013278 -0.471366 -0.285053 -0.242287 -0.381338 0.142624 -0.090207 -0.113770 0.078137 0.103887 0.112809 -0.114866 0.049484 -0.317802 -0.265886 0.096063 -0.131669 0.013382 -0.140101 0.009739 0.116331 -0.128693 -0.309137 -0.208814 -0.308559 -0.221136 -0.073378 -0.297696 -0.428218 -0.362406 -0.310142 -0.498997 -0.309404 0.310889 0.224079 0.089950 -0.132127 0.369446 0.209841 0.381452 0.339325 0.279534 0.081906 0.251998 0.400311 0.055573 0.167228 -0.047633 0.052634 0.000388 -0.076884 0.189393 0.087296 0.233931 0.087311 0.202306 0.129417 0.035416 0.042792 -0.063281 0.342704 -0.180224 -0.167604 0.049620 0.314720 -0.044196 0.110972
0.068609 0.450450 0.440522 0.445361 0.219382 0.247509 0.392117 0.460119 -0.057071 0.022895 -0.233017 0.065844 -0.308340 0.028472 -0.019924 0.073769 -0.235395 -0.069419 0.631109 1.000000 -0.271288 -0.260738 -0.028296 0.014729 -0.065818 -0.458314 0.395469 0.184194 -0.320375 -0.060199 -0.134944 -0.180747 -0.225873 -0.135752 -0.356676 -0.147204 -0.086379 -0.122789 0.034192 0.265606 0.020916 -0.251875 0.037438 -0.042274 -0.146694 -0.050948 -0.033211 0.082646 -0.221450 0.005084 -0.492779 -0.166581 -0.090192 -0.202250 0.083845 0.089248 -0.079304 0.280970 0.002857 0.058224 -0.284686 -0.057860 -0.340169 -0.317216 -0.101620 0.115885 -0.100725 -0.084494 0.155530 0.443068 -0.177970 -0.236084 -0.272630 -0.250048 -0.224593 0.065599 -0.205732 -0.326553 -0.367155 -0.249918 -0.335109 -0.222442 0.322417 0.397759 -0.157678 0.008847 0.082871 0.382990 0.218219 0.481439 0.388631 0.097593 0.221515 0.155315 0.097004 0.189729 -0.040782 0.226008 0.036895 0.070842 0.017745 -0.170395 0.057399 -0.043226 0.146607 0.067186 0.254128 0.212889 0.005928 0.351457 -0.222487 -0.001002 0.319885 0.310239 0.108268 0.256593
-0.226165 -0.378088 -0.162956 -0.121197 -0.150640 0.001051 0.047380 -0.115490 0.050949 0.168331 -0.001027 -0.218715 0.047227 -0.187544 -0.025184 0.144652 0.164199 0.092313 -0.256108 -0.271288 1.000000 0.472580 0.166425 -0.036603 -0.018641 0.239598 0.072892 0.080184 0.037243 0.200241 0.357462 0.329708 0.079513 0.056290 0.324626 -0.080260 0.053137 0.289276 0.231165 0.140826 0.251253 0.464651 -0.249493 -0.220631 -0.300720 -0.245946 -0.141690 -0.202438 -0.151713 -0.319534 0.017604 -0.252336 -0.196785 -0.062006 -0.186994 -0.181849 0.304105 -0.026778 -0.190092 -0.247772 -0.008150 -0.158927 0.266934 0.013077 0.095542 -0.027947 -0.038727 -0.005979 -0.025386 -0.071582 0.008303 0.333502 0.251319 0.238876 0.244988 0.141053 0.209218 0.265061 0.204173 0.314763 0.124748 0.150021 -0.217949 -0.252313 0.161840 0.071839 -0.146028 -0.364292 -0.090694 -0.212332 -0.389675 -0.140428 0.031045 0.089592 0.019534 0.329250 0.083829 0.060544 -0.115933 0.062202 0.266368 0.469181 0.365657 0.288743 0.224909 0.144029 0.042003 0.004599 0.199757 -0.044295 -0.007457 -0.180413 -0.021909 0.048015 -0.084831 -0.090535
0.153150 -0.237723 0.129307 -0.079993 -0.273735 -0.204432 0.070171 -0.195248 -0.204869 -0.248200 0.222380 -0.285728 0.026509 -0.283505 -0.093072 -0.126656 0.136302 -0.048775 0.002581 -0.260738 0.472580 1.000000 0.336205 0.287920 -0.275645 0.091933 -0.039869 0.192210 0.173132 -0.031661 0.289197 0.358520 0.250360 0.103616 0.182033 -0.279887 -0.014855 0.050755 0.170460 0.024474 0.146769 0.111130 -0.236700 -0.072646 -0.157760 -0.296930 -0.087135 -0.203497 -0.297118 -0.335439 -0.103642 -0.318583 -0.179271 -0.092119 0.032278 -0.017947 0.173963 0.144713 0.042357 0.149755 0.114381 0.095813 0.209836 0.208048 -0.134415 -0.310524 0.063816 -0.060312 -0.027125 -0.289512 0.001653 0.217720 0.150514 0.027707 0.025340 -0.086560 -0.054242 0.137241 0.386585 0.199712 0.146777 0.258765 -0.011326 -0.121147 0.120703 0.060192 0.290081 -0.159238 0.098353 -0.102441 -0.370056 -0.252245 -0.161675 -0.077775 0.002272 0.194204 0.240581 -0.124241 0.040248 -0.021215 0.194804 0.371787 0.213548 0.403412 0.254821 -0.009639 -0.285533 -0.330504 0.224578 -0.081301 -0.139837 -0.152474 -0.138335 -0.085096 -0.426632 -0.490974
0.365883 -0.015392 0.502478 0.307939 -0.084359 -0.098745 0.551649 0.340284 -0.082179 -0.181393 0.307705 -0.273319 0.155731 -0.353090 0.020201 -0.231496 -0.238861 -0.243899 0.406251 -0.028296 0.166425 0.336205 1.000000 0.518484 -0.264302 -0.149136 0.111320 0.202268 -0.404091 -0.464259 0.142319 0.271885 -0.148326 -0.221225 0.177259 0.060897 -0.428189 -0.272502 0.079578 0.281122 -0.237477 0.186689 -0.269400 -0.297871 -0.162178 -0.176672 -0.341799 -0.314158 -0.028648 -0.117480 -0.242648 -0.387222 -0.482319 -0.382697 -0.144455 -0.295057 -0.039315 -0.058564 0.059518 0.025460 -0.079149 -0.223612 -0.135793 -0.222700 0.134825 -0.175141 -0.048119 0.077798 0.049200 -0.090944 0.174943 0.034691 -0.229495 -0.103522 -0.098338 0.004573 -0.357663 -0.035585 -0.234007 -0.086848 -0.458640 -0.343715 0.080177 -0.273738 0.244672 -0.178195 0.458550 -0.140528 0.568292 0.052556 -0.044333 -0.142982 0.267667 0.558609 0.176619 -0.020709 -0.010475 -0.137508 -0.199901 -0.137989 0.351998 0.174668 0.281780 0.334770 0.390943 0.342859 -0.128726 0.097571 -0.089295 -0.053788 0.020053 -0.259333 -0.095117 0.191414 -0.007680 -0.070240
0.247851 -0.051159 0.424068 0.098758 -0.121425 -0.134301 0.414854 0.438199 -0.209355 -0.198319 0.162937 -0.181537 -0.001589 -0.008993 -0.171860 -0.160388 -0.039742 -0.193672 0.166106 0.014729 -0.036603 0.287920 0.518484 1.000000 -0.255948 -0.005692 0.056119 0.063804 -0.156837 -0.220240 0.230397 0.437880 0.042993 0.156861 0.117052 0.143092 -0.291661 -0.220177 -0.084226 0.098723 -0.064994 0.131924 -0.462904 -0.399063 -0.269002 -0.267187 -0.406097 -0.445136 -0.184145 -0.250232 -0.293894 -0.395764 -0.359446 -0.371767 -0.170084 -0.411942 0.086843 0.033687 0.082250 0.082974 0.252257 0.247441 0.072603 0.120440 0.223334 0.227470 0.069991 0.097269 -0.335624 -0.021034 0.253683 0.338229 -0.184279 0.062886 -0.189906 0.049958 -0.188818 0.163026 -0.044703 -0.134616 -0.116025 -0.134783 0.056423 -0.128338 0.049898 0.009729 0.393697 -0.078796 0.270062 0.215327 -0.155271 -0.422903 0.233742 0.177087 -0.025719 -0.179794 -0.304909 -0.180004 -0.484549 -0.419661 0.276044 0.018791 0.084762 0.218236 0.169059 0.147474 -0.023544 0.141301 -0.134192 -0.360041 -0.190977 -0.511714 -0.205955 -0.049380 0.185222 -0.050676
-0.463760 -0.037133 -0.422145 0.191762 0.469064 0.705198 -0.525444 -0.232199 0.373906 0.733086 -0.211417 -0.119334 -0.227614 -0.060939 0.212429 0.433957 -0.142857 -0.305103 -0.277452 -0.065818 -0.018641 -0.275645 -0.264302 -0.255948 1.000000 0.708498 0.443996 0.318943 -0.153942 0.051764 -0.319860 -0.535976 -0.357199 -0.336757 -0.017341 0.215314 -0.023536 0.130359 0.219311 0.147865 -0.194455 0.043287 0.420514 0.304846 0.322627 0.391041 0.427470 0.450867 0.340213 0.485522 0.320951 0.531475 0.275971 0.497632 0.026290 0.217187 -0.165504 -0.112807 -0.166768 0.096456 -0.409319 -0.209792 -0.315140 -0.299060 -0.180635 -0.064645 -0.070835 0.075492 0.339009 0.283316 -0.050638 -0.163844 -0.438414 -0.023171 -0.251132 -0.109680 -0.075792 -0.140370 -0.227347 -0.258768 -0.107659 -0.268640 0.158623 0.147003 0.217182 -0.107251 -0.226826 0.129323 -0.176645 -0.137227 0.220756 0.333488 -0.053243 -0.117581 0.054736 -0.170971 0.041363 0.057591 0.098820 0.103779 -0.272847 -0.379185 -0.342330 -0.429456 -0.324920 -0.177167 0.003005 -0.001713 -0.105807 0.020959 0.280893 0.359958 0.290562 -0.000511 0.173477 0.330351
-0.303462 -0.447489 -0.410164 -0.209609 0.121898 0.336901 -0.468531 -0.347447 0.218497 0.572018 0.050927 -0.128019 -0.026446 -0.062543 -0.049836 0.231426 0.110749 -0.111655 -0.460841 -0.458314 0.239598 0.091933 -0.149136 -0.005692 0.708498 1.000000 0.070341 0.129312 0.161626 0.185587 0.013423 -0.038607 -0.006460 -0.005714 0.278813 0.322012 0.015214 0.104219 0.095922 -0.037437 -0.043966 0.231629 0.106066 0.143599 0.137352 0.205307 0.201641 0.147470 0.169505 0.134594 0.361706 0.207976 0.051730 0.296626 -0.147175 -0.065612 -0.008351 -0.214806 -0.249352 -0.077001 -0.067140 0.005755 0.086122 -0.000097 0.108963 -0.006554 0.024688 0.244717 0.000073 0.040395 0.083687 0.206649 -0.128126 0.268290 -0.009848 -0.089036 0.064499 0.163574 0.054507 -0.014427 0.168687 0.005060 -0.156607 -0.153884 0.319295 -0.022742 -0.186863 -0.162199 -0.201872 -0.357453 -0.240811 -0.045583 -0.229347 -0.181587 0.027385 -0.159028 0.024867 -0.054752 -0.163408 -0.180668 -0.085172 -0.084370 -0.164938 -0.191732 -0.207491 -0.116449 -0.186465 -0.129123 -0.012312 -0.268021 0.230370 0.090434 0.000146 -0.101771 0.121998 0.140661
-0.273435 0.289451 0.103554 0.547379 0.697457 0.796034 0.123788 0.246258 0.410095 0.444472 -0.284728 -0.443742 -0.320545 -0.110393 0.461166 0.540744 -0.311856 -0.363024 0.230839 0.395469 0.072892 -0.039869 0.111320 0.056119 0.443996 0.070341 1.000000 0.715985 -0.412001 -0.055913 -0.201404 -0.312117 -0.416968 -0.342414 -0.195818 -0.042918 0.039982 0.121937 0.356905 0.385317 0.061460 0.172225 0.037932 -0.082040 -0.310236 -0.163124 0.153418 0.138408 -0.136882 -0.015370 -0.235517 0.108310 0.084330 0.133073 0.242179 0.184796 -0.026325 0.029086 -0.082662 0.100889 -0.341928 -0.312578 -0.338072 -0.352126 -0.337787 -0.154387 -0.221201 -0.201189 0.309830 0.213346 -0.191892 -0.221254 -0.396746 -0.253887 -0.262216 0.034608 -0.181141 -0.215826 -0.328603 -0.194038 -0.297511 -0.350581 0.603283 0.371152 0.132621 -0.216611 0.081178 0.288216 0.253865 0.340405 0.332568 0.318765 0.118246 0.172764 -0.017426 0.143091 0.145029 0.281378 0.134213 0.271799 -0.071122 -0.114639 -0.049418 -0.097487 0.047619 -0.004779 0.194602 0.096169 -0.025967 0.176875 -0.030978 0.010982 0.284581 0.181928 -0.050689 0.205719
-0.231249 0.103336 -0.071512 0.413528 0.406848 0.681200 -0.026532 -0.030200 0.205953 0.310453 -0.140893 -0.470310 -0.291356 -0.266241 0.417866 0.380922 -0.312340 -0.444036 0.183443 0.184194 0.080184 0.192210 0.202268 0.063804 0.318943 0.129312 0.715985 1.000000 -0.325686 -0.198959 -0.110069 -0.186139 -0.346433 -0.431957 -0.182507 -0.008675 0.180678 0.257904 0.471109 0.349912 0.236854 0.252953 0.099734 0.020620 -0.217804 -0.004802 0.278573 0.265394 -0.131310 0.027240 -0.068013 0.086730 0.163821 0.134271 0.212942 0.347540 -0.092722 -0.041881 -0.165584 0.053562 -0.319248 -0.393097 -0.239816 -0.253687 -0.536968 -0.351690 -0.178667 -0.156438 0.353062 0.125664 -0.341683 -0.124564 -0.316775 -0.309368 -0.150621 0.144807 -0.083818 -0.119585 -0.281199 -0.168127 -0.212255 -0.289383 0.581149 0.339179 0.256884 -0.061406 0.194566 0.251809 0.132984 0.233550 0.195008 0.311679 -0.105205 0.112501 0.050303 0.188811 0.431731 0.342509 0.223400 0.216181 -0.140978 -0.061384 -0.074115 -0.095464 -0.048306 -0.024282 0.084095 0.075397 -0.008344 0.273601 0.221041 0.065750 0.229746 0.360569 -0.057631 0.070991
-0.002908 -0.386559 -0.263962 -0.551670 -0.220800 -0.374358 -0.375650 -0.528188 -0.085081 -0.188343 0.277633 0.354243 0.267915 0.242330 -0.133372 -0.091716 0.605264 0.506256 -0.271725 -0.320375 0.037243 0.173132 -0.404091 -0.156837 -0.153942 0.161626 -0.412001 -0.325686 1.000000 0.467703 0.267120 0.210758 0.656460 0.637170 0.118098 -0.115567 0.425654 0.137784 -0.289422 -0.600631 0.308445 -0.074420 -0.156020 0.072061 0.032659 -0.205563 -0.021346 -0.155856 -0.263968 -0.337849 0.176963 -0.119610 0.000312 -0.033465 -0.027716 -0.095375 0.323505 0.027617 -0.082658 -0.163134 0.329810 0.365904 0.469399 0.629313 0.160721 -0.037641 -0.028809 -0.192464 -0.391801 -0.510756 0.172004 0.168958 0.699974 0.435014 0.409571 0.032252 0.571510 0.297601 0.587905 0.533881 0.738518 0.779297 -0.176775 0.097534 0.150643 0.323796 -0.125333 -0.146506 -0.452098 -0.354447 -0.434000 -0.230126 -0.451248 -0.500667 -0.316222 -0.104397 -0.150939 -0.340322 0.037023 -0.014455 -0.267493 0.178838 -0.100212 -0.043056 -0.269528 -0.374090 -0.207398 -0.418727 -0.010177 -0.200614 -0.254503 0.011804 -0.240577 -0.271380 -0.213942 -0.252514
-0.343076 -0.195580 -0.274838 -0.317254 -0.118357 -0.067754 -0.190800 -0.288150 -0.146997 0.075821 0.058793 0.273113 0.048299 0.257571 -0.097071 0.191095 0.386148 0.577541 -0.359730 -0.060199 0.200241 -0.031661 -0.464259 -0.220240 0.051764 0.185587 -0.055913 -0.198959 0.467703 1.000000 0.284543 0.172994 0.337676 0.446784 0.146074 0.049264 0.303026 0.257852 -0.048838 -0.128102 0.231632 0.160455 -0.171551 -0.100044 -0.195668 -0.127057 -0.054384 -0.093971 -0.177737 -0.286785 0.139118 -0.044799 0.060837 0.124539 -0.084070 -0.097144 0.075803 -0.042789 -0.246009 -0.347319 0.118264 0.065795 0.305478 0.379945 0.037290 0.070348 -0.178904 -0.060091 -0.089200 -0.085702 -0.074254 0.137865 0.503681 0.406837 0.250927 0.261074 0.401953 0.322560 0.390281 0.482635 0.446261 0.534260 -0.122503 0.145073 0.039086 0.188722 -0.379913 0.002270 -0.387118 -0.217755 -0.264372 -0.122161 -0.193586 -0.312170 -0.110547 -0.092865 -0.112414 0.085966 0.059877 0.078897 -0.074327 0.126640 0.089704 0.001402 -0.078518 -0.167396 0.087455 -0.103401 -0.008636 -0.266489 -0.182851 -0.002034 -0.066926 -0.171555 -0.094825 0.113171
-0.038300 -0.532501 0.072723 -0.402905 -0.489015 -0.426975 0.263274 -0.167918 -0.344327 -0.454533 0.223341 -0.103302 0.017808 -0.243975 -0.454383 -0.453534 0.301414 0.494262 0.101241 -0.134944 0.357462 0.289197 0.142319 0.230397 -0.319860 0.013423 -0.201404 -0.110069 0.267120 0.284543 1.000000 0.829125 0.526747 0.522330 0.326186 0.127339 0.006620 -0.010948 -0.168512 -0.117426 0.436854 0.432294 -0.412701 -0.289932 -0.172843 -0.259575 -0.415936 -0.435714 -0.251563 -0.365061 -0.057223 -0.480796 -0.385597 -0.353578 -0.315477 -0.348186 0.352343 0.046386 -0.001776 -0.173263 0.344896 0.120737 0.435113 0.446049 0.378647 0.046219 0.249470 0.042870 -0.416847 -0.153211 -0.047078 0.286244 0.487211 0.373152 0.338515 0.276441 0.296518 0.074501 0.199059 0.386563 0.203347 0.368342 -0.181077 -0.190411 0.133670 0.166757 -0.076405 -0.317239 -0.167059 -0.240358 -0.546117 -0.579649 -0.239671 0.004113 -0.009746 0.001052 -0.224567 0.005181 -0.264369 -0.189920 0.286390 0.479398 0.492640 0.347025 0.274187 0.203061 0.099660 0.103091 -0.176580 -0.165479 -0.229491 -0.436002 -0.226821 0.167131 0.053730 0.126092
0.062006 -0.485259 0.139553 -0.409675 -0.552583 -0.531844 0.318303 0.018677 -0.355261 -0.477089 0.271154 -0.068930 0.089663 -0.155959 -0.444703 -0.455123 0.344568 0.453581 0.076907 -0.180747 0.329708 0.358520 0.271885 0.437880 -0.535976 -0.038607 -0.312117 -0.186139 0.210758 0.172994 0.829125 1.000000 0.470123 0.504311 0.305176 0.206455 0.064211 0.011910 -0.098611 -0.004344 0.360680 0.448922 -0.587691 -0.474563 -0.383107 -0.356965 -0.526933 -0.530669 -0.327507 -0.472198 -0.196286 -0.580334 -0.447856 -0.464809 -0.278234 -0.368107 0.279848 0.013335 -0.091739 -0.270810 0.497280 0.146387 0.545238 0.430016 0.458504 0.136193 0.155677 0.144695 -0.471835 -0.131767 0.042293 0.465191 0.423587 0.356667 0.360469 0.405983 0.259060 0.293983 0.194775 0.373784 0.227103 0.340356 -0.170893 -0.289817 0.106052 0.148720 0.113105 -0.274906 -0.028098 -0.100856 -0.547617 -0.598845 -0.137024 0.077186 0.020992 0.015196 -0.196297 0.016454 -0.425264 -0.310392 0.340517 0.444410 0.457162 0.352942 0.289179 0.274598 0.130740 0.246907 -0.162106 -0.286884 -0.139769 -0.613082 -0.410832 0.160604 0.175428 0.059690
0.161245 -0.356444 0.007584 -0.531836 -0.408975 -0.556324 -0.065063 -0.334590 -0.313539 -0.462093 0.361579 0.367808 0.271155 0.151463 -0.335631 -0.411440 0.444118 0.553709 -0.056954 -0.225873 0.079513 0.250360 -0.148326 0.042993 -0.357199 -0.006460 -0.416968 -0.346433 0.656460 0.337676 0.526747 0.470123 1.000000 0.820286 0.159975 -0.080622 0.248635 0.008819 -0.298452 -0.468687 0.393766 0.181013 -0.400336 -0.138181 -0.134022 -0.349919 -0.338603 -0.375865 -0.235491 -0.429375 0.112585 -0.319239 -0.182954 -0.189522 -0.107372 -0.181212 0.256723 -0.018533 0.164597 -0.087495 0.465898 0.389117 0.459908 0.685005 0.421510 0.126125 0.176324 -0.096250 -0.454727 -0.410906 0.079953 0.193649 0.682867 0.408973 0.461508 0.130745 0.424519 0.110183 0.403716 0.484775 0.485560 0.599594 -0.352553 -0.130315 0.106710 0.300760 -0.052853 -0.174510 -0.195098 -0.228850 -0.586799 -0.500302 -0.427803 -0.409202 -0.278891 -0.146198 -0.223636 -0.216233 -0.206472 -0.264342 -0.048873 0.263768 0.102429 0.156680 -0.031165 -0.158856 -0.154207 -0.244159 -0.078336 -0.330083 -0.330244 -0.297183 -0.329860 -0.194233 -0.177103 -0.234691
0.204157 -0.312343 0.038093 -0.555744 -0.252971 -0.502636 0.006842 -0.177538 -0.193217 -0.409453 0.260478 0.297957 0.265423 0.309829 -0.284039 -0.230671 0.468958 0.543416 -0.092902 -0.135752 0.056290 0.103616 -0.221225 0.156861 -0.336757 -0.005714 -0.342414 -0.431957 0.637170 0.446784 0.522330 0.504311 0.820286 1.000000 0.216881 0.115817 0.198293 -0.056341 -0.440759 -0.521280 0.325785 0.151557 -0.446470 -0.217705 -0.170902 -0.347617 -0.403504 -0.449320 -0.333178 -0.503745 -0.015661 -0.403761 -0.250068 -0.343534 -0.179501 -0.374539 0.283770 0.006895 0.187906 -0.140723 0.519854 0.448081 0.396584 0.583110 0.486546 0.367252 0.210186 0.016303 -0.553892 -0.362350 0.121113 0.250515 0.665524 0.538210 0.351963 0.182622 0.474309 0.250950 0.322381 0.412857 0.512266 0.523315 -0.331783 -0.071970 0.051007 0.264197 -0.163158 -0.212509 -0.206187 -0.153501 -0.487538 -0.510457 -0.295876 -0.364861 -0.291774 -0.071657 -0.452911 -0.270246 -0.323007 -0.320589 -0.071381 0.159781 -0.002416 0.067051 -0.112572 -0.128189 -0.072436 -0.176677 -0.077075 -0.379231 -0.360802 -0.382626 -0.391059 -0.298403 -0.035895 -0.162097
0.052226 -0.332949 0.012548 -0.215930 -0.091808 -0.143440 0.001926 -0.083528 -0.004858 0.054964 0.349165 -0.008570 0.241765 0.057242 -0.077418 -0.012804 0.075794 0.170189 -0.056633 -0.356676 0.324626 0.182033 0.177259 0.117052 -0.017341 0.278813 -0.195818 -0.182507 0.118098 0.146074 0.326186 0.305176 0.159975 0.216881 1.000000 0.354173 -0.007593 0.003151 0.041113 -0.001371 -0.018978 0.248513 -0.302138 -0.185362 -0.063603 -0.133353 -0.320634 -0.382429 0.003533 -0.132893 0.021553 -0.191940 -0.295810 -0.103909 -0.202576 -0.385337 -0.156484 -0.420887 -0.096869 -0.192544 0.141180 0.065725 0.265315 0.073551 0.419062 0.111268 0.096746 0.205603 -0.291403 -0.068645 0.251348 0.137481 0.153525 0.340293 0.045795 -0.002722 0.051463 0.183902 0.195430 0.173004 -0.031647 0.078383 -0.174830 -0.209964 0.387978 0.110200 -0.101857 -0.172081 -0.083306 -0.241538 -0.490024 -0.320764 -0.034355 -0.025328 0.140786 0.164759 -0.184384 0.085848 -0.327973 -0.343288 0.242534 0.236718 0.173186 0.174305 0.170181 0.257080 -0.286726 -0.165166 0.063448 -0.114681 -0.021562 -0.228533 -0.405216 -0.180707 -0.018921 -0.122173
-0.117810 -0.131845 -0.222579 -0.198878 0.058214 0.051673 -0.096752 0.000689 0.163416 0.211969 0.256028 0.016992 0.166589 0.207032 0.008878 0.069916 0.065905 0.059027 -0.014030 -0.147204 -0.080260 -0.279887 0.060897 0.143092 0.215314 0.322012 -0.042918 -0.008675 -0.115567 0.049264 0.127339 0.206455 -0.080622 0.115817 0.354173 1.000000 0.113055 0.161414 0.086434 0.128399 -0.050029 0.402052 -0.121251 -0.238293 -0.054469 0.217900 -0.153837 -0.032573 0.064831 0.044430 0.061731 0.045247 -0.077855 -0.044591 -0.079226 -0.127238 -0.177831 -0.298419 -0.195034 -0.339681 0.187570 -0.104964 0.114795 0.013618 0.395156 0.354158 0.009064 0.317294 -0.222263 0.311305 0.128005 0.085461 -0.152885 0.273438 0.094452 0.326596 0.148354 0.161110 -0.380288 0.002282 -0.116921 -0.278393 0.018798 -0.264951 0.287141 -0.086423 -0.161152 0.067223 -0.056363 -0.062634 -0.054226 -0.064007 -0.037651 0.044594 0.020477 -0.181105 -0.169727 0.136888 -0.416872 -0.360801 0.054151 -0.195453 -0.153317 -0.300099 -0.243777 0.188430 0.206357 0.345035 -0.430820 -0.141249 0.443914 -0.243691 -0.299533 0.147430 0.570169 0.404283
