1.000000 0.375840 0.343220 0.196192 0.131143 0.285901 0.195964 -0.131506 -0.006317 -0.114546 0.059072 -0.261958 -0.175344 -0.239891 -0.053637 -0.119192 -0.071398 -0.513781 0.387205 0.269739 0.191381 0.159923 0.158199 0.044011 0.052119 -0.276158 0.302561 0.228713 -0.081912 -0.409945 -0.254649 -0.439985 0.068943 -0.148207 -0.382553 -0.309489 0.168663 0.069995 0.051409 0.412451 -0.025355 -0.240448 -0.166493 -0.239449 -0.449124 -0.494628 -0.070314 -0.216243 -0.196301 -0.206614 -0.247629 0.135830 0.465757 0.383956 0.464373 0.075109 0.361872 0.434372 0.582091 0.463200 0.361863 -0.048693 0.010518 0.048574 -0.100697 -0.196147 0.391053 -0.126826 0.328536 0.223338 -0.224568 -0.409116 -0.232324 -0.298767 -0.057810 -0.069229 0.071300 -0.090444 -0.320501 -0.266703 -0.152506 -0.281705 0.290689 -0.124397 -0.082120 0.025069 0.254119 0.340989 0.395308 0.424651 0.366288 0.339330 -0.310390 0.123832 0.191393 0.097313 0.256403 0.227827 0.255759 0.096619 -0.133674 -0.093052 0.009972 -0.151267 -0.204381 -0.287778 0.009632 0.035872 0.069870 0.324812 -0.057392 -0.326548 0.046021 0.142910 -0.067156 0.197216
0.375840 1.000000 -0.096950 0.132624 0.068892 -0.070747 0.130584 0.295448 -0.077154 0.130693 -0.398609 0.353169 -0.019013 0.403952 -0.355353 0.333141 -0.310840 0.077670 0.140110 0.105009 0.080369 0.165964 -0.386752 -0.303711 -0.180870 -0.309442 0.049778 -0.175464 -0.256128 0.033362 -0.414585 -0.311669 -0.035008 0.095681 -0.231139 -0.024420 0.023415 0.159803 -0.059922 0.384597 -0.174474 -0.111042 -0.200520 -0.445203 -0.071879 -0.188158 -0.314618 -0.416213 0.043861 0.079414 -0.292864 0.292650 0.456127 0.322659 0.192497 0.001080 0.262390 0.255214 0.449377 0.283320 0.474845 0.276535 0.184319 0.223558 -0.195599 0.231883 0.165007 -0.189156 -0.020588 -0.020959 -0.273708 -0.148319 -0.272093 -0.132791 -0.235210 -0.054544 -0.292940 -0.113873 -0.323752 -0.195547 -0.084324 0.002918 -0.161093 0.071270 -0.404482 0.038248 -0.112745 0.237939 -0.047176 0.135186 0.271667 0.071213 0.113297 -0.274969 -0.053869 0.092113 0.036662 0.056928 0.164674 0.041456 -0.002038 -0.049606 0.163093 -0.012100 -0.058764 -0.129224 -0.082040 -0.103710 -0.092235 0.196619 -0.266449 -0.371171 0.002150 -0.011838 -0.148760 -0.015976
0.343220 -0.096950 1.000000 0.519793 -0.036555 0.088039 0.615141 0.345096 0.161950 -0.000077 -0.005393 -0.200187 -0.057784 -0.385809 -0.013228 -0.185753 -0.249262 -0.310197 0.397366 0.213668 0.054911 0.025652 0.608726 0.589798 -0.086838 0.138880 0.034037 0.118768 -0.200896 -0.351029 0.356175 0.278458 0.103578 0.179522 0.081480 0.215793 -0.123852 -0.132600 -0.029700 0.233894 -0.215604 -0.185426 -0.407973 -0.127798 -0.223621 -0.125228 -0.271750 -0.235939 -0.171942 -0.397788 -0.242693 -0.346713 -0.241688 -0.185036 -0.049099 -0.190255 -0.248141 -0.142319 -0.158039 -0.130547 0.008867 -0.354796 -0.016408 -0.438737 0.462415 0.085144 0.064413 0.257863 0.187650 0.027031 0.053251 -0.006553 -0.346425 -0.050141 0.045708 0.210339 0.116662 0.037755 -0.246655 -0.246238 -0.307168 -0.362137 0.067750 -0.039103 -0.086882 -0.161790 0.124599 0.170991 0.315564 0.153254 -0.183836 -0.133122 0.082448 0.317592 0.136656 -0.032248 0.001960 0.162407 -0.280955 -0.315885 0.223052 0.128797 -0.001627 0.150656 0.109326 0.064985 0.223051 0.205528 -0.062062 0.231136 0.373890 -0.025592 -0.071140 -0.121518 -0.168374 -0.064634
0.196192 0.132624 0.519793 1.000000 0.165778 0.502504 0.066619 0.478890 0.053315 0.164771 -0.242645 -0.116985 -0.273757 -0.531939 -0.166405 0.031711 -0.397166 -0.187580 0.418797 0.427380 0.258878 0.444519 0.460131 0.595456 0.221080 0.345614 0.361681 0.394296 -0.280423 -0.259658 0.124343 0.187643 -0.010854 -0.089802 0.144029 0.136166 0.042020 0.098564 0.068333 0.205786 -0.005670 0.018381 -0.564758 -0.219726 -0.425294 -0.333166 -0.407184 -0.408034 -0.367615 -0.530572 -0.206701 -0.266671 -0.021053 0.008657 -0.056532 -0.417113 0.022096 0.120462 -0.169606 -0.085709 -0.158950 -0.482178 -0.102010 -0.348628 0.204462 -0.043128 0.128451 0.079228 0.419344 0.216542 0.007588 -0.159308 -0.491477 -0.032136 -0.103299 0.225385 -0.015544 -0.167825 -0.140993 -0.221357 -0.073469 -0.126438 0.035912 0.361285 0.080912 0.281483 0.147001 0.425526 0.196218 0.382271 -0.361714 -0.407227 0.283891 0.000238 0.029952 0.089335 0.017720 0.039460 -0.389075 -0.356237 0.096932 -0.062700 -0.105274 0.050073 0.036448 -0.014502 0.042661 0.011630 0.094547 0.142132 0.056931 0.077835 -0.019544 0.075450 0.045910 0.098000
0.131143 0.068892 -0.036555 0.165778 1.000000 0.642311 -0.069773 -0.131710 0.760912 0.561323 0.054351 0.052702 0.123069 -0.144865 0.528501 0.402418 -0.205562 -0.289682 0.219138 0.345586 0.491180 0.342091 0.238186 -0.012364 0.619807 0.149542 0.694544 0.468376 0.285927 -0.117979 -0.008931 -0.073079 -0.326192 -0.050561 0.031387 0.143703 0.364994 0.333474 0.255943 0.120267 0.269236 0.049163 -0.302550 -0.276300 -0.512257 -0.392763 -0.223007 -0.333061 -0.551538 -0.451803 -0.324969 -0.179036 0.066469 0.238292 -0.010251 -0.410866 -0.041955 0.136094 0.092864 -0.033032 -0.079683 0.027011 -0.421445 -0.129498 0.091256 -0.016430 -0.018513 -0.171079 0.375419 0.253069 0.030236 -0.055269 -0.029364 -0.091788 -0.031504 0.381510 0.100149 -0.093136 -0.175115 -0.186664 0.068125 0.096446 0.467082 0.323523 0.148106 0.290230 0.179022 0.410371 0.397552 0.193439 -0.234003 -0.283779 -0.135131 0.134239 -0.113343 -0.034013 -0.020527 -0.230057 -0.242590 -0.319225 -0.017700 -0.217120 -0.261733 -0.342694 -0.084972 -0.039941 -0.132144 -0.099171 0.113937 -0.142522 -0.173964 -0.021752 -0.044134 0.155510 0.104998 0.082807
0.285901 -0.070747 0.088039 0.502504 0.642311 1.000000 -0.274159 -0.161144 0.367542 0.370679 0.069475 -0.150823 -0.255145 -0.551138 0.227628 -0.006861 -0.192250 -0.469039 0.292450 0.317555 0.372059 0.511154 0.460229 0.190356 0.716213 0.208444 0.820081 0.839669 0.116950 -0.336361 0.109135 -0.126184 -0.144042 -0.324372 -0.020669 0.001679 0.414992 0.321490 0.194878 0.115499 0.318758 0.187330 -0.298127 -0.062202 -0.675782 -0.540744 -0.003277 -0.131037 -0.544662 -0.614481 -0.107932 -0.206167 0.160745 0.184563 0.138819 -0.295791 0.159538 0.303789 0.104922 0.020115 -0.196625 -0.248378 -0.387598 -0.187613 -0.068891 -0.206811 0.173000 -0.112092 0.593407 0.309391 -0.038976 -0.267982 -0.136725 -0.043428 0.097697 0.222414 0.249335 -0.058394 -0.011752 -0.131089 0.057678 -0.059177 0.334466 0.247325 0.285973 0.393677 0.268673 0.428718 0.351603 0.409090 -0.271419 -0.260206 -0.152535 0.116478 0.028082 0.007655 0.171118 -0.019004 -0.218744 -0.191956 -0.035897 -0.169508 -0.273828 -0.241108 -0.115101 -0.061976 -0.032795 0.003369 0.185568 -0.107173 -0.035442 0.182729 -0.007695 0.250227 0.233496 0.185412
0.195964 0.130584 0.615141 0.066619 -0.069773 -0.274159 1.000000 0.484678 0.245741 0.054874 -0.028422 0.139202 0.340240 0.254956 -0.012670 0.035241 -0.125998 -0.093768 0.131898 -0.082180 -0.098555 -0.252949 0.130615 0.119414 -0.447595 -0.171048 -0.268715 -0.332502 -0.086498 -0.036415 0.174736 0.197155 0.174651 0.397079 -0.000532 0.247417 -0.216256 -0.130552 -0.181415 0.168019 -0.353955 -0.278971 -0.240054 -0.174594 -0.051259 0.045921 -0.289962 -0.206276 -0.037620 -0.247042 -0.372555 -0.352126 -0.198627 -0.267824 -0.201014 -0.147151 -0.307835 -0.404910 -0.091341 -0.251514 0.362485 0.063820 0.193306 -0.296978 0.369237 0.259049 -0.208943 0.098471 -0.255034 -0.416364 -0.124340 0.124416 -0.145387 -0.056388 -0.072920 0.121153 0.025682 0.129745 -0.239251 -0.139735 -0.186743 -0.281629 -0.027261 -0.078888 -0.243128 -0.226649 -0.029756 0.116229 0.236222 0.016514 -0.046210 -0.004752 0.201692 0.412366 -0.014507 -0.092063 -0.077636 0.148299 -0.181588 -0.187622 0.301305 0.331739 0.320517 0.200885 0.062499 -0.014355 0.182774 0.106949 -0.084440 0.141430 0.440613 -0.095039 0.013950 -0.100953 -0.389727 -0.089720
-0.131506 0.295448 0.345096 0.478890 -0.131710 -0.161144 0.484678 1.000000 0.061452 0.386799 -0.542967 0.305599 -0.010936 0.135013 -0.305198 0.354306 -0.375701 0.185932 0.118119 0.105570 0.032482 0.068824 -0.174683 0.273589 -0.448440 0.190131 -0.208453 -0.344598 -0.429933 0.122388 0.089714 0.360425 -0.070449 0.373981 0.179574 0.399141 -0.325309 -0.105540 -0.216042 0.046527 -0.324549 -0.311091 -0.307215 -0.132652 -0.025058 0.157587 -0.395993 -0.364871 -0.129752 -0.196059 -0.363918 -0.245844 -0.269717 -0.174020 -0.425407 -0.361427 -0.216750 -0.338045 -0.368958 -0.327412 -0.011954 -0.085855 0.099214 -0.311678 0.258367 0.411009 -0.201499 0.184080 -0.143017 -0.210515 0.027956 0.187671 -0.463325 -0.116656 -0.367313 0.004961 -0.121040 0.046509 -0.168476 -0.098903 -0.096036 -0.141457 -0.205124 0.321377 -0.187467 0.125123 -0.272695 0.257889 -0.046290 0.104335 -0.221544 -0.276996 0.666213 -0.047269 0.015577 -0.001892 -0.306116 0.141443 -0.366599 -0.204291 0.338548 0.236319 0.208757 0.156386 0.050766 0.022366 0.132028 0.011349 0.070477 0.132107 0.093603 0.004901 0.175037 0.032636 -0.060661 0.089893
-0.006317 -0.077154 0.161950 0.053315 0.760912 0.367542 0.245741 0.061452 1.000000 0.626391 0.065238 0.205736 0.355232 0.029737 0.686666 0.460845 -0.240874 -0.196348 0.084148 0.133485 0.321379 0.022700 0.277505 -0.002307 0.317870 0.019030 0.307787 0.242710 0.266633 0.013271 0.188067 0.102431 -0.227037 0.129502 0.150484 0.317308 0.135134 0.134347 0.237044 0.082640 0.090310 0.054384 -0.238826 -0.236109 -0.355874 -0.264642 -0.202403 -0.271507 -0.432419 -0.411838 -0.283516 -0.354917 -0.140180 0.046935 -0.156112 -0.408760 -0.440873 -0.281700 -0.163753 -0.336227 -0.023226 -0.061733 -0.410679 -0.315381 0.402495 0.218995 -0.241141 -0.119979 0.083069 0.001384 0.291313 0.039298 0.080144 0.075491 0.015332 0.372142 0.185202 0.037915 -0.162209 -0.123217 -0.165559 -0.043136 0.320113 0.212616 0.085566 0.096503 0.029459 0.231672 0.384896 0.027080 -0.258763 -0.240542 0.096791 0.319037 -0.123695 -0.221327 -0.171135 -0.114004 -0.351435 -0.387929 0.233848 -0.003527 -0.094374 -0.130546 0.057065 0.079542 0.050074 0.054701 -0.010512 -0.165526 0.050515 -0.057976 -0.102674 0.055227 -0.003338 -0.003879
-0.114546 0.130693 -0.000077 0.164771 0.561323 0.370679 0.054874 0.386799 0.626391 1.000000 -0.357435 0.266534 0.065781 0.022008 0.210770 0.579542 -0.246978 -0.100734 0.137571 0.257914 0.462895 0.296837 -0.105982 -0.104532 0.242488 0.168506 0.266670 0.076503 0.057914 0.046335 0.076015 0.158221 -0.339750 0.238837 0.265251 0.465472 0.109699 0.299639 0.144465 0.088022 -0.056728 -0.033554 -0.213023 -0.093542 -0.272213 -0.012022 -0.133092 -0.253430 -0.459408 -0.360206 -0.349512 -0.273342 -0.157626 0.023721 -0.251554 -0.444480 -0.273696 -0.186296 -0.220113 -0.304195 -0.204134 0.039991 -0.397602 -0.303442 0.099107 0.372290 -0.178467 0.076529 0.252903 0.106263 0.131177 0.245317 -0.084344 0.000440 -0.237986 0.288031 0.064929 0.045360 -0.174363 -0.229276 -0.007856 0.045135 0.026222 0.278107 0.026503 0.232414 -0.283223 0.121103 0.044080 -0.017957 -0.298486 -0.427274 0.346267 -0.071696 -0.066974 -0.086340 -0.263912 -0.007231 -0.466513 -0.362503 0.226470 -0.032034 -0.133747 -0.105051 0.050448 0.203218 0.010043 0.012750 0.029633 -0.174315 -0.088907 0.072818 -0.042871 0.092500 0.231333 0.059264
0.059072 -0.398609 -0.005393 -0.242645 0.054351 0.069475 -0.028422 -0.542967 0.065238 -0.357435 1.000000 -0.230128 0.309127 -0.019699 0.490515 -0.335102 0.363744 -0.240584 -0.208860 -0.074941 -0.183216 -0.187051 0.400968 0.003725 0.316534 -0.215016 0.133027 0.203198 0.480802 -0.160323 0.295214 -0.053779 0.281784 -0.098617 0.021482 -0.267470 -0.036019 -0.100671 -0.018153 -0.123024 0.123160 0.252471 0.052530 0.003118 -0.128208 -0.219231 0.173534 0.157202 -0.046972 -0.069375 0.187556 -0.140901 -0.038654 0.013362 0.240316 0.083867 -0.027809 0.002371 0.113422 0.057299 0.052540 0.024617 -0.057381 0.062192 0.153752 -0.306128 -0.089206 -0.142542 0.040659 0.043558 -0.017276 -0.162330 0.341227 0.119358 0.358601 -0.039125 0.124067 -0.103699 0.211257 0.195804 -0.183558 -0.130227 0.318744 -0.255733 0.246751 -0.278197 0.428445 -0.186144 0.280824 -0.110799 -0.011948 0.100795 -0.459263 0.342168 0.058469 0.026769 0.127827 -0.086171 0.090756 0.007798 -0.047575 -0.075068 -0.097326 -0.001785 0.139310 0.094612 0.001466 0.036706 0.018304 -0.014522 0.163762 -0.001534 -0.115715 -0.070435 0.038348 -0.092817
-0.261958 0.353169 -0.200187 -0.116985 0.052702 -0.150823 0.139202 0.305599 0.205736 0.266534 -0.230128 1.000000 0.363503 0.536587 -0.119481 0.410779 -0.340525 0.273420 -0.367893 -0.374749 -0.082438 0.057506 -0.285706 -0.202703 -0.233569 -0.098610 -0.229540 -0.229045 -0.094482 0.375439 -0.012000 0.123509 -0.041164 0.425134 0.070171 0.375053 -0.313858 -0.123225 0.027216 0.145413 -0.189522 0.000160 -0.166070 -0.186494 0.088750 0.029214 -0.148940 -0.260464 0.174812 0.059421 -0.127435 0.090456 0.119582 0.019069 -0.156857 -0.099105 -0.390021 -0.376404 -0.134385 -0.256092 0.313360 0.180137 -0.003267 0.036419 0.182872 0.589960 -0.303496 -0.167421 -0.402731 -0.285057 0.240157 0.168539 0.041043 0.282711 -0.190089 0.133661 -0.006294 0.284888 -0.166477 -0.110136 -0.366405 -0.236541 -0.410970 0.012008 -0.493050 -0.173375 -0.403823 -0.097362 -0.279660 -0.257952 -0.068988 -0.174171 0.458095 -0.007365 0.214518 -0.074945 -0.058778 0.291471 -0.172658 -0.112009 0.299964 0.138790 0.171247 0.301965 0.238826 0.212171 0.438603 0.389221 0.022038 -0.004918 0.077293 -0.223288 -0.092767 -0.013599 0.028198 -0.166868
-0.175344 -0.019013 -0.057784 -0.273757 0.123069 -0.255145 0.340240 -0.010936 0.355232 0.065781 0.309127 0.363503 1.000000 0.526773 0.452526 0.416042 0.118676 0.153184 -0.186212 -0.199286 -0.150573 -0.184116 0.050573 -0.128938 -0.069278 -0.163060 -0.217143 -0.187783 0.430934 0.268682 0.171652 0.131187 0.137903 0.381564 0.092386 0.110626 -0.253837 0.011542 0.208348 0.112262 -0.163265 0.086410 -0.101339 -0.253432 -0.000630 -0.093925 -0.143289 -0.157189 -0.068730 -0.033902 -0.271484 -0.200641 -0.056120 -0.021025 -0.133967 -0.145863 -0.328306 -0.242475 -0.205991 -0.271198 0.309111 0.199547 0.127150 0.074198 0.176593 0.021944 -0.483248 -0.304764 -0.227144 -0.184203 0.204420 0.196994 0.393614 0.293934 0.024454 0.037308 -0.084859 0.014548 -0.012244 0.153282 -0.133951 -0.001127 -0.091311 -0.026640 -0.202430 -0.308851 -0.189158 -0.154572 -0.123496 -0.394107 -0.079275 -0.090668 0.053975 0.221702 -0.046594 -0.169013 -0.185890 -0.057110 -0.188757 -0.213607 0.111838 0.156553 0.039505 0.200037 0.302943 0.248414 0.224683 0.210764 -0.022888 -0.090028 0.031639 -0.195122 -0.182899 -0.140182 -0.187746 -0.192863
-0.239891 0.403952 -0.385809 -0.531939 -0.144865 -0.551138 0.254956 0.135013 0.029737 0.022008 -0.019699 0.536587 0.526773 1.000000 -0.067977 0.422410 0.043890 0.353397 -0.389674 -0.404788 -0.265081 -0.371066 -0.534255 -0.496344 -0.396954 -0.378951 -0.389141 -0.511287 -0.007072 0.522852 -0.150077 -0.055182 0.102976 0.305424 -0.187207 0.001927 -0.320891 0.006494 -0.127770 0.022039 -0.328171 -0.028520 0.143420 -0.236978 0.280353 0.181043 -0.116000 -0.021478 0.273150 0.311059 -0.103601 0.114708 0.093283 0.026483 -0.069885 0.098938 -0.135077 -0.265865 0.101257 -0.132404 0.425050 0.584605 0.316949 0.411607 -0.087004 0.387908 -0.299566 -0.273416 -0.499902 -0.341215 -0.112121 0.266750 0.226119 0.185483 -0.050155 -0.098961 -0.325061 -0.010848 0.023848 0.143787 -0.044671 0.128527 -0.366646 -0.230849 -0.390002 -0.396869 -0.277437 -0.274325 -0.251108 -0.348853 0.257065 0.175563 0.118607 -0.124168 -0.187854 -0.158973 -0.142182 -0.109753 0.122818 0.063193 0.137952 0.071927 0.192763 0.174796 0.225404 0.165326 0.033480 -0.046740 -0.278983 -0.039844 -0.030639 -0.216649 -0.099227 -0.199145 -0.234168 -0.235737
-0.053637 -0.355353 -0.013228 -0.166405 0.528501 0.227628 -0.012670 -0.305198 0.686666 0.210770 0.490515 -0.119481 0.452526 -0.067977 1.000000 0.282442 0.189356 -0.063242 0.070829 0.144573 0.083563 -0.146764 0.386611 0.089687 0.390317 0.011903 0.246848 0.277507 0.631820 -0.051523 0.305701 0.114677 -0.165078 -0.009558 0.117773 0.026244 0.173620 -0.006519 0.220197 -0.159469 0.255643 0.089548 -0.074420 -0.200230 -0.343357 -0.363155 -0.034849 -0.159178 -0.416144 -0.278931 -0.101630 -0.262326 -0.162842 0.114795 -0.091902 -0.296996 -0.243083 -0.121734 -0.144923 -0.217673 -0.125417 -0.009951 -0.287380 -0.120974 0.380169 -0.135053 -0.321960 -0.223601 0.092036 0.109512 0.294482 -0.035607 0.314958 0.038254 0.164158 0.116374 0.179824 -0.043961 0.025264 0.050787 -0.045591 0.053088 0.533831 0.259965 0.385678 0.076773 0.153267 0.090974 0.339233 -0.053746 -0.225004 -0.113034 -0.231377 0.241524 -0.154920 -0.172463 -0.220595 -0.255868 -0.219124 -0.283298 -0.014580 -0.054924 -0.179471 -0.199666 0.033558 0.081176 -0.051693 -0.023390 -0.012360 -0.224494 -0.124926 -0.121330 -0.133953 0.065467 0.065154 0.003592
-0.119192 0.333141 -0.185753 0.031711 0.402418 -0.006861 0.035241 0.354306 0.460845 0.579542 -0.335102 0.410779 0.416042 0.422410 0.282442 1.000000 -0.168441 0.281563 0.114378 0.182965 0.200024 0.093345 -0.313174 -0.003004 0.002454 0.165697 0.072390 -0.132871 0.060074 0.369531 -0.054754 0.143905 -0.358453 0.253212 0.059634 0.194883 -0.046977 0.241440 0.225929 0.040824 -0.121723 -0.125660 -0.181558 -0.363932 -0.194481 -0.148412 -0.317670 -0.399548 -0.339705 -0.167228 -0.424560 -0.074900 0.038343 0.228899 -0.189762 -0.385595 -0.220720 -0.154615 -0.156611 -0.272622 0.030481 0.228812 -0.022300 0.069492 0.064309 0.279767 -0.349000 -0.244577 0.004290 0.039226 0.184623 0.248780 -0.001572 0.013393 -0.215161 0.123017 -0.163173 -0.050714 -0.294289 -0.216663 0.084992 0.181643 0.028982 0.454074 -0.073373 0.158601 -0.224253 0.206798 -0.013054 -0.017939 -0.146185 -0.265658 0.289268 -0.276635 -0.230361 -0.204194 -0.398737 -0.243691 -0.319305 -0.374663 0.046262 -0.116364 -0.169412 -0.158535 0.118755 0.183974 0.064944 -0.007626 -0.026827 -0.184627 -0.364786 -0.329968 -0.208491 -0.031774 -0.031008 -0.090015
-0.071398 -0.310840 -0.249262 -0.397166 -0.205562 -0.192250 -0.125998 -0.375701 -0.240874 -0.246978 0.363744 -0.340525 0.118676 0.043890 0.189356 -0.168441 1.000000 0.314991 0.122380 -0.029765 -0.105465 -0.251374 -0.125919 -0.160751 -0.054912 -0.080516 -0.170862 -0.141315 0.497794 0.044105 0.003331 0.029598 0.180455 -0.125030 -0.046645 -0.223456 0.318210 0.201994 -0.078864 -0.278520 0.247948 0.174835 0.088846 0.004160 -0.005094 -0.021968 0.013809 0.081800 -0.026561 -0.031213 0.054073 -0.191352 -0.123681 -0.178002 -0.089904 -0.070897 0.312844 0.115773 0.044840 0.030010 0.070300 0.192364 0.438762 0.376555 -0.129763 -0.240807 -0.096563 -0.016752 -0.052214 -0.083522 -0.209097 0.119437 0.475640 -0.153422 0.261721 -0.111535 0.056088 -0.043014 0.260423 0.415569 0.514204 0.437748 0.112033 -0.069267 0.331017 -0.028410 0.030376 -0.247274 -0.092165 -0.126296 0.020535 0.019055 -0.320450 -0.019270 -0.137439 -0.014612 -0.230959 -0.198039 -0.035003 -0.007807 -0.165412 0.089332 0.002661 -0.098373 -0.068597 0.042719 -0.191135 -0.108931 0.020516 -0.164709 -0.057273 0.003817 -0.026798 -0.086231 0.022099 0.129883
-0.513781 0.077670 -0.310197 -0.187580 -0.289682 -0.469039 -0.093768 0.185932 -0.196348 -0.100734 -0.240584 0.273420 0.153184 0.353397 -0.063242 0.281563 0.314991 1.000000 -0.040888 -0.086784 -0.273306 -0.229661 -0.417803 -0.030756 -0.356922 0.012492 -0.486645 -0.431323 0.101443 0.508877 0.015930 0.315524 0.009782 0.060978 0.053906 0.048833 0.095410 0.153491 0.059948 -0.196084 0.028336 0.048878 0.060822 -0.119857 0.297294 0.208398 -0.207585 -0.074185 0.170013 0.154929 -0.000772 -0.021101 -0.278428 -0.187848 -0.346161 -0.187591 -0.037613 -0.055528 -0.275853 -0.296778 -0.043032 0.124975 0.400437 0.304202 -0.027177 0.060249 -0.326593 -0.086410 -0.358495 -0.315239 0.118539 0.420710 0.174807 0.112234 0.009487 -0.047649 -0.158548 0.038518 0.126020 0.298185 0.383031 0.534923 -0.286366 0.341239 -0.006389 0.114936 -0.347725 -0.102489 -0.485287 -0.264070 -0.132124 -0.208370 0.216453 -0.355578 -0.276016 -0.161637 -0.481025 -0.262635 -0.162150 -0.160460 -0.038001 0.108496 0.101229 0.006894 0.100529 0.225422 0.022040 0.025470 -0.167345 -0.178826 -0.182468 -0.154216 -0.038403 -0.245809 -0.022976 -0.149787
0.387205 0.140110 0.397366 0.418797 0.219138 0.292450 0.131898 0.118119 0.084148 0.137571 -0.208860 -0.367893 -0.186212 -0.389674 0.070829 0.114378 0.122380 -0.040888 1.000000 0.609137 0.220967 0.215713 0.141582 0.234128 0.180781 0.204056 0.232587 0.110422 0.093928 -0.251578 -0.064237 0.014022 -0.077885 -0.110570 -0.118105 -0.103526 0.421715 0.218796 -0.028962 0.167033 0.132969 -0.213822 -0.243217 -0.197219 -0.320002 -0.246564 -0.322938 -0.269654 -0.371344 -0.376712 -0.354266 -0.216238 -0.077848 -0.038733 0.001972 -0.237558 0.206228 0.252023 0.040179 -0.013179 -0.093946 -0.237651 0.108890 -0.197783 -0.006925 -0.273388 0.196802 0.051852 0.501633 0.243596 -0.127696 0.013699 -0.197476 -0.388300 0.036261 -0.005715 -0.086290 -0.260033 -0.227843 -0.191724 0.354028 0.186891 0.318080 0.376336 0.182687 0.307408 0.114569 0.460111 0.244890 0.325758 -0.021592 -0.055169 -0.006352 -0.028193 -0.250355 0.030618 -0.110162 -0.209190 -0.079419 -0.121588 -0.034707 -0.020303 -0.027573 -0.176568 -0.197180 -0.161234 -0.155213 -0.117030 -0.081362 -0.003609 -0.148458 -0.069623 0.097002 0.126057 -0.105457 0.096503
0.269739 0.105009 0.213668 0.427380 0.345586 0.317555 -0.082180 0.105570 0.133485 0.257914 -0.074941 -0.374749 -0.199286 -0.404788 0.144573 0.182965 -0.029765 -0.086784 0.609137 1.000000 0.332785 0.356598 0.119011 0.287562 0.381936 0.322765 0.391236 0.132814 0.142164 -0.179323 -0.112661 -0.025637 -0.125062 -0.038721 0.141818 0.011914 0.353376 0.155075 0.123567 0.051467 0.091623 -0.158855 -0.089203 0.000654 -0.290436 -0.138065 -0.188947 -0.158661 -0.455113 -0.286993 -0.240221 -0.198765 -0.133400 -0.008974 0.070156 -0.268404 0.161284 0.319511 -0.070316 0.076678 -0.430919 -0.289321 -0.394887 -0.389335 -0.213674 -0.393316 0.147795 0.252597 0.675397 0.629998 0.078812 0.125378 -0.185812 -0.242446 -0.011279 0.012341 -0.079604 -0.343533 -0.235614 -0.279712 0.302114 0.244736 0.399725 0.403145 0.260038 0.406308 0.184350 0.393314 0.283528 0.267645 -0.040252 -0.210309 -0.017000 -0.189760 -0.195493 -0.017850 -0.111118 -0.250938 -0.184826 -0.281694 -0.304273 -0.389423 -0.357752 -0.446173 -0.210040 -0.114041 -0.279988 -0.262302 -0.002776 -0.189309 -0.347032 -0.011821 -0.055743 0.043549 0.137015 0.181574
0.191381 0.080369 0.054911 0.258878 0.491180 0.372059 -0.098555 0.032482 0.321379 0.462895 -0.183216 -0.082438 -0.150573 -0.265081 0.083563 0.200024 -0.105465 -0.273306 0.220967 0.332785 1.000000 0.553829 0.064587 0.038033 0.458602 0.308673 0.366364 0.179639 0.013406 -0.028208 -0.074457 -0.007411 -0.202321 0.028325 0.200819 0.173895 0.189282 0.265079 0.173701 0.343994 0.058316 -0.008638 -0.192050 -0.050492 -0.261059 -0.052905 -0.133827 -0.169280 -0.403522 -0.302689 -0.270625 -0.202353 0.015846 0.065982 0.001783 -0.204650 -0.016418 0.050384 0.051361 -0.050152 -0.107478 -0.061947 -0.381418 -0.280518 -0.038131 0.017741 0.044552 0.029051 0.329063 0.128391 0.147230 0.167552 -0.220232 -0.059395 -0.198569 0.435370 0.077103 0.028902 -0.130558 -0.197736 0.097036 0.055971 0.251723 0.241990 0.099668 0.255979 0.109595 0.277894 0.213460 0.168843 -0.146584 -0.265415 0.037789 0.008860 0.012425 0.139988 0.073904 -0.025332 -0.169981 -0.178719 -0.009360 -0.036434 -0.132083 -0.167420 0.067300 0.109225 -0.061433 -0.026834 0.187174 0.023036 -0.044019 0.080022 -0.072686 0.068805 -0.016972 -0.037454
0.159923 0.165964 0.025652 0.444519 0.342091 0.511154 -0.252949 0.068824 0.022700 0.296837 -0.187051 0.057506 -0.184116 -0.371066 -0.146764 0.093345 -0.251374 -0.229661 0.215713 0.356598 0.553829 1.000000 0.063560 0.161918 0.472576 0.471251 0.490241 0.398817 0.002334 -0.081982 -0.025229 0.105425 -0.053159 0.039794 0.158399 0.204956 0.231043 0.276992 0.274923 0.391178 0.137404 0.133290 -0.262235 -0.034552 -0.324146 -0.166762 -0.107769 -0.118865 -0.362305 -0.320225 -0.243718 -0.144993 0.068990 0.071029 0.015051 -0.118484 0.128299 0.263080 -0.037494 0.057070 -0.228383 -0.221472 -0.370422 -0.308609 -0.128758 -0.100915 0.090677 -0.004124 0.464152 0.261388 0.031084 0.182359 -0.284302 -0.058626 -0.179801 0.251868 0.083028 0.013771 -0.041766 -0.226881 0.086477 0.007667 0.095167 0.320625 0.046737 0.326481 0.059762 0.325175 0.009312 0.169884 -0.252988 -0.370459 -0.001788 -0.051901 0.198990 0.275167 0.258671 0.199505 -0.194832 -0.144554 -0.007352 -0.032992 -0.108127 -0.017685 0.021234 0.045003 -0.015332 0.034768 0.311469 0.145764 -0.018947 0.144896 -0.067385 0.142539 0.100557 0.039882
0.158199 -0.386752 0.608726 0.460131 0.238186 0.460229 0.130615 -0.174683 0.277505 -0.105982 0.400968 -0.285706 0.050573 -0.534255 0.386611 -0.313174 -0.125919 -0.417803 0.141582 0.119011 0.064587 0.063560 1.000000 0.579339 0.474551 0.123000 0.416542 0.612385 0.120619 -0.393136 0.517542 0.189837 0.052698 -0.099919 0.107537 0.073939 -0.009435 -0.073341 0.177199 0.049332 0.073482 0.096940 -0.386616 -0.173214 -0.454563 -0.455966 -0.138389 -0.140845 -0.326357 -0.454498 -0.009888 -0.325727 -0.102477 -0.037448 0.072687 -0.207093 -0.160516 0.047886 -0.146034 -0.067792 -0.131041 -0.328023 -0.230507 -0.241791 0.340929 -0.208858 -0.005686 0.019142 0.269734 0.142305 0.108964 -0.209052 -0.053040 0.198449 0.246469 0.201627 0.238737 0.038927 0.015981 -0.077873 -0.292002 -0.286120 0.269144 -0.070875 0.179909 -0.155764 0.342159 0.136598 0.377653 0.077317 -0.287421 -0.162835 -0.177460 0.391030 0.186474 -0.131746 0.077611 0.067527 -0.235592 -0.290629 0.090289 0.012039 -0.180745 0.096372 0.185009 0.152117 0.195524 0.203945 -0.002106 0.025494 0.324082 0.059531 -0.117556 -0.026747 0.046317 -0.056573
0.044011 -0.303711 0.589798 0.595456 -0.012364 0.190356 0.119414 0.273589 -0.002307 -0.104532 0.003725 -0.202703 -0.128938 -0.496344 0.089687 -0.003004 -0.160751 -0.030756 0.234128 0.287562 0.038033 0.161918 0.579339 1.000000 0.086612 0.534062 0.171088 0.256653 -0.098477 -0.087334 0.481730 0.534812 -0.072299 0.117162 0.212194 0.252665 -0.101458 -0.046081 0.169698 -0.097973 0.022159 -0.139131 -0.339286 -0.050112 -0.320281 -0.194336 -0.220889 -0.216280 -0.384991 -0.409711 -0.230276 -0.333515 -0.212757 -0.093391 -0.179294 -0.326809 -0.209395 -0.073428 -0.343588 -0.145273 -0.271813 -0.302567 -0.043682 -0.235646 0.258840 -0.120099 -0.067001 0.204154 0.146643 0.074321 0.172208 0.071589 -0.337893 -0.033736 -0.073053 0.091409 0.214610 0.181121 -0.196509 -0.224941 -0.110607 -0.231623 0.296083 0.361630 0.169807 0.079415 0.221550 0.337480 0.235619 0.238298 -0.413779 -0.347053 0.108760 0.053236 0.132277 -0.103631 -0.253250 -0.023571 -0.430528 -0.440749 -0.038797 -0.070286 -0.317286 -0.096872 0.097898 0.130944 0.287652 0.190076 0.150520 -0.048835 0.100107 -0.049867 -0.077098 -0.049675 0.034449 -0.026019
0.052119 -0.180870 -0.086838 0.221080 0.619807 0.716213 -0.447595 -0.448440 0.317870 0.242488 0.316534 -0.233569 -0.069278 -0.396954 0.390317 0.002454 -0.054912 -0.356922 0.180781 0.381936 0.458602 0.472576 0.474551 0.086612 1.000000 0.303102 0.739651 0.693168 0.333063 -0.196068 0.205594 -0.020086 -0.110518 -0.241327 0.159754 -0.042074 0.297276 0.226287 0.249642 0.049035 0.254925 0.225951 -0.078668 -0.006928 -0.397747 -0.338069 0.076874 0.092911 -0.421329 -0.312381 0.040388 -0.136895 0.040834 0.113575 0.160656 -0.112759 0.082527 0.300604 0.023912 -0.027900 -0.381472 -0.195394 -0.512330 -0.162523 -0.162227 -0.389245 0.041451 -0.105575 0.563637 0.407923 0.095368 0.011270 0.074219 0.112216 0.213474 0.235890 0.082236 -0.158778 0.033608 -0.113080 0.048315 0.079517 0.345332 0.134439 0.266657 0.166788 0.305828 0.173235 0.220943 0.034039 -0.168738 -0.231462 -0.313803 0.042202 -0.044539 0.032315 0.166011 -0.211429 -0.059287 -0.145586 -0.137604 -0.296961 -0.402845 -0.197199 0.112075 0.175111 -0.112643 -0.041555 0.043556 -0.166527 -0.078779 0.198653 -0.159592 0.063535 0.166293 -0.091511
-0.276158 -0.309442 0.138880 0.345614 0.149542 0.208444 -0.171048 0.190131 0.019030 0.168506 -0.215016 -0.098610 -0.163060 -0.378951 0.011903 0.165697 -0.080516 0.012492 0.204056 0.322765 0.308673 0.471251 0.123000 0.534062 0.303102 1.000000 0.289977 0.189751 0.067647 0.102274 0.325834 0.575069 -0.175340 0.182821 0.290455 0.333656 0.021411 -0.040372 0.020838 -0.246256 0.175788 0.022753 -0.061706 0.191011 0.000124 0.167812 -0.059942 0.034166 -0.226044 -0.176749 -0.039087 -0.198390 -0.285350 -0.201113 -0.352400 -0.236361 -0.165399 -0.140155 -0.417355 -0.323640 -0.465209 -0.361125 -0.196080 -0.397604 0.103701 -0.069036 -0.184921 0.165978 0.158419 0.147144 0.143538 0.375823 -0.142433 -0.076949 -0.044823 0.221376 0.001203 0.022431 -0.063375 -0.261783 0.162381 0.037450 0.137573 0.469295 0.160938 0.273552 -0.040404 0.186194 -0.024502 0.070189 -0.382112 -0.402675 0.057642 -0.133752 -0.090611 0.141811 -0.122755 -0.244953 -0.300961 -0.282703 -0.073213 -0.105133 -0.378831 -0.204809 0.022334 0.110705 0.000224 0.007249 0.252415 -0.207345 -0.090774 0.256565 -0.131165 -0.013051 0.004195 0.003726
0.302561 0.049778 0.034037 0.361681 0.694544 0.820081 -0.268715 -0.208453 0.307787 0.266670 0.133027 -0.229540 -0.217143 -0.389141 0.246848 0.072390 -0.170862 -0.486645 0.232587 0.391236 0.366364 0.490241 0.416542 0.171088 0.739651 0.289977 1.000000 0.784263 0.100600 -0.363282 0.111203 -0.111043 -0.163155 -0.289109 -0.153196 -0.102702 0.306222 0.279976 0.158716 0.075710 0.325250 0.051059 -0.278402 -0.213836 -0.633803 -0.534200 -0.109774 -0.191115 -0.515105 -0.446867 -0.144386 -0.093883 0.220218 0.301754 0.180937 -0.241526 0.279224 0.414241 0.247754 0.179348 -0.142116 -0.063963 -0.323774 -0.065843 -0.113889 -0.252214 0.205674 -0.181192 0.530211 0.382863 -0.213490 -0.217075 -0.156846 -0.171063 0.149183 0.139325 0.050996 -0.201594 -0.020232 -0.146245 0.093378 -0.001692 0.425832 0.193907 0.255639 0.272018 0.382819 0.454790 0.435316 0.395719 -0.147075 -0.174062 -0.335663 0.041954 -0.022040 -0.018268 0.208239 -0.155213 -0.069405 -0.185041 -0.107626 -0.249097 -0.331173 -0.378173 -0.139690 -0.097381 -0.181985 -0.163556 0.182388 -0.092201 -0.143904 0.035166 -0.030141 0.143987 0.095328 0.147062
0.228713 -0.175464 0.118768 0.394296 0.468376 0.839669 -0.332502 -0.344598 0.242710 0.076503 0.203198 -0.229045 -0.187783 -0.511287 0.277507 -0.132871 -0.141315 -0.431323 0.110422 0.132814 0.179639 0.398817 0.612385 0.256653 0.693168 0.189751 0.784263 1.000000 0.098488 -0.360130 0.267999 -0.060185 0.000412 -0.357883 -0.037998 -0.141320 0.313992 0.240895 0.268205 0.082252 0.357320 0.316623 -0.276585 -0.111378 -0.585048 -0.597161 0.030817 -0.074216 -0.343312 -0.461658 0.090935 -0.104752 0.160170 0.189225 0.113637 -0.181241 0.204038 0.386907 0.080538 0.068210 -0.187817 -0.264546 -0.303995 -0.029302 0.010682 -0.257132 0.107810 -0.211771 0.484959 0.276838 -0.055662 -0.260597 -0.020177 0.126132 0.361582 0.135500 0.262547 -0.058846 0.155604 -0.050460 -0.025827 -0.071391 0.214698 0.084256 0.287606 0.188749 0.272991 0.231024 0.253943 0.255227 -0.253300 -0.202725 -0.385525 0.105678 0.133803 -0.017585 0.279655 0.032742 -0.148852 -0.185541 -0.014516 -0.165396 -0.293454 -0.136318 -0.020876 0.015334 0.012392 0.058175 0.115642 -0.045759 0.002780 0.097063 -0.121016 0.130132 0.176588 0.101114
-0.081912 -0.256128 -0.200896 -0.280423 0.285927 0.116950 -0.086498 -0.429933 0.266633 0.057914 0.480802 -0.094482 0.430934 -0.007072 0.631820 0.060074 0.497794 0.101443 0.093928 0.142164 0.013406 0.002334 0.120619 -0.098477 0.333063 0.067647 0.100600 0.098488 1.000000 0.090881 0.133611 0.116846 -0.065320 0.074850 0.165720 0.053102 0.387700 0.151426 0.140221 -0.167360 0.450186 0.253420 0.078907 -0.041902 -0.114700 -0.121593 0.029940 -0.069993 -0.250158 -0.138697 -0.053685 -0.203579 -0.135487 -0.012856 0.068130 -0.172123 -0.109692 -0.038646 -0.029861 -0.143002 -0.053353 0.002628 -0.127612 -0.065620 0.084228 -0.300197 -0.295906 -0.146985 0.002665 0.026022 0.129215 0.162246 0.541225 -0.073330 0.166142 0.053663 0.123298 -0.004145 0.100824 0.126129 0.237443 0.281318 0.380103 0.258416 0.337036 0.127740 0.046971 -0.032585 0.083205 -0.159401 -0.117601 -0.156226 -0.355657 0.070313 -0.211540 0.132430 -0.186028 -0.284886 -0.129659 -0.170187 -0.181434 -0.126494 -0.171136 -0.260987 -0.162486 -0.042979 -0.184023 -0.045622 0.078514 -0.185926 -0.250371 -0.091538 -0.207045 0.046428 0.106538 0.072383
-0.409945 0.033362 -0.351029 -0.259658 -0.117979 -0.336361 -0.036415 0.122388 0.013271 0.046335 -0.160323 0.375439 0.268682 0.522852 -0.051523 0.369531 0.044105 0.508877 -0.251578 -0.179323 -0.028208 -0.081982 -0.393136 -0.087334 -0.196068 0.102274 -0.363282 -0.360130 0.090881 1.000000 -0.038706 0.225824 -0.167083 0.251778 -0.087370 0.082282 -0.124653 0.183832 0.043981 -0.118069 -0.059454 0.129319 0.212813 -0.036597 0.271329 0.266767 -0.055133 0.105116 0.164175 0.209562 0.027023 0.001466 -0.237841 -0.113035 -0.196796 -0.056938 -0.146736 -0.176389 -0.304263 -0.436311 -0.082912 0.117591 0.050543 0.173370 -0.122663 0.127808 -0.473811 -0.242796 -0.376614 -0.282927 0.225172 0.501988 0.322938 0.229544 -0.060073 0.051891 -0.107972 0.113616 0.158782 0.222603 0.244838 0.442700 -0.270964 0.094666 -0.087761 -0.123706 -0.352619 -0.159773 -0.322620 -0.377569 0.050430 -0.047825 0.229361 -0.225888 -0.294879 -0.042969 -0.293764 -0.248224 -0.057639 -0.012768 0.080385 0.000881 -0.111849 0.008512 0.214404 0.285518 -0.045437 -0.074168 -0.130085 -0.117408 -0.075916 0.027640 -0.080766 -0.190154 -0.049784 -0.200536
-0.254649 -0.414585 0.356175 0.124343 -0.008931 0.109135 0.174736 0.089714 0.188067 0.076015 0.295214 -0.012000 0.171652 -0.150077 0.305701 -0.054754 0.003331 0.015930 -0.064237 -0.112661 -0.074457 -0.025229 0.517542 0.481730 0.205594 0.325834 0.111203 0.267999 0.133611 -0.038706 1.000000 0.769899 0.167343 0.278668 0.243801 0.373275 -0.300541 -0.089661 0.051635 -0.218039 -0.123265 -0.000628 -0.212075 -0.075272 -0.169482 -0.101302 -0.148667 -0.018735 -0.159120 -0.271370 -0.003053 -0.387238 -0.401074 -0.259213 -0.363314 -0.311649 -0.365850 -0.267629 -0.393043 -0.446697 -0.175899 -0.097225 -0.015510 -0.230535 0.431552 0.046519 -0.403036 0.045008 -0.091044 -0.231057 0.106809 0.319794 0.065762 0.175590 0.257565 0.098584 0.242591 0.287628 0.123719 -0.034607 -0.258905 -0.260129 0.030064 0.086591 0.083452 -0.260907 -0.084736 -0.055345 -0.009262 -0.268637 -0.399560 -0.323284 0.022585 0.239628 0.147758 -0.164808 -0.216644 0.004601 -0.444264 -0.435339 0.312937 0.272659 -0.114589 0.240834 0.407126 0.467081 0.471920 0.459395 -0.011949 -0.118618 0.403106 0.064178 -0.119833 -0.119330 0.039176 -0.246434
-0.439985 -0.311669 0.278458 0.187643 -0.073079 -0.126184 0.197155 0.360425 0.102431 0.158221 -0.053779 0.123509 0.131187 -0.055182 0.114677 0.143905 0.029598 0.315524 0.014022 -0.025637 -0.007411 0.105425 0.189837 0.534812 -0.020086 0.575069 -0.111043 -0.060185 0.116846 0.225824 0.769899 1.000000 0.055520 0.484776 0.305608 0.545895 -0.240176 -0.049138 0.036204 -0.236268 -0.104516 -0.063616 -0.251284 -0.055468 0.022263 0.143285 -0.307041 -0.112889 -0.112956 -0.209671 -0.106769 -0.387947 -0.515749 -0.359184 -0.579239 -0.378330 -0.430208 -0.392108 -0.545792 -0.548046 -0.237291 -0.147841 0.077982 -0.266327 0.440168 0.184332 -0.480331 0.155456 -0.209695 -0.297698 0.109137 0.596126 -0.031064 0.012832 -0.004651 0.196057 0.101903 0.303724 -0.020944 -0.085191 -0.059944 -0.067830 -0.029989 0.336236 0.026958 -0.110588 -0.209644 0.012696 -0.147263 -0.273732 -0.501248 -0.462888 0.241503 0.077758 0.044067 -0.024380 -0.336114 -0.067698 -0.561787 -0.519032 0.249335 0.272104 -0.084508 0.194063 0.332997 0.405518 0.356459 0.340619 0.044805 -0.082311 0.297751 0.071511 -0.161232 -0.122356 -0.049801 -0.221201
0.068943 -0.035008 0.103578 -0.010854 -0.326192 -0.144042 0.174651 -0.070449 -0.227037 -0.339750 0.281784 -0.041164 0.137903 0.102976 -0.165078 -0.358453 0.180455 0.009782 -0.077885 -0.125062 -0.202321 -0.053159 0.052698 -0.072299 -0.110518 -0.175340 -0.163155 0.000412 -0.065320 -0.167083 0.167343 0.055520 1.000000 0.234408 -0.071597 -0.215817 -0.117580 -0.166126 -0.156076 0.027902 -0.152347 0.030362 -0.102769 0.013233 0.105741 -0.001046 -0.085375 0.083148 0.230390 -0.012937 0.015616 -0.211658 -0.029080 -0.293186 -0.138822 0.008918 0.154260 0.119441 0.028031 0.001549 0.270132 -0.141239 0.277620 0.030694 -0.013156 -0.165322 0.092107 -0.002608 0.054197 -0.127848 -0.291845 0.086252 0.095402 0.114586 0.369448 0.009075 -0.034082 -0.151944 0.298390 0.245208 -0.135726 -0.079044 -0.318371 -0.332218 -0.196121 -0.280523 -0.062031 -0.241685 -0.192906 -0.156532 0.089168 0.048548 -0.081808 0.216414 0.045276 0.025018 0.222503 0.169993 -0.028710 -0.003254 0.114044 0.179490 0.287002 0.440911 0.264411 0.104964 0.127000 0.153918 -0.105632 0.058420 0.355196 0.165596 0.077106 -0.173269 -0.160756 -0.095700
-0.148207 0.095681 0.179522 -0.089802 -0.050561 -0.324372 0.397079 0.373981 0.129502 0.238837 -0.098617 0.425134 0.381564 0.305424 -0.009558 0.253212 -0.125030 0.060978 -0.110570 -0.038721 0.028325 0.039794 -0.099919 0.117162 -0.241327 0.182821 -0.289109 -0.357883 0.074850 0.251778 0.278668 0.484776 0.234408 1.000000 0.241555 0.487035 -0.331392 -0.174597 -0.167971 -0.024514 -0.347692 -0.266175 -0.070910 0.001903 0.146406 0.242704 -0.197827 -0.198515 0.015058 -0.028662 -0.333664 -0.253410 -0.299092 -0.364589 -0.431131 -0.235241 -0.364735 -0.298770 -0.363744 -0.352198 0.119407 0.047537 -0.045096 -0.231598 0.252783 0.281637 -0.405062 0.095150 -0.188643 -0.230799 0.072923 0.487180 -0.006749 0.094067 -0.096213 0.161319 0.138917 0.341175 -0.116279 -0.088702 -0.233879 -0.182657 -0.139435 -0.009984 -0.311043 -0.265369 -0.330379 -0.080990 -0.120053 -0.422364 -0.114820 -0.198829 0.321390 0.169427 0.222724 0.130623 -0.174879 0.242745 -0.331367 -0.203645 0.283942 0.213124 0.169093 0.270468 0.269594 0.200571 0.334671 0.309060 0.060794 0.069646 0.203799 -0.014052 0.035612 -0.054934 -0.087576 -0.131639
-0.382553 -0.231139 0.081480 0.144029 0.031387 -0.020669 -0.000532 0.179574 0.150484 0.265251 0.021482 0.070171 0.092386 -0.187207 0.117773 0.059634 -0.046645 0.053906 -0.118105 0.141818 0.200819 0.158399 0.107537 0.212194 0.159754 0.290455 -0.153196 -0.037998 0.165720 -0.087370 0.243801 0.305608 -0.071597 0.241555 1.000000 0.524937 -0.054780 -0.128014 0.085985 -0.126793 -0.028397 0.164635 0.060768 0.415594 0.165312 0.335247 0.133286 0.070552 -0.198415 -0.132083 0.019130 -0.366547 -0.396715 -0.463068 -0.327890 -0.205810 -0.405032 -0.362031 -0.537250 -0.274467 -0.419614 -0.174103 -0.349592 -0.447713 0.133497 0.048700 -0.258982 0.413999 -0.006148 0.008640 0.366020 0.208520 -0.120292 0.229537 -0.010793 0.219238 0.249356 0.203639 -0.034658 -0.143717 -0.049613 -0.081494 0.059543 0.242123 0.262496 0.233347 0.030336 -0.128689 -0.009135 -0.188206 -0.464237 -0.570750 0.176218 0.063158 0.212188 0.197322 -0.166598 0.145945 -0.433074 -0.273763 0.032355 0.057681 -0.035181 0.047568 0.002305 0.097683 0.088894 0.126863 0.272136 -0.090336 0.040970 0.260870 -0.109128 0.060718 0.133896 0.015160
-0.309489 -0.024420 0.215793 0.136166 0.143703 0.001679 0.247417 0.399141 0.317308 0.465472 -0.267470 0.375053 0.110626 0.001927 0.026244 0.194883 -0.223456 0.048833 -0.103526 0.011914 0.173895 0.204956 0.073939 0.252665 -0.042074 0.333656 -0.102702 -0.141320 0.053102 0.082282 0.373275 0.545895 -0.215817 0.487035 0.524937 1.000000 -0.116227 -0.019886 0.007246 -0.049366 -0.175841 0.000744 -0.095654 0.157776 0.050393 0.295728 -0.081254 -0.063747 -0.192674 -0.188165 -0.131083 -0.292423 -0.340585 -0.340944 -0.371337 -0.236253 -0.569198 -0.542415 -0.471636 -0.392350 -0.191272 -0.015839 -0.283378 -0.452445 0.304080 0.513637 -0.350709 0.287747 -0.196783 -0.182231 0.218557 0.346148 -0.162563 0.106321 -0.245178 0.414167 0.291955 0.534179 -0.185342 -0.327170 -0.167870 -0.237715 -0.004240 0.221774 -0.088729 0.029998 -0.231160 0.000208 -0.067457 -0.249062 -0.485463 -0.519365 0.294655 0.047308 0.147161 -0.028750 -0.224111 0.124603 -0.539788 -0.437609 0.225295 0.152143 -0.087935 0.073496 0.139718 0.246953 0.319787 0.296469 0.079222 -0.098686 0.290332 0.126095 -0.172795 -0.023044 0.059732 -0.144603
