1.000000 0.706285 -0.176975 0.112411 -0.335972 -0.295215 -0.308932 0.135017 -0.409259 -0.356992 0.047616 0.150948 -0.319400 -0.039481 -0.167522 -0.423589 0.230125 -0.162345 0.383062 0.480821 -0.376755 0.246012 0.052724 -0.071348 -0.220260 -0.105405 -0.356308 -0.322219 -0.051736 0.359463 -0.094815 -0.160248 -0.261536 0.070194 -0.398572 -0.342195 -0.047075 -0.208291 -0.124182 -0.207979 0.395273 0.019044 0.259261 0.103156 0.136792 -0.084323 0.295723 0.067453 -0.087901 0.014075 -0.401238 -0.208669 -0.200765 -0.246750 -0.272781 -0.143022 0.604293 0.701298 0.131901 0.157320 0.311015 0.321384 0.505463 0.534871 -0.442248 -0.299465 -0.055646 -0.267074 0.203045 0.080280 -0.266541 0.064557 0.338128 0.385901 0.259839 0.382994 0.279224 0.190907 -0.166783 -0.205082 0.367221 0.133883 0.252359 0.384617 -0.170775 -0.339517 0.046664 0.350874 -0.343452 -0.351662 -0.261008 -0.344679 -0.332492 -0.343634 -0.154484 0.107280 -0.338920 -0.171049 -0.005809 0.116644 -0.016953 0.059979 0.103602 -0.120076 -0.033773 0.140557 0.195474 0.196631 -0.149750 0.066060 -0.199399 -0.214589 -0.067848 -0.002891 0.127031 0.126635
0.706285 1.000000 -0.361697 0.135869 -0.520077 -0.462922 -0.510772 0.127152 -0.494414 -0.521308 -0.007770 0.539362 -0.463007 0.316991 -0.206291 -0.512786 0.149258 -0.211883 0.458609 0.478719 -0.638664 0.298038 0.236008 0.016307 -0.147942 -0.278489 -0.472888 -0.528296 -0.141621 0.613780 -0.173260 -0.062576 -0.036733 0.266169 -0.421937 -0.282207 -0.067512 -0.004786 -0.079863 -0.183953 0.325706 0.013879 0.174675 0.064224 0.117497 -0.061564 0.190032 -0.040491 0.005334 0.007401 -0.414473 -0.078279 -0.053900 -0.106966 -0.108265 -0.044433 0.333866 0.643363 0.176048 0.237054 0.299340 0.291976 0.380564 0.508285 -0.404286 -0.172748 0.022085 -0.265479 0.141506 -0.021806 -0.473157 0.012743 0.534227 0.554591 0.470321 0.528631 0.474652 0.317007 -0.238422 -0.208832 0.343728 0.030484 0.034919 0.343073 -0.156866 -0.304959 0.149666 0.383264 -0.487970 -0.424080 -0.326539 -0.307529 -0.388879 -0.449197 -0.187175 0.211574 -0.236259 -0.221211 -0.002206 0.009147 0.110601 0.145779 0.231529 -0.002539 0.134462 0.074944 0.179186 0.031467 -0.238967 0.162698 -0.071966 -0.181258 0.014057 0.023973 0.003453 0.022274
-0.176975 -0.361697 1.000000 0.170063 0.741308 0.419089 0.441839 0.210518 0.559234 0.613501 -0.157456 -0.248900 0.009459 -0.364222 0.022716 0.408791 -0.179898 0.146305 -0.166156 -0.137050 0.456075 -0.458509 -0.203362 0.257745 0.265664 0.422124 0.458109 0.417608 -0.016537 -0.438251 0.055252 0.254463 -0.033963 -0.111857 0.157891 0.161953 -0.094180 0.016859 -0.158394 -0.003308 -0.449805 -0.394873 -0.129866 -0.141096 -0.107429 0.176310 -0.231970 -0.043913 -0.112873 -0.239752 0.152390 -0.146069 0.054692 -0.029828 -0.292824 -0.130442 -0.311959 -0.415424 0.215373 0.070866 0.046998 0.081902 -0.106481 -0.175426 0.521196 0.219158 0.282884 0.331137 -0.280574 -0.106337 0.184205 -0.349544 -0.410131 -0.558212 -0.587004 -0.455523 -0.331475 -0.219393 -0.138932 -0.140943 -0.557462 -0.288727 0.089953 -0.000687 -0.179690 0.135456 -0.248994 -0.128135 0.220055 0.175735 0.221661 0.215032 0.239427 0.226106 -0.082524 -0.321057 0.026057 0.037669 -0.082281 -0.081982 -0.097671 -0.371604 -0.362797 -0.153687 -0.286331 -0.152651 -0.393025 -0.126261 0.041758 -0.263164 0.032521 -0.142373 -0.134036 -0.077877 0.004637 0.057180
0.112411 0.135869 0.170063 1.000000 -0.039605 0.088554 -0.164714 0.327466 -0.213083 -0.078545 -0.084433 0.089274 -0.061261 -0.189666 -0.104814 0.048362 0.090858 -0.150608 0.165773 0.096644 -0.292551 -0.063378 0.391195 0.533582 -0.145915 0.186705 -0.169066 -0.089396 -0.373396 0.066943 0.193319 0.350459 -0.394706 -0.331370 -0.018077 -0.166674 -0.333385 -0.099529 -0.172547 -0.027586 -0.004829 -0.034949 0.105446 0.106946 0.018342 -0.109292 -0.103020 -0.037198 -0.283847 -0.074558 -0.227622 -0.196962 -0.108649 -0.065007 -0.319238 -0.331304 0.260337 0.128933 -0.095914 -0.067828 -0.098662 0.146009 -0.034972 0.094256 0.019138 -0.041352 -0.195294 -0.179461 -0.026342 -0.161735 -0.038732 -0.091138 -0.088309 0.081042 -0.059545 0.141132 -0.015014 -0.087200 -0.135181 -0.398576 -0.172968 -0.347423 0.021442 0.460525 0.034690 0.105017 0.018861 0.396340 0.063609 0.162417 0.139253 0.119877 0.266110 0.014838 -0.175769 -0.126453 -0.223228 -0.196868 -0.064526 -0.109557 0.079170 -0.370841 -0.190433 -0.505268 -0.304993 -0.218337 -0.177528 -0.185391 -0.133014 -0.130507 -0.158289 -0.160331 -0.001905 -0.113087 -0.053986 0.061378
-0.335972 -0.520077 0.741308 -0.039605 1.000000 0.422603 0.460267 -0.055002 0.870106 0.895979 -0.200797 -0.381438 0.211999 -0.431652 0.213780 0.737550 -0.016025 0.359747 -0.258763 -0.236121 0.691255 -0.663478 -0.527708 -0.059722 0.286283 0.289360 0.507189 0.499231 0.247380 -0.651523 -0.212862 -0.089829 -0.062758 -0.199963 0.228757 0.175992 0.115384 0.069152 -0.362734 -0.251927 -0.602265 -0.567316 -0.130208 -0.148831 -0.245078 -0.038708 -0.284178 -0.121970 -0.092488 -0.259802 0.241131 -0.031364 0.350982 0.168768 -0.273667 -0.180637 -0.278882 -0.387030 0.262644 0.092749 0.061971 0.174727 -0.185616 -0.236243 0.523573 0.350557 0.302907 0.353443 -0.093233 0.195618 0.260716 -0.522087 -0.545043 -0.818831 -0.799903 -0.751230 -0.543081 -0.420745 0.124036 -0.063367 -0.412382 -0.046544 -0.135459 -0.117469 -0.254994 0.350554 -0.419823 -0.400747 0.383816 0.389350 0.374059 0.422059 0.434171 0.514940 0.024502 -0.288519 -0.116638 -0.075824 -0.105779 0.095302 0.004870 -0.241194 -0.316735 0.031545 -0.430682 -0.228736 -0.404614 -0.115233 0.053532 -0.366773 -0.182968 -0.027446 0.134387 0.191598 0.231350 0.134847
-0.295215 -0.462922 0.419089 0.088554 0.422603 1.000000 0.343505 -0.134435 0.349678 0.278478 -0.115667 -0.148472 0.502222 -0.236685 0.231715 0.395370 -0.134480 0.268682 -0.393264 -0.395656 0.449633 0.028176 -0.073231 0.223029 0.209982 0.628528 0.404838 0.635855 0.036193 -0.523311 0.262060 0.090117 0.077352 -0.155248 0.527530 0.407722 -0.132097 0.105202 0.136781 0.283732 -0.096371 -0.033947 -0.021607 0.024797 -0.061074 0.146177 -0.234074 0.136915 -0.034251 -0.158817 0.384094 -0.174305 -0.089832 0.082618 0.087956 0.242070 -0.343237 -0.324124 -0.065913 -0.211075 -0.317508 -0.341416 -0.327484 -0.424275 0.482077 0.015927 -0.055587 0.077129 -0.298221 -0.153655 0.273991 0.160458 -0.527653 -0.371860 -0.308735 -0.325612 -0.394798 -0.080678 -0.146536 -0.193955 -0.500886 -0.255433 0.078980 -0.238522 0.067499 0.103940 -0.077351 -0.106292 0.414267 0.410851 0.122492 0.057394 0.225567 0.350869 0.155792 -0.090871 0.222521 0.171194 0.094233 -0.007615 -0.020217 -0.194387 -0.247531 -0.126043 -0.164840 -0.128389 0.045801 -0.106733 0.112853 0.040984 0.005754 -0.086129 -0.269531 0.096780 0.103498 0.140015
-0.308932 -0.510772 0.441839 -0.164714 0.460267 0.343505 1.000000 0.384639 0.504606 0.491322 0.083737 -0.201510 0.569237 0.012247 0.036314 0.466054 0.124095 0.483848 -0.470159 -0.512119 0.465116 -0.286744 -0.474892 -0.155891 -0.051519 0.023407 0.272450 0.293087 0.163697 -0.638298 0.036687 -0.030320 0.033896 -0.179426 -0.046226 0.104148 0.050105 -0.058958 0.039045 0.265829 -0.436028 -0.097250 -0.386094 -0.290090 -0.200111 0.038162 -0.306302 -0.205958 -0.098340 -0.224483 0.006804 -0.061368 -0.138230 -0.299744 -0.218183 -0.230840 -0.303996 -0.349000 0.037901 -0.028436 0.024439 0.116518 -0.069058 -0.184851 0.271892 0.376319 0.102015 0.371580 -0.116198 0.028591 0.409677 0.017484 -0.466588 -0.520610 -0.415813 -0.363583 -0.511730 -0.307394 0.294601 0.222189 -0.342796 -0.046335 -0.265331 -0.379256 -0.261312 -0.140452 -0.209008 -0.316657 0.291471 0.250168 0.297646 0.417074 0.340355 0.379843 0.149095 -0.092977 0.214087 0.077287 -0.216598 -0.127458 -0.122839 -0.125442 -0.206982 0.017292 -0.191162 -0.271080 -0.214709 -0.183057 0.334838 -0.092826 0.096759 0.171458 -0.049982 -0.219891 -0.232503 -0.229526
0.135017 0.127152 0.210518 0.327466 -0.055002 -0.134435 0.384639 1.000000 -0.118166 -0.005603 -0.168890 0.098253 -0.108228 0.177896 -0.405519 -0.223778 0.089424 -0.170111 -0.034900 -0.122739 -0.165857 0.067936 -0.169057 -0.102571 -0.263832 -0.219003 -0.309587 -0.469855 -0.288785 0.157479 -0.033699 0.215069 -0.280189 -0.033400 -0.421258 -0.003675 -0.316091 -0.338792 -0.127257 0.069717 -0.121689 -0.042144 -0.223841 -0.283590 0.054155 0.232877 -0.040755 -0.198765 -0.214519 -0.152599 -0.530289 -0.149296 -0.320584 -0.301320 -0.360888 -0.549562 0.023426 -0.031112 0.007991 0.110989 0.140031 0.495183 0.165871 0.274990 -0.077707 0.509161 -0.010679 0.288007 -0.159765 -0.140002 -0.116341 0.098517 0.088722 0.183473 0.042264 0.256088 0.032558 -0.015824 -0.138289 -0.192451 -0.085698 -0.263770 -0.319380 0.053471 -0.176137 -0.254595 -0.093768 0.234193 -0.168400 -0.109362 0.104129 0.060600 0.169617 -0.104134 -0.209633 0.025776 -0.075471 -0.238287 -0.237280 -0.322470 0.220350 -0.018747 0.091637 -0.170864 -0.080518 -0.063845 -0.180647 -0.091929 0.135231 -0.130334 0.009489 -0.100985 -0.107612 -0.266894 -0.337718 -0.275647
-0.409259 -0.494414 0.559234 -0.213083 0.870106 0.349678 0.504606 -0.118166 1.000000 0.886640 0.053432 -0.260189 0.289117 -0.214369 0.414551 0.793201 0.021872 0.494682 -0.286468 -0.260070 0.694337 -0.614769 -0.533184 -0.155559 0.238568 0.167548 0.527789 0.528999 0.350137 -0.707795 -0.249137 -0.210299 0.029706 -0.122365 0.182698 0.155928 0.272494 0.082296 -0.295911 -0.173589 -0.673070 -0.536128 -0.335877 -0.325238 -0.405982 -0.191161 -0.338733 -0.213024 -0.140521 -0.320876 0.200255 -0.068036 0.338627 0.119325 -0.175443 -0.079119 -0.221588 -0.373190 0.255328 0.086625 0.094039 0.183409 -0.224391 -0.243763 0.529769 0.419284 0.228498 0.317796 -0.083326 0.181162 0.190440 -0.465011 -0.509781 -0.832787 -0.688692 -0.731522 -0.498570 -0.328795 0.277767 0.087100 -0.354217 0.068859 -0.176322 -0.241198 -0.286919 0.300014 -0.332214 -0.460219 0.525914 0.460508 0.318235 0.500281 0.485760 0.544105 -0.018423 -0.284763 -0.052369 -0.099857 -0.155460 0.046119 -0.073207 -0.251840 -0.399392 0.059335 -0.328340 -0.208894 -0.438944 -0.142214 0.102629 -0.372699 -0.058350 0.067011 0.180009 0.103767 0.089981 -0.029037
-0.356992 -0.521308 0.613501 -0.078545 0.895979 0.278478 0.491322 -0.005603 0.886640 1.000000 0.017848 -0.310574 0.227226 -0.387046 0.321815 0.783077 -0.026961 0.433604 -0.316470 -0.283699 0.703588 -0.771990 -0.554466 -0.135834 0.162173 0.134259 0.537101 0.486192 0.311055 -0.688757 -0.297974 -0.068102 -0.093232 -0.174351 0.250971 0.179411 0.166438 -0.042946 -0.382172 -0.228984 -0.689653 -0.531667 -0.275105 -0.299684 -0.382857 -0.125929 -0.318637 -0.208705 -0.131985 -0.229080 0.196226 -0.019997 0.340169 0.105246 -0.277700 -0.213318 -0.195551 -0.460652 0.242589 0.071721 0.083452 0.277694 -0.209800 -0.219757 0.586265 0.511736 0.184692 0.303841 -0.084626 0.101285 0.297240 -0.550661 -0.509709 -0.883899 -0.748596 -0.794816 -0.495306 -0.378485 0.283569 0.100210 -0.297625 0.108785 -0.117284 -0.092303 -0.228256 0.407142 -0.322188 -0.409979 0.534249 0.435200 0.316168 0.498121 0.450456 0.443730 -0.020450 -0.370611 -0.132687 -0.116131 -0.102378 0.074816 -0.004070 -0.304571 -0.328859 -0.000161 -0.382517 -0.149565 -0.486668 -0.140010 0.156509 -0.526017 -0.198435 0.025389 0.173080 0.074646 0.068193 -0.027912
0.047616 -0.007770 -0.157456 -0.084433 -0.200797 -0.115667 0.083737 -0.168890 0.053432 0.017848 1.000000 0.154786 0.298039 0.114737 0.453772 0.154243 0.111089 0.332462 -0.065575 0.068395 0.108705 -0.071672 0.187519 0.093344 -0.072616 0.028422 0.179282 0.229173 0.321143 -0.159983 0.214649 0.074859 0.142636 0.186007 0.054947 0.020286 0.402696 -0.031431 0.135499 0.247241 -0.106940 0.180710 -0.226598 -0.093636 -0.210809 -0.194767 -0.027969 0.092303 -0.164368 -0.067493 0.079435 -0.141760 -0.172960 -0.343696 0.062783 0.207570 0.102486 -0.037212 -0.362961 -0.301576 -0.118607 -0.220317 0.027578 -0.105939 0.065514 -0.108980 -0.392416 -0.201306 -0.100609 -0.193825 0.127503 0.024915 -0.021658 -0.149998 0.077946 -0.023259 -0.065118 0.051875 0.535724 0.485712 0.206314 0.397240 0.318110 -0.046970 0.106903 0.092503 0.325591 0.055697 0.312640 0.025571 -0.063718 0.110550 -0.030984 -0.100723 -0.149118 -0.030898 0.176105 0.048494 -0.004335 0.013978 -0.381562 -0.288609 -0.342039 -0.124834 -0.082664 -0.130903 -0.269306 -0.226755 0.191261 0.045883 0.310014 0.297157 -0.031116 -0.196945 -0.395743 -0.308992
0.150948 0.539362 -0.248900 0.089274 -0.381438 -0.148472 -0.201510 0.098253 -0.260189 -0.310574 0.154786 1.000000 -0.088944 0.623063 0.052502 -0.139073 -0.084687 0.115445 -0.017599 0.036834 -0.437408 0.057971 0.259288 0.257181 -0.185496 -0.289150 -0.153724 -0.238267 -0.086667 0.292622 -0.096887 0.041616 -0.049756 0.115215 -0.128831 -0.058429 0.051995 0.135979 0.208607 0.208224 0.021937 0.052335 -0.114859 -0.089873 0.044124 0.018620 -0.136695 -0.174819 0.102874 0.009174 -0.212855 0.061355 -0.054432 -0.172293 0.196581 0.159495 -0.062563 0.058284 0.003119 -0.002231 0.107590 0.082652 0.094024 0.181539 -0.028735 0.083884 -0.137909 -0.300347 -0.251616 -0.378789 -0.291841 -0.027418 0.149038 0.244947 0.422186 0.342932 0.250795 0.170918 -0.086910 -0.032014 0.016342 -0.110680 -0.067270 0.066753 0.011960 -0.119772 0.304626 0.405272 -0.067773 -0.066653 -0.147197 0.068706 -0.129495 -0.192370 -0.112158 0.002804 0.116033 -0.045642 0.064539 -0.200050 0.126894 -0.064889 0.088113 -0.035350 0.141695 -0.090159 0.020541 -0.206739 0.039200 -0.146499 0.189144 -0.097011 -0.085993 -0.205850 -0.404087 -0.233354
-0.319400 -0.463007 0.009459 -0.061261 0.211999 0.502222 0.569237 -0.108228 0.289117 0.227226 0.298039 -0.088944 1.000000 0.068455 0.356749 0.531271 0.277014 0.636740 -0.372737 -0.425966 0.365795 -0.112383 -0.214470 -0.009208 -0.055924 0.189327 0.307304 0.483633 0.395334 -0.634281 0.235136 -0.109923 0.161993 -0.202274 0.240980 0.092765 0.073723 -0.033284 0.118656 0.272047 -0.203667 0.110759 -0.195033 -0.047910 -0.199447 -0.188684 -0.325360 -0.009691 -0.093859 -0.014979 0.202211 -0.072008 -0.168733 -0.248588 -0.021802 0.074560 -0.211588 -0.171706 -0.373373 -0.228528 -0.352669 -0.315371 -0.196592 -0.336047 0.161593 -0.036053 -0.274838 -0.043000 -0.016543 0.058497 0.500388 0.277027 -0.505621 -0.452336 -0.297208 -0.405289 -0.524324 -0.245335 0.444719 0.344414 -0.112739 0.153613 -0.104896 -0.368903 0.127804 0.077936 -0.078512 -0.298254 0.383796 0.380387 0.175495 0.265141 0.368228 0.364039 0.268305 -0.007873 0.190440 0.125494 -0.125496 0.043104 -0.154183 -0.145039 -0.257098 -0.148141 -0.213673 -0.294511 -0.079979 -0.168689 0.243258 0.004767 -0.012892 0.166398 0.001058 -0.057495 -0.037006 -0.062783
-0.039481 0.316991 -0.364222 -0.189666 -0.431652 -0.236685 0.012247 0.177896 -0.214369 -0.387046 0.114737 0.623063 0.068455 1.000000 -0.037132 -0.202777 0.013877 0.088258 -0.075800 -0.075101 -0.297073 0.280593 0.093978 -0.014491 -0.101138 -0.321377 -0.206347 -0.292854 -0.113393 0.218933 0.095740 -0.140847 0.126400 0.053800 -0.217383 -0.076548 0.057997 0.132802 0.268660 0.200003 -0.000736 0.168111 -0.323117 -0.174776 0.013743 0.092807 -0.146764 -0.134590 0.051885 -0.125073 -0.192741 0.141482 -0.086035 -0.349085 0.245574 0.166303 -0.116236 0.091261 -0.097320 0.110001 0.068102 -0.013681 0.211206 0.169748 -0.243905 0.000653 -0.001224 -0.068251 -0.115618 -0.210978 -0.326014 0.258855 0.171188 0.326165 0.457076 0.370832 0.152116 0.033441 0.067178 0.115144 0.062298 0.085804 -0.368483 -0.362816 0.025973 -0.197649 0.102259 0.115200 -0.198591 -0.121361 -0.093225 0.069831 -0.112552 -0.188223 -0.188216 0.134357 0.189498 -0.193857 -0.012892 -0.176556 -0.034891 0.174856 0.096247 0.170188 0.240967 -0.123366 0.052135 -0.190358 -0.096586 0.072875 0.260301 0.144636 -0.156398 -0.210439 -0.401570 -0.309697
-0.167522 -0.206291 0.022716 -0.104814 0.213780 0.231715 0.036314 -0.405519 0.414551 0.321815 0.453772 0.052502 0.356749 -0.037132 1.000000 0.543934 -0.184559 0.304401 0.078069 0.031120 0.444124 -0.218477 0.118320 0.210659 0.203157 0.155132 0.498603 0.535476 0.357085 -0.387095 -0.030456 -0.033305 -0.044849 0.030104 0.345282 0.162853 0.295020 0.123157 0.065020 -0.024465 -0.300573 -0.199514 -0.176203 -0.208633 -0.334468 -0.309651 -0.082412 0.024595 -0.100145 -0.074383 0.095478 -0.128713 0.172977 0.115266 0.050159 0.253250 -0.004874 -0.230215 -0.062717 -0.099897 -0.229689 -0.193075 -0.462364 -0.466976 0.252727 0.012735 -0.311776 -0.301441 -0.052200 -0.121965 0.057066 -0.110944 -0.367095 -0.431495 -0.180081 -0.344731 -0.066585 0.074172 0.291057 0.139113 -0.087519 0.129165 0.371254 0.021054 0.101024 0.301550 0.208969 -0.175568 0.655503 0.232591 0.052310 0.186274 0.256750 0.283866 -0.061372 -0.246579 0.076901 -0.053521 0.098477 0.014194 -0.135467 -0.460781 -0.339063 -0.180593 -0.135133 0.049952 -0.235633 -0.027753 0.101516 -0.227580 0.100496 0.079132 0.092626 -0.031549 -0.074129 -0.123206
-0.423589 -0.512786 0.408791 0.048362 0.737550 0.395370 0.466054 -0.223778 0.793201 0.783077 0.154243 -0.139073 0.531271 -0.202777 0.543934 1.000000 0.043487 0.584860 -0.317971 -0.262325 0.631942 -0.614609 -0.304217 0.097683 0.197852 0.263352 0.582116 0.650946 0.356964 -0.749700 -0.064433 -0.026257 -0.076705 -0.273314 0.316387 0.158326 0.235945 0.089475 -0.234004 -0.140200 -0.581674 -0.442495 -0.228984 -0.142850 -0.347470 -0.270244 -0.381238 -0.089275 -0.158743 -0.223544 0.207451 -0.057652 0.318513 0.082039 -0.189540 0.004826 -0.148315 -0.371943 0.053522 -0.084467 -0.126601 0.071129 -0.373244 -0.391437 0.464921 0.252802 -0.076659 -0.024103 -0.056327 0.076968 0.346834 -0.366200 -0.641837 -0.852334 -0.660177 -0.690892 -0.508128 -0.374065 0.454717 0.152010 -0.263882 0.104517 -0.042624 -0.069604 -0.195959 0.335234 -0.279309 -0.405960 0.615350 0.529883 0.336047 0.521446 0.558876 0.571714 -0.000985 -0.336459 -0.041366 -0.105422 -0.097782 0.145175 -0.107506 -0.420931 -0.461097 -0.150951 -0.418989 -0.312627 -0.442045 -0.181000 -0.014320 -0.403286 -0.155736 0.108864 0.178729 0.100087 0.133691 0.036768
0.230125 0.149258 -0.179898 0.090858 -0.016025 -0.134480 0.124095 0.089424 0.021872 -0.026961 0.111089 -0.084687 0.277014 0.013877 -0.184559 0.043487 1.000000 0.394512 0.028608 0.036460 -0.123720 0.033697 -0.240449 -0.342012 -0.266250 -0.232776 -0.199096 -0.165070 0.213830 -0.062547 -0.013887 -0.146599 -0.006188 0.018413 -0.283632 -0.413658 0.047722 -0.168861 -0.177233 -0.074163 -0.035415 0.039560 -0.069229 -0.061383 -0.283414 -0.396666 -0.174633 -0.190012 -0.169054 -0.170453 -0.187906 -0.197687 -0.220458 -0.284094 -0.250527 -0.269773 0.370179 0.545523 -0.147877 -0.084044 0.189120 0.090463 0.328188 0.282367 -0.087309 -0.059463 -0.049422 -0.006501 0.207410 0.334201 0.122840 -0.106932 0.013265 -0.041202 -0.068741 -0.052641 -0.265330 -0.227273 0.381105 0.249431 0.282587 0.306610 -0.293731 -0.076609 -0.098181 -0.147770 -0.144332 0.028446 -0.103776 0.027245 -0.015585 0.053242 0.037140 0.099506 -0.016125 0.225494 -0.229952 -0.143409 -0.365673 0.075610 -0.173370 0.153253 -0.120517 0.019443 -0.121233 -0.170720 0.080345 -0.078418 -0.074254 0.133084 -0.140527 0.057709 0.240223 0.049161 0.069439 0.070336
-0.162345 -0.211883 0.146305 -0.150608 0.359747 0.268682 0.483848 -0.170111 0.494682 0.433604 0.332462 0.115445 0.636740 0.088258 0.304401 0.584860 0.394512 1.000000 -0.211360 -0.196892 0.326984 -0.449006 -0.298946 -0.040446 0.057414 0.028560 0.429926 0.536462 0.561964 -0.608910 -0.066342 -0.277871 0.139228 -0.038572 0.123951 -0.060771 0.256134 0.069417 -0.131221 0.052585 -0.400172 -0.227364 -0.325362 -0.243440 -0.308000 -0.271264 -0.443538 -0.211665 0.021604 -0.122422 0.177523 -0.029821 -0.131534 -0.406784 -0.181452 0.000305 -0.085945 -0.034466 -0.061825 0.042064 -0.072844 -0.043697 -0.013874 -0.091941 0.250592 0.061360 0.021497 -0.006446 -0.043997 0.133660 0.408613 -0.172718 -0.320070 -0.653020 -0.341855 -0.575017 -0.569895 -0.334329 0.562019 0.470266 -0.097981 0.319631 -0.155526 -0.357400 -0.327058 0.044042 -0.045718 -0.385350 0.376739 0.337508 0.155630 0.452439 0.270096 0.345292 0.221892 -0.111075 -0.037451 0.136071 -0.183862 0.094882 -0.170015 -0.062403 -0.270789 0.028136 -0.190202 -0.287407 -0.191540 -0.199419 0.124941 -0.213066 -0.010665 0.140564 0.280746 -0.003187 -0.053209 -0.016556
0.383062 0.458609 -0.166156 0.165773 -0.258763 -0.393264 -0.470159 -0.034900 -0.286468 -0.316470 -0.065575 -0.017599 -0.372737 -0.075800 0.078069 -0.317971 0.028608 -0.211360 1.000000 0.767219 -0.374054 0.141695 0.208594 0.038901 0.052072 -0.058863 -0.241242 -0.245054 0.152357 0.422104 -0.191796 -0.108921 -0.102481 0.228879 -0.350250 -0.268136 -0.002655 -0.103726 -0.258875 -0.376751 0.245549 -0.206667 0.180768 -0.054401 0.087755 -0.193111 0.290996 0.000702 -0.139713 0.025398 -0.404097 -0.142061 -0.017399 0.056432 -0.318196 -0.210322 0.286295 0.402008 0.103339 0.394304 0.002622 0.125352 0.037412 0.119948 -0.501535 -0.305202 0.044021 -0.093106 0.407702 0.300828 -0.225379 0.084698 0.483915 0.289436 0.128968 0.129503 0.348343 0.250178 -0.157369 -0.230971 0.368497 0.036494 0.244348 0.390348 -0.245032 -0.217603 0.029685 -0.074523 -0.340159 -0.500408 -0.108345 -0.255755 -0.055279 -0.245180 0.054831 0.052036 -0.401224 0.048509 -0.107132 -0.096029 0.162889 0.163987 0.220352 -0.011266 0.044570 0.201563 0.143695 0.361460 -0.250845 0.142555 -0.029876 -0.220305 0.159576 0.173331 0.339515 0.283963
0.480821 0.478719 -0.137050 0.096644 -0.236121 -0.395656 -0.512119 -0.122739 -0.260070 -0.283699 0.068395 0.036834 -0.425966 -0.075101 0.031120 -0.262325 0.036460 -0.196892 0.767219 1.000000 -0.325929 0.122119 0.216909 0.077551 0.043377 0.014639 -0.140933 -0.148558 0.109003 0.366613 -0.017155 -0.092196 -0.135299 0.315363 -0.324490 -0.237061 0.139628 0.036221 -0.096584 -0.250446 0.311764 -0.092181 0.325702 0.120633 0.169493 -0.117556 0.441399 0.289236 -0.104933 0.009560 -0.307226 -0.157904 -0.065481 0.018309 -0.268952 -0.027474 0.257242 0.330213 -0.011920 0.200494 -0.064601 0.028946 0.066264 0.119161 -0.441622 -0.405481 -0.069299 -0.217989 0.340413 0.190720 -0.174464 0.052721 0.388242 0.267505 0.176310 0.217297 0.384930 0.327265 -0.071197 -0.072810 0.432347 0.126833 0.377372 0.473945 -0.223628 -0.204901 -0.064570 0.049945 -0.318679 -0.531180 -0.105011 -0.292826 -0.101517 -0.336715 -0.097541 -0.008471 -0.300733 0.052422 -0.107226 -0.026280 0.064296 0.003578 0.087926 -0.111787 0.098982 0.276675 0.016552 0.347006 -0.289149 0.089108 0.095338 -0.156195 0.143072 0.157818 0.292883 0.260256
-0.376755 -0.638664 0.456075 -0.292551 0.691255 0.449633 0.465116 -0.165857 0.694337 0.703588 0.108705 -0.437408 0.365795 -0.297073 0.444124 0.631942 -0.123720 0.326984 -0.374054 -0.325929 1.000000 -0.322234 -0.396436 -0.142027 0.303982 0.385780 0.612953 0.636979 0.278678 -0.645649 -0.057230 -0.078629 0.026595 -0.133353 0.396470 0.345932 0.226349 0.041292 -0.122672 -0.034696 -0.506215 -0.268685 -0.117462 -0.078010 -0.207426 -0.014262 -0.122534 0.095989 -0.030026 -0.228496 0.341578 0.013909 0.245863 0.108858 0.007344 0.006030 -0.234233 -0.446257 0.011012 -0.099684 -0.219416 -0.125658 -0.399091 -0.445612 0.416385 0.218740 0.056804 0.205390 -0.150802 0.073439 0.293536 -0.155984 -0.535140 -0.686508 -0.590567 -0.599357 -0.443663 -0.263969 0.223998 0.110930 -0.267695 0.119231 0.064588 -0.290220 -0.051429 0.279661 -0.213792 -0.429360 0.580969 0.341851 0.306680 0.350001 0.377590 0.493207 0.027602 -0.119193 0.151430 0.016705 0.091751 0.214138 -0.203151 -0.242037 -0.383217 -0.004205 -0.334323 -0.137606 -0.371946 -0.140691 0.218557 -0.234207 -0.028269 0.186207 0.096170 0.100140 0.055898 -0.040899
0.246012 0.298038 -0.458509 -0.063378 -0.663478 0.028176 -0.286744 0.067936 -0.614769 -0.771990 -0.071672 0.057971 -0.112383 0.280593 -0.218477 -0.614609 0.033697 -0.449006 0.141695 0.122119 -0.322234 1.000000 0.345797 -0.075873 0.005118 0.134298 -0.387090 -0.319243 -0.221619 0.529281 0.318544 0.081635 0.119860 0.139911 -0.126640 0.054292 -0.112586 -0.015348 0.369442 0.262044 0.635817 0.472226 0.164251 0.122357 0.150020 0.050145 0.273481 0.231681 -0.068630 -0.076605 -0.227069 -0.204736 -0.317930 -0.016138 0.272347 0.164073 0.144271 0.365959 -0.227490 -0.123363 -0.078227 -0.227311 0.116165 0.108175 -0.393170 -0.320559 -0.202580 -0.155293 -0.018176 -0.061490 -0.293122 0.682118 0.365621 0.754461 0.569090 0.625303 0.446568 0.376464 -0.261790 -0.162087 0.301632 0.001916 0.112549 -0.053139 0.208561 -0.335058 0.212951 0.251045 -0.348800 -0.370938 -0.351016 -0.582486 -0.320832 -0.350185 0.057054 0.480449 0.136906 0.105635 -0.009490 -0.062260 -0.105843 0.230315 0.161750 -0.011006 0.277746 0.154039 0.473188 0.197344 -0.068219 0.567993 0.131875 -0.059858 -0.287428 -0.020986 0.027358 0.016040
0.052724 0.236008 -0.203362 0.391195 -0.527708 -0.073231 -0.474892 -0.169057 -0.533184 -0.554466 0.187519 0.259288 -0.214470 0.093978 0.118320 -0.304217 -0.240449 -0.298946 0.208594 0.216909 -0.396436 0.345797 1.000000 0.714725 0.303638 0.177999 0.022973 -0.030571 -0.245528 0.470300 0.408395 0.489867 0.030932 0.152579 0.250416 0.090498 -0.112159 0.152744 0.322338 0.211437 0.318687 0.373781 0.157338 0.257077 0.263032 0.111539 0.160677 0.293366 0.139692 0.272795 0.096086 0.019956 -0.234482 -0.021876 0.174304 0.252684 0.184186 0.098462 -0.224812 -0.221339 -0.291656 -0.389998 -0.233584 -0.177657 -0.108656 -0.436661 -0.336446 -0.490361 -0.136263 -0.286711 -0.071924 0.172601 0.285148 0.472376 0.456481 0.462995 0.396778 0.253385 -0.172436 -0.038428 -0.067558 -0.225985 0.281241 0.170052 0.240928 -0.023418 0.512048 0.316321 -0.038276 -0.253372 -0.263238 -0.310284 -0.311083 -0.337850 -0.093283 -0.039198 0.227740 0.109776 0.161641 -0.115872 -0.186746 -0.211314 -0.038541 -0.356807 0.010191 -0.046631 0.010034 -0.109748 -0.161031 0.251114 0.240682 0.015185 -0.084889 -0.228244 -0.198664 -0.072695
-0.071348 0.016307 0.257745 0.533582 -0.059722 0.223029 -0.155891 -0.102571 -0.155559 -0.135834 0.093344 0.257181 -0.009208 -0.014491 0.210659 0.097683 -0.342012 -0.040446 0.038901 0.077551 -0.142027 -0.075873 0.714725 1.000000 0.270343 0.319217 0.227010 0.266161 -0.249452 -0.005207 0.366464 0.481515 -0.032197 -0.073495 0.272140 0.047378 -0.053833 0.341294 0.356523 0.342255 -0.028887 0.161654 -0.004598 0.134595 0.166076 0.106696 -0.102939 0.216887 0.098651 0.151977 0.142074 0.001136 -0.165194 -0.075789 0.039177 0.262394 -0.037207 -0.175004 -0.101650 -0.180864 -0.315780 -0.294006 -0.224652 -0.210082 0.095121 -0.342139 -0.243905 -0.430149 -0.267962 -0.383801 0.059257 -0.021095 -0.141193 0.032196 0.107984 0.139585 0.104415 0.110579 -0.199324 -0.084019 -0.462811 -0.436133 0.244526 0.184056 0.093035 -0.003218 0.240473 0.315362 0.177784 0.016451 0.064642 0.076758 0.012996 -0.045010 -0.041145 -0.226790 0.281374 0.142038 0.196182 -0.078037 -0.164690 -0.467082 -0.234656 -0.435761 -0.146773 -0.117787 -0.195346 -0.199334 -0.037973 0.034376 0.293543 -0.033378 -0.183263 -0.245974 -0.234717 -0.080564
-0.220260 -0.147942 0.265664 -0.145915 0.286283 0.209982 -0.051519 -0.263832 0.238568 0.162173 -0.072616 -0.185496 -0.055924 -0.101138 0.203157 0.197852 -0.266250 0.057414 0.052072 0.043377 0.303982 0.005118 0.303638 0.270343 1.000000 0.526037 0.617444 0.419103 0.229989 -0.006484 0.006096 0.112308 0.143466 0.149211 0.358240 0.396243 0.205417 0.270487 -0.068430 -0.157610 -0.076618 -0.231482 -0.001229 0.085566 0.033697 0.106852 0.032891 0.296606 0.087248 -0.056230 0.333578 -0.019231 0.017475 0.118209 -0.041243 0.174353 -0.125676 -0.084866 0.131489 0.168020 -0.223851 -0.165038 -0.382100 -0.401961 0.110951 -0.080974 0.177014 0.127342 -0.102684 0.210062 -0.008860 -0.146784 0.115418 -0.201353 -0.280304 -0.284505 -0.044193 -0.031590 -0.060483 -0.016585 -0.165273 0.027112 0.121629 -0.232629 -0.231142 0.143868 0.104850 -0.415530 0.013427 -0.196114 -0.124593 -0.185365 -0.054401 0.048680 0.091385 -0.134829 0.089911 0.111441 -0.056000 -0.001667 -0.190735 -0.131446 -0.188702 -0.144423 -0.296569 -0.161620 -0.169859 0.012065 -0.174998 0.135666 0.058258 -0.023921 0.024645 0.212064 0.251322 0.151139
-0.105405 -0.278489 0.422124 0.186705 0.289360 0.628528 0.023407 -0.219003 0.167548 0.134259 0.028422 -0.289150 0.189327 -0.321377 0.155132 0.263352 -0.232776 0.028560 -0.058863 0.014639 0.385780 0.134298 0.177999 0.319217 0.526037 1.000000 0.471459 0.661074 0.041736 -0.294205 0.344664 0.192084 0.112889 -0.109078 0.456311 0.350311 -0.003642 0.114433 -0.043363 0.052880 0.043486 -0.115933 0.158567 0.226832 0.049231 0.106153 -0.000676 0.363844 -0.195268 -0.245629 0.362565 -0.237291 -0.037666 0.061841 -0.085143 0.190759 -0.165680 -0.104918 -0.127669 -0.042517 -0.411647 -0.293752 -0.284844 -0.328409 0.201477 -0.290769 0.003421 0.025639 -0.195461 -0.039933 0.062936 0.091314 -0.252126 -0.235838 -0.369542 -0.234084 -0.175381 -0.017030 -0.106731 -0.256412 -0.192753 -0.039922 0.370110 0.015584 -0.006912 0.105917 -0.169755 -0.236933 0.097835 0.083586 -0.049481 -0.189217 0.120224 0.102496 0.101020 -0.111992 0.049263 0.184285 0.020336 0.052740 -0.189493 -0.325995 -0.318304 -0.311733 -0.233860 -0.147758 -0.039791 -0.015597 -0.119748 0.105812 -0.010309 -0.150810 -0.228211 0.280448 0.342486 0.371910
-0.356308 -0.472888 0.458109 -0.169066 0.507189 0.404838 0.272450 -0.309587 0.527789 0.537101 0.179282 -0.153724 0.307304 -0.206347 0.498603 0.582116 -0.199096 0.429926 -0.241242 -0.140933 0.612953 -0.387090 0.022973 0.227010 0.617444 0.471459 1.000000 0.821508 0.309589 -0.548155 -0.021758 0.050486 0.000660 -0.062192 0.531984 0.356152 0.230421 0.103455 0.012532 0.045733 -0.374965 -0.298308 -0.216439 -0.100606 -0.231152 -0.027797 -0.228546 0.153638 0.081179 -0.047819 0.481913 -0.014416 -0.018337 -0.055373 -0.062933 0.167991 -0.180266 -0.421447 0.121369 0.064229 -0.242747 -0.216200 -0.475106 -0.492070 0.415653 0.047842 0.064154 0.079284 -0.210393 0.001370 0.375390 -0.213334 -0.410414 -0.698583 -0.529158 -0.633221 -0.358417 -0.161197 0.183317 0.173187 -0.301979 0.067669 0.282881 -0.230358 -0.116317 0.221730 0.070875 -0.440483 0.501348 0.202251 0.075723 0.151881 0.249621 0.332715 0.058844 -0.452006 0.168366 0.135588 -0.084108 -0.090712 -0.189072 -0.471268 -0.437737 -0.179144 -0.277147 -0.053000 -0.323602 -0.076192 0.027798 -0.220693 0.093919 -0.037348 -0.073872 0.014948 0.076057 0.083711
-0.322219 -0.528296 0.417608 -0.089396 0.499231 0.635855 0.293087 -0.469855 0.528999 0.486192 0.229173 -0.238267 0.483633 -0.292854 0.535476 0.650946 -0.165070 0.536462 -0.245054 -0.148558 0.636979 -0.319243 -0.030571 0.266161 0.419103 0.661074 0.821508 1.000000 0.342556 -0.722355 0.168222 -0.029942 0.095342 -0.148611 0.538226 0.254305 0.182905 0.186091 0.069469 0.152127 -0.277832 -0.192608 -0.124684 -0.000404 -0.213247 -0.103301 -0.270730 0.163675 0.011174 -0.160086 0.522640 -0.093130 0.034345 -0.041338 -0.028414 0.269954 -0.223271 -0.339661 -0.009328 -0.038341 -0.328400 -0.328200 -0.376690 -0.467688 0.405940 -0.149650 0.004952 -0.023298 -0.179163 -0.045045 0.396411 -0.083232 -0.521056 -0.694680 -0.490742 -0.605815 -0.450042 -0.159401 0.241512 0.119527 -0.319697 0.089981 0.347034 -0.158150 -0.116503 0.192439 -0.070011 -0.428203 0.536408 0.417064 0.107767 0.215042 0.286582 0.401517 0.208650 -0.334676 0.160167 0.275296 0.037850 0.080402 -0.216234 -0.412562 -0.406121 -0.168854 -0.209522 -0.104484 -0.212819 -0.099986 0.060257 -0.126489 0.043990 0.015405 -0.055852 0.082501 0.160753 0.190292
-0.051736 -0.141621 -0.016537 -0.373396 0.247380 0.036193 0.163697 -0.288785 0.350137 0.311055 0.321143 -0.086667 0.395334 -0.113393 0.357085 0.356964 0.213830 0.561964 0.152357 0.109003 0.278678 -0.221619 -0.245528 -0.249452 0.229989 0.041736 0.309589 0.342556 1.000000 -0.197082 -0.188451 -0.163818 0.267170 0.339977 0.074637 0.077636 0.454323 -0.060511 -0.167340 -0.150266 -0.027432 -0.064753 -0.223585 -0.235697 -0.272742 -0.327799 -0.082460 -0.083578 -0.068014 -0.068048 0.046740 -0.106810 0.077245 -0.083583 -0.103982 0.014805 0.000475 -0.013667 -0.063453 0.075827 -0.024210 0.023274 -0.055157 -0.184462 0.042102 0.087620 -0.075392 -0.055319 0.274388 0.212269 0.230075 -0.117034 0.109639 -0.391384 -0.237611 -0.504822 -0.201056 -0.108925 0.497237 0.468526 0.325193 0.532267 0.064363 -0.137067 -0.247873 0.139898 0.033129 -0.535009 0.117239 -0.013071 -0.174853 -0.045264 -0.011659 -0.025437 0.392593 0.040289 -0.136054 0.258411 -0.159764 0.192862 -0.160190 0.107572 -0.055011 0.064076 -0.226532 -0.131976 -0.073138 0.015647 0.189737 -0.094002 -0.146651 0.067096 0.221947 0.191135 0.167112 0.117944
0.359463 0.613780 -0.438251 0.066943 -0.651523 -0.523311 -0.638298 0.157479 -0.707795 -0.688757 -0.159983 0.292622 -0.634281 0.218933 -0.387095 -0.749700 -0.062547 -0.608910 0.422104 0.366613 -0.645649 0.529281 0.470300 -0.005207 -0.006484 -0.294205 -0.548155 -0.722355 -0.197082 1.000000 -0.034194 0.205493 0.057724 0.369164 -0.296580 -0.066675 -0.129198 -0.080972 0.004627 -0.176514 0.574634 0.235675 0.273091 0.193144 0.300891 0.179327 0.418448 0.147279 0.099951 0.245351 -0.314634 0.061860 -0.105233 0.085928 0.104487 -0.030641 0.239986 0.365718 -0.003657 0.061220 0.125911 0.093152 0.186093 0.312994 -0.424467 -0.110886 -0.047859 -0.204149 0.100531 -0.056111 -0.450882 0.158994 0.760680 0.841432 0.661863 0.654556 0.678913 0.356993 -0.314969 -0.101800 0.396842 -0.017844 0.015961 0.277359 0.128603 -0.144876 0.282925 0.345489 -0.578286 -0.547287 -0.435308 -0.619910 -0.535768 -0.620939 -0.155609 0.232888 -0.133624 -0.081563 0.038892 -0.088221 0.151318 0.325040 0.385639 0.064584 0.255168 0.167585 0.284662 0.161977 -0.212393 0.226530 -0.018855 -0.137832 -0.011427 0.011391 -0.037313 -0.019419
-0.094815 -0.173260 0.055252 0.193319 -0.212862 0.262060 0.036687 -0.033699 -0.249137 -0.297974 0.214649 -0.096887 0.235136 0.095740 -0.030456 -0.064433 -0.013887 -0.066342 -0.191796 -0.017155 -0.057230 0.318544 0.408395 0.366464 0.006096 0.344664 -0.021758 0.168222 -0.188451 -0.034194 1.000000 0.459804 0.219568 0.046549 0.220110 0.079777 -0.131399 0.055033 0.359791 0.323781 0.243561 0.415472 0.105437 0.264103 0.019481 0.098557 0.010625 0.336904 -0.087483 -0.143599 0.151387 -0.197016 -0.238778 -0.195998 0.099150 0.204159 -0.140666 0.000660 -0.453879 -0.375469 -0.317523 -0.409374 0.034085 -0.098465 0.007501 -0.403837 -0.365714 -0.319352 -0.141280 -0.257425 0.160274 0.362713 -0.174385 0.199620 0.228511 0.287929 -0.003016 0.018810 0.045305 0.122018 -0.119822 -0.005214 0.215224 -0.045813 0.255424 -0.074531 -0.026100 0.127412 -0.002316 -0.027588 0.035500 -0.187178 -0.136787 -0.026994 -0.026907 0.115983 0.179750 -0.006907 0.036525 0.017591 -0.243890 -0.090206 -0.158684 -0.342123 0.004878 -0.153564 0.001615 -0.041816 -0.223409 0.238792 0.035691 0.114281 -0.331703 -0.105014 -0.027780 0.140635
-0.160248 -0.062576 0.254463 0.350459 -0.089829 0.090117 -0.030320 0.215069 -0.210299 -0.068102 0.074859 0.041616 -0.109923 -0.140847 -0.033305 -0.026257 -0.146599 -0.277871 -0.108921 -0.092196 -0.078629 0.081635 0.489867 0.481515 0.112308 0.192084 0.050486 -0.029942 -0.163818 0.205493 0.459804 1.000000 0.136811 0.280861 0.267993 0.356329 -0.214804 -0.068864 0.282665 0.267788 0.047556 0.347889 -0.089674 -0.038976 -0.043077 0.180369 -0.059453 0.164253 -0.109813 -0.014670 -0.044800 -0.223640 -0.138750 -0.021729 -0.049935 0.001865 -0.062657 -0.259589 -0.213711 -0.403439 -0.193173 -0.132644 -0.202263 -0.165758 0.290001 0.042728 -0.376581 -0.295788 -0.254897 -0.468678 0.171181 0.013658 0.009552 0.145290 0.150296 0.248226 0.314695 0.226767 -0.124483 0.035297 -0.173691 -0.204210 0.219287 0.282608 0.191184 -0.061250 0.167409 0.279569 0.037043 -0.153217 -0.124630 -0.227475 -0.197517 -0.184279 -0.144766 -0.079973 0.170349 -0.002787 -0.030023 -0.120452 -0.109222 -0.231215 -0.124662 -0.405483 -0.053169 -0.007943 -0.109927 -0.052428 -0.069380 0.113316 0.091346 0.000625 -0.359293 -0.272056 -0.198022 -0.087214
-0.261536 -0.036733 -0.033963 -0.394706 -0.062758 0.077352 0.033896 -0.280189 0.029706 -0.093232 0.142636 -0.049756 0.161993 0.126400 -0.044849 -0.076705 -0.006188 0.139228 -0.102481 -0.135299 0.026595 0.119860 0.030932 -0.032197 0.143466 0.112889 0.000660 0.095342 0.267170 0.057724 0.219568 0.136811 1.000000 0.573920 0.154133 0.147186 0.196708 0.055288 0.178654 0.102796 0.176532 0.267361 -0.058686 0.025030 -0.006912 0.108901 0.058749 0.045254 0.091309 0.008745 0.240136 -0.087955 0.045394 -0.053690 0.261211 0.301227 -0.364791 -0.117968 -0.158411 -0.064736 -0.092856 -0.271822 0.055506 0.045767 0.025129 -0.135001 0.128975 -0.009267 0.007423 -0.001593 -0.017401 0.145206 0.197839 0.041451 0.204259 -0.082423 0.153983 0.110547 0.016440 0.400151 0.046079 0.230298 -0.001149 -0.211249 0.184369 -0.078687 -0.114442 -0.296093 -0.205741 -0.141368 -0.379989 -0.303113 -0.339419 -0.197982 0.294508 0.172446 0.105014 0.279441 -0.070588 0.001385 -0.263804 0.148929 -0.000905 0.194007 0.205228 0.029066 0.233141 0.061260 0.064030 0.209858 0.034474 -0.078539 -0.075990 0.124599 0.087118 0.155053
0.070194 0.266169 -0.111857 -0.331370 -0.199963 -0.155248 -0.179426 -0.033400 -0.122365 -0.174351 0.186007 0.115215 -0.202274 0.053800 0.030104 -0.273314 0.018413 -0.038572 0.228879 0.315363 -0.133353 0.139911 0.152579 -0.073495 0.149211 -0.109078 -0.062192 -0.148611 0.339977 0.369164 0.046549 0.280861 0.573920 1.000000 0.000240 0.297403 0.087505 0.016923 0.151846 0.035938 0.207297 0.190866 0.025978 -0.131022 0.099158 0.252509 0.302831 0.162691 0.108480 0.063185 -0.061706 -0.225452 -0.095749 -0.032444 0.090755 0.164496 -0.148852 -0.023655 -0.077810 -0.049197 -0.029906 -0.047658 -0.071226 0.017835 0.008966 0.091803 -0.042594 -0.051113 0.059892 -0.107785 -0.048333 0.032251 0.456427 0.220655 0.373585 0.157057 0.402344 0.411546 -0.115380 0.292218 0.171286 0.134072 0.165597 0.106629 -0.022905 -0.200461 0.119005 -0.029193 -0.256964 -0.481355 -0.431041 -0.442297 -0.502730 -0.412831 0.097531 0.194086 0.059028 0.205258 -0.053388 -0.124499 -0.123354 0.138741 0.136984 0.133236 0.246696 0.255285 0.150790 0.177874 0.070761 0.152530 0.129492 -0.173932 0.020424 0.085749 -0.065388 -0.024057
-0.398572 -0.421937 0.157891 -0.018077 0.228757 0.527530 -0.046226 -0.421258 0.182698 0.250971 0.054947 -0.128831 0.240980 -0.217383 0.345282 0.316387 -0.283632 0.123951 -0.350250 -0.324490 0.396470 -0.126640 0.250416 0.272140 0.358240 0.456311 0.531984 0.538226 0.074637 -0.296580 0.220110 0.267993 0.154133 0.000240 1.000000 0.577441 -0.042536 0.011215 0.053566 0.057732 -0.183459 0.007961 -0.050479 0.087280 0.026900 0.171376 -0.156360 0.162376 0.262979 0.143099 0.665910 0.093610 0.147502 0.174980 0.359757 0.298225 -0.218050 -0.393165 -0.207699 -0.281999 -0.430903 -0.455455 -0.500058 -0.532427 0.545959 -0.041025 -0.174437 -0.106256 -0.214939 -0.175175 0.292370 -0.059334 -0.371660 -0.347457 -0.226604 -0.363484 -0.190768 -0.108881 -0.042767 0.051669 -0.294125 -0.047722 0.114377 -0.289599 0.299289 0.386676 0.165319 -0.194151 0.461063 0.271989 0.056045 0.034059 0.043384 0.188681 0.052774 -0.171859 0.216258 0.033779 0.187204 0.050002 -0.157733 -0.200423 -0.238354 -0.119958 -0.206748 -0.104540 -0.028719 -0.193016 -0.036346 -0.062573 -0.015348 0.043721 -0.104927 0.071668 0.062966 0.075070
-0.342195 -0.282207 0.161953 -0.166674 0.175992 0.407722 0.104148 -0.003675 0.155928 0.179411 0.020286 -0.058429 0.092765 -0.076548 0.162853 0.158326 -0.413658 -0.060771 -0.268136 -0.237061 0.345932 0.054292 0.090498 0.047378 0.396243 0.350311 0.356152 0.254305 0.077636 -0.066675 0.079777 0.356329 0.147186 0.297403 0.577441 1.000000 0.002956 -0.051585 0.040405 0.130951 -0.087047 -0.003952 -0.081932 -0.071294 0.209804 0.532715 0.027982 0.336127 0.083809 0.068378 0.310339 -0.028786 0.068214 0.133098 0.135988 0.176893 -0.273053 -0.468194 -0.172848 -0.183025 -0.404666 -0.182320 -0.514423 -0.445928 0.371143 0.251267 -0.127235 0.149277 -0.198056 -0.160652 0.174042 0.100816 -0.074256 -0.165950 -0.100548 -0.170511 0.014477 0.135990 -0.096574 -0.051277 -0.178886 -0.056911 0.095759 -0.169952 0.086513 0.145509 0.196642 -0.133774 0.239518 -0.027007 0.022603 -0.134702 -0.039450 -0.014348 0.042314 0.009029 0.225475 0.092142 0.120106 0.012715 -0.106449 -0.155695 -0.175640 -0.150966 -0.167724 -0.130561 -0.151476 -0.158594 0.082598 0.033735 0.091424 0.049013 -0.157310 0.032174 -0.056933 -0.119552
