1.000000 0.383785 -0.185919 -0.103561 -0.119602 -0.319107 0.040251 0.096431 -0.227263 -0.263424 0.112311 -0.024689 0.381144 0.239013 0.073157 -0.026060 0.066374 0.000383 0.326639 -0.035177 -0.069203 -0.157936 -0.422700 -0.522670 -0.450487 -0.367769 -0.446308 -0.434036 0.211809 0.081719 -0.287501 -0.212247 0.346001 0.375794 0.104093 -0.255520 0.053526 -0.098140 -0.100671 0.019813 0.039708 0.010302 -0.207165 -0.217016 -0.424437 -0.287828 -0.063050 -0.280276 0.074016 -0.063782 -0.250373 -0.082947 0.140446 -0.334721 0.065282 -0.120312 0.391161 0.275939 0.439944 0.267097 0.556532 0.344984 0.232945 0.211751 0.131294 0.172251 0.051894 -0.431489 0.083482 -0.317688 -0.042368 -0.212260 0.057332 -0.171577 -0.097623 -0.331110 -0.111486 -0.165193 -0.081923 -0.039228 0.170593 0.014158 0.036125 0.009231 -0.042396 -0.302518 -0.047089 -0.145686 0.141513 0.120080 0.236420 -0.058445 -0.078921 -0.038200 0.116009 -0.037210 -0.043487 0.033922 -0.042220 0.005980 0.205300 0.354449 0.208039 0.392543 0.244206 0.128418 0.138569 -0.062617 0.321181 0.130710 -0.427479 -0.184442 -0.215416 -0.154112 -0.083345 0.180002
0.383785 1.000000 -0.474191 0.239242 -0.268980 -0.486901 0.223238 0.248417 -0.439244 -0.483525 -0.070535 0.364856 0.111824 0.188756 -0.371445 0.045010 0.076763 0.156497 0.037728 0.103826 -0.087844 -0.012353 -0.492141 -0.344671 -0.521771 -0.570943 -0.384227 -0.608135 0.098325 0.282027 -0.346109 -0.353449 0.374244 0.255721 -0.026581 -0.404266 0.154832 0.231160 -0.226237 0.278805 0.071158 0.113741 -0.107603 -0.195913 -0.334240 -0.331584 -0.208078 -0.125904 0.294581 0.163773 -0.326277 0.121689 0.419813 -0.156618 0.150075 0.108409 0.255653 0.332213 0.287778 0.533938 0.393822 0.447066 0.229715 0.290138 -0.356982 0.153608 0.108744 -0.122582 0.146389 -0.353339 0.194725 -0.132638 0.191107 -0.010672 -0.039798 0.012829 -0.091608 0.214975 -0.085090 0.040091 0.126483 0.008295 -0.107943 0.206966 -0.392350 -0.354071 -0.435421 0.050129 -0.315938 0.143345 0.483108 0.060151 0.148636 -0.067600 -0.024607 0.167776 -0.214276 0.131308 0.206869 0.202287 0.396978 0.362442 0.471939 0.218799 0.356276 0.084669 0.151272 -0.154151 0.100996 0.022117 -0.485082 0.097824 -0.032650 -0.122317 -0.184181 -0.033975
-0.185919 -0.474191 1.000000 0.176439 0.417643 0.589686 0.429675 0.144554 0.329899 0.276955 0.098895 -0.263514 -0.246258 -0.226861 0.221087 -0.269959 -0.511319 -0.543115 0.189698 0.184211 -0.144441 0.000468 0.748040 0.607438 0.502725 0.429055 0.448476 0.590639 -0.355326 -0.491575 0.235662 0.059297 -0.461496 -0.486309 -0.092469 0.160515 -0.414027 -0.232955 -0.063378 -0.090900 -0.201682 -0.239915 -0.098142 0.084200 0.277056 0.375948 -0.075867 0.160491 -0.055125 -0.216692 0.483174 0.008055 -0.462903 0.045929 0.044093 -0.124247 -0.531721 -0.334393 -0.222203 -0.227217 -0.503304 -0.356134 -0.512927 -0.565607 0.421351 0.045718 0.030480 0.287982 -0.066613 0.320123 -0.331791 -0.174319 -0.374309 -0.170517 -0.328048 -0.102887 -0.289590 -0.299008 -0.233222 -0.236396 -0.551467 -0.451756 0.033799 -0.396214 -0.154840 0.052616 0.263764 -0.112636 0.514235 0.316754 -0.007767 0.218906 0.033020 0.389749 -0.151202 0.025776 0.256984 -0.166997 -0.129029 -0.211656 -0.268641 -0.108228 -0.354316 -0.310116 -0.059642 -0.132471 -0.172116 0.059742 -0.227328 0.039638 0.531793 0.013658 -0.153933 -0.193409 -0.111846 -0.061473
-0.103561 0.239242 0.176439 1.000000 0.089854 0.307389 0.411557 0.733826 -0.191547 0.143325 -0.316877 0.137909 -0.189207 0.076114 -0.403767 -0.005429 -0.350518 -0.260545 0.327630 0.328708 -0.198256 0.122753 0.091939 0.334180 0.067206 0.080768 0.210417 0.076099 -0.367746 -0.128932 -0.044670 0.049485 -0.194675 -0.132166 0.056082 0.033353 -0.266545 -0.036888 -0.414171 0.186703 -0.104860 -0.191172 -0.217160 -0.148168 -0.208624 -0.065499 -0.279768 0.046393 -0.105337 -0.211633 -0.110947 -0.026026 -0.165290 -0.116421 -0.020592 0.071043 -0.326700 -0.266136 0.079819 0.133264 -0.175231 0.062581 -0.209393 -0.244076 -0.094568 0.262040 0.052499 0.146791 0.308797 -0.051757 0.008867 -0.085377 -0.386225 -0.344841 -0.321105 -0.078364 -0.220427 0.013332 -0.360740 -0.274659 -0.303736 -0.375868 0.133612 0.093362 -0.500898 -0.190341 -0.140872 0.029433 0.093910 0.327399 0.305833 0.258274 0.525182 0.217525 -0.063593 0.297394 -0.038128 -0.049954 0.022831 0.077862 0.234948 -0.085867 0.162920 -0.197710 -0.076665 -0.174178 0.112968 -0.078217 -0.086691 -0.124636 -0.015412 -0.114005 -0.115996 -0.021176 0.010061 -0.110719
-0.119602 -0.268980 0.417643 0.089854 1.000000 0.383750 0.351755 0.327094 0.553209 0.523816 0.047214 -0.196518 0.167487 0.266388 0.096620 0.316294 -0.106670 -0.178452 0.088482 0.273776 0.220389 0.346247 0.145476 0.238592 0.052365 0.138010 0.486865 0.295066 -0.105106 -0.198936 0.171668 0.149066 -0.295968 -0.112039 0.125909 0.464285 -0.080210 -0.075511 0.038212 0.182626 0.003023 -0.053621 -0.440372 -0.331517 -0.087673 -0.105848 -0.229588 -0.126033 -0.195019 -0.207207 0.009976 -0.116564 -0.143189 -0.088188 0.103901 -0.308024 -0.374453 -0.350401 -0.076092 -0.057654 -0.128824 -0.043479 -0.232261 -0.301808 0.081082 0.067122 0.056848 0.259159 0.162176 0.380277 -0.148701 -0.026771 -0.177878 -0.197953 -0.198052 -0.084212 -0.246079 -0.133631 -0.218374 -0.238948 -0.192390 -0.189544 0.069196 0.050214 -0.278386 -0.298485 -0.158445 -0.237675 0.077180 -0.125624 0.072095 0.115584 0.258858 0.308052 -0.155150 -0.039380 -0.050922 -0.082719 -0.195533 -0.311051 0.012398 -0.167786 -0.177201 -0.373938 -0.176553 -0.218677 -0.162027 -0.149094 -0.105566 -0.064324 0.131988 -0.100649 -0.229547 -0.012117 0.105640 -0.015496
-0.319107 -0.486901 0.589686 0.307389 0.383750 1.000000 0.076366 0.232141 0.367349 0.402744 -0.069424 -0.159154 -0.236132 -0.153098 0.064410 -0.178936 -0.413397 -0.481806 0.062039 0.096641 -0.092254 0.196743 0.345091 0.444749 0.588504 0.561743 0.323367 0.585024 -0.590019 -0.658897 -0.089860 -0.071448 -0.426235 -0.395848 0.085835 0.457982 -0.456744 -0.204754 0.092836 -0.090048 -0.309678 -0.339441 -0.028486 0.250113 0.167096 0.521294 0.031043 0.198805 -0.012925 -0.312598 0.486965 0.072361 -0.337107 0.035135 0.073418 0.014817 -0.435742 -0.487011 -0.049686 -0.165898 -0.505161 -0.393158 -0.655216 -0.608407 0.211043 0.240680 0.226159 0.439128 0.103500 0.317776 -0.210244 -0.000333 -0.615844 -0.357800 -0.259594 -0.083843 -0.308029 -0.314281 -0.281890 -0.323186 -0.555727 -0.454235 -0.222258 -0.471838 -0.110793 0.213874 0.249572 0.218591 0.479709 0.343539 -0.102358 0.249133 0.136338 0.380635 -0.141716 -0.059741 0.275664 -0.148784 -0.046509 -0.083006 -0.219261 -0.097750 -0.366836 -0.271555 -0.032850 0.071615 -0.218161 0.166369 -0.347940 0.046610 0.509486 -0.216521 -0.282549 -0.109481 0.030958 -0.033842
0.040251 0.223238 0.429675 0.411557 0.351755 0.076366 1.000000 0.617640 -0.168078 0.076351 -0.199958 -0.188709 -0.030661 0.088201 -0.448157 -0.161244 -0.452309 -0.290295 0.257047 0.201209 -0.130512 0.117871 0.151827 0.126388 -0.205007 -0.191402 0.233352 -0.079377 -0.214427 -0.030417 0.072423 -0.031526 -0.120777 -0.149111 -0.073085 -0.048742 -0.232279 -0.079026 -0.370236 0.089483 -0.082652 -0.165918 -0.327198 -0.233722 -0.160698 -0.166817 -0.352079 -0.151758 0.238186 0.099611 -0.105188 0.104927 -0.042207 -0.014596 0.075352 -0.196213 -0.262522 -0.168069 0.205538 0.466395 -0.008183 0.292437 -0.108760 -0.148594 -0.114837 0.108870 0.186440 0.169410 0.102943 -0.061047 -0.061759 -0.253973 -0.027703 -0.157991 -0.394981 -0.172431 -0.302295 -0.119779 -0.334641 -0.181813 -0.333461 -0.372145 0.025498 0.040352 -0.577072 -0.353422 -0.302363 -0.270580 -0.006930 0.198611 0.487149 0.288670 0.383852 0.273401 -0.025218 0.181331 -0.158123 0.028838 -0.057661 -0.070159 0.366491 0.021104 0.224904 0.046131 0.125868 -0.182130 0.211982 -0.206861 -0.000066 -0.200706 -0.220130 -0.061373 -0.071640 -0.034921 -0.092304 0.071448
0.096431 0.248417 0.144554 0.733826 0.327094 0.232141 0.617640 1.000000 -0.157143 0.269442 -0.249015 0.006756 0.099678 0.361089 -0.463334 0.029699 -0.380772 -0.258465 0.273300 0.271379 -0.234989 0.138166 -0.151474 0.104520 -0.151428 -0.103886 0.117256 -0.115113 -0.283932 -0.127395 -0.117038 0.008947 -0.152739 -0.028204 0.093547 0.134328 -0.350856 -0.225409 -0.477108 0.161033 -0.058722 -0.180331 -0.509858 -0.367481 -0.381377 -0.252152 -0.448455 -0.315102 0.019450 -0.171933 -0.205990 -0.073358 -0.131930 -0.200018 -0.067990 -0.256993 -0.329405 -0.348505 0.272787 0.327200 0.057637 0.358640 -0.206475 -0.247705 -0.065750 0.430748 0.178660 0.215125 0.287715 -0.003680 0.062174 -0.185253 -0.297719 -0.382837 -0.418649 -0.269143 -0.298330 -0.075691 -0.409831 -0.251342 -0.316092 -0.360463 0.068116 0.104947 -0.486190 -0.253014 -0.276174 -0.126829 0.129645 0.240995 0.398579 0.318650 0.612819 0.310448 0.084509 0.206609 -0.277549 0.053158 -0.170279 -0.110026 0.474024 -0.036706 0.245577 0.002730 -0.040285 -0.191742 0.187835 -0.182170 -0.022925 -0.226605 -0.265432 -0.420202 -0.249283 0.009725 0.089213 0.135085
-0.227263 -0.439244 0.329899 -0.191547 0.553209 0.367349 -0.168078 -0.157143 1.000000 0.620159 0.402188 -0.009955 0.223561 0.265095 0.570311 0.473321 0.173091 0.114530 -0.157176 0.131381 0.086494 0.042137 0.184662 0.376264 0.330274 0.450296 0.258822 0.259224 0.069050 -0.285374 0.198889 0.225322 -0.274670 -0.180753 0.129333 0.353466 0.091900 -0.075250 0.222354 -0.116739 -0.055435 -0.023323 -0.300083 -0.217497 0.147707 0.115462 -0.159817 -0.059325 -0.261575 -0.267907 0.140007 -0.168433 -0.274619 0.008248 0.081790 -0.271869 -0.300167 -0.300589 -0.396737 -0.463711 -0.227947 -0.360523 -0.264784 -0.302216 0.161864 0.016551 -0.173133 0.130164 -0.054424 0.397603 -0.169005 0.027695 -0.089761 0.034380 0.135184 0.320271 0.083466 -0.011433 0.239913 -0.081047 -0.048946 -0.025809 -0.029966 -0.097039 0.001744 -0.131204 0.038100 -0.048924 0.106824 -0.203705 -0.296726 0.039047 0.008354 0.235903 -0.306373 -0.238268 -0.024390 -0.326130 -0.323907 -0.412009 -0.243519 -0.102679 -0.235549 -0.498886 -0.103409 0.020945 -0.313326 0.247840 -0.066791 0.096326 0.338792 -0.064693 -0.077409 0.024399 0.033730 -0.216065
-0.263424 -0.483525 0.276955 0.143325 0.523816 0.402744 0.076351 0.269442 0.620159 1.000000 0.006914 -0.196045 0.039850 0.356577 0.184684 0.440491 -0.161313 -0.097341 0.057501 0.275689 0.099577 0.121438 0.106549 0.374389 0.239841 0.466115 0.337839 0.256291 -0.076844 -0.145818 0.286596 0.436876 -0.248794 -0.073873 0.094206 0.429644 -0.048854 -0.148581 0.016084 -0.134008 -0.061199 -0.086136 -0.380405 -0.313438 -0.016879 -0.019341 -0.230463 -0.219899 -0.407266 -0.293644 -0.145450 -0.229771 -0.402154 -0.026648 -0.029802 -0.413215 -0.386863 -0.459594 -0.232829 -0.227693 -0.185202 -0.073975 -0.114833 -0.201278 0.115124 0.096662 -0.085650 0.185229 0.091637 0.427611 0.040866 0.041993 -0.112903 -0.086045 -0.002784 0.190678 -0.050971 -0.046823 -0.009374 -0.126775 -0.051891 -0.037063 0.101059 0.081472 -0.090879 -0.158928 -0.002081 -0.211814 0.045755 -0.206445 -0.149378 0.095273 0.238067 0.168958 -0.200227 -0.040960 -0.170718 -0.295440 -0.370923 -0.503733 0.037203 -0.268592 -0.144840 -0.346045 -0.219947 -0.129166 -0.189150 0.100546 0.011913 -0.063337 0.135898 -0.225744 -0.132706 -0.011707 0.001465 -0.126905
0.112311 -0.070535 0.098895 -0.316877 0.047214 -0.069424 -0.199958 -0.249015 0.402188 0.006914 1.000000 0.254676 0.314133 0.052051 0.631166 0.296193 0.346997 0.303586 -0.166652 -0.129615 -0.146655 -0.203632 0.194219 0.098072 0.166972 0.139185 -0.104331 -0.117516 0.348423 -0.190257 0.158376 0.040562 -0.003590 0.060601 0.156889 0.018158 0.112692 -0.111815 0.196585 -0.162758 -0.034363 -0.142726 -0.220250 -0.164831 0.059405 -0.064613 -0.089911 -0.073092 -0.006109 -0.138791 0.166839 -0.080170 -0.322472 -0.003652 0.006440 -0.150405 0.041542 0.182064 -0.339438 -0.337709 -0.094122 -0.201778 -0.282381 -0.236610 0.302144 0.039013 -0.280939 -0.103655 -0.360718 0.161022 -0.053106 -0.090860 0.199927 0.374799 0.425334 -0.142150 0.037014 0.010872 0.451264 0.331259 -0.049888 0.015575 0.048821 -0.158931 0.140866 -0.054354 0.126448 0.132802 0.083855 -0.191377 -0.265751 0.001770 -0.119299 -0.020598 -0.031425 -0.285184 0.047436 0.015034 -0.318834 -0.250737 -0.178105 -0.014798 -0.245504 0.032249 0.092231 0.168476 -0.017918 0.210279 -0.122971 0.014551 0.144188 -0.062862 -0.103530 -0.119934 0.040067 0.041893
-0.024689 0.364856 -0.263514 0.137909 -0.196518 -0.159154 -0.188709 0.006756 -0.009955 -0.196045 0.254676 1.000000 0.316002 0.320224 0.082372 0.282588 0.211678 0.208409 -0.161966 0.019705 -0.293266 -0.325124 -0.268448 -0.113816 0.075491 -0.197977 -0.334159 -0.267053 0.180383 0.109796 0.002658 -0.038174 0.219955 0.171974 0.131421 -0.199960 0.229578 -0.032490 0.030488 0.033209 0.210013 0.177605 -0.099780 -0.095131 -0.016245 0.018400 -0.108663 -0.083377 -0.017997 -0.140328 0.078037 -0.158549 -0.027205 -0.263464 -0.024006 0.038866 -0.006026 -0.005212 -0.210430 -0.327682 0.105684 0.032493 -0.043957 0.026471 0.193332 0.307177 -0.159610 -0.101911 -0.115316 -0.138078 0.203290 -0.185892 0.093784 -0.020960 0.229840 0.225980 0.113971 0.328059 0.116175 0.139087 0.067285 -0.069402 0.081318 0.165263 -0.021967 0.169113 0.144074 0.325328 -0.220095 -0.079617 0.020842 -0.014027 0.056502 -0.166782 0.111137 -0.041699 -0.045307 0.212819 0.102737 0.090368 -0.099370 -0.035001 0.058098 -0.012173 -0.143599 -0.120421 0.033943 -0.062224 0.060867 0.019748 -0.011742 -0.059638 -0.074321 -0.024664 -0.033863 0.013744
0.381144 0.111824 -0.246258 -0.189207 0.167487 -0.236132 -0.030661 0.099678 0.223561 0.039850 0.314133 0.316002 1.000000 0.692487 0.268477 0.408124 0.356803 0.332364 -0.127540 -0.166127 -0.044940 -0.126618 -0.374136 -0.349696 -0.277251 -0.066875 -0.291197 -0.365316 0.453916 0.121154 0.116355 0.194828 0.234577 0.418000 0.327305 0.209090 0.109702 -0.340509 -0.030563 -0.104503 0.124910 0.120049 -0.469020 -0.538832 -0.316341 -0.437030 -0.384820 -0.476821 0.099959 -0.028564 -0.217596 -0.168476 -0.007388 -0.310985 -0.171204 -0.372864 0.065094 -0.066530 0.114242 -0.168165 0.561384 0.278631 0.189624 0.131471 0.117325 0.364172 -0.223399 -0.402173 -0.235222 -0.151045 0.141966 -0.117485 0.164515 -0.001880 0.328143 -0.052392 0.167475 0.064920 0.116621 0.022351 0.170738 0.023991 0.113243 0.178814 -0.007376 -0.328602 0.012921 -0.024203 -0.122298 -0.281120 -0.036335 -0.056461 0.022813 -0.105027 0.054551 -0.125172 -0.271914 0.030149 -0.226019 -0.064179 0.095230 -0.099230 0.141757 0.076419 -0.146569 -0.036732 0.169584 -0.018699 0.306440 -0.129831 -0.385158 -0.261812 -0.207533 0.162933 0.218324 0.192521
0.239013 0.188756 -0.226861 0.076114 0.266388 -0.153098 0.088201 0.361089 0.265095 0.356577 0.052051 0.320224 0.692487 1.000000 -0.027237 0.566342 0.101257 0.212711 -0.020056 0.143858 -0.007001 -0.026722 -0.465717 -0.170406 -0.239555 -0.096795 -0.142938 -0.383494 0.281186 0.216038 0.116887 0.235542 0.129618 0.310504 0.238406 0.188239 0.161757 -0.223568 -0.113655 0.005469 0.154448 0.149023 -0.509749 -0.486371 -0.279051 -0.323058 -0.379675 -0.425225 -0.098478 -0.092877 -0.364920 -0.218069 -0.066829 -0.451073 -0.005364 -0.333634 -0.158448 -0.304572 0.034961 -0.060068 0.452076 0.332429 0.158722 0.151641 -0.048627 0.440073 -0.101193 -0.176734 0.004618 -0.027005 0.332948 -0.117069 0.105311 -0.186744 0.149346 0.092886 -0.000159 0.119747 -0.087517 -0.057343 0.141521 0.051317 0.086006 0.230876 -0.201926 -0.364624 -0.238648 -0.150709 -0.154783 -0.180455 0.082209 -0.047568 0.132092 -0.061107 -0.071858 -0.058114 -0.259583 -0.107820 -0.220357 -0.214689 0.141839 -0.129704 0.153882 -0.112888 -0.133279 -0.167392 -0.015660 -0.023970 0.342843 -0.104563 -0.387361 -0.311918 -0.274624 0.161828 0.029047 0.000372
0.073157 -0.371445 0.221087 -0.403767 0.096620 0.064410 -0.448157 -0.463334 0.570311 0.184684 0.631166 0.082372 0.268477 -0.027237 1.000000 0.391574 0.254925 0.079830 -0.185314 -0.085053 0.004763 -0.168353 0.300855 0.179017 0.162902 0.321413 0.022958 0.175827 0.352688 -0.115485 0.210174 0.191439 0.012535 0.124295 0.261233 0.098769 0.197830 -0.062763 0.278020 -0.179613 0.087463 0.131609 -0.130805 -0.205779 0.065685 -0.016008 0.002366 -0.191639 -0.316356 -0.241780 0.143197 -0.233952 -0.293730 -0.078161 -0.045532 -0.227365 0.023918 0.084032 -0.396034 -0.563703 -0.069735 -0.263840 -0.028102 -0.051629 0.343413 -0.142283 -0.406796 -0.272348 -0.243738 0.123573 -0.145763 0.029823 0.043517 0.195819 0.376570 0.007029 0.205900 -0.055554 0.390469 0.034240 0.190368 0.190126 0.264371 0.020259 0.469426 0.107539 0.314557 0.046099 0.183052 -0.231212 -0.574842 -0.150155 -0.323211 -0.039797 -0.020723 -0.167741 -0.029821 -0.080259 -0.415394 -0.275854 -0.388023 -0.103044 -0.325357 -0.212210 -0.208576 -0.010073 -0.198544 0.083013 0.059874 0.095697 0.241656 0.089062 0.071365 -0.145328 -0.021038 -0.038969
-0.026060 0.045010 -0.269959 -0.005429 0.316294 -0.178936 -0.161244 0.029699 0.473321 0.440491 0.296193 0.282588 0.408124 0.566342 0.391574 1.000000 0.364854 0.321067 -0.152697 0.125413 0.260565 0.226921 -0.173110 0.067143 -0.263119 -0.011779 0.202591 -0.164099 0.508446 0.359622 0.245191 0.319315 0.092824 0.310909 0.272825 0.117908 0.431854 0.093019 0.062163 0.156361 0.247985 0.288664 -0.438357 -0.540047 -0.294665 -0.412302 -0.213678 -0.355263 -0.486789 -0.216499 -0.499208 -0.385344 -0.058522 -0.314011 0.082484 -0.145501 -0.045368 -0.129865 -0.307632 -0.203094 0.244365 0.214595 0.295858 0.274010 -0.197318 -0.053097 -0.461220 -0.273420 -0.013859 -0.024975 0.243269 0.177308 0.247960 0.175350 0.350465 0.099360 0.166974 0.227075 0.289813 -0.057576 0.446267 0.360940 0.338831 0.544051 0.065308 -0.272098 -0.244130 -0.074973 -0.332275 -0.414899 -0.212864 -0.255877 0.051402 -0.208727 -0.086717 0.000993 -0.270312 -0.057543 -0.348682 -0.319147 0.036854 -0.261107 0.013176 -0.363579 -0.243694 -0.194125 -0.109010 -0.054587 0.203098 -0.124557 -0.237212 -0.069867 0.001198 0.089734 0.038270 -0.181162
0.066374 0.076763 -0.511319 -0.350518 -0.106670 -0.413397 -0.452309 -0.380772 0.173091 -0.161313 0.346997 0.211678 0.356803 0.101257 0.254925 0.364854 1.000000 0.772382 -0.287522 -0.303841 0.140208 -0.056707 -0.260005 -0.248919 -0.079072 -0.057549 -0.219808 -0.242473 0.565094 0.281506 0.005640 0.112672 0.261624 0.363513 0.101956 -0.130097 0.379748 0.112034 0.136414 -0.028686 0.176289 0.299420 -0.048806 -0.197546 -0.196974 -0.345203 -0.070423 -0.104923 -0.137640 -0.102892 -0.203274 -0.233624 0.132923 0.057977 -0.020289 0.053828 0.467519 0.368471 -0.212782 -0.284621 0.250865 0.045213 0.288792 0.356059 -0.091029 -0.159893 -0.343001 -0.380004 -0.113500 -0.130554 -0.003983 0.224083 0.438960 0.406187 0.504083 0.125069 0.380753 0.171771 0.594298 0.341041 0.512249 0.476064 0.008452 0.149130 0.245690 -0.128362 -0.127944 0.049899 -0.435011 -0.517433 -0.328783 -0.272890 -0.084492 -0.182618 0.051274 -0.242456 -0.062837 0.048028 -0.187164 -0.108320 0.013485 0.086213 0.208206 -0.009949 0.075039 0.190723 0.058384 0.142565 0.182749 0.025254 -0.083190 -0.063535 0.078768 0.057401 0.123775 -0.116135
0.000383 0.156497 -0.543115 -0.260545 -0.178452 -0.481806 -0.290295 -0.258465 0.114530 -0.097341 0.303586 0.208409 0.332364 0.212711 0.079830 0.321067 0.772382 1.000000 -0.270140 -0.298468 0.212476 -0.050644 -0.275429 -0.246248 -0.159484 -0.104201 -0.104395 -0.262535 0.470876 0.404146 0.127437 0.234681 0.115357 0.277229 0.096434 -0.088640 0.373412 -0.024538 0.080167 -0.049529 0.253408 0.180953 -0.125348 -0.227052 -0.156438 -0.393868 -0.034092 -0.149985 -0.091106 0.026521 -0.364305 -0.143205 0.121558 0.162487 -0.080496 -0.084535 0.441412 0.362207 -0.135976 -0.170494 0.306580 0.188768 0.344423 0.410482 -0.206044 -0.018388 -0.354375 -0.389944 -0.240179 -0.173098 0.183927 0.216173 0.559406 0.355433 0.524041 0.222048 0.460960 0.353737 0.504513 0.341687 0.415252 0.357719 -0.006903 0.283335 0.040200 -0.290045 -0.254160 -0.038645 -0.446705 -0.459978 -0.171805 -0.124794 0.047746 -0.176486 0.155581 -0.017643 -0.263689 0.115501 -0.269696 -0.119664 0.114313 -0.039412 0.230116 0.081468 0.019461 0.104962 0.004125 0.034607 0.239351 -0.117785 -0.228468 -0.127388 0.082245 0.194597 0.142534 0.037724
0.326639 0.037728 0.189698 0.327630 0.088482 0.062039 0.257047 0.273300 -0.157176 0.057501 -0.166652 -0.161966 -0.127540 -0.020056 -0.185314 -0.152697 -0.287522 -0.270140 1.000000 0.478689 -0.194717 0.087161 -0.039046 -0.143936 -0.033316 -0.210202 -0.014595 -0.065061 -0.129891 -0.089611 -0.066109 -0.110157 -0.055625 0.011116 -0.239096 -0.113877 -0.076246 -0.210696 -0.016376 0.203513 -0.010439 -0.246451 -0.049428 0.017774 -0.285785 -0.075185 -0.065849 0.165019 -0.208754 -0.085302 -0.161611 -0.043223 -0.108041 -0.130536 0.108396 0.087768 -0.141640 -0.026522 0.206152 0.240756 -0.221291 -0.131255 -0.122705 -0.221020 -0.015017 -0.049402 0.255204 0.034585 0.513572 0.201893 -0.083282 -0.216597 -0.147506 -0.326306 -0.180670 -0.123163 -0.023947 -0.134371 -0.261019 -0.225047 -0.153923 -0.225680 0.285724 -0.032151 -0.149107 -0.125165 0.247504 0.053037 0.313411 0.212715 0.190276 0.127433 0.082908 0.076408 0.065840 0.167701 0.248059 0.070621 0.080253 0.185954 -0.049125 0.088964 0.043858 0.132353 -0.115957 -0.241966 0.027672 0.042689 0.088386 0.024790 -0.077431 -0.138905 -0.239870 0.152736 0.212645 0.231848
-0.035177 0.103826 0.184211 0.328708 0.273776 0.096641 0.201209 0.271379 0.131381 0.275689 -0.129615 0.019705 -0.166127 0.143858 -0.085053 0.125413 -0.303841 -0.298468 0.478689 1.000000 -0.228653 -0.092746 0.081866 0.269070 0.062595 -0.055598 0.055789 -0.014419 -0.238782 -0.098138 -0.059904 -0.082314 -0.070870 -0.067592 -0.145938 0.138296 -0.027419 0.127743 0.010422 0.257136 -0.261149 -0.056552 -0.264917 -0.187401 0.020456 0.001430 -0.202020 0.099259 -0.171630 -0.254125 -0.060729 -0.081701 -0.216466 -0.183845 0.232613 -0.064015 -0.416931 -0.179470 0.033741 0.095243 -0.308610 -0.229437 -0.180407 -0.314835 -0.072349 0.030541 0.349930 0.397922 0.578556 0.561873 -0.089492 -0.326323 -0.207649 -0.367888 -0.261343 0.076664 -0.340472 -0.259185 -0.289418 -0.230509 -0.178688 -0.270848 0.103222 -0.051448 -0.316855 -0.221214 0.109176 -0.153381 0.174365 0.114554 0.339999 0.291878 0.283929 0.223898 -0.348433 0.006775 0.161586 -0.314319 0.142875 -0.102365 0.133753 0.107809 0.218532 -0.219386 -0.026812 -0.283783 0.080850 0.150532 0.088200 0.110262 0.229899 0.054713 -0.011253 0.038584 -0.184645 -0.264364
-0.069203 -0.087844 -0.144441 -0.198256 0.220389 -0.092254 -0.130512 -0.234989 0.086494 0.099577 -0.146655 -0.293266 -0.044940 -0.007001 0.004763 0.260565 0.140208 0.212476 -0.194717 -0.228653 1.000000 0.584703 0.078910 -0.040935 -0.192186 -0.029562 0.459930 0.238175 0.223768 0.298795 0.293109 0.228620 -0.133097 0.054607 0.106523 0.222367 0.138975 0.132517 0.110451 0.163173 0.258583 0.234397 0.086203 -0.100863 -0.015664 -0.197541 0.195945 0.029080 -0.203999 0.138634 -0.351432 -0.085797 0.242429 0.022139 0.154942 0.135549 0.132082 0.011114 -0.045492 0.015492 0.220435 0.291782 0.434265 0.395775 -0.281152 -0.178097 -0.312233 -0.277606 -0.210122 -0.195089 0.268135 0.461613 0.288759 0.251611 0.128954 0.156213 0.125317 0.223775 -0.004631 -0.049326 0.257561 0.219814 0.103452 0.333330 -0.017338 -0.260616 -0.245290 -0.217872 -0.163374 -0.136485 -0.061701 -0.254039 -0.163460 -0.197601 -0.011380 0.242184 0.025010 0.015454 0.079089 0.030982 -0.052670 -0.137137 -0.147638 -0.244265 -0.199526 -0.170629 -0.138352 -0.219728 0.067369 -0.060325 -0.102153 0.192151 0.188311 0.164939 0.100120 -0.013255
-0.157936 -0.012353 0.000468 0.122753 0.346247 0.196743 0.117871 0.138166 0.042137 0.121438 -0.203632 -0.325124 -0.126618 -0.026722 -0.168353 0.226921 -0.056707 -0.050644 0.087161 -0.092746 0.584703 1.000000 0.039384 0.061352 -0.144998 -0.011203 0.532065 0.221741 0.070646 0.149896 0.089692 0.024357 -0.241469 -0.144255 -0.102246 0.128776 -0.071296 0.116194 0.081821 0.424570 0.059808 -0.027027 -0.100861 -0.087448 -0.157016 -0.114780 0.013180 0.122253 -0.173237 0.101683 -0.331344 -0.051866 0.205253 -0.007708 0.192522 0.298688 -0.186751 -0.254110 0.007231 0.232812 -0.024877 0.148149 0.105178 0.101901 -0.468835 -0.117316 -0.119398 -0.050533 0.151488 -0.095947 0.112151 0.407731 0.046022 0.058195 -0.024525 -0.053957 -0.070087 0.003898 -0.088830 -0.242352 0.052887 0.133470 0.112348 0.251378 -0.106226 -0.180303 -0.198559 0.080875 0.018623 0.170281 0.042356 -0.218674 -0.040198 -0.086171 -0.038460 0.328528 0.083057 0.060759 0.134832 0.120602 -0.008793 -0.176796 -0.077712 -0.308669 -0.057139 -0.009190 -0.149652 -0.118121 -0.218246 -0.065277 -0.161615 0.039313 -0.113321 0.141432 0.217442 0.040440
-0.422700 -0.492141 0.748040 0.091939 0.145476 0.345091 0.151827 -0.151474 0.184662 0.106549 0.194219 -0.268448 -0.374136 -0.465717 0.300855 -0.173110 -0.260005 -0.275429 -0.039046 0.081866 0.078910 0.039384 1.000000 0.771478 0.474968 0.511434 0.607810 0.693498 -0.117461 -0.262736 0.480609 0.247301 -0.468804 -0.519171 -0.051176 0.152810 -0.317698 -0.050639 -0.016134 -0.026000 -0.163896 -0.148591 0.123672 0.111580 0.366303 0.225210 0.084203 0.317208 -0.148119 -0.127371 0.364822 -0.024905 -0.476673 0.203685 0.002103 0.059482 -0.395986 -0.088535 -0.368769 -0.325565 -0.538206 -0.354327 -0.292592 -0.354673 0.248151 -0.218096 -0.217451 0.141529 -0.272034 0.269129 -0.200270 0.060884 -0.125226 0.132546 -0.075524 -0.113900 -0.130056 -0.144576 -0.005744 -0.089500 -0.345238 -0.223379 0.203717 -0.204536 -0.002544 0.046554 0.272928 -0.090233 0.292437 0.136953 -0.149691 0.067307 -0.105734 0.122714 -0.108538 0.074863 0.280956 -0.136935 -0.092010 -0.177960 -0.392462 -0.319691 -0.406210 -0.377307 -0.166856 -0.139590 -0.078797 0.072582 -0.273526 -0.005688 0.634259 0.274800 0.097114 -0.114081 -0.096386 -0.179888
-0.522670 -0.344671 0.607438 0.334180 0.238592 0.444749 0.126388 0.104520 0.376264 0.374389 0.098072 -0.113816 -0.349696 -0.170406 0.179017 0.067143 -0.248919 -0.246248 -0.143936 0.269070 -0.040935 0.061352 0.771478 1.000000 0.544207 0.672147 0.624004 0.637979 -0.173148 -0.227804 0.470204 0.358503 -0.469038 -0.523116 -0.037312 0.166099 -0.223303 0.065488 -0.165822 0.086461 -0.231068 -0.040914 -0.130714 0.004295 0.355976 0.233640 -0.181776 0.285733 -0.236460 -0.362082 0.209688 -0.191288 -0.525446 0.049737 -0.001795 0.009804 -0.536158 -0.249765 -0.448111 -0.344647 -0.552904 -0.307768 -0.325773 -0.376484 0.111247 -0.073978 -0.183640 0.284306 -0.088801 0.331392 -0.220481 0.059477 -0.203478 -0.073094 -0.139684 0.096955 -0.266870 -0.102104 -0.017237 -0.147033 -0.262794 -0.144790 0.068920 -0.132763 -0.162350 -0.061102 0.029504 -0.100012 0.142670 0.101677 -0.034836 0.052367 0.052420 0.137573 -0.322337 0.055000 0.182548 -0.331742 -0.048869 -0.315750 -0.254770 -0.317344 -0.308164 -0.605115 -0.076290 -0.090685 -0.106417 0.140961 -0.302852 0.102248 0.662870 0.229665 0.003694 -0.181237 -0.273087 -0.457518
-0.450487 -0.521771 0.502725 0.067206 0.052365 0.588504 -0.205007 -0.151428 0.330274 0.239841 0.166972 0.075491 -0.277251 -0.239555 0.162902 -0.263119 -0.079072 -0.159484 -0.033316 0.062595 -0.192186 -0.144998 0.474968 0.544207 1.000000 0.677473 0.168348 0.569286 -0.360497 -0.498360 0.202100 0.176280 -0.308238 -0.337176 -0.163393 0.217617 -0.263946 -0.115810 0.162589 -0.218190 -0.202937 -0.200627 0.179026 0.375065 0.521142 0.595536 0.049104 0.401187 -0.062207 -0.286615 0.608276 0.003657 -0.471258 0.097462 -0.173213 0.046252 -0.404655 -0.291149 -0.362905 -0.538980 -0.620117 -0.588384 -0.572472 -0.579060 0.482290 0.141888 0.103261 0.363312 -0.121251 0.406493 -0.275250 -0.033215 -0.288115 -0.101296 -0.046093 0.191918 -0.166727 -0.185680 0.033804 0.013645 -0.432770 -0.317805 -0.217502 -0.494873 -0.025051 0.269820 0.441782 0.254570 0.243004 0.086448 -0.176834 0.136729 0.008097 0.216956 -0.151039 -0.099706 0.423786 -0.118095 0.057780 -0.097643 -0.340720 -0.092725 -0.320715 -0.211941 -0.044662 -0.016312 -0.236446 0.261577 -0.351132 0.156767 0.795234 -0.021025 -0.076541 -0.035591 -0.061789 -0.045504
-0.367769 -0.570943 0.429055 0.080768 0.138010 0.561743 -0.191402 -0.103886 0.450296 0.466115 0.139185 -0.197977 -0.066875 -0.096795 0.321413 -0.011779 -0.057549 -0.104201 -0.210202 -0.055598 -0.029562 -0.011203 0.511434 0.672147 0.677473 1.000000 0.319246 0.569533 -0.135591 -0.334555 0.427594 0.518706 -0.295920 -0.280763 0.151764 0.381287 -0.289196 -0.131971 0.055391 -0.151488 -0.307394 -0.111017 -0.079098 -0.012632 0.309316 0.249168 -0.075433 0.152730 -0.192185 -0.331539 0.236365 -0.154013 -0.530099 0.112238 -0.133143 -0.097634 -0.344596 -0.295230 -0.335558 -0.454236 -0.354201 -0.358966 -0.264535 -0.314163 0.315722 0.104838 -0.191429 0.113541 -0.187940 0.227129 -0.160180 0.205262 -0.256450 -0.079599 0.056529 0.113186 -0.094087 -0.151631 0.019343 -0.013387 -0.232460 -0.118139 -0.121141 -0.284846 0.010491 -0.024870 0.273039 0.122088 0.165995 0.039068 -0.281512 -0.021241 -0.054332 0.134308 -0.340408 -0.144292 0.181569 -0.387454 -0.125068 -0.358582 -0.282525 -0.280772 -0.300906 -0.416744 -0.062290 0.105210 -0.121179 0.304259 -0.287584 0.146998 0.596288 0.032634 -0.107809 -0.063174 -0.088310 -0.267660
-0.446308 -0.384227 0.448476 0.210417 0.486865 0.323367 0.233352 0.117256 0.258822 0.337839 -0.104331 -0.334159 -0.291197 -0.142938 0.022958 0.202591 -0.219808 -0.104395 -0.014595 0.055789 0.459930 0.532065 0.607810 0.624004 0.168348 0.319246 1.000000 0.678569 0.004369 0.102037 0.512139 0.380210 -0.472735 -0.375082 0.024506 0.275759 -0.057757 0.005985 -0.092439 0.267681 0.176129 0.033138 -0.102700 -0.053844 0.159887 -0.036153 0.001092 0.189757 -0.372627 -0.113954 -0.115733 -0.184582 -0.241864 0.003060 0.056316 0.064526 -0.344126 -0.203824 -0.325035 -0.124741 -0.337165 -0.020401 0.000296 -0.082388 -0.147255 -0.247201 -0.274306 0.074744 -0.061504 0.141942 -0.083052 0.248420 0.028248 0.009388 -0.086585 -0.070546 -0.076696 0.026229 -0.088639 -0.250177 -0.059399 0.048281 0.275977 0.268857 -0.090826 -0.172837 -0.137396 -0.244748 0.117938 -0.018513 -0.036736 -0.117651 0.005343 0.003255 -0.031303 0.291650 0.067747 -0.031354 -0.073534 -0.182030 -0.240143 -0.490513 -0.364542 -0.509386 -0.262191 -0.242505 -0.213051 -0.154590 -0.109143 -0.118420 0.297842 0.152535 -0.013640 0.034480 0.015003 -0.155219
-0.434036 -0.608135 0.590639 0.076099 0.295066 0.585024 -0.079377 -0.115113 0.259224 0.256291 -0.117516 -0.267053 -0.365316 -0.383494 0.175827 -0.164099 -0.242473 -0.262535 -0.065061 -0.014419 0.238175 0.221741 0.693498 0.637979 0.569286 0.569533 0.678569 1.000000 -0.325138 -0.297490 0.366822 0.254123 -0.485078 -0.425680 -0.012446 0.338173 -0.225716 -0.071113 0.027418 0.055001 0.034914 -0.022157 0.104080 0.234065 0.295751 0.353786 0.159420 0.344354 -0.319081 -0.357137 0.370605 -0.149517 -0.274742 0.135220 -0.206161 0.060025 -0.315607 -0.194195 -0.251548 -0.406800 -0.439407 -0.228864 -0.229651 -0.217977 0.279701 -0.022240 -0.159894 0.137022 -0.104546 0.249306 -0.342036 0.081164 -0.249132 -0.154234 -0.106098 0.050305 -0.099158 -0.125581 -0.122030 -0.168188 -0.231050 -0.152322 0.028299 -0.131692 0.079921 0.198173 0.257140 -0.038187 0.297582 0.052206 -0.134877 0.006598 -0.122602 0.062848 0.092532 0.174799 0.243002 0.042791 0.018298 -0.077036 -0.488318 -0.410666 -0.490669 -0.367063 -0.336812 -0.225062 -0.333135 -0.105320 -0.225015 0.025748 0.673267 0.144397 0.046517 -0.040121 -0.045097 -0.050572
0.211809 0.098325 -0.355326 -0.367746 -0.105106 -0.590019 -0.214427 -0.283932 0.069050 -0.076844 0.348423 0.180383 0.453916 0.281186 0.352688 0.508446 0.565094 0.470876 -0.129891 -0.238782 0.223768 0.070646 -0.117461 -0.173148 -0.360497 -0.135591 0.004369 -0.325138 1.000000 0.660893 0.373223 0.315928 0.308756 0.365145 0.116721 -0.293773 0.454984 0.075550 0.039953 0.109679 0.241106 0.488574 -0.179124 -0.390830 -0.157508 -0.522506 -0.148400 -0.257844 -0.286511 0.037295 -0.558865 -0.467895 -0.041062 -0.263398 0.093861 -0.024702 0.302427 0.309408 -0.331813 -0.183540 0.299836 0.230823 0.557668 0.504451 -0.245305 -0.373374 -0.537766 -0.580928 -0.172903 -0.322577 0.252083 0.250458 0.729423 0.433731 0.493292 0.015069 0.385290 0.175683 0.563558 0.259750 0.700515 0.627961 0.349429 0.461373 0.346997 -0.263824 -0.136652 -0.129321 -0.373488 -0.428363 -0.330741 -0.539392 -0.322078 -0.433763 0.005756 0.001206 -0.130353 -0.046296 -0.182415 -0.274687 -0.068519 -0.056412 0.086638 -0.114931 -0.045423 0.046482 0.147798 -0.023070 0.341941 0.129203 -0.294810 0.151988 0.040345 -0.022500 0.002745 -0.151593
0.081719 0.282027 -0.491575 -0.128932 -0.198936 -0.658897 -0.030417 -0.127395 -0.285374 -0.145818 -0.190257 0.109796 0.121154 0.216038 -0.115485 0.359622 0.281506 0.404146 -0.089611 -0.098138 0.298795 0.149896 -0.262736 -0.227804 -0.498360 -0.334555 0.102037 -0.297490 0.660893 1.000000 0.305532 0.341960 0.394334 0.425148 -0.060168 -0.325495 0.577049 0.278353 -0.031880 0.290498 0.397196 0.609993 -0.068178 -0.262695 -0.166815 -0.510374 -0.036542 -0.162148 -0.311098 0.143625 -0.728281 -0.386116 0.154781 -0.322806 0.087443 0.124631 0.345789 0.270971 -0.163807 0.076722 0.348970 0.413860 0.794036 0.705084 -0.485193 -0.418940 -0.412936 -0.498343 0.048944 -0.480828 0.308243 0.267002 0.710926 0.213485 0.260863 0.053697 0.288383 0.195132 0.224261 0.158798 0.756987 0.691670 0.327531 0.714765 0.223399 -0.193905 -0.330956 -0.164866 -0.448741 -0.319262 -0.109646 -0.558970 -0.223311 -0.513400 0.068269 0.272123 -0.207449 0.042879 0.029684 -0.067940 0.096778 -0.178204 0.275539 -0.014032 -0.110168 -0.157961 0.239449 -0.114495 0.397737 -0.042385 -0.449092 0.175924 0.183844 0.118543 -0.036842 -0.138641
-0.287501 -0.346109 0.235662 -0.044670 0.171668 -0.089860 0.072423 -0.117038 0.198889 0.286596 0.158376 0.002658 0.116355 0.116887 0.210174 0.245191 0.005640 0.127437 -0.066109 -0.059904 0.293109 0.089692 0.480609 0.470204 0.202100 0.427594 0.512139 0.366822 0.373223 0.305532 1.000000 0.852495 -0.167152 -0.031071 0.116867 0.141621 0.103421 -0.145897 0.000285 0.022840 0.169747 0.269737 -0.144240 -0.264298 0.147372 -0.235955 -0.128411 -0.006168 -0.395124 -0.135779 -0.221911 -0.396744 -0.385186 -0.092088 -0.222699 -0.157566 -0.236300 -0.107258 -0.453513 -0.408036 -0.102268 0.066536 0.285522 0.140080 0.148256 -0.133672 -0.486234 -0.233500 -0.348532 -0.002709 0.117837 0.226634 0.314812 0.189149 0.234459 0.134193 0.128464 0.180156 0.051414 0.023910 0.142061 0.107465 0.404726 0.368912 -0.014313 -0.234439 0.091498 -0.136287 -0.137820 -0.295979 -0.230837 -0.238200 -0.196786 -0.263941 -0.026679 0.064472 0.007258 -0.064475 -0.126558 -0.239339 -0.343405 -0.543056 -0.316262 -0.289655 -0.435196 -0.325185 0.085518 -0.040287 -0.027388 -0.069025 0.218004 0.217290 0.084993 0.131466 0.055567 -0.036102
-0.212247 -0.353449 0.059297 0.049485 0.149066 -0.071448 -0.031526 0.008947 0.225322 0.436876 0.040562 -0.038174 0.194828 0.235542 0.191439 0.319315 0.112672 0.234681 -0.110157 -0.082314 0.228620 0.024357 0.247301 0.358503 0.176280 0.518706 0.380210 0.254123 0.315928 0.341960 0.852495 1.000000 -0.036619 0.166589 0.234977 0.221898 0.111051 -0.157321 -0.038304 -0.068991 0.210717 0.278569 -0.222616 -0.365770 0.013760 -0.320690 -0.156273 -0.189688 -0.470674 -0.177937 -0.339603 -0.406929 -0.392125 -0.108101 -0.314991 -0.305444 -0.177055 -0.217483 -0.365226 -0.428702 0.054197 0.136377 0.386476 0.197910 0.175462 -0.030001 -0.473028 -0.296740 -0.231672 -0.064341 0.114859 0.267463 0.234453 0.054790 0.219937 0.139853 0.240427 0.186858 0.040996 -0.026936 0.216460 0.164291 0.427713 0.465622 0.002657 -0.240363 0.041518 -0.129880 -0.214149 -0.407026 -0.306191 -0.236142 -0.044165 -0.196987 0.011244 0.021628 -0.173427 -0.081718 -0.255344 -0.332471 -0.178079 -0.567365 -0.170653 -0.227814 -0.475869 -0.290604 0.090485 0.027864 0.106403 -0.165116 0.093303 -0.007194 0.038115 0.229462 0.166507 0.013365
0.346001 0.374244 -0.461496 -0.194675 -0.295968 -0.426235 -0.120777 -0.152739 -0.274670 -0.248794 -0.003590 0.219955 0.234577 0.129618 0.012535 0.092824 0.261624 0.115357 -0.055625 -0.070870 -0.133097 -0.241469 -0.468804 -0.469038 -0.308238 -0.295920 -0.472735 -0.485078 0.308756 0.394334 -0.167152 -0.036619 1.000000 0.748941 -0.037299 -0.272649 0.484836 0.242194 -0.094304 -0.165004 0.289099 0.421528 -0.055225 -0.149770 -0.219138 -0.233940 -0.059129 -0.230417 0.091990 0.076046 -0.240119 -0.041142 0.212094 -0.318664 -0.079436 -0.064804 0.431624 0.327576 0.112578 0.125942 0.339492 0.249072 0.424088 0.417667 -0.060735 -0.033147 -0.016425 -0.321595 0.064876 -0.409528 0.100106 -0.193857 0.319059 0.146224 0.360512 -0.061731 0.183328 0.000283 0.228254 0.245619 0.482525 0.348402 0.066987 0.264489 0.230958 -0.043359 -0.000337 0.069004 -0.304846 -0.247521 -0.043877 -0.281366 -0.213497 -0.355807 0.081531 -0.211898 -0.236722 0.110819 0.091201 0.147219 0.099619 0.055140 0.340363 0.420630 0.179800 0.075617 0.252660 0.044189 0.419047 -0.123750 -0.390469 0.007081 0.129254 0.041348 -0.033859 0.027038
0.375794 0.255721 -0.486309 -0.132166 -0.112039 -0.395848 -0.149111 -0.028204 -0.180753 -0.073873 0.060601 0.171974 0.418000 0.310504 0.124295 0.310909 0.363513 0.277229 0.011116 -0.067592 0.054607 -0.144255 -0.519171 -0.523116 -0.337176 -0.280763 -0.375082 -0.425680 0.365145 0.425148 -0.031071 0.166589 0.748941 1.000000 0.183366 -0.083980 0.502618 0.138183 0.031245 -0.107950 0.352206 0.482175 -0.206252 -0.331284 -0.347857 -0.417321 -0.113061 -0.382485 -0.173131 -0.090024 -0.392951 -0.194925 0.172007 -0.363062 -0.242316 -0.177616 0.389904 0.187297 0.060130 -0.016841 0.434819 0.326403 0.513126 0.458480 -0.025301 0.042616 -0.169968 -0.483311 0.104352 -0.388592 0.201828 -0.052757 0.309571 0.079520 0.376144 -0.015415 0.283120 0.056764 0.160640 0.228669 0.549762 0.353105 0.188908 0.399358 0.200778 -0.146152 -0.055536 -0.069083 -0.291912 -0.432806 -0.221511 -0.165493 -0.011909 -0.216206 0.194750 -0.088508 -0.299962 0.201364 -0.143370 0.129432 0.198799 0.065117 0.316189 0.368303 -0.095818 -0.157243 0.146580 -0.167407 0.467904 -0.173587 -0.432802 -0.035674 0.126716 0.072476 0.044300 0.130661
0.104093 -0.026581 -0.092469 0.056082 0.125909 0.085835 -0.073085 0.093547 0.129333 0.094206 0.156889 0.131421 0.327305 0.238406 0.261233 0.272825 0.101956 0.096434 -0.239096 -0.145938 0.106523 -0.102246 -0.051176 -0.037312 -0.163393 0.151764 0.024506 -0.012446 0.116721 -0.060168 0.116867 0.234977 -0.037299 0.183366 1.000000 0.403239 0.013597 -0.019043 -0.268872 -0.257139 0.045112 0.022060 -0.158660 -0.290924 -0.165864 -0.234455 -0.053012 -0.358151 -0.095222 -0.114732 0.004976 -0.053103 -0.008005 -0.018489 -0.110901 -0.336194 0.069121 -0.044211 -0.001172 -0.139177 0.235278 0.203082 0.069720 0.106642 0.183278 0.211307 -0.146019 -0.059584 -0.204939 -0.173358 0.149744 0.118661 -0.116216 0.003623 0.076157 -0.082633 0.176096 0.195688 -0.039830 -0.073824 0.058738 -0.016979 0.057726 0.155324 -0.003797 -0.078310 -0.163589 -0.107022 -0.062947 -0.109681 -0.200852 0.099540 0.094399 -0.004097 -0.021950 -0.073578 -0.347450 -0.110344 -0.303621 -0.231941 -0.018555 -0.118097 -0.118356 -0.177668 -0.253937 -0.150687 0.047894 -0.207304 0.060053 -0.094392 -0.093691 -0.053311 0.071537 -0.012036 0.006900 0.013466
-0.255520 -0.404266 0.160515 0.033353 0.464285 0.457982 -0.048742 0.134328 0.353466 0.429644 0.018158 -0.199960 0.209090 0.188239 0.098769 0.117908 -0.130097 -0.088640 -0.113877 0.138296 0.222367 0.128776 0.152810 0.166099 0.217617 0.381287 0.275759 0.338173 -0.293773 -0.325495 0.141621 0.221898 -0.272649 -0.083980 0.403239 1.000000 -0.262212 -0.143101 0.036094 -0.120448 -0.130087 -0.320212 -0.083044 -0.115307 0.169072 0.089724 0.015545 0.006862 -0.018750 -0.004985 0.191365 0.122441 -0.251536 0.002442 -0.121395 -0.262020 -0.354138 -0.383580 -0.041505 -0.189035 -0.164742 -0.140301 -0.291390 -0.364694 0.218783 0.285424 0.115969 0.332358 -0.061233 0.354025 0.025229 0.082529 -0.259640 -0.122279 -0.046311 -0.083072 -0.086590 -0.044566 -0.295602 -0.217424 -0.365820 -0.287888 -0.043346 -0.153659 -0.122874 -0.091459 0.116069 0.002078 0.261387 -0.006189 -0.111732 0.193354 0.162645 0.173439 -0.152605 -0.084949 0.024423 -0.172185 -0.134385 -0.149004 -0.042830 -0.309257 -0.197926 -0.184329 -0.304194 -0.198415 0.000433 0.102876 -0.121658 -0.160891 0.229875 -0.233782 -0.131461 0.312168 0.265673 0.126914
