1.000000 0.329133 0.154938 0.117660 0.088558 0.091114 0.109404 0.053476 -0.132568 0.138118 -0.163831 -0.291540 -0.220608 -0.168244 -0.140686 0.200250 -0.285020 -0.325696 0.481514 0.552724 0.167755 0.176384 -0.034167 -0.180631 -0.253203 -0.244197 0.230708 0.063403 -0.348092 -0.176927 -0.052661 -0.332820 0.232235 -0.003286 -0.357997 -0.357092 -0.363278 -0.429979 -0.193765 0.097071 -0.189117 -0.262967 -0.106974 -0.436459 -0.280847 -0.457802 -0.162658 -0.139904 -0.113278 -0.262928 -0.255322 -0.131688 0.134818 0.014190 0.002688 -0.221489 0.326051 -0.005037 0.626754 0.406081 0.334057 0.356930 0.124031 0.098151 -0.262721 -0.045555 0.356340 -0.096318 0.584987 0.147025 -0.095599 -0.159991 -0.186963 -0.223474 -0.184107 -0.111361 -0.234241 -0.278765 -0.093113 -0.411952 -0.077638 -0.118514 0.140349 -0.084475 -0.408753 -0.428847 0.128201 0.016033 0.127672 0.305573 0.521053 0.441071 0.260654 0.201645 0.072572 -0.006468 -0.006681 -0.035857 0.114410 0.240042 -0.076793 0.283283 -0.051714 0.213957 0.058670 0.038148 0.108474 0.086995 0.076271 0.017502 -0.059632 -0.247935 0.253229 0.226716 -0.076467 0.199332
0.329133 1.000000 -0.131173 0.238113 -0.009869 0.172207 -0.240238 0.272842 0.124349 0.290694 -0.284429 -0.079427 -0.055014 0.285281 -0.003493 0.538087 -0.357929 -0.075917 0.263928 0.590395 0.336202 0.120060 -0.161256 -0.210256 -0.283256 -0.177116 0.209733 0.122608 -0.183675 0.061341 -0.159487 -0.358276 0.227941 0.034073 -0.278262 -0.338823 -0.020587 -0.187555 -0.107245 0.061771 0.071502 -0.105308 -0.335950 -0.306186 -0.320460 -0.386667 -0.140839 -0.202886 -0.303966 -0.127204 -0.394012 -0.077981 0.062604 0.001323 -0.001724 -0.026652 -0.036829 0.431630 0.402888 0.515457 0.125632 0.630284 -0.109185 0.262805 -0.329483 0.101850 0.284940 -0.327491 0.402159 0.308197 0.050772 0.082401 -0.097426 0.132140 0.128240 0.075257 -0.131999 -0.024631 -0.038406 -0.012816 -0.135014 0.062102 0.238275 0.118410 -0.398908 -0.388557 -0.040372 0.169308 -0.154469 0.257189 0.260965 -0.018895 0.143994 -0.321790 -0.075321 0.158567 0.107779 -0.064320 0.088300 -0.080746 -0.057940 -0.274729 0.019965 -0.264733 0.017104 -0.142117 0.098598 -0.028252 0.203646 -0.129895 -0.195531 -0.165776 0.212078 -0.140668 -0.326310 -0.181612
0.154938 -0.131173 1.000000 0.519582 0.574838 0.357640 0.499937 0.522163 0.111491 0.370504 -0.056714 -0.106014 -0.344012 -0.423187 -0.098662 -0.271695 -0.154860 -0.329388 0.391908 0.157999 0.224595 0.177185 0.541010 0.287582 0.278867 0.164291 0.266198 0.118370 -0.383275 -0.359589 0.229959 0.253388 -0.269582 -0.063646 0.030982 0.218479 -0.212984 -0.171010 0.092197 0.146295 -0.270224 -0.124455 -0.149849 -0.193753 -0.236553 -0.124720 -0.257456 -0.193965 -0.135112 -0.418598 0.078930 -0.251329 -0.060292 -0.129911 -0.161240 -0.260376 -0.196609 -0.219879 -0.041129 -0.114028 -0.053247 -0.180270 -0.252209 -0.328861 0.150553 -0.035694 -0.048461 0.153914 0.039932 0.024428 -0.079764 -0.109123 -0.282422 -0.239271 -0.191673 -0.142696 -0.391491 -0.239220 -0.379735 -0.543781 -0.431422 -0.456571 0.008347 -0.035454 0.139283 0.160531 -0.017635 0.143510 0.446716 0.268384 0.014262 0.147287 0.274157 0.442072 0.111840 -0.029927 -0.272371 -0.034095 -0.260404 -0.259427 -0.009374 0.175708 -0.160169 0.058887 -0.244684 -0.054606 -0.065130 0.096101 0.059073 0.161523 0.098513 -0.243340 -0.104475 -0.077656 -0.060051 0.074552
0.117660 0.238113 0.519582 1.000000 0.408423 0.550766 -0.104794 0.468230 0.247930 0.479561 -0.268897 -0.139373 -0.514650 -0.408721 0.184858 0.214990 -0.080263 -0.458959 0.663690 0.513950 0.434565 0.506532 0.518621 0.438695 0.195699 0.327849 0.292398 0.282178 -0.447273 -0.384705 0.203708 0.114273 -0.344191 -0.295026 -0.215383 -0.051776 -0.063749 0.018245 0.266385 0.174378 -0.169581 -0.046826 0.069021 -0.026713 -0.321074 -0.296577 0.083314 0.124210 -0.358200 -0.295493 -0.088366 -0.174395 0.162553 0.177923 -0.103420 -0.028326 0.006979 0.023645 -0.174084 -0.064172 -0.378901 -0.097634 -0.451861 -0.488854 -0.214094 -0.076563 -0.338205 -0.305803 0.353463 0.284868 -0.169506 -0.078202 -0.422511 -0.303380 -0.151102 -0.138853 -0.429637 -0.332937 -0.255841 -0.372759 -0.491449 -0.439707 0.200099 0.138184 -0.099034 -0.028941 0.057104 0.341088 0.351148 0.354627 0.253098 0.228293 0.291308 0.113913 0.119414 0.182361 0.176821 0.089307 0.110260 0.026574 -0.186840 -0.322481 -0.400749 -0.428062 -0.470602 -0.120642 -0.261564 0.044454 0.252380 0.254092 0.207685 0.047055 0.060811 -0.108073 0.007868 -0.122952
0.088558 -0.009869 0.574838 0.408423 1.000000 0.378286 0.243571 0.480201 0.651436 0.596434 -0.194743 -0.089741 -0.315921 -0.317840 0.194574 0.025947 -0.157549 -0.262618 0.194672 0.165911 0.377525 0.400395 0.262952 0.052634 0.360601 0.071957 0.516971 0.098311 -0.272502 -0.204870 0.185040 0.111695 -0.166200 -0.154974 -0.009066 0.035534 -0.258199 -0.282863 -0.100272 -0.091385 -0.209436 -0.142343 -0.076242 -0.121000 -0.007716 0.003520 -0.152221 -0.182449 -0.038800 -0.201427 0.023025 -0.078352 0.040497 -0.192689 -0.189309 -0.142861 -0.100731 -0.162099 0.106836 0.048041 -0.015684 -0.068982 -0.210248 -0.248181 0.175537 0.112054 -0.003122 0.048368 -0.057190 -0.005070 0.212218 -0.002555 -0.084215 -0.126049 0.043775 0.123370 -0.307317 -0.224429 -0.135834 -0.405994 -0.316122 -0.207882 -0.009203 0.078527 0.053141 0.093114 -0.199506 -0.113274 0.250956 0.144377 0.056763 -0.045188 -0.024287 0.099560 -0.080282 0.065253 -0.189106 -0.063776 -0.063964 -0.077872 -0.123455 0.012612 -0.048961 0.005533 -0.113052 -0.006473 -0.033778 0.021948 0.151204 -0.075730 -0.174312 -0.171167 0.015901 -0.127571 -0.098698 0.061310
0.091114 0.172207 0.357640 0.550766 0.378286 1.000000 -0.049906 0.208076 0.014813 0.331867 -0.273118 -0.202918 -0.475736 -0.320257 0.010210 0.116905 -0.273375 -0.460687 0.310270 0.174873 0.577450 0.612924 0.505274 0.485225 0.463622 0.582262 0.794679 0.813765 -0.474923 -0.421088 0.232639 0.057153 -0.334269 -0.349695 0.021782 0.086489 -0.327683 -0.044195 0.361949 0.245687 -0.165683 -0.099538 -0.180830 -0.159922 -0.298043 -0.265031 -0.236797 -0.099924 -0.024119 -0.186466 0.192091 -0.014130 -0.002783 -0.007385 0.140453 -0.052002 0.009849 -0.084647 0.051031 0.150307 -0.139710 0.113797 -0.297071 -0.261757 -0.084875 0.018192 -0.077658 -0.043528 0.105884 0.212269 0.008608 0.135938 -0.342331 -0.226803 -0.085014 -0.132479 -0.473195 -0.207581 -0.361132 -0.324112 -0.569407 -0.498593 -0.150094 -0.147928 -0.166875 -0.101087 -0.220380 0.068330 0.478265 0.567332 0.019600 -0.011862 0.214951 0.100636 0.005764 -0.163221 0.045699 -0.037291 -0.228018 -0.253878 0.159526 -0.093374 -0.134997 -0.055894 -0.186587 -0.095994 0.081676 0.035574 -0.106129 0.083749 0.029987 -0.287115 -0.253385 -0.205558 -0.227834 -0.143842
0.109404 -0.240238 0.499937 -0.104794 0.243571 -0.049906 1.000000 0.223903 -0.101774 0.055989 0.331853 0.154856 0.250281 0.017163 -0.076676 -0.301779 0.067089 0.115603 -0.071194 -0.105510 -0.083140 -0.164686 0.151874 0.003096 0.157882 -0.075282 0.089982 -0.110076 0.041621 0.057635 0.244660 0.324694 0.072799 0.361310 0.124467 0.086721 -0.231336 -0.227155 -0.289844 -0.229084 -0.148131 -0.118479 -0.354026 -0.329890 -0.204076 -0.083063 -0.560288 -0.444481 -0.039204 -0.410465 -0.057054 -0.472245 -0.357729 -0.455176 -0.375939 -0.517774 -0.061451 -0.091642 0.039882 -0.177001 0.447740 0.067579 0.203295 0.190544 0.512026 0.110982 -0.007663 0.247958 -0.156801 -0.119717 0.152882 -0.121132 0.193880 0.203860 0.155174 0.075716 -0.015006 -0.019846 -0.085985 -0.091690 -0.090735 -0.094415 -0.124444 -0.024517 0.287409 0.196193 -0.030071 0.050858 0.222296 0.016712 -0.149809 -0.093818 0.029120 0.354529 -0.185027 -0.245970 -0.555963 -0.147671 -0.505558 -0.390329 0.224150 0.518188 0.274440 0.454886 0.022746 0.042238 0.108408 0.098892 -0.230632 -0.101292 -0.123230 -0.372581 -0.329518 -0.061715 -0.094515 0.191769
0.053476 0.272842 0.522163 0.468230 0.480201 0.208076 0.223903 1.000000 0.236278 0.635502 -0.377826 0.181206 -0.237436 0.117296 -0.147971 0.194276 -0.237764 -0.157992 0.191892 0.249790 0.230949 0.171681 -0.016526 -0.161749 -0.088593 -0.170082 0.212800 -0.068286 -0.250453 0.081887 0.093728 0.078183 -0.160952 -0.064396 -0.280298 -0.190672 -0.034804 -0.138633 -0.239632 0.038434 -0.062802 0.023160 -0.202793 -0.292786 -0.292291 -0.257470 -0.168291 -0.324177 -0.240113 -0.302933 -0.221242 -0.120185 0.012293 -0.086631 -0.316157 -0.167181 -0.088241 -0.011838 0.092153 0.113357 -0.007249 0.168691 -0.227950 -0.051335 -0.070139 0.157868 0.036520 0.005949 0.136443 0.052389 0.111099 0.127206 -0.047876 -0.004791 0.050767 0.029248 -0.054251 0.022434 -0.183676 -0.246408 -0.284921 -0.213704 0.123630 0.204209 -0.103726 0.056492 -0.225697 0.187718 0.011060 0.253088 0.107150 -0.008379 0.274088 -0.027414 0.072655 0.214158 -0.214059 0.026969 -0.161263 -0.156698 0.050937 -0.044872 0.091106 -0.133515 -0.106504 -0.084195 0.026244 0.172790 0.290355 0.043836 -0.247841 -0.394164 0.026857 -0.186520 -0.159700 0.037075
-0.132568 0.124349 0.111491 0.247930 0.651436 0.014813 -0.101774 0.236278 1.000000 0.532951 -0.160852 0.015942 -0.179189 -0.082401 0.562967 0.225945 -0.098063 -0.079696 0.103918 0.189384 0.244822 0.356026 0.093649 -0.017243 0.236126 0.043370 0.193743 -0.068341 -0.026000 -0.060014 0.061132 0.057236 -0.101854 -0.099782 0.031799 -0.016485 -0.001337 -0.010840 -0.099556 -0.129597 -0.059225 -0.046292 0.110409 0.088960 0.141159 0.147731 0.080857 0.020061 -0.184518 0.004128 -0.085765 0.018913 0.015025 -0.066744 -0.241686 -0.010006 -0.202990 0.027515 -0.064652 -0.026770 -0.257588 -0.153111 -0.322206 -0.261315 0.095341 0.113484 -0.085096 -0.258094 -0.037060 0.009045 0.233641 0.017073 -0.054232 -0.121341 0.015942 0.132987 -0.147877 -0.211811 0.046602 -0.135953 -0.018349 0.162705 0.282397 0.270636 0.113229 0.133105 -0.004072 0.059636 -0.008440 -0.106786 0.054340 -0.138173 -0.206324 -0.228778 -0.151988 0.214296 0.020359 0.012509 0.130104 0.037740 -0.255280 -0.349746 -0.097522 -0.240957 -0.097793 -0.074500 -0.215428 -0.212395 0.218034 -0.106039 -0.145645 0.102507 0.138580 -0.104144 -0.067243 -0.135925
0.138118 0.290694 0.370504 0.479561 0.596434 0.331867 0.055989 0.635502 0.532951 1.000000 -0.289158 0.040957 -0.299646 0.013194 0.245703 0.419917 -0.263588 -0.355533 0.343607 0.379158 0.381052 0.397299 0.071383 -0.034361 0.086372 0.050297 0.384023 0.033110 -0.272623 -0.087277 0.152803 0.032597 -0.198431 -0.220159 -0.350250 -0.357595 -0.116493 -0.123396 -0.158770 -0.015307 -0.099876 -0.101379 0.027730 -0.178455 -0.148594 -0.329657 -0.099891 -0.123588 -0.248987 -0.180277 -0.177894 -0.036323 0.090754 -0.007102 -0.164720 -0.088653 -0.132216 -0.052404 0.042902 0.217063 -0.156370 0.114367 -0.221509 -0.167935 -0.171297 0.051827 -0.120570 -0.240206 0.137035 0.182241 0.066648 0.046733 -0.182229 -0.211087 -0.068012 -0.024555 -0.344072 -0.241955 -0.181699 -0.373455 -0.338851 -0.204346 0.247305 0.151758 -0.102562 -0.069119 -0.034950 0.200122 0.040434 0.238534 0.294922 0.136433 0.201623 -0.082399 -0.073627 0.152125 0.089035 0.055450 0.004258 0.039797 0.031122 -0.117768 0.031605 -0.147431 -0.154751 -0.234324 -0.054827 -0.157211 0.193488 0.094720 -0.022715 -0.220974 0.226692 -0.185127 -0.249522 -0.242995
-0.163831 -0.284429 -0.056714 -0.268897 -0.194743 -0.273118 0.331853 -0.377826 -0.160852 -0.289158 1.000000 0.349448 0.599439 0.083434 0.258045 -0.253389 0.382151 0.287278 -0.174958 -0.235988 -0.215147 -0.291739 0.084405 0.159724 0.063970 0.001891 -0.224945 -0.138863 0.466449 0.189338 0.264787 0.433853 0.133766 0.413779 0.304788 0.122385 0.080300 0.105597 -0.073484 -0.307182 0.053451 -0.013815 -0.066050 0.022597 0.017748 0.155974 -0.204633 -0.126482 -0.095816 -0.069060 -0.065851 -0.294834 -0.377346 -0.255121 -0.123728 -0.250572 -0.065760 -0.025971 -0.357226 -0.433203 0.149396 -0.133348 0.198334 0.036780 0.346276 -0.078933 -0.193067 0.137105 -0.300987 -0.065862 0.127422 0.064018 0.249890 0.244283 0.195749 0.061054 0.136171 0.166784 0.048124 0.183678 0.177363 0.026151 -0.032105 0.052632 0.568790 0.296035 0.271450 0.132305 0.006859 -0.271884 -0.362801 -0.213729 -0.223156 0.124243 -0.222642 -0.273038 -0.245039 -0.081234 -0.249768 -0.175408 0.091482 0.301029 0.179713 0.318528 0.139605 0.113332 0.164208 -0.007214 -0.296378 -0.054750 -0.000334 0.066137 -0.087495 0.097175 0.063614 -0.000994
-0.291540 -0.079427 -0.106014 -0.139373 -0.089741 -0.202918 0.154856 0.181206 0.015942 0.040957 0.349448 1.000000 0.443754 0.537088 0.011188 0.010715 0.183192 0.376490 -0.345136 -0.312214 -0.221865 -0.330249 -0.264966 -0.034592 0.148300 0.011059 -0.191875 -0.180225 0.381240 0.464732 0.130956 0.301639 -0.012912 0.166402 0.191386 0.076027 0.102080 0.078495 -0.159294 -0.239058 0.081640 0.155658 -0.190218 -0.039740 -0.071222 0.144447 -0.167204 -0.206959 -0.138423 -0.021921 -0.106655 -0.170120 -0.332448 -0.350804 -0.241856 -0.185001 -0.143539 -0.168019 -0.313124 -0.428522 0.100510 0.011122 0.175739 0.161529 0.272784 0.290510 -0.157489 0.130659 -0.311845 -0.128205 0.172962 0.279124 0.362197 0.198667 0.329391 0.212544 0.215320 0.295735 0.071439 0.245726 0.148016 0.000468 -0.138324 0.089249 0.341650 0.482856 0.003503 0.174559 -0.170900 -0.265263 -0.422974 -0.450885 -0.094111 -0.175951 -0.129050 -0.107354 -0.193003 -0.046747 -0.313815 -0.264778 0.202993 0.087251 0.407070 0.189538 0.190174 -0.040230 0.145919 0.265265 -0.059419 -0.022381 -0.129971 -0.123812 -0.151737 -0.109727 0.019392 -0.017678
-0.220608 -0.055014 -0.344012 -0.514650 -0.315921 -0.475736 0.250281 -0.237436 -0.179189 -0.299646 0.599439 0.443754 1.000000 0.649445 -0.003435 0.025877 0.230537 0.592190 -0.517406 -0.328177 -0.292430 -0.476201 -0.472590 -0.355138 -0.319454 -0.403306 -0.338821 -0.389475 0.667788 0.494012 -0.050095 0.130362 0.271220 0.477838 0.125098 0.068511 0.379307 0.147287 -0.204894 -0.241020 0.281584 0.228131 -0.232730 -0.081349 0.176829 0.196946 -0.180988 -0.276583 0.021999 0.110139 -0.268355 -0.154497 -0.269429 -0.191567 -0.011720 -0.225418 -0.083876 0.109754 -0.029666 -0.249512 0.324862 0.070607 0.412123 0.324356 0.261413 -0.036797 0.055277 0.032154 -0.350834 -0.229670 0.309126 0.234326 0.486402 0.435562 0.328030 0.307966 0.352535 0.371813 0.142762 0.388633 0.398854 0.331939 -0.053271 0.253180 0.308911 0.221611 0.028893 0.019942 -0.310830 -0.432718 -0.382416 -0.357189 -0.211419 -0.150197 -0.237191 -0.172792 -0.271550 -0.092980 -0.154089 -0.146906 0.182984 0.196528 0.422299 0.200167 0.166675 -0.066841 0.165969 0.017952 -0.294679 -0.156547 -0.320540 -0.079468 -0.021099 0.113088 0.140787 0.015587
-0.168244 0.285281 -0.423187 -0.408721 -0.317840 -0.320257 0.017163 0.117296 -0.082401 0.013194 0.083434 0.537088 0.649445 1.000000 -0.172962 0.328139 -0.008675 0.516462 -0.443820 -0.120323 -0.168809 -0.344475 -0.713405 -0.566432 -0.367644 -0.422911 -0.226903 -0.311436 0.528257 0.734064 -0.173612 -0.074634 0.205704 0.317645 -0.105722 -0.148513 0.403724 0.166346 -0.306073 -0.209153 0.367878 0.309426 -0.330147 -0.169765 0.078565 -0.021980 -0.120027 -0.319509 -0.037610 0.150409 -0.369417 -0.004793 -0.074144 -0.090083 -0.009329 -0.079607 -0.126834 0.112482 0.144312 0.037258 0.276636 0.345109 0.345207 0.503388 -0.029238 0.052328 0.179416 0.001308 -0.150809 -0.108690 0.357535 0.299415 0.557014 0.431180 0.374268 0.311968 0.358449 0.437357 0.149972 0.402237 0.372240 0.375553 -0.016337 0.269205 -0.016228 0.027781 -0.244821 0.022931 -0.538927 -0.276760 -0.205041 -0.380283 -0.113233 -0.426865 -0.250139 -0.060799 -0.104517 -0.124528 -0.104170 -0.158762 0.250710 -0.010807 0.522782 0.055128 0.158537 -0.199431 0.153382 -0.005470 -0.165871 -0.147273 -0.378252 -0.226486 0.041803 -0.093066 -0.066183 -0.146700
-0.140686 -0.003493 -0.098662 0.184858 0.194574 0.010210 -0.076676 -0.147971 0.562967 0.245703 0.258045 0.011188 -0.003435 -0.172962 1.000000 0.274272 -0.106658 -0.167722 0.203178 0.178069 0.236843 0.275304 0.316409 0.332747 0.209108 0.239000 0.093854 0.155690 0.071354 -0.182693 0.221891 0.181513 -0.164335 -0.145954 0.080528 -0.194656 0.028436 0.094129 0.222793 -0.102624 0.068482 -0.031214 0.177487 0.134880 -0.088426 -0.038275 0.030152 0.118328 -0.356394 -0.092479 -0.000052 -0.115531 -0.110488 0.008194 -0.207494 0.005685 -0.243654 -0.072996 -0.292625 -0.152515 -0.272356 -0.174392 -0.337757 -0.294517 0.079862 -0.014778 -0.373038 -0.419930 -0.005190 0.048320 -0.003296 -0.202725 -0.176610 -0.132418 -0.091661 0.004085 -0.123314 -0.208340 0.118631 -0.031597 -0.029047 0.101946 0.446297 0.294033 0.360439 0.193490 0.217006 0.067413 0.225128 -0.067034 -0.026694 -0.014647 -0.098297 -0.048540 -0.146997 0.002777 0.156220 0.165365 0.063843 0.100829 -0.120822 -0.309728 -0.173428 -0.178659 -0.240332 -0.165116 -0.308046 -0.429330 0.054706 -0.059158 0.088131 0.209446 0.025752 0.035611 0.051141 -0.181160
0.200250 0.538087 -0.271695 0.214990 0.025947 0.116905 -0.301779 0.194276 0.225945 0.419917 -0.253389 0.010715 0.025877 0.328139 0.274272 1.000000 -0.242192 -0.158288 0.242653 0.450816 0.288434 0.217426 -0.236502 -0.221905 -0.269804 -0.161048 0.178002 0.107006 -0.014047 0.048500 -0.207609 -0.365462 0.030968 -0.212824 -0.324210 -0.429641 0.221648 -0.012477 -0.074816 -0.053784 0.057679 -0.001539 -0.038364 -0.153464 -0.067170 -0.336385 0.026990 -0.056729 -0.202087 0.079300 -0.238454 0.099119 0.220485 0.152426 0.021598 0.084368 -0.049883 0.094479 0.218935 0.290357 -0.103610 0.340858 -0.187294 -0.006021 -0.466430 0.025557 0.038963 -0.446158 0.289836 0.195828 0.206814 0.015880 -0.083836 0.004898 0.004376 -0.022566 -0.168732 -0.110041 -0.029411 -0.060285 -0.013674 0.105675 0.198422 0.250782 -0.188536 -0.232658 -0.081928 0.155703 -0.192923 0.000747 0.317042 0.076301 0.152712 -0.312302 -0.081885 0.122637 0.210566 0.074845 0.266884 0.252493 -0.062760 -0.256442 -0.031001 -0.239308 -0.191904 -0.390092 -0.096478 -0.218735 0.089864 -0.023887 -0.206080 -0.061954 0.214516 0.002922 -0.041237 -0.076027
-0.285020 -0.357929 -0.154860 -0.080263 -0.157549 -0.273375 0.067089 -0.237764 -0.098063 -0.263588 0.382151 0.183192 0.230537 -0.008675 -0.106658 -0.242192 1.000000 0.505638 -0.235941 -0.281512 -0.295468 -0.143136 0.029481 0.021337 0.094841 0.024493 -0.286456 -0.266358 0.385662 0.292393 0.321096 0.396158 0.220919 0.312861 0.159994 0.230947 0.235538 0.214037 -0.054507 -0.039878 0.055778 0.224404 -0.020050 -0.035744 0.054078 0.020396 -0.004702 -0.026643 -0.050006 -0.080979 -0.112970 -0.329977 -0.307523 -0.247208 -0.134354 -0.191976 0.545901 0.303953 -0.397040 -0.459495 -0.101221 -0.282898 0.389688 0.067568 0.305661 -0.106995 -0.161187 0.095606 -0.085244 0.027468 0.069173 0.163855 0.346781 0.240700 0.329872 0.229760 0.229162 0.140386 0.265484 0.464191 0.408886 0.240689 -0.252157 0.088106 0.341301 0.159890 0.035469 0.082505 -0.027436 -0.220908 -0.260664 -0.220363 -0.212581 0.015648 -0.162976 -0.024405 -0.177603 -0.095517 -0.141557 -0.118624 0.022883 0.109524 0.037902 0.166783 0.053925 0.198772 0.008753 0.100144 -0.067793 0.202087 -0.024351 0.111669 -0.173154 -0.025406 0.099184 -0.051818
-0.325696 -0.075917 -0.329388 -0.458959 -0.262618 -0.460687 0.115603 -0.157992 -0.079696 -0.355533 0.287278 0.376490 0.592190 0.516462 -0.167722 -0.158288 0.505638 1.000000 -0.606447 -0.370605 -0.468999 -0.455280 -0.399509 -0.356389 -0.184797 -0.348960 -0.306624 -0.379611 0.698626 0.691215 0.079114 0.263829 0.426781 0.614734 0.197895 0.175247 0.444510 0.153369 -0.192932 -0.106500 0.380132 0.422692 -0.286364 -0.125831 0.024870 0.096340 -0.090924 -0.244363 -0.177834 -0.050114 -0.365670 -0.359763 -0.432835 -0.425262 -0.242602 -0.213963 0.237456 0.359569 -0.097646 -0.249209 0.243804 0.056675 0.513572 0.597176 0.410241 -0.055339 0.184253 0.132701 -0.302946 -0.363817 0.227486 0.247989 0.703628 0.528626 0.511080 0.610965 0.576345 0.604471 0.346815 0.617119 0.574134 0.597002 -0.090808 0.360447 0.265213 0.161134 -0.146495 -0.003295 -0.274260 -0.417066 -0.498252 -0.582789 -0.416302 -0.393598 -0.231633 -0.035211 -0.287889 -0.087348 -0.239208 -0.281560 0.006862 -0.016683 0.291751 0.115490 0.251789 0.016033 0.197053 0.128910 -0.111740 -0.081658 -0.352308 -0.072126 -0.275579 -0.100095 0.067486 -0.018383
0.481514 0.263928 0.391908 0.663690 0.194672 0.310270 -0.071194 0.191892 0.103918 0.343607 -0.174958 -0.345136 -0.517406 -0.443820 0.203178 0.242653 -0.235941 -0.606447 1.000000 0.809019 0.402755 0.443866 0.442378 0.303931 0.062972 0.170150 0.204008 0.213659 -0.447824 -0.426714 0.161544 -0.091715 -0.151125 -0.310632 -0.359929 -0.332752 -0.230910 -0.207138 0.159104 0.200949 -0.174649 -0.190534 0.197374 -0.050603 -0.249105 -0.409548 0.114711 0.258200 -0.277668 -0.243769 -0.069455 -0.035239 0.279264 0.256074 -0.096583 0.007181 -0.114714 -0.193257 0.001124 0.113782 -0.288445 -0.009129 -0.410358 -0.422372 -0.434378 -0.086638 -0.213954 -0.343828 0.590354 0.290159 -0.259242 -0.201703 -0.469713 -0.337914 -0.246081 -0.270767 -0.369502 -0.376594 -0.265540 -0.453237 -0.432988 -0.392995 0.287860 -0.017403 -0.267675 -0.274749 0.212149 0.138852 0.193704 0.230489 0.481400 0.582405 0.308092 0.191012 0.315370 0.202116 0.257237 0.210956 0.266484 0.301585 -0.354017 -0.171246 -0.467531 -0.358216 -0.469874 -0.127110 -0.353411 -0.034994 0.254368 0.373524 0.358599 0.150310 0.288587 0.190611 0.043886 0.054029
0.552724 0.590395 0.157999 0.513950 0.165911 0.174873 -0.105510 0.249790 0.189384 0.379158 -0.235988 -0.312214 -0.328177 -0.120323 0.178069 0.450816 -0.281512 -0.370605 0.809019 1.000000 0.411680 0.408165 0.087937 -0.033089 -0.162597 -0.102259 0.204684 0.065963 -0.273731 -0.116048 0.056292 -0.226463 0.103780 -0.070821 -0.468729 -0.444305 -0.098575 -0.219954 -0.019516 0.112606 -0.034860 -0.073604 0.014208 -0.213047 -0.294161 -0.501152 0.025818 0.083483 -0.409742 -0.336766 -0.420717 -0.167707 0.210183 0.159499 -0.157915 -0.054735 -0.052434 0.123843 0.226373 0.333131 -0.110226 0.276376 -0.283764 -0.087021 -0.499798 -0.115705 0.011586 -0.309691 0.653440 0.354820 -0.085642 -0.190742 -0.201493 -0.072487 -0.063883 -0.032725 -0.194845 -0.182825 -0.150623 -0.277251 -0.249863 -0.106779 0.446646 0.216100 -0.358854 -0.409365 0.169186 0.190925 -0.040523 0.149886 0.561613 0.431464 0.262210 -0.042547 0.166715 0.294968 0.207373 0.192366 0.266859 0.217843 -0.352189 -0.175425 -0.239142 -0.308423 -0.264538 -0.179174 -0.250675 -0.076117 0.242104 0.267075 0.171466 0.075112 0.334177 0.190435 -0.056673 -0.034055
0.167755 0.336202 0.224595 0.434565 0.377525 0.577450 -0.083140 0.230949 0.244822 0.381052 -0.215147 -0.221865 -0.292430 -0.168809 0.236843 0.288434 -0.295468 -0.468999 0.402755 0.411680 1.000000 0.636686 0.322486 0.213407 0.267997 0.291316 0.654250 0.512306 -0.324148 -0.270784 0.321177 0.058326 -0.065691 -0.230125 -0.163059 -0.151784 -0.210164 -0.171816 0.278949 0.171946 -0.021961 -0.026983 -0.208042 -0.237740 -0.204479 -0.239269 -0.206213 -0.162632 -0.156735 -0.225360 -0.004070 -0.018023 0.014186 0.059313 0.066672 -0.093654 -0.156065 -0.039937 0.134488 0.211829 -0.118100 0.106517 -0.300482 -0.286685 -0.201596 0.031936 0.046275 -0.144795 0.256485 0.343407 0.205838 0.343250 -0.269821 -0.020537 0.149394 0.103032 -0.326155 -0.175781 -0.060621 -0.152333 -0.342038 -0.180783 0.018821 0.048716 -0.179602 -0.113326 -0.098082 -0.072915 0.199463 0.227827 0.061151 0.027880 0.163694 -0.006102 0.007808 0.006916 0.044549 0.028052 -0.057185 -0.140645 -0.023411 -0.088821 -0.177891 -0.127444 -0.206359 -0.123102 -0.133176 -0.124810 0.054174 0.041974 -0.099875 -0.232903 -0.004261 -0.102469 -0.214429 -0.067397
0.176384 0.120060 0.177185 0.506532 0.400395 0.612924 -0.164686 0.171681 0.356026 0.397299 -0.291739 -0.330249 -0.476201 -0.344475 0.275304 0.217426 -0.143136 -0.455280 0.443866 0.408165 0.636686 1.000000 0.357200 0.302986 0.301344 0.380590 0.666287 0.517700 -0.311305 -0.360815 0.313618 0.150321 -0.121394 -0.282151 -0.081558 -0.164141 -0.206715 -0.120084 0.282589 0.186275 -0.182029 -0.065668 0.063674 -0.121448 -0.120348 -0.245022 -0.066421 -0.011101 -0.201043 -0.200353 -0.015260 -0.008237 0.041473 0.036601 -0.007013 -0.008810 0.045715 0.055063 0.070656 0.169622 -0.361049 -0.114441 -0.348819 -0.415717 -0.229120 -0.135682 -0.002085 -0.154706 0.369014 0.378780 0.170961 0.130388 -0.278339 -0.237055 -0.056309 -0.012438 -0.284188 -0.299135 -0.099416 -0.304888 -0.263967 -0.148140 0.123171 0.217125 -0.161816 -0.114089 -0.062104 0.185636 0.233358 0.270160 0.248290 0.050651 0.003516 -0.156437 0.114980 0.216814 0.127818 0.316538 0.089164 0.051718 -0.278819 -0.266935 -0.357937 -0.225789 -0.245377 -0.146410 -0.266133 -0.235197 0.109471 0.297313 0.011880 -0.167159 -0.023050 0.047821 -0.113423 -0.113871
-0.034167 -0.161256 0.541010 0.518621 0.262952 0.505274 0.151874 -0.016526 0.093649 0.071383 0.084405 -0.264966 -0.472590 -0.713405 0.316409 -0.236502 0.029481 -0.399509 0.442378 0.087937 0.322486 0.357200 1.000000 0.852575 0.584984 0.687344 0.309276 0.570756 -0.376524 -0.615319 0.454693 0.364542 -0.215529 -0.134077 0.280676 0.271938 -0.285479 -0.095526 0.424427 0.231398 -0.317430 -0.199490 -0.032503 -0.027305 -0.311454 -0.099588 -0.199788 0.047387 -0.211863 -0.356682 0.347197 -0.255697 -0.221095 -0.094671 -0.140594 -0.152855 -0.067345 -0.104375 -0.368055 -0.310006 -0.238222 -0.247528 -0.344536 -0.412907 0.242955 0.088208 -0.342267 -0.127715 0.073276 0.179457 -0.309950 -0.178324 -0.474217 -0.270220 -0.162233 -0.183557 -0.387711 -0.347184 -0.133685 -0.212281 -0.424963 -0.360529 -0.039392 -0.224240 0.144047 0.040305 0.059379 0.047767 0.651489 0.311996 -0.120195 0.071642 0.061946 0.381459 0.098813 -0.110069 -0.075330 0.036877 -0.289766 -0.257017 -0.088109 -0.080430 -0.462670 -0.102401 -0.334298 0.066544 -0.174263 -0.048065 -0.001295 0.196885 0.310851 -0.003436 -0.334297 -0.201170 -0.091028 -0.035126
-0.180631 -0.210256 0.287582 0.438695 0.052634 0.485225 0.003096 -0.161749 -0.017243 -0.034361 0.159724 -0.034592 -0.355138 -0.566432 0.332747 -0.221905 0.021337 -0.356389 0.303931 -0.033089 0.213407 0.302986 0.852575 1.000000 0.692526 0.842534 0.223506 0.613060 -0.278259 -0.506529 0.375010 0.379329 -0.269799 -0.204275 0.319123 0.260967 -0.202417 0.010899 0.512385 0.138483 -0.249009 -0.139907 0.063688 0.141224 -0.243680 -0.025175 -0.159867 0.151037 -0.146735 -0.245923 0.424877 -0.169320 -0.221874 -0.108259 -0.073053 -0.081300 -0.101916 -0.172727 -0.462238 -0.393938 -0.277847 -0.281754 -0.309406 -0.412186 0.189876 0.131770 -0.436479 -0.058548 -0.075912 0.160717 -0.330262 -0.126168 -0.416989 -0.224176 -0.165608 -0.219905 -0.353969 -0.292901 -0.105648 -0.127269 -0.380347 -0.358125 -0.091171 -0.259061 0.172629 0.198940 0.125260 0.131497 0.566967 0.233433 -0.234539 -0.029198 -0.016604 0.276806 0.109959 -0.087685 0.029890 0.063212 -0.317709 -0.243158 -0.014988 -0.109364 -0.353487 -0.104742 -0.248678 0.109861 -0.116842 -0.031077 -0.045060 0.141328 0.410272 0.083342 -0.356087 -0.191225 -0.030468 -0.119390
-0.253203 -0.283256 0.278867 0.195699 0.360601 0.463622 0.157882 -0.088593 0.236126 0.086372 0.063970 0.148300 -0.319454 -0.367644 0.209108 -0.269804 0.094841 -0.184797 0.062972 -0.162597 0.267997 0.301344 0.584984 0.692526 1.000000 0.827624 0.391853 0.549005 -0.171755 -0.310010 0.345904 0.312866 -0.300247 -0.246484 0.368024 0.314673 -0.300098 -0.056288 0.286911 -0.030008 -0.222002 -0.092690 -0.057860 0.048420 -0.028354 0.104245 -0.255758 -0.025029 0.054356 -0.233626 0.532623 -0.112795 -0.263769 -0.368742 -0.105199 -0.171285 -0.147499 -0.300020 -0.385761 -0.354512 -0.176021 -0.305448 -0.126904 -0.253009 0.299258 0.159289 -0.242430 0.237490 -0.195120 0.094504 -0.036141 0.025696 -0.071432 -0.160012 0.069857 -0.032002 -0.352701 -0.224476 0.021123 -0.071858 -0.247495 -0.240942 -0.272007 -0.309797 0.287177 0.378130 -0.063038 -0.032551 0.373359 0.043888 -0.312252 -0.215455 -0.128199 0.252363 -0.090534 -0.175115 -0.103714 -0.083429 -0.458573 -0.423089 0.049391 0.093448 -0.067912 0.138683 -0.079148 0.151951 -0.040372 0.088882 -0.118398 0.026481 0.265708 -0.026853 -0.410923 -0.225362 -0.141383 -0.110777
-0.244197 -0.177116 0.164291 0.327849 0.071957 0.582262 -0.075282 -0.170082 0.043370 0.050297 0.001891 0.011059 -0.403306 -0.422911 0.239000 -0.161048 0.024493 -0.348960 0.170150 -0.102259 0.291316 0.380590 0.687344 0.842534 0.827624 1.000000 0.327296 0.687516 -0.246533 -0.414659 0.349090 0.303101 -0.333385 -0.288400 0.302446 0.262055 -0.245805 0.113729 0.414719 0.090749 -0.168081 -0.136262 0.026204 0.133230 -0.113802 0.020705 -0.181296 0.118860 0.011112 -0.156627 0.535254 -0.012961 -0.215074 -0.169195 -0.022091 -0.029826 -0.106484 -0.256321 -0.444651 -0.304923 -0.283484 -0.262128 -0.220357 -0.333500 0.116913 0.128016 -0.349584 0.065073 -0.081149 0.201022 -0.248874 -0.017728 -0.259312 -0.250869 -0.103710 -0.163820 -0.391927 -0.251587 0.017448 -0.074167 -0.271005 -0.270354 -0.228814 -0.325028 0.132633 0.248162 -0.016971 0.072692 0.387405 0.243145 -0.228119 -0.115463 -0.050144 0.185095 -0.044412 -0.129939 0.123108 0.000750 -0.341380 -0.302682 0.084783 -0.070681 -0.192905 -0.007668 -0.209881 0.086589 -0.074060 -0.052149 -0.125462 0.063247 0.360896 0.046488 -0.391624 -0.247427 -0.172313 -0.254307
0.230708 0.209733 0.266198 0.292398 0.516971 0.794679 0.089982 0.212800 0.193743 0.384023 -0.224945 -0.191875 -0.338821 -0.226903 0.093854 0.178002 -0.286456 -0.306624 0.204008 0.204684 0.654250 0.666287 0.309276 0.223506 0.391853 0.327296 1.000000 0.727917 -0.322103 -0.281796 0.272794 0.083182 -0.058423 -0.183839 0.014207 -0.081731 -0.350094 -0.270109 0.193667 0.143721 -0.132310 -0.093375 -0.262645 -0.275698 -0.217086 -0.244178 -0.321279 -0.248543 -0.081721 -0.205728 0.040244 -0.090173 -0.119764 -0.197375 0.016572 -0.136077 0.003370 -0.018383 0.224925 0.230165 0.000365 0.181477 -0.235466 -0.121621 0.011776 0.021018 0.155173 0.010020 0.092664 0.146606 0.231187 0.244018 -0.153536 -0.081217 0.092661 0.073936 -0.366187 -0.214757 -0.252935 -0.287372 -0.422803 -0.267844 -0.035850 0.055600 -0.102560 -0.096406 -0.124518 0.058833 0.337778 0.327923 -0.041894 -0.155422 0.016030 -0.087836 -0.028807 -0.117775 -0.089627 0.034980 -0.234990 -0.217305 0.028708 -0.037461 -0.094359 0.057163 0.009285 -0.159339 0.095234 -0.046037 -0.069619 -0.021863 -0.193902 -0.430932 -0.203528 -0.105972 -0.248319 0.020867
0.063403 0.122608 0.118370 0.282178 0.098311 0.813765 -0.110076 -0.068286 -0.068341 0.033110 -0.138863 -0.180225 -0.389475 -0.311436 0.155690 0.107006 -0.266358 -0.379611 0.213659 0.065963 0.512306 0.517700 0.570756 0.613060 0.549005 0.687516 0.727917 1.000000 -0.335173 -0.423721 0.230659 0.067582 -0.169369 -0.275499 0.217023 0.069445 -0.280128 -0.071582 0.445515 0.247913 -0.091361 -0.098184 -0.191437 -0.151768 -0.329025 -0.229247 -0.278261 -0.102605 -0.068927 -0.189849 0.345274 -0.039066 -0.138110 -0.071151 0.075758 -0.067915 -0.050487 -0.096453 -0.008876 0.057619 -0.128133 0.037772 -0.280160 -0.190091 -0.043470 -0.019289 0.016563 -0.006194 0.132701 0.218038 -0.100780 0.074099 -0.302622 -0.150299 -0.042998 -0.114903 -0.400103 -0.258596 -0.175458 -0.131660 -0.368640 -0.299593 -0.091404 -0.158550 -0.046079 -0.021868 -0.087742 0.050520 0.442520 0.370699 -0.154149 -0.126289 0.045240 0.043630 0.054834 -0.165324 0.001237 0.043408 -0.320615 -0.307775 0.091330 -0.100468 -0.224044 -0.005758 -0.108151 -0.110271 0.043357 -0.048704 -0.112777 0.007465 0.024361 -0.252943 -0.371594 -0.135375 -0.173404 -0.047757
-0.348092 -0.183675 -0.383275 -0.447273 -0.272502 -0.474923 0.041621 -0.250453 -0.026000 -0.272623 0.466449 0.381240 0.667788 0.528257 0.071354 -0.014047 0.385662 0.698626 -0.447824 -0.273731 -0.324148 -0.311305 -0.376524 -0.278259 -0.171755 -0.246533 -0.322103 -0.335173 1.000000 0.728756 0.103177 0.291001 0.362144 0.580750 0.385694 0.158547 0.514744 0.282804 -0.179733 -0.241996 0.521694 0.513878 -0.146343 0.027128 0.154252 0.227145 -0.051336 -0.187467 -0.299518 0.000361 -0.307702 -0.233310 -0.362339 -0.289470 -0.253945 -0.139088 -0.055583 0.055180 -0.337707 -0.365602 0.104423 -0.133333 0.396204 0.373878 0.236724 -0.194491 0.058158 0.147920 -0.314894 -0.160009 0.337404 0.224885 0.766794 0.521980 0.481181 0.557764 0.622371 0.631833 0.527706 0.525556 0.668150 0.680098 -0.047071 0.451408 0.374261 0.252002 -0.161171 -0.061405 -0.495161 -0.608547 -0.481863 -0.542928 -0.465967 -0.404104 -0.102209 0.056216 -0.252595 0.119908 -0.173376 -0.119573 -0.110251 -0.101770 0.227918 0.074837 0.050064 -0.189378 -0.027408 -0.100719 -0.111830 -0.049294 -0.324193 0.050731 -0.082556 0.041831 0.166383 0.001387
-0.176927 0.061341 -0.359589 -0.384705 -0.204870 -0.421088 0.057635 0.081887 -0.060014 -0.087277 0.189338 0.464732 0.494012 0.734064 -0.182693 0.048500 0.292393 0.691215 -0.426714 -0.116048 -0.270784 -0.360815 -0.615319 -0.506529 -0.310010 -0.414659 -0.281796 -0.423721 0.728756 1.000000 0.090280 0.198360 0.390229 0.555363 -0.026028 -0.120168 0.446744 0.175459 -0.365173 -0.256955 0.551244 0.502221 -0.256573 -0.114998 0.014160 0.000563 -0.057470 -0.252932 -0.233743 -0.029965 -0.472729 -0.237139 -0.257202 -0.303177 -0.251902 -0.075528 0.084312 0.142863 -0.033004 -0.152815 0.249481 0.150237 0.478732 0.578006 0.104606 -0.060958 0.148052 0.194543 -0.167249 -0.167574 0.289660 0.267055 0.807741 0.651443 0.583181 0.609640 0.603408 0.646754 0.381964 0.532799 0.588856 0.598367 -0.055975 0.436108 0.083719 0.129182 -0.285655 -0.060805 -0.523401 -0.322953 -0.307077 -0.482275 -0.375165 -0.491049 -0.259644 0.094952 -0.152037 -0.081932 -0.125152 -0.103189 0.010067 -0.046642 0.395837 0.096448 0.162381 -0.112745 0.118875 0.005276 -0.077723 -0.121964 -0.407153 -0.063893 -0.002098 -0.036242 -0.011949 -0.085108
-0.052661 -0.159487 0.229959 0.203708 0.185040 0.232639 0.244660 0.093728 0.061132 0.152803 0.264787 0.130956 -0.050095 -0.173612 0.221891 -0.207609 0.321096 0.079114 0.161544 0.056292 0.321177 0.313618 0.454693 0.375010 0.345904 0.349090 0.272794 0.230659 0.103177 0.090280 1.000000 0.764309 0.228353 0.332087 0.124529 0.012018 -0.205832 -0.229257 0.023420 0.082692 -0.060484 0.039950 -0.260381 -0.264307 -0.340172 -0.149699 -0.393321 -0.254934 -0.418548 -0.449724 -0.148802 -0.507500 -0.644252 -0.437879 -0.366123 -0.300732 0.141437 -0.021925 -0.303619 -0.355244 0.050638 -0.023234 0.147432 0.038548 0.446276 0.158202 -0.221934 0.005792 -0.000684 0.166081 -0.034719 0.220443 0.138052 0.226441 0.387156 0.346817 0.004915 0.090861 0.186445 0.163304 -0.070965 -0.002243 -0.115787 0.119856 0.154667 0.052404 0.007026 0.021244 0.252645 0.077291 -0.318710 -0.290219 -0.228667 -0.021324 -0.128995 0.047106 -0.218728 0.080204 -0.429009 -0.266834 -0.018290 0.061994 -0.056061 0.130250 -0.047697 0.035354 0.050261 0.007904 0.131553 0.168270 -0.091697 -0.207560 -0.322910 -0.250927 -0.306651 -0.090683
-0.332820 -0.358276 0.253388 0.114273 0.111695 0.057153 0.324694 0.078183 0.057236 0.032597 0.433853 0.301639 0.130362 -0.074634 0.181513 -0.365462 0.396158 0.263829 -0.091715 -0.226463 0.058326 0.150321 0.364542 0.379329 0.312866 0.303101 0.083182 0.067582 0.291001 0.198360 0.764309 1.000000 0.092776 0.430335 0.284914 0.227706 0.037045 -0.003454 0.087322 -0.042840 0.058577 0.100220 -0.156417 -0.056174 -0.136266 0.107387 -0.313918 -0.233830 -0.357303 -0.317484 -0.160172 -0.490205 -0.625788 -0.408949 -0.407995 -0.302035 -0.000083 0.041297 -0.484996 -0.497038 -0.031939 -0.201281 0.045766 -0.039886 0.546696 0.100634 -0.304105 0.162138 -0.329707 0.012255 0.038542 0.245764 0.203436 0.251786 0.324190 0.291675 0.103109 0.178886 0.141257 0.149689 -0.027436 0.005616 -0.071208 0.270808 0.344589 0.279071 0.058708 0.265451 0.153095 -0.114823 -0.442981 -0.448419 -0.306280 -0.074676 -0.084985 0.043748 -0.246526 0.021180 -0.431654 -0.385912 0.020521 0.061205 0.019962 0.123398 0.032644 0.036645 0.129438 0.020929 0.085088 0.055546 -0.056390 -0.150163 -0.365946 -0.305011 -0.201056 -0.014025
0.232235 0.227941 -0.269582 -0.344191 -0.166200 -0.334269 0.072799 -0.160952 -0.101854 -0.198431 0.133766 -0.012912 0.271220 0.205704 -0.164335 0.030968 0.220919 0.426781 -0.151125 0.103780 -0.065691 -0.121394 -0.215529 -0.269799 -0.300247 -0.333385 -0.058423 -0.169369 0.362144 0.390229 0.228353 0.092776 1.000000 0.693000 0.156589 -0.121123 -0.013525 -0.297768 -0.340385 -0.098111 0.085391 0.009903 -0.373262 -0.330079 -0.291453 -0.155402 -0.286324 -0.324899 -0.333971 -0.238604 -0.435064 -0.377585 -0.359327 -0.305208 -0.274427 -0.262081 0.364593 0.382856 0.259672 0.073267 0.429061 0.270479 0.446279 0.484846 0.192030 0.018769 0.474740 0.150728 0.219105 0.128209 0.102802 0.078579 0.384182 0.489720 0.452795 0.455011 0.374829 0.281190 0.385113 0.366795 0.420276 0.546828 -0.093593 0.196624 -0.106436 -0.208172 0.015561 -0.133812 -0.279447 -0.206258 -0.210728 -0.344062 -0.361402 -0.320762 -0.047587 0.234335 -0.282216 0.099893 -0.170644 -0.105265 -0.154658 0.112822 0.102707 0.167758 0.283575 0.071429 0.177663 0.008822 0.162056 -0.116830 -0.315192 -0.166989 -0.099442 0.009395 -0.042688 0.077780
-0.003286 0.034073 -0.063646 -0.295026 -0.154974 -0.349695 0.361310 -0.064396 -0.099782 -0.220159 0.413779 0.166402 0.477838 0.317645 -0.145954 -0.212824 0.312861 0.614734 -0.310632 -0.070821 -0.230125 -0.282151 -0.134077 -0.204275 -0.246484 -0.288400 -0.183839 -0.275499 0.580750 0.555363 0.332087 0.430335 0.693000 1.000000 0.273104 0.179842 0.119824 -0.077566 -0.373151 -0.176937 0.173500 0.181262 -0.428640 -0.286931 -0.246454 -0.013597 -0.363050 -0.409504 -0.438198 -0.337742 -0.545872 -0.613794 -0.566667 -0.434065 -0.424055 -0.431252 0.224714 0.402490 -0.007156 -0.189782 0.479841 0.223691 0.421080 0.548500 0.490688 0.007264 0.242769 0.242052 -0.082871 -0.051378 0.150691 0.098404 0.548044 0.580008 0.483905 0.479975 0.445348 0.472845 0.333442 0.437492 0.361893 0.470999 0.006843 0.287966 0.120699 -0.056633 -0.005301 0.060292 -0.271229 -0.271010 -0.348837 -0.468787 -0.365265 -0.221074 -0.174995 0.067974 -0.440569 -0.028112 -0.403072 -0.383044 -0.025390 0.178895 0.258558 0.266900 0.293966 0.040443 0.246635 0.073203 -0.027339 -0.098684 -0.333253 -0.219506 -0.295952 -0.166883 -0.134063 0.013394
-0.357997 -0.278262 0.030982 -0.215383 -0.009066 0.021782 0.124467 -0.280298 0.031799 -0.350250 0.304788 0.191386 0.125098 -0.105722 0.080528 -0.324210 0.159994 0.197895 -0.359929 -0.468729 -0.163059 -0.081558 0.280676 0.319123 0.368024 0.302446 0.014207 0.217023 0.385694 -0.026028 0.124529 0.284914 0.156589 0.273104 1.000000 0.627258 -0.041786 0.051262 0.105766 -0.146505 -0.064097 0.030397 -0.274648 0.028577 -0.061247 0.408503 -0.300077 -0.224807 -0.175405 -0.159376 0.204654 -0.207477 -0.404338 -0.322156 -0.169705 -0.240673 -0.111920 -0.059049 -0.338173 -0.318877 0.074500 -0.224019 0.048461 0.055636 0.499427 0.059304 0.149379 0.354356 -0.319659 0.044218 0.221041 -0.046941 0.216258 0.081145 0.087038 0.037018 0.162138 0.228054 0.299758 0.148184 0.244590 0.219842 -0.257594 -0.034660 0.509449 0.400866 -0.124923 -0.134106 0.106926 -0.210837 -0.592353 -0.571430 -0.319463 0.013393 0.029282 -0.102940 -0.414678 0.010341 -0.497151 -0.434495 0.052406 -0.015212 0.033574 0.225040 0.041693 -0.025875 0.016805 -0.036561 -0.053454 -0.178526 -0.091722 -0.067247 -0.442078 -0.192530 0.044737 0.103007
-0.357092 -0.338823 0.218479 -0.051776 0.035534 0.086489 0.086721 -0.190672 -0.016485 -0.357595 0.122385 0.076027 0.068511 -0.148513 -0.194656 -0.429641 0.230947 0.175247 -0.332752 -0.444305 -0.151784 -0.164141 0.271938 0.260967 0.314673 0.262055 -0.081731 0.069445 0.158547 -0.120168 0.012018 0.227706 -0.121123 0.179842 0.627258 1.000000 -0.002005 0.222073 0.193501 0.065099 -0.086007 0.097412 -0.172370 0.127622 0.192006 0.533011 -0.151889 -0.066964 0.117219 0.011763 0.180656 -0.066474 -0.267889 -0.166093 0.077293 -0.103699 -0.036990 -0.049445 -0.277794 -0.305778 -0.013937 -0.234078 -0.039430 -0.084602 0.457108 0.176894 0.018520 0.368480 -0.421823 -0.125512 0.057833 0.053444 0.042409 0.048371 0.026243 -0.041581 0.003757 0.150576 0.037350 0.129925 0.008850 -0.052064 -0.340722 -0.226402 0.277360 0.210411 -0.131881 -0.079967 0.171407 -0.092527 -0.406653 -0.351107 -0.062021 0.245884 -0.026000 -0.237270 -0.314600 -0.290477 -0.363763 -0.465873 0.260792 0.114326 0.117369 0.171659 0.066027 0.176132 0.148413 0.165792 -0.152151 -0.066139 0.011567 -0.026450 -0.429575 -0.292430 -0.041395 -0.077978
