1.000000 0.428207 -0.277618 -0.204636 -0.358189 -0.139841 -0.060935 -0.318905 -0.041896 -0.083197 0.143417 0.294484 0.151466 -0.012182 0.116833 0.172080 0.345558 0.233842 0.159109 0.096280 -0.111825 -0.094683 -0.152990 -0.207879 -0.526335 -0.378836 -0.323354 -0.315642 0.127415 0.129472 -0.334381 -0.414482 0.167811 -0.206252 -0.299767 -0.325683 -0.027848 -0.276161 -0.069390 -0.093802 -0.150111 -0.038462 -0.189285 -0.264041 -0.108190 -0.294753 -0.029770 -0.196826 0.220593 0.145087 0.072176 0.297637 0.293560 0.115852 -0.103963 -0.018852 0.313255 0.209675 0.238747 0.243840 0.259252 0.111427 0.322498 0.416873 -0.192023 -0.331440 -0.010086 -0.285424 0.154729 0.039073 -0.088804 -0.131045 0.158401 0.011182 0.127707 0.056860 0.089958 -0.240229 0.105176 0.059089 0.311546 0.180903 -0.010596 0.194899 0.069491 0.087879 0.115723 -0.060485 -0.267991 0.069547 -0.051982 0.107935 -0.284334 -0.144258 -0.181796 0.071854 -0.300358 -0.028188 0.242974 0.186795 -0.037732 -0.047100 -0.256610 0.177497 0.045101 -0.060504 -0.038724 0.050818 0.067500 0.122543 -0.290560 0.040340 0.090702 -0.162447 0.068755 0.174762
0.428207 1.000000 -0.420435 -0.127222 -0.208160 -0.141292 -0.404762 -0.300240 0.084909 0.007515 0.238997 0.481956 -0.020276 0.120697 0.269920 0.403065 0.312107 0.477004 -0.083426 0.303803 -0.096781 -0.163166 -0.182466 -0.179311 -0.445525 -0.456522 -0.120487 -0.191560 0.039327 0.255208 -0.514406 -0.383864 0.274112 -0.437774 -0.235400 -0.492015 0.151518 -0.008269 -0.135431 -0.190948 -0.042566 -0.130701 -0.131322 -0.272231 -0.224307 -0.487104 0.006494 -0.122471 0.269872 -0.052631 0.151846 0.366738 0.433098 0.299924 -0.115354 0.122934 0.411691 0.547659 -0.172692 0.039041 -0.058822 0.201390 0.225053 0.465240 -0.086691 -0.183372 -0.549856 -0.510337 0.313452 0.354133 0.015276 -0.138330 0.145010 0.123469 0.189547 -0.023543 0.262854 -0.041121 0.227550 0.236195 0.329464 0.189849 -0.074283 0.197069 0.149124 0.000705 -0.049016 -0.101103 -0.163873 0.137459 0.038515 -0.010518 0.046522 -0.096715 0.001171 0.023728 -0.148764 -0.021496 0.343401 0.068672 -0.043982 -0.107015 -0.064416 -0.078184 -0.079868 -0.230859 -0.139785 -0.039653 0.159806 0.230474 -0.198266 0.283011 0.236685 0.161177 -0.003252 -0.070371
-0.277618 -0.420435 1.000000 0.453750 0.371605 0.213965 0.565549 0.243784 0.173269 -0.306862 -0.262757 -0.548186 -0.111238 -0.351373 -0.166970 -0.353985 -0.397293 -0.390704 0.212454 -0.122415 0.024285 0.085089 0.573798 0.500526 0.424379 0.321651 0.410014 0.396263 -0.177153 -0.462205 0.436951 0.355502 -0.169982 0.020647 0.448040 0.209381 -0.222054 -0.058765 0.270157 0.294453 -0.060279 0.017370 -0.340517 -0.124321 -0.221961 0.289748 -0.502595 -0.355538 -0.615960 -0.548194 0.114730 -0.433501 -0.391386 -0.310973 0.291791 -0.261927 -0.299078 -0.294568 0.201653 -0.233124 -0.040667 -0.315529 -0.470106 -0.386510 0.530204 0.221341 0.184682 0.619505 -0.105369 0.001776 0.023227 0.045369 -0.273947 -0.272429 -0.370296 -0.056405 -0.328639 -0.008890 -0.136164 -0.141021 -0.488428 -0.269681 -0.019619 -0.016278 0.059050 0.087128 0.017309 0.385340 0.481795 0.024830 -0.192581 0.319206 -0.080470 0.376921 -0.036195 -0.071033 -0.015386 0.189946 -0.604202 -0.025075 0.039956 0.120451 -0.193861 0.160377 0.040129 0.176830 0.244830 0.159134 -0.158426 -0.277173 0.272808 -0.397118 -0.290221 -0.065924 -0.299272 0.132579
-0.204636 -0.127222 0.453750 1.000000 0.084758 0.032806 0.281659 0.075942 0.086298 -0.274240 0.143430 -0.188098 -0.015029 -0.164559 0.258978 -0.057465 -0.313531 -0.209894 0.232260 0.117246 0.277240 -0.006580 0.487086 0.510110 0.042274 -0.058076 0.209239 0.030554 -0.059827 -0.335229 0.070234 0.277441 -0.194182 -0.104968 0.102430 -0.125950 -0.137308 -0.200631 0.063181 -0.026547 -0.098239 -0.181311 -0.356150 -0.201260 -0.353569 -0.019082 -0.362978 -0.252487 -0.367248 -0.378597 -0.016503 -0.215186 -0.119252 0.069809 0.123706 -0.291584 -0.232355 -0.167879 -0.109990 -0.204861 -0.074288 -0.191323 -0.283142 -0.378753 0.685737 0.217272 -0.190466 0.206390 -0.003842 0.093669 0.069787 -0.077401 -0.221923 -0.182021 -0.022255 -0.210537 -0.166849 0.009223 -0.143776 -0.193395 -0.408514 -0.309871 0.403241 0.155424 0.410163 0.233718 0.269993 0.423211 0.445263 0.319637 0.164426 0.348756 0.306240 0.254785 -0.169652 0.018082 -0.000081 0.082864 -0.201399 -0.105682 0.046052 -0.030061 -0.135630 0.164497 -0.061702 0.085498 0.036923 0.058304 0.121559 -0.289862 -0.037007 -0.293185 -0.123663 0.031647 -0.127225 0.095395
-0.358189 -0.208160 0.371605 0.084758 1.000000 0.572869 0.043297 0.375198 0.306266 0.458067 -0.240419 -0.234867 -0.234907 -0.075149 -0.254555 -0.265545 -0.203159 -0.115382 -0.094249 -0.190806 0.063714 0.220063 0.191955 0.142226 0.532538 0.413298 0.410718 0.385765 -0.112211 -0.136383 0.391535 0.400026 -0.208996 0.103109 0.197547 0.176904 -0.276192 -0.101499 -0.087227 -0.150369 -0.090632 -0.171913 -0.108159 0.011261 -0.082221 0.256062 -0.182636 0.020803 -0.234965 -0.213067 -0.299615 -0.073335 -0.061268 0.095420 -0.196697 -0.276756 -0.126310 -0.234050 0.085575 0.153819 -0.086910 0.278384 -0.214288 -0.125588 0.156632 0.197467 0.080970 0.149457 -0.042594 -0.037282 0.196507 0.318335 0.001889 -0.023223 -0.076417 0.080702 -0.102716 0.327696 -0.114759 -0.114298 -0.276862 -0.213966 -0.167816 -0.263873 -0.419670 -0.414301 -0.113035 -0.207848 -0.031223 -0.159535 0.103767 0.213581 0.127681 0.159081 0.120340 0.058286 -0.278084 -0.021397 -0.163596 0.144662 0.224034 0.248377 0.092428 -0.081059 0.128219 0.116491 -0.087539 -0.097940 -0.307595 -0.214587 0.158005 0.028060 0.028394 0.269291 0.008657 -0.070817
-0.139841 -0.141292 0.213965 0.032806 0.572869 1.000000 0.045529 0.498105 0.201699 0.351252 -0.045701 -0.047796 0.000795 0.216435 -0.030839 0.025799 -0.216096 -0.269603 -0.256961 -0.274414 0.044872 0.322970 0.089276 0.085644 0.340441 0.387384 0.458272 0.413345 -0.323571 -0.187032 0.025295 0.066298 -0.232121 0.051812 0.214539 0.293849 -0.325742 0.027391 -0.140526 -0.030805 -0.119298 -0.194406 -0.188004 -0.162066 -0.232781 0.084258 -0.224912 -0.038452 -0.151738 -0.231876 -0.228364 -0.060840 -0.046422 0.077016 -0.011133 -0.259120 -0.072251 -0.321905 0.331377 0.288482 0.172716 0.409952 -0.230592 -0.156588 0.081260 0.382967 -0.004832 0.196475 0.073843 -0.034153 -0.123099 0.191869 -0.260000 -0.091550 -0.214942 0.160483 -0.065390 0.257414 -0.303026 -0.234006 -0.325565 -0.283965 -0.190394 -0.233699 -0.308538 -0.255242 -0.046001 -0.109757 0.144802 0.046011 0.025026 0.114808 0.212680 0.093254 0.335410 -0.052257 -0.217617 0.128913 -0.180494 0.136366 0.219308 -0.032557 0.069736 -0.188784 0.139153 0.022414 -0.172378 -0.122500 -0.028314 -0.163364 0.197142 -0.054456 0.089796 0.137353 0.247107 0.081249
-0.060935 -0.404762 0.565549 0.281659 0.043297 0.045529 1.000000 0.297482 0.200211 -0.232780 -0.094044 -0.301471 0.332704 -0.097606 -0.043681 -0.168691 -0.235289 -0.365762 0.086858 -0.109713 -0.201580 -0.150984 0.213959 0.228846 0.031955 -0.044305 0.011773 -0.110191 -0.016370 -0.282214 0.130456 0.059876 -0.064251 0.061037 0.073974 0.098019 -0.013707 -0.277070 0.280675 0.292665 -0.036443 -0.042164 -0.240597 -0.226328 -0.050166 0.058411 -0.332416 -0.338098 -0.342236 -0.315157 0.023454 -0.478014 -0.374349 -0.253962 0.111181 -0.149365 -0.323306 -0.300399 0.326826 -0.256502 0.389859 -0.155498 -0.124673 -0.271153 0.377394 0.071823 0.213608 0.346130 -0.040217 -0.089807 -0.081972 -0.102171 -0.082930 -0.203036 -0.390193 -0.093071 -0.249145 -0.203217 -0.148516 -0.271308 -0.335141 -0.285770 0.135262 0.036056 0.199615 0.187671 0.254405 0.290468 0.441397 0.213294 -0.261418 0.293979 -0.161001 0.206177 -0.080734 0.081288 0.123369 0.167542 -0.276763 -0.026458 -0.196345 0.049252 -0.341671 0.082481 -0.089999 0.187005 0.156336 0.193982 -0.098765 -0.259430 0.005023 -0.480433 -0.298608 -0.327685 -0.205680 0.145644
-0.318905 -0.300240 0.243784 0.075942 0.375198 0.498105 0.297482 1.000000 0.159575 0.411462 -0.134285 0.087439 0.013519 0.500300 -0.296020 0.247035 -0.253210 -0.275568 -0.188923 -0.318544 -0.041829 0.236059 -0.128314 -0.075470 0.352653 0.410394 0.236315 0.238830 -0.453138 -0.214468 0.202554 0.154261 -0.268837 0.177779 0.119206 0.400475 -0.053872 0.109083 -0.093224 0.076072 0.118235 -0.080490 -0.158178 -0.176772 -0.253166 0.070605 -0.331722 -0.147956 -0.439784 -0.330689 -0.326279 -0.437729 -0.409122 -0.126292 -0.035828 -0.174992 -0.185098 -0.212160 0.228384 0.251122 0.254949 0.451142 -0.220537 -0.205231 0.073708 0.631831 0.140896 0.281620 -0.163083 -0.083559 -0.116548 0.077387 -0.349320 -0.163378 -0.323286 0.052983 -0.122486 0.187516 -0.287300 -0.237656 -0.346080 -0.387414 -0.152196 -0.267029 -0.173191 -0.068386 0.137729 0.031641 0.230996 0.063291 0.036693 -0.168902 0.294403 -0.111304 0.109534 0.018027 0.044342 0.226283 -0.291753 -0.063766 0.123017 0.037058 0.160980 -0.159971 0.062238 -0.041779 -0.034263 -0.112059 -0.146883 -0.046100 0.186848 -0.413658 -0.138576 0.040091 0.034548 -0.079424
-0.041896 0.084909 0.173269 0.086298 0.306266 0.201699 0.200211 0.159575 1.000000 0.303986 0.148513 0.148906 0.166193 0.070321 0.259412 0.153053 0.084311 0.049011 -0.182749 0.152110 -0.051914 -0.101175 0.074378 0.161839 -0.032504 -0.062440 0.235313 0.028895 -0.059110 -0.225776 -0.034373 -0.038338 -0.177271 -0.402008 -0.073617 -0.196630 -0.098003 0.069538 -0.026385 0.047375 -0.058450 -0.110083 -0.145289 -0.056864 -0.161885 0.047590 -0.120428 0.028531 -0.036755 -0.108947 0.015727 -0.027611 0.123362 0.235551 -0.058542 -0.063016 0.062061 0.073232 0.204269 -0.098027 -0.077223 0.134657 -0.223645 -0.146380 0.115776 0.211557 -0.351152 -0.128274 0.074299 0.251661 0.017447 -0.285107 -0.077441 -0.073401 -0.019837 0.042475 0.022728 0.027271 -0.037716 -0.028270 -0.149659 -0.161919 -0.067861 -0.334088 0.028840 -0.231165 0.094677 0.035852 0.176324 -0.055420 0.022730 0.414055 0.132565 0.341487 -0.123651 -0.081357 -0.227720 -0.029131 0.091793 -0.135020 0.161381 0.047301 -0.180376 -0.054648 -0.049250 0.058681 0.115206 0.133208 -0.210949 -0.120085 -0.066925 -0.128553 0.055621 0.082085 0.063995 0.053567
-0.083197 0.007515 -0.306862 -0.274240 0.458067 0.351252 -0.232780 0.411462 0.303986 1.000000 0.022832 0.339408 0.046370 0.485144 -0.024829 0.319376 0.151805 0.005625 -0.229836 -0.167846 -0.023558 0.049794 -0.347058 -0.271969 0.047079 0.122251 -0.064022 -0.055666 -0.183371 0.131714 0.008941 0.164114 -0.201802 0.140227 -0.248875 0.123243 -0.115821 0.012641 -0.315805 -0.271006 0.042930 -0.061524 0.050354 0.030161 0.054661 -0.018455 0.078068 0.155575 0.152260 0.191243 -0.453835 0.060331 0.106949 0.174949 -0.274839 -0.129546 0.041486 0.005023 0.177659 0.391160 0.213940 0.610025 0.231980 0.191073 -0.199093 0.167791 0.068186 -0.266199 0.014040 0.028831 0.025785 0.021010 0.092849 0.120110 0.145092 0.155184 0.127977 0.213248 -0.156139 -0.184238 -0.022038 -0.180492 -0.180545 -0.352484 -0.366140 -0.358903 -0.050177 -0.477935 -0.232795 -0.068870 0.244062 -0.042186 0.198578 -0.155113 0.171539 0.115130 -0.319176 0.008430 0.099288 -0.021661 0.203126 0.138021 0.159494 -0.226132 -0.021312 -0.122980 -0.254071 -0.148667 -0.133646 0.149432 -0.158412 0.013149 0.135205 0.139574 0.197737 -0.140629
0.143417 0.238997 -0.262757 0.143430 -0.240419 -0.045701 -0.094044 -0.134285 0.148513 0.022832 1.000000 0.564422 0.545559 0.265475 0.483265 0.253698 0.168904 0.000295 -0.160806 0.017935 -0.024545 -0.173089 0.005105 -0.074407 -0.323911 -0.275664 0.014903 -0.054103 -0.049340 -0.158818 -0.440121 -0.359311 -0.134805 -0.250948 -0.017018 -0.072943 -0.011161 -0.078293 -0.159823 -0.226003 -0.069117 -0.221505 -0.050788 -0.153551 -0.020070 -0.077071 -0.058107 -0.080917 0.154023 0.129259 0.194615 0.198004 0.148125 0.164462 0.011756 -0.172504 0.024896 0.108954 -0.121354 -0.226275 0.047924 0.003955 0.010652 -0.047105 0.223697 0.184815 -0.372664 -0.215595 0.320549 0.013022 -0.102550 -0.306810 -0.215292 -0.026103 0.117768 0.084035 0.073269 -0.067148 0.294979 -0.131037 0.090582 -0.050062 0.137558 -0.048039 0.441930 0.232933 0.091234 -0.011751 0.141361 0.119222 -0.163903 0.100176 0.210439 0.095456 -0.284740 0.015613 -0.176318 -0.110189 0.170983 -0.010970 -0.186152 -0.235290 -0.159689 -0.100307 -0.055575 -0.230521 0.132440 -0.045775 0.067604 -0.063844 -0.250185 -0.016595 -0.043338 -0.046426 0.059242 0.070939
0.294484 0.481956 -0.548186 -0.188098 -0.234867 -0.047796 -0.301471 0.087439 0.148906 0.339408 0.564422 1.000000 0.447351 0.658327 0.276809 0.656211 0.251111 0.193091 -0.297937 0.000216 -0.009566 0.004426 -0.377469 -0.387761 -0.338164 -0.378152 -0.172501 -0.259675 0.001748 0.180528 -0.503781 -0.423876 0.006398 -0.213122 -0.303655 -0.113194 0.210967 0.055631 -0.283424 -0.257418 0.038480 -0.188327 -0.033264 -0.169154 -0.016946 -0.340663 0.091577 -0.027473 0.375224 0.283642 -0.010479 0.311115 0.388324 0.297520 -0.108389 0.113339 0.130963 0.226823 -0.033197 0.182849 0.276189 0.517300 0.243872 0.390751 -0.246064 0.138250 -0.328870 -0.467760 0.110544 0.066520 -0.124826 -0.332135 -0.017109 0.016896 0.065799 0.105071 0.148045 0.002050 0.103110 -0.048704 0.234743 -0.070544 0.111731 0.028914 0.086381 0.111170 0.051903 -0.305760 -0.161831 0.207339 0.024719 -0.257274 0.202591 -0.359503 -0.069626 -0.127942 -0.013217 -0.186408 0.397010 -0.093450 -0.092880 -0.189464 0.074302 -0.284989 -0.122044 -0.308895 -0.064492 -0.181609 -0.068981 0.150588 -0.300349 -0.073856 0.003880 0.047105 0.281792 -0.063878
0.151466 -0.020276 -0.111238 -0.015029 -0.234907 0.000795 0.332704 0.013519 0.166193 0.046370 0.545559 0.447351 1.000000 0.431169 0.500054 0.314943 0.266448 -0.150962 -0.053714 0.125517 -0.086471 -0.177682 -0.146638 -0.086748 -0.381056 -0.414127 -0.121616 -0.301294 0.144527 -0.003368 -0.411247 -0.264808 -0.040430 0.073595 -0.174476 0.004254 0.219739 -0.358669 -0.203024 -0.145508 -0.121110 -0.161540 -0.162966 -0.235642 -0.055532 -0.364571 -0.181757 -0.160411 0.087412 0.100666 0.075439 -0.070750 0.114756 0.004261 0.145475 -0.001339 -0.070379 -0.017563 0.279584 -0.170488 0.484949 0.065398 0.291793 0.119421 0.041754 -0.069449 -0.062747 -0.165578 0.216986 0.021682 -0.236392 -0.325449 0.021428 0.042118 -0.142667 0.092749 -0.116600 -0.267860 -0.052884 -0.140800 0.068673 -0.206619 0.234291 0.059819 0.208456 0.268523 0.101559 -0.184385 0.080425 0.252732 -0.147377 0.144916 0.115805 0.121159 -0.089719 -0.019535 0.029911 -0.123608 0.175381 0.003971 -0.327663 -0.037546 -0.024307 -0.065866 -0.216636 -0.039333 0.020459 0.022260 0.045905 0.040373 -0.218390 -0.201800 -0.141077 -0.098267 0.183000 0.135252
-0.012182 0.120697 -0.351373 -0.164559 -0.075149 0.216435 -0.097606 0.500300 0.070321 0.485144 0.265475 0.658327 0.431169 1.000000 0.129304 0.749501 0.117591 0.035237 -0.254392 -0.046491 -0.065779 0.111090 -0.459612 -0.413744 -0.144694 -0.183137 -0.061397 -0.144337 -0.107818 0.135036 -0.322924 -0.129939 -0.040397 0.066726 -0.218202 0.142860 0.215705 -0.018339 -0.279332 -0.286883 0.096002 -0.194940 -0.031598 -0.160967 -0.091726 -0.347274 -0.074909 -0.056273 0.095652 0.125254 -0.201096 -0.022019 0.028022 0.144371 0.077786 0.048076 0.030581 0.066220 0.150115 0.237152 0.445893 0.556747 0.217689 0.233295 -0.191782 0.312996 -0.102348 -0.283887 0.083414 0.131139 -0.260261 -0.313115 -0.171708 -0.020519 -0.263265 0.038114 -0.062871 -0.097142 -0.255123 -0.097194 0.086541 -0.184617 -0.023900 -0.117678 -0.056115 0.012170 0.021644 -0.295338 0.022263 0.264808 0.040695 -0.320703 0.296159 -0.354833 0.231667 -0.090739 0.083765 0.065491 0.122724 -0.183097 -0.013133 -0.160272 0.149285 -0.256100 -0.132775 -0.284106 -0.097674 -0.087967 0.035084 0.096528 -0.282435 -0.181234 -0.118452 0.010310 0.346093 0.003599
0.116833 0.269920 -0.166970 0.258978 -0.254555 -0.030839 -0.043681 -0.296020 0.259412 -0.024829 0.483265 0.276809 0.500054 0.129304 1.000000 0.372916 0.167627 -0.076837 -0.157617 0.104574 0.148293 -0.155233 0.258542 0.244106 -0.329455 -0.343955 0.077049 -0.093340 0.064954 -0.119344 -0.475287 -0.037136 -0.212831 -0.295938 -0.194303 -0.193452 0.122990 -0.096468 -0.064514 -0.040679 -0.031714 -0.127371 -0.242514 -0.213019 -0.213636 -0.276528 -0.066018 -0.004502 0.196312 -0.036340 0.248476 0.201426 0.299297 0.227457 0.212846 -0.054421 0.062849 0.013636 0.123181 -0.201135 0.115910 0.048368 -0.009811 -0.075577 0.365008 0.069391 -0.450579 -0.237043 0.103226 0.126087 -0.017750 -0.349281 -0.162513 0.087516 0.199341 0.211933 0.182276 -0.019194 -0.096000 -0.130717 -0.055643 -0.190980 0.397684 0.038864 0.213746 -0.018105 0.010336 -0.047170 0.252030 0.291829 0.076757 0.371539 0.330893 0.300240 -0.013101 0.077457 -0.147043 -0.093492 0.142325 -0.032939 -0.047435 -0.213499 -0.213595 -0.181565 -0.151354 -0.264500 -0.050319 -0.027987 0.327443 0.140466 -0.183454 0.125210 0.180077 -0.114341 0.074830 0.154164
0.172080 0.403065 -0.353985 -0.057465 -0.265545 0.025799 -0.168691 0.247035 0.153053 0.319376 0.253698 0.656211 0.314943 0.749501 0.372916 1.000000 0.242880 0.141338 -0.188891 0.046959 0.019668 -0.058154 -0.328891 -0.258024 -0.312365 -0.363693 -0.057443 -0.191842 -0.063357 0.135864 -0.431106 -0.219684 -0.091826 -0.221989 -0.308104 -0.132547 0.143273 0.044815 -0.158484 -0.224011 0.065503 -0.274896 -0.081015 -0.232994 -0.126482 -0.365166 0.021466 -0.058586 0.207750 0.064858 0.005544 0.066962 0.160262 0.251475 0.072723 0.097415 0.259676 0.283081 0.196898 0.119201 0.394556 0.513254 0.226628 0.297430 -0.137002 0.227427 -0.291289 -0.347910 0.107728 0.251821 -0.200601 -0.429889 -0.174984 -0.135317 -0.121112 -0.048492 0.005658 -0.225636 -0.178783 -0.100298 0.147112 -0.126633 0.082011 -0.003611 0.123997 0.037513 0.057827 -0.174883 0.126650 0.281231 0.061105 -0.176423 0.222691 -0.327396 0.092880 -0.160214 -0.010858 0.069745 0.218465 -0.304180 0.003576 -0.191150 -0.075209 -0.266931 -0.144795 -0.366728 -0.022156 -0.000321 0.126665 0.123736 -0.337184 -0.104846 0.059249 -0.119293 0.085845 0.014629
0.345558 0.312107 -0.397293 -0.313531 -0.203159 -0.216096 -0.235289 -0.253210 0.084311 0.151805 0.168904 0.251111 0.266448 0.117591 0.167627 0.242880 1.000000 0.402277 0.190426 0.250487 -0.079636 -0.262185 -0.449436 -0.418750 -0.507556 -0.462574 -0.389054 -0.447905 0.269533 0.313803 -0.310557 -0.234747 0.213400 -0.054541 -0.265041 -0.380515 0.254573 -0.317314 -0.326902 -0.363491 -0.038461 -0.174904 0.160764 0.084220 0.080015 -0.303923 0.112599 0.019648 0.218578 0.260285 -0.005521 0.077323 0.170323 0.096062 -0.280261 0.123501 0.517392 0.519531 0.028942 -0.026324 0.047196 -0.013385 0.530351 0.408093 -0.419769 -0.439484 -0.021248 -0.361163 0.205401 0.069254 0.010987 -0.135879 0.277751 0.225375 0.298985 0.027477 0.272905 -0.204833 0.285404 0.361865 0.607079 0.476316 -0.081925 -0.019957 -0.009136 0.007889 -0.044013 -0.393301 -0.237843 -0.208870 -0.086622 -0.066657 -0.171598 -0.243795 -0.120287 -0.001693 -0.076722 -0.062691 0.416881 0.117219 -0.136916 -0.075776 -0.020316 0.118858 -0.002061 0.045049 -0.012281 0.213787 0.143535 0.242943 -0.105734 0.127820 0.084934 -0.141886 0.104880 0.103712
0.233842 0.477004 -0.390704 -0.209894 -0.115382 -0.269603 -0.365762 -0.275568 0.049011 0.005625 0.000295 0.193091 -0.150962 0.035237 -0.076837 0.141338 0.402277 1.000000 0.023274 0.169493 -0.173076 -0.415113 -0.349454 -0.347099 -0.398801 -0.365909 -0.238655 -0.326369 0.306028 0.383665 -0.297800 -0.200967 0.183442 -0.327122 -0.321203 -0.370024 0.083859 -0.122237 -0.074739 -0.219186 -0.090142 0.033394 0.117129 -0.017816 0.055736 -0.293940 0.249810 -0.000402 0.229042 0.178912 0.046778 0.328352 0.401812 0.345841 -0.312642 0.275275 0.479143 0.575873 -0.032337 0.026987 -0.115970 0.049245 0.424957 0.588559 -0.357030 -0.403013 -0.223353 -0.526976 -0.023857 0.131350 0.009024 0.009933 0.369634 0.092430 0.302976 -0.185085 0.231856 -0.081918 0.430132 0.567531 0.568236 0.556712 -0.017487 0.195613 0.004077 -0.217992 0.066431 -0.166374 -0.336727 -0.090895 -0.046827 -0.178583 -0.246451 -0.250547 -0.084333 0.022026 -0.115010 -0.184835 0.362827 -0.088110 0.055384 0.049254 -0.006491 0.041404 -0.056734 -0.145739 0.022707 0.059667 0.092809 -0.091226 -0.357631 0.230686 0.084577 0.036301 0.099213 -0.072652
0.159109 -0.083426 0.212454 0.232260 -0.094249 -0.256961 0.086858 -0.188923 -0.182749 -0.229836 -0.160806 -0.297937 -0.053714 -0.254392 -0.157617 -0.188891 0.190426 0.023274 1.000000 0.348754 -0.141110 -0.150049 -0.094898 0.021393 -0.315262 -0.287879 -0.351132 -0.368279 0.288997 0.191943 -0.026460 0.190216 0.269641 0.322218 -0.092414 -0.187743 0.134462 -0.457506 -0.126061 -0.145273 -0.095682 -0.041911 0.118403 0.097522 0.135633 0.012071 0.000593 -0.079520 -0.231344 0.134297 -0.208456 -0.283127 -0.047507 -0.065183 -0.156797 -0.095333 0.156667 0.077670 -0.127789 -0.190352 -0.051943 -0.418332 0.252367 -0.034098 0.030948 -0.432244 0.326195 -0.018834 0.128133 -0.158951 0.158687 0.049665 0.322059 0.071605 0.170598 -0.079293 -0.137735 -0.256577 0.010834 0.060407 0.184714 0.221986 0.002820 0.147804 0.152665 0.289806 -0.105534 0.124352 -0.167727 -0.080614 0.043016 0.117237 -0.214425 -0.115161 -0.128517 -0.076798 -0.032914 -0.068853 0.062186 0.250420 -0.231454 0.132867 -0.148620 0.287104 -0.131420 0.236994 -0.022191 0.267085 0.120085 -0.054628 0.033800 -0.060187 -0.150137 -0.043745 -0.090789 -0.007727
0.096280 0.303803 -0.122415 0.117246 -0.190806 -0.274414 -0.109713 -0.318544 0.152110 -0.167846 0.017935 0.000216 0.125517 -0.046491 0.104574 0.046959 0.250487 0.169493 0.348754 1.000000 0.127068 0.023608 -0.122920 0.230060 -0.302726 -0.352052 -0.118418 -0.259008 0.344595 0.343028 -0.107461 -0.070201 0.374347 0.084367 -0.231900 -0.439682 0.176580 -0.185619 -0.050376 -0.225377 -0.099586 -0.038397 -0.038056 -0.104554 -0.146153 -0.432835 0.038236 0.063943 -0.109690 0.007604 -0.101439 -0.172331 0.089720 0.034146 -0.031822 0.208772 0.171924 0.322487 -0.441973 -0.423155 -0.322446 -0.396469 0.246916 -0.049790 -0.081404 -0.370732 -0.308541 -0.297430 0.350715 0.478691 -0.015233 -0.137112 0.344246 0.180038 0.140931 -0.118078 -0.107999 -0.250444 -0.005056 0.258911 0.306128 0.180634 0.063560 0.301326 0.300196 0.342067 0.036720 0.139323 -0.187070 -0.010175 0.229502 0.185319 0.095985 0.182161 0.087891 -0.068394 -0.016277 -0.210734 0.337240 0.124142 -0.091988 0.271328 0.040103 0.385702 -0.290553 0.194225 -0.190567 -0.106033 0.082307 0.126208 -0.054197 0.187121 0.138289 0.221767 0.023474 -0.022050
-0.111825 -0.096781 0.024285 0.277240 0.063714 0.044872 -0.201580 -0.041829 -0.051914 -0.023558 -0.024545 -0.009566 -0.086471 -0.065779 0.148293 0.019668 -0.079636 -0.173076 -0.141110 0.127068 1.000000 0.283002 0.343285 0.313761 0.342815 0.267465 0.284226 0.267850 -0.095989 -0.110229 0.063021 0.191906 -0.190224 -0.049896 0.137920 0.070772 -0.140936 0.005000 -0.106156 -0.103355 -0.186904 -0.043462 -0.172203 -0.095028 -0.291445 -0.059224 -0.022285 0.064214 -0.070560 -0.096826 0.039459 0.074578 0.109872 0.025991 0.038644 -0.036836 -0.045117 -0.083001 -0.152739 -0.001462 -0.115694 0.052771 -0.197053 -0.136669 0.184036 0.124283 -0.198859 0.105702 -0.152291 0.073633 0.104935 0.206770 -0.120274 0.013308 0.028192 0.111553 0.025169 0.177414 -0.081931 -0.138994 -0.152183 -0.195196 0.145822 0.043648 -0.003290 0.002957 0.023300 0.111760 0.064359 -0.127794 0.270633 0.076841 0.208157 0.077134 0.067235 -0.105233 0.061224 -0.007540 0.032256 -0.103133 0.309497 -0.077490 0.148376 0.140326 0.149159 0.083201 0.071495 -0.159653 -0.027260 -0.064151 0.171826 -0.018018 0.228433 0.175834 0.188359 0.159078
-0.094683 -0.163166 0.085089 -0.006580 0.220063 0.322970 -0.150984 0.236059 -0.101175 0.049794 -0.173089 0.004426 -0.177682 0.111090 -0.155233 -0.058154 -0.262185 -0.415113 -0.150049 0.023608 0.283002 1.000000 0.072581 0.169716 0.411534 0.396986 0.340096 0.440595 -0.196071 -0.053052 0.324262 0.168996 0.159239 0.274446 0.188738 0.146150 0.073469 0.195924 0.056647 -0.003981 0.175857 -0.059780 -0.064724 -0.038813 -0.113508 0.129226 -0.118602 0.071372 -0.128714 -0.090349 -0.036378 -0.079104 -0.083909 -0.282694 0.199967 -0.125543 -0.154741 -0.266381 -0.206354 0.187595 -0.160372 0.107692 -0.357503 -0.316916 -0.041626 0.234198 0.089898 0.342629 -0.140121 0.053136 -0.033572 0.131275 -0.273551 -0.216769 -0.214703 0.102959 -0.250589 0.114337 -0.393216 -0.116246 -0.257293 -0.225284 -0.089389 0.078845 -0.206129 0.143393 -0.261881 0.018837 0.022318 -0.068311 0.253541 -0.249881 0.237382 -0.120165 0.153399 -0.276738 0.175663 0.095920 -0.259117 0.026835 0.074560 -0.032338 0.190010 -0.018244 0.085153 0.044201 -0.128760 -0.391196 -0.224123 0.116387 0.284069 -0.146568 0.037787 0.165659 0.111012 0.093644
-0.152990 -0.182466 0.573798 0.487086 0.191955 0.089276 0.213959 -0.128314 0.074378 -0.347058 0.005105 -0.377469 -0.146638 -0.459612 0.258542 -0.328891 -0.449436 -0.349454 -0.094898 -0.122920 0.343285 0.072581 1.000000 0.708513 0.421397 0.402270 0.463530 0.540340 -0.248813 -0.517864 0.162660 0.333515 -0.329058 -0.233046 0.446711 0.299402 -0.228927 0.070902 0.154131 0.285636 -0.016650 0.042674 -0.398878 -0.180850 -0.317386 0.253971 -0.289102 -0.159642 -0.327680 -0.459620 0.287196 -0.073577 -0.068007 -0.013994 0.278522 -0.271721 -0.326112 -0.386024 0.115239 -0.185653 -0.179367 -0.216907 -0.590076 -0.480010 0.723440 0.368740 -0.201716 0.360831 -0.196080 -0.069709 0.235450 0.183764 -0.352346 -0.006591 -0.012339 0.167615 0.037572 0.300347 0.002224 -0.248266 -0.410901 -0.284527 0.192876 -0.010608 0.107850 -0.096674 0.052390 0.334390 0.461034 0.135297 -0.015043 0.477392 0.101570 0.497375 -0.130913 0.209840 -0.199010 -0.083392 -0.415864 -0.018266 0.098380 0.056504 -0.151541 0.118402 0.093161 -0.074442 0.165363 -0.067157 0.039395 -0.200025 0.186775 -0.089504 -0.071070 -0.002343 -0.225191 0.199816
-0.207879 -0.179311 0.500526 0.510110 0.142226 0.085644 0.228846 -0.075470 0.161839 -0.271969 -0.074407 -0.387761 -0.086748 -0.413744 0.244106 -0.258024 -0.418750 -0.347099 0.021393 0.230060 0.313761 0.169716 0.708513 1.000000 0.351618 0.316367 0.545244 0.500146 -0.302538 -0.446205 0.194152 0.246450 -0.196196 -0.128767 0.286860 0.133586 -0.350716 0.034612 0.258908 0.257747 -0.259539 0.075473 -0.372776 -0.188970 -0.387563 0.112019 -0.298613 -0.043454 -0.300969 -0.518344 0.193315 -0.229422 -0.076575 -0.145100 0.208372 -0.158870 -0.348446 -0.348017 -0.010311 -0.284238 -0.297081 -0.414389 -0.549190 -0.583363 0.528367 0.229412 -0.177714 0.466560 -0.076401 0.282270 0.080471 0.137050 -0.303640 -0.177205 -0.082322 -0.062799 -0.230689 0.161282 -0.225530 -0.286601 -0.516379 -0.413530 0.125651 0.039020 0.212877 0.081584 -0.045374 0.281377 0.425710 0.027655 0.237967 0.461862 0.307579 0.633607 0.040726 -0.019612 -0.056851 0.078307 -0.289842 0.006485 0.158567 0.161723 -0.121265 0.312389 0.008562 0.133092 0.047973 -0.187640 0.009290 -0.189493 0.353283 -0.162792 0.096183 0.197896 -0.175340 0.161415
-0.526335 -0.445525 0.424379 0.042274 0.532538 0.340441 0.031955 0.352653 -0.032504 0.047079 -0.323911 -0.338164 -0.381056 -0.144694 -0.329455 -0.312365 -0.507556 -0.398801 -0.315262 -0.302726 0.342815 0.411534 0.421397 0.351618 1.000000 0.820990 0.647505 0.730594 -0.390590 -0.404332 0.561890 0.361999 -0.350631 0.165862 0.439820 0.505365 -0.307126 0.249537 0.176228 0.201505 0.013935 0.024374 -0.041859 0.159957 -0.095262 0.400605 -0.093474 0.101661 -0.211168 -0.284296 -0.036252 -0.069107 -0.207681 -0.099402 0.205055 0.034187 -0.275384 -0.490720 0.012416 0.068706 -0.243980 0.086062 -0.588380 -0.455697 0.177599 0.490435 0.057284 0.497630 -0.209301 0.005563 0.031222 0.300581 -0.370511 -0.218508 -0.325177 0.029234 -0.272893 0.329872 -0.146953 -0.206684 -0.486673 -0.374590 -0.149413 -0.262155 -0.294773 -0.237598 -0.178424 0.106451 0.199639 -0.162219 0.065075 -0.080123 0.204383 0.240167 0.274346 -0.101477 0.155994 0.087660 -0.396107 -0.197780 0.192728 0.061959 0.188476 0.046886 0.113896 0.032721 -0.010856 -0.286426 -0.198271 -0.112126 0.456533 0.019041 0.088344 0.258349 -0.050273 -0.098518
-0.378836 -0.456522 0.321651 -0.058076 0.413298 0.387384 -0.044305 0.410394 -0.062440 0.122251 -0.275664 -0.378152 -0.414127 -0.183137 -0.343955 -0.363693 -0.462574 -0.365909 -0.287879 -0.352052 0.267465 0.396986 0.402270 0.316367 0.820990 1.000000 0.549956 0.775705 -0.519658 -0.392386 0.574392 0.382276 -0.347748 0.142926 0.439367 0.594040 -0.284604 0.372189 0.135884 0.353658 0.119685 0.223220 -0.089873 0.100391 -0.179092 0.436089 -0.156692 0.085936 -0.338643 -0.326414 -0.041031 -0.165973 -0.318671 -0.239512 0.125113 -0.126439 -0.242030 -0.422094 0.055717 0.153471 -0.271262 0.043488 -0.581149 -0.494267 0.161133 0.534021 0.192044 0.537868 -0.315829 -0.152881 0.048195 0.403896 -0.333713 -0.051545 -0.121932 0.205278 -0.076258 0.441171 -0.045904 -0.178462 -0.398153 -0.234481 -0.182493 -0.269988 -0.262728 -0.195934 -0.047978 0.200330 0.122850 -0.213493 0.112124 -0.112261 0.210579 0.231471 0.078081 0.136671 -0.028822 0.047307 -0.465005 -0.072071 0.231481 0.099645 0.215502 0.018548 0.129866 -0.032300 -0.046943 -0.257196 -0.128536 -0.016551 0.480887 0.021481 0.018004 0.121858 -0.047480 -0.044007
-0.323354 -0.120487 0.410014 0.209239 0.410718 0.458272 0.011773 0.236315 0.235313 -0.064022 0.014903 -0.172501 -0.121616 -0.061397 0.077049 -0.057443 -0.389054 -0.238655 -0.351132 -0.118418 0.284226 0.340096 0.463530 0.545244 0.647505 0.549956 1.000000 0.818889 -0.480843 -0.575577 0.206110 0.078923 -0.357087 -0.228629 0.379759 0.258400 -0.428302 0.169511 0.196481 0.184974 -0.205178 -0.019603 -0.306247 -0.160426 -0.391328 0.216214 -0.330855 -0.117195 -0.155031 -0.492243 0.311167 -0.035640 -0.053509 -0.056775 0.314046 -0.095194 -0.170390 -0.303771 0.090174 -0.056608 -0.236505 -0.010276 -0.659547 -0.467854 0.302490 0.497399 -0.262696 0.458274 -0.064860 0.264651 -0.140928 0.154920 -0.511640 -0.363584 -0.297955 -0.099244 -0.283255 0.135664 -0.149702 -0.215302 -0.550436 -0.440393 -0.136153 -0.138683 -0.023703 -0.100026 -0.201608 0.242812 0.442641 0.075742 0.059452 0.207770 0.390747 0.507382 0.176775 -0.160055 0.017424 0.129241 -0.310200 -0.137045 0.076895 -0.062883 -0.042509 0.029826 0.202344 0.012382 0.185336 -0.332780 -0.083533 -0.246495 0.385854 -0.018339 0.094758 0.276050 -0.038779 0.115747
-0.315642 -0.191560 0.396263 0.030554 0.385765 0.413345 -0.110191 0.238830 0.028895 -0.055666 -0.054103 -0.259675 -0.301294 -0.144337 -0.093340 -0.191842 -0.447905 -0.326369 -0.368279 -0.259008 0.267850 0.440595 0.540340 0.500146 0.730594 0.775705 0.818889 1.000000 -0.584782 -0.492086 0.346113 0.180700 -0.405814 -0.143785 0.509837 0.431539 -0.370849 0.325202 0.165562 0.216653 -0.036969 0.006286 -0.169678 -0.020997 -0.286503 0.400769 -0.225812 0.000292 -0.226884 -0.440126 0.294476 -0.037403 -0.182591 -0.164161 0.304848 -0.143818 -0.133842 -0.301920 0.038731 0.019646 -0.348253 -0.021079 -0.707191 -0.458592 0.281754 0.563087 -0.145655 0.531351 -0.130768 0.045697 -0.022598 0.263634 -0.539117 -0.242250 -0.285813 0.132898 -0.150561 0.291030 -0.060703 -0.210291 -0.435195 -0.325769 -0.202949 -0.207935 -0.113173 -0.176546 -0.184350 0.146221 0.312773 -0.119253 0.046129 0.048772 0.330679 0.391424 0.089316 -0.030740 -0.049915 0.143435 -0.402278 -0.091721 0.200054 -0.071740 0.058097 -0.027304 0.170331 -0.098678 0.117549 -0.276702 -0.093570 -0.098743 0.412247 0.027050 -0.021473 0.214411 -0.144775 0.045816
0.127415 0.039327 -0.177153 -0.059827 -0.112211 -0.323571 -0.016370 -0.453138 -0.059110 -0.183371 -0.049340 0.001748 0.144527 -0.107818 0.064954 -0.063357 0.269533 0.306028 0.288997 0.344595 -0.095989 -0.196071 -0.248813 -0.302538 -0.390590 -0.519658 -0.480843 -0.584782 1.000000 0.554480 -0.127564 0.007137 0.367338 0.180822 -0.272923 -0.391015 0.236199 -0.146810 -0.020097 -0.180322 0.056091 -0.174571 0.149432 0.078816 0.366086 -0.220534 0.346318 0.151879 0.190989 0.427356 -0.087829 0.108587 0.172363 0.121256 -0.194287 0.148429 0.111379 0.192910 -0.230247 -0.242553 0.004895 -0.164922 0.537343 0.290336 -0.212948 -0.607903 0.059118 -0.429396 0.019514 -0.005045 0.054755 -0.166219 0.674480 0.104430 0.249794 -0.101758 0.058890 -0.302289 0.166828 0.426503 0.503330 0.476400 0.335449 0.360535 0.024360 0.061689 0.057287 -0.120618 -0.413274 -0.112807 -0.113396 -0.026054 -0.400489 -0.301461 -0.082307 -0.100892 0.058909 -0.396494 0.399541 0.097014 -0.200560 0.165263 -0.107672 0.079051 -0.162489 0.179903 -0.054868 0.187914 0.065476 -0.019680 -0.391075 0.291025 0.097691 -0.140788 0.011592 0.010383
0.129472 0.255208 -0.462205 -0.335229 -0.136383 -0.187032 -0.282214 -0.214468 -0.225776 0.131714 -0.158818 0.180528 -0.003368 0.135036 -0.119344 0.135864 0.313803 0.383665 0.191943 0.343028 -0.110229 -0.053052 -0.517864 -0.446205 -0.404332 -0.392386 -0.575577 -0.492086 0.554480 1.000000 -0.183700 0.053664 0.344118 0.358980 -0.380434 -0.411605 0.439652 -0.128131 -0.181283 -0.414761 0.165466 -0.146712 0.344676 0.094070 0.286147 -0.335143 0.349288 0.179524 0.171855 0.441111 -0.376972 0.080505 0.153707 0.107395 -0.368361 0.293330 0.260800 0.277610 -0.256653 -0.056739 0.011695 0.125724 0.591027 0.453089 -0.418705 -0.553348 0.067791 -0.532372 0.158853 0.038405 0.071423 0.056648 0.643674 0.341707 0.254431 0.074340 0.378011 -0.047841 0.116786 0.471947 0.579154 0.462411 0.194710 0.411988 -0.098368 0.012362 0.056100 -0.315201 -0.635673 -0.156428 0.039737 -0.274817 -0.264937 -0.444053 0.202737 0.063460 0.042516 -0.232246 0.461754 0.137068 -0.217748 0.064117 0.227846 -0.210605 -0.437850 -0.204582 -0.423922 -0.009038 0.238836 0.350057 -0.240971 0.252101 -0.047183 0.114783 0.120444 -0.233190
-0.334381 -0.514406 0.436951 0.070234 0.391535 0.025295 0.130456 0.202554 -0.034373 0.008941 -0.440121 -0.503781 -0.411247 -0.322924 -0.475287 -0.431106 -0.310557 -0.297800 -0.026460 -0.107461 0.063021 0.324262 0.162660 0.194152 0.561890 0.574392 0.206110 0.346113 -0.127564 -0.183700 1.000000 0.423292 -0.011490 0.358466 0.320063 0.226844 -0.208449 0.199202 0.217407 0.203566 0.144139 0.138866 0.031655 0.237848 0.080620 0.406553 -0.134460 0.038890 -0.392128 -0.195935 -0.156285 -0.355105 -0.438621 -0.404685 0.027922 -0.189506 -0.153828 -0.153263 -0.125628 -0.049971 -0.223565 -0.189241 -0.290374 -0.322315 0.068740 0.125081 0.412308 0.548864 -0.254836 -0.041987 0.014249 0.126189 -0.082512 -0.142486 -0.149512 -0.128391 -0.361725 0.087780 -0.121578 0.036968 -0.263679 -0.034084 -0.084134 -0.138214 -0.067711 0.065319 0.052086 0.186135 0.045494 -0.264285 0.108598 -0.078595 0.051556 0.107998 -0.125783 0.022491 0.076671 0.044062 -0.413468 -0.096749 0.045853 0.338196 0.162125 0.173696 0.065291 0.147239 -0.013327 -0.070700 -0.359404 -0.106246 0.271237 -0.031433 -0.112780 0.039979 -0.230596 -0.116023
-0.414482 -0.383864 0.355502 0.277441 0.400026 0.066298 0.059876 0.154261 -0.038338 0.164114 -0.359311 -0.423876 -0.264808 -0.129939 -0.037136 -0.219684 -0.234747 -0.200967 0.190216 -0.070201 0.191906 0.168996 0.333515 0.246450 0.361999 0.382276 0.078923 0.180700 0.007137 0.053664 0.423292 1.000000 -0.108105 0.397070 0.096666 0.076869 0.107417 -0.116763 0.065568 -0.000610 0.309192 0.043412 0.147960 0.266014 0.047161 0.210304 0.019876 0.145180 -0.320121 -0.095415 -0.238680 -0.286367 -0.169618 -0.149251 0.015041 -0.115788 -0.075272 -0.193327 -0.011664 -0.066147 -0.172959 -0.068611 -0.203803 -0.297137 0.247759 0.045764 0.187287 0.174297 -0.191647 -0.157572 0.151040 0.142114 0.125982 0.063200 0.016688 0.171306 -0.015440 0.207421 -0.066428 0.048625 -0.111427 0.006910 0.179805 -0.051209 -0.169923 -0.222840 -0.061446 -0.060474 0.016421 -0.156921 0.064505 0.061589 0.011809 0.049114 0.042683 0.172472 0.082089 0.045092 -0.335359 -0.079608 0.029638 0.141903 0.199331 -0.171990 -0.327856 -0.237778 -0.342167 0.073391 0.080278 0.029526 0.182107 -0.023342 -0.126609 -0.012004 -0.027311 -0.186486
0.167811 0.274112 -0.169982 -0.194182 -0.208996 -0.232121 -0.064251 -0.268837 -0.177271 -0.201802 -0.134805 0.006398 -0.040430 -0.040397 -0.212831 -0.091826 0.213400 0.183442 0.269641 0.374347 -0.190224 0.159239 -0.329058 -0.196196 -0.350631 -0.347748 -0.357087 -0.405814 0.367338 0.344118 -0.011490 -0.108105 1.000000 0.244543 0.025122 -0.294833 0.258183 0.043206 -0.111703 -0.080525 0.024504 0.207967 0.064406 0.001251 0.130157 -0.271899 0.004757 -0.046269 0.040489 0.111584 0.040322 -0.046583 -0.041817 -0.310275 -0.212781 -0.131211 0.093235 0.305944 -0.325604 -0.092552 0.044243 -0.265736 0.311031 0.239725 -0.294945 -0.460346 0.233813 -0.020378 0.039717 0.135956 -0.127378 -0.089923 0.353290 0.068655 0.050259 -0.184959 -0.100990 -0.209458 -0.060210 0.315480 0.385743 0.416382 -0.171795 0.309827 0.063350 0.402582 -0.104874 -0.045679 -0.181626 -0.112148 -0.090467 -0.297406 -0.330850 -0.312533 -0.091130 -0.207282 0.177487 -0.007106 0.076739 0.123907 -0.181763 0.161651 0.021661 0.163556 0.032385 0.222862 -0.088843 0.102517 -0.278490 -0.072766 0.000354 -0.067995 -0.039053 -0.053914 0.067208 0.143701
-0.206252 -0.437774 0.020647 -0.104968 0.103109 0.051812 0.061037 0.177779 -0.402008 0.140227 -0.250948 -0.213122 0.073595 0.066726 -0.295938 -0.221989 -0.054541 -0.327122 0.322218 0.084367 -0.049896 0.274446 -0.233046 -0.128767 0.165862 0.142926 -0.228629 -0.143785 0.180822 0.358980 0.358466 0.397070 0.244543 1.000000 0.110564 0.182874 0.163150 -0.175651 -0.222236 -0.163301 0.169004 -0.058725 0.257093 0.206083 0.257129 0.063278 0.042754 0.116798 -0.265070 0.156614 -0.446888 -0.419887 -0.318786 -0.338892 -0.088552 -0.054401 -0.071753 -0.184000 -0.161365 -0.104555 0.134203 -0.092498 0.221635 -0.131257 -0.104443 -0.166088 0.506609 0.188969 -0.013995 -0.142737 -0.050890 0.156594 0.215267 0.067102 -0.080917 0.057760 -0.136408 -0.014429 -0.126494 0.061681 0.080528 0.038067 0.057797 0.106822 -0.097709 0.271254 -0.058640 -0.160889 -0.267401 -0.168004 -0.013202 -0.266898 -0.080686 -0.151790 0.195504 -0.028655 0.209570 -0.052757 -0.089071 0.145081 -0.352161 0.313104 0.283426 0.001160 -0.307467 0.011641 -0.430030 -0.037884 -0.057980 0.097530 0.236992 -0.054286 -0.034173 0.119271 0.038329 -0.219640
-0.299767 -0.235400 0.448040 0.102430 0.197547 0.214539 0.073974 0.119206 -0.073617 -0.248875 -0.017018 -0.303655 -0.174476 -0.218202 -0.194303 -0.308104 -0.265041 -0.321203 -0.092414 -0.231900 0.137920 0.188738 0.446711 0.286860 0.439820 0.439367 0.379759 0.509837 -0.272923 -0.380434 0.320063 0.096666 0.025122 0.110564 1.000000 0.489720 -0.214836 0.344245 0.125362 0.300090 -0.039313 -0.046924 -0.210049 -0.061820 -0.114131 0.342925 -0.308642 -0.266960 -0.421846 -0.413749 0.200391 -0.278617 -0.405809 -0.359373 0.161041 -0.209531 -0.221704 -0.161127 -0.017705 -0.099000 -0.081627 -0.285464 -0.466903 -0.323822 0.360921 0.363107 0.202205 0.649345 -0.147810 -0.119558 -0.058857 0.208739 -0.448080 -0.096106 -0.258217 0.029048 -0.107999 0.240013 0.050902 -0.027498 -0.314859 -0.055681 -0.218089 -0.253688 0.009640 0.062969 -0.116625 0.176497 0.383933 -0.135459 -0.262173 -0.041596 0.000401 0.168148 -0.108736 -0.110363 0.157425 0.040030 -0.510233 -0.033088 -0.019072 -0.070120 0.043051 0.129763 0.218646 0.114626 0.159813 0.043382 -0.255212 -0.404169 0.502633 -0.223961 -0.147023 -0.022222 -0.133657 0.110481
-0.325683 -0.492015 0.209381 -0.125950 0.176904 0.293849 0.098019 0.400475 -0.196630 0.123243 -0.072943 -0.113194 0.004254 0.142860 -0.193452 -0.132547 -0.380515 -0.370024 -0.187743 -0.439682 0.070772 0.146150 0.299402 0.133586 0.505365 0.594040 0.258400 0.431539 -0.391015 -0.411605 0.226844 0.076869 -0.294833 0.182874 0.489720 1.000000 -0.167934 0.222685 -0.026413 0.349114 -0.047602 0.151381 -0.192773 -0.084825 -0.071611 0.287931 -0.151742 -0.105472 -0.268155 -0.165153 -0.079035 -0.197034 -0.223014 -0.213283 0.201583 -0.185983 -0.388380 -0.478850 0.223837 0.207588 0.152203 0.094948 -0.333853 -0.292810 0.190770 0.530716 0.367840 0.432393 -0.387919 -0.333738 0.053227 0.329316 -0.445576 0.063946 -0.215410 0.176490 -0.150722 0.308763 -0.203456 -0.342325 -0.330583 -0.289564 -0.142392 -0.291723 -0.171712 -0.056866 -0.091561 0.096057 0.204876 0.141020 0.008959 -0.154149 0.135008 0.065233 0.092300 0.098648 -0.032484 -0.087281 -0.486792 -0.084929 0.086668 0.060214 0.151889 0.038039 0.303763 0.063686 0.170980 -0.143203 -0.118573 -0.211552 0.298270 -0.115018 -0.130880 0.027175 -0.020820 0.131169
