1.000000 0.239027 -0.126385 -0.502262 0.025639 -0.144745 -0.125843 -0.249068 -0.008815 -0.058203 0.131864 0.109105 0.412111 0.177444 0.149033 -0.002629 -0.062707 0.265706 0.108626 0.029708 -0.205122 -0.270126 -0.381779 -0.536919 -0.338874 -0.433766 -0.242769 -0.281103 0.166748 0.215000 -0.227399 -0.189712 0.188049 0.111478 -0.224758 -0.525725 0.131484 0.143820 -0.136658 -0.095971 0.023281 0.311496 -0.129637 -0.195714 -0.146079 -0.524090 0.092698 -0.066781 0.208836 -0.039394 0.073775 0.121818 0.328007 0.153964 0.307667 0.152396 0.237789 -0.029633 0.106892 0.004004 0.509259 0.369314 0.374221 0.172234 -0.240087 -0.435836 -0.133063 -0.448954 -0.085253 -0.168059 0.214164 0.164587 0.137925 0.219895 0.216929 0.100274 0.342938 0.087820 0.120334 0.182916 0.158986 0.152579 0.014600 -0.186803 -0.033631 -0.137439 -0.044924 -0.142411 -0.044814 -0.035736 0.042185 0.104716 -0.098152 -0.055681 0.093692 -0.012657 0.059867 0.123754 0.275296 0.337447 -0.093248 0.267563 0.155530 -0.018185 -0.069119 -0.109897 0.316845 0.046158 0.114990 0.027477 -0.067853 -0.025643 -0.014403 0.109253 0.077101 -0.069798
0.239027 1.000000 -0.425180 -0.134321 -0.383027 -0.199156 -0.572949 -0.217765 -0.190129 0.086405 0.005149 0.361942 -0.012372 0.326853 -0.032022 0.238288 0.412643 0.507926 0.036184 0.158831 -0.470945 -0.420491 -0.401427 -0.447852 -0.594650 -0.547849 -0.484886 -0.437697 0.329168 0.467233 -0.455829 -0.299788 0.085388 0.013069 -0.611833 -0.564553 0.186927 0.126382 -0.319591 -0.140217 -0.113823 0.233807 0.016801 -0.082772 -0.144657 -0.355985 0.056535 -0.007408 0.055813 0.076938 0.220022 0.270665 0.424596 0.451734 0.042966 0.085341 0.490074 0.488923 0.093226 0.073278 0.071670 0.340008 0.218458 0.576755 -0.202599 -0.388446 -0.356213 -0.661161 0.145214 -0.082074 -0.043959 0.130263 0.283677 0.194656 0.132258 0.102188 0.079246 0.047372 0.289620 0.300944 0.523093 0.483017 0.094946 0.033540 0.044173 0.323722 -0.112071 -0.088881 -0.298927 0.149323 0.181589 -0.161711 -0.361957 -0.431717 0.005107 -0.038846 -0.286178 0.035280 0.275468 0.134984 -0.042202 -0.021938 0.046831 -0.276505 -0.237786 -0.255931 0.182316 -0.051536 -0.060107 -0.142452 -0.554490 0.015141 0.294413 -0.129708 -0.109329 -0.064954
-0.126385 -0.425180 1.000000 0.378696 0.203933 0.030589 0.615332 0.033618 0.238756 -0.053508 0.036741 -0.204731 0.017965 -0.337076 -0.060320 -0.097573 -0.139740 -0.340500 0.242586 -0.047217 0.345517 0.279087 0.461341 0.500804 0.252633 0.214063 0.468459 0.092282 -0.198586 -0.508953 0.275187 0.172787 -0.259828 -0.224977 0.228864 0.303716 -0.439123 -0.378700 -0.018532 -0.203123 -0.083329 -0.147859 0.173971 0.153526 0.183251 0.150344 -0.054656 0.049398 0.163642 0.147808 0.208281 0.036947 -0.099460 -0.121128 -0.010862 -0.179298 -0.493778 -0.436719 0.061446 0.042948 0.009285 -0.354401 -0.394325 -0.504480 0.297107 0.080140 0.270140 0.324324 -0.221242 0.048110 0.056832 -0.244378 -0.299414 -0.099292 0.035666 -0.211479 -0.333623 -0.315433 -0.370209 -0.386505 -0.450458 -0.380031 0.052499 -0.079227 -0.108452 -0.258249 0.130356 -0.022435 0.282862 -0.010199 0.078410 0.278762 0.219455 0.359255 -0.014388 -0.239074 -0.075793 -0.186961 -0.168959 -0.148790 -0.023583 0.197380 -0.223832 0.089957 -0.073530 0.204920 -0.111420 -0.050323 -0.261006 -0.158241 0.198939 -0.122927 -0.080892 -0.129972 -0.019787 -0.051155
-0.502262 -0.134321 0.378696 1.000000 -0.080658 0.135722 0.135297 0.289949 -0.089513 0.155221 -0.244144 -0.324779 -0.551983 -0.419324 -0.300407 -0.137075 -0.012279 -0.512210 0.430722 0.434311 0.206685 0.213168 0.648148 0.809687 0.169543 0.326847 0.547627 0.309628 -0.321285 -0.440427 0.185693 0.232622 -0.249135 -0.075259 0.239571 0.435280 -0.338304 -0.474885 0.034242 -0.094500 -0.245169 -0.383894 -0.111799 -0.130391 -0.105820 0.223738 -0.397915 -0.139835 -0.366407 -0.117069 0.034743 -0.224802 -0.189622 -0.032500 -0.283660 -0.504643 -0.087783 -0.003252 0.000417 0.037369 -0.355917 -0.303391 -0.253499 -0.308197 0.517356 0.250177 0.098634 0.364360 0.225819 0.265346 -0.309264 -0.337796 -0.385810 -0.333167 -0.364589 -0.374963 -0.452569 -0.309205 -0.117977 -0.183566 -0.119996 -0.224494 0.153875 0.260670 0.118713 0.052873 0.199723 0.129449 0.140666 0.079117 -0.088340 0.078090 0.300576 0.329512 0.122109 -0.335917 -0.365423 -0.209288 -0.437114 -0.456466 0.219760 0.022505 -0.054910 0.127192 -0.147131 0.112371 -0.179599 0.037236 -0.160446 -0.107818 0.124721 -0.093011 0.024365 -0.148397 0.005774 0.030558
0.025639 -0.383027 0.203933 -0.080658 1.000000 0.531951 0.142013 -0.104138 0.582155 0.225215 0.014194 -0.086785 -0.013298 -0.064374 0.404516 0.122301 -0.441095 -0.384161 0.039199 -0.035767 0.268342 0.273414 0.082432 0.203800 0.371485 0.301672 0.248612 0.514414 -0.310403 -0.432821 0.102673 0.207792 -0.383660 -0.159807 0.275584 0.395188 -0.321939 -0.232985 0.178985 0.050245 0.015878 -0.173819 -0.129726 -0.109363 0.092546 0.258276 -0.124824 -0.090655 0.047356 -0.135276 -0.032790 -0.106510 0.028463 -0.081613 0.015629 -0.122146 -0.238616 -0.179636 0.176810 0.219598 0.052175 -0.009767 -0.240184 -0.304774 0.133737 0.315320 0.174425 0.301257 0.209382 0.278421 -0.010954 -0.008157 -0.369448 -0.406813 -0.281853 -0.267346 -0.269247 -0.205915 -0.312086 -0.365087 -0.516621 -0.460517 -0.047469 -0.284152 -0.142581 -0.430197 -0.031491 -0.152763 0.098911 0.035941 0.078437 0.309213 0.498502 0.438140 -0.004245 -0.037205 0.073125 0.033099 -0.259375 -0.193110 0.103464 0.207959 0.024827 0.246088 0.190788 0.329396 -0.004234 -0.000081 0.018216 0.034472 0.499906 0.116808 -0.232071 0.341628 0.317388 -0.069012
-0.144745 -0.199156 0.030589 0.135722 0.531951 1.000000 0.290951 0.256277 0.189042 0.638801 -0.297125 -0.009860 -0.172060 -0.077679 -0.094334 0.248649 -0.359486 -0.416917 -0.143035 0.271436 0.041643 0.153513 -0.040907 0.323665 0.284597 0.440127 0.316891 0.636213 -0.512909 -0.344983 0.078544 0.348647 -0.300889 0.101791 0.338076 0.525921 -0.337659 -0.166074 0.037614 0.131081 -0.108265 -0.367110 -0.229494 -0.160883 -0.038599 0.328024 -0.436818 -0.154128 -0.365618 -0.364828 -0.328841 -0.345707 -0.049532 -0.180776 -0.230722 -0.295263 0.025823 0.021556 0.055497 0.131051 -0.034498 0.118882 -0.147508 -0.090044 0.181078 0.466012 0.043468 0.452454 0.336639 0.494729 -0.142988 0.013812 -0.385010 -0.312879 -0.286347 -0.282863 -0.377091 -0.134392 -0.256721 -0.210705 -0.364897 -0.347879 -0.366765 -0.374430 -0.336689 -0.325362 -0.295917 -0.194397 -0.106173 0.053486 -0.032990 0.223986 0.495656 0.352646 0.093187 0.100130 -0.093405 0.024272 -0.467647 -0.357083 0.063727 0.018069 -0.070436 0.354742 0.288004 0.380135 0.095627 0.166223 0.038170 -0.003851 0.354115 0.098166 -0.122540 0.081051 0.367406 -0.040863
-0.125843 -0.572949 0.615332 0.135297 0.142013 0.290951 1.000000 0.451463 0.157798 0.110465 -0.203814 -0.151328 0.138020 -0.208216 -0.209876 -0.074748 -0.220366 -0.286282 -0.261013 -0.160220 0.214421 0.229205 0.131160 0.280155 0.452545 0.454758 0.305395 0.209125 -0.267133 -0.297185 0.322814 0.453315 0.028321 0.195471 0.380091 0.330031 -0.176375 -0.156910 0.129209 -0.017001 0.043839 -0.256112 0.028352 0.093239 0.017306 0.193185 -0.107087 -0.015312 -0.106823 -0.034463 -0.191212 -0.191821 -0.270412 -0.390841 -0.082374 -0.103698 -0.367719 -0.444718 -0.076034 -0.136621 0.096366 -0.065612 -0.123693 -0.292365 0.177116 0.349356 0.262143 0.420984 -0.229817 -0.054605 -0.078324 -0.073146 -0.095056 0.038676 0.148435 -0.011482 -0.036230 -0.008461 -0.327650 -0.339938 -0.424505 -0.369339 -0.194271 -0.201884 -0.143765 -0.251853 0.011816 -0.001155 0.256227 -0.081755 -0.158097 0.050965 0.251231 0.269178 -0.171284 -0.090171 0.049078 -0.130205 -0.291293 -0.167883 0.017363 0.145379 -0.083100 0.069174 0.144296 0.114503 -0.109591 -0.024077 -0.122574 -0.212468 0.176222 -0.245781 -0.196965 -0.141801 -0.006320 0.081770
-0.249068 -0.217765 0.033618 0.289949 -0.104138 0.256277 0.451463 1.000000 0.087608 0.473684 -0.290731 0.043315 0.083117 0.114668 -0.060416 0.143116 -0.074864 -0.256776 -0.366996 0.023802 0.000741 0.017384 -0.178861 0.165229 0.186330 0.284692 -0.055477 0.069672 -0.216150 -0.087357 -0.072749 0.365953 0.177387 0.451481 0.245656 0.358225 -0.163634 -0.144600 -0.181493 -0.052281 -0.293412 -0.244114 -0.171892 -0.041634 -0.202384 0.156251 -0.268349 -0.065046 -0.259777 -0.201339 -0.279086 -0.211853 -0.081180 -0.208630 -0.253746 -0.305661 -0.087813 -0.286341 -0.156796 0.014870 0.192543 0.277303 0.123586 0.093471 0.130351 0.472484 0.147733 0.349031 -0.134562 0.007761 -0.228525 0.017085 0.039401 0.024544 -0.002733 0.061304 0.062185 0.221416 -0.077843 -0.193143 -0.227501 -0.176099 -0.346051 -0.185640 -0.202732 -0.159342 -0.263878 -0.232863 -0.048318 -0.018274 -0.184399 -0.304046 0.261882 -0.067677 -0.029167 -0.025750 -0.146551 -0.163583 -0.361464 -0.355383 0.292836 -0.264904 0.106067 -0.102245 0.043136 -0.105438 0.030317 0.063147 -0.158148 -0.136348 -0.082642 -0.361379 -0.107177 -0.350822 -0.132142 0.005770
-0.008815 -0.190129 0.238756 -0.089513 0.582155 0.189042 0.157798 0.087608 1.000000 0.292907 -0.020715 0.342564 0.185520 0.266595 0.748962 0.434100 -0.258847 -0.293182 -0.209730 -0.251678 -0.012502 -0.016889 -0.088312 0.055243 0.181873 0.100296 -0.192276 0.093523 -0.035100 -0.282756 0.046223 0.238762 -0.222490 0.051914 -0.013163 0.247080 -0.278551 -0.252847 0.118258 -0.022483 -0.170662 -0.126941 0.004593 -0.035194 0.241575 0.159221 0.039619 -0.074389 0.134434 0.036307 0.112024 -0.041988 0.030959 -0.192059 0.006855 -0.003270 -0.350677 -0.278627 0.130553 0.068441 0.357135 0.230467 -0.170862 0.059590 0.315397 0.354670 -0.015841 0.044521 -0.126074 -0.016629 0.054955 0.140171 -0.110579 -0.260925 -0.031327 0.012086 -0.103263 -0.039852 -0.341397 -0.369061 -0.379320 -0.413687 0.104096 -0.255767 0.064782 -0.229520 0.032819 -0.116135 0.341064 0.088071 0.062963 -0.127024 0.264903 0.019000 -0.208316 -0.052780 0.045956 -0.256851 -0.119489 -0.223045 0.169948 0.027745 -0.145555 -0.112587 0.056630 -0.013087 -0.100190 -0.214295 -0.206556 -0.143406 0.125723 -0.127576 -0.181818 0.020138 -0.100314 0.048917
-0.058203 0.086405 -0.053508 0.155221 0.225215 0.638801 0.110465 0.473684 0.292907 1.000000 -0.222271 0.351393 0.061171 0.336230 0.041192 0.558250 -0.059731 -0.244297 -0.168746 0.189618 -0.163874 -0.146482 -0.305796 0.129547 -0.077865 0.074997 -0.106980 0.145314 -0.247367 -0.115836 -0.257309 0.213686 -0.141012 0.233435 0.010260 0.250072 -0.326807 -0.246912 -0.190006 -0.104066 -0.299478 -0.298261 -0.223419 -0.225953 -0.032399 0.149675 -0.352495 -0.103509 -0.194730 -0.225097 -0.123060 -0.114188 0.241606 0.044740 -0.218391 -0.387722 0.084425 -0.157385 0.044630 0.191273 0.272573 0.455407 0.017710 0.247640 0.225777 0.360211 -0.129377 0.111449 0.186411 0.316663 -0.253898 0.014398 -0.110576 -0.226270 -0.148131 -0.153229 -0.203943 -0.047308 -0.140543 -0.119756 -0.202804 -0.253566 -0.369661 -0.448199 -0.359625 -0.348404 -0.442060 -0.484081 -0.181950 0.017533 0.106527 0.029284 0.409298 0.062158 -0.053209 0.132120 -0.303925 -0.171985 -0.397597 -0.313731 0.143849 0.020251 -0.053979 0.121864 0.118379 0.103343 0.203551 0.215814 -0.085124 -0.077744 -0.046578 -0.082560 -0.042374 -0.078954 0.146333 -0.062396
0.131864 0.005149 0.036741 -0.244144 0.014194 -0.297125 -0.203814 -0.290731 -0.020715 -0.222271 1.000000 0.160202 0.333985 0.174469 0.175314 -0.089693 0.326233 0.027724 -0.042349 -0.262119 -0.094368 0.029034 0.034408 -0.137390 -0.045467 -0.200917 -0.053969 -0.195419 0.224750 -0.090872 -0.068448 -0.269866 -0.102460 -0.354423 -0.011445 -0.169358 -0.151741 -0.115154 -0.013800 -0.053698 -0.077657 -0.135006 0.069411 0.138455 0.192580 -0.094795 0.094569 0.034490 0.363816 0.193496 0.290505 0.256650 0.205366 0.386012 -0.014063 0.084979 0.050434 0.028417 0.076522 0.124941 0.161325 -0.116090 -0.208661 -0.125882 -0.053519 -0.154602 0.127598 -0.151319 0.039856 -0.080706 0.153611 -0.114541 -0.138576 -0.024093 -0.078189 -0.159450 -0.047535 -0.224993 -0.177222 -0.029016 0.000097 -0.032397 0.369648 -0.052547 0.155506 0.041593 0.102040 0.020269 0.076126 -0.128332 0.041461 0.081427 -0.043129 0.005048 0.048718 0.027234 -0.050366 -0.064164 0.076675 0.115542 -0.349970 -0.210876 -0.165947 -0.098384 -0.048639 0.041805 0.011284 0.122253 -0.145157 -0.106070 -0.020043 0.134307 0.044703 0.106209 0.039169 -0.199559
0.109105 0.361942 -0.204731 -0.324779 -0.086785 -0.009860 -0.151328 0.043315 0.342564 0.351393 0.160202 1.000000 0.383904 0.839243 0.387708 0.736513 0.114465 0.078411 -0.453085 -0.476240 -0.133252 -0.123784 -0.444025 -0.292491 -0.089079 -0.075080 -0.482421 -0.198701 0.149712 0.138634 -0.031059 0.148606 -0.001444 0.164280 -0.275849 -0.187955 0.013115 -0.042858 0.112380 0.022084 -0.131136 0.121209 0.030922 -0.027365 0.220813 -0.097650 0.184218 -0.006551 0.283757 0.081594 0.164113 0.181142 0.279415 0.035103 0.059563 0.230594 -0.060434 -0.215997 0.061979 0.003081 0.512322 0.447887 0.026773 0.492683 0.081644 0.220699 -0.369043 -0.415255 -0.238088 -0.344564 0.096644 0.389782 0.174676 0.092079 0.241324 0.253813 0.135405 0.167859 -0.191723 -0.101798 -0.124848 -0.235660 -0.054266 -0.166041 -0.020582 -0.015187 -0.183461 -0.117489 0.180759 0.252113 0.110340 -0.387360 -0.060347 -0.505559 -0.172354 0.054269 0.169224 -0.259734 0.045937 -0.068846 -0.314053 -0.344834 -0.323202 -0.453142 -0.190648 -0.386940 0.057606 -0.141808 -0.227918 -0.309964 -0.317273 -0.317451 -0.062447 -0.116913 -0.227859 0.098902
0.412111 -0.012372 0.017965 -0.551983 -0.013298 -0.172060 0.138020 0.083117 0.185520 0.061171 0.333985 0.383904 1.000000 0.542259 0.298636 0.366111 0.038451 0.260537 -0.403301 -0.502377 -0.118641 -0.154318 -0.469053 -0.524421 -0.148812 -0.292181 -0.356258 -0.362213 0.289011 0.271866 -0.151453 -0.059985 0.394188 0.286876 -0.200092 -0.348205 0.076716 0.124241 -0.004860 -0.038847 0.057286 0.228636 0.047834 0.005864 0.190671 -0.139140 0.180674 0.000427 0.278873 0.015080 -0.037751 0.054603 0.111606 -0.119019 0.237043 0.255734 -0.127001 -0.367886 -0.168874 -0.128027 0.629382 0.329552 0.412432 0.270219 -0.245785 -0.153491 0.041279 -0.273135 -0.499133 -0.405172 0.259714 0.170506 0.353526 0.367106 0.438417 0.387741 0.505207 0.306580 -0.148212 -0.052708 -0.056401 0.031173 -0.088086 -0.203791 -0.076834 -0.134232 -0.200507 -0.168803 0.051050 -0.157425 -0.001056 -0.213932 -0.127928 -0.298233 -0.191037 0.225971 0.156558 -0.174431 0.174403 0.198226 -0.181149 -0.125051 0.073917 -0.236078 -0.042015 -0.211885 0.163010 -0.085313 -0.102569 -0.101365 -0.141150 -0.097876 0.027219 -0.068824 -0.121998 -0.013279
0.177444 0.326853 -0.337076 -0.419324 -0.064374 -0.077679 -0.208216 0.114668 0.266595 0.336230 0.174469 0.839243 0.542259 1.000000 0.372960 0.684253 0.066601 0.238565 -0.458419 -0.413644 -0.164542 -0.121106 -0.511338 -0.434141 -0.157918 -0.194991 -0.512842 -0.246675 0.228896 0.253212 -0.160883 0.061711 0.163857 0.247056 -0.303895 -0.296933 0.075155 0.062989 0.086135 0.029160 -0.047345 0.176636 0.054721 -0.023620 0.172972 -0.080793 0.149710 0.068202 0.264843 -0.007633 0.031875 0.140426 0.228422 0.045992 0.069031 0.142009 -0.035305 -0.223740 -0.014834 -0.055000 0.489668 0.409649 0.167705 0.540433 -0.141218 0.068700 -0.239252 -0.396225 -0.203717 -0.335461 0.077543 0.346524 0.250780 0.105279 0.258778 0.293403 0.275184 0.269539 -0.093267 -0.107162 -0.090784 -0.149900 -0.111952 -0.112780 -0.131295 -0.093359 -0.313230 -0.210090 -0.027286 0.067945 0.142999 -0.307075 -0.005680 -0.446855 -0.180478 0.192136 0.119256 -0.179588 -0.014019 0.048556 -0.143135 -0.297840 -0.038426 -0.364432 -0.129901 -0.312746 0.109926 -0.017809 -0.154725 -0.163547 -0.308960 -0.274429 -0.114248 -0.081051 -0.073191 -0.013652
0.149033 -0.032022 -0.060320 -0.300407 0.404516 -0.094334 -0.209876 -0.060416 0.748962 0.041192 0.175314 0.387708 0.298636 0.372960 1.000000 0.485372 -0.302043 -0.115511 -0.202064 -0.428932 0.060812 0.002345 -0.225581 -0.240197 0.001566 -0.125748 -0.373344 -0.096328 0.127557 -0.036687 0.037149 0.100717 -0.118695 0.029622 -0.189002 0.052307 -0.025186 -0.063258 0.146648 0.123594 -0.039208 0.179528 -0.042187 -0.041328 0.115293 -0.043334 0.147198 -0.084161 0.220899 -0.057649 0.204908 -0.000597 0.063021 -0.075402 0.057679 0.135532 -0.276886 -0.211296 0.041074 -0.004048 0.458934 0.331629 0.058271 0.156503 0.236237 0.216178 -0.180869 -0.203963 -0.216839 -0.218216 0.242969 0.318771 -0.001876 -0.054402 0.024988 0.208460 0.095195 0.191165 -0.149336 -0.158713 -0.245593 -0.189612 0.227907 -0.077964 0.235535 -0.112616 0.142684 0.055764 0.377723 0.234985 -0.045963 -0.212642 0.008796 -0.191539 -0.031173 -0.032024 0.189136 -0.213773 -0.023374 -0.142362 0.054338 -0.144788 -0.109497 -0.270268 -0.071439 -0.228008 -0.014822 -0.153807 -0.128557 -0.118946 0.015697 -0.128391 -0.235928 0.082705 -0.184608 -0.044858
-0.002629 0.238288 -0.097573 -0.137075 0.122301 0.248649 -0.074748 0.143116 0.434100 0.558250 -0.089693 0.736513 0.366111 0.684253 0.485372 1.000000 -0.081056 0.016877 -0.368741 -0.338494 -0.009766 0.073464 -0.390875 -0.161101 -0.037396 0.018758 -0.358465 0.001947 0.031873 0.118795 -0.048852 0.256066 -0.041509 0.218206 -0.193659 -0.026989 -0.014251 -0.052167 0.156441 0.130683 -0.078098 0.119253 -0.121025 -0.216703 0.086358 -0.050960 -0.040904 -0.152166 0.012897 -0.227101 0.009186 -0.114606 0.145321 -0.111000 -0.027705 0.005562 -0.112795 -0.242140 -0.070474 -0.056567 0.456730 0.491896 0.199675 0.476752 0.175138 0.285502 -0.381103 -0.292866 -0.152392 -0.184111 -0.007450 0.269705 0.077964 0.045473 0.142841 0.188547 0.051700 0.253385 -0.153017 -0.070686 -0.173380 -0.196366 -0.092847 -0.122543 -0.068134 -0.197098 -0.216912 -0.153778 0.142243 0.179694 -0.005671 -0.313881 0.018204 -0.358140 -0.014380 0.136023 0.113154 -0.217583 -0.146932 -0.212224 -0.024765 -0.225704 -0.199006 -0.329149 -0.038793 -0.260136 0.073964 -0.012811 -0.122167 -0.109278 -0.155035 -0.275432 -0.241597 -0.133627 -0.088809 -0.023824
-0.062707 0.412643 -0.139740 -0.012279 -0.441095 -0.359486 -0.220366 -0.074864 -0.258847 -0.059731 0.326233 0.114465 0.038451 0.066601 -0.302043 -0.081056 1.000000 0.439527 0.111051 0.153686 -0.421729 -0.404705 -0.187016 -0.223167 -0.340589 -0.343400 -0.348555 -0.388014 0.480914 0.337096 -0.327337 -0.309400 0.125824 -0.067778 -0.318828 -0.375922 0.094280 0.015110 -0.184302 -0.205595 0.015923 -0.100468 0.004950 -0.050835 -0.102750 -0.212059 -0.041544 -0.068505 -0.002059 0.164517 -0.052179 0.081201 0.096268 0.242801 -0.194873 0.052777 0.520020 0.374675 -0.128905 -0.017272 -0.059878 0.038124 0.057180 0.338146 -0.197338 -0.347183 -0.183136 -0.295272 0.091531 0.059954 -0.066931 -0.126141 0.376987 0.086127 0.047613 -0.046368 0.103044 -0.024272 0.209905 0.359339 0.623583 0.391291 0.321102 0.121225 0.171026 0.264503 -0.021737 -0.138463 -0.240666 -0.302589 0.069515 -0.081161 -0.400032 -0.202166 -0.218511 0.074911 -0.280133 -0.064494 0.252315 0.145797 -0.201057 -0.008393 -0.192329 -0.052970 -0.192970 -0.019409 0.024505 -0.052430 -0.133920 -0.026803 -0.436078 0.115713 0.259881 -0.253443 -0.044533 -0.114047
0.265706 0.507926 -0.340500 -0.512210 -0.384161 -0.416917 -0.286282 -0.256776 -0.293182 -0.244297 0.027724 0.078411 0.260537 0.238565 -0.115511 0.016877 0.439527 1.000000 -0.039407 0.039026 -0.377705 -0.411274 -0.477417 -0.694067 -0.523670 -0.581986 -0.544506 -0.534121 0.578309 0.718065 -0.404689 -0.410504 0.441827 0.165196 -0.454515 -0.634014 0.497484 0.477395 -0.181055 -0.025097 0.284798 0.367871 -0.010718 -0.058568 -0.247698 -0.406670 0.110587 0.060245 0.021122 0.010443 -0.165742 0.115133 0.069701 0.212300 0.127398 0.244741 0.321237 0.424548 -0.227929 -0.174419 0.035665 0.151771 0.376361 0.493018 -0.592526 -0.643176 -0.307709 -0.540214 -0.072030 -0.118658 0.122555 0.017414 0.598171 0.402697 0.307918 0.210371 0.384810 0.271158 0.448790 0.440567 0.585784 0.689280 0.008251 0.106690 -0.080681 0.211596 -0.270180 -0.148411 -0.282065 -0.332429 0.202706 0.019837 -0.470969 -0.338084 -0.041312 0.204109 0.001327 0.233770 0.472386 0.392985 -0.074380 0.070517 0.131676 -0.112642 0.025551 -0.051652 0.188323 -0.110561 0.056512 0.213763 -0.329990 0.258671 0.160993 -0.025396 0.076856 -0.112100
0.108626 0.036184 0.242586 0.430722 0.039199 -0.143035 -0.261013 -0.366996 -0.209730 -0.168746 -0.042349 -0.453085 -0.403301 -0.458419 -0.202064 -0.368741 0.111051 -0.039407 1.000000 0.590635 0.044347 -0.155738 0.474100 0.332753 -0.272440 -0.253408 0.318388 0.043260 0.039343 -0.077790 0.031779 -0.191276 -0.091357 -0.188301 -0.131192 -0.091846 -0.198148 -0.141584 -0.124414 -0.191916 -0.084196 -0.005263 -0.104873 -0.191118 -0.256868 -0.176013 -0.265543 -0.114557 -0.168887 -0.102156 0.102512 -0.075793 0.091150 0.182781 -0.047030 -0.308906 0.125427 0.186417 0.027406 0.047763 -0.306425 -0.323935 -0.063333 -0.280544 0.193885 -0.383804 -0.104762 0.006257 0.280006 0.354772 -0.028077 -0.215615 -0.149096 -0.062505 -0.160005 -0.240743 -0.165013 -0.242940 0.199798 0.206747 0.180595 0.182930 0.306200 0.282052 0.112346 -0.024912 0.181300 -0.080517 -0.100991 -0.041671 0.145792 0.422716 0.063883 0.308979 0.013328 -0.260348 -0.374948 -0.024361 -0.053852 -0.066378 0.051587 0.323149 0.040837 0.346504 -0.141642 0.260714 0.057366 0.077624 -0.016297 0.116783 0.049512 0.209264 0.054048 0.082874 0.201923 -0.147875
0.029708 0.158831 -0.047217 0.434311 -0.035767 0.271436 -0.160220 0.023802 -0.251678 0.189618 -0.262119 -0.476240 -0.502377 -0.413644 -0.428932 -0.338494 0.153686 0.039026 0.590635 1.000000 -0.290400 -0.207116 0.202366 0.296508 -0.216621 -0.105807 0.195580 0.187304 -0.097674 -0.014352 -0.194006 -0.063914 0.006673 0.081747 -0.034955 0.036372 -0.168418 -0.162805 -0.281383 -0.130943 -0.098201 -0.258720 -0.359305 -0.336375 -0.462426 -0.102904 -0.579673 -0.231118 -0.557383 -0.349410 -0.333547 -0.346532 -0.050667 0.153122 -0.315495 -0.534401 0.372457 0.487162 0.004508 0.071740 -0.336476 -0.121205 -0.063081 -0.015915 0.006235 -0.224325 -0.061343 0.187986 0.571492 0.678902 -0.210022 -0.281505 -0.170474 -0.241285 -0.354635 -0.382411 -0.306790 -0.270359 0.295144 0.260729 0.329424 0.285041 -0.041791 0.031925 -0.119161 0.045389 -0.221799 -0.254550 -0.381777 -0.213745 0.065098 0.467619 0.238782 0.432013 0.139043 -0.072329 -0.472856 0.123291 -0.217284 -0.203772 0.289593 0.300624 0.115484 0.489387 0.184403 0.466818 0.078927 0.114739 0.109643 0.190546 0.106861 0.331075 0.168282 -0.066218 0.351466 -0.129037
-0.205122 -0.470945 0.345517 0.206685 0.268342 0.041643 0.214421 0.000741 -0.012502 -0.163874 -0.094368 -0.133252 -0.118641 -0.164542 0.060812 -0.009766 -0.421729 -0.377705 0.044347 -0.290400 1.000000 0.692752 0.384470 0.385763 0.551350 0.535187 0.420175 0.301632 -0.282990 -0.400394 0.439021 0.265952 -0.324100 -0.201975 0.440567 0.447439 0.013733 -0.146448 0.379462 0.286721 0.078373 0.106889 0.139425 0.102343 0.094545 0.210718 0.127894 0.073161 0.119344 -0.022415 0.090538 -0.030745 -0.119688 -0.270416 0.341798 0.001366 -0.470508 -0.440150 -0.052012 0.020538 -0.156952 -0.329104 -0.255720 -0.507066 0.169822 0.318609 0.085519 0.306277 -0.181954 -0.125784 0.170047 0.128846 -0.304580 -0.104767 -0.140645 -0.069821 -0.128548 0.028886 -0.208764 -0.292446 -0.491718 -0.450786 -0.053816 0.216248 -0.091068 -0.281059 0.234658 0.337959 0.237198 0.280889 -0.077308 0.007487 0.162312 0.189736 0.172177 -0.061406 0.410383 -0.002669 -0.191436 -0.160050 -0.091901 -0.096066 -0.056291 -0.050040 -0.042151 0.028556 -0.155693 0.045959 -0.046230 -0.009072 0.417930 -0.305455 -0.196950 0.308209 0.019233 0.150277
-0.270126 -0.420491 0.279087 0.213168 0.273414 0.153513 0.229205 0.017384 -0.016889 -0.146482 0.029034 -0.123784 -0.154318 -0.121106 0.002345 0.073464 -0.404705 -0.411274 -0.155738 -0.207116 0.692752 1.000000 0.404972 0.456325 0.677691 0.668770 0.474223 0.477309 -0.380208 -0.501959 0.416329 0.353026 -0.340610 -0.253152 0.505429 0.440727 -0.112688 -0.277060 0.366745 0.168141 0.084436 -0.112432 0.037191 0.059947 0.128845 0.260176 -0.025512 -0.085401 -0.021493 -0.115845 0.015041 -0.126073 -0.110712 -0.148839 0.050657 -0.204798 -0.334050 -0.293198 0.134098 0.136756 -0.075224 -0.251460 -0.219660 -0.379844 0.151587 0.402281 0.279348 0.317806 0.046315 -0.035956 0.003746 -0.044611 -0.538851 -0.245865 -0.292158 -0.168776 -0.408726 -0.150204 -0.256958 -0.295324 -0.442464 -0.469255 -0.050056 0.128061 -0.055347 -0.185706 0.193365 0.324713 0.205437 0.235794 -0.250612 0.026934 0.243587 0.255634 0.372560 -0.150166 0.227496 0.102686 -0.372173 -0.271434 0.073272 -0.114697 -0.027256 -0.036808 0.100565 -0.014096 -0.269002 0.154741 0.043131 0.026911 0.397470 -0.294465 -0.327077 0.099675 0.033123 -0.045798
-0.381779 -0.401427 0.461341 0.648148 0.082432 -0.040907 0.131160 -0.178861 -0.088312 -0.305796 0.034408 -0.444025 -0.469053 -0.511338 -0.225581 -0.390875 -0.187016 -0.477417 0.474100 0.202366 0.384470 0.404972 1.000000 0.820683 0.361502 0.411814 0.726410 0.404717 -0.239338 -0.494540 0.452282 0.121313 -0.378864 -0.328387 0.421061 0.397711 -0.287611 -0.393346 0.243088 -0.018662 -0.024177 -0.304992 0.048187 0.064887 0.073878 0.161763 -0.143413 -0.069904 -0.133290 -0.004477 0.166697 -0.099759 -0.211193 -0.066026 -0.019741 -0.233287 -0.265541 -0.052211 0.054491 0.038052 -0.432724 -0.599495 -0.372119 -0.681103 0.390381 0.073551 0.277067 0.446886 0.220124 0.173127 -0.020908 -0.396939 -0.452766 -0.345602 -0.298832 -0.337166 -0.466257 -0.474704 -0.151986 -0.103171 -0.210613 -0.294184 0.352144 0.409534 0.258891 0.042189 0.473580 0.380828 0.328711 0.095125 -0.113223 0.212524 0.218809 0.407981 -0.006802 -0.285395 -0.073528 -0.173474 -0.254065 -0.247137 0.055749 0.039702 -0.099921 0.177600 0.003464 0.178927 -0.405699 -0.085691 -0.103441 -0.100132 0.322458 -0.014391 -0.007432 0.128041 0.062333 -0.002953
-0.536919 -0.447852 0.500804 0.809687 0.203800 0.323665 0.280155 0.165229 0.055243 0.129547 -0.137390 -0.292491 -0.524421 -0.434141 -0.240197 -0.161101 -0.223167 -0.694067 0.332753 0.296508 0.385763 0.456325 0.820683 1.000000 0.454511 0.604943 0.754293 0.616585 -0.501609 -0.679503 0.435443 0.350358 -0.464464 -0.191680 0.491951 0.635499 -0.492630 -0.530462 0.163189 -0.012007 -0.187410 -0.458789 -0.070872 -0.030174 0.042640 0.356050 -0.351039 -0.133654 -0.294101 -0.117544 -0.002941 -0.240096 -0.222686 -0.188642 -0.208710 -0.421943 -0.261238 -0.154212 0.099435 0.166215 -0.346436 -0.419629 -0.468306 -0.539243 0.531458 0.408529 0.231544 0.629693 0.242949 0.348889 -0.225763 -0.308911 -0.596117 -0.470024 -0.426458 -0.422922 -0.614030 -0.465970 -0.272285 -0.302605 -0.403851 -0.492777 0.070648 0.148865 0.027475 -0.099523 0.217864 0.170754 0.246961 0.173333 -0.125726 0.193522 0.472931 0.441718 0.050646 -0.291098 -0.165978 -0.229624 -0.518919 -0.485642 0.091638 -0.015801 -0.240420 0.263762 0.040846 0.267501 -0.308433 0.045542 -0.150040 -0.164122 0.363732 -0.112483 -0.065276 0.008529 0.110396 0.018710
-0.338874 -0.594650 0.252633 0.169543 0.371485 0.284597 0.452545 0.186330 0.181873 -0.077865 -0.045467 -0.089079 -0.148812 -0.157918 0.001566 -0.037396 -0.340589 -0.523670 -0.272440 -0.216621 0.551350 0.677691 0.361502 0.454511 1.000000 0.861175 0.425544 0.503697 -0.396207 -0.456522 0.590862 0.528146 -0.186014 -0.000375 0.648021 0.561789 -0.121940 -0.276241 0.449169 0.226113 0.121029 -0.314265 -0.052816 0.056652 0.134573 0.366157 0.014237 -0.168195 -0.126103 -0.143363 -0.107438 -0.308822 -0.264427 -0.418518 0.052305 -0.108942 -0.280151 -0.360539 0.124153 -0.080670 -0.004559 -0.201702 -0.249319 -0.403741 0.278246 0.625056 0.183551 0.421694 -0.012513 -0.059145 -0.107571 0.061194 -0.323414 -0.245117 -0.231590 -0.083062 -0.139299 -0.043090 -0.375161 -0.279048 -0.427691 -0.520502 -0.075705 0.056510 0.036264 -0.095980 0.159816 0.229669 0.349763 0.171086 -0.387085 -0.139067 0.234020 0.234318 0.097868 -0.060563 0.354381 -0.121766 -0.336360 -0.284444 -0.092207 -0.133148 -0.067561 0.015012 0.173075 -0.025436 -0.370476 -0.083610 0.031327 -0.131923 0.365710 -0.194123 -0.222104 0.063630 -0.119779 0.165720
-0.433766 -0.547849 0.214063 0.326847 0.301672 0.440127 0.454758 0.284692 0.100296 0.074997 -0.200917 -0.075080 -0.292181 -0.194991 -0.125748 0.018758 -0.343400 -0.581986 -0.253408 -0.105807 0.535187 0.668770 0.411814 0.604943 0.861175 1.000000 0.527813 0.713593 -0.487825 -0.460299 0.655653 0.674774 -0.294993 0.048990 0.667931 0.642231 -0.122770 -0.307489 0.436261 0.273690 0.083621 -0.318195 -0.152915 -0.034564 0.051975 0.353319 -0.150687 -0.228989 -0.272460 -0.242990 -0.165552 -0.339290 -0.297054 -0.422630 -0.038997 -0.135756 -0.270085 -0.288762 0.049116 -0.049965 -0.135483 -0.148401 -0.245683 -0.341526 0.338320 0.667438 0.137299 0.522019 -0.026829 0.018250 -0.080305 0.055792 -0.382568 -0.247229 -0.261053 -0.124813 -0.300031 -0.052986 -0.368410 -0.360797 -0.421492 -0.533864 -0.088825 0.101401 0.036942 -0.084115 0.117465 0.246802 0.332521 0.267265 -0.418992 -0.163857 0.234553 0.223719 0.056161 -0.135942 0.298178 -0.184074 -0.475965 -0.463054 -0.049046 -0.183675 -0.237141 -0.000738 0.118695 -0.021102 -0.379086 -0.022380 -0.013126 -0.179015 0.367749 -0.270449 -0.349963 0.009571 -0.050049 0.094553
-0.242769 -0.484886 0.468459 0.547627 0.248612 0.316891 0.305395 -0.055477 -0.192276 -0.106980 -0.053969 -0.482421 -0.356258 -0.512842 -0.373344 -0.358465 -0.348555 -0.544506 0.318388 0.195580 0.420175 0.474223 0.726410 0.754293 0.425544 0.527813 1.000000 0.637863 -0.521191 -0.617690 0.442785 0.182211 -0.307656 -0.231626 0.575281 0.460925 -0.374052 -0.352067 0.198566 -0.000097 -0.070008 -0.350420 0.032279 0.075112 0.074959 0.338558 -0.198711 0.009619 -0.171321 -0.104942 -0.009094 -0.136809 -0.253007 -0.116112 -0.029636 -0.282517 -0.226087 -0.080876 0.095257 0.107578 -0.323949 -0.471149 -0.354274 -0.569836 0.307578 0.215213 0.350728 0.597472 0.145378 0.249943 -0.200108 -0.336945 -0.615872 -0.375082 -0.347093 -0.460599 -0.459138 -0.392778 -0.246946 -0.293577 -0.410710 -0.393729 -0.031229 0.088445 -0.060781 -0.150179 0.194647 0.235974 0.180958 0.068056 -0.112616 0.328856 0.336254 0.456655 0.210693 -0.247654 0.030862 -0.094123 -0.351379 -0.207376 -0.021136 -0.006006 -0.065219 0.336644 0.012694 0.280764 -0.182791 0.135859 0.021954 -0.088271 0.428028 0.014503 -0.110678 0.077975 0.191761 -0.107363
-0.281103 -0.437697 0.092282 0.309628 0.514414 0.636213 0.209125 0.069672 0.093523 0.145314 -0.195419 -0.198701 -0.362213 -0.246675 -0.096328 0.001947 -0.388014 -0.534121 0.043260 0.187304 0.301632 0.477309 0.404717 0.616585 0.503697 0.713593 0.637863 1.000000 -0.594816 -0.481705 0.458752 0.442582 -0.376386 -0.043874 0.519465 0.586851 -0.224831 -0.201966 0.324092 0.204286 0.018768 -0.266848 -0.279439 -0.191649 -0.034289 0.316047 -0.376808 -0.280763 -0.351956 -0.353095 -0.273038 -0.387828 -0.282263 -0.312745 -0.149539 -0.234132 -0.124926 0.001468 0.094652 0.063700 -0.267947 -0.167526 -0.263642 -0.254929 0.261605 0.484797 0.144609 0.604058 0.261264 0.349893 -0.127718 -0.028292 -0.548103 -0.406845 -0.386810 -0.363063 -0.440465 -0.216551 -0.217364 -0.303298 -0.382755 -0.437971 -0.119418 -0.028921 -0.042612 -0.155417 0.012464 0.151179 0.149377 0.143287 -0.293384 0.164052 0.421871 0.364437 0.105990 -0.113774 0.145779 -0.066794 -0.538313 -0.466268 -0.002850 -0.071625 -0.210767 0.246673 0.148226 0.310616 -0.115728 0.156239 0.041277 -0.113123 0.459236 -0.036829 -0.327790 0.150216 0.293942 -0.140201
0.166748 0.329168 -0.198586 -0.321285 -0.310403 -0.512909 -0.267133 -0.216150 -0.035100 -0.247367 0.224750 0.149712 0.289011 0.228896 0.127557 0.031873 0.480914 0.578309 0.039343 -0.097674 -0.282990 -0.380208 -0.239338 -0.501609 -0.396207 -0.487825 -0.521191 -0.594816 1.000000 0.673570 -0.147332 -0.171484 0.369423 0.115709 -0.390279 -0.545112 0.326494 0.307502 -0.041565 -0.005760 0.289050 0.290516 0.051449 -0.056807 -0.168979 -0.399003 0.171100 -0.000650 -0.002595 0.047323 -0.096822 0.011701 -0.133465 0.126758 -0.055039 0.203459 0.224114 0.162300 -0.372670 -0.310586 0.103522 0.010069 0.310473 0.281429 -0.214693 -0.489601 -0.280005 -0.502199 -0.251771 -0.319955 0.165463 0.065850 0.637094 0.324585 0.451160 0.484412 0.405495 0.250376 0.297906 0.326880 0.620580 0.542941 0.501412 0.406573 0.426675 0.392204 0.106519 -0.033372 -0.022285 -0.275020 -0.050386 -0.273175 -0.558263 -0.353137 -0.330974 0.182789 -0.055801 -0.017000 0.370519 0.246943 -0.061355 -0.108400 0.026421 -0.348066 -0.102596 -0.279880 -0.043897 -0.418906 -0.031963 0.115159 -0.351483 0.112793 0.075681 -0.034188 -0.192299 0.028858
0.215000 0.467233 -0.508953 -0.440427 -0.432821 -0.344983 -0.297185 -0.087357 -0.282756 -0.115836 -0.090872 0.138634 0.271866 0.253212 -0.036687 0.118795 0.337096 0.718065 -0.077790 -0.014352 -0.400394 -0.501959 -0.494540 -0.679503 -0.456522 -0.460299 -0.617690 -0.481705 0.673570 1.000000 -0.143933 -0.095973 0.620200 0.445903 -0.457634 -0.641907 0.643410 0.570569 -0.126247 0.049416 0.377006 0.495733 -0.115961 -0.128495 -0.297308 -0.420189 0.132887 -0.084689 -0.150167 -0.118718 -0.212984 -0.085943 -0.058187 0.064536 0.065521 0.250191 0.292042 0.237136 -0.372424 -0.458717 0.039271 0.236974 0.573533 0.515957 -0.413444 -0.492237 -0.421313 -0.572682 -0.242716 -0.374001 0.123848 0.265075 0.815701 0.598289 0.553929 0.555028 0.612323 0.521558 0.531017 0.475571 0.688759 0.750228 0.076461 0.300284 0.205859 0.425915 -0.114253 -0.143985 -0.231367 -0.234171 -0.141015 -0.339956 -0.594120 -0.487851 -0.279716 0.294230 0.022920 0.045754 0.400602 0.274928 -0.014319 -0.052814 0.129759 -0.310582 -0.126000 -0.299052 0.072622 -0.240189 0.109759 0.085222 -0.485806 0.091436 0.168789 -0.114486 -0.179368 0.001834
-0.227399 -0.455829 0.275187 0.185693 0.102673 0.078544 0.322814 -0.072749 0.046223 -0.257309 -0.068448 -0.031059 -0.151453 -0.160883 0.037149 -0.048852 -0.327337 -0.404689 0.031779 -0.194006 0.439021 0.416329 0.452282 0.435443 0.590862 0.655653 0.442785 0.458752 -0.147332 -0.143933 1.000000 0.716963 -0.079612 0.168020 0.346532 0.261021 0.098878 -0.088338 0.501499 0.275652 0.326097 0.077914 -0.068137 -0.022773 0.010809 0.123047 0.003406 -0.231402 -0.211529 -0.210907 -0.026856 -0.373645 -0.429368 -0.453617 -0.014329 0.012256 -0.313910 -0.320891 -0.100941 -0.431557 -0.032130 -0.269031 -0.087708 -0.283120 0.422766 0.314709 -0.161118 0.196654 -0.336341 -0.241331 0.058384 0.257433 -0.127562 0.123918 0.173950 0.279365 -0.012896 0.148819 -0.230948 -0.212658 -0.270572 -0.285932 0.218660 0.363023 0.353084 0.155609 0.400660 0.404131 0.535434 0.265130 -0.500399 -0.214937 -0.113577 -0.007709 -0.127458 -0.101520 0.350807 -0.289645 -0.320260 -0.290004 -0.291863 -0.207490 -0.394778 -0.123547 -0.096740 -0.171396 -0.317061 -0.160045 -0.019623 -0.263949 0.168597 -0.184652 -0.239550 0.033693 -0.217306 0.147728
-0.189712 -0.299788 0.172787 0.232622 0.207792 0.348647 0.453315 0.365953 0.238762 0.213686 -0.269866 0.148606 -0.059985 0.061711 0.100717 0.256066 -0.309400 -0.410504 -0.191276 -0.063914 0.265952 0.353026 0.121313 0.350358 0.528146 0.674774 0.182211 0.442582 -0.171484 -0.095973 0.716963 1.000000 -0.004241 0.488292 0.270446 0.295468 0.011085 -0.172077 0.429662 0.294505 0.252880 -0.018071 -0.255377 -0.240645 -0.152787 0.128509 -0.216429 -0.357391 -0.416314 -0.396984 -0.244347 -0.501095 -0.332891 -0.468471 -0.128140 -0.144068 -0.239946 -0.380742 -0.173322 -0.331117 0.151988 0.117167 0.051087 -0.057179 0.371414 0.524506 -0.201511 0.187713 -0.250724 -0.171634 -0.063647 0.349283 -0.074137 0.051143 0.137345 0.278652 -0.021474 0.273002 -0.235104 -0.330564 -0.287943 -0.346810 -0.006148 0.114922 0.180510 0.020202 0.156675 0.122665 0.375667 0.283675 -0.521560 -0.318609 0.139933 -0.027142 -0.226248 -0.109340 0.154029 -0.302845 -0.505639 -0.513335 -0.064353 -0.211562 -0.365609 -0.249032 -0.031207 -0.224719 -0.212871 -0.183800 -0.066850 -0.253827 0.114981 -0.348074 -0.329272 -0.061106 -0.170694 0.123029
0.188049 0.085388 -0.259828 -0.249135 -0.383660 -0.300889 0.028321 0.177387 -0.222490 -0.141012 -0.102460 -0.001444 0.394188 0.163857 -0.118695 -0.041509 0.125824 0.441827 -0.091357 0.006673 -0.324100 -0.340610 -0.378864 -0.464464 -0.186014 -0.294993 -0.307656 -0.376386 0.369423 0.620200 -0.079612 -0.004241 1.000000 0.686666 -0.145086 -0.404078 0.347507 0.339742 -0.011592 -0.095665 0.168641 0.250988 -0.123132 -0.072445 -0.154712 -0.157454 0.075997 0.025739 -0.179900 -0.072544 -0.329250 -0.161147 -0.217816 -0.165332 0.002096 0.132544 0.089390 -0.003304 -0.323063 -0.396586 0.162386 0.185907 0.513379 0.400479 -0.258436 -0.188972 -0.131471 -0.261385 -0.375359 -0.348005 -0.068498 0.132143 0.560003 0.480715 0.492304 0.505856 0.665978 0.576116 0.285494 0.308355 0.400671 0.477057 -0.133680 0.123864 0.057052 0.197445 -0.145780 -0.119664 -0.138589 -0.257773 -0.161115 -0.333638 -0.297297 -0.396652 -0.159137 0.080744 0.074532 -0.050340 0.249428 0.205147 0.059650 -0.120500 0.228183 -0.163584 -0.055560 -0.301226 -0.010311 -0.264114 0.030486 0.073252 -0.326901 0.005291 0.039456 -0.255521 -0.314299 0.086964
0.111478 0.013069 -0.224977 -0.075259 -0.159807 0.101791 0.195471 0.451481 0.051914 0.233435 -0.354423 0.164280 0.286876 0.247056 0.029622 0.218206 -0.067778 0.165196 -0.188301 0.081747 -0.201975 -0.253152 -0.328387 -0.191680 -0.000375 0.048990 -0.231626 -0.043874 0.115709 0.445903 0.168020 0.488292 0.686666 1.000000 -0.051556 -0.103703 0.221964 0.160691 0.087151 0.034503 0.173247 0.133042 -0.284705 -0.224216 -0.255982 -0.062665 -0.146088 -0.209141 -0.400991 -0.287154 -0.473148 -0.397808 -0.284985 -0.364431 -0.032113 -0.063994 0.020101 -0.091525 -0.342310 -0.373946 0.281189 0.411730 0.500135 0.402929 -0.047077 0.111207 -0.333359 -0.085342 -0.333555 -0.229298 -0.053954 0.372197 0.441927 0.402973 0.416804 0.473493 0.484220 0.649377 0.110704 0.040930 0.142347 0.155003 -0.230196 0.041013 -0.048265 0.016847 -0.149134 -0.180050 0.029808 -0.104819 -0.329119 -0.404175 -0.094406 -0.334654 -0.332557 0.016315 0.007151 -0.334911 -0.119287 -0.195748 -0.000807 -0.228681 -0.029145 -0.178924 -0.027116 -0.276088 -0.043869 -0.282165 -0.040462 -0.138617 -0.200645 -0.174447 -0.070250 -0.151704 -0.250607 0.103246
-0.224758 -0.611833 0.228864 0.239571 0.275584 0.338076 0.380091 0.245656 -0.013163 0.010260 -0.011445 -0.275849 -0.200092 -0.303895 -0.189002 -0.193659 -0.318828 -0.454515 -0.131192 -0.034955 0.440567 0.505429 0.421061 0.491951 0.648021 0.667931 0.575281 0.519465 -0.390279 -0.457634 0.346532 0.270446 -0.145086 -0.051556 1.000000 0.654147 -0.198122 -0.228028 0.356476 0.181958 0.040092 -0.355659 -0.175905 -0.002024 0.028418 0.282321 -0.165516 -0.185127 -0.167589 -0.197199 -0.141242 -0.260252 -0.212134 -0.272447 -0.064601 -0.189180 -0.192996 -0.186798 0.098187 -0.022129 -0.093319 -0.240682 -0.177906 -0.472990 0.240863 0.506000 0.286614 0.552127 0.062937 0.080996 -0.001786 -0.164130 -0.359208 -0.281351 -0.302491 -0.277204 -0.307542 -0.134170 -0.292602 -0.200836 -0.383680 -0.413582 -0.094733 -0.026572 -0.062239 -0.161521 0.166185 0.223996 0.192515 -0.050262 -0.293713 0.032112 0.267475 0.358818 0.214228 -0.051200 0.188790 0.078989 -0.314046 -0.298669 0.004922 -0.129172 -0.084177 0.167317 0.137953 0.150574 -0.253109 0.093858 0.102795 0.007155 0.418353 -0.151910 -0.237759 0.073776 0.108032 -0.047021
-0.525725 -0.564553 0.303716 0.435280 0.395188 0.525921 0.330031 0.358225 0.247080 0.250072 -0.169358 -0.187955 -0.348205 -0.296933 0.052307 -0.026989 -0.375922 -0.634014 -0.091846 0.036372 0.447439 0.440727 0.397711 0.635499 0.561789 0.642231 0.460925 0.586851 -0.545112 -0.641907 0.261021 0.295468 -0.404078 -0.103703 0.654147 1.000000 -0.413406 -0.374917 0.179437 0.085771 -0.195369 -0.456414 -0.085272 0.003000 0.141318 0.547370 -0.300256 -0.148251 -0.169024 -0.141066 -0.038176 -0.189307 -0.196877 -0.254210 -0.147292 -0.356859 -0.307164 -0.181940 0.153453 0.217732 -0.168614 -0.156475 -0.378893 -0.420416 0.374677 0.696139 0.253256 0.728824 0.184662 0.392928 -0.023620 -0.110097 -0.508685 -0.448299 -0.476100 -0.323246 -0.546305 -0.225040 -0.409911 -0.388231 -0.528319 -0.566685 -0.161051 -0.187646 -0.154127 -0.280651 0.040345 0.070961 0.231324 0.171768 -0.152086 0.094801 0.415758 0.414722 0.108045 -0.071543 -0.016587 -0.130995 -0.547541 -0.532676 0.080154 -0.125987 -0.129906 0.217610 0.155629 0.280809 -0.205273 0.144148 -0.062084 -0.020012 0.454833 -0.057733 -0.183653 0.161397 0.121931 0.024955
