1.000000 0.559254 0.087322 -0.368669 -0.078905 -0.043055 -0.132322 -0.291739 -0.152346 -0.288812 0.550418 0.216588 0.116262 0.092513 -0.026536 -0.121071 0.222587 0.115350 0.500051 0.263993 -0.055541 -0.031709 -0.231146 -0.386241 -0.207631 -0.383520 -0.166185 -0.353349 0.330838 0.061354 -0.122756 -0.435170 0.210842 -0.124121 -0.177252 -0.299689 -0.151566 -0.189390 -0.030963 -0.200693 -0.059175 -0.219210 0.029585 -0.118945 0.035622 -0.112478 0.070549 -0.039674 0.087975 -0.003629 -0.090241 -0.219179 0.034949 -0.067132 -0.235009 -0.079505 0.432491 0.349590 0.087638 -0.259186 0.167067 0.024017 0.167072 0.189354 -0.198880 -0.213862 -0.051664 -0.341449 0.380738 0.099667 -0.040398 -0.078569 0.216577 -0.007178 0.079164 -0.178511 -0.014699 0.013527 -0.009633 -0.174809 0.012795 0.017531 0.289728 0.123229 0.330166 0.159291 -0.101460 -0.158933 -0.099374 -0.035579 -0.097352 0.264621 -0.292891 0.127479 -0.094641 -0.006636 -0.144172 -0.060025 -0.007686 0.163143 -0.122409 0.271126 0.011239 0.197918 -0.025881 -0.036922 -0.012024 -0.125362 0.005631 -0.117345 -0.247389 0.207869 -0.036422 0.138273 0.093679 0.027421
0.559254 1.000000 -0.171357 -0.262552 -0.327935 0.024511 -0.395049 -0.178902 -0.287098 -0.075639 0.304920 0.302655 -0.238852 0.107825 -0.047211 -0.100982 0.198474 0.414099 0.351222 0.468838 -0.116448 -0.040171 -0.286396 -0.379107 -0.193000 -0.296813 -0.235627 -0.347264 0.188187 0.248405 -0.057191 -0.324224 0.258763 0.046296 -0.286716 -0.330858 -0.143556 -0.180985 -0.135715 -0.247542 -0.156239 -0.047953 0.164166 0.150101 0.190488 0.035155 0.244265 0.233853 -0.015672 0.239498 -0.067538 0.006962 -0.051230 0.261557 -0.264901 0.187304 0.421079 0.652923 -0.293412 -0.197411 -0.212583 -0.018210 -0.056010 0.299283 -0.267722 -0.210452 -0.305138 -0.513395 0.335776 0.072618 -0.185151 -0.246498 0.165702 0.230770 0.214837 0.033674 -0.034818 0.020152 0.012690 -0.010276 0.018226 0.010032 0.227255 0.260824 0.041608 -0.030152 -0.103502 0.032344 -0.220171 -0.007649 0.103886 0.120272 -0.147870 -0.170086 0.034899 -0.143455 -0.124970 0.164647 0.272210 0.303811 -0.079589 0.131358 0.221325 0.163147 -0.069473 -0.091853 -0.235581 -0.018916 -0.073573 -0.155621 -0.223605 0.231437 0.288293 0.351116 0.130630 0.025761
0.087322 -0.171357 1.000000 -0.123051 0.096795 -0.174438 0.510713 -0.002295 0.314548 -0.341504 0.142949 -0.271551 0.231694 -0.083100 0.067845 -0.128000 -0.066000 -0.063524 0.047180 -0.184640 0.237049 -0.006254 0.228055 -0.062950 0.249830 0.001035 0.227550 0.133794 0.025079 -0.200579 -0.058985 -0.158699 -0.076366 -0.256392 0.269119 -0.047320 -0.149732 -0.174742 0.062270 -0.065761 -0.098384 -0.109203 -0.128850 -0.232998 -0.205135 -0.283704 -0.217598 -0.315500 0.210094 -0.222485 -0.001528 0.064221 0.190211 -0.073450 0.129524 -0.178523 -0.246641 -0.143391 0.422552 0.123693 0.299887 0.106001 0.103368 0.042419 0.042180 -0.087496 0.350647 0.045870 0.009815 -0.017417 0.020602 -0.079555 -0.084078 -0.207687 -0.120462 -0.206746 -0.269901 -0.281133 0.022617 -0.183805 -0.015998 0.024758 0.113744 -0.012490 0.046927 0.026153 -0.131980 -0.053053 0.172075 0.092654 -0.083802 0.196053 -0.139996 0.282880 -0.186086 0.138278 -0.037067 -0.048835 -0.166509 -0.153916 0.161482 0.092317 -0.158242 0.127923 -0.097111 -0.119090 0.193264 -0.114620 0.063337 -0.081627 -0.124000 -0.198163 -0.111175 -0.181865 -0.147156 0.093209
-0.368669 -0.262552 -0.123051 1.000000 0.220222 -0.134020 -0.320781 -0.242645 0.052745 -0.164616 -0.348346 -0.377071 -0.444588 -0.501524 -0.030554 0.055466 -0.152878 -0.095118 -0.387121 -0.114987 -0.071559 -0.227562 0.723647 0.828629 0.576045 0.620946 0.574880 0.561177 -0.627864 -0.396294 0.326150 0.339080 -0.355278 -0.157963 0.374837 0.130838 -0.005342 0.089167 0.334734 0.306231 -0.073975 -0.129187 0.058396 0.046943 -0.231416 -0.050878 -0.146093 -0.143354 -0.031703 -0.208501 0.577196 0.406539 -0.103357 0.188582 0.227772 -0.026856 -0.166866 -0.094629 -0.275255 -0.375472 -0.518364 -0.461376 -0.334355 -0.482212 0.453395 0.294133 -0.345606 0.316273 -0.253877 0.044487 -0.201292 -0.037836 -0.532580 -0.146890 -0.110020 0.082729 0.131075 0.156209 -0.136118 0.256526 -0.158388 -0.231213 -0.338023 -0.332658 0.187171 0.348688 0.329877 0.533176 0.368839 0.256470 -0.121376 -0.208029 0.384249 0.024559 0.134247 0.028827 0.261744 -0.061147 -0.031690 -0.199980 -0.029288 -0.566358 -0.261379 -0.461928 -0.053998 0.228628 0.035816 -0.105827 -0.273020 -0.101632 0.261618 0.144595 -0.145341 0.129470 -0.072722 -0.328758
-0.078905 -0.327935 0.096795 0.220222 1.000000 0.231521 -0.007498 -0.141920 0.060313 -0.289650 -0.221141 -0.203630 0.094968 -0.143950 0.139778 -0.134212 -0.036215 -0.265203 -0.254844 -0.132445 -0.272072 -0.222478 0.405712 0.427174 0.458729 0.290947 0.516248 0.417685 -0.443000 -0.475970 -0.176438 -0.202995 -0.183890 -0.154571 0.377172 0.058906 0.066560 0.094058 0.424831 0.337847 0.005493 -0.332844 -0.239610 -0.239839 -0.499346 -0.369879 -0.347664 -0.284921 -0.098075 -0.524855 0.467211 0.103851 0.128901 -0.081431 0.352042 -0.322820 -0.168327 -0.094178 0.264586 -0.154358 0.086253 -0.169372 -0.128481 -0.241251 0.346137 0.190511 0.064526 0.393416 0.040160 0.106910 0.137363 0.014552 -0.198226 -0.234247 -0.246377 0.044638 0.110023 0.265207 -0.094862 0.124417 -0.130778 -0.045277 -0.222997 -0.338762 0.228986 0.386801 0.200399 0.097867 0.456645 0.187954 -0.188764 -0.154387 0.054435 0.332543 0.118826 -0.034990 0.092327 -0.199990 -0.483360 -0.476909 -0.055955 -0.151027 -0.046072 0.240082 0.187925 0.497829 0.066529 -0.031938 -0.127243 0.163973 0.185796 -0.107526 -0.299635 0.124270 -0.113907 -0.217505
-0.043055 0.024511 -0.174438 -0.134020 0.231521 1.000000 -0.060961 0.152865 0.187754 0.271285 -0.111064 0.161214 0.035129 0.164509 0.165286 0.115394 0.055861 0.149637 -0.023383 0.222331 -0.269791 -0.189477 -0.123417 -0.100177 -0.240173 -0.197123 -0.192064 -0.204213 -0.015465 0.231303 -0.291923 -0.188514 0.077647 -0.073567 -0.119286 -0.118999 0.101582 0.173589 -0.007827 -0.057784 -0.026650 0.027570 -0.187230 -0.112897 -0.184675 -0.182774 -0.270590 -0.055683 -0.046660 0.021265 0.102392 0.083324 0.335154 0.255764 0.119202 -0.053353 -0.022493 0.106378 -0.000909 0.108697 0.057920 0.084908 -0.126685 0.107913 0.111226 0.148290 -0.153709 -0.154355 0.116754 0.122674 0.058647 -0.145832 -0.020189 0.023023 -0.124783 0.097736 0.020836 0.223236 -0.052660 0.063828 0.001962 0.050279 -0.105171 0.127455 -0.110554 -0.114125 -0.201502 -0.102231 -0.052305 0.044469 0.160602 0.064517 0.191894 0.122327 0.005536 -0.196242 -0.222034 -0.070973 -0.154569 0.012519 0.245012 0.083043 0.129924 0.149659 -0.044777 0.093043 -0.335354 -0.046178 -0.098103 0.205974 -0.187327 -0.120259 0.130588 -0.066829 -0.067566 -0.023717
-0.132322 -0.395049 0.510713 -0.320781 -0.007498 -0.060961 1.000000 0.409349 0.386296 0.055213 -0.008379 -0.162651 0.363772 0.124762 -0.008196 -0.041265 0.010462 -0.080916 0.024897 -0.213797 0.278258 0.158068 -0.151128 -0.212113 -0.132493 -0.170842 -0.132709 -0.113301 0.259188 0.072037 0.014846 0.160923 -0.076349 -0.022115 -0.019880 0.120265 -0.023072 -0.021043 -0.263281 -0.066109 0.048654 0.155946 -0.299569 -0.298461 0.039984 -0.020359 -0.200313 -0.294125 -0.042844 -0.117463 -0.333783 -0.314409 0.122771 -0.283967 -0.088234 -0.281050 -0.367023 -0.436903 0.281819 0.272395 0.406940 0.341072 0.305047 0.366189 0.072088 -0.162033 0.383379 0.129733 -0.217873 -0.164869 0.079790 0.155075 0.134740 0.014522 -0.255286 -0.102294 -0.157615 -0.185949 -0.009639 -0.134021 0.164868 0.183645 0.245942 0.224091 -0.074723 -0.090939 -0.264856 -0.258456 -0.000255 -0.019529 -0.043571 0.042391 -0.065371 0.056508 -0.300282 0.112107 -0.280300 -0.021770 -0.268595 -0.123696 0.066694 0.228510 0.116663 0.220418 0.028754 -0.251296 0.199406 0.025352 0.200727 0.181657 -0.114416 -0.345081 0.020351 -0.163878 0.027925 0.289871
-0.291739 -0.178902 -0.002295 -0.242645 -0.141920 0.152865 0.409349 1.000000 0.246356 0.634392 -0.098021 0.450289 0.403535 0.599218 0.366614 0.466651 -0.166198 -0.095565 -0.213790 -0.082582 0.283293 0.266553 -0.455068 -0.183465 -0.406506 -0.288209 -0.389234 -0.305018 0.207591 0.343987 -0.211440 0.117719 -0.116317 0.229527 -0.158604 0.313963 -0.250365 -0.273566 -0.347326 -0.258438 -0.032269 0.089295 -0.347407 -0.351590 -0.035218 -0.030513 -0.236374 -0.260879 -0.100375 0.058908 -0.337973 -0.004410 0.154366 0.067644 0.035000 -0.220961 -0.289933 -0.302289 0.216852 0.420799 0.394805 0.708483 0.040591 0.346724 0.075492 0.318788 -0.005774 -0.116775 -0.395510 -0.387077 -0.052817 0.022304 0.002349 -0.179550 -0.321372 -0.000331 -0.222002 -0.169581 -0.223497 -0.347150 -0.027373 -0.065273 0.202006 0.460041 -0.240960 -0.240161 -0.360346 -0.214893 -0.253512 -0.025727 0.461664 0.137022 0.461862 0.038254 -0.275117 -0.021472 -0.408787 0.057590 -0.025885 0.080071 0.344435 0.251894 0.187489 -0.013717 -0.178812 -0.386253 -0.170523 0.149380 0.148062 -0.051461 -0.359782 -0.264607 -0.081041 -0.297691 0.120895 0.026040
-0.152346 -0.287098 0.314548 0.052745 0.060313 0.187754 0.386296 0.246356 1.000000 0.014388 -0.065441 -0.107751 0.304273 0.115231 0.187712 0.127780 -0.238313 -0.010452 -0.308941 -0.241753 0.026534 -0.138434 0.176946 0.107852 0.218912 0.015867 0.102551 0.015900 -0.095597 -0.102602 -0.079721 0.105269 -0.218878 -0.178928 0.231283 0.303115 0.004155 -0.027802 0.097439 0.114887 0.098053 -0.025454 -0.271888 -0.244026 -0.213991 -0.132105 -0.328464 -0.244729 0.035359 -0.155668 0.097747 -0.043504 0.004925 -0.188777 0.089058 -0.207122 -0.327536 -0.157215 0.267743 0.125573 0.191490 0.349383 -0.248247 -0.112251 0.292774 0.357786 -0.004375 0.095225 -0.182082 -0.067186 0.051568 0.126618 -0.228634 -0.091069 -0.104799 -0.025343 -0.107407 -0.013341 -0.244187 -0.117038 -0.084202 -0.063939 -0.020816 0.009739 0.118603 -0.048657 -0.121856 -0.141619 0.107703 0.050402 -0.031600 -0.000535 0.066159 0.253028 -0.211198 -0.076880 -0.168255 -0.293883 -0.224471 -0.043556 -0.054028 0.050479 -0.152794 -0.079408 -0.054751 -0.144754 -0.003886 0.023376 0.038236 0.077752 -0.145978 -0.090514 -0.026233 -0.242602 -0.032358 0.015609
-0.288812 -0.075639 -0.341504 -0.164616 -0.289650 0.271285 0.055213 0.634392 0.014388 1.000000 0.009748 0.399053 0.115373 0.398953 0.342288 0.535054 -0.111505 -0.056882 -0.040607 0.007495 0.089020 0.132611 -0.471540 -0.188758 -0.631964 -0.405588 -0.565617 -0.503413 0.304223 0.402176 0.055100 0.226004 -0.090103 0.256586 -0.357083 0.078324 0.015432 -0.063253 -0.282021 -0.334099 0.129640 0.250124 -0.092963 -0.134866 0.130976 0.063839 -0.037161 0.011430 -0.120953 0.261268 -0.296324 -0.032645 0.086408 0.223449 -0.041643 -0.076440 -0.140798 -0.096095 -0.094427 0.377051 0.107586 0.528029 -0.055236 0.147709 0.052242 0.257862 -0.133707 -0.271862 -0.235179 -0.220984 -0.010390 0.069424 0.111835 0.118967 -0.015158 0.149705 0.001498 -0.007674 -0.119511 -0.217816 -0.121916 -0.175338 0.101043 0.377595 -0.347501 -0.351728 -0.177506 -0.293490 -0.449058 -0.140255 0.479556 0.262430 0.405839 0.075099 -0.189190 -0.104510 -0.289977 0.009264 0.122760 0.247027 0.240315 0.167053 0.273524 0.008539 -0.023108 -0.285338 -0.307636 0.156741 -0.040177 -0.229552 -0.295465 -0.041800 0.132069 -0.148537 -0.056262 -0.177346
0.550418 0.304920 0.142949 -0.348346 -0.221141 -0.111064 -0.008379 -0.098021 -0.065441 0.009748 1.000000 0.385001 0.299203 0.263953 0.382887 0.290482 0.008411 -0.171811 0.560572 0.263480 0.119512 -0.040837 -0.187524 -0.311654 -0.307256 -0.546217 -0.371253 -0.457084 0.520050 0.069596 -0.072368 -0.257857 -0.013025 -0.094557 -0.241528 -0.243527 -0.117695 -0.176432 -0.188013 -0.330430 -0.086921 -0.054215 -0.152827 -0.287218 -0.001096 -0.218599 -0.059721 -0.147374 0.005976 -0.075992 -0.256619 -0.216574 0.051696 -0.068953 -0.228185 -0.166985 0.068497 0.025097 0.167785 -0.163763 0.252587 0.137612 0.168733 0.044161 -0.034578 -0.036342 -0.007623 -0.400846 0.127197 0.187240 0.154315 0.103821 0.294434 0.092030 0.264537 0.093236 0.078346 -0.027419 0.039622 -0.273838 -0.026859 -0.090204 0.429227 0.279146 0.312604 0.039679 -0.029493 -0.245036 -0.050002 -0.087996 -0.032468 0.529173 -0.192063 0.120546 0.022144 0.156634 -0.201295 0.135537 -0.002220 -0.000373 -0.008394 0.319545 -0.105886 0.152562 -0.209452 -0.150816 0.005708 -0.033613 0.268182 0.121620 -0.349384 -0.083366 -0.055656 0.149943 0.161002 0.079206
0.216588 0.302655 -0.271551 -0.377071 -0.203630 0.161214 -0.162651 0.450289 -0.107751 0.399053 0.385001 1.000000 0.368566 0.658853 0.526385 0.570413 -0.267935 0.019712 0.048727 0.042495 0.097648 0.254660 -0.480031 -0.324256 -0.487176 -0.474460 -0.537823 -0.554480 0.359169 0.381742 -0.289818 -0.220752 -0.048623 0.087800 -0.295053 -0.052969 -0.093531 -0.099763 -0.256346 -0.280082 -0.067052 0.084023 -0.288508 -0.278841 -0.204456 -0.177067 -0.141401 -0.207327 -0.200041 -0.065471 -0.353536 -0.057863 0.209948 0.177933 -0.064095 -0.107305 0.038940 -0.122797 0.196424 0.101400 0.350372 0.534948 -0.069115 0.222624 0.036529 0.374895 -0.225165 -0.410285 -0.112417 -0.194716 -0.004417 0.004637 0.088920 0.152119 0.160764 0.140721 0.089029 0.097083 -0.197801 -0.352660 0.015694 0.033643 0.179710 0.342763 0.105646 -0.115430 -0.173795 -0.177386 -0.162275 0.035051 0.277407 0.314117 0.200284 0.082903 -0.135899 -0.007832 -0.268560 0.196898 0.054819 0.052905 0.157426 0.301308 0.007873 0.006869 -0.087381 -0.336774 -0.159869 0.172409 0.273979 0.039194 -0.378703 -0.159445 -0.133271 0.010313 0.246455 0.159547
0.116262 -0.238852 0.231694 -0.444588 0.094968 0.035129 0.363772 0.403535 0.304273 0.115373 0.299203 0.368566 1.000000 0.546274 0.450265 0.318646 0.027662 -0.153473 -0.106441 -0.305261 0.300582 0.153301 -0.363552 -0.357025 -0.192530 -0.346310 -0.249789 -0.282774 0.344598 -0.005605 -0.521928 -0.368312 -0.084747 -0.064632 0.022335 0.243226 -0.018537 -0.040318 0.012066 -0.058720 0.148273 0.079292 -0.230212 -0.312683 -0.134769 -0.186490 -0.129379 -0.231720 0.024668 -0.180998 -0.317298 -0.366255 0.295355 -0.247850 0.244692 -0.245195 -0.066041 -0.248563 0.740324 0.102169 0.806399 0.442301 0.142954 0.029079 -0.065653 0.229092 0.209418 -0.138207 -0.070892 -0.152813 0.047859 -0.026413 0.108786 -0.158247 -0.108272 -0.149170 -0.141848 -0.212931 0.001118 -0.192071 0.038206 0.076098 0.096000 0.154909 -0.032910 -0.167660 -0.175935 -0.367185 -0.158957 -0.139702 0.007322 0.322555 -0.018242 0.395256 -0.181599 0.028080 -0.086431 -0.050464 -0.204778 0.000955 0.120318 0.482597 -0.043580 0.050487 -0.156236 -0.316131 0.085130 0.076083 0.302295 -0.038729 -0.314975 -0.390414 -0.267019 -0.313645 0.037389 0.158556
0.092513 0.107825 -0.083100 -0.501524 -0.143950 0.164509 0.124762 0.599218 0.115231 0.398953 0.263953 0.658853 0.546274 1.000000 0.499002 0.461281 -0.092135 0.180571 0.150444 0.086921 0.194357 0.214132 -0.575157 -0.471010 -0.500184 -0.553243 -0.535445 -0.561951 0.508695 0.432799 -0.401835 -0.270749 0.101653 0.237827 -0.356134 0.002035 -0.031833 -0.158574 -0.219576 -0.169966 0.055041 0.153762 -0.346219 -0.339782 -0.109257 -0.257934 -0.146755 -0.149921 -0.152920 -0.118695 -0.538074 -0.229811 0.154183 -0.058466 0.032203 -0.169169 -0.040856 -0.093660 0.374468 0.283325 0.609809 0.735100 0.115641 0.353196 -0.041307 0.207961 0.037172 -0.425183 -0.026442 -0.168497 -0.136874 -0.118817 0.279306 -0.018304 0.043235 0.009255 -0.017996 -0.100158 -0.121449 -0.305369 -0.109675 -0.028868 0.348685 0.580548 -0.132922 -0.248242 -0.254202 -0.339638 -0.246831 -0.087881 0.326981 0.344591 0.279803 0.099720 -0.276865 0.044141 -0.376060 0.133754 -0.060233 0.099559 0.225316 0.418923 0.166237 0.152042 -0.141718 -0.268734 -0.213237 0.179559 0.186012 0.052635 -0.540682 -0.228410 -0.155803 -0.217687 0.212309 0.274018
-0.026536 -0.047211 0.067845 -0.030554 0.139778 0.165286 -0.008196 0.366614 0.187712 0.342288 0.382887 0.526385 0.450265 0.499002 1.000000 0.715433 -0.319368 -0.185065 -0.028595 -0.043521 0.045780 0.008086 -0.082621 0.032108 -0.172055 -0.354549 -0.187379 -0.330443 0.074900 0.019679 -0.183824 -0.137035 -0.215594 -0.082971 -0.035502 0.099116 -0.119902 -0.151932 0.039028 -0.059127 -0.027970 -0.019340 -0.363990 -0.439231 -0.384525 -0.432173 -0.323179 -0.371893 -0.134347 -0.322111 -0.066022 0.126021 0.263209 0.071224 0.269249 -0.271065 -0.339009 -0.193004 0.439372 0.012696 0.398236 0.394994 -0.197517 -0.075857 0.397813 0.426743 -0.158766 -0.258398 -0.233226 -0.124756 0.047458 -0.041533 -0.130122 -0.127364 0.066027 0.203121 0.061145 0.049308 -0.376610 -0.313725 -0.364878 -0.299450 0.217490 0.389043 0.109676 -0.095009 -0.029824 -0.166949 0.029499 0.130446 0.307208 0.481045 0.278723 0.474230 -0.121168 0.015604 -0.184197 0.007547 -0.138375 -0.040072 0.292475 0.303846 -0.100148 -0.069482 -0.326024 -0.125789 -0.151387 -0.041055 0.120015 0.049142 -0.404759 -0.258704 -0.144620 -0.129029 0.050366 -0.071056
-0.121071 -0.100982 -0.128000 0.055466 -0.134212 0.115394 -0.041265 0.466651 0.127780 0.535054 0.290482 0.570413 0.318646 0.461281 0.715433 1.000000 -0.300457 -0.097207 -0.038175 -0.075025 0.258352 0.158136 -0.197230 0.031995 -0.331336 -0.328768 -0.376679 -0.332074 0.222029 0.221392 -0.077605 0.135307 -0.270970 0.018595 -0.227834 0.109225 -0.060796 -0.061590 -0.161675 -0.175878 -0.098749 0.129562 -0.285579 -0.350384 -0.231917 -0.238651 -0.244411 -0.315785 -0.139011 -0.100107 -0.211068 0.071879 0.156610 0.177976 0.102440 -0.225694 -0.277959 -0.266700 0.155578 0.089476 0.259542 0.465067 -0.190107 -0.061555 0.219063 0.395622 -0.256369 -0.309802 -0.236920 -0.204410 -0.072750 0.134664 -0.068166 0.018632 0.113671 0.196455 0.075974 0.028552 -0.210986 -0.237796 -0.214435 -0.281507 0.138412 0.351049 -0.013113 -0.151012 -0.075739 -0.199261 -0.083771 0.042157 0.384142 0.439913 0.450992 0.214146 -0.068093 0.131997 -0.226413 0.192528 0.011152 0.040625 0.188700 0.228062 -0.102425 -0.125162 -0.233223 -0.269607 -0.141065 0.103535 0.083357 0.019132 -0.438783 -0.254441 -0.172212 -0.092434 0.151850 -0.046292
0.222587 0.198474 -0.066000 -0.152878 -0.036215 0.055861 0.010462 -0.166198 -0.238313 -0.111505 0.008411 -0.267935 0.027662 -0.092135 -0.319368 -0.300457 1.000000 0.174332 0.156664 0.234920 -0.159527 0.043667 -0.242452 -0.231587 -0.018671 -0.029083 -0.013559 0.007155 0.114558 0.024041 -0.178515 -0.260239 0.176398 -0.030026 -0.128942 -0.082181 0.124724 0.130699 0.085219 0.188349 -0.131331 0.136343 0.104937 0.137244 0.229206 -0.011601 0.252491 0.284010 0.051768 0.102009 -0.083283 -0.371816 -0.006688 -0.096408 -0.042328 0.092404 0.506335 0.361171 -0.187259 -0.143984 0.086229 -0.259199 0.376851 0.150336 -0.367692 -0.434816 0.078061 -0.113213 0.433043 0.280191 -0.089664 -0.205595 0.283244 -0.066281 -0.197615 -0.219856 -0.245071 -0.277508 0.475775 0.428253 0.365616 0.351628 -0.066975 -0.040907 -0.066797 -0.047921 -0.086640 -0.103697 -0.162004 -0.185442 -0.362130 -0.122867 -0.177479 -0.118355 0.296242 0.144760 0.159211 0.105574 -0.151679 0.108815 -0.151785 0.190364 0.245239 0.135089 0.038037 0.051301 -0.029370 0.197584 -0.023379 -0.084133 0.092058 0.027764 0.307806 0.061220 -0.060570 -0.031388
0.115350 0.414099 -0.063524 -0.095118 -0.265203 0.149637 -0.080916 -0.095565 -0.010452 -0.056882 -0.171811 0.019712 -0.153473 0.180571 -0.185065 -0.097207 0.174332 1.000000 0.200205 0.297796 -0.189960 -0.184580 -0.179595 -0.354414 -0.152700 -0.189323 -0.144682 -0.216946 0.267494 0.473512 -0.040764 -0.143049 0.183145 0.181841 -0.269085 -0.292470 0.337485 0.089890 -0.166709 -0.033775 0.293394 0.340284 0.004330 0.037337 0.011817 -0.136909 -0.004050 0.116645 -0.115753 0.022616 -0.120271 -0.077819 0.114169 0.093614 -0.111805 -0.046068 0.089344 0.300130 -0.174348 -0.045271 0.018580 0.023515 0.200661 0.449756 -0.300099 -0.315674 -0.196713 -0.384939 0.340392 0.043806 -0.383974 -0.181049 0.282564 0.324304 0.381210 -0.000369 0.126005 0.087033 0.023908 0.238106 0.206162 0.255765 0.095764 0.348706 -0.245018 -0.197361 -0.074995 -0.067179 -0.090692 -0.120412 0.110749 -0.014282 -0.070275 -0.160284 -0.054590 -0.150724 -0.186180 0.192036 0.136855 0.098010 -0.019411 0.208167 0.222913 0.224477 0.000786 -0.067281 -0.363006 0.041496 -0.123263 -0.209052 -0.256950 0.150261 0.214562 0.138967 0.146144 0.152178
0.500051 0.351222 0.047180 -0.387121 -0.254844 -0.023383 0.024897 -0.213790 -0.308941 -0.040607 0.560572 0.048727 -0.106441 0.150444 -0.028595 -0.038175 0.156664 0.200205 1.000000 0.590424 -0.068317 -0.047040 -0.346019 -0.442202 -0.365781 -0.560230 -0.326340 -0.396197 0.554835 0.232685 0.005482 -0.269977 0.428533 0.155180 -0.421530 -0.460093 0.068171 -0.088581 -0.240876 -0.241871 -0.071158 0.025420 0.034993 -0.081844 0.212085 -0.130234 0.087866 0.129361 -0.035923 0.048006 -0.385951 -0.334146 -0.076408 -0.149566 -0.357226 -0.034828 0.064833 0.098333 -0.162791 -0.055728 0.129342 -0.025127 0.481689 0.321845 -0.203804 -0.501571 0.163189 -0.379222 0.356713 0.238724 0.080811 -0.015204 0.576522 0.224298 0.271223 0.054395 0.089597 0.066707 0.115462 -0.133279 -0.007473 0.059404 0.465531 0.350341 -0.004458 -0.020422 -0.044498 -0.179584 -0.060785 -0.226986 0.026417 0.305109 -0.292125 -0.122703 0.057134 0.188734 -0.293180 0.119931 0.113306 0.046107 -0.025645 0.234466 0.124255 0.364238 0.000374 0.065673 -0.214014 -0.065111 -0.039544 0.180929 -0.347022 0.091516 0.221808 0.138777 0.259723 0.177836
0.263993 0.468838 -0.184640 -0.114987 -0.132445 0.222331 -0.213797 -0.082582 -0.241753 0.007495 0.263480 0.042495 -0.305261 0.086921 -0.043521 -0.075025 0.234920 0.297796 0.590424 1.000000 -0.332291 -0.198621 -0.197199 -0.124999 -0.202805 -0.370286 -0.211361 -0.155489 0.237657 0.259822 -0.112740 -0.261538 0.330002 0.315858 -0.281591 -0.221618 -0.029162 -0.146189 -0.197747 -0.331056 -0.204484 -0.102197 -0.150044 -0.187028 -0.042655 -0.214768 -0.117269 0.135352 -0.257066 -0.082288 -0.015686 -0.049757 0.063530 0.086129 -0.261644 -0.115862 0.044303 0.305525 -0.438144 -0.173679 -0.170256 -0.131723 0.147586 0.281918 -0.143224 -0.282678 -0.198785 -0.244992 0.355528 0.481889 0.100390 0.010964 0.360545 0.183375 0.175766 0.216419 0.212396 0.281469 0.035331 -0.005976 -0.024890 0.003384 0.306200 0.256942 -0.073207 -0.009085 0.033669 -0.071741 0.119412 0.043246 0.186972 0.198222 0.037701 -0.136804 0.342652 0.129837 -0.343630 0.161433 -0.102833 -0.111777 0.069550 0.107289 0.140131 0.221587 -0.037183 0.306789 -0.375746 -0.146610 0.072231 0.228587 -0.226739 0.095621 0.223333 0.178095 0.156212 -0.059020
-0.055541 -0.116448 0.237049 -0.071559 -0.272072 -0.269791 0.278258 0.283293 0.026534 0.089020 0.119512 0.097648 0.300582 0.194357 0.045780 0.258352 -0.159527 -0.189960 -0.068317 -0.332291 1.000000 0.525380 -0.111955 -0.150618 -0.193785 0.035258 -0.131675 -0.050635 0.242794 0.078318 0.036081 0.260181 -0.223877 -0.137521 -0.011630 -0.004045 -0.217503 -0.104577 -0.182626 -0.148319 -0.143572 0.112687 0.034199 -0.026989 0.249072 0.227518 0.209512 -0.106194 0.196669 0.231679 -0.259442 0.026211 -0.107153 0.053151 0.022027 0.066696 -0.113939 -0.283940 0.210274 0.193611 0.071752 0.198972 -0.180788 -0.076163 0.026600 0.064476 0.087861 -0.064925 -0.267928 -0.329109 -0.094614 -0.093349 -0.082659 -0.185801 -0.201270 -0.255608 -0.163394 -0.389812 0.125797 -0.160225 -0.059180 -0.126744 0.213450 0.204611 -0.061344 -0.200701 -0.091094 0.083146 -0.188385 -0.087315 0.211373 0.220232 0.099022 -0.067590 -0.335363 0.281836 -0.108021 0.190859 0.284102 0.199896 -0.006137 -0.037080 0.015391 -0.265509 -0.013587 -0.543251 0.330480 -0.043339 0.094312 -0.198464 -0.153927 -0.120243 -0.221762 -0.207525 0.038349 0.228546
-0.031709 -0.040171 -0.006254 -0.227562 -0.222478 -0.189477 0.158068 0.266553 -0.138434 0.132611 -0.040837 0.254660 0.153301 0.214132 0.008086 0.158136 0.043667 -0.184580 -0.047040 -0.198621 0.525380 1.000000 -0.222419 -0.251096 -0.176521 -0.014133 -0.159978 -0.065132 0.247163 0.153583 0.027155 0.120173 -0.261438 -0.056005 -0.211816 -0.002722 -0.113708 0.091973 -0.094167 0.024306 -0.144558 0.313279 -0.123376 -0.000455 0.147607 0.106590 0.170927 -0.049088 0.070967 0.144743 -0.308402 -0.004308 -0.002536 0.051705 0.050381 0.174047 0.046544 -0.193721 0.019776 0.205266 0.108857 0.208268 -0.079058 0.032591 0.020671 -0.014455 0.122664 -0.086241 -0.107390 -0.148904 0.048303 0.211107 0.011960 -0.048694 -0.216881 -0.126981 -0.151690 -0.279323 0.159648 -0.199405 0.137629 0.164728 0.033738 0.139880 -0.056708 -0.201979 0.029115 0.089411 -0.192907 -0.049320 0.036983 0.105063 0.002940 -0.215210 0.040049 0.456751 -0.001141 0.277228 0.148673 0.246206 -0.068175 0.040458 -0.025007 -0.251362 0.166312 -0.506709 0.331952 0.313388 0.342040 -0.036318 -0.051669 -0.129203 0.151207 -0.213629 0.111394 0.300137
-0.231146 -0.286396 0.228055 0.723647 0.405712 -0.123417 -0.151128 -0.455068 0.176946 -0.471540 -0.187524 -0.480031 -0.363552 -0.575157 -0.082621 -0.197230 -0.242452 -0.179595 -0.346019 -0.197199 -0.111955 -0.222419 1.000000 0.766090 0.739981 0.646628 0.715573 0.620303 -0.591379 -0.496350 0.388385 0.253077 -0.430068 -0.305343 0.505401 0.013047 -0.007864 0.111994 0.474749 0.340865 -0.076835 -0.164601 -0.061031 -0.008390 -0.362048 -0.193788 -0.238145 -0.320379 0.036189 -0.355634 0.685000 0.384706 -0.038177 0.154625 0.263374 -0.095505 -0.209952 -0.119496 -0.053805 -0.388127 -0.428459 -0.474557 -0.356002 -0.474218 0.465743 0.162051 -0.165133 0.351654 -0.184644 0.172009 0.073951 0.063118 -0.433019 -0.103785 -0.022043 0.103810 0.158765 0.082032 -0.054204 0.213005 -0.106672 -0.146818 -0.263135 -0.436979 0.372138 0.418889 0.373400 0.517216 0.579796 0.315614 -0.288276 -0.176076 0.024937 0.098835 0.145423 -0.011230 0.224144 -0.150138 -0.197936 -0.343730 -0.148229 -0.570101 -0.443688 -0.335010 -0.041386 0.259074 0.146964 -0.175939 -0.046299 0.112485 0.321486 0.048879 -0.140599 0.107435 -0.161758 -0.207363
-0.386241 -0.379107 -0.062950 0.828629 0.427174 -0.100177 -0.212113 -0.183465 0.107852 -0.188758 -0.311654 -0.324256 -0.357025 -0.471010 0.032108 0.031995 -0.231587 -0.354414 -0.442202 -0.124999 -0.150618 -0.251096 0.766090 1.000000 0.627995 0.686182 0.638444 0.648733 -0.720356 -0.499949 0.316280 0.368007 -0.293508 -0.081631 0.393411 0.225094 -0.065189 0.085540 0.363124 0.317589 -0.141274 -0.271862 -0.134873 -0.080884 -0.399121 -0.130586 -0.292835 -0.289705 -0.122628 -0.386270 0.595432 0.357070 -0.073335 0.076334 0.207807 -0.167562 -0.234542 -0.211455 -0.198020 -0.340875 -0.439283 -0.387594 -0.410148 -0.498160 0.539791 0.376489 -0.240972 0.496388 -0.305293 0.151364 0.108418 0.023465 -0.527992 -0.152350 -0.121400 0.170864 0.195622 0.234780 -0.200739 0.195046 -0.137911 -0.234707 -0.373423 -0.426185 0.336537 0.478676 0.296912 0.539015 0.540249 0.323756 -0.202708 -0.317267 0.346149 0.128532 0.106706 -0.010404 0.194863 -0.170396 -0.295721 -0.408596 -0.092752 -0.532103 -0.406615 -0.333407 -0.008484 0.385614 0.030752 -0.242736 -0.134484 0.119525 0.392975 0.018086 -0.201940 0.093994 -0.132661 -0.313284
-0.207631 -0.193000 0.249830 0.576045 0.458729 -0.240173 -0.132493 -0.406506 0.218912 -0.631964 -0.307256 -0.487176 -0.192530 -0.500184 -0.172055 -0.331336 -0.018671 -0.152700 -0.365781 -0.202805 -0.193785 -0.176521 0.739981 0.627995 1.000000 0.690236 0.844141 0.747052 -0.655302 -0.582601 0.085645 0.007847 -0.179257 -0.158991 0.601956 0.202286 0.030044 0.154769 0.547579 0.484601 -0.187265 -0.221158 0.053771 0.120703 -0.306295 -0.115030 -0.116886 -0.128685 0.091449 -0.324652 0.641671 0.268774 -0.061568 -0.056128 0.297624 -0.004802 -0.122585 0.033963 0.058930 -0.371384 -0.242783 -0.419356 -0.238899 -0.395471 0.232434 0.130259 -0.029294 0.429379 -0.110172 0.130814 -0.027757 -0.053976 -0.423875 -0.197686 -0.124856 -0.005563 -0.050485 0.032542 -0.079014 0.250891 -0.009093 -0.028170 -0.393947 -0.586245 0.236940 0.310087 0.284337 0.417907 0.481194 0.151088 -0.416718 -0.363371 -0.105931 0.018211 0.229979 0.026143 0.384982 -0.158913 -0.215132 -0.297350 -0.210218 -0.416039 -0.358806 -0.253987 0.060047 0.282493 0.134218 -0.029780 -0.134935 0.082879 0.417015 0.047430 -0.033288 0.091800 -0.158137 -0.138791
-0.383520 -0.296813 0.001035 0.620946 0.290947 -0.197123 -0.170842 -0.288209 0.015867 -0.405588 -0.546217 -0.474460 -0.346310 -0.553243 -0.354549 -0.328768 -0.029083 -0.189323 -0.560230 -0.370286 0.035258 -0.014133 0.646628 0.686182 0.690236 1.000000 0.704943 0.778699 -0.672889 -0.447755 0.300540 0.366101 -0.171466 -0.131189 0.497576 0.185391 -0.089354 0.234212 0.401842 0.487462 -0.121248 -0.033243 0.167849 0.291918 -0.166576 0.101059 0.098082 -0.005035 0.157568 -0.055883 0.512906 0.361698 -0.122827 0.100500 0.367087 0.270778 -0.009426 -0.074059 -0.121592 -0.158124 -0.472036 -0.498575 -0.331348 -0.449453 0.110468 0.098298 -0.007495 0.514851 -0.189995 0.021352 -0.021302 -0.119081 -0.479364 -0.235311 -0.200963 -0.121289 -0.077148 -0.071111 0.066361 0.311419 0.104400 -0.001985 -0.613328 -0.592514 0.123333 0.213285 0.341943 0.599675 0.292414 0.146919 -0.264823 -0.551539 0.052606 -0.179374 0.148507 0.003188 0.429962 -0.147803 -0.058201 -0.162224 -0.214539 -0.567187 -0.380455 -0.376674 0.112417 0.138314 0.304448 -0.114251 -0.135300 -0.020988 0.592224 0.049049 -0.117296 -0.014418 -0.171077 -0.088255
-0.166185 -0.235627 0.227550 0.574880 0.516248 -0.192064 -0.132709 -0.389234 0.102551 -0.565617 -0.371253 -0.537823 -0.249789 -0.535445 -0.187379 -0.376679 -0.013559 -0.144682 -0.326340 -0.211361 -0.131675 -0.159978 0.715573 0.638444 0.844141 0.704943 1.000000 0.778800 -0.654843 -0.511245 0.187653 0.067615 -0.209482 -0.186861 0.519666 0.088309 -0.088578 0.126860 0.412468 0.445866 -0.071793 -0.228672 0.072702 0.179644 -0.236758 -0.057943 -0.033249 -0.135499 0.112874 -0.273124 0.649395 0.304622 -0.161731 -0.009958 0.271990 0.036155 -0.048470 0.000176 -0.000533 -0.337319 -0.331324 -0.499727 -0.249596 -0.451984 0.243145 0.062026 -0.026087 0.475119 -0.036568 0.079731 -0.084822 -0.189949 -0.419904 -0.231224 -0.169221 -0.109578 -0.055260 -0.034250 -0.108680 0.208415 -0.096132 -0.132253 -0.281290 -0.508535 0.290372 0.378180 0.314724 0.447008 0.458991 0.202220 -0.370559 -0.357011 -0.074162 0.106390 0.053508 0.053815 0.419361 -0.282157 -0.114807 -0.211726 -0.189564 -0.469830 -0.347660 -0.246904 0.025355 0.291630 0.158910 -0.091058 -0.185458 -0.067368 0.466954 0.201015 -0.103357 -0.045961 -0.283444 -0.111069
-0.353349 -0.347264 0.133794 0.561177 0.417685 -0.204213 -0.113301 -0.305018 0.015900 -0.503413 -0.457084 -0.554480 -0.282774 -0.561951 -0.330443 -0.332074 0.007155 -0.216946 -0.396197 -0.155489 -0.050635 -0.065132 0.620303 0.648733 0.747052 0.778699 0.778800 1.000000 -0.684871 -0.457177 0.131164 0.212142 -0.123178 -0.083718 0.546350 0.117711 -0.036331 0.234806 0.281564 0.427741 -0.136328 -0.219923 0.071450 0.157024 -0.227542 -0.001186 -0.058940 -0.060107 0.042568 -0.201009 0.445901 0.242515 -0.123591 -0.052324 0.245660 0.079530 -0.065142 0.007168 -0.160758 -0.141233 -0.380565 -0.496267 -0.154360 -0.384759 0.115044 -0.000433 0.069109 0.578414 -0.012768 0.207742 0.035450 -0.050551 -0.441228 -0.203982 -0.152566 -0.042205 0.037539 0.039004 -0.031930 0.298723 0.027958 -0.033699 -0.382189 -0.611930 0.157705 0.295388 0.384965 0.538143 0.391623 0.243033 -0.210608 -0.404729 0.041838 -0.076190 0.264886 0.098323 0.357017 -0.126192 -0.192969 -0.342810 -0.235895 -0.404719 -0.278714 -0.208266 0.206739 0.335404 0.281157 -0.200090 -0.124602 0.028541 0.453032 0.085878 -0.186774 -0.038477 -0.208829 -0.160661
0.330838 0.188187 0.025079 -0.627864 -0.443000 -0.015465 0.259188 0.207591 -0.095597 0.304223 0.520050 0.359169 0.344598 0.508695 0.074900 0.222029 0.114558 0.267494 0.554835 0.237657 0.242794 0.247163 -0.591379 -0.720356 -0.655302 -0.672889 -0.654843 -0.684871 1.000000 0.570248 -0.034276 -0.101029 0.082457 0.251065 -0.571852 -0.243790 0.121911 -0.003249 -0.403248 -0.387586 0.197110 0.393233 -0.162820 -0.210187 0.176445 -0.102242 0.052434 -0.011435 -0.123640 0.130134 -0.621520 -0.418991 0.131330 -0.060831 -0.289568 -0.121916 0.045963 -0.052193 0.101760 0.242895 0.463643 0.404722 0.451802 0.492129 -0.394112 -0.275638 0.121046 -0.588076 0.084059 -0.139974 -0.046042 0.162673 0.708758 0.261603 0.259245 0.065273 0.104323 -0.027739 0.232924 -0.246950 0.135183 0.136776 0.449569 0.594974 -0.288377 -0.390961 -0.160838 -0.495950 -0.407133 -0.298300 0.142438 0.521351 -0.126594 -0.053395 -0.164048 0.211719 -0.404993 0.270142 0.058389 0.202324 0.117928 0.449862 0.239734 0.311702 -0.058501 -0.395365 -0.102126 0.211458 0.291023 0.036340 -0.481486 -0.106504 0.135188 -0.104678 0.267260 0.360018
0.061354 0.248405 -0.200579 -0.396294 -0.475970 0.231303 0.072037 0.343987 -0.102602 0.402176 0.069596 0.381742 -0.005605 0.432799 0.019679 0.221392 0.024041 0.473512 0.232685 0.259822 0.078318 0.153583 -0.496350 -0.499949 -0.582601 -0.447755 -0.511245 -0.457177 0.570248 1.000000 -0.083592 0.115186 0.148733 0.363876 -0.330940 -0.101624 0.252713 0.070949 -0.470131 -0.291099 0.149794 0.450717 -0.197540 -0.147066 0.136631 0.026820 -0.113590 -0.038329 -0.399486 0.111530 -0.404395 -0.238932 0.027480 0.122514 -0.407151 -0.109028 -0.042854 0.083084 -0.117998 0.153087 0.109976 0.375984 0.189889 0.486096 -0.179906 -0.126469 -0.272409 -0.464922 -0.025816 -0.230498 -0.155308 0.002183 0.463249 0.424957 0.327144 0.183613 0.238214 0.103639 0.005204 0.012811 0.184697 0.219172 0.270882 0.596268 -0.235869 -0.398249 -0.344120 -0.269515 -0.401204 -0.227699 0.351176 0.266194 0.134137 -0.032325 -0.214777 0.039968 -0.483012 0.273015 0.160031 0.208823 0.134114 0.409212 0.222862 0.154630 -0.122643 -0.318425 -0.227960 0.040916 0.059769 0.070802 -0.291019 0.101870 0.088282 0.035999 0.238444 0.354606
-0.122756 -0.057191 -0.058985 0.326150 -0.176438 -0.291923 0.014846 -0.211440 -0.079721 0.055100 -0.072368 -0.289818 -0.521928 -0.401835 -0.183824 -0.077605 -0.178515 -0.040764 0.005482 -0.112740 0.036081 0.027155 0.388385 0.316280 0.085645 0.300540 0.187653 0.131164 -0.034276 -0.083592 1.000000 0.731476 -0.181666 0.013239 -0.093593 -0.151842 -0.187792 -0.113849 0.045658 -0.027626 -0.027090 -0.006292 0.192592 0.245947 0.170928 0.208797 0.193807 -0.014339 0.017752 0.215789 0.113455 0.269065 -0.292974 0.187450 -0.121706 0.130113 -0.095842 -0.010434 -0.419277 -0.014998 -0.492749 -0.211348 -0.135669 -0.059623 0.108831 -0.159065 -0.073239 0.031937 -0.299703 -0.150780 0.024731 0.135544 -0.116481 0.067263 0.014712 0.004688 0.048579 -0.100110 -0.048142 0.002997 -0.182805 -0.281658 0.089488 0.011469 0.007962 0.007503 0.192934 0.191734 -0.012894 0.112294 -0.029519 -0.105336 -0.039925 -0.244653 -0.154528 -0.105946 0.015371 -0.235579 0.187051 0.110930 -0.213739 -0.411602 -0.100056 -0.129208 0.121590 -0.066257 0.066359 -0.092276 -0.146864 -0.115921 0.289457 0.293512 0.215740 -0.000199 -0.133849 -0.158649
-0.435170 -0.324224 -0.158699 0.339080 -0.202995 -0.188514 0.160923 0.117719 0.105269 0.226004 -0.257857 -0.220752 -0.368312 -0.270749 -0.137035 0.135307 -0.260239 -0.143049 -0.269977 -0.261538 0.260181 0.120173 0.253077 0.368007 0.007847 0.366101 0.067615 0.212142 -0.101029 0.115186 0.731476 1.000000 -0.235387 0.103885 0.050247 0.090140 -0.039630 0.047362 -0.010452 0.045244 -0.000370 0.154123 0.058527 0.152393 0.191182 0.299901 0.037999 -0.067609 -0.104098 0.216636 -0.002974 0.263480 -0.247351 0.096743 -0.098283 0.079502 -0.286520 -0.182087 -0.359917 0.190638 -0.423193 -0.074513 -0.222033 -0.060996 0.135893 0.007709 -0.097623 0.168174 -0.432662 -0.273580 0.020763 0.228387 -0.140316 0.014522 -0.035632 0.053874 0.170242 0.002707 -0.044468 0.098457 -0.099207 -0.182686 -0.002375 0.070635 -0.121746 -0.191047 0.079219 0.135233 -0.128874 0.057831 0.079271 -0.165859 0.172889 -0.218335 -0.227605 -0.024413 -0.076280 -0.111163 0.159806 0.012102 -0.211197 -0.286877 -0.041854 -0.222045 0.102686 -0.216309 0.175223 -0.167166 -0.111331 0.046262 0.232583 0.109068 -0.004530 -0.061959 0.018261 -0.060493
0.210842 0.258763 -0.076366 -0.355278 -0.183890 0.077647 -0.076349 -0.116317 -0.218878 -0.090103 -0.013025 -0.048623 -0.084747 0.101653 -0.215594 -0.270970 0.176398 0.183145 0.428533 0.330002 -0.223877 -0.261438 -0.430068 -0.293508 -0.179257 -0.171466 -0.209482 -0.123178 0.082457 0.148733 -0.181666 -0.235387 1.000000 0.367074 -0.225310 -0.149159 0.096062 -0.022092 -0.085877 -0.108731 -0.033054 -0.209891 0.250100 0.164444 0.206015 0.123931 0.201503 0.382629 0.063572 0.165941 -0.268641 -0.184943 -0.105666 -0.239647 -0.231035 0.211102 0.195950 0.271483 -0.107699 0.058669 0.060027 -0.023650 0.227284 0.240264 -0.380245 -0.377767 0.159002 -0.041706 0.281897 0.072865 0.157649 -0.270053 0.292462 0.043458 0.122962 -0.055948 -0.045320 0.100472 -0.021608 0.091661 0.034457 0.142251 -0.045263 0.004450 -0.174130 -0.141729 -0.300431 -0.154507 -0.190474 -0.286674 0.029582 -0.241657 -0.236355 -0.180890 0.025301 -0.222051 -0.025054 -0.016016 0.132830 0.080763 -0.037499 0.200387 0.251793 0.344291 0.120040 0.332577 -0.210914 -0.288101 -0.216296 0.122874 0.049987 0.243341 0.172620 0.083017 -0.052954 0.067312
-0.124121 0.046296 -0.256392 -0.157963 -0.154571 -0.073567 -0.022115 0.229527 -0.178928 0.256586 -0.094557 0.087800 -0.064632 0.237827 -0.082971 0.018595 -0.030026 0.181841 0.155180 0.315858 -0.137521 -0.056005 -0.305343 -0.081631 -0.158991 -0.131189 -0.186861 -0.083718 0.251065 0.363876 0.013239 0.103885 0.367074 1.000000 -0.174668 0.216944 0.136460 -0.080194 -0.215786 -0.275341 0.078653 0.080442 -0.083747 -0.078332 -0.047264 0.099199 -0.140622 0.045159 -0.407829 -0.069044 -0.278389 -0.194496 -0.090947 -0.195711 -0.299180 -0.198937 0.006796 0.107681 -0.207285 0.132634 0.056587 0.211079 0.183827 0.360690 -0.199541 0.050409 -0.005323 0.005234 0.091632 0.041602 -0.123576 0.029891 0.398605 0.157812 0.342595 0.376864 0.315859 0.308673 -0.007758 -0.007468 -0.034726 -0.064168 -0.025867 0.157012 -0.318196 -0.187931 -0.025959 -0.191102 -0.207305 -0.151394 0.093775 -0.157167 0.162651 -0.248210 0.004234 -0.152102 -0.279041 0.043843 -0.111726 -0.023689 0.108647 0.259718 0.100766 0.322249 0.072097 0.193768 -0.146764 0.000575 -0.064230 0.077744 0.002570 0.016457 0.048013 0.040851 0.083399 0.009508
-0.177252 -0.286716 0.269119 0.374837 0.377172 -0.119286 -0.019880 -0.158604 0.231283 -0.357083 -0.241528 -0.295053 0.022335 -0.356134 -0.035502 -0.227834 -0.128942 -0.269085 -0.421530 -0.281591 -0.011630 -0.211816 0.505401 0.393411 0.601956 0.497576 0.519666 0.546350 -0.571852 -0.330940 -0.093593 0.050247 -0.225310 -0.174668 1.000000 0.405788 -0.060897 -0.065038 0.454934 0.249541 -0.185919 -0.259573 0.031090 -0.004408 -0.279717 0.035425 -0.174190 -0.187205 0.006956 -0.228196 0.453853 0.171235 -0.054825 -0.076285 0.270345 -0.029593 -0.203987 -0.046140 0.306687 -0.132329 -0.120568 -0.172321 -0.277916 -0.409439 0.259549 0.316371 0.015894 0.444731 -0.148567 -0.053151 -0.031783 -0.068242 -0.402017 -0.180686 -0.172456 -0.016231 -0.012631 -0.008140 -0.155282 0.127845 -0.167410 -0.088081 -0.329608 -0.544439 0.173057 0.133398 0.261527 0.187083 0.248591 0.137834 -0.117987 -0.125369 -0.035622 0.291970 -0.004810 -0.130559 0.103711 -0.300736 -0.180516 -0.300221 -0.061024 -0.216421 -0.266056 -0.217424 -0.017630 0.136899 0.338786 -0.231427 -0.220626 -0.029933 0.273492 0.000846 -0.389876 0.004362 -0.118386 -0.192978
-0.299689 -0.330858 -0.047320 0.130838 0.058906 -0.118999 0.120265 0.313963 0.303115 0.078324 -0.243527 -0.052969 0.243226 0.002035 0.099116 0.109225 -0.082181 -0.292470 -0.460093 -0.221618 -0.004045 -0.002722 0.013047 0.225094 0.202286 0.185391 0.088309 0.117711 -0.243790 -0.101624 -0.151842 0.090140 -0.149159 0.216944 0.405788 1.000000 -0.100827 -0.340433 0.025508 -0.051507 -0.055028 -0.063679 -0.063839 -0.052105 -0.071379 0.311968 -0.116166 -0.097297 -0.127645 -0.072013 0.143229 -0.009910 -0.034341 -0.260794 0.027785 -0.188828 -0.184741 -0.126049 0.195039 -0.052226 0.066574 0.164451 -0.275572 -0.199393 0.117607 0.483041 -0.058288 0.422899 -0.312939 -0.207759 0.053742 0.223703 -0.208885 -0.213759 -0.292044 -0.016231 -0.152494 0.008167 -0.207259 -0.090002 -0.173188 -0.179646 -0.252146 -0.187819 -0.035943 0.042657 -0.068474 -0.145171 0.021103 -0.091909 0.055573 -0.174457 0.280301 0.169665 -0.057396 -0.062656 -0.103936 -0.184624 -0.177389 -0.022178 0.253000 -0.036611 -0.154920 -0.251009 -0.173552 0.087201 0.098221 -0.015334 -0.027700 -0.017892 0.268486 -0.215052 -0.070934 -0.135914 -0.041508 -0.114474
