1.000000 0.498081 -0.183159 -0.276785 -0.371245 -0.120055 -0.126997 -0.326263 -0.030650 -0.003813 0.344819 0.286728 0.400006 0.280997 0.180668 0.145915 0.248343 0.249299 0.476526 0.198209 -0.011949 0.088297 -0.431163 -0.366280 -0.394814 -0.331617 -0.129941 -0.159264 0.327068 0.121683 -0.311150 -0.294346 0.063200 -0.071968 -0.372588 -0.288649 0.036019 -0.097387 -0.247625 -0.041938 0.049007 -0.010518 -0.344794 -0.306879 -0.533361 -0.525868 -0.078045 -0.145413 -0.017684 -0.258433 -0.094914 0.131741 0.479482 0.302843 0.460466 -0.079555 0.555172 0.326325 0.317604 0.282311 0.376744 0.327996 0.274348 0.246916 -0.431844 -0.349067 -0.131552 -0.615855 0.392619 0.130334 -0.034653 0.055865 0.057677 0.032126 -0.089117 -0.061441 0.103360 -0.115050 0.039552 0.159045 0.160051 0.251481 -0.011267 -0.115768 -0.067273 -0.161667 0.077967 0.123729 -0.009202 0.178320 -0.142833 0.135475 -0.183208 -0.136131 -0.067867 -0.154489 -0.055059 -0.118043 0.271378 0.223184 -0.058221 0.371395 0.007909 0.130533 -0.120388 -0.015141 -0.083470 -0.243383 -0.050517 0.299761 -0.103489 0.297437 0.057688 0.160974 -0.071773 -0.057723
0.498081 1.000000 -0.236112 -0.370578 -0.313743 -0.089980 -0.140851 -0.557365 -0.030972 -0.027961 0.186451 0.365565 0.609383 0.640343 0.101042 0.169558 0.162896 0.285876 0.211364 0.250087 0.057455 0.144336 -0.374681 -0.363140 -0.293119 -0.483475 -0.129131 -0.145283 0.254871 0.101911 -0.198672 -0.362542 0.071156 -0.008175 -0.143668 -0.247194 -0.094617 -0.052743 -0.180760 0.202722 -0.003805 -0.081496 -0.241825 -0.262383 -0.370594 -0.360574 -0.256380 -0.209873 -0.068590 -0.234970 -0.119996 0.008544 0.427545 0.021867 0.341840 -0.134637 0.464406 0.464876 0.139650 0.498424 0.592805 0.655724 0.420936 0.538877 -0.470768 -0.494817 -0.039412 -0.568986 0.407188 0.272544 -0.038269 -0.024469 -0.011912 0.017048 0.062439 -0.046612 -0.103947 -0.237377 -0.144396 0.081473 0.002299 0.070539 -0.114925 -0.316797 -0.183728 -0.294024 -0.017877 0.135341 0.158633 0.573080 -0.095348 -0.066685 -0.213042 -0.061956 -0.020786 -0.273950 -0.033140 -0.216089 0.140365 0.146711 0.277727 0.477423 0.261390 0.122191 0.236237 0.152048 0.084467 -0.216500 -0.180095 0.272567 -0.095089 0.234934 -0.105238 -0.106210 -0.246395 -0.111926
-0.183159 -0.236112 1.000000 0.013922 0.192781 0.252416 0.316038 0.412357 0.175708 0.097016 -0.342746 -0.071754 -0.093639 -0.173125 -0.212477 -0.280458 -0.289730 -0.399412 -0.152925 -0.396244 0.360985 0.071459 0.341509 0.154244 0.446577 0.383294 0.085747 0.257503 -0.301253 -0.249865 0.227884 0.309985 -0.143765 -0.037183 0.199652 0.395315 -0.227077 -0.175567 0.013520 -0.016147 -0.052485 -0.139343 0.006165 0.122442 0.087269 0.316484 -0.182558 -0.020084 0.156275 -0.000639 -0.084378 0.008527 -0.138076 -0.176513 -0.109606 0.057480 -0.183961 -0.356375 0.009419 -0.063797 -0.001736 -0.077383 -0.256796 -0.266705 0.081516 0.307144 0.231801 0.465851 -0.436506 0.012179 0.062803 -0.065166 -0.121507 -0.047368 -0.133168 0.042420 -0.078174 0.174983 -0.144894 -0.168324 -0.213765 -0.284206 -0.242809 -0.360350 -0.295471 -0.194850 -0.081889 -0.306849 0.057139 -0.046702 0.000647 0.077221 0.185314 0.122756 0.129662 -0.088278 0.264358 0.041792 -0.239148 -0.330228 0.187607 -0.144389 -0.182357 -0.074234 0.013589 0.125627 -0.062784 0.037473 0.298241 0.088692 0.107384 -0.196869 -0.119763 -0.026518 0.234968 -0.159044
-0.276785 -0.370578 0.013922 1.000000 0.315245 0.427433 0.160138 0.368492 0.098659 0.370899 0.140807 -0.064283 -0.482085 -0.360987 0.231540 0.403522 -0.334341 -0.381814 -0.192028 -0.106230 -0.182681 0.118244 0.356886 0.579390 0.129235 0.485230 0.370332 0.387115 -0.356244 -0.358178 -0.058645 0.246369 -0.281289 -0.175223 0.030645 -0.037340 -0.325265 0.055944 -0.057166 -0.036277 -0.037345 -0.211897 0.213370 0.128965 0.046999 0.036437 0.283263 0.133655 0.048096 0.057515 0.568054 0.253892 -0.015042 0.390538 -0.153057 0.261355 -0.462710 -0.445959 0.004074 -0.269613 -0.381465 -0.178046 -0.495235 -0.367729 0.287022 0.534029 -0.231788 0.088170 -0.261989 -0.307941 -0.233094 -0.017110 -0.373683 -0.271009 -0.042842 -0.217399 -0.203801 -0.094731 -0.157299 -0.139432 -0.380252 -0.434272 0.069376 0.252037 0.115754 0.060946 -0.192897 -0.026699 -0.018122 -0.040075 0.200090 0.103550 0.305311 0.158086 -0.015261 -0.173124 -0.097717 -0.083034 -0.029931 0.003264 0.001707 -0.153699 -0.205166 -0.027554 -0.085622 -0.315084 0.017598 -0.042947 -0.071652 -0.089618 -0.085260 -0.287095 0.074163 0.268586 0.010314 -0.112641
-0.371245 -0.313743 0.192781 0.315245 1.000000 0.542150 0.552811 0.449905 0.563071 0.443676 0.280059 0.179028 0.034718 0.005159 0.376078 0.234195 -0.161114 -0.207159 -0.342262 -0.023183 -0.011534 -0.029285 0.264789 0.146147 -0.053830 0.090666 0.114033 0.027356 -0.180263 -0.158582 -0.149083 -0.136755 -0.184316 -0.157741 0.364535 0.069828 -0.181232 -0.130782 -0.248352 -0.153726 -0.134754 -0.368837 -0.153902 -0.155294 -0.028226 0.033127 -0.009577 -0.167434 -0.023159 -0.003559 0.107086 -0.012401 0.008553 -0.032885 -0.065579 -0.016551 -0.497498 -0.349959 0.181848 -0.122181 -0.040573 0.027326 -0.251633 -0.235160 0.364654 0.371372 -0.046593 0.167999 -0.389045 0.020403 0.028097 0.019051 -0.070868 -0.192759 -0.047951 -0.101265 -0.181093 -0.016315 -0.241289 -0.208096 -0.146858 -0.200983 0.280249 0.155921 0.175906 0.086164 -0.233738 -0.197308 0.272345 0.054578 -0.002587 0.139528 0.333618 0.438447 -0.127105 -0.034587 -0.248587 -0.184671 -0.426301 -0.256643 0.017310 -0.282923 -0.161473 -0.140240 -0.051418 -0.027552 0.080514 -0.344323 -0.130495 -0.154644 -0.215915 -0.323975 -0.184703 0.029008 -0.003374 0.013331
-0.120055 -0.089980 0.252416 0.427433 0.542150 1.000000 0.279285 0.581413 0.371335 0.676712 0.155582 0.334888 -0.093414 0.068519 0.116439 0.158372 -0.325195 -0.467110 -0.419180 -0.028042 0.026040 0.250744 0.055687 0.283540 -0.045485 0.403036 -0.008939 0.182964 -0.231054 -0.315122 -0.118220 0.064759 -0.324798 -0.280327 0.003548 -0.135099 -0.415344 -0.254268 -0.252407 -0.242871 -0.090974 -0.350250 -0.000822 -0.026904 -0.125394 -0.060340 0.175116 0.077802 0.280472 0.173591 0.274024 0.389548 0.255644 0.396252 0.011907 0.190827 -0.432028 -0.570690 0.277931 -0.009352 -0.116184 0.213774 -0.444195 -0.319495 0.014325 0.447881 -0.215098 0.028682 -0.448337 0.074523 -0.150012 0.065187 -0.364867 -0.331713 -0.311639 -0.315087 -0.402439 -0.231320 -0.286626 -0.392916 -0.347039 -0.397821 0.230293 -0.026847 0.053472 -0.155279 -0.100056 -0.086966 0.020419 0.102825 0.299697 0.159569 0.372683 0.195792 0.026108 -0.152292 -0.153557 -0.127297 -0.153329 -0.014157 0.217827 -0.065123 -0.256562 0.055709 0.099575 0.055213 0.097726 -0.402990 0.225072 0.255220 -0.227403 -0.179211 -0.100275 0.160911 0.042158 -0.206036
-0.126997 -0.140851 0.316038 0.160138 0.552811 0.279285 1.000000 0.354058 0.702848 0.433930 0.369762 0.159345 0.142449 -0.002834 0.449966 0.193702 0.163487 -0.010894 -0.110169 -0.154749 -0.059476 -0.228479 0.195117 -0.167645 -0.113327 -0.067637 -0.109329 -0.226485 -0.095883 0.107626 -0.130043 -0.158864 0.040616 -0.029041 0.207669 0.148774 -0.130071 -0.169447 -0.376741 -0.282663 0.016042 -0.495760 -0.212917 -0.172249 -0.046551 -0.068790 -0.077922 -0.320180 -0.134685 -0.041889 0.100803 -0.058355 0.055390 -0.040509 -0.100811 -0.289429 -0.343432 -0.115459 0.260204 -0.222905 0.237770 0.131179 -0.078853 0.102569 0.420357 0.201284 -0.005452 -0.067669 -0.314182 -0.198856 -0.160423 -0.146972 0.204945 -0.023844 0.132051 -0.033155 0.128953 -0.103859 -0.109135 0.034949 -0.084646 -0.009781 0.254774 -0.042151 0.301770 0.091660 -0.336671 -0.246284 0.254692 0.011538 -0.194937 0.073451 0.215966 0.337294 -0.254857 -0.279516 -0.397607 -0.319283 -0.244769 -0.148695 0.050393 -0.071921 0.005054 -0.193100 -0.227504 -0.168442 -0.128020 -0.343069 -0.034937 -0.221858 -0.316631 -0.259432 -0.185750 0.132091 0.003429 -0.224244
-0.326263 -0.557365 0.412357 0.368492 0.449905 0.581413 0.354058 1.000000 0.359224 0.583284 0.008869 0.112930 -0.330595 -0.232771 -0.030307 -0.046861 -0.246427 -0.543363 -0.444022 -0.395413 -0.134241 -0.003402 0.075082 0.196647 0.171973 0.502402 -0.045891 0.146781 -0.328580 -0.224211 -0.042913 0.219951 -0.098235 -0.138940 0.092561 0.166679 -0.140521 -0.267770 -0.102591 -0.169284 -0.025189 -0.259661 0.164956 0.188767 0.163813 0.251385 0.222604 0.199262 0.224717 0.222888 0.215991 0.212893 -0.134000 0.134495 -0.207206 0.235888 -0.374151 -0.688279 0.054240 -0.335025 -0.365913 -0.144207 -0.565872 -0.497483 0.186255 0.715165 -0.035512 0.403106 -0.611211 -0.209872 -0.256339 -0.118871 -0.142594 -0.264056 -0.294153 -0.248461 -0.075243 -0.048336 0.024312 -0.312142 -0.219418 -0.284991 0.093207 -0.016616 0.117891 0.007537 -0.158957 -0.224549 -0.153928 -0.215502 0.232541 0.158130 0.380556 0.064909 0.025919 -0.071642 0.025064 -0.017029 -0.074567 0.036297 0.017072 -0.283385 -0.256236 -0.056685 -0.068411 -0.139309 -0.091414 -0.030586 0.207113 0.030733 -0.079480 -0.218920 0.134356 0.277393 0.264243 -0.176748
-0.030650 -0.030972 0.175708 0.098659 0.563071 0.371335 0.702848 0.359224 1.000000 0.623619 0.443818 0.274479 0.324086 0.225045 0.345890 0.115056 0.121988 -0.077978 -0.248684 -0.112528 -0.290341 -0.228175 -0.017884 -0.268933 -0.173785 -0.182977 -0.298718 -0.276946 -0.123788 0.081505 -0.321690 -0.362344 -0.015001 -0.158191 0.198655 0.180323 -0.120092 -0.368654 -0.441581 -0.327674 -0.150751 -0.592779 -0.137615 -0.163502 -0.007842 -0.055307 0.005075 -0.153991 0.060831 0.033338 0.126381 0.109147 0.239841 0.108780 0.037880 -0.293101 -0.285551 -0.116284 0.465456 -0.170994 0.331843 0.306040 -0.105899 0.085358 0.033411 0.136414 0.014383 -0.241309 -0.314082 -0.026615 -0.155551 -0.065799 0.122129 -0.125656 -0.084270 -0.138883 0.064874 -0.129454 -0.095523 -0.086528 -0.018915 -0.056721 0.129819 -0.100691 0.110276 -0.157224 -0.269454 -0.398276 0.236244 0.111961 -0.049800 0.145102 0.170435 0.305513 -0.343021 -0.262616 -0.398856 -0.209418 -0.150891 -0.162568 0.117087 -0.019685 -0.114550 -0.043162 -0.020445 -0.129479 -0.019614 -0.391252 0.099061 -0.171116 -0.231165 -0.166261 -0.077622 0.186347 -0.028996 0.018947
-0.003813 -0.027961 0.097016 0.370899 0.443676 0.676712 0.433930 0.583284 0.623619 1.000000 0.344110 0.380964 0.072724 0.190691 0.266089 0.264999 -0.073428 -0.420277 -0.384354 -0.231456 -0.287209 0.005545 -0.141922 0.016360 -0.086348 0.174691 -0.151862 0.044398 -0.245938 -0.130525 -0.399035 -0.100880 -0.223637 -0.312415 0.006075 -0.073873 -0.277147 -0.147437 -0.227178 -0.145985 -0.139966 -0.446171 0.076819 -0.007265 -0.197036 -0.126755 0.334957 0.065064 0.252059 0.077651 0.436318 0.459218 0.359013 0.464307 -0.027296 0.106068 -0.269730 -0.456415 0.401474 -0.158131 -0.026781 0.336297 -0.395446 -0.252671 -0.185163 0.413260 -0.208036 -0.167400 -0.411737 -0.102267 -0.397809 -0.132859 -0.210267 -0.308318 -0.166420 -0.211147 -0.089987 -0.255558 -0.136394 -0.257753 -0.278267 -0.280683 0.166007 -0.214065 0.064565 -0.255105 -0.171877 -0.290647 -0.012145 0.044798 0.240039 0.201578 0.354073 0.201487 -0.087637 -0.285008 -0.157123 -0.159758 0.078533 0.134686 0.162726 0.039536 -0.121755 0.048778 -0.098944 -0.116602 -0.009050 -0.363992 0.061294 0.078378 -0.203772 -0.067941 -0.004636 0.334471 -0.014237 -0.195879
0.344819 0.186451 -0.342746 0.140807 0.280059 0.155582 0.369762 0.008869 0.443818 0.344110 1.000000 0.567549 0.314112 0.374216 0.685398 0.562299 0.173993 0.284373 0.182999 0.239862 -0.339167 -0.202003 -0.306963 -0.147465 -0.647282 -0.456686 -0.186783 -0.342166 0.184471 0.087552 -0.606844 -0.433620 -0.011668 -0.215532 -0.152839 -0.438533 0.093434 -0.212671 -0.491130 -0.328204 0.008057 -0.310975 -0.259761 -0.319831 -0.358483 -0.474065 0.104415 -0.212165 -0.018530 0.046355 0.148059 0.181560 0.382575 0.308626 0.211341 -0.209397 -0.054601 0.060774 0.367805 -0.002661 0.242399 0.251460 0.223737 0.216784 0.090957 0.026726 -0.349968 -0.524342 0.069667 -0.114377 -0.226722 -0.109824 0.119920 -0.104117 0.104012 -0.222801 0.157603 -0.254880 -0.123156 0.102120 0.066384 0.105112 0.287213 0.276426 0.408337 0.170268 -0.204039 0.106035 0.201748 0.186028 -0.131966 0.175783 -0.050080 0.069242 -0.413072 -0.293829 -0.527335 -0.509702 -0.010733 0.288045 -0.106453 0.190653 0.026154 -0.058704 -0.137113 -0.363426 0.047029 -0.312853 -0.116197 -0.121199 -0.496969 0.024323 0.167887 0.306052 -0.052185 -0.055836
0.286728 0.365565 -0.071754 -0.064283 0.179028 0.334888 0.159345 0.112930 0.274479 0.380964 0.567549 1.000000 0.418659 0.708255 0.348462 0.395555 -0.062809 0.069512 -0.027751 -0.033965 -0.165883 -0.080075 -0.382568 -0.209313 -0.515558 -0.290717 -0.221763 -0.241799 0.021854 0.011347 -0.591724 -0.370541 -0.129711 -0.317071 -0.164693 -0.389441 -0.085360 -0.178968 -0.395723 -0.111988 0.077098 -0.307175 -0.107457 -0.213642 -0.231923 -0.253221 0.163569 -0.118101 0.230743 0.048160 0.166360 0.367141 0.578519 0.314359 0.312935 0.026163 -0.017745 -0.167219 0.438195 0.209323 0.299293 0.585852 0.065192 0.121204 -0.247495 0.125469 -0.197066 -0.358050 0.027944 -0.055401 -0.210122 -0.059436 -0.050453 -0.051678 0.040448 -0.089042 0.023536 -0.110823 -0.182311 -0.090509 -0.170534 -0.159301 0.015732 -0.093215 0.007122 -0.052119 -0.112148 0.173571 0.152300 0.331489 0.035121 0.195405 -0.103402 -0.029721 -0.368282 -0.297211 -0.108315 -0.412467 0.181731 0.207341 0.125720 0.231151 -0.010755 0.102434 -0.032906 -0.258969 0.100787 -0.251914 -0.002845 0.080653 -0.427074 -0.036122 0.146321 0.169550 -0.242313 -0.214016
0.400006 0.609383 -0.093639 -0.482085 0.034718 -0.093414 0.142449 -0.330595 0.324086 0.072724 0.314112 0.418659 1.000000 0.723048 0.171199 -0.002182 0.299686 0.345969 0.100955 0.027392 -0.092418 -0.318007 -0.478185 -0.637107 -0.440128 -0.658958 -0.343987 -0.402086 0.235875 0.201009 -0.372450 -0.586230 0.097422 -0.072723 0.016833 -0.050623 0.003136 -0.180545 -0.364550 0.025179 0.063083 -0.257358 -0.243987 -0.244848 -0.269770 -0.230895 -0.209123 -0.197837 0.006814 -0.153223 -0.132492 -0.096927 0.440860 -0.163135 0.403091 -0.273600 0.353367 0.412743 0.328327 0.295029 0.793247 0.585295 0.490387 0.564667 -0.349898 -0.354410 0.102189 -0.441607 0.210806 0.213512 -0.023748 -0.104031 0.277470 -0.091420 -0.015337 0.035693 0.078176 -0.039697 -0.152134 0.183401 0.148918 0.183572 -0.125824 -0.322366 -0.230302 -0.239117 -0.168547 -0.074944 0.157759 0.371000 -0.181136 0.067501 -0.263336 0.077731 -0.242511 -0.141400 -0.100860 -0.223339 0.030889 0.007037 0.055483 0.322204 0.298315 0.178867 0.210705 0.145659 0.142192 -0.299208 -0.170742 0.097802 -0.162152 0.155513 -0.051255 -0.020509 -0.299543 0.050258
0.280997 0.640343 -0.173125 -0.360987 0.005159 0.068519 -0.002834 -0.232771 0.225045 0.190691 0.374216 0.708255 0.723048 1.000000 0.098335 0.163139 0.040747 0.185803 -0.079661 -0.049746 -0.174362 -0.139145 -0.510628 -0.475949 -0.426849 -0.533682 -0.293386 -0.304554 0.174847 0.142696 -0.441136 -0.521294 -0.091227 -0.176417 -0.105605 -0.289550 0.080291 -0.095289 -0.342742 0.090314 0.080205 -0.176222 -0.140666 -0.245002 -0.274587 -0.289965 -0.107766 -0.233608 0.173566 -0.033165 -0.076999 0.124168 0.528981 0.015361 0.342283 -0.116306 0.237392 0.239014 0.315183 0.416826 0.553330 0.690739 0.383662 0.467458 -0.460212 -0.260357 0.068984 -0.396022 0.190709 0.081142 -0.094930 -0.086781 0.065175 0.036281 0.026173 0.063251 0.059085 -0.041668 -0.163243 0.075041 -0.008009 -0.043591 -0.110359 -0.249244 -0.208033 -0.242920 0.018918 0.108684 0.099141 0.447269 0.031710 0.102219 -0.159660 0.010788 -0.265585 -0.089602 -0.080352 -0.235373 0.126932 0.115252 0.163049 0.415427 0.213423 0.189540 0.207604 -0.017715 0.108136 -0.221222 -0.056761 0.079434 -0.320818 0.152710 0.025956 0.023448 -0.300096 -0.110500
0.180668 0.101042 -0.212477 0.231540 0.376078 0.116439 0.449966 -0.030307 0.345890 0.266089 0.685398 0.348462 0.171199 0.098335 1.000000 0.568994 0.241669 0.119105 0.256587 0.194018 -0.174719 -0.152519 -0.020932 0.016391 -0.490206 -0.353824 0.045386 -0.261278 0.115326 -0.029516 -0.464523 -0.368531 -0.019254 -0.163756 0.058113 -0.373993 -0.092136 -0.006886 -0.235693 -0.129568 -0.040998 -0.237744 -0.280666 -0.341552 -0.358251 -0.446749 -0.010244 -0.293760 -0.095988 -0.202524 0.270472 0.222545 0.380448 0.266916 0.190206 -0.127493 -0.169534 0.040841 0.312570 0.050705 0.192173 0.229223 0.082981 0.109275 0.210305 0.078580 -0.304334 -0.418939 0.069470 -0.188041 -0.138630 -0.066312 0.060486 0.021303 0.197890 -0.060517 -0.038042 -0.282832 -0.197490 0.010802 -0.106777 0.035571 0.286699 0.231874 0.346611 0.098891 -0.263595 0.136377 0.431351 0.265716 -0.193508 0.131486 0.036743 0.141257 -0.236980 -0.314059 -0.382120 -0.460126 -0.047113 0.084043 -0.099695 0.072020 0.089779 -0.179751 -0.142682 -0.273136 0.005122 -0.369708 -0.209882 -0.151437 -0.455517 -0.086516 0.125976 0.183584 -0.145524 -0.051806
0.145915 0.169558 -0.280458 0.403522 0.234195 0.158372 0.193702 -0.046861 0.115056 0.264999 0.562299 0.395555 -0.002182 0.163139 0.568994 1.000000 -0.097850 0.145367 0.144970 0.171036 -0.067811 0.128382 -0.040906 0.219084 -0.386208 -0.158312 0.199883 0.157241 0.052156 -0.072961 -0.441100 -0.093743 -0.091563 -0.204062 0.104227 -0.353179 -0.035748 0.043435 -0.289511 0.106257 0.072148 -0.191376 -0.053811 -0.119030 -0.212733 -0.162854 0.075099 -0.059127 -0.223872 -0.135404 0.185820 0.062194 0.149352 0.197996 0.001529 0.054441 -0.072884 0.012574 0.030861 -0.073503 0.039180 0.148070 0.010954 0.065673 0.142328 0.106914 -0.380658 -0.252563 0.108002 -0.054171 -0.306493 -0.055390 -0.187283 -0.092871 0.112728 -0.219500 -0.120405 -0.292445 -0.270474 -0.085066 -0.236222 -0.253729 0.288949 0.337039 0.287730 0.136569 -0.194313 0.269049 0.293831 0.251589 -0.017038 0.002312 -0.033314 0.053568 -0.192317 -0.245928 -0.323212 -0.342495 -0.147198 0.057445 -0.131341 0.126877 -0.127836 -0.122429 -0.162158 -0.267329 0.064087 -0.272203 -0.171077 -0.006039 -0.264319 -0.083642 0.017340 0.127146 -0.208370 -0.068452
0.248343 0.162896 -0.289730 -0.334341 -0.161114 -0.325195 0.163487 -0.246427 0.121988 -0.073428 0.173993 -0.062809 0.299686 0.040747 0.241669 -0.097850 1.000000 0.585328 0.391485 0.318163 -0.224931 -0.405203 -0.393444 -0.499086 -0.353032 -0.517383 -0.345014 -0.503883 0.553988 0.540120 -0.027242 -0.364744 0.443040 0.299234 -0.026105 -0.126134 0.320947 -0.060795 -0.006639 -0.191875 0.153635 0.065722 -0.449968 -0.442179 -0.325849 -0.387034 -0.250414 -0.367883 -0.366292 -0.307810 -0.169076 -0.211108 0.143458 -0.122498 0.051462 -0.444191 0.297710 0.517161 0.054055 -0.031994 0.288675 -0.041757 0.439460 0.508405 -0.017238 -0.380431 0.016182 -0.435919 0.402852 0.082244 0.058622 -0.064171 0.555100 0.395721 0.289480 0.073821 0.310727 -0.170905 0.262219 0.367443 0.509421 0.671628 0.172134 0.051686 0.192870 0.272677 -0.163507 -0.021604 0.116338 0.116030 -0.404423 -0.205823 -0.167104 -0.072689 -0.089192 0.062399 -0.333403 -0.053162 0.039140 -0.055687 -0.135603 0.287726 0.177554 0.076294 -0.133993 0.027689 -0.088197 -0.176009 -0.234668 -0.043133 -0.174984 0.141514 0.120246 0.074487 -0.146894 0.086642
0.249299 0.285876 -0.399412 -0.381814 -0.207159 -0.467110 -0.010894 -0.543363 -0.077978 -0.420277 0.284373 0.069512 0.345969 0.185803 0.119105 0.145367 0.585328 1.000000 0.448787 0.445086 -0.030879 -0.334689 -0.275138 -0.401474 -0.463020 -0.655456 -0.231717 -0.436941 0.543740 0.553286 -0.045784 -0.320018 0.425207 0.357207 -0.108676 -0.161753 0.366661 0.125757 -0.193271 -0.124606 0.374839 0.112896 -0.339533 -0.304052 -0.081479 -0.215324 -0.201040 -0.292147 -0.421398 -0.098394 -0.315712 -0.365943 0.065954 -0.272962 0.033180 -0.413741 0.286918 0.652303 -0.081346 0.035398 0.434522 -0.056771 0.660970 0.600492 0.143830 -0.520625 -0.138867 -0.434207 0.440763 0.128609 0.084234 0.055355 0.544627 0.414122 0.342215 0.153620 0.352642 -0.054690 0.064378 0.479768 0.442007 0.567622 0.119893 0.202419 0.264916 0.397560 0.014469 0.253120 0.239472 0.204923 -0.526671 -0.307219 -0.587473 -0.166676 -0.339528 0.033691 -0.313936 -0.279458 -0.029310 -0.025669 -0.182975 0.187738 0.202907 -0.029398 -0.141756 -0.061206 0.058650 -0.097859 -0.235293 -0.143824 -0.211684 0.116198 0.069823 -0.208715 -0.257386 -0.029426
0.476526 0.211364 -0.152925 -0.192028 -0.342262 -0.419180 -0.110169 -0.444022 -0.248684 -0.384354 0.182999 -0.027751 0.100955 -0.079661 0.256587 0.144970 0.391485 0.448787 1.000000 0.548409 0.097195 -0.001112 -0.162420 -0.137228 -0.309589 -0.278935 -0.004191 -0.176437 0.555334 0.300557 0.004271 0.009128 0.263946 0.230151 -0.229753 -0.298866 0.146005 0.039856 0.052094 -0.138397 0.155738 0.286069 -0.383591 -0.358823 -0.266667 -0.355084 -0.322976 -0.242817 -0.416290 -0.332029 -0.387646 -0.283927 -0.031837 -0.039638 0.074683 -0.389769 0.203641 0.321883 -0.105172 0.030402 0.146326 -0.105780 0.498817 0.313458 -0.028627 -0.498052 -0.159553 -0.377945 0.364841 0.142298 0.243671 0.191815 0.372153 0.402989 0.236981 0.157820 0.159443 -0.092088 0.048331 0.267369 0.365885 0.445821 0.092777 0.316210 0.176517 0.358601 -0.003671 0.199034 0.016567 0.061851 -0.349822 -0.141844 -0.346513 -0.353681 0.034444 -0.122293 -0.251081 -0.071507 -0.077208 -0.134953 -0.258726 0.321663 0.063622 0.170974 -0.164662 0.112765 0.032134 0.064048 -0.056284 -0.011638 -0.152787 0.084018 0.140020 -0.157557 -0.045651 0.069715
0.198209 0.250087 -0.396244 -0.106230 -0.023183 -0.028042 -0.154749 -0.395413 -0.112528 -0.231456 0.239862 -0.033965 0.027392 -0.049746 0.194018 0.171036 0.318163 0.445086 0.548409 1.000000 0.141402 0.031338 -0.186976 0.075069 -0.406093 -0.333350 -0.059053 -0.162312 0.560981 0.234634 0.009143 -0.040724 0.214853 0.191879 -0.188713 -0.386601 0.118744 -0.116205 -0.116450 -0.356359 0.215392 0.136819 -0.371127 -0.336931 -0.278296 -0.361979 -0.215020 -0.087957 -0.371749 -0.206244 -0.404938 -0.230170 -0.059839 0.051670 -0.042607 -0.418781 0.007336 0.291627 -0.140095 0.055070 0.044901 -0.150008 0.463045 0.319313 -0.008839 -0.500955 -0.361621 -0.421292 0.288912 0.443077 0.301167 0.287462 0.226604 0.230210 0.111914 -0.104088 -0.118213 -0.281967 -0.160252 0.053525 0.355726 0.386972 0.440599 0.480947 0.284858 0.397334 0.085865 0.135310 0.113497 0.140319 -0.094698 -0.173751 -0.275694 -0.254126 0.045760 -0.104779 -0.457097 -0.033615 -0.222665 -0.149870 -0.150516 0.205887 -0.108425 0.200393 0.166262 0.259316 0.268930 -0.221552 -0.152922 0.033917 -0.069378 0.061863 0.032309 -0.134764 0.029733 0.113680
-0.011949 0.057455 0.360985 -0.182681 -0.011534 0.026040 -0.059476 -0.134241 -0.290341 -0.287209 -0.339167 -0.165883 -0.092418 -0.174362 -0.174719 -0.067811 -0.224931 -0.030879 0.097195 0.141402 1.000000 0.502937 0.411050 0.307073 0.284099 0.268089 0.346283 0.394702 0.052337 -0.193936 0.289036 0.369411 -0.206024 0.066193 0.059508 0.107197 -0.143985 0.111859 0.124037 0.110432 -0.040991 0.066763 -0.099183 0.008129 -0.011943 0.223922 -0.165607 0.011835 -0.114931 -0.143385 -0.257407 -0.126303 -0.176158 -0.161986 -0.066370 0.098186 0.060948 0.012155 -0.175726 0.164321 -0.057501 -0.113114 -0.075152 -0.158908 0.070413 -0.043457 -0.053138 0.222038 0.153460 0.346531 0.188527 -0.018368 -0.143172 -0.060096 -0.002724 0.012915 -0.178775 0.029645 -0.234754 -0.108732 -0.178190 -0.138168 0.184055 -0.126072 -0.116640 0.007405 0.284160 0.095708 0.201321 -0.058448 -0.130242 -0.196415 -0.129377 -0.187581 0.438476 0.021313 0.269453 0.096930 -0.261409 -0.351781 0.085354 -0.077971 -0.083067 0.041479 0.030127 0.257764 0.211231 -0.154363 0.059724 0.349645 0.143752 0.090919 -0.102060 -0.135321 0.165516 -0.021489
0.088297 0.144336 0.071459 0.118244 -0.029285 0.250744 -0.228479 -0.003402 -0.228175 0.005545 -0.202003 -0.080075 -0.318007 -0.139145 -0.152519 0.128382 -0.405203 -0.334689 -0.001112 0.031338 0.502937 1.000000 0.290146 0.444348 0.294037 0.465072 0.388903 0.437987 -0.076390 -0.369270 0.140433 0.323237 -0.371176 -0.133730 -0.071907 -0.065201 -0.207619 0.129767 0.221621 0.251304 -0.236919 0.081799 0.025616 -0.050632 -0.171193 -0.007374 -0.048998 0.037822 -0.042695 -0.168941 0.063779 0.073061 -0.081240 0.168884 0.107676 0.330167 -0.022780 -0.233481 -0.087682 0.082885 -0.271519 0.025631 -0.363345 -0.358426 -0.071539 0.124858 -0.185676 0.122598 0.074600 0.100673 -0.025403 0.113169 -0.499388 -0.125364 -0.135306 -0.087717 -0.262755 0.041512 -0.030972 -0.202148 -0.324213 -0.306200 0.057094 -0.039788 -0.122786 -0.158570 0.197011 0.069176 0.093294 0.066573 0.189618 -0.049929 0.297061 0.023082 0.529481 0.102917 0.194364 0.257899 -0.143879 -0.107834 0.125433 0.010796 -0.268377 0.014278 -0.154268 0.127861 0.044769 0.004321 0.075607 0.416539 0.090937 0.063773 -0.173396 0.029212 0.155603 0.043864
-0.431163 -0.374681 0.341509 0.356886 0.264789 0.055687 0.195117 0.075082 -0.017884 -0.141922 -0.306963 -0.382568 -0.478185 -0.510628 -0.020932 -0.040906 -0.393444 -0.275138 -0.162420 -0.186976 0.411050 0.290146 1.000000 0.541177 0.630841 0.504323 0.614637 0.434312 -0.506243 -0.368672 0.401611 0.357356 -0.277127 -0.080340 0.205378 0.350746 -0.222521 0.126621 0.210264 0.116635 -0.181473 -0.060844 0.167520 0.107090 0.308152 0.349073 -0.060807 -0.072424 -0.072808 0.016448 0.189433 -0.072218 -0.351758 -0.078380 -0.135293 0.112452 -0.434378 -0.231156 -0.103683 -0.136588 -0.331334 -0.306268 -0.466127 -0.482858 0.500083 0.299297 0.092523 0.367224 -0.216126 -0.168399 0.054885 -0.071057 -0.306329 -0.099079 0.125043 0.112502 -0.109258 0.046777 -0.166261 -0.282432 -0.471363 -0.402247 -0.090041 -0.052231 0.106896 -0.060438 0.115541 0.013006 0.293000 -0.105780 0.021052 0.124132 0.200704 0.342923 0.165285 0.032465 0.201022 0.108237 -0.193902 -0.235600 0.005041 -0.369625 -0.156714 -0.236196 -0.066366 -0.009220 -0.042393 0.110334 0.079754 -0.078893 0.115980 -0.278096 -0.089854 -0.121047 0.209252 0.049832
-0.366280 -0.363140 0.154244 0.579390 0.146147 0.283540 -0.167645 0.196647 -0.268933 0.016360 -0.147465 -0.209313 -0.637107 -0.475949 0.016391 0.219084 -0.499086 -0.401474 -0.137228 0.075069 0.307073 0.444348 0.541177 1.000000 0.462585 0.626290 0.533916 0.499971 -0.388424 -0.488037 0.157552 0.509203 -0.378204 -0.228766 -0.004019 -0.040456 -0.258651 0.101927 0.280557 0.002827 -0.075594 0.045424 0.261650 0.184071 0.128885 0.282802 0.198116 0.284532 -0.011186 0.114485 0.240309 0.149949 -0.306924 0.239904 -0.271396 0.322422 -0.434206 -0.505332 -0.274353 -0.200418 -0.634419 -0.411590 -0.470543 -0.565884 0.228482 0.426805 -0.280279 0.393603 -0.239054 -0.077044 0.014072 0.115883 -0.477828 -0.177658 0.076676 -0.094789 -0.314690 -0.016692 -0.270784 -0.381441 -0.467690 -0.555520 0.145964 0.281529 0.069453 0.088359 0.033920 0.002793 0.024608 -0.163744 0.350042 0.103542 0.272938 0.023958 0.346461 0.002546 0.193548 0.154517 -0.126023 -0.088635 0.042513 -0.247873 -0.227715 -0.030764 -0.063422 -0.055596 0.084452 -0.024731 0.115952 0.062188 0.155863 -0.192719 0.009700 0.077119 0.245088 -0.015515
-0.394814 -0.293119 0.446577 0.129235 -0.053830 -0.045485 -0.113327 0.171973 -0.173785 -0.086348 -0.647282 -0.515558 -0.440128 -0.426849 -0.490206 -0.386208 -0.353032 -0.463020 -0.309589 -0.406093 0.284099 0.294037 0.630841 0.462585 1.000000 0.681894 0.375416 0.393234 -0.488043 -0.244511 0.532658 0.509779 -0.247110 0.024103 0.215879 0.483105 -0.133724 0.099334 0.432003 0.231656 -0.229106 0.083289 0.227768 0.210896 0.290706 0.492552 -0.134973 0.143063 -0.027827 0.000425 0.043194 -0.145882 -0.467390 -0.141454 -0.355870 0.133728 -0.171460 -0.274914 -0.328498 -0.194129 -0.419624 -0.365011 -0.440104 -0.462993 0.086510 0.238572 0.350799 0.597119 -0.291694 -0.041330 0.154409 0.005376 -0.257650 -0.074863 0.065836 0.197791 -0.066308 0.292651 0.075192 -0.288471 -0.265918 -0.363936 -0.286334 -0.246816 -0.193529 -0.220664 0.110972 -0.224503 -0.092969 -0.266113 0.156649 0.088152 0.270760 0.220908 0.402649 0.132061 0.464261 0.413532 -0.042669 -0.150102 0.159311 -0.225698 -0.095181 -0.044897 -0.021568 0.184637 -0.188010 0.247071 0.212475 0.073489 0.420563 -0.029585 -0.202898 -0.139553 0.255317 0.043670
-0.331617 -0.483475 0.383294 0.485230 0.090666 0.403036 -0.067637 0.502402 -0.182977 0.174691 -0.456686 -0.290717 -0.658958 -0.533682 -0.353824 -0.158312 -0.517383 -0.655456 -0.278935 -0.333350 0.268089 0.465072 0.504323 0.626290 0.681894 1.000000 0.287546 0.499171 -0.386544 -0.306305 0.436542 0.693776 -0.300853 -0.080728 0.065750 0.246890 -0.289450 0.050061 0.343563 0.007956 -0.184516 0.040302 0.274975 0.229220 0.228630 0.323205 0.149045 0.240569 0.120713 0.148184 0.181726 0.123196 -0.359038 0.185341 -0.341160 0.315517 -0.422556 -0.669897 -0.197439 -0.291597 -0.605605 -0.323485 -0.645672 -0.669087 0.186758 0.505773 0.037768 0.556744 -0.393653 -0.127663 0.062725 0.116875 -0.375763 -0.192667 -0.143425 -0.023802 -0.230840 0.152985 -0.001188 -0.436051 -0.337801 -0.453022 0.017400 0.064063 0.026803 0.023577 0.118717 -0.079656 -0.264279 -0.417237 0.224390 0.065010 0.405794 0.046674 0.434143 0.097051 0.288167 0.312628 -0.061333 -0.055894 0.136596 -0.222123 -0.247625 -0.042675 -0.167682 0.011503 -0.118157 0.170471 0.302955 0.227544 0.169199 -0.096735 -0.080252 0.028450 0.241204 -0.050617
-0.129941 -0.129131 0.085747 0.370332 0.114033 -0.008939 -0.109329 -0.045891 -0.298718 -0.151862 -0.186783 -0.221763 -0.343987 -0.293386 0.045386 0.199883 -0.345014 -0.231717 -0.004191 -0.059053 0.346283 0.388903 0.614637 0.533916 0.375416 0.287546 1.000000 0.708836 -0.449027 -0.593973 0.004264 0.160972 -0.318863 -0.105129 0.097505 0.138309 -0.339696 0.165192 0.129318 0.395100 -0.038185 -0.155314 0.136647 0.085357 0.007171 0.223942 0.038733 0.029287 -0.145572 -0.118829 0.213925 0.013535 -0.175095 -0.024705 0.154604 0.324977 -0.004418 -0.098981 -0.184973 0.065462 -0.335838 -0.151275 -0.361671 -0.412704 0.170116 0.266165 -0.091165 0.190144 -0.015840 0.000247 -0.024169 -0.037160 -0.451018 -0.152244 0.086695 -0.029234 -0.245752 -0.028112 -0.161861 -0.138524 -0.490825 -0.449027 -0.174574 -0.088536 -0.205273 -0.185140 0.044522 0.141019 0.218226 0.147226 0.091170 -0.020493 0.050086 0.166418 0.312652 0.091575 0.385277 0.205386 -0.006752 -0.138325 -0.199699 -0.220382 -0.180287 -0.171461 0.042956 0.104601 0.046483 0.087093 -0.103482 0.134754 0.181935 -0.176789 -0.003709 0.099709 0.106547 0.002220
-0.159264 -0.145283 0.257503 0.387115 0.027356 0.182964 -0.226485 0.146781 -0.276946 0.044398 -0.342166 -0.241799 -0.402086 -0.304554 -0.261278 0.157241 -0.503883 -0.436941 -0.176437 -0.162312 0.394702 0.437987 0.434312 0.499971 0.393234 0.499171 0.708836 1.000000 -0.403934 -0.505844 0.120943 0.397522 -0.279539 -0.077033 0.064560 0.201032 -0.382666 0.013317 0.146527 0.353363 -0.139155 -0.132729 0.321293 0.295601 0.103739 0.313584 0.222314 0.221892 0.113556 0.048223 0.198404 0.150871 -0.215274 0.000834 0.061623 0.440046 -0.048346 -0.281980 -0.156140 0.019070 -0.427445 -0.114823 -0.511561 -0.524481 -0.002581 0.294050 -0.041657 0.288110 -0.151154 0.117496 0.005667 0.043547 -0.507033 -0.252402 -0.192706 -0.154334 -0.282341 -0.121911 -0.166787 -0.329581 -0.475999 -0.504796 -0.147488 -0.158520 -0.248827 -0.270571 0.099324 -0.015271 -0.076229 -0.108374 0.171940 -0.079231 0.061418 -0.027658 0.336847 0.029501 0.415006 0.242227 -0.029933 -0.079989 -0.061748 -0.226280 -0.286515 -0.078560 0.121351 0.135400 0.066515 0.135817 0.000725 0.316310 0.279739 -0.039659 -0.027821 0.104234 0.220347 0.062769
0.327068 0.254871 -0.301253 -0.356244 -0.180263 -0.231054 -0.095883 -0.328580 -0.123788 -0.245938 0.184471 0.021854 0.235875 0.174847 0.115326 0.052156 0.553988 0.543740 0.555334 0.560981 0.052337 -0.076390 -0.506243 -0.388424 -0.488043 -0.386544 -0.449027 -0.403934 1.000000 0.577576 0.074481 -0.039451 0.336135 0.265254 -0.156960 -0.424726 0.481823 -0.032025 -0.001937 -0.213738 0.252488 0.259558 -0.415899 -0.390560 -0.344327 -0.468180 -0.341446 -0.273553 -0.379591 -0.281578 -0.485357 -0.294262 0.074934 -0.081586 -0.084510 -0.424856 0.228092 0.418548 -0.124396 -0.052202 0.283395 -0.034782 0.602121 0.567776 -0.088245 -0.542845 -0.191506 -0.470678 0.459136 0.234886 0.316966 0.161203 0.593565 0.377729 0.101193 0.105601 0.182260 -0.068953 0.073684 0.318494 0.631769 0.664423 0.328776 0.328932 0.163991 0.438505 0.115281 0.114386 -0.032810 -0.037387 -0.406094 -0.230700 -0.270611 -0.280460 0.066101 0.085123 -0.424835 0.034826 -0.183566 -0.101234 -0.184843 0.438597 0.090584 0.118841 -0.112083 0.139599 0.066985 -0.098499 -0.029895 0.193355 -0.250474 0.267319 0.097767 -0.112065 -0.038702 0.119900
0.121683 0.101911 -0.249865 -0.358178 -0.158582 -0.315122 0.107626 -0.224211 0.081505 -0.130525 0.087552 0.011347 0.201009 0.142696 -0.029516 -0.072961 0.540120 0.553286 0.300557 0.234634 -0.193936 -0.369270 -0.368672 -0.488037 -0.244511 -0.306305 -0.593973 -0.505844 0.577576 1.000000 0.201465 -0.046675 0.609357 0.452755 0.027150 -0.111877 0.469384 0.041010 0.020767 -0.252764 0.330379 0.212042 -0.410042 -0.369603 -0.084212 -0.314703 -0.344755 -0.361104 -0.278063 -0.197186 -0.408656 -0.341162 -0.069198 -0.234969 -0.160417 -0.508682 0.055227 0.342283 -0.081161 -0.073375 0.243408 -0.128402 0.582787 0.465417 -0.000871 -0.564585 0.159128 -0.240600 0.228042 0.024068 0.210217 0.130554 0.739255 0.503830 0.388804 0.282147 0.482312 0.087401 0.162378 0.379955 0.577137 0.651510 0.164449 0.168176 0.305135 0.291359 0.033704 -0.022377 -0.043239 -0.207900 -0.455696 -0.122942 -0.241035 -0.221806 -0.144163 0.036775 -0.345951 -0.067649 -0.043979 0.102819 -0.000542 0.290400 0.201510 0.236591 -0.114603 0.000133 -0.040616 -0.047231 -0.067880 -0.104733 -0.180151 0.328671 -0.050637 -0.183567 -0.124360 0.079988
-0.311150 -0.198672 0.227884 -0.058645 -0.149083 -0.118220 -0.130043 -0.042913 -0.321690 -0.399035 -0.606844 -0.591724 -0.372450 -0.441136 -0.464523 -0.441100 -0.027242 -0.045784 0.004271 0.009143 0.289036 0.140433 0.401611 0.157552 0.532658 0.436542 0.004264 0.120943 0.074481 0.201465 1.000000 0.542110 0.260744 0.352361 0.124161 0.186393 0.170755 0.068751 0.405541 0.093020 -0.052607 0.343964 -0.097303 0.009351 0.147449 0.174991 -0.304099 -0.122985 -0.183468 -0.059764 -0.288674 -0.310126 -0.449703 -0.339259 -0.352477 -0.084144 -0.270415 0.027115 -0.412220 -0.072543 -0.216034 -0.370330 -0.027466 -0.053269 0.258873 -0.116560 0.413977 0.418755 0.051823 0.015061 0.326294 0.098208 0.153325 0.187622 -0.028765 0.245733 -0.003145 0.061781 0.139229 -0.186560 0.146988 0.066357 -0.103241 0.068729 0.131354 0.231734 0.160097 -0.017766 -0.188080 -0.234146 -0.152331 -0.240528 0.060455 -0.018523 0.252567 0.265986 0.112003 0.267337 -0.269705 -0.249869 0.005196 -0.108739 -0.028125 -0.101639 -0.001620 0.214796 -0.221399 0.215064 0.159783 0.135170 0.144677 -0.030134 -0.205094 -0.420263 0.084768 0.062648
-0.294346 -0.362542 0.309985 0.246369 -0.136755 0.064759 -0.158864 0.219951 -0.362344 -0.100880 -0.433620 -0.370541 -0.586230 -0.521294 -0.368531 -0.093743 -0.364744 -0.320018 0.009128 -0.040724 0.369411 0.323237 0.357356 0.509203 0.509779 0.693776 0.160972 0.397522 -0.039451 -0.046675 0.542110 1.000000 -0.073306 0.284806 0.080333 0.215654 -0.016394 0.080515 0.428853 0.070467 -0.000977 0.219917 0.171745 0.204820 0.152319 0.336085 -0.025080 0.168313 -0.178131 -0.007932 -0.197666 -0.213523 -0.521387 -0.137513 -0.431011 0.005081 -0.332280 -0.328373 -0.530139 -0.442405 -0.440588 -0.459540 -0.206879 -0.348899 0.164303 0.133468 -0.074622 0.512267 -0.178552 0.002036 0.135626 0.080359 -0.100364 -0.067410 -0.109160 0.074387 -0.098115 0.152763 -0.168230 -0.272293 -0.034708 -0.104849 0.096764 0.164208 0.035792 0.227140 0.242916 0.035297 -0.241149 -0.452603 0.043934 -0.141399 0.080997 -0.160019 0.415489 0.083501 0.267691 0.410130 -0.255991 -0.054226 -0.047347 -0.146013 -0.242312 -0.016565 -0.161689 0.154036 -0.008618 0.273327 0.322937 0.207265 0.250948 0.023698 -0.171679 -0.096923 0.308422 0.056891
0.063200 0.071156 -0.143765 -0.281289 -0.184316 -0.324798 0.040616 -0.098235 -0.015001 -0.223637 -0.011668 -0.129711 0.097422 -0.091227 -0.019254 -0.091563 0.443040 0.425207 0.263946 0.214853 -0.206024 -0.371176 -0.277127 -0.378204 -0.247110 -0.300853 -0.318863 -0.279539 0.336135 0.609357 0.260744 -0.073306 1.000000 0.525848 -0.013404 -0.033875 0.305322 -0.156456 0.005858 -0.093629 0.266365 0.246003 -0.311907 -0.184113 0.102899 -0.121286 -0.232846 -0.206276 -0.227399 -0.172949 -0.419649 -0.334003 -0.230333 -0.386087 -0.156533 -0.356716 0.211464 0.304071 -0.103225 0.054232 0.211260 -0.126229 0.469013 0.342587 0.056187 -0.304762 0.252451 -0.075865 0.262805 -0.110509 0.039313 -0.001476 0.640799 0.404975 0.222194 0.103730 0.313111 -0.132969 0.134068 0.190524 0.439336 0.464370 -0.073536 0.107989 0.163660 0.205511 -0.188374 -0.117089 -0.073246 -0.027512 -0.323740 -0.332436 -0.244785 -0.268146 -0.193867 -0.055747 -0.200227 -0.079948 -0.026529 0.029378 -0.109461 -0.006239 0.236655 0.058694 0.036577 0.036141 -0.105995 0.103275 -0.080837 -0.043543 -0.122891 0.088464 0.119542 -0.199291 -0.044544 0.057739
-0.071968 -0.008175 -0.037183 -0.175223 -0.157741 -0.280327 -0.029041 -0.138940 -0.158191 -0.312415 -0.215532 -0.317071 -0.072723 -0.176417 -0.163756 -0.204062 0.299234 0.357207 0.230151 0.191879 0.066193 -0.133730 -0.080340 -0.228766 0.024103 -0.080728 -0.105129 -0.077033 0.265254 0.452755 0.352361 0.284806 0.525848 1.000000 0.022769 0.219030 0.126073 0.154583 0.039806 0.004423 0.167304 0.248024 -0.293510 -0.149010 0.108877 0.063532 -0.361280 -0.195377 -0.455249 -0.308290 -0.420891 -0.513128 -0.360694 -0.473594 -0.230244 -0.463833 0.104075 0.308762 -0.430729 -0.100161 0.053930 -0.337074 0.358426 0.255010 0.106986 -0.352541 0.093252 0.111761 0.204464 0.086040 0.241711 0.211408 0.526902 0.488692 0.224232 0.307831 0.267577 0.226418 0.070709 0.235578 0.482873 0.557666 -0.004203 0.115278 0.024854 0.230004 0.004444 0.010105 -0.029533 -0.091979 -0.418409 -0.544467 -0.326301 -0.337977 0.003940 0.091788 0.031064 0.056546 -0.113803 0.002997 -0.038792 -0.157983 0.127175 0.126610 0.036694 0.095119 -0.073274 0.144987 -0.133366 -0.038081 0.097394 0.180180 -0.222882 -0.118597 0.047298 0.144896
-0.372588 -0.143668 0.199652 0.030645 0.364535 0.003548 0.207669 0.092561 0.198655 0.006075 -0.152839 -0.164693 0.016833 -0.105605 0.058113 0.104227 -0.026105 -0.108676 -0.229753 -0.188713 0.059508 -0.071907 0.205378 -0.004019 0.215879 0.065750 0.097505 0.064560 -0.156960 0.027150 0.124161 0.080333 -0.013404 0.022769 1.000000 0.414941 -0.028342 -0.076925 0.111786 0.178224 -0.227250 -0.175930 -0.046699 -0.077118 0.069173 0.268935 -0.318700 -0.171179 -0.202024 -0.144139 -0.101616 -0.289421 -0.206508 -0.361805 -0.160545 -0.146829 -0.201045 0.016355 -0.195907 -0.157030 0.039755 0.036392 -0.076174 0.059084 0.238914 0.055679 0.317787 0.413945 -0.053565 0.222588 0.117972 0.003088 -0.095160 -0.080245 -0.041572 0.018105 -0.135456 0.157900 -0.127659 -0.091026 -0.094184 -0.195766 0.013207 0.011782 -0.023180 -0.029888 -0.019454 0.045572 0.238507 0.015303 -0.114753 -0.059210 0.205739 0.287590 0.072537 -0.009796 -0.061548 0.099355 -0.391238 -0.359885 -0.033703 -0.105843 -0.129163 -0.140025 0.101521 0.159843 0.067074 0.086825 -0.002952 -0.187498 0.134726 0.029935 -0.164538 -0.149003 -0.046810 0.217979
-0.288649 -0.247194 0.395315 -0.037340 0.069828 -0.135099 0.148774 0.166679 0.180323 -0.073873 -0.438533 -0.389441 -0.050623 -0.289550 -0.373993 -0.353179 -0.126134 -0.161753 -0.298866 -0.386601 0.107197 -0.065201 0.350746 -0.040456 0.483105 0.246890 0.138309 0.201032 -0.424726 -0.111877 0.186393 0.215654 -0.033875 0.219030 0.414941 1.000000 -0.214749 -0.148536 0.137198 0.092599 -0.134211 -0.205346 0.204794 0.212767 0.402312 0.507408 -0.126536 0.082602 -0.056336 0.030309 -0.051242 -0.279210 -0.405730 -0.375141 -0.038245 -0.090349 0.011157 -0.018557 -0.230071 -0.288013 0.004224 -0.143103 -0.250452 -0.178068 0.168368 0.154652 0.244461 0.460068 -0.290655 0.072850 0.060500 0.024226 -0.115069 -0.156260 -0.127272 0.048303 -0.005231 0.275569 -0.076130 -0.030164 -0.174517 -0.097027 -0.137720 -0.187987 -0.151789 -0.151927 0.027553 -0.135686 0.082993 -0.152212 -0.025307 -0.054800 0.184981 0.241101 0.064440 0.054809 0.249386 0.221496 -0.184870 -0.185180 0.022682 -0.293162 0.052580 -0.073944 0.142778 0.115393 0.060838 0.160301 0.074233 -0.192046 0.380498 -0.133272 -0.345014 -0.036425 0.092110 0.210332
