1.000000 0.299616 0.164000 0.212356 0.198042 0.111670 0.282703 0.188849 0.079583 0.187384 0.036505 0.197222 0.173160 -0.008165 0.031994 0.114814 -0.151469 -0.091498 0.147727 0.300166 -0.181434 -0.034415 0.082936 0.085307 -0.052199 -0.145924 0.208367 0.112192 -0.023480 -0.006870 -0.177841 -0.236766 0.196514 0.000889 -0.179100 -0.330657 -0.211975 -0.224796 -0.105430 -0.164407 -0.077758 -0.201665 -0.179836 -0.244454 -0.276511 -0.407874 -0.281710 -0.375154 -0.156283 -0.257795 0.199903 -0.097143 0.020353 0.124049 -0.064586 -0.347919 0.213010 0.129550 -0.004514 -0.046598 0.422730 0.264377 0.064050 0.273924 0.182930 0.252648 0.001151 -0.186656 0.233732 0.300894 0.054513 -0.102638 0.034208 0.053342 0.160596 0.189909 -0.034194 -0.064137 0.002567 -0.145308 -0.078267 -0.070955 -0.220927 -0.030608 0.304070 0.037490 0.077234 -0.136917 0.191531 0.189005 -0.134050 0.130594 0.166429 0.206781 -0.307096 0.082894 -0.385949 0.114276 -0.190080 -0.011536 0.057657 0.038338 0.076732 -0.000802 -0.198763 -0.013113 -0.067928 0.181853 -0.260015 -0.108364 -0.433313 -0.115268 0.120721 0.077301 0.248556 0.121586
0.299616 1.000000 -0.370899 0.128049 0.046038 0.256004 -0.310277 0.216241 0.109848 0.084085 0.214817 0.598865 0.249746 0.547160 0.000350 0.204872 -0.145366 0.224292 0.057512 0.359436 -0.196712 -0.139955 0.006811 -0.294653 -0.417782 -0.477713 0.066013 0.065120 0.125187 0.251231 -0.466301 -0.411802 -0.185900 -0.188466 -0.292769 -0.509056 -0.061468 0.023075 -0.085496 -0.077485 -0.258528 0.247636 0.002470 0.000645 -0.079209 -0.333501 -0.013825 0.071427 0.074511 -0.038899 -0.043829 0.034826 0.225116 0.148012 0.113447 0.130058 0.051039 0.176531 0.177035 0.124272 0.160846 0.463360 0.071890 0.506197 -0.093687 0.002798 -0.416463 -0.456479 0.242867 -0.112971 -0.132542 -0.158491 -0.076981 0.142009 0.078202 0.116088 0.012330 -0.040850 -0.042395 0.194047 0.138145 0.120108 -0.080273 0.221895 -0.067314 0.054643 0.227364 -0.258182 -0.079016 0.450471 0.277913 -0.004983 0.011121 -0.163576 -0.063690 -0.221501 0.066414 0.244852 0.170165 0.151943 -0.136004 -0.161935 -0.065405 -0.186783 -0.238547 -0.309309 -0.014716 0.111608 0.082712 -0.060585 -0.146281 0.086949 0.009827 -0.154303 -0.109768 -0.215956
0.164000 -0.370899 1.000000 0.470150 0.497510 0.255035 0.761282 0.410009 0.122115 0.433479 -0.376979 -0.292644 -0.163181 -0.482895 -0.043758 -0.073800 -0.257882 -0.420369 0.329884 0.010378 0.312632 0.377978 0.369765 0.613321 0.509485 0.468338 0.432674 0.404101 -0.027236 -0.234846 0.532335 0.636985 0.078010 0.431853 0.255474 0.318017 -0.233028 -0.597263 -0.104217 -0.175304 -0.046794 -0.385143 -0.524136 -0.520163 -0.355930 -0.211454 -0.611157 -0.600362 -0.599195 -0.519753 -0.057417 -0.418413 -0.475364 -0.326367 -0.388229 -0.609732 -0.194391 -0.182281 -0.344695 -0.265730 0.142089 -0.184877 -0.199809 -0.227505 0.623015 0.367578 0.223327 0.341281 0.090417 0.225119 0.152980 0.028300 -0.170738 -0.259636 -0.086156 -0.082589 -0.198844 -0.155205 -0.049178 -0.297415 -0.300277 -0.330324 0.088423 0.121070 0.318123 -0.030331 -0.223346 -0.230084 0.334294 -0.035149 -0.340839 0.110645 0.228351 0.303890 0.071668 0.031662 -0.525843 0.096637 -0.550413 -0.080023 0.116066 0.160614 0.040728 0.060891 -0.025567 0.059795 0.026692 0.071877 0.031860 -0.048261 -0.362888 -0.280545 -0.085991 0.075654 0.210516 0.176984
0.212356 0.128049 0.470150 1.000000 0.467364 0.524550 0.398140 0.543978 0.156608 0.415594 -0.271528 0.018721 -0.305260 -0.241337 0.010938 0.241054 -0.398284 -0.451508 -0.136997 0.234250 0.130184 0.135896 0.557374 0.662374 0.390466 0.348379 0.698930 0.664006 -0.255328 -0.320244 0.147899 0.264859 -0.117142 0.113674 0.286708 0.114650 -0.254461 -0.427134 -0.266350 -0.160179 -0.384955 -0.328259 -0.639094 -0.656179 -0.586096 -0.556617 -0.704170 -0.565012 -0.584610 -0.594883 0.054611 -0.418106 -0.190234 -0.252760 -0.249078 -0.657025 -0.124539 0.108976 -0.362120 -0.192749 0.010882 0.125538 -0.142915 0.052787 0.597533 0.505930 0.040158 0.214222 0.361128 0.365053 0.246860 -0.089960 -0.464116 -0.202477 -0.164036 -0.119197 -0.228354 -0.193246 -0.079899 0.036481 -0.295051 -0.273822 -0.121914 -0.001365 0.463191 0.236336 0.104999 -0.250693 0.605694 0.492272 -0.162747 0.061493 0.385642 0.036148 -0.044742 -0.042344 -0.477522 0.110278 -0.515293 -0.138159 -0.183712 -0.151080 0.020530 -0.066321 -0.176873 -0.166594 0.062759 0.159274 -0.043419 -0.078370 -0.444302 -0.195746 -0.226726 -0.138647 -0.001778 0.183483
0.198042 0.046038 0.497510 0.467364 1.000000 0.757570 0.445766 0.447862 0.700653 0.597123 -0.309731 -0.020993 0.097363 -0.177881 -0.181937 -0.117345 -0.370803 -0.269320 -0.054701 -0.090300 0.290315 0.111769 0.217753 0.368042 0.309088 0.336984 0.691020 0.754059 -0.301362 -0.115479 -0.058674 0.015699 -0.167680 0.004076 0.046165 0.081887 -0.207803 -0.512766 -0.012632 -0.040418 -0.287441 -0.369491 -0.498265 -0.468081 -0.369402 -0.275881 -0.568557 -0.515510 -0.333607 -0.438123 -0.058856 -0.280573 -0.310921 -0.215437 -0.193408 -0.326052 -0.138922 -0.103013 -0.025970 -0.042775 0.299306 0.032611 0.047862 0.083490 0.353476 0.303085 0.091151 0.235483 0.265136 0.134309 0.087506 -0.181605 -0.450565 -0.293450 -0.226178 -0.073489 -0.338195 -0.410292 -0.178351 -0.215463 -0.182110 -0.226301 -0.277778 -0.009284 0.060191 -0.008925 -0.041330 -0.128643 0.214212 0.129927 -0.204624 -0.036527 0.401735 0.259825 0.080583 0.111173 -0.365589 0.483173 -0.416882 -0.015511 0.041548 0.104556 0.084205 0.202413 -0.132210 0.056042 0.043592 0.132652 0.101455 0.157109 -0.215902 -0.114623 -0.205618 0.043682 0.082991 0.276368
0.111670 0.256004 0.255035 0.524550 0.757570 1.000000 0.165590 0.543885 0.576074 0.713499 -0.303075 0.175567 -0.071699 0.016757 -0.300162 0.065441 -0.518176 -0.206229 -0.206828 -0.143483 0.229363 -0.005146 0.222252 0.195229 0.095240 0.155801 0.626007 0.737946 -0.346820 -0.106417 -0.299812 -0.175227 -0.350425 -0.269015 -0.121093 -0.129423 -0.226044 -0.423342 -0.089713 -0.130452 -0.479087 -0.265520 -0.316339 -0.370023 -0.305282 -0.304697 -0.347181 -0.236714 -0.111311 -0.259291 0.012383 -0.028084 0.071261 -0.093318 -0.012595 -0.157458 -0.285728 -0.201096 0.080272 0.114402 0.304999 0.296708 0.156147 0.154711 0.213231 0.298849 -0.109497 0.117577 0.206242 -0.020436 0.025268 -0.086855 -0.524409 -0.156280 -0.138253 0.037220 -0.295895 -0.427239 -0.263741 -0.039481 -0.240915 -0.339269 -0.234207 -0.067595 -0.003880 -0.037330 0.090180 -0.334588 0.144041 0.281583 0.111198 0.125970 0.342004 0.114089 0.050249 -0.025739 -0.105407 0.442353 -0.084991 -0.136127 -0.143140 -0.121235 0.040533 0.064962 -0.236709 -0.158993 0.075139 0.330918 0.156977 0.117540 -0.263073 0.098909 -0.303039 0.003232 -0.055123 0.151088
0.282703 -0.310277 0.761282 0.398140 0.445766 0.165590 1.000000 0.557440 0.209402 0.442464 -0.105560 -0.029506 0.016698 -0.286282 0.030062 0.010082 -0.149907 -0.265976 0.209080 0.054353 0.042550 0.050540 0.246915 0.497521 0.291905 0.288154 0.299153 0.229984 0.096333 -0.085183 0.364249 0.405001 0.035226 0.350173 0.196090 0.260849 -0.258754 -0.390199 -0.326910 -0.280129 -0.142788 -0.319156 -0.445958 -0.366689 -0.338948 -0.183501 -0.517896 -0.476330 -0.441613 -0.460561 0.029274 -0.378514 -0.371364 -0.158896 -0.409568 -0.519543 -0.216422 -0.210827 -0.299956 -0.320778 0.202036 -0.154889 -0.161905 -0.103065 0.504341 0.422420 0.150482 0.224072 -0.108962 0.157273 0.224213 -0.187899 0.063718 -0.101584 0.043775 0.026585 -0.127941 -0.156843 -0.041554 -0.320255 -0.177384 -0.225733 -0.000139 0.256117 0.204796 0.049387 -0.257173 -0.191062 0.355843 -0.110333 -0.340074 0.177324 0.288033 0.306817 -0.204905 -0.043778 -0.489489 -0.080566 -0.545225 0.050781 0.012861 0.183534 0.055831 -0.015516 -0.125266 -0.091908 -0.105584 0.015007 -0.153610 -0.159125 -0.362324 -0.343638 0.033472 0.022144 0.036228 -0.025568
0.188849 0.216241 0.410009 0.543978 0.447862 0.543885 0.557440 1.000000 0.271776 0.683781 -0.128160 0.204735 -0.037391 0.093864 -0.250429 0.078958 -0.323988 -0.048911 0.073990 0.008643 -0.050000 -0.163097 0.158582 0.166852 -0.082471 -0.040624 0.243681 0.342015 0.070155 0.093696 -0.061769 0.061454 -0.222456 0.014658 -0.070954 -0.002179 -0.336904 -0.348363 -0.278024 -0.296410 -0.381272 -0.281521 -0.395462 -0.383459 -0.277772 -0.297184 -0.440789 -0.339430 -0.360479 -0.424869 -0.057442 -0.229099 -0.101488 -0.047216 -0.368355 -0.371373 -0.292136 -0.173335 -0.080672 -0.097431 0.297658 0.367594 -0.019727 0.271828 0.300824 0.527509 -0.089358 -0.032915 -0.143744 -0.080530 0.048760 -0.172972 -0.058008 -0.026798 0.074450 0.161802 -0.021296 -0.158969 -0.073135 0.007374 -0.035480 -0.124548 -0.159369 0.145556 0.103845 -0.060788 -0.091643 -0.502775 0.244552 0.207145 0.072142 0.303546 0.450586 0.211926 -0.221021 -0.090157 -0.270676 0.037569 -0.246104 0.171275 -0.048966 0.173995 0.116507 -0.063268 -0.327738 -0.333083 -0.038462 0.175876 -0.103934 -0.120946 -0.374287 -0.175031 -0.058318 -0.050480 -0.232599 -0.085222
0.079583 0.109848 0.122115 0.156608 0.700653 0.576074 0.209402 0.271776 1.000000 0.385380 -0.158471 0.168811 0.249652 0.047775 0.097068 0.081597 -0.110344 -0.045152 -0.209061 -0.092935 0.152971 -0.142149 0.055604 -0.009382 0.156321 0.115926 0.411434 0.493443 -0.158693 0.067297 -0.229871 -0.193749 -0.177753 -0.162312 -0.131148 -0.034868 -0.047862 -0.163929 0.072400 -0.036764 -0.213972 -0.071359 -0.303610 -0.280199 -0.263224 -0.217868 -0.339247 -0.271862 -0.049956 -0.229058 0.058212 -0.011379 -0.100389 0.007917 0.046487 -0.019383 -0.083183 -0.143555 -0.021020 -0.042788 0.188096 -0.020368 0.173664 0.155093 0.070755 -0.026693 -0.006478 0.112108 0.187245 -0.039547 0.191229 -0.068232 -0.319046 -0.194209 -0.138867 0.078750 -0.209757 -0.254042 -0.302553 -0.108039 0.055290 -0.090427 -0.194786 0.162834 -0.210725 -0.047902 -0.037326 0.111186 -0.069142 0.054823 0.022905 0.027077 0.211547 0.066265 0.118410 0.097843 -0.116213 0.432725 -0.114800 0.023636 -0.188806 0.149023 -0.082468 0.206051 -0.196101 0.002288 0.029101 0.074378 0.089241 0.126622 -0.035560 -0.154565 -0.180018 -0.014555 -0.109194 0.162820
0.187384 0.084085 0.433479 0.415594 0.597123 0.713499 0.442464 0.683781 0.385380 1.000000 -0.306098 0.115670 -0.094695 -0.090550 -0.210906 -0.010389 -0.504349 -0.209291 0.001341 -0.119830 0.107388 -0.161063 0.054806 0.123895 -0.020674 0.030583 0.367496 0.398546 -0.065536 -0.086325 -0.196087 -0.076927 -0.246415 -0.073251 -0.121086 0.072788 -0.302631 -0.501144 -0.320899 -0.174540 -0.419947 -0.336248 -0.293575 -0.358420 -0.254375 -0.160050 -0.346557 -0.247431 -0.176892 -0.214290 -0.077488 0.008441 -0.078193 -0.038598 -0.284600 -0.290502 -0.312515 -0.197505 0.093913 0.105081 0.345789 0.298421 -0.049778 0.080124 0.364041 0.486979 -0.034208 0.119866 -0.002263 -0.072471 -0.023787 -0.149613 -0.232375 -0.225679 -0.071385 0.007859 -0.235929 -0.375004 -0.071200 -0.118583 -0.278871 -0.464796 -0.137935 0.076198 -0.059321 -0.220710 -0.006554 -0.431250 0.101077 0.049516 0.120509 0.295413 0.467232 0.305996 -0.083692 -0.044652 -0.195219 0.302261 -0.198503 0.033004 0.032227 0.098114 0.170074 0.134914 -0.085238 -0.084261 0.110052 0.392369 0.094799 -0.083914 -0.371185 -0.121872 -0.099725 0.099580 0.034221 0.088182
0.036505 0.214817 -0.376979 -0.271528 -0.309731 -0.303075 -0.105560 -0.128160 -0.158471 -0.306098 1.000000 0.478467 0.422625 0.503958 0.358294 0.335065 0.177282 0.211311 0.161952 0.135883 -0.405659 -0.198130 0.083370 -0.078637 -0.252788 -0.316509 -0.224001 -0.305181 0.228868 0.107275 -0.054012 -0.184935 -0.203608 -0.085482 -0.290671 -0.276830 0.020316 0.373430 -0.003333 -0.078437 0.142089 0.129956 0.241403 0.245910 0.148758 0.025788 0.324284 0.328668 0.271495 0.231999 0.226944 0.207221 0.231173 0.332367 0.234228 0.331983 0.127896 -0.085038 0.010319 -0.178270 -0.235758 -0.022261 -0.205823 -0.047555 -0.378201 -0.162743 -0.307803 -0.394825 -0.128028 -0.199325 -0.073791 -0.160805 0.290644 0.272767 0.294912 0.188659 0.018855 -0.033244 0.159841 -0.043377 0.207487 0.277851 0.254455 0.056901 0.018823 0.157183 0.341199 0.139931 0.037114 -0.028766 -0.018395 -0.043276 -0.266671 -0.247438 -0.347924 -0.156068 0.303562 -0.159905 0.081248 0.207091 -0.117777 -0.147436 -0.299107 -0.450065 -0.164628 -0.279583 -0.098881 -0.314970 -0.251384 0.020365 0.043411 -0.030460 -0.053372 -0.211900 -0.065231 -0.452808
0.197222 0.598865 -0.292644 0.018721 -0.020993 0.175567 -0.029506 0.204735 0.168811 0.115670 0.478467 1.000000 0.463532 0.646285 0.252917 0.490848 0.024324 0.351731 0.211199 0.229183 -0.171550 -0.288352 0.111700 -0.236461 -0.436310 -0.517929 0.005246 -0.055230 0.262221 0.344380 -0.302824 -0.388764 -0.216736 -0.078954 -0.338436 -0.427618 0.006106 0.217548 -0.221038 -0.197196 -0.172220 0.240462 0.000939 0.104316 -0.059399 -0.280440 0.083138 0.159383 0.075179 0.004100 0.012916 0.103370 0.261251 0.280686 -0.007217 0.195608 -0.158112 -0.001041 -0.038986 -0.149878 0.058352 0.217120 -0.017979 0.371384 -0.154722 0.006888 -0.522559 -0.470880 0.055875 -0.287870 -0.111666 -0.187934 0.134086 0.282803 0.255899 0.291071 0.131248 -0.069322 -0.039821 0.095737 0.190100 0.131458 0.139207 0.316614 -0.057638 0.182466 0.183900 -0.161908 -0.090089 0.264671 0.186756 0.264415 0.078149 -0.053228 -0.396872 -0.211574 0.139784 -0.019236 0.156116 0.233032 -0.192023 -0.246285 -0.226145 -0.398173 -0.389908 -0.539210 -0.261831 -0.076132 -0.166425 -0.038920 -0.156200 0.068136 0.052383 -0.234851 -0.068707 -0.407771
0.173160 0.249746 -0.163181 -0.305260 0.097363 -0.071699 0.016698 -0.037391 0.249652 -0.094695 0.422625 0.463532 1.000000 0.530562 0.284986 0.224398 0.214663 0.380791 0.234453 0.346178 -0.176172 -0.036130 -0.198379 -0.366238 -0.411578 -0.352942 -0.032834 -0.072250 0.359934 0.478312 -0.219638 -0.308141 0.075800 0.074458 -0.388187 -0.334786 0.164219 0.234209 0.120066 0.048370 0.299090 0.184771 -0.019917 0.074150 0.029321 -0.164941 -0.019746 -0.003140 0.048583 -0.009738 -0.111640 -0.060792 0.068723 0.137246 0.115409 0.253272 0.135402 0.166391 0.080615 -0.088075 0.157568 -0.044666 0.005505 0.311510 -0.302753 -0.347869 -0.364241 -0.508669 0.019195 -0.176856 -0.176121 -0.209922 0.392097 0.243046 0.348806 0.254414 0.183792 0.148572 0.054781 -0.037695 0.361860 0.392355 0.148436 0.361052 -0.266277 -0.194436 0.004526 0.014226 -0.231835 -0.068336 -0.079199 0.037953 -0.123008 0.080049 -0.287369 -0.008172 0.026176 0.018346 0.016191 0.517498 0.018752 0.118364 -0.071743 -0.046186 -0.050670 -0.087280 -0.043360 -0.140735 -0.134634 0.194565 0.139315 0.045800 0.156911 0.064326 0.073369 -0.092412
-0.008165 0.547160 -0.482895 -0.241337 -0.177881 0.016757 -0.286282 0.093864 0.047775 -0.090550 0.503958 0.646285 0.530562 1.000000 0.007156 0.213151 0.134764 0.506960 0.086422 0.243145 -0.300108 -0.256938 -0.092915 -0.490241 -0.624050 -0.628922 -0.224165 -0.206208 0.270610 0.451147 -0.372767 -0.487507 -0.232780 -0.163558 -0.386017 -0.415899 0.105885 0.361159 0.006625 -0.190568 0.186647 0.327549 0.161300 0.262699 0.150790 -0.043435 0.180456 0.303014 0.192444 0.190942 -0.091728 0.086622 0.402605 0.178924 0.183307 0.396972 -0.072918 -0.044291 0.300059 0.108236 0.166894 0.299089 0.207866 0.447301 -0.335227 -0.249413 -0.297354 -0.495959 -0.082762 -0.351246 -0.271261 -0.231930 0.306463 0.318292 0.285122 0.176489 0.226470 0.018845 0.078474 0.085979 0.289448 0.377094 0.038917 0.236999 -0.240762 -0.065952 0.002016 -0.232328 -0.177062 0.176419 0.266152 0.026796 -0.183348 -0.176661 -0.228675 -0.187605 0.259433 -0.060811 0.319060 0.269504 -0.179999 -0.177014 -0.103698 -0.330090 -0.200098 -0.390908 -0.133280 -0.219690 -0.131520 0.134767 0.116796 0.191063 0.106908 -0.076847 -0.309686 -0.355613
0.031994 0.000350 -0.043758 0.010938 -0.181937 -0.300162 0.030062 -0.250429 0.097068 -0.210906 0.358294 0.252917 0.284986 0.007156 1.000000 0.611129 0.203571 -0.018889 0.142951 0.296843 0.003092 -0.088617 0.179946 0.103221 0.024632 -0.060748 0.029058 -0.136739 0.379264 0.122217 0.263329 0.188435 0.302169 0.272478 0.094981 0.068651 0.189668 0.173618 -0.032681 0.069907 0.203015 0.046735 -0.170361 -0.171586 -0.263507 -0.277815 -0.136845 -0.163532 -0.205458 -0.235238 -0.053707 -0.183611 -0.223024 -0.044527 0.028239 -0.088048 0.177808 0.243332 -0.421720 -0.487778 -0.331096 -0.400095 -0.283998 -0.099587 0.131401 -0.150659 -0.061404 -0.105328 0.259269 0.130077 0.207322 -0.009360 0.159902 0.063236 0.169991 0.185397 0.074435 0.194105 0.131321 0.030494 0.215361 0.123651 0.539082 0.326939 0.060777 0.116567 0.302391 0.315201 0.222460 -0.080011 -0.213582 -0.044316 0.001239 -0.084405 -0.078330 -0.049924 -0.132886 -0.137939 -0.198865 0.184375 -0.156594 0.018242 -0.140886 -0.053290 0.078411 -0.080290 0.018737 -0.279129 -0.140813 0.001948 -0.104969 -0.155592 -0.169127 -0.086853 0.098982 -0.137580
0.114814 0.204872 -0.073800 0.241054 -0.117345 0.065441 0.010082 0.078958 0.081597 -0.010389 0.335065 0.490848 0.224398 0.213151 0.611129 1.000000 0.127890 -0.043886 0.092806 0.297489 -0.014049 -0.054926 0.286066 0.207813 0.024692 -0.052701 0.266588 0.145860 0.154807 -0.002328 0.022415 0.002925 0.014405 0.168137 -0.033879 -0.153540 0.054918 0.139815 -0.147879 0.078608 -0.112219 -0.008829 -0.231453 -0.223591 -0.407696 -0.482939 -0.161522 -0.180867 -0.244983 -0.302092 0.137568 -0.088503 0.109886 0.082656 0.061577 -0.057834 0.204175 0.192378 -0.408910 -0.420322 -0.366014 -0.111048 -0.358748 -0.090019 0.021645 0.057242 -0.243929 -0.167714 0.348724 0.180765 0.046391 -0.029105 -0.020174 0.074516 0.066852 0.145666 -0.022246 0.065278 0.075584 0.005141 0.070609 -0.033049 0.292078 0.249817 0.075638 0.190476 0.272207 -0.064618 0.294361 0.274329 -0.077464 0.052042 0.126793 -0.086369 -0.265121 0.005717 -0.182661 -0.118293 -0.161547 0.112728 -0.107430 -0.287546 -0.195840 -0.114433 -0.050248 -0.201295 -0.047370 0.040935 -0.120851 -0.161391 -0.288697 -0.158402 -0.119266 -0.211005 0.114718 -0.296983
-0.151469 -0.145366 -0.257882 -0.398284 -0.370803 -0.518176 -0.149907 -0.323988 -0.110344 -0.504349 0.177282 0.024324 0.214663 0.134764 0.203571 0.127890 1.000000 0.517030 0.127557 0.122055 0.047801 0.003678 -0.269872 -0.260304 -0.161927 -0.239137 -0.457570 -0.377201 0.348517 0.398978 0.165495 0.069247 0.220592 0.091311 -0.080614 -0.157491 0.341106 0.421616 0.011005 0.189367 0.379580 0.427761 0.204198 0.321645 0.206671 0.096274 0.259586 0.193115 0.110431 0.104836 -0.118339 -0.116385 -0.079589 0.152368 0.020154 0.242581 0.321710 0.213654 -0.114853 -0.293086 -0.164221 -0.355047 0.106797 0.010834 -0.372491 -0.428335 -0.133209 -0.382553 -0.259549 -0.189179 0.012808 -0.014628 0.517447 0.253993 0.271387 0.156595 0.375899 0.363815 0.251828 0.262268 0.520192 0.445155 -0.010589 0.165959 -0.140064 0.039072 -0.172626 0.036378 -0.206277 -0.194488 -0.057324 0.031755 -0.156737 0.154795 0.009804 0.084692 0.052409 -0.335467 0.176757 0.126081 0.216538 0.144283 0.054342 -0.068270 0.108079 0.049064 -0.200681 -0.279427 -0.152594 0.009950 0.140968 0.190858 0.225024 0.051241 -0.121998 -0.133573
-0.091498 0.224292 -0.420369 -0.451508 -0.269320 -0.206229 -0.265976 -0.048911 -0.045152 -0.209291 0.211311 0.351731 0.380791 0.506960 -0.018889 -0.043886 0.517030 1.000000 0.146941 0.047932 0.043006 -0.107542 -0.327373 -0.651673 -0.565018 -0.564253 -0.480996 -0.408797 0.488171 0.716024 -0.106233 -0.203295 0.086523 -0.195805 -0.409751 -0.408535 0.326782 0.440033 -0.036294 -0.034009 0.334082 0.554756 0.230466 0.322815 0.304797 0.089699 0.348858 0.358286 0.305625 0.235429 -0.200442 0.036824 0.231362 0.245512 0.034000 0.508109 0.033956 0.143847 0.190252 -0.028476 0.099076 0.047792 0.343155 0.474113 -0.480489 -0.453939 -0.443574 -0.660495 -0.405143 -0.539796 -0.086713 -0.018047 0.587100 0.469809 0.459976 0.441880 0.525385 0.301151 0.310003 0.416318 0.730325 0.650838 -0.045304 0.319813 -0.400323 -0.152092 -0.185242 -0.100304 -0.485627 -0.058935 0.108858 0.078400 -0.179798 -0.010191 -0.035524 0.000812 0.391681 -0.168729 0.388383 0.190589 -0.047872 0.106934 -0.125546 -0.184724 -0.291830 -0.270883 -0.256440 -0.267110 -0.081740 -0.024980 0.123666 0.275887 0.251443 -0.003100 -0.268910 -0.182285
0.147727 0.057512 0.329884 -0.136997 -0.054701 -0.206828 0.209080 0.073990 -0.209061 0.001341 0.161952 0.211199 0.234453 0.086422 0.142951 0.092806 0.127557 0.146941 1.000000 0.289436 0.163663 0.301815 0.070266 -0.002652 -0.094259 -0.136522 -0.143875 -0.173696 0.445925 0.284292 0.201930 0.306219 0.305796 0.468662 -0.130262 -0.109934 0.100950 -0.098579 0.046587 -0.006785 0.285052 0.135704 -0.165684 -0.149447 -0.071968 -0.230765 -0.068634 -0.184444 -0.295908 -0.312292 -0.295762 -0.268689 -0.251193 -0.027694 -0.241978 -0.063908 0.068525 0.131705 -0.170712 -0.256047 0.116012 -0.003495 -0.211461 0.109620 0.112596 -0.041100 -0.178943 -0.317005 0.017054 -0.115011 -0.201740 -0.011925 0.424493 0.195939 0.270797 0.327466 0.279699 0.226196 0.173927 0.095886 0.217547 0.273593 0.306158 0.315082 0.175923 -0.094606 -0.036488 -0.294777 -0.090700 -0.100558 -0.171265 0.095330 0.070737 0.201126 -0.098972 -0.132644 -0.201708 -0.169599 -0.088434 0.233981 0.165281 0.181022 -0.100888 -0.168309 -0.173603 -0.152784 -0.109472 -0.125951 -0.001776 -0.140634 -0.304736 -0.159758 0.051293 -0.038846 0.160142 -0.191308
0.300166 0.359436 0.010378 0.234250 -0.090300 -0.143483 0.054353 0.008643 -0.092935 -0.119830 0.135883 0.229183 0.346178 0.243145 0.296843 0.297489 0.122055 0.047932 0.289436 1.000000 -0.132291 0.071815 0.059310 0.080166 -0.075620 -0.102608 0.108571 -0.022123 0.246083 0.178775 0.003014 0.022384 0.265238 0.269671 -0.069756 -0.219477 0.019459 0.091786 -0.077352 0.122676 0.178539 0.213475 -0.355666 -0.390678 -0.342842 -0.512661 -0.368665 -0.318799 -0.339064 -0.370787 -0.202775 -0.366565 -0.155880 -0.015404 -0.048015 -0.200551 0.399911 0.442133 -0.181906 -0.154809 -0.008731 -0.018220 -0.081987 0.266512 0.033640 -0.115869 -0.321274 -0.325736 0.391683 0.300047 -0.053438 -0.128087 0.249125 0.128606 0.234953 0.052205 0.146947 0.274019 0.176082 0.065756 0.180417 0.239029 -0.026835 0.304291 0.180529 -0.078492 -0.029662 -0.152633 0.114839 0.182817 -0.048201 -0.106166 0.018218 0.096457 0.007983 -0.090771 -0.363954 -0.100846 -0.225040 0.195699 -0.060730 0.090500 -0.041559 0.027551 0.201755 0.103836 0.145814 0.014482 0.024605 -0.088069 -0.129154 -0.131209 0.098752 0.194340 0.180793 -0.006361
-0.181434 -0.196712 0.312632 0.130184 0.290315 0.229363 0.042550 -0.050000 0.152971 0.107388 -0.405659 -0.171550 -0.176172 -0.300108 0.003092 -0.014049 0.047801 0.043006 0.163663 -0.132291 1.000000 0.398055 0.048840 0.220341 0.273258 0.241547 0.270152 0.341208 -0.017061 0.005477 0.175074 0.320770 0.141326 0.117412 0.107390 0.091778 0.208892 -0.309769 0.080924 0.010626 0.076624 0.173909 -0.373367 -0.275379 -0.316811 -0.186533 -0.219265 -0.213039 -0.292565 -0.283994 -0.066176 -0.189775 -0.225930 -0.138438 -0.132771 -0.136736 0.073631 0.157497 -0.222097 -0.189224 0.020995 -0.217121 0.075962 -0.101395 0.144499 0.010954 -0.066716 0.075708 0.194459 0.115934 0.300156 0.235834 -0.050784 0.073791 0.044748 0.049926 0.141360 0.078343 0.011969 0.210753 0.170666 0.027947 -0.110817 -0.042770 0.057699 0.077998 -0.051742 -0.114869 0.002453 0.048669 -0.257559 -0.099604 0.130727 0.093413 0.241417 0.042220 -0.275055 0.230835 -0.120557 -0.055499 -0.117576 -0.091502 0.057826 0.071796 -0.151177 0.067128 -0.121021 0.016971 0.252249 -0.132448 -0.058004 0.008133 -0.195865 0.033484 0.143794 0.103617
-0.034415 -0.139955 0.377978 0.135896 0.111769 -0.005146 0.050540 -0.163097 -0.142149 -0.161063 -0.198130 -0.288352 -0.036130 -0.256938 -0.088617 -0.054926 0.003678 -0.107542 0.301815 0.071815 0.398055 1.000000 0.175445 0.330149 0.408132 0.382788 0.310108 0.269919 -0.010279 -0.051925 0.340183 0.465077 0.147450 0.277964 0.066527 0.097272 -0.013619 -0.160327 0.214839 0.052921 0.086738 -0.034631 -0.287330 -0.258854 -0.132395 -0.152797 -0.180390 -0.216277 -0.325654 -0.222298 -0.059695 -0.157378 -0.120025 -0.079861 0.074018 -0.105128 0.163779 0.205412 -0.344195 -0.121592 -0.171220 -0.038990 -0.178024 -0.097937 0.094598 -0.014682 -0.105779 -0.030536 0.174794 0.182924 -0.019022 0.209685 -0.032958 0.008568 -0.038484 -0.083697 -0.007312 0.094291 0.106949 0.187184 -0.037626 0.182172 0.009367 0.035852 0.097978 -0.017688 -0.110721 -0.136720 -0.055204 0.106796 -0.228665 -0.289402 -0.171674 -0.154317 0.110421 0.033662 -0.188081 0.029406 -0.188401 -0.036423 0.095178 -0.157253 -0.150204 -0.112429 -0.129389 0.128089 -0.044544 -0.020710 0.165704 0.066835 -0.082624 -0.023181 -0.111745 0.069358 0.369074 0.150165
0.082936 0.006811 0.369765 0.557374 0.217753 0.222252 0.246915 0.158582 0.055604 0.054806 0.083370 0.111700 -0.198379 -0.092915 0.179946 0.286066 -0.269872 -0.327373 0.070266 0.059310 0.048840 0.175445 1.000000 0.629881 0.487112 0.357458 0.571393 0.462890 -0.323800 -0.368980 0.377231 0.392359 -0.173860 0.109581 0.243955 0.199990 -0.141977 -0.209366 -0.191444 -0.293470 -0.257498 -0.296306 -0.449864 -0.432151 -0.384201 -0.320077 -0.437796 -0.373476 -0.404542 -0.347773 0.242944 -0.232539 0.013096 -0.069647 -0.058288 -0.438236 -0.255037 -0.022593 -0.385972 -0.350115 -0.065361 -0.094888 -0.357196 -0.158392 0.375587 0.201140 0.061813 0.271663 0.368796 0.178280 0.202281 -0.098048 -0.363331 -0.214495 -0.224794 -0.073447 -0.136903 -0.286318 0.017713 -0.120563 -0.313185 -0.164083 0.210641 -0.143218 0.578164 0.221072 0.257639 -0.035686 0.546431 0.232569 -0.160340 0.007512 0.150379 -0.101827 -0.076533 -0.025800 -0.231367 0.046146 -0.422597 -0.138503 -0.206732 -0.205966 -0.385585 -0.215557 -0.273358 -0.212414 -0.023701 -0.165566 -0.192923 -0.004945 -0.348760 -0.135162 -0.145393 -0.237488 -0.008624 -0.139188
0.085307 -0.294653 0.613321 0.662374 0.368042 0.195229 0.497521 0.166852 -0.009382 0.123895 -0.078637 -0.236461 -0.366238 -0.490241 0.103221 0.207813 -0.260304 -0.651673 -0.002652 0.080166 0.220341 0.330149 0.629881 1.000000 0.737341 0.661163 0.627325 0.521465 -0.370277 -0.571415 0.486268 0.557369 -0.114226 0.323552 0.425224 0.360395 -0.285338 -0.450256 -0.206171 -0.098825 -0.277484 -0.448669 -0.558245 -0.572992 -0.543026 -0.328189 -0.564542 -0.587922 -0.555125 -0.511054 0.234869 -0.304666 -0.298618 -0.177992 -0.161819 -0.608323 0.021805 -0.005425 -0.454999 -0.337121 -0.208322 -0.259674 -0.396637 -0.445276 0.505790 0.402263 0.218438 0.469437 0.361336 0.524798 0.266552 -0.015141 -0.431081 -0.302022 -0.297941 -0.301757 -0.399972 -0.297680 0.003896 -0.273364 -0.429831 -0.359773 0.045978 -0.191588 0.556228 0.288119 0.070542 -0.022736 0.610560 0.140788 -0.355453 -0.071117 0.272825 0.069782 -0.017982 0.102846 -0.527818 0.127391 -0.652153 -0.192529 -0.022725 -0.184436 -0.101685 -0.043015 0.050807 0.147364 -0.052105 0.088389 -0.045179 -0.087026 -0.324987 -0.283905 -0.259526 -0.060625 0.329404 0.036502
-0.052199 -0.417782 0.509485 0.390466 0.309088 0.095240 0.291905 -0.082471 0.156321 -0.020674 -0.252788 -0.436310 -0.411578 -0.624050 0.024632 0.024692 -0.161927 -0.565018 -0.094259 -0.075620 0.273258 0.408132 0.487112 0.737341 1.000000 0.839915 0.573641 0.467461 -0.445079 -0.556985 0.454598 0.456340 -0.008218 0.208270 0.432959 0.409457 -0.079990 -0.303379 0.143510 0.093328 -0.207884 -0.220616 -0.386454 -0.419104 -0.348641 -0.128998 -0.410306 -0.455930 -0.358019 -0.332658 0.314446 -0.145459 -0.275310 -0.167055 0.040712 -0.409074 0.068514 -0.109209 -0.486108 -0.320739 -0.304659 -0.392699 -0.328488 -0.469243 0.271149 0.193050 0.259781 0.552578 0.283188 0.373087 0.366624 0.267904 -0.472122 -0.251336 -0.384098 -0.224688 -0.294591 -0.133160 -0.065935 -0.223689 -0.378153 -0.324983 -0.071845 -0.198936 0.305984 0.208529 -0.042140 0.193015 0.348611 0.016327 -0.332413 -0.262384 0.144519 -0.089482 0.319479 0.064749 -0.317018 0.203053 -0.476811 -0.406433 0.028105 -0.104805 -0.214549 0.212431 0.071209 0.308684 0.067604 -0.002062 0.103724 -0.085856 -0.114151 -0.296991 -0.212458 -0.041085 0.328324 0.125787
-0.145924 -0.477713 0.468338 0.348379 0.336984 0.155801 0.288154 -0.040624 0.115926 0.030583 -0.316509 -0.517929 -0.352942 -0.628922 -0.060748 -0.052701 -0.239137 -0.564253 -0.136522 -0.102608 0.241547 0.382788 0.357458 0.661163 0.839915 1.000000 0.542776 0.533490 -0.454623 -0.474780 0.423138 0.484144 0.047247 0.190388 0.408645 0.459314 -0.053812 -0.191641 0.230789 0.249430 -0.126034 -0.294009 -0.390654 -0.374323 -0.363379 -0.086669 -0.365736 -0.426815 -0.376621 -0.349635 0.186406 -0.199967 -0.261034 -0.224124 0.129978 -0.336332 0.065844 -0.056561 -0.393436 -0.278052 -0.229443 -0.411923 -0.224456 -0.425305 0.255377 0.160538 0.204121 0.532150 0.221756 0.316161 0.273755 0.160451 -0.429394 -0.305310 -0.375658 -0.277547 -0.311691 -0.081084 0.006589 -0.212486 -0.385854 -0.303391 -0.115234 -0.236458 0.209965 0.113538 -0.100401 0.191165 0.340883 -0.025175 -0.265417 -0.294198 0.206899 0.031140 0.386181 0.062613 -0.201624 0.157979 -0.442978 -0.204414 0.035442 -0.044716 -0.182768 0.356853 0.193048 0.347261 0.182714 0.009855 0.176428 -0.046543 -0.076644 -0.301563 -0.168356 0.061369 0.183562 0.157910
0.208367 0.066013 0.432674 0.698930 0.691020 0.626007 0.299153 0.243681 0.411434 0.367496 -0.224001 0.005246 -0.032834 -0.224165 0.029058 0.266588 -0.457570 -0.480996 -0.143875 0.108571 0.270152 0.310108 0.571393 0.627325 0.573641 0.542776 1.000000 0.851357 -0.460574 -0.360298 0.040371 0.131335 -0.162670 0.110400 0.174064 0.078066 -0.206256 -0.429849 -0.061819 -0.057672 -0.366212 -0.337366 -0.597835 -0.603065 -0.610640 -0.512624 -0.630038 -0.584640 -0.463274 -0.501494 0.262044 -0.240394 -0.138195 -0.146648 -0.053993 -0.452441 0.057330 0.109881 -0.319664 -0.217223 0.006183 -0.035216 -0.233884 -0.085322 0.396291 0.314994 -0.001928 0.253840 0.534807 0.371299 0.243531 -0.017916 -0.567769 -0.251480 -0.298895 -0.130710 -0.316552 -0.327377 -0.080816 -0.230953 -0.381253 -0.358505 -0.103163 -0.085447 0.278851 0.152745 0.141323 -0.078475 0.477176 0.319626 -0.285509 -0.134274 0.386632 0.015289 0.021351 -0.008174 -0.435376 0.361028 -0.513516 -0.109222 -0.039385 -0.230878 -0.108236 0.126528 -0.116590 0.108258 0.125375 0.167462 0.007879 0.001234 -0.313589 -0.119831 -0.192685 -0.126350 0.269557 0.116802
0.112192 0.065120 0.404101 0.664006 0.754059 0.737946 0.229984 0.342015 0.493443 0.398546 -0.305181 -0.055230 -0.072250 -0.206208 -0.136739 0.145860 -0.377201 -0.408797 -0.173696 -0.022123 0.341208 0.269919 0.462890 0.521465 0.467461 0.533490 0.851357 1.000000 -0.509342 -0.303310 -0.008726 0.118750 -0.211921 -0.086125 0.115940 0.014526 -0.145688 -0.418345 0.043779 0.013647 -0.405283 -0.338419 -0.532152 -0.484654 -0.495832 -0.405153 -0.553359 -0.463783 -0.414659 -0.443286 0.143939 -0.223859 -0.115283 -0.143476 0.000072 -0.355066 -0.078162 0.027277 -0.271900 -0.135864 0.061935 -0.000937 -0.127553 -0.050355 0.335061 0.238621 0.023390 0.226553 0.508994 0.257015 0.187147 -0.027235 -0.614546 -0.251412 -0.307897 -0.099970 -0.315651 -0.305354 -0.148608 -0.069503 -0.281055 -0.306160 -0.241933 -0.172820 0.225411 0.107089 0.103653 -0.146479 0.356880 0.334283 -0.174152 -0.117650 0.312468 0.058252 0.173114 0.087375 -0.328452 0.419907 -0.383977 -0.124385 -0.107282 -0.217493 -0.095462 0.062078 -0.136084 0.057849 0.108461 0.131782 0.157196 0.111595 -0.236659 -0.074512 -0.192243 -0.062360 0.082736 0.234235
-0.023480 0.125187 -0.027236 -0.255328 -0.301362 -0.346820 0.096333 0.070155 -0.158693 -0.065536 0.228868 0.262221 0.359934 0.270610 0.379264 0.154807 0.348517 0.488171 0.445925 0.246083 -0.017061 -0.010279 -0.323800 -0.370277 -0.445079 -0.454623 -0.460574 -0.509342 1.000000 0.673993 0.179264 0.184085 0.300403 0.335503 -0.123327 -0.100605 0.349009 0.310896 -0.064914 0.032708 0.451421 0.375770 0.085627 0.113657 0.163324 0.008636 0.086908 0.143409 -0.085245 -0.079986 -0.440996 -0.252407 -0.183306 -0.056703 -0.190907 0.125575 -0.077143 0.062315 -0.188347 -0.326907 -0.069596 -0.148038 -0.011254 0.240145 -0.026341 -0.154330 -0.238492 -0.465418 -0.349289 -0.430025 -0.112045 0.038747 0.683885 0.383831 0.528685 0.441052 0.522684 0.464111 0.252123 0.321929 0.504871 0.449094 0.298725 0.624150 -0.227225 -0.159470 -0.069685 -0.201146 -0.165371 -0.203396 -0.130851 0.008266 -0.051802 -0.061670 -0.076092 -0.193531 0.092282 -0.300804 0.089252 0.244451 -0.038838 0.280167 0.013640 -0.117748 -0.174747 -0.357971 -0.170329 -0.169804 0.009740 -0.108662 -0.073955 0.012965 0.016227 -0.074878 -0.136224 -0.204150
-0.006870 0.251231 -0.234846 -0.320244 -0.115479 -0.106417 -0.085183 0.093696 0.067297 -0.086325 0.107275 0.344380 0.478312 0.451147 0.122217 -0.002328 0.398978 0.716024 0.284292 0.178775 0.005477 -0.051925 -0.368980 -0.571415 -0.556985 -0.474780 -0.360298 -0.303310 0.673993 1.000000 -0.042529 -0.100797 0.197933 0.040632 -0.350028 -0.418810 0.311828 0.364108 -0.017357 -0.092683 0.388842 0.398288 0.098473 0.169903 0.146969 -0.131175 0.198907 0.144885 0.145864 -0.083756 -0.280630 -0.065471 0.153751 0.188172 -0.063061 0.317289 -0.010876 0.135131 0.085114 -0.168104 0.182465 0.013161 0.332917 0.578250 -0.353915 -0.456973 -0.380515 -0.693664 -0.337902 -0.499021 -0.098502 0.046413 0.618088 0.554220 0.559043 0.550616 0.588478 0.422290 0.255953 0.400133 0.690006 0.590478 0.075985 0.456947 -0.397051 -0.346649 -0.177660 -0.285317 -0.368162 -0.079009 -0.002586 0.023693 -0.044519 -0.007787 -0.098195 -0.134897 0.262490 -0.197054 0.311486 0.375223 -0.054812 0.343804 -0.136575 -0.164160 -0.216523 -0.232356 -0.286610 -0.200824 -0.184033 0.136862 0.124833 0.207663 0.103318 -0.017964 -0.206436 -0.212211
-0.177841 -0.466301 0.532335 0.147899 -0.058674 -0.299812 0.364249 -0.061769 -0.229871 -0.196087 -0.054012 -0.302824 -0.219638 -0.372767 0.263329 0.022415 0.165495 -0.106233 0.201930 0.003014 0.175074 0.340183 0.377231 0.486268 0.454598 0.423138 0.040371 -0.008726 0.179264 -0.042529 1.000000 0.837706 0.248094 0.484993 0.408144 0.433633 0.057443 -0.075556 -0.106297 -0.069593 0.238619 -0.144248 -0.219306 -0.154982 -0.028994 0.091895 -0.225369 -0.254443 -0.401932 -0.259560 -0.126836 -0.367732 -0.396068 -0.192426 -0.194024 -0.299377 -0.126744 -0.041626 -0.475970 -0.509073 -0.290340 -0.456635 -0.293477 -0.338325 0.322157 0.018530 0.101156 0.232854 0.004896 0.069605 0.188929 0.080704 0.131973 -0.045461 0.002351 -0.045827 0.039329 0.131762 0.127575 -0.110456 -0.073785 0.034980 0.342781 0.058737 0.196860 -0.056795 -0.164844 0.001425 0.268434 -0.253707 -0.375531 -0.140976 -0.021868 0.065013 0.130602 0.041045 -0.116502 -0.257426 -0.415210 -0.043481 0.007064 0.110340 -0.234549 -0.131250 0.055999 -0.040283 -0.128744 -0.327186 -0.092962 0.011773 -0.120608 -0.234038 0.048175 -0.132843 0.009199 -0.059989
-0.236766 -0.411802 0.636985 0.264859 0.015699 -0.175227 0.405001 0.061454 -0.193749 -0.076927 -0.184935 -0.388764 -0.308141 -0.487507 0.188435 0.002925 0.069247 -0.203295 0.306219 0.022384 0.320770 0.465077 0.392359 0.557369 0.456340 0.484144 0.131335 0.118750 0.184085 -0.100797 0.837706 1.000000 0.170374 0.549435 0.399000 0.463422 0.030687 -0.195952 -0.159649 -0.007692 0.091110 -0.141454 -0.387700 -0.325462 -0.182253 -0.027802 -0.318372 -0.326971 -0.519606 -0.372965 -0.149925 -0.418868 -0.445668 -0.204552 -0.280237 -0.369800 -0.111501 0.015057 -0.507497 -0.457441 -0.229024 -0.386112 -0.345212 -0.298620 0.442850 0.071935 0.037381 0.228227 0.040897 0.084629 0.167616 0.117400 0.059484 -0.143162 -0.089642 -0.066278 0.044203 0.114623 0.135813 -0.002108 -0.038329 0.000450 0.319876 0.132467 0.300239 -0.038717 -0.078119 -0.096713 0.280586 -0.186859 -0.314578 -0.101509 0.056412 0.063927 0.172213 0.058897 -0.228942 -0.188179 -0.415796 -0.018760 -0.031324 0.122066 -0.166360 -0.063420 -0.009764 -0.022387 -0.037258 -0.164313 0.079399 -0.062094 -0.204829 -0.271650 -0.061178 -0.075124 0.028310 -0.030971
0.196514 -0.185900 0.078010 -0.117142 -0.167680 -0.350425 0.035226 -0.222456 -0.177753 -0.246415 -0.203608 -0.216736 0.075800 -0.232780 0.302169 0.014405 0.220592 0.086523 0.305796 0.265238 0.141326 0.147450 -0.173860 -0.114226 -0.008218 0.047247 -0.162670 -0.211921 0.300403 0.197933 0.248094 0.170374 1.000000 0.418025 0.203740 0.154428 0.260999 0.125974 0.272219 0.230549 0.431127 0.109429 -0.013968 -0.110394 -0.069161 -0.115593 -0.111420 -0.177240 -0.214243 -0.208332 -0.357260 -0.380468 -0.372972 -0.284257 0.044823 -0.124996 0.268557 0.288856 -0.265359 -0.293645 -0.059955 -0.258766 -0.015407 0.018237 0.118698 -0.009691 0.160836 -0.054146 0.057827 0.175214 0.049695 0.046126 0.381827 0.211195 0.333203 0.149579 0.313438 0.497182 0.133902 0.127794 0.137825 0.246477 0.152932 0.099715 0.060394 -0.060698 -0.140634 0.081886 0.120381 -0.173171 -0.202960 -0.169517 0.001686 0.143174 0.032599 -0.071387 -0.260212 -0.346895 0.004773 0.123345 0.030547 0.190354 0.091225 0.231398 0.119577 0.057397 0.055827 -0.079556 -0.011446 -0.171510 -0.230315 -0.096030 0.187636 0.138406 0.057558 0.115637
0.000889 -0.188466 0.431853 0.113674 0.004076 -0.269015 0.350173 0.014658 -0.162312 -0.073251 -0.085482 -0.078954 0.074458 -0.163558 0.272478 0.168137 0.091311 -0.195805 0.468662 0.269671 0.117412 0.277964 0.109581 0.323552 0.208270 0.190388 0.110400 -0.086125 0.335503 0.040632 0.484993 0.549435 0.418025 1.000000 0.382227 0.377997 0.143158 -0.142799 -0.042531 0.118543 0.319501 -0.005252 -0.405036 -0.370026 -0.336132 -0.220575 -0.402833 -0.515349 -0.639911 -0.514842 -0.344890 -0.506124 -0.474873 -0.299530 -0.217130 -0.368290 0.156442 0.268285 -0.375073 -0.383169 -0.059004 -0.200855 -0.375243 -0.091799 0.426666 0.243471 0.133337 0.163527 0.170381 0.276222 0.009256 -0.003387 0.228365 -0.033272 -0.036898 -0.057496 0.182555 0.236965 0.187629 -0.105657 -0.054807 0.061169 0.450536 0.224939 0.194246 -0.093499 -0.158709 -0.152545 0.316867 -0.088979 -0.460706 -0.194425 0.154878 0.147704 -0.079373 0.019594 -0.466426 -0.176232 -0.518942 0.126651 0.139158 0.020418 0.044925 0.127908 0.076282 0.017365 -0.024918 -0.028203 0.063477 -0.133687 -0.180191 -0.349731 0.140724 -0.077971 0.201498 -0.066482
-0.179100 -0.292769 0.255474 0.286708 0.046165 -0.121093 0.196090 -0.070954 -0.131148 -0.121086 -0.290671 -0.338436 -0.388187 -0.386017 0.094981 -0.033879 -0.080614 -0.409751 -0.130262 -0.069756 0.107390 0.066527 0.243955 0.425224 0.432959 0.408645 0.174064 0.115940 -0.123327 -0.350028 0.408144 0.399000 0.203740 0.382227 1.000000 0.649557 0.272240 -0.137276 0.058034 0.063311 0.021477 -0.127651 -0.273280 -0.270429 -0.181034 0.019277 -0.338436 -0.300772 -0.311212 -0.279754 -0.155972 -0.428452 -0.485311 -0.477427 -0.137909 -0.439668 -0.145858 0.023676 -0.296441 -0.226862 -0.178429 -0.276877 -0.192868 -0.312187 0.494561 0.256941 0.506864 0.579929 0.182824 0.260302 0.151279 0.084841 -0.145957 -0.032009 -0.129050 -0.174032 -0.074214 0.051585 -0.004252 -0.157452 -0.254210 -0.198956 0.017383 -0.139501 0.335755 0.138602 0.082974 0.033826 0.416147 -0.049157 -0.330521 -0.172614 0.252082 -0.035095 0.085971 -0.103383 -0.311992 -0.199214 -0.355559 -0.248483 0.052054 -0.003675 0.047214 0.141516 0.270335 0.021867 -0.098323 -0.134980 0.033501 -0.285514 -0.124111 -0.179016 0.003162 0.074596 0.043958 0.208635
-0.330657 -0.509056 0.318017 0.114650 0.081887 -0.129423 0.260849 -0.002179 -0.034868 0.072788 -0.276830 -0.427618 -0.334786 -0.415899 0.068651 -0.153540 -0.157491 -0.408535 -0.109934 -0.219477 0.091778 0.097272 0.199990 0.360395 0.409457 0.459314 0.078066 0.014526 -0.100605 -0.418810 0.433633 0.463422 0.154428 0.377997 0.649557 1.000000 0.003170 -0.083100 -0.033902 0.167351 -0.042231 -0.251575 -0.226217 -0.177611 0.046787 0.350224 -0.206023 -0.198372 -0.347949 -0.086101 -0.244687 -0.314581 -0.434408 -0.380643 -0.186172 -0.295540 -0.244347 -0.147251 -0.205179 -0.225575 -0.134150 -0.304787 -0.305335 -0.440281 0.404237 0.386309 0.433630 0.736130 0.024667 0.134588 0.038335 -0.128368 -0.085627 -0.322657 -0.296067 -0.332515 -0.134333 -0.103493 -0.052254 -0.126237 -0.286744 -0.176124 0.113384 -0.157922 0.164978 0.047504 -0.029500 0.134373 0.223420 -0.393447 -0.079413 -0.161705 0.158656 0.048019 0.136851 0.096532 -0.172461 -0.225761 -0.294299 -0.059433 0.057242 0.034828 0.154962 0.247923 0.233849 0.040406 0.146502 -0.106513 0.129752 -0.073536 0.016415 -0.220930 -0.018789 0.210447 -0.038349 0.251700
