1.000000 0.274195 -0.010562 -0.306937 -0.234124 -0.130760 -0.036361 -0.347199 -0.024879 -0.205112 0.435602 0.152477 0.168040 0.092246 0.253551 0.148432 0.317536 0.194751 0.249763 0.119913 0.089758 -0.180272 0.111650 -0.294868 -0.126223 -0.226833 0.189041 -0.093455 0.260471 -0.016891 -0.085553 -0.309176 0.011584 -0.193580 -0.200325 -0.264564 -0.099964 -0.286997 -0.229479 -0.101643 0.013611 -0.121971 0.136517 -0.031484 -0.038488 -0.203087 0.069727 -0.110630 0.095052 0.052455 0.054543 0.188207 0.310188 0.146699 0.089056 -0.008373 0.420026 0.200286 0.217320 -0.028884 0.260393 -0.077890 0.073876 -0.065247 -0.092608 -0.257731 -0.338008 -0.423942 0.200672 -0.084535 0.001077 0.159199 0.006283 -0.238158 -0.097134 -0.240982 0.004373 -0.090787 -0.118521 0.091343 0.057662 -0.047722 0.352533 0.064620 0.210881 -0.221408 0.111123 0.067033 0.264636 0.155197 -0.155615 0.127866 -0.272654 0.009973 0.184642 0.008871 -0.051966 -0.140663 0.315402 0.348209 -0.185957 0.082750 -0.237500 -0.082844 -0.248773 -0.232678 -0.128642 0.020820 0.092992 -0.005067 -0.193628 0.129307 0.091078 0.053557 -0.350962 -0.187732
0.274195 1.000000 -0.120345 -0.191337 -0.297976 -0.120358 -0.047046 -0.187781 -0.082403 -0.105944 0.093165 -0.091161 0.179055 0.328449 0.165489 0.266759 0.151534 0.217238 0.171037 0.354128 -0.003808 -0.336700 -0.330183 -0.515736 -0.327173 -0.361871 -0.189502 -0.270932 0.151526 0.109274 -0.216469 -0.273421 0.113074 -0.080078 -0.268949 -0.344538 0.116021 0.219057 0.082861 0.021411 0.230850 0.025493 -0.173102 -0.223324 -0.339619 -0.444080 -0.056591 -0.216782 -0.199680 -0.145025 -0.266325 0.100856 0.414516 0.027879 0.102519 -0.006125 0.368149 0.613616 0.313038 0.448574 0.196067 0.141764 0.208705 0.329879 -0.373516 -0.210275 -0.113665 -0.487902 0.277564 0.354423 -0.065664 0.107215 -0.033056 0.005243 0.024097 -0.072422 -0.088307 -0.008822 -0.110628 0.199118 0.135813 0.184319 0.117326 -0.115411 -0.295657 -0.284132 -0.202999 -0.187333 -0.134476 -0.092942 0.336413 0.164309 -0.088917 0.040365 0.072778 -0.058742 0.007429 0.017165 0.271786 0.498567 0.284384 0.331323 0.428988 0.057045 -0.024508 -0.055847 -0.027589 0.012393 0.364114 0.159773 -0.167750 0.474222 0.318796 0.126602 -0.090716 0.022977
-0.010562 -0.120345 1.000000 0.190088 0.354997 0.043355 0.652872 0.243139 0.343356 -0.026421 0.214881 -0.200444 0.368400 0.004079 0.233243 -0.246405 -0.227802 -0.150240 0.000835 0.107544 0.000260 -0.195235 0.337972 0.063741 0.209873 0.136678 0.120772 0.206370 -0.241446 -0.537598 0.056942 -0.184951 -0.114295 0.234567 0.202343 0.133055 -0.447485 -0.360383 -0.220856 -0.124377 -0.163324 -0.429359 -0.274298 -0.417505 -0.375747 -0.227621 -0.414571 -0.534501 -0.295538 -0.587247 0.299123 -0.415103 -0.025127 -0.179647 -0.127258 -0.458367 -0.223065 -0.066393 0.204035 0.024441 0.460393 0.379632 -0.197095 -0.282128 0.497242 0.269293 0.359470 0.282788 -0.077596 0.271736 0.015916 -0.258486 -0.299436 -0.191827 -0.113798 -0.109571 -0.239533 -0.364735 0.039858 -0.121931 -0.359093 -0.298561 -0.088850 -0.269892 0.094163 -0.261044 0.085385 0.038532 0.331053 0.105931 -0.065574 0.398259 0.040382 0.376737 -0.079963 -0.077881 -0.180271 -0.055140 -0.354167 -0.057749 -0.279160 -0.164045 -0.103256 0.263714 0.072733 0.262228 -0.160537 0.309797 -0.043473 -0.064160 -0.184410 -0.218634 0.033883 -0.286388 0.115456 -0.016833
-0.306937 -0.191337 0.190088 1.000000 0.233111 0.102984 0.041637 0.625862 0.112224 0.250660 -0.246800 -0.110970 -0.203959 0.033869 -0.384144 -0.175123 -0.435222 -0.339771 -0.310963 -0.072180 0.114396 0.135749 0.016499 0.416654 0.206420 0.274554 -0.013943 0.176445 -0.540193 -0.190201 0.211922 0.369540 -0.148368 0.403681 0.274144 0.248186 -0.229404 -0.026131 -0.265830 0.005314 -0.299069 -0.190879 -0.238356 -0.272905 -0.010277 0.098996 -0.273465 -0.218941 0.030014 -0.076251 0.215445 0.000527 -0.255656 -0.031534 -0.121560 -0.156210 -0.326880 -0.303208 -0.229153 0.157606 -0.187606 0.263687 -0.298319 -0.157748 0.326448 0.223072 0.108209 0.316168 -0.386702 -0.117251 0.039729 0.062367 -0.062291 0.138959 -0.120462 -0.088992 -0.109165 0.040764 -0.048345 -0.211068 -0.267509 -0.357746 -0.349619 -0.021688 -0.050546 0.043081 -0.096466 0.095882 -0.038156 0.142909 0.189807 0.039649 0.315001 -0.184410 -0.226151 0.182239 -0.147339 0.119669 -0.243804 -0.137795 0.066778 -0.121329 0.148096 0.017167 0.195067 0.009297 0.100997 0.099806 -0.283893 -0.118560 -0.048422 -0.179401 -0.152195 -0.024914 0.237787 0.087867
-0.234124 -0.297976 0.354997 0.233111 1.000000 0.056149 0.352601 0.344944 0.592165 0.391563 -0.191483 -0.205928 0.071379 0.018505 -0.151025 -0.136870 0.045312 0.013315 0.117914 0.134345 0.151978 0.107300 -0.041882 0.175838 0.132786 0.204474 -0.029518 0.016209 -0.040647 0.002209 0.241420 0.256020 -0.011240 0.199347 -0.088701 0.073190 0.023058 -0.268561 -0.352005 -0.167472 -0.190368 -0.195648 -0.129723 -0.136203 -0.076768 0.039405 -0.273178 -0.179595 -0.199995 -0.254917 -0.111749 -0.284251 -0.268862 -0.143799 -0.249721 -0.313877 -0.118935 -0.035899 0.067990 -0.041747 0.167025 0.095316 0.221999 0.127030 0.271355 -0.045368 0.291083 0.246842 -0.172755 0.327030 0.110604 -0.016092 0.227994 0.017328 -0.062800 0.052378 -0.053975 -0.099957 0.181763 -0.113998 0.145253 0.103691 -0.344362 -0.060871 -0.175229 -0.159788 -0.237326 -0.379034 -0.279813 -0.042358 0.031391 0.094551 0.101778 -0.047332 -0.339214 -0.135658 -0.429266 -0.198981 -0.493301 -0.306452 0.043391 -0.132119 0.018608 0.016704 0.098257 0.152523 -0.316484 0.166234 -0.374014 -0.248267 -0.136036 -0.197025 -0.218552 -0.083111 0.154806 0.115113
-0.130760 -0.120358 0.043355 0.102984 0.056149 1.000000 -0.099949 0.257275 0.025273 0.389449 -0.114174 0.234668 -0.005186 0.070043 0.086595 0.300137 -0.001632 -0.219521 -0.168253 -0.242594 -0.034212 0.184824 -0.095705 0.146991 -0.141957 0.114192 -0.017017 0.164130 -0.273049 -0.139669 -0.360538 -0.193803 -0.145758 -0.011960 -0.008876 0.135846 -0.043528 -0.025095 -0.055116 0.051911 -0.038790 0.025753 0.064936 -0.065873 -0.065832 0.048419 0.135029 -0.016937 0.150516 0.046385 0.033564 -0.002260 0.008131 -0.048735 -0.133899 0.181064 0.098320 -0.374122 -0.012808 0.014328 -0.066143 0.278549 -0.150308 -0.202220 -0.002099 0.312773 -0.039366 0.188536 -0.106548 -0.075700 -0.004005 0.055833 -0.144732 0.067861 0.158670 -0.020519 -0.006336 -0.184920 -0.093436 -0.228558 -0.054223 -0.143759 -0.307419 -0.167364 0.089740 0.063907 0.023600 0.113782 -0.058389 0.183783 0.171724 0.006516 0.269472 0.064990 0.127813 0.096605 -0.041778 -0.134686 -0.051363 0.040823 0.039338 0.074475 -0.086696 -0.026398 -0.068988 -0.127603 0.073285 0.011143 0.069214 0.157218 -0.232166 -0.067428 -0.033976 0.030490 -0.054740 -0.306602
-0.036361 -0.047046 0.652872 0.041637 0.352601 -0.099949 1.000000 0.197938 0.396395 0.145542 0.067260 -0.042064 0.455479 0.287527 0.189172 0.049618 -0.022657 0.248990 0.271609 0.395404 -0.097151 -0.246545 0.033716 -0.207033 -0.208196 -0.311233 -0.341554 -0.208247 0.219045 0.023751 0.053380 -0.109649 0.174674 0.209260 -0.014225 -0.095084 0.016395 -0.233021 -0.054347 -0.233554 0.112192 -0.144153 -0.367124 -0.475555 -0.426575 -0.442003 -0.487049 -0.500434 -0.277293 -0.694186 0.016088 -0.503815 -0.009896 -0.282088 -0.064204 -0.506382 -0.184760 0.009303 0.227502 -0.021799 0.497975 0.205214 0.211312 0.162264 0.210731 -0.049883 0.258080 -0.046221 0.007780 0.324314 0.120773 -0.084622 0.194390 -0.090508 0.053518 0.121100 0.129875 0.046511 0.138770 0.060449 0.036953 0.097121 -0.054503 0.008937 -0.021007 -0.377270 -0.199170 -0.257834 0.078812 0.016967 0.004553 0.306541 0.023936 0.387805 -0.243611 -0.095273 -0.388564 -0.218423 -0.406216 -0.110661 -0.035309 0.187932 0.124070 0.342706 -0.152416 0.222704 -0.098019 0.282131 -0.172233 -0.327365 -0.237558 0.020427 0.000477 -0.149626 0.204865 -0.019173
-0.347199 -0.187781 0.243139 0.625862 0.344944 0.257275 0.197938 1.000000 0.212951 0.483047 -0.058546 0.307827 0.109267 0.239888 -0.143643 0.114525 -0.364672 -0.395421 -0.351998 -0.159996 -0.130242 -0.023930 -0.107987 0.194902 -0.067129 0.041819 -0.253460 0.031490 -0.419441 -0.102023 -0.012507 0.083530 0.013167 0.211772 0.183674 0.100748 -0.268446 -0.232501 -0.273065 -0.205855 -0.111528 -0.171934 -0.294029 -0.310955 -0.230532 -0.011003 -0.271651 -0.215142 0.106363 -0.211240 0.244671 -0.079712 -0.265570 -0.134909 -0.293726 -0.184643 -0.312895 -0.370369 0.000679 0.207553 0.064928 0.465324 -0.107777 0.032447 0.381009 0.463451 0.180678 0.310523 -0.428607 -0.084466 -0.172324 -0.088633 -0.003477 0.175323 -0.016108 0.006514 0.093373 -0.114701 -0.053396 -0.187777 -0.223058 -0.256216 -0.382759 -0.191209 -0.064978 0.130165 -0.159444 -0.157569 -0.118550 0.206196 0.110195 0.072562 0.389583 0.010653 -0.241614 -0.016522 -0.277426 -0.044751 -0.387983 -0.334923 0.069013 -0.135478 0.038694 0.006351 0.033450 -0.143463 0.074054 -0.022663 -0.219730 -0.194452 -0.350071 -0.249308 -0.244473 -0.076273 0.115953 0.005703
-0.024879 -0.082403 0.343356 0.112224 0.592165 0.025273 0.396395 0.212951 1.000000 0.313461 -0.163879 -0.019634 0.179923 0.083355 0.188809 0.117533 0.123077 0.053251 0.094350 0.280596 0.077897 0.084010 0.030677 0.157724 -0.107225 -0.083468 -0.137265 -0.141140 -0.069827 -0.021003 0.125574 0.041475 -0.042841 0.179234 -0.236525 -0.069358 0.046149 -0.397206 -0.225295 -0.352892 -0.030142 -0.058831 -0.175489 -0.190304 -0.145783 -0.130878 -0.205608 -0.201560 -0.208570 -0.190271 -0.186522 -0.151295 -0.226310 -0.041194 -0.231901 -0.263370 -0.091584 0.007441 -0.049028 0.064019 0.083658 0.134989 0.021654 0.059098 0.335432 -0.035246 -0.088327 0.004461 0.015196 0.258067 0.065448 0.033735 0.046127 0.004704 -0.105319 0.012210 -0.083560 -0.048580 0.063287 -0.129804 0.120085 0.055336 -0.144986 0.046327 -0.023064 -0.126907 -0.194714 -0.401309 -0.253613 -0.058440 0.100939 0.259152 0.148285 0.107692 -0.126212 -0.060391 -0.446078 -0.058877 -0.326714 -0.078186 0.067363 -0.106148 0.152484 -0.087814 0.089244 0.169866 -0.286264 0.136838 -0.120559 -0.087152 -0.169043 -0.108682 -0.045931 0.075188 0.092965 0.151729
-0.205112 -0.105944 -0.026421 0.250660 0.391563 0.389449 0.145542 0.483047 0.313461 1.000000 -0.235478 0.149256 -0.156104 0.420517 -0.247257 0.429101 -0.108621 -0.109305 -0.058731 0.105983 -0.247113 -0.006649 -0.225540 0.286902 -0.220453 -0.095022 -0.492942 -0.373495 -0.076565 0.240617 -0.011464 0.104306 0.126141 0.101716 -0.311300 0.145967 0.038265 -0.057970 -0.356343 -0.232506 -0.229998 0.005373 -0.203405 -0.295219 -0.140756 -0.044003 -0.195550 -0.131192 -0.171172 -0.137056 -0.212529 -0.074504 -0.286802 0.004413 -0.405060 -0.191798 -0.161559 -0.235948 -0.046959 0.243741 -0.016129 0.353096 0.023309 0.239497 0.168326 0.149318 -0.067779 0.015826 -0.314340 0.145380 0.094839 0.133784 0.216580 0.301302 0.184969 0.194431 0.202871 0.150550 0.131206 -0.217714 0.155576 0.051301 -0.292293 0.021428 -0.006371 -0.142168 -0.177692 -0.279267 -0.276045 0.179360 0.391585 0.065899 0.461816 -0.017235 -0.339758 -0.070813 -0.462257 -0.203780 -0.297625 -0.265857 0.195762 -0.101702 0.224367 -0.052809 0.063917 0.049554 0.093517 0.112363 -0.138221 -0.071683 -0.333546 -0.013961 -0.269775 0.121218 0.183451 0.074409
0.435602 0.093165 0.214881 -0.246800 -0.191483 -0.114174 0.067260 -0.058546 -0.163879 -0.235478 1.000000 0.206191 0.485472 0.050953 0.469414 -0.030795 -0.031380 -0.181012 -0.134426 -0.081804 -0.034093 -0.224786 0.127257 -0.255814 -0.041111 -0.085056 0.186944 0.212932 0.109402 -0.352094 -0.226493 -0.414240 -0.163614 -0.213404 0.341358 -0.066994 -0.373405 -0.285053 -0.125262 -0.079234 0.098715 -0.200475 0.030553 0.035267 -0.189406 -0.178498 0.036579 -0.251034 0.084219 -0.174984 0.373568 -0.054251 0.189084 -0.088570 0.117143 -0.067464 -0.044824 0.067619 0.150913 -0.124900 0.254347 0.108292 -0.246493 -0.374224 0.172740 0.290726 -0.023445 -0.005784 0.115753 0.022533 -0.128879 -0.111865 -0.340452 -0.236170 -0.107117 -0.204643 -0.146552 -0.292442 -0.088911 0.030018 -0.316944 -0.182060 0.343229 -0.287465 0.444646 0.141561 0.326892 0.171593 0.597454 0.220973 -0.359914 0.179522 -0.276845 0.055767 0.161845 0.016509 0.196688 -0.017908 0.193091 0.136096 -0.363105 -0.214476 -0.311779 -0.118141 -0.272438 -0.065548 -0.023396 0.088012 0.359110 0.194621 -0.046502 0.050970 -0.008644 -0.201219 -0.332040 -0.174142
0.152477 -0.091161 -0.200444 -0.110970 -0.205928 0.234668 -0.042064 0.307827 -0.019634 0.149256 0.206191 1.000000 0.052518 0.352442 0.144310 0.416466 0.011558 -0.180296 -0.210241 -0.367345 -0.088192 -0.113569 -0.049807 -0.043298 -0.245744 -0.242054 -0.300201 -0.174813 -0.001064 0.174101 -0.218382 -0.214651 0.047000 -0.291305 0.015755 -0.044706 -0.092118 -0.204436 -0.018296 -0.127080 0.120928 -0.107138 0.115200 0.083346 -0.027226 0.060685 0.190160 0.129073 0.500855 0.241016 0.197048 0.322798 -0.043471 0.013380 -0.012030 0.224437 -0.124963 -0.499845 0.100200 -0.008680 0.022279 0.186450 -0.049485 0.073364 0.064739 0.364420 -0.232183 -0.073601 -0.110487 -0.305677 -0.351817 0.075057 0.041871 -0.121924 0.018140 -0.081043 0.102755 -0.149671 -0.074509 -0.233179 -0.068525 -0.120026 -0.041439 0.010185 0.119575 0.142051 -0.002525 -0.036127 -0.049135 0.367630 -0.191074 -0.201457 0.098034 -0.043211 -0.017347 -0.073832 -0.093346 -0.082709 -0.067824 -0.070974 -0.091668 -0.065696 -0.282039 -0.210179 -0.258201 -0.195327 0.149636 -0.214995 -0.009751 0.044221 -0.242576 -0.196343 -0.256597 0.095869 -0.044579 -0.153334
0.168040 0.179055 0.368400 -0.203959 0.071379 -0.005186 0.455479 0.109267 0.179923 -0.156104 0.485472 0.052518 1.000000 0.229663 0.631491 0.259658 0.101564 0.057839 0.080527 0.228630 -0.091217 -0.072290 -0.262496 -0.548697 -0.477517 -0.481372 -0.148225 -0.072326 0.180575 -0.160955 -0.426858 -0.556003 -0.059248 -0.108536 0.031977 -0.349941 0.020709 -0.127063 0.028008 -0.109126 0.281128 -0.026074 -0.310839 -0.313888 -0.446112 -0.509871 -0.203351 -0.448223 -0.116053 -0.434550 0.063146 -0.270292 0.335272 -0.226945 0.128413 -0.175202 0.059246 0.197573 0.444329 0.044431 0.647476 0.273321 0.233640 0.029712 0.085680 0.137669 0.149378 -0.221717 0.167637 0.240725 0.085130 -0.176558 -0.106732 0.055355 0.134611 0.029259 0.022117 -0.338070 -0.152156 0.255894 -0.010672 0.074837 0.025583 -0.226832 0.138004 -0.051660 0.068994 -0.117522 0.301147 0.146790 0.047877 0.452483 -0.042473 0.418184 0.101681 -0.058773 -0.075836 -0.046056 0.073548 0.241131 0.041962 0.157526 -0.021775 0.026217 -0.325899 -0.257305 -0.253147 0.261593 0.163258 -0.100194 -0.409011 0.207750 0.084226 -0.249477 -0.148473 -0.187192
0.092246 0.328449 0.004079 0.033869 0.018505 0.070043 0.287527 0.239888 0.083355 0.420517 0.050953 0.352442 0.229663 1.000000 0.133499 0.638316 0.229813 0.139378 0.096314 0.208230 -0.211598 -0.330711 -0.321568 -0.363055 -0.517893 -0.473313 -0.591697 -0.522051 0.291771 0.341705 -0.168804 -0.182051 0.123964 -0.054877 -0.356527 -0.147004 0.102867 0.011576 -0.124490 -0.190376 0.189228 0.035924 -0.262809 -0.355239 -0.309481 -0.355631 -0.286486 -0.258085 -0.119976 -0.217708 -0.344462 0.008638 0.067145 -0.188187 -0.153196 -0.086260 0.046263 0.039728 0.297042 0.546088 0.316473 0.349146 0.260397 0.527855 -0.206912 0.010130 0.041542 -0.420777 -0.057651 0.252354 -0.051435 0.047173 0.227991 0.053957 0.143337 0.017592 0.098912 0.003630 0.043192 0.028037 0.180723 0.123948 0.045377 -0.015738 -0.174694 -0.472993 -0.174630 -0.204159 -0.133068 0.251133 0.304808 0.126737 0.112692 0.032028 -0.232923 -0.047447 -0.338439 -0.150993 -0.039823 0.156897 0.274861 0.121475 0.342223 0.048894 -0.183924 -0.059637 0.075911 0.055995 -0.004486 0.039467 -0.350731 0.205417 -0.088897 0.162315 0.039599 0.050396
0.253551 0.165489 0.233243 -0.384144 -0.151025 0.086595 0.189172 -0.143643 0.188809 -0.247257 0.469414 0.144310 0.631491 0.133499 1.000000 0.350256 0.222028 -0.041864 0.046335 -0.005116 0.013854 -0.105384 0.082910 -0.342310 -0.319290 -0.354099 0.165019 0.035405 0.024705 -0.265231 -0.408936 -0.601374 -0.335661 -0.374821 -0.079716 -0.358821 -0.039606 -0.222301 0.054036 -0.112400 0.274724 0.046559 -0.040579 -0.036804 -0.319621 -0.444907 0.064492 -0.212777 0.031920 -0.214759 0.203585 0.010042 0.358763 0.054480 0.205582 -0.010365 0.157842 0.155814 0.281249 0.067995 0.382419 0.171192 -0.041833 -0.080345 0.024249 0.104341 -0.131808 -0.255148 0.361412 0.060350 -0.096695 -0.157607 -0.380033 -0.167135 -0.012867 -0.116352 -0.174677 -0.445573 -0.187567 0.043511 -0.143103 -0.062797 0.358967 -0.188929 0.362891 0.043164 0.261225 0.073949 0.401316 0.171229 -0.091700 0.403876 -0.174446 0.488468 0.388322 -0.009363 0.042066 0.036347 0.159099 0.278971 -0.097353 0.102445 -0.137220 -0.108476 -0.344451 -0.274601 0.009424 -0.054576 0.348997 0.095531 -0.258897 0.137955 0.266304 -0.051577 -0.187033 -0.307610
0.148432 0.266759 -0.246405 -0.175123 -0.136870 0.300137 0.049618 0.114525 0.117533 0.429101 -0.030795 0.416466 0.259658 0.638316 0.350256 1.000000 0.316801 0.117869 0.164492 0.178083 -0.281124 -0.103667 -0.363301 -0.252309 -0.592683 -0.587078 -0.425262 -0.580755 0.183446 0.335368 -0.336552 -0.334183 0.096128 -0.251928 -0.449369 -0.268689 0.236733 -0.033223 -0.092367 -0.225348 0.278158 0.232519 -0.140136 -0.247822 -0.284548 -0.405984 -0.001465 -0.090089 -0.002367 -0.058944 -0.286811 0.122879 0.154521 0.090507 -0.092260 0.031444 0.177100 0.000933 0.222324 0.398853 0.219635 0.357309 0.196441 0.433302 -0.161747 0.053207 -0.148716 -0.467225 0.159709 0.120252 -0.077478 0.112470 0.082511 0.123595 0.202743 0.085810 0.127283 0.023221 0.024329 -0.012284 0.243604 0.174467 0.030082 -0.015847 0.041509 -0.271773 -0.145183 -0.275193 -0.112220 0.122957 0.267151 0.118604 0.230111 0.209921 0.103550 0.010623 -0.285399 -0.188383 -0.012535 0.099690 0.374500 0.190700 0.259460 -0.131699 -0.291569 -0.194510 0.090765 -0.033640 0.046186 0.097665 -0.334736 0.309700 0.039306 0.334566 0.064179 -0.070783
0.317536 0.151534 -0.227802 -0.435222 0.045312 -0.001632 -0.022657 -0.364672 0.123077 -0.108621 -0.031380 0.011558 0.101564 0.229813 0.222028 0.316801 1.000000 0.529920 0.389466 0.224929 0.019202 -0.102516 -0.259662 -0.473194 -0.310843 -0.279109 -0.086351 -0.179015 0.424091 0.292353 -0.089789 -0.139047 0.240877 -0.134371 -0.267545 -0.201158 0.377859 0.056176 0.029230 -0.016421 0.252874 0.185770 0.111016 0.074153 -0.068074 -0.161151 0.004520 -0.073388 -0.176909 0.022472 -0.384973 -0.043227 0.018880 -0.035241 -0.018553 0.022558 0.595814 0.366515 0.093691 0.102813 0.043150 -0.210990 0.333531 0.318605 -0.337519 -0.309703 -0.210796 -0.386061 0.342170 0.322920 0.090757 0.300023 0.138765 0.010153 0.106063 0.047978 0.052461 0.168042 0.246717 0.242622 0.584807 0.451344 0.249352 0.131162 -0.146963 -0.249147 -0.191541 -0.184554 -0.177780 -0.110898 -0.035272 -0.018682 -0.231714 -0.059480 -0.058126 -0.084949 -0.145379 -0.209246 0.000038 0.264672 0.112192 0.164337 0.097526 -0.116867 0.011838 0.044480 -0.239086 -0.120194 -0.122596 0.126063 0.016653 0.147812 0.071045 0.138147 -0.058199 0.186646
0.194751 0.217238 -0.150240 -0.339771 0.013315 -0.219521 0.248990 -0.395421 0.053251 -0.109305 -0.181012 -0.180296 0.057839 0.139378 -0.041864 0.117869 0.529920 1.000000 0.436857 0.364208 -0.105703 -0.201814 -0.220317 -0.440933 -0.364713 -0.443232 -0.303471 -0.383964 0.663574 0.591924 0.069136 -0.053107 0.415450 0.143285 -0.254368 -0.216324 0.358828 0.107895 0.149485 -0.195461 0.169705 0.259970 -0.064593 0.017764 -0.164818 -0.275480 -0.209468 -0.047224 -0.345757 -0.181006 -0.455067 -0.190354 0.225451 -0.006898 0.183417 -0.031778 0.291126 0.535961 0.154665 -0.009106 0.212421 -0.345727 0.682474 0.573134 -0.386987 -0.530853 -0.033595 -0.416669 0.259294 0.169682 0.014919 0.198553 0.454340 0.052896 0.129861 0.101817 0.205372 0.268512 0.317707 0.503504 0.633920 0.714268 0.104452 0.267117 -0.304287 -0.286119 -0.510078 -0.257116 -0.340152 -0.187443 0.070328 -0.213591 -0.250557 -0.062724 -0.279173 -0.077477 -0.109454 -0.257382 0.079828 0.156212 0.291844 0.354341 0.303643 0.107904 -0.132858 -0.040078 -0.099135 -0.016368 -0.124187 -0.247320 -0.031547 0.296874 0.092285 0.049720 -0.087414 0.011429
0.249763 0.171037 0.000835 -0.310963 0.117914 -0.168253 0.271609 -0.351998 0.094350 -0.058731 -0.134426 -0.210241 0.080527 0.096314 0.046335 0.164492 0.389466 0.436857 1.000000 0.615326 -0.140931 -0.171831 0.118536 -0.207273 -0.045178 -0.318914 -0.084732 -0.282395 0.624262 0.357871 0.298166 0.136028 0.191891 0.074920 -0.345650 -0.426982 0.343906 0.023768 0.132312 -0.115916 0.316933 0.127576 -0.052436 -0.112144 -0.193670 -0.351760 -0.167912 -0.101893 -0.283184 -0.247870 -0.272776 -0.225654 0.109375 0.104273 0.036582 -0.273273 0.177826 0.243207 -0.007223 -0.133127 0.147326 -0.343534 0.492557 0.206592 -0.289449 -0.653431 -0.185358 -0.448188 0.303180 0.256066 0.297526 0.128815 0.427853 0.054361 0.110779 0.276092 0.268186 0.231662 0.109047 0.135558 0.476881 0.412679 0.352094 0.294697 -0.143893 -0.467701 -0.183014 -0.077915 -0.137169 -0.324299 -0.061756 0.164654 -0.233924 0.191488 -0.119494 -0.077932 -0.305503 -0.250778 -0.095800 0.121282 0.132430 0.367078 0.206527 0.108226 -0.088228 0.093672 -0.098749 0.167430 -0.061859 -0.160527 -0.054716 0.356071 0.161834 0.153206 0.123444 0.087896
0.119913 0.354128 0.107544 -0.072180 0.134345 -0.242594 0.395404 -0.159996 0.280596 0.105983 -0.081804 -0.367345 0.228630 0.208230 -0.005116 0.178083 0.224929 0.364208 0.615326 1.000000 -0.207944 -0.239235 -0.105914 -0.237706 -0.176450 -0.331541 -0.257347 -0.335890 0.482576 0.321502 0.219475 0.150340 0.329357 0.362948 -0.350550 -0.297587 0.276471 0.055025 0.043216 -0.163511 0.188957 0.090641 -0.361193 -0.292522 -0.377043 -0.399370 -0.410849 -0.308471 -0.574524 -0.372146 -0.388696 -0.327386 0.006937 -0.080674 -0.122029 -0.548053 0.061045 0.383209 -0.030058 0.119830 0.139307 -0.096888 0.279598 0.187342 -0.106275 -0.405037 -0.099566 -0.341454 0.198418 0.549851 0.308841 0.105175 0.369644 0.116487 0.103932 0.263365 0.207970 0.289861 0.221032 0.186918 0.409836 0.357272 0.178711 0.212802 -0.142049 -0.432666 -0.280955 -0.201440 -0.076603 -0.410555 0.156886 0.173419 -0.095287 0.088564 -0.131815 -0.132545 -0.360151 -0.301315 -0.121171 0.093148 0.221082 0.212203 0.476448 0.203774 0.146699 0.298293 -0.219962 0.445267 -0.064769 -0.071175 -0.019287 0.514623 0.200276 0.109594 0.151950 0.157380
0.089758 -0.003808 0.000260 0.114396 0.151978 -0.034212 -0.097151 -0.130242 0.077897 -0.247113 -0.034093 -0.088192 -0.091217 -0.211598 0.013854 -0.281124 0.019202 -0.105703 -0.140931 -0.207944 1.000000 0.398544 -0.023150 0.101484 0.208319 0.418009 0.389543 0.450983 -0.210563 -0.214767 0.063575 0.103936 -0.259834 -0.055024 -0.002640 -0.128469 0.010429 0.180205 0.104226 0.488258 -0.101554 -0.064914 0.187905 0.104833 0.170145 0.036026 0.269663 0.062063 0.206440 0.209705 0.016051 0.203539 0.046171 0.005089 0.253559 0.329118 0.105733 0.003828 0.036223 0.002024 -0.079117 -0.031465 -0.136359 -0.203131 -0.064624 -0.029260 -0.095220 -0.064063 0.235415 -0.025992 0.044088 0.019933 -0.088279 -0.172489 -0.231548 -0.175656 -0.221131 -0.234254 -0.299401 -0.183045 -0.078690 -0.299312 -0.139526 -0.003322 -0.147682 -0.065424 0.165436 0.247487 -0.071369 0.053374 -0.088984 -0.136120 -0.185895 -0.098188 0.090213 0.033524 0.296945 0.220269 0.091757 0.285043 -0.030026 0.078287 -0.169548 -0.285323 0.220843 0.064923 -0.205480 -0.029816 -0.161161 0.179289 0.059379 -0.081095 -0.014281 -0.251421 -0.127504 0.112139
-0.180272 -0.336700 -0.195235 0.135749 0.107300 0.184824 -0.246545 -0.023930 0.084010 -0.006649 -0.224786 -0.113569 -0.072290 -0.330711 -0.105384 -0.103667 -0.102516 -0.201814 -0.171831 -0.239235 0.398544 1.000000 -0.102879 0.332898 0.164807 0.293026 0.273331 0.298609 -0.188405 -0.117434 0.037333 0.135211 -0.316757 -0.213576 -0.057171 0.027079 0.070637 0.183372 0.121538 0.355417 -0.016231 0.205391 0.207616 0.191707 0.359481 0.210146 0.415803 0.249701 0.291846 0.288191 -0.030407 0.175037 0.020705 0.235483 -0.027993 0.326492 -0.078517 -0.223982 -0.142419 -0.165759 -0.190535 -0.024329 -0.121931 -0.247917 -0.008017 -0.028457 -0.046860 0.079773 0.063208 -0.253370 0.126882 -0.186789 -0.053007 -0.122950 -0.177939 -0.162458 -0.115136 -0.091890 -0.124841 -0.151041 -0.013694 -0.194619 -0.181900 0.215913 0.009476 0.190566 0.234620 0.121811 -0.109587 0.047405 0.015315 -0.142553 0.077251 -0.070119 0.289615 0.200980 0.279607 0.500138 0.089873 0.115873 0.191868 -0.005069 -0.150144 -0.362510 0.093492 -0.116728 -0.025350 0.027577 -0.037858 0.029022 0.184266 -0.177758 -0.110469 -0.059004 0.003872 0.070047
0.111650 -0.330183 0.337972 0.016499 -0.041882 -0.095705 0.033716 -0.107987 0.030677 -0.225540 0.127257 -0.049807 -0.262496 -0.321568 0.082910 -0.363301 -0.259662 -0.220317 0.118536 -0.105914 -0.023150 -0.102879 1.000000 0.489879 0.531225 0.335441 0.490270 0.400223 -0.168893 -0.277512 0.442517 0.170624 -0.167294 0.232118 0.244383 0.154305 -0.348173 -0.378607 -0.116865 -0.147126 -0.227009 -0.254491 0.116667 0.119494 0.113950 0.169542 -0.081353 0.119069 0.014756 0.033647 0.458553 0.040255 -0.155316 0.080824 -0.059112 -0.209252 -0.295996 -0.219849 -0.334891 -0.281113 -0.201193 -0.337261 -0.341714 -0.428107 0.312018 -0.099396 -0.046145 0.311039 -0.039609 -0.281990 -0.140142 -0.119510 -0.222569 -0.269609 -0.233910 -0.114222 -0.143216 -0.119889 -0.040245 -0.199584 -0.370672 -0.342259 0.366046 0.167436 0.310638 0.065646 0.308891 0.314448 0.294493 -0.103832 -0.411880 0.007063 -0.242122 0.100036 0.058656 -0.121791 0.001544 -0.051551 -0.090225 -0.076195 -0.475699 -0.311776 -0.348429 0.134657 -0.013801 0.154638 0.055416 -0.011410 -0.019018 -0.020662 0.291040 -0.152210 -0.103661 -0.098656 -0.134499 -0.176381
-0.294868 -0.515736 0.063741 0.416654 0.175838 0.146991 -0.207033 0.194902 0.157724 0.286902 -0.255814 -0.043298 -0.548697 -0.363055 -0.342310 -0.252309 -0.473194 -0.440933 -0.207273 -0.237706 0.101484 0.332898 0.489879 1.000000 0.543955 0.573438 0.302611 0.238602 -0.509204 -0.208325 0.429493 0.428523 -0.202983 0.228735 0.190609 0.420947 -0.285100 -0.211509 -0.154947 0.020793 -0.410439 -0.194422 -0.012756 0.024850 0.305259 0.447927 -0.017416 0.202946 0.053287 0.192231 0.183704 0.112873 -0.505340 0.134149 -0.213978 -0.067415 -0.476663 -0.511858 -0.535801 -0.168935 -0.507403 0.001111 -0.534902 -0.429701 0.468942 0.185885 -0.041425 0.565366 -0.220961 -0.305961 -0.116198 -0.103333 -0.212146 -0.057356 -0.206660 -0.089324 -0.247786 0.041433 -0.020182 -0.394173 -0.319734 -0.440271 -0.130338 0.139667 0.270986 0.216079 0.157091 0.224591 -0.015454 -0.007516 0.013658 -0.079104 0.257603 -0.095564 0.053062 0.040164 -0.080026 0.098639 -0.250577 -0.295105 -0.151215 -0.397047 -0.205312 -0.066975 0.261640 0.285647 0.115330 0.081616 -0.187092 -0.015811 0.270375 -0.309527 -0.190055 0.005359 0.204033 0.091794
-0.126223 -0.327173 0.209873 0.206420 0.132786 -0.141957 -0.208196 -0.067129 -0.107225 -0.220453 -0.041111 -0.245744 -0.477517 -0.517893 -0.319290 -0.592683 -0.310843 -0.364713 -0.045178 -0.176450 0.208319 0.164807 0.531225 0.543955 1.000000 0.781870 0.612644 0.560148 -0.324703 -0.394676 0.563210 0.429295 -0.149420 0.144399 0.284866 0.404512 -0.399970 -0.086975 -0.091253 0.148673 -0.343047 -0.414313 0.194252 0.224061 0.242282 0.386255 0.018243 0.150178 -0.064662 0.047731 0.311107 0.007621 -0.263432 0.047379 -0.093953 -0.118489 -0.248807 -0.179716 -0.354246 -0.234732 -0.379701 -0.147950 -0.365812 -0.447268 0.262952 0.087295 0.209455 0.529627 -0.227046 -0.190399 -0.061343 -0.110614 -0.251249 -0.266644 -0.403854 -0.209488 -0.238469 -0.056453 0.117053 -0.317899 -0.249019 -0.305971 -0.022677 0.023634 0.105204 0.178002 0.253281 0.256000 0.176954 -0.158597 -0.254193 -0.106790 -0.080926 -0.115519 0.059645 -0.027990 0.239945 0.054322 -0.229062 -0.140774 -0.235393 -0.391894 -0.214389 -0.023737 0.330219 0.245716 -0.128812 0.110686 -0.114439 0.020847 0.488199 -0.292508 -0.048372 -0.167159 -0.042276 0.123019
-0.226833 -0.361871 0.136678 0.274554 0.204474 0.114192 -0.311233 0.041819 -0.083468 -0.095022 -0.085056 -0.242054 -0.481372 -0.473313 -0.354099 -0.587078 -0.279109 -0.443232 -0.318914 -0.331541 0.418009 0.293026 0.335441 0.573438 0.781870 1.000000 0.574690 0.685424 -0.436092 -0.416738 0.369780 0.435474 -0.208370 0.161654 0.313131 0.432012 -0.332443 0.038779 0.009161 0.281575 -0.345685 -0.290178 0.182398 0.210933 0.291399 0.453432 0.150765 0.125013 0.094067 0.165055 0.227230 0.074253 -0.314846 -0.010414 -0.004709 0.126500 -0.211678 -0.304494 -0.289724 -0.185971 -0.441955 -0.009755 -0.488674 -0.516087 0.173501 0.257392 0.152880 0.561883 -0.203468 -0.151458 0.047321 -0.039845 -0.233039 -0.078914 -0.257332 -0.081618 -0.245928 -0.077503 0.049394 -0.335720 -0.338278 -0.436795 -0.263363 -0.195778 0.011606 0.206467 0.226631 0.347710 0.148469 0.002774 -0.178515 -0.099144 -0.010309 -0.191458 0.037215 -0.103665 0.321584 0.050984 -0.197362 -0.157975 -0.164548 -0.477878 -0.276164 -0.069997 0.410159 0.288074 -0.173542 -0.066961 -0.101573 0.164023 0.349460 -0.460393 -0.078520 -0.149482 -0.086101 0.135424
0.189041 -0.189502 0.120772 -0.013943 -0.029518 -0.017017 -0.341554 -0.253460 -0.137265 -0.492942 0.186944 -0.300201 -0.148225 -0.591697 0.165019 -0.425262 -0.086351 -0.303471 -0.084732 -0.257347 0.389543 0.273331 0.490270 0.302611 0.612644 0.574690 1.000000 0.710390 -0.312119 -0.528533 0.209102 0.077612 -0.470425 -0.140316 0.207196 0.033688 -0.262464 -0.177631 -0.016522 0.220235 -0.092857 -0.114748 0.193990 0.195835 0.137742 0.104565 0.215005 0.092562 0.114131 0.151197 0.373950 0.172517 0.112631 0.199757 0.235361 0.146904 0.134181 0.038212 -0.100404 -0.174786 -0.158424 -0.160723 -0.367591 -0.556414 0.095983 -0.010980 0.066515 0.272831 0.102023 -0.246441 -0.051052 -0.172493 -0.447391 -0.346478 -0.353133 -0.328996 -0.373237 -0.331305 -0.304274 -0.284176 -0.408551 -0.400217 0.201460 -0.105023 0.275502 0.231138 0.442897 0.435124 0.441152 -0.025427 -0.190017 0.073767 -0.191544 0.053285 0.434404 0.092323 0.354450 0.136094 0.145962 0.144700 -0.181328 -0.217294 -0.400867 -0.214539 0.079601 -0.092509 -0.064392 -0.079254 0.063994 0.111334 0.240422 -0.235996 0.035198 -0.207138 -0.296257 -0.193669
-0.093455 -0.270932 0.206370 0.176445 0.016209 0.164130 -0.208247 0.031490 -0.141140 -0.373495 0.212932 -0.174813 -0.072326 -0.522051 0.035405 -0.580755 -0.179015 -0.383964 -0.282395 -0.335890 0.450983 0.298609 0.400223 0.238602 0.560148 0.685424 0.710390 1.000000 -0.365711 -0.525000 0.138242 0.104572 -0.368996 0.078063 0.466521 0.127933 -0.309940 0.036341 0.098339 0.282857 -0.160124 -0.177162 0.146968 0.147639 0.077193 0.146969 0.172560 -0.041002 0.146576 0.059213 0.499026 0.066281 0.000014 -0.016690 0.225851 0.175945 0.003226 -0.114412 -0.161027 -0.264113 -0.206764 -0.141931 -0.393318 -0.618366 0.111587 0.193631 0.073371 0.411187 0.007491 -0.206340 0.028962 -0.090785 -0.363777 -0.149104 -0.236661 -0.160391 -0.261000 -0.256325 -0.222031 -0.203947 -0.372075 -0.397395 -0.051002 -0.162910 0.121868 0.329084 0.447468 0.452244 0.344632 0.054767 -0.306560 -0.059141 -0.201442 -0.062771 0.091358 -0.066531 0.436254 0.130841 0.008344 0.062524 -0.229245 -0.264319 -0.330243 -0.163897 0.163365 0.004332 -0.107612 -0.022188 0.005136 0.147701 0.240537 -0.284832 -0.133023 -0.440769 -0.275792 -0.105773
0.260471 0.151526 -0.241446 -0.540193 -0.040647 -0.273049 0.219045 -0.419441 -0.069827 -0.076565 0.109402 -0.001064 0.180575 0.291771 0.024705 0.183446 0.424091 0.663574 0.624262 0.482576 -0.210563 -0.188405 -0.168893 -0.509204 -0.324703 -0.436092 -0.312119 -0.365711 1.000000 0.649121 0.106298 0.011111 0.303584 -0.101485 -0.352649 -0.388917 0.383767 0.144273 0.217355 -0.158573 0.421844 0.265154 0.097743 0.172106 -0.063807 -0.228564 0.023367 0.075389 -0.152208 -0.109758 -0.434950 -0.185387 0.261867 -0.010878 0.171411 0.009401 0.179003 0.328663 0.189647 -0.155939 0.217191 -0.426520 0.645550 0.391148 -0.508767 -0.569140 -0.129002 -0.554428 0.260919 0.175778 0.215283 0.138970 0.633924 0.033761 0.157238 0.238871 0.417961 0.236163 0.181924 0.318759 0.565123 0.615147 0.294639 0.263208 -0.198508 -0.306590 -0.224382 -0.163302 -0.156269 -0.207858 -0.173691 -0.132395 -0.413994 -0.089740 -0.135278 -0.096766 -0.071195 -0.283179 0.144283 0.057961 0.149255 0.293139 0.134372 0.011007 -0.255219 -0.068330 -0.046447 0.081256 0.102353 -0.058938 -0.014478 0.309771 0.013154 0.058861 -0.136162 -0.026168
-0.016891 0.109274 -0.537598 -0.190201 0.002209 -0.139669 0.023751 -0.102023 -0.021003 0.240617 -0.352094 0.174101 -0.160955 0.341705 -0.265231 0.335368 0.292353 0.591924 0.357871 0.321502 -0.214767 -0.117434 -0.277512 -0.208325 -0.394676 -0.416738 -0.528533 -0.525000 0.649121 1.000000 0.225454 0.346280 0.459727 0.089005 -0.404925 -0.280571 0.461793 0.217588 0.079159 -0.169188 0.222506 0.317089 -0.019813 0.083878 0.013853 -0.094584 -0.030013 0.241588 -0.112779 0.091331 -0.486167 0.034839 0.025376 0.076249 -0.012898 0.027147 0.140569 0.182286 0.022405 0.003721 -0.060574 -0.405718 0.626449 0.628429 -0.406827 -0.518126 -0.153650 -0.437256 0.042628 0.007538 0.039205 0.292237 0.762971 0.221950 0.271004 0.297018 0.464516 0.404842 0.256538 0.249542 0.660464 0.613424 0.077154 0.474335 -0.346928 -0.166017 -0.429568 -0.317487 -0.536968 -0.198299 -0.011502 -0.407010 -0.149843 -0.252109 -0.283854 -0.053259 -0.282348 -0.309530 -0.025052 -0.061276 0.356398 0.321454 0.261945 0.067484 -0.209781 -0.084738 0.026747 -0.069985 -0.180058 -0.205128 -0.068603 0.352714 -0.079863 0.278156 0.009521 -0.087825
-0.085553 -0.216469 0.056942 0.211922 0.241420 -0.360538 0.053380 -0.012507 0.125574 -0.011464 -0.226493 -0.218382 -0.426858 -0.168804 -0.408936 -0.336552 -0.089789 0.069136 0.298166 0.219475 0.063575 0.037333 0.442517 0.429493 0.563210 0.369780 0.209102 0.138242 0.106298 0.225454 1.000000 0.774964 0.106776 0.343411 0.000880 0.094569 -0.045595 -0.018841 -0.005346 -0.097158 -0.054524 -0.133662 -0.031534 0.059342 0.088945 0.130684 -0.218559 0.015032 -0.229323 -0.022903 0.006997 -0.044867 -0.224234 0.078835 -0.148819 -0.299943 -0.134522 -0.015157 -0.412470 -0.265444 -0.351078 -0.372631 0.027271 -0.018477 0.027034 -0.328532 -0.002586 0.099275 -0.171537 -0.173844 0.085041 0.109969 0.276770 0.002468 -0.133088 0.093073 0.133031 0.309901 0.272009 -0.090604 0.159058 0.073973 0.115607 0.382821 -0.178092 -0.042606 -0.039599 0.032097 -0.123239 -0.211633 -0.208990 -0.183155 -0.137286 -0.281817 -0.260227 -0.192502 -0.111451 -0.147563 -0.251367 -0.177988 -0.024772 -0.144634 0.019538 0.079701 0.148226 0.260175 -0.099141 0.053956 -0.359879 -0.250016 0.275908 -0.107856 -0.166434 -0.000103 -0.065424 0.115919
-0.309176 -0.273421 -0.184951 0.369540 0.256020 -0.193803 -0.109649 0.083530 0.041475 0.104306 -0.414240 -0.214651 -0.556003 -0.182051 -0.601374 -0.334183 -0.139047 -0.053107 0.136028 0.150340 0.103936 0.135211 0.170624 0.428523 0.429295 0.435474 0.077612 0.104572 0.011111 0.346280 0.774964 1.000000 0.117628 0.348869 -0.065919 0.096933 0.094329 0.186482 0.063892 0.039610 -0.047269 -0.027630 0.024729 0.117183 0.195333 0.254400 -0.088965 0.180994 -0.106397 0.128149 -0.071653 0.000984 -0.304577 0.049443 -0.199526 -0.151661 -0.135405 -0.129131 -0.421136 -0.162109 -0.486946 -0.346673 0.012693 -0.018624 -0.022679 -0.260104 -0.003177 0.150222 -0.261163 -0.088473 0.156286 0.143233 0.400050 0.082157 -0.097696 0.246560 0.198099 0.421722 0.226789 -0.177167 0.158681 0.044027 -0.033577 0.374358 -0.275895 0.028582 -0.162339 -0.002902 -0.268178 -0.306000 -0.141401 -0.296507 -0.086762 -0.404778 -0.311595 0.016656 -0.078694 -0.057487 -0.312970 -0.232462 0.045834 -0.122551 0.049380 0.115944 0.253112 0.324968 -0.062729 -0.024619 -0.393601 -0.121247 0.300781 -0.083094 -0.157328 0.197517 0.109734 0.167560
0.011584 0.113074 -0.114295 -0.148368 -0.011240 -0.145758 0.174674 0.013167 -0.042841 0.126141 -0.163614 0.047000 -0.059248 0.123964 -0.335661 0.096128 0.240877 0.415450 0.191891 0.329357 -0.259834 -0.316757 -0.167294 -0.202983 -0.149420 -0.208370 -0.470425 -0.368996 0.303584 0.459727 0.106776 0.117628 1.000000 0.437536 -0.049053 0.105250 0.092183 0.020183 -0.134902 -0.261108 -0.140837 -0.019457 -0.264217 -0.116906 -0.198735 0.011801 -0.350475 -0.052190 -0.292674 -0.133863 -0.283045 -0.218132 -0.214547 -0.255973 -0.284757 -0.305072 0.041422 0.151497 -0.095000 -0.001100 0.008182 -0.121967 0.258141 0.318627 0.043784 -0.076536 0.104046 0.041080 0.091713 0.239168 -0.074092 0.166850 0.397699 0.241129 0.158233 0.180324 0.129810 0.316243 0.438818 0.317253 0.517547 0.438123 -0.007840 0.218517 -0.203516 -0.140118 -0.378203 -0.344604 -0.322808 -0.278989 -0.121477 -0.209460 -0.079356 -0.037832 -0.281771 -0.151281 -0.268715 -0.335175 -0.224541 -0.077510 0.073023 0.074389 0.209309 0.262840 0.233105 0.282877 -0.208577 0.079559 -0.182236 -0.268426 0.040458 0.251427 -0.018413 -0.025360 -0.007845 0.209906
-0.193580 -0.080078 0.234567 0.403681 0.199347 -0.011960 0.209260 0.211772 0.179234 0.101716 -0.213404 -0.291305 -0.108536 -0.054877 -0.374821 -0.251928 -0.134371 0.143285 0.074920 0.362948 -0.055024 -0.213576 0.232118 0.228735 0.144399 0.161654 -0.140316 0.078063 -0.101485 0.089005 0.343411 0.348869 0.437536 1.000000 0.229434 0.231111 -0.067029 -0.089590 -0.129929 -0.122966 -0.312010 -0.140686 -0.429639 -0.323344 -0.242242 0.046509 -0.580221 -0.247320 -0.451474 -0.213934 0.002964 -0.220829 -0.322564 -0.284363 -0.190431 -0.456194 -0.239918 0.073086 -0.286245 0.045262 -0.208619 -0.099628 -0.027785 -0.008174 0.275158 -0.013684 0.132439 0.299873 -0.170216 0.122268 -0.008879 0.138928 0.190729 0.258851 0.096568 0.226018 0.010506 0.247203 0.301554 0.236379 0.137805 0.075819 -0.153112 0.150387 -0.141551 -0.091579 -0.278260 0.017834 -0.147222 -0.293714 0.034676 -0.168779 -0.043838 -0.155903 -0.422162 -0.166492 -0.226640 -0.301079 -0.191508 -0.078236 0.020164 -0.083860 0.298610 0.353592 0.309421 0.316096 -0.338227 0.233951 -0.374660 -0.179930 0.119124 0.147616 -0.115646 -0.167851 -0.097299 0.119649
-0.200325 -0.268949 0.202343 0.274144 -0.088701 -0.008876 -0.014225 0.183674 -0.236525 -0.311300 0.341358 0.015755 0.031977 -0.356527 -0.079716 -0.449369 -0.267545 -0.254368 -0.345650 -0.350550 -0.002640 -0.057171 0.244383 0.190609 0.284866 0.313131 0.207196 0.466521 -0.352649 -0.404925 0.000880 -0.065919 -0.049053 0.229434 1.000000 0.529714 -0.255877 -0.117683 -0.003560 0.054988 -0.144660 -0.286988 0.066613 0.100907 0.124259 0.326827 -0.101149 -0.080755 0.135050 -0.055735 0.429426 -0.226116 -0.275240 -0.283707 0.162985 -0.082460 -0.304814 -0.262682 -0.353204 -0.426637 -0.219823 -0.010432 -0.414248 -0.423056 0.314210 0.406990 0.209830 0.621991 -0.163193 -0.237362 -0.163913 0.083444 -0.349971 -0.020996 -0.015103 -0.089784 -0.214886 -0.102321 0.128995 -0.006517 -0.313165 -0.152539 -0.115277 -0.209627 0.320725 0.378842 0.090514 0.262880 0.404692 0.045178 -0.326721 -0.069862 -0.010531 -0.139958 0.025504 0.020540 0.213340 0.039300 -0.037479 -0.206118 -0.308772 -0.411847 -0.283698 -0.079049 -0.054496 0.065992 -0.048912 -0.106644 0.011308 0.105815 0.317512 -0.250589 -0.158885 -0.321613 -0.018948 0.068059
-0.264564 -0.344538 0.133055 0.248186 0.073190 0.135846 -0.095084 0.100748 -0.069358 0.145967 -0.066994 -0.044706 -0.349941 -0.147004 -0.358821 -0.268689 -0.201158 -0.216324 -0.426982 -0.297587 -0.128469 0.027079 0.154305 0.420947 0.404512 0.432012 0.033688 0.127933 -0.388917 -0.280571 0.094569 0.096933 0.105250 0.231111 0.529714 1.000000 -0.223488 -0.129858 -0.216139 -0.152124 -0.477843 -0.392988 0.128550 0.143932 0.328649 0.617327 -0.196197 0.058964 -0.080374 0.085024 0.052570 -0.204293 -0.468997 -0.260981 -0.227779 -0.191173 -0.291095 -0.314732 -0.452879 -0.195533 -0.386569 0.089709 -0.424775 -0.245236 0.342656 0.416582 0.305537 0.708589 -0.476017 -0.096802 -0.089705 0.189208 -0.298698 -0.000874 0.004414 -0.120095 -0.230774 0.044012 0.338389 -0.254398 -0.123810 -0.050201 -0.249700 -0.032519 0.222705 0.217775 -0.061154 0.041129 0.164506 -0.053264 -0.002271 -0.170774 0.246943 -0.316505 -0.126269 -0.092474 -0.026003 -0.012907 -0.209980 -0.290770 -0.127443 -0.576795 -0.149984 -0.027009 0.186962 0.239519 -0.060394 -0.067089 -0.149648 0.034767 0.374176 -0.360298 -0.190978 -0.099304 0.034274 0.117347
