1.000000 0.666498 -0.341225 0.174039 -0.277428 -0.301898 -0.113937 -0.340226 -0.473657 -0.400820 0.130413 -0.100670 0.144641 -0.106093 -0.269447 -0.349045 0.397640 0.377167 0.422467 0.282986 -0.196467 -0.076975 -0.390024 -0.312964 -0.355903 -0.444284 -0.302083 -0.213138 0.249336 0.349910 -0.320895 -0.455432 0.261058 -0.012350 -0.426532 -0.424907 -0.047700 0.114197 0.137924 -0.208220 0.008282 0.048212 0.140660 0.060440 0.071467 -0.014800 0.068632 0.185865 -0.032286 0.153783 -0.159633 0.281846 0.010514 0.373363 0.049899 -0.064691 0.492048 0.554276 -0.083148 -0.134623 -0.136518 -0.155675 0.313972 0.412215 -0.308298 -0.505093 -0.175878 -0.447390 0.110184 0.013308 -0.110568 -0.155230 0.415426 0.304502 0.261451 0.138822 0.289349 0.110346 0.087796 0.073224 0.134048 0.303820 0.015801 -0.042064 -0.167844 -0.071527 0.127501 -0.000765 -0.210511 -0.086951 -0.289224 -0.195779 -0.220602 -0.160503 -0.017033 -0.071310 -0.181529 -0.035956 0.296124 0.259226 0.193371 0.110658 0.163684 0.040001 0.199741 0.066189 0.100412 0.013617 0.117235 -0.065307 -0.227086 0.241192 -0.126461 0.100142 0.317934 0.006750
0.666498 1.000000 -0.253300 0.077292 -0.333470 -0.350398 -0.074023 -0.203642 -0.482445 -0.364221 0.116857 -0.159442 0.004639 -0.064400 -0.335421 -0.342799 0.376853 0.362793 0.334335 0.377081 -0.276114 -0.141343 -0.407775 -0.400596 -0.358323 -0.524912 -0.322646 -0.173590 0.151779 0.347199 -0.376017 -0.592535 0.425132 0.017361 -0.331643 -0.328662 -0.139979 0.264106 0.026471 -0.193254 -0.082051 0.221257 0.144375 0.153821 0.121997 0.068518 0.010170 0.157884 0.008443 0.333653 -0.095468 0.421591 -0.126850 0.266090 0.104736 -0.101333 0.440743 0.651088 -0.081493 0.009744 -0.149439 0.038785 0.295729 0.591225 -0.333842 -0.538601 -0.132034 -0.376307 0.088190 0.021382 -0.061866 -0.085291 0.476430 0.454640 0.309176 0.144140 0.389848 0.139340 0.049835 0.037716 0.057138 0.162441 -0.182080 -0.239022 -0.227432 -0.307054 0.130601 -0.202405 -0.245682 -0.163078 -0.241662 -0.227334 -0.244442 -0.160447 -0.019478 -0.041630 -0.255269 -0.117709 0.197607 0.238009 0.200939 0.083278 0.198829 -0.005574 0.310341 0.316214 0.104729 -0.110724 -0.084494 -0.200006 -0.236937 0.314961 0.036241 0.009154 0.401972 0.133849
-0.341225 -0.253300 1.000000 -0.033792 0.376878 0.328132 0.546319 0.297225 0.344271 0.201371 -0.034949 -0.156741 -0.315606 -0.177460 0.102918 -0.067745 -0.540481 -0.470841 -0.191457 -0.287577 0.191961 0.136985 0.447324 0.317477 0.625849 0.515324 0.483043 0.460857 -0.357094 -0.546357 0.719316 0.604333 -0.032471 0.001486 0.428266 0.325270 -0.165960 -0.045521 -0.061252 0.177518 -0.117069 -0.088317 0.069623 0.203672 -0.068129 0.024297 0.068556 -0.066519 0.099460 -0.258170 0.074677 -0.183812 -0.018685 -0.194083 0.034437 0.033354 -0.415157 -0.373920 0.342741 -0.270471 0.105221 -0.298744 -0.485998 -0.515499 0.096572 0.285362 0.426402 0.331681 -0.162440 -0.043980 0.070964 0.259074 -0.447322 -0.351493 -0.259144 0.031333 -0.204504 0.182285 -0.364816 -0.325648 -0.381955 -0.524696 -0.182155 -0.236505 -0.126069 -0.334893 -0.058009 -0.274919 0.088650 -0.144450 -0.036234 0.135297 -0.038229 0.212506 0.099541 -0.032930 0.245743 0.050061 -0.271775 -0.147576 -0.296975 -0.134221 -0.235344 0.054120 -0.024219 0.048959 -0.073264 0.023542 -0.228996 -0.005677 0.433807 -0.226986 0.010383 0.100077 -0.048092 -0.025400
0.174039 0.077292 -0.033792 1.000000 -0.140368 0.022541 0.024958 0.103397 -0.219088 0.032144 0.150514 0.330992 0.141390 0.114448 0.220267 0.125201 0.003524 0.089087 -0.076057 0.178307 -0.346017 -0.268528 0.301812 0.354144 -0.277336 -0.277052 -0.143935 -0.222454 0.098882 0.039335 -0.030873 0.017184 -0.032018 -0.008201 -0.048117 -0.040672 -0.093137 0.130859 -0.052768 0.115821 0.035841 0.058894 -0.199909 -0.209642 -0.096090 0.007950 -0.215639 -0.217933 -0.190403 0.143013 0.092610 0.091126 -0.200664 0.049319 -0.071006 0.110434 -0.007983 -0.064208 -0.306018 -0.234956 -0.047266 -0.024364 0.073885 0.159217 0.244684 0.108949 -0.297668 -0.143423 -0.097166 -0.104348 -0.249440 -0.072187 0.011934 0.028344 0.072570 0.031828 -0.014034 -0.080646 0.120547 0.056420 -0.079219 0.049269 0.065479 0.285988 0.287062 0.235110 0.057197 0.026584 0.057183 0.232469 -0.154234 -0.166068 0.078738 -0.079232 -0.369555 -0.321945 -0.374181 -0.360674 -0.103988 -0.159447 -0.197506 -0.281410 -0.201137 -0.258432 -0.318802 -0.094501 -0.051559 -0.259615 -0.355751 -0.461719 -0.384176 -0.189123 -0.224653 -0.222484 -0.114818 -0.190639
-0.277428 -0.333470 0.376878 -0.140368 1.000000 0.527338 0.313280 -0.028221 0.600945 0.273441 -0.066808 -0.121268 -0.022076 -0.134998 0.256450 -0.108357 -0.251885 -0.342508 -0.070845 0.071922 0.478758 0.239438 0.408282 0.276670 0.322668 0.313392 0.592843 0.650934 -0.361819 -0.532433 0.211042 0.166142 -0.241533 -0.139684 0.265393 0.190444 -0.256346 -0.446432 -0.215530 -0.195672 -0.358819 -0.470869 0.056319 0.004206 0.096857 0.044281 -0.027656 0.020551 0.163856 -0.369347 0.089234 -0.288590 0.178541 0.007191 -0.247173 -0.376178 -0.082099 -0.098869 0.278528 -0.009076 0.032691 -0.174733 -0.364129 -0.457656 0.274262 0.268948 0.370449 0.425531 0.037270 0.234377 -0.125338 -0.073857 -0.619550 -0.508209 -0.390770 -0.267486 -0.240353 -0.128402 -0.221037 -0.263213 -0.272871 -0.353941 -0.088777 -0.214843 0.026199 -0.247701 0.129145 -0.347990 0.057472 -0.206453 0.161817 0.479311 0.211396 0.582459 0.094994 0.081510 0.155577 0.104947 -0.001937 0.168462 -0.119102 0.242322 0.004966 0.233087 0.305375 0.232605 0.086240 0.235229 0.067926 -0.066145 0.162842 -0.099124 0.008551 0.045932 -0.037707 0.160817
-0.301898 -0.350398 0.328132 0.022541 0.527338 1.000000 0.127349 0.024482 0.410215 0.417482 -0.182949 0.087604 -0.167939 -0.103659 0.045120 0.136157 -0.193549 -0.124926 -0.288987 -0.083486 0.111301 0.186542 0.433799 0.350772 0.314379 0.451336 0.292519 0.550864 -0.393608 -0.415734 0.259024 0.362039 -0.272793 -0.092891 0.215297 0.382695 -0.208798 -0.319448 -0.229289 -0.012138 -0.287114 -0.200335 0.091696 0.038971 0.081530 0.175991 -0.164348 -0.196379 0.147541 -0.201924 0.088350 -0.190469 -0.087487 -0.109061 -0.352310 -0.157527 -0.160514 -0.199481 0.182322 0.059217 -0.004751 -0.135026 -0.121398 -0.382465 0.199467 0.414696 0.285687 0.505865 -0.058328 -0.034695 -0.196340 -0.035903 -0.535733 -0.363352 -0.256006 -0.167754 -0.180033 -0.226889 -0.028639 -0.038989 -0.062271 -0.115354 -0.180025 -0.026553 0.074454 -0.072400 0.079133 -0.283824 0.077148 0.146330 0.046767 0.128203 0.202036 0.137883 -0.155195 -0.003510 -0.080998 -0.152786 -0.244299 0.008286 -0.339128 -0.001645 -0.208409 -0.062869 -0.003887 0.141221 -0.075856 0.092794 -0.179799 -0.271044 0.094952 -0.163633 -0.060846 -0.209558 -0.131269 0.042818
-0.113937 -0.074023 0.546319 0.024958 0.313280 0.127349 1.000000 0.256640 0.413056 0.118809 0.082485 -0.043473 0.158505 0.176209 0.390304 -0.108962 -0.408056 -0.404660 0.016002 0.095271 -0.046294 -0.102526 0.433142 0.231571 0.065827 0.019851 0.241014 0.103819 -0.130892 -0.410501 0.281057 0.141281 0.013054 0.083271 0.238791 0.062598 -0.214886 -0.184008 -0.210498 -0.009338 -0.145668 -0.186911 -0.006874 0.072608 -0.006108 -0.007950 -0.008995 -0.011505 0.080358 -0.246219 0.081921 -0.116507 -0.043569 -0.032156 -0.159820 -0.170842 -0.206227 -0.144975 0.407217 -0.160523 0.298552 0.009152 -0.402458 -0.209019 0.340276 0.182538 0.123940 0.001557 -0.088008 -0.027832 -0.192396 0.076035 -0.314946 -0.304019 -0.340059 -0.001521 -0.125301 0.186878 -0.496610 -0.346498 -0.558032 -0.527725 0.015773 -0.163650 -0.186856 -0.289805 -0.087947 -0.259641 0.043177 -0.197220 0.088841 0.197404 -0.060846 0.313685 0.139940 -0.040968 0.035670 -0.056190 0.006311 -0.074512 -0.051636 -0.079934 -0.121092 0.171039 0.072370 0.038211 0.095889 0.123753 -0.127396 -0.123278 0.010943 -0.188986 0.076145 0.086518 0.027786 0.045259
-0.340226 -0.203642 0.297225 0.103397 -0.028221 0.024482 0.256640 1.000000 0.142837 0.367515 0.045313 0.410979 -0.047059 0.539779 0.177348 0.523239 -0.244025 -0.197258 -0.199862 -0.108574 -0.234734 -0.151244 0.019854 -0.003775 0.128065 0.088788 -0.108718 -0.172782 0.004861 -0.003559 0.219626 0.443281 0.060318 0.303217 0.129933 0.111339 -0.021181 0.124642 0.039570 0.349542 0.052899 0.301269 -0.180510 -0.175050 -0.235865 -0.288342 -0.241648 -0.384290 -0.135756 -0.336988 -0.229899 -0.240180 -0.098876 -0.361109 -0.085995 0.207365 -0.170239 -0.286012 -0.011408 -0.003043 0.340630 0.398769 -0.184837 -0.090725 -0.010204 0.315137 -0.174327 -0.066754 -0.310119 -0.014139 0.146877 0.232788 -0.151750 0.039334 0.098613 0.237614 -0.014202 0.142001 -0.000701 -0.038209 -0.049218 -0.113625 0.032580 0.306228 -0.349048 -0.167417 -0.365752 -0.097776 -0.040543 0.008309 0.145796 -0.022665 0.101902 -0.023671 -0.239350 -0.064766 -0.121943 -0.103484 -0.209068 -0.217941 -0.148084 -0.152009 -0.200124 -0.247232 -0.358365 0.020309 -0.313609 -0.127104 -0.261573 -0.166012 -0.091117 -0.129028 -0.157309 -0.098923 -0.238413 -0.329056
-0.473657 -0.482445 0.344271 -0.219088 0.600945 0.410215 0.413056 0.142837 1.000000 0.645821 -0.012279 0.117253 0.016689 0.240611 0.462693 0.216424 -0.361180 -0.281262 -0.270513 0.041835 0.104489 -0.033206 0.639629 0.463527 0.198520 0.292717 0.238597 0.261119 -0.394228 -0.541448 0.362615 0.395525 -0.301453 0.070453 0.319223 0.410898 -0.380283 -0.389751 -0.484766 -0.120477 -0.368346 -0.372713 -0.161133 -0.054713 -0.173836 0.035186 -0.201701 -0.208456 -0.017705 -0.351148 0.244791 -0.336069 -0.026215 -0.123411 -0.377778 -0.362414 -0.245116 -0.281227 0.379279 0.027256 0.396643 0.140477 -0.354607 -0.418677 0.671180 0.569687 0.214353 0.422914 0.015157 0.073805 0.012232 0.054566 -0.598217 -0.404140 -0.290714 -0.005790 -0.216443 -0.091785 -0.219823 -0.306996 -0.496574 -0.414700 -0.164638 -0.170923 0.096914 -0.243207 0.027243 -0.369995 0.200194 -0.115632 0.294629 0.544588 0.329295 0.398869 -0.042522 0.202044 -0.131868 -0.100007 -0.219679 0.041981 -0.096015 -0.057399 -0.258044 0.004862 0.010052 0.238472 -0.221011 0.251942 0.045424 -0.086871 0.071437 -0.135928 -0.047748 -0.181842 -0.290467 0.071925
-0.400820 -0.364221 0.201371 0.032144 0.273441 0.417482 0.118809 0.367515 0.645821 1.000000 0.075497 0.500147 -0.222137 0.371648 0.309450 0.584608 -0.362218 -0.266484 -0.272228 0.051167 -0.265456 -0.226172 0.481902 0.535816 0.105238 0.217410 -0.033665 0.006024 -0.426078 -0.375459 0.291147 0.421325 -0.340045 -0.042547 0.204199 0.468308 -0.386141 -0.109459 -0.293983 0.109620 -0.246992 0.011315 -0.360443 -0.353582 -0.314647 -0.096958 -0.528025 -0.482740 -0.160269 -0.409381 0.271255 -0.264882 -0.300297 -0.227400 -0.312694 -0.206100 -0.257647 -0.345311 0.168318 0.034379 0.404579 0.299743 -0.259546 -0.318244 0.493374 0.740413 0.022352 0.425049 -0.069205 -0.022288 -0.018556 0.132326 -0.515172 -0.240292 -0.151335 0.084201 -0.178207 -0.117364 -0.057047 -0.154690 -0.344147 -0.272899 -0.207036 -0.008396 0.203221 -0.009878 0.033896 -0.304895 0.255386 0.264257 0.305658 0.314049 0.617611 0.177075 -0.300688 0.089740 -0.421395 -0.189860 -0.427240 -0.139021 -0.314666 -0.217965 -0.351847 -0.273600 -0.214329 0.176027 -0.392353 0.133348 -0.266163 -0.233256 -0.077653 -0.141292 -0.128451 -0.452482 -0.255193 -0.186643
0.130413 0.116857 -0.034949 0.150514 -0.066808 -0.182949 0.082485 0.045313 -0.012279 0.075497 1.000000 0.261100 0.407163 0.141834 0.409212 0.047935 0.088940 0.128790 0.021512 0.111332 -0.229800 -0.210421 0.019653 0.060955 -0.198787 -0.247053 -0.226654 -0.271614 0.286185 0.070590 0.027047 0.058874 -0.077078 0.013794 -0.019564 -0.172636 -0.086339 0.197703 0.058081 0.082748 -0.007602 0.076790 -0.287387 -0.110822 -0.179950 -0.214322 -0.169298 -0.241891 -0.369619 -0.137991 -0.056888 -0.112783 -0.017132 0.105032 0.086926 0.041527 0.041008 0.103239 -0.043661 -0.044873 0.310244 0.045241 -0.047410 0.150283 0.215712 0.077498 -0.316030 -0.175202 -0.139464 0.048550 0.088549 0.061202 0.155874 0.110309 0.094556 0.270584 0.143122 0.094222 0.056567 0.132683 -0.049895 0.045939 0.141460 0.082605 -0.001582 -0.018839 -0.087369 0.069634 0.065631 0.197121 -0.046792 0.079895 -0.081633 0.012678 -0.244041 -0.145587 -0.173554 -0.198949 -0.095073 -0.028001 -0.036381 -0.077661 -0.168131 -0.106944 -0.189899 -0.111923 0.067942 -0.289268 -0.157499 -0.167223 -0.302405 -0.105095 -0.136504 0.105586 -0.112140 -0.201729
-0.100670 -0.159442 -0.156741 0.330992 -0.121268 0.087604 -0.043473 0.410979 0.117253 0.500147 0.261100 1.000000 0.273033 0.694627 0.320103 0.831352 -0.117442 0.110856 -0.135574 0.123610 -0.453523 -0.273699 0.169409 0.272304 -0.251021 -0.160799 -0.436983 -0.386427 0.237159 0.170111 0.044386 0.199420 -0.005776 0.214685 0.057126 0.041433 -0.185573 0.198800 -0.168267 0.128605 -0.077671 0.176215 -0.589896 -0.531947 -0.393197 -0.342758 -0.566736 -0.643546 -0.331650 -0.143550 0.076664 -0.035353 -0.149367 -0.019045 -0.271478 -0.026904 -0.074808 -0.218701 -0.295152 0.076550 0.462688 0.591400 0.069184 0.273062 0.326250 0.405750 -0.518273 -0.082636 -0.159528 -0.009628 -0.018572 0.099247 0.047164 0.021292 0.030515 0.250748 -0.099540 -0.071311 0.022959 0.158544 -0.093405 0.149956 -0.043652 0.515724 0.158348 0.247477 -0.004798 -0.100113 0.048309 0.349993 0.094946 -0.014360 0.353758 -0.118617 -0.487296 -0.137878 -0.594401 -0.358223 -0.407227 -0.308683 -0.190320 -0.289621 -0.446488 -0.409558 -0.467144 0.023632 -0.340445 -0.189700 -0.353061 -0.339822 -0.463754 -0.105330 -0.291154 -0.293022 -0.247065 -0.380719
0.144641 0.004639 -0.315606 0.141390 -0.022076 -0.167939 0.158505 -0.047059 0.016689 -0.222137 0.407163 0.273033 1.000000 0.341266 0.367185 0.010337 0.258325 0.412996 -0.020664 0.082814 -0.003888 -0.077810 -0.026686 -0.185747 -0.351051 -0.352645 -0.329620 -0.323153 0.598745 0.361490 -0.173677 -0.233727 0.116138 0.187519 -0.174445 -0.309218 -0.086724 -0.172543 -0.248826 -0.334821 -0.205776 -0.250769 -0.161917 -0.060642 0.089464 0.011192 -0.051809 -0.178619 -0.185859 0.157963 -0.081254 0.040074 0.027405 0.109407 -0.030009 -0.162388 0.187273 0.182411 -0.124438 0.120480 0.171807 0.259891 0.253427 0.484502 0.230452 -0.136832 -0.443679 -0.431829 -0.104667 -0.036029 -0.046882 -0.076785 0.295018 0.068972 -0.110993 0.125287 0.010778 -0.113232 0.107585 0.306697 0.048807 0.292926 0.032712 0.181022 -0.122898 0.101616 -0.074605 -0.024158 -0.073830 0.026413 -0.046697 -0.025664 -0.100258 -0.067664 -0.192204 -0.025256 -0.209763 -0.156006 0.231874 0.106973 0.160799 0.075626 0.066602 -0.139085 -0.061262 -0.052421 0.144659 -0.182289 0.094766 -0.122462 -0.495841 0.054758 -0.053580 0.137030 0.025004 0.113526
-0.106093 -0.064400 -0.177460 0.114448 -0.134998 -0.103659 0.176209 0.539779 0.240611 0.371648 0.141834 0.694627 0.341266 1.000000 0.222132 0.694892 -0.084775 0.119748 -0.099948 0.118663 -0.440228 -0.317488 0.082349 0.021774 -0.265929 -0.244536 -0.518026 -0.498713 0.189361 0.248111 0.061293 0.155386 0.134574 0.397773 0.053654 0.069799 -0.170147 0.168353 -0.251980 0.056328 -0.073417 0.305323 -0.408687 -0.278572 -0.251738 -0.186484 -0.383391 -0.419223 -0.232174 -0.120650 0.001319 -0.049485 -0.188740 -0.116401 -0.403148 -0.036475 -0.128498 -0.163137 -0.081922 0.004417 0.475214 0.705917 0.106291 0.378328 0.326490 0.222624 -0.424416 -0.233318 -0.202979 -0.081485 0.119825 0.248055 0.162671 0.286971 0.222642 0.454825 0.083829 0.145014 0.014230 0.105064 -0.161997 0.105798 -0.100874 0.387031 -0.126275 -0.092918 -0.223932 -0.174347 -0.222979 -0.024334 0.029696 -0.004731 0.164330 -0.146981 -0.400981 -0.067359 -0.559948 -0.248336 -0.261501 -0.215197 0.054333 -0.234536 -0.370743 -0.319023 -0.428843 0.138178 -0.292214 -0.041464 -0.219891 -0.238513 -0.394977 0.026724 -0.166760 -0.111039 -0.184733 -0.262156
-0.269447 -0.335421 0.102918 0.220267 0.256450 0.045120 0.390304 0.177348 0.462693 0.309450 0.409212 0.320103 0.367185 0.222132 1.000000 0.266016 -0.169390 -0.098468 -0.143739 0.170177 -0.140843 -0.262249 0.582219 0.354769 -0.143046 -0.200107 0.128645 -0.155321 0.115801 -0.191848 0.108795 0.128090 -0.200790 0.108297 0.311265 0.091421 -0.190710 -0.194810 -0.196704 0.005063 -0.158464 -0.228507 -0.300491 -0.230937 -0.289675 -0.275389 -0.204014 -0.270578 -0.337241 -0.292439 0.113077 -0.308877 0.073795 -0.055773 0.031895 -0.096052 -0.141965 -0.155584 -0.003448 -0.175248 0.368492 0.131664 -0.379150 -0.162524 0.599929 0.470876 -0.264054 0.027881 -0.074330 -0.004763 -0.112827 -0.020423 -0.307987 -0.326542 -0.202750 0.007431 -0.072777 0.045666 -0.116628 0.035754 -0.376014 -0.229623 0.222327 0.169391 0.267414 0.064392 -0.047387 0.024213 0.358296 0.166949 0.224150 0.270772 0.152038 0.195685 -0.226029 -0.094062 -0.101936 -0.263837 -0.091605 -0.088257 -0.048518 -0.213646 -0.207572 -0.032312 -0.195351 -0.080646 -0.044600 -0.073788 -0.048800 -0.150312 -0.323567 -0.330377 -0.185400 -0.124394 -0.275705 -0.233776
-0.349045 -0.342799 -0.067745 0.125201 -0.108357 0.136157 -0.108962 0.523239 0.216424 0.584608 0.047935 0.831352 0.010337 0.694892 0.266016 1.000000 -0.210122 -0.020029 -0.292838 -0.050860 -0.348468 -0.216022 0.202011 0.300627 0.012940 0.099288 -0.272780 -0.302716 0.075070 0.109279 0.237994 0.428770 -0.051610 0.300194 0.178426 0.313038 -0.057065 0.219261 -0.096517 0.286601 0.032014 0.354572 -0.517095 -0.445108 -0.463675 -0.340696 -0.482311 -0.579064 -0.321603 -0.245575 0.027887 -0.174658 -0.175881 -0.228379 -0.241665 0.089168 -0.259747 -0.377500 -0.244452 -0.024876 0.421807 0.575901 -0.026488 0.073047 0.269106 0.519817 -0.412430 0.078474 -0.206954 -0.089039 0.093533 0.164889 -0.037532 0.086574 0.178961 0.324162 -0.056321 0.038914 0.095476 0.111881 -0.059289 0.098468 -0.011612 0.521348 0.158187 0.207367 -0.111370 -0.018594 0.044827 0.263500 0.117576 -0.050795 0.373313 -0.231867 -0.403553 -0.047588 -0.402938 -0.287053 -0.513569 -0.431330 -0.218627 -0.408863 -0.534048 -0.466480 -0.555367 -0.007343 -0.419551 -0.099201 -0.304688 -0.183736 -0.235247 -0.216859 -0.283572 -0.268598 -0.347855 -0.408266
0.397640 0.376853 -0.540481 0.003524 -0.251885 -0.193549 -0.408056 -0.244025 -0.361180 -0.362218 0.088940 -0.117442 0.258325 -0.084775 -0.169390 -0.210122 1.000000 0.830246 0.021197 0.220312 -0.124637 0.088500 -0.425504 -0.433735 -0.416346 -0.395836 -0.316272 -0.203348 0.513700 0.587739 -0.379457 -0.417955 0.305178 0.225436 -0.253375 -0.323072 0.148476 0.164455 0.051595 -0.276954 -0.104321 0.043225 0.126413 0.112528 0.276755 0.058273 0.037737 0.032601 -0.292482 0.210098 -0.447491 -0.076795 -0.140055 -0.153820 0.087790 -0.120019 0.753998 0.690773 -0.443545 -0.070521 -0.149898 0.039106 0.609397 0.552046 -0.141189 -0.345664 -0.202628 -0.294947 -0.180379 -0.160762 -0.063849 -0.199274 0.494624 0.306760 0.343742 0.064258 0.399987 -0.096576 0.657059 0.666437 0.627246 0.716535 -0.030260 0.014062 -0.177208 0.005801 -0.019582 0.039280 -0.045276 -0.015972 -0.266244 -0.330825 -0.317694 -0.318281 -0.350877 -0.053724 -0.096363 -0.301888 0.312471 0.264420 0.205448 0.350855 0.080455 -0.004813 0.058596 0.022760 0.094245 -0.293445 0.050429 -0.203597 -0.297853 0.279928 -0.056122 0.012529 0.067453 0.076021
0.377167 0.362793 -0.470841 0.089087 -0.342508 -0.124926 -0.404660 -0.197258 -0.281262 -0.266484 0.128790 0.110856 0.412996 0.119748 -0.098468 -0.020029 0.830246 1.000000 -0.156074 0.120292 -0.253087 0.008740 -0.280998 -0.378335 -0.382269 -0.380650 -0.509767 -0.303301 0.547800 0.662700 -0.236105 -0.293513 0.343407 0.282611 -0.231494 -0.218835 0.012302 0.167947 -0.114750 -0.336013 -0.211099 0.075464 0.076829 0.144854 0.175490 0.116199 -0.009693 -0.060031 -0.339763 0.225411 -0.318114 -0.013489 -0.188758 -0.168252 0.040627 -0.078965 0.556281 0.568499 -0.463552 -0.130976 -0.039800 0.136749 0.695346 0.682576 -0.039421 -0.249235 -0.317235 -0.309812 -0.234335 -0.254831 0.003216 -0.161877 0.561350 0.389327 0.394723 0.235078 0.423730 -0.027022 0.629929 0.713260 0.522553 0.742685 -0.190777 0.067854 -0.125657 -0.020393 -0.015168 -0.088138 -0.142178 0.018662 -0.339916 -0.381222 -0.298806 -0.450141 -0.446246 -0.050660 -0.240030 -0.383360 0.155201 0.234596 0.068661 0.206811 -0.050756 -0.222047 -0.121254 0.048707 0.084203 -0.341984 -0.027409 -0.282863 -0.346162 0.321963 -0.096818 0.016870 -0.006536 0.055144
0.422467 0.334335 -0.191457 -0.076057 -0.070845 -0.288987 0.016002 -0.199862 -0.270513 -0.272228 0.021512 -0.135574 -0.020664 -0.099948 -0.143739 -0.292838 0.021197 -0.156074 1.000000 0.490058 0.009122 -0.081649 -0.272588 -0.141485 -0.210377 -0.323231 0.010652 -0.030232 0.092830 0.109667 -0.300781 -0.407737 0.104411 -0.130442 -0.321248 -0.554381 0.106556 -0.090249 0.174252 0.062623 0.168858 -0.084980 -0.019861 -0.208037 -0.110918 -0.270658 0.027411 0.116663 0.040753 0.144146 0.036934 0.220039 0.286112 0.646784 0.044216 -0.031820 0.145677 0.160149 -0.066337 0.258424 -0.149231 0.012864 0.047000 0.082825 -0.262586 -0.428248 -0.171139 -0.345375 0.449761 0.425250 -0.178569 -0.206439 0.095112 -0.052070 -0.186268 -0.233577 -0.140783 -0.192222 -0.253364 -0.102772 -0.086188 -0.093065 0.246699 0.075068 -0.084125 0.028630 -0.038194 0.222446 -0.127941 -0.036983 0.205942 0.192683 0.047056 0.311581 0.240352 -0.079617 0.038374 0.229370 0.352864 0.227770 0.335503 0.255542 0.303065 0.264088 0.270920 -0.013993 0.007323 0.181478 0.184129 0.136214 -0.028528 0.036911 0.005843 0.046160 0.220450 -0.091626
0.282986 0.377081 -0.287577 0.178307 0.071922 -0.083486 0.095271 -0.108574 0.041835 0.051167 0.111332 0.123610 0.082814 0.118663 0.170177 -0.050860 0.220312 0.120292 0.490058 1.000000 -0.272860 -0.100278 0.082680 0.236635 -0.495790 -0.461028 -0.111588 -0.082891 0.013571 0.061707 -0.360380 -0.364477 0.033428 0.124146 -0.177806 -0.311525 -0.360337 -0.064548 -0.168033 -0.242232 -0.260218 -0.125257 -0.284470 -0.412356 -0.231674 -0.295076 -0.393049 -0.191976 -0.299709 0.087553 -0.018328 0.026512 -0.037577 0.430525 -0.166646 -0.446536 0.219441 0.319204 -0.218196 0.273406 0.063766 0.302896 0.141487 0.328195 0.173513 -0.088314 -0.381791 -0.187450 0.359537 0.468218 -0.218158 -0.107184 0.008997 0.116172 0.106317 -0.022548 0.015673 -0.211433 -0.009358 -0.006359 -0.184433 -0.134286 -0.053058 0.035202 0.139996 -0.194175 0.081976 -0.217040 0.057472 -0.019282 0.336438 0.355042 0.260412 0.312103 -0.197531 -0.157316 -0.447893 -0.214424 0.247763 0.357145 0.303725 0.161878 0.129153 0.219700 0.265170 0.389646 -0.009373 0.163007 -0.184446 -0.218498 -0.441703 0.104427 0.004140 -0.139089 0.253670 0.102530
-0.196467 -0.276114 0.191961 -0.346017 0.478758 0.111301 -0.046294 -0.234734 0.104489 -0.265456 -0.229800 -0.453523 -0.003888 -0.440228 -0.140843 -0.348468 -0.124637 -0.253087 0.009122 -0.272860 1.000000 0.607610 -0.090710 -0.100455 0.477426 0.399084 0.687036 0.566643 -0.047826 -0.175357 0.091604 0.046090 -0.233864 -0.275663 -0.058733 -0.064744 0.236359 -0.423124 0.096722 -0.174069 0.044251 -0.336104 0.167478 0.063782 0.088516 -0.027650 0.350147 0.295730 0.195750 -0.156301 -0.064304 -0.186035 0.362981 0.045577 0.143983 -0.063012 -0.061957 -0.147661 0.159867 0.072752 -0.309913 -0.474209 -0.141190 -0.378411 -0.210885 -0.194621 0.317513 0.179109 0.141822 0.270550 0.093730 -0.035449 -0.241167 -0.359975 -0.343925 -0.418985 -0.358298 -0.176166 -0.088317 -0.123550 0.102267 -0.077748 0.220095 -0.118985 -0.030654 0.184219 -0.064371 0.204104 0.072278 -0.281198 0.161956 0.264401 -0.089483 0.374155 0.494511 0.145791 0.610855 0.510376 0.220855 0.172034 -0.008556 0.351650 0.305889 0.334005 0.254669 -0.177930 0.293534 0.280594 0.423195 0.433084 0.426432 -0.061788 0.188496 0.177901 0.042855 0.264883
-0.076975 -0.141343 0.136985 -0.268528 0.239438 0.186542 -0.102526 -0.151244 -0.033206 -0.226172 -0.210421 -0.273699 -0.077810 -0.317488 -0.262249 -0.216022 0.088500 0.008740 -0.081649 -0.100278 0.607610 1.000000 -0.169644 -0.131868 0.309064 0.313196 0.372332 0.396514 -0.034569 0.006477 0.078857 0.119054 -0.107002 -0.084884 0.024351 -0.095214 -0.026083 -0.198110 -0.019232 -0.378259 -0.136706 -0.078941 0.096277 -0.015886 0.142902 -0.055710 0.213684 0.134499 0.068633 -0.142869 -0.190363 -0.237789 0.306732 -0.067765 0.044765 -0.194558 0.106185 -0.013194 -0.055286 0.120088 -0.150436 -0.247009 0.107448 -0.146242 -0.205023 -0.218093 0.172680 0.112521 -0.010746 0.267313 0.218428 0.181840 -0.087848 -0.056013 0.021848 -0.105064 -0.069337 -0.032492 0.096524 0.082784 0.179061 0.076804 -0.023832 -0.025149 -0.197087 0.021458 -0.045648 -0.049435 -0.002594 -0.327907 0.187499 0.220776 -0.084883 0.217109 0.156717 0.109122 0.335136 0.372807 0.103982 0.375077 -0.068228 0.319004 0.262095 0.353328 0.271946 -0.032450 0.292744 0.292570 0.163444 0.324078 0.186598 0.181824 0.286537 0.132803 0.168319 0.401539
-0.390024 -0.407775 0.447324 0.301812 0.408282 0.433799 0.433142 0.019854 0.639629 0.481902 0.019653 0.169409 -0.026686 0.082349 0.582219 0.202011 -0.425504 -0.280998 -0.272588 0.082680 -0.090710 -0.169644 1.000000 0.765650 0.160016 0.151161 0.290112 0.280695 -0.389473 -0.519360 0.467999 0.398114 -0.401728 -0.161224 0.439693 0.425936 -0.351528 -0.296090 -0.317115 0.058810 -0.287969 -0.337864 -0.223033 -0.110963 -0.080292 0.109623 -0.198364 -0.260166 -0.050463 -0.100945 0.519572 -0.121419 -0.121028 -0.012419 -0.309961 -0.233287 -0.337009 -0.373159 0.187907 -0.235293 0.105143 -0.005345 -0.419372 -0.372374 0.720642 0.581866 0.059003 0.342605 -0.037193 -0.121966 -0.098090 0.074974 -0.581642 -0.370172 -0.303900 -0.010454 -0.274094 -0.067826 -0.275554 -0.227785 -0.594554 -0.509289 -0.075307 -0.050068 0.398046 -0.070201 0.068263 -0.225602 0.198584 0.101935 0.137644 0.293752 0.267152 0.271432 -0.202022 -0.032385 -0.219999 -0.303440 -0.253264 -0.174981 -0.251310 -0.305398 -0.416992 0.017703 -0.137560 0.167104 -0.269068 0.073446 -0.226969 -0.308740 -0.052152 -0.353565 -0.092947 -0.175261 -0.189616 -0.074017
-0.312964 -0.400596 0.317477 0.354144 0.276670 0.350772 0.231571 -0.003775 0.463527 0.535816 0.060955 0.272304 -0.185747 0.021774 0.354769 0.300627 -0.433735 -0.378335 -0.141485 0.236635 -0.100455 -0.131868 0.765650 1.000000 0.137983 0.278726 0.270511 0.268556 -0.418683 -0.495576 0.448054 0.484729 -0.411493 -0.131786 0.310042 0.406101 -0.332434 -0.226775 -0.163959 0.166299 -0.156318 -0.182536 -0.468067 -0.430630 -0.367180 -0.069789 -0.429197 -0.402727 -0.226493 -0.143454 0.422931 -0.176146 -0.104460 0.110713 -0.367116 -0.264582 -0.358772 -0.413439 -0.011190 -0.104152 0.145955 -0.017738 -0.291875 -0.393620 0.555633 0.595503 -0.027910 0.417540 0.139146 0.183142 -0.208468 0.077953 -0.547533 -0.318479 -0.221772 -0.054538 -0.357158 -0.170296 -0.239161 -0.336459 -0.503251 -0.512031 0.043454 0.066161 0.508183 0.152351 0.107666 -0.086515 0.206168 0.170809 0.199534 0.323451 0.458739 0.304709 -0.227870 -0.145323 -0.308161 -0.201295 -0.316901 -0.241192 -0.328230 -0.281198 -0.382091 0.049579 -0.168495 0.152918 -0.317109 0.208726 -0.352665 -0.224786 0.034352 -0.276609 -0.141525 -0.240058 -0.126567 -0.027255
-0.355903 -0.358323 0.625849 -0.277336 0.322668 0.314379 0.065827 0.128065 0.198520 0.105238 -0.198787 -0.251021 -0.351051 -0.265929 -0.143046 0.012940 -0.416346 -0.382269 -0.210377 -0.495790 0.477426 0.309064 0.160016 0.137983 1.000000 0.806761 0.589351 0.582718 -0.345449 -0.342944 0.677811 0.613325 0.025834 0.007431 0.341623 0.392305 0.070130 -0.078380 0.157878 0.263990 0.028558 0.091604 0.122009 0.194466 -0.104294 0.042572 0.108060 0.008464 0.080546 -0.392867 -0.003579 -0.218499 0.052520 -0.221905 0.077280 0.060577 -0.411422 -0.454262 0.173406 -0.262934 -0.220618 -0.467218 -0.431527 -0.597216 -0.222276 0.204884 0.451442 0.475543 -0.047350 -0.037187 0.253399 0.294173 -0.374614 -0.163463 -0.136844 0.057169 -0.128799 0.261323 -0.083607 -0.117129 -0.015877 -0.230614 -0.058842 -0.139367 -0.054902 -0.082407 -0.072082 -0.039868 -0.060515 -0.205084 -0.086155 -0.023374 -0.048564 0.129035 0.195789 0.195315 0.428535 0.362277 -0.354838 -0.206985 -0.331534 -0.066320 -0.212127 -0.032425 -0.089543 -0.082355 -0.160567 0.197219 -0.022127 0.263337 0.636527 -0.170235 -0.092999 0.091267 -0.130586 -0.022850
-0.444284 -0.524912 0.515324 -0.277052 0.313392 0.451336 0.019851 0.088788 0.292717 0.217410 -0.247053 -0.160799 -0.352645 -0.244536 -0.200107 0.099288 -0.395836 -0.380650 -0.323231 -0.461028 0.399084 0.313196 0.151161 0.278726 0.806761 1.000000 0.453615 0.559493 -0.407755 -0.463152 0.578362 0.678271 -0.139313 0.045836 0.181530 0.553472 -0.014053 -0.093614 0.097060 0.211688 -0.039104 0.008477 0.023891 0.083392 -0.103221 0.071065 0.004968 -0.054891 0.178286 -0.351320 -0.021999 -0.223428 0.089820 -0.247966 -0.050378 0.013327 -0.487707 -0.557978 0.329901 -0.053049 -0.031716 -0.333224 -0.298702 -0.626286 -0.117645 0.394860 0.489854 0.669495 0.032599 -0.017617 0.090801 0.189789 -0.411780 -0.253965 -0.177232 -0.029835 -0.194552 0.099235 -0.071804 -0.218739 0.046317 -0.235975 -0.080341 -0.150179 0.034029 -0.046691 0.094516 -0.087751 0.087177 -0.108311 0.028361 0.093101 0.075025 0.134041 0.140650 0.162352 0.331534 0.292870 -0.379945 -0.202277 -0.248106 -0.045234 -0.221535 -0.042529 -0.114860 -0.091934 -0.171228 0.235118 -0.034688 0.221314 0.616021 -0.213900 -0.080628 0.065297 -0.165626 0.084880
-0.302083 -0.322646 0.483043 -0.143935 0.592843 0.292519 0.241014 -0.108718 0.238597 -0.033665 -0.226654 -0.436983 -0.329620 -0.518026 0.128645 -0.272780 -0.316272 -0.509767 0.010652 -0.111588 0.687036 0.372332 0.290112 0.270511 0.589351 0.453615 1.000000 0.714816 -0.321499 -0.490643 0.298640 0.198810 -0.296453 -0.312707 0.318115 0.109841 0.201233 -0.372337 0.164210 0.090962 0.069111 -0.256153 0.185489 0.034080 -0.007838 -0.117769 0.253484 0.242870 0.154572 -0.278790 0.029002 -0.240582 0.306749 0.019480 0.084271 -0.031649 -0.168276 -0.257914 0.129469 -0.157628 -0.291676 -0.592998 -0.459879 -0.666693 -0.050008 0.037332 0.364335 0.340696 0.093193 0.216547 -0.030918 0.024961 -0.601381 -0.498668 -0.349588 -0.419230 -0.353601 -0.047456 -0.265824 -0.237922 -0.128375 -0.363104 0.241261 -0.168316 0.103102 0.059334 -0.061037 0.107092 0.180400 -0.239114 0.180675 0.303805 0.066065 0.537533 0.384772 -0.023782 0.572636 0.269418 0.003402 -0.019001 -0.200292 0.108028 0.011880 0.335863 0.171762 -0.152282 0.071652 0.288987 0.097506 0.202987 0.468615 -0.337698 0.082185 0.013255 -0.116791 0.007059
-0.213138 -0.173590 0.460857 -0.222454 0.650934 0.550864 0.103819 -0.172782 0.261119 0.006024 -0.271614 -0.386427 -0.323153 -0.498713 -0.155321 -0.302716 -0.203348 -0.303301 -0.030232 -0.082891 0.566643 0.396514 0.280695 0.268556 0.582718 0.559493 0.714816 1.000000 -0.498425 -0.505036 0.366982 0.239949 -0.194955 -0.310496 0.223701 0.289510 -0.089843 -0.410789 0.108834 0.021741 -0.205785 -0.358979 0.207065 0.143306 0.158095 0.122596 0.119383 0.092970 0.266138 -0.178436 0.107693 -0.113333 0.174450 0.087458 -0.198514 -0.183331 -0.010083 -0.090137 0.228665 -0.004170 -0.259514 -0.483102 -0.296745 -0.524428 -0.053425 0.079965 0.489844 0.533517 0.120096 0.153483 -0.028059 0.025096 -0.544396 -0.349578 -0.327364 -0.310698 -0.242199 -0.129640 -0.236939 -0.202937 -0.077767 -0.330701 -0.080447 -0.362273 -0.006782 -0.182018 0.068458 -0.244287 -0.060305 -0.197295 -0.028483 0.233576 -0.017195 0.428789 0.127744 0.057170 0.318595 0.211616 -0.050536 0.126950 -0.197337 0.263875 0.030049 0.294107 0.276003 0.180528 -0.038136 0.234667 0.034952 0.017610 0.469082 -0.085208 0.052213 0.033284 0.061966 0.157976
0.249336 0.151779 -0.357094 0.098882 -0.361819 -0.393608 -0.130892 0.004861 -0.394228 -0.426078 0.286185 0.237159 0.598745 0.189361 0.115801 0.075070 0.513700 0.547800 0.092830 0.013571 -0.047826 -0.034569 -0.389473 -0.418683 -0.345449 -0.407755 -0.321499 -0.498425 1.000000 0.761626 -0.219409 -0.281317 0.332860 0.233497 -0.254101 -0.572595 0.339196 0.206986 0.108606 -0.062934 0.215369 0.152708 -0.076647 -0.036330 -0.011231 -0.186742 0.111038 -0.004850 -0.298606 0.223191 -0.346154 0.081673 0.132885 0.043220 0.270386 0.149348 0.331955 0.240649 -0.550226 -0.153602 0.024974 0.164130 0.452105 0.596222 -0.134839 -0.398154 -0.544727 -0.642011 -0.251458 -0.095845 -0.058956 -0.231587 0.666020 0.142032 0.119144 0.027346 0.085954 -0.090128 0.350572 0.471709 0.441699 0.623870 0.280477 0.494395 -0.172399 0.314303 -0.155904 0.355082 -0.070543 0.034859 -0.206950 -0.383452 -0.368214 -0.351714 -0.092856 -0.146874 0.016842 -0.241884 0.143978 -0.042713 0.080690 -0.005311 -0.026350 -0.159745 -0.236111 -0.342397 0.099363 -0.414542 0.056635 -0.024276 -0.333288 0.049439 -0.105415 0.211760 -0.075015 -0.110091
0.349910 0.347199 -0.546357 0.039335 -0.532433 -0.415734 -0.410501 -0.003559 -0.541448 -0.375459 0.070590 0.170111 0.361490 0.248111 -0.191848 0.109279 0.587739 0.662700 0.109667 0.061707 -0.175357 0.006477 -0.519360 -0.495576 -0.342944 -0.463152 -0.490643 -0.505036 0.761626 1.000000 -0.282229 -0.335264 0.341674 0.144365 -0.311946 -0.494863 0.276104 0.233200 0.160941 -0.060164 0.229062 0.373486 -0.087204 -0.091625 0.012471 -0.164522 -0.033916 -0.033021 -0.309904 0.301002 -0.247093 0.188815 -0.055770 0.009272 0.090579 0.097390 0.345878 0.311821 -0.630974 -0.052893 -0.148301 0.252801 0.628080 0.741734 -0.288840 -0.521014 -0.564418 -0.638723 -0.161146 -0.097042 0.084778 -0.063751 0.760280 0.516272 0.325663 0.124366 0.278765 0.026049 0.477411 0.572874 0.515499 0.720111 0.157618 0.478435 -0.197689 0.276146 -0.299155 0.297633 -0.356674 -0.022570 -0.174453 -0.439521 -0.298101 -0.456390 -0.217739 -0.044213 -0.185517 -0.168059 0.116630 0.022699 0.123263 0.079553 0.094357 -0.104040 -0.197034 -0.188066 -0.005810 -0.270523 0.024301 -0.002009 -0.372457 0.230402 -0.090207 0.041909 -0.006423 -0.070849
-0.320895 -0.376017 0.719316 -0.030873 0.211042 0.259024 0.281057 0.219626 0.362615 0.291147 0.027047 0.044386 -0.173677 0.061293 0.108795 0.237994 -0.379457 -0.236105 -0.300781 -0.360380 0.091604 0.078857 0.467999 0.448054 0.677811 0.578362 0.298640 0.366982 -0.219409 -0.282229 1.000000 0.776396 0.073009 0.177958 0.461199 0.480576 -0.165704 -0.035162 -0.047723 0.198466 -0.101879 0.032509 -0.146874 0.103752 -0.216445 -0.014848 -0.078602 -0.274834 -0.196552 -0.289675 0.067768 -0.299135 -0.074205 -0.219142 -0.155427 -0.062118 -0.348128 -0.399216 0.085692 -0.410175 0.140002 -0.175667 -0.332522 -0.352686 0.231936 0.362571 0.231239 0.338130 -0.215084 -0.159835 0.180836 0.377083 -0.302100 -0.075832 -0.011254 0.345988 -0.001849 0.288205 -0.044414 -0.068511 -0.248135 -0.241262 -0.140740 -0.042634 -0.067596 -0.167207 -0.144224 -0.198799 -0.116854 -0.062995 -0.224769 -0.101520 -0.094981 -0.076920 -0.173720 0.077040 0.042228 0.013369 -0.486535 -0.271845 -0.415801 -0.261284 -0.459370 -0.080274 -0.259804 0.018818 -0.326795 0.056010 -0.245056 0.005975 0.413242 -0.197945 -0.151590 0.064233 -0.124751 -0.029753
-0.455432 -0.592535 0.604333 0.017184 0.166142 0.362039 0.141281 0.443281 0.395525 0.421325 0.058874 0.199420 -0.233727 0.155386 0.128090 0.428770 -0.417955 -0.293513 -0.407737 -0.364477 0.046090 0.119054 0.398114 0.484729 0.613325 0.678271 0.198810 0.239949 -0.281317 -0.335264 0.776396 1.000000 -0.167061 0.236375 0.384606 0.492896 -0.061129 0.051232 0.013587 0.395050 0.048288 0.170755 -0.240089 -0.084616 -0.356570 -0.075691 -0.214327 -0.367627 -0.206214 -0.396665 -0.044476 -0.377122 -0.104961 -0.364034 -0.242382 0.092443 -0.485419 -0.585255 0.099690 -0.246150 0.241260 -0.064435 -0.316794 -0.518417 0.205089 0.553373 0.182313 0.409467 -0.200137 -0.043730 0.222695 0.370064 -0.376110 -0.109435 0.045403 0.313100 -0.082561 0.228099 0.001064 -0.125014 -0.142906 -0.220665 -0.005434 0.202359 -0.008895 -0.009044 -0.207202 -0.070115 -0.003593 -0.056159 -0.068982 0.009069 0.007715 -0.047697 -0.221446 -0.030166 0.002633 -0.049285 -0.532743 -0.350340 -0.392864 -0.291548 -0.519825 -0.117448 -0.471710 -0.091060 -0.330499 0.061024 -0.261712 -0.033340 0.336185 -0.292685 -0.281222 -0.026632 -0.347763 -0.210197
0.261058 0.425132 -0.032471 -0.032018 -0.241533 -0.272793 0.013054 0.060318 -0.301453 -0.340045 -0.077078 -0.005776 0.116138 0.134574 -0.200790 -0.051610 0.305178 0.343407 0.104411 0.033428 -0.233864 -0.107002 -0.401728 -0.411493 0.025834 -0.139313 -0.296453 -0.194955 0.332860 0.341674 0.073009 -0.167061 1.000000 0.572075 0.071163 -0.175172 -0.128570 0.313633 -0.074056 -0.169120 -0.146646 0.200551 0.135147 0.317189 -0.040418 0.018850 0.023079 0.025178 -0.210188 0.039214 -0.427657 -0.038326 -0.103493 -0.066222 0.196646 -0.079045 0.232745 0.402525 -0.245373 -0.223771 0.069155 0.056623 0.113522 0.440552 -0.227524 -0.262333 0.058743 -0.120000 -0.040127 -0.095753 -0.009149 0.074263 0.461970 0.403071 0.378371 0.418264 0.490930 0.393340 0.277678 0.253630 0.165843 0.281054 -0.300410 -0.116393 -0.258656 -0.240528 0.118974 -0.237449 -0.249485 -0.170203 -0.471833 -0.470431 -0.418891 -0.382046 -0.129476 -0.022967 -0.043132 0.018079 -0.017265 0.028411 0.033787 0.051225 0.005734 -0.143064 0.048176 0.117520 0.156611 -0.161646 -0.088135 0.010279 0.033956 0.386293 -0.112035 0.180268 0.212691 0.153159
-0.012350 0.017361 0.001486 -0.008201 -0.139684 -0.092891 0.083271 0.303217 0.070453 -0.042547 0.013794 0.214685 0.187519 0.397773 0.108297 0.300194 0.225436 0.282611 -0.130442 0.124146 -0.275663 -0.084884 -0.161224 -0.131786 0.007431 0.045836 -0.312707 -0.310496 0.233497 0.144365 0.177958 0.236375 0.572075 1.000000 0.051761 0.156962 -0.152810 0.256599 -0.254817 -0.122008 -0.158592 0.199917 -0.152088 0.012256 -0.326814 -0.108036 -0.260802 -0.351265 -0.445396 -0.185216 -0.515313 -0.361544 -0.158258 -0.337915 -0.034860 -0.173052 0.019455 0.143762 -0.201125 -0.079611 0.411921 0.301066 0.108204 0.265095 0.033197 0.168484 -0.039670 0.047904 -0.055343 0.020216 -0.016668 0.063322 0.198440 0.283881 0.412968 0.515629 0.411336 0.301019 0.388884 0.305424 0.188308 0.275210 -0.154756 0.169962 -0.194669 -0.266900 0.023951 -0.151334 0.022058 -0.148326 -0.191819 -0.256613 -0.228366 -0.320166 -0.298464 -0.010976 -0.168081 -0.109378 -0.099258 -0.041683 0.115657 -0.012854 -0.141471 -0.209324 -0.200250 0.059692 0.011573 -0.097076 -0.065309 0.040136 -0.050976 0.113703 -0.207631 0.104172 -0.055818 0.021015
-0.426532 -0.331643 0.428266 -0.048117 0.265393 0.215297 0.238791 0.129933 0.319223 0.204199 -0.019564 0.057126 -0.174445 0.053654 0.311265 0.178426 -0.253375 -0.231494 -0.321248 -0.177806 -0.058733 0.024351 0.439693 0.310042 0.341623 0.181530 0.318115 0.223701 -0.254101 -0.311946 0.461199 0.384606 0.071163 0.051761 1.000000 0.337944 -0.076928 0.114315 -0.125854 0.103850 0.001883 0.096861 -0.067237 0.149761 -0.081457 0.004023 0.018079 -0.027094 -0.100910 -0.126940 0.021382 -0.251911 -0.055987 -0.217312 0.047665 0.077206 -0.223142 -0.236857 -0.047386 -0.342648 0.074127 -0.060810 -0.497347 -0.333577 0.262645 0.358839 0.194847 0.302106 -0.280382 -0.116240 0.185068 0.371770 -0.279799 -0.091600 0.083756 0.147304 0.021715 0.344280 -0.162745 -0.063946 -0.266520 -0.322834 -0.164133 -0.084706 0.078794 -0.178634 -0.087129 -0.182581 0.029250 -0.148389 -0.113069 -0.013837 -0.021475 0.008861 -0.145489 -0.098668 0.101704 -0.077726 -0.415270 -0.327864 -0.302821 -0.365824 -0.416090 0.044308 -0.019001 0.089757 -0.194561 0.089412 -0.317088 -0.070180 0.271127 -0.121447 -0.078999 0.045285 -0.175280 -0.114667
-0.424907 -0.328662 0.325270 -0.040672 0.190444 0.382695 0.062598 0.111339 0.410898 0.468308 -0.172636 0.041433 -0.309218 0.069799 0.091421 0.313038 -0.323072 -0.218835 -0.554381 -0.311525 -0.064744 -0.095214 0.425936 0.406101 0.392305 0.553472 0.109841 0.289510 -0.572595 -0.494863 0.480576 0.492896 -0.175172 0.156962 0.337944 1.000000 -0.288094 0.086934 -0.099010 0.142232 -0.176396 0.108086 -0.129113 0.054654 -0.139995 0.244275 -0.248397 -0.236181 -0.002702 -0.262892 0.209252 -0.212967 -0.328697 -0.424377 -0.256958 -0.062730 -0.348788 -0.311712 0.331003 -0.177850 0.240913 -0.021145 -0.268330 -0.390306 0.255325 0.652500 0.430291 0.725690 -0.188835 -0.295701 0.077668 0.237069 -0.411918 -0.028259 0.042522 0.251235 0.070966 0.251427 -0.051109 -0.156407 -0.198027 -0.320212 -0.316904 -0.294891 0.164630 -0.224632 0.176040 -0.291985 0.118212 0.063416 -0.086816 -0.038171 0.183893 -0.145229 -0.197447 0.141301 -0.082991 -0.029181 -0.474126 -0.270634 -0.183209 -0.239406 -0.279622 -0.231135 -0.148774 0.153017 -0.262848 0.144928 -0.191738 -0.060009 0.328291 -0.156975 -0.015855 -0.155133 -0.169187 0.032598
