1.000000 0.346032 0.080082 -0.165379 -0.011380 -0.059704 -0.062171 -0.313815 -0.042784 -0.167780 0.186561 -0.078190 -0.075237 -0.064037 -0.067483 -0.067824 0.225981 0.228492 0.395774 0.098916 0.045398 -0.112837 -0.256423 -0.351594 -0.297224 -0.196958 -0.174357 -0.136612 0.042293 -0.012288 -0.172225 -0.185806 0.425672 0.254751 -0.306305 -0.152023 -0.012907 0.127804 0.032116 -0.135978 -0.120044 -0.218828 0.042290 -0.091383 -0.125169 -0.272254 -0.068190 -0.150280 -0.077011 -0.200950 -0.073726 -0.151798 0.014722 -0.046026 0.082792 -0.093969 0.425189 0.260165 0.352608 -0.080874 0.325224 0.043095 0.380524 0.105324 0.024079 -0.247701 0.080802 -0.253130 0.107826 0.217089 0.150774 -0.269232 0.102134 -0.047142 0.125109 0.106838 0.312636 0.064974 -0.027764 0.241197 0.138429 0.191778 -0.181409 -0.100086 -0.054093 -0.047561 0.071393 0.052533 0.072218 -0.116023 -0.050812 -0.249337 -0.143288 -0.198530 -0.067766 -0.341153 0.057258 -0.337292 -0.023109 -0.155003 0.066239 0.155902 -0.141435 0.243984 -0.014895 -0.010923 0.111603 0.072027 -0.034676 -0.217168 -0.056797 0.066261 0.067808 0.209602 0.224044 0.081906
0.346032 1.000000 -0.036017 -0.221122 -0.070508 -0.215328 -0.173697 -0.195439 -0.226299 -0.126633 0.029290 -0.129142 -0.217055 0.037572 -0.220308 -0.291838 0.245331 0.327811 0.227375 -0.093933 -0.018467 -0.037220 -0.430147 -0.555785 -0.314613 -0.338691 -0.100873 -0.184835 -0.155948 0.031109 -0.157486 -0.443660 0.339632 0.077501 -0.098798 -0.072297 -0.089056 0.372691 -0.068278 0.035623 -0.097077 -0.003545 0.176853 0.159848 -0.206296 -0.203330 -0.068936 0.001402 0.070740 -0.238016 -0.100196 -0.115038 0.031624 -0.155608 0.081715 0.167692 0.338489 0.644973 0.152068 0.278840 0.297108 0.283287 0.321492 0.272910 -0.272076 0.008902 0.104399 -0.014905 0.176879 0.163079 0.144700 -0.166460 -0.004148 0.033037 -0.083546 0.088496 0.172692 0.025981 -0.013277 0.403482 -0.030009 0.156884 -0.460975 -0.392129 -0.286804 -0.087064 -0.197605 -0.175474 0.044501 0.090277 -0.171285 -0.413433 -0.110563 -0.339137 -0.147725 -0.244600 0.207397 -0.162475 0.056417 -0.076078 0.111072 0.148522 0.271953 0.112726 0.070764 -0.033851 -0.004008 0.244971 0.200239 -0.154570 -0.113067 0.035525 -0.105315 0.182154 0.374988 0.089758
0.080082 -0.036017 1.000000 0.180219 0.136784 -0.155338 0.271686 -0.121343 0.123559 -0.319654 0.008195 -0.074445 -0.005568 -0.204625 0.017699 -0.109751 0.075422 -0.131486 0.112066 0.438409 0.072758 -0.261603 0.319847 -0.095929 0.183220 -0.011763 0.090158 -0.030314 -0.011681 -0.175227 0.226591 0.201554 0.048978 -0.007150 0.182362 0.036051 -0.080095 -0.140084 -0.054384 -0.294330 -0.033157 -0.096839 -0.304862 -0.421663 -0.120251 -0.132221 -0.158741 -0.302579 -0.134240 -0.057792 0.220829 -0.023483 0.101853 0.200599 0.062874 -0.194461 0.045851 0.113064 0.200167 0.088399 0.048963 -0.127731 -0.010768 0.166415 0.063378 -0.347845 0.269844 -0.060366 0.009575 0.228002 -0.044015 -0.309871 -0.055471 -0.040484 -0.028562 0.131247 0.048165 0.065660 -0.036028 -0.098436 -0.190684 -0.165603 0.078562 0.146399 -0.118111 -0.106004 0.152188 0.077844 -0.075286 -0.322914 -0.030606 0.233142 -0.151389 0.299318 -0.129348 -0.222836 -0.216695 -0.145938 0.031835 -0.056847 -0.064312 -0.007639 -0.229790 0.188999 -0.017372 0.038016 0.102022 -0.027445 -0.012495 -0.227015 -0.130160 -0.048715 -0.018906 -0.111699 0.036076 0.078364
-0.165379 -0.221122 0.180219 1.000000 -0.063555 0.163246 -0.021769 0.207390 0.116159 -0.211555 0.004363 0.232031 0.047645 0.124971 0.269368 0.341477 -0.348143 -0.246598 -0.097587 0.229935 -0.081051 -0.099863 0.432418 0.421696 -0.033508 -0.093714 0.126916 0.004963 -0.143971 -0.020594 0.004225 0.452548 -0.447873 -0.171303 0.177838 -0.050849 -0.080120 -0.033210 -0.223722 -0.208126 -0.208040 -0.074341 -0.199447 -0.373346 -0.197686 -0.362043 -0.026177 -0.370857 -0.170407 0.227421 0.299232 0.136586 -0.141851 0.072977 -0.253230 -0.233906 -0.291355 -0.296957 -0.359782 -0.030132 -0.463904 -0.322975 -0.289535 -0.145231 0.336925 0.091275 -0.263823 -0.295265 -0.266361 -0.268473 -0.108621 0.077943 -0.276638 -0.149352 -0.178001 -0.021461 -0.046429 0.081854 -0.048366 0.000448 -0.074312 -0.161262 0.293125 0.659014 0.391780 0.509765 0.086882 0.393040 -0.060264 0.004706 0.347343 0.344883 0.520735 0.224536 -0.014086 -0.128929 -0.180431 -0.172376 -0.131321 -0.175722 -0.071621 -0.348629 -0.153328 -0.179895 -0.029444 0.033310 0.129570 0.062274 -0.050968 0.000137 -0.252495 0.020632 0.051243 -0.235820 -0.084014 -0.114523
-0.011380 -0.070508 0.136784 -0.063555 1.000000 0.247542 -0.123139 -0.044103 0.401413 0.239185 -0.261466 -0.310396 0.213764 0.106466 -0.178195 -0.040405 -0.396550 -0.192975 -0.369631 -0.216764 0.006999 -0.089399 0.388758 0.181393 0.348330 0.168897 0.487038 0.203421 -0.157957 -0.181092 -0.166169 -0.101332 0.028996 -0.068985 0.247774 0.371635 -0.100238 -0.175925 0.101940 0.014215 -0.149622 -0.090045 0.024224 0.191823 0.188725 0.175863 -0.105446 0.110519 0.261292 -0.127571 0.213881 -0.132908 -0.263737 -0.165303 0.025575 -0.172919 -0.043038 0.071476 0.027840 0.189637 -0.209511 -0.129344 -0.152571 -0.241250 -0.085551 0.129623 0.159338 0.359335 0.040012 0.051871 -0.129277 -0.009702 -0.319260 -0.028402 -0.218875 -0.107390 0.006158 -0.033528 -0.212430 -0.046088 -0.242009 -0.234224 -0.009747 -0.095659 0.155832 -0.099579 0.012636 -0.175656 0.146264 0.112040 -0.296543 0.074883 -0.123362 0.224760 -0.096058 0.182949 -0.097961 0.010875 -0.061815 -0.059753 0.034338 -0.327059 0.046272 -0.126493 0.040359 0.111819 0.078997 -0.287872 0.065670 0.123112 0.253837 -0.041049 0.088393 0.151601 -0.084479 0.081346
-0.059704 -0.215328 -0.155338 0.163246 0.247542 1.000000 -0.097358 0.302802 0.119618 0.526961 -0.041822 0.217436 0.089091 0.484100 -0.195005 0.027384 -0.321106 -0.123736 -0.102398 -0.020490 -0.232493 0.176184 0.052563 0.429990 0.008961 -0.000311 0.320195 0.411900 -0.265178 -0.337836 -0.504511 -0.198200 -0.209198 -0.030887 0.042731 0.072453 -0.449085 -0.271182 -0.134451 0.029136 -0.277337 -0.291559 -0.099496 -0.082468 -0.089607 -0.079217 -0.128394 0.010286 0.422210 0.049654 0.183199 0.055482 -0.121889 -0.238584 -0.235876 -0.202800 -0.229409 -0.314770 -0.016049 0.324837 -0.117607 0.112808 -0.259633 -0.283123 -0.028141 0.525036 -0.006205 0.349304 -0.001873 0.101543 -0.254647 0.005175 -0.430593 -0.143845 -0.344806 -0.180399 -0.362795 -0.196537 -0.171919 -0.283323 -0.330836 -0.411643 -0.250936 -0.125922 0.072008 0.075505 -0.282332 -0.198322 0.216501 0.335498 0.055684 0.114516 0.441725 0.066892 0.125242 0.096198 -0.185783 0.191079 -0.178537 0.087546 -0.063487 -0.353623 0.050098 -0.081308 0.141204 0.220004 0.260109 -0.036103 -0.103311 -0.115038 0.217449 -0.119418 -0.064619 0.034195 0.105760 -0.213236
-0.062171 -0.173697 0.271686 -0.021769 -0.123139 -0.097358 1.000000 0.527218 0.397816 0.303737 -0.114233 0.096561 0.229857 0.107971 0.164081 -0.031357 -0.002417 -0.003634 -0.047038 -0.097107 -0.194357 -0.131598 -0.079636 -0.244095 0.071050 0.332937 -0.524071 -0.340123 0.241270 0.226166 0.127823 0.105902 0.048062 0.296505 -0.205741 -0.169158 -0.180053 -0.170718 -0.370459 -0.418722 0.141952 -0.136911 -0.293803 -0.371235 -0.067510 0.087718 -0.239903 -0.324315 -0.031159 0.064384 -0.385890 0.035503 0.141540 0.118761 -0.031310 -0.155606 -0.184418 -0.174075 0.007067 -0.056284 0.283533 0.319504 -0.065945 0.021220 0.405258 0.182811 -0.132772 -0.042892 -0.206883 -0.150103 -0.017932 -0.141352 0.131738 0.030455 0.002478 0.026444 -0.021305 -0.019303 -0.188593 -0.045693 -0.111448 -0.126895 -0.092485 -0.117226 -0.191690 -0.168877 -0.079721 -0.269451 -0.062299 0.065188 0.177675 0.250062 0.028776 0.270571 -0.092424 -0.178779 -0.267239 -0.207732 0.023533 -0.007171 0.000227 0.315913 -0.166455 0.152034 -0.128972 -0.090503 0.046569 0.034204 -0.023650 -0.145431 -0.289992 0.139957 0.311635 0.200135 -0.182390 0.156311
-0.313815 -0.195439 -0.121343 0.207390 -0.044103 0.302802 0.527218 1.000000 0.339111 0.525980 -0.143058 0.322819 0.000280 0.437062 0.213965 -0.000962 -0.338832 -0.075539 -0.233880 -0.132447 -0.381998 -0.129496 0.097604 -0.035471 0.078437 0.266523 -0.288136 -0.114151 -0.039103 0.188897 0.015783 0.163672 -0.370071 -0.065515 -0.215335 -0.211808 -0.378574 -0.215643 -0.469186 -0.366885 -0.063634 -0.400007 -0.118348 -0.227038 0.048469 0.122381 -0.073586 -0.171175 0.208804 0.485348 -0.238603 0.449849 0.033681 0.192190 -0.206813 -0.066101 -0.494154 -0.542108 -0.264831 0.221077 -0.130508 0.311893 -0.403552 -0.333353 0.318058 0.508238 -0.377491 -0.067790 -0.457569 -0.432094 0.011914 0.101063 -0.055131 0.083971 -0.144629 -0.002552 -0.203487 -0.004390 -0.272795 -0.230139 -0.306626 -0.422973 -0.065075 -0.034536 -0.025269 -0.034471 -0.306198 -0.250938 -0.102558 0.246955 0.359504 0.354056 0.385344 0.160423 -0.003310 -0.191087 -0.274826 -0.170018 -0.027909 0.063105 0.121149 0.001208 0.059039 -0.066813 0.117875 0.100252 0.177838 0.104846 -0.083001 -0.130843 -0.231167 0.170024 0.329445 0.221880 -0.052116 0.048452
-0.042784 -0.226299 0.123559 0.116159 0.401413 0.119618 0.397816 0.339111 1.000000 0.247060 -0.142995 0.026843 0.364602 0.049266 0.272108 0.152902 -0.208175 -0.034234 -0.355382 -0.248243 -0.198071 -0.161256 0.179617 0.010760 0.312232 0.287971 -0.225448 -0.397894 0.371338 0.308993 0.101166 0.170253 -0.139573 -0.009879 -0.099275 -0.214897 -0.096352 -0.037083 -0.154402 -0.193112 -0.039709 -0.029887 -0.039027 -0.102386 0.321508 0.267670 0.042514 -0.211706 0.026576 0.159784 -0.310355 0.121092 -0.029698 0.060656 0.054102 -0.195930 -0.188434 -0.136920 -0.033996 -0.027939 0.036297 0.106378 -0.255686 -0.084040 0.155867 0.044884 -0.256791 -0.082566 -0.286536 -0.338716 -0.139051 -0.030335 0.050411 -0.137319 -0.192390 -0.073874 0.083006 -0.022986 -0.143834 -0.059608 -0.161536 -0.198186 0.160537 0.165278 -0.210623 -0.209346 -0.078525 -0.291644 0.000660 -0.002927 0.158906 0.488717 0.009886 0.490209 -0.196893 0.127442 -0.288317 -0.145445 0.134508 0.069908 0.139718 -0.035284 0.000429 -0.113714 -0.142016 -0.060396 0.136369 -0.152159 -0.045317 -0.029600 -0.231709 -0.032354 0.183579 0.087827 -0.330430 -0.032154
-0.167780 -0.126633 -0.319654 -0.211555 0.239185 0.526961 0.303737 0.525980 0.247060 1.000000 -0.130735 0.112909 0.235620 0.498408 -0.021377 -0.065466 -0.096280 0.017771 -0.216550 -0.287645 -0.393165 0.057727 -0.187147 0.089710 -0.018982 0.195163 -0.151172 0.049340 0.048346 -0.024140 -0.391657 -0.269536 -0.003427 0.082729 -0.297669 0.013452 -0.314288 -0.261289 -0.181380 -0.140814 -0.111417 -0.237081 -0.019632 0.112001 -0.033310 0.186915 -0.078463 0.066861 0.302010 -0.037603 -0.254802 0.043874 -0.000068 -0.173755 -0.108431 -0.205470 -0.249910 -0.276236 -0.077006 0.203892 0.079909 0.333599 -0.136919 -0.162209 0.063669 0.528542 -0.126065 0.378151 0.038059 -0.018368 -0.050380 0.105995 -0.134980 0.036906 -0.168255 -0.120129 -0.248540 -0.195735 -0.111001 -0.170035 -0.121194 -0.245028 -0.322806 -0.378987 -0.097219 -0.166857 -0.288162 -0.429935 0.063009 0.376412 -0.031988 0.085778 0.194179 0.002842 0.031413 0.187160 -0.017879 0.270331 -0.107981 0.099878 0.189253 -0.022637 0.072586 -0.068638 0.051212 0.001218 0.121286 -0.059096 -0.027193 -0.069007 0.228467 0.111973 0.161801 0.312688 -0.151086 0.157695
0.186561 0.029290 0.008195 0.004363 -0.261466 -0.041822 -0.114233 -0.143058 -0.142995 -0.130735 1.000000 0.374485 0.271619 0.225519 0.381414 0.265045 0.156971 -0.164202 0.251929 0.124391 -0.204255 -0.221098 -0.064183 -0.032752 -0.267981 -0.322342 -0.186473 -0.113838 0.029881 -0.177468 -0.082718 -0.058111 -0.021671 -0.173767 -0.192431 -0.262983 0.010964 0.155947 0.125310 0.218575 -0.033411 -0.019322 0.031867 -0.118003 -0.139644 -0.291381 0.115453 0.069699 0.058691 -0.146898 0.161571 0.057009 0.059482 0.082512 0.027656 0.058903 -0.093443 -0.177469 0.044724 -0.005100 0.038701 -0.156979 -0.038806 -0.046855 -0.071950 -0.217614 -0.169448 -0.100080 0.102592 0.083318 -0.054248 -0.121856 -0.005440 -0.079547 0.115583 0.082616 0.053782 -0.019202 0.234586 0.048874 0.050283 0.050403 -0.003698 0.105676 0.079390 0.244916 0.052811 0.173727 -0.023277 0.200802 0.145065 0.173345 0.004479 -0.114953 -0.089628 -0.025924 0.151531 -0.016549 0.099521 -0.045014 -0.171007 -0.111866 -0.193209 0.011150 -0.146668 -0.254653 -0.213116 0.025757 -0.227355 0.017427 0.112973 0.093466 0.089057 -0.201072 0.126214 -0.243180
-0.078190 -0.129142 -0.074445 0.232031 -0.310396 0.217436 0.096561 0.322819 0.026843 0.112909 0.374485 1.000000 0.168847 0.555843 0.237997 0.269052 -0.101095 0.043523 0.091636 0.049092 -0.303759 -0.238421 -0.062515 0.175609 -0.182028 -0.135506 -0.138232 -0.066840 -0.003439 -0.126818 -0.060870 0.141423 -0.162241 -0.088941 -0.364950 -0.441748 -0.316016 0.098561 -0.075558 0.062000 -0.365421 -0.350009 -0.078367 -0.236061 -0.092325 -0.230473 0.022247 -0.027035 0.113284 0.309577 0.083786 0.394779 0.077433 0.231927 0.026716 0.178363 -0.403994 -0.481333 -0.114812 -0.079764 -0.251094 0.024502 -0.423987 -0.348300 -0.038616 0.141501 -0.295398 -0.117571 -0.203271 -0.289315 -0.044918 0.032964 -0.165389 -0.135590 -0.183576 -0.153957 -0.278550 -0.163091 0.040685 -0.069827 -0.272639 -0.299535 -0.062737 0.085689 0.057451 0.179899 -0.133462 -0.003611 -0.133327 0.223769 0.372859 0.272670 0.411266 0.149769 -0.004487 0.025432 -0.015749 -0.003547 -0.047065 0.088366 0.082541 -0.101054 -0.088384 -0.056551 0.175804 0.066289 0.000795 0.202628 -0.078932 -0.127407 -0.154504 0.159354 0.101384 0.138691 0.222588 -0.151819
-0.075237 -0.217055 -0.005568 0.047645 0.213764 0.089091 0.229857 0.000280 0.364602 0.235620 0.271619 0.168847 1.000000 0.351566 0.435236 0.229111 -0.144109 -0.168246 -0.264526 -0.076617 -0.248298 0.012628 0.253133 0.285489 -0.038985 -0.024847 -0.117670 -0.236137 0.214132 -0.153576 -0.057846 0.103729 -0.205844 -0.039662 0.030826 -0.006517 -0.160783 -0.231546 0.105644 0.045656 -0.088348 -0.041637 0.144966 -0.029863 -0.008484 0.011895 0.156751 0.093159 0.191828 -0.049252 -0.073416 -0.001191 -0.107093 -0.033489 0.056415 -0.171917 -0.252150 -0.213666 -0.099755 -0.177364 -0.088580 -0.093686 -0.212792 -0.228305 0.098923 0.004358 -0.256861 0.045328 0.099027 -0.030811 -0.157130 -0.016608 -0.299275 -0.358295 -0.267317 -0.250818 -0.284140 -0.223329 0.087877 -0.097855 -0.045785 -0.011910 0.200176 0.151815 0.244696 0.115461 0.244243 0.077825 0.143251 0.222982 -0.019499 0.343634 0.027508 0.348863 0.046501 0.272195 -0.087227 0.134973 -0.010899 -0.239650 -0.157366 -0.295946 -0.399849 -0.368191 -0.236770 -0.070444 -0.159362 -0.083959 -0.034935 0.172485 -0.000875 -0.077097 -0.010930 -0.123762 -0.205975 -0.142137
-0.064037 0.037572 -0.204625 0.124971 0.106466 0.484100 0.107971 0.437062 0.049266 0.498408 0.225519 0.555843 0.351566 1.000000 0.100553 0.101883 -0.244491 -0.030181 -0.198837 -0.208047 -0.381710 -0.003932 0.009469 0.221767 -0.304209 -0.225323 -0.004565 0.088396 -0.082844 -0.222593 -0.409635 -0.109467 -0.155524 -0.130008 -0.181118 -0.165949 -0.419175 -0.068717 -0.192359 -0.119646 -0.435598 -0.445666 0.070044 -0.071310 -0.200236 -0.232661 -0.080466 0.029861 0.372870 0.018519 0.064275 0.092176 -0.188271 -0.054741 -0.142594 -0.077884 -0.352108 -0.404360 -0.109071 0.149581 -0.220566 0.064064 -0.303885 -0.434606 0.035318 0.529744 -0.257057 0.094488 -0.038691 -0.248218 -0.009736 -0.036918 -0.383673 -0.143546 -0.366974 -0.147151 -0.317068 -0.222429 0.040410 -0.087560 -0.274760 -0.239654 -0.262348 -0.133590 0.272501 0.365139 -0.276331 -0.102724 0.245541 0.428799 0.113088 0.126198 0.507071 0.108039 -0.057420 0.037060 -0.154996 0.010146 -0.103813 -0.027382 0.110176 -0.167334 0.074755 -0.209875 0.060776 -0.064279 -0.115284 0.223306 -0.098496 -0.122822 -0.156642 0.120770 0.145569 0.199375 0.135067 -0.157379
-0.067483 -0.220308 0.017699 0.269368 -0.178195 -0.195005 0.164081 0.213965 0.272108 -0.021377 0.381414 0.237997 0.435236 0.100553 1.000000 0.401551 -0.054547 -0.088552 -0.105133 0.025617 -0.288436 -0.108085 0.250169 0.066726 -0.107196 -0.133498 -0.344555 -0.442165 0.384613 0.217756 0.128427 0.263894 -0.343656 -0.263615 -0.319167 -0.404064 0.102998 -0.063428 0.037331 -0.168393 -0.016868 -0.014724 0.000600 -0.197366 0.056813 -0.228617 0.216451 -0.150734 -0.195465 0.289815 -0.088827 0.332261 0.139056 0.398875 0.094816 0.019879 -0.413939 -0.385751 -0.224962 -0.142203 -0.165538 -0.199640 -0.122314 -0.075095 0.175299 -0.277028 -0.470466 -0.455683 -0.296474 -0.396025 -0.060714 -0.056350 0.142233 -0.186683 -0.104569 -0.102090 -0.001589 -0.009318 0.089920 -0.039500 0.112372 0.055222 0.478770 0.468424 0.115909 0.178818 0.306578 0.242917 -0.028235 -0.024869 0.452057 0.557802 0.146375 0.275284 -0.070154 0.039348 0.025897 -0.053346 0.294157 -0.026633 0.109218 0.013516 -0.166286 -0.251812 -0.098766 -0.169459 -0.112528 0.084642 -0.118275 0.157361 -0.311889 0.153554 0.041082 -0.152035 -0.156525 -0.037677
-0.067824 -0.291838 -0.109751 0.341477 -0.040405 0.027384 -0.031357 -0.000962 0.152902 -0.065466 0.265045 0.269052 0.229111 0.101883 0.401551 1.000000 -0.178633 -0.137640 -0.224139 -0.221724 0.045922 -0.171327 0.252621 0.398976 0.072922 -0.004293 -0.026831 -0.106397 0.161164 0.016227 -0.064105 0.213450 -0.248147 -0.145179 -0.081846 -0.090698 0.080241 -0.090124 0.192976 0.173057 0.024090 0.127242 0.142216 0.144767 0.201770 0.050987 0.238404 0.099727 -0.113553 0.285299 0.164035 0.165411 0.044470 0.064918 0.111847 0.095101 -0.240563 -0.348166 -0.225015 -0.181197 -0.182519 -0.332455 -0.130074 0.001175 0.006163 -0.103603 -0.245974 -0.121374 -0.227471 -0.258614 -0.182678 -0.027738 -0.073126 -0.353477 -0.191566 -0.304803 -0.231501 -0.316089 -0.006162 -0.222516 0.018336 -0.090403 0.406166 0.496254 0.150534 0.301902 0.251251 0.264181 0.021095 0.135583 0.303833 0.228900 0.048087 0.052092 -0.026762 0.055497 -0.006397 -0.065795 0.184981 0.173185 -0.176777 -0.262048 -0.272472 -0.314278 -0.169168 -0.154345 -0.078435 -0.026478 0.071505 0.017882 -0.111597 -0.029205 0.013215 -0.295471 -0.216881 -0.289272
0.225981 0.245331 0.075422 -0.348143 -0.396550 -0.321106 -0.002417 -0.338832 -0.208175 -0.096280 0.156971 -0.101095 -0.144109 -0.244491 -0.054547 -0.178633 1.000000 0.300869 0.242478 0.156703 -0.032107 0.097965 -0.553162 -0.390297 -0.165361 -0.270130 -0.253837 -0.170343 0.453770 0.197598 0.125505 -0.161369 0.361259 0.004416 -0.106802 -0.313208 0.222882 0.199305 -0.055306 -0.029445 0.143061 0.103070 -0.075220 0.012190 -0.113515 -0.143129 0.083613 -0.014408 -0.167749 -0.206536 -0.067993 0.036218 0.523620 0.214005 0.213518 0.129483 0.262362 0.222790 0.301487 -0.080861 0.501614 0.144418 0.431932 0.438765 -0.249411 -0.425470 0.040257 -0.140970 0.036897 0.083325 0.294348 0.001711 0.346178 0.096118 0.250542 0.123532 0.114518 -0.069335 0.257832 0.158288 0.350126 0.393956 -0.217181 -0.205702 -0.450854 -0.180857 -0.005654 0.004140 -0.121755 -0.239196 -0.035340 -0.240888 -0.354565 -0.143200 -0.041411 0.010984 0.005375 0.070272 0.133229 0.037568 0.052813 0.416562 0.055526 0.215778 -0.090160 -0.087236 -0.231844 0.114099 0.016947 -0.146016 -0.023477 0.128122 -0.105176 -0.147191 -0.014716 -0.030917
0.228492 0.327811 -0.131486 -0.246598 -0.192975 -0.123736 -0.003634 -0.075539 -0.034234 0.017771 -0.164202 0.043523 -0.168246 -0.030181 -0.088552 -0.137640 0.300869 1.000000 0.000872 -0.198938 -0.055599 -0.120884 -0.577768 -0.313043 -0.215520 -0.267987 -0.379829 -0.377823 0.338643 0.330681 -0.104863 -0.241641 0.257857 -0.079443 -0.342946 -0.318494 0.161261 0.246342 0.061463 -0.095935 0.091956 0.028914 0.102271 0.116427 -0.031197 -0.060932 0.050180 -0.007818 -0.115080 -0.089527 -0.219155 -0.041272 0.138425 0.031716 0.178242 0.171482 0.261297 0.382883 0.040092 -0.000442 0.201942 0.215235 0.310243 0.292715 -0.111184 -0.126315 -0.112375 -0.198840 -0.101053 -0.109938 0.168824 -0.013629 0.400535 0.053756 0.160735 0.065936 0.094745 -0.016269 0.130423 0.062201 0.330142 0.286207 -0.141405 -0.156821 -0.183078 -0.024884 -0.037209 -0.131047 -0.033009 -0.005496 0.013524 -0.155476 -0.112997 -0.212694 -0.046780 0.135108 0.220400 -0.027737 0.290576 0.266604 0.217816 0.396849 0.086504 -0.075152 -0.134077 -0.160763 -0.041154 0.016112 0.097095 0.071779 -0.229576 0.113342 -0.049187 0.267315 0.034087 0.062227
0.395774 0.227375 0.112066 -0.097587 -0.369631 -0.102398 -0.047038 -0.233880 -0.355382 -0.216550 0.251929 0.091636 -0.264526 -0.198837 -0.105133 -0.224139 0.242478 0.000872 1.000000 0.486007 -0.101160 0.005382 -0.253794 -0.295063 -0.256191 -0.208409 -0.149635 -0.052960 -0.120141 0.005111 0.069496 -0.055565 0.409055 0.422089 -0.187296 -0.188800 -0.021046 0.053512 -0.131933 -0.032091 0.123837 -0.029126 -0.171269 -0.260160 -0.307797 -0.318376 -0.215484 -0.069435 -0.244045 -0.193225 0.039659 -0.073330 0.079437 0.031407 -0.220290 0.025868 0.294702 0.224988 0.082647 -0.269851 0.065202 0.013425 0.093795 0.016591 0.010243 -0.232301 0.073114 -0.170394 0.307107 0.331075 0.051063 -0.202372 0.088996 0.171611 0.301898 0.111160 0.351413 0.213471 0.092311 0.365348 0.145454 0.162337 -0.128045 -0.052014 -0.090556 -0.200815 -0.026433 -0.017138 -0.104658 -0.259310 -0.011246 -0.134974 -0.007516 -0.298501 0.162209 -0.226391 0.112649 -0.004250 -0.142812 -0.045443 -0.199092 0.211693 -0.173853 0.363774 0.255976 0.121772 0.119050 0.044911 0.085385 -0.127489 0.099840 0.036638 -0.059066 0.049211 0.335014 0.145013
0.098916 -0.093933 0.438409 0.229935 -0.216764 -0.020490 -0.097107 -0.132447 -0.248243 -0.287645 0.124391 0.049092 -0.076617 -0.208047 0.025617 -0.221724 0.156703 -0.198938 0.486007 1.000000 -0.060403 -0.017513 0.240411 0.078999 0.099698 -0.100132 0.112711 0.111691 -0.107651 -0.172550 0.306168 0.316640 0.051282 0.203454 0.201546 -0.046931 -0.148168 -0.367676 -0.195288 -0.289514 -0.058186 -0.108392 -0.280491 -0.457187 -0.328343 -0.222392 -0.079916 -0.212307 -0.240055 -0.049743 0.190161 0.025756 0.009394 0.161692 -0.212615 -0.181337 -0.026053 -0.062843 -0.067500 -0.170828 -0.170026 -0.188936 -0.077521 -0.059390 0.288666 -0.314450 0.051638 -0.094428 0.133331 0.381643 -0.007003 -0.078735 -0.105037 0.030268 0.112854 0.084272 -0.047079 0.025164 0.204255 -0.104136 0.140887 0.024608 0.161327 0.293908 0.131393 -0.014313 0.220185 0.337504 -0.264545 -0.370502 -0.077856 0.103287 -0.078980 -0.108816 0.350078 -0.133567 -0.095710 0.072317 -0.169376 -0.219780 -0.310796 -0.042829 -0.232717 0.215914 0.261186 0.366134 0.152029 0.071031 -0.140722 -0.083409 0.099823 0.141165 -0.097656 -0.141217 0.183905 -0.043288
0.045398 -0.018467 0.072758 -0.081051 0.006999 -0.232493 -0.194357 -0.381998 -0.198071 -0.393165 -0.204255 -0.303759 -0.248298 -0.381710 -0.288436 0.045922 -0.032107 -0.055599 -0.101160 -0.060403 1.000000 0.322293 0.060200 0.081933 0.254185 0.229213 0.279690 0.291329 -0.120186 -0.061790 0.222489 0.032141 0.091235 0.053877 0.329614 0.420032 0.183040 0.028548 0.372795 0.311785 0.134906 0.334182 -0.043595 0.247119 0.028245 0.220762 -0.086074 -0.001650 -0.205007 -0.094592 0.119633 -0.150496 0.002469 -0.030832 0.183583 0.101727 0.173370 0.208926 0.209018 -0.042152 0.037105 -0.021406 0.253162 0.241407 -0.209979 -0.114414 0.268100 0.073227 0.055055 -0.020890 0.074099 0.059128 0.013883 0.017811 0.049866 -0.118983 -0.037546 0.027248 0.005289 -0.019236 0.035764 0.096527 0.106237 -0.007187 -0.029367 -0.002991 0.191154 0.067281 0.114744 -0.099518 -0.133056 -0.365533 -0.258781 -0.072017 -0.088141 -0.026976 -0.024723 -0.075814 -0.079026 -0.008495 0.079611 -0.042317 0.003417 0.027422 -0.055989 -0.157796 0.056074 0.087646 -0.000205 -0.051247 0.013572 -0.194641 -0.025942 -0.192386 -0.119543 -0.161634
-0.112837 -0.037220 -0.261603 -0.099863 -0.089399 0.176184 -0.131598 -0.129496 -0.161256 0.057727 -0.221098 -0.238421 0.012628 -0.003932 -0.108085 -0.171327 0.097965 -0.120884 0.005382 -0.017513 0.322293 1.000000 -0.114905 0.163641 -0.001464 -0.011976 0.221148 0.333636 0.078850 0.092708 -0.068708 -0.036916 0.032698 0.119596 0.335436 0.182561 0.034672 0.037855 0.115377 0.229327 0.201370 0.249281 -0.129260 0.033173 -0.183912 -0.104541 -0.139811 -0.044000 -0.078795 -0.173681 0.026127 -0.083979 -0.087873 -0.079763 -0.062057 -0.091896 0.023131 0.096134 0.034441 -0.048592 -0.112292 0.028616 0.102070 0.096599 -0.172653 0.064688 0.166614 0.074224 0.160132 -0.005718 0.159662 0.230406 -0.057247 0.163122 0.059115 -0.127179 -0.121708 0.029146 0.182348 0.039608 0.149394 0.256235 0.011261 -0.087089 0.078855 -0.013116 -0.009876 0.051794 0.222860 -0.035108 -0.138593 -0.155819 0.015168 -0.088292 0.259577 0.333794 -0.085607 0.297257 -0.145846 -0.076066 0.004671 0.029547 0.218351 -0.048807 0.063206 -0.049571 -0.106089 0.134072 0.093639 0.038483 0.070384 -0.144900 -0.272889 -0.152395 -0.150192 -0.139631
-0.256423 -0.430147 0.319847 0.432418 0.388758 0.052563 -0.079636 0.097604 0.179617 -0.187147 -0.064183 -0.062515 0.253133 0.009469 0.250169 0.252621 -0.553162 -0.577768 -0.253794 0.240411 0.060200 -0.114905 1.000000 0.424332 0.363949 0.240455 0.413275 0.202786 -0.272907 -0.246464 0.309453 0.520696 -0.439483 -0.019364 0.303645 0.271504 -0.128761 -0.315739 0.093901 -0.122297 -0.097136 -0.121666 0.050991 -0.110178 0.099466 0.065516 0.073407 0.028161 -0.032388 0.224886 0.248178 0.018401 -0.352302 0.012704 -0.080546 -0.219615 -0.283395 -0.357946 -0.325983 -0.120548 -0.470401 -0.348387 -0.337017 -0.300915 0.326512 -0.015549 -0.085372 -0.042917 -0.089355 -0.099133 -0.213498 -0.044144 -0.335701 -0.180035 -0.179797 -0.116894 -0.085968 0.044619 -0.182193 -0.221370 -0.291057 -0.330872 0.472891 0.502542 0.440112 0.191955 0.312048 0.306462 0.028751 -0.059691 -0.013414 0.355093 0.063016 0.305288 -0.034201 -0.126305 -0.214507 -0.162918 -0.156210 -0.161977 -0.275886 -0.478972 -0.266774 -0.212471 0.041140 0.160803 0.092313 -0.089767 -0.095542 0.025491 -0.022099 -0.119269 0.043834 -0.194571 -0.057140 -0.018216
-0.351594 -0.555785 -0.095929 0.421696 0.181393 0.429990 -0.244095 -0.035471 0.010760 0.089710 -0.032752 0.175609 0.285489 0.221767 0.066726 0.398976 -0.390297 -0.313043 -0.295063 0.078999 0.081933 0.163641 0.424332 1.000000 0.150213 0.028887 0.443362 0.430222 -0.032957 -0.212620 -0.116829 0.372340 -0.432631 -0.255588 0.288273 0.163890 0.019056 -0.332360 0.187714 0.180333 -0.116655 -0.016541 0.010952 0.078229 -0.070608 -0.047527 0.154823 0.136946 -0.061884 0.078227 0.273938 -0.020269 -0.160755 0.027028 -0.102695 -0.094095 -0.404589 -0.463247 -0.271582 -0.149907 -0.536999 -0.465329 -0.282556 -0.254079 -0.016936 0.053648 -0.087710 0.136644 -0.044320 -0.041775 -0.134755 0.235482 -0.379725 -0.331957 -0.238936 -0.361100 -0.431396 -0.272137 0.135528 -0.338540 0.141109 -0.058246 0.472520 0.492824 0.542433 0.396174 0.280173 0.342305 0.156795 0.152077 0.020910 0.249079 0.257814 0.126626 0.138145 0.417307 -0.148524 0.315667 -0.012493 0.090823 -0.136196 -0.448154 -0.207308 -0.446157 -0.152173 0.000912 0.015518 -0.060612 -0.019314 0.192545 0.159173 0.024712 -0.181383 -0.202613 -0.253357 -0.272780
-0.297224 -0.314613 0.183220 -0.033508 0.348330 0.008961 0.071050 0.078437 0.312232 -0.018982 -0.267981 -0.182028 -0.038985 -0.304209 -0.107196 0.072922 -0.165361 -0.215520 -0.256191 0.099698 0.254185 -0.001464 0.363949 0.150213 1.000000 0.682989 0.334528 0.219005 -0.119278 -0.119529 0.457582 0.267234 -0.060179 0.175745 0.303820 0.392124 -0.127119 -0.247273 0.006159 0.117278 0.049237 0.041910 -0.198080 0.012535 0.207394 0.503507 -0.154322 -0.018368 -0.033713 0.101134 -0.071628 -0.028460 -0.122082 -0.022613 -0.023021 -0.088445 -0.058766 -0.051360 0.027995 0.087455 -0.001882 0.112193 -0.249809 -0.063634 0.098255 0.094397 0.179873 0.338087 -0.062498 0.029108 -0.204489 0.030804 -0.083966 -0.013064 -0.095175 -0.175719 -0.093168 -0.135628 -0.195658 -0.188062 -0.215859 -0.372621 0.179690 0.023213 -0.072743 -0.272552 0.015431 -0.169340 -0.007628 0.012392 -0.268104 0.027737 -0.284832 0.021552 0.036995 0.115319 -0.194543 -0.053948 -0.149671 -0.033822 -0.117598 -0.156958 -0.189415 0.053042 0.068872 0.210821 0.212252 -0.164317 -0.109077 -0.126835 0.115839 -0.141582 -0.115165 -0.139797 -0.314962 -0.008263
-0.196958 -0.338691 -0.011763 -0.093714 0.168897 -0.000311 0.332937 0.266523 0.287971 0.195163 -0.322342 -0.135506 -0.024847 -0.225323 -0.133498 -0.004293 -0.270130 -0.267987 -0.208409 -0.100132 0.229213 -0.011976 0.240455 0.028887 0.682989 1.000000 0.033080 0.146047 -0.174320 -0.001090 0.349277 0.234570 0.041356 0.418565 0.037045 0.326628 -0.054706 -0.209749 -0.039560 -0.016379 0.086717 -0.044816 -0.104005 0.017694 0.159008 0.614136 -0.063316 0.002919 -0.048654 0.171621 -0.383750 -0.040333 -0.024559 -0.100873 -0.031491 -0.051244 -0.050450 -0.159504 0.007504 0.103731 0.152583 0.309535 -0.207343 -0.134306 0.205522 0.319360 0.065525 0.256221 -0.054455 -0.040749 -0.272652 0.143766 -0.030630 0.130624 0.071838 -0.056283 -0.087281 0.013727 -0.393655 -0.118808 -0.270697 -0.433504 0.049890 -0.105982 -0.097581 -0.337514 -0.069262 -0.196059 -0.089262 0.115136 -0.182298 -0.017979 -0.199057 -0.013548 -0.073416 -0.044076 -0.048243 -0.105869 -0.170640 -0.044128 -0.036919 -0.064498 -0.199653 0.092110 -0.048219 0.129252 0.238847 -0.277189 -0.192513 -0.154801 0.107383 -0.128184 0.033647 0.102452 -0.275032 0.178860
-0.174357 -0.100873 0.090158 0.126916 0.487038 0.320195 -0.524071 -0.288136 -0.225448 -0.151172 -0.186473 -0.138232 -0.117670 -0.004565 -0.344555 -0.026831 -0.253837 -0.379829 -0.149635 0.112711 0.279690 0.221148 0.413275 0.443362 0.334528 0.033080 1.000000 0.774014 -0.524284 -0.551110 -0.181131 -0.058619 -0.088045 -0.138826 0.505780 0.508031 -0.167914 -0.223862 0.152889 0.344640 -0.268267 -0.150106 -0.087819 0.192609 -0.035000 -0.040491 -0.136881 0.179895 0.194807 -0.049852 0.511119 -0.099644 -0.139875 -0.134676 0.015523 0.031388 -0.066989 -0.003080 0.082442 0.157421 -0.295289 -0.210187 -0.100136 -0.156588 -0.245896 0.069472 0.413335 0.397599 0.237158 0.213812 -0.243964 -0.023501 -0.533404 -0.177864 -0.307416 -0.134841 -0.272035 -0.227509 -0.183810 -0.136424 -0.324441 -0.279248 -0.022473 -0.049719 0.203962 0.071809 -0.083328 0.079837 0.151100 0.059986 -0.297739 -0.148308 0.065038 0.009439 0.145333 0.123182 -0.023114 0.213935 -0.259537 -0.037806 -0.073420 -0.413539 0.006579 0.019865 0.335469 0.338052 0.104493 -0.024510 0.092837 0.023168 0.308666 -0.188178 -0.177757 -0.084169 0.197289 -0.042590
-0.136612 -0.184835 -0.030314 0.004963 0.203421 0.411900 -0.340123 -0.114151 -0.397894 0.049340 -0.113838 -0.066840 -0.236137 0.088396 -0.442165 -0.106397 -0.170343 -0.377823 -0.052960 0.111691 0.291329 0.333636 0.202786 0.430222 0.219005 0.146047 0.774014 1.000000 -0.487972 -0.507223 -0.255340 -0.130393 -0.017863 0.011024 0.465439 0.518029 -0.121719 -0.202131 0.097182 0.353697 -0.168426 -0.203156 -0.167112 0.165796 -0.191458 -0.064052 -0.158394 0.206840 0.228941 -0.048483 0.325389 -0.124666 -0.048356 -0.112810 -0.057160 0.062747 -0.057713 -0.189767 0.133197 0.202906 -0.162842 -0.073080 -0.075167 -0.176114 -0.180249 0.230295 0.441978 0.433393 0.219674 0.292241 -0.107487 0.095324 -0.483861 0.035550 -0.083672 -0.046870 -0.289463 -0.079065 -0.189199 -0.188600 -0.234200 -0.347034 -0.168576 -0.144305 0.124224 0.016823 -0.135564 0.074770 0.208866 0.109976 -0.318864 -0.170822 0.104587 -0.136229 0.134666 0.100402 -0.059244 0.220731 -0.285412 0.090083 -0.035628 -0.287330 0.034427 0.017931 0.177079 0.153592 0.080077 -0.004430 -0.049733 -0.039173 0.371466 -0.158466 -0.097019 -0.061381 0.066633 -0.112376
0.042293 -0.155948 -0.011681 -0.143971 -0.157957 -0.265178 0.241270 -0.039103 0.371338 0.048346 0.029881 -0.003439 0.214132 -0.082844 0.384613 0.161164 0.453770 0.338643 -0.120141 -0.107651 -0.120186 0.078850 -0.272907 -0.032957 -0.119278 -0.174320 -0.524284 -0.487972 1.000000 0.635692 0.219672 0.194460 0.089957 -0.111193 -0.146768 -0.444091 0.453946 0.122376 0.033738 -0.202018 0.289953 0.242232 0.080740 0.000516 0.154593 -0.084927 0.299834 -0.073037 -0.350053 -0.029253 -0.208671 0.070441 0.219388 0.403535 0.127090 0.035825 -0.003670 -0.078538 -0.157146 -0.432275 0.039595 -0.222690 0.084873 0.165605 -0.005650 -0.467916 -0.404206 -0.471934 -0.240449 -0.365511 0.339896 0.100263 0.579786 0.097201 0.203726 -0.034654 0.221684 0.073121 0.362478 0.132911 0.575050 0.495104 0.318800 0.293257 -0.075407 0.050813 0.236284 0.126924 -0.024224 -0.306919 0.257659 0.265675 -0.201349 0.164422 -0.156901 0.353943 -0.095002 0.010873 0.458976 0.263599 0.083403 0.303548 0.046383 -0.290943 -0.451872 -0.390351 -0.299476 0.062096 -0.011985 0.068267 -0.290395 0.327575 0.059784 -0.123126 -0.450034 -0.204455
-0.012288 0.031109 -0.175227 -0.020594 -0.181092 -0.337836 0.226166 0.188897 0.308993 -0.024140 -0.177468 -0.126818 -0.153576 -0.222593 0.217756 0.016227 0.197598 0.330681 0.005111 -0.172550 -0.061790 0.092708 -0.246464 -0.212620 -0.119529 -0.001090 -0.551110 -0.507223 0.635692 1.000000 0.373986 0.338457 0.056444 0.029492 -0.204264 -0.527821 0.406033 0.284850 -0.131984 -0.259615 0.432305 0.333632 0.165799 0.060861 0.239008 0.074103 0.158363 -0.054587 -0.514950 0.211453 -0.270202 0.187510 0.156908 0.238476 -0.033668 0.034801 0.024976 0.038905 -0.348235 -0.290828 -0.047896 -0.063773 0.016713 0.138654 0.004839 -0.317045 -0.449897 -0.533871 -0.310080 -0.455010 0.299540 0.203163 0.574869 0.377501 0.384891 0.185916 0.334081 0.315741 0.179158 0.240744 0.521035 0.453252 0.340903 0.290901 -0.114146 -0.111393 0.102099 0.087688 -0.147636 -0.330735 0.218181 0.120371 -0.159310 -0.098298 -0.185803 0.135040 -0.031278 -0.089814 0.356757 0.119576 0.087234 0.190279 0.227286 -0.194553 -0.289267 -0.259989 -0.058817 0.138219 -0.026887 0.148979 -0.310225 0.371162 0.141880 0.203328 -0.304053 -0.037368
-0.172225 -0.157486 0.226591 0.004225 -0.166169 -0.504511 0.127823 0.015783 0.101166 -0.391657 -0.082718 -0.060870 -0.057846 -0.409635 0.128427 -0.064105 0.125505 -0.104863 0.069496 0.306168 0.222489 -0.068708 0.309453 -0.116829 0.457582 0.349277 -0.181131 -0.255340 0.219672 0.373986 1.000000 0.686736 -0.060471 0.175682 0.110577 -0.083990 0.120373 0.038571 0.031329 -0.117164 0.213402 0.176628 0.080356 -0.051110 0.136808 0.295759 0.137985 0.029565 -0.493123 0.225658 -0.185279 0.145605 -0.013542 0.243790 -0.019895 0.094129 0.015324 -0.042303 -0.223856 -0.345527 -0.111655 -0.033702 -0.203875 -0.022327 0.199359 -0.339284 -0.237931 -0.334835 -0.144106 -0.248023 0.205070 0.045718 0.242941 0.160959 0.245239 0.044939 0.246913 0.234279 0.067071 0.141862 0.149321 0.100639 0.442101 0.314076 0.010223 -0.188882 0.247944 0.212519 -0.240274 -0.331455 0.019765 0.037086 -0.403832 0.011677 -0.078061 -0.063785 -0.101542 -0.249725 0.001173 -0.169100 -0.186703 -0.004909 -0.199027 -0.001954 -0.071875 0.024687 -0.081859 0.138705 -0.086773 -0.030402 -0.239024 0.072514 -0.024423 -0.114379 -0.219092 0.011316
-0.185806 -0.443660 0.201554 0.452548 -0.101332 -0.198200 0.105902 0.163672 0.170253 -0.269536 -0.058111 0.141423 0.103729 -0.109467 0.263894 0.213450 -0.161369 -0.241641 -0.055565 0.316640 0.032141 -0.036916 0.520696 0.372340 0.267234 0.234570 -0.058619 -0.130393 0.194460 0.338457 0.686736 1.000000 -0.323071 0.053214 0.122466 -0.175598 0.099330 -0.131712 -0.094911 -0.284825 0.032045 -0.016572 0.055940 -0.226453 0.054050 0.098971 0.122450 -0.081315 -0.503936 0.339070 -0.070313 0.140669 -0.124878 0.203802 -0.219598 -0.133819 -0.209233 -0.355148 -0.420466 -0.439484 -0.394714 -0.279956 -0.342829 -0.106569 0.301068 -0.256043 -0.352761 -0.409003 -0.294145 -0.339543 0.119831 0.222582 0.018150 -0.019751 0.140009 0.072019 0.057817 0.185960 0.043573 -0.067734 0.232837 0.064166 0.650364 0.659577 0.401679 0.150493 0.331479 0.507178 -0.163513 -0.221408 0.179461 0.263265 -0.076546 0.096562 -0.068704 -0.026832 -0.283894 -0.195109 -0.100562 -0.130180 -0.196996 -0.239921 -0.354011 -0.230443 -0.167022 -0.017079 -0.023753 0.115454 -0.105060 0.014427 -0.257047 0.165264 -0.053248 -0.084549 -0.303924 -0.063722
0.425672 0.339632 0.048978 -0.447873 0.028996 -0.209198 0.048062 -0.370071 -0.139573 -0.003427 -0.021671 -0.162241 -0.205844 -0.155524 -0.343656 -0.248147 0.361259 0.257857 0.409055 0.051282 0.091235 0.032698 -0.439483 -0.432631 -0.060179 0.041356 -0.088045 -0.017863 0.089957 0.056444 -0.060471 -0.323071 1.000000 0.460845 -0.057238 0.075199 0.043729 0.272501 0.064282 0.086175 0.134718 0.033319 -0.014779 0.147849 -0.099543 0.018134 -0.086098 0.117114 -0.110208 -0.341075 -0.078556 -0.414824 -0.027569 -0.186267 -0.013756 -0.010940 0.450260 0.418767 0.191370 -0.153082 0.269486 0.081990 0.217201 0.157315 -0.122263 -0.137594 0.219773 0.061334 0.398465 0.253854 0.015940 -0.285595 0.216370 0.236643 0.331507 0.114967 0.311310 0.015641 -0.000222 0.349536 0.133315 0.183831 -0.371379 -0.380475 -0.191822 -0.231957 -0.127664 -0.206700 0.067543 -0.158075 -0.265554 -0.362911 -0.355762 -0.322503 -0.111616 -0.035856 0.198804 -0.033497 -0.026318 0.046857 0.112372 0.371584 0.160436 0.456558 0.098248 -0.043174 0.036517 -0.151758 -0.005935 -0.069575 0.151460 0.167173 0.227159 0.310556 0.155718 0.237589
0.254751 0.077501 -0.007150 -0.171303 -0.068985 -0.030887 0.296505 -0.065515 -0.009879 0.082729 -0.173767 -0.088941 -0.039662 -0.130008 -0.263615 -0.145179 0.004416 -0.079443 0.422089 0.203454 0.053877 0.119596 -0.019364 -0.255588 0.175745 0.418565 -0.138826 0.011024 -0.111193 0.029492 0.175682 0.053214 0.460845 1.000000 -0.035403 0.213208 -0.202318 -0.083045 -0.078983 -0.146538 0.095499 0.007250 -0.103693 -0.201013 -0.147570 0.133294 -0.294190 -0.044471 -0.109469 -0.175294 -0.278916 -0.274788 -0.144773 -0.329527 -0.127840 -0.100592 0.288468 0.208278 0.019527 -0.232265 0.218956 0.331146 -0.067859 -0.033197 0.257707 0.173037 0.068584 0.149551 0.335894 0.304302 -0.211426 -0.164327 0.058417 0.242880 0.244942 -0.001980 0.142743 0.132826 -0.174120 0.174794 -0.057057 -0.115688 -0.221879 -0.214555 -0.085901 -0.340130 -0.058969 -0.080748 -0.034122 -0.101049 -0.180181 -0.251808 -0.235767 -0.237619 -0.036420 -0.240248 -0.014770 -0.186420 -0.361878 -0.133605 -0.268920 0.063005 -0.144607 0.263833 0.039051 0.093357 0.210169 -0.046633 -0.172243 -0.185907 0.097794 -0.025534 0.026634 0.212677 0.027686 0.197163
-0.306305 -0.098798 0.182362 0.177838 0.247774 0.042731 -0.205741 -0.215335 -0.099275 -0.297669 -0.192431 -0.364950 0.030826 -0.181118 -0.319167 -0.081846 -0.106802 -0.342946 -0.187296 0.201546 0.329614 0.335436 0.303645 0.288273 0.303820 0.037045 0.505780 0.465439 -0.146768 -0.204264 0.110577 0.122466 -0.057238 -0.035403 1.000000 0.573079 -0.014768 -0.086237 0.019006 0.221384 0.070956 0.246166 -0.078818 0.063601 -0.013251 0.053736 -0.006645 0.061660 0.109271 -0.098468 0.310488 -0.216654 -0.209068 -0.163691 -0.081681 -0.066041 0.046470 0.091492 -0.048307 0.032443 -0.224699 -0.233151 -0.137642 0.068583 -0.106594 -0.006008 0.339883 0.235772 0.110428 0.206336 0.020292 0.163649 -0.270222 0.029360 -0.019918 -0.058641 -0.175932 0.039049 0.019431 -0.128814 -0.041049 -0.018460 0.130751 0.104918 0.199560 0.101754 0.106581 0.190165 0.237708 -0.078195 -0.263779 -0.056411 -0.146092 -0.007867 0.060237 0.117580 -0.275014 0.006201 -0.230948 -0.056974 -0.237215 -0.272233 0.010007 -0.140755 -0.110724 0.023250 -0.099357 -0.146080 0.036290 0.015941 0.201924 -0.205818 -0.043946 -0.387353 -0.197722 -0.338657
-0.152023 -0.072297 0.036051 -0.050849 0.371635 0.072453 -0.169158 -0.211808 -0.214897 0.013452 -0.262983 -0.441748 -0.006517 -0.165949 -0.404064 -0.090698 -0.313208 -0.318494 -0.188800 -0.046931 0.420032 0.182561 0.271504 0.163890 0.392124 0.326628 0.508031 0.518029 -0.444091 -0.527821 -0.083990 -0.175598 0.075199 0.213208 0.573079 1.000000 -0.085999 -0.205762 0.198023 0.300429 -0.047102 0.102850 -0.052223 0.219513 -0.003558 0.282192 -0.157095 0.151934 0.321498 -0.197557 0.108841 -0.374264 -0.390167 -0.431015 -0.067492 -0.107935 0.183596 0.191008 0.095029 0.149600 -0.076992 0.003560 -0.051732 -0.071248 -0.013565 0.329642 0.463912 0.574475 0.396124 0.334286 -0.195546 -0.066511 -0.305890 -0.034356 -0.095762 -0.163890 -0.121603 -0.041568 -0.181166 -0.080904 -0.220154 -0.189796 -0.134979 -0.197959 0.189675 0.030186 0.051477 0.026710 0.202793 0.115854 -0.370177 -0.313369 -0.147766 -0.065669 0.057585 0.029424 0.060317 -0.013812 -0.382856 -0.145943 -0.113855 -0.230366 -0.120645 -0.028488 -0.003177 0.023966 0.048068 -0.185247 0.035918 0.020575 0.389416 -0.396288 -0.064750 -0.232784 -0.173876 0.109571
