1.000000 0.432351 0.111867 -0.351318 -0.135838 -0.023307 0.055203 0.127024 0.029214 0.101196 0.462432 0.254165 0.463276 0.210811 0.145095 0.059579 0.064692 -0.065289 0.460211 0.023333 0.012273 -0.188552 -0.283190 -0.487384 -0.280947 -0.519710 -0.275257 -0.249926 -0.040592 0.147242 -0.413061 -0.461348 0.081528 0.095106 -0.066366 -0.156481 -0.418452 -0.166438 -0.162247 -0.212107 0.005786 -0.122727 0.071814 0.060488 -0.151009 -0.300799 -0.050449 0.020720 0.211940 0.109198 -0.242162 0.219823 -0.042247 -0.115684 0.008793 -0.026917 -0.006519 0.103657 0.439941 0.271627 0.388394 0.326107 -0.097280 0.178763 0.055013 0.021564 0.001568 -0.227760 0.008239 -0.000023 -0.049842 -0.226204 -0.108445 -0.000315 -0.031154 0.245462 0.060177 -0.191652 -0.117147 0.097657 -0.165024 -0.107440 -0.128784 -0.330060 0.011703 -0.275899 -0.131048 -0.213968 0.346979 -0.014827 -0.074575 0.008176 -0.133376 0.186430 0.098397 -0.260089 -0.028408 -0.201635 -0.212382 -0.160213 0.103899 0.304748 -0.017534 0.325932 0.341735 0.170715 0.083602 0.360935 -0.233828 -0.264297 -0.267543 0.136137 0.316974 -0.016379 0.336701 0.041727
0.432351 1.000000 -0.286712 -0.224427 -0.234322 0.006169 -0.295979 -0.120300 -0.240408 -0.095053 -0.074489 0.042588 0.243787 0.063242 -0.147990 -0.076679 0.351957 0.165360 0.038370 0.182530 0.088458 -0.138901 -0.064054 -0.308921 -0.119437 -0.259405 -0.081616 -0.085616 -0.055522 0.028826 -0.351045 -0.275666 0.093467 0.281962 -0.115206 -0.111371 -0.336254 -0.146691 -0.035339 -0.047721 0.114772 -0.456783 0.205464 0.172214 0.010221 -0.195578 0.282806 0.179049 0.074599 0.014745 0.035219 0.216492 0.085976 0.015610 0.102761 0.092341 0.339029 0.582532 0.213263 0.183320 0.251250 0.263841 0.183160 0.366539 -0.296464 -0.000035 -0.039588 -0.314746 0.508154 0.268568 -0.182035 -0.308629 -0.100267 -0.081666 -0.091614 0.009311 -0.086280 -0.048708 0.111894 0.311538 0.207409 0.090281 -0.213015 -0.516059 -0.201959 -0.490702 -0.163033 -0.394788 0.183878 0.199840 -0.201535 -0.299510 -0.299188 -0.221847 0.297244 -0.411216 0.143403 0.126288 -0.040479 -0.103602 -0.085974 0.031851 -0.077525 0.222154 0.320216 0.374160 0.066872 0.407402 -0.545982 -0.186668 -0.112025 0.170523 0.056527 -0.122833 0.450168 0.235852
0.111867 -0.286712 1.000000 0.178292 0.343518 0.011096 0.079423 -0.013854 -0.009463 -0.015677 0.219712 -0.320569 -0.137698 -0.359848 -0.077872 -0.242615 -0.519506 -0.525843 0.432880 -0.037598 0.243042 0.348058 0.280552 0.180205 0.420591 0.337789 0.359925 0.328678 -0.408045 -0.385365 0.249086 0.157221 -0.041397 -0.227912 0.357566 0.098339 -0.254276 -0.299638 0.034438 -0.159487 -0.217050 0.065614 -0.024107 0.025207 -0.315805 0.099945 -0.231141 -0.036630 0.281376 -0.431803 0.108944 -0.143155 -0.345939 0.078739 -0.266671 -0.184007 -0.236601 -0.288624 0.044991 -0.188902 -0.066968 -0.270504 -0.417876 -0.369057 0.136669 0.193745 0.283241 0.583091 -0.336942 -0.102718 0.138855 0.100864 -0.409447 -0.262390 -0.256597 -0.038852 -0.239525 -0.042471 -0.285550 -0.326327 -0.389025 -0.298086 -0.112388 -0.225122 0.177410 0.164053 -0.048572 -0.063136 0.189005 -0.241456 0.082278 0.260401 0.150763 0.187380 0.173410 0.182353 -0.061242 0.053304 -0.032106 -0.007370 -0.127993 -0.099655 0.011214 0.336414 0.016658 0.164381 -0.076941 0.063105 -0.132865 -0.123553 0.112628 -0.046247 0.090643 -0.018728 0.016192 0.104376
-0.351318 -0.224427 0.178292 1.000000 -0.020949 0.027342 -0.116489 -0.033728 -0.069094 -0.159705 -0.240245 -0.235173 -0.571896 -0.441568 0.018389 -0.069586 -0.198319 -0.281309 0.240418 0.284840 0.280358 0.285419 0.523133 0.781231 0.414184 0.412481 0.469004 0.565222 -0.310745 -0.622353 0.312765 0.427910 -0.315681 -0.236471 0.152117 0.109700 -0.211715 -0.238602 -0.010875 -0.196017 -0.278764 -0.081817 -0.025228 0.126337 -0.220946 0.111380 -0.014127 0.245788 -0.150087 -0.384951 0.289428 -0.088194 -0.170147 0.128214 -0.233898 -0.117390 -0.180544 -0.231493 -0.486455 -0.131432 -0.469396 -0.461200 -0.273404 -0.445481 0.204739 0.112284 -0.041530 0.354135 -0.308131 -0.069061 0.083744 -0.048678 -0.433033 -0.190511 -0.265159 -0.232300 -0.333845 -0.179936 -0.265510 -0.175926 -0.373669 -0.438140 0.370379 0.132145 0.266837 0.312545 0.117008 0.282255 0.030310 0.105602 0.400024 0.317157 0.546962 0.084363 0.066548 0.059774 -0.079947 0.090760 0.324299 0.065316 -0.280721 -0.289731 -0.198804 0.008945 -0.136025 0.163970 -0.154320 -0.184506 -0.018716 0.046185 0.312975 0.162269 -0.215197 -0.044001 0.037756 0.019260
-0.135838 -0.234322 0.343518 -0.020949 1.000000 0.324661 0.395305 0.401699 0.372691 0.468568 0.155523 -0.005483 0.207091 0.206491 0.189738 0.094049 -0.226331 -0.078848 0.013530 -0.039580 -0.075548 0.059247 -0.079159 -0.067784 0.044922 0.204996 -0.032150 0.043121 -0.019503 -0.051071 0.016822 0.067348 0.105720 0.137118 0.197501 0.090599 -0.084330 -0.255715 -0.354483 -0.265971 -0.158231 -0.106463 -0.017803 -0.165252 0.123497 0.233253 -0.147593 -0.058892 0.083593 -0.133722 -0.073566 -0.279380 -0.113771 -0.011316 -0.310174 -0.342996 -0.344929 -0.308078 0.254702 -0.172102 0.192746 0.146240 -0.157121 -0.068491 0.152229 0.252427 -0.007281 0.146198 -0.259493 -0.258295 0.103330 0.046923 -0.061907 -0.012177 0.009897 0.065937 0.127230 -0.027696 -0.139125 -0.234987 -0.215290 -0.208798 -0.223276 -0.106329 -0.172004 -0.254410 -0.278469 -0.222822 0.003865 -0.307906 -0.073280 0.057744 0.221021 0.192615 -0.285657 0.159302 -0.421677 -0.155651 -0.092658 -0.109338 0.071986 0.165547 0.065820 -0.150566 -0.216729 -0.179723 0.168053 -0.156445 0.008687 -0.087184 -0.117060 -0.100785 0.032933 -0.199576 -0.086030 -0.102323
-0.023307 0.006169 0.011096 0.027342 0.324661 1.000000 0.075454 0.425729 0.324853 0.481665 -0.074441 -0.024456 0.107921 0.273074 0.135774 0.161164 -0.022693 0.157311 -0.159790 -0.131058 -0.039438 -0.214062 0.135872 -0.184125 -0.057362 0.129860 0.021574 0.235325 -0.286238 -0.017524 -0.281669 -0.178818 -0.152976 0.065391 0.080424 -0.020372 -0.300778 -0.231959 -0.281777 -0.233877 -0.219748 -0.342255 0.047096 0.070523 -0.105888 -0.030936 0.122059 0.042266 -0.047547 -0.286897 -0.041039 -0.260528 0.070049 -0.022402 -0.186982 -0.242827 0.018596 -0.005879 0.255023 -0.013971 0.124273 0.254164 -0.116734 -0.060594 0.019609 0.515362 -0.194546 -0.093295 -0.194768 -0.204551 -0.148352 -0.006868 -0.116866 -0.191504 -0.153652 0.020341 0.048480 -0.077619 0.138324 0.111815 -0.106031 -0.074292 -0.400848 -0.356390 -0.318317 -0.323511 -0.419744 -0.245550 0.412437 0.017293 0.160818 -0.016230 0.351259 0.323813 -0.028353 -0.079721 -0.027554 -0.012210 -0.133008 -0.112826 0.157118 0.040948 0.026926 -0.060186 -0.021838 0.040962 0.116895 0.113415 -0.111176 -0.153669 0.115226 -0.042093 0.094445 -0.051831 0.112794 0.261303
0.055203 -0.295979 0.079423 -0.116489 0.395305 0.075454 1.000000 0.642546 0.492051 0.593738 0.333476 0.126312 0.462615 0.495274 0.521603 0.499341 -0.113794 -0.073480 0.017590 -0.025111 -0.210297 -0.340846 -0.460227 -0.248626 -0.489927 -0.276473 -0.549945 -0.386786 0.464745 0.248139 -0.099975 -0.278130 0.272887 0.070701 -0.267107 -0.429199 -0.126051 -0.292558 -0.528039 -0.452749 -0.076029 -0.163895 -0.298711 -0.461849 0.230364 -0.107791 -0.117619 -0.158317 -0.222128 0.216864 -0.264501 -0.242368 0.121348 0.229933 -0.119307 -0.255507 -0.387020 -0.418052 0.279619 0.087684 0.506648 0.397755 0.119826 0.269181 0.534176 -0.093479 -0.246831 -0.301072 -0.401654 -0.135876 0.052896 -0.167318 0.277983 0.100543 0.195369 0.122032 0.214478 -0.108096 -0.204735 -0.316728 -0.150204 -0.097621 -0.019336 0.246372 -0.016436 -0.155983 -0.128131 -0.090435 -0.051079 -0.031911 -0.015726 0.029389 0.093373 0.307845 -0.341620 -0.163681 -0.625380 -0.434529 -0.109131 -0.318565 0.163028 0.290242 0.030877 0.021905 -0.116028 -0.300670 0.127103 -0.175677 0.033768 -0.253770 -0.512036 -0.174958 0.245861 -0.107226 -0.049265 -0.290451
0.127024 -0.120300 -0.013854 -0.033728 0.401699 0.425729 0.642546 1.000000 0.682757 0.830280 0.114372 0.075471 0.318379 0.540083 0.501543 0.400433 -0.148874 0.038696 -0.226719 -0.276203 -0.342361 -0.501413 -0.402344 -0.362547 -0.413818 -0.139257 -0.544702 -0.182787 0.075382 0.234926 -0.213537 -0.353644 -0.020390 0.219342 -0.173952 -0.161986 -0.383941 -0.425438 -0.698099 -0.490820 -0.107076 -0.292064 -0.126131 -0.198913 0.196166 0.000255 0.112528 0.149090 -0.213808 -0.027915 -0.211900 -0.217213 0.133037 0.279197 -0.203332 -0.278515 -0.215665 -0.256874 0.303105 0.077559 0.377839 0.556869 -0.042362 0.106973 0.487742 0.426346 -0.474353 -0.232691 -0.394748 -0.175873 -0.234017 -0.265954 0.128543 0.035706 0.060939 0.008690 0.065233 -0.084306 -0.124409 -0.099208 -0.050406 -0.064171 -0.323235 -0.144871 -0.121447 -0.236632 -0.392125 -0.335721 0.218403 -0.126726 0.020795 -0.136985 0.381477 0.225664 -0.281691 -0.142767 -0.342859 -0.258012 -0.232582 -0.332848 0.261816 0.198128 -0.067949 -0.217411 -0.145075 -0.257628 0.127940 -0.197137 -0.093222 -0.283309 -0.251061 -0.093290 0.193374 -0.006219 0.097067 -0.229944
0.029214 -0.240408 -0.009463 -0.069094 0.372691 0.324853 0.492051 0.682757 1.000000 0.814425 0.098945 0.156568 0.252487 0.526176 0.698899 0.593742 -0.216714 -0.081595 -0.277109 -0.385381 -0.357059 -0.423807 -0.246262 -0.309079 -0.474853 -0.122693 -0.551047 -0.373756 0.201606 0.303017 -0.171723 -0.326077 0.078644 0.103941 0.004389 -0.195268 -0.023646 -0.123908 -0.369977 -0.237762 -0.012724 -0.097041 -0.299413 -0.379487 0.004315 -0.233385 -0.054584 -0.180233 -0.138064 0.000788 -0.165757 -0.055941 0.194239 0.167450 -0.116578 -0.242869 -0.345484 -0.279234 0.232183 0.151658 0.405389 0.489139 0.015767 0.128656 0.503460 0.275601 -0.182234 -0.241942 -0.324599 -0.201425 -0.041971 0.014048 0.282319 0.230669 0.149648 0.213123 0.357893 0.149984 -0.001474 -0.024263 -0.080452 -0.022749 -0.252016 0.014005 -0.158844 -0.151874 -0.283712 -0.038693 0.225081 -0.043941 -0.102172 -0.125859 0.244430 0.228839 -0.271129 0.085825 -0.292259 -0.268827 -0.275230 -0.252603 0.293739 0.293954 0.102652 -0.229382 -0.245669 -0.426403 0.008896 -0.307401 -0.008937 -0.205454 -0.179222 -0.268428 0.111626 0.201715 -0.177007 -0.326781
0.101196 -0.095053 -0.015677 -0.159705 0.468568 0.481665 0.593738 0.830280 0.814425 1.000000 0.098025 0.151340 0.385049 0.588830 0.621576 0.512464 -0.064965 -0.013934 -0.233077 -0.301204 -0.377053 -0.494565 -0.329226 -0.409581 -0.468480 -0.154039 -0.538599 -0.251808 0.130575 0.266413 -0.288735 -0.397305 -0.070982 0.110881 -0.152464 -0.250409 -0.194485 -0.264287 -0.555793 -0.345629 -0.099837 -0.255535 -0.228171 -0.335627 0.107804 -0.153007 0.049608 -0.073800 -0.186792 0.047813 -0.231894 -0.125111 0.176616 0.172549 -0.156254 -0.188595 -0.259589 -0.223678 0.344433 0.154816 0.469051 0.624136 0.006448 0.217183 0.401275 0.331630 -0.332657 -0.344040 -0.256318 -0.151174 -0.120098 -0.146493 0.178492 0.198678 0.135895 0.204461 0.241072 0.025620 0.030685 -0.056220 -0.062596 -0.043152 -0.402917 -0.188264 -0.232127 -0.365582 -0.369485 -0.336482 0.216299 -0.041213 -0.001886 -0.046688 0.294628 0.292815 -0.261718 -0.067036 -0.354234 -0.202524 -0.150527 -0.171511 0.265531 0.275342 0.037346 -0.162538 -0.152746 -0.285885 0.109419 -0.257134 -0.096405 -0.287509 -0.298912 -0.230914 0.235249 0.032353 0.010257 -0.255696
0.462432 -0.074489 0.219712 -0.240245 0.155523 -0.074441 0.333476 0.114372 0.098945 0.098025 1.000000 0.406425 0.654317 0.356077 0.372680 0.278204 -0.040081 -0.112951 0.258135 0.159355 0.139884 -0.223906 -0.184881 -0.148077 -0.293985 -0.377635 -0.272184 -0.234202 0.370537 0.136102 -0.025333 -0.075840 0.308312 0.255091 0.103498 -0.120735 -0.145906 -0.263650 -0.165374 -0.338607 -0.071126 -0.100323 -0.028374 -0.018884 0.056831 -0.091437 -0.220835 -0.069696 0.086137 0.173017 -0.380429 -0.288316 -0.283255 -0.350826 0.028888 -0.227071 -0.369264 -0.340535 0.224737 -0.103455 0.353958 0.108411 0.017660 0.039644 0.303295 -0.130960 -0.042499 -0.008629 -0.317366 -0.261003 0.000107 -0.185993 0.078322 -0.074568 0.000287 -0.006143 -0.015411 -0.151348 -0.167637 -0.052014 -0.249165 -0.180023 0.307620 0.205371 0.260405 -0.075943 0.228326 -0.116453 0.206392 -0.281503 -0.032459 0.119554 -0.168739 0.295959 -0.147109 -0.068465 -0.294156 -0.390209 -0.345629 -0.248949 0.005731 0.314417 0.087435 0.189040 -0.002387 0.011605 -0.221989 0.070942 -0.090143 -0.019340 -0.200020 -0.049862 -0.045190 -0.014051 0.031115 -0.088981
0.254165 0.042588 -0.320569 -0.235173 -0.005483 -0.024456 0.126312 0.075471 0.156568 0.151340 0.406425 1.000000 0.469383 0.654053 0.325407 0.481378 0.202553 0.193302 -0.069504 -0.038706 0.048344 -0.154730 -0.379512 -0.218711 -0.506422 -0.474790 -0.382239 -0.311911 0.337098 0.265555 -0.350921 -0.268718 0.003262 0.120915 -0.053938 -0.238556 0.122270 0.224325 -0.021506 0.020897 0.037711 0.032174 -0.190305 -0.173220 -0.082128 -0.272838 -0.179409 -0.241429 0.156726 0.248002 -0.325018 0.203770 0.319905 -0.264609 0.253070 0.069204 -0.102232 -0.007242 0.237842 0.303665 0.229865 0.300594 0.137891 0.290285 0.043103 -0.261856 -0.028902 -0.309223 0.050148 -0.182411 0.167783 -0.092803 0.204875 0.188585 0.327881 0.102171 0.202376 0.090402 0.022616 0.169033 0.010020 0.022438 0.156708 0.189117 -0.088844 -0.088832 0.089352 -0.068347 -0.110562 0.064622 -0.098196 -0.049951 -0.045897 0.041215 -0.247908 -0.096700 -0.123675 -0.225209 -0.323142 -0.185176 0.105639 0.366933 0.075500 -0.079408 -0.082012 -0.184242 -0.064651 0.057773 0.136659 0.244410 -0.276402 -0.102593 -0.126920 0.042162 -0.020693 -0.162217
0.463276 0.243787 -0.137698 -0.571896 0.207091 0.107921 0.462615 0.318379 0.252487 0.385049 0.654317 0.469383 1.000000 0.697832 0.487252 0.568211 0.088517 0.084030 -0.043950 -0.064500 -0.176221 -0.437467 -0.518161 -0.576223 -0.616337 -0.590092 -0.596572 -0.473457 0.452188 0.398066 -0.456084 -0.469114 0.323775 0.268053 -0.179030 -0.390687 -0.066812 -0.221085 -0.356048 -0.276092 0.104381 -0.305513 -0.121967 -0.266300 0.094106 -0.321757 -0.073735 -0.242069 0.127975 0.280015 -0.422241 -0.091710 0.084606 -0.288887 0.220730 -0.150428 -0.258611 -0.098953 0.597789 0.216611 0.754407 0.621230 0.241737 0.511955 0.152406 -0.084363 -0.064208 -0.379157 0.027122 -0.007015 -0.122382 -0.279751 0.285732 -0.027665 0.064055 0.087516 0.092201 -0.144671 -0.043155 0.064515 -0.005386 0.030944 -0.076814 -0.006653 -0.184265 -0.421554 -0.142566 -0.353830 0.223178 0.000797 -0.153957 -0.120870 -0.265892 0.236550 -0.184978 -0.306113 -0.327121 -0.270405 -0.401793 -0.335610 0.245273 0.450022 0.230170 0.154473 0.071261 -0.063266 0.010952 0.120162 -0.170520 -0.245608 -0.557369 -0.262781 0.172324 0.042586 0.088026 -0.032707
0.210811 0.063242 -0.359848 -0.441568 0.206491 0.273074 0.495274 0.540083 0.526176 0.588830 0.356077 0.654053 0.697832 1.000000 0.553386 0.692270 0.079991 0.328956 -0.308586 -0.243205 -0.302928 -0.483950 -0.616946 -0.563999 -0.735102 -0.461529 -0.701808 -0.500085 0.463638 0.548629 -0.496707 -0.476663 0.224707 0.326570 -0.257541 -0.394106 0.031344 -0.029427 -0.407619 -0.191843 0.102337 -0.226924 -0.167194 -0.257709 0.102399 -0.252288 -0.022800 -0.149198 -0.074382 0.238273 -0.348068 -0.062375 0.360161 -0.109378 0.233311 -0.062301 -0.155548 -0.038551 0.370866 0.227685 0.585695 0.642571 0.374162 0.536344 0.154691 -0.051601 -0.201318 -0.435932 -0.027689 -0.161295 -0.111061 -0.182079 0.450567 0.279993 0.298488 0.184063 0.328730 0.066392 0.153654 0.221025 0.212434 0.220189 -0.231435 0.022677 -0.310336 -0.384122 -0.172922 -0.313582 0.029940 -0.005310 -0.227432 -0.317588 -0.116086 0.019166 -0.404074 -0.207386 -0.192213 -0.323189 -0.385345 -0.328562 0.151985 0.324475 0.171205 -0.166622 -0.066669 -0.310856 0.032529 -0.127855 -0.023713 -0.123447 -0.367936 -0.241934 0.066626 0.087484 -0.040814 -0.229728
0.145095 -0.147990 -0.077872 0.018389 0.189738 0.135774 0.521603 0.501543 0.698899 0.621576 0.372680 0.325407 0.487252 0.553386 1.000000 0.781173 -0.095117 -0.070174 -0.029932 0.011799 -0.308241 -0.486723 -0.207441 -0.160946 -0.580782 -0.423893 -0.507181 -0.350884 0.363878 0.243018 -0.295025 -0.403680 -0.029416 -0.073828 -0.172216 -0.492983 -0.018717 -0.183259 -0.384722 -0.317584 -0.205468 -0.122845 -0.355721 -0.435406 -0.099499 -0.465808 -0.090790 -0.168152 -0.197128 0.164014 -0.370777 -0.053866 0.194671 -0.048105 -0.161396 -0.155139 -0.435826 -0.285228 0.179831 0.222997 0.495771 0.409801 0.032163 0.232222 0.535600 -0.080778 -0.179316 -0.386321 -0.220546 0.014615 -0.014121 -0.109702 0.196240 0.187291 0.039530 0.165044 0.206404 -0.039512 -0.059830 -0.020314 -0.159789 -0.081701 0.077191 0.249213 -0.034827 -0.227312 -0.030807 0.057871 0.303778 0.174648 0.174707 0.158306 0.179158 0.356371 -0.397587 -0.062042 -0.435394 -0.319509 -0.259511 -0.233579 0.239219 0.345383 0.124906 -0.039020 -0.131739 -0.336601 -0.071747 -0.324801 0.062211 -0.112564 -0.363219 -0.210276 0.115127 0.154291 -0.237746 -0.304934
0.059579 -0.076679 -0.242615 -0.069586 0.094049 0.161164 0.499341 0.400433 0.593742 0.512464 0.278204 0.481378 0.568211 0.692270 0.781173 1.000000 -0.015806 0.002035 -0.229060 -0.230061 -0.254995 -0.378095 -0.321968 -0.242953 -0.679569 -0.480119 -0.544303 -0.364543 0.417645 0.316521 -0.392159 -0.420626 0.089151 -0.013518 -0.166336 -0.600678 0.026550 -0.015522 -0.305272 -0.147518 -0.016612 -0.166892 -0.459684 -0.559647 -0.137465 -0.582622 -0.123406 -0.368031 0.014468 0.112308 -0.224512 0.048226 0.302050 -0.145929 0.162803 -0.063123 -0.380744 -0.189459 0.338754 0.368897 0.604896 0.554644 0.308129 0.480970 0.396497 -0.099972 -0.000979 -0.397605 -0.138519 -0.066848 0.008367 -0.151672 0.300513 0.240580 0.188670 0.241063 0.259175 0.034522 -0.080419 0.089711 -0.038103 0.007039 0.000535 0.217601 -0.178994 -0.235948 -0.091003 -0.028657 0.219953 0.357215 -0.082294 -0.131241 0.049093 0.217143 -0.240842 -0.121647 -0.347343 -0.219567 -0.336979 -0.366399 0.249425 0.352290 0.180578 0.001294 -0.130289 -0.317048 -0.020245 -0.171881 0.023354 -0.147975 -0.471599 -0.420980 0.046599 0.240949 -0.076355 -0.262939
0.064692 0.351957 -0.519506 -0.198319 -0.226331 -0.022693 -0.113794 -0.148874 -0.216714 -0.064965 -0.040081 0.202553 0.088517 0.079991 -0.095117 -0.015806 1.000000 0.576282 0.016920 0.124091 0.132813 -0.160832 -0.037808 -0.164105 -0.052521 -0.167687 -0.062514 -0.085539 0.121459 0.220991 -0.230822 -0.142464 -0.171338 0.050140 -0.235206 -0.080221 0.110857 0.151998 -0.068099 0.117015 0.124716 -0.150518 0.179422 0.163084 0.216088 -0.007563 0.162223 -0.007455 -0.226806 0.233952 -0.096663 0.028147 0.151890 -0.107427 0.125487 0.192151 0.449969 0.381133 -0.094347 0.096498 0.048497 0.083227 0.368857 0.291732 -0.226635 -0.208090 -0.163701 -0.313623 0.215753 -0.129711 -0.283809 -0.206960 0.110384 0.132797 0.176217 0.018989 0.022512 -0.199549 0.494245 0.454616 0.393352 0.337380 0.000449 -0.081490 0.048012 -0.154032 0.210626 -0.074781 0.007538 0.138902 -0.103026 -0.110262 -0.145239 -0.109883 -0.017801 -0.252183 0.153389 -0.050090 0.040636 -0.043766 -0.020074 0.109093 -0.054939 -0.021888 0.044348 0.002853 -0.072251 0.140062 0.119242 -0.050577 -0.067868 0.142797 0.042487 -0.054935 -0.052325 0.138738
-0.065289 0.165360 -0.525843 -0.281309 -0.078848 0.157311 -0.073480 0.038696 -0.081595 -0.013934 -0.112951 0.193302 0.084030 0.328956 -0.070174 0.002035 0.576282 1.000000 -0.290543 -0.086909 -0.112872 -0.170788 -0.283643 -0.364160 -0.184996 -0.030354 -0.178671 -0.160101 0.187514 0.491265 -0.321380 -0.169584 0.040098 0.188833 -0.288522 -0.003330 0.258413 0.135183 -0.115682 0.144945 0.071058 -0.033340 0.243576 0.182584 0.215161 0.129259 0.167980 0.038962 -0.154567 0.163729 -0.089236 -0.069772 0.442883 -0.003431 0.221692 0.181026 0.363890 0.267138 -0.030863 0.064736 0.117689 0.139846 0.465500 0.327229 -0.376172 -0.175223 -0.152666 -0.253159 0.126725 -0.173584 -0.243600 -0.048906 0.371163 0.167322 0.101737 -0.071213 0.170487 -0.002305 0.482916 0.492748 0.625270 0.621812 -0.189644 0.021455 -0.123645 -0.118169 0.050270 -0.137820 -0.189131 -0.017667 -0.219262 -0.347897 -0.229692 -0.251456 -0.275742 -0.188361 0.219721 0.018581 -0.124246 -0.055228 -0.053341 0.151273 0.070880 -0.268464 -0.060143 -0.216369 0.051340 -0.038019 0.200232 0.004053 -0.046676 0.172032 -0.010799 0.078098 -0.164560 0.072363
0.460211 0.038370 0.432880 0.240418 0.013530 -0.159790 0.017590 -0.226719 -0.277109 -0.233077 0.258135 -0.069504 -0.043950 -0.308586 -0.029932 -0.229060 0.016920 -0.290543 1.000000 0.482092 0.276084 0.235254 0.148848 0.173809 0.228501 -0.089600 0.330854 0.220500 -0.261598 -0.412264 -0.032333 -0.020521 -0.146747 -0.332086 0.022879 -0.046319 -0.242655 -0.196175 0.093244 -0.190939 -0.201293 0.126152 0.056407 0.131111 -0.260076 -0.082498 -0.178513 0.044323 0.007364 -0.087113 -0.160674 0.050115 -0.362615 -0.135681 -0.275588 -0.019178 -0.107224 -0.138190 -0.057806 0.033718 -0.089240 -0.295154 -0.296282 -0.213313 -0.033827 -0.208198 0.157562 0.224934 -0.020431 0.096653 0.235602 0.059601 -0.507596 -0.010683 -0.119657 0.203780 -0.181133 -0.282419 -0.243844 -0.201038 -0.496587 -0.447350 0.154435 -0.101015 0.109403 0.013702 0.096410 0.281068 0.101564 0.031009 0.351841 0.457544 0.229572 0.304753 0.072540 0.017640 -0.085283 -0.057533 0.211710 0.102336 -0.079537 0.090998 0.034565 0.456779 0.325637 0.149242 0.103307 0.177252 0.094430 0.009905 0.036098 0.320995 0.165345 -0.091270 0.019938 0.130530
0.023333 0.182530 -0.037598 0.284840 -0.039580 -0.131058 -0.025111 -0.276203 -0.385381 -0.301204 0.159355 -0.038706 -0.064500 -0.243205 0.011799 -0.230061 0.124091 -0.086909 0.482092 1.000000 0.177015 -0.034813 0.153114 0.413649 0.068943 -0.096437 0.209403 0.109161 0.116156 -0.342726 0.154772 0.212065 -0.011980 -0.035353 -0.119085 -0.037173 -0.067901 -0.138418 0.060356 -0.139614 -0.227232 -0.016371 0.218513 0.184893 0.015209 0.054787 0.179219 0.337262 -0.307324 0.090616 -0.252136 -0.288432 -0.363317 -0.150201 -0.318761 -0.098450 -0.001104 -0.022975 -0.385753 -0.284931 -0.299941 -0.430456 -0.203813 -0.236465 -0.018796 -0.412516 -0.244296 -0.073577 0.180568 0.271634 0.221034 0.070241 -0.273933 -0.040179 -0.047001 -0.079907 -0.125907 -0.131947 -0.141204 -0.210800 -0.269728 -0.312523 0.486781 0.251581 0.163898 -0.078374 0.251806 0.204182 -0.037261 -0.052753 0.501307 0.486188 0.103599 0.165373 0.001778 -0.129626 -0.229670 -0.051836 0.182241 0.253101 -0.265629 -0.015185 -0.217652 0.164281 0.148801 0.264127 -0.030028 0.066287 -0.033402 0.179368 0.130246 0.336149 -0.144508 -0.248362 -0.005825 0.159578
0.012273 0.088458 0.243042 0.280358 -0.075548 -0.039438 -0.210297 -0.342361 -0.357059 -0.377053 0.139884 0.048344 -0.176221 -0.302928 -0.308241 -0.254995 0.132813 -0.112872 0.276084 0.177015 1.000000 0.544940 0.414839 0.436047 0.438046 0.326909 0.510462 0.401231 -0.329962 -0.580446 0.141073 0.362053 -0.177718 0.016938 0.251324 0.255453 -0.262066 -0.169117 0.170410 -0.070956 -0.064437 -0.268169 0.139418 0.306176 -0.228378 0.134146 -0.107369 0.040498 0.104530 -0.297194 0.241108 -0.110826 -0.120075 0.014823 0.027139 -0.126111 0.024202 0.147286 -0.143187 -0.129744 -0.303674 -0.400009 -0.122384 -0.265870 -0.204110 0.017381 0.166687 0.354552 0.061146 0.082231 0.025741 -0.137023 -0.505236 -0.437910 -0.177406 -0.281983 -0.444948 -0.252308 -0.007519 0.116396 -0.170535 -0.174345 0.211346 -0.171925 0.302178 0.055473 0.207725 -0.077856 0.118723 -0.008596 0.096389 0.167094 0.089415 0.140593 0.227199 -0.189121 0.060927 0.050857 0.001603 -0.086831 -0.245449 0.027405 -0.008483 0.351331 0.085631 0.434378 -0.245027 0.276270 -0.203673 0.026040 0.190956 0.051934 -0.224510 -0.195735 0.271705 0.337565
-0.188552 -0.138901 0.348058 0.285419 0.059247 -0.214062 -0.340846 -0.501413 -0.423807 -0.494565 -0.223906 -0.154730 -0.437467 -0.483950 -0.486723 -0.378095 -0.160832 -0.170788 0.235254 -0.034813 0.544940 1.000000 0.370485 0.393786 0.520059 0.402627 0.590504 0.448879 -0.374291 -0.535411 0.244948 0.404592 -0.133721 -0.215226 0.258233 0.327998 -0.018412 0.143266 0.418071 0.234804 -0.166166 0.170095 0.101982 0.186355 -0.258035 0.250369 -0.273766 -0.096538 0.382904 -0.305262 0.402358 0.139259 -0.061040 -0.037652 0.051605 0.000645 0.006121 0.121240 -0.062385 -0.032205 -0.344482 -0.422319 -0.140016 -0.286682 -0.335654 -0.013463 0.597349 0.547976 0.192093 0.084555 0.256667 0.091248 -0.436106 -0.178944 -0.094924 -0.086611 -0.243609 -0.010802 -0.128172 -0.081831 -0.198895 -0.235770 0.130722 -0.096512 0.088024 0.157009 0.229239 0.132324 -0.206389 0.010907 -0.091037 0.058644 -0.022097 -0.094334 0.128935 0.165722 0.136718 0.221416 0.237573 0.077139 -0.238597 -0.218830 0.031218 0.185798 0.050500 0.144623 -0.082697 0.082041 0.008395 0.030036 0.181642 0.089825 -0.153877 -0.133810 0.069829 0.157813
-0.283190 -0.064054 0.280552 0.523133 -0.079159 0.135872 -0.460227 -0.402344 -0.246262 -0.329226 -0.184881 -0.379512 -0.518161 -0.616946 -0.207441 -0.321968 -0.037808 -0.283643 0.148848 0.153114 0.414839 0.370485 1.000000 0.648602 0.707105 0.562076 0.767640 0.606947 -0.407435 -0.513686 0.430978 0.460464 -0.320729 -0.232210 0.276729 0.292256 -0.033108 0.003447 0.332282 0.130256 -0.174863 0.014327 0.047581 0.228675 -0.304468 0.052230 -0.092289 0.032248 -0.022978 -0.383883 0.333099 -0.093869 -0.324654 0.035484 -0.256737 -0.094757 -0.025513 -0.006625 -0.329615 -0.216090 -0.499825 -0.559281 -0.347104 -0.478308 -0.054622 0.189279 0.140998 0.369450 -0.124191 0.045022 0.075031 0.204971 -0.454906 -0.268025 -0.300805 -0.195851 -0.245191 -0.133046 0.057221 -0.077448 -0.201428 -0.197228 0.187662 -0.145471 0.243603 0.101953 0.219889 0.161474 0.360406 0.059911 0.254667 0.328300 0.227954 0.147653 0.213450 0.235694 0.165222 0.159221 0.159402 0.150670 -0.274419 -0.471922 -0.175807 0.015553 -0.078902 0.270172 -0.308668 -0.103730 -0.042235 0.133878 0.444914 0.036244 -0.287333 -0.093188 -0.019494 0.189908
-0.487384 -0.308921 0.180205 0.781231 -0.067784 -0.184125 -0.248626 -0.362547 -0.309079 -0.409581 -0.148077 -0.218711 -0.576223 -0.563999 -0.160946 -0.242953 -0.164105 -0.364160 0.173809 0.413649 0.436047 0.393786 0.648602 1.000000 0.595770 0.489721 0.609672 0.527937 -0.222777 -0.630258 0.561027 0.684243 -0.287474 -0.236992 0.178673 0.201608 0.011434 -0.013729 0.212091 0.011610 -0.191441 0.073721 -0.015835 0.177612 -0.131030 0.162619 -0.127138 0.182508 -0.176786 -0.262545 0.350104 -0.105544 -0.284768 0.055419 -0.240749 -0.015822 -0.169766 -0.217741 -0.617038 -0.340339 -0.677885 -0.704231 -0.358870 -0.558512 0.110154 -0.096160 -0.020737 0.370188 -0.162196 0.047886 0.219406 0.125791 -0.410456 -0.140001 -0.122294 -0.242161 -0.304087 -0.082935 -0.235618 -0.230611 -0.340490 -0.361442 0.549805 0.267757 0.414602 0.362113 0.390317 0.345770 -0.081689 0.044390 0.395549 0.454580 0.372617 0.046491 0.161415 0.175492 -0.038665 0.103195 0.280121 0.205301 -0.348685 -0.419035 -0.277647 -0.025791 -0.125056 0.259471 -0.248526 -0.161210 0.039436 0.212274 0.432647 0.097455 -0.396190 -0.166045 -0.039742 0.024360
-0.280947 -0.119437 0.420591 0.414184 0.044922 -0.057362 -0.489927 -0.413818 -0.474853 -0.468480 -0.293985 -0.506422 -0.616337 -0.735102 -0.580782 -0.679569 -0.052521 -0.184996 0.228501 0.068943 0.438046 0.520059 0.707105 0.595770 1.000000 0.796316 0.833498 0.623866 -0.547566 -0.487865 0.549898 0.632054 -0.237323 -0.122510 0.319535 0.517974 0.016374 0.017299 0.310326 0.148883 -0.003452 0.137612 0.206381 0.357664 -0.145444 0.358010 -0.131436 0.126571 -0.053429 -0.412373 0.470531 -0.054546 -0.293399 0.186908 -0.185257 0.004118 0.130248 0.025049 -0.408857 -0.381553 -0.653874 -0.692587 -0.381556 -0.566032 -0.278549 0.162653 0.167940 0.628639 -0.061891 -0.032039 0.095857 0.233343 -0.438066 -0.267847 -0.257249 -0.221841 -0.343373 -0.093049 0.045409 -0.104532 -0.088163 -0.079045 0.059026 -0.222479 0.229297 0.210581 0.234269 0.071099 -0.045991 -0.169370 0.139423 0.212420 0.180017 -0.132305 0.321937 0.233191 0.295319 0.245367 0.195147 0.173230 -0.252269 -0.463673 -0.205937 0.026299 -0.058315 0.274252 -0.217092 0.044653 0.011877 0.131380 0.508645 0.114354 -0.236575 -0.256477 -0.003180 0.173787
-0.519710 -0.259405 0.337789 0.412481 0.204996 0.129860 -0.276473 -0.139257 -0.122693 -0.154039 -0.377635 -0.474790 -0.590092 -0.461529 -0.423893 -0.480119 -0.167687 -0.030354 -0.089600 -0.096437 0.326909 0.402627 0.562076 0.489721 0.796316 1.000000 0.612181 0.541705 -0.399620 -0.312566 0.532889 0.685011 -0.151000 0.053332 0.262096 0.492364 0.129114 -0.003233 0.142924 0.142139 0.128501 0.049159 0.187790 0.283259 -0.109024 0.419116 -0.039653 0.104696 -0.184692 -0.482911 0.462700 -0.290202 -0.156955 0.316570 -0.123998 -0.103063 0.009367 -0.110121 -0.443840 -0.462562 -0.586338 -0.549805 -0.231807 -0.467944 -0.228701 0.255303 0.014671 0.558068 -0.129898 -0.114989 0.045017 0.289546 -0.219437 -0.178670 -0.110957 -0.204538 -0.221298 0.089445 0.136617 -0.002378 0.039955 0.057157 -0.058282 -0.166535 0.071947 0.189502 0.180616 -0.023587 -0.150378 -0.292326 0.082330 0.085556 0.225139 -0.179213 0.150431 0.245851 0.260134 0.310880 0.114298 0.086565 -0.275554 -0.422647 -0.177762 -0.152951 -0.237214 0.115760 -0.231271 -0.167924 0.039819 0.057949 0.507320 0.035691 -0.302395 -0.141927 -0.029712 0.102270
-0.275257 -0.081616 0.359925 0.469004 -0.032150 0.021574 -0.549945 -0.544702 -0.551047 -0.538599 -0.272184 -0.382239 -0.596572 -0.701808 -0.507181 -0.544303 -0.062514 -0.178671 0.330854 0.209403 0.510462 0.590504 0.767640 0.609672 0.833498 0.612181 1.000000 0.734850 -0.573431 -0.617624 0.344737 0.469350 -0.369357 -0.344794 0.272690 0.395682 0.034690 0.121208 0.510674 0.244098 -0.151924 0.184443 0.134276 0.292220 -0.368149 0.143355 -0.087446 0.099320 0.041286 -0.485007 0.309691 -0.027086 -0.275386 0.030178 -0.119247 0.040492 0.177023 0.098278 -0.344311 -0.200369 -0.618242 -0.727103 -0.263785 -0.525976 -0.411493 0.050866 0.287724 0.580593 0.093123 0.175452 0.145341 0.169490 -0.575811 -0.295292 -0.309314 -0.251404 -0.367434 -0.167479 0.053440 -0.005384 -0.099801 -0.093115 0.087432 -0.141684 0.133531 0.220680 0.139773 0.209711 0.043085 0.061845 0.325216 0.315771 0.239772 0.020268 0.231270 0.192989 0.310656 0.245290 0.299823 0.264432 -0.239390 -0.350522 0.015902 0.154092 -0.014807 0.261934 -0.086801 -0.013306 0.096873 0.240659 0.451068 0.154508 -0.258951 -0.079896 -0.010554 0.153029
-0.249926 -0.085616 0.328678 0.565222 0.043121 0.235325 -0.386786 -0.182787 -0.373756 -0.251808 -0.234202 -0.311911 -0.473457 -0.500085 -0.350884 -0.364543 -0.085539 -0.160101 0.220500 0.109161 0.401231 0.448879 0.606947 0.527937 0.623866 0.541705 0.734850 1.000000 -0.666184 -0.616968 0.169563 0.338009 -0.519793 -0.375393 0.143980 0.288287 -0.240115 -0.071288 0.185743 0.136210 -0.239784 -0.002428 0.127146 0.239996 -0.289847 0.213498 0.057808 0.170448 0.098933 -0.562531 0.285739 -0.159117 -0.244189 0.008595 -0.144459 -0.042994 0.127836 0.022651 -0.181340 -0.130870 -0.445084 -0.444671 -0.242571 -0.444041 -0.201381 0.304507 0.182531 0.529376 0.020708 0.028890 -0.061127 0.026641 -0.633634 -0.313734 -0.339527 -0.249076 -0.455648 -0.149407 -0.122017 0.064600 -0.265627 -0.301104 0.032011 -0.210364 0.062485 0.112204 0.065386 0.019308 0.127516 0.057288 0.332653 0.280593 0.365020 0.171891 0.181199 0.110408 0.192042 0.238429 0.304415 0.208732 -0.133747 -0.357229 -0.048705 0.138795 -0.075415 0.314150 -0.037962 -0.102521 0.057122 0.059483 0.359358 0.177756 -0.090980 -0.043818 0.102902 0.170585
-0.040592 -0.055522 -0.408045 -0.310745 -0.019503 -0.286238 0.464745 0.075382 0.201606 0.130575 0.370537 0.337098 0.452188 0.463638 0.363878 0.417645 0.121459 0.187514 -0.261598 0.116156 -0.329962 -0.374291 -0.407435 -0.222777 -0.547566 -0.399620 -0.573431 -0.666184 1.000000 0.572076 0.108992 -0.025026 0.534409 0.346027 -0.281957 -0.355812 0.348256 0.119500 -0.088220 -0.086178 0.215784 0.047248 -0.083314 -0.255256 0.394140 -0.102912 -0.031703 -0.167565 -0.248908 0.539003 -0.282050 -0.185231 0.053805 -0.107312 0.277887 0.049803 -0.337870 -0.316558 -0.012681 -0.077102 0.294023 0.178704 0.352283 0.302582 0.304198 -0.478088 -0.217337 -0.456811 -0.102676 -0.092787 0.102548 -0.025410 0.700471 0.290707 0.345285 0.199708 0.372479 0.117080 0.077665 -0.076529 0.209981 0.223576 0.373777 0.565378 0.130324 -0.002687 0.245867 0.112847 -0.241951 -0.124176 -0.280079 -0.155279 -0.447417 -0.040803 -0.278598 -0.120879 -0.260896 -0.318997 -0.232428 -0.247117 -0.059121 0.168836 -0.023582 -0.277186 -0.270897 -0.341933 -0.232456 -0.173240 0.155263 0.126254 -0.320800 -0.133761 -0.201131 -0.031821 -0.156147 -0.264334
0.147242 0.028826 -0.385365 -0.622353 -0.051071 -0.017524 0.248139 0.234926 0.303017 0.266413 0.136102 0.265555 0.398066 0.548629 0.243018 0.316521 0.220991 0.491265 -0.412264 -0.342726 -0.580446 -0.535411 -0.513686 -0.630258 -0.487865 -0.312566 -0.617624 -0.616968 0.572076 1.000000 -0.189874 -0.280414 0.329052 0.289276 -0.323150 -0.296770 0.379254 0.265552 -0.167648 0.128491 0.332823 0.138713 -0.056699 -0.210829 0.311332 -0.110370 0.026789 -0.177715 -0.142657 0.360056 -0.278626 -0.003820 0.354068 0.046101 0.248710 0.169063 0.025086 -0.021241 0.214658 0.115970 0.373693 0.429275 0.355971 0.399243 0.042482 -0.210910 -0.167628 -0.431132 -0.037596 -0.248863 -0.140908 0.084835 0.755716 0.345729 0.270196 0.267290 0.489189 0.208376 0.335068 0.266145 0.511904 0.585216 -0.176270 0.185467 -0.146188 -0.115452 0.057028 -0.045334 -0.163256 -0.082806 -0.380913 -0.342130 -0.417826 -0.230766 -0.322132 -0.069092 0.063005 -0.280131 -0.371535 -0.214368 0.228080 0.245182 0.140598 -0.373308 -0.165011 -0.439801 -0.027233 -0.140323 0.200045 -0.061103 -0.233919 -0.113846 0.188709 0.173068 -0.255734 -0.167795
-0.413061 -0.351045 0.249086 0.312765 0.016822 -0.281669 -0.099975 -0.213537 -0.171723 -0.288735 -0.025333 -0.350921 -0.456084 -0.496707 -0.295025 -0.392159 -0.230822 -0.321380 -0.032333 0.154772 0.141073 0.244948 0.430978 0.561027 0.549898 0.532889 0.344737 0.169563 0.108992 -0.189874 1.000000 0.756307 0.122181 0.117504 0.142702 0.244828 0.107400 0.007174 0.223785 -0.036351 -0.006299 0.242568 0.180204 0.237859 0.166872 0.351831 -0.010024 0.146523 -0.280872 -0.077254 0.206783 -0.284697 -0.435433 0.114105 -0.028279 0.041080 -0.252545 -0.335216 -0.513437 -0.564508 -0.569611 -0.573825 -0.296144 -0.543122 0.241388 0.000937 -0.122623 0.343874 -0.298946 -0.112492 0.142809 0.237632 -0.000418 -0.054109 0.077052 -0.067941 0.005307 0.219703 -0.109436 -0.307837 -0.193074 -0.129206 0.436859 0.307034 0.437211 0.348271 0.360551 0.226991 -0.211964 -0.326699 -0.038358 0.086067 0.013728 -0.094808 0.166614 0.325302 0.074133 0.103019 0.130290 0.032024 -0.309555 -0.398587 -0.428305 -0.326523 -0.389501 -0.097336 -0.467757 -0.150756 0.090952 0.314488 0.428211 0.074529 -0.409259 -0.178226 -0.101379 -0.099670
-0.461348 -0.275666 0.157221 0.427910 0.067348 -0.178818 -0.278130 -0.353644 -0.326077 -0.397305 -0.075840 -0.268718 -0.469114 -0.476663 -0.403680 -0.420626 -0.142464 -0.169584 -0.020521 0.212065 0.362053 0.404592 0.460464 0.684243 0.632054 0.685011 0.469350 0.338009 -0.025026 -0.280414 0.756307 1.000000 0.065194 0.261997 0.305798 0.470240 0.138145 0.028543 0.167421 -0.029348 0.020122 0.063478 0.296073 0.391675 0.122037 0.464673 -0.052698 0.253554 -0.208786 -0.199726 0.317702 -0.393009 -0.383650 0.017316 -0.070444 -0.098584 -0.216113 -0.261191 -0.581986 -0.640050 -0.710879 -0.653328 -0.318429 -0.582539 0.005274 0.000140 -0.096523 0.434331 -0.197850 -0.197943 0.149844 0.213752 -0.150692 -0.134743 -0.045833 -0.107456 -0.165451 0.153674 -0.081418 -0.082982 -0.147697 -0.171272 0.422402 0.174931 0.381556 0.356523 0.443144 0.163462 -0.252431 -0.432722 0.091854 0.220778 0.082980 -0.177032 0.132581 0.268330 0.133218 0.235287 0.074213 0.064520 -0.432665 -0.380566 -0.364396 -0.270690 -0.262326 0.119828 -0.426223 -0.098302 0.030380 0.235868 0.601825 0.109706 -0.431155 -0.232492 0.015669 0.079796
0.081528 0.093467 -0.041397 -0.315681 0.105720 -0.152976 0.272887 -0.020390 0.078644 -0.070982 0.308312 0.003262 0.323775 0.224707 -0.029416 0.089151 -0.171338 0.040098 -0.146747 -0.011980 -0.177718 -0.133721 -0.320729 -0.287474 -0.237323 -0.151000 -0.369357 -0.519793 0.534409 0.329052 0.122181 0.065194 1.000000 0.590520 0.044221 -0.026595 0.121028 0.069524 -0.051997 -0.101621 0.261438 -0.078027 0.134851 -0.025064 0.331468 0.019530 -0.008573 -0.053684 -0.031660 0.276684 0.007068 -0.187296 -0.127419 -0.064935 0.213860 -0.140436 -0.108708 -0.081030 0.026298 -0.288603 0.290151 0.085184 0.212758 0.209594 0.129921 -0.092254 -0.046480 -0.122493 -0.160707 -0.242839 0.160302 0.059185 0.529805 0.107414 0.204428 0.253555 0.369950 0.290241 -0.095937 -0.151724 0.133922 0.119008 0.036891 0.164987 0.024475 -0.032133 -0.032084 -0.141552 -0.227885 -0.359945 -0.524839 -0.455628 -0.471759 -0.180243 0.041532 -0.127459 -0.075856 -0.186551 -0.261307 -0.270198 -0.122956 0.054114 -0.023445 -0.146028 -0.124984 -0.158591 -0.127976 0.157289 -0.273622 -0.089973 -0.154420 -0.009133 -0.007129 -0.161432 0.041281 -0.086518
0.095106 0.281962 -0.227912 -0.236471 0.137118 0.065391 0.070701 0.219342 0.103941 0.110881 0.255091 0.120915 0.268053 0.326570 -0.073828 -0.013518 0.050140 0.188833 -0.332086 -0.035353 0.016938 -0.215226 -0.232210 -0.236992 -0.122510 0.053332 -0.344794 -0.375393 0.346027 0.289276 0.117504 0.261997 0.590520 1.000000 0.140915 0.261981 -0.105364 -0.163370 -0.246387 -0.273342 0.305742 -0.317461 0.252695 0.230091 0.328555 0.218348 0.049092 0.220073 -0.165907 0.067982 -0.073186 -0.428840 -0.180026 -0.028872 0.112141 -0.293323 -0.073570 0.025388 -0.036978 -0.402756 0.045617 0.143433 0.050016 0.046421 0.082201 0.185899 -0.361626 -0.046791 -0.085373 -0.272643 -0.044699 -0.076148 0.331789 0.043045 0.215676 0.000271 0.064230 0.127854 0.152194 0.114924 0.253276 0.152772 -0.000475 -0.115941 0.115952 -0.141499 -0.015948 -0.453470 -0.064701 -0.510771 -0.365689 -0.418965 -0.340862 -0.344946 0.029760 -0.158401 0.040626 -0.027724 -0.424496 -0.417670 -0.241907 0.031941 -0.223263 -0.246196 -0.072020 0.031883 -0.239192 0.138000 -0.372716 -0.005837 0.143726 0.052019 -0.178389 -0.275589 0.282805 -0.010478
-0.066366 -0.115206 0.357566 0.152117 0.197501 0.080424 -0.267107 -0.173952 0.004389 -0.152464 0.103498 -0.053938 -0.179030 -0.257541 -0.172216 -0.166336 -0.235206 -0.288522 0.022879 -0.119085 0.251324 0.258233 0.276729 0.178673 0.319535 0.262096 0.272690 0.143980 -0.281957 -0.323150 0.142702 0.305798 0.044221 0.140915 1.000000 0.545502 -0.087729 -0.092093 0.104229 -0.138351 -0.146230 -0.030482 -0.082247 0.048121 -0.043391 0.263071 -0.181180 -0.020665 0.285558 -0.167404 0.234073 -0.044309 -0.207732 -0.166175 -0.227918 -0.459259 -0.070401 -0.019403 -0.004875 -0.173172 -0.218235 -0.193103 -0.288160 -0.287944 0.004084 0.317837 0.205523 0.382488 -0.216354 -0.368364 0.101536 0.100365 -0.334708 -0.209145 -0.206747 -0.072431 -0.162296 0.095548 -0.226245 0.003709 -0.227324 -0.281986 0.002635 -0.155010 0.079270 0.247314 -0.044238 -0.023698 0.086792 -0.308327 0.053003 0.060898 0.148067 -0.023545 0.115414 0.481851 -0.131921 0.164838 -0.135463 0.058122 -0.002912 -0.148635 0.043697 0.125121 0.110615 0.138583 -0.089798 0.195099 -0.008288 0.212684 0.392440 -0.143314 -0.110031 -0.158197 0.034482 -0.115087
-0.156481 -0.111371 0.098339 0.109700 0.090599 -0.020372 -0.429199 -0.161986 -0.195268 -0.250409 -0.120735 -0.238556 -0.390687 -0.394106 -0.492983 -0.600678 -0.080221 -0.003330 -0.046319 -0.037173 0.255453 0.327998 0.292256 0.201608 0.517974 0.492364 0.395682 0.288287 -0.355812 -0.296770 0.244828 0.470240 -0.026595 0.261981 0.545502 1.000000 0.029139 0.065346 0.213896 0.120708 0.017787 0.160749 0.262674 0.369700 0.118134 0.601247 -0.083931 0.248453 0.093774 -0.174895 0.193556 -0.195039 -0.254053 -0.006389 -0.178912 -0.352665 0.234306 0.080560 -0.181156 -0.285983 -0.517034 -0.330640 -0.299320 -0.480297 -0.321802 0.336199 0.019102 0.467566 -0.016671 -0.142779 -0.032352 0.113793 -0.300309 -0.232679 -0.197416 -0.345711 -0.282644 0.011088 0.030518 0.013202 0.011992 -0.118578 0.017087 -0.149934 0.042283 0.207461 0.080096 -0.070380 -0.128313 -0.485754 0.080669 0.060027 0.150877 -0.141831 0.138196 0.336142 0.220079 0.204474 0.035473 0.251266 -0.166161 -0.222221 -0.168828 -0.154470 -0.025535 0.169529 -0.153222 -0.066029 -0.005405 0.220017 0.511207 0.089903 -0.120781 -0.178425 0.090996 0.033100
