1.000000 0.444834 -0.307377 -0.349238 0.069341 -0.167530 -0.101153 -0.175332 0.019866 -0.180642 0.168468 0.012141 0.117469 0.082675 0.175924 0.241463 -0.060333 0.211577 0.420608 0.268151 0.173339 0.161401 -0.218301 -0.514309 -0.184377 -0.358322 -0.139395 -0.139134 0.264775 0.169914 -0.144375 -0.258143 0.115239 -0.175895 -0.456470 -0.502492 0.211856 -0.139130 -0.028524 -0.001771 0.092432 0.268122 0.095497 0.088054 0.194647 -0.149870 0.164280 0.011915 -0.014570 0.095852 -0.235041 -0.134607 -0.047184 0.164697 -0.033762 0.086010 0.503198 0.158555 0.088160 0.005517 -0.069893 0.221282 -0.011450 0.251067 -0.387764 -0.270495 -0.128563 -0.526034 0.313146 0.014670 -0.034754 -0.080014 0.212418 0.232034 0.279381 0.039757 0.327690 -0.036616 -0.029944 0.132329 0.228342 0.258085 0.421972 0.280159 0.148957 -0.101432 -0.214579 0.004554 -0.254436 -0.333722 -0.042400 0.122037 -0.144223 -0.088849 0.080362 0.005759 -0.043879 0.280372 0.025181 0.349101 0.150855 0.062199 -0.029301 0.076194 -0.172157 -0.106561 -0.154356 0.203419 0.192649 0.031320 -0.254010 0.179238 0.036762 -0.093068 -0.192522 -0.085119
0.444834 1.000000 -0.418620 -0.374278 -0.252706 -0.483872 -0.090067 -0.061947 -0.243699 -0.325760 0.086378 0.271871 0.172774 0.300308 -0.190477 0.041021 0.387992 0.507954 0.311854 0.331734 0.053835 0.017495 -0.283014 -0.412843 -0.236406 -0.259691 -0.431789 -0.322572 0.510328 0.479160 0.062779 0.007993 0.184533 0.112762 -0.240496 -0.186865 0.383722 0.258625 -0.020775 0.063110 0.212937 0.496048 -0.284986 -0.074529 -0.009340 -0.150242 -0.218671 -0.255611 -0.277664 -0.252683 -0.340475 -0.271994 -0.282288 -0.069464 -0.272271 -0.033518 0.451339 0.293332 -0.102517 -0.176153 -0.020647 0.214229 0.202178 0.344818 -0.277399 -0.084463 -0.237853 -0.455600 0.076056 -0.031444 0.065583 0.067588 0.588380 0.485711 0.391246 0.444021 0.454421 0.353740 0.323718 0.418661 0.496059 0.502798 0.009052 0.276212 0.197144 0.212666 -0.178422 -0.035935 -0.268304 -0.235102 -0.332114 -0.185880 -0.331564 -0.423540 -0.105307 0.470004 -0.347802 0.027615 -0.090337 0.018397 -0.091714 0.006654 -0.415730 -0.272089 -0.347967 -0.254458 -0.049379 -0.046492 0.160752 0.166400 -0.310572 0.115831 -0.044032 -0.181007 -0.288228 -0.010460
-0.307377 -0.418620 1.000000 0.429371 0.432658 0.245084 0.328073 -0.114668 0.236322 0.135335 -0.011155 -0.388398 -0.149760 -0.357056 0.382736 -0.131303 -0.235916 -0.245208 -0.339461 -0.275874 -0.134670 0.249848 0.429687 0.468976 0.478068 0.310332 0.578758 0.490866 -0.525055 -0.478886 0.086472 0.095425 -0.000703 -0.038561 0.208362 0.231589 -0.245107 -0.225604 0.196439 -0.277995 -0.242656 -0.443242 0.008702 -0.222304 -0.183209 0.084010 -0.013147 -0.056814 0.025118 -0.060542 0.363794 0.086422 0.313420 0.052804 0.194235 -0.194521 -0.193416 -0.097032 0.063126 0.104031 0.333176 -0.135550 0.036071 -0.010156 0.610359 0.023851 0.376847 0.440644 -0.091474 0.108263 -0.245811 -0.155656 -0.411877 -0.461279 -0.466156 -0.354247 -0.490581 -0.422516 -0.226966 -0.276707 -0.424029 -0.418278 0.033116 -0.372466 -0.167007 -0.029772 0.128176 -0.166693 0.369245 0.393743 0.011774 0.012061 -0.092026 0.221316 -0.068814 -0.253239 0.023338 -0.158404 -0.146153 -0.180570 -0.050627 0.144254 0.150524 0.140670 -0.041056 -0.021910 0.138651 -0.162281 -0.130494 -0.061194 0.309613 -0.250214 -0.016797 -0.180473 0.033609 -0.103816
-0.349238 -0.374278 0.429371 1.000000 0.042662 0.476372 0.267159 0.197699 0.076717 0.364817 -0.082746 -0.053488 -0.090061 -0.072537 0.116969 -0.031228 -0.188331 -0.299606 -0.212948 -0.127645 -0.218288 0.310221 0.379353 0.627473 0.179023 0.337271 0.370805 0.293640 -0.336758 -0.273735 0.170289 0.258907 -0.094161 0.244609 0.217659 0.281609 -0.421620 -0.200006 -0.041231 -0.345187 -0.422449 -0.432524 -0.111526 -0.178086 -0.111296 0.217976 -0.141018 -0.165705 -0.149097 -0.002098 0.230303 0.136454 0.106020 0.161422 0.001998 -0.346898 -0.299201 -0.344752 -0.154498 -0.111901 0.154876 -0.035218 0.059683 -0.073341 0.616584 0.313622 -0.012328 0.290541 -0.263452 -0.003946 0.094073 0.245273 -0.283176 -0.184113 -0.104262 0.013830 -0.373180 -0.405510 0.039017 -0.304315 -0.198759 -0.216088 -0.112267 -0.134142 0.058153 0.343632 0.229990 -0.269690 0.453478 0.531480 0.007550 -0.219290 -0.008244 -0.129840 -0.356523 -0.155830 -0.238326 -0.422405 -0.366252 -0.397506 -0.096155 -0.174218 0.041351 -0.351970 -0.116355 -0.182309 0.209635 -0.401162 -0.217819 -0.234697 0.127287 -0.226351 -0.035384 -0.063180 0.130614 -0.015349
0.069341 -0.252706 0.432658 0.042662 1.000000 0.244141 0.289472 -0.344115 0.515296 0.255253 0.018949 -0.382675 0.070114 -0.409241 0.439080 0.002286 -0.354784 -0.212709 -0.066995 0.059084 0.073504 0.119683 0.123077 0.122853 0.120885 -0.089097 0.365871 0.356826 -0.268429 -0.280204 -0.146099 -0.154564 -0.169854 -0.185962 -0.035284 -0.010135 -0.268056 -0.194742 -0.020481 -0.236238 -0.089299 -0.056962 0.130686 -0.148904 0.082569 0.092307 0.133076 0.044100 0.070960 0.008847 0.072726 -0.117075 0.134855 0.040851 -0.024932 -0.405808 -0.278300 -0.034232 0.135693 -0.035461 0.194255 -0.076702 0.081127 0.032688 0.365505 -0.219791 0.061046 0.135610 0.125286 0.299672 0.010867 0.043492 -0.284410 -0.165431 -0.272762 -0.132290 -0.439918 -0.355626 -0.276828 -0.219437 -0.233275 -0.144168 0.123477 -0.139516 -0.054001 -0.222718 -0.026039 -0.199071 0.182269 -0.143801 0.305027 0.455864 0.165356 0.543346 0.044727 -0.402495 -0.203749 0.068038 -0.093248 -0.026537 0.209436 0.435624 0.338957 0.303645 0.296121 0.415649 0.128824 0.215813 0.003581 -0.129767 0.189427 0.131344 -0.023439 -0.058420 0.070779 -0.000594
-0.167530 -0.483872 0.245084 0.476372 0.244141 1.000000 0.246778 0.297197 0.348582 0.663574 0.111047 0.034763 0.088201 0.064957 0.411290 0.182900 -0.228939 -0.328450 -0.385226 -0.306308 -0.050428 0.193207 0.162999 0.453872 -0.121586 -0.025999 0.387065 0.361472 -0.355110 -0.391023 -0.291446 -0.163655 -0.389421 -0.191579 -0.101475 -0.023224 -0.352676 -0.416525 -0.115235 -0.445547 -0.503009 -0.495952 0.217365 0.026635 -0.082420 0.036554 0.213270 0.131152 0.090838 0.113435 0.158625 0.233566 0.264235 0.124101 0.146929 -0.184130 -0.355879 -0.300614 0.085257 0.120896 0.223645 0.076520 0.119998 -0.041534 0.370665 0.360683 -0.062427 0.229594 -0.109460 0.079687 -0.043649 0.183184 -0.481903 -0.365048 -0.181915 -0.108694 -0.417087 -0.556142 -0.010852 -0.312521 -0.207709 -0.252899 -0.066138 -0.234066 -0.149283 -0.184298 0.108978 -0.323831 0.374843 0.343514 0.391631 0.090226 0.489638 0.194149 -0.249217 -0.516517 -0.176623 -0.308994 -0.123112 -0.146958 0.145105 -0.106194 0.307125 0.005569 0.247963 0.064749 0.261461 -0.302055 -0.257938 -0.248040 0.028005 -0.220203 -0.052841 -0.081456 0.283412 0.126965
-0.101153 -0.090067 0.328073 0.267159 0.289472 0.246778 1.000000 0.267533 0.692311 0.406701 0.268856 0.072070 0.431630 0.102247 0.395844 0.043949 -0.307838 -0.253918 0.070705 0.065338 -0.116590 -0.025984 -0.117643 0.092279 -0.116684 -0.210025 -0.070561 -0.086555 -0.215440 -0.142930 -0.139924 -0.293949 0.054854 0.035512 -0.147610 -0.015155 -0.216032 -0.419774 -0.227230 -0.289898 -0.157716 -0.281607 -0.048737 -0.043739 0.069084 0.025893 -0.015836 -0.091323 -0.066640 0.043081 -0.105562 -0.179671 -0.121384 -0.130764 -0.295437 -0.284876 -0.294694 -0.113955 0.272863 -0.144643 0.351808 0.119164 -0.057299 -0.062854 0.468030 0.364117 0.054535 -0.010680 -0.018712 0.142199 -0.119622 -0.076194 -0.147182 0.082637 -0.151738 0.147012 -0.176658 -0.218612 -0.344631 -0.265145 -0.313167 -0.292673 0.070994 -0.092832 -0.179038 -0.145199 -0.238962 -0.284792 0.163212 0.081535 0.233657 0.231380 0.259175 0.400169 0.047775 -0.182252 -0.233773 -0.004562 -0.197315 -0.254124 0.094137 0.309609 0.196129 0.034556 0.007576 -0.158494 0.159050 0.035696 -0.053951 -0.152864 -0.167519 -0.058412 0.011118 0.026930 0.103795 0.090730
-0.175332 -0.061947 -0.114668 0.197699 -0.344115 0.297197 0.267533 1.000000 0.243715 0.484632 0.064309 0.608485 0.185842 0.633232 0.046206 0.241194 -0.024488 -0.079888 -0.122421 -0.227634 -0.038396 -0.058057 -0.388421 -0.092650 -0.404089 -0.173167 -0.158010 -0.309584 -0.101491 0.102683 -0.182349 -0.079959 0.084035 0.084915 -0.202065 -0.184819 -0.220204 -0.369858 -0.296437 -0.275062 -0.194505 -0.366518 0.078124 0.146743 0.000668 -0.120850 0.130471 0.086713 -0.052111 -0.041144 -0.030507 0.109397 0.000067 -0.120609 -0.016783 0.097891 -0.163316 -0.288109 0.099766 0.098853 0.294491 0.395587 0.178543 0.129716 0.064888 0.699124 0.011259 -0.055658 -0.212065 -0.373930 -0.042033 -0.076630 -0.022175 -0.076847 0.074552 0.078458 0.075682 -0.087519 -0.104656 -0.135344 -0.130750 -0.218231 -0.258788 -0.065119 -0.240925 -0.096390 -0.168816 -0.313320 -0.135174 0.268763 0.095515 -0.268173 0.386911 -0.180002 -0.325806 0.013390 -0.071338 -0.294723 -0.095659 -0.205547 0.040773 -0.095518 0.053076 -0.199943 -0.179732 -0.229401 -0.080618 -0.032809 -0.288822 -0.236458 -0.278293 -0.132500 0.137649 0.083699 0.131284 -0.029828
0.019866 -0.243699 0.236322 0.076717 0.515296 0.348582 0.692311 0.243715 1.000000 0.511948 0.316951 0.091399 0.420713 0.119911 0.595509 0.157067 -0.372747 -0.270573 -0.039271 -0.166780 -0.219114 -0.128014 -0.028393 0.006417 -0.309044 -0.354725 -0.081821 -0.190388 -0.288246 -0.183313 -0.402537 -0.512172 -0.086327 -0.189558 -0.193344 -0.071183 -0.362610 -0.379315 -0.389470 -0.235085 -0.160796 -0.240753 0.222440 -0.001276 0.128771 0.028012 0.214603 0.111959 0.230586 0.185067 0.033261 -0.066828 0.108987 -0.033547 -0.109750 -0.089914 -0.355683 -0.292177 0.401700 -0.106822 0.339630 0.121762 -0.113764 -0.149869 0.416140 0.334849 0.012624 -0.016360 0.166140 -0.069087 -0.160031 -0.181188 -0.282250 -0.063210 -0.145923 -0.028871 -0.179407 -0.386643 -0.402039 -0.336946 -0.361889 -0.355576 0.082338 -0.091717 -0.170590 -0.361675 -0.153741 -0.171487 0.211472 0.012087 0.338411 0.378916 0.502705 0.564249 -0.011405 -0.430331 -0.136179 0.106861 -0.051108 -0.053902 0.072141 0.307302 0.194604 0.214594 0.092398 0.059981 -0.020219 0.203950 0.023817 -0.210796 -0.064168 -0.123957 0.047200 0.013250 0.103127 -0.020547
-0.180642 -0.325760 0.135335 0.364817 0.255253 0.663574 0.406701 0.484632 0.511948 1.000000 -0.079748 0.303507 0.091220 0.213493 0.310016 0.252809 -0.227255 -0.261968 -0.185192 -0.189739 0.035059 0.072588 -0.165144 0.195597 -0.327703 -0.133370 0.223317 -0.027003 -0.189971 -0.102238 -0.234497 -0.103768 -0.157154 -0.002180 -0.184697 -0.055420 -0.426338 -0.375085 -0.335326 -0.536170 -0.328633 -0.371349 0.234502 0.154074 0.077781 0.194236 0.233362 0.139684 0.007794 0.123437 -0.026405 0.063005 0.094032 -0.051966 -0.128419 -0.311354 -0.400983 -0.314746 0.127144 -0.000090 0.325661 0.287714 0.178037 0.056090 0.438511 0.541703 -0.028800 0.106310 0.006817 -0.071718 -0.041946 0.066189 -0.216350 -0.038474 0.007791 0.051766 -0.259461 -0.369673 -0.108392 -0.221007 -0.228591 -0.286307 -0.132623 -0.137358 -0.208455 -0.250190 -0.007033 -0.494544 0.162192 0.204949 0.297909 0.054409 0.456522 0.178993 -0.366476 -0.248007 -0.287794 -0.397705 -0.356600 -0.247933 0.089535 0.069598 0.180639 0.025393 0.106908 0.044475 0.093149 0.037309 -0.274372 -0.401065 -0.177387 -0.164064 -0.024333 -0.058806 0.232939 0.183219
0.168468 0.086378 -0.011155 -0.082746 0.018949 0.111047 0.268856 0.064309 0.316951 -0.079748 1.000000 0.107310 0.724829 0.236100 0.412391 0.129214 0.128890 0.033933 -0.268027 -0.222782 -0.497803 -0.244081 0.138780 0.090931 -0.058523 -0.270035 -0.296721 -0.125288 0.031222 -0.246628 -0.342784 -0.484031 -0.405037 -0.404659 -0.280508 -0.314370 -0.005856 -0.188516 -0.197303 0.018816 -0.015744 -0.131680 0.058361 0.009806 -0.240920 -0.441808 0.028871 0.011819 0.282695 0.031556 0.123809 0.138623 0.211841 0.212243 0.012340 0.128058 0.073185 0.010144 0.290591 -0.133265 0.101454 0.139793 -0.244294 -0.093215 0.025925 0.070050 -0.249988 -0.273724 0.038036 0.001351 -0.086357 0.080424 -0.273807 -0.161233 -0.073783 -0.036932 0.022929 -0.172955 0.034757 -0.088707 -0.156331 -0.081510 0.169366 -0.184352 0.333755 0.013830 0.005180 0.126795 0.229542 0.076076 0.243591 0.226696 0.281900 0.188168 0.031468 -0.201747 0.065655 0.276857 0.121776 0.186072 -0.092529 -0.109747 -0.131917 -0.057929 -0.186404 -0.223324 -0.032984 -0.076561 0.060328 0.208209 0.062267 0.042699 -0.007852 0.095629 -0.195508 -0.089311
0.012141 0.271871 -0.388398 -0.053488 -0.382675 0.034763 0.072070 0.608485 0.091399 0.303507 0.107310 1.000000 0.395430 0.768020 0.013508 0.464116 0.314646 0.288291 0.048325 -0.071995 -0.139691 -0.293112 -0.511206 -0.305966 -0.503748 -0.348625 -0.405392 -0.487598 0.272987 0.328285 -0.214820 -0.133572 0.100247 0.178916 -0.357222 -0.166142 0.182143 -0.062911 -0.206973 -0.125358 -0.012946 -0.024846 -0.109568 -0.066456 -0.129757 -0.276806 -0.106107 -0.148491 -0.113467 -0.190117 -0.224504 0.001046 -0.054363 -0.105958 -0.069724 0.030752 -0.074558 -0.121510 0.156303 0.001433 0.184822 0.319698 0.176524 0.175974 -0.133054 0.527160 -0.165231 -0.252318 -0.072110 -0.307114 0.042404 -0.022944 0.277451 0.163450 0.346279 0.344039 0.318148 0.216172 0.130420 0.095776 0.178022 0.074384 -0.071255 0.194827 -0.150831 0.008159 -0.152503 -0.133793 -0.280415 0.118953 0.029195 -0.181790 0.260010 -0.210080 -0.239746 0.208412 -0.187323 -0.311081 -0.190409 -0.191255 0.067068 -0.075490 -0.171108 -0.249361 -0.197893 -0.223792 -0.023465 -0.028746 -0.027171 -0.138844 -0.425796 -0.163187 0.063210 0.102549 -0.095060 0.072539
0.117469 0.172774 -0.149760 -0.090061 0.070114 0.088201 0.431630 0.185842 0.420713 0.091220 0.724829 0.395430 1.000000 0.423549 0.473775 0.288118 0.136588 0.099637 -0.047897 -0.047252 -0.481282 -0.289057 -0.180045 -0.099997 -0.228798 -0.489652 -0.438690 -0.215885 0.219510 0.017877 -0.360990 -0.469931 -0.238677 -0.208922 -0.402198 -0.242803 0.044137 -0.177216 -0.263593 -0.059211 -0.133551 -0.186135 -0.006841 -0.073442 -0.120165 -0.362498 -0.012264 -0.084490 0.148091 -0.049266 -0.128157 -0.058556 0.004337 0.038149 -0.015512 -0.046993 -0.183554 -0.110358 0.385957 -0.154162 0.217115 0.216553 -0.031849 0.013312 -0.052227 0.157471 -0.216338 -0.319244 0.029573 0.098255 0.031894 0.164419 -0.062474 -0.030597 0.025241 0.172968 0.048919 -0.052087 0.020183 -0.084285 -0.022689 0.022502 0.221272 0.010799 0.123710 -0.101112 -0.102235 0.009040 0.003100 -0.067632 0.298767 0.235982 0.351933 0.256266 0.019198 -0.054271 -0.038079 0.174200 0.043776 -0.013667 -0.013362 -0.008959 -0.051198 -0.200376 -0.161385 -0.292931 -0.029515 -0.013245 0.177460 0.078312 -0.123504 -0.098307 0.016177 0.167105 -0.156289 -0.056446
0.082675 0.300308 -0.357056 -0.072537 -0.409241 0.064957 0.102247 0.633232 0.119911 0.213493 0.236100 0.768020 0.423549 1.000000 0.172985 0.623614 0.381053 0.378284 0.037070 -0.103829 -0.155218 -0.246227 -0.528150 -0.428572 -0.590027 -0.515369 -0.355051 -0.495593 0.201357 0.244682 -0.364410 -0.290923 0.163746 0.036739 -0.438641 -0.337484 0.084544 -0.101065 -0.331615 -0.145923 -0.030389 -0.123498 -0.131904 -0.090152 -0.121435 -0.335482 -0.079207 -0.205382 -0.168104 -0.204106 -0.295705 -0.026206 0.025498 -0.145660 0.088326 0.158384 -0.014706 -0.033248 0.264548 0.179648 0.462029 0.521386 0.334753 0.381659 -0.172945 0.572293 -0.045542 -0.307340 -0.059670 -0.201156 -0.114812 -0.142814 0.201434 -0.024017 0.223242 0.184808 0.171181 0.014358 0.146916 0.046887 0.197587 0.131128 -0.097271 0.110691 -0.133940 -0.128153 -0.263342 -0.257499 -0.279563 0.216415 0.067268 -0.202593 0.297902 -0.235367 -0.274468 0.100052 -0.067255 -0.176230 -0.048602 -0.132693 0.194498 -0.033515 -0.101186 -0.189769 -0.243672 -0.355357 -0.058294 0.001156 -0.198862 -0.074539 -0.460193 -0.234798 0.015369 0.060153 -0.062454 -0.084331
0.175924 -0.190477 0.382736 0.116969 0.439080 0.411290 0.395844 0.046206 0.595509 0.310016 0.412391 0.013508 0.473775 0.172985 1.000000 0.427847 -0.150550 -0.132454 -0.103691 -0.185778 -0.270450 0.008625 0.149048 0.058482 -0.170840 -0.440689 0.238724 0.063411 -0.231437 -0.318841 -0.433261 -0.530676 -0.251857 -0.366286 -0.333936 -0.283705 -0.235699 -0.360821 -0.229568 -0.446437 -0.362282 -0.441846 0.238717 -0.168800 -0.119832 -0.260463 0.289954 -0.026804 0.168850 0.080272 0.174221 0.097008 0.380049 0.254041 0.280846 -0.068172 -0.280867 -0.219307 0.391673 -0.016016 0.420811 0.122827 0.068762 0.049815 0.337813 0.095265 0.003757 -0.115832 0.086121 0.129217 -0.210026 -0.098659 -0.365682 -0.420179 -0.226596 -0.218212 -0.315996 -0.483901 -0.231146 -0.325709 -0.227947 -0.201002 0.347148 -0.167656 -0.032724 -0.389972 0.027463 -0.272114 0.339083 0.155205 0.474283 0.417125 0.493343 0.489608 -0.175201 -0.479671 -0.017582 0.039834 0.097694 0.169953 0.201376 0.203717 0.221089 0.181186 0.113596 -0.016628 0.033640 -0.022435 -0.063171 -0.124392 -0.123507 -0.230794 0.075209 0.141940 0.023690 -0.116463
0.241463 0.041021 -0.131303 -0.031228 0.002286 0.182900 0.043949 0.241194 0.157067 0.252809 0.129214 0.464116 0.288118 0.623614 0.427847 1.000000 0.249021 0.325288 0.041062 -0.070120 -0.011426 -0.073650 -0.388086 -0.346134 -0.351881 -0.405400 0.012724 -0.120768 0.134395 0.072680 -0.274795 -0.203895 0.060194 -0.090209 -0.428265 -0.469779 0.028014 -0.205810 -0.238365 -0.202063 0.061795 -0.171270 -0.076493 -0.217393 -0.176575 -0.426449 0.005670 -0.255395 -0.132608 -0.156533 -0.127886 -0.001249 0.295456 -0.014749 0.259577 0.001090 -0.083906 -0.102569 0.265245 0.273674 0.466963 0.402381 0.431833 0.436925 -0.157067 0.231127 0.033109 -0.333662 -0.013952 0.030548 -0.135146 -0.114137 0.006209 -0.196629 0.138423 0.053392 -0.068797 -0.211508 0.028045 -0.142466 0.175948 0.116900 0.254679 0.269442 -0.205533 -0.215300 -0.381279 -0.276503 -0.234351 0.207243 0.238941 0.073529 0.249703 -0.061992 -0.141137 -0.143451 0.012777 -0.075249 -0.065219 0.011660 0.333703 0.182989 0.221178 -0.010485 -0.148432 -0.279749 0.009422 0.064396 -0.111007 -0.088864 -0.390269 -0.389515 -0.153963 -0.021152 -0.107173 -0.214184
-0.060333 0.387992 -0.235916 -0.188331 -0.354784 -0.228939 -0.307838 -0.024488 -0.372747 -0.227255 0.128890 0.314646 0.136588 0.381053 -0.150550 0.249021 1.000000 0.724273 0.071474 0.078467 -0.103104 -0.148178 -0.078381 -0.150381 -0.108120 -0.190777 -0.227277 -0.232114 0.478052 0.296727 -0.027421 0.078592 0.056266 0.030701 -0.199401 -0.182691 0.530651 0.506046 -0.009360 0.097394 0.115522 0.219727 -0.325825 -0.363168 -0.383807 -0.423719 -0.352008 -0.431522 -0.332895 -0.432169 -0.361515 -0.088658 -0.055647 -0.191229 0.039067 0.040891 0.246082 0.468469 -0.065958 0.071060 0.119354 0.198753 0.322209 0.413669 -0.225380 -0.007433 -0.138401 -0.271379 0.002818 0.034834 0.105441 0.166093 0.462655 0.158029 0.367576 0.239886 0.323137 0.273395 0.565810 0.530777 0.620006 0.547012 -0.068282 0.105453 0.127271 0.127161 -0.078274 -0.068089 -0.089506 0.118399 -0.251803 -0.307695 -0.231631 -0.460120 -0.193157 0.377081 -0.036140 -0.117467 -0.035366 -0.101828 -0.157632 -0.099287 -0.354029 -0.258320 -0.319640 -0.312211 0.087663 -0.297050 -0.063853 0.177547 -0.082605 -0.139635 -0.098386 -0.145370 -0.393692 -0.014599
0.211577 0.507954 -0.245208 -0.299606 -0.212709 -0.328450 -0.253918 -0.079888 -0.270573 -0.261968 0.033933 0.288291 0.099637 0.378284 -0.132454 0.325288 0.724273 1.000000 0.246052 0.290803 -0.116013 -0.044309 -0.230036 -0.397655 -0.160062 -0.269273 -0.254549 -0.275649 0.412011 0.483712 -0.122789 0.095964 0.124617 0.013552 -0.437871 -0.428582 0.521605 0.387484 -0.139733 0.149229 0.203411 0.317469 -0.307589 -0.369409 -0.232132 -0.484514 -0.282265 -0.405898 -0.404672 -0.429075 -0.459715 -0.293934 -0.143097 -0.246766 -0.137381 -0.022010 0.321071 0.433183 -0.118343 0.046937 0.159889 0.175064 0.481262 0.613138 -0.340980 -0.187066 -0.124757 -0.505382 0.110701 0.052621 0.041986 0.052640 0.523929 0.255760 0.213059 0.163416 0.304123 0.294591 0.582402 0.581693 0.748560 0.696605 0.167609 0.421697 0.054103 -0.029790 -0.279377 0.018134 -0.292521 -0.098559 -0.131044 -0.146654 -0.192931 -0.290636 -0.141338 0.421984 -0.201422 0.010475 -0.017701 -0.029410 0.094459 0.070178 -0.166352 -0.161412 -0.254214 -0.219226 -0.055685 -0.106918 0.090749 0.312059 -0.161791 0.022338 -0.076664 -0.072294 -0.287849 -0.060002
0.420608 0.311854 -0.339461 -0.212948 -0.066995 -0.385226 0.070705 -0.122421 -0.039271 -0.185192 -0.268027 0.048325 -0.047897 0.037070 -0.103691 0.041062 0.071474 0.246052 1.000000 0.699007 0.277157 -0.019550 -0.340781 -0.536217 -0.180337 -0.248457 -0.268869 -0.255155 0.364090 0.529982 0.193341 0.001649 0.409895 0.295789 -0.274214 -0.271113 0.195216 0.045065 -0.170864 0.059303 0.162651 0.279858 -0.073170 -0.097250 0.235738 -0.072853 -0.016608 -0.229391 -0.327475 -0.103371 -0.500123 -0.426202 -0.400848 -0.052741 -0.258918 -0.107515 0.205521 0.258575 -0.053193 -0.126343 -0.148312 -0.046491 0.045720 0.158901 -0.349858 -0.273436 -0.107669 -0.440900 0.297611 0.105240 0.074207 -0.240905 0.516795 0.508402 0.358315 0.194998 0.316447 0.241359 0.066806 0.223835 0.402269 0.398477 0.255841 0.512957 -0.089278 -0.066425 -0.335381 0.103023 -0.369116 -0.494845 -0.027901 0.148675 -0.161324 -0.016733 0.109895 0.187028 -0.114191 0.280610 0.090245 0.129419 0.230293 0.306996 0.130145 0.089041 -0.016704 0.025115 -0.086730 0.234272 0.157320 0.012766 -0.382748 0.053858 -0.039327 0.106699 -0.215607 -0.059710
0.268151 0.331734 -0.275874 -0.127645 0.059084 -0.306308 0.065338 -0.227634 -0.166780 -0.189739 -0.222782 -0.071995 -0.047252 -0.103829 -0.185778 -0.070120 0.078467 0.290803 0.699007 1.000000 0.160061 0.040239 -0.245470 -0.325133 -0.068875 -0.230989 -0.166411 -0.126442 0.295216 0.555210 0.088423 0.143581 0.308219 0.433819 -0.199209 -0.206104 0.270470 0.073466 -0.097725 0.108638 0.002696 0.348901 -0.212006 -0.230267 -0.033707 -0.183672 -0.229837 -0.337331 -0.509370 -0.376755 -0.464971 -0.611674 -0.488355 -0.190539 -0.431210 -0.472207 0.185715 0.436351 -0.160401 -0.211103 -0.228072 -0.156366 0.124079 0.226816 -0.222971 -0.356978 -0.175308 -0.313950 0.371201 0.501961 0.209919 -0.009515 0.519936 0.436227 0.177579 0.325600 0.264231 0.336192 0.223926 0.452002 0.510458 0.473876 0.144978 0.440246 -0.070798 -0.047041 -0.192196 -0.069497 -0.148911 -0.378836 0.062874 0.201671 -0.087302 0.059785 0.052769 0.348808 -0.346018 0.269255 -0.176979 0.023208 0.338341 0.349104 0.263514 -0.001886 0.137745 0.086924 0.261074 0.096134 0.061805 0.065510 -0.143635 0.354032 -0.060263 0.211986 -0.173051 0.172015
0.173339 0.053835 -0.134670 -0.218288 0.073504 -0.050428 -0.116590 -0.038396 -0.219114 0.035059 -0.497803 -0.139691 -0.481282 -0.155218 -0.270450 -0.011426 -0.103104 -0.116013 0.277157 0.160061 1.000000 0.292483 -0.274482 -0.211723 0.073268 0.197428 0.300152 0.274492 -0.007897 0.063688 0.319115 0.242491 0.325980 0.213642 0.091321 0.011896 0.087281 -0.045447 0.264964 -0.070349 0.244825 0.201095 -0.079663 0.077499 0.181821 0.184318 -0.044609 -0.063779 -0.243931 -0.030920 -0.299734 -0.109952 -0.205272 -0.339894 -0.009658 -0.089093 0.173100 0.169030 -0.008439 0.252234 -0.016053 0.112300 0.195916 0.173606 -0.214233 -0.027967 0.187314 0.109797 0.008424 0.063221 0.159543 -0.177725 0.170113 0.184063 0.256481 0.120026 0.058485 0.046912 -0.223720 0.037254 0.053787 0.063260 -0.192810 0.058833 -0.240539 0.014204 -0.148414 -0.197312 -0.259624 -0.168677 -0.274980 -0.140115 -0.154606 -0.051859 0.220778 -0.130238 0.115304 -0.115183 -0.009018 0.100061 0.235734 0.268730 0.209261 0.297032 0.163447 0.152178 -0.033214 0.185947 -0.170866 -0.397754 -0.236051 0.079087 -0.003506 -0.157137 0.024137 -0.060363
0.161401 0.017495 0.249848 0.310221 0.119683 0.193207 -0.025984 -0.058057 -0.128014 0.072588 -0.244081 -0.293112 -0.289057 -0.246227 0.008625 -0.073650 -0.148178 -0.044309 -0.019550 0.040239 0.292483 1.000000 0.118641 0.312636 0.302040 0.364083 0.295358 0.403661 0.055211 0.018207 0.265129 0.456264 -0.092969 0.042680 0.001092 0.018216 -0.001138 0.015144 0.231733 -0.249261 -0.193755 -0.049961 -0.179195 -0.176075 0.005887 0.213082 -0.073576 -0.222481 -0.310589 -0.133863 0.025099 -0.136528 -0.074040 -0.074545 -0.026550 -0.270508 0.080122 -0.080494 -0.112570 -0.005124 -0.035626 -0.027626 0.209486 0.073140 0.155848 -0.107646 0.023301 0.085066 -0.357433 0.027010 0.250593 0.327539 0.055195 0.082161 0.010404 0.082834 -0.273733 -0.389699 0.229242 -0.042647 0.133605 0.137308 0.185018 0.131204 0.125572 0.278887 0.045192 -0.209599 0.156379 0.151715 -0.118026 -0.170147 -0.165195 -0.262196 -0.069415 -0.021321 -0.266272 -0.251329 -0.117754 -0.142737 -0.161980 -0.106428 0.166496 -0.279496 -0.135312 -0.095008 0.201701 -0.174231 0.024465 -0.118047 -0.063970 -0.103323 -0.070608 -0.392670 -0.080503 -0.056140
-0.218301 -0.283014 0.429687 0.379353 0.123077 0.162999 -0.117643 -0.388421 -0.028393 -0.165144 0.138780 -0.511206 -0.180045 -0.528150 0.149048 -0.388086 -0.078381 -0.230036 -0.340781 -0.245470 -0.274482 0.118641 1.000000 0.689098 0.458163 0.431546 0.350456 0.344166 -0.285331 -0.311583 0.215483 0.144381 -0.298681 -0.075422 0.434202 0.372705 -0.100153 0.102889 0.168540 -0.085087 -0.180389 -0.073782 0.115296 -0.079510 -0.130942 0.166587 -0.007283 0.039485 0.218942 0.177358 0.418634 0.280197 0.126335 0.344256 0.010983 -0.050638 0.013108 -0.152873 -0.316822 -0.332503 -0.286245 -0.468586 -0.382149 -0.418679 0.457060 -0.218156 -0.151607 0.206644 -0.050031 -0.064474 -0.068016 0.107628 -0.293365 -0.163391 -0.078132 -0.189446 -0.153823 -0.193975 0.113901 -0.010760 -0.143445 -0.095239 0.064890 -0.227595 0.349569 0.249946 0.527007 0.145759 0.662298 0.215139 -0.150328 -0.059344 -0.128007 0.068843 -0.084840 -0.080517 0.082323 -0.007375 0.044602 0.152001 -0.325613 -0.285980 -0.219875 -0.104576 0.029639 0.032362 -0.013300 -0.345140 -0.070977 0.057795 0.530685 0.019564 0.081513 -0.019065 0.049915 0.021217
-0.514309 -0.412843 0.468976 0.627473 0.122853 0.453872 0.092279 -0.092650 0.006417 0.195597 0.090931 -0.305966 -0.099997 -0.428572 0.058482 -0.346134 -0.150381 -0.397655 -0.536217 -0.325133 -0.211723 0.312636 0.689098 1.000000 0.465007 0.613275 0.329125 0.475369 -0.309073 -0.385540 0.283588 0.347252 -0.470806 -0.054807 0.455520 0.446717 -0.212518 0.010215 0.119445 -0.226237 -0.278688 -0.285505 0.047473 -0.036757 -0.186906 0.197676 -0.040447 0.027993 0.135770 0.057690 0.459470 0.313832 0.180561 0.268930 -0.021727 -0.274989 -0.285086 -0.333107 -0.252693 -0.283919 -0.214546 -0.388839 -0.263151 -0.417789 0.495806 -0.018413 -0.202467 0.371974 -0.334522 -0.042310 0.185372 0.370708 -0.420847 -0.221343 -0.177457 -0.031614 -0.342351 -0.291582 0.103244 -0.151373 -0.268895 -0.260273 -0.127141 -0.319235 0.220560 0.347590 0.443477 0.013415 0.593865 0.365061 0.082686 -0.026920 0.082461 0.067130 -0.179968 -0.131740 -0.067316 -0.291612 -0.115630 -0.214874 -0.295753 -0.218443 -0.062511 -0.204465 0.110272 0.011923 0.190771 -0.435413 -0.105926 -0.069859 0.391100 -0.050164 -0.018027 -0.076136 0.149316 0.109422
-0.184377 -0.236406 0.478068 0.179023 0.120885 -0.121586 -0.116684 -0.404089 -0.309044 -0.327703 -0.058523 -0.503748 -0.228798 -0.590027 -0.170840 -0.351881 -0.108120 -0.160062 -0.180337 -0.068875 0.073268 0.302040 0.458163 0.465007 1.000000 0.736976 0.320321 0.535272 -0.127119 -0.209476 0.541474 0.539079 0.023794 0.087040 0.353845 0.283706 0.177040 0.122050 0.293502 0.108417 0.210418 -0.038648 -0.148931 -0.122428 -0.125753 0.091649 -0.195349 -0.066770 -0.046177 -0.122146 0.148214 0.020101 0.061233 0.077324 0.004542 -0.214234 0.150059 0.134611 -0.237477 -0.061617 -0.262642 -0.431485 -0.145774 -0.097932 0.052170 -0.395536 0.170430 0.315121 -0.069913 0.114216 0.006653 0.038672 -0.120153 -0.081156 -0.225127 -0.196254 -0.104837 -0.011303 0.002679 -0.096606 -0.098694 -0.090969 0.202358 -0.078360 0.140952 0.312445 0.154327 0.237196 0.104324 0.007709 -0.201881 -0.126470 -0.374540 -0.030771 0.318274 0.073952 0.182135 0.022843 -0.015309 -0.097481 -0.125165 -0.095836 -0.013557 -0.090580 -0.164640 -0.154106 0.035613 -0.173912 0.061208 -0.000311 0.395981 -0.077567 -0.238488 -0.265726 -0.183002 -0.179914
-0.358322 -0.259691 0.310332 0.337271 -0.089097 -0.025999 -0.210025 -0.173167 -0.354725 -0.133370 -0.270035 -0.348625 -0.489652 -0.515369 -0.440689 -0.405400 -0.190777 -0.269273 -0.248457 -0.230989 0.197428 0.364083 0.431546 0.613275 0.736976 1.000000 0.252446 0.508750 -0.146700 -0.070646 0.738389 0.760142 -0.023946 0.266156 0.527854 0.482554 0.001802 0.137890 0.222769 0.092072 0.244329 0.050851 -0.147903 -0.033426 -0.062698 0.265303 -0.242227 -0.072478 -0.010763 -0.056303 0.261321 0.170776 0.050903 0.060709 -0.057734 -0.124746 0.048508 -0.159142 -0.379193 -0.121745 -0.335709 -0.402674 -0.187959 -0.259659 0.115466 -0.178430 0.039922 0.372515 -0.289295 -0.222650 0.116306 0.107181 -0.058724 0.063695 -0.005668 0.027192 -0.055230 0.021827 0.022228 -0.102044 -0.150962 -0.133488 -0.097104 0.015695 0.149517 0.510850 0.160641 0.288906 0.106083 0.110479 -0.328418 -0.297480 -0.376254 -0.215365 0.141994 0.116477 0.105304 -0.196179 -0.070046 -0.210913 -0.199218 -0.207824 -0.153704 -0.147903 -0.156206 -0.095579 -0.063433 -0.110367 0.000346 -0.050614 0.283282 -0.091037 -0.205837 -0.313547 -0.042527 -0.216534
-0.139395 -0.431789 0.578758 0.370805 0.365871 0.387065 -0.070561 -0.158010 -0.081821 0.223317 -0.296721 -0.405392 -0.438690 -0.355051 0.238724 0.012724 -0.227277 -0.254549 -0.268869 -0.166411 0.300152 0.295358 0.350456 0.329125 0.320321 0.252446 1.000000 0.573358 -0.571644 -0.499249 0.035859 0.141262 0.046634 -0.009859 0.232548 0.071145 -0.376893 -0.216005 0.186086 -0.448358 -0.330448 -0.465728 0.143385 -0.069063 -0.066905 0.179963 0.169460 0.015207 -0.023257 0.076354 0.308063 0.221823 0.300907 0.055242 0.256704 -0.253825 -0.021438 0.053144 -0.108205 0.210898 0.241504 -0.080852 0.246797 0.119800 0.426259 -0.036386 0.361639 0.408561 0.003246 0.248693 -0.241739 -0.131573 -0.424104 -0.442250 -0.281341 -0.401987 -0.455835 -0.456187 -0.159348 -0.174868 -0.209302 -0.247289 -0.132448 -0.393097 -0.156021 -0.088345 0.339146 -0.423389 0.364954 0.273809 -0.000311 -0.053046 -0.023004 0.117935 -0.248581 -0.369400 0.103526 -0.306684 -0.108890 0.088661 0.171841 0.107714 0.318804 0.278910 0.271998 0.152112 0.125607 -0.118509 -0.365946 -0.287974 0.173619 -0.085136 -0.056190 -0.013819 0.295037 0.010282
-0.139134 -0.322572 0.490866 0.293640 0.356826 0.361472 -0.086555 -0.309584 -0.190388 -0.027003 -0.125288 -0.487598 -0.215885 -0.495593 0.063411 -0.120768 -0.232114 -0.275649 -0.255155 -0.126442 0.274492 0.403661 0.344166 0.475369 0.535272 0.508750 0.573358 1.000000 -0.254067 -0.357867 0.297121 0.309662 -0.155463 0.033736 0.201664 0.224402 -0.071787 -0.188872 0.418808 -0.092673 -0.027825 -0.216425 -0.037249 -0.111477 -0.280202 0.006516 -0.075936 -0.059151 -0.016777 -0.180013 0.252446 0.126078 0.248138 0.047825 0.254826 -0.279956 -0.174815 -0.162066 -0.111063 0.086302 0.008494 -0.252244 0.116806 -0.021861 0.210048 -0.238607 0.110594 0.363947 -0.104770 0.235824 0.088833 0.127315 -0.299778 -0.322178 -0.192414 -0.129835 -0.375933 -0.279763 0.011515 -0.198095 -0.121429 -0.096244 0.018385 -0.131911 0.022950 0.232251 0.201865 0.126062 0.220063 0.165360 -0.057945 -0.057395 -0.165876 0.035242 0.199488 -0.229007 0.181185 -0.036284 -0.060677 0.003163 -0.058722 -0.043489 0.175339 -0.003149 0.097202 0.023318 0.063992 -0.185496 -0.064890 -0.087651 0.371921 -0.168605 -0.168860 -0.104135 0.047798 -0.242396
0.264775 0.510328 -0.525055 -0.336758 -0.268429 -0.355110 -0.215440 -0.101491 -0.288246 -0.189971 0.031222 0.272987 0.219510 0.201357 -0.231437 0.134395 0.478052 0.412011 0.364090 0.295216 -0.007897 0.055211 -0.285331 -0.309073 -0.127119 -0.146700 -0.571644 -0.254067 1.000000 0.676116 0.200287 0.201427 0.009211 0.136727 -0.273851 -0.208596 0.602535 0.387718 -0.032658 0.125061 0.321170 0.486522 -0.191508 -0.068201 -0.046088 -0.235716 -0.140312 -0.164514 -0.195741 -0.226996 -0.426821 -0.284492 -0.291265 -0.109738 -0.221359 -0.011609 0.211679 0.165324 -0.225818 -0.290469 -0.320121 -0.036660 -0.004932 0.092263 -0.408376 -0.261928 -0.469209 -0.512131 -0.143865 -0.143880 0.357049 0.386606 0.745190 0.527216 0.586849 0.462629 0.400661 0.360100 0.519386 0.474239 0.593858 0.625863 0.291718 0.542447 0.305398 0.288944 -0.244398 0.150775 -0.388684 -0.336903 -0.123087 -0.105618 -0.259397 -0.412695 0.085050 0.526457 -0.209062 0.037275 -0.073186 -0.023515 -0.178770 -0.224646 -0.389578 -0.399979 -0.390015 -0.228146 -0.097153 -0.052361 0.250085 0.236857 -0.207569 0.007545 0.013552 -0.187727 -0.349218 0.035521
0.169914 0.479160 -0.478886 -0.273735 -0.280204 -0.391023 -0.142930 0.102683 -0.183313 -0.102238 -0.246628 0.328285 0.017877 0.244682 -0.318841 0.072680 0.296727 0.483712 0.529982 0.555210 0.063688 0.018207 -0.311583 -0.385540 -0.209476 -0.070646 -0.499249 -0.357867 0.676116 1.000000 0.226185 0.348948 0.297828 0.494491 -0.195322 -0.137898 0.462214 0.311317 -0.262555 0.151684 0.233647 0.482770 -0.225313 -0.213532 0.015390 -0.188683 -0.237011 -0.300792 -0.377118 -0.365349 -0.525629 -0.539005 -0.537842 -0.352111 -0.387875 -0.139410 0.161651 0.115992 -0.285173 -0.291893 -0.250723 -0.080718 0.153914 0.206505 -0.365143 -0.177006 -0.317744 -0.444130 0.027916 -0.135500 0.211795 0.068986 0.819592 0.608285 0.582504 0.536122 0.543208 0.478782 0.419776 0.621413 0.649952 0.648497 0.112288 0.711864 0.005578 0.061968 -0.345817 0.065277 -0.405238 -0.389870 -0.215032 -0.171251 -0.164205 -0.285051 0.024613 0.588319 -0.325857 0.083517 -0.136394 -0.062796 0.067369 0.022550 -0.145590 -0.290164 -0.253783 -0.145591 -0.101378 0.151290 0.176145 0.119657 -0.262060 0.106705 -0.076939 -0.036417 -0.225678 -0.003903
-0.144375 0.062779 0.086472 0.170289 -0.146099 -0.291446 -0.139924 -0.182349 -0.402537 -0.234497 -0.342784 -0.214820 -0.360990 -0.364410 -0.433261 -0.274795 -0.027421 -0.122789 0.193341 0.088423 0.319115 0.265129 0.215483 0.283588 0.541474 0.738389 0.035859 0.297121 0.200287 0.226185 1.000000 0.782392 0.174413 0.455801 0.388255 0.360325 0.180812 0.154182 0.154049 0.012051 0.273035 0.165805 -0.124487 -0.007804 0.076399 0.249467 -0.224026 -0.207577 -0.134436 -0.064527 0.029270 0.028474 -0.178557 0.064680 -0.219576 -0.167128 0.156528 -0.057900 -0.444992 -0.316074 -0.418991 -0.338631 -0.234566 -0.236792 -0.036805 -0.241892 -0.143789 0.058347 -0.175628 -0.144779 0.217967 0.071957 0.253542 0.276056 0.215235 0.204028 0.077638 0.140176 0.072371 0.061547 0.066830 0.054094 -0.057390 0.247134 0.205434 0.561339 -0.001445 0.244411 -0.079375 -0.110717 -0.358018 -0.258162 -0.507906 -0.333975 0.057778 0.311667 -0.037126 -0.152676 -0.108851 -0.174745 -0.152823 -0.070160 -0.231224 -0.206108 -0.199080 -0.098886 -0.152505 -0.043053 0.014212 0.065109 0.016903 -0.045787 -0.095592 -0.298842 -0.127499 -0.228597
-0.258143 0.007993 0.095425 0.258907 -0.154564 -0.163655 -0.293949 -0.079959 -0.512172 -0.103768 -0.484031 -0.133572 -0.469931 -0.290923 -0.530676 -0.203895 0.078592 0.095964 0.001649 0.143581 0.242491 0.456264 0.144381 0.347252 0.539079 0.760142 0.141262 0.309662 0.201427 0.348948 0.782392 1.000000 0.190491 0.526728 0.365350 0.256359 0.172859 0.212387 0.089280 -0.035620 0.156189 0.141655 -0.321983 -0.212308 -0.127889 0.140963 -0.338172 -0.310780 -0.399020 -0.346219 -0.051453 -0.136249 -0.181659 -0.153272 -0.243986 -0.354102 0.107566 0.034385 -0.517760 -0.144937 -0.322629 -0.296366 0.123194 0.047612 -0.006165 -0.213615 -0.047735 0.141599 -0.336061 -0.104907 0.271292 0.275264 0.337836 0.260248 0.182686 0.250260 0.011366 0.157952 0.338881 0.271065 0.284845 0.277811 -0.093317 0.338530 0.118634 0.517048 0.000746 0.052562 -0.096843 0.051138 -0.333484 -0.397364 -0.389238 -0.424746 -0.080825 0.424472 -0.181709 -0.345156 -0.269729 -0.372004 -0.056816 -0.091427 -0.086780 -0.322219 -0.203205 -0.129534 0.000640 -0.125044 -0.053870 -0.012639 0.087687 -0.036592 -0.129777 -0.309534 -0.107513 -0.093444
0.115239 0.184533 -0.000703 -0.094161 -0.169854 -0.389421 0.054854 0.084035 -0.086327 -0.157154 -0.405037 0.100247 -0.238677 0.163746 -0.251857 0.060194 0.056266 0.124617 0.409895 0.308219 0.325980 -0.092969 -0.298681 -0.470806 0.023794 -0.023946 0.046634 -0.155463 0.009211 0.297828 0.174413 0.190491 1.000000 0.633998 0.186133 0.044291 0.092326 -0.023505 -0.090026 0.018585 0.178488 0.103406 -0.245115 -0.178511 0.013472 0.030796 -0.312114 -0.266211 -0.422074 -0.308848 -0.458996 -0.384503 -0.398856 -0.442498 -0.131525 -0.085990 0.315952 0.374867 0.000599 0.245910 0.181601 0.093831 0.268018 0.321830 -0.058975 0.158015 0.461847 0.098751 0.248440 0.054192 -0.209323 -0.415654 0.406768 0.186677 0.262272 0.192406 0.328846 0.240675 -0.165700 0.243594 0.183815 0.141773 -0.181815 0.167675 -0.235853 0.023796 -0.234934 -0.125152 -0.286074 -0.060727 -0.501641 -0.432912 -0.333341 -0.250447 0.065829 0.266540 0.097672 -0.127869 -0.350763 -0.191420 0.222226 0.192902 0.057894 0.116081 -0.296804 -0.294531 -0.141591 0.172374 -0.242951 -0.368126 -0.192420 -0.092015 -0.203254 -0.094335 -0.255992 -0.154741
-0.175895 0.112762 -0.038561 0.244609 -0.185962 -0.191579 0.035512 0.084915 -0.189558 -0.002180 -0.404659 0.178916 -0.208922 0.036739 -0.366286 -0.090209 0.030701 0.013552 0.295789 0.433819 0.213642 0.042680 -0.075422 -0.054807 0.087040 0.266156 -0.009859 0.033736 0.136727 0.494491 0.455801 0.526728 0.633998 1.000000 0.329693 0.381162 0.126521 0.034080 -0.095118 -0.000171 0.078647 0.170800 -0.439207 -0.383825 -0.221287 0.089857 -0.578681 -0.489140 -0.552231 -0.519682 -0.374694 -0.475800 -0.520845 -0.422709 -0.360608 -0.461131 0.029541 0.119536 -0.210879 -0.061645 -0.091095 -0.156531 0.171348 0.077905 0.125238 0.180614 0.136997 0.227817 0.014010 0.060163 0.128296 -0.065580 0.498344 0.358276 0.346891 0.527452 0.297812 0.327322 0.137792 0.285444 0.278741 0.238172 -0.282524 0.347092 -0.099082 0.376901 -0.026571 -0.061171 -0.014719 0.086882 -0.490153 -0.434810 -0.233570 -0.257206 -0.008417 0.390051 -0.192917 -0.308986 -0.569810 -0.378555 0.116153 0.042613 -0.034727 -0.197483 -0.203849 -0.201970 0.043024 -0.021736 -0.153689 -0.269228 -0.030205 -0.083392 -0.183777 -0.042970 -0.215573 -0.101313
-0.456470 -0.240496 0.208362 0.217659 -0.035284 -0.101475 -0.147610 -0.202065 -0.193344 -0.184697 -0.280508 -0.357222 -0.402198 -0.438641 -0.333936 -0.428265 -0.199401 -0.437871 -0.274214 -0.199209 0.091321 0.001092 0.434202 0.455520 0.353845 0.527854 0.232548 0.201664 -0.273851 -0.195322 0.388255 0.365350 0.186133 0.329693 1.000000 0.676458 -0.182454 0.144861 0.096955 0.091408 0.063999 0.002642 -0.104314 -0.033304 -0.031000 0.478663 -0.209991 0.019714 -0.019041 0.045708 0.228587 0.049263 -0.164544 -0.059223 -0.051286 -0.051799 -0.082667 -0.097836 -0.299793 -0.014583 -0.287221 -0.374863 -0.216698 -0.422975 0.249369 -0.000334 0.213698 0.596585 -0.241492 -0.073208 0.031408 0.044256 -0.209922 -0.105292 -0.052813 0.006059 -0.059415 0.151194 -0.124062 -0.045322 -0.238056 -0.196586 -0.392477 -0.276659 0.102180 0.340352 0.266671 0.123126 0.237507 0.138019 -0.365501 -0.231487 -0.176420 -0.066682 0.124685 0.012859 0.188461 -0.189426 -0.222054 -0.222194 -0.181271 -0.044224 -0.000990 0.100007 0.114762 0.109635 -0.063929 -0.053766 -0.116446 -0.110209 0.329101 0.005791 -0.137460 0.026757 0.035698 0.054650
-0.502492 -0.186865 0.231589 0.281609 -0.010135 -0.023224 -0.015155 -0.184819 -0.071183 -0.055420 -0.314370 -0.166142 -0.242803 -0.337484 -0.283705 -0.469779 -0.182691 -0.428582 -0.271113 -0.206104 0.011896 0.018216 0.372705 0.446717 0.283706 0.482554 0.071145 0.224402 -0.208596 -0.137898 0.360325 0.256359 0.044291 0.381162 0.676458 1.000000 -0.013661 0.249278 0.287281 0.199908 0.057281 0.083327 -0.222063 -0.123586 -0.056754 0.586620 -0.356057 -0.088275 0.069691 0.004426 0.224712 0.090426 -0.124997 -0.045060 -0.008123 -0.080742 -0.204503 -0.262788 -0.149148 -0.098875 -0.241001 -0.355471 -0.292006 -0.482290 0.348018 0.168760 0.161139 0.694507 -0.155305 -0.059080 0.090476 0.044306 -0.064268 0.025650 -0.073171 0.145684 -0.039454 0.139896 -0.084749 -0.147836 -0.254272 -0.310974 -0.340875 -0.281158 0.034387 0.372532 0.380389 0.192854 0.311021 0.203699 -0.394190 -0.233325 -0.219550 -0.056044 0.169137 0.071793 0.067560 -0.195093 -0.227691 -0.271167 -0.364733 -0.256803 -0.247342 -0.176225 0.053797 0.060680 0.094153 -0.051244 0.048288 -0.144238 0.331513 -0.118013 -0.091540 -0.124253 0.041750 0.021171
