1.000000 0.739236 -0.023181 -0.371327 -0.137633 -0.295723 -0.154932 -0.266928 -0.278339 -0.145711 -0.275414 -0.112999 -0.147486 -0.078561 -0.425135 -0.451918 0.195268 0.211622 0.507032 0.654131 -0.236113 -0.347494 -0.284818 -0.544832 -0.287201 -0.344711 -0.228896 -0.176685 -0.233464 -0.055244 -0.512293 -0.580416 0.363460 -0.014485 0.053713 -0.074097 -0.230057 0.064601 -0.090509 -0.189474 0.390483 -0.234027 -0.296567 -0.286050 -0.041089 -0.033576 -0.335055 -0.184277 -0.181256 -0.151899 0.000043 -0.158864 0.024424 0.024869 -0.117724 -0.218003 0.717289 0.630470 0.301184 0.212769 0.200855 0.248511 0.126155 0.432981 -0.432659 -0.087824 0.202790 -0.189542 0.614358 0.549480 -0.082096 0.028302 -0.082165 0.000202 -0.032520 -0.023431 -0.023247 0.022338 0.228498 0.283521 0.185745 0.118876 -0.380377 -0.466082 -0.228259 -0.387489 -0.083389 -0.393714 0.002519 0.378455 -0.314968 -0.217455 -0.288480 -0.071992 -0.071586 0.169514 -0.048558 0.140038 0.153310 0.208358 0.100952 0.215105 0.120497 0.342774 0.410125 0.329424 0.304065 0.398493 0.328774 0.036435 -0.149059 0.155458 -0.048991 -0.223264 0.168901 0.324470
0.739236 1.000000 -0.262716 -0.116325 -0.224047 -0.449657 -0.311921 -0.489822 -0.253194 -0.377111 -0.276437 -0.057041 -0.160564 -0.198201 -0.314306 -0.401923 0.366605 0.505237 0.476648 0.733556 -0.102164 -0.370001 -0.284793 -0.562321 -0.274779 -0.373621 -0.273536 -0.325719 -0.043569 0.159319 -0.407868 -0.555072 0.543829 -0.109195 -0.122587 -0.265255 -0.073662 0.113385 -0.125487 -0.046703 0.351065 -0.102071 -0.178636 -0.130645 0.096525 -0.041396 -0.183285 -0.043906 -0.230603 0.016332 0.081564 -0.068201 0.029463 0.120202 -0.098027 -0.082977 0.782031 0.868708 -0.100329 0.140732 -0.027803 0.025500 0.112048 0.488805 -0.401294 -0.447269 -0.065953 -0.416023 0.749149 0.665673 -0.183036 -0.185829 0.023712 -0.091187 -0.252815 -0.213831 -0.054542 0.073340 0.439613 0.368683 0.381869 0.292174 -0.181048 -0.164267 -0.136267 -0.221233 -0.035409 -0.247258 -0.057011 0.079665 -0.382632 -0.425099 -0.464437 -0.282803 -0.030927 0.072607 -0.089730 0.156211 0.377172 0.243417 0.249586 0.047923 0.164778 0.075352 0.336320 0.197334 0.346121 0.409071 0.263163 0.128307 -0.260421 0.246199 -0.020416 -0.290666 0.114093 0.355384
-0.023181 -0.262716 1.000000 -0.289948 0.345636 0.362986 0.498495 0.363260 0.259053 0.233662 -0.121330 -0.160573 0.178258 0.109216 0.201231 -0.136316 -0.299300 -0.482775 -0.136406 -0.380704 -0.000075 0.021398 0.326514 0.030182 0.344037 0.265829 0.295077 0.356483 -0.294329 -0.269352 0.042616 -0.037883 -0.194667 0.203215 0.327309 0.260813 -0.190893 -0.138993 0.233099 -0.047271 -0.097858 -0.306097 -0.279382 -0.335790 -0.396451 -0.269075 -0.401577 -0.282158 0.462389 -0.279000 -0.227882 -0.016287 0.196240 -0.184058 0.313462 -0.335872 -0.164736 -0.252104 0.537872 0.072333 0.278883 0.178326 -0.081303 -0.104720 0.043772 0.374387 0.423628 0.399951 -0.242970 -0.198663 0.036589 0.154789 -0.178141 -0.033779 0.039425 0.078325 -0.013455 -0.100555 -0.277928 -0.212931 -0.407736 -0.256522 -0.184600 -0.358282 -0.230755 -0.260441 -0.155192 -0.139469 0.163451 0.397631 -0.079763 0.385488 0.128228 0.448332 0.052241 -0.125925 0.263733 0.003562 -0.413371 -0.296241 -0.376227 0.413513 -0.103539 0.372249 -0.078120 -0.078215 0.010140 -0.144439 0.066287 -0.055387 0.348990 -0.108782 -0.138636 -0.160956 -0.157991 -0.075863
-0.371327 -0.116325 -0.289948 1.000000 -0.267299 -0.022541 -0.215009 0.005831 -0.018134 -0.178080 0.258452 0.298345 -0.074666 -0.086215 0.232332 0.330339 0.106463 0.163656 -0.114172 -0.127207 -0.017674 -0.113800 0.342300 0.650059 -0.155489 -0.134036 0.049755 -0.142531 0.009795 -0.040287 0.271614 0.243764 -0.085104 -0.070125 -0.194845 -0.031139 0.005482 0.024071 -0.224998 -0.163121 0.137349 0.071838 -0.016004 -0.000828 0.004710 -0.147896 0.059529 -0.098472 -0.141264 0.106403 0.490064 0.407943 -0.121154 0.374949 -0.048263 -0.063293 -0.174671 -0.057905 -0.486012 -0.289036 -0.229443 -0.343163 -0.004731 -0.100390 0.600710 -0.118242 -0.550676 -0.239781 -0.010547 -0.232085 -0.164138 -0.176409 -0.122190 0.168059 -0.000642 0.091183 -0.019540 0.086972 -0.123520 0.066926 -0.038512 -0.104167 0.418819 0.290042 0.389622 0.494960 0.233304 0.305953 0.083219 -0.161503 0.158436 -0.106573 0.177724 -0.004025 -0.056276 0.064493 -0.361260 -0.194687 0.033642 -0.080339 -0.082407 -0.228592 -0.174825 -0.327276 -0.023787 -0.016093 -0.014348 0.064800 -0.294815 0.126595 -0.255240 0.076393 -0.243449 0.316816 -0.002527 0.006505
-0.137633 -0.224047 0.345636 -0.267299 1.000000 0.370621 0.435879 0.341230 0.482315 0.454682 0.121059 -0.103369 0.205200 0.230711 0.456181 0.217226 0.044340 -0.327137 -0.163999 -0.173644 -0.186029 -0.000881 -0.003330 0.012480 0.155558 -0.000832 -0.004455 -0.050591 0.259372 0.211011 0.100582 0.076635 -0.248041 0.128398 0.056092 -0.054458 0.175350 -0.098331 0.143679 0.078101 -0.123121 0.139744 0.066291 0.045543 -0.190112 -0.133774 -0.019594 0.095309 0.017219 -0.157545 -0.417815 -0.316847 0.159902 -0.087703 0.115090 -0.030249 -0.275686 -0.313302 0.350580 -0.031520 0.222091 0.291285 -0.056970 -0.049148 -0.169384 0.163073 0.122078 -0.059562 -0.236364 -0.212640 0.111832 0.038143 0.296162 0.136533 0.252486 0.030639 0.152713 0.053335 -0.158331 -0.051369 -0.154301 -0.107783 0.171913 0.158303 -0.133904 -0.248347 -0.213252 -0.150331 -0.105313 0.050628 0.270731 0.433830 0.090700 0.134239 -0.167343 -0.342982 0.030456 -0.100600 -0.098818 -0.017518 -0.061792 0.048048 -0.222372 -0.249730 -0.241220 -0.170198 -0.243097 -0.266034 -0.048753 -0.222322 0.055670 -0.209125 -0.061183 -0.125356 -0.150818 -0.178572
-0.295723 -0.449657 0.362986 -0.022541 0.370621 1.000000 0.219007 0.478159 0.352053 0.487366 0.129529 0.143075 0.136694 0.310766 0.372424 0.419600 -0.184744 -0.367945 -0.397270 -0.536500 0.048199 0.297990 0.171218 0.239889 0.178973 0.282531 0.334765 0.347509 -0.049922 -0.064098 0.038396 0.110729 -0.410559 -0.029337 0.079574 0.099486 0.237677 -0.184901 0.217892 0.260583 -0.144992 0.023372 -0.053064 -0.153232 -0.435672 -0.282282 -0.154145 -0.127812 0.322597 -0.282875 -0.091798 0.075879 0.134405 -0.190251 0.105162 -0.114082 -0.365177 -0.495005 0.132208 -0.048159 0.019293 0.103037 -0.043496 -0.312494 -0.015942 0.421655 0.134479 0.344581 -0.366158 -0.300398 0.258559 0.392521 -0.041042 0.086601 0.157146 0.232378 0.039706 -0.057433 -0.313879 -0.263125 -0.168696 -0.044518 0.177878 0.117458 -0.043172 0.109935 -0.177109 0.071001 -0.107677 0.054923 0.245371 0.249085 0.339618 0.090475 0.026479 -0.189855 0.092693 -0.010417 -0.316309 -0.170013 -0.113252 -0.029115 -0.047825 -0.070461 -0.261706 -0.243734 -0.383690 -0.151460 -0.120366 -0.140790 0.183119 -0.216852 -0.044905 0.024472 -0.134950 -0.383076
-0.154932 -0.311921 0.498495 -0.215009 0.435879 0.219007 1.000000 0.671028 0.634557 0.511321 0.268692 0.320117 0.630463 0.580506 0.357784 0.183218 -0.111846 -0.451888 -0.280630 -0.348754 -0.243349 -0.098238 -0.197702 0.022569 -0.179032 -0.149453 -0.329419 -0.213094 0.106832 0.117928 -0.076452 -0.099746 -0.392330 0.136078 -0.060615 -0.116380 -0.206243 -0.189976 -0.052355 -0.282415 0.048583 -0.113684 -0.298880 -0.220275 -0.355782 -0.398996 -0.238433 -0.255447 0.167571 -0.221209 -0.288679 -0.105529 0.188984 -0.036901 0.043546 -0.248960 -0.368374 -0.429233 0.433150 0.145605 0.600614 0.546363 0.099604 0.079748 0.076404 0.458371 0.295773 0.030365 -0.460284 -0.378515 0.162367 0.133023 0.271354 0.286443 0.276119 0.150507 0.406968 0.174226 -0.147856 -0.198747 -0.240179 -0.195621 -0.062308 0.026967 -0.206305 -0.233277 -0.521198 -0.345567 -0.012916 0.177796 0.468481 0.392219 0.462743 0.344565 -0.309214 -0.059809 -0.257371 -0.238213 -0.284411 -0.238164 -0.133706 0.266245 -0.005279 0.181389 -0.027324 -0.011326 -0.082776 -0.068701 -0.120067 -0.492842 -0.198016 -0.138867 -0.061526 -0.175274 -0.135278 -0.085583
-0.266928 -0.489822 0.363260 0.005831 0.341230 0.478159 0.671028 1.000000 0.501792 0.726378 0.163367 0.284746 0.332536 0.636919 0.273823 0.320563 -0.172456 -0.548144 -0.337328 -0.439590 -0.145949 0.054593 -0.246689 0.149072 -0.209632 -0.050684 -0.248361 -0.100909 -0.079803 -0.079756 -0.134381 0.015401 -0.590967 -0.018437 -0.131570 -0.003497 -0.117224 -0.306848 -0.147775 -0.119050 -0.072236 -0.071343 -0.253870 -0.284332 -0.384693 -0.327513 -0.215445 -0.245154 0.157268 -0.207375 -0.235563 -0.029421 0.130042 -0.161053 -0.007972 -0.320827 -0.356899 -0.527985 0.356235 0.132435 0.532955 0.646344 0.120004 -0.050409 0.292476 0.749992 0.293235 0.245362 -0.578896 -0.435314 -0.005053 0.175798 0.033485 0.290232 0.250391 0.222535 0.216676 0.051808 -0.304386 -0.320007 -0.313045 -0.299136 -0.095339 0.115248 -0.169990 0.041801 -0.401975 -0.196547 -0.057554 0.157914 0.573414 0.410596 0.681697 0.216203 -0.172700 0.049698 -0.236922 -0.164417 -0.295619 -0.203364 -0.107401 0.291819 -0.035779 0.106343 -0.088616 -0.066202 -0.103710 -0.105122 -0.197343 -0.352094 -0.120966 -0.001899 -0.004588 -0.049495 -0.126415 -0.209150
-0.278339 -0.253194 0.259053 -0.018134 0.482315 0.352053 0.634557 0.501792 1.000000 0.592163 0.292578 0.206644 0.468832 0.414179 0.477638 0.374217 -0.138590 -0.387365 -0.457227 -0.450061 -0.127522 0.147079 -0.147187 0.120104 -0.075880 -0.010083 -0.204324 -0.055540 0.141621 0.101942 -0.081947 0.003231 -0.540857 -0.075361 -0.156706 -0.214430 0.094839 -0.320443 -0.058742 0.057447 -0.116015 -0.175057 0.020817 0.041286 -0.271485 -0.386160 0.048989 0.061047 0.173174 -0.047467 -0.199867 -0.013575 0.191494 -0.011783 -0.027537 -0.052170 -0.325751 -0.336971 0.177264 0.027468 0.274412 0.355662 -0.052293 -0.125203 0.044904 0.292058 0.119507 -0.089786 -0.248154 -0.255811 0.105976 0.151736 0.073230 0.050114 0.048998 0.078125 0.216659 0.173357 -0.088892 -0.127878 -0.081741 -0.024431 0.128717 0.259472 -0.097225 -0.080879 -0.286667 -0.067412 -0.263632 -0.053813 0.417106 0.277621 0.429836 0.112402 -0.142922 -0.209216 -0.200003 -0.090977 -0.238747 -0.064814 0.046827 0.072577 0.001618 -0.121858 -0.302241 -0.330357 -0.275717 -0.271883 -0.119369 -0.194942 -0.114472 0.037732 -0.074000 0.060321 -0.042233 -0.255350
-0.145711 -0.377111 0.233662 -0.178080 0.454682 0.487366 0.511321 0.726378 0.592163 1.000000 0.106618 0.089320 0.364873 0.557350 0.334408 0.316890 -0.187855 -0.487922 -0.396125 -0.343928 -0.187902 0.164948 -0.242591 0.076229 -0.190182 -0.080352 -0.287244 -0.059643 -0.053377 -0.129233 -0.356011 -0.106825 -0.525276 -0.070799 -0.079250 0.012927 0.002317 -0.261144 -0.130081 -0.043835 -0.164774 -0.059922 -0.183258 -0.177782 -0.376566 -0.256114 -0.165375 -0.137363 0.059138 -0.185658 -0.331764 -0.148555 0.232290 -0.203540 0.109347 -0.269546 -0.235897 -0.428066 0.489745 0.070959 0.357655 0.545679 -0.012011 -0.140165 0.000543 0.696455 0.253182 0.167367 -0.351628 -0.315524 0.175719 0.317500 0.032080 0.300587 0.282384 0.208797 0.251329 0.079015 -0.159922 -0.236061 -0.198916 -0.161204 -0.082230 0.018171 -0.046123 -0.033584 -0.227173 -0.232588 -0.101050 0.143184 0.493912 0.478205 0.617194 0.251351 -0.121395 0.029473 -0.123696 -0.023796 -0.228460 0.061720 -0.005849 0.206340 -0.038418 0.126484 -0.149362 -0.116236 -0.221391 -0.224527 -0.225188 -0.299837 -0.035635 0.086636 0.064608 0.000929 -0.061118 -0.181119
-0.275414 -0.276437 -0.121330 0.258452 0.121059 0.129529 0.268692 0.163367 0.292578 0.106618 1.000000 0.699648 0.541586 0.380286 0.527685 0.537859 0.319058 0.044091 -0.160562 -0.167233 -0.178473 -0.098981 0.024918 0.413991 -0.332655 -0.292023 -0.110795 -0.321366 0.518188 0.298998 0.223053 0.096552 -0.217746 -0.023354 0.041839 -0.063764 0.182506 -0.097856 -0.090171 -0.252899 0.066107 0.255031 -0.236484 -0.172928 -0.266650 -0.363380 -0.074870 -0.303948 -0.153880 -0.245221 0.100183 0.020121 0.047652 0.139595 -0.124119 -0.233190 -0.354738 -0.321001 -0.181892 -0.268789 0.217144 0.020833 0.258358 0.102402 0.231731 -0.012866 -0.267306 -0.230952 -0.270648 -0.283262 0.181355 -0.020048 0.241501 0.259351 0.393085 0.309276 0.365522 0.183453 -0.059613 0.157579 0.152832 0.150649 0.504895 0.480508 0.297225 0.329277 -0.164345 0.087750 -0.348192 -0.258487 0.381632 0.249570 0.368082 0.292689 -0.312700 -0.181842 -0.521054 -0.359234 -0.096579 -0.342941 0.068433 -0.020317 0.008086 -0.181335 -0.138114 -0.059929 -0.269489 -0.173576 -0.409079 -0.455499 -0.360834 -0.340560 -0.145314 0.018042 -0.220968 -0.220652
-0.112999 -0.057041 -0.160573 0.298345 -0.103369 0.143075 0.320117 0.284746 0.206644 0.089320 0.699648 1.000000 0.445383 0.626488 0.286677 0.632854 0.316437 0.158844 -0.050373 -0.018368 -0.243047 -0.303796 -0.213692 0.224496 -0.589211 -0.480886 -0.364944 -0.559865 0.324645 0.393369 -0.005775 -0.169543 -0.125160 -0.082496 -0.166041 -0.273126 0.056507 0.032633 -0.218895 -0.274740 0.416310 0.159079 -0.360100 -0.298278 -0.350554 -0.523730 -0.144883 -0.465172 -0.142510 -0.249296 0.173173 0.075640 0.011706 0.167552 -0.204051 -0.293657 -0.223112 -0.229088 -0.252932 -0.158616 0.333456 0.199415 0.418448 0.327622 0.203946 0.068259 -0.247739 -0.387702 -0.154935 -0.259325 0.074437 0.007653 0.327313 0.346455 0.392093 0.324280 0.481093 0.242448 0.138622 0.282922 0.336212 0.257101 0.327759 0.482151 0.087598 0.312816 -0.295236 -0.063017 -0.364966 -0.198275 0.412682 -0.079421 0.415365 0.074910 -0.350621 0.172912 -0.649891 -0.336957 0.000527 -0.286344 0.144213 -0.073492 0.056654 -0.108156 0.161539 0.121047 -0.079810 0.071205 -0.292290 -0.394637 -0.552160 -0.193018 -0.130404 0.025863 0.026434 -0.015941
-0.147486 -0.160564 0.178258 -0.074666 0.205200 0.136694 0.630463 0.332536 0.468832 0.364873 0.541586 0.445383 1.000000 0.563550 0.494594 0.256230 0.114133 -0.172530 -0.254675 -0.204811 -0.261069 -0.098741 -0.183839 0.004336 -0.381916 -0.325500 -0.337346 -0.350813 0.365563 0.251302 -0.142554 -0.262204 -0.200070 0.126774 0.041612 0.055978 0.063219 -0.168821 0.037819 -0.220844 0.096972 0.071665 -0.411018 -0.293715 -0.493612 -0.495792 -0.265684 -0.403121 0.042402 -0.231775 -0.234386 -0.090112 0.380208 -0.150539 0.202359 -0.431910 -0.292775 -0.207172 0.228822 0.117107 0.538195 0.391891 0.217524 0.231726 -0.040118 0.226999 0.185499 -0.085781 -0.320784 -0.295045 0.254137 0.016492 0.319828 0.315669 0.262374 0.244007 0.386338 0.282167 -0.053758 0.014365 0.067335 0.036117 0.157158 0.164593 0.042117 -0.053322 -0.407169 -0.165955 -0.032618 0.124713 0.337619 0.302053 0.277569 0.299639 -0.296303 -0.067550 -0.304945 -0.222902 -0.099697 -0.346710 -0.138498 0.294009 0.147416 0.083815 -0.120730 -0.148382 -0.232194 -0.130177 -0.286970 -0.488728 -0.301129 -0.278071 -0.128259 -0.240922 -0.213215 -0.175672
-0.078561 -0.198201 0.109216 -0.086215 0.230711 0.310766 0.580506 0.636919 0.414179 0.557350 0.380286 0.626488 0.563550 1.000000 0.342922 0.503158 0.165184 -0.132223 -0.198917 -0.222215 -0.246726 -0.034625 -0.370548 -0.012660 -0.387601 -0.268852 -0.413548 -0.390812 0.212230 0.259478 -0.247378 -0.244336 -0.370948 0.099143 -0.091695 -0.139106 0.072761 -0.054207 0.002397 -0.063778 0.175063 0.224162 -0.509050 -0.494249 -0.597985 -0.625651 -0.337233 -0.516251 -0.075423 -0.387925 -0.297610 -0.163899 0.099028 -0.302003 0.042812 -0.457387 -0.224904 -0.335842 0.147675 -0.000558 0.587866 0.572729 0.388028 0.289693 0.016015 0.451298 0.174569 -0.065055 -0.376808 -0.307829 0.059585 0.013943 0.385159 0.376127 0.389422 0.289442 0.432562 0.168681 0.138705 0.165376 0.223555 0.196573 0.080734 0.334645 -0.058856 0.124077 -0.352841 -0.256377 -0.149460 0.038723 0.472345 0.179622 0.566792 0.154649 -0.197598 0.131681 -0.302257 -0.100793 -0.297234 -0.160614 0.131444 0.269981 0.140645 0.102376 -0.018289 -0.070446 -0.291588 -0.124877 -0.201220 -0.422003 -0.257040 -0.213402 -0.103074 -0.165275 -0.055459 -0.149848
-0.425135 -0.314306 0.201231 0.232332 0.456181 0.372424 0.357784 0.273823 0.477638 0.334408 0.527685 0.286677 0.494594 0.342922 1.000000 0.508206 0.084753 -0.216633 -0.291673 -0.349291 -0.059656 0.124554 0.290247 0.395772 0.025540 -0.095121 0.088786 -0.084302 0.361583 0.163600 0.155549 0.077974 -0.324092 0.018743 -0.015964 0.016630 0.304224 -0.071538 0.159456 0.037667 -0.192773 0.096638 -0.143839 -0.126168 -0.391647 -0.469136 -0.034751 -0.174876 0.060758 -0.319627 -0.118946 -0.104822 0.183710 -0.054926 0.274599 -0.190603 -0.422718 -0.441412 -0.007456 -0.330228 0.096700 -0.058937 -0.043879 -0.160901 0.238126 0.104863 -0.162583 -0.138544 -0.323828 -0.430754 0.069027 -0.002544 0.141819 0.274235 0.151959 0.154795 0.253272 0.052481 -0.209891 0.033312 0.008044 0.072061 0.599048 0.433891 0.378753 0.276636 -0.040597 0.220101 -0.017947 -0.088586 0.410192 0.431277 0.382977 0.366476 -0.045738 -0.471793 -0.142632 -0.068429 -0.149234 -0.269212 0.013674 0.024416 -0.276904 -0.319032 -0.465953 -0.367588 -0.290936 -0.248580 -0.284290 -0.245400 -0.064593 -0.245125 -0.277163 -0.065942 -0.230723 -0.375798
-0.451918 -0.401923 -0.136316 0.330339 0.217226 0.419600 0.183218 0.320563 0.374217 0.316890 0.537859 0.632854 0.256230 0.503158 0.508206 1.000000 0.154148 -0.000993 -0.208753 -0.316974 -0.114775 0.044408 0.029692 0.458102 -0.187507 -0.167447 -0.060993 -0.265500 0.439508 0.334280 0.146708 0.225310 -0.285233 -0.051433 -0.143637 -0.191153 0.322438 0.058382 0.035025 0.146300 0.073769 0.341167 -0.034677 -0.082018 -0.304370 -0.369631 0.090827 -0.177072 -0.229019 -0.304044 0.029035 0.017216 -0.219762 0.070966 -0.052257 -0.104069 -0.378346 -0.490337 -0.333299 -0.444792 0.152634 0.035161 0.281594 -0.050791 0.284922 0.128400 -0.362588 -0.235302 -0.311836 -0.497969 0.042589 -0.032052 0.242651 0.169197 0.312412 0.230624 0.240385 -0.038655 0.103602 0.123091 0.206228 0.201961 0.527715 0.685961 0.312466 0.527803 -0.082045 0.302404 -0.322986 -0.264228 0.380522 0.130911 0.490383 0.040558 -0.112272 -0.168741 -0.386114 -0.218745 -0.216707 -0.195960 0.172206 -0.235010 -0.089116 -0.350886 -0.279478 -0.204115 -0.436941 -0.255812 -0.329496 -0.246760 -0.289650 -0.153259 -0.167700 0.123169 -0.024982 -0.302028
0.195268 0.366605 -0.299300 0.106463 0.044340 -0.184744 -0.111846 -0.172456 -0.138590 -0.187855 0.319058 0.316437 0.114133 0.165184 0.084753 0.154148 1.000000 0.613921 0.117889 0.327155 -0.047912 -0.216101 -0.293358 -0.122238 -0.324115 -0.463902 -0.170969 -0.443950 0.573052 0.621086 0.027974 -0.192682 0.294449 0.022666 -0.153551 -0.367010 0.216986 -0.014886 -0.079153 -0.061216 0.246132 0.419140 -0.241187 -0.170638 -0.181753 -0.312795 -0.135888 -0.240119 -0.350450 -0.160882 0.090090 -0.030855 -0.058361 0.167072 0.051583 -0.177324 0.335531 0.337117 -0.360062 -0.187090 0.181269 0.006923 0.511475 0.562840 -0.239883 -0.346057 -0.207584 -0.394600 0.141422 0.130202 0.054735 -0.093381 0.456891 0.159959 0.214726 0.162465 0.148054 0.099278 0.485713 0.551661 0.542382 0.552217 0.106686 0.356816 -0.065646 0.151412 -0.297472 -0.186764 -0.341039 -0.065764 -0.149244 -0.301275 -0.057435 -0.170692 -0.422568 -0.032341 -0.307333 -0.400955 0.200595 -0.237528 0.216704 -0.033888 0.111484 -0.185363 0.023584 0.053049 -0.004220 0.034254 -0.297737 -0.166798 -0.466204 -0.144175 -0.025622 -0.270796 -0.304385 -0.052073
0.211622 0.505237 -0.482775 0.163656 -0.327137 -0.367945 -0.451888 -0.548144 -0.387365 -0.487922 0.044091 0.158844 -0.172530 -0.132223 -0.216633 -0.000993 0.613921 1.000000 0.135246 0.428838 0.191875 -0.126021 -0.113343 -0.104841 -0.170184 -0.265896 -0.040561 -0.255213 0.365927 0.401070 0.113846 -0.132723 0.495920 -0.045386 -0.203034 -0.421044 0.169691 0.134808 0.016969 -0.002822 0.272771 0.348487 0.031779 0.111021 0.187557 0.070523 0.074426 -0.033172 -0.449660 0.060104 0.177679 0.041007 -0.250629 0.166703 -0.158851 0.016735 0.421764 0.531022 -0.565895 -0.186512 -0.190516 -0.327747 0.286433 0.427088 -0.249421 -0.568462 -0.406040 -0.367505 0.392516 0.354764 0.025614 -0.226603 0.246116 -0.133164 -0.121055 -0.140636 -0.076934 0.047356 0.581063 0.552520 0.624627 0.617441 0.093846 0.200899 0.036319 0.169037 -0.026443 -0.023792 -0.247551 -0.232954 -0.353793 -0.504626 -0.331629 -0.322244 -0.247247 -0.003743 -0.128097 -0.187382 0.288129 0.019928 0.338725 -0.197955 0.170052 -0.218294 0.063420 0.067938 0.030647 0.008417 -0.160624 -0.033013 -0.336895 -0.037411 0.174043 -0.190039 -0.154659 0.140607
0.507032 0.476648 -0.136406 -0.114172 -0.163999 -0.397270 -0.280630 -0.337328 -0.457227 -0.396125 -0.160562 -0.050373 -0.254675 -0.198917 -0.291673 -0.208753 0.117889 0.135246 1.000000 0.672678 -0.265895 -0.339057 -0.068425 -0.365704 -0.224286 -0.335064 -0.114246 -0.261909 -0.047501 0.114636 -0.266829 -0.288886 0.386491 -0.128850 0.052106 -0.082009 -0.091721 0.324087 0.043265 -0.062065 0.191815 -0.062555 -0.133655 -0.133404 0.038797 0.024044 -0.077692 -0.064948 -0.283281 -0.136396 0.102494 -0.121836 -0.190990 0.115219 -0.098245 -0.046446 0.453921 0.422780 -0.089362 0.002628 0.071366 0.014994 0.345647 0.413460 -0.119304 -0.331457 -0.079210 -0.323035 0.433534 0.340925 -0.151103 -0.385926 -0.029424 0.042507 0.066630 0.021416 0.005358 -0.021385 0.168174 0.183521 0.201911 0.006067 -0.023812 -0.085585 -0.016325 -0.010408 0.155845 0.051550 0.113650 0.031845 -0.179341 -0.076240 -0.341297 -0.030332 0.090669 0.103063 0.002368 0.173985 0.219905 0.129097 0.280664 0.088985 -0.065098 0.024240 0.240903 0.200115 0.307300 0.432152 0.386166 0.175812 -0.060194 0.093931 -0.122484 -0.124757 0.074708 0.258044
0.654131 0.733556 -0.380704 -0.127207 -0.173644 -0.536500 -0.348754 -0.439590 -0.450061 -0.343928 -0.167233 -0.018368 -0.204811 -0.222215 -0.349291 -0.316974 0.327155 0.428838 0.672678 1.000000 -0.205752 -0.538857 -0.327150 -0.404204 -0.413074 -0.471440 -0.393330 -0.440381 0.004392 0.236410 -0.338593 -0.378874 0.450682 -0.077634 -0.073917 -0.246690 -0.189560 0.272225 -0.230147 -0.214164 0.435441 -0.019710 -0.019974 0.038478 0.287040 0.207732 0.001252 0.038114 -0.374587 0.025489 0.056005 -0.250682 -0.088718 0.175294 -0.286833 -0.062211 0.541917 0.616808 -0.013993 0.088400 0.002692 0.058035 0.210553 0.517863 -0.315994 -0.342049 -0.173350 -0.462246 0.591777 0.500154 -0.088395 -0.179764 0.115080 0.052461 -0.060185 -0.020202 0.070222 0.099797 0.327937 0.406404 0.234813 0.123184 -0.171672 -0.156456 -0.077653 -0.214425 0.088882 -0.144265 -0.014804 0.049931 -0.241296 -0.250563 -0.419051 -0.168937 -0.270195 0.134209 -0.246090 -0.050281 0.465548 0.264738 0.286581 -0.053026 -0.052742 -0.022970 0.453223 0.418622 0.356425 0.318078 0.222219 0.039368 -0.298763 0.219077 0.033473 -0.088912 0.116186 0.407052
-0.236113 -0.102164 -0.000075 -0.017674 -0.186029 0.048199 -0.243349 -0.145949 -0.127522 -0.187902 -0.178473 -0.243047 -0.261069 -0.246726 -0.059656 -0.114775 -0.047912 0.191875 -0.265895 -0.205752 1.000000 0.281508 0.098812 -0.013199 0.373134 0.449278 0.412080 0.438539 -0.055066 -0.005306 0.374196 0.288032 0.193657 0.007087 0.056401 -0.065505 0.084888 -0.053462 0.127318 0.271634 -0.274210 -0.059612 0.286629 0.259928 0.237977 0.167089 0.205446 0.214178 0.210994 0.184217 0.053503 0.152214 0.007122 -0.017814 0.087626 0.212802 -0.058334 -0.011660 -0.280939 -0.024901 -0.383279 -0.258243 -0.210511 -0.226504 -0.080415 -0.195729 -0.045405 0.091442 -0.014996 0.068356 0.223646 0.190487 -0.059062 0.068706 -0.175127 0.023342 -0.068972 -0.089366 0.176964 -0.116934 0.004165 0.119837 0.023553 0.052062 -0.124305 -0.021724 0.094986 0.223488 -0.163534 -0.171239 -0.222944 -0.181644 -0.046447 -0.274164 0.168928 -0.077526 0.322738 0.047832 0.039908 -0.009881 -0.097347 -0.087006 0.034256 -0.126733 -0.130324 -0.173054 -0.027231 -0.147492 0.041974 0.192386 0.214208 -0.127508 0.329286 -0.105336 -0.016172 -0.184195
-0.347494 -0.370001 0.021398 -0.113800 -0.000881 0.297990 -0.098238 0.054593 0.147079 0.164948 -0.098981 -0.303796 -0.098741 -0.034625 0.124554 0.044408 -0.216101 -0.126021 -0.339057 -0.538857 0.281508 1.000000 0.191981 0.184179 0.490551 0.541257 0.445353 0.583320 -0.008807 -0.291166 0.151116 0.274437 -0.318413 -0.135278 -0.038851 0.110731 0.389335 -0.261433 0.381558 0.469113 -0.704133 0.113464 0.125756 0.114947 -0.070959 0.084028 0.136311 0.177184 0.063407 -0.017566 -0.132369 0.128743 -0.017805 -0.266733 0.208471 0.272259 -0.075589 -0.246599 -0.089842 -0.122659 -0.276746 -0.182689 -0.234014 -0.503204 -0.060854 0.154058 0.110581 0.444743 -0.207496 -0.060612 0.077601 0.111873 -0.293528 -0.261512 -0.267478 -0.335189 -0.335033 -0.238875 -0.101620 -0.301819 0.034060 0.174010 0.153485 0.150408 0.185812 0.281895 0.212285 0.391415 0.119111 -0.006535 -0.009538 0.150929 0.160800 -0.071775 0.379214 -0.356831 0.491790 0.370542 -0.322003 -0.083370 0.017311 -0.121269 0.111345 -0.076149 -0.629899 -0.548589 -0.431193 -0.398034 -0.026364 0.183093 0.497169 0.003888 0.097477 -0.121515 -0.284586 -0.494296
-0.284818 -0.284793 0.326514 0.342300 -0.003330 0.171218 -0.197702 -0.246689 -0.147187 -0.242591 0.024918 -0.213692 -0.183839 -0.370548 0.290247 0.029692 -0.293358 -0.113343 -0.068425 -0.327150 0.098812 0.191981 1.000000 0.596696 0.527286 0.392531 0.727661 0.544572 -0.229299 -0.441147 0.354191 0.377788 -0.053340 -0.017753 0.228798 0.274741 0.113124 0.140419 0.244829 0.100877 -0.213547 -0.003556 0.062346 0.006055 -0.071867 0.004038 -0.010671 -0.009444 0.172617 -0.047506 0.287706 0.281626 -0.074768 0.126662 0.155686 0.058608 -0.268107 -0.202059 -0.085833 -0.307675 -0.483746 -0.674237 -0.419784 -0.520996 0.383884 -0.108648 -0.285863 0.140506 -0.003341 -0.199944 -0.074052 -0.052248 -0.422128 -0.117152 -0.075118 -0.017041 -0.080578 -0.113052 -0.339045 -0.098571 -0.270031 -0.161460 0.358418 -0.107577 0.428539 0.207503 0.514389 0.467372 0.357600 -0.020647 -0.089019 0.226592 -0.051587 0.368947 0.313174 -0.347612 0.296219 0.076315 -0.174714 -0.071388 -0.216714 -0.130553 -0.192607 -0.139293 -0.276512 -0.198053 -0.153663 -0.211212 -0.058714 0.285867 0.392994 -0.011846 -0.169531 0.221804 -0.105535 -0.151154
-0.544832 -0.562321 0.030182 0.650059 0.012480 0.239889 0.022569 0.149072 0.120104 0.076229 0.413991 0.224496 0.004336 -0.012660 0.395772 0.458102 -0.122238 -0.104841 -0.365704 -0.404204 -0.013199 0.184179 0.596696 1.000000 0.145720 0.167308 0.317108 0.194504 -0.002572 -0.244953 0.406616 0.532604 -0.412983 -0.140625 -0.075767 0.066865 0.042130 -0.082565 -0.037886 -0.169347 -0.113323 0.113932 0.130657 0.135815 0.001924 0.004391 0.150588 0.002030 -0.035383 -0.028053 0.284549 0.295217 -0.163525 0.275730 -0.148077 0.006479 -0.496341 -0.526717 -0.194553 -0.429153 -0.253004 -0.415897 -0.205191 -0.439482 0.591521 0.159606 -0.539478 0.011436 -0.310244 -0.464711 0.014885 0.063194 -0.259609 0.063116 0.096412 0.095823 -0.046483 -0.134706 -0.331029 -0.139903 -0.273168 -0.195610 0.426160 0.258547 0.515710 0.495183 0.326461 0.444909 0.074648 -0.085885 0.258345 0.326209 0.373516 0.367545 -0.089941 -0.229695 -0.271771 -0.254876 -0.223499 -0.062097 -0.169575 -0.214814 -0.296842 -0.243524 -0.245737 -0.089676 -0.289562 -0.268715 -0.436568 -0.031482 -0.014051 0.042246 -0.142726 0.375901 -0.143379 -0.186854
-0.287201 -0.274779 0.344037 -0.155489 0.155558 0.178973 -0.179032 -0.209632 -0.075880 -0.190182 -0.332655 -0.589211 -0.381916 -0.387601 0.025540 -0.187507 -0.324115 -0.170184 -0.224286 -0.413074 0.373134 0.490551 0.527286 0.145720 1.000000 0.850183 0.716454 0.793840 -0.141844 -0.317288 0.522167 0.537359 -0.015715 0.192124 0.171340 0.239537 0.060678 0.046411 0.386921 0.415650 -0.450954 0.046510 0.284752 0.196548 0.113095 0.240058 0.098141 0.299774 0.280073 0.043461 -0.069923 0.144750 -0.077302 -0.166249 0.192948 0.331808 -0.138755 -0.168014 -0.033560 -0.202668 -0.470162 -0.492969 -0.467215 -0.528992 -0.045407 -0.123606 -0.007949 0.424833 -0.184000 -0.110761 -0.028424 0.089793 -0.279531 -0.373092 -0.258568 -0.286561 -0.312309 -0.251339 -0.135281 -0.154018 -0.261629 -0.009011 0.014884 -0.113765 0.065965 -0.007719 0.290736 0.211542 0.200988 -0.150529 -0.306167 0.066290 -0.198392 0.000876 0.467815 -0.305531 0.715969 0.284081 -0.246447 0.033484 -0.195288 -0.128949 -0.064554 -0.039803 -0.367731 -0.303854 -0.146180 -0.277928 0.121818 0.318382 0.689766 -0.012769 0.083368 0.067386 -0.029975 -0.238084
-0.344711 -0.373621 0.265829 -0.134036 -0.000832 0.282531 -0.149453 -0.050684 -0.010083 -0.080352 -0.292023 -0.480886 -0.325500 -0.268852 -0.095121 -0.167447 -0.463902 -0.265896 -0.335064 -0.471440 0.449278 0.541257 0.392531 0.167308 0.850183 1.000000 0.618424 0.823957 -0.252352 -0.360526 0.473329 0.573374 -0.133743 0.100569 0.199951 0.256721 0.043276 -0.016672 0.265902 0.439909 -0.443352 -0.037246 0.286401 0.193301 0.136948 0.266190 0.142662 0.274199 0.370502 0.116307 -0.068465 0.189802 0.013573 -0.185429 0.085643 0.333461 -0.236455 -0.289027 -0.049604 -0.101526 -0.494153 -0.368919 -0.507319 -0.602898 -0.000750 0.035518 0.036832 0.497153 -0.269787 -0.164589 0.002934 0.197360 -0.297737 -0.336632 -0.234428 -0.158932 -0.246025 -0.206651 -0.148719 -0.270948 -0.259366 -0.050853 -0.075669 -0.099927 0.015253 0.018587 0.277391 0.224542 0.089145 -0.187104 -0.182903 0.089940 -0.065713 -0.043928 0.473288 -0.150931 0.652387 0.270218 -0.217838 0.127321 -0.150932 -0.127629 -0.040047 -0.042360 -0.361518 -0.342724 -0.293015 -0.333215 0.132563 0.340788 0.691779 -0.029022 0.194919 0.148064 0.075493 -0.267240
-0.228896 -0.273536 0.295077 0.049755 -0.004455 0.334765 -0.329419 -0.248361 -0.204324 -0.287244 -0.110795 -0.364944 -0.337346 -0.413548 0.088786 -0.060993 -0.170969 -0.040561 -0.114246 -0.393330 0.412080 0.445353 0.727661 0.317108 0.716454 0.618424 1.000000 0.781247 -0.107281 -0.321846 0.472664 0.485834 -0.044850 -0.043886 0.190846 0.184529 0.303075 0.100677 0.502255 0.456500 -0.375387 0.119890 0.185032 0.087625 -0.105295 0.046440 0.011618 0.112674 0.190556 -0.181715 0.150529 0.244298 -0.156311 -0.086176 0.247109 0.147025 -0.115537 -0.146365 -0.167953 -0.300269 -0.495921 -0.589672 -0.260697 -0.455550 0.007621 -0.155843 -0.124786 0.354135 -0.093240 -0.090988 0.144233 0.132098 -0.312921 -0.265655 -0.174722 -0.047823 -0.217153 -0.138311 -0.197455 -0.166477 -0.138770 0.030421 0.201298 -0.047233 0.163753 0.128796 0.364640 0.421600 0.162147 -0.038840 -0.227672 0.049991 -0.143589 0.036099 0.433155 -0.338780 0.584722 0.178826 -0.215876 -0.254548 -0.153804 -0.090045 -0.086866 -0.076635 -0.369957 -0.322377 -0.209873 -0.154355 0.014957 0.352349 0.612751 -0.082556 -0.023406 0.093026 -0.170343 -0.292046
-0.176685 -0.325719 0.356483 -0.142531 -0.050591 0.347509 -0.213094 -0.100909 -0.055540 -0.059643 -0.321366 -0.559865 -0.350813 -0.390812 -0.084302 -0.265500 -0.443950 -0.255213 -0.261909 -0.440381 0.438539 0.583320 0.544572 0.194504 0.793840 0.823957 0.781247 1.000000 -0.384435 -0.569377 0.307614 0.448603 -0.145008 -0.017771 0.203481 0.247487 -0.027130 -0.048977 0.315867 0.350926 -0.460406 -0.166387 0.254690 0.136579 0.010596 0.197231 0.055759 0.213235 0.421627 0.072661 0.102508 0.302163 0.046621 -0.077074 0.137343 0.239073 -0.128422 -0.201041 0.118051 0.005766 -0.448617 -0.377196 -0.469475 -0.619682 -0.068930 0.095442 0.146661 0.555143 -0.167696 -0.102611 0.171933 0.343749 -0.467719 -0.292857 -0.261615 -0.084998 -0.249630 -0.106984 -0.305216 -0.339531 -0.391186 -0.165212 -0.125346 -0.325425 -0.070822 -0.125228 0.331861 0.222029 0.140780 0.027720 -0.219568 0.155952 -0.039186 0.098884 0.412582 -0.246800 0.669872 0.236247 -0.246963 -0.003324 -0.178798 0.018353 0.048349 0.114361 -0.344784 -0.302034 -0.226797 -0.262197 0.179187 0.361256 0.718399 0.060037 0.103746 0.202009 0.010886 -0.314587
-0.233464 -0.043569 -0.294329 0.009795 0.259372 -0.049922 0.106832 -0.079803 0.141621 -0.053377 0.518188 0.324645 0.365563 0.212230 0.361583 0.439508 0.573052 0.365927 -0.047501 0.004392 -0.055066 -0.008807 -0.229299 -0.002572 -0.141844 -0.252352 -0.107281 -0.384435 1.000000 0.714140 0.323698 0.156646 0.054452 -0.024373 -0.118840 -0.291162 0.424471 0.073893 0.161316 0.140352 -0.025219 0.539758 0.039132 0.093412 -0.084606 -0.155494 0.192894 0.005653 -0.503216 -0.249938 -0.102359 -0.213420 -0.057219 0.072234 0.079781 0.028881 -0.123598 -0.115347 -0.394747 -0.367809 0.197815 -0.022519 0.402147 0.296948 -0.125305 -0.335193 -0.330002 -0.397196 -0.243350 -0.239231 0.262950 -0.209340 0.645936 0.059729 0.253735 0.057294 0.197684 0.034583 0.270710 0.233472 0.502375 0.469369 0.510567 0.696499 0.146381 0.297436 -0.357147 0.054094 -0.403647 -0.266454 0.140994 -0.010805 -0.083933 -0.100061 -0.287212 -0.223050 -0.266715 -0.215379 0.064433 -0.265997 0.229514 -0.076640 0.061418 -0.413814 -0.419583 -0.321516 -0.306063 -0.224659 -0.210112 -0.226760 -0.320721 -0.363586 -0.030090 -0.303724 -0.330594 -0.243689
-0.055244 0.159319 -0.269352 -0.040287 0.211011 -0.064098 0.117928 -0.079756 0.101942 -0.129233 0.298998 0.393369 0.251302 0.259478 0.163600 0.334280 0.621086 0.401070 0.114636 0.236410 -0.005306 -0.291166 -0.441147 -0.244953 -0.317288 -0.360526 -0.321846 -0.569377 0.714140 1.000000 0.101040 -0.084231 0.224909 0.048806 -0.096227 -0.391492 0.351343 0.088545 -0.016360 0.058732 0.301302 0.302287 0.013645 0.095104 -0.028887 -0.196936 0.142904 -0.017837 -0.340187 -0.117191 -0.088887 -0.300611 -0.037414 0.064066 -0.023982 -0.004720 -0.018084 0.056995 -0.444658 -0.124438 0.202737 0.083850 0.467358 0.547046 -0.251302 -0.420122 -0.199003 -0.488201 0.014062 -0.010812 0.087513 -0.168207 0.713339 0.226993 0.243745 0.194823 0.243461 0.144016 0.455401 0.458081 0.566733 0.532842 0.322782 0.572804 -0.172680 0.077684 -0.394648 -0.097500 -0.414773 -0.307202 0.071372 -0.303444 -0.118797 -0.309012 -0.403529 -0.011373 -0.313209 -0.267640 0.212065 -0.171948 0.270543 -0.217670 0.051989 -0.367407 -0.036869 -0.130416 -0.100408 0.009987 -0.089860 -0.200438 -0.438531 -0.380146 -0.076330 -0.199009 -0.217940 -0.106089
-0.512293 -0.407868 0.042616 0.271614 0.100582 0.038396 -0.076452 -0.134381 -0.081947 -0.356011 0.223053 -0.005775 -0.142554 -0.247378 0.155549 0.146708 0.027974 0.113846 -0.266829 -0.338593 0.374196 0.151116 0.354191 0.406616 0.522167 0.473329 0.472664 0.307614 0.323698 0.101040 1.000000 0.690128 0.050084 0.174333 0.121479 0.075941 0.084725 0.115165 0.138991 0.199546 -0.185929 0.267280 0.283623 0.267117 0.224006 0.199774 0.236199 0.164626 0.011151 -0.046186 0.045646 0.121263 -0.196048 0.102845 0.018520 0.333900 -0.491894 -0.386454 -0.386954 -0.379220 -0.331032 -0.447313 -0.209266 -0.275735 0.195654 -0.304221 -0.330977 0.066233 -0.426945 -0.411516 0.164939 -0.052653 0.161825 -0.035272 0.123340 -0.000409 -0.015616 0.018008 -0.120577 0.014304 -0.074006 0.020957 0.302282 0.272070 0.136377 0.202886 0.016498 0.238708 -0.126685 -0.324641 -0.042290 -0.034896 -0.070982 -0.062327 0.020236 -0.168356 0.199482 -0.200465 -0.038064 -0.230165 -0.099992 -0.243598 -0.137421 -0.331557 -0.264392 -0.115001 -0.106561 -0.258827 -0.109175 0.092453 0.253326 -0.253789 0.081697 0.118093 -0.023199 -0.119989
-0.580416 -0.555072 -0.037883 0.243764 0.076635 0.110729 -0.099746 0.015401 0.003231 -0.106825 0.096552 -0.169543 -0.262204 -0.244336 0.077974 0.225310 -0.192682 -0.132723 -0.288886 -0.378874 0.288032 0.274437 0.377788 0.532604 0.537359 0.573374 0.485834 0.448603 0.156646 -0.084231 0.690128 1.000000 -0.243385 -0.010744 0.010414 0.045106 0.064561 0.064569 0.147288 0.288727 -0.289268 0.326659 0.456072 0.400922 0.271800 0.326407 0.383238 0.352203 0.000851 0.003819 0.121976 0.111473 -0.269133 0.084731 -0.111161 0.411583 -0.502465 -0.485267 -0.325467 -0.344591 -0.397060 -0.374798 -0.236972 -0.438132 0.268502 -0.072648 -0.363781 0.171411 -0.461408 -0.512289 0.079950 0.152133 0.032130 -0.094395 0.049458 0.029908 -0.076117 -0.096400 -0.176406 -0.268458 -0.280945 -0.148696 0.293629 0.264838 0.136556 0.216829 0.248448 0.338801 -0.151615 -0.392182 0.140038 0.140280 0.083506 -0.072943 0.138943 -0.133315 0.198393 -0.106100 -0.036414 0.015832 -0.077635 -0.321387 -0.122764 -0.330127 -0.381800 -0.230778 -0.348116 -0.328240 -0.090571 0.137613 0.329822 0.053978 -0.037534 0.369710 -0.041687 -0.272764
0.363460 0.543829 -0.194667 -0.085104 -0.248041 -0.410559 -0.392330 -0.590967 -0.540857 -0.525276 -0.217746 -0.125160 -0.200070 -0.370948 -0.324092 -0.285233 0.294449 0.495920 0.386491 0.450682 0.193657 -0.318413 -0.053340 -0.412983 -0.015715 -0.133743 -0.044850 -0.145008 0.054452 0.224909 0.050084 -0.243385 1.000000 0.229705 0.311990 0.071831 -0.084978 0.363132 0.016635 -0.019090 0.297575 0.072064 -0.155146 -0.109709 0.182235 0.151308 -0.162830 -0.148570 -0.123096 0.059988 0.164114 0.088505 0.009114 0.179963 0.150718 0.062146 0.408687 0.510545 -0.204522 0.036941 -0.113726 -0.245644 0.104161 0.370262 -0.291997 -0.490880 -0.013005 -0.155616 0.403592 0.287293 -0.081967 -0.193910 0.208272 0.012499 0.004735 -0.068060 -0.137489 -0.050492 0.276390 0.192812 0.270077 0.185812 -0.058531 -0.151437 -0.136848 -0.107446 0.034891 -0.139622 -0.056342 0.004001 -0.527670 -0.420724 -0.458078 -0.229887 -0.032158 0.114637 0.106553 -0.019948 0.396186 0.109201 0.181189 0.001988 0.137994 0.069391 0.271283 0.229767 0.283917 0.207786 0.134776 0.005493 -0.090931 -0.201772 0.033830 -0.173189 0.121676 0.210318
-0.014485 -0.109195 0.203215 -0.070125 0.128398 -0.029337 0.136078 -0.018437 -0.075361 -0.070799 -0.023354 -0.082496 0.126774 0.099143 0.018743 -0.051433 0.022666 -0.045386 -0.128850 -0.077634 0.007087 -0.135278 -0.017753 -0.140625 0.192124 0.100569 -0.043886 -0.017771 -0.024373 0.048806 0.174333 -0.010744 0.229705 1.000000 0.513187 0.496695 -0.219147 0.122334 0.218404 -0.020705 0.206754 0.144057 -0.221426 -0.225232 -0.110413 -0.030886 -0.336304 -0.248858 0.097359 -0.095335 -0.106250 -0.025436 -0.104417 -0.208738 0.254946 -0.220164 -0.086927 -0.004778 0.203427 -0.059619 0.179992 0.098943 -0.015183 -0.009639 -0.076735 0.168828 0.310339 0.327922 -0.043426 -0.005047 -0.112350 -0.108272 0.280342 0.012649 0.019945 0.072762 0.065816 0.177628 0.015518 0.173136 -0.252005 -0.135506 -0.122014 -0.274706 -0.088282 -0.222781 -0.006973 -0.156174 0.258422 0.099070 -0.280040 -0.173158 -0.167187 -0.159161 0.005673 0.058903 0.203427 -0.151267 -0.303250 -0.277144 -0.327473 -0.088586 -0.146561 0.263458 0.208421 0.223744 0.040370 -0.121176 -0.068784 -0.218557 0.186097 -0.355988 -0.140159 -0.055439 -0.042871 0.117428
0.053713 -0.122587 0.327309 -0.194845 0.056092 0.079574 -0.060615 -0.131570 -0.156706 -0.079250 0.041839 -0.166041 0.041612 -0.091695 -0.015964 -0.143637 -0.153551 -0.203034 0.052106 -0.073917 0.056401 -0.038851 0.228798 -0.075767 0.171340 0.199951 0.190846 0.203481 -0.118840 -0.096227 0.121479 0.010414 0.311990 0.513187 1.000000 0.659683 -0.026561 0.196234 0.384030 0.158996 0.015913 0.036526 -0.226038 -0.251958 -0.104882 0.061010 -0.263008 -0.274124 0.241676 -0.160507 0.019641 0.007856 0.109854 -0.071860 0.404400 -0.039270 -0.147433 -0.143952 0.241526 -0.063017 0.004291 -0.061025 -0.143016 -0.190502 -0.068924 0.124344 0.357817 0.408347 0.007701 -0.042544 0.035467 -0.106264 0.047361 0.038007 0.206478 0.090385 0.002077 0.006083 -0.216136 -0.085672 -0.228673 -0.270898 -0.016134 -0.287535 -0.059397 -0.129941 0.169599 0.183495 0.073592 0.218526 -0.294439 0.026207 -0.165652 0.120352 0.079388 -0.049205 0.304007 -0.021872 -0.149894 -0.162101 -0.168422 0.119246 -0.085118 0.212376 -0.030039 -0.037388 -0.163631 -0.174232 0.039830 0.038476 0.367347 -0.404416 -0.289362 -0.011181 -0.071562 -0.051740
-0.074097 -0.265255 0.260813 -0.031139 -0.054458 0.099486 -0.116380 -0.003497 -0.214430 0.012927 -0.063764 -0.273126 0.055978 -0.139106 0.016630 -0.191153 -0.367010 -0.421044 -0.082009 -0.246690 -0.065505 0.110731 0.274741 0.066865 0.239537 0.256721 0.184529 0.247487 -0.291162 -0.391492 0.075941 0.045106 0.071831 0.496695 0.659683 1.000000 -0.035785 -0.021213 0.254216 0.023115 -0.088483 -0.083827 -0.200347 -0.247445 -0.082496 0.162560 -0.251091 -0.179589 0.248830 -0.125182 -0.166731 -0.152882 0.162774 -0.398523 0.336903 -0.198399 -0.164990 -0.152423 0.348799 0.082001 0.027206 -0.029097 -0.318406 -0.353169 0.124693 0.225867 0.405560 0.575545 -0.112061 -0.041298 -0.083774 -0.079675 -0.146532 -0.001746 0.060379 0.072618 -0.197702 -0.055897 -0.422115 -0.254500 -0.419865 -0.445808 -0.058290 -0.368934 0.104710 -0.045160 0.166374 0.123501 0.409904 0.297807 -0.156025 0.176653 -0.107178 0.168233 0.308487 0.085052 0.308056 0.216310 -0.223117 -0.112044 -0.445882 0.087639 -0.119015 0.353685 0.061744 0.085833 0.013253 -0.032581 0.088852 0.045754 0.421246 -0.155852 -0.171907 0.022425 0.032004 0.051547
