1.000000 0.412784 -0.193787 -0.344257 -0.131758 -0.392955 -0.148055 -0.061394 -0.008200 -0.011432 0.631544 0.525221 0.438624 0.196746 0.427385 0.360671 0.265338 0.082235 0.484945 0.370147 -0.076228 -0.157070 -0.179047 -0.207571 -0.446958 -0.525734 -0.242863 -0.278135 0.158421 0.047341 -0.416257 -0.327179 -0.194702 -0.207238 -0.265112 -0.063090 0.189712 0.145376 0.191286 0.235766 -0.151449 0.125572 -0.260220 -0.535780 -0.535866 -0.430678 -0.276595 -0.245830 -0.136844 -0.249281 -0.222184 -0.167387 0.068773 -0.182382 0.076616 -0.094589 0.228525 0.177944 0.328373 -0.018646 0.406112 0.346010 0.012212 0.287401 0.324511 0.276499 -0.374593 -0.356142 0.039939 0.149509 0.226556 0.163432 0.062777 0.178967 0.280827 0.228540 0.293715 0.223632 -0.070677 -0.199745 -0.219801 -0.143453 0.260786 -0.034209 0.367532 -0.062167 0.092440 0.140729 0.256573 -0.086377 0.153621 0.279705 0.169259 0.262685 0.124654 0.255730 -0.180888 0.077771 -0.037864 0.254460 -0.113658 0.362773 -0.010360 -0.105611 -0.119281 -0.047288 0.064774 -0.184085 0.063856 0.227655 -0.275675 -0.008363 -0.021178 0.036546 0.116309 0.175059
0.412784 1.000000 -0.356591 -0.258110 -0.156798 -0.057900 -0.087708 0.046930 -0.196810 0.083630 0.113233 0.300880 0.231611 0.274135 0.030772 0.165438 0.124002 0.247584 0.162065 0.297709 -0.312524 -0.370529 -0.379244 -0.406600 -0.386860 -0.462565 -0.355036 -0.277099 0.172318 0.353570 -0.307862 -0.443228 0.084015 -0.246148 -0.164049 -0.434540 0.113296 0.162831 0.054845 0.176565 -0.152886 0.097794 -0.093210 -0.391403 -0.329991 -0.397468 0.144053 0.070660 -0.139509 0.096551 -0.176129 0.124789 0.051233 0.149771 -0.069285 0.154074 0.472803 0.608231 0.067673 0.032403 0.136480 0.268057 0.100013 0.406684 -0.235857 -0.018648 -0.142275 -0.560189 0.408327 0.373011 0.042873 0.159220 0.204399 0.390570 0.381492 0.118244 0.329141 0.160455 -0.040227 0.061084 0.168610 0.161596 0.000189 0.052675 -0.136779 -0.154084 -0.030984 0.106616 -0.140195 -0.021237 0.194809 0.119112 -0.022727 -0.044113 0.001586 0.159558 -0.073083 0.404248 0.373269 0.330731 0.149171 0.010980 0.250200 -0.103388 -0.341632 -0.237389 -0.062870 -0.230860 0.036936 0.080527 -0.118446 0.226333 -0.029394 -0.106611 -0.067768 -0.018480
-0.193787 -0.356591 1.000000 0.603818 0.410604 0.485511 0.358785 0.055324 0.261601 0.148987 -0.056801 0.003515 -0.406961 -0.542965 -0.301407 -0.422552 -0.405570 -0.536373 0.047084 -0.402199 0.218920 0.351386 0.665029 0.509515 0.537714 0.564744 0.553589 0.627163 -0.456638 -0.479372 0.066535 0.163692 -0.139079 -0.123973 0.516377 0.427426 -0.306329 -0.089444 -0.147388 -0.350937 -0.195376 -0.086121 -0.282814 -0.097344 -0.187624 -0.149131 -0.315695 -0.313958 0.220915 -0.395563 0.284487 0.080246 0.192933 0.040878 -0.198584 -0.365185 -0.328699 -0.372496 0.237062 0.130209 -0.040983 -0.138314 -0.415337 -0.447047 0.252375 0.299457 0.418286 0.471624 0.019005 -0.102588 -0.177008 -0.111926 -0.444217 -0.280654 -0.217666 -0.367462 -0.299805 -0.064434 -0.231734 -0.191385 -0.379304 -0.339376 -0.238230 -0.352727 0.042069 0.114337 0.172496 -0.371183 0.129826 0.310251 -0.385932 0.083855 0.062698 0.103850 0.152552 -0.227160 0.119391 -0.040582 -0.451481 -0.399066 -0.159710 -0.239887 -0.323350 -0.163048 0.052018 0.067316 -0.185251 0.120482 -0.152354 -0.076788 -0.047922 -0.324557 -0.409427 -0.150240 0.011301 -0.246247
-0.344257 -0.258110 0.603818 1.000000 0.050932 0.432136 0.374267 0.361870 0.004715 0.111676 -0.273091 0.011903 -0.473927 -0.491402 -0.347993 -0.267668 -0.496382 -0.510659 -0.227072 -0.315913 0.140560 0.384786 0.292300 0.320631 0.272505 0.575608 0.357270 0.564471 -0.623989 -0.473553 -0.026254 0.172217 0.020237 0.087295 0.385094 0.274660 -0.309097 0.052702 -0.257721 -0.165343 -0.206242 -0.054341 0.046475 0.199261 0.027698 0.044871 -0.133151 0.014142 0.180897 -0.205303 0.043458 -0.156707 -0.054401 -0.091141 -0.141556 -0.167691 -0.288823 -0.311067 -0.027375 0.009576 -0.026077 -0.283660 -0.263344 -0.399960 0.145380 0.311372 0.292453 0.585969 -0.011272 -0.048825 -0.151464 0.060105 -0.528386 -0.038104 -0.020284 -0.122775 -0.213050 0.099051 -0.263678 -0.168146 -0.259613 -0.390886 -0.261454 -0.182877 -0.187362 0.116610 0.250927 -0.210829 0.105030 0.271467 -0.276243 -0.103304 0.102513 -0.146064 -0.148481 -0.339639 0.146452 0.102730 -0.128197 -0.328744 -0.091893 -0.354414 -0.229500 0.011754 0.142493 -0.128712 -0.053762 0.029875 -0.153697 -0.080904 0.267204 -0.100205 -0.256153 -0.103229 -0.259073 -0.215205
-0.131758 -0.156798 0.410604 0.050932 1.000000 0.682237 0.312980 -0.133833 0.474397 0.232813 -0.112967 -0.152939 -0.213140 -0.131809 -0.458015 -0.369238 -0.197471 0.019507 -0.077058 0.015336 -0.044347 0.098359 0.444421 0.286990 0.489421 0.235648 0.461440 0.409484 -0.218686 -0.021863 -0.146260 -0.078240 -0.172477 -0.444671 0.065527 0.075502 0.028196 -0.092805 -0.185602 -0.155556 0.167962 -0.077578 -0.066204 -0.171168 0.020909 -0.070866 0.074851 0.002493 0.080590 0.004881 0.125673 0.214260 0.132484 0.279086 -0.226432 -0.007862 -0.119748 -0.055819 0.158420 0.118278 -0.123747 -0.033518 -0.170485 -0.218150 0.028538 -0.215608 0.114038 -0.099099 -0.006864 0.172666 -0.232160 -0.017166 -0.271262 -0.316772 -0.382743 -0.394346 -0.362073 -0.111520 -0.301980 -0.225594 -0.097173 0.186449 -0.242725 0.043547 -0.113824 -0.008883 0.029843 -0.525189 -0.103258 0.228176 0.081209 0.282639 0.169548 0.101175 0.151150 -0.050219 0.090335 0.037630 -0.032450 0.037039 0.170316 0.076074 0.112173 -0.372410 0.005497 0.065145 -0.248589 0.109955 0.043943 -0.252813 -0.180137 -0.151313 -0.189564 -0.280921 -0.182050 -0.316202
-0.392955 -0.057900 0.485511 0.432136 0.682237 1.000000 0.544865 0.142468 0.309897 0.432269 -0.495315 -0.154087 -0.411312 -0.245605 -0.766231 -0.605312 -0.389218 -0.103628 -0.312800 -0.197430 -0.045589 0.167339 0.336522 0.192901 0.612467 0.489794 0.471895 0.592384 -0.462144 -0.139176 -0.140249 -0.044019 0.016867 -0.266248 0.212367 0.086734 -0.124056 -0.178993 -0.345510 -0.200545 -0.108622 -0.027506 0.112368 0.029901 0.116073 -0.032652 0.236070 0.196655 0.193598 0.055789 0.163377 0.133234 0.139827 0.245420 -0.375649 -0.076498 -0.123231 -0.054964 0.042889 0.171158 -0.179477 -0.192062 -0.058596 -0.259821 -0.154984 -0.214029 0.254738 0.050981 0.149944 0.067900 -0.356879 -0.072023 -0.378612 -0.155454 -0.161161 -0.428784 -0.379134 -0.131235 -0.227437 -0.114869 -0.010860 0.184140 -0.401837 -0.016220 -0.344730 0.024443 0.094724 -0.496311 -0.252626 0.255386 -0.146249 0.035441 -0.032644 -0.182241 0.064171 -0.145917 0.015388 0.159478 -0.010342 -0.166213 -0.001181 -0.304860 0.019079 -0.316353 -0.099245 -0.060763 -0.172635 0.046757 -0.020371 -0.267627 0.004409 -0.049284 -0.183765 -0.290234 -0.223686 -0.184192
-0.148055 -0.087708 0.358785 0.374267 0.312980 0.544865 1.000000 0.618520 0.364714 0.532605 -0.291922 0.363769 0.074676 0.177061 -0.471100 -0.227679 -0.466927 -0.144753 -0.203992 -0.228817 -0.344689 -0.155136 -0.170757 -0.176913 -0.022383 -0.033070 -0.147120 0.097703 -0.315868 -0.012346 -0.290881 -0.105559 0.069460 -0.102317 -0.075698 -0.028405 -0.172573 -0.312544 -0.472954 -0.220323 -0.120534 -0.043329 0.098302 -0.046706 -0.100501 -0.267759 0.025237 0.036290 0.513582 0.050711 -0.080516 0.040711 0.120378 -0.231665 -0.383836 -0.177009 -0.362107 -0.410738 0.133783 0.313967 0.190051 0.080764 0.100507 -0.011966 -0.196245 -0.003405 0.226981 0.236800 -0.104634 -0.005840 0.015354 0.095510 -0.131239 0.160768 0.122123 -0.050323 -0.167661 0.000745 -0.350446 -0.417861 -0.131121 -0.092520 -0.529127 -0.204871 -0.424235 -0.079635 -0.110134 -0.452147 -0.166929 0.057036 -0.003096 0.104687 0.116132 -0.101958 -0.083067 -0.008274 -0.180345 0.170318 -0.084014 -0.210314 -0.048457 -0.127018 0.092207 -0.182055 0.035283 -0.084091 -0.295067 -0.055933 -0.102638 -0.226252 0.071027 -0.250550 -0.099257 -0.164845 -0.215006 -0.191458
-0.061394 0.046930 0.055324 0.361870 -0.133833 0.142468 0.618520 1.000000 0.023192 0.390217 -0.222238 0.487520 0.197762 0.350605 -0.215576 0.166523 -0.198444 -0.034242 -0.260871 -0.169950 -0.433446 -0.299798 -0.533548 -0.505262 -0.426270 -0.285616 -0.479478 -0.314561 -0.155724 0.221519 -0.341044 -0.240620 0.014350 -0.055932 -0.306313 -0.206602 -0.249342 -0.164212 -0.220403 -0.038148 -0.066721 0.123810 0.253361 0.051962 -0.092097 -0.174427 0.089238 0.131393 0.263592 0.071257 -0.348117 -0.249518 -0.217438 -0.368679 -0.221553 -0.064954 -0.130589 -0.282885 -0.099926 0.007809 0.334280 0.300787 0.222517 0.128098 -0.148306 0.199671 -0.139051 0.195867 -0.217699 -0.089454 0.166235 0.184291 0.063614 0.397490 0.347671 0.236646 0.093121 0.130535 -0.127953 -0.293361 0.102968 -0.145048 -0.396661 -0.122845 -0.391030 -0.276646 -0.294869 -0.219667 -0.141454 -0.251215 0.176339 0.199263 0.182926 0.014587 -0.144626 0.022278 -0.213971 0.203469 0.023322 -0.000861 0.108351 -0.008014 0.173363 0.121655 0.166251 -0.052095 -0.148818 0.093625 -0.069039 -0.212991 0.307500 -0.066357 0.165478 -0.052606 -0.134612 -0.091034
-0.008200 -0.196810 0.261601 0.004715 0.474397 0.309897 0.364714 0.023192 1.000000 0.397227 -0.038626 0.130850 0.001979 -0.029874 -0.322984 -0.050155 -0.282963 -0.134059 -0.051800 -0.045439 -0.109440 -0.030712 0.142939 0.085784 0.195305 -0.021660 0.110679 0.010029 -0.126737 -0.061006 -0.259531 -0.066636 -0.175850 -0.163243 0.027329 0.307939 -0.018162 -0.134066 -0.163127 -0.088472 0.104327 -0.090694 0.020084 -0.043733 0.074038 0.118899 0.076251 -0.049085 0.225952 0.177805 0.039229 0.151667 0.160860 -0.027089 -0.298963 -0.156549 -0.215655 -0.233659 0.318032 0.242254 0.057063 0.153187 -0.068972 -0.096123 0.091752 0.166340 0.081775 0.009022 -0.266177 -0.000745 -0.114051 0.093943 -0.269684 -0.333870 -0.288232 -0.081290 -0.399815 -0.199383 -0.223823 -0.298979 -0.248422 0.002843 -0.168081 -0.028844 -0.171591 -0.090869 0.098463 -0.289360 -0.020223 0.118474 0.108819 0.128404 0.330008 -0.022704 0.034065 -0.003281 -0.054076 -0.172781 -0.063640 -0.159265 0.049733 0.078289 0.072657 -0.174265 0.055280 0.078065 -0.304097 0.105222 0.133630 -0.151224 -0.321558 -0.165400 -0.042668 0.006569 -0.198273 -0.114828
-0.011432 0.083630 0.148987 0.111676 0.232813 0.432269 0.532605 0.390217 0.397227 1.000000 -0.199302 0.179564 -0.027953 0.046847 -0.335698 -0.156095 -0.204963 -0.009775 -0.064355 0.046531 -0.342839 -0.302374 -0.154988 -0.080408 -0.026359 -0.158623 -0.258962 -0.050789 -0.103955 0.166105 -0.386386 -0.248015 0.064295 -0.141639 -0.078339 0.030711 -0.137483 -0.405880 -0.265808 -0.046904 -0.073014 0.064309 0.055987 -0.136381 -0.021849 -0.081407 0.188422 0.060081 0.251813 0.263346 -0.092717 -0.079383 0.073540 -0.082577 -0.493499 -0.100371 -0.156489 -0.112942 0.179192 0.214455 0.011045 0.098687 -0.019321 -0.031131 -0.175903 -0.050188 0.053960 -0.059137 0.084650 0.115424 -0.200368 -0.052994 -0.121822 -0.080797 0.008720 -0.099716 -0.262323 -0.111143 -0.196504 -0.210849 0.024878 0.145141 -0.169969 0.003377 -0.238336 -0.033556 -0.199966 -0.202268 0.007578 -0.024335 0.012660 0.088036 0.280224 0.022309 -0.119246 -0.006483 -0.216149 0.142524 0.050865 -0.073817 -0.172608 -0.022795 0.086138 -0.247916 -0.135848 0.050069 -0.160914 0.069866 -0.002615 -0.171710 -0.109838 0.040872 -0.001412 0.065389 -0.142406 0.163643
0.631544 0.113233 -0.056801 -0.273091 -0.112967 -0.495315 -0.291922 -0.222238 -0.038626 -0.199302 1.000000 0.412970 0.451953 0.003676 0.657000 0.397738 0.431515 0.006514 0.598053 0.000191 0.216234 0.070284 0.153642 0.039762 -0.331133 -0.371961 -0.114145 -0.212732 0.362989 -0.043825 -0.063213 0.009018 -0.373783 -0.230568 0.046425 0.078575 0.065060 0.131143 0.308426 -0.009533 0.014542 -0.218524 -0.319393 -0.338159 -0.465251 -0.186018 -0.386212 -0.364982 -0.242602 -0.374459 -0.054264 -0.153636 -0.047835 -0.076984 0.271979 -0.187441 0.014217 0.039713 0.190179 -0.193567 0.182569 0.269095 -0.345687 -0.025810 0.586996 0.381743 -0.256005 -0.222644 -0.047267 -0.004170 -0.002323 -0.049493 0.090261 -0.097404 0.018255 0.173037 0.273818 0.043602 -0.004011 -0.066530 -0.292361 -0.346266 0.451652 -0.258170 0.557513 0.044606 0.291743 0.190230 0.273132 -0.090050 -0.031022 0.162087 0.036789 0.216564 0.115761 -0.016151 0.005148 -0.103360 -0.042736 -0.054595 -0.077212 0.256123 -0.093424 -0.010689 0.098053 0.172093 0.031353 -0.056726 -0.039201 0.161796 -0.177870 -0.174042 -0.021196 0.124486 0.242140 -0.048360
0.525221 0.300880 0.003515 0.011903 -0.152939 -0.154087 0.363769 0.487520 0.130850 0.179564 0.412970 1.000000 0.527031 0.307043 0.163264 0.443312 0.115170 0.071267 0.201404 -0.060526 -0.177457 -0.244063 -0.356601 -0.456399 -0.472478 -0.472230 -0.446365 -0.379569 0.238341 0.298803 -0.306240 -0.194963 -0.084875 -0.186265 -0.206602 -0.011175 -0.043530 0.028492 -0.074094 0.044915 -0.067564 0.047894 -0.052839 -0.254957 -0.373067 -0.298274 -0.150714 -0.070809 0.210617 -0.136796 -0.276790 -0.157267 -0.107976 -0.415637 -0.114323 -0.097302 -0.003693 -0.121631 0.238762 -0.024757 0.482345 0.400773 0.119627 0.162583 0.220252 0.459769 -0.247561 -0.110743 -0.162047 -0.011601 0.120828 0.261629 0.191237 0.207541 0.277924 0.153345 0.223807 0.192345 -0.187880 -0.360929 -0.194599 -0.269510 -0.061423 -0.121456 -0.058602 -0.124380 0.036682 -0.111678 0.007258 -0.190608 0.013843 0.151317 0.079943 -0.028338 -0.074777 0.168205 -0.218731 0.204498 0.052174 -0.028959 -0.170064 -0.040800 -0.097023 -0.198148 -0.149244 -0.134917 -0.126451 -0.132963 -0.122925 -0.103639 -0.012912 -0.216876 0.024023 0.029470 -0.095278 -0.101377
0.438624 0.231611 -0.406961 -0.473927 -0.213140 -0.411312 0.074676 0.197762 0.001979 -0.027953 0.451953 0.527031 1.000000 0.685043 0.509532 0.532505 0.289712 0.278139 0.109118 0.091874 -0.307176 -0.442755 -0.457956 -0.502703 -0.563413 -0.714825 -0.535450 -0.599913 0.448381 0.365572 -0.218340 -0.227070 -0.000649 -0.006827 -0.257634 -0.149307 0.216195 -0.042386 0.147218 0.047979 0.065836 0.002561 -0.036039 -0.212810 -0.161853 -0.061655 0.058327 -0.057127 -0.011531 0.092840 -0.265462 -0.115670 -0.029135 -0.371341 0.240994 0.049047 0.010448 -0.126295 0.134736 -0.120246 0.427280 0.523892 0.196694 0.239412 0.045305 0.199762 -0.312953 -0.347582 -0.131826 0.060532 0.099222 0.092636 0.402816 0.175836 0.164214 0.297813 0.314146 0.063464 -0.077614 -0.182543 -0.051872 0.036818 0.026338 -0.086924 0.093832 -0.290534 -0.161852 0.040269 -0.022318 -0.441417 0.215708 0.022478 -0.123847 -0.064500 0.041481 0.192992 -0.164899 0.072323 0.177129 0.116397 0.057454 0.231401 0.083788 -0.146331 -0.146447 -0.059527 -0.002670 -0.183183 -0.212103 -0.081923 -0.057416 -0.071982 0.170724 0.096596 0.105003 -0.012297
0.196746 0.274135 -0.542965 -0.491402 -0.131809 -0.245605 0.177061 0.350605 -0.029874 0.046847 0.003676 0.307043 0.685043 1.000000 0.158403 0.423969 0.133095 0.399441 -0.228309 0.169165 -0.427651 -0.511333 -0.677815 -0.590765 -0.492150 -0.645769 -0.570908 -0.618902 0.271166 0.478045 -0.198759 -0.270517 -0.032437 0.011377 -0.447189 -0.254052 0.179007 -0.117899 0.008611 0.070670 0.081965 0.041993 0.142375 -0.165626 -0.010474 -0.115770 0.281369 0.132214 0.067782 0.223894 -0.279193 -0.034587 0.057875 -0.212948 0.101355 0.115112 0.021011 -0.056259 -0.019325 0.056637 0.413853 0.561069 0.480439 0.495947 -0.323195 -0.110292 -0.304758 -0.386740 -0.177690 -0.011276 0.274801 0.205891 0.407514 0.359757 0.274116 0.315438 0.280019 0.091070 0.012428 -0.100748 0.197642 0.214474 -0.164246 0.042834 -0.241361 -0.389606 -0.310406 0.042184 -0.114932 -0.340289 0.492970 0.177108 -0.042334 0.030694 -0.084024 0.278138 -0.285376 0.012707 0.307149 0.265008 0.138252 0.332422 0.369661 -0.006916 -0.081893 -0.029020 -0.049464 -0.076615 -0.036484 -0.174486 0.030222 0.030086 0.332841 0.012339 0.012986 0.029450
0.427385 0.030772 -0.301407 -0.347993 -0.458015 -0.766231 -0.471100 -0.215576 -0.322984 -0.335698 0.657000 0.163264 0.509532 0.158403 1.000000 0.623978 0.268861 -0.003309 0.425068 0.049365 0.206722 -0.015193 -0.039454 -0.044687 -0.403459 -0.375772 -0.268928 -0.399431 0.388137 0.011204 0.078450 0.032262 -0.095424 0.088592 0.018764 0.008960 0.077291 0.147737 0.392186 0.129059 0.211506 0.052193 -0.224059 -0.179356 -0.202914 -0.001790 -0.310200 -0.302331 -0.136819 -0.166721 -0.008436 -0.194478 0.001257 -0.191716 0.552212 0.084460 -0.066277 -0.101451 0.113445 -0.183575 0.260851 0.262583 -0.173594 -0.012343 0.373353 0.316392 -0.165536 -0.101768 -0.092840 0.099689 0.154682 0.112006 0.166132 -0.069731 -0.023764 0.235433 0.215879 0.107328 -0.075541 -0.054761 -0.190916 -0.202876 0.573662 -0.037637 0.566009 -0.020029 0.125659 0.364249 0.469258 -0.158621 0.111732 0.064268 -0.023589 0.181592 -0.005920 -0.031683 0.086290 -0.001801 -0.022560 0.060066 -0.039426 0.144462 -0.165762 0.024962 -0.019637 -0.033365 -0.055276 -0.024208 -0.206049 0.113001 -0.168663 -0.157349 0.018258 0.089034 0.112630 -0.010134
0.360671 0.165438 -0.422552 -0.267668 -0.369238 -0.605312 -0.227679 0.166523 -0.050155 -0.156095 0.397738 0.443312 0.532505 0.423969 0.623978 1.000000 0.244169 0.172960 0.166242 0.282993 -0.091120 -0.193477 -0.369391 -0.402622 -0.538343 -0.521044 -0.437619 -0.560115 0.321728 0.356317 -0.198991 -0.171540 -0.054477 0.093688 -0.220587 -0.033806 0.179695 0.212832 0.309732 0.302703 0.304241 0.187757 0.051086 -0.110972 -0.102449 0.053764 -0.076612 -0.019149 -0.066955 -0.001535 -0.226192 -0.221884 -0.276268 -0.144706 0.167040 0.039747 0.105141 -0.029182 -0.043925 -0.258954 0.280280 0.401524 0.123720 0.172192 0.184264 0.382719 -0.422427 -0.197333 -0.240192 0.197183 0.302067 0.307185 0.254945 0.069410 0.092776 0.336008 0.171831 0.188692 -0.030013 -0.089521 0.065204 -0.046584 0.317833 0.166100 0.146048 -0.308655 0.030253 0.144564 0.290236 -0.324391 0.336852 0.129060 0.207974 0.071272 -0.290886 0.137057 -0.221138 0.026781 0.085385 0.096603 0.182723 0.131100 0.122891 0.016148 -0.083999 -0.257458 -0.247750 -0.012689 -0.024197 -0.091554 -0.032687 -0.147808 0.177980 0.208452 -0.157156 -0.024386
0.265338 0.124002 -0.405570 -0.496382 -0.197471 -0.389218 -0.466927 -0.198444 -0.282963 -0.204963 0.431515 0.115170 0.289712 0.133095 0.268861 0.244169 1.000000 0.496266 0.276608 0.160028 0.019738 -0.199872 -0.151542 -0.201039 -0.255836 -0.360306 -0.220808 -0.306732 0.620728 0.330848 0.110126 -0.019952 -0.082321 -0.022550 -0.189125 -0.144677 0.054235 0.047160 0.262317 -0.077124 -0.042081 -0.159991 0.005493 -0.031849 -0.105303 0.039532 0.041799 -0.017964 -0.521309 -0.230039 -0.179343 -0.276077 -0.307913 0.094515 0.126475 -0.158023 0.521357 0.486632 -0.191965 -0.497770 -0.142413 -0.003186 0.114453 0.112695 0.082662 -0.181818 -0.364960 -0.377079 0.110833 -0.123625 0.034562 -0.304564 0.517537 0.086855 0.159910 0.170476 0.301795 -0.115946 0.495962 0.387056 0.514944 0.225218 0.258409 -0.143793 0.367985 0.167370 -0.121601 0.317559 -0.133393 -0.380506 -0.089586 -0.023700 -0.273566 0.095245 0.135590 0.077621 -0.168596 -0.301380 0.040623 0.089335 -0.131201 0.073098 0.039500 0.162109 -0.003701 0.335195 0.356159 -0.086299 0.241593 0.005493 -0.045552 0.158979 0.242239 0.200658 0.449343 0.226871
0.082235 0.247584 -0.536373 -0.510659 0.019507 -0.103628 -0.144753 -0.034242 -0.134059 -0.009775 0.006514 0.071267 0.278139 0.399441 -0.003309 0.172960 0.496266 1.000000 -0.080829 0.216051 -0.237296 -0.366009 -0.363267 -0.308569 -0.289240 -0.393864 -0.271826 -0.379495 0.491872 0.670685 -0.008986 -0.026134 0.076113 -0.000624 -0.334636 -0.202427 0.354779 0.047926 0.158656 0.033614 0.221620 0.013113 0.227457 -0.116767 0.158272 0.051173 0.355880 0.178411 -0.341251 0.197540 -0.141447 -0.183500 -0.138311 0.115838 -0.103379 0.009020 0.453533 0.492317 -0.244019 -0.344739 -0.106005 0.230788 0.376782 0.431528 -0.178219 -0.291537 -0.487464 -0.621050 -0.011092 -0.037524 -0.086214 -0.132286 0.575993 0.119215 0.028563 0.109079 0.026118 -0.079297 0.321805 0.415654 0.638805 0.643353 0.068457 0.227526 -0.021255 -0.006470 -0.156506 0.112911 -0.299122 -0.330648 0.173098 -0.077517 -0.207309 -0.074853 -0.144046 0.212999 -0.439904 -0.103508 0.199064 0.227266 0.110077 -0.047793 0.295882 -0.140527 -0.318259 -0.049583 0.150416 -0.021321 0.027083 -0.086296 -0.208158 0.302627 0.323880 0.113486 0.070028 0.035149
0.484945 0.162065 0.047084 -0.227072 -0.077058 -0.312800 -0.203992 -0.260871 -0.051800 -0.064355 0.598053 0.201404 0.109118 -0.228309 0.425068 0.166242 0.276608 -0.080829 1.000000 0.178460 0.109855 -0.091892 0.161424 0.064509 -0.232308 -0.190455 -0.107363 -0.075905 0.233928 -0.051762 -0.120428 -0.043398 0.031466 -0.084134 0.066561 0.011976 0.094784 0.033728 0.241883 0.139677 -0.007941 -0.060705 -0.354705 -0.318068 -0.488895 -0.338014 -0.333181 -0.273582 -0.131546 -0.311419 -0.089052 -0.039386 -0.118206 0.047719 0.092285 0.040176 0.041742 0.147970 0.222698 0.033844 -0.089311 -0.004271 -0.324493 0.013160 0.424365 0.156199 0.025189 -0.090224 0.184228 0.196412 0.084415 -0.019191 0.048096 0.045205 0.154575 0.046477 0.213378 0.128067 -0.037723 -0.133688 -0.120638 -0.181773 0.477612 -0.089364 0.321193 -0.013968 0.157433 0.294823 0.361795 0.004785 -0.102076 0.187244 0.059937 0.142382 0.055582 0.031795 0.117594 0.100689 -0.007932 0.060003 -0.172526 0.027870 -0.199622 0.086892 -0.148049 -0.022694 0.027424 -0.137459 -0.110760 0.231107 -0.218367 -0.066098 0.034520 0.045015 0.151156 -0.106422
0.370147 0.297709 -0.402199 -0.315913 0.015336 -0.197430 -0.228817 -0.169950 -0.045439 0.046531 0.000191 -0.060526 0.091874 0.169165 0.049365 0.282993 0.160028 0.216051 0.178460 1.000000 -0.275538 -0.372791 -0.318614 -0.165617 -0.296988 -0.350148 -0.186453 -0.187816 0.033187 0.203541 -0.341387 -0.392301 0.208462 0.133779 -0.384305 -0.143449 0.238901 -0.035430 0.088822 0.481277 0.041235 0.289937 0.012104 -0.121386 -0.025224 -0.124133 0.185103 0.207205 -0.098944 0.170042 -0.218314 -0.019765 -0.063931 0.190788 -0.220360 0.145086 0.304439 0.289004 0.016413 -0.052574 -0.064357 -0.113703 0.059790 0.330516 -0.166648 -0.274645 -0.315533 -0.321560 0.194782 0.390159 0.261741 0.047312 0.148748 0.056104 0.021938 0.185996 0.022488 0.078256 0.077147 0.042322 0.164853 0.241105 0.071543 0.463725 -0.106482 -0.185645 -0.173810 0.093125 -0.014184 -0.135298 0.380523 0.058455 0.203718 0.100133 -0.080767 0.490342 -0.246071 0.009706 0.068370 0.235771 0.129652 0.256887 0.271359 0.023005 -0.195071 -0.096659 0.102033 -0.010125 0.316876 0.184438 -0.043377 0.349262 0.144175 0.293204 -0.033699 0.355697
-0.076228 -0.312524 0.218920 0.140560 -0.044347 -0.045589 -0.344689 -0.433446 -0.109440 -0.342839 0.216234 -0.177457 -0.307176 -0.427651 0.206722 -0.091120 0.019738 -0.237296 0.109855 -0.275538 1.000000 0.637626 0.519174 0.413150 0.427264 0.505923 0.526259 0.338641 -0.000410 -0.359538 0.414495 0.355219 -0.043480 0.056370 0.451304 0.282134 -0.013658 0.349272 0.194101 -0.004778 0.133989 0.031241 -0.265233 0.051068 -0.152692 0.080968 -0.359590 -0.201145 -0.111634 -0.373713 0.337516 0.081428 0.206827 0.175768 0.270862 0.020546 -0.155347 -0.183503 0.125310 -0.136089 -0.022529 -0.201693 -0.291962 -0.360167 0.403842 0.210831 0.075844 0.109575 0.050074 -0.135509 -0.106352 -0.119198 -0.154595 -0.391421 -0.255786 -0.132820 -0.104452 -0.129801 0.097034 0.165465 -0.277620 -0.289810 0.371582 -0.032794 0.264261 0.199467 0.498009 0.141716 0.204189 0.275439 -0.318165 -0.071342 -0.141281 -0.001827 0.063604 -0.112434 0.193334 -0.136617 -0.209139 -0.228546 -0.250410 -0.106262 -0.464593 0.079417 0.072887 0.100429 0.128673 0.060961 -0.040136 0.161433 -0.052517 -0.196730 -0.213893 0.003217 0.232085 0.058061
-0.157070 -0.370529 0.351386 0.384786 0.098359 0.167339 -0.155136 -0.299798 -0.030712 -0.302374 0.070284 -0.244063 -0.442755 -0.511333 -0.015193 -0.193477 -0.199872 -0.366009 -0.091892 -0.372791 0.637626 1.000000 0.598307 0.406229 0.544400 0.705483 0.692053 0.555384 -0.282072 -0.501608 0.245010 0.359753 -0.141876 -0.036186 0.457102 0.286732 0.042943 0.361815 0.153836 0.034213 0.080532 0.051692 -0.218759 0.051385 -0.070326 0.075750 -0.430286 -0.301032 -0.023065 -0.435180 0.475357 0.140781 0.119636 0.125455 0.271100 -0.060978 -0.203257 -0.128497 0.016659 0.062858 -0.032411 -0.153181 -0.217318 -0.351667 0.442688 0.248614 0.217896 0.348463 -0.155195 -0.205864 -0.178507 0.086050 -0.354965 -0.210872 -0.190142 -0.126458 -0.040902 0.172764 0.021961 0.094393 -0.320768 -0.288549 0.226876 -0.072659 0.280202 0.044824 0.618934 0.033054 0.281495 0.352740 -0.496815 -0.201676 -0.141020 -0.135006 -0.086869 -0.334446 0.306237 -0.045686 -0.308763 -0.216260 -0.105059 -0.176794 -0.325112 -0.089793 0.231784 -0.177553 -0.094290 -0.062840 -0.092388 0.249709 0.033469 -0.234349 -0.226236 -0.108968 -0.079926 -0.174498
-0.179047 -0.379244 0.665029 0.292300 0.444421 0.336522 -0.170757 -0.533548 0.142939 -0.154988 0.153642 -0.356601 -0.457956 -0.677815 -0.039454 -0.369391 -0.151542 -0.363267 0.161424 -0.318614 0.519174 0.598307 1.000000 0.784380 0.750453 0.698225 0.785505 0.679372 -0.227767 -0.493608 0.291736 0.382642 -0.193655 -0.117770 0.655503 0.480422 -0.058966 0.052505 0.055927 -0.255290 0.074889 -0.181398 -0.334237 -0.091614 -0.062800 0.048574 -0.291966 -0.339007 -0.130416 -0.417622 0.485896 0.068883 0.161401 0.325155 0.094149 -0.181568 -0.204020 -0.110132 0.110168 -0.073017 -0.298209 -0.262596 -0.481406 -0.522711 0.444949 0.132844 0.337506 0.221931 0.096491 0.017382 -0.343727 -0.173070 -0.439975 -0.504057 -0.459732 -0.455772 -0.298270 -0.156790 -0.130514 0.048582 -0.340109 -0.171932 0.211727 -0.186429 0.378530 0.231066 0.426321 -0.181362 0.249388 0.405692 -0.368956 0.038678 0.036206 0.111383 0.201143 -0.379445 0.263620 -0.145755 -0.331646 -0.229227 -0.071954 -0.190126 -0.360371 -0.193989 0.042218 0.075164 -0.129138 0.037167 -0.147755 -0.139407 -0.201159 -0.306704 -0.348355 -0.184675 0.015082 -0.229260
-0.207571 -0.406600 0.509515 0.320631 0.286990 0.192901 -0.176913 -0.505262 0.085784 -0.080408 0.039762 -0.456399 -0.502703 -0.590765 -0.044687 -0.402622 -0.201039 -0.308569 0.064509 -0.165617 0.413150 0.406229 0.784380 1.000000 0.560306 0.589083 0.608102 0.610933 -0.346218 -0.567866 0.408950 0.565143 -0.187942 0.063675 0.469015 0.432338 -0.134404 -0.059474 -0.077562 -0.324160 -0.023524 -0.255573 -0.290873 -0.053238 0.074355 0.083844 -0.236181 -0.291061 -0.162392 -0.222093 0.295073 -0.037365 0.200516 0.205654 -0.018752 -0.257157 -0.315758 -0.130544 0.058048 -0.012373 -0.343384 -0.347366 -0.472584 -0.414309 0.248173 0.014160 0.279321 0.201897 0.043858 -0.033157 -0.284085 -0.218816 -0.474258 -0.540671 -0.464828 -0.345368 -0.348506 -0.212233 -0.130964 0.137408 -0.336185 -0.139380 0.178612 -0.110889 0.246741 0.390410 0.255035 -0.059610 0.239240 0.487778 -0.136286 0.018933 0.180381 0.244087 0.209841 -0.406871 0.185400 -0.231245 -0.251723 -0.261514 -0.045538 -0.094654 -0.204776 -0.050609 0.104348 0.286775 0.066409 0.094901 -0.088133 -0.133551 -0.233833 -0.122492 -0.381483 -0.039597 0.031567 -0.070226
-0.446958 -0.386860 0.537714 0.272505 0.489421 0.612467 -0.022383 -0.426270 0.195305 -0.026359 -0.331133 -0.472478 -0.563413 -0.492150 -0.403459 -0.538343 -0.255836 -0.289240 -0.232308 -0.296988 0.427264 0.544400 0.750453 0.560306 1.000000 0.804889 0.798367 0.693489 -0.313814 -0.377646 0.265484 0.273336 -0.035595 -0.005478 0.533773 0.456983 -0.042016 0.006311 -0.041974 -0.201459 0.060647 -0.074078 -0.104989 0.131965 0.207244 0.183771 -0.013024 -0.058444 0.013149 -0.162304 0.496032 0.205807 0.277135 0.358319 -0.033492 -0.071752 -0.162234 -0.108594 0.084376 0.047353 -0.243744 -0.311131 -0.129479 -0.424913 0.023412 -0.116076 0.386787 0.211471 0.066416 -0.039780 -0.318633 -0.162813 -0.394315 -0.422487 -0.374042 -0.509075 -0.352011 -0.174928 -0.045549 0.111469 -0.131813 0.087654 -0.015753 -0.020230 0.110086 0.178288 0.326530 -0.269350 0.048030 0.375379 -0.351328 -0.145612 -0.122678 -0.169222 0.105507 -0.267466 0.181846 -0.146530 -0.205124 -0.317960 -0.202126 -0.327181 -0.343609 -0.289178 -0.036098 0.025480 -0.063950 0.028823 -0.064690 -0.168503 -0.101351 -0.167243 -0.297599 -0.255185 -0.075060 -0.140226
-0.525734 -0.462565 0.564744 0.575608 0.235648 0.489794 -0.033070 -0.285616 -0.021660 -0.158623 -0.371961 -0.472230 -0.714825 -0.645769 -0.375772 -0.521044 -0.360306 -0.393864 -0.190455 -0.350148 0.505923 0.705483 0.698225 0.589083 0.804889 1.000000 0.792661 0.771466 -0.463197 -0.526944 0.375397 0.441730 0.096184 0.168888 0.595757 0.425671 -0.066285 0.095408 -0.066327 -0.121780 -0.038889 -0.052780 -0.126928 0.204010 0.143493 0.149515 -0.188932 -0.101246 0.052330 -0.253390 0.438071 0.138459 0.113511 0.202429 -0.007173 -0.077340 -0.207715 -0.121366 -0.027948 0.086947 -0.281351 -0.435211 -0.206426 -0.416744 0.155773 0.050093 0.418299 0.488670 0.045187 -0.138419 -0.263618 -0.049476 -0.486619 -0.308203 -0.285560 -0.400240 -0.255430 0.026856 -0.002296 0.147713 -0.170964 -0.107418 -0.033023 -0.041119 0.008824 0.167885 0.383578 -0.152878 0.106976 0.379143 -0.494710 -0.250795 -0.086993 -0.174568 -0.065637 -0.335686 0.247592 -0.069718 -0.287653 -0.331104 -0.134660 -0.409730 -0.351662 -0.047887 0.054331 -0.133080 -0.043260 0.016696 -0.120059 -0.059898 0.087503 -0.162021 -0.238521 -0.179226 -0.145139 -0.162827
-0.242863 -0.355036 0.553589 0.357270 0.461440 0.471895 -0.147120 -0.479478 0.110679 -0.258962 -0.114145 -0.446365 -0.535450 -0.570908 -0.268928 -0.437619 -0.220808 -0.271826 -0.107363 -0.186453 0.526259 0.692053 0.785505 0.608102 0.798367 0.792661 1.000000 0.817492 -0.425943 -0.527022 0.202907 0.215621 -0.219070 -0.109281 0.492593 0.392892 0.064665 0.239045 0.130938 -0.049561 0.030106 -0.036615 -0.200910 0.002951 0.041397 0.098060 -0.186387 -0.154974 -0.091992 -0.349353 0.473241 0.179752 0.248191 0.377763 0.084566 -0.112654 -0.050392 -0.044240 0.121209 -0.017104 -0.224120 -0.310952 -0.310661 -0.434471 0.249586 0.076246 0.242660 0.229602 0.081802 -0.002959 -0.332027 -0.127573 -0.465855 -0.427861 -0.366871 -0.449821 -0.351006 -0.091090 -0.032628 0.075751 -0.229248 -0.019232 0.054743 -0.054847 0.187963 0.150624 0.473262 -0.135365 0.145481 0.450868 -0.356186 -0.118232 -0.136959 -0.017341 0.144224 -0.197655 0.234593 -0.087861 -0.288479 -0.283755 0.013375 -0.165715 -0.245076 -0.190257 0.062609 -0.034639 -0.049569 0.108141 -0.036399 0.031585 -0.121443 -0.190223 -0.328613 -0.209661 -0.048648 -0.167800
-0.278135 -0.277099 0.627163 0.564471 0.409484 0.592384 0.097703 -0.314561 0.010029 -0.050789 -0.212732 -0.379569 -0.599913 -0.618902 -0.399431 -0.560115 -0.306732 -0.379495 -0.075905 -0.187816 0.338641 0.555384 0.679372 0.610933 0.693489 0.771466 0.817492 1.000000 -0.604243 -0.604546 0.073441 0.151031 -0.119351 -0.129131 0.452604 0.296123 -0.127389 -0.029331 -0.138330 -0.213591 -0.189435 -0.153558 -0.088671 0.083209 0.062072 0.020256 -0.128166 -0.034358 0.093009 -0.264575 0.310137 0.130613 0.164319 0.216889 -0.090912 -0.116305 -0.061482 -0.025580 0.106195 0.143115 -0.320110 -0.453185 -0.369812 -0.432643 0.065188 -0.048377 0.399878 0.377871 0.248953 0.003284 -0.336752 -0.232545 -0.552166 -0.267304 -0.201710 -0.395897 -0.383081 -0.104955 -0.156978 -0.016465 -0.233091 -0.134438 -0.131685 -0.193675 0.028014 0.277007 0.363742 -0.177858 0.064879 0.487349 -0.395321 -0.217875 -0.194358 -0.092866 0.152919 -0.254537 0.283495 0.017278 -0.215729 -0.339283 -0.119923 -0.274448 -0.221669 -0.148389 0.007185 0.005188 -0.011901 -0.019512 -0.014894 0.049925 0.019949 -0.133177 -0.387923 -0.261141 -0.056385 -0.147822
0.158421 0.172318 -0.456638 -0.623989 -0.218686 -0.462144 -0.315868 -0.155724 -0.126737 -0.103955 0.362989 0.238341 0.448381 0.271166 0.388137 0.321728 0.620728 0.491872 0.233928 0.033187 -0.000410 -0.282072 -0.227767 -0.346218 -0.313814 -0.463197 -0.425943 -0.604243 1.000000 0.711703 0.270194 0.036300 0.206488 0.125191 -0.138388 -0.112343 0.228922 0.068788 0.258449 0.011073 0.337454 -0.025185 -0.014035 -0.046511 -0.025166 0.065979 0.013683 -0.017207 -0.260664 0.037780 -0.204472 -0.164004 -0.262420 -0.130381 0.107805 0.074616 0.212573 0.210516 -0.159734 -0.334645 0.032665 0.207648 0.208951 0.256642 0.072938 -0.034704 -0.270286 -0.397932 -0.036149 -0.089044 0.096408 0.009715 0.800377 0.085822 0.060198 0.188355 0.378774 0.030436 0.266063 0.215711 0.339143 0.290840 0.360790 0.105169 0.164082 -0.080221 -0.040679 0.173987 -0.099489 -0.506336 -0.033995 0.017853 -0.233725 -0.086889 -0.147169 0.066103 -0.011642 -0.054528 0.240865 0.224859 -0.126369 0.088308 -0.068993 -0.038734 -0.187180 0.011767 0.129231 -0.051345 -0.091046 -0.028972 -0.071081 0.146577 0.311860 0.164771 0.083863 0.004250
0.047341 0.353570 -0.479372 -0.473553 -0.021863 -0.139176 -0.012346 0.221519 -0.061006 0.166105 -0.043825 0.298803 0.365572 0.478045 0.011204 0.356317 0.330848 0.670685 -0.051762 0.203541 -0.359538 -0.501608 -0.493608 -0.567866 -0.377646 -0.526944 -0.527022 -0.604546 0.711703 1.000000 -0.008693 -0.172546 0.282491 0.038038 -0.337197 -0.233189 0.320279 0.087570 0.156798 0.178962 0.441743 0.227682 0.236729 -0.076212 0.104667 0.018938 0.313904 0.249361 -0.128536 0.306974 -0.334756 -0.175597 -0.333323 -0.100641 -0.214923 0.138317 0.279319 0.274714 -0.258092 -0.277002 0.061068 0.330758 0.428877 0.437293 -0.226640 -0.113875 -0.392971 -0.496091 -0.055514 0.074085 0.117514 0.120799 0.744238 0.275196 0.148969 0.180517 0.223102 0.148680 0.135430 0.126187 0.529790 0.545146 0.078651 0.397929 -0.257596 -0.286205 -0.243591 -0.051105 -0.204844 -0.507989 0.216662 0.100171 -0.053336 -0.092617 -0.337921 0.241294 -0.238861 0.201463 0.361304 0.330121 0.115274 0.035002 0.209397 -0.176769 -0.363177 -0.268219 -0.026806 -0.019557 -0.068680 -0.109832 0.025282 0.260534 0.361537 0.138674 -0.187874 -0.039252
-0.416257 -0.307862 0.066535 -0.026254 -0.146260 -0.140249 -0.290881 -0.341044 -0.259531 -0.386386 -0.063213 -0.306240 -0.218340 -0.198759 0.078450 -0.198991 0.110126 -0.008986 -0.120428 -0.341387 0.414495 0.245010 0.291736 0.408950 0.265484 0.375397 0.202907 0.073441 0.270194 -0.008693 1.000000 0.758601 0.147063 0.401820 0.299438 0.171139 -0.041193 0.116796 0.033825 -0.279329 0.046731 -0.170217 -0.091026 0.264435 0.152875 0.181456 -0.181638 -0.038266 -0.222590 -0.091777 0.046980 -0.064421 -0.116650 -0.015055 0.091041 -0.130758 -0.195704 -0.111785 -0.363523 -0.250363 -0.300920 -0.219028 -0.130631 -0.133294 0.031293 -0.026735 0.073439 0.081701 -0.023088 -0.365807 0.028519 -0.022727 0.252493 -0.166986 -0.164989 -0.012222 0.169924 0.073215 0.246627 0.394522 0.026375 0.007214 0.145722 -0.018762 0.059447 0.248606 -0.002080 0.110177 -0.069710 -0.008467 -0.185265 -0.109581 -0.152467 0.063081 0.004017 -0.244170 0.131951 -0.192241 -0.169489 -0.128586 -0.020458 -0.142860 -0.182182 0.169864 0.008425 0.113248 0.167702 0.092635 -0.114217 -0.079699 0.156147 -0.022225 -0.117568 0.008869 0.151366 0.102982
-0.327179 -0.443228 0.163692 0.172217 -0.078240 -0.044019 -0.105559 -0.240620 -0.066636 -0.248015 0.009018 -0.194963 -0.227070 -0.270517 0.032262 -0.171540 -0.019952 -0.026134 -0.043398 -0.392301 0.355219 0.359753 0.382642 0.565143 0.273336 0.441730 0.215621 0.151031 0.036300 -0.172546 0.758601 1.000000 0.101195 0.391153 0.338340 0.307902 0.015536 0.112316 0.017531 -0.316711 0.093458 -0.127627 -0.164535 0.083502 0.116311 0.140864 -0.223396 -0.188170 -0.282391 -0.185830 0.126953 -0.189941 -0.129998 -0.080364 0.038172 -0.284254 -0.370363 -0.190599 -0.252392 -0.120840 -0.324250 -0.169624 -0.168970 -0.265070 0.193678 0.045165 0.197464 0.157528 -0.098207 -0.312777 0.030820 0.025708 -0.035429 -0.178542 -0.134543 -0.020626 0.092670 0.150373 0.133590 0.341502 -0.076052 -0.012544 0.243375 0.014394 0.109906 0.279584 0.210412 0.116552 0.139739 0.083300 -0.228901 -0.126650 0.019332 0.030317 -0.081413 -0.349814 0.006315 -0.273089 -0.249309 -0.266507 -0.151806 -0.157555 -0.229425 0.065256 0.043751 0.018895 0.065511 0.044236 -0.286078 -0.169315 0.013429 -0.192056 -0.064522 -0.000055 -0.020678 -0.054626
-0.194702 0.084015 -0.139079 0.020237 -0.172477 0.016867 0.069460 0.014350 -0.175850 0.064295 -0.373783 -0.084875 -0.000649 -0.032437 -0.095424 -0.054477 -0.082321 0.076113 0.031466 0.208462 -0.043480 -0.141876 -0.193655 -0.187942 -0.035595 0.096184 -0.219070 -0.119351 0.206488 0.282491 0.147063 0.101195 1.000000 0.568242 0.100173 0.052051 0.242301 -0.007795 -0.044258 0.205650 0.177529 0.289397 0.116507 0.183510 0.164489 0.106497 0.139485 0.237336 -0.031167 0.187598 -0.200717 -0.084909 -0.222553 -0.154573 -0.252841 0.208405 -0.013557 0.021933 -0.137960 -0.091553 -0.050938 -0.138925 0.216843 0.092902 -0.119244 -0.050116 0.107797 0.030884 0.238129 0.215442 0.131762 0.068091 0.290036 0.201356 0.086645 -0.028990 0.173441 0.234345 -0.018813 0.143452 0.219145 0.228284 0.045432 0.370721 -0.332072 -0.279481 -0.101973 -0.050039 -0.057468 -0.431839 -0.166764 -0.283292 -0.160116 -0.409401 -0.416846 0.037538 0.020669 0.295365 0.123637 0.104065 -0.212472 -0.308436 -0.227183 -0.100576 -0.367678 -0.459914 0.094292 -0.259471 -0.116105 -0.007602 0.179219 0.257347 -0.043696 -0.008365 -0.257760 -0.024819
-0.207238 -0.246148 -0.123973 0.087295 -0.444671 -0.266248 -0.102317 -0.055932 -0.163243 -0.141639 -0.230568 -0.186265 -0.006827 0.011377 0.088592 0.093688 -0.022550 -0.000624 -0.084134 0.133779 0.056370 -0.036186 -0.117770 0.063675 -0.005478 0.168888 -0.109281 -0.129131 0.125191 0.038038 0.401820 0.391153 0.568242 1.000000 0.242436 0.376097 0.141698 0.051918 0.088952 0.047640 -0.009304 0.106857 0.015267 0.238136 0.169104 0.242458 -0.030939 0.031787 -0.176181 -0.021228 -0.127791 -0.340585 -0.213536 -0.159150 -0.125797 -0.175464 -0.065884 -0.108923 -0.214338 -0.309583 -0.101756 -0.161889 0.137930 0.058444 0.020229 0.136992 -0.014844 0.130412 -0.057611 -0.200020 0.162874 -0.052366 0.229207 0.082336 0.151411 0.227641 0.196443 0.201243 0.260260 0.322678 0.142310 0.052819 0.090803 0.134147 -0.029450 -0.029378 -0.020500 0.032705 0.017146 -0.424511 -0.181978 -0.323725 -0.062756 -0.239928 -0.367144 -0.007920 -0.224721 -0.171389 -0.197584 -0.106488 -0.185433 -0.169144 -0.242845 0.157707 -0.108467 -0.189686 0.136780 -0.130432 -0.039060 0.030002 0.140173 0.203672 0.062663 0.218735 0.001161 0.266109
-0.265112 -0.164049 0.516377 0.385094 0.065527 0.212367 -0.075698 -0.306313 0.027329 -0.078339 0.046425 -0.206602 -0.257634 -0.447189 0.018764 -0.220587 -0.189125 -0.334636 0.066561 -0.384305 0.451304 0.457102 0.655503 0.469015 0.533773 0.595757 0.492593 0.452604 -0.138388 -0.337197 0.299438 0.338340 0.100173 0.242436 1.000000 0.602790 -0.030164 0.150819 0.127209 -0.225998 -0.054984 -0.054007 -0.181976 0.073573 -0.009950 0.156712 -0.167011 -0.184664 -0.126708 -0.311602 0.292999 -0.100932 0.019042 0.073122 -0.032086 -0.206516 -0.238581 -0.120967 -0.006332 -0.180619 -0.172053 -0.108204 -0.391452 -0.404558 0.402605 0.301243 0.318201 0.199130 0.189758 -0.025874 -0.204011 -0.133440 -0.246402 -0.206122 -0.097289 -0.281417 -0.007456 0.018851 -0.085268 0.141575 -0.262756 -0.238106 0.089652 -0.260666 0.126871 0.059247 0.351286 -0.110790 0.135804 0.072340 -0.511620 -0.178845 -0.071391 -0.163829 0.037442 -0.257046 0.087031 -0.092009 -0.224126 -0.312219 -0.256099 -0.281417 -0.406672 -0.194844 -0.210164 -0.187516 -0.161410 -0.175576 -0.280797 -0.030546 -0.000859 -0.083882 -0.187443 -0.043267 0.061718 -0.128538
-0.063090 -0.434540 0.427426 0.274660 0.075502 0.086734 -0.028405 -0.206602 0.307939 0.030711 0.078575 -0.011175 -0.149307 -0.254052 0.008960 -0.033806 -0.144677 -0.202427 0.011976 -0.143449 0.282134 0.286732 0.480422 0.432338 0.456983 0.425671 0.392892 0.296123 -0.112343 -0.233189 0.171139 0.307902 0.052051 0.376097 0.602790 1.000000 0.091956 -0.007703 0.172395 -0.026969 0.078928 -0.033153 -0.053553 0.080415 0.144488 0.232030 -0.130478 -0.155595 -0.093398 -0.285484 0.155105 -0.293706 -0.018856 -0.079196 -0.201023 -0.309479 -0.331486 -0.322886 0.065330 -0.213515 0.063220 0.002358 -0.165880 -0.208998 0.476350 0.431653 0.080844 0.266764 -0.192596 -0.090820 -0.150107 -0.060340 -0.204382 -0.358184 -0.240078 -0.260949 -0.232686 0.001596 -0.070905 -0.025100 -0.295292 -0.179443 0.219590 0.023479 0.153250 -0.039130 0.287271 -0.186240 0.286280 0.001010 -0.284688 -0.086563 0.087375 -0.005107 -0.137309 -0.095547 -0.121244 -0.165697 -0.299795 -0.370538 -0.320435 -0.254078 -0.370240 -0.275389 -0.215169 -0.120174 -0.062659 -0.100391 -0.085602 -0.076128 -0.097878 -0.095130 -0.167349 0.079667 -0.099991 0.020301
