1.000000 0.376625 -0.011406 -0.168818 -0.053063 -0.116767 -0.091918 -0.358478 0.057501 0.015360 0.341364 0.284937 0.225083 0.222593 0.184564 0.302234 0.213798 0.208905 0.113536 -0.017109 -0.236253 -0.130034 0.134305 -0.104918 -0.018720 -0.302665 -0.196566 -0.253255 0.159853 0.096790 0.139908 -0.087023 -0.226971 -0.277395 -0.152542 -0.147660 0.227348 0.141819 -0.321890 -0.226162 0.333057 0.186179 -0.261574 -0.268058 -0.155355 -0.281555 -0.295002 -0.429716 0.027607 -0.361753 0.073346 0.058383 0.427906 0.213927 0.219949 -0.155934 0.497093 0.197342 0.221941 -0.160317 0.308130 0.338051 0.130161 0.039931 -0.072150 0.055784 -0.363376 -0.282360 0.072260 -0.247761 0.017892 -0.134472 0.096023 0.313823 0.385388 0.383905 0.332344 0.139683 0.052083 -0.105805 0.183370 0.258680 0.278291 0.054393 0.201091 -0.014398 0.224141 0.033411 0.079265 0.170325 -0.210103 -0.066611 -0.165535 -0.054447 -0.004058 -0.065903 -0.301194 -0.283372 -0.030624 0.008055 0.192861 0.182871 -0.135823 -0.141447 -0.482201 -0.482752 -0.039413 -0.074616 -0.158983 -0.020694 -0.387403 -0.157156 -0.181058 -0.039922 -0.005106 -0.222986
0.376625 1.000000 -0.257358 0.128901 -0.249971 -0.383883 -0.267646 -0.490478 -0.327754 -0.384650 -0.054807 0.080124 -0.115685 -0.040955 -0.334446 0.040605 0.410631 0.498528 0.414096 0.483707 -0.305164 -0.125772 -0.255180 -0.401609 -0.263773 -0.462729 -0.180575 -0.365079 0.347482 0.438614 -0.054382 -0.071678 0.305473 0.278838 -0.244506 -0.444843 0.337316 0.543282 -0.026017 0.034664 0.131085 0.313582 -0.208276 -0.232370 -0.383802 -0.568045 -0.062159 -0.152230 -0.049723 -0.262474 -0.245125 0.112335 0.247858 0.212079 -0.015557 -0.074403 0.523840 0.639677 0.166105 0.037249 0.029227 0.126091 0.372358 0.512713 -0.443880 -0.461995 -0.270372 -0.541483 0.592707 0.465792 0.026879 -0.193439 0.326496 0.405708 0.202514 0.372922 0.496451 0.345323 0.325127 0.266808 0.452919 0.513755 0.151141 0.452116 -0.299872 -0.224702 0.050512 0.272127 -0.348731 0.019859 -0.031458 -0.021655 -0.341055 -0.317889 -0.082492 0.033750 0.010478 -0.075924 0.104467 0.128801 -0.027821 0.151307 0.218314 0.018408 -0.184734 -0.168594 0.169358 -0.167501 -0.195788 0.077447 -0.003386 0.236807 0.026952 -0.150109 -0.261386 -0.169497
-0.011406 -0.257358 1.000000 -0.188481 0.511709 -0.026306 0.669669 0.012052 0.592435 -0.113204 -0.027035 -0.296425 0.210133 -0.272717 0.303447 -0.349274 -0.506072 -0.475118 -0.151253 -0.360380 0.049624 -0.047296 0.558040 0.317455 0.476061 0.303454 0.484851 0.287480 -0.568754 -0.609417 0.148232 -0.052191 -0.257627 -0.304974 0.285097 0.302655 -0.437537 -0.482499 0.011638 -0.188355 -0.299834 -0.382678 -0.025941 0.067868 0.311934 0.290899 0.042017 -0.095946 0.330720 -0.025233 0.606931 0.247107 0.218072 0.162919 -0.092340 0.115445 -0.372808 -0.361179 0.051861 -0.279385 0.148187 -0.302311 -0.368875 -0.442801 0.575711 0.033407 0.333392 0.457811 -0.136884 -0.190826 0.127685 -0.003693 -0.528474 -0.418681 -0.248069 -0.315731 -0.387507 -0.514700 -0.420222 -0.363156 -0.604451 -0.527457 0.050750 -0.374766 0.384172 0.088418 0.230834 -0.246486 0.565352 0.089919 -0.249258 0.265545 0.077907 0.440571 -0.039187 -0.208086 0.034341 -0.284613 -0.428573 -0.063797 -0.219204 -0.058050 -0.285628 -0.015306 0.139282 0.048250 -0.070279 0.087449 0.014363 -0.157370 0.082608 -0.424068 -0.136613 0.132337 -0.012723 0.102830
-0.168818 0.128901 -0.188481 1.000000 -0.218984 0.008019 -0.295148 0.194384 -0.157970 -0.091863 -0.099792 0.003085 -0.196798 -0.004611 -0.046045 0.114769 0.131052 0.005325 0.196511 0.331708 0.084624 0.164351 -0.075532 0.119329 -0.194198 -0.034052 -0.090017 -0.020787 0.079510 0.137492 0.036876 0.299219 0.158644 0.191982 -0.183250 -0.477078 0.112392 0.113988 0.041171 0.065947 0.015370 -0.107713 0.114228 0.106739 -0.266952 -0.224931 0.130876 0.104699 -0.252602 -0.048895 -0.129828 -0.187774 0.008862 -0.034363 0.041999 0.121147 0.093801 0.165036 -0.304393 -0.159016 -0.286675 -0.145177 0.176337 0.075311 -0.097920 -0.198739 -0.319928 -0.280389 0.186818 0.144003 -0.145358 0.018081 0.038383 0.002203 -0.106842 0.057420 -0.137838 -0.007878 0.124844 0.130161 0.015368 0.066179 0.118959 0.262257 -0.168092 0.239311 0.099175 0.200288 -0.050036 0.221674 0.105281 0.125283 0.046871 -0.131814 -0.014679 0.098322 0.228961 0.159957 0.203967 0.032968 0.065345 -0.210170 0.138443 -0.042616 -0.197020 0.053994 -0.005235 0.018895 0.153232 0.175087 0.189807 0.189810 -0.029387 0.192509 0.057603 0.003618
-0.053063 -0.249971 0.511709 -0.218984 1.000000 0.228986 0.415595 0.020224 0.606093 0.193187 0.080944 -0.085650 0.244930 -0.093794 0.431586 -0.143518 -0.339710 -0.225266 -0.363813 -0.323263 0.384358 -0.022917 0.406239 0.361653 0.413600 0.270051 0.420199 0.351924 -0.485306 -0.390995 0.034039 -0.160630 -0.268877 -0.323110 0.301287 0.253245 -0.423657 -0.487599 0.105564 -0.192561 -0.078417 -0.304803 -0.017290 -0.048148 0.235380 0.316608 0.007091 -0.088055 0.258239 -0.137324 0.496580 0.117150 0.176955 0.084500 0.030193 -0.180114 -0.275562 -0.228897 0.078841 -0.219163 -0.003137 -0.159031 -0.404227 -0.426505 0.540637 0.187611 0.093040 0.435229 -0.213352 -0.178198 0.031895 -0.172650 -0.497984 -0.181394 -0.177421 -0.155662 -0.213892 -0.267691 -0.323506 -0.206053 -0.527176 -0.453305 0.244085 -0.330313 0.254872 -0.045309 0.154842 -0.227278 0.337085 0.073444 -0.221461 0.252093 0.225915 0.377853 0.033208 -0.198870 0.240812 -0.411069 -0.323996 -0.083461 0.015253 -0.047956 -0.320168 -0.254209 0.108087 -0.087426 -0.359802 0.026651 0.024582 -0.315315 0.133182 -0.329269 -0.065668 0.128656 -0.013060 -0.049852
-0.116767 -0.383883 -0.026306 0.008019 0.228986 1.000000 0.030908 0.410400 0.265022 0.763756 0.315202 0.473386 0.408540 0.594692 0.598165 0.525773 -0.257790 -0.297945 -0.371537 -0.229427 0.150843 -0.140803 0.043798 0.451634 -0.022221 0.215605 0.040422 0.295914 -0.255536 -0.331979 -0.359351 -0.230108 -0.506594 -0.411924 -0.075060 0.066611 -0.237946 -0.500978 0.135505 0.128180 0.098468 -0.179708 -0.069399 -0.182147 0.018663 0.227913 0.024647 -0.192451 -0.029163 -0.057881 0.072468 -0.201363 -0.016323 -0.398944 0.201518 -0.008729 -0.406188 -0.561112 0.031048 0.072304 0.221377 0.375603 -0.187884 -0.385907 0.273670 0.695144 -0.119132 0.277571 -0.354793 -0.242434 -0.102915 -0.033219 -0.230057 -0.138677 -0.236082 -0.011676 -0.368185 -0.216249 -0.258906 -0.345933 -0.345250 -0.474818 0.062774 -0.291864 0.121336 0.094932 -0.160670 -0.146511 0.191837 0.131461 0.306031 0.134721 0.673966 0.418480 -0.176309 0.023503 0.058581 -0.052344 -0.068709 -0.282112 0.213905 -0.137848 -0.261984 -0.280514 -0.019293 0.054148 -0.238506 -0.163336 -0.111505 -0.266233 -0.180817 -0.092937 -0.193707 -0.175043 -0.021678 -0.062997
-0.091918 -0.267646 0.669669 -0.295148 0.415595 0.030908 1.000000 0.336409 0.365136 -0.007271 0.066085 -0.215506 0.310056 -0.133124 0.301474 -0.242628 -0.277971 -0.293864 -0.138945 -0.355961 -0.044410 -0.099916 0.162440 -0.017481 0.231488 0.130319 0.183239 0.017409 -0.152577 -0.228218 0.066712 -0.164039 -0.138679 -0.104528 -0.006069 0.251444 -0.347638 -0.414282 -0.175226 -0.350666 -0.309442 -0.230798 0.167019 0.057722 0.547041 0.247422 0.207140 -0.114976 0.439197 0.235881 0.321060 0.221781 -0.009348 0.145098 -0.098736 0.084511 -0.466698 -0.318605 0.060833 -0.120036 0.090477 -0.178002 -0.252613 -0.254917 0.470090 0.112377 0.323905 0.258790 -0.330381 -0.192543 -0.015298 -0.127577 -0.084001 -0.229071 -0.084863 -0.099774 -0.104049 -0.401278 -0.362930 -0.273708 -0.356669 -0.278457 0.123289 -0.091723 0.220570 -0.017997 0.031554 -0.127529 0.337857 -0.196724 -0.068318 0.035122 0.090577 0.089028 -0.193974 -0.215366 -0.202111 -0.386670 -0.281921 -0.181984 -0.160622 0.002011 -0.067399 -0.114008 0.100934 -0.071834 -0.029206 0.006479 -0.070241 -0.131075 -0.278656 -0.385949 -0.163659 0.082747 -0.162565 0.073812
-0.358478 -0.490478 0.012052 0.194384 0.020224 0.410400 0.336409 1.000000 0.141798 0.376323 -0.033508 0.153560 0.217094 0.309431 0.303094 0.241285 -0.182941 -0.282924 -0.209354 -0.107599 0.153198 0.140541 -0.114240 0.198875 -0.021425 0.243630 -0.006000 0.114392 -0.025146 -0.004512 -0.162243 0.168789 -0.228089 -0.062625 -0.143262 -0.053297 -0.289323 -0.398993 -0.170005 -0.194609 -0.180471 -0.170675 0.297558 0.100036 0.240624 0.217578 0.346381 0.186943 0.137233 0.345615 0.012883 0.066895 -0.216118 0.071183 -0.212488 0.051491 -0.528907 -0.484256 -0.261322 -0.031952 -0.005701 0.074908 -0.152431 -0.246979 0.267523 0.363784 -0.083728 0.038521 -0.399677 -0.241784 -0.235842 0.086824 -0.006482 -0.123246 -0.160720 -0.135208 -0.304728 -0.239006 -0.189583 -0.313001 -0.263757 -0.277271 -0.008162 0.068953 0.008942 0.146734 -0.042518 -0.051271 0.144763 -0.079012 0.296104 0.097214 0.279949 0.055381 -0.150393 -0.185844 -0.243147 -0.027639 0.003197 -0.133606 0.139481 -0.114429 0.080209 0.008073 0.010556 0.109002 -0.036630 0.017206 -0.077129 -0.006388 -0.084305 0.010711 -0.068175 0.029351 0.013928 0.159429
0.057501 -0.327754 0.592435 -0.157970 0.606093 0.265022 0.365136 0.141798 1.000000 0.328030 0.129152 0.103439 0.376594 0.049459 0.531008 0.019791 -0.531353 -0.408911 -0.418745 -0.403894 0.127900 -0.082973 0.658298 0.537119 0.626808 0.407036 0.394967 0.436019 -0.618115 -0.650993 0.067474 -0.069662 -0.554469 -0.536493 0.490358 0.321429 -0.549345 -0.622637 -0.117840 -0.101350 -0.347756 -0.383535 -0.181470 -0.133710 0.044925 0.299115 -0.063390 -0.235974 0.190594 -0.271207 0.674897 0.203190 0.310401 0.171287 0.014499 -0.030027 -0.328590 -0.413261 0.041936 -0.308170 0.204101 -0.014452 -0.506470 -0.571065 0.730047 0.429671 0.097476 0.533656 -0.157673 -0.339920 -0.029215 -0.163742 -0.668398 -0.349232 -0.249594 -0.167497 -0.482409 -0.385475 -0.187496 -0.326178 -0.676527 -0.614326 0.203924 -0.347112 0.415082 0.160856 0.276511 -0.296605 0.553822 0.182364 -0.328599 0.222338 0.207610 0.456481 -0.096066 -0.172486 0.134967 -0.314269 -0.300665 -0.185637 -0.044916 -0.208131 -0.519418 -0.199665 -0.028758 -0.074001 -0.207966 0.052284 -0.052157 -0.418805 0.065006 -0.484381 -0.274023 0.025049 -0.161050 -0.098565
0.015360 -0.384650 -0.113204 -0.091863 0.193187 0.763756 -0.007271 0.376323 0.328030 1.000000 0.376862 0.672300 0.448705 0.718322 0.596445 0.654826 -0.168436 -0.284115 -0.420886 -0.294720 0.186056 -0.036320 0.038847 0.415716 -0.000288 0.122131 -0.154095 0.132820 -0.096684 -0.203765 -0.205465 -0.164723 -0.525680 -0.413614 -0.100915 -0.002389 -0.253865 -0.441072 0.006855 0.074843 0.032220 -0.256507 -0.184348 -0.334622 -0.148725 0.021209 -0.064285 -0.243902 -0.074909 -0.131788 0.062436 -0.132811 0.089841 -0.222738 0.313492 -0.067446 -0.343737 -0.509547 0.087023 0.201379 0.345189 0.590847 -0.158465 -0.280126 0.321388 0.780797 -0.170867 0.146924 -0.428926 -0.372934 -0.146532 -0.003287 -0.174482 -0.144420 -0.199475 0.007101 -0.350779 -0.264072 -0.059288 -0.120880 -0.232984 -0.347000 0.028303 -0.281028 0.103594 0.030858 -0.102883 -0.212150 0.165114 0.170428 0.212590 0.047863 0.565864 0.273314 -0.201669 0.073953 -0.101431 0.044530 -0.189058 -0.261233 0.351279 -0.144441 -0.323474 -0.401900 -0.207601 -0.027354 -0.156137 -0.140834 -0.055428 -0.285006 -0.267347 -0.273687 -0.177678 -0.181790 -0.019355 -0.012782
0.341364 -0.054807 -0.027035 -0.099792 0.080944 0.315202 0.066085 -0.033508 0.129152 0.376862 1.000000 0.425372 0.526579 0.523103 0.385638 0.349427 0.129097 -0.000717 -0.013912 -0.359696 -0.080892 -0.315048 -0.044560 -0.067233 -0.283762 -0.304791 -0.335018 -0.170888 0.178294 -0.036871 -0.073137 -0.207923 -0.257077 -0.314882 -0.179736 -0.050416 0.123741 -0.115029 -0.081086 -0.122880 0.119068 -0.012518 -0.073878 -0.237634 0.075260 -0.115707 -0.007990 -0.363265 0.069517 -0.335401 0.051167 -0.236782 0.215668 -0.221007 0.315206 -0.317415 -0.188488 -0.207484 0.299300 0.043817 0.467605 0.439475 0.203793 0.001610 0.185640 0.331537 0.031687 0.046569 -0.372597 -0.234589 -0.058571 -0.182446 0.047363 0.026047 0.009325 0.297261 0.078942 0.021659 -0.062612 -0.145622 -0.037048 -0.062155 0.244966 -0.090835 0.215638 0.059634 -0.050904 0.024172 0.009432 0.104934 0.024988 -0.150789 0.192368 0.089336 -0.297002 0.059149 -0.223938 -0.256511 -0.036150 -0.404471 0.068377 0.248966 -0.238234 -0.261551 -0.224459 -0.421058 -0.163587 -0.053731 -0.149867 -0.310877 -0.415609 -0.120238 -0.284345 -0.059824 -0.086317 -0.248337
0.284937 0.080124 -0.296425 0.003085 -0.085650 0.473386 -0.215506 0.153560 0.103439 0.672300 0.425372 1.000000 0.385808 0.785483 0.396213 0.792150 -0.040218 -0.017944 -0.285420 -0.123827 0.006709 -0.132097 -0.177245 0.147419 -0.170930 -0.109361 -0.382189 -0.078042 0.105784 0.057215 -0.283938 -0.111935 -0.285633 -0.241199 -0.291475 -0.250356 0.097822 -0.054864 -0.079498 0.016931 0.236613 0.073825 -0.335041 -0.341549 -0.321293 -0.224918 0.032920 -0.303336 0.166831 -0.110751 -0.087594 0.034035 0.319263 -0.095485 0.340581 -0.030069 -0.081225 -0.292352 0.326829 0.309770 0.536604 0.676700 0.130756 0.066610 0.001815 0.563518 -0.239179 -0.210737 -0.140177 -0.243195 -0.087779 -0.006532 0.040782 0.171209 0.032703 0.322584 0.004065 -0.046338 0.031229 -0.109503 -0.064919 -0.071345 0.094616 -0.059917 -0.179569 -0.004706 -0.013723 -0.072461 -0.085629 0.211725 0.067511 -0.110388 0.210773 0.002249 -0.167753 0.043296 -0.136724 -0.005757 -0.097119 -0.311930 0.463800 -0.093568 -0.214677 -0.310806 -0.379712 -0.173663 0.001598 -0.060217 -0.070014 -0.203204 -0.368372 -0.238125 -0.226479 -0.238778 -0.197033 -0.128609
0.225083 -0.115685 0.210133 -0.196798 0.244930 0.408540 0.310056 0.217094 0.376594 0.448705 0.526579 0.385808 1.000000 0.527862 0.685339 0.409141 -0.006177 0.000270 -0.153776 -0.335021 0.002729 -0.257690 0.059447 -0.074199 -0.018473 -0.111127 -0.159842 -0.047888 -0.013032 -0.169799 -0.300556 -0.404722 -0.265555 -0.303340 -0.162449 0.007504 -0.257838 -0.437203 -0.147250 -0.125788 -0.189668 -0.176047 0.065390 -0.155117 0.140777 0.028496 0.232644 -0.222541 0.153570 -0.276403 0.091712 -0.155276 0.103352 -0.022764 0.035869 -0.248767 -0.208403 -0.275257 0.353514 -0.090724 0.649720 0.421724 -0.003797 -0.122317 0.423593 0.384629 0.045292 0.084477 -0.147823 -0.201739 0.007767 -0.285537 -0.024110 -0.053916 -0.079253 0.058190 -0.138954 -0.126485 -0.168615 -0.166175 -0.237141 -0.182065 0.047201 -0.094066 0.068858 -0.213732 0.030737 -0.116603 0.091958 -0.121419 0.043063 -0.064976 0.103941 0.184626 -0.343063 -0.029839 -0.276930 -0.276552 -0.051010 -0.125539 0.186619 0.152228 -0.319222 -0.242275 -0.200432 -0.216944 -0.020521 -0.053628 -0.141067 -0.219764 -0.267329 -0.189672 -0.140000 -0.186693 -0.201544 -0.048207
0.222593 -0.040955 -0.272717 -0.004611 -0.093794 0.594692 -0.133124 0.309431 0.049459 0.718322 0.523103 0.785483 0.527862 1.000000 0.493492 0.804974 0.040673 -0.011505 -0.159110 -0.185905 -0.016385 -0.140968 -0.209900 0.098961 -0.293555 -0.180035 -0.363129 -0.089206 0.268295 0.084637 -0.235028 -0.073064 -0.283566 -0.197153 -0.322164 -0.214510 0.154935 -0.120530 -0.108009 0.016204 0.211112 -0.043102 -0.166110 -0.298513 -0.177276 -0.214087 0.053683 -0.254368 -0.045950 -0.160236 -0.160265 -0.162121 0.096816 -0.208865 0.199751 -0.095445 -0.212789 -0.347110 0.188439 0.224861 0.487795 0.610617 0.173339 0.019392 0.018749 0.545455 -0.216029 -0.151170 -0.269248 -0.262588 0.002182 0.007422 0.130929 0.190000 0.089389 0.373512 -0.009710 -0.001117 0.030083 -0.126232 0.026493 -0.028136 0.023519 -0.050697 -0.064601 -0.076210 -0.126978 -0.131487 -0.128219 0.095470 0.179601 -0.165823 0.261540 0.079679 -0.270714 0.028635 -0.303923 0.023971 -0.046442 -0.310503 0.340982 0.016472 -0.240867 -0.313240 -0.395097 -0.231684 -0.135025 -0.215247 -0.126735 -0.165081 -0.398815 -0.112948 -0.220241 -0.237842 -0.076607 -0.035770
0.184564 -0.334446 0.303447 -0.046045 0.431586 0.598165 0.301474 0.303094 0.531008 0.596445 0.385638 0.396213 0.685339 0.493492 1.000000 0.470959 -0.222710 -0.275181 -0.462460 -0.401380 0.210416 0.052086 0.257248 0.256095 0.116841 0.112632 0.005452 0.174054 -0.292836 -0.314097 -0.342686 -0.343735 -0.564753 -0.495353 -0.096406 0.067683 -0.403773 -0.590348 -0.171151 -0.181381 0.042145 -0.160112 -0.026713 -0.120546 0.127955 0.169240 0.120546 -0.233760 0.213926 -0.130680 0.260957 -0.038972 0.229751 -0.098323 0.171588 -0.104105 -0.281752 -0.416775 0.210066 -0.096415 0.487588 0.298456 -0.192227 -0.331222 0.531660 0.548604 -0.100165 0.199910 -0.320096 -0.363143 -0.086711 -0.107402 -0.317741 -0.077028 -0.069946 0.081892 -0.305877 -0.313918 -0.411270 -0.420897 -0.476623 -0.448948 0.258774 -0.340194 0.117927 -0.032298 0.220693 -0.140031 0.316504 0.096307 0.009820 0.143300 0.346664 0.374777 -0.153856 -0.071117 -0.068867 -0.283497 -0.089401 -0.186356 0.256151 0.010173 -0.355866 -0.266431 -0.215312 -0.145713 -0.222451 0.064734 -0.011025 -0.273813 -0.241147 -0.290142 -0.252116 -0.093282 -0.119554 -0.052724
0.302234 0.040605 -0.349274 0.114769 -0.143518 0.525773 -0.242628 0.241285 0.019791 0.654826 0.349427 0.792150 0.409141 0.804974 0.470959 1.000000 0.118902 0.085434 -0.088587 0.017307 -0.044292 -0.033907 -0.252417 0.076929 -0.271733 -0.223679 -0.390952 -0.117641 0.252355 0.189433 -0.270971 -0.096363 -0.209252 -0.164764 -0.365674 -0.371764 0.110497 -0.029412 -0.160419 0.088100 0.270268 0.127772 -0.180161 -0.293995 -0.339435 -0.369308 0.070839 -0.207019 0.008456 -0.133477 -0.183262 -0.131321 0.215543 -0.099950 0.264600 0.040276 -0.024694 -0.215157 0.200333 0.220412 0.456686 0.633100 0.238017 0.099512 -0.109830 0.416341 -0.351100 -0.377736 -0.106651 -0.197523 -0.018785 0.096270 0.167963 0.224130 0.085596 0.340698 0.025907 0.022589 0.091075 -0.066104 0.080666 0.037624 0.095239 0.032707 -0.244632 -0.156477 0.002779 0.048918 -0.216113 0.147392 0.206480 -0.037210 0.243245 0.010901 -0.193668 0.085236 -0.206072 0.063365 0.076946 -0.180605 0.415742 0.078872 -0.145022 -0.271610 -0.371811 -0.191063 -0.029867 -0.183850 -0.109626 -0.055344 -0.325277 -0.063765 -0.159305 -0.251115 -0.055977 -0.067498
0.213798 0.410631 -0.506072 0.131052 -0.339710 -0.257790 -0.277971 -0.182941 -0.531353 -0.168436 0.129097 -0.040218 -0.006177 0.040673 -0.222710 0.118902 1.000000 0.793812 0.578345 0.300889 -0.320856 -0.151115 -0.619088 -0.656593 -0.615142 -0.679698 -0.511513 -0.500680 0.687605 0.723203 -0.130479 -0.133834 0.542294 0.353537 -0.433863 -0.479986 0.528839 0.548052 -0.107606 -0.034460 0.242704 0.343645 -0.059869 -0.152640 -0.294570 -0.548964 -0.111870 -0.156680 -0.300574 -0.246360 -0.575881 -0.312574 -0.117181 -0.005908 0.041803 -0.241481 0.609357 0.709110 0.237618 0.228213 0.066022 0.185826 0.643128 0.658400 -0.556696 -0.399124 -0.085054 -0.585782 0.201718 0.196513 0.033258 -0.234331 0.629662 0.480879 0.282820 0.312028 0.505138 0.460847 0.386650 0.438186 0.721530 0.710633 -0.084793 0.460623 -0.386851 -0.349766 -0.190751 0.188741 -0.578823 -0.036940 0.222893 -0.283458 -0.209755 -0.359724 -0.159075 0.186732 -0.321180 0.099784 0.294996 0.200230 0.270837 0.380439 0.385332 -0.041166 -0.204118 -0.266767 0.168209 -0.277336 -0.048907 0.384717 -0.251328 0.397289 0.228411 -0.070069 -0.099174 -0.176061
0.208905 0.498528 -0.475118 0.005325 -0.225266 -0.297945 -0.293864 -0.282924 -0.408911 -0.284115 -0.000717 -0.017944 0.000270 -0.011505 -0.275181 0.085434 0.793812 1.000000 0.512406 0.277409 -0.401107 -0.228426 -0.545620 -0.656282 -0.450336 -0.541377 -0.449739 -0.420581 0.584118 0.729594 -0.153316 -0.079227 0.486885 0.332197 -0.316242 -0.392971 0.479923 0.459353 0.006558 0.040407 0.210986 0.408997 -0.061587 -0.104963 -0.314987 -0.482322 -0.129879 -0.077370 -0.278256 -0.194007 -0.563309 -0.173591 -0.213199 0.055085 -0.145995 -0.282143 0.632869 0.746802 0.269928 0.189331 0.041183 0.190253 0.564027 0.725594 -0.586144 -0.483425 -0.117698 -0.570878 0.379650 0.292642 0.089749 -0.303437 0.593650 0.482922 0.177367 0.310454 0.499483 0.528483 0.400870 0.381914 0.716813 0.734904 -0.051221 0.432610 -0.411962 -0.422791 -0.225531 0.205759 -0.614239 -0.254769 0.100293 -0.248640 -0.341565 -0.363506 -0.092661 0.160725 -0.182012 0.073532 0.291732 0.142584 0.158532 0.359406 0.265497 -0.049646 -0.194183 -0.234954 0.191307 -0.182542 -0.006781 0.265439 -0.216310 0.338670 0.190478 -0.291291 -0.156408 -0.208364
0.113536 0.414096 -0.151253 0.196511 -0.363813 -0.371537 -0.138945 -0.209354 -0.418745 -0.420886 -0.013912 -0.285420 -0.153776 -0.159110 -0.462460 -0.088587 0.578345 0.512406 1.000000 0.558746 -0.370169 -0.059112 -0.453742 -0.476897 -0.478276 -0.607859 -0.323780 -0.516957 0.539743 0.475165 0.097075 0.070448 0.575276 0.453577 -0.314576 -0.472867 0.393400 0.517990 -0.191758 -0.082640 0.014390 0.122760 -0.099121 -0.193941 -0.271751 -0.557056 -0.207585 -0.030773 -0.269117 -0.156825 -0.446281 -0.110961 -0.045602 0.145711 -0.315768 -0.029944 0.353753 0.527762 0.072447 0.154111 -0.065266 -0.019557 0.587838 0.576264 -0.476497 -0.586064 0.009424 -0.538928 0.422082 0.445257 0.143863 -0.009995 0.522123 0.209776 0.048647 0.198623 0.282262 0.219673 0.274654 0.257166 0.566272 0.510710 -0.148776 0.385391 -0.276033 -0.376077 -0.280875 0.143369 -0.476985 -0.161540 0.250799 0.108794 -0.242544 -0.234433 -0.105978 0.012788 -0.247356 0.121467 0.263916 0.323308 -0.033865 0.404253 0.397117 0.297089 0.103454 -0.001760 0.091589 -0.152018 -0.071920 0.336787 -0.022244 0.393597 0.328990 0.074477 0.140927 0.050289
-0.017109 0.483707 -0.360380 0.331708 -0.323263 -0.229427 -0.355961 -0.107599 -0.403894 -0.294720 -0.359696 -0.123827 -0.335021 -0.185905 -0.401380 0.017307 0.300889 0.277409 0.558746 1.000000 -0.143840 0.191796 -0.440479 -0.201764 -0.350163 -0.355079 -0.154756 -0.373289 0.301284 0.369603 -0.124532 0.081186 0.381648 0.531012 -0.263129 -0.444074 0.199943 0.400504 -0.009831 0.086581 0.046438 0.121603 -0.118488 -0.159043 -0.363292 -0.422622 -0.111611 0.218994 -0.291292 -0.013070 -0.426135 -0.110539 0.018350 0.138437 -0.149678 0.178510 0.366341 0.435612 -0.126348 0.028635 -0.250684 -0.089151 0.288779 0.328372 -0.475526 -0.459612 -0.279998 -0.504785 0.522592 0.606755 -0.128277 0.039191 0.334312 0.141354 -0.085986 0.008766 0.180025 0.214017 0.222115 0.284438 0.391766 0.392292 -0.120828 0.458492 -0.499772 -0.251815 -0.180178 0.354532 -0.478377 -0.077159 0.398838 0.359495 -0.057993 -0.256171 0.062672 0.082302 0.056145 0.273026 0.376501 0.519841 0.073879 0.089423 0.386936 0.260901 0.169843 0.344103 -0.016817 0.111135 0.008290 0.273705 0.374172 0.541336 0.334032 -0.049419 0.078412 0.101061
-0.236253 -0.305164 0.049624 0.084624 0.384358 0.150843 -0.044410 0.153198 0.127900 0.186056 -0.080892 0.006709 0.002729 -0.016385 0.210416 -0.044292 -0.320856 -0.401107 -0.370169 -0.143840 1.000000 0.400456 0.211784 0.377962 0.167015 0.335518 0.432428 0.430169 -0.376826 -0.311621 -0.069624 -0.041344 -0.107465 -0.143356 0.192318 0.181965 -0.375772 -0.277255 0.150454 -0.088881 0.001864 -0.190544 0.290762 0.220660 0.153484 0.324804 0.258153 0.227597 0.148399 0.158217 0.251900 0.033447 0.113864 0.000265 0.096915 -0.129401 -0.205180 -0.240066 -0.091284 -0.017438 -0.090556 -0.089780 -0.352047 -0.326265 0.164438 0.169475 0.017907 0.244037 -0.160919 -0.088488 0.121406 0.179213 -0.315010 -0.172531 -0.003916 -0.178872 -0.233034 -0.159981 -0.070375 -0.147250 -0.427035 -0.445896 -0.187039 -0.399507 0.014652 0.076121 -0.106580 -0.321241 0.193666 0.138776 -0.044278 0.175083 0.194438 0.197792 -0.032507 -0.124841 0.152822 -0.098443 -0.099023 0.088355 0.195902 -0.209379 0.066845 0.061832 0.178822 0.122773 -0.261853 0.052647 -0.032319 -0.170162 0.282381 -0.119992 0.166649 0.261019 0.120166 0.093637
-0.130034 -0.125772 -0.047296 0.164351 -0.022917 -0.140803 -0.099916 0.140541 -0.082973 -0.036320 -0.315048 -0.132097 -0.257690 -0.140968 0.052086 -0.033907 -0.151115 -0.228426 -0.059112 0.191796 0.400456 1.000000 0.053773 0.070192 0.138350 0.088878 0.074354 -0.057258 0.021510 0.063930 0.052152 0.163120 -0.085360 0.072048 0.046769 -0.044033 -0.133201 0.066647 -0.133003 -0.226792 0.114540 0.048425 0.215739 0.072355 0.103035 0.063246 0.104239 0.222932 -0.020269 0.318003 -0.021031 0.117372 -0.097087 0.172288 -0.036895 0.044301 0.013440 0.001195 -0.214582 0.023776 -0.221886 -0.184685 -0.023805 -0.014989 -0.112673 -0.090822 -0.084540 -0.114102 -0.026893 -0.015517 -0.023140 0.456245 -0.045510 0.036650 0.156619 -0.084454 -0.066993 -0.164811 -0.053288 -0.142039 -0.065609 -0.095964 -0.033418 -0.095294 -0.157486 0.036964 0.035163 -0.045335 0.011398 -0.132355 0.051304 0.259540 -0.091433 -0.019908 0.362922 -0.102189 0.100994 0.059242 0.207056 0.243917 0.102156 0.048483 0.244659 0.222540 0.076967 0.262611 -0.135163 0.142916 0.101467 0.164328 0.157892 -0.001018 0.291874 0.107561 0.313323 0.338843
0.134305 -0.255180 0.558040 -0.075532 0.406239 0.043798 0.162440 -0.114240 0.658298 0.038847 -0.044560 -0.177245 0.059447 -0.209900 0.257248 -0.252417 -0.619088 -0.545620 -0.453742 -0.440479 0.211784 0.053773 1.000000 0.646926 0.716225 0.596970 0.508597 0.582640 -0.639778 -0.707202 0.315359 0.069921 -0.577231 -0.558582 0.621501 0.484219 -0.449159 -0.471500 0.026827 0.059546 -0.214007 -0.366855 0.051731 0.168696 0.173019 0.477846 -0.025271 0.007541 0.113531 -0.120238 0.768341 0.228911 0.221623 0.133035 0.087208 0.077416 -0.202168 -0.393612 -0.341166 -0.558155 -0.130419 -0.294910 -0.594488 -0.689009 0.639877 0.202819 -0.067709 0.595152 -0.133376 -0.418572 0.036740 0.037848 -0.724969 -0.340519 -0.054101 -0.231382 -0.350659 -0.205511 -0.269540 -0.332718 -0.653896 -0.576310 0.309916 -0.397967 0.706826 0.437644 0.524341 -0.184333 0.757150 0.234006 -0.559895 0.139683 0.030551 0.390810 0.158254 -0.171789 0.233688 -0.268924 -0.340192 -0.188255 -0.367706 -0.302842 -0.495814 -0.094649 -0.084074 -0.029166 -0.151076 0.029094 -0.112178 -0.325166 0.180867 -0.516060 -0.225160 0.142781 -0.053733 0.001227
-0.104918 -0.401609 0.317455 0.119329 0.361653 0.451634 -0.017481 0.198875 0.537119 0.415716 -0.067233 0.147419 -0.074199 0.098961 0.256095 0.076929 -0.656593 -0.656282 -0.476897 -0.201764 0.377962 0.070192 0.646926 1.000000 0.477987 0.624708 0.489674 0.623787 -0.656888 -0.671180 0.161617 0.242700 -0.573969 -0.468800 0.432585 0.313035 -0.415350 -0.436007 0.186331 0.218649 -0.092598 -0.380692 -0.118298 -0.023124 -0.043178 0.377784 -0.094432 0.041086 0.035034 -0.094598 0.564966 0.085773 0.223831 -0.040509 0.156568 0.196757 -0.403232 -0.604038 -0.355388 -0.335945 -0.159330 -0.117307 -0.561464 -0.739687 0.506992 0.421498 -0.234176 0.496086 -0.261349 -0.307466 -0.060709 0.208273 -0.703611 -0.459306 -0.260838 -0.312305 -0.585731 -0.355661 -0.191066 -0.337574 -0.657867 -0.691531 0.120913 -0.432594 0.485267 0.442947 0.121293 -0.230204 0.584057 0.360709 -0.157370 0.353750 0.464948 0.509910 0.120914 -0.101934 0.294831 -0.046288 -0.271311 -0.201126 -0.055142 -0.380588 -0.419990 -0.142349 0.030347 0.225651 -0.362890 -0.069297 -0.018892 -0.370665 0.297359 -0.336251 -0.232427 0.096845 0.008285 0.138756
-0.018720 -0.263773 0.476061 -0.194198 0.413600 -0.022221 0.231488 -0.021425 0.626808 -0.000288 -0.283762 -0.170930 -0.018473 -0.293555 0.116841 -0.271733 -0.615142 -0.450336 -0.478276 -0.350163 0.167015 0.138350 0.716225 0.477987 1.000000 0.700188 0.675374 0.598207 -0.532171 -0.570525 0.443011 0.288835 -0.377014 -0.339083 0.601950 0.519414 -0.432609 -0.379866 0.021490 0.022095 -0.173081 -0.264872 0.100415 0.154130 0.296689 0.527653 -0.042340 0.085474 0.124789 0.022019 0.533674 0.194921 0.001207 0.166246 -0.038511 0.114558 -0.154465 -0.301338 -0.259339 -0.513972 -0.202416 -0.359678 -0.715391 -0.653802 0.487663 0.183630 0.047965 0.537560 -0.109115 -0.372936 0.135802 0.079436 -0.494303 -0.202755 0.071216 -0.189124 -0.262831 -0.175716 -0.172562 -0.138758 -0.489279 -0.412450 0.107450 -0.200469 0.373016 0.225338 0.278345 -0.268077 0.543492 0.013978 -0.516070 0.047820 -0.067448 0.223395 0.223972 -0.176309 0.276902 -0.203805 -0.145146 0.001592 -0.328875 -0.312526 -0.414836 0.006932 0.031452 0.101338 -0.045046 0.054896 -0.033206 -0.151023 0.292076 -0.391110 -0.068195 0.085078 0.025635 0.024317
-0.302665 -0.462729 0.303454 -0.034052 0.270051 0.215605 0.130319 0.243630 0.407036 0.122131 -0.304791 -0.109361 -0.111127 -0.180035 0.112632 -0.223679 -0.679698 -0.541377 -0.607859 -0.355079 0.335518 0.088878 0.596970 0.624708 0.700188 1.000000 0.603582 0.667834 -0.648240 -0.611438 0.205921 0.317097 -0.370510 -0.309673 0.483348 0.518674 -0.403172 -0.478657 0.224109 0.184199 -0.166761 -0.228885 0.252632 0.372334 0.322193 0.751299 0.147510 0.304666 0.064011 0.243838 0.444286 0.077608 -0.152119 -0.111054 -0.094882 0.223416 -0.356640 -0.485794 -0.428824 -0.408977 -0.297394 -0.350522 -0.674177 -0.688868 0.470649 0.296647 -0.022325 0.646782 -0.242696 -0.377111 0.004307 0.038952 -0.500112 -0.326364 -0.180410 -0.361971 -0.392347 -0.154492 -0.156418 -0.198357 -0.530893 -0.458976 0.064004 -0.309454 0.387035 0.494200 0.159342 -0.248439 0.532400 0.056524 -0.406904 -0.059879 0.087120 0.200937 0.132931 0.030203 0.291860 -0.005018 -0.179047 -0.243347 -0.373468 -0.484232 -0.328354 -0.077081 0.029866 0.197240 -0.129324 0.176443 0.056289 -0.226747 0.317335 -0.333762 -0.161389 -0.010864 -0.024571 -0.005666
-0.196566 -0.180575 0.484851 -0.090017 0.420199 0.040422 0.183239 -0.006000 0.394967 -0.154095 -0.335018 -0.382189 -0.159842 -0.363129 0.005452 -0.390952 -0.511513 -0.449739 -0.323780 -0.154756 0.432428 0.074354 0.508597 0.489674 0.675374 0.603582 1.000000 0.734937 -0.643691 -0.584493 0.179687 0.118602 -0.220213 -0.216602 0.586248 0.457484 -0.421439 -0.271423 0.149969 0.059087 -0.200032 -0.270203 0.188358 0.280414 0.312750 0.525739 -0.013003 0.212186 0.183719 0.048185 0.547751 0.145450 0.058091 0.030192 -0.059635 0.132178 -0.223371 -0.216908 -0.253379 -0.465167 -0.302302 -0.461174 -0.701837 -0.649049 0.303378 0.046506 0.108816 0.514952 -0.072277 -0.127743 0.225458 0.105248 -0.482157 -0.251879 -0.048543 -0.324373 -0.263833 -0.176105 -0.210533 -0.158516 -0.555591 -0.527734 -0.178140 -0.266979 0.245628 0.158561 -0.041709 -0.362649 0.445121 0.172553 -0.246787 0.206709 0.189734 0.365895 -0.002773 -0.176129 0.311183 -0.139196 -0.080612 0.135363 -0.316052 -0.244314 -0.189093 0.123451 0.312594 0.249956 -0.226305 -0.028581 -0.102160 -0.160500 0.523928 -0.105567 0.012247 0.216662 0.117587 0.130886
-0.253255 -0.365079 0.287480 -0.020787 0.351924 0.295914 0.017409 0.114392 0.436019 0.132820 -0.170888 -0.078042 -0.047888 -0.089206 0.174054 -0.117641 -0.500680 -0.420581 -0.516957 -0.373289 0.430169 -0.057258 0.582640 0.623787 0.598207 0.667834 0.734937 1.000000 -0.666135 -0.632088 0.033557 0.069521 -0.322016 -0.414371 0.625860 0.554186 -0.462983 -0.399016 0.173888 0.147473 -0.096562 -0.301200 0.089546 0.300531 0.172577 0.582834 -0.039914 0.108272 0.089038 -0.032959 0.581401 0.091183 0.038192 -0.136388 0.059626 0.086194 -0.257704 -0.380622 -0.259860 -0.444753 -0.214622 -0.295928 -0.638563 -0.654619 0.336160 0.310149 0.052865 0.619162 -0.195347 -0.354987 0.217827 0.047944 -0.582799 -0.220193 -0.030077 -0.241430 -0.336159 -0.146830 -0.254195 -0.217331 -0.612682 -0.616193 -0.114301 -0.414600 0.363429 0.316085 0.117712 -0.406470 0.523793 0.338420 -0.301122 0.037220 0.306179 0.490785 0.036103 -0.167122 0.284203 -0.081444 -0.079897 -0.053230 -0.173727 -0.239156 -0.342258 0.013564 0.070960 0.135796 -0.191633 -0.060820 -0.075485 -0.267574 0.327168 -0.311751 -0.110734 0.026710 0.079384 0.060846
0.159853 0.347482 -0.568754 0.079510 -0.485306 -0.255536 -0.152577 -0.025146 -0.618115 -0.096684 0.178294 0.105784 -0.013032 0.268295 -0.292836 0.252355 0.687605 0.584118 0.539743 0.301284 -0.376826 0.021510 -0.639778 -0.656888 -0.532171 -0.648240 -0.643691 -0.666135 1.000000 0.814766 0.144194 0.164175 0.431846 0.423978 -0.561755 -0.437167 0.587787 0.552798 -0.213876 -0.054468 0.284245 0.294755 0.062392 -0.186070 -0.104720 -0.537014 0.011259 -0.003836 -0.242943 0.025108 -0.684092 -0.246570 -0.312342 0.047205 -0.037181 -0.097335 0.311818 0.412918 0.041988 0.250501 -0.018165 0.194555 0.592453 0.610976 -0.565461 -0.315799 -0.151855 -0.642089 0.058718 0.104570 0.052398 0.056205 0.834146 0.514017 0.380157 0.512050 0.588143 0.459871 0.364262 0.379033 0.734550 0.721892 0.036577 0.570920 -0.367885 -0.349601 -0.222667 0.262007 -0.669009 -0.324210 0.235613 -0.304383 -0.323623 -0.525984 -0.079079 0.144821 -0.398649 0.163171 0.315569 0.097854 0.123682 0.336683 0.340653 0.009452 -0.197974 -0.157031 0.157155 -0.230261 -0.079737 0.349288 -0.354257 0.267875 0.247543 -0.116782 -0.056300 -0.031939
0.096790 0.438614 -0.609417 0.137492 -0.390995 -0.331979 -0.228218 -0.004512 -0.650993 -0.203765 -0.036871 0.057215 -0.169799 0.084637 -0.314097 0.189433 0.723203 0.729594 0.475165 0.369603 -0.311621 0.063930 -0.707202 -0.671180 -0.570525 -0.611438 -0.584493 -0.632088 0.814766 1.000000 -0.038842 0.140132 0.493279 0.496256 -0.541321 -0.529767 0.517523 0.585271 -0.132085 -0.069772 0.320493 0.452898 0.112731 -0.042477 -0.147201 -0.554618 0.103089 0.113286 -0.147678 0.114755 -0.680680 -0.042986 -0.259733 0.183320 -0.158362 -0.131139 0.416261 0.566894 0.075855 0.277120 -0.100785 0.170914 0.607392 0.766622 -0.630984 -0.447670 -0.272824 -0.759234 0.196465 0.232503 0.002629 -0.014261 0.791606 0.593916 0.328525 0.434447 0.606552 0.452265 0.348408 0.349470 0.711894 0.729733 0.022999 0.527080 -0.485628 -0.432613 -0.158424 0.239000 -0.658829 -0.320664 0.224117 -0.204277 -0.352185 -0.533888 -0.002671 0.107918 -0.275272 0.185905 0.290944 0.124910 0.189401 0.296425 0.432184 0.033275 -0.147239 -0.118640 0.193727 -0.152875 0.024224 0.407672 -0.258738 0.359419 0.174810 -0.144661 -0.069249 -0.092792
0.139908 -0.054382 0.148232 0.036876 0.034039 -0.359351 0.066712 -0.162243 0.067474 -0.205465 -0.073137 -0.283938 -0.300556 -0.235028 -0.342686 -0.270971 -0.130479 -0.153316 0.097075 -0.124532 -0.069624 0.052152 0.315359 0.161617 0.443011 0.205921 0.179687 0.033557 0.144194 -0.038842 1.000000 0.633653 0.079485 -0.033317 0.141287 0.064337 0.083538 0.050346 -0.172874 -0.049593 0.042384 -0.163011 0.100639 0.077736 0.150930 0.032964 -0.156925 0.017414 -0.129546 -0.059642 0.084661 0.048349 -0.081619 0.149773 -0.146177 -0.012802 0.035005 0.010544 -0.329555 -0.358098 -0.403385 -0.332771 -0.241638 -0.230022 0.102540 -0.169461 -0.119473 0.100862 -0.030742 -0.275738 0.256123 0.203600 0.044371 0.028353 0.311739 0.103406 0.169526 0.131468 0.247592 0.269024 0.075947 0.120306 0.195334 0.187599 0.411016 0.273570 0.093561 -0.065795 0.143047 -0.119958 -0.416624 -0.123087 -0.275768 -0.111664 0.100557 -0.104196 -0.023029 -0.018517 -0.171931 0.010934 -0.301575 0.027304 -0.134416 0.052592 -0.093602 -0.029003 -0.128677 -0.164745 0.014999 0.122815 0.068787 -0.176197 0.081479 0.233929 0.113609 0.021861
-0.087023 -0.071678 -0.052191 0.299219 -0.160630 -0.230108 -0.164039 0.168789 -0.069662 -0.164723 -0.207923 -0.111935 -0.404722 -0.073064 -0.343735 -0.096363 -0.133834 -0.079227 0.070448 0.081186 -0.041344 0.163120 0.069921 0.242700 0.288835 0.317097 0.118602 0.069521 0.164175 0.140132 0.633653 1.000000 0.087316 0.119974 0.009018 -0.075920 0.162970 0.132619 0.043035 0.076713 0.244990 0.016170 0.148767 0.080747 0.067397 0.035822 0.011474 0.252072 -0.219133 0.133740 -0.085229 -0.028379 -0.320176 0.178883 -0.308204 0.185772 0.013052 -0.082389 -0.415108 -0.266191 -0.457698 -0.302027 -0.092930 -0.099508 -0.056421 -0.236954 -0.275020 -0.042335 -0.064529 -0.199017 0.082866 0.247146 0.105734 0.083984 0.116456 0.092645 0.012251 0.123624 0.206971 0.100567 0.111206 0.174819 0.123402 0.264987 0.164108 0.245188 0.050559 -0.034146 -0.045415 -0.100614 -0.196281 -0.082026 -0.306378 -0.168945 0.187459 0.005511 0.023366 0.210670 0.001214 -0.010775 -0.287274 -0.138036 -0.038474 0.086935 -0.135896 0.116191 -0.028233 -0.004478 0.126524 0.174760 0.185363 -0.010284 0.119221 -0.039945 0.068970 -0.020876
-0.226971 0.305473 -0.257627 0.158644 -0.268877 -0.506594 -0.138679 -0.228089 -0.554469 -0.525680 -0.257077 -0.285633 -0.265555 -0.283566 -0.564753 -0.209252 0.542294 0.486885 0.575276 0.381648 -0.107465 -0.085360 -0.577231 -0.573969 -0.377014 -0.370510 -0.220213 -0.322016 0.431846 0.493279 0.079485 0.087316 1.000000 0.702499 -0.230825 -0.328505 0.449567 0.549259 0.058987 -0.044102 0.022634 0.187441 0.088078 0.160056 -0.090254 -0.317737 0.131910 0.125745 -0.135588 0.033464 -0.492578 -0.160508 -0.162186 0.068953 -0.207820 -0.015933 0.338012 0.548318 0.196790 0.236276 -0.099081 -0.229262 0.553800 0.608580 -0.513170 -0.653621 0.268304 -0.369773 0.393307 0.451269 0.140860 -0.135186 0.552991 0.243952 0.159124 0.103997 0.397187 0.263896 0.364854 0.522087 0.556912 0.594863 -0.338377 0.330547 -0.455097 -0.333177 -0.239903 0.033870 -0.539115 -0.135568 -0.006505 -0.273480 -0.425743 -0.416634 -0.037170 0.036137 -0.118963 0.237447 0.140854 0.244724 0.062054 0.200526 0.402978 0.221976 0.107116 -0.022147 0.198472 -0.104630 0.145004 0.468539 0.095600 0.329105 0.324516 0.153268 -0.027444 -0.029723
-0.277395 0.278838 -0.304974 0.191982 -0.323110 -0.411924 -0.104528 -0.062625 -0.536493 -0.413614 -0.314882 -0.241199 -0.303340 -0.197153 -0.495353 -0.164764 0.353537 0.332197 0.453577 0.531012 -0.143356 0.072048 -0.558582 -0.468800 -0.339083 -0.309673 -0.216602 -0.414371 0.423978 0.496256 -0.033317 0.119974 0.702499 1.000000 -0.174969 -0.186344 0.399301 0.452283 0.100355 0.053587 -0.055623 0.020612 0.159096 0.206761 0.029610 -0.247508 0.172207 0.261491 -0.164674 0.263044 -0.577169 -0.274254 -0.302958 -0.085279 -0.202395 0.093181 0.146996 0.501999 -0.035807 0.248126 -0.208350 -0.322866 0.443348 0.503622 -0.395473 -0.588006 0.129089 -0.369624 0.344872 0.593670 -0.077057 -0.114243 0.461512 0.077386 -0.041470 0.009306 0.241643 0.253771 0.221430 0.330243 0.484015 0.541977 -0.224821 0.426085 -0.534946 -0.385754 -0.323073 0.276432 -0.558001 -0.314852 0.179429 -0.157973 -0.371117 -0.524895 0.062758 -0.040169 -0.010523 0.349168 0.315482 0.238883 -0.037113 -0.028025 0.546523 0.230364 0.217995 0.126508 0.181481 0.019807 0.132600 0.447760 0.236818 0.494141 0.167181 0.066647 -0.008117 0.108964
-0.152542 -0.244506 0.285097 -0.183250 0.301287 -0.075060 -0.006069 -0.143262 0.490358 -0.100915 -0.179736 -0.291475 -0.162449 -0.322164 -0.096406 -0.365674 -0.433863 -0.316242 -0.314576 -0.263129 0.192318 0.046769 0.621501 0.432585 0.601950 0.483348 0.586248 0.625860 -0.561755 -0.541321 0.141287 0.009018 -0.230825 -0.174969 1.000000 0.650484 -0.330390 -0.248421 0.010798 -0.052519 -0.414542 -0.369165 0.008617 0.260793 0.162369 0.508911 -0.080162 0.060946 0.052365 -0.018584 0.643330 0.198673 0.035507 0.049708 -0.008482 -0.088227 -0.174602 -0.150183 -0.279778 -0.377173 -0.262944 -0.420639 -0.472705 -0.510478 0.321729 0.101720 0.127558 0.610805 -0.015602 -0.223593 -0.020124 -0.073107 -0.663280 -0.335339 -0.082695 -0.274341 -0.221950 -0.065362 -0.172706 -0.189861 -0.457280 -0.394428 0.025425 -0.288981 0.462988 0.270599 0.141206 -0.247447 0.503234 0.183726 -0.366364 0.009699 0.094457 0.308444 0.163536 -0.195393 0.275733 -0.125363 -0.085973 -0.033798 -0.215293 -0.169175 -0.288479 0.099087 0.132938 0.034114 -0.112568 0.005388 -0.004339 -0.192347 0.358793 -0.195462 -0.052806 0.247077 0.086908 0.085931
-0.147660 -0.444843 0.302655 -0.477078 0.253245 0.066611 0.251444 -0.053297 0.321429 -0.002389 -0.050416 -0.250356 0.007504 -0.214510 0.067683 -0.371764 -0.479986 -0.392971 -0.472867 -0.444074 0.181965 -0.044033 0.484219 0.313035 0.519414 0.518674 0.457484 0.554186 -0.437167 -0.529767 0.064337 -0.075920 -0.328505 -0.186344 0.650484 1.000000 -0.351373 -0.328833 -0.020508 -0.009256 -0.209913 -0.210115 0.067634 0.256645 0.438337 0.746523 -0.108447 0.072280 0.083347 0.095315 0.418021 -0.002201 -0.167677 -0.137561 0.031898 -0.005177 -0.301254 -0.324532 -0.228634 -0.333241 -0.178458 -0.400281 -0.600317 -0.578751 0.364772 0.298036 0.208865 0.780530 -0.271685 -0.295083 0.045909 0.006061 -0.433161 -0.296513 -0.011411 -0.239278 -0.235854 -0.098914 -0.309608 -0.228995 -0.423230 -0.395128 -0.047288 -0.408587 0.452981 0.181275 -0.053816 -0.239727 0.408414 0.014569 -0.277438 -0.094012 0.107246 0.300309 0.230836 -0.134446 0.158784 -0.092371 -0.010640 -0.103010 -0.240178 -0.086030 -0.233864 0.088965 0.210433 0.148421 -0.109500 0.087101 0.035827 -0.285864 0.189339 -0.298737 -0.239699 0.023535 0.046076 0.194831
