1.000000 0.580856 -0.296261 -0.463460 -0.049766 -0.295238 -0.108545 -0.211151 -0.160294 -0.418802 0.221528 -0.152021 0.187168 0.213635 0.156842 -0.107050 0.239752 0.426500 0.060270 0.116318 -0.142735 -0.292479 -0.177853 -0.535446 -0.197722 -0.424108 -0.217283 -0.248340 0.208959 0.264937 -0.054143 -0.378003 0.351775 0.046701 -0.330832 -0.112656 0.169158 -0.021833 0.052061 0.082772 -0.167917 0.317034 0.065980 -0.059673 0.083534 -0.005501 -0.046803 0.109136 0.384870 0.297969 -0.065227 0.284155 0.458303 0.450049 0.267562 0.041442 0.633703 0.439112 0.336393 -0.108243 0.299697 0.436007 -0.021937 0.392985 -0.382169 -0.228293 -0.391258 -0.655273 0.314601 0.212038 0.122015 0.054535 0.348874 0.161526 0.032509 0.263033 0.235856 0.241369 -0.112142 -0.068922 -0.013766 0.131606 -0.263542 -0.238697 -0.511738 -0.465927 -0.059782 -0.289844 -0.124545 -0.179399 0.038727 0.065694 -0.519941 -0.308709 -0.255045 -0.065081 -0.234069 -0.240748 0.179924 0.290862 -0.088609 0.179761 -0.156524 -0.144599 -0.051920 -0.163028 0.033312 -0.006598 -0.030638 0.292344 -0.126753 0.036030 0.083705 -0.081531 0.004332 0.017780
0.580856 1.000000 -0.450127 -0.277502 -0.391386 -0.506658 -0.132563 -0.270055 -0.288294 -0.397457 0.311811 0.003834 0.125362 0.249309 0.063853 0.038394 0.472619 0.579445 0.234806 0.403571 -0.149256 -0.300851 -0.024425 -0.297479 -0.333833 -0.593193 -0.398630 -0.432671 0.356147 0.264588 -0.011371 -0.458942 0.394111 -0.057466 -0.497777 -0.309257 0.304473 0.003998 0.121992 0.016720 -0.115371 0.363620 -0.156992 -0.108016 0.003038 -0.057723 0.004473 0.021216 0.249639 0.414406 0.158441 0.393505 0.535811 0.469913 0.158100 -0.064765 0.496142 0.574885 0.035469 -0.048842 0.116565 0.304268 0.032640 0.333984 -0.368962 -0.368469 -0.540202 -0.721273 0.378247 0.441825 0.095041 0.062666 0.439217 0.358576 0.161627 0.236996 0.243356 0.276610 -0.029667 0.065492 -0.075643 0.107839 -0.207186 0.129736 -0.258506 -0.332092 0.219686 -0.265960 0.013550 -0.029682 0.093266 -0.216097 -0.409886 -0.351384 -0.303347 0.001283 -0.357233 -0.276804 0.093034 0.090234 0.057104 -0.060013 -0.207780 -0.341784 -0.206044 -0.243091 -0.151137 0.118731 -0.038732 0.206929 -0.392599 0.023795 0.163082 0.004966 0.071039 0.014415
-0.296261 -0.450127 1.000000 0.435812 0.396050 0.155711 0.203989 0.013032 0.308789 0.202223 -0.046050 -0.080675 -0.000028 -0.096038 0.055671 -0.255659 -0.562642 -0.334311 -0.022632 -0.155404 0.371768 0.437979 0.472147 0.433975 0.392151 0.428010 0.561955 0.416089 -0.409007 -0.490078 0.132061 0.273927 -0.144470 -0.033024 0.440316 0.213158 -0.316096 -0.044309 0.114483 0.274963 0.089732 -0.234681 -0.111365 -0.079212 -0.343533 -0.415876 -0.259432 -0.044989 -0.195063 -0.424985 0.007102 -0.188193 -0.149675 -0.278892 -0.072265 -0.029533 -0.463942 -0.319615 0.162665 -0.153473 0.112918 -0.181993 -0.368405 -0.447745 0.273073 0.295047 0.308277 0.450117 -0.311877 -0.111268 0.093966 0.002512 -0.391678 -0.195569 -0.064617 -0.123872 -0.202355 0.016052 -0.186232 -0.258904 -0.334159 -0.518992 0.078519 -0.204008 0.162845 0.070930 -0.167470 0.062353 0.209262 0.313762 -0.249237 0.442430 0.295131 0.508046 0.104468 0.032425 0.243366 0.051446 -0.418903 -0.386662 0.065249 0.144333 0.164203 0.346795 0.251015 0.098242 0.064616 -0.047697 0.061995 -0.164703 0.285100 -0.214007 -0.192706 0.088229 0.110754 -0.170572
-0.463460 -0.277502 0.435812 1.000000 0.167568 0.210927 -0.160165 0.183729 0.145965 0.384144 -0.185335 0.340499 -0.285236 -0.215816 -0.157509 0.094776 -0.242182 -0.257766 0.168047 0.179494 0.113389 0.154958 0.269180 0.591405 -0.035427 0.261945 0.154438 0.124649 -0.221199 -0.150034 0.017090 0.001673 -0.336437 -0.522437 0.149175 -0.033815 -0.239118 0.007061 -0.200665 0.029174 0.032638 -0.271187 -0.277682 -0.305902 -0.421618 -0.141599 -0.052306 -0.107769 -0.486447 -0.309992 0.115560 -0.168487 -0.203245 -0.062776 -0.310573 0.063731 -0.308426 -0.296628 -0.267746 -0.065161 -0.191941 -0.175886 -0.217414 -0.294437 0.382839 0.218416 -0.037683 0.333236 -0.130901 -0.003757 -0.011819 -0.028579 -0.321570 -0.049826 -0.054072 -0.029322 -0.142089 -0.153301 -0.174991 0.066534 -0.122934 -0.370202 0.259844 0.341208 0.286076 0.402541 -0.133615 0.326889 0.080292 0.335702 0.144876 0.230040 0.442121 0.276555 0.187123 0.044841 0.107835 0.116603 -0.187647 -0.145408 0.230014 0.183339 0.071706 0.190846 0.213155 0.141940 0.068285 0.018284 -0.223605 -0.358469 -0.261404 -0.283165 -0.038395 -0.121101 0.034272 -0.025578
-0.049766 -0.391386 0.396050 0.167568 1.000000 0.267886 -0.015390 0.332688 0.519094 0.347898 -0.321946 -0.078444 -0.155564 -0.108693 0.077752 -0.097715 -0.339191 -0.257630 -0.376600 -0.431799 0.175166 0.130742 -0.087142 -0.001578 0.526214 0.482208 0.345999 0.336796 -0.425946 -0.343784 -0.109188 0.221246 -0.323251 -0.004612 0.378696 0.346756 -0.333896 -0.257688 -0.064520 0.045057 -0.130109 -0.253114 -0.046595 -0.114561 -0.043468 -0.001432 -0.164344 -0.135521 -0.162093 -0.394697 -0.184866 -0.331002 -0.193257 -0.239343 -0.100002 -0.105150 -0.008483 -0.177499 0.422653 0.125003 0.069791 0.244558 -0.426230 -0.113979 0.192861 0.472562 0.287804 0.347256 -0.111686 -0.313181 0.052646 0.015405 -0.216575 -0.098194 -0.158641 -0.096875 -0.111577 -0.217137 -0.062171 -0.048011 -0.069771 -0.149761 -0.196404 -0.411527 -0.142746 -0.021336 -0.330605 -0.106015 0.092092 -0.163252 -0.037756 0.195073 0.285024 0.315418 -0.000215 0.041782 0.125541 0.059693 -0.098724 0.119527 -0.075559 0.349889 0.283187 0.300882 0.194211 0.099847 0.347965 -0.069819 -0.181213 -0.109965 0.202005 -0.088810 0.106481 0.103240 0.040634 -0.043895
-0.295238 -0.506658 0.155711 0.210927 0.267886 1.000000 -0.075850 0.260595 0.297133 0.480983 -0.371310 -0.049600 -0.341608 -0.309778 -0.142710 -0.025366 -0.164544 -0.420453 -0.285183 -0.353826 0.077034 0.118569 -0.092117 0.259093 0.288207 0.373105 0.233515 0.369914 -0.423832 -0.250145 -0.159266 0.234184 -0.435394 -0.047405 0.230393 0.283034 -0.365104 -0.069012 -0.273406 -0.108792 -0.290464 -0.420919 0.104356 0.113925 -0.026412 0.091227 -0.121991 0.085545 -0.172148 -0.338375 -0.155912 -0.265577 -0.304169 -0.089321 -0.146081 -0.085828 -0.057169 -0.100082 0.117019 0.095976 -0.145903 0.069442 -0.121535 -0.180670 0.327535 0.387030 0.258990 0.368217 0.024237 -0.157869 -0.015486 0.181762 -0.450981 -0.197925 -0.255727 -0.096798 -0.252122 -0.333551 0.181614 0.074209 0.086599 -0.000082 -0.119366 -0.175284 0.014640 0.032333 -0.337263 -0.004785 0.077154 -0.079173 -0.104149 0.145557 0.263623 0.125245 0.014593 -0.050617 0.160115 0.067884 -0.032236 0.190086 -0.059498 0.113441 0.006643 0.238070 0.053656 0.228566 0.152721 0.005057 0.017771 0.001131 0.360950 0.202769 -0.064644 -0.132323 0.085253 -0.012241
-0.108545 -0.132563 0.203989 -0.160165 -0.015390 -0.075850 1.000000 0.309312 0.063114 0.066163 0.089778 0.049048 0.451496 0.346610 0.189677 0.237792 -0.152691 -0.292594 -0.347988 -0.159434 -0.017380 -0.008945 -0.170143 0.086364 0.041910 -0.047892 -0.121419 0.035700 -0.072214 -0.021041 -0.180705 -0.046113 0.018216 0.421401 -0.069497 -0.126408 0.242150 -0.168505 -0.042664 -0.271212 -0.040770 -0.013557 0.141432 0.269349 0.096967 -0.102496 -0.017712 -0.087204 0.117265 -0.057146 0.037849 -0.030664 -0.095454 -0.138583 0.000001 -0.453776 -0.414900 -0.331428 0.190487 0.124869 0.396414 0.051525 0.253460 0.108694 0.006574 0.007352 0.295710 0.151677 -0.335830 -0.252835 -0.045361 0.013077 0.238397 -0.117262 -0.172839 0.069625 0.212380 0.239670 -0.083912 -0.268130 -0.174590 -0.182614 -0.299338 -0.153933 0.068186 -0.171670 -0.004598 -0.327653 0.094769 -0.265626 0.081606 -0.140086 0.254749 0.046477 -0.319503 0.060774 -0.247877 -0.266061 -0.034889 -0.284552 -0.205047 0.003111 0.099032 0.097784 -0.104884 -0.032421 -0.059552 -0.188901 0.152110 0.222842 0.070695 0.177250 -0.243427 0.216862 0.143436 0.157044
-0.211151 -0.270055 0.013032 0.183729 0.332688 0.260595 0.309312 1.000000 0.425054 0.585048 -0.286769 0.304657 -0.075972 0.162436 -0.050161 0.369681 -0.261678 -0.527957 -0.527097 -0.373304 -0.156390 -0.060635 -0.669550 -0.059226 0.045408 0.318313 -0.208957 0.235465 -0.295155 -0.092574 -0.594951 -0.195201 -0.161212 0.229918 -0.073298 0.060456 -0.240482 -0.270956 -0.155648 -0.156585 -0.267559 -0.233682 0.000321 0.063822 0.105099 0.208729 0.150958 0.003658 -0.078203 -0.112859 -0.315850 -0.343796 -0.348916 -0.147327 -0.059518 -0.194247 -0.255587 -0.437374 0.178997 0.477353 0.053155 0.368560 -0.197934 -0.073461 -0.078725 0.622291 0.282457 0.450979 -0.173871 -0.282613 -0.075132 -0.080828 -0.138188 -0.124198 -0.329269 -0.022600 0.136574 -0.213181 -0.156177 -0.108753 -0.040862 -0.260378 -0.225334 -0.356127 -0.056859 -0.039524 -0.190550 -0.191144 -0.084042 -0.183601 0.197445 -0.326176 0.566507 -0.103582 -0.011742 -0.030511 0.043053 0.056433 0.104244 0.157416 -0.134421 0.202119 0.360241 0.177228 0.185943 0.134015 0.192174 0.089514 -0.047239 -0.099232 -0.009798 -0.035448 -0.235245 0.113138 0.077416 0.225594
-0.160294 -0.288294 0.308789 0.145965 0.519094 0.297133 0.063114 0.425054 1.000000 0.560034 -0.167529 0.285483 0.125915 0.211619 0.325871 0.190786 -0.355525 -0.392857 -0.585338 -0.594171 -0.027931 0.220891 -0.025555 0.130249 0.243057 0.239904 0.220305 0.238094 -0.330987 -0.342927 -0.449662 0.000584 -0.364635 0.095677 0.104418 0.315228 -0.385330 -0.268679 0.123707 0.199182 -0.032791 -0.154767 -0.191483 -0.079209 -0.159923 -0.159814 -0.089939 -0.242573 -0.143959 -0.332321 -0.153735 -0.353802 -0.181834 -0.344775 -0.090760 0.008887 -0.188291 -0.237197 0.442653 0.220940 0.209220 0.186282 -0.466731 -0.289597 0.147540 0.613363 0.203661 0.298348 -0.179528 -0.222191 -0.038182 -0.053483 -0.352583 -0.294812 -0.196655 -0.072789 -0.117704 -0.263631 0.008541 -0.174837 -0.053127 -0.152013 0.075137 -0.230019 0.065168 -0.022614 -0.205051 -0.122325 0.257965 0.128089 -0.225564 0.111409 0.449542 0.293603 0.152280 -0.185962 0.248205 0.247639 -0.079573 -0.053591 -0.095361 0.102905 0.195346 0.187214 0.178697 -0.067378 0.287140 0.005917 -0.074206 -0.272483 0.238226 -0.188347 -0.123455 0.139061 0.001700 -0.130385
-0.418802 -0.397457 0.202223 0.384144 0.347898 0.480983 0.066163 0.585048 0.560034 1.000000 -0.113308 0.467267 -0.060209 0.187419 0.140805 0.377650 -0.473873 -0.530679 -0.545954 -0.365792 -0.096977 0.050707 -0.194302 0.392438 0.106638 0.309936 0.161201 0.306885 -0.553230 -0.347194 -0.582813 -0.146775 -0.469593 -0.130789 0.064393 0.264319 -0.448171 -0.256798 -0.168106 -0.040451 -0.363477 -0.303463 -0.104806 -0.040266 0.029372 0.092929 -0.083123 -0.038422 -0.159812 -0.354522 -0.154108 -0.300405 -0.234558 -0.275852 -0.161353 -0.194891 -0.367841 -0.367175 0.206220 0.422028 0.071585 0.216055 -0.288577 -0.282157 0.312372 0.703992 0.298240 0.485798 -0.346026 -0.449342 -0.104337 -0.002652 -0.541249 -0.116729 -0.181048 -0.076098 -0.038693 -0.337935 -0.017262 -0.144966 -0.172180 -0.328565 -0.138111 -0.313974 0.178525 0.074608 -0.267274 -0.045768 0.201098 0.231881 0.034087 0.033537 0.626230 0.246007 -0.025286 -0.049907 0.038528 -0.006768 -0.025348 0.039341 -0.018649 0.113353 0.126420 0.234110 0.239410 0.153924 0.241964 -0.039322 0.003799 -0.130433 0.131530 -0.042647 -0.102837 0.170394 0.092943 -0.029800
0.221528 0.311811 -0.046050 -0.185335 -0.321946 -0.371310 0.089778 -0.286769 -0.167529 -0.113308 1.000000 0.392797 0.598531 0.588010 0.478398 0.087528 0.078905 0.192021 0.043944 0.340498 -0.113256 -0.128494 0.265097 0.235669 -0.393897 -0.323668 -0.171243 -0.351862 0.251012 0.061620 -0.059580 -0.179901 0.122772 0.038142 -0.204758 -0.196775 0.123622 0.106332 -0.017164 -0.079374 -0.093446 0.290636 -0.126975 -0.125665 -0.026932 -0.268720 -0.231244 0.023050 0.233581 0.163971 0.251373 0.450368 0.498112 0.100268 0.085663 -0.254971 -0.179417 0.040946 -0.050049 -0.091123 0.277142 -0.014601 0.160839 0.083004 -0.090982 -0.236518 -0.114081 -0.383292 -0.181135 0.093787 0.070774 0.130891 0.230546 0.214423 0.340060 0.311863 0.066190 0.353313 0.047548 -0.212464 -0.099484 -0.149317 0.049727 -0.014476 0.024432 -0.301086 0.084343 -0.058152 -0.046590 0.145897 0.110338 0.187246 -0.079227 0.074844 -0.247220 -0.015704 -0.353120 -0.330757 -0.081536 -0.327829 0.139215 -0.006541 -0.132357 -0.272710 -0.158092 -0.243622 -0.219756 -0.162092 0.221406 0.169163 -0.150556 0.068553 -0.070174 0.158490 -0.118036 -0.127084
-0.152021 0.003834 -0.080675 0.340499 -0.078444 -0.049600 0.049048 0.304657 0.285483 0.467267 0.392797 1.000000 0.199189 0.513718 0.196131 0.468226 -0.065941 -0.138917 -0.227668 0.082065 -0.159283 -0.171331 -0.041003 0.399563 -0.333217 -0.121963 -0.295708 -0.262474 -0.092687 -0.035559 -0.391778 -0.321707 -0.196887 -0.186331 -0.142632 0.018303 -0.185127 -0.308378 -0.223749 -0.111689 -0.168126 -0.046619 -0.198897 -0.232208 -0.033278 0.033755 -0.009595 -0.210787 -0.115360 -0.046181 0.180410 0.124450 0.081376 -0.021036 -0.224280 -0.124859 -0.317166 -0.299975 -0.113171 0.253065 0.140291 0.118239 0.061070 -0.084150 0.238347 0.294470 -0.081884 0.047730 -0.244310 -0.291684 -0.000195 -0.006845 -0.149817 0.012607 -0.001326 0.074166 0.001866 0.018349 -0.018565 -0.205731 -0.175155 -0.308068 0.168770 0.139653 0.122889 0.016620 0.079976 0.024749 0.040843 0.230216 0.306026 -0.104920 0.355953 0.049570 -0.060922 -0.047065 -0.134370 -0.109445 0.050655 -0.121975 0.101346 -0.014999 0.011985 -0.158904 0.036758 -0.042342 0.063387 -0.120276 0.048727 -0.128833 -0.196398 0.002362 0.047051 0.237904 0.105285 -0.044123
0.187168 0.125362 -0.000028 -0.285236 -0.155564 -0.341608 0.451496 -0.075972 0.125915 -0.060209 0.598531 0.199189 1.000000 0.668992 0.705912 0.249355 0.006218 0.008328 -0.295724 -0.156855 -0.142423 0.092863 0.005151 0.027925 -0.372080 -0.374511 -0.078977 -0.142125 0.262074 0.087700 -0.314179 -0.142733 0.142093 0.319932 -0.306629 -0.254571 0.344908 0.041781 0.092473 -0.041684 0.197814 0.108500 -0.084093 -0.010161 -0.244472 -0.477327 -0.115501 -0.157401 -0.000382 -0.192672 -0.002243 0.027499 0.127372 -0.192368 0.152559 -0.158125 -0.281968 -0.199183 0.190444 0.109353 0.504148 0.020871 0.283645 0.219467 -0.144328 -0.164942 0.244887 -0.174213 -0.320830 -0.070619 -0.036336 0.053866 0.284321 -0.085873 0.068764 0.293803 0.197413 0.174404 0.060162 -0.166808 0.128197 0.040997 0.109274 0.015288 0.002183 -0.160702 0.055091 -0.169066 -0.016566 -0.003328 -0.065960 0.179240 0.070078 0.133260 -0.037302 -0.085296 -0.137195 -0.071699 -0.011598 -0.307697 -0.061715 0.040972 -0.081886 -0.147993 -0.066224 -0.279834 -0.126899 -0.065055 0.195557 0.169163 0.061685 -0.071631 -0.237659 0.187997 -0.100351 0.000700
0.213635 0.249309 -0.096038 -0.215816 -0.108693 -0.309778 0.346610 0.162436 0.211619 0.187419 0.588010 0.513718 0.668992 1.000000 0.596132 0.543721 -0.113074 0.008031 -0.388348 -0.033286 -0.318802 -0.197937 -0.121456 0.059486 -0.440336 -0.379514 -0.303246 -0.278304 0.029327 0.140135 -0.428686 -0.445945 0.058273 0.205134 -0.302430 -0.034605 0.171583 -0.164447 0.038359 -0.045284 -0.085588 0.216579 -0.368856 -0.158149 -0.075280 -0.326692 -0.206325 -0.273665 0.177269 0.007049 0.081812 0.108145 0.323191 -0.129233 0.196203 -0.197193 -0.186065 -0.107074 0.269285 0.278339 0.599517 0.405740 0.053543 0.254255 -0.155753 0.130551 0.068260 -0.178343 -0.244457 -0.112087 0.088103 0.015194 0.210188 0.180309 0.107258 0.354820 0.226902 0.180760 -0.054206 -0.289283 -0.203530 -0.217939 -0.125310 -0.138011 -0.062092 -0.312437 -0.021059 -0.286277 0.125969 0.152301 0.082050 0.028849 0.078679 0.017870 -0.233311 -0.279307 -0.361957 -0.306065 0.035399 -0.185538 -0.023815 0.087968 -0.001423 -0.068902 -0.055707 -0.201858 0.014833 -0.094762 0.066627 0.025769 -0.207695 0.086818 -0.174687 0.172051 0.010622 -0.142957
0.156842 0.063853 0.055671 -0.157509 0.077752 -0.142710 0.189677 -0.050161 0.325871 0.140805 0.478398 0.196131 0.705912 0.596132 1.000000 0.362616 -0.055269 -0.050865 -0.281034 -0.245386 -0.233346 -0.014315 0.114730 0.067317 -0.280874 -0.252065 0.035232 -0.122449 0.179070 0.009782 -0.264812 -0.269726 -0.032252 0.118619 -0.270966 -0.051748 0.209163 -0.042520 0.124814 0.006704 -0.022595 0.048638 -0.192240 -0.069520 -0.196330 -0.464698 -0.197619 -0.167780 0.024515 -0.207185 -0.086411 -0.036228 0.057388 -0.292501 0.246450 -0.175094 -0.235748 -0.165203 0.415749 0.281012 0.487306 0.151274 -0.056243 0.113545 -0.080979 0.051914 0.209867 -0.148488 -0.280165 -0.151467 -0.053077 0.021871 0.156443 -0.039124 -0.055953 0.278384 0.208211 0.092579 -0.078868 -0.292221 0.041944 -0.055565 0.063906 -0.105461 0.078327 -0.206833 -0.095685 -0.213698 0.303592 0.103562 -0.118410 0.275770 0.122384 0.168065 -0.103093 -0.221198 -0.154082 -0.094655 -0.045616 -0.248360 -0.140861 0.082355 -0.026516 0.039436 0.024047 -0.198817 0.126592 -0.039503 0.014890 0.005983 -0.011947 -0.159573 -0.133025 0.173590 -0.096662 -0.145635
-0.107050 0.038394 -0.255659 0.094776 -0.097715 -0.025366 0.237792 0.369681 0.190786 0.377650 0.087528 0.468226 0.249355 0.543721 0.362616 1.000000 0.052834 -0.055703 -0.333358 -0.006602 -0.421632 -0.220723 -0.281202 0.147015 -0.379635 -0.128805 -0.442844 -0.264841 0.049282 0.199952 -0.449331 -0.342332 -0.016778 -0.009135 -0.260189 -0.106209 0.329246 -0.037251 -0.058782 -0.197299 -0.219160 0.110815 -0.278041 -0.229536 -0.065761 -0.111747 0.017640 -0.408101 -0.058851 -0.048088 -0.156237 -0.248710 -0.050473 -0.235500 0.001857 -0.338599 -0.144731 -0.094471 0.041808 0.304441 0.235404 0.234053 0.107835 0.193008 -0.020663 0.089670 -0.117072 -0.076925 -0.185025 -0.107983 -0.113108 -0.003539 0.207506 0.105457 0.026407 0.224733 0.164097 -0.029592 -0.004977 -0.004925 0.130787 0.032489 -0.147979 0.191964 0.336332 -0.045687 -0.088232 -0.234153 0.235892 0.035611 0.210622 -0.123190 0.247451 -0.065012 -0.270262 -0.204953 -0.437897 -0.292972 0.038868 0.027363 -0.220368 -0.011033 -0.003509 0.041129 -0.109123 0.050187 0.105568 -0.002491 -0.145459 -0.117488 -0.388990 0.087215 -0.228288 0.086756 0.109018 0.095812
0.239752 0.472619 -0.562642 -0.242182 -0.339191 -0.164544 -0.152691 -0.261678 -0.355525 -0.473873 0.078905 -0.065941 0.006218 -0.113074 -0.055269 0.052834 1.000000 0.573955 0.352526 0.235315 -0.152788 -0.232885 -0.175037 -0.323891 -0.298045 -0.510954 -0.415179 -0.488551 0.524666 0.366930 0.110840 0.004821 0.463227 0.115684 -0.426248 -0.366385 0.366924 -0.013995 -0.166432 -0.373128 0.026970 0.117676 0.141857 0.111877 -0.062922 0.101127 0.245344 0.024557 -0.076621 0.266024 0.029579 0.250693 0.083451 0.272722 -0.083673 -0.023984 0.439623 0.439141 -0.311746 -0.018287 -0.234404 -0.051711 0.444032 0.396346 -0.136941 -0.536496 -0.401808 -0.504034 0.498852 0.368839 -0.208116 -0.107357 0.475814 0.086215 -0.029749 -0.062375 0.058960 0.004714 0.357285 0.425570 0.449804 0.587189 -0.021729 0.349447 -0.017588 -0.081270 0.213838 -0.080651 -0.147033 -0.278949 0.152756 -0.266621 -0.385142 -0.434352 -0.096450 0.118023 -0.152482 0.007932 0.273123 0.204932 -0.073375 -0.172802 -0.129593 -0.293675 -0.436319 -0.149289 -0.141272 0.018021 -0.077047 0.286053 -0.188923 0.153521 0.156876 -0.109252 -0.122445 0.144531
0.426500 0.579445 -0.334311 -0.257766 -0.257630 -0.420453 -0.292594 -0.527957 -0.392857 -0.530679 0.192021 -0.138917 0.008328 0.008031 -0.050865 -0.055703 0.573955 1.000000 0.416567 0.320167 -0.120939 -0.259078 0.151270 -0.291569 -0.195594 -0.584748 -0.225098 -0.552528 0.485467 0.419307 0.405638 0.036703 0.482635 -0.050988 -0.237197 -0.255989 0.312304 -0.030219 -0.158761 -0.138074 0.128526 0.293857 -0.092930 -0.193508 -0.114135 0.017622 0.105173 -0.180809 0.024563 0.259753 0.136428 0.318636 0.314846 0.239663 -0.097936 0.059145 0.555727 0.549551 -0.162409 -0.299808 0.026276 0.022285 0.268139 0.445018 -0.035771 -0.541436 -0.522878 -0.641030 0.287529 0.273329 -0.054066 -0.130907 0.383997 0.320533 0.263851 -0.014233 0.040385 0.195652 0.255445 0.232387 0.251034 0.459547 0.023274 0.322625 -0.181925 -0.135875 0.066457 -0.043067 -0.143230 -0.039734 0.061412 -0.068768 -0.638508 -0.218985 -0.036849 0.161395 -0.190147 -0.070913 0.186601 0.180187 0.036933 -0.257052 -0.188190 -0.293567 -0.330366 -0.229501 -0.192561 0.024733 -0.101777 0.041456 -0.229688 0.142853 0.335311 -0.052680 -0.060223 0.008605
0.060270 0.234806 -0.022632 0.168047 -0.376600 -0.285183 -0.347988 -0.527097 -0.585338 -0.545954 0.043944 -0.227668 -0.295724 -0.388348 -0.281034 -0.333358 0.352526 0.416567 1.000000 0.548772 0.151291 -0.041737 0.348191 -0.079620 -0.162026 -0.184008 0.001118 -0.201166 0.404790 0.184975 0.587988 0.026332 0.259775 -0.313802 0.030061 -0.286782 0.132224 0.278084 -0.061165 0.056037 0.206683 0.120402 0.088658 -0.076168 -0.170974 -0.000053 0.220281 0.117983 -0.004199 0.315780 0.193256 0.291742 0.037040 0.288225 -0.067910 0.280444 0.150310 0.247017 -0.562903 -0.381277 -0.436642 -0.385087 0.095119 -0.124054 -0.105529 -0.485111 -0.393304 -0.304756 0.446609 0.519580 -0.116475 -0.132278 0.183632 0.155145 0.230820 -0.002399 0.038743 0.143134 -0.052078 0.260415 0.063664 0.088875 0.259779 0.325982 0.121761 0.156180 0.317704 0.318202 -0.140391 0.050423 -0.015129 0.083483 -0.384506 -0.076061 0.174410 0.146512 0.095187 0.108743 -0.031828 -0.017152 0.146083 0.036551 -0.232898 -0.023966 -0.077229 0.054298 -0.094083 0.154437 0.103981 -0.058708 -0.290123 -0.053138 0.155433 -0.228430 -0.002111 -0.095965
0.116318 0.403571 -0.155404 0.179494 -0.431799 -0.353826 -0.159434 -0.373304 -0.594171 -0.365792 0.340498 0.082065 -0.156855 -0.033286 -0.245386 -0.006602 0.235315 0.320167 0.548772 1.000000 -0.198460 -0.357100 0.236864 0.199123 -0.307738 -0.231515 -0.353353 -0.408214 0.222176 0.232337 0.352646 -0.209756 0.232857 -0.373980 -0.064249 -0.393305 0.258807 0.142393 -0.077179 -0.156835 -0.103738 0.323217 -0.118637 -0.123673 -0.017332 0.098305 -0.112641 0.034193 0.054568 0.393892 0.298304 0.377779 0.439532 0.345367 -0.084526 -0.179679 0.048761 0.229402 -0.445578 -0.272034 -0.222702 -0.121641 0.128946 0.112419 -0.155404 -0.535772 -0.432024 -0.402913 0.247839 0.356484 0.095852 0.157917 0.320738 0.373615 0.354443 0.257690 0.156931 0.388691 -0.178254 0.005369 -0.264454 -0.161728 -0.086653 0.363344 0.024136 -0.070176 0.215314 0.041007 -0.125406 0.135914 0.420981 0.087936 -0.240944 -0.011775 -0.338138 0.141426 -0.533536 -0.475635 0.009901 -0.087297 0.122292 -0.031829 -0.246372 -0.062852 0.004536 0.220278 -0.227341 0.032733 0.128379 -0.006084 -0.514648 0.198704 0.157639 -0.034252 0.202405 0.060205
-0.142735 -0.149256 0.371768 0.113389 0.175166 0.077034 -0.017380 -0.156390 -0.027931 -0.096977 -0.113256 -0.159283 -0.142423 -0.318802 -0.233346 -0.421632 -0.152788 -0.120939 0.151291 -0.198460 1.000000 0.636976 0.204084 -0.006653 0.318954 0.349975 0.408934 0.314612 -0.130587 -0.331062 0.259172 0.343081 -0.098839 0.073111 0.270397 0.281802 -0.168473 0.083486 0.132544 0.213040 0.098154 -0.145509 0.175263 0.099921 0.024186 -0.046832 -0.028365 0.246672 -0.010522 -0.138244 -0.074471 -0.081213 -0.104757 -0.079771 -0.099441 0.215246 -0.004638 -0.059408 -0.055016 -0.246052 -0.225472 -0.341677 -0.218926 -0.370713 0.028843 0.084459 0.233577 0.304446 -0.037887 0.022372 0.217725 0.013277 -0.243738 -0.151898 0.008947 -0.096334 -0.121449 -0.024172 0.170124 -0.021941 0.040760 -0.056290 0.126763 -0.049179 0.186654 0.132358 -0.003644 0.017419 -0.045561 -0.125421 -0.397258 -0.081259 -0.095063 0.119228 0.167225 0.018305 0.416546 0.176312 -0.288308 -0.191005 -0.003923 0.046463 -0.066335 -0.015727 -0.047998 -0.071236 -0.026332 -0.047627 0.025386 0.030810 0.423246 -0.299753 0.001986 -0.080569 -0.059147 -0.119226
-0.292479 -0.300851 0.437979 0.154958 0.130742 0.118569 -0.008945 -0.060635 0.220891 0.050707 -0.128494 -0.171331 0.092863 -0.197937 -0.014315 -0.220723 -0.232885 -0.259078 -0.041737 -0.357100 0.636976 1.000000 0.204832 0.011638 0.198765 0.414972 0.524208 0.426161 -0.119286 -0.233651 0.052059 0.372946 -0.193107 0.077755 0.216135 0.280553 -0.108207 0.216552 0.337608 0.428882 0.301199 -0.280464 0.012947 -0.035692 -0.219836 -0.340569 0.065577 0.171474 -0.100546 -0.391654 -0.223744 -0.400518 -0.264131 -0.369278 -0.089400 0.341802 -0.227880 -0.227604 -0.009558 -0.112532 -0.183923 -0.407929 -0.226135 -0.462989 -0.020340 0.139597 0.270453 0.437646 -0.124733 0.027676 0.051173 -0.150765 -0.217332 -0.297825 -0.048638 -0.190246 -0.141685 -0.143549 0.192420 0.078256 0.235423 0.063750 0.305809 0.037172 0.270385 0.346282 -0.164163 0.007264 0.096538 0.117880 -0.436811 0.089332 0.143512 0.171479 0.423678 -0.143122 0.536601 0.406056 -0.251002 -0.218036 -0.001499 0.113927 0.127858 0.139279 0.120637 -0.003802 -0.040964 0.149032 0.031932 -0.066859 0.489633 -0.388005 -0.237290 -0.039501 -0.080508 -0.154178
-0.177853 -0.024425 0.472147 0.269180 -0.087142 -0.092117 -0.170143 -0.669550 -0.025555 -0.194302 0.265097 -0.041003 0.005151 -0.121456 0.114730 -0.281202 -0.175037 0.151270 0.348191 0.236864 0.204084 0.204832 1.000000 0.510261 0.186479 0.067028 0.453388 0.048104 -0.075675 -0.272012 0.494785 0.268067 -0.153402 -0.330434 0.384804 0.199672 -0.098158 0.144293 0.235352 0.309952 0.269222 0.033934 -0.274307 -0.273031 -0.248839 -0.353217 -0.308867 -0.190175 -0.109440 -0.165753 0.393423 0.213266 0.235671 -0.042252 -0.032162 0.059044 -0.168059 0.090062 -0.064727 -0.441047 0.000047 -0.413324 -0.131098 -0.321535 0.403370 -0.165393 -0.162090 -0.070902 -0.145903 0.180856 0.075824 0.047730 -0.214371 0.067243 0.299268 -0.093746 -0.334625 0.164286 -0.041074 -0.137718 -0.212342 -0.198518 0.314117 0.297321 0.242393 0.113882 0.129296 0.286690 0.399842 0.459782 -0.295178 0.457753 -0.158175 0.435161 0.074079 0.009427 0.039250 -0.030863 -0.394795 -0.418417 0.146526 -0.197942 -0.172905 -0.021318 0.017963 -0.080292 -0.038690 -0.141137 -0.103567 -0.150037 0.026997 -0.204428 -0.003635 0.005850 -0.036510 -0.259183
-0.535446 -0.297479 0.433975 0.591405 -0.001578 0.259093 0.086364 -0.059226 0.130249 0.392438 0.235669 0.399563 0.027925 0.059486 0.067317 0.147015 -0.323891 -0.291569 -0.079620 0.199123 -0.006653 0.011638 0.510261 1.000000 0.086044 0.187878 0.192241 0.118703 -0.365809 -0.320131 0.031946 0.112744 -0.407378 -0.372855 0.241598 0.021579 -0.125482 -0.071769 -0.210073 -0.078637 -0.009991 -0.120573 -0.194217 -0.167144 -0.213881 -0.167899 -0.216990 -0.169497 -0.278434 -0.247576 0.343482 0.060688 0.002770 -0.108181 -0.244278 -0.312730 -0.537323 -0.307227 -0.116051 -0.048252 0.055375 -0.261210 -0.003056 -0.281235 0.606976 0.113161 0.060008 0.248505 -0.440029 -0.141174 0.063223 0.168473 -0.355149 -0.038970 0.156299 -0.075591 -0.212215 -0.020329 -0.044202 -0.138001 -0.270417 -0.447503 0.125974 0.256012 0.387183 0.109415 -0.038870 0.302234 0.188324 0.405847 0.152196 0.247459 0.407064 0.437515 -0.125051 0.192468 -0.161948 -0.204498 -0.306996 -0.352146 0.182430 -0.053512 -0.074313 -0.006197 0.044873 0.007072 -0.086769 -0.186342 0.025039 -0.219029 -0.064585 0.019735 -0.059325 0.073327 -0.006615 -0.042376
-0.197722 -0.333833 0.392151 -0.035427 0.526214 0.288207 0.041910 0.045408 0.243057 0.106638 -0.393897 -0.333217 -0.372080 -0.440336 -0.280874 -0.379635 -0.298045 -0.195594 -0.162026 -0.307738 0.318954 0.198765 0.186479 0.086044 1.000000 0.609651 0.516920 0.511443 -0.448945 -0.481756 0.215875 0.543066 -0.332782 0.134142 0.555656 0.457963 -0.343811 -0.140802 0.128118 0.129663 -0.049368 -0.224621 0.217681 0.122156 0.173339 0.205630 -0.189945 0.091108 -0.109547 -0.288303 -0.161010 -0.319319 -0.217343 -0.206460 -0.131619 -0.190331 -0.032609 -0.063792 0.171763 -0.064163 -0.093588 -0.112713 -0.207932 -0.332969 0.315688 0.295265 0.084220 0.366090 -0.136087 -0.229863 0.084942 0.230074 -0.277545 -0.170800 0.030511 -0.256478 -0.288702 0.064883 0.122864 -0.061166 -0.172322 -0.058977 -0.279464 -0.321034 0.009837 -0.067766 -0.083815 -0.028653 0.097966 -0.139161 -0.267617 -0.057287 0.104251 0.289533 -0.103048 0.254537 0.245181 0.019939 -0.246360 -0.048850 -0.224225 -0.155471 0.043770 0.120654 0.121021 0.211625 0.179211 -0.194911 0.046512 0.088437 0.497329 0.057341 0.089473 0.114602 0.152474 0.022527
-0.424108 -0.593193 0.428010 0.261945 0.482208 0.373105 -0.047892 0.318313 0.239904 0.309936 -0.323668 -0.121963 -0.374511 -0.379514 -0.252065 -0.128805 -0.510954 -0.584748 -0.184008 -0.231515 0.349975 0.414972 0.067028 0.187878 0.609651 1.000000 0.436786 0.660975 -0.498588 -0.429944 0.035688 0.422140 -0.326084 0.069739 0.641674 0.485229 -0.402316 0.096590 0.174137 0.240460 -0.115291 -0.357188 0.046687 0.032798 0.115884 0.142247 -0.154376 0.146276 -0.069604 -0.269815 -0.258936 -0.469722 -0.362115 -0.315622 -0.034376 -0.043963 -0.261377 -0.325605 0.066679 -0.003081 -0.233166 -0.195666 -0.310272 -0.543945 0.107783 0.398766 0.280369 0.634360 -0.235435 -0.182270 0.053800 0.122648 -0.360276 -0.212391 -0.019125 -0.183247 -0.252082 -0.075561 -0.099185 -0.117150 -0.127140 -0.216563 -0.053104 -0.240118 0.181534 0.206639 -0.200778 0.059678 0.002818 0.018702 -0.203690 0.059033 0.373884 0.245054 0.039987 -0.007099 0.260771 0.019788 -0.299022 -0.098309 -0.047747 0.111489 0.266640 0.276653 0.372341 0.357817 0.235252 0.052828 0.020696 -0.141044 0.331296 -0.123475 -0.124807 -0.001833 0.064487 -0.000169
-0.217283 -0.398630 0.561955 0.154438 0.345999 0.233515 -0.121419 -0.208957 0.220305 0.161201 -0.171243 -0.295708 -0.078977 -0.303246 0.035232 -0.442844 -0.415179 -0.225098 0.001118 -0.353353 0.408934 0.524208 0.453388 0.192241 0.516920 0.436786 1.000000 0.652456 -0.407828 -0.471395 0.246044 0.446409 -0.277588 -0.125384 0.384855 0.309078 -0.349460 0.042047 0.336531 0.436707 0.215692 -0.286872 0.096019 0.114713 -0.166572 -0.167435 -0.159166 0.192631 -0.198448 -0.368146 -0.036450 -0.237396 -0.206187 -0.297498 0.039555 0.235860 -0.173070 -0.214093 0.140618 -0.064561 -0.036212 -0.241338 -0.307009 -0.453949 0.211767 0.194061 0.317107 0.390922 -0.222134 -0.115593 0.033606 -0.091709 -0.553913 -0.342251 -0.087016 -0.355123 -0.299813 -0.257019 0.009163 -0.099173 -0.085416 -0.116767 0.138450 -0.234582 0.055362 0.141524 -0.218750 0.212998 0.134748 0.228931 -0.477438 0.412343 0.048977 0.400189 0.308213 0.207475 0.511569 0.336409 -0.194566 -0.084607 0.009023 0.038354 0.065805 0.234355 0.116646 0.033947 0.074209 -0.024818 0.038944 -0.051588 0.402071 -0.255062 -0.037371 -0.041616 -0.134787 -0.161496
-0.248340 -0.432671 0.416089 0.124649 0.336796 0.369914 0.035700 0.235465 0.238094 0.306885 -0.351862 -0.262474 -0.142125 -0.278304 -0.122449 -0.264841 -0.488551 -0.552528 -0.201166 -0.408214 0.314612 0.426161 0.048104 0.118703 0.511443 0.660975 0.652456 1.000000 -0.583616 -0.430273 -0.094520 0.230273 -0.265312 0.079767 0.346991 0.356822 -0.398914 0.072460 0.264397 0.310441 -0.016794 -0.391991 0.157830 0.246595 0.019510 0.035060 -0.055328 0.280245 -0.038826 -0.349849 -0.194129 -0.327926 -0.302935 -0.133959 0.089657 0.070762 -0.172833 -0.235748 0.228438 0.153310 -0.093036 -0.079764 -0.290890 -0.475517 0.044250 0.394443 0.370128 0.502483 -0.250686 -0.177068 -0.015904 0.117531 -0.497301 -0.365414 -0.227756 -0.158500 -0.180811 -0.201552 -0.089700 -0.065047 -0.166670 -0.217091 -0.106479 -0.404407 0.023606 0.090864 -0.144325 0.012173 0.050015 0.059583 -0.373547 0.048511 0.251280 0.182923 0.087726 0.116745 0.349000 0.154809 -0.246803 -0.002120 -0.083215 0.168609 0.312518 0.259690 0.349993 0.237716 0.265148 0.050157 0.197404 0.018950 0.368669 -0.307493 -0.207465 -0.032497 -0.067385 0.074715
0.208959 0.356147 -0.409007 -0.221199 -0.425946 -0.423832 -0.072214 -0.295155 -0.330987 -0.553230 0.251012 -0.092687 0.262074 0.029327 0.179070 0.049282 0.524666 0.485467 0.404790 0.222176 -0.130587 -0.119286 -0.075675 -0.365809 -0.448945 -0.498588 -0.407828 -0.583616 1.000000 0.636956 0.176306 -0.019443 0.332078 0.033998 -0.427142 -0.548462 0.528128 0.195977 -0.154609 -0.184516 0.346486 0.159505 0.069517 -0.083348 -0.182284 -0.131480 0.256308 -0.074680 -0.046546 0.274119 0.034786 0.182264 0.035346 0.130932 -0.038933 0.240485 0.144417 0.216018 -0.361399 -0.221459 -0.114884 -0.280517 0.314270 0.183228 -0.337404 -0.556635 -0.241945 -0.426741 0.305213 0.397506 -0.247421 -0.153978 0.538784 0.014528 0.036738 0.230825 0.162637 0.094053 0.203564 0.357108 0.562628 0.534842 0.403779 0.485272 0.088940 0.111795 0.305561 0.114679 -0.289740 -0.288002 -0.056312 -0.080975 -0.379968 -0.244953 0.221282 -0.052092 0.055652 0.249095 0.216767 0.049565 -0.196675 -0.154029 -0.280689 -0.154074 -0.307517 -0.263047 -0.247967 -0.000538 -0.034163 -0.009588 -0.236729 -0.051504 0.138938 -0.106150 -0.125964 0.108547
0.264937 0.264588 -0.490078 -0.150034 -0.343784 -0.250145 -0.021041 -0.092574 -0.342927 -0.347194 0.061620 -0.035559 0.087700 0.140135 0.009782 0.199952 0.366930 0.419307 0.184975 0.232337 -0.331062 -0.233651 -0.272012 -0.320131 -0.481756 -0.429944 -0.471395 -0.430273 0.636956 1.000000 0.070622 -0.161214 0.231072 -0.015633 -0.400818 -0.426050 0.520965 0.124538 -0.246879 -0.226222 0.210093 0.047359 -0.165128 -0.189812 -0.119869 -0.038993 0.229586 -0.141521 -0.019514 0.175243 0.058476 0.148926 0.078968 0.203007 -0.040932 0.175310 0.245439 0.112612 -0.205414 -0.136039 0.047955 -0.029487 0.322061 0.329251 -0.327113 -0.494600 -0.163530 -0.321664 0.267724 0.250859 -0.082039 -0.192184 0.559297 0.139187 0.013364 0.327894 0.345865 0.091450 0.037212 0.320174 0.393042 0.403000 0.203766 0.381908 -0.115582 0.115309 -0.009700 -0.100468 -0.273354 -0.211973 0.143956 -0.153832 -0.369109 -0.393834 0.093758 -0.103992 -0.149510 0.047794 0.402895 0.248201 -0.011031 -0.081127 -0.109100 0.136954 -0.109592 0.068336 -0.160539 0.014576 -0.042137 -0.051885 -0.371634 0.152632 0.073848 -0.107175 -0.112070 0.194063
-0.054143 -0.011371 0.132061 0.017090 -0.109188 -0.159266 -0.180705 -0.594951 -0.449662 -0.582813 -0.059580 -0.391778 -0.314179 -0.428686 -0.264812 -0.449331 0.110840 0.405638 0.587988 0.352646 0.259172 0.052059 0.494785 0.031946 0.215875 0.035688 0.246044 -0.094520 0.176306 0.070622 1.000000 0.439371 0.172828 -0.104093 0.261446 0.012744 0.104109 0.221891 -0.001958 0.125974 0.353282 0.066454 0.070983 -0.030912 -0.018212 0.051109 -0.077296 0.017087 -0.035057 0.122481 0.235077 0.136615 0.028418 0.011155 -0.128860 0.136998 0.164654 0.195756 -0.256795 -0.439288 -0.205831 -0.366523 0.034511 -0.036061 0.116327 -0.432268 -0.111395 -0.102271 0.196971 0.158004 0.198459 0.006986 0.109967 0.070933 0.196214 -0.112379 -0.115638 0.301884 -0.067138 -0.019362 -0.040009 0.078096 0.180831 0.274024 -0.063097 0.126759 -0.005131 0.178873 -0.070330 -0.010239 -0.070646 0.117858 -0.455497 0.140993 0.148402 0.122393 0.122733 0.052208 -0.034195 -0.114827 0.171046 -0.167883 -0.034334 0.025954 -0.096024 0.020373 -0.155690 -0.023299 -0.057206 -0.206865 -0.026674 0.092515 0.228940 -0.131186 -0.018936 0.013248
-0.378003 -0.458942 0.273927 0.001673 0.221246 0.234184 -0.046113 -0.195201 0.000584 -0.146775 -0.179901 -0.321707 -0.142733 -0.445945 -0.269726 -0.342332 0.004821 0.036703 0.026332 -0.209756 0.343081 0.372946 0.268067 0.112744 0.543066 0.422140 0.446409 0.230273 -0.019443 -0.161214 0.439371 1.000000 -0.133954 0.203281 0.489435 0.181519 -0.071312 0.152152 -0.086371 0.054331 0.247437 -0.276045 0.132963 0.085846 -0.229580 -0.058775 -0.123289 0.026891 -0.369510 -0.400464 -0.007552 -0.246761 -0.286307 -0.340473 -0.222778 0.010880 -0.083059 -0.055966 -0.340210 -0.386519 -0.353207 -0.576258 0.103941 -0.306541 0.316681 -0.092543 0.235308 0.400887 -0.028748 -0.060553 -0.010554 0.009325 -0.191597 -0.256534 0.090606 -0.337404 -0.419102 0.000432 0.302155 0.287078 0.352518 0.306768 0.189860 0.143452 0.241345 0.268806 -0.013587 0.268532 -0.196357 -0.098936 -0.223728 0.124362 -0.003272 0.282858 0.264779 0.172707 0.363004 0.263847 -0.161314 -0.057278 -0.060974 -0.165417 -0.001100 0.029729 -0.112170 0.093298 -0.040489 -0.107992 0.050266 0.001423 0.533225 0.061320 0.049532 0.004676 -0.119255 0.137277
0.351775 0.394111 -0.144470 -0.336437 -0.323251 -0.435394 0.018216 -0.161212 -0.364635 -0.469593 0.122772 -0.196887 0.142093 0.058273 -0.032252 -0.016778 0.463227 0.482635 0.259775 0.232857 -0.098839 -0.193107 -0.153402 -0.407378 -0.332782 -0.326084 -0.277588 -0.265312 0.332078 0.231072 0.172828 -0.133954 1.000000 0.347515 -0.239474 -0.339641 0.279975 0.021092 0.052119 -0.041112 0.043285 0.159402 0.049072 0.205281 -0.023157 0.001839 0.110904 0.044564 0.209282 0.383511 -0.119965 0.162612 0.108184 0.213097 0.170087 0.035384 0.370016 0.368620 -0.031512 -0.032240 0.043459 0.096732 0.193844 0.326382 -0.439771 -0.437425 -0.117269 -0.390625 0.369843 0.272539 -0.007870 -0.118780 0.328150 0.108709 0.023042 0.022732 0.206441 0.195742 -0.080621 -0.071691 0.058776 0.184492 -0.107420 0.015103 -0.305679 -0.319583 0.085172 -0.263548 -0.247343 -0.074075 -0.019407 -0.119720 -0.438326 -0.268443 -0.124568 -0.039875 -0.090194 -0.157537 0.177653 0.137527 0.065797 -0.075221 0.119815 -0.083035 -0.057016 -0.043265 -0.196882 0.232221 -0.032758 0.029597 -0.167697 0.098901 0.005724 0.076934 -0.022653 0.093542
0.046701 -0.057466 -0.033024 -0.522437 -0.004612 -0.047405 0.421401 0.229918 0.095677 -0.130789 0.038142 -0.186331 0.319932 0.205134 0.118619 -0.009135 0.115684 -0.050988 -0.313802 -0.373980 0.073111 0.077755 -0.330434 -0.372855 0.134142 0.069739 -0.125384 0.079767 0.033998 -0.015633 -0.104093 0.203281 0.347515 1.000000 -0.111453 0.168437 -0.006441 0.002894 0.064010 -0.116827 0.061982 0.019885 0.146138 0.360087 0.205354 0.088539 -0.083420 0.139257 0.202443 0.020966 -0.304935 -0.101911 -0.187824 -0.273371 0.114066 -0.178326 0.024388 -0.025577 0.198852 0.035451 0.297501 0.056083 0.210782 0.165538 -0.172614 0.037468 0.265304 0.191947 -0.006526 -0.119137 -0.046412 -0.056134 0.200310 -0.145187 -0.085766 -0.045058 -0.002642 0.132349 0.135856 -0.152221 0.084679 0.150664 -0.144664 -0.303352 -0.116964 -0.149643 -0.004516 -0.348661 -0.132690 -0.293033 -0.254839 -0.373465 -0.067119 -0.304684 -0.088302 -0.082101 0.071636 -0.070985 -0.010840 -0.195915 -0.172617 -0.214446 0.204878 -0.148143 -0.100876 -0.124770 0.006388 -0.039693 0.138421 0.169384 0.392539 0.191553 -0.243097 0.150447 -0.059894 0.069544
-0.330832 -0.497777 0.440316 0.149175 0.378696 0.230393 -0.069497 -0.073298 0.104418 0.064393 -0.204758 -0.142632 -0.306629 -0.302430 -0.270966 -0.260189 -0.426248 -0.237197 0.030061 -0.064249 0.270397 0.216135 0.384804 0.241598 0.555656 0.641674 0.384855 0.346991 -0.427142 -0.400818 0.261446 0.489435 -0.239474 -0.111453 1.000000 0.434230 -0.319579 0.047114 0.112287 0.298782 0.024945 -0.173547 -0.058447 -0.105615 0.004850 0.003013 -0.172057 -0.150602 -0.070399 -0.242181 0.090456 -0.255060 -0.220300 -0.195783 -0.097598 -0.004963 -0.217621 -0.147478 -0.085223 -0.207829 -0.220237 -0.224319 -0.114040 -0.350386 0.299972 0.160104 0.156044 0.382964 -0.112631 -0.119630 0.093516 0.103141 -0.296725 0.019372 0.215508 -0.210301 -0.304404 0.054521 -0.074788 -0.127009 -0.238272 -0.242815 -0.048001 -0.101182 0.034564 0.070558 0.060551 0.191175 0.148751 0.135573 -0.074027 0.326961 0.183562 0.533854 0.077184 0.047591 0.204689 0.000339 -0.270808 -0.106040 0.127137 0.082173 0.143753 0.245118 0.353574 0.306682 0.137999 0.059922 0.067667 -0.093982 0.322449 0.013618 0.106016 0.024494 0.175014 -0.189913
-0.112656 -0.309257 0.213158 -0.033815 0.346756 0.283034 -0.126408 0.060456 0.315228 0.264319 -0.196775 0.018303 -0.254571 -0.034605 -0.051748 -0.106209 -0.366385 -0.255989 -0.286782 -0.393305 0.281802 0.280553 0.199672 0.021579 0.457963 0.485229 0.309078 0.356822 -0.548462 -0.426050 0.012744 0.181519 -0.339641 0.168437 0.434230 1.000000 -0.403345 -0.116258 0.304948 0.207917 -0.104077 -0.134956 -0.184115 -0.158241 0.352942 0.113579 -0.255683 -0.054530 0.162819 -0.207461 -0.112955 -0.183068 0.010834 -0.205408 0.182472 0.038972 0.006784 -0.068598 0.332697 -0.077499 0.063588 0.025976 -0.309471 -0.293838 0.337679 0.515340 0.073670 0.383439 -0.255818 -0.367658 0.234070 0.055904 -0.353916 0.002503 0.043707 -0.184770 -0.235600 0.017935 0.007497 -0.235213 -0.231479 -0.106460 -0.117153 -0.313443 0.028411 0.090247 -0.150434 -0.066335 0.340647 0.126148 -0.234322 -0.031263 0.049229 0.104339 -0.014953 -0.268015 0.167884 -0.100553 -0.261967 -0.191724 -0.063655 -0.051989 0.135055 0.028155 0.113333 0.052792 0.310036 -0.194054 -0.114196 0.036918 0.401166 -0.081778 -0.157120 0.060646 0.056804 -0.238295
