1.000000 0.201671 0.008106 -0.311959 0.025356 -0.087179 -0.046392 -0.016208 -0.060512 0.268922 0.606741 0.280207 0.472259 0.261480 0.137399 -0.047511 0.297548 0.055136 -0.001504 -0.309356 -0.284327 -0.509900 -0.212907 -0.396417 -0.228625 -0.336210 -0.331438 -0.354956 0.147852 -0.004059 -0.129948 -0.326318 -0.124841 -0.243287 -0.146807 -0.064178 0.278648 -0.075443 -0.110107 -0.183770 -0.315799 -0.400075 0.272668 0.074948 0.132450 -0.012261 -0.040188 -0.077184 0.342790 0.227288 -0.018312 0.408821 0.181150 0.124676 0.061540 -0.009600 0.374861 -0.056789 0.178511 -0.193883 0.197180 0.034662 0.016505 -0.043684 -0.065040 0.217875 -0.055441 -0.347986 -0.049240 -0.204385 -0.070568 -0.300573 0.140577 -0.123159 0.239043 0.102944 0.126039 -0.061048 -0.110311 0.059291 -0.177372 -0.187386 -0.185603 -0.330785 -0.046329 -0.195470 -0.184567 -0.011049 -0.076005 -0.088696 -0.240322 0.062450 0.013904 0.318574 0.264100 0.055945 -0.064945 -0.022138 0.173236 0.012548 0.247650 0.481052 0.090473 0.076539 0.114736 0.160327 0.147419 0.151250 0.110131 -0.093677 -0.214848 -0.047198 0.118126 0.085681 0.246547 0.285164
0.201671 1.000000 -0.348338 -0.345121 -0.043909 -0.232468 0.068210 -0.114902 0.067243 0.089237 0.359486 0.570124 0.184636 0.079636 -0.068324 -0.077327 0.283454 0.298380 0.014672 0.014438 -0.239381 -0.376383 -0.424206 -0.386857 -0.413878 -0.495895 -0.332433 -0.448419 0.374449 0.374198 0.077953 -0.049523 0.191239 0.412728 -0.144676 -0.242944 0.354574 0.246766 -0.027821 -0.193962 -0.207012 -0.075538 0.175233 -0.012443 -0.120739 -0.181391 -0.023219 0.015464 -0.142743 -0.050826 -0.149473 0.145954 -0.159547 0.126028 0.041664 0.104515 0.117828 0.285281 -0.198210 -0.098673 0.247327 0.318596 0.252002 0.299354 0.020031 -0.108903 0.035053 -0.174322 -0.027494 -0.251846 -0.128236 -0.121333 0.400531 0.252147 0.202934 0.277765 0.172095 0.116313 0.058436 0.013607 0.130799 -0.065590 -0.420369 -0.070291 -0.118511 0.053037 -0.504843 -0.243969 -0.265527 -0.305624 -0.268379 -0.181748 -0.111329 0.004892 -0.033890 0.135907 0.044644 -0.102306 0.384196 -0.152651 0.127463 0.169836 0.189425 -0.085231 0.040963 0.062689 0.145404 0.036682 -0.049064 -0.024251 -0.346016 0.207284 0.056110 0.026527 0.106101 0.012171
0.008106 -0.348338 1.000000 0.265118 0.276469 0.052377 0.380453 0.108210 0.177593 0.073613 -0.117984 -0.270591 -0.061194 -0.132209 -0.025391 -0.126159 -0.507133 -0.338100 0.221789 0.035518 0.134144 0.194689 0.469816 0.331906 0.329912 0.315255 0.152223 0.166016 -0.196259 -0.392237 0.140950 0.033609 0.013761 0.018736 0.246903 0.165771 -0.342645 -0.503002 -0.306100 -0.385626 -0.001558 0.096824 -0.070495 0.238993 0.110531 -0.039636 0.249900 0.216510 0.358546 -0.008361 0.444025 0.150946 0.222406 -0.066214 -0.342319 0.036286 -0.544208 -0.372814 0.138632 -0.070890 -0.258121 -0.164583 -0.315423 -0.222673 0.039185 0.003818 -0.260686 0.131805 -0.199374 0.134206 0.125410 0.021404 -0.341226 -0.161444 -0.182707 -0.295648 -0.009782 0.048994 -0.298544 -0.132832 -0.276161 -0.078971 0.302435 0.083839 -0.072257 0.050819 0.450614 0.139687 0.267548 0.439720 0.294735 0.295056 0.089012 -0.139941 -0.384971 -0.392918 -0.249675 -0.191073 -0.115481 -0.110637 -0.224226 -0.264276 -0.434920 -0.231562 -0.405248 -0.295345 -0.145909 -0.464959 -0.307079 -0.139346 0.330679 -0.177533 -0.277376 -0.313404 -0.279889 -0.334553
-0.311959 -0.345121 0.265118 1.000000 -0.155402 0.181459 0.018948 0.313379 -0.246665 -0.083180 -0.073523 -0.017454 -0.257414 -0.221533 0.284296 0.252396 -0.421152 -0.534229 -0.178032 0.002988 0.216435 0.443337 0.721388 0.737165 0.278936 0.481393 0.282790 0.532858 -0.367133 -0.391678 0.228401 0.561122 -0.310781 -0.044697 0.327228 0.311045 -0.501255 -0.139204 -0.048320 0.258118 0.290895 0.302805 -0.192281 -0.192260 0.019458 -0.169834 0.228916 0.062352 -0.165349 -0.115216 0.165581 -0.167800 0.052956 0.275416 -0.010044 0.334683 -0.306737 -0.467814 -0.183706 -0.360578 -0.617574 -0.534298 -0.713887 -0.629813 0.316928 0.240186 -0.504579 -0.029401 -0.166840 0.157536 0.083445 0.206145 -0.564677 -0.270581 -0.251963 -0.246667 0.094106 0.233766 -0.258149 -0.255627 -0.465796 -0.300665 0.490282 0.373142 0.026628 0.223407 0.284291 0.351490 0.536906 0.182584 0.275483 0.345648 0.402581 0.159290 -0.364995 -0.126567 -0.142073 0.130548 -0.166204 0.117717 0.115252 -0.070640 -0.265789 -0.152568 -0.282367 -0.215396 -0.256864 -0.197302 -0.097434 0.031179 0.301832 -0.030671 -0.051571 0.105284 -0.198384 -0.158962
0.025356 -0.043909 0.276469 -0.155402 1.000000 0.342670 0.146462 -0.344093 0.829004 0.244760 -0.021156 -0.380342 0.045826 -0.173871 0.272810 -0.235464 -0.125598 0.079895 -0.012042 0.133993 0.438540 -0.112576 0.036655 -0.116237 0.533893 0.096669 0.572505 0.081795 0.021721 -0.185011 -0.143998 -0.223785 0.012314 0.030064 0.087103 0.141817 0.079929 -0.477677 -0.460730 -0.613371 -0.311746 -0.150897 0.001226 0.090747 0.226191 0.072085 -0.120067 -0.128474 0.279997 0.185054 0.274232 0.067116 0.171185 0.083815 -0.273038 -0.525329 -0.149961 0.345210 0.391955 0.372838 0.234899 0.384247 0.111135 0.292564 0.175803 -0.103084 0.095213 0.124366 0.042405 0.136301 0.141228 -0.022699 -0.053325 -0.001454 -0.054377 -0.004836 -0.178031 -0.274661 -0.219594 -0.013590 -0.130604 0.021561 0.059944 -0.284713 -0.209253 -0.365975 0.149588 -0.470919 -0.077839 0.092889 0.083119 -0.123078 -0.062656 -0.346000 -0.130514 -0.446058 -0.400556 -0.353172 -0.206662 -0.453174 -0.221958 -0.320219 -0.010799 0.102008 0.094706 0.070558 0.247809 -0.139354 -0.183808 -0.242868 -0.105487 -0.157227 -0.244576 -0.288074 0.074822 -0.332680
-0.087179 -0.232468 0.052377 0.181459 0.342670 1.000000 -0.209817 0.215007 -0.011516 0.498411 -0.267327 -0.292990 -0.319003 -0.394688 0.055795 0.008474 -0.283355 -0.345146 -0.237308 0.118034 0.467812 0.261311 0.194313 0.254870 0.533975 0.554485 0.582145 0.612215 -0.486359 -0.627347 -0.211222 -0.047151 -0.205013 -0.067995 0.235259 0.432465 -0.132508 -0.224763 -0.022482 -0.001304 -0.107005 -0.196268 0.096724 0.270080 -0.053457 0.227657 -0.060038 0.091322 0.052646 -0.163252 0.467951 -0.055350 0.122264 0.040016 0.066099 -0.260948 -0.101041 0.141942 0.124470 0.193823 0.015207 0.047836 -0.112284 -0.143909 0.209777 0.374503 -0.130521 0.254765 0.121336 0.335491 -0.005570 0.221904 -0.492122 -0.250193 -0.226935 -0.255268 -0.342777 -0.288553 -0.139371 -0.152644 -0.382836 -0.293585 0.090071 -0.471063 -0.196355 -0.178420 0.262152 -0.153098 0.421295 0.383865 0.139545 -0.018466 0.095595 -0.022881 -0.054724 -0.336839 -0.071049 -0.142234 -0.281199 -0.249771 -0.176776 -0.204486 -0.195048 0.023324 0.093110 0.077143 0.125495 -0.166167 -0.087111 -0.322632 0.173683 0.006212 -0.216936 -0.075198 -0.132428 -0.123162
-0.046392 0.068210 0.380453 0.018948 0.146462 -0.209817 1.000000 0.078278 0.277781 0.040656 -0.058702 -0.074312 -0.011115 0.012097 -0.096943 0.006008 -0.372573 -0.163428 0.444216 0.180125 0.201877 -0.095939 0.045890 0.082607 0.099779 -0.011489 -0.028314 -0.220197 0.318871 0.211643 0.699424 0.396585 0.369064 0.305009 -0.077725 -0.096813 -0.077787 -0.448152 -0.296692 -0.507743 -0.099162 -0.001939 0.061828 -0.101867 0.402256 -0.079161 0.356454 0.115699 0.195952 0.352088 -0.129904 0.069793 -0.071019 0.129587 -0.209278 0.173694 -0.321434 -0.337060 -0.012980 -0.189696 -0.216124 -0.156800 -0.232571 -0.242474 0.115594 -0.048852 -0.140920 -0.199198 -0.376992 -0.149742 0.143733 0.216444 0.201415 -0.095907 -0.096071 0.165845 0.065581 0.035227 -0.313709 -0.257569 -0.300698 -0.264839 0.044248 0.226026 -0.204405 -0.235649 -0.055228 -0.151509 -0.140378 -0.158925 0.090322 0.192515 -0.076368 -0.110107 -0.099570 -0.207955 -0.230341 -0.163502 0.179233 -0.071592 -0.141676 -0.141127 -0.147790 -0.161147 -0.132910 0.023147 -0.004171 -0.005420 -0.125646 0.100551 -0.043724 0.075365 0.007485 -0.038141 0.102933 -0.121864
-0.016208 -0.114902 0.108210 0.313379 -0.344093 0.215007 0.078278 1.000000 -0.315299 0.284099 -0.116709 0.326422 -0.075339 0.173365 -0.208443 0.130095 -0.191218 -0.373287 -0.199318 -0.248092 -0.118604 0.000953 -0.043779 0.229641 -0.150141 0.213508 -0.168826 0.009571 -0.311059 -0.213548 0.012696 0.131320 0.056024 0.100624 -0.061152 0.074564 0.105466 0.180956 0.138145 0.159266 -0.022279 -0.065987 0.169096 0.235552 -0.071092 0.027216 0.140952 0.356808 0.254322 -0.119438 0.116856 0.229759 -0.030708 -0.047575 0.112854 0.230969 0.030271 -0.590937 -0.320861 -0.458470 -0.329938 -0.445563 -0.318933 -0.618647 -0.289168 0.549711 -0.288198 -0.014660 -0.335868 -0.191618 -0.006270 0.189311 -0.164418 -0.070927 -0.051059 0.028804 0.082922 0.204206 -0.236776 -0.262083 -0.347276 -0.460898 -0.166350 -0.249504 -0.339875 -0.059738 -0.116186 -0.009378 0.099828 0.033799 0.009814 0.232865 0.389031 0.243731 0.018801 0.137847 0.224047 0.218286 0.004090 0.259045 0.277090 0.121369 -0.100209 -0.023278 -0.058882 0.070456 -0.057960 0.006108 0.235207 -0.087737 0.132912 0.255970 0.263179 0.275174 -0.065335 0.200092
-0.060512 0.067243 0.177593 -0.246665 0.829004 -0.011516 0.277781 -0.315299 1.000000 0.133395 -0.051837 -0.212603 0.153316 0.014325 0.167877 -0.269605 -0.037185 0.212125 0.096150 0.024561 0.259976 -0.138605 -0.143544 -0.233709 0.349639 -0.030782 0.382205 -0.196394 0.263103 0.124947 0.002563 -0.129721 0.132602 0.128126 -0.092341 -0.158690 0.106267 -0.365581 -0.470034 -0.629725 -0.205845 -0.050354 0.052683 0.014935 0.271916 -0.015091 -0.044027 -0.135928 0.282187 0.314710 0.059713 0.182519 0.117157 0.057462 -0.329512 -0.408446 -0.101981 0.222389 0.344904 0.332917 0.209064 0.348066 0.183140 0.324715 0.041485 -0.275142 0.277559 0.065868 -0.087937 -0.120069 0.197417 -0.077862 0.215230 0.104546 -0.009319 0.034599 -0.099673 -0.203975 -0.071066 0.034619 0.053581 0.100659 0.010180 -0.100839 -0.200819 -0.262147 0.018723 -0.373522 -0.339333 -0.073351 -0.120146 -0.213176 -0.117557 -0.418466 -0.108811 -0.417730 -0.358086 -0.324672 -0.084876 -0.339843 -0.132249 -0.222525 0.135631 0.147335 0.098703 0.135521 0.284847 -0.058440 -0.135894 -0.151702 -0.291999 -0.207253 -0.199273 -0.147968 0.160231 -0.200902
0.268922 0.089237 0.073613 -0.083180 0.244760 0.498411 0.040656 0.284099 0.133395 1.000000 -0.056451 0.114133 -0.026517 -0.136575 -0.117477 0.002312 -0.194169 -0.131028 -0.051623 0.007374 0.081206 -0.008327 -0.038284 0.068870 -0.025438 -0.017615 0.086162 -0.037720 -0.082144 -0.266251 -0.163323 0.000759 0.005640 -0.053643 -0.070304 0.044097 -0.021122 -0.177985 -0.367872 -0.315349 -0.230996 -0.330832 0.240501 0.196965 0.109684 0.063645 0.031075 0.112893 0.292776 0.101746 0.196418 0.309634 0.223911 0.122086 -0.078234 -0.256061 -0.013906 -0.060717 0.154825 0.018372 0.048768 0.076553 -0.052163 -0.140844 0.018097 0.331742 0.057203 0.071263 0.004067 -0.032135 0.058073 0.104179 -0.202201 -0.130873 -0.289908 -0.078063 -0.166115 -0.075154 -0.247571 -0.108936 -0.274659 -0.361816 -0.016809 -0.284289 -0.201601 -0.136815 0.046494 -0.061510 0.080761 0.166567 0.093599 0.052293 0.110694 0.001093 -0.013941 -0.273087 -0.385703 -0.071340 -0.164573 -0.129815 -0.022519 -0.064914 -0.098675 -0.125166 -0.104697 0.009743 0.181015 -0.216788 -0.143306 -0.151980 -0.081430 -0.109224 -0.044274 -0.112889 -0.071557 -0.066937
0.606741 0.359486 -0.117984 -0.073523 -0.021156 -0.267327 -0.058702 -0.116709 -0.051837 -0.056451 1.000000 0.401742 0.621780 0.079789 0.556454 -0.010062 0.538119 0.022149 -0.038147 -0.033016 -0.335489 -0.440473 -0.075178 -0.152565 -0.276622 -0.334234 -0.317078 -0.290604 0.271817 0.048336 -0.017687 -0.150101 -0.106001 -0.134450 -0.028302 0.022028 0.079399 -0.087791 -0.188744 -0.112135 -0.234868 -0.151524 0.199606 0.058475 0.017899 0.038264 -0.123597 -0.112750 -0.042188 0.132286 -0.091131 0.060650 -0.212630 0.090141 -0.014462 0.018659 0.223795 0.072211 -0.158741 -0.143419 -0.076734 -0.160084 -0.152780 -0.065388 0.047370 -0.023476 -0.071556 -0.110847 -0.157425 -0.112791 -0.212784 -0.339007 0.099295 -0.057754 0.221750 0.017897 -0.009469 -0.078962 -0.111092 -0.103268 -0.060863 -0.053173 -0.022834 0.029809 0.219890 0.002757 -0.321262 0.045175 -0.027661 -0.384829 -0.202013 -0.026903 0.093598 0.356258 0.142521 0.135622 0.008406 0.127119 0.127872 -0.029336 0.341015 0.421738 0.166134 0.129681 0.133096 0.158666 0.199091 0.130273 0.067974 -0.023284 -0.115060 0.177754 0.033245 0.165879 0.434631 0.273139
0.280207 0.570124 -0.270591 -0.017454 -0.380342 -0.292990 -0.074312 0.326422 -0.212603 0.114133 0.401742 1.000000 0.178124 0.238125 -0.093381 0.196128 0.228974 0.086609 -0.214863 -0.170275 -0.464641 -0.122356 -0.257222 -0.105405 -0.601413 -0.324793 -0.534334 -0.453481 0.148485 0.243350 0.025455 0.098000 0.038261 0.204414 0.022564 -0.018523 0.144456 0.377783 -0.001383 0.141028 -0.000650 -0.042865 0.152924 -0.011862 -0.083773 0.055421 0.038963 0.073104 -0.029890 -0.049258 -0.140409 0.231580 -0.233801 -0.069160 0.093119 0.327802 0.224325 -0.148745 -0.401513 -0.482142 -0.201287 -0.242289 -0.203136 -0.267343 -0.124160 0.304677 -0.208681 -0.093002 -0.316537 -0.490860 -0.129639 -0.161157 0.127842 0.026079 0.117465 0.132182 0.288553 0.340350 -0.036721 0.064751 -0.039842 -0.166321 -0.214195 0.135989 0.051989 0.352404 -0.440340 0.108497 -0.166033 -0.294121 -0.349811 -0.069321 0.083045 0.131208 -0.055687 0.393909 0.166224 0.338863 0.123814 0.267380 0.394082 0.267106 0.093576 -0.082340 -0.068062 -0.025404 -0.088304 0.038185 0.089026 0.138953 -0.030770 0.130925 0.083069 0.186206 0.074660 0.257778
0.472259 0.184636 -0.061194 -0.257414 0.045826 -0.319003 -0.011115 -0.075339 0.153316 -0.026517 0.621780 0.178124 1.000000 0.618268 0.398357 0.034478 0.625559 0.312230 0.180724 -0.110182 -0.319466 -0.435207 -0.429363 -0.465864 -0.350574 -0.353066 -0.287616 -0.435286 0.383440 0.181175 -0.167506 -0.457956 -0.001676 -0.177127 -0.379592 -0.195160 0.172749 -0.040463 0.011440 -0.100576 -0.053272 -0.113062 0.201655 -0.026554 0.119773 -0.110588 -0.178676 -0.221234 0.216779 0.287350 -0.318190 0.337220 0.118875 0.039710 0.086362 -0.120889 0.314661 0.045658 0.060095 -0.053247 0.334706 0.195520 0.176054 0.226000 -0.119382 0.023431 0.050538 -0.278683 0.002992 -0.198160 -0.063070 -0.248503 0.342073 0.011142 0.210571 0.008675 -0.183841 -0.314734 -0.114901 0.045609 0.167183 0.052687 -0.173663 -0.118590 -0.119768 -0.300401 -0.226674 -0.159247 -0.341732 -0.289982 -0.173354 -0.087249 -0.032696 0.134546 0.379778 -0.028176 0.130185 0.016249 0.027944 -0.160903 0.282055 0.296114 0.184031 0.226596 0.314571 0.397773 0.414329 0.264063 -0.029823 -0.092223 -0.318744 -0.063763 0.015219 0.100407 0.454738 0.226988
0.261480 0.079636 -0.132209 -0.221533 -0.173871 -0.394688 0.012097 0.173365 0.014325 -0.136575 0.079789 0.238125 0.618268 1.000000 -0.049479 0.242282 0.341793 0.451185 0.113687 -0.311168 -0.379791 -0.379721 -0.513161 -0.495290 -0.414457 -0.296298 -0.371759 -0.469930 0.189095 0.400541 -0.197388 -0.409515 0.066889 -0.036174 -0.353351 -0.173325 0.245236 0.198861 0.275963 0.109295 0.005092 -0.086288 0.060577 -0.252986 0.223344 -0.256584 0.054566 -0.150789 0.372866 0.252579 -0.393883 0.427103 0.337934 0.142385 0.248470 0.126488 0.361456 -0.155043 0.069869 -0.319093 0.287256 0.192325 0.188883 0.129254 -0.333349 0.167590 -0.097067 -0.505530 0.066972 -0.302643 0.007162 -0.101781 0.443823 0.060581 0.164632 0.200061 0.069319 -0.037833 -0.090636 0.193423 0.160453 0.079429 -0.355372 -0.123685 -0.330173 -0.343042 -0.214781 -0.150668 -0.454194 -0.177229 -0.023154 0.093241 0.079946 0.129672 0.366302 0.208485 0.259906 0.151300 0.149031 0.160750 0.269865 0.262441 0.091148 0.036956 0.158014 0.218001 0.143799 0.277055 0.199590 0.086607 -0.281683 -0.076884 0.308827 0.125407 0.121786 0.183884
0.137399 -0.068324 -0.025391 0.284296 0.272810 0.055795 -0.096943 -0.208443 0.167877 -0.117477 0.556454 -0.093381 0.398357 -0.049479 1.000000 0.216272 0.282455 -0.163262 -0.102248 0.243666 0.118473 -0.115566 0.300780 0.237981 0.262159 0.064093 0.279683 0.284120 0.020496 -0.227416 -0.070318 -0.039533 -0.294759 -0.324518 -0.081816 0.073496 -0.138596 -0.367746 -0.157694 -0.111943 -0.152593 -0.138736 -0.047741 -0.221380 0.010434 -0.051408 -0.203955 -0.403762 -0.177636 0.118290 0.033352 -0.126030 -0.157751 0.201410 -0.025979 -0.336350 0.112408 0.196583 0.001895 0.167263 -0.125239 -0.112418 -0.213169 -0.056632 0.406140 -0.024561 -0.084487 0.017146 0.002612 0.295181 -0.134867 -0.099132 -0.215278 -0.244489 -0.033054 -0.146893 -0.383213 -0.478298 -0.153855 -0.285277 -0.183861 -0.106373 0.387927 0.078968 0.202989 -0.172197 0.020533 -0.079846 0.299669 -0.114062 0.008234 -0.005599 0.243546 0.193722 0.210593 -0.174382 -0.041455 0.010466 -0.198586 -0.254500 0.172380 0.011562 0.179063 0.254621 0.331609 0.295154 0.296135 0.183493 0.019947 -0.161595 -0.085896 -0.038152 -0.073607 0.213463 0.392353 0.060181
-0.047511 -0.077327 -0.126159 0.252396 -0.235464 0.008474 0.006008 0.130095 -0.269605 0.002312 -0.010062 0.196128 0.034478 0.242282 0.216272 1.000000 -0.022259 -0.141354 -0.177554 0.016681 0.053676 0.110876 0.172599 0.320664 -0.040643 0.098092 0.015489 0.164733 -0.009279 -0.000823 0.104927 0.200311 -0.153526 -0.105049 -0.038918 0.193448 -0.210421 -0.138540 0.024533 0.214686 0.243480 0.071627 -0.268518 -0.356324 0.200691 -0.027344 0.008960 -0.365706 0.003555 0.209996 -0.104630 0.009855 0.054300 0.141184 0.092191 0.107301 -0.007627 -0.077572 0.040674 -0.126320 -0.143403 -0.150266 -0.280305 -0.249837 0.186102 0.361161 -0.290239 -0.108754 -0.018989 0.100276 0.093150 0.208753 -0.134169 -0.336246 -0.207562 -0.063620 -0.178795 -0.204095 -0.143806 -0.184018 -0.194321 -0.197104 0.215803 0.282857 0.034842 -0.006005 0.061979 0.103771 0.298251 -0.050004 0.239054 0.079101 0.059631 0.039335 0.067161 -0.014353 -0.013195 0.218770 -0.109502 0.055704 -0.017888 -0.140019 -0.243375 -0.165131 -0.129749 -0.096933 -0.077652 0.005813 -0.015048 0.109484 0.063598 -0.117667 -0.109657 0.038129 -0.074085 -0.128338
0.297548 0.283454 -0.507133 -0.421152 -0.125598 -0.283355 -0.372573 -0.191218 -0.037185 -0.194169 0.538119 0.228974 0.625559 0.341793 0.282455 -0.022259 1.000000 0.514993 -0.038029 -0.069919 -0.487888 -0.476186 -0.508057 -0.507620 -0.414819 -0.486691 -0.395184 -0.421982 0.374872 0.359840 -0.309978 -0.460960 0.013966 -0.148221 -0.383272 -0.282768 0.369801 0.340468 0.220903 0.131966 -0.155946 -0.122561 0.152766 0.006062 -0.151695 0.009585 -0.358083 -0.292067 -0.181008 0.058523 -0.333625 0.076899 -0.085487 -0.021297 0.282877 -0.148220 0.638036 0.418377 -0.145434 0.019387 0.413305 0.161704 0.421748 0.430443 -0.204378 -0.167398 0.238291 -0.126456 0.196726 -0.193954 -0.240958 -0.251191 0.438614 0.168434 0.268454 0.009736 -0.159519 -0.319750 0.359630 0.231875 0.507843 0.322468 -0.347810 -0.185083 0.086686 -0.140911 -0.437404 -0.219597 -0.425880 -0.444932 -0.322603 -0.231710 -0.059226 0.283665 0.458454 0.249510 0.274668 0.075886 0.060489 0.020171 0.280966 0.451085 0.332038 0.343532 0.423433 0.341466 0.309779 0.467191 0.157497 -0.127639 -0.323618 0.099262 0.228137 0.224729 0.430521 0.308865
0.055136 0.298380 -0.338100 -0.534229 0.079895 -0.345146 -0.163428 -0.373287 0.212125 -0.131028 0.022149 0.086609 0.312230 0.451185 -0.163262 -0.141354 0.514993 1.000000 0.191519 -0.071592 -0.325355 -0.249458 -0.536005 -0.584987 -0.328043 -0.437852 -0.319966 -0.573753 0.512883 0.661356 -0.264869 -0.417405 0.293206 0.161562 -0.227478 -0.223535 0.315309 0.417552 0.154512 0.022146 -0.041804 0.065129 0.050364 -0.106575 -0.023578 -0.072319 -0.152274 -0.186619 -0.057935 0.041880 -0.408713 0.055420 0.041055 0.007692 0.023663 -0.171758 0.314011 0.435197 -0.097969 -0.024976 0.489798 0.445488 0.543460 0.676538 -0.318466 -0.341920 0.170055 -0.292137 0.276869 -0.273037 -0.086348 -0.264755 0.639105 0.306980 0.241447 0.128866 0.089825 -0.003480 0.290193 0.682398 0.703511 0.632087 -0.355465 -0.062311 0.071648 -0.093486 -0.245829 -0.176766 -0.677334 -0.274530 -0.175307 -0.347004 -0.232493 -0.074517 0.199401 0.243608 0.081777 0.041600 0.165041 0.037460 0.045497 0.162223 0.189376 -0.041309 0.015227 -0.034721 -0.013148 0.127872 0.148212 0.172720 -0.203512 0.005414 0.230179 -0.128276 -0.003421 0.077785
-0.001504 0.014672 0.221789 -0.178032 -0.012042 -0.237308 0.444216 -0.199318 0.096150 -0.051623 -0.038147 -0.214863 0.180724 0.113687 -0.102248 -0.177554 -0.038029 0.191519 1.000000 0.460293 -0.086162 -0.033435 -0.146205 -0.058332 -0.153132 -0.161771 -0.144910 -0.235120 0.426947 0.354459 0.389472 0.013000 0.550420 0.195973 -0.300478 -0.318946 -0.106536 -0.138095 0.005302 -0.116785 0.060545 0.197721 0.029573 -0.074495 0.139632 -0.182433 0.145287 0.084650 0.005069 0.131467 -0.421988 0.001004 -0.016124 0.043844 0.006495 0.041720 -0.125511 -0.079532 -0.143100 -0.144481 0.006185 -0.045835 0.050912 0.091615 -0.138022 -0.377509 -0.006994 -0.192865 0.074406 0.030009 0.010662 0.045987 0.363738 0.186475 0.211097 0.043779 -0.011087 -0.068547 0.004317 0.027124 0.189792 0.144708 -0.008183 0.222224 -0.113463 -0.236712 -0.024695 -0.099909 -0.320106 -0.124758 0.140863 0.185478 -0.153262 0.067526 0.037789 -0.011770 0.020256 -0.077830 0.337871 0.081732 -0.247419 -0.000169 -0.152889 -0.144093 -0.035865 0.059539 0.087623 -0.075396 -0.086166 0.087496 -0.122430 0.115616 0.009659 -0.055353 0.001248 0.055604
-0.309356 0.014438 0.035518 0.002988 0.133993 0.118034 0.180125 -0.248092 0.024561 0.007374 -0.033016 -0.170275 -0.110182 -0.311168 0.243666 0.016681 -0.069919 -0.071592 0.460293 1.000000 0.198875 0.236931 0.088038 0.327626 0.071806 0.006357 0.263037 0.228340 0.150058 0.044862 0.184569 0.130101 0.312673 0.068169 -0.125092 -0.070704 -0.184504 -0.217732 0.091284 -0.013789 0.061677 0.137169 -0.149183 -0.139927 -0.098081 -0.041632 -0.092402 -0.101950 -0.342312 -0.147331 -0.154106 -0.405054 -0.271217 -0.040727 0.066938 -0.290613 -0.160819 0.256138 -0.290585 0.137566 -0.199277 -0.118568 0.009108 0.028054 0.134822 -0.336347 0.008597 0.287786 0.163519 0.469887 -0.116130 0.211909 -0.093858 0.037310 -0.100000 -0.054348 -0.285095 -0.241367 -0.121672 -0.175321 0.063482 0.043906 0.214514 0.347824 0.123586 -0.048461 -0.051447 -0.240081 -0.015531 -0.173408 0.335984 0.096969 0.049722 -0.021919 0.035456 0.004990 0.043988 0.021753 -0.124851 -0.126909 -0.243067 -0.280282 0.002045 -0.019262 0.172833 0.092416 -0.027188 -0.049368 -0.216780 0.069585 0.123828 0.076177 -0.139744 -0.066575 -0.043046 -0.154399
-0.284327 -0.239381 0.134144 0.216435 0.438540 0.467812 0.201877 -0.118604 0.259976 0.081206 -0.335489 -0.464641 -0.319466 -0.379791 0.118473 0.053676 -0.487888 -0.325355 -0.086162 0.198875 1.000000 0.419148 0.242779 0.247296 0.650142 0.468009 0.739446 0.512400 -0.194369 -0.366136 0.270528 0.342392 -0.065517 0.029303 0.152776 0.246153 -0.225538 -0.381318 -0.131151 -0.143915 0.212186 0.227672 -0.139696 -0.056454 0.100477 0.068447 -0.080303 -0.009332 -0.050489 -0.031116 0.235376 -0.337670 -0.122786 -0.121837 -0.170836 -0.223351 -0.308092 0.031594 0.240665 0.272878 -0.052069 0.038514 -0.175339 -0.079310 0.322791 0.016288 0.029076 0.147959 0.012972 0.217599 0.509910 0.442227 -0.233390 0.028993 -0.018930 0.005752 -0.071085 -0.054638 -0.198731 -0.285678 -0.369154 -0.292099 0.296844 -0.036162 -0.135666 -0.137197 0.257353 -0.159323 0.290805 0.125764 0.088307 -0.143859 -0.163456 -0.265809 -0.198040 -0.346678 -0.123329 -0.215899 -0.202394 -0.314179 -0.132799 -0.330817 0.037045 0.183881 0.138243 0.112937 -0.025187 -0.108798 -0.103781 -0.049351 0.179409 -0.056014 -0.266018 0.030011 0.021301 -0.166733
-0.509900 -0.376383 0.194689 0.443337 -0.112576 0.261311 -0.095939 0.000953 -0.138605 -0.008327 -0.440473 -0.122356 -0.435207 -0.379721 -0.115566 0.110876 -0.476186 -0.249458 -0.033435 0.236931 0.419148 1.000000 0.397482 0.510713 0.302721 0.647723 0.440233 0.477696 -0.189508 -0.276885 0.160872 0.467392 0.007006 0.086098 0.322170 0.245855 -0.626748 -0.034403 -0.014596 0.311134 0.650959 0.528296 -0.203147 -0.025886 -0.195903 0.068473 0.231085 0.149921 -0.338587 -0.297750 0.128882 -0.375403 -0.090405 -0.175005 -0.239120 0.120382 -0.381190 -0.076545 -0.162695 0.019960 -0.322108 -0.222365 -0.322817 -0.186732 0.124745 -0.027069 -0.201170 0.274167 0.010776 0.160951 0.171924 0.245643 -0.432627 -0.100308 -0.257262 -0.378366 -0.040834 0.152530 0.120550 0.066797 0.021787 0.167585 0.504937 0.424166 0.329638 0.426906 0.323195 0.306692 0.258466 0.209673 0.139540 -0.073431 -0.134225 -0.272754 -0.444328 -0.159989 0.004858 0.156540 -0.173457 0.070585 -0.101615 -0.306686 -0.085310 -0.175624 -0.296236 -0.335162 -0.303955 -0.401989 -0.292696 0.087863 0.526950 -0.125649 -0.386857 -0.053568 -0.353899 -0.098718
-0.212907 -0.424206 0.469816 0.721388 0.036655 0.194313 0.045890 -0.043779 -0.143544 -0.038284 -0.075178 -0.257222 -0.429363 -0.513161 0.300780 0.172599 -0.508057 -0.536005 -0.146205 0.088038 0.242779 0.397482 1.000000 0.827160 0.510795 0.473632 0.364207 0.644367 -0.318174 -0.490036 0.230737 0.526731 -0.385873 -0.174960 0.446376 0.321963 -0.552310 -0.389737 -0.303703 -0.030215 0.101653 0.136822 -0.277307 -0.139218 0.059012 -0.047087 0.218140 -0.083414 -0.121107 -0.035914 0.401920 -0.166412 0.061116 0.228958 -0.209179 0.116987 -0.488162 -0.250050 0.023913 -0.054720 -0.594327 -0.412794 -0.633033 -0.447324 0.504823 0.064596 -0.331337 0.121888 -0.087436 0.375770 0.043616 0.061159 -0.648608 -0.338344 -0.301834 -0.332971 0.000864 0.078240 -0.155131 -0.194353 -0.416286 -0.152106 0.699925 0.405360 0.279003 0.280259 0.525839 0.475989 0.743347 0.399994 0.296640 0.264626 0.169010 -0.033077 -0.407328 -0.316715 -0.384427 -0.088067 -0.314507 -0.068940 -0.205665 -0.297664 -0.407932 -0.283847 -0.439533 -0.389567 -0.293212 -0.378988 -0.222971 -0.019205 0.384285 -0.290946 -0.270077 -0.111190 -0.269978 -0.318745
-0.396417 -0.386857 0.331906 0.737165 -0.116237 0.254870 0.082607 0.229641 -0.233709 0.068870 -0.152565 -0.105405 -0.465864 -0.495290 0.237981 0.320664 -0.507620 -0.584987 -0.058332 0.327626 0.247296 0.510713 0.827160 1.000000 0.353024 0.488482 0.295726 0.609223 -0.262128 -0.387337 0.302583 0.615182 -0.168044 -0.121361 0.297508 0.250483 -0.557334 -0.287069 -0.135391 0.127332 0.240803 0.187248 -0.204656 -0.100538 0.046067 0.023691 0.217999 -0.004516 -0.163366 -0.066119 0.292296 -0.199210 -0.111338 0.162887 -0.068760 0.119369 -0.459579 -0.346698 -0.258906 -0.156833 -0.721945 -0.599040 -0.650301 -0.606788 0.359992 0.135633 -0.367799 0.238285 -0.259616 0.344316 0.019135 0.244747 -0.600807 -0.297821 -0.339569 -0.335542 -0.141111 0.025133 -0.232661 -0.347670 -0.414125 -0.275961 0.651436 0.471691 0.229267 0.270766 0.385424 0.405600 0.615884 0.254090 0.353238 0.280833 0.271300 -0.023297 -0.350520 -0.191066 -0.216547 0.036253 -0.276335 0.012726 -0.165160 -0.380622 -0.391168 -0.310155 -0.370542 -0.300350 -0.285133 -0.360050 -0.173865 -0.004874 0.382294 -0.180021 -0.196287 0.043337 -0.276925 -0.224813
-0.228625 -0.413878 0.329912 0.278936 0.533893 0.533975 0.099779 -0.150141 0.349639 -0.025438 -0.276622 -0.601413 -0.350574 -0.414457 0.262159 -0.040643 -0.414819 -0.328043 -0.153132 0.071806 0.650142 0.302721 0.510795 0.353024 1.000000 0.737746 0.799007 0.685920 -0.310031 -0.439289 0.115216 0.169369 -0.247873 -0.105605 0.282568 0.342056 -0.291418 -0.487687 -0.252935 -0.200199 -0.064733 0.062940 -0.088635 0.070808 0.149549 0.142141 0.043142 -0.037187 -0.043337 0.108099 0.447075 -0.179490 0.049453 0.164790 -0.250468 -0.219421 -0.354951 0.073972 0.263279 0.322489 -0.164092 0.010673 -0.237545 -0.078747 0.288446 -0.041349 -0.028677 0.191531 0.025119 0.411463 0.112205 0.121911 -0.376156 -0.223491 -0.173600 -0.297868 -0.252771 -0.286365 -0.062550 -0.220155 -0.341843 -0.097529 0.348044 -0.140458 -0.016778 -0.188941 0.375378 -0.023634 0.373292 0.303585 0.148708 0.011494 -0.041560 -0.215669 -0.188500 -0.461692 -0.230582 -0.243833 -0.289663 -0.237442 -0.210428 -0.308897 -0.089022 0.026201 -0.039101 -0.041945 0.004045 -0.202792 -0.053614 -0.164005 0.299833 -0.124113 -0.208849 -0.047279 -0.085954 -0.257840
-0.336210 -0.495895 0.315255 0.481393 0.096669 0.554485 -0.011489 0.213508 -0.030782 -0.017615 -0.334234 -0.324793 -0.353066 -0.296298 0.064093 0.098092 -0.486691 -0.437852 -0.161771 0.006357 0.468009 0.647723 0.473632 0.488482 0.737746 1.000000 0.622266 0.685001 -0.410368 -0.483565 0.146220 0.292050 -0.128808 0.045632 0.410960 0.457439 -0.515474 -0.269458 -0.089298 0.136034 0.286506 0.287817 -0.108942 0.098422 -0.042283 0.086317 0.268355 0.176699 -0.124757 -0.127320 0.362542 -0.194796 0.026508 0.079351 -0.193677 0.109993 -0.381829 -0.179655 0.001689 0.009396 -0.356317 -0.232771 -0.436790 -0.346131 0.132979 0.168010 -0.296738 0.158068 -0.042113 0.307568 0.113207 0.230656 -0.470704 -0.241328 -0.197920 -0.383838 -0.163265 -0.073124 -0.030284 -0.124337 -0.306377 -0.055865 0.389034 0.006337 0.086678 0.028907 0.364456 0.192339 0.421088 0.317322 0.169855 0.105937 0.004463 -0.139307 -0.343222 -0.343698 0.010646 -0.010334 -0.213621 0.005925 -0.099428 -0.233319 -0.240850 -0.103371 -0.227118 -0.181033 -0.108533 -0.331213 -0.135807 -0.145652 0.514146 -0.056748 -0.267614 -0.019931 -0.264246 -0.120916
-0.331438 -0.332433 0.152223 0.282790 0.572505 0.582145 -0.028314 -0.168826 0.382205 0.086162 -0.317078 -0.534334 -0.287616 -0.371759 0.279683 0.015489 -0.395184 -0.319966 -0.144910 0.263037 0.739446 0.440233 0.364207 0.295726 0.799007 0.622266 1.000000 0.685607 -0.303081 -0.473046 -0.004142 0.168836 -0.180994 -0.039905 0.197183 0.299017 -0.360870 -0.449265 -0.225204 -0.109723 0.045872 0.160298 -0.259432 -0.042725 0.017229 0.054799 -0.092209 -0.086365 -0.124415 -0.018956 0.308502 -0.278239 0.019990 0.047986 -0.243897 -0.305999 -0.308223 0.195915 0.242330 0.434829 -0.084009 0.144668 -0.153291 0.026874 0.281605 -0.026489 0.004609 0.261095 0.167766 0.418740 0.151687 0.170473 -0.453970 -0.183128 -0.271569 -0.261838 -0.278921 -0.236002 -0.035601 -0.223645 -0.268194 -0.080027 0.330599 -0.050775 -0.074079 -0.181191 0.263090 -0.170215 0.345118 0.197978 0.217437 -0.034851 -0.019265 -0.217074 -0.183801 -0.426415 -0.160978 -0.176690 -0.309816 -0.273779 -0.130065 -0.286639 0.093701 0.147722 0.114621 0.066449 0.034523 -0.177576 -0.105615 -0.166478 0.221037 -0.120054 -0.330659 -0.061359 -0.084699 -0.201170
-0.354956 -0.448419 0.166016 0.532858 0.081795 0.612215 -0.220197 0.009571 -0.196394 -0.037720 -0.290604 -0.453481 -0.435286 -0.469930 0.284120 0.164733 -0.421982 -0.573753 -0.235120 0.228340 0.512400 0.477696 0.644367 0.609223 0.685920 0.685001 0.685607 1.000000 -0.552755 -0.615357 -0.018701 0.234182 -0.406228 -0.215912 0.324909 0.408338 -0.419334 -0.313242 0.021322 0.191138 0.143055 0.063256 -0.233698 -0.032262 -0.037834 0.077157 -0.017317 -0.050025 -0.164417 -0.163489 0.463076 -0.291910 0.055545 0.115256 0.057434 -0.129072 -0.315832 0.016654 0.137304 0.270307 -0.246079 -0.144579 -0.312158 -0.256105 0.399806 0.159896 -0.137665 0.291661 0.148727 0.587228 0.003522 0.244465 -0.641699 -0.290927 -0.276007 -0.310521 -0.295556 -0.208577 -0.022140 -0.359989 -0.357444 -0.229410 0.419421 0.017073 0.063601 -0.001406 0.436373 0.146768 0.734347 0.449278 0.281031 0.087313 0.082330 -0.067941 -0.153349 -0.297881 -0.045770 -0.147653 -0.354534 -0.221180 -0.190448 -0.320283 -0.137300 0.000651 0.016570 -0.088625 -0.083547 -0.222515 -0.105489 -0.175909 0.319671 -0.169373 -0.246713 0.029453 -0.237734 -0.213765
0.147852 0.374449 -0.196259 -0.367133 0.021721 -0.486359 0.318871 -0.311059 0.263103 -0.082144 0.271817 0.148485 0.383440 0.189095 0.020496 -0.009279 0.374872 0.512883 0.426947 0.150058 -0.194369 -0.189508 -0.318174 -0.262128 -0.310031 -0.410368 -0.303081 -0.552755 1.000000 0.723355 0.375369 0.093942 0.431730 0.253051 -0.366635 -0.407098 0.174932 0.111347 -0.151651 -0.242380 0.123781 0.218103 0.047006 -0.209084 0.144483 -0.164685 0.023379 -0.213810 -0.090495 0.307165 -0.544189 0.045024 -0.114454 0.078159 -0.154685 -0.094625 0.099957 0.209502 -0.214409 -0.135305 0.170474 0.099755 0.249115 0.316283 -0.032052 -0.426199 0.041235 -0.350132 -0.177562 -0.410258 0.002099 -0.160835 0.693111 0.241790 0.254202 0.135523 0.052491 -0.080816 0.121551 0.294936 0.443652 0.360855 -0.042221 0.312188 0.185517 -0.072368 -0.318555 -0.137819 -0.586878 -0.552841 -0.202588 -0.356080 -0.370181 -0.225736 0.068122 0.072407 -0.092173 -0.078456 0.260926 -0.027024 -0.079690 0.018705 0.066389 -0.130534 -0.016350 0.045047 0.174772 0.082282 -0.058359 0.223921 -0.264238 -0.006458 0.027452 0.022792 0.150970 0.096901
-0.004059 0.374198 -0.392237 -0.391678 -0.185011 -0.627347 0.211643 -0.213548 0.124947 -0.266251 0.048336 0.243350 0.181175 0.400541 -0.227416 -0.000823 0.359840 0.661356 0.354459 0.044862 -0.366136 -0.276885 -0.490036 -0.387337 -0.439289 -0.483565 -0.473046 -0.615357 0.723355 1.000000 0.222555 0.016870 0.499855 0.291907 -0.330069 -0.398769 0.308707 0.337943 0.117332 0.012250 0.131218 0.211552 -0.005148 -0.293661 0.146803 -0.199086 0.063591 -0.124966 -0.131553 0.246075 -0.680981 0.017139 -0.088713 0.177935 0.136859 0.139829 0.295633 0.104276 -0.205368 -0.272786 0.158488 0.066649 0.290008 0.283040 -0.369099 -0.403029 0.101033 -0.417935 0.009509 -0.384375 -0.054956 -0.197513 0.818770 0.306929 0.250810 0.270768 0.219284 0.112353 0.230247 0.327594 0.533621 0.399525 -0.342487 0.305465 0.087267 -0.037229 -0.502017 -0.098224 -0.732460 -0.524846 -0.089752 -0.134286 -0.261931 -0.061158 0.152885 0.375865 0.087822 0.088582 0.357577 0.311516 0.039426 0.179145 0.185789 -0.139668 -0.019504 -0.061902 -0.091135 0.157557 0.176935 0.356591 -0.275552 0.124540 0.404740 0.084561 0.002862 0.176062
-0.129948 0.077953 0.140950 0.228401 -0.143998 -0.211222 0.699424 0.012696 0.002563 -0.163323 -0.017687 0.025455 -0.167506 -0.197388 -0.070318 0.104927 -0.309978 -0.264869 0.389472 0.184569 0.270528 0.160872 0.230737 0.302583 0.115216 0.146220 -0.004142 -0.018701 0.375369 0.222555 1.000000 0.757803 0.232442 0.211298 0.001128 -0.080222 -0.254684 -0.220004 -0.117795 -0.117291 0.264896 0.303468 -0.042966 -0.204126 0.215439 -0.146407 0.362309 0.099937 -0.128240 0.120126 -0.198799 -0.164767 -0.253868 0.103529 -0.069375 0.344976 -0.192111 -0.288671 -0.156018 -0.353312 -0.406814 -0.382242 -0.463594 -0.416537 0.262365 -0.039663 -0.261532 -0.234164 -0.342097 -0.111499 0.201451 0.280018 0.151217 -0.017924 0.094416 0.085398 0.242488 0.187319 0.022813 -0.204990 -0.332577 -0.299185 0.215827 0.461966 -0.079803 0.043306 -0.099038 0.127795 0.005850 -0.218631 -0.058674 0.055856 -0.196646 -0.070652 -0.193386 -0.016944 -0.018859 -0.046766 0.277089 0.052743 -0.114289 -0.117845 -0.198196 -0.243419 -0.182650 -0.051144 -0.122884 -0.013874 -0.058396 0.298361 0.119539 0.044763 -0.147568 0.102180 0.003081 0.004731
-0.326318 -0.049523 0.033609 0.561122 -0.223785 -0.047151 0.396585 0.131320 -0.129721 0.000759 -0.150101 0.098000 -0.457956 -0.409515 -0.039533 0.200311 -0.460960 -0.417405 0.013000 0.130101 0.342392 0.467392 0.526731 0.615182 0.169369 0.292050 0.168836 0.234182 0.093942 0.016870 0.757803 1.000000 0.012846 0.149216 0.213189 0.097469 -0.433400 -0.148820 -0.236936 0.066482 0.337714 0.326754 -0.207439 -0.296653 0.116960 -0.074241 0.320867 0.049941 -0.248397 0.017444 -0.062007 -0.255936 -0.273083 0.138806 -0.190321 0.367011 -0.269253 -0.376766 -0.221527 -0.338652 -0.610181 -0.522503 -0.627819 -0.576510 0.378561 0.090994 -0.269878 -0.034085 -0.299517 -0.060595 0.148038 0.232468 -0.225776 -0.158477 -0.184857 -0.084565 0.235209 0.340175 -0.012534 -0.181590 -0.363195 -0.283308 0.438125 0.608105 0.136980 0.354462 0.014399 0.331402 0.270154 -0.082309 0.050642 0.096160 -0.034713 -0.080614 -0.393326 -0.043046 -0.219571 0.044635 0.055837 0.156681 -0.019622 -0.161664 -0.135984 -0.238613 -0.345588 -0.227754 -0.295311 -0.152593 -0.097905 0.266787 0.247662 -0.034261 -0.136033 0.152216 -0.154414 0.000837
-0.124841 0.191239 0.013761 -0.310781 0.012314 -0.205013 0.369064 0.056024 0.132602 0.005640 -0.106001 0.038261 -0.001676 0.066889 -0.294759 -0.153526 0.013966 0.293206 0.550420 0.312673 -0.065517 0.007006 -0.385873 -0.168044 -0.247873 -0.128808 -0.180994 -0.406228 0.431730 0.499855 0.232442 0.012846 1.000000 0.664192 -0.295122 -0.282646 0.176110 0.049386 -0.093818 -0.264350 0.094576 0.238068 0.046612 -0.013791 0.046479 -0.169765 0.150138 0.143046 0.011667 0.046889 -0.385615 -0.068256 -0.101091 -0.012769 -0.178754 0.056928 0.000731 0.011386 -0.186823 -0.191749 0.061234 -0.001795 0.193049 0.095557 -0.428944 -0.345439 0.102637 -0.200883 -0.007439 -0.245637 0.023772 0.069179 0.534616 0.308438 0.290922 0.220952 0.107559 0.062429 0.098295 0.203981 0.396669 0.268535 -0.263031 0.057212 -0.090702 -0.245319 -0.231890 -0.345869 -0.467863 -0.304016 0.103289 0.022993 -0.174115 -0.034176 -0.148514 0.064163 0.004751 -0.074421 0.439843 0.163458 -0.178689 0.026752 -0.024637 -0.008557 -0.101809 -0.031346 -0.004233 -0.137513 -0.043064 0.075967 -0.111360 0.303855 0.230876 0.061194 0.013558 0.012830
-0.243287 0.412728 0.018736 -0.044697 0.030064 -0.067995 0.305009 0.100624 0.128126 -0.053643 -0.134450 0.204414 -0.177127 -0.036174 -0.324518 -0.105049 -0.148221 0.161562 0.195973 0.068169 0.029303 0.086098 -0.174960 -0.121361 -0.105605 0.045632 -0.039905 -0.215912 0.253051 0.291907 0.211298 0.149216 0.664192 1.000000 0.075777 0.024207 0.114198 0.094962 -0.171594 -0.310379 0.077552 0.326732 -0.044653 -0.007660 -0.062005 -0.239786 0.208811 0.196002 -0.029458 -0.116037 -0.136257 -0.087193 -0.070174 -0.020427 -0.258503 0.266136 -0.254471 0.035392 -0.209038 -0.203630 -0.020001 0.060802 0.043989 0.088078 -0.146778 -0.235126 -0.065109 -0.122533 -0.038243 -0.247799 0.133015 0.087977 0.317898 0.300988 0.267954 0.198281 0.315922 0.289876 0.012114 0.188511 0.233071 0.207780 -0.205051 0.071045 -0.121515 -0.063327 -0.147082 -0.258021 -0.176621 -0.209357 -0.002152 -0.092955 -0.244315 -0.207462 -0.434397 -0.116131 -0.049320 -0.184539 0.348943 0.000655 -0.226293 -0.024404 -0.167851 -0.130190 -0.278608 -0.229290 -0.075307 -0.257634 -0.152038 -0.071930 -0.031217 0.260989 -0.056152 -0.123885 -0.170547 -0.167237
-0.146807 -0.144676 0.246903 0.327228 0.087103 0.235259 -0.077725 -0.061152 -0.092341 -0.070304 -0.028302 0.022564 -0.379592 -0.353351 -0.081816 -0.038918 -0.383272 -0.227478 -0.300478 -0.125092 0.152776 0.322170 0.446376 0.297508 0.282568 0.410960 0.197183 0.324909 -0.366635 -0.330069 0.001128 0.213189 -0.295122 0.075777 1.000000 0.715582 -0.342423 -0.139464 -0.238955 0.068954 0.019817 0.105041 -0.220455 0.094235 -0.152579 0.245476 -0.023066 0.165718 -0.058828 -0.281387 0.367890 -0.266359 -0.148760 -0.152208 -0.169842 0.139990 -0.409335 -0.027731 -0.047539 -0.008830 -0.275840 -0.179763 -0.356577 -0.175761 0.212566 0.152175 -0.288014 0.305900 -0.113660 0.105893 0.015045 -0.091141 -0.427068 -0.130592 -0.141440 -0.201255 0.200210 0.311982 -0.152813 0.125088 -0.249980 0.061584 0.276990 0.151291 0.298010 0.381528 0.276250 0.290787 0.369687 0.263222 0.007519 -0.002070 0.005318 -0.131186 -0.428209 -0.023011 -0.194078 0.047685 -0.289316 -0.006654 -0.005506 -0.102737 -0.202552 -0.188031 -0.367132 -0.401213 -0.245009 -0.253156 -0.074265 -0.017117 0.473092 0.012576 -0.311191 -0.332186 -0.368214 0.014246
-0.064178 -0.242944 0.165771 0.311045 0.141817 0.432465 -0.096813 0.074564 -0.158690 0.044097 0.022028 -0.018523 -0.195160 -0.173325 0.073496 0.193448 -0.282768 -0.223535 -0.318946 -0.070704 0.246153 0.245855 0.321963 0.250483 0.342056 0.457439 0.299017 0.408338 -0.407098 -0.398769 -0.080222 0.097469 -0.282646 0.024207 0.715582 1.000000 -0.267074 -0.255112 -0.184137 0.117557 -0.040469 -0.015954 -0.131789 0.120427 0.067142 0.498402 -0.114736 0.146134 0.106603 -0.142366 0.299522 -0.277440 -0.180344 -0.196987 -0.179183 0.011841 -0.304150 -0.050002 0.035423 -0.032093 -0.211574 -0.159248 -0.379542 -0.243243 0.236183 0.432316 -0.346715 0.307003 -0.108920 0.171131 -0.063086 -0.055347 -0.451797 -0.279014 -0.099443 -0.222262 0.012601 0.146616 -0.260962 -0.057619 -0.308628 -0.053886 0.178660 -0.009741 0.118598 0.108454 0.198833 0.112115 0.367612 0.186131 0.169068 -0.052322 0.005733 -0.087930 -0.291030 -0.013840 -0.144000 0.178161 -0.288185 -0.019441 -0.060363 -0.182674 -0.235367 -0.161600 -0.260456 -0.282200 -0.147761 -0.180588 0.031261 0.058335 0.553668 0.105643 -0.249754 -0.274571 -0.319138 -0.046475
