1.000000 0.001466 0.203670 -0.100930 -0.020224 -0.150342 0.068406 0.049595 0.272866 0.051979 0.524758 0.279250 0.241320 0.139988 0.066553 0.012798 0.213733 0.069870 0.565791 0.028295 -0.117856 0.002851 0.000523 -0.073008 -0.174254 -0.374666 -0.047534 -0.104951 0.372580 0.080121 0.035196 -0.017920 0.187906 0.071458 -0.187964 -0.286864 0.007977 -0.201761 -0.022971 -0.065674 -0.017297 -0.077401 -0.276404 -0.161511 -0.112185 -0.068478 -0.413135 -0.430427 -0.031668 -0.224501 -0.209250 -0.352539 -0.242883 -0.338911 -0.194939 -0.291653 0.540674 -0.076088 0.595948 -0.069186 0.396524 0.105276 0.238121 0.064939 0.009349 -0.013962 0.069757 -0.220038 -0.150064 -0.056503 0.059241 -0.087488 0.160066 -0.112231 0.038058 -0.022384 0.186699 -0.151959 0.360724 -0.057159 0.228934 0.085898 -0.053098 0.011315 0.088872 -0.076690 0.094653 -0.091609 0.118043 -0.327405 -0.178025 -0.060062 -0.160228 0.175279 -0.211521 -0.085913 -0.160430 -0.233643 -0.325667 -0.188828 -0.037974 0.114198 0.059163 0.108416 0.029287 -0.099542 0.094712 0.038301 -0.005229 -0.058803 -0.327864 -0.377191 -0.176388 -0.132036 0.054277 0.302234
0.001466 1.000000 0.014448 0.107317 0.277907 0.114318 0.173973 0.111729 0.057210 -0.382505 0.168326 0.362693 0.189941 0.233473 -0.100293 -0.098493 0.104252 0.229761 0.027044 0.169774 0.325057 0.238382 -0.048012 -0.148689 0.166397 0.033893 0.221037 0.242034 0.180884 0.071757 0.156841 0.086106 0.222530 0.330596 -0.229511 -0.314987 -0.221827 -0.153591 -0.244731 -0.061090 -0.108235 0.130340 -0.133965 -0.233319 -0.232173 -0.283805 0.001099 -0.075959 -0.110335 -0.033486 -0.139905 0.012228 0.188692 0.111875 -0.201951 -0.146236 -0.072519 0.122447 -0.113600 0.251879 -0.064336 0.128325 -0.144796 0.194148 -0.069291 -0.172417 -0.075537 -0.173440 0.223670 -0.029383 0.311835 0.295669 0.199894 0.376398 0.337745 0.387102 0.404104 0.412999 -0.044333 0.152655 -0.039101 0.055824 -0.129308 0.056413 -0.086969 -0.033532 -0.173876 -0.376700 -0.290552 0.152607 0.055727 -0.118334 -0.203194 -0.405301 -0.010072 -0.073149 0.016745 0.128311 0.236864 -0.211925 -0.273618 -0.245908 0.003492 -0.271041 -0.132712 -0.016893 -0.030568 -0.043581 -0.070453 0.177043 -0.192427 -0.048878 -0.133868 -0.305971 -0.061488 0.002821
0.203670 0.014448 1.000000 0.557354 0.335447 0.316454 0.508142 0.666813 0.336218 -0.236506 0.154879 0.345382 0.399994 0.389302 0.109246 0.119189 -0.209438 -0.207944 0.436209 -0.019839 0.299629 0.303723 0.572513 0.430306 0.404528 0.265389 0.387943 0.347423 -0.090318 -0.343281 0.292331 0.280795 0.041290 -0.031301 -0.000734 0.290685 -0.463577 -0.482051 -0.415572 -0.346491 -0.060746 -0.102162 -0.179953 -0.127731 -0.026027 0.231891 -0.264772 -0.005580 0.010065 -0.161698 0.306869 -0.063879 -0.150694 -0.195657 -0.390332 -0.418203 -0.231559 -0.280656 -0.224914 -0.261957 -0.139699 -0.465860 -0.399727 -0.509310 0.203895 0.075863 -0.286963 0.307007 -0.398848 -0.194288 0.341143 0.358113 -0.166797 -0.033908 -0.037955 0.031455 -0.157238 0.039096 -0.200949 -0.237798 -0.377539 -0.447818 -0.088892 -0.063531 -0.130060 -0.014538 -0.105349 -0.199719 0.249147 -0.220781 -0.127386 -0.379062 -0.161836 -0.236358 -0.193157 -0.156888 -0.199969 -0.186104 -0.579029 -0.584239 -0.332039 -0.334476 -0.219085 -0.131971 -0.404530 -0.126489 -0.072982 -0.162529 -0.084327 0.001712 0.121104 -0.350651 -0.632300 -0.362672 -0.274782 -0.207754
-0.100930 0.107317 0.557354 1.000000 -0.016866 0.130596 0.126126 0.695211 0.316897 0.178301 0.160866 0.388432 0.135414 0.400125 0.278138 0.257174 -0.265106 -0.347666 0.023886 0.003579 0.214689 0.312080 0.681458 0.842573 0.194141 0.240700 0.120239 0.149648 -0.265889 -0.239836 0.445279 0.522144 -0.255978 -0.076272 -0.140726 0.109510 -0.359529 -0.224309 -0.339110 -0.062624 -0.087996 -0.174359 -0.314945 -0.167875 -0.293151 -0.007463 -0.291923 -0.002758 -0.194975 -0.296720 0.190510 -0.081921 -0.230708 -0.114090 -0.366647 -0.243696 -0.333430 -0.171707 -0.502566 -0.221516 -0.367135 -0.323065 -0.352239 -0.405534 0.068433 0.236441 -0.356756 0.202379 -0.214734 -0.144616 0.265063 0.364547 -0.304604 0.028202 -0.078860 0.120769 -0.262062 -0.084912 -0.219290 -0.120266 -0.423024 -0.388544 0.166974 -0.092970 0.063434 0.154424 0.147444 0.158007 0.417949 -0.078848 -0.219290 -0.439394 -0.036954 -0.256908 -0.168493 -0.132849 -0.070357 -0.305333 -0.501435 -0.494902 -0.208599 -0.338009 -0.220659 -0.163809 -0.364583 -0.180111 -0.123883 -0.232650 -0.072347 -0.003165 0.083388 -0.408766 -0.433255 -0.211366 -0.272909 -0.147565
-0.020224 0.277907 0.335447 -0.016866 1.000000 0.890404 0.306818 0.079756 0.323985 -0.729902 0.105398 0.159503 0.193993 0.092651 -0.141517 -0.009561 0.086585 0.140436 0.200431 0.228126 0.535102 0.420745 -0.172955 -0.270211 0.763641 0.554478 0.864396 0.858680 -0.192269 -0.442291 -0.446480 -0.475654 0.066536 -0.215076 0.143543 0.251768 -0.345040 -0.576133 -0.372681 -0.168678 -0.085288 0.072969 0.122438 -0.020585 0.100203 0.219223 -0.070428 0.181660 0.239973 0.241973 0.155453 0.216403 0.334223 0.372390 -0.271024 -0.323365 -0.213165 -0.196974 -0.097201 0.052806 -0.074377 -0.384145 -0.246047 -0.158257 0.043185 -0.010387 -0.167981 0.213072 -0.098194 0.095899 0.094948 0.015499 -0.102783 -0.014006 0.252920 -0.041533 0.223623 0.237815 -0.222095 -0.148726 -0.163571 -0.195158 -0.493898 -0.228638 -0.405679 -0.355773 -0.640115 -0.730853 -0.385810 0.246797 0.334243 0.258081 0.163641 0.024287 0.247681 -0.063572 -0.220965 0.283143 -0.034619 -0.327211 -0.154710 -0.093712 0.119427 0.003038 -0.044245 0.268295 -0.314668 0.058939 -0.054886 0.180471 -0.000355 -0.040501 -0.224805 -0.217359 0.060168 -0.055453
-0.150342 0.114318 0.316454 0.130596 0.890404 1.000000 0.111179 0.083028 0.263630 -0.575078 0.042257 0.071263 0.075318 0.064806 0.060237 0.123211 0.054045 -0.015715 0.129092 0.182196 0.597003 0.518796 0.001139 -0.030918 0.823317 0.736355 0.908908 0.937007 -0.328832 -0.508352 -0.371507 -0.374069 -0.133520 -0.333388 0.099473 0.381315 -0.367451 -0.491344 -0.267885 -0.082096 -0.048045 0.097123 0.072965 0.087054 0.031597 0.252514 -0.068781 0.321527 0.269955 0.158291 0.258153 0.255219 0.230651 0.346288 -0.239499 -0.283348 -0.318482 -0.289529 -0.209245 -0.017016 -0.277136 -0.477862 -0.418326 -0.363937 -0.081951 0.125214 -0.224880 0.261799 -0.052283 0.108362 0.124903 0.059860 -0.246849 -0.068911 0.166385 -0.063220 0.009571 0.103869 -0.304209 -0.251224 -0.295102 -0.354952 -0.327586 -0.378252 -0.327688 -0.390441 -0.548893 -0.538606 -0.257610 0.178862 0.281903 0.268028 0.284675 0.095736 0.320988 0.000438 -0.109545 0.263210 -0.089028 -0.337638 -0.056457 -0.059068 0.132257 0.089241 0.037462 0.319159 -0.297124 0.070844 -0.031095 0.165827 0.192116 -0.068040 -0.242231 -0.121583 0.028142 -0.075105
0.068406 0.173973 0.508142 0.126126 0.306818 0.111179 1.000000 0.570945 0.304132 -0.213297 0.068780 0.346125 0.670109 0.296924 0.058574 0.066318 0.007237 0.084167 0.372243 0.054008 0.358780 0.194848 -0.056184 -0.167525 -0.025949 -0.119711 0.159175 0.115052 0.299851 0.007230 0.182548 0.111424 0.263021 0.112138 -0.018033 -0.111783 -0.326064 -0.480503 -0.441257 -0.373071 0.045837 -0.069629 -0.142038 -0.342891 0.258653 -0.034347 -0.051525 -0.347675 0.016922 0.195112 -0.113115 -0.062517 0.205595 -0.095037 -0.356473 -0.333216 -0.205811 -0.287591 -0.058520 -0.041539 0.154449 -0.285908 0.045142 -0.057176 0.396324 -0.274385 0.011435 0.199819 -0.365253 -0.115729 0.345478 0.194748 0.337143 0.090192 0.205742 0.097452 0.053914 0.126171 -0.150456 -0.229782 0.048609 -0.155031 -0.134875 0.335634 -0.210817 0.069675 -0.108774 -0.442457 -0.269126 -0.141583 0.047574 -0.234284 -0.270074 -0.093201 -0.295724 -0.267797 -0.285420 -0.186428 -0.092540 -0.475331 -0.250859 0.036766 -0.084390 -0.059315 -0.275698 0.081594 -0.095517 -0.117413 -0.154890 -0.050088 -0.460702 -0.192636 -0.444281 -0.459880 -0.019849 -0.122376
0.049595 0.111729 0.666813 0.695211 0.079756 0.083028 0.570945 1.000000 0.260290 0.002636 0.075752 0.620694 0.497168 0.681376 0.230484 0.281298 -0.357591 -0.219767 0.224668 -0.021628 0.262677 0.220891 0.414706 0.471580 0.027878 -0.005329 0.099786 0.092704 -0.076274 -0.132833 0.355313 0.414740 0.001981 0.049820 -0.158835 0.049386 -0.539327 -0.361150 -0.461988 -0.265272 -0.141785 -0.240565 -0.293505 -0.271666 0.039507 0.125078 -0.169599 -0.173871 0.033308 0.059443 0.066970 0.097379 -0.047413 -0.126040 -0.292479 -0.173602 -0.367101 -0.474716 -0.206960 -0.129671 -0.195164 -0.281861 -0.414771 -0.403254 0.148757 0.290524 -0.268517 0.217893 -0.373717 -0.226426 0.289489 0.399500 -0.089817 -0.090134 -0.107922 0.077908 -0.229170 0.019663 -0.272286 -0.346255 -0.444749 -0.545074 0.025564 -0.006778 -0.232940 0.007860 0.007522 -0.122397 0.150522 -0.099507 -0.060943 -0.357289 -0.123576 -0.159281 -0.360937 -0.114084 -0.172307 -0.172386 -0.343517 -0.450494 -0.235395 -0.233371 -0.127651 -0.050602 -0.349738 -0.087301 -0.072119 -0.298895 -0.090162 0.044719 -0.151585 -0.318700 -0.508517 -0.341293 -0.209310 -0.227373
0.272866 0.057210 0.336218 0.316897 0.323985 0.263630 0.304132 0.260290 1.000000 0.180543 0.534827 0.376044 0.295693 0.159981 0.173413 0.038870 0.130646 -0.042205 0.190289 0.049017 0.188620 0.227283 0.082120 0.150952 0.113270 -0.074492 0.123455 0.124107 0.100715 -0.102610 -0.011416 -0.069874 -0.200468 -0.313255 0.043510 -0.075204 -0.172313 -0.295746 -0.219356 0.022577 0.050938 -0.165766 -0.317991 -0.404108 -0.029979 -0.107321 -0.315957 -0.283185 0.067703 -0.067387 -0.067722 -0.075850 0.056325 0.108424 -0.301918 -0.320513 -0.123489 -0.014130 0.032825 -0.110325 0.050264 -0.169425 0.018551 -0.074622 0.284122 0.044927 -0.088500 0.059253 -0.184578 0.015442 0.114057 -0.015887 0.074062 0.036848 0.148823 0.166350 0.114243 -0.018983 -0.034867 0.018556 -0.012759 -0.048098 -0.204724 0.001070 -0.045608 -0.098233 -0.262131 -0.208347 0.029864 -0.177308 -0.061970 -0.054918 -0.057282 0.152521 -0.202744 -0.216187 -0.282662 -0.199725 -0.368912 -0.453311 -0.246472 -0.010063 -0.084541 0.041862 -0.188461 0.027182 -0.270964 -0.107981 -0.084752 0.061888 -0.308944 -0.314948 -0.195825 -0.255855 -0.051255 0.032400
0.051979 -0.382505 -0.236506 0.178301 -0.729902 -0.575078 -0.213297 0.002636 0.180543 1.000000 0.030405 -0.119334 -0.165754 -0.143203 0.234989 -0.043151 -0.135241 -0.331088 -0.210991 -0.050391 -0.461863 -0.354152 0.121113 0.354467 -0.595957 -0.373821 -0.701888 -0.715056 0.007788 0.169636 0.235260 0.268675 -0.302639 -0.074612 0.030803 -0.106094 0.157266 0.253876 0.196150 0.126783 -0.001467 -0.312681 -0.129341 -0.119108 -0.012893 -0.087407 -0.142574 -0.200081 -0.090134 -0.154302 -0.058430 -0.141823 -0.084116 -0.113251 0.086937 0.062292 -0.043040 0.080075 0.072592 0.073406 -0.031691 0.201547 0.193122 0.050203 0.034046 0.060805 0.256568 0.010078 0.050377 0.137074 -0.161336 -0.131186 -0.078374 -0.152546 -0.307822 -0.088316 -0.302274 -0.278777 0.030536 0.028226 0.062974 0.059602 0.375687 0.093354 0.281666 0.131642 0.502111 0.634121 0.335575 -0.217710 -0.116632 -0.098947 -0.009029 0.106584 -0.360103 -0.027268 -0.027577 -0.319537 -0.156297 0.083131 0.085216 0.073644 0.025031 0.147259 0.121238 -0.114450 0.140142 -0.018246 -0.054657 -0.153209 -0.071973 -0.097313 0.043992 0.098371 -0.040927 0.013994
0.524758 0.168326 0.154879 0.160866 0.105398 0.042257 0.068780 0.075752 0.534827 0.030405 1.000000 0.562309 0.344764 0.316430 0.133186 0.166263 0.479723 0.248977 0.163136 -0.256157 0.165450 0.223686 0.153100 0.065355 -0.009284 -0.192127 0.087065 0.106297 0.432204 0.207760 0.193179 0.159250 0.019540 -0.008999 -0.246957 -0.309437 0.158761 -0.104626 -0.028802 0.250153 -0.034586 0.029589 -0.343064 -0.139430 -0.309154 -0.266063 -0.257235 -0.441802 -0.222738 -0.286819 -0.235716 -0.332418 -0.329535 -0.174161 -0.310041 -0.217814 0.395818 0.211443 0.038445 -0.348211 0.179851 -0.020458 0.251972 0.107978 0.209254 -0.078767 -0.234644 -0.369559 0.023584 -0.218237 0.111489 -0.013056 0.300011 0.338214 0.417116 0.306060 0.307197 -0.185699 0.394836 0.363572 0.278163 0.253160 -0.021740 -0.001972 0.354655 0.134578 -0.076295 -0.062220 0.101296 -0.366922 -0.414907 -0.279842 -0.188226 0.057374 -0.149798 -0.316984 -0.108299 -0.329200 -0.254117 -0.440987 -0.108573 -0.011018 -0.226432 -0.185848 -0.256346 -0.119751 -0.231630 -0.065497 -0.215883 -0.189974 -0.298020 -0.461534 -0.092964 -0.297921 -0.104224 0.193740
0.279250 0.362693 0.345382 0.388432 0.159503 0.071263 0.346125 0.620694 0.376044 -0.119334 0.562309 1.000000 0.503789 0.777816 0.040260 0.222743 0.007408 0.104084 0.088209 -0.166008 0.181433 0.140046 0.220860 0.189494 0.039402 -0.148346 0.094197 0.112080 0.242818 0.031533 0.287806 0.334643 0.051576 0.046693 -0.145313 -0.178570 -0.326474 -0.315019 -0.338843 0.025906 -0.265924 -0.240011 -0.217366 -0.255032 -0.103791 -0.150612 -0.056210 -0.331875 0.041477 -0.007902 -0.063493 0.096535 0.004174 -0.034742 -0.170608 -0.110179 -0.035238 -0.221931 -0.028788 -0.184607 -0.065313 -0.102389 -0.144563 -0.125618 0.128085 0.216500 -0.263891 -0.175234 -0.127313 -0.272268 0.182769 0.255273 0.097584 0.070786 0.153322 0.219014 0.113929 0.042629 0.021299 -0.047248 -0.164728 -0.213761 -0.080456 0.061709 0.040332 0.131921 -0.174439 -0.212928 0.019651 -0.130918 -0.220415 -0.387331 -0.226337 -0.178545 -0.298496 -0.295201 -0.151990 -0.217995 -0.193714 -0.468285 -0.256942 -0.272259 -0.257839 -0.266105 -0.362082 -0.134618 -0.181366 -0.159289 -0.242098 -0.065461 -0.364030 -0.522281 -0.341174 -0.466768 -0.246795 -0.106956
0.241320 0.189941 0.399994 0.135414 0.193993 0.075318 0.670109 0.497168 0.295693 -0.165754 0.344764 0.503789 1.000000 0.636797 0.397468 0.334800 0.273824 0.307932 0.296142 -0.036259 0.402110 0.283797 0.105132 -0.079562 -0.059259 -0.220894 0.181231 0.112358 0.542895 0.176421 0.286556 0.205208 0.167125 0.037670 -0.351920 -0.257625 -0.294479 -0.287778 -0.159244 -0.171833 -0.094766 -0.109991 -0.212935 -0.312945 -0.001549 -0.208994 -0.188188 -0.415272 -0.055746 0.064894 -0.267738 -0.209545 -0.022192 -0.271918 -0.269969 -0.301713 -0.059277 -0.219567 0.133794 -0.171683 0.313389 -0.215136 0.003384 -0.083445 0.195467 -0.184413 -0.243090 -0.140156 -0.340843 -0.133151 0.338953 0.349705 0.488416 0.125402 0.172952 0.192483 0.008689 -0.047159 0.055662 -0.099068 0.116474 -0.140694 -0.049884 0.131275 -0.251725 -0.089280 -0.054262 -0.366248 -0.272346 -0.315966 -0.013995 -0.235073 -0.256828 -0.027398 -0.232728 -0.150650 -0.230474 -0.130946 -0.169997 -0.463584 -0.181215 0.087790 -0.033377 0.008140 -0.225753 0.062428 -0.014239 -0.003935 0.000305 0.048065 -0.369056 -0.255170 -0.372351 -0.379732 0.037010 0.076352
0.139988 0.233473 0.389302 0.400125 0.092651 0.064806 0.296924 0.681376 0.159981 -0.143203 0.316430 0.777816 0.636797 1.000000 0.254967 0.388975 -0.012050 0.183115 0.128645 -0.051868 0.211369 0.140246 0.372618 0.290830 0.076068 -0.069142 0.152821 0.129453 0.204812 0.067342 0.351612 0.362244 0.003629 -0.002339 -0.390448 -0.120087 -0.415399 -0.196560 -0.205916 -0.042188 -0.331895 -0.256166 -0.233849 -0.232306 -0.178955 -0.127971 -0.125740 -0.190419 0.026751 0.002030 -0.116356 0.065858 -0.132104 -0.186692 -0.073497 -0.046087 -0.112767 -0.338751 -0.004887 -0.209627 -0.038803 -0.148600 -0.321941 -0.282758 -0.010260 0.254847 -0.426302 -0.198516 -0.223448 -0.263655 0.243797 0.457300 0.121194 0.070867 0.033665 0.249895 -0.049469 0.025366 -0.047649 -0.195034 -0.261517 -0.375454 -0.045963 -0.064325 -0.165542 -0.075640 -0.118847 -0.164387 0.024908 -0.175429 -0.111025 -0.313298 -0.194918 -0.200401 -0.189436 -0.013155 -0.035359 0.014891 -0.250757 -0.317115 -0.276687 -0.209645 -0.179265 -0.123621 -0.271197 -0.016901 0.020632 -0.144630 0.039172 0.159801 -0.124577 -0.357871 -0.330083 -0.299448 -0.115613 -0.086250
0.066553 -0.100293 0.109246 0.278138 -0.141517 0.060237 0.058574 0.230484 0.173413 0.234989 0.133186 0.040260 0.397468 0.254967 1.000000 0.684385 0.050050 -0.220689 0.261322 0.127099 0.316488 0.282510 0.354408 0.337607 -0.087542 0.040682 0.131003 0.096383 0.252619 0.148349 0.350371 0.299712 -0.220209 -0.045627 -0.379538 -0.104531 -0.140761 -0.053100 0.236875 -0.075195 0.201986 0.074901 -0.502371 -0.218906 -0.350323 -0.322005 -0.416339 -0.206218 -0.136773 -0.230895 -0.226240 -0.241208 -0.253744 -0.258096 -0.173144 -0.213579 -0.218839 -0.311772 -0.035227 -0.141251 -0.179351 -0.209577 -0.269863 -0.388064 -0.070177 0.018020 -0.173865 -0.088348 0.004240 0.113339 0.260746 0.225168 0.169654 -0.112939 -0.075153 0.025757 -0.304719 -0.290217 -0.216334 -0.293259 -0.045058 -0.295566 0.570074 0.033815 0.142795 -0.000721 0.288745 0.215706 0.201128 -0.223742 0.002624 0.037804 0.025305 0.209440 -0.103786 0.181869 -0.032851 0.058656 -0.295948 -0.136462 0.076419 0.311018 0.179767 0.345569 0.066691 0.147072 -0.005318 -0.017852 0.178662 0.032675 0.076647 -0.077514 -0.167114 0.114278 0.193977 0.178243
0.012798 -0.098493 0.119189 0.257174 -0.009561 0.123211 0.066318 0.281298 0.038870 -0.043151 0.166263 0.222743 0.334800 0.388975 0.684385 1.000000 0.113941 -0.027099 0.193665 0.091148 0.281919 0.319070 0.172753 0.257551 0.008206 0.090070 0.250207 0.230281 0.185478 0.133976 0.129006 0.162575 -0.207717 -0.063367 -0.225236 0.010482 -0.048917 -0.059865 0.155506 -0.095074 0.132095 0.088198 -0.379305 -0.141931 -0.368566 -0.235666 -0.336936 -0.130539 -0.268377 -0.264022 -0.229398 -0.280657 -0.313128 -0.347245 -0.197976 -0.140620 -0.075277 -0.218071 -0.201930 -0.342815 -0.043488 -0.276257 -0.210983 -0.393105 0.188729 0.304473 -0.357066 0.012841 -0.011973 0.029298 0.193637 0.186591 0.056206 -0.127340 -0.141456 -0.061450 -0.326910 -0.269217 -0.085092 -0.157562 -0.003200 -0.219190 0.389408 0.144095 0.209796 0.214105 0.113741 0.170217 0.235243 -0.203614 0.003081 -0.002071 0.219104 0.161773 -0.021693 0.187767 -0.095415 0.033052 -0.352235 -0.199058 0.216835 0.164307 0.157740 0.131714 -0.027791 0.087541 -0.059058 -0.051992 0.155521 -0.101517 -0.034069 -0.144514 -0.016209 0.087716 0.119080 0.109632
0.213733 0.104252 -0.209438 -0.265106 0.086585 0.054045 0.007237 -0.357591 0.130646 -0.135241 0.479723 0.007408 0.273824 -0.012050 0.050050 0.113941 1.000000 0.720342 -0.009340 0.040529 0.268629 0.332150 -0.183489 -0.270099 -0.121997 -0.170677 0.109367 0.117829 0.574879 0.431042 0.015233 -0.096772 -0.041941 -0.067716 -0.373055 -0.444792 0.283829 0.121251 0.234002 0.242426 -0.042122 0.101348 -0.124401 0.007792 -0.272456 -0.334621 -0.126916 -0.322768 -0.373202 -0.140595 -0.477858 -0.481173 -0.229694 -0.269130 -0.236309 -0.179091 0.550068 0.554085 0.019088 -0.379523 0.552364 0.008033 0.517507 0.328031 0.095542 -0.328321 -0.297934 -0.452751 -0.041645 -0.102059 0.177107 0.053897 0.541378 0.437729 0.387459 0.254076 0.100590 -0.216638 0.641988 0.505518 0.706419 0.535049 -0.161041 0.095061 0.231504 -0.011123 -0.141795 -0.126435 -0.227976 -0.394510 -0.159207 0.018450 -0.069060 0.102382 0.126570 -0.084789 -0.124821 -0.121615 0.054464 -0.177417 0.110899 0.230542 -0.063119 -0.173983 0.044472 0.127438 0.017981 0.157175 0.118517 0.036901 -0.277514 -0.069025 0.281095 -0.031846 0.161739 0.287111
0.069870 0.229761 -0.207944 -0.347666 0.140436 -0.015715 0.084167 -0.219767 -0.042205 -0.331088 0.248977 0.104084 0.307932 0.183115 -0.220689 -0.027099 0.720342 1.000000 -0.059709 0.007767 0.147918 0.164169 -0.314879 -0.440464 -0.071067 -0.208777 0.055603 0.047210 0.519006 0.498347 -0.054854 -0.134136 0.126948 0.013144 -0.263096 -0.349514 0.192165 0.170070 0.009968 0.160539 -0.200287 0.034243 0.009056 -0.007720 -0.106795 -0.221247 0.014630 -0.227186 -0.242056 0.074723 -0.457210 -0.222859 -0.168274 -0.168988 -0.133476 -0.016233 0.455334 0.419052 0.085327 -0.265098 0.577423 0.232802 0.443781 0.475179 0.080857 -0.094548 -0.314252 -0.408823 -0.081377 -0.203208 0.100258 0.161894 0.557084 0.412280 0.288110 0.252404 0.271125 0.076752 0.654306 0.533193 0.600025 0.574328 -0.394461 0.084901 -0.088451 -0.117461 -0.280367 -0.263358 -0.404816 -0.271659 -0.087784 -0.054424 -0.102849 -0.050132 0.080172 -0.041795 -0.108617 0.082371 0.169470 -0.042087 0.022128 0.043241 -0.051977 -0.264237 0.009756 0.115655 0.100839 0.156170 0.159681 0.127090 -0.264997 0.001943 0.277811 -0.133572 0.057298 0.169060
0.565791 0.027044 0.436209 0.023886 0.200431 0.129092 0.372243 0.224668 0.190289 -0.210991 0.163136 0.088209 0.296142 0.128645 0.261322 0.193665 -0.009340 -0.059709 1.000000 0.168394 0.089260 0.142604 0.073023 -0.052063 0.100134 -0.056026 0.269066 0.223220 0.161699 -0.181829 0.017668 -0.112090 0.230472 0.045114 -0.149855 -0.012228 -0.284918 -0.394288 -0.096522 -0.301794 0.165996 0.023174 -0.319146 -0.194771 -0.008660 -0.020306 -0.317412 -0.128232 0.080767 -0.127537 -0.139549 -0.204905 -0.165998 -0.250627 -0.185669 -0.341994 0.027471 -0.397880 0.265876 0.038863 0.080749 -0.185099 -0.185563 -0.295065 0.106125 0.024732 0.115102 0.196077 -0.049091 0.063301 0.239749 -0.054907 0.069474 -0.182272 0.043512 -0.044047 0.106493 0.002183 -0.150156 -0.484179 -0.087678 -0.318486 -0.022982 0.047050 -0.050830 -0.081170 -0.071016 -0.315993 0.064296 -0.227185 0.103283 0.062549 0.018497 0.205232 -0.178873 -0.047334 -0.097314 -0.042615 -0.316133 -0.236252 -0.016065 0.223221 0.176976 0.271610 0.008775 0.021459 0.045706 -0.114462 0.049884 -0.024008 -0.127641 -0.201960 -0.356206 -0.140844 -0.019012 0.166947
0.028295 0.169774 -0.019839 0.003579 0.228126 0.182196 0.054008 -0.021628 0.049017 -0.050391 -0.256157 -0.166008 -0.036259 -0.051868 0.127099 0.091148 0.040529 0.007767 0.168394 1.000000 0.140510 0.249127 -0.224191 -0.018921 0.022842 0.039219 0.230239 0.152705 -0.103637 -0.196296 -0.313384 -0.356125 -0.090421 0.080973 -0.142849 -0.113928 -0.157395 -0.322641 0.000086 -0.391631 -0.119012 -0.159139 -0.219310 -0.371957 -0.145514 0.105524 -0.446745 0.042415 -0.242196 0.083439 -0.356641 -0.263986 0.165356 -0.156967 -0.344908 -0.409136 -0.219942 -0.051695 -0.058699 0.289736 0.042564 -0.266374 -0.178670 -0.213328 -0.277015 -0.057034 0.135970 0.358840 0.148833 0.685236 0.228722 0.113244 -0.213008 -0.312567 -0.336311 -0.283619 -0.244674 0.131795 -0.178426 -0.271958 0.148270 -0.049316 -0.026616 0.227309 -0.304203 -0.300985 -0.142436 -0.253615 -0.184536 0.050418 0.570251 0.414652 0.356996 0.184280 0.013631 0.119968 -0.539772 0.208279 -0.235403 -0.094997 0.042684 0.174804 0.616067 0.354726 0.359647 0.310754 0.180092 0.172624 0.251696 0.244471 0.035974 0.090758 -0.083452 0.021084 0.123776 0.019036
-0.117856 0.325057 0.299629 0.214689 0.535102 0.597003 0.358780 0.262677 0.188620 -0.461863 0.165450 0.181433 0.402110 0.211369 0.316488 0.281919 0.268629 0.147918 0.089260 0.140510 1.000000 0.758226 0.147737 -0.005001 0.449513 0.413666 0.663603 0.676098 0.195293 0.034686 0.203133 0.123855 0.147785 0.066481 -0.190404 0.038161 -0.177306 -0.290429 -0.180377 -0.084262 0.081255 0.290058 -0.206012 -0.053206 -0.201875 -0.138438 -0.130028 -0.030321 -0.166981 -0.033497 -0.106803 -0.110708 -0.042805 -0.039612 -0.511037 -0.291930 -0.070852 -0.170698 -0.303916 -0.214445 -0.124021 -0.365208 -0.267347 -0.226315 -0.031233 -0.151824 -0.253003 -0.032418 0.043094 -0.063177 0.493938 0.441415 0.235018 0.275831 0.379696 0.237314 0.055809 0.040816 -0.058801 -0.056881 0.021806 -0.143674 0.024435 0.017129 -0.120466 -0.155873 -0.286676 -0.431940 -0.309150 -0.173056 -0.089711 -0.059660 -0.167180 -0.067171 0.155721 -0.114342 -0.117648 0.031311 -0.047484 -0.463855 -0.131339 0.063185 -0.076222 0.033526 -0.118253 0.242760 -0.318544 0.016609 -0.076776 0.048171 0.001901 -0.148624 -0.271219 -0.215233 0.074924 -0.068819
0.002851 0.238382 0.303723 0.312080 0.420745 0.518796 0.194848 0.220891 0.227283 -0.354152 0.223686 0.140046 0.283797 0.140246 0.282510 0.319070 0.332150 0.164169 0.142604 0.249127 0.758226 1.000000 0.148203 0.184521 0.315687 0.315341 0.573762 0.594942 0.135815 0.022615 0.074372 0.069047 -0.001800 0.011908 -0.273516 -0.047091 -0.105031 -0.282584 0.029277 -0.143660 0.147720 0.211381 -0.337952 -0.137492 -0.230250 -0.041697 -0.251158 0.015181 -0.271473 -0.063854 -0.236578 -0.296775 -0.222241 -0.213264 -0.510260 -0.289532 -0.058245 -0.006582 -0.323589 -0.209772 -0.082946 -0.444154 -0.255840 -0.311363 -0.136401 -0.117635 -0.351430 0.074021 -0.111342 0.074415 0.485248 0.363793 0.067028 0.129831 0.155727 0.003880 -0.107034 -0.026260 0.088387 0.027994 0.135088 -0.048011 0.089455 0.034283 -0.099625 -0.174365 -0.164042 -0.321998 -0.088574 -0.229983 0.064465 -0.005186 0.023048 0.071280 0.054307 -0.208397 -0.259719 -0.116052 -0.145992 -0.540748 -0.044481 0.017466 0.044703 0.029564 -0.078226 0.179186 -0.145596 0.000874 -0.031353 -0.006393 0.043269 -0.269933 -0.277373 -0.208505 -0.005500 -0.115448
0.000523 -0.048012 0.572513 0.681458 -0.172955 0.001139 -0.056184 0.414706 0.082120 0.121113 0.153100 0.220860 0.105132 0.372618 0.354408 0.172753 -0.183489 -0.314879 0.073023 -0.224191 0.147737 0.148203 1.000000 0.822524 0.279668 0.307475 0.107472 0.101991 -0.127425 -0.146025 0.723432 0.718909 -0.182761 -0.054811 -0.221271 0.217501 -0.218297 -0.049489 -0.040009 0.042713 0.016464 -0.050681 -0.177115 0.131521 -0.305108 -0.092274 -0.137392 0.068161 -0.045519 -0.353678 0.287847 -0.020589 -0.412355 -0.218194 -0.085282 -0.036754 -0.073178 -0.110731 -0.331828 -0.459485 -0.438607 -0.293388 -0.378998 -0.487221 -0.142541 0.015746 -0.469031 -0.147024 -0.182115 -0.370489 0.320513 0.367391 -0.173226 0.066135 -0.038912 0.152993 -0.204182 -0.199856 -0.087418 -0.065806 -0.403016 -0.366704 0.392065 -0.138909 0.263940 0.146515 0.315280 0.352421 0.586265 -0.270014 -0.457045 -0.564652 -0.373801 -0.388391 -0.026500 -0.032305 0.237083 -0.154034 -0.454300 -0.314542 -0.354259 -0.363880 -0.492893 -0.235153 -0.401599 -0.195782 0.010513 -0.142818 -0.014573 0.046592 0.400839 -0.302995 -0.411890 -0.023578 -0.272067 -0.164894
-0.073008 -0.148689 0.430306 0.842573 -0.270211 -0.030918 -0.167525 0.471580 0.150952 0.354467 0.065355 0.189494 -0.079562 0.290830 0.337607 0.257551 -0.270099 -0.440464 -0.052063 -0.018921 -0.005001 0.184521 0.822524 1.000000 0.099913 0.248519 -0.041240 -0.014574 -0.274278 -0.181014 0.516412 0.610692 -0.357408 -0.112270 -0.172035 0.195923 -0.168546 -0.026807 -0.033445 -0.000962 0.059144 -0.173823 -0.255781 -0.004107 -0.319802 0.010808 -0.222441 0.105610 -0.119482 -0.317901 0.195030 -0.039617 -0.359193 -0.204110 -0.140140 -0.040497 -0.217862 -0.118696 -0.434885 -0.375862 -0.474452 -0.319570 -0.379602 -0.521761 -0.136537 0.216682 -0.433232 0.067238 -0.232569 -0.163505 0.216800 0.307141 -0.363538 -0.099627 -0.241707 0.019261 -0.399433 -0.195873 -0.140306 -0.120724 -0.376663 -0.359957 0.380143 -0.090707 0.205988 0.166917 0.346199 0.456665 0.617325 -0.181883 -0.272650 -0.431707 -0.084715 -0.240475 -0.080855 0.010657 0.068647 -0.219961 -0.525788 -0.292955 -0.214693 -0.368283 -0.297840 -0.172881 -0.309994 -0.213655 0.050041 -0.228694 0.048350 0.036002 0.340822 -0.301756 -0.306251 0.037114 -0.300664 -0.177621
-0.174254 0.166397 0.404528 0.194141 0.763641 0.823317 -0.025949 0.027878 0.113270 -0.595957 -0.009284 0.039402 -0.059259 0.076068 -0.087542 0.008206 -0.121997 -0.071067 0.100134 0.022842 0.449513 0.315687 0.279668 0.099913 1.000000 0.865143 0.835425 0.847628 -0.419244 -0.541053 -0.149819 -0.162354 -0.062034 -0.221144 0.262224 0.608991 -0.313119 -0.388806 -0.346839 -0.067132 -0.058232 0.142488 0.237240 0.220902 -0.084774 0.156226 -0.002029 0.497148 0.262828 -0.048466 0.474449 0.310627 0.177048 0.372299 -0.133290 -0.195759 -0.257301 -0.211356 -0.282158 -0.107090 -0.409892 -0.376550 -0.428595 -0.310066 -0.081650 0.105600 -0.255036 0.174915 0.058592 -0.040239 0.140043 0.093514 -0.351222 0.005473 0.159963 -0.006628 0.196030 0.238452 -0.317025 -0.137419 -0.435972 -0.339657 -0.242141 -0.342926 -0.190907 -0.235075 -0.446826 -0.396263 -0.049182 0.217337 0.102083 0.030318 0.052089 -0.229346 0.310882 -0.031717 0.057192 0.247333 -0.149520 -0.284269 -0.247696 -0.315916 -0.139724 -0.149586 -0.193533 0.069867 -0.329990 -0.006545 -0.121950 0.123498 0.416195 -0.091334 -0.320046 -0.093786 -0.132305 -0.159052
-0.374666 0.033893 0.265389 0.240700 0.554478 0.736355 -0.119711 -0.005329 -0.074492 -0.373821 -0.192127 -0.148346 -0.220894 -0.069142 0.040682 0.090070 -0.170677 -0.208777 -0.056026 0.039219 0.413666 0.315341 0.307475 0.248519 0.865143 1.000000 0.720128 0.750798 -0.457994 -0.490378 -0.050225 -0.009445 -0.188641 -0.189084 0.263692 0.645403 -0.194333 -0.322728 -0.236870 -0.076921 0.050440 0.167581 0.277339 0.302847 -0.146384 0.120116 0.049334 0.603875 0.189304 -0.069690 0.461154 0.332328 0.169889 0.374424 -0.119422 -0.106703 -0.335353 -0.228698 -0.453979 -0.136509 -0.581930 -0.420713 -0.438663 -0.371529 -0.144091 0.062726 -0.258931 0.196153 0.083439 -0.001113 0.130423 0.094848 -0.402302 -0.061165 0.053737 -0.111981 0.027099 0.166818 -0.338393 -0.170970 -0.375357 -0.326802 0.022392 -0.258728 -0.065641 -0.149161 -0.211942 -0.142725 0.008730 0.210330 0.138779 0.046706 0.063912 -0.297616 0.287337 0.006708 0.100239 0.260139 -0.080696 -0.186820 -0.189095 -0.346280 -0.130680 -0.137692 -0.089931 0.116876 -0.253802 -0.037076 -0.136247 0.070559 0.527137 -0.041681 -0.282243 0.028677 -0.120334 -0.247462
-0.047534 0.221037 0.387943 0.120239 0.864396 0.908908 0.159175 0.099786 0.123455 -0.701888 0.087065 0.094197 0.181231 0.152821 0.131003 0.250207 0.109367 0.055603 0.269066 0.230239 0.663603 0.573762 0.107472 -0.041240 0.835425 0.720128 1.000000 0.975940 -0.223161 -0.444718 -0.244949 -0.279961 -0.017179 -0.195899 0.000220 0.335730 -0.345249 -0.523450 -0.199507 -0.141254 -0.021459 0.202117 0.031695 0.130715 -0.100578 0.170284 -0.118756 0.299800 0.116869 0.055752 0.132819 0.076932 0.071811 0.162936 -0.305543 -0.298475 -0.191772 -0.244191 -0.230397 -0.082691 -0.230623 -0.557074 -0.406442 -0.415267 -0.127768 -0.003142 -0.290083 0.184269 -0.004426 0.104897 0.251630 0.108319 -0.172742 -0.040449 0.188662 -0.075729 0.069845 0.115433 -0.239937 -0.215802 -0.225738 -0.324032 -0.186191 -0.254233 -0.261471 -0.337935 -0.454791 -0.536265 -0.187581 0.081823 0.261189 0.205306 0.189262 -0.003694 0.288398 -0.009019 -0.103269 0.292188 -0.132391 -0.404086 -0.102417 -0.109596 0.117915 0.039398 -0.024102 0.266772 -0.239269 0.068742 -0.013342 0.143469 0.238999 -0.103501 -0.329904 -0.174254 -0.015664 -0.095243
-0.104951 0.242034 0.347423 0.149648 0.858680 0.937007 0.115052 0.092704 0.124107 -0.715056 0.106297 0.112080 0.112358 0.129453 0.096383 0.230281 0.117829 0.047210 0.223220 0.152705 0.676098 0.594942 0.101991 -0.014574 0.847628 0.750798 0.975940 1.000000 -0.245812 -0.434389 -0.237689 -0.256200 -0.024401 -0.184628 0.017704 0.345874 -0.318950 -0.479444 -0.220918 -0.098853 0.017926 0.240411 0.027188 0.139299 -0.111749 0.151053 -0.053791 0.332767 0.140744 0.043964 0.179647 0.138614 0.075591 0.227790 -0.291406 -0.252685 -0.208041 -0.242355 -0.281888 -0.099194 -0.295959 -0.497821 -0.423050 -0.379829 -0.100283 0.051854 -0.300355 0.170428 0.016409 0.037685 0.250206 0.106056 -0.175222 0.026281 0.255475 0.007646 0.103925 0.126359 -0.236495 -0.190213 -0.256095 -0.319938 -0.206645 -0.293666 -0.210334 -0.298455 -0.477455 -0.521880 -0.182407 0.123278 0.200243 0.188318 0.184532 -0.013318 0.316186 -0.029349 -0.046212 0.263820 -0.069932 -0.374564 -0.094475 -0.109205 0.055156 -0.006748 -0.058704 0.239908 -0.289664 0.009048 -0.051638 0.138488 0.241324 -0.097994 -0.276173 -0.161944 -0.039400 -0.104013
0.372580 0.180884 -0.090318 -0.265889 -0.192269 -0.328832 0.299851 -0.076274 0.100715 0.007788 0.432204 0.242818 0.542895 0.204812 0.252619 0.185478 0.574879 0.519006 0.161699 -0.103637 0.195293 0.135815 -0.127425 -0.274278 -0.419244 -0.457994 -0.223161 -0.245812 1.000000 0.760711 0.398959 0.314132 0.346747 0.381267 -0.327219 -0.486183 0.298126 0.131619 0.131532 -0.016054 0.111721 0.112625 -0.245918 -0.207430 -0.284866 -0.543197 -0.143485 -0.592209 -0.370263 -0.207554 -0.535239 -0.453616 -0.201950 -0.417005 -0.222993 -0.212691 0.460081 0.171589 0.236715 -0.291512 0.491342 0.217851 0.438373 0.371701 0.192359 -0.374424 -0.088862 -0.536650 -0.043039 -0.240005 0.267349 0.307085 0.853779 0.393095 0.379590 0.341990 0.261662 -0.025694 0.521279 0.301913 0.684435 0.489270 0.132830 0.391900 0.278587 0.180076 0.113886 -0.058902 -0.270986 -0.518181 -0.320501 -0.253660 -0.388016 -0.058434 -0.222939 -0.088263 -0.137332 -0.170107 0.025661 -0.129048 -0.015840 0.191206 -0.164033 -0.170989 -0.146341 -0.112464 0.096755 -0.055178 0.042757 -0.072970 -0.430787 -0.137823 0.116883 -0.112273 0.187800 0.240828
0.080121 0.071757 -0.343281 -0.239836 -0.442291 -0.508352 0.007230 -0.132833 -0.102610 0.169636 0.207760 0.031533 0.176421 0.067342 0.148349 0.133976 0.431042 0.498347 -0.181829 -0.196296 0.034686 0.022615 -0.146025 -0.181014 -0.541053 -0.490378 -0.444718 -0.434389 0.760711 1.000000 0.348079 0.313236 0.237910 0.361075 -0.286151 -0.448946 0.525680 0.570508 0.308972 0.235670 0.167923 0.284272 -0.294236 -0.124267 -0.298441 -0.502683 -0.034755 -0.506438 -0.436138 -0.179167 -0.547280 -0.373380 -0.344291 -0.403430 -0.064640 0.089522 0.486374 0.329466 0.113242 -0.253755 0.421794 0.432607 0.460743 0.535878 0.118289 -0.171657 -0.121178 -0.594335 0.016604 -0.325158 0.122634 0.287999 0.773318 0.537139 0.329830 0.456700 0.223556 0.040370 0.573648 0.457301 0.651596 0.632676 0.147509 0.270161 0.292832 0.180117 0.148809 0.227439 -0.182843 -0.420726 -0.404785 -0.235429 -0.288137 -0.052049 -0.088832 0.154271 0.105527 0.002753 0.172528 0.161829 0.080691 0.137559 -0.193179 -0.229346 -0.116323 -0.203856 0.127783 -0.078161 0.255103 0.034220 -0.214556 0.112048 0.396022 0.116763 0.222831 0.230926
0.035196 0.156841 0.292331 0.445279 -0.446480 -0.371507 0.182548 0.355313 -0.011416 0.235260 0.193179 0.287806 0.286556 0.351612 0.350371 0.129006 0.015233 -0.054854 0.017668 -0.313384 0.203133 0.074372 0.723432 0.516412 -0.149819 -0.050225 -0.244949 -0.237689 0.398959 0.348079 1.000000 0.941564 0.068539 0.263145 -0.332339 -0.134584 0.008903 0.133063 -0.017301 0.067788 0.106516 0.044343 -0.266955 -0.044758 -0.343543 -0.461614 -0.064762 -0.265794 -0.252981 -0.397101 -0.055531 -0.178781 -0.362110 -0.344323 -0.115044 -0.011973 0.119952 -0.009886 -0.190538 -0.433103 -0.199541 0.037089 -0.043349 -0.089715 -0.008312 -0.244054 -0.299330 -0.421296 -0.100980 -0.500040 0.450037 0.502938 0.314114 0.310301 0.161582 0.366060 -0.011307 -0.121274 0.122875 0.077081 -0.005587 -0.032700 0.525214 0.253141 0.433566 0.377667 0.466685 0.366317 0.314592 -0.414241 -0.631679 -0.697603 -0.646321 -0.459186 -0.209038 -0.134206 0.210077 -0.314503 -0.185896 -0.240114 -0.323848 -0.185225 -0.558127 -0.283836 -0.362903 -0.201004 0.087785 -0.175697 -0.091887 -0.093690 -0.019798 -0.292445 -0.258329 -0.096545 -0.140142 -0.057737
-0.017920 0.086106 0.280795 0.522144 -0.475654 -0.374069 0.111424 0.414740 -0.069874 0.268675 0.159250 0.334643 0.205208 0.362244 0.299712 0.162575 -0.096772 -0.134136 -0.112090 -0.356125 0.123855 0.069047 0.718909 0.610692 -0.162354 -0.009445 -0.279961 -0.256200 0.314132 0.313236 0.941564 1.000000 0.049539 0.308065 -0.260719 -0.045954 0.015137 0.111286 -0.036745 0.061107 0.070721 -0.019578 -0.214201 -0.008314 -0.348184 -0.385487 -0.040305 -0.231689 -0.254404 -0.380453 0.040354 -0.113779 -0.328323 -0.266675 -0.081309 0.034790 0.066446 -0.060673 -0.248744 -0.451612 -0.269105 0.023410 -0.077555 -0.107106 0.000206 -0.152353 -0.331662 -0.378499 -0.155319 -0.515734 0.362272 0.476584 0.209973 0.215721 0.076074 0.272796 -0.074613 -0.126084 0.134691 0.110807 -0.065669 -0.047674 0.540811 0.214083 0.434676 0.414802 0.512115 0.451176 0.384339 -0.312741 -0.608453 -0.700921 -0.570137 -0.492102 -0.247753 -0.172225 0.179026 -0.351442 -0.180559 -0.236005 -0.289969 -0.308414 -0.579106 -0.370108 -0.401278 -0.251678 0.073483 -0.217295 -0.171817 -0.161891 0.010637 -0.344568 -0.252081 -0.073048 -0.165889 -0.109860
0.187906 0.222530 0.041290 -0.255978 0.066536 -0.133520 0.263021 0.001981 -0.200468 -0.302639 0.019540 0.051576 0.167125 0.003629 -0.220209 -0.207717 -0.041941 0.126948 0.230472 -0.090421 0.147785 -0.001800 -0.182761 -0.357408 -0.062034 -0.188641 -0.017179 -0.024401 0.346747 0.237910 0.068539 0.049539 1.000000 0.735431 0.054490 -0.119554 0.147557 -0.116775 -0.159223 -0.210718 0.013776 0.198519 -0.002281 -0.021634 0.080314 -0.097781 0.074125 -0.159690 -0.007254 0.028276 0.024599 -0.033807 0.041472 -0.108831 -0.099371 -0.071427 0.228650 -0.202403 0.247184 0.125589 0.230699 0.158382 0.063788 0.212244 0.146573 -0.154486 0.383643 -0.095641 0.247469 -0.190108 0.032062 0.063058 0.427841 0.245503 0.406411 0.194395 0.422958 0.093490 0.161365 0.012533 0.135354 0.175001 -0.190733 0.009312 -0.092329 0.096867 -0.203022 -0.381047 -0.321160 -0.078781 -0.182993 -0.187121 -0.337372 -0.209028 -0.065593 -0.092971 0.041414 -0.117231 0.133126 -0.065974 -0.141908 -0.021099 -0.196394 -0.155034 -0.104451 -0.097992 -0.081664 -0.043313 -0.162075 -0.197245 -0.201183 -0.065048 -0.050365 -0.135662 0.189081 0.094205
0.071458 0.330596 -0.031301 -0.076272 -0.215076 -0.333388 0.112138 0.049820 -0.313255 -0.074612 -0.008999 0.046693 0.037670 -0.002339 -0.045627 -0.063367 -0.067716 0.013144 0.045114 0.080973 0.066481 0.011908 -0.054811 -0.112270 -0.221144 -0.189084 -0.195899 -0.184628 0.381267 0.361075 0.263145 0.308065 0.735431 1.000000 0.026943 -0.067860 0.199802 -0.008524 -0.160366 -0.359644 0.031419 0.176149 -0.131114 -0.176559 -0.232743 -0.239558 -0.086414 -0.127481 -0.318422 -0.232237 -0.080368 -0.222425 0.028765 -0.211201 -0.244282 -0.210755 0.102401 -0.012833 -0.018607 0.095371 0.057889 0.204798 0.016279 0.222838 0.098470 -0.186120 0.318881 -0.067722 0.391937 -0.013388 0.197344 0.234781 0.333728 0.236110 0.202951 0.150646 0.319572 0.202158 0.107830 0.147724 0.199178 0.251147 0.181391 0.240021 0.172139 0.235816 0.083166 -0.096211 -0.104778 -0.124160 -0.135036 -0.222978 -0.212391 -0.289559 -0.284649 -0.168606 -0.135979 -0.180552 0.048837 -0.053615 -0.037996 -0.053091 -0.061807 -0.182755 -0.155545 -0.276242 0.022591 -0.271082 -0.251043 -0.229245 -0.073747 -0.056414 -0.047107 -0.059660 0.075951 -0.009041
-0.187964 -0.229511 -0.000734 -0.140726 0.143543 0.099473 -0.018033 -0.158835 0.043510 0.030803 -0.246957 -0.145313 -0.351920 -0.390448 -0.379538 -0.225236 -0.373055 -0.263096 -0.149855 -0.142849 -0.190404 -0.273516 -0.221271 -0.172035 0.262224 0.263692 0.000220 0.017704 -0.327219 -0.286151 -0.332339 -0.260719 0.054490 0.026943 1.000000 0.642628 0.104918 -0.144134 -0.319613 -0.151658 0.079263 -0.023048 0.397939 0.043846 0.246511 0.216647 0.200958 0.294883 0.236394 0.021100 0.525918 0.264525 0.406537 0.350582 -0.009752 -0.020584 -0.233881 -0.044041 -0.141377 0.194717 -0.194145 0.014799 0.050822 0.109179 0.379930 0.182758 0.441440 0.468336 0.219968 0.168679 -0.274524 -0.347089 -0.321030 -0.164621 -0.043838 -0.258313 0.248745 0.264297 -0.248047 0.012969 -0.141387 0.039269 -0.105536 0.086774 0.085348 0.113019 -0.166778 -0.004768 0.093312 0.242635 0.102117 0.039295 0.030844 -0.160202 -0.151290 -0.267295 -0.117111 -0.113780 -0.002725 -0.050630 -0.101537 -0.266737 -0.112213 -0.136171 -0.187630 -0.232269 -0.424210 -0.125983 -0.439740 -0.284001 0.136660 -0.047061 -0.135594 -0.240967 -0.279250 -0.333021
-0.286864 -0.314987 0.290685 0.109510 0.251768 0.381315 -0.111783 0.049386 -0.075204 -0.106094 -0.309437 -0.178570 -0.257625 -0.120087 -0.104531 0.010482 -0.444792 -0.349514 -0.012228 -0.113928 0.038161 -0.047091 0.217501 0.195923 0.608991 0.645403 0.335730 0.345874 -0.486183 -0.448946 -0.134584 -0.045954 -0.119554 -0.067860 0.642628 1.000000 -0.132456 -0.149148 -0.252123 -0.132435 0.084751 -0.014692 0.386642 0.235013 0.045809 0.277201 0.116973 0.536903 0.243248 -0.100783 0.582900 0.296891 0.248348 0.326754 0.018585 -0.026067 -0.426618 -0.253817 -0.321664 -0.099193 -0.493823 -0.184928 -0.378255 -0.279868 0.100992 0.235446 0.012787 0.405115 0.062217 0.080870 -0.053849 -0.079935 -0.480183 -0.279356 -0.221397 -0.256535 -0.005654 0.199537 -0.410466 -0.170524 -0.439330 -0.323371 0.024568 -0.165330 -0.022287 -0.080599 -0.159704 0.009684 0.225394 0.175030 0.136258 0.036677 0.172573 -0.129897 -0.030877 -0.108947 -0.031879 0.061546 -0.155219 -0.073654 -0.033923 -0.284885 -0.102602 -0.075279 -0.235272 -0.217239 -0.270035 -0.252967 -0.297419 -0.126767 0.521805 -0.013779 -0.229704 -0.031118 -0.344842 -0.397038
