1.000000 0.561340 -0.138585 0.059402 -0.069808 -0.071822 -0.112337 -0.089138 -0.104641 -0.136738 0.053098 0.023412 -0.082643 -0.108417 -0.007717 -0.141163 0.504168 0.415429 0.350171 0.522744 -0.015804 -0.160170 -0.094614 -0.193407 -0.168350 -0.421667 0.105834 0.118330 -0.017553 0.064577 -0.178546 -0.378446 0.303041 -0.114533 -0.356846 -0.349115 -0.129871 0.159015 -0.159261 -0.053998 -0.450898 -0.155407 -0.158151 -0.233307 -0.182627 -0.510804 -0.093703 -0.156607 -0.012833 0.027952 0.091233 0.232514 0.218296 0.386702 0.113463 0.078786 0.526991 0.382230 0.152801 0.018164 0.192205 -0.006344 0.253313 0.284018 -0.407756 -0.508368 -0.234265 -0.523088 0.156995 -0.062530 0.003259 -0.033786 0.130376 0.111550 0.093247 0.182793 0.109233 0.090542 -0.177893 0.127201 0.110297 0.075808 -0.000984 -0.138972 -0.009219 -0.061418 0.069913 -0.042279 -0.042104 0.328200 0.319624 0.240556 -0.088047 -0.127965 -0.136657 0.077581 -0.308770 -0.191377 0.331994 0.155087 0.017753 -0.145818 0.030111 -0.072222 -0.032701 -0.063550 -0.178570 0.128387 -0.244587 0.004005 -0.334802 0.063116 0.234297 0.086104 -0.092050 -0.025588
0.561340 1.000000 -0.473123 -0.156950 -0.406490 -0.322504 -0.431623 -0.213182 -0.382792 -0.490454 -0.117521 0.045776 0.001748 -0.053781 -0.003364 -0.267923 0.404945 0.451449 0.247043 0.555058 0.046813 0.076631 -0.393846 -0.520485 -0.410719 -0.594105 -0.049827 -0.080684 -0.022714 -0.066518 -0.335548 -0.535531 0.538362 0.094457 -0.492085 -0.513151 -0.158665 0.006944 -0.163312 0.031466 -0.213719 -0.183978 -0.117925 -0.164556 -0.197706 -0.459200 0.066843 0.040843 -0.082468 0.151780 0.141637 0.309217 0.431215 0.539665 0.208531 0.260760 0.693119 0.724265 0.181001 0.438827 0.176074 0.299755 0.210175 0.494938 -0.696894 -0.591476 -0.043192 -0.550289 0.643689 0.379824 -0.216018 -0.249630 0.062292 -0.000893 -0.013587 -0.017275 -0.106921 -0.030792 0.015146 0.179453 0.203677 0.094464 0.004093 -0.067084 -0.264551 -0.025744 0.095556 -0.281436 -0.376182 0.319986 0.430709 0.214703 -0.305936 -0.420548 -0.230050 0.125765 -0.093316 0.037985 0.588061 0.310149 0.169299 -0.115571 0.261204 0.185424 0.221773 0.148861 -0.112093 0.142144 -0.271756 -0.127960 -0.322098 0.180919 0.383092 0.001816 0.150431 0.060171
-0.138585 -0.473123 1.000000 0.171146 0.509833 0.405000 0.623525 0.233925 0.393007 0.412291 -0.004227 -0.101210 0.031570 -0.007532 -0.046977 0.049709 -0.521600 -0.514260 0.201766 -0.421486 -0.202988 -0.198276 0.425580 0.324850 0.459781 0.635362 0.156709 0.378183 -0.276077 -0.230678 0.418460 0.399301 -0.076234 -0.063714 0.299503 0.380855 -0.356722 -0.261949 0.322203 0.010866 -0.227216 -0.212822 -0.291903 -0.126317 -0.126787 0.150395 -0.263348 -0.304989 0.039006 -0.390091 0.056921 -0.247872 -0.082108 -0.311043 0.251233 0.014686 -0.501256 -0.545242 0.177138 -0.094031 0.076904 -0.099620 -0.118500 -0.433917 0.397297 0.382370 0.173112 0.405206 -0.412723 -0.254682 0.029384 0.105573 -0.312933 -0.252979 -0.299536 -0.078066 -0.247352 -0.214336 -0.178097 -0.322628 -0.384246 -0.319635 -0.149796 -0.114825 -0.020859 -0.195967 -0.068021 0.229792 0.441652 0.157071 -0.268142 -0.144857 0.038224 0.293536 0.217159 0.042579 0.293875 -0.000304 -0.329397 -0.226314 -0.163616 0.215934 -0.114453 0.045515 -0.006091 0.147697 0.081284 -0.181076 0.220053 -0.098069 0.400528 -0.169561 -0.349640 0.252779 0.151552 0.046985
0.059402 -0.156950 0.171146 1.000000 0.189147 0.089104 0.201519 0.352083 -0.018301 0.185377 0.070041 0.138980 -0.261696 -0.046930 -0.076644 0.539733 -0.120289 -0.164624 0.389291 0.042539 -0.038952 -0.058089 0.549758 0.637866 0.104443 0.307141 -0.180841 0.068963 -0.160769 0.055628 0.496957 0.473079 -0.172245 -0.259227 -0.172036 -0.174226 -0.276035 -0.018188 0.224447 0.077924 -0.099689 0.117551 0.028519 -0.079431 0.087677 -0.076745 -0.049556 -0.140612 -0.086249 0.046383 -0.050009 0.088407 -0.264861 0.064464 -0.245357 -0.074866 -0.107139 -0.390103 -0.325981 -0.289405 -0.474290 -0.353585 -0.402653 -0.354912 0.069881 0.089748 -0.404233 -0.023413 -0.333401 -0.329199 0.256540 0.236829 -0.095928 0.175440 0.070474 0.242038 -0.020845 -0.051263 -0.218130 -0.291567 -0.154741 -0.416884 0.326819 0.361548 0.175131 0.047692 0.166868 0.445840 0.293216 0.112028 0.049960 -0.091203 0.362158 0.177450 0.089397 -0.043405 -0.166386 -0.213174 -0.232378 -0.169299 -0.186706 -0.098752 -0.416036 -0.359902 -0.158935 -0.130613 0.177638 -0.042910 0.036864 -0.059463 -0.244267 -0.163480 -0.207284 -0.070205 -0.062536 0.025347
-0.069808 -0.406490 0.509833 0.189147 1.000000 0.797841 0.362556 0.138563 0.560106 0.657587 -0.212178 -0.042300 -0.073627 0.019443 -0.091713 0.163292 -0.212354 -0.094423 -0.001629 -0.273972 -0.271227 -0.335333 0.201999 0.374139 0.622644 0.361492 0.388585 0.001319 -0.056769 0.138492 0.291776 0.324974 -0.158615 -0.162534 0.057118 0.028522 -0.057108 0.006737 -0.117550 -0.238309 -0.128985 -0.036051 -0.153092 -0.163121 -0.052773 0.078241 -0.115183 -0.246665 0.369947 -0.206034 0.047830 0.069001 0.054004 -0.169678 -0.128002 -0.157687 -0.430593 -0.440981 -0.049456 -0.053869 -0.017493 -0.048722 0.017561 -0.174124 0.329344 0.158578 0.080768 0.107282 -0.412331 -0.260950 0.083814 0.111990 0.123021 0.120406 0.128564 0.114276 0.175946 0.164573 -0.037729 -0.076708 -0.093351 -0.105715 -0.059912 -0.116711 -0.125244 -0.221820 0.171292 0.250353 -0.012762 -0.243228 0.068955 -0.023344 0.038669 0.105377 -0.139685 -0.120048 -0.172087 -0.194474 -0.128342 -0.172727 -0.236637 -0.054284 -0.106203 -0.140065 -0.101447 -0.128229 0.027207 -0.064826 -0.033537 -0.072517 0.051396 -0.228338 -0.253941 -0.024916 -0.191296 -0.144641
-0.071822 -0.322504 0.405000 0.089104 0.797841 1.000000 0.170748 0.022526 0.492019 0.671110 -0.222884 -0.082463 -0.065534 0.022121 0.007240 0.201719 -0.257501 -0.129189 -0.051653 -0.298423 -0.219103 -0.192998 0.184435 0.327096 0.639069 0.368100 0.453205 0.117349 -0.091090 0.117399 0.188929 0.161180 -0.283202 -0.304395 0.001456 0.051566 -0.016503 0.041628 -0.030178 -0.213412 -0.049165 0.008778 -0.042460 -0.028851 -0.010482 0.231395 -0.018846 -0.142815 0.434709 -0.044873 0.123596 0.170014 0.112435 -0.049586 0.004117 -0.102228 -0.365977 -0.364162 -0.016771 0.006807 -0.042739 -0.055753 -0.117315 -0.230019 0.186289 0.146060 0.028408 0.121189 -0.337999 -0.263015 0.081431 0.073828 -0.009908 0.108974 0.032932 0.075604 0.076560 0.117035 0.044009 -0.031680 -0.201062 -0.189146 -0.042956 -0.109915 -0.182068 -0.235745 0.126355 0.311458 0.027192 -0.142502 0.048494 -0.018535 -0.010336 0.093654 -0.187757 -0.124826 -0.089128 -0.062569 -0.050994 -0.143409 -0.216954 -0.073872 -0.083103 -0.164507 -0.025180 -0.071850 0.027348 -0.111045 0.032201 -0.087499 0.104261 -0.223786 -0.190914 -0.101618 -0.161909 -0.174334
-0.112337 -0.431623 0.623525 0.201519 0.362556 0.170748 1.000000 0.647538 0.362042 0.323609 -0.032019 0.116157 0.338672 0.375888 -0.211982 0.088427 -0.111368 -0.132778 0.138685 -0.518560 0.225070 -0.080951 0.056048 0.046041 0.127157 0.302236 0.049703 -0.117411 -0.021474 0.148759 0.355292 0.366711 0.026816 0.113620 0.145811 0.251603 -0.162548 0.012338 0.062818 -0.116220 -0.160950 0.057879 -0.112569 -0.323180 0.065195 0.209178 -0.296809 -0.419134 0.095103 -0.229183 -0.078072 -0.100117 -0.060062 -0.157757 -0.057453 -0.138937 -0.312832 -0.446499 0.051846 0.013921 0.077947 0.054563 0.089784 -0.168388 0.274943 0.187148 0.161769 0.234673 -0.486700 -0.326497 0.397914 0.381192 0.201175 0.139460 0.095410 0.273921 0.045091 -0.000204 -0.275879 -0.261597 -0.201495 -0.191681 -0.263265 -0.269270 -0.237575 -0.293676 -0.140338 -0.001765 0.204153 -0.007365 -0.319120 -0.258583 -0.066520 0.007465 0.011682 0.098839 0.008803 -0.193217 -0.296958 -0.354984 -0.206981 -0.121355 -0.359008 -0.176566 -0.265160 -0.122295 0.108752 -0.256334 0.073864 0.121713 0.046551 -0.316525 -0.413224 0.070118 0.161459 -0.175077
-0.089138 -0.213182 0.233925 0.352083 0.138563 0.022526 0.647538 1.000000 0.338415 0.437327 0.081524 0.455175 0.479517 0.706857 0.027576 0.434786 -0.017820 0.057554 0.141803 -0.479696 0.493249 0.229057 -0.224866 -0.070899 -0.246274 0.127005 -0.191419 -0.140760 0.054015 0.264738 0.164239 0.227661 -0.120539 -0.014576 -0.159731 0.079235 -0.089915 0.190842 -0.057868 0.027594 -0.072897 0.283840 -0.089766 -0.497224 0.098721 0.139249 -0.319969 -0.550169 0.241470 0.009624 -0.056073 0.158497 0.010488 0.000099 -0.146251 -0.190077 -0.220421 -0.465592 -0.047424 0.101686 -0.195801 0.214072 -0.039471 -0.104330 0.048611 0.287965 -0.092185 0.045229 -0.447733 -0.339119 0.576450 0.664005 0.293730 0.469919 0.361287 0.540136 0.164417 0.170638 -0.205076 -0.289655 -0.056310 -0.217106 -0.275928 -0.330385 -0.291003 -0.267880 -0.256187 -0.179680 -0.049274 0.038655 -0.138090 -0.307035 0.137136 -0.157486 -0.148476 0.159534 -0.166357 -0.256307 -0.213018 -0.461211 -0.104497 -0.214561 -0.459311 -0.225326 -0.280793 -0.254115 0.132624 -0.294793 -0.104151 0.119856 -0.267556 -0.465164 -0.506085 -0.063120 0.029084 -0.149145
-0.104641 -0.382792 0.393007 -0.018301 0.560106 0.492019 0.362042 0.338415 1.000000 0.758796 0.063872 0.062385 0.236290 0.314156 0.429525 0.344841 -0.249963 0.009041 -0.150628 -0.387903 0.098670 -0.123999 -0.068096 0.083183 0.111664 0.180461 0.236724 -0.021152 0.037374 0.150281 -0.100264 -0.008586 -0.395685 -0.246040 0.111406 0.145257 -0.126789 0.153903 -0.087325 -0.129723 -0.319471 0.027665 -0.061946 -0.279480 -0.039915 0.146443 -0.035066 -0.385922 0.408342 -0.033707 0.264197 0.336737 0.243627 0.047129 0.085852 0.015232 -0.427872 -0.416856 0.148367 0.084774 -0.036802 0.168078 -0.086016 -0.127561 0.305473 0.357974 0.015961 0.022391 -0.431145 -0.298350 0.170948 0.277266 0.065961 0.148188 0.166488 0.150364 0.211803 0.226037 -0.007019 -0.162244 -0.227128 -0.228501 -0.299857 -0.294632 -0.167227 -0.282179 -0.212217 0.089477 0.036932 -0.024183 0.036857 -0.041814 0.085436 0.008860 -0.216887 -0.009656 -0.129482 -0.210761 -0.123432 -0.320197 -0.144250 -0.176195 -0.244797 -0.199686 -0.227259 -0.216930 -0.006373 -0.190115 0.032830 -0.047103 -0.031166 -0.402797 -0.268903 -0.215059 -0.273733 -0.112267
-0.136738 -0.490454 0.412291 0.185377 0.657587 0.671110 0.323609 0.437327 0.758796 1.000000 -0.018411 0.167843 0.082180 0.326155 0.222728 0.478501 -0.310008 -0.084550 -0.106387 -0.434434 -0.059664 -0.158688 0.043920 0.239296 0.325086 0.350833 0.218187 0.021121 -0.023554 0.268856 -0.001250 0.136350 -0.438846 -0.253161 0.058565 0.200250 0.017749 0.210538 -0.125961 -0.154999 -0.141232 0.122451 0.001382 -0.196168 0.148088 0.298264 -0.091971 -0.358724 0.448400 0.023183 0.107867 0.207185 0.003377 -0.100154 -0.137469 -0.139560 -0.529158 -0.584094 -0.087087 -0.067012 -0.226031 0.026725 -0.154581 -0.248979 0.305664 0.434534 -0.044810 0.138280 -0.514367 -0.400764 0.231475 0.321468 0.061319 0.266994 0.195136 0.274988 0.223915 0.253365 0.063099 -0.109171 -0.123941 -0.122558 -0.256152 -0.176074 -0.126958 -0.250629 -0.203550 0.182688 0.046087 -0.166027 -0.034636 -0.215634 0.242597 0.084148 -0.260394 -0.153841 -0.209720 -0.315749 -0.254900 -0.416927 -0.164004 -0.101503 -0.359164 -0.268185 -0.253065 -0.286846 0.008962 -0.257382 -0.027620 -0.038655 -0.073570 -0.445299 -0.441763 -0.178733 -0.318428 -0.226019
0.053098 -0.117521 -0.004227 0.070041 -0.212178 -0.222884 -0.032019 0.081524 0.063872 -0.018411 1.000000 0.380324 0.362619 0.208610 0.670490 0.241034 -0.016067 -0.105088 -0.022461 -0.003617 -0.012160 -0.086753 0.220494 0.076231 -0.141276 -0.081794 -0.287723 -0.098248 0.194013 -0.066884 0.064526 -0.025816 -0.188456 -0.072226 0.012934 0.170238 -0.200458 -0.013986 0.159008 0.233167 -0.212267 0.044552 -0.006604 -0.052723 0.051828 0.071020 -0.189117 0.005469 0.054111 0.113043 -0.116240 -0.155377 -0.297583 -0.193245 0.222680 0.071693 -0.194973 -0.172875 -0.104635 -0.312733 -0.116654 -0.145815 -0.246539 -0.313677 0.197881 0.197882 -0.387703 0.121673 -0.220027 -0.032356 0.056444 0.114931 -0.105781 -0.055562 -0.006199 0.037290 -0.023444 -0.032513 -0.251595 -0.248025 -0.207439 -0.214699 0.278663 0.028153 0.386421 0.188006 0.100159 0.199244 0.187343 0.132364 -0.128205 0.023477 0.149787 0.341833 0.149620 0.210218 0.084279 -0.061775 -0.136142 -0.110834 -0.020465 0.084010 -0.247374 -0.148020 -0.107808 -0.157940 0.109763 -0.142024 0.208650 0.096326 0.010184 -0.046551 -0.026266 -0.021341 -0.059813 0.238640
0.023412 0.045776 -0.101210 0.138980 -0.042300 -0.082463 0.116157 0.455175 0.062385 0.167843 0.380324 1.000000 0.473211 0.741421 0.269798 0.496420 -0.003838 0.084162 0.103444 -0.202115 0.265860 0.108579 -0.322356 -0.140309 -0.189193 -0.040433 -0.236619 -0.206915 0.231269 0.413970 0.045977 0.075172 0.002152 -0.093185 -0.320451 -0.087647 0.138075 0.265700 -0.003722 0.191263 0.026710 0.381061 0.023423 -0.299944 0.336395 0.183990 -0.175389 -0.275744 0.411226 0.299929 -0.101298 0.061635 -0.213327 -0.208027 0.026086 -0.021707 -0.112690 -0.309936 -0.188050 0.022910 -0.388283 0.018524 -0.208679 -0.284779 -0.207799 0.121934 -0.212206 0.005122 -0.229005 -0.098107 0.242285 0.455515 0.381633 0.433549 0.413405 0.457115 0.116414 0.066746 -0.148823 -0.147039 0.170946 -0.064926 -0.103022 -0.068914 -0.126301 0.255987 -0.104184 -0.015660 -0.357349 -0.098115 -0.158306 -0.432249 -0.099207 -0.271201 0.006005 0.238747 -0.076389 -0.126890 -0.048119 -0.231994 -0.165285 -0.308272 -0.428751 -0.227448 -0.079483 -0.149047 -0.055514 -0.012836 -0.052694 0.155250 -0.324604 -0.231789 -0.249651 -0.206434 -0.122103 0.098918
-0.082643 0.001748 0.031570 -0.261696 -0.073627 -0.065534 0.338672 0.479517 0.236290 0.082180 0.362619 0.473211 1.000000 0.748702 0.318344 0.198391 0.046401 0.068994 0.040454 -0.353064 0.374697 0.078110 -0.508565 -0.492731 -0.300118 -0.181323 -0.067702 -0.238742 0.210855 0.121205 -0.103063 -0.185727 0.091162 0.101550 -0.179821 0.121815 0.015297 0.150619 0.000297 0.043976 -0.085669 0.183240 -0.103209 -0.306066 -0.015535 0.045290 -0.239170 -0.261622 0.203954 -0.091099 -0.209609 -0.069989 0.144498 -0.182563 0.256127 0.021661 -0.090718 -0.156425 0.251838 0.282292 0.313636 0.474380 0.256069 0.097928 -0.092649 0.112563 0.094190 -0.066037 -0.110588 0.014957 0.135281 0.317448 0.250055 0.207746 0.155194 0.254173 0.084619 0.030715 -0.258573 -0.280732 -0.153379 -0.095055 -0.298332 -0.432434 -0.387806 -0.176254 -0.187157 -0.317943 -0.109940 0.176609 -0.227007 -0.254268 -0.180740 -0.109586 -0.250009 0.407746 0.208491 0.093762 0.002715 -0.124077 0.153661 0.022883 -0.044567 0.100651 0.027944 -0.072602 -0.049700 -0.211259 0.044376 0.155288 -0.080178 -0.161894 -0.190088 0.095590 0.079702 0.000185
-0.108417 -0.053781 -0.007532 -0.046930 0.019443 0.022121 0.375888 0.706857 0.314156 0.326155 0.208610 0.741421 0.748702 1.000000 0.228577 0.485374 -0.020527 0.090947 0.015392 -0.461741 0.510551 0.234452 -0.535852 -0.367252 -0.268033 -0.052377 -0.166239 -0.229150 0.253365 0.405219 -0.029928 -0.039671 -0.038810 -0.042883 -0.296465 0.014169 0.145973 0.276747 -0.062935 0.089071 0.049373 0.430442 0.074371 -0.362901 0.289841 0.240765 -0.195642 -0.378887 0.463318 0.194252 -0.099360 0.115335 0.019516 -0.170696 0.031138 -0.079420 -0.145550 -0.334526 0.060662 0.295241 -0.131992 0.350572 0.006457 -0.089625 -0.201660 0.159856 -0.035488 -0.076727 -0.307932 -0.231444 0.358310 0.567471 0.446662 0.514548 0.447916 0.516066 0.151776 0.090866 -0.143320 -0.209724 0.015493 -0.104237 -0.408539 -0.388713 -0.416510 -0.185429 -0.224521 -0.234778 -0.292419 -0.047451 -0.198601 -0.424129 -0.042091 -0.288629 -0.155191 0.304577 -0.054983 -0.085130 -0.036785 -0.319322 -0.005610 -0.210201 -0.321203 -0.117980 -0.069775 -0.153177 -0.041804 -0.098713 -0.002649 0.208690 -0.330322 -0.314364 -0.336914 -0.182514 0.007194 0.003134
-0.007717 -0.003364 -0.046977 -0.076644 -0.091713 0.007240 -0.211982 0.027576 0.429525 0.222728 0.670490 0.269798 0.318344 0.228577 1.000000 0.443555 -0.194563 0.060251 -0.132132 -0.069839 0.117835 0.102091 -0.035347 -0.097827 -0.210163 -0.025756 -0.128361 -0.038415 0.244411 0.051387 -0.218125 -0.244806 -0.347831 -0.291996 -0.079610 0.030871 -0.166924 0.048259 0.125136 0.217924 -0.188507 -0.006125 0.112299 -0.026519 0.002933 0.085135 0.117361 0.018025 0.241442 0.219698 0.129072 0.237838 0.079044 0.128562 0.349304 0.311359 -0.189941 -0.114759 0.041529 -0.045924 -0.209937 0.000518 -0.333073 -0.243019 -0.002023 0.144426 -0.325870 -0.097534 -0.133338 -0.059937 -0.108247 0.029428 -0.117039 -0.042990 -0.049996 -0.068177 -0.048314 0.044522 0.033167 -0.095603 -0.186984 -0.174330 0.136891 0.087522 0.139654 0.048984 0.017428 0.137727 0.032137 0.178449 0.110541 0.121868 0.026780 0.075226 -0.104183 0.143089 0.105600 -0.021724 0.122535 -0.023918 -0.146312 -0.114156 -0.135627 -0.133935 -0.084559 -0.076259 -0.029238 -0.072779 0.203408 -0.048569 -0.107050 -0.091445 0.096136 -0.122459 -0.125061 0.211431
-0.141163 -0.267923 0.049709 0.539733 0.163292 0.201719 0.088427 0.434786 0.344841 0.478501 0.241034 0.496420 0.198391 0.485374 0.443555 1.000000 -0.319395 -0.144362 0.050693 -0.295137 0.226323 0.129172 0.134814 0.318461 -0.013218 0.319830 -0.180860 0.012568 0.056566 0.256619 0.227947 0.220883 -0.438662 -0.431371 -0.206214 -0.006163 -0.034196 0.186182 0.208734 0.282640 0.034701 0.330570 0.176305 -0.099330 0.196578 0.129042 0.078563 -0.193585 0.227122 0.194288 0.039569 0.204411 -0.102223 0.016586 -0.094727 -0.010712 -0.313386 -0.543220 -0.243444 -0.164843 -0.510226 -0.076125 -0.444643 -0.442270 0.041786 0.349493 -0.434152 -0.047677 -0.434642 -0.380768 0.222080 0.429266 0.027729 0.349665 0.242679 0.342537 -0.016516 -0.056899 -0.124693 -0.315557 -0.116425 -0.359426 0.065632 0.154555 0.035447 0.028728 -0.066068 0.243972 0.072280 0.043061 -0.052332 -0.233845 0.271000 0.050259 -0.070527 0.107611 -0.075885 -0.162011 -0.168535 -0.257476 -0.195006 -0.155036 -0.450741 -0.331617 -0.134535 -0.132152 0.051825 0.009451 0.150572 0.085451 -0.334240 -0.252883 -0.249168 -0.276432 -0.185787 0.098662
0.504168 0.404945 -0.521600 -0.120289 -0.212354 -0.257501 -0.111368 -0.017820 -0.249963 -0.310008 -0.016067 -0.003838 0.046401 -0.020527 -0.194563 -0.319395 1.000000 0.741430 -0.040175 0.383592 0.140599 -0.129919 -0.310824 -0.263186 -0.220990 -0.523078 -0.060130 -0.374939 0.326523 0.248277 -0.115599 -0.199953 0.210079 0.216411 -0.100732 -0.228027 0.090286 0.242063 -0.524967 -0.404705 -0.128883 0.069609 -0.063647 -0.252154 0.035106 -0.277428 -0.126159 -0.104171 -0.002395 0.120493 -0.054418 0.175463 0.054367 0.200151 -0.366913 -0.241806 0.541017 0.593770 -0.129620 -0.028252 0.163358 0.044232 0.515257 0.622225 -0.227593 -0.433424 -0.107394 -0.370868 0.171895 0.131472 0.087444 0.063629 0.502942 0.245875 0.287483 0.122147 0.365757 0.263775 0.054059 0.334386 0.485381 0.413949 0.210846 -0.091322 -0.030315 0.056302 0.178978 -0.248364 -0.386782 -0.205943 0.139550 0.049575 -0.252800 -0.345036 -0.288000 -0.201369 -0.480499 -0.426425 0.107555 0.003920 -0.052352 -0.296476 -0.067203 -0.143714 -0.197809 -0.238450 -0.226335 -0.072795 -0.499488 -0.144037 -0.383603 -0.151951 0.162461 -0.126402 -0.195341 -0.277008
0.415429 0.451449 -0.514260 -0.164624 -0.094423 -0.129189 -0.132778 0.057554 0.009041 -0.084550 -0.105088 0.084162 0.068994 0.090947 0.060251 -0.144362 0.741430 1.000000 -0.057482 0.187250 0.256422 -0.007326 -0.467458 -0.389000 -0.315720 -0.473513 -0.100255 -0.482343 0.475218 0.533300 -0.310731 -0.348860 0.055766 -0.019634 -0.209544 -0.436542 0.202717 0.481152 -0.478743 -0.347139 -0.150961 0.129359 0.093219 -0.233907 0.038886 -0.270746 0.051545 -0.230115 0.233298 0.313108 0.258166 0.548882 0.320475 0.428128 -0.247220 -0.062352 0.464176 0.507215 -0.097560 0.134094 0.020297 0.088579 0.459929 0.681612 -0.358508 -0.390485 -0.077680 -0.593977 0.175098 -0.010721 0.080478 0.101229 0.622981 0.443144 0.417649 0.255363 0.507677 0.447223 0.254925 0.467364 0.409025 0.445277 0.030308 -0.052113 -0.117108 0.074290 0.121607 -0.141132 -0.445155 -0.157329 0.160742 -0.094174 -0.378357 -0.575821 -0.440351 -0.147442 -0.458555 -0.431919 0.187482 -0.135747 -0.179171 -0.486783 -0.215107 -0.312762 -0.332558 -0.308159 -0.352420 -0.106856 -0.434346 0.000127 -0.517744 -0.310808 0.028253 -0.275180 -0.166827 -0.335738
0.350171 0.247043 0.201766 0.389291 -0.001629 -0.051653 0.138685 0.141803 -0.150628 -0.106387 -0.022461 0.103444 0.040454 0.015392 -0.132132 0.050693 -0.040175 -0.057482 1.000000 0.030805 -0.065748 -0.109516 0.045347 -0.096222 -0.064011 0.071947 -0.248486 0.081342 -0.083106 0.080444 0.250479 0.026178 0.364000 -0.153104 -0.418945 -0.379252 -0.192951 0.055997 0.319033 0.276869 -0.255484 -0.012901 0.091494 0.092527 -0.028275 -0.206745 0.134507 -0.041921 -0.122233 0.141104 0.015923 0.134646 -0.058396 0.145946 0.252865 0.413498 0.200122 -0.132184 -0.105023 0.078193 -0.075311 -0.227500 -0.097403 -0.151254 -0.382055 -0.185622 -0.195051 -0.395239 0.014423 -0.343936 -0.157079 0.027644 0.023842 0.071215 0.020530 0.181823 -0.096354 -0.216763 -0.192521 -0.072175 -0.156111 -0.162443 -0.037468 0.038424 -0.157816 0.007507 0.071210 0.213641 0.080409 0.399315 -0.073020 -0.232074 0.009745 -0.088699 0.086270 0.428367 0.287690 0.106577 0.093765 0.060983 0.141678 0.202468 -0.035824 0.229373 0.284548 0.393629 -0.184445 0.109231 0.252722 0.111114 -0.193642 0.070462 -0.099874 0.305992 0.304086 0.357031
0.522744 0.555058 -0.421486 0.042539 -0.273972 -0.298423 -0.518560 -0.479696 -0.387903 -0.434434 -0.003617 -0.202115 -0.353064 -0.461741 -0.069839 -0.295137 0.383592 0.187250 0.030805 1.000000 -0.268938 -0.142761 0.044504 0.018525 -0.081876 -0.475460 0.234192 0.198308 -0.152630 -0.327901 -0.309849 -0.367378 0.268990 0.188444 -0.103875 -0.255544 -0.136159 -0.170934 -0.285810 -0.105506 -0.215523 -0.321306 -0.135423 -0.024579 -0.143428 -0.440980 -0.016990 0.284451 -0.197519 0.005787 -0.143031 -0.009300 -0.058128 0.206950 -0.061538 -0.037813 0.512524 0.631615 -0.028997 -0.114519 0.091470 -0.078823 -0.005676 0.227411 -0.222158 -0.508332 -0.200867 -0.214040 0.482696 0.503845 -0.290163 -0.514419 -0.215825 -0.336764 -0.254158 -0.352006 -0.102460 -0.040623 0.014870 0.137152 0.271787 0.163744 0.235598 0.224089 0.246752 0.064213 0.064942 -0.130705 -0.015152 0.067894 0.486885 0.551394 0.154937 0.016715 -0.091921 -0.198779 -0.299292 0.009153 0.261945 0.378989 0.237131 0.006662 0.311982 0.035779 0.062095 -0.088910 0.045836 0.109526 -0.206649 -0.283010 -0.087773 0.366970 0.488136 0.066816 -0.178082 -0.068925
-0.015804 0.046813 -0.202988 -0.038952 -0.271227 -0.219103 0.225070 0.493249 0.098670 -0.059664 -0.012160 0.265860 0.374697 0.510551 0.117835 0.226323 0.140599 0.256422 -0.065748 -0.268938 1.000000 0.649823 -0.409850 -0.328256 -0.587063 -0.106390 -0.113962 -0.075642 0.193838 0.342353 -0.083133 -0.020539 -0.101703 -0.043997 -0.182557 0.034193 0.219630 0.277480 0.110062 0.153009 0.222060 0.478130 -0.016386 -0.314804 0.025369 0.060476 -0.134527 -0.298505 0.082075 0.012732 -0.057461 0.184072 0.138156 0.194752 0.149525 0.027272 0.099420 -0.031536 0.098883 0.150582 -0.164705 0.112452 0.024443 0.068441 -0.256877 -0.201093 -0.060407 -0.150195 -0.105570 -0.135626 0.559830 0.563425 0.322824 0.464471 0.353724 0.453263 0.143394 0.255815 -0.002715 0.011228 0.003741 0.036280 -0.318472 -0.127117 -0.271502 -0.048645 -0.236997 -0.274544 -0.046955 0.182982 -0.100849 -0.135299 -0.133074 -0.270931 -0.049215 0.235201 0.005645 0.084518 0.021689 -0.057539 -0.185057 -0.416030 -0.204655 -0.168004 -0.070749 -0.049614 0.025047 0.070461 0.038435 0.136700 -0.202820 -0.206015 -0.045407 -0.063807 0.182625 0.015669
-0.160170 0.076631 -0.198276 -0.058089 -0.335333 -0.192998 -0.080951 0.229057 -0.123999 -0.158688 -0.086753 0.108579 0.078110 0.234452 0.102091 0.129172 -0.129919 -0.007326 -0.109516 -0.142761 0.649823 1.000000 -0.296285 -0.191161 -0.473053 -0.003051 -0.019494 0.084428 0.219254 0.042811 -0.212250 -0.025300 -0.085711 0.046784 -0.112566 -0.041592 0.305787 -0.015727 0.242087 0.406843 0.534299 0.162051 0.048708 -0.095738 -0.114487 0.077162 -0.018626 -0.038286 -0.021738 -0.014279 -0.026654 0.072365 0.118890 0.165172 0.163787 0.024894 0.050251 -0.030714 0.093682 0.119455 -0.245043 0.065921 -0.198871 -0.101187 -0.252179 -0.071253 -0.023756 -0.000286 0.033962 -0.038284 0.328957 0.308598 -0.040074 0.111685 -0.028077 0.068435 -0.296871 -0.079818 0.327481 0.031620 0.152712 0.062701 -0.099725 0.128339 -0.092310 -0.019450 -0.151114 -0.301745 -0.024951 0.088978 0.009317 0.088789 0.012787 -0.123606 0.121406 0.085085 0.071106 0.322232 0.078437 0.116729 -0.083249 -0.196739 0.005155 0.028388 0.049875 0.150913 0.174636 0.137868 0.166963 0.060429 -0.074375 0.131433 0.098093 0.017038 0.348231 0.103484
-0.094614 -0.393846 0.425580 0.549758 0.201999 0.184435 0.056048 -0.224866 -0.068096 0.043920 0.220494 -0.322356 -0.508565 -0.535852 -0.035347 0.134814 -0.310824 -0.467458 0.045347 0.044504 -0.409850 -0.296285 1.000000 0.831772 0.479482 0.482012 -0.079023 0.294497 -0.300635 -0.314602 0.587661 0.498289 -0.307955 -0.207409 0.253482 0.214296 -0.399814 -0.271267 0.310165 0.065263 -0.131176 -0.154052 -0.055721 0.256759 -0.052606 0.001527 -0.008335 0.158930 -0.263966 -0.127203 0.026563 -0.209655 -0.346000 -0.131499 -0.053409 -0.069118 -0.346469 -0.294083 -0.173313 -0.490546 -0.145855 -0.464083 -0.373173 -0.428783 0.474526 0.225199 -0.277904 0.351308 -0.318745 -0.145650 -0.016501 -0.109954 -0.472725 -0.273142 -0.295240 -0.185665 -0.200929 -0.211717 -0.226635 -0.229896 -0.397461 -0.430750 0.459770 0.340478 0.552328 0.091931 0.263118 0.587682 0.632079 0.035205 -0.055171 0.158053 0.276964 0.571051 0.354990 -0.196346 0.056729 -0.093471 -0.288223 -0.080130 -0.195163 0.178556 -0.166343 -0.258339 -0.120773 -0.054083 0.214099 -0.033208 0.165219 -0.103107 0.261405 0.033446 -0.070240 -0.008725 -0.061787 0.077925
-0.193407 -0.520485 0.324850 0.637866 0.374139 0.327096 0.046041 -0.070899 0.083183 0.239296 0.076231 -0.140309 -0.492731 -0.367252 -0.097827 0.318461 -0.263186 -0.389000 -0.096222 0.018525 -0.328256 -0.191161 0.831772 1.000000 0.549948 0.557410 0.026520 0.261384 -0.219903 -0.228375 0.575051 0.640204 -0.503523 -0.231442 0.273084 0.169375 -0.249221 -0.174690 0.147101 -0.036783 -0.035926 -0.026910 -0.083226 0.118838 -0.030274 0.025697 -0.041615 0.022857 -0.081687 -0.133328 0.009685 -0.148153 -0.363574 -0.261762 -0.281420 -0.314015 -0.484339 -0.461306 -0.254849 -0.492983 -0.278759 -0.385233 -0.346756 -0.419962 0.578285 0.384113 -0.231211 0.420610 -0.473333 -0.168601 0.161863 0.083181 -0.304982 -0.062112 -0.097428 -0.078582 -0.049685 -0.080372 -0.166465 -0.302927 -0.226485 -0.414941 0.421489 0.321406 0.487723 0.141589 0.227024 0.536840 0.434637 -0.195254 -0.054653 0.104858 0.316380 0.432836 0.239063 -0.316355 -0.142420 -0.188269 -0.449220 -0.223168 -0.251267 0.026230 -0.266153 -0.365557 -0.218885 -0.229363 0.211476 -0.094545 0.016167 -0.111569 0.165989 -0.151551 -0.178258 -0.195589 -0.310785 -0.096462
-0.168350 -0.410719 0.459781 0.104443 0.622644 0.639069 0.127157 -0.246274 0.111664 0.325086 -0.141276 -0.189193 -0.300118 -0.268033 -0.210163 -0.013218 -0.220990 -0.315720 -0.064011 -0.081876 -0.587063 -0.473053 0.479482 0.549948 1.000000 0.606180 0.209584 0.145302 -0.157739 -0.118984 0.495578 0.458260 -0.206631 -0.059498 0.297795 0.206648 -0.090468 -0.141365 -0.038509 -0.148292 -0.012810 -0.125307 -0.030008 0.168153 0.013188 0.197456 -0.058519 0.063685 0.144425 -0.134486 0.024968 -0.167491 -0.245565 -0.349590 -0.217593 -0.269235 -0.458456 -0.316586 -0.262550 -0.256443 -0.048314 -0.252573 -0.127616 -0.291749 0.432571 0.228181 0.022489 0.399181 -0.255399 -0.075062 -0.155361 -0.145857 -0.120054 -0.084244 -0.103067 -0.167551 0.008459 -0.048653 -0.067329 -0.052564 -0.142724 -0.098308 0.156799 0.042290 0.185761 -0.043997 0.211715 0.334239 0.102006 -0.421635 -0.102734 -0.067743 -0.021085 0.163144 0.132088 -0.300122 -0.104764 -0.119805 -0.299131 -0.179757 -0.184868 0.096339 -0.022332 -0.132442 -0.031982 -0.038387 -0.037274 -0.072575 -0.037445 -0.110312 0.298720 -0.103905 -0.145202 -0.083260 -0.161237 -0.135306
-0.421667 -0.594105 0.635362 0.307141 0.361492 0.368100 0.302236 0.127005 0.180461 0.350833 -0.081794 -0.040433 -0.181323 -0.052377 -0.025756 0.319830 -0.523078 -0.473513 0.071947 -0.475460 -0.106390 -0.003051 0.482012 0.557410 0.606180 1.000000 -0.151140 0.275277 -0.009707 -0.008952 0.629437 0.690424 -0.402376 -0.152407 0.326212 0.361895 -0.107238 -0.167174 0.368901 0.147827 0.190575 0.047661 -0.000342 0.153320 -0.031922 0.256944 -0.026576 -0.140392 -0.017176 -0.148035 0.084249 -0.116876 -0.252364 -0.290983 -0.080300 -0.120112 -0.631170 -0.626938 -0.241702 -0.239160 -0.348527 -0.302327 -0.330914 -0.515346 0.408554 0.515237 -0.001050 0.443699 -0.451604 -0.320481 0.038138 0.252455 -0.173320 0.044316 -0.095113 -0.001575 -0.168808 -0.193578 0.035161 -0.122801 -0.215260 -0.172800 0.024586 0.227298 0.172175 0.059217 -0.047402 0.305912 0.280002 -0.184564 -0.398765 -0.371849 -0.036744 0.112736 0.220795 -0.119495 0.217560 -0.054980 -0.517445 -0.358594 -0.368475 0.013122 -0.277847 -0.179810 -0.107006 0.074390 -0.150363 -0.107014 0.176573 -0.058609 0.247386 -0.270666 -0.393072 -0.052075 0.013535 -0.000796
0.105834 -0.049827 0.156709 -0.180841 0.388585 0.453205 0.049703 -0.191419 0.236724 0.218187 -0.287723 -0.236619 -0.067702 -0.166239 -0.128361 -0.180860 -0.060130 -0.100255 -0.248486 0.234192 -0.113962 -0.019494 -0.079023 0.026520 0.209584 -0.151140 1.000000 0.278356 -0.322471 -0.275201 -0.320643 -0.183022 0.074729 0.173738 0.225055 0.169060 0.007599 -0.185190 -0.206598 -0.203358 -0.082245 -0.332928 -0.275741 -0.224650 -0.178747 -0.007018 -0.261332 -0.087925 0.107665 -0.399111 -0.091732 -0.174075 0.153921 -0.016683 0.039169 -0.229784 0.106935 0.154141 0.188812 -0.044522 0.270278 0.156320 0.078256 0.019515 0.152544 -0.100832 0.237468 0.176743 0.115325 0.240090 -0.097341 -0.258215 -0.293452 -0.338234 -0.286761 -0.301462 -0.144466 0.008451 0.089897 0.008793 0.096592 0.058851 -0.141932 -0.147798 -0.089335 -0.171665 -0.133715 -0.163370 0.111164 0.075582 0.211799 0.362452 0.097549 0.133698 -0.269752 -0.177686 -0.112714 0.123773 0.054457 0.263252 0.148924 -0.044384 0.313892 0.122807 0.091541 -0.043469 0.227883 0.039592 -0.056377 -0.167042 0.276413 0.217689 0.225756 0.193271 -0.107630 -0.267892
0.118330 -0.080684 0.378183 0.068963 0.001319 0.117349 -0.117411 -0.140760 -0.021152 0.021121 -0.098248 -0.206915 -0.238742 -0.229150 -0.038415 0.012568 -0.374939 -0.482343 0.081342 0.198308 -0.075642 0.084428 0.294497 0.261384 0.145302 0.275277 0.278356 1.000000 -0.484036 -0.510020 -0.025310 -0.041065 -0.125301 -0.205978 0.083251 0.185690 -0.239399 -0.240844 0.290862 0.081835 -0.150992 -0.220760 -0.163896 0.104384 -0.117316 -0.073027 -0.120493 0.063215 -0.067326 -0.202621 0.049507 -0.268511 -0.054178 -0.139757 0.174313 -0.085492 -0.074318 -0.105579 0.194975 -0.144043 0.105506 -0.069465 -0.156895 -0.257408 0.105303 0.111665 0.025702 0.195946 0.057272 0.130730 -0.139426 -0.207385 -0.644049 -0.451961 -0.477211 -0.334344 -0.447279 -0.336613 -0.094150 -0.244843 -0.155993 -0.199983 -0.103339 0.123432 0.165550 0.080305 -0.263221 0.130107 0.395894 0.305330 0.093133 0.274407 0.281922 0.175214 0.228413 -0.179964 0.158392 0.206816 -0.121481 -0.032713 0.157616 0.215555 0.329015 0.167124 0.130936 0.138215 0.050974 0.220843 0.027377 -0.219294 0.365548 0.029868 -0.117296 0.122644 -0.131477 -0.033141
-0.017553 -0.022714 -0.276077 -0.160769 -0.056769 -0.091090 -0.021474 0.054015 0.037374 -0.023554 0.194013 0.231269 0.210855 0.253365 0.244411 0.056566 0.326523 0.475218 -0.083106 -0.152630 0.193838 0.219254 -0.300635 -0.219903 -0.157739 -0.009707 -0.322471 -0.484036 1.000000 0.620285 -0.002831 0.012570 -0.035720 0.044456 -0.049462 -0.216986 0.349535 0.297833 -0.241275 -0.072124 0.240287 0.176789 0.234228 0.055258 0.067213 -0.003298 0.130677 -0.007485 0.219296 0.247520 0.049031 0.285940 0.015969 0.024902 -0.155115 -0.066836 -0.011921 0.063531 -0.124596 0.068826 -0.235591 -0.087132 0.108129 0.134711 -0.245996 -0.085182 -0.040515 -0.324152 -0.059534 -0.157162 0.030718 0.262537 0.604529 0.351131 0.298852 0.194371 0.222542 0.178657 0.502914 0.492526 0.359566 0.409923 0.043828 0.169117 -0.025843 0.003192 0.124110 -0.084312 -0.332463 -0.364509 -0.155471 -0.281276 -0.292985 -0.301847 -0.222900 -0.032234 -0.225215 -0.225595 -0.062167 -0.228368 -0.393528 -0.365366 -0.359596 -0.341320 -0.359084 -0.194972 -0.389759 -0.070291 0.004283 0.157683 -0.401550 -0.176163 -0.087721 -0.281042 -0.005221 -0.091015
0.064577 -0.066518 -0.230678 0.055628 0.138492 0.117399 0.148759 0.264738 0.150281 0.268856 -0.066884 0.413970 0.121205 0.405219 0.051387 0.256619 0.248277 0.533300 0.080444 -0.327901 0.342353 0.042811 -0.314602 -0.228375 -0.118984 -0.008952 -0.275201 -0.510020 0.620285 1.000000 0.040880 0.046812 -0.090050 -0.218514 -0.240018 -0.244896 0.476199 0.614119 -0.185668 -0.133049 0.202528 0.560575 0.309841 0.014477 0.393952 0.198279 0.118496 -0.181616 0.367015 0.440909 0.090552 0.443849 -0.046842 0.112490 -0.210109 0.014896 0.053044 -0.090017 -0.241093 0.022329 -0.403613 -0.257859 0.052293 0.075928 -0.358909 -0.181912 -0.108318 -0.385846 -0.230571 -0.417690 0.260991 0.446177 0.805492 0.724805 0.641817 0.628397 0.540246 0.460707 0.247669 0.494371 0.205403 0.326213 -0.216792 0.066106 -0.192056 0.096864 0.006471 0.136998 -0.348167 -0.301765 -0.257794 -0.553014 -0.257173 -0.418180 -0.250486 0.020154 -0.242037 -0.319898 -0.061433 -0.296528 -0.402098 -0.475314 -0.559840 -0.466449 -0.334703 -0.209141 -0.399714 0.013897 -0.059266 0.228894 -0.445318 -0.342298 -0.286063 -0.272268 -0.052979 -0.115994
-0.178546 -0.335548 0.418460 0.496957 0.291776 0.188929 0.355292 0.164239 -0.100264 -0.001250 0.064526 0.045977 -0.103063 -0.029928 -0.218125 0.227947 -0.115599 -0.310731 0.250479 -0.309849 -0.083133 -0.212250 0.587661 0.575051 0.495578 0.629437 -0.320643 -0.025310 -0.002831 0.040880 1.000000 0.824687 -0.116276 -0.097349 0.084683 0.118351 -0.302248 -0.092490 0.166907 0.078504 -0.014613 0.117301 -0.047977 0.095457 -0.008749 0.045951 -0.061302 -0.055464 -0.088179 -0.105450 -0.044069 -0.104612 -0.308797 -0.233497 -0.128567 -0.171781 -0.348981 -0.430338 -0.282383 -0.245801 -0.232112 -0.316999 -0.205442 -0.382306 0.270307 0.193722 -0.187587 0.238458 -0.390755 -0.265915 0.198523 0.361482 0.052384 0.214601 0.120566 0.225706 -0.018467 -0.093400 -0.369410 -0.230529 -0.293197 -0.368229 0.210461 0.024797 0.108199 -0.018456 0.273652 0.273967 0.152210 -0.166962 -0.301004 -0.257545 -0.076874 0.134996 0.305673 0.070559 0.081764 -0.162886 -0.341617 -0.233803 -0.363885 0.006887 -0.289401 -0.196078 -0.002459 0.066453 -0.043887 -0.037222 0.080315 0.092871 0.095751 -0.184352 -0.197625 -0.073016 0.112243 0.115188
-0.378446 -0.535531 0.399301 0.473079 0.324974 0.161180 0.366711 0.227661 -0.008586 0.136350 -0.025816 0.075172 -0.185727 -0.039671 -0.244806 0.220883 -0.199953 -0.348860 0.026178 -0.367378 -0.020539 -0.025300 0.498289 0.640204 0.458260 0.690424 -0.183022 -0.041065 0.012570 0.046812 0.824687 1.000000 -0.191888 0.160835 0.357443 0.292907 -0.072521 -0.060152 0.121322 0.107172 0.189123 0.178354 -0.053541 0.058231 0.010672 0.205538 -0.104478 -0.074177 -0.108162 -0.208755 -0.127303 -0.218431 -0.401364 -0.346836 -0.293314 -0.298997 -0.481804 -0.525766 -0.388644 -0.361860 -0.389475 -0.355397 -0.244222 -0.430990 0.429819 0.353735 -0.091383 0.438134 -0.478122 -0.302298 0.250990 0.450110 0.038224 0.208092 0.129805 0.191619 -0.001103 0.028437 -0.119640 -0.218551 -0.121264 -0.238646 0.179797 0.100962 0.162969 0.099860 0.124273 0.171568 0.074487 -0.338470 -0.417731 -0.321948 -0.036591 0.129677 0.266883 -0.050335 0.006206 -0.160092 -0.533957 -0.255764 -0.428862 -0.061670 -0.358228 -0.211347 -0.096712 -0.005064 0.053444 -0.149947 0.072002 0.090428 0.203243 -0.175607 -0.239785 -0.072303 0.062053 0.000596
0.303041 0.538362 -0.076234 -0.172245 -0.158615 -0.283202 0.026816 -0.120539 -0.395685 -0.438846 -0.188456 0.002152 0.091162 -0.038810 -0.347831 -0.438662 0.210079 0.055766 0.364000 0.268990 -0.101703 -0.085711 -0.307955 -0.503523 -0.206631 -0.402376 0.074729 -0.125301 -0.035720 -0.090050 -0.116276 -0.191888 1.000000 0.529692 -0.272606 -0.284521 0.029497 -0.127975 -0.151878 0.027550 -0.058329 -0.195554 -0.073275 0.007869 -0.062619 -0.199814 0.013175 0.168753 -0.161143 -0.073063 -0.200014 -0.161061 0.068988 0.064070 0.137699 0.249847 0.432139 0.395312 0.139399 0.336463 0.225025 0.160842 0.256365 0.168842 -0.510440 -0.470808 0.283096 -0.253864 0.500230 0.253344 -0.304009 -0.250774 0.073227 -0.208165 -0.110333 -0.092109 -0.182604 -0.119255 0.022194 0.180345 0.227983 0.225211 -0.119268 -0.149436 -0.377806 -0.174361 0.008601 -0.343443 -0.302781 0.155139 0.069461 0.016941 -0.204120 -0.140547 -0.033332 0.286061 0.136265 0.182940 0.343860 0.337674 0.201950 0.106899 0.297425 0.363598 0.331462 0.278859 -0.040121 0.073198 0.016054 0.087331 -0.016225 0.413631 0.250790 0.357581 0.322632 0.129394
-0.114533 0.094457 -0.063714 -0.259227 -0.162534 -0.304395 0.113620 -0.014576 -0.246040 -0.253161 -0.072226 -0.093185 0.101550 -0.042883 -0.291996 -0.431371 0.216411 -0.019634 -0.153104 0.188444 -0.043997 0.046784 -0.207409 -0.231442 -0.059498 -0.152407 0.173738 -0.205978 0.044456 -0.218514 -0.097349 0.160835 0.529692 1.000000 0.353671 0.340589 0.107816 -0.182795 -0.296134 -0.049984 0.136755 -0.121844 -0.120851 -0.017294 -0.108547 0.060426 -0.143081 0.167084 -0.309578 -0.276719 -0.442836 -0.404531 -0.187926 -0.179740 -0.137950 -0.122604 0.137694 0.295496 -0.148318 -0.076494 0.092027 0.121100 0.184464 0.139654 0.052826 -0.080378 0.116260 0.205699 0.196537 0.232474 -0.147572 -0.055729 0.006811 -0.218933 -0.123370 -0.196827 -0.102622 0.032380 0.237526 0.123274 0.393712 0.349812 -0.082304 -0.140809 -0.135193 -0.134001 -0.229980 -0.560359 -0.201838 -0.207750 -0.187571 -0.036449 -0.103000 0.017169 -0.181507 -0.010841 0.020226 0.005724 -0.107786 0.172838 0.084228 0.047386 0.116985 0.207718 0.041769 0.045756 0.061187 -0.205019 -0.033107 -0.103221 0.226481 0.306853 0.208590 0.247175 0.108201 -0.152034
-0.356846 -0.492085 0.299503 -0.172036 0.057118 0.001456 0.145811 -0.159731 0.111406 0.058565 0.012934 -0.320451 -0.179821 -0.296465 -0.079610 -0.206214 -0.100732 -0.209544 -0.418945 -0.103875 -0.182557 -0.112566 0.253482 0.273084 0.297795 0.326212 0.225055 0.083251 -0.049462 -0.240018 0.084683 0.357443 -0.272606 0.353671 1.000000 0.691579 -0.010619 -0.109744 -0.058557 -0.073606 -0.000994 -0.191057 -0.244521 0.018136 -0.095326 0.255331 -0.228754 -0.054855 -0.319129 -0.344476 -0.077787 -0.369281 -0.231489 -0.292517 -0.133382 -0.288453 -0.191625 -0.020705 -0.167605 -0.415081 0.002649 -0.144816 -0.022973 -0.098300 0.639735 0.462903 0.129583 0.538881 -0.103546 0.025716 -0.149159 -0.029306 -0.255705 -0.333225 -0.300005 -0.258003 -0.079496 0.022651 0.191485 0.014094 0.022596 0.103348 -0.008090 -0.014557 0.361182 0.116208 -0.215942 -0.150490 0.243950 -0.167869 -0.387539 -0.116080 -0.020191 0.169414 0.047939 -0.224876 0.053833 -0.083636 -0.514623 -0.110090 -0.117511 0.086695 -0.054628 -0.006856 -0.171291 0.007105 0.007924 -0.176158 0.050122 -0.069373 0.528081 0.009550 0.005810 -0.005165 -0.010403 -0.169484
-0.349115 -0.513151 0.380855 -0.174226 0.028522 0.051566 0.251603 0.079235 0.145257 0.200250 0.170238 -0.087647 0.121815 0.014169 0.030871 -0.006163 -0.228027 -0.436542 -0.379252 -0.255544 0.034193 -0.041592 0.214296 0.169375 0.206648 0.361895 0.169060 0.185690 -0.216986 -0.244896 0.118351 0.292907 -0.284521 0.340589 0.691579 1.000000 -0.066070 -0.229687 0.082848 -0.021214 0.057844 0.011667 -0.323729 -0.080272 0.008238 0.441212 -0.361482 -0.088211 -0.338099 -0.392805 -0.351913 -0.543360 -0.304223 -0.394748 0.073829 -0.223108 -0.304220 -0.191229 -0.062791 -0.366266 0.031844 -0.025883 -0.090544 -0.270888 0.560818 0.438837 -0.020520 0.684823 -0.294228 -0.003828 0.080937 0.166604 -0.270516 -0.241921 -0.210113 -0.093684 -0.123115 0.021554 -0.014279 -0.156572 -0.069290 -0.025512 -0.200014 -0.148304 0.191308 -0.019036 -0.406293 -0.174613 0.348118 0.009876 -0.439846 -0.136985 0.131791 0.393973 -0.032820 -0.094835 0.230507 0.002924 -0.474256 -0.080835 -0.019471 0.192953 -0.087936 0.034400 -0.080547 -0.026231 0.133684 -0.167700 0.086917 -0.176625 0.536477 -0.000655 -0.088213 0.131432 -0.057353 -0.091901
