1.000000 0.117900 0.180724 -0.327834 0.319718 0.104297 0.207040 -0.029652 0.297816 0.189499 0.269690 0.118793 0.162118 0.161714 0.039426 0.017692 0.161632 -0.076803 0.147982 -0.033190 0.079430 0.032365 -0.021010 0.083180 0.156920 -0.048600 0.034528 -0.275220 0.272497 -0.048616 0.066501 0.095630 0.040617 0.241404 -0.016107 -0.039195 0.066743 -0.161425 -0.022043 -0.235804 0.186238 0.172391 0.066703 0.052018 -0.181399 -0.233698 -0.234208 -0.052490 0.109563 -0.242525 -0.346450 -0.346982 -0.277662 -0.439240 -0.091886 -0.161757 0.473427 -0.180330 0.248298 -0.369621 0.212997 -0.258342 0.071703 -0.160112 -0.180144 0.076944 0.097300 -0.045836 0.139552 -0.177216 0.156007 0.170446 0.264634 0.124325 0.199893 0.265411 0.022944 0.001685 0.158856 0.068091 0.223568 0.152903 -0.289517 -0.145120 -0.040376 -0.203494 -0.146340 -0.431953 0.122414 0.051397 0.034576 0.308438 0.191916 0.260640 -0.000046 -0.321197 -0.201633 -0.182241 -0.165182 0.076992 -0.402994 0.178162 -0.397884 -0.216484 -0.539225 -0.104390 -0.112012 -0.137663 -0.118106 -0.198805 0.068923 -0.309058 -0.226047 -0.332488 -0.358145 -0.103736
0.117900 1.000000 -0.451284 -0.078084 -0.193023 -0.206471 -0.280251 -0.275648 -0.135690 -0.026600 0.169030 0.373928 0.082664 0.666401 -0.051624 0.304987 0.105492 0.299306 -0.036444 0.345716 -0.394791 -0.047404 -0.285800 -0.373963 -0.349181 -0.356622 -0.111174 -0.176001 0.200841 0.340290 -0.242664 -0.432355 -0.307376 -0.349678 -0.059360 -0.233134 0.108403 0.263910 0.062159 0.220145 0.196485 0.348479 -0.061219 -0.156164 -0.235891 -0.383244 -0.065669 0.089009 0.060039 0.164775 -0.078697 0.256834 0.299657 0.072315 0.347626 0.158816 0.098813 0.471024 -0.060244 0.294924 0.059409 0.411087 -0.015235 0.202718 -0.394452 -0.053412 -0.234286 -0.306367 0.022975 0.217758 0.085369 -0.217764 0.031939 0.287139 0.213634 -0.042537 0.053078 0.011428 -0.079901 0.086214 -0.146665 -0.067883 0.052029 0.149654 -0.249760 -0.291169 -0.095066 -0.097734 -0.081070 0.403322 0.386846 0.158510 0.085188 -0.129838 0.002396 -0.097365 0.246348 0.094621 0.235027 0.148572 0.367775 -0.049304 0.364155 0.105777 0.072971 -0.145522 0.329074 0.234797 0.248956 -0.116553 -0.157913 0.224933 0.204783 0.156324 -0.140554 -0.146322
0.180724 -0.451284 1.000000 -0.059713 0.472668 0.408067 0.561249 0.368591 0.432428 0.283054 -0.063380 -0.169934 -0.037720 -0.335921 0.202166 -0.239891 -0.264974 -0.413331 0.184610 -0.392856 0.477108 0.019412 0.471544 0.336300 0.510422 0.443054 0.317791 0.264866 0.002110 -0.244662 0.590132 0.573100 0.263707 0.448815 0.346239 0.318793 -0.048009 -0.249481 -0.122290 -0.301195 0.023091 -0.196070 0.077752 0.213281 -0.008276 0.068705 -0.167427 -0.105096 0.100137 -0.366839 0.024482 -0.413689 -0.426013 -0.194282 -0.279079 -0.338211 -0.133183 -0.260595 0.034072 -0.412431 -0.232766 -0.585351 -0.330404 -0.487573 0.294470 0.147429 0.221208 0.270306 -0.057865 -0.291039 0.137284 0.161661 -0.045089 -0.149525 -0.053942 0.169082 -0.094353 -0.106466 -0.036561 0.046874 -0.036936 -0.047918 -0.142374 -0.164819 0.046409 -0.102337 0.014835 -0.357719 0.224849 -0.279170 -0.308906 0.072890 0.147837 0.354932 -0.032617 -0.146143 -0.291418 -0.273295 -0.394558 -0.199232 -0.402539 0.216631 -0.320913 -0.237089 -0.352057 -0.024992 -0.258541 -0.321741 -0.230965 -0.109786 0.382241 -0.329710 -0.232295 -0.188312 -0.106468 0.009604
-0.327834 -0.078084 -0.059713 1.000000 -0.141074 -0.217306 -0.130589 0.156381 -0.143463 -0.266209 -0.075238 -0.160488 -0.008397 -0.184957 0.297471 0.157588 0.156783 0.101197 0.364856 0.272309 -0.141254 -0.085578 0.247335 0.004550 -0.278972 -0.091469 -0.108854 0.290222 0.423849 0.302466 0.215708 0.319952 0.431625 0.059419 0.153732 -0.084805 0.189181 0.211355 -0.013832 0.124322 0.178126 0.118237 -0.164162 -0.115687 -0.229713 -0.309523 -0.025995 0.073183 -0.575198 -0.310717 -0.081915 -0.145923 0.006855 0.250280 -0.225439 -0.005855 -0.005386 0.201422 -0.315968 0.006470 0.049936 0.029386 0.141060 0.234432 0.398317 -0.340485 -0.184880 -0.382544 0.263173 0.233654 -0.049788 -0.084704 0.209925 0.152357 0.249683 -0.094314 0.208141 0.147000 -0.260303 0.174273 -0.178194 0.094944 0.445888 0.613821 0.023702 0.160379 0.246745 0.401039 0.109742 -0.086341 -0.030310 -0.068277 -0.100762 -0.380360 -0.191481 -0.060168 -0.082722 -0.003369 0.220538 0.217361 0.196387 -0.332829 0.175875 -0.000136 0.246362 -0.242897 0.182872 -0.236661 -0.112806 -0.129440 -0.215514 0.155013 0.007383 0.161715 0.153085 -0.082131
0.319718 -0.193023 0.472668 -0.141074 1.000000 0.602746 0.629105 -0.008288 0.898075 0.623636 0.394653 0.319087 0.452513 0.090094 0.716632 0.393218 -0.398594 -0.311049 0.148766 -0.177497 0.238458 0.040908 0.431168 0.349559 0.516887 0.218133 0.385051 0.191774 0.177038 0.027749 0.392921 0.301195 0.134502 0.320530 0.067031 0.015525 -0.041459 -0.092103 0.074519 -0.140269 0.032805 0.067968 0.136598 0.157474 -0.291855 -0.295108 0.044712 0.076488 0.077699 -0.316600 -0.189553 -0.454752 -0.313647 -0.008231 0.036341 -0.156811 -0.003783 0.188282 -0.148658 -0.749601 -0.351130 -0.622553 -0.440717 -0.597602 0.417984 0.065348 -0.272395 -0.199058 0.384277 -0.040512 0.138536 0.227908 -0.064410 -0.205477 -0.217839 0.119376 0.123939 0.047874 0.053887 0.103243 -0.088235 -0.058748 0.093290 0.106832 0.067119 -0.080223 -0.023652 -0.244181 0.517632 0.032859 -0.054351 0.354687 0.296954 0.464407 -0.021249 -0.091677 -0.041280 -0.121420 -0.240399 -0.089441 -0.485000 0.195426 -0.579291 -0.498222 -0.277545 -0.075773 -0.209857 -0.200884 0.000464 0.018500 0.297183 0.059800 0.042197 -0.093817 -0.164761 -0.118193
0.104297 -0.206471 0.408067 -0.217306 0.602746 1.000000 0.110908 -0.037901 0.593429 0.633273 0.055486 0.134117 0.033936 -0.100808 0.429752 0.191667 -0.539793 -0.324849 -0.006549 -0.333637 0.401488 0.049467 0.527425 0.356382 0.701602 0.632438 0.667125 0.566484 -0.247851 -0.185376 0.369169 0.318571 0.110168 0.301387 0.128619 0.165304 0.004981 0.007625 0.086494 -0.081553 -0.050080 -0.077491 -0.088717 0.131280 -0.324771 -0.138683 -0.101902 0.002248 0.126189 -0.356023 -0.049624 -0.232668 -0.369733 0.051537 -0.035723 -0.138733 -0.036533 0.200717 -0.082299 -0.511424 -0.333099 -0.456235 -0.368307 -0.519302 0.273743 0.385398 -0.203456 0.033844 0.278460 -0.039098 0.113404 0.312259 -0.312321 -0.061234 -0.279200 0.079019 0.184342 0.305528 0.154730 0.227500 -0.093487 -0.116858 0.140284 -0.030619 0.177553 -0.092474 0.319168 0.003324 0.473320 0.064651 -0.184222 -0.032942 0.244209 0.412407 -0.063536 -0.012086 0.134585 -0.082791 -0.176028 -0.013140 -0.329306 0.011914 -0.467930 -0.327670 -0.212866 -0.176608 0.006750 -0.084244 0.151070 0.331298 0.540406 0.034899 0.083433 0.035438 -0.113531 -0.149483
0.207040 -0.280251 0.561249 -0.130589 0.629105 0.110908 1.000000 0.344388 0.573394 0.357405 0.299151 0.076889 0.449563 0.029625 0.289619 -0.052176 -0.202422 -0.320940 0.112322 -0.280323 0.168185 -0.080182 0.064381 0.162344 0.230536 -0.089342 0.060540 -0.202027 0.208074 -0.104437 0.313068 0.279610 0.078342 0.284451 0.099161 0.199946 -0.240998 -0.370542 -0.148204 -0.287266 -0.060128 -0.191712 0.257975 0.161103 0.158576 0.082403 0.010667 -0.010744 0.230601 -0.040377 -0.097811 -0.317289 -0.141982 -0.108618 -0.046514 -0.136272 -0.233431 -0.285660 0.074224 -0.393675 -0.273173 -0.478542 -0.295293 -0.423579 0.175907 -0.015970 0.137151 0.019857 -0.042513 -0.240298 -0.006346 0.003076 0.056974 -0.374253 -0.103422 0.070893 -0.207355 -0.354019 -0.126103 -0.180879 0.020097 -0.064825 -0.126076 -0.204445 -0.009908 -0.038192 -0.295536 -0.381136 0.146568 -0.146106 -0.170269 0.237259 0.063030 0.166734 0.103758 0.005785 -0.359523 -0.238486 -0.357368 -0.395669 -0.473352 0.406287 -0.374445 -0.280499 -0.208574 0.163087 -0.331092 -0.228083 -0.281162 -0.382131 0.121406 -0.225989 -0.296443 -0.242460 -0.058484 0.054799
-0.029652 -0.275648 0.368591 0.156381 -0.008288 -0.037901 0.344388 1.000000 -0.065993 0.284610 -0.171865 -0.081904 -0.016667 -0.203806 -0.169806 -0.411349 -0.107666 -0.390397 -0.037150 -0.435659 0.139066 0.116501 -0.024282 0.009780 0.185489 0.147252 -0.052710 -0.132477 -0.108050 -0.295082 0.332712 0.456624 0.181528 0.400093 0.184268 0.382343 -0.433089 -0.468968 -0.464166 -0.410201 -0.142614 -0.374312 0.135198 0.056794 0.233138 0.398343 -0.040087 -0.112621 0.107849 -0.078974 0.145904 -0.085574 -0.006107 -0.012282 -0.419349 -0.393351 -0.317876 -0.481713 -0.032374 -0.131720 -0.100824 -0.099501 -0.141856 -0.153359 0.167662 0.369702 0.271146 0.393953 -0.285176 -0.314483 -0.042558 -0.072869 -0.231559 -0.119765 -0.036915 0.070392 -0.232939 -0.263876 -0.106810 -0.084289 0.080934 0.097426 -0.326281 -0.212217 -0.062425 -0.174186 -0.197798 -0.283491 -0.068797 -0.439259 0.095759 -0.051445 0.115803 -0.101216 0.184434 0.013626 -0.341765 -0.146931 -0.307221 -0.365102 -0.189785 0.023700 -0.093778 -0.004300 -0.058686 0.279641 -0.311402 -0.074143 -0.321547 -0.218017 0.279104 -0.441868 -0.458493 -0.138642 0.169531 0.089564
0.297816 -0.135690 0.432428 -0.143463 0.898075 0.593429 0.573394 -0.065993 1.000000 0.591195 0.377858 0.358065 0.445122 0.137632 0.676371 0.426892 -0.371857 -0.292244 0.146321 -0.195497 0.254437 -0.065650 0.406824 0.398754 0.403913 0.175584 0.363443 0.196347 0.177239 0.014824 0.388347 0.220175 0.003521 0.210176 0.053026 -0.127675 0.060910 -0.001552 0.207392 -0.082430 0.089817 0.120109 0.057090 0.120690 -0.334365 -0.308510 -0.000027 0.032319 0.035971 -0.329691 -0.315558 -0.474347 -0.347951 -0.048852 0.154211 -0.050721 -0.085601 0.222670 -0.063065 -0.667755 -0.306409 -0.582781 -0.429092 -0.572538 0.418459 0.145736 -0.304981 -0.251296 0.300669 -0.052072 0.077653 0.258439 -0.032819 -0.230204 -0.163634 0.062199 0.170381 0.161045 0.045851 0.183943 -0.072816 -0.109871 0.160355 0.118485 0.169852 -0.038463 0.051216 -0.219810 0.570174 0.145319 -0.018271 0.293596 0.386241 0.543066 -0.025749 -0.057980 0.038595 -0.135724 -0.166035 -0.053643 -0.383297 0.262166 -0.414484 -0.509793 -0.343188 -0.153468 -0.182839 -0.244251 0.005097 0.000118 0.191942 0.070525 0.131072 -0.057174 -0.141853 -0.151601
0.189499 -0.026600 0.283054 -0.266209 0.623636 0.633273 0.357405 0.284610 0.591195 1.000000 0.097929 0.263667 0.227280 0.099114 0.354355 0.270758 -0.356502 -0.297814 -0.083733 -0.285413 0.059944 0.013173 0.141220 -0.005409 0.477232 0.137262 0.374185 0.035071 -0.030564 0.021235 0.386227 0.257087 -0.057024 0.306969 -0.033910 0.120527 -0.301521 -0.226954 -0.014770 -0.029302 -0.056708 -0.003268 -0.034184 -0.061677 -0.070577 -0.029938 0.004902 -0.104516 0.228476 -0.113744 -0.196638 -0.147440 -0.121642 0.131288 0.057906 -0.153392 -0.072710 0.011843 -0.012844 -0.438771 -0.221340 -0.235991 -0.278877 -0.434784 0.096989 0.415469 -0.174649 -0.006028 0.062241 0.040901 0.077207 0.103100 -0.229185 0.017164 -0.292444 0.052609 -0.013468 0.017389 0.071330 0.138339 -0.023025 -0.067970 -0.018796 0.030325 -0.181610 -0.453612 -0.074470 -0.314973 0.296594 -0.010789 0.259883 0.128400 0.270744 0.234932 0.047509 0.078298 0.053938 -0.085123 -0.045225 -0.087183 -0.228527 0.328307 -0.352132 -0.143600 -0.186550 0.063242 -0.017131 0.117375 0.081474 0.156384 0.285315 0.007309 0.058398 0.010954 0.070837 -0.085556
0.269690 0.169030 -0.063380 -0.075238 0.394653 0.055486 0.299151 -0.171865 0.377858 0.097929 1.000000 0.551616 0.711405 0.487358 0.555970 0.428211 -0.233157 -0.100500 0.127954 -0.081023 -0.058726 -0.033229 0.191959 0.307085 0.037965 -0.129769 0.187232 -0.085682 0.331680 0.069100 -0.078965 0.034948 -0.185956 -0.085813 -0.104216 -0.217745 0.088753 -0.073576 0.129212 -0.151904 0.074209 0.077681 -0.106545 -0.165894 -0.233092 -0.328127 -0.124930 -0.101291 0.123816 0.016232 -0.087796 -0.058388 0.099823 0.117350 0.314580 0.003807 0.006785 0.171706 -0.136648 -0.361099 -0.324852 -0.370747 -0.437297 -0.432495 0.172027 -0.031056 -0.237091 -0.359327 0.331165 -0.127409 0.062388 0.320548 0.029487 -0.210612 0.053389 0.181389 0.052225 0.027844 -0.126947 0.073037 -0.068570 0.038381 0.287204 0.072688 0.305808 0.148268 -0.018354 -0.068155 0.387028 0.314687 0.081654 0.386385 0.339619 0.196531 0.223628 0.074073 -0.121253 -0.047555 -0.195917 -0.116126 -0.221533 0.125685 -0.340005 -0.287233 -0.174534 0.001052 -0.179602 -0.129174 0.091011 -0.115571 -0.042403 -0.121744 -0.032158 -0.173952 0.034815 0.180064
0.118793 0.373928 -0.169934 -0.160488 0.319087 0.134117 0.076889 -0.081904 0.358065 0.263667 0.551616 1.000000 0.549728 0.683686 0.406827 0.587519 -0.422326 0.037448 -0.226772 -0.159464 -0.132329 -0.025974 0.123311 0.301373 0.045304 0.039973 0.093404 0.142731 0.047711 0.215031 -0.066861 -0.229094 -0.343854 -0.302739 -0.100288 -0.286377 -0.044903 0.291627 0.035887 0.077118 -0.094950 0.119160 -0.138846 -0.113215 -0.440222 -0.384291 0.123145 0.071819 0.289224 0.035194 0.092785 0.191598 0.194692 0.246150 0.359182 0.133131 -0.084431 0.356142 -0.299846 -0.324969 -0.401173 -0.111932 -0.534920 -0.448526 0.243813 0.414695 -0.520751 -0.313810 0.249546 0.015741 0.050015 0.070925 -0.127395 -0.057652 -0.171036 -0.009497 0.051985 0.040459 -0.096340 0.317137 -0.409759 -0.156510 0.160945 0.156621 0.109130 0.122180 -0.012178 0.117335 0.350322 0.539210 0.214168 0.332624 0.486836 0.309659 0.273076 0.090588 0.231581 0.255285 -0.081733 -0.012915 0.077095 0.022822 -0.165993 -0.142886 0.054798 0.061798 0.029911 0.275126 0.326080 0.086896 0.091813 0.198070 0.151137 0.075906 0.156461 -0.107510
0.162118 0.082664 -0.037720 -0.008397 0.452513 0.033936 0.449563 -0.016667 0.445122 0.227280 0.711405 0.549728 1.000000 0.466410 0.588430 0.496227 -0.243066 -0.009580 -0.088911 -0.154815 -0.187212 -0.127449 0.097903 0.195286 0.070520 -0.150894 0.141745 -0.041475 0.287302 0.103791 -0.026398 0.001709 -0.077420 -0.060128 -0.167106 -0.312372 -0.027746 0.139936 0.322621 0.099653 0.056653 0.100277 0.004910 -0.000407 -0.203700 -0.234461 -0.045339 -0.070855 0.048640 -0.041727 -0.219326 -0.137635 0.038192 -0.108942 0.316070 0.026456 -0.103981 0.142063 -0.085383 -0.359016 -0.133979 -0.217949 -0.358102 -0.376167 0.233323 0.111774 -0.299631 -0.364011 0.272678 -0.016456 -0.090246 0.153744 0.076339 -0.190215 -0.097712 -0.039688 0.075099 0.093997 -0.165487 0.167034 -0.262812 -0.166670 0.288690 0.147783 0.048130 0.063411 -0.049085 -0.007450 0.303437 0.320845 -0.043489 0.226613 0.261476 0.172035 0.053576 0.033637 0.026758 -0.049429 -0.239461 -0.181927 -0.172454 0.146634 -0.263652 -0.195152 0.001119 -0.079374 -0.072554 -0.106137 0.058381 -0.131023 0.017560 0.018956 0.111946 0.058040 0.075750 -0.027164
0.161714 0.666401 -0.335921 -0.184957 0.090094 -0.100808 0.029625 -0.203806 0.137632 0.099114 0.487358 0.683686 0.466410 1.000000 0.192477 0.508032 -0.127790 0.193804 -0.229637 0.013154 -0.238587 -0.110408 -0.124770 -0.045053 -0.157979 -0.219311 0.060718 -0.097210 0.194257 0.324920 -0.210399 -0.358138 -0.416255 -0.452408 -0.146404 -0.328879 -0.016730 0.245771 0.104400 0.194269 0.064540 0.283704 -0.046583 -0.118764 -0.248991 -0.366198 0.051867 0.102596 0.312116 0.287970 0.031824 0.332296 0.355140 0.114789 0.515179 0.218020 -0.012639 0.262138 -0.130949 0.064758 -0.183833 0.192893 -0.275541 -0.150734 -0.164962 0.098276 -0.370663 -0.324855 0.016982 0.023653 0.178612 -0.009069 0.026885 -0.002494 0.098664 -0.008928 -0.059715 -0.098378 -0.141836 0.084802 -0.335919 -0.346093 0.039305 0.108068 -0.008025 -0.066930 0.004236 0.083455 0.084985 0.613356 0.309467 0.343218 0.182641 -0.020528 0.125966 0.035736 0.182485 0.113490 0.109855 0.051638 0.078610 0.067403 0.002802 -0.016031 -0.022654 -0.013140 0.119826 0.162168 0.216538 -0.147393 -0.079870 0.134861 0.158741 -0.028009 0.033395 -0.037236
0.039426 -0.051624 0.202166 0.297471 0.716632 0.429752 0.289619 -0.169806 0.676371 0.354355 0.555970 0.406827 0.588430 0.192477 1.000000 0.648426 -0.434079 -0.188798 0.239663 -0.041923 0.170459 -0.010113 0.573517 0.360082 0.326028 0.217251 0.439761 0.479215 0.342907 0.221855 0.381552 0.330548 0.175464 0.089502 0.049616 -0.201182 0.247862 0.161979 0.355202 0.075871 0.243072 0.177439 -0.190626 -0.082750 -0.551675 -0.560520 -0.078135 -0.054919 -0.251664 -0.417371 -0.176284 -0.352092 -0.126083 0.221342 0.120983 -0.092979 -0.000969 0.464575 -0.315725 -0.590385 -0.339605 -0.494244 -0.475131 -0.455760 0.557511 -0.061925 -0.486004 -0.491909 0.554007 0.137584 0.094747 0.261006 -0.049216 -0.083044 -0.088223 0.105930 0.267463 0.179949 -0.121001 0.272710 -0.277589 -0.052814 0.555169 0.527268 0.201848 0.135437 0.227505 0.122577 0.592713 0.224384 -0.048073 0.319052 0.355316 0.304130 -0.014664 -0.014955 0.047778 -0.009398 -0.132680 0.013623 -0.242890 -0.008407 -0.435192 -0.411397 -0.049008 -0.212199 -0.015459 -0.233847 0.115387 0.069167 0.102849 0.156896 0.201482 0.000572 -0.006253 -0.116440
0.017692 0.304987 -0.239891 0.157588 0.393218 0.191667 -0.052176 -0.411349 0.426892 0.270758 0.428211 0.587519 0.496227 0.508032 0.648426 1.000000 -0.244595 0.157373 -0.042872 0.283300 -0.265238 -0.106581 0.150895 0.087061 -0.055731 -0.099698 0.189356 0.200016 0.305173 0.449767 -0.003177 -0.172189 -0.124148 -0.216010 -0.268356 -0.437719 0.265397 0.462416 0.487173 0.463453 0.291177 0.502844 -0.133659 -0.133653 -0.473144 -0.554101 0.158823 0.131555 -0.212601 -0.125637 -0.262884 -0.107666 0.003972 0.189257 0.446961 0.298958 0.115099 0.604259 -0.316114 -0.310543 -0.108612 0.001115 -0.205889 -0.176198 0.270260 -0.012957 -0.668580 -0.608597 0.443353 0.352327 0.151148 -0.005623 0.067542 -0.019725 -0.194211 -0.195003 0.300556 0.289937 -0.014988 0.452764 -0.291479 -0.226246 0.500513 0.641262 -0.004617 0.102273 0.123533 0.260147 0.408041 0.550392 0.175890 0.216668 0.313421 0.161361 -0.189276 -0.027997 0.406062 0.074214 0.298734 0.340987 0.149268 -0.059387 -0.157866 -0.309264 -0.059071 -0.352914 0.194059 -0.115449 0.256348 0.146730 -0.201098 0.499719 0.523764 0.178482 0.006425 -0.234126
0.161632 0.105492 -0.264974 0.156783 -0.398594 -0.539793 -0.202422 -0.107666 -0.371857 -0.356502 -0.233157 -0.422326 -0.243066 -0.127790 -0.434079 -0.244595 1.000000 0.509076 0.118399 0.355236 -0.293338 -0.231585 -0.468603 -0.379210 -0.514643 -0.543320 -0.455805 -0.506884 0.304137 0.115958 -0.434170 -0.323642 0.073820 -0.189861 -0.202687 -0.239222 0.203471 -0.038183 -0.134221 0.055094 0.139561 0.289115 0.130098 0.005394 0.193424 -0.036360 -0.065835 0.054463 -0.326523 0.117278 -0.315789 0.010060 0.221704 -0.142226 -0.114835 0.134822 0.510530 -0.272163 0.315782 0.416407 0.662897 0.412744 0.808303 0.735522 -0.527190 -0.483363 0.334454 -0.150003 -0.090260 -0.020663 -0.123134 -0.145427 0.562855 0.266702 0.352647 -0.087927 0.039305 -0.040911 0.206709 -0.162782 0.443307 0.267639 -0.329045 -0.087730 -0.259425 -0.134897 -0.191272 -0.116943 -0.436423 -0.051185 0.177831 -0.119370 -0.199532 -0.364209 -0.185475 -0.153285 -0.154111 -0.068246 0.365588 0.276330 0.212323 0.051315 0.457689 0.297154 0.017990 -0.000267 -0.002994 -0.117831 -0.194768 -0.176679 -0.521615 -0.104442 -0.020923 -0.153082 -0.148622 0.047120
-0.076803 0.299306 -0.413331 0.101197 -0.311049 -0.324849 -0.320940 -0.390397 -0.292244 -0.297814 -0.100500 0.037448 -0.009580 0.193804 -0.188798 0.157373 0.509076 1.000000 -0.086820 0.232319 -0.380352 -0.276727 -0.284523 -0.237784 -0.433952 -0.417467 -0.406382 -0.168421 0.272008 0.403562 -0.373945 -0.476703 -0.073828 -0.372376 -0.145691 -0.449967 0.161572 0.496217 0.097384 0.467929 0.094354 0.399463 -0.173873 -0.245966 0.014861 -0.176205 -0.067475 -0.025409 -0.129016 0.134313 -0.210021 0.263799 0.318027 0.000440 0.180073 0.249521 0.253957 0.190576 0.147646 0.424450 0.383635 0.529923 0.455918 0.545477 -0.301421 -0.178615 -0.019308 -0.307567 -0.049726 -0.003680 -0.141283 -0.022396 0.410993 0.308448 0.073286 -0.375300 0.200309 0.253453 0.179908 0.196720 -0.068305 0.078018 -0.076811 0.120440 -0.235157 -0.014956 -0.108847 0.241897 -0.322450 0.364157 0.043248 -0.249331 -0.195483 -0.141357 -0.229819 -0.120192 0.240467 0.055282 0.255647 0.204331 0.377306 -0.100031 0.365491 0.225459 0.304898 -0.168490 0.361805 0.075614 0.100800 0.020401 -0.373460 0.225032 0.180967 0.091556 -0.090858 -0.074004
0.147982 -0.036444 0.184610 0.364856 0.148766 -0.006549 0.112322 -0.037150 0.146321 -0.083733 0.127954 -0.226772 -0.088911 -0.229637 0.239663 -0.042872 0.118399 -0.086820 1.000000 0.318970 0.046723 0.247854 0.226057 -0.042239 -0.017206 -0.035013 0.035921 0.073541 0.458625 0.180457 0.332574 0.364237 0.415837 0.295734 0.173178 0.009786 0.110181 -0.050488 -0.026902 -0.183504 0.184773 -0.035362 -0.116871 -0.150099 -0.301407 -0.384454 -0.197328 -0.058224 -0.437214 -0.381669 -0.223157 -0.336083 -0.252819 -0.021344 -0.126774 -0.201461 0.173789 0.088208 -0.079661 -0.064478 -0.061180 -0.214577 0.013704 -0.008710 0.290431 -0.379524 -0.010173 -0.290236 0.254580 0.060654 -0.098344 0.064756 0.203398 0.044298 0.366291 0.353815 0.198802 0.083031 -0.158267 0.006834 -0.015887 0.110232 0.269470 0.269913 0.065531 -0.010926 0.087929 -0.012004 0.121780 -0.217236 -0.006828 0.184401 -0.033663 -0.157396 0.059205 0.014510 -0.280156 0.069919 -0.081429 0.067751 -0.240751 -0.046595 -0.081544 -0.051346 0.000688 -0.038390 0.080850 -0.188615 -0.089185 -0.068392 -0.101703 0.024794 -0.166979 -0.109630 -0.008117 0.129206
-0.033190 0.345716 -0.392856 0.272309 -0.177497 -0.333637 -0.280323 -0.435659 -0.195497 -0.285413 -0.081023 -0.159464 -0.154815 0.013154 -0.041923 0.283300 0.355236 0.232319 0.318970 1.000000 -0.468575 0.088326 -0.326089 -0.516339 -0.420396 -0.404431 -0.256546 -0.205262 0.385502 0.526082 -0.211088 -0.265966 0.234729 -0.022439 -0.349515 -0.275851 0.281830 0.295958 0.197390 0.363895 0.315855 0.338437 0.087919 0.011176 -0.097492 -0.379986 0.355021 0.321752 -0.491576 -0.069157 -0.271341 -0.211313 -0.072224 -0.065661 0.214341 0.377687 0.293735 0.436032 -0.237152 0.161911 0.236313 0.253469 0.469358 0.480720 -0.164013 -0.593648 -0.284609 -0.466867 0.420578 0.564029 -0.079672 -0.348394 0.317817 0.086792 0.041676 -0.072830 0.271270 0.162756 -0.017060 0.115810 0.116403 0.201496 0.277544 0.503461 -0.313630 0.061446 -0.123354 0.182426 -0.197083 -0.073654 0.129190 -0.046967 -0.338888 -0.355043 -0.209890 0.031011 0.354562 0.273529 0.586348 0.502854 0.240395 -0.229542 0.255290 -0.006965 0.066874 -0.238789 0.324837 -0.087053 0.222382 0.255532 -0.437741 0.565836 0.410062 0.379706 -0.092369 -0.049470
0.079430 -0.394791 0.477108 -0.141254 0.238458 0.401488 0.168185 0.139066 0.254437 0.059944 -0.058726 -0.132329 -0.187212 -0.238587 0.170459 -0.265238 -0.293338 -0.380352 0.046723 -0.468575 1.000000 0.003755 0.410287 0.467557 0.534143 0.641742 0.362319 0.362234 -0.308537 -0.380477 0.474027 0.488017 0.126741 0.310395 0.211901 0.259223 0.132481 -0.286587 -0.127850 -0.498639 -0.020299 -0.251833 -0.108758 0.013866 -0.111489 0.099808 -0.206442 -0.236204 0.089760 -0.291904 0.138623 -0.230442 -0.074832 -0.079046 -0.215842 -0.383248 -0.060069 -0.027604 0.117782 -0.227467 -0.278055 -0.433758 -0.314964 -0.255692 0.227366 0.122290 0.146921 0.266426 -0.095748 -0.332543 0.267360 0.347411 -0.219082 -0.084328 -0.057921 0.320387 -0.066143 -0.048052 0.254294 -0.118118 0.173636 0.081810 -0.057834 -0.226482 0.412231 0.190836 0.170938 -0.106276 0.169791 -0.129329 -0.272033 0.053865 0.296987 0.411549 -0.035574 -0.154411 -0.241832 -0.238673 -0.375361 -0.322137 -0.385219 0.018498 -0.359093 -0.327139 -0.271741 -0.002102 -0.411882 -0.262381 -0.148236 -0.044247 0.352402 -0.404043 -0.345194 -0.209767 -0.190087 -0.047791
0.032365 -0.047404 0.019412 -0.085578 0.040908 0.049467 -0.080182 0.116501 -0.065650 0.013173 -0.033229 -0.025974 -0.127449 -0.110408 -0.010113 -0.106581 -0.231585 -0.276727 0.247854 0.088326 0.003755 1.000000 0.191410 -0.072182 0.110880 0.351636 0.139065 0.146088 -0.069236 -0.091316 0.141110 0.213245 0.192370 0.165646 0.006972 0.324710 -0.003127 -0.124428 -0.007824 -0.080846 0.195892 -0.124519 0.062149 -0.043674 -0.209157 -0.181802 0.216127 0.107291 -0.060838 -0.177135 0.211422 -0.057798 -0.033720 0.121943 -0.083723 -0.049905 -0.074993 0.079039 -0.276269 -0.085992 -0.194892 -0.101256 -0.083036 -0.101253 0.138636 0.023736 -0.231110 -0.030329 0.051625 0.038180 0.002324 0.027769 -0.080920 0.014492 -0.027205 0.255113 0.045230 -0.107902 -0.076149 -0.055900 -0.051114 0.078922 0.086129 0.075802 -0.034484 0.016578 -0.000840 0.100668 -0.098893 -0.321759 -0.015604 0.213879 -0.150818 -0.039197 0.322554 0.207872 0.074951 0.249414 -0.052281 0.087112 -0.182902 -0.384700 -0.265869 -0.082595 -0.045242 0.258782 0.115026 0.092743 0.165810 0.186042 0.100172 0.143811 0.008356 0.156723 0.184672 0.128409
-0.021010 -0.285800 0.471544 0.247335 0.431168 0.527425 0.064381 -0.024282 0.406824 0.141220 0.191959 0.123311 0.097903 -0.124770 0.573517 0.150895 -0.468603 -0.284523 0.226057 -0.326089 0.410287 0.191410 1.000000 0.632506 0.496109 0.625226 0.590961 0.739073 0.019063 -0.094463 0.503138 0.520615 0.104670 0.124896 0.338233 0.028854 0.178871 0.095691 0.159752 -0.210404 0.088082 -0.052799 -0.167563 0.050401 -0.453985 -0.305992 -0.031386 0.007906 0.045312 -0.325007 0.234857 -0.142120 -0.278803 0.163137 -0.048040 -0.104599 -0.142331 0.176954 -0.330087 -0.470662 -0.504052 -0.608928 -0.460273 -0.532902 0.613360 0.134263 -0.300804 -0.146959 0.142975 -0.167892 0.252289 0.468199 -0.152852 -0.040984 -0.024843 0.258582 0.163475 0.230751 -0.028412 0.249942 -0.225889 -0.063374 0.410033 0.190381 0.419563 0.121446 0.602409 0.103401 0.548202 0.116382 -0.271484 0.178420 0.193341 0.313420 -0.044452 -0.173521 -0.048624 -0.153476 -0.204483 0.083205 -0.312653 -0.149998 -0.364989 -0.433160 -0.188970 -0.240838 -0.085656 -0.225375 0.060374 0.146592 0.436345 0.037655 0.018655 -0.076732 -0.065126 -0.117242
0.083180 -0.373963 0.336300 0.004550 0.349559 0.356382 0.162344 0.009780 0.398754 -0.005409 0.307085 0.301373 0.195286 -0.045053 0.360082 0.087061 -0.379210 -0.237784 -0.042239 -0.516339 0.467557 -0.072182 0.632506 1.000000 0.395640 0.529192 0.359151 0.389519 -0.087996 -0.413666 0.166762 0.302678 -0.132776 -0.007713 0.131231 -0.169880 0.099936 -0.086674 -0.039235 -0.425499 -0.103087 -0.093176 0.028714 0.180327 -0.310321 -0.114068 -0.057686 -0.049808 0.219115 -0.169837 0.193880 -0.043756 -0.056458 0.047239 -0.080574 -0.161420 -0.089820 -0.008285 -0.064149 -0.478854 -0.456951 -0.662589 -0.511796 -0.583459 0.468194 0.170531 -0.028895 0.018028 0.036553 -0.474996 0.209936 0.449950 -0.144995 -0.217610 0.032705 0.281836 -0.013969 0.092579 0.159402 0.083882 -0.031623 -0.064148 0.085930 -0.167534 0.643452 0.429996 0.309052 0.024370 0.512069 0.223465 -0.332208 0.221881 0.353683 0.431580 0.065367 -0.213867 -0.286321 -0.198966 -0.343962 -0.214601 -0.392262 -0.058178 -0.351540 -0.404315 -0.292797 -0.056918 -0.483821 -0.245902 -0.149428 -0.135806 0.317444 -0.307852 -0.195605 -0.244159 -0.058367 -0.047495
0.156920 -0.349181 0.510422 -0.278972 0.516887 0.701602 0.230536 0.185489 0.403913 0.477232 0.037965 0.045304 0.070520 -0.157979 0.326028 -0.055731 -0.514643 -0.433952 -0.017206 -0.420396 0.534143 0.110880 0.496109 0.395640 1.000000 0.713409 0.703056 0.455187 -0.242596 -0.291899 0.445585 0.527105 0.146854 0.463087 0.139345 0.219927 -0.117182 -0.259557 0.037256 -0.306446 -0.095989 -0.324817 -0.017171 0.113871 -0.173071 0.114644 -0.114345 -0.232805 0.219475 -0.313012 0.095657 -0.224087 -0.209371 -0.136171 -0.283780 -0.508613 -0.084472 -0.075813 -0.060016 -0.462200 -0.383661 -0.498797 -0.383401 -0.505176 0.202266 0.311773 0.057387 0.289689 0.159017 -0.202406 0.095116 0.258541 -0.377423 -0.160947 -0.332689 0.283389 0.031442 0.039212 0.194746 0.055642 -0.002443 0.013138 0.033076 -0.115072 0.086140 -0.074268 0.148026 -0.216604 0.265324 -0.105516 -0.175203 0.042292 0.214580 0.380915 0.027780 -0.015496 -0.176858 -0.157049 -0.492613 -0.294176 -0.510857 -0.020626 -0.554521 -0.305792 -0.271560 -0.061236 -0.247126 -0.119105 -0.032936 0.188103 0.584430 -0.239487 -0.130013 -0.091848 -0.076253 -0.052479
-0.048600 -0.356622 0.443054 -0.091469 0.218133 0.632438 -0.089342 0.147252 0.175584 0.137262 -0.129769 0.039973 -0.150894 -0.219311 0.217251 -0.099698 -0.543320 -0.417467 -0.035013 -0.404431 0.641742 0.351636 0.625226 0.529192 0.713409 1.000000 0.652359 0.708379 -0.357725 -0.394964 0.442989 0.508194 0.163981 0.256031 0.164335 0.213809 0.095414 -0.042976 -0.006947 -0.268658 -0.046323 -0.297101 -0.023378 0.191080 -0.303870 -0.029128 -0.003959 -0.031851 0.107319 -0.334839 0.293072 -0.110818 -0.238456 -0.025619 -0.230085 -0.316843 -0.155156 0.073651 -0.235709 -0.349356 -0.422310 -0.466083 -0.400721 -0.448388 0.346728 0.305301 -0.134147 0.197314 0.087569 -0.199159 0.203734 0.333203 -0.345012 -0.075498 -0.243511 0.247058 0.032791 0.139126 0.116350 0.139341 -0.137340 -0.106250 0.144635 -0.072381 0.308560 0.226310 0.376153 0.171452 0.237380 -0.097017 -0.291977 0.064681 0.250007 0.357878 0.032531 -0.079908 -0.031153 -0.034524 -0.341941 -0.117043 -0.310766 -0.312174 -0.402721 -0.275622 -0.211095 -0.066763 -0.145514 -0.145255 0.032045 0.246055 0.581777 -0.131402 -0.071043 0.039844 -0.038437 -0.108267
0.034528 -0.111174 0.317791 -0.108854 0.385051 0.667125 0.060540 -0.052710 0.363443 0.374185 0.187232 0.093404 0.141745 0.060718 0.439761 0.189356 -0.455805 -0.406382 0.035921 -0.256546 0.362319 0.139065 0.590961 0.359151 0.703056 0.652359 1.000000 0.568931 -0.134430 -0.184361 0.351176 0.428611 0.065610 0.256876 0.026357 0.077795 0.180292 -0.101627 0.193595 -0.166737 0.137203 -0.083229 -0.148644 0.025475 -0.362806 -0.166671 -0.114325 -0.095768 0.089947 -0.306570 0.021299 -0.198407 -0.177091 0.045475 0.020795 -0.287252 -0.085332 0.070637 -0.105558 -0.348177 -0.310994 -0.412840 -0.329438 -0.431420 0.175135 0.223277 -0.150238 -0.004080 0.177939 -0.087246 0.141645 0.349330 -0.236129 -0.109168 -0.204017 0.369149 0.111649 0.208334 0.136246 0.196373 -0.028430 -0.120061 0.346221 0.083345 0.219657 -0.051678 0.482120 -0.021852 0.511542 0.171259 -0.158905 0.106512 0.174436 0.192268 -0.106897 -0.054007 -0.115071 -0.205246 -0.257143 -0.092819 -0.386064 -0.108122 -0.413342 -0.365986 -0.331276 -0.157324 -0.050883 -0.255678 0.006308 0.174763 0.384098 -0.040243 0.044077 -0.127662 -0.143282 -0.098430
-0.275220 -0.176001 0.264866 0.290222 0.191774 0.566484 -0.202027 -0.132477 0.196347 0.035071 -0.085682 0.142731 -0.041475 -0.097210 0.479215 0.200016 -0.506884 -0.168421 0.073541 -0.205262 0.362234 0.146088 0.739073 0.389519 0.455187 0.708379 0.568931 1.000000 -0.190026 0.011908 0.353319 0.315764 0.188383 -0.000658 0.242628 0.082056 0.257141 0.395610 0.249682 0.103301 0.058704 -0.065032 -0.251124 0.074908 -0.546019 -0.322354 -0.031522 0.092456 -0.118803 -0.382924 0.241386 -0.023131 -0.200823 0.220590 -0.106714 -0.044621 -0.162348 0.347103 -0.375056 -0.241236 -0.375063 -0.295656 -0.359697 -0.331278 0.493718 0.221733 -0.411702 -0.116006 0.239223 0.081653 0.112925 0.241732 -0.199659 0.064646 -0.137643 0.060655 0.276689 0.286005 -0.085169 0.336165 -0.452517 -0.234208 0.499723 0.307960 0.248060 0.228374 0.639005 0.466681 0.370307 0.184302 -0.294741 -0.032732 0.172647 0.193972 -0.032947 0.027831 0.182678 0.120172 -0.142272 0.112640 -0.000820 -0.341605 -0.220988 -0.186831 0.126054 -0.223925 0.217085 -0.076480 0.188581 0.305975 0.368623 0.245607 0.198259 0.133076 0.054565 -0.202972
0.272497 0.200841 0.002110 0.423849 0.177038 -0.247851 0.208074 -0.108050 0.177239 -0.030564 0.331680 0.047711 0.287302 0.194257 0.342907 0.305173 0.304137 0.272008 0.458625 0.385502 -0.308537 -0.069236 0.019063 -0.087996 -0.242596 -0.357725 -0.134430 -0.190026 1.000000 0.555795 0.146143 0.167611 0.268220 -0.015725 0.159019 -0.257330 0.268129 0.191954 0.099180 0.177209 0.443982 0.362890 -0.065278 -0.159316 -0.179560 -0.477131 -0.073193 0.002529 -0.364402 -0.234498 -0.382097 -0.254821 -0.054890 0.033605 0.084662 0.086804 0.331380 0.156484 -0.117800 -0.087901 0.076918 -0.111833 0.192492 0.084968 0.043460 -0.475408 -0.066064 -0.524274 0.335014 0.156778 -0.042547 -0.054482 0.511984 0.034379 0.352788 -0.021324 0.243885 0.041902 -0.227663 0.094334 -0.108616 0.148885 0.163318 0.473560 -0.203726 -0.086381 -0.178094 0.013535 -0.013128 0.064533 0.160807 0.216654 0.067263 -0.202510 -0.179914 -0.286755 -0.134539 -0.126561 0.189992 0.214475 -0.153736 -0.034931 -0.010419 -0.103559 -0.143335 -0.262744 0.198169 -0.282810 -0.162977 -0.354638 -0.273323 0.030016 -0.075691 -0.095130 -0.161072 -0.070080
-0.048616 0.340290 -0.244662 0.302466 0.027749 -0.185376 -0.104437 -0.295082 0.014824 0.021235 0.069100 0.215031 0.103791 0.324920 0.221855 0.449767 0.115958 0.403562 0.180457 0.526082 -0.380477 -0.091316 -0.094463 -0.413666 -0.291899 -0.394964 -0.184361 0.011908 0.555795 1.000000 0.085980 -0.124210 0.229453 -0.107162 0.022807 -0.149662 0.290148 0.521727 0.207772 0.449754 0.379363 0.429382 -0.244479 -0.341472 -0.185449 -0.403878 0.129139 0.077002 -0.307747 -0.088857 -0.259955 -0.040405 0.028250 0.226825 0.361166 0.309447 0.189235 0.367927 -0.348506 0.048851 0.017843 0.218689 0.195359 0.232527 0.016101 -0.246487 -0.382791 -0.492713 0.297084 0.485248 0.014669 -0.123594 0.387217 0.313991 0.120960 -0.081454 0.520790 0.273992 -0.163796 0.366650 -0.255397 0.042763 0.174215 0.602418 -0.335820 -0.186846 -0.094576 0.185123 -0.066403 0.260596 0.287588 -0.033065 -0.083097 -0.237043 -0.214040 -0.048177 0.312916 0.161374 0.398989 0.329980 0.184372 -0.086843 0.044830 -0.027112 0.137404 -0.230447 0.463841 0.061212 0.082739 0.067133 -0.307550 0.477693 0.280369 0.251061 -0.000668 -0.054513
0.066501 -0.242664 0.590132 0.215708 0.392921 0.369169 0.313068 0.332712 0.388347 0.386227 -0.078965 -0.066861 -0.026398 -0.210399 0.381552 -0.003177 -0.434170 -0.373945 0.332574 -0.211088 0.474027 0.141110 0.503138 0.166762 0.445585 0.442989 0.351176 0.353319 0.146143 0.085980 1.000000 0.813990 0.348705 0.538535 0.383758 0.303879 -0.034974 -0.099672 -0.036819 -0.196831 0.104374 -0.214348 -0.118833 -0.123708 -0.098679 -0.052803 -0.127625 -0.224429 -0.065452 -0.451698 -0.084158 -0.400021 -0.363999 -0.110654 -0.129760 -0.399602 -0.187462 0.092989 -0.179085 -0.384415 -0.356062 -0.437948 -0.403219 -0.404549 0.450419 0.141371 -0.075323 0.034341 0.058228 -0.021045 0.097825 0.252530 -0.188043 0.066374 -0.019613 0.227109 0.096318 0.158613 -0.119258 0.215831 -0.142541 0.008279 0.174766 0.307579 0.004261 -0.088439 0.064300 -0.156322 0.248129 -0.245414 -0.095934 0.048636 0.180390 0.180722 -0.152652 -0.106784 -0.102322 -0.207021 -0.240236 -0.163690 -0.307602 -0.031648 -0.381215 -0.341354 -0.260360 -0.222103 -0.068562 -0.214402 -0.114540 0.027546 0.419701 -0.045937 -0.169256 0.058279 -0.047312 -0.134394
0.095630 -0.432355 0.573100 0.319952 0.301195 0.318571 0.279610 0.456624 0.220175 0.257087 0.034948 -0.229094 0.001709 -0.358138 0.330548 -0.172189 -0.323642 -0.476703 0.364237 -0.265966 0.488017 0.213245 0.520615 0.302678 0.527105 0.508194 0.428611 0.315764 0.167611 -0.124210 0.813990 1.000000 0.488993 0.693486 0.325941 0.346469 -0.013544 -0.315570 -0.134762 -0.439740 0.136853 -0.293864 -0.053232 -0.064235 -0.039381 0.045856 -0.199060 -0.272891 -0.122991 -0.479625 -0.087757 -0.435997 -0.327660 -0.126068 -0.375290 -0.565091 -0.084690 -0.119323 -0.130189 -0.444048 -0.317234 -0.572915 -0.305229 -0.384202 0.381646 0.061041 0.125160 0.107457 0.125426 -0.156163 0.115517 0.318536 -0.058079 0.023105 0.075341 0.392473 0.091603 0.126169 -0.026870 0.133461 0.052112 0.183326 0.164383 0.181747 0.101559 -0.022434 0.108366 -0.162311 0.256665 -0.408492 -0.223105 0.013999 0.087600 0.023416 -0.115139 -0.144110 -0.413589 -0.342617 -0.376895 -0.265083 -0.481750 -0.135249 -0.498812 -0.352897 -0.338426 -0.125422 -0.221934 -0.364932 -0.273818 -0.112317 0.452107 -0.334942 -0.344409 -0.068016 -0.028492 -0.021954
0.040617 -0.307376 0.263707 0.431625 0.134502 0.110168 0.078342 0.181528 0.003521 -0.057024 -0.185956 -0.343854 -0.077420 -0.416255 0.175464 -0.124148 0.073820 -0.073828 0.415837 0.234729 0.126741 0.192370 0.104670 -0.132776 0.146854 0.163981 0.065610 0.188383 0.268220 0.229453 0.348705 0.488993 1.000000 0.630203 0.157099 0.228488 0.230661 0.070212 -0.027785 0.020976 0.230825 -0.034585 -0.176293 -0.160961 -0.085332 -0.079771 -0.181137 -0.183559 -0.535654 -0.605140 -0.170513 -0.479452 -0.306528 -0.046929 -0.353041 -0.255826 0.212462 -0.024516 -0.091528 -0.279532 0.138530 -0.201563 0.166092 0.128857 0.219634 -0.142520 0.104301 -0.006156 0.451007 0.024636 -0.234200 0.045354 0.238435 0.149944 0.090113 0.206795 0.385095 0.270310 0.009525 0.230000 0.054093 0.308044 -0.011262 0.305791 -0.179823 0.073662 -0.110564 0.067085 0.011800 -0.387530 -0.340736 -0.326472 -0.251747 -0.239492 -0.160851 -0.061200 -0.085759 0.006164 -0.097292 -0.092148 -0.310084 -0.336155 -0.279058 -0.140190 0.086785 -0.076725 -0.040623 -0.299976 -0.175349 0.005930 0.162162 -0.048091 -0.262317 0.066413 -0.042047 0.018182
0.241404 -0.349678 0.448815 0.059419 0.320530 0.301387 0.284451 0.400093 0.210176 0.306969 -0.085813 -0.302739 -0.060128 -0.452408 0.089502 -0.216010 -0.189861 -0.372376 0.295734 -0.022439 0.310395 0.165646 0.124896 -0.007713 0.463087 0.256031 0.256876 -0.000658 -0.015725 -0.107162 0.538535 0.693486 0.630203 1.000000 0.093541 0.371387 -0.080337 -0.323565 -0.161709 -0.343037 0.062688 -0.204925 -0.071569 -0.112170 0.112887 0.235135 -0.189272 -0.256828 -0.150709 -0.514145 -0.258152 -0.616093 -0.488045 -0.323098 -0.386862 -0.555562 -0.054926 -0.143756 0.099117 -0.416847 -0.014102 -0.346422 -0.113443 -0.179461 0.212143 0.142676 0.236599 0.266392 0.198425 -0.069302 -0.022714 0.204827 -0.011644 0.053129 -0.142013 0.335506 0.197998 0.243257 0.191841 0.191326 0.279411 0.351039 -0.055899 0.008050 -0.078548 -0.203985 -0.155153 -0.392213 0.214098 -0.548659 -0.254418 -0.186400 -0.129091 0.042460 -0.193154 -0.106772 -0.236402 -0.278952 -0.342894 -0.261313 -0.458585 -0.099877 -0.466516 -0.362058 -0.260532 -0.080882 -0.220930 -0.312485 -0.185786 0.021229 0.331030 -0.250817 -0.317522 0.002891 -0.118113 0.040562
-0.016107 -0.059360 0.346239 0.153732 0.067031 0.128619 0.099161 0.184268 0.053026 -0.033910 -0.104216 -0.100288 -0.167106 -0.146404 0.049616 -0.268356 -0.202687 -0.145691 0.173178 -0.349515 0.211901 0.006972 0.338233 0.131231 0.139345 0.164335 0.026357 0.242628 0.159019 0.022807 0.383758 0.325941 0.157099 0.093541 1.000000 0.500732 -0.042669 0.080767 -0.099834 -0.077662 0.012606 -0.073625 -0.279360 -0.166418 -0.008627 0.176003 -0.431637 -0.245007 0.035532 -0.244119 0.182556 -0.040672 -0.180769 0.117536 -0.206065 -0.287203 -0.014267 -0.063545 0.121410 -0.008537 -0.076413 -0.111784 -0.245617 -0.212611 0.236738 0.210648 0.321649 0.341329 -0.094746 -0.060833 -0.180972 -0.065299 -0.129569 -0.009729 0.248501 -0.101877 -0.046609 -0.120536 -0.397001 -0.168630 -0.304810 -0.055587 -0.075111 0.008535 -0.010588 -0.223405 0.078581 -0.088448 0.110615 -0.093025 -0.129106 -0.131721 0.101461 0.093396 -0.131513 -0.304405 -0.202258 -0.246276 -0.343409 -0.178370 -0.104297 -0.039603 -0.031178 0.051559 0.017293 -0.102132 0.132678 0.087614 -0.263441 -0.355595 0.423660 -0.245845 -0.379487 -0.223683 -0.235983 -0.301909
-0.039195 -0.233134 0.318793 -0.084805 0.015525 0.165304 0.199946 0.382343 -0.127675 0.120527 -0.217745 -0.286377 -0.312372 -0.328879 -0.201182 -0.437719 -0.239222 -0.449967 0.009786 -0.275851 0.259223 0.324710 0.028854 -0.169880 0.219927 0.213809 0.077795 0.082056 -0.257330 -0.149662 0.303879 0.346469 0.228488 0.371387 0.500732 1.000000 -0.230734 -0.334022 -0.332453 -0.287686 -0.133879 -0.371462 -0.049188 -0.116290 0.238733 0.401246 -0.226722 -0.117378 0.103058 -0.176305 0.205883 -0.123196 -0.178864 0.086847 -0.321369 -0.261921 -0.210033 -0.254371 0.119499 0.067535 -0.044732 -0.028622 -0.078759 -0.063669 0.006185 0.196026 0.383770 0.529772 -0.194584 0.070680 -0.057187 -0.118757 -0.174264 -0.068610 -0.100755 -0.005831 -0.167734 -0.306046 -0.212522 -0.263462 -0.019679 0.024968 -0.249010 -0.225994 -0.167926 -0.343340 -0.186248 -0.203926 -0.158557 -0.445837 -0.122589 -0.069885 -0.033420 -0.057362 0.096979 0.064914 -0.177302 -0.036344 -0.315997 -0.253983 -0.159650 0.033225 -0.247318 0.040858 -0.039725 0.241829 -0.050222 0.146586 -0.145256 -0.098040 0.363994 -0.217539 -0.404046 -0.124762 -0.000612 0.023961
