1.000000 0.114867 0.450918 -0.246360 0.252955 -0.206038 0.204209 -0.011614 0.191972 0.091317 0.248131 -0.154369 0.470966 -0.136562 -0.140258 0.149097 0.238663 0.066617 0.523082 0.091090 -0.259789 -0.044066 0.021725 0.022335 -0.199862 -0.211794 -0.016917 -0.266751 0.255501 -0.071654 -0.027960 -0.051341 -0.131965 -0.237855 -0.071508 -0.401768 -0.037666 -0.371108 -0.124566 -0.035142 -0.142913 -0.103017 0.189314 0.267024 -0.352897 -0.335665 0.047766 0.036409 0.034112 -0.088326 -0.169742 -0.393144 -0.077794 -0.279673 0.024698 -0.063625 0.404129 0.127784 0.557340 -0.003384 0.491712 0.162859 0.080773 0.134948 -0.203676 -0.370179 -0.085609 -0.571318 -0.164570 -0.070909 0.061655 -0.252300 0.146293 -0.190608 0.013384 0.096695 0.153812 -0.315590 -0.064136 0.165988 -0.009189 -0.068829 0.127675 -0.105538 -0.176732 -0.307999 -0.121515 0.074647 -0.133824 0.019835 0.092967 0.346174 -0.362450 0.183985 -0.017494 -0.122321 -0.066705 -0.157296 0.048847 0.054896 -0.192517 0.261086 -0.180583 0.146596 -0.062122 0.008891 0.069292 -0.041550 0.034772 -0.153316 -0.068140 -0.168330 0.006989 -0.019992 -0.033050 -0.049665
0.114867 1.000000 -0.200139 0.317997 0.168669 -0.285780 -0.105512 0.244088 0.164092 0.261799 -0.190284 0.453073 -0.170568 0.394450 -0.050387 0.500017 -0.296644 0.076946 0.290015 0.521839 -0.175834 -0.007499 -0.262744 0.023848 -0.128529 -0.342940 -0.545350 -0.467286 0.088742 0.498477 -0.019990 -0.013007 0.360294 -0.011448 -0.042486 0.011435 -0.079016 0.018997 -0.006507 0.248009 -0.024319 0.216301 0.001942 0.024226 0.192600 0.008008 0.038041 0.126657 0.355682 0.342025 -0.228265 0.383663 0.054778 0.354285 -0.161743 0.342012 0.138607 0.167245 -0.160716 0.163619 -0.022314 0.369092 -0.272112 -0.324061 -0.101792 -0.203166 -0.474246 -0.345187 0.235931 0.039487 -0.134557 -0.304727 0.268508 0.044882 0.065160 -0.314069 0.130629 -0.239142 -0.313242 0.174677 -0.261482 -0.398578 0.220541 0.503038 -0.215625 0.042844 -0.384711 0.025980 -0.153000 0.023771 0.164142 -0.097826 -0.092710 -0.372950 -0.357864 -0.334261 -0.111057 -0.450784 0.168181 -0.170526 0.142141 -0.019006 0.277229 -0.336902 -0.219610 -0.452966 0.163835 -0.155266 -0.009676 -0.063019 -0.108604 -0.022494 0.334270 -0.084777 -0.245904 -0.216145
0.450918 -0.200139 1.000000 -0.083556 0.328881 -0.045438 0.525807 -0.093668 0.379814 -0.108359 0.348214 -0.222679 0.383210 -0.424031 0.288627 0.026091 -0.127275 -0.120360 0.269096 -0.084622 -0.182151 0.045835 0.618971 0.344655 0.195049 0.197803 0.357242 0.190663 -0.103168 -0.428140 -0.043071 -0.204472 -0.257361 -0.133802 0.342898 -0.214631 -0.002430 0.068041 -0.131248 0.219887 -0.037848 -0.095891 0.043805 0.093808 -0.492433 -0.395286 -0.183479 0.038912 -0.408776 -0.412998 -0.034948 -0.515507 -0.315071 -0.421731 -0.060213 -0.162467 0.013244 0.101794 0.273043 -0.367260 0.405679 -0.153868 -0.158108 -0.173904 0.465153 0.055778 0.137572 -0.020153 -0.458853 0.132597 -0.020262 -0.242960 -0.266016 -0.395382 -0.192322 -0.076588 0.015552 0.098273 -0.312945 -0.093495 -0.286340 -0.247910 0.433541 -0.074195 0.205975 -0.113468 0.268890 0.113144 0.245850 0.062624 -0.114987 0.473662 -0.185284 0.503841 -0.093193 -0.282354 -0.081323 -0.209652 -0.396525 -0.369944 -0.311862 -0.011557 -0.160129 0.094765 -0.050228 0.067856 0.114477 0.242541 -0.146241 -0.249053 -0.092098 -0.318641 -0.171413 0.006195 -0.018430 -0.311072
-0.246360 0.317997 -0.083556 1.000000 0.090633 0.143161 0.008928 0.615202 -0.011764 0.274574 -0.211399 0.131525 -0.321557 0.082201 0.021841 0.079190 -0.209646 -0.086746 -0.189789 -0.021430 -0.003367 -0.037190 -0.099422 0.376704 0.093655 0.207242 -0.082807 0.021630 -0.071999 0.111095 0.218977 0.271532 0.097808 0.022022 -0.024048 -0.107435 -0.251634 0.136358 0.029116 0.207270 -0.186223 0.083002 -0.065681 -0.123809 -0.082553 -0.074241 -0.209509 -0.067490 -0.224826 -0.171849 -0.220424 -0.020458 -0.041134 -0.183619 -0.301025 -0.044937 0.155590 0.156948 -0.287710 0.051446 -0.104272 -0.041154 -0.138296 -0.295930 0.144926 0.253665 -0.013752 0.149237 0.089328 -0.048874 -0.145079 -0.088873 -0.169565 -0.179810 -0.215769 -0.271941 -0.206176 0.180639 -0.184176 -0.084898 -0.120275 -0.144738 0.148147 0.283603 -0.022357 0.059378 0.030989 0.085765 0.098844 -0.064494 -0.053667 -0.150216 0.253476 -0.175274 -0.025501 -0.129989 -0.255253 -0.108158 -0.190422 -0.221863 0.124181 -0.270053 0.183502 0.001036 -0.031088 -0.116969 0.061509 0.257768 -0.044562 0.071682 -0.087177 -0.298267 -0.153287 -0.201082 -0.078042 -0.262823
0.252955 0.168669 0.328881 0.090633 1.000000 -0.133617 0.618574 0.344393 0.603723 0.553895 0.025290 0.329133 0.267487 0.234025 -0.276930 0.300774 -0.085046 0.336456 0.489570 -0.040888 -0.406173 -0.359815 -0.067913 0.287245 0.080632 -0.444727 0.101793 -0.421162 0.386255 0.133487 -0.032834 -0.015685 0.183442 -0.139468 0.011397 -0.302129 -0.299611 -0.343677 -0.198354 -0.008386 -0.063067 -0.208728 0.127838 -0.048332 -0.322681 -0.424261 -0.151068 0.211266 -0.071715 -0.068528 -0.435812 -0.113177 -0.112764 -0.206446 -0.250589 -0.165512 0.060747 -0.024012 0.333631 -0.114977 0.149311 0.220538 -0.188959 -0.286837 0.179087 -0.074090 -0.090107 -0.388953 0.070307 -0.154210 -0.071993 -0.182371 0.145337 0.110026 0.285454 0.183503 -0.110597 -0.303541 -0.270431 -0.122468 -0.117859 -0.018419 -0.030116 -0.043898 -0.036203 -0.262764 0.187433 -0.106875 0.117592 0.200388 0.400105 0.315386 0.052864 0.163416 -0.016652 -0.284822 -0.422672 -0.104534 -0.180571 -0.084733 -0.018650 0.100787 0.022698 -0.004722 -0.026856 0.002643 0.113038 0.160740 -0.136382 -0.191995 -0.489843 -0.369851 -0.314708 -0.051050 0.042336 -0.184501
-0.206038 -0.285780 -0.045438 0.143161 -0.133617 1.000000 -0.229867 0.053663 -0.120672 0.169434 0.059968 -0.160119 -0.091158 -0.177196 0.033736 -0.078644 0.040828 -0.285823 -0.452423 -0.542503 0.391881 -0.324355 0.138466 0.242520 -0.056108 0.337556 0.455771 0.539005 -0.370319 -0.537331 -0.179904 -0.229542 -0.553552 -0.164741 -0.294219 -0.136370 -0.194809 0.010548 -0.192949 -0.295655 -0.284096 -0.358870 -0.060044 -0.118803 -0.321408 -0.128807 -0.182019 -0.234780 -0.368614 -0.355314 0.392532 -0.135153 0.274138 -0.110779 -0.132270 -0.404881 0.029968 0.069294 -0.053836 -0.128868 -0.226362 -0.368634 -0.144420 -0.146023 0.114862 0.337460 0.348631 0.386636 -0.057600 0.019978 0.077441 0.506434 -0.380367 -0.156775 -0.166296 0.126044 -0.364492 0.267797 0.340360 -0.270405 0.141678 0.171226 -0.249543 -0.445395 0.259070 0.250871 0.263276 0.132612 0.161414 -0.053222 -0.173856 0.209332 0.405025 0.480979 0.333257 0.377356 0.148420 0.622779 -0.212368 0.117857 -0.124454 0.061853 0.053219 0.468341 0.378561 0.318967 -0.167994 0.306942 0.212159 0.250982 0.259183 0.065093 -0.178944 0.165786 0.045336 0.259363
0.204209 -0.105512 0.525807 0.008928 0.618574 -0.229867 1.000000 0.284887 0.418972 0.216225 0.032674 -0.053589 0.263271 -0.083412 -0.075088 0.043177 0.108245 0.365862 0.198927 -0.007472 -0.336357 -0.104577 0.192463 0.113177 0.011852 -0.142204 0.134216 -0.246826 0.174002 -0.011152 0.030636 0.028764 0.164764 0.162018 0.149567 -0.300699 -0.189684 -0.173603 -0.126851 0.218738 -0.078154 -0.175610 -0.010770 -0.217659 -0.323579 -0.453358 -0.177640 0.001147 -0.385785 -0.298159 -0.310672 -0.320072 -0.283895 -0.228967 -0.191364 -0.243006 0.095007 0.202234 0.193415 -0.246093 0.198361 0.045091 -0.147124 -0.053818 0.385943 -0.007215 0.109833 -0.285528 -0.111566 -0.163049 -0.054772 -0.174425 -0.017165 -0.061066 0.030874 0.012708 -0.104697 -0.061872 -0.211207 0.096508 -0.059131 0.001959 0.121950 -0.011923 0.120983 -0.322486 0.223143 -0.162991 0.235572 0.126359 0.028330 0.237158 -0.037476 0.167760 0.140823 -0.226909 -0.356566 -0.075513 -0.244285 -0.099387 -0.066270 -0.092222 0.059488 0.006546 -0.062913 0.066494 0.224155 0.186034 0.027262 -0.219903 -0.274385 -0.225185 -0.127433 0.163202 0.163673 -0.208647
-0.011614 0.244088 -0.093668 0.615202 0.344393 0.053663 0.284887 1.000000 0.258929 0.572702 -0.250405 0.338521 -0.054549 0.434010 -0.287450 0.270868 -0.048093 0.197374 -0.006963 -0.213479 -0.129382 -0.233835 -0.329822 0.269785 0.004885 -0.146728 -0.250603 -0.374671 0.135486 0.209090 0.204664 0.304705 0.049952 0.043705 -0.260914 -0.214057 -0.462336 -0.289866 -0.071754 -0.023859 -0.351285 -0.174019 -0.088064 -0.266308 -0.258509 -0.368832 -0.247839 -0.227195 -0.076156 -0.144014 -0.323859 0.059996 0.106007 -0.141735 -0.221045 -0.126980 0.164428 -0.018013 0.110618 0.162416 0.095288 0.335526 -0.184759 -0.260537 0.063322 0.344001 -0.021402 -0.155333 0.036104 -0.328369 -0.075273 -0.097529 -0.021842 -0.031266 0.028404 -0.050295 -0.214074 -0.199186 -0.164434 -0.101270 -0.080856 -0.157230 -0.064315 0.021217 -0.075508 -0.100642 0.015516 0.023685 0.059858 0.163797 0.311883 0.057006 0.396968 -0.215228 0.137650 -0.143950 -0.309300 0.041520 -0.065352 -0.023525 0.280806 -0.214765 0.231797 -0.053582 -0.061335 -0.002673 0.047029 0.023758 0.125028 0.139432 -0.313235 -0.366742 -0.213426 -0.115415 0.024622 -0.019490
0.191972 0.164092 0.379814 -0.011764 0.603723 -0.120672 0.418972 0.258929 1.000000 0.574441 0.004629 0.371220 0.230827 0.211059 -0.069047 0.527430 -0.072492 0.151288 0.518169 -0.051840 -0.239503 -0.251248 0.033264 0.310801 0.179076 -0.487630 -0.120072 -0.429242 0.157561 0.091594 0.125805 0.000631 0.010222 -0.086775 0.151519 -0.161220 -0.285800 -0.313222 -0.211447 -0.073082 -0.074539 -0.049297 0.103345 0.009793 -0.207911 -0.312219 -0.159065 0.009154 -0.080110 -0.066476 -0.259488 -0.140568 -0.162090 -0.092291 -0.179921 -0.119556 -0.022502 -0.205322 0.335868 -0.243029 0.337312 0.399181 -0.289944 -0.318485 0.313233 0.198239 -0.070939 -0.206686 -0.013903 0.103907 -0.059386 -0.251057 0.138353 0.162654 0.293736 0.111982 0.018841 -0.271509 -0.271194 -0.122579 -0.349309 -0.273291 0.180508 -0.109363 -0.039350 -0.043907 0.014181 -0.006580 0.101857 0.068625 0.373523 0.484948 0.088776 0.175295 -0.327015 -0.251810 -0.299572 -0.253063 -0.101153 -0.091239 -0.016308 0.165134 -0.007761 -0.168324 -0.206954 0.057453 -0.160930 -0.158071 -0.134223 -0.178740 -0.386068 -0.199539 -0.139355 -0.270984 -0.163907 -0.115894
0.091317 0.261799 -0.108359 0.274574 0.553895 0.169434 0.216225 0.572702 0.574441 1.000000 -0.242063 0.454938 0.012667 0.448175 -0.437137 0.542011 0.111952 0.166186 0.261848 -0.179993 0.037049 -0.537521 -0.535840 0.151627 -0.133655 -0.599242 -0.259729 -0.536224 0.138011 0.183157 0.045185 0.039032 -0.072598 -0.163476 -0.469312 -0.351688 -0.481342 -0.428463 -0.368673 -0.242577 -0.328236 -0.223986 0.084034 -0.069903 -0.203787 -0.338092 -0.098679 -0.059927 0.007227 -0.017071 -0.323751 -0.010817 0.130252 -0.061784 -0.432125 -0.243648 0.208894 -0.162164 0.236541 -0.057450 0.001856 0.345811 -0.320251 -0.318889 -0.012964 0.141972 -0.122673 -0.321463 0.236906 -0.211948 0.062462 0.003796 0.191763 0.222731 0.316211 0.192834 -0.079235 -0.306996 0.153243 -0.091918 0.057239 -0.029679 -0.250189 -0.159142 -0.111422 0.027008 -0.083575 -0.074642 -0.229433 -0.062690 0.511855 0.410842 0.356553 0.030670 -0.014890 0.012111 -0.313595 0.141326 0.168082 0.177038 0.087713 0.196925 0.107602 0.152352 0.051485 0.074712 -0.185658 0.027476 0.032348 0.166283 -0.304043 -0.106376 -0.105635 -0.139027 0.063747 -0.050846
0.248131 -0.190284 0.348214 -0.211399 0.025290 0.059968 0.032674 -0.250405 0.004629 -0.242063 1.000000 0.141599 0.577280 -0.212720 0.560369 -0.161223 0.038199 -0.410314 0.109693 -0.228278 -0.148729 0.049109 0.507222 0.364134 0.018409 0.116860 0.427443 0.453479 0.191136 -0.340498 -0.074229 -0.134303 -0.389560 -0.066405 0.164557 0.115430 0.054992 -0.154986 -0.244794 -0.391173 0.127539 -0.141166 -0.146215 0.100967 -0.210600 -0.042254 -0.232127 0.014238 -0.228762 -0.184762 0.098341 -0.301064 -0.373759 -0.321267 -0.199691 -0.208087 -0.373210 -0.141794 0.055310 -0.170313 0.189106 -0.383448 -0.248212 -0.143977 0.255495 0.006162 0.010709 0.211294 -0.508385 0.063255 -0.190736 -0.182872 -0.199800 -0.350872 -0.177738 -0.012242 0.044105 0.113222 -0.079729 -0.199743 -0.107171 0.138401 0.470620 -0.073349 0.396663 0.167852 0.315351 0.010933 0.074495 -0.152566 -0.133319 0.232688 0.039519 0.505438 -0.011245 -0.233067 -0.167520 0.038632 -0.323440 -0.372049 -0.539389 0.086543 -0.416487 -0.026928 0.023958 0.257059 -0.220858 0.155940 -0.139020 0.091015 -0.104280 -0.152550 -0.212335 -0.104730 0.098637 -0.119352
-0.154369 0.453073 -0.222679 0.131525 0.329133 -0.160119 -0.053589 0.338521 0.371220 0.454938 0.141599 1.000000 0.133039 0.642374 -0.010705 0.509600 -0.128377 0.102754 0.360709 0.041668 -0.175387 -0.244327 -0.305043 0.348770 -0.036176 -0.538414 -0.405677 -0.359585 0.381072 0.368396 0.030495 -0.028852 -0.010193 -0.180219 -0.165476 0.083994 -0.112503 -0.191461 -0.220354 -0.277224 0.064380 0.042073 -0.095798 -0.072123 0.067662 -0.046217 -0.134005 0.088929 0.194364 0.246031 -0.275584 0.219353 -0.077834 0.204340 -0.261615 0.117306 -0.209181 -0.290764 -0.057988 -0.181415 0.039114 0.246464 -0.460694 -0.520493 0.064336 0.152094 -0.484643 -0.173638 0.087001 -0.129686 0.032009 -0.110178 0.167042 0.258822 0.348471 -0.027329 0.176513 -0.249908 -0.142516 -0.167955 -0.157028 -0.115638 0.178373 0.243063 0.049457 0.389434 -0.050969 0.042029 -0.074480 0.038867 0.530244 0.187336 0.456876 -0.099640 -0.231827 -0.268607 -0.237926 -0.123913 0.156234 -0.054855 -0.026243 0.120783 -0.076301 -0.330421 -0.223222 -0.168838 -0.234278 -0.221363 -0.180265 0.019990 -0.452244 -0.085679 -0.091258 -0.298714 -0.128380 -0.104320
0.470966 -0.170568 0.383210 -0.321557 0.267487 -0.091158 0.263271 -0.054549 0.230827 0.012667 0.577280 0.133039 1.000000 0.130715 0.246869 0.154997 0.074483 0.011536 0.318999 -0.172055 -0.099792 -0.164045 0.166318 0.118910 -0.211241 -0.272018 0.262184 -0.013572 0.208973 -0.336247 -0.316827 -0.376639 -0.265760 -0.198917 0.083212 -0.085163 -0.042963 -0.339472 -0.225641 -0.172939 -0.004647 -0.205024 -0.179298 -0.036750 -0.469487 -0.287339 -0.303090 -0.070349 -0.106014 -0.235571 0.019900 -0.410340 -0.010165 -0.440908 0.116145 -0.243438 -0.058068 -0.019867 0.568240 -0.131336 0.670844 0.055353 -0.077284 0.009344 -0.004675 0.058743 -0.023892 -0.186992 -0.268593 0.102363 0.101455 -0.066664 -0.091004 -0.035397 0.062667 -0.029650 -0.046928 -0.328370 -0.148871 -0.000562 -0.225941 0.035524 0.166146 -0.221331 -0.052107 -0.124313 0.050268 -0.046303 0.024663 0.145026 0.271372 0.456716 0.097628 0.410714 0.027522 -0.254973 -0.340456 -0.029117 -0.197373 -0.207965 -0.158778 0.170646 -0.223589 0.063436 0.042969 0.359924 -0.026978 0.109966 -0.084128 -0.132395 -0.421932 -0.279249 -0.318257 -0.114695 0.145089 -0.280508
-0.136562 0.394450 -0.424031 0.082201 0.234025 -0.177196 -0.083412 0.434010 0.211059 0.448175 -0.212720 0.642374 0.130715 1.000000 -0.132685 0.440315 -0.055209 0.292654 0.117881 0.007900 -0.165846 -0.157115 -0.480810 0.086969 -0.162819 -0.515527 -0.366278 -0.501420 0.195287 0.385971 -0.149431 -0.078594 0.096180 -0.148354 -0.251184 0.090537 -0.147843 -0.209702 -0.141108 -0.178083 -0.155008 -0.029950 -0.311309 -0.356883 -0.042045 -0.162856 -0.219075 -0.217394 0.306435 0.126399 -0.137167 0.389067 0.299259 0.229568 -0.059543 0.032410 -0.166240 -0.247417 0.104360 0.244847 0.185521 0.542707 0.013705 -0.007193 -0.104452 0.195546 -0.338024 -0.251336 0.105969 -0.199035 0.229793 -0.034126 0.218288 0.457572 0.426046 0.004729 0.046051 -0.455852 0.010682 -0.033705 -0.000278 -0.047133 -0.187432 0.138448 -0.141917 0.129744 -0.355932 -0.047555 -0.019520 0.300388 0.520458 -0.030794 0.490342 -0.273361 -0.292180 -0.210796 -0.315816 -0.135980 0.127697 0.002155 0.444125 -0.022537 0.185088 -0.226118 -0.101522 -0.130363 0.090164 -0.170356 -0.078717 -0.037634 -0.402244 -0.078086 0.015406 -0.178251 -0.155873 0.035776
-0.140258 -0.050387 0.288627 0.021841 -0.276930 0.033736 -0.075088 -0.287450 -0.069047 -0.437137 0.560369 -0.010705 0.246869 -0.132685 1.000000 -0.067967 -0.181701 -0.429113 -0.201746 0.041039 -0.053688 0.438428 0.705584 0.290104 0.073296 0.414248 0.358239 0.551597 -0.147754 -0.242823 -0.187908 -0.215284 -0.187442 0.183832 0.539148 0.494855 0.354477 0.370498 0.096504 0.053528 0.348205 0.202418 -0.512369 -0.253394 -0.130735 -0.016878 -0.485682 -0.234532 -0.385105 -0.408088 0.288147 -0.125204 -0.238431 -0.151441 0.098530 0.080910 -0.376051 0.048735 -0.239268 -0.087477 0.263964 -0.230205 -0.026603 0.000535 0.487159 0.165830 0.020787 0.393589 -0.362188 0.387311 -0.094835 -0.208051 -0.435585 -0.278159 -0.270160 -0.315081 0.165390 0.214666 -0.289477 -0.049924 -0.279900 -0.132467 0.677964 0.282192 0.383911 0.216061 0.171970 -0.028850 0.350433 0.084103 -0.283288 -0.112051 0.059234 0.204915 -0.374114 -0.496286 -0.095551 -0.281348 -0.580608 -0.668697 -0.297360 -0.367566 -0.173143 -0.351440 -0.152485 -0.043833 -0.098856 0.185773 -0.364671 -0.202085 -0.050595 -0.134493 -0.058235 -0.264739 -0.125871 -0.260127
0.149097 0.500017 0.026091 0.079190 0.300774 -0.078644 0.043177 0.270868 0.527430 0.542011 -0.161223 0.509600 0.154997 0.440315 -0.067967 1.000000 -0.280701 -0.018377 0.407622 0.257708 0.088234 -0.034376 -0.315317 0.126694 -0.195981 -0.526239 -0.422782 -0.508474 -0.049919 0.289946 -0.170275 -0.150915 0.110963 -0.186824 0.007102 0.058644 -0.013462 0.029734 0.059170 0.164762 0.015537 0.212670 0.003530 -0.021172 -0.043387 -0.079734 -0.116484 -0.097366 0.094109 0.055595 -0.149901 0.019580 0.036195 -0.028560 -0.064237 0.140008 0.131554 -0.197965 0.137728 -0.143688 0.359546 0.533785 -0.260606 -0.336202 0.018133 0.190370 -0.357539 -0.270477 0.045697 0.090243 -0.050370 -0.240121 0.130390 0.125261 0.342714 -0.123494 0.059524 -0.405959 -0.223951 0.044055 -0.269085 -0.383847 0.225639 0.270897 -0.149315 0.096574 -0.318360 -0.081359 -0.169117 0.085693 0.287856 0.264436 0.174623 -0.064805 -0.334351 -0.289403 -0.131657 -0.314423 0.083988 -0.168342 0.146028 -0.076321 0.096311 -0.357905 -0.203395 -0.155371 -0.018801 -0.188245 -0.119550 -0.118999 -0.322118 -0.068784 0.149684 -0.344715 -0.134737 -0.206392
0.238663 -0.296644 -0.127275 -0.209646 -0.085046 0.040828 0.108245 -0.048093 -0.072492 0.111952 0.038199 -0.128377 0.074483 -0.055209 -0.181701 -0.280701 1.000000 0.376209 0.056273 -0.044837 -0.099142 -0.179342 -0.108502 -0.041007 -0.283868 -0.155060 -0.013881 -0.091493 0.404804 0.030196 0.136458 0.140585 -0.164901 0.190574 -0.322876 -0.293969 0.017626 -0.305744 -0.172563 -0.371752 -0.077431 -0.158220 -0.060425 -0.029274 -0.220747 -0.295459 0.048656 -0.132355 -0.244814 -0.199093 -0.164110 -0.387515 -0.051584 -0.141017 0.003556 -0.223009 0.265982 0.135469 0.172082 -0.104335 -0.030526 -0.123621 0.266439 0.396840 -0.116640 -0.360299 0.050745 -0.422385 0.045190 -0.235722 0.141237 0.046209 0.387356 0.122873 0.288482 0.393819 0.311596 -0.020744 0.596443 0.432087 0.634483 0.518969 -0.228367 -0.304152 0.016222 -0.166615 0.031756 -0.054801 -0.028798 -0.149177 0.018958 0.176487 -0.018583 0.022438 0.247925 0.217382 0.010595 0.339134 0.177031 0.376832 -0.178486 0.382337 -0.143123 0.380616 -0.007374 0.175406 -0.229924 -0.018838 0.122887 0.087889 0.191349 0.159052 0.038237 0.296884 0.045898 0.316401
0.066617 0.076946 -0.120360 -0.086746 0.336456 -0.285823 0.365862 0.197374 0.151288 0.166186 -0.410314 0.102754 0.011536 0.292654 -0.429113 -0.018377 0.376209 1.000000 0.319974 0.092172 -0.258402 -0.272684 -0.248616 -0.153933 -0.166831 -0.355148 -0.220453 -0.502486 0.442357 0.306248 0.034487 0.129980 0.285608 0.213890 -0.090674 -0.242751 -0.185233 -0.367853 -0.200641 0.000124 -0.150140 -0.231248 -0.055978 -0.225405 -0.124394 -0.352249 0.013804 0.099795 0.070233 -0.017056 -0.259842 -0.011775 0.168794 0.131999 0.189355 0.020119 0.243685 0.180139 0.294096 -0.023620 0.033194 0.276410 0.268031 0.250678 -0.179985 -0.231465 -0.123485 -0.552282 0.327545 -0.235790 0.357543 0.190918 0.482502 0.519360 0.516676 0.324743 0.289220 -0.180646 0.052410 0.434345 0.217857 0.270355 -0.378274 -0.190170 -0.177434 -0.339162 -0.068949 -0.039437 0.048780 0.246977 0.396200 -0.016700 -0.008661 -0.262999 0.051384 -0.005976 -0.228527 -0.057470 0.198370 0.335573 0.120315 0.220620 0.144638 0.076055 -0.025129 -0.116792 0.259891 -0.115287 0.090300 -0.131613 -0.223566 -0.029324 -0.108690 0.120427 0.034399 0.155521
0.523082 0.290015 0.269096 -0.189789 0.489570 -0.452423 0.198927 -0.006963 0.518169 0.261848 0.109693 0.360709 0.318999 0.117881 -0.201746 0.407622 0.056273 0.319974 1.000000 0.238804 -0.309954 -0.273364 -0.096528 0.129295 -0.134301 -0.575689 -0.255149 -0.503362 0.542671 0.291172 0.056668 -0.003123 0.164536 -0.097680 0.120651 -0.061769 -0.063426 -0.304183 -0.165180 -0.125858 0.146550 0.064192 0.273268 0.387678 -0.058593 -0.116527 0.168788 0.333838 0.186470 0.247977 -0.384186 -0.201234 -0.247056 -0.028344 0.072145 0.230368 0.091425 -0.156880 0.407489 -0.213559 0.349935 0.355704 -0.132908 -0.175421 -0.148718 -0.207827 -0.387415 -0.539394 -0.003209 -0.069969 0.055377 -0.296445 0.446217 0.223754 0.475367 0.197284 0.362057 -0.383084 -0.255477 0.030154 -0.195396 -0.175252 0.159126 -0.027963 -0.195195 -0.201645 -0.061745 0.033789 -0.087889 -0.039996 0.360674 0.352864 -0.260547 -0.030943 -0.310994 -0.181460 -0.163212 -0.395194 0.166642 0.029162 -0.248033 0.347334 -0.215179 -0.187877 -0.300654 -0.156536 -0.236341 -0.254250 -0.253651 -0.321787 -0.376750 -0.146980 -0.169507 -0.179228 -0.090418 -0.091234
0.091090 0.521839 -0.084622 -0.021430 -0.040888 -0.542503 -0.007472 -0.213479 -0.051840 -0.179993 -0.228278 0.041668 -0.172055 0.007900 0.041039 0.257708 -0.044837 0.092172 0.238804 1.000000 -0.125925 0.473782 -0.111785 -0.249368 -0.195415 -0.162898 -0.483070 -0.387954 -0.011167 0.552969 -0.027412 0.006564 0.539189 0.182870 0.279716 0.228664 0.524821 0.423027 0.469867 0.592700 0.436651 0.630459 0.145528 0.198497 0.371740 0.241847 0.275238 0.199059 0.286921 0.317756 -0.132797 0.109391 -0.132154 0.206378 0.107388 0.592080 0.201849 0.158081 -0.290780 -0.064260 0.062439 0.259134 0.026280 0.006047 -0.127868 -0.452392 -0.535220 -0.383219 0.243956 0.238400 -0.074643 -0.389357 0.295609 -0.009509 0.012492 -0.268057 0.280657 -0.061046 -0.193713 0.379313 -0.107190 -0.374525 0.221600 0.644052 -0.426239 -0.255278 -0.412784 -0.230590 -0.209600 -0.063324 -0.092735 -0.288573 -0.571128 -0.452060 -0.338391 -0.238534 0.203571 -0.477908 0.171833 -0.108573 0.195763 -0.044270 0.031200 -0.414518 -0.449612 -0.437481 0.095107 -0.159759 -0.123006 -0.325330 0.060916 0.163846 0.569609 0.062109 -0.174147 -0.258627
-0.259789 -0.175834 -0.182151 -0.003367 -0.406173 0.391881 -0.336357 -0.129382 -0.239503 0.037049 -0.148729 -0.175387 -0.099792 -0.165846 -0.053688 0.088234 -0.099142 -0.258402 -0.309954 -0.125925 1.000000 -0.069826 -0.207521 -0.304804 0.063286 0.084955 0.017868 0.129210 -0.427424 -0.314566 -0.119977 -0.068388 -0.157338 -0.073381 -0.089661 -0.013717 -0.058511 0.089815 0.043107 0.017815 -0.136348 -0.141376 0.047909 0.036429 0.186898 0.254974 0.013311 -0.174264 -0.051338 0.045396 0.125789 -0.051806 0.183593 -0.024965 0.040909 -0.161251 -0.008842 -0.032288 -0.081262 -0.039876 -0.249347 -0.152840 0.003437 0.052054 -0.192514 0.225945 0.282791 0.340580 0.005177 0.097380 0.230153 0.479790 -0.128895 0.071824 -0.077952 0.146659 -0.270286 0.179811 0.301596 0.022948 0.070712 0.118316 -0.252025 -0.230725 -0.056017 0.206572 -0.195283 0.166037 -0.444018 -0.230028 -0.201717 0.057872 0.114271 0.067635 0.228630 0.455447 0.055349 0.237202 0.110435 0.071917 -0.020401 0.127201 0.190302 0.280263 0.463473 0.399846 -0.028166 -0.138468 0.178764 0.417096 0.125757 0.005631 0.052668 0.123979 0.315195 -0.062318
-0.044066 -0.007499 0.045835 -0.037190 -0.359815 -0.324355 -0.104577 -0.233835 -0.251248 -0.537521 0.049109 -0.244327 -0.164045 -0.157115 0.438428 -0.034376 -0.179342 -0.272684 -0.273364 0.473782 -0.069826 1.000000 0.284035 -0.014320 0.213967 0.454841 -0.091584 0.116881 -0.247664 0.269279 0.056912 0.229046 0.263490 0.261708 0.575504 0.445718 0.604035 0.524235 0.655650 0.525939 0.381924 0.682979 -0.130754 -0.076917 0.321003 0.339295 -0.078349 -0.188853 -0.121412 -0.006427 0.050823 -0.064543 -0.351690 -0.071862 0.230186 0.390700 -0.084826 0.030135 -0.438026 -0.008743 0.165792 0.111423 0.256411 0.160941 0.295683 -0.009760 -0.216074 0.175529 -0.159969 0.211956 -0.100744 -0.394382 -0.128920 -0.185977 -0.156925 -0.295571 0.131536 0.170557 -0.262367 0.153917 -0.207034 -0.257234 0.389816 0.614669 0.057491 0.038187 -0.188510 -0.094781 0.076330 0.047742 -0.438649 -0.599320 -0.375297 -0.367304 -0.319219 -0.288289 0.222856 -0.402560 -0.215702 -0.358629 0.176553 -0.439787 -0.206744 -0.498946 -0.417746 -0.165927 0.212506 -0.208489 -0.204644 -0.243261 0.064630 0.039854 0.324459 -0.079280 -0.182655 -0.138986
0.021725 -0.262744 0.618971 -0.099422 -0.067913 0.138466 0.192463 -0.329822 0.033264 -0.535840 0.507222 -0.305043 0.166318 -0.480810 0.705584 -0.315317 -0.108502 -0.248616 -0.096528 -0.111785 -0.207521 0.284035 1.000000 0.427577 0.271944 0.557069 0.566786 0.611618 -0.061218 -0.362947 0.045852 -0.061613 -0.233937 0.289922 0.567099 0.288418 0.174891 0.306194 0.004663 0.082926 0.238323 -0.013428 -0.265709 -0.115653 -0.283728 -0.191363 -0.332479 -0.088006 -0.501472 -0.477425 0.200232 -0.302759 -0.373727 -0.203315 0.027075 -0.063016 -0.326821 0.180384 -0.115561 -0.192907 0.117895 -0.361544 -0.037250 -0.020440 0.582604 0.064063 0.193916 0.353832 -0.452083 0.263969 -0.113411 -0.109470 -0.301266 -0.332447 -0.244969 -0.049551 0.099898 0.388134 -0.264661 -0.054003 -0.251954 -0.064149 0.535889 0.004590 0.472457 -0.043748 0.368331 0.042552 0.520228 0.034896 -0.372528 0.068644 -0.118004 0.421533 -0.121571 -0.325741 0.037255 -0.143559 -0.654039 -0.499132 -0.424160 -0.164260 -0.164592 -0.109823 -0.128107 -0.011579 -0.043518 0.203543 -0.162690 -0.230219 0.131956 -0.195740 -0.217213 0.084039 -0.205300 -0.119117
0.022335 0.023848 0.344655 0.376704 0.287245 0.242520 0.113177 0.269785 0.310801 0.151627 0.364134 0.348770 0.118910 0.086969 0.290104 0.126694 -0.041007 -0.153933 0.129295 -0.249368 -0.304804 -0.014320 0.427577 1.000000 0.242908 0.176007 0.214136 0.210830 0.261698 -0.034667 0.295285 0.209082 -0.311888 0.064593 0.107818 0.047282 -0.114074 0.065280 -0.101593 -0.126217 -0.046311 0.005004 -0.264923 -0.165999 -0.423674 -0.324650 -0.459160 -0.180832 -0.491661 -0.371564 -0.238185 -0.363555 -0.349630 -0.273103 -0.320778 -0.200671 -0.162891 0.051156 -0.120374 -0.384759 0.170835 -0.157201 -0.327249 -0.459990 0.540664 0.224375 -0.126459 0.140919 -0.332839 0.060652 -0.041071 -0.180824 -0.111083 -0.156658 0.062959 -0.007916 -0.055150 0.165711 -0.160563 -0.257603 -0.195180 -0.086866 0.431946 0.118193 0.442559 0.270291 0.287536 0.200603 0.411465 0.033108 0.004205 0.235743 0.349186 0.310417 -0.186526 -0.285126 -0.287756 -0.076333 -0.528141 -0.353873 -0.247964 -0.021429 -0.259637 -0.057442 -0.280682 0.036452 -0.181274 0.048232 -0.332378 -0.197754 -0.203205 -0.375526 -0.381621 -0.168448 -0.429645 -0.128367
-0.199862 -0.128529 0.195049 0.093655 0.080632 -0.056108 0.011852 0.004885 0.179076 -0.133655 0.018409 -0.036176 -0.211241 -0.162819 0.073296 -0.195981 -0.283868 -0.166831 -0.134301 -0.195415 0.063286 0.213967 0.271944 0.242908 1.000000 0.354012 0.091774 0.102051 0.044113 -0.075443 0.447668 0.446633 0.148011 0.098923 0.393245 0.009043 -0.185785 -0.054217 0.092576 0.057898 0.003335 -0.015570 0.046652 -0.052216 0.184850 0.155677 -0.183848 -0.006539 -0.122615 0.029413 -0.276162 -0.010372 -0.400511 -0.030666 -0.190162 -0.147201 -0.301593 -0.028000 -0.196051 -0.049542 -0.239793 -0.192808 -0.023429 -0.110238 0.434783 0.165111 0.303756 0.374940 -0.124253 0.028111 -0.088564 -0.105046 -0.098365 -0.140100 -0.189956 0.073474 -0.262626 0.146121 -0.190048 -0.184364 -0.229128 0.028340 0.131148 0.093197 0.257792 0.283103 0.135163 0.376316 0.084489 -0.095885 -0.168887 -0.162437 -0.015649 -0.056963 -0.027266 -0.043585 -0.181059 -0.121211 -0.287190 -0.177505 -0.077942 -0.092821 -0.018217 -0.129475 0.089969 0.216425 0.062149 -0.237290 -0.154287 0.069843 -0.117263 -0.323492 -0.322662 -0.124948 -0.012068 -0.008543
-0.211794 -0.342940 0.197803 0.207242 -0.444727 0.337556 -0.142204 -0.146728 -0.487630 -0.599242 0.116860 -0.538414 -0.272018 -0.515527 0.414248 -0.526239 -0.155060 -0.355148 -0.575689 -0.162898 0.084955 0.454841 0.557069 0.176007 0.354012 1.000000 0.373602 0.735186 -0.391959 -0.399813 0.020939 0.101154 -0.152608 0.178716 0.362742 0.209311 0.233666 0.416556 0.310815 0.227569 0.085867 0.048103 -0.164890 -0.133006 0.008576 0.159310 -0.133843 -0.148299 -0.398115 -0.324740 0.291964 -0.135337 -0.185268 -0.168236 0.100141 0.000991 -0.128967 0.214342 -0.395511 -0.048983 -0.149250 -0.448701 0.177979 0.096343 0.373300 0.203854 0.306731 0.559780 -0.299513 0.113223 -0.102667 0.060553 -0.478253 -0.462023 -0.532986 -0.196932 -0.191681 0.500222 -0.108637 -0.116738 -0.014865 -0.013490 0.167978 0.071175 0.356832 0.143910 0.241322 0.130457 0.345653 -0.026439 -0.588269 -0.412898 -0.096548 0.101855 0.173872 0.049769 0.209163 0.111456 -0.478006 -0.276711 -0.053169 -0.388265 -0.071584 0.039197 0.066703 0.035473 0.128132 0.222039 -0.047349 -0.006210 0.373684 -0.103629 -0.060030 0.095277 -0.085827 0.081931
-0.016917 -0.545350 0.357242 -0.082807 0.101793 0.455771 0.134216 -0.250603 -0.120072 -0.259729 0.427443 -0.405677 0.262184 -0.366278 0.358239 -0.422782 -0.013881 -0.220453 -0.255149 -0.483070 0.017868 -0.091584 0.566786 0.214136 0.091774 0.373602 1.000000 0.668587 -0.160583 -0.609627 -0.235247 -0.314409 -0.372655 -0.105057 0.144278 -0.016350 0.001991 0.038523 -0.091813 -0.183492 0.062133 -0.301252 -0.138771 -0.064417 -0.459439 -0.223828 -0.220830 0.028980 -0.434129 -0.466687 0.294708 -0.257805 0.034603 -0.324915 0.090851 -0.302963 -0.181418 0.089896 0.191748 -0.023224 0.044467 -0.432969 0.077259 0.112170 0.203063 0.117463 0.440857 0.316610 -0.289887 0.178831 -0.014559 0.153143 -0.446477 -0.220306 -0.178762 0.111070 -0.160921 0.233238 0.043233 -0.248270 -0.018278 0.260750 0.024943 -0.427142 0.255943 -0.180193 0.498249 -0.016449 0.436595 0.198725 -0.236253 0.156519 0.093127 0.500174 0.196544 0.020718 -0.007764 0.324830 -0.495184 -0.232880 -0.326278 -0.145180 -0.240361 0.321280 0.306032 0.393997 0.007084 0.440793 -0.016229 0.010846 0.130800 -0.163323 -0.445607 0.139855 0.140867 0.024072
-0.266751 -0.467286 0.190663 0.021630 -0.421162 0.539005 -0.246826 -0.374671 -0.429242 -0.536224 0.453479 -0.359585 -0.013572 -0.501420 0.551597 -0.508474 -0.091493 -0.502486 -0.503362 -0.387954 0.129210 0.116881 0.611618 0.210830 0.102051 0.735186 0.668587 1.000000 -0.368984 -0.661029 -0.225097 -0.284085 -0.490401 -0.075760 0.174133 0.211011 0.191063 0.306831 -0.007964 -0.172204 0.110046 -0.151356 -0.171224 -0.028748 -0.135639 0.134955 -0.130315 -0.014219 -0.363559 -0.347338 0.462876 -0.128962 -0.089729 -0.194817 0.030219 -0.155011 -0.262901 0.055444 -0.219827 -0.097744 -0.152543 -0.647966 -0.037025 -0.009229 0.290253 0.210705 0.399763 0.662779 -0.325020 0.249629 -0.131364 0.158236 -0.590719 -0.426789 -0.471068 -0.162235 -0.141350 0.482525 0.049770 -0.271674 0.020763 0.158114 0.193912 -0.217403 0.467097 0.248734 0.458072 0.117273 0.393254 -0.001924 -0.426110 -0.061834 0.157280 0.456152 0.187486 0.109584 0.239550 0.343529 -0.412357 -0.255894 -0.330819 -0.217758 -0.196956 0.203330 0.205966 0.135854 -0.130685 0.361367 0.001651 0.112792 0.415372 0.001111 -0.181155 0.014402 -0.008052 0.089808
0.255501 0.088742 -0.103168 -0.071999 0.386255 -0.370319 0.174002 0.135486 0.157561 0.138011 0.191136 0.381072 0.208973 0.195287 -0.147754 -0.049919 0.404804 0.442357 0.542671 -0.011167 -0.427424 -0.247664 -0.061218 0.261698 0.044113 -0.391959 -0.160583 -0.368984 1.000000 0.427441 0.405291 0.452597 0.151269 0.242946 -0.003418 -0.013441 -0.164173 -0.454610 -0.172549 -0.339739 0.086032 -0.109665 -0.091866 -0.043866 -0.058152 -0.247310 -0.159879 0.109049 0.016725 0.092980 -0.502678 -0.127386 -0.277832 -0.008293 -0.075365 -0.054726 0.004797 0.005926 0.166467 -0.021175 0.025637 0.015577 0.014512 -0.018111 -0.119079 -0.405779 -0.174544 -0.431200 0.096749 -0.193147 0.055051 -0.112951 0.494878 0.240419 0.394850 0.383340 0.259544 -0.222335 -0.016481 0.207354 0.186739 0.333074 0.135027 0.080465 0.078754 -0.073485 0.165432 0.049998 0.002073 -0.020162 0.323268 0.086725 0.032910 -0.091441 -0.018813 -0.208843 -0.414778 -0.143148 -0.023284 0.081516 -0.283329 0.263710 -0.177876 -0.138543 -0.222013 -0.033650 -0.215876 -0.208109 -0.224242 -0.128727 -0.383718 -0.295186 -0.365999 -0.083924 -0.126100 0.011447
-0.071654 0.498477 -0.428140 0.111095 0.133487 -0.537331 -0.011152 0.209090 0.091594 0.183157 -0.340498 0.368396 -0.336247 0.385971 -0.242823 0.289946 0.030196 0.306248 0.291172 0.552969 -0.314566 0.269279 -0.362947 -0.034667 -0.075443 -0.399813 -0.609627 -0.661029 0.427441 1.000000 0.352299 0.506019 0.503633 0.333498 0.051441 0.249583 0.146954 0.091986 0.221689 0.227742 0.191239 0.498290 0.026408 0.000929 0.415522 0.129939 0.105129 0.072692 0.272595 0.380873 -0.378640 0.271885 -0.159698 0.359863 -0.027271 0.464590 0.071390 -0.088234 -0.264569 0.078137 -0.148568 0.449153 -0.003740 -0.119829 -0.184508 -0.289769 -0.601066 -0.409096 0.319917 -0.158101 0.027308 -0.260143 0.585928 0.381986 0.377895 0.126881 0.358208 -0.094191 -0.083548 0.323044 -0.022228 -0.135060 0.098527 0.586915 -0.265489 -0.133494 -0.267866 -0.222345 -0.228691 -0.083610 0.211605 -0.324928 -0.146854 -0.586114 -0.295449 -0.232733 -0.027899 -0.442941 0.256319 0.082986 0.249608 -0.091850 0.008735 -0.514887 -0.496457 -0.413321 0.028774 -0.352559 -0.170957 -0.130201 -0.149787 0.079044 0.276433 -0.018825 -0.251919 -0.054126
-0.027960 -0.019990 -0.043071 0.218977 -0.032834 -0.179904 0.030636 0.204664 0.125805 0.045185 -0.074229 0.030495 -0.316827 -0.149431 -0.187908 -0.170275 0.136458 0.034487 0.056668 -0.027412 -0.119977 0.056912 0.045852 0.295285 0.447668 0.020939 -0.235247 -0.225097 0.405291 0.352299 1.000000 0.809446 0.228679 0.472692 0.050808 -0.058541 -0.160733 -0.095280 0.028129 0.006010 -0.003311 0.149998 0.073625 0.032298 0.135573 -0.010048 -0.027386 -0.106160 -0.100718 0.042177 -0.438191 -0.106104 -0.327787 0.080126 -0.308391 -0.097572 -0.009101 0.045621 -0.243515 -0.060636 -0.218579 -0.053100 -0.047437 -0.080309 0.101019 -0.063566 0.023401 0.030157 0.069136 -0.156538 -0.084533 -0.080581 0.287918 -0.033829 0.034300 0.221718 -0.019185 0.174642 0.052525 0.045154 0.002926 0.082808 0.158055 0.159820 0.038611 0.015439 -0.002789 0.183516 -0.113956 -0.362227 -0.101294 -0.061841 -0.045760 -0.167816 0.025041 0.068740 -0.191913 -0.163957 0.009020 0.109656 -0.133185 0.151220 -0.031807 -0.114972 -0.184309 -0.003900 -0.195629 -0.303841 -0.015284 -0.039286 -0.073159 -0.147743 -0.159267 -0.014583 -0.111292 0.034445
-0.051341 -0.013007 -0.204472 0.271532 -0.015685 -0.229542 0.028764 0.304705 0.000631 0.039032 -0.134303 -0.028852 -0.376639 -0.078594 -0.215284 -0.150915 0.140585 0.129980 -0.003123 0.006564 -0.068388 0.229046 -0.061613 0.209082 0.446633 0.101154 -0.314409 -0.284085 0.452597 0.506019 0.809446 1.000000 0.321923 0.531704 0.103666 0.020637 -0.181250 -0.119558 0.134195 0.044511 -0.074344 0.109271 0.046026 -0.059417 0.261394 0.066790 -0.093952 -0.164765 -0.070813 0.081908 -0.469192 -0.074920 -0.380431 0.002793 -0.236708 -0.067768 0.011554 0.056862 -0.299469 0.044408 -0.300390 -0.039580 0.102380 0.018428 0.049679 -0.136819 0.027224 0.036128 0.039532 -0.216242 -0.035680 -0.083160 0.364868 0.089983 0.039037 0.323446 -0.002179 0.201951 0.018208 0.170632 0.073904 0.169389 0.086391 0.260353 0.099981 -0.002527 0.022337 0.185922 -0.165832 -0.306219 -0.145271 -0.311216 -0.094259 -0.309156 0.027491 0.017556 -0.237865 -0.187676 -0.051991 0.121288 -0.000879 0.011235 0.001423 -0.192170 -0.224072 -0.007445 -0.049591 -0.389475 -0.104747 0.086403 -0.064817 -0.201899 -0.116041 -0.055198 -0.130801 0.082646
-0.131965 0.360294 -0.257361 0.097808 0.183442 -0.553552 0.164764 0.049952 0.010222 -0.072598 -0.389560 -0.010193 -0.265760 0.096180 -0.187442 0.110963 -0.164901 0.285608 0.164536 0.539189 -0.157338 0.263490 -0.233937 -0.311888 0.148011 -0.152608 -0.372655 -0.490401 0.151269 0.503633 0.228679 0.321923 1.000000 0.421082 0.323973 0.108434 0.118998 0.132954 0.425628 0.454263 0.237208 0.345300 0.146505 0.007377 0.407335 0.241848 0.141284 0.101502 0.289309 0.309180 -0.367923 0.261089 -0.059356 0.176769 0.109060 0.207898 0.028751 0.160511 -0.202092 0.233240 -0.082875 0.309676 0.302272 0.205305 -0.121849 -0.211609 -0.088587 -0.169712 0.321864 -0.050308 -0.204545 -0.262176 0.320959 0.165700 0.105364 -0.134186 -0.053696 -0.314381 -0.338119 0.173390 -0.117380 -0.173389 -0.032319 0.395914 -0.342216 -0.297346 -0.269335 -0.082453 -0.128422 0.006852 -0.093499 -0.463850 -0.440792 -0.629386 -0.173838 -0.177967 -0.193427 -0.496146 0.051136 -0.063114 0.310276 -0.144983 0.274611 -0.376862 -0.157370 -0.196266 0.215625 -0.218716 -0.113218 -0.326692 -0.278350 0.000249 0.182841 -0.000938 0.077366 -0.091217
-0.237855 -0.011448 -0.133802 0.022022 -0.139468 -0.164741 0.162018 0.043705 -0.086775 -0.163476 -0.066405 -0.180219 -0.198917 -0.148354 0.183832 -0.186824 0.190574 0.213890 -0.097680 0.182870 -0.073381 0.261708 0.289922 0.064593 0.098923 0.178716 -0.105057 -0.075760 0.242946 0.333498 0.472692 0.531704 0.421082 1.000000 0.305218 0.426517 0.065330 0.164431 0.168656 0.158886 0.179300 0.149002 -0.310635 -0.287655 0.128234 -0.057247 -0.252461 -0.234738 -0.240675 -0.184265 -0.232573 -0.096741 -0.235142 0.047641 -0.000063 0.031934 -0.110967 0.238829 -0.327046 0.025910 -0.140592 0.027999 0.162029 0.188648 0.189540 -0.116123 -0.003328 0.087601 0.097806 0.018559 -0.066573 -0.069826 0.278444 0.082077 0.086192 0.110669 0.138518 0.140948 -0.044682 0.303959 0.005736 0.069637 0.124974 0.148485 0.112653 -0.233786 -0.016776 -0.172078 0.023559 -0.169304 -0.224069 -0.324356 -0.200097 -0.294510 -0.048999 -0.217475 -0.147035 -0.209959 -0.263058 -0.184338 -0.074657 -0.113705 0.130515 -0.235956 -0.270543 -0.076107 -0.138100 -0.171680 -0.186035 -0.143491 -0.053324 -0.059926 -0.042980 0.207191 -0.031136 -0.054082
-0.071508 -0.042486 0.342898 -0.024048 0.011397 -0.294219 0.149567 -0.260914 0.151519 -0.469312 0.164557 -0.165476 0.083212 -0.251184 0.539148 0.007102 -0.322876 -0.090674 0.120651 0.279716 -0.089661 0.575504 0.567099 0.107818 0.393245 0.362742 0.144278 0.174133 -0.003418 0.051441 0.050808 0.103666 0.323973 0.305218 1.000000 0.520785 0.383951 0.314934 0.426853 0.409493 0.505563 0.383784 -0.171133 -0.103551 0.174555 0.156357 -0.272261 0.006053 -0.251403 -0.152739 -0.086018 -0.181299 -0.457826 -0.161440 0.263528 0.242458 -0.245905 -0.032809 -0.205808 -0.116332 0.275859 0.092642 0.170540 0.047243 0.411798 0.133590 0.002674 0.257954 -0.213043 0.316284 -0.083695 -0.306455 -0.151190 -0.064881 -0.046555 -0.077739 0.085464 0.104415 -0.599019 0.055327 -0.446877 -0.198992 0.506113 0.327514 0.144943 -0.032376 0.064777 -0.000559 0.280080 0.124348 -0.256218 -0.295199 -0.306278 -0.131924 -0.291998 -0.422263 -0.157064 -0.566614 -0.542391 -0.596580 -0.081199 -0.366567 -0.108060 -0.569326 -0.232704 -0.048990 0.074729 -0.131172 -0.382947 -0.359398 -0.276259 -0.426723 -0.156927 -0.198771 -0.074680 -0.261722
-0.401768 0.011435 -0.214631 -0.107435 -0.302129 -0.136370 -0.300699 -0.214057 -0.161220 -0.351688 0.115430 0.083994 -0.085163 0.090537 0.494855 0.058644 -0.293969 -0.242751 -0.061769 0.228664 -0.013717 0.445718 0.288418 0.047282 0.009043 0.209311 -0.016350 0.211011 -0.013441 0.249583 -0.058541 0.020637 0.108434 0.426517 0.520785 1.000000 0.417028 0.433400 0.345231 0.035824 0.534770 0.392653 -0.327488 -0.117851 0.389003 0.379396 -0.172638 -0.069534 0.047794 0.085468 0.142952 0.246930 -0.199503 0.178554 0.223801 0.398813 -0.454699 -0.300024 -0.425964 0.143630 0.045169 0.166255 0.084644 0.035091 0.123186 0.183220 -0.216070 0.378398 -0.123499 0.300820 -0.095988 -0.177788 -0.062554 0.080759 0.081674 -0.152548 0.180090 0.027142 -0.266595 -0.115974 -0.205309 -0.199535 0.288650 0.309253 0.136608 0.097636 -0.069985 -0.309153 0.118722 0.069731 -0.137285 -0.451977 -0.014198 -0.261493 -0.338803 -0.315581 0.095232 -0.256724 -0.258746 -0.436337 0.020242 -0.411317 -0.066018 -0.578834 -0.300725 -0.222225 -0.252804 -0.123940 -0.429163 -0.214807 -0.105766 -0.090027 -0.043788 -0.137510 -0.183314 -0.045013
