1.000000 0.540323 -0.431202 -0.343573 -0.209136 -0.172130 -0.277585 -0.149510 -0.222631 -0.092014 0.508316 -0.109271 -0.112762 -0.095327 -0.273813 -0.325111 0.659483 0.510310 0.244027 0.125585 -0.379003 -0.135175 -0.474907 -0.504902 -0.331306 -0.352480 -0.218171 -0.192461 0.489394 0.145163 -0.438832 -0.503336 0.051542 -0.253740 -0.215174 -0.124373 0.269953 -0.013065 -0.111706 0.028403 0.210405 0.166558 0.240056 0.231445 0.159686 0.099042 0.263831 0.115278 -0.021052 0.242978 -0.087229 0.161047 0.016357 0.075557 0.056302 0.269433 0.558266 0.407821 -0.115124 0.296278 -0.023960 0.186478 0.509258 0.429818 -0.340045 -0.511796 -0.097106 -0.268517 0.164871 0.029632 -0.245365 -0.419080 0.329233 0.125893 0.049673 0.019137 0.253570 -0.094990 0.139314 0.295452 0.367475 0.379863 -0.243685 0.246329 0.099148 -0.278923 -0.127800 -0.328749 -0.227701 -0.151580 0.002533 -0.266024 -0.494027 -0.473580 -0.156328 -0.030597 -0.020960 -0.033006 0.217997 0.207347 0.097626 0.213800 -0.057489 -0.095754 0.099717 -0.059852 0.196465 0.184096 -0.231968 -0.117522 -0.135952 -0.135222 0.179580 -0.153816 0.001840 0.122872
0.540323 1.000000 -0.649442 -0.307563 -0.221415 -0.422448 -0.437680 -0.106825 -0.476859 -0.089486 0.136991 0.222549 -0.408834 -0.129059 -0.403937 -0.395299 0.476871 0.400293 -0.038486 0.392420 -0.532272 -0.260628 -0.663591 -0.551129 -0.315226 -0.523339 -0.276130 -0.438866 0.214796 0.206027 -0.591813 -0.492684 0.194775 -0.336790 -0.498100 -0.362893 0.140511 -0.093073 -0.361679 -0.188477 -0.095612 0.406494 0.300278 0.381646 0.340713 0.295297 0.384923 0.260145 0.063504 0.584163 0.152224 0.585669 0.085371 0.208266 -0.055659 0.526319 0.485085 0.466571 -0.016953 0.563859 -0.026292 0.518710 0.275261 0.540750 -0.444892 -0.429348 -0.094169 -0.352957 0.420895 0.360933 -0.156658 -0.427286 0.238391 0.189700 0.082226 -0.046405 0.141081 -0.164411 -0.171539 0.194987 0.233110 0.248086 -0.135579 0.311781 -0.286252 -0.187448 -0.025954 -0.165204 -0.531727 0.269410 0.084311 -0.341637 -0.323698 -0.506660 -0.346607 0.129506 0.067952 0.003205 0.306166 0.174987 0.102766 0.080747 -0.193434 0.174113 0.355288 -0.117258 0.193637 0.035480 0.185641 -0.227093 -0.067875 -0.053188 0.469953 -0.111242 -0.248433 -0.211750
-0.431202 -0.649442 1.000000 0.635422 0.298478 0.238971 0.412636 0.181460 0.131111 0.033225 -0.158438 -0.109220 0.239729 -0.066154 0.320123 0.258187 -0.426423 -0.376422 0.355662 -0.099067 0.446201 0.337261 0.764983 0.734210 0.451850 0.526797 0.308641 0.409181 -0.230832 -0.175295 0.679685 0.649986 -0.040558 0.383008 0.511813 0.266488 -0.376531 -0.189857 0.094943 0.026574 -0.075575 -0.206520 -0.364743 -0.347686 -0.340587 -0.296573 -0.428713 -0.332078 -0.032363 -0.516727 -0.088733 -0.415465 -0.160203 -0.137531 -0.197956 -0.475316 -0.584167 -0.425524 -0.122307 -0.545525 -0.031419 -0.540708 -0.428182 -0.512305 0.715240 0.509571 0.070130 0.338810 -0.603238 -0.448041 0.257959 0.202395 -0.266152 -0.165536 -0.039043 0.048674 -0.085916 0.153835 -0.011502 -0.308429 -0.466413 -0.455827 0.127918 -0.269632 0.230131 0.193934 0.089995 0.303969 0.524373 -0.086190 -0.224627 0.115585 0.375954 0.391526 0.045147 -0.162353 -0.203907 -0.225730 -0.460348 -0.127858 -0.030474 -0.207898 -0.089994 -0.220950 -0.287493 -0.101684 -0.055759 -0.172429 -0.108311 0.197644 -0.031856 -0.011082 -0.324649 0.185499 -0.013009 -0.040912
-0.343573 -0.307563 0.635422 1.000000 0.226918 0.443658 0.012999 0.165466 0.161937 0.308309 -0.285986 0.228348 -0.023086 -0.176097 0.177396 0.124549 -0.273912 -0.337003 0.439677 0.091524 0.078309 0.041631 0.744190 0.817739 0.335257 0.333320 0.354257 0.384611 -0.397073 -0.412054 0.431733 0.536014 -0.089433 0.212810 0.445331 0.264858 -0.321065 -0.265244 -0.136034 -0.193879 -0.336524 -0.414591 -0.328431 -0.273936 -0.322384 -0.297547 -0.282770 -0.174725 -0.224629 -0.375161 0.060694 -0.106127 -0.033635 0.119299 -0.307476 -0.346022 -0.572347 -0.379753 -0.141414 -0.328415 -0.377455 -0.386376 -0.543487 -0.414993 0.685436 0.545684 -0.147651 0.060420 -0.510649 -0.394892 0.062727 -0.050447 -0.557015 -0.215435 -0.158686 -0.040426 -0.133513 0.041821 -0.285697 -0.378613 -0.363980 -0.544306 0.104838 -0.258795 0.333409 0.547882 -0.040446 0.300137 0.583840 0.201674 0.164973 0.105925 0.492596 0.271602 -0.191607 -0.289104 -0.315071 -0.276826 -0.270586 -0.073689 0.095103 -0.289299 -0.155798 -0.288882 -0.386112 -0.094095 0.007334 -0.256047 -0.070351 -0.079968 0.076329 0.087299 -0.170542 0.290608 0.076751 0.027812
-0.209136 -0.221415 0.298478 0.226918 1.000000 0.355677 0.096329 0.058475 0.425765 0.636805 0.059310 -0.169908 0.240384 0.056659 0.573962 0.285292 -0.232105 -0.409321 0.218835 -0.109138 0.132218 0.066133 0.444026 0.353653 0.522329 0.213361 0.433073 0.301154 -0.261909 -0.138775 0.322611 0.247350 -0.067471 0.088977 0.064029 0.077107 -0.179076 -0.155132 0.061949 0.114310 -0.207501 0.086584 -0.296765 -0.268300 -0.241542 -0.179185 -0.393123 -0.175547 0.152392 -0.230380 0.025515 -0.293883 -0.091696 -0.285648 -0.206287 -0.333903 -0.098093 -0.151525 0.249454 -0.230505 0.226214 -0.031919 -0.333291 -0.277523 0.429548 0.292985 0.037776 0.087229 -0.095406 -0.079019 0.017607 -0.064650 -0.205103 -0.006887 0.214856 -0.121149 0.074872 -0.000665 -0.066728 -0.140573 -0.141536 -0.165041 0.007428 -0.250910 0.091785 0.016233 0.019118 -0.216994 0.251473 -0.009747 -0.024751 -0.027056 0.160583 0.303070 -0.088764 0.135145 -0.157818 -0.123503 -0.416902 -0.355145 -0.078834 -0.182078 -0.429714 0.008950 -0.063886 -0.132547 -0.051116 -0.254668 0.313553 -0.046145 -0.012645 -0.352175 -0.325359 0.088195 -0.325793 -0.310701
-0.172130 -0.422448 0.238971 0.443658 0.355677 1.000000 -0.012217 -0.023663 0.465608 0.585099 -0.055011 0.036456 0.324113 0.096609 0.464223 0.408658 -0.279249 -0.393684 0.103664 -0.567995 0.248847 0.100255 0.556552 0.379415 0.250837 0.288194 0.354038 0.586676 -0.269423 -0.219247 0.253274 0.164062 -0.447238 -0.152031 0.271503 0.146274 0.101420 0.233020 0.271306 0.093239 0.203085 -0.252789 -0.241383 -0.267490 -0.311754 -0.312782 -0.206543 -0.203959 0.048119 -0.377101 0.300065 -0.107015 0.263072 0.203786 0.144972 -0.258440 -0.351030 -0.401588 0.188794 -0.206912 -0.096688 -0.206131 -0.216431 -0.210648 0.302333 0.294035 -0.132846 -0.047067 -0.488737 -0.401602 -0.034976 0.059101 -0.341303 -0.193303 -0.019041 -0.052853 -0.251620 -0.217486 -0.341792 -0.316199 -0.181468 -0.358444 0.108564 -0.199217 0.352412 0.401915 -0.133410 -0.011733 0.490780 0.061078 0.107680 0.158953 0.065506 0.242166 0.080885 -0.188512 -0.181492 -0.315050 -0.251228 -0.318649 0.186661 -0.146093 0.091176 -0.262874 -0.103431 0.358390 -0.027113 0.024630 -0.021799 -0.071143 -0.185749 -0.143963 -0.416973 0.330451 0.153684 0.173082
-0.277585 -0.437680 0.412636 0.012999 0.096329 -0.012217 1.000000 0.479651 0.188051 0.102931 0.089840 0.049510 0.367375 0.372484 0.138945 0.387484 -0.281813 -0.102484 0.059280 -0.107415 0.306178 0.169417 0.255157 0.082661 0.038595 0.151081 -0.043162 -0.033213 -0.153048 0.186321 0.075797 0.026982 -0.052096 0.216121 0.126333 0.137735 -0.240898 -0.054519 0.093581 -0.024409 0.027264 -0.108848 -0.233581 -0.202517 -0.209574 -0.214435 -0.133810 -0.216614 -0.041897 -0.218413 -0.038891 -0.211948 0.198267 -0.028927 0.127290 -0.188396 -0.305510 -0.311037 0.240644 -0.271789 0.429025 0.156790 -0.105737 -0.121819 0.065330 0.268175 -0.011404 -0.161451 -0.228532 -0.340997 0.145808 0.078653 0.138928 -0.117466 -0.151305 -0.000651 -0.124760 -0.067927 0.122161 -0.119089 -0.248175 -0.222480 0.011763 -0.078406 -0.069293 -0.149896 0.112941 0.151557 0.148535 0.045321 -0.060163 0.034689 0.155687 0.327393 -0.137180 -0.163500 -0.007852 -0.116168 -0.116974 -0.088364 0.156793 -0.023374 0.238482 -0.062339 -0.345208 -0.135393 -0.123417 0.028990 -0.171507 0.103092 -0.131509 0.048180 -0.161713 0.054112 0.078194 0.124013
-0.149510 -0.106825 0.181460 0.165466 0.058475 -0.023663 0.479651 1.000000 0.034336 0.261491 -0.210966 0.188511 -0.134371 -0.003789 -0.287278 0.048833 -0.158530 -0.026067 -0.108518 -0.001266 -0.004068 -0.209966 0.006326 -0.128261 -0.098895 -0.120796 -0.110733 -0.375322 -0.277026 0.148982 -0.085122 -0.078409 0.129163 0.183187 -0.161267 -0.045127 -0.330077 -0.096830 -0.232090 -0.231561 -0.209867 -0.202556 0.114565 0.226279 0.226612 0.198534 0.216814 0.188397 0.048851 0.217775 -0.144434 0.206024 -0.097767 0.055983 -0.193565 0.218091 -0.426086 -0.473878 0.069331 0.216026 -0.128249 0.334306 -0.257926 -0.135571 -0.132313 0.300206 0.100619 0.019165 -0.259843 -0.288694 0.140413 -0.037860 0.001012 -0.098587 -0.341165 -0.087307 -0.090662 0.065504 -0.035828 -0.110284 -0.260684 -0.307403 -0.253392 -0.261171 -0.353483 -0.388797 -0.010055 -0.033169 -0.225416 0.104207 0.297307 -0.010430 0.368409 0.093907 -0.227932 -0.151037 0.155978 0.014565 0.118834 0.098248 0.373065 -0.014467 0.107932 0.017343 -0.258310 -0.039511 -0.073434 0.074761 -0.169251 -0.009879 0.161160 0.064150 0.340784 0.013062 0.023200 0.073556
-0.222631 -0.476859 0.131111 0.161937 0.425765 0.465608 0.188051 0.034336 1.000000 0.450541 0.119804 0.176346 0.277991 0.310234 0.520648 0.458024 -0.019329 -0.091790 0.048339 -0.134327 0.171011 -0.068821 0.496183 0.309624 0.059335 0.057686 0.099127 0.250228 0.050792 0.015462 0.313283 0.250907 -0.215301 0.083833 0.184051 0.225590 0.185708 0.093752 0.436153 0.147267 0.123912 -0.220016 -0.417741 -0.562732 -0.448603 -0.582382 -0.430920 -0.413330 -0.378299 -0.523954 -0.102294 -0.465555 0.043315 -0.118593 0.089430 -0.518801 -0.096978 -0.166398 0.088759 -0.160365 0.061773 -0.106495 -0.027799 -0.066686 0.279415 0.030968 -0.021839 -0.199718 -0.143400 -0.438773 -0.046345 0.026240 -0.050389 0.180694 0.213779 0.118884 0.127695 0.088358 0.193978 0.072479 0.075148 0.037598 -0.048109 -0.138011 0.242589 0.197444 -0.170493 -0.252875 0.476630 -0.124492 0.200826 0.188300 0.117546 0.383156 0.159260 0.060938 -0.243330 -0.037302 -0.147207 -0.171861 -0.102147 0.237269 0.184162 0.077783 -0.258252 0.093586 -0.134548 -0.358625 0.158529 0.101904 -0.206961 -0.280350 -0.571752 0.220573 0.123435 0.212292
-0.092014 -0.089486 0.033225 0.308309 0.636805 0.585099 0.102931 0.261491 0.450541 1.000000 -0.009527 0.102731 0.163934 0.004003 0.322431 0.264661 -0.173418 -0.261797 0.005235 -0.320108 -0.111762 -0.259737 0.351313 0.115637 0.233443 -0.148236 0.303664 0.031974 -0.323642 -0.093532 -0.047811 -0.136955 -0.324711 -0.310812 -0.117479 -0.041876 -0.027328 0.019800 -0.025729 -0.037085 -0.157530 -0.108555 -0.130179 -0.089208 -0.068164 -0.107030 -0.025189 -0.016497 0.115355 0.018650 0.230705 0.164604 0.254876 0.198160 0.058310 0.016577 -0.160425 -0.252561 0.284927 -0.012522 0.043846 0.231091 -0.331141 -0.148684 0.152877 0.221842 -0.252063 -0.315820 -0.210478 -0.227884 -0.010052 -0.217764 -0.236288 0.043097 0.077863 -0.184846 -0.112679 -0.204949 -0.323363 -0.155573 -0.164943 -0.302387 0.015813 -0.273707 0.012207 0.078400 0.074842 -0.145343 0.221257 0.354201 0.364980 0.097209 0.213650 0.194130 -0.147092 -0.054863 0.035921 -0.207579 -0.029684 -0.273424 0.283883 -0.102227 -0.072314 -0.049460 -0.165356 0.142808 -0.217012 -0.007801 0.154220 -0.209690 -0.063559 -0.164927 -0.130124 0.148046 -0.019515 -0.014022
0.508316 0.136991 -0.158438 -0.285986 0.059310 -0.055011 0.089840 -0.210966 0.119804 -0.009527 1.000000 0.001993 0.553825 0.346832 0.269036 0.069420 0.366271 0.310094 0.344593 -0.088197 -0.150227 -0.089629 -0.081026 -0.237904 -0.169209 -0.167592 -0.111897 -0.013471 0.430042 0.151521 -0.219882 -0.305064 0.023845 -0.185438 -0.103340 0.038109 0.206051 -0.173768 -0.004867 0.017832 0.127859 0.042470 -0.159245 -0.203890 -0.209553 -0.258242 -0.143232 -0.302660 -0.100244 -0.121046 0.062387 -0.068284 0.241598 0.017066 0.098955 -0.101999 0.405391 0.322828 -0.015280 -0.063805 0.199255 0.045124 0.410517 0.329726 -0.054216 -0.280073 -0.150783 -0.297863 0.176660 -0.114727 -0.202546 -0.476921 0.309003 0.205958 0.277709 0.078085 0.179892 -0.253332 0.207343 0.315909 0.387742 0.363952 0.118875 0.257179 0.426263 -0.029351 -0.017799 -0.166245 0.027616 -0.153978 -0.146108 -0.142746 -0.362376 -0.152386 0.011013 -0.167143 -0.332110 -0.250176 -0.023561 -0.045313 0.054043 0.081406 -0.021322 -0.155986 -0.043076 -0.092648 0.000589 -0.003853 -0.182534 -0.252099 -0.466653 -0.234206 -0.223982 -0.061071 0.163386 0.088384
-0.109271 0.222549 -0.109220 0.228348 -0.169908 0.036456 0.049510 0.188511 0.176346 0.102731 0.001993 1.000000 -0.193028 0.312959 -0.085200 0.223791 0.100910 0.174243 -0.065628 0.132368 -0.039149 -0.066777 0.034893 0.004758 -0.231765 -0.181268 -0.059788 -0.109755 -0.047669 0.197202 -0.076154 0.024438 -0.027113 -0.071060 -0.207571 -0.048457 0.059856 -0.064620 -0.045341 -0.160856 -0.092651 -0.023672 -0.164055 -0.124068 -0.046832 -0.202936 0.025777 -0.139403 -0.254291 0.034647 0.065473 0.221732 0.169480 0.188161 0.061048 0.070924 -0.090681 -0.030956 -0.082645 0.138290 -0.155372 0.269565 -0.106550 0.199920 -0.115643 0.053997 -0.378220 -0.422186 -0.067702 -0.337992 0.062225 -0.159391 -0.053192 0.174035 -0.105183 0.081715 -0.066180 -0.098335 -0.030599 0.030361 0.044976 -0.117227 0.113836 0.146130 -0.011126 0.249333 0.039204 0.120929 -0.029447 0.423602 0.247098 -0.114165 0.211316 -0.091976 -0.255094 0.088621 -0.150024 -0.030904 0.170006 0.129387 0.215234 0.087813 0.267166 0.177442 -0.066709 -0.024311 0.000838 -0.195044 0.115603 0.023869 -0.287659 0.064241 0.043775 0.306281 0.175508 0.038309
-0.112762 -0.408834 0.239729 -0.023086 0.240384 0.324113 0.367375 -0.134371 0.277991 0.163934 0.553825 -0.193028 1.000000 0.502540 0.599439 0.287802 -0.268925 -0.294989 0.166612 -0.497986 0.208802 0.128792 0.343348 0.185921 0.240570 0.241311 0.207970 0.273855 -0.078951 -0.122743 0.112185 0.008563 -0.195331 -0.150712 0.157497 0.088371 0.002887 -0.087444 0.124998 0.010872 0.140482 -0.200163 -0.238992 -0.311062 -0.319940 -0.301744 -0.275186 -0.368232 0.090036 -0.353630 0.297126 -0.196694 0.353031 0.048993 0.294527 -0.274438 -0.073222 -0.080463 0.180690 -0.346085 0.272820 -0.197622 0.028305 -0.124190 0.210460 0.121421 0.001557 -0.079646 -0.149889 -0.189847 -0.067453 -0.062786 -0.055746 -0.082109 0.180926 -0.050311 -0.166442 -0.290615 -0.022695 -0.099284 -0.021522 -0.043827 0.317724 -0.074376 0.437377 0.224346 0.114938 0.128474 0.315974 -0.076733 -0.256164 0.161712 -0.130362 0.251533 0.125271 -0.243252 -0.150459 -0.339220 -0.246525 -0.269495 0.110884 -0.127503 0.052837 -0.266333 -0.145059 0.114725 -0.154858 -0.008165 -0.166479 -0.008059 -0.323612 -0.147587 -0.441448 0.110333 0.134654 0.074670
-0.095327 -0.129059 -0.066154 -0.176097 0.056659 0.096609 0.372484 -0.003789 0.310234 0.004003 0.346832 0.312959 0.502540 1.000000 0.395690 0.544090 -0.188882 -0.207105 -0.036095 -0.181881 0.231023 0.286478 -0.004614 0.022721 -0.112709 0.154838 0.061997 0.160610 0.043065 0.164844 0.099543 0.134756 -0.143213 0.045965 -0.106623 0.033091 0.112346 -0.004413 0.220656 0.101179 0.178688 0.108733 -0.208711 -0.240616 -0.267930 -0.290902 -0.243218 -0.297011 -0.101595 -0.246878 0.016480 -0.160015 0.162497 -0.119932 0.194140 -0.168819 -0.088039 -0.084940 0.112724 0.016643 0.199602 0.124259 0.084436 0.044688 -0.184937 0.027523 -0.068062 -0.100124 0.055703 -0.133413 0.038739 0.082381 0.137829 0.009805 0.008812 0.137507 -0.103246 -0.142153 0.057825 -0.080999 0.127574 0.090369 0.217838 0.205299 0.098985 0.127539 0.049444 -0.021651 0.025681 0.046760 -0.209132 -0.253986 -0.103313 -0.000232 -0.067246 -0.074166 -0.205898 -0.111545 -0.168875 -0.318276 0.005120 0.026630 0.231823 0.022586 -0.084044 0.023992 -0.043371 -0.025071 -0.116698 -0.027023 -0.396678 -0.275327 -0.347349 0.062678 0.139230 0.109997
-0.273813 -0.403937 0.320123 0.177396 0.573962 0.464223 0.138945 -0.287278 0.520648 0.322431 0.269036 -0.085200 0.599439 0.395690 1.000000 0.651810 -0.336613 -0.432187 0.240611 -0.312201 0.311160 0.201026 0.575588 0.480810 0.446876 0.309120 0.510470 0.532443 -0.066219 -0.082962 0.468694 0.397963 -0.272225 0.040963 0.241084 0.107534 -0.028482 -0.081368 0.299822 0.220871 0.037775 -0.044106 -0.417491 -0.523646 -0.382675 -0.461115 -0.491919 -0.468737 0.047789 -0.473720 0.140301 -0.364258 0.057923 -0.127451 0.026941 -0.447273 -0.211132 -0.155801 0.200631 -0.475085 0.156180 -0.307627 -0.207010 -0.290888 0.491366 0.205982 -0.217180 -0.050043 -0.222223 -0.263314 0.058134 0.099517 -0.231904 -0.003281 0.208821 0.085597 -0.054489 -0.085843 -0.133284 -0.101881 -0.047009 -0.034603 0.284969 -0.027389 0.420216 0.363694 0.161084 -0.003061 0.506334 -0.031133 -0.210535 0.114619 0.034799 0.314231 0.214822 -0.005236 -0.321493 -0.213583 -0.411055 -0.380304 -0.169669 -0.275864 -0.169567 -0.153188 -0.051406 0.128205 -0.115671 -0.214534 0.114059 0.024691 -0.301105 -0.338550 -0.557637 0.115262 0.073590 -0.028436
-0.325111 -0.395299 0.258187 0.124549 0.285292 0.408658 0.387484 0.048833 0.458024 0.264661 0.069420 0.223791 0.287802 0.544090 0.651810 1.000000 -0.311909 -0.269398 0.011420 -0.314045 0.373072 0.241538 0.364775 0.262428 0.072807 0.151968 0.237693 0.301164 -0.045248 0.229270 0.329348 0.328667 -0.385171 -0.009816 0.087433 0.013802 0.073680 0.106831 0.332990 0.195626 0.113724 -0.026792 -0.284714 -0.398577 -0.207649 -0.362517 -0.266521 -0.401698 0.015450 -0.301979 0.002633 -0.195528 0.099323 -0.023480 0.104359 -0.212936 -0.337322 -0.323454 0.207437 -0.235945 0.155518 -0.012416 -0.212069 -0.188426 0.192656 0.207328 -0.225698 -0.171118 -0.331161 -0.396299 0.238346 0.234705 -0.036023 0.019549 -0.076812 0.209722 -0.100154 -0.057402 -0.208508 -0.122886 -0.160992 -0.179207 0.207039 0.113549 0.083535 0.193834 0.189925 0.076627 0.340655 0.148757 -0.045499 0.030951 0.186874 0.184144 0.163597 -0.062248 -0.222218 -0.162530 -0.207264 -0.336905 -0.014089 -0.207158 0.140918 -0.149604 -0.059902 0.193912 -0.158386 -0.042501 -0.098057 0.012197 -0.465555 -0.216888 -0.363522 0.097998 0.240341 0.106578
0.659483 0.476871 -0.426423 -0.273912 -0.232105 -0.279249 -0.281813 -0.158530 -0.019329 -0.173418 0.366271 0.100910 -0.268925 -0.188882 -0.336613 -0.311909 1.000000 0.830491 0.101951 0.352162 -0.450997 -0.328470 -0.373187 -0.423131 -0.332766 -0.483012 -0.301587 -0.384646 0.704445 0.306628 -0.381705 -0.397124 0.370336 -0.050781 -0.109356 0.018469 0.393607 -0.164716 -0.171352 -0.168703 0.162820 0.116731 0.005003 -0.082569 0.027083 -0.111010 0.051644 -0.120910 -0.388895 0.088328 -0.223413 -0.059838 -0.084853 -0.041239 -0.089099 0.032755 0.642906 0.638897 -0.308997 0.188458 -0.100436 0.139115 0.602791 0.543356 -0.182746 -0.466791 0.053427 -0.328437 0.261960 0.030281 -0.239965 -0.437299 0.489337 0.330485 0.233474 0.209955 0.598833 0.030039 0.451431 0.620097 0.680384 0.644777 -0.287246 0.300840 0.138025 -0.200526 -0.175501 -0.315292 -0.144076 -0.221752 0.009387 -0.199169 -0.286785 -0.332311 -0.103635 -0.032241 -0.117757 0.010927 0.222945 0.326720 0.170208 0.284187 -0.027665 -0.117477 -0.005525 -0.135003 0.005917 -0.080297 -0.078994 -0.146878 -0.198703 -0.004577 0.084000 0.021312 -0.018508 0.034964
0.510310 0.400293 -0.376422 -0.337003 -0.409321 -0.393684 -0.102484 -0.026067 -0.091790 -0.261797 0.310094 0.174243 -0.294989 -0.207105 -0.432187 -0.269398 0.830491 1.000000 -0.051007 0.306448 -0.474735 -0.430115 -0.392437 -0.518822 -0.489583 -0.627070 -0.489804 -0.554279 0.648854 0.441781 -0.456345 -0.471102 0.323903 -0.084387 -0.172933 0.009435 0.329529 -0.015492 -0.094511 -0.137882 0.170634 0.080010 0.080246 0.007612 0.132459 -0.048191 0.267885 -0.019607 -0.318552 0.226465 -0.195010 0.114539 0.006542 0.065969 0.042025 0.202098 0.482615 0.541576 -0.309525 0.238591 -0.109177 0.238495 0.597135 0.613527 -0.301728 -0.525232 -0.062042 -0.359400 0.134167 -0.083039 -0.172078 -0.380712 0.562118 0.367646 0.146860 0.185086 0.420513 -0.025889 0.419616 0.682292 0.471775 0.527866 -0.377190 0.198494 -0.025136 -0.315412 -0.204071 -0.229950 -0.224857 -0.137714 0.101428 -0.077874 -0.191876 -0.405415 -0.066580 -0.058957 0.020582 0.017129 0.415258 0.402457 0.187602 0.179005 0.103234 -0.136787 -0.054212 -0.116221 -0.019598 0.056864 -0.213714 -0.144241 -0.187191 0.158682 0.196797 -0.150350 0.093802 0.149334
0.244027 -0.038486 0.355662 0.439677 0.218835 0.103664 0.059280 -0.108518 0.048339 0.005235 0.344593 -0.065628 0.166612 -0.036095 0.240611 0.011420 0.101951 -0.051007 1.000000 0.389853 -0.127830 0.063252 0.344846 0.445361 0.055320 0.162357 0.166572 0.355331 0.098118 -0.292273 0.141063 0.234891 0.185711 0.283277 0.305460 0.189795 -0.219195 -0.419827 -0.161630 -0.114713 -0.194095 -0.149238 -0.282211 -0.274814 -0.447923 -0.422010 -0.294476 -0.156679 -0.250427 -0.476608 -0.111118 -0.379004 -0.007612 -0.133367 -0.421499 -0.442706 -0.034630 0.036173 -0.152545 -0.302106 -0.081469 -0.303774 -0.046536 -0.027312 0.512917 0.055769 -0.085222 -0.043313 -0.087533 -0.159594 -0.039090 -0.353749 -0.156958 -0.129083 0.142973 -0.049435 0.066294 -0.085415 -0.098215 -0.145017 0.051928 0.012418 -0.095985 0.117147 0.521529 0.215420 -0.244179 -0.085097 0.456796 -0.187610 -0.055974 -0.077589 -0.058778 0.116471 -0.233674 -0.343018 -0.557977 -0.283893 -0.313721 -0.059609 -0.250977 -0.098355 -0.230415 -0.296888 -0.266962 -0.340655 0.373787 -0.114055 -0.232788 -0.273418 -0.023094 -0.206997 -0.343489 0.096367 0.044554 0.100827
0.125585 0.392420 -0.099067 0.091524 -0.109138 -0.567995 -0.107415 -0.001266 -0.134327 -0.320108 -0.088197 0.132368 -0.497986 -0.181881 -0.312201 -0.314045 0.352162 0.306448 0.389853 1.000000 -0.400442 -0.089382 -0.190629 0.053400 -0.277953 -0.180442 -0.239198 -0.213504 0.245603 0.063099 -0.083906 0.146238 0.479298 0.461210 -0.043865 0.044595 -0.133762 -0.310944 -0.258361 -0.157622 -0.268599 0.156320 -0.027467 -0.008294 -0.110139 -0.093870 -0.041190 0.121770 -0.514942 -0.065466 -0.368558 -0.155985 -0.276633 -0.193680 -0.496201 -0.124165 0.203690 0.376659 -0.368609 0.103128 -0.180930 0.007336 0.056124 0.173891 0.031529 -0.166065 -0.004376 -0.015248 0.425936 0.192075 -0.024056 -0.188598 0.184124 0.165967 0.128872 0.129785 0.404863 0.294299 0.151927 0.146238 0.185606 0.245723 -0.321875 0.239075 -0.116609 -0.125901 -0.242400 -0.110331 -0.116869 -0.135153 0.154332 -0.138405 0.122376 -0.058515 -0.346703 0.080145 -0.185538 0.145031 0.126175 0.292483 -0.310914 0.139351 -0.156256 0.206829 -0.144028 -0.520462 0.312552 -0.289966 0.153983 -0.121877 0.264466 0.008667 0.155584 -0.086892 -0.219299 -0.113747
-0.379003 -0.532272 0.446201 0.078309 0.132218 0.248847 0.306178 -0.004068 0.171011 -0.111762 -0.150227 -0.039149 0.208802 0.231023 0.311160 0.373072 -0.450997 -0.474735 -0.127830 -0.400442 1.000000 0.680323 0.393083 0.320178 0.391545 0.640182 0.319050 0.442494 -0.128083 -0.028164 0.635759 0.442919 -0.345619 0.131326 0.349760 0.254241 -0.006560 0.229390 0.459244 0.426459 0.233983 -0.049751 -0.294517 -0.258051 -0.153567 -0.109304 -0.420104 -0.417726 0.170683 -0.276063 0.013984 -0.380135 -0.112225 -0.328813 0.352099 -0.257627 -0.460348 -0.545408 0.255778 -0.374218 0.259185 -0.331126 -0.259200 -0.479148 0.262306 0.407647 0.184924 0.268891 -0.277395 -0.197518 0.450829 0.626445 -0.075242 -0.165188 -0.071815 0.168571 -0.241057 0.003717 0.064178 -0.334763 -0.258539 -0.283021 0.398288 -0.104349 0.141352 0.205779 0.348738 0.349383 0.321704 -0.030705 -0.423326 -0.033680 0.000265 0.278900 0.272251 0.161442 0.012638 0.125665 -0.392858 -0.157284 -0.217536 0.090408 0.205453 0.173928 0.086083 0.228818 -0.142707 -0.048870 0.078462 0.424272 -0.191338 -0.110995 -0.272593 0.209357 0.108275 -0.038934
-0.135175 -0.260628 0.337261 0.041631 0.066133 0.100255 0.169417 -0.209966 -0.068821 -0.259737 -0.089629 -0.066777 0.128792 0.286478 0.201026 0.241538 -0.328470 -0.430115 0.063252 -0.089382 0.680323 1.000000 0.155785 0.297494 0.208221 0.650971 0.191898 0.527091 -0.036550 0.066924 0.494292 0.477114 -0.268187 0.192694 0.376770 0.240676 0.060240 0.270283 0.425585 0.324313 0.331502 0.325087 -0.131489 -0.095735 -0.285931 -0.117086 -0.325082 -0.279440 -0.001039 -0.351308 -0.029490 -0.350868 -0.072914 -0.284887 0.194884 -0.223134 -0.276716 -0.292335 0.062336 -0.273286 0.235932 -0.295421 -0.189128 -0.310152 0.098064 0.251932 0.032538 0.225324 -0.219653 -0.170015 0.389780 0.557118 0.007481 -0.071785 -0.055964 0.268090 -0.051889 0.196557 -0.014928 -0.336348 -0.181522 -0.197753 0.404766 0.243512 0.112833 0.159179 0.179069 0.279943 0.185831 -0.115481 -0.397105 -0.095468 -0.062426 0.103291 -0.051808 0.154217 -0.106037 0.086011 -0.394563 -0.056134 -0.313900 0.059379 0.143816 0.158778 0.120440 -0.027370 0.168365 -0.189884 0.087460 0.364227 -0.115173 0.008648 -0.161536 0.370037 -0.051957 -0.094965
-0.474907 -0.663591 0.764983 0.744190 0.444026 0.556552 0.255157 0.006326 0.496183 0.351313 -0.081026 0.034893 0.343348 -0.004614 0.575588 0.364775 -0.373187 -0.392437 0.344846 -0.190629 0.393083 0.155785 1.000000 0.840043 0.531415 0.456602 0.458805 0.527297 -0.258061 -0.348877 0.666532 0.581493 -0.232941 0.215272 0.582181 0.421765 -0.263909 -0.157397 0.215535 0.057147 -0.071402 -0.428677 -0.505832 -0.533971 -0.472582 -0.462626 -0.502398 -0.444662 -0.178649 -0.593867 0.075402 -0.415982 -0.001318 -0.035016 -0.073233 -0.581780 -0.543935 -0.409632 0.042961 -0.593963 -0.072499 -0.475198 -0.436973 -0.463796 0.809700 0.527261 -0.166054 0.044789 -0.542855 -0.517797 0.180073 0.114303 -0.419226 -0.162944 0.037108 0.001722 -0.174768 -0.012658 -0.085123 -0.272432 -0.335777 -0.428536 0.221572 -0.317216 0.463484 0.479053 0.094194 0.274167 0.760228 0.027347 -0.046097 0.185804 0.339855 0.455022 0.088851 -0.128758 -0.315179 -0.244648 -0.385147 -0.249518 0.005583 -0.192293 -0.035992 -0.239830 -0.394538 0.052794 -0.154041 -0.271650 0.045906 0.100547 -0.100304 -0.089672 -0.505166 0.277724 0.071328 0.070815
-0.504902 -0.551129 0.734210 0.817739 0.353653 0.379415 0.082661 -0.128261 0.309624 0.115637 -0.237904 0.004758 0.185921 0.022721 0.480810 0.262428 -0.423131 -0.518822 0.445361 0.053400 0.320178 0.297494 0.840043 1.000000 0.525956 0.625161 0.464055 0.657769 -0.333396 -0.449966 0.728358 0.805127 -0.105113 0.395169 0.590832 0.326003 -0.288603 -0.232918 0.128930 -0.005881 -0.216094 -0.331226 -0.463818 -0.470941 -0.529363 -0.437526 -0.553074 -0.339366 -0.233343 -0.658602 0.003223 -0.466633 -0.122724 -0.120253 -0.273312 -0.650323 -0.533541 -0.353932 -0.107613 -0.562725 -0.166968 -0.590948 -0.475335 -0.499717 0.783013 0.520055 -0.042787 0.242165 -0.415147 -0.282939 0.114968 0.222067 -0.509832 -0.202619 0.006897 0.068043 -0.097655 0.182337 -0.117241 -0.352199 -0.338247 -0.429058 0.208025 -0.222206 0.442788 0.607007 0.004642 0.289369 0.700199 -0.024856 -0.113482 0.105309 0.382500 0.413656 -0.004568 -0.151910 -0.414340 -0.211338 -0.510541 -0.228369 -0.178135 -0.283654 -0.192988 -0.215156 -0.361061 -0.144598 -0.012132 -0.350013 0.001606 0.076100 0.056554 -0.059364 -0.467496 0.260618 0.073956 0.001026
-0.331306 -0.315226 0.451850 0.335257 0.522329 0.250837 0.038595 -0.098895 0.059335 0.233443 -0.169209 -0.231765 0.240570 -0.112709 0.446876 0.072807 -0.332766 -0.489583 0.055320 -0.277953 0.391545 0.208221 0.531415 0.525956 1.000000 0.570907 0.690740 0.384002 -0.360708 -0.401707 0.481296 0.359127 -0.109326 0.030213 0.276035 0.087898 -0.249115 -0.170296 -0.021853 0.181808 -0.229955 -0.048785 -0.357337 -0.255978 -0.177162 -0.041211 -0.408065 -0.234606 0.279033 -0.183381 0.191440 -0.167282 -0.119271 -0.084381 -0.079907 -0.308183 -0.229368 -0.216161 0.207328 -0.568018 0.114135 -0.309304 -0.476237 -0.563873 0.508775 0.543442 0.014019 0.280219 -0.164225 0.094981 0.178629 0.219106 -0.440726 -0.198782 0.032924 -0.027506 -0.133330 -0.011616 -0.069622 -0.207638 -0.241761 -0.300610 0.295107 -0.389583 0.234306 0.263840 0.360967 0.255550 0.348623 0.114831 -0.195488 0.020981 0.209243 0.400281 0.158458 0.140674 -0.023124 -0.015182 -0.437828 -0.174402 -0.029425 -0.160506 -0.333971 0.014620 -0.012192 0.025854 -0.306870 -0.044500 0.276504 0.119764 0.081921 -0.058688 -0.134314 0.151820 -0.157341 -0.442460
-0.352480 -0.523339 0.526797 0.333320 0.213361 0.288194 0.151081 -0.120796 0.057686 -0.148236 -0.167592 -0.181268 0.241311 0.154838 0.309120 0.151968 -0.483012 -0.627070 0.162357 -0.180442 0.640182 0.650971 0.456602 0.625161 0.570907 1.000000 0.429587 0.786495 -0.363741 -0.348321 0.680346 0.609231 -0.126994 0.337612 0.535755 0.334312 -0.172800 0.055412 0.323585 0.345113 0.001910 -0.028497 -0.364859 -0.286358 -0.434234 -0.180553 -0.572187 -0.291719 0.021845 -0.524714 0.073182 -0.460973 -0.128422 -0.258429 -0.042677 -0.487716 -0.378203 -0.346740 0.054667 -0.529832 0.071418 -0.494326 -0.434699 -0.577040 0.393062 0.582250 0.113020 0.516788 -0.153146 -0.007459 0.132475 0.449330 -0.323766 -0.314476 -0.061724 0.149385 -0.144704 0.157491 0.032346 -0.397359 -0.273666 -0.325079 0.313558 -0.143573 0.331253 0.408862 0.132863 0.334236 0.419194 -0.173574 -0.390020 -0.052112 0.093244 0.401073 0.126419 0.094954 -0.234192 0.032762 -0.605838 -0.233100 -0.198622 -0.086632 -0.090619 0.047526 -0.029390 -0.046294 -0.003636 -0.151977 0.135847 0.256029 0.038638 -0.125058 -0.391616 0.230370 -0.015124 -0.127415
-0.218171 -0.276130 0.308641 0.354257 0.433073 0.354038 -0.043162 -0.110733 0.099127 0.303664 -0.111897 -0.059788 0.207970 0.061997 0.510470 0.237693 -0.301587 -0.489804 0.166572 -0.239198 0.319050 0.191898 0.458805 0.464055 0.690740 0.429587 1.000000 0.393913 -0.347974 -0.391274 0.406423 0.310805 -0.265180 0.007219 0.170214 0.016308 -0.192799 -0.175142 -0.095800 0.154678 -0.308603 -0.147372 -0.285760 -0.225784 -0.197018 -0.104136 -0.307802 -0.130573 0.147113 -0.171079 0.084715 -0.137865 -0.109609 -0.046118 -0.078094 -0.188892 -0.328650 -0.214835 0.113572 -0.511609 -0.104562 -0.334579 -0.529316 -0.573459 0.430877 0.445126 -0.287249 0.088128 -0.137408 0.055315 0.160794 0.202659 -0.459201 -0.184150 -0.008258 -0.167752 -0.171812 -0.176740 -0.264344 -0.362254 -0.179390 -0.266451 0.242785 -0.356668 0.352530 0.396520 0.428471 0.252087 0.482894 0.252608 -0.043545 0.150341 0.278443 0.345405 0.088256 -0.077238 -0.022323 0.070317 -0.270927 -0.115147 -0.015104 -0.221647 -0.184362 -0.089722 -0.056052 0.189160 -0.284858 0.073293 0.016541 -0.142966 0.048383 0.035775 -0.107880 0.101455 0.164891 -0.207001
-0.192461 -0.438866 0.409181 0.384611 0.301154 0.586676 -0.033213 -0.375322 0.250228 0.031974 -0.013471 -0.109755 0.273855 0.160610 0.532443 0.301164 -0.384646 -0.554279 0.355331 -0.213504 0.442494 0.527091 0.527297 0.657769 0.384002 0.786495 0.393913 1.000000 -0.234110 -0.335132 0.590207 0.564782 -0.290732 0.211653 0.537754 0.253837 -0.001719 0.152002 0.420847 0.315328 0.164736 -0.016534 -0.427777 -0.403193 -0.590184 -0.413604 -0.557538 -0.346910 -0.066191 -0.669082 0.146849 -0.478067 0.043627 -0.119377 -0.049361 -0.566822 -0.284007 -0.249038 0.070288 -0.464846 0.044466 -0.497514 -0.227313 -0.312436 0.465159 0.335529 -0.088129 0.276100 -0.252905 -0.150002 -0.044386 0.296073 -0.350287 -0.235708 0.072443 0.078593 -0.149980 0.034676 -0.142834 -0.379289 -0.195412 -0.258174 0.243750 0.026930 0.521905 0.584123 -0.088907 0.158719 0.578746 -0.166947 -0.311945 -0.003629 -0.073486 0.274066 0.146015 0.035244 -0.446830 -0.133561 -0.616010 -0.337919 -0.278542 -0.194395 -0.162537 -0.099400 0.005415 0.049738 0.193804 -0.167910 0.096901 0.130955 -0.112840 -0.233594 -0.591644 0.212494 0.076621 0.096608
0.489394 0.214796 -0.230832 -0.397073 -0.261909 -0.269423 -0.153048 -0.277026 0.050792 -0.323642 0.430042 -0.047669 -0.078951 0.043065 -0.066219 -0.045248 0.704445 0.648854 0.098118 0.245603 -0.128083 -0.036550 -0.258061 -0.333396 -0.360708 -0.363741 -0.347974 -0.234110 1.000000 0.514544 -0.098597 -0.111750 0.203389 0.114471 0.060494 0.128935 0.510903 0.075985 0.164736 0.125146 0.483827 0.256058 0.012021 -0.116389 -0.028787 -0.170105 -0.041885 -0.169220 -0.425464 -0.111347 -0.443539 -0.302702 -0.228549 -0.201526 0.025780 -0.044151 0.403567 0.440566 -0.436341 -0.000329 -0.137651 -0.172780 0.619964 0.351929 -0.173667 -0.569992 -0.002529 -0.127326 0.105057 -0.109296 -0.003163 -0.110649 0.744709 0.334847 0.316560 0.386081 0.493032 0.177809 0.458258 0.585248 0.636484 0.693591 -0.152789 0.436568 0.161493 -0.298633 -0.138775 -0.293658 -0.131702 -0.443753 -0.155564 -0.184768 -0.277408 -0.317921 0.224704 0.100796 -0.032246 0.117308 0.157721 0.186708 -0.097774 0.330035 0.084435 -0.054251 0.085397 0.067195 0.037296 -0.039166 -0.064451 0.021782 -0.214926 -0.095294 -0.056004 -0.026360 0.003154 0.125736
0.145163 0.206027 -0.175295 -0.412054 -0.138775 -0.219247 0.186321 0.148982 0.015462 -0.093532 0.151521 0.197202 -0.122743 0.164844 -0.082962 0.229270 0.306628 0.441781 -0.292273 0.063099 -0.028164 0.066924 -0.348877 -0.449966 -0.401707 -0.348321 -0.391274 -0.335132 0.514544 1.000000 -0.113883 -0.091789 0.055278 0.019982 -0.269089 -0.210484 0.218679 0.221031 0.053832 -0.068920 0.291741 0.384833 0.192333 0.094749 0.221041 -0.013304 0.175739 -0.068434 -0.034776 0.205538 -0.232523 0.053881 -0.099980 -0.166000 0.105481 0.223051 0.074096 0.138195 -0.045344 0.223778 0.081198 0.179331 0.204557 0.293180 -0.362943 -0.343548 -0.020589 -0.232885 -0.125458 -0.299743 0.108412 0.067753 0.738962 0.537056 0.130576 0.377278 0.392331 0.246254 0.199196 0.539032 0.205714 0.352416 -0.214099 0.296468 -0.378929 -0.463062 -0.090853 -0.290977 -0.417496 -0.120582 0.005770 -0.085538 -0.038611 -0.177763 -0.022301 0.165808 0.197176 0.010189 0.255160 0.266553 0.194912 0.193668 0.154777 0.100294 0.283248 0.026171 0.009625 -0.120854 0.019082 0.201763 -0.196976 0.124451 0.231132 0.101263 -0.033104 -0.020073
-0.438832 -0.591813 0.679685 0.431733 0.322611 0.253274 0.075797 -0.085122 0.313283 -0.047811 -0.219882 -0.076154 0.112185 0.099543 0.468694 0.329348 -0.381705 -0.456345 0.141063 -0.083906 0.635759 0.494292 0.666532 0.728358 0.481296 0.680346 0.406423 0.590207 -0.098597 -0.113883 1.000000 0.874064 -0.048616 0.442327 0.468898 0.249813 -0.202641 -0.064696 0.306871 0.274135 0.013725 -0.135275 -0.329091 -0.387515 -0.354084 -0.286995 -0.541335 -0.408013 -0.081575 -0.547464 -0.154369 -0.574833 -0.355185 -0.406685 -0.175421 -0.545884 -0.455771 -0.358703 -0.114181 -0.526608 -0.081602 -0.583197 -0.379544 -0.513297 0.621770 0.429504 0.055044 0.441785 -0.362408 -0.281491 0.412039 0.497940 -0.183054 -0.010741 0.109731 0.284540 0.009892 0.353750 0.097270 -0.195981 -0.224986 -0.217056 0.126036 -0.214098 0.250173 0.271067 0.114344 0.172615 0.462519 -0.235697 -0.385182 -0.078869 0.207606 0.278318 0.181109 0.083774 -0.258117 -0.074862 -0.524529 -0.247588 -0.275738 -0.152757 -0.158744 -0.054988 -0.175779 -0.034637 -0.088050 -0.271254 0.059372 0.344388 -0.033589 -0.187460 -0.438390 0.184499 0.044856 -0.114378
-0.503336 -0.492684 0.649986 0.536014 0.247350 0.164062 0.026982 -0.078409 0.250907 -0.136955 -0.305064 0.024438 0.008563 0.134756 0.397963 0.328667 -0.397124 -0.471102 0.234891 0.146238 0.442919 0.477114 0.581493 0.805127 0.359127 0.609231 0.310805 0.564782 -0.111750 -0.091789 0.874064 1.000000 0.043201 0.588296 0.436783 0.199437 -0.164101 -0.111459 0.217237 0.106586 -0.036835 -0.063056 -0.310743 -0.369705 -0.366526 -0.338132 -0.513578 -0.308687 -0.202158 -0.580709 -0.272910 -0.550788 -0.407911 -0.380547 -0.341842 -0.550421 -0.478580 -0.309422 -0.221714 -0.454215 -0.182611 -0.613636 -0.396286 -0.481888 0.567499 0.367504 0.083943 0.461079 -0.326526 -0.261528 0.324478 0.455166 -0.217395 0.017053 0.083786 0.290546 0.095990 0.488650 0.032681 -0.218007 -0.264937 -0.249386 0.085423 -0.096314 0.173401 0.305305 -0.008415 0.147089 0.382930 -0.220863 -0.235070 -0.022070 0.352379 0.303967 0.087022 0.069448 -0.274052 -0.077283 -0.474821 -0.193628 -0.323809 -0.165352 -0.216093 -0.035812 -0.194955 -0.110372 0.033030 -0.347618 0.064633 0.255953 0.086517 -0.143604 -0.383321 0.199550 -0.018938 -0.091762
0.051542 0.194775 -0.040558 -0.089433 -0.067471 -0.447238 -0.052096 0.129163 -0.215301 -0.324711 0.023845 -0.027113 -0.195331 -0.143213 -0.272225 -0.385171 0.370336 0.323903 0.185711 0.479298 -0.345619 -0.268187 -0.232941 -0.105113 -0.109326 -0.126994 -0.265180 -0.290732 0.203389 0.055278 -0.048616 0.043201 1.000000 0.557603 -0.008935 0.078540 -0.246660 -0.546659 -0.386922 -0.259547 -0.295675 0.071127 0.126200 0.069783 0.068581 0.058079 -0.012469 0.122913 -0.144715 -0.021608 -0.195340 -0.173604 -0.239851 -0.256564 -0.537057 -0.139011 0.342949 0.465601 -0.361646 0.033802 -0.173221 -0.022277 0.203143 0.171430 0.045759 -0.044114 0.363516 0.300956 0.296581 0.201227 -0.153252 -0.356693 0.141133 0.112517 0.139341 0.137998 0.443080 0.272021 0.420921 0.362213 0.393565 0.454220 -0.348633 0.099424 -0.045382 -0.315161 -0.352490 -0.409972 -0.361901 -0.443198 -0.196809 -0.255287 -0.016517 -0.036863 -0.286555 -0.136228 -0.205210 -0.096855 -0.075554 0.075149 -0.042009 -0.082786 -0.352679 -0.179019 -0.237038 -0.565431 0.211160 -0.220916 -0.023583 -0.167184 0.251027 -0.079164 0.018709 -0.057668 -0.335516 -0.306992
-0.253740 -0.336790 0.383008 0.212810 0.088977 -0.152031 0.216121 0.183187 0.083833 -0.310812 -0.185438 -0.071060 -0.150712 0.045965 0.040963 -0.009816 -0.050781 -0.084387 0.283277 0.461210 0.131326 0.192694 0.215272 0.395169 0.030213 0.337612 0.007219 0.211653 0.114471 0.019982 0.442327 0.588296 0.557603 1.000000 0.368544 0.368510 -0.276202 -0.329782 0.019828 -0.030510 -0.127212 -0.097666 -0.105284 -0.128786 -0.222561 -0.152810 -0.288091 0.037230 -0.391450 -0.469358 -0.492468 -0.610558 -0.445671 -0.398367 -0.522984 -0.469862 -0.229503 -0.053003 -0.396944 -0.285809 -0.272247 -0.445921 -0.072449 -0.262174 0.258085 0.164742 0.229409 0.496307 -0.025280 -0.152899 0.001035 0.113962 0.080846 -0.077908 -0.030261 0.222384 0.322169 0.499977 0.356379 0.027454 0.077377 0.110437 -0.290153 0.024180 0.116733 -0.111049 -0.359930 -0.236035 0.033229 -0.600997 -0.121176 -0.106681 0.276107 0.246574 -0.089344 -0.070331 -0.223519 0.090928 -0.219850 0.018797 -0.221667 -0.091147 -0.132496 -0.077456 -0.419402 -0.416286 0.293680 -0.303801 -0.050097 0.012317 0.384935 -0.088916 -0.186411 0.099016 -0.109166 -0.049963
-0.215174 -0.498100 0.511813 0.445331 0.064029 0.271503 0.126333 -0.161267 0.184051 -0.117479 -0.103340 -0.207571 0.157497 -0.106623 0.241084 0.087433 -0.109356 -0.172933 0.305460 -0.043865 0.349760 0.376770 0.582181 0.590832 0.276035 0.535755 0.170214 0.537754 0.060494 -0.269089 0.468898 0.436783 -0.008935 0.368544 1.000000 0.726019 0.001909 0.030807 0.413310 0.217340 0.143691 -0.160243 -0.342199 -0.384352 -0.529585 -0.349837 -0.484744 -0.353078 -0.406676 -0.670808 -0.047508 -0.549110 -0.024086 -0.069868 -0.015417 -0.558757 -0.291221 -0.096538 -0.164606 -0.542629 -0.121367 -0.524873 -0.142749 -0.348953 0.583908 0.360168 0.037073 0.220691 -0.397216 -0.315046 0.028918 0.198281 -0.126674 -0.198760 0.014220 0.253580 0.050851 0.157971 0.149822 -0.189372 -0.014586 -0.095517 0.284861 0.043619 0.534965 0.425067 -0.026132 0.222809 0.627189 -0.301618 -0.305901 0.071522 0.111351 0.254196 0.128893 -0.134252 -0.319413 -0.004133 -0.462566 -0.179937 -0.145225 -0.101655 -0.090996 -0.308033 -0.316818 -0.040332 0.083569 -0.354204 -0.029493 0.095283 0.004013 0.067200 -0.388010 0.221086 -0.043661 0.156752
-0.124373 -0.362893 0.266488 0.264858 0.077107 0.146274 0.137735 -0.045127 0.225590 -0.041876 0.038109 -0.048457 0.088371 0.033091 0.107534 0.013802 0.018469 0.009435 0.189795 0.044595 0.254241 0.240676 0.421765 0.326003 0.087898 0.334312 0.016308 0.253837 0.128935 -0.210484 0.249813 0.199437 0.078540 0.368510 0.726019 1.000000 0.038483 0.057858 0.441426 0.308192 0.178191 -0.113018 -0.247623 -0.220248 -0.325396 -0.162631 -0.334779 -0.217266 -0.482003 -0.403147 -0.182315 -0.430752 -0.105407 -0.133532 -0.019907 -0.323814 -0.171647 -0.056210 -0.082813 -0.298476 -0.123306 -0.273844 -0.075528 -0.252454 0.321088 0.308300 -0.024433 0.112280 -0.175035 -0.316374 0.033529 -0.072819 0.027205 -0.200746 -0.013442 0.178490 -0.011291 -0.038119 0.318986 -0.004894 0.192190 0.114918 0.184626 0.127979 0.435440 0.229988 -0.050267 0.103943 0.418704 -0.294636 -0.142586 -0.032924 0.011649 0.107792 -0.034676 -0.064177 -0.254901 0.035675 -0.216966 -0.141871 -0.038149 0.002187 0.137377 -0.184631 -0.372698 -0.135958 0.182506 -0.329686 0.065062 -0.089705 -0.009173 -0.116778 -0.360905 0.232772 -0.168043 0.084336
