1.000000 0.210991 -0.033822 -0.617068 -0.029361 -0.527462 -0.173109 -0.597543 -0.036432 -0.434473 0.626328 -0.253112 0.368893 -0.344060 0.377951 -0.155714 0.452894 0.130314 0.382276 0.293449 -0.139455 -0.299983 0.120288 -0.230243 -0.096769 -0.535063 -0.015660 -0.226393 0.190346 -0.256180 -0.310609 -0.472833 -0.044341 -0.419762 -0.208935 -0.480974 -0.053211 -0.397870 -0.068022 -0.480546 -0.277151 -0.251401 -0.303251 -0.305101 -0.284569 -0.543792 -0.007399 -0.344514 0.338238 -0.249180 0.077460 0.155516 0.182641 0.292562 0.210294 -0.156513 0.483832 0.443205 0.532105 0.126871 0.134140 -0.103892 0.002908 0.015087 0.039135 -0.366616 0.292303 -0.256892 0.577398 0.275095 -0.025735 -0.282470 -0.021833 -0.192873 0.006853 -0.175164 -0.050705 -0.437424 0.148694 -0.014705 0.216496 0.238398 0.041050 -0.299184 0.190661 0.155534 0.091078 -0.195595 0.049412 -0.300198 -0.144432 0.366377 -0.344371 0.286806 -0.070740 -0.408564 -0.235663 -0.145039 -0.138408 -0.158402 -0.207899 0.288977 0.007131 0.065000 -0.148761 -0.064430 0.008882 0.245546 -0.170343 -0.247023 -0.226308 -0.069631 -0.110096 -0.071641 -0.396572 -0.253270
0.210991 1.000000 -0.731871 -0.495648 -0.500819 -0.235838 -0.637597 -0.511029 -0.494302 -0.280691 -0.214155 0.150144 -0.336225 0.165131 -0.365800 0.036992 0.533673 0.761019 -0.358651 0.480028 -0.279212 -0.101879 -0.509964 -0.728434 -0.498988 -0.498581 -0.075546 -0.232994 0.187528 0.449140 -0.631730 -0.647904 0.384898 0.094994 -0.251565 -0.422057 -0.091694 -0.034029 -0.137636 0.091946 0.086738 0.174051 -0.095041 -0.135184 -0.167633 -0.324786 0.194158 -0.126624 -0.202020 -0.119707 -0.538680 -0.037736 0.045762 -0.058589 -0.209295 0.013783 0.618925 0.795829 0.319129 0.620845 0.187072 0.563960 0.458096 0.706933 -0.559961 -0.395350 -0.011749 -0.551677 0.399424 0.041056 -0.143034 -0.468358 0.101390 -0.029166 -0.090081 -0.220731 -0.025775 -0.132898 0.594144 0.633169 0.688525 0.661734 0.104614 0.410984 -0.205315 -0.076958 0.053160 -0.300696 -0.260577 -0.177009 0.028505 -0.447715 -0.330650 -0.464481 0.230687 0.120926 0.119818 0.054286 0.405436 0.212829 0.471329 0.342957 0.586182 0.083219 0.159545 -0.202185 0.045264 0.107623 -0.076821 0.141075 -0.290634 0.477419 0.205174 -0.172099 -0.092088 -0.061058
-0.033822 -0.731871 1.000000 0.190209 0.655217 -0.117161 0.718251 0.242636 0.622123 -0.040255 0.231623 -0.346170 0.291090 -0.298243 0.378547 -0.282283 -0.343887 -0.619861 0.534780 -0.411463 0.157048 -0.065297 0.510844 0.465629 0.558823 0.200368 0.234486 0.301379 -0.132823 -0.563206 0.471820 0.316120 -0.303360 -0.044854 0.249024 0.338210 -0.013561 -0.222379 0.281795 -0.231700 -0.205391 -0.281886 -0.093003 0.004657 0.047512 0.115062 -0.359665 -0.137934 0.260222 -0.029617 0.545295 0.047964 0.015019 0.046476 0.185731 -0.155780 -0.421893 -0.478180 -0.020717 -0.326096 0.041895 -0.449868 -0.305273 -0.493886 0.606819 0.206810 0.335486 0.511216 -0.197722 0.051893 0.159449 0.290891 -0.088899 -0.063017 -0.027617 0.045522 -0.070459 -0.116996 -0.546500 -0.577235 -0.587440 -0.491276 -0.129427 -0.586999 0.177372 -0.021051 0.026946 0.201747 0.349236 0.146384 -0.190078 0.436473 0.052553 0.428185 -0.245765 -0.296567 -0.120886 -0.286905 -0.430466 -0.414706 -0.532468 -0.149959 -0.503461 -0.028435 -0.129996 0.070682 -0.130767 -0.145361 0.002364 -0.275678 0.124652 -0.477554 -0.308432 -0.059965 -0.174352 -0.119883
-0.617068 -0.495648 0.190209 1.000000 0.265964 0.493883 0.195987 0.663999 0.257173 0.475298 -0.149940 0.251285 -0.054611 0.138974 0.059951 0.269602 -0.691139 -0.521525 -0.045107 -0.163410 0.211311 0.080594 0.264049 0.684529 0.168916 0.562244 -0.198263 0.096908 -0.412149 -0.125569 0.438100 0.610050 -0.325039 0.009666 0.074316 0.491094 -0.066667 0.271878 0.005805 0.299727 0.008703 0.021082 0.271748 0.286389 0.427867 0.578870 0.068821 0.331437 -0.019891 0.398188 0.187342 0.110000 -0.219938 0.034440 0.109979 0.285257 -0.492677 -0.614066 -0.709961 -0.526253 -0.537185 -0.277951 -0.592581 -0.505542 0.362003 0.614403 -0.457544 0.380651 -0.461732 -0.205587 -0.052842 0.352719 -0.261797 0.006317 -0.096758 0.027033 -0.109639 0.219646 -0.488645 -0.373033 -0.534558 -0.625635 -0.093695 0.015374 0.134133 0.236152 0.034077 0.282217 0.212689 0.444242 0.084486 -0.130780 0.544114 -0.131003 -0.004485 0.214902 0.081235 0.173671 -0.169683 0.001580 -0.080872 -0.643185 -0.424464 -0.331244 -0.110383 0.032398 -0.067206 -0.280562 0.109032 0.086482 0.219472 -0.112936 0.081131 0.258561 0.375242 0.228860
-0.029361 -0.500819 0.655217 0.265964 1.000000 -0.129229 0.710901 0.296806 0.820489 0.188344 0.278102 -0.011368 0.477497 -0.102285 0.524335 0.059139 -0.424366 -0.559992 0.372177 -0.237800 0.025451 -0.194607 0.303989 0.355913 0.476331 -0.082229 -0.036006 -0.122215 -0.088319 -0.381794 0.160458 0.175698 -0.380331 -0.052681 -0.102103 0.065587 -0.100545 -0.303634 0.005476 -0.165907 -0.185463 -0.304702 -0.233280 -0.155095 0.110654 0.145242 -0.356586 -0.261627 0.076518 -0.086315 0.360600 0.045413 0.066437 0.073031 0.220672 -0.107306 -0.380083 -0.396301 0.036949 -0.300853 0.034227 -0.209044 -0.438260 -0.522391 0.536099 0.339004 0.091414 0.312366 -0.074604 -0.026370 0.298394 0.031228 -0.126227 -0.075992 0.055835 -0.054712 0.041910 -0.060546 -0.493417 -0.586634 -0.502706 -0.444147 -0.220636 -0.310625 0.117443 0.088918 0.001585 0.010304 0.409418 0.186536 -0.168016 0.336600 0.080109 0.278405 -0.084363 -0.194934 -0.216572 -0.171125 -0.464681 -0.431962 -0.287112 -0.151676 -0.452488 -0.128805 -0.011894 0.017558 -0.129789 0.117829 -0.092227 -0.212045 -0.184804 -0.435593 -0.292432 -0.051345 0.035263 -0.143735
-0.527462 -0.235838 -0.117161 0.493883 -0.129229 1.000000 -0.028352 0.529477 -0.113984 0.618940 -0.492784 0.329242 -0.304576 0.306344 -0.238546 0.438893 -0.557472 -0.369624 -0.402220 -0.378527 0.029504 0.292443 -0.046744 0.372522 0.225518 0.657900 0.153150 0.342773 -0.452462 0.174168 0.299991 0.417971 -0.150944 0.072777 0.117031 0.396968 -0.186458 0.328490 0.011309 0.380242 0.107537 0.169193 0.247595 0.326974 0.110204 0.379066 0.165174 0.393768 -0.283992 0.209431 0.008689 -0.028445 -0.052702 -0.187471 -0.179784 0.228818 -0.354116 -0.482436 -0.436575 -0.149987 -0.253418 0.129217 -0.219230 -0.169390 -0.021474 0.433598 -0.363357 0.185284 -0.399306 -0.221946 0.037048 0.454376 -0.154506 0.031421 -0.015343 0.202063 0.028079 0.485878 -0.199279 -0.127526 -0.360395 -0.501268 -0.183859 0.059436 -0.070150 -0.128079 -0.161495 0.119378 -0.116815 0.201738 0.196889 -0.109671 0.526055 -0.173221 -0.050472 0.200205 0.226132 0.230581 -0.010289 0.150650 0.259719 -0.329517 -0.142633 0.039821 0.031890 0.279591 0.180579 -0.226174 0.147339 0.242278 0.347719 0.073723 0.080248 0.256186 0.139567 0.196105
-0.173109 -0.637597 0.718251 0.195987 0.710901 -0.028352 1.000000 0.550541 0.762812 0.330599 0.169630 0.154288 0.467212 0.110198 0.352854 0.036635 -0.364476 -0.522272 0.304223 -0.374660 -0.086721 -0.116568 0.168985 0.352177 0.339418 0.033740 -0.105422 -0.125688 0.096835 -0.148498 0.356583 0.381697 -0.145081 0.274237 0.012230 0.222051 -0.016438 -0.243857 -0.134863 -0.275451 -0.031598 -0.270040 -0.136415 -0.121309 0.024981 0.179589 -0.450125 -0.188892 0.031659 -0.021812 0.202214 0.087630 0.138025 -0.028534 -0.123941 -0.145555 -0.604268 -0.627357 -0.029741 -0.293365 0.236943 -0.063126 -0.273462 -0.370842 0.416384 0.457839 0.028399 0.289069 -0.390275 -0.199429 0.368442 0.218293 0.204683 0.181103 0.251742 0.244436 0.290227 0.250705 -0.461814 -0.475546 -0.617564 -0.441746 -0.387329 -0.242786 -0.133266 -0.211993 -0.184611 0.097046 0.200133 0.236312 -0.062382 0.364460 0.246182 0.372946 -0.299402 -0.247024 -0.249454 -0.263355 -0.271028 -0.355728 -0.209948 -0.054619 -0.388760 -0.125355 0.006153 0.103337 0.027522 -0.079632 -0.201294 -0.278213 -0.109477 -0.454263 -0.207060 -0.050699 0.102903 0.048978
-0.597543 -0.511029 0.242636 0.663999 0.296806 0.529477 0.550541 1.000000 0.389751 0.811888 -0.314095 0.531076 0.032673 0.462745 -0.050679 0.477673 -0.570613 -0.516424 -0.237388 -0.451974 0.061190 0.114538 -0.123871 0.497485 0.130470 0.472272 -0.115484 -0.025570 -0.271138 0.088217 0.390637 0.560342 -0.045131 0.266663 -0.105560 0.356342 -0.078934 0.129421 -0.183937 0.086771 0.072528 -0.064399 0.124204 0.095201 0.186819 0.436783 -0.157251 0.184808 -0.022955 0.256647 0.094273 0.124253 0.142221 -0.144158 -0.181517 0.188963 -0.598199 -0.781386 -0.528079 -0.290270 -0.068147 0.168995 -0.321006 -0.325633 0.121816 0.808137 -0.456378 0.250142 -0.593579 -0.330078 0.197260 0.379110 0.018432 0.135564 0.182536 0.124050 0.094132 0.420831 -0.465213 -0.337490 -0.590897 -0.608757 -0.514163 0.017197 -0.234605 -0.081208 -0.342385 0.085188 -0.073980 0.525844 0.273116 -0.085415 0.780520 -0.015391 -0.148159 0.079164 -0.027688 0.089688 -0.048335 0.037387 0.252941 -0.305524 -0.332765 -0.147940 0.160624 0.176324 0.028273 -0.161802 -0.086854 -0.045063 -0.014163 -0.116268 0.046554 0.137880 0.334617 0.227723
-0.036432 -0.494302 0.622123 0.257173 0.820489 -0.113984 0.762812 0.389751 1.000000 0.306031 0.267458 0.143561 0.590025 0.019959 0.583293 0.199754 -0.501556 -0.575014 0.282389 -0.123136 -0.069163 -0.342225 0.249358 0.412371 0.337667 -0.116203 -0.173812 -0.207971 -0.153768 -0.296440 0.173842 0.201416 -0.270826 0.087202 -0.213491 0.139252 -0.023310 -0.343087 -0.138832 -0.294645 -0.132101 -0.381278 -0.243516 -0.054950 0.198410 0.292658 -0.323985 -0.146684 0.239781 0.096862 0.253034 0.238947 0.106142 0.095724 0.148694 -0.017782 -0.452185 -0.458807 0.010306 -0.354833 0.051151 -0.176659 -0.563685 -0.587568 0.513526 0.544329 -0.002029 0.334421 -0.115096 0.024731 0.292363 0.096701 -0.070272 0.032344 0.078536 0.039535 0.130887 0.011835 -0.556414 -0.617822 -0.663425 -0.535538 -0.470354 -0.330065 0.010722 -0.040378 -0.105662 -0.037189 0.373394 0.358353 -0.206486 0.314313 0.265628 0.258158 -0.242036 -0.294829 -0.214126 -0.277311 -0.415776 -0.514123 -0.189533 -0.203182 -0.463925 -0.204898 -0.110353 -0.093497 -0.035628 -0.053847 -0.178250 -0.264773 -0.174746 -0.431498 -0.113274 0.002115 0.078246 -0.126113
-0.434473 -0.280691 -0.040255 0.475298 0.188344 0.618940 0.330599 0.811888 0.306031 1.000000 -0.285742 0.619426 0.017110 0.396515 -0.055735 0.640804 -0.497618 -0.372391 -0.277999 -0.238058 0.010354 0.104830 -0.222506 0.395936 0.057760 0.370970 -0.150763 -0.160869 -0.255861 0.281347 0.186227 0.467790 -0.070137 0.196964 -0.254814 0.179661 -0.165868 0.122352 -0.286388 0.074586 0.103326 0.108858 0.032326 0.070038 0.017707 0.355613 -0.090176 0.217026 -0.170332 0.150286 -0.134906 0.113933 0.067990 -0.181231 -0.287987 0.157398 -0.507304 -0.595882 -0.419739 -0.227000 -0.059548 0.278211 -0.254919 -0.207947 -0.031255 0.700196 -0.566071 0.113340 -0.487391 -0.347357 0.251510 0.252763 0.062007 0.229340 0.244182 0.186718 0.220944 0.510272 -0.329198 -0.149638 -0.494524 -0.527598 -0.529389 0.090551 -0.325637 -0.198823 -0.519034 -0.116718 -0.221979 0.337710 0.260937 0.030956 0.777178 -0.010702 -0.093778 0.156726 0.003238 0.181740 -0.069793 0.126680 0.371706 -0.192024 -0.188636 0.005848 0.178446 0.193954 0.201901 -0.099433 0.079660 0.060369 -0.041894 0.073476 0.126285 0.254384 0.282419 0.060535
0.626328 -0.214155 0.231623 -0.149940 0.278102 -0.492784 0.169630 -0.314095 0.267458 -0.285742 1.000000 -0.175989 0.697400 -0.242220 0.770730 -0.158873 0.124972 -0.171008 0.576227 0.232464 -0.050016 -0.422416 0.523086 0.208330 0.053823 -0.431384 -0.355256 -0.330986 0.242977 -0.401633 0.025106 -0.089621 -0.335794 -0.407133 -0.128782 -0.263193 0.049134 -0.374498 -0.149864 -0.438688 -0.197488 -0.293607 -0.224154 -0.202987 -0.066546 -0.305421 -0.141720 -0.254805 0.429742 -0.063149 0.312981 0.388020 -0.003415 0.438311 0.344152 -0.123441 -0.067171 0.066144 0.116488 -0.199320 -0.085922 -0.390854 -0.332420 -0.290192 0.461588 -0.097307 0.078524 -0.004697 0.206018 0.171593 -0.041831 -0.145533 -0.124834 -0.091675 -0.035143 -0.063702 -0.018061 -0.364700 -0.284935 -0.301401 -0.118686 -0.009129 0.158952 -0.273725 0.414468 0.317632 0.185524 0.013373 0.372646 -0.071521 -0.155970 0.472106 -0.244560 0.365268 -0.246666 -0.366804 -0.338848 -0.253796 -0.374692 -0.380408 -0.432080 -0.092627 -0.290747 -0.274766 -0.297338 -0.218834 0.091388 0.148432 -0.119654 -0.365087 -0.070514 -0.409024 -0.035130 0.018603 -0.135119 -0.028213
-0.253112 0.150144 -0.346170 0.251285 -0.011368 0.329242 0.154288 0.531076 0.143561 0.619426 -0.175989 1.000000 0.163482 0.825446 0.034663 0.791435 -0.303924 -0.078288 -0.415086 0.138887 -0.185580 -0.021518 -0.359119 0.118507 -0.212981 -0.029963 -0.367950 -0.451919 0.008084 0.526496 -0.055539 0.152741 0.174314 0.360031 -0.329358 -0.036030 -0.007504 0.164377 -0.267306 0.120118 0.341664 0.105769 -0.065611 -0.103524 0.015611 0.156595 -0.104929 0.107527 -0.095342 0.135177 -0.383532 0.228620 0.145988 -0.113674 -0.175031 0.282576 -0.288134 -0.332193 -0.228907 -0.045677 -0.007148 0.551481 -0.222302 0.010929 -0.208243 0.617284 -0.631565 -0.216475 -0.351751 -0.365605 0.180635 0.081234 0.198727 0.126351 0.132598 0.118794 0.289797 0.477059 -0.091851 0.006732 -0.243236 -0.247080 -0.415318 0.488882 -0.404635 -0.253476 -0.286320 -0.100481 -0.163318 0.400676 0.396194 -0.075640 0.529148 -0.156197 -0.035776 0.183079 0.050289 0.091298 0.136440 0.184716 0.638801 -0.049928 0.037693 -0.228623 0.163195 -0.087963 0.037528 -0.007173 -0.185481 0.154449 -0.131055 0.115025 0.362182 0.145510 0.376631 0.134901
0.368893 -0.336225 0.291090 -0.054611 0.477497 -0.304576 0.467212 0.032673 0.590025 0.017110 0.697400 0.163482 1.000000 0.092515 0.805136 0.160463 -0.151041 -0.312255 0.278185 0.083802 -0.054507 -0.329908 0.248854 0.243044 0.127014 -0.342072 -0.343889 -0.413320 0.195022 -0.229994 0.052242 0.040528 -0.217582 -0.077462 -0.211368 -0.120807 0.096442 -0.224586 -0.222000 -0.379494 -0.037604 -0.263660 -0.196253 -0.084814 0.028130 -0.069688 -0.169681 -0.175525 0.245874 -0.050039 0.228428 0.191965 0.171185 0.135319 0.324853 -0.193277 -0.301408 -0.250921 0.140034 -0.263421 0.135311 -0.185210 -0.391831 -0.395094 0.393279 0.247246 -0.064794 0.085050 -0.025093 -0.040191 0.213027 0.090061 0.047037 0.083278 0.189721 0.107832 0.260997 -0.096685 -0.384950 -0.387785 -0.360291 -0.216740 -0.194649 -0.178511 0.048515 0.064046 -0.013229 -0.059696 0.231354 0.068210 0.002742 0.485603 0.045428 0.426759 -0.244187 -0.250720 -0.195598 -0.297754 -0.371197 -0.385321 -0.156242 -0.029535 -0.305099 -0.345005 -0.129486 -0.208561 0.146565 0.154487 -0.177127 -0.262391 -0.077676 -0.513342 -0.004348 0.055369 0.005316 0.059220
-0.344060 0.165131 -0.298243 0.138974 -0.102285 0.306344 0.110198 0.462745 0.019959 0.396515 -0.242220 0.825446 0.092515 1.000000 -0.039573 0.655943 -0.188482 -0.011522 -0.454187 -0.011213 -0.121874 0.041895 -0.362468 -0.030916 -0.191978 -0.049314 -0.211579 -0.276966 0.014850 0.500458 -0.059647 0.010898 0.226121 0.326464 -0.204687 -0.030910 0.026727 0.179298 -0.176497 0.110074 0.297216 0.080054 -0.054537 -0.097822 0.012729 0.047902 -0.083701 0.058108 -0.015428 0.094935 -0.226647 0.233573 0.331756 -0.100102 -0.112689 0.247081 -0.262695 -0.290756 -0.179915 0.156898 0.159499 0.631238 -0.050523 0.150339 -0.244133 0.502466 -0.476319 -0.245260 -0.302089 -0.226063 0.148243 0.128285 0.136468 0.145411 0.130391 0.077983 0.209442 0.393031 -0.047271 -0.023267 -0.133635 -0.179656 -0.334097 0.503573 -0.324052 -0.261316 -0.224059 -0.032165 -0.141213 0.391803 0.450388 -0.174104 0.426105 -0.201043 -0.039455 0.176919 0.035765 0.060508 0.173195 0.158989 0.694206 -0.016153 0.014418 -0.285696 0.151971 -0.137931 0.066684 -0.006746 -0.286287 0.108621 -0.123308 0.068728 0.360401 0.144098 0.363763 0.325197
0.377951 -0.365800 0.378547 0.059951 0.524335 -0.238546 0.352854 -0.050679 0.583293 -0.055735 0.770730 0.034663 0.805136 -0.039573 1.000000 0.154318 -0.269135 -0.450602 0.389086 0.057200 -0.018067 -0.415351 0.637592 0.476806 0.323982 -0.278093 -0.224855 -0.196656 0.026191 -0.452646 0.109922 0.006319 -0.508297 -0.365520 -0.108403 -0.059591 0.009022 -0.342380 -0.080060 -0.350741 -0.139099 -0.375040 -0.273273 -0.120460 0.067509 -0.096541 -0.226435 -0.238851 0.374941 -0.083719 0.439186 0.343448 0.065694 0.373359 0.463616 -0.108378 -0.224061 -0.178804 0.055905 -0.328842 -0.136019 -0.364335 -0.631930 -0.524889 0.704647 0.254131 -0.049497 0.138561 0.107368 0.161662 -0.045213 0.026188 -0.300434 -0.172970 -0.123284 -0.045714 -0.085729 -0.332386 -0.511178 -0.517633 -0.429784 -0.316082 0.010950 -0.304684 0.446925 0.242688 0.210385 0.106143 0.613092 0.177948 -0.108307 0.408815 -0.002053 0.390558 -0.218167 -0.407481 -0.260491 -0.338898 -0.543037 -0.554998 -0.279669 -0.250452 -0.438267 -0.384538 -0.273455 -0.262032 -0.038015 0.090474 -0.143981 -0.365413 -0.048811 -0.548870 -0.091228 0.081045 -0.040420 0.040942
-0.155714 0.036992 -0.282283 0.269602 0.059139 0.438893 0.036635 0.477673 0.199754 0.640804 -0.158873 0.791435 0.160463 0.655943 0.154318 1.000000 -0.446019 -0.303068 -0.350139 0.081746 -0.032824 0.076338 -0.222619 0.256257 -0.000810 0.097712 -0.170263 -0.329066 -0.156692 0.352918 0.007885 0.173027 -0.096725 0.132099 -0.311507 0.054746 -0.018395 0.140812 -0.160739 0.082848 0.258049 0.123628 -0.150735 -0.067495 0.087183 0.179024 -0.075313 0.115971 -0.071766 0.077115 -0.128508 0.173178 0.143065 -0.079961 0.084014 0.233620 -0.277248 -0.327697 -0.209528 -0.178993 -0.018567 0.375945 -0.344735 -0.226581 -0.060496 0.609088 -0.603297 -0.139393 -0.192774 -0.180164 0.120171 0.189684 -0.000958 -0.020885 0.080092 0.121334 0.128348 0.347458 -0.218398 -0.145793 -0.368854 -0.415008 -0.451249 0.368863 -0.224717 -0.093425 -0.336688 -0.092031 -0.074520 0.351103 0.289859 -0.000043 0.621807 -0.111734 0.069998 0.148271 0.102541 0.138047 -0.136011 0.049503 0.600922 -0.045810 -0.091760 -0.176006 0.151145 -0.110860 -0.005529 0.144793 -0.057246 0.192801 0.038253 0.037621 0.250265 0.316312 0.249265 0.040280
0.452894 0.533673 -0.343887 -0.691139 -0.424366 -0.557472 -0.364476 -0.570613 -0.501556 -0.497618 0.124972 -0.303924 -0.151041 -0.188482 -0.269135 -0.446019 1.000000 0.724220 0.007048 0.195140 -0.203434 -0.053306 -0.290388 -0.650998 -0.393295 -0.483940 -0.029325 -0.116522 0.390490 0.085106 -0.465451 -0.557827 0.423052 -0.076655 -0.044200 -0.457699 0.073965 -0.192053 -0.099553 -0.350420 -0.091665 0.032328 -0.099989 -0.296127 -0.357108 -0.574376 -0.037987 -0.349223 0.006079 -0.313910 -0.168296 -0.137446 0.107211 -0.016724 -0.264730 -0.313901 0.625267 0.691929 0.410230 0.500893 0.339829 0.188438 0.663015 0.590556 -0.381675 -0.602000 0.346788 -0.384342 0.470115 0.190596 -0.052603 -0.453595 0.158744 0.041446 0.053089 -0.212359 -0.058271 -0.316163 0.659051 0.500785 0.744284 0.758676 0.251807 0.070487 -0.078288 0.035621 -0.007676 -0.141796 -0.302825 -0.428868 -0.104207 -0.180447 -0.500122 0.025898 0.050131 -0.115420 -0.231439 -0.069602 0.242016 0.095704 -0.011331 0.453586 0.338999 0.238641 0.060220 -0.018055 0.060775 0.315783 -0.100908 -0.232649 -0.342725 0.180070 0.029065 -0.228158 -0.251854 0.003990
0.130314 0.761019 -0.619861 -0.521525 -0.559992 -0.369624 -0.522272 -0.516424 -0.575014 -0.372391 -0.171008 -0.078288 -0.312255 -0.011522 -0.450602 -0.303068 0.724220 1.000000 -0.260450 0.408626 -0.180840 0.005878 -0.463972 -0.741081 -0.515109 -0.425547 -0.061797 -0.196269 0.439534 0.502818 -0.598647 -0.506842 0.401004 0.161396 -0.061096 -0.398332 0.053450 0.089221 -0.101109 0.017035 0.114019 0.275790 0.100190 -0.108324 -0.213614 -0.344035 0.229322 -0.048581 -0.227170 -0.177326 -0.488959 -0.218755 -0.024020 -0.175355 -0.316016 -0.205691 0.476041 0.678251 0.330256 0.560807 0.318977 0.393831 0.678020 0.740074 -0.559458 -0.596977 0.069903 -0.478033 0.261088 0.004770 -0.119609 -0.446416 0.354810 0.171447 0.108054 -0.012518 0.139237 -0.035302 0.706393 0.784995 0.757381 0.822468 0.298958 0.470807 -0.257263 -0.158220 0.032556 -0.167025 -0.367499 -0.404621 0.052738 -0.410235 -0.429710 -0.317229 0.131241 0.178768 0.044335 -0.018698 0.514814 0.311406 0.246165 0.447426 0.639639 0.090759 0.171193 -0.156337 -0.001886 0.120690 0.061755 0.082237 -0.180329 0.390292 0.249824 -0.149877 -0.051968 0.019675
0.382276 -0.358651 0.534780 -0.045107 0.372177 -0.402220 0.304223 -0.237388 0.282389 -0.277999 0.576227 -0.415086 0.278185 -0.454187 0.389086 -0.350139 0.007048 -0.260450 1.000000 0.126796 0.095590 -0.250814 0.503859 0.180516 0.097458 -0.185697 -0.054847 -0.004161 0.267471 -0.377303 0.286383 0.144479 -0.228077 -0.198791 -0.029760 -0.201921 0.130309 -0.348273 0.107471 -0.361320 -0.303314 -0.311481 -0.154986 -0.193121 -0.224609 -0.306627 -0.185005 -0.228941 0.253929 -0.072376 0.231008 0.264488 -0.047483 0.382879 0.220648 -0.157496 -0.138819 -0.066618 0.149624 -0.235986 -0.029940 -0.429143 -0.196528 -0.261603 0.410817 -0.246375 0.289759 -0.026597 0.096401 0.002938 0.044193 -0.016933 0.106761 -0.011870 0.036451 0.119417 0.121754 -0.140881 -0.157296 -0.357468 -0.239964 -0.167392 0.172250 -0.426422 0.274828 0.067868 0.097465 0.013221 0.243764 -0.126275 -0.186209 0.512488 -0.281316 0.442081 -0.212049 -0.282674 -0.221232 -0.155822 -0.375750 -0.240136 -0.543373 -0.114292 -0.329405 -0.066678 -0.265996 0.062553 0.057077 -0.022787 -0.044766 -0.251399 -0.013504 -0.307566 -0.379679 0.075705 -0.212706 -0.192602
0.293449 0.480028 -0.411463 -0.163410 -0.237800 -0.378527 -0.374660 -0.451974 -0.123136 -0.238058 0.232464 0.138887 0.083802 -0.011213 0.057200 0.081746 0.195140 0.408626 0.126796 1.000000 -0.070672 -0.143827 -0.056690 -0.174765 -0.277889 -0.360560 -0.241803 -0.336511 0.246752 0.299618 -0.270719 -0.206018 0.085969 0.078042 -0.166999 -0.248327 0.218905 0.003258 -0.003465 0.045453 0.297410 0.210323 -0.020742 0.022635 0.114109 -0.122071 0.300070 0.160292 0.133454 0.102314 -0.294895 0.173729 -0.082102 0.212350 0.164651 0.211491 0.196889 0.381728 0.052679 -0.079079 -0.184879 0.009617 -0.061565 0.102471 -0.224456 -0.283644 -0.258543 -0.356957 0.231886 0.053091 -0.075337 -0.158020 0.252192 0.093291 -0.074806 0.042240 0.160753 -0.007691 0.197980 0.263982 0.247807 0.256131 0.170909 0.370432 -0.035811 0.006570 0.079095 -0.076093 -0.104017 -0.178802 0.041553 0.056501 -0.286643 -0.203500 0.115093 0.162732 0.220791 0.074120 0.168066 0.046484 0.030770 0.018775 0.181242 -0.241014 -0.242636 -0.408573 -0.119510 -0.057290 0.104614 0.172943 0.094318 0.207937 0.171407 0.065003 0.020082 -0.249885
-0.139455 -0.279212 0.157048 0.211311 0.025451 0.029504 -0.086721 0.061190 -0.069163 0.010354 -0.050016 -0.185580 -0.054507 -0.121874 -0.018067 -0.032824 -0.203434 -0.180840 0.095590 -0.070672 1.000000 0.407007 0.252798 0.344391 0.212507 0.468260 0.225662 0.225255 -0.169429 -0.169636 0.267814 0.333874 -0.138326 -0.188897 0.267794 0.265191 0.157992 0.288256 0.384674 0.198153 0.115818 0.145035 0.218646 0.255433 0.242342 0.242948 0.190287 0.255254 0.150450 0.129085 0.274277 -0.071308 -0.214813 -0.128485 0.228808 0.074549 -0.117130 -0.148117 -0.253186 -0.316420 -0.208576 -0.357698 -0.122451 -0.246047 0.222592 0.045577 -0.087737 0.324337 -0.091337 0.051217 -0.111984 0.243231 -0.168520 -0.192624 -0.274506 0.035274 -0.247802 -0.054448 -0.224625 -0.146008 -0.200689 -0.207639 0.071294 -0.175580 0.091238 -0.080165 0.068507 0.153974 0.102469 0.015169 -0.117364 0.085173 0.064379 0.188050 0.114894 0.214443 0.253772 0.084253 -0.096891 0.170968 -0.170868 -0.181529 -0.204445 -0.056443 0.057420 0.012264 -0.007778 0.053773 0.221614 0.234132 0.282706 -0.002435 -0.040248 0.083487 -0.094291 -0.122492
-0.299983 -0.101879 -0.065297 0.080594 -0.194607 0.292443 -0.116568 0.114538 -0.342225 0.104830 -0.422416 -0.021518 -0.329908 0.041895 -0.415351 0.076338 -0.053306 0.005878 -0.250814 -0.143827 0.407007 1.000000 -0.075730 0.097924 0.223192 0.588670 0.316934 0.339155 -0.040202 0.169997 0.129336 0.225149 -0.017995 -0.067294 0.397453 0.268624 0.097660 0.570205 0.467376 0.478601 0.436144 0.438551 0.377837 0.318048 0.146458 0.116074 0.302248 0.446972 -0.277886 -0.045577 0.085257 -0.358896 -0.179216 -0.192956 0.010488 0.216332 -0.101436 -0.204752 -0.278797 -0.301974 -0.107760 -0.139241 0.193351 -0.079019 -0.116207 -0.112474 -0.174213 0.030666 -0.185071 -0.096691 0.107654 0.385969 0.055688 -0.043107 -0.087765 0.105595 -0.132157 0.181421 0.022504 0.077994 0.118851 -0.000835 0.226376 0.214454 -0.058465 -0.043850 0.097716 0.310007 -0.176571 -0.120078 0.210985 0.013149 0.070886 -0.081915 0.273784 0.364837 0.582346 0.261785 0.205326 0.410945 -0.006556 0.084587 0.065716 0.047664 0.101409 0.122101 -0.145740 -0.015688 0.258217 0.420452 0.430836 0.273432 0.008151 -0.009634 -0.009978 0.087798
0.120288 -0.509964 0.510844 0.264049 0.303989 -0.046744 0.168985 -0.123871 0.249358 -0.222506 0.523086 -0.359119 0.248854 -0.362468 0.637592 -0.222619 -0.290388 -0.463972 0.503859 -0.056690 0.252798 -0.075730 1.000000 0.698574 0.543388 0.180090 0.048198 0.304041 -0.156653 -0.624459 0.434967 0.232520 -0.577649 -0.473972 0.353267 0.305655 0.004748 -0.142544 0.283409 -0.144581 -0.123134 -0.304754 0.088400 0.149994 0.263809 0.116384 -0.038632 0.063742 0.310760 0.134091 0.521542 0.263201 -0.264944 0.415244 0.463349 0.085261 -0.192939 -0.193833 -0.247566 -0.528038 -0.471948 -0.667435 -0.592096 -0.522615 0.820930 0.051370 -0.030775 0.338106 -0.025320 0.189039 -0.277638 0.248536 -0.498670 -0.331213 -0.437640 -0.062183 -0.371126 -0.374226 -0.468752 -0.498947 -0.349992 -0.342633 0.364796 -0.417410 0.753551 0.316728 0.493991 0.499319 0.757558 0.172434 -0.248616 0.266475 -0.187041 0.315709 -0.240428 -0.361523 -0.075661 -0.297540 -0.380682 -0.368830 -0.634085 -0.523377 -0.522033 -0.348682 -0.481522 -0.190711 -0.194979 -0.158170 -0.013284 -0.305530 0.300169 -0.383605 -0.212725 0.034228 -0.147085 0.030634
-0.230243 -0.728434 0.465629 0.684529 0.355913 0.372522 0.352177 0.497485 0.412371 0.395936 0.208330 0.118507 0.243044 -0.030916 0.476806 0.256257 -0.650998 -0.741081 0.180516 -0.174765 0.344391 0.097924 0.698574 1.000000 0.546157 0.569403 -0.033908 0.198488 -0.366833 -0.423342 0.638076 0.643233 -0.502977 -0.217582 0.249072 0.547381 0.072769 0.070523 0.164234 -0.018017 0.094484 -0.201837 0.168166 0.262317 0.434274 0.487341 -0.052134 0.319238 0.237135 0.332856 0.447052 0.219695 -0.238205 0.202717 0.278845 0.233313 -0.492021 -0.659227 -0.605237 -0.761726 -0.575243 -0.528090 -0.770804 -0.742144 0.694559 0.582361 -0.424511 0.483559 -0.363962 -0.035282 -0.119708 0.520540 -0.387107 -0.231694 -0.290921 0.053433 -0.254658 -0.010883 -0.665033 -0.594088 -0.678200 -0.689991 -0.060626 -0.285842 0.396438 0.220652 0.138587 0.500730 0.475442 0.414893 -0.018930 0.231551 0.415919 0.253254 -0.280494 -0.173371 0.010714 -0.130692 -0.339104 -0.197897 -0.365285 -0.619552 -0.651713 -0.366564 -0.332338 -0.094880 -0.167805 -0.143276 0.060553 -0.144269 0.392156 -0.283172 -0.028486 0.162235 0.096732 0.075569
-0.096769 -0.498988 0.558823 0.168916 0.476331 0.225518 0.339418 0.130470 0.337667 0.057760 0.053823 -0.212981 0.127014 -0.191978 0.323982 -0.000810 -0.393295 -0.515109 0.097458 -0.277889 0.212507 0.223192 0.543388 0.546157 1.000000 0.422140 0.385124 0.392726 -0.232899 -0.378235 0.401994 0.259240 -0.380533 -0.095800 0.440211 0.510238 -0.005518 -0.027516 0.370507 0.046901 0.092743 -0.079369 -0.094836 0.080391 0.281152 0.238277 -0.166196 -0.006444 0.011511 -0.077014 0.563685 -0.178777 -0.020738 -0.081358 0.340880 -0.048821 -0.339107 -0.314415 -0.152883 -0.452619 -0.115242 -0.383044 -0.329153 -0.481857 0.572497 0.143211 -0.002664 0.462281 -0.079710 0.167958 0.015435 0.336435 -0.256781 -0.307591 -0.268369 -0.014325 -0.245336 -0.141679 -0.404502 -0.414604 -0.383417 -0.349282 -0.006046 -0.298533 0.400805 0.111170 0.113084 0.363298 0.438235 -0.003766 -0.184731 0.214951 -0.031268 0.291571 -0.127908 -0.216980 0.044809 -0.178437 -0.454463 -0.348876 -0.436079 -0.232324 -0.466257 -0.135327 -0.181073 -0.015189 -0.349728 0.070862 0.041931 -0.061260 0.425322 -0.323133 -0.259384 -0.093331 -0.068474 0.006277
-0.535063 -0.498581 0.200368 0.562244 -0.082229 0.657900 0.033740 0.472272 -0.116203 0.370970 -0.431384 -0.029963 -0.342072 -0.049314 -0.278093 0.097712 -0.483940 -0.425547 -0.185697 -0.360560 0.468260 0.588670 0.180090 0.569403 0.422140 1.000000 0.367565 0.567705 -0.358864 -0.105619 0.583823 0.667426 -0.197367 0.034684 0.443081 0.634629 0.096557 0.434278 0.358088 0.430750 0.278614 0.201567 0.393098 0.435533 0.333890 0.516163 0.223395 0.472816 -0.195745 0.208774 0.243903 -0.282695 -0.298374 -0.253198 -0.046491 0.195767 -0.315101 -0.526676 -0.556356 -0.502403 -0.379799 -0.338361 -0.217043 -0.398422 0.207687 0.295659 -0.218627 0.434070 -0.386944 -0.128473 -0.131667 0.574950 -0.131937 -0.124425 -0.153843 0.161534 -0.226493 0.221659 -0.270283 -0.208855 -0.340521 -0.417694 0.024070 -0.093000 0.063344 -0.017612 0.007640 0.394442 -0.041083 0.095005 0.008198 -0.118101 0.364307 -0.032860 -0.007838 0.240054 0.377508 0.194363 -0.031982 0.217898 -0.143632 -0.392510 -0.244803 0.067472 -0.088838 0.240151 -0.024618 -0.170917 0.311673 0.223939 0.536227 0.088014 -0.069082 0.083307 0.054921 0.107896
-0.015660 -0.075546 0.234486 -0.198263 -0.036006 0.153150 -0.105422 -0.115484 -0.173812 -0.150763 -0.355256 -0.367950 -0.343889 -0.211579 -0.224855 -0.170263 -0.029325 -0.061797 -0.054847 -0.241803 0.225662 0.316934 0.048198 -0.033908 0.385124 0.367565 1.000000 0.704351 -0.295219 -0.239931 0.012995 -0.133073 -0.031780 -0.038780 0.341267 0.243751 0.039037 0.166142 0.517772 0.172416 -0.095191 0.163933 -0.044810 0.104942 -0.139112 -0.071218 0.061155 0.036783 -0.090639 -0.325869 0.334057 -0.369408 0.082994 -0.282364 0.092622 -0.125689 0.111248 0.064772 0.109812 0.074574 0.122220 -0.086195 0.195142 -0.001201 -0.022360 -0.174857 0.354208 0.276352 0.118959 0.230111 -0.028648 0.144735 -0.104434 -0.156855 -0.016906 -0.026219 -0.170661 -0.087978 -0.064820 0.032828 -0.005957 -0.033659 -0.000101 -0.304220 0.064258 -0.140897 0.038471 0.042879 -0.036717 -0.198560 -0.025227 0.089184 -0.065130 0.169267 0.116098 -0.020179 0.309677 0.070794 -0.116332 0.022556 -0.043120 0.219494 0.024711 0.362862 0.094737 0.140031 -0.100449 -0.142415 0.226096 0.183842 0.332082 0.090700 -0.241370 -0.023494 -0.368369 -0.204956
-0.226393 -0.232994 0.301379 0.096908 -0.122215 0.342773 -0.125688 -0.025570 -0.207971 -0.160869 -0.330986 -0.451919 -0.413320 -0.276966 -0.196656 -0.329066 -0.116522 -0.196269 -0.004161 -0.336511 0.225255 0.339155 0.304041 0.198488 0.392726 0.567705 0.704351 1.000000 -0.407890 -0.403422 0.252040 0.061792 -0.110804 -0.157428 0.419333 0.331842 -0.040998 0.225663 0.515930 0.283358 -0.125884 0.050060 0.148905 0.314569 -0.013095 0.041341 0.230211 0.182753 -0.050027 -0.082380 0.397444 -0.204202 -0.082513 -0.061254 0.031897 0.060702 0.042626 -0.113131 -0.106564 -0.084060 -0.221685 -0.335954 -0.019120 -0.156525 0.207211 -0.108708 0.310908 0.315364 -0.036056 0.099229 -0.190681 0.331603 -0.319645 -0.164209 -0.256497 -0.097336 -0.388132 -0.122942 -0.101113 -0.135428 -0.050680 -0.160431 0.184271 -0.443520 0.315430 0.060692 0.243265 0.247330 0.146629 -0.038862 -0.096252 -0.076073 -0.056121 0.043765 0.124024 -0.005338 0.333255 0.135100 -0.110505 -0.022935 -0.279032 -0.175186 -0.177228 0.277955 -0.129781 0.322050 0.006314 -0.331571 0.208432 0.099928 0.336261 -0.021317 -0.400197 0.013084 -0.267485 0.012191
0.190346 0.187528 -0.132823 -0.412149 -0.088319 -0.452462 0.096835 -0.271138 -0.153768 -0.255861 0.242977 0.008084 0.195022 0.014850 0.026191 -0.156692 0.390490 0.439534 0.267471 0.246752 -0.169429 -0.040202 -0.156653 -0.366833 -0.232899 -0.358864 -0.295219 -0.407890 1.000000 0.450375 0.045346 0.089214 0.202040 0.346624 -0.002033 -0.407405 0.365867 -0.086176 -0.147770 -0.163183 0.277544 0.077616 -0.067725 -0.361402 -0.255149 -0.398990 -0.152087 -0.242450 -0.257873 -0.249731 -0.393960 -0.181221 -0.083940 -0.050442 -0.163767 -0.355909 -0.041774 0.144394 0.394072 0.192825 0.479020 0.212697 0.463515 0.397892 -0.187816 -0.480827 0.019465 -0.540816 -0.154030 -0.398624 -0.005766 -0.125073 0.721398 0.238917 0.358121 0.471970 0.473114 0.180886 0.371244 0.388833 0.288439 0.528959 0.320774 0.460365 -0.283914 -0.262645 -0.003912 0.004311 -0.166071 -0.368626 0.142405 0.034831 -0.388927 0.041403 -0.057204 0.055455 -0.084640 -0.187713 0.248132 0.145260 0.027767 0.377157 0.432778 -0.033848 0.129282 -0.058245 -0.016799 0.340082 0.008086 -0.043448 -0.097116 -0.020809 -0.072732 -0.117830 0.069704 0.109838
-0.256180 0.449140 -0.563206 -0.125569 -0.381794 0.174168 -0.148498 0.088217 -0.296440 0.281347 -0.401633 0.526496 -0.229994 0.500458 -0.452646 0.352918 0.085106 0.502818 -0.377303 0.299618 -0.169636 0.169997 -0.624459 -0.423342 -0.378235 -0.105619 -0.239931 -0.403422 0.450375 1.000000 -0.184755 0.080817 0.384295 0.566498 -0.111804 -0.163013 0.027894 0.279320 -0.230531 0.228851 0.449911 0.449293 0.062311 -0.040126 -0.139104 -0.027167 0.110064 0.167640 -0.411671 -0.026318 -0.679505 -0.140175 0.022957 -0.346730 -0.398347 0.037618 -0.158545 0.020585 0.085765 0.309627 0.368308 0.640303 0.441485 0.528031 -0.628203 -0.083473 -0.359607 -0.448458 -0.310005 -0.403226 0.137998 -0.016003 0.689827 0.421127 0.361758 0.422977 0.556016 0.660040 0.374609 0.604972 0.141357 0.247118 -0.102504 0.742901 -0.676654 -0.549008 -0.373257 -0.181118 -0.549857 -0.190427 0.318747 -0.182350 0.110503 -0.354993 0.083087 0.418679 0.195487 0.163512 0.436322 0.403101 0.568802 0.333047 0.534559 -0.018246 0.387861 -0.009191 0.061903 0.053006 0.070559 0.351470 -0.003169 0.343486 0.337860 0.110834 0.335840 0.148419
-0.310609 -0.631730 0.471820 0.438100 0.160458 0.299991 0.356583 0.390637 0.173842 0.186227 0.025106 -0.055539 0.052242 -0.059647 0.109922 0.007885 -0.465451 -0.598647 0.286383 -0.270719 0.267814 0.129336 0.434967 0.638076 0.401994 0.583823 0.012995 0.252040 0.045346 -0.184755 1.000000 0.796619 -0.195107 0.206719 0.347085 0.474610 0.300355 0.046109 0.196667 0.033277 0.215838 -0.149561 0.207984 0.231972 0.279188 0.356174 -0.034092 0.262776 -0.028941 0.290238 0.189748 -0.007584 -0.282612 0.022343 0.126600 0.148229 -0.441030 -0.576592 -0.360010 -0.536154 -0.180990 -0.333027 -0.296785 -0.391264 0.401708 0.243001 -0.212595 0.254722 -0.481770 -0.291049 -0.179132 0.618059 0.050963 -0.067705 -0.082232 0.282312 0.020932 0.182362 -0.377249 -0.315125 -0.506262 -0.453352 -0.007936 -0.219145 0.094376 -0.072273 0.061871 0.490128 0.154606 0.120820 -0.048353 0.134083 0.130572 0.156403 -0.318113 -0.042316 0.118004 -0.111846 -0.111878 -0.003861 -0.321412 -0.377470 -0.421401 -0.148277 -0.164755 0.075288 -0.018645 -0.087493 0.034707 -0.033757 0.430416 -0.223159 -0.183235 0.077595 0.183402 0.102683
-0.472833 -0.647904 0.316120 0.610050 0.175698 0.417971 0.381697 0.560342 0.201416 0.467790 -0.089621 0.152741 0.040528 0.010898 0.006319 0.173027 -0.557827 -0.506842 0.144479 -0.206018 0.333874 0.225149 0.232520 0.643233 0.259240 0.667426 -0.133073 0.061792 0.089214 0.080817 0.796619 1.000000 -0.209080 0.262723 0.267174 0.440095 0.177293 0.177604 0.020436 0.106158 0.308394 0.044558 0.320636 0.240256 0.292325 0.512063 -0.015841 0.352800 -0.183134 0.289099 -0.005281 -0.125052 -0.400036 -0.167396 -0.128078 0.049836 -0.576281 -0.705171 -0.435700 -0.545546 -0.235879 -0.290562 -0.307053 -0.413490 0.264328 0.343684 -0.343461 0.277676 -0.644762 -0.438557 -0.053505 0.569073 0.215717 0.135162 0.106113 0.411386 0.210288 0.468910 -0.310799 -0.226152 -0.563879 -0.452456 -0.033680 0.045001 -0.170604 -0.145896 -0.094927 0.347435 -0.029569 0.087821 0.022940 0.140522 0.350718 0.092400 -0.221248 0.147306 0.083133 -0.015093 -0.019850 0.157955 -0.200616 -0.368218 -0.292095 -0.096880 -0.068250 0.138109 -0.001421 -0.017839 0.154445 0.086317 0.364087 -0.074167 -0.046797 0.199359 0.256920 0.115673
-0.044341 0.384898 -0.303360 -0.325039 -0.380331 -0.150944 -0.145081 -0.045131 -0.270826 -0.070137 -0.335794 0.174314 -0.217582 0.226121 -0.508297 -0.096725 0.423052 0.401004 -0.228077 0.085969 -0.138326 -0.017995 -0.577649 -0.502977 -0.380533 -0.197367 -0.031780 -0.110804 0.202040 0.384295 -0.195107 -0.209080 1.000000 0.551777 -0.042701 -0.165799 0.229039 0.075577 -0.225163 -0.081913 0.100612 -0.027077 0.050002 0.019062 -0.150969 -0.104136 -0.029207 0.008883 -0.018453 0.124529 -0.415509 0.004506 0.066240 -0.327765 -0.302386 0.043220 0.218907 0.244080 0.110096 0.384426 0.274606 0.418363 0.511458 0.509807 -0.577037 -0.084334 0.159625 -0.160216 -0.001862 -0.126229 -0.007834 -0.170648 0.415142 0.209802 0.203451 0.024659 0.321209 0.212754 0.366445 0.364467 0.304852 0.339153 -0.307843 0.105443 -0.476414 -0.282029 -0.253101 -0.123110 -0.435228 0.018230 0.026664 -0.185931 -0.157216 -0.151278 -0.128548 -0.026030 0.006908 0.016054 0.422833 0.262418 0.306937 0.312180 0.334962 0.119071 0.387482 -0.045728 0.014858 -0.006114 -0.309108 -0.016420 -0.155517 0.238659 0.115822 -0.271985 0.036109 0.092879
-0.419762 0.094994 -0.044854 0.009666 -0.052681 0.072777 0.274237 0.266663 0.087202 0.196964 -0.407133 0.360031 -0.077462 0.326464 -0.365520 0.132099 -0.076655 0.161396 -0.198791 0.078042 -0.188897 -0.067294 -0.473972 -0.217582 -0.095800 0.034684 -0.038780 -0.157428 0.346624 0.566498 0.206719 0.262723 0.551777 1.000000 0.113551 0.260079 0.350016 0.154800 -0.135846 0.059069 0.364806 0.158806 -0.071274 -0.014272 0.023729 0.253236 -0.210387 0.004166 -0.417341 0.085264 -0.499283 -0.285081 -0.111188 -0.544854 -0.314418 -0.127864 -0.297977 -0.158077 0.081119 0.101737 0.437224 0.436917 0.309679 0.270602 -0.323353 0.142825 -0.102105 0.013737 -0.422838 -0.422225 0.111442 0.135486 0.685856 0.318579 0.356380 0.408230 0.604304 0.576731 0.154428 0.349970 -0.140494 0.067797 -0.390564 0.333505 -0.615583 -0.566285 -0.376884 -0.053247 -0.328057 -0.041739 -0.017765 -0.162959 0.052645 -0.066953 -0.169568 0.205609 0.090643 -0.112269 0.190966 0.085499 0.261993 0.251298 0.217704 0.012938 0.304660 -0.091705 0.034638 -0.095167 -0.063021 0.189231 0.120719 0.025912 0.046578 -0.049498 0.271759 0.025733
-0.208935 -0.251565 0.249024 0.074316 -0.102103 0.117031 0.012230 -0.105560 -0.213491 -0.254814 -0.128782 -0.329358 -0.211368 -0.204687 -0.108403 -0.311507 -0.044200 -0.061096 -0.029760 -0.166999 0.267794 0.397453 0.353267 0.249072 0.440211 0.443081 0.341267 0.419333 -0.002033 -0.111804 0.347085 0.267174 -0.042701 0.113551 1.000000 0.657465 0.161554 0.235249 0.317813 0.086132 0.172720 0.052621 0.153572 0.218502 0.274800 0.296686 -0.073305 0.135558 -0.277533 -0.035768 0.201517 -0.401498 -0.403136 -0.236445 0.017885 -0.196755 -0.128076 -0.071547 -0.256432 -0.265543 -0.171614 -0.374499 0.021182 -0.107336 0.283017 -0.132363 0.126071 0.517913 -0.124678 0.050593 -0.107466 0.468558 -0.038512 -0.171923 -0.185031 0.092123 -0.195711 0.000850 -0.100532 0.007518 -0.079709 -0.000415 0.306820 -0.066270 0.192187 -0.039377 0.189180 0.415544 0.164877 -0.189391 -0.108172 0.064518 -0.195399 0.177940 -0.130686 0.009063 0.071254 -0.232323 -0.042497 -0.072046 -0.411420 -0.089074 -0.044111 -0.016054 0.001401 -0.064461 -0.311752 -0.151305 0.156524 0.071494 0.513662 -0.126006 -0.100926 -0.153223 -0.088501 0.002158
-0.480974 -0.422057 0.338210 0.491094 0.065587 0.396968 0.222051 0.356342 0.139252 0.179661 -0.263193 -0.036030 -0.120807 -0.030910 -0.059591 0.054746 -0.457699 -0.398332 -0.201921 -0.248327 0.265191 0.268624 0.305655 0.547381 0.510238 0.634629 0.243751 0.331842 -0.407405 -0.163013 0.474610 0.440095 -0.165799 0.260079 0.657465 1.000000 0.099918 0.322374 0.196690 0.179270 0.195411 0.063036 0.134824 0.360577 0.500571 0.689676 -0.081116 0.285700 -0.224542 0.246283 0.226163 -0.237936 -0.350445 -0.293827 0.063251 0.050418 -0.383754 -0.391260 -0.501501 -0.477336 -0.246756 -0.307334 -0.300333 -0.364944 0.400870 0.415165 -0.209992 0.699017 -0.351253 -0.028108 -0.062874 0.546899 -0.203993 -0.139042 -0.190269 0.080887 -0.187995 0.092032 -0.393129 -0.159648 -0.450512 -0.385659 -0.173176 -0.132938 0.161758 -0.032694 -0.007040 0.401582 0.234106 0.231468 -0.205647 -0.051310 0.263560 0.102895 -0.172551 0.094485 0.185125 -0.165340 -0.169760 -0.127049 -0.254495 -0.325466 -0.283771 -0.172798 -0.068936 -0.150569 -0.134841 -0.316849 0.120536 0.129702 0.585627 -0.135507 0.010338 0.018406 0.040151 0.059455
