1.000000 0.373653 -0.014579 -0.063417 0.234516 0.243573 0.037863 -0.027892 0.023495 0.079672 0.382412 0.309824 0.306714 0.185025 0.393928 0.107158 0.143584 0.058780 0.361258 0.302758 -0.299809 -0.305469 -0.102545 -0.260128 -0.052327 -0.197610 -0.059977 0.025253 0.151749 -0.108973 -0.452325 -0.527160 -0.070385 -0.366682 -0.236930 -0.318120 -0.064334 -0.056288 0.065042 -0.079347 -0.037617 -0.028157 -0.295866 -0.222129 -0.232620 -0.117926 -0.237361 -0.115891 0.120676 -0.004678 -0.049486 0.160738 0.008290 -0.049759 0.095835 -0.094352 -0.145570 -0.171128 0.453687 -0.091731 0.287519 0.119236 0.112431 0.025940 0.032745 0.299292 0.063558 -0.181640 -0.192002 -0.092917 0.028749 -0.368320 -0.041560 -0.167072 -0.051754 -0.254441 -0.116755 -0.214037 -0.005853 -0.120365 -0.153853 -0.228767 0.538859 -0.019882 0.153295 0.136208 0.087527 0.158350 0.027094 0.294846 0.000195 0.034480 0.137715 0.097609 -0.060831 0.133605 -0.264621 0.091771 -0.248771 -0.099048 0.043400 0.201886 -0.172436 -0.045486 -0.198313 0.109161 0.063016 0.187605 -0.017025 0.232132 -0.120473 -0.007887 -0.012284 -0.050833 -0.038859 -0.031642
0.373653 1.000000 -0.482674 -0.272100 0.084749 -0.141445 0.296417 0.268968 0.105767 0.240522 -0.154399 0.471889 0.253870 0.668043 0.126169 0.479318 0.129193 0.407551 -0.122290 0.050258 -0.324161 -0.180443 -0.689199 -0.610653 -0.392130 -0.415611 -0.351629 -0.409808 -0.018596 0.217771 -0.593950 -0.458227 0.183827 -0.062592 -0.602633 -0.538790 0.041704 -0.121843 -0.273341 0.002037 0.162485 -0.033833 -0.250440 -0.200185 -0.313688 -0.402230 -0.107841 -0.280252 0.062365 0.224020 -0.142998 0.301481 0.529418 0.030228 0.010029 -0.198137 -0.102533 -0.117715 0.495945 0.394272 0.634248 0.784060 0.460736 0.452839 -0.376713 0.335835 0.277681 -0.343771 -0.078446 -0.192979 -0.104569 -0.379595 0.144935 -0.106786 -0.043739 -0.113945 -0.128164 -0.092695 -0.054176 -0.131908 -0.114668 -0.230795 0.000414 0.348656 -0.319359 -0.045241 -0.052300 0.059748 -0.184221 0.415135 0.037980 -0.223599 -0.140714 -0.389329 -0.250320 -0.027719 -0.277571 -0.006707 0.000153 -0.101858 0.269771 0.084955 0.318674 0.110763 0.109170 0.043184 0.376462 0.134027 -0.177233 0.011367 -0.398192 -0.165649 -0.018076 -0.017861 -0.251133 0.093868
-0.014579 -0.482674 1.000000 0.600285 0.250178 0.469254 0.079412 0.260804 0.195195 0.041276 0.076498 -0.145170 -0.103220 -0.507402 0.201424 -0.162812 -0.445400 -0.634745 0.545576 -0.117973 0.409879 0.049318 0.678578 0.719909 0.552385 0.515495 0.610419 0.504879 -0.370215 -0.601230 0.584874 0.404454 -0.339180 -0.092676 0.422764 0.337754 -0.553075 -0.359728 0.324166 -0.020796 -0.401224 -0.191098 0.119050 0.074672 0.006948 0.136384 -0.035173 -0.002440 0.073353 -0.449264 0.479843 -0.063668 -0.576591 -0.088612 -0.004900 0.097588 -0.571023 -0.482261 -0.282096 -0.408661 -0.328103 -0.532273 -0.454260 -0.502565 0.597434 0.021895 -0.073412 0.260491 -0.412648 0.053247 0.081293 0.164480 -0.534517 -0.286725 -0.121806 -0.155127 -0.449037 -0.233229 -0.172430 -0.377547 -0.360674 -0.320355 0.046466 -0.453655 0.142004 0.166339 -0.074786 -0.092684 0.446707 -0.006419 0.016740 0.422005 0.349365 0.540171 -0.116211 -0.050962 0.037697 -0.162700 -0.241274 -0.337603 0.008519 0.269988 -0.344459 -0.166581 -0.182647 0.030932 -0.202741 -0.128524 0.083702 -0.140471 0.370013 -0.315658 -0.311981 -0.214204 0.011140 -0.231512
-0.063417 -0.272100 0.600285 1.000000 0.277736 0.681012 -0.048053 0.466824 0.141881 0.378043 -0.031861 0.081132 -0.449598 -0.545796 0.050612 -0.031860 -0.525967 -0.616976 0.270561 0.000010 0.376091 0.123764 0.604781 0.632767 0.539063 0.435515 0.483760 0.611138 -0.393546 -0.663246 0.447659 0.470658 -0.514252 -0.184068 0.200138 0.206876 -0.510270 -0.345391 0.230547 -0.128576 -0.343177 -0.174003 0.010339 0.084679 0.044262 0.262006 -0.105926 -0.099358 -0.102727 -0.325063 0.323972 0.005578 -0.467857 0.003260 0.130520 0.138335 -0.380852 -0.464653 -0.271092 -0.334384 -0.368124 -0.330817 -0.382508 -0.493664 0.576497 0.354658 -0.239434 0.385802 -0.348796 -0.017995 -0.023003 0.341236 -0.534595 -0.125463 -0.067881 -0.104765 -0.421031 -0.286405 -0.526094 -0.611382 -0.478327 -0.561374 0.183665 -0.074929 0.394561 0.410639 0.315293 0.289264 0.553172 0.368848 0.063876 0.095078 0.538127 0.273141 -0.119903 -0.154725 -0.148962 -0.393647 -0.223395 -0.454431 0.184585 -0.005072 -0.315475 -0.023856 -0.122160 -0.190021 -0.351873 -0.237713 -0.051645 -0.125184 0.055256 -0.238565 -0.298302 -0.120983 -0.146580 -0.347770
0.234516 0.084749 0.250178 0.277736 1.000000 0.289112 0.464028 0.543719 0.588907 0.628351 0.120883 0.158815 -0.044261 -0.030330 0.301074 0.356983 -0.124455 -0.168046 0.256065 0.272452 -0.346015 -0.191288 -0.117938 -0.131438 0.046377 -0.254817 0.165842 -0.172523 -0.006628 -0.153455 -0.293992 -0.305205 -0.079028 -0.165886 -0.101303 -0.004757 -0.230389 -0.395545 -0.126722 -0.213015 -0.352602 -0.350050 -0.128536 -0.197825 0.008151 -0.007338 -0.096258 -0.151472 0.207751 0.050091 0.008075 0.051949 -0.083584 -0.024450 -0.065611 -0.019097 -0.192688 -0.258230 -0.073094 -0.325719 0.133503 -0.106383 -0.047061 -0.324945 0.220708 0.181943 -0.045404 -0.002885 -0.258391 -0.033209 -0.291896 -0.437213 -0.120730 -0.274443 -0.220027 -0.380902 -0.294565 -0.448716 -0.291824 -0.304772 -0.049696 -0.308049 0.184478 0.023849 0.055632 0.007756 0.012375 -0.034836 0.354216 0.191962 0.309888 0.347227 0.477891 0.453131 -0.222342 -0.150768 -0.403173 -0.162808 0.076199 -0.100803 0.331937 0.526088 0.108169 0.206375 -0.003302 0.044470 -0.025946 0.048464 -0.328781 -0.212292 -0.295049 0.065954 0.208969 -0.088044 0.051183 -0.100554
0.243573 -0.141445 0.469254 0.681012 0.289112 1.000000 -0.167625 0.132828 -0.051826 0.182667 0.011175 0.069133 -0.278586 -0.343734 0.225413 0.012820 -0.505978 -0.540478 0.164747 -0.173519 0.435015 0.308796 0.617439 0.572795 0.687794 0.575160 0.639169 0.757481 -0.344818 -0.591146 0.286197 0.149746 -0.598931 -0.443981 0.256822 0.058068 -0.547802 -0.346560 0.370643 0.103865 -0.339142 -0.140323 -0.061868 0.003758 -0.091016 0.215361 -0.134841 -0.186739 0.007615 -0.251830 0.436764 0.192979 -0.347340 -0.013967 0.274097 0.357575 -0.246612 -0.402486 -0.063339 -0.166656 -0.340143 -0.284119 -0.312162 -0.363661 0.338229 0.353389 -0.116699 0.198080 -0.415770 -0.003944 -0.048150 0.287177 -0.540304 -0.122869 -0.120708 -0.273336 -0.489887 -0.465873 -0.398487 -0.483658 -0.448879 -0.562871 0.255797 -0.126504 0.431053 0.406350 0.334937 0.301668 0.488883 0.463201 0.096595 0.121253 0.448713 0.382805 -0.060610 -0.015508 -0.071434 -0.514976 -0.276667 -0.434878 0.179275 0.079358 -0.427368 0.036498 -0.305859 -0.324230 -0.387630 -0.323646 -0.017257 0.110910 0.199881 -0.249290 -0.325944 -0.013401 -0.087360 -0.468070
0.037863 0.296417 0.079412 -0.048053 0.464028 -0.167625 1.000000 0.617070 0.281468 0.407117 -0.011945 0.278216 0.251241 0.337454 0.025060 0.360632 0.216597 0.358081 0.168085 0.329675 -0.360365 -0.406806 -0.449459 -0.349910 -0.304585 -0.519679 -0.345184 -0.495179 0.260578 0.325999 -0.175485 -0.098475 0.387344 0.347415 -0.409159 -0.290819 0.074906 -0.140466 -0.021403 -0.300903 -0.102230 -0.120589 -0.177379 -0.266736 -0.042343 -0.314911 0.065407 -0.055661 0.119446 0.191612 -0.267943 -0.116277 0.115288 0.003819 -0.048994 -0.129067 -0.313896 -0.302749 -0.136736 -0.253925 0.386183 0.218804 0.354596 -0.013755 -0.167895 -0.187558 0.048037 -0.112807 -0.205542 -0.320662 -0.114928 -0.465209 0.409980 -0.058949 0.045697 -0.170495 -0.039419 -0.122285 0.015550 -0.171091 0.247221 -0.004180 0.108798 0.235390 -0.189651 0.021511 -0.172452 -0.352057 -0.100187 0.026394 0.247626 0.098908 0.074088 0.089587 -0.348454 0.026072 -0.310765 -0.118247 0.213216 0.218674 0.298989 0.391653 0.165144 0.053576 -0.078822 -0.149306 -0.022490 -0.017459 -0.180348 -0.041399 -0.239030 0.065683 0.177630 -0.024862 -0.409438 -0.252108
-0.027892 0.268968 0.260804 0.466824 0.543719 0.132828 0.617070 1.000000 0.418011 0.728869 -0.066452 0.292751 -0.012799 0.124705 0.141881 0.506364 -0.204951 -0.149641 0.146030 0.057207 -0.152049 -0.286477 -0.201356 -0.026532 -0.120895 -0.196440 -0.093140 -0.177799 -0.180764 -0.161803 -0.048656 0.133966 -0.049895 0.089081 -0.317682 -0.086551 -0.181803 -0.264022 -0.037873 -0.244931 -0.266943 -0.201892 -0.190632 -0.160718 -0.133552 -0.132626 -0.101430 -0.169839 -0.009663 -0.110462 -0.135235 -0.041036 -0.107060 -0.054937 0.002858 -0.152087 -0.461861 -0.632911 0.041593 -0.225931 0.266452 0.195854 0.005077 -0.291763 0.217329 0.348390 0.054021 0.119117 -0.303694 -0.129552 -0.228662 -0.188878 -0.133535 -0.192228 -0.115912 -0.057932 -0.233350 -0.172727 -0.264116 -0.544385 -0.234664 -0.449456 0.074765 0.081923 -0.095141 0.116756 -0.009830 -0.024775 0.291886 0.361914 0.238692 0.187974 0.477265 0.149739 -0.363248 -0.045688 -0.352022 -0.210577 -0.046667 -0.151902 0.505571 0.347590 0.088185 0.033661 0.104707 -0.089871 -0.058859 -0.140287 -0.145146 -0.180490 -0.256717 -0.239299 -0.132476 -0.096878 -0.303142 -0.265255
0.023495 0.105767 0.195195 0.141881 0.588907 -0.051826 0.281468 0.418011 1.000000 0.506370 0.083093 0.153120 -0.078882 -0.029758 0.431618 0.341206 -0.059127 -0.047710 0.399943 0.265895 -0.268074 -0.203722 -0.186957 -0.145571 -0.298829 -0.374837 -0.047713 -0.333734 0.047092 -0.134273 -0.094662 -0.071930 0.109506 0.092545 -0.267683 0.011906 -0.046912 -0.330590 -0.209731 -0.228377 -0.178206 -0.227514 -0.001027 -0.168437 0.003386 -0.156281 -0.079066 -0.088139 0.048974 -0.118740 -0.026421 -0.019008 -0.146454 -0.012326 -0.253909 -0.337787 -0.314756 -0.198563 -0.068333 -0.219849 0.269366 0.083158 0.057560 -0.100861 0.366828 0.098822 0.043728 -0.089083 -0.085020 -0.125122 -0.062937 -0.394451 -0.050885 -0.307771 -0.182054 -0.185782 -0.238401 -0.263761 -0.207091 -0.148990 0.045056 -0.059238 0.022210 0.028420 -0.034138 -0.123670 -0.129057 -0.029276 0.415186 0.132258 0.179394 0.149804 0.226311 0.072899 -0.272217 -0.246351 -0.308756 -0.026256 0.095703 -0.136498 0.244524 0.188796 0.391678 -0.156197 0.056437 0.071112 0.193145 0.193142 -0.286605 -0.450242 -0.387264 -0.001934 0.172679 -0.283059 0.034597 0.095374
0.079672 0.240522 0.041276 0.378043 0.628351 0.182667 0.407117 0.728869 0.506370 1.000000 -0.016367 0.357755 -0.137268 0.011878 0.162941 0.434158 -0.219668 -0.101549 0.194464 0.249437 -0.432988 -0.290165 -0.224797 -0.180629 -0.052799 -0.363924 -0.215566 -0.209524 -0.050185 -0.091680 -0.204768 -0.026958 -0.246962 -0.185660 -0.434949 -0.198634 -0.181833 -0.387546 -0.277506 -0.365178 -0.432545 -0.378548 -0.277908 -0.307603 -0.113078 -0.187250 -0.072149 -0.183400 0.009594 0.033113 -0.125031 0.128336 0.038946 0.132549 -0.108999 -0.235446 -0.212664 -0.327876 0.099928 -0.110261 0.297509 0.238044 0.032838 -0.129491 0.290627 0.444407 -0.202565 0.043544 -0.230842 -0.086736 -0.216849 -0.223983 -0.114744 -0.318340 -0.222879 -0.263430 -0.163319 -0.296445 -0.312580 -0.465705 -0.121920 -0.329790 0.249780 0.230821 0.150916 0.236124 0.170743 0.111430 0.458592 0.474309 0.346422 0.159219 0.493360 0.186145 -0.343378 -0.170639 -0.622810 -0.286625 0.040690 -0.176710 0.493777 0.272643 0.078470 -0.002947 -0.022786 -0.191549 -0.164030 -0.104719 -0.453597 -0.224981 -0.481188 -0.137435 0.012392 -0.125464 -0.130840 -0.278586
0.382412 -0.154399 0.076498 -0.031861 0.120883 0.011175 -0.011945 -0.066452 0.083093 -0.016367 1.000000 0.332342 0.528566 0.137672 0.409860 0.154082 0.547023 0.132954 0.168342 0.185094 -0.044057 -0.208002 0.144797 -0.053539 0.012765 -0.121739 -0.020356 0.016764 0.356164 0.100654 -0.071875 -0.129731 0.081777 -0.142534 0.093159 0.113250 0.120059 0.195444 -0.005833 -0.262671 -0.175481 0.041436 0.010145 0.151913 0.173572 0.250301 0.074100 0.396746 0.113920 0.053094 -0.230731 -0.105329 -0.328696 -0.093966 -0.059059 0.032123 -0.035197 -0.161733 0.009647 -0.269024 -0.098203 -0.230675 -0.272190 -0.312539 0.151842 0.005654 -0.028535 0.078106 -0.089599 -0.040169 -0.122834 -0.108701 0.125839 0.091661 0.033612 -0.010982 0.228865 0.144535 0.111005 0.111000 -0.140165 0.011995 0.615975 -0.085264 -0.001131 0.061879 0.362209 -0.003396 -0.035348 -0.083450 -0.189812 -0.110910 -0.007509 0.133691 0.076369 0.026372 -0.053918 0.183854 -0.164977 -0.026637 -0.335646 -0.066020 -0.237215 -0.031452 -0.134589 -0.012189 -0.194619 0.018436 0.176466 0.092763 -0.053124 0.148163 0.082148 -0.139598 -0.021782 0.044470
0.309824 0.471889 -0.145170 0.081132 0.158815 0.069133 0.278216 0.292751 0.153120 0.357755 0.332342 1.000000 0.288148 0.500668 0.278000 0.456186 0.113865 0.277909 0.091211 0.191966 -0.161532 -0.223028 -0.161825 -0.216949 -0.078391 -0.211327 -0.224294 -0.061740 0.185658 0.160867 -0.167087 -0.052053 0.014054 -0.056362 -0.247468 -0.200292 -0.030669 -0.140166 -0.174517 -0.302478 -0.162230 -0.113755 -0.074013 0.029553 -0.013642 -0.008224 0.157908 0.116650 0.126080 0.096283 -0.049835 0.086084 0.108089 -0.050718 0.000606 -0.074481 -0.219446 -0.352077 0.037759 -0.193913 0.263946 0.327842 0.112580 0.020532 -0.001835 0.356766 -0.169317 -0.143066 -0.300643 -0.367752 -0.021342 -0.099520 0.094325 -0.046738 -0.042016 -0.133033 -0.099185 -0.092032 -0.082209 -0.147152 -0.095145 -0.197741 0.384620 0.318454 0.017988 0.370625 0.196250 0.119639 0.097963 0.428994 -0.105124 -0.337700 -0.120019 -0.219736 -0.351628 -0.125560 -0.334977 -0.193856 -0.126220 -0.288513 0.014335 -0.198690 -0.255810 -0.258923 -0.290616 -0.311800 -0.223576 0.011647 -0.198999 -0.109563 -0.386419 -0.250189 -0.119673 -0.236231 -0.503780 -0.119417
0.306714 0.253870 -0.103220 -0.449598 -0.044261 -0.278586 0.251241 -0.012799 -0.078882 -0.137268 0.528566 0.288148 1.000000 0.667355 0.427910 0.355579 0.429060 0.271797 0.134488 -0.106099 -0.123620 -0.400369 -0.279745 -0.334927 -0.165725 -0.245927 -0.217249 -0.297401 0.214097 0.263911 -0.319981 -0.429253 0.292018 -0.011945 0.022867 -0.150026 0.022315 0.202003 -0.118956 -0.101407 -0.173665 -0.063513 0.042128 0.173222 -0.168761 -0.167150 0.190109 0.319272 0.258916 0.095066 -0.141133 0.111260 0.085207 0.078188 0.061248 -0.028348 -0.065321 -0.129533 0.273906 0.007376 0.292303 0.211250 -0.073283 -0.049397 -0.330268 0.014811 0.248324 -0.222380 -0.041951 -0.159288 -0.099887 -0.247218 0.184940 0.103573 0.052061 0.062624 0.311852 0.347376 0.261598 0.140170 -0.089977 0.031069 0.197680 -0.258032 -0.439009 -0.175280 0.065999 -0.239865 -0.230066 -0.064365 -0.225360 -0.027968 -0.356060 -0.076143 0.086938 0.149249 0.180212 0.430161 0.046507 0.200642 -0.097642 0.058694 -0.073781 -0.113401 0.053067 -0.068904 -0.007242 -0.092173 0.325208 0.198042 0.129518 0.012231 0.005034 -0.021175 -0.250747 0.151169
0.185025 0.668043 -0.507402 -0.545796 -0.030330 -0.343734 0.337454 0.124705 -0.029758 0.011878 0.137672 0.500668 0.667355 1.000000 0.250517 0.586753 0.334590 0.556159 -0.172318 -0.025141 -0.257195 -0.220303 -0.627721 -0.570175 -0.472829 -0.407163 -0.395442 -0.488423 0.215004 0.506179 -0.477299 -0.417878 0.392037 0.140231 -0.238746 -0.247809 0.175402 0.130716 -0.210864 0.001883 0.094497 0.067448 0.009442 0.074641 -0.159722 -0.232676 0.227461 0.143749 0.193487 0.268912 -0.285286 0.150082 0.449742 0.078073 0.068182 -0.060379 0.043060 -0.052764 0.221390 0.070593 0.426579 0.558009 0.198585 0.207925 -0.533732 0.135426 0.144104 -0.430927 0.038515 -0.197009 -0.209973 -0.291497 0.328249 0.128463 -0.008737 0.082300 0.176137 0.122766 0.173849 0.137422 0.112143 0.046058 -0.000988 0.240820 -0.429463 -0.156091 -0.099409 -0.180279 -0.289849 0.158270 -0.035442 -0.226053 -0.413094 -0.379296 -0.111835 0.031924 -0.042645 0.151189 0.127022 0.106216 0.044898 -0.050329 0.100640 -0.044450 0.077464 -0.127783 0.171358 0.013201 0.088449 -0.016972 -0.211869 -0.043687 0.044179 0.022189 -0.338522 0.176674
0.393928 0.126169 0.201424 0.050612 0.301074 0.225413 0.025060 0.141881 0.431618 0.162941 0.409860 0.278000 0.427910 0.250517 1.000000 0.543963 -0.010926 -0.100912 0.394111 0.026108 0.069925 -0.137873 0.082743 0.015920 0.008065 -0.047287 0.181091 0.084791 0.052939 -0.165313 -0.165018 -0.258077 -0.083825 -0.254175 0.041678 -0.001026 -0.156501 -0.096024 0.177214 0.056897 -0.263323 -0.143233 -0.117298 -0.091898 -0.362863 -0.200225 -0.107240 -0.089445 -0.009465 -0.369641 0.053346 0.037305 -0.241399 0.008607 0.052386 -0.136884 -0.274254 -0.250222 0.086366 -0.242734 0.138807 0.041355 -0.190141 -0.233658 0.160417 0.204295 0.053712 -0.264640 -0.166207 -0.107123 -0.156061 -0.289382 -0.254618 -0.324788 -0.325246 -0.256675 -0.190717 -0.216358 -0.171119 -0.124523 -0.147913 -0.225366 0.457070 0.030398 0.090299 -0.043867 0.120738 0.181722 0.415088 0.325119 0.088236 0.176399 0.155721 0.143304 -0.021474 -0.021266 0.007559 0.082955 -0.059121 -0.129487 0.135991 0.227787 0.030257 -0.146010 0.030173 -0.004638 0.053254 -0.130675 0.065030 -0.071504 0.052074 -0.118374 -0.087981 -0.171963 -0.105303 0.040479
0.107158 0.479318 -0.162812 -0.031860 0.356983 0.012820 0.360632 0.506364 0.341206 0.434158 0.154082 0.456186 0.355579 0.586753 0.543963 1.000000 0.036555 0.183550 0.006051 -0.094913 -0.146116 -0.160450 -0.340654 -0.273300 -0.231482 -0.305368 -0.102620 -0.280810 0.046569 0.225762 -0.222927 -0.097873 0.023761 0.042656 -0.219474 -0.156832 0.032766 0.027035 -0.010694 0.010525 -0.169942 -0.097412 -0.055095 -0.058294 -0.280244 -0.216028 0.115333 -0.051788 -0.065684 -0.137324 -0.220204 -0.082417 0.086851 -0.094054 0.091449 -0.148824 -0.223660 -0.287374 0.107573 -0.118932 0.357552 0.405332 0.014677 -0.091142 -0.070537 0.329284 0.089238 -0.255738 -0.177691 -0.184372 -0.191159 -0.179741 0.006847 -0.076291 -0.159438 -0.072176 -0.056930 -0.042371 -0.083137 -0.097870 -0.111063 -0.282417 0.167676 0.276094 -0.171914 -0.101865 0.125453 0.131420 0.181373 0.476050 0.145639 -0.130912 0.142498 -0.060984 -0.191800 -0.006683 -0.120341 -0.075521 0.031498 -0.099046 0.384796 0.219164 0.181492 0.015632 0.071743 -0.125679 0.102254 -0.154273 -0.004769 -0.100860 -0.128261 -0.088033 -0.062152 0.108905 -0.290570 -0.055307
0.143584 0.129193 -0.445400 -0.525967 -0.124455 -0.505978 0.216597 -0.204951 -0.059127 -0.219668 0.547023 0.113865 0.429060 0.334590 -0.010926 0.036555 1.000000 0.724579 -0.262382 0.195603 -0.294187 -0.213346 -0.414026 -0.556001 -0.440710 -0.543628 -0.444926 -0.503223 0.723334 0.670861 -0.370454 -0.304218 0.661463 0.239537 -0.289975 -0.260674 0.585641 0.432533 -0.120625 -0.141751 0.316698 0.235129 -0.184433 -0.176855 0.074131 -0.080921 -0.083943 0.058979 -0.162171 0.266378 -0.607063 -0.318660 0.160803 -0.100026 -0.083953 -0.145565 0.361522 0.267581 0.115929 0.102760 0.278036 0.169063 0.449859 0.349500 -0.378540 -0.353447 0.263086 -0.156325 0.317441 -0.145767 -0.071569 -0.313418 0.742066 0.250413 0.199374 0.095164 0.492051 0.267873 0.500438 0.503991 0.406432 0.481168 0.275218 0.242913 -0.159426 -0.206502 0.089482 -0.203291 -0.519218 -0.311797 -0.264426 -0.322164 -0.340605 -0.221347 0.171083 0.188119 -0.042321 0.338457 -0.031672 0.372962 -0.362178 -0.105477 0.157518 0.179602 -0.044932 0.166511 0.237579 0.290052 0.125512 0.240443 -0.221396 0.326318 0.425317 0.180161 -0.044214 0.123735
0.058780 0.407551 -0.634745 -0.616976 -0.168046 -0.540478 0.358081 -0.149641 -0.047710 -0.101549 0.132954 0.277909 0.271797 0.556159 -0.100912 0.183550 0.724579 1.000000 -0.318441 0.262777 -0.424563 -0.159350 -0.623497 -0.667999 -0.524969 -0.639518 -0.607215 -0.599341 0.684537 0.836496 -0.415026 -0.283062 0.629186 0.290874 -0.492210 -0.413583 0.595502 0.307841 -0.148309 0.005396 0.363964 0.184784 -0.183121 -0.256848 0.022733 -0.246958 0.051379 -0.020574 -0.073297 0.416426 -0.552426 -0.165199 0.436753 0.021077 -0.027487 -0.109708 0.344355 0.342456 0.024022 0.110043 0.389235 0.444272 0.605244 0.507564 -0.504320 -0.279225 0.018253 -0.349375 0.253927 -0.258554 -0.052250 -0.354173 0.787524 0.153385 0.037514 0.007605 0.342262 0.099362 0.391209 0.513502 0.527817 0.483677 0.090522 0.558265 -0.182881 -0.146271 -0.150746 -0.242535 -0.501364 -0.107787 -0.051638 -0.419956 -0.477612 -0.459957 -0.014294 0.199811 -0.153713 0.179328 0.150280 0.392888 -0.168253 -0.190797 0.182757 0.001779 -0.172613 0.031797 0.308979 0.275586 -0.046061 0.160431 -0.349789 0.215498 0.413421 0.211189 -0.159739 0.082575
0.361258 -0.122290 0.545576 0.270561 0.256065 0.164747 0.168085 0.146030 0.399943 0.194464 0.168342 0.091211 0.134488 -0.172318 0.394111 0.006051 -0.262382 -0.318441 1.000000 0.359951 -0.097929 -0.301095 0.189411 0.146045 0.033523 -0.046972 0.117703 0.063986 -0.009754 -0.326234 0.079120 -0.052164 -0.011572 0.028679 0.064913 0.043601 -0.298510 -0.289006 -0.032727 -0.183552 -0.385316 -0.267672 0.086272 -0.040580 -0.151099 -0.190188 0.102524 0.080035 0.095237 -0.362910 0.213442 0.005470 -0.244174 0.202827 -0.000065 -0.092769 -0.404545 -0.180014 -0.097950 -0.423308 0.035655 -0.228730 -0.285304 -0.343859 0.427325 0.016750 -0.173484 -0.189340 -0.112243 -0.052917 0.120332 -0.274802 -0.188030 -0.163544 0.103581 -0.169309 -0.111716 -0.202609 -0.187101 -0.228350 -0.185744 -0.248950 0.239632 -0.230330 0.125992 0.049554 -0.082159 0.000721 0.408195 -0.020753 0.097387 0.332371 0.143188 0.254069 -0.146211 -0.039196 -0.173872 -0.031567 -0.006580 -0.112683 -0.045112 0.186364 -0.097223 -0.255365 -0.147276 -0.046491 -0.085139 0.057375 -0.032159 -0.176096 0.019060 -0.124309 -0.143116 -0.248011 -0.069385 -0.106919
0.302758 0.050258 -0.117973 0.000010 0.272452 -0.173519 0.329675 0.057207 0.265895 0.249437 0.185094 0.191966 -0.106099 -0.025141 0.026108 -0.094913 0.195603 0.262777 0.359951 1.000000 -0.408576 -0.297515 -0.259500 -0.318822 -0.345238 -0.554703 -0.372159 -0.332156 0.319635 0.187012 -0.255799 -0.138656 0.254120 0.119735 -0.417257 -0.120652 0.202221 -0.040685 -0.045695 -0.335938 0.066584 0.004067 -0.045983 -0.083527 0.248341 0.008675 0.129824 0.136115 0.118632 0.278972 -0.211221 -0.042954 0.031858 0.163785 -0.063369 -0.030251 0.031108 0.159888 -0.334345 -0.446691 -0.013134 -0.130450 0.091553 -0.147219 0.090074 -0.220767 -0.468099 -0.116388 0.089989 0.007792 -0.011013 -0.411036 0.358694 -0.032430 0.093765 -0.157644 0.069206 -0.326326 -0.224664 -0.043376 0.336793 0.122203 0.381824 0.415541 0.298834 0.195524 -0.029777 0.021644 0.019569 -0.111041 0.367599 0.105889 0.086797 0.025222 -0.302496 -0.150700 -0.407259 -0.115885 0.351337 0.239366 -0.048439 0.061424 0.053499 -0.185547 -0.178205 -0.041195 -0.030932 0.205118 -0.349993 -0.179395 -0.442640 0.314090 0.376485 -0.173723 -0.047003 -0.027075
-0.299809 -0.324161 0.409879 0.376091 -0.346015 0.435015 -0.360365 -0.152049 -0.268074 -0.432988 -0.044057 -0.161532 -0.123620 -0.257195 0.069925 -0.146116 -0.294187 -0.424563 -0.097929 -0.408576 1.000000 0.451256 0.603467 0.698368 0.570649 0.758125 0.600212 0.657672 -0.444069 -0.439757 0.595951 0.520870 -0.322834 -0.045929 0.507860 0.359245 -0.298869 0.019494 0.439285 0.123141 -0.008342 0.319346 0.283956 0.407729 0.057739 0.333746 0.056696 0.118722 -0.032268 -0.288169 0.448397 0.063958 -0.308307 -0.019155 0.229979 0.363946 -0.214017 -0.222018 -0.262884 -0.080605 -0.540866 -0.396902 -0.381994 -0.278414 0.072303 -0.072353 0.040575 0.254542 -0.212861 -0.023910 0.167957 0.657918 -0.425304 0.169403 0.125940 0.201571 -0.224769 -0.004717 -0.183234 -0.215920 -0.333543 -0.240576 -0.204524 -0.295470 0.004698 0.123509 0.057183 0.092406 0.095998 -0.007338 -0.092909 0.017591 0.029581 0.116968 0.062267 -0.082005 0.459898 -0.192880 -0.077100 -0.199172 -0.161225 -0.141036 -0.276268 -0.087194 -0.071341 -0.163259 -0.168043 -0.306714 0.345768 -0.056355 0.527023 -0.225361 -0.339857 -0.129806 -0.163035 -0.177018
-0.305469 -0.180443 0.049318 0.123764 -0.191288 0.308796 -0.406806 -0.286477 -0.203722 -0.290165 -0.208002 -0.223028 -0.400369 -0.220303 -0.137873 -0.160450 -0.213346 -0.159350 -0.301095 -0.297515 0.451256 1.000000 0.372184 0.406681 0.334221 0.533536 0.381600 0.364449 -0.233552 -0.129136 0.333879 0.318752 -0.162978 0.019409 0.277630 0.280675 -0.108748 -0.119462 0.157153 0.579628 0.114726 -0.008630 0.301057 0.123972 0.119463 0.187124 -0.003086 -0.078557 -0.083430 -0.122527 0.262560 0.001513 -0.080336 -0.050358 0.103044 0.348351 0.154795 0.128367 -0.248643 0.094467 -0.352820 -0.189507 -0.161493 0.009074 0.070806 -0.034672 -0.216762 -0.019297 -0.043716 0.053129 0.035238 0.422520 -0.199199 0.182627 -0.039572 0.045473 -0.199684 -0.315858 -0.056853 0.038129 -0.152863 -0.060411 -0.272811 0.153668 0.082828 0.065005 0.051444 0.169061 0.054107 -0.009142 0.050635 -0.044970 0.072417 0.041401 0.218030 -0.102394 0.190700 -0.480438 -0.132526 -0.359973 -0.137193 -0.134954 -0.215684 0.197023 -0.267043 -0.048905 0.218319 0.167217 -0.056962 -0.087506 0.096884 -0.037310 -0.040765 0.165921 0.385997 0.094034
-0.102545 -0.689199 0.678578 0.604781 -0.117938 0.617439 -0.449459 -0.201356 -0.186957 -0.224797 0.144797 -0.161825 -0.279745 -0.627721 0.082743 -0.340654 -0.414026 -0.623497 0.189411 -0.259500 0.603467 0.372184 1.000000 0.908538 0.729175 0.787267 0.711564 0.859353 -0.301915 -0.551676 0.738126 0.544249 -0.536968 -0.217884 0.664918 0.451756 -0.398030 -0.052615 0.475482 0.163124 -0.289389 0.004547 0.195124 0.224394 0.104837 0.384350 0.010577 0.137564 -0.069857 -0.410102 0.449890 -0.081396 -0.607550 -0.082864 0.120699 0.263602 -0.162410 -0.167572 -0.365560 -0.287329 -0.715973 -0.644171 -0.532368 -0.421948 0.460721 -0.005248 -0.273277 0.333314 -0.278352 0.030988 0.172617 0.583920 -0.534649 -0.003437 -0.038995 -0.015328 -0.277654 -0.093345 -0.168325 -0.157212 -0.342352 -0.216579 0.108186 -0.359090 0.386067 0.264683 0.175157 0.111304 0.359969 0.010086 -0.072544 0.117878 0.231164 0.380704 0.131616 0.017109 0.241854 -0.243403 -0.275592 -0.328573 -0.141358 -0.119889 -0.537196 -0.154407 -0.242404 -0.163628 -0.447184 -0.263924 0.212295 0.031706 0.497887 -0.126608 -0.337567 -0.004767 0.125359 -0.202442
-0.260128 -0.610653 0.719909 0.632767 -0.131438 0.572795 -0.349910 -0.026532 -0.145571 -0.180629 -0.053539 -0.216949 -0.334927 -0.570175 0.015920 -0.273300 -0.556001 -0.667999 0.146045 -0.318822 0.698368 0.406681 0.908538 1.000000 0.688878 0.845336 0.717772 0.797620 -0.501490 -0.623209 0.814508 0.692837 -0.559843 -0.090526 0.634982 0.545686 -0.428366 -0.074353 0.483787 0.166531 -0.286606 0.046028 0.208470 0.233130 0.090641 0.358872 0.046127 0.132229 -0.035418 -0.436713 0.470276 -0.038737 -0.582526 -0.055687 0.088763 0.233117 -0.289413 -0.289045 -0.371646 -0.267242 -0.685984 -0.592551 -0.551265 -0.476348 0.414868 -0.008479 -0.236303 0.360041 -0.305747 0.083165 0.175404 0.637756 -0.623002 -0.033294 -0.069116 0.067947 -0.360795 -0.094879 -0.246663 -0.316363 -0.392670 -0.313340 -0.069969 -0.381757 0.222959 0.206604 0.020742 0.015355 0.342513 -0.005698 0.039306 0.241461 0.283626 0.386822 0.020692 0.006102 0.241558 -0.328860 -0.183804 -0.288028 -0.011423 -0.041054 -0.417544 -0.164590 -0.139579 -0.189165 -0.388203 -0.368621 0.257413 -0.054737 0.558731 -0.204707 -0.426346 -0.029574 0.090877 -0.246744
-0.052327 -0.392130 0.552385 0.539063 0.046377 0.687794 -0.304585 -0.120895 -0.298829 -0.052799 0.012765 -0.078391 -0.165725 -0.472829 0.008065 -0.231482 -0.440710 -0.524969 0.033523 -0.345238 0.570649 0.334221 0.729175 0.688878 1.000000 0.720163 0.683238 0.734722 -0.433716 -0.550659 0.464068 0.291004 -0.579994 -0.383242 0.495395 0.241192 -0.564185 -0.325165 0.226084 0.038345 -0.416964 -0.175057 0.039907 0.132667 0.032176 0.278842 -0.060189 -0.070077 0.100697 -0.199887 0.590831 0.192730 -0.326642 -0.050296 0.225552 0.389082 -0.142693 -0.195175 -0.194639 -0.050439 -0.467316 -0.412512 -0.386091 -0.290070 0.311094 0.151181 -0.134061 0.374215 -0.395181 -0.040570 0.131423 0.495486 -0.583072 -0.113673 -0.124143 -0.185328 -0.381755 -0.201667 -0.260208 -0.329609 -0.418887 -0.360749 0.025388 -0.323894 0.236079 0.361447 0.247647 0.089257 0.359855 0.196424 -0.078844 0.165231 0.234127 0.407577 0.038620 -0.055086 0.144844 -0.277238 -0.206715 -0.324715 -0.077592 0.045614 -0.545428 -0.011278 -0.270925 -0.131578 -0.302717 -0.283113 0.038482 0.148963 0.441944 -0.276842 -0.319676 -0.027602 0.035795 -0.310482
-0.197610 -0.415611 0.515495 0.435515 -0.254817 0.575160 -0.519679 -0.196440 -0.374837 -0.363924 -0.121739 -0.211327 -0.245927 -0.407163 -0.047287 -0.305368 -0.543628 -0.639518 -0.046972 -0.554703 0.758125 0.533536 0.787267 0.845336 0.720163 1.000000 0.752713 0.843445 -0.571559 -0.596145 0.632359 0.445368 -0.561354 -0.184286 0.671099 0.460680 -0.458015 -0.118068 0.343057 0.305540 -0.194384 0.092916 0.201634 0.301972 0.043452 0.365714 -0.016744 0.050058 0.048876 -0.365387 0.544671 0.080742 -0.414575 -0.132738 0.051009 0.278282 -0.161848 -0.193646 -0.146100 -0.001985 -0.617267 -0.433020 -0.532951 -0.318136 0.220070 0.122235 -0.018892 0.286004 -0.230299 0.146899 0.159320 0.633402 -0.659144 0.016827 -0.053550 0.101049 -0.321080 0.002769 -0.142020 -0.215078 -0.444277 -0.311647 -0.177075 -0.433105 0.079488 0.089852 0.025105 0.089187 0.170983 -0.031185 -0.141924 0.180767 0.152739 0.291943 0.181261 0.052486 0.386744 -0.237531 -0.288440 -0.373855 -0.050843 -0.066656 -0.399271 -0.009989 -0.099119 -0.106160 -0.250450 -0.297041 0.303118 0.093120 0.599856 -0.290602 -0.490805 -0.028222 0.162422 -0.133726
-0.059977 -0.351629 0.610419 0.483760 0.165842 0.639169 -0.345184 -0.093140 -0.047713 -0.215566 -0.020356 -0.224294 -0.217249 -0.395442 0.181091 -0.102620 -0.444926 -0.607215 0.117703 -0.372159 0.600212 0.381600 0.711564 0.717772 0.683238 0.752713 1.000000 0.685492 -0.455888 -0.531959 0.456582 0.208649 -0.419243 -0.248400 0.613362 0.326051 -0.446834 -0.188655 0.440554 0.275139 -0.206731 0.012880 0.185354 0.204230 -0.035291 0.249710 -0.024055 -0.088320 0.046940 -0.374395 0.521205 0.040872 -0.403609 -0.157944 0.187039 0.283762 -0.173216 -0.165728 -0.235995 -0.187732 -0.576799 -0.496227 -0.438071 -0.334517 0.240713 0.036126 -0.034017 0.099179 -0.260096 0.070308 0.165947 0.410461 -0.587964 -0.068664 -0.107026 -0.064092 -0.391872 -0.229376 -0.234316 -0.188684 -0.362676 -0.319525 -0.123583 -0.383465 0.137627 0.080137 0.060752 0.086295 0.325290 0.119303 0.044052 0.294587 0.306160 0.487858 0.091019 -0.065720 0.259007 -0.260153 -0.173594 -0.356731 0.016004 0.193624 -0.214801 0.113898 -0.052129 -0.028568 -0.159704 -0.239421 0.281782 -0.039821 0.477172 -0.170388 -0.266369 -0.036785 0.159257 -0.105129
0.025253 -0.409808 0.504879 0.611138 -0.172523 0.757481 -0.495179 -0.177799 -0.333734 -0.209524 0.016764 -0.061740 -0.297401 -0.488423 0.084791 -0.280810 -0.503223 -0.599341 0.063986 -0.332156 0.657672 0.364449 0.859353 0.797620 0.734722 0.843445 0.685492 1.000000 -0.394613 -0.594470 0.561718 0.407757 -0.632457 -0.350788 0.548170 0.242237 -0.463096 -0.109224 0.443873 0.208318 -0.224683 0.109422 0.010913 0.150723 -0.059951 0.291080 -0.116526 -0.004347 -0.100166 -0.392672 0.452533 0.079998 -0.492528 -0.067603 0.155699 0.252960 -0.139230 -0.163165 -0.176106 -0.105896 -0.615963 -0.425290 -0.470220 -0.330004 0.334282 0.204460 -0.149066 0.317991 -0.209980 0.138668 0.072251 0.589605 -0.614850 -0.045650 -0.069244 -0.093460 -0.330372 -0.121096 -0.234945 -0.239928 -0.416411 -0.336737 0.140728 -0.253193 0.401042 0.303056 0.259591 0.242515 0.289292 0.172222 -0.087532 0.040172 0.223357 0.238595 0.124935 0.022998 0.234626 -0.252226 -0.300375 -0.383971 -0.050537 -0.180015 -0.496979 -0.074733 -0.221352 -0.234486 -0.430759 -0.372413 0.226671 0.172639 0.472820 -0.173996 -0.365310 -0.067587 0.023700 -0.251317
0.151749 -0.018596 -0.370215 -0.393546 -0.006628 -0.344818 0.260578 -0.180764 0.047092 -0.050185 0.356164 0.185658 0.214097 0.215004 0.052939 0.046569 0.723334 0.684537 -0.009754 0.319635 -0.444069 -0.233552 -0.301915 -0.501490 -0.433716 -0.571559 -0.455888 -0.394613 1.000000 0.742838 -0.322284 -0.274056 0.583339 0.171353 -0.258224 -0.310538 0.608678 0.323161 -0.095875 -0.091992 0.250247 0.084568 -0.237242 -0.340987 -0.062145 -0.239377 -0.103722 -0.023300 -0.291026 0.163799 -0.656697 -0.391660 0.096252 -0.024781 -0.045539 -0.184595 0.365728 0.260249 -0.005986 -0.088848 0.262903 0.129871 0.463476 0.325841 -0.329896 -0.324109 -0.037048 -0.388062 0.373312 -0.130807 -0.032894 -0.404496 0.833401 0.212318 0.220798 -0.002649 0.489458 0.121006 0.535566 0.540490 0.571513 0.504928 0.316119 0.392010 0.064231 -0.170480 -0.030883 -0.182201 -0.344138 -0.173198 -0.094379 -0.218643 -0.199195 -0.122549 0.186719 0.208482 -0.171504 0.202780 -0.022302 0.322721 -0.233376 -0.139818 0.055907 0.097924 -0.203800 -0.007864 0.066392 0.194676 0.061937 0.229094 -0.307583 0.305326 0.371499 0.190141 -0.057949 0.042039
-0.108973 0.217771 -0.601230 -0.663246 -0.153455 -0.591146 0.325999 -0.161803 -0.134273 -0.091680 0.100654 0.160867 0.263911 0.506179 -0.165313 0.225762 0.670861 0.836496 -0.326234 0.187012 -0.439757 -0.129136 -0.551676 -0.623209 -0.550659 -0.596145 -0.531959 -0.594470 0.742838 1.000000 -0.338155 -0.220497 0.602807 0.295543 -0.323916 -0.341015 0.667797 0.421939 -0.111367 0.061938 0.354641 0.197319 -0.086920 -0.156795 -0.031957 -0.279596 0.177017 0.080580 -0.174652 0.338543 -0.635997 -0.286134 0.376744 -0.028264 -0.066311 -0.116871 0.428185 0.408734 -0.041615 0.049478 0.269095 0.309734 0.471201 0.462411 -0.561641 -0.358347 -0.041023 -0.443164 0.354599 -0.118054 -0.039601 -0.249938 0.868205 0.281344 0.176967 0.128243 0.546681 0.241458 0.527099 0.625394 0.574349 0.554783 0.009991 0.479692 -0.216004 -0.299785 -0.130107 -0.273001 -0.530107 -0.199757 0.015276 -0.321875 -0.386044 -0.271042 0.103857 0.203041 -0.064884 0.185307 0.162880 0.407785 -0.135801 -0.094023 0.160459 0.112769 -0.075207 -0.028137 0.188665 0.169296 0.087501 0.173475 -0.236370 0.334801 0.438556 0.328816 -0.042362 0.122936
-0.452325 -0.593950 0.584874 0.447659 -0.293992 0.286197 -0.175485 -0.048656 -0.094662 -0.204768 -0.071875 -0.167087 -0.319981 -0.477299 -0.165018 -0.222927 -0.370454 -0.415026 0.079120 -0.255799 0.595951 0.333879 0.738126 0.814508 0.464068 0.632359 0.456582 0.561718 -0.322284 -0.338155 1.000000 0.857041 -0.335621 0.243569 0.469429 0.489240 -0.274063 -0.023030 0.406559 0.052959 -0.164311 0.152546 0.237465 0.226748 0.290794 0.334253 0.158270 0.259375 -0.069789 -0.312064 0.326996 -0.221303 -0.531664 -0.111100 -0.021580 0.123928 -0.280402 -0.189488 -0.492351 -0.238058 -0.558483 -0.454575 -0.381491 -0.307890 0.407830 -0.209617 -0.262896 0.369651 -0.232588 -0.020798 0.172825 0.619061 -0.351309 0.016700 0.026060 0.070971 -0.213932 0.099089 -0.082020 -0.144542 -0.173890 -0.024112 -0.193018 -0.233881 0.151411 0.171447 -0.050906 -0.129255 0.215556 -0.167308 -0.041065 -0.037810 0.075309 0.118215 -0.030314 0.016233 0.247098 -0.273705 -0.065959 -0.226250 -0.041878 -0.211488 -0.266351 -0.338582 -0.198967 -0.230348 -0.377068 -0.280521 0.225001 -0.036556 0.427056 -0.137540 -0.343053 -0.102040 -0.008115 -0.197273
-0.527160 -0.458227 0.404454 0.470658 -0.305205 0.149746 -0.098475 0.133966 -0.071930 -0.026958 -0.129731 -0.052053 -0.429253 -0.417878 -0.258077 -0.097873 -0.304218 -0.283062 -0.052164 -0.138656 0.520870 0.318752 0.544249 0.692837 0.291004 0.445368 0.208649 0.407757 -0.274056 -0.220497 0.857041 1.000000 -0.295560 0.311508 0.233110 0.425555 -0.063772 0.110746 0.307244 -0.052282 -0.062368 0.245817 0.139403 0.158308 0.227948 0.287726 0.128234 0.191231 -0.263985 -0.306860 0.136503 -0.313467 -0.397155 -0.117451 0.004774 0.086969 -0.284295 -0.205745 -0.483291 -0.224499 -0.447216 -0.326283 -0.240964 -0.276590 0.386931 -0.154567 -0.309119 0.418771 -0.171914 0.009853 0.199092 0.635359 -0.228392 0.128422 0.121657 0.228109 -0.144757 0.067583 -0.123739 -0.207389 -0.118610 -0.055257 -0.146181 0.010964 0.198970 0.263405 -0.000994 0.019906 0.205466 -0.070765 0.097993 -0.084145 0.182728 0.052290 -0.207911 -0.100033 0.060529 -0.384582 -0.037733 -0.183249 -0.014794 -0.237178 -0.221845 -0.281383 -0.159795 -0.239800 -0.328492 -0.255046 0.077343 -0.170456 0.200800 -0.127329 -0.302782 -0.070499 -0.086066 -0.270395
-0.070385 0.183827 -0.339180 -0.514252 -0.079028 -0.598931 0.387344 -0.049895 0.109506 -0.246962 0.081777 0.014054 0.292018 0.392037 -0.083825 0.023761 0.661463 0.629186 -0.011572 0.254120 -0.322834 -0.162978 -0.536968 -0.559843 -0.579994 -0.561354 -0.419243 -0.632457 0.583339 0.602807 -0.335621 -0.295560 1.000000 0.570808 -0.235991 -0.229924 0.449493 0.228922 -0.158287 -0.029834 0.357620 0.120000 0.031911 -0.167849 0.058493 -0.244547 0.029270 -0.081644 -0.087697 0.195845 -0.389393 -0.322570 0.258441 -0.065566 0.076169 -0.100503 0.212923 0.286451 -0.129053 -0.009895 0.321210 0.199418 0.468802 0.299388 -0.350071 -0.468462 0.214996 -0.348392 0.411254 -0.154718 -0.027936 -0.438171 0.705730 0.201427 0.199534 0.086524 0.362929 0.100748 0.356145 0.483147 0.526677 0.472576 -0.142624 0.240866 -0.198651 -0.261724 -0.191354 -0.299122 -0.400359 -0.362421 -0.130387 -0.178423 -0.404081 -0.332012 -0.000941 0.013633 0.046680 0.215632 0.171978 0.307558 -0.321596 -0.096658 0.278014 0.061956 -0.026468 0.135736 0.399409 0.384586 0.017907 -0.014804 -0.254692 0.243388 0.375465 0.077976 -0.134093 0.264574
-0.366682 -0.062592 -0.092676 -0.184068 -0.165886 -0.443981 0.347415 0.089081 0.092545 -0.185660 -0.142534 -0.056362 -0.011945 0.140231 -0.254175 0.042656 0.239537 0.290874 0.028679 0.119735 -0.045929 0.019409 -0.217884 -0.090526 -0.383242 -0.184286 -0.248400 -0.350788 0.171353 0.295543 0.243569 0.311508 0.570808 1.000000 -0.014018 0.237713 0.248929 0.203245 -0.109595 -0.068262 0.049965 0.134617 0.139707 -0.027162 0.276949 0.072143 0.192888 0.121416 -0.046251 -0.067912 -0.168792 -0.478546 0.051928 -0.156045 -0.018354 -0.123815 -0.103209 0.120523 -0.376601 -0.158111 0.014917 0.001898 0.180825 0.002829 -0.054347 -0.403602 0.098006 0.050538 0.171559 -0.204568 0.094076 -0.027182 0.350310 0.279797 0.190508 0.194099 0.192487 0.212605 0.096923 0.174123 0.306788 0.245075 -0.238995 0.146155 -0.124387 -0.153198 -0.201774 -0.200331 -0.186273 -0.415888 -0.062921 -0.148858 -0.254753 -0.275131 -0.046028 0.102285 0.139942 -0.086442 0.259670 0.264072 -0.112470 -0.132192 0.202954 -0.127703 -0.003978 -0.064221 0.175071 0.187069 0.087044 -0.015127 0.000681 0.161023 0.130623 0.075136 -0.154935 0.001808
-0.236930 -0.602633 0.422764 0.200138 -0.101303 0.256822 -0.409159 -0.317682 -0.267683 -0.434949 0.093159 -0.247468 0.022867 -0.238746 0.041678 -0.219474 -0.289975 -0.492210 0.064913 -0.417257 0.507860 0.277630 0.664918 0.634982 0.495395 0.671099 0.613362 0.548170 -0.258224 -0.323916 0.469429 0.233110 -0.235991 -0.014018 1.000000 0.697267 -0.325285 0.022872 0.184618 0.113348 -0.227555 0.016076 0.406277 0.426818 0.187874 0.461834 0.161629 0.298202 0.183686 -0.195320 0.407378 -0.001831 -0.390872 -0.013816 0.088315 0.232274 -0.041289 -0.018880 -0.302977 -0.181327 -0.611371 -0.593225 -0.588606 -0.432413 0.102212 -0.062867 -0.014677 0.242496 -0.123409 0.128770 0.005279 0.448043 -0.420698 0.077890 -0.072363 0.037878 -0.117529 0.116005 -0.062128 0.010446 -0.250309 -0.131442 -0.195018 -0.481135 -0.057481 -0.148102 0.020093 -0.094998 0.040340 -0.231384 -0.201314 0.136569 -0.087106 0.237865 0.294057 -0.058500 0.444357 0.057359 -0.093956 -0.127834 -0.249753 -0.068913 -0.301825 0.105200 0.065870 -0.009836 -0.240666 -0.191481 0.366062 -0.124602 0.594382 -0.047360 -0.170491 0.039701 0.140076 0.191739
-0.318120 -0.538790 0.337754 0.206876 -0.004757 0.058068 -0.290819 -0.086551 0.011906 -0.198634 0.113250 -0.200292 -0.150026 -0.247809 -0.001026 -0.156832 -0.260674 -0.413583 0.043601 -0.120652 0.359245 0.280675 0.451756 0.545686 0.241192 0.460680 0.326051 0.242237 -0.310538 -0.341015 0.489240 0.425555 -0.229924 0.237713 0.697267 1.000000 -0.205019 -0.021299 -0.057984 -0.118604 -0.220222 0.025454 0.358680 0.410828 0.520602 0.676317 0.195208 0.375966 0.276437 -0.066921 0.268230 -0.094007 -0.364609 0.017862 -0.156914 0.128657 -0.209200 -0.155730 -0.355523 -0.245813 -0.521874 -0.568841 -0.597012 -0.560376 0.295262 -0.071689 -0.086009 0.426276 -0.202434 0.130629 -0.093539 0.278054 -0.392604 0.010968 -0.143432 0.108438 -0.176921 0.060731 -0.262233 -0.206726 -0.242828 -0.188263 -0.108542 -0.271041 -0.113309 -0.170471 -0.073720 -0.038000 0.168765 -0.336704 0.001820 0.236594 0.105359 0.205705 0.043664 -0.128417 0.127588 -0.113759 0.068757 -0.062223 -0.137629 0.007989 -0.112454 -0.016788 0.200554 0.070132 -0.133770 -0.089177 0.131081 -0.318004 0.273721 -0.093880 -0.218933 -0.096363 0.208865 0.156370
