1.000000 0.404359 0.242050 0.012744 0.178935 -0.090353 0.328364 0.116653 -0.095679 -0.193514 -0.021335 0.182576 -0.017182 0.079394 -0.197670 0.128360 -0.161512 0.054811 0.038178 0.114504 0.212747 0.226691 0.147501 0.088482 0.007553 -0.130813 0.031469 -0.047456 -0.231776 0.114978 -0.049981 -0.049301 0.120460 0.073642 -0.130963 -0.197198 0.026279 -0.137501 -0.009053 -0.049198 -0.083713 0.098057 -0.140211 -0.130431 -0.284600 -0.216953 0.010213 -0.234816 -0.172345 -0.153136 -0.427843 -0.234204 0.092252 -0.250358 0.089824 -0.089168 0.662586 0.179198 0.497583 0.327043 0.503391 0.407138 -0.058665 0.125170 0.006292 0.032693 0.287439 -0.163783 0.146312 0.037857 -0.028511 0.066999 -0.072466 0.074354 -0.026858 0.050563 0.080666 -0.153782 -0.122895 0.005452 0.119043 -0.024530 -0.156809 0.160969 -0.055398 -0.091221 -0.160331 -0.256939 0.053271 -0.005041 -0.432906 -0.335482 -0.260046 -0.252120 0.089669 0.014455 -0.147314 -0.134153 -0.320779 0.204277 -0.146123 -0.225222 -0.286231 -0.359983 -0.207632 -0.137924 -0.177322 0.118862 -0.108491 -0.188056 -0.118425 -0.189319 -0.004633 -0.181474 -0.131373 -0.105563
0.404359 1.000000 -0.084278 0.119763 0.000623 -0.078257 -0.182134 -0.002654 -0.051165 -0.056923 -0.218615 0.002612 -0.271333 -0.203293 -0.051981 -0.019567 0.134306 0.242639 0.388927 0.330600 0.338434 0.145351 -0.298873 -0.229495 -0.081087 -0.258916 -0.071309 -0.041504 -0.091001 0.271302 -0.166968 -0.212777 0.273321 0.192915 -0.103484 -0.172274 0.213421 0.060915 -0.073109 -0.052564 -0.062323 0.197704 -0.108824 -0.016530 -0.227680 -0.147533 -0.011332 -0.284425 -0.022894 -0.105032 -0.173360 -0.042740 0.187282 -0.232858 -0.186298 -0.234674 0.451013 0.601420 0.168199 0.389428 0.159822 0.479951 0.141308 0.402672 -0.325897 -0.102268 0.317825 -0.217498 0.298110 0.250558 -0.012647 -0.032605 0.184254 0.358832 0.204407 0.241689 0.198707 0.130516 0.112410 0.313231 0.347687 0.139171 0.076866 0.060529 0.028909 -0.050297 0.027470 0.034274 -0.172365 -0.113009 -0.220568 -0.315780 -0.174715 -0.009252 0.213532 0.216327 -0.063310 0.199274 -0.107868 0.433351 0.162967 -0.095950 0.152881 -0.308283 -0.217066 -0.340046 -0.248716 -0.081925 0.084180 0.027216 -0.256084 0.236573 0.171220 -0.039039 -0.032643 0.120619
0.242050 -0.084278 1.000000 0.242061 0.371133 0.104664 0.690476 0.393037 0.089371 -0.301802 0.058812 0.028361 0.140787 0.259909 -0.043593 0.085390 -0.304265 -0.149629 0.079159 -0.027137 -0.028441 0.005468 0.508787 0.468410 0.188417 0.143198 0.231165 0.270132 -0.125480 -0.239509 -0.117946 -0.067246 -0.130140 0.023634 0.041376 0.000238 -0.144621 -0.209249 0.066604 -0.100441 -0.084918 -0.064481 -0.146646 -0.098460 -0.113040 -0.089354 0.047283 -0.154341 -0.045224 -0.173871 -0.135535 -0.167784 0.124666 -0.120342 0.213207 0.036770 -0.033469 -0.125286 0.322365 -0.003039 0.269142 0.013204 -0.339046 -0.298791 0.117824 0.139587 -0.075921 0.006991 -0.254996 -0.263202 -0.084665 -0.148243 -0.215632 -0.344788 -0.330734 -0.267665 -0.183005 -0.278004 -0.174432 -0.242598 -0.295531 -0.212372 -0.114365 0.047174 -0.046287 -0.089191 -0.205869 -0.212162 0.246479 0.139477 -0.203590 0.118572 -0.020251 -0.052207 0.025784 -0.144795 0.048453 -0.080592 -0.124415 -0.237237 -0.211996 -0.105747 -0.295405 -0.149362 -0.249650 -0.097540 0.064737 0.013898 -0.143648 -0.112384 -0.105972 -0.265412 -0.173406 -0.026058 -0.109824 -0.154543
0.012744 0.119763 0.242061 1.000000 0.030115 0.049024 0.190809 0.540064 -0.194660 -0.147357 -0.045828 0.197366 -0.046927 0.100189 -0.200032 -0.030372 -0.150781 -0.122640 -0.025912 0.057838 0.031524 -0.064460 0.294323 0.432259 -0.053979 -0.059797 0.023153 0.085133 -0.262743 -0.080824 0.001213 0.201138 -0.154332 -0.135048 0.008567 0.054604 -0.128402 -0.157020 -0.013939 -0.012505 -0.075540 -0.022954 -0.170000 -0.073424 -0.207915 0.009788 -0.034881 -0.152637 -0.027188 -0.105650 -0.189841 -0.050829 0.078730 0.132298 0.223182 0.060928 -0.057112 -0.149933 -0.068554 0.097200 -0.212690 -0.078738 -0.136856 -0.127198 0.000750 0.004188 -0.128863 0.092703 -0.147331 -0.188025 0.021750 0.129627 -0.266228 -0.102160 -0.183786 -0.173148 -0.256217 -0.048497 -0.267992 -0.122704 -0.220399 -0.218200 0.122069 0.069240 -0.043881 0.137865 -0.046320 -0.122350 0.263945 0.275890 0.080346 0.083094 0.292331 -0.035839 0.112437 0.024881 -0.051717 0.008333 0.008253 -0.120556 0.027343 0.023962 -0.072856 -0.155273 -0.163833 -0.171744 -0.065017 -0.075132 0.014434 0.017004 -0.174031 -0.101085 -0.236625 0.057765 0.036145 0.088281
0.178935 0.000623 0.371133 0.030115 1.000000 0.429101 0.263210 0.062856 0.248375 -0.395655 -0.160630 -0.192203 -0.226532 0.186289 -0.009076 0.123237 -0.259776 -0.189954 0.126772 0.031850 0.296107 0.101834 0.247795 0.386364 0.643664 0.243371 0.641145 0.546324 -0.166043 -0.110348 -0.344116 -0.392093 -0.167996 -0.067467 -0.015707 -0.085785 0.190017 -0.038868 -0.002102 -0.153611 0.071352 0.194045 0.103988 0.189844 -0.040607 -0.089112 0.326977 0.030014 0.129634 -0.079354 0.147527 0.196555 0.065863 -0.024251 -0.171427 -0.071241 -0.056049 -0.000512 0.119139 0.005681 0.129949 0.102781 -0.266237 -0.152314 -0.096985 0.114104 -0.047357 0.009607 0.050467 -0.041296 -0.195995 -0.071844 -0.134681 -0.086163 -0.158572 0.022433 0.056626 -0.107032 0.078712 -0.092841 0.049186 0.046922 -0.068081 0.231523 0.201210 0.144088 -0.258361 0.010002 -0.038634 -0.069270 -0.165911 -0.033258 -0.246139 -0.100996 -0.119463 -0.145527 -0.002471 -0.090529 -0.061288 -0.040810 -0.248387 -0.126376 -0.164513 -0.070136 -0.055916 -0.120508 0.147418 0.029973 -0.117660 -0.093290 -0.103812 -0.141152 0.055812 -0.087924 0.109780 -0.127142
-0.090353 -0.078257 0.104664 0.049024 0.429101 1.000000 -0.043869 -0.054477 0.344867 0.041140 -0.129504 -0.247301 -0.093240 0.111420 0.211268 0.162302 -0.043681 -0.114003 0.187811 -0.097237 0.263826 0.106580 -0.013422 0.106435 0.312953 0.220456 0.487142 0.660199 -0.083031 -0.168413 -0.135844 -0.231605 -0.046786 -0.091320 -0.050927 -0.118380 0.154404 -0.013305 0.127336 0.049819 0.005917 0.153472 0.052621 -0.079491 -0.024809 -0.067746 0.206045 -0.050711 -0.080742 -0.069352 0.047207 0.026819 0.185672 -0.076964 -0.027394 0.079571 -0.139757 0.122339 0.011761 -0.034363 0.020070 -0.125721 0.034159 -0.026092 -0.034240 0.016637 0.081290 -0.049427 0.199173 -0.123056 -0.045489 -0.064922 -0.150754 -0.022295 -0.088220 0.040649 0.012235 -0.108812 -0.069243 -0.069885 0.030372 0.071024 0.099302 0.150252 0.115626 0.203224 0.005783 0.011767 0.165598 0.193655 -0.179432 -0.065671 -0.197356 -0.091042 -0.059954 0.130818 -0.018641 0.138804 0.023668 0.096247 -0.024678 -0.111268 0.092518 -0.031700 0.012255 -0.106817 -0.039439 -0.082041 0.079844 -0.071106 -0.279596 0.013462 0.205187 -0.171416 -0.072368 -0.053661
0.328364 -0.182134 0.690476 0.190809 0.263210 -0.043869 1.000000 0.610307 -0.125499 -0.369295 0.047514 0.258421 0.191540 0.343367 -0.248341 0.008689 -0.424308 -0.152055 -0.209380 -0.057887 -0.054135 0.072240 0.548382 0.523374 0.058625 -0.012354 0.070789 0.054039 -0.243804 -0.137645 0.072812 0.243365 -0.002375 0.247931 -0.055194 -0.003715 -0.201621 -0.179474 0.049775 0.027640 0.061775 0.077448 -0.170849 -0.006554 -0.082387 0.017292 0.150371 0.047049 -0.093997 -0.070872 -0.289644 -0.178537 -0.006604 -0.008880 0.149642 0.152325 -0.032811 -0.308420 0.276119 0.023709 0.356656 0.073461 -0.289185 -0.190473 0.243399 0.092559 -0.057422 0.089861 -0.361700 -0.126308 -0.175269 0.098296 -0.336164 -0.415669 -0.379053 -0.274596 -0.318567 -0.410520 -0.190630 -0.305336 -0.403437 -0.269577 -0.104469 0.182835 -0.173917 -0.109077 -0.266684 -0.214575 0.090952 0.051835 -0.250073 -0.130334 -0.205116 -0.279039 0.059502 -0.081537 0.038489 -0.160060 -0.104605 -0.325674 -0.331355 -0.318029 -0.445254 -0.248703 -0.200103 -0.093368 0.025191 0.085525 -0.170725 -0.037939 0.019607 -0.349539 -0.284065 -0.250435 -0.273041 -0.285023
0.116653 -0.002654 0.393037 0.540064 0.062856 -0.054477 0.610307 1.000000 -0.150327 -0.054600 0.117446 0.276769 0.192474 0.347427 -0.210073 0.181600 -0.232081 -0.086311 -0.156889 0.008811 0.053128 0.025055 0.208513 0.346618 -0.136807 -0.272709 0.022401 -0.050098 -0.182500 -0.005272 0.077509 0.333112 0.080971 0.265972 -0.061884 0.009139 -0.194178 -0.275071 -0.049679 -0.071659 -0.081350 -0.044024 -0.272427 -0.077750 -0.081996 0.026415 -0.035729 -0.103223 -0.066089 -0.066502 -0.290565 -0.134380 -0.100256 -0.121204 0.066356 -0.004868 -0.074063 -0.238067 0.127450 0.113206 0.131798 0.199604 -0.094445 0.058181 0.208312 0.275262 -0.011246 0.176245 -0.358362 -0.138107 -0.156076 0.060271 -0.246705 -0.291318 -0.281411 -0.255314 -0.413444 -0.335831 -0.221959 -0.194919 -0.314378 -0.235503 -0.035321 0.140299 -0.142780 -0.142082 -0.277303 -0.202078 0.084291 -0.002113 -0.087747 -0.170639 0.008737 -0.266957 0.095151 -0.034386 -0.056280 -0.153491 -0.178082 -0.286441 -0.184364 -0.278689 -0.291279 -0.260348 -0.180376 -0.168754 -0.031316 -0.025127 -0.068241 -0.059054 -0.118271 -0.275399 -0.236157 -0.154304 -0.147995 -0.090644
-0.095679 -0.051165 0.089371 -0.194660 0.248375 0.344867 -0.125499 -0.150327 1.000000 0.455077 0.234353 -0.118487 0.196984 0.049325 0.508973 0.364702 0.209686 -0.032480 0.184640 -0.086996 0.069686 -0.023268 -0.083988 -0.194820 0.430907 0.226415 0.260096 0.078708 0.340152 -0.032450 0.069799 -0.177070 0.189424 0.053500 -0.075449 -0.125817 0.008962 -0.204623 -0.071914 -0.335218 -0.171002 -0.205774 0.057070 0.020031 0.026371 -0.035336 -0.108983 -0.090527 0.039382 0.046054 0.197260 0.114290 -0.185815 -0.138657 -0.280974 -0.326840 -0.185867 -0.009179 -0.035959 -0.150077 0.087930 0.065177 0.198996 0.009661 0.070047 0.236733 -0.054725 -0.052292 -0.014885 -0.186844 0.190407 -0.076810 0.287511 0.220880 0.284696 0.248034 0.294009 0.048786 0.114984 0.025894 0.354866 0.292450 -0.170743 -0.265369 0.178574 0.077149 0.099752 0.003055 -0.207433 -0.326525 0.032718 0.050319 -0.104617 0.043918 -0.100165 -0.087208 -0.179821 0.019475 -0.031393 -0.116919 -0.064791 -0.077817 0.021994 -0.131947 -0.239587 -0.245260 -0.103529 -0.246362 0.049879 -0.106030 -0.322080 -0.032027 0.073357 -0.093167 0.081340 0.036839
-0.193514 -0.056923 -0.301802 -0.147357 -0.395655 0.041140 -0.369295 -0.054600 0.455077 1.000000 0.303811 -0.237054 0.216568 -0.298227 0.474074 0.546588 0.385566 0.030746 0.043434 -0.044573 -0.036682 -0.043450 -0.371068 -0.642001 -0.106346 -0.055357 0.040168 -0.188262 0.290067 -0.062878 0.380919 0.042662 0.264857 -0.014797 -0.021295 0.045981 -0.015403 -0.264774 -0.197294 -0.244929 -0.198730 -0.237572 -0.111772 -0.234889 0.017657 0.019559 -0.312180 -0.203311 -0.039127 0.031061 -0.036288 -0.045039 -0.162136 -0.127002 -0.130111 -0.386922 0.034955 0.123458 -0.005549 0.036877 -0.091526 0.090717 0.328829 0.206101 0.015571 0.233778 0.084822 0.033445 0.120972 -0.063688 0.266908 -0.003123 0.254202 0.294524 0.287929 0.287674 0.121668 0.144200 0.077236 0.118073 0.309117 0.249270 -0.062836 -0.150278 -0.036171 -0.078284 0.137378 -0.002541 -0.046670 -0.221599 0.133126 0.024029 0.111832 0.050160 -0.115796 -0.007707 -0.237348 0.026854 -0.061785 -0.047679 0.055371 0.061712 0.114011 0.013288 -0.036607 -0.079009 -0.145922 -0.309500 0.109998 -0.044467 -0.155120 0.057280 0.028724 0.155078 0.080088 0.201847
-0.021335 -0.218615 0.058812 -0.045828 -0.160630 -0.129504 0.047514 0.117446 0.234353 0.303811 1.000000 0.123326 0.874972 0.300766 0.330323 0.436077 0.384237 0.156906 -0.208180 -0.076552 -0.352033 -0.139893 0.003980 -0.192249 0.055110 -0.042423 -0.025154 -0.227634 0.596970 -0.007102 0.273598 0.214810 0.225216 0.067061 0.033100 -0.136550 -0.233532 -0.267422 -0.207645 -0.107155 -0.133641 -0.151149 -0.211358 -0.279083 -0.093122 -0.133450 -0.302821 -0.350857 -0.048097 -0.229496 -0.108205 -0.192043 -0.162660 -0.314840 -0.061033 -0.335990 -0.180324 -0.093215 0.044276 -0.221341 0.097113 -0.087389 0.391928 0.101826 0.186549 0.028716 -0.146186 -0.121828 -0.048655 -0.250057 0.220389 -0.031883 0.290501 0.087232 0.188395 0.152308 0.140190 -0.118846 -0.042561 -0.019436 0.227302 0.189464 0.221457 -0.103154 0.206668 -0.059726 0.074083 0.123959 -0.019205 -0.172098 -0.022794 0.042510 0.060010 -0.091295 -0.143261 -0.065555 -0.058471 -0.088522 -0.198989 -0.208253 -0.134479 -0.184758 -0.253435 -0.087232 -0.215736 -0.008056 -0.023456 -0.174977 -0.043174 -0.174023 -0.247934 -0.231899 -0.139376 0.103348 0.098844 0.188173
0.182576 0.002612 0.028361 0.197366 -0.192203 -0.247301 0.258421 0.276769 -0.118487 -0.237054 0.123326 1.000000 0.319434 0.601455 -0.182670 -0.153560 -0.074064 0.156462 -0.266076 -0.122803 -0.163818 -0.029699 0.371386 0.367173 -0.169338 -0.090625 -0.252627 -0.259034 0.050235 0.284097 0.237941 0.421996 0.094744 0.246866 0.044184 -0.121922 -0.221581 -0.121932 -0.141129 0.002060 -0.004772 -0.114564 -0.078638 -0.050681 -0.069876 -0.061867 -0.115251 -0.003761 -0.000691 0.046697 -0.164658 -0.030085 -0.206378 0.020132 -0.067671 0.063143 -0.002536 -0.374600 0.004463 -0.127005 0.331891 0.055429 -0.002362 -0.128311 0.370705 0.068099 -0.111512 0.027052 -0.362731 -0.219476 0.095508 0.087255 0.014574 -0.027271 -0.037694 -0.261586 -0.193422 -0.124935 -0.195440 -0.028711 -0.219729 -0.189227 -0.058187 -0.024528 -0.080686 0.027705 -0.093615 -0.093229 -0.132743 -0.099868 -0.108632 -0.123890 0.089367 -0.109053 0.142172 -0.060914 -0.128285 -0.133632 -0.307651 -0.190091 0.003975 -0.125495 -0.283082 -0.255322 -0.175759 -0.005568 -0.015488 0.135557 -0.011763 -0.174977 -0.108492 -0.158064 -0.224348 -0.000605 -0.127219 -0.125426
-0.017182 -0.271333 0.140787 -0.046927 -0.226532 -0.093240 0.191540 0.192474 0.196984 0.216568 0.874972 0.319434 1.000000 0.398839 0.241312 0.254045 0.294179 0.219278 -0.263401 -0.129641 -0.346703 -0.106395 0.131259 -0.075953 -0.068894 -0.109559 -0.118775 -0.222409 0.564954 0.030502 0.393224 0.373183 0.269432 0.187750 0.081273 -0.133542 -0.313534 -0.245778 -0.129308 -0.022169 -0.094429 -0.177795 -0.190373 -0.248758 -0.050317 -0.080589 -0.242328 -0.291046 -0.131249 -0.125042 -0.188055 -0.234561 -0.179306 -0.286876 0.001932 -0.197611 -0.210728 -0.208782 0.046413 -0.247197 0.213389 -0.112015 0.338476 -0.004757 0.263066 0.007359 -0.108939 -0.124911 -0.144912 -0.303904 0.237769 0.071229 0.273934 -0.004651 0.125027 0.037945 0.038357 -0.175300 -0.089110 -0.021291 0.037084 0.047163 0.157801 -0.191813 -0.030789 -0.176245 0.056515 0.127297 -0.031802 -0.142978 -0.145350 0.003391 0.030715 -0.140372 -0.079136 -0.024440 -0.005776 -0.043293 -0.202812 -0.247754 -0.074608 -0.169340 -0.247257 -0.119769 -0.175757 -0.003750 -0.022028 -0.087714 -0.004274 -0.110834 -0.202647 -0.255875 -0.176745 0.067672 -0.037991 0.072600
0.079394 -0.203293 0.259909 0.100189 0.186289 0.111420 0.343367 0.347427 0.049325 -0.298227 0.300766 0.601455 0.398839 1.000000 -0.298571 0.089161 0.083693 0.223373 -0.145779 -0.209637 -0.116733 0.033512 0.301649 0.393531 0.167193 0.108713 -0.010143 -0.128560 0.148477 0.271533 0.020837 0.234539 0.026068 0.212330 0.078591 -0.189221 -0.293045 -0.173378 -0.043188 -0.085419 -0.151114 -0.106542 -0.201599 -0.195129 -0.088021 -0.242091 -0.077434 -0.156513 0.058692 -0.184443 -0.018458 -0.073442 -0.128603 -0.286529 -0.103783 0.050609 -0.103151 -0.227109 0.097798 -0.112444 0.333858 0.039387 0.138602 0.009060 0.318440 0.159431 -0.074130 -0.094457 -0.257668 -0.226308 0.052183 0.055317 -0.025109 -0.099042 -0.183795 -0.265642 -0.147032 -0.231543 -0.052916 0.012216 -0.168258 0.007589 -0.195942 -0.034633 -0.050995 -0.142968 -0.201848 -0.241210 -0.086315 -0.055947 -0.090272 -0.011368 -0.052845 -0.131106 0.034638 -0.035672 -0.048063 -0.147830 -0.177348 -0.193360 -0.183885 -0.244631 -0.266857 -0.184483 -0.226591 -0.061910 0.038544 -0.033238 0.019685 -0.191725 -0.252937 -0.221091 -0.064010 -0.133780 -0.169120 -0.049816
-0.197670 -0.051981 -0.043593 -0.200032 -0.009076 0.211268 -0.248341 -0.210073 0.508973 0.474074 0.330323 -0.182670 0.241312 -0.298571 1.000000 0.318183 0.035494 -0.174333 0.022217 -0.091613 -0.019766 -0.112442 -0.069382 -0.215593 0.140147 0.091690 0.342831 0.290316 0.261021 -0.258296 -0.034143 -0.166422 0.049390 -0.079729 -0.019988 -0.096836 0.210169 -0.072311 -0.107673 0.015279 0.128380 0.027195 0.118913 -0.102506 -0.015406 -0.050604 -0.135669 -0.112844 -0.045907 -0.024063 0.176953 0.038100 -0.032874 -0.003652 -0.117130 -0.283487 -0.235617 -0.009627 -0.026153 -0.241983 0.019574 -0.050399 0.064122 -0.046546 0.197105 0.111467 -0.159867 -0.045997 0.044753 -0.223141 0.011815 -0.249234 0.173587 0.064673 0.265315 0.197299 0.206620 -0.011996 -0.120586 -0.092443 0.295885 0.069277 0.349946 0.049136 0.436624 0.231409 0.130237 0.240692 0.031155 -0.167449 0.010590 0.045409 -0.011221 -0.001053 -0.164631 -0.131084 -0.008151 0.033926 -0.088602 -0.086580 -0.094097 -0.018142 0.034355 0.018830 0.022495 0.020778 0.008388 -0.080546 -0.089272 -0.169489 -0.078937 0.014123 0.012300 0.154660 0.201012 0.042456
0.128360 -0.019567 0.085390 -0.030372 0.123237 0.162302 0.008689 0.181600 0.364702 0.546588 0.436077 -0.153560 0.254045 0.089161 0.318183 1.000000 0.194994 0.035787 -0.058591 -0.085863 0.134360 0.187465 -0.146729 -0.284595 0.218710 0.014248 0.341796 0.058894 0.268694 0.033761 0.135221 -0.118674 0.160358 -0.063121 -0.094111 -0.084631 0.093962 -0.207283 -0.278599 -0.241046 -0.208278 0.009407 -0.176971 -0.190809 -0.195483 -0.158201 -0.157301 -0.347690 0.046910 -0.169345 -0.122136 -0.033594 -0.108690 -0.324566 -0.213946 -0.450486 0.139610 0.191179 0.321340 0.214105 0.238115 0.232575 0.239365 0.258608 -0.034476 0.176036 0.178772 -0.054520 0.061243 -0.187295 0.158399 -0.035730 0.244076 0.266157 0.238171 0.388931 0.137175 -0.014546 0.088526 0.036815 0.312351 0.339986 -0.062606 0.259159 0.172661 0.024984 -0.246823 -0.136890 -0.079062 -0.296264 -0.112704 -0.180057 -0.183677 -0.230966 -0.209756 -0.099317 -0.235202 -0.217262 -0.321458 -0.063242 -0.250590 -0.302970 -0.260198 -0.274851 -0.258545 -0.212505 -0.136824 -0.230604 -0.129473 -0.217442 -0.334100 -0.208747 0.029706 -0.067206 0.026809 0.089999
-0.161512 0.134306 -0.304265 -0.150781 -0.259776 -0.043681 -0.424308 -0.232081 0.209686 0.385566 0.384237 -0.074064 0.294179 0.083693 0.035494 0.194994 1.000000 0.574287 0.094873 0.152819 -0.176141 -0.097700 -0.296685 -0.449021 0.049678 -0.026116 -0.233289 -0.330789 0.705262 0.442996 0.226659 0.024982 0.263744 0.020054 0.044351 -0.107074 -0.245245 -0.134628 -0.371798 -0.323601 -0.337463 -0.228899 -0.181628 -0.143528 0.062645 0.018183 -0.373303 -0.406205 0.110581 -0.111219 0.019047 -0.082788 -0.294073 -0.348309 -0.308244 -0.496095 0.230644 0.406388 -0.093721 0.107088 -0.124690 0.104892 0.765773 0.485412 -0.072839 -0.132381 0.047200 -0.247628 0.243193 0.072720 0.493233 0.097966 0.632253 0.580417 0.493964 0.380396 0.440268 0.306393 0.431898 0.529508 0.586908 0.553790 -0.136439 -0.350553 -0.173534 -0.148228 0.137432 0.137491 -0.276530 -0.229462 -0.058152 -0.032731 0.067386 0.039358 -0.060910 0.072695 -0.285497 0.027992 -0.101244 0.182487 0.094404 -0.017832 0.072531 -0.148769 -0.340757 -0.284074 -0.179322 -0.414895 0.104678 -0.019992 -0.366546 0.027977 -0.039109 0.086355 0.002819 0.251146
0.054811 0.242639 -0.149629 -0.122640 -0.189954 -0.114003 -0.152055 -0.086311 -0.032480 0.030746 0.156906 0.156462 0.219278 0.223373 -0.174333 0.035787 0.574287 1.000000 0.168657 0.136992 0.028844 0.215987 -0.197302 -0.284599 -0.141146 -0.222044 -0.311957 -0.324059 0.475452 0.717117 0.256499 0.247542 0.217230 0.233991 0.247675 -0.037404 -0.162946 0.146228 -0.139405 -0.073324 -0.305766 -0.050690 -0.239106 -0.057368 0.000792 0.044964 -0.175088 -0.316198 -0.095336 0.023301 -0.200854 -0.129103 -0.173657 -0.449476 -0.176435 -0.192129 0.276802 0.389749 -0.033600 0.109811 0.033051 0.048951 0.568847 0.506011 -0.119909 -0.309639 0.161325 -0.326390 0.165482 0.068815 0.377961 0.251095 0.547716 0.470464 0.359962 0.259472 0.117632 0.224114 0.525358 0.766746 0.306864 0.532095 -0.157161 -0.131275 -0.296657 -0.331960 -0.070401 0.030912 -0.246714 -0.186406 -0.390589 -0.418694 -0.250036 -0.269528 0.338404 0.349825 -0.078009 0.154493 -0.114680 0.285290 -0.035542 -0.249513 -0.132061 -0.374146 -0.330983 -0.330654 -0.384013 -0.331772 0.246688 0.164633 -0.260157 0.045424 0.039112 -0.194453 -0.324350 0.083101
0.038178 0.388927 0.079159 -0.025912 0.126772 0.187811 -0.209380 -0.156889 0.184640 0.043434 -0.208180 -0.266076 -0.263401 -0.145779 0.022217 -0.058591 0.094873 0.168657 1.000000 0.556084 0.256709 0.017603 -0.486992 -0.318032 -0.019757 -0.140597 0.127161 0.098666 -0.032464 -0.026211 -0.229044 -0.340922 0.141540 0.145884 0.103767 0.025646 0.185811 -0.029141 0.080713 -0.167163 -0.155678 0.000978 -0.267008 -0.038381 -0.109058 -0.088818 -0.002738 -0.017257 -0.144421 -0.087551 -0.003777 0.004393 0.082228 -0.149648 -0.246813 -0.212814 0.049163 0.411997 0.038643 0.159956 -0.125290 0.123411 0.056582 0.215321 -0.358938 -0.082904 0.251556 0.014567 0.460585 0.441856 -0.003741 -0.105388 0.043109 0.130997 -0.034594 0.005264 0.033907 0.204228 0.155629 0.269835 0.102581 0.178311 -0.017201 0.060822 -0.005135 -0.254810 0.151563 -0.133506 -0.118353 -0.170451 -0.072009 -0.159309 -0.219168 0.267554 0.176794 0.209791 -0.071766 0.277992 0.031332 0.258582 0.215358 0.085368 0.335359 0.115892 0.003271 -0.226236 -0.085464 -0.166294 0.286980 0.189169 -0.219855 0.187537 0.155515 -0.181830 -0.171781 -0.008874
0.114504 0.330600 -0.027137 0.057838 0.031850 -0.097237 -0.057887 0.008811 -0.086996 -0.044573 -0.076552 -0.122803 -0.129641 -0.209637 -0.091613 -0.085863 0.152819 0.136992 0.556084 1.000000 0.220775 0.124435 -0.255665 -0.158615 -0.054455 -0.096660 -0.013383 -0.075036 -0.042550 0.097775 -0.145478 -0.176701 0.164939 0.101517 0.128173 0.212352 0.093921 -0.204520 -0.216061 -0.324576 -0.328479 -0.169050 -0.211681 0.153890 0.027594 0.207960 0.102521 -0.053318 -0.163856 0.012366 -0.135606 0.073472 -0.044755 -0.019446 -0.222244 -0.317657 -0.032506 0.190479 -0.199492 0.076891 -0.289856 0.049743 -0.022857 0.065091 -0.294013 -0.299884 0.005179 0.169830 0.486753 0.644154 0.092121 0.143955 0.059933 0.169761 -0.101408 -0.003005 0.011664 0.158163 0.294065 0.308335 0.103598 0.264268 -0.089571 0.057248 0.006292 -0.140599 0.088898 -0.005073 -0.151799 -0.217814 0.057914 -0.030406 -0.141752 0.191782 0.186483 0.220563 -0.147955 0.219568 0.029654 0.115888 0.002471 -0.031146 0.125426 -0.002169 -0.160143 -0.296017 -0.093378 -0.282483 0.315188 0.331333 -0.132842 0.004288 0.054896 -0.134866 -0.053597 0.120267
0.212747 0.338434 -0.028441 0.031524 0.296107 0.263826 -0.054135 0.053128 0.069686 -0.036682 -0.352033 -0.163818 -0.346703 -0.116733 -0.019766 0.134360 -0.176141 0.028844 0.256709 0.220775 1.000000 0.626166 -0.140688 0.013810 0.182688 0.090573 0.216767 0.202665 -0.302054 0.210471 -0.161848 -0.110668 0.132825 0.210322 0.180835 0.261274 0.391804 0.191958 -0.033562 -0.167998 -0.128942 0.155457 -0.081748 0.121048 -0.050546 0.047063 0.119642 -0.077007 -0.116746 -0.008000 -0.017707 -0.044054 -0.034940 -0.243374 -0.186629 -0.149371 0.235682 0.219926 0.035468 0.194357 0.004683 0.285227 -0.126267 0.178664 -0.198121 -0.031373 0.272806 0.109327 0.247355 0.172239 0.190130 0.307481 0.001358 0.331513 0.034913 0.314454 0.155594 0.263222 0.153478 0.245423 0.113810 0.185171 -0.186070 0.245552 0.120402 0.117448 -0.152571 -0.034111 -0.198963 -0.184259 -0.137212 -0.255288 -0.320217 -0.080283 0.222842 0.297164 -0.063653 0.079244 -0.180254 0.144684 -0.109447 -0.079158 -0.024033 -0.279472 -0.177656 -0.311893 -0.112484 0.012745 0.214302 0.205355 -0.108375 -0.055539 0.094660 -0.290448 -0.129697 -0.047082
0.226691 0.145351 0.005468 -0.064460 0.101834 0.106580 0.072240 0.025055 -0.023268 -0.043450 -0.139893 -0.029699 -0.106395 0.033512 -0.112442 0.187465 -0.097700 0.215987 0.017603 0.124435 0.626166 1.000000 0.031958 0.075771 -0.025359 0.195484 0.042653 0.001497 -0.149850 0.320719 -0.028205 0.130683 0.100796 0.202130 0.325251 0.325995 0.245800 0.328991 0.169885 0.042238 -0.379899 0.049906 -0.189475 -0.013206 0.022175 0.069224 0.030438 -0.146786 -0.165744 -0.042957 -0.079091 -0.136020 -0.110785 -0.300226 -0.066731 -0.050848 0.168876 0.047524 -0.008303 -0.007664 -0.036316 0.013672 -0.087671 0.049277 -0.030525 -0.148536 0.225257 0.097693 0.170506 0.067150 0.250013 0.464634 0.066449 0.273520 0.126620 0.162919 0.034447 0.222476 0.312012 0.296882 0.153455 0.353998 -0.289225 0.228471 -0.034264 -0.052071 0.060294 0.041354 -0.029955 -0.051754 -0.148005 -0.225619 -0.327922 -0.236426 0.292409 0.529603 0.056655 0.045175 -0.171012 0.032819 -0.254685 -0.313945 -0.220928 -0.396802 -0.383707 -0.368834 -0.174231 -0.222323 0.275268 0.311668 -0.119462 -0.345468 0.066026 -0.316074 -0.245046 0.048770
0.147501 -0.298873 0.508787 0.294323 0.247795 -0.013422 0.548382 0.208513 -0.083988 -0.371068 0.003980 0.371386 0.131259 0.301649 -0.069382 -0.146729 -0.296685 -0.197302 -0.486992 -0.255665 -0.140688 0.031958 1.000000 0.778416 0.274441 0.397247 0.051563 0.128802 -0.162342 -0.114230 0.144309 0.333929 -0.253696 -0.076311 0.055832 -0.008045 -0.277741 -0.112383 -0.021458 0.027166 0.002937 -0.096290 0.029819 -0.001707 -0.019847 0.026254 0.075832 0.050232 -0.016065 -0.047636 0.001366 -0.026465 -0.059262 0.171764 0.180421 0.221710 -0.081012 -0.388506 -0.038263 -0.218697 0.098542 -0.220224 -0.329739 -0.462727 0.463949 0.040105 -0.381828 -0.016985 -0.429771 -0.404422 -0.022896 0.142877 -0.296714 -0.284092 -0.245036 -0.219833 -0.155797 -0.217346 -0.150346 -0.240733 -0.271654 -0.272041 -0.097012 -0.093437 -0.032995 0.104439 -0.170196 0.042969 0.139045 0.123341 -0.052226 0.179055 0.078660 -0.200384 -0.084719 -0.203472 0.063038 -0.227119 -0.016745 -0.317718 -0.290054 -0.131200 -0.362909 -0.127933 -0.187550 0.003064 0.144790 0.076004 -0.268896 -0.184832 0.036887 -0.291263 -0.293700 0.067000 0.010756 -0.145632
0.088482 -0.229495 0.468410 0.432259 0.386364 0.106435 0.523374 0.346618 -0.194820 -0.642001 -0.192249 0.367173 -0.075953 0.393531 -0.215593 -0.284595 -0.449021 -0.284599 -0.318032 -0.158615 0.013810 0.075771 0.778416 1.000000 0.218803 0.344121 0.100651 0.213841 -0.367856 -0.109103 -0.236002 0.218613 -0.377138 -0.089718 0.013462 -0.002443 -0.181207 -0.053152 0.078733 0.071157 0.043862 0.000496 0.100892 0.092885 0.036521 0.024326 0.135868 0.158360 0.077639 -0.002283 0.120264 0.051269 0.002025 0.260964 0.216840 0.323756 -0.200540 -0.470704 -0.107313 -0.246853 -0.011166 -0.243683 -0.434916 -0.457488 0.349748 0.014528 -0.356761 0.100608 -0.393642 -0.311496 -0.192007 0.138780 -0.453815 -0.394009 -0.403676 -0.366923 -0.285033 -0.239175 -0.230955 -0.352302 -0.356311 -0.373794 -0.045899 0.032667 0.037184 0.122072 -0.204649 -0.102931 0.215771 0.222193 0.032574 0.188767 0.161598 -0.101506 -0.084300 -0.205684 0.104862 -0.308406 -0.024239 -0.348910 -0.169425 -0.033440 -0.284258 -0.066281 -0.097692 0.067087 0.254628 0.236899 -0.216897 -0.195019 0.099283 -0.265104 -0.299171 0.001860 0.036429 -0.190299
0.007553 -0.081087 0.188417 -0.053979 0.643664 0.312953 0.058625 -0.136807 0.430907 -0.106346 0.055110 -0.169338 -0.068894 0.167193 0.140147 0.218710 0.049678 -0.141146 -0.019757 -0.054455 0.182688 -0.025359 0.274441 0.218803 1.000000 0.642272 0.250106 0.195275 0.089907 0.049535 -0.007374 -0.106162 -0.036968 -0.078505 -0.105758 -0.055049 -0.060994 -0.076639 -0.273907 -0.300123 -0.080086 -0.105289 0.164129 0.201809 0.022373 0.027855 0.071338 -0.085744 0.104570 -0.089863 0.226968 0.208592 -0.116579 -0.045683 -0.293995 -0.215619 -0.100042 0.072580 -0.045817 -0.057000 -0.015235 0.034063 -0.054044 -0.032713 0.017776 0.081353 -0.186261 -0.101240 -0.089014 -0.149086 0.119818 0.080074 0.088731 0.214200 0.043194 0.350788 0.285013 -0.075522 0.191551 0.041814 0.277217 0.328328 -0.137564 -0.185995 0.276464 0.292332 -0.236146 0.118230 -0.343012 -0.311101 0.022905 0.098352 -0.154180 -0.025181 -0.160981 -0.119806 -0.104045 -0.062471 0.067349 -0.089735 -0.247046 -0.057965 -0.157212 -0.068944 -0.241300 -0.202797 0.048186 -0.174013 -0.091636 -0.091519 -0.260936 -0.066508 -0.065907 0.003493 0.183347 0.180204
-0.130813 -0.258916 0.143198 -0.059797 0.243371 0.220456 -0.012354 -0.272709 0.226415 -0.055357 -0.042423 -0.090625 -0.109559 0.108713 0.091690 0.014248 -0.026116 -0.222044 -0.140597 -0.096660 0.090573 0.195484 0.397247 0.344121 0.642272 1.000000 0.030181 0.092048 -0.034164 0.045784 -0.033686 0.111635 -0.174299 -0.142311 0.073337 0.192592 -0.120754 0.030789 -0.112953 -0.160695 -0.225336 -0.253111 0.104770 0.018484 0.129970 0.063116 -0.095474 -0.043582 -0.054479 -0.098182 0.266218 0.009787 -0.108672 0.041219 -0.089030 -0.078608 -0.140021 -0.131629 -0.216006 -0.282171 -0.225142 -0.215700 -0.170133 -0.267350 0.168332 0.030960 -0.250545 0.080256 -0.141750 -0.152175 0.205053 0.216057 -0.064542 0.106516 -0.078875 0.115609 0.144832 0.082010 0.159736 -0.022231 0.135624 0.220121 -0.210035 -0.152654 0.233931 0.264245 -0.025216 0.069870 -0.074100 -0.090136 0.230481 0.363391 0.097612 0.150995 -0.105565 0.006802 -0.092171 -0.098909 0.070367 -0.220883 -0.165055 0.123744 -0.107490 0.033166 -0.222904 -0.079119 0.163543 -0.107488 0.002570 -0.026083 -0.089324 -0.137398 -0.103355 0.066844 0.173977 0.239185
0.031469 -0.071309 0.231165 0.023153 0.641145 0.487142 0.070789 0.022401 0.260096 0.040168 -0.025154 -0.252627 -0.118775 -0.010143 0.342831 0.341796 -0.233289 -0.311957 0.127161 -0.013383 0.216767 0.042653 0.051563 0.100651 0.250106 0.030181 1.000000 0.752315 -0.084774 -0.363514 -0.281737 -0.483089 -0.236876 -0.190084 0.072933 -0.055301 0.357724 -0.116020 0.022850 -0.020262 0.180082 0.350663 0.005796 -0.103283 -0.139919 -0.167622 0.161829 -0.053832 -0.003419 -0.198287 0.122406 0.036613 0.160191 -0.015320 -0.056269 -0.164347 -0.114446 -0.017216 0.204545 0.024706 0.092527 0.048442 -0.209191 -0.224539 -0.051242 0.144484 -0.010640 0.091499 0.169135 -0.109226 -0.119181 -0.311292 -0.100973 -0.153782 -0.060452 -0.050151 -0.054433 -0.107357 -0.124829 -0.205712 0.043117 -0.036576 0.180055 0.501615 0.361097 0.257527 -0.080527 -0.105442 0.275022 0.094347 -0.187630 -0.018531 -0.138469 -0.139474 -0.150459 -0.169824 -0.096573 -0.080829 -0.209993 -0.083460 -0.251442 -0.147930 -0.129963 -0.030226 0.088588 0.021620 0.039428 0.010537 -0.055218 -0.146015 -0.060025 -0.047294 0.103050 -0.013873 0.042097 -0.196608
-0.047456 -0.041504 0.270132 0.085133 0.546324 0.660199 0.054039 -0.050098 0.078708 -0.188262 -0.227634 -0.259034 -0.222409 -0.128560 0.290316 0.058894 -0.330789 -0.324059 0.098666 -0.075036 0.202665 0.001497 0.128802 0.213841 0.195275 0.092048 0.752315 1.000000 -0.164594 -0.379890 -0.239447 -0.379435 -0.241300 -0.176755 0.066803 -0.042071 0.351386 0.089458 0.095792 0.204966 0.318675 0.397157 0.052222 -0.090585 -0.149545 -0.137892 0.264457 -0.005058 -0.071362 -0.203840 0.063521 -0.046380 0.312087 -0.005299 0.069203 0.014627 -0.138539 0.036916 0.196257 0.057138 0.105695 -0.041428 -0.245742 -0.239431 -0.092049 0.000757 0.043301 0.072931 0.141446 -0.102168 -0.156724 -0.290325 -0.182464 -0.225243 -0.105846 -0.039516 -0.065175 -0.115096 -0.176170 -0.221707 -0.082677 -0.143019 0.314990 0.457365 0.302934 0.408798 -0.056082 0.117990 0.298608 0.265385 -0.290020 -0.082979 -0.180877 -0.130702 -0.117312 -0.090839 0.082305 0.050547 -0.114605 0.001214 -0.108512 -0.080954 0.033732 0.052182 0.212979 0.077886 0.059018 0.121011 -0.126547 -0.061412 -0.008683 -0.013868 0.097542 -0.043837 -0.047599 -0.273621
-0.231776 -0.091001 -0.125480 -0.262743 -0.166043 -0.083031 -0.243804 -0.182500 0.340152 0.290067 0.596970 0.050235 0.564954 0.148477 0.261021 0.268694 0.705262 0.475452 -0.032464 -0.042550 -0.302054 -0.149850 -0.162342 -0.367856 0.089907 -0.034164 -0.084774 -0.164594 1.000000 0.370497 0.350532 0.135485 0.222649 0.059852 0.067023 -0.221213 -0.175044 -0.041208 -0.241111 -0.102193 -0.099360 -0.117276 -0.031490 -0.085825 0.062068 0.004664 -0.287953 -0.332184 -0.005626 -0.045770 0.067001 -0.056539 -0.344979 -0.329527 -0.337127 -0.394091 -0.044065 0.111260 -0.075664 -0.164043 0.051179 -0.031109 0.662327 0.259073 0.042414 -0.155421 -0.057297 -0.292431 -0.001592 -0.229036 0.389205 -0.081152 0.806836 0.380990 0.546458 0.333019 0.408065 0.139688 0.321179 0.286395 0.498584 0.457926 0.057870 -0.210483 0.067167 -0.035214 0.117357 0.258895 -0.308441 -0.325822 -0.162547 -0.106717 -0.063464 -0.111942 -0.112735 -0.004755 -0.155316 0.022258 -0.190878 0.014050 -0.055024 -0.175778 -0.101113 -0.176724 -0.287205 -0.177230 -0.179360 -0.311659 -0.027736 -0.066783 -0.323794 -0.044678 -0.004168 -0.006882 0.025198 0.120919
0.114978 0.271302 -0.239509 -0.080824 -0.110348 -0.168413 -0.137645 -0.005272 -0.032450 -0.062878 -0.007102 0.284097 0.030502 0.271533 -0.258296 0.033761 0.442996 0.717117 -0.026211 0.097775 0.210471 0.320719 -0.114230 -0.109103 0.049535 0.045784 -0.363514 -0.379890 0.370497 1.000000 0.209463 0.329808 0.204740 0.263931 0.134450 0.023665 -0.104630 0.184709 -0.251241 -0.189079 -0.328253 -0.128599 0.031388 0.145155 0.155978 0.133635 -0.139107 -0.272644 0.015484 0.123722 -0.089439 0.008728 -0.321381 -0.356552 -0.322989 -0.216444 0.299410 0.152787 -0.142473 0.024787 0.004689 0.217896 0.432302 0.412020 -0.081309 -0.145317 0.088231 -0.210138 0.017803 -0.059982 0.387296 0.319448 0.598330 0.619718 0.420695 0.369836 0.312632 0.300043 0.478958 0.636224 0.390376 0.542720 -0.318762 -0.076862 -0.148811 -0.053120 -0.129657 0.064918 -0.398975 -0.316850 -0.257020 -0.335289 -0.165640 -0.218089 0.266561 0.272714 -0.204059 0.014318 -0.229638 0.233897 -0.060315 -0.188821 -0.210328 -0.469601 -0.426456 -0.353643 -0.332139 -0.203152 0.151586 0.090041 -0.222217 -0.025370 0.034456 -0.183586 -0.164819 0.125455
-0.049981 -0.166968 -0.117946 0.001213 -0.344116 -0.135844 0.072812 0.077509 0.069799 0.380919 0.273598 0.237941 0.393224 0.020837 -0.034143 0.135221 0.226659 0.256499 -0.229044 -0.145478 -0.161848 -0.028205 0.144309 -0.236002 -0.007374 -0.033686 -0.281737 -0.239447 0.350532 0.209463 1.000000 0.659858 0.281795 0.231549 0.119388 0.110961 -0.193074 -0.035233 -0.105849 0.046340 0.077185 -0.045063 -0.208312 -0.051420 -0.059666 0.114288 -0.105558 -0.050251 -0.240732 0.076633 -0.409727 -0.116136 -0.209319 -0.066796 -0.047810 -0.031349 0.014688 -0.043898 -0.002189 0.033493 0.038909 -0.110316 0.206482 0.034117 -0.001596 -0.084136 0.007027 -0.094612 -0.206429 -0.268166 0.459063 0.318409 0.272117 0.259437 0.279798 0.304337 0.096875 0.094000 0.076169 0.160058 -0.007862 0.126239 0.019433 -0.133946 -0.324694 -0.084656 0.003883 0.200232 -0.197845 -0.224760 -0.226408 -0.279027 -0.156966 -0.329930 0.033728 0.112131 -0.015487 0.026140 -0.000535 -0.140525 -0.097844 -0.211599 -0.182533 -0.222360 -0.129224 -0.144170 -0.224603 -0.181600 -0.025644 0.095044 -0.133741 -0.042278 -0.103846 -0.095923 -0.237889 -0.016864
-0.049301 -0.212777 -0.067246 0.201138 -0.392093 -0.231605 0.243365 0.333112 -0.177070 0.042662 0.214810 0.421996 0.373183 0.234539 -0.166422 -0.118674 0.024982 0.247542 -0.340922 -0.176701 -0.110668 0.130683 0.333929 0.218613 -0.106162 0.111635 -0.483089 -0.379435 0.135485 0.329808 0.659858 1.000000 0.113841 0.324137 0.120184 0.149982 -0.403608 0.035659 0.002456 0.161730 -0.035301 -0.109301 -0.181544 -0.071520 0.087582 0.176233 -0.207971 -0.005487 -0.233676 0.078711 -0.255361 -0.192779 -0.239724 -0.010183 0.078679 0.154560 -0.051930 -0.293355 -0.228789 -0.230569 -0.136064 -0.256020 0.113358 0.001509 0.315229 -0.064644 -0.182780 -0.036687 -0.359920 -0.304587 0.290551 0.517889 0.021183 0.036376 0.059438 0.056335 -0.141449 0.000573 -0.007881 0.085663 -0.163664 -0.038628 0.014214 -0.153714 -0.263947 -0.186888 -0.051122 0.094860 -0.073458 -0.074882 -0.097984 -0.176187 0.007150 -0.355288 0.140108 0.159533 0.047704 -0.108776 -0.012150 -0.234715 -0.127640 -0.175947 -0.312811 -0.237510 -0.185442 -0.070629 -0.147770 -0.054602 -0.018289 0.055875 0.011715 -0.132271 -0.279718 -0.097057 -0.261393 -0.006004
0.120460 0.273321 -0.130140 -0.154332 -0.167996 -0.046786 -0.002375 0.080971 0.189424 0.264857 0.225216 0.094744 0.269432 0.026068 0.049390 0.160358 0.263744 0.217230 0.141540 0.164939 0.132825 0.100796 -0.253696 -0.377138 -0.036968 -0.174299 -0.236876 -0.241300 0.222649 0.204740 0.281795 0.113841 1.000000 0.746104 -0.037212 0.015782 0.104289 0.010056 -0.056132 -0.124266 -0.064345 -0.011509 -0.278576 -0.075071 -0.068798 -0.034073 -0.112782 -0.190175 -0.234779 -0.119272 -0.325116 -0.274787 -0.290974 -0.412571 -0.307419 -0.363782 0.117109 0.245162 0.026739 0.171143 0.189159 0.340730 0.355999 0.457965 -0.049476 -0.044273 0.438676 0.125610 0.144104 0.219864 0.015022 0.036912 0.259348 0.271443 0.230016 0.240489 0.216085 0.007510 -0.013374 0.147631 0.147212 0.174315 -0.017101 -0.023385 -0.154309 -0.095567 0.035173 0.153098 -0.419895 -0.429932 -0.147930 -0.379052 -0.305048 -0.115023 0.111784 0.241002 -0.009522 0.208717 -0.159727 0.014643 -0.014624 -0.158492 0.035847 -0.101172 -0.134903 -0.273486 -0.081927 -0.184826 0.082884 0.111971 -0.186313 -0.159555 -0.063723 -0.214961 -0.125102 0.111654
0.073642 0.192915 0.023634 -0.135048 -0.067467 -0.091320 0.247931 0.265972 0.053500 -0.014797 0.067061 0.246866 0.187750 0.212330 -0.079729 -0.063121 0.020054 0.233991 0.145884 0.101517 0.210322 0.202130 -0.076311 -0.089718 -0.078505 -0.142311 -0.190084 -0.176755 0.059852 0.263931 0.231549 0.324137 0.746104 1.000000 0.154879 0.219781 0.071719 0.095342 0.091092 0.024292 0.068856 0.120157 -0.376440 -0.045448 0.041465 0.035613 -0.123168 0.011536 -0.221344 -0.090564 -0.232152 -0.325181 -0.296482 -0.372473 -0.328546 -0.185101 0.019901 0.042677 -0.024476 0.046912 0.154471 0.290419 0.168852 0.357310 0.105294 0.107950 0.271458 0.247893 -0.093670 0.151028 -0.019642 0.106919 0.103902 0.071156 0.085348 0.043383 0.019516 0.008107 -0.035009 0.110342 -0.077428 0.012688 0.023086 0.099148 -0.199706 -0.209288 -0.065400 0.049493 -0.389223 -0.399321 -0.226662 -0.479719 -0.395651 -0.262907 0.208503 0.218013 0.022249 0.071518 -0.160550 -0.106587 -0.161019 -0.248218 -0.156521 -0.166324 -0.141156 -0.222284 -0.112161 -0.074291 0.003652 0.184948 -0.015108 -0.166252 -0.179865 -0.363246 -0.358276 -0.157155
-0.130963 -0.103484 0.041376 0.008567 -0.015707 -0.050927 -0.055194 -0.061884 -0.075449 -0.021295 0.033100 0.044184 0.081273 0.078591 -0.019988 -0.094111 0.044351 0.247675 0.103767 0.128173 0.180835 0.325251 0.055832 0.013462 -0.105758 0.073337 0.072933 0.066803 0.067023 0.134450 0.119388 0.120184 -0.037212 0.154879 1.000000 0.587589 0.156781 0.126982 0.062704 -0.070707 -0.105940 -0.086220 -0.162891 -0.050442 0.171810 0.118014 -0.039712 -0.091728 -0.064000 -0.022588 0.115844 -0.061158 -0.202797 -0.231281 -0.114303 -0.085737 -0.082472 -0.099642 -0.130133 -0.119206 -0.220299 -0.164414 -0.009670 -0.157724 0.071346 -0.060605 0.120920 0.356146 0.133818 0.031254 0.303109 0.104995 0.060329 0.052243 -0.022639 -0.116568 -0.059519 0.299621 0.232884 0.339366 -0.098969 0.120268 -0.119612 0.146218 0.013634 -0.032131 0.064406 -0.001778 -0.018092 -0.101103 -0.130295 -0.063031 -0.089682 -0.029992 0.193428 0.232131 -0.024084 0.037908 -0.259569 -0.163751 -0.110824 -0.061058 -0.202201 -0.062272 -0.144126 -0.120002 -0.030747 -0.080738 0.184858 0.209685 -0.117972 -0.075427 -0.153384 -0.135668 -0.123038 -0.004499
-0.197198 -0.172274 0.000238 0.054604 -0.085785 -0.118380 -0.003715 0.009139 -0.125817 0.045981 -0.136550 -0.121922 -0.133542 -0.189221 -0.096836 -0.084631 -0.107074 -0.037404 0.025646 0.212352 0.261274 0.325995 -0.008045 -0.002443 -0.055049 0.192592 -0.055301 -0.042071 -0.221213 0.023665 0.110961 0.149982 0.015782 0.219781 0.587589 1.000000 0.174549 0.177346 -0.018744 -0.070811 -0.102817 -0.115733 -0.177079 0.136497 0.266940 0.395004 -0.059429 0.066450 -0.078589 0.133240 -0.016094 -0.075276 -0.190718 0.031220 -0.032805 -0.106737 -0.146415 -0.113348 -0.240209 -0.079258 -0.417799 -0.181595 -0.230307 -0.194150 -0.116243 0.042277 0.007719 0.644174 0.053805 0.189282 0.230558 0.213499 -0.110279 0.059643 -0.025798 -0.024223 -0.064724 0.406394 0.154143 0.191206 -0.182281 0.101860 -0.135128 0.150878 -0.072640 0.061923 -0.021976 0.019958 -0.033009 -0.134950 0.109470 0.045864 0.021539 0.064796 0.220055 0.250895 -0.077315 0.016552 -0.087840 -0.243761 -0.122086 0.074689 -0.100125 0.003478 -0.061218 -0.089334 -0.014382 -0.094471 0.150039 0.339247 0.108064 -0.184477 -0.247999 -0.089558 -0.051171 0.022865
