1.000000 0.545308 -0.126861 -0.293985 0.056829 -0.299445 -0.158633 -0.304197 -0.061672 -0.185063 0.582679 0.068739 0.229103 0.112539 0.209146 0.075694 0.424217 0.244135 0.222699 0.143974 -0.085524 -0.052521 -0.306582 -0.366568 -0.186744 -0.171204 -0.099552 -0.084304 0.213887 0.146162 -0.371454 -0.397281 0.450375 0.037526 -0.278346 -0.347796 0.322664 -0.106200 0.054383 -0.098116 0.057991 0.079902 0.011356 0.066831 -0.147639 -0.198364 0.085311 -0.078776 0.008130 0.017672 -0.167983 -0.057598 0.208847 -0.135776 0.229683 0.180655 0.702363 0.507956 0.399680 0.282674 0.562094 0.178349 0.424211 0.457375 -0.301494 -0.245841 -0.054000 -0.339484 0.018089 -0.168962 0.008347 -0.152739 0.224467 0.297381 0.369024 0.192292 0.377154 0.107287 0.330790 0.151285 0.316077 0.244480 0.110204 -0.057017 -0.105760 -0.061560 -0.157454 -0.222635 -0.184767 -0.091622 -0.392608 -0.249845 -0.543818 -0.185713 0.044413 -0.291308 0.029077 0.132791 -0.200206 0.057651 -0.116302 0.030557 -0.294635 -0.209126 -0.354784 -0.391354 -0.093544 -0.116948 -0.282250 0.068696 -0.098344 -0.205032 -0.003016 -0.051750 -0.357658 -0.277263
0.545308 1.000000 -0.219044 0.026285 0.158616 -0.342842 -0.374223 -0.269575 -0.049226 -0.240585 0.500844 0.058403 -0.070933 -0.038737 0.204157 -0.010267 0.436543 0.267131 0.491921 0.380675 0.258889 0.282652 -0.147135 -0.167499 -0.066754 -0.141510 0.118152 0.028850 0.221541 0.111151 -0.064080 0.029535 0.557732 0.241435 -0.251532 -0.456771 0.010083 -0.074098 -0.029155 0.037081 0.134220 0.198031 -0.139492 -0.027856 -0.128985 -0.095282 -0.195695 -0.411375 -0.032210 -0.006754 -0.193763 -0.105862 0.042685 -0.100954 0.143530 0.160594 0.337276 0.737781 0.141114 0.126275 0.340382 0.295899 0.277469 0.537097 -0.050421 -0.047847 -0.074375 -0.346778 0.357979 -0.171640 -0.125281 -0.081233 0.189008 0.411520 0.306080 0.368939 0.252945 -0.191685 0.391148 0.173791 0.256848 0.221591 0.167724 -0.067033 0.057557 -0.113247 -0.060683 -0.177986 -0.089238 -0.162647 -0.658966 -0.480600 -0.658263 -0.371511 0.043855 -0.139426 -0.132257 0.067687 -0.560325 -0.172038 -0.274185 -0.333066 -0.488560 -0.425381 -0.322681 -0.281377 -0.151699 -0.120924 -0.344214 0.031777 -0.215921 -0.423012 -0.179698 -0.166106 -0.300537 -0.368368
-0.126861 -0.219044 1.000000 0.217610 0.307500 -0.104482 0.516692 0.100410 0.488759 -0.045918 -0.145321 -0.289742 -0.030355 -0.311142 0.235605 -0.143521 -0.282413 -0.303525 0.334225 0.019380 0.023461 0.202278 0.697321 0.379879 0.068338 0.068352 -0.012235 0.169830 -0.392617 -0.474523 0.009580 -0.009846 -0.218638 0.023684 0.238107 0.228921 0.078942 -0.257228 0.366988 0.195319 -0.194815 -0.056784 -0.207997 0.101022 0.044890 -0.008314 -0.334188 0.137413 0.109065 -0.018515 -0.103048 -0.012621 -0.165332 0.255356 0.165373 -0.020584 -0.143726 -0.052557 0.151811 -0.119867 -0.200885 -0.219974 -0.344965 -0.318926 0.173128 0.022984 0.102554 0.216785 0.044062 0.208292 0.099515 0.128321 -0.409897 -0.406075 -0.242723 -0.173330 0.104458 0.042600 -0.108645 -0.176058 -0.256470 -0.303900 0.043426 -0.252180 0.002289 -0.401151 -0.063074 -0.120673 0.149858 0.036009 0.057820 0.355655 0.060684 0.344367 -0.014497 -0.330130 -0.038867 -0.171989 -0.063744 -0.164244 -0.147734 0.317440 -0.027495 -0.049112 -0.090895 0.085892 -0.034296 -0.059573 -0.144623 -0.074401 -0.239875 -0.104763 -0.205174 -0.088890 0.061016 0.081768
-0.293985 0.026285 0.217610 1.000000 0.207395 0.086385 0.284476 0.542834 0.112287 0.259530 -0.380351 0.023101 -0.200776 0.012317 -0.296397 -0.119828 -0.302453 -0.253079 0.285103 0.125956 0.105057 0.205175 0.257442 0.389170 -0.031384 -0.171067 -0.015221 -0.171812 -0.285421 -0.295687 0.356332 0.300756 -0.002164 0.269060 0.010181 0.093293 -0.212188 -0.182393 0.032935 0.080200 -0.225464 0.046640 -0.092151 -0.006106 0.050781 0.206026 -0.319425 -0.147028 -0.114426 0.015916 -0.223855 -0.247204 -0.306423 -0.048810 -0.104771 -0.140489 -0.358633 -0.227188 -0.340162 -0.121951 -0.167208 0.306211 -0.219202 -0.070147 0.382121 0.439338 0.117904 0.379204 0.053183 0.106818 -0.103779 0.153420 -0.292798 -0.239828 -0.390251 -0.040967 -0.211999 -0.109376 -0.224230 -0.179462 -0.275890 -0.325074 -0.237931 -0.024711 -0.085107 -0.139375 -0.002016 0.039108 -0.148188 -0.060166 -0.074504 0.032257 0.155121 -0.068142 -0.018973 -0.063507 -0.214057 -0.105279 -0.216246 -0.201405 -0.200591 -0.131869 -0.027745 -0.174549 0.094041 0.078752 -0.088191 -0.071066 -0.121528 -0.090025 -0.219174 -0.093182 -0.192620 -0.157096 0.016564 -0.168002
0.056829 0.158616 0.307500 0.207395 1.000000 0.294384 0.260006 0.236645 0.635932 0.534424 0.072562 -0.153764 0.089346 0.086650 0.151909 0.139606 -0.286238 -0.123140 0.158936 0.118794 0.254332 0.361055 0.111974 0.021810 0.220396 0.021733 0.500823 0.156824 -0.260520 -0.284772 -0.260133 -0.349986 -0.221101 -0.184731 0.219615 0.042274 0.153794 -0.324158 0.015313 0.038096 -0.476763 -0.139290 -0.060555 0.183814 -0.095536 -0.219756 -0.292672 -0.022371 0.169256 -0.010411 -0.169005 0.098221 0.007741 0.273624 0.044257 -0.085299 -0.045989 0.048609 0.267667 0.020390 0.092093 0.136937 -0.201529 -0.083611 -0.081658 0.087755 0.102590 0.132909 -0.002214 0.101109 0.282559 0.048509 -0.490551 0.002006 -0.366349 0.151418 0.089277 0.168711 -0.278066 0.058371 -0.046485 -0.114606 -0.223364 -0.399416 -0.078361 -0.262933 -0.330172 -0.193392 0.081401 0.091015 0.127926 0.351564 -0.039293 0.286060 0.209759 -0.293089 -0.372061 0.065893 -0.132605 -0.413062 -0.046796 0.151106 0.047681 0.035300 -0.103957 0.032955 -0.307258 -0.290739 -0.258535 0.128832 -0.519210 -0.398554 -0.225381 -0.044850 -0.098939 -0.174501
-0.299445 -0.342842 -0.104482 0.086385 0.294384 1.000000 0.316631 0.455270 0.082777 0.658598 -0.242060 0.090924 -0.049224 0.192412 -0.222871 0.344644 -0.442039 -0.212285 -0.407705 -0.297653 0.123247 0.036897 -0.110918 0.181121 0.168365 0.323878 0.434464 0.267554 -0.147055 0.004584 0.094376 -0.037824 -0.142982 -0.109585 0.056131 0.044701 -0.079188 0.026394 -0.271270 -0.314242 -0.404190 -0.363391 0.243073 0.169679 -0.058873 -0.022038 0.219952 0.149085 0.093840 0.039271 0.229390 0.159753 0.162731 0.103579 -0.249957 -0.126395 -0.236395 -0.471364 -0.035379 0.185825 -0.000924 0.193540 -0.243490 -0.205800 0.061411 0.276296 0.109618 0.192528 -0.274146 -0.140143 0.011883 -0.125155 -0.224379 -0.015261 -0.383798 -0.114504 -0.299341 -0.035094 -0.487065 -0.047301 -0.201927 -0.073623 -0.290938 -0.207873 0.010505 0.251656 -0.268239 -0.105427 0.072062 0.238678 0.298820 0.053750 0.407251 0.092783 0.161669 0.005504 -0.287720 0.170705 0.076382 -0.095200 0.309362 -0.068137 0.339335 0.252143 0.049232 -0.021100 -0.098948 -0.118433 0.062298 0.070214 -0.011468 -0.011879 0.154588 0.174478 -0.056420 0.019782
-0.158633 -0.374223 0.516692 0.284476 0.260006 0.316631 1.000000 0.651581 0.432098 0.442164 -0.160476 0.051890 0.254483 0.263039 0.027739 0.231572 -0.525562 -0.320811 -0.079786 -0.302863 -0.102648 -0.031019 0.288176 0.303355 -0.121853 0.061740 -0.109648 -0.101430 -0.379790 -0.223473 0.115739 0.007434 -0.105940 0.147272 0.086933 0.191724 -0.035586 -0.275873 0.067236 -0.110331 -0.378245 -0.181677 0.059342 0.226109 0.189388 0.101526 -0.022499 0.262771 0.233465 0.246734 -0.056719 0.147094 0.078084 0.198879 -0.143145 -0.067290 -0.343006 -0.519274 -0.042308 0.048168 0.091546 0.273848 -0.293656 -0.171980 0.338529 0.313395 0.085144 0.160290 -0.348203 -0.088108 -0.020044 -0.039064 -0.381911 -0.305143 -0.332313 -0.241926 -0.128582 0.089680 -0.344362 -0.173277 -0.375558 -0.320338 -0.069313 -0.205772 -0.018085 -0.123010 -0.163411 -0.217772 0.038757 0.125248 0.171598 0.210048 0.247961 0.140914 0.085177 -0.240038 -0.262547 0.089541 -0.075094 -0.236506 0.047299 0.192436 0.140819 -0.040028 -0.083400 -0.100491 -0.134620 -0.141561 -0.111165 0.114520 -0.172607 -0.104730 -0.042932 -0.138979 -0.111345 -0.053234
-0.304197 -0.269575 0.100410 0.542834 0.236645 0.455270 0.651581 1.000000 0.229687 0.679368 -0.307935 0.227362 0.040510 0.435811 -0.328662 0.206790 -0.482708 -0.252253 -0.315916 -0.316520 0.014372 0.053827 -0.006777 0.226821 -0.078974 0.088861 -0.005387 -0.188053 -0.325363 -0.118073 0.206454 0.098800 -0.017125 0.236759 0.077444 0.213927 -0.103345 -0.191789 -0.113971 -0.155209 -0.495014 -0.223133 0.051001 0.172574 0.095204 0.160363 -0.042912 0.110863 0.006925 0.135552 -0.108474 -0.063824 -0.072590 -0.005953 -0.298047 -0.183837 -0.407115 -0.584158 -0.274827 0.003166 0.016931 0.541992 -0.297606 -0.100625 0.326329 0.569074 0.154795 0.354189 -0.307384 -0.161882 0.004547 0.032724 -0.366994 -0.192717 -0.465748 -0.166371 -0.205481 0.099565 -0.450888 -0.154520 -0.303728 -0.286207 -0.373420 -0.226522 0.039789 0.050824 -0.189657 -0.140253 -0.174775 0.003272 0.182486 0.154544 0.450473 0.123335 0.145798 -0.099582 -0.397514 0.217421 -0.110121 -0.168445 0.154804 0.065728 0.313714 0.039330 -0.124319 -0.204076 -0.194561 -0.223488 -0.031984 0.198116 -0.190891 -0.088419 0.026878 -0.018247 -0.141956 -0.029225
-0.061672 -0.049226 0.488759 0.112287 0.635932 0.082777 0.432098 0.229687 1.000000 0.383068 0.023689 -0.183403 0.156298 0.032149 0.358327 0.230800 -0.278329 -0.199756 0.061495 -0.018702 0.008829 0.208560 0.327832 0.245833 0.029598 0.105436 0.235664 0.038681 -0.305053 -0.307398 -0.284559 -0.273146 -0.248623 -0.023972 0.245627 0.195522 0.266353 -0.360042 0.137597 0.015037 -0.409802 -0.164806 -0.197004 0.153404 -0.088887 -0.225966 -0.335061 0.075111 0.129087 -0.102504 -0.176189 0.029059 0.001778 0.287991 0.015635 -0.162259 -0.047999 -0.021630 0.306668 -0.017676 0.091311 0.105548 -0.291772 -0.097049 0.099635 0.066926 0.010601 0.122462 -0.046147 0.138061 0.152595 -0.003302 -0.493472 -0.245293 -0.338718 -0.085147 0.195004 0.224860 -0.045135 0.057289 -0.042470 -0.170579 -0.104262 -0.506135 0.075609 -0.428786 -0.342621 -0.220948 0.108814 0.033916 0.188196 0.422145 0.057803 0.467422 0.199731 -0.289566 -0.345326 0.061531 -0.175732 -0.464537 0.041743 0.371110 0.080521 0.073178 -0.186244 -0.017405 -0.188131 -0.203142 -0.205917 0.301129 -0.434415 -0.351324 -0.314385 -0.062898 0.034493 -0.028854
-0.185063 -0.240585 -0.045918 0.259530 0.534424 0.658598 0.442164 0.679368 0.383068 1.000000 -0.161531 0.243427 0.172417 0.509330 -0.236267 0.348490 -0.419411 -0.100931 -0.374066 -0.260966 -0.053178 -0.016797 -0.168761 0.059039 0.196726 0.168658 0.318163 -0.022344 -0.107331 0.047003 -0.053059 -0.195631 -0.121944 -0.063505 0.036108 0.018222 0.042457 -0.191312 -0.315909 -0.311883 -0.544890 -0.406551 0.151609 0.185565 -0.128890 -0.125083 0.109295 0.066364 0.065288 0.051303 0.072806 0.149570 0.139809 0.047785 -0.374072 -0.269685 -0.213810 -0.479110 -0.037907 0.113692 0.211514 0.443052 -0.141850 -0.094720 0.089275 0.310911 0.032957 0.194118 -0.345718 -0.127500 0.069048 -0.152879 -0.266230 0.024070 -0.411367 -0.124778 -0.222785 0.158524 -0.447077 0.067128 -0.145690 -0.063711 -0.403042 -0.317542 -0.063848 0.105338 -0.315749 -0.109955 -0.165363 0.073859 0.370840 0.208649 0.471414 0.217834 0.287752 0.021553 -0.486029 0.333295 0.019990 -0.274628 0.322426 0.107293 0.406974 0.178722 -0.084009 -0.137622 -0.293280 -0.296584 0.047117 0.303273 -0.252714 -0.150282 0.039490 0.160745 -0.120311 -0.053720
0.582679 0.500844 -0.145321 -0.380351 0.072562 -0.242060 -0.160476 -0.307935 0.023689 -0.161531 1.000000 0.213240 0.463015 0.217059 0.454372 0.357275 0.402099 0.227381 0.214413 0.106624 0.101441 -0.008452 -0.143206 -0.349181 -0.143748 -0.251017 0.158930 0.006626 0.323544 0.173502 -0.319240 -0.211766 0.196621 -0.053329 -0.196408 -0.349586 0.120757 0.022427 0.105025 -0.046200 0.166043 0.126671 -0.153434 -0.064521 -0.145738 -0.297306 -0.110439 -0.231187 0.024358 -0.041296 -0.045550 0.134584 0.313461 0.108224 0.296159 0.189578 0.274927 0.391268 0.165416 0.064376 0.451116 0.035355 0.361675 0.375022 -0.164491 -0.345633 -0.281542 -0.537050 0.085113 -0.186690 0.030971 -0.050617 0.239222 0.365270 0.327338 0.290669 0.250348 -0.055536 0.367255 0.101915 0.287865 0.230989 0.376179 0.030431 0.172051 -0.003899 -0.168263 -0.245739 -0.022596 -0.020390 -0.363484 -0.271739 -0.493305 -0.188167 0.013843 -0.163859 -0.073856 0.057168 -0.229300 -0.143511 -0.009654 -0.171313 -0.311051 -0.367885 -0.243508 -0.234510 -0.003378 -0.008535 -0.172567 0.024218 -0.123963 -0.295996 -0.144651 -0.174672 -0.304898 -0.272716
0.068739 0.058403 -0.289742 0.023101 -0.153764 0.090924 0.051890 0.227362 -0.183403 0.243427 0.213240 1.000000 0.410930 0.701488 -0.019994 0.299310 0.123266 0.377649 -0.132891 -0.310665 -0.419282 -0.333843 -0.124881 0.061383 0.212513 0.078473 -0.120959 -0.148898 0.582646 0.655363 0.170522 0.135264 0.405619 0.051432 -0.470150 -0.386054 -0.066856 -0.065261 -0.402060 -0.444347 -0.054981 -0.376989 0.199230 0.185088 -0.162520 -0.116693 0.470985 -0.241965 -0.069725 0.040730 0.485815 0.150562 0.327682 -0.476786 -0.378851 -0.089201 -0.137710 -0.338799 -0.277109 -0.161161 0.469489 0.265488 0.112941 -0.005006 0.258831 -0.038891 -0.263159 -0.273572 -0.486142 -0.538809 -0.230971 -0.454005 0.594577 0.279328 0.284028 -0.077089 -0.257295 -0.197122 -0.066634 0.301092 0.006272 0.377333 0.075893 0.152058 0.255633 0.538537 0.147412 0.177985 -0.368471 -0.101364 -0.167254 -0.429341 0.191222 -0.217493 0.283113 0.267852 -0.232664 0.474390 -0.039972 0.101404 -0.013285 -0.241258 -0.013214 -0.190168 -0.306522 -0.503658 -0.226192 -0.257321 0.174197 0.295156 0.161311 0.143241 0.191125 0.336929 -0.345393 -0.211318
0.229103 -0.070933 -0.030355 -0.200776 0.089346 -0.049224 0.254483 0.040510 0.156298 0.172417 0.463015 0.410930 1.000000 0.645356 0.282255 0.480997 0.004840 0.161972 -0.020677 -0.054750 -0.487221 -0.418526 -0.164054 -0.244694 -0.018395 -0.166397 -0.121609 -0.197895 0.276534 0.185195 -0.271877 -0.370301 -0.058690 -0.393858 -0.252197 -0.295728 0.086667 -0.247093 -0.137896 -0.131958 -0.145632 -0.276193 0.047051 0.059750 -0.132104 -0.297320 0.170120 -0.150580 0.186666 0.028343 0.228378 0.248547 0.260512 -0.154209 -0.038296 -0.035287 -0.016062 -0.138244 0.149840 0.042113 0.545430 0.097760 0.129102 -0.072882 -0.119638 -0.181910 -0.178734 -0.353037 -0.260852 -0.105053 -0.029014 -0.304106 0.208992 0.016411 0.157750 -0.083719 -0.198910 -0.116888 -0.076071 0.131974 0.002521 0.139417 -0.029628 -0.048751 -0.115347 0.087894 -0.061092 0.094818 0.007123 0.078612 0.126480 0.031818 0.011280 0.012165 0.168409 0.156696 -0.032665 0.190308 0.171050 0.019568 0.072657 0.054609 -0.022191 -0.144024 -0.055776 -0.119251 -0.067684 -0.061858 0.141069 0.223274 -0.063754 0.062968 0.096415 0.027365 -0.145290 -0.148741
0.112539 -0.038737 -0.311142 0.012317 0.086650 0.192412 0.263039 0.435811 0.032149 0.509330 0.217059 0.701488 0.645356 1.000000 -0.097766 0.450535 -0.057073 0.255659 -0.295190 -0.198618 -0.438869 -0.369857 -0.388662 -0.180682 -0.023677 0.022617 -0.162420 -0.369531 0.322270 0.450979 -0.070510 -0.193082 0.099860 -0.160958 -0.277850 -0.272413 0.094609 -0.203428 -0.395486 -0.348070 -0.272689 -0.391515 0.272977 0.224885 -0.024331 -0.114219 0.347350 -0.148633 0.158090 0.221114 0.252939 0.318381 0.345394 -0.286577 -0.331339 -0.103069 -0.134795 -0.388301 -0.120856 0.066452 0.526454 0.467171 0.107917 0.009462 -0.013815 0.072098 -0.148138 -0.248960 -0.439846 -0.356134 -0.024029 -0.292515 0.231712 0.206355 0.003391 -0.068054 -0.237978 0.033998 -0.196076 0.228984 0.076571 0.223201 -0.197387 -0.087742 -0.048245 0.333100 -0.082218 0.105451 -0.302423 -0.012182 0.162355 -0.070488 0.185782 -0.089066 0.317968 0.168046 -0.294637 0.453737 0.074834 0.001174 0.186957 -0.057276 0.196637 -0.099732 -0.241837 -0.389832 -0.254690 -0.281169 0.105365 0.364128 -0.147068 0.006068 0.183355 0.187179 -0.332395 -0.243583
0.209146 0.204157 0.235605 -0.296397 0.151909 -0.222871 0.027739 -0.328662 0.358327 -0.236267 0.454372 -0.019994 0.282255 -0.097766 1.000000 0.399375 0.062716 0.001175 0.242626 0.043841 0.076393 0.109882 0.256171 -0.116033 -0.152497 -0.229330 0.207120 0.134367 0.049328 -0.082939 -0.369661 -0.254560 -0.033853 -0.128939 0.024806 -0.105905 0.209652 0.004648 0.280285 0.166494 0.060986 0.122334 -0.277393 -0.189596 -0.121111 -0.344034 -0.208303 -0.144946 -0.007271 -0.150336 -0.065843 0.060008 0.149501 0.195919 0.277422 0.134385 0.139349 0.249366 0.294414 -0.209132 0.162389 -0.231262 0.052651 0.040274 0.105979 -0.361847 -0.176094 -0.417212 0.053269 -0.054214 0.026602 -0.011472 0.018276 0.015476 0.246397 0.097332 0.204663 -0.095257 0.212850 -0.061079 -0.002419 -0.013282 0.562038 0.000141 0.240120 -0.257208 -0.006650 -0.247392 0.424828 0.107739 -0.109828 0.079638 -0.208469 0.199598 -0.055932 -0.076379 0.036680 -0.062344 0.043098 -0.000376 -0.059136 0.173657 -0.060335 -0.168415 -0.202005 -0.102962 0.126624 0.088432 -0.123042 0.122742 -0.016283 -0.087473 -0.059069 -0.108448 0.037537 -0.030628
0.075694 -0.010267 -0.143521 -0.119828 0.139606 0.344644 0.231572 0.206790 0.230800 0.348490 0.357275 0.299310 0.480997 0.450535 0.399375 1.000000 -0.226906 -0.138928 -0.201138 -0.351941 -0.005380 -0.230421 -0.003192 -0.037295 -0.245009 -0.208400 0.232916 0.142543 -0.046605 0.106444 -0.203426 -0.293256 -0.039255 -0.095970 -0.284136 -0.160716 0.238947 0.177050 0.046477 -0.086413 -0.180413 -0.052967 -0.021163 -0.018756 -0.121345 -0.241635 0.008112 0.049970 0.233193 0.050797 0.027076 0.192031 0.436543 0.174099 0.112953 0.145922 -0.084678 -0.220391 -0.015154 -0.112474 0.285432 0.175096 -0.053196 0.045360 0.000851 0.013826 -0.317860 -0.323332 -0.200645 -0.228829 -0.046685 -0.028857 -0.006929 0.059321 0.059881 0.012277 0.019205 -0.198022 -0.170488 -0.199246 -0.103691 -0.103400 0.105575 0.027080 -0.042525 0.061757 -0.414261 -0.383126 0.196743 0.257364 0.064982 0.033344 0.128037 0.085478 -0.045333 -0.085681 -0.102088 0.072315 0.153730 0.037489 0.344958 0.042355 0.152244 0.051376 -0.065314 -0.224299 0.113014 0.099677 -0.162516 0.131976 0.138645 0.064232 0.075505 -0.086725 -0.067464 -0.057580
0.424217 0.436543 -0.282413 -0.302453 -0.286238 -0.442039 -0.525562 -0.482708 -0.278329 -0.419411 0.402099 0.123266 0.004840 -0.057073 0.062716 -0.226906 1.000000 0.597512 0.238403 0.292585 0.028555 -0.072897 -0.245593 -0.370276 -0.048626 -0.212749 0.029581 -0.022789 0.566276 0.393599 -0.155806 -0.045068 0.306290 -0.011442 -0.260930 -0.421340 0.149006 0.134517 -0.068365 0.056703 0.465204 0.148137 -0.160922 -0.289094 -0.280230 -0.227692 -0.017241 -0.365946 -0.325212 -0.233076 0.063304 -0.156024 0.032717 -0.169286 0.035196 -0.084849 0.436411 0.508720 0.054130 -0.053414 0.154136 -0.223657 0.663185 0.519121 -0.255002 -0.489504 -0.299954 -0.487221 0.248979 -0.057795 0.133750 -0.081831 0.593080 0.486184 0.480688 0.231604 0.240210 -0.023821 0.721863 0.332538 0.669963 0.575345 0.220271 0.190724 0.072332 0.156465 0.080080 0.045774 -0.173010 -0.166245 -0.296486 -0.271880 -0.417217 -0.253833 0.006213 0.177666 0.064523 0.051868 -0.170575 0.129454 -0.075882 -0.067783 -0.301828 -0.257057 -0.238768 -0.149196 -0.082474 -0.048604 0.054650 0.027359 0.049556 0.007199 0.143507 0.025642 -0.147220 -0.226894
0.244135 0.267131 -0.303525 -0.253079 -0.123140 -0.212285 -0.320811 -0.252253 -0.199756 -0.100931 0.227381 0.377649 0.161972 0.255659 0.001175 -0.138928 0.597512 1.000000 0.077615 0.232684 -0.245449 0.003423 -0.295203 -0.230976 0.162589 0.025484 0.019635 -0.111774 0.782822 0.677910 -0.155843 -0.049147 0.241925 -0.219660 -0.152022 -0.443141 0.046334 -0.183142 -0.420968 -0.270704 0.081789 -0.297982 0.024444 -0.005145 -0.419767 -0.408489 0.235196 -0.445900 -0.410091 -0.252292 0.344648 0.013778 0.046747 -0.360855 -0.271718 -0.298348 0.202491 0.264212 -0.003584 -0.094441 0.316324 -0.131128 0.419287 0.165855 -0.166717 -0.510293 -0.208464 -0.438004 -0.171149 -0.220603 0.186556 -0.339078 0.615302 0.583354 0.262510 0.179819 -0.049402 0.115376 0.406314 0.782344 0.523454 0.850741 0.050081 -0.062497 0.149450 0.511861 0.190030 0.382354 -0.205872 -0.114464 -0.007050 -0.134475 -0.091908 -0.080291 0.429929 0.260365 -0.182233 0.402063 -0.004574 0.028908 -0.107898 -0.030939 -0.100323 -0.351664 -0.427949 -0.328605 -0.352201 -0.428113 0.265162 0.336824 -0.156854 0.030739 0.258075 0.402405 -0.333026 -0.281058
0.222699 0.491921 0.334225 0.285103 0.158936 -0.407705 -0.079786 -0.315916 0.061495 -0.374066 0.214413 -0.132891 -0.020677 -0.295190 0.242626 -0.201138 0.238403 0.077615 1.000000 0.520297 0.173793 0.226951 0.342377 0.049122 -0.020041 -0.303270 0.073043 0.055130 0.110596 -0.126671 0.067219 0.115203 0.219412 0.056590 -0.060711 -0.302076 -0.164237 -0.185391 0.114213 0.180543 0.095240 0.168512 -0.162590 -0.089567 0.002057 -0.030900 -0.340966 -0.377021 -0.076792 -0.004234 -0.181417 -0.099072 -0.226030 0.032141 0.222351 0.097948 0.027334 0.408127 0.013781 -0.092322 -0.018423 -0.110344 0.151680 0.092214 0.151378 -0.194330 0.033254 -0.182077 0.339828 0.055570 -0.094503 0.026779 0.095890 0.040874 0.117194 0.210433 0.072040 -0.283079 0.282747 0.035192 0.029706 0.066529 0.262927 0.087126 -0.030037 -0.181386 0.095766 0.009264 0.037773 -0.049283 -0.457088 -0.166211 -0.514510 -0.192466 -0.091551 -0.107602 -0.056046 -0.258542 -0.356937 -0.126384 -0.405238 -0.243354 -0.510986 -0.524172 -0.125422 0.019737 -0.004187 0.021276 -0.297070 -0.186260 -0.243530 -0.268737 -0.177981 -0.210494 -0.103080 -0.336682
0.143974 0.380675 0.019380 0.125956 0.118794 -0.297653 -0.302863 -0.316520 -0.018702 -0.260966 0.106624 -0.310665 -0.054750 -0.198618 0.043841 -0.351941 0.292585 0.232684 0.520297 1.000000 0.132754 0.309428 -0.193694 -0.170174 -0.091241 -0.147947 0.097680 -0.185351 0.149967 -0.183654 -0.228566 -0.080246 -0.072928 -0.213319 0.235735 -0.178770 -0.152866 -0.265095 -0.080077 0.205825 0.105334 0.059006 -0.198261 -0.278609 -0.042836 -0.172622 -0.325085 -0.428951 -0.121342 -0.096652 -0.275457 -0.109928 -0.440165 -0.061234 -0.049527 -0.149519 0.163935 0.447976 0.126496 0.184654 -0.040679 -0.088896 0.181819 0.019097 -0.204275 -0.234795 0.244991 -0.035971 0.476201 0.483455 0.163787 0.076003 -0.012711 0.020084 -0.167481 0.176921 -0.142325 -0.080103 0.333645 0.143466 0.347631 0.206113 0.047280 -0.036056 -0.139261 -0.176134 0.245684 0.310337 0.124871 -0.012931 -0.066367 0.030781 -0.406506 -0.152808 0.041783 0.095777 -0.083225 -0.202176 -0.281956 -0.231234 -0.299318 -0.144313 -0.376875 -0.340068 0.065141 0.341901 -0.072291 -0.032300 0.048197 -0.119752 -0.413536 -0.283542 -0.124464 -0.021675 0.067806 -0.270368
-0.085524 0.258889 0.023461 0.105057 0.254332 0.123247 -0.102648 0.014372 0.008829 -0.053178 0.101441 -0.419282 -0.487221 -0.438869 0.076393 -0.005380 0.028555 -0.245449 0.173793 0.132754 1.000000 0.607239 0.187349 -0.086182 -0.168823 -0.283623 0.586276 0.382115 -0.326236 -0.315843 0.100298 0.192959 -0.105626 0.216081 0.234515 0.117947 0.006122 0.380610 0.356280 0.433336 0.101184 0.508157 -0.306884 -0.325712 0.048721 0.077863 -0.522910 -0.009938 -0.082512 -0.018698 -0.395920 -0.155250 -0.095134 0.454413 0.292935 0.263815 -0.073290 0.205284 -0.070926 -0.127083 -0.375268 -0.083658 0.035678 0.250510 0.100986 0.064753 0.048244 -0.034281 0.401165 0.044617 0.272729 0.563712 -0.274383 0.177580 -0.114653 0.410624 0.246286 -0.074025 0.057951 -0.379787 -0.056183 -0.277199 0.187171 0.069697 -0.025293 -0.239883 -0.222818 -0.448133 0.312073 0.141524 -0.199797 0.094967 -0.237715 -0.030618 -0.390256 -0.283378 -0.045513 -0.436574 -0.151541 -0.097610 0.015449 -0.054539 -0.086269 -0.081712 0.102402 0.144046 0.158529 0.176717 -0.446696 -0.351807 -0.043998 -0.255345 -0.178332 -0.351341 0.065746 -0.106530
-0.052521 0.282652 0.202278 0.205175 0.361055 0.036897 -0.031019 0.053827 0.208560 -0.016797 -0.008452 -0.333843 -0.418526 -0.369857 0.109882 -0.230421 -0.072897 0.003423 0.226951 0.309428 0.607239 1.000000 0.226537 0.192174 0.189705 0.079784 0.461672 0.302511 -0.118381 -0.255877 0.052639 0.205345 -0.011419 0.172670 0.451993 0.207933 -0.026476 -0.026164 0.210717 0.294626 -0.107931 0.115137 -0.323174 -0.045791 -0.130244 -0.070042 -0.495144 -0.220627 -0.310134 -0.234152 -0.295903 -0.256740 -0.397388 0.122493 0.088557 0.032291 0.020206 0.249804 0.055765 -0.191227 -0.078667 0.042728 -0.168783 -0.004437 0.190079 0.079189 0.200883 0.140704 0.196836 0.076035 0.231692 0.235209 -0.274284 0.129404 -0.272550 0.274646 0.095276 0.070016 0.049853 0.073750 -0.007908 -0.042953 0.049858 -0.396158 0.169060 -0.204457 0.010192 -0.064199 0.142696 0.111144 -0.136810 0.169651 -0.160244 0.145417 0.139339 -0.207459 -0.216223 -0.061634 -0.346841 -0.351164 -0.266116 0.028086 -0.106792 -0.201444 -0.167776 0.018524 -0.279073 -0.308981 -0.265417 0.040448 -0.387704 -0.450295 -0.278470 0.019446 -0.108214 -0.257769
-0.306582 -0.147135 0.697321 0.257442 0.111974 -0.110918 0.288176 -0.006777 0.327832 -0.168761 -0.143206 -0.124881 -0.164054 -0.388662 0.256171 -0.003192 -0.245593 -0.295203 0.342377 -0.193694 0.187349 0.226537 1.000000 0.578530 0.153433 -0.061707 0.106451 0.322843 -0.290628 -0.275280 0.276965 0.296644 -0.092053 0.235171 0.107132 0.211862 -0.009049 0.070138 0.451908 0.282633 0.033013 0.152705 -0.286060 0.019721 0.116108 0.164487 -0.372883 0.051123 0.037446 0.020166 -0.018389 0.008907 -0.048531 0.330242 0.296532 0.148252 -0.321449 -0.114759 -0.176903 -0.449571 -0.308482 -0.256286 -0.262239 -0.203344 0.494979 0.027616 -0.140099 0.065578 -0.018988 -0.051737 -0.061744 0.208296 -0.164274 -0.266150 -0.020186 -0.057327 0.155926 -0.196466 -0.061485 -0.262506 -0.389575 -0.363482 0.241112 0.017844 0.118160 -0.279218 -0.065274 -0.238140 0.113769 0.076409 -0.156490 0.096328 0.061693 0.193280 -0.196462 -0.262472 0.053762 -0.297036 -0.028752 -0.088357 -0.263080 0.091387 -0.160865 -0.105647 0.020531 0.044768 0.069431 0.054959 -0.317408 -0.215997 0.042171 0.035639 -0.226190 -0.200951 0.075418 -0.007302
-0.366568 -0.167499 0.379879 0.389170 0.021810 0.181121 0.303355 0.226821 0.245833 0.059039 -0.349181 0.061383 -0.244694 -0.180682 -0.116033 -0.037295 -0.370276 -0.230976 0.049122 -0.170174 -0.086182 0.192174 0.578530 1.000000 0.259213 0.335669 -0.018270 0.207835 -0.163363 -0.120554 0.369796 0.405862 0.041807 0.270516 0.025418 0.166122 -0.221405 -0.113261 0.043120 -0.105233 -0.162201 -0.239094 0.010777 0.292514 -0.016652 0.134082 -0.056828 0.058779 0.030136 -0.019474 0.142141 0.015964 -0.101662 -0.001939 -0.041568 -0.067995 -0.309407 -0.236673 -0.205363 -0.189293 -0.111610 0.039460 -0.464793 -0.377408 0.365241 0.271570 -0.055519 0.316755 -0.190306 -0.066425 -0.195291 -0.112108 -0.174215 -0.282894 -0.207032 -0.258445 -0.075768 -0.131239 -0.152993 0.030426 -0.342356 -0.168124 -0.101263 -0.225846 0.215457 0.005753 -0.020174 0.102095 -0.130959 0.014638 -0.074770 -0.047726 0.260287 0.079347 0.206453 -0.171054 -0.121043 0.084164 -0.250251 -0.278239 -0.282764 -0.090222 -0.111550 -0.026931 0.037114 -0.000187 -0.181382 -0.213622 -0.028628 0.030491 -0.012536 -0.053671 -0.171715 0.092347 -0.120994 -0.086995
-0.186744 -0.066754 0.068338 -0.031384 0.220396 0.168365 -0.121853 -0.078974 0.029598 0.196726 -0.143748 0.212513 -0.018395 -0.023677 -0.152497 -0.245009 -0.048626 0.162589 -0.020041 -0.091241 -0.168823 0.189705 0.153433 0.259213 1.000000 0.560534 0.209546 0.311929 0.326879 0.215238 0.286778 0.163586 0.065487 -0.106915 0.073369 -0.028209 -0.215300 -0.113829 -0.268831 -0.178723 -0.071069 -0.374666 0.153982 0.271498 -0.161353 0.001832 0.180647 -0.135952 -0.175191 -0.158818 0.434615 0.031715 -0.146173 -0.328393 -0.255027 -0.195445 -0.054455 -0.056774 -0.002907 -0.162859 0.086707 -0.143890 -0.134659 -0.293512 0.047545 -0.003822 0.035021 0.171774 -0.247804 -0.164981 -0.110439 -0.355788 0.223127 0.146021 0.070065 -0.088090 -0.271010 -0.099040 -0.256615 0.331844 -0.086420 0.242570 -0.206003 -0.257387 0.182400 0.217204 0.257842 0.358208 -0.304067 -0.127867 -0.015659 -0.093539 0.198896 0.047769 0.352600 0.204395 -0.101435 0.264070 -0.082351 -0.185530 -0.246368 -0.094561 -0.004030 0.054763 -0.078675 -0.060143 -0.305792 -0.326708 0.166420 0.188406 -0.083054 -0.101413 -0.037440 0.372301 -0.070131 -0.086547
-0.171204 -0.141510 0.068352 -0.171067 0.021733 0.323878 0.061740 0.088861 0.105436 0.168658 -0.251017 0.078473 -0.166397 0.022617 -0.229330 -0.208400 -0.212749 0.025484 -0.303270 -0.147947 -0.283623 0.079784 -0.061707 0.335669 0.560534 1.000000 -0.125575 0.121025 0.140950 0.212821 0.321551 0.246706 0.112213 0.116574 0.119891 0.130157 -0.078252 -0.226123 -0.314438 -0.462582 -0.246223 -0.535912 0.275784 0.463386 -0.009831 0.078821 0.348777 0.145763 0.007595 -0.011837 0.292650 0.081401 -0.051178 -0.242994 -0.340453 -0.255129 0.045643 -0.104867 0.118933 0.258287 0.043886 0.057066 -0.329401 -0.268606 -0.108141 0.152772 0.172285 0.272439 -0.252002 -0.113751 -0.105659 -0.365215 -0.013733 -0.015200 -0.076135 -0.206663 -0.111868 0.184853 -0.255635 0.344678 0.012992 0.203630 -0.244062 -0.436509 0.202142 0.112252 0.022719 0.219992 -0.355448 -0.268414 0.047543 -0.111761 0.223106 0.048891 0.461071 -0.014030 -0.185334 0.395475 -0.217609 -0.239485 -0.033825 -0.072485 0.158268 0.180970 -0.187485 -0.137804 -0.304092 -0.350882 0.162651 0.328493 -0.118880 -0.139645 -0.100746 0.418429 -0.078151 0.119038
-0.099552 0.118152 -0.012235 -0.015221 0.500823 0.434464 -0.109648 -0.005387 0.235664 0.318163 0.158930 -0.120959 -0.121609 -0.162420 0.207120 0.232916 0.029581 0.019635 0.073043 0.097680 0.586276 0.461672 0.106451 -0.018270 0.209546 -0.125575 1.000000 0.555394 -0.009073 -0.073683 -0.173641 -0.120870 -0.183466 -0.163316 0.184228 -0.085476 0.029316 0.254864 0.053853 0.127269 -0.183018 0.019635 -0.222339 -0.223047 -0.253156 -0.296872 -0.325639 -0.207087 -0.178171 -0.214471 -0.063794 -0.002329 -0.057797 0.252645 0.060567 -0.015858 -0.043484 0.079184 0.075886 -0.144199 -0.011500 -0.113268 0.013047 0.045431 0.078376 -0.096869 -0.063754 -0.108221 0.068333 -0.043317 0.247084 0.201115 -0.137786 0.305813 -0.189077 0.221164 0.017912 -0.138736 -0.019090 -0.045442 0.018629 0.034649 0.010470 -0.107056 0.094415 0.051985 -0.173701 -0.181406 0.277306 0.264228 0.038796 0.150238 -0.004265 0.141751 -0.055689 -0.049146 -0.283917 -0.172490 -0.071321 -0.205759 0.104560 0.004211 0.022368 -0.040209 -0.062309 0.033367 -0.011670 -0.015619 -0.172254 0.003151 -0.123371 -0.253592 -0.051664 0.009845 0.015089 -0.192140
-0.084304 0.028850 0.169830 -0.171812 0.156824 0.267554 -0.101430 -0.188053 0.038681 -0.022344 0.006626 -0.148898 -0.197895 -0.369531 0.134367 0.142543 -0.022789 -0.111774 0.055130 -0.185351 0.382115 0.302511 0.322843 0.207835 0.311929 0.121025 0.555394 1.000000 -0.076891 -0.081715 0.093042 0.074464 0.025004 0.001988 0.008029 -0.056936 -0.013131 0.400380 0.222149 0.264957 0.029601 0.101491 -0.118252 -0.123480 -0.261956 -0.146944 -0.138792 0.041800 -0.021639 -0.254877 0.109211 -0.085622 0.021934 0.140476 0.238925 0.208379 0.107445 0.161993 0.111653 -0.256621 -0.063357 -0.286627 -0.128497 -0.062567 0.086711 0.058596 -0.163585 -0.054639 0.170603 -0.066111 -0.053122 0.094424 -0.006931 0.149484 0.028812 0.027112 0.056143 -0.289424 -0.085945 -0.159088 -0.239643 -0.090358 0.008700 -0.103701 0.043709 0.075078 -0.111482 -0.207613 0.226022 0.283999 -0.204395 -0.067416 -0.004084 0.059335 -0.110713 -0.115739 0.083011 -0.170570 -0.043942 -0.068565 -0.034504 -0.008136 -0.109510 0.014858 -0.012423 0.018471 0.041427 0.045887 -0.216224 -0.069194 0.228237 -0.028963 -0.050802 0.006655 0.077483 -0.033650
0.213887 0.221541 -0.392617 -0.285421 -0.260520 -0.147055 -0.379790 -0.325363 -0.305053 -0.107331 0.323544 0.582646 0.276534 0.322270 0.049328 -0.046605 0.566276 0.782822 0.110596 0.149967 -0.326236 -0.118381 -0.290628 -0.163363 0.326879 0.140950 -0.009073 -0.076891 1.000000 0.822351 0.059549 0.102738 0.372847 -0.149105 -0.294524 -0.533905 -0.047545 -0.091700 -0.539594 -0.430077 0.154564 -0.391569 0.170533 0.027089 -0.383451 -0.351116 0.415332 -0.507272 -0.382371 -0.206368 0.478925 0.096192 0.105545 -0.481256 -0.379589 -0.253550 0.152229 0.127199 -0.086674 -0.042793 0.388911 -0.083520 0.417666 0.049838 -0.102637 -0.528244 -0.234751 -0.474838 -0.251179 -0.384724 -0.001593 -0.486438 0.855347 0.592329 0.448808 0.147600 -0.173984 -0.045623 0.348621 0.672777 0.431405 0.825228 0.174307 0.020738 0.233196 0.562723 0.237867 0.368129 -0.374442 -0.239765 -0.109429 -0.370769 -0.063103 -0.211535 0.427581 0.399775 -0.193714 0.449310 -0.057532 0.047133 -0.060728 -0.208986 -0.089887 -0.344388 -0.368988 -0.359223 -0.286044 -0.336884 0.346291 0.357122 0.011631 0.055412 0.235102 0.413741 -0.322348 -0.268813
0.146162 0.111151 -0.474523 -0.295687 -0.284772 0.004584 -0.223473 -0.118073 -0.307398 0.047003 0.173502 0.655363 0.185195 0.450979 -0.082939 0.106444 0.393599 0.677910 -0.126671 -0.183654 -0.315843 -0.255877 -0.275280 -0.120554 0.215238 0.212821 -0.073683 -0.081715 0.822351 1.000000 0.202138 0.154066 0.431815 0.029197 -0.392631 -0.471622 0.008401 0.098641 -0.524347 -0.549474 0.080219 -0.370523 0.274093 0.148456 -0.226095 -0.169544 0.533459 -0.251015 -0.237269 0.017002 0.465816 0.214633 0.316547 -0.362476 -0.424460 -0.176905 0.065406 -0.075732 -0.231800 -0.037558 0.301634 0.053442 0.320328 0.123033 -0.054071 -0.369249 -0.307207 -0.450735 -0.399594 -0.567203 -0.012433 -0.371780 0.789482 0.677916 0.476876 0.143584 0.007684 0.052010 0.170696 0.582008 0.319464 0.723984 0.108763 0.132352 0.144125 0.647626 0.064757 0.155513 -0.463982 -0.290354 -0.096837 -0.379401 0.049064 -0.221757 0.332600 0.282831 -0.229101 0.469133 0.037291 0.172177 0.109961 -0.206422 0.093181 -0.173244 -0.409468 -0.532721 -0.244306 -0.295353 0.215770 0.347174 0.177384 0.161470 0.324453 0.376383 -0.356298 -0.154796
-0.371454 -0.064080 0.009580 0.356332 -0.260133 0.094376 0.115739 0.206454 -0.284559 -0.053059 -0.319240 0.170522 -0.271877 -0.070510 -0.369661 -0.203426 -0.155806 -0.155843 0.067219 -0.228566 0.100298 0.052639 0.276965 0.369796 0.286778 0.321551 -0.173641 0.093042 0.059549 0.202138 1.000000 0.836555 0.231914 0.449165 -0.207043 -0.012573 -0.410266 0.176785 -0.063388 -0.089017 0.121773 0.020760 0.132120 0.099210 0.245573 0.455872 0.112096 -0.064741 -0.015193 0.217357 0.137357 0.008287 -0.035396 -0.121074 -0.199524 0.056295 -0.386903 -0.247586 -0.500147 -0.096196 -0.278895 0.055158 -0.137408 -0.030331 0.359420 0.294683 0.000222 0.095238 -0.109483 -0.337087 -0.273921 0.026070 0.214104 0.039905 0.146236 0.002655 -0.208863 -0.250153 -0.216504 -0.136880 -0.281536 -0.105213 0.009336 0.200346 0.065337 0.139846 0.085101 0.004015 -0.347342 -0.304330 -0.317911 -0.415271 0.094149 -0.396598 -0.078614 0.121839 0.014505 -0.039469 -0.208525 0.068096 -0.159367 -0.397440 -0.061552 -0.150441 0.109196 -0.061464 0.012781 0.041866 -0.057049 -0.117274 0.187525 0.093429 0.020917 -0.090695 -0.084226 -0.057210
-0.397281 0.029535 -0.009846 0.300756 -0.349986 -0.037824 0.007434 0.098800 -0.273146 -0.195631 -0.211766 0.135264 -0.370301 -0.193082 -0.254560 -0.293256 -0.045068 -0.049147 0.115203 -0.080246 0.192959 0.205345 0.296644 0.405862 0.163586 0.246706 -0.120870 0.074464 0.102738 0.154066 0.836555 1.000000 0.221640 0.525936 -0.047656 0.057853 -0.429456 0.163554 -0.008243 -0.035684 0.236766 0.094440 -0.086672 -0.076160 0.199770 0.374394 -0.028581 -0.196521 -0.139199 0.067135 0.051568 -0.082779 -0.138843 -0.085081 -0.153565 -0.019300 -0.374240 -0.152170 -0.484194 -0.183761 -0.295816 0.032069 -0.122933 0.046699 0.476677 0.245871 -0.000462 0.100968 -0.013118 -0.234421 -0.225434 0.091054 0.190751 0.073938 0.119027 0.042484 -0.160175 -0.226186 0.017315 -0.088436 -0.185110 -0.051680 0.154386 0.230431 0.240372 0.110647 0.158847 0.040239 -0.229021 -0.293296 -0.366629 -0.437977 0.041306 -0.379586 -0.068107 0.111770 0.017726 -0.068525 -0.320636 -0.077825 -0.258258 -0.441738 -0.196459 -0.280126 0.116644 0.024772 -0.038410 -0.018912 -0.021798 -0.157344 0.152940 -0.026065 -0.117498 -0.104141 -0.078366 -0.090415
0.450375 0.557732 -0.218638 -0.002164 -0.221101 -0.142982 -0.105940 -0.017125 -0.248623 -0.121944 0.196621 0.405619 -0.058690 0.099860 -0.033853 -0.039255 0.306290 0.241925 0.219412 -0.072928 -0.105626 -0.011419 -0.092053 0.041807 0.065487 0.112213 -0.183466 0.025004 0.372847 0.431815 0.231914 0.221640 1.000000 0.540865 -0.419035 -0.415702 -0.043243 -0.005533 -0.226937 -0.315035 0.086707 -0.057720 0.097840 0.147471 -0.069322 0.097446 0.286454 -0.146727 -0.064444 0.111907 0.108672 -0.077853 0.102590 -0.373173 -0.139705 0.120467 0.249022 0.252118 -0.051637 0.073210 0.420092 0.391501 0.243509 0.376024 0.179598 0.086179 -0.000087 -0.216359 -0.109354 -0.493688 -0.387779 -0.401809 0.500354 0.369615 0.493679 0.091977 0.120495 -0.213670 0.210307 0.180490 0.023449 0.300751 0.135534 0.009727 0.120233 0.203602 0.047411 -0.138109 -0.459781 -0.311055 -0.654653 -0.704665 -0.364706 -0.470436 0.146545 -0.058434 -0.107987 0.303779 -0.447843 0.045589 -0.220186 -0.341631 -0.381098 -0.313838 -0.438905 -0.553491 -0.180531 -0.166797 -0.182492 0.148377 0.160860 -0.121943 0.014122 0.085671 -0.322106 -0.188916
0.037526 0.241435 0.023684 0.269060 -0.184731 -0.109585 0.147272 0.236759 -0.023972 -0.063505 -0.053329 0.051432 -0.393858 -0.160958 -0.128939 -0.095970 -0.011442 -0.219660 0.056590 -0.213319 0.216081 0.172670 0.235171 0.270516 -0.106915 0.116574 -0.163316 0.001988 -0.149105 0.029197 0.449165 0.525936 0.540865 1.000000 -0.042243 0.267588 -0.027177 0.115308 0.168338 -0.092465 0.115212 0.212663 -0.280577 -0.091489 0.159735 0.327820 -0.174542 0.059958 -0.093869 0.103260 -0.276308 -0.297220 -0.038958 0.037153 -0.036609 -0.006969 0.041968 0.069931 -0.171525 -0.027600 -0.009687 0.386740 -0.053475 0.418843 0.374777 0.374972 0.042310 0.156973 -0.038824 -0.212154 -0.335015 0.054360 0.001073 0.007020 0.158450 -0.003089 0.250643 -0.005971 0.101866 -0.233984 -0.132144 -0.203048 0.134075 0.033250 0.071767 -0.234232 -0.166421 -0.402870 -0.347586 -0.288969 -0.478347 -0.402268 -0.161526 -0.261166 -0.092744 -0.238103 -0.107890 0.020442 -0.435865 -0.184676 -0.102250 -0.124193 -0.163160 -0.040279 -0.144472 -0.283181 -0.012088 0.001287 -0.314423 -0.012034 0.121772 -0.127844 -0.255340 -0.194163 -0.121056 -0.000222
-0.278346 -0.251532 0.238107 0.010181 0.219615 0.056131 0.086933 0.077444 0.245627 0.036108 -0.196408 -0.470150 -0.252197 -0.277850 0.024806 -0.284136 -0.260930 -0.152022 -0.060711 0.235735 0.234515 0.451993 0.107132 0.025418 0.073369 0.119891 0.184228 0.008029 -0.294524 -0.392631 -0.207043 -0.047656 -0.419035 -0.042243 1.000000 0.647916 0.035727 -0.204437 0.115342 0.166992 -0.127247 0.007908 -0.208803 -0.061655 0.162106 0.041973 -0.410936 0.016804 -0.205153 -0.105949 -0.253227 -0.112592 -0.432262 0.212644 -0.023418 -0.270687 -0.136046 -0.047796 0.137463 -0.071003 -0.281180 -0.083604 -0.229400 -0.222279 0.089278 0.093685 0.509090 0.416000 0.154654 0.303296 0.233788 0.243883 -0.490034 -0.204701 -0.472240 -0.009957 0.027906 0.276580 -0.033711 -0.056769 0.044772 -0.156873 -0.137269 -0.323445 0.194285 -0.253680 0.085624 0.120962 0.215335 0.022226 0.306230 0.474609 0.143802 0.435770 0.083820 -0.128501 -0.202896 -0.152476 -0.033321 -0.320370 0.005295 0.251297 0.218844 0.134041 0.041602 0.239982 -0.037418 -0.100089 0.017158 -0.047996 -0.372092 -0.211736 -0.275274 0.024739 0.156676 0.061040
-0.347796 -0.456771 0.228921 0.093293 0.042274 0.044701 0.191724 0.213927 0.195522 0.018222 -0.349586 -0.386054 -0.295728 -0.272413 -0.105905 -0.160716 -0.421340 -0.443141 -0.302076 -0.178770 0.117947 0.207933 0.211862 0.166122 -0.028209 0.130157 -0.085476 -0.056936 -0.533905 -0.471622 -0.012573 0.057853 -0.415702 0.267588 0.647916 1.000000 0.077874 -0.063041 0.309238 0.148745 -0.101929 0.131945 -0.295616 -0.073558 0.196189 0.247384 -0.352736 0.316278 -0.064931 -0.065990 -0.337358 -0.297719 -0.295935 0.185952 0.057756 -0.170677 -0.090879 -0.226592 0.114051 -0.059145 -0.292963 0.023133 -0.399566 -0.159742 0.116713 0.321727 0.368346 0.641057 -0.063375 0.332642 0.035669 0.288463 -0.553390 -0.487324 -0.345295 -0.240059 0.077238 0.247525 -0.219001 -0.314157 -0.196515 -0.456697 -0.156209 -0.133551 0.008141 -0.409330 -0.023621 -0.033127 0.132033 0.011021 0.289714 0.436703 0.294620 0.415383 -0.125527 -0.195972 0.020744 -0.221956 0.110471 -0.160713 0.108732 0.335129 0.285857 0.391509 0.217530 0.264507 0.157431 0.129239 -0.026565 -0.120666 -0.054567 0.025732 -0.270989 -0.053169 0.301847 0.361832
