1.000000 0.353029 -0.036504 -0.410213 0.257390 -0.053898 -0.031773 -0.311642 -0.023385 -0.031592 0.503565 -0.068050 0.283520 0.417792 0.144989 0.159556 0.269572 0.212048 0.498005 0.268669 0.071839 -0.420570 -0.367327 -0.419762 -0.130623 -0.261571 0.115615 -0.336685 0.341229 0.164988 -0.454060 -0.541007 0.139267 -0.171798 -0.125682 -0.190653 -0.027619 -0.167238 -0.222556 -0.217936 0.174563 0.030258 -0.146337 -0.021932 -0.086710 -0.185896 -0.150211 -0.201308 0.173147 -0.012270 -0.112240 -0.015480 0.073596 -0.332177 -0.152592 -0.086803 0.544850 0.168221 0.405450 0.283793 0.380942 0.248265 0.336251 0.278581 -0.288489 -0.172458 0.230819 -0.151545 0.278043 -0.062017 0.034928 -0.376861 0.391982 0.062238 0.204823 -0.006372 0.186682 -0.147305 0.056376 0.023478 0.070659 0.250102 -0.335098 0.046599 -0.284082 -0.138140 -0.231572 -0.158892 -0.189739 -0.008727 -0.161526 -0.199812 -0.218328 -0.055715 -0.046333 -0.124304 -0.069439 -0.250574 0.029608 -0.032099 0.159769 0.003661 -0.082860 -0.005102 -0.082307 -0.114784 -0.187845 -0.071580 0.053539 -0.086517 -0.227364 -0.227328 -0.151872 0.084920 -0.172578 -0.127245
0.353029 1.000000 -0.195894 0.001472 0.018150 -0.045453 -0.031509 0.042277 -0.063117 0.167582 0.240088 0.123991 0.400698 0.498816 0.250599 0.272406 0.031009 0.107710 0.066625 0.107298 -0.093046 -0.138099 -0.314929 -0.215312 -0.119920 -0.180768 -0.114238 -0.365494 0.079708 0.089679 -0.421309 -0.464175 0.214519 -0.047652 -0.381224 -0.327621 -0.172079 -0.042160 -0.139074 -0.105072 0.005426 0.204629 -0.153790 -0.067167 -0.123981 -0.132912 -0.133976 -0.065457 0.228415 0.029763 0.034413 0.080737 0.106656 -0.216401 -0.090522 0.039668 0.061871 0.375907 0.151160 0.137428 0.273396 0.426203 0.078576 0.198486 -0.116760 0.146336 -0.158069 -0.302202 0.004113 -0.139218 -0.052236 -0.283222 0.096165 0.020438 0.112877 0.024477 0.032506 -0.102436 -0.090281 -0.055508 0.096012 0.140168 -0.162731 0.216618 -0.153744 0.022219 -0.258777 -0.017671 -0.184740 0.031367 -0.200433 -0.271634 -0.204189 -0.199241 -0.057965 -0.170032 0.059254 0.056250 0.056950 -0.020739 -0.127311 -0.057799 0.097413 0.069599 0.042425 0.011894 -0.143031 0.029651 -0.104965 -0.131368 -0.179500 -0.025274 -0.094647 -0.014390 0.066982 -0.220862
-0.036504 -0.195894 1.000000 0.393776 0.249573 0.463406 0.600646 0.200390 0.366150 0.289600 -0.022051 -0.227608 0.071515 -0.211647 0.275332 0.253456 -0.473527 -0.554532 0.314959 -0.152686 -0.098747 -0.116892 0.576645 0.488847 0.305530 0.293349 0.388529 0.514208 -0.465889 -0.636417 -0.065974 0.030035 -0.042815 -0.267442 0.254560 0.099635 -0.244278 -0.402569 0.093575 -0.079063 -0.556539 -0.366613 -0.020056 -0.096276 -0.088486 -0.112965 0.027325 -0.263416 -0.015368 -0.082410 0.135189 0.102598 -0.058777 0.055651 0.084700 -0.078556 -0.368969 -0.354180 0.182251 -0.063834 0.380721 -0.030669 -0.308422 -0.488499 0.566132 0.300620 0.334884 0.377303 -0.010848 0.176010 -0.324659 -0.186158 -0.524187 -0.471386 -0.435996 -0.448732 -0.479936 -0.474610 -0.308004 -0.168591 -0.449361 -0.566187 -0.179654 -0.276807 -0.047458 -0.340579 0.286240 0.145645 0.303988 0.308924 0.107489 0.329399 0.313430 0.395227 0.050083 -0.100929 0.168424 0.059086 -0.305236 -0.213275 -0.060233 0.067376 -0.025749 0.064226 0.015170 0.006995 0.025633 -0.073892 0.168191 -0.046500 0.118813 -0.347548 0.072356 -0.142085 -0.045221 -0.007213
-0.410213 0.001472 0.393776 1.000000 -0.154223 0.309581 0.283783 0.630697 0.136255 0.310242 -0.391624 -0.030463 -0.130589 -0.288557 -0.037334 0.095863 -0.483276 -0.485630 -0.097983 -0.230064 -0.105213 0.174065 0.280620 0.591889 0.139224 0.377138 0.047695 0.442769 -0.632996 -0.491882 0.264280 0.395279 -0.011261 0.103909 0.034381 0.147092 -0.367120 -0.188734 0.107739 0.028946 -0.506512 -0.276690 -0.129694 -0.142388 -0.109128 -0.001145 -0.063418 -0.090890 -0.138066 -0.094848 0.017239 -0.006664 -0.154644 0.066096 0.121200 -0.116298 -0.385898 -0.411690 -0.133219 -0.082179 0.189001 0.199900 -0.209639 -0.198222 0.360419 0.522806 -0.044362 0.213376 -0.323994 -0.014633 -0.304808 0.142484 -0.595686 -0.436516 -0.429798 -0.319285 -0.482650 -0.248155 -0.449167 -0.376043 -0.460725 -0.617327 -0.003322 -0.118556 -0.039742 -0.079992 0.315188 0.233226 0.315033 0.328675 0.145754 0.272376 0.408017 0.128754 -0.034176 -0.034426 0.014722 0.092944 -0.199387 -0.189700 -0.140375 -0.057350 0.110677 0.069283 0.164017 0.212147 0.059603 0.050562 0.008616 -0.142880 0.063065 -0.179054 0.077091 -0.144480 0.043575 0.088244
0.257390 0.018150 0.249573 -0.154223 1.000000 0.337118 0.437639 -0.014088 0.422174 0.403996 0.398491 -0.042795 -0.042292 0.140904 0.438975 0.291942 0.064403 -0.102907 0.255084 -0.062871 0.375925 -0.352068 -0.004874 -0.189541 0.115995 -0.063776 0.475055 -0.138802 0.084660 -0.039003 -0.193224 -0.272437 -0.118909 -0.132539 -0.363877 -0.281187 -0.054739 -0.022812 -0.063748 0.082531 0.075841 0.228380 -0.126605 -0.168644 0.201142 0.094449 0.045943 -0.089840 0.425696 0.382348 0.244181 0.464044 0.169891 0.138763 -0.069524 0.332268 0.005984 0.115862 0.044178 0.016894 0.187576 -0.037581 0.252199 -0.004077 -0.021261 -0.069684 -0.142959 -0.241187 0.069708 -0.185208 0.087655 -0.256563 0.050941 0.018256 0.012308 0.022622 0.051231 -0.112068 -0.191715 -0.272023 -0.010248 0.070424 -0.151370 0.131786 0.001550 -0.168128 -0.301729 -0.302275 -0.236985 0.009027 0.312996 0.112555 -0.084070 0.088545 -0.136658 -0.127952 -0.344270 -0.019357 0.286416 0.237549 0.136756 -0.085734 -0.014469 -0.175281 -0.057748 -0.100101 -0.387509 -0.033175 -0.083416 -0.049811 -0.116160 -0.007687 0.204050 0.044835 -0.006200 -0.180920
-0.053898 -0.045453 0.463406 0.309581 0.337118 1.000000 0.227922 0.188766 0.249572 0.518946 0.046888 -0.187905 0.030499 0.025294 0.205222 0.290982 -0.310113 -0.521862 0.071104 -0.299913 0.218749 0.043901 0.240224 0.285698 0.261911 0.334146 0.538300 0.432933 -0.458085 -0.327048 0.023862 -0.001304 -0.142118 -0.227031 -0.040387 0.033117 -0.172395 -0.030994 0.181197 -0.007035 -0.220217 -0.105833 -0.139181 -0.236819 -0.011956 0.012747 -0.071865 -0.146394 0.002585 0.055557 0.120255 0.132657 -0.005168 -0.018346 0.179087 0.035541 -0.308818 -0.331091 0.121909 0.072151 0.230940 0.158952 -0.167422 -0.282358 0.277788 0.386203 0.219074 0.276041 -0.176006 -0.018779 -0.095821 -0.156908 -0.446289 -0.354788 -0.318163 -0.348055 -0.327675 -0.135387 -0.304439 -0.326905 -0.255132 -0.420821 -0.144056 -0.160141 0.044306 -0.181217 0.092459 -0.100739 0.143063 0.267924 0.097553 0.187619 0.267618 0.243044 -0.058791 -0.020533 0.044778 0.073832 -0.092109 -0.090091 0.099896 -0.072771 0.068377 -0.002408 0.048096 0.039408 -0.020531 0.058495 0.141178 -0.022584 0.158484 -0.263000 0.172255 -0.238727 -0.051806 -0.061582
-0.031773 -0.031509 0.600646 0.283783 0.437639 0.227922 1.000000 0.535445 0.288868 0.348950 0.100582 0.059552 0.025023 -0.093398 0.166506 0.166065 -0.220947 -0.223172 0.213967 -0.113732 0.060721 -0.258876 0.119209 -0.018339 -0.065017 -0.109049 0.170688 -0.044258 -0.122210 -0.222058 -0.065637 -0.027425 0.040048 0.045361 -0.215471 -0.151844 -0.215765 -0.292187 -0.044437 -0.019867 -0.241827 -0.066770 -0.013163 -0.031541 0.142823 0.017024 0.035549 -0.149020 0.237352 0.189411 0.182295 0.245736 -0.012278 0.099524 -0.043390 0.130980 -0.322015 -0.201247 -0.042655 -0.109448 0.333349 0.078784 0.097472 -0.174435 0.198411 0.163783 -0.123179 -0.140419 -0.193643 -0.215809 -0.077873 -0.062452 -0.158377 -0.166474 -0.202921 -0.063507 -0.227641 -0.285570 -0.261368 -0.262010 -0.226132 -0.238975 -0.185798 0.203957 -0.042877 -0.170742 0.026113 0.073567 0.066594 0.065997 0.226282 0.189039 0.104933 0.118261 -0.121040 -0.173626 -0.117713 0.019836 0.052829 0.051798 -0.054564 -0.101988 0.051864 -0.072540 0.072787 0.015818 -0.225724 -0.111857 -0.092982 -0.044840 -0.110466 -0.049259 0.057698 -0.044862 0.054311 -0.132160
-0.311642 0.042277 0.200390 0.630697 -0.014088 0.188766 0.535445 1.000000 0.033258 0.413619 -0.298454 0.200611 -0.105050 -0.145114 -0.216554 -0.036011 -0.289115 -0.247651 -0.178532 -0.184891 0.059344 -0.023765 -0.182959 0.007415 -0.308137 -0.122758 -0.125110 -0.100339 -0.278072 -0.065370 0.189555 0.266433 0.097144 0.361421 -0.205049 0.039157 -0.226104 -0.197829 -0.067436 -0.073714 -0.279776 -0.056325 -0.134113 -0.140536 0.019162 0.062289 -0.018083 0.033791 0.027098 0.085683 -0.033639 0.010480 -0.118494 0.088662 0.028913 -0.081307 -0.384854 -0.403926 -0.152676 -0.074450 0.171834 0.302807 0.035364 -0.010352 -0.034289 0.326084 -0.240080 -0.125534 -0.540360 -0.399120 0.008504 0.175367 -0.220398 -0.167124 -0.209401 -0.104692 -0.205518 -0.020287 -0.267860 -0.335536 -0.214879 -0.278435 -0.068704 0.231187 -0.081388 -0.033932 0.166592 0.134416 0.166080 -0.041935 0.186290 0.041431 0.200993 -0.082067 -0.216701 -0.136294 -0.117083 -0.050810 0.012780 -0.006180 -0.110631 0.005406 0.193061 0.085642 0.162566 0.187001 0.035129 0.091249 -0.141071 -0.168705 -0.125091 0.025158 0.119123 -0.122848 -0.014132 -0.037041
-0.023385 -0.063117 0.366150 0.136255 0.422174 0.249572 0.288868 0.033258 1.000000 0.507691 0.040696 -0.198241 -0.104625 -0.048015 0.657321 0.475904 -0.380676 -0.419482 -0.041678 -0.322634 0.090541 -0.243164 0.225319 0.312623 0.170129 0.264044 0.374518 0.226485 -0.356480 -0.346229 -0.230985 -0.138577 0.170144 0.066463 -0.138901 -0.000742 -0.081410 0.089626 0.119248 0.152785 -0.100548 0.130075 -0.269112 -0.135249 0.242746 0.182031 0.267033 0.134628 0.407553 0.312241 0.338248 0.403642 0.150692 0.263556 0.091299 0.372882 -0.187854 -0.129044 0.154276 -0.073054 0.378225 -0.006754 0.051548 -0.086265 0.343570 0.232206 0.060016 0.090108 -0.053361 -0.139286 -0.347390 -0.312681 -0.380073 -0.303524 -0.239807 -0.295103 -0.190261 -0.094319 -0.580783 -0.344397 -0.437665 -0.286491 -0.304056 -0.142533 -0.095285 -0.343803 -0.136504 -0.310520 -0.009240 0.139164 0.343430 0.030446 0.012511 0.100555 -0.326081 -0.224236 0.107647 0.104160 0.333604 0.216590 -0.012161 -0.086472 -0.076607 -0.069919 -0.068493 -0.081304 -0.085901 0.252226 -0.074545 -0.046342 0.248952 -0.001738 0.110115 -0.090956 -0.190778 -0.317813
-0.031592 0.167582 0.289600 0.310242 0.403996 0.518946 0.348950 0.413619 0.507691 1.000000 -0.010888 -0.035903 -0.075216 0.078745 0.363168 0.463970 -0.363597 -0.493415 -0.123997 -0.391532 0.262055 -0.243789 -0.022206 0.123743 0.046102 0.168120 0.309204 0.052580 -0.427911 -0.200310 -0.142676 -0.141542 0.163373 0.147521 -0.341191 -0.076381 -0.092323 0.026724 0.083901 0.039897 -0.032674 0.235734 -0.362877 -0.310206 0.144578 0.116243 0.066720 0.052474 0.310650 0.290456 0.200164 0.276829 0.085686 0.154567 0.223375 0.314436 -0.284561 -0.316962 0.118887 0.017264 0.444863 0.277698 0.119099 -0.013753 0.180318 0.442098 -0.042918 -0.058322 -0.324984 -0.361834 -0.155468 -0.230191 -0.342073 -0.298661 -0.232688 -0.206176 -0.197225 -0.086366 -0.509958 -0.533481 -0.296501 -0.311685 -0.239849 0.121971 -0.017094 -0.281228 0.008690 -0.226992 0.066574 0.132371 0.168864 -0.071868 0.067408 -0.050830 -0.406399 -0.300066 -0.015357 0.009989 0.204419 0.209009 0.035311 -0.137735 0.017056 0.007406 0.069027 0.064412 -0.077742 0.272747 -0.280075 -0.130564 0.130165 0.000324 0.147854 -0.118213 -0.162327 -0.310971
0.503565 0.240088 -0.022051 -0.391624 0.398491 0.046888 0.100582 -0.298454 0.040696 -0.010888 1.000000 0.285495 0.298359 0.430569 0.423020 0.182756 0.164401 0.142508 0.438137 0.172377 0.022781 -0.192812 -0.005291 -0.347451 0.027408 -0.181185 0.171673 -0.206976 0.387857 0.116284 -0.259723 -0.272232 -0.276478 -0.284814 -0.173805 -0.147914 -0.028542 -0.146851 -0.346434 -0.125533 0.113408 0.034088 0.028359 0.109775 0.143826 0.037811 -0.128235 -0.225226 0.221546 0.164942 0.028240 0.207630 -0.145411 -0.236210 -0.243504 -0.010798 0.123657 0.165213 0.142872 0.041726 0.040436 -0.064773 0.183335 -0.090164 -0.034235 -0.070006 -0.053601 -0.108896 0.208125 0.031822 0.101800 -0.121772 0.262149 0.183906 0.210553 0.122607 0.213039 -0.010801 0.094350 0.043330 0.117267 0.158981 -0.001413 0.107400 0.090554 0.065328 -0.239120 -0.138398 -0.248245 -0.170243 0.037227 0.175650 -0.083008 0.205793 0.137637 0.085497 -0.208625 -0.131788 0.055973 -0.011074 0.261484 -0.141479 -0.091680 -0.216311 -0.101479 -0.190472 -0.251168 -0.302764 0.177395 0.046242 -0.272707 -0.107829 -0.043717 0.248661 0.046350 0.062374
-0.068050 0.123991 -0.227608 -0.030463 -0.042795 -0.187905 0.059552 0.200611 -0.198241 -0.035903 0.285495 1.000000 -0.218411 0.096171 -0.070754 -0.179800 0.034730 0.173798 0.021623 0.214872 0.077431 -0.029050 -0.056536 -0.262047 -0.126488 -0.240424 -0.212703 -0.214892 0.244205 0.338276 0.290837 0.246846 -0.213434 0.093284 -0.035949 0.050053 -0.138261 -0.063839 -0.351112 -0.128105 0.022686 0.063074 0.162972 0.200780 0.230827 0.211409 -0.134569 0.086433 0.003289 0.115868 0.005282 -0.015796 -0.299484 -0.200715 -0.346566 -0.160120 0.057234 -0.103437 -0.198181 -0.232561 -0.316244 -0.260829 0.135998 -0.181379 -0.105419 0.032611 -0.229464 0.017204 -0.177663 -0.127350 0.173473 0.313474 0.113310 0.263037 0.179764 0.300119 0.284633 0.313282 0.031044 0.039463 0.035672 0.040961 -0.032258 0.369069 -0.005776 0.458014 -0.181581 -0.120010 -0.299409 -0.390689 0.000540 -0.000909 0.080039 0.043995 0.107598 0.143464 -0.318414 -0.160860 -0.055667 -0.083187 0.108084 0.005631 -0.086527 -0.115472 -0.092036 -0.127163 -0.160094 -0.151063 -0.029798 0.113109 -0.240594 0.097243 -0.077530 0.180719 0.058965 0.039220
0.283520 0.400698 0.071515 -0.130589 -0.042292 0.030499 0.025023 -0.105050 -0.104625 -0.075216 0.298359 -0.218411 1.000000 0.638120 0.148539 0.280766 0.159953 0.180467 0.195087 0.039570 -0.387219 -0.083562 -0.149256 -0.129586 -0.073362 -0.131095 -0.058750 -0.171820 0.218653 -0.051828 -0.367875 -0.411105 0.049866 -0.339879 -0.257359 -0.298845 0.259221 -0.169101 -0.088809 -0.263386 0.005665 -0.147516 -0.010813 0.006873 -0.320424 -0.302509 -0.067229 -0.267232 0.045816 -0.201800 -0.031941 -0.047550 0.254477 -0.148800 0.134665 -0.029140 -0.197288 0.185429 0.368047 0.261741 0.318064 0.338592 -0.082609 0.063622 -0.130604 -0.101203 0.153264 -0.084223 0.074847 0.070516 -0.055004 -0.263780 0.217314 0.032379 0.042309 -0.084986 -0.062345 -0.387456 0.201521 0.118331 0.340592 0.243123 0.237775 0.089969 0.096852 -0.012939 0.064198 0.229661 0.071700 0.034506 -0.261375 -0.053249 -0.203771 -0.024954 0.153457 -0.138690 0.313314 0.034375 -0.049824 -0.132612 0.151432 -0.070894 -0.056379 -0.094076 -0.083210 -0.088760 0.158688 -0.178810 0.203113 -0.192655 -0.138024 -0.286673 -0.102090 -0.141590 -0.014997 0.037877
0.417792 0.498816 -0.211647 -0.288557 0.140904 0.025294 -0.093398 -0.145114 -0.048015 0.078745 0.430569 0.096171 0.638120 1.000000 0.177278 0.340457 0.382615 0.314324 0.104535 0.010710 -0.125136 -0.116727 -0.290716 -0.341316 -0.070348 -0.134928 -0.000306 -0.346370 0.358049 0.337415 -0.275336 -0.393884 -0.038929 -0.256811 -0.392597 -0.237840 0.165866 0.031264 -0.309803 -0.161591 0.250531 0.158722 -0.087884 -0.051335 -0.087017 -0.114641 -0.182385 -0.208972 0.168408 0.028183 -0.077793 0.073344 0.202659 -0.300577 -0.142425 -0.082738 0.199765 0.220170 0.357545 0.233004 0.194672 0.335570 0.131868 0.184043 -0.219654 -0.022345 -0.022355 -0.199642 0.025288 -0.076821 0.116149 -0.120523 0.403720 0.301980 0.325747 0.182418 0.236983 -0.125474 0.188774 -0.006747 0.425998 0.409215 0.075123 0.123584 0.024690 0.182425 -0.281214 -0.097944 -0.305358 -0.108923 -0.140763 -0.139085 -0.203742 -0.092814 0.076488 -0.033056 -0.083330 -0.108159 0.070439 -0.067894 0.242479 -0.221624 -0.087262 -0.214976 -0.148047 -0.212463 -0.110814 -0.187330 0.188945 -0.089204 -0.196604 -0.223520 -0.154373 -0.130281 -0.103710 -0.052141
0.144989 0.250599 0.275332 -0.037334 0.438975 0.205222 0.166506 -0.216554 0.657321 0.363168 0.423020 -0.070754 0.148539 0.177278 1.000000 0.608479 -0.335951 -0.301696 0.198026 -0.155926 0.047200 -0.291853 0.272994 0.200505 0.313533 0.257808 0.347183 0.150723 -0.134506 -0.270245 -0.366463 -0.297532 -0.051414 -0.150536 -0.135038 -0.078365 -0.110785 0.034814 -0.088775 0.024901 -0.090913 0.156982 -0.187139 -0.132355 0.070461 0.020088 0.187359 0.008130 0.420277 0.220643 0.342048 0.430028 0.107754 0.177843 -0.016598 0.210413 -0.111403 0.134934 0.217006 -0.002584 0.336453 -0.001287 -0.057490 -0.124062 0.374080 0.158318 0.026507 0.075253 0.137458 0.064397 -0.246189 -0.390815 -0.271071 -0.163324 -0.081618 -0.239634 -0.082132 -0.071982 -0.420656 -0.158523 -0.296744 -0.116485 -0.223788 -0.051664 -0.003245 -0.224039 -0.248064 -0.294201 -0.090437 0.115954 0.175738 0.027404 -0.092941 0.129820 -0.170849 -0.179842 0.066958 0.122462 0.232721 0.072361 0.114248 -0.069802 -0.017848 -0.182671 -0.176581 -0.230805 -0.153592 0.074009 0.007832 -0.036994 0.138633 -0.066323 -0.041426 -0.012691 -0.110402 -0.280511
0.159556 0.272406 0.253456 0.095863 0.291942 0.290982 0.166065 -0.036011 0.475904 0.463970 0.182756 -0.179800 0.280766 0.340457 0.608479 1.000000 -0.295565 -0.364835 0.134691 -0.152763 -0.031463 -0.214457 0.079918 0.153308 0.132310 0.152568 0.214418 0.013601 -0.185462 -0.138109 -0.377512 -0.328219 0.003022 -0.191676 -0.239308 -0.168884 -0.123478 -0.047397 -0.080636 -0.087341 -0.117984 0.165443 -0.296794 -0.244533 -0.031658 -0.087314 0.144614 -0.075678 0.398293 0.184623 0.235138 0.302715 0.298859 0.078210 0.200847 0.180549 -0.178358 -0.186212 0.354862 0.074637 0.467533 0.297473 -0.073736 -0.098409 0.212778 0.274134 0.006809 -0.058677 -0.094039 -0.088624 -0.129997 -0.434990 -0.220827 -0.208366 -0.061415 -0.215097 -0.124370 -0.168970 -0.313016 -0.215375 -0.216204 -0.187736 -0.201120 0.082788 -0.007439 -0.296152 -0.040801 -0.202398 0.133553 0.226453 0.031875 -0.204032 -0.063288 -0.147092 -0.186958 -0.293048 0.127412 0.070116 0.010344 -0.051704 -0.007364 -0.040290 -0.038205 0.061699 0.021717 0.010715 -0.001316 0.192004 -0.038188 -0.259617 -0.014000 -0.221432 -0.101557 -0.184975 -0.000470 -0.188566
0.269572 0.031009 -0.473527 -0.483276 0.064403 -0.310113 -0.220947 -0.289115 -0.380676 -0.363597 0.164401 0.034730 0.159953 0.382615 -0.335951 -0.295565 1.000000 0.746544 0.093397 0.298614 0.083156 -0.004770 -0.430713 -0.551550 -0.277172 -0.355834 -0.086289 -0.347831 0.703812 0.491669 0.004173 -0.163516 0.066050 -0.018684 -0.250803 -0.295104 0.359368 0.203613 -0.102474 0.081462 0.472715 0.234898 0.238387 0.061723 -0.112332 -0.163889 -0.247129 -0.218900 -0.194136 -0.147179 -0.201527 -0.199745 0.193631 -0.236914 -0.291824 -0.051503 0.556536 0.439280 -0.176099 0.115862 -0.294156 -0.028942 0.376911 0.403765 -0.509356 -0.490343 -0.148519 -0.374251 0.300296 -0.053557 0.457196 0.257845 0.771472 0.664664 0.559687 0.575997 0.551898 0.171104 0.635611 0.213279 0.693746 0.626253 0.418380 0.173179 0.234876 0.425512 -0.312868 -0.037142 -0.480771 -0.252800 -0.059940 -0.012460 -0.149230 -0.132976 0.146246 0.252995 -0.303300 -0.082589 0.116574 0.123977 0.184226 -0.215255 -0.098106 -0.287282 -0.218538 -0.250235 -0.285260 -0.372565 0.036336 0.112881 -0.193944 0.152483 0.110609 0.100814 0.009783 0.102940
0.212048 0.107710 -0.554532 -0.485630 -0.102907 -0.521862 -0.223172 -0.247651 -0.419482 -0.493415 0.142508 0.173798 0.180467 0.314324 -0.301696 -0.364835 0.746544 1.000000 0.193042 0.532054 -0.044525 -0.057703 -0.438408 -0.627043 -0.408874 -0.564406 -0.215560 -0.526106 0.816949 0.660349 -0.016279 -0.154568 -0.007384 -0.006206 -0.064228 -0.204913 0.293306 -0.018610 -0.321413 -0.107779 0.315089 0.033556 0.323597 0.195357 -0.201740 -0.270151 0.019559 -0.048610 -0.146695 -0.209813 -0.267639 -0.193639 0.081067 -0.130115 -0.360409 -0.175087 0.414843 0.540616 -0.109705 0.203953 -0.315892 0.077163 0.237436 0.452254 -0.581884 -0.609442 -0.283367 -0.457493 0.253958 0.110314 0.359990 0.147432 0.790038 0.602392 0.432179 0.460799 0.509210 0.199077 0.686562 0.596946 0.569544 0.759634 0.251946 0.240717 -0.019298 0.332997 -0.273290 0.004021 -0.380556 -0.366252 -0.044995 -0.077735 -0.203898 -0.186303 0.218652 0.179534 -0.190808 -0.201438 0.040518 -0.020584 0.138765 -0.095568 0.021619 -0.163522 -0.204342 -0.232689 -0.101434 -0.402732 0.055039 0.033157 -0.418091 0.083368 -0.033090 0.286065 0.060434 0.138690
0.498005 0.066625 0.314959 -0.097983 0.255084 0.071104 0.213967 -0.178532 -0.041678 -0.123997 0.438137 0.021623 0.195087 0.104535 0.198026 0.134691 0.093397 0.193042 1.000000 0.558465 -0.033419 -0.273538 0.055391 -0.238543 -0.057398 -0.255831 0.348420 -0.013644 0.294790 0.038514 -0.151542 -0.186509 -0.208960 -0.431488 0.180560 -0.130593 -0.148130 -0.463137 -0.301481 -0.167830 -0.233775 -0.351148 0.178981 -0.057964 -0.269483 -0.395602 -0.111995 -0.538917 -0.083261 -0.162665 -0.057818 0.047782 -0.019640 -0.123572 -0.241317 -0.228116 0.144578 0.103764 0.192399 0.230536 0.077359 0.033013 0.005573 -0.119851 -0.060360 -0.306508 0.113596 -0.092993 0.382866 0.314281 0.059395 -0.154475 0.207559 0.027777 -0.048648 0.025117 0.028064 -0.322365 0.238040 0.310328 -0.005312 0.019208 -0.058994 0.017391 -0.189873 -0.174774 -0.011244 0.188395 -0.028441 0.029930 -0.023548 0.308986 0.211936 0.367864 0.351652 0.193379 -0.176502 -0.180149 -0.234677 -0.219640 0.102160 -0.018721 0.043357 0.023865 -0.011486 -0.060134 -0.260154 -0.525342 0.351496 -0.020826 -0.497088 -0.434010 0.039845 0.308896 0.172003 0.227484
0.268669 0.107298 -0.152686 -0.230064 -0.062871 -0.299913 -0.113732 -0.184891 -0.322634 -0.391532 0.172377 0.214872 0.039570 0.010710 -0.155926 -0.152763 0.298614 0.532054 0.558465 1.000000 -0.133353 -0.209605 -0.181829 -0.412245 -0.319740 -0.585170 -0.121655 -0.298936 0.513553 0.367980 -0.066892 -0.098894 -0.140502 -0.241594 0.164857 -0.209654 -0.049648 -0.312445 -0.447322 -0.332857 -0.152249 -0.208110 0.316394 0.260731 -0.195317 -0.301124 0.131228 -0.095191 -0.107112 -0.133902 -0.135909 -0.059073 -0.077641 -0.077303 -0.373411 -0.293513 0.122333 0.171720 -0.019053 0.222889 -0.410310 -0.062500 -0.099420 0.011643 -0.447328 -0.573041 -0.128669 -0.159420 0.394890 0.383989 0.343172 0.076547 0.431892 0.325769 0.222873 0.282385 0.286469 0.092915 0.517330 0.608094 0.226526 0.314473 0.077086 0.282661 -0.147300 0.116335 -0.098307 0.192934 -0.154798 -0.231144 0.064681 -0.007547 0.001774 -0.018348 0.341365 0.245026 -0.034685 -0.133929 -0.282044 -0.259590 0.138123 0.187080 0.047399 0.031719 -0.173509 -0.181338 -0.051542 -0.394030 0.151557 -0.107955 -0.522714 -0.156084 -0.098558 0.386786 0.139102 0.229521
0.071839 -0.093046 -0.098747 -0.105213 0.375925 0.218749 0.060721 0.059344 0.090541 0.262055 0.022781 0.077431 -0.387219 -0.125136 0.047200 -0.031463 0.083156 -0.044525 -0.033419 -0.133353 1.000000 -0.289553 -0.162381 -0.205373 0.137679 0.117440 0.363249 -0.099161 0.019948 0.156713 0.172387 -0.001934 0.034065 0.257974 -0.085619 0.127172 0.007931 0.223554 0.128620 0.304303 0.250732 0.412296 -0.019926 -0.175412 0.175628 0.184934 -0.178457 -0.031728 0.122306 0.200260 0.110826 0.100853 -0.035744 0.087220 -0.074158 0.184827 0.117765 0.008652 -0.254608 -0.193512 -0.104195 -0.133248 0.060911 0.067958 -0.061955 0.061980 -0.185253 -0.117989 -0.070081 -0.314476 0.274735 -0.085056 0.114213 -0.012732 0.064979 0.177065 0.143908 0.220624 -0.045575 -0.216663 -0.025864 0.062683 -0.072111 0.080209 0.002047 0.032838 -0.202736 -0.301029 -0.196491 -0.126632 0.309480 0.056182 0.107104 0.064040 -0.261093 0.136082 -0.478629 -0.063356 0.194536 0.272362 0.074245 -0.132968 -0.109308 -0.107147 0.010887 0.015091 -0.305728 0.049238 -0.172966 0.313279 0.149085 0.323356 0.152690 0.109482 0.097933 -0.125250
-0.420570 -0.138099 -0.116892 0.174065 -0.352068 0.043901 -0.258876 -0.023765 -0.243164 -0.243789 -0.192812 -0.029050 -0.083562 -0.116727 -0.291853 -0.214457 -0.004770 -0.057703 -0.273538 -0.209605 -0.289553 1.000000 0.303229 0.324711 0.097366 0.280523 -0.102377 0.270484 -0.189418 -0.072613 0.330834 0.365654 -0.299697 -0.068923 0.165365 0.230485 -0.117706 0.081898 0.265004 0.222436 -0.017548 -0.156093 0.029370 0.041285 -0.015233 0.081080 -0.121042 0.021244 -0.306363 -0.107647 -0.255833 -0.205214 -0.130734 -0.171575 0.046297 -0.078540 -0.015961 -0.048361 -0.195303 -0.305374 -0.316752 -0.196672 -0.281003 -0.294148 0.248885 0.201918 -0.191227 0.099148 -0.029968 0.216055 -0.012218 0.414713 -0.205642 0.105840 0.012167 0.023095 -0.023793 0.029111 0.069049 -0.034904 0.033043 -0.194321 0.329159 -0.167486 0.231850 0.158359 0.208664 0.349335 0.141058 0.206261 -0.000540 0.373199 0.269167 0.272055 0.366264 0.247470 0.055950 0.201274 -0.208702 -0.086082 -0.216045 0.018584 0.229342 0.175635 0.212410 0.201797 0.041388 -0.057756 0.200596 0.084499 0.050397 0.024190 0.085028 -0.056801 0.270942 0.232870
-0.367327 -0.314929 0.576645 0.280620 -0.004874 0.240224 0.119209 -0.182959 0.225319 -0.022206 -0.005291 -0.056536 -0.149256 -0.290716 0.272994 0.079918 -0.430713 -0.438408 0.055391 -0.181829 -0.162381 0.303229 1.000000 0.736403 0.695856 0.634975 0.263162 0.689872 -0.422162 -0.521713 0.375476 0.472564 -0.299904 -0.211145 0.461641 0.283700 -0.312521 -0.211863 0.039084 0.101640 -0.495626 -0.355237 0.216092 0.154218 0.043292 0.061379 0.043244 -0.129604 -0.147804 -0.083122 0.176807 0.108834 -0.149960 0.029890 -0.052486 -0.121019 -0.277009 -0.214501 -0.097397 -0.303229 -0.097289 -0.432274 -0.393135 -0.615283 0.778396 0.274023 0.131199 0.457872 0.130918 0.435907 -0.320465 0.119151 -0.581688 -0.308983 -0.344502 -0.265249 -0.343652 -0.256202 -0.159355 0.002670 -0.400025 -0.469027 0.024535 -0.414149 0.100455 -0.094222 0.236096 0.133615 0.190979 0.200817 0.088334 0.423238 0.288975 0.429935 0.373109 0.268816 0.132097 0.192671 -0.410417 -0.308359 -0.031004 -0.027106 -0.112988 -0.061081 -0.002118 -0.033616 -0.018802 -0.212378 0.320092 0.239478 0.254780 -0.211507 -0.059172 -0.049934 0.136951 0.160266
-0.419762 -0.215312 0.488847 0.591889 -0.189541 0.285698 -0.018339 0.007415 0.312623 0.123743 -0.347451 -0.262047 -0.129586 -0.341316 0.200505 0.153308 -0.551550 -0.627043 -0.238543 -0.412245 -0.205373 0.324711 0.736403 1.000000 0.616227 0.752139 0.165094 0.791969 -0.735278 -0.689580 0.214850 0.389764 -0.001020 -0.041676 0.326838 0.269831 -0.302524 -0.047085 0.239592 0.090098 -0.435299 -0.257558 -0.081420 -0.063749 -0.022185 0.085652 0.057178 0.024602 -0.096282 -0.093918 0.153357 0.023204 -0.079446 0.098380 0.172449 -0.059294 -0.292039 -0.303420 -0.012947 -0.186391 0.129411 -0.165833 -0.375307 -0.398924 0.702892 0.460098 0.261529 0.539665 -0.060763 0.266133 -0.483941 0.017643 -0.774106 -0.489525 -0.453362 -0.480876 -0.550535 -0.260685 -0.457247 -0.225821 -0.553820 -0.634251 -0.044326 -0.485339 0.037207 -0.175044 0.303946 0.097559 0.296890 0.398854 0.083074 0.255811 0.268714 0.253851 0.047919 -0.011062 0.258367 0.202329 -0.255151 -0.242359 -0.114054 0.008019 -0.042646 0.053893 0.035885 0.094700 0.178338 0.173538 0.075853 0.001844 0.413903 -0.185654 0.031523 -0.221739 -0.061355 0.007759
-0.130623 -0.119920 0.305530 0.139224 0.115995 0.261911 -0.065017 -0.308137 0.170129 0.046102 0.027408 -0.126488 -0.073362 -0.070348 0.313533 0.132310 -0.277172 -0.408874 -0.057398 -0.319740 0.137679 0.097366 0.695856 0.616227 1.000000 0.809707 0.296194 0.565919 -0.343209 -0.401791 0.315711 0.265884 -0.118560 -0.105145 0.269253 0.231209 -0.218570 -0.042284 0.061182 0.134620 -0.209505 -0.026539 0.049576 0.072758 0.089442 0.129052 -0.172241 -0.155098 -0.048309 -0.084295 0.237887 0.060167 -0.066694 -0.026864 -0.029850 -0.046281 -0.047456 -0.024686 -0.065927 -0.210665 -0.026576 -0.391668 -0.217927 -0.348392 0.640538 0.241158 0.209797 0.402873 0.171087 0.240786 -0.196378 -0.038197 -0.392916 -0.199443 -0.205866 -0.186547 -0.309743 -0.205854 -0.193023 -0.141501 -0.236385 -0.224002 -0.101320 -0.351452 0.064039 0.020976 -0.020673 -0.081367 -0.029325 0.144472 -0.049327 0.207919 0.084164 0.250674 0.238525 0.194487 -0.024244 0.158313 -0.201437 -0.243148 0.048967 -0.076229 -0.129401 -0.125422 -0.033045 -0.032499 -0.175221 -0.120043 0.300017 0.354305 0.377390 -0.180158 -0.060587 -0.131304 -0.003188 -0.006936
-0.261571 -0.180768 0.293349 0.377138 -0.063776 0.334146 -0.109049 -0.122758 0.264044 0.168120 -0.181185 -0.240424 -0.131095 -0.134928 0.257808 0.152568 -0.355834 -0.564406 -0.255831 -0.585170 0.117440 0.280523 0.634975 0.752139 0.809707 1.000000 0.265836 0.689487 -0.604587 -0.561147 0.344531 0.383756 -0.059777 0.062575 0.227590 0.392515 -0.213596 0.128498 0.287087 0.276751 -0.175642 -0.052757 -0.052303 -0.046073 0.062998 0.199591 -0.169121 -0.088162 -0.092180 -0.082858 0.161132 0.029011 -0.060156 -0.006934 0.136547 0.011519 -0.078633 -0.182303 -0.073481 -0.267601 0.095888 -0.295693 -0.256661 -0.340930 0.688050 0.492146 0.194124 0.453615 0.023094 0.150267 -0.336114 0.033725 -0.588102 -0.350544 -0.324881 -0.271970 -0.403861 -0.200782 -0.378123 -0.370110 -0.381858 -0.440420 0.005058 -0.433819 0.084893 -0.051998 0.137385 -0.057744 0.126537 0.266791 -0.002016 0.259377 0.219750 0.285874 0.105832 0.145665 0.033769 0.228551 -0.148510 -0.131889 -0.016653 -0.164613 -0.107011 -0.098286 0.070426 0.070432 -0.038698 0.068624 0.254194 0.282298 0.536156 -0.068470 0.020062 -0.291408 -0.009272 0.017359
0.115615 -0.114238 0.388529 0.047695 0.475055 0.538300 0.170688 -0.125110 0.374518 0.309204 0.171673 -0.212703 -0.058750 -0.000306 0.347183 0.214418 -0.086289 -0.215560 0.348420 -0.121655 0.363249 -0.102377 0.263162 0.165094 0.296194 0.265836 1.000000 0.401102 -0.121576 -0.200726 0.011067 -0.084990 -0.136903 -0.219380 0.041518 -0.000762 -0.096134 -0.086346 0.159583 0.255487 -0.038866 -0.070119 0.018988 -0.271698 -0.101707 -0.169648 -0.066157 -0.314871 0.071613 0.012419 0.047130 0.242622 0.053729 0.152342 -0.009059 0.171298 -0.006613 0.024338 -0.035471 -0.039723 0.136017 -0.038664 -0.064326 -0.136517 0.256899 0.011848 0.013406 -0.035556 0.167284 0.113924 -0.116118 -0.264261 -0.197591 -0.194399 -0.164973 -0.174940 -0.156615 -0.236870 -0.136642 -0.161557 -0.154664 -0.145407 -0.042162 -0.188524 -0.009724 -0.221552 -0.009600 -0.122671 -0.011634 0.197226 0.171895 0.370355 0.240626 0.364093 0.007637 0.161363 -0.206774 0.025953 -0.002005 0.076011 0.033378 -0.207266 0.034419 0.007312 0.091595 0.039528 -0.284679 -0.198432 0.256711 0.115359 -0.025511 -0.289359 0.369942 0.043931 0.094788 -0.097222
-0.336685 -0.365494 0.514208 0.442769 -0.138802 0.432933 -0.044258 -0.100339 0.226485 0.052580 -0.206976 -0.214892 -0.171820 -0.346370 0.150723 0.013601 -0.347831 -0.526106 -0.013644 -0.298936 -0.099161 0.270484 0.689872 0.791969 0.565919 0.689487 0.401102 1.000000 -0.607148 -0.681701 0.243455 0.366278 -0.121788 -0.170834 0.428389 0.294485 -0.173314 -0.055787 0.272718 0.179806 -0.363960 -0.291081 0.069331 -0.065436 -0.128222 -0.019530 -0.120248 -0.190113 -0.337707 -0.252577 0.101213 -0.086660 -0.165073 0.036380 0.154343 -0.136598 -0.184840 -0.246973 -0.123703 -0.138385 0.022052 -0.238582 -0.302966 -0.408490 0.654863 0.317240 0.374550 0.614467 0.131290 0.400044 -0.379392 0.088726 -0.673138 -0.401959 -0.429639 -0.384677 -0.452248 -0.213887 -0.252882 -0.152894 -0.451661 -0.598212 0.099383 -0.501923 0.179633 -0.064742 0.335574 0.098408 0.290342 0.357731 0.001330 0.433382 0.402178 0.444228 0.134413 0.218245 0.117416 0.176453 -0.257819 -0.258279 -0.014033 -0.141862 -0.038902 -0.034826 0.007925 0.035472 0.055497 -0.091958 0.268950 0.147102 0.358213 -0.218534 0.128312 -0.194482 -0.052245 0.177367
0.341229 0.079708 -0.465889 -0.632996 0.084660 -0.458085 -0.122210 -0.278072 -0.356480 -0.427911 0.387857 0.244205 0.218653 0.358049 -0.134506 -0.185462 0.703812 0.816949 0.294790 0.513553 0.019948 -0.189418 -0.422162 -0.735278 -0.343209 -0.604587 -0.121576 -0.607148 1.000000 0.709840 -0.054930 -0.209445 -0.044682 -0.005796 -0.130026 -0.228719 0.297862 -0.042119 -0.399403 -0.176014 0.399620 0.138439 0.271451 0.176040 -0.056978 -0.165251 -0.008948 -0.117308 -0.026530 -0.086537 -0.228302 -0.111174 0.087687 -0.126479 -0.414866 -0.133713 0.383064 0.422355 -0.021039 0.133219 -0.256418 -0.002275 0.312175 0.336607 -0.536689 -0.591100 -0.217800 -0.448555 0.228636 -0.045328 0.473913 0.071383 0.889390 0.636760 0.566612 0.511319 0.604200 0.228690 0.693544 0.497482 0.658215 0.769485 0.207311 0.366302 0.046309 0.320337 -0.371186 -0.085692 -0.430549 -0.447247 -0.136043 -0.156869 -0.318141 -0.225777 0.177487 0.152671 -0.249467 -0.220742 0.079251 -0.001413 0.241131 -0.059193 -0.088167 -0.204502 -0.244268 -0.292475 -0.190035 -0.424792 0.093267 0.059241 -0.410676 0.030531 -0.041064 0.264164 -0.019211 0.032666
0.164988 0.089679 -0.636417 -0.491882 -0.039003 -0.327048 -0.222058 -0.065370 -0.346229 -0.200310 0.116284 0.338276 -0.051828 0.337415 -0.270245 -0.138109 0.491669 0.660349 0.038514 0.367980 0.156713 -0.072613 -0.521713 -0.689580 -0.401791 -0.561147 -0.200726 -0.681701 0.709840 1.000000 0.041254 -0.132958 -0.068006 0.091302 -0.182444 -0.118727 0.222694 0.099778 -0.395854 -0.162213 0.434130 0.246292 0.056146 0.008139 0.059628 -0.043174 0.070629 0.122026 0.074154 0.135719 -0.161001 -0.073531 0.132984 -0.046819 -0.314205 -0.118385 0.338795 0.235239 0.013136 0.130249 -0.317508 0.114976 0.236981 0.344148 -0.573756 -0.365359 -0.313259 -0.421184 -0.109276 -0.233879 0.496930 0.069257 0.721572 0.628463 0.579586 0.497946 0.638159 0.467240 0.483821 0.377742 0.548158 0.665680 -0.012850 0.321919 -0.045541 0.276203 -0.338394 -0.161091 -0.407174 -0.398929 -0.059386 -0.327154 -0.258170 -0.362108 0.006342 0.018674 -0.274940 -0.364860 0.112178 0.048416 0.126475 0.110354 0.005211 -0.063906 -0.191726 -0.217831 -0.052679 -0.097571 -0.073940 -0.039577 -0.375814 0.101254 -0.060038 0.241012 -0.021386 -0.091034
-0.454060 -0.421309 -0.065974 0.264280 -0.193224 0.023862 -0.065637 0.189555 -0.230985 -0.142676 -0.259723 0.290837 -0.367875 -0.275336 -0.366463 -0.377512 0.004173 -0.016279 -0.151542 -0.066892 0.172387 0.330834 0.375476 0.214850 0.315711 0.344531 0.011067 0.243455 -0.054930 0.041254 1.000000 0.863069 -0.257067 0.252537 0.310624 0.365264 -0.176030 -0.059842 -0.015835 0.078977 -0.163615 -0.192563 0.350297 0.285859 0.176249 0.250681 -0.236406 -0.083441 -0.294293 -0.043567 -0.077832 -0.101978 -0.303125 -0.129250 -0.197794 -0.203819 -0.080755 -0.254333 -0.362532 -0.255628 -0.479805 -0.425262 -0.149058 -0.293628 0.185151 0.055373 -0.120254 0.168003 -0.113644 0.073940 0.173775 0.566021 -0.082474 0.083087 -0.098261 0.218442 -0.043142 0.087627 0.178857 -0.000560 -0.039554 -0.123969 0.267240 -0.037950 -0.002036 0.236996 0.130691 0.140687 -0.020546 -0.197520 -0.019599 0.266303 0.180665 0.150258 0.324613 0.472024 -0.260016 0.062824 -0.298411 -0.181644 0.103589 -0.217449 -0.065544 -0.159273 0.092347 0.081219 -0.130841 -0.320356 0.283242 0.406487 0.084115 0.018687 -0.026939 -0.026847 0.172530 0.339041
-0.541007 -0.464175 0.030035 0.395279 -0.272437 -0.001304 -0.027425 0.266433 -0.138577 -0.141542 -0.272232 0.246846 -0.411105 -0.393884 -0.297532 -0.328219 -0.163516 -0.154568 -0.186509 -0.098894 -0.001934 0.365654 0.472564 0.389764 0.265884 0.383756 -0.084990 0.366278 -0.209445 -0.132958 0.863069 1.000000 -0.195304 0.347516 0.347878 0.399742 -0.286318 -0.088723 -0.032011 0.066731 -0.267986 -0.279159 0.283606 0.254390 0.178892 0.273528 -0.125261 -0.026586 -0.253527 -0.004746 -0.075570 -0.068862 -0.347366 -0.068195 -0.182857 -0.284695 -0.187769 -0.373776 -0.309033 -0.253112 -0.410394 -0.408853 -0.157937 -0.353952 0.275679 0.148524 -0.091360 0.240169 -0.125491 0.116630 0.047637 0.607005 -0.282464 -0.038506 -0.206976 0.064066 -0.127327 0.101409 0.064949 -0.041819 -0.208539 -0.284484 0.233715 -0.135685 -0.013922 0.142072 0.214069 0.172076 0.079965 -0.162172 0.014344 0.259090 0.210518 0.132939 0.243207 0.397615 -0.171134 0.067181 -0.310907 -0.243593 0.036377 -0.165456 -0.052511 -0.092635 0.101690 0.106718 -0.058755 -0.242097 0.217468 0.280027 0.129256 0.001921 0.004344 -0.047234 0.088617 0.353672
0.139267 0.214519 -0.042815 -0.011261 -0.118909 -0.142118 0.040048 0.097144 0.170144 0.163373 -0.276478 -0.213434 0.049866 -0.038929 -0.051414 0.003022 0.066050 -0.007384 -0.208960 -0.140502 0.034065 -0.299697 -0.299904 -0.001020 -0.118560 -0.059777 -0.136903 -0.121788 -0.044682 -0.068006 -0.257067 -0.195304 1.000000 0.562332 -0.218971 -0.115926 0.033424 0.125762 0.118695 0.023840 0.156450 0.306932 -0.340009 -0.235638 -0.033495 -0.046272 -0.074490 0.014223 0.063706 -0.077679 -0.007452 -0.149181 0.055092 -0.033928 0.131934 0.146054 0.046564 0.012872 0.136120 0.085677 0.403606 0.236062 0.341382 0.391887 -0.119990 0.016346 0.192764 -0.094433 -0.042390 -0.404420 -0.118742 -0.185223 0.118033 -0.063677 0.026433 -0.035790 0.031002 0.016051 -0.168829 -0.153858 -0.031564 0.078161 -0.179194 0.061258 -0.209159 -0.126568 -0.035011 -0.050744 -0.093656 -0.053534 -0.272878 -0.433298 -0.288047 -0.331856 -0.394930 -0.257415 0.192824 0.017962 0.158749 0.138236 -0.188136 -0.006022 -0.081088 0.144228 0.057229 0.111716 0.018085 0.286667 -0.321800 -0.106367 0.207796 0.069964 0.108163 -0.138444 -0.231779 -0.395456
-0.171798 -0.047652 -0.267442 0.103909 -0.132539 -0.227031 0.045361 0.361421 0.066463 0.147521 -0.284814 0.093284 -0.339879 -0.256811 -0.150536 -0.191676 -0.018684 -0.006206 -0.431488 -0.241594 0.257974 -0.068923 -0.211145 -0.041676 -0.105145 0.062575 -0.219380 -0.170834 -0.005796 0.091302 0.252537 0.347516 0.562332 1.000000 -0.079578 0.302393 -0.160346 0.144728 0.045064 0.098452 0.200011 0.313233 -0.172244 -0.051872 0.303294 0.357518 -0.061668 0.233321 0.105813 0.138043 -0.133185 -0.089217 -0.224366 0.036310 -0.055354 0.028440 0.037097 -0.104548 -0.212216 -0.234097 0.062090 -0.053674 0.314957 0.244830 -0.063025 0.150272 -0.176970 -0.143554 -0.260190 -0.488703 -0.011934 0.134107 0.060441 -0.010992 0.043378 0.105709 0.115192 0.301900 -0.166500 -0.265399 -0.132692 0.046944 -0.069080 0.175363 -0.145219 -0.025685 -0.111677 -0.163483 -0.135065 -0.376294 -0.053461 -0.293348 -0.231384 -0.339734 -0.343121 -0.022305 -0.088399 0.026265 0.188594 0.138429 -0.130829 -0.047880 -0.036237 0.029690 0.091855 0.142942 -0.110366 0.200674 -0.263354 0.142816 0.218019 0.358097 0.082820 -0.088808 -0.144662 -0.194023
-0.125682 -0.381224 0.254560 0.034381 -0.363877 -0.040387 -0.215471 -0.205049 -0.138901 -0.341191 -0.173805 -0.035949 -0.257359 -0.392597 -0.135038 -0.239308 -0.250803 -0.064228 0.180560 0.164857 -0.085619 0.165365 0.461641 0.326838 0.269253 0.227590 0.041518 0.428389 -0.130026 -0.182444 0.310624 0.347878 -0.218971 -0.079578 1.000000 0.662913 -0.174552 -0.326919 -0.049684 -0.202573 -0.354397 -0.462088 0.316928 0.188009 -0.006809 0.040151 0.052511 -0.035473 -0.363831 -0.251603 -0.246473 -0.269497 -0.332672 -0.053391 -0.098482 -0.448476 0.020474 -0.131532 0.007212 -0.072944 -0.162921 -0.253264 -0.389274 -0.376452 0.307677 0.065921 0.349708 0.528265 0.155318 0.524770 -0.246528 0.072595 -0.259118 -0.310339 -0.285780 -0.279090 -0.215612 -0.054199 0.182211 0.402688 -0.340190 -0.273451 -0.039973 -0.468269 -0.132194 -0.099149 0.223591 0.114375 0.224486 -0.039535 -0.079444 0.219779 0.234072 0.319045 0.334659 0.289157 0.123011 -0.062700 -0.492011 -0.426526 -0.020152 0.135647 -0.044013 0.110072 -0.052822 -0.000451 0.224926 -0.194155 0.280985 0.148250 0.051969 -0.175610 -0.137463 0.078431 0.003231 0.316733
-0.190653 -0.327621 0.099635 0.147092 -0.281187 0.033117 -0.151844 0.039157 -0.000742 -0.076381 -0.147914 0.050053 -0.298845 -0.237840 -0.078365 -0.168884 -0.295104 -0.204913 -0.130593 -0.209654 0.127172 0.230485 0.283700 0.269831 0.231209 0.392515 -0.000762 0.294485 -0.228719 -0.118727 0.365264 0.399742 -0.115926 0.302393 0.662913 1.000000 -0.194944 -0.098978 -0.005791 -0.100067 -0.110671 -0.145985 0.002549 0.074055 0.292925 0.408909 -0.064921 0.081218 -0.165651 0.005525 -0.341072 -0.172654 -0.348252 -0.031017 -0.070200 -0.317900 0.035857 -0.196915 0.035418 -0.224232 -0.088515 -0.244240 -0.307680 -0.290278 0.296529 0.356508 0.221181 0.481654 -0.148443 0.118139 -0.225305 0.128952 -0.262324 -0.225704 -0.137254 -0.197494 -0.111184 0.073915 -0.094074 0.017534 -0.359254 -0.270373 -0.038080 -0.388865 -0.171499 -0.152569 0.113435 -0.063498 0.095148 -0.210567 -0.002871 0.182271 0.224871 0.235755 0.076517 0.178985 -0.039527 -0.035607 -0.238176 -0.199030 -0.040768 0.066671 -0.088755 0.047092 0.009560 0.042771 0.147004 0.018507 0.227116 0.202836 0.215717 -0.021217 -0.073853 -0.030034 -0.056756 0.188116
