1.000000 0.148123 0.061231 -0.285538 -0.022298 -0.170865 0.239105 -0.253095 -0.310723 -0.117901 0.352963 -0.039798 0.080628 -0.188493 -0.117683 -0.197576 0.147800 -0.060447 0.173505 0.201813 0.102704 0.229824 0.076035 -0.059019 0.055745 -0.138160 0.156111 0.183454 0.030786 -0.137889 -0.081969 -0.154878 -0.007696 -0.234841 -0.011373 -0.392209 -0.184511 -0.149801 -0.201207 -0.002623 -0.082796 -0.145657 0.090289 -0.053516 -0.192837 -0.307707 0.056171 -0.080198 0.156299 -0.119629 0.204234 0.121256 0.170478 0.141214 0.165248 0.040621 0.292999 0.065787 0.248123 -0.195359 0.062417 -0.010563 -0.040889 -0.182371 -0.012987 -0.103300 0.086048 -0.272609 0.225881 -0.175274 0.057488 0.043762 -0.120948 -0.002946 0.036153 0.053941 0.027733 -0.035026 -0.017492 0.018939 0.042696 -0.042544 0.155354 -0.018394 0.043156 -0.124427 0.190549 0.257096 0.196996 0.055185 -0.071612 0.137963 -0.171602 0.325886 0.072117 -0.192146 0.044476 -0.109529 0.086088 -0.019546 0.068363 0.071371 -0.102775 -0.058375 -0.246829 -0.322443 0.203359 -0.125445 0.006513 0.080447 -0.064233 -0.151139 -0.114633 -0.024766 -0.129719 -0.208486
0.148123 1.000000 -0.414537 -0.037936 -0.202164 -0.405585 -0.224293 -0.278818 -0.257640 -0.269574 -0.116165 0.007472 -0.054791 0.033088 -0.274888 -0.189754 0.202387 0.237569 -0.197784 0.452300 -0.043929 -0.121272 -0.301932 -0.297611 -0.251886 -0.391777 -0.128401 -0.191808 -0.128226 0.045388 -0.178684 -0.264715 0.159764 -0.066740 -0.206538 -0.260760 0.002582 -0.146093 -0.096721 0.086127 0.014676 0.082827 -0.191495 -0.145749 -0.087941 -0.218051 -0.153343 -0.105087 -0.079933 -0.028817 0.053144 0.029383 0.123467 0.042900 0.044387 0.061961 0.463519 0.754341 -0.219659 -0.214224 -0.401969 -0.047981 0.235209 0.291061 -0.341011 -0.364186 -0.239683 -0.368117 0.439337 0.264427 0.072023 0.049662 -0.020092 -0.012583 -0.055204 0.182263 -0.072179 -0.179186 0.128664 -0.020924 0.281230 0.324460 -0.149462 0.244535 0.001473 0.154841 -0.072057 -0.148633 -0.060884 0.120560 -0.027365 -0.045922 0.112786 0.004666 0.049178 0.059514 -0.018664 0.063922 0.100911 0.137049 0.154778 0.047551 0.193233 -0.011305 0.075855 0.065568 0.082513 0.050034 -0.022639 -0.029602 -0.038292 0.101223 0.157363 0.012141 0.003681 0.061834
0.061231 -0.414537 1.000000 0.080056 0.351101 0.172356 0.721712 0.367630 0.180478 -0.040922 0.104588 -0.321474 0.160795 -0.216893 0.121252 -0.000343 -0.190972 -0.387664 0.364415 -0.154078 0.138058 0.225228 0.432311 0.154907 0.162639 0.267063 0.241704 0.226926 -0.072258 -0.246213 0.203698 0.184184 0.403081 0.476818 0.112627 0.258555 -0.213734 -0.116697 -0.053875 -0.079617 -0.059916 0.009455 -0.084025 -0.201384 -0.138946 -0.012792 -0.048593 -0.103209 0.068828 -0.167056 -0.101939 -0.147723 0.136108 -0.088477 -0.019653 -0.206753 -0.480808 -0.420646 0.479995 0.259710 0.485419 0.000634 0.012099 -0.153330 0.287217 -0.025122 0.544672 0.320722 -0.337582 -0.040424 -0.113184 -0.097995 -0.064264 -0.091188 0.103913 -0.184483 -0.181328 -0.244661 -0.363368 -0.314723 -0.493471 -0.525479 0.158860 -0.106309 -0.231600 -0.358570 -0.057729 -0.044836 0.156896 -0.017500 0.029011 0.158424 -0.164785 0.151927 -0.086966 -0.109756 0.055225 -0.179650 -0.056980 -0.270993 -0.215913 -0.038128 -0.283282 -0.006839 -0.338304 -0.361031 -0.052057 0.066510 -0.124467 0.041576 0.104283 -0.146087 -0.258064 -0.281877 -0.214430 -0.261044
-0.285538 -0.037936 0.080056 1.000000 0.441182 0.321297 -0.061572 0.374527 0.234364 0.236359 -0.304271 0.036440 -0.219607 -0.052075 0.349361 0.269382 -0.486428 -0.405465 0.326948 0.037787 0.165106 0.008598 0.335002 0.460329 0.073364 0.087774 0.153457 0.062231 -0.351161 -0.277965 0.152544 0.285466 -0.007755 0.038935 0.051813 0.211234 -0.288028 -0.231050 -0.222478 -0.053293 -0.235731 0.142572 0.181162 0.102159 0.096948 0.154962 -0.005798 -0.034307 -0.103047 0.045430 0.103442 0.113921 0.059791 0.179742 -0.108778 0.023965 -0.323079 -0.193071 -0.272273 0.119755 -0.083502 -0.154814 -0.029052 -0.141000 0.361805 0.067469 -0.144067 0.086680 -0.182070 -0.006443 -0.144696 -0.236120 -0.335977 -0.175101 -0.269132 -0.072825 -0.291688 -0.043581 -0.214790 -0.104807 -0.275642 -0.200708 0.036981 0.254763 0.096012 0.282715 -0.047633 0.100092 0.209011 0.217304 0.164466 0.035004 0.241305 -0.125427 -0.393031 -0.151286 -0.325703 -0.125300 -0.055868 -0.212901 0.016842 -0.069944 -0.052914 -0.050404 -0.080595 -0.028829 0.106114 -0.137229 -0.130731 -0.155597 -0.296559 -0.022126 0.050882 0.030031 0.114628 0.063087
-0.022298 -0.202164 0.351101 0.441182 1.000000 0.473000 0.254973 0.183899 0.374021 0.197670 -0.154617 -0.191107 -0.250333 -0.336944 0.323633 0.093329 -0.533634 -0.512682 0.281325 -0.119992 0.520086 0.293901 0.432008 0.399205 0.406360 0.260739 0.657278 0.371911 -0.476890 -0.483074 0.260071 0.183460 -0.063442 0.008494 0.120656 0.221699 -0.495285 -0.242042 -0.357029 0.079839 -0.248767 0.126356 0.200805 -0.025063 0.173771 0.210827 0.106142 0.099389 0.263457 0.274005 0.155391 0.153506 0.020333 0.234878 -0.036866 -0.003690 -0.442085 -0.317412 0.122990 0.202297 0.170259 -0.073484 -0.150182 -0.273358 0.398360 0.043770 0.196980 0.275616 -0.309704 -0.015976 -0.075836 -0.189435 -0.507764 -0.224022 -0.336985 -0.149136 -0.365807 -0.083332 -0.491597 -0.366044 -0.559644 -0.427162 0.072520 0.126272 -0.062779 0.113631 -0.000278 0.112380 0.444647 0.130287 0.306683 0.183451 0.140000 0.029034 -0.415269 -0.280121 -0.424315 -0.553415 0.036605 -0.298805 -0.053427 -0.309121 -0.273150 -0.224034 -0.338935 -0.381221 0.077799 0.072285 -0.217415 0.013805 -0.189681 -0.208737 -0.077150 -0.255136 -0.059113 -0.170076
-0.170865 -0.405585 0.172356 0.321297 0.473000 1.000000 -0.000901 0.311466 0.263838 0.344635 -0.098511 -0.135749 -0.143566 -0.199058 0.344900 0.261417 -0.462722 -0.423532 0.052105 -0.314571 0.240729 0.206683 0.415435 0.550056 0.280829 0.418083 0.418186 0.442019 -0.369700 -0.430076 0.003434 0.045457 -0.218077 -0.142523 0.330362 0.244054 -0.290863 0.002781 0.051015 0.118594 -0.175893 -0.041277 0.225046 0.056877 0.109463 0.236162 0.158881 0.052604 0.310250 0.280118 0.301594 0.339129 -0.014480 0.204088 0.074701 0.138884 -0.393607 -0.337673 -0.017380 0.158915 0.072469 0.008670 -0.434675 -0.477931 0.470330 0.486986 0.066074 0.269201 -0.201103 0.017973 -0.274854 -0.274679 -0.419698 -0.358130 -0.304214 -0.379112 -0.381102 -0.014370 -0.352832 -0.153199 -0.434691 -0.440130 -0.050428 -0.161833 -0.104912 -0.031336 0.255957 0.113713 0.355036 0.260984 0.215137 0.169305 0.285369 0.039573 -0.155853 -0.188848 -0.198486 -0.280008 -0.100059 -0.143555 -0.219074 -0.271169 -0.244129 -0.161293 -0.204243 -0.131416 0.053238 0.076955 -0.109582 0.000245 -0.019937 -0.130317 -0.110950 -0.066262 -0.156977 -0.177605
0.239105 -0.224293 0.721712 -0.061572 0.254973 -0.000901 1.000000 0.470091 0.258238 -0.090034 0.173481 -0.219356 0.237569 -0.260302 0.013392 -0.115874 -0.125690 -0.247046 0.317588 0.097159 -0.004002 0.072013 0.045508 -0.169999 -0.220918 -0.112125 0.111498 0.076296 0.054561 -0.129820 -0.144565 -0.140385 0.386311 0.437954 0.212555 0.180274 -0.237380 -0.063660 -0.070191 0.069947 -0.017298 0.135841 -0.008025 -0.079915 0.022560 0.027238 -0.036489 -0.031918 0.101003 -0.063690 -0.164817 -0.164383 -0.055045 -0.149630 -0.130034 -0.121967 -0.307360 -0.315947 0.361590 0.228572 0.473902 0.083867 0.143798 0.054806 0.008609 -0.139936 0.484970 0.125977 -0.125924 -0.064511 -0.134842 -0.193997 -0.019577 -0.101464 0.064215 -0.157024 -0.065841 -0.117008 -0.286463 -0.202694 -0.445515 -0.468169 0.123711 -0.041828 -0.388734 -0.367515 -0.124817 -0.170781 0.064040 -0.131259 0.104335 0.200547 -0.081115 0.303405 0.024249 0.025525 -0.054742 -0.062438 0.131105 -0.093852 -0.063569 0.108439 -0.185741 -0.066726 -0.335613 -0.376261 0.047485 -0.103180 -0.063353 0.050768 0.176123 0.010042 -0.112394 -0.321867 -0.124086 -0.193060
-0.253095 -0.278818 0.367630 0.374527 0.183899 0.311466 0.470091 1.000000 0.362963 0.231775 -0.206440 0.122790 0.045456 0.059110 0.093712 0.099075 -0.325321 -0.188177 0.015897 -0.161820 0.011034 -0.058863 -0.049737 0.088794 -0.183402 0.047422 -0.074480 -0.063978 -0.118319 -0.016129 -0.205323 -0.084103 0.201295 0.275672 0.149292 0.317172 -0.116267 0.014158 0.008335 -0.042946 -0.032723 0.163144 0.069473 0.136582 0.157501 0.252137 -0.011537 -0.043074 -0.004409 0.141193 -0.093165 0.035011 -0.015199 -0.049733 -0.163378 0.035544 -0.380094 -0.443524 0.117877 0.415392 0.313848 0.420793 0.026376 0.100762 0.014959 0.234125 0.186997 0.134001 -0.343983 -0.179900 -0.281018 -0.453846 -0.072270 -0.161802 -0.193003 -0.356794 -0.133353 -0.055709 -0.158811 0.025406 -0.333874 -0.273988 -0.113960 -0.151694 -0.316071 -0.013330 -0.096684 -0.136526 -0.001425 0.118647 0.055493 -0.048839 0.162581 -0.019625 -0.245497 -0.068068 -0.216716 -0.044570 -0.055313 -0.159415 0.023347 0.101597 0.043367 0.047448 -0.039506 -0.109196 0.067468 -0.100437 -0.015699 -0.132947 -0.074652 0.036444 0.123374 -0.141993 -0.062817 0.099257
-0.310723 -0.257640 0.180478 0.234364 0.374021 0.263838 0.258238 0.362963 1.000000 0.088690 -0.024417 0.060144 0.064795 -0.075197 0.445458 0.455152 -0.319297 -0.277482 0.020949 -0.103185 0.036134 -0.072448 0.019233 0.079244 -0.042203 0.123427 0.259893 0.148702 -0.096474 -0.122129 0.005142 0.020467 0.046598 0.096539 0.226420 0.243269 -0.158703 0.010713 -0.137694 -0.006793 -0.000374 0.109409 -0.031312 -0.066801 0.253467 0.185308 -0.069147 -0.096336 0.101908 0.062147 -0.113375 -0.023036 -0.197842 -0.127639 -0.425894 -0.206860 -0.371689 -0.282662 0.169416 0.179770 0.312864 0.048270 -0.034617 -0.048875 0.204887 0.251335 0.203405 0.288221 -0.219151 0.051418 -0.204478 -0.084766 -0.207460 -0.095947 -0.159447 -0.051229 -0.138272 -0.044939 -0.145302 -0.125442 -0.348887 -0.266425 -0.004351 -0.033588 -0.035377 0.192184 -0.407644 -0.183805 -0.051999 -0.109075 0.107921 -0.021408 0.131961 -0.112918 -0.079513 0.004635 -0.276964 -0.111651 0.027653 -0.172179 -0.031856 -0.087034 -0.088906 0.008453 0.036979 0.002143 -0.272671 -0.238248 0.051437 -0.006621 -0.027031 -0.051895 0.045461 -0.125482 0.153951 -0.001352
-0.117901 -0.269574 -0.040922 0.236359 0.197670 0.344635 -0.090034 0.231775 0.088690 1.000000 -0.098307 0.279011 -0.162978 0.144066 0.166633 -0.044177 -0.114362 -0.113662 -0.057177 -0.184930 0.074020 -0.152577 0.055599 0.182687 0.190818 0.087603 -0.192754 -0.225244 -0.241621 -0.142743 0.023970 0.058203 -0.452836 -0.250903 -0.081273 -0.015652 0.039219 0.030429 0.063408 0.035503 -0.183131 0.121006 -0.001606 0.010811 0.110841 0.077078 0.010060 0.023010 -0.011253 0.085898 0.000238 0.166971 -0.144932 0.099168 0.227466 0.181348 -0.169678 -0.227891 -0.169483 -0.005583 -0.047532 0.057321 -0.072490 -0.099917 0.191668 0.273670 -0.218280 -0.017187 -0.209746 -0.144578 0.074649 0.057565 -0.218427 -0.027108 -0.055926 0.099763 0.083801 0.047923 0.000075 0.031911 -0.040246 0.013747 -0.137917 -0.103553 0.083463 0.262001 0.217836 0.175064 0.250872 0.315830 0.033715 -0.094859 0.174556 -0.197320 -0.127778 -0.001797 -0.104717 -0.051303 0.022032 0.024661 -0.100925 -0.097198 -0.139503 -0.099120 -0.074225 0.057954 0.046291 0.184717 0.013865 -0.048617 -0.199014 -0.053559 0.270184 0.132802 0.071622 0.164617
0.352963 -0.116165 0.104588 -0.304271 -0.154617 -0.098511 0.173481 -0.206440 -0.024417 -0.098307 1.000000 0.229928 0.630189 0.234366 0.351516 0.175339 0.244548 0.029576 0.055400 -0.082135 -0.319683 -0.145414 0.193167 -0.182271 -0.097912 -0.132159 -0.049401 0.051472 0.532058 0.085647 0.103384 0.049127 0.038495 -0.072135 -0.119884 -0.330152 0.081507 -0.019728 -0.072397 -0.146593 0.115861 -0.383842 -0.092659 -0.078499 -0.177860 -0.199430 0.141793 -0.158598 0.027967 -0.124914 0.154897 -0.003419 0.092021 -0.033810 0.074566 -0.002211 -0.120819 -0.143853 0.089208 -0.340162 0.333137 -0.056748 0.185184 -0.180299 0.216861 0.079700 0.061267 -0.167366 -0.134833 -0.188949 -0.139712 0.120022 0.143225 0.081369 0.153126 0.043799 0.101542 -0.157414 0.039744 0.073488 0.038035 0.021726 0.285408 0.045310 0.353445 -0.106926 -0.065114 0.129297 -0.123007 -0.173987 -0.311244 -0.022937 -0.373432 0.157509 0.239809 -0.049147 0.328771 0.073123 -0.187186 -0.025502 -0.004096 0.070854 -0.117652 -0.118526 -0.128561 -0.214954 -0.133537 -0.065794 0.178444 0.063623 -0.027840 -0.124255 -0.110766 0.020200 0.062698 -0.185220
-0.039798 0.007472 -0.321474 0.036440 -0.191107 -0.135749 -0.219356 0.122790 0.060144 0.279011 0.229928 1.000000 0.189192 0.762111 0.081858 0.288113 0.231344 0.382104 -0.269097 -0.157482 -0.358447 -0.412275 -0.201029 -0.144746 -0.124198 -0.233098 -0.406612 -0.437845 0.327045 0.519308 0.026424 0.083468 -0.091866 -0.189696 -0.359626 -0.130452 0.333468 0.143561 -0.129358 -0.199424 0.095640 -0.293515 -0.007061 0.288126 0.050624 0.031173 0.166968 0.017550 -0.112209 0.060211 -0.031822 0.003220 -0.008654 0.082213 -0.053275 0.202464 -0.039944 -0.223170 -0.292776 -0.352816 0.001392 0.213421 0.244821 0.135255 -0.065059 0.147632 -0.352756 -0.189010 -0.261288 -0.328289 -0.058133 -0.017372 0.211241 0.051688 -0.051177 0.040144 0.280793 0.005597 0.325948 0.360916 0.291265 0.400330 0.010924 0.115866 0.249972 0.378650 -0.043720 0.200033 -0.263723 -0.062545 -0.381338 -0.357415 -0.169090 -0.315678 0.026247 -0.075897 0.053299 0.242245 -0.277574 -0.020497 0.157305 0.042414 0.194030 -0.025170 0.179164 0.044641 -0.139859 -0.012613 0.351516 -0.055974 -0.267587 -0.035769 0.345703 0.218452 0.310959 0.359692
0.080628 -0.054791 0.160795 -0.219607 -0.250333 -0.143566 0.237569 0.045456 0.064795 -0.162978 0.630189 0.189192 1.000000 0.368726 0.383570 0.227231 0.168282 0.109377 -0.123604 -0.090209 -0.451291 -0.304064 0.016864 -0.323358 -0.389328 -0.265977 -0.254108 -0.123213 0.543525 0.110260 -0.228011 -0.204216 0.217089 0.085633 -0.040083 -0.259503 0.157523 0.025550 0.124430 -0.064312 0.331655 -0.092366 -0.116493 -0.065040 -0.104762 -0.207554 0.019053 -0.214866 0.009615 -0.135382 0.025886 -0.069936 -0.074441 -0.250662 0.072692 0.030627 -0.130287 -0.066904 0.061683 -0.297391 0.359724 0.021459 0.286800 0.025317 0.015946 0.056942 0.044397 -0.297821 -0.017329 -0.015715 -0.212321 -0.053582 0.243418 0.038548 0.257872 0.009264 0.113775 -0.177489 0.015331 0.146962 -0.054892 0.003552 0.144959 0.042977 0.058020 -0.103788 -0.145435 -0.180011 -0.057532 -0.023242 -0.104475 -0.004447 -0.187537 0.105129 0.312233 0.127682 0.273139 0.262029 0.004030 0.104741 -0.076789 0.108814 -0.028679 -0.046343 -0.030714 -0.042165 -0.088632 -0.129100 0.203117 0.042279 -0.004639 0.043551 0.020291 -0.068304 0.092806 -0.056170
-0.188493 0.033088 -0.216893 -0.052075 -0.336944 -0.199058 -0.260302 0.059110 -0.075197 0.144066 0.234366 0.762111 0.368726 1.000000 -0.002174 0.313096 0.354056 0.464971 -0.303562 -0.163247 -0.445362 -0.436018 -0.243852 -0.289727 -0.161848 -0.290196 -0.530197 -0.537367 0.464209 0.569658 0.069884 0.119515 -0.022075 -0.085734 -0.524898 -0.211784 0.415490 0.104720 -0.001567 -0.186331 0.207218 -0.285018 -0.156572 0.165860 -0.040555 -0.070821 0.101416 -0.080602 -0.172683 -0.039804 -0.093938 -0.079185 0.111476 -0.079565 0.056928 0.159539 0.036879 -0.104291 -0.267879 -0.336666 -0.016625 0.195134 0.388048 0.223010 -0.231781 0.018428 -0.359819 -0.277922 -0.212088 -0.323289 -0.005238 0.089275 0.402868 0.093220 0.085696 0.096003 0.278721 -0.124352 0.379069 0.346679 0.387816 0.464733 0.087218 0.211988 0.199967 0.238273 -0.077518 0.011368 -0.323542 0.028792 -0.373817 -0.399831 -0.209088 -0.311869 0.096949 0.018333 0.214064 0.296363 -0.233370 0.039918 0.139944 0.140165 0.235527 0.117795 0.246795 0.163027 -0.226444 0.024508 0.242701 -0.046561 -0.276552 0.040688 0.293750 0.166122 0.245348 0.280887
-0.117683 -0.274888 0.121252 0.349361 0.323633 0.344900 0.013392 0.093712 0.445458 0.166633 0.351516 0.081858 0.383570 -0.002174 1.000000 0.459436 -0.384708 -0.343423 0.040347 -0.303726 -0.154179 -0.157395 0.483333 0.260488 -0.057987 0.042888 0.180227 0.208152 -0.033313 -0.272126 0.003514 -0.010277 -0.099778 -0.187596 0.157997 0.014775 -0.159184 0.085840 0.032127 0.102439 0.017348 -0.118824 0.061110 -0.038980 0.074933 0.017689 0.134180 -0.062236 0.178966 0.003806 0.268900 0.203679 -0.085104 0.097205 0.115465 0.146637 -0.425553 -0.225762 0.001737 -0.158889 0.287927 -0.170612 -0.100709 -0.382711 0.583603 0.332963 -0.002983 0.024262 -0.198438 0.065285 -0.382693 -0.206610 -0.278481 -0.189389 -0.086763 -0.175299 -0.294678 -0.160491 -0.270116 -0.127846 -0.424771 -0.283482 0.037265 0.044648 0.173083 0.097820 -0.044800 -0.013957 0.271179 0.100619 0.157203 0.126679 0.061654 -0.008396 0.007557 -0.046138 0.090729 -0.036954 -0.002145 -0.028472 -0.170077 -0.137515 -0.265347 -0.209254 -0.210880 -0.028704 0.027086 -0.057016 -0.016325 0.055840 -0.043513 -0.054047 -0.001168 -0.102530 0.101683 -0.064996
-0.197576 -0.189754 -0.000343 0.269382 0.093329 0.261417 -0.115874 0.099075 0.455152 -0.044177 0.175339 0.288113 0.227231 0.313096 0.459436 1.000000 -0.177825 -0.173524 -0.059450 -0.247826 -0.052633 -0.022441 0.216946 0.222550 0.104090 0.173237 0.146893 0.240187 0.045486 0.071461 0.221981 0.146317 -0.034135 -0.171964 -0.045059 0.007367 0.099481 0.132283 0.046647 -0.028675 0.102519 -0.159798 0.016532 0.116614 0.168954 0.112365 0.085971 -0.011931 0.259902 0.119251 0.160889 0.139959 -0.015369 -0.045497 -0.205902 0.058943 -0.327367 -0.238870 -0.056054 -0.228319 0.091311 -0.134253 -0.067836 -0.320093 0.286554 0.356673 -0.155708 0.098449 -0.241472 -0.051876 -0.130751 0.066822 -0.068529 -0.077363 -0.078891 -0.075167 -0.249469 -0.212126 -0.076925 -0.052890 -0.161943 -0.145028 0.217311 0.206282 0.156370 0.181021 -0.343540 0.048128 -0.161762 -0.000216 -0.109864 -0.164341 -0.068281 -0.252888 0.141409 -0.013339 0.085408 0.085128 -0.191396 -0.091682 -0.166311 -0.112245 -0.132706 -0.092319 -0.008586 0.006720 -0.346314 -0.144666 0.116641 0.216006 -0.022870 -0.033205 -0.058954 0.001438 0.091180 -0.093332
0.147800 0.202387 -0.190972 -0.486428 -0.533634 -0.462722 -0.125690 -0.325321 -0.319297 -0.114362 0.244548 0.231344 0.168282 0.354056 -0.384708 -0.177825 1.000000 0.582495 -0.141283 0.125071 -0.278296 -0.136741 -0.338797 -0.410013 -0.092456 -0.289808 -0.388566 -0.357460 0.449542 0.455788 0.101677 0.143999 -0.069464 0.010378 -0.457594 -0.348944 0.382777 -0.057052 -0.066924 -0.154346 0.017336 -0.191948 -0.361149 -0.266872 -0.235771 -0.363667 -0.264808 -0.292962 -0.354168 -0.315256 -0.317245 -0.385424 0.002448 -0.302166 -0.081636 -0.246443 0.555015 0.360747 -0.072158 -0.307252 -0.006711 0.164942 0.364940 0.517544 -0.409611 -0.281681 -0.290073 -0.325418 0.212305 -0.093973 0.321030 0.401621 0.544239 0.300332 0.341447 0.339935 0.441237 -0.151471 0.656291 0.203666 0.756522 0.541080 0.092593 0.012562 0.208818 -0.146489 -0.049705 -0.041707 -0.256713 -0.134675 -0.353321 -0.176131 -0.106462 0.032404 0.142371 0.281111 0.153054 0.182093 -0.078411 0.197738 0.049101 0.185414 0.192551 0.219717 0.131267 0.132388 -0.082460 0.032358 0.055860 -0.148887 -0.152263 0.019670 0.076958 0.048213 0.006635 0.038662
-0.060447 0.237569 -0.387664 -0.405465 -0.512682 -0.423532 -0.247046 -0.188177 -0.277482 -0.113662 0.029576 0.382104 0.109377 0.464971 -0.343423 -0.173524 0.582495 1.000000 -0.253465 0.036062 -0.387642 -0.234264 -0.436893 -0.347155 -0.263792 -0.414354 -0.529455 -0.471372 0.440127 0.648884 -0.119110 -0.091774 -0.008223 -0.106503 -0.333497 -0.206642 0.463213 0.072485 0.140900 -0.219453 0.116194 -0.042734 -0.062470 0.132513 -0.113555 -0.181733 0.005681 -0.131564 -0.202246 -0.105460 -0.100653 -0.057807 0.050839 -0.084654 -0.044955 -0.007041 0.456147 0.306636 -0.223514 -0.342162 -0.157536 0.148662 0.312062 0.483951 -0.402187 -0.201320 -0.375120 -0.414460 0.063336 -0.274601 0.143336 0.188605 0.591286 0.395830 0.318518 0.194960 0.478150 0.150017 0.618345 0.626038 0.632999 0.720104 -0.144979 -0.131791 0.138883 0.110554 -0.023657 -0.211246 -0.297757 -0.100140 -0.319617 -0.277319 -0.141399 -0.132302 0.083162 0.083981 0.036538 0.292401 -0.120249 0.212382 0.108103 0.235828 0.327725 0.106268 0.383061 0.296573 -0.094152 -0.143830 0.091427 -0.300906 -0.178642 0.189618 0.255774 0.134599 0.197193 0.440395
0.173505 -0.197784 0.364415 0.326948 0.281325 0.052105 0.317588 0.015897 0.020949 -0.057177 0.055400 -0.269097 -0.123604 -0.303562 0.040347 -0.059450 -0.141283 -0.253465 1.000000 0.410941 0.117195 0.215445 0.154690 0.043853 0.066001 -0.054721 0.243223 0.172472 -0.004546 -0.225691 0.155856 0.172678 0.046828 0.212515 0.064859 0.008515 -0.259925 -0.195382 -0.201236 0.014496 -0.199719 0.107601 0.013604 -0.107167 -0.235861 -0.175225 -0.188809 -0.087130 -0.208687 -0.263868 -0.087430 -0.142788 0.052935 0.011167 -0.144680 -0.243198 -0.148999 -0.162113 0.067425 0.237059 0.163887 -0.183914 0.091935 -0.077150 0.160618 -0.259197 0.220059 0.045404 -0.002249 -0.183149 0.034995 0.042616 -0.053488 0.061001 0.097286 0.158305 -0.024376 0.039572 -0.099304 -0.089154 -0.129134 -0.198603 0.190248 0.099607 0.101415 -0.080654 -0.012544 0.021180 0.171243 -0.052426 0.103383 0.246743 -0.028806 0.166253 -0.131028 0.033952 -0.164547 -0.042787 0.067394 0.073203 -0.125002 0.036707 -0.200866 -0.005743 -0.263327 -0.173878 0.077197 -0.171530 -0.083215 -0.178050 -0.109880 -0.043881 -0.053136 -0.040216 0.068685 -0.168542
0.201813 0.452300 -0.154078 0.037787 -0.119992 -0.314571 0.097159 -0.161820 -0.103185 -0.184930 -0.082135 -0.157482 -0.090209 -0.163247 -0.303726 -0.247826 0.125071 0.036062 0.410941 1.000000 -0.002290 0.016173 -0.422611 -0.332981 -0.240870 -0.279672 -0.102115 -0.131074 0.028192 0.047942 -0.246620 -0.179308 0.084338 0.193234 -0.009849 -0.124639 -0.011664 -0.134438 -0.086895 0.063451 0.011236 0.185424 -0.070914 -0.175675 -0.211772 -0.340947 -0.308145 -0.070262 -0.185663 -0.257532 -0.196895 -0.166835 -0.200205 -0.132319 -0.151510 -0.221739 0.191558 0.286355 -0.161550 0.029046 -0.224166 -0.156508 0.105648 0.183659 -0.417286 -0.460476 -0.132559 -0.287160 0.544878 0.218924 0.200025 0.100236 0.089423 0.144193 0.185400 0.339431 0.179806 0.228238 0.036785 0.109180 0.176523 0.073363 0.071998 0.256669 -0.114974 -0.159597 0.072164 -0.093197 -0.020660 -0.087332 0.193824 0.282630 0.161169 0.195739 0.129334 0.296430 -0.183944 0.212106 0.209186 0.237949 0.164276 0.133367 0.080381 0.136554 -0.040051 0.032273 0.152128 -0.120496 0.020238 -0.075429 0.026885 0.209226 0.094222 0.090182 0.173716 -0.006762
0.102704 -0.043929 0.138058 0.165106 0.520086 0.240729 -0.004002 0.011034 0.036134 0.074020 -0.319683 -0.358447 -0.451291 -0.445362 -0.154179 -0.052633 -0.278296 -0.387642 0.117195 -0.002290 1.000000 0.728610 0.246522 0.428461 0.648871 0.549798 0.700557 0.506743 -0.575522 -0.407448 0.360302 0.185435 -0.146981 -0.118913 0.058609 0.053661 -0.218481 -0.233362 -0.115654 -0.034047 -0.250868 0.381089 0.109423 -0.059007 0.077698 0.131894 -0.019486 0.084501 0.139848 0.139272 0.012505 0.030385 0.055950 0.084219 0.112639 -0.154975 -0.153557 -0.116900 0.223177 0.301177 -0.102363 -0.102497 -0.296669 -0.280433 0.153828 0.030873 0.173260 0.284033 -0.064648 0.048470 0.337892 0.079255 -0.395175 -0.031403 -0.192418 -0.008727 -0.169563 0.038073 -0.309826 -0.295597 -0.222564 -0.212469 0.079404 0.038249 -0.027139 0.101248 -0.036423 0.236638 0.362137 0.214896 0.122410 -0.025680 0.032040 -0.045948 -0.413916 -0.266265 -0.294107 -0.483264 -0.010797 -0.305519 -0.217446 -0.353167 -0.286901 -0.148396 -0.233548 -0.297779 -0.031671 0.049499 -0.240817 0.054641 -0.057176 -0.216832 -0.093253 -0.223104 -0.327953 -0.226007
0.229824 -0.121272 0.225228 0.008598 0.293901 0.206683 0.072013 -0.058863 -0.072448 -0.152577 -0.145414 -0.412275 -0.304064 -0.436018 -0.157395 -0.022441 -0.136741 -0.234264 0.215445 0.016173 0.728610 1.000000 0.320772 0.437674 0.635288 0.568043 0.651868 0.668692 -0.408716 -0.378112 0.304357 0.192054 -0.160610 -0.173872 0.122079 0.018525 -0.239774 -0.370055 -0.075706 -0.124808 -0.395486 0.227595 0.119320 -0.023842 -0.089847 0.002514 -0.104084 -0.032318 0.158436 0.000427 0.161348 0.099201 0.071658 -0.001009 0.056681 -0.223354 -0.075765 -0.103724 0.296000 0.203893 0.012716 -0.136850 -0.439786 -0.386133 0.185425 0.108509 0.296724 0.258452 0.013218 0.007410 0.256032 0.257926 -0.259821 0.095821 -0.114777 0.152157 -0.296312 -0.059945 -0.201275 -0.088303 -0.142046 -0.223302 -0.051502 -0.194804 -0.008642 -0.077642 0.028272 0.187461 0.306940 0.171018 0.104228 0.088783 -0.002968 0.072136 -0.318954 -0.178204 -0.183307 -0.256271 -0.089555 -0.213326 -0.296410 -0.283158 -0.298884 -0.121794 -0.164324 -0.174212 0.009857 -0.201016 -0.231378 -0.171898 -0.059905 -0.234514 -0.116960 -0.130858 -0.248168 -0.265394
0.076035 -0.301932 0.432311 0.335002 0.432008 0.415435 0.045508 -0.049737 0.019233 0.055599 0.193167 -0.201029 0.016864 -0.243852 0.483333 0.216946 -0.338797 -0.436893 0.154690 -0.422611 0.246522 0.320772 1.000000 0.700312 0.480250 0.505659 0.465034 0.467002 -0.257590 -0.464480 0.470300 0.427704 0.019412 -0.055287 0.097035 0.058554 -0.308165 -0.167066 -0.160347 -0.122892 -0.232570 -0.182494 0.150102 -0.050980 -0.141975 0.025565 0.229642 -0.022880 0.200034 0.001218 0.445783 0.240731 0.243354 0.337996 0.141886 0.026656 -0.446277 -0.277669 0.139515 -0.161720 0.133954 -0.263228 -0.339561 -0.554540 0.780623 0.289822 0.112742 0.205097 -0.305804 0.015634 -0.168166 -0.088725 -0.372914 -0.184055 -0.150576 -0.219731 -0.436791 -0.277413 -0.376524 -0.326485 -0.411928 -0.373616 0.106002 -0.070430 0.185531 -0.073569 0.107665 0.332281 0.331106 0.098902 0.010947 0.217371 -0.068407 0.107660 -0.222546 -0.389425 0.060693 -0.318762 -0.214916 -0.317131 -0.140908 -0.207506 -0.239712 -0.177013 -0.291953 -0.277575 -0.050503 -0.004327 -0.125462 0.018113 -0.039340 -0.339567 -0.439737 -0.075662 -0.147018 -0.327848
-0.059019 -0.297611 0.154907 0.460329 0.399205 0.550056 -0.169999 0.088794 0.079244 0.182687 -0.182271 -0.144746 -0.323358 -0.289727 0.260488 0.222550 -0.410013 -0.347155 0.043853 -0.332981 0.428461 0.437674 0.700312 1.000000 0.542083 0.634421 0.459538 0.498972 -0.470844 -0.390517 0.412718 0.407994 -0.105191 -0.155604 0.235835 0.255633 -0.210968 -0.144937 -0.070744 -0.143335 -0.319720 -0.060254 0.252045 0.091383 -0.012928 0.141481 0.171642 0.102476 0.181396 0.113118 0.351189 0.295978 0.093066 0.308585 0.017821 -0.018324 -0.363627 -0.279248 0.048114 -0.013861 -0.060399 -0.168390 -0.567710 -0.553278 0.611400 0.403850 0.040147 0.322373 -0.264544 0.009632 -0.035182 -0.091169 -0.403757 -0.132152 -0.256218 -0.198693 -0.378212 -0.040368 -0.286003 -0.159488 -0.318662 -0.303408 -0.065970 -0.184403 0.099527 0.054428 0.069098 0.285052 0.271359 0.152134 0.096499 0.098804 0.189118 0.022426 -0.316685 -0.329842 -0.171704 -0.300602 -0.260186 -0.398023 -0.142579 -0.177349 -0.179137 -0.138963 -0.159661 -0.121689 -0.051686 -0.068213 -0.169183 -0.071032 -0.087569 -0.256533 -0.268387 -0.028060 -0.119117 -0.106947
0.055745 -0.251886 0.162639 0.073364 0.406360 0.280829 -0.220918 -0.183402 -0.042203 0.190818 -0.097912 -0.124198 -0.389328 -0.161848 -0.057987 0.104090 -0.092456 -0.263792 0.066001 -0.240870 0.648871 0.635288 0.480250 0.542083 1.000000 0.780156 0.574136 0.488557 -0.406449 -0.269250 0.697978 0.578644 -0.315558 -0.220797 -0.137822 0.040468 -0.092087 -0.240991 -0.204793 -0.177575 -0.326417 -0.041901 -0.008690 -0.096150 -0.156298 0.028798 -0.007453 0.029602 0.092477 0.016913 0.107424 0.073963 0.127838 0.108642 0.072408 -0.194715 -0.208334 -0.247786 0.221971 0.059846 0.009834 -0.112811 -0.386390 -0.414638 0.306733 0.239937 0.064036 0.346774 -0.283925 -0.131559 0.353504 0.316318 -0.240935 0.126171 -0.138607 0.132268 -0.133820 -0.017730 -0.137938 -0.165953 -0.030557 -0.081557 0.075730 -0.117291 0.211462 0.121565 0.070364 0.396409 0.189923 0.026246 -0.160173 -0.077253 -0.101660 -0.122100 -0.328197 -0.294360 -0.113723 -0.358689 -0.297565 -0.367927 -0.169985 -0.293972 -0.195910 -0.014514 -0.113381 -0.172678 -0.142755 0.073968 -0.153984 0.007636 -0.160440 -0.424331 -0.171977 0.057909 -0.133176 -0.170036
-0.138160 -0.391777 0.267063 0.087774 0.260739 0.418083 -0.112125 0.047422 0.123427 0.087603 -0.132159 -0.233098 -0.265977 -0.290196 0.042888 0.173237 -0.289808 -0.414354 -0.054721 -0.279672 0.549798 0.568043 0.505659 0.634421 0.780156 1.000000 0.543523 0.598983 -0.389067 -0.316036 0.456557 0.429661 -0.090632 -0.026266 0.180786 0.246461 -0.119043 -0.078168 -0.000512 -0.126109 -0.160503 -0.004776 0.079334 -0.000475 -0.081888 0.159606 0.040106 0.125937 0.139678 0.028723 0.124164 0.087075 0.028822 0.064848 0.004709 -0.167307 -0.408438 -0.364987 0.317375 0.190184 0.075736 -0.130693 -0.582378 -0.514825 0.376869 0.433028 0.242931 0.508090 -0.251131 0.036675 0.084852 0.061445 -0.293991 0.003464 -0.161566 -0.113944 -0.239534 0.040294 -0.298280 -0.196020 -0.250675 -0.322307 -0.057802 -0.250514 -0.006371 -0.055568 0.033556 0.357491 0.108852 -0.033180 -0.111051 -0.009125 -0.040630 -0.121227 -0.169775 -0.198919 -0.025701 -0.214385 -0.263321 -0.336222 -0.206340 -0.324229 -0.237479 -0.046548 -0.059821 -0.144516 -0.177906 0.045199 -0.087257 0.110167 0.140496 -0.340313 -0.300927 0.050888 -0.215391 -0.252551
0.156111 -0.128401 0.241704 0.153457 0.657278 0.418186 0.111498 -0.074480 0.259893 -0.192754 -0.049401 -0.406612 -0.254108 -0.530197 0.180227 0.146893 -0.388566 -0.529455 0.243223 -0.102115 0.700557 0.651868 0.465034 0.459538 0.574136 0.543523 1.000000 0.825292 -0.495833 -0.554612 0.276823 0.145252 -0.075056 -0.115941 0.226108 0.091456 -0.480825 -0.261922 -0.245307 0.105272 -0.323637 0.109136 0.104747 -0.115222 -0.002203 0.084668 -0.035036 0.054873 0.241631 0.124681 0.180831 0.089828 0.073302 0.091628 -0.043454 -0.152823 -0.236325 -0.126485 0.348483 0.252226 0.156577 -0.143674 -0.363574 -0.473669 0.381205 0.175114 0.355104 0.381507 -0.096830 0.070094 -0.027327 -0.050942 -0.508354 -0.229554 -0.325312 -0.158719 -0.463715 -0.124712 -0.472258 -0.438751 -0.414012 -0.452160 0.081197 0.032499 0.005321 -0.020910 -0.071214 0.166633 0.377384 0.084804 0.135916 0.190461 0.033912 0.121585 -0.265795 -0.196070 -0.208965 -0.431105 -0.011393 -0.234976 -0.201979 -0.368031 -0.341583 -0.174761 -0.308264 -0.348839 -0.028201 -0.075048 -0.225155 0.095761 0.040581 -0.254435 -0.201818 -0.226726 -0.195527 -0.380519
0.183454 -0.191808 0.226926 0.062231 0.371911 0.442019 0.076296 -0.063978 0.148702 -0.225244 0.051472 -0.437845 -0.123213 -0.537367 0.208152 0.240187 -0.357460 -0.471372 0.172472 -0.131074 0.506743 0.668692 0.467002 0.498972 0.488557 0.598983 0.825292 1.000000 -0.418907 -0.573375 0.120265 0.018233 -0.116345 -0.218640 0.380294 0.072704 -0.396150 -0.230935 -0.044481 0.081714 -0.309891 0.006552 0.143242 -0.025904 -0.049772 0.083111 -0.041296 0.083124 0.312619 0.095344 0.333521 0.201860 -0.004398 0.012291 -0.003833 -0.101764 -0.224988 -0.109154 0.344690 0.150021 0.144504 -0.212308 -0.527336 -0.582681 0.443317 0.373138 0.379386 0.391669 -0.005300 0.095479 -0.137302 -0.043925 -0.461994 -0.202768 -0.279476 -0.189612 -0.504526 -0.119771 -0.394266 -0.280212 -0.355563 -0.482259 -0.078423 -0.175670 0.033092 -0.113475 0.003181 0.175857 0.342958 0.067263 0.135415 0.252708 0.037425 0.185532 -0.092189 -0.085047 -0.012532 -0.217475 -0.006662 -0.133684 -0.259714 -0.329698 -0.429922 -0.216342 -0.285781 -0.279047 -0.017725 -0.179294 -0.152210 0.095882 0.204601 -0.149319 -0.202087 -0.130346 -0.218620 -0.382615
0.030786 -0.128226 -0.072258 -0.351161 -0.476890 -0.369700 0.054561 -0.118319 -0.096474 -0.241621 0.532058 0.327045 0.543525 0.464209 -0.033313 0.045486 0.449542 0.440127 -0.004546 0.028192 -0.575522 -0.408716 -0.257590 -0.470844 -0.406449 -0.389067 -0.495833 -0.418907 1.000000 0.640439 -0.054228 0.037471 0.218178 0.210869 -0.095181 -0.221471 0.307087 0.149090 0.056974 -0.121000 0.403175 -0.277204 -0.040361 0.099235 -0.094979 -0.133711 0.147152 -0.106931 -0.221102 -0.213512 -0.082008 -0.258546 0.070725 -0.110458 -0.202049 -0.050345 0.140606 -0.088655 -0.124112 -0.330153 0.148254 0.013272 0.464805 0.321519 -0.234977 -0.213280 -0.102405 -0.290435 -0.061653 -0.278176 -0.097102 0.027280 0.709588 0.254730 0.328923 0.030589 0.437111 0.056269 0.393303 0.329642 0.316804 0.346769 0.300564 0.103233 0.146434 -0.103174 -0.134533 -0.025130 -0.516964 -0.389915 -0.325305 -0.127607 -0.386713 0.040916 0.280734 0.055284 0.247207 0.244003 -0.066199 0.114481 0.186982 0.363537 0.244695 0.104848 0.149495 0.026968 -0.161609 -0.213666 0.202074 -0.026022 -0.011834 -0.042079 -0.101457 0.255582 0.252332 0.025105
-0.137889 0.045388 -0.246213 -0.277965 -0.483074 -0.430076 -0.129820 -0.016129 -0.122129 -0.142743 0.085647 0.519308 0.110260 0.569658 -0.272126 0.071461 0.455788 0.648884 -0.225691 0.047942 -0.407448 -0.378112 -0.464480 -0.390517 -0.269250 -0.316036 -0.554612 -0.573375 0.640439 1.000000 0.049318 0.093634 0.152181 0.106813 -0.295605 -0.053915 0.491162 0.351831 0.137970 -0.075758 0.335936 -0.219933 -0.054786 0.217604 0.071540 0.032893 0.146552 0.051551 -0.152116 -0.055698 -0.237561 -0.209871 0.086522 -0.035334 -0.143780 0.075951 0.223880 -0.062149 -0.156823 -0.195168 -0.093587 0.101306 0.413764 0.413578 -0.467221 -0.271990 -0.312290 -0.199880 -0.185598 -0.375396 0.088067 0.025877 0.743005 0.360006 0.281254 0.015907 0.559236 0.205188 0.482603 0.435151 0.432417 0.550783 0.135917 0.165080 -0.043696 0.052274 -0.138473 -0.077658 -0.595234 -0.303311 -0.456833 -0.445443 -0.300427 -0.316524 0.160626 0.018420 0.184386 0.258625 -0.141290 0.014489 0.124600 0.332195 0.298570 0.139414 0.242138 0.089853 -0.186463 -0.029757 0.176644 0.060774 -0.004135 0.115976 0.115111 0.176645 0.225588 0.354601
-0.081969 -0.178684 0.203698 0.152544 0.260071 0.003434 -0.144565 -0.205323 0.005142 0.023970 0.103384 0.026424 -0.228011 0.069884 0.003514 0.221981 0.101677 -0.119110 0.155856 -0.246620 0.360302 0.304357 0.470300 0.412718 0.697978 0.456557 0.276823 0.120265 -0.054228 0.049318 1.000000 0.850307 -0.066227 0.004798 -0.335991 -0.001453 0.071412 -0.195806 -0.294009 -0.316748 -0.206369 -0.223927 -0.103553 -0.079948 -0.072769 0.055383 0.119184 0.007460 -0.037017 -0.003686 -0.029200 -0.090590 0.238292 0.103911 -0.075873 -0.209135 -0.222822 -0.225114 0.072868 -0.088757 0.003510 -0.148283 -0.047589 -0.175735 0.253984 -0.021672 -0.044755 0.218307 -0.422848 -0.213262 0.428383 0.407288 0.074821 0.209038 0.004017 0.199717 0.027112 -0.158960 0.093009 -0.176600 0.097393 0.063048 0.266270 0.022311 0.323227 0.124371 -0.197871 0.240609 -0.140557 -0.182687 -0.354131 -0.250215 -0.288396 -0.217383 -0.316471 -0.333415 -0.000616 -0.347891 -0.412764 -0.450067 -0.044816 -0.148220 -0.098041 0.010898 -0.108963 -0.195578 -0.295763 0.055882 -0.139807 -0.014824 -0.245330 -0.390823 -0.255727 -0.032285 -0.109544 -0.149074
-0.154878 -0.264715 0.184184 0.285466 0.183460 0.045457 -0.140385 -0.084103 0.020467 0.058203 0.049127 0.083468 -0.204216 0.119515 -0.010277 0.146317 0.143999 -0.091774 0.172678 -0.179308 0.185435 0.192054 0.427704 0.407994 0.578644 0.429661 0.145252 0.018233 0.037471 0.093634 0.850307 1.000000 -0.041545 0.177003 -0.289939 0.109465 -0.013004 -0.302530 -0.377278 -0.368382 -0.214175 -0.266073 -0.055118 -0.097035 -0.136964 0.008183 0.065520 -0.076711 -0.149374 -0.054307 -0.038165 -0.131480 0.199425 0.113876 -0.215842 -0.264865 -0.221800 -0.289378 0.001777 -0.058778 0.050568 -0.077755 -0.047520 -0.080821 0.189296 -0.068740 -0.123282 0.135611 -0.354510 -0.192687 0.307727 0.294340 0.126315 0.176963 -0.035435 0.166205 0.074084 -0.059463 0.170143 -0.110959 0.141361 0.056778 0.222902 0.034663 0.250115 -0.002879 -0.098319 0.224484 -0.153189 -0.237224 -0.268463 -0.110774 -0.165949 -0.122680 -0.309462 -0.277049 -0.131888 -0.284850 -0.386858 -0.427204 0.077480 -0.059304 0.003175 0.105363 -0.043670 -0.127885 -0.184863 0.017756 -0.047030 -0.145219 -0.331851 -0.375959 -0.293772 0.065354 -0.010329 -0.128536
-0.007696 0.159764 0.403081 -0.007755 -0.063442 -0.218077 0.386311 0.201295 0.046598 -0.452836 0.038495 -0.091866 0.217089 -0.022075 -0.099778 -0.034135 -0.069464 -0.008223 0.046828 0.084338 -0.146981 -0.160610 0.019412 -0.105191 -0.315558 -0.090632 -0.075056 -0.116345 0.218178 0.152181 -0.066227 -0.041545 1.000000 0.691194 0.180986 0.181509 -0.134903 0.069791 -0.057630 -0.045580 0.243733 -0.047116 0.013246 0.036757 -0.000334 0.044670 -0.002612 -0.015667 -0.054063 -0.048601 -0.119016 -0.221653 0.132979 0.025292 -0.214538 -0.058579 -0.176500 -0.035737 0.159967 0.031796 0.118076 0.037820 0.242314 0.220715 -0.023442 -0.221369 0.302139 0.037898 -0.062138 0.066585 -0.253677 -0.302942 0.203510 -0.104363 0.146537 -0.305548 -0.079827 -0.165102 -0.156158 -0.155537 -0.262227 -0.179489 0.040354 0.123099 -0.275869 -0.256803 -0.240853 -0.128641 -0.297059 -0.261755 -0.154690 0.057932 -0.224345 0.050734 0.138162 -0.105335 0.081454 -0.054575 -0.064882 -0.104797 0.136865 0.120704 0.099968 0.024180 -0.048373 -0.228669 -0.137547 -0.073227 0.117065 0.123426 0.187680 -0.027501 -0.261650 -0.108629 -0.159926 -0.190131
-0.234841 -0.066740 0.476818 0.038935 0.008494 -0.142523 0.437954 0.275672 0.096539 -0.250903 -0.072135 -0.189696 0.085633 -0.085734 -0.187596 -0.171964 0.010378 -0.106503 0.212515 0.193234 -0.118913 -0.173872 -0.055287 -0.155604 -0.220797 -0.026266 -0.115941 -0.218640 0.210869 0.106813 0.004798 0.177003 0.691194 1.000000 0.125544 0.408562 -0.093789 -0.012027 -0.039180 -0.052864 0.111538 0.018346 -0.112830 -0.133147 -0.051937 0.035512 -0.149535 -0.026025 -0.203802 -0.084357 -0.341025 -0.432295 0.008365 -0.110032 -0.307001 -0.257876 -0.277379 -0.145567 0.086059 0.219671 0.228600 0.106329 0.309654 0.385107 -0.094295 -0.333872 0.249456 0.112222 -0.033815 0.146069 -0.128143 -0.217676 0.190971 -0.126927 0.084371 -0.175342 0.000852 -0.067515 -0.128857 -0.272001 -0.202557 -0.224430 0.154595 0.162986 -0.286835 -0.416213 -0.138321 -0.169748 -0.230992 -0.362426 -0.022242 0.174683 -0.161496 0.106746 0.101094 0.128690 -0.074133 -0.058647 -0.036775 -0.051445 0.115348 0.136984 0.074780 0.096583 -0.182510 -0.229741 -0.064643 0.081932 0.143527 0.061257 0.156807 0.025869 -0.246744 -0.149914 -0.090006 -0.225272
-0.011373 -0.206538 0.112627 0.051813 0.120656 0.330362 0.212555 0.149292 0.226420 -0.081273 -0.119884 -0.359626 -0.040083 -0.524898 0.157997 -0.045059 -0.457594 -0.333497 0.064859 -0.009849 0.058609 0.122079 0.097035 0.235835 -0.137822 0.180786 0.226108 0.380294 -0.095181 -0.295605 -0.335991 -0.289939 0.180986 0.125544 1.000000 0.456804 -0.248480 0.092837 0.056578 0.190620 0.024913 0.143506 0.258684 0.137930 0.127911 0.173904 0.017452 0.115358 0.137994 0.022027 0.219732 0.152146 -0.172578 0.054216 -0.147441 -0.093785 -0.232433 -0.125183 0.086164 0.183876 -0.011162 -0.169487 -0.366623 -0.204723 0.273785 0.261175 0.422493 0.374310 0.065873 0.214105 -0.270609 -0.336589 -0.215044 -0.205053 -0.095799 -0.264197 -0.200079 0.206126 -0.294809 -0.054713 -0.401100 -0.383959 -0.153112 -0.191151 -0.229306 -0.145670 0.019836 0.052942 0.094914 -0.155977 0.240901 0.287663 0.146273 0.120659 0.066202 -0.016675 -0.042104 -0.122057 0.057267 -0.054187 -0.097550 -0.102478 -0.093933 -0.121277 -0.087638 -0.042777 0.079193 -0.207522 0.073287 0.089213 0.380377 -0.042276 -0.214372 0.011450 -0.004786 -0.082131
-0.392209 -0.260760 0.258555 0.211234 0.221699 0.244054 0.180274 0.317172 0.243269 -0.015652 -0.330152 -0.130452 -0.259503 -0.211784 0.014775 0.007367 -0.348944 -0.206642 0.008515 -0.124639 0.053661 0.018525 0.058554 0.255633 0.040468 0.246461 0.091456 0.072704 -0.221471 -0.053915 -0.001453 0.109465 0.181509 0.408562 0.456804 1.000000 -0.093716 0.045879 -0.015491 -0.032909 -0.145273 0.047785 0.061122 0.052304 0.121996 0.229705 -0.031061 0.154699 0.045082 0.107623 -0.020115 -0.044220 -0.064242 0.031450 -0.223494 -0.144804 -0.368105 -0.253595 0.078385 0.345800 0.108448 0.046595 -0.135806 0.022735 0.120803 0.119315 0.280918 0.503323 -0.226865 0.225705 -0.185799 -0.223255 -0.124449 -0.159532 -0.119853 -0.227183 -0.137284 0.110067 -0.214451 -0.168376 -0.286210 -0.273545 -0.103440 -0.168786 -0.316181 -0.178728 -0.092375 -0.067779 -0.055614 -0.152289 0.158220 0.017641 0.131110 -0.132560 -0.128161 0.067072 -0.177411 -0.120581 -0.147878 -0.219013 -0.154373 -0.141338 -0.061066 -0.002314 -0.015821 0.065639 -0.055308 0.048090 0.080153 -0.026030 0.200188 0.024388 -0.056540 -0.232973 -0.028462 0.084299
