1.000000 0.537891 0.021568 -0.047264 -0.158229 -0.248753 -0.208666 -0.264872 -0.332141 -0.433495 0.515831 -0.038916 0.181292 -0.099274 -0.153874 -0.230429 0.338969 0.112237 0.269183 0.228356 -0.265895 -0.127820 -0.037666 -0.137524 -0.204014 -0.499317 0.128368 0.027414 0.207218 -0.044976 -0.158863 -0.344279 0.364707 0.156943 -0.288505 -0.621692 0.042032 -0.236349 0.006012 0.068848 0.089877 0.007624 -0.450095 -0.400196 -0.364864 -0.478572 -0.406956 -0.325273 -0.257398 -0.187628 0.013396 -0.004347 0.194640 0.044664 0.439524 0.186688 0.704706 0.433102 0.274953 0.288459 0.263222 0.214715 0.424934 0.458941 0.066985 -0.276769 0.160676 -0.156002 0.116890 0.219789 -0.170562 -0.216341 0.153411 -0.145331 0.026146 -0.214298 -0.027499 -0.435354 0.370934 0.293609 0.337976 0.300256 0.038449 0.000574 0.183320 0.201607 0.089417 0.002046 0.160833 0.410318 -0.312390 -0.099522 -0.170160 -0.148109 -0.226495 -0.129379 -0.064238 -0.224867 0.156252 0.166067 -0.236904 0.005148 -0.209052 -0.119719 -0.294199 -0.209885 -0.342943 -0.039538 -0.100887 -0.351397 -0.473107 -0.275947 -0.079511 -0.030155 -0.229311 0.046233
0.537891 1.000000 -0.268350 0.037595 -0.420252 -0.453578 -0.204560 -0.190608 -0.435565 -0.546928 0.233629 0.024839 0.269104 0.044145 -0.197939 -0.080851 0.478442 0.133357 0.258663 0.183223 -0.220157 -0.125823 -0.407889 -0.521576 -0.294553 -0.366427 -0.101083 -0.243761 0.307125 0.112207 -0.258862 -0.330386 0.524708 0.352273 -0.225372 -0.518815 0.000278 -0.294337 0.002135 -0.116876 0.121970 -0.038081 -0.395693 -0.294848 -0.086512 -0.102057 -0.143169 -0.114157 -0.029344 0.059808 0.137221 0.086172 0.120322 0.142528 0.326928 0.352564 0.597391 0.589466 -0.015765 0.246739 0.226416 0.242885 0.467502 0.563117 -0.255940 -0.398873 0.152277 -0.098956 0.388023 0.257048 -0.357923 -0.396718 0.195664 -0.083498 -0.218141 -0.228229 -0.006274 -0.273443 0.307611 0.309354 0.563312 0.535938 0.080106 0.239030 0.434895 0.472929 -0.035675 -0.154205 0.037243 0.357049 -0.408499 -0.422083 -0.495176 -0.545628 -0.452925 -0.234323 -0.108521 -0.206320 0.167277 -0.108125 -0.356826 -0.209839 0.055542 -0.159175 -0.271471 -0.454798 -0.225057 -0.074583 -0.316370 -0.234484 -0.440075 -0.253631 -0.063799 -0.239872 -0.531682 0.018280
0.021568 -0.268350 1.000000 0.020330 0.375268 0.443509 0.343526 0.094247 0.119104 0.163066 -0.082488 -0.171456 -0.222302 -0.194371 0.004637 -0.266784 -0.316001 -0.153689 -0.070536 -0.137155 -0.025376 0.211182 0.493364 0.548747 0.387898 0.315596 0.156493 0.406126 -0.389450 -0.286159 0.227109 0.254261 -0.262645 -0.215540 0.045889 0.139096 -0.306957 0.000628 0.050422 0.033272 -0.274435 -0.162051 0.015228 -0.013963 -0.073474 -0.133543 -0.183793 -0.103784 0.119492 -0.156944 0.015674 0.157201 0.016210 -0.008462 -0.125534 -0.166135 -0.091239 -0.196402 0.130607 -0.108409 -0.007417 -0.100146 -0.234510 -0.170101 0.185728 0.281418 0.094279 0.243117 -0.199840 -0.244973 0.131518 0.322813 -0.237486 0.020317 -0.006056 0.138005 -0.049966 -0.017011 0.036409 -0.056591 -0.373032 -0.359594 -0.271012 -0.369167 -0.395200 -0.263310 -0.020655 0.096545 0.072848 -0.029881 0.004335 0.268780 0.376407 0.409745 0.162801 -0.057119 0.037914 0.100263 -0.138099 0.018193 -0.024162 0.059249 -0.203164 -0.245122 -0.114888 -0.000589 -0.001714 0.135842 0.113546 -0.071818 0.167094 0.084543 0.153129 0.196152 0.267196 -0.077586
-0.047264 0.037595 0.020330 1.000000 0.028493 0.196677 0.002727 0.217546 0.003668 -0.117652 -0.117048 0.104715 -0.209471 -0.102598 -0.172139 -0.182916 -0.129416 -0.259210 0.212004 0.057023 -0.067077 -0.005967 0.262888 0.235488 -0.153903 0.012240 -0.013334 -0.001667 -0.036161 -0.149712 -0.013858 0.253193 -0.039179 0.098167 0.157213 0.239198 -0.080104 -0.061371 -0.217680 -0.125866 -0.016132 -0.024641 0.019937 -0.054980 0.111341 0.149614 0.131067 0.060035 0.044774 0.150329 0.140629 0.176714 0.084483 0.157604 -0.080533 0.078559 -0.152483 -0.178871 -0.188027 -0.078517 -0.194857 -0.230483 0.071493 -0.096266 0.312082 0.017584 -0.081814 -0.098582 0.016198 -0.215701 -0.029955 0.028608 -0.111309 0.002700 -0.157798 -0.079970 0.027068 0.182015 -0.067509 -0.175800 -0.017524 -0.141156 0.080786 0.346619 -0.035577 0.181913 -0.022303 -0.076427 -0.011678 -0.007367 0.125372 -0.063427 0.075836 -0.104277 -0.002174 -0.010052 -0.168297 -0.079536 0.110808 -0.121363 -0.175316 -0.224143 0.115776 -0.225134 -0.149756 -0.277761 0.013888 0.010159 0.028481 0.143953 0.014016 0.033919 0.016821 -0.118010 -0.130535 0.013331
-0.158229 -0.420252 0.375268 0.028493 1.000000 0.416647 0.329535 0.089633 0.557594 0.459994 0.107258 0.009637 -0.000380 -0.037075 0.286193 0.051883 -0.333916 -0.147328 -0.221709 -0.198605 0.130589 0.117364 0.417453 0.426088 0.260986 0.089808 0.251202 0.249759 -0.333639 -0.222570 0.287196 0.138805 -0.477818 -0.430137 -0.014542 0.225373 -0.095430 0.122736 0.073332 0.162314 -0.153050 -0.032769 0.311233 0.247086 -0.020854 0.063448 -0.054026 -0.061855 -0.020030 -0.150820 -0.102773 -0.122176 0.002066 -0.188262 -0.182734 -0.412630 -0.273799 -0.220452 0.097398 -0.148284 -0.124888 -0.229610 -0.416711 -0.396223 0.335754 0.299683 -0.218105 0.101206 -0.120483 -0.208486 0.258167 0.280420 -0.272467 0.093103 0.097441 0.104667 0.027999 0.046550 -0.169679 -0.141780 -0.486251 -0.348490 -0.160272 -0.199112 -0.272099 -0.198128 -0.069969 0.236288 0.195919 0.027994 0.174030 0.249187 0.389473 0.437978 0.193127 -0.027565 -0.151552 0.015573 -0.393999 -0.117365 0.124230 0.161360 -0.118009 -0.183902 0.005014 0.144353 -0.060351 0.224491 0.031326 0.059250 0.245191 0.095521 0.072426 0.047652 0.300452 -0.042155
-0.248753 -0.453578 0.443509 0.196677 0.416647 1.000000 -0.120198 -0.100655 -0.013308 0.325498 -0.224588 -0.206072 -0.546377 -0.341778 -0.253248 -0.410423 -0.636011 -0.292444 -0.188714 -0.173045 0.006520 0.296375 0.536542 0.697850 0.635828 0.655441 0.280948 0.719448 -0.699938 -0.531304 0.163182 0.295841 -0.529925 -0.505449 0.434333 0.433685 -0.329304 0.134021 -0.073136 0.054799 -0.303461 -0.309308 0.175799 0.114642 -0.017767 0.180201 0.008113 0.130987 0.147220 -0.136104 0.222414 0.067957 0.131559 0.042453 -0.149246 -0.178435 -0.362627 -0.340274 0.002420 0.048580 -0.453662 -0.433010 -0.375852 -0.355372 0.329995 0.487325 0.257375 0.542710 0.005206 -0.122196 0.137305 0.356475 -0.616754 -0.157727 -0.220960 0.107570 -0.240705 0.102599 -0.316010 -0.107610 -0.454570 -0.403109 -0.215427 -0.342462 -0.212684 0.090004 0.054365 0.130092 0.016695 -0.013448 0.257787 0.270344 0.251240 0.278006 0.331665 0.127951 0.164291 0.212753 -0.027109 -0.071946 0.104372 -0.123728 -0.174498 -0.056869 0.139288 0.133907 0.206627 -0.072265 0.146046 0.100817 0.329913 0.289253 -0.017212 0.115101 0.288007 -0.142181
-0.208666 -0.204560 0.343526 0.002727 0.329535 -0.120198 1.000000 0.700321 0.545612 0.373837 0.233168 0.412567 0.534796 0.576618 0.556351 0.383875 -0.050404 -0.008179 -0.198147 -0.324416 0.176587 0.118007 0.016851 0.016762 -0.207478 -0.130276 -0.135196 -0.247145 0.080472 0.205513 0.119545 0.167586 -0.003546 0.126886 -0.324170 0.199943 -0.154909 -0.009386 0.049621 -0.005825 -0.141631 0.128112 0.283902 0.256333 0.085797 -0.056825 0.005322 -0.194224 -0.016947 -0.062351 -0.385589 -0.059809 -0.069547 -0.252755 -0.332717 -0.399701 -0.167632 -0.354614 0.134548 -0.369735 0.380927 0.177110 -0.359421 -0.337072 -0.042580 0.230927 -0.471327 -0.234644 -0.428826 -0.501372 0.139053 0.164966 0.201305 0.263681 0.241788 0.291620 0.232549 0.072248 -0.071878 -0.157428 -0.333438 -0.313257 -0.041679 -0.004764 -0.373068 -0.488654 -0.105451 0.171322 0.336147 -0.045173 -0.024544 0.116453 0.355931 0.343818 -0.083331 -0.191435 -0.325315 -0.170237 -0.448467 -0.220453 0.138772 0.344308 0.068006 -0.373067 -0.137499 -0.129126 -0.005874 0.268789 -0.038519 -0.109953 0.075119 -0.080480 0.283183 0.074085 0.217797 0.025275
-0.264872 -0.190608 0.094247 0.217546 0.089633 -0.100655 0.700321 1.000000 0.385967 0.319641 0.014445 0.583417 0.317440 0.698382 0.269964 0.396940 -0.018858 0.026608 -0.339116 -0.454567 0.147914 0.106583 -0.201287 -0.107134 -0.360723 -0.068697 -0.275730 -0.416695 0.105737 0.335263 0.036606 0.334345 0.184866 0.401288 -0.353235 0.270702 -0.200077 0.011679 -0.093497 -0.017778 -0.041902 0.224170 0.118261 0.066428 0.138714 0.107960 0.016112 -0.175494 0.009328 -0.032091 -0.377662 -0.079243 0.011974 -0.155317 -0.220173 -0.146384 -0.106966 -0.462135 0.072760 -0.320013 0.428164 0.315595 -0.210704 -0.295603 -0.046807 0.341978 -0.410993 -0.147954 -0.417654 -0.553868 0.098412 0.233384 0.266188 0.243296 0.108177 0.269836 0.125281 0.099842 0.034520 -0.130305 -0.181615 -0.290814 -0.066377 0.035835 -0.292848 -0.364594 -0.141513 0.135203 0.284213 -0.025980 0.029548 -0.098228 0.245675 0.128162 -0.026503 -0.073412 -0.194284 -0.115500 -0.238518 -0.181438 0.184561 0.125679 0.082835 -0.356490 -0.095122 -0.212704 -0.006410 0.219537 -0.111502 -0.087286 0.078869 -0.063525 0.287654 0.000344 0.042706 -0.011085
-0.332141 -0.435565 0.119104 0.003668 0.557594 -0.013308 0.545612 0.385967 1.000000 0.642206 0.056919 0.286103 0.275491 0.354311 0.597887 0.481545 -0.230590 -0.095826 -0.133220 -0.117341 0.236525 0.069712 0.108175 0.126099 -0.016916 -0.102803 0.012993 -0.217467 -0.038625 0.104959 0.304899 0.216189 -0.254176 -0.134536 -0.166238 0.274772 -0.108737 0.064791 -0.134691 -0.003940 -0.104506 0.147770 0.453611 0.407505 0.101428 -0.011362 0.095805 0.042298 -0.003554 -0.092846 -0.303758 -0.171873 -0.233742 -0.274521 -0.475801 -0.478887 -0.356677 -0.357378 0.000886 -0.410170 0.123188 0.007781 -0.422820 -0.426724 0.148085 0.214105 -0.520980 -0.191959 -0.176297 -0.242861 0.277697 0.314049 -0.006855 0.267743 0.254262 0.355193 0.267762 0.235639 -0.156448 -0.238019 -0.418503 -0.376935 -0.138642 -0.017967 -0.436913 -0.450146 -0.048311 0.116512 0.049150 -0.313206 0.234982 0.274250 0.393717 0.408224 0.058802 0.004747 -0.248430 -0.030808 -0.374011 -0.010000 0.353291 0.342501 0.084579 -0.178724 0.033253 0.081463 0.123187 0.163035 0.080785 0.018855 0.250506 0.047228 0.210023 0.166444 0.355884 -0.028343
-0.433495 -0.546928 0.163066 -0.117652 0.459994 0.325498 0.373837 0.319641 0.642206 1.000000 -0.060749 0.270634 -0.022620 0.194383 0.364447 0.391422 -0.443510 -0.187009 -0.372094 -0.307432 0.298234 0.259051 0.126722 0.275710 0.295385 0.243369 0.106555 0.107383 -0.328979 -0.008863 0.406578 0.303400 -0.403104 -0.292413 0.047317 0.440734 -0.125393 0.255649 -0.037119 0.087989 -0.165967 0.055179 0.564759 0.527116 0.191191 0.280158 0.108968 0.201149 0.033286 -0.150430 -0.278438 -0.224349 -0.305637 -0.321801 -0.490324 -0.475887 -0.416097 -0.502679 -0.184592 -0.449707 -0.144890 -0.215046 -0.604696 -0.561600 0.226039 0.604993 -0.356623 0.191977 -0.236157 -0.347645 0.365428 0.483189 -0.196499 0.270717 0.178580 0.430947 0.172825 0.273200 -0.342051 -0.227235 -0.490317 -0.432001 -0.217991 -0.207745 -0.396281 -0.272656 -0.022223 0.441421 -0.063889 -0.282870 0.366697 0.272474 0.393484 0.419287 0.285939 0.140219 0.121081 0.146345 -0.308780 -0.000187 0.394742 0.236089 -0.147997 -0.185712 0.110885 0.095574 0.141820 0.026567 0.099839 0.067155 0.469243 0.184253 0.243173 0.214275 0.438588 -0.068234
0.515831 0.233629 -0.082488 -0.117048 0.107258 -0.224588 0.233168 0.014445 0.056919 -0.060749 1.000000 0.399529 0.569450 0.363680 0.375385 0.081689 0.215351 0.046556 -0.019236 -0.003135 0.100391 -0.013823 0.044974 -0.049549 -0.195979 -0.429127 0.155890 -0.064633 0.338550 0.167664 0.103223 -0.175462 0.160503 0.052662 -0.323439 -0.278883 0.096178 -0.119714 0.071690 0.135094 0.066868 0.050743 -0.061174 -0.013993 -0.285045 -0.292544 -0.159904 -0.344518 -0.290499 -0.102023 -0.263934 -0.089592 0.166341 -0.112374 0.104534 -0.150347 0.219124 -0.057082 0.296198 -0.049263 0.219144 0.044801 -0.006567 -0.073639 0.100397 -0.049656 -0.279715 -0.342894 -0.222861 -0.154454 0.134735 -0.010550 0.252932 0.134743 0.278992 0.044724 0.203358 -0.223558 -0.090869 -0.013542 -0.074028 -0.051074 0.214200 0.061232 0.050253 0.000141 0.148278 0.142437 0.359405 0.302611 -0.226985 -0.056761 -0.049637 0.086065 -0.163892 -0.065969 -0.236298 -0.268815 -0.291271 -0.076061 -0.033866 0.159998 -0.154075 -0.266476 -0.196957 -0.075968 -0.333584 0.062943 -0.027376 -0.174069 -0.233889 -0.191863 -0.020372 0.017998 0.087183 0.056246
-0.038916 0.024839 -0.171456 0.104715 0.009637 -0.206072 0.412567 0.583417 0.286103 0.270634 0.399529 1.000000 0.435733 0.738374 0.379424 0.450909 0.080856 0.288201 -0.302737 -0.362141 0.071372 0.070679 -0.224077 -0.117435 -0.369434 -0.175667 -0.214655 -0.414500 0.320130 0.594027 0.145264 0.253230 0.290573 0.415006 -0.240833 0.114594 -0.015799 -0.009102 -0.036298 -0.025140 0.102331 0.297504 0.124417 0.136039 0.086761 0.104946 0.002318 -0.193396 -0.218992 -0.123820 -0.458516 -0.222468 -0.135236 -0.265646 -0.093456 -0.231103 -0.069300 -0.416371 -0.026740 -0.487382 0.330588 0.152743 -0.115134 -0.233920 0.056600 0.308214 -0.457310 -0.218475 -0.378440 -0.512914 0.071385 0.173063 0.361908 0.374397 0.257625 0.179461 0.258992 0.033074 -0.122563 -0.064173 -0.110659 -0.158211 0.117810 0.222169 -0.168667 -0.199623 0.044028 0.195404 0.207890 -0.147254 -0.129331 -0.344197 0.068662 -0.014993 -0.094642 0.046421 -0.123256 -0.180084 -0.336181 -0.307522 0.111062 0.021695 -0.092689 -0.153262 0.138923 -0.023011 -0.215704 0.127321 -0.059027 0.003521 0.001932 -0.149829 0.137544 0.015535 0.074449 0.019873
0.181292 0.269104 -0.222302 -0.209471 -0.000380 -0.546377 0.534796 0.317440 0.275491 -0.022620 0.569450 0.435733 1.000000 0.674191 0.553894 0.437110 0.436350 0.251390 -0.085963 -0.043259 -0.027851 -0.137305 -0.364167 -0.406071 -0.448059 -0.506279 -0.216671 -0.435809 0.525285 0.371120 -0.019780 -0.204006 0.360993 0.293600 -0.508517 -0.342096 0.109890 -0.112938 0.101797 0.015930 0.086356 0.204412 0.085593 0.128262 -0.087115 -0.169958 -0.075772 -0.234222 -0.207584 -0.019627 -0.390891 -0.200906 -0.049979 -0.284613 -0.051629 -0.225139 0.238989 0.101195 0.159314 -0.155030 0.490802 0.327525 -0.010825 0.054051 -0.330803 -0.195695 -0.368413 -0.448783 -0.160867 -0.088784 -0.002669 -0.158170 0.435438 0.185592 0.251079 0.070700 0.278412 -0.092134 0.085042 0.119354 0.084591 0.148573 0.132383 0.200373 0.028054 -0.222583 -0.071732 -0.001778 0.365080 0.100387 -0.275863 -0.244500 -0.087863 -0.063024 -0.298324 -0.164937 -0.364580 -0.239546 -0.426041 -0.260085 0.000473 0.249683 0.102892 -0.209833 -0.148297 -0.142578 -0.227911 0.149084 -0.143979 -0.182330 -0.201539 -0.313929 0.006301 -0.076521 -0.061593 0.094431
-0.099274 0.044145 -0.194371 -0.102598 -0.037075 -0.341778 0.576618 0.698382 0.354311 0.194383 0.363680 0.738374 0.674191 1.000000 0.452374 0.519221 0.191725 0.230501 -0.324596 -0.297880 0.004718 -0.024184 -0.349996 -0.289002 -0.406710 -0.235003 -0.300963 -0.510623 0.308193 0.441006 -0.033528 0.066918 0.291972 0.359795 -0.399470 0.057946 -0.056658 -0.101929 -0.041685 -0.055493 0.100514 0.216499 0.060930 0.079423 0.029953 0.015229 -0.043380 -0.232960 -0.120665 -0.051241 -0.465474 -0.207956 -0.079793 -0.261249 -0.145592 -0.214462 0.003618 -0.287817 0.184518 -0.322963 0.511876 0.405405 -0.113061 -0.174957 -0.146643 0.219445 -0.401556 -0.227271 -0.257170 -0.299172 -0.010831 0.030314 0.339157 0.218536 0.168144 0.153369 0.162854 -0.051805 0.008554 -0.016662 -0.041168 -0.094887 0.137834 0.116909 -0.065006 -0.236977 0.076128 0.127412 0.392360 0.002312 -0.108861 -0.186981 0.090272 0.044736 -0.186676 -0.088334 -0.262468 -0.202635 -0.357525 -0.278307 0.294712 0.218879 0.093845 -0.228029 0.003870 -0.111167 -0.078776 0.127340 -0.151790 -0.167962 -0.079559 -0.157146 0.181618 0.010258 0.007892 -0.009827
-0.153874 -0.197939 0.004637 -0.172139 0.286193 -0.253248 0.556351 0.269964 0.597887 0.364447 0.375385 0.379424 0.553894 0.452374 1.000000 0.697439 0.043132 0.086935 -0.127634 -0.024127 0.240011 -0.073048 -0.081771 -0.086862 -0.234767 -0.259828 -0.024716 -0.255921 0.193938 0.300272 0.014877 -0.054994 -0.067682 0.014266 -0.360288 0.062718 0.165533 0.206485 0.219880 0.166056 0.012954 0.256780 0.488802 0.470429 0.048778 -0.049102 0.169864 0.017600 -0.091817 -0.020835 -0.445411 -0.181096 -0.202711 -0.330432 -0.388046 -0.421241 -0.143517 -0.220200 0.036997 -0.442663 0.292802 0.004290 -0.313291 -0.353396 -0.174239 -0.025383 -0.611945 -0.410901 -0.191667 -0.213508 0.115879 0.037942 0.210670 0.302842 0.350041 0.206082 0.304007 0.156926 -0.208304 -0.266428 -0.269857 -0.191369 0.275209 0.349039 -0.230629 -0.497985 -0.042767 0.227022 0.269046 -0.179655 -0.056587 -0.054363 0.202943 0.206824 0.077008 -0.088837 -0.231388 0.030587 -0.547173 -0.140875 0.190322 0.241602 0.059559 -0.114371 0.079709 0.118435 -0.102335 0.239572 -0.022099 0.146772 0.230236 0.007477 0.161293 0.049762 0.235295 0.036676
-0.230429 -0.080851 -0.266784 -0.182916 0.051883 -0.410423 0.383875 0.396940 0.481545 0.391422 0.081689 0.450909 0.437110 0.519221 0.697439 1.000000 0.173013 0.262990 -0.168549 -0.148562 0.233914 -0.069108 -0.384733 -0.408687 -0.366944 -0.327483 -0.102487 -0.478079 0.347387 0.555400 -0.049623 -0.026695 0.123875 0.187316 -0.360139 -0.002467 0.177930 0.170222 0.052780 0.001770 0.116992 0.340923 0.444194 0.434390 0.226125 0.090285 0.223251 0.113784 -0.059670 0.073021 -0.466100 -0.232864 -0.374584 -0.324346 -0.368934 -0.312921 -0.057069 -0.160446 -0.147299 -0.410824 0.373830 0.190985 -0.091991 -0.161674 -0.203668 -0.065224 -0.577780 -0.402297 -0.158891 -0.220883 0.074628 -0.023492 0.388598 0.383292 0.367385 0.189674 0.273410 0.148264 -0.089023 -0.187134 -0.040352 -0.000558 0.184476 0.447261 -0.144352 -0.415486 -0.144006 0.180905 0.057674 -0.293929 -0.003030 -0.184717 0.057143 -0.006266 -0.038961 0.030615 -0.135052 -0.063577 -0.377392 -0.146588 0.220750 0.230438 0.111905 -0.019146 0.150040 0.013275 0.002240 0.127734 -0.104267 0.060649 0.110271 -0.067335 0.167087 -0.008595 0.031610 0.037083
0.338969 0.478442 -0.316001 -0.129416 -0.333916 -0.636011 -0.050404 -0.018858 -0.230590 -0.443510 0.215351 0.080856 0.436350 0.191725 0.043132 0.173013 1.000000 0.537134 0.043506 0.028108 -0.339968 -0.404161 -0.305864 -0.605161 -0.484296 -0.470594 -0.306643 -0.484144 0.689684 0.430392 -0.281752 -0.344475 0.426419 0.389362 -0.235835 -0.507944 0.137883 -0.234057 0.000237 -0.156012 0.172050 0.028595 -0.379228 -0.362242 -0.131742 -0.271391 -0.181109 -0.357299 -0.129745 0.124496 0.043566 0.036706 0.055835 0.156926 0.308834 0.150361 0.629262 0.611271 0.026999 0.130098 0.397776 0.426071 0.537343 0.549484 -0.227394 -0.447852 0.011361 -0.371844 0.192073 0.267403 -0.369072 -0.502454 0.550055 -0.051192 0.121676 -0.333853 0.080745 -0.245966 0.501654 0.509720 0.658886 0.646979 0.224979 0.253856 0.309916 0.045564 -0.042581 -0.117586 0.064708 0.115455 -0.255676 -0.405987 -0.418352 -0.402136 -0.372698 -0.181594 -0.310151 -0.297488 0.039123 -0.194614 -0.270448 -0.046541 0.103674 0.063304 -0.135050 -0.173702 -0.245316 0.015874 -0.243383 -0.179118 -0.481778 -0.482214 -0.237835 -0.151272 -0.407059 -0.012106
0.112237 0.133357 -0.153689 -0.259210 -0.147328 -0.292444 -0.008179 0.026608 -0.095826 -0.187009 0.046556 0.288201 0.251390 0.230501 0.086935 0.262990 0.537134 1.000000 -0.036764 -0.140761 -0.368801 -0.229731 -0.163879 -0.390490 -0.261080 -0.285850 -0.278190 -0.348723 0.429700 0.564555 -0.221540 -0.193205 0.327830 0.228104 -0.002547 -0.280494 -0.000024 -0.298556 0.059846 -0.311794 -0.032155 0.008965 -0.253568 -0.299199 0.015104 -0.247371 -0.163309 -0.424085 -0.084255 0.010998 -0.009661 -0.019683 -0.026724 0.030084 0.209262 -0.030651 0.307701 0.333443 0.023966 0.003046 0.382282 0.423104 0.474092 0.508432 -0.088419 -0.253314 0.105039 -0.205725 0.016206 0.026638 -0.356969 -0.299358 0.372894 0.022913 0.167801 -0.232321 -0.051515 -0.329139 0.327721 0.510489 0.416174 0.562447 0.249803 0.136351 0.117020 -0.194932 0.109392 0.038699 0.045747 -0.259595 -0.216284 -0.363830 -0.225626 -0.235606 -0.405876 -0.206444 -0.228728 -0.387103 -0.001421 -0.348535 -0.014218 0.050503 0.080214 0.398472 0.374323 0.233101 -0.202449 0.040066 -0.203154 -0.247922 -0.414357 -0.441220 -0.309489 -0.033937 -0.116492 -0.064099
0.269183 0.258663 -0.070536 0.212004 -0.221709 -0.188714 -0.198147 -0.339116 -0.133220 -0.372094 -0.019236 -0.302737 -0.085963 -0.324596 -0.127634 -0.168549 0.043506 -0.036764 1.000000 0.714124 -0.060848 -0.248103 -0.040709 -0.220530 -0.164098 -0.286584 -0.014402 -0.057320 0.160421 -0.089828 -0.163528 -0.324361 0.306966 0.148981 -0.069160 -0.298856 0.155792 -0.088462 -0.229839 -0.234605 0.022601 -0.060039 -0.092961 -0.065419 -0.133275 -0.246414 0.105206 0.088963 -0.119765 0.088012 0.110005 0.089551 -0.043553 0.101522 -0.101675 0.151111 0.050482 0.294627 -0.045614 0.069174 -0.121927 -0.117153 0.354920 0.313292 -0.069035 -0.566634 0.162098 -0.245496 0.315629 0.262119 -0.066265 -0.224280 0.086448 0.011935 0.097083 -0.080872 0.219352 0.013165 0.050023 -0.019958 0.209648 0.301642 0.077503 0.305283 0.080891 0.079669 -0.132730 -0.328939 -0.237119 -0.094960 -0.234220 0.052577 -0.253768 -0.200457 -0.182701 -0.206545 -0.176355 -0.119971 0.218612 0.208459 -0.190129 0.007910 0.214633 0.179688 -0.106456 -0.092702 0.040247 -0.115589 -0.069141 0.026271 -0.238167 -0.038278 -0.099135 -0.156962 -0.281256 0.001347
0.228356 0.183223 -0.137155 0.057023 -0.198605 -0.173045 -0.324416 -0.454567 -0.117341 -0.307432 -0.003135 -0.362141 -0.043259 -0.297880 -0.024127 -0.148562 0.028108 -0.140761 0.714124 1.000000 -0.043993 -0.409463 -0.018566 -0.148069 -0.113897 -0.228476 0.043459 -0.015223 0.033831 -0.201118 -0.198927 -0.458121 0.152444 -0.004910 -0.051057 -0.249751 0.267459 0.182505 -0.079813 0.013914 0.167716 -0.015734 -0.024047 0.000950 -0.290118 -0.219600 0.058156 0.219452 -0.254126 -0.019161 -0.025888 -0.072053 -0.108949 0.026399 0.016830 0.121156 -0.013181 0.276898 -0.061002 0.074602 -0.215524 -0.157559 0.164678 0.138559 -0.133162 -0.484369 0.097159 -0.104422 0.327116 0.554267 -0.074882 -0.275369 -0.025109 -0.048610 0.018545 -0.107925 0.115004 0.040711 0.005400 -0.207268 0.093422 0.175751 0.197861 0.264227 0.223644 0.112581 -0.110466 -0.227102 -0.052059 0.075440 -0.141695 0.075990 -0.153107 -0.044114 0.137301 -0.066079 -0.031406 0.179930 0.109008 0.228291 -0.119133 0.006050 0.050125 0.141705 -0.066345 0.111346 -0.062062 0.101868 -0.008608 0.165183 0.035135 0.154740 -0.014293 -0.119911 -0.149664 0.162069
-0.265895 -0.220157 -0.025376 -0.067077 0.130589 0.006520 0.176587 0.147914 0.236525 0.298234 0.100391 0.071372 -0.027851 0.004718 0.240011 0.233914 -0.339968 -0.368801 -0.060848 -0.043993 1.000000 0.418630 0.034079 0.142436 0.098188 0.036393 0.306331 0.024853 0.012173 0.189049 0.375526 0.266256 -0.027104 0.046419 -0.050124 0.288723 0.277698 0.487128 0.328830 0.385608 0.170372 0.392027 0.337488 0.345145 -0.029732 0.031033 0.162800 0.124593 -0.140955 -0.186494 -0.314518 -0.153814 -0.128554 -0.251558 -0.329012 -0.050384 -0.405450 -0.447073 -0.215030 -0.286248 -0.189756 -0.277592 -0.395242 -0.502743 0.021249 0.177443 -0.474046 -0.068214 -0.373568 -0.343709 0.494822 0.457169 0.150128 0.405608 0.244100 0.527668 0.321693 0.346207 -0.323752 -0.472629 -0.409338 -0.411308 -0.107036 0.030130 -0.285446 -0.175500 0.013174 0.277756 -0.060322 -0.004220 0.050548 0.166445 0.197715 0.215508 0.277806 0.102373 0.170429 0.197619 -0.170139 0.325986 0.020930 0.042737 0.093210 -0.283621 -0.165830 0.035960 0.055315 0.119261 0.129674 0.167640 0.301131 0.314763 0.298527 0.177198 0.399431 0.130869
-0.127820 -0.125823 0.211182 -0.005967 0.117364 0.296375 0.118007 0.106583 0.069712 0.259051 -0.013823 0.070679 -0.137305 -0.024184 -0.073048 -0.069108 -0.404161 -0.229731 -0.248103 -0.409463 0.418630 1.000000 0.147884 0.396004 0.423145 0.333065 0.465326 0.409132 -0.234596 -0.037820 0.328548 0.392849 -0.107974 -0.082843 0.243542 0.378730 -0.169991 -0.081532 0.209012 0.170418 -0.326951 0.219206 0.074594 0.138962 0.041166 0.049703 -0.110235 0.003947 0.066331 -0.185070 -0.079562 -0.061948 -0.107977 -0.252701 -0.194960 -0.103945 -0.249283 -0.323310 -0.092822 -0.117132 -0.195170 -0.207268 -0.351200 -0.226138 0.084277 0.402432 -0.088492 0.211491 -0.184523 -0.371174 0.392697 0.554785 -0.155897 0.276528 -0.025057 0.517720 0.016921 0.260066 -0.230984 -0.046593 -0.244485 -0.393989 -0.365738 -0.306288 -0.413546 -0.069157 0.182238 0.247776 -0.096418 -0.068622 0.144799 0.278581 0.230136 0.089710 -0.075722 0.181357 0.145695 -0.063411 -0.006884 0.090333 -0.031187 0.045209 0.042869 -0.221919 -0.073304 -0.121295 0.275361 -0.266245 0.269589 0.066521 0.110644 0.203412 0.179029 0.218531 0.281843 -0.065724
-0.037666 -0.407889 0.493364 0.262888 0.417453 0.536542 0.016851 -0.201287 0.108175 0.126722 0.044974 -0.224077 -0.364167 -0.349996 -0.081771 -0.384733 -0.305864 -0.163879 -0.040709 -0.018566 0.034079 0.147884 1.000000 0.768427 0.377922 0.266517 0.231830 0.473746 -0.370340 -0.360273 0.280544 0.290052 -0.431717 -0.409578 0.434681 0.372302 -0.208097 -0.016442 0.006702 -0.036200 -0.216243 -0.280997 0.065755 -0.008866 -0.015051 -0.137862 -0.033671 -0.123593 0.084404 -0.014101 0.225575 0.272701 0.128091 0.176980 -0.070111 -0.138420 -0.246684 -0.173968 0.023311 -0.057547 -0.429954 -0.405035 -0.228172 -0.277333 0.643348 0.218784 -0.016296 0.056630 -0.087400 -0.095276 0.111458 0.255449 -0.338711 -0.058059 0.064043 -0.029399 -0.041437 -0.021879 -0.101911 -0.070477 -0.379092 -0.319943 -0.009007 -0.302919 -0.247894 -0.144050 0.281481 0.250599 0.093993 -0.080166 0.204040 0.358041 0.372518 0.451318 0.132275 -0.119120 -0.069171 -0.060864 -0.070360 -0.049600 -0.028118 0.036699 -0.176773 -0.112591 -0.069458 0.164833 -0.023220 0.029598 0.135575 -0.028016 0.050943 0.097748 -0.088963 0.224347 0.387188 -0.086896
-0.137524 -0.521576 0.548747 0.235488 0.426088 0.697850 0.016762 -0.107134 0.126099 0.275710 -0.049549 -0.117435 -0.406071 -0.289002 -0.086862 -0.408687 -0.605161 -0.390490 -0.220530 -0.148069 0.142436 0.396004 0.768427 1.000000 0.540092 0.496447 0.311268 0.631880 -0.574318 -0.439024 0.359985 0.476268 -0.522648 -0.434833 0.395560 0.480220 -0.215636 0.139035 0.080648 0.155442 -0.187103 -0.084094 0.213347 0.182728 -0.049014 0.000946 -0.077750 0.079041 0.032476 -0.196303 0.045451 0.043545 -0.010710 -0.119689 -0.156377 -0.244822 -0.391628 -0.470474 0.042581 -0.145519 -0.424210 -0.469670 -0.432047 -0.472489 0.474988 0.479646 -0.062129 0.258541 -0.231239 -0.210375 0.300688 0.522432 -0.455866 -0.015287 -0.027146 0.207481 -0.068876 0.117299 -0.250408 -0.235285 -0.525319 -0.578508 -0.162457 -0.360987 -0.393217 -0.111661 0.261286 0.201490 0.057185 -0.078593 0.241891 0.424233 0.551024 0.565521 0.344742 0.121535 0.152992 0.150883 -0.133976 0.121909 0.073459 0.027960 -0.200601 -0.138036 -0.043788 0.226844 0.058969 0.039089 0.292965 0.078150 0.291966 0.299523 0.063350 0.373902 0.573279 -0.114445
-0.204014 -0.294553 0.387898 -0.153903 0.260986 0.635828 -0.207478 -0.360723 -0.016916 0.295385 -0.195979 -0.369434 -0.448059 -0.406710 -0.234767 -0.366944 -0.484296 -0.261080 -0.164098 -0.113897 0.098188 0.423145 0.377922 0.540092 1.000000 0.644201 0.477604 0.748009 -0.499226 -0.383339 0.344802 0.222526 -0.484846 -0.500001 0.470119 0.297046 -0.135933 0.056394 0.105249 0.047316 -0.176788 -0.234068 0.121362 0.144747 -0.046777 0.120954 -0.105107 0.100911 0.139481 -0.197266 0.207408 0.049189 -0.083782 -0.027754 -0.165709 -0.189170 -0.318473 -0.151920 -0.120056 -0.000623 -0.515615 -0.435298 -0.304547 -0.210222 0.195253 0.423652 0.305190 0.562820 0.017167 -0.022121 0.310434 0.393617 -0.489730 -0.018044 -0.099367 0.294700 -0.195666 0.119802 -0.283693 -0.026663 -0.305860 -0.283070 -0.266248 -0.369199 -0.207270 0.096247 0.170194 0.139726 -0.297595 -0.187849 0.234639 0.352708 0.176584 0.247585 0.181119 0.154940 0.206234 0.136706 0.040241 0.090824 0.252530 0.049671 -0.048728 0.019054 0.182317 0.140153 0.308681 -0.277565 0.159182 -0.010701 0.237921 0.198664 -0.017798 0.239346 0.334689 -0.069742
-0.499317 -0.366427 0.315596 0.012240 0.089808 0.655441 -0.130276 -0.068697 -0.102803 0.243369 -0.429127 -0.175667 -0.506279 -0.235003 -0.259828 -0.327483 -0.470594 -0.285850 -0.286584 -0.228476 0.036393 0.333065 0.266517 0.496447 0.644201 1.000000 -0.030226 0.537184 -0.552011 -0.311414 0.279586 0.491081 -0.411345 -0.275220 0.430755 0.537229 -0.173936 0.222839 0.001555 0.042746 -0.201473 -0.254823 0.208877 0.210791 0.056518 0.407455 0.085534 0.245979 0.136948 -0.118352 0.150690 0.007360 -0.055588 0.031415 -0.223308 -0.163743 -0.386859 -0.313042 -0.197288 -0.146445 -0.427434 -0.386396 -0.357992 -0.331726 0.001788 0.506560 0.225184 0.571268 0.060558 -0.059940 0.186917 0.363501 -0.488184 -0.052560 -0.240882 0.191378 -0.178671 0.419438 -0.300932 -0.091449 -0.295685 -0.314667 -0.216751 -0.281579 -0.140108 0.089910 -0.032154 0.039797 -0.196348 -0.238683 0.173137 0.103112 0.121479 0.125251 0.342313 0.197061 0.249673 0.395484 -0.067297 -0.062921 0.061852 -0.181200 -0.062813 0.019705 0.216781 0.082836 0.357133 -0.139029 0.206572 0.313477 0.473084 0.327009 -0.032002 0.137404 0.214982 -0.044194
0.128368 -0.101083 0.156493 -0.013334 0.251202 0.280948 -0.135196 -0.275730 0.012993 0.106555 0.155890 -0.214655 -0.216671 -0.300963 -0.024716 -0.102487 -0.306643 -0.278190 -0.014402 0.043459 0.306331 0.465326 0.231830 0.311268 0.477604 -0.030226 1.000000 0.544674 -0.139222 -0.169622 0.144713 -0.047875 -0.245037 -0.302578 0.263393 0.094187 0.041683 -0.016326 0.205663 0.285206 0.017988 0.207895 -0.039696 -0.025763 -0.161757 -0.171322 -0.234894 -0.058571 -0.068046 -0.202853 -0.030852 -0.100288 -0.086177 -0.178661 0.057600 -0.082209 -0.209004 -0.088008 -0.027486 0.126218 -0.266261 -0.306397 -0.174810 -0.160074 0.283241 0.127113 0.003397 0.176039 -0.154681 -0.081130 0.289917 0.231743 -0.086815 0.197375 0.113162 0.257745 -0.104473 -0.075018 -0.238195 -0.143204 -0.218005 -0.249928 -0.205932 -0.171641 -0.191758 0.067521 0.111287 0.162270 -0.094795 0.089709 0.257716 0.341843 0.185046 0.144943 0.051863 0.227111 0.112313 -0.090221 0.081961 0.187519 -0.030452 0.034094 -0.072897 -0.107672 -0.080939 0.083459 0.095628 -0.117975 0.284734 -0.051486 0.001270 0.088771 0.077115 0.060063 0.213087 0.078035
0.027414 -0.243761 0.406126 -0.001667 0.249759 0.719448 -0.247145 -0.416695 -0.217467 0.107383 -0.064633 -0.414500 -0.435809 -0.510623 -0.255921 -0.478079 -0.484144 -0.348723 -0.057320 -0.015223 0.024853 0.409132 0.473746 0.631880 0.748009 0.537184 0.544674 1.000000 -0.519924 -0.543755 0.232643 0.158412 -0.433581 -0.484980 0.428971 0.242153 -0.154778 0.052451 0.085269 0.140322 -0.317392 -0.237817 0.138986 0.127173 -0.140627 0.035954 -0.095735 0.084951 0.053213 -0.160123 0.182970 0.045669 -0.002322 -0.079108 -0.059553 -0.193760 -0.128105 -0.079971 -0.047341 0.104606 -0.475644 -0.466221 -0.277730 -0.196150 0.215211 0.295612 0.295567 0.440766 0.051188 0.020165 0.233745 0.304291 -0.488216 -0.103639 -0.182081 0.122547 -0.177532 0.116313 -0.246138 0.014408 -0.327578 -0.295042 -0.254530 -0.352832 -0.174987 0.114386 0.113989 0.123179 -0.069609 0.021030 0.165543 0.291659 0.171255 0.206744 0.230505 0.142482 0.139333 0.138428 -0.050182 0.079611 -0.049953 -0.081728 -0.179131 -0.039639 0.020549 0.100915 0.200544 -0.188205 0.249095 0.115247 0.225102 0.231481 -0.071730 0.147361 0.266880 -0.068165
0.207218 0.307125 -0.389450 -0.036161 -0.333639 -0.699938 0.080472 0.105737 -0.038625 -0.328979 0.338550 0.320130 0.525285 0.308193 0.193938 0.347387 0.689684 0.429700 0.160421 0.033831 0.012173 -0.234596 -0.370340 -0.574318 -0.499226 -0.552011 -0.139222 -0.519924 1.000000 0.670373 -0.121970 -0.187246 0.463648 0.449640 -0.202725 -0.396283 0.404151 -0.112075 0.122696 -0.058800 0.307831 0.322857 -0.199602 -0.189806 -0.131136 -0.273595 -0.009877 -0.321078 -0.269416 0.078242 -0.172062 -0.033497 -0.053649 0.034196 0.145418 0.055013 0.233991 0.208413 -0.071735 -0.051209 0.356769 0.313572 0.459570 0.353382 -0.202669 -0.443081 -0.149653 -0.544624 -0.149823 -0.079940 -0.066974 -0.327931 0.812455 0.220206 0.388402 -0.083551 0.296355 -0.065404 0.225189 0.170725 0.434447 0.412929 0.250631 0.437382 0.127528 -0.076214 -0.023278 -0.148669 0.005094 -0.074666 -0.182962 -0.337311 -0.314033 -0.342889 -0.364779 -0.072691 -0.263578 -0.313064 -0.008092 -0.110309 -0.146969 0.047933 0.216234 0.042358 -0.084315 -0.166639 -0.144659 -0.037297 -0.078304 -0.093933 -0.427843 -0.436480 -0.152916 -0.070047 -0.227773 0.066835
-0.044976 0.112207 -0.286159 -0.149712 -0.222570 -0.531304 0.205513 0.335263 0.104959 -0.008863 0.167664 0.594027 0.371120 0.441006 0.300272 0.555400 0.430392 0.564555 -0.089828 -0.201118 0.189049 -0.037820 -0.360273 -0.439024 -0.383339 -0.311414 -0.169622 -0.543755 0.670373 1.000000 0.084112 0.111565 0.485456 0.547904 -0.164545 -0.082438 0.177258 0.024796 0.112492 -0.090979 0.209419 0.403224 0.012826 0.010388 0.023396 -0.191260 0.053127 -0.314745 -0.194814 -0.074547 -0.319338 -0.111736 -0.185301 -0.122386 -0.060756 -0.096953 0.075081 -0.061859 -0.154516 -0.356746 0.387618 0.267668 0.254975 0.134581 -0.157531 -0.162341 -0.319351 -0.409544 -0.385590 -0.304121 0.059222 0.009259 0.772005 0.505922 0.473958 0.192622 0.349571 0.073800 0.064127 0.118251 0.152224 0.186445 0.108689 0.340523 -0.166850 -0.326449 -0.042125 0.105211 -0.070742 -0.333552 -0.165782 -0.414395 -0.187011 -0.238205 -0.291120 -0.057401 -0.201017 -0.344731 -0.173587 -0.187430 -0.052044 -0.015729 0.042120 0.067730 0.129703 0.052393 -0.184609 0.117054 -0.177788 -0.053994 -0.204513 -0.377759 -0.052419 -0.068763 -0.023492 0.033959
-0.158863 -0.258862 0.227109 -0.013858 0.287196 0.163182 0.119545 0.036606 0.304899 0.406578 0.103223 0.145264 -0.019780 -0.033528 0.014877 -0.049623 -0.281752 -0.221540 -0.163528 -0.198927 0.375526 0.328548 0.280544 0.359985 0.344802 0.279586 0.144713 0.232643 -0.121970 0.084112 1.000000 0.708505 -0.016909 0.069987 0.095531 0.246914 -0.088282 0.197257 -0.002331 0.089400 -0.106207 -0.013895 0.307113 0.287616 -0.067456 0.109963 -0.056941 -0.024016 -0.067680 -0.252057 -0.214690 -0.099462 -0.197153 -0.181049 -0.393567 -0.346213 -0.184997 -0.256488 -0.162047 -0.329435 -0.215058 -0.264043 -0.348999 -0.346198 0.218338 0.357321 -0.226183 0.092957 -0.298467 -0.248124 0.478462 0.622300 -0.002584 0.343230 0.131350 0.414761 0.290138 0.314690 -0.158758 -0.012137 -0.477609 -0.429627 -0.320843 -0.303569 -0.474846 -0.211510 -0.033716 0.141325 -0.258360 -0.279806 0.094475 0.102330 0.161828 0.271151 0.238491 0.198468 0.067906 0.141569 -0.295846 0.162539 -0.012564 0.057882 -0.124102 -0.324452 -0.086057 0.044028 0.108181 0.020894 0.241238 0.064727 0.245447 0.151722 0.068662 0.177045 0.436527 0.094458
-0.344279 -0.330386 0.254261 0.253193 0.138805 0.295841 0.167586 0.334345 0.216189 0.303400 -0.175462 0.253230 -0.204006 0.066918 -0.054994 -0.026695 -0.344475 -0.193205 -0.324361 -0.458121 0.266256 0.392849 0.290052 0.476268 0.222526 0.491081 -0.047875 0.158412 -0.187246 0.111565 0.708505 1.000000 -0.051454 0.200117 0.227563 0.487429 -0.210369 0.137813 -0.079848 -0.009539 -0.160247 0.019779 0.268786 0.205726 0.147009 0.227163 0.040004 0.021814 0.095256 -0.171235 -0.140909 -0.011956 -0.153141 -0.093389 -0.404787 -0.268167 -0.235185 -0.438003 -0.167948 -0.360570 -0.078491 -0.143701 -0.269984 -0.328380 0.225208 0.448053 -0.208285 0.114440 -0.335857 -0.373459 0.282529 0.642608 -0.041118 0.228659 -0.024073 0.371868 0.121420 0.372801 -0.073575 -0.070987 -0.377700 -0.465975 -0.259048 -0.209002 -0.527451 -0.276275 0.009567 0.071576 -0.209387 -0.389463 0.150435 0.024971 0.247823 0.206487 0.183928 0.131470 0.084045 0.081358 -0.188738 0.034344 -0.046753 -0.071561 -0.028192 -0.260348 -0.057770 -0.043660 0.227981 -0.026594 0.217906 0.066000 0.251435 0.168278 0.057666 0.213281 0.384360 -0.011097
0.364707 0.524708 -0.262645 -0.039179 -0.477818 -0.529925 -0.003546 0.184866 -0.254176 -0.403104 0.160503 0.290573 0.360993 0.291972 -0.067682 0.123875 0.426419 0.327830 0.306966 0.152444 -0.027104 -0.107974 -0.431717 -0.522648 -0.484846 -0.411345 -0.245037 -0.433581 0.463648 0.485456 -0.016909 -0.051454 1.000000 0.849129 -0.324689 -0.396556 0.064290 -0.166894 -0.043900 -0.174597 0.147082 0.175446 -0.297633 -0.242501 -0.101597 -0.199237 -0.097397 -0.243389 -0.162776 0.015751 -0.168107 -0.028204 -0.040081 -0.008920 0.040222 0.218227 0.430058 0.294749 -0.008026 0.000114 0.373558 0.353520 0.419798 0.408712 -0.275598 -0.371658 -0.013235 -0.294132 -0.045397 0.045122 -0.184228 -0.165583 0.508255 0.158348 0.111612 0.013971 0.231924 -0.160941 0.259348 0.298657 0.344088 0.364672 0.087723 0.212433 0.049027 -0.041588 -0.078522 -0.094762 -0.028096 0.017709 -0.442329 -0.443117 -0.437061 -0.425069 -0.325808 -0.174912 -0.156995 -0.250623 0.058420 -0.048927 -0.210928 -0.116617 0.061825 -0.066086 -0.177128 -0.240434 -0.213723 -0.042778 -0.216187 -0.211507 -0.435468 -0.316427 0.015224 -0.231214 -0.358627 0.148716
0.156943 0.352273 -0.215540 0.098167 -0.430137 -0.505449 0.126886 0.401288 -0.134536 -0.292413 0.052662 0.415006 0.293600 0.359795 0.014266 0.187316 0.389362 0.228104 0.148981 -0.004910 0.046419 -0.082843 -0.409578 -0.434833 -0.500001 -0.275220 -0.302578 -0.484980 0.449640 0.547904 0.069987 0.200117 0.849129 1.000000 -0.263550 -0.129981 0.104272 -0.034280 -0.042088 -0.082394 0.185421 0.267836 -0.225787 -0.189491 -0.109940 -0.070846 -0.127643 -0.258213 -0.207935 -0.087521 -0.268589 -0.129166 -0.125077 -0.071833 -0.052670 0.101638 0.303659 0.152590 -0.054885 -0.172062 0.426479 0.363114 0.324610 0.249824 -0.202781 -0.166611 -0.133144 -0.257054 -0.156303 -0.083579 -0.134368 -0.073483 0.520873 0.190438 0.069774 0.091285 0.268674 0.004896 0.234715 0.179242 0.272846 0.197700 0.079558 0.242139 -0.050841 -0.132823 -0.110691 -0.117934 -0.019697 -0.075693 -0.342616 -0.448991 -0.338632 -0.345798 -0.194803 -0.066941 -0.159975 -0.148297 0.004230 -0.005798 -0.223098 -0.146600 0.106225 -0.130476 -0.181163 -0.267223 -0.124140 0.054250 -0.123323 -0.060042 -0.279135 -0.229467 0.070917 -0.145460 -0.283206 0.215248
-0.288505 -0.225372 0.045889 0.157213 -0.014542 0.434333 -0.324170 -0.353235 -0.166238 0.047317 -0.323439 -0.240833 -0.508517 -0.399470 -0.360288 -0.360139 -0.235835 -0.002547 -0.069160 -0.051057 -0.050124 0.243542 0.434681 0.395560 0.470119 0.430755 0.263393 0.428971 -0.202725 -0.164545 0.095531 0.227563 -0.324689 -0.263550 1.000000 0.538751 -0.087124 -0.073110 -0.006170 -0.113298 -0.229201 -0.176638 0.014637 -0.006749 0.056763 0.121369 0.056238 0.101072 0.075820 -0.019076 0.294088 0.098929 -0.084889 0.101170 -0.083913 -0.065492 -0.318868 -0.049219 -0.162624 0.090509 -0.436888 -0.246074 0.012649 0.035112 0.346421 0.215717 0.375680 0.337892 0.028793 0.027440 -0.038326 0.014747 -0.242391 -0.098002 -0.169270 0.008151 -0.152920 0.176479 -0.164667 0.042101 -0.094555 -0.094986 -0.106193 -0.159054 -0.102526 0.125347 0.123299 0.005011 -0.261944 -0.267105 0.245183 0.120595 -0.030349 -0.054648 0.029768 0.149561 0.065464 -0.008706 0.153339 -0.087553 -0.082069 -0.170620 -0.024562 0.178105 0.160846 0.164482 0.240824 -0.204289 0.197761 0.158017 0.105061 0.077555 -0.141448 0.130175 0.199597 0.106904
-0.621692 -0.518815 0.139096 0.239198 0.225373 0.433685 0.199943 0.270702 0.274772 0.440734 -0.278883 0.114594 -0.342096 0.057946 0.062718 -0.002467 -0.507944 -0.280494 -0.298856 -0.249751 0.288723 0.378730 0.372302 0.480220 0.297046 0.537229 0.094187 0.242153 -0.396283 -0.082438 0.246914 0.487429 -0.396556 -0.129981 0.538751 1.000000 -0.162753 0.172900 -0.001014 0.018381 -0.206795 0.066082 0.347974 0.312101 0.166855 0.343067 0.163001 0.155626 0.054470 -0.090720 -0.132261 -0.090069 -0.209162 -0.166834 -0.388133 -0.278334 -0.628134 -0.549534 -0.183330 -0.322266 -0.332238 -0.315877 -0.475354 -0.537348 0.286105 0.515016 -0.200835 0.275815 -0.237311 -0.354088 0.236402 0.383823 -0.272382 0.200438 -0.040127 0.322759 0.098081 0.459045 -0.376802 -0.352025 -0.502433 -0.543868 -0.142867 -0.114856 -0.371456 -0.202156 0.022161 0.210834 -0.010506 -0.260534 0.391203 0.229426 0.391499 0.297403 0.218375 0.088956 -0.025897 0.135130 -0.157115 -0.043243 0.168044 0.039619 0.055472 -0.105681 0.153882 0.141359 0.311667 0.114687 0.185985 0.338741 0.488241 0.368682 0.208130 0.146118 0.368091 0.078262
