1.000000 0.458063 0.022454 -0.052406 0.257354 0.085751 0.055099 -0.219941 0.195120 0.076199 -0.122829 -0.177741 0.011023 -0.082197 0.061469 0.080517 -0.163643 0.002665 0.369973 0.228210 -0.104842 -0.174705 -0.169497 -0.337071 0.061938 -0.095875 -0.041547 0.012737 0.099798 -0.037292 -0.279671 -0.381977 0.195113 -0.177617 -0.264926 -0.261469 0.095550 0.037524 0.034051 -0.090290 -0.102452 -0.132778 -0.198347 -0.135257 -0.365452 -0.436999 0.133608 -0.087108 -0.133415 -0.328512 -0.067048 0.022574 0.394013 0.190282 0.267475 0.198561 0.501328 0.205343 0.317341 0.305465 0.428138 0.022605 0.211327 0.176702 -0.318560 -0.469265 0.072749 -0.419884 0.300213 0.127950 -0.008923 -0.216146 0.203863 -0.108492 -0.015792 -0.176584 0.160066 -0.116809 -0.192012 0.073571 -0.067282 -0.038122 0.101306 0.088241 -0.195533 -0.079832 -0.092716 0.014975 0.154584 0.267670 0.141750 0.181736 -0.091457 0.106707 -0.173025 -0.112235 0.270532 0.279486 0.430069 0.327666 0.074662 0.138015 0.131441 0.174431 0.224757 0.115186 0.020584 0.051525 -0.100092 -0.057434 0.101661 0.371338 0.296741 0.039631 0.178234 0.130043
0.458063 1.000000 -0.098018 0.034010 0.250594 0.143503 0.095385 0.114696 0.080671 0.055027 -0.066382 0.143902 0.294049 0.283116 -0.080565 0.096882 -0.287743 -0.105691 0.070404 0.147266 -0.084147 -0.185404 -0.215742 -0.379429 -0.092113 -0.188810 -0.014363 -0.167414 0.006014 -0.053691 -0.282088 -0.353280 0.253802 0.124429 -0.296193 0.004003 -0.221099 -0.066692 -0.200099 -0.249602 -0.166285 -0.135405 -0.266702 -0.150083 -0.198394 -0.195169 0.051411 -0.118747 0.098239 -0.147252 0.053063 0.171941 0.465390 0.220837 0.095621 0.087967 0.092326 0.306144 0.525776 0.529494 0.317338 0.299674 -0.050346 0.218763 -0.427638 -0.184394 0.142872 -0.110658 0.136791 0.184009 -0.046375 -0.219821 0.088466 -0.036863 -0.046467 -0.260625 -0.028752 -0.350293 -0.227607 -0.096757 0.000368 -0.104048 0.111341 0.140560 -0.247395 -0.011094 -0.214234 0.065328 0.086646 0.233639 0.049814 -0.102837 -0.178296 -0.247006 -0.185327 -0.305810 0.111021 0.045264 0.179461 0.078265 -0.074080 -0.053164 -0.066195 -0.043973 0.159297 -0.010065 0.040785 -0.119422 -0.267253 -0.106530 0.174485 0.216803 -0.050778 -0.121292 0.085555 0.244426
0.022454 -0.098018 1.000000 0.115314 0.269260 0.304664 0.690874 0.130929 0.221859 -0.002948 -0.264071 -0.246294 0.036783 -0.159159 0.106234 -0.168000 -0.151574 -0.083991 0.394567 -0.107411 -0.055647 0.049321 0.599629 0.270499 0.368954 0.236108 0.218343 0.383827 -0.295724 -0.285464 0.012874 -0.048977 0.090757 0.000058 0.261701 0.107976 -0.152084 -0.310324 -0.210275 -0.225734 -0.201195 -0.039376 -0.260829 -0.332953 -0.277204 -0.157954 -0.285398 -0.256519 0.050738 -0.294801 0.045435 -0.053341 -0.251503 -0.185649 -0.110417 -0.189708 0.076759 0.072601 0.095352 0.030920 0.190670 -0.186147 -0.215627 -0.190777 0.162511 -0.032474 0.242644 0.072849 -0.062833 0.142701 -0.007571 -0.137462 -0.243823 -0.192157 -0.213246 -0.151916 -0.193108 -0.188003 -0.031691 -0.024347 -0.109501 0.063017 0.029117 -0.049583 -0.090586 -0.215023 0.147883 0.023764 0.348094 0.107405 -0.082537 0.374792 -0.044386 0.295559 -0.136194 -0.178773 -0.206451 -0.262603 -0.254415 -0.204281 0.048085 0.236414 0.170533 0.253043 0.120849 -0.064589 -0.073279 -0.099801 -0.101100 -0.180174 0.033163 -0.337795 0.055878 0.145061 0.103738 -0.092458
-0.052406 0.034010 0.115314 1.000000 0.039033 0.342961 0.096700 0.520112 -0.072768 0.364074 -0.128298 0.135099 -0.141473 0.122134 -0.069371 0.288308 -0.113322 -0.257598 0.042433 0.074370 0.119577 0.160149 0.081078 0.261840 0.077819 0.131717 0.287669 0.307596 -0.343516 -0.295978 0.006310 0.112581 0.105299 0.204917 0.096374 0.154250 -0.209638 -0.101886 -0.104365 -0.085942 -0.169435 -0.100878 -0.101319 -0.104787 -0.208291 -0.123068 -0.038029 0.099226 -0.114637 -0.134501 -0.228175 -0.184342 -0.188999 -0.246017 -0.044357 -0.100008 -0.070285 -0.177839 -0.140419 -0.120542 -0.003800 0.287705 -0.101845 -0.232864 0.075445 0.436530 -0.191270 0.040090 -0.109445 0.017957 -0.292968 -0.121032 -0.382854 -0.294581 -0.280500 -0.229483 -0.263478 -0.044778 -0.152588 -0.330287 -0.239410 -0.418692 -0.121548 -0.039824 -0.098723 -0.032178 0.023993 -0.077823 0.189200 0.189857 0.338025 0.197348 0.323329 0.219958 -0.164763 -0.226690 -0.049020 -0.255420 -0.064569 -0.102868 0.271774 0.137034 0.200199 0.133699 0.050772 -0.205362 0.142809 -0.044561 -0.208306 -0.097433 0.196820 -0.274948 -0.060087 0.129407 0.004871 -0.063357
0.257354 0.250594 0.269260 0.039033 1.000000 0.402367 0.447062 0.070888 0.433450 0.454822 -0.075805 0.071927 0.365097 0.341763 0.188167 0.403227 -0.255183 -0.078791 0.145995 -0.055747 0.034614 -0.130789 -0.094112 -0.297495 0.202942 -0.141395 0.326602 0.027981 -0.040117 -0.012874 -0.266256 -0.415105 -0.040649 -0.145471 -0.180261 -0.130094 -0.116123 -0.103225 -0.243302 -0.304231 -0.280304 0.025648 -0.093277 -0.118708 -0.109227 -0.130731 0.097969 -0.028000 0.143735 -0.188279 0.151721 0.076743 0.220641 0.044956 0.103804 0.149684 -0.039289 -0.003842 0.402706 0.219395 0.330430 0.167533 0.054360 -0.022728 -0.304318 -0.272142 0.193170 -0.113039 0.047248 0.077043 0.042370 -0.231447 0.019047 0.000130 -0.090782 -0.188862 -0.121991 -0.193941 -0.226599 -0.056292 0.055072 0.114019 0.235382 0.262283 -0.266760 -0.049453 -0.093330 0.081587 0.309533 0.262483 -0.031706 0.012489 -0.103948 -0.120152 -0.148925 -0.134091 0.027138 0.069127 -0.005587 -0.057232 0.048284 0.053493 0.123895 0.202900 0.325490 0.147496 -0.071769 0.029426 -0.114323 -0.190382 0.156048 -0.039853 0.102426 0.084131 0.256932 0.224011
0.085751 0.143503 0.304664 0.342961 0.402367 1.000000 0.190816 0.128638 0.155954 0.320325 -0.288243 -0.096579 -0.025518 0.045050 0.024281 0.247537 -0.358537 -0.328023 -0.056738 -0.202815 0.050313 0.087206 0.227408 0.125390 0.375339 0.262339 0.458531 0.587824 -0.416220 -0.307878 -0.355209 -0.320134 -0.179369 -0.222386 0.201910 0.210446 -0.049397 -0.026114 -0.247422 -0.244652 -0.206098 0.056499 -0.203763 -0.182391 -0.262793 -0.122121 -0.056344 -0.007116 0.084667 -0.163542 0.126047 0.097780 0.041416 -0.114548 0.160988 -0.003146 0.117552 -0.014463 0.182832 0.206321 0.122783 -0.010892 -0.178166 -0.299517 -0.028983 0.079294 0.118925 0.061875 0.055608 0.134900 -0.254524 -0.253682 -0.380391 -0.249441 -0.375120 -0.237287 -0.289610 -0.165024 -0.244828 -0.263577 -0.188118 -0.174380 0.149110 0.135877 -0.162467 0.159258 0.093405 0.226740 0.551181 0.506974 0.237282 0.268076 0.184169 0.216170 -0.399744 -0.208245 -0.004334 -0.067667 0.031811 -0.087267 0.155431 0.123071 0.194164 0.229791 0.274239 0.157653 0.105144 0.073321 -0.190022 -0.241498 0.382544 -0.186446 0.049068 0.143341 0.243561 0.167005
0.055099 0.095385 0.690874 0.096700 0.447062 0.190816 1.000000 0.454005 0.360534 0.181946 -0.069836 0.092662 0.365793 0.306114 0.080651 0.031052 -0.221659 0.038263 0.262964 -0.097473 -0.079898 -0.214843 0.149383 -0.091343 -0.042244 -0.096887 -0.003061 0.066594 -0.072440 -0.101631 -0.074243 -0.195333 0.064298 0.073495 0.076708 -0.014825 -0.243151 -0.278502 -0.289372 -0.253808 -0.297908 -0.076110 -0.183654 -0.270587 -0.105019 -0.062966 -0.243989 -0.142886 0.073807 -0.198637 -0.077120 -0.157770 -0.144880 -0.175723 -0.231974 -0.116370 -0.083971 -0.088637 0.225666 0.035058 0.275329 0.140149 0.012176 -0.096749 -0.105751 -0.073297 0.225335 0.098877 -0.102898 0.121409 0.101366 -0.192894 0.019557 -0.101939 -0.018843 -0.236327 -0.266059 -0.403741 -0.168539 -0.119128 0.033367 -0.005783 0.151911 0.180955 -0.265310 -0.150800 0.095268 0.091028 0.293042 0.148972 0.051572 0.308683 0.028777 0.129199 -0.166192 -0.154889 -0.312277 -0.194722 -0.242900 -0.161694 0.127649 0.135904 0.201456 0.158027 0.149453 -0.095676 0.104880 -0.016656 -0.088954 -0.246527 0.027203 -0.129642 -0.024371 0.090186 0.110287 0.024927
-0.219941 0.114696 0.130929 0.520112 0.070888 0.128638 0.454005 1.000000 -0.075239 0.410202 -0.062345 0.244197 0.117692 0.497861 -0.317182 0.057285 -0.160349 -0.014081 -0.187334 0.016626 -0.016461 -0.190961 -0.161330 0.022967 -0.305682 -0.108590 -0.131360 -0.180728 -0.094643 -0.029926 0.129318 0.151802 0.068541 0.414025 0.137012 0.225364 -0.389877 -0.305753 -0.277955 -0.195092 -0.256088 -0.182525 -0.167792 -0.141321 -0.036456 0.125811 -0.255659 0.031859 -0.053426 -0.050371 -0.281684 -0.258383 -0.259337 -0.343057 -0.296742 -0.258031 -0.233712 -0.250401 0.021936 -0.045433 -0.022783 0.407656 0.012220 -0.008578 -0.201046 0.331234 0.036037 0.353727 -0.259719 0.041996 -0.102604 -0.096374 -0.049997 -0.128372 -0.081903 -0.309828 -0.406189 -0.313598 -0.147243 -0.204080 0.075846 -0.239444 0.029177 0.145132 -0.301132 -0.144054 0.097184 0.021777 -0.034453 0.016152 0.239553 0.101479 0.184307 -0.012653 -0.152502 -0.125611 -0.309719 -0.347353 -0.232295 -0.236019 0.227459 0.145497 0.268928 0.128740 0.112904 -0.124390 0.223704 -0.082115 -0.086709 -0.065559 0.025382 -0.250132 -0.221202 0.074738 0.091374 0.085550
0.195120 0.080671 0.221859 -0.072768 0.433450 0.155954 0.360534 -0.075239 1.000000 0.431860 0.105858 0.055609 0.084139 0.064855 0.600112 0.393927 0.237068 0.008848 0.251321 0.020198 0.021151 -0.033735 -0.169756 -0.401503 -0.176555 -0.439672 0.369514 0.067297 -0.017223 0.015371 -0.117596 -0.387646 0.065051 -0.286743 -0.138575 -0.167857 -0.004466 -0.101410 0.047152 0.031376 -0.110183 0.236555 -0.000718 -0.109879 -0.077388 -0.139420 -0.090397 -0.105496 -0.007539 -0.156343 0.106681 0.013869 0.097879 0.037027 0.017551 -0.046134 0.194898 0.250484 0.109394 0.021543 0.256150 0.041795 0.217201 0.123472 -0.086696 -0.255487 0.125993 -0.136145 0.176443 0.055398 -0.039242 -0.242976 -0.079227 0.034090 -0.032771 0.058194 0.064550 -0.057204 -0.052715 -0.153778 -0.072774 -0.098893 -0.098969 -0.038243 -0.051997 0.010814 -0.296630 -0.253056 0.152876 0.066241 0.106588 0.169910 -0.027101 0.090416 -0.048449 -0.056667 -0.123704 -0.029697 -0.006558 -0.010588 0.036743 -0.075610 -0.113717 -0.083996 -0.098888 -0.143521 0.032014 0.084943 -0.060813 -0.168803 -0.009402 0.022676 0.112117 -0.260341 -0.044965 0.055113
0.076199 0.055027 -0.002948 0.364074 0.454822 0.320325 0.181946 0.410202 0.431860 1.000000 -0.010865 0.111464 0.073143 0.267260 0.182222 0.516547 0.053399 -0.100327 -0.023929 0.127513 0.076215 -0.068191 -0.276899 -0.233471 -0.068415 -0.181412 0.178380 -0.069741 0.062570 0.075959 0.001485 -0.088463 0.027015 0.062973 -0.115747 0.082550 -0.178475 -0.181828 -0.145314 -0.167117 -0.364445 0.028543 -0.140385 -0.116704 -0.131589 -0.114344 -0.056028 0.065145 -0.004535 -0.114538 -0.100447 -0.028711 -0.016074 -0.105253 -0.074349 -0.118883 -0.053925 -0.067374 0.019230 0.051196 0.095743 0.217175 0.197470 0.058291 -0.362577 -0.149732 0.033869 0.002644 0.038008 0.102538 -0.102131 -0.131618 -0.109145 -0.024697 -0.180470 -0.075355 -0.166243 -0.091388 -0.033272 -0.155185 0.057950 -0.071641 0.060520 0.134725 -0.253932 -0.153436 -0.133151 -0.164368 0.141929 0.119193 0.252891 0.130786 0.105205 0.018195 -0.213597 -0.125440 -0.131657 -0.164372 -0.112978 -0.176058 0.274887 0.118321 0.156069 0.157230 0.136452 -0.096252 0.158372 0.030619 -0.242629 -0.123738 0.146529 -0.154520 -0.068432 -0.049859 0.152689 0.199648
-0.122829 -0.066382 -0.264071 -0.128298 -0.075805 -0.288243 -0.069836 -0.062345 0.105858 -0.010865 1.000000 0.588192 0.365816 0.324297 0.442958 0.341765 0.389155 0.079638 -0.066474 -0.074329 0.156125 0.119894 -0.237873 -0.108393 -0.424429 -0.335665 0.008326 -0.259084 0.427521 0.157856 0.055987 0.056752 0.042555 0.171167 0.053483 -0.003109 -0.074014 0.067972 0.165532 0.218880 0.071374 0.091759 0.268592 0.273827 0.343341 0.238147 0.074985 0.206860 -0.097207 0.221549 -0.110850 -0.084615 -0.014281 -0.061261 -0.121424 0.055792 -0.250097 -0.096605 -0.143223 -0.263391 0.084777 0.260233 0.212582 0.104042 0.151404 0.127784 -0.245454 -0.047049 -0.327787 -0.410535 -0.001543 0.057774 0.105908 0.225508 0.120611 0.174736 0.063820 -0.035020 0.144837 0.038084 -0.093831 0.021956 -0.276925 -0.011517 0.273411 0.160137 -0.312399 -0.334200 -0.248105 -0.306500 -0.229767 -0.134772 -0.102507 -0.149739 0.317519 -0.070553 -0.176436 -0.010107 -0.189845 0.080833 -0.065841 -0.367320 -0.399071 -0.427012 -0.459356 -0.251282 -0.134721 -0.094112 -0.031704 0.113183 -0.068023 0.171689 -0.055124 -0.312206 -0.350050 -0.174005
-0.177741 0.143902 -0.246294 0.135099 0.071927 -0.096579 0.092662 0.244197 0.055609 0.111464 0.588192 1.000000 0.395655 0.586886 0.249988 0.518613 0.055652 0.065777 -0.339722 -0.086462 0.245386 0.157377 -0.299324 -0.178863 -0.350354 -0.257720 -0.041821 -0.241505 0.280098 0.272851 0.011980 0.080283 0.038489 0.276733 0.070868 0.100742 -0.245325 0.046955 0.091505 0.098769 -0.046622 0.092284 0.286503 0.282217 0.273649 0.298515 0.128692 0.283200 0.032207 0.119590 -0.300895 -0.074598 -0.122971 -0.082517 -0.256745 -0.000452 -0.265392 -0.163843 -0.040589 -0.303429 -0.090347 0.387667 -0.091563 -0.076697 -0.108776 0.183327 -0.200734 0.023112 -0.231373 -0.189849 -0.008333 0.180566 0.005674 0.188620 0.072297 0.193480 -0.005577 -0.001570 0.031172 -0.171866 -0.005006 -0.135846 -0.067364 0.307928 -0.036537 0.075389 -0.235290 -0.262139 -0.139091 -0.174424 -0.068911 -0.162975 -0.011620 -0.100718 0.132269 -0.230240 -0.125082 0.017461 -0.228240 0.023732 -0.031831 -0.252713 -0.235842 -0.280855 -0.168301 -0.208399 0.038157 -0.045509 -0.252900 0.175047 0.137009 0.145443 -0.044859 -0.201859 -0.125382 0.002900
0.011023 0.294049 0.036783 -0.141473 0.365097 -0.025518 0.365793 0.117692 0.084139 0.073143 0.365816 0.395655 1.000000 0.601848 0.196236 0.136828 -0.348591 -0.053569 0.065287 -0.154050 -0.111175 -0.205135 0.068729 -0.173235 -0.068015 -0.132414 -0.068932 -0.214561 0.297045 -0.049579 -0.199288 -0.177081 -0.109920 0.031948 -0.167354 -0.031695 -0.113311 -0.107983 -0.207575 -0.298112 -0.138925 -0.192551 -0.111014 -0.041289 -0.022302 -0.070089 -0.093505 -0.085453 0.183972 0.037615 0.127788 0.138849 0.116539 0.012247 -0.145594 0.054848 -0.355041 -0.158840 0.244889 0.126334 0.244538 0.224628 -0.115260 -0.129970 -0.204876 -0.080309 0.009791 -0.090011 -0.147256 0.085621 0.107569 -0.149945 0.108392 0.024677 0.101715 -0.164579 -0.149340 -0.406380 0.004007 -0.037538 0.348198 0.132065 0.299042 0.278698 0.050019 0.107888 -0.049451 0.205085 0.234486 0.109194 -0.210130 -0.001844 -0.073780 -0.157767 0.001496 -0.002718 -0.047653 -0.003574 -0.163275 -0.175814 0.035387 -0.115536 -0.009507 0.013130 0.203628 -0.002806 0.076284 -0.071548 -0.173979 -0.135903 0.006156 -0.066057 -0.135975 -0.003240 0.176013 0.255748
-0.082197 0.283116 -0.159159 0.122134 0.341763 0.045050 0.306114 0.497861 0.064855 0.267260 0.324297 0.586886 0.601848 1.000000 -0.023901 0.392693 -0.188508 0.122443 -0.188664 -0.124243 0.015491 -0.215369 -0.354715 -0.306275 -0.369911 -0.288197 -0.078525 -0.384307 0.231321 0.210488 -0.080327 -0.103854 -0.093026 0.233897 -0.030635 0.088803 -0.263740 -0.119937 -0.230180 -0.182608 -0.149214 -0.112510 0.017178 -0.005318 0.122956 0.066175 -0.096532 -0.025985 0.029127 -0.064729 -0.074087 -0.148960 0.007591 -0.212638 -0.244697 -0.077652 -0.313166 -0.253594 0.206403 -0.005444 0.195746 0.564340 0.116274 0.038565 -0.295945 0.078668 -0.033220 0.125110 -0.127426 -0.055562 0.089084 -0.075097 0.204195 0.099967 0.060189 -0.187502 -0.214682 -0.280122 -0.240970 -0.131168 0.209995 -0.099792 0.127688 0.396719 -0.248459 -0.048067 -0.128743 0.002958 0.092647 0.052216 0.090580 -0.095136 0.061606 -0.164100 0.083166 -0.016224 -0.183675 -0.036673 -0.135875 -0.115249 0.167062 -0.099988 0.073804 -0.072094 0.082419 -0.040663 0.192485 0.052186 -0.025215 -0.125337 0.025852 -0.047099 -0.188392 -0.062222 0.033557 0.127134
0.061469 -0.080565 0.106234 -0.069371 0.188167 0.024281 0.080651 -0.317182 0.600112 0.182222 0.442958 0.249988 0.196236 -0.023901 1.000000 0.508054 0.367518 -0.117031 0.250043 -0.007030 0.157139 0.255116 0.065770 -0.166728 -0.081116 -0.335170 0.444456 0.236397 0.075803 -0.128935 -0.103247 -0.224285 -0.012757 -0.249965 -0.073635 -0.124509 -0.026454 0.027670 0.326679 0.167394 0.011452 0.289274 0.090715 0.038973 -0.009977 -0.086491 0.028624 0.034302 -0.021274 -0.007121 0.044079 0.066022 0.066920 0.073591 0.028518 0.015202 0.026224 0.184625 -0.055467 -0.143703 0.203828 0.003873 0.021025 -0.061303 0.240665 -0.094786 -0.105171 -0.254857 -0.076912 -0.040860 -0.139335 -0.107585 -0.238186 0.028456 -0.052663 0.212743 0.055429 -0.013095 0.189275 -0.078825 -0.056923 -0.011029 -0.126568 -0.015210 0.353626 0.147697 -0.254598 -0.304865 0.138241 -0.028362 -0.077557 0.128731 -0.053674 0.050475 0.136403 -0.107599 -0.088859 0.016068 -0.084188 0.033150 -0.055270 -0.269960 -0.357003 -0.279598 -0.306189 -0.207943 -0.070793 -0.093766 -0.138920 -0.079404 0.014461 0.025932 0.148907 -0.276528 -0.112666 -0.007814
0.080517 0.096882 -0.168000 0.288308 0.403227 0.247537 0.031052 0.057285 0.393927 0.516547 0.341765 0.518613 0.136828 0.392693 0.508054 1.000000 0.110648 -0.134748 -0.060159 -0.037319 0.187344 0.164772 -0.296623 -0.270560 -0.168611 -0.328402 0.403382 0.000200 0.125046 0.174836 -0.223631 -0.221329 -0.000911 -0.040029 -0.081981 -0.023590 -0.026458 0.193494 0.238761 0.121257 -0.092530 0.272286 0.005112 -0.023610 -0.066314 -0.163145 0.192834 0.154771 -0.046010 -0.171994 -0.159605 -0.083089 0.129533 0.000074 0.087477 0.173985 -0.066472 -0.049805 0.053513 -0.150693 0.216687 0.407063 0.088336 -0.125616 -0.093534 0.023259 -0.169089 -0.263567 0.013032 -0.050156 -0.194108 -0.143244 -0.082592 0.122007 -0.006925 0.099134 0.005224 -0.042957 -0.066542 -0.235579 -0.126256 -0.235990 -0.052634 0.338590 -0.023080 0.079381 -0.190720 -0.221048 0.143428 0.139353 0.133990 0.063636 0.052458 -0.044543 0.070498 -0.099855 0.086848 0.122303 -0.046972 0.077066 0.099285 -0.178824 -0.141561 -0.172431 -0.078562 -0.062612 -0.023265 0.106256 -0.138417 -0.089403 0.273637 0.078180 0.033232 -0.130593 -0.023928 0.130792
-0.163643 -0.287743 -0.151574 -0.113322 -0.255183 -0.358537 -0.221659 -0.160349 0.237068 0.053399 0.389155 0.055652 -0.348591 -0.188508 0.367518 0.110648 1.000000 0.452421 -0.037329 0.058440 0.238487 0.312332 -0.181601 -0.079830 -0.301451 -0.261023 0.098734 -0.091323 0.190737 0.272105 0.441422 0.233559 0.130883 0.064367 -0.008318 -0.095612 0.030704 -0.043436 0.210787 0.306239 0.102782 0.282330 0.325776 0.225584 0.280364 0.212118 -0.012150 0.065160 -0.358188 0.010814 -0.147173 -0.303833 -0.221338 -0.171231 -0.176700 -0.294969 0.280946 0.417840 -0.448359 -0.459134 -0.093940 -0.085148 0.446210 0.480374 0.274433 -0.034574 -0.315917 -0.091496 -0.091122 -0.335623 0.055717 0.261614 0.119751 0.397928 0.131805 0.438003 0.388005 0.388743 0.341724 0.298387 -0.076562 0.206560 -0.560467 -0.432354 0.261725 -0.000543 -0.337629 -0.630221 -0.428978 -0.503741 -0.041066 -0.163425 -0.056148 0.003348 0.177694 -0.061175 -0.281264 -0.228902 -0.109569 0.045699 0.026947 -0.172583 -0.327556 -0.333534 -0.591908 -0.347522 -0.208364 -0.181541 0.150033 0.116073 -0.165676 0.061582 0.035563 -0.364707 -0.434411 -0.378159
0.002665 -0.105691 -0.083991 -0.257598 -0.078791 -0.328023 0.038263 -0.014081 0.008848 -0.100327 0.079638 0.065777 -0.053569 0.122443 -0.117031 -0.134748 0.452421 1.000000 -0.006505 0.004940 0.031912 -0.053563 -0.209587 -0.186096 -0.227495 -0.149057 -0.229728 -0.221731 0.260209 0.604266 0.253090 0.136876 0.110637 0.110181 0.054189 -0.222017 0.073116 -0.019141 -0.062795 0.049123 0.018534 0.068040 0.114484 -0.001019 0.050518 -0.044053 -0.079441 -0.116141 -0.440118 -0.277902 -0.248318 -0.430192 -0.181182 -0.169327 -0.182512 -0.255088 0.239724 0.377762 -0.232564 -0.331227 -0.086788 -0.062231 0.437040 0.488650 -0.014980 -0.151443 -0.151251 -0.102726 0.049552 -0.229163 0.265768 0.285748 0.541035 0.419792 0.281710 0.227587 0.208815 0.280178 0.133699 0.650228 0.262414 0.432753 -0.146722 -0.046179 -0.072213 -0.123984 -0.096045 -0.140308 -0.284757 -0.281866 -0.021696 -0.100556 -0.019438 0.099956 0.077167 0.004532 -0.179230 -0.141144 0.032673 -0.098275 0.125490 0.087234 0.055227 -0.015864 -0.154778 -0.092691 -0.174422 -0.123312 0.151024 0.096719 -0.316069 0.172649 -0.014006 -0.068820 -0.124464 -0.246572
0.369973 0.070404 0.394567 0.042433 0.145995 -0.056738 0.262964 -0.187334 0.251321 -0.023929 -0.066474 -0.339722 0.065287 -0.188664 0.250043 -0.060159 -0.037329 -0.006505 1.000000 0.411118 -0.140182 -0.143860 0.144575 -0.077398 -0.007824 -0.219537 0.078439 0.050807 0.019301 -0.136034 -0.009696 -0.190567 0.247051 -0.140387 -0.245404 -0.361325 0.137734 -0.038103 0.045345 -0.063792 -0.091179 -0.055420 -0.268227 -0.274081 -0.316513 -0.504042 0.059029 -0.260694 -0.102687 -0.215197 -0.055231 0.048665 0.222686 0.244997 0.181737 0.143212 0.009968 0.148046 0.062084 0.096839 0.323830 -0.029943 0.101866 0.060994 0.108502 -0.268749 0.042585 -0.337586 0.195257 0.131698 0.081448 -0.138871 0.098561 -0.077394 0.031892 -0.078579 0.007768 -0.071735 -0.102475 0.034001 -0.103606 0.033389 -0.026758 -0.169008 0.090432 -0.086825 -0.090832 -0.011776 0.132094 0.078091 0.010866 0.247689 -0.135822 0.227258 0.079147 -0.076301 0.053033 -0.007642 0.125743 -0.005888 0.094685 0.143667 0.056490 0.062871 -0.016866 -0.186174 0.055778 0.001732 -0.035302 -0.192765 -0.206000 0.081102 0.079930 -0.071030 -0.090090 -0.182127
0.228210 0.147266 -0.107411 0.074370 -0.055747 -0.202815 -0.097473 0.016626 0.020198 0.127513 -0.074329 -0.086462 -0.154050 -0.124243 -0.007030 -0.037319 0.058440 0.004940 0.411118 1.000000 -0.045885 -0.085928 -0.271200 -0.104113 -0.213375 -0.231570 -0.119829 -0.178477 0.224123 0.149817 0.186666 0.050578 0.399179 0.124295 -0.205294 -0.211787 -0.031951 -0.065107 0.102831 -0.010537 0.055627 0.000453 -0.057871 0.000077 -0.108120 -0.200213 0.187721 -0.031973 -0.012282 -0.029685 -0.135657 0.143438 0.247250 0.340092 0.073185 0.085836 0.030048 0.187114 -0.008764 0.166700 -0.125232 -0.081558 0.197090 0.232182 -0.233244 -0.365526 0.076664 -0.075536 0.291258 0.359101 0.053231 -0.001462 0.203213 -0.022368 0.045910 0.005136 0.043534 0.091337 -0.007051 -0.035364 -0.032077 -0.007612 0.060020 -0.040181 -0.064447 -0.256263 -0.161623 -0.177637 -0.253070 -0.147148 0.019877 -0.195295 -0.134031 0.002762 -0.091548 -0.299506 0.069517 -0.046450 0.182063 -0.039463 0.051122 0.063363 -0.004999 -0.063590 -0.059454 -0.379079 0.209925 0.010858 -0.347956 0.068749 -0.227472 0.217402 -0.012147 -0.273351 -0.115101 -0.075200
-0.104842 -0.084147 -0.055647 0.119577 0.034614 0.050313 -0.079898 -0.016461 0.021151 0.076215 0.156125 0.245386 -0.111175 0.015491 0.157139 0.187344 0.238487 0.031912 -0.140182 -0.045885 1.000000 0.704951 -0.077600 0.029544 0.069588 0.094386 0.315192 0.124944 0.005193 0.143559 0.435851 0.383787 0.057692 0.136319 -0.112239 -0.078570 -0.039282 0.130149 0.319573 0.385840 0.097379 0.386197 0.253016 0.240345 0.201111 0.193524 0.098782 0.170832 -0.173858 -0.008785 -0.280204 -0.098304 -0.131205 -0.094854 -0.211722 -0.131615 0.009878 0.188644 -0.241207 -0.276624 -0.305804 -0.038462 -0.114306 0.063248 -0.016216 0.031280 -0.327891 -0.131996 -0.079959 -0.073952 0.189171 0.529640 -0.053057 0.194756 -0.024453 0.498002 0.047290 0.153496 0.087201 -0.087216 -0.232794 -0.042375 -0.214970 -0.082792 -0.018894 -0.045475 -0.214730 -0.374316 -0.007191 -0.103332 -0.065202 -0.200125 -0.042153 -0.151127 -0.067884 -0.226996 -0.295813 -0.108566 -0.147403 0.041734 -0.085649 -0.286371 -0.337236 -0.325250 -0.320928 -0.269599 -0.092887 -0.291094 -0.059367 0.094714 0.094295 0.108779 0.221535 -0.127325 -0.189565 -0.260879
-0.174705 -0.185404 0.049321 0.160149 -0.130789 0.087206 -0.214843 -0.190961 -0.033735 -0.068191 0.119894 0.157377 -0.205135 -0.215369 0.255116 0.164772 0.312332 -0.053563 -0.143860 -0.085928 0.704951 1.000000 0.210561 0.259567 0.294260 0.282508 0.416405 0.406929 -0.104365 0.023230 0.403220 0.410734 -0.010325 -0.022333 0.033011 -0.046279 0.079161 0.215574 0.331004 0.402509 0.131630 0.480278 0.239059 0.183680 0.092226 0.174628 0.086477 0.115846 -0.179499 -0.066685 -0.168241 -0.125465 -0.248735 -0.125989 -0.156874 -0.188031 0.035704 0.208006 -0.337352 -0.356936 -0.284383 -0.234520 -0.155632 -0.040586 0.355015 0.135258 -0.374769 -0.197283 -0.123513 -0.152294 0.159187 0.500928 -0.178352 0.301330 0.012226 0.623628 0.209684 0.242680 0.278482 -0.054614 -0.235103 0.036070 -0.256674 -0.215507 0.275298 0.148041 -0.125547 -0.309407 0.059524 -0.116564 -0.269467 -0.095208 -0.152138 -0.030970 0.026668 -0.307660 -0.253454 -0.165320 -0.288602 0.089457 -0.245197 -0.217916 -0.415868 -0.320452 -0.370378 -0.324471 -0.293387 -0.424830 -0.071280 0.129120 0.119467 0.090650 0.215367 -0.210213 -0.236214 -0.223174
-0.169497 -0.215742 0.599629 0.081078 -0.094112 0.227408 0.149383 -0.161330 -0.169756 -0.276899 -0.237873 -0.299324 0.068729 -0.354715 0.065770 -0.296623 -0.181601 -0.209587 0.144575 -0.271200 -0.077600 0.210561 1.000000 0.653042 0.624945 0.554402 0.179667 0.533548 -0.351242 -0.399550 0.027358 0.189771 -0.057918 -0.079884 0.278134 0.226201 0.012034 -0.221204 -0.152818 -0.216620 -0.073368 -0.142148 -0.211448 -0.181642 -0.203800 -0.096353 -0.243150 -0.152179 0.095114 -0.020406 0.183884 0.041780 -0.272344 -0.142494 -0.159795 -0.226063 0.016279 0.027281 -0.129550 -0.002699 -0.011302 -0.354537 -0.411552 -0.297655 0.430114 0.171471 0.104724 0.058652 -0.109680 0.119526 -0.112866 -0.053947 -0.337328 -0.224985 -0.141249 -0.071330 -0.094075 -0.116389 0.082503 -0.020268 -0.071660 0.076437 -0.002075 -0.183882 0.282818 -0.048973 0.320956 0.153547 0.288318 -0.026544 -0.160793 0.319895 0.023748 0.327507 -0.174214 -0.025267 -0.046014 -0.227652 -0.238539 -0.217049 -0.044808 0.181429 0.097378 0.218701 0.072944 -0.034153 -0.166683 -0.130096 -0.086849 -0.092872 0.089220 -0.402005 -0.021283 0.126423 0.018997 -0.130371
-0.337071 -0.379429 0.270499 0.261840 -0.297495 0.125390 -0.091343 0.022967 -0.401503 -0.233471 -0.108393 -0.178863 -0.173235 -0.306275 -0.166728 -0.270560 -0.079830 -0.186096 -0.077398 -0.104113 0.029544 0.259567 0.653042 1.000000 0.418817 0.622770 0.019769 0.418857 -0.257839 -0.275502 0.275358 0.529477 -0.043592 0.114040 0.357055 0.310493 -0.051354 -0.173353 -0.120669 -0.095305 0.070764 -0.172130 -0.027120 -0.021496 0.004482 0.128658 -0.137481 0.021422 0.046891 0.080845 0.068547 -0.059891 -0.388918 -0.180978 -0.232916 -0.231762 -0.100235 -0.128257 -0.279079 -0.138946 -0.189777 -0.278944 -0.227380 -0.250991 0.443270 0.314559 0.012688 0.167251 -0.137378 0.005828 -0.169482 0.112403 -0.323031 -0.188473 -0.196637 -0.072815 -0.165106 0.104882 0.030878 -0.091231 -0.244525 -0.102152 -0.081865 -0.150840 0.261048 -0.069524 0.315639 0.078082 -0.035780 -0.197991 -0.003661 0.085346 0.141786 0.318664 -0.149353 -0.104484 -0.125400 -0.328956 -0.327983 -0.234512 -0.053853 0.167880 0.088080 0.165186 -0.140172 -0.136891 -0.050446 -0.057933 -0.049937 0.118532 0.017084 -0.342632 -0.088305 0.153603 -0.190281 -0.327557
0.061938 -0.092113 0.368954 0.077819 0.202942 0.375339 -0.042244 -0.305682 -0.176555 -0.068415 -0.424429 -0.350354 -0.068015 -0.369911 -0.081116 -0.168611 -0.301451 -0.227495 -0.007824 -0.213375 0.069588 0.294260 0.624945 0.418817 1.000000 0.765247 0.234983 0.548723 -0.356256 -0.312750 -0.048750 0.045415 -0.185588 -0.253051 0.074558 0.091224 0.071432 -0.019927 -0.118059 -0.266057 -0.059352 -0.016854 -0.054874 0.022642 -0.251937 -0.100483 0.105394 0.067750 0.170223 -0.045137 0.257094 0.168847 -0.040620 0.082274 0.121609 0.021239 0.139254 0.016078 -0.047836 0.081183 -0.128137 -0.481884 -0.352683 -0.316091 0.163610 -0.034168 0.031685 -0.073157 0.030658 0.122920 -0.088548 0.032967 -0.268050 -0.114273 -0.205990 0.003561 -0.080463 0.001048 -0.049362 0.018727 -0.037181 0.255890 0.188567 -0.072560 0.115633 0.058595 0.260073 0.267245 0.338511 0.205321 -0.106750 0.110332 -0.030785 0.183427 -0.291037 -0.076963 0.165253 -0.024437 -0.010763 -0.011728 -0.058750 0.197921 0.161689 0.331592 0.266056 0.169245 -0.226301 -0.109942 -0.135882 -0.006733 0.229456 -0.218350 0.122960 0.241231 0.245845 0.119814
-0.095875 -0.188810 0.236108 0.131717 -0.141395 0.262339 -0.096887 -0.108590 -0.439672 -0.181412 -0.335665 -0.257720 -0.132414 -0.288197 -0.335170 -0.328402 -0.261023 -0.149057 -0.219537 -0.231570 0.094386 0.282508 0.554402 0.622770 0.765247 1.000000 -0.120283 0.420159 -0.270996 -0.183875 0.179557 0.394683 -0.164442 0.047574 0.280126 0.345284 -0.052979 -0.083319 -0.228268 -0.264885 -0.043318 -0.172445 0.013744 0.095856 -0.057251 0.110516 -0.014213 0.149559 0.102393 0.001195 0.163827 0.074208 -0.284349 -0.080192 -0.177336 -0.160253 0.060240 -0.087634 -0.144839 -0.035546 -0.295949 -0.471701 -0.328476 -0.314110 0.142613 0.113608 0.025243 0.171319 -0.046362 0.094133 -0.072964 0.164897 -0.202666 -0.114459 -0.223355 -0.032754 -0.125313 0.117571 -0.068373 0.018291 -0.094326 0.186246 0.082738 -0.026147 0.034700 -0.027829 0.248976 0.255406 0.120672 0.022798 -0.090813 0.070872 0.030108 0.213812 -0.286588 -0.094415 0.050518 -0.104718 -0.173423 -0.096748 -0.007335 0.214753 0.197964 0.283345 0.148637 0.081476 -0.125654 -0.127601 -0.113572 0.161985 0.289368 -0.201564 -0.044567 0.259157 0.124917 -0.009359
-0.041547 -0.014363 0.218343 0.287669 0.326602 0.458531 -0.003061 -0.131360 0.369514 0.178380 0.008326 -0.041821 -0.068932 -0.078525 0.444456 0.403382 0.098734 -0.229728 0.078439 -0.119829 0.315192 0.416405 0.179667 0.019769 0.234983 -0.120283 1.000000 0.539300 -0.234963 -0.256799 -0.132084 -0.237204 -0.070967 -0.260865 0.026065 -0.098437 0.014743 0.026693 0.227564 0.078276 0.094614 0.345612 -0.044192 -0.102508 -0.137639 -0.130479 -0.021355 -0.052406 -0.043534 -0.111782 0.105262 -0.008778 0.097501 -0.094225 0.266995 0.048820 0.091512 0.151676 -0.068585 -0.043320 0.078344 -0.017257 -0.046667 -0.075927 0.197591 0.141660 -0.154793 -0.195869 -0.064346 -0.038247 -0.137577 -0.161629 -0.315685 -0.122807 -0.161581 0.072672 -0.005188 -0.039838 0.085568 -0.153705 -0.121510 -0.182009 -0.105879 -0.113201 0.198026 0.187749 -0.069706 -0.108538 0.333640 0.235060 0.058453 0.095464 0.043341 -0.002554 -0.106670 -0.153188 -0.066884 -0.119736 0.008767 -0.013479 -0.015478 -0.180147 -0.210906 -0.126156 -0.099642 -0.043468 -0.131540 -0.092034 -0.070418 -0.290890 0.055726 -0.180297 0.205436 -0.127226 0.017349 0.046040
0.012737 -0.167414 0.383827 0.307596 0.027981 0.587824 0.066594 -0.180728 0.067297 -0.069741 -0.259084 -0.241505 -0.214561 -0.384307 0.236397 0.000200 -0.091323 -0.221731 0.050807 -0.178477 0.124944 0.406929 0.533548 0.418857 0.548723 0.420159 0.539300 1.000000 -0.468210 -0.418803 -0.171980 -0.085439 -0.203470 -0.370894 0.233684 -0.013502 0.055395 0.011734 -0.001973 0.007511 -0.026292 0.166983 -0.030396 -0.080105 -0.212995 -0.080446 -0.041101 0.033264 0.048381 -0.029891 0.150913 0.014471 -0.113866 -0.081575 0.123236 -0.043752 0.229856 0.109317 -0.128881 -0.006172 -0.025769 -0.378297 -0.204171 -0.304675 0.392070 0.197522 -0.046865 -0.075866 -0.127233 0.050653 -0.100546 0.001121 -0.418248 -0.236632 -0.247825 0.012452 -0.064455 0.046687 0.041677 -0.090219 -0.221110 -0.090106 0.014603 -0.098873 0.220520 0.215486 0.190202 0.115270 0.499770 0.284098 0.109297 0.327876 0.177142 0.339580 -0.288606 -0.259169 -0.030930 -0.183049 -0.011847 -0.074375 -0.015305 0.039021 0.028720 0.120140 0.003889 -0.095892 -0.082543 -0.133113 -0.173006 -0.128189 0.224991 -0.164222 0.222935 0.075007 0.033299 -0.074287
0.099798 0.006014 -0.295724 -0.343516 -0.040117 -0.416220 -0.072440 -0.094643 -0.017223 0.062570 0.427521 0.280098 0.297045 0.231321 0.075803 0.125046 0.190737 0.260209 0.019301 0.224123 0.005193 -0.104365 -0.351242 -0.257839 -0.356256 -0.270996 -0.234963 -0.468210 1.000000 0.469827 0.183691 0.194365 0.115197 0.232573 -0.097289 -0.124491 0.117257 0.038876 0.265170 0.056213 0.313245 0.045116 -0.028311 0.037865 0.071423 -0.086357 -0.010171 -0.003496 -0.171544 -0.033267 -0.214851 -0.046617 0.133801 0.070068 -0.067574 0.015631 -0.098946 -0.004225 -0.118272 -0.071803 -0.035917 -0.043765 0.322966 0.231115 -0.321794 -0.456046 -0.077472 -0.174336 0.153459 -0.070387 0.212884 0.047494 0.666672 0.194323 0.377419 0.048611 0.321068 0.066721 0.418207 0.325112 0.321938 0.245137 0.160775 0.321638 -0.015992 -0.233954 -0.121161 -0.081795 -0.346967 -0.265148 -0.230407 -0.197673 -0.159017 -0.099024 0.287809 -0.033304 0.023818 0.150976 0.057599 0.090665 0.027503 -0.068990 -0.092065 -0.117503 -0.166576 -0.075130 0.202700 0.039424 -0.108275 0.072478 -0.130131 0.296434 0.071743 -0.142123 -0.025634 0.046524
-0.037292 -0.053691 -0.285464 -0.295978 -0.012874 -0.307878 -0.101631 -0.029926 0.015371 0.075959 0.157856 0.272851 -0.049579 0.210488 -0.128935 0.174836 0.272105 0.604266 -0.136034 0.149817 0.143559 0.023230 -0.399550 -0.275502 -0.312750 -0.183875 -0.256799 -0.418803 0.469827 1.000000 0.236351 0.214267 0.081268 0.159686 0.017367 -0.071588 0.106129 0.184096 0.104946 0.193489 0.061969 0.215912 0.086123 0.092384 0.076048 -0.032405 0.151238 0.118765 -0.340164 -0.168295 -0.395993 -0.263346 -0.100646 0.073866 -0.233795 -0.057622 0.017314 0.081504 -0.149108 -0.188472 -0.215648 0.025037 0.310821 0.347847 -0.284958 -0.248247 -0.083691 -0.035354 0.162921 -0.194432 0.218211 0.286959 0.651786 0.583903 0.413571 0.369865 0.250230 0.286913 -0.011537 0.337912 0.096147 0.294300 -0.067801 0.275728 -0.194795 -0.119826 -0.201851 -0.133885 -0.406631 -0.307142 -0.136358 -0.174150 -0.225804 -0.072779 0.195292 0.068764 -0.036454 0.096463 -0.058669 -0.017861 -0.071990 0.013839 -0.079223 -0.140523 -0.198497 -0.111846 -0.115329 0.004122 0.052416 0.231803 -0.069656 0.266379 -0.054316 -0.179779 -0.169698 -0.094947
-0.279671 -0.282088 0.012874 0.006310 -0.266256 -0.355209 -0.074243 0.129318 -0.117596 0.001485 0.055987 0.011980 -0.199288 -0.080327 -0.103247 -0.223631 0.441422 0.253090 -0.009696 0.186666 0.435851 0.403220 0.027358 0.275358 -0.048750 0.179557 -0.132084 -0.171980 0.183691 0.236351 1.000000 0.812250 0.195842 0.391487 0.045100 0.059361 -0.146253 -0.306720 0.015522 0.061530 0.077443 0.036928 0.211808 0.191620 0.272454 0.319654 -0.160386 -0.059388 -0.268773 0.015948 -0.219575 -0.216244 -0.382853 -0.190738 -0.489978 -0.519825 -0.004633 0.147276 -0.438942 -0.406537 -0.413787 -0.227370 0.121159 0.333063 0.095795 -0.069684 -0.263320 0.119292 -0.087089 -0.118335 0.286823 0.594568 0.142565 0.297302 0.114986 0.461567 0.132767 0.290169 0.251215 0.023059 -0.041493 0.126318 -0.356824 -0.337681 0.022485 -0.263289 -0.187959 -0.449797 -0.434958 -0.518599 -0.160932 -0.206566 -0.085112 0.020063 -0.024054 -0.213227 -0.440769 -0.437351 -0.356372 -0.210891 0.008992 0.052780 -0.069004 -0.092954 -0.301861 -0.393116 -0.028914 -0.315094 0.013507 0.042399 -0.289202 -0.117136 -0.069604 -0.260175 -0.306917 -0.385398
-0.381977 -0.353280 -0.048977 0.112581 -0.415105 -0.320134 -0.195333 0.151802 -0.387646 -0.088463 0.056752 0.080283 -0.177081 -0.103854 -0.224285 -0.221329 0.233559 0.136876 -0.190567 0.050578 0.383787 0.410734 0.189771 0.529477 0.045415 0.394683 -0.237204 -0.085439 0.194365 0.214267 0.812250 1.000000 0.097011 0.465071 0.163282 0.157580 -0.137869 -0.217496 0.006918 0.012102 0.118151 -0.046650 0.131135 0.179258 0.228395 0.286040 -0.129417 0.071738 -0.172994 0.084270 -0.248126 -0.124813 -0.442529 -0.159446 -0.505115 -0.419889 -0.126492 -0.020924 -0.471036 -0.416608 -0.496473 -0.246864 -0.068422 0.070990 0.128627 0.111495 -0.240475 0.124018 -0.117613 -0.068731 0.176140 0.571758 0.066119 0.184254 0.099450 0.334229 0.068373 0.261985 0.289753 0.055340 0.010765 0.098039 -0.233117 -0.144420 0.036563 -0.261832 0.008815 -0.266584 -0.408784 -0.496691 -0.150985 -0.139462 -0.031999 0.044410 0.038640 -0.194337 -0.296772 -0.364510 -0.356105 -0.216678 -0.054405 0.018805 -0.019851 -0.030248 -0.230824 -0.266688 -0.068920 -0.292930 -0.075152 0.145648 -0.128687 -0.176853 -0.126517 -0.069190 -0.235835 -0.313646
0.195113 0.253802 0.090757 0.105299 -0.040649 -0.179369 0.064298 0.068541 0.065051 0.027015 0.042555 0.038489 -0.109920 -0.093026 -0.012757 -0.000911 0.130883 0.110637 0.247051 0.399179 0.057692 -0.010325 -0.057918 -0.043592 -0.185588 -0.164442 -0.070967 -0.203470 0.115197 0.081268 0.195842 0.097011 1.000000 0.612443 0.038606 0.002031 -0.197540 -0.127710 -0.009548 0.048796 0.020106 -0.033773 0.039342 -0.065064 0.073223 0.021805 0.011735 -0.113206 -0.014555 -0.131764 -0.174013 -0.112916 -0.012391 -0.021276 -0.140602 -0.099219 0.020754 0.281304 0.066577 -0.009357 0.054269 0.154182 0.183301 0.230943 -0.152271 -0.218592 0.097021 0.008172 0.117288 0.062364 -0.105943 -0.034956 0.107046 -0.145448 -0.055922 -0.022047 -0.003819 0.024478 0.048245 -0.049109 -0.253130 -0.163070 -0.240183 -0.072518 -0.233124 -0.386886 -0.280570 -0.338825 -0.279271 -0.283175 -0.095185 -0.196411 -0.119684 -0.120609 0.001351 -0.275643 -0.052577 -0.137497 -0.133034 -0.128317 0.017595 -0.052283 -0.143670 -0.141568 -0.160331 -0.287882 -0.004518 -0.084286 -0.154482 -0.016425 -0.085400 0.046588 -0.057834 -0.115219 -0.170511 -0.244730
-0.177617 0.124429 0.000058 0.204917 -0.145471 -0.222386 0.073495 0.414025 -0.286743 0.062973 0.171167 0.276733 0.031948 0.233897 -0.249965 -0.040029 0.064367 0.110181 -0.140387 0.124295 0.136319 -0.022333 -0.079884 0.114040 -0.253051 0.047574 -0.260865 -0.370894 0.232573 0.159686 0.391487 0.465071 0.612443 1.000000 0.247896 0.411658 -0.382282 -0.285911 -0.178062 -0.132243 0.021330 -0.147165 -0.021916 -0.029135 0.227559 0.271242 -0.185688 0.009269 -0.130919 -0.055577 -0.283122 -0.253652 -0.302374 -0.269273 -0.425262 -0.321184 -0.246107 -0.018519 0.052750 -0.140613 -0.122616 0.234088 0.090837 0.199191 -0.149552 0.085960 0.019808 0.344801 -0.198239 -0.066120 -0.124898 0.082741 0.087556 -0.095127 -0.074169 -0.118657 -0.172244 0.034118 0.100622 0.004971 -0.051347 -0.084936 -0.167482 0.069272 -0.286763 -0.389215 -0.167261 -0.252332 -0.323095 -0.352704 -0.128476 -0.242763 -0.064170 -0.224236 0.053963 -0.298246 -0.315434 -0.275357 -0.428629 -0.279912 0.013463 -0.104539 -0.074275 -0.144214 -0.167355 -0.183305 0.035948 -0.153568 -0.151605 0.020127 -0.004456 -0.154157 -0.335231 -0.073254 -0.155086 -0.159108
-0.264926 -0.296193 0.261701 0.096374 -0.180261 0.201910 0.076708 0.137012 -0.138575 -0.115747 0.053483 0.070868 -0.167354 -0.030635 -0.073635 -0.081981 -0.008318 0.054189 -0.245404 -0.205294 -0.112239 0.033011 0.278134 0.357055 0.074558 0.280126 0.026065 0.233684 -0.097289 0.017367 0.045100 0.163282 0.038606 0.247896 1.000000 0.631108 -0.128937 -0.176797 -0.156354 -0.113530 0.038402 -0.002435 -0.037490 -0.101867 0.110955 0.217224 -0.321148 -0.097759 -0.158500 -0.119192 -0.090352 -0.194048 -0.495843 -0.420873 -0.206215 -0.246844 -0.100011 -0.256599 -0.067020 -0.154370 -0.091512 -0.048326 -0.034390 -0.155166 0.246420 0.320855 0.185659 0.591444 -0.190928 -0.194457 -0.104624 -0.018797 -0.158831 -0.122440 -0.168921 -0.115776 -0.097061 0.139916 -0.027122 -0.004102 -0.166379 -0.119944 -0.135329 0.117352 -0.002864 -0.149090 0.082520 0.006976 -0.005561 -0.128993 -0.120002 0.115616 0.066657 0.252096 -0.013202 -0.011670 -0.190125 -0.151681 -0.320947 -0.184666 -0.006640 0.127419 0.072274 0.119260 -0.090968 0.024220 0.048188 0.072032 -0.092488 0.028515 0.047435 -0.214599 -0.228040 0.041638 0.010017 -0.086896
-0.261469 0.004003 0.107976 0.154250 -0.130094 0.210446 -0.014825 0.225364 -0.167857 0.082550 -0.003109 0.100742 -0.031695 0.088803 -0.124509 -0.023590 -0.095612 -0.222017 -0.361325 -0.211787 -0.078570 -0.046279 0.226201 0.310493 0.091224 0.345284 -0.098437 -0.013502 -0.124491 -0.071588 0.059361 0.157580 0.002031 0.411658 0.631108 1.000000 -0.278834 -0.281598 -0.299906 -0.242419 -0.089266 -0.154002 -0.152307 -0.093248 0.054199 0.247657 -0.329876 -0.065319 -0.027807 -0.041374 0.006254 -0.063709 -0.381894 -0.322619 -0.302368 -0.322914 -0.164670 -0.197894 0.156166 0.128003 -0.041094 0.086443 -0.151235 -0.136444 0.000654 0.253960 0.327871 0.710730 -0.130139 -0.024330 -0.341406 -0.164083 -0.328447 -0.208308 -0.364467 -0.237727 -0.262646 -0.058263 -0.138205 -0.186579 -0.168102 -0.145037 -0.086380 0.094512 -0.021675 -0.101584 -0.023511 0.004427 -0.072523 -0.120477 -0.087094 -0.033685 -0.079864 0.073782 -0.167688 -0.008219 -0.194876 -0.125299 -0.443987 -0.194598 -0.149016 0.127143 -0.066385 0.011793 -0.130092 0.028368 0.084097 0.138297 -0.135612 0.063085 0.214948 -0.315862 -0.449873 -0.019007 -0.082796 0.004899
