1.000000 0.343142 0.127490 -0.039110 0.048815 -0.233427 0.024412 -0.227501 -0.219616 -0.093111 0.017465 -0.234459 0.141033 -0.031358 -0.042046 -0.180342 0.154458 -0.032687 0.312354 0.124537 -0.209035 -0.208131 -0.067503 -0.385256 -0.067526 -0.192146 -0.020858 -0.218919 -0.050764 -0.147783 -0.187684 -0.326550 0.246955 -0.032102 -0.015191 -0.199078 -0.029342 -0.139107 -0.201931 -0.169318 -0.214186 -0.046891 -0.099188 -0.117973 0.035903 -0.153992 -0.098153 -0.123210 0.110480 0.055578 0.010728 0.037668 0.222437 -0.041669 -0.072212 -0.094608 0.411835 0.266188 0.574809 0.455557 0.611968 0.303732 0.438687 0.274855 -0.334661 -0.038032 0.319208 -0.215826 0.236684 -0.017238 -0.222609 -0.266492 -0.072606 -0.199695 -0.179137 -0.018595 0.030451 -0.201981 0.022276 0.067149 0.170578 -0.045674 -0.032402 -0.111498 -0.159399 -0.335147 0.065229 0.177308 -0.075583 0.197488 -0.077271 0.205032 -0.127831 0.165628 -0.024068 -0.004434 -0.137943 -0.059931 -0.008823 0.095680 -0.190261 -0.177656 -0.015987 -0.309592 -0.215331 -0.197971 0.063824 0.028746 0.060112 0.067243 -0.141502 -0.160890 0.042570 -0.043799 -0.116189 0.082368
0.343142 1.000000 -0.192155 0.066431 0.097029 -0.093303 -0.240947 -0.038553 -0.208636 0.046925 -0.358261 0.192099 -0.166331 0.020862 -0.170291 -0.131904 -0.085175 -0.025531 0.317195 0.341006 -0.007147 0.086313 -0.180556 -0.245201 0.146011 0.054506 0.061547 -0.329768 -0.118066 -0.210930 0.084178 0.014401 0.227425 0.119900 -0.066556 -0.184375 -0.375147 -0.370831 -0.488570 -0.348972 -0.269687 -0.206021 -0.161988 -0.204846 0.006618 -0.065567 -0.256958 -0.275587 0.035316 0.063775 0.122577 -0.064388 0.007206 -0.178809 -0.336038 -0.337700 0.139875 0.486460 0.211243 0.254979 0.341776 0.394706 0.082324 0.333507 -0.148719 0.116472 0.262673 -0.055009 0.221904 -0.069789 0.024027 0.101456 -0.056178 -0.065350 -0.152011 0.111664 0.172519 -0.285898 0.050536 -0.111299 0.085266 -0.144690 -0.200375 -0.217829 -0.072109 -0.224111 0.007120 -0.021788 -0.188280 -0.044748 -0.016073 0.078459 0.003919 0.242607 -0.187195 -0.119494 -0.302744 -0.250329 -0.021276 -0.022562 -0.162997 -0.067571 0.042297 -0.275656 -0.211406 -0.138745 0.251636 0.072708 -0.077352 -0.023796 -0.288052 -0.176053 -0.002232 -0.182171 0.090940 0.193843
0.127490 -0.192155 1.000000 0.342608 -0.033960 0.028053 0.635240 0.211555 0.212040 0.021497 0.308807 -0.125393 0.232429 -0.174407 0.109131 0.042481 0.076403 -0.055426 0.042690 0.008027 -0.273502 -0.112381 0.464848 0.312862 -0.173179 -0.053544 0.038656 0.464919 0.094896 -0.173956 -0.068264 -0.012162 0.179212 0.147981 0.160571 0.124357 0.193136 -0.001897 0.155389 -0.104673 0.025584 -0.004200 -0.219699 -0.019419 -0.218858 -0.185081 -0.147194 0.011475 -0.106855 -0.296275 -0.209446 -0.099680 0.023093 -0.146284 0.237165 -0.042609 -0.047491 -0.051652 -0.017165 -0.129213 0.234699 -0.203964 0.001652 -0.279677 0.204784 -0.058591 0.044861 0.191540 0.065162 0.074126 -0.311437 -0.231831 -0.183231 -0.119603 -0.199123 -0.201565 -0.063546 0.195288 -0.139807 -0.138229 -0.175062 -0.152392 0.189384 0.089672 0.037500 0.030326 0.126755 -0.086906 0.154857 0.183492 -0.073308 -0.146528 -0.206030 -0.142068 0.023711 -0.045068 0.193412 0.067444 -0.057597 -0.172267 0.049977 -0.090317 -0.390693 -0.091921 -0.059777 -0.193500 -0.193307 -0.130980 0.112848 0.091389 0.098885 -0.048871 -0.050645 0.029628 -0.104636 -0.037364
-0.039110 0.066431 0.342608 1.000000 -0.208995 0.113912 0.375833 0.593186 0.175856 0.261985 0.012092 0.100368 -0.121932 0.045526 -0.087547 0.340276 0.032529 0.003536 0.126394 0.243302 -0.101855 -0.219690 -0.075903 0.121643 -0.381475 -0.260984 -0.008814 0.240644 -0.014555 0.178426 -0.230407 -0.059250 0.255133 0.181846 -0.194595 -0.050244 0.209401 -0.091611 0.226296 0.011720 0.133585 -0.175612 -0.281518 -0.105471 -0.228156 -0.233163 0.007071 0.074629 -0.231595 -0.248815 -0.344889 -0.087230 0.051154 -0.044901 0.158753 0.023784 0.140969 -0.036894 -0.102272 0.015467 -0.058891 -0.031072 0.086892 -0.113193 -0.036484 -0.062250 0.010168 -0.096686 0.156101 -0.004252 -0.117723 -0.281917 -0.095700 0.149667 -0.064113 -0.119565 -0.051069 0.161667 -0.178709 -0.179190 -0.107453 -0.141107 -0.021005 0.346326 -0.364564 0.138786 -0.028572 0.083902 0.072562 0.136226 0.000784 -0.409747 0.022546 -0.181690 -0.021294 0.044672 0.009744 0.152484 0.115498 -0.104861 0.149827 -0.122685 -0.044280 -0.065065 0.060493 -0.034382 -0.028665 0.030837 0.014180 -0.176281 -0.113902 0.009088 -0.098421 0.082373 -0.168828 0.034967
0.048815 0.097029 -0.033960 -0.208995 1.000000 0.550076 -0.150902 -0.079237 0.092675 0.182989 -0.128583 0.060195 -0.194777 0.070751 0.436844 0.333407 -0.299927 -0.214140 -0.086772 0.170451 0.284623 0.332376 0.212924 0.190018 0.574209 0.443838 0.530668 0.089010 -0.151363 -0.127272 0.034833 0.015625 -0.196520 -0.170068 0.007365 -0.008990 -0.284414 -0.260105 -0.416294 -0.280702 0.148508 -0.011404 0.097672 -0.018733 0.028002 0.025223 -0.012337 -0.143288 0.168866 0.028715 0.146895 0.046116 -0.056249 0.051670 -0.433469 -0.207451 -0.035133 -0.033521 -0.067857 -0.157298 0.056043 -0.002424 -0.268060 -0.136692 0.138266 0.097943 -0.138217 0.055141 -0.126982 0.201280 0.081907 0.285772 -0.059198 -0.035923 -0.197475 0.164630 -0.128043 -0.210457 -0.003433 -0.073090 -0.085483 -0.197423 0.200341 -0.073628 0.175848 0.005824 0.181316 0.002202 0.251378 0.263395 0.155727 0.173864 0.245564 0.159755 -0.073026 -0.248499 -0.352575 -0.191812 -0.254991 -0.016471 -0.236038 -0.088463 -0.092788 -0.251167 -0.190311 0.047662 0.087199 -0.146330 0.092995 0.026199 -0.354780 -0.217119 0.019703 -0.246069 0.252017 0.219152
-0.233427 -0.093303 0.028053 0.113912 0.550076 1.000000 -0.181655 0.130440 0.280314 0.374155 -0.033493 0.060096 -0.315211 0.046403 0.482930 0.560480 -0.409408 -0.301086 -0.190057 0.076447 0.395077 0.290736 0.245985 0.331520 0.397609 0.380833 0.748640 0.505912 -0.325412 0.022997 -0.122462 -0.100715 -0.274813 -0.220966 0.112279 0.150853 -0.209121 -0.298240 0.006267 -0.133489 0.354756 -0.121454 -0.013941 0.098354 -0.092373 0.023767 0.041632 -0.025894 0.137336 -0.088154 0.054752 0.096352 -0.079008 0.132023 -0.192343 -0.078887 -0.158237 -0.313640 -0.244844 -0.208657 -0.169478 -0.094278 -0.451802 -0.283225 0.270563 0.176847 -0.163951 0.176325 -0.257798 0.016090 0.095194 0.193732 -0.274285 0.088657 -0.089551 0.161949 -0.212390 -0.121410 -0.289134 -0.278257 -0.386440 -0.370842 0.169209 0.176079 -0.044442 0.181448 0.164070 0.259953 0.494445 0.287910 -0.064388 -0.103977 0.294831 -0.022595 0.014524 -0.124876 -0.270491 -0.087656 -0.231153 -0.100148 -0.110071 0.021835 -0.021620 0.028132 -0.019144 0.245210 0.094821 -0.027333 0.132816 -0.084047 -0.287064 -0.267100 -0.022203 -0.201208 0.163137 0.227627
0.024412 -0.240947 0.635240 0.375833 -0.150902 -0.181655 1.000000 0.461336 0.260534 0.019585 0.322418 -0.010700 0.396895 -0.020431 -0.075722 0.085858 0.239025 0.080196 -0.022512 0.005433 -0.349984 -0.378745 0.324142 0.288938 -0.465060 -0.372886 -0.242177 0.282949 0.294748 0.045291 -0.114115 0.046490 0.308478 0.391348 0.052534 0.093126 0.364558 0.029086 0.254202 -0.061043 -0.029717 0.074669 -0.254182 -0.227698 -0.115481 -0.215874 -0.146663 -0.028802 -0.249017 -0.258441 -0.465737 -0.296422 0.022243 -0.151663 0.247626 -0.118901 0.029552 0.053549 -0.100540 -0.100571 0.217573 -0.011873 0.148899 -0.131249 0.216257 -0.090979 -0.010950 -0.000602 -0.044680 0.115931 -0.336426 -0.442310 -0.052592 0.037052 -0.062243 -0.287983 -0.012198 0.274037 -0.103943 -0.124300 -0.021166 -0.070008 0.265259 0.281422 -0.004166 0.008736 0.006503 -0.142720 0.101319 0.002324 0.014400 -0.293562 -0.210634 -0.225607 0.074757 0.036601 0.110022 0.110656 0.006250 -0.242833 0.136763 -0.122351 -0.247815 -0.060559 0.016548 -0.179977 -0.188595 -0.085948 0.059568 -0.069289 0.069392 0.019748 -0.208315 0.103331 -0.256811 -0.028708
-0.227501 -0.038553 0.211555 0.593186 -0.079237 0.130440 0.461336 1.000000 0.224145 0.411508 0.180763 0.310953 0.166618 0.389798 0.003236 0.404460 0.042074 0.081629 -0.373878 -0.087740 -0.176956 -0.324718 -0.057678 0.273048 -0.437777 -0.332346 -0.050158 0.269484 -0.034288 0.035793 -0.281631 -0.067206 0.233633 0.412960 -0.172960 -0.001383 0.180775 -0.088241 0.114630 -0.015307 0.080449 -0.190127 -0.315873 -0.190328 -0.090046 0.009128 -0.115238 -0.034591 -0.113217 -0.106792 -0.336745 -0.136750 -0.013014 -0.184534 0.188558 -0.067152 -0.047991 -0.230245 -0.131252 -0.065202 0.077523 0.307654 0.021658 0.023657 0.160727 0.289762 -0.124438 0.068593 -0.278646 -0.082622 -0.158392 -0.296934 -0.173675 0.075294 -0.020988 -0.160029 -0.160924 0.185511 -0.112887 -0.235481 -0.232628 -0.220668 -0.078918 0.354183 -0.257160 0.084451 -0.169051 -0.073099 0.068041 -0.053801 0.110548 -0.406987 0.060105 -0.199082 -0.079446 -0.056803 0.035092 -0.027679 0.079383 -0.324094 0.169849 -0.110562 -0.004781 0.051205 0.152196 -0.007787 -0.028831 0.051576 -0.056234 -0.258558 -0.198863 -0.079093 -0.213202 -0.005244 -0.243587 -0.006555
-0.219616 -0.208636 0.212040 0.175856 0.092675 0.280314 0.260534 0.224145 1.000000 0.199948 0.320989 0.168784 0.153298 0.140409 0.448741 0.348030 0.060526 -0.106434 -0.024280 0.198408 -0.000754 0.107631 0.253365 0.310194 -0.099715 -0.134772 0.224966 0.384078 0.297451 0.096499 -0.048979 0.082397 -0.011193 0.078474 -0.170781 -0.056688 0.332913 0.083245 0.091629 -0.026774 0.177091 0.060496 -0.144217 0.058007 -0.109457 -0.163549 -0.019426 -0.001295 -0.102887 -0.158769 -0.310458 -0.079140 -0.210362 0.074092 0.172542 -0.025066 -0.160187 -0.164036 -0.244121 -0.235186 -0.133851 -0.184172 -0.219812 -0.252879 0.051809 -0.147094 -0.143698 -0.126980 -0.102057 0.171874 0.061575 0.008389 0.006207 0.023840 -0.006661 -0.045142 -0.141032 0.213052 0.024292 -0.326705 -0.091099 -0.012573 0.155475 0.317394 0.077195 0.019667 -0.255619 -0.087287 0.213816 -0.202232 -0.005491 -0.140412 -0.032122 -0.078474 0.174469 0.092328 0.174065 -0.128945 -0.100183 -0.254484 0.200825 -0.172454 -0.124062 -0.019747 0.072830 0.025381 -0.399684 -0.189494 0.166565 0.056707 -0.276326 -0.137976 -0.340799 -0.006332 0.114122 0.181850
-0.093111 0.046925 0.021497 0.261985 0.182989 0.374155 0.019585 0.411508 0.199948 1.000000 -0.073388 0.119519 -0.192155 0.127943 0.168516 0.464444 -0.226599 0.004324 -0.235394 0.024680 0.190851 0.185089 -0.193199 0.089192 0.018369 0.068742 0.282523 0.132337 -0.196542 -0.019926 -0.345356 -0.267245 -0.057180 0.052503 0.026438 0.081519 -0.148609 -0.314145 -0.201671 -0.271529 0.025023 -0.308584 -0.198253 -0.030351 -0.081571 0.181937 -0.137964 -0.108908 0.042681 0.027399 0.073113 0.090009 0.072111 0.053053 -0.176929 -0.146324 -0.071975 -0.226343 0.043677 0.080983 0.136985 0.280764 -0.192511 0.094739 0.180633 0.430360 0.141872 0.273316 -0.207472 0.077602 -0.057860 -0.018431 -0.308429 0.027300 -0.171806 0.046863 -0.225913 -0.096350 -0.198857 -0.283342 -0.185381 -0.207135 -0.005927 0.014277 -0.067791 0.148250 -0.027273 0.131400 0.166629 0.194176 -0.056136 -0.123237 0.207907 -0.077739 -0.041777 -0.106550 -0.141782 -0.085981 -0.105408 -0.124306 -0.199662 -0.238700 -0.057660 -0.151534 -0.076399 0.083211 -0.019703 -0.162628 0.004578 -0.088878 -0.285310 -0.143394 -0.231587 -0.280582 0.049119 0.261102
0.017465 -0.358261 0.308807 0.012092 -0.128583 -0.033493 0.322418 0.180763 0.320989 -0.073388 1.000000 0.038322 0.569136 0.154178 0.357398 0.083487 0.120647 -0.004081 -0.270724 -0.259560 -0.044857 0.012789 0.437858 0.328868 -0.218168 -0.112857 0.133843 0.369409 0.165382 0.015476 0.006309 0.114446 -0.049940 0.060071 0.085872 0.018686 0.266329 0.164446 0.244331 0.156490 0.065616 0.009569 -0.135502 0.024020 0.104311 -0.007087 -0.028066 -0.031243 0.019721 0.019821 -0.164216 0.011555 0.008009 0.037103 0.290669 0.110691 -0.255859 -0.343387 -0.242828 -0.293981 -0.028371 -0.176116 -0.063842 -0.126797 0.379436 0.076656 -0.189799 -0.033479 -0.237939 -0.129528 -0.014003 -0.171621 -0.098952 0.061556 0.170155 -0.230124 -0.057725 0.228427 -0.166592 -0.130961 -0.302000 0.039869 0.133473 0.122737 0.196228 0.139302 0.005902 0.088433 0.362190 0.040409 -0.159020 -0.265498 -0.070018 -0.152629 -0.022822 0.061513 0.269136 0.203823 -0.180435 -0.255714 0.157958 -0.037337 -0.144111 0.103762 -0.022398 -0.029972 -0.272032 -0.149683 0.073623 -0.019318 -0.037438 -0.135220 -0.206473 0.158451 -0.193217 -0.084475
-0.234459 0.192099 -0.125393 0.100368 0.060195 0.060096 -0.010700 0.310953 0.168784 0.119519 0.038322 1.000000 0.075468 0.584576 -0.027593 0.258897 -0.010393 0.321631 -0.224132 0.068987 -0.315358 -0.088955 -0.021808 0.222999 -0.132973 -0.107015 -0.026260 0.051646 0.045537 0.038520 -0.069678 0.122028 -0.026591 0.167747 0.159065 0.133353 0.117194 -0.035983 -0.074894 -0.075278 0.013698 -0.320795 0.199079 0.096614 -0.074706 -0.061975 0.154392 0.213614 -0.070617 -0.059228 -0.006931 0.040896 -0.066722 -0.012496 0.197378 0.102575 -0.102816 -0.103268 -0.260060 -0.348958 -0.058453 0.038226 -0.065473 -0.090110 0.147203 0.057118 -0.293781 -0.014070 -0.136052 -0.008373 -0.253202 -0.074101 -0.006925 -0.027425 0.057789 -0.214905 0.116700 0.283411 0.189498 0.074562 0.079614 0.042663 0.040284 0.250602 0.094743 0.118399 -0.225848 -0.140285 -0.171700 -0.040813 0.252230 -0.166541 -0.003096 -0.160002 -0.215644 0.028220 0.251209 0.042715 0.245415 0.075073 0.106665 -0.203493 -0.211011 -0.110624 -0.000865 -0.229481 -0.170783 -0.148624 0.040480 0.049062 0.022773 0.147234 0.017665 0.150453 0.071095 -0.061807
0.141033 -0.166331 0.232429 -0.121932 -0.194777 -0.315211 0.396895 0.166618 0.153298 -0.192155 0.569136 0.075468 1.000000 0.331752 0.199220 0.047518 0.505170 0.137095 -0.206687 -0.170258 -0.419127 -0.370560 0.103742 0.064272 -0.478948 -0.479293 -0.321898 0.192000 0.317037 -0.089980 -0.210743 -0.115005 -0.052849 0.008169 -0.111260 -0.094994 0.229842 0.075205 0.055254 0.035853 -0.162503 0.026856 -0.139715 -0.088904 0.086582 -0.046554 -0.149676 -0.028971 0.012821 0.091494 -0.118652 -0.024157 0.257678 -0.007909 0.395687 0.144113 -0.236734 -0.159762 0.100503 -0.012544 0.265954 0.105392 0.364419 0.071541 0.063497 0.015796 -0.084419 -0.249909 -0.169577 0.034998 -0.240149 -0.321658 -0.046841 -0.100136 -0.014069 -0.304485 -0.052404 0.147759 0.064950 -0.120857 0.000840 0.111646 -0.063891 0.067098 0.004001 -0.126178 -0.159587 -0.311516 -0.082832 -0.143933 -0.028277 -0.011361 -0.132350 -0.117112 -0.024578 0.061194 0.376331 0.079472 0.043867 -0.128872 0.069260 -0.134020 0.023808 0.083186 0.094981 -0.130243 -0.196490 0.052544 0.093773 0.026292 0.048543 -0.023349 -0.153484 0.084849 -0.244150 -0.067193
-0.031358 0.020862 -0.174407 0.045526 0.070751 0.046403 -0.020431 0.389798 0.140409 0.127943 0.154178 0.584576 0.331752 1.000000 0.173323 0.482025 0.204568 0.462142 -0.260911 0.056219 -0.271315 -0.266319 -0.223202 -0.021201 -0.311724 -0.358665 -0.039472 0.013443 0.007046 0.281940 -0.335075 -0.266645 -0.056924 0.057028 -0.123106 -0.056382 0.194513 -0.097757 -0.017519 -0.060156 0.070008 -0.327832 -0.017581 -0.028198 0.048640 -0.113831 0.076656 0.097637 0.073184 0.013097 -0.048985 0.068086 0.251893 -0.067268 0.322373 0.046663 -0.050656 -0.233894 -0.006983 -0.030882 0.074385 0.317462 0.186977 0.159010 -0.166258 0.103922 -0.215539 -0.271720 -0.277508 0.045210 -0.218136 -0.205608 0.017174 0.019942 0.086597 -0.296836 -0.109223 0.130193 0.093561 0.129083 0.064698 0.130635 -0.125364 0.413799 -0.127154 -0.064117 -0.273416 -0.111631 -0.151168 -0.122014 0.275439 -0.129924 0.049220 -0.225550 -0.200521 -0.112641 0.147745 -0.070888 0.250378 -0.023128 0.103170 -0.225100 0.045389 0.011988 0.124822 -0.016642 -0.132489 0.031698 0.047959 -0.246217 -0.141145 -0.077457 -0.098785 0.140992 -0.024528 -0.070559
-0.042046 -0.170291 0.109131 -0.087547 0.436844 0.482930 -0.075722 0.003236 0.448741 0.168516 0.357398 -0.027593 0.199220 0.173323 1.000000 0.451752 0.010515 -0.127736 -0.152306 0.025367 0.231565 0.234290 0.297144 0.278460 0.241288 0.214639 0.489190 0.368716 0.096951 0.082290 -0.080305 -0.093481 -0.313902 -0.301146 -0.065520 -0.161533 0.031399 -0.050969 -0.028514 -0.121385 0.410804 0.008393 -0.094912 0.052941 -0.082567 -0.133191 0.028626 -0.076711 0.162287 -0.064718 0.029685 0.111966 0.055013 0.258150 -0.028784 0.027172 -0.183093 -0.294141 -0.220816 -0.276923 -0.056617 -0.143936 -0.284645 -0.183630 0.205165 0.007213 -0.323864 -0.155438 -0.257695 0.063417 0.135275 0.129880 -0.027956 0.009278 -0.003774 0.046401 -0.159683 -0.122447 -0.052321 -0.148125 -0.181933 -0.026757 0.284951 0.056024 0.184394 0.206484 0.092612 0.053439 0.413845 0.164938 -0.070706 -0.056561 0.177954 -0.061946 0.013617 -0.199296 -0.063702 -0.116485 -0.219568 -0.085596 -0.026873 -0.162539 -0.076019 -0.098373 -0.041580 0.066843 -0.069084 -0.156892 0.070942 -0.121444 -0.369317 -0.251669 -0.105898 -0.100679 0.122493 0.089413
-0.180342 -0.131904 0.042481 0.340276 0.333407 0.560480 0.085858 0.404460 0.348030 0.464444 0.083487 0.258897 0.047518 0.482025 0.451752 1.000000 -0.011070 0.115275 -0.212311 0.208771 0.091965 -0.026445 -0.010108 0.252795 -0.076499 -0.096506 0.359097 0.479025 0.007021 0.363581 -0.402236 -0.232126 -0.202886 -0.075586 -0.093562 0.024553 0.092545 -0.393643 0.046146 -0.274286 0.379404 -0.301522 -0.179960 -0.049765 -0.161315 -0.174489 0.002840 -0.022393 -0.019680 -0.174000 -0.130743 -0.003512 0.232873 0.095814 0.151295 -0.090888 -0.031622 -0.280688 -0.158739 -0.140657 -0.084871 0.082600 -0.157429 -0.138072 0.044059 0.103355 -0.202553 -0.112641 -0.259769 0.158543 -0.145952 -0.122830 -0.163920 0.280455 -0.116740 -0.000885 -0.103203 0.114191 -0.173073 -0.187240 -0.057668 -0.073044 0.149565 0.453052 -0.151202 0.187683 -0.035182 0.127994 0.294138 0.215311 0.129963 -0.278638 0.203549 -0.277548 -0.107854 -0.120703 -0.070419 -0.081171 0.049943 -0.186726 0.042717 -0.254998 0.024241 -0.047135 0.106089 0.190725 -0.097332 -0.128335 0.101243 -0.228903 -0.441620 -0.284980 -0.243508 -0.011246 0.016274 0.152201
0.154458 -0.085175 0.076403 0.032529 -0.299927 -0.409408 0.239025 0.042074 0.060526 -0.226599 0.120647 -0.010393 0.505170 0.204568 0.010515 -0.011070 1.000000 0.293896 0.172617 0.043864 -0.547274 -0.511680 -0.275642 -0.329263 -0.578933 -0.607960 -0.507587 -0.003478 0.549275 0.169929 -0.273536 -0.210671 0.050627 -0.097814 -0.259082 -0.339294 0.519079 0.140603 0.126840 -0.043754 0.022339 0.013543 0.013819 0.061671 0.073973 -0.087619 0.127536 0.164289 -0.004124 0.092870 -0.158405 0.025030 0.184817 0.089672 0.454922 0.211462 0.321268 0.190885 0.165086 0.215557 0.047622 0.042960 0.578548 0.130983 -0.438938 -0.265769 -0.002453 -0.377435 -0.025064 -0.026369 -0.289509 -0.341766 0.216684 0.023804 0.037195 -0.130918 0.208863 0.219196 0.401823 0.061148 0.547991 0.407474 -0.044940 0.213366 -0.001670 -0.068017 -0.282794 -0.294052 -0.429856 -0.403118 0.069027 0.023728 -0.320375 -0.111627 -0.130111 0.061730 0.402080 0.015947 0.334432 0.021339 0.094731 -0.204568 0.107089 -0.035222 0.149205 -0.376548 -0.270571 -0.017009 -0.024788 0.094534 0.011020 0.086983 -0.047633 0.299532 -0.306337 -0.316383
-0.032687 -0.025531 -0.055426 0.003536 -0.214140 -0.301086 0.080196 0.081629 -0.106434 0.004324 -0.004081 0.321631 0.137095 0.462142 -0.127736 0.115275 0.293896 1.000000 0.019678 0.150801 -0.321253 -0.155977 -0.260582 -0.190287 -0.295036 -0.310600 -0.313512 -0.146968 0.183148 0.417508 -0.208904 -0.238908 -0.101945 -0.046191 0.134638 0.068821 0.256513 0.090813 -0.066641 -0.161889 -0.004031 -0.196390 0.142110 0.035848 -0.019521 -0.146657 0.039089 0.064885 -0.085319 -0.045370 -0.005858 0.013012 0.193760 -0.008806 0.243824 -0.057784 0.190904 0.069090 -0.049742 -0.072883 -0.053219 0.048978 0.197508 0.178858 -0.272258 -0.035853 -0.159623 -0.201893 0.001358 0.086351 -0.205246 -0.078352 0.182872 0.246630 0.130274 -0.011209 0.210021 0.285071 0.112991 0.517503 0.294467 0.473248 -0.087896 0.150766 -0.076896 -0.058810 -0.082590 -0.182310 -0.297381 -0.140921 0.159104 0.004112 -0.115632 -0.153997 -0.184032 -0.064467 0.170348 -0.063175 0.237794 0.078869 0.071983 -0.107834 -0.066560 0.029095 0.019022 -0.106622 -0.207236 -0.107358 0.094450 -0.084009 0.099891 0.099001 0.042558 0.153735 0.043540 -0.108622
0.312354 0.317195 0.042690 0.126394 -0.086772 -0.190057 -0.022512 -0.373878 -0.024280 -0.235394 -0.270724 -0.224132 -0.206687 -0.260911 -0.152306 -0.212311 0.172617 0.019678 1.000000 0.544598 -0.053971 0.084456 -0.116311 -0.426194 0.032143 -0.070457 -0.058786 -0.251245 0.221535 0.107116 0.126113 0.006735 0.281984 0.007599 -0.187437 -0.151952 0.124099 -0.059814 -0.013763 -0.145070 0.067501 0.129149 -0.000250 -0.142450 -0.262921 -0.434513 0.004939 -0.064359 -0.301022 -0.315051 -0.225563 -0.261595 0.006302 0.020737 -0.051208 -0.180414 0.355487 0.550015 0.023797 0.146039 -0.035953 -0.186257 0.164325 -0.097564 -0.379949 -0.537873 0.134273 -0.314650 0.613648 0.156367 0.011139 0.082562 0.199766 0.094344 -0.027226 0.191406 0.298059 -0.082784 0.105162 0.098648 0.344366 0.149239 0.105947 0.038145 -0.011793 -0.299196 0.140862 -0.014538 -0.131875 -0.063625 0.071943 0.194646 -0.160390 0.062080 0.011755 0.023655 -0.210859 -0.065146 0.179767 0.196520 0.046070 0.060840 0.011480 -0.078289 -0.011076 -0.119405 0.102593 -0.051290 0.096970 0.026095 -0.125274 0.092665 0.161419 0.023705 0.129045 0.037959
0.124537 0.341006 0.008027 0.243302 0.170451 0.076447 0.005433 -0.087740 0.198408 0.024680 -0.259560 0.068987 -0.170258 0.056219 0.025367 0.208771 0.043864 0.150801 0.544598 1.000000 -0.076602 0.162017 -0.027242 -0.046804 0.123576 -0.011298 0.094006 -0.040705 0.113762 0.144322 -0.154816 -0.142344 0.172531 0.076572 -0.049796 0.080851 0.104893 -0.193051 -0.245273 -0.235596 0.123378 -0.086782 -0.116020 -0.159839 -0.163082 -0.389929 -0.074582 -0.016817 -0.237826 -0.291482 -0.194237 -0.246193 0.003911 -0.128789 -0.000440 -0.242565 0.307366 0.503628 -0.148839 -0.109281 -0.129247 -0.218823 -0.150039 -0.269366 -0.273779 -0.446162 -0.075730 -0.164436 0.476629 0.680555 -0.057342 0.028314 0.040226 0.049133 -0.158671 0.105458 0.034237 -0.054299 0.112183 0.116958 0.316035 0.001703 0.135243 0.175682 -0.028664 -0.349602 0.062337 0.014379 0.004059 -0.082611 0.205227 0.072279 -0.043735 -0.131392 -0.134890 -0.181268 -0.273294 -0.250477 0.173631 0.102308 0.067602 -0.143696 -0.162407 -0.122510 0.050341 0.077396 0.006171 -0.113757 0.221592 -0.014952 -0.184074 0.049868 -0.085053 -0.088854 0.199841 0.141049
-0.209035 -0.007147 -0.273502 -0.101855 0.284623 0.395077 -0.349984 -0.176956 -0.000754 0.190851 -0.044857 -0.315358 -0.419127 -0.271315 0.231565 0.091965 -0.547274 -0.321253 -0.053971 -0.076602 1.000000 0.650962 0.146514 0.127561 0.566409 0.547554 0.587736 -0.034769 -0.277847 0.066970 0.287331 0.120593 -0.123251 -0.121943 -0.049037 -0.008715 -0.358524 -0.186805 -0.059526 -0.000403 0.089277 -0.079968 -0.083739 -0.051937 0.083138 0.125934 0.009310 -0.220343 0.182899 0.032118 0.181641 0.024608 -0.135802 0.112855 -0.581026 -0.190465 -0.243961 -0.160192 -0.124851 -0.057874 -0.189591 -0.053309 -0.463516 -0.062826 0.268505 0.182354 0.067240 0.206912 -0.118141 -0.137109 0.504826 0.401408 -0.086286 0.135692 0.067862 0.272465 -0.189179 -0.304947 -0.429443 -0.088593 -0.366961 -0.221078 -0.021364 -0.227688 0.059450 0.178296 0.227167 0.304922 0.504278 0.202268 -0.190339 -0.038399 0.356466 0.138729 0.021546 -0.178235 -0.527377 -0.181749 -0.370973 -0.125428 -0.156449 0.120607 0.065442 0.002518 -0.116467 0.351333 0.235134 0.021163 -0.159512 -0.185084 -0.300864 -0.151430 -0.056235 -0.304727 0.109842 0.211495
-0.208131 0.086313 -0.112381 -0.219690 0.332376 0.290736 -0.378745 -0.324718 0.107631 0.185089 0.012789 -0.088955 -0.370560 -0.266319 0.234290 -0.026445 -0.511680 -0.155977 0.084456 0.162017 0.650962 1.000000 0.251786 0.179231 0.688173 0.691779 0.511911 -0.126136 -0.109667 -0.060917 0.373427 0.279661 -0.066777 -0.036416 0.162568 0.164275 -0.337479 -0.124496 -0.270426 -0.098267 0.085339 0.019519 0.051344 0.099955 0.049791 0.118566 -0.085545 -0.232248 0.078785 0.017187 0.225075 -0.002252 -0.274687 -0.032609 -0.516921 -0.245859 -0.227306 0.004569 -0.190464 -0.220009 -0.142275 -0.256971 -0.504053 -0.154624 0.348452 0.051281 0.076393 0.285516 0.039579 0.081271 0.333035 0.575767 0.004165 0.027377 0.007054 0.304730 -0.057150 -0.224701 -0.191151 0.009788 -0.270282 -0.074293 0.103630 -0.367263 0.265273 -0.003897 0.258355 0.153860 0.351856 0.132782 -0.139547 0.111895 0.176122 0.191233 -0.074570 -0.277514 -0.333227 -0.302266 -0.338387 -0.041226 -0.178579 -0.027980 -0.148772 -0.137707 -0.291042 0.059645 -0.024983 -0.274809 -0.023869 0.124468 -0.244263 -0.100549 -0.021018 -0.363291 0.326737 0.138783
-0.067503 -0.180556 0.464848 -0.075903 0.212924 0.245985 0.324142 -0.057678 0.253365 -0.193199 0.437858 -0.021808 0.103742 -0.223202 0.297144 -0.010108 -0.275642 -0.260582 -0.116311 -0.027242 0.146514 0.251786 1.000000 0.691358 0.345616 0.424767 0.342860 0.519883 0.036831 -0.184504 0.418342 0.471131 0.004984 0.120092 0.312634 0.192083 -0.001280 -0.015278 0.147951 0.021205 0.072090 0.185077 -0.209488 -0.154289 -0.198313 -0.283309 -0.180197 -0.136948 -0.110961 -0.276427 -0.128310 -0.193572 -0.128602 -0.089372 0.035376 -0.138851 -0.172254 -0.039939 -0.427119 -0.542753 -0.089854 -0.424175 -0.495733 -0.441116 0.548578 -0.131441 -0.337599 0.118159 -0.014392 0.062143 0.030519 0.006092 -0.080133 -0.023583 0.044441 -0.079877 0.018993 0.089167 -0.187988 0.004968 -0.219027 -0.188413 0.486036 0.055097 0.442369 0.032864 0.353407 0.049621 0.514328 0.297763 -0.018874 -0.201574 -0.072710 -0.147088 0.015170 -0.097451 -0.004779 0.133629 -0.196370 -0.113730 0.103087 -0.019976 -0.380537 -0.080031 -0.128579 0.025707 -0.113497 -0.141058 0.081084 0.114577 0.090454 -0.079755 -0.093108 0.039026 0.027107 0.043592
-0.385256 -0.245201 0.312862 0.121643 0.190018 0.331520 0.288938 0.273048 0.310194 0.089192 0.328868 0.222999 0.064272 -0.021201 0.278460 0.252795 -0.329263 -0.190287 -0.426194 -0.046804 0.127561 0.179231 0.691358 1.000000 0.229952 0.369345 0.263042 0.517536 -0.084795 -0.192319 0.252626 0.463613 -0.175608 0.153610 0.311369 0.264650 -0.033644 -0.055918 0.098303 0.100695 0.058547 0.060824 -0.267507 -0.142944 -0.127661 -0.095018 -0.240113 -0.091067 -0.137758 -0.214044 -0.146013 -0.100626 -0.223205 -0.128320 0.009545 -0.098479 -0.302804 -0.201281 -0.483167 -0.590634 -0.258689 -0.280301 -0.484853 -0.333469 0.583010 0.111237 -0.387033 0.221843 -0.227488 0.139494 0.063568 0.005982 -0.173805 -0.046440 -0.006679 -0.114843 -0.139200 0.083017 -0.121615 -0.085893 -0.258619 -0.244800 0.374948 0.118779 0.318223 0.179717 0.241718 0.032527 0.447835 0.242250 -0.036825 -0.317871 0.104947 -0.189021 0.066255 -0.090846 0.049877 0.075336 -0.264534 -0.237197 0.165251 0.021784 -0.259596 0.070403 0.001719 0.181034 -0.114889 0.014261 0.038440 0.096576 0.029427 -0.084471 -0.220434 0.012980 -0.038967 0.050116
-0.067526 0.146011 -0.173179 -0.381475 0.574209 0.397609 -0.465060 -0.437777 -0.099715 0.018369 -0.218168 -0.132973 -0.478948 -0.311724 0.241288 -0.076499 -0.578933 -0.295036 0.032143 0.123576 0.566409 0.688173 0.345616 0.229952 1.000000 0.906188 0.494595 -0.127484 -0.256387 -0.210619 0.427272 0.283072 -0.180128 -0.193826 0.244624 0.155935 -0.509239 -0.231354 -0.300858 -0.114924 0.041618 0.098393 0.099128 -0.043920 -0.020264 0.018169 -0.122698 -0.227063 0.129034 -0.041432 0.332475 -0.005125 -0.227533 0.016726 -0.514236 -0.254526 -0.180648 0.043101 -0.174971 -0.278114 -0.130611 -0.241734 -0.534848 -0.191946 0.271340 0.040914 -0.088416 0.213119 0.105722 0.176243 0.350239 0.576570 0.016459 0.042175 0.007879 0.419788 0.046415 -0.308936 -0.093051 0.115243 -0.127978 -0.167384 0.180323 -0.409129 0.322214 -0.020902 0.424045 0.123867 0.223643 0.286639 -0.047128 0.279810 0.229484 0.209871 0.075222 -0.158767 -0.394103 -0.150750 -0.345895 0.134888 -0.178285 0.143650 -0.152812 -0.109653 -0.238092 0.135015 0.155990 -0.076413 0.056974 0.198745 -0.112307 -0.087142 0.114592 -0.349736 0.380944 0.174988
-0.192146 0.054506 -0.053544 -0.260984 0.443838 0.380833 -0.372886 -0.332346 -0.134772 0.068742 -0.112857 -0.107015 -0.479293 -0.358665 0.214639 -0.096506 -0.607960 -0.310600 -0.070457 -0.011298 0.547554 0.691779 0.424767 0.369345 0.906188 1.000000 0.490095 -0.008376 -0.292819 -0.239909 0.453962 0.375484 -0.158872 -0.113695 0.337150 0.246467 -0.464343 -0.137696 -0.176297 -0.030037 0.084148 0.091409 0.015606 -0.041423 -0.137136 0.010868 -0.163951 -0.217506 0.022756 -0.118813 0.344026 -0.007662 -0.218681 -0.018241 -0.427626 -0.196505 -0.255829 -0.041996 -0.262148 -0.354036 -0.159977 -0.303386 -0.580120 -0.240922 0.428058 0.093378 -0.127543 0.356809 0.084490 0.109158 0.309125 0.526566 -0.043978 0.029980 0.017914 0.310961 0.083899 -0.230932 -0.138415 0.093473 -0.218705 -0.203708 0.259638 -0.435998 0.369308 0.111467 0.445974 0.153909 0.276409 0.364652 -0.092832 0.165806 0.225400 0.167775 0.070989 -0.138586 -0.297364 -0.021916 -0.341857 0.110870 -0.136153 0.139407 -0.174100 -0.083635 -0.242761 0.121766 0.146521 -0.126938 -0.020630 0.180684 -0.001230 -0.006835 0.079663 -0.260284 0.367813 0.113524
-0.020858 0.061547 0.038656 -0.008814 0.530668 0.748640 -0.242177 -0.050158 0.224966 0.282523 0.133843 -0.026260 -0.321898 -0.039472 0.489190 0.359097 -0.507587 -0.313512 -0.058786 0.094006 0.587736 0.511911 0.342860 0.263042 0.494595 0.490095 1.000000 0.354117 -0.296587 0.014883 0.035720 -0.043733 -0.196790 -0.181661 0.091156 0.083121 -0.226218 -0.295954 -0.081500 -0.162078 0.293441 -0.180638 -0.093405 -0.005192 -0.080564 -0.033382 -0.059287 -0.187790 0.112905 -0.101914 0.042216 0.016047 -0.114437 0.079542 -0.322067 -0.229506 -0.186757 -0.197991 -0.195935 -0.161158 -0.063254 -0.106743 -0.492527 -0.198373 0.321946 0.134032 -0.058747 0.199124 -0.167747 -0.020743 0.170176 0.255534 -0.243726 0.047123 -0.125993 0.081381 -0.193171 -0.184500 -0.382290 -0.244070 -0.426052 -0.295352 0.131089 0.046306 0.080383 0.168429 0.217981 0.397462 0.634707 0.327236 -0.102542 -0.039568 0.350270 0.141163 -0.029543 -0.203518 -0.419480 -0.172972 -0.382779 -0.111425 -0.164240 0.028874 -0.047704 -0.079188 -0.186864 0.267757 0.119590 -0.120395 0.108947 -0.120289 -0.404075 -0.379212 -0.116614 -0.260941 0.205049 0.316892
-0.218919 -0.329768 0.464919 0.240644 0.089010 0.505912 0.282949 0.269484 0.384078 0.132337 0.369409 0.051646 0.192000 0.013443 0.368716 0.479025 -0.003478 -0.146968 -0.251245 -0.040705 -0.034769 -0.126136 0.519883 0.517536 -0.127484 -0.008376 0.354117 1.000000 0.036977 0.030310 -0.119631 0.025441 -0.205471 -0.050192 0.133165 0.170600 0.225033 -0.077275 0.298027 -0.033513 0.344533 -0.034139 -0.237578 0.043911 -0.207883 -0.156398 -0.033785 0.088300 -0.042716 -0.196067 -0.136008 -0.006430 0.131880 0.118070 0.389839 0.119830 -0.125271 -0.303585 -0.352117 -0.373704 -0.191840 -0.304248 -0.339492 -0.464821 0.327301 0.003151 -0.310960 0.122634 -0.185832 0.034715 -0.132606 -0.189406 -0.270725 0.106690 0.027088 -0.113895 -0.063932 0.290417 -0.203061 -0.236075 -0.209806 -0.179369 0.236923 0.352118 0.094775 0.228861 0.075476 0.100747 0.443182 0.131907 -0.112033 -0.322184 -0.100353 -0.306200 0.038151 0.030644 0.303539 0.186231 0.007202 -0.185426 0.037415 -0.138903 -0.225782 0.096187 0.089592 0.124461 -0.231270 -0.131692 0.204095 0.030794 0.039174 -0.169230 -0.190882 0.122854 -0.076094 0.059780
-0.050764 -0.118066 0.094896 -0.014555 -0.151363 -0.325412 0.294748 -0.034288 0.297451 -0.196542 0.165382 0.045537 0.317037 0.007046 0.096951 0.007021 0.549275 0.183148 0.221535 0.113762 -0.277847 -0.109667 0.036831 -0.084795 -0.256387 -0.292819 -0.296587 0.036977 1.000000 0.363506 0.175825 0.240429 0.179590 0.087209 -0.102537 -0.267974 0.473526 -0.006402 0.045385 -0.245241 0.207504 0.067456 0.117216 0.105306 0.028346 -0.208211 0.085681 -0.006307 -0.139582 -0.112297 -0.227829 -0.162202 -0.096583 0.063524 0.253161 -0.112281 0.067479 0.087752 -0.157521 -0.162018 -0.143348 -0.252354 0.202924 -0.106450 -0.114013 -0.385792 -0.092638 -0.361240 0.100106 -0.039101 0.027882 -0.014962 0.626862 0.315524 0.237134 0.123902 0.410380 0.348721 0.313252 0.066374 0.431144 0.362035 0.092487 0.133307 0.163505 -0.061194 -0.201482 -0.145973 -0.211513 -0.367916 -0.035473 -0.210122 -0.396212 -0.146714 -0.109929 -0.065925 0.233335 -0.094551 0.059437 -0.258653 0.229528 -0.100910 -0.144723 -0.082573 0.068316 -0.201846 -0.314317 -0.259986 -0.032091 0.060234 -0.113228 -0.065417 -0.192923 0.166281 -0.046087 -0.122261
-0.147783 -0.210930 -0.173956 0.178426 -0.127272 0.022997 0.045291 0.035793 0.096499 -0.019926 0.015476 0.038520 -0.089980 0.281940 0.082290 0.363581 0.169929 0.417508 0.107116 0.144322 0.066970 -0.060917 -0.184504 -0.192319 -0.210619 -0.239909 0.014883 0.030310 0.363506 1.000000 0.016505 -0.013802 0.084494 0.106780 -0.093987 0.010220 0.445649 0.010695 0.316102 -0.160827 0.455983 -0.092635 0.074752 0.079595 -0.118761 -0.348027 0.269683 0.200197 -0.240692 -0.291620 -0.292439 -0.205360 0.086139 0.115276 0.196214 -0.047715 0.187654 -0.102901 -0.166468 -0.086830 -0.249795 -0.158713 0.103061 -0.104629 -0.183952 -0.375423 -0.108308 -0.405417 -0.001876 -0.052551 0.181084 -0.002732 0.489354 0.529593 0.388680 0.155291 0.292756 0.441101 -0.069879 0.293531 0.233389 0.385154 0.042702 0.467271 -0.174947 0.101365 -0.189003 0.133660 0.006116 -0.195263 -0.040838 -0.302955 -0.074142 -0.278178 -0.216928 -0.131189 -0.050620 -0.056164 0.131224 0.011850 0.205395 -0.058514 0.005043 0.058145 0.177321 0.047114 -0.104891 -0.124793 -0.086118 -0.304879 -0.058313 0.052096 -0.070348 0.238044 -0.050322 -0.139754
-0.187684 0.084178 -0.068264 -0.230407 0.034833 -0.122462 -0.114115 -0.281631 -0.048979 -0.345356 0.006309 -0.069678 -0.210743 -0.335075 -0.080305 -0.402236 -0.273536 -0.208904 0.126113 -0.154816 0.287331 0.373427 0.418342 0.252626 0.427272 0.453962 0.035720 -0.119631 0.175825 0.016505 1.000000 0.852317 0.166816 0.230558 0.138212 0.010449 -0.104811 0.034706 0.032519 0.038576 -0.012369 0.209898 -0.012178 -0.097398 -0.032609 -0.126986 -0.072419 -0.117385 -0.155545 -0.157894 -0.065843 -0.244673 -0.280005 -0.021178 -0.186012 -0.190400 -0.103554 0.115534 -0.325185 -0.353440 -0.240092 -0.348886 -0.267024 -0.182960 0.277993 -0.254417 -0.135970 -0.056848 0.138673 -0.236314 0.543189 0.459267 0.398821 0.075165 0.319956 0.223824 0.249258 0.065685 0.063612 0.153698 -0.006179 0.041078 0.176524 -0.202492 0.347723 -0.030053 0.139807 -0.141729 0.049322 -0.132233 -0.112576 -0.064985 -0.143911 0.074442 0.037492 -0.104706 -0.086622 -0.047742 -0.189687 -0.110390 0.143584 0.196483 -0.090595 -0.024846 -0.146465 -0.046628 0.015577 -0.004554 -0.203217 0.120641 0.103302 0.073153 0.072387 0.093112 0.024972 -0.125702
-0.326550 0.014401 -0.012162 -0.059250 0.015625 -0.100715 0.046490 -0.067206 0.082397 -0.267245 0.114446 0.122028 -0.115005 -0.266645 -0.093481 -0.232126 -0.210671 -0.238908 0.006735 -0.142344 0.120593 0.279661 0.471131 0.463613 0.283072 0.375484 -0.043733 0.025441 0.240429 -0.013802 0.852317 1.000000 0.137162 0.341712 0.151304 0.064249 -0.019917 0.071960 0.078943 0.092669 -0.026130 0.248682 -0.097893 -0.135135 -0.103064 -0.162511 -0.144494 -0.074106 -0.289292 -0.221638 -0.174894 -0.308201 -0.318654 -0.091840 -0.079305 -0.182186 -0.154200 0.061080 -0.437235 -0.464418 -0.277361 -0.338014 -0.250283 -0.188528 0.404999 -0.215410 -0.262266 -0.048677 0.109349 -0.151303 0.404826 0.343611 0.355928 0.102189 0.311693 0.185335 0.310245 0.213829 0.081816 0.032604 0.010545 0.060399 0.281946 -0.024133 0.407932 0.061912 0.092534 -0.168034 0.076122 -0.078643 -0.069424 -0.208269 -0.148537 -0.032475 0.037950 0.027045 0.027973 0.068124 -0.158667 -0.186078 0.237865 0.105035 -0.093892 -0.029381 -0.091082 -0.113020 -0.068320 -0.066204 -0.208850 0.118247 0.104386 0.087226 -0.060454 0.149842 -0.008010 -0.101125
0.246955 0.227425 0.179212 0.255133 -0.196520 -0.274813 0.308478 0.233633 -0.011193 -0.057180 -0.049940 -0.026591 -0.052849 -0.056924 -0.313902 -0.202886 0.050627 -0.101945 0.281984 0.172531 -0.123251 -0.066777 0.004984 -0.175608 -0.180128 -0.158872 -0.196790 -0.205471 0.179590 0.084494 0.166816 0.137162 1.000000 0.754313 -0.147986 -0.059122 0.203731 -0.028796 0.102021 -0.080596 0.014000 -0.047877 -0.188753 -0.221470 -0.210957 -0.282662 -0.042960 -0.050256 -0.289118 -0.354720 -0.396549 -0.460567 -0.179667 -0.353036 0.009909 -0.213848 0.293509 0.342689 0.097155 0.144207 0.310268 0.123194 0.211836 -0.073909 -0.089802 -0.333762 0.267764 -0.041638 0.322134 -0.052261 -0.007718 -0.177968 0.204460 -0.037149 0.058175 0.027760 0.198575 0.125774 -0.068146 0.067175 0.140111 -0.057227 0.025925 0.145185 -0.110819 -0.293200 -0.107053 0.020408 -0.165001 -0.212858 0.013810 -0.220943 -0.253326 -0.146645 -0.091784 -0.033598 -0.115172 -0.107539 0.066504 -0.129568 0.147228 -0.130145 -0.168306 -0.106203 0.032137 -0.187523 0.027648 -0.060194 -0.133490 -0.126317 0.010125 0.147429 -0.001057 0.049474 -0.162539 -0.088947
-0.032102 0.119900 0.147981 0.181846 -0.170068 -0.220966 0.391348 0.412960 0.078474 0.052503 0.060071 0.167747 0.008169 0.057028 -0.301146 -0.075586 -0.097814 -0.046191 0.007599 0.076572 -0.121943 -0.036416 0.120092 0.153610 -0.193826 -0.113695 -0.181661 -0.050192 0.087209 0.106780 0.230558 0.341712 0.754313 1.000000 0.081521 0.310041 0.200037 -0.045337 0.144054 -0.021272 0.012839 -0.075604 -0.316242 -0.292649 -0.157532 -0.176518 -0.174681 -0.016393 -0.408360 -0.358039 -0.507608 -0.596543 -0.222106 -0.479284 0.056182 -0.299483 0.161646 0.257281 -0.063716 -0.059492 0.228141 0.170217 0.000605 -0.103915 0.164939 -0.165790 0.133648 0.125185 0.071932 0.023303 0.030536 -0.150067 0.112931 -0.027739 0.103290 -0.005270 0.174569 0.336151 -0.066195 0.028314 0.048156 -0.095557 0.163661 0.248517 -0.029828 -0.287385 -0.118760 -0.047352 -0.058521 -0.260114 0.075436 -0.289072 -0.226855 -0.210845 -0.107989 -0.064239 -0.105127 -0.096424 0.072117 -0.212598 0.234002 -0.153202 -0.175875 -0.055054 0.086936 -0.166048 -0.053045 -0.118872 -0.102665 -0.199261 0.086720 0.179874 -0.113186 0.143053 -0.166955 -0.107074
-0.015191 -0.066556 0.160571 -0.194595 0.007365 0.112279 0.052534 -0.172960 -0.170781 0.026438 0.085872 0.159065 -0.111260 -0.123106 -0.065520 -0.093562 -0.259082 0.134638 -0.187437 -0.049796 -0.049037 0.162568 0.312634 0.311369 0.244624 0.337150 0.091156 0.133165 -0.102537 -0.093987 0.138212 0.151304 -0.147986 0.081521 1.000000 0.602325 -0.084581 -0.090352 -0.001437 -0.039836 0.019625 -0.050975 0.054706 -0.023372 -0.007417 0.063388 -0.130712 -0.045610 -0.061264 -0.105687 0.139740 -0.057524 -0.157830 -0.141761 -0.009635 -0.172272 0.009800 -0.012758 -0.144942 -0.289359 -0.021869 -0.264945 -0.295361 -0.161180 0.414782 0.132192 0.026210 0.437547 -0.070726 0.077432 -0.095012 0.112998 -0.066144 -0.014282 0.025240 0.016231 0.200103 0.162574 -0.011211 0.255748 -0.074491 -0.167529 0.281970 -0.160009 0.229884 -0.039082 0.308301 0.100885 0.176041 0.206897 -0.136232 -0.000797 -0.134755 -0.065921 0.002967 0.032297 -0.009489 0.099083 -0.145781 0.019349 0.032479 0.100448 -0.326185 0.030178 -0.103971 -0.070326 -0.049003 -0.187171 0.257795 0.208366 0.279444 0.045922 0.041788 0.095704 0.167485 -0.004600
-0.199078 -0.184375 0.124357 -0.050244 -0.008990 0.150853 0.093126 -0.001383 -0.056688 0.081519 0.018686 0.133353 -0.094994 -0.056382 -0.161533 0.024553 -0.339294 0.068821 -0.151952 0.080851 -0.008715 0.164275 0.192083 0.264650 0.155935 0.246467 0.083121 0.170600 -0.267974 0.010220 0.010449 0.064249 -0.059122 0.310041 0.602325 1.000000 -0.039211 -0.103314 0.112516 0.057090 0.063118 -0.091123 -0.017772 -0.062148 -0.024895 0.093650 -0.088326 0.096664 -0.238090 -0.175694 -0.074583 -0.295614 -0.059238 -0.270128 0.072061 -0.067124 -0.047014 -0.013693 -0.103479 -0.274872 0.025449 -0.172887 -0.333122 -0.368207 0.368672 0.009587 0.029165 0.491385 -0.034159 0.262021 -0.031606 0.018516 -0.188213 -0.021984 -0.040815 -0.003528 0.047340 0.305928 -0.164393 0.152827 -0.141159 -0.251337 0.114343 0.060442 0.021263 -0.154795 0.129090 0.064913 0.077626 0.142545 0.089243 0.012222 -0.051991 -0.138532 -0.002437 0.010980 -0.031000 0.108904 0.124247 0.188599 0.002150 -0.000801 -0.259192 0.094719 0.051116 0.000250 -0.052226 -0.163773 0.260295 0.115039 0.363092 0.296868 0.131182 0.140927 0.170096 -0.034432
