1.000000 0.413529 0.575486 0.276559 0.379767 0.081486 0.635345 0.381696 0.152837 0.007182 0.054743 -0.010860 0.081401 0.043748 -0.100326 -0.129429 -0.066068 -0.101667 0.293909 0.311879 0.074070 0.068227 0.195609 0.245395 0.103852 -0.040039 0.172519 0.054332 -0.048453 -0.135959 -0.025386 0.074827 0.219703 0.132683 -0.211264 0.099790 -0.165887 -0.217235 -0.120580 -0.062251 -0.307208 -0.119645 -0.270944 -0.224727 -0.237639 -0.201058 -0.187098 -0.273869 -0.350844 -0.120001 -0.172540 -0.105968 -0.026750 -0.032829 -0.034952 -0.036690 0.518732 0.194200 0.373966 0.318887 0.261006 0.194413 -0.092861 0.124583 -0.373930 -0.105281 0.236966 -0.153867 0.179806 0.235021 -0.035648 0.003220 -0.107721 -0.144568 -0.054761 -0.294014 -0.077199 -0.236511 -0.029049 -0.081614 -0.166049 -0.270444 0.204589 0.204368 -0.144446 -0.326997 -0.163867 -0.182230 -0.060423 0.032566 0.039803 0.112686 -0.048542 -0.093957 -0.150745 0.048953 -0.328987 -0.297817 -0.053360 -0.008270 -0.081924 0.050161 -0.032847 -0.027373 -0.215684 -0.143747 0.233714 0.150336 -0.028003 -0.307681 -0.453270 -0.121656 -0.028720 -0.008567 -0.147102 -0.111320
0.413529 1.000000 0.366330 0.397957 0.513878 0.221046 0.337609 0.506321 0.427739 0.248525 0.182784 0.297424 0.349744 0.256858 0.022770 0.005705 -0.304304 0.056379 0.513676 0.583068 0.190268 0.138701 0.009749 -0.005506 -0.047077 -0.126770 0.211221 0.074691 -0.137327 -0.272525 0.279893 0.215357 0.568831 0.517565 -0.597654 -0.212726 -0.620678 -0.494438 -0.328047 -0.204969 -0.337185 -0.111226 -0.585344 -0.294161 -0.449805 -0.138336 -0.556005 -0.475024 -0.388463 -0.155845 -0.554231 -0.292869 -0.264904 -0.195555 -0.353957 0.010358 0.184973 0.838475 0.521294 0.510649 0.168745 0.612733 0.184734 0.245865 -0.313207 0.031439 0.143224 -0.139025 0.317308 0.439736 0.111472 0.216527 -0.309363 -0.006623 0.007907 -0.014210 -0.154331 -0.392026 -0.372083 -0.035050 -0.022754 -0.119904 0.078212 0.235726 -0.205086 -0.530847 -0.102632 -0.280799 -0.190213 0.088331 0.000806 -0.094777 -0.172580 -0.019730 -0.412980 -0.221092 -0.231731 -0.265146 -0.077544 -0.100013 -0.130444 0.297184 0.012300 0.053749 -0.124689 -0.063910 0.257865 0.405093 -0.327449 -0.527469 -0.514553 -0.352439 -0.141394 -0.201780 -0.239994 -0.177073
0.575486 0.366330 1.000000 0.545633 0.460477 0.208122 0.704065 0.539863 0.225506 0.014931 0.123326 -0.011229 0.104053 0.057016 -0.022777 -0.108110 -0.173814 -0.319573 0.537779 0.461608 0.230015 0.232844 0.428177 0.322414 -0.028572 -0.045216 0.334655 0.157098 -0.137074 -0.336141 0.294761 0.291578 0.159727 0.316016 -0.342106 -0.030765 -0.215081 -0.176705 -0.083133 -0.152110 -0.358326 -0.171439 -0.289983 -0.133942 -0.197393 -0.092198 -0.154221 -0.400158 -0.177918 -0.109656 -0.232131 -0.214919 -0.115948 -0.201103 -0.049261 -0.011265 0.090839 0.174492 0.410980 0.263094 0.159367 0.256107 -0.187766 0.085173 -0.250401 -0.037714 0.108644 -0.112361 0.149012 0.200608 0.085851 0.097563 -0.247273 -0.182089 -0.010565 -0.200177 -0.208501 -0.323969 -0.206163 -0.126407 -0.344971 -0.378726 0.220902 0.288395 -0.195839 -0.383751 -0.140074 -0.304687 0.078843 0.004467 0.066849 -0.150626 -0.027285 -0.123954 -0.131372 0.015655 -0.219739 -0.320438 -0.182842 -0.187010 -0.038327 -0.075264 -0.059324 -0.207804 -0.188198 -0.199318 0.197822 0.188891 -0.100844 -0.327233 -0.459671 -0.286138 -0.163665 -0.193297 -0.218241 -0.178382
0.276559 0.397957 0.545633 1.000000 0.336430 0.388606 0.242152 0.641379 0.279088 0.325685 0.107503 0.192765 0.138651 0.177682 0.195274 0.122957 -0.157220 -0.106488 0.581612 0.430109 0.329965 0.349568 0.466973 0.338438 -0.109470 0.220058 0.448988 0.385915 -0.125172 -0.246618 0.335713 0.390036 0.349583 0.320058 -0.338440 -0.148613 -0.417338 -0.235769 -0.184285 -0.174679 -0.215074 0.022619 -0.304851 -0.305101 -0.400860 -0.246363 -0.359439 -0.596876 -0.215115 -0.304235 -0.334075 -0.257942 -0.280556 -0.076750 -0.317177 -0.034455 0.104479 0.258162 0.277409 0.237746 -0.112207 0.201169 0.045017 -0.005782 -0.126840 0.150791 0.143340 -0.004508 0.174005 0.122533 0.194608 0.292651 -0.364299 0.060147 0.087682 0.001718 -0.249977 -0.220802 -0.162756 -0.199391 -0.081469 -0.239675 0.247332 0.313423 0.010336 -0.398174 -0.128992 -0.230011 -0.157923 0.019490 -0.033454 -0.157154 -0.094496 -0.156840 -0.383113 -0.215754 -0.345496 -0.351923 -0.274691 -0.220348 -0.171409 0.029065 -0.190339 -0.018473 -0.212379 -0.114608 0.125598 0.342817 -0.291479 -0.520431 -0.567353 -0.405644 -0.346191 -0.306987 -0.198845 -0.250881
0.379767 0.513878 0.460477 0.336430 1.000000 0.383673 0.336505 0.387066 0.579836 0.341897 0.300825 0.326332 0.279373 0.347809 0.115234 0.153768 -0.234434 -0.017907 0.318176 0.426724 0.633523 0.435347 0.175215 0.184679 0.211118 0.107582 0.529630 0.242046 -0.381708 -0.173727 0.393493 0.271310 0.334755 0.391280 -0.299845 -0.051009 -0.339544 -0.340213 -0.297989 -0.267108 -0.462900 -0.246226 -0.491687 -0.246615 -0.427473 -0.058991 -0.362719 -0.439535 -0.176641 0.018121 -0.216777 -0.219170 -0.127496 -0.158267 -0.063312 -0.014342 0.059222 0.394296 0.406921 0.605015 0.047293 0.243047 0.036685 -0.218378 -0.163768 -0.121025 0.096214 -0.044938 0.381460 0.399764 0.419218 0.264827 -0.488228 -0.146296 -0.077704 -0.174317 -0.321043 -0.590235 -0.284297 -0.192817 -0.038053 -0.364108 0.227117 0.334917 -0.092855 -0.624937 -0.198667 -0.254938 -0.091586 0.037900 0.270931 -0.020114 0.133757 0.044081 -0.261007 -0.072768 -0.404246 -0.343534 -0.251348 -0.347538 -0.051486 0.297012 0.044649 0.096396 -0.129443 -0.089285 0.485595 0.303022 -0.245769 -0.503600 -0.512504 -0.426174 -0.181894 -0.098832 -0.279597 -0.259757
0.081486 0.221046 0.208122 0.388606 0.383673 1.000000 0.091702 0.386393 0.591373 0.730578 0.340138 0.070354 0.482256 0.156828 0.724685 0.762822 -0.017370 0.315269 0.284542 0.086182 0.691008 0.788412 -0.187057 -0.347052 -0.640682 -0.025491 0.813603 0.894311 -0.006690 -0.021694 -0.075014 -0.243998 0.057958 0.066071 -0.283180 -0.139498 -0.527876 -0.289533 -0.266166 -0.410372 0.201862 0.431843 -0.317330 -0.202543 -0.308594 -0.299765 -0.235711 -0.422972 0.014858 -0.178865 -0.147377 -0.079238 -0.300784 0.040939 -0.446304 -0.030362 0.121937 0.227839 0.368102 0.327614 -0.089544 0.139250 0.233526 0.019668 -0.025197 -0.035201 0.098734 -0.294274 -0.013724 0.022638 0.413644 0.745253 -0.182421 0.627315 0.454583 0.542998 -0.486279 -0.333927 -0.235135 -0.515226 0.385756 -0.131971 0.346951 0.568442 0.088857 -0.480842 -0.193855 -0.294948 -0.329173 -0.332967 -0.232478 -0.177553 -0.306281 -0.311058 -0.334535 -0.425329 -0.172476 -0.337946 -0.240456 -0.198862 -0.272294 0.032484 -0.362911 0.119706 0.120553 0.272000 -0.144946 0.573929 -0.469671 -0.403257 -0.494021 -0.361007 -0.298063 -0.377434 -0.141440 -0.220525
0.635345 0.337609 0.704065 0.242152 0.336505 0.091702 1.000000 0.569252 0.077940 -0.057896 -0.004676 -0.083263 0.116954 -0.065909 -0.215728 -0.204104 -0.211717 -0.344331 0.191266 0.259649 0.127149 0.127735 0.139436 0.233340 -0.008021 -0.208482 0.175029 0.011182 -0.084586 -0.266657 0.048329 0.099696 0.103083 0.227559 -0.153796 0.236337 -0.139198 -0.143397 -0.172317 -0.062319 -0.451346 -0.116072 -0.153962 -0.000971 -0.051494 -0.045847 -0.133728 -0.169656 -0.201379 0.025967 -0.144974 -0.055074 -0.131373 -0.035195 -0.070520 0.074916 0.178656 0.167104 0.437022 0.399222 0.236132 0.251856 -0.213037 0.087150 -0.371925 -0.086871 0.316002 0.017023 0.116385 0.325111 -0.076919 -0.109434 -0.164439 -0.190085 -0.161326 -0.251303 -0.146717 -0.310955 -0.271713 -0.056847 -0.383993 -0.237589 0.089998 0.181063 -0.327994 -0.229436 -0.296924 -0.317024 0.029767 0.133862 -0.026186 0.203040 -0.133007 -0.125943 -0.026857 0.098492 -0.252662 -0.244598 -0.122875 0.055884 0.004392 -0.014576 -0.126133 -0.155765 -0.219527 -0.158845 0.134159 0.122992 -0.057150 -0.214489 -0.322408 -0.094314 0.023956 -0.105363 -0.207545 -0.102916
0.381696 0.506321 0.539863 0.641379 0.387066 0.386393 0.569252 1.000000 0.449399 0.473858 0.124806 0.127708 0.265653 0.185381 0.118812 0.234305 -0.351360 -0.135027 0.440939 0.336796 0.238294 0.301351 0.132167 0.115150 -0.293747 -0.027448 0.336225 0.268659 -0.124021 -0.308465 0.223458 0.232400 0.358543 0.433019 -0.377036 0.099314 -0.443912 -0.521957 -0.275867 -0.355921 -0.311062 0.072044 -0.411270 -0.331737 -0.454107 -0.258147 -0.399025 -0.506371 -0.287855 -0.150093 -0.293801 -0.282103 -0.157727 -0.256214 -0.259570 -0.237048 0.152265 0.309099 0.416106 0.505158 0.065267 0.354535 0.026035 -0.045879 -0.227775 -0.034563 0.144586 -0.028532 0.090092 0.204294 0.059450 0.219026 -0.314507 0.049389 0.008843 -0.057233 -0.420687 -0.414752 -0.354700 -0.424241 -0.086846 -0.302581 0.052767 0.273711 -0.240567 -0.487179 -0.371654 -0.421724 -0.149423 0.010635 0.077179 -0.011213 -0.025158 -0.031808 -0.312472 -0.218506 -0.368985 -0.404305 -0.128237 -0.125036 -0.216533 0.326648 -0.211491 0.103446 -0.081015 0.078187 0.132487 0.269129 -0.300618 -0.486039 -0.503403 -0.317404 -0.099200 -0.152089 -0.147769 -0.155445
0.152837 0.427739 0.225506 0.279088 0.579836 0.591373 0.077940 0.449399 1.000000 0.654520 0.433088 0.267425 0.589017 0.374992 0.506303 0.519953 -0.121894 0.212711 0.469881 0.359545 0.386009 0.347770 -0.255750 -0.285486 -0.345743 -0.070364 0.455265 0.374917 0.006187 -0.105710 0.163751 -0.015578 0.219580 0.367782 -0.433942 -0.054948 -0.585255 -0.466311 -0.453673 -0.520625 -0.037276 0.058874 -0.518984 -0.296057 -0.444480 -0.175197 -0.402876 -0.457970 -0.177448 -0.111733 -0.374265 -0.357841 -0.202228 -0.242969 -0.362043 -0.253171 -0.034135 0.351187 0.463374 0.361527 0.043556 0.446452 0.259945 -0.012708 0.035524 -0.055636 -0.045509 -0.282932 0.200044 0.143754 0.318076 0.528201 -0.247635 0.341667 0.247902 0.271352 -0.453123 -0.333961 -0.206809 -0.404783 0.334319 -0.067043 0.121341 0.302865 -0.131966 -0.602148 -0.140491 -0.408700 -0.324923 -0.334781 0.136167 -0.105838 -0.016403 -0.025179 -0.371716 -0.404962 -0.209728 -0.404268 -0.092690 -0.265409 -0.065554 0.232411 -0.048089 0.075368 0.126480 0.174004 0.142307 0.408560 -0.441416 -0.505795 -0.438895 -0.347727 -0.181220 -0.169304 -0.125365 -0.183355
0.007182 0.248525 0.014931 0.325685 0.341897 0.730578 -0.057896 0.473858 0.654520 1.000000 0.411030 0.214228 0.488391 0.273646 0.721609 0.858694 -0.075403 0.290670 0.278590 0.012537 0.499233 0.554414 -0.198468 -0.332009 -0.471483 0.181085 0.573553 0.655960 0.041227 0.087728 0.055628 -0.045864 0.206070 0.142240 -0.307354 -0.096305 -0.609643 -0.449264 -0.309656 -0.476793 0.086836 0.305495 -0.383222 -0.304814 -0.489930 -0.382133 -0.363181 -0.405263 -0.112423 -0.127529 -0.170902 -0.046023 -0.249921 0.054368 -0.453138 -0.132879 0.153819 0.191018 0.189659 0.303107 0.002851 0.258676 0.483399 -0.020597 0.201805 -0.033922 -0.113126 -0.231202 -0.136769 -0.090477 0.436523 0.668304 -0.144035 0.628544 0.411150 0.546293 -0.467400 -0.359766 -0.249267 -0.545334 0.473029 -0.063962 0.189262 0.391526 0.038042 -0.468969 -0.271712 -0.389121 -0.468492 -0.379194 -0.175865 -0.161322 -0.220579 -0.228915 -0.508324 -0.403286 -0.261631 -0.267100 -0.179470 -0.098640 -0.310640 0.298179 -0.333917 0.300153 0.024710 0.265389 -0.072326 0.426147 -0.429086 -0.467805 -0.506982 -0.312829 -0.229840 -0.230364 -0.043648 -0.147469
0.054743 0.182784 0.123326 0.107503 0.300825 0.340138 -0.004676 0.124806 0.433088 0.411030 1.000000 0.271171 0.710329 0.419481 0.562860 0.367559 0.343937 0.130254 0.398751 0.169420 0.370169 0.305316 0.021607 -0.124644 -0.204546 0.011197 0.362248 0.284637 0.245531 0.079612 0.200646 0.063311 0.207601 0.193309 -0.118960 -0.091764 -0.406031 -0.057243 -0.322441 -0.268482 -0.117818 0.014974 -0.274476 -0.039044 -0.101057 -0.080348 -0.244569 -0.278695 0.113303 0.154962 -0.222386 -0.066704 -0.451905 -0.051314 -0.392240 -0.013356 -0.067655 0.123752 0.244123 0.130198 0.228570 0.218473 0.331953 0.016043 0.313011 -0.016287 0.043457 -0.075251 -0.111657 -0.049538 0.419227 0.329291 -0.083295 0.302697 0.292222 0.311440 -0.174379 -0.167780 -0.019825 -0.161007 0.188816 0.102686 0.373885 0.376572 0.139366 -0.360305 -0.209895 -0.226359 -0.456215 -0.472323 -0.185853 -0.316750 -0.219916 -0.313072 -0.396548 -0.334957 -0.159433 -0.273514 -0.330933 -0.316878 -0.092826 0.025425 -0.285611 0.064982 -0.100045 -0.069940 -0.031307 0.242160 -0.354630 -0.377207 -0.386296 -0.404970 -0.406665 -0.361061 -0.239570 -0.303471
-0.010860 0.297424 -0.011229 0.192765 0.326332 0.070354 -0.083263 0.127708 0.267425 0.214228 0.271171 1.000000 0.370634 0.807111 0.084151 0.148407 -0.000326 0.433610 0.127429 0.276876 0.308061 0.164230 0.176000 0.318276 0.192955 0.370501 0.041727 0.042322 -0.202852 0.238112 0.335300 0.383832 0.361522 0.482756 0.006745 -0.150306 -0.329007 -0.108819 -0.352574 -0.000301 -0.194050 -0.067943 -0.392838 -0.152340 -0.310872 0.044472 -0.442456 -0.356643 0.038193 0.012641 -0.192079 -0.155427 -0.348835 0.104413 -0.349272 0.077274 0.037233 0.328100 0.257154 0.266218 0.178834 0.189432 0.179749 -0.279258 0.285943 0.426715 -0.134562 0.139698 0.191366 0.293348 0.246649 0.166555 -0.307044 -0.096571 0.089892 -0.036662 0.176475 0.017412 0.056302 0.325417 0.219604 0.032632 0.149599 0.184625 0.145530 -0.383221 -0.039335 0.001358 -0.413379 -0.021837 0.079500 -0.145378 0.059887 -0.133342 -0.547672 -0.458289 -0.472452 -0.459780 -0.459545 -0.536214 -0.184252 0.186534 -0.136664 0.194582 -0.400838 -0.363079 0.137700 0.185455 -0.546299 -0.566463 -0.445493 -0.666513 -0.493893 -0.298151 -0.500841 -0.566948
0.081401 0.349744 0.104053 0.138651 0.279373 0.482256 0.116954 0.265653 0.589017 0.488391 0.710329 0.370634 1.000000 0.398128 0.532403 0.446740 -0.017371 0.354617 0.326335 0.239737 0.412295 0.438111 -0.135387 -0.147369 -0.382447 -0.110587 0.328770 0.386556 0.215379 -0.025259 0.191338 0.047966 0.313150 0.388625 -0.264417 -0.081760 -0.661077 -0.164103 -0.446175 -0.372544 -0.099493 0.092889 -0.398556 -0.098709 -0.226452 -0.110320 -0.481507 -0.395709 -0.017219 0.089088 -0.405347 -0.047099 -0.554353 0.013108 -0.567808 0.025702 0.050417 0.340065 0.442345 0.291135 0.270744 0.431120 0.369033 0.117390 0.110813 0.145364 0.076815 -0.169325 -0.018193 0.120745 0.391205 0.516628 -0.140684 0.463519 0.253030 0.429220 -0.287416 -0.172403 -0.266729 -0.120190 0.188124 0.204363 0.052084 0.361948 -0.035400 -0.384592 -0.288313 -0.346080 -0.465554 -0.332975 -0.213042 -0.162896 -0.297209 -0.385849 -0.465491 -0.494574 -0.228615 -0.370949 -0.423461 -0.343324 -0.270812 0.151227 -0.400386 0.018408 -0.152781 -0.113817 0.001546 0.363766 -0.607471 -0.452141 -0.420690 -0.449359 -0.462980 -0.473268 -0.346833 -0.420030
0.043748 0.256858 0.057016 0.177682 0.347809 0.156828 -0.065909 0.185381 0.374992 0.273646 0.419481 0.807111 0.398128 1.000000 0.197031 0.240103 0.070988 0.347261 0.254833 0.282328 0.295873 0.158301 0.117328 0.112362 0.029230 0.281902 0.126487 0.098023 -0.051244 0.307677 0.206465 0.241861 0.241599 0.396119 -0.132199 -0.221134 -0.234848 -0.140461 -0.297123 -0.100442 -0.056832 0.082624 -0.370757 -0.267953 -0.292568 -0.080219 -0.277688 -0.385592 -0.051598 -0.132690 -0.205451 -0.363138 -0.223120 0.006795 -0.230773 -0.058181 -0.029121 0.284266 0.243124 0.151696 0.209943 0.198235 0.124439 -0.200996 0.242317 0.204077 -0.148775 -0.037946 0.091487 0.149680 0.155312 0.212713 -0.109488 -0.002928 0.291264 -0.039459 0.107367 0.073311 0.118259 0.159805 0.211023 -0.129153 0.279136 0.142110 -0.006234 -0.490734 0.021799 0.016902 -0.361692 -0.096555 0.100297 -0.164018 0.074932 -0.074624 -0.486467 -0.465247 -0.336290 -0.513996 -0.259772 -0.424868 -0.186941 0.099719 -0.047097 0.227295 -0.197181 -0.168916 0.097263 0.246102 -0.424154 -0.526998 -0.443737 -0.538185 -0.375026 -0.141034 -0.262783 -0.360338
-0.100326 0.022770 -0.022777 0.195274 0.115234 0.724685 -0.215728 0.118812 0.506303 0.721609 0.562860 0.084151 0.532403 0.197031 1.000000 0.794813 0.158485 0.299380 0.271746 -0.063646 0.502931 0.532157 -0.164614 -0.433304 -0.625409 -0.054292 0.601722 0.748742 0.150632 0.131893 -0.000141 -0.190059 0.043440 -0.038697 -0.202369 -0.289853 -0.432685 -0.093376 -0.036704 -0.311676 0.356971 0.353342 -0.150265 -0.112848 -0.239829 -0.273729 -0.119232 -0.316471 0.093433 -0.124738 -0.118789 -0.028824 -0.329813 0.143245 -0.398002 0.048287 0.058835 0.073465 0.116822 0.070739 -0.058078 0.110821 0.373155 0.003990 0.317381 -0.115473 -0.181721 -0.382658 -0.234206 -0.257564 0.411820 0.670852 -0.042796 0.637928 0.579198 0.643036 -0.395555 -0.210526 -0.166237 -0.483801 0.501480 -0.045133 0.503697 0.545696 0.300852 -0.331914 -0.063660 -0.183327 -0.352295 -0.423517 -0.333799 -0.256672 -0.335999 -0.336636 -0.375154 -0.390589 -0.003807 -0.192043 -0.203272 -0.170615 -0.204271 -0.051748 -0.352614 0.089226 0.070064 0.210612 -0.200906 0.451945 -0.388496 -0.248559 -0.375930 -0.293510 -0.364310 -0.362709 -0.073720 -0.202481
-0.129429 0.005705 -0.108110 0.122957 0.153768 0.762822 -0.204104 0.234305 0.519953 0.858694 0.367559 0.148407 0.446740 0.240103 0.794813 1.000000 -0.002175 0.361917 0.073151 -0.196667 0.496235 0.599556 -0.270068 -0.409846 -0.596361 0.131742 0.564328 0.744810 0.082164 0.246037 -0.116126 -0.209755 -0.016156 -0.074098 -0.111041 -0.066450 -0.388659 -0.311779 -0.183020 -0.409918 0.374643 0.440335 -0.244432 -0.274024 -0.379053 -0.417663 -0.209281 -0.299706 0.069607 -0.148006 0.079632 0.035780 -0.143089 0.121632 -0.356189 -0.138345 0.156948 0.020770 0.050623 0.156413 -0.042555 0.013491 0.441462 -0.162574 0.348280 -0.113673 -0.218301 -0.283200 -0.251487 -0.252835 0.425629 0.662464 0.000416 0.704152 0.531871 0.644364 -0.427240 -0.165375 -0.137006 -0.581658 0.602149 -0.049785 0.202972 0.449044 0.110847 -0.344113 -0.234713 -0.296977 -0.378287 -0.384304 -0.227285 -0.204573 -0.217818 -0.248536 -0.412254 -0.417095 -0.193600 -0.208291 -0.178315 -0.091028 -0.346024 0.193565 -0.400693 0.314962 0.082742 0.318014 -0.220115 0.365465 -0.366502 -0.279375 -0.352547 -0.268739 -0.206404 -0.202672 -0.015283 -0.139255
-0.066068 -0.304304 -0.173814 -0.157220 -0.234434 -0.017370 -0.211717 -0.351360 -0.121894 -0.075403 0.343937 -0.000326 -0.017371 0.070988 0.158485 -0.002175 1.000000 0.178523 0.032598 -0.048343 -0.066897 -0.075007 -0.112524 -0.138124 0.010537 0.147345 0.050277 0.000314 0.470114 0.376898 -0.108848 -0.157133 -0.121242 -0.150212 0.451231 0.049334 0.135539 0.222235 -0.123535 0.029505 0.220816 0.047066 -0.010432 0.070000 0.286513 0.108495 0.056631 0.076784 0.147466 0.075039 0.138673 -0.002300 -0.157620 0.044373 -0.237089 -0.047375 -0.012096 -0.205303 -0.075763 -0.356713 0.291220 -0.121540 0.351405 0.124032 0.427998 0.008455 0.124720 -0.027249 -0.118732 -0.179424 0.156252 -0.007899 0.433599 0.133266 0.336021 0.129842 0.413333 0.371717 0.740147 0.149441 0.428878 0.392997 0.384056 0.139271 0.171228 0.052657 0.216320 0.059778 -0.267639 -0.409595 -0.211336 -0.230475 -0.193862 -0.273801 -0.091054 -0.147197 -0.047508 -0.104873 -0.146360 -0.096546 0.150173 -0.465108 -0.000257 -0.271297 -0.020329 -0.146643 -0.330958 -0.138271 0.036223 -0.017308 -0.036269 -0.067288 -0.172808 -0.123196 -0.054377 -0.062055
-0.101667 0.056379 -0.319573 -0.106488 -0.017907 0.315269 -0.344331 -0.135027 0.212711 0.290670 0.130254 0.433610 0.354617 0.347261 0.299380 0.361917 0.178523 1.000000 0.006162 0.017684 0.203119 0.207195 -0.199804 -0.167860 -0.217123 0.173275 0.014400 0.256573 0.298589 0.565877 -0.070323 -0.100446 0.085365 0.099787 -0.051845 -0.113085 -0.308964 -0.180370 -0.300570 -0.230590 0.275290 0.319052 -0.284704 -0.172109 -0.135748 -0.082589 -0.312667 -0.264751 -0.110507 -0.035670 -0.151293 -0.016827 -0.203471 0.102244 -0.384082 -0.131669 0.034687 0.208947 -0.045873 -0.052816 -0.031361 -0.045679 0.260510 0.147744 0.138977 0.342801 0.008269 -0.148028 0.016528 0.032060 0.242328 0.438184 0.220149 0.486710 0.312335 0.321823 0.091338 0.283552 0.270995 0.232614 0.597614 0.378160 0.025772 0.156532 0.200289 -0.209578 -0.030864 0.030537 -0.415546 -0.231129 -0.054346 -0.118287 -0.025099 -0.147692 -0.396482 -0.509498 -0.302600 -0.370976 -0.202082 -0.409517 -0.252698 0.227513 -0.195349 0.091019 -0.110597 -0.087207 -0.087270 0.042379 -0.487357 -0.348275 -0.235770 -0.294847 -0.284646 -0.150133 -0.239204 -0.316005
0.293909 0.513676 0.537779 0.581612 0.318176 0.284542 0.191266 0.440939 0.469881 0.278590 0.398751 0.127429 0.326335 0.254833 0.271746 0.073151 0.032598 0.006162 1.000000 0.766918 0.108437 0.085150 0.155984 -0.101106 -0.233710 -0.078600 0.192952 0.125932 0.135489 -0.132750 0.362190 0.238364 0.479858 0.500841 -0.506445 -0.241340 -0.519444 -0.336789 -0.279695 -0.243859 -0.115267 -0.030770 -0.467196 -0.320674 -0.297508 -0.132089 -0.403692 -0.498446 -0.332226 -0.173482 -0.619426 -0.392482 -0.338117 -0.200251 -0.384450 -0.074862 -0.002164 0.400225 0.403443 0.141098 0.116163 0.424088 0.080546 0.253655 -0.175364 0.016050 0.127766 -0.178172 0.315565 0.216565 0.179013 0.313761 -0.124099 0.125875 0.318849 0.122556 -0.067311 -0.126119 -0.078413 -0.101092 -0.010677 -0.100588 0.285748 0.298277 -0.194863 -0.594294 -0.073807 -0.269767 -0.284923 -0.209832 0.002773 -0.258090 -0.115348 -0.148726 -0.445075 -0.290334 -0.190852 -0.310501 -0.170137 -0.227443 -0.034197 -0.014693 0.001470 -0.018126 -0.086194 -0.107594 0.068969 0.338243 -0.268092 -0.555873 -0.506473 -0.353144 -0.308528 -0.231745 -0.176271 -0.198076
0.311879 0.583068 0.461608 0.430109 0.426724 0.086182 0.259649 0.336796 0.359545 0.012537 0.169420 0.276876 0.239737 0.282328 -0.063646 -0.196667 -0.048343 0.017684 0.766918 1.000000 0.084097 -0.068854 0.101998 0.068150 0.063844 -0.107232 0.033991 -0.107356 -0.090104 -0.208657 0.452853 0.336170 0.575858 0.733860 -0.344242 -0.128084 -0.407667 -0.280763 -0.384211 -0.165068 -0.231565 -0.252886 -0.552072 -0.357241 -0.215174 0.105696 -0.532863 -0.495575 -0.277682 -0.099528 -0.551648 -0.389779 -0.259118 -0.202749 -0.338572 -0.040009 0.031688 0.569373 0.563888 0.286847 0.179573 0.351650 -0.015841 0.084405 -0.275524 0.100809 0.172891 0.013464 0.685903 0.634896 0.135916 0.082406 -0.287351 -0.214723 0.043154 -0.173875 0.138843 -0.088953 -0.006363 0.132423 -0.102315 -0.096955 0.157180 0.261044 -0.306053 -0.608220 -0.048442 -0.189073 -0.179198 0.063192 0.276058 -0.048491 0.085568 -0.023951 -0.349324 -0.312899 -0.324128 -0.373858 -0.279429 -0.350013 0.021195 -0.009665 0.185354 -0.059745 -0.138298 -0.317739 0.272846 0.245333 -0.308581 -0.573069 -0.442619 -0.454002 -0.327602 -0.224351 -0.375356 -0.347489
0.074070 0.190268 0.230015 0.329965 0.633523 0.691008 0.127149 0.238294 0.386009 0.499233 0.370169 0.308061 0.412295 0.295873 0.502931 0.496235 -0.066897 0.203119 0.108437 0.084097 1.000000 0.886291 0.129846 0.040709 -0.170302 0.148834 0.778672 0.687064 -0.266349 0.041697 0.256248 0.103475 0.152320 0.114364 -0.087851 -0.229320 -0.301910 0.014284 -0.091118 -0.123101 -0.111132 0.094572 -0.280527 -0.133685 -0.319684 -0.211981 -0.216913 -0.376893 0.076667 -0.067808 -0.058996 -0.009141 -0.348840 0.102270 -0.196657 0.233264 0.106069 0.225778 0.253938 0.450045 -0.151791 -0.012574 0.094085 -0.310397 -0.025811 -0.082453 0.008093 -0.191541 0.023456 0.073125 0.630009 0.606511 -0.340624 0.228982 0.197214 0.239454 -0.348787 -0.489103 -0.254526 -0.240239 0.181843 -0.284095 0.392286 0.551125 0.201709 -0.462589 -0.181555 -0.077481 -0.177757 -0.030082 -0.124338 -0.173456 -0.191175 -0.284374 -0.279857 -0.128587 -0.296133 -0.241810 -0.447022 -0.328979 -0.306822 0.084723 -0.332440 0.161131 -0.134583 0.018755 0.212094 0.488372 -0.327789 -0.357834 -0.478459 -0.458116 -0.419695 -0.342890 -0.278567 -0.335066
0.068227 0.138701 0.232844 0.349568 0.435347 0.788412 0.127735 0.301351 0.347770 0.554414 0.305316 0.164230 0.438111 0.158301 0.532157 0.599556 -0.075007 0.207195 0.085150 -0.068854 0.886291 1.000000 0.072775 -0.026937 -0.361449 0.153196 0.799904 0.809927 -0.121123 -0.018072 0.088276 -0.019151 0.041381 -0.020611 -0.139508 -0.168881 -0.356333 -0.049905 -0.071955 -0.164583 -0.039757 0.261661 -0.233724 -0.108285 -0.341629 -0.315142 -0.168348 -0.325429 0.032064 -0.140772 -0.037477 0.035117 -0.349830 0.032451 -0.252680 0.141750 0.179501 0.130763 0.203241 0.345709 -0.156887 0.035802 0.159880 -0.170571 -0.035163 -0.003928 -0.035517 -0.243159 -0.146804 -0.110203 0.495238 0.677546 -0.208935 0.433218 0.279460 0.406673 -0.420084 -0.440263 -0.285842 -0.330541 0.196703 -0.192991 0.262540 0.505687 0.178890 -0.305970 -0.180005 -0.104222 -0.155478 -0.147931 -0.281664 -0.262004 -0.310473 -0.374363 -0.230371 -0.133733 -0.200344 -0.181616 -0.376689 -0.208241 -0.363586 0.101565 -0.422361 0.138201 -0.039820 0.165620 0.033157 0.464318 -0.304241 -0.270261 -0.431926 -0.346259 -0.321748 -0.332400 -0.142579 -0.218223
0.195609 0.009749 0.428177 0.466973 0.175215 -0.187057 0.139436 0.132167 -0.255750 -0.198468 0.021607 0.176000 -0.135387 0.117328 -0.164614 -0.270068 -0.112524 -0.199804 0.155984 0.101998 0.129846 0.072775 1.000000 0.773549 0.430610 0.522894 0.081281 0.013547 -0.160016 -0.100850 0.496512 0.665809 0.171724 0.110381 0.033704 0.026266 0.109923 0.049219 0.115372 0.122600 -0.410736 -0.199178 0.092086 0.026955 -0.176243 0.043398 -0.019035 -0.148829 -0.108638 0.009686 0.029807 -0.054922 -0.037146 0.019942 0.126271 0.002877 0.063765 -0.072783 -0.175360 -0.058143 -0.129861 -0.200693 -0.180450 -0.197584 0.011268 0.038425 -0.070686 0.243524 -0.043241 -0.005201 0.113362 -0.161146 -0.239283 -0.385976 -0.210242 -0.448663 0.005139 -0.050527 -0.031889 0.139063 -0.327145 -0.262385 0.114160 0.027759 0.245346 -0.012217 -0.056059 0.096746 0.085276 0.159613 0.015443 -0.098428 0.112219 -0.000191 -0.114056 0.177705 -0.282713 -0.189008 -0.223609 -0.264569 -0.026180 0.038475 -0.165179 -0.141283 -0.464098 -0.394080 0.204719 -0.181802 0.045279 -0.176689 -0.183537 -0.191496 -0.213655 -0.038322 -0.137734 -0.182907
0.245395 -0.005506 0.322414 0.338438 0.184679 -0.347052 0.233340 0.115150 -0.285486 -0.332009 -0.124644 0.318276 -0.147369 0.112362 -0.433304 -0.409846 -0.138124 -0.167860 -0.101106 0.068150 0.040709 -0.026937 0.773549 1.000000 0.644375 0.552401 -0.092738 -0.185799 -0.244431 -0.098347 0.371217 0.647900 0.095312 0.136834 0.180735 0.246913 0.160683 0.067158 -0.038867 0.151992 -0.509325 -0.370795 0.020909 -0.020665 -0.187669 0.049555 -0.132493 -0.171487 -0.053556 0.018572 0.146221 0.035225 0.030583 -0.003013 0.144727 -0.035314 0.030089 -0.083164 -0.079778 0.102249 -0.025679 -0.161959 -0.185987 -0.296018 0.008004 0.229792 -0.000983 0.395714 0.089508 0.178193 0.015894 -0.314312 -0.304386 -0.515435 -0.446621 -0.586900 0.060037 -0.011629 0.022895 0.292267 -0.342154 -0.133582 -0.021766 -0.070154 0.204275 0.067289 -0.107765 0.054084 0.115579 0.263744 0.238444 0.105212 0.303377 0.079054 -0.076773 0.127191 -0.451103 -0.248766 -0.284094 -0.293372 -0.028225 0.133616 -0.115832 -0.084922 -0.488230 -0.467095 0.341562 -0.264841 -0.036722 -0.190011 -0.162186 -0.247054 -0.128599 -0.037626 -0.285452 -0.273528
0.103852 -0.047077 -0.028572 -0.109470 0.211118 -0.640682 -0.008021 -0.293747 -0.345743 -0.471483 -0.204546 0.192955 -0.382447 0.029230 -0.625409 -0.596361 0.010537 -0.217123 -0.233710 0.063844 -0.170302 -0.361449 0.430610 0.644375 1.000000 0.489380 -0.352702 -0.541698 -0.304068 -0.038548 0.311881 0.441404 0.110061 0.062234 0.256798 0.189526 0.332056 0.140671 0.016305 0.288670 -0.450951 -0.529874 0.054415 0.060122 -0.043731 0.193210 -0.012275 0.163180 -0.071848 0.106727 0.192803 0.080928 0.203144 0.005565 0.304968 0.070660 0.011586 -0.059467 -0.152848 0.044663 0.071376 -0.128949 -0.118934 -0.234562 -0.012058 0.137779 -0.046779 0.440372 0.262168 0.250933 -0.013748 -0.497182 -0.181551 -0.660693 -0.506211 -0.602530 0.324861 0.014525 0.157520 0.422880 -0.311226 -0.036890 -0.160120 -0.348875 0.056861 0.170417 0.108219 0.234354 0.188210 0.345365 0.333510 0.207148 0.363219 0.196725 0.101234 0.321454 -0.227749 0.085151 -0.077441 -0.051371 0.140885 0.101492 0.259222 -0.011465 -0.336570 -0.407144 0.455611 -0.361335 0.227023 0.036505 0.114895 0.009262 0.085283 0.206655 -0.132595 -0.053274
-0.040039 -0.126770 -0.045216 0.220058 0.107582 -0.025491 -0.208482 -0.027448 -0.070364 0.181085 0.011197 0.370501 -0.110587 0.281902 -0.054292 0.131742 0.147345 0.173275 -0.078600 -0.107232 0.148834 0.153196 0.522894 0.552401 0.489380 1.000000 0.089850 0.142943 -0.041772 0.244191 0.252736 0.462936 0.029818 -0.030835 0.141087 0.174451 -0.038582 -0.126187 -0.200980 -0.046126 -0.205242 -0.031988 -0.116379 -0.143928 -0.370349 -0.110704 -0.201730 -0.150737 -0.143608 -0.066829 0.184840 0.042240 0.018193 0.107448 -0.098451 -0.166756 0.117593 -0.104890 -0.240395 -0.031607 -0.096486 -0.182501 0.185530 -0.255140 0.279025 0.259008 -0.179267 0.377188 -0.088955 -0.077054 0.249105 0.061853 -0.068750 -0.026864 -0.050023 -0.138830 0.051997 0.104994 0.231382 0.090773 0.182301 0.044276 0.033494 -0.120638 0.249100 -0.009874 0.013843 0.059171 -0.205589 -0.057313 0.057948 -0.084917 0.154923 -0.046571 -0.366647 -0.111042 -0.479345 -0.270092 -0.235846 -0.197915 -0.119177 0.184592 -0.141633 0.165715 -0.363503 -0.221247 0.136880 -0.165037 -0.143303 -0.343544 -0.248060 -0.237716 -0.153005 0.046664 -0.100842 -0.167768
0.172519 0.211221 0.334655 0.448988 0.529630 0.813603 0.175029 0.336225 0.455265 0.573553 0.362248 0.041727 0.328770 0.126487 0.601722 0.564328 0.050277 0.014400 0.192952 0.033991 0.778672 0.799904 0.081281 -0.092738 -0.352702 0.089850 1.000000 0.855206 -0.127500 -0.143772 0.032465 -0.075974 0.061311 -0.024179 -0.178938 -0.130049 -0.389914 -0.118416 -0.098591 -0.200750 -0.072565 0.254752 -0.225307 -0.038744 -0.290050 -0.232909 -0.149949 -0.300014 0.069685 -0.085818 -0.047376 -0.026232 -0.296375 0.048233 -0.281112 0.106549 0.122843 0.181819 0.286517 0.363448 -0.096939 0.104652 0.235767 -0.108677 0.009086 -0.175940 0.019034 -0.244690 -0.088135 -0.056956 0.424358 0.494234 -0.301245 0.351908 0.250240 0.307192 -0.479638 -0.478051 -0.230437 -0.477158 0.253635 -0.215556 0.459415 0.617311 0.214101 -0.370914 -0.134708 -0.209155 -0.191025 -0.216730 -0.280084 -0.247539 -0.355066 -0.310669 -0.251082 -0.154765 -0.136498 -0.220758 -0.279873 -0.150401 -0.171898 -0.031678 -0.327976 -0.003973 -0.016077 0.140551 -0.059572 0.505763 -0.272958 -0.306750 -0.452847 -0.317268 -0.315615 -0.325156 -0.104895 -0.185083
0.054332 0.074691 0.157098 0.385915 0.242046 0.894311 0.011182 0.268659 0.374917 0.655960 0.284637 0.042322 0.386556 0.098023 0.748742 0.744810 0.000314 0.256573 0.125932 -0.107356 0.687064 0.809927 0.013547 -0.185799 -0.541698 0.142943 0.855206 1.000000 -0.041718 0.007616 -0.116333 -0.210362 -0.002355 -0.136322 -0.165955 -0.170252 -0.421249 -0.094007 -0.041531 -0.213561 0.216653 0.457869 -0.142728 -0.075584 -0.310371 -0.345751 -0.120809 -0.303839 0.112334 -0.189286 -0.006774 0.079198 -0.304588 0.176719 -0.371233 0.095886 0.173149 0.102583 0.197997 0.242270 -0.171915 0.015447 0.209707 -0.054517 0.027374 -0.022933 -0.007455 -0.249408 -0.193822 -0.151954 0.378714 0.646898 -0.187557 0.588536 0.419117 0.512551 -0.471063 -0.283305 -0.235876 -0.488496 0.359919 -0.146382 0.400719 0.570565 0.310937 -0.277691 -0.140702 -0.136781 -0.276125 -0.266785 -0.373309 -0.208108 -0.380456 -0.393282 -0.295022 -0.310603 -0.099056 -0.237396 -0.283441 -0.160892 -0.320104 -0.028662 -0.477760 0.089352 -0.014165 0.181850 -0.202213 0.509002 -0.391513 -0.275063 -0.420319 -0.308629 -0.360304 -0.388638 -0.116168 -0.234880
-0.048453 -0.137327 -0.137074 -0.125172 -0.381708 -0.006690 -0.084586 -0.124021 0.006187 0.041227 0.245531 -0.202852 0.215379 -0.051244 0.150632 0.082164 0.470114 0.298589 0.135489 -0.090104 -0.266349 -0.121123 -0.160016 -0.244431 -0.304068 -0.041772 -0.127500 -0.041718 1.000000 0.370997 -0.222000 -0.118385 -0.242895 -0.114273 -0.033298 0.209464 -0.164515 -0.001888 -0.268056 -0.222892 0.097387 0.361380 0.020013 0.108309 0.263576 -0.047903 -0.040447 -0.011244 -0.212835 0.065871 -0.169653 0.013361 -0.287059 -0.010556 -0.385498 -0.226649 -0.056790 -0.148381 -0.195764 -0.528564 0.118003 0.165558 0.329211 0.608275 0.253610 0.123184 -0.016341 -0.165872 -0.320070 -0.351071 -0.112415 0.070085 0.767316 0.576412 0.382052 0.410415 0.197331 0.546370 0.412372 0.177021 0.400249 0.663579 -0.071943 -0.096102 -0.003080 0.214787 -0.085374 -0.219924 -0.359790 -0.530025 -0.392550 -0.266184 -0.356313 -0.334583 -0.156284 -0.204578 -0.000953 -0.129149 -0.016569 0.059274 0.085469 -0.174328 -0.221454 -0.415071 -0.025972 -0.038740 -0.468944 -0.211564 -0.064423 -0.009452 0.009525 0.148325 -0.095413 -0.094370 0.111024 0.092050
-0.135959 -0.272525 -0.336141 -0.246618 -0.173727 -0.021694 -0.266657 -0.308465 -0.105710 0.087728 0.079612 0.238112 -0.025259 0.307677 0.131893 0.246037 0.376898 0.565877 -0.132750 -0.208657 0.041697 -0.018072 -0.100850 -0.098347 -0.038548 0.244191 -0.143772 0.007616 0.370997 1.000000 -0.209215 -0.102959 -0.122993 -0.239679 0.259688 0.031086 0.199390 0.069896 -0.081206 0.000963 0.304218 0.190053 0.085372 -0.109443 0.105063 -0.099117 0.061812 -0.004830 -0.038213 -0.051817 0.115881 -0.023027 0.005444 0.212084 -0.032015 -0.058084 -0.138722 -0.218721 -0.402818 -0.327768 -0.076628 -0.365477 0.131073 -0.075547 0.280943 -0.028658 -0.025015 -0.101079 -0.179107 -0.197358 0.172825 0.079475 0.551882 0.322398 0.414796 0.144594 0.324774 0.416655 0.518353 0.273385 0.479990 0.202450 0.158879 -0.001288 0.047695 -0.068842 0.002484 0.040890 -0.252997 -0.151645 -0.139985 -0.105463 -0.054599 -0.083158 -0.193142 -0.087839 -0.231302 -0.086362 0.041100 0.013392 -0.053318 -0.077284 -0.056008 0.190257 -0.125747 -0.010189 -0.103909 -0.074648 0.042363 -0.082165 -0.042076 0.063422 -0.005373 0.216068 0.098733 0.071421
-0.025386 0.279893 0.294761 0.335713 0.393493 -0.075014 0.048329 0.223458 0.163751 0.055628 0.200646 0.335300 0.191338 0.206465 -0.000141 -0.116126 -0.108848 -0.070323 0.362190 0.452853 0.256248 0.088276 0.496512 0.371217 0.311881 0.252736 0.032465 -0.116333 -0.222000 -0.209215 1.000000 0.846701 0.586470 0.665074 -0.125324 -0.084982 -0.192704 -0.209856 -0.166241 -0.195137 -0.418025 -0.365749 -0.361772 -0.140726 -0.335972 0.175702 -0.393046 -0.329888 -0.211930 0.134834 -0.263959 -0.258755 -0.191940 -0.169447 -0.075531 -0.022261 0.107319 0.309101 0.057691 0.243799 0.124961 0.108657 0.190008 -0.230131 0.134497 -0.109672 -0.106868 0.192123 0.209269 0.279683 0.539628 0.170378 -0.347818 -0.318089 -0.163962 -0.219179 -0.023939 -0.288227 -0.193528 -0.003666 -0.103303 -0.156385 -0.006724 0.151746 -0.109775 -0.354413 -0.103163 -0.156811 -0.057086 0.147006 0.127508 -0.160343 0.104527 0.011005 -0.248691 -0.040693 -0.328820 -0.244455 -0.348019 -0.422138 -0.026135 0.172631 0.006473 -0.102006 -0.332452 -0.358699 0.343071 -0.069343 -0.146630 -0.373216 -0.233320 -0.409250 -0.297593 -0.133695 -0.315683 -0.309175
0.074827 0.215357 0.291578 0.390036 0.271310 -0.243998 0.099696 0.232400 -0.015578 -0.045864 0.063311 0.383832 0.047966 0.241861 -0.190059 -0.209755 -0.157133 -0.100446 0.238364 0.336170 0.103475 -0.019151 0.665809 0.647900 0.441404 0.462936 -0.075974 -0.210362 -0.118385 -0.102959 0.846701 1.000000 0.456231 0.568394 -0.084845 0.083486 -0.125333 -0.229643 -0.220210 -0.151749 -0.520614 -0.308885 -0.225535 -0.125642 -0.320940 0.123922 -0.339472 -0.307495 -0.258526 0.099443 -0.166803 -0.198588 -0.130313 -0.078717 -0.058789 -0.097238 0.119548 0.215882 -0.093591 0.103659 0.075067 0.023204 0.131671 -0.215114 0.180123 0.012854 -0.130672 0.306373 0.155194 0.244477 0.299546 -0.030805 -0.262977 -0.352159 -0.248566 -0.365131 0.046491 -0.114014 -0.082112 0.124793 -0.111129 -0.099070 -0.047156 0.018619 -0.057233 -0.229862 -0.163492 -0.183918 -0.119468 0.121101 0.122276 -0.089835 0.159014 0.056913 -0.297503 -0.035219 -0.441654 -0.288300 -0.300726 -0.321924 -0.006532 0.246783 -0.037111 -0.045546 -0.426100 -0.386181 0.277465 -0.170970 -0.104395 -0.397784 -0.250009 -0.349968 -0.222307 -0.038498 -0.239569 -0.257520
0.219703 0.568831 0.159727 0.349583 0.334755 0.057958 0.103083 0.358543 0.219580 0.206070 0.207601 0.361522 0.313150 0.241599 0.043440 -0.016156 -0.121242 0.085365 0.479858 0.575858 0.152320 0.041381 0.171724 0.095312 0.110061 0.029818 0.061311 -0.002355 -0.242895 -0.122993 0.586470 0.456231 1.000000 0.685647 -0.209818 -0.183064 -0.379664 -0.361248 -0.254107 -0.126119 -0.275519 -0.166549 -0.531005 -0.309127 -0.428790 -0.023720 -0.587286 -0.353916 -0.265319 0.014410 -0.407692 -0.168247 -0.293233 -0.085955 -0.273743 0.093289 0.226194 0.518394 0.333827 0.486130 0.294366 0.265938 0.296819 -0.080149 -0.150430 -0.046922 0.252746 0.098194 0.391274 0.489513 0.368928 0.105447 -0.316941 -0.178525 0.021521 -0.140468 0.107932 -0.320187 -0.189073 -0.025537 -0.001426 -0.137288 0.061987 0.316779 -0.157823 -0.502155 -0.224345 -0.175476 -0.257934 0.195642 -0.018871 -0.072477 -0.090033 -0.085471 -0.377611 -0.140246 -0.343929 -0.159874 -0.309237 -0.236076 -0.265319 0.273761 -0.080278 0.225373 -0.342685 -0.309400 0.245615 0.175912 -0.234672 -0.453149 -0.351681 -0.378558 -0.288442 -0.118949 -0.312650 -0.314203
0.132683 0.517565 0.316016 0.320058 0.391280 0.066071 0.227559 0.433019 0.367782 0.142240 0.193309 0.482756 0.388625 0.396119 -0.038697 -0.074098 -0.150212 0.099787 0.500841 0.733860 0.114364 -0.020611 0.110381 0.136834 0.062234 -0.030835 -0.024179 -0.136322 -0.114273 -0.239679 0.665074 0.568394 0.685647 1.000000 -0.239441 0.028929 -0.464686 -0.413448 -0.508143 -0.360073 -0.385687 -0.201160 -0.561258 -0.240069 -0.266154 0.259496 -0.585816 -0.462946 -0.270569 0.122589 -0.474743 -0.377805 -0.348433 -0.191451 -0.405469 -0.128840 0.139165 0.559588 0.485628 0.343723 0.365553 0.403409 0.235007 0.003860 0.048009 0.154941 0.056767 0.180043 0.512551 0.618342 0.232620 0.124970 -0.335633 -0.189214 -0.050523 -0.128665 0.091742 -0.155034 -0.166451 0.078724 -0.025322 -0.004269 -0.043220 0.212449 -0.351487 -0.573037 -0.218951 -0.385635 -0.339800 -0.032753 0.185618 -0.034627 0.077068 -0.033658 -0.376609 -0.424877 -0.383186 -0.484834 -0.373714 -0.451424 -0.008386 0.177518 0.070373 -0.050485 -0.199116 -0.321993 0.182762 0.143519 -0.442307 -0.588855 -0.396381 -0.547469 -0.343703 -0.271164 -0.430579 -0.425049
-0.211264 -0.597654 -0.342106 -0.338440 -0.299845 -0.283180 -0.153796 -0.377036 -0.433942 -0.307354 -0.118960 0.006745 -0.264417 -0.132199 -0.202369 -0.111041 0.451231 -0.051845 -0.506445 -0.344242 -0.087851 -0.139508 0.033704 0.180735 0.256798 0.141087 -0.178938 -0.165955 -0.033298 0.259688 -0.125324 -0.084845 -0.209818 -0.239441 1.000000 0.406750 0.570698 0.416498 0.078272 0.274982 0.111191 -0.136347 0.353990 0.211607 0.358975 0.218930 0.246045 0.356377 0.429783 0.243927 0.561965 0.266631 0.071726 0.240634 0.130645 0.065311 0.027907 -0.489989 -0.266007 -0.252186 0.125614 -0.535932 0.021871 -0.423842 0.408066 -0.058101 0.086986 0.332477 -0.039358 -0.057810 0.046904 -0.359380 0.140660 -0.249050 -0.075384 -0.190292 0.397679 0.356783 0.498846 0.133165 0.123876 0.190707 -0.032830 -0.075380 0.111492 0.292102 -0.071531 0.133717 -0.015296 0.007298 -0.046463 0.139632 0.065340 -0.069160 0.252533 0.144920 -0.110099 0.132053 -0.201411 -0.019236 0.160326 -0.350578 -0.094163 -0.089375 -0.152797 -0.209343 -0.251416 -0.353696 0.223034 0.307216 0.328139 0.059097 -0.024494 0.028014 -0.094008 -0.089172
0.099790 -0.212726 -0.030765 -0.148613 -0.051009 -0.139498 0.236337 0.099314 -0.054948 -0.096305 -0.091764 -0.150306 -0.081760 -0.221134 -0.289853 -0.066450 0.049334 -0.113085 -0.241340 -0.128084 -0.229320 -0.168881 0.026266 0.246913 0.189526 0.174451 -0.130049 -0.170252 0.209464 0.031086 -0.084982 0.083486 -0.183064 0.028929 0.406750 1.000000 0.137045 -0.188124 -0.358561 -0.211018 -0.302726 -0.018646 0.114167 0.108259 0.052913 0.147527 -0.077727 0.111450 -0.087729 0.320096 0.211633 0.033892 0.048824 -0.092118 -0.058092 -0.410882 0.047184 -0.259800 -0.100983 -0.063041 0.061565 -0.159600 0.058168 -0.099684 0.170792 -0.023594 0.060084 0.509472 0.068062 0.107186 -0.105543 -0.340536 0.061822 -0.032657 -0.311847 -0.189962 -0.003956 0.232700 0.155868 -0.098484 0.085712 0.335931 -0.268250 -0.193785 -0.114775 0.133548 -0.349469 -0.342559 -0.131238 -0.177564 0.018392 0.235584 0.064500 0.092696 0.076000 0.004440 -0.324731 -0.152282 -0.019823 0.053484 0.318037 0.108765 -0.098305 -0.151900 -0.128233 -0.070719 -0.157998 -0.351924 0.018847 -0.009535 0.213303 0.150977 0.216158 0.180260 0.024111 0.067429
