1.000000 0.354271 0.219279 -0.210761 -0.026344 -0.347092 0.174533 -0.132811 0.116315 -0.235664 0.405622 -0.079978 0.363412 0.059974 0.072106 0.001377 0.210314 0.067673 0.429639 0.187219 -0.170355 -0.223673 -0.099799 -0.254352 -0.212222 -0.474694 0.009203 -0.232698 0.242227 -0.037554 -0.236801 -0.366480 0.120874 -0.190672 -0.069836 -0.262605 0.131788 -0.127029 0.107831 0.073280 0.020251 0.018027 -0.244505 -0.359235 -0.222909 -0.328958 -0.185886 -0.342871 0.229544 -0.216621 0.125041 0.154978 0.295866 0.073261 0.208697 0.031380 0.283050 0.253472 0.343463 0.139434 0.343437 0.347562 0.171155 0.175741 0.165949 0.291494 0.055931 -0.517163 0.250657 0.042703 -0.018601 -0.215976 0.180531 0.031101 0.219931 -0.152659 0.171789 -0.233393 0.049708 0.016009 0.076202 -0.002610 0.020935 -0.279239 0.125461 -0.261608 0.050975 -0.062503 0.222003 0.122449 -0.069000 0.083703 -0.128265 0.066132 0.046694 -0.117097 -0.074038 -0.131468 0.031376 0.159925 -0.145005 -0.051581 -0.029152 -0.042165 -0.129391 -0.120818 -0.034743 -0.049838 0.155766 -0.056098 -0.202992 0.071778 0.128000 0.214071 -0.124086 0.085650
0.354271 1.000000 -0.069121 0.260924 -0.049528 -0.251250 0.273759 0.435779 -0.047812 -0.009111 -0.036510 0.363221 0.104399 0.366650 -0.257235 0.150963 0.042808 0.122726 0.311498 0.332627 -0.123910 -0.117186 -0.410727 -0.310456 -0.400647 -0.397648 -0.026714 -0.210734 0.103344 0.048897 -0.172378 -0.210927 0.164422 0.041649 -0.159765 -0.247810 -0.188107 -0.271793 -0.205163 -0.127636 -0.192097 -0.001089 -0.036190 -0.215453 -0.061422 -0.121824 -0.064027 -0.180291 0.120864 0.023844 -0.084758 0.168917 0.181673 -0.003845 0.028358 0.032271 0.149524 0.244939 0.304662 0.349218 0.163547 0.445295 0.135102 0.341453 -0.274631 0.328795 0.207117 -0.343507 0.066598 -0.022326 -0.102430 -0.322035 0.047409 -0.095510 -0.123136 -0.151237 -0.044406 -0.110880 0.004929 -0.047050 0.107137 0.057023 -0.134278 0.065360 -0.199837 0.018091 -0.220752 -0.034640 -0.000543 0.165151 0.016489 -0.085376 0.088564 0.004155 -0.302610 -0.228952 -0.144764 -0.347083 0.070079 0.151437 0.041614 -0.205098 0.193197 -0.198422 -0.241950 -0.274252 -0.055941 -0.161105 -0.157891 -0.252147 -0.353856 -0.091493 0.186258 0.032192 -0.177490 -0.209292
0.219279 -0.069121 1.000000 0.097274 0.226436 0.164096 0.527140 -0.009820 0.339795 -0.190204 0.250793 -0.217533 0.278028 -0.153753 0.416523 -0.145357 -0.398902 -0.439931 0.165989 -0.177270 -0.238298 -0.051452 0.581303 0.437556 0.289708 0.077302 0.248547 0.271593 -0.287615 -0.426086 -0.078975 -0.132713 -0.102443 -0.261690 0.225996 0.111272 -0.159189 -0.254126 -0.022956 -0.149006 -0.331480 -0.285343 -0.147050 -0.197836 0.067293 0.028865 -0.135022 -0.187528 0.339850 -0.086722 0.425347 0.174766 0.207104 -0.041667 0.199216 -0.037047 -0.301806 -0.133351 0.191387 0.008848 0.229035 -0.032299 -0.308534 -0.255630 0.403912 0.201457 0.089464 0.130959 0.001302 0.148427 -0.214601 -0.217095 -0.255925 -0.123745 0.004965 -0.293719 -0.141988 -0.333872 -0.253923 -0.219040 -0.399866 -0.374003 0.031404 -0.263157 0.088949 -0.075204 0.022911 -0.098569 0.353505 0.151499 -0.070158 0.096298 -0.120265 0.162769 -0.174261 -0.342562 0.126241 -0.281454 -0.003609 -0.017639 -0.176466 0.172799 -0.082400 0.136951 -0.161926 -0.212390 -0.051381 -0.129303 -0.062880 -0.114888 -0.162877 -0.103021 -0.014583 0.205792 -0.130606 -0.085242
-0.210761 0.260924 0.097274 1.000000 0.230138 0.577967 0.187961 0.779832 0.029009 0.495833 -0.260572 0.262411 -0.302279 -0.006525 -0.089629 0.241044 -0.342379 -0.197160 -0.181416 -0.095103 -0.055822 0.048438 -0.016002 0.473459 0.081366 0.336901 0.267863 0.332732 -0.316890 -0.264143 -0.044973 0.164770 -0.278159 0.048360 -0.060068 0.496744 -0.534249 -0.369002 -0.202370 -0.008540 -0.467594 -0.296941 0.032723 0.019817 0.089905 0.250484 -0.013362 0.083238 -0.089586 0.031778 -0.166321 0.020282 -0.024854 -0.001623 0.080171 0.143264 -0.104900 -0.193808 -0.260482 -0.115052 -0.196503 -0.174487 -0.291550 -0.303385 0.038486 0.295926 -0.260909 0.162777 0.030723 -0.039337 -0.339912 -0.111676 -0.373796 -0.186175 -0.285592 -0.201754 -0.498482 -0.267856 -0.280910 -0.054327 -0.100740 -0.241685 -0.282673 0.080258 -0.109834 0.243464 -0.121251 0.056037 0.056574 0.131946 0.088392 -0.020745 0.373700 0.036534 -0.371101 -0.159963 -0.104421 -0.381278 0.170107 0.214174 0.152406 -0.238290 0.170138 -0.252635 -0.309897 -0.338398 -0.002362 -0.179136 -0.139533 -0.167292 -0.224057 0.075041 0.190560 0.140672 -0.148908 -0.273074
-0.026344 -0.049528 0.226436 0.230138 1.000000 0.371558 0.169590 0.184289 0.409879 0.333770 -0.028286 -0.031680 -0.059729 -0.148676 0.261906 0.095954 -0.036567 0.011242 0.076266 -0.032702 0.058822 0.063360 0.022561 0.131569 0.205902 0.043075 0.414407 0.133973 0.025293 0.019879 0.128597 0.108601 -0.037475 0.099052 0.163768 0.309706 -0.140966 -0.137045 -0.127912 -0.100308 -0.165474 0.010629 -0.184097 -0.124201 -0.009470 -0.003098 -0.157631 -0.121464 -0.196476 -0.138152 -0.177530 -0.179391 -0.234994 -0.118527 -0.099827 -0.149263 -0.092800 -0.038958 -0.056510 -0.121228 0.000346 -0.059313 -0.025627 0.050243 0.121627 0.057985 -0.144416 0.010354 -0.141538 -0.071391 0.071000 0.017147 -0.045479 0.030715 -0.014132 -0.033012 0.052036 -0.154573 0.210792 0.021894 0.166190 0.151010 0.038918 0.079654 0.126788 0.092152 -0.015661 0.089562 0.127146 -0.004017 -0.211737 -0.190916 -0.012474 -0.075651 -0.112273 -0.080176 -0.032408 -0.136278 -0.209931 -0.099823 -0.029021 -0.102779 0.056948 -0.167446 -0.235276 -0.173019 0.089958 -0.027419 0.138711 -0.044755 -0.217509 -0.039467 -0.045720 0.023647 -0.132061 -0.107295
-0.347092 -0.251250 0.164096 0.577967 0.371558 1.000000 -0.068112 0.413983 0.057199 0.569633 -0.147339 -0.053641 -0.296085 -0.139275 0.144263 0.184821 -0.413525 -0.344928 -0.369261 -0.421503 0.056149 0.163347 0.262315 0.653084 0.354502 0.563077 0.463169 0.598196 -0.437068 -0.389072 -0.046662 0.133248 -0.409292 -0.116720 0.065634 0.597120 -0.290200 -0.146512 -0.081840 -0.033352 -0.341449 -0.273286 0.029090 0.144089 0.096004 0.238521 0.015603 0.177984 -0.029526 0.003288 0.007266 0.017467 -0.039573 0.120462 0.144096 0.074952 -0.202506 -0.380997 -0.256649 -0.114763 -0.173093 -0.271163 -0.326550 -0.447121 0.180701 0.169805 -0.290196 0.325748 -0.170467 -0.030985 -0.284566 0.001225 -0.550388 -0.274308 -0.370035 -0.264331 -0.535210 -0.309815 -0.242050 -0.160714 -0.241861 -0.289036 -0.096994 -0.086464 0.103875 0.165926 -0.015771 0.084855 0.248776 0.117204 0.110762 0.072277 0.323804 0.056963 -0.090641 -0.110961 -0.068412 -0.081896 -0.013647 0.041957 0.182759 -0.017910 -0.024767 -0.077169 -0.133355 -0.104205 -0.012153 -0.106141 0.030207 -0.036155 -0.028512 0.142540 -0.036691 0.058887 0.046985 -0.045600
0.174533 0.273759 0.527140 0.187961 0.169590 -0.068112 1.000000 0.309930 0.311885 -0.092791 0.093755 0.174873 0.177189 0.065556 -0.025583 -0.151949 -0.246623 -0.213247 0.276930 0.029445 -0.192679 -0.175194 0.162158 0.105139 -0.104171 -0.160608 -0.042668 -0.076356 -0.139374 -0.167456 0.069158 0.046360 0.249066 0.090713 -0.052590 -0.118287 -0.204976 -0.229078 -0.232000 -0.289102 -0.265637 -0.095005 -0.154530 -0.230145 0.021920 -0.041223 -0.132313 -0.271813 0.137418 -0.071994 0.137445 -0.031060 0.155331 -0.025814 -0.051626 -0.227790 -0.281229 -0.233609 0.254850 0.212774 0.220307 0.104643 -0.097607 -0.033422 0.129835 0.043282 0.260045 0.107246 -0.160230 -0.046539 -0.102749 -0.224590 -0.080524 -0.096562 -0.004467 -0.158946 -0.072709 -0.112158 -0.218714 -0.296998 -0.291526 -0.267746 0.011790 0.029691 -0.025815 0.173117 -0.097856 -0.098727 0.169055 0.159201 -0.046536 0.090070 0.028559 0.258527 -0.151976 -0.323299 -0.189260 -0.309817 -0.094010 -0.180541 -0.011835 0.025854 0.157286 0.055428 -0.145216 -0.256349 0.121660 0.001019 -0.053941 -0.270016 -0.314546 -0.228022 -0.044650 0.004331 -0.182468 -0.053910
-0.132811 0.435779 -0.009820 0.779832 0.184289 0.413983 0.309930 1.000000 0.003009 0.538468 -0.340795 0.346716 -0.161211 0.295485 -0.274777 0.194883 -0.321602 -0.210684 -0.044917 0.017771 -0.052907 -0.132213 -0.315167 0.178674 -0.202067 0.039460 0.101943 0.038433 -0.336413 -0.253124 -0.101619 0.053627 -0.113258 0.167093 -0.215774 0.256373 -0.515296 -0.386913 -0.324247 -0.159573 -0.467341 -0.284323 0.068365 0.064564 0.094880 0.235807 0.005297 0.101576 0.018248 0.131388 -0.109458 0.019950 -0.021437 -0.040613 -0.015694 0.064054 -0.159824 -0.229345 0.018540 0.164442 -0.016541 0.055926 -0.192492 -0.150276 -0.238413 0.253828 0.013047 0.176322 -0.193220 -0.052107 -0.272049 -0.130268 -0.387467 -0.295866 -0.396312 -0.242348 -0.416606 -0.133730 -0.280979 -0.204023 -0.137904 -0.261243 -0.374317 -0.044966 -0.295508 0.133622 -0.359965 -0.070567 -0.017992 0.119244 0.242706 0.138274 0.426834 0.155523 -0.294893 -0.180125 -0.192876 -0.343709 0.131304 0.078439 0.261420 -0.273917 0.262780 -0.217815 -0.257012 -0.328721 0.040958 -0.123497 -0.103050 -0.250202 -0.310447 -0.004019 0.125501 -0.016542 -0.115086 -0.278708
0.116315 -0.047812 0.339795 0.029009 0.409879 0.057199 0.311885 0.003009 1.000000 0.115596 0.133094 0.113695 0.241147 -0.036355 0.533722 0.205590 -0.106707 0.041905 0.059399 -0.065750 0.025225 0.196091 0.152803 0.076312 0.210898 -0.081531 0.290093 0.070186 0.139890 0.073309 0.117102 -0.036752 0.093359 -0.050958 0.241701 -0.020732 0.013883 -0.094952 0.027553 0.004012 -0.033911 -0.065763 -0.256747 -0.283467 -0.150469 -0.209059 -0.260981 -0.325129 -0.043560 -0.225495 0.041271 -0.066419 -0.004971 0.029658 -0.090403 -0.191678 -0.038239 0.022419 0.156688 -0.160973 0.263380 0.168015 -0.007882 0.027894 0.390105 0.191378 0.010040 -0.189350 -0.023322 0.065248 0.026045 0.033762 0.116263 0.079288 0.135102 -0.010132 0.123830 -0.161330 0.099791 0.045155 0.105040 0.064545 -0.000926 -0.055430 0.096774 -0.034248 0.060681 0.090901 0.291678 0.157749 -0.270509 -0.145543 -0.055494 -0.043413 -0.046452 -0.189046 -0.007004 -0.094555 -0.276623 -0.208077 -0.172232 -0.007269 -0.140072 -0.226420 -0.300567 -0.214524 0.109848 -0.261833 -0.092730 -0.204932 -0.228516 -0.174109 -0.039268 -0.026030 -0.285575 -0.157815
-0.235664 -0.009111 -0.190204 0.495833 0.333770 0.569633 -0.092791 0.538468 0.115596 1.000000 -0.309358 0.073232 -0.234974 0.127937 -0.043613 0.381276 -0.030834 0.073641 -0.127884 -0.029879 -0.078656 0.037241 -0.212965 0.147165 0.036670 0.184976 0.064802 0.090787 -0.000796 0.106185 0.116002 0.278328 -0.094332 0.250902 -0.146302 0.299630 -0.222832 -0.141944 -0.197338 -0.031622 -0.214151 -0.136070 -0.011576 0.070626 -0.093559 0.000633 -0.032936 0.125265 -0.251595 0.047335 -0.289877 -0.218938 -0.219836 -0.043251 -0.211691 -0.015138 -0.064525 -0.178752 -0.187511 -0.121375 -0.110687 -0.054060 0.043512 -0.076174 -0.040837 0.051140 -0.225096 0.015058 -0.257785 -0.153701 -0.120259 0.103746 -0.133035 -0.046337 -0.249579 -0.035742 -0.270265 -0.113990 0.021554 0.044397 0.146630 0.015592 -0.213058 0.006912 -0.102874 0.040127 -0.087162 0.028770 0.009577 0.028568 0.108270 -0.023921 0.329461 -0.028602 -0.247104 -0.032244 -0.151855 -0.151813 0.021454 0.045453 0.197082 -0.156400 0.056018 -0.292227 -0.258283 -0.143202 0.133096 -0.166203 -0.051905 -0.127921 -0.196108 0.232291 0.140980 -0.090723 -0.106161 -0.186527
0.405622 -0.036510 0.250793 -0.260572 -0.028286 -0.147339 0.093755 -0.340795 0.133094 -0.309358 1.000000 0.111787 0.513671 -0.101053 0.408525 0.002853 -0.102750 -0.279784 -0.046774 -0.220906 -0.063414 0.054651 0.294585 -0.005393 0.080622 -0.059614 0.124551 0.175834 0.115487 -0.142905 -0.014873 -0.167281 -0.032393 -0.310779 0.164461 -0.022020 0.169162 -0.025984 0.055487 -0.075412 0.109612 0.099817 -0.008291 -0.098508 -0.043794 -0.099174 0.000824 -0.182168 0.179604 -0.210524 0.211004 0.189560 0.226450 0.137669 0.288757 0.032561 -0.058603 -0.073799 0.100101 -0.044099 0.169886 0.042190 -0.133292 -0.221206 0.377935 0.183343 -0.079427 -0.210607 0.139199 -0.034280 -0.145614 -0.182893 -0.023047 -0.074027 0.150048 -0.068803 0.063622 -0.245016 -0.152174 -0.171402 -0.165557 -0.145414 0.508489 0.084502 0.507274 0.088080 0.455502 0.186017 0.283433 0.026530 -0.172261 -0.008027 -0.204330 -0.113995 -0.019610 -0.126498 0.027599 -0.038876 -0.110246 -0.084551 -0.200571 -0.051452 -0.265319 -0.060475 -0.133204 -0.115449 0.043885 0.005475 0.314881 -0.027281 -0.099252 -0.228036 -0.124439 0.130011 -0.078085 0.064178
-0.079978 0.363221 -0.217533 0.262411 -0.031680 -0.053641 0.174873 0.346716 0.113695 0.073232 0.111787 1.000000 0.167501 0.419291 -0.030304 0.368967 -0.042728 0.145066 -0.175116 -0.071748 -0.002722 0.074402 -0.160501 -0.093643 -0.124639 0.021358 0.006058 -0.056477 0.174223 0.307190 0.221331 0.223956 0.268553 0.326285 -0.074842 0.007640 -0.075276 -0.112716 -0.280502 -0.209280 0.150833 0.239420 0.072747 -0.032567 -0.053022 0.031061 -0.052864 -0.107151 -0.356884 -0.057189 -0.214541 -0.263744 -0.103305 -0.159750 -0.115532 -0.185572 0.028279 -0.148708 -0.025901 -0.069508 0.115065 0.209069 0.152360 0.161121 -0.055463 0.088287 -0.046254 -0.087550 -0.294993 -0.349685 -0.167779 -0.040450 0.132663 0.028795 -0.000794 0.085348 -0.101919 0.002773 -0.010167 -0.075328 0.163231 0.153050 0.131564 0.436147 0.025229 0.433469 -0.021078 0.029637 -0.045550 -0.135049 -0.215851 -0.215491 0.106890 -0.283581 -0.199753 -0.206547 -0.283753 -0.273422 -0.289138 -0.200015 -0.042438 -0.344082 -0.022936 -0.410570 -0.408164 -0.311137 0.261097 -0.056019 0.020832 -0.216438 -0.343745 -0.223638 0.020786 -0.223053 -0.107568 -0.063213
0.363412 0.104399 0.278028 -0.302279 -0.059729 -0.296085 0.177189 -0.161211 0.241147 -0.234974 0.513671 0.167501 1.000000 0.432026 0.340724 0.204762 0.059144 0.021187 0.282527 -0.056020 -0.115436 -0.220931 -0.123432 -0.345893 -0.325374 -0.477763 -0.079717 -0.201326 0.206044 0.023676 -0.097582 -0.277551 0.217946 -0.080428 -0.146562 -0.301360 0.097708 -0.108335 -0.040041 -0.164666 0.129111 0.048957 -0.022139 -0.134337 -0.165349 -0.213898 -0.023151 -0.196098 0.133374 -0.105726 0.224489 -0.053751 0.178199 -0.132184 0.098788 -0.041539 -0.016224 0.100478 0.405943 0.121938 0.581883 0.378197 0.185331 0.168759 0.033304 0.088071 0.210967 -0.255443 -0.018224 0.056922 -0.084167 -0.153647 0.112759 -0.102854 0.073618 -0.043242 0.181448 -0.140630 0.119812 -0.090982 -0.049173 0.026607 0.140293 -0.095258 -0.098797 -0.232905 0.012581 -0.113210 0.134140 0.052286 -0.048701 0.002049 -0.182438 -0.117323 -0.044401 -0.099818 0.024639 -0.057057 -0.178428 -0.105759 -0.219219 -0.031985 -0.085020 0.022638 -0.161775 -0.142434 0.051691 0.049426 0.062805 -0.139952 -0.222670 -0.241336 -0.057075 0.005828 -0.088484 0.075886
0.059974 0.366650 -0.153753 -0.006525 -0.148676 -0.139275 0.065556 0.295485 -0.036355 0.127937 -0.101053 0.419291 0.432026 1.000000 -0.123504 0.511647 0.079564 0.180608 0.223110 0.095898 -0.131228 -0.315630 -0.432001 -0.413854 -0.448920 -0.378189 -0.206437 -0.384453 0.070300 0.188477 -0.171605 -0.161126 0.174409 0.139397 -0.318120 -0.256205 -0.081233 -0.148443 -0.199282 -0.176518 -0.009273 -0.022099 0.055593 -0.022641 -0.173633 -0.207911 -0.039223 -0.031900 -0.045497 0.020474 0.041197 -0.157775 0.124533 -0.105045 -0.068860 -0.010640 -0.036840 -0.086226 0.384167 0.227498 0.436810 0.542684 0.289726 0.321722 -0.204108 0.143524 0.297087 -0.262987 -0.208262 -0.125128 -0.043012 -0.043942 0.057327 -0.048045 -0.076757 -0.023693 0.001644 0.035429 0.031999 -0.101125 0.072173 0.061038 -0.158901 -0.008969 -0.314114 -0.177639 -0.398974 -0.288406 0.006297 0.088812 0.142474 0.000856 0.142577 -0.141419 -0.124329 -0.117430 -0.082807 -0.121556 -0.115885 -0.026200 0.077387 -0.127129 0.149732 -0.053408 -0.071817 -0.061809 -0.126348 -0.004896 -0.087507 -0.284906 -0.287812 -0.090346 0.100343 -0.164038 -0.098642 -0.008425
0.072106 -0.257235 0.416523 -0.089629 0.261906 0.144263 -0.025583 -0.274777 0.533722 -0.043613 0.408525 -0.030304 0.340724 -0.123504 1.000000 0.302971 -0.231274 -0.200892 -0.070542 -0.248255 0.095113 0.283530 0.465196 0.208069 0.333478 0.146625 0.358013 0.376616 0.053508 -0.050011 0.119757 -0.020038 -0.048348 -0.260129 0.247932 -0.043125 0.146509 -0.054004 0.084243 -0.022462 0.086298 -0.091346 -0.114214 -0.185469 -0.207318 -0.241641 -0.170593 -0.227550 -0.020490 -0.226779 0.163092 0.035875 0.049229 -0.008696 0.224878 0.027105 -0.103081 0.050627 0.059433 -0.177301 0.238279 -0.009796 -0.163309 -0.159005 0.617039 0.102493 -0.094957 -0.139322 0.026163 0.070544 -0.222754 -0.081716 -0.040464 -0.007390 0.135987 -0.024954 0.023454 -0.315238 0.065947 0.028803 -0.088030 -0.057249 0.382440 0.144332 0.365226 0.037470 0.394538 0.227238 0.335728 0.094557 -0.232668 -0.129524 -0.164164 -0.300391 -0.024528 -0.148080 0.206357 -0.040724 -0.196116 -0.074070 -0.216510 0.019415 -0.231765 -0.131394 -0.332383 -0.259774 0.013188 -0.235475 0.214368 -0.030355 -0.195614 -0.175179 -0.119966 0.054902 -0.125793 0.010036
0.001377 0.150963 -0.145357 0.241044 0.095954 0.184821 -0.151949 0.194883 0.205590 0.381276 0.002853 0.368967 0.204762 0.511647 0.302971 1.000000 -0.030151 0.123490 -0.080750 -0.121492 0.135762 0.125196 -0.178067 -0.091991 -0.111579 -0.073727 0.143859 0.119754 0.199341 0.289230 0.048860 0.026481 0.020663 -0.016736 -0.135923 -0.055895 -0.025875 -0.117534 -0.208915 -0.051752 0.010869 -0.017727 0.023995 -0.023650 -0.336383 -0.303810 -0.083555 -0.108140 -0.223937 -0.119657 -0.073736 -0.211576 -0.001710 -0.043857 0.049119 0.031647 -0.047338 -0.100586 0.091584 -0.073580 0.227679 0.370701 0.115791 -0.011021 0.210446 0.165276 -0.089258 -0.366076 -0.114747 -0.208356 -0.165301 -0.035128 0.071321 0.024884 -0.009943 0.126317 -0.076434 -0.176495 0.153960 0.068913 0.142463 0.144352 0.101439 0.314888 0.205401 0.140136 0.097375 0.175326 0.220676 0.198116 -0.101061 -0.274385 0.131129 -0.331143 -0.259742 -0.041608 -0.109492 -0.123374 -0.218898 -0.093473 0.021585 -0.133004 -0.032358 -0.358213 -0.359210 -0.283375 0.021314 -0.167113 0.091712 -0.216120 -0.418680 -0.099336 0.115231 0.002338 -0.022374 0.006696
0.210314 0.042808 -0.398902 -0.342379 -0.036567 -0.413525 -0.246623 -0.321602 -0.106707 -0.030834 -0.102750 -0.042728 0.059144 0.079564 -0.231274 -0.030151 1.000000 0.734126 0.291779 0.488543 -0.167143 -0.157817 -0.382891 -0.475052 -0.086364 -0.237983 -0.296057 -0.448481 0.707096 0.610462 0.080283 0.003085 0.275911 0.314290 -0.122895 -0.207646 0.183576 0.099939 0.185617 0.158483 0.320390 0.179321 -0.176276 -0.195548 -0.199129 -0.215555 -0.214002 -0.145438 -0.415667 0.014368 -0.438896 -0.393755 -0.367352 -0.280081 -0.334352 -0.170676 0.477765 0.428569 -0.062422 -0.071216 -0.050896 -0.022209 0.648375 0.519311 -0.143589 -0.312516 -0.053576 -0.289017 0.174882 0.002265 0.394879 0.232028 0.645437 0.373986 0.271785 0.169088 0.404718 0.144655 0.620080 0.565706 0.711713 0.645377 -0.124243 0.080244 -0.194775 -0.199920 -0.085783 -0.165784 -0.325262 -0.218123 -0.227941 -0.259564 -0.152048 -0.176120 0.133623 0.272107 0.016344 0.085267 -0.060208 0.106892 -0.122566 -0.121173 0.059020 -0.077473 0.041051 0.201569 0.058410 -0.011593 0.035930 0.132618 -0.034728 0.212371 0.180881 -0.088537 -0.044669 0.064101
0.067673 0.122726 -0.439931 -0.197160 0.011242 -0.344928 -0.213247 -0.210684 0.041905 0.073641 -0.279784 0.145066 0.021187 0.180608 -0.200892 0.123490 0.734126 1.000000 0.198884 0.439323 -0.026227 -0.045245 -0.416679 -0.403980 -0.142878 -0.179298 -0.227067 -0.442126 0.719513 0.766257 0.154239 0.135063 0.262423 0.346232 0.011506 -0.156158 0.119850 0.000671 0.158954 0.235392 0.289785 0.203091 -0.175291 -0.226121 -0.146270 -0.208909 -0.217238 -0.177168 -0.446189 -0.006987 -0.511721 -0.460752 -0.306533 -0.364972 -0.370254 -0.145573 0.370190 0.410277 -0.047536 -0.151928 -0.012295 0.105744 0.599570 0.667861 -0.163291 -0.198306 -0.060106 -0.363253 0.025475 -0.148271 0.361961 0.332505 0.719806 0.402447 0.263856 0.244919 0.331380 0.192098 0.619608 0.654729 0.702661 0.723542 -0.231913 0.154951 -0.254007 -0.228344 -0.135942 -0.092390 -0.319425 -0.199373 -0.266223 -0.445146 -0.193114 -0.363506 -0.054628 0.179433 -0.041196 -0.024905 -0.094423 0.092574 -0.228082 -0.130558 -0.028699 -0.291290 -0.091241 0.129865 0.141366 -0.034321 -0.081298 0.163358 -0.073774 0.161009 0.169463 -0.173229 -0.117540 -0.077504
0.429639 0.311498 0.165989 -0.181416 0.076266 -0.369261 0.276930 -0.044917 0.059399 -0.127884 -0.046774 -0.175116 0.282527 0.223110 -0.070542 -0.080750 0.291779 0.198884 1.000000 0.636602 -0.367653 -0.273753 -0.275087 -0.383213 -0.252763 -0.472854 -0.103010 -0.365562 0.198031 0.079057 -0.225088 -0.316620 0.348244 0.156479 -0.214124 -0.318505 -0.055116 -0.153119 -0.036198 -0.004946 0.017271 -0.022026 -0.297253 -0.423268 -0.332812 -0.391693 -0.303218 -0.319273 -0.018989 -0.184128 -0.060415 -0.115881 0.041795 -0.168362 -0.069485 -0.219760 0.143022 0.268275 0.362818 0.248304 0.243387 0.170167 0.259606 0.402928 -0.168853 -0.060146 0.366915 -0.206244 0.185988 0.242642 0.168233 -0.191861 0.238426 0.120697 0.146015 -0.087622 0.240006 0.028556 0.221196 0.015228 0.151391 0.131870 -0.005644 -0.095660 -0.263921 -0.275597 -0.311302 -0.309226 0.063744 0.167906 0.042490 0.108052 -0.070880 0.208016 -0.088085 -0.040007 -0.063153 -0.088587 -0.131642 0.060168 -0.008279 0.036220 0.233259 0.201470 0.173631 0.152693 -0.116166 0.023013 -0.066624 -0.067075 -0.055465 0.089875 0.169416 -0.056002 -0.193504 -0.072664
0.187219 0.332627 -0.177270 -0.095103 -0.032702 -0.421503 0.029445 0.017771 -0.065750 -0.029879 -0.220906 -0.071748 -0.056020 0.095898 -0.248255 -0.121492 0.488543 0.439323 0.636602 1.000000 -0.220103 -0.161943 -0.268035 -0.268018 -0.138666 -0.280367 -0.230895 -0.385034 0.335897 0.316652 -0.045605 -0.044770 0.260063 0.414528 -0.036765 -0.174208 -0.049680 -0.221963 0.042282 0.115365 0.079810 -0.107703 -0.211313 -0.287944 -0.192711 -0.221479 -0.305996 -0.187889 -0.199173 -0.053841 -0.344632 -0.201018 -0.237360 -0.255398 -0.304532 -0.302811 0.216845 0.416932 0.065467 0.026205 -0.096589 0.005873 0.288553 0.412731 -0.275131 -0.232019 0.126609 -0.118979 0.160056 0.362431 0.242026 0.033100 0.334893 0.200559 0.119521 0.004014 0.258647 0.236063 0.236700 0.246341 0.267355 0.260478 -0.059784 0.129079 -0.302141 -0.220311 -0.263125 -0.168301 -0.178650 0.040873 0.077975 0.009144 0.112858 0.126261 -0.054612 0.000530 -0.127373 -0.145212 -0.057472 0.009513 0.052865 -0.059540 0.300678 0.007505 0.155960 0.158285 -0.023656 -0.211311 -0.230900 0.019431 -0.067290 0.053401 0.165471 -0.116392 -0.141930 -0.267861
-0.170355 -0.123910 -0.238298 -0.055822 0.058822 0.056149 -0.192679 -0.052907 0.025225 -0.078656 -0.063414 -0.002722 -0.115436 -0.131228 0.095113 0.135762 -0.167143 -0.026227 -0.367653 -0.220103 1.000000 0.159479 0.059710 0.056723 0.043503 0.098954 0.335493 0.266079 -0.128234 -0.025775 0.289748 0.160899 -0.016439 -0.035977 0.011960 0.029705 0.142556 0.248984 0.118858 0.080052 0.110948 0.152013 -0.017377 0.098656 -0.017284 -0.006937 0.107199 0.051978 -0.041449 -0.043261 -0.095730 -0.013685 -0.030524 0.005272 0.023289 0.117130 0.033805 -0.001211 -0.131284 -0.103092 -0.104196 -0.012068 -0.157022 -0.133007 -0.016999 -0.019204 -0.229099 -0.058430 -0.151000 -0.110000 0.173991 0.275284 -0.046425 0.039017 0.018307 0.376621 0.181788 0.269773 -0.045886 -0.030162 -0.136043 0.025925 0.089077 0.109036 0.113020 0.140372 0.317578 0.414118 0.052745 -0.044092 -0.060999 -0.191832 -0.062147 -0.117378 0.285987 0.329694 -0.010758 0.272996 -0.128071 -0.254487 -0.065343 0.015248 -0.105381 -0.044626 0.029940 0.002810 0.108771 0.180557 0.124567 0.036268 0.143515 -0.231883 -0.292504 -0.036722 0.192029 0.057070
-0.223673 -0.117186 -0.051452 0.048438 0.063360 0.163347 -0.175194 -0.132213 0.196091 0.037241 0.054651 0.074402 -0.220931 -0.315630 0.283530 0.125196 -0.157817 -0.045245 -0.273753 -0.161943 0.159479 1.000000 0.166954 0.164216 0.433230 0.438810 0.343705 0.358748 0.089125 0.139968 0.181748 0.195338 -0.138449 -0.077376 0.375703 0.157357 0.000092 0.003012 0.120088 0.173756 0.113965 -0.044365 0.074047 -0.034005 -0.006846 0.008561 -0.085857 -0.131406 -0.152759 -0.184350 -0.044858 -0.002311 -0.032295 0.098081 0.130794 0.014560 -0.003655 -0.047842 -0.085384 -0.119139 -0.151714 -0.033149 -0.148529 -0.133249 0.154795 0.028008 -0.018880 0.040399 0.043650 0.028385 -0.051699 0.024677 0.012372 0.006742 -0.077694 0.053141 -0.097974 -0.231454 0.141823 0.137907 0.190759 0.221027 0.101758 0.147764 0.318359 0.220600 0.236693 0.325859 0.059017 0.197213 -0.283678 -0.159622 -0.099395 -0.201156 -0.081694 -0.085459 0.079437 -0.004322 -0.110994 -0.139193 -0.125814 -0.010925 -0.146814 -0.324371 -0.309061 -0.307406 0.185138 -0.318787 0.015127 0.155546 -0.166504 -0.107299 -0.089962 -0.145318 -0.123297 -0.196552
-0.099799 -0.410727 0.581303 -0.016002 0.022561 0.262315 0.162158 -0.315167 0.152803 -0.212965 0.294585 -0.160501 -0.123432 -0.432001 0.465196 -0.178067 -0.382891 -0.416679 -0.275087 -0.268035 0.059710 0.166954 1.000000 0.704608 0.620433 0.539790 0.240977 0.514514 -0.250489 -0.275285 0.309593 0.272387 -0.142859 -0.136564 0.347399 0.231763 0.050600 -0.000296 0.061163 -0.074571 -0.067281 -0.122210 -0.067909 -0.001187 0.038426 0.015901 -0.056077 -0.016996 0.083419 -0.100957 0.229510 0.142533 0.061592 0.084492 0.034998 -0.105497 -0.307017 -0.233979 -0.231112 -0.254885 -0.163626 -0.372049 -0.364036 -0.433111 0.598241 -0.070310 -0.268614 0.196607 -0.083497 0.011458 -0.116676 0.068610 -0.234692 0.093779 0.162702 -0.019596 -0.107431 -0.155028 -0.320859 -0.182459 -0.389151 -0.315886 0.364841 0.077152 0.461694 0.204658 0.340533 0.109183 0.212086 -0.030072 -0.149060 0.039499 -0.001615 0.006304 0.093799 -0.216582 0.044862 -0.098281 -0.144761 -0.187514 -0.105171 0.201276 -0.251702 0.102784 -0.002468 -0.024363 -0.046122 -0.099202 0.005541 -0.013955 0.053089 -0.117565 -0.227578 0.109039 -0.027678 -0.056511
-0.254352 -0.310456 0.437556 0.473459 0.131569 0.653084 0.105139 0.178674 0.076312 0.147165 -0.005393 -0.093643 -0.345893 -0.413854 0.208069 -0.091991 -0.475052 -0.403980 -0.383213 -0.268018 0.056723 0.164216 0.704608 1.000000 0.606942 0.686227 0.395863 0.649920 -0.414185 -0.443742 0.122307 0.223334 -0.411488 -0.170438 0.184494 0.498837 -0.297292 -0.215231 0.037399 0.035048 -0.329475 -0.314802 -0.040954 0.062381 0.125285 0.231461 -0.024513 0.144296 0.098032 -0.012091 0.105891 0.130529 0.012137 0.065464 0.058899 0.046202 -0.261158 -0.310313 -0.430280 -0.270823 -0.374776 -0.481280 -0.500540 -0.556523 0.338718 0.083604 -0.442799 0.387085 -0.052216 0.074102 -0.200594 0.144631 -0.414844 -0.061147 -0.092463 -0.189658 -0.447286 -0.258787 -0.458088 -0.112620 -0.400302 -0.433299 -0.003296 -0.042918 0.189337 0.233662 0.120021 0.119430 0.195599 0.065871 0.070381 0.136814 0.258604 0.047665 -0.098141 -0.224483 0.005277 -0.196836 0.054370 0.011932 0.004547 0.034242 -0.138617 0.007486 -0.051798 -0.040962 0.003148 -0.192436 -0.123989 0.004827 0.034446 0.009214 -0.047405 0.128898 -0.042995 -0.201081
-0.212222 -0.400647 0.289708 0.081366 0.205902 0.354502 -0.104171 -0.202067 0.210898 0.036670 0.080622 -0.124639 -0.325374 -0.448920 0.333478 -0.111579 -0.086364 -0.142878 -0.252763 -0.138666 0.043503 0.433230 0.620433 0.606942 1.000000 0.717294 0.376514 0.515808 -0.040334 -0.142330 0.277783 0.213362 -0.305501 -0.119615 0.339450 0.323531 0.026805 0.024906 0.298726 0.246108 0.047506 -0.175520 -0.130317 -0.090792 0.012631 0.061545 -0.207415 -0.049327 -0.156572 -0.175805 -0.029750 -0.086928 -0.153131 0.020979 0.023443 -0.049769 -0.117529 -0.164391 -0.339352 -0.302071 -0.262561 -0.440447 -0.128956 -0.236283 0.444579 -0.088875 -0.334998 0.230293 0.040829 0.064107 -0.009452 0.247075 -0.063810 0.178064 0.146177 -0.050321 -0.170438 -0.296230 -0.029435 0.144720 0.040740 0.024122 0.024497 -0.059656 0.265119 0.169631 0.187594 0.138764 0.056278 -0.005149 -0.261708 -0.169376 -0.000064 -0.222539 0.072197 -0.068903 0.214742 0.036943 -0.053003 -0.009197 -0.120940 -0.008394 -0.234577 -0.113076 -0.073050 0.019030 -0.083949 -0.290318 -0.026887 0.055004 0.131642 0.107470 -0.160270 -0.092631 -0.239293 -0.278946
-0.474694 -0.397648 0.077302 0.336901 0.043075 0.563077 -0.160608 0.039460 -0.081531 0.184976 -0.059614 0.021358 -0.477763 -0.378189 0.146625 -0.073727 -0.237983 -0.179298 -0.472854 -0.280367 0.098954 0.438810 0.539790 0.686227 0.717294 1.000000 0.175331 0.586867 -0.169748 -0.099348 0.262512 0.379578 -0.321412 -0.019528 0.288438 0.488503 -0.091025 0.020685 0.155180 0.141200 -0.027151 -0.187602 0.119810 0.136389 0.192699 0.295281 -0.023589 0.168272 -0.185364 0.045192 -0.070538 -0.028361 -0.140097 0.015907 0.039389 0.062816 -0.212421 -0.336496 -0.491579 -0.283770 -0.467935 -0.553299 -0.337083 -0.428733 0.234035 -0.108737 -0.399893 0.357771 -0.016398 -0.049805 -0.070461 0.249927 -0.191766 0.103386 -0.055093 -0.067865 -0.380880 -0.215736 -0.195413 0.083998 -0.092519 -0.121104 -0.011382 0.088909 0.204493 0.292961 0.105479 0.039554 -0.100408 -0.157378 -0.125914 -0.116676 0.168772 -0.170493 -0.042479 -0.050742 0.172857 -0.010518 0.110859 0.058072 0.035446 -0.030705 -0.143745 -0.118682 -0.091406 -0.014165 -0.062570 -0.266347 -0.021283 0.124612 0.101530 0.129292 -0.106764 0.006697 -0.104143 -0.179612
0.009203 -0.026714 0.248547 0.267863 0.414407 0.463169 -0.042668 0.101943 0.290093 0.064802 0.124551 0.006058 -0.079717 -0.206437 0.358013 0.143859 -0.296057 -0.227067 -0.103010 -0.230895 0.335493 0.343705 0.240977 0.395863 0.376514 0.175331 1.000000 0.606095 -0.239191 -0.337318 -0.048083 -0.127822 -0.257856 -0.241298 0.236062 0.330271 -0.244127 -0.172881 0.092723 0.130999 -0.228867 -0.029676 -0.329860 -0.276966 -0.186949 -0.063110 -0.281611 -0.251453 0.012103 -0.389261 0.008226 -0.015185 0.075785 0.049460 0.233733 -0.022751 0.035198 -0.015825 -0.027344 -0.123680 0.022745 -0.029863 -0.238663 -0.208423 0.306854 0.320327 -0.180770 0.053855 0.015022 0.072833 -0.123124 -0.059466 -0.329776 -0.171589 -0.161426 -0.090275 -0.163778 -0.228892 -0.102106 -0.099104 -0.068579 -0.043784 0.119816 0.010023 0.277501 0.202032 0.270821 0.441941 0.571087 0.377211 -0.103323 -0.073849 0.009343 -0.079189 -0.004066 -0.008333 0.006259 -0.005824 -0.255496 -0.105399 -0.159768 -0.051302 -0.081574 -0.111343 -0.131938 -0.115299 0.024455 -0.047384 0.081986 0.005008 0.010351 -0.124249 -0.084468 -0.035990 -0.003763 -0.144556
-0.232698 -0.210734 0.271593 0.332732 0.133973 0.598196 -0.076356 0.038433 0.070186 0.090787 0.175834 -0.056477 -0.201326 -0.384453 0.376616 0.119754 -0.448481 -0.442126 -0.365562 -0.385034 0.266079 0.358748 0.514514 0.649920 0.515808 0.586867 0.606095 1.000000 -0.386796 -0.388499 -0.023024 -0.029294 -0.320418 -0.298656 0.276404 0.416165 -0.110349 0.014491 0.057215 0.069349 -0.243108 -0.133003 -0.051519 -0.045558 -0.111434 0.025796 -0.068427 -0.032147 0.085597 -0.233871 0.154241 0.102119 0.147114 0.165879 0.289140 0.041420 -0.139852 -0.174346 -0.241945 -0.157465 -0.168492 -0.247859 -0.412520 -0.474226 0.376800 0.186044 -0.297318 0.239666 0.001999 0.085571 -0.231908 -0.078550 -0.427233 -0.120378 -0.194594 -0.123165 -0.298308 -0.298795 -0.295269 -0.069327 -0.321079 -0.270077 0.213000 0.100518 0.395184 0.396823 0.393500 0.368675 0.465779 0.195248 0.061430 0.027001 0.107802 -0.045673 -0.074600 -0.062063 0.044302 -0.037891 -0.081567 -0.087858 0.012420 0.057190 -0.141114 -0.022905 -0.135924 -0.144069 -0.060611 -0.176451 0.023011 0.013893 0.046156 -0.088040 -0.181756 0.113373 0.096851 -0.100857
0.242227 0.103344 -0.287615 -0.316890 0.025293 -0.437068 -0.139374 -0.336413 0.139890 -0.000796 0.115487 0.174223 0.206044 0.070300 0.053508 0.199341 0.707096 0.719513 0.198031 0.335897 -0.128234 0.089125 -0.250489 -0.414185 -0.040334 -0.169748 -0.239191 -0.386796 1.000000 0.773115 0.264052 0.116219 0.272009 0.243627 -0.007888 -0.261067 0.255261 0.000933 0.187347 0.224050 0.416590 0.188652 -0.126426 -0.252874 -0.197555 -0.260488 -0.240091 -0.237032 -0.429295 -0.023260 -0.446267 -0.356714 -0.289929 -0.326882 -0.256457 -0.097661 0.247805 0.281081 -0.054553 -0.155064 -0.017093 0.037512 0.563943 0.461493 -0.003167 -0.217905 -0.147277 -0.488729 0.126351 -0.181805 0.313349 0.296976 0.835597 0.413117 0.386906 0.226850 0.313210 -0.001758 0.616226 0.575791 0.699420 0.623662 0.077138 0.231457 0.016832 -0.104905 0.087609 -0.000711 -0.283917 -0.188357 -0.509086 -0.452915 -0.298419 -0.433641 -0.003340 0.110530 0.056805 -0.034753 -0.122168 0.076744 -0.339846 -0.115109 -0.191588 -0.365997 -0.243687 0.023934 0.214314 -0.241713 0.084296 0.154925 -0.199874 0.090059 0.223997 -0.097064 -0.164808 -0.010082
-0.037554 0.048897 -0.426086 -0.264143 0.019879 -0.389072 -0.167456 -0.253124 0.073309 0.106185 -0.142905 0.307190 0.023676 0.188477 -0.050011 0.289230 0.610462 0.766257 0.079057 0.316652 -0.025775 0.139968 -0.275285 -0.443742 -0.142330 -0.099348 -0.337318 -0.388499 0.773115 1.000000 0.338920 0.319296 0.376552 0.431501 0.035447 -0.213185 0.251747 0.103097 -0.025282 0.023218 0.396763 0.323447 -0.062809 -0.155729 -0.195340 -0.250802 -0.172911 -0.196684 -0.539125 -0.005240 -0.461979 -0.460492 -0.309593 -0.316444 -0.396710 -0.274402 0.188061 0.230422 -0.019311 -0.165432 -0.015271 0.150062 0.515340 0.520034 -0.039888 -0.253700 -0.009612 -0.374449 -0.094053 -0.262257 0.359521 0.321831 0.781518 0.522476 0.355365 0.461620 0.432800 0.275489 0.626869 0.524104 0.647222 0.666445 0.063018 0.427269 0.021298 0.042202 0.021431 -0.087545 -0.300444 -0.215369 -0.396932 -0.453052 -0.160283 -0.361486 -0.045260 0.085290 -0.114747 -0.080652 -0.247336 -0.134894 -0.174443 -0.103022 -0.069216 -0.404491 -0.248645 -0.067573 0.226785 -0.101651 0.048848 0.111822 -0.266380 0.020238 0.137022 -0.174270 -0.088875 0.013598
-0.236801 -0.172378 -0.078975 -0.044973 0.128597 -0.046662 0.069158 -0.101619 0.117102 0.116002 -0.014873 0.221331 -0.097582 -0.171605 0.119757 0.048860 0.080283 0.154239 -0.225088 -0.045605 0.289748 0.181748 0.309593 0.122307 0.277783 0.262512 -0.048083 -0.023024 0.264052 0.338920 1.000000 0.832382 0.350097 0.526955 -0.083263 -0.054667 0.093909 0.045434 -0.167720 -0.167397 0.201532 0.113763 -0.047423 0.040380 -0.102359 -0.091301 -0.009950 0.009374 -0.358660 0.016252 -0.349127 -0.283484 -0.315955 -0.186839 -0.392749 -0.163312 -0.120649 -0.043246 -0.256534 -0.242128 -0.182600 -0.196223 0.107534 0.022890 0.078116 -0.311646 -0.310963 -0.043290 -0.356994 -0.281525 0.272669 0.359328 0.278747 0.348463 0.246692 0.420496 0.218330 0.176392 0.172255 0.071454 0.154954 0.221477 0.253300 0.370749 0.159949 0.193786 0.233454 0.188324 -0.286291 -0.238872 -0.356105 -0.280021 -0.100138 -0.278978 0.025387 -0.055258 -0.122298 -0.077100 -0.223060 -0.304883 -0.096780 -0.020476 -0.255100 -0.280479 -0.253176 -0.135680 0.159996 0.043548 0.031574 -0.005212 -0.141108 -0.186416 -0.207952 -0.194505 -0.185968 -0.165949
-0.366480 -0.210927 -0.132713 0.164770 0.108601 0.133248 0.046360 0.053627 -0.036752 0.278328 -0.167281 0.223956 -0.277551 -0.161126 -0.020038 0.026481 0.003085 0.135063 -0.316620 -0.044770 0.160899 0.195338 0.272387 0.223334 0.213362 0.379578 -0.127822 -0.029294 0.116219 0.319296 0.832382 1.000000 0.217416 0.580782 -0.104704 0.082943 0.005609 -0.011049 -0.228338 -0.168332 0.159972 0.068360 0.034810 0.118016 -0.013872 0.047439 0.023180 0.083034 -0.462263 0.068735 -0.421081 -0.340126 -0.357071 -0.185943 -0.350220 -0.132152 -0.222305 -0.181079 -0.342488 -0.293536 -0.248988 -0.284287 0.052294 -0.073849 0.070051 -0.327289 -0.253208 0.122220 -0.311956 -0.276917 0.125130 0.302669 0.115185 0.226969 0.075003 0.365876 0.081846 0.207743 0.132852 0.068997 0.107515 0.163485 0.182232 0.435534 0.136251 0.251254 0.165001 0.110167 -0.300363 -0.197256 -0.290173 -0.236903 0.016082 -0.170600 -0.076630 -0.037528 -0.180577 -0.078251 -0.138222 -0.213264 0.002636 0.006589 -0.082858 -0.230516 -0.268939 -0.183844 0.151047 0.085669 0.047506 0.023493 -0.157305 -0.090082 -0.137201 -0.152460 -0.164500 -0.156419
0.120874 0.164422 -0.102443 -0.278159 -0.037475 -0.409292 0.249066 -0.113258 0.093359 -0.094332 -0.032393 0.268553 0.217946 0.174409 -0.048348 0.020663 0.275911 0.262423 0.348244 0.260063 -0.016439 -0.138449 -0.142859 -0.411488 -0.305501 -0.321412 -0.257856 -0.320418 0.272009 0.376552 0.350097 0.217416 1.000000 0.643215 -0.195926 -0.358900 0.325701 0.151824 -0.303458 -0.379501 0.294929 0.399246 -0.123268 -0.234197 -0.213751 -0.302023 -0.179205 -0.312632 -0.286532 -0.094200 -0.147476 -0.372686 -0.211275 -0.335996 -0.324164 -0.432900 0.214697 0.315358 0.228748 0.144395 0.329934 0.252179 0.447283 0.461763 -0.141449 -0.351385 0.282666 -0.093927 -0.193936 -0.028867 0.209189 -0.109645 0.355974 0.201091 0.184176 0.245523 0.438178 0.228556 0.321823 -0.031986 0.205657 0.327136 0.219583 0.251668 0.003045 0.128739 -0.035819 -0.113044 -0.186222 -0.185338 -0.216106 -0.153710 -0.139202 -0.010440 -0.032276 -0.104141 -0.230387 -0.141168 -0.363464 -0.334804 -0.068694 0.048882 0.057618 -0.015227 -0.130675 -0.108258 0.161083 0.182878 -0.035732 -0.123913 -0.236853 -0.206781 -0.127020 -0.191565 0.056804 0.132550
-0.190672 0.041649 -0.261690 0.048360 0.099052 -0.116720 0.090713 0.167093 -0.050958 0.250902 -0.310779 0.326285 -0.080428 0.139397 -0.260129 -0.016736 0.314290 0.346232 0.156479 0.414528 -0.035977 -0.077376 -0.136564 -0.170438 -0.119615 -0.019528 -0.241298 -0.298656 0.243627 0.431501 0.526955 0.580782 0.643215 1.000000 -0.217118 0.028488 0.087972 0.008991 -0.308398 -0.305793 0.217973 0.175822 -0.112312 -0.073094 -0.126943 -0.029798 -0.218704 -0.109062 -0.551272 0.053444 -0.459032 -0.536752 -0.492764 -0.418084 -0.524863 -0.453988 0.077887 0.151595 -0.090736 -0.060822 0.045855 -0.015952 0.432674 0.350073 -0.226692 -0.400212 -0.008064 0.125574 -0.300538 -0.026748 0.156308 0.132026 0.274682 0.191641 0.041572 0.244242 0.246850 0.328532 0.311225 0.070129 0.298504 0.338543 0.005558 0.301052 -0.180870 0.123777 -0.146002 -0.088719 -0.313276 -0.252311 -0.156450 -0.127629 0.117369 -0.021403 -0.009039 -0.067705 -0.346155 -0.183276 -0.309284 -0.312710 0.097506 -0.082078 0.165809 -0.179328 -0.152557 -0.128966 0.222614 0.101112 -0.193173 -0.126036 -0.231388 -0.052627 -0.056263 -0.306434 -0.103083 -0.149556
-0.069836 -0.159765 0.225996 -0.060068 0.163768 0.065634 -0.052590 -0.215774 0.241701 -0.146302 0.164461 -0.074842 -0.146562 -0.318120 0.247932 -0.135923 -0.122895 0.011506 -0.214124 -0.036765 0.011960 0.375703 0.347399 0.184494 0.339450 0.288438 0.236062 0.276404 -0.007888 0.035447 -0.083263 -0.104704 -0.195926 -0.217118 1.000000 0.451555 0.032573 -0.012325 0.272302 0.176009 -0.048908 -0.043732 -0.104573 -0.154087 0.202982 0.135963 -0.219578 -0.196472 0.033358 -0.229438 0.099394 0.085946 -0.039002 0.083279 0.044243 -0.177654 -0.014129 0.060883 -0.075676 -0.210479 -0.105096 -0.115171 -0.250267 -0.100390 0.311191 0.108305 -0.014698 0.142872 0.035780 0.173987 -0.032519 -0.004599 -0.031685 0.041885 0.029043 -0.073658 0.019919 -0.046706 -0.061661 0.172613 -0.026047 0.092049 0.042361 -0.002974 0.275546 0.016650 0.184568 0.158360 0.085008 -0.048012 -0.193816 -0.206740 -0.177558 -0.120444 0.074975 -0.028874 0.074777 -0.065056 -0.125443 -0.197907 -0.233675 0.033047 -0.100161 -0.143827 0.030522 0.004626 -0.007019 -0.257329 0.002261 0.204348 0.039328 -0.074415 -0.195151 0.138009 0.043225 -0.084786
-0.262605 -0.247810 0.111272 0.496744 0.309706 0.597120 -0.118287 0.256373 -0.020732 0.299630 -0.022020 0.007640 -0.301360 -0.256205 -0.043125 -0.055895 -0.207646 -0.156158 -0.318505 -0.174208 0.029705 0.157357 0.231763 0.498837 0.323531 0.488503 0.330271 0.416165 -0.261067 -0.213185 -0.054667 0.082943 -0.358900 0.028488 0.451555 1.000000 -0.199338 -0.148323 0.089605 0.063958 -0.257377 -0.198820 -0.040193 0.078976 0.294391 0.434223 -0.096225 0.127392 -0.131732 0.002450 -0.118019 -0.022425 -0.223987 -0.022592 -0.035902 -0.044255 -0.046046 -0.180652 -0.369754 -0.291592 -0.264643 -0.325743 -0.296227 -0.334215 0.122677 0.165609 -0.350499 0.367862 -0.042741 0.078524 -0.189451 0.089829 -0.309458 -0.141556 -0.218149 -0.140881 -0.364470 -0.125180 -0.205567 0.043139 -0.066860 -0.086781 -0.132575 -0.052766 0.065812 0.112205 0.057950 0.078675 0.082051 -0.118334 -0.067457 -0.075211 0.164649 0.058208 0.018666 -0.004628 -0.087095 -0.162356 -0.020961 -0.006568 0.019311 -0.160615 0.062626 -0.126450 0.010196 -0.011543 0.028753 -0.088970 -0.072321 0.147694 0.057840 0.130841 -0.007175 0.171057 0.051179 -0.141080
