1.000000 0.066711 -0.088968 -0.371657 -0.018650 -0.045128 0.045126 -0.347293 -0.249869 -0.043332 0.395895 -0.129617 0.301536 -0.139587 -0.037488 -0.363225 0.254236 0.130334 0.100443 0.311417 -0.272257 -0.231087 -0.151476 -0.387277 -0.077751 -0.280103 0.002903 0.011631 0.359527 -0.033292 -0.187148 -0.220455 0.262968 0.189567 -0.084948 0.012426 -0.202096 -0.059841 0.039773 -0.269197 -0.151645 0.145670 0.087076 -0.097488 -0.030732 -0.250178 -0.068145 -0.121826 0.235138 0.055266 0.002153 0.124271 0.224791 0.141784 0.153053 0.036443 0.280962 0.234967 0.485675 -0.002159 0.412108 0.031630 0.150107 -0.231685 0.030822 -0.093623 0.115479 -0.441200 0.249692 -0.003113 -0.040477 -0.235898 0.240201 -0.147275 -0.070912 -0.082423 0.248607 0.018899 0.110600 0.372095 0.116274 -0.066726 0.143765 -0.229194 -0.001903 -0.281099 -0.108839 0.022057 0.063460 -0.084553 -0.119298 -0.112548 -0.390817 -0.091737 -0.141665 -0.132559 -0.194780 -0.108760 0.016471 0.087163 -0.267487 0.235838 0.169735 0.265776 0.187087 0.222111 0.027806 0.129670 -0.111348 -0.043434 -0.174533 0.073869 0.108954 -0.032202 0.068959 0.199205
0.066711 1.000000 -0.590325 -0.154792 -0.153580 -0.058537 -0.280060 0.176527 -0.284149 0.152647 -0.052589 0.456865 -0.023477 0.389970 -0.347548 -0.068417 0.483521 0.316133 -0.523897 0.239191 -0.342689 -0.465699 -0.676208 -0.459834 -0.397942 -0.383784 -0.361043 -0.494064 0.204160 0.243339 -0.491366 -0.418785 0.164594 0.019876 -0.537825 -0.378565 0.043527 0.051332 -0.324775 -0.149275 -0.093501 0.121949 0.032905 0.128845 0.037828 0.057058 -0.111403 -0.060542 -0.037275 0.257221 -0.330479 0.108578 -0.089377 -0.176297 -0.086602 -0.016279 0.280280 0.252304 0.258742 0.559059 0.387695 0.651236 0.540782 0.514068 -0.200231 0.454110 0.114438 0.041833 0.251483 -0.068940 -0.077914 -0.350389 0.325690 0.143603 0.410652 0.084575 0.134335 -0.033766 0.190753 0.040027 0.345562 0.241915 -0.266570 0.242090 -0.422221 0.031345 -0.205343 -0.144353 -0.441529 0.186953 -0.090177 -0.404537 -0.107781 -0.371765 -0.134351 -0.144520 -0.227812 -0.048552 0.095691 0.132777 0.222186 0.016795 0.181770 0.079183 -0.028691 -0.090694 0.048263 0.175353 -0.220558 -0.281731 -0.438566 -0.198292 0.034022 0.071389 -0.177208 -0.189959
-0.088968 -0.590325 1.000000 0.413882 0.516963 0.243706 0.583076 0.090879 0.533306 0.068006 0.189364 -0.186989 0.083816 -0.176505 0.596795 0.266531 -0.542553 -0.204971 0.705972 -0.206668 0.354924 0.460531 0.868401 0.643478 0.506208 0.368959 0.490225 0.487228 -0.381466 -0.281119 0.575617 0.429974 -0.205297 -0.172153 0.388004 0.254367 -0.242846 -0.343639 0.265983 0.024688 -0.072596 -0.228601 -0.152259 -0.152015 -0.140612 -0.120745 -0.062352 -0.065238 -0.013510 -0.236814 0.415816 -0.003231 -0.010163 0.171986 -0.099509 -0.178250 -0.557938 -0.339364 -0.303922 -0.566230 -0.228963 -0.536644 -0.422708 -0.339201 0.424209 -0.152850 -0.062248 -0.028782 -0.417233 -0.129319 0.144037 0.282238 -0.279179 -0.165932 -0.426382 -0.130077 -0.337655 -0.119083 -0.286100 -0.098589 -0.460095 -0.298965 0.262934 -0.136962 0.355746 0.000395 0.322419 0.077488 0.465995 0.008737 -0.096876 0.316258 0.205416 0.498255 0.075686 -0.154873 -0.011711 -0.158718 -0.366940 -0.435857 -0.107366 0.008527 -0.310473 -0.328796 -0.276161 -0.174984 -0.174934 -0.242034 -0.158600 0.018178 0.011639 -0.257284 -0.324022 -0.345874 -0.215920 -0.144102
-0.371657 -0.154792 0.413882 1.000000 0.374989 0.417334 0.519560 0.756601 0.480406 0.438433 0.029114 0.105934 0.126115 0.287377 0.304757 0.424568 -0.107704 0.059073 0.163615 -0.044460 0.161175 0.188606 0.315571 0.487666 0.161924 0.145801 0.322313 0.151100 -0.168889 -0.088713 0.102521 0.105194 -0.258655 -0.225355 -0.015564 -0.029364 -0.052378 -0.126964 0.195618 0.248503 -0.145031 -0.084220 -0.311605 -0.333445 -0.337906 -0.227881 -0.157849 -0.330316 -0.225297 -0.244999 0.081769 -0.294499 -0.142011 -0.169312 -0.041240 -0.220353 -0.377064 -0.389881 -0.360772 -0.390054 -0.115042 -0.122733 -0.111506 0.156282 0.444067 0.225587 -0.358631 0.067905 -0.402952 -0.227567 0.082345 -0.027914 -0.047637 -0.261603 -0.166390 -0.091107 -0.230107 -0.071936 -0.140985 -0.216832 -0.272759 0.016637 0.015257 0.241707 0.133047 0.116620 0.178403 -0.001324 0.304520 0.227067 -0.040258 -0.009686 0.345456 0.254999 0.150923 0.067822 -0.159265 -0.019325 -0.422294 -0.445330 0.208155 -0.087215 0.014995 -0.279784 -0.164471 -0.226356 -0.273613 -0.167081 0.013768 0.002146 -0.293644 -0.275104 -0.152640 -0.096745 -0.180894 -0.104975
-0.018650 -0.153580 0.516963 0.374989 1.000000 0.607745 0.508264 0.273762 0.632833 0.683705 0.046015 -0.154208 0.341576 0.191590 0.363949 0.068657 -0.158784 -0.090702 0.159338 -0.219493 -0.028168 -0.122534 0.252040 0.311509 0.303968 -0.140816 0.375313 0.012001 -0.343696 -0.325585 -0.135132 -0.327245 -0.075355 -0.199105 -0.062166 0.261687 -0.420827 -0.236892 -0.000701 -0.002172 -0.490117 -0.276278 -0.157747 -0.273065 -0.188977 -0.101063 -0.255519 -0.076938 0.034153 -0.127553 -0.039019 -0.029126 0.006153 0.050430 -0.267294 -0.386394 -0.291465 -0.312433 0.189139 -0.071985 0.240475 0.015618 -0.172331 -0.161975 0.340662 0.292099 0.093132 0.017778 -0.022314 0.144809 0.209212 -0.276102 -0.146962 -0.227345 -0.397275 -0.169041 -0.419721 -0.252058 -0.390272 -0.161326 -0.371315 -0.247396 -0.194262 -0.225816 -0.410454 -0.396670 -0.007976 -0.081713 -0.034621 0.374700 0.225739 0.401720 0.385485 0.633736 -0.152721 -0.315903 -0.429637 -0.416282 -0.352601 -0.298911 0.352358 0.487410 0.167148 0.066046 -0.221018 -0.288217 0.010511 0.115058 -0.159287 -0.360768 -0.344638 -0.203250 -0.140798 -0.095933 -0.132429 -0.292854
-0.045128 -0.058537 0.243706 0.417334 0.607745 1.000000 0.245657 0.228626 0.331588 0.517950 0.000598 -0.232926 -0.019802 -0.136678 -0.024709 -0.129893 -0.115474 -0.248708 -0.067458 -0.057435 -0.093918 -0.041583 0.162637 0.245069 0.420527 0.087126 0.643869 0.149808 -0.367583 -0.443510 -0.214343 -0.270959 -0.169940 -0.241929 0.028232 0.160316 -0.357390 -0.074080 0.123892 0.051505 -0.483485 -0.146714 -0.054896 -0.225400 -0.112754 -0.020102 -0.109916 -0.147389 0.051686 -0.071373 0.033501 -0.197528 0.154627 -0.009254 -0.068767 -0.198641 0.017957 0.019121 0.008742 -0.100887 0.004148 -0.206782 -0.216073 -0.260369 0.107971 0.092564 -0.052052 -0.058460 0.076931 0.118145 0.173674 -0.320517 -0.251833 -0.136907 -0.269540 -0.095813 -0.268645 -0.094057 -0.287924 -0.194095 -0.229564 -0.340920 -0.115284 -0.079585 -0.123484 -0.117900 -0.046318 0.114931 -0.106609 0.380527 0.107233 0.149005 0.477178 0.454521 -0.109492 -0.201263 -0.281339 -0.178952 -0.265072 -0.208126 0.405045 0.337379 0.237267 0.212758 0.052894 -0.112059 -0.261539 0.123027 -0.002231 -0.280619 -0.161740 -0.102376 0.082998 0.177417 -0.060378 -0.002084
0.045126 -0.280060 0.583076 0.519560 0.508264 0.245657 1.000000 0.532052 0.392009 0.383244 0.181526 0.037885 0.566681 0.318582 0.399638 0.191048 -0.101756 -0.110892 0.495204 0.063899 0.094445 0.092279 0.293427 0.134951 0.106046 -0.117528 0.168337 0.023216 -0.090410 -0.097247 0.105054 -0.057391 -0.086315 -0.030913 0.065930 0.161070 -0.237928 -0.221465 0.225010 0.079783 -0.123648 -0.046932 -0.228508 -0.308508 -0.208409 -0.286722 -0.249917 -0.219642 0.001665 -0.071049 0.078379 -0.018283 -0.014649 0.059403 -0.039968 -0.157854 -0.569373 -0.509647 -0.058164 -0.340928 0.165952 -0.086485 -0.058944 0.015611 0.486636 0.106700 -0.120926 -0.084086 -0.404151 -0.203498 0.087382 -0.009876 -0.005171 -0.242428 -0.289142 -0.115761 -0.112823 -0.096862 -0.344780 -0.296862 -0.248863 -0.127553 0.143395 0.087608 -0.019388 -0.174205 0.066284 -0.093092 0.249532 0.141921 0.042552 0.177037 0.022512 0.266200 0.150218 -0.154416 -0.263102 -0.114647 -0.393132 -0.408119 0.056526 0.215334 0.066230 -0.086830 -0.158343 -0.235652 -0.200354 -0.071620 -0.264393 -0.074859 -0.392599 -0.354221 -0.318207 -0.272359 -0.153968 -0.215810
-0.347293 0.176527 0.090879 0.756601 0.273762 0.228626 0.532052 1.000000 0.347107 0.598682 0.029124 0.295646 0.276048 0.619020 0.126765 0.311957 0.125812 0.145298 -0.040790 0.064388 -0.030581 -0.129255 -0.094635 0.126593 -0.149279 -0.202778 -0.060936 -0.216938 -0.097966 0.033590 -0.167538 -0.161259 -0.151109 -0.092951 -0.212422 -0.093474 -0.188271 -0.131265 -0.084304 0.123808 -0.166027 -0.113617 -0.264039 -0.190416 -0.168046 -0.078186 -0.232655 -0.298309 -0.147787 0.006177 -0.099749 -0.138143 -0.177360 -0.227761 -0.132674 -0.276251 -0.360630 -0.359531 -0.207366 -0.054028 0.110317 0.264390 0.081212 0.460410 0.329107 0.422122 -0.219728 0.209277 -0.380784 -0.236830 -0.073154 -0.091514 0.018916 -0.287353 -0.044864 -0.091468 -0.159950 -0.136468 -0.118606 -0.347719 -0.122451 0.100159 -0.093528 0.294666 -0.115299 0.019281 -0.024659 -0.112481 0.021418 0.176324 0.117956 -0.090808 0.217762 0.052968 0.098077 -0.056883 -0.364638 -0.094790 -0.348013 -0.377184 0.331410 0.032660 0.133221 -0.200536 -0.174501 -0.307158 -0.147160 0.007704 -0.090734 -0.082387 -0.548915 -0.320672 -0.218304 -0.077570 -0.200015 -0.201215
-0.249869 -0.284149 0.533306 0.480406 0.632833 0.331588 0.392009 0.347107 1.000000 0.466280 0.130434 -0.094505 0.214841 0.251598 0.563631 0.404721 -0.229070 0.063902 0.212973 -0.293881 0.166958 0.043452 0.342646 0.390412 0.370886 0.079220 0.194835 0.158616 -0.248460 -0.200533 0.117499 -0.039698 -0.306655 -0.380938 -0.038079 0.102928 -0.280768 -0.287195 0.016377 0.000923 -0.232959 -0.296196 -0.236861 -0.184752 -0.170498 -0.034407 -0.118890 -0.092278 -0.099683 -0.134934 0.041432 -0.076133 -0.122444 -0.062468 -0.279606 -0.346463 -0.329312 -0.294021 -0.153313 -0.258547 0.100929 -0.030229 -0.352257 -0.028315 0.580006 0.343879 -0.188631 0.052856 -0.260603 -0.061536 0.253933 0.062874 -0.090447 -0.077517 -0.190907 0.054927 -0.232328 -0.107496 -0.393836 -0.015260 -0.449578 -0.255032 -0.033045 -0.054720 0.033633 -0.066541 0.269529 -0.106259 0.249517 0.220601 0.083276 0.278923 0.316882 0.416374 -0.035708 -0.074446 -0.284960 -0.216767 -0.305080 -0.331572 0.268494 0.160590 0.019814 -0.173018 -0.266278 -0.333790 0.009370 0.019570 -0.032500 -0.153519 -0.206862 -0.211628 -0.194193 -0.092457 -0.247992 -0.250910
-0.043332 0.152647 0.068006 0.438433 0.683705 0.517950 0.383244 0.598682 0.466280 1.000000 0.084867 0.003365 0.339687 0.503970 0.114990 0.073480 0.126663 0.108026 -0.162515 -0.033062 -0.332475 -0.436339 -0.210314 0.035225 -0.067545 -0.448600 0.046417 -0.310271 -0.186492 -0.113397 -0.453466 -0.593817 -0.085962 -0.234316 -0.454240 0.003479 -0.396199 -0.178267 -0.242575 -0.007021 -0.484945 -0.210572 -0.136853 -0.191417 -0.031233 0.007367 -0.233788 -0.112766 0.113228 0.162482 -0.213698 0.054992 0.035186 -0.049600 -0.260576 -0.293641 -0.165127 -0.308407 0.223510 0.079952 0.391194 0.351140 -0.024128 0.222882 0.292035 0.534704 -0.111725 0.003610 -0.059529 0.059822 0.046720 -0.430497 -0.017440 -0.275373 -0.222540 -0.168332 -0.325765 -0.314524 -0.271505 -0.263283 -0.116515 -0.062393 -0.239411 -0.091853 -0.457774 -0.337227 -0.076952 -0.190723 -0.157885 0.308836 0.342842 0.225732 0.207761 0.351584 -0.080398 -0.192798 -0.588593 -0.297737 -0.179903 -0.130495 0.397069 0.460124 0.274213 -0.002571 -0.179675 -0.308115 0.055172 0.103079 -0.047351 -0.361020 -0.600836 -0.141633 -0.040670 0.088279 -0.054777 -0.199272
0.395895 -0.052589 0.189364 0.029114 0.046015 0.000598 0.181526 0.029124 0.130434 0.084867 1.000000 0.254878 0.342475 0.088580 0.454978 0.155022 0.117290 0.202259 0.201896 0.277282 0.022153 0.208523 0.195720 0.082175 0.197264 -0.018850 0.065054 0.185250 0.249470 -0.030736 0.088302 0.130955 -0.307222 -0.268474 -0.146893 0.002021 -0.170788 -0.185392 -0.001903 -0.157561 -0.117652 0.037462 0.047142 -0.033106 -0.009860 -0.026392 0.072563 -0.194371 0.169461 0.082558 0.314672 0.265285 0.169119 0.204057 0.076011 0.140196 -0.174289 0.048974 -0.167811 -0.444221 0.130782 -0.250745 -0.141598 -0.155369 0.224160 0.005588 -0.461000 -0.268778 -0.363151 -0.118439 0.163007 0.052315 0.031719 0.071589 0.121416 -0.026822 0.006888 -0.069142 -0.056966 0.113813 -0.058484 -0.236125 0.415351 0.020350 0.337552 0.045038 0.150564 0.029401 0.215996 -0.099209 -0.089157 -0.055837 -0.143293 -0.016470 -0.029128 -0.090158 -0.023893 0.039771 -0.065930 -0.101043 -0.285861 -0.132753 -0.192038 -0.260448 -0.062463 -0.047510 -0.269469 -0.106275 -0.103356 0.080725 -0.182818 -0.065010 -0.134838 0.052021 -0.184745 0.086679
-0.129617 0.456865 -0.186989 0.105934 -0.154208 -0.232926 0.037885 0.295646 -0.094505 0.003365 0.254878 1.000000 0.134525 0.397895 0.119377 0.391508 0.214546 0.270855 -0.073478 0.270240 -0.067624 -0.052619 -0.281569 -0.203256 -0.183902 -0.119216 -0.340258 -0.157588 0.428453 0.479195 -0.137854 -0.033439 -0.014292 -0.013368 -0.248130 -0.218020 0.153736 0.098403 -0.102811 0.007639 0.167145 0.187992 0.002556 0.056196 -0.031534 -0.025557 0.034632 -0.176439 -0.029338 0.090469 0.063801 0.184613 -0.061100 -0.000872 0.211028 0.181974 -0.213043 -0.145133 -0.170510 0.010135 0.002623 0.174269 0.391228 0.294746 -0.081226 0.257511 -0.105298 0.109482 -0.368205 -0.365943 -0.123357 -0.044005 0.350723 -0.028504 0.167397 0.064968 0.069318 0.012814 0.215246 0.058758 0.239878 0.289981 0.079313 0.499019 -0.026352 0.324818 0.083370 -0.093378 -0.118010 0.039020 -0.124818 -0.369340 -0.242929 -0.398300 -0.043750 -0.024366 0.071772 -0.013557 -0.049150 -0.048242 -0.171996 -0.275595 -0.156880 -0.320970 -0.042118 -0.266000 -0.176719 0.052956 -0.225893 0.010454 -0.408830 -0.282871 -0.206420 -0.089415 -0.320101 -0.149336
0.301536 -0.023477 0.083816 0.126115 0.341576 -0.019802 0.566681 0.276048 0.214841 0.339687 0.342475 0.134525 1.000000 0.561401 0.374566 0.177308 0.294438 0.235913 0.104631 0.152796 -0.140492 -0.202810 -0.154712 -0.215657 -0.140073 -0.419735 -0.237721 -0.233436 0.220576 0.064906 -0.304526 -0.361888 0.022286 -0.034540 -0.246063 0.140931 -0.029763 -0.057281 0.089497 0.131779 -0.100695 -0.024992 -0.143433 -0.268867 -0.210569 -0.348514 -0.165813 -0.160788 0.124478 0.024037 -0.119556 0.152716 0.074924 0.105711 0.052451 -0.089355 -0.260047 -0.220379 0.329941 -0.154594 0.537166 0.201973 0.064175 0.035763 0.394546 0.291292 -0.078883 -0.286239 -0.133780 -0.145704 -0.021525 -0.218698 0.209422 -0.074385 -0.075585 -0.119891 0.189146 -0.070762 -0.362792 -0.003609 -0.022370 0.004037 -0.033907 0.051201 -0.318489 -0.351110 -0.029737 -0.064561 0.087644 0.104761 0.232944 0.086432 -0.215083 0.036723 0.159270 -0.051441 -0.265343 -0.062404 -0.166708 -0.167053 -0.011158 0.333407 0.154119 0.171896 -0.110313 -0.248361 -0.070715 0.137729 -0.125907 -0.271315 -0.476645 -0.172138 -0.181373 -0.183451 -0.169418 -0.116645
-0.139587 0.389970 -0.176505 0.287377 0.191590 -0.136678 0.318582 0.619020 0.251598 0.503970 0.088580 0.397895 0.561401 1.000000 0.174983 0.354793 0.392902 0.464950 -0.086529 0.072483 -0.262000 -0.399264 -0.449108 -0.257645 -0.411058 -0.472488 -0.538806 -0.506522 0.209542 0.368622 -0.335443 -0.415783 0.081411 -0.079493 -0.503705 -0.137067 0.036309 -0.049850 -0.193832 0.067878 -0.015934 0.010513 -0.047386 -0.036145 -0.061251 -0.074940 -0.110245 -0.209128 -0.009953 0.164955 -0.226306 0.137538 -0.155963 -0.147565 -0.067947 -0.150063 -0.243216 -0.283026 0.183511 0.052297 0.538582 0.631417 0.270756 0.561856 0.357193 0.700908 -0.180749 -0.044629 -0.203081 -0.249335 -0.041454 -0.206037 0.335748 0.000203 0.175887 0.045865 0.129570 -0.117821 -0.066904 -0.105637 0.043580 0.189632 -0.269177 0.129642 -0.476327 -0.252896 -0.061856 -0.286280 -0.101825 0.122250 0.130244 -0.193781 -0.177387 -0.235587 0.107897 -0.015332 -0.244603 -0.098931 -0.105282 -0.182887 0.185469 0.060297 0.120054 -0.189905 -0.220392 -0.376870 0.030529 0.046034 -0.116592 -0.189437 -0.629746 -0.327863 -0.180107 -0.078461 -0.223329 -0.242821
-0.037488 -0.347548 0.596795 0.304757 0.363949 -0.024709 0.399638 0.126765 0.563631 0.114990 0.454978 0.119377 0.374566 0.174983 1.000000 0.697522 -0.361545 -0.034835 0.436103 -0.109077 0.458076 0.445641 0.543979 0.523426 0.401052 0.296308 0.229585 0.413865 -0.139106 -0.132270 0.460837 0.326626 -0.280971 -0.173512 0.075899 0.180633 -0.118448 -0.319137 0.178698 0.211259 0.083705 -0.157744 -0.251539 -0.245337 -0.300956 -0.206794 -0.207044 -0.103822 -0.180452 -0.267843 0.312148 0.141367 -0.084110 0.211202 -0.082220 -0.080320 -0.451447 -0.282066 -0.371045 -0.502457 -0.001959 -0.375108 -0.367015 -0.279291 0.600964 0.155569 -0.382434 -0.071997 -0.354951 -0.050359 0.034514 0.301221 -0.177221 -0.113201 -0.273200 -0.088793 -0.199319 -0.236159 -0.327686 0.077015 -0.415589 -0.269026 0.367928 0.000951 0.334001 0.074284 0.453855 0.157923 0.603775 0.130442 0.014348 0.257071 -0.056113 0.244164 0.036187 -0.105275 0.047892 -0.144919 -0.239398 -0.264209 -0.204384 -0.081402 -0.272607 -0.297607 -0.283029 -0.232267 -0.120105 0.018571 -0.173235 -0.117935 -0.097956 -0.244657 -0.325249 -0.234905 -0.297643 -0.128725
-0.363225 -0.068417 0.266531 0.424568 0.068657 -0.129893 0.191048 0.311957 0.404721 0.073480 0.155022 0.391508 0.177308 0.354793 0.697522 1.000000 -0.249268 0.047634 0.193844 -0.039548 0.363286 0.336090 0.250789 0.374118 0.185816 0.303730 0.042705 0.207313 -0.008312 0.161288 0.351884 0.330091 -0.237506 -0.201589 -0.074989 -0.150693 0.177602 -0.134045 0.173919 0.343741 0.319575 0.069001 -0.244235 -0.200781 -0.266067 -0.178346 -0.170801 -0.241899 -0.265485 -0.242949 0.145591 0.057899 -0.188488 0.045038 -0.014056 0.023809 -0.385789 -0.329912 -0.448763 -0.354397 -0.076336 -0.138969 -0.169250 0.052885 0.447618 0.323873 -0.428712 0.042605 -0.385977 -0.230649 0.001750 0.268686 0.027028 -0.018397 -0.007413 0.010476 -0.144218 -0.194370 -0.135864 0.022825 -0.202070 -0.002771 0.306855 0.366889 0.297269 0.367968 0.466888 0.141481 0.497275 0.258375 -0.084324 0.022709 -0.095818 0.010247 0.147124 0.013840 0.171753 -0.014159 -0.144854 -0.202309 -0.178444 -0.318329 -0.245540 -0.441027 -0.254291 -0.238798 -0.096000 -0.036447 -0.200120 -0.114456 -0.201645 -0.331778 -0.389715 -0.260350 -0.309694 -0.124068
0.254236 0.483521 -0.542553 -0.107704 -0.158784 -0.115474 -0.101756 0.125812 -0.229070 0.126663 0.117290 0.214546 0.294438 0.392902 -0.361545 -0.249268 1.000000 0.579801 -0.435252 0.385237 -0.419301 -0.486164 -0.556594 -0.422550 -0.497508 -0.479660 -0.512132 -0.505430 0.560470 0.317741 -0.621252 -0.473065 0.135250 0.113573 -0.406972 -0.082027 0.221902 0.133181 -0.178451 -0.061452 -0.070104 0.106504 0.057193 0.002346 0.002672 -0.004796 0.041549 -0.055211 -0.004685 0.102827 -0.432817 -0.161631 -0.024225 -0.246718 0.156113 0.005701 0.490678 0.300016 0.286896 0.113587 0.464898 0.524209 0.509435 0.393007 -0.167126 0.254129 -0.085134 -0.134819 0.261198 0.070440 0.101746 -0.394881 0.444645 0.213524 0.430911 0.234890 0.341811 0.156782 0.247796 0.117130 0.524977 0.266124 -0.309119 0.092327 -0.411573 -0.291041 -0.287341 -0.149275 -0.265070 -0.186023 -0.099893 -0.392243 -0.204784 -0.342596 0.038099 0.095650 -0.205917 -0.007102 0.086771 0.026090 -0.075684 -0.049017 0.125664 0.088021 0.010181 -0.096247 -0.062871 -0.094186 0.116266 0.057791 -0.274177 0.109786 0.036805 0.215590 0.011230 -0.052918
0.130334 0.316133 -0.204971 0.059073 -0.090702 -0.248708 -0.110892 0.145298 0.063902 0.108026 0.202259 0.270855 0.235913 0.464950 -0.034835 0.047634 0.579801 1.000000 -0.061674 0.150788 -0.305891 -0.412124 -0.278755 -0.202707 -0.488939 -0.413496 -0.485247 -0.374770 0.489083 0.495200 -0.312528 -0.212935 0.022147 0.011476 -0.348990 -0.050159 0.262952 0.090293 -0.188980 -0.136675 -0.048018 0.075181 -0.173615 -0.071504 -0.193930 -0.107381 -0.012237 -0.181233 -0.170316 -0.109793 -0.349132 -0.209152 -0.202919 -0.322402 -0.043116 -0.251433 0.161922 0.201771 0.215755 0.034323 0.405837 0.512650 0.323914 0.532628 0.179547 0.383122 -0.031039 -0.082224 0.047076 -0.108211 0.171558 -0.224629 0.477643 0.194302 0.306989 0.263957 0.264724 0.247205 0.172059 0.374297 0.194089 0.313603 -0.284561 0.082254 -0.156453 -0.124032 0.007939 -0.227258 0.098730 -0.183753 -0.173853 -0.291541 -0.177092 -0.168349 0.169806 0.198798 -0.228229 0.005845 -0.150546 -0.240655 -0.175099 -0.037438 -0.057192 -0.183766 -0.054804 -0.043288 0.086356 -0.244366 -0.002261 0.157680 -0.286800 -0.165916 -0.139284 -0.027590 -0.005809 -0.038086
0.100443 -0.523897 0.705972 0.163615 0.159338 -0.067458 0.495204 -0.040790 0.212973 -0.162515 0.201896 -0.073478 0.104631 -0.086529 0.436103 0.193844 -0.435252 -0.061674 1.000000 0.040556 0.304120 0.334397 0.585528 0.237977 0.153061 0.195727 0.206337 0.318311 -0.067304 0.072236 0.582333 0.407943 -0.062465 0.004672 0.332971 0.176053 -0.118954 -0.314594 0.302530 -0.085246 0.126150 0.045298 0.012602 -0.067172 -0.076272 -0.170630 0.083842 -0.074463 0.047048 -0.158344 0.397304 0.152059 0.133313 0.288433 0.055627 0.021719 -0.509715 -0.313999 -0.163233 -0.548108 -0.049923 -0.346368 -0.241161 -0.125127 0.349473 -0.185444 -0.092833 -0.232729 -0.417925 -0.273816 0.072405 0.258734 -0.041653 -0.056128 -0.222175 -0.076037 -0.122423 -0.084251 -0.234692 -0.066943 -0.333038 -0.245756 0.316516 -0.067727 0.372964 -0.015961 0.242963 0.083512 0.425584 -0.105450 -0.196593 0.150749 -0.145458 0.153303 0.174018 -0.093701 0.055575 -0.029449 -0.215119 -0.274804 -0.284295 -0.137959 -0.318748 -0.364305 -0.096559 -0.005361 -0.102953 -0.187792 -0.221424 0.242455 0.005306 -0.280471 -0.323756 -0.232702 -0.001726 0.038848
0.311417 0.239191 -0.206668 -0.044460 -0.219493 -0.057435 0.063899 0.064388 -0.293881 -0.033062 0.277282 0.270240 0.152796 0.072483 -0.109077 -0.039548 0.385237 0.150788 0.040556 1.000000 0.015311 -0.111704 -0.221770 -0.350753 -0.131227 -0.147409 -0.129394 -0.225712 0.547185 0.414454 -0.025135 0.039094 0.278079 0.333529 -0.181585 -0.218065 0.060278 -0.202711 -0.035626 -0.275581 0.238599 0.373145 0.090062 -0.080033 -0.055382 -0.146355 -0.099651 -0.197955 0.008779 0.009605 -0.132101 -0.166920 -0.135130 -0.165658 -0.135901 0.075725 0.053208 0.044442 0.075170 -0.099224 0.174144 0.057630 0.357717 0.141162 0.022706 -0.053868 -0.038329 -0.251153 0.059498 -0.243242 -0.051191 -0.072518 0.472719 0.106095 0.317422 0.163653 0.193837 0.092465 0.182351 0.071088 0.556200 0.313809 0.179512 0.440617 0.039967 0.159619 -0.276459 0.033453 -0.164449 -0.245301 -0.176748 -0.425036 -0.317848 -0.336288 0.062081 -0.161474 -0.029683 0.165367 -0.024133 -0.212914 -0.265810 -0.165589 0.079734 -0.046148 -0.008172 -0.021986 0.122732 -0.078028 -0.218586 -0.105367 -0.183515 -0.193031 -0.052145 0.068139 -0.108713 0.072081
-0.272257 -0.342689 0.354924 0.161175 -0.028168 -0.093918 0.094445 -0.030581 0.166958 -0.332475 0.022153 -0.067624 -0.140492 -0.262000 0.458076 0.363286 -0.419301 -0.305891 0.304120 0.015311 1.000000 0.593558 0.538350 0.506326 0.403721 0.633769 0.384271 0.579273 -0.218374 -0.212417 0.736258 0.709680 -0.101346 0.227995 0.522669 0.336795 0.015121 -0.096252 0.159215 0.223682 0.295114 -0.126157 -0.314270 -0.220126 -0.284622 0.041147 -0.277768 -0.019640 -0.513205 -0.485342 0.074797 -0.278121 -0.370803 -0.071971 -0.315996 -0.236949 -0.268341 -0.113564 -0.571289 -0.279672 -0.412311 -0.473583 -0.319436 -0.277333 0.292499 -0.160564 -0.051113 0.339930 -0.070403 0.094270 0.030839 0.655557 -0.149776 0.115974 0.119370 0.145486 -0.028367 0.132338 -0.240385 -0.043100 -0.234622 -0.116847 0.391168 0.115670 0.454253 0.424096 0.148702 0.379345 0.291908 -0.070328 -0.190229 0.159927 0.163264 0.122494 -0.023519 -0.102422 0.205531 -0.118575 -0.344633 -0.344782 -0.086838 -0.286627 -0.310971 -0.129388 -0.215458 -0.051610 -0.118289 0.128933 0.040793 0.127989 0.443641 -0.127107 -0.216896 -0.152625 -0.161806 -0.208838
-0.231087 -0.465699 0.460531 0.188606 -0.122534 -0.041583 0.092279 -0.129255 0.043452 -0.436339 0.208523 -0.052619 -0.202810 -0.399264 0.445641 0.336090 -0.486164 -0.412124 0.334397 -0.111704 0.593558 1.000000 0.670251 0.550330 0.579455 0.751308 0.430517 0.634799 -0.259446 -0.213231 0.711164 0.770840 -0.244815 -0.010378 0.456776 0.103315 0.065686 -0.124384 0.352915 0.212134 0.261555 -0.081922 -0.038542 -0.033997 -0.157360 -0.055125 0.032722 -0.058377 -0.225158 -0.339475 0.424727 -0.063826 0.049939 0.129186 0.041427 0.177012 -0.310728 -0.092217 -0.626197 -0.402954 -0.515618 -0.677744 -0.370984 -0.405924 0.112156 -0.407717 -0.241502 0.163162 -0.270541 0.034500 0.041294 0.613228 -0.356959 -0.015026 -0.121857 -0.093345 -0.120498 -0.029840 -0.067428 -0.058611 -0.291616 -0.155945 0.482992 0.096298 0.623722 0.383041 0.299464 0.381989 0.439326 -0.059011 -0.204788 0.037458 0.110315 0.076427 0.208928 0.103191 0.512561 0.230197 -0.088389 -0.141198 -0.194381 -0.421541 -0.360600 -0.260749 -0.124541 0.029887 -0.246847 -0.033597 0.054347 0.172630 0.419695 -0.007411 -0.135700 -0.157955 -0.097371 0.123296
-0.151476 -0.676208 0.868401 0.315571 0.252040 0.162637 0.293427 -0.094635 0.342646 -0.210314 0.195720 -0.281569 -0.154712 -0.449108 0.543979 0.250789 -0.556594 -0.278755 0.585528 -0.221770 0.538350 0.670251 1.000000 0.814277 0.605806 0.621549 0.587751 0.673426 -0.404689 -0.361887 0.692260 0.662042 -0.331393 -0.142303 0.542636 0.314586 -0.128652 -0.249256 0.311041 0.142092 0.017743 -0.252744 -0.110978 -0.082255 -0.147103 -0.043035 0.059950 0.040516 -0.119577 -0.338605 0.459325 -0.126702 0.012331 0.134540 -0.053810 -0.042594 -0.347246 -0.112164 -0.527051 -0.614469 -0.482544 -0.766235 -0.553629 -0.483728 0.257585 -0.386795 -0.168740 0.017478 -0.315136 0.038191 0.136040 0.423985 -0.450949 -0.094879 -0.364946 -0.108311 -0.343484 -0.079396 -0.177823 -0.044279 -0.400754 -0.318578 0.379152 -0.163573 0.585524 0.140780 0.351856 0.268039 0.511597 -0.081340 -0.161831 0.275580 0.284221 0.458726 0.070324 -0.005697 0.223051 -0.040788 -0.227231 -0.329972 -0.194496 -0.192475 -0.415949 -0.300473 -0.249772 -0.044586 -0.238797 -0.276567 0.042552 0.175685 0.352039 -0.005668 -0.200785 -0.213510 -0.118498 -0.004270
-0.387277 -0.459834 0.643478 0.487666 0.311509 0.245069 0.134951 0.126593 0.390412 0.035225 0.082175 -0.203256 -0.215657 -0.257645 0.523426 0.374118 -0.422550 -0.202707 0.237977 -0.350753 0.506326 0.550330 0.814277 1.000000 0.513995 0.590649 0.543260 0.551442 -0.505940 -0.405275 0.521647 0.520053 -0.391996 -0.207738 0.381998 0.295170 -0.087056 -0.155492 0.153732 0.281879 -0.107656 -0.409142 -0.243173 -0.128127 -0.213296 0.061045 -0.075651 0.072361 -0.300705 -0.391675 0.280076 -0.198687 -0.090115 -0.007720 -0.114993 -0.148653 -0.234910 -0.101341 -0.583554 -0.465660 -0.460429 -0.597458 -0.506486 -0.367147 0.215029 -0.099922 -0.250236 0.222567 -0.230561 0.162371 0.123432 0.350246 -0.520499 -0.113498 -0.318164 -0.135226 -0.477654 -0.195999 -0.194850 -0.104256 -0.401726 -0.273704 0.175100 -0.209281 0.413353 0.150769 0.344331 0.275784 0.453971 0.083307 -0.035695 0.316464 0.470092 0.521432 -0.035743 0.033430 0.118696 -0.190014 -0.261427 -0.310405 0.035067 -0.184209 -0.359534 -0.313536 -0.272136 -0.157074 -0.246402 -0.264704 0.140467 0.104922 0.272346 0.003817 -0.133865 -0.052425 -0.130317 -0.110348
-0.077751 -0.397942 0.506208 0.161924 0.303968 0.420527 0.106046 -0.149279 0.370886 -0.067545 0.197264 -0.183902 -0.140073 -0.411058 0.401052 0.185816 -0.497508 -0.488939 0.153061 -0.131227 0.403721 0.579455 0.605806 0.513995 1.000000 0.700335 0.710697 0.635367 -0.380263 -0.410586 0.457484 0.418922 -0.224796 -0.158848 0.411018 0.200949 -0.308881 -0.299861 0.209029 -0.105013 -0.064492 -0.229330 0.052263 -0.001836 -0.026008 0.012699 0.048308 -0.004884 0.011806 -0.121312 0.392650 -0.070846 0.095691 0.143619 -0.119732 0.071809 -0.141580 -0.007264 -0.353994 -0.319326 -0.386090 -0.654485 -0.467999 -0.638124 0.151831 -0.289636 -0.105183 0.000236 -0.106673 0.054423 0.010829 0.272162 -0.435938 -0.088665 -0.299029 -0.064449 -0.287529 -0.087362 -0.221454 0.055299 -0.358715 -0.355196 0.369018 -0.053597 0.374385 0.136436 0.323832 0.152506 0.133566 0.116386 -0.070782 0.131544 0.274446 0.287968 -0.142851 -0.192000 0.231337 -0.019952 -0.133834 -0.177405 0.065415 -0.090281 -0.070216 -0.028811 -0.082643 -0.116606 -0.107080 0.004785 -0.076637 -0.164269 0.237792 0.001906 0.096386 0.027028 -0.185247 0.089521
-0.280103 -0.383784 0.368959 0.145801 -0.140816 0.087126 -0.117528 -0.202778 0.079220 -0.448600 -0.018850 -0.119216 -0.419735 -0.472488 0.296308 0.303730 -0.479660 -0.413496 0.195727 -0.147409 0.633769 0.751308 0.621549 0.590649 0.700335 1.000000 0.572410 0.748573 -0.337428 -0.279648 0.688602 0.736109 -0.168992 -0.009425 0.612142 0.202440 0.044650 -0.072506 0.334339 0.141742 0.315287 -0.124144 -0.058005 -0.070264 -0.114114 0.056679 0.026721 -0.083110 -0.247270 -0.384911 0.480586 -0.136307 0.005121 0.077440 0.024930 0.145008 -0.049019 0.144447 -0.590670 -0.371288 -0.531511 -0.685854 -0.402395 -0.473743 0.134980 -0.256073 -0.148385 0.135533 -0.206028 -0.078589 -0.025020 0.538108 -0.391592 0.049008 -0.088925 -0.001692 -0.090486 0.080223 -0.037990 0.064939 -0.363455 -0.244563 0.368592 -0.005983 0.615164 0.445953 0.370493 0.371199 0.346355 0.026628 -0.346065 0.023652 0.135654 0.115381 -0.088963 -0.039961 0.528567 0.010714 -0.116540 -0.170881 -0.100561 -0.409448 -0.324448 -0.228405 -0.044046 -0.007961 -0.129952 -0.100631 0.083162 0.115665 0.539155 -0.072479 0.002472 -0.150095 -0.140317 0.114340
0.002903 -0.361043 0.490225 0.322313 0.375313 0.643869 0.168337 -0.060936 0.194835 0.046417 0.065054 -0.340258 -0.237721 -0.538806 0.229585 0.042705 -0.512132 -0.485247 0.206337 -0.129394 0.384271 0.430517 0.587751 0.543260 0.710697 0.572410 1.000000 0.632164 -0.505235 -0.592223 0.360700 0.320635 -0.264037 -0.160791 0.424584 0.245738 -0.352929 -0.126154 0.250081 0.052428 -0.224277 -0.152002 -0.180670 -0.288350 -0.170169 -0.047916 -0.184905 -0.135658 -0.119966 -0.258568 0.272036 -0.153237 0.100792 0.198103 -0.087028 -0.130198 -0.065930 0.023415 -0.367999 -0.275456 -0.418702 -0.629612 -0.427536 -0.528150 0.103574 -0.268438 -0.110031 0.062074 -0.059189 0.116384 0.097426 0.102062 -0.448892 -0.200761 -0.335455 -0.249806 -0.399767 -0.063517 -0.258223 -0.077256 -0.428421 -0.420547 0.313955 -0.123096 0.365959 0.144842 0.265561 0.284735 0.186260 0.269457 0.000517 0.348756 0.456019 0.520512 -0.160153 -0.228806 -0.024784 -0.128855 -0.261193 -0.194418 0.165823 0.115611 0.056921 0.121895 0.102379 0.150008 -0.243871 0.046525 -0.091717 -0.057113 0.214838 -0.035292 0.071068 0.011398 0.032074 0.110874
0.011631 -0.494064 0.487228 0.151100 0.012001 0.149808 0.023216 -0.216938 0.158616 -0.310271 0.185250 -0.157588 -0.233436 -0.506522 0.413865 0.207313 -0.505430 -0.374770 0.318311 -0.225712 0.579273 0.634799 0.673426 0.551442 0.635367 0.748573 0.632164 1.000000 -0.276637 -0.389552 0.617313 0.617536 -0.235956 -0.022227 0.523189 0.341498 -0.183393 -0.140178 0.213515 0.132416 0.102638 -0.147832 -0.078747 -0.102107 -0.063865 0.109114 0.059380 0.008319 -0.090971 -0.304597 0.463584 -0.062300 0.094060 0.166806 0.045525 0.025224 -0.053548 0.054377 -0.477308 -0.468462 -0.459609 -0.707733 -0.508828 -0.587581 0.192818 -0.273556 -0.189444 0.055563 -0.186613 0.024145 -0.020502 0.467951 -0.401116 -0.106946 -0.159974 -0.047406 -0.126064 0.035585 -0.130640 0.025140 -0.440762 -0.386793 0.543174 -0.098117 0.636236 0.330334 0.409454 0.483637 0.419962 -0.018356 -0.222043 0.162552 0.112137 0.213140 -0.168094 -0.171954 0.238664 -0.151858 -0.173198 -0.102956 -0.234526 -0.249654 -0.406534 -0.139702 -0.131616 -0.018992 -0.259303 0.062987 0.037781 0.140300 0.432372 0.068651 -0.030529 -0.209746 -0.166550 0.031550
0.359527 0.204160 -0.381466 -0.168889 -0.343696 -0.367583 -0.090410 -0.097966 -0.248460 -0.186492 0.249470 0.428453 0.220576 0.209542 -0.139106 -0.008312 0.560470 0.489083 -0.067304 0.547185 -0.218374 -0.259446 -0.404689 -0.505940 -0.380263 -0.337428 -0.505235 -0.276637 1.000000 0.673105 -0.216010 -0.110268 0.305159 0.278521 -0.265485 -0.213021 0.334942 0.050112 -0.009428 -0.261461 0.250804 0.448178 0.021622 -0.068509 -0.162739 -0.276480 0.043999 -0.181275 -0.040234 -0.055919 -0.239602 -0.166811 -0.132177 -0.254179 0.175735 0.158087 0.260657 0.115028 0.226166 -0.071617 0.248508 0.287831 0.418522 0.223959 -0.061655 0.002159 -0.100386 -0.320748 0.108953 -0.172578 -0.049867 -0.185618 0.691001 0.165185 0.339027 0.244287 0.397255 0.189739 0.416187 0.428929 0.554022 0.431208 0.074330 0.353551 -0.021365 0.064737 -0.154387 -0.276342 -0.073832 -0.306224 -0.257788 -0.508709 -0.474778 -0.532278 0.216310 0.181612 0.062282 0.267673 0.010171 -0.018154 -0.449239 -0.229771 0.080805 -0.025394 0.235556 0.176844 0.127853 -0.034417 -0.106017 0.201506 -0.118267 -0.012742 -0.004645 0.122627 0.078452 0.204627
-0.033292 0.243339 -0.281119 -0.088713 -0.325585 -0.443510 -0.097247 0.033590 -0.200533 -0.113397 -0.030736 0.479195 0.064906 0.368622 -0.132270 0.161288 0.317741 0.495200 0.072236 0.414454 -0.212417 -0.213231 -0.361887 -0.405275 -0.410586 -0.279648 -0.592223 -0.389552 0.673105 1.000000 -0.077968 -0.037313 0.351734 0.299794 -0.348211 -0.334900 0.447202 0.134192 -0.012759 -0.174287 0.371240 0.459198 0.023441 0.048957 -0.093309 -0.144961 0.056772 -0.182946 -0.045898 0.029954 -0.232268 -0.102334 -0.251928 -0.315744 -0.013186 0.118946 -0.083249 -0.117951 0.209204 0.077833 0.167316 0.392594 0.423760 0.469794 -0.038588 0.089409 0.098552 -0.125564 0.004858 -0.298155 -0.148675 -0.122132 0.653509 0.172631 0.266968 0.141851 0.229458 0.047094 0.351066 0.304561 0.567541 0.642026 -0.019764 0.453684 -0.091155 0.180550 -0.018869 -0.226123 -0.118918 -0.217002 -0.218653 -0.519799 -0.408468 -0.525492 0.265105 0.147584 0.150560 0.256234 0.027373 -0.104865 -0.246762 -0.258851 -0.071123 -0.285027 -0.031750 -0.044770 0.323674 -0.207776 -0.191677 0.063963 -0.160194 -0.223925 -0.182090 -0.087643 -0.046967 0.001438
-0.187148 -0.491366 0.575617 0.102521 -0.135132 -0.214343 0.105054 -0.167538 0.117499 -0.453466 0.088302 -0.137854 -0.304526 -0.335443 0.460837 0.351884 -0.621252 -0.312528 0.582333 -0.025135 0.736258 0.711164 0.692260 0.521647 0.457484 0.688602 0.360700 0.617313 -0.216010 -0.077968 1.000000 0.881315 0.001725 0.169347 0.472655 0.096358 0.009122 -0.226193 0.191835 -0.028976 0.354001 0.034218 -0.075792 0.000672 -0.113179 0.039954 -0.089101 -0.014754 -0.272762 -0.339730 0.357961 -0.100487 -0.226409 0.027421 -0.193189 -0.055443 -0.416699 -0.186212 -0.516547 -0.411995 -0.426927 -0.542994 -0.325142 -0.262966 0.281837 -0.321535 -0.094419 0.114440 -0.260149 -0.119447 0.067371 0.753917 -0.149663 0.108882 0.003660 0.128362 -0.072905 0.063758 -0.054709 0.009735 -0.303042 -0.135658 0.459858 0.063586 0.634056 0.383875 0.296839 0.261667 0.450932 -0.206285 -0.300861 0.051371 -0.007541 0.034134 0.082251 -0.048967 0.371195 0.057775 -0.225109 -0.326754 -0.334235 -0.445755 -0.461097 -0.436173 -0.198352 0.044854 -0.083867 -0.152234 -0.094977 0.219142 0.409984 -0.201326 -0.239068 -0.222149 -0.174141 0.021151
-0.220455 -0.418785 0.429974 0.105194 -0.327245 -0.270959 -0.057391 -0.161259 -0.039698 -0.593817 0.130955 -0.033439 -0.361888 -0.415783 0.326626 0.330091 -0.473065 -0.212935 0.407943 0.039094 0.709680 0.770840 0.662042 0.520053 0.418922 0.736109 0.320635 0.617536 -0.110268 -0.037313 0.881315 1.000000 -0.108029 0.191994 0.528282 0.067869 0.116377 -0.130413 0.226251 0.021941 0.387066 -0.004431 -0.162066 -0.031924 -0.172422 -0.009389 -0.051285 -0.103331 -0.362705 -0.436713 0.336607 -0.237645 -0.193182 -0.024054 -0.084049 -0.007472 -0.272471 -0.036576 -0.612222 -0.376761 -0.566356 -0.588366 -0.306264 -0.249341 0.117350 -0.436195 -0.105900 0.199126 -0.217360 -0.057288 0.006862 0.761090 -0.144757 0.171805 0.110906 0.089088 0.009276 0.224269 0.122248 0.071412 -0.177906 -0.007611 0.528337 0.182442 0.738936 0.532321 0.334262 0.319520 0.431234 -0.256473 -0.404070 -0.069373 0.026143 -0.051425 0.127334 0.054556 0.428047 0.165762 -0.250502 -0.333256 -0.361211 -0.543220 -0.448867 -0.372019 -0.112727 0.148386 -0.110342 -0.163201 -0.053885 0.349715 0.488425 -0.118602 -0.232701 -0.170977 -0.097305 0.086759
0.262968 0.164594 -0.205297 -0.258655 -0.075355 -0.169940 -0.086315 -0.151109 -0.306655 -0.085962 -0.307222 -0.014292 0.022286 0.081411 -0.280971 -0.237506 0.135250 0.022147 -0.062465 0.278079 -0.101346 -0.244815 -0.331393 -0.391996 -0.224796 -0.168992 -0.264037 -0.235956 0.305159 0.351734 0.001725 -0.108029 1.000000 0.702134 0.039110 -0.086240 0.228647 0.092225 -0.034652 -0.145398 0.264742 0.315218 0.044580 -0.125447 -0.083556 -0.190736 -0.237756 -0.174269 0.009768 -0.098957 -0.159484 -0.186743 -0.270173 -0.190671 -0.001352 -0.106546 0.116760 0.041857 0.482209 0.293764 0.215179 0.322355 0.442211 0.112146 -0.005502 0.004719 0.560975 -0.080471 0.335323 -0.174423 -0.202548 -0.055254 0.533246 -0.005795 0.129626 0.216791 0.379061 0.205479 0.334875 0.307803 0.333904 0.461312 -0.267533 -0.003659 -0.323416 -0.164322 -0.258693 -0.101918 -0.176843 -0.207406 -0.257885 -0.398107 -0.346872 -0.369995 -0.014758 -0.156280 0.154605 -0.132894 -0.144128 -0.166473 -0.159276 -0.058351 0.123814 0.100276 0.104387 0.022721 0.223945 0.055649 -0.097723 -0.235471 -0.024321 -0.159772 0.027437 -0.083610 -0.127320 -0.002192
0.189567 0.019876 -0.172153 -0.225355 -0.199105 -0.241929 -0.030913 -0.092951 -0.380938 -0.234316 -0.268474 -0.013368 -0.034540 -0.079493 -0.173512 -0.201589 0.113573 0.011476 0.004672 0.333529 0.227995 -0.010378 -0.142303 -0.207738 -0.158848 -0.009425 -0.160791 -0.022227 0.278521 0.299794 0.169347 0.191994 0.702134 1.000000 0.254274 0.267493 0.085641 0.127428 -0.146778 -0.120685 0.275799 0.176889 -0.142685 -0.183710 -0.206567 -0.127449 -0.370568 -0.121444 -0.352752 -0.355777 -0.298964 -0.466147 -0.377659 -0.338087 -0.159266 -0.315849 0.171916 0.121183 0.127512 0.239692 -0.019055 0.118168 0.271974 0.060750 -0.016578 -0.207303 0.470106 0.211783 0.468908 0.215280 -0.269527 0.224914 0.351153 0.010488 0.104985 0.239669 0.320815 0.324362 0.370155 0.296977 0.352782 0.440558 -0.020173 0.113464 -0.084256 -0.009388 -0.168558 0.103577 -0.058979 -0.382744 -0.276161 -0.360392 -0.246141 -0.326494 -0.029615 -0.194924 0.057891 -0.219686 -0.335432 -0.349228 -0.247185 -0.139915 0.048754 0.168669 0.103885 0.109255 0.258800 0.218499 -0.226781 0.003746 0.166183 -0.086129 -0.118460 -0.074021 0.045307 -0.045465
-0.084948 -0.537825 0.388004 -0.015564 -0.062166 0.028232 0.065930 -0.212422 -0.038079 -0.454240 -0.146893 -0.248130 -0.246063 -0.503705 0.075899 -0.074989 -0.406972 -0.348990 0.332971 -0.181585 0.522669 0.456776 0.542636 0.381998 0.411018 0.612142 0.424584 0.523189 -0.265485 -0.348211 0.472655 0.528282 0.039110 0.254274 1.000000 0.572942 -0.051563 0.058044 0.252439 0.086011 0.221068 -0.246117 -0.161462 -0.155405 -0.138426 -0.084079 -0.080729 -0.042894 -0.258816 -0.455069 0.308167 -0.206263 -0.051815 0.096942 0.146164 -0.047848 -0.066776 0.059715 -0.372211 -0.260865 -0.500517 -0.550726 -0.272037 -0.488196 0.009184 -0.350655 0.224787 0.299101 -0.118209 0.032087 -0.133210 0.434261 -0.295066 -0.179262 -0.239532 -0.085063 0.051388 0.244390 -0.024304 0.032835 -0.353835 -0.233176 0.146542 -0.230883 0.416736 0.177316 0.129288 0.161909 0.252926 -0.173188 -0.201044 0.214151 0.182926 0.217775 0.005601 -0.099964 0.279398 -0.143000 -0.282320 -0.224073 -0.073443 -0.185928 -0.164109 0.058392 0.267592 0.181250 -0.022578 0.022328 0.065655 0.253083 0.515535 0.015665 0.061129 -0.103086 0.152953 0.151326
0.012426 -0.378565 0.254367 -0.029364 0.261687 0.160316 0.161070 -0.093474 0.102928 0.003479 0.002021 -0.218020 0.140931 -0.137067 0.180633 -0.150693 -0.082027 -0.050159 0.176053 -0.218065 0.336795 0.103315 0.314586 0.295170 0.200949 0.202440 0.245738 0.341498 -0.213021 -0.334900 0.096358 0.067869 -0.086240 0.267493 0.572942 1.000000 -0.320788 0.044501 -0.231814 0.077119 -0.154842 -0.368749 -0.146812 -0.124528 -0.055616 0.143016 -0.106553 0.167100 -0.223287 -0.293199 -0.003020 -0.151959 -0.053040 0.028126 -0.101316 -0.291530 0.009975 0.100417 -0.148067 -0.196732 -0.125434 -0.298967 -0.269358 -0.403058 0.127226 -0.046769 0.160888 0.319077 0.059630 0.356951 -0.108343 0.206242 -0.321485 -0.038205 -0.217890 0.059238 -0.042986 0.138599 -0.263596 -0.062862 -0.295938 -0.329589 -0.046834 -0.378107 -0.031417 -0.187060 0.030433 0.152642 0.053487 -0.192807 0.073485 0.347267 0.181446 0.348812 -0.221024 -0.198750 -0.126328 -0.510383 -0.290304 -0.253443 -0.000065 0.140410 -0.098068 0.226799 0.028199 -0.078722 -0.004064 0.258060 0.079802 0.104045 0.272863 0.095832 -0.012097 -0.040441 0.136227 -0.069221
