1.000000 0.681496 -0.223436 -0.674516 -0.056620 0.355589 -0.158198 -0.176015 -0.464104 0.258024 0.106751 0.060042 0.323053 0.147761 -0.300522 -0.290560 0.732064 0.707007 0.292539 0.148516 -0.296213 -0.185615 -0.395676 -0.468060 0.331912 0.116914 -0.133670 0.198366 0.397031 0.004720 -0.079652 -0.219307 0.468545 0.163839 -0.330680 -0.461744 -0.092736 -0.358620 -0.213639 -0.219107 -0.079694 -0.246634 -0.396527 -0.428285 -0.329913 -0.462304 -0.346179 -0.367477 -0.112570 -0.289010 -0.149593 -0.192513 0.012479 -0.058115 -0.151601 -0.182920 0.798833 0.669006 0.537426 0.033432 0.613788 0.322144 0.224003 0.513519 0.267718 -0.175424 0.029318 -0.560031 0.446182 0.164454 -0.201315 -0.178573 0.296129 -0.184143 -0.064999 -0.349223 -0.096796 -0.421566 0.570336 0.546202 0.519636 0.612368 0.028458 -0.182222 0.391403 0.020423 0.266305 0.033089 0.058842 -0.192319 -0.274260 -0.321037 -0.078848 -0.155601 -0.281141 -0.103076 -0.145338 0.015507 -0.168034 -0.047280 0.218167 0.053676 0.165331 -0.178450 -0.352942 -0.264665 -0.272089 -0.180820 -0.047224 -0.350541 -0.328102 -0.027566 0.057781 0.163602 -0.067011 -0.046911
0.681496 1.000000 -0.674454 -0.639127 -0.239671 0.220942 -0.152729 -0.275515 -0.398952 0.123483 -0.343274 -0.209089 0.040405 -0.005299 -0.560453 -0.481570 0.708323 0.667750 -0.062442 0.276880 -0.466957 -0.318303 -0.619371 -0.703100 0.309085 -0.144161 -0.103379 0.117304 0.207389 0.005442 -0.279834 -0.345500 0.464508 0.127822 -0.490008 -0.589920 0.028807 -0.293565 -0.261229 -0.165058 0.030509 -0.188089 -0.170022 -0.236022 0.067731 -0.107868 -0.005688 -0.166493 0.040566 0.142713 0.140508 0.242375 0.399187 0.315551 0.091479 0.124562 0.723606 0.701413 0.158175 0.457758 0.234894 0.290965 0.563181 0.769993 -0.235573 -0.379305 0.294711 -0.272790 0.574203 0.404856 -0.200394 -0.215285 0.200112 -0.051339 -0.148123 -0.301911 -0.186817 -0.388225 0.367148 0.467930 0.604767 0.661588 -0.032876 0.194951 0.165001 -0.015853 0.145170 0.071264 -0.383665 -0.179912 -0.095807 -0.324765 -0.282323 -0.330473 -0.255767 -0.145950 -0.019416 0.152984 0.308626 0.264494 0.236364 0.089076 0.453092 0.069261 -0.076402 -0.293162 -0.077833 -0.025217 -0.042230 -0.348725 -0.447788 0.226295 0.281017 0.299136 -0.156742 -0.012854
-0.223436 -0.674454 1.000000 0.389499 0.343346 -0.071971 0.414537 0.337159 0.386869 0.101130 0.433905 0.302373 0.356917 0.117949 0.693047 0.579113 -0.319735 -0.341331 0.332065 -0.371960 0.385866 0.334861 0.532369 0.522581 -0.279829 0.150711 0.165544 0.024855 0.004218 -0.070250 0.238517 0.193747 -0.275631 0.001894 0.399002 0.510240 -0.258208 -0.061514 0.045029 -0.084372 -0.263364 -0.130927 -0.220878 -0.157409 -0.431344 -0.341187 -0.362208 -0.222379 -0.073240 -0.445517 -0.261573 -0.461240 -0.541181 -0.467988 -0.276716 -0.394612 -0.400648 -0.433415 0.339587 -0.578112 0.233861 -0.065531 -0.627482 -0.623939 0.540660 0.524285 -0.454558 -0.129133 -0.496726 -0.460648 0.201931 0.085073 -0.125561 -0.032133 0.147726 0.211069 0.265738 0.271595 -0.186502 -0.243230 -0.479926 -0.399020 0.026242 -0.414277 -0.101579 -0.115704 -0.134773 -0.225083 0.686971 0.161153 -0.037677 0.382961 0.298986 0.387441 0.012174 -0.031324 -0.236854 -0.408514 -0.531291 -0.432322 -0.204316 -0.038680 -0.509420 -0.314289 -0.228172 0.023407 -0.108637 -0.178379 -0.099188 0.011370 0.190535 -0.493548 -0.334529 -0.295052 0.124889 -0.177154
-0.674516 -0.639127 0.389499 1.000000 -0.067495 -0.066086 0.188817 0.476078 0.257405 -0.128186 0.167105 0.370227 -0.315172 0.241465 0.367799 0.477843 -0.646404 -0.629769 0.046329 -0.258973 0.566706 0.526471 0.637401 0.792723 -0.280986 0.231451 0.372923 0.202551 -0.225817 0.023210 0.466518 0.539734 -0.456983 0.037547 0.334909 0.554147 -0.195574 0.146951 0.025621 -0.060632 -0.135532 0.236115 0.075810 0.316539 -0.162391 0.024855 0.019819 0.243589 -0.093126 -0.100381 0.026096 -0.085993 -0.285028 -0.028688 -0.090227 -0.152518 -0.693480 -0.724932 -0.367337 -0.444141 -0.422875 -0.402163 -0.405697 -0.670975 0.077572 0.353482 -0.316844 0.171301 -0.611474 -0.312484 0.192246 0.413374 -0.222314 0.219600 0.206004 0.364163 0.141672 0.329056 -0.446422 -0.441191 -0.608709 -0.747703 -0.156858 -0.173161 -0.288213 0.046858 -0.289752 0.008534 0.085479 0.020643 0.099672 0.292147 0.270046 0.042291 0.043752 -0.075679 -0.198242 -0.177778 -0.237708 -0.205147 -0.352993 -0.334308 -0.374203 -0.242479 -0.023840 0.140607 0.317597 0.014854 -0.211458 0.127518 0.349094 -0.224373 -0.225105 -0.301499 0.109490 -0.129857
-0.056620 -0.239671 0.343346 -0.067495 1.000000 0.091802 0.311796 0.254997 0.457505 0.018886 0.020078 -0.067183 0.369987 -0.166086 0.119967 -0.148415 -0.097203 -0.104317 -0.056638 -0.210311 -0.060167 -0.035528 -0.118062 -0.015811 0.342630 0.118191 -0.085837 -0.190212 -0.086440 -0.155646 -0.291082 -0.224409 0.035266 -0.043678 0.210656 0.148332 -0.198123 -0.097432 0.059435 0.145481 -0.112302 -0.029194 -0.214495 -0.299805 -0.014101 -0.035409 -0.236511 -0.390629 0.224055 -0.059643 0.040607 -0.126107 -0.064609 -0.320923 -0.158262 -0.173889 -0.109622 -0.065797 0.387250 0.060254 0.253358 0.121592 -0.176839 -0.092726 0.194386 0.292925 -0.020215 0.043286 -0.155908 -0.166447 0.097726 -0.249059 -0.140922 -0.096300 -0.032343 0.064206 -0.009042 0.036189 -0.305701 -0.208566 -0.252360 -0.133172 0.023172 -0.051715 -0.200405 -0.163792 -0.276816 -0.281238 0.304365 0.160586 0.078045 0.297022 0.207900 0.382677 -0.145561 -0.051585 -0.097221 -0.297947 -0.189612 -0.189111 -0.109069 0.246798 -0.361894 0.069408 -0.149242 -0.162132 -0.067922 -0.182892 -0.034988 -0.257772 -0.093882 -0.300273 -0.128781 -0.265178 -0.109450 0.032506
0.355589 0.220942 -0.071971 -0.066086 0.091802 1.000000 -0.118107 0.363196 -0.604882 0.227378 0.086905 0.326944 -0.048097 0.384546 -0.425161 -0.308761 0.061127 0.018311 0.372384 -0.064080 0.177347 0.480191 -0.055426 0.025678 0.677807 0.720344 0.453035 0.755845 -0.104244 -0.095607 0.498554 0.418150 0.167834 0.278411 0.020859 0.093870 -0.325152 -0.212071 -0.203848 -0.140255 -0.265696 0.097744 -0.226011 -0.152340 -0.310884 -0.283578 -0.248098 -0.175452 -0.075598 -0.280727 -0.042097 -0.142895 -0.208317 0.036432 -0.264312 -0.257595 0.171408 -0.008481 0.335871 -0.117068 0.241226 -0.034637 -0.106084 -0.092971 0.308711 0.157492 -0.042240 -0.234484 -0.018068 -0.153653 0.013775 0.356379 -0.118446 -0.016364 -0.056015 -0.141873 -0.199221 -0.286389 0.047260 0.006881 -0.011985 -0.060342 -0.052512 -0.487913 0.139636 0.055451 0.266942 0.247159 -0.092394 -0.332916 -0.288468 -0.161641 -0.092728 -0.245902 -0.398685 -0.223249 -0.181867 -0.102392 -0.258851 -0.014950 0.070983 -0.131467 -0.014663 -0.230414 -0.380164 -0.295398 0.239122 0.097078 -0.077536 -0.255659 -0.095207 -0.109486 -0.100502 -0.267849 -0.266429 -0.388749
-0.158198 -0.152729 0.414537 0.188817 0.311796 -0.118107 1.000000 0.426464 0.419288 0.210666 -0.152658 -0.082257 0.268257 -0.063332 0.147093 0.062228 0.064369 -0.097081 0.028654 -0.314924 0.210977 0.092773 0.212631 0.032089 -0.027491 -0.057835 0.319489 0.000175 0.119221 0.006119 0.072884 0.095839 0.117228 0.171739 0.077171 0.055269 -0.200289 -0.261026 -0.066988 -0.321454 -0.145687 -0.121319 -0.232139 -0.191406 -0.022984 -0.116611 -0.056361 -0.346085 0.016678 -0.016143 0.177398 -0.093472 -0.099506 -0.054742 -0.084823 -0.177967 -0.170713 -0.192488 0.133334 -0.080786 0.126020 0.018939 0.057448 -0.013828 0.240760 0.133570 -0.065045 -0.096319 -0.351961 -0.374616 0.108630 0.089739 0.146829 0.126880 0.144915 0.267699 0.126982 0.044753 -0.193119 -0.132687 -0.219072 -0.113049 -0.334154 -0.171384 -0.200372 -0.116595 -0.370034 -0.391816 0.166949 -0.066214 -0.210896 0.019418 -0.090471 -0.070110 -0.297957 -0.089152 -0.205713 -0.530113 -0.168379 -0.207016 -0.327024 -0.129101 -0.276033 -0.245513 -0.284590 -0.307087 -0.086012 -0.278194 -0.129360 -0.260873 -0.156436 -0.174738 -0.031644 -0.037616 -0.169400 -0.049092
-0.176015 -0.275515 0.337159 0.476078 0.254997 0.363196 0.426464 1.000000 0.007817 0.326122 0.189312 0.498471 0.269643 0.540260 0.071780 0.195492 -0.258522 -0.220915 0.082892 -0.232143 0.514962 0.573607 0.121965 0.327641 0.143715 0.402549 0.341907 0.278433 0.056285 0.255339 0.567383 0.554709 -0.198428 0.299474 0.246320 0.437964 -0.385282 -0.023683 -0.168367 -0.178103 -0.169465 0.214206 -0.287714 -0.072919 -0.361554 -0.285764 -0.355141 -0.108672 -0.157197 -0.340947 -0.237042 -0.325369 -0.384936 -0.185908 -0.354488 -0.468615 -0.363354 -0.531409 0.090653 -0.332416 0.202315 0.193608 -0.270549 -0.298422 0.293869 0.580644 -0.475991 -0.146177 -0.660557 -0.491778 0.207004 0.512847 0.010757 0.385719 0.289253 0.462564 0.117209 0.193564 -0.305587 -0.381952 -0.470974 -0.471793 -0.182168 -0.407335 -0.225374 -0.157280 -0.167010 -0.067373 0.084735 -0.123120 -0.203366 0.063586 0.186292 -0.110333 -0.308093 -0.104658 -0.404555 -0.333327 -0.503795 -0.300489 -0.089912 -0.199271 -0.320712 -0.327184 -0.265406 -0.165931 0.150213 0.030249 -0.314129 -0.122726 0.095998 -0.348919 -0.182996 -0.301558 0.043151 -0.078843
-0.464104 -0.398952 0.386869 0.257405 0.457505 -0.604882 0.419288 0.007817 1.000000 0.043431 -0.029242 -0.249756 0.233977 -0.328811 0.610888 0.441321 -0.259743 -0.281227 -0.263397 -0.149716 0.105593 -0.125256 0.175872 0.184128 -0.505351 -0.415456 -0.181756 -0.504640 -0.089607 -0.073433 -0.434633 -0.309894 -0.242250 -0.303536 0.123486 0.116607 -0.123283 0.061334 0.078614 0.041266 -0.095838 -0.086487 -0.025409 -0.064238 0.143248 0.120492 0.073317 -0.061913 0.293193 0.183216 0.194077 0.119911 0.091929 -0.147376 0.012738 0.038204 -0.387290 -0.198725 -0.038232 0.106427 -0.110350 0.012983 -0.264818 -0.195970 -0.058150 0.138417 -0.029112 0.192246 -0.260394 -0.108014 0.204463 -0.231310 -0.200005 -0.074435 -0.027001 0.260277 0.110525 0.306885 -0.352028 -0.313989 -0.417307 -0.330044 -0.025998 0.161576 -0.337749 -0.246721 -0.503331 -0.497227 0.230402 0.355884 0.381176 0.473305 0.236673 0.399247 0.169175 -0.002927 -0.002711 -0.246239 0.049734 -0.156674 -0.332504 0.108341 -0.324623 0.057416 0.159369 -0.094485 -0.171896 -0.202922 -0.023159 -0.041911 0.055345 -0.221288 0.023826 -0.078921 0.022572 -0.001357
0.258024 0.123483 0.101130 -0.128186 0.018886 0.227378 0.210666 0.326122 0.043431 1.000000 0.090988 0.246930 0.338764 0.407383 0.039737 0.245474 0.154181 0.221110 0.129765 0.088662 0.186394 0.179916 -0.080129 -0.000335 -0.040760 0.276683 0.155479 0.235810 0.361544 0.205385 0.289024 0.242932 -0.002499 0.204816 -0.087908 0.050159 -0.384512 -0.270107 -0.375779 -0.252570 -0.358997 -0.165383 -0.403975 -0.286154 -0.187073 -0.250870 -0.391369 -0.151645 -0.208647 -0.210911 -0.276171 -0.173969 -0.167323 -0.126598 -0.456941 -0.502047 0.094040 0.029646 0.272318 -0.000462 0.267278 0.348606 -0.189258 0.041396 0.200912 0.106409 -0.217506 -0.271397 -0.194221 -0.200505 0.256546 0.309705 0.076285 0.038897 -0.016651 0.067028 -0.100303 -0.063497 0.110515 0.044322 -0.062047 0.023219 -0.063483 -0.400786 0.056918 -0.188572 0.032428 -0.220466 -0.200338 -0.347057 -0.189211 -0.049868 -0.004592 -0.254996 -0.302643 -0.126416 -0.448179 -0.213275 -0.355871 -0.209247 -0.096847 -0.252029 -0.075428 -0.288266 -0.384474 -0.334298 -0.034132 0.045951 -0.176774 -0.279366 -0.152741 -0.224890 -0.065344 -0.188429 -0.149423 -0.141040
0.106751 -0.343274 0.433905 0.167105 0.020078 0.086905 -0.152658 0.189312 -0.029242 0.090988 1.000000 0.646102 0.462532 0.497122 0.518133 0.509693 -0.180219 -0.069759 0.299790 -0.136765 0.264150 0.255370 0.359483 0.319187 -0.172625 0.178407 0.038288 0.041320 0.301551 0.317424 0.326438 0.148376 -0.371834 -0.108177 0.052771 0.211799 -0.166110 -0.045017 0.110628 -0.082411 -0.096927 -0.071951 -0.090761 -0.041910 -0.425309 -0.370804 -0.322072 -0.046402 -0.200919 -0.446154 -0.396341 -0.386768 -0.339825 -0.231543 -0.173461 -0.220918 -0.218668 -0.369082 0.239668 -0.483895 0.319366 0.274450 -0.487285 -0.373162 0.478463 0.336350 -0.563415 -0.405072 -0.390414 -0.401976 -0.124411 0.113679 0.103167 -0.006120 0.226389 0.129506 0.167720 0.017349 0.018439 -0.202452 -0.257387 -0.294613 0.241663 -0.435229 0.296103 -0.013907 0.223533 0.026578 0.512413 0.179781 -0.064942 -0.005282 0.268047 0.178264 0.121543 0.161113 -0.139476 -0.098226 -0.427418 -0.232565 0.187684 -0.049481 -0.172002 -0.292282 -0.146343 0.108334 -0.006094 -0.111390 -0.047717 0.134513 0.059928 -0.229648 -0.079388 -0.099539 0.292957 0.026181
0.060042 -0.209089 0.302373 0.370227 -0.067183 0.326944 -0.082257 0.498471 -0.249756 0.246930 0.646102 1.000000 0.163204 0.793899 0.189025 0.376328 -0.204741 0.038377 0.146467 -0.289586 0.324204 0.439447 0.303278 0.417427 0.036811 0.461804 0.235752 0.342430 0.252135 0.477934 0.578313 0.471081 -0.242318 0.290295 0.183203 0.430419 -0.190070 -0.012002 -0.022506 -0.064304 -0.020914 0.074090 -0.074197 0.054451 -0.502047 -0.371237 -0.299319 0.023700 -0.324258 -0.515673 -0.442602 -0.433962 -0.412176 -0.174574 -0.253123 -0.362466 -0.167937 -0.404869 0.026256 -0.637002 0.136332 0.075008 -0.406808 -0.366735 0.386687 0.445097 -0.631179 -0.373351 -0.517109 -0.479608 -0.025208 0.410549 0.153865 0.246460 0.346812 0.262782 0.166258 0.059687 0.060052 -0.059661 -0.213452 -0.274834 -0.007310 -0.505501 0.118448 0.134821 0.157162 0.226314 0.206411 -0.093880 -0.181478 -0.168175 0.362480 -0.096615 -0.127269 0.159012 -0.226275 -0.028398 -0.466563 -0.150623 0.091523 -0.361429 -0.286364 -0.482237 -0.331551 0.051044 0.091746 -0.027628 -0.167648 0.014234 0.139232 -0.235846 -0.027597 -0.126067 0.308288 -0.013912
0.323053 0.040405 0.356917 -0.315172 0.369987 -0.048097 0.268257 0.269643 0.233977 0.338764 0.462532 0.163204 1.000000 0.257412 0.305259 0.186495 0.297015 0.278663 0.055392 -0.114550 -0.097993 -0.111978 -0.163208 -0.302728 -0.108622 -0.190300 -0.188634 -0.261654 0.383033 0.274218 -0.094783 -0.282062 0.007798 -0.013589 -0.126777 -0.058472 -0.216535 -0.176467 -0.052553 -0.096976 -0.060877 -0.274866 -0.329093 -0.407417 -0.217486 -0.396278 -0.387175 -0.411878 0.032291 -0.308527 -0.293311 -0.299966 -0.090538 -0.294742 -0.118775 -0.229450 0.110428 0.057634 0.516154 -0.062555 0.714892 0.647452 -0.127579 0.174548 0.260900 0.228646 -0.364683 -0.442018 -0.174250 -0.278292 -0.113644 -0.153955 0.231591 -0.008406 0.084887 0.169211 0.156093 -0.010680 0.031002 -0.057810 -0.101981 0.074294 0.078537 -0.302086 -0.001140 -0.367659 -0.049016 -0.342923 0.446244 0.261917 -0.125778 0.037528 0.039619 0.190939 -0.083081 0.101090 -0.178426 -0.228784 -0.354575 -0.257637 0.286603 0.288084 -0.015489 -0.074673 -0.200333 -0.084311 -0.169167 -0.178265 -0.056918 -0.146069 -0.272517 -0.300273 0.006997 0.012215 0.132744 0.188264
0.147761 -0.005299 0.117949 0.241465 -0.166086 0.384546 -0.063332 0.540260 -0.328811 0.407383 0.497122 0.793899 0.257412 1.000000 0.037226 0.336774 -0.055370 0.186285 0.261892 -0.140330 0.288166 0.407611 0.163748 0.213520 0.049466 0.358774 0.238101 0.355191 0.401641 0.592634 0.650493 0.519423 -0.252118 0.260147 -0.124850 0.218730 -0.235370 -0.016227 -0.181630 -0.211719 -0.046366 0.119605 -0.206230 -0.053879 -0.522745 -0.482739 -0.337947 -0.010515 -0.364751 -0.503738 -0.467231 -0.356457 -0.339137 -0.049053 -0.258600 -0.376915 -0.028922 -0.288602 -0.025436 -0.493988 0.236470 0.288107 -0.231168 -0.118162 0.229652 0.289730 -0.666784 -0.489210 -0.457996 -0.371946 0.122841 0.531105 0.230695 0.318105 0.315523 0.277536 0.085564 0.002924 0.143137 -0.054419 -0.096794 -0.140531 -0.045896 -0.511102 0.080099 -0.093500 0.125778 0.127013 -0.001017 -0.150258 -0.292975 -0.158943 0.143727 -0.193740 -0.271171 0.028623 -0.349669 0.004105 -0.453050 -0.211388 0.171725 -0.227945 -0.046538 -0.389683 -0.304209 -0.039621 0.283199 0.102690 -0.087831 -0.057967 -0.022756 -0.270103 -0.103600 -0.048116 0.223689 -0.022490
-0.300522 -0.560453 0.693047 0.367799 0.119967 -0.425161 0.147093 0.071780 0.610888 0.039737 0.518133 0.189025 0.305259 0.037226 1.000000 0.824063 -0.369570 -0.290617 0.112218 -0.238166 0.397214 0.123097 0.524690 0.499455 -0.689298 -0.211274 -0.004001 -0.249476 0.063624 0.048224 -0.044428 -0.059081 -0.543352 -0.338448 0.135270 0.257803 -0.171014 0.005644 0.175355 -0.101273 -0.172052 -0.099729 0.019125 0.022648 -0.203685 -0.186206 -0.092282 0.042103 0.022987 -0.139282 -0.145510 -0.140315 -0.207422 -0.186304 -0.151721 -0.144129 -0.376286 -0.379387 0.046466 -0.416912 -0.027827 0.020946 -0.602137 -0.485469 0.274856 0.278223 -0.509742 -0.204590 -0.468039 -0.333535 0.236360 -0.057209 -0.184396 -0.052019 0.119305 0.270060 0.205423 0.311179 -0.181916 -0.345392 -0.392469 -0.372937 0.264034 -0.071410 0.032158 -0.111486 -0.160776 -0.306742 0.539829 0.365183 0.307514 0.417540 0.349927 0.398812 0.166363 -0.030511 -0.205764 -0.270259 -0.184630 -0.269443 -0.248122 -0.058291 -0.417287 -0.257553 0.018410 0.030058 -0.232644 -0.224816 -0.143001 0.049713 0.126752 -0.247532 -0.103306 -0.237347 0.247652 -0.068750
-0.290560 -0.481570 0.579113 0.477843 -0.148415 -0.308761 0.062228 0.195492 0.441321 0.245474 0.509693 0.376328 0.186495 0.336774 0.824063 1.000000 -0.374680 -0.256707 0.080713 -0.173785 0.465583 0.330130 0.499969 0.525915 -0.752567 -0.147021 0.024863 -0.124917 0.128388 0.225704 0.204503 0.170479 -0.599833 -0.261695 0.131588 0.318816 -0.232860 0.046172 -0.031422 -0.140628 -0.163177 -0.032607 -0.035915 0.069288 -0.284689 -0.206682 -0.141418 0.162413 -0.104268 -0.204230 -0.276696 -0.165722 -0.300559 -0.144261 -0.201267 -0.218827 -0.396968 -0.465385 -0.050345 -0.429962 -0.017672 0.098426 -0.568330 -0.480666 0.181598 0.348919 -0.559083 -0.174489 -0.535661 -0.353239 0.259692 0.167124 -0.135605 0.073938 0.199668 0.260021 0.168133 0.291315 -0.113223 -0.343344 -0.432853 -0.453382 0.146671 -0.208292 -0.090552 -0.160076 -0.145379 -0.262283 0.314790 0.205760 0.229525 0.358053 0.349379 0.232573 0.141208 -0.014896 -0.217229 -0.164808 -0.286235 -0.250041 -0.144681 -0.166496 -0.256075 -0.286277 0.036519 0.004370 -0.087946 -0.028590 -0.120060 0.099347 0.192395 -0.324480 -0.102285 -0.213700 0.271128 -0.199012
0.732064 0.708323 -0.319735 -0.646404 -0.097203 0.061127 0.064369 -0.258522 -0.259743 0.154181 -0.180219 -0.204741 0.297015 -0.055370 -0.369570 -0.374680 1.000000 0.790988 0.124523 0.136602 -0.330455 -0.398411 -0.422696 -0.611091 0.217794 -0.165580 -0.174994 -0.000094 0.549581 0.133739 -0.203373 -0.306715 0.568750 0.229094 -0.295398 -0.529481 0.173338 -0.303546 -0.140086 -0.240332 0.118211 -0.197049 -0.348763 -0.420427 -0.086677 -0.318701 -0.145870 -0.432496 -0.155278 -0.134303 -0.002017 -0.132237 0.079931 0.004440 -0.002790 -0.027710 0.742560 0.711245 0.307346 0.185809 0.521037 0.315974 0.575169 0.769298 0.080929 -0.350262 0.167508 -0.458925 0.415522 0.149135 -0.188620 -0.239554 0.585571 -0.064019 0.010300 -0.219231 0.066914 -0.268331 0.624988 0.658744 0.635917 0.801711 -0.068794 0.086187 0.224811 0.047880 0.141878 -0.063762 -0.088735 -0.168564 -0.370370 -0.378558 -0.231531 -0.257364 -0.311190 -0.059811 -0.111636 -0.029055 -0.001974 -0.040141 0.099022 0.009861 0.254077 -0.100843 -0.290240 -0.218848 -0.224618 -0.300196 -0.024014 -0.358398 -0.400655 0.083831 0.055593 0.346893 -0.087364 0.144479
0.707007 0.667750 -0.341331 -0.629769 -0.104317 0.018311 -0.097081 -0.220915 -0.281227 0.221110 -0.069759 0.038377 0.278663 0.186285 -0.290617 -0.256707 0.790988 1.000000 -0.070094 0.049703 -0.371944 -0.432603 -0.410057 -0.525454 0.144920 -0.162581 -0.279078 -0.088343 0.573107 0.367925 -0.207597 -0.278686 0.453707 0.275601 -0.290270 -0.434956 0.184337 -0.200987 -0.060070 -0.082597 0.256511 -0.130244 -0.230143 -0.295447 -0.149362 -0.299944 -0.131763 -0.309555 -0.177387 -0.176381 -0.167075 -0.169502 0.077286 -0.049797 -0.074274 -0.082148 0.743860 0.677424 0.153692 0.041213 0.451415 0.400004 0.442680 0.719396 0.042433 -0.236436 -0.096735 -0.527953 0.307091 0.075782 -0.120213 -0.216792 0.606191 0.059921 0.146586 -0.151450 0.124024 -0.181604 0.659402 0.727055 0.653254 0.810219 -0.016594 0.095753 0.203235 -0.039977 0.123199 0.037919 -0.137587 -0.207146 -0.287020 -0.463802 0.008449 -0.263566 -0.290287 0.082139 -0.129052 0.060606 -0.009856 0.031069 0.091769 -0.129827 0.120765 -0.215545 -0.344100 -0.165975 -0.300346 -0.224551 0.032225 -0.297069 -0.353083 0.129964 0.134425 0.307547 0.127600 0.196499
0.292539 -0.062442 0.332065 0.046329 -0.056638 0.372384 0.028654 0.082892 -0.263397 0.129765 0.299790 0.146467 0.055392 0.261892 0.112218 0.080713 0.124523 -0.070094 1.000000 0.209463 0.215522 0.312381 0.308173 0.267860 0.208417 0.435396 0.276524 0.496756 0.162477 -0.216764 0.491604 0.427632 0.088270 0.256599 0.005011 0.164088 -0.186037 -0.196667 -0.128957 -0.325091 -0.391192 -0.047712 -0.448088 -0.305675 -0.580649 -0.580498 -0.486332 -0.265918 -0.426494 -0.530767 -0.301676 -0.467537 -0.526483 -0.192708 -0.352818 -0.403556 0.070869 -0.001460 0.316698 -0.410484 0.247863 -0.108341 -0.266972 -0.211630 0.521893 0.036518 -0.271756 -0.381025 -0.015345 0.008300 0.014310 0.318950 -0.048751 -0.146190 0.016570 -0.028794 0.026854 -0.043624 0.212385 0.029420 0.026533 0.020665 0.082303 -0.426241 0.312024 0.118378 0.285316 0.126680 0.365020 -0.134735 -0.349653 0.128369 -0.021085 0.129630 -0.109933 -0.172643 -0.351942 -0.154171 -0.499583 -0.481195 -0.007807 -0.038246 -0.081633 -0.219183 -0.226705 0.025785 0.189555 -0.057030 -0.033424 -0.005566 0.055197 -0.328514 -0.416528 -0.078125 -0.073317 -0.244472
0.148516 0.276880 -0.371960 -0.258973 -0.210311 -0.064080 -0.314924 -0.232143 -0.149716 0.088662 -0.136765 -0.289586 -0.114550 -0.140330 -0.238166 -0.173785 0.136602 0.049703 0.209463 1.000000 -0.300874 -0.105749 -0.350065 -0.208657 0.001361 -0.124636 -0.292172 -0.132411 0.083994 -0.148379 -0.070234 0.037074 0.224923 0.244142 -0.021542 -0.059977 0.071009 0.079072 -0.179594 0.154558 0.018560 -0.004038 -0.172219 -0.087959 -0.045487 0.028224 -0.249194 0.118979 -0.323501 -0.093051 -0.330265 -0.146535 -0.106075 -0.204698 -0.113684 -0.105672 0.038374 0.251736 -0.118573 0.329023 -0.130684 0.058186 0.172024 0.157656 -0.254136 -0.317425 0.280738 0.298642 0.483580 0.684268 -0.002940 0.085238 -0.057216 -0.057525 -0.113377 -0.138424 -0.033879 0.108528 0.133088 0.120185 0.092201 0.081129 0.306622 0.322379 -0.099108 -0.202290 0.123798 -0.009764 -0.240717 -0.178429 -0.094984 0.210211 0.003255 0.225064 0.287236 0.190766 0.079492 0.322157 -0.055015 0.002831 0.235651 0.309009 0.351916 0.548571 0.474071 0.234582 0.149767 0.479745 0.054570 0.314221 0.212630 -0.053359 0.019747 0.159193 0.106965 0.041358
-0.296213 -0.466957 0.385866 0.566706 -0.060167 0.177347 0.210977 0.514962 0.105593 0.186394 0.264150 0.324204 -0.097993 0.288166 0.397214 0.465583 -0.330455 -0.371944 0.215522 -0.300874 1.000000 0.709405 0.523357 0.622597 -0.131513 0.405351 0.532307 0.431796 0.061116 0.185533 0.567220 0.561745 -0.339098 -0.062592 0.150194 0.252966 -0.223559 0.056133 0.158165 -0.259904 -0.155001 0.292033 -0.115675 0.033209 -0.309875 -0.270175 -0.010885 0.051709 -0.157946 -0.194567 -0.012679 -0.133326 -0.316751 0.026170 -0.207713 -0.138187 -0.387148 -0.519498 -0.140203 -0.468716 -0.126432 -0.183982 -0.445679 -0.505788 0.302823 0.270605 -0.400337 -0.247977 -0.597936 -0.464659 0.342957 0.560415 -0.071214 0.197212 0.218937 0.373519 0.025606 0.156914 -0.140102 -0.394333 -0.405111 -0.464995 -0.105542 -0.345481 0.070900 0.197481 -0.091811 -0.065909 0.102840 0.028622 -0.042631 0.076342 0.142190 -0.096686 -0.104800 -0.174589 -0.289462 -0.183274 -0.276399 -0.161712 -0.428284 -0.413581 -0.423839 -0.457105 -0.231668 -0.085556 0.108036 -0.236894 -0.251948 -0.083517 0.161643 -0.093074 -0.223763 -0.303141 -0.077125 -0.114618
-0.185615 -0.318303 0.334861 0.526471 -0.035528 0.480191 0.092773 0.573607 -0.125256 0.179916 0.255370 0.439447 -0.111978 0.407611 0.123097 0.330130 -0.398411 -0.432603 0.312381 -0.105749 0.709405 1.000000 0.307375 0.563057 0.075573 0.573875 0.497715 0.584918 -0.122589 -0.005636 0.666161 0.680664 -0.186912 0.157739 0.170248 0.395341 -0.313943 0.112433 0.000954 -0.039362 -0.185136 0.297158 -0.249945 -0.025651 -0.470826 -0.386560 -0.148066 0.073904 -0.160301 -0.369678 -0.142135 -0.241706 -0.390266 -0.117656 -0.178916 -0.259938 -0.419001 -0.518764 0.046060 -0.407506 -0.000938 -0.169701 -0.493229 -0.581309 0.265855 0.394811 -0.286040 -0.107670 -0.428062 -0.283756 0.201055 0.613560 -0.302453 0.130684 0.132453 0.244396 -0.040738 0.088736 -0.229281 -0.430389 -0.504808 -0.597614 -0.022448 -0.455400 -0.067976 0.172528 0.031530 0.141212 0.127301 -0.026991 -0.130764 0.196991 0.123577 -0.059669 -0.071927 -0.132209 -0.170960 -0.069652 -0.479786 -0.167299 -0.086049 -0.171754 -0.201210 -0.267553 -0.151501 -0.072483 0.243497 0.137428 -0.209486 0.036248 0.276871 -0.352161 -0.281718 -0.360127 -0.039059 -0.295715
-0.395676 -0.619371 0.532369 0.637401 -0.118062 -0.055426 0.212631 0.121965 0.175872 -0.080129 0.359483 0.303278 -0.163208 0.163748 0.524690 0.499969 -0.422696 -0.410057 0.308173 -0.350065 0.523357 0.307375 1.000000 0.747739 -0.292398 0.195954 0.550897 0.292248 -0.024880 0.007409 0.386538 0.353017 -0.363515 -0.100497 0.176449 0.264977 -0.071973 -0.035593 0.199881 -0.232866 -0.133253 0.061791 -0.012663 0.076813 -0.203594 -0.165917 0.019452 -0.048178 -0.130741 -0.183204 0.067012 -0.130590 -0.265753 0.028216 -0.045773 -0.080408 -0.436215 -0.494538 -0.187734 -0.558611 -0.305309 -0.415541 -0.433617 -0.589177 0.308523 0.069643 -0.318887 -0.168333 -0.420122 -0.415926 0.148804 0.220097 -0.059587 -0.022724 0.185941 0.151816 0.168790 0.134063 -0.145681 -0.189733 -0.303896 -0.414126 0.013391 -0.227296 0.075867 0.186620 -0.093297 -0.059452 0.325983 0.056977 -0.030781 0.035071 0.091595 0.058667 -0.050233 -0.038533 -0.223812 -0.248387 -0.239309 -0.278171 -0.448712 -0.358430 -0.445793 -0.400351 -0.257724 -0.004944 0.109830 -0.232956 0.059220 0.038510 0.095200 -0.193379 -0.316653 -0.319036 -0.035709 -0.154712
-0.468060 -0.703100 0.522581 0.792723 -0.015811 0.025678 0.032089 0.327641 0.184128 -0.000335 0.319187 0.417427 -0.302728 0.213520 0.499455 0.525915 -0.611091 -0.525454 0.267860 -0.208657 0.622597 0.563057 0.747739 1.000000 -0.203172 0.494877 0.371888 0.321312 -0.221294 -0.121217 0.517927 0.611363 -0.433188 0.058691 0.409917 0.603050 -0.148017 0.202300 0.194664 0.032350 -0.212354 0.242403 -0.056819 0.169959 -0.388551 -0.201013 -0.158078 0.199499 -0.254414 -0.322987 -0.158922 -0.282013 -0.449062 -0.223508 -0.265413 -0.287292 -0.538652 -0.568866 -0.243638 -0.623184 -0.363520 -0.463287 -0.631876 -0.777497 0.257696 0.341644 -0.426388 0.014218 -0.519736 -0.299746 0.330266 0.413224 -0.289874 0.072683 0.170500 0.289609 0.183408 0.375027 -0.243362 -0.277521 -0.494566 -0.638450 0.039955 -0.262857 -0.023535 0.200991 -0.018344 0.182177 0.252427 -0.035891 0.061079 0.255598 0.440764 0.127406 0.015926 -0.106876 -0.250258 -0.147556 -0.421067 -0.287249 -0.394845 -0.392728 -0.576948 -0.330938 -0.126725 0.145590 0.120798 -0.024271 -0.130125 0.182051 0.497643 -0.301775 -0.383392 -0.419262 0.146554 -0.209122
0.331912 0.309085 -0.279829 -0.280986 0.342630 0.677807 -0.027491 0.143715 -0.505351 -0.040760 -0.172625 0.036811 -0.108622 0.049466 -0.689298 -0.752567 0.217794 0.144920 0.208417 0.001361 -0.131513 0.075573 -0.292398 -0.203172 1.000000 0.620874 0.235645 0.465413 -0.112846 -0.165958 0.189887 0.147447 0.404051 0.302586 0.019303 -0.041515 -0.033148 -0.140141 -0.029255 0.028288 -0.058618 0.067513 -0.156467 -0.180025 -0.073263 -0.092006 -0.147087 -0.268194 -0.051504 -0.107053 0.084156 -0.073745 0.003147 0.007312 -0.078799 -0.030273 0.291008 0.212968 0.210416 0.102266 0.143238 -0.084106 0.222472 0.184439 0.119968 -0.035500 0.206255 -0.045671 0.223440 0.070291 -0.106270 0.083081 0.030795 -0.005953 -0.082661 -0.195228 -0.189098 -0.315020 0.020157 0.169869 0.213675 0.205052 -0.132911 -0.190993 0.175936 0.150679 0.225787 0.314843 -0.161238 -0.288039 -0.292608 -0.265489 -0.110015 -0.174737 -0.337000 -0.096605 0.027480 0.009977 -0.025675 0.116418 0.120251 0.029610 0.015897 0.041884 -0.260117 -0.096424 0.199659 0.020918 0.036680 -0.216562 -0.112152 0.094609 -0.027830 -0.021612 -0.280387 -0.077844
0.116914 -0.144161 0.150711 0.231451 0.118191 0.720344 -0.057835 0.402549 -0.415456 0.276683 0.178407 0.461804 -0.190300 0.358774 -0.211274 -0.147021 -0.165580 -0.162581 0.435396 -0.124636 0.405351 0.573875 0.195954 0.494877 0.620874 1.000000 0.489724 0.761665 -0.135855 -0.149365 0.688335 0.661551 0.018789 0.341035 0.254631 0.404657 -0.267368 -0.042915 -0.059564 -0.044713 -0.344146 0.164959 -0.225735 -0.048846 -0.426672 -0.310715 -0.328116 -0.046502 -0.299348 -0.401865 -0.179067 -0.329387 -0.392742 -0.164708 -0.431288 -0.400757 -0.049801 -0.196566 0.152900 -0.413366 0.017556 -0.274718 -0.344342 -0.386309 0.382572 0.254723 -0.228690 -0.163034 -0.221455 -0.244828 0.151079 0.500412 -0.150603 0.050877 0.036070 0.025764 -0.081965 -0.052107 -0.048422 -0.048568 -0.161901 -0.244648 -0.091874 -0.536119 0.214322 0.260039 0.303129 0.426860 -0.018733 -0.402850 -0.241564 -0.094261 0.178830 -0.180157 -0.318949 -0.205649 -0.252860 -0.069206 -0.418582 -0.087157 -0.104718 -0.342601 -0.339185 -0.343093 -0.430210 -0.062613 0.212903 0.030565 -0.123972 -0.112214 0.211843 -0.133867 -0.220120 -0.321997 -0.141803 -0.244079
-0.133670 -0.103379 0.165544 0.372923 -0.085837 0.453035 0.319489 0.341907 -0.181756 0.155479 0.038288 0.235752 -0.188634 0.238101 -0.004001 0.024863 -0.174994 -0.279078 0.276524 -0.292172 0.532307 0.497715 0.550897 0.371888 0.235645 0.489724 1.000000 0.734229 -0.063944 -0.061278 0.488071 0.419074 -0.123441 0.062641 -0.070339 0.073286 -0.255034 -0.253374 -0.048055 -0.435543 -0.258741 0.018976 -0.169616 -0.055806 -0.137689 -0.211679 0.047582 -0.123300 -0.075248 -0.083262 0.242127 0.037955 -0.053174 0.261046 -0.109601 -0.177797 -0.124814 -0.305951 0.007132 -0.240430 -0.184609 -0.297034 -0.090775 -0.274909 0.195175 0.014322 -0.029841 -0.181004 -0.213302 -0.308726 0.144660 0.398156 -0.109823 0.005676 -0.002886 0.040644 -0.112329 -0.200914 -0.181871 -0.205430 -0.128099 -0.229202 -0.111549 -0.303961 0.140702 0.200338 -0.023480 0.037580 -0.063233 -0.242373 -0.140168 -0.124519 -0.215947 -0.222514 -0.414621 -0.344536 -0.320682 -0.272277 -0.114016 -0.101905 -0.318220 -0.267228 -0.143243 -0.389793 -0.427496 -0.391533 0.275534 -0.211925 -0.140477 -0.325570 -0.199204 -0.005037 -0.141636 -0.354357 -0.347399 -0.267356
0.198366 0.117304 0.024855 0.202551 -0.190212 0.755845 0.000175 0.278433 -0.504640 0.235810 0.041320 0.342430 -0.261654 0.355191 -0.249476 -0.124917 -0.000094 -0.088343 0.496756 -0.132411 0.431796 0.584918 0.292248 0.321312 0.465413 0.761665 0.734229 1.000000 -0.067211 -0.187531 0.628123 0.544856 0.045596 0.226914 -0.101384 0.084986 -0.334490 -0.274530 -0.171690 -0.322273 -0.350335 0.072164 -0.258732 -0.081238 -0.350133 -0.363690 -0.124010 -0.106653 -0.196514 -0.240204 0.065172 -0.099648 -0.198571 0.152656 -0.283409 -0.304774 0.114678 -0.078654 0.147616 -0.288402 -0.020476 -0.326231 -0.145414 -0.198945 0.311668 -0.007690 -0.091661 -0.313850 -0.088152 -0.167487 0.089889 0.467229 -0.147039 -0.038468 -0.046051 -0.087856 -0.209199 -0.278002 0.051421 0.008813 0.010533 -0.084864 -0.145268 -0.472796 0.228129 0.308889 0.133354 0.278556 -0.147771 -0.411070 -0.231697 -0.117075 -0.138776 -0.316758 -0.427308 -0.382677 -0.354256 -0.161390 -0.253084 -0.113255 -0.201878 -0.332017 -0.083431 -0.412823 -0.488953 -0.258323 0.214664 -0.089697 -0.188105 -0.310705 -0.125014 -0.057346 -0.252548 -0.333878 -0.376652 -0.377940
0.397031 0.207389 0.004218 -0.225817 -0.086440 -0.104244 0.119221 0.056285 -0.089607 0.361544 0.301551 0.252135 0.383033 0.401641 0.063624 0.128388 0.549581 0.573107 0.162477 0.083994 0.061116 -0.122589 -0.024880 -0.221294 -0.112846 -0.135855 -0.063944 -0.067211 1.000000 0.641270 0.109187 0.016618 0.193392 0.250563 -0.245056 -0.309633 0.154735 -0.119467 -0.078508 -0.305529 0.250053 0.127282 -0.308074 -0.263847 -0.271334 -0.404841 -0.211389 -0.333830 -0.352590 -0.336360 -0.328966 -0.343990 -0.179743 -0.168866 -0.120704 -0.248541 0.233725 0.159877 0.096632 -0.173462 0.355039 0.373000 0.237131 0.387491 0.219153 -0.198466 -0.261204 -0.553412 -0.081544 -0.219198 0.104157 0.127829 0.786241 0.280183 0.419784 0.165589 0.318651 0.008590 0.466150 0.359857 0.278884 0.423708 0.029750 -0.007165 0.122903 -0.072549 -0.014355 -0.244554 -0.013760 -0.136408 -0.423528 -0.229768 -0.070807 -0.192891 -0.211520 0.202950 -0.309988 -0.048388 -0.292010 -0.191658 -0.062940 -0.190088 0.003900 -0.323707 -0.333191 -0.146987 -0.099037 -0.196602 -0.017592 -0.231992 -0.293972 -0.082456 -0.065922 0.209778 0.148696 0.398974
0.004720 0.005442 -0.070250 0.023210 -0.155646 -0.095607 0.006119 0.255339 -0.073433 0.205385 0.317424 0.477934 0.274218 0.592634 0.048224 0.225704 0.133739 0.367925 -0.216764 -0.148379 0.185533 -0.005636 0.007409 -0.121217 -0.165958 -0.149365 -0.061278 -0.187531 0.641270 1.000000 0.229298 0.178987 -0.100122 0.156268 -0.100193 -0.056163 0.245120 0.202747 0.076715 -0.091665 0.456389 0.306897 0.103720 0.091669 -0.096000 -0.121741 0.036654 0.024045 -0.121119 -0.155071 -0.244769 -0.111240 -0.088362 0.064620 0.072470 0.059596 -0.089296 -0.230504 -0.243567 -0.252286 0.139842 0.348903 0.099344 0.162275 0.002073 0.038965 -0.419846 -0.353418 -0.396478 -0.433843 0.139067 0.353213 0.675221 0.542115 0.543074 0.487164 0.370348 0.192427 0.148818 0.064747 0.007800 0.093249 -0.051655 -0.032126 -0.063958 -0.099763 0.092689 -0.059210 -0.122538 0.080183 -0.270492 -0.330534 -0.010185 -0.256598 -0.077438 0.388747 -0.049387 0.099159 -0.058010 0.138511 0.049725 -0.223090 -0.036824 -0.293029 -0.158975 0.040804 0.060171 -0.036810 0.032627 0.028041 -0.075242 0.096300 0.210885 0.222510 0.366896 0.408884
-0.079652 -0.279834 0.238517 0.466518 -0.291082 0.498554 0.072884 0.567383 -0.434633 0.289024 0.326438 0.578313 -0.094783 0.650493 -0.044428 0.204503 -0.203373 -0.207597 0.491604 -0.070234 0.567220 0.666161 0.386538 0.517927 0.189887 0.688335 0.488071 0.628123 0.109187 0.229298 1.000000 0.901588 -0.128437 0.381918 0.177168 0.467186 -0.187897 0.048796 -0.146089 -0.207601 -0.191112 0.229974 -0.128420 0.113652 -0.459671 -0.336819 -0.275022 0.092460 -0.461684 -0.463319 -0.354562 -0.410689 -0.575948 -0.086262 -0.355232 -0.401522 -0.271074 -0.479423 -0.079535 -0.597089 0.013418 -0.159317 -0.292232 -0.430055 0.316832 0.246333 -0.449465 -0.246996 -0.464947 -0.377501 0.152089 0.771861 0.118858 0.295744 0.252797 0.288597 0.117112 0.110413 -0.015437 -0.159161 -0.255674 -0.357864 -0.076788 -0.560971 0.098461 0.129390 0.272406 0.282658 -0.031280 -0.371347 -0.427460 -0.141887 0.016503 -0.310202 -0.157589 -0.066604 -0.290234 -0.053926 -0.509668 -0.202860 -0.058720 -0.403480 -0.177139 -0.409377 -0.309628 0.098555 0.329374 0.160426 -0.168193 0.119800 0.242521 -0.205926 -0.254318 -0.181443 0.102048 -0.175194
-0.219307 -0.345500 0.193747 0.539734 -0.224409 0.418150 0.095839 0.554709 -0.309894 0.242932 0.148376 0.471081 -0.282062 0.519423 -0.059081 0.170479 -0.306715 -0.278686 0.427632 0.037074 0.561745 0.680664 0.353017 0.611363 0.147447 0.661551 0.419074 0.544856 0.016618 0.178987 0.901588 1.000000 -0.099331 0.506735 0.318865 0.584604 -0.094298 0.213042 -0.078452 -0.066024 -0.133481 0.425834 -0.095190 0.183448 -0.427898 -0.252572 -0.227117 0.189909 -0.421645 -0.437668 -0.328941 -0.395619 -0.609333 -0.158830 -0.365748 -0.411528 -0.391060 -0.526115 -0.200011 -0.558511 -0.137563 -0.259399 -0.289364 -0.480734 0.239568 0.298636 -0.376623 -0.057100 -0.485332 -0.292449 0.303354 0.849746 0.046824 0.386209 0.318181 0.426683 0.228992 0.335183 -0.048260 -0.156757 -0.330080 -0.432314 -0.120759 -0.402867 -0.059428 0.147245 0.218146 0.342919 -0.087164 -0.396273 -0.417565 -0.041272 0.106711 -0.267052 -0.112396 -0.023656 -0.268747 -0.050164 -0.512973 -0.205649 -0.167651 -0.442543 -0.266121 -0.357948 -0.198673 0.115621 0.312211 0.231688 -0.184057 0.232647 0.444854 -0.237123 -0.306116 -0.184536 0.161560 -0.183111
0.468545 0.464508 -0.275631 -0.456983 0.035266 0.167834 0.117228 -0.198428 -0.242250 -0.002499 -0.371834 -0.242318 0.007798 -0.252118 -0.543352 -0.599833 0.568750 0.453707 0.088270 0.224923 -0.339098 -0.186912 -0.363515 -0.433188 0.404051 0.018789 -0.123441 0.045596 0.193392 -0.100122 -0.128437 -0.099331 1.000000 0.594209 0.021570 -0.249468 0.224811 -0.056958 -0.031540 0.040882 0.175467 -0.013873 -0.277798 -0.284277 -0.075303 -0.134352 -0.085635 -0.357172 -0.168827 -0.120203 0.017724 -0.197014 -0.061222 -0.162380 0.013620 -0.018528 0.462424 0.613969 0.154510 0.170388 0.257349 -0.044049 0.393647 0.419312 0.019451 -0.253375 0.451632 -0.031627 0.585106 0.379605 -0.311803 -0.105372 0.322001 -0.118693 -0.082207 -0.190713 0.068565 -0.179572 0.468268 0.616838 0.416037 0.512670 -0.253755 0.034831 0.017944 0.092975 0.012767 0.064943 -0.041694 -0.247468 -0.471806 -0.331112 -0.134459 -0.238070 0.004808 0.201673 0.149940 0.138065 -0.126310 -0.046140 0.033621 -0.089513 0.094111 0.036996 -0.164065 -0.057054 -0.091623 -0.021146 0.160803 -0.110013 -0.058947 0.027991 0.055016 0.353727 -0.111198 0.095211
0.163839 0.127822 0.001894 0.037547 -0.043678 0.278411 0.171739 0.299474 -0.303536 0.204816 -0.108177 0.290295 -0.013589 0.260147 -0.338448 -0.261695 0.229094 0.275601 0.256599 0.244142 -0.062592 0.157739 -0.100497 0.058691 0.302586 0.341035 0.062641 0.226914 0.250563 0.156268 0.381918 0.506735 0.594209 1.000000 0.391912 0.385574 0.148905 0.114323 -0.052739 0.107229 0.140981 0.259793 -0.310193 -0.113360 -0.416446 -0.290398 -0.383073 -0.142127 -0.511621 -0.528339 -0.449875 -0.615272 -0.521454 -0.471253 -0.282844 -0.435602 0.010587 0.070297 -0.022917 -0.256945 0.153570 -0.051341 0.114882 0.043204 0.144090 0.165867 -0.102586 -0.012730 0.001958 0.030207 0.007220 0.414874 0.355944 0.317341 0.325481 0.257822 0.432684 0.319894 0.286479 0.434529 0.033900 0.102522 -0.196187 -0.121890 -0.196730 -0.035851 0.093906 0.288154 -0.012095 -0.410977 -0.549359 -0.139548 0.201174 -0.153605 -0.100967 0.273911 -0.101884 0.002229 -0.498429 -0.216601 0.028838 -0.298038 -0.117954 -0.155575 -0.191851 0.136449 0.169081 0.182408 -0.101268 0.105375 0.332499 -0.188928 -0.114927 0.125264 0.220258 0.061831
-0.330680 -0.490008 0.399002 0.334909 0.210656 0.020859 0.077171 0.246320 0.123486 -0.087908 0.052771 0.183203 -0.126777 -0.124850 0.135270 0.131588 -0.295398 -0.290270 0.005011 -0.021542 0.150194 0.170248 0.176449 0.409917 0.019303 0.254631 -0.070339 -0.101384 -0.245056 -0.100193 0.177168 0.318865 0.021570 0.391912 1.000000 0.764808 0.030370 0.229755 0.160462 0.330707 0.005741 0.158797 0.046232 0.115261 -0.128123 0.134458 -0.268472 0.013002 -0.178980 -0.324026 -0.284200 -0.454988 -0.553036 -0.539575 -0.284296 -0.248775 -0.421035 -0.296028 -0.000596 -0.336130 -0.085007 -0.233337 -0.363726 -0.489315 0.256617 0.539834 -0.145014 0.378191 -0.267316 -0.195973 0.052317 0.142559 -0.078133 0.158936 0.220937 0.147355 0.368396 0.536999 -0.155484 0.026292 -0.448505 -0.367872 -0.060479 -0.054556 -0.292326 -0.070869 0.051199 0.136142 0.275681 -0.088818 -0.055823 0.196444 0.478214 0.278271 0.192245 0.334335 0.112800 -0.030338 -0.313932 -0.134773 -0.074561 -0.202928 -0.324907 -0.019047 0.107913 0.272429 0.014950 0.160326 0.016768 0.337558 0.623807 -0.180896 -0.115315 -0.117153 0.293036 -0.001930
-0.461744 -0.589920 0.510240 0.554147 0.148332 0.093870 0.055269 0.437964 0.116607 0.050159 0.211799 0.430419 -0.058472 0.218730 0.257803 0.318816 -0.529481 -0.434956 0.164088 -0.059977 0.252966 0.395341 0.264977 0.603050 -0.041515 0.404657 0.073286 0.084986 -0.309633 -0.056163 0.467186 0.584604 -0.249468 0.385574 0.764808 1.000000 -0.157983 0.234356 -0.020494 0.220399 -0.188103 0.149463 0.097630 0.247134 -0.239109 0.033607 -0.311480 0.207529 -0.174926 -0.371062 -0.406795 -0.446888 -0.610419 -0.454753 -0.376635 -0.409345 -0.579011 -0.577565 -0.043979 -0.510157 -0.121148 -0.231178 -0.545587 -0.688607 0.176122 0.653116 -0.413127 0.283933 -0.499224 -0.251344 0.188438 0.411183 -0.226124 0.240669 0.187427 0.345436 0.327702 0.576590 -0.273008 -0.243607 -0.586494 -0.572702 -0.065560 -0.299036 -0.311514 -0.080494 0.078717 0.266537 0.248499 -0.121916 -0.014285 0.325586 0.448644 0.244351 0.147566 0.117929 -0.067283 -0.049801 -0.428392 -0.230902 -0.028951 -0.205058 -0.361213 -0.125528 0.063515 0.299519 0.247181 0.219151 -0.121049 0.388483 0.648673 -0.316472 -0.175020 -0.221886 0.370182 -0.138279
