1.000000 0.489389 -0.097848 -0.243422 0.056425 -0.304671 0.247521 0.289827 0.243104 0.317425 0.107447 0.162583 0.586720 0.324363 0.252326 0.200219 0.415319 0.204636 0.243716 0.320627 -0.303287 -0.175410 -0.522800 -0.452820 -0.200862 -0.437807 -0.324661 -0.469732 0.500095 0.274373 -0.171020 -0.220795 0.361557 0.189446 -0.425726 -0.413031 0.327289 -0.392255 -0.433868 -0.328942 0.162366 0.134776 -0.220261 -0.233762 -0.309065 -0.380285 -0.349587 -0.390278 -0.322773 -0.446332 -0.514527 -0.392879 -0.000174 -0.342675 -0.169760 -0.500257 0.312955 0.105448 0.443790 0.012744 0.540913 0.271244 0.573745 0.389524 -0.323756 -0.122229 0.105805 -0.280473 0.438102 0.068728 0.152501 -0.122692 0.563100 0.364645 0.509352 0.366110 0.294004 -0.010983 0.256559 0.107478 0.404463 0.277866 0.300338 0.084286 -0.313780 -0.056512 -0.377119 -0.105998 0.044321 0.159842 0.021117 -0.010261 -0.052941 -0.194443 0.129097 -0.242303 -0.298981 -0.141165 0.056577 0.001578 0.360623 0.191786 0.185348 -0.054939 -0.302634 -0.342200 0.274557 0.011152 -0.174815 -0.275566 -0.400915 -0.137361 -0.245640 -0.074067 -0.409712 -0.311749
0.489389 1.000000 -0.061922 -0.104680 -0.165552 -0.236211 0.120510 0.160514 -0.061408 0.006075 0.267972 0.422520 0.465390 0.570549 0.329020 0.170024 -0.081792 0.127661 -0.044545 0.004037 -0.208881 -0.080683 -0.226793 -0.389356 -0.145479 -0.279812 -0.150803 -0.151399 0.100837 0.122738 -0.126578 -0.315313 0.101552 -0.119179 -0.269296 -0.274313 -0.104077 -0.391467 -0.344897 -0.197443 -0.153885 -0.080649 -0.189728 -0.150328 -0.191034 -0.291918 -0.094369 -0.183365 -0.108019 -0.150930 -0.070557 0.012284 0.160853 0.030471 -0.031408 -0.018481 0.181655 0.205372 0.331035 0.241722 0.368635 0.615042 0.185369 0.603032 -0.111264 -0.034104 -0.119960 -0.438668 0.078456 -0.060221 -0.071343 -0.300777 0.104364 0.162802 0.214106 -0.024240 -0.034642 -0.236846 -0.014777 0.269921 0.094023 0.083496 -0.015231 0.014486 -0.095471 -0.108247 -0.334547 0.047828 0.004615 0.325279 -0.057618 -0.283240 -0.179847 -0.381642 -0.152395 -0.207730 -0.053222 -0.100339 0.077530 0.016973 0.269743 -0.141419 0.011802 -0.338503 -0.351337 -0.469288 0.106364 -0.159072 -0.228704 -0.077187 -0.293375 -0.063118 -0.002809 -0.121285 -0.400092 -0.412922
-0.097848 -0.061922 1.000000 0.068713 0.329589 0.047504 0.613307 0.175613 0.503046 0.165530 0.252888 0.115644 0.086314 0.016778 0.392487 0.008108 -0.072530 -0.343216 0.407591 -0.465699 0.155164 0.269644 0.391984 0.090329 0.463133 0.248458 0.300844 0.022088 0.023292 -0.166005 0.322674 0.310570 0.033428 0.051683 0.092559 -0.006534 -0.153359 -0.220674 -0.131270 -0.234367 -0.035756 -0.051411 -0.300486 -0.281015 -0.084428 -0.287356 -0.217621 -0.239639 0.226457 -0.149815 0.138355 -0.038794 0.079396 0.105112 -0.111597 -0.214975 -0.383558 -0.379152 0.064952 -0.135214 0.155149 0.210273 -0.249038 -0.084803 0.440147 0.151751 -0.104955 -0.302399 -0.206794 -0.389059 0.212200 0.236529 0.037233 0.274346 0.244324 0.189603 0.123263 0.114546 -0.223864 -0.220667 -0.243788 -0.266470 0.156508 -0.208056 0.265829 -0.089556 0.136720 -0.231975 0.499095 0.009985 -0.165222 -0.119057 0.058338 0.102948 0.063320 -0.120183 -0.260489 -0.229071 -0.311473 -0.304144 -0.066070 -0.254984 -0.211459 -0.135840 -0.251282 -0.303573 -0.117923 -0.112228 -0.098137 -0.200411 -0.204301 -0.257816 -0.107275 -0.251161 -0.290834 -0.343394
-0.243422 -0.104680 0.068713 1.000000 -0.058429 0.535678 -0.240221 0.293117 -0.137316 0.000579 -0.147126 0.164963 -0.087165 -0.023493 -0.171512 0.061544 -0.280832 -0.274541 0.050472 -0.154635 -0.104001 -0.207918 0.244165 0.489947 0.150932 0.367431 0.184532 0.392260 -0.297790 -0.259516 -0.049831 0.123072 -0.139002 -0.121222 -0.030754 -0.021942 -0.258023 0.170138 -0.043598 0.133035 -0.081281 -0.125360 -0.103125 -0.107733 -0.199157 -0.141032 -0.122121 -0.008803 -0.072064 -0.115469 0.142045 0.028185 0.007069 -0.048104 -0.015909 0.001279 -0.414276 -0.467713 -0.316005 0.049585 -0.285533 -0.105810 -0.201035 -0.158939 -0.066113 0.263580 0.148051 0.254536 -0.103899 -0.301891 -0.078050 0.099795 -0.337284 -0.059548 -0.118606 -0.108881 -0.000860 0.208750 -0.344597 -0.179723 -0.258850 -0.292803 -0.207405 0.045788 -0.046556 0.260422 -0.150017 0.151123 -0.026687 0.135153 0.038713 0.092127 0.505644 0.010928 -0.016172 -0.055793 0.104614 0.121595 -0.066280 -0.028705 0.195222 -0.140599 -0.032669 0.101309 0.101920 -0.012479 0.029252 -0.069221 0.043305 0.107691 -0.008262 -0.109167 0.058651 0.245748 0.095163 -0.032830
0.056425 -0.165552 0.329589 -0.058429 1.000000 0.296220 0.412661 0.074204 0.690302 0.400443 0.031795 -0.028559 -0.060066 -0.316399 0.038275 -0.093198 0.042294 -0.131440 0.300212 -0.001236 0.117042 -0.001120 -0.075579 0.018072 0.314681 -0.057026 0.334210 -0.281823 0.046199 -0.166225 0.034528 0.013250 0.077963 0.053213 -0.142552 -0.069331 -0.259821 -0.469543 -0.372469 -0.466126 -0.254745 -0.387979 0.085523 0.016596 0.061002 0.040129 -0.007773 0.018298 0.180683 0.280524 -0.162148 0.233296 0.317214 0.305975 -0.280089 -0.314558 -0.337042 -0.326760 0.115373 0.172166 0.091675 0.101651 -0.154925 -0.041994 0.030691 0.039416 -0.027260 -0.085304 -0.038683 -0.172501 0.314404 0.014318 -0.007359 -0.027812 -0.058308 0.059538 -0.020566 -0.038352 -0.362826 -0.419836 -0.216361 -0.216964 0.071175 -0.302462 -0.131927 -0.148792 -0.063026 -0.371315 0.183876 -0.014021 0.332428 0.229251 0.314715 0.203357 -0.258536 -0.009303 -0.439275 -0.357721 -0.110794 -0.059800 -0.051546 0.187836 0.027459 0.023663 -0.028171 0.076456 0.167765 0.161894 0.040425 -0.145775 -0.135797 0.143281 0.159931 -0.201799 0.083335 0.141345
-0.304671 -0.236211 0.047504 0.535678 0.296220 1.000000 -0.219571 -0.064142 0.171821 0.085924 -0.108357 0.009491 -0.316695 -0.267842 -0.063436 -0.143607 -0.223718 -0.401435 -0.031047 -0.072499 0.082293 -0.150693 0.172054 0.414297 0.259051 0.407608 0.391783 0.357340 -0.307340 -0.391324 -0.305188 -0.144332 -0.252500 -0.280566 0.091638 0.154802 -0.200614 0.191703 -0.117608 -0.004815 -0.273370 -0.238193 0.045172 0.005013 0.045173 0.070310 0.060514 0.237963 0.166341 0.225609 0.119465 0.296027 0.225498 0.257750 0.010591 0.062964 -0.385635 -0.375237 -0.258085 0.200351 -0.259240 -0.044527 -0.343975 -0.219357 -0.037765 0.159751 0.113778 0.270480 -0.144447 -0.044618 0.137496 0.090722 -0.322976 -0.018187 -0.118913 -0.042819 0.064937 0.161867 -0.289026 -0.197852 -0.348006 -0.350386 -0.334052 -0.199862 -0.153519 -0.061366 -0.201017 -0.009169 -0.059097 0.071388 0.251215 0.398496 0.485010 0.377045 -0.152614 0.005448 -0.014122 0.073068 0.004637 0.171740 0.106247 0.104932 -0.031989 0.140711 0.192980 0.195540 0.196429 0.074815 0.022021 0.131101 0.139227 0.094402 0.198967 0.163103 0.308857 0.198871
0.247521 0.120510 0.613307 -0.240221 0.412661 -0.219571 1.000000 0.390136 0.518607 0.425165 0.134709 0.234763 0.386588 0.164240 0.321592 0.216317 0.042033 -0.024211 0.494837 -0.270885 -0.003109 0.278499 -0.269369 -0.392193 0.124846 -0.192540 -0.011725 -0.398703 0.262339 0.009507 0.194340 0.079088 0.239670 0.115063 -0.168629 -0.202003 -0.097203 -0.520331 -0.259243 -0.376708 0.015471 -0.138143 -0.205842 -0.236044 -0.033247 -0.295621 -0.173816 -0.296268 0.016186 -0.226045 -0.152534 -0.207211 0.011694 -0.000526 -0.135971 -0.357972 -0.088033 -0.139866 0.343073 -0.118751 0.464479 0.303853 -0.015879 0.075530 0.176743 0.046950 -0.079156 -0.533812 0.032712 -0.295159 0.298620 0.106088 0.238585 0.358161 0.265189 0.353292 0.052648 -0.031292 -0.154485 -0.162646 0.057678 -0.001266 0.272215 -0.133343 -0.019191 -0.099989 -0.091880 -0.354353 0.346631 0.015709 -0.063283 -0.152643 0.016389 -0.055220 -0.061209 -0.233915 -0.343529 -0.419190 -0.094120 -0.197050 0.151792 -0.042669 0.019705 -0.154830 -0.385843 -0.383324 -0.063138 -0.144464 -0.134835 -0.191796 -0.268560 -0.132515 -0.201252 -0.279252 -0.437510 -0.416007
0.289827 0.160514 0.175613 0.293117 0.074204 -0.064142 0.390136 1.000000 0.138177 0.558983 -0.107455 0.322915 0.313012 0.349278 0.009944 0.378622 -0.058123 -0.145708 0.294240 -0.194084 -0.152191 -0.028695 -0.414200 -0.109967 -0.017981 -0.057969 -0.357698 -0.319438 0.112833 0.116857 0.016388 0.131166 0.124083 0.188462 -0.236684 -0.038955 -0.225067 -0.415061 -0.363341 -0.276688 0.007262 -0.144461 -0.368985 -0.372679 -0.235399 -0.372779 -0.398737 -0.431423 -0.124181 -0.402796 -0.210114 -0.308416 -0.212503 -0.356557 -0.374626 -0.403637 -0.077111 -0.357836 0.241652 -0.114930 0.395074 0.242256 0.203813 0.040732 0.150597 0.524111 0.200648 -0.070503 0.157436 -0.296736 -0.116647 0.007608 0.207482 0.117043 0.223357 0.132727 -0.045031 0.003100 -0.066230 -0.116463 0.076499 0.021909 -0.002726 -0.140386 -0.141830 0.117877 -0.377329 -0.115293 0.016572 -0.031303 -0.188492 -0.213041 0.297543 -0.182860 -0.021619 -0.338219 -0.223160 -0.223617 -0.241573 -0.169216 0.423744 0.064592 0.183583 -0.138483 -0.322432 -0.359583 -0.067677 -0.144473 -0.241512 -0.142430 -0.372067 -0.261922 -0.178247 -0.028657 -0.265917 -0.444979
0.243104 -0.061408 0.503046 -0.137316 0.690302 0.171821 0.518607 0.138177 1.000000 0.411027 0.188998 0.115751 0.171505 -0.057941 0.470875 0.078398 0.233303 -0.017955 0.348525 -0.172323 0.012240 -0.025071 -0.054945 -0.202328 0.372571 -0.093844 0.148382 -0.280555 0.300037 -0.008451 -0.059011 -0.047797 0.079354 -0.015031 -0.157847 -0.168137 -0.016848 -0.359679 -0.364236 -0.378928 -0.035641 -0.178676 -0.138749 -0.146939 -0.155783 -0.225789 -0.194163 -0.253750 0.045908 -0.037279 -0.238433 0.063744 0.296198 0.166170 -0.208757 -0.427712 -0.227167 -0.253984 0.217217 -0.050987 0.401881 0.320139 -0.065254 0.036072 0.215377 0.192020 -0.138556 -0.340956 0.004867 -0.174848 0.312888 0.058293 0.227045 0.251859 0.300942 0.254999 0.199424 0.017973 -0.037645 -0.116033 -0.025850 -0.020979 0.200802 -0.282572 -0.004167 -0.125035 -0.127121 -0.379375 0.413564 0.049616 0.079801 0.080592 0.101551 0.210456 -0.076106 -0.021965 -0.445419 -0.282584 -0.193369 -0.080804 0.000147 0.120678 -0.026247 -0.080948 -0.218743 -0.146769 0.113635 0.099622 0.024776 -0.182641 -0.305444 -0.077299 -0.055545 -0.220703 -0.152638 -0.095936
0.317425 0.006075 0.165530 0.000579 0.400443 0.085924 0.425165 0.558983 0.411027 1.000000 -0.060788 0.111367 0.071778 0.017542 0.090408 0.529689 0.192929 0.069488 0.124682 -0.023770 -0.042118 -0.057975 -0.421527 -0.146419 -0.147048 -0.161278 -0.200899 -0.580348 0.182955 0.284661 0.022729 0.191182 0.022392 0.146548 -0.188631 -0.003006 -0.127140 -0.455516 -0.359374 -0.410808 -0.133542 -0.045909 -0.227340 -0.281952 -0.170076 -0.221548 -0.335520 -0.261982 -0.086196 -0.039430 -0.358359 -0.084503 0.161578 0.024763 -0.401121 -0.453481 0.066126 -0.129812 0.199443 -0.032984 0.354546 0.156529 0.232210 0.206268 0.011960 0.115359 0.035057 -0.264098 0.165323 -0.179880 0.234763 0.081576 0.303054 0.323784 0.169571 0.334111 0.122909 0.076732 -0.060731 -0.089913 0.141320 0.213549 0.164145 -0.160887 -0.184831 -0.188289 -0.253426 -0.230106 -0.009231 -0.152169 0.039891 0.002664 0.187063 -0.077930 -0.057833 -0.303018 -0.542545 -0.399691 -0.368640 -0.187751 0.172234 0.212969 0.049505 -0.165917 -0.300854 -0.194110 0.092171 -0.219922 -0.137690 -0.308188 -0.408927 -0.173197 -0.216865 -0.154676 -0.243506 -0.224579
0.107447 0.267972 0.252888 -0.147126 0.031795 -0.108357 0.134709 -0.107455 0.188998 -0.060788 1.000000 0.541311 0.299758 0.435004 0.437940 0.090524 0.135451 0.048152 -0.071234 -0.120146 -0.295268 -0.244410 0.140161 -0.430090 -0.055412 -0.318433 -0.175510 -0.153994 0.221113 0.111281 -0.175393 -0.252771 -0.127952 -0.251156 -0.034269 -0.012314 0.008479 -0.213750 -0.083484 -0.197010 0.039787 -0.086153 0.171237 0.204881 0.302529 0.115776 0.199622 0.152910 0.343547 0.039195 0.154711 0.026470 0.160572 0.029246 0.199390 0.118923 -0.283280 -0.098962 0.015502 -0.196207 0.031647 0.326908 -0.250760 0.136261 0.169877 0.100948 -0.320923 -0.278550 -0.215036 -0.110526 -0.149664 -0.162075 0.064661 0.081736 0.159929 -0.080462 -0.017311 -0.090510 -0.098673 0.302362 -0.256210 -0.078285 0.159775 -0.069509 0.289386 0.125143 -0.007656 0.204657 0.321979 0.125466 -0.053971 -0.226348 -0.160518 -0.203225 -0.143272 -0.062134 0.136027 -0.060219 0.027611 -0.144305 -0.090773 -0.421719 -0.216124 -0.356754 -0.296937 -0.295292 -0.074116 -0.134640 -0.136286 0.066045 0.058221 0.135532 0.265884 0.027421 -0.273264 -0.245459
0.162583 0.422520 0.115644 0.164963 -0.028559 0.009491 0.234763 0.322915 0.115751 0.111367 0.541311 1.000000 0.428386 0.707402 0.312754 0.411003 -0.001043 0.058381 0.000481 -0.181547 -0.302046 -0.214518 -0.225803 -0.319579 -0.067803 -0.191901 -0.232439 -0.176261 0.234623 0.151002 -0.180501 -0.160282 -0.109872 -0.135383 -0.277877 -0.156940 0.020085 -0.195722 -0.252056 -0.182526 0.134955 -0.128878 0.011915 0.023059 0.033513 -0.108947 0.016790 -0.042928 0.082915 -0.205322 -0.089551 -0.101654 -0.139937 -0.194709 0.002327 -0.024859 -0.317444 -0.367075 -0.087033 -0.240830 0.222169 0.390695 -0.099157 0.132570 0.108361 0.289749 -0.260510 -0.281581 -0.150914 -0.263895 -0.166896 -0.029562 0.109303 0.225947 0.230030 0.066455 0.035683 0.006523 -0.074090 0.185963 -0.117846 -0.160299 0.013386 0.003612 0.056126 0.275764 -0.358361 0.192866 0.070189 0.199964 -0.152349 -0.247835 0.021368 -0.286547 -0.139225 -0.152870 0.145009 -0.058594 -0.043314 0.027970 0.228110 -0.320537 -0.138307 -0.313259 -0.344591 -0.326368 -0.103382 -0.229520 -0.210396 0.173251 0.000312 0.111562 0.158567 0.157137 -0.229095 -0.341328
0.586720 0.465390 0.086314 -0.087165 -0.060066 -0.316695 0.386588 0.313012 0.171505 0.071778 0.299758 0.428386 1.000000 0.664313 0.530324 0.268198 0.150878 0.228370 0.031348 0.100542 -0.244926 -0.015225 -0.336462 -0.478779 -0.066137 -0.255845 -0.355317 -0.368685 0.516442 0.207048 -0.116907 -0.228769 0.180810 0.184044 -0.292598 -0.241232 0.205317 -0.352937 -0.190452 -0.147121 0.263283 0.066851 -0.226658 -0.254500 -0.128955 -0.296273 -0.272497 -0.362785 -0.066966 -0.387123 -0.292553 -0.370503 -0.119033 -0.391613 0.052913 -0.381412 0.053818 -0.029384 0.341435 -0.241844 0.501479 0.365646 0.252560 0.190699 -0.252595 -0.057821 -0.057766 -0.259968 0.323209 -0.051318 0.037064 -0.115652 0.422328 0.236102 0.359738 0.210686 0.180986 -0.063869 0.013096 0.136515 0.242528 0.179480 0.299376 0.124337 -0.376583 -0.099588 -0.365160 -0.124876 0.155414 0.118221 -0.007595 -0.162865 -0.030878 -0.233508 0.029672 -0.214661 -0.090362 -0.158948 0.030650 -0.115422 0.344105 -0.043385 0.088754 -0.140516 -0.361604 -0.366591 0.084209 -0.136666 -0.175768 -0.053500 -0.238474 -0.106367 -0.198210 -0.039758 -0.421820 -0.389492
0.324363 0.570549 0.016778 -0.023493 -0.316399 -0.267842 0.164240 0.349278 -0.057941 0.017542 0.435004 0.707402 0.664313 1.000000 0.348490 0.302703 -0.013781 0.174241 -0.198811 -0.108075 -0.270911 -0.047464 -0.253794 -0.470822 -0.147075 -0.209540 -0.421512 -0.229965 0.233985 0.256604 -0.225275 -0.249734 -0.139795 -0.036672 -0.244693 -0.077542 0.080771 -0.225702 -0.137416 -0.009906 0.139080 0.118899 -0.176415 -0.139846 0.089359 -0.145061 -0.141604 -0.241510 0.091371 -0.349585 0.008662 -0.316098 -0.196444 -0.422187 0.071785 -0.090600 -0.048514 -0.144843 0.189048 -0.187010 0.391692 0.530292 0.151548 0.299781 0.010496 0.144491 -0.249075 -0.228862 -0.044619 -0.188668 -0.252414 -0.166457 0.161600 0.156819 0.300794 0.014409 -0.088601 -0.167474 0.112480 0.350237 0.106660 0.156798 0.030951 0.121118 -0.049233 0.079428 -0.433631 0.114186 0.042125 0.200593 -0.137105 -0.308769 -0.145372 -0.385370 -0.021825 -0.215793 0.118081 -0.140474 0.011336 -0.125440 0.368744 -0.239061 0.040202 -0.305001 -0.368495 -0.383515 -0.027618 -0.257227 -0.217817 -0.006199 -0.136528 -0.142696 -0.074587 -0.036997 -0.416378 -0.421946
0.252326 0.329020 0.392487 -0.171512 0.038275 -0.063436 0.321592 0.009944 0.470875 0.090408 0.437940 0.312754 0.530324 0.348490 1.000000 0.400770 0.183156 0.131509 0.113502 -0.136255 0.133942 0.205927 0.118145 -0.258327 0.162964 -0.006641 0.043783 -0.096434 0.393760 0.105600 0.096509 -0.025215 0.026740 -0.049417 -0.115333 -0.068197 0.153025 -0.229284 -0.092352 -0.139484 0.082686 0.125457 -0.365079 -0.334644 -0.247501 -0.354098 -0.309314 -0.305907 -0.022610 -0.215363 -0.143978 -0.110590 0.023405 0.015207 -0.018013 -0.254097 -0.068766 0.024970 0.124405 -0.246988 0.406352 0.427743 -0.050384 0.162105 0.205168 -0.011849 -0.284464 -0.379444 0.130239 -0.075679 0.192360 0.025058 0.295443 0.410710 0.379534 0.223406 0.204522 -0.059408 -0.011532 0.173503 0.100735 0.168420 0.403323 0.015332 0.120402 -0.177533 -0.055386 -0.152121 0.386510 0.095536 -0.063887 -0.213881 -0.108975 0.031768 0.051565 -0.236988 -0.267814 -0.132862 -0.237021 -0.190717 0.047325 -0.144442 -0.061994 -0.235791 -0.358663 -0.377628 0.050668 -0.091532 -0.132409 -0.146461 -0.366556 -0.265073 -0.241894 -0.184333 -0.338480 -0.423041
0.200219 0.170024 0.008108 0.061544 -0.093198 -0.143607 0.216317 0.378622 0.078398 0.529689 0.090524 0.411003 0.268198 0.302703 0.400770 1.000000 0.257768 0.368469 -0.046610 0.010999 0.031599 0.066833 -0.256593 -0.181489 -0.317779 -0.175669 -0.271924 -0.365821 0.385087 0.474375 0.124399 0.224088 -0.105541 0.037590 -0.284112 -0.038194 0.161907 -0.192966 -0.063344 -0.136109 0.166641 0.235143 -0.286983 -0.306799 -0.225860 -0.242498 -0.340968 -0.253957 -0.244904 -0.173070 -0.289742 -0.199569 -0.184748 -0.081571 -0.242227 -0.276242 0.155999 0.111011 -0.086278 -0.300936 0.263412 0.056535 0.189037 0.174640 0.069130 0.014305 -0.176635 -0.302310 0.181864 -0.130142 0.055078 -0.001870 0.295319 0.286266 0.113004 0.186324 -0.049559 -0.040070 0.040088 0.137971 0.329966 0.400992 0.352050 0.288194 -0.053307 0.038582 -0.211580 -0.087835 -0.180582 -0.173047 -0.197428 -0.290874 -0.051523 -0.256826 0.071551 -0.272321 -0.290952 -0.186425 -0.367889 -0.198186 0.063890 -0.118981 -0.135888 -0.300006 -0.366362 -0.181045 -0.104587 -0.361057 -0.149584 -0.089831 -0.363957 -0.150936 -0.249568 0.042881 -0.157851 -0.271340
0.415319 -0.081792 -0.072530 -0.280832 0.042294 -0.223718 0.042033 -0.058123 0.233303 0.192929 0.135451 -0.001043 0.150878 -0.013781 0.183156 0.257768 1.000000 0.545041 0.040967 0.298205 -0.206372 -0.124400 -0.094867 -0.165855 -0.083543 -0.197785 -0.119836 -0.284703 0.665353 0.449675 0.052274 0.072574 0.238584 0.280906 -0.225151 -0.179212 0.480816 -0.164465 -0.106663 -0.153942 0.386460 0.228055 -0.132153 -0.179551 -0.214742 -0.251549 -0.227647 -0.294056 -0.296260 -0.247467 -0.417858 -0.301118 -0.089554 -0.172039 -0.153712 -0.270407 0.276466 0.234358 0.005837 -0.239330 0.138549 -0.051745 0.422687 0.116156 -0.074815 -0.182326 0.089836 -0.237276 0.407316 0.258649 0.145875 -0.028505 0.631649 0.312528 0.418271 0.158021 0.224601 0.060099 0.595059 0.386121 0.678878 0.526616 0.434677 0.155201 0.002096 -0.126147 -0.091681 -0.156414 -0.067479 -0.186972 -0.244970 -0.133077 -0.302107 -0.155136 0.171844 0.076542 -0.134537 0.114733 -0.182842 0.156578 -0.098334 -0.072175 -0.212900 -0.086903 -0.196779 0.057031 0.004155 0.007774 0.103535 -0.018916 -0.237756 -0.092745 -0.168234 0.076398 -0.044256 0.104100
0.204636 0.127661 -0.343216 -0.274541 -0.131440 -0.401435 -0.024211 -0.145708 -0.017955 0.069488 0.048152 0.058381 0.228370 0.174241 0.131509 0.368469 0.545041 1.000000 -0.397040 0.211339 -0.224588 -0.050190 -0.118344 -0.268933 -0.253685 -0.334146 -0.162485 -0.301863 0.589628 0.679052 0.137615 0.077914 0.100655 0.226249 -0.277980 -0.223888 0.257367 -0.144111 0.034831 0.050977 0.332717 0.307300 0.051500 -0.013681 0.034224 0.005914 0.036239 -0.240247 -0.329723 0.044158 -0.306726 -0.165677 -0.069061 -0.070116 -0.125786 -0.003904 0.420329 0.453282 0.062039 -0.162550 0.004719 -0.071410 0.435160 0.300761 -0.243370 -0.411189 -0.120532 -0.367575 0.194745 0.155503 -0.158063 -0.332509 0.480025 0.179956 0.129350 -0.049535 -0.159299 -0.314300 0.491487 0.503086 0.664832 0.773579 0.275131 0.347134 -0.140936 -0.190495 -0.125899 -0.184992 -0.237989 -0.164570 -0.206049 -0.360789 -0.404928 -0.424394 0.038303 0.037194 -0.025133 -0.008806 0.065965 0.089650 -0.088168 -0.125169 -0.186523 -0.260266 -0.247020 0.033458 -0.146489 -0.183677 0.089494 -0.009931 -0.197480 0.060437 -0.112366 0.021469 -0.047235 0.111647
0.243716 -0.044545 0.407591 0.050472 0.300212 -0.031047 0.494837 0.294240 0.348525 0.124682 -0.071234 0.000481 0.031348 -0.198811 0.113502 -0.046610 0.040967 -0.397040 1.000000 -0.155466 0.149959 0.150639 -0.074470 0.036759 0.298255 0.150759 0.200721 0.020941 0.040885 -0.220844 0.293125 0.166727 0.369318 0.103195 -0.096672 -0.155405 -0.044090 -0.178802 -0.149237 -0.162157 -0.032020 -0.118190 -0.227970 -0.206946 -0.316502 -0.388795 -0.310418 -0.195961 -0.098345 -0.385166 -0.149813 -0.269814 -0.083346 -0.097017 -0.152070 -0.366582 -0.155174 -0.211698 0.239659 -0.017345 0.315418 0.085031 -0.024377 -0.100514 0.187454 0.205631 0.138877 -0.187972 0.128020 -0.228413 0.267529 0.275912 0.085129 0.183095 0.309888 0.386265 0.239452 0.246267 -0.149916 -0.303574 -0.129515 -0.299932 0.226533 -0.029873 0.152386 0.116752 0.068967 -0.067382 0.300213 0.020113 -0.049920 0.004825 0.249080 0.194304 0.032812 -0.128401 -0.256566 -0.150313 -0.144825 -0.177025 0.140209 0.024837 0.028927 0.113847 -0.150349 -0.288412 -0.041929 0.003915 -0.055074 -0.133095 -0.200555 -0.205009 -0.275104 -0.211652 -0.238130 -0.285819
0.320627 0.004037 -0.465699 -0.154635 -0.001236 -0.072499 -0.270885 -0.194084 -0.172323 -0.023770 -0.120146 -0.181547 0.100542 -0.108075 -0.136255 0.010999 0.298205 0.211339 -0.155466 1.000000 -0.098152 -0.150765 -0.237253 0.092603 -0.308398 -0.224453 -0.107311 -0.107033 0.161959 0.014085 -0.198602 -0.123427 0.143459 0.238286 -0.037921 0.076334 0.149479 -0.017274 -0.142394 -0.076074 -0.014817 0.073322 0.034501 -0.021571 -0.079019 0.085558 -0.145717 0.044892 -0.320971 -0.034987 -0.465673 -0.195009 -0.132633 -0.146838 -0.249135 -0.228777 0.126948 0.153551 -0.018489 0.104840 -0.098891 -0.320213 0.271713 -0.045612 -0.471347 -0.366819 0.302327 0.343035 0.523287 0.636986 0.093177 -0.078001 0.072192 -0.159656 -0.255121 -0.032598 0.107317 0.140396 0.081676 -0.076039 0.250721 0.171103 0.299644 0.213136 -0.420307 -0.139840 0.019879 -0.015194 -0.393260 -0.367971 0.248825 0.362001 -0.016806 0.143346 -0.034513 0.186123 -0.117988 0.264495 -0.032313 0.204551 -0.005825 0.387799 0.233059 0.398478 0.327932 0.540573 0.429597 0.414835 0.261737 0.090762 0.057173 0.110729 -0.071871 0.130821 0.333608 0.494568
-0.303287 -0.208881 0.155164 -0.104001 0.117042 0.082293 -0.003109 -0.152191 0.012240 -0.042118 -0.295268 -0.302046 -0.244926 -0.270911 0.133942 0.031599 -0.206372 -0.224588 0.149959 -0.098152 1.000000 0.745284 0.285964 0.343411 0.282321 0.398503 0.443489 0.263368 -0.241204 -0.230053 0.314416 0.319851 -0.059846 0.041605 0.247716 0.395674 -0.162611 0.112559 0.278710 0.134904 -0.194132 0.146307 -0.229211 -0.172658 -0.047284 -0.067857 -0.197010 0.052798 0.224203 0.029144 0.166675 0.073862 -0.129584 0.134617 -0.102172 -0.059685 -0.000404 0.083709 -0.006583 -0.027480 -0.033838 -0.164542 -0.294402 -0.279178 0.378653 -0.020297 -0.106290 0.073346 -0.009663 -0.145881 0.173512 0.252507 -0.248363 -0.046378 -0.172817 0.084780 -0.085466 -0.071472 -0.217003 -0.275084 -0.160502 -0.113887 0.073160 0.146431 0.087965 -0.162315 0.254467 0.017141 0.200740 -0.181177 0.150901 0.078672 0.076892 0.338966 0.028809 -0.164267 -0.219032 -0.157005 -0.291398 -0.272282 -0.266904 0.069731 -0.070440 0.005049 0.123427 0.075829 -0.025634 -0.057724 -0.163983 -0.160082 -0.008236 -0.233372 -0.214823 -0.249922 0.126515 0.001926
-0.175410 -0.080683 0.269644 -0.207918 -0.001120 -0.150693 0.278499 -0.028695 -0.025071 -0.057975 -0.244410 -0.214518 -0.015225 -0.047464 0.205927 0.066833 -0.124400 -0.050190 0.150639 -0.150765 0.745284 1.000000 0.253666 0.187673 0.262845 0.348273 0.385178 0.269424 0.003212 -0.110177 0.384545 0.386609 -0.035242 0.161110 0.097240 0.218065 -0.085447 -0.055492 0.259544 0.151019 0.063640 0.276816 -0.316402 -0.347122 -0.045387 -0.208892 -0.291283 -0.244467 0.105971 -0.186525 0.124255 -0.149400 -0.173019 0.015452 -0.168115 -0.210001 0.069926 0.156313 0.159667 0.004499 0.037839 -0.058852 -0.078653 -0.132793 0.245186 -0.177105 0.013325 -0.095471 0.076582 -0.101752 0.196006 0.301744 -0.047655 0.062801 -0.061647 0.122248 -0.178295 -0.071674 -0.045310 -0.207681 0.020629 0.034610 0.283080 0.297368 0.068141 -0.234303 0.216408 -0.141083 0.217839 -0.148789 -0.000176 -0.073769 -0.063401 0.162788 0.217876 -0.284846 -0.324944 -0.284830 -0.288705 -0.359817 -0.067278 -0.007135 0.012274 -0.054344 -0.046299 -0.069851 -0.063856 -0.139925 -0.146420 -0.188843 -0.163878 -0.370481 -0.334773 -0.325617 -0.078732 -0.153755
-0.522800 -0.226793 0.391984 0.244165 -0.075579 0.172054 -0.269369 -0.414200 -0.054945 -0.421527 0.140161 -0.225803 -0.336462 -0.253794 0.118145 -0.256593 -0.094867 -0.118344 -0.074470 -0.237253 0.285964 0.253666 1.000000 0.526353 0.531894 0.591604 0.553509 0.655029 -0.149355 -0.142462 0.359760 0.381857 -0.164201 -0.122061 0.185084 0.097650 -0.086618 0.289762 0.321902 0.300470 0.052263 0.130896 -0.034579 -0.003124 0.012783 0.001073 0.005417 0.079674 0.195565 0.093397 0.475082 0.166448 0.099954 0.220332 0.016805 0.180898 -0.264694 -0.070197 -0.307174 0.017887 -0.497683 -0.233004 -0.283453 -0.117414 0.220148 -0.117649 -0.069099 0.043070 -0.253389 -0.098344 -0.078970 0.136570 -0.196785 -0.087873 -0.143404 -0.205804 -0.062909 0.073465 -0.063058 0.012594 -0.199725 -0.147881 0.045178 0.104789 0.363884 -0.124641 0.456705 0.124100 0.173813 -0.136115 -0.135571 -0.083150 -0.059798 0.162995 0.191815 0.096775 0.141778 0.190707 -0.234558 -0.162150 -0.411621 -0.264691 -0.290474 0.022884 0.099923 0.059597 -0.042981 -0.035582 0.053800 0.099839 0.139267 -0.137124 0.025409 -0.010239 0.068844 0.089135
-0.452820 -0.389356 0.090329 0.489947 0.018072 0.414297 -0.392193 -0.109967 -0.202328 -0.146419 -0.430090 -0.319579 -0.478779 -0.470822 -0.258327 -0.181489 -0.165855 -0.268933 0.036759 0.092603 0.343411 0.187673 0.526353 1.000000 0.292643 0.618085 0.554045 0.517714 -0.292507 -0.261462 0.358941 0.566385 -0.224478 0.164891 0.113331 0.178180 -0.158747 0.297830 0.030070 0.143284 -0.157947 -0.046518 -0.139848 -0.189183 -0.246021 -0.076337 -0.150128 -0.011368 -0.054267 0.068047 0.050354 0.025383 -0.067173 0.125759 -0.261914 -0.021399 -0.262392 -0.278014 -0.276530 0.089025 -0.381638 -0.477576 -0.054914 -0.225818 0.037963 -0.029934 0.245690 0.374033 -0.045098 0.019781 0.099059 0.360282 -0.254548 -0.109613 -0.277549 -0.093799 0.034979 0.345308 -0.061746 -0.262858 -0.224340 -0.231616 -0.179576 -0.027359 0.050968 -0.131918 0.191876 0.052601 -0.139285 -0.279801 0.041870 0.271097 0.309485 0.404726 0.077095 0.148148 -0.039972 0.254344 -0.237550 0.105770 -0.076784 0.084587 -0.022858 0.221698 0.244542 0.332786 0.081236 0.068524 0.153398 0.175238 0.072609 -0.057348 0.032719 0.220909 0.426977 0.343787
-0.200862 -0.145479 0.463133 0.150932 0.314681 0.259051 0.124846 -0.017981 0.372571 -0.147048 -0.055412 -0.067803 -0.066137 -0.147075 0.162964 -0.317779 -0.083543 -0.253685 0.298255 -0.308398 0.282321 0.262845 0.531894 0.292643 1.000000 0.697131 0.572648 0.451394 -0.037407 -0.157467 0.310832 0.217597 0.214891 0.126379 0.107423 0.049306 -0.120097 -0.032788 0.040618 0.064055 -0.070316 -0.067976 -0.232791 -0.203155 -0.099415 -0.252946 -0.143215 -0.150735 0.238311 -0.080463 0.181570 0.064177 0.100590 0.000603 -0.118796 -0.091414 -0.264706 -0.272685 -0.000609 -0.039302 -0.103692 0.029913 -0.227637 -0.238840 0.215318 0.074193 0.194865 -0.036651 0.069023 -0.096386 0.087827 0.096111 0.096114 0.014873 0.183932 0.039134 0.201387 0.070975 -0.100943 -0.129605 -0.126133 -0.269533 -0.052116 -0.031086 0.024103 -0.200566 0.067655 -0.147970 0.345085 -0.081346 -0.121566 -0.047401 0.091576 0.235804 0.058834 -0.080076 -0.003921 0.069872 -0.270146 -0.088272 -0.058702 -0.039180 -0.117039 0.131163 0.024968 -0.105170 0.055908 0.086361 -0.139108 0.005286 0.071033 -0.276920 -0.199044 -0.284856 -0.059249 -0.144832
-0.437807 -0.279812 0.248458 0.367431 -0.057026 0.407608 -0.192540 -0.057969 -0.093844 -0.161278 -0.318433 -0.191901 -0.255845 -0.209540 -0.006641 -0.175669 -0.197785 -0.334146 0.150759 -0.224453 0.398503 0.348273 0.591604 0.618085 0.697131 1.000000 0.488592 0.645956 -0.256198 -0.171707 0.360475 0.381759 -0.010750 0.123350 0.221042 0.241011 -0.096932 0.338474 0.299149 0.364052 -0.053455 0.170861 -0.280372 -0.255323 -0.125914 -0.198252 -0.244434 -0.066475 0.194836 -0.064041 0.271440 0.025258 -0.043173 -0.016267 -0.100233 -0.000786 -0.210364 -0.207976 -0.181003 -0.002723 -0.286086 -0.153244 -0.201071 -0.290804 0.120038 0.004291 0.270739 0.203467 0.038140 -0.037541 0.106504 0.354518 -0.116860 0.067235 0.090577 0.116149 0.220965 0.274291 -0.138139 -0.173181 -0.162266 -0.292179 -0.092437 0.099906 0.019146 -0.288518 0.145106 0.044263 0.067837 -0.210617 -0.129125 0.056631 0.194111 0.300545 0.169581 -0.049736 0.026720 0.131847 -0.411780 -0.139163 -0.056147 0.000744 -0.122301 0.211558 0.144621 0.068027 0.042529 -0.068344 -0.026837 0.065814 0.141620 -0.384155 -0.308741 -0.161015 0.074196 -0.014872
-0.324661 -0.150803 0.300844 0.184532 0.334210 0.391783 -0.011725 -0.357698 0.148382 -0.200899 -0.175510 -0.232439 -0.355317 -0.421512 0.043783 -0.271924 -0.119836 -0.162485 0.200721 -0.107311 0.443489 0.385178 0.553509 0.554045 0.572648 0.488592 1.000000 0.571322 -0.177683 -0.340234 0.393106 0.332913 0.056509 0.026584 0.075588 -0.007880 -0.155540 0.042564 0.045654 0.097714 -0.172518 -0.056584 -0.176102 -0.225738 -0.175820 -0.201167 -0.051283 -0.031423 -0.019830 0.108649 0.155570 0.196950 0.143932 0.396831 -0.015716 0.061343 -0.247047 -0.082685 -0.142777 0.219487 -0.242573 -0.173843 -0.178057 -0.105981 0.079215 -0.236835 0.078725 -0.029460 -0.041679 -0.026203 0.186289 0.106939 -0.147755 -0.027294 -0.113149 -0.154121 -0.036088 0.035982 -0.121716 -0.119160 -0.165799 -0.146228 0.005919 0.084866 0.183488 -0.130612 0.236659 -0.108405 0.186001 -0.006471 0.014537 0.003114 -0.001911 0.149495 0.012990 0.031133 -0.136304 -0.019876 -0.141810 -0.083711 -0.212304 -0.140709 -0.204481 0.041922 0.078348 0.099716 0.112430 0.021040 0.024380 -0.002818 -0.037411 -0.162614 -0.074710 -0.139693 0.196570 0.148892
-0.469732 -0.151399 0.022088 0.392260 -0.281823 0.357340 -0.398703 -0.319438 -0.280555 -0.580348 -0.153994 -0.176261 -0.368685 -0.229965 -0.096434 -0.365821 -0.284703 -0.301863 0.020941 -0.107033 0.263368 0.269424 0.655029 0.517714 0.451394 0.645956 0.571322 1.000000 -0.359209 -0.453627 0.070473 0.089533 -0.079939 -0.241795 0.172249 0.054526 -0.097296 0.524385 0.368877 0.513517 0.027096 0.080857 -0.095792 -0.071525 -0.118170 -0.086597 -0.035201 0.080210 -0.032663 -0.084677 0.411385 0.109535 -0.059795 0.101481 0.206152 0.219929 -0.211734 -0.034222 -0.312067 0.138249 -0.433491 -0.230226 -0.280147 -0.236378 0.056335 0.002944 0.213990 0.275347 -0.054254 0.148876 -0.098343 0.145946 -0.376816 -0.165775 -0.152289 -0.216807 -0.048134 0.103764 -0.092420 -0.092597 -0.209603 -0.316751 -0.061425 0.259884 0.225601 0.133035 0.309317 0.304649 0.055724 0.000329 -0.048866 0.050336 0.041049 0.216348 0.167818 0.059813 0.248074 0.357050 -0.072362 -0.064909 -0.173374 -0.158565 -0.054260 0.241137 0.320711 0.197303 0.120505 0.129011 0.061996 0.175493 0.220107 -0.214905 -0.088506 0.033850 0.266866 0.176046
0.500095 0.100837 0.023292 -0.297790 0.046199 -0.307340 0.262339 0.112833 0.300037 0.182955 0.221113 0.234623 0.516442 0.233985 0.393760 0.385087 0.665353 0.589628 0.040885 0.161959 -0.241204 0.003212 -0.149355 -0.292507 -0.037407 -0.256198 -0.177683 -0.359209 1.000000 0.588056 0.159215 0.161672 0.224482 0.311849 -0.458572 -0.371844 0.489438 -0.310387 -0.173614 -0.249749 0.580763 0.190878 -0.125948 -0.220021 -0.161153 -0.261926 -0.189615 -0.457870 -0.292218 -0.269970 -0.479502 -0.375832 -0.130368 -0.269149 -0.163824 -0.299770 0.234386 0.159659 0.214130 -0.311859 0.238378 -0.002508 0.500739 0.152356 -0.214192 -0.255610 0.007007 -0.370677 0.401574 0.099360 0.038585 -0.068998 0.827368 0.279420 0.431130 0.242549 0.114795 -0.100722 0.465977 0.314565 0.555351 0.525247 0.460128 0.235633 -0.170520 -0.123752 -0.217380 -0.244927 -0.063590 -0.082135 -0.333901 -0.266116 -0.264836 -0.303061 0.152053 -0.169624 -0.182335 -0.065479 -0.082192 0.050828 0.059421 -0.091345 -0.135436 -0.214248 -0.445280 -0.205387 -0.121102 -0.160309 -0.137920 0.025856 -0.331753 0.018896 -0.187483 0.071567 -0.197585 -0.128144
0.274373 0.122738 -0.166005 -0.259516 -0.166225 -0.391324 0.009507 0.116857 -0.008451 0.284661 0.111281 0.151002 0.207048 0.256604 0.105600 0.474375 0.449675 0.679052 -0.220844 0.014085 -0.230053 -0.110177 -0.142462 -0.261462 -0.157467 -0.171707 -0.340234 -0.453627 0.588056 1.000000 0.272733 0.276698 0.155919 0.399739 -0.176555 -0.048245 0.388252 -0.134448 -0.002102 -0.023078 0.385734 0.390343 -0.019512 -0.074756 0.002933 -0.103969 0.004699 -0.251011 -0.173716 -0.099102 -0.331800 -0.259252 -0.115025 -0.257030 -0.278756 -0.047914 0.419607 0.308550 0.140941 -0.317299 0.063662 -0.064053 0.446363 0.268553 -0.081902 -0.215030 -0.084495 -0.357703 0.168774 -0.060996 -0.191314 -0.113316 0.679010 0.317311 0.343176 0.263600 0.077598 -0.091779 0.495415 0.506248 0.496515 0.626899 0.134995 0.237991 -0.145232 -0.218437 -0.237572 -0.127245 -0.247468 -0.225692 -0.408782 -0.416039 -0.365440 -0.413099 0.147648 -0.090912 0.003482 -0.053847 -0.121138 0.065698 -0.033775 -0.127353 -0.168813 -0.325776 -0.433352 -0.235122 -0.230893 -0.413094 -0.153108 -0.068415 -0.161055 0.027915 -0.110364 0.045170 -0.226449 -0.194249
-0.171020 -0.126578 0.322674 -0.049831 0.034528 -0.305188 0.194340 0.016388 -0.059011 0.022729 -0.175393 -0.180501 -0.116907 -0.225275 0.096509 0.124399 0.052274 0.137615 0.293125 -0.198602 0.314416 0.384545 0.359760 0.358941 0.310832 0.360475 0.393106 0.070473 0.159215 0.272733 1.000000 0.790602 0.274940 0.483919 -0.054377 -0.002084 0.060208 -0.098803 0.192133 0.060573 0.133779 0.230404 -0.290019 -0.292146 -0.193222 -0.286453 -0.183469 -0.294835 -0.110010 -0.087072 -0.038822 -0.154986 -0.124088 0.030211 -0.210437 -0.037125 0.062636 0.077990 0.023779 -0.179843 -0.079804 -0.236361 0.098950 -0.053871 0.134064 -0.246600 0.045803 -0.224409 0.079391 -0.228481 0.130502 0.199374 0.312548 0.183934 0.153820 0.195882 0.060785 0.074709 0.025175 0.051257 0.097446 0.146163 0.227711 0.143137 0.269587 -0.143666 0.309399 -0.164465 0.135249 -0.196622 -0.385489 -0.370537 -0.215238 -0.124420 0.088941 -0.075027 -0.148055 -0.168149 -0.303216 -0.218937 -0.194623 -0.211241 -0.116450 -0.088224 -0.247696 -0.225392 -0.323713 -0.305799 -0.116863 0.005515 -0.182256 -0.221487 -0.253393 -0.141872 -0.160302 -0.223857
-0.220795 -0.315313 0.310570 0.123072 0.013250 -0.144332 0.079088 0.131166 -0.047797 0.191182 -0.252771 -0.160282 -0.228769 -0.249734 -0.025215 0.224088 0.072574 0.077914 0.166727 -0.123427 0.319851 0.386609 0.381857 0.566385 0.217597 0.381759 0.332913 0.089533 0.161672 0.276698 0.790602 1.000000 0.049864 0.498265 0.003755 0.107121 0.003683 0.017031 0.098109 0.042884 0.134711 0.259304 -0.303859 -0.344420 -0.252543 -0.264273 -0.262959 -0.335317 -0.153415 -0.183679 -0.152397 -0.286488 -0.209597 -0.085805 -0.422122 -0.200513 -0.031890 -0.081469 -0.064784 -0.193361 -0.166170 -0.418605 0.224175 -0.111804 0.168804 -0.152858 0.097060 -0.091857 0.026850 -0.181870 0.058896 0.424017 0.231011 0.159492 0.008097 0.232174 0.093448 0.284833 0.135719 -0.050925 0.051426 0.145384 0.216867 0.162843 0.173097 -0.107112 0.317042 -0.049899 0.009305 -0.352919 -0.316465 -0.257179 -0.040804 0.009523 0.216334 -0.096823 -0.196316 -0.080231 -0.397323 -0.180721 -0.157780 -0.078305 -0.022463 -0.008817 -0.133826 -0.068766 -0.179654 -0.248654 -0.069305 -0.036391 -0.129335 -0.223522 -0.236470 0.022438 -0.000865 -0.074889
0.361557 0.101552 0.033428 -0.139002 0.077963 -0.252500 0.239670 0.124083 0.079354 0.022392 -0.127952 -0.109872 0.180810 -0.139795 0.026740 -0.105541 0.238584 0.100655 0.369318 0.143459 -0.059846 -0.035242 -0.164201 -0.224478 0.214891 -0.010750 0.056509 -0.079939 0.224482 0.155919 0.274940 0.049864 1.000000 0.558073 0.157781 -0.030170 0.135327 -0.185363 -0.001504 -0.052416 0.195009 0.136137 -0.283066 -0.262586 -0.289481 -0.447593 -0.209010 -0.302025 -0.280437 -0.322742 -0.319934 -0.178015 -0.108366 -0.154357 -0.108837 -0.113977 0.262593 0.214343 0.220739 -0.097174 0.060902 0.050469 0.143654 -0.050859 -0.073527 -0.117137 0.373298 -0.155877 0.546561 0.127954 0.039816 -0.144425 0.387087 0.133509 0.393043 0.221412 0.309425 -0.100255 0.069987 0.121617 0.377870 0.150131 0.302930 0.178372 -0.057890 0.030608 0.138680 0.028605 0.103217 0.051226 -0.262797 -0.280390 -0.214075 -0.198120 -0.009127 -0.237713 -0.098838 -0.020539 -0.063609 -0.093486 -0.010809 0.011447 0.009956 0.065408 -0.135990 -0.254901 -0.063469 0.025248 -0.274837 -0.257762 -0.203189 -0.289984 -0.342925 -0.282097 -0.275013 -0.298337
0.189446 -0.119179 0.051683 -0.121222 0.053213 -0.280566 0.115063 0.188462 -0.015031 0.146548 -0.251156 -0.135383 0.184044 -0.036672 -0.049417 0.037590 0.280906 0.226249 0.103195 0.238286 0.041605 0.161110 -0.122061 0.164891 0.126379 0.123350 0.026584 -0.241795 0.311849 0.399739 0.483919 0.498265 0.558073 1.000000 0.179822 0.259212 0.206650 -0.137303 -0.041777 -0.085754 0.228400 0.341980 -0.355002 -0.412530 -0.181451 -0.362071 -0.277437 -0.446526 -0.140103 -0.285472 -0.470852 -0.417945 -0.200863 -0.268757 -0.398439 -0.289534 0.174698 0.056781 0.250025 -0.177144 0.002990 -0.186577 0.340309 -0.101883 -0.083049 -0.258740 0.443293 0.031496 0.456967 0.069200 0.049223 0.048964 0.458167 0.111313 0.265324 0.240699 0.231637 0.090638 0.256113 0.107042 0.332211 0.319685 0.272868 0.176737 -0.211906 -0.263435 0.035232 -0.175485 -0.083811 -0.305778 -0.345049 -0.210009 -0.222556 -0.119359 0.099616 -0.100859 -0.203238 -0.099859 -0.251092 -0.035396 0.029318 0.054836 0.031494 0.031546 -0.135804 -0.007827 -0.111874 -0.011852 -0.082898 -0.214721 -0.233454 -0.220635 -0.308701 -0.113768 -0.025143 -0.047531
-0.425726 -0.269296 0.092559 -0.030754 -0.142552 0.091638 -0.168629 -0.236684 -0.157847 -0.188631 -0.034269 -0.277877 -0.292598 -0.244693 -0.115333 -0.284112 -0.225151 -0.277980 -0.096672 -0.037921 0.247716 0.097240 0.185084 0.113331 0.107423 0.221042 0.075588 0.172249 -0.458572 -0.176555 -0.054377 0.003755 0.157781 0.179822 1.000000 0.750678 -0.247560 0.362327 0.234049 0.203139 -0.249644 0.053416 -0.071360 -0.044104 0.200206 0.130432 0.072327 0.228896 0.364532 0.140048 0.234352 0.176954 0.056114 0.113991 -0.020511 0.206466 -0.085316 0.047092 -0.086369 -0.044129 -0.289776 -0.059847 -0.464376 -0.351882 0.352656 0.115290 0.207929 0.348501 -0.016478 0.149340 -0.207539 -0.010758 -0.355767 -0.270701 -0.237052 -0.157818 0.074030 0.049961 -0.149851 0.047473 -0.271848 -0.235000 -0.167477 -0.089927 0.129323 -0.091241 0.366488 0.159079 0.164627 -0.125165 0.014153 0.038635 -0.090817 0.272725 -0.100152 0.124070 0.068607 0.173498 -0.129565 -0.027912 -0.190230 -0.000680 -0.069673 0.145540 0.289083 0.239230 -0.047786 0.129594 -0.006295 -0.107556 0.220018 -0.064241 0.054122 -0.071498 0.154003 0.072793
-0.413031 -0.274313 -0.006534 -0.021942 -0.069331 0.154802 -0.202003 -0.038955 -0.168137 -0.003006 -0.012314 -0.156940 -0.241232 -0.077542 -0.068197 -0.038194 -0.179212 -0.223888 -0.155405 0.076334 0.395674 0.218065 0.097650 0.178180 0.049306 0.241011 -0.007880 0.054526 -0.371844 -0.048245 -0.002084 0.107121 -0.030170 0.259212 0.750678 1.000000 -0.210642 0.250804 0.238347 0.176758 -0.252588 0.154535 -0.149471 -0.139220 0.267930 0.151853 -0.066935 0.144825 0.350454 0.098109 0.123374 -0.016919 -0.169713 -0.059304 -0.174410 0.004822 -0.100723 -0.022988 -0.050758 -0.050043 -0.204561 -0.119355 -0.399829 -0.393507 0.377498 0.148162 0.207678 0.381958 0.038365 0.097167 -0.190044 0.011175 -0.337262 -0.274931 -0.257288 -0.117118 -0.128003 -0.003321 -0.178197 -0.030401 -0.241338 -0.124456 -0.066422 0.028592 0.041943 -0.100865 0.212469 0.151760 0.014870 -0.340183 0.017431 0.029799 -0.004325 0.256331 -0.071300 0.026405 0.006447 0.025285 -0.281131 -0.130463 -0.195495 -0.015050 -0.032648 0.100411 0.236605 0.318872 -0.000372 0.143679 0.048016 -0.037224 0.114383 -0.112044 -0.014895 -0.087879 0.307268 0.123072
