1.000000 0.395486 -0.165851 0.090479 0.072284 -0.382152 0.205907 0.367684 -0.267333 0.366117 0.422593 0.278857 0.455066 0.532176 0.237710 0.477990 0.221016 0.275439 0.359342 -0.174107 0.176552 0.101455 -0.029242 -0.532762 0.280425 -0.220397 0.031582 -0.441926 0.412828 0.449063 0.405171 0.240073 0.317734 0.330255 -0.048428 -0.285840 -0.171553 -0.037432 -0.150133 -0.245708 -0.106998 0.243716 -0.277908 -0.250330 -0.327921 -0.443303 -0.373717 -0.423087 -0.086761 -0.160061 -0.163500 0.118686 0.198305 0.167282 0.114273 -0.227534 0.451535 -0.030491 0.231188 -0.028021 0.561878 0.507952 0.520177 0.549229 -0.062226 -0.062470 -0.402091 -0.448892 -0.202627 -0.344851 0.139225 0.040247 0.294356 0.345227 0.317367 0.149010 0.147826 -0.025949 0.024119 0.166709 0.096829 0.098195 0.183170 0.256834 -0.116542 -0.067862 0.073041 0.019731 -0.350293 -0.074575 -0.359678 -0.294061 -0.357574 -0.486423 -0.326861 0.039845 -0.540490 -0.417116 -0.344606 -0.383464 -0.303867 -0.432894 -0.238718 -0.223523 -0.393054 -0.293619 -0.283382 -0.199534 -0.133426 0.005032 -0.673789 -0.395000 -0.251338 -0.245200 -0.143710 0.027809
0.395486 1.000000 -0.490085 -0.087131 0.216973 -0.144671 -0.198689 -0.048813 -0.025493 0.385003 -0.060660 -0.004947 0.052689 0.197632 -0.038318 0.310894 0.009324 0.178546 0.130834 0.312607 0.035692 -0.001714 -0.451894 -0.339849 0.230200 -0.423697 0.001037 -0.350861 0.067733 0.140839 -0.019692 -0.182983 -0.085891 0.073867 -0.370702 -0.219265 -0.382630 -0.179692 -0.390274 -0.178116 -0.082270 0.036457 0.062386 -0.004261 -0.084352 -0.178929 -0.070923 0.030839 0.040036 0.062926 -0.261843 0.096072 0.139634 0.166935 -0.306642 -0.224809 0.225536 0.522412 0.140494 0.385905 0.154488 0.343413 0.238240 0.381354 -0.450419 -0.322338 -0.059261 -0.188662 0.138328 0.211807 -0.039113 -0.072365 -0.125715 -0.101391 -0.272876 -0.237047 -0.223876 -0.053856 -0.023646 0.025240 0.234274 0.277002 0.110012 0.345827 -0.334497 -0.396045 -0.080089 -0.110465 -0.485827 -0.355068 0.177148 0.101753 0.077884 -0.136147 -0.018771 -0.204461 -0.138203 -0.159424 0.136441 -0.089145 0.152591 -0.115549 0.206940 0.076143 0.063503 -0.239119 -0.058075 0.161566 -0.124755 -0.131618 -0.405251 -0.055494 -0.123532 -0.080411 -0.301564 -0.188476
-0.165851 -0.490085 1.000000 0.365798 -0.323110 -0.081266 0.596312 0.340851 -0.180374 -0.119810 0.050459 -0.001133 0.069735 -0.080819 0.006664 -0.157109 -0.034267 -0.308193 0.167739 -0.184291 -0.124390 -0.122495 0.773597 0.340825 -0.182439 0.211389 -0.028493 0.176635 -0.158755 -0.215664 0.244812 0.367594 0.070894 0.045545 0.284459 0.350710 0.117540 -0.112205 0.091781 -0.046022 -0.024781 -0.128609 -0.344210 -0.345844 -0.215746 -0.168206 -0.293100 -0.428344 -0.135628 -0.257749 0.200621 -0.121715 -0.115137 -0.238509 -0.072506 -0.178271 -0.253361 -0.364783 -0.131527 -0.425243 -0.197261 -0.359844 -0.404034 -0.375034 0.446161 0.230385 -0.158012 0.129749 -0.296080 -0.226750 0.054490 0.100038 0.016477 0.009435 0.168137 0.035655 0.020075 -0.152518 -0.110139 -0.164894 -0.408868 -0.399386 0.136211 -0.175069 0.074657 0.129334 0.113387 0.265004 0.293052 0.211122 -0.048857 -0.136657 0.151256 0.316379 -0.030997 0.041218 -0.249100 -0.191812 -0.352919 -0.230419 -0.030338 0.260264 -0.149742 0.015038 -0.105530 0.058789 0.131615 0.053876 0.150799 -0.067409 0.113867 -0.232380 -0.116785 0.109257 0.134292 0.137383
0.090479 -0.087131 0.365798 1.000000 -0.080406 0.030999 0.415957 0.595854 -0.216555 0.147594 0.117822 0.254209 0.071405 0.225913 -0.034281 0.033567 -0.100538 -0.380506 0.383501 0.058514 0.088549 -0.061048 0.391686 0.287369 0.127377 -0.151783 -0.103976 -0.113289 -0.044546 -0.014039 0.359079 0.507016 -0.079926 0.091397 -0.034228 0.231734 0.006731 -0.038634 0.022450 0.023461 0.092603 0.133449 -0.467128 -0.425588 -0.479122 -0.316307 -0.418470 -0.461825 -0.357611 -0.258220 -0.062667 -0.119702 0.075977 -0.053702 -0.110115 -0.254471 -0.368985 -0.534549 -0.221270 -0.295044 -0.155347 -0.068201 -0.105874 -0.184217 0.153728 0.195409 -0.376676 -0.099270 -0.184985 -0.148682 0.015158 0.349254 0.023169 0.090519 0.142412 0.245618 0.026566 0.008083 -0.204987 -0.246055 -0.283486 -0.310088 0.355310 0.305937 -0.039186 0.076232 0.058303 0.220142 -0.061900 0.153433 -0.022237 -0.213794 0.198913 0.034476 -0.017420 0.212406 -0.459287 -0.246056 -0.445572 -0.321951 0.040191 -0.002784 -0.124034 -0.103829 -0.302361 -0.028404 0.035364 -0.004162 0.124671 -0.005291 -0.213933 -0.269778 -0.115946 -0.059238 0.175733 0.269916
0.072284 0.216973 -0.323110 -0.080406 1.000000 0.378668 0.087581 0.143833 0.504352 0.702898 -0.071247 0.056281 0.165556 0.285159 0.546437 0.625521 -0.314630 -0.134792 0.004567 0.017096 0.428794 0.285531 -0.446678 -0.135093 0.621054 -0.034711 0.640918 0.067697 -0.223818 -0.105221 0.039135 -0.159291 -0.326320 -0.266927 -0.329442 -0.155494 -0.524016 -0.485071 -0.372932 -0.295012 -0.332285 -0.306694 0.035217 0.068763 0.020520 0.135358 -0.172286 0.019501 0.011583 0.023440 -0.110194 -0.141023 -0.069221 -0.172189 -0.367497 -0.288536 -0.148395 0.022051 0.086807 0.278118 0.110195 0.258268 0.063908 0.059691 -0.110894 0.007810 -0.076224 0.088578 0.000565 0.045697 0.124575 0.001714 -0.323069 -0.324055 -0.391173 -0.346927 -0.474542 -0.303356 -0.224423 -0.303476 -0.079540 -0.160611 -0.306472 0.030044 -0.184186 -0.241497 -0.207070 -0.301579 -0.147871 -0.328490 0.177638 0.052574 0.143153 0.009153 -0.209293 -0.318410 -0.117357 -0.280849 0.022023 -0.266171 0.202901 -0.111117 0.196657 -0.097209 -0.150625 -0.196220 -0.176911 0.019100 -0.242061 -0.226012 -0.268293 -0.091742 -0.141143 -0.097284 -0.208380 -0.254746
-0.382152 -0.144671 -0.081266 0.030999 0.378668 1.000000 -0.185800 -0.135633 0.625762 -0.039694 -0.281822 0.153551 -0.253216 -0.228267 -0.006029 -0.194303 -0.235879 -0.115441 -0.364736 -0.154025 0.021522 -0.009882 -0.155357 0.224143 0.175923 0.195901 0.307734 0.355929 -0.337196 -0.204042 -0.352177 -0.290353 -0.220469 -0.182494 0.010657 0.088625 -0.063282 -0.108108 -0.052188 0.040015 -0.104966 -0.147490 -0.031154 0.002324 -0.066280 0.104976 0.193693 0.083124 0.133564 0.186252 0.265504 0.056470 0.106670 0.002337 -0.152091 0.139917 -0.268257 -0.085387 0.036240 0.111022 -0.060515 0.051682 -0.078920 -0.107533 0.171651 0.260143 0.027016 0.063843 -0.032518 -0.064016 0.019879 0.020503 -0.234825 -0.056439 -0.101326 -0.019027 -0.183402 -0.076846 -0.039911 -0.121189 -0.108143 -0.213243 -0.433541 -0.293174 0.232160 0.024848 -0.154708 -0.216430 0.174035 0.186651 0.233306 0.116502 0.370196 0.327483 -0.046336 0.027598 0.018067 0.037311 0.040381 0.083449 0.273883 0.114699 0.084432 -0.299118 -0.085743 -0.031857 -0.196203 -0.039788 -0.212168 -0.024883 0.107695 0.298630 0.213849 0.026201 0.181560 -0.054549
0.205907 -0.198689 0.596312 0.415957 0.087581 -0.185800 1.000000 0.773096 -0.210079 0.292065 0.486119 0.281842 0.639440 0.515251 0.393134 0.364316 -0.027558 -0.208512 0.182435 -0.292378 0.274389 0.149890 0.405788 0.041556 0.305767 0.061786 0.246911 -0.086588 0.078800 0.064690 0.570722 0.471747 -0.033065 0.011409 0.237762 0.217174 -0.082607 -0.198829 0.063596 -0.062005 -0.055537 -0.022281 -0.446892 -0.382098 -0.288589 -0.258689 -0.581473 -0.579176 -0.212817 -0.359587 0.131819 -0.156093 -0.023125 -0.223815 0.010138 -0.345136 -0.282452 -0.564504 -0.085126 -0.351139 0.031061 -0.065345 -0.121819 -0.107446 0.245025 0.181732 -0.439632 0.010713 -0.561818 -0.472523 0.255115 0.201668 0.163423 0.073752 0.175091 0.052934 -0.061418 -0.171292 -0.216983 -0.305117 -0.388099 -0.441744 0.218206 0.074955 -0.078587 0.119120 0.120020 0.237536 0.002515 0.022251 -0.215031 -0.349810 -0.155310 -0.077904 -0.252199 0.127348 -0.495000 -0.536895 -0.514805 -0.647843 -0.100719 -0.045843 -0.153684 -0.129116 -0.376653 -0.020732 0.051741 -0.159893 0.014096 -0.007367 -0.298138 -0.563274 -0.228001 -0.109153 0.108599 0.151023
0.367684 -0.048813 0.340851 0.595854 0.143833 -0.135633 0.773096 1.000000 -0.191626 0.476971 0.459491 0.498584 0.603446 0.701704 0.372934 0.515281 -0.071639 -0.156199 0.145595 -0.330878 0.375534 0.266287 0.323367 0.016506 0.393034 -0.042516 0.268248 -0.144817 0.128209 0.211384 0.589545 0.527996 -0.114296 -0.010177 0.200664 0.105363 -0.193361 -0.193153 -0.075929 -0.120169 -0.103460 0.025264 -0.587530 -0.498169 -0.398356 -0.373066 -0.573888 -0.683536 -0.139122 -0.303504 0.175871 0.030568 0.180823 -0.043983 0.042059 -0.325699 -0.276012 -0.646736 0.036025 -0.278336 0.215670 0.282248 0.081153 0.105909 0.218369 0.276599 -0.616314 -0.228145 -0.663615 -0.568716 0.212702 0.339393 0.180839 0.176888 0.203294 0.086076 -0.104942 -0.229711 -0.228608 -0.252603 -0.403915 -0.478550 0.141140 0.113309 -0.036444 0.056535 0.113420 0.185341 -0.098900 0.066515 -0.246189 -0.454481 -0.077147 -0.206981 -0.370294 0.128274 -0.641461 -0.672161 -0.603956 -0.751239 -0.113577 -0.248242 -0.295502 -0.349370 -0.608740 -0.259062 -0.073171 -0.150130 -0.080719 -0.133691 -0.536746 -0.661607 -0.311989 -0.174414 0.026383 0.026094
-0.267333 -0.025493 -0.180374 -0.216555 0.504352 0.625762 -0.210079 -0.191626 1.000000 0.126632 -0.095622 0.303538 -0.122588 -0.031699 0.199184 0.096709 -0.119023 0.094211 -0.333737 -0.184415 0.024549 0.028543 -0.223292 -0.030873 0.093580 0.164545 0.302778 0.268207 -0.214985 -0.126331 -0.316751 -0.312784 -0.120473 -0.119018 -0.002791 0.009695 -0.178024 -0.212821 -0.080651 -0.136230 -0.197740 -0.306665 0.075797 0.113282 0.035471 0.117335 0.189162 0.128051 0.109550 0.155218 0.126765 -0.014602 -0.006143 0.000717 -0.107785 0.120464 -0.103293 0.051143 0.146470 0.110967 0.159874 0.213689 0.122140 0.058474 0.156840 0.240405 0.070445 -0.000866 -0.009054 -0.025060 -0.074492 -0.089155 -0.187956 -0.118686 -0.138437 -0.037688 -0.200373 -0.157759 0.018171 0.011807 0.043018 -0.095410 -0.576198 -0.358877 0.182213 -0.067484 -0.316124 -0.425448 0.115122 -0.104291 0.048116 0.050201 0.126964 0.254571 -0.093500 -0.036539 0.057884 0.092696 0.075734 0.058610 0.115826 0.069179 0.079392 -0.301137 -0.097477 -0.075627 -0.179167 -0.109530 -0.220968 -0.048689 0.051481 0.221227 0.121121 0.124471 0.113375 -0.101426
0.366117 0.385003 -0.119810 0.147594 0.702898 -0.039694 0.292065 0.476971 0.126632 1.000000 0.122350 0.148276 0.340223 0.528859 0.539983 0.837767 -0.199922 -0.147886 0.155563 0.072195 0.465968 0.341638 -0.155233 -0.130116 0.650584 -0.263846 0.561281 -0.101803 -0.057022 0.083731 0.388993 0.216449 -0.213099 -0.169602 -0.297304 -0.186042 -0.615553 -0.528380 -0.536570 -0.484080 -0.284153 -0.212726 -0.181580 -0.170788 -0.163672 -0.144268 -0.382480 -0.272769 -0.085098 -0.126002 -0.133161 -0.028739 0.018400 -0.063328 -0.393672 -0.432726 -0.087971 -0.063800 0.029386 0.074853 0.111358 0.321980 0.059772 0.153654 -0.106971 -0.074234 -0.348960 -0.162364 -0.154169 -0.054721 0.227594 0.206506 -0.166843 -0.166728 -0.283886 -0.294771 -0.466893 -0.417989 -0.222296 -0.209795 -0.181001 -0.210364 0.065618 0.203234 -0.300859 -0.294152 -0.013365 -0.024072 -0.350622 -0.320074 0.009935 -0.149778 0.074729 -0.117583 -0.239086 -0.312068 -0.385538 -0.479760 -0.231902 -0.475735 0.082284 -0.216791 -0.003281 -0.144201 -0.312788 -0.350902 -0.030978 0.166842 -0.160233 -0.334439 -0.543366 -0.405642 -0.337631 -0.090103 -0.287864 -0.261601
0.422593 -0.060660 0.050459 0.117822 -0.071247 -0.281822 0.486119 0.459491 -0.095622 0.122350 1.000000 0.552760 0.742804 0.647411 0.463586 0.349048 0.460798 0.367873 0.184449 -0.328808 0.322213 0.131109 0.271948 -0.289888 0.306277 -0.059869 0.201395 -0.014524 0.613583 0.569934 0.691146 0.522867 0.359160 0.102560 0.245530 -0.237939 0.209846 0.195337 0.222811 0.109415 0.123209 0.204624 -0.318094 -0.170839 -0.274413 -0.410817 -0.330636 -0.478332 -0.236041 -0.334104 0.045702 0.050775 -0.017131 0.082532 0.476891 0.026640 0.150744 -0.395232 -0.174175 -0.437608 0.204839 0.128951 0.295704 0.329379 0.138784 -0.032266 -0.645885 -0.438712 -0.470850 -0.515539 0.237454 0.291586 0.611070 0.469481 0.535342 0.466727 0.321224 -0.032273 0.279909 0.249748 0.136380 0.036465 0.199797 0.047042 0.178944 0.363812 0.338009 0.278487 -0.190654 0.126852 -0.700893 -0.637153 -0.635617 -0.553051 -0.237902 0.352486 -0.378234 -0.302625 -0.561849 -0.506487 -0.539620 -0.437689 -0.482185 -0.391325 -0.388184 0.016295 -0.102042 -0.478285 -0.133400 0.343337 -0.372941 -0.479967 -0.115580 -0.087886 0.200808 0.263532
0.278857 -0.004947 -0.001133 0.254209 0.056281 0.153551 0.281842 0.498584 0.303538 0.148276 0.552760 1.000000 0.533734 0.624723 0.124724 0.193992 0.313856 0.296424 -0.022357 -0.486139 0.172177 0.021382 0.131601 -0.309698 0.269710 -0.080730 0.128932 -0.165135 0.402206 0.513631 0.321972 0.273937 0.261851 0.213048 0.355182 -0.044753 0.125378 0.118240 0.167161 0.007098 0.045067 0.155696 -0.372319 -0.229875 -0.296644 -0.294503 -0.150303 -0.479319 -0.064178 -0.046065 0.204144 0.170025 0.143187 0.189282 0.353250 0.153252 0.056050 -0.452719 0.019050 -0.383790 0.391628 0.422705 0.394568 0.328067 0.269471 0.343328 -0.539614 -0.510913 -0.511063 -0.607144 0.055598 0.198553 0.438430 0.458379 0.462315 0.438163 0.259584 -0.038064 0.227237 0.241103 0.080367 -0.108191 -0.151182 -0.105865 0.348493 0.313435 -0.035227 -0.062154 -0.120392 0.229307 -0.547628 -0.584355 -0.320851 -0.379898 -0.343988 0.447336 -0.466983 -0.262097 -0.603646 -0.463893 -0.349822 -0.444461 -0.498953 -0.636622 -0.515666 -0.094071 -0.311468 -0.508716 -0.311483 0.214042 -0.456549 -0.311811 -0.027755 -0.062531 0.271044 0.214107
0.455066 0.052689 0.069735 0.071405 0.165556 -0.253216 0.639440 0.603446 -0.122588 0.340223 0.742804 0.533734 1.000000 0.754134 0.381897 0.458811 0.362083 0.277713 0.168417 -0.324313 0.366379 0.199394 0.025083 -0.441530 0.488300 -0.200214 0.278336 -0.292356 0.584038 0.535888 0.589716 0.360926 0.219193 0.079781 0.247176 -0.127966 -0.010605 -0.002619 0.089025 -0.021817 0.027707 0.069011 -0.252469 -0.136778 -0.184500 -0.264837 -0.354218 -0.429084 -0.108762 -0.200900 -0.039500 0.006079 -0.022216 -0.017219 0.226007 -0.132817 0.093191 -0.365600 -0.058980 -0.311993 0.323509 0.193069 0.323893 0.301917 -0.072896 -0.101511 -0.543510 -0.309250 -0.506865 -0.469648 0.315149 0.166563 0.524313 0.326877 0.356329 0.225242 0.164636 -0.161571 0.090754 0.085899 0.025298 -0.060735 0.160028 0.110247 0.013673 0.155014 0.110937 0.101215 -0.327809 -0.131946 -0.500301 -0.597738 -0.510772 -0.504725 -0.322835 0.194640 -0.416283 -0.439328 -0.553321 -0.618710 -0.354694 -0.463535 -0.388091 -0.365025 -0.419374 -0.066500 -0.119797 -0.379076 -0.129575 0.215914 -0.497053 -0.554211 -0.213696 -0.238593 0.082876 0.194063
0.532176 0.197632 -0.080819 0.225913 0.285159 -0.228267 0.515251 0.701704 -0.031699 0.528859 0.647411 0.624723 0.754134 1.000000 0.424850 0.712224 0.106980 0.142473 0.251492 -0.260195 0.539952 0.326929 0.026562 -0.369281 0.498571 -0.201631 0.343235 -0.173297 0.445165 0.563767 0.660814 0.489077 0.125990 0.098843 0.132070 -0.115105 -0.134822 0.016586 0.032197 -0.092855 -0.002099 0.104968 -0.411533 -0.335612 -0.353947 -0.374049 -0.488647 -0.542668 -0.140572 -0.233199 -0.010125 0.059956 0.164491 0.121227 0.152866 -0.246866 -0.018845 -0.478624 0.013045 -0.175469 0.318403 0.427230 0.348826 0.369825 -0.109383 -0.058555 -0.599864 -0.398215 -0.446597 -0.440901 0.361081 0.407651 0.398351 0.315937 0.278964 0.235328 0.051702 -0.090933 -0.068651 0.001792 -0.055724 -0.195635 0.139690 0.274385 -0.045751 0.021206 0.117437 0.096256 -0.446860 -0.117017 -0.454241 -0.558490 -0.416901 -0.501427 -0.334638 0.121388 -0.578516 -0.541753 -0.626503 -0.756150 -0.302413 -0.503134 -0.382897 -0.428213 -0.568008 -0.243515 -0.146354 -0.343668 -0.250601 0.025446 -0.586759 -0.732592 -0.357797 -0.247710 0.037068 -0.047863
0.237710 -0.038318 0.006664 -0.034281 0.546437 -0.006029 0.393134 0.372934 0.199184 0.539983 0.463586 0.124724 0.381897 0.424850 1.000000 0.683778 -0.171324 -0.046835 -0.050658 -0.221073 0.521717 0.241989 0.015508 -0.063284 0.464772 0.068870 0.623165 0.207008 -0.023473 0.051850 0.465983 0.214048 -0.175929 -0.271315 -0.168400 -0.254443 -0.384950 -0.398025 -0.266105 -0.282930 -0.326841 -0.167714 -0.112660 -0.030334 -0.011005 -0.067608 -0.271071 -0.224355 -0.082511 -0.197179 0.119279 -0.067571 -0.008774 -0.197922 -0.013999 -0.242649 -0.138596 -0.215939 0.025822 -0.026958 0.086585 0.154865 0.011903 0.130485 0.177074 0.018024 -0.369240 -0.067806 -0.259107 -0.256706 0.270093 0.107489 -0.030292 -0.045159 -0.018131 -0.100626 -0.259927 -0.346208 -0.152767 -0.191116 -0.244313 -0.320362 -0.076566 -0.102733 -0.072482 -0.131469 0.193917 0.051735 0.075440 -0.136388 -0.134762 -0.166469 -0.119302 -0.136170 -0.343797 -0.150715 -0.170377 -0.318639 -0.129729 -0.423993 -0.051460 -0.200704 -0.053468 -0.136720 -0.254179 -0.203577 -0.065381 -0.045517 -0.227740 -0.058229 -0.272204 -0.385514 -0.214735 -0.024526 -0.122537 -0.131909
0.477990 0.310894 -0.157109 0.033567 0.625521 -0.194303 0.364316 0.515281 0.096709 0.837767 0.349048 0.193992 0.458811 0.712224 0.683778 1.000000 -0.193411 -0.052658 0.143801 -0.027580 0.609580 0.461816 -0.114808 -0.204301 0.549336 -0.099946 0.497213 -0.005267 0.056847 0.197272 0.488806 0.293248 -0.183368 -0.114365 -0.239165 -0.168046 -0.572816 -0.450737 -0.400556 -0.360677 -0.300333 -0.163921 -0.249209 -0.246058 -0.181172 -0.196557 -0.514385 -0.343546 -0.105359 -0.221467 -0.103744 -0.045042 0.042646 -0.053931 -0.210581 -0.478451 -0.023480 -0.128320 0.040592 0.090838 0.173663 0.334773 0.122418 0.192841 -0.120874 -0.130112 -0.350106 -0.147593 -0.186529 -0.137783 0.316716 0.274244 -0.052550 -0.096937 -0.179352 -0.191842 -0.387489 -0.294981 -0.201956 -0.225264 -0.150097 -0.250960 0.008993 0.244230 -0.287321 -0.298249 0.053276 -0.009985 -0.373894 -0.381533 -0.139034 -0.194302 -0.169746 -0.211669 -0.241164 -0.288201 -0.414964 -0.535561 -0.274804 -0.581472 -0.006430 -0.218257 0.028051 -0.122884 -0.321257 -0.339533 -0.016244 0.046230 -0.136739 -0.212478 -0.494094 -0.605081 -0.419237 -0.148591 -0.306100 -0.277335
0.221016 0.009324 -0.034267 -0.100538 -0.314630 -0.235879 -0.027558 -0.071639 -0.119023 -0.199922 0.460798 0.313856 0.362083 0.106980 -0.171324 -0.193411 1.000000 0.730701 0.186638 -0.071289 -0.073881 -0.141885 0.173614 -0.447052 -0.098294 -0.340481 -0.206294 -0.196874 0.738918 0.625994 0.287169 0.226636 0.683451 0.336094 0.125301 -0.342422 0.456835 0.334216 0.236917 0.152214 0.253149 0.322374 0.060044 0.167231 -0.001582 -0.188693 0.089101 -0.085183 -0.215638 -0.032263 -0.365821 -0.065536 -0.352532 -0.024667 0.308857 0.341154 0.710434 0.170238 -0.326898 -0.550723 0.159701 -0.099818 0.456188 0.296417 -0.071888 -0.167741 -0.220920 -0.505184 -0.065715 -0.184594 0.089623 0.159242 0.688246 0.559570 0.557487 0.538550 0.609279 0.188650 0.772234 0.756868 0.751830 0.722320 0.208351 0.023786 0.253219 0.370225 0.047571 0.084151 -0.286567 0.082664 -0.663874 -0.616311 -0.535583 -0.601773 -0.008365 0.402062 -0.024106 0.114556 -0.372286 0.077720 -0.631555 -0.447576 -0.591259 -0.299361 -0.078473 0.141092 -0.210697 -0.437477 0.054828 0.480190 -0.200496 0.035705 -0.018049 -0.137588 0.140303 0.440328
0.275439 0.178546 -0.308193 -0.380506 -0.134792 -0.115441 -0.208512 -0.156199 0.094211 -0.147886 0.367873 0.296424 0.277713 0.142473 -0.046835 -0.052658 0.730701 1.000000 -0.130497 -0.357347 -0.056560 -0.080519 0.002798 -0.625398 0.025403 -0.222510 -0.001748 -0.134488 0.693580 0.686280 0.141502 0.064450 0.576359 0.299524 0.146442 -0.492909 0.303580 0.323734 0.161429 0.096559 0.022928 0.218960 0.098849 0.228400 0.014035 -0.155870 0.255816 -0.011042 -0.050248 0.039996 -0.138224 0.109463 -0.150122 0.166567 0.387920 0.408733 0.660582 0.272345 0.024992 -0.235056 0.452506 0.303827 0.698897 0.667474 0.013636 -0.050112 -0.194946 -0.570619 -0.188662 -0.379382 0.084868 0.087025 0.657011 0.614530 0.556222 0.455987 0.542749 0.227601 0.737549 0.784535 0.681792 0.662865 -0.128495 -0.208069 0.367619 0.312499 -0.009901 -0.072177 -0.201406 0.082494 -0.642388 -0.520355 -0.589211 -0.607037 -0.184993 0.298528 -0.025003 0.019230 -0.165222 0.090327 -0.625650 -0.513942 -0.578732 -0.424991 -0.168630 -0.054954 -0.371998 -0.481753 -0.152808 0.362457 -0.251783 0.164597 0.074429 -0.094169 0.172861 0.227320
0.359342 0.130834 0.167739 0.383501 0.004567 -0.364736 0.182435 0.145595 -0.333737 0.155563 0.184449 -0.022357 0.168417 0.251492 -0.050658 0.143801 0.186638 -0.130497 1.000000 0.359872 0.148927 0.080712 0.167823 -0.186083 0.093549 -0.171304 -0.003209 -0.224713 0.266243 0.206674 0.441080 0.463569 0.348245 0.324090 -0.206450 -0.063558 0.148183 0.159525 0.112103 -0.041261 0.156756 0.207329 -0.135119 -0.141071 -0.289747 -0.229391 -0.360368 -0.220134 -0.447064 -0.264875 -0.504244 -0.296817 -0.210388 -0.047806 -0.131632 -0.285981 0.135314 -0.103124 -0.331446 -0.211125 -0.172459 -0.241683 -0.048019 -0.115634 -0.270395 -0.337903 -0.210942 -0.112291 0.156843 0.134765 0.156566 0.293564 0.183301 0.140386 0.192104 0.160349 0.197034 0.070338 0.001607 0.020361 0.090499 0.128280 0.430427 0.549690 -0.252553 0.049427 0.026816 0.217778 -0.476940 -0.231620 -0.178585 -0.188026 -0.114282 -0.257347 0.095030 -0.083585 -0.283981 -0.131401 -0.318609 -0.212859 -0.259745 -0.203673 -0.135713 0.078323 -0.135970 0.042951 -0.097201 -0.153419 0.054259 -0.003521 -0.152257 -0.223697 -0.294992 -0.215229 -0.028035 0.061374
-0.174107 0.312607 -0.184291 0.058514 0.017096 -0.154025 -0.292378 -0.330878 -0.184415 0.072195 -0.328808 -0.486139 -0.324313 -0.260195 -0.221073 -0.027580 -0.071289 -0.357347 0.359872 1.000000 0.025661 -0.129428 -0.235026 0.306216 -0.163177 -0.217379 -0.207012 -0.003109 -0.191742 -0.257918 -0.119604 -0.112116 -0.135868 -0.121872 -0.509092 0.025635 -0.116381 -0.101940 -0.189787 -0.072339 0.215691 0.055697 0.366841 0.177439 0.186203 0.143629 0.019297 0.388692 -0.153804 0.064835 -0.521355 -0.231661 -0.199956 -0.104705 -0.422739 -0.186738 -0.026315 0.361499 -0.388430 0.140870 -0.580340 -0.475997 -0.383850 -0.421708 -0.604377 -0.556152 0.306148 0.218587 0.624617 0.826331 0.024026 0.074680 -0.350931 -0.367546 -0.453845 -0.210421 -0.227114 0.026027 -0.127332 -0.181856 0.133822 0.216014 0.337581 0.504667 -0.491228 -0.379330 -0.058512 -0.039677 -0.313187 -0.449779 0.367514 0.322375 0.239882 0.156971 0.400891 -0.291230 0.312675 0.281536 0.274498 0.260995 0.283453 0.242227 0.395390 0.450620 0.341023 0.013201 0.272322 0.377876 0.144702 -0.027786 0.197645 0.072539 -0.070978 -0.072508 -0.314371 -0.092845
0.176552 0.035692 -0.124390 0.088549 0.428794 0.021522 0.274389 0.375534 0.024549 0.465968 0.322213 0.172177 0.366379 0.539952 0.521717 0.609580 -0.073881 -0.056560 0.148927 0.025661 1.000000 0.460906 -0.081507 -0.123549 0.538259 0.052868 0.500939 0.171793 0.171228 0.263919 0.560530 0.374836 -0.155279 -0.303342 -0.293325 -0.351868 -0.233620 -0.177262 0.016230 -0.086310 -0.121029 -0.028562 -0.070175 -0.009616 -0.040194 -0.055547 -0.204926 -0.138518 -0.166417 -0.114406 -0.070157 -0.101348 -0.020563 -0.086708 -0.137440 -0.237535 -0.035238 -0.230444 -0.301065 -0.074034 -0.146723 0.061476 0.083449 0.043090 -0.229792 -0.325110 -0.415715 -0.198118 -0.115111 -0.089233 0.655968 0.527468 0.123166 0.107838 0.041121 0.073986 -0.103758 -0.112598 -0.060510 -0.036123 -0.053916 -0.191558 0.028353 0.282166 -0.071535 -0.118990 0.101260 0.048424 -0.380655 -0.302906 -0.163321 -0.321839 -0.096474 -0.208323 -0.161589 -0.181217 -0.156656 -0.300945 -0.285304 -0.450525 -0.060665 -0.357285 -0.157681 -0.223614 -0.302022 -0.205175 -0.060506 -0.139602 -0.082234 0.020564 -0.222878 -0.396322 -0.262643 -0.147524 0.012892 -0.101530
0.101455 -0.001714 -0.122495 -0.061048 0.285531 -0.009882 0.149890 0.266287 0.028543 0.341638 0.131109 0.021382 0.199394 0.326929 0.241989 0.461816 -0.141885 -0.080519 0.080712 -0.129428 0.460906 1.000000 -0.067404 0.010911 0.265538 0.414121 0.416760 0.112344 0.015265 0.055166 0.181263 0.282573 -0.135033 -0.011752 -0.111671 -0.061116 -0.212856 -0.137443 -0.008235 0.083085 -0.291982 -0.237315 -0.260222 -0.235426 -0.194477 -0.148443 -0.322991 -0.186952 -0.186419 -0.362802 -0.032321 -0.249786 -0.097637 -0.120470 -0.167006 -0.350063 0.051896 -0.077621 -0.099465 0.011760 0.034693 0.034334 -0.065523 -0.119510 -0.013491 -0.094387 -0.089001 0.061729 -0.064138 -0.095493 0.322949 0.320623 -0.032125 -0.106537 -0.151926 -0.144334 -0.203686 -0.025732 0.006720 -0.102636 -0.036945 -0.078491 -0.048321 0.188653 -0.056108 -0.009742 0.001305 0.152023 -0.328083 -0.209068 0.037713 -0.083052 0.063646 -0.026449 0.056185 -0.246934 -0.195107 -0.296664 -0.150712 -0.275374 0.089375 -0.180841 0.110528 -0.062933 -0.124303 -0.011940 0.059946 -0.085063 0.139166 -0.145703 -0.005734 -0.248733 -0.267620 0.100474 0.015198 -0.234802
-0.029242 -0.451894 0.773597 0.391686 -0.446678 -0.155357 0.405788 0.323367 -0.223292 -0.155233 0.271948 0.131601 0.025083 0.026562 0.015508 -0.114808 0.173614 0.002798 0.167823 -0.235026 -0.081507 -0.067404 1.000000 0.298565 -0.146696 0.158821 -0.010135 0.267934 0.120948 0.085588 0.446529 0.628030 0.321084 0.201955 0.260890 0.127973 0.270724 0.066645 0.134607 -0.084216 0.083696 0.020216 -0.432449 -0.419607 -0.400501 -0.426592 -0.297553 -0.547750 -0.278738 -0.386302 0.155890 -0.045032 -0.022054 -0.024482 0.142241 -0.090788 -0.061452 -0.388728 -0.193269 -0.551947 -0.090315 -0.233275 -0.162784 -0.149340 0.495015 0.191199 -0.362120 -0.265015 -0.320536 -0.353755 0.151631 0.377195 0.290049 0.287902 0.410059 0.344631 0.262500 0.024877 0.191785 0.109522 -0.159680 -0.175317 0.272020 -0.075361 0.260145 0.280567 0.303145 0.399703 0.188475 0.330753 -0.364581 -0.379315 -0.070853 0.012511 0.005459 0.225515 -0.387863 -0.190698 -0.515973 -0.226838 -0.256835 -0.010338 -0.403051 -0.178982 -0.229173 0.096099 -0.017709 -0.090173 0.179219 0.134983 -0.005298 -0.251573 -0.073036 0.138982 0.224230 0.232101
-0.532762 -0.339849 0.340825 0.287369 -0.135093 0.224143 0.041556 0.016506 -0.030873 -0.130116 -0.289888 -0.309698 -0.441530 -0.369281 -0.063284 -0.204301 -0.447052 -0.625398 -0.186083 0.306216 -0.123549 0.010911 0.298565 1.000000 -0.273896 0.394802 -0.016249 0.429095 -0.638863 -0.648845 -0.201964 0.018525 -0.445717 -0.228580 0.062104 0.534056 -0.118633 -0.190643 -0.084293 0.095079 -0.053757 -0.170812 -0.220124 -0.311086 -0.101040 0.053474 -0.207458 -0.060484 -0.125133 -0.218420 0.233014 -0.152834 -0.004594 -0.248167 -0.297975 -0.259243 -0.514716 -0.171097 -0.150463 -0.020244 -0.467279 -0.398535 -0.649320 -0.595080 0.239382 0.260828 0.194846 0.486216 0.089784 0.318365 -0.215849 0.010264 -0.550440 -0.472677 -0.389070 -0.209943 -0.347874 0.033842 -0.352389 -0.493860 -0.429002 -0.369694 0.071908 -0.040700 -0.042750 -0.081509 0.076152 0.098686 0.366232 0.147815 0.492815 0.332559 0.530893 0.558194 0.154061 -0.220889 0.058117 0.040488 0.126672 0.001539 0.411274 0.465714 0.330995 0.188795 0.107566 0.005512 0.271206 0.309239 0.185827 -0.233100 0.474188 -0.045793 -0.068342 0.153847 -0.035040 -0.110809
0.280425 0.230200 -0.182439 0.127377 0.621054 0.175923 0.305767 0.393034 0.093580 0.650584 0.306277 0.269710 0.488300 0.498571 0.464772 0.549336 -0.098294 0.025403 0.093549 -0.163177 0.538259 0.265538 -0.146696 -0.273896 1.000000 -0.109086 0.645275 0.002797 0.171302 0.243968 0.504854 0.292774 -0.113954 -0.296813 -0.156164 -0.303527 -0.274248 -0.237263 -0.158156 -0.246624 -0.074444 -0.116324 -0.150015 -0.049942 -0.190664 -0.130651 -0.206545 -0.237394 -0.027378 -0.080792 0.069365 0.116216 0.120084 0.138704 -0.039448 -0.210522 -0.106517 -0.241715 -0.060841 0.041604 0.089449 0.234238 0.196366 0.232385 -0.133876 -0.182567 -0.541672 -0.255706 -0.334405 -0.275891 0.346628 0.241718 0.092624 0.025292 -0.021120 -0.067160 -0.250579 -0.378357 -0.048823 -0.102967 -0.117999 -0.213528 0.033987 0.125364 -0.082036 0.036577 0.149631 0.054583 -0.335734 -0.159085 -0.153854 -0.261884 -0.106127 -0.294946 -0.220966 -0.022944 -0.351549 -0.447087 -0.306287 -0.463838 -0.008764 -0.433033 -0.117729 -0.325830 -0.344205 -0.085316 -0.222762 -0.183135 -0.150700 0.001484 -0.441635 -0.235060 -0.066130 -0.144184 0.024364 -0.021809
-0.220397 -0.423697 0.211389 -0.151783 -0.034711 0.195901 0.061786 -0.042516 0.164545 -0.263846 -0.059869 -0.080730 -0.200214 -0.201631 0.068870 -0.099946 -0.340481 -0.222510 -0.171304 -0.217379 0.052868 0.414121 0.158821 0.394802 -0.109086 1.000000 0.240574 0.410325 -0.374006 -0.410981 -0.180647 0.004517 -0.217791 -0.188893 0.183955 0.245655 0.049912 -0.053967 0.254893 0.211339 -0.271344 -0.314538 -0.240367 -0.201561 -0.053841 0.031569 -0.139000 -0.099900 -0.005076 -0.267337 0.440898 -0.085357 -0.057923 -0.150565 0.090359 -0.108459 -0.135072 -0.126758 0.084689 0.033425 -0.056402 -0.130617 -0.349101 -0.333219 0.399592 0.293592 0.135041 0.352275 -0.122925 -0.110042 -0.087336 -0.052465 -0.285900 -0.246638 -0.127134 -0.173713 -0.216489 0.031570 -0.130156 -0.214476 -0.323931 -0.319355 -0.406959 -0.274032 0.209998 0.253188 -0.044800 0.013318 0.348945 0.149510 0.168641 0.201630 0.205230 0.330750 -0.082349 -0.153788 -0.024450 -0.150522 0.040629 -0.048134 0.097460 0.143165 0.193704 -0.017396 -0.065076 0.091324 0.026079 -0.167895 0.075772 -0.151748 0.441649 0.019292 0.015185 0.172804 0.150249 -0.214131
0.031582 0.001037 -0.028493 -0.103976 0.640918 0.307734 0.246911 0.268248 0.302778 0.561281 0.201395 0.128932 0.278336 0.343235 0.623165 0.497213 -0.206294 -0.001748 -0.003209 -0.207012 0.500939 0.416760 -0.010135 -0.016249 0.645275 0.240574 1.000000 0.267927 -0.076129 0.049689 0.352507 0.234476 -0.121115 -0.183880 -0.039715 -0.222118 -0.327169 -0.313621 -0.214207 -0.188012 -0.326442 -0.281867 -0.147127 -0.061925 -0.084675 -0.009139 -0.221046 -0.209501 -0.091288 -0.213989 0.149326 -0.094753 -0.109029 -0.146346 -0.189918 -0.263480 -0.140538 -0.160022 -0.054043 -0.021476 0.074832 0.164609 0.001451 0.127468 0.098526 0.016061 -0.374452 -0.072793 -0.286598 -0.225506 0.333487 0.277369 -0.060514 -0.053846 -0.092609 -0.182912 -0.325206 -0.329622 -0.078855 -0.111321 -0.200719 -0.230557 -0.223677 -0.108046 0.021744 0.053367 0.093328 0.082486 -0.109075 -0.098272 -0.067598 -0.257262 0.054597 -0.129000 -0.367649 -0.223190 -0.271346 -0.395268 -0.258776 -0.478353 -0.065034 -0.409424 -0.169816 -0.359046 -0.361089 -0.179980 -0.150032 -0.176781 -0.304865 -0.208600 -0.187524 -0.266303 -0.268844 -0.087297 0.052291 -0.282394
-0.441926 -0.350861 0.176635 -0.113289 0.067697 0.355929 -0.086588 -0.144817 0.268207 -0.101803 -0.014524 -0.165135 -0.292356 -0.173297 0.207008 -0.005267 -0.196874 -0.134488 -0.224713 -0.003109 0.171793 0.112344 0.267934 0.429095 0.002797 0.410325 0.267927 1.000000 -0.280322 -0.213717 0.097087 0.156173 -0.079393 -0.377408 0.110012 0.120404 0.134708 0.052862 0.191495 0.000405 0.249472 -0.102232 -0.075486 -0.087276 -0.034823 -0.005536 0.015235 -0.038424 -0.078504 -0.247579 0.302090 -0.119635 -0.035363 -0.145402 0.097865 0.010191 -0.231738 -0.129042 -0.195113 -0.170470 -0.332581 -0.306729 -0.349297 -0.311751 0.209133 -0.025865 -0.072285 0.121762 -0.073440 0.004855 0.125080 0.317119 -0.133059 -0.084981 -0.060028 0.108330 -0.145569 0.039104 0.032351 0.005740 -0.179735 -0.180525 -0.098941 -0.228905 0.171341 0.165258 0.296036 0.109455 0.289456 0.148897 -0.002597 0.013021 0.069089 0.209765 0.237247 0.050622 0.116911 0.134278 -0.026747 -0.056847 -0.013269 0.125919 0.015206 -0.065129 0.058431 0.229485 0.140692 0.083046 0.218716 0.055205 0.427329 -0.019451 0.174859 0.033934 0.154345 0.005456
0.412828 0.067733 -0.158755 -0.044546 -0.223818 -0.337196 0.078800 0.128209 -0.214985 -0.057022 0.613583 0.402206 0.584038 0.445165 -0.023473 0.056847 0.738918 0.693580 0.266243 -0.191742 0.171228 0.015265 0.120948 -0.638863 0.171302 -0.374006 -0.076129 -0.280322 1.000000 0.884642 0.489948 0.405806 0.671157 0.325201 0.101434 -0.507478 0.474131 0.484261 0.344727 0.088866 0.294684 0.393269 0.022718 0.135678 -0.119725 -0.313050 0.105127 -0.124790 -0.196699 -0.040408 -0.302252 0.091269 -0.073037 0.270880 0.461972 0.336243 0.466631 -0.126642 -0.269615 -0.443795 0.230428 0.096931 0.603028 0.473281 -0.216425 -0.354337 -0.462016 -0.705346 -0.192082 -0.358579 0.362763 0.354314 0.930005 0.748899 0.730377 0.649761 0.684349 0.225184 0.618242 0.651238 0.578528 0.487845 0.315490 0.233795 0.264176 0.336154 0.187254 0.181949 -0.467258 0.012657 -0.771263 -0.689889 -0.705574 -0.722557 -0.001480 0.422771 -0.125873 -0.014123 -0.451330 -0.124367 -0.610674 -0.605891 -0.652149 -0.370550 -0.234300 0.055088 -0.194009 -0.474858 0.005651 0.474961 -0.348464 -0.120436 0.033003 -0.153447 0.223506 0.394211
0.449063 0.140839 -0.215664 -0.014039 -0.105221 -0.204042 0.064690 0.211384 -0.126331 0.083731 0.569934 0.513631 0.535888 0.563767 0.051850 0.197272 0.625994 0.686280 0.206674 -0.257918 0.263919 0.055166 0.085588 -0.648845 0.243968 -0.410981 0.049689 -0.213717 0.884642 1.000000 0.552871 0.463476 0.648729 0.382067 0.150166 -0.489984 0.350264 0.479041 0.260078 0.081746 0.291644 0.504712 -0.052375 0.077486 -0.181535 -0.294878 0.045571 -0.186482 -0.209285 -0.035224 -0.257157 0.090453 -0.087694 0.242442 0.388996 0.316764 0.400584 -0.187018 -0.218830 -0.412106 0.276141 0.221798 0.633628 0.558466 -0.182187 -0.276103 -0.523669 -0.739480 -0.256000 -0.434260 0.397131 0.462391 0.878863 0.827054 0.720830 0.680273 0.607452 0.209275 0.522101 0.639189 0.489845 0.400350 0.245406 0.223075 0.236685 0.280113 0.189052 0.199511 -0.499611 0.064679 -0.787628 -0.743577 -0.684032 -0.743401 -0.089054 0.390601 -0.204793 -0.084121 -0.521643 -0.250024 -0.641238 -0.685240 -0.717351 -0.503164 -0.396366 -0.111466 -0.251397 -0.456285 -0.147619 0.394039 -0.427210 -0.214688 -0.091921 -0.273161 0.195634 0.257076
0.405171 -0.019692 0.244812 0.359079 0.039135 -0.352177 0.570722 0.589545 -0.316751 0.388993 0.691146 0.321972 0.589716 0.660814 0.465983 0.488806 0.287169 0.141502 0.441080 -0.119604 0.560530 0.181263 0.446529 -0.201964 0.504854 -0.180647 0.352507 0.097087 0.489948 0.552871 1.000000 0.862193 0.326544 0.083403 0.059677 -0.227080 0.096311 0.076711 0.133003 -0.114431 0.187145 0.243286 -0.307617 -0.201219 -0.306676 -0.361063 -0.424823 -0.509677 -0.405962 -0.423584 -0.139985 -0.141713 -0.118369 -0.085708 0.148792 -0.208145 0.039625 -0.444174 -0.348461 -0.489794 -0.030386 -0.057478 0.166481 0.165554 -0.017343 -0.255397 -0.700168 -0.428522 -0.382353 -0.370829 0.514621 0.629492 0.524217 0.454528 0.461702 0.409634 0.228569 -0.089438 0.159081 0.188432 -0.012259 -0.068112 0.438646 0.286837 -0.004232 0.188075 0.401219 0.422364 -0.351927 -0.046907 -0.612824 -0.699488 -0.456096 -0.542793 -0.111329 0.201794 -0.438178 -0.381776 -0.662423 -0.619414 -0.481638 -0.524218 -0.520731 -0.313753 -0.465837 -0.026656 -0.062532 -0.288191 0.054986 0.210366 -0.366364 -0.567029 -0.297827 -0.261797 0.100762 0.223123
0.240073 -0.182983 0.367594 0.507016 -0.159291 -0.290353 0.471747 0.527996 -0.312784 0.216449 0.522867 0.273937 0.360926 0.489077 0.214048 0.293248 0.226636 0.064450 0.463569 -0.112116 0.374836 0.282573 0.628030 0.018525 0.292774 0.004517 0.234476 0.156173 0.405806 0.463476 0.862193 1.000000 0.372967 0.258490 0.121480 -0.074837 0.195065 0.178761 0.227170 -0.024546 0.151745 0.253272 -0.413297 -0.307679 -0.417616 -0.356865 -0.427892 -0.524300 -0.531629 -0.513743 -0.128339 -0.243315 -0.225328 -0.110427 0.078334 -0.208736 -0.025606 -0.513106 -0.399586 -0.579315 -0.105735 -0.195443 0.043569 -0.025530 0.138491 -0.128719 -0.580766 -0.343396 -0.328997 -0.340339 0.413041 0.728658 0.486360 0.441285 0.478444 0.477349 0.279617 0.086439 0.184181 0.200601 -0.047974 -0.061571 0.462962 0.314718 0.081718 0.316413 0.306743 0.486566 -0.332628 0.052843 -0.555199 -0.661066 -0.310193 -0.398025 0.009453 0.187718 -0.448790 -0.310193 -0.693290 -0.504656 -0.442140 -0.443754 -0.524665 -0.328335 -0.474189 0.013760 -0.042952 -0.310872 0.174323 0.125896 -0.166408 -0.466861 -0.321462 -0.179886 0.229924 0.227929
0.317734 -0.085891 0.070894 -0.079926 -0.326320 -0.220469 -0.033065 -0.114296 -0.120473 -0.213099 0.359160 0.261851 0.219193 0.125990 -0.175929 -0.183368 0.683451 0.576359 0.348245 -0.135868 -0.155279 -0.135033 0.321084 -0.445717 -0.113954 -0.217791 -0.121115 -0.079393 0.671157 0.648729 0.326544 0.372967 1.000000 0.627536 0.212278 -0.314099 0.516058 0.521247 0.358555 0.044863 0.312765 0.405019 0.040959 0.120397 -0.089266 -0.210297 0.098853 -0.118033 -0.229869 -0.075773 -0.277660 -0.065284 -0.244959 0.080461 0.397831 0.348986 0.500968 -0.047529 -0.155398 -0.519831 0.249140 -0.060614 0.448941 0.312628 0.003659 -0.153981 -0.256236 -0.525382 -0.123777 -0.291918 0.119492 0.263263 0.699436 0.655158 0.639882 0.588603 0.659891 0.246666 0.553081 0.692646 0.478741 0.533493 0.202919 0.016230 0.177387 0.381003 0.095520 0.073310 -0.254401 0.114730 -0.714307 -0.575924 -0.584188 -0.596217 0.065097 0.432370 -0.076031 0.108763 -0.410921 -0.018893 -0.718855 -0.544287 -0.629557 -0.347871 -0.189798 0.199175 -0.248986 -0.498188 0.006340 0.368055 -0.152140 -0.009708 0.005758 -0.150852 0.294119 0.351857
0.330255 0.073867 0.045545 0.091397 -0.266927 -0.182494 0.011409 -0.010177 -0.119018 -0.169602 0.102560 0.213048 0.079781 0.098843 -0.271315 -0.114365 0.336094 0.299524 0.324090 -0.121872 -0.303342 -0.011752 0.201955 -0.228580 -0.296813 -0.188893 -0.183880 -0.377408 0.325201 0.382067 0.083403 0.258490 0.627536 1.000000 0.264029 0.087980 0.212425 0.320595 0.125258 0.163445 0.006566 0.394916 -0.165563 -0.151604 -0.232074 -0.137830 -0.186769 -0.205307 -0.412074 -0.221893 -0.365677 -0.325746 -0.293799 -0.113718 0.022263 -0.014052 0.269886 0.063464 -0.066698 -0.342518 0.344018 0.030893 0.343833 0.208026 0.122576 0.122049 0.017997 -0.212668 0.009981 -0.163654 -0.078846 0.102225 0.347010 0.404808 0.394591 0.379968 0.488234 0.409683 0.288301 0.361248 0.328425 0.384351 0.180539 0.191560 0.134574 0.145516 -0.115596 0.103856 -0.202734 0.038984 -0.349309 -0.339625 -0.272502 -0.315647 0.026823 0.151809 -0.195104 0.068155 -0.246101 -0.054612 -0.379666 -0.280851 -0.299446 -0.178395 -0.139252 0.022317 -0.200992 -0.265484 -0.044059 0.074666 -0.062890 -0.011728 -0.291208 -0.147803 0.184277 0.162687
-0.048428 -0.370702 0.284459 -0.034228 -0.329442 0.010657 0.237762 0.200664 -0.002791 -0.297304 0.245530 0.355182 0.247176 0.132070 -0.168400 -0.239165 0.125301 0.146442 -0.206450 -0.509092 -0.293325 -0.111671 0.260890 0.062104 -0.156164 0.183955 -0.039715 0.110012 0.101434 0.150166 0.059677 0.121480 0.212278 0.264029 1.000000 0.531043 0.375430 0.342155 0.421937 0.222830 0.254756 0.225897 -0.356047 -0.252222 -0.159899 -0.018963 -0.088381 -0.312504 0.005615 -0.166340 0.427886 0.064989 0.008126 -0.031915 0.341789 0.159272 -0.182892 -0.406392 0.153841 -0.292667 0.264141 0.087028 0.133718 0.117955 0.396233 0.463042 -0.086469 0.053133 -0.475778 -0.473700 -0.177943 -0.059885 0.279145 0.329178 0.415226 0.336842 0.299626 0.226626 0.048647 0.118455 -0.159869 -0.152970 -0.033202 -0.318341 0.386066 0.433637 0.123021 0.128787 0.286907 0.378184 -0.295159 -0.321612 -0.246494 -0.068656 -0.209439 0.348492 -0.182825 -0.039411 -0.316812 -0.318644 -0.331993 -0.110182 -0.368769 -0.427320 -0.310557 0.076682 -0.034136 -0.295202 -0.100300 0.127901 0.198252 -0.153441 0.011536 -0.171354 0.292980 0.199791
-0.285840 -0.219265 0.350710 0.231734 -0.155494 0.088625 0.217174 0.105363 0.009695 -0.186042 -0.237939 -0.044753 -0.127966 -0.115105 -0.254443 -0.168046 -0.342422 -0.492909 -0.063558 0.025635 -0.351868 -0.061116 0.127973 0.534056 -0.303527 0.245655 -0.222118 0.120404 -0.507478 -0.489984 -0.227080 -0.074837 -0.314099 0.087980 0.531043 1.000000 -0.054528 -0.089668 0.099385 0.142968 0.065927 -0.089660 -0.289956 -0.350203 -0.108216 0.148291 -0.310225 -0.154314 -0.025484 -0.128827 0.208210 -0.180117 -0.004960 -0.271743 -0.198974 -0.276616 -0.456426 -0.188880 0.117578 0.049075 -0.150305 -0.250103 -0.411612 -0.458894 0.172717 0.362058 0.361590 0.609107 -0.017730 0.132576 -0.369684 -0.221167 -0.421089 -0.340069 -0.253882 -0.149776 -0.223231 0.116784 -0.401440 -0.458633 -0.399494 -0.381686 0.004726 -0.057863 -0.052262 -0.096918 -0.118491 -0.016094 0.293091 0.006675 0.337322 0.232740 0.264893 0.442715 0.075252 -0.039872 -0.098838 0.004111 0.008769 -0.153576 0.261178 0.460753 0.319591 0.123657 0.029195 0.114900 0.259825 0.170136 0.188859 -0.108356 0.406075 -0.123720 -0.060627 -0.112186 -0.015712 0.033372
