1.000000 0.613338 -0.302986 -0.392762 -0.203514 -0.382007 0.133868 -0.342470 -0.104094 -0.297394 0.320199 0.049162 0.367509 0.056813 0.113968 0.080718 0.458182 0.435039 0.370909 0.204260 -0.343593 -0.030332 -0.286096 -0.692112 -0.504660 -0.538499 -0.198500 -0.504880 0.436220 0.517666 -0.151320 -0.416194 0.472162 0.107930 -0.071632 -0.262005 0.242616 0.187166 0.035588 -0.061314 0.228630 0.374921 0.143243 0.054680 -0.047068 -0.490549 0.148108 0.034145 0.053565 -0.146449 -0.340219 -0.071664 0.192413 0.330010 0.105340 0.170726 0.411976 0.371274 0.162076 0.074356 0.464574 0.109903 0.542162 0.347421 -0.303873 -0.341632 -0.193755 -0.512595 0.354799 -0.085835 0.127069 -0.252469 0.540925 0.346778 0.410297 0.215419 0.387908 0.082028 0.020976 0.152034 0.279457 0.199954 0.348071 0.368551 -0.051909 -0.299763 0.042418 -0.001297 -0.282508 -0.329841 -0.116408 -0.028754 -0.411949 -0.245963 -0.081514 -0.177431 -0.098289 -0.161512 0.227707 0.186276 -0.145456 0.128740 -0.097412 0.198865 -0.058074 -0.099741 0.205455 -0.041362 -0.100903 -0.003883 -0.350854 0.149741 0.295626 0.064080 -0.110846 -0.019555
0.613338 1.000000 -0.646674 -0.187871 -0.323170 -0.263888 -0.195527 -0.210389 -0.284765 -0.146251 -0.030388 0.273890 0.034191 0.109110 -0.207843 0.110802 0.526824 0.575665 -0.097814 0.326110 -0.398095 -0.192008 -0.604089 -0.569716 -0.623243 -0.437306 -0.376699 -0.441681 0.368353 0.604405 -0.326486 -0.366729 0.508638 0.254619 -0.269794 -0.424591 0.205128 0.463975 -0.081732 0.058011 0.073566 0.256223 0.039413 -0.011388 -0.167130 -0.438202 0.092260 -0.007551 -0.197993 -0.089822 -0.367737 -0.009449 0.064255 0.235221 -0.107640 0.150175 0.589052 0.629841 -0.074017 0.376044 0.208933 0.287841 0.569934 0.714605 -0.594473 -0.277820 -0.203289 -0.435739 0.459163 0.050733 0.176865 -0.130339 0.544268 0.347722 0.372550 0.363603 0.464875 0.351563 0.061257 0.329221 0.324486 0.303627 0.051387 0.286002 -0.187859 -0.071497 0.124889 0.140184 -0.583366 -0.058440 0.008061 -0.189962 -0.246761 -0.486738 -0.129214 0.097939 -0.109956 -0.174810 0.282938 0.375568 0.126678 0.151994 0.069334 0.351201 -0.029419 -0.095132 0.278140 -0.028700 -0.122276 0.154408 -0.453555 0.273219 0.450086 0.262135 -0.006725 0.024558
-0.302986 -0.646674 1.000000 0.173352 0.469110 0.074842 0.713763 0.177831 0.642644 -0.021668 -0.048547 -0.230841 0.113421 -0.098359 0.241374 -0.067104 -0.606332 -0.477797 0.527551 -0.196671 0.209099 0.057485 0.749465 0.209112 0.506409 0.192349 0.262470 0.137271 -0.377100 -0.413066 0.404466 0.192023 -0.342935 0.003150 0.294363 0.414044 -0.320643 -0.425517 -0.015050 -0.086224 -0.064190 -0.152374 -0.140768 -0.198879 0.147250 0.089839 -0.128295 -0.005984 0.282382 -0.000092 0.259398 0.077836 0.173347 -0.042551 0.023750 -0.115125 -0.716252 -0.600878 0.302278 -0.281142 0.029282 -0.170822 -0.496247 -0.500087 0.537698 0.065941 0.280109 0.277757 -0.426862 -0.089434 -0.103573 -0.044612 -0.333346 -0.189462 -0.214668 -0.234678 -0.155190 -0.144724 -0.393809 -0.558685 -0.479178 -0.448191 0.095826 -0.083236 -0.055278 -0.130493 -0.064823 -0.021248 0.570883 -0.009467 0.129620 0.317578 0.121371 0.553152 -0.121416 -0.236390 0.020561 -0.215469 -0.350990 -0.472056 -0.224418 -0.036374 -0.343912 -0.587923 -0.353150 -0.166551 -0.271289 -0.281714 -0.161782 -0.070298 0.311102 -0.450815 -0.535058 -0.559930 -0.423658 -0.308876
-0.392762 -0.187871 0.173352 1.000000 -0.048061 0.478164 0.149138 0.854066 0.190260 0.679962 -0.229280 0.473701 -0.115152 0.420404 -0.217982 0.307727 -0.415813 -0.169809 -0.119562 -0.076666 -0.100132 0.084534 -0.048029 0.565470 -0.058220 0.201329 -0.197680 0.286125 -0.340990 -0.291003 -0.061100 0.245959 -0.231856 0.288470 0.039387 0.064320 -0.387138 -0.194891 -0.263880 0.000257 -0.203693 -0.202352 -0.545245 -0.439495 -0.403994 0.121780 -0.511870 -0.253956 -0.114721 -0.148599 0.020707 -0.028203 -0.320664 -0.339229 -0.376706 -0.393628 -0.506318 -0.366459 -0.033676 0.066292 0.078025 0.489483 -0.318286 0.018277 0.302309 0.732700 -0.038806 0.291247 -0.480575 -0.108262 -0.215587 0.163737 -0.308337 -0.198179 -0.199545 0.088026 -0.150147 0.052603 -0.331492 -0.401668 -0.475745 -0.397078 -0.381416 -0.093022 -0.162511 0.317599 -0.063470 -0.027606 0.195888 0.385595 -0.028469 -0.230223 0.709338 -0.097578 -0.287541 0.045541 -0.263318 -0.231871 -0.570478 -0.477502 0.475373 -0.204020 -0.006301 -0.455632 -0.225088 -0.277717 -0.149593 -0.508109 -0.234083 -0.068348 -0.185546 -0.521118 -0.378007 -0.452175 -0.225549 -0.213198
-0.203514 -0.323170 0.469110 -0.048061 1.000000 0.525417 0.393238 -0.003949 0.669577 0.222947 -0.184719 -0.219292 0.090233 -0.071112 0.299824 0.010626 -0.463107 -0.414191 0.165139 0.142125 -0.161596 -0.346929 0.394042 -0.006429 0.228007 -0.134880 0.298061 -0.248695 -0.392215 -0.343773 -0.205671 -0.374220 -0.454696 -0.105305 0.083194 0.448947 -0.500354 -0.435098 -0.126071 -0.363885 -0.406289 -0.537982 0.045225 -0.115241 0.329193 0.134044 0.148845 0.322003 0.288502 0.245876 0.210797 0.337600 0.434999 0.278616 -0.086968 -0.127378 -0.404911 -0.312997 0.370993 0.140014 0.022196 -0.063515 -0.262830 -0.186322 0.047143 -0.131671 0.239921 0.184252 -0.094438 0.286063 -0.142918 -0.377680 -0.296445 -0.430007 -0.436377 -0.369148 -0.067681 -0.234163 -0.466472 -0.431776 -0.418676 -0.489174 -0.077096 -0.348318 -0.219388 -0.512779 -0.282970 -0.271569 0.258122 0.065086 0.575483 0.488846 0.182963 0.439576 0.154005 0.018894 0.033666 -0.281929 0.144987 0.081934 0.115568 0.212471 0.106759 -0.240565 -0.090098 0.123071 0.098368 -0.125641 -0.047743 0.271082 0.006180 -0.012983 -0.145337 -0.081046 -0.139678 0.077914
-0.382007 -0.263888 0.074842 0.478164 0.525417 1.000000 0.119511 0.543424 0.427061 0.793139 -0.158828 0.298528 0.103177 0.433846 0.138547 0.422863 -0.302181 -0.211916 -0.219439 0.162748 -0.139310 -0.168664 -0.118545 0.336624 -0.020985 -0.047016 -0.083129 -0.038320 -0.302535 -0.246260 -0.311882 -0.186378 -0.447608 0.154896 -0.124168 0.380757 -0.507060 -0.351606 -0.211639 -0.188765 -0.370711 -0.460994 -0.330988 -0.357198 -0.191899 0.166707 -0.276396 0.080199 -0.053273 0.002092 -0.010638 0.113216 0.077101 -0.062322 -0.308780 -0.463694 -0.351824 -0.221949 0.263378 0.286268 0.115621 0.418355 -0.202899 0.017454 -0.007256 0.471167 -0.045711 0.183525 -0.260044 0.178147 -0.210601 -0.091035 -0.262610 -0.345636 -0.338925 -0.130796 -0.231997 -0.274514 -0.306210 -0.351651 -0.305318 -0.407665 -0.372581 -0.394875 -0.227423 -0.222638 -0.375461 -0.404404 0.220239 0.358682 0.305888 0.068202 0.548695 0.060530 -0.006037 0.162866 -0.211261 -0.263227 -0.271126 -0.144281 0.487546 0.069362 0.188493 -0.268468 -0.133311 -0.067730 0.015496 -0.293024 -0.129846 0.150732 -0.229535 -0.216756 -0.183591 -0.093239 -0.064488 0.010588
0.133868 -0.195527 0.713763 0.149138 0.393238 0.119511 1.000000 0.297510 0.716659 0.119454 0.042960 0.080645 0.449789 0.216313 0.293810 0.206543 -0.272428 -0.064195 0.597961 0.106738 -0.205000 -0.052215 0.256719 -0.299607 -0.048712 -0.354502 -0.242793 -0.404967 -0.109150 0.064669 0.116027 -0.194437 -0.148751 0.236822 -0.067301 0.127196 -0.235960 -0.332562 -0.033973 -0.058192 0.004100 0.006812 -0.292223 -0.404687 -0.100536 -0.371550 -0.241157 0.033173 0.088409 -0.237882 -0.127486 -0.029247 0.285764 0.113993 -0.192129 -0.173400 -0.509814 -0.283359 0.429575 0.041850 0.493234 0.221537 0.018142 0.003350 0.102547 -0.023264 0.026692 -0.129014 -0.295581 -0.029986 -0.073617 -0.222504 0.033553 -0.025079 -0.024310 -0.058673 0.092276 -0.080292 -0.457490 -0.539354 -0.278065 -0.331783 0.181221 0.189527 -0.345743 -0.336475 -0.255202 -0.225361 0.258035 -0.018563 0.230966 0.325650 0.129584 0.356051 -0.257211 -0.177913 -0.237451 -0.431137 -0.343030 -0.397410 -0.119701 0.140986 -0.331781 -0.517192 -0.536996 -0.341351 -0.105610 -0.435715 -0.303069 -0.011543 -0.137815 -0.388544 -0.363700 -0.541528 -0.578251 -0.334748
-0.342470 -0.210389 0.177831 0.854066 -0.003949 0.543424 0.297510 1.000000 0.272916 0.722068 -0.074484 0.591179 0.119151 0.641132 -0.135253 0.425759 -0.300617 -0.068458 -0.170229 -0.071330 -0.100249 0.090801 -0.176183 0.441235 -0.116785 0.096972 -0.309617 0.176517 -0.235577 -0.155648 -0.020844 0.234944 -0.187865 0.356202 -0.107828 0.084658 -0.353656 -0.246109 -0.183868 0.061074 -0.228342 -0.147947 -0.585914 -0.477008 -0.531530 0.020885 -0.599620 -0.307293 -0.210070 -0.325161 -0.090972 -0.196230 -0.314440 -0.371076 -0.372993 -0.516607 -0.439768 -0.355178 -0.023247 0.031344 0.234636 0.602127 -0.260635 0.056964 0.226752 0.768151 -0.212870 0.143199 -0.475472 -0.185582 -0.121860 0.242872 -0.119948 -0.050285 -0.032052 0.206049 -0.053100 0.052609 -0.314521 -0.371208 -0.356004 -0.361363 -0.358625 -0.116407 -0.242983 0.181101 -0.147520 -0.088967 0.176311 0.314227 -0.045539 -0.272354 0.714388 -0.086031 -0.267519 0.106954 -0.333302 -0.191894 -0.701514 -0.503839 0.377710 -0.227061 -0.025161 -0.477013 -0.248440 -0.252484 -0.086729 -0.480522 -0.285500 -0.081783 -0.218499 -0.577154 -0.418167 -0.414378 -0.203978 -0.200794
-0.104094 -0.284765 0.642644 0.190260 0.669577 0.427061 0.716659 0.272916 1.000000 0.405339 -0.097954 0.045405 0.360679 0.214053 0.513756 0.302910 -0.404245 -0.189472 0.324625 0.053830 -0.184195 -0.159248 0.375216 -0.099429 0.118849 -0.195093 -0.053303 -0.290754 -0.244569 -0.070359 -0.040048 -0.234542 -0.395924 0.106195 -0.025147 0.300535 -0.397095 -0.427277 -0.157444 -0.255230 -0.224487 -0.320223 -0.273531 -0.390776 -0.018226 -0.180233 -0.178634 0.116129 0.034912 -0.129195 -0.072286 0.038892 0.357110 0.156293 -0.217195 -0.244601 -0.519087 -0.278247 0.427537 0.159760 0.373513 0.270224 -0.162190 0.009086 0.213848 0.058347 -0.003074 -0.065435 -0.260106 0.079717 -0.082815 -0.161166 -0.112355 -0.247533 -0.254926 -0.146458 0.013924 -0.171835 -0.512400 -0.536951 -0.412847 -0.446134 0.063267 -0.089957 -0.203379 -0.397044 -0.291461 -0.347879 0.398953 0.167332 0.426477 0.388140 0.286670 0.394913 -0.108954 -0.129378 -0.200196 -0.427236 -0.205188 -0.183150 0.031257 0.086406 -0.209369 -0.507288 -0.415264 -0.194835 0.061692 -0.375957 -0.288669 0.065836 -0.201782 -0.293725 -0.313727 -0.323360 -0.424767 -0.168302
-0.297394 -0.146251 -0.021668 0.679962 0.222947 0.793139 0.119454 0.722068 0.405339 1.000000 -0.131682 0.515176 0.177524 0.594035 0.112309 0.501199 -0.194451 0.052982 -0.261325 0.009048 -0.245733 -0.019538 -0.169684 0.358117 -0.176736 -0.111774 -0.272467 -0.025651 -0.200679 -0.122058 -0.338962 -0.100887 -0.313621 0.210600 -0.107890 0.113376 -0.345823 -0.324089 -0.166525 -0.119480 -0.240580 -0.286216 -0.520724 -0.482721 -0.373605 0.070240 -0.408616 -0.199032 -0.141985 -0.148742 -0.084991 -0.038527 -0.054094 -0.212507 -0.381821 -0.429909 -0.353695 -0.136698 0.112269 0.222091 0.295278 0.681932 -0.073867 0.205210 0.177368 0.712541 -0.225582 0.009363 -0.379209 -0.046751 -0.237471 0.012933 -0.175935 -0.261445 -0.241923 0.014172 -0.176961 -0.152665 -0.203499 -0.260097 -0.304835 -0.288778 -0.327913 -0.149559 -0.112659 0.055159 -0.223985 -0.277030 0.274464 0.408227 0.077479 -0.147642 0.627103 -0.064883 -0.158122 0.038672 -0.429570 -0.325348 -0.425164 -0.326939 0.425442 -0.079455 0.045874 -0.332097 -0.187740 -0.206619 -0.028867 -0.398798 -0.276544 -0.087110 -0.461106 -0.376032 -0.184046 -0.249949 -0.163564 -0.088213
0.320199 -0.030388 -0.048547 -0.229280 -0.184719 -0.158828 0.042960 -0.074484 -0.097954 -0.131682 1.000000 0.382785 0.742417 0.426901 0.478170 0.253884 0.430818 0.227567 0.183573 -0.030110 0.015771 0.307602 0.035527 -0.034601 -0.126984 -0.174123 0.023829 -0.004720 0.490408 0.200126 0.325159 0.204286 0.140137 -0.100110 -0.074666 -0.122571 0.371664 -0.158893 0.096921 -0.017867 0.318021 0.308606 -0.145448 -0.194542 -0.282518 -0.245613 -0.174917 -0.356171 -0.150400 -0.474770 -0.248874 -0.486062 -0.147363 -0.184686 0.249026 -0.234839 0.169629 0.081242 -0.099984 -0.361868 0.226665 0.030828 0.053058 -0.210544 0.250551 0.053017 -0.460233 -0.449050 -0.051053 -0.266538 0.247363 0.287108 0.355732 0.379783 0.400525 0.278838 0.030899 -0.199259 0.409052 0.265454 0.393648 0.287543 0.449741 0.258364 0.496042 -0.051008 0.045984 0.146663 0.207513 -0.340682 -0.481666 -0.190712 -0.128459 0.096428 -0.048431 -0.121621 -0.258369 0.246510 -0.232238 -0.177705 -0.257239 -0.240944 -0.228966 -0.009084 -0.042613 -0.069497 -0.115696 0.149779 0.234261 -0.196198 -0.046248 -0.071731 -0.050658 -0.009702 0.196583 0.020141
0.049162 0.273890 -0.230841 0.473701 -0.219292 0.298528 0.080645 0.591179 0.045405 0.515176 0.382785 1.000000 0.482194 0.875683 0.122115 0.647390 0.197272 0.350348 -0.191373 0.083027 -0.285663 0.129134 -0.439049 0.152723 -0.460627 -0.177064 -0.440863 -0.081734 0.238018 0.285837 -0.046896 0.122766 -0.028328 0.348519 -0.238553 -0.193538 -0.039456 -0.022774 -0.219165 0.019319 0.009621 0.090438 -0.488271 -0.499359 -0.598845 -0.234481 -0.442772 -0.358714 -0.405049 -0.540210 -0.336476 -0.391653 -0.231012 -0.191594 -0.240233 -0.515711 0.008943 0.053384 -0.211600 0.011845 0.363611 0.696849 0.129677 0.355273 0.024299 0.509014 -0.556414 -0.333732 -0.225508 -0.227935 0.182553 0.321565 0.286054 0.249777 0.275666 0.480786 0.089801 0.131041 0.018971 0.016460 0.063213 -0.009075 -0.045282 0.183564 0.042677 0.164147 -0.032170 0.044207 -0.031016 0.063643 -0.230735 -0.323483 0.416850 -0.212152 -0.358031 0.074953 -0.489972 -0.220082 -0.515513 -0.301238 0.352861 -0.151288 -0.008284 -0.165790 -0.273948 -0.326952 -0.068142 -0.315028 -0.177239 -0.065971 -0.415258 -0.331221 -0.044256 -0.226455 -0.042376 -0.149470
0.367509 0.034191 0.113421 -0.115152 0.090233 0.103177 0.449789 0.119151 0.360679 0.177524 0.742417 0.482194 1.000000 0.617778 0.686071 0.538039 0.285101 0.245511 0.217074 0.046772 -0.104728 0.184158 -0.013973 -0.232154 -0.291085 -0.434355 -0.198210 -0.321219 0.382143 0.300091 0.155395 -0.074861 -0.024730 0.048406 -0.191244 -0.040763 0.157206 -0.237514 0.076297 -0.072083 0.207283 0.162308 -0.298471 -0.398360 -0.360878 -0.507481 -0.243275 -0.258419 -0.138203 -0.529047 -0.324501 -0.357780 0.146106 0.021937 0.067160 -0.269231 -0.045945 0.050037 0.146254 -0.083981 0.590302 0.341298 0.183083 0.005945 0.107307 0.051125 -0.505054 -0.599445 -0.117908 -0.201718 0.090443 0.064251 0.375394 0.237815 0.259477 0.248953 0.103520 -0.277037 0.054563 -0.043031 0.202477 0.051814 0.394592 0.249003 0.152962 -0.290082 -0.161739 -0.118798 0.275423 -0.137473 -0.177975 0.035433 0.031151 0.197777 -0.150968 -0.186348 -0.410862 -0.139321 -0.273558 -0.210071 -0.112505 0.001828 -0.235849 -0.192136 -0.280838 -0.240446 0.025092 -0.120212 -0.015907 -0.134074 -0.387788 -0.160751 -0.045478 -0.160363 -0.105485 -0.079453
0.056813 0.109110 -0.098359 0.420404 -0.071112 0.433846 0.216313 0.641132 0.214053 0.594035 0.426901 0.875683 0.617778 1.000000 0.270523 0.777949 0.076947 0.239968 -0.122726 0.046521 -0.213365 0.180217 -0.362251 0.145373 -0.379039 -0.237305 -0.357544 -0.063954 0.187913 0.208413 -0.057434 0.053614 -0.089129 0.312197 -0.196482 -0.006409 -0.064972 -0.183014 -0.034366 0.033633 0.084762 0.101458 -0.523463 -0.507310 -0.614698 -0.249596 -0.487074 -0.310665 -0.368044 -0.553506 -0.409556 -0.407481 -0.135029 -0.145771 -0.139433 -0.520692 -0.076361 -0.034107 0.002920 0.038142 0.486552 0.754751 0.045315 0.199627 0.045273 0.572291 -0.580500 -0.373635 -0.237325 -0.214365 0.061465 0.179694 0.191014 0.100888 0.141759 0.320753 -0.016302 -0.081218 -0.060337 -0.140790 0.010749 -0.122907 0.063801 0.190084 -0.035726 0.000560 -0.045545 -0.126405 0.161220 0.123703 -0.160234 -0.204431 0.469773 -0.070255 -0.320450 0.039064 -0.523329 -0.204431 -0.498026 -0.346068 0.254397 -0.114167 -0.051337 -0.238351 -0.263311 -0.349097 -0.092922 -0.347659 -0.230010 -0.155659 -0.416565 -0.410306 -0.187937 -0.215571 -0.114291 -0.231449
0.113968 -0.207843 0.241374 -0.217982 0.299824 0.138547 0.293810 -0.135253 0.513756 0.112309 0.478170 0.122115 0.686071 0.270523 1.000000 0.517269 0.139658 0.079023 0.228723 -0.039499 0.008964 0.235705 0.278881 -0.127596 -0.032199 -0.242551 0.123846 -0.193275 0.307706 0.148641 0.146858 -0.101443 -0.189281 -0.211626 -0.089151 0.033168 0.165522 -0.226066 0.084650 -0.195666 0.203949 0.032175 -0.233902 -0.348895 -0.192198 -0.387776 -0.130225 -0.047746 -0.156558 -0.350219 -0.240387 -0.275619 0.170057 0.036008 0.109140 -0.220918 -0.088822 0.029760 0.203192 -0.060391 0.341270 0.024488 0.040524 -0.159566 0.167699 -0.146285 -0.304666 -0.412220 0.039174 -0.036350 0.115506 0.031272 0.085184 0.026928 0.019626 -0.013658 -0.073632 -0.358565 0.103818 -0.030274 0.195799 0.101850 0.566043 0.223167 0.357885 -0.224352 -0.170855 -0.205058 0.356042 -0.097420 0.078246 0.248955 0.017210 0.406051 -0.016122 -0.289640 -0.278926 -0.025806 -0.051954 -0.024577 -0.177941 -0.003517 -0.202658 -0.165271 -0.151740 -0.078486 0.052538 -0.045547 -0.154207 -0.192608 -0.136749 0.067324 -0.079269 0.008316 -0.067189 0.020441
0.080718 0.110802 -0.067104 0.307727 0.010626 0.422863 0.206543 0.425759 0.302910 0.501199 0.253884 0.647390 0.538039 0.777949 0.517269 1.000000 0.102858 0.177187 0.016049 0.151319 -0.103151 0.252153 -0.288273 0.027732 -0.364736 -0.244575 -0.261997 -0.110463 0.294458 0.292175 -0.031535 -0.032221 -0.196212 0.171719 -0.319984 -0.046301 0.003900 -0.043188 0.059943 0.080336 0.222663 0.150570 -0.426718 -0.478274 -0.653646 -0.460656 -0.326698 -0.035804 -0.457718 -0.567266 -0.514395 -0.343351 -0.050943 0.037582 -0.214715 -0.432833 0.003949 0.025379 0.123257 0.221128 0.411974 0.532235 0.168140 0.211679 -0.159795 0.257365 -0.577966 -0.445318 -0.025654 -0.074338 0.076662 0.071624 0.120369 0.003709 0.047110 0.185781 -0.102548 -0.203264 -0.079132 -0.176061 0.184493 -0.040094 0.358781 0.366381 -0.041180 -0.043046 -0.066995 -0.218903 0.064673 0.195399 0.102193 0.052591 0.373767 0.016055 -0.311828 -0.053260 -0.499669 -0.308908 -0.328863 -0.167055 0.189370 -0.077327 -0.107076 -0.229176 -0.325855 -0.342333 -0.063554 -0.359425 -0.324691 -0.179419 -0.374741 -0.190887 -0.171641 -0.107986 -0.183639 -0.222002
0.458182 0.526824 -0.606332 -0.415813 -0.463107 -0.302181 -0.272428 -0.300617 -0.404245 -0.194451 0.430818 0.197272 0.285101 0.076947 0.139658 0.102858 1.000000 0.799716 -0.050957 0.211168 -0.160593 0.189041 -0.433506 -0.460081 -0.403161 -0.367978 -0.349037 -0.322011 0.845175 0.752116 0.027863 -0.047459 0.544820 0.021550 -0.477300 -0.596039 0.716058 0.320600 0.157433 0.132771 0.395726 0.533423 -0.009526 -0.006881 -0.304063 -0.495830 -0.030768 -0.180666 -0.398323 -0.350153 -0.460073 -0.407350 -0.236892 -0.155109 -0.046729 0.034773 0.679774 0.680455 -0.315080 0.022174 0.097108 -0.002326 0.692019 0.480787 -0.364966 -0.285176 -0.486328 -0.646263 0.391444 -0.104133 0.340777 0.187756 0.750727 0.586701 0.612873 0.387253 0.297460 0.071205 0.703509 0.748094 0.875300 0.818631 0.319891 0.414153 0.278286 0.012414 0.027294 0.046961 -0.405547 -0.334056 -0.332120 -0.346409 -0.372128 -0.392381 -0.005482 -0.012318 -0.242210 0.226952 0.128823 0.199505 -0.262954 -0.156716 -0.104865 0.387666 0.091847 0.029302 0.073274 0.285981 0.102886 -0.110854 -0.278577 0.392958 0.389918 0.360237 0.254082 0.183386
0.435039 0.575665 -0.477797 -0.169809 -0.414191 -0.211916 -0.064195 -0.068458 -0.189472 0.052982 0.227567 0.350348 0.245511 0.239968 0.079023 0.177187 0.799716 1.000000 -0.041693 -0.018045 -0.240832 0.271421 -0.384580 -0.445647 -0.363544 -0.349548 -0.439814 -0.330789 0.727661 0.809221 -0.024259 -0.060791 0.497334 0.114816 -0.392684 -0.615601 0.604897 0.256690 0.128030 0.130822 0.376261 0.539406 -0.161735 -0.145811 -0.323812 -0.478041 -0.089473 -0.337284 -0.350769 -0.323555 -0.403657 -0.337769 -0.202603 -0.183328 -0.186458 0.051742 0.485539 0.615590 -0.296914 0.049425 0.241291 0.286174 0.660840 0.680576 -0.233762 -0.061528 -0.501470 -0.668838 0.097936 -0.365072 0.231667 0.177614 0.677447 0.517821 0.521888 0.446405 0.267279 0.145218 0.564429 0.662710 0.632929 0.759496 0.228715 0.511423 0.158192 0.181487 0.119823 0.064567 -0.348031 -0.195856 -0.378122 -0.479711 -0.302846 -0.482835 -0.194130 -0.125466 -0.344915 0.013730 -0.006248 -0.050573 -0.240066 -0.216484 -0.226679 0.175413 -0.031940 -0.155115 0.095087 0.016547 -0.169100 -0.258660 -0.434185 0.121448 0.248321 0.057684 -0.010052 -0.001413
0.370909 -0.097814 0.527551 -0.119562 0.165139 -0.219439 0.597961 -0.170229 0.324625 -0.261325 0.183573 -0.191373 0.217074 -0.122726 0.228723 0.016049 -0.050957 -0.041693 1.000000 0.231830 -0.053337 -0.032254 0.407982 -0.298297 -0.071014 -0.319112 0.096807 -0.262291 0.085786 0.082896 0.157321 -0.162080 0.155505 0.135336 0.108183 -0.006759 0.100561 -0.011502 0.223511 -0.017348 0.255253 0.304986 -0.072308 -0.172539 -0.011015 -0.330015 -0.043308 0.106406 0.040052 -0.118741 -0.288875 -0.153709 0.159990 0.130539 -0.028544 -0.042797 -0.228410 -0.109865 0.385775 -0.125849 0.129908 -0.162111 0.010976 -0.183550 0.175099 -0.233920 0.082080 -0.143566 0.046281 0.075762 0.084674 -0.202643 0.085259 0.150632 0.149558 -0.055076 0.196655 0.103075 -0.135078 -0.204208 -0.020421 -0.100441 0.495368 0.337783 -0.022144 -0.308970 0.044224 -0.078403 0.256749 -0.223036 0.108560 0.341443 -0.214989 0.300346 -0.175910 -0.205649 -0.114424 -0.223878 -0.130808 -0.208540 -0.328031 -0.023358 -0.460639 -0.336047 -0.326611 -0.174734 -0.237664 -0.263755 -0.124141 -0.059901 0.103163 -0.186386 -0.299638 -0.343694 -0.440370 -0.288768
0.204260 0.326110 -0.196671 -0.076666 0.142125 0.162748 0.106738 -0.071330 0.053830 0.009048 -0.030110 0.083027 0.046772 0.046521 -0.039499 0.151319 0.211168 -0.018045 0.231830 1.000000 -0.414018 -0.566720 -0.418258 -0.319672 -0.513609 -0.521779 -0.291442 -0.517512 0.067496 0.156189 -0.341338 -0.402716 0.124113 0.346957 -0.478682 -0.197942 -0.138778 0.044531 -0.248436 -0.268936 -0.220195 -0.145151 -0.079586 -0.102232 -0.237758 -0.350017 -0.183195 0.470612 -0.402435 -0.210987 -0.571661 -0.264070 -0.008990 0.069973 -0.447293 -0.327120 0.200314 0.213395 0.309386 0.405000 0.118056 0.062118 0.350980 0.311436 -0.522267 -0.282362 -0.005556 0.005610 0.461007 0.819664 0.204855 -0.233699 0.189797 0.045605 0.024183 -0.109353 0.190959 0.094761 -0.173743 -0.099186 0.218459 -0.105040 0.035837 -0.018874 -0.365547 -0.625430 -0.457694 -0.448683 -0.223303 -0.099924 0.527056 0.439763 0.161552 0.062917 0.270716 0.390516 -0.158347 -0.041892 0.108001 0.421920 0.278582 0.428308 0.251262 0.249616 -0.019683 0.264655 0.068634 0.121546 0.259602 0.463918 -0.142566 0.338328 0.201863 0.391891 0.153281 0.315580
-0.343593 -0.398095 0.209099 -0.100132 -0.161596 -0.139310 -0.205000 -0.100249 -0.184195 -0.245733 0.015771 -0.285663 -0.104728 -0.213365 0.008964 -0.103151 -0.160593 -0.240832 -0.053337 -0.414018 1.000000 0.383575 0.359617 0.400027 0.570819 0.624555 0.461246 0.657593 -0.014641 -0.207681 0.638004 0.642690 -0.069817 -0.122128 0.201106 0.211277 0.155445 0.177223 0.398581 0.286390 0.245703 0.125800 0.128018 0.198272 0.122622 0.183528 0.052293 -0.195800 0.009250 0.084463 0.258814 -0.063257 -0.224154 -0.198705 0.264203 0.086424 -0.070217 -0.234967 -0.207832 -0.249510 -0.478362 -0.417306 -0.351824 -0.486264 0.290116 -0.012921 0.019083 0.140168 -0.169981 -0.263902 0.020835 0.351879 -0.148553 -0.002031 -0.032687 0.016253 -0.221453 -0.065969 0.245902 0.111755 0.067547 0.107580 0.053568 -0.113920 0.172692 0.285235 0.218015 0.163116 0.175522 0.116012 -0.307069 -0.152647 -0.179426 0.051472 -0.007684 -0.115374 0.300971 0.307362 -0.145476 -0.159344 -0.290111 -0.276111 -0.159725 -0.082975 0.141489 0.039762 -0.130539 0.169086 0.194603 -0.214864 0.420379 -0.133290 -0.269710 -0.011075 0.111665 -0.050375
-0.030332 -0.192008 0.057485 0.084534 -0.346929 -0.168664 -0.052215 0.090801 -0.159248 -0.019538 0.307602 0.129134 0.184158 0.180217 0.235705 0.252153 0.189041 0.271421 -0.032254 -0.566720 0.383575 1.000000 0.160932 0.230176 0.181679 0.260142 0.033586 0.367924 0.493894 0.188799 0.413286 0.466531 0.075820 -0.211257 -0.070671 -0.221863 0.473932 -0.068662 0.312639 0.225541 0.657530 0.575042 -0.274607 -0.193872 -0.240558 -0.160862 -0.126437 -0.518828 -0.065191 -0.213740 0.071560 -0.149487 -0.280247 -0.269050 0.207337 0.029330 -0.025068 -0.107897 -0.344506 -0.309902 0.020002 -0.053550 0.035222 -0.165289 0.256233 0.177603 -0.325893 -0.296419 -0.300889 -0.665105 0.086734 0.322104 0.077421 0.157953 0.204672 0.168219 -0.345883 -0.310397 0.529197 0.253332 0.332075 0.475789 0.405643 0.518691 0.448428 0.648333 0.341762 0.294380 0.191019 0.026902 -0.609029 -0.374286 -0.059878 0.006369 -0.334853 -0.496074 -0.291082 0.131400 -0.211551 -0.468440 -0.325531 -0.409900 -0.197981 -0.029478 0.046203 -0.300080 -0.326627 0.026528 -0.161030 -0.696010 0.006261 -0.249334 -0.199693 -0.190995 0.001601 -0.305248
-0.286096 -0.604089 0.749465 -0.048029 0.394042 -0.118545 0.256719 -0.176183 0.375216 -0.169684 0.035527 -0.439049 -0.013973 -0.362251 0.278881 -0.288273 -0.433506 -0.384580 0.407982 -0.418258 0.359617 0.160932 1.000000 0.337873 0.670124 0.346598 0.629629 0.334029 -0.244405 -0.454445 0.419310 0.274382 -0.223921 -0.318479 0.457114 0.331528 -0.030426 -0.262869 0.181770 -0.055653 0.043779 -0.098193 0.123261 0.060140 0.357397 0.265684 0.152656 -0.090438 0.395331 0.198265 0.444276 0.183784 0.149753 -0.009951 0.275931 0.159172 -0.504699 -0.468519 0.006741 -0.513707 -0.293612 -0.459366 -0.511424 -0.605543 0.704806 -0.047370 0.211611 0.183805 -0.357800 -0.225453 -0.129571 0.009006 -0.335526 -0.199044 -0.217895 -0.267248 -0.178143 -0.175002 -0.055646 -0.189942 -0.344012 -0.189566 0.198523 -0.061406 0.322232 0.038499 0.199377 0.215448 0.558894 -0.172778 -0.058376 0.165309 -0.117127 0.456722 0.033173 -0.329731 0.126576 0.015595 -0.065485 -0.284631 -0.394890 -0.224851 -0.354555 -0.397122 -0.042872 0.048353 -0.220785 0.016400 0.030295 -0.174517 0.333962 -0.241841 -0.326754 -0.332965 -0.189434 -0.139380
-0.692112 -0.569716 0.209112 0.565470 -0.006429 0.336624 -0.299607 0.441235 -0.099429 0.358117 -0.034601 0.152723 -0.232154 0.145373 -0.127596 0.027732 -0.460081 -0.445647 -0.298297 -0.319672 0.400027 0.230176 0.337873 1.000000 0.459088 0.693064 0.392242 0.788647 -0.378643 -0.645482 0.233709 0.604042 -0.311009 -0.070746 0.315183 0.324134 -0.221083 -0.221359 -0.057735 0.011479 -0.170955 -0.276475 -0.179966 -0.056102 -0.118239 0.581224 -0.244291 -0.265225 0.037856 0.044316 0.350546 -0.009322 -0.390887 -0.428794 0.017749 -0.269095 -0.447399 -0.533203 -0.271783 -0.421860 -0.413573 -0.029704 -0.629879 -0.507712 0.593979 0.644466 0.027443 0.493060 -0.486733 -0.152960 -0.123928 0.372272 -0.523008 -0.282780 -0.284547 -0.089912 -0.445585 -0.139054 0.036078 -0.143017 -0.334891 -0.243669 -0.310419 -0.338982 0.270584 0.429574 0.097700 0.186114 0.445711 0.155764 -0.234148 -0.254269 0.447581 0.115766 0.027270 -0.001883 0.009853 0.195916 -0.416667 -0.382510 0.165676 -0.351020 0.045145 -0.265551 0.206852 0.117333 -0.308724 0.008905 0.097487 -0.196391 0.251552 -0.385925 -0.350801 -0.171348 0.204075 0.002431
-0.504660 -0.623243 0.506409 -0.058220 0.228007 -0.020985 -0.048712 -0.116785 0.118849 -0.176736 -0.126984 -0.460627 -0.291085 -0.379039 -0.032199 -0.364736 -0.403161 -0.363544 -0.071014 -0.513609 0.570819 0.181679 0.670124 0.459088 1.000000 0.760927 0.535037 0.639260 -0.282251 -0.437822 0.506707 0.507957 -0.314648 -0.273161 0.362650 0.454049 -0.067900 -0.235105 0.044359 0.096505 -0.029695 -0.194403 0.271888 0.269213 0.394757 0.544875 0.185035 -0.001458 0.281514 0.262064 0.567142 0.232689 -0.050362 -0.114173 0.224948 0.170262 -0.303808 -0.373002 -0.145503 -0.402421 -0.448485 -0.466580 -0.457023 -0.496362 0.495791 0.022727 0.211112 0.358071 -0.347091 -0.275359 -0.085060 0.171553 -0.401319 -0.272232 -0.303570 -0.253810 -0.353798 -0.185812 0.051874 -0.066758 -0.210793 -0.047908 -0.114903 -0.250117 0.169294 0.207515 0.124213 0.190657 0.287909 0.002976 -0.138777 -0.082039 -0.164500 0.159429 0.145425 -0.084975 0.357033 0.234880 -0.073908 -0.286455 -0.397276 -0.248568 -0.235695 -0.298656 0.048241 0.116252 -0.192411 0.141374 0.173505 -0.106544 0.543710 -0.222925 -0.382409 -0.217033 0.008729 -0.042654
-0.538499 -0.437306 0.192349 0.201329 -0.134880 -0.047016 -0.354502 0.096972 -0.195093 -0.111774 -0.174123 -0.177064 -0.434355 -0.237305 -0.242551 -0.244575 -0.367978 -0.349548 -0.319112 -0.521779 0.624555 0.260142 0.346598 0.693064 0.760927 1.000000 0.449336 0.877540 -0.279305 -0.413328 0.487011 0.724001 -0.219728 -0.170152 0.364941 0.323186 -0.103182 0.058129 -0.060622 0.205947 -0.105000 -0.142295 0.196819 0.265854 0.140203 0.590595 0.070470 -0.130967 0.100455 0.146071 0.503103 0.138396 -0.350570 -0.230186 0.131025 0.090274 -0.205585 -0.410081 -0.376847 -0.417672 -0.546155 -0.348332 -0.505299 -0.400091 0.427394 0.238693 0.091410 0.466733 -0.341208 -0.316628 0.005561 0.464290 -0.348061 -0.116890 -0.115432 0.065276 -0.277048 0.058703 0.067668 0.021339 -0.196584 -0.047879 -0.245144 -0.310061 0.186418 0.493294 0.208160 0.350692 0.116982 0.119110 -0.275138 -0.337472 0.000289 -0.103038 0.044330 0.006288 0.389620 0.279770 -0.217906 -0.224580 -0.155040 -0.397914 -0.098795 -0.201566 0.205003 0.174208 -0.118829 0.103222 0.106928 -0.137618 0.466477 -0.263705 -0.309321 -0.132024 0.193982 0.027692
-0.198500 -0.376699 0.262470 -0.197680 0.298061 -0.083129 -0.242793 -0.309617 -0.053303 -0.272467 0.023829 -0.440863 -0.198210 -0.357544 0.123846 -0.261997 -0.349037 -0.439814 0.096807 -0.291442 0.461246 0.033586 0.629629 0.392242 0.535037 0.449336 1.000000 0.522290 -0.276100 -0.534583 0.219627 0.175638 -0.189148 -0.468294 0.479928 0.320560 -0.028012 -0.018749 0.310462 -0.058656 -0.082505 -0.202009 0.358163 0.368367 0.295112 0.367330 0.367700 0.104258 0.269109 0.246931 0.407069 0.184668 0.012015 0.129298 0.383976 0.181980 -0.145879 -0.300309 -0.116622 -0.418809 -0.542168 -0.609405 -0.568522 -0.660288 0.419413 -0.145758 0.159953 0.278574 -0.035203 -0.044583 -0.079505 -0.050109 -0.364736 -0.168893 -0.222149 -0.244658 -0.132253 -0.096562 -0.000881 -0.000488 -0.206298 -0.159464 0.157705 -0.217698 0.369258 -0.025135 0.308508 0.269400 0.304280 -0.201824 0.055975 0.135330 -0.105389 0.313163 0.263687 -0.125718 0.414029 0.232813 0.239527 0.142916 -0.228727 -0.170715 -0.057609 -0.062729 0.349762 0.375645 -0.016672 0.179523 0.181037 -0.022931 0.443965 0.088625 -0.076601 0.079861 0.163473 0.124917
-0.504880 -0.441681 0.137271 0.286125 -0.248695 -0.038320 -0.404967 0.176517 -0.290754 -0.025651 -0.004720 -0.081734 -0.321219 -0.063954 -0.193275 -0.110463 -0.322011 -0.330789 -0.262291 -0.517512 0.657593 0.367924 0.334029 0.788647 0.639260 0.877540 0.522290 1.000000 -0.218892 -0.434508 0.484568 0.745269 -0.134292 -0.159117 0.419905 0.291154 0.023822 0.025613 0.133313 0.293267 0.068467 -0.026779 0.018198 0.148129 -0.042778 0.527210 -0.050747 -0.260833 0.021351 0.016880 0.366129 -0.017713 -0.406235 -0.316446 0.251155 0.017662 -0.205660 -0.370258 -0.330190 -0.454854 -0.482556 -0.261146 -0.540674 -0.509220 0.516426 0.385009 0.015513 0.392974 -0.314784 -0.325587 -0.094656 0.408998 -0.377240 -0.137837 -0.139380 -0.010612 -0.333888 -0.033312 0.165018 0.040779 -0.157744 -0.015159 -0.114681 -0.170439 0.334486 0.556822 0.357158 0.421627 0.252550 0.132701 -0.395393 -0.368470 0.078419 -0.044472 -0.010275 -0.031553 0.293765 0.336770 -0.287788 -0.318439 -0.162448 -0.462291 -0.174163 -0.246272 0.188003 0.078737 -0.244318 0.018291 0.089521 -0.248041 0.460550 -0.341622 -0.398206 -0.171286 0.142799 -0.083223
0.436220 0.368353 -0.377100 -0.340990 -0.392215 -0.302535 -0.109150 -0.235577 -0.244569 -0.200679 0.490408 0.238018 0.382143 0.187913 0.307706 0.294458 0.845175 0.727661 0.085786 0.067496 -0.014641 0.493894 -0.244405 -0.378643 -0.282251 -0.279305 -0.276100 -0.218892 1.000000 0.793591 0.255416 0.109026 0.442411 -0.010614 -0.537778 -0.571058 0.773501 0.200603 0.265004 0.166850 0.620142 0.676197 -0.093403 -0.126487 -0.366115 -0.631870 -0.064925 -0.274024 -0.425403 -0.438601 -0.464201 -0.439632 -0.221470 -0.155300 0.052858 -0.021412 0.506479 0.451956 -0.326354 -0.057859 0.141830 -0.019809 0.628549 0.382200 -0.255848 -0.269914 -0.606067 -0.750853 0.248793 -0.265266 0.360738 0.242862 0.749758 0.548395 0.613521 0.391454 0.144653 -0.080373 0.695783 0.636500 0.841171 0.781097 0.560747 0.623465 0.314310 0.116225 0.101015 0.050496 -0.276316 -0.299956 -0.399403 -0.302327 -0.306588 -0.274378 -0.108523 -0.178991 -0.364326 0.185869 0.031774 0.001500 -0.376336 -0.219767 -0.167591 0.288199 0.018588 -0.101049 -0.045290 0.224911 0.075579 -0.284207 -0.231361 0.182573 0.211042 0.220366 0.180864 0.001195
0.517666 0.604405 -0.413066 -0.291003 -0.343773 -0.246260 0.064669 -0.155648 -0.070359 -0.122058 0.200126 0.285837 0.300091 0.208413 0.148641 0.292175 0.752116 0.809221 0.082896 0.156189 -0.207681 0.188799 -0.454445 -0.645482 -0.437822 -0.413328 -0.534583 -0.434508 0.793591 1.000000 0.071875 -0.112754 0.465090 0.223997 -0.494929 -0.517191 0.565477 0.406153 0.148604 0.259582 0.436090 0.579404 -0.081847 -0.157567 -0.308096 -0.678954 0.012052 -0.109205 -0.426244 -0.405121 -0.539095 -0.320424 -0.021358 0.085388 -0.090798 0.105651 0.507385 0.562337 -0.173609 0.215602 0.300632 0.219361 0.725880 0.697184 -0.473187 -0.324449 -0.528318 -0.766678 0.281845 -0.178329 0.302217 0.134636 0.798240 0.524931 0.569059 0.469993 0.401200 0.201822 0.365693 0.517067 0.639075 0.615573 0.374524 0.555939 -0.039085 -0.003326 0.064855 -0.023186 -0.503616 -0.120501 -0.170384 -0.233190 -0.364807 -0.482034 -0.201434 0.028077 -0.220694 -0.049533 0.062261 0.104525 -0.276451 -0.151917 -0.277058 0.130147 -0.210019 -0.210751 0.160210 -0.061392 -0.131132 -0.035150 -0.367141 0.169706 0.246652 0.124081 -0.070265 -0.061649
-0.151320 -0.326486 0.404466 -0.061100 -0.205671 -0.311882 0.116027 -0.020844 -0.040048 -0.338962 0.325159 -0.046896 0.155395 -0.057434 0.146858 -0.031535 0.027863 -0.024259 0.157321 -0.341338 0.638004 0.413286 0.419310 0.233709 0.506707 0.487011 0.219627 0.484568 0.255416 0.071875 1.000000 0.822829 0.126217 0.116745 0.133996 0.112802 0.216805 0.004190 0.114117 0.145019 0.251239 0.254489 -0.006428 -0.058912 -0.000774 -0.066899 -0.111845 -0.380778 -0.118823 -0.304487 0.146740 -0.325704 -0.340402 -0.296441 0.170406 -0.092167 -0.066387 -0.237807 -0.332751 -0.497879 -0.283947 -0.334844 -0.229223 -0.299793 0.398834 -0.042764 -0.188134 -0.099365 -0.242624 -0.379598 0.206764 0.562398 0.200956 0.236881 0.249485 0.230518 -0.002115 0.038812 0.256916 0.179127 0.171830 0.208251 0.214055 0.110575 0.260621 0.207268 0.123435 0.238527 0.079698 -0.245930 -0.504917 -0.327000 -0.224627 -0.038582 -0.051864 -0.077087 0.100570 0.294078 -0.379908 -0.337335 -0.474719 -0.429867 -0.378496 -0.235395 -0.022427 0.045796 -0.153041 0.063870 0.140337 -0.126146 0.354961 -0.253540 -0.307280 -0.212330 0.087666 -0.026183
-0.416194 -0.366729 0.192023 0.245959 -0.374220 -0.186378 -0.194437 0.234944 -0.234542 -0.100887 0.204286 0.122766 -0.074861 0.053614 -0.101443 -0.032221 -0.047459 -0.060791 -0.162080 -0.402716 0.642690 0.466531 0.274382 0.604042 0.507957 0.724001 0.175638 0.745269 0.109026 -0.112754 0.822829 1.000000 0.057973 0.131253 0.135966 0.051891 0.162924 0.015172 0.044649 0.187727 0.159416 0.175219 -0.098034 -0.009490 -0.117583 0.206511 -0.241892 -0.454776 -0.210049 -0.243880 0.192407 -0.333786 -0.591998 -0.512640 0.050659 -0.155143 -0.081978 -0.323504 -0.527559 -0.519141 -0.420991 -0.195888 -0.339022 -0.280675 0.465210 0.290138 -0.230839 0.094838 -0.359562 -0.392822 0.208549 0.750584 0.006653 0.139113 0.146599 0.250492 -0.152431 0.108748 0.331170 0.210312 0.100293 0.193227 -0.029610 0.000389 0.268443 0.491937 0.189529 0.294805 0.098418 -0.066478 -0.573948 -0.509855 0.024037 -0.164712 -0.081258 -0.017584 0.062960 0.374887 -0.461782 -0.374801 -0.274264 -0.529985 -0.218110 -0.178470 0.141742 0.082599 -0.242944 0.130165 0.169635 -0.242066 0.337105 -0.334453 -0.336566 -0.143246 0.248583 0.022214
0.472162 0.508638 -0.342935 -0.231856 -0.454696 -0.447608 -0.148751 -0.187865 -0.395924 -0.313621 0.140137 -0.028328 -0.024730 -0.089129 -0.189281 -0.196212 0.544820 0.497334 0.155505 0.124113 -0.069817 0.075820 -0.223921 -0.311009 -0.314648 -0.219728 -0.189148 -0.134292 0.442411 0.465090 0.126217 0.057973 1.000000 0.415492 -0.023326 -0.347788 0.451597 0.356953 0.118744 0.049178 0.280559 0.464605 -0.069607 -0.013538 -0.109954 -0.284393 -0.162025 -0.310261 -0.159349 -0.135101 -0.340620 -0.332539 -0.355185 -0.275901 -0.053255 0.042931 0.456648 0.441310 -0.194811 -0.136110 -0.023280 -0.017694 0.356852 0.288689 -0.144164 -0.138359 -0.063594 -0.260887 0.384105 -0.068101 0.240238 0.168434 0.570697 0.464376 0.503295 0.329468 0.446796 0.361606 0.359419 0.511460 0.393295 0.470346 0.112702 0.257506 0.070621 0.039306 0.122563 0.199052 -0.284638 -0.360952 -0.398165 -0.437418 -0.334817 -0.422015 0.024088 -0.051558 -0.097506 0.266748 -0.030860 0.055537 -0.247401 -0.221985 -0.161261 0.213947 0.219700 0.143934 0.109961 0.159051 -0.064925 -0.119446 -0.194794 0.097074 0.160230 0.188754 0.111668 0.111583
0.107930 0.254619 0.003150 0.288470 -0.105305 0.154896 0.236822 0.356202 0.106195 0.210600 -0.100110 0.348519 0.048406 0.312197 -0.211626 0.171719 0.021550 0.114816 0.135336 0.346957 -0.122128 -0.211257 -0.318479 -0.070746 -0.273161 -0.170152 -0.468294 -0.159117 -0.010614 0.223997 0.116745 0.131253 0.415492 1.000000 -0.048513 0.078688 -0.194065 0.045242 -0.290737 -0.099826 -0.050441 0.102070 -0.378993 -0.407040 -0.140816 -0.116075 -0.476814 -0.149174 -0.318231 -0.248140 -0.385216 -0.366717 -0.196515 -0.219389 -0.378805 -0.465049 0.005812 0.059812 0.083281 0.144913 0.185421 0.488931 0.184725 0.370555 -0.114865 0.225084 -0.039414 -0.007648 0.085918 0.178639 0.254859 0.191595 0.273543 0.145559 0.161361 0.248985 0.285575 0.386169 -0.197727 -0.145920 -0.083954 -0.168002 -0.268136 -0.022156 -0.358410 -0.164930 -0.201858 -0.209258 -0.118498 0.048706 -0.014756 -0.191437 0.135201 -0.299339 -0.213032 0.166536 -0.266148 -0.178187 -0.447597 -0.196522 0.155040 0.014057 -0.112736 -0.165454 -0.247490 -0.158953 -0.075451 -0.293869 -0.202830 0.112117 -0.168926 -0.328101 -0.237995 -0.173925 -0.177221 -0.148274
-0.071632 -0.269794 0.294363 0.039387 0.083194 -0.124168 -0.067301 -0.107828 -0.025147 -0.107890 -0.074666 -0.238553 -0.191244 -0.196482 -0.089151 -0.319984 -0.477300 -0.392684 0.108183 -0.478682 0.201106 -0.070671 0.457114 0.315183 0.362650 0.364941 0.479928 0.419905 -0.537778 -0.494929 0.133996 0.135966 -0.023326 -0.048513 1.000000 0.594973 -0.314804 -0.013816 -0.015081 -0.050069 -0.128415 -0.209518 0.148174 0.123708 0.501830 0.615997 0.201458 -0.098565 0.505820 0.345200 0.489619 0.269917 0.133891 0.105254 0.355050 0.263582 -0.322247 -0.323730 0.064594 -0.366225 -0.150068 -0.106536 -0.482533 -0.458531 0.520171 0.211339 0.381236 0.401708 -0.189015 -0.212953 -0.230792 -0.126538 -0.412055 -0.254236 -0.256742 -0.184875 -0.007927 0.125320 -0.260738 -0.198406 -0.578523 -0.390449 -0.162160 -0.311290 0.204150 0.139816 0.244441 0.329048 0.310285 0.001472 -0.183619 -0.075061 -0.187130 0.077260 -0.104491 -0.175499 0.398039 -0.070633 -0.006019 -0.184838 -0.122185 -0.173616 -0.257706 -0.337046 0.024384 0.016707 -0.045613 -0.241642 -0.288393 -0.064855 0.242722 -0.277596 -0.244511 -0.396053 -0.197275 -0.162020
-0.262005 -0.424591 0.414044 0.064320 0.448947 0.380757 0.127196 0.084658 0.300535 0.113376 -0.122571 -0.193538 -0.040763 -0.006409 0.033168 -0.046301 -0.596039 -0.615601 -0.006759 -0.197942 0.211277 -0.221863 0.331528 0.324134 0.454049 0.323186 0.320560 0.291154 -0.571058 -0.517191 0.112802 0.051891 -0.347788 0.078688 0.594973 1.000000 -0.561123 -0.203210 -0.163702 -0.112766 -0.341492 -0.449160 0.117092 0.028605 0.387193 0.573900 0.065839 0.171494 0.329425 0.271401 0.366998 0.294086 0.266060 0.166990 0.199814 -0.013796 -0.413426 -0.406952 0.310004 -0.131193 -0.042051 -0.017851 -0.454053 -0.427614 0.280914 0.225423 0.275359 0.424177 -0.202055 0.045206 -0.212222 -0.169463 -0.441421 -0.415263 -0.375254 -0.296217 -0.144709 -0.157733 -0.482810 -0.484658 -0.558729 -0.597604 -0.338653 -0.574532 -0.101244 -0.218404 -0.221155 -0.111971 0.317904 0.160281 0.150420 0.118997 -0.014201 0.136553 0.055755 0.028538 0.322708 -0.084942 -0.139899 -0.123246 0.013720 -0.002203 -0.077737 -0.402892 -0.097251 0.031803 0.000195 -0.155202 -0.110225 0.213416 0.312175 -0.289261 -0.383109 -0.255774 -0.146697 -0.097561
