1.000000 0.506628 0.368334 0.105733 0.368419 0.137192 0.288427 -0.071041 0.121258 -0.216032 0.001285 -0.093940 -0.224369 -0.366969 0.092635 -0.054983 -0.091371 -0.141158 0.420722 0.523886 -0.142273 0.243724 0.076790 -0.009909 -0.078109 -0.410064 0.294816 0.336631 -0.036831 -0.349388 -0.431646 -0.303132 -0.039566 -0.186466 -0.190260 -0.255573 0.119526 -0.076588 -0.318297 0.109178 -0.318254 -0.161015 -0.478762 -0.437746 -0.482332 -0.495211 -0.376298 -0.306284 -0.327726 -0.429764 -0.454432 -0.284975 -0.087795 -0.277999 0.214453 -0.146209 0.675543 0.282547 0.570343 0.397290 0.370469 0.213418 0.048269 -0.007014 0.034078 -0.192867 0.175683 -0.160960 0.369366 0.250812 -0.090444 -0.225041 -0.168547 0.004984 -0.219815 0.033772 0.082856 0.110120 -0.229333 -0.230509 -0.145330 -0.250809 0.419047 0.351875 -0.135929 -0.109559 0.310412 0.173918 0.485301 0.582271 -0.230605 0.036393 -0.111120 0.255247 -0.047684 0.115733 0.075638 0.200828 -0.004826 0.325377 0.022769 0.091037 0.130832 0.156883 0.157987 -0.083054 0.473028 0.164575 0.200213 0.260210 -0.138596 -0.208660 0.155123 0.215356 0.020794 0.006251
0.506628 1.000000 0.270237 0.021869 0.052479 -0.131839 0.217369 0.043789 -0.003017 -0.261072 0.085650 0.087392 -0.202149 -0.050730 0.042806 -0.180672 -0.091180 -0.089301 0.376431 0.238649 -0.219438 0.056256 -0.093745 -0.234511 -0.153995 -0.406509 0.006585 0.062731 -0.006575 -0.203394 -0.424805 -0.435580 -0.088606 -0.240721 -0.206907 -0.361990 -0.049724 -0.014392 -0.201571 0.157337 -0.304076 -0.195854 -0.378054 -0.372780 -0.334915 -0.357416 -0.342898 -0.266681 -0.141726 -0.247749 -0.250235 -0.144541 -0.120198 -0.209820 -0.020459 -0.201437 0.443573 0.574016 0.428005 0.443777 0.232722 0.254877 0.075941 0.023850 0.085190 -0.101557 0.262665 -0.067974 0.344691 0.514854 0.050646 -0.125914 -0.203313 -0.066646 -0.047822 -0.004523 -0.017766 -0.090671 -0.061154 0.026367 -0.162585 -0.126763 0.088203 0.115035 -0.142218 -0.281228 0.074730 -0.072373 0.131374 0.280240 -0.161801 0.132416 -0.102347 0.378425 -0.099280 0.043176 0.155474 0.121080 0.083774 0.144835 0.072935 0.242388 0.210444 0.241631 0.320187 0.149824 0.366613 0.147741 0.103524 0.245166 -0.044959 -0.052448 0.156883 0.042119 -0.146339 -0.147594
0.368334 0.270237 1.000000 0.530990 0.477706 0.376401 0.587625 0.332014 0.295876 0.401423 -0.237356 -0.223408 -0.294580 -0.327596 0.127410 0.322013 -0.357779 -0.523398 0.685003 0.585926 0.072048 0.309447 0.222434 0.119880 0.100256 0.065261 0.360025 0.217459 -0.459699 -0.413587 -0.274180 -0.314702 -0.103827 -0.272826 -0.300845 0.110644 -0.096961 -0.068279 -0.240933 0.376935 -0.508968 -0.093620 -0.225137 -0.024661 0.023935 -0.026251 -0.111073 0.027771 -0.142576 -0.227195 -0.383769 -0.125728 -0.038833 -0.119150 -0.101369 -0.099838 0.145916 0.036319 0.166681 0.310655 -0.214497 -0.136533 -0.450808 -0.561285 -0.013314 -0.147468 0.374602 0.194261 0.493784 0.431530 -0.099706 -0.474379 -0.501227 -0.024249 -0.524811 -0.269324 -0.186213 -0.137031 -0.172369 -0.373216 -0.472406 -0.491872 0.376577 0.478071 -0.387887 -0.137974 0.081956 0.328640 0.512066 0.350284 0.186748 0.271987 0.265327 0.183422 -0.021315 0.204807 0.109656 0.196915 -0.054552 0.123599 0.091777 -0.122434 -0.086306 0.006863 0.137226 -0.140596 0.100726 -0.056931 0.123572 0.345176 0.051779 -0.014329 0.154332 0.068377 -0.047497 -0.134197
0.105733 0.021869 0.530990 1.000000 0.377220 0.467481 0.285021 0.094326 0.431822 0.444152 0.044330 0.044758 -0.129030 -0.223087 0.338985 0.336309 -0.103519 -0.313989 0.514870 0.436635 0.125163 0.272174 0.521830 0.643333 0.288039 0.353514 0.452952 0.463316 -0.338805 -0.211479 -0.054373 0.004720 -0.020929 -0.209970 0.210987 0.321836 -0.054592 -0.141282 -0.176302 0.211756 -0.356396 -0.099767 -0.259240 -0.114163 -0.266955 -0.215042 -0.229537 -0.080168 -0.231464 -0.393538 -0.087736 -0.097532 -0.087777 0.034973 -0.276473 -0.272405 -0.086395 -0.052532 -0.208681 -0.051513 -0.373943 -0.297473 -0.402032 -0.377320 -0.004152 -0.187003 0.041017 0.299708 0.361442 0.200630 0.077235 -0.581833 -0.478660 0.292202 -0.467294 -0.387405 -0.365784 -0.253628 -0.106831 -0.213790 -0.331407 -0.533007 0.390299 0.267480 0.089312 0.209239 0.076601 0.206031 0.493285 0.293529 0.253178 0.249267 0.476350 0.100794 -0.149831 -0.132842 -0.112066 -0.027818 -0.200692 -0.007453 -0.092219 -0.216070 -0.187999 -0.075581 0.063188 -0.156481 0.191064 0.171677 -0.005930 -0.036395 0.142172 -0.233750 -0.198410 -0.105166 0.069826 -0.194896
0.368419 0.052479 0.477706 0.377220 1.000000 0.770076 0.293462 -0.018620 0.753660 0.358874 -0.329163 -0.250254 -0.203888 -0.532791 0.470326 0.432277 -0.500138 -0.441788 0.424910 0.330175 0.319664 0.578770 0.334780 0.324895 0.411949 0.314255 0.731868 0.573071 -0.441681 -0.333826 -0.359942 -0.100638 -0.288087 -0.283729 -0.014879 0.053097 0.144537 0.076141 -0.091411 0.235890 -0.090179 0.030993 -0.290799 -0.189126 -0.238599 -0.190236 -0.161832 -0.061701 -0.425837 -0.572357 -0.349446 -0.245557 -0.050762 -0.302111 0.273407 0.053285 0.021511 -0.115974 0.204715 0.166395 -0.094111 -0.175107 -0.398168 -0.414777 -0.144132 -0.251562 0.301151 0.164770 0.306802 0.213113 0.180259 -0.518415 -0.440980 0.352118 -0.520320 -0.074857 -0.076769 0.070512 -0.400307 -0.301173 -0.425803 -0.396757 0.640761 0.489276 -0.088870 0.150029 0.121772 0.144525 0.605989 0.551378 0.156619 0.284720 0.270514 0.266609 0.086040 0.332754 0.176852 0.387487 0.232192 0.501153 0.042792 -0.051519 -0.085690 -0.049047 0.095933 -0.098321 0.137405 -0.095316 0.279312 0.387025 0.300241 0.102261 0.206620 0.286287 0.048157 -0.081253
0.137192 -0.131839 0.376401 0.467481 0.770076 1.000000 0.058563 -0.134361 0.755949 0.588566 -0.284122 -0.129329 -0.240069 -0.396065 0.557964 0.520547 -0.344886 -0.414092 0.341481 0.315969 0.417999 0.529673 0.476099 0.443659 0.494166 0.539038 0.841245 0.728890 -0.345303 -0.153682 -0.206459 -0.030673 -0.263652 -0.199826 0.069619 0.108667 0.185900 0.116489 0.100641 0.312413 0.005472 0.161806 -0.127738 0.012477 -0.119504 -0.058162 -0.056241 0.078236 -0.467296 -0.481195 -0.362155 -0.311025 -0.147290 -0.209547 0.065747 -0.007392 -0.066721 -0.089232 -0.036968 -0.053947 -0.297013 -0.355280 -0.450281 -0.440493 -0.182071 -0.238182 0.060880 0.145079 0.202745 0.162538 0.166504 -0.559837 -0.445456 0.371711 -0.419553 -0.088420 -0.139518 0.069094 -0.254126 -0.185631 -0.344856 -0.353346 0.622010 0.450550 0.054007 0.263498 0.229820 0.237256 0.566052 0.426780 0.122189 0.167064 0.438372 0.216204 0.071451 0.317533 0.210768 0.261597 0.158818 0.332783 -0.004702 -0.080419 -0.166546 -0.027068 0.033409 -0.078060 0.011788 -0.170644 0.281036 0.252718 0.295052 0.034262 -0.000367 0.117055 0.036307 -0.006256
0.288427 0.217369 0.587625 0.285021 0.293462 0.058563 1.000000 0.519820 0.160974 0.227571 0.018740 -0.253790 0.106370 -0.208554 -0.111384 0.059053 -0.385513 -0.217962 0.362467 0.251120 -0.233086 0.064222 0.210060 0.094155 -0.057928 -0.176047 -0.025449 -0.037237 -0.354737 -0.555386 -0.352328 -0.408163 0.121022 -0.182443 0.047180 0.176832 -0.421995 -0.309910 -0.414528 0.096738 -0.547339 -0.448543 -0.410442 -0.369593 -0.085708 -0.123760 -0.338444 -0.220665 0.163605 -0.072011 -0.114133 0.036501 -0.009818 -0.137539 0.095072 -0.145118 0.073793 -0.083426 0.304513 0.400872 0.086966 0.260900 -0.156101 -0.175490 0.274481 0.184637 0.446289 0.310029 0.198995 0.309519 -0.145044 -0.230862 -0.344480 -0.181322 -0.415707 -0.174708 -0.206939 -0.226585 -0.121764 -0.222508 -0.545690 -0.455252 0.011972 -0.003192 -0.521117 -0.355217 -0.149256 -0.035248 0.329544 0.401016 0.123411 0.142466 0.262943 0.328846 -0.034448 -0.018316 -0.092682 0.067219 -0.183585 -0.029208 0.274410 -0.076866 0.140896 0.083349 0.184945 -0.050502 0.246022 0.091022 0.019974 0.026838 -0.072076 -0.166808 0.013263 0.049254 0.086200 -0.111837
-0.071041 0.043789 0.332014 0.094326 -0.018620 -0.134361 0.519820 1.000000 -0.143882 0.400103 -0.011882 -0.063342 0.217241 0.290878 -0.427534 0.161211 -0.086858 0.113590 -0.100532 -0.067207 -0.327754 -0.363290 -0.227423 -0.125435 -0.136272 -0.089928 -0.292020 -0.536338 -0.120030 -0.121102 0.045641 -0.246430 0.284426 0.272868 -0.160446 0.202461 -0.460885 -0.339496 -0.398276 -0.127368 -0.185149 -0.352376 -0.228918 -0.194435 0.148159 0.087653 -0.273227 -0.195249 0.394703 0.213615 -0.086368 0.144963 -0.066306 -0.116250 -0.216599 -0.262734 0.026766 -0.043818 0.120906 0.439532 0.127945 0.429439 0.088919 0.157784 0.296208 0.454503 0.363852 0.374013 -0.132842 -0.087446 -0.242181 0.028411 -0.107211 -0.212110 -0.245887 -0.286497 -0.143234 -0.236624 -0.046213 -0.058421 -0.153862 -0.187048 -0.305418 -0.158943 -0.496517 -0.545911 -0.379603 -0.132420 -0.155383 -0.052279 0.093846 -0.071671 0.242831 0.125623 -0.041601 -0.127916 -0.192832 -0.013401 -0.430046 -0.327661 0.452489 0.024080 0.337163 0.150564 0.190548 -0.269200 0.050713 -0.025801 0.042760 -0.229000 -0.271368 -0.266782 -0.138293 -0.185181 -0.135915 0.097132
0.121258 -0.003017 0.295876 0.431822 0.753660 0.755949 0.160974 -0.143882 1.000000 0.428994 -0.125222 -0.125939 0.082475 -0.319879 0.720647 0.402923 -0.326627 -0.133831 0.251961 0.103735 0.381194 0.441909 0.478806 0.508534 0.201551 0.447797 0.693602 0.587474 -0.262454 -0.153350 -0.334118 -0.034728 -0.189563 -0.272704 0.317842 0.082431 0.037466 -0.000452 -0.016265 0.206506 -0.043555 0.035837 -0.342857 -0.245474 -0.236383 -0.187233 -0.247337 -0.119740 -0.215974 -0.436888 -0.148519 -0.181790 -0.119781 -0.305158 0.210375 0.008165 -0.130515 -0.033005 0.114485 0.047792 -0.083437 -0.116852 -0.234639 -0.225270 0.009054 -0.261578 0.155791 0.061700 0.112253 0.121433 0.356266 -0.522323 -0.365752 0.582011 -0.478285 -0.140762 -0.311922 -0.164790 -0.138194 -0.048841 -0.326061 -0.335000 0.464209 0.195868 -0.032507 0.103615 0.002931 -0.116273 0.452481 0.529134 -0.009341 0.116081 0.317586 0.294342 -0.106352 0.233315 0.162091 0.161834 0.139841 0.232540 0.078425 -0.015368 0.007541 0.108873 0.153190 -0.004625 0.159500 -0.086052 0.266732 0.186442 0.297398 -0.101083 0.034181 0.107585 -0.026550 -0.203709
-0.216032 -0.261072 0.401423 0.444152 0.358874 0.588566 0.227571 0.400103 0.428994 1.000000 -0.089980 -0.027016 -0.055495 0.023955 0.270426 0.585125 -0.146225 -0.189592 0.032202 0.099246 0.132119 0.143914 0.273280 0.210375 0.174117 0.393997 0.313600 0.124401 -0.270967 -0.119459 0.006995 -0.061510 0.037231 0.121814 0.148551 0.332983 -0.142359 -0.164517 -0.152791 -0.011652 -0.051273 -0.041645 -0.044481 0.059861 0.107845 0.107744 -0.035596 0.007999 -0.061467 -0.113266 -0.052895 -0.031860 -0.105428 -0.066835 -0.309258 -0.127743 -0.182866 -0.154921 -0.222436 -0.108357 -0.281900 -0.187830 -0.248198 -0.204118 0.110497 0.213246 0.059605 0.336709 -0.029567 -0.049617 0.113719 -0.456313 -0.320625 0.221396 -0.403377 -0.274716 -0.267348 -0.155715 -0.032685 -0.035266 -0.230924 -0.274456 0.129187 0.163309 -0.110127 0.078834 -0.211219 0.036926 0.139533 -0.028081 0.255775 -0.009363 0.549338 -0.005508 0.064527 0.176724 -0.102269 0.093318 -0.255203 -0.102768 0.154223 -0.231244 -0.031306 -0.083382 -0.027099 -0.300248 -0.151288 -0.115704 0.161414 -0.151742 0.111910 -0.028640 -0.075264 -0.105044 -0.014291 -0.007621
0.001285 0.085650 -0.237356 0.044330 -0.329163 -0.284122 0.018740 -0.011882 -0.125222 -0.089980 1.000000 0.606395 0.281103 0.523824 -0.033489 -0.164979 0.442536 0.392140 -0.216054 -0.255516 -0.190678 -0.128225 -0.015228 0.218535 -0.195809 -0.121059 -0.284633 -0.148662 0.539499 0.224130 0.319885 0.276878 0.246030 0.225217 0.361773 -0.136301 -0.275860 -0.433716 -0.261131 -0.330498 -0.226166 -0.432940 -0.210803 -0.327159 -0.222114 -0.150887 -0.442614 -0.448843 0.104120 0.071243 0.070507 -0.176339 -0.270702 -0.135125 -0.260696 -0.352725 0.153244 0.308352 -0.027947 -0.178151 0.180019 0.233264 0.456557 0.340475 0.466401 0.201012 -0.291889 -0.011316 -0.345034 -0.187592 -0.162155 0.126938 0.167534 0.114931 0.102408 -0.105188 -0.214947 -0.287050 0.439286 0.010686 0.053798 -0.234650 -0.020827 -0.187915 0.263659 0.028248 -0.051343 -0.157687 -0.012110 0.011094 -0.495510 -0.490794 0.035639 0.173214 -0.193145 -0.349087 -0.197068 -0.211494 -0.431646 -0.349146 0.330973 0.173714 0.421407 0.274119 0.299742 0.110670 0.302066 0.174788 -0.255048 -0.335598 -0.126971 -0.438007 -0.240531 -0.095689 -0.072497 -0.084583
-0.093940 0.087392 -0.223408 0.044758 -0.250254 -0.129329 -0.253790 -0.063342 -0.125939 -0.027016 0.606395 1.000000 0.021736 0.561761 0.104821 0.072076 0.447432 0.186824 -0.173077 -0.068514 0.123843 -0.080145 -0.102321 0.155891 0.072337 -0.006419 -0.118835 -0.119776 0.433659 0.310497 0.379537 0.210116 0.105454 0.242062 0.153454 -0.126962 0.010091 -0.194465 -0.113023 -0.268810 0.041026 -0.150979 -0.077292 -0.154028 -0.204294 -0.176956 -0.180191 -0.252358 -0.075019 -0.036489 -0.025230 -0.164750 -0.232807 0.017750 -0.352431 -0.234125 0.191205 0.267974 -0.154542 -0.313435 -0.018921 0.058544 0.246367 0.248673 0.177751 0.210971 -0.377607 -0.125992 -0.288026 -0.159931 -0.016867 0.168309 0.131651 -0.061385 0.228432 -0.129902 -0.049604 -0.031018 0.265155 -0.004421 0.132943 -0.193750 0.091747 0.087579 0.384240 0.249365 0.027184 0.138916 -0.109618 -0.130170 -0.296776 -0.347533 0.172161 0.050298 -0.152871 -0.309679 -0.243143 -0.178386 -0.366760 -0.220971 0.154098 -0.020206 0.141856 0.055625 0.053556 -0.140807 0.087638 -0.156946 -0.235466 -0.163904 -0.056072 -0.219864 -0.217278 0.018829 -0.003591 0.063059
-0.224369 -0.202149 -0.294580 -0.129030 -0.203888 -0.240069 0.106370 0.217241 0.082475 -0.055495 0.281103 0.021736 1.000000 0.363749 0.000898 -0.013640 0.196337 0.654614 -0.460884 -0.583412 -0.169414 -0.338771 -0.125605 0.151857 -0.314523 -0.026393 -0.301864 -0.361193 0.173497 0.153205 0.087209 0.080301 0.307230 0.111331 0.274873 -0.002700 -0.446763 -0.237379 -0.179675 -0.112118 0.128094 -0.268270 -0.365097 -0.465418 -0.094856 -0.165531 -0.421400 -0.427341 0.562551 0.303644 0.214478 0.145866 0.023601 -0.049329 0.251604 -0.154205 -0.036410 0.030411 0.203653 0.077176 0.588485 0.536437 0.586569 0.581810 0.470117 0.233718 -0.067367 -0.128284 -0.568964 -0.305552 0.160755 0.151412 0.351554 0.158834 -0.065805 -0.260989 -0.378535 -0.440074 0.236643 0.289828 0.149749 0.123044 -0.383755 -0.538826 -0.289364 -0.435827 -0.187717 -0.458497 -0.185070 0.114138 -0.319926 -0.305932 -0.130213 0.140745 -0.353830 -0.352668 -0.157865 -0.334754 -0.210270 -0.387312 0.399284 0.224677 0.455875 0.299404 0.263004 0.186217 0.274351 0.176526 -0.215865 -0.349988 -0.205573 -0.506370 -0.196546 -0.124892 -0.081602 -0.135176
-0.366969 -0.050730 -0.327596 -0.223087 -0.532791 -0.396065 -0.208554 0.290878 -0.319879 0.023955 0.523824 0.561761 0.363749 1.000000 -0.257649 -0.007451 0.586619 0.538421 -0.493377 -0.484994 -0.101760 -0.423205 -0.289456 0.024484 -0.159783 0.052358 -0.446306 -0.502444 0.535620 0.540968 0.480913 0.346690 0.318051 0.444871 0.217324 -0.039498 -0.268765 -0.321316 -0.115246 -0.381353 0.127055 -0.256566 -0.069910 -0.132280 -0.007504 -0.033776 -0.249149 -0.362527 0.362753 0.237827 0.217897 0.036772 -0.138081 0.041984 -0.348224 -0.352392 0.041456 0.210239 -0.184300 -0.166765 0.138997 0.299944 0.480434 0.499535 0.385961 0.363301 -0.231853 0.046668 -0.482510 -0.325773 -0.096972 0.308303 0.388658 -0.121955 0.273134 -0.191399 -0.098148 -0.255796 0.465176 0.321057 0.363678 0.209763 -0.365260 -0.273854 0.170296 -0.131721 -0.301412 -0.201828 -0.511475 -0.392830 -0.337719 -0.496404 -0.045801 -0.054640 -0.206279 -0.479188 -0.363866 -0.340069 -0.577963 -0.645455 0.280753 0.157707 0.348385 0.182663 0.132285 -0.021480 -0.052283 0.015029 -0.243334 -0.449286 -0.189671 -0.343860 -0.341556 -0.250877 -0.192239 -0.007413
0.092635 0.042806 0.127410 0.338985 0.470326 0.557964 -0.111384 -0.427534 0.720647 0.270426 -0.033489 0.104821 0.000898 -0.257649 1.000000 0.441891 -0.163223 -0.123624 0.198874 0.237158 0.325088 0.439763 0.501838 0.391724 0.067676 0.233416 0.611445 0.581935 -0.200642 -0.057026 -0.257052 -0.093340 -0.191256 -0.262140 0.202140 0.013663 0.183520 0.195427 0.074917 0.158259 0.000376 0.131402 -0.186881 -0.126192 -0.282978 -0.295072 -0.031679 -0.072409 -0.329713 -0.352849 -0.057951 -0.040280 0.018759 0.000609 0.238602 0.106854 -0.039674 -0.003840 0.048068 -0.124585 -0.105315 -0.182839 -0.264556 -0.188009 -0.067599 -0.265526 -0.143652 -0.238214 0.130069 0.178734 0.486709 -0.514327 -0.246957 0.427911 -0.288928 -0.243199 -0.148872 -0.045673 -0.156739 0.023837 -0.220641 -0.210791 0.479168 0.283107 0.209038 0.218330 0.149257 0.031337 0.448533 0.275125 -0.056477 0.049836 0.138508 0.060042 0.007180 0.191320 0.040911 0.121400 0.181647 0.247468 -0.227192 -0.162031 -0.207643 -0.042306 0.059944 -0.040990 0.002969 -0.128407 0.092703 0.199414 0.184194 0.044535 0.064470 0.125859 0.057989 -0.152129
-0.054983 -0.180672 0.322013 0.336309 0.432277 0.520547 0.059053 0.161211 0.402923 0.585125 -0.164979 0.072076 -0.013640 -0.007451 0.441891 1.000000 -0.289251 -0.216004 0.160164 0.219057 0.184581 0.216594 0.310414 0.227818 0.141033 0.338530 0.391922 0.197616 -0.252918 0.036168 -0.023875 -0.070621 0.027265 -0.015172 -0.016840 0.173343 0.039157 0.055724 -0.072067 0.072343 -0.031674 0.111317 -0.228128 -0.079700 -0.130635 -0.173641 -0.038209 -0.127001 -0.180270 -0.252792 -0.119708 0.054977 0.181313 0.099295 0.031125 -0.030473 -0.003129 -0.190302 -0.032427 -0.001907 -0.153975 -0.107623 -0.405113 -0.199791 -0.083315 -0.035040 0.037232 0.036616 0.117819 0.047118 0.345489 -0.487210 -0.231634 0.225332 -0.356111 -0.390763 -0.116468 -0.115072 -0.164579 -0.020678 -0.177598 -0.182524 0.330812 0.522567 0.028416 0.101928 -0.104046 0.171294 0.304820 0.042809 0.077441 0.004590 0.341769 0.020325 0.126928 0.177392 -0.124325 0.258161 -0.095152 0.154216 0.043130 -0.237466 -0.205255 -0.238101 -0.128627 -0.207688 -0.045902 -0.202598 0.120819 -0.013447 0.020383 0.016350 -0.016532 0.032038 0.022541 0.094903
-0.091371 -0.091180 -0.357779 -0.103519 -0.500138 -0.344886 -0.385513 -0.086858 -0.326627 -0.146225 0.442536 0.447432 0.196337 0.586619 -0.163223 -0.289251 1.000000 0.513075 -0.367417 -0.182875 0.004844 -0.308048 -0.266337 0.053705 -0.035857 -0.016798 -0.255838 -0.248326 0.557221 0.515926 0.520250 0.417441 0.344487 0.409566 0.115651 0.010040 0.063999 -0.171124 0.034989 -0.216189 0.147050 0.042291 -0.036692 -0.055953 -0.135984 -0.155955 -0.182740 -0.192877 0.002089 0.027943 0.011591 -0.215581 -0.219759 0.001789 -0.340919 -0.363401 0.187364 0.326930 -0.271008 -0.369525 0.117178 0.034344 0.559768 0.510812 0.213697 0.096798 -0.348769 -0.073727 -0.247593 -0.288535 -0.060534 0.307603 0.447288 0.050354 0.318646 0.039067 0.013764 0.041067 0.422742 0.216474 0.522921 0.286369 -0.205173 -0.195766 0.325579 0.088827 -0.037837 -0.013863 -0.361714 -0.263900 -0.204994 -0.334540 -0.155685 -0.137879 -0.308507 -0.389423 -0.316464 -0.527903 -0.441896 -0.490747 0.027433 0.114060 0.224285 0.049607 0.040759 -0.022346 0.002987 0.181457 -0.204694 -0.327122 -0.069238 -0.302202 -0.194281 -0.111371 -0.041819 -0.004005
-0.141158 -0.089301 -0.523398 -0.313989 -0.441788 -0.414092 -0.217962 0.113590 -0.133831 -0.189592 0.392140 0.186824 0.654614 0.538421 -0.123624 -0.216004 0.513075 1.000000 -0.565916 -0.583249 -0.228541 -0.439357 -0.289440 0.016718 -0.354699 -0.056370 -0.378233 -0.423878 0.559897 0.525055 0.245418 0.284304 0.380869 0.369948 0.317896 -0.109950 -0.206333 -0.198481 -0.145272 -0.368972 0.235056 0.010875 -0.229199 -0.338317 -0.117753 -0.173718 -0.339540 -0.404996 0.400215 0.203726 0.198829 -0.020717 -0.070525 -0.095925 0.087227 -0.291319 0.134786 0.157483 0.037115 -0.073224 0.520026 0.500188 0.707430 0.785792 0.414392 0.162966 -0.287851 -0.273355 -0.539280 -0.454855 -0.042247 0.304677 0.597021 0.235021 0.211407 0.037189 -0.169018 -0.255860 0.421924 0.557323 0.463730 0.455928 -0.448612 -0.475510 0.004738 -0.329581 -0.220570 -0.546227 -0.434232 -0.093047 -0.434320 -0.386068 -0.227015 0.020285 -0.371307 -0.194407 -0.159576 -0.391656 -0.259626 -0.405412 0.238692 0.217211 0.447965 0.264803 0.200489 0.075156 0.175330 0.152992 -0.102143 -0.354919 -0.160420 -0.426436 -0.088306 -0.126779 -0.207764 -0.097918
0.420722 0.376431 0.685003 0.514870 0.424910 0.341481 0.362467 -0.100532 0.251961 0.032202 -0.216054 -0.173077 -0.460884 -0.493377 0.198874 0.160164 -0.367417 -0.565916 1.000000 0.692023 0.147263 0.495383 0.297419 0.175652 0.252749 0.016889 0.439197 0.526302 -0.500717 -0.496832 -0.251485 -0.301052 -0.352590 -0.567831 -0.228851 0.078018 0.127825 0.180773 -0.012182 0.394402 -0.441567 -0.019907 -0.207132 -0.046877 -0.210784 -0.184994 0.010111 0.125976 -0.447931 -0.495075 -0.313857 -0.178952 0.008774 -0.079008 0.087112 -0.000231 0.118229 0.076412 0.132176 0.186631 -0.308214 -0.321063 -0.525120 -0.554562 -0.167027 -0.312324 0.287636 0.102019 0.685405 0.640281 -0.009795 -0.431440 -0.479010 -0.051456 -0.287871 -0.006220 0.005604 0.057677 -0.258740 -0.365212 -0.493709 -0.456138 0.476820 0.471289 -0.077049 0.095575 0.154060 0.247126 0.628619 0.400542 0.138074 0.395383 0.254247 0.224991 0.040456 0.108190 0.197959 0.265668 0.118304 0.336937 -0.097358 -0.116335 -0.313918 -0.161917 0.087138 0.084453 0.228090 0.145724 0.087305 0.380182 0.257840 0.123869 0.167166 0.205692 0.121517 -0.225699
0.523886 0.238649 0.585926 0.436635 0.330175 0.315969 0.251120 -0.067207 0.103735 0.099246 -0.255516 -0.068514 -0.583412 -0.484994 0.237158 0.219057 -0.182875 -0.583249 0.692023 1.000000 0.114315 0.317814 0.326257 0.135409 0.160084 -0.096998 0.438086 0.445564 -0.342177 -0.343410 -0.229129 -0.321478 -0.033105 -0.234170 -0.243846 0.174986 0.336647 0.213583 -0.077147 0.299510 -0.304649 0.073977 -0.107472 0.086206 -0.164711 -0.196145 0.094470 0.186562 -0.480314 -0.418831 -0.346083 -0.127527 0.050252 0.052629 -0.044226 -0.016364 0.200245 0.040143 0.076050 0.122873 -0.345238 -0.339537 -0.580194 -0.496946 -0.331667 -0.271276 0.178270 0.026299 0.690978 0.446610 0.010821 -0.431793 -0.489166 -0.070848 -0.289929 -0.069371 0.203879 0.274808 -0.335993 -0.422735 -0.348058 -0.401309 0.475036 0.557622 0.030058 0.148049 0.176337 0.496892 0.516825 0.220953 0.260528 0.242414 0.179299 0.008440 0.160711 0.195270 -0.042541 0.190295 0.009289 0.327399 -0.286162 -0.378943 -0.419291 -0.305757 -0.256317 -0.249028 0.008912 -0.074457 0.158874 0.322258 0.091999 0.090905 0.137118 0.214860 0.306553 0.179803
-0.142273 -0.219438 0.072048 0.125163 0.319664 0.417999 -0.233086 -0.327754 0.381194 0.132119 -0.190678 0.123843 -0.169414 -0.101760 0.325088 0.184581 0.004844 -0.228541 0.147263 0.114315 1.000000 0.336937 0.184467 0.289857 0.420194 0.473572 0.498093 0.385970 -0.155169 0.164256 0.122918 0.237569 -0.282854 -0.162821 0.018164 0.131439 0.402529 0.266870 0.400676 0.159680 0.220643 0.424308 0.075673 0.185344 0.063890 0.103985 0.163726 0.326639 -0.337338 -0.352405 -0.084424 -0.138719 -0.067914 -0.084582 0.075522 0.115076 -0.304773 -0.218397 -0.335006 -0.439510 -0.386319 -0.551833 -0.190902 -0.234915 -0.299756 -0.273515 -0.095358 0.012783 0.220091 0.156445 0.275165 -0.061233 -0.092599 0.284071 -0.061269 0.139361 0.093392 0.260904 -0.040829 -0.134086 -0.003201 0.023331 0.236617 0.204037 0.287380 0.450761 0.086203 0.295288 0.090596 -0.041189 0.191997 0.153707 0.120327 -0.172625 0.067669 0.117249 0.118678 -0.014409 0.100227 0.187025 -0.289338 -0.073878 -0.354069 -0.156781 -0.221990 -0.002962 -0.238905 -0.252326 -0.062753 0.235582 0.462497 0.165086 0.021755 0.287248 0.271772 0.074951
0.243724 0.056256 0.309447 0.272174 0.578770 0.529673 0.064222 -0.363290 0.441909 0.143914 -0.128225 -0.080145 -0.338771 -0.423205 0.439763 0.216594 -0.308048 -0.439357 0.495383 0.317814 0.336937 1.000000 0.353992 0.272432 0.198202 0.160620 0.612986 0.660538 -0.288652 -0.294791 -0.289512 0.052897 -0.500938 -0.428099 0.004311 -0.040346 0.330956 0.286313 0.128024 0.321051 -0.220179 0.100254 -0.009435 0.013888 -0.180352 -0.145931 0.185316 0.193869 -0.474081 -0.494720 -0.094543 -0.177887 0.077152 -0.161904 0.188686 0.274110 -0.083145 -0.186676 -0.046119 -0.147040 -0.293344 -0.461103 -0.387403 -0.533046 -0.230475 -0.243050 0.004376 -0.011414 0.374387 0.387360 0.093337 -0.375047 -0.368905 0.225764 -0.283409 0.083842 0.006573 0.254935 -0.264616 -0.297509 -0.378152 -0.303910 0.531649 0.417657 0.094879 0.425062 0.155565 0.179076 0.563415 0.333114 0.040413 0.235497 0.168070 -0.007948 0.229278 0.182051 0.350247 0.460917 0.314760 0.488635 -0.262097 -0.150640 -0.362125 -0.190347 0.024491 0.112105 -0.005329 0.016079 -0.040346 0.505500 0.521263 0.250547 0.218666 0.386289 0.188782 -0.106714
0.076790 -0.093745 0.222434 0.521830 0.334780 0.476099 0.210060 -0.227423 0.478806 0.273280 -0.015228 -0.102321 -0.125605 -0.289456 0.501838 0.310414 -0.266337 -0.289440 0.297419 0.326257 0.184467 0.353992 1.000000 0.579137 0.124386 0.294089 0.460961 0.636678 -0.387030 -0.183656 -0.242663 -0.020495 -0.126295 -0.272797 0.412970 0.281135 0.036536 0.022852 0.119552 0.140942 -0.145456 0.001865 -0.167825 -0.050136 -0.244924 -0.175793 -0.098569 -0.016234 -0.186067 -0.390687 0.096348 -0.088897 -0.030126 -0.075528 0.025972 -0.134436 -0.176502 -0.202087 -0.100006 -0.151917 -0.317953 -0.348974 -0.463620 -0.453604 -0.133343 -0.108069 -0.091796 0.089885 0.291687 0.302228 0.160954 -0.437188 -0.333960 0.314445 -0.231223 -0.115727 -0.044120 0.001004 -0.037547 -0.026747 -0.390167 -0.248554 0.259787 0.104970 0.213766 0.290485 0.051184 0.021885 0.535287 0.249626 0.067830 0.097091 0.398905 0.157899 0.024683 0.043757 -0.131504 0.046146 -0.072615 0.147906 -0.202232 -0.212030 -0.360421 -0.080086 -0.092638 0.014611 0.013731 -0.019685 0.034845 -0.117852 0.179154 -0.011610 -0.195428 -0.045161 0.242633 0.019450
-0.009909 -0.234511 0.119880 0.643333 0.324895 0.443659 0.094155 -0.125435 0.508534 0.210375 0.218535 0.155891 0.151857 0.024484 0.391724 0.227818 0.053705 0.016718 0.175652 0.135409 0.289857 0.272432 0.579137 1.000000 0.233337 0.513434 0.476254 0.519667 -0.099581 0.116714 0.046316 0.353980 0.119274 -0.032035 0.536534 0.374866 -0.043685 -0.190133 -0.080624 -0.031614 -0.086694 -0.088391 -0.216140 -0.149343 -0.241435 -0.191446 -0.339474 -0.135014 -0.076723 -0.336606 -0.042175 -0.292613 -0.219692 -0.229396 -0.065801 -0.337447 -0.178290 -0.086937 -0.227525 -0.213893 -0.224479 -0.225043 -0.182166 -0.181528 0.028097 -0.260824 -0.114149 0.286429 0.044859 -0.031422 0.074819 -0.471249 -0.272433 0.453452 -0.361851 -0.367833 -0.288827 -0.195925 0.054040 -0.040876 -0.140931 -0.364678 0.350431 0.128301 0.279421 0.284826 0.037939 0.080070 0.434722 0.307002 -0.051322 -0.135408 0.364458 0.156772 -0.223197 -0.239083 -0.240127 -0.119069 -0.295544 -0.071726 0.035240 -0.069982 -0.014326 0.071147 0.014775 -0.178383 0.180222 0.019422 -0.116131 -0.135557 0.265082 -0.337657 -0.393581 -0.036050 0.196544 -0.044213
-0.078109 -0.153995 0.100256 0.288039 0.411949 0.494166 -0.057928 -0.136272 0.201551 0.174117 -0.195809 0.072337 -0.314523 -0.159783 0.067676 0.141033 -0.035857 -0.354699 0.252749 0.160084 0.420194 0.198202 0.124386 0.233337 1.000000 0.524972 0.349914 0.323665 -0.140748 -0.022512 0.313392 0.253522 -0.336417 -0.113052 -0.075107 0.057317 0.120765 0.069431 0.258520 0.108926 0.135006 0.235838 -0.019744 0.087863 -0.075252 0.039062 0.002219 0.091621 -0.521021 -0.373510 -0.292199 -0.303432 -0.225120 0.038451 -0.105656 -0.077610 -0.150701 -0.041648 -0.202062 -0.237976 -0.302810 -0.365364 -0.287194 -0.281002 -0.129202 -0.173493 0.045836 0.260032 0.104211 0.062741 -0.109911 0.006701 -0.077906 -0.056003 0.117543 0.188505 0.112998 0.161117 -0.052803 -0.161060 -0.071538 -0.122898 0.302157 0.212083 0.297617 0.332987 0.237936 0.346146 0.210517 0.087903 0.217695 0.352871 0.260578 0.136292 -0.030733 -0.057519 -0.040626 -0.105088 0.025343 0.035245 -0.088572 0.000423 -0.189633 -0.205000 -0.078177 0.068825 -0.109259 0.009432 0.155748 -0.038335 0.179473 0.076922 -0.151754 -0.062312 -0.084528 -0.179955
-0.410064 -0.406509 0.065261 0.353514 0.314255 0.539038 -0.176047 -0.089928 0.447797 0.393997 -0.121059 -0.006419 -0.026393 0.052358 0.233416 0.338530 -0.016798 -0.056370 0.016889 -0.096998 0.473572 0.160620 0.294089 0.513434 0.524972 1.000000 0.361397 0.305070 -0.066733 0.303887 0.288255 0.531359 -0.165552 0.070390 0.274472 0.136699 -0.003514 -0.095618 0.159775 0.024386 0.225335 0.298405 0.066816 0.230554 0.101843 0.112798 0.020700 0.077990 -0.102287 -0.135729 0.016240 -0.176177 -0.182699 -0.029245 -0.247227 -0.133498 -0.376784 -0.125455 -0.367199 -0.319691 -0.352476 -0.400421 -0.266572 -0.241528 -0.085422 -0.254599 0.016080 0.247906 -0.078714 -0.174567 0.075414 -0.167005 -0.147608 0.428464 -0.166174 -0.033370 -0.255246 -0.181990 0.180744 0.201723 0.099680 0.055491 0.113595 0.110690 0.263163 0.357003 -0.058606 0.080137 0.020436 -0.074197 0.172610 0.067222 0.269972 -0.067494 -0.095162 0.099410 -0.009339 -0.140807 -0.052152 -0.177194 -0.017907 -0.153995 -0.140929 -0.190575 -0.219732 -0.085236 -0.276782 -0.207394 0.221449 -0.150531 0.325195 -0.002822 -0.271503 -0.204093 -0.168401 -0.178058
0.294816 0.006585 0.360025 0.452952 0.731868 0.841245 -0.025449 -0.292020 0.693602 0.313600 -0.284633 -0.118835 -0.301864 -0.446306 0.611445 0.391922 -0.255838 -0.378233 0.439197 0.438086 0.498093 0.612986 0.460961 0.476254 0.349914 0.361397 1.000000 0.844010 -0.383158 -0.158956 -0.226839 -0.002538 -0.227707 -0.305213 0.035867 0.082064 0.342305 0.243116 0.074882 0.332515 -0.007046 0.246081 -0.144270 -0.024855 -0.229286 -0.171355 -0.033079 0.155980 -0.533480 -0.601871 -0.398859 -0.310637 -0.098489 -0.236014 0.157958 0.007202 -0.022012 -0.055025 -0.000831 -0.022420 -0.272412 -0.358244 -0.421683 -0.416422 -0.254802 -0.346653 0.015870 0.010817 0.364893 0.271937 0.273974 -0.551672 -0.431007 0.383688 -0.404027 -0.102210 0.005320 0.239626 -0.329908 -0.211026 -0.305073 -0.288117 0.738334 0.547944 0.102352 0.294199 0.256629 0.279459 0.602897 0.453467 0.118402 0.184812 0.296656 0.127392 0.021269 0.308477 0.185643 0.195056 0.228281 0.470094 -0.157039 -0.132867 -0.242706 -0.069709 0.007996 -0.077488 0.078426 -0.095508 0.178716 0.412777 0.347436 0.082108 0.148224 0.301086 0.201595 0.035914
0.336631 0.062731 0.217459 0.463316 0.573071 0.728890 -0.037237 -0.536338 0.587474 0.124401 -0.148662 -0.119776 -0.361193 -0.502444 0.581935 0.197616 -0.248326 -0.423878 0.526302 0.445564 0.385970 0.660538 0.636678 0.519667 0.323665 0.305070 0.844010 1.000000 -0.350867 -0.277683 -0.279600 0.021856 -0.380252 -0.461173 0.183392 0.013029 0.301288 0.165945 0.152732 0.287756 -0.070458 0.144439 -0.083131 0.007442 -0.330166 -0.242885 -0.001937 0.138908 -0.542010 -0.586597 -0.205564 -0.297210 -0.101111 -0.174011 0.140171 -0.017743 -0.028722 -0.031914 0.003388 -0.096725 -0.299786 -0.438722 -0.456716 -0.472779 -0.266515 -0.405524 -0.034298 0.008538 0.413614 0.391989 0.176235 -0.503752 -0.436480 0.320711 -0.261504 0.024554 -0.002200 0.197637 -0.271277 -0.190851 -0.338779 -0.274578 0.662513 0.406593 0.257101 0.432536 0.294586 0.185858 0.651097 0.452462 0.036141 0.190870 0.249803 0.145462 0.073498 0.196085 0.169171 0.179942 0.220913 0.419385 -0.285616 -0.096438 -0.344955 -0.081573 -0.020453 0.067800 0.100406 0.010908 0.141514 0.284489 0.362639 0.070948 0.001069 0.193833 0.206188 -0.082071
-0.036831 -0.006575 -0.459699 -0.338805 -0.441681 -0.345303 -0.354737 -0.120030 -0.262454 -0.270967 0.539499 0.433659 0.173497 0.535620 -0.200642 -0.252918 0.557221 0.559897 -0.500717 -0.342177 -0.155169 -0.288652 -0.387030 -0.099581 -0.140748 -0.066733 -0.383158 -0.350867 1.000000 0.633451 0.265184 0.409632 0.335169 0.486496 0.158760 -0.310080 0.099759 -0.180787 -0.017755 -0.298812 0.097428 0.007885 0.025915 -0.042804 -0.033917 -0.025923 -0.125972 -0.264151 0.102095 0.197743 0.054020 -0.152676 -0.127354 0.023777 -0.176015 -0.142832 0.237824 0.334364 -0.108986 -0.178992 0.213459 0.211576 0.514591 0.479232 0.148334 -0.041425 -0.286157 -0.157522 -0.367832 -0.458455 -0.216168 0.349915 0.492498 0.073069 0.275691 0.076568 -0.136334 -0.198932 0.390127 0.308868 0.545154 0.282996 -0.157222 -0.112068 0.265886 0.013967 0.060003 -0.065776 -0.431068 -0.177266 -0.414870 -0.440769 -0.433458 -0.079813 -0.198639 -0.160226 -0.027297 -0.193800 -0.112285 -0.356537 -0.024870 0.170119 0.331969 0.169284 0.042337 0.029346 0.007346 -0.069678 -0.036711 -0.164616 -0.142022 -0.273740 -0.094487 -0.152030 -0.303980 -0.060522
-0.349388 -0.203394 -0.413587 -0.211479 -0.333826 -0.153682 -0.555386 -0.121102 -0.153350 -0.119459 0.224130 0.310497 0.153205 0.540968 -0.057026 0.036168 0.515926 0.525055 -0.496832 -0.343410 0.164256 -0.294791 -0.183656 0.116714 -0.022512 0.303887 -0.158956 -0.277683 0.633451 1.000000 0.338481 0.508651 0.346988 0.476217 0.183979 -0.042321 0.257153 0.115846 0.166163 -0.208165 0.383537 0.391061 0.130780 0.163176 0.084319 0.061782 -0.009926 -0.055855 0.117518 0.108465 0.137250 -0.070192 -0.022329 0.044982 -0.148846 -0.199270 -0.033563 0.097647 -0.404282 -0.406074 -0.057543 -0.090098 0.275841 0.321646 -0.088255 -0.149364 -0.403857 -0.146059 -0.220327 -0.384161 0.056620 0.200547 0.476862 0.355175 0.315548 -0.010010 0.031300 -0.061245 0.408838 0.498450 0.567242 0.446983 -0.187755 -0.029703 0.370637 0.087257 0.018438 -0.022408 -0.426567 -0.364305 -0.191699 -0.306972 -0.300879 -0.193613 -0.265199 -0.070671 -0.107366 -0.265888 -0.097820 -0.245151 -0.110422 0.063513 0.091835 0.042123 -0.058380 -0.012188 -0.175359 -0.229216 -0.193835 -0.097899 0.109114 -0.081926 -0.095627 -0.079498 -0.126569 0.138138
-0.431646 -0.424805 -0.274180 -0.054373 -0.359942 -0.206459 -0.352328 0.045641 -0.334118 0.006995 0.319885 0.379537 0.087209 0.480913 -0.257052 -0.023875 0.520250 0.245418 -0.251485 -0.229129 0.122918 -0.289512 -0.242663 0.046316 0.313392 0.288255 -0.226839 -0.279600 0.265184 0.338481 1.000000 0.603770 0.221713 0.459479 -0.067854 -0.026560 -0.104344 -0.160319 0.063485 -0.260095 0.224742 0.092924 0.220845 0.240046 0.193730 0.254278 0.105633 0.073535 -0.025250 0.213194 -0.045144 -0.152598 -0.302731 0.088697 -0.419097 -0.205989 -0.107512 0.049083 -0.350133 -0.376630 -0.084924 -0.072042 0.213731 0.200116 0.137694 0.112870 -0.279758 0.023546 -0.403285 -0.357179 -0.178006 0.460927 0.370401 -0.205934 0.342899 0.121999 0.119685 0.047136 0.441398 0.008728 0.395332 0.216907 -0.119963 -0.096700 0.299935 0.099025 -0.165908 0.110482 -0.365093 -0.432690 -0.085948 -0.221988 -0.020269 -0.264285 -0.164990 -0.210035 -0.253380 -0.489439 -0.386307 -0.480365 0.158108 -0.022580 0.102373 -0.203037 -0.186128 -0.065264 -0.202478 0.069253 -0.067265 -0.363396 -0.120440 -0.009659 -0.255777 -0.207107 -0.156219 -0.048226
-0.303132 -0.435580 -0.314702 0.004720 -0.100638 -0.030673 -0.408163 -0.246430 -0.034728 -0.061510 0.276878 0.210116 0.080301 0.346690 -0.093340 -0.070621 0.417441 0.284304 -0.301052 -0.321478 0.237569 0.052897 -0.020495 0.353980 0.253522 0.531359 -0.002538 0.021856 0.409632 0.508651 0.603770 1.000000 0.139980 0.448855 0.288616 -0.045110 0.018613 -0.172900 0.096326 -0.229112 0.316228 0.206116 0.169401 0.167645 0.107577 0.131082 0.045586 -0.026256 -0.010999 0.040861 0.054667 -0.255521 -0.216308 -0.074213 -0.241220 -0.173195 -0.173733 -0.046713 -0.370003 -0.471259 -0.099666 -0.233909 0.187348 0.054051 0.050835 -0.231036 -0.232580 0.109696 -0.345055 -0.456488 -0.109637 0.271634 0.334944 0.225992 0.124188 0.105863 -0.074647 -0.060215 0.416387 0.240550 0.454618 0.277975 0.041350 0.009720 0.406723 0.329079 0.006429 -0.004067 -0.192827 -0.199882 -0.144121 -0.285052 -0.192008 -0.253428 -0.176665 -0.124097 -0.143493 -0.294051 -0.163340 -0.342438 -0.062188 0.067648 0.053496 -0.168934 -0.199888 -0.044270 -0.176304 0.049886 0.038653 -0.250023 0.128574 -0.061121 -0.236284 -0.197730 -0.219297 -0.183641
-0.039566 -0.088606 -0.103827 -0.020929 -0.288087 -0.263652 0.121022 0.284426 -0.189563 0.037231 0.246030 0.105454 0.307230 0.318051 -0.191256 0.027265 0.344487 0.380869 -0.352590 -0.033105 -0.282854 -0.500938 -0.126295 0.119274 -0.336417 -0.165552 -0.227707 -0.380252 0.335169 0.346988 0.221713 0.139980 1.000000 0.649038 0.125344 0.246042 -0.105055 -0.151885 -0.178706 -0.102271 0.069824 -0.118837 -0.097217 -0.096749 0.074101 -0.001194 -0.194730 -0.136708 0.275559 0.219703 -0.087027 -0.072228 -0.074581 -0.049671 -0.160006 -0.316095 0.169136 0.105764 -0.083539 -0.052792 0.183100 0.299442 0.267322 0.341204 0.112515 0.062102 -0.152876 -0.006774 -0.188250 -0.293410 0.006560 -0.019452 0.192462 -0.015947 -0.135647 -0.285483 -0.125854 -0.230979 0.175354 0.167644 0.271143 0.066354 -0.158113 -0.016221 -0.106784 -0.307966 -0.123784 0.027298 -0.245342 -0.075862 -0.098907 -0.406348 -0.120457 -0.051964 -0.228775 -0.108341 -0.273369 -0.350391 -0.379744 -0.309139 0.207717 -0.042441 0.311916 0.123104 -0.104483 -0.233575 0.218048 0.114034 -0.075165 -0.249698 -0.230720 -0.243740 -0.164892 -0.109672 0.068544 0.189821
-0.186466 -0.240721 -0.272826 -0.209970 -0.283729 -0.199826 -0.182443 0.272868 -0.272704 0.121814 0.225217 0.242062 0.111331 0.444871 -0.262140 -0.015172 0.409566 0.369948 -0.567831 -0.234170 -0.162821 -0.428099 -0.272797 -0.032035 -0.113052 0.070390 -0.305213 -0.461173 0.486496 0.476217 0.459479 0.448855 0.649038 1.000000 0.018661 0.068371 -0.058187 -0.199311 -0.079000 -0.212373 0.286858 -0.002683 0.128512 0.077491 0.308824 0.232889 -0.016633 -0.110440 0.129184 0.326339 -0.089856 -0.136348 -0.173029 -0.017389 -0.390997 -0.173294 0.151323 0.063646 -0.259572 -0.198818 0.058573 0.137931 0.319593 0.270956 0.057890 0.077354 -0.213126 0.091996 -0.431485 -0.513642 -0.100438 0.265962 0.280993 -0.072546 0.044949 -0.086619 -0.099315 -0.123832 0.366603 0.174127 0.490348 0.239006 -0.178182 -0.021500 0.102082 -0.088874 -0.072007 0.094678 -0.422020 -0.351073 -0.123263 -0.507256 -0.172762 -0.253083 0.008539 -0.029969 -0.168510 -0.189299 -0.279810 -0.369121 0.131408 0.042943 0.295767 -0.014961 -0.185493 -0.332516 -0.135686 -0.072945 0.141175 -0.323939 -0.328060 -0.087405 -0.202692 -0.251692 -0.248438 0.172237
-0.190260 -0.206907 -0.300845 0.210987 -0.014879 0.069619 0.047180 -0.160446 0.317842 0.148551 0.361773 0.153454 0.274873 0.217324 0.202140 -0.016840 0.115651 0.317896 -0.228851 -0.243846 0.018164 0.004311 0.412970 0.536534 -0.075107 0.274472 0.035867 0.183392 0.158760 0.183979 -0.067854 0.288616 0.125344 0.018661 1.000000 0.331545 -0.024492 -0.148566 -0.121345 -0.329385 0.016987 -0.163752 -0.145785 -0.210789 -0.331867 -0.259936 -0.245351 -0.255197 0.161647 -0.225309 0.463412 0.031821 0.038048 -0.036605 -0.031947 -0.234054 -0.264208 -0.086214 -0.219175 -0.334930 -0.060973 -0.124992 0.147594 0.188430 0.151476 0.008002 -0.224328 0.149464 -0.263558 -0.229616 0.070424 -0.191356 0.076792 0.481522 0.015428 -0.057893 -0.078751 -0.160900 0.207748 0.348956 -0.033118 -0.020016 -0.031615 -0.250518 0.257644 0.267838 -0.188678 -0.365094 0.018493 -0.001138 -0.082012 -0.228946 0.259955 0.077725 -0.095920 -0.239502 -0.326329 -0.057513 -0.142046 -0.080126 0.010886 -0.142272 -0.008956 0.087737 0.012393 -0.043771 0.018884 0.019660 -0.181724 -0.330522 0.311298 -0.190439 -0.157451 0.034424 0.171173 -0.073153
-0.255573 -0.361990 0.110644 0.321836 0.053097 0.108667 0.176832 0.202461 0.082431 0.332983 -0.136301 -0.126962 -0.002700 -0.039498 0.013663 0.173343 0.010040 -0.109950 0.078018 0.174986 0.131439 -0.040346 0.281135 0.374866 0.057317 0.136699 0.082064 0.013029 -0.310080 -0.042321 -0.026560 -0.045110 0.246042 0.068371 0.331545 1.000000 0.071318 0.074761 0.137250 0.001792 -0.102072 -0.029360 0.016649 0.075242 0.108279 0.103213 0.074461 0.191134 0.029636 -0.185549 0.164318 0.159862 0.240882 0.064168 -0.089961 -0.148533 -0.401745 -0.374691 -0.370916 -0.214418 -0.408129 -0.292154 -0.260587 -0.123431 -0.137180 0.055856 0.073255 0.420861 0.215174 0.020730 0.103165 -0.370237 -0.265376 0.117300 -0.255765 -0.295251 -0.018500 0.103745 -0.201415 -0.212453 -0.295172 -0.270491 -0.020944 -0.008434 0.058726 0.125397 -0.220633 -0.019896 0.069095 -0.190078 0.402876 0.065269 0.506231 0.006381 0.188100 -0.210498 -0.381041 0.078798 -0.201290 0.102733 -0.028000 -0.239936 -0.281548 -0.090605 -0.125091 -0.234887 -0.058837 0.072008 -0.247103 -0.230033 0.218069 -0.004920 -0.031726 0.172295 0.544266 0.217709
