1.000000 0.662187 -0.203770 -0.481928 -0.211766 -0.232182 0.028818 -0.467652 -0.147734 -0.201654 0.391617 0.036528 -0.222287 -0.169580 -0.142101 -0.214798 0.391613 -0.000556 0.212167 0.182918 -0.300316 -0.295954 -0.533730 -0.427450 -0.308048 -0.447953 -0.179785 -0.392183 0.353366 0.148016 -0.177455 -0.441549 0.171210 -0.152925 -0.251630 -0.381016 0.244248 -0.239857 0.012385 -0.158779 0.191316 -0.061752 0.330763 0.359177 0.099670 0.075981 0.330328 0.333402 0.102435 0.336177 0.081458 0.449314 0.373847 0.253150 0.051265 0.410920 0.537435 0.383684 0.224192 0.279025 0.399944 0.379601 0.400143 0.410546 -0.542157 -0.472225 0.219550 -0.308800 0.135890 0.310013 -0.169569 -0.309004 0.238403 -0.145935 0.139617 -0.222497 0.091453 0.073114 0.174618 0.188984 0.458211 0.361330 0.115499 -0.024461 -0.382511 -0.272216 -0.083149 0.050902 -0.294388 -0.066124 0.027070 0.028094 -0.419913 -0.200321 0.082631 0.010846 0.170414 0.076192 0.303995 0.342305 -0.242978 0.525579 -0.156707 -0.116346 -0.316045 -0.356627 -0.161215 0.024343 -0.035771 0.055546 -0.032438 0.353065 0.404505 -0.155062 -0.067160 -0.012127
0.662187 1.000000 -0.312229 -0.123376 -0.323485 -0.237838 -0.085947 -0.113526 -0.253107 -0.336399 0.260386 0.031997 -0.401158 -0.062253 -0.267840 -0.250185 0.138146 -0.116482 0.206923 0.291797 -0.375963 -0.204807 -0.556109 -0.320667 -0.407529 -0.512482 -0.152900 -0.294816 -0.018283 0.052269 -0.353686 -0.552853 0.131973 -0.052814 -0.282567 -0.310051 -0.112825 -0.268314 -0.153496 -0.093572 -0.024953 -0.100433 0.213418 0.198496 0.090347 0.074033 0.296333 0.164187 0.253184 0.293514 0.174866 0.445721 0.305864 0.138372 0.117943 0.254279 0.375345 0.402931 0.353320 0.595397 0.376588 0.541304 0.178905 0.353171 -0.484992 -0.186208 0.415172 -0.029668 0.147377 0.323189 -0.243827 -0.402763 -0.132814 -0.206465 0.035911 -0.254339 -0.143750 -0.024943 -0.005939 0.006727 0.172013 0.169121 -0.090185 -0.103383 -0.362631 -0.153826 -0.218350 0.058369 -0.275367 0.083204 0.107068 -0.057675 -0.193974 -0.223740 0.186797 0.078035 0.222084 0.157426 0.404014 0.418549 0.012288 0.462980 0.069794 -0.011343 -0.062841 -0.271663 -0.133676 0.085186 0.058724 0.142682 -0.066386 0.337266 0.378094 -0.118823 -0.157792 -0.013655
-0.203770 -0.312229 1.000000 0.416004 0.327490 0.194632 0.656430 0.570113 0.177190 0.223690 0.060050 0.123077 0.091123 -0.167956 0.236318 0.200848 -0.424718 -0.368544 -0.002603 -0.123420 0.140748 0.133989 0.334837 0.153518 0.130814 0.215414 0.158138 0.037207 -0.254487 -0.303369 -0.002091 0.141707 -0.210011 -0.292848 0.069851 0.031860 -0.075061 -0.153976 -0.052368 0.084320 0.009286 -0.098726 -0.359168 -0.308647 -0.100315 -0.035977 -0.290823 -0.117912 0.019666 -0.168377 -0.026404 -0.064123 0.027064 0.002021 0.007390 -0.280850 -0.373565 -0.430113 -0.012907 -0.104045 -0.141469 -0.294148 -0.406654 -0.481096 0.250957 0.226660 -0.016958 0.383390 -0.218969 -0.011851 0.123840 0.225076 -0.229000 -0.000504 -0.310134 0.045401 -0.214065 -0.121045 -0.375854 -0.254608 -0.400945 -0.476539 0.163702 0.156029 0.013798 -0.010149 -0.055354 -0.104398 0.089789 0.070603 0.109593 0.151230 0.240141 0.217684 -0.110010 0.142697 -0.165824 0.024168 -0.203086 -0.122923 -0.191958 -0.067675 -0.020315 0.040434 0.144211 0.057001 -0.019071 0.029810 0.120903 0.132033 -0.004431 -0.290878 -0.176836 -0.066193 0.063833 0.103558
-0.481928 -0.123376 0.416004 1.000000 0.190033 0.317637 0.110000 0.641179 0.053662 0.045346 -0.442099 -0.056129 0.183560 0.041832 0.210647 0.247184 -0.652536 -0.418268 0.228629 0.118911 0.226774 0.369483 0.461111 0.524490 0.251027 0.397528 0.251287 0.442058 -0.690797 -0.551316 -0.244716 0.128431 -0.388131 -0.155091 -0.039977 0.061569 -0.515399 0.008588 0.141990 0.405821 -0.243577 0.063568 -0.525140 -0.480010 -0.304046 -0.201714 -0.333750 -0.311927 -0.086077 -0.516476 -0.116278 -0.319788 -0.236946 -0.226164 0.125121 -0.250027 -0.398796 -0.220062 0.028181 -0.014826 -0.339613 -0.330940 -0.703229 -0.573777 0.351370 0.445663 -0.094947 0.434055 0.151121 -0.284095 0.236894 0.172510 -0.538834 0.134748 -0.196776 0.043804 -0.479386 -0.087198 -0.530221 -0.265295 -0.612848 -0.535609 0.135486 0.093899 0.315431 0.468938 0.114870 0.095356 0.474363 0.434857 0.141198 0.080998 0.607600 0.280185 -0.172293 0.115218 -0.015256 0.011374 -0.166011 -0.101523 0.020157 -0.235398 0.073003 0.079074 0.280214 0.214518 -0.025663 0.022296 0.216670 0.161756 0.075313 -0.470356 -0.336616 0.113924 -0.045196 -0.049122
-0.211766 -0.323485 0.327490 0.190033 1.000000 0.899818 0.100099 0.386510 0.859687 0.845109 -0.285314 -0.016949 -0.144194 -0.021475 0.759552 0.804625 -0.266910 0.208252 -0.076960 -0.003043 0.797746 0.633111 0.341077 0.172455 0.854479 0.638955 0.884533 0.718315 -0.228710 -0.092961 -0.280200 0.134716 0.002104 -0.250532 -0.060474 -0.240133 -0.191087 -0.009111 0.264862 0.313697 0.060209 0.505083 -0.413159 -0.286565 -0.391712 -0.310723 -0.228840 -0.343036 -0.388144 -0.374907 -0.455633 -0.333967 -0.222355 -0.188367 0.268365 -0.156704 -0.176984 -0.131119 -0.428570 -0.315176 -0.419754 -0.325774 -0.130948 -0.081635 -0.087542 -0.187371 -0.358418 -0.167634 0.044466 -0.155741 0.249008 0.163112 -0.221915 0.459850 -0.477424 0.427824 -0.159429 -0.395570 -0.163491 0.208376 -0.068663 -0.002582 0.412484 0.400163 0.203285 0.099339 0.265942 -0.233452 0.375279 0.316553 0.061873 -0.328625 -0.047768 -0.158327 -0.201350 0.091275 -0.029000 0.066590 -0.031334 0.065858 -0.006021 -0.004207 0.002175 0.107943 0.027519 0.142628 0.145730 -0.077348 0.297660 0.114386 -0.066241 -0.072104 -0.082784 0.151643 0.025811 0.050419
-0.232182 -0.237838 0.194632 0.317637 0.899818 1.000000 -0.031164 0.413768 0.734524 0.780696 -0.399470 -0.168364 -0.078779 0.070695 0.662811 0.830974 -0.309584 0.167599 -0.051499 0.023654 0.785155 0.750776 0.330601 0.186752 0.872059 0.654322 0.923940 0.831683 -0.391493 -0.221968 -0.339320 0.064524 -0.036237 -0.199304 -0.232138 -0.251670 -0.312983 0.086738 0.226350 0.366884 -0.020451 0.606949 -0.419016 -0.301901 -0.376851 -0.311762 -0.176583 -0.323928 -0.299912 -0.410808 -0.409745 -0.296124 -0.209117 -0.166585 0.364880 -0.133420 -0.150594 -0.077373 -0.346920 -0.211933 -0.364046 -0.249045 -0.254501 -0.114627 -0.066782 -0.081947 -0.383083 -0.191060 0.154835 -0.119183 0.310086 0.195933 -0.335240 0.516241 -0.495831 0.502394 -0.226644 -0.380156 -0.274348 0.135359 -0.190238 -0.051395 0.304315 0.336850 0.140802 0.086249 0.240653 -0.270621 0.433736 0.408919 0.137068 -0.315795 0.086602 -0.143408 -0.276285 0.077696 -0.050655 -0.005030 0.017306 0.071092 0.104804 0.018670 0.067183 0.126020 0.127532 0.222744 0.181938 -0.100446 0.332291 0.091214 -0.050169 -0.092919 -0.028639 0.087173 -0.114251 -0.044478
0.028818 -0.085947 0.656430 0.110000 0.100099 -0.031164 1.000000 0.507008 0.063352 0.018488 0.339432 0.401977 0.076418 -0.076130 0.027181 0.029278 -0.146497 -0.164226 -0.157872 -0.182355 -0.097266 -0.203348 0.092805 0.015775 -0.195317 -0.175539 -0.017941 -0.176324 -0.031903 -0.093858 -0.029895 0.045999 -0.207739 -0.198201 -0.050484 -0.064696 0.027011 -0.133879 -0.220035 -0.245721 0.185623 -0.152309 -0.119356 -0.070614 0.084277 0.065892 -0.087797 -0.021035 0.144039 0.146248 0.032476 0.148818 0.075346 0.183135 -0.160471 -0.049084 -0.159126 -0.325629 0.075940 -0.145043 0.067903 -0.064779 -0.140419 -0.289787 0.364340 0.176534 -0.119648 0.244821 -0.363756 0.055306 -0.074466 -0.087621 -0.094094 -0.109195 -0.172206 -0.093487 -0.080995 -0.129681 -0.247577 -0.309698 -0.198500 -0.347128 0.018177 0.111635 -0.060097 -0.096061 -0.282484 -0.077603 -0.087407 -0.058671 -0.195058 0.094329 -0.017570 -0.020180 -0.142270 -0.131703 -0.410420 -0.200780 -0.131178 -0.104721 -0.213844 -0.113764 -0.010604 -0.132970 0.151078 0.017965 0.011507 0.062692 -0.066040 -0.176185 -0.419751 -0.157644 -0.053966 -0.247224 -0.064098 -0.103048
-0.467652 -0.113526 0.570113 0.641179 0.386510 0.413768 0.507008 1.000000 0.274002 0.317606 -0.086402 0.193054 0.085331 0.194489 0.253663 0.426134 -0.573389 -0.097956 -0.131793 -0.125381 0.291915 0.283926 0.265604 0.187893 0.208091 0.186949 0.366801 0.253822 -0.517313 -0.284076 -0.322447 0.004696 -0.222413 -0.130854 -0.152844 0.008986 -0.397661 -0.038447 -0.212313 0.179496 -0.194355 0.052573 -0.492581 -0.449319 -0.170329 -0.078308 -0.281199 -0.286159 -0.000558 -0.233705 -0.159684 -0.193486 -0.175387 -0.077096 0.137659 -0.265690 -0.472537 -0.398926 -0.085011 -0.018968 -0.245478 -0.132574 -0.479283 -0.484423 0.331820 0.484954 -0.161419 0.335697 -0.158897 -0.097872 0.071687 0.169209 -0.522449 0.165458 -0.392593 0.219507 -0.293280 -0.292445 -0.458820 -0.335508 -0.537101 -0.504724 -0.017719 0.220006 0.051683 0.084402 -0.140318 -0.117406 0.191834 0.261215 0.115962 -0.024907 0.416012 0.103477 -0.208151 0.057919 -0.248966 -0.049030 -0.090610 -0.073848 0.128580 -0.156415 0.209964 0.216914 0.409667 0.256358 0.124358 -0.078964 0.227946 0.058786 -0.179157 -0.276616 -0.191713 0.020349 -0.034314 -0.027537
-0.147734 -0.253107 0.177190 0.053662 0.859687 0.734524 0.063352 0.274002 1.000000 0.880713 -0.174046 0.011545 -0.168171 0.122427 0.656810 0.606900 -0.094402 0.375706 -0.179820 -0.144856 0.719467 0.347768 0.125500 -0.044450 0.742006 0.407126 0.741307 0.553223 -0.170623 -0.036492 -0.420459 -0.087925 0.157367 -0.282307 -0.037302 -0.223913 -0.217453 -0.014732 0.137479 0.181883 0.056462 0.422607 -0.342804 -0.198315 -0.299465 -0.226240 -0.175435 -0.260710 -0.259305 -0.152668 -0.334684 -0.198816 -0.099736 -0.170326 0.156772 -0.086990 -0.147386 -0.089607 -0.361351 -0.150970 -0.376838 -0.161726 0.031201 0.151559 -0.186004 -0.123496 -0.208218 -0.169662 -0.081586 -0.133483 0.223577 0.148641 -0.230038 0.513826 -0.339819 0.448456 -0.002050 -0.423625 -0.011714 0.271966 0.091408 0.141450 0.227600 0.185707 0.080281 -0.020418 0.067430 -0.159515 0.275925 0.149018 -0.031315 -0.252807 -0.147880 -0.194123 -0.269184 -0.063786 -0.129326 -0.097730 -0.154570 -0.075442 0.079269 0.013296 0.065768 0.097900 0.001400 0.186624 0.156768 -0.111286 0.235970 -0.070905 -0.136657 -0.134512 -0.102088 0.037985 -0.064063 -0.095784
-0.201654 -0.336399 0.223690 0.045346 0.845109 0.780696 0.018488 0.317606 0.880713 1.000000 -0.230050 -0.018852 -0.052338 0.272284 0.543094 0.741648 -0.149232 0.428516 -0.254171 -0.234809 0.748195 0.418965 0.192889 -0.119796 0.795486 0.519665 0.740057 0.539508 -0.159882 0.010400 -0.332414 -0.084014 0.160187 -0.252093 -0.099226 -0.094880 -0.174775 0.090220 0.039998 0.145931 0.072977 0.517920 -0.260868 -0.118959 -0.249941 -0.155970 -0.101013 -0.197966 -0.242818 -0.140684 -0.271058 -0.183102 -0.013282 -0.075462 0.151238 -0.118172 -0.242311 -0.181581 -0.379100 -0.176834 -0.389558 -0.146929 -0.038830 0.062648 -0.235331 -0.024311 -0.258192 -0.234840 -0.040868 -0.080750 0.258561 0.324319 -0.232096 0.675537 -0.318811 0.584025 0.156879 -0.361433 -0.105428 0.209739 -0.010899 0.025447 0.106736 0.181535 -0.082818 -0.162569 0.034866 -0.371200 0.227823 0.059345 0.045623 -0.260318 -0.091963 -0.208182 -0.266775 -0.096646 -0.160514 -0.110795 -0.205504 -0.172118 0.035231 -0.034852 0.023944 0.148188 0.107707 0.246152 0.177466 -0.179210 0.133217 -0.084802 -0.106025 -0.112793 -0.043153 0.011467 -0.038567 -0.071848
0.391617 0.260386 0.060050 -0.442099 -0.285314 -0.399470 0.339432 -0.086402 -0.174046 -0.230050 1.000000 0.509901 0.152094 0.078400 -0.236006 -0.290881 0.292775 -0.009427 -0.322382 -0.269284 -0.390887 -0.450429 -0.496847 -0.430223 -0.473071 -0.509247 -0.309465 -0.559185 0.438421 0.312622 0.106717 -0.192639 0.180425 -0.049377 -0.103746 -0.088250 0.253773 -0.174688 -0.222975 -0.331135 0.259185 -0.225674 0.247472 0.193783 0.345297 0.340970 0.126519 0.149138 0.315711 0.434518 0.219478 0.420420 0.205195 0.161911 -0.082018 0.088961 -0.061174 -0.231623 0.289221 0.195197 0.402570 0.270052 0.298202 0.239520 -0.196704 -0.132453 0.236198 0.058194 -0.521303 0.197541 -0.396449 -0.246887 0.309695 -0.289387 0.088699 -0.122407 0.244010 0.106022 0.144286 -0.132851 0.192690 0.038341 -0.090532 0.090133 -0.298134 -0.317647 -0.216198 0.095590 -0.571548 -0.315541 -0.212031 0.072018 -0.179322 0.015442 0.191133 0.038877 0.072911 0.031713 0.205341 -0.033486 -0.063674 0.298147 0.012018 -0.143321 -0.131539 -0.335752 -0.096747 0.107648 -0.132476 -0.025160 -0.157869 0.120200 0.233937 -0.032331 0.074377 0.132235
0.036528 0.031997 0.123077 -0.056129 -0.016949 -0.168364 0.401977 0.193054 0.011545 -0.018852 0.509901 1.000000 0.277328 0.265301 -0.095189 0.067726 0.150928 0.138627 -0.233471 -0.150937 -0.061069 -0.330969 -0.193635 -0.081024 -0.177698 -0.148040 -0.122067 -0.239397 0.270508 0.338414 0.012540 -0.038217 0.172845 0.069942 0.290603 0.236439 0.186180 -0.132357 -0.170937 -0.241505 0.174917 -0.092325 0.043914 0.022993 0.048668 0.134584 -0.065434 -0.150487 -0.133246 0.082311 -0.106583 0.006029 -0.189797 0.059867 -0.412716 0.003726 -0.034147 -0.086185 0.031281 -0.252737 -0.176718 -0.053380 -0.013612 -0.036395 0.060680 0.185805 -0.051654 0.229742 -0.306334 -0.044344 -0.158449 -0.091742 0.165626 -0.069695 0.149705 0.011102 0.201269 0.153755 0.049882 -0.186591 0.119346 -0.072333 -0.012768 0.237514 0.037353 0.080662 -0.060856 0.102129 -0.330014 -0.409124 -0.402134 -0.123334 -0.073909 -0.096249 0.054795 -0.171008 -0.101826 -0.030713 -0.088535 -0.364510 -0.103696 -0.077718 -0.071694 -0.278374 -0.094626 -0.248086 -0.173517 0.091372 -0.279732 -0.190701 -0.218095 -0.184833 -0.098898 0.023921 0.066399 -0.047356
-0.222287 -0.401158 0.091123 0.183560 -0.144194 -0.078779 0.076418 0.085331 -0.168171 -0.052338 0.152094 0.277328 1.000000 0.416150 -0.095861 0.058572 -0.167898 -0.058666 -0.026194 -0.124446 0.003615 -0.073231 0.156602 0.038249 -0.037415 0.147386 -0.175003 -0.030094 0.039113 -0.115301 0.091822 0.150794 -0.177290 0.067625 0.036950 0.172814 0.013046 0.077064 0.031368 0.067862 -0.126253 -0.208471 -0.148401 -0.209662 -0.090639 -0.022578 -0.276647 -0.127187 -0.055324 -0.207360 0.003255 -0.272687 -0.180842 -0.153215 -0.207246 -0.260711 -0.386630 -0.390849 0.133253 -0.161825 -0.012356 -0.136575 -0.207242 -0.373410 0.403212 0.407765 -0.101729 0.285669 -0.088227 -0.197908 -0.111088 0.092085 -0.000442 -0.017908 0.150236 -0.112109 0.006454 0.148631 -0.226570 -0.308170 -0.241870 -0.371592 -0.042159 0.079111 0.192449 0.103732 0.114835 0.119461 0.132009 -0.142059 -0.105885 0.220072 0.430053 0.408546 0.040861 -0.112708 -0.112979 -0.052994 -0.326223 -0.375567 -0.091737 -0.228238 -0.038074 0.039958 0.091294 0.057695 -0.170398 0.016761 -0.159880 -0.087949 0.099026 -0.223037 -0.262220 0.167923 0.260422 0.145687
-0.169580 -0.062253 -0.167956 0.041832 -0.021475 0.070695 -0.076130 0.194489 0.122427 0.272284 0.078400 0.265301 0.416150 1.000000 -0.294864 0.229977 -0.006105 0.275458 -0.320518 -0.436930 0.137051 -0.149672 -0.313811 -0.414906 0.012653 -0.076209 -0.006417 -0.042822 -0.125919 0.065474 -0.332865 -0.399216 0.124973 -0.012603 -0.226887 0.210670 -0.019783 0.348323 -0.184035 -0.046794 0.080346 0.237712 0.034026 0.056177 0.083691 0.200967 0.077573 0.145333 0.143694 0.136005 0.157192 0.092257 0.167352 0.020810 -0.101803 0.014772 -0.213449 -0.218692 0.219346 0.103023 -0.150562 0.230114 -0.154689 -0.010410 -0.067697 0.465317 0.001609 0.039955 -0.100427 -0.067052 -0.032434 0.248137 -0.146483 0.316691 0.119156 0.311973 0.321825 0.109431 -0.109959 -0.217768 -0.105312 -0.185993 -0.498557 -0.242595 -0.285038 -0.283824 -0.343134 -0.169812 -0.106720 -0.284885 0.046331 0.059730 0.236349 -0.005046 -0.076049 -0.194761 -0.087769 -0.152733 -0.193793 -0.312716 0.036294 -0.196955 0.059936 0.136863 0.238345 0.163170 -0.027163 -0.128267 -0.206060 -0.227060 0.045386 -0.104338 -0.140502 -0.075803 -0.034787 -0.191399
-0.142101 -0.267840 0.236318 0.210647 0.759552 0.662811 0.027181 0.253663 0.656810 0.543094 -0.236006 -0.095189 -0.095861 -0.294864 1.000000 0.567328 -0.207008 0.113155 0.152364 0.254844 0.636968 0.510694 0.414383 0.362500 0.638184 0.470175 0.642367 0.610210 -0.078438 -0.188089 -0.165892 0.231598 -0.080720 -0.183111 0.147993 -0.214781 -0.173319 -0.126008 0.396754 0.307876 0.002473 0.223781 -0.450175 -0.426516 -0.519615 -0.522866 -0.335181 -0.508898 -0.479260 -0.486375 -0.486955 -0.396774 -0.273703 -0.139769 0.320962 -0.270525 -0.081626 0.011708 -0.407349 -0.327558 -0.292085 -0.390088 -0.100965 -0.055350 -0.000095 -0.288596 -0.316536 -0.094629 0.196822 -0.234642 0.153771 0.066425 -0.124486 0.228489 -0.365979 0.149964 -0.245428 -0.360346 0.017153 0.289415 0.008819 0.080786 0.749650 0.535845 0.450780 0.339098 0.360890 0.014988 0.547306 0.439554 0.049161 -0.270520 -0.037861 -0.045425 -0.105212 0.170906 -0.114544 0.123965 -0.106332 -0.002372 0.013203 0.041530 -0.111705 -0.029376 -0.147019 -0.041538 0.009209 -0.048111 0.302762 0.128789 -0.143651 -0.249158 -0.208356 0.108087 0.065028 0.089603
-0.214798 -0.250185 0.200848 0.247184 0.804625 0.830974 0.029278 0.426134 0.606900 0.741648 -0.290881 0.067726 0.058572 0.229977 0.567328 1.000000 -0.265287 0.229542 -0.050963 0.033234 0.777261 0.512361 0.261955 0.096341 0.726391 0.631854 0.790265 0.637559 -0.192448 -0.029778 -0.268444 0.025467 -0.043254 -0.214273 -0.175836 -0.106345 -0.117089 0.129970 0.179484 0.309308 0.075362 0.567969 -0.353008 -0.294086 -0.397236 -0.312064 -0.128758 -0.256128 -0.431549 -0.409957 -0.463071 -0.267472 -0.096836 0.047092 0.162475 -0.186080 -0.158929 -0.071620 -0.320700 -0.289633 -0.387474 -0.163836 -0.267116 -0.150046 -0.095080 -0.053392 -0.443218 -0.191354 0.198796 -0.179150 0.310261 0.284662 -0.174471 0.470794 -0.396077 0.443037 -0.118165 -0.222107 -0.219446 0.049458 -0.079179 -0.040697 0.279573 0.541829 0.107410 0.055161 0.113633 -0.263805 0.304845 0.225292 0.159373 -0.208650 0.108433 -0.038515 -0.236010 -0.044916 -0.192345 0.007455 -0.124884 -0.077368 -0.070505 -0.059349 -0.206192 0.013060 -0.046964 0.025767 0.019356 -0.209623 0.140856 0.036253 -0.109045 -0.103214 -0.141053 0.081417 0.003272 -0.060562
0.391613 0.138146 -0.424718 -0.652536 -0.266910 -0.309584 -0.146497 -0.573389 -0.094402 -0.149232 0.292775 0.150928 -0.167898 -0.006105 -0.207008 -0.265287 1.000000 0.530923 -0.140429 -0.024884 -0.229183 -0.476771 -0.415497 -0.315072 -0.206895 -0.303570 -0.226215 -0.280868 0.650177 0.531762 0.219963 -0.040448 0.400393 0.169047 0.167253 0.075071 0.565212 0.269307 0.079594 -0.126405 0.344107 0.137066 0.239824 0.216105 0.012358 -0.069451 0.097322 0.156210 -0.140074 0.154790 -0.149670 0.090172 0.052332 0.203489 -0.170473 0.190291 0.661491 0.546458 -0.146502 -0.184756 0.088680 0.051352 0.528734 0.622639 -0.263589 -0.460668 -0.082118 -0.462291 0.080051 0.111782 -0.017410 -0.035444 0.553404 -0.038794 0.475675 0.178177 0.536039 0.314456 0.749211 0.463334 0.754648 0.759417 -0.121875 -0.111668 -0.103330 -0.168313 -0.080248 0.058273 -0.251710 -0.393907 -0.184981 -0.017865 -0.494246 -0.301667 -0.123381 -0.187623 -0.088946 -0.207106 -0.044447 -0.106384 0.064191 0.075169 -0.137915 -0.232785 -0.331789 -0.153967 0.019159 -0.191200 -0.069500 -0.199403 -0.016609 0.147675 0.122560 -0.328330 -0.245318 -0.282797
-0.000556 -0.116482 -0.368544 -0.418268 0.208252 0.167599 -0.164226 -0.097956 0.375706 0.428516 -0.009427 0.138627 -0.058666 0.275458 0.113155 0.229542 0.530923 1.000000 -0.348851 -0.120462 0.223055 -0.131354 -0.151589 -0.189031 0.246152 -0.014525 0.221634 0.091900 0.360292 0.527446 -0.036146 0.013021 0.272561 0.051678 0.014246 -0.074204 0.107618 0.299981 -0.069077 0.027791 0.099953 0.324835 0.033435 0.018408 -0.077378 -0.094859 0.020345 -0.038228 -0.238637 0.049743 -0.262702 -0.166126 -0.141759 0.162228 -0.004085 0.060527 0.237391 0.263599 -0.483478 -0.347351 -0.274870 -0.076613 0.357739 0.394593 -0.155751 -0.127454 -0.328820 -0.578838 0.106956 -0.064457 0.075993 0.215977 0.153452 0.435367 0.158571 0.494083 0.439535 -0.184020 0.542261 0.559883 0.525087 0.555915 -0.127150 0.017686 -0.047307 -0.096318 -0.087055 -0.118472 -0.035925 -0.167702 -0.146754 -0.306525 -0.409015 -0.425162 -0.345706 -0.302538 -0.207083 -0.311221 -0.206552 -0.261494 0.221609 -0.246392 -0.113298 0.065221 -0.036022 0.204567 0.211392 -0.434444 0.033563 -0.247654 -0.128151 0.034903 -0.054568 -0.109845 -0.191946 -0.286694
0.212167 0.206923 -0.002603 0.228629 -0.076960 -0.051499 -0.157872 -0.131793 -0.179820 -0.254171 -0.322382 -0.233471 -0.026194 -0.320518 0.152364 -0.050963 -0.140429 -0.348851 1.000000 0.807195 -0.044335 0.125518 0.107706 0.311230 -0.047205 0.107678 -0.091071 0.052491 -0.102517 -0.217158 -0.076051 0.146580 -0.037350 0.093214 0.200567 -0.128568 0.019485 -0.246790 0.167080 0.205850 -0.188794 -0.209445 -0.316745 -0.319854 -0.445817 -0.460323 -0.262592 -0.238835 -0.436223 -0.479983 -0.247716 -0.377580 -0.188318 -0.148465 0.038074 -0.216312 0.188475 0.334774 0.033202 0.046938 0.013425 -0.076136 -0.124559 -0.135843 0.166557 -0.181735 0.132370 0.163828 0.608012 0.068169 -0.027972 -0.114092 -0.114304 -0.313745 -0.081039 -0.375675 -0.438359 0.049284 -0.025712 0.008687 0.016482 0.057007 0.395000 0.123541 0.361064 0.412829 0.338254 0.250293 0.310320 0.282245 0.307742 0.177469 0.203050 0.296304 0.120434 0.304734 0.024459 0.357960 -0.086276 0.183268 -0.171921 0.159996 -0.184629 0.113332 -0.147507 -0.213504 -0.224697 0.022836 0.229143 0.353589 0.301103 0.019861 -0.020855 0.224839 0.134340 0.223162
0.182918 0.291797 -0.123420 0.118911 -0.003043 0.023654 -0.182355 -0.125381 -0.144856 -0.234809 -0.269284 -0.150937 -0.124446 -0.436930 0.254844 0.033234 -0.024884 -0.120462 0.807195 1.000000 0.007681 0.176291 0.104237 0.337821 0.009249 0.131378 0.068467 0.181492 0.058754 -0.033004 -0.019030 0.254550 -0.059657 0.124790 0.172252 -0.245984 0.045177 -0.209434 0.145639 0.188880 -0.242140 -0.154227 -0.276626 -0.360579 -0.473329 -0.557350 -0.238096 -0.329948 -0.512875 -0.513581 -0.364288 -0.424684 -0.291646 0.002228 -0.008574 -0.302809 0.274745 0.416007 -0.060191 -0.047277 0.009371 -0.084742 -0.115890 -0.055833 0.116445 -0.360225 0.034338 0.065850 0.632609 0.021461 0.047610 -0.174197 -0.083857 -0.267988 -0.063180 -0.288759 -0.450004 0.049832 0.058272 0.083858 0.128148 0.178590 0.466888 0.320718 0.419387 0.444312 0.336666 0.181905 0.268384 0.225802 0.228106 0.052131 0.126705 0.212531 0.146816 0.319352 -0.015613 0.397674 -0.084666 0.236299 -0.119597 0.152701 -0.179585 0.030137 -0.194540 -0.230729 -0.138255 -0.077220 0.256869 0.415229 0.139106 0.066373 -0.031437 0.189464 0.136765 0.237561
-0.300316 -0.375963 0.140748 0.226774 0.797746 0.785155 -0.097266 0.291915 0.719467 0.748195 -0.390887 -0.061069 0.003615 0.137051 0.636968 0.777261 -0.229183 0.223055 -0.044335 0.007681 1.000000 0.538376 0.336543 0.170092 0.800926 0.640040 0.762344 0.675222 -0.188454 -0.001920 -0.241090 0.132721 0.024118 -0.211521 -0.114210 -0.129952 -0.099670 0.204853 0.294264 0.315155 0.011026 0.528827 -0.397826 -0.323550 -0.389076 -0.260849 -0.215783 -0.298652 -0.419350 -0.391428 -0.412884 -0.335636 -0.226986 -0.152371 0.095640 -0.202966 -0.162499 -0.028178 -0.496128 -0.361574 -0.496537 -0.327450 -0.159584 -0.088193 -0.093345 -0.123381 -0.431185 -0.134511 0.168211 -0.161148 0.305770 0.308313 -0.186848 0.571718 -0.342001 0.510309 -0.063260 -0.267655 -0.142982 0.095262 0.002654 0.064941 0.248043 0.362437 0.240736 0.122252 0.123720 -0.165491 0.386429 0.222731 0.085985 -0.158893 0.070179 0.012717 -0.289628 -0.044028 -0.161052 -0.099227 -0.147990 -0.043843 -0.048182 -0.128746 -0.107550 0.073317 -0.056224 0.178882 0.125313 -0.199152 0.183002 -0.061640 0.031702 -0.100738 -0.212825 0.099882 0.050322 -0.031976
-0.295954 -0.204807 0.133989 0.369483 0.633111 0.750776 -0.203348 0.283926 0.347768 0.418965 -0.450429 -0.330969 -0.073231 -0.149672 0.510694 0.512361 -0.476771 -0.131354 0.125518 0.176291 0.538376 1.000000 0.473982 0.376558 0.672788 0.636064 0.642323 0.718335 -0.390047 -0.327965 -0.030574 0.275137 -0.167725 0.028534 -0.161929 -0.117161 -0.333232 0.023688 0.278392 0.388878 -0.170371 0.349406 -0.326491 -0.234592 -0.297662 -0.298975 -0.171637 -0.301007 -0.222370 -0.459523 -0.274094 -0.382486 -0.283829 -0.330097 0.421126 -0.177632 -0.271106 -0.151766 -0.274187 -0.144057 -0.305773 -0.281092 -0.289778 -0.274500 0.018860 -0.038816 -0.288276 -0.001076 0.148830 -0.077201 0.175727 0.131800 -0.324879 0.224017 -0.525705 0.226718 -0.383756 -0.268128 -0.340295 0.023543 -0.347567 -0.212505 0.377220 0.292326 0.239213 0.170027 0.379023 -0.231367 0.380100 0.462834 0.241745 -0.210338 0.234348 0.009867 0.014157 0.340037 0.204210 0.245424 0.193030 0.226450 0.124910 -0.008465 0.159651 0.229717 0.225860 0.201192 0.109452 0.005976 0.343039 0.299875 0.239331 0.063914 -0.034777 0.216104 0.053477 0.174155
-0.533730 -0.556109 0.334837 0.461111 0.341077 0.330601 0.092805 0.265604 0.125500 0.192889 -0.496847 -0.193635 0.156602 -0.313811 0.414383 0.261955 -0.415497 -0.151589 0.107706 0.104237 0.336543 0.473982 1.000000 0.788098 0.483360 0.636801 0.329433 0.559461 -0.306659 -0.328377 0.314071 0.645501 -0.371885 0.045454 0.270210 0.186458 -0.271178 0.045600 0.241488 0.240293 -0.207202 0.042252 -0.377502 -0.326301 -0.336634 -0.340210 -0.419213 -0.418490 -0.285616 -0.545129 -0.242988 -0.515173 -0.364933 -0.286736 0.070721 -0.338325 -0.248132 -0.170249 -0.378071 -0.479091 -0.212009 -0.504173 -0.255344 -0.318649 0.470994 0.063989 -0.412136 0.095202 0.043969 -0.346041 0.158688 0.184906 -0.242251 0.104274 -0.267987 0.033500 -0.250268 -0.184593 -0.267835 0.047684 -0.355640 -0.277039 0.389782 0.166491 0.565648 0.470701 0.341344 -0.038814 0.559322 0.331069 -0.126766 -0.154169 0.190729 0.072583 -0.165054 -0.081276 -0.183693 -0.098957 -0.284395 -0.146108 0.078607 -0.389189 -0.083943 0.022054 0.200071 0.334995 0.132120 -0.023216 0.083581 -0.020330 0.005132 -0.238299 -0.320556 0.123461 0.163062 0.069580
-0.427450 -0.320667 0.153518 0.524490 0.172455 0.186752 0.015775 0.187893 -0.044450 -0.119796 -0.430223 -0.081024 0.038249 -0.414906 0.362500 0.096341 -0.315072 -0.189031 0.311230 0.337821 0.170092 0.376558 0.788098 1.000000 0.275150 0.479372 0.211408 0.483051 -0.253895 -0.253754 0.336896 0.723397 -0.272975 0.149761 0.308475 0.100879 -0.310730 -0.068811 0.319223 0.292578 -0.217959 -0.016045 -0.439748 -0.412712 -0.384599 -0.374415 -0.488500 -0.484587 -0.355931 -0.612371 -0.364398 -0.566555 -0.564768 -0.361996 0.064208 -0.255687 -0.086648 0.061041 -0.381151 -0.516427 -0.283991 -0.564632 -0.220361 -0.268882 0.554226 0.043415 -0.377175 0.146399 0.208810 -0.266640 0.085739 0.008276 -0.175413 -0.111753 -0.194295 -0.096379 -0.373696 -0.143489 -0.118718 0.099913 -0.249142 -0.168113 0.498519 0.183991 0.740485 0.744952 0.470772 0.264593 0.582996 0.446675 -0.182187 -0.212419 0.166509 0.061318 -0.168718 -0.080009 -0.114665 -0.075885 -0.165647 -0.096782 0.114635 -0.338403 -0.072857 -0.076771 0.070616 0.180824 0.044407 0.022143 0.078435 -0.011857 0.031428 -0.220293 -0.267081 0.226656 0.114956 0.038538
-0.308048 -0.407529 0.130814 0.251027 0.854479 0.872059 -0.195317 0.208091 0.742006 0.795486 -0.473071 -0.177698 -0.037415 0.012653 0.638184 0.726391 -0.206895 0.246152 -0.047205 0.009249 0.800926 0.672788 0.483360 0.275150 1.000000 0.806661 0.858313 0.859080 -0.282329 -0.160436 -0.144432 0.232738 0.024658 -0.177746 -0.055594 -0.166515 -0.225803 0.159197 0.332322 0.416072 -0.008975 0.572729 -0.334579 -0.235242 -0.407342 -0.327162 -0.183672 -0.331145 -0.389527 -0.463409 -0.359851 -0.404947 -0.254691 -0.208940 0.256134 -0.147496 -0.094044 -0.033063 -0.480485 -0.346861 -0.464570 -0.403165 -0.165784 -0.054375 -0.066441 -0.174222 -0.436010 -0.280242 0.161505 -0.235344 0.322559 0.222501 -0.200512 0.559384 -0.314933 0.510798 -0.082893 -0.298299 -0.120001 0.252199 -0.079704 0.054661 0.313634 0.264442 0.287559 0.176472 0.345939 -0.157315 0.467848 0.306268 0.057368 -0.390456 -0.022912 -0.159605 -0.270076 -0.008280 0.040905 -0.045287 -0.115875 -0.063607 0.056763 -0.113179 -0.073850 0.068280 0.019066 0.272775 0.228802 -0.116790 0.262871 0.066337 0.046561 -0.147010 -0.137751 0.141630 -0.042553 -0.006096
-0.447953 -0.512482 0.215414 0.397528 0.638955 0.654322 -0.175539 0.186949 0.407126 0.519665 -0.509247 -0.148040 0.147386 -0.076209 0.470175 0.631854 -0.303570 -0.014525 0.107678 0.131378 0.640040 0.636064 0.636801 0.479372 0.806661 1.000000 0.656313 0.763075 -0.174848 -0.136656 0.144175 0.504108 -0.074936 -0.012358 0.122683 0.042157 -0.166387 0.036143 0.334742 0.339253 -0.014997 0.392937 -0.441834 -0.348347 -0.531798 -0.440560 -0.376463 -0.461883 -0.498641 -0.653506 -0.375469 -0.547105 -0.316880 -0.200304 -0.006932 -0.364432 -0.193320 -0.060655 -0.384359 -0.420899 -0.422527 -0.418354 -0.271210 -0.204541 0.133042 -0.067555 -0.446497 0.006683 0.150344 -0.227096 0.337826 0.220162 -0.090107 0.365073 -0.267953 0.265150 -0.180702 -0.054802 -0.189476 0.055918 -0.132653 -0.100092 0.381261 0.378712 0.472339 0.348566 0.416821 -0.152022 0.430069 0.220661 -0.024710 -0.273419 0.169148 0.067369 0.014265 0.069979 -0.004935 0.175216 -0.269288 -0.140908 -0.113967 -0.220435 -0.111463 0.001777 -0.068093 0.087974 -0.038189 0.020540 0.009655 0.169136 0.069587 -0.208057 -0.242792 0.260869 0.241391 0.207382
-0.179785 -0.152900 0.158138 0.251287 0.884533 0.923940 -0.017941 0.366801 0.741307 0.740057 -0.309465 -0.122067 -0.175003 -0.006417 0.642367 0.790265 -0.226215 0.221634 -0.091071 0.068467 0.762344 0.642323 0.329433 0.211408 0.858313 0.656313 1.000000 0.841260 -0.315609 -0.113377 -0.326333 0.093321 -0.052075 -0.252473 -0.207657 -0.327325 -0.293489 0.042915 0.258380 0.356029 0.018471 0.609809 -0.409473 -0.291991 -0.401511 -0.329323 -0.179893 -0.358137 -0.287308 -0.394219 -0.418559 -0.236982 -0.210724 -0.156545 0.326340 -0.112352 -0.092828 0.001934 -0.353120 -0.228337 -0.296200 -0.225497 -0.165586 -0.003443 -0.115738 -0.238887 -0.377562 -0.232767 0.095534 -0.079016 0.209251 0.075101 -0.315746 0.478393 -0.486470 0.457763 -0.239386 -0.378060 -0.237849 0.203463 -0.089404 0.043409 0.326378 0.355256 0.210656 0.132424 0.229334 -0.229718 0.411617 0.423210 0.029063 -0.416584 -0.023601 -0.228735 -0.240909 0.018788 -0.002338 0.015292 0.043296 0.141603 0.020298 0.010146 0.021268 0.066724 0.071842 0.177812 0.215971 -0.033138 0.329684 0.106272 -0.127939 -0.064880 -0.020951 0.122020 -0.069642 -0.041179
-0.392183 -0.294816 0.037207 0.442058 0.718315 0.831683 -0.176324 0.253822 0.553223 0.539508 -0.559185 -0.239397 -0.030094 -0.042822 0.610210 0.637559 -0.280868 0.091900 0.052491 0.181492 0.675222 0.718335 0.559461 0.483051 0.859080 0.763075 0.841260 1.000000 -0.445194 -0.296544 -0.176563 0.283166 -0.185791 -0.118338 -0.051710 -0.164004 -0.345139 0.208210 0.439377 0.472373 -0.032269 0.545786 -0.437832 -0.374311 -0.493406 -0.468979 -0.261692 -0.454186 -0.363760 -0.609863 -0.366402 -0.435737 -0.326258 -0.229435 0.318527 -0.175564 -0.059494 0.042432 -0.329388 -0.327561 -0.346099 -0.363275 -0.290731 -0.126135 0.135261 -0.102944 -0.442567 -0.163121 0.263907 -0.327765 0.251758 0.080688 -0.327241 0.401953 -0.325008 0.354495 -0.297247 -0.289972 -0.215923 0.171069 -0.214810 -0.051594 0.373201 0.258165 0.502580 0.391596 0.384391 -0.078649 0.640062 0.499836 0.003460 -0.370236 0.126252 -0.136737 -0.225362 0.006346 0.012801 -0.030268 -0.087097 0.008097 0.095389 -0.201289 0.003333 -0.002989 0.096651 0.278765 0.215914 0.035506 0.253044 0.057638 -0.045944 -0.233197 -0.217115 0.111815 -0.095295 -0.076395
0.353366 -0.018283 -0.254487 -0.690797 -0.228710 -0.391493 -0.031903 -0.517313 -0.170623 -0.159882 0.438421 0.270508 0.039113 -0.125919 -0.078438 -0.192448 0.650177 0.360292 -0.102517 0.058754 -0.188454 -0.390047 -0.306659 -0.253895 -0.282329 -0.174848 -0.315609 -0.445194 1.000000 0.688097 0.463468 0.187882 0.374161 0.259569 0.191182 0.062105 0.652282 -0.042318 0.003420 -0.271553 0.298730 -0.121539 0.257293 0.197709 0.050572 -0.007587 0.026416 0.075462 -0.218344 0.202281 -0.160565 0.032611 0.037828 0.328544 -0.349074 0.076858 0.303686 0.208018 -0.169261 -0.304087 0.049521 0.021530 0.452075 0.369681 -0.218865 -0.439660 -0.154847 -0.221315 -0.056235 0.157366 -0.093081 -0.173471 0.753786 -0.180608 0.261672 -0.143078 0.424639 0.278115 0.589285 0.229541 0.714793 0.512605 0.160938 0.247101 -0.036054 -0.189452 0.048490 0.107598 -0.442529 -0.518427 -0.185041 0.019220 -0.469442 -0.099931 0.223017 -0.034497 -0.120737 0.084099 -0.052064 -0.137344 -0.199133 0.117085 -0.179786 -0.282152 -0.463949 -0.445536 -0.259353 -0.092352 -0.278775 -0.060136 -0.098126 0.196122 0.124542 -0.041741 0.148036 0.158639
0.148016 0.052269 -0.303369 -0.551316 -0.092961 -0.221968 -0.093858 -0.284076 -0.036492 0.010400 0.312622 0.338414 -0.115301 0.065474 -0.188089 -0.029778 0.531762 0.527446 -0.217158 -0.033004 -0.001920 -0.327965 -0.328377 -0.253754 -0.160436 -0.136656 -0.113377 -0.296544 0.688097 1.000000 0.237413 0.084358 0.475625 0.282126 0.122708 0.046020 0.493691 0.094300 -0.107359 -0.225699 0.378149 0.165434 0.174636 0.155656 0.046900 0.125889 0.079033 0.050517 -0.286325 0.161428 -0.213027 0.005684 -0.067496 0.271383 -0.298944 0.136601 0.195963 0.219684 -0.276605 -0.286322 -0.050741 0.049018 0.486353 0.442818 -0.256501 -0.273726 -0.181742 -0.249322 -0.025397 0.156724 -0.043127 -0.032572 0.547680 0.121101 0.282231 0.179433 0.430118 0.167081 0.546377 0.334002 0.621647 0.511441 -0.101780 0.194158 -0.126673 -0.123566 -0.020859 -0.052085 -0.465707 -0.428019 -0.235437 -0.179338 -0.456919 -0.235628 0.098837 -0.050601 -0.035626 0.036787 -0.018079 -0.083073 -0.076572 -0.025733 -0.118781 -0.163275 -0.294876 -0.311715 -0.173131 -0.167308 -0.298020 -0.093702 0.002601 0.244397 0.099110 -0.024506 0.125377 0.101871
-0.177455 -0.353686 -0.002091 -0.244716 -0.280200 -0.339320 -0.029895 -0.322447 -0.420459 -0.332414 0.106717 0.012540 0.091822 -0.332865 -0.165892 -0.268444 0.219963 -0.036146 -0.076051 -0.019030 -0.241090 -0.030574 0.314071 0.336896 -0.144432 0.144175 -0.326333 -0.176563 0.463468 0.237413 1.000000 0.683919 0.148374 0.486477 0.285268 0.303512 0.348007 0.049104 0.174497 -0.080142 0.168722 -0.046764 0.152440 0.123190 0.036692 -0.062795 -0.114351 -0.096651 -0.118411 -0.073110 -0.049983 -0.186366 -0.193692 -0.016415 -0.250791 -0.068613 -0.020985 -0.008335 -0.246145 -0.386773 -0.010359 -0.258401 0.192597 0.077648 0.244090 -0.076985 -0.268074 -0.048569 -0.177203 -0.116346 -0.068958 -0.000298 0.541882 -0.300136 0.194773 -0.094897 0.260183 0.285156 0.302262 0.042474 0.157583 0.103039 0.174498 0.144329 0.231815 0.080178 0.210770 0.044301 -0.138931 -0.257896 -0.244354 0.004595 -0.162441 0.073528 0.182387 -0.088164 -0.056047 -0.020678 -0.076779 -0.213931 0.059694 -0.245834 -0.135707 -0.297225 -0.182054 -0.150298 -0.108239 -0.030199 -0.314763 -0.102572 0.020995 0.141235 -0.054815 -0.073610 0.167699 0.183811
-0.441549 -0.552853 0.141707 0.128431 0.134716 0.064524 0.045999 0.004696 -0.087925 -0.084014 -0.192639 -0.038217 0.150794 -0.399216 0.231598 0.025467 -0.040448 0.013021 0.146580 0.254550 0.132721 0.275137 0.645501 0.723397 0.232738 0.504108 0.093321 0.283166 0.187882 0.084358 0.683919 1.000000 -0.071295 0.331377 0.329519 0.143679 0.054358 0.003953 0.240946 0.143030 -0.090567 -0.016603 -0.322195 -0.333531 -0.288771 -0.318898 -0.476984 -0.464250 -0.384658 -0.476633 -0.360170 -0.601214 -0.598305 -0.229268 -0.113914 -0.353708 -0.112226 -0.055456 -0.463952 -0.636149 -0.255743 -0.611300 -0.079307 -0.199967 0.569108 -0.092190 -0.438007 0.057273 0.002289 -0.223329 0.056127 0.039776 0.228673 -0.158478 -0.113135 -0.014673 -0.123032 0.040842 0.130690 0.064462 -0.043741 -0.019239 0.355323 0.226226 0.636429 0.463247 0.422830 0.064764 0.263620 0.098050 -0.201222 -0.142409 0.070170 0.136508 0.041540 0.052909 -0.098847 0.072302 -0.205428 -0.136687 0.074253 -0.314110 -0.041252 -0.042293 -0.021484 0.081306 0.022026 -0.046038 0.016287 0.083095 0.038734 -0.096919 -0.227578 0.250171 0.300350 0.314883
0.171210 0.131973 -0.210011 -0.388131 0.002104 -0.036237 -0.207739 -0.222413 0.157367 0.160187 0.180425 0.172845 -0.177290 0.124973 -0.080720 -0.043254 0.400393 0.272561 -0.037350 -0.059657 0.024118 -0.167725 -0.371885 -0.272975 0.024658 -0.074936 -0.052075 -0.185791 0.374161 0.475625 0.148374 -0.071295 1.000000 0.521485 0.203558 0.108219 0.272170 -0.114596 -0.114839 -0.127347 0.187761 0.142842 0.098890 0.147965 -0.031084 0.103923 0.026575 0.019155 -0.190917 0.158195 -0.225849 0.006899 -0.064795 0.027338 -0.198561 0.121687 0.173873 0.274476 -0.256382 -0.017414 -0.145725 0.059195 0.421647 0.429809 -0.305891 -0.051246 0.063518 -0.008366 -0.054285 0.319316 -0.042031 -0.070449 0.381653 0.064164 0.227722 0.153457 0.319135 0.134941 0.366707 0.163544 0.401830 0.369157 -0.077977 0.012804 -0.206390 -0.224307 -0.004208 -0.043584 -0.300613 -0.450731 -0.084164 -0.097563 -0.330890 -0.093343 0.076461 -0.071364 -0.011406 0.022350 -0.042080 -0.166063 0.125498 0.222716 0.083724 -0.144756 -0.254238 -0.235003 -0.206097 0.039495 -0.141135 -0.081656 0.086969 0.199754 0.234412 -0.175958 -0.043750 0.046101
-0.152925 -0.052814 -0.292848 -0.155091 -0.250532 -0.199304 -0.198201 -0.130854 -0.282307 -0.252093 -0.049377 0.069942 0.067625 -0.012603 -0.183111 -0.214273 0.169047 0.051678 0.093214 0.124790 -0.211521 0.028534 0.045454 0.149761 -0.177746 -0.012358 -0.252473 -0.118338 0.259569 0.282126 0.486477 0.331377 0.521485 1.000000 0.378369 0.464943 0.269466 -0.071745 -0.011746 -0.104766 0.033766 -0.059272 -0.017467 0.025796 -0.131569 -0.121244 -0.192842 -0.197472 -0.271038 -0.139299 -0.371751 -0.352809 -0.409946 -0.189462 -0.275231 -0.039887 -0.021462 0.160653 -0.148402 -0.164316 -0.015537 -0.011527 0.180448 0.098158 0.168565 0.209758 -0.101672 0.233270 0.015686 0.020302 -0.124027 -0.083005 0.322716 -0.215976 0.191150 -0.090831 0.097615 0.280701 0.260962 0.041644 0.108540 0.129941 -0.002933 0.066471 0.146343 0.102073 0.157804 -0.042375 -0.089961 -0.292953 -0.226007 -0.013181 0.039719 0.021184 0.287490 -0.023928 -0.035841 0.128756 -0.060865 -0.178991 0.266673 -0.031202 0.272578 -0.087865 0.034071 -0.131870 -0.180236 0.111919 -0.153995 -0.095474 0.074782 0.144236 -0.038585 -0.089848 0.189440 0.128838
-0.251630 -0.282567 0.069851 -0.039977 -0.060474 -0.232138 -0.050484 -0.152844 -0.037302 -0.099226 -0.103746 0.290603 0.036950 -0.226887 0.147993 -0.175836 0.167253 0.014246 0.200567 0.172252 -0.114210 -0.161929 0.270210 0.308475 -0.055594 0.122683 -0.207657 -0.051710 0.191182 0.122708 0.285268 0.329519 0.203558 0.378369 1.000000 0.575820 0.197014 -0.252685 0.021170 -0.192291 -0.053619 -0.301366 -0.158955 -0.150311 -0.286267 -0.289655 -0.404286 -0.410544 -0.441414 -0.264864 -0.252104 -0.428194 -0.437519 -0.213565 -0.414136 -0.359946 0.096968 0.210417 -0.183485 -0.307662 -0.201757 -0.298896 0.054396 0.001564 0.220542 0.075081 0.105950 0.317664 0.035981 -0.071697 0.063978 0.100002 0.145060 -0.190750 0.162970 -0.172969 0.144217 0.214914 0.306142 0.122778 0.143863 0.103498 0.223027 0.037722 0.449250 0.433181 0.267281 0.086881 0.142348 -0.270673 -0.279124 -0.181927 -0.071049 -0.031113 0.228385 -0.059711 -0.097793 0.153860 -0.360800 -0.418542 -0.011134 -0.096844 0.073325 -0.113824 -0.080604 -0.140547 -0.131546 0.268169 -0.195879 -0.094991 0.032178 -0.313556 -0.309778 0.046370 0.244200 0.060827
-0.381016 -0.310051 0.031860 0.061569 -0.240133 -0.251670 -0.064696 0.008986 -0.223913 -0.094880 -0.088250 0.236439 0.172814 0.210670 -0.214781 -0.106345 0.075071 -0.074204 -0.128568 -0.245984 -0.129952 -0.117161 0.186458 0.100879 -0.166515 0.042157 -0.327325 -0.164004 0.062105 0.046020 0.303512 0.143679 0.108219 0.464943 0.575820 1.000000 0.216546 0.115253 -0.074673 -0.148340 -0.008481 -0.123667 0.005640 0.090975 0.036461 0.029091 -0.160161 -0.061956 -0.091389 -0.031146 -0.107172 -0.191855 -0.228810 -0.241102 -0.409324 -0.162260 -0.161640 -0.064997 -0.000513 -0.166384 -0.243022 -0.177984 -0.192592 -0.125264 0.145351 0.402919 0.012920 0.357554 -0.139991 -0.125654 0.127659 0.354623 0.142948 -0.032871 0.199429 0.056736 0.364330 0.414655 0.043484 -0.170296 -0.139913 -0.163029 -0.187216 -0.143062 0.075312 0.047801 -0.007284 -0.098587 -0.011716 -0.404879 -0.189504 0.128776 0.258229 0.075548 0.095939 -0.243273 -0.098249 -0.115120 -0.221529 -0.467142 0.117307 -0.177653 0.198396 -0.084630 0.162809 0.061837 -0.053233 0.122421 -0.341882 -0.312175 0.090376 -0.240909 -0.276246 -0.178789 0.148787 -0.126426
