1.000000 0.571405 0.130477 -0.067680 -0.327208 -0.323420 0.116792 -0.175528 -0.203699 -0.318763 0.136753 0.156301 0.349248 -0.067149 0.002649 -0.030190 0.447630 0.420910 0.091376 0.373612 -0.214599 -0.174193 0.039366 0.039228 -0.275076 -0.443577 -0.172152 -0.441399 0.133448 0.037242 -0.127428 -0.410760 -0.197815 -0.380651 -0.215590 -0.354701 -0.008287 -0.113687 -0.119605 -0.090116 0.003136 -0.023222 -0.194487 -0.227801 -0.275247 -0.393626 0.024341 -0.138656 -0.153711 0.001485 -0.147862 0.056165 0.208229 0.390614 0.024110 0.021136 0.687516 0.552503 0.168891 -0.055587 0.111251 -0.062776 0.082482 0.119335 -0.203671 -0.201238 -0.236810 -0.398899 0.264732 0.129801 0.040568 -0.197871 0.267507 0.156196 0.181795 0.012144 -0.029296 -0.048342 0.217490 -0.065290 0.136024 0.241639 0.000898 0.002456 -0.135643 -0.261560 -0.155642 -0.040892 -0.249366 0.077711 0.115649 0.112407 -0.410701 0.126091 -0.212896 0.188230 0.009760 -0.027443 0.004277 0.112582 -0.048941 0.069961 0.099884 0.050864 0.088843 -0.066785 0.008745 -0.077356 0.095334 0.068692 -0.146600 -0.308926 -0.207115 0.094791 -0.155222 0.161963
0.571405 1.000000 -0.081153 0.034857 -0.391055 -0.356172 -0.133686 0.075402 -0.470166 -0.220745 -0.056691 0.142440 0.019553 -0.164288 -0.212270 -0.110077 0.235642 0.381763 0.056667 0.462836 -0.464000 -0.288038 -0.125803 -0.231182 -0.420058 -0.505495 -0.163063 -0.402991 -0.168474 0.018062 -0.171406 -0.397893 -0.138871 -0.476558 -0.219580 -0.304136 -0.028622 0.130799 -0.221131 0.078842 0.072134 -0.168283 -0.384645 -0.282705 -0.189037 -0.242066 0.075357 -0.130234 -0.138787 0.069074 -0.246053 -0.081075 0.325161 0.241981 0.106168 -0.116652 0.456638 0.637002 0.229275 0.314722 0.124643 0.358786 0.130659 0.405437 -0.223046 0.101290 -0.174352 -0.278179 0.258091 0.287881 -0.139812 -0.246354 0.024958 -0.110389 -0.019828 -0.303113 -0.190203 -0.135029 0.111846 0.065567 0.154853 0.326574 -0.046854 0.072614 -0.303965 -0.110365 -0.012293 0.117624 -0.251519 0.193052 0.321636 -0.121326 -0.444213 -0.238124 -0.146888 0.277647 -0.051364 -0.166336 0.023965 0.089085 0.192727 -0.140361 0.364351 0.091496 0.178525 -0.160117 0.233525 -0.063277 0.144661 -0.104979 0.021897 -0.259895 -0.221887 0.321554 -0.229914 0.078671
0.130477 -0.081153 1.000000 0.398558 0.206955 0.011690 0.596826 0.459165 0.194024 -0.023230 0.173925 -0.452503 0.136469 -0.268341 0.151863 -0.421238 0.029832 0.084865 0.515925 0.175191 0.259307 -0.055040 0.538005 0.282366 -0.023406 0.066616 0.014964 -0.061293 0.014062 -0.118905 0.324843 0.279989 0.231261 0.108949 0.050841 -0.087818 -0.206859 -0.013325 -0.204295 -0.328204 -0.312853 -0.083840 -0.279299 -0.267511 -0.346806 -0.376074 -0.238975 -0.239699 -0.494789 -0.299060 -0.348241 -0.250626 -0.350243 -0.138328 -0.050714 -0.031626 0.019099 -0.072095 -0.096094 0.023900 0.034239 -0.012215 0.043286 0.070035 0.173481 -0.187042 -0.013835 -0.063455 -0.267059 -0.165733 0.049377 -0.037935 0.079214 0.043479 -0.096297 0.074161 -0.129482 0.057897 -0.287724 0.081524 -0.131262 -0.079692 0.142008 0.005099 0.045232 -0.154247 0.150916 0.018724 0.076823 0.188646 -0.121457 0.384634 -0.071289 0.180524 -0.406376 -0.262173 -0.241282 -0.229001 -0.061408 -0.114667 -0.011871 0.003585 0.130304 -0.245229 -0.146514 -0.311116 0.297916 0.278092 -0.199473 -0.240792 -0.083386 -0.036194 -0.230611 -0.129490 -0.279340 -0.026266
-0.067680 0.034857 0.398558 1.000000 0.142680 0.018745 0.163526 0.484795 -0.258310 -0.079694 0.177609 -0.227887 -0.068085 -0.134636 0.237778 -0.218770 0.055565 0.002926 0.376935 0.248043 -0.024736 -0.023153 0.496162 0.362217 -0.129120 0.160375 -0.067919 -0.071423 -0.114035 0.111836 0.486443 0.461140 0.232123 0.028637 -0.098426 -0.156751 -0.168575 -0.083649 -0.166658 -0.001085 -0.201748 -0.046112 -0.272253 -0.254864 -0.133463 -0.304522 -0.232920 -0.196432 -0.409445 -0.146447 -0.282573 -0.215667 -0.192130 -0.103200 -0.098441 -0.242142 -0.038321 -0.038204 -0.247055 0.043840 -0.291771 -0.051472 -0.053254 -0.076872 0.069701 -0.032475 -0.264826 -0.187289 -0.190738 -0.104656 -0.125272 0.224210 -0.113532 -0.016013 -0.180794 -0.114339 -0.264637 -0.106545 -0.015520 0.195362 -0.168990 -0.021116 0.152655 0.318819 0.004905 0.145077 0.265288 0.355697 -0.050630 0.057368 0.002535 0.031226 0.150593 -0.136540 -0.173699 0.106462 -0.259462 -0.066469 0.070834 -0.157747 0.056357 -0.154684 0.058917 -0.229901 -0.206202 -0.280459 0.112155 -0.143100 0.168362 -0.228291 -0.083270 -0.104211 -0.170613 -0.057927 0.002890 -0.195885
-0.327208 -0.391055 0.206955 0.142680 1.000000 0.716422 0.187775 0.079285 0.529363 0.544906 0.080617 -0.050078 0.068352 0.114496 0.243355 0.289747 0.079406 -0.076641 0.091136 -0.230394 0.323383 0.326077 0.238783 0.262145 0.623416 0.338831 0.609032 0.673464 0.119956 -0.123216 0.201375 0.223006 0.167429 0.254431 0.004052 0.094390 -0.025245 -0.044046 0.074614 -0.037071 0.118397 0.145373 -0.029863 -0.080229 -0.049266 -0.070145 -0.140072 -0.089416 -0.148252 -0.259146 -0.162490 -0.239011 -0.212843 -0.247856 0.166549 0.199468 -0.173380 -0.161372 -0.312819 -0.294091 -0.102010 -0.200154 -0.127525 -0.130532 0.119228 -0.045346 -0.032267 -0.009645 -0.214712 -0.142056 -0.036586 0.028604 -0.072650 0.004003 -0.131770 0.230888 -0.065146 -0.064944 -0.153213 -0.163252 -0.132825 -0.192881 0.383516 0.373076 0.050860 0.046059 0.318816 0.298677 0.205570 0.145030 -0.238926 -0.075042 0.172309 -0.019200 0.020936 -0.118161 0.032617 0.210208 -0.058767 -0.090360 -0.083909 0.025235 -0.098568 -0.192128 -0.099449 0.121060 0.044470 0.073999 -0.096862 0.011895 -0.049478 -0.126007 0.030844 -0.331266 0.034044 -0.004744
-0.323420 -0.356172 0.011690 0.018745 0.716422 1.000000 -0.044512 0.041304 0.412236 0.713157 -0.143358 -0.026951 -0.209576 0.026594 0.044982 0.319776 0.109082 -0.073252 0.136389 -0.254736 0.347109 0.408941 0.042410 0.066146 0.636313 0.340142 0.742024 0.702561 0.032016 -0.126765 0.042835 0.115256 0.241648 0.258589 0.047273 0.129862 0.076587 -0.023927 0.051541 0.124655 0.147673 0.246140 0.042833 -0.017903 -0.031294 0.006818 -0.159572 -0.098110 -0.046659 -0.163569 -0.031903 -0.112192 -0.091074 -0.080886 0.180288 0.145359 -0.088655 -0.099287 -0.242405 -0.287894 -0.104512 -0.138136 -0.093240 -0.135612 0.064518 0.007426 0.005860 0.105318 0.061819 -0.033035 0.016065 -0.016411 -0.136686 -0.069391 -0.031613 0.137206 -0.038480 -0.064358 -0.047329 -0.140288 0.052158 -0.057543 0.412843 0.372085 0.152689 0.173906 0.223477 0.184417 0.077499 0.121976 -0.185868 -0.005429 0.197102 -0.044127 -0.051134 -0.070189 -0.046521 0.204963 -0.092023 -0.113860 -0.141644 -0.168471 -0.165724 -0.274215 -0.236886 0.013409 -0.007637 0.011219 -0.102205 0.051957 -0.112992 -0.113699 0.184126 -0.114512 0.020657 -0.042067
0.116792 -0.133686 0.596826 0.163526 0.187775 -0.044512 1.000000 0.229526 0.278603 -0.074557 0.424592 -0.056278 0.509706 0.136035 0.191200 -0.071705 -0.078917 -0.053213 0.097894 -0.015293 0.074752 -0.102227 0.449412 0.443512 0.027509 0.107495 0.007848 -0.079568 0.089052 -0.020167 -0.012775 -0.023519 0.078450 0.131799 0.175431 0.101609 -0.258408 0.106373 -0.065516 -0.186554 -0.173562 -0.165736 -0.286642 -0.286867 -0.391073 -0.387541 -0.331491 -0.325685 -0.395076 -0.456701 -0.268386 -0.303923 -0.422338 -0.271186 -0.020148 -0.161703 -0.056430 -0.196278 -0.243058 -0.217440 0.290257 -0.164849 0.125240 0.069542 0.253806 -0.046076 0.038730 0.099142 -0.160018 -0.202567 0.269200 0.021085 0.045944 0.151221 -0.027167 0.054991 -0.195431 0.061663 -0.110137 -0.108889 -0.210193 -0.117347 -0.050677 -0.192764 0.110293 -0.109449 0.062280 -0.041634 0.261030 0.176583 -0.166249 0.134367 0.037152 0.301944 -0.272296 -0.300880 -0.066042 -0.188912 -0.218457 -0.215972 0.031770 0.054364 0.111334 -0.218601 -0.071706 -0.200192 0.155137 0.114485 -0.209845 -0.154642 0.007144 -0.096087 -0.293964 -0.090406 -0.261189 0.054709
-0.175528 0.075402 0.459165 0.484795 0.079285 0.041304 0.229526 1.000000 -0.165432 0.168720 -0.177322 -0.110660 -0.147888 0.065343 -0.164255 -0.120975 -0.053188 0.046480 0.124561 -0.072674 -0.096773 -0.110813 0.038633 -0.072755 -0.220479 -0.049801 -0.053451 -0.157905 -0.143030 0.181466 0.298567 0.339854 0.346549 0.196467 -0.078435 -0.034355 -0.013552 -0.126264 -0.461380 -0.125641 -0.113829 -0.132235 -0.344235 -0.185086 -0.193067 -0.157879 -0.282772 -0.205205 -0.403810 -0.086923 -0.413058 -0.227658 -0.170661 -0.134041 -0.146137 -0.199590 0.005971 -0.064426 -0.136879 0.319851 -0.037584 0.446693 0.350627 0.333792 0.155234 0.126977 -0.064863 -0.072850 -0.239251 -0.093733 -0.004342 0.182723 0.007805 -0.016361 -0.150780 -0.184982 -0.185181 0.133340 -0.146503 0.211544 0.045923 0.079288 -0.177605 0.051636 -0.110330 -0.115949 -0.018889 0.081125 -0.220355 -0.007855 0.028415 -0.150960 0.097086 -0.356645 -0.252902 0.041118 -0.344015 -0.243252 -0.056363 -0.182020 0.242637 -0.177406 0.323336 -0.082838 -0.086366 -0.334533 0.369268 0.332604 -0.037162 -0.322737 -0.201638 -0.091968 -0.188984 -0.121236 -0.241632 -0.153875
-0.203699 -0.470166 0.194024 -0.258310 0.529363 0.412236 0.278603 -0.165432 1.000000 0.571879 0.161447 -0.030960 0.167444 0.017170 0.441759 0.305782 0.047717 -0.150287 0.045285 -0.146543 0.445449 0.337293 0.209271 0.265309 0.722637 0.304564 0.328226 0.358808 0.156385 -0.177965 -0.028853 0.009152 0.006569 0.412412 0.414101 0.334532 0.138545 0.039785 0.107610 -0.211942 0.209723 0.192315 0.129566 -0.006789 -0.207652 -0.120035 -0.012006 -0.032940 -0.088177 -0.411429 -0.033647 -0.288829 -0.234342 -0.187005 -0.197279 0.051153 -0.149483 -0.163560 -0.318495 -0.467158 0.082757 -0.281624 -0.285221 -0.234461 0.129869 -0.041432 0.061928 0.220667 -0.061130 -0.224834 0.137748 0.008672 0.040625 0.076864 -0.061687 0.394236 0.006329 0.076154 0.104684 -0.134701 -0.016490 -0.015742 0.187158 -0.067679 0.261879 0.088486 -0.026662 -0.198374 0.241398 -0.048264 -0.308078 0.107041 0.312368 0.295484 0.057714 -0.247794 0.009547 0.168120 -0.278987 -0.171437 -0.321369 -0.040068 -0.349060 -0.219068 -0.125971 0.108249 -0.214775 -0.127211 -0.151455 0.158290 -0.027785 0.007461 0.124093 -0.135585 0.129077 0.152502
-0.318763 -0.220745 -0.023230 -0.079694 0.544906 0.713157 -0.074557 0.168720 0.571879 1.000000 -0.254087 0.138539 -0.279694 0.040621 -0.046994 0.434724 -0.048607 -0.087504 -0.036983 -0.261526 0.240474 0.331950 -0.083237 -0.093656 0.661464 0.187198 0.477432 0.389777 -0.144912 -0.083628 -0.066258 -0.037060 0.204055 0.175202 0.170215 0.220152 0.126367 -0.099105 -0.144214 -0.035605 0.196059 0.068585 -0.027426 0.008982 -0.024259 0.034298 -0.111134 -0.037807 0.001611 -0.165247 -0.066101 -0.127194 -0.107727 -0.064117 -0.050053 0.144757 -0.054582 -0.027994 -0.211437 -0.171632 -0.032209 0.079342 -0.175829 -0.114902 0.127612 0.264655 0.025697 0.154591 0.005555 -0.094055 0.044566 -0.020806 -0.229100 -0.207725 -0.181018 0.101991 -0.034835 0.037823 0.041699 -0.068723 0.037858 0.012495 0.027871 0.107859 -0.003058 0.103573 0.023795 0.050180 0.093420 0.114276 -0.083875 -0.114914 0.272336 -0.197619 -0.015766 -0.105440 -0.076054 0.122880 -0.030563 0.026923 -0.085705 -0.203571 -0.043012 -0.100135 -0.013462 0.059312 0.034323 0.077148 -0.101586 0.062561 -0.123376 -0.052978 0.114448 -0.020118 0.005091 0.081515
0.136753 -0.056691 0.173925 0.177609 0.080617 -0.143358 0.424592 -0.177322 0.161447 -0.254087 1.000000 -0.040262 0.570593 0.089519 0.635298 -0.109209 0.063426 -0.065793 0.170312 0.243419 -0.084264 -0.234020 0.516339 0.410129 -0.047947 -0.027050 -0.101846 -0.032952 0.366812 -0.091659 0.027276 0.120225 -0.396385 -0.125533 0.192221 -0.008139 0.005221 0.072341 0.088434 -0.016805 0.106941 -0.149573 -0.341277 -0.486878 -0.409254 -0.576322 -0.186934 -0.475111 -0.325478 -0.431971 -0.221287 -0.274242 -0.046130 -0.111844 -0.089357 -0.213449 -0.081264 -0.205872 -0.178611 -0.277911 0.095102 -0.244441 0.074922 -0.019073 0.221066 -0.116343 -0.335075 -0.167562 -0.142647 -0.101056 -0.056447 -0.019716 0.128403 0.124109 -0.032013 0.032375 0.006891 -0.205379 0.042295 0.099721 -0.021630 0.000807 0.363835 0.102893 0.443931 0.195540 0.236436 -0.060666 0.263947 0.257436 -0.190289 0.386048 0.122350 0.535544 -0.032992 -0.144653 -0.276637 -0.244732 -0.330814 -0.379012 -0.043541 0.226828 -0.126042 -0.121164 -0.077087 -0.066940 -0.163583 -0.157818 0.037328 0.105847 0.154139 -0.282074 -0.141767 -0.058235 0.239499 0.002701
0.156301 0.142440 -0.452503 -0.227887 -0.050078 -0.026951 -0.056278 -0.110660 -0.030960 0.138539 -0.040262 1.000000 0.333349 0.659554 -0.182661 0.694587 0.070860 0.153152 -0.581211 -0.322956 -0.168491 -0.098626 -0.430929 -0.075960 -0.075318 -0.295711 -0.072973 -0.107617 0.114888 0.380025 -0.441011 -0.366540 -0.064416 -0.054309 -0.211698 -0.086948 0.139239 -0.133906 0.076842 0.021272 0.294467 -0.092419 0.097993 0.208032 0.201365 0.197965 0.153168 0.180125 0.360954 0.264233 0.236140 0.311068 0.346063 0.162039 0.088719 0.026850 -0.018706 -0.070590 -0.178166 -0.313932 -0.109801 -0.037082 -0.034560 -0.059960 -0.183062 0.144948 -0.178117 -0.207667 -0.054352 -0.202257 0.166994 0.071662 -0.042223 0.010587 -0.016940 0.037089 0.170222 0.005395 0.199435 -0.060546 -0.006510 -0.040048 -0.308494 0.005789 -0.193524 -0.028617 -0.205413 0.119444 -0.020386 -0.074986 0.200443 -0.489707 0.176392 -0.350086 -0.075822 0.044645 0.164511 0.237875 0.162150 0.231006 -0.067441 -0.133954 -0.123688 0.120682 0.171169 0.224106 -0.165288 -0.087229 -0.103953 -0.045392 -0.090293 0.003017 0.195659 0.084344 0.052225 0.183293
0.349248 0.019553 0.136469 -0.068085 0.068352 -0.209576 0.509706 -0.147888 0.167444 -0.279694 0.570593 0.333349 1.000000 0.400046 0.433881 0.159746 0.263903 0.129646 -0.061852 -0.051259 0.009819 -0.128705 0.219096 0.347279 -0.093227 -0.182104 -0.072157 -0.154590 0.466346 0.074184 -0.104985 -0.105542 -0.193577 -0.024361 0.041675 -0.021182 0.006505 0.075153 0.183905 -0.166407 0.156274 0.088285 -0.148210 -0.224740 -0.283736 -0.295309 -0.167627 -0.177156 -0.203673 -0.269449 -0.157400 -0.113977 -0.004743 -0.010227 0.113277 -0.046278 0.064616 -0.049392 -0.345471 -0.454863 0.098379 -0.229369 0.142568 -0.000544 -0.017709 -0.210670 -0.305413 -0.278815 -0.172049 -0.290113 0.272749 0.130101 0.295303 0.220454 0.104974 0.192147 0.059729 0.044718 0.057427 -0.077006 0.104013 0.005150 0.129531 -0.063917 0.181260 -0.089656 -0.021382 -0.043474 0.139846 0.063171 -0.212668 0.000416 0.002358 0.249285 -0.198903 -0.242187 0.004978 0.042083 -0.140970 -0.049594 -0.083213 0.077347 -0.162245 -0.158599 -0.060827 -0.081125 -0.193785 0.008297 -0.174730 -0.124526 0.025133 -0.125323 -0.033327 0.039751 0.014623 0.100217
-0.067149 -0.164288 -0.268341 -0.134636 0.114496 0.026594 0.136035 0.065343 0.017170 0.040621 0.089519 0.659554 0.400046 1.000000 -0.102388 0.648711 0.128046 0.045315 -0.528379 -0.435548 -0.107370 -0.193407 -0.319395 0.029974 -0.045685 -0.231673 -0.037584 0.017617 0.261789 0.371398 -0.212223 -0.175853 0.007511 0.088075 -0.211785 -0.162837 0.106670 -0.105828 -0.017531 0.123157 0.294212 0.015548 -0.020512 0.063587 0.110656 0.064096 -0.111183 -0.048227 0.245263 0.131314 0.068604 0.166302 0.188930 -0.147207 0.142280 0.055161 -0.016770 -0.211728 -0.199449 -0.251676 0.086381 -0.026687 0.390610 0.106289 -0.051309 -0.129146 -0.144434 -0.296082 -0.152099 -0.197493 0.279666 0.210213 0.137586 0.206190 0.149209 0.198273 0.201325 -0.007928 0.201297 0.018167 0.016597 -0.070892 -0.250588 -0.040255 -0.220309 -0.292818 -0.153149 -0.035812 0.019089 0.091291 0.080127 -0.464650 0.087512 -0.229208 -0.014096 0.014694 0.015338 0.012526 0.112902 0.057489 0.049775 0.142457 0.030961 0.286641 0.261764 0.079868 0.078708 0.080839 -0.032474 -0.058821 -0.067302 -0.140502 -0.012048 -0.121262 0.063595 -0.004906
0.002649 -0.212270 0.151863 0.237778 0.243355 0.044982 0.191200 -0.164255 0.441759 -0.046994 0.635298 -0.182661 0.433881 -0.102388 1.000000 -0.007007 0.222368 -0.078126 0.194041 0.031989 0.308945 0.235777 0.573643 0.562225 0.337552 0.316640 0.005698 0.116607 0.355406 0.001074 0.361650 0.407220 -0.265356 0.161417 0.441386 0.105098 0.072817 0.103807 0.144898 -0.049397 0.180068 0.265434 -0.074791 -0.308489 -0.430021 -0.457993 -0.037247 -0.176512 -0.402777 -0.474328 -0.147824 -0.405803 -0.032589 -0.090877 -0.286000 -0.223437 -0.043018 -0.052324 -0.383607 -0.464449 -0.145564 -0.336898 -0.164898 -0.237106 0.166384 -0.152746 -0.471076 -0.226082 -0.199248 -0.314583 0.059305 0.206973 0.166908 0.233673 -0.004293 0.262957 -0.075378 -0.072034 0.152772 0.046615 0.056200 0.143345 0.440648 0.217297 0.483677 0.290784 0.182406 -0.056127 0.088884 -0.087912 -0.372144 0.239635 0.167244 0.383517 0.126338 -0.006893 -0.199014 0.066215 -0.336275 -0.379510 -0.226422 0.039589 -0.353231 -0.271799 -0.272550 -0.059578 -0.415880 -0.335804 0.114197 0.118591 -0.029421 -0.143927 0.045482 -0.182400 0.290564 -0.153499
-0.030190 -0.110077 -0.421238 -0.218770 0.289747 0.319776 -0.071705 -0.120975 0.305782 0.434724 -0.109209 0.694587 0.159746 0.648711 -0.007007 1.000000 0.239789 -0.036295 -0.519524 -0.381261 0.109563 0.194564 -0.386414 0.083700 0.337758 -0.061577 0.171979 0.215326 0.214547 0.327255 -0.264965 -0.245892 0.101119 0.185205 -0.097794 -0.122799 0.084805 -0.062259 0.059106 0.165583 0.372789 0.118934 0.094158 0.211076 0.130883 0.120194 0.072650 0.147899 0.238548 0.086703 0.122869 0.086140 0.200256 -0.067603 -0.042655 0.129664 0.097445 0.076310 -0.273367 -0.381872 -0.089340 -0.136746 -0.022790 -0.184718 -0.167206 -0.045800 -0.140816 -0.177379 0.001053 -0.150241 0.275386 0.244469 0.120359 0.201393 0.057065 0.295326 0.038579 -0.034229 0.346216 -0.082330 0.099976 0.051319 -0.115885 0.138118 -0.200589 -0.110641 -0.144934 0.129273 -0.071808 -0.041776 0.036842 -0.476332 0.160985 -0.272302 0.128138 0.218305 0.081031 0.304581 0.023557 0.124875 -0.100360 0.039201 -0.152539 0.240214 0.152761 0.252623 -0.056458 -0.083757 0.048798 0.123057 -0.193750 -0.084474 0.195803 -0.101607 0.142015 0.141171
0.447630 0.235642 0.029832 0.055565 0.079406 0.109082 -0.078917 -0.053188 0.047717 -0.048607 0.063426 0.070860 0.263903 0.128046 0.222368 0.239789 1.000000 0.550430 0.110669 0.149136 0.106691 0.116751 0.045698 0.233472 0.051473 -0.133396 0.089352 -0.008664 0.426819 0.115240 0.078640 -0.069242 0.024966 0.030196 -0.197151 -0.263448 0.187323 0.113462 0.010645 0.113882 0.145021 0.476221 -0.246283 -0.232971 -0.378246 -0.429747 -0.206377 -0.257067 -0.322325 -0.256769 -0.317468 -0.231626 0.177500 -0.097924 -0.165862 -0.302388 0.578358 0.642512 -0.055755 -0.124649 0.090362 0.049524 0.310747 0.220444 -0.326622 -0.478153 -0.174871 -0.306302 -0.037240 0.027086 -0.034613 0.022473 0.439758 0.377296 0.404221 0.378136 0.010574 -0.077835 0.257372 0.127288 0.530858 0.458128 0.275542 0.196378 0.027504 -0.131548 -0.102624 0.033408 -0.282721 -0.092052 -0.095822 -0.086575 -0.007294 0.047676 -0.223219 0.134628 -0.267663 0.019799 -0.233605 -0.183130 -0.089084 0.038531 -0.087568 0.094498 -0.029805 -0.094398 -0.010399 -0.200542 0.046761 -0.037571 -0.133834 -0.471568 0.127836 -0.004445 0.107608 -0.069066
0.420910 0.381763 0.084865 0.002926 -0.076641 -0.073252 -0.053213 0.046480 -0.150287 -0.087504 -0.065793 0.153152 0.129646 0.045315 -0.078126 -0.036295 0.550430 1.000000 0.017519 0.135918 -0.004155 -0.026474 -0.032837 -0.193524 -0.149366 -0.331777 -0.013434 -0.222661 0.285465 0.288238 0.026803 -0.138139 0.060465 -0.029183 -0.356085 -0.237244 0.196245 0.073096 -0.134285 -0.153247 0.009103 0.258041 -0.265012 -0.139111 -0.169592 -0.213838 -0.077749 -0.189679 -0.109322 0.078956 -0.301847 0.062827 0.189438 0.158093 0.056220 -0.173580 0.429653 0.501228 0.263613 0.048582 0.234702 0.351063 0.270332 0.527620 -0.315315 -0.166273 -0.141968 -0.360218 -0.101212 0.012661 -0.118891 -0.220725 0.280961 0.262019 0.403586 0.139706 0.117021 0.008836 0.001725 0.013754 0.265958 0.310862 0.118389 0.235324 -0.168063 -0.305541 -0.322995 -0.060790 -0.364906 -0.072900 0.142832 -0.060541 -0.280725 -0.075507 -0.392640 0.021812 -0.204995 -0.263197 0.083273 0.043227 0.078884 -0.033627 0.151202 0.049410 0.065622 -0.239645 0.147547 -0.095265 -0.075781 -0.132468 -0.174747 -0.388216 -0.103859 0.060553 -0.143132 0.022206
0.091376 0.056667 0.515925 0.376935 0.091136 0.136389 0.097894 0.124561 0.045285 -0.036983 0.170312 -0.581211 -0.061852 -0.528379 0.194041 -0.519524 0.110669 0.017519 1.000000 0.629512 0.073718 0.022605 0.396547 0.128244 -0.015834 0.018416 0.025786 -0.062041 -0.040901 -0.293901 0.209350 0.151781 0.035334 0.006064 0.110502 -0.045165 -0.050357 0.088537 -0.018797 -0.026429 -0.201796 0.111063 -0.245538 -0.335832 -0.269247 -0.323238 -0.134551 -0.221992 -0.473977 -0.299441 -0.419692 -0.378285 -0.171208 0.019768 -0.024806 -0.126944 0.010438 0.049139 -0.051103 0.117855 -0.056878 -0.071577 -0.079579 0.063809 0.091716 -0.188277 0.084754 0.092780 0.317916 0.250175 -0.218188 -0.015838 -0.081600 -0.071066 -0.055403 -0.013389 -0.200031 -0.021376 -0.066793 0.164494 0.031438 0.079465 0.431028 0.199691 0.291431 0.205742 0.194039 0.089371 0.019493 0.071405 -0.168041 0.420926 -0.020587 0.261147 -0.153819 0.055786 -0.151019 -0.041406 -0.213389 -0.253649 0.006062 -0.207910 -0.040877 -0.354055 -0.248813 -0.122626 0.067655 -0.125069 0.189009 -0.003491 0.024127 -0.113370 -0.139830 0.140952 0.020687 -0.017134
0.373612 0.462836 0.175191 0.248043 -0.230394 -0.254736 -0.015293 -0.072674 -0.146543 -0.261526 0.243419 -0.322956 -0.051259 -0.435548 0.031989 -0.381261 0.149136 0.135918 0.629512 1.000000 -0.262003 -0.121554 0.167720 -0.022609 -0.264150 -0.263456 -0.244657 -0.366062 -0.050940 -0.149700 -0.009214 -0.227836 -0.163941 -0.196656 -0.117993 -0.152488 0.001328 0.194633 0.029128 0.084175 0.010353 -0.060740 -0.256151 -0.320047 -0.241467 -0.359576 0.045117 -0.265856 -0.279536 -0.195697 -0.377180 -0.284872 0.089449 0.079253 -0.055067 -0.276084 0.176127 0.315310 0.169957 0.235436 0.088042 0.044337 -0.091763 0.161911 -0.155070 -0.220393 0.081800 0.094171 0.465807 0.542271 -0.391765 -0.035792 -0.025199 -0.058259 -0.082587 -0.009662 -0.365068 -0.230640 0.037410 0.087943 0.019149 0.181111 0.187286 0.077819 0.125612 0.058387 -0.002288 -0.009027 -0.031034 0.109448 0.217607 0.376744 -0.034505 0.306894 -0.105379 0.211375 -0.134671 -0.227903 -0.175426 -0.227958 0.037408 -0.053422 0.023360 -0.119021 -0.110481 -0.018644 -0.000386 -0.263671 0.311436 0.127049 0.087162 -0.246301 -0.096991 0.263253 0.030063 0.051874
-0.214599 -0.464000 0.259307 -0.024736 0.323383 0.347109 0.074752 -0.096773 0.445449 0.240474 -0.084264 -0.168491 0.009819 -0.107370 0.308945 0.109563 0.106691 -0.004155 0.073718 -0.262003 1.000000 0.643300 0.198630 0.242707 0.491067 0.449491 0.325204 0.389493 0.153586 0.078595 0.437410 0.466980 0.144983 0.417865 0.187717 0.112551 0.058682 0.061145 0.362689 -0.120615 0.067639 0.555250 0.245103 0.202883 -0.082596 0.081658 0.063431 0.177919 -0.151969 -0.150880 0.112017 -0.109291 -0.135725 -0.154905 -0.077452 0.063511 -0.180523 -0.142979 -0.244057 -0.382737 -0.107219 -0.220267 -0.156549 -0.289059 0.033815 -0.212594 -0.069206 0.057721 -0.250848 -0.421543 0.269837 0.208548 0.067378 0.373455 0.172661 0.510640 0.145698 0.142855 -0.134336 -0.086626 0.009379 -0.096486 0.225143 0.158936 0.208968 -0.070296 0.104728 0.050435 0.059190 -0.236988 -0.308252 0.024105 0.045982 -0.002991 -0.099220 -0.153753 0.108090 0.265813 0.046179 -0.029961 -0.344728 -0.090713 -0.367666 -0.153303 -0.212290 0.076564 -0.212930 0.077731 -0.261239 -0.032218 -0.108593 0.096893 0.221065 -0.288066 -0.030867 -0.092497
-0.174193 -0.288038 -0.055040 -0.023153 0.326077 0.408941 -0.102227 -0.110813 0.337293 0.331950 -0.234020 -0.098626 -0.128705 -0.193407 0.235777 0.194564 0.116751 -0.026474 0.022605 -0.121554 0.643300 1.000000 0.067699 0.089274 0.519734 0.361993 0.283772 0.314503 -0.145711 -0.070477 0.284683 0.241802 0.100501 0.296900 0.083200 0.164150 -0.047414 0.054031 0.340829 0.173439 0.142180 0.522969 0.122601 0.096703 -0.024409 0.081274 0.045433 0.117275 -0.079636 -0.110472 0.027278 -0.172421 -0.022959 -0.117376 -0.054131 0.067162 0.033328 0.068880 -0.062498 -0.194102 0.009532 -0.072965 -0.256640 -0.285237 0.007241 -0.029635 0.077139 0.208917 0.084847 0.007248 -0.038594 0.266757 -0.090871 0.220451 0.005642 0.426939 -0.184167 0.033247 -0.082174 -0.253335 -0.062257 -0.021305 0.132368 0.184461 0.098226 0.068988 0.028932 0.252958 0.093258 -0.208019 -0.040754 -0.018038 0.137212 -0.027176 0.088690 0.117296 0.215262 0.394430 -0.046335 -0.042233 -0.152629 -0.094733 -0.292537 -0.135894 -0.378973 0.141686 -0.396780 -0.031401 -0.047625 0.119659 -0.074645 0.038910 0.215144 -0.265734 0.016066 -0.127955
0.039366 -0.125803 0.538005 0.496162 0.238783 0.042410 0.449412 0.038633 0.209271 -0.083237 0.516339 -0.430929 0.219096 -0.319395 0.573643 -0.386414 0.045698 -0.032837 0.396547 0.167720 0.198630 0.067699 1.000000 0.675959 0.185836 0.398070 0.108539 0.156323 -0.091637 -0.263685 0.419771 0.365466 -0.105953 -0.032497 0.363409 0.190598 -0.216996 -0.139166 0.080045 -0.138739 -0.288360 0.027553 -0.250138 -0.460651 -0.459838 -0.520801 -0.204075 -0.267853 -0.393739 -0.521893 -0.075027 -0.344347 -0.228094 -0.172497 -0.160099 -0.193527 -0.073267 -0.085847 -0.276162 -0.266101 -0.028353 -0.276621 -0.248485 -0.209495 0.315517 0.091126 -0.288678 -0.004062 -0.272875 -0.332565 0.061407 -0.126078 -0.186764 0.041583 -0.107041 -0.117241 -0.192211 -0.176539 -0.144570 -0.003088 -0.216874 -0.105457 0.227085 -0.076079 0.360951 0.228302 0.361923 0.103585 0.374070 0.176837 -0.296225 0.288977 0.063575 0.383816 -0.219069 -0.347140 -0.226772 0.023597 -0.293675 -0.378959 -0.233494 -0.048552 -0.182346 -0.430279 -0.269608 -0.286654 -0.077162 -0.115514 -0.152914 -0.176588 0.213289 -0.114744 -0.150249 -0.198444 -0.035151 -0.111493
0.039228 -0.231182 0.282366 0.362217 0.262145 0.066146 0.443512 -0.072755 0.265309 -0.093656 0.410129 -0.075960 0.347279 0.029974 0.562225 0.083700 0.233472 -0.193524 0.128244 -0.022609 0.242707 0.089274 0.675959 1.000000 0.231282 0.540244 0.086054 0.247902 0.112983 -0.056202 0.267550 0.283047 -0.041753 0.069751 0.409499 0.182089 -0.231927 -0.070913 0.229260 -0.011979 -0.089449 0.147552 -0.004847 -0.230338 -0.405103 -0.409766 -0.080464 -0.103143 -0.312145 -0.555963 0.097267 -0.280975 -0.179480 -0.207188 -0.246221 -0.207138 -0.120928 -0.058427 -0.584484 -0.560345 -0.203342 -0.528942 -0.274627 -0.366212 0.254487 -0.015938 -0.327184 -0.056233 -0.261769 -0.426054 0.195151 0.102159 -0.015650 0.190076 0.042892 0.170789 -0.087281 -0.052860 0.098831 0.080808 -0.182198 -0.096936 0.099399 -0.122534 0.237425 0.259816 0.258175 0.111372 0.329319 0.048492 -0.427961 0.035396 0.242473 0.321546 0.037116 -0.102096 -0.064442 0.227747 -0.321865 -0.394944 -0.346286 -0.072519 -0.399379 -0.330101 -0.157226 -0.013794 -0.224219 -0.315518 0.043082 -0.073735 0.094963 -0.094721 -0.034257 -0.247277 0.016199 -0.162432
-0.275076 -0.420058 -0.023406 -0.129120 0.623416 0.636313 0.027509 -0.220479 0.722637 0.661464 -0.047947 -0.075318 -0.093227 -0.045685 0.337552 0.337758 0.051473 -0.149366 -0.015834 -0.264150 0.491067 0.519734 0.185836 0.231282 1.000000 0.424205 0.431765 0.528057 0.008689 -0.189706 0.076390 0.102759 0.023385 0.257576 0.293647 0.260665 0.088218 0.046682 0.253610 0.040548 0.206234 0.239928 0.193915 0.065819 -0.105247 -0.036242 0.069558 0.047924 -0.011621 -0.307047 0.071821 -0.184192 -0.096506 -0.130623 -0.046902 0.131610 -0.108090 -0.043080 -0.309260 -0.434958 -0.039969 -0.270915 -0.354951 -0.353011 0.103339 0.035145 -0.009467 0.133863 -0.014898 -0.105815 0.074328 0.060390 -0.053897 0.026620 -0.077725 0.259727 -0.026799 -0.011431 0.061769 -0.280853 -0.001839 0.009396 0.287478 0.096770 0.142695 0.183954 0.074674 0.061042 0.161065 -0.047648 -0.189353 0.041746 0.207160 0.124340 0.122156 -0.137209 0.030378 0.250761 -0.131334 -0.054621 -0.278823 -0.012278 -0.291850 -0.112270 -0.120474 0.185533 -0.271111 -0.146141 -0.027222 0.148798 -0.090944 -0.028762 0.175590 -0.087384 0.179601 0.063274
-0.443577 -0.505495 0.066616 0.160375 0.338831 0.340142 0.107495 -0.049801 0.304564 0.187198 -0.027050 -0.295711 -0.182104 -0.231673 0.316640 -0.061577 -0.133396 -0.331777 0.018416 -0.263456 0.449491 0.361993 0.398070 0.540244 0.424205 1.000000 0.347427 0.550893 -0.072247 -0.133251 0.422980 0.529597 0.075517 0.240300 0.502135 0.512596 -0.166450 -0.069228 0.172466 -0.003951 -0.160811 0.254178 0.244198 0.086476 -0.143593 0.038266 0.020778 0.113428 -0.146617 -0.391155 0.218247 -0.226805 -0.293151 -0.196116 -0.227025 -0.116065 -0.391810 -0.297676 -0.342704 -0.318057 -0.121185 -0.294129 -0.339634 -0.390617 0.462359 0.271127 -0.046549 0.324725 -0.197299 -0.331210 0.133947 0.026653 -0.175141 0.021618 0.041801 0.154399 -0.058293 0.060165 -0.078387 -0.054362 -0.257802 -0.300677 0.062485 -0.103548 0.280733 0.255907 0.257642 0.011459 0.307585 -0.123688 -0.391468 0.064323 0.307451 0.170685 0.303267 -0.133549 0.165869 0.304957 -0.202152 -0.303256 -0.233080 -0.203225 -0.395305 -0.430000 -0.338701 0.017169 -0.321928 -0.221919 0.101285 0.008775 0.210025 0.206206 0.026404 -0.216011 0.069451 -0.316764
-0.172152 -0.163063 0.014964 -0.067919 0.609032 0.742024 0.007848 -0.053451 0.328226 0.477432 -0.101846 -0.072973 -0.072157 -0.037584 0.005698 0.171979 0.089352 -0.013434 0.025786 -0.244657 0.325204 0.283772 0.108539 0.086054 0.431765 0.347427 1.000000 0.791886 0.008794 -0.209136 0.054590 0.065403 0.196933 0.095582 -0.002723 0.047221 0.041018 -0.134196 0.090975 -0.002035 0.169796 0.251182 -0.004314 -0.086886 -0.037942 0.010623 -0.201851 -0.077682 -0.042909 -0.167700 0.014584 -0.101714 -0.199409 -0.095656 0.319553 0.260307 -0.039124 -0.028880 -0.146902 -0.193827 0.023009 -0.149920 -0.014649 -0.009486 0.049156 0.049579 0.024081 0.042287 0.052651 -0.151662 0.093508 -0.271417 -0.131879 -0.053793 -0.011288 0.093203 0.027530 -0.069288 0.019073 -0.041256 0.039047 -0.060927 0.394079 0.269270 0.131444 0.088499 0.387154 0.191042 0.228565 0.203033 -0.336572 -0.151817 -0.054864 -0.069971 -0.066292 -0.159557 0.133289 0.244742 -0.017349 -0.054332 -0.199131 -0.245017 -0.173861 -0.435953 -0.185395 -0.150134 0.117976 0.051257 -0.182169 -0.183521 0.037647 -0.125333 -0.062649 -0.226846 -0.282631 -0.115310
-0.441399 -0.402991 -0.061293 -0.071423 0.673464 0.702561 -0.079568 -0.157905 0.358808 0.389777 -0.032952 -0.107617 -0.154590 0.017617 0.116607 0.215326 -0.008664 -0.222661 -0.062041 -0.366062 0.389493 0.314503 0.156323 0.247902 0.528057 0.550893 0.791886 1.000000 -0.017069 -0.285708 0.141033 0.256448 0.113040 0.099783 0.109307 0.142963 -0.127588 -0.116855 0.195944 0.135099 0.029878 0.170780 0.119197 0.006765 0.071386 0.135587 -0.075705 -0.014246 0.102716 -0.155503 0.183497 -0.097596 -0.158198 -0.232828 0.223592 0.267532 -0.304370 -0.231054 -0.174510 -0.254511 -0.052162 -0.230530 -0.146027 -0.221384 0.192510 0.120649 0.071932 0.184830 -0.152601 -0.188868 -0.010823 -0.228344 -0.193335 -0.088347 -0.061880 0.027223 0.114772 -0.179391 -0.033696 -0.051844 -0.132315 -0.274275 0.334502 0.175395 0.143672 0.157209 0.432396 0.192046 0.393688 0.159838 -0.345776 -0.107324 0.117512 -0.018754 0.140366 -0.161817 0.174169 0.335524 -0.105494 -0.150549 -0.211056 -0.072091 -0.304880 -0.281435 -0.094603 0.051022 0.000520 0.005583 -0.124904 -0.023435 0.188299 -0.038033 0.076893 -0.270450 0.071144 -0.119161
0.133448 -0.168474 0.014062 -0.114035 0.119956 0.032016 0.089052 -0.143030 0.156385 -0.144912 0.366812 0.114888 0.466346 0.261789 0.355406 0.214547 0.426819 0.285465 -0.040901 -0.050940 0.153586 -0.145711 -0.091637 0.112983 0.008689 -0.072247 0.008794 -0.017069 1.000000 0.369914 0.010474 0.080506 0.007974 0.216702 -0.077576 -0.159342 0.407047 0.236428 0.045731 -0.145877 0.333201 0.291921 -0.038657 -0.031290 -0.176785 -0.176345 -0.090066 -0.155210 -0.273784 -0.130610 -0.307414 -0.080512 0.024592 -0.039284 -0.014335 -0.134371 0.026614 0.018488 -0.202511 -0.358973 -0.014552 -0.202119 0.358881 0.162920 -0.156847 -0.547941 -0.264763 -0.382971 -0.203804 -0.162920 0.154139 0.302947 0.661124 0.398020 0.352601 0.508514 0.362715 0.170821 0.169306 0.136344 0.528164 0.314839 0.501775 0.335779 0.313532 -0.105840 -0.158396 -0.181411 -0.292237 -0.097461 -0.247874 0.121889 -0.025868 0.172776 -0.024253 -0.041752 -0.239700 -0.274599 -0.044998 -0.086357 -0.090852 0.221713 -0.161842 0.109063 0.004470 0.028243 -0.151762 -0.136670 0.044154 0.095368 -0.331680 -0.194294 0.147577 -0.114150 0.251157 0.115841
0.037242 0.018062 -0.118905 0.111836 -0.123216 -0.126765 -0.020167 0.181466 -0.177965 -0.083628 -0.091659 0.380025 0.074184 0.371398 0.001074 0.327255 0.115240 0.288238 -0.293901 -0.149700 0.078595 -0.070477 -0.263685 -0.056202 -0.189706 -0.133251 -0.209136 -0.285708 0.369914 1.000000 0.156463 0.154768 0.070216 0.190148 -0.175911 -0.170910 0.252414 0.087656 -0.022030 -0.074614 0.156143 0.223362 -0.044126 0.020402 0.020076 0.011991 -0.051466 -0.085180 0.020478 0.169338 0.006640 0.165647 0.216206 0.093012 -0.132091 -0.274598 0.064183 -0.029611 -0.133471 -0.202591 -0.055620 0.089717 0.188084 0.156554 -0.141350 -0.175993 -0.315693 -0.380334 -0.210562 -0.302212 0.228827 0.446298 0.372385 0.444525 0.221304 0.269834 0.044192 0.279154 0.061810 0.107012 0.181632 0.228164 -0.091769 0.316043 -0.143865 -0.254625 -0.350541 -0.063908 -0.448975 -0.236624 0.095982 -0.256066 -0.030019 -0.263669 -0.027545 0.204181 -0.254399 -0.151671 0.107201 -0.038214 0.057003 0.066332 0.115767 0.205682 0.122747 -0.028382 0.032035 -0.096333 0.070695 -0.034458 -0.305481 -0.125192 0.120102 -0.116114 -0.054172 0.034229
-0.127428 -0.171406 0.324843 0.486443 0.201375 0.042835 -0.012775 0.298567 -0.028853 -0.066258 0.027276 -0.441011 -0.104985 -0.212223 0.361650 -0.264965 0.078640 0.026803 0.209350 -0.009214 0.437410 0.284683 0.419771 0.267550 0.076390 0.422980 0.054590 0.141033 0.010474 0.156463 1.000000 0.816896 0.070481 0.192412 0.169208 0.101866 -0.025677 -0.029424 0.023520 -0.086627 -0.153798 0.358966 -0.106408 -0.196084 -0.310145 -0.224213 -0.064580 -0.124928 -0.420643 -0.264790 -0.168567 -0.334794 -0.076975 -0.106882 -0.260241 -0.173688 0.017471 -0.038779 -0.166921 -0.070215 -0.099686 0.027364 0.042746 -0.061484 0.305733 0.000092 -0.359649 -0.125305 -0.295613 -0.305633 0.052473 0.229627 0.100782 0.310807 0.197973 0.104550 0.004422 0.191312 -0.140282 0.167761 -0.069749 -0.046000 0.190594 0.230723 0.158730 -0.068535 0.182180 0.135055 -0.168366 -0.163601 -0.240097 0.061985 -0.076911 -0.067690 0.027826 0.063686 -0.169446 0.083059 -0.122519 -0.321127 -0.041197 0.092423 -0.078204 -0.129459 -0.284848 -0.167470 -0.108294 0.104733 0.174482 -0.069027 0.064848 -0.101723 -0.016232 -0.341585 0.108091 -0.223670
-0.410760 -0.397893 0.279989 0.461140 0.223006 0.115256 -0.023519 0.339854 0.009152 -0.037060 0.120225 -0.366540 -0.105542 -0.175853 0.407220 -0.245892 -0.069242 -0.138139 0.151781 -0.227836 0.466980 0.241802 0.365466 0.283047 0.102759 0.529597 0.065403 0.256448 0.080506 0.154768 0.816896 1.000000 0.042623 0.258821 0.301315 0.242806 -0.072201 -0.049580 0.066754 -0.045048 -0.156087 0.323371 0.003133 -0.111172 -0.138625 -0.043286 -0.134948 -0.125651 -0.346910 -0.240243 -0.066823 -0.295329 -0.235799 -0.247151 -0.314201 -0.220738 -0.295847 -0.311179 -0.247695 -0.085631 -0.191793 0.056013 -0.002319 -0.138215 0.411020 0.088474 -0.252025 0.019139 -0.481160 -0.411074 0.013199 0.320049 0.067364 0.263551 0.106008 0.068825 0.082924 0.313581 -0.228125 0.127737 -0.112931 -0.161333 0.242023 0.232422 0.314018 0.106629 0.277609 0.121378 -0.045095 -0.225943 -0.343416 0.093745 0.143027 -0.047951 0.041482 -0.037124 -0.184132 0.073889 -0.134312 -0.335022 -0.052811 0.015932 -0.140226 -0.199733 -0.325058 -0.188023 -0.176850 0.077335 0.079700 -0.090478 -0.023805 0.030384 0.046852 -0.288647 0.167706 -0.283207
-0.197815 -0.138871 0.231261 0.232123 0.167429 0.241648 0.078450 0.346549 0.006569 0.204055 -0.396385 -0.064416 -0.193577 0.007511 -0.265356 0.101119 0.024966 0.060465 0.035334 -0.163941 0.144983 0.100501 -0.105953 -0.041753 0.023385 0.075517 0.196933 0.113040 0.007974 0.070216 0.070481 0.042623 1.000000 0.449742 -0.303162 -0.171286 -0.040330 0.023488 -0.226289 -0.008616 -0.183933 0.053347 0.014866 0.263175 0.157250 0.227941 -0.184347 0.150626 -0.125607 0.130265 -0.196790 -0.012053 -0.429931 -0.208396 0.031505 0.110753 -0.005016 0.031009 0.008582 0.197153 -0.008407 0.158042 0.122127 0.090528 -0.087420 -0.052824 0.221136 0.049246 -0.174438 -0.053301 0.068210 0.034815 0.108749 -0.052585 0.067917 0.061288 -0.061952 0.047535 0.092729 0.181914 0.010499 0.021408 -0.014516 0.116957 -0.297951 -0.179367 -0.051429 0.104491 -0.166921 0.080508 -0.134314 -0.144663 -0.018787 -0.281246 -0.157001 0.089887 -0.041805 -0.052583 0.126746 0.121451 0.142482 -0.176009 0.143238 -0.047754 0.003278 -0.154638 0.367384 0.126475 -0.057718 -0.146827 -0.375841 0.035540 -0.052062 -0.132646 -0.203378 0.013347
-0.380651 -0.476558 0.108949 0.028637 0.254431 0.258589 0.131799 0.196467 0.412412 0.175202 -0.125533 -0.054309 -0.024361 0.088075 0.161417 0.185205 0.030196 -0.029183 0.006064 -0.196656 0.417865 0.296900 -0.032497 0.069751 0.257576 0.240300 0.095582 0.099783 0.216702 0.190148 0.192412 0.258821 0.449742 1.000000 0.151082 0.193854 0.249486 0.214300 0.022623 -0.221481 0.087922 0.346558 0.215277 0.247831 -0.040018 0.144747 0.015504 0.196688 -0.172500 -0.153548 -0.113159 -0.214449 -0.268096 -0.187292 -0.340310 -0.245021 -0.172812 -0.188489 -0.209933 -0.151741 -0.013172 0.012796 0.006873 0.038221 -0.098801 -0.228402 0.162102 0.230060 -0.119730 -0.142442 0.002095 0.354522 0.153632 0.317763 0.136426 0.355050 -0.098308 0.179424 0.064827 0.055296 0.103730 0.090378 0.072000 0.154749 0.244476 0.037525 -0.215262 -0.156221 -0.230903 -0.492415 -0.268437 -0.063955 0.302443 0.001511 0.007297 0.007202 -0.168392 0.066436 -0.220914 -0.248521 -0.166919 -0.125403 -0.253816 -0.140312 -0.309458 0.009746 -0.159779 -0.093895 -0.109703 0.046566 -0.337964 0.084768 0.239521 -0.192047 0.005508 -0.065739
-0.215590 -0.219580 0.050841 -0.098426 0.004052 0.047273 0.175431 -0.078435 0.414101 0.170215 0.192221 -0.211698 0.041675 -0.211785 0.441386 -0.097794 -0.197151 -0.356085 0.110502 -0.117993 0.187717 0.083200 0.363409 0.409499 0.293647 0.502135 -0.002723 0.109307 -0.077576 -0.175911 0.169208 0.301315 -0.303162 0.151082 1.000000 0.696538 -0.131919 -0.009243 0.013227 -0.131793 -0.111498 0.147998 0.122100 -0.170979 -0.370879 -0.177953 0.054929 -0.014799 -0.206447 -0.558399 0.108703 -0.376825 -0.177848 -0.032710 -0.456592 -0.267130 -0.269872 -0.175393 -0.351932 -0.340097 0.028321 -0.114250 -0.340916 -0.191313 0.521630 0.426805 -0.181251 0.318281 -0.052242 -0.345941 0.184626 0.064777 -0.161574 0.073054 0.037944 -0.036857 -0.068431 0.205978 -0.055518 -0.060337 -0.094489 -0.055984 -0.024894 -0.289471 0.470825 0.424782 0.137890 -0.277732 0.254750 -0.162956 -0.468602 0.114194 0.155477 0.266691 0.224426 -0.088748 -0.095800 0.211937 -0.480182 -0.455424 -0.325180 -0.162665 -0.291040 -0.312717 -0.187607 -0.006457 -0.386740 -0.278766 0.045062 0.150459 0.130871 0.078008 -0.049884 -0.006070 0.096281 -0.088874
-0.354701 -0.304136 -0.087818 -0.156751 0.094390 0.129862 0.101609 -0.034355 0.334532 0.220152 -0.008139 -0.086948 -0.021182 -0.162837 0.105098 -0.122799 -0.263448 -0.237244 -0.045165 -0.152488 0.112551 0.164150 0.190598 0.182089 0.260665 0.512596 0.047221 0.142963 -0.159342 -0.170910 0.101866 0.242806 -0.171286 0.193854 0.696538 1.000000 -0.066923 0.001321 0.130877 -0.158981 -0.055338 0.133038 0.206454 -0.017897 -0.180969 0.076632 0.010438 0.013161 -0.003297 -0.435362 0.106331 -0.188315 -0.184740 0.003401 -0.212043 -0.176697 -0.457870 -0.259729 -0.284225 -0.270191 0.112678 0.007378 -0.401387 -0.233921 0.394772 0.492122 0.060982 0.596780 -0.117569 -0.231907 0.024994 0.080266 -0.159236 0.009351 -0.022927 -0.026676 0.015990 0.312481 -0.268800 -0.276880 -0.201614 -0.313434 -0.097038 -0.391010 0.298644 0.303165 -0.024477 -0.235791 0.320665 -0.180347 -0.209693 0.133395 0.294595 0.169203 0.219203 -0.218167 0.116622 0.220248 -0.304270 -0.266840 -0.231533 -0.188947 -0.219520 -0.282117 -0.201020 0.091432 -0.420852 -0.133268 -0.041245 0.191330 0.264914 0.167802 0.120556 0.097679 0.175449 0.023505
