1.000000 0.655255 0.151021 0.092189 -0.032507 0.185091 -0.142286 -0.115864 -0.030231 -0.213448 -0.071229 -0.204591 -0.282080 -0.288312 0.314420 -0.112291 0.157896 -0.162903 0.320227 0.542653 -0.040970 0.020791 -0.040055 0.045290 -0.402937 -0.556100 -0.062904 0.164882 -0.044103 -0.496450 -0.473498 -0.543946 -0.230655 -0.044658 0.183397 -0.050214 0.138058 0.001886 0.123338 0.174154 -0.060605 0.143608 -0.169600 -0.170812 -0.419059 -0.435776 -0.074804 -0.143290 -0.336351 -0.470377 -0.161298 -0.181091 -0.208886 -0.208886 0.087789 -0.085700 0.630781 0.670372 0.403203 0.418740 0.009158 0.267781 -0.519260 -0.314502 -0.508709 -0.134628 0.326838 0.068651 0.660449 0.232634 -0.066244 -0.156716 -0.219628 0.206337 -0.028449 0.160724 0.237068 -0.077357 -0.038477 0.081163 0.104440 0.098139 0.123172 -0.018325 0.243475 0.162889 -0.261111 -0.020272 0.004782 -0.006644 0.037918 -0.195872 -0.191866 0.156550 0.239543 0.070956 0.145716 0.458933 -0.216375 -0.194115 -0.110510 0.112368 -0.019904 0.022269 0.106838 0.031769 0.225862 0.324065 0.128223 0.302572 -0.071538 0.029650 -0.103184 -0.071205 0.200399 0.053393
0.655255 1.000000 -0.060081 0.171370 -0.106856 0.030198 -0.058592 -0.099697 -0.088778 -0.238430 -0.029685 0.008894 -0.138206 -0.087142 0.239580 -0.086887 0.209093 -0.183114 0.468783 0.693093 -0.081130 -0.172823 -0.397017 -0.312859 -0.441328 -0.574469 -0.081494 -0.084235 0.033826 -0.278715 -0.323141 -0.437766 0.114377 -0.098434 -0.085882 -0.312026 0.295155 0.063159 -0.012647 0.041735 0.090293 0.074148 -0.064301 -0.098588 -0.279201 -0.335625 -0.057052 -0.029770 -0.241183 -0.275657 -0.174782 -0.073696 -0.036729 -0.139306 -0.094613 -0.058402 0.440260 0.712746 0.358511 0.431371 -0.024008 0.150574 -0.227230 0.046692 -0.582611 -0.372206 0.252833 -0.090238 0.755694 0.520240 -0.299529 -0.243054 -0.208078 0.199531 -0.054898 0.215004 0.030696 -0.281728 0.211848 0.055474 0.373537 0.353903 -0.042806 0.163513 0.064477 0.114916 -0.248351 -0.077959 -0.334559 -0.275032 0.150347 -0.087942 -0.217714 -0.076323 0.070670 -0.004410 0.194082 0.249428 -0.037394 -0.094812 -0.118962 -0.037094 -0.009570 0.003586 0.028210 -0.116838 -0.073888 -0.017976 -0.002482 0.214375 -0.162238 0.110282 -0.154507 -0.006928 -0.061216 0.064036
0.151021 -0.060081 1.000000 0.739461 0.188133 0.471310 0.348671 0.707017 0.007551 0.068895 -0.585511 -0.490806 -0.536450 -0.448100 -0.088314 -0.064745 -0.430349 -0.386035 0.627868 0.164658 0.249299 0.446366 0.499675 0.475839 0.125158 0.200859 0.204182 0.491352 -0.470958 -0.399716 -0.326095 -0.221318 -0.295657 -0.349230 0.294520 0.346907 -0.098811 0.149959 -0.117994 0.137424 0.047013 -0.108874 -0.294411 -0.267333 -0.318493 -0.146112 -0.120893 -0.161863 -0.513854 -0.465243 -0.083394 -0.216174 -0.080492 -0.109025 0.032637 -0.077598 -0.199507 -0.234506 0.058675 0.274047 -0.278279 0.001508 -0.396283 -0.376584 -0.081740 0.190204 0.344630 0.342592 0.013337 -0.038726 0.064064 -0.053655 -0.430739 -0.071385 -0.298039 -0.016152 -0.082002 0.080343 -0.491292 -0.525539 -0.320344 -0.366107 0.247706 0.030535 0.042284 0.022327 0.023293 0.117578 0.460401 0.408749 0.150056 -0.154330 0.239008 0.336930 0.189180 0.138139 0.043314 0.197368 -0.290237 0.099089 0.232351 0.186618 0.263378 -0.100961 -0.084936 -0.183419 0.113284 0.189971 0.188150 0.343148 0.059432 -0.312973 0.230271 0.139834 0.102487 0.075219
0.092189 0.171370 0.739461 1.000000 0.296826 0.499466 0.355718 0.766392 0.155040 0.208148 -0.596361 -0.352751 -0.547082 -0.211650 0.064735 0.145147 -0.443689 -0.477745 0.729941 0.421730 0.160901 0.315992 0.373504 0.359358 0.127264 0.237632 0.280099 0.392164 -0.330440 -0.232787 -0.213480 -0.027868 -0.214615 -0.376560 0.184758 0.205938 0.062939 0.157519 -0.178901 0.158946 0.262610 -0.062352 -0.278373 -0.292879 -0.312647 -0.206060 -0.125335 -0.216813 -0.599084 -0.474824 -0.289332 -0.248512 -0.002912 0.002317 -0.235346 -0.199712 -0.258749 -0.144632 -0.105149 0.168073 -0.368866 0.041710 -0.272130 -0.229991 -0.215770 0.101169 0.126269 0.113654 0.150961 0.141534 -0.087105 -0.210645 -0.331967 -0.095917 -0.247506 0.129198 0.005523 0.017480 -0.354036 -0.592275 -0.030232 -0.219761 0.414876 0.413675 -0.000823 0.024788 0.037364 0.154747 0.308224 0.332330 0.339300 0.009816 0.332820 0.254101 0.226752 0.136026 -0.113276 0.166855 -0.274667 0.126331 0.207923 0.139730 0.275448 -0.211718 -0.230129 -0.356821 -0.098422 0.002641 0.238944 0.333042 -0.178677 -0.209285 0.256635 0.313337 0.094148 0.131665
-0.032507 -0.106856 0.188133 0.296826 1.000000 0.579883 0.080541 0.258775 0.869858 0.699459 -0.407152 0.017923 -0.252180 0.051278 0.653520 0.561100 -0.156376 0.081613 0.059458 0.045086 0.373107 0.549883 0.151012 0.172656 0.509537 0.496848 0.670235 0.541865 -0.027085 0.114505 -0.092583 0.090602 -0.300949 -0.129796 0.033499 -0.023271 0.123237 0.300142 0.041371 0.359634 0.291238 0.248777 -0.236933 -0.215581 -0.292332 -0.146353 -0.253185 -0.311578 -0.404190 -0.303942 -0.270266 -0.167627 -0.186189 -0.039862 -0.269960 -0.226904 -0.113285 -0.030272 -0.351013 -0.176073 -0.133030 0.090184 -0.201082 -0.092107 -0.186736 0.174387 -0.207135 -0.056551 -0.048439 0.029819 -0.049959 -0.126913 0.102283 -0.425007 -0.281735 0.085105 0.183318 0.133107 -0.146727 -0.208950 0.049199 -0.088721 0.344760 0.447713 0.032936 0.080971 -0.182034 0.004989 0.112253 0.184671 0.284069 0.024037 0.375425 0.414860 0.305340 0.278960 -0.267186 0.053471 -0.408432 0.107502 0.351603 0.222823 0.339886 -0.130915 -0.182721 -0.250165 -0.100616 0.006786 0.220009 0.056653 -0.301742 -0.186434 0.167137 0.463559 0.295330 0.266634
0.185091 0.030198 0.471310 0.499466 0.579883 1.000000 0.024513 0.369774 0.389648 0.393329 -0.557288 -0.340631 -0.560198 -0.330404 0.255034 0.164768 -0.224906 -0.283929 0.402313 0.200639 0.435316 0.610089 0.242276 0.270069 0.326971 0.286991 0.504054 0.806176 -0.367358 -0.472844 -0.253829 -0.080043 -0.395200 -0.512865 0.131839 0.172004 0.208695 0.450461 0.278420 0.414795 0.321556 0.124653 -0.219924 -0.221748 -0.487963 -0.333360 -0.166867 -0.129713 -0.540302 -0.535252 -0.096415 -0.113117 0.047598 0.062233 -0.026044 -0.110386 -0.056539 -0.051145 -0.066668 0.209579 -0.433580 -0.059031 -0.353489 -0.273358 -0.390496 -0.101527 0.205300 0.173946 0.086106 0.099097 0.075610 0.016695 -0.346652 -0.054227 -0.228183 0.379699 0.299050 0.159559 -0.194343 -0.415742 -0.007223 -0.150911 0.540530 0.409886 0.315431 0.242614 0.120562 0.290617 0.267146 0.224962 0.059972 -0.169281 0.150364 0.277702 0.271952 0.304525 0.106678 0.239637 -0.316260 -0.033497 -0.000313 0.151285 0.166928 -0.133381 -0.140700 -0.113941 0.060155 0.047757 0.266897 0.314052 0.082577 -0.187564 0.222239 0.329528 0.173525 0.292337
-0.142286 -0.058592 0.348671 0.355718 0.080541 0.024513 1.000000 0.565497 0.000085 0.299403 -0.074187 0.125430 0.202933 0.180094 -0.133218 0.211269 -0.333922 -0.025516 0.241632 -0.104770 0.082059 0.183183 0.005176 0.189807 0.070224 0.164633 0.098634 -0.030927 -0.247428 0.115287 0.185491 0.125267 0.049353 -0.011659 -0.191516 -0.079900 -0.263684 0.019319 -0.205323 0.021954 0.032719 -0.116935 -0.373680 -0.207301 -0.145715 -0.040498 -0.154098 -0.344557 -0.148633 -0.154298 -0.180614 -0.103461 -0.208917 0.000185 -0.106455 -0.056116 -0.374209 -0.312334 -0.013962 -0.112375 0.134218 0.038028 -0.124438 0.042359 0.207749 0.209950 -0.027399 -0.046297 -0.209840 -0.041529 0.176309 -0.120369 -0.257248 -0.021522 0.051574 -0.010186 0.139632 0.284713 -0.295336 -0.360639 -0.164985 -0.302079 0.127134 0.146252 -0.407397 -0.218285 0.011459 -0.056972 -0.000732 0.109032 0.162771 -0.025638 0.396511 0.375436 0.056445 0.108858 -0.069707 0.006377 -0.199067 0.267676 0.472933 0.388760 0.444162 0.048094 0.004903 -0.301564 -0.004529 0.029145 0.154105 0.183151 -0.142292 -0.134558 0.226717 0.226362 0.077032 0.225669
-0.115864 -0.099697 0.707017 0.766392 0.258775 0.369774 0.565497 1.000000 0.076187 0.211874 -0.492440 -0.209455 -0.313750 0.054832 -0.092661 0.183725 -0.455376 -0.288777 0.430117 0.004361 0.152301 0.382835 0.272130 0.438083 0.079799 0.258907 0.243112 0.351816 -0.454356 -0.131817 -0.104547 -0.011103 -0.208482 -0.207066 0.033003 0.153522 -0.126050 0.120919 -0.104089 0.160744 0.076724 -0.100804 -0.353599 -0.327849 -0.344960 -0.165424 -0.154312 -0.286048 -0.410131 -0.389971 -0.272699 -0.158866 -0.088673 -0.050344 -0.099207 -0.190711 -0.385616 -0.384830 -0.033048 0.078865 -0.015181 0.250672 -0.211916 -0.037323 0.055374 0.454673 0.091378 0.142313 -0.171200 -0.158162 0.067734 0.012124 -0.315129 -0.104371 -0.154759 0.116495 -0.036279 0.226084 -0.495316 -0.497765 -0.212380 -0.444412 0.371307 0.265763 -0.230533 -0.123056 -0.042963 0.180836 0.314306 0.476756 0.226559 0.013349 0.472498 0.241885 0.147020 0.206455 -0.162748 0.147626 -0.247960 0.202443 0.362626 0.162138 0.353557 -0.229900 -0.194338 -0.397733 -0.029785 0.107337 0.286981 0.274980 -0.207686 -0.350328 0.280217 0.277323 0.079033 0.130513
-0.030231 -0.088778 0.007551 0.155040 0.869858 0.389648 0.000085 0.076187 1.000000 0.701723 -0.316179 0.146251 -0.256108 0.098388 0.691215 0.610618 -0.126200 0.067797 -0.088806 0.052000 0.254353 0.302634 0.154424 0.104248 0.420738 0.494518 0.495427 0.311945 0.189870 0.272044 0.035150 0.245326 -0.177378 -0.080661 0.020415 -0.077788 0.080488 0.230553 0.051677 0.212339 0.231903 0.160067 -0.233472 -0.178328 -0.246117 -0.127386 -0.237285 -0.290376 -0.324398 -0.219907 -0.253214 -0.096798 -0.118404 0.081006 -0.262144 -0.298353 -0.071296 0.002121 -0.396200 -0.198322 -0.154313 0.062095 -0.114146 -0.058455 -0.153413 0.170632 -0.335625 -0.094164 -0.062918 0.005312 -0.071292 -0.160504 0.297196 -0.398546 -0.052066 0.052717 0.237192 0.138303 -0.082664 -0.075404 0.064966 -0.034349 0.203657 0.346132 0.068628 0.131264 -0.060527 -0.007234 0.109653 0.151154 0.167240 0.008299 0.289015 0.298583 0.227662 0.122989 -0.297431 -0.033494 -0.362449 -0.021156 0.278577 0.165092 0.196691 -0.068732 -0.104685 -0.120716 -0.151948 -0.001289 0.138745 -0.077097 -0.267413 -0.201149 0.121481 0.335810 0.321435 0.146690
-0.213448 -0.238430 0.068895 0.208148 0.699459 0.393329 0.299403 0.211874 0.701723 1.000000 -0.152340 0.198563 -0.027656 0.057630 0.393646 0.821887 -0.287518 0.014236 -0.112886 -0.146580 0.260271 0.389208 0.079233 0.088211 0.662791 0.541460 0.572504 0.245835 0.014126 0.332389 0.123080 0.155758 -0.218371 -0.185138 -0.211008 -0.216159 -0.022486 0.192251 0.001669 0.231583 0.288295 0.142010 -0.223857 -0.101546 -0.195353 -0.081303 -0.073227 -0.162071 -0.174070 -0.134256 -0.242611 0.049964 -0.033135 0.147342 -0.207604 -0.098928 -0.269071 -0.244107 -0.376605 -0.238483 -0.104063 0.049361 -0.125610 -0.063149 0.035969 0.304443 -0.433310 -0.196025 -0.204508 -0.093124 -0.046533 -0.173237 0.061451 -0.522645 -0.143158 0.073814 0.218644 0.225455 -0.284027 -0.213970 -0.058679 -0.293559 0.394896 0.421902 -0.045454 -0.061559 0.152371 0.100408 0.180044 0.254126 0.120975 0.141691 0.373880 0.323394 0.144561 0.287329 -0.159816 -0.006575 -0.191616 0.208545 0.313647 0.212485 0.208789 -0.108506 -0.107132 -0.152777 -0.097996 -0.034075 0.181661 0.032322 -0.191291 -0.129620 0.287605 0.308807 0.017053 0.140804
-0.071229 -0.029685 -0.585511 -0.596361 -0.407152 -0.557288 -0.074187 -0.492440 -0.316179 -0.152340 1.000000 0.597350 0.826400 0.452290 0.025263 0.035624 0.300741 0.261922 -0.548833 -0.210065 -0.289643 -0.458575 -0.253633 -0.190241 -0.084975 -0.267866 -0.219826 -0.477227 0.289922 0.291421 0.258567 0.052960 0.234111 0.386194 -0.390825 -0.285975 -0.204039 -0.334973 -0.197738 -0.437172 -0.263083 -0.036701 0.125730 0.171771 0.235320 0.132300 -0.035065 0.049679 0.457715 0.272389 0.189293 0.085154 -0.096996 -0.154207 0.325601 0.075034 0.110163 -0.027607 -0.006013 -0.296803 0.475808 -0.073921 0.331375 0.242012 0.315201 0.005537 -0.306810 -0.203856 -0.045263 0.133508 -0.283599 -0.138935 0.122533 0.055818 0.336281 -0.163756 0.016780 -0.152067 0.254156 0.353193 -0.045458 0.017507 -0.229991 -0.264454 -0.100694 -0.050155 0.021928 -0.294749 -0.092202 -0.108876 -0.229732 0.068817 0.021125 -0.212058 -0.447931 -0.271744 0.127857 -0.274014 0.288812 -0.083917 -0.118095 -0.165054 -0.337251 0.096224 0.206681 0.119709 -0.093109 -0.165991 -0.220167 -0.320207 0.166093 0.092034 -0.345183 -0.159406 -0.383734 -0.271931
-0.204591 0.008894 -0.490806 -0.352751 0.017923 -0.340631 0.125430 -0.209455 0.146251 0.198563 0.597350 1.000000 0.561265 0.673276 0.245686 0.302063 0.028516 0.206487 -0.542427 -0.312506 -0.048903 -0.213332 -0.274682 -0.097783 0.184193 0.002046 0.139797 -0.266585 0.334898 0.434758 0.339358 0.283852 0.112706 0.156677 -0.485834 -0.345074 -0.065299 -0.066283 -0.026459 -0.116143 -0.025549 0.051003 -0.115982 -0.012522 0.087851 0.057490 -0.061475 -0.130453 0.290971 0.176648 0.060587 0.219083 -0.024239 0.101553 0.107510 0.046575 -0.081652 -0.188631 -0.115036 -0.297793 0.306896 -0.042897 0.227277 0.341717 0.151854 0.106926 -0.467375 -0.370587 -0.220497 -0.056624 -0.202441 -0.048837 0.149206 -0.192173 0.077733 -0.158842 0.088970 0.006860 0.105999 0.164850 -0.042160 -0.065453 0.024654 0.200127 -0.193617 0.086583 -0.007553 -0.029786 -0.215620 -0.112707 -0.111567 -0.061703 0.187416 -0.090175 -0.213082 -0.071647 0.047554 -0.172332 0.059088 0.052247 0.119642 -0.102091 -0.104802 -0.009786 0.061166 -0.106983 -0.227285 -0.104566 -0.060085 -0.253886 0.032341 -0.012201 -0.204511 -0.122719 -0.154881 -0.092357
-0.282080 -0.138206 -0.536450 -0.547082 -0.252180 -0.560198 0.202933 -0.313750 -0.256108 -0.027656 0.826400 0.561265 1.000000 0.602667 -0.079543 0.135490 0.209665 0.374273 -0.516280 -0.329787 -0.177363 -0.392888 -0.394319 -0.245688 0.001386 -0.118689 -0.120280 -0.476526 0.190210 0.473349 0.392596 0.131043 0.274441 0.429907 -0.528039 -0.390635 -0.264943 -0.279784 -0.233407 -0.362952 -0.230508 0.023131 0.046256 0.107089 0.274874 0.220401 -0.135530 -0.080950 0.525292 0.372623 0.055244 0.088865 -0.149866 -0.156181 0.145928 0.073819 -0.012503 -0.125509 -0.025711 -0.416280 0.633648 0.022324 0.434363 0.407648 0.467629 0.107596 -0.371141 -0.282613 -0.174384 0.064380 -0.105621 -0.051529 0.199459 0.072372 0.301640 -0.138580 -0.082523 -0.087612 0.246770 0.288984 -0.008201 0.033797 -0.292026 -0.199517 -0.371862 -0.173908 -0.143991 -0.382533 -0.265125 -0.131691 -0.130582 0.134968 0.086823 -0.106595 -0.462992 -0.227502 -0.014671 -0.403240 0.211268 0.054144 0.157697 0.006020 -0.071165 0.172447 0.149771 0.033571 -0.105953 -0.224821 -0.254937 -0.354855 -0.020275 0.051216 -0.249767 -0.090429 -0.411412 -0.158423
-0.288312 -0.087142 -0.448100 -0.211650 0.051278 -0.330404 0.180094 0.054832 0.098388 0.057630 0.452290 0.673276 0.602667 1.000000 0.086723 0.305306 0.150732 0.262474 -0.447618 -0.280559 -0.098310 -0.327676 -0.340077 -0.124876 0.056632 0.022487 -0.032622 -0.339866 0.186072 0.365320 0.438476 0.391853 0.112239 0.276067 -0.331756 -0.181612 -0.220868 -0.189922 -0.137826 -0.150718 -0.237675 -0.055931 -0.208237 -0.133485 0.019943 0.028288 -0.288518 -0.294296 0.223185 0.127009 -0.044333 -0.022907 -0.118499 -0.041228 -0.117579 -0.305345 -0.063968 -0.146268 -0.141720 -0.402103 0.544971 0.225189 0.361852 0.469659 0.390720 0.324848 -0.454797 -0.203212 -0.199084 0.024489 0.024217 -0.010551 0.211590 0.059301 0.269253 -0.075080 -0.095021 -0.029930 0.233427 0.040855 0.009180 -0.068775 -0.116957 0.094691 -0.357119 -0.099315 -0.233645 -0.266263 -0.191204 -0.015551 0.031656 0.129522 0.330228 0.003536 -0.268556 -0.339939 -0.343941 -0.381172 -0.098692 -0.060203 0.208820 0.020434 -0.008140 0.031892 -0.059214 -0.054618 -0.246119 -0.182775 -0.264120 -0.381235 -0.213019 -0.095033 -0.201032 0.143826 -0.028677 -0.158336
0.314420 0.239580 -0.088314 0.064735 0.653520 0.255034 -0.133218 -0.092661 0.691215 0.393646 0.025263 0.245686 -0.079543 0.086723 1.000000 0.449234 0.007397 0.076022 -0.069695 0.244511 0.217198 0.234485 0.098781 0.220113 0.173192 0.136412 0.559181 0.375815 0.349794 0.110872 -0.107357 -0.018385 -0.114800 0.145140 0.041321 -0.106692 0.267299 0.180661 0.020788 0.184830 0.191095 0.277892 -0.107962 -0.026061 -0.246415 -0.165058 -0.151767 -0.217916 -0.471356 -0.400191 -0.276803 -0.292646 -0.307735 -0.170188 -0.134016 -0.182763 0.087187 0.289875 -0.334446 -0.247876 -0.041315 0.141380 -0.318947 -0.194261 -0.320001 0.030148 -0.211114 -0.128185 0.212911 0.152104 -0.355110 -0.292936 0.216824 -0.296502 -0.117308 0.025254 0.355662 0.081502 -0.011651 0.095419 0.168127 0.081904 0.350740 0.386079 0.309493 0.271618 -0.360182 -0.161290 0.175963 0.039410 0.097412 -0.231713 0.141030 0.204390 0.283813 0.207801 -0.180477 0.246028 -0.385775 -0.193748 0.121964 -0.021934 0.087835 -0.300018 -0.198301 -0.342479 -0.102768 0.175540 0.263282 0.107792 -0.166273 -0.127747 -0.149300 0.235744 0.332099 0.105840
-0.112291 -0.086887 -0.064745 0.145147 0.561100 0.164768 0.211269 0.183725 0.610618 0.821887 0.035624 0.302063 0.135490 0.305306 0.449234 1.000000 -0.159596 0.105609 -0.162078 -0.035271 0.140187 0.111237 -0.021574 0.017898 0.439992 0.328765 0.377693 0.049497 0.201717 0.369048 0.054063 0.071352 -0.137938 0.020745 -0.256546 -0.321121 -0.030712 0.074249 -0.169783 0.069223 0.165143 0.085952 -0.164951 -0.076420 -0.192560 -0.134927 -0.101191 -0.171200 -0.089979 -0.107803 -0.334941 -0.008502 -0.073481 0.061778 -0.191607 -0.266622 -0.149637 -0.127807 -0.322319 -0.332989 0.208566 0.319805 -0.064233 0.023208 0.094425 0.449156 -0.580932 -0.318024 -0.075958 -0.030431 -0.071352 -0.199039 0.195226 -0.390320 -0.014727 0.152101 0.201762 0.304527 -0.176205 -0.145065 0.065480 -0.235773 0.322611 0.448481 -0.160370 -0.155578 -0.080627 -0.011346 0.161238 0.294262 0.180830 0.208658 0.347987 0.129056 -0.070513 0.109137 -0.330937 -0.050012 -0.178558 0.113171 0.327807 0.029980 0.117618 -0.208775 -0.198434 -0.212946 -0.222441 -0.067474 0.029449 -0.021025 -0.383250 -0.122743 0.092066 0.264912 -0.090047 -0.074085
0.157896 0.209093 -0.430349 -0.443689 -0.156376 -0.224906 -0.333922 -0.455376 -0.126200 -0.287518 0.300741 0.028516 0.209665 0.150732 0.007397 -0.159596 1.000000 0.568699 -0.188626 0.075211 -0.223034 -0.454305 -0.336911 -0.434131 -0.314265 -0.412676 -0.334628 -0.298454 0.290915 -0.057535 -0.102960 -0.146169 0.271269 0.232798 -0.031635 -0.083001 0.260150 0.003662 0.125700 -0.089630 -0.062363 0.054643 -0.032293 -0.084922 0.068065 -0.029765 -0.198915 0.028894 0.188126 0.139743 -0.105651 -0.141745 -0.088556 -0.197055 -0.016830 -0.142691 0.580264 0.494679 0.125199 -0.075848 0.209270 -0.061579 0.311063 0.268147 -0.001109 -0.122987 -0.000441 -0.083090 0.229959 0.172389 -0.052852 -0.140332 0.290418 0.206189 0.266944 0.103433 -0.029963 -0.170461 0.580027 0.498068 0.453511 0.564421 -0.257811 -0.215361 0.015148 -0.019549 -0.121561 -0.080432 -0.314902 -0.230739 -0.324331 0.242399 -0.337916 -0.099065 -0.242049 -0.169356 -0.104763 -0.164835 0.115294 -0.067339 -0.106086 0.071784 -0.031946 0.349921 0.225778 0.388254 0.130633 -0.028466 -0.224439 -0.230104 -0.020985 0.169779 -0.020867 0.083871 -0.044274 -0.101042
-0.162903 -0.183114 -0.386035 -0.477745 0.081613 -0.283929 -0.025516 -0.288777 0.067797 0.014236 0.261922 0.206487 0.374273 0.262474 0.076022 0.105609 0.568699 1.000000 -0.455124 -0.291640 -0.077837 -0.196040 -0.243241 -0.310620 -0.128059 -0.049827 -0.143681 -0.217135 0.401236 0.288744 0.020136 0.029850 0.279633 0.482692 0.004263 0.041730 0.072451 0.099319 -0.003043 -0.013249 0.067696 0.180725 0.099793 0.069112 0.319772 0.310725 -0.007731 -0.023085 0.370247 0.346214 -0.193331 -0.008921 -0.143860 -0.031035 -0.053070 -0.049210 0.185807 0.113833 -0.074072 -0.426641 0.330946 0.066380 0.176794 0.349331 0.183261 0.257095 -0.316559 -0.306605 -0.169170 -0.192838 0.111577 -0.031144 0.479697 -0.039774 0.014262 -0.038685 0.174795 0.202351 0.319701 0.516713 0.303452 0.396516 -0.163488 -0.065281 -0.205564 -0.267826 -0.291145 -0.239248 -0.297700 -0.240058 -0.106421 0.139296 -0.089584 -0.025072 -0.104145 0.013928 -0.287105 -0.159395 -0.010854 0.173571 0.201313 0.064318 0.102422 0.106513 -0.031872 0.098130 0.044231 -0.020771 -0.101257 -0.228359 -0.155587 0.320719 0.040847 0.032980 -0.055836 0.001151
0.320227 0.468783 0.627868 0.729941 0.059458 0.402313 0.241632 0.430117 -0.088806 -0.112886 -0.548833 -0.542427 -0.516280 -0.447618 -0.069695 -0.162078 -0.188626 -0.455124 1.000000 0.670496 0.201350 0.165115 0.090946 0.007151 -0.165022 -0.086157 0.038788 0.255494 -0.251098 -0.415334 -0.342206 -0.265955 -0.072204 -0.426270 0.201467 0.095078 0.162245 0.190743 -0.172743 0.073098 0.275235 -0.074988 -0.085617 -0.141286 -0.213991 -0.209823 -0.020192 -0.042524 -0.458898 -0.347235 -0.139058 -0.122469 -0.002679 -0.049267 -0.252623 -0.074814 -0.063144 0.194555 0.152090 0.420247 -0.441921 -0.056835 -0.320808 -0.271700 -0.430744 -0.281834 0.381326 0.114914 0.461568 0.385234 0.010611 -0.170471 -0.396736 0.211074 -0.176671 0.196973 -0.082874 -0.093569 -0.126271 -0.485600 0.134824 0.072650 0.166609 0.203988 0.056064 -0.001203 -0.011827 0.045011 0.023684 0.009143 0.314454 0.002661 -0.045793 0.144773 0.101526 0.008521 0.054386 0.142979 -0.108557 0.119613 0.120093 0.137769 0.252678 0.000935 -0.100432 -0.198300 -0.122076 -0.106414 0.012939 0.282284 -0.134855 0.008531 0.251439 0.227797 0.070078 0.132844
0.542653 0.693093 0.164658 0.421730 0.045086 0.200639 -0.104770 0.004361 0.052000 -0.146580 -0.210065 -0.312506 -0.329787 -0.280559 0.244511 -0.035271 0.075211 -0.291640 0.670496 1.000000 0.061745 -0.050028 -0.034819 -0.102579 -0.315043 -0.336984 0.006802 0.048984 -0.003726 -0.286454 -0.348095 -0.307499 -0.003358 -0.117615 0.164124 -0.049401 0.279658 0.131403 -0.100911 -0.029839 0.181860 0.127618 -0.100380 -0.157671 -0.250148 -0.284954 -0.130879 -0.095012 -0.407686 -0.348653 -0.211021 -0.253685 -0.015633 -0.172797 -0.206222 -0.200587 0.197501 0.457418 0.184922 0.333111 -0.268585 0.023227 -0.240104 -0.182477 -0.517351 -0.303008 0.288200 0.046812 0.758338 0.590219 -0.291081 -0.277313 -0.179853 0.202433 -0.013205 0.231200 0.061447 -0.216285 0.013795 -0.048468 0.335654 0.361521 0.051802 0.164937 0.116048 0.070864 -0.062334 -0.092201 -0.080940 -0.074685 0.210777 0.042920 -0.142461 0.019486 0.006587 -0.104252 0.012966 0.134840 -0.141764 -0.214136 -0.065125 -0.008227 0.024580 0.015354 0.042678 -0.005449 -0.009814 -0.009116 -0.050502 0.117066 -0.117220 0.006286 -0.140996 0.062574 0.030220 -0.083755
-0.040970 -0.081130 0.249299 0.160901 0.373107 0.435316 0.082059 0.152301 0.254353 0.260271 -0.289643 -0.048903 -0.177363 -0.098310 0.217198 0.140187 -0.223034 -0.077837 0.201350 0.061745 1.000000 0.508181 -0.095191 0.072005 0.223892 0.190838 0.499852 0.443130 0.096501 -0.035570 0.024075 -0.025029 -0.256689 -0.370657 0.143497 0.104976 0.258367 0.377523 0.087768 0.285669 0.376980 0.288261 -0.014967 -0.080950 -0.002215 0.112611 -0.009001 -0.116639 -0.174645 -0.036413 -0.096061 0.089181 0.119957 0.131160 -0.203341 -0.088089 -0.158857 -0.118067 -0.073119 0.010803 -0.223802 -0.042486 -0.260690 -0.177442 -0.251499 -0.004212 -0.031576 -0.011787 0.071103 0.066943 0.282693 0.312521 -0.027622 0.211394 -0.240867 0.132058 0.165346 0.029130 -0.117385 -0.381506 0.004310 0.019633 0.371454 0.298457 0.010465 -0.051549 -0.097298 0.038152 0.039544 -0.002040 0.036132 -0.172047 -0.027393 0.195217 0.061116 0.092772 -0.064382 -0.053322 -0.193458 0.067293 0.152336 0.082205 0.123890 -0.102014 -0.211718 -0.170386 -0.169639 -0.122064 -0.047068 0.228383 -0.008866 -0.051902 0.095031 0.171161 0.138772 0.012956
0.020791 -0.172823 0.446366 0.315992 0.549883 0.610089 0.183183 0.382835 0.302634 0.389208 -0.458575 -0.213332 -0.392888 -0.327676 0.234485 0.111237 -0.454305 -0.196040 0.165115 -0.050028 0.508181 1.000000 0.226214 0.359209 0.370292 0.317805 0.568432 0.652481 -0.376756 -0.205388 -0.173367 -0.103678 -0.441615 -0.243540 0.201031 0.198346 0.065939 0.323424 0.276815 0.593031 0.197845 0.250551 -0.043716 -0.041278 -0.223252 -0.071451 0.104035 -0.057482 -0.410185 -0.292674 -0.025005 -0.077717 -0.054460 -0.045751 0.005590 0.222228 -0.254454 -0.200753 -0.142946 0.070720 -0.315054 -0.097673 -0.500113 -0.443379 -0.267216 0.069151 0.184786 0.192291 -0.083743 -0.109452 0.146992 0.206197 -0.343986 -0.293068 -0.489503 0.004905 0.161921 0.187042 -0.431305 -0.371404 -0.315808 -0.358082 0.437987 0.291671 0.015324 0.043646 -0.011940 0.229547 0.207141 0.169794 0.210862 -0.191516 0.243603 0.387770 0.522585 0.447587 0.160540 0.420396 -0.255116 0.193797 0.129851 0.197411 0.251956 -0.169949 -0.118368 -0.189476 0.148092 0.255982 0.359457 0.428238 0.092809 -0.071158 0.202171 0.143720 0.306067 0.252840
-0.040055 -0.397017 0.499675 0.373504 0.151012 0.242276 0.005176 0.272130 0.154424 0.079233 -0.253633 -0.274682 -0.394319 -0.340077 0.098781 -0.021574 -0.336911 -0.243241 0.090946 -0.034819 -0.095191 0.226214 1.000000 0.670352 0.264472 0.395847 0.096517 0.399074 -0.173966 -0.172020 -0.216635 0.112370 -0.206308 -0.086930 0.256397 0.291726 -0.182173 0.059833 -0.069420 0.018470 -0.150498 -0.193199 -0.245498 -0.244879 -0.244335 -0.193863 -0.112634 -0.149951 -0.353768 -0.345347 -0.011276 -0.332173 -0.195977 -0.161897 0.030703 -0.136789 -0.243975 -0.320153 -0.252707 -0.031055 -0.246335 -0.148177 -0.084044 -0.341908 0.214041 0.114480 0.128029 0.376689 -0.259678 -0.125959 -0.058380 -0.195363 -0.166582 -0.325174 -0.138141 -0.145413 0.006461 0.145693 -0.291336 -0.149625 -0.359814 -0.335482 0.239463 -0.048497 0.325231 0.177930 0.291087 0.159633 0.704823 0.470594 0.072704 -0.011393 0.386599 0.231040 0.161594 0.044943 -0.123256 0.157872 -0.187142 -0.064535 0.047259 0.075302 0.085384 -0.072710 0.013722 -0.025724 0.134200 0.186300 0.154841 0.047701 0.193490 -0.351915 -0.017876 0.072547 0.257571 0.075426
0.045290 -0.312859 0.475839 0.359358 0.172656 0.270069 0.189807 0.438083 0.104248 0.088211 -0.190241 -0.097783 -0.245688 -0.124876 0.220113 0.017898 -0.434131 -0.310620 0.007151 -0.102579 0.072005 0.359209 0.670352 1.000000 0.246475 0.311010 0.385862 0.555087 -0.263433 -0.157693 0.002482 0.104440 -0.292967 0.021704 0.146031 0.209142 -0.149754 0.007513 0.091317 0.122673 -0.117436 0.040731 -0.398128 -0.249348 -0.454361 -0.356717 -0.195376 -0.255425 -0.489886 -0.586615 -0.003786 -0.387681 -0.201052 -0.193772 0.167734 -0.157905 -0.230634 -0.281322 -0.155815 -0.051487 -0.042458 0.048010 -0.252595 -0.289275 0.161439 0.222814 0.176236 0.355091 -0.252672 -0.342625 -0.078821 0.012426 -0.209431 -0.166035 -0.046627 -0.028407 0.197877 0.358400 -0.518585 -0.124461 -0.457174 -0.507053 0.462230 0.133402 0.214723 0.303117 0.120238 0.198109 0.656322 0.499413 -0.074219 -0.247911 0.378495 0.222552 0.186886 0.269724 -0.046223 0.317474 -0.303791 -0.252451 -0.054630 -0.042987 0.024156 -0.247697 0.002934 -0.210025 0.190230 0.463816 0.342847 0.238372 0.192719 -0.537209 -0.085655 -0.018224 0.259270 0.039290
-0.402937 -0.441328 0.125158 0.127264 0.509537 0.326971 0.070224 0.079799 0.420738 0.662791 -0.084975 0.184193 0.001386 0.056632 0.173192 0.439992 -0.314265 -0.128059 -0.165022 -0.315043 0.223892 0.370292 0.264472 0.246475 1.000000 0.699551 0.598297 0.325250 -0.065232 0.165108 0.235315 0.277481 -0.182118 -0.326814 -0.135318 -0.047700 -0.120378 0.079307 -0.021798 0.112486 0.183782 0.044141 -0.195725 0.007450 -0.105595 -0.022307 -0.141069 -0.042864 -0.130605 -0.094691 0.187405 0.017210 0.058212 0.160076 -0.179930 -0.058177 -0.406590 -0.438543 -0.442445 -0.238341 -0.228846 -0.287832 0.121885 -0.040704 0.231514 -0.020541 -0.222068 0.117408 -0.373922 -0.044087 -0.000785 -0.172555 -0.101572 -0.510172 -0.283621 -0.194178 -0.082556 -0.009318 -0.092857 -0.265125 -0.206172 -0.293564 0.284765 0.358382 0.119791 0.256798 0.262635 0.004128 0.183053 0.090799 0.050818 0.067912 0.295726 0.240470 0.004301 0.188775 -0.125740 -0.131551 -0.234122 0.050859 0.082629 0.134509 0.103026 -0.068838 -0.143348 -0.056529 -0.140929 -0.109784 0.024396 -0.076632 0.127290 -0.188746 0.083943 0.175259 0.011431 0.155151
-0.556100 -0.574469 0.200859 0.237632 0.496848 0.286991 0.164633 0.258907 0.494518 0.541460 -0.267866 0.002046 -0.118689 0.022487 0.136412 0.328765 -0.412676 -0.049827 -0.086157 -0.336984 0.190838 0.317805 0.395847 0.311010 0.699551 1.000000 0.348702 0.315352 0.060770 0.355605 0.442026 0.598910 0.015754 -0.130126 0.050533 0.098282 -0.149019 0.056669 -0.130237 -0.006952 0.259049 -0.005817 -0.185479 0.002567 0.012689 0.107157 -0.154278 -0.143550 -0.218779 -0.096921 0.067220 -0.107924 0.009440 0.108230 -0.198229 -0.104252 -0.533367 -0.535485 -0.613370 -0.413253 -0.265751 -0.201839 0.203839 0.060119 0.346699 0.146229 -0.290426 0.139438 -0.529759 -0.128788 0.026337 -0.171799 0.213375 -0.409092 -0.065436 -0.166274 -0.006864 0.135496 -0.050893 -0.214381 -0.123862 -0.220568 0.128194 0.205861 0.084594 0.209786 0.213595 -0.057417 0.271562 0.168916 0.106481 -0.064416 0.278032 0.054564 0.016569 0.069779 -0.253482 -0.248077 -0.232813 0.055069 0.181584 0.044465 0.141121 -0.170355 -0.246539 -0.194364 -0.255014 -0.201261 0.008911 -0.160038 -0.001433 -0.286338 0.172595 0.245457 0.152564 0.072487
-0.062904 -0.081494 0.204182 0.280099 0.670235 0.504054 0.098634 0.243112 0.495427 0.572504 -0.219826 0.139797 -0.120280 -0.032622 0.559181 0.377693 -0.334628 -0.143681 0.038788 0.006802 0.499852 0.568432 0.096517 0.385862 0.598297 0.348702 1.000000 0.655724 -0.091593 0.078304 -0.074702 -0.057976 -0.317602 -0.205827 -0.183673 -0.080366 0.129764 0.229366 0.098687 0.345404 0.300348 0.321266 -0.157576 -0.054519 -0.226503 -0.069017 -0.129714 -0.216508 -0.347012 -0.284287 -0.065817 -0.032969 -0.044381 0.049770 -0.202743 -0.054792 -0.296514 -0.204004 -0.219016 -0.058657 -0.174594 -0.051432 -0.265841 -0.120560 -0.200029 -0.006875 -0.031506 0.016975 -0.065954 -0.019026 -0.184617 -0.088003 -0.127731 -0.416674 -0.403079 -0.009449 0.164027 0.059818 -0.299361 -0.217679 -0.114237 -0.226932 0.639896 0.584185 0.146487 0.197243 -0.102701 0.114897 0.121632 0.103885 0.059502 -0.119315 0.228926 0.316524 0.287502 0.490307 -0.066968 0.230486 -0.323165 0.000841 0.184819 0.026106 0.282352 -0.284978 -0.215952 -0.357179 -0.056789 0.112959 0.440372 0.294553 0.010956 -0.211369 0.028546 0.221215 0.140498 0.330069
0.164882 -0.084235 0.491352 0.392164 0.541865 0.806176 -0.030927 0.351816 0.311945 0.245835 -0.477227 -0.266585 -0.476526 -0.339866 0.375815 0.049497 -0.298454 -0.217135 0.255494 0.048984 0.443130 0.652481 0.399074 0.555087 0.325250 0.315352 0.655724 1.000000 -0.287407 -0.399619 -0.278266 -0.113772 -0.328107 -0.288843 0.091473 0.163938 0.171813 0.406687 0.283730 0.451747 0.266565 0.192001 -0.223472 -0.198097 -0.454290 -0.325083 -0.144906 -0.196502 -0.554100 -0.579041 0.010938 -0.220620 -0.063459 -0.063491 0.027453 -0.010760 -0.122640 -0.121274 -0.145622 0.051503 -0.314228 -0.065029 -0.366179 -0.283712 -0.234231 -0.044222 0.262394 0.285693 -0.070987 -0.108782 -0.072003 -0.024653 -0.266016 -0.194235 -0.299104 0.221802 0.287147 0.218236 -0.291584 -0.230545 -0.167026 -0.240391 0.624322 0.368195 0.440191 0.420335 0.011340 0.282371 0.375867 0.258066 -0.045466 -0.304942 0.124648 0.235200 0.345319 0.439330 0.111687 0.411949 -0.330683 -0.099225 0.015270 0.046448 0.205481 -0.248983 -0.135676 -0.254468 0.105541 0.223207 0.437478 0.355091 0.170388 -0.319600 0.058297 0.198588 0.277334 0.333859
-0.044103 0.033826 -0.470958 -0.330440 -0.027085 -0.367358 -0.247428 -0.454356 0.189870 0.014126 0.289922 0.334898 0.190210 0.186072 0.349794 0.201717 0.290915 0.401236 -0.251098 -0.003726 0.096501 -0.376756 -0.173966 -0.263433 -0.065232 0.060770 -0.091593 -0.287407 1.000000 0.493885 0.272793 0.215947 0.377140 0.240509 0.090437 -0.054723 0.281101 0.013749 -0.169965 -0.237272 0.295779 0.106322 0.249232 0.217944 0.416166 0.300874 0.097538 0.022468 0.213096 0.349828 -0.163723 0.047379 -0.088740 0.104866 -0.236217 -0.089172 0.056821 0.190179 -0.368382 -0.420211 -0.003216 -0.087414 0.188079 0.113051 0.014721 -0.095798 -0.504438 -0.383464 0.028565 0.006194 -0.065805 -0.152299 0.723163 0.032682 0.143001 -0.195894 0.250905 0.063664 0.389915 0.306234 0.526955 0.502265 0.039774 0.214401 0.084509 0.030043 -0.210683 -0.320246 -0.230457 -0.358126 -0.048242 -0.029171 -0.298471 -0.182202 -0.145072 -0.143915 -0.315865 -0.173014 -0.030400 -0.056048 0.019438 -0.170076 -0.118686 -0.101655 -0.171944 -0.088890 -0.341764 -0.197462 -0.220564 -0.102885 -0.201828 0.281658 -0.161803 -0.116566 0.117583 -0.195328
-0.496450 -0.278715 -0.399716 -0.232787 0.114505 -0.472844 0.115287 -0.131817 0.272044 0.332389 0.291421 0.434758 0.473349 0.365320 0.110872 0.369048 -0.057535 0.288744 -0.415334 -0.286454 -0.035570 -0.205388 -0.172020 -0.157693 0.165108 0.355605 0.078304 -0.399619 0.493885 1.000000 0.486268 0.387061 0.218564 0.358321 -0.306702 -0.274443 -0.161423 -0.214478 -0.311981 -0.288538 0.082928 0.171915 0.135150 0.161489 0.442980 0.436773 0.015296 -0.071778 0.365708 0.486747 -0.218746 0.137358 -0.076643 0.009727 -0.225106 -0.013770 -0.256662 -0.214639 -0.371382 -0.458652 0.230407 -0.025130 0.404276 0.364780 0.337593 0.252172 -0.587503 -0.372856 -0.307842 -0.124014 -0.172383 -0.081731 0.638719 -0.305088 0.187771 -0.261601 -0.050598 0.003478 0.083751 0.249393 0.108040 0.077563 -0.147821 0.056602 -0.400309 -0.228184 -0.103692 -0.257180 -0.227997 -0.091230 0.102073 0.212858 0.160472 -0.093322 -0.220921 -0.088129 -0.255774 -0.410577 0.116308 0.194215 0.290066 -0.061602 0.070089 0.044946 -0.024187 -0.117753 -0.316796 -0.244216 -0.107326 -0.194558 -0.213417 0.046223 -0.063384 -0.066278 -0.150761 -0.157678
-0.473498 -0.323141 -0.326095 -0.213480 -0.092583 -0.253829 0.185491 -0.104547 0.035150 0.123080 0.258567 0.339358 0.392596 0.438476 -0.107357 0.054063 -0.102960 0.020136 -0.342206 -0.348095 0.024075 -0.173367 -0.216635 0.002482 0.235315 0.442026 -0.074702 -0.278266 0.272793 0.486268 1.000000 0.790634 0.241872 0.188599 -0.085497 -0.021529 -0.067365 -0.036270 0.009711 -0.182817 0.036456 0.111317 -0.097277 0.113942 0.192157 0.187673 -0.133206 -0.083465 0.092479 0.127699 0.052280 -0.070847 -0.014192 0.055229 -0.013241 -0.057316 -0.270255 -0.291131 -0.339033 -0.393422 0.093278 -0.103259 0.415711 0.315808 0.425880 -0.009263 -0.305761 -0.069481 -0.440723 -0.148165 0.045024 0.144002 0.354252 0.173845 0.373568 -0.112133 0.079225 0.051511 0.104404 0.032295 -0.024537 -0.009304 -0.191406 -0.022361 -0.186295 0.065264 0.142883 -0.244813 -0.097319 -0.170727 -0.161273 -0.140174 0.055854 -0.069438 -0.201253 -0.161793 -0.130352 -0.419173 -0.037081 -0.180006 -0.099542 0.026408 -0.176278 0.059195 0.006975 0.065299 -0.151045 -0.094615 -0.240468 -0.266696 0.113298 -0.144792 -0.010923 -0.059533 0.044696 -0.170290
-0.543946 -0.437766 -0.221318 -0.027868 0.090602 -0.080043 0.125267 -0.011103 0.245326 0.155758 0.052960 0.283852 0.131043 0.391853 -0.018385 0.071352 -0.146169 0.029850 -0.265955 -0.307499 -0.025029 -0.103678 0.112370 0.104440 0.277481 0.598910 -0.057976 -0.113772 0.215947 0.387061 0.790634 1.000000 0.226939 0.167592 0.058367 0.126710 -0.044894 0.036167 0.045362 -0.083213 0.046799 -0.008251 -0.148404 -0.008528 0.115673 0.102558 -0.147621 -0.138539 -0.055302 0.034700 0.012421 -0.147135 -0.072232 0.087602 -0.041057 -0.077389 -0.337672 -0.370249 -0.466911 -0.438513 -0.102918 -0.191261 0.391699 0.183343 0.399050 0.030452 -0.313674 -0.038101 -0.522997 -0.199588 0.085076 0.077442 0.356268 0.041985 0.302781 -0.068623 0.058009 0.134244 0.106601 -0.070963 -0.073833 -0.012249 -0.106740 0.052133 -0.049554 0.115398 0.218469 -0.058371 0.062031 -0.015467 -0.118741 -0.091781 0.227622 -0.046947 -0.102045 -0.244068 -0.198436 -0.345580 -0.100514 -0.090883 0.006842 0.040286 -0.092716 0.079795 0.004389 0.028679 -0.187602 -0.122166 -0.179060 -0.388744 0.112201 -0.157179 0.099395 0.050445 0.198465 0.007873
-0.230655 0.114377 -0.295657 -0.214615 -0.300949 -0.395200 0.049353 -0.208482 -0.177378 -0.218371 0.234111 0.112706 0.274441 0.112239 -0.114800 -0.137938 0.271269 0.279633 -0.072204 -0.003358 -0.256689 -0.441615 -0.206308 -0.292967 -0.182118 0.015754 -0.317602 -0.328107 0.377140 0.218564 0.241872 0.226939 1.000000 0.401510 -0.038571 -0.175284 0.106788 0.011052 -0.190778 -0.361938 0.009553 -0.185545 0.097892 0.124408 0.277375 0.191368 -0.134680 0.073920 0.105270 0.267538 -0.084537 -0.218874 -0.170188 -0.112714 -0.128383 0.079313 -0.040401 0.091560 -0.303216 -0.406910 0.055813 -0.170390 0.447323 0.334026 0.348838 -0.171484 -0.150991 -0.074771 -0.037325 0.023483 -0.218692 -0.255640 0.368495 0.132757 0.318635 -0.121316 0.013394 -0.024250 0.313536 0.306553 0.399048 0.468465 -0.249520 -0.044989 0.066976 0.168589 0.055665 -0.313704 -0.184934 -0.288996 -0.176840 0.027620 -0.252913 -0.228949 -0.274085 0.028378 -0.079009 -0.144400 0.146373 0.001885 0.022587 -0.039101 0.010390 0.104994 0.034916 -0.055352 -0.207088 -0.169642 -0.084779 -0.152682 -0.005261 0.173571 -0.107592 -0.134776 -0.155665 0.041140
-0.044658 -0.098434 -0.349230 -0.376560 -0.129796 -0.512865 -0.011659 -0.207066 -0.080661 -0.185138 0.386194 0.156677 0.429907 0.276067 0.145140 0.020745 0.232798 0.482692 -0.426270 -0.117615 -0.370657 -0.243540 -0.086930 0.021704 -0.326814 -0.130126 -0.205827 -0.288843 0.240509 0.358321 0.188599 0.167592 0.401510 1.000000 0.069119 0.056512 -0.063202 -0.169308 -0.057028 -0.155158 -0.226048 0.198361 0.069700 0.100673 0.177366 0.194713 -0.099681 -0.111731 0.127352 0.143509 -0.183349 -0.339915 -0.384596 -0.389626 0.090690 0.027016 0.075727 0.119077 -0.092700 -0.413034 0.464410 0.254131 0.109058 0.153754 0.335748 0.305230 -0.121573 -0.032371 -0.109263 -0.274479 -0.237330 -0.075208 0.488958 -0.067329 0.253833 -0.116748 0.108326 0.228679 -0.059377 0.484420 0.007824 0.123589 -0.218425 -0.175356 -0.173727 -0.139473 -0.323280 -0.244777 -0.053466 -0.089984 -0.073993 -0.082782 -0.000740 -0.067335 0.033099 0.064784 -0.178160 0.072969 -0.072273 -0.197456 -0.004011 -0.119827 -0.078869 -0.026739 0.055740 0.071117 0.214291 0.365395 0.100704 -0.051181 -0.026252 0.029147 -0.257098 -0.286568 0.033921 -0.108764
0.183397 -0.085882 0.294520 0.184758 0.033499 0.131839 -0.191516 0.033003 0.020415 -0.211008 -0.390825 -0.485834 -0.528039 -0.331756 0.041321 -0.256546 -0.031635 0.004263 0.201467 0.164124 0.143497 0.201031 0.256397 0.146031 -0.135318 0.050533 -0.183673 0.091473 0.090437 -0.306702 -0.085497 0.058367 -0.038571 0.069119 1.000000 0.713910 0.099990 0.048780 0.015902 0.188199 -0.011515 -0.069091 0.139243 0.069184 0.122653 0.157799 0.076990 0.072612 -0.341597 -0.132324 -0.007365 -0.329131 -0.056713 0.002239 -0.147522 -0.128273 0.003109 0.117415 -0.157095 -0.003804 -0.342504 0.039608 -0.299115 -0.419058 -0.120860 0.025716 0.206902 0.283691 0.061388 -0.117988 0.266855 0.103051 0.072146 0.160465 -0.280421 -0.207386 0.057535 0.073388 -0.163392 -0.160739 0.028968 0.085353 -0.024936 -0.118861 0.233186 -0.014463 -0.121262 -0.151576 0.219149 -0.099475 0.177071 -0.262297 -0.071198 0.211843 0.417250 -0.059982 -0.225451 0.212386 -0.382294 -0.149138 -0.161086 0.069952 -0.076949 -0.088893 -0.108135 0.021957 0.125415 0.270261 -0.023488 0.235738 0.034320 0.103256 -0.011097 -0.003811 0.496354 -0.042587
-0.050214 -0.312026 0.346907 0.205938 -0.023271 0.172004 -0.079900 0.153522 -0.077788 -0.216159 -0.285975 -0.345074 -0.390635 -0.181612 -0.106692 -0.321121 -0.083001 0.041730 0.095078 -0.049401 0.104976 0.198346 0.291726 0.209142 -0.047700 0.098282 -0.080366 0.163938 -0.054723 -0.274443 -0.021529 0.126710 -0.175284 0.056512 0.713910 1.000000 0.120378 0.156539 0.165865 0.142634 0.072930 0.020713 0.109208 0.047771 0.210511 0.353183 0.113964 0.051582 -0.210885 -0.046788 0.151680 -0.144208 0.112891 0.099494 -0.014774 0.006295 -0.214877 -0.210219 -0.025472 0.023945 -0.351867 -0.189641 -0.225423 -0.345585 -0.049283 0.122170 0.211683 0.363111 -0.154532 -0.164534 0.171061 0.096480 0.019813 0.092555 -0.201309 -0.140527 0.075258 0.105269 -0.186098 -0.251343 -0.166668 -0.052994 0.027136 -0.120580 0.098136 -0.118559 -0.060029 -0.063507 0.199661 -0.088197 -0.026893 -0.312680 0.026156 0.157086 0.376970 -0.113241 -0.094298 0.093077 -0.330988 -0.168364 -0.206364 -0.018472 -0.148138 -0.171965 -0.203424 0.058918 0.193779 0.201194 0.046992 0.129181 0.352975 0.105469 0.077331 -0.075608 0.374260 -0.055729
