1.000000 0.124749 0.276994 0.210542 -0.567192 -0.378785 0.410465 0.207934 -0.437523 -0.406649 0.396301 0.430886 0.027167 0.186285 -0.483549 -0.514372 -0.341974 -0.299696 0.203719 0.263829 -0.162954 -0.078520 0.403848 0.374015 0.138599 0.091322 -0.280697 -0.180612 -0.385042 -0.249449 0.202473 0.227836 0.493166 0.368236 -0.189002 -0.115753 -0.551221 -0.542527 -0.495476 -0.478726 -0.348717 -0.405294 -0.074621 -0.050730 -0.007793 -0.047010 -0.333006 -0.454720 0.014363 -0.119188 0.297129 -0.183850 -0.126449 0.181546 0.097675 -0.320190 0.542521 0.225146 0.299162 -0.028722 0.438252 0.255920 -0.171012 0.069391 0.324431 0.194369 0.256859 0.197585 0.293537 0.286632 0.011612 -0.074448 -0.226117 -0.184546 -0.183793 -0.410902 -0.343920 -0.250734 -0.313131 -0.074495 -0.380949 -0.470805 -0.094728 -0.396009 -0.189926 -0.028001 0.039782 -0.233775 0.319666 0.240878 0.117123 -0.148965 0.181650 0.115414 -0.405908 -0.356519 -0.455246 -0.391902 -0.213654 -0.178917 -0.147350 -0.050235 0.279621 -0.339590 0.261538 -0.171133 0.400386 0.307831 -0.397289 -0.019726 -0.289090 -0.376455 -0.074552 -0.281001 -0.174448 -0.032948
0.124749 1.000000 0.061048 0.212187 0.191174 0.151225 0.024496 0.075605 -0.129912 -0.012713 -0.233253 -0.063623 -0.245024 -0.020573 -0.007292 0.028006 -0.269925 -0.323246 0.434805 0.414450 -0.017942 0.071801 -0.109916 0.037154 -0.136605 -0.051904 0.206045 0.167466 -0.327666 -0.224346 0.104811 -0.128159 -0.150691 -0.143422 -0.136344 0.021800 -0.113492 -0.100175 -0.125373 0.084704 0.203744 0.068080 -0.321627 -0.340017 -0.043679 -0.102661 -0.163072 -0.142756 -0.004384 -0.069283 -0.043752 0.107620 -0.029806 -0.071079 -0.113906 -0.038833 -0.103589 0.166850 0.129109 0.340612 -0.136451 0.080720 -0.106559 -0.049681 -0.141619 0.190798 0.231418 0.253689 0.311908 0.292635 0.004313 0.052172 -0.060407 -0.231442 -0.165327 -0.228640 -0.126115 0.005050 -0.468301 -0.627280 -0.177072 -0.219455 0.315760 0.343764 -0.202285 -0.250710 0.253938 0.252960 0.028971 0.116530 0.321002 0.167086 0.053643 -0.038275 0.099701 0.003513 -0.037854 0.044232 0.058540 0.173341 0.375857 0.057745 0.102818 0.189008 0.229263 0.072772 -0.018233 0.115578 0.165291 -0.002157 0.001930 0.103138 0.268071 0.044640 0.105368 0.328932
0.276994 0.061048 1.000000 0.727904 -0.268696 -0.099853 0.855990 0.844531 -0.391645 -0.465314 0.494395 -0.254157 0.330010 0.188800 -0.566426 -0.599207 -0.635446 -0.472151 0.484202 -0.065417 0.311930 0.133546 0.713607 0.720086 0.151589 0.117024 0.276943 0.388393 -0.383306 -0.147738 0.245757 0.313001 0.067374 -0.048185 -0.486622 -0.586561 -0.697529 -0.718774 -0.621156 -0.280404 -0.214570 -0.108872 -0.282612 -0.271484 0.080991 -0.132521 -0.680358 -0.763645 0.281127 0.097326 0.440635 0.021023 -0.233693 -0.308968 0.271047 -0.639527 0.271277 -0.450942 0.618928 0.512192 0.491956 0.289765 -0.110059 -0.047644 0.401783 0.327619 0.293786 -0.241621 0.359270 0.276704 0.229930 0.283245 -0.020826 -0.114186 -0.426898 -0.504644 -0.608123 -0.586132 -0.210875 0.064218 -0.613652 -0.490236 -0.133225 -0.417628 -0.684509 -0.439087 -0.290026 -0.476616 0.579269 0.283412 0.365712 -0.117402 0.341773 0.288475 -0.380076 -0.421169 -0.600936 -0.576704 -0.175325 -0.221511 -0.153672 0.382794 0.328745 -0.148955 0.442042 -0.351340 0.707979 0.697587 -0.318388 -0.424911 -0.701257 -0.594773 -0.196406 -0.409640 -0.433575 -0.046801
0.210542 0.212187 0.727904 1.000000 -0.063951 0.214977 0.532369 0.709882 -0.321641 -0.384882 0.434717 -0.136790 0.211296 0.204317 -0.275148 -0.515606 -0.558958 -0.352215 0.368631 -0.043963 0.041394 0.247658 0.593398 0.690066 0.132276 0.156858 0.311778 0.422908 -0.308041 -0.142613 0.295682 0.425844 -0.310478 -0.374786 -0.392726 -0.453402 -0.522982 -0.544859 -0.428954 -0.025273 -0.130482 -0.182182 -0.422431 -0.277598 -0.047045 -0.159420 -0.570560 -0.623802 0.002189 -0.081190 0.236008 -0.113438 -0.472089 -0.481997 0.398001 -0.366720 0.106723 -0.407446 0.464161 0.413091 0.229789 -0.041832 -0.260424 -0.345900 0.456871 0.356189 0.137052 -0.116540 0.534324 0.180467 0.258529 0.214916 -0.136743 -0.197728 -0.397250 -0.267281 -0.378676 -0.389974 -0.202170 0.036562 -0.610585 -0.405530 0.104846 -0.262300 -0.437020 -0.206183 0.084505 -0.061555 0.679315 0.396523 0.063028 -0.283785 0.486188 0.277725 -0.184989 -0.329408 -0.417843 -0.368387 -0.174425 -0.149141 0.036715 0.143205 0.294540 -0.027562 0.420588 -0.203911 0.514810 0.440256 -0.260851 -0.335060 -0.500474 -0.423390 -0.228565 -0.237290 -0.309682 0.048684
-0.567192 0.191174 -0.268696 -0.063951 1.000000 0.596695 -0.422582 -0.310798 0.642746 0.436785 -0.402198 -0.241605 -0.140570 -0.096060 0.453192 0.449838 0.310926 0.136930 0.080539 -0.083237 -0.001812 0.179702 -0.461815 -0.415331 0.179188 -0.129360 0.377884 0.316544 0.203191 0.102636 -0.079235 -0.308328 -0.380086 -0.308337 0.355489 0.262432 0.514389 0.502802 0.453104 0.500746 0.569628 0.291610 -0.135794 -0.137119 -0.223300 -0.163798 0.282021 0.369428 -0.310002 -0.181198 -0.462557 -0.078946 -0.041726 0.072894 -0.057523 0.431848 -0.577155 0.062166 -0.334726 -0.142350 -0.581055 -0.469275 -0.294993 -0.356808 -0.178564 -0.008745 -0.267441 -0.024386 0.001552 -0.250570 -0.142012 -0.022491 0.190180 0.033354 0.264903 0.384494 0.299642 0.355030 -0.000430 -0.209861 0.347536 0.303309 0.430930 0.565693 0.261561 0.068514 0.140167 0.309230 -0.119811 -0.090551 -0.148428 0.166240 -0.213004 -0.098221 0.595612 0.377597 0.524236 0.569517 0.105325 0.420006 0.157368 -0.238537 -0.357348 0.282781 -0.148376 0.461088 -0.476529 -0.319873 0.422815 0.317553 0.398985 0.543928 0.269302 0.455810 0.423761 0.192500
-0.378785 0.151225 -0.099853 0.214977 0.596695 1.000000 -0.204546 -0.167279 0.311484 0.172494 -0.381942 -0.156413 -0.052475 -0.020717 0.291259 0.298799 0.155496 0.084129 0.142695 -0.012329 0.213766 0.388272 -0.102374 -0.116707 0.303470 0.114947 0.672268 0.599812 -0.038918 -0.007326 0.124534 -0.033424 -0.301126 -0.309392 0.128181 0.227071 0.235569 0.317920 0.383055 0.558030 0.352807 0.206115 -0.372406 -0.145217 -0.279096 -0.202497 -0.033056 0.038088 -0.228369 -0.256727 -0.230451 -0.094975 -0.062205 -0.012383 0.280931 0.316979 -0.460740 -0.024300 -0.124776 -0.083697 -0.419897 -0.443414 -0.416180 -0.408722 -0.004127 -0.020591 -0.188389 0.078938 -0.045583 -0.146465 -0.163553 0.064872 -0.141945 -0.047344 -0.007810 0.329497 0.184346 0.260390 -0.038121 -0.127589 0.068082 0.032918 0.204106 0.360151 0.039847 -0.011947 0.136776 0.314299 0.072486 0.111977 -0.147979 -0.127196 0.012962 0.098481 0.448988 0.239003 0.384842 0.306207 -0.067476 0.084171 0.111137 -0.206553 -0.277618 0.243638 -0.053106 0.272995 -0.233366 -0.284002 0.165867 0.260557 0.237959 0.186064 -0.039103 0.128586 0.131408 0.137656
0.410465 0.024496 0.855990 0.532369 -0.422582 -0.204546 1.000000 0.851655 -0.401049 -0.443416 0.476265 -0.108408 0.273283 0.209086 -0.614938 -0.617091 -0.625579 -0.485319 0.411052 -0.097835 0.299680 0.164388 0.716526 0.720628 0.096558 0.180933 0.173074 0.276289 -0.378169 -0.194150 0.198782 0.345546 0.234693 0.114838 -0.594192 -0.593205 -0.767332 -0.756412 -0.752768 -0.415021 -0.361889 -0.183625 -0.182663 -0.167724 0.066021 -0.110609 -0.667884 -0.782442 0.293884 0.140535 0.443704 0.110462 -0.129229 -0.169465 0.201572 -0.656398 0.351566 -0.423967 0.677625 0.546387 0.660852 0.500905 -0.021321 0.104108 0.416143 0.349948 0.325697 -0.206293 0.101039 0.328422 0.351178 0.284308 -0.131316 -0.175937 -0.474234 -0.524385 -0.655603 -0.599663 -0.193111 0.075987 -0.619835 -0.516524 -0.199320 -0.516026 -0.738904 -0.436846 -0.290764 -0.440685 0.473891 0.316577 0.311945 -0.160829 0.308072 0.247267 -0.495408 -0.511283 -0.722334 -0.665063 -0.328048 -0.303829 -0.246934 0.434330 0.462856 -0.281183 0.448222 -0.394196 0.773970 0.755860 -0.399505 -0.483646 -0.728028 -0.658061 -0.200988 -0.518686 -0.428020 -0.091370
0.207934 0.075605 0.844531 0.709882 -0.310798 -0.167279 0.851655 1.000000 -0.381379 -0.327894 0.456670 -0.101698 0.220900 0.283658 -0.521852 -0.567123 -0.577696 -0.378242 0.338868 -0.202667 0.158970 0.131019 0.563503 0.670296 -0.029100 0.090543 0.162726 0.322494 -0.311169 -0.189969 0.114379 0.362131 -0.107836 -0.196087 -0.546610 -0.594407 -0.707475 -0.721977 -0.708487 -0.327751 -0.366377 -0.202649 -0.290862 -0.208176 0.054929 -0.087296 -0.691432 -0.737400 0.240428 0.139299 0.377883 0.141307 -0.266619 -0.419114 0.228733 -0.675500 0.282753 -0.518671 0.670709 0.637041 0.620987 0.461289 0.086802 -0.001026 0.534236 0.550780 0.293793 -0.184335 0.211755 0.325254 0.383589 0.282533 -0.104791 -0.193274 -0.409119 -0.373640 -0.522179 -0.515865 -0.167901 0.056527 -0.678780 -0.465528 -0.250243 -0.486867 -0.706604 -0.403516 -0.259265 -0.347470 0.554154 0.298747 0.245282 -0.257410 0.459131 0.227209 -0.428192 -0.428773 -0.662828 -0.594540 -0.262124 -0.317795 -0.102410 0.446484 0.498475 -0.178150 0.457447 -0.442008 0.722625 0.688788 -0.340933 -0.542877 -0.720074 -0.609476 -0.222304 -0.441767 -0.469154 -0.090939
-0.437523 -0.129912 -0.391645 -0.321641 0.642746 0.311484 -0.401049 -0.381379 1.000000 0.482727 -0.443539 -0.121805 -0.350630 -0.004383 0.504406 0.510283 0.474329 0.322118 -0.128978 -0.043377 -0.013203 0.003796 -0.480063 -0.519230 0.356293 -0.068407 0.126294 -0.079694 0.256659 0.103137 -0.047943 -0.244322 -0.138360 0.083971 0.408534 0.374607 0.385380 0.477998 0.432167 0.314825 0.171485 0.095171 0.044676 -0.025271 -0.283610 -0.262154 0.380577 0.415084 -0.354813 -0.172460 -0.483488 -0.172382 0.153877 0.310406 -0.244519 0.326729 -0.418332 0.256811 -0.506427 -0.290548 -0.475613 -0.182466 -0.126190 0.026754 -0.063885 -0.015626 -0.272491 -0.067355 -0.298670 -0.279264 -0.062393 0.108523 0.031221 0.319287 0.340406 0.426317 0.383459 0.450405 0.116250 -0.093315 0.470548 0.419812 0.071265 0.369244 0.311231 0.098684 0.054755 0.271026 -0.286643 -0.216848 -0.205189 0.139968 -0.238372 -0.098318 0.386020 0.351742 0.450105 0.477113 0.110502 0.235115 0.059268 -0.262725 -0.339053 0.134807 -0.352974 0.433635 -0.400847 -0.471034 0.331532 0.310292 0.360749 0.478043 0.258341 0.406968 0.389086 0.032011
-0.406649 -0.012713 -0.465314 -0.384882 0.436785 0.172494 -0.443416 -0.327894 0.482727 1.000000 -0.360445 0.089582 -0.115132 0.178820 0.433722 0.719645 0.516596 0.481948 -0.004964 0.257853 -0.124017 -0.049246 -0.587433 -0.502713 0.088520 -0.017030 -0.293535 -0.179765 0.426478 0.337332 -0.037412 -0.134246 -0.147095 -0.013767 0.445354 0.478660 0.582555 0.543668 0.552387 0.274389 0.237259 0.169297 -0.231521 -0.236328 -0.248735 -0.144059 0.345021 0.439912 -0.457580 -0.251033 -0.495177 -0.362771 0.060568 0.089975 -0.426236 0.088095 -0.617283 0.149943 -0.576973 -0.400642 -0.436400 -0.128827 0.114387 -0.009112 -0.223224 -0.127487 -0.301848 -0.006484 -0.315810 -0.078474 0.013654 0.065733 0.199995 0.301495 0.480929 0.517632 0.583440 0.447295 0.258824 -0.229945 0.600976 0.452216 0.079188 0.489206 0.392108 0.109414 0.120586 0.098579 -0.455330 -0.382033 -0.106580 0.010555 -0.069332 -0.047566 0.357094 0.342633 0.407976 0.444373 -0.181784 -0.068461 0.322572 -0.217171 -0.228878 0.177933 -0.338260 0.391728 -0.508097 -0.466254 0.301218 0.175654 0.482762 0.310479 -0.060978 0.235879 0.287913 -0.056036
0.396301 -0.233253 0.494395 0.434717 -0.402198 -0.381942 0.476265 0.456670 -0.443539 -0.360445 1.000000 0.254495 0.539248 0.220193 -0.404487 -0.574700 -0.415532 -0.209544 0.100369 -0.098956 -0.171872 0.035562 0.595677 0.512204 0.036882 0.191191 -0.213518 -0.036181 -0.036120 0.007798 0.216086 0.494399 0.174464 0.154486 -0.353392 -0.588657 -0.493428 -0.609924 -0.497064 -0.498663 -0.340217 -0.247478 -0.044507 -0.014670 0.187511 0.046160 -0.460315 -0.551718 0.228057 0.168120 0.538178 0.049049 -0.269644 -0.219333 0.188431 -0.418631 0.375089 -0.291622 0.417573 0.122899 0.563270 0.188838 0.141085 0.066272 0.353420 0.076009 0.028944 -0.347954 0.268107 0.035187 0.197174 -0.043794 -0.008954 -0.136783 -0.199627 -0.388895 -0.430256 -0.578674 0.082171 0.427570 -0.493646 -0.353637 -0.022409 -0.541396 -0.379279 -0.014223 -0.183582 -0.367218 0.424408 0.216210 0.013941 -0.146807 0.285169 0.197894 -0.415852 -0.382373 -0.573362 -0.461613 -0.256673 -0.311290 -0.320811 0.237230 0.429977 -0.240317 0.236894 -0.355367 0.457612 0.497555 -0.309882 -0.309107 -0.566518 -0.511755 -0.314248 -0.418927 -0.442701 -0.254441
0.430886 -0.063623 -0.254157 -0.136790 -0.241605 -0.156413 -0.108408 -0.101698 -0.121805 0.089582 0.254495 1.000000 0.028057 0.549158 -0.075104 -0.044509 0.163334 0.296937 -0.170009 0.122625 -0.509068 -0.190845 -0.069560 -0.139213 0.014514 0.066414 -0.440418 -0.372628 -0.022670 0.021996 0.090475 0.114632 0.241503 0.321586 0.170962 0.102330 -0.097396 -0.118661 -0.161013 -0.275607 -0.229855 -0.199317 -0.085881 0.100766 -0.051949 0.038946 -0.114429 -0.050624 -0.125138 -0.063618 -0.005803 -0.079809 -0.304536 0.213563 -0.220390 -0.041430 0.191300 0.270273 -0.115552 -0.387014 0.160987 0.074447 0.070632 0.161924 0.242662 0.249461 -0.198393 0.120557 -0.043403 -0.187612 -0.205234 -0.312957 -0.267940 -0.009826 0.029942 0.054254 0.114523 0.075873 0.024724 0.147693 -0.047835 -0.092280 -0.274876 -0.137650 0.064385 0.086060 -0.062859 0.010341 -0.124209 -0.168430 -0.168964 -0.232427 0.204132 0.020633 -0.005034 -0.022290 -0.063013 0.045114 -0.207559 -0.142477 0.056046 -0.134785 0.179046 0.010824 0.133218 0.080074 0.038256 -0.096631 -0.109705 0.071473 -0.020246 -0.054769 -0.147834 -0.074004 -0.003610 -0.048515
0.027167 -0.245024 0.330010 0.211296 -0.140570 -0.052475 0.273283 0.220900 -0.350630 -0.115132 0.539248 0.028057 1.000000 0.265941 0.003904 -0.070572 0.020346 0.085368 0.075748 0.055660 -0.063303 0.061745 0.498297 0.438314 0.083002 0.352112 -0.109984 0.089217 0.249567 0.460821 0.222640 0.352591 -0.057822 0.069823 -0.117123 -0.418220 -0.199101 -0.278242 -0.274492 -0.233396 -0.224088 0.125637 -0.179477 0.047259 0.262461 0.125498 -0.439872 -0.270483 0.304363 0.241251 0.360811 0.163034 -0.183790 -0.144753 -0.031619 -0.336055 0.156496 -0.276919 0.270559 0.005398 0.275070 0.050184 0.194235 0.040322 -0.025024 -0.243237 -0.177315 -0.459786 0.160109 0.050763 0.174727 -0.009691 0.298624 0.204892 -0.149684 -0.209891 -0.228109 -0.477456 0.390027 0.371343 -0.087558 0.065229 -0.215153 -0.302797 -0.327123 -0.275055 -0.295821 -0.362301 0.033665 -0.194572 0.077862 -0.229549 0.075027 0.044958 -0.207554 -0.075532 -0.256837 -0.237193 -0.221108 -0.303169 -0.232614 0.201796 0.215916 -0.134357 0.041193 -0.397765 0.308638 0.255387 -0.059174 -0.004103 -0.331668 -0.421740 -0.381771 -0.475698 -0.542848 -0.176693
0.186285 -0.020573 0.188800 0.204317 -0.096060 -0.020717 0.209086 0.283658 -0.004383 0.178820 0.220193 0.549158 0.265941 1.000000 0.061614 0.111241 0.211684 0.390531 0.207201 0.239180 -0.296018 -0.131670 0.068889 0.042972 0.184954 0.084379 -0.217052 -0.174743 0.137602 0.312006 0.271832 0.324927 -0.131260 0.065478 0.075399 0.050147 -0.171892 -0.145787 -0.227852 -0.111820 -0.223653 0.002465 -0.481640 -0.330002 -0.101587 -0.165365 -0.351428 -0.212323 -0.075693 -0.074717 -0.193460 -0.189856 -0.381612 0.016557 -0.333219 -0.326634 0.082116 -0.027910 -0.089268 -0.192827 0.080870 0.106777 0.060509 0.106175 0.241532 0.233577 -0.323065 -0.075257 0.083797 -0.092353 -0.031716 -0.029695 -0.104310 0.302820 -0.106645 0.091499 0.140463 0.067555 0.043856 0.082753 -0.051016 0.033184 -0.263148 -0.116445 -0.261105 -0.473689 -0.002530 0.001686 -0.071322 -0.311472 0.118684 -0.190781 0.298252 0.239145 0.000616 -0.180319 -0.176801 -0.073553 -0.233565 -0.122204 0.342680 0.170294 0.322028 0.204875 0.242603 0.067207 0.214931 0.093422 -0.098707 -0.197193 -0.150113 -0.185185 -0.083926 -0.084963 -0.095036 -0.016853
-0.483549 -0.007292 -0.566426 -0.275148 0.453192 0.291259 -0.614938 -0.521852 0.504406 0.433722 -0.404487 -0.075104 0.003904 0.061614 1.000000 0.753904 0.614898 0.556898 -0.263696 -0.019191 -0.205302 0.078968 -0.493111 -0.474759 -0.020622 -0.044496 -0.064503 -0.152976 0.545724 0.503010 -0.075956 -0.123314 -0.423443 -0.126707 0.429732 0.374963 0.647054 0.698429 0.528820 0.540660 0.235558 0.417294 -0.130656 -0.023791 -0.281803 -0.223222 0.414507 0.513920 -0.396770 -0.198621 -0.453745 -0.150699 0.129844 0.056781 -0.210841 0.545249 -0.281218 0.223304 -0.571691 -0.407288 -0.557922 -0.339943 0.171842 -0.049273 -0.218992 -0.309962 -0.445971 -0.175821 -0.201676 -0.297794 0.017907 0.058704 0.199193 0.334412 0.425787 0.463186 0.576291 0.413193 0.348902 -0.010758 0.581428 0.648750 0.121671 0.501977 0.469049 0.100866 0.171982 0.493799 -0.523647 -0.309428 -0.348955 -0.078603 -0.332605 -0.293072 0.459740 0.363361 0.549854 0.516139 0.142147 0.190921 0.168434 -0.316013 -0.336603 0.216060 -0.325809 0.383341 -0.512879 -0.671947 0.403076 0.234551 0.529915 0.462492 0.158958 0.447987 0.328789 0.180992
-0.514372 0.028006 -0.599207 -0.515606 0.449838 0.298799 -0.617091 -0.567123 0.510283 0.719645 -0.574700 -0.044509 -0.070572 0.111241 0.753904 1.000000 0.697938 0.642164 -0.081475 0.208564 0.006100 0.044202 -0.671656 -0.627630 0.064635 -0.077910 -0.069440 -0.115568 0.591643 0.503149 -0.039491 -0.200340 -0.229155 0.008301 0.553875 0.566315 0.756205 0.753064 0.622789 0.412554 0.333888 0.442179 -0.183209 -0.147220 -0.263964 -0.171533 0.481768 0.583442 -0.384483 -0.256498 -0.532317 -0.249999 0.197136 0.112991 -0.428843 0.333895 -0.435592 0.319732 -0.663446 -0.438548 -0.577878 -0.258223 0.202940 0.059271 -0.429531 -0.402802 -0.378133 -0.009425 -0.286211 -0.188329 -0.168154 0.063776 0.311621 0.400484 0.512763 0.530179 0.684955 0.562182 0.327883 -0.165521 0.751381 0.669439 0.050303 0.653932 0.460867 0.045996 0.050209 0.268315 -0.695314 -0.517126 -0.189572 -0.069632 -0.420069 -0.290314 0.478897 0.492814 0.639518 0.573217 0.064135 0.077656 0.251338 -0.323880 -0.434158 0.190680 -0.432819 0.399937 -0.622830 -0.691109 0.453065 0.409187 0.664621 0.483993 0.081403 0.360254 0.307112 0.045468
-0.341974 -0.269925 -0.635446 -0.558958 0.310926 0.155496 -0.625579 -0.577696 0.474329 0.516596 -0.415532 0.163334 0.020346 0.211684 0.614898 0.697938 1.000000 0.830327 -0.264820 -0.002604 -0.186738 -0.109951 -0.619288 -0.673941 0.069136 -0.226117 -0.201119 -0.305340 0.556005 0.498476 -0.118215 -0.199468 -0.178178 0.015722 0.597663 0.494304 0.614602 0.676119 0.507727 0.309236 0.140683 0.329379 -0.022480 0.097779 -0.206450 -0.094690 0.444376 0.593415 -0.295668 -0.185992 -0.536696 -0.147749 0.046482 0.288011 -0.364919 0.378732 -0.151064 0.500690 -0.656182 -0.601330 -0.486399 -0.332974 0.099723 0.012578 -0.227029 -0.278235 -0.574165 -0.046712 -0.211628 -0.221655 -0.332949 -0.173601 0.203969 0.448196 0.423674 0.532243 0.610099 0.518027 0.531338 0.111674 0.702119 0.656239 -0.068371 0.402274 0.437434 0.028783 0.014274 0.232530 -0.563868 -0.484374 -0.270220 -0.064124 -0.299009 -0.107378 0.436216 0.479730 0.605252 0.534839 0.122401 0.146200 0.202607 -0.250436 -0.340107 0.237566 -0.340717 0.441988 -0.497950 -0.595229 0.350687 0.457841 0.510369 0.449241 0.040443 0.410339 0.329355 0.008757
-0.299696 -0.323246 -0.472151 -0.352215 0.136930 0.084129 -0.485319 -0.378242 0.322118 0.481948 -0.209544 0.296937 0.085368 0.390531 0.556898 0.642164 0.830327 1.000000 -0.176113 -0.004682 -0.143038 0.001699 -0.519814 -0.563972 -0.003965 -0.242701 -0.246467 -0.265709 0.676056 0.594354 -0.056957 -0.051588 -0.243184 -0.062343 0.615974 0.476553 0.570600 0.570190 0.399559 0.218883 0.111888 0.276672 -0.192789 -0.060214 -0.344926 -0.268595 0.361617 0.403392 -0.366301 -0.333892 -0.501034 -0.322508 -0.052396 -0.039753 -0.346975 0.227625 -0.060834 0.331657 -0.606263 -0.542616 -0.344065 -0.296984 0.190026 0.029688 -0.115076 -0.263541 -0.530242 -0.048139 -0.117030 -0.191557 -0.268065 -0.087350 0.252642 0.464360 0.430558 0.525643 0.619509 0.488462 0.522176 0.291844 0.562984 0.603704 -0.132626 0.327725 0.393129 0.059103 -0.078331 0.141401 -0.509516 -0.465424 -0.276034 -0.164393 -0.152383 -0.062123 0.426759 0.382541 0.472403 0.439815 0.034260 0.066199 0.226382 -0.199475 -0.197620 0.217620 -0.203223 0.373083 -0.369297 -0.537508 0.331238 0.308898 0.422955 0.332068 -0.067313 0.365598 0.264437 -0.062027
0.203719 0.434805 0.484202 0.368631 0.080539 0.142695 0.411052 0.338868 -0.128978 -0.004964 0.100369 -0.170009 0.075748 0.207201 -0.263696 -0.081475 -0.264820 -0.176113 1.000000 0.329039 0.232314 0.248995 0.165482 0.189087 0.237220 -0.047016 0.307102 0.363511 -0.138408 -0.017516 0.260889 0.053829 0.199563 0.065333 -0.006863 -0.034279 -0.204033 -0.170638 -0.235593 -0.096076 0.113089 0.093875 -0.503500 -0.551175 -0.322021 -0.394873 -0.267714 -0.352721 -0.087365 -0.329615 0.037996 -0.262409 -0.191249 -0.237608 -0.052617 -0.397483 -0.076765 -0.050180 0.228474 0.273140 0.088765 0.036551 -0.202057 -0.092922 0.076832 0.117607 0.238833 0.175720 0.429897 0.424611 -0.059763 0.053888 0.056662 -0.162370 -0.262904 -0.246828 -0.179126 -0.112394 -0.399218 -0.332046 -0.283797 -0.301550 0.106614 0.031694 -0.361234 -0.341214 -0.174702 -0.280400 0.193914 0.085360 0.302436 0.007044 0.033659 0.275623 0.103506 -0.153977 -0.105574 -0.085646 -0.368857 -0.062495 0.163302 0.159035 0.128708 0.021572 0.272148 0.115771 0.201429 0.314793 -0.122609 -0.040795 -0.042190 -0.214319 0.038892 -0.160691 -0.030735 0.067861
0.263829 0.414450 -0.065417 -0.043963 -0.083237 -0.012329 -0.097835 -0.202667 -0.043377 0.257853 -0.098956 0.122625 0.055660 0.239180 -0.019191 0.208564 -0.002604 -0.004682 0.329039 1.000000 -0.115496 -0.133637 0.035316 0.001216 0.170160 0.159149 -0.298110 -0.290911 -0.061400 0.052047 0.277025 0.011108 0.161841 0.310970 0.107942 0.290863 -0.005944 0.031577 0.055703 -0.120028 -0.067559 -0.058381 -0.231174 -0.392460 0.004646 -0.021666 -0.086175 0.017167 -0.150728 -0.162589 -0.199509 -0.358556 0.059857 0.175869 -0.293084 -0.228623 -0.178111 0.272745 -0.160520 -0.179994 -0.128929 0.100542 -0.085235 0.215500 -0.275760 -0.241859 0.033090 0.203303 0.149669 0.213994 -0.100967 -0.144707 -0.072395 0.159750 -0.007520 -0.149449 0.093648 0.076649 -0.191113 -0.284926 0.198506 -0.035557 0.134953 0.207827 0.086713 -0.198273 0.289617 -0.047070 -0.119818 -0.192935 0.244398 0.130366 0.197668 0.237600 -0.095354 -0.035152 -0.073153 0.064751 -0.164605 -0.163910 0.486497 0.031306 0.126908 0.191304 -0.028046 0.143359 -0.143490 -0.007212 0.077337 0.143994 0.151644 -0.057056 -0.109924 -0.213588 -0.078291 -0.019724
-0.162954 -0.017942 0.311930 0.041394 -0.001812 0.213766 0.299680 0.158970 -0.013203 -0.124017 -0.171872 -0.509068 -0.063303 -0.296018 -0.205302 0.006100 -0.186738 -0.143038 0.232314 -0.115496 1.000000 0.445622 0.172926 0.082457 0.100454 -0.088030 0.508860 0.501620 -0.118176 -0.119837 -0.003251 -0.048711 0.064347 -0.117541 -0.158773 -0.000276 -0.102878 -0.039593 -0.023873 0.047969 0.225369 0.070494 -0.089902 -0.255037 -0.055779 -0.166661 -0.042384 -0.301824 0.145945 -0.023543 0.110518 0.083652 0.210361 -0.036616 0.150303 -0.177609 0.053501 -0.155210 0.166818 0.358852 -0.010745 0.088280 -0.207179 -0.085427 -0.204927 -0.232688 0.134958 -0.015353 -0.073833 0.245410 -0.093181 0.383096 0.152580 0.149244 -0.005685 -0.006666 -0.025218 0.093203 -0.098791 -0.065110 -0.104774 -0.155588 0.058530 0.083597 -0.326359 -0.212126 -0.258083 -0.216362 0.105537 0.134525 0.363192 0.141467 -0.023717 0.181337 0.017457 -0.085948 -0.071301 -0.189915 -0.005693 -0.001138 -0.060623 0.158124 -0.057646 -0.011868 0.138374 -0.050676 0.131218 0.230639 0.030881 -0.053305 -0.133150 -0.137492 0.039825 -0.113784 -0.029040 -0.070221
-0.078520 0.071801 0.133546 0.247658 0.179702 0.388272 0.164388 0.131019 0.003796 -0.049246 0.035562 -0.190845 0.061745 -0.131670 0.078968 0.044202 -0.109951 0.001699 0.248995 -0.133637 0.445622 1.000000 0.108304 0.035087 0.083486 0.122233 0.407267 0.554326 0.160583 0.160809 -0.069175 0.136734 -0.037832 -0.072990 -0.069803 -0.011937 0.053484 0.042280 -0.020256 0.250591 0.211125 0.145002 -0.244437 -0.134400 -0.337406 -0.336723 -0.052042 -0.262054 -0.217680 -0.259298 -0.036498 -0.099272 -0.062013 -0.223768 0.198768 0.077978 -0.051993 -0.149665 0.101098 0.126837 -0.066189 -0.159413 -0.154435 -0.215539 -0.008500 -0.042599 -0.123473 -0.175710 -0.002320 0.031381 0.077261 0.423137 0.179841 0.012009 0.131208 0.308484 0.088584 0.118316 0.074884 0.212470 -0.148908 -0.040736 0.189010 0.090235 -0.206842 0.111706 -0.028892 0.101210 0.187141 0.346659 -0.174074 -0.353634 -0.086357 -0.093844 0.320511 -0.041067 0.001611 0.035405 -0.285067 -0.052418 -0.144697 -0.098427 -0.053843 -0.194214 0.021072 -0.013984 0.055005 0.039771 -0.035882 0.065809 -0.047267 -0.146983 -0.038923 -0.044569 -0.021340 0.110439
0.403848 -0.109916 0.713607 0.593398 -0.461815 -0.102374 0.716526 0.563503 -0.480063 -0.587433 0.595677 -0.069560 0.498297 0.068889 -0.493111 -0.671656 -0.619288 -0.519814 0.165482 0.035316 0.172926 0.108304 1.000000 0.889220 0.223828 0.489221 0.080068 0.179541 -0.375972 -0.164590 0.373217 0.507043 0.210187 0.147460 -0.562926 -0.594334 -0.722769 -0.762224 -0.603936 -0.433031 -0.408511 -0.232669 -0.036035 0.026707 0.325547 0.154843 -0.678274 -0.696258 0.402354 0.314409 0.576725 0.152766 -0.262359 -0.081931 0.250439 -0.545907 0.314610 -0.435286 0.614702 0.349086 0.509107 0.271298 -0.129503 0.013084 0.277560 0.052710 0.191151 -0.275474 0.194223 0.204908 0.303709 0.249436 -0.142587 -0.072983 -0.509073 -0.514682 -0.625854 -0.685835 -0.042564 0.274632 -0.575367 -0.484720 -0.175496 -0.598535 -0.585468 -0.328951 -0.143780 -0.376249 0.517274 0.261691 0.160415 -0.165494 0.394838 0.323404 -0.554828 -0.547291 -0.711620 -0.663273 -0.347743 -0.360837 -0.255268 0.369423 0.453468 -0.194105 0.380960 -0.430707 0.707027 0.672345 -0.489613 -0.410748 -0.727104 -0.718730 -0.277825 -0.617396 -0.493908 -0.117527
0.374015 0.037154 0.720086 0.690066 -0.415331 -0.116707 0.720628 0.670296 -0.519230 -0.502713 0.512204 -0.139213 0.438314 0.042972 -0.474759 -0.627630 -0.673941 -0.563972 0.189087 0.001216 0.082457 0.035087 0.889220 1.000000 0.103914 0.458838 0.050113 0.209800 -0.353528 -0.179821 0.350767 0.526360 0.057392 -0.023553 -0.607589 -0.653980 -0.700596 -0.777100 -0.617743 -0.375953 -0.419820 -0.272755 -0.142366 -0.039774 0.286968 0.118091 -0.694840 -0.656173 0.319174 0.235560 0.515992 0.135665 -0.294319 -0.240546 0.259438 -0.555193 0.273144 -0.466639 0.668611 0.495048 0.525751 0.312280 -0.035057 -0.008981 0.291987 0.173795 0.289268 -0.196191 0.283833 0.349122 0.425045 0.247665 -0.119426 -0.135871 -0.478697 -0.484665 -0.617889 -0.726703 -0.076476 0.092310 -0.608373 -0.445204 -0.172538 -0.568659 -0.556311 -0.325373 -0.067179 -0.376773 0.566009 0.247988 0.170788 -0.223601 0.421831 0.250037 -0.616332 -0.531534 -0.722573 -0.682186 -0.287481 -0.392977 -0.181388 0.362693 0.439794 -0.239471 0.417308 -0.498150 0.707636 0.651268 -0.479771 -0.435933 -0.685604 -0.698621 -0.313902 -0.610531 -0.561716 -0.170924
0.138599 -0.136605 0.151589 0.132276 0.179188 0.303470 0.096558 -0.029100 0.356293 0.088520 0.036882 0.014514 0.083002 0.184954 -0.020622 0.064635 0.069136 -0.003965 0.237220 0.170160 0.100454 0.083486 0.223828 0.103914 1.000000 0.452044 0.171409 0.165360 -0.180857 -0.109764 0.490233 0.147602 0.222755 0.323436 0.072431 0.176527 -0.173345 -0.110736 0.081163 -0.079166 -0.142124 -0.001395 -0.233134 -0.213429 -0.124716 -0.129382 -0.257215 -0.189270 -0.160725 -0.179109 0.067056 -0.316452 -0.205412 0.152935 0.015931 -0.233864 -0.018059 0.275425 -0.074985 -0.200677 -0.050895 -0.130971 -0.229110 -0.003177 0.239793 -0.061467 -0.083097 0.069751 0.047378 0.085689 -0.212417 0.103048 -0.118505 0.129681 -0.031617 -0.053835 -0.148657 -0.030682 0.077239 -0.103362 0.011612 -0.154677 -0.157496 -0.169129 0.023489 -0.137898 -0.068476 -0.196082 0.207986 -0.058872 -0.103667 -0.025267 0.146018 0.323317 -0.113383 -0.045565 0.014215 -0.060339 -0.361779 -0.204131 -0.045202 -0.044495 0.029858 0.096359 -0.065498 0.140385 -0.035342 -0.030675 -0.179907 0.200075 -0.004834 -0.246340 -0.045708 -0.148680 -0.043039 -0.137460
0.091322 -0.051904 0.117024 0.156858 -0.129360 0.114947 0.180933 0.090543 -0.068407 -0.017030 0.191191 0.066414 0.352112 0.084379 -0.044496 -0.077910 -0.226117 -0.242701 -0.047016 0.159149 -0.088030 0.122233 0.489221 0.458838 0.452044 1.000000 -0.079257 0.082039 -0.100912 0.095922 0.538174 0.532804 0.116482 0.344951 -0.373324 -0.245712 -0.292923 -0.308741 -0.233982 -0.216409 -0.266660 0.010199 0.012868 0.218015 0.373308 0.346473 -0.354511 -0.156401 0.225158 0.331009 0.307155 0.105578 -0.143306 0.136336 -0.106295 -0.289084 0.030659 -0.189085 0.159098 -0.057543 0.204050 0.121322 0.194917 0.221733 0.097096 -0.152715 -0.124677 -0.248009 -0.179940 0.013377 0.288375 0.315275 0.067588 0.151808 -0.069183 -0.009921 -0.274167 -0.362884 0.191371 0.080039 -0.164469 -0.058042 -0.323939 -0.348349 -0.215036 -0.177527 -0.011540 -0.110573 0.055658 -0.101571 -0.072185 -0.257288 0.177659 0.009469 -0.402088 -0.282604 -0.322913 -0.381981 -0.335554 -0.448087 -0.159012 0.099319 0.182140 -0.125516 -0.110487 -0.439307 0.174536 0.061956 -0.355761 -0.074899 -0.277903 -0.466662 -0.240799 -0.524058 -0.415250 -0.154774
-0.280697 0.206045 0.276943 0.311778 0.377884 0.672268 0.173074 0.162726 0.126294 -0.293535 -0.213518 -0.440418 -0.109984 -0.217052 -0.064503 -0.069440 -0.201119 -0.246467 0.307102 -0.298110 0.508860 0.407267 0.080068 0.050113 0.171409 -0.079257 1.000000 0.851762 -0.249031 -0.268214 0.092764 -0.085392 -0.194502 -0.350741 -0.109778 -0.065921 -0.102467 -0.025952 0.053893 0.360371 0.389264 0.185698 -0.201313 -0.080183 -0.246585 -0.290162 -0.143723 -0.246928 0.043663 -0.151463 0.093550 0.185513 0.064487 -0.132050 0.401913 0.157071 -0.148048 -0.221754 0.213420 0.335586 -0.129030 -0.207583 -0.367424 -0.379036 0.081063 0.161046 0.107709 0.029212 0.157686 -0.014254 -0.159114 0.182549 -0.048835 -0.268593 -0.264632 -0.052409 -0.225945 -0.002168 -0.282898 -0.161279 -0.294327 -0.267066 0.220246 0.182288 -0.283605 -0.069076 -0.114631 0.150409 0.299577 0.403836 0.093709 0.020076 -0.106967 0.080865 0.293499 0.103755 0.162065 0.053916 0.130856 0.267639 -0.071764 0.022005 -0.187041 0.046773 0.132222 0.026042 0.029871 0.092595 0.136164 0.028952 -0.056167 0.080249 0.161295 0.108033 0.104071 0.273926
-0.180612 0.167466 0.388393 0.422908 0.316544 0.599812 0.276289 0.322494 -0.079694 -0.179765 -0.036181 -0.372628 0.089217 -0.174743 -0.152976 -0.115568 -0.305340 -0.265709 0.363511 -0.290911 0.501620 0.554326 0.179541 0.209800 0.165360 0.082039 0.851762 1.000000 -0.216531 -0.173224 0.203097 0.126881 -0.174807 -0.332575 -0.153230 -0.169406 -0.174165 -0.162025 -0.046500 0.262852 0.308096 0.176799 -0.338180 -0.164372 -0.227768 -0.278077 -0.313502 -0.417531 0.011632 -0.146861 0.212425 0.134018 -0.044129 -0.309921 0.391335 -0.051036 -0.087879 -0.344622 0.307654 0.372828 0.024106 -0.146753 -0.241214 -0.419011 0.176581 0.185290 0.137537 -0.035859 0.248868 0.142510 -0.060007 0.263577 0.095877 -0.243999 -0.192022 -0.053972 -0.284856 -0.126446 -0.176565 -0.103421 -0.403319 -0.343756 0.141050 0.093242 -0.358388 -0.057507 -0.193776 -0.047068 0.383466 0.414782 0.106754 -0.127492 0.007261 0.060120 0.201999 0.012919 -0.011120 -0.060083 -0.069265 0.085575 -0.133675 0.067342 -0.075758 -0.065976 0.152222 -0.152168 0.136267 0.227205 0.041733 -0.010789 -0.161965 -0.115810 -0.003451 -0.074114 -0.053274 0.191983
-0.385042 -0.327666 -0.383306 -0.308041 0.203191 -0.038918 -0.378169 -0.311169 0.256659 0.426478 -0.036120 -0.022670 0.249567 0.137602 0.545724 0.591643 0.556005 0.676056 -0.138408 -0.061400 -0.118176 0.160583 -0.375972 -0.353528 -0.180857 -0.100912 -0.249031 -0.216531 1.000000 0.774559 -0.085947 0.070457 -0.290933 -0.136019 0.461696 0.182256 0.646467 0.563978 0.349841 0.223688 0.247421 0.409653 0.049271 0.059450 -0.203152 -0.197244 0.468296 0.466554 -0.269551 -0.222146 -0.420590 -0.196784 0.086136 -0.060404 -0.330327 0.283499 -0.153795 -0.062215 -0.495355 -0.390307 -0.280781 -0.217314 0.382207 0.109625 -0.390043 -0.423935 -0.472590 -0.322996 -0.166042 -0.268002 0.108897 0.008998 0.588168 0.337291 0.480301 0.471227 0.557685 0.240926 0.541778 0.349658 0.611568 0.779967 0.068344 0.302761 0.339739 0.144131 -0.042067 0.112298 -0.561070 -0.420117 -0.298285 -0.257642 -0.430874 -0.399988 0.385403 0.431023 0.389713 0.440641 0.046828 0.073757 -0.022499 -0.258917 -0.290259 -0.110664 -0.376584 0.146805 -0.389505 -0.453246 0.366443 0.261103 0.421158 0.316353 -0.086441 0.285130 0.185077 0.016895
-0.249449 -0.224346 -0.147738 -0.142613 0.102636 -0.007326 -0.194150 -0.189969 0.103137 0.337332 0.007798 0.021996 0.460821 0.312006 0.503010 0.503149 0.498476 0.594354 -0.017516 0.052047 -0.119837 0.160809 -0.164590 -0.179821 -0.109764 0.095922 -0.268214 -0.173224 0.774559 1.000000 0.147806 0.224682 -0.289553 -0.022358 0.321162 0.012498 0.437270 0.401813 0.145647 0.228686 0.208036 0.533937 -0.021405 0.116159 -0.008443 -0.083062 0.275131 0.341131 -0.063121 -0.053977 -0.260111 -0.144569 -0.029959 -0.017648 -0.421937 0.114653 -0.089131 -0.069483 -0.459437 -0.424740 -0.280789 -0.254226 0.328061 0.137686 -0.354915 -0.464519 -0.559162 -0.499353 -0.118668 -0.287521 0.037567 0.145728 0.626181 0.514308 0.295675 0.343273 0.374484 0.068685 0.561130 0.358442 0.544201 0.748459 -0.054508 0.272200 0.079024 -0.129435 -0.096019 0.013698 -0.585361 -0.579010 -0.071007 -0.318652 -0.390492 -0.407002 0.367409 0.336445 0.280695 0.298000 0.063007 0.041432 -0.008610 -0.270663 -0.255532 -0.083572 -0.364345 0.004263 -0.206988 -0.343575 0.283905 0.255012 0.228279 0.179343 -0.105667 0.180300 0.036966 0.131712
0.202473 0.104811 0.245757 0.295682 -0.079235 0.124534 0.198782 0.114379 -0.047943 -0.037412 0.216086 0.090475 0.222640 0.271832 -0.075956 -0.039491 -0.118215 -0.056957 0.260889 0.277025 -0.003251 -0.069175 0.373217 0.350767 0.490233 0.538174 0.092764 0.203097 -0.085947 0.147806 1.000000 0.672272 0.071896 0.257882 -0.193193 -0.248588 -0.281632 -0.266092 -0.207178 -0.119716 -0.023598 0.190797 -0.156866 -0.153300 0.029891 -0.086107 -0.325497 -0.277467 -0.022651 -0.001554 0.081243 -0.107337 -0.280098 0.118008 -0.268597 -0.328687 0.129827 -0.015162 -0.124444 -0.119962 0.039364 0.039649 0.069240 0.097232 0.141198 -0.119243 -0.228180 -0.248451 0.254258 0.094304 -0.066093 0.151742 0.142986 0.208378 -0.121830 -0.299996 -0.336045 -0.384259 0.193005 0.040437 -0.070451 -0.080289 -0.012499 0.042914 -0.182173 -0.326018 -0.050750 -0.125758 0.025434 -0.179686 0.096025 -0.092933 0.217426 0.200386 -0.167377 -0.057822 -0.241036 -0.155040 -0.162376 -0.104542 0.114554 0.098619 0.095336 0.112862 0.115269 -0.100050 0.094668 0.224825 0.032614 -0.020527 -0.242252 -0.212344 -0.115697 -0.150101 0.003517 0.189466
0.227836 -0.128159 0.313001 0.425844 -0.308328 -0.033424 0.345546 0.362131 -0.244322 -0.134246 0.494399 0.114632 0.352591 0.324927 -0.123314 -0.200340 -0.199468 -0.051588 0.053829 0.011108 -0.048711 0.136734 0.507043 0.526360 0.147602 0.532804 -0.085392 0.126881 0.070457 0.224682 0.672272 1.000000 -0.030808 0.120648 -0.451575 -0.464163 -0.349616 -0.403904 -0.361285 -0.223950 -0.217913 0.010898 -0.146505 -0.010576 0.147474 0.025502 -0.413377 -0.385375 0.134227 0.171902 0.196729 0.013969 -0.310328 -0.082969 -0.121067 -0.349205 0.314233 -0.344854 0.110549 0.040168 0.316967 0.172164 0.254481 0.104848 0.278952 -0.024347 -0.233039 -0.469473 0.152354 0.134285 0.261733 0.348688 0.137137 0.216166 -0.014833 -0.075143 -0.282407 -0.402070 0.298680 0.353666 -0.286284 -0.066717 -0.124517 -0.236932 -0.396987 -0.269753 0.018721 -0.074594 0.141074 -0.064198 -0.045764 -0.328107 0.285651 0.133123 -0.313236 -0.268902 -0.477726 -0.383513 -0.293786 -0.333510 -0.016073 0.244992 0.275337 -0.087611 0.154076 -0.381061 0.387482 0.328000 -0.218977 -0.278027 -0.481482 -0.440551 -0.265807 -0.352448 -0.275669 -0.055842
0.493166 -0.150691 0.067374 -0.310478 -0.380086 -0.301126 0.234693 -0.107836 -0.138360 -0.147095 0.174464 0.241503 -0.057822 -0.131260 -0.423443 -0.229155 -0.178178 -0.243184 0.199563 0.161841 0.064347 -0.037832 0.210187 0.057392 0.222755 0.116482 -0.194502 -0.174807 -0.290933 -0.289553 0.071896 -0.030808 1.000000 0.787921 -0.095923 0.009956 -0.211697 -0.223739 -0.211129 -0.379845 -0.211376 -0.204773 0.157781 0.033268 -0.045467 -0.013992 -0.087756 -0.148979 0.009800 -0.042679 0.268434 -0.123998 0.060041 0.340163 -0.105603 -0.186091 0.199513 0.235573 0.150606 -0.115813 0.345712 0.327902 -0.024076 0.324871 0.148566 0.090209 0.366822 0.133809 -0.099310 0.131900 -0.123204 -0.078932 -0.136386 -0.085888 0.004622 -0.271437 -0.233154 -0.140696 -0.105755 0.060586 -0.076809 -0.286013 -0.214641 -0.240684 -0.032657 0.116311 -0.238111 -0.356878 0.058186 0.106450 -0.124177 0.046657 -0.079568 0.116039 -0.331032 -0.281436 -0.277895 -0.307314 -0.421476 -0.344291 -0.343890 0.059083 -0.039159 -0.257991 0.056789 0.002616 0.167891 0.183988 -0.407869 0.006660 -0.116043 -0.364509 -0.135550 -0.333072 -0.092332 -0.242023
0.368236 -0.143422 -0.048185 -0.374786 -0.308337 -0.309392 0.114838 -0.196087 0.083971 -0.013767 0.154486 0.321586 0.069823 0.065478 -0.126707 0.008301 0.015722 -0.062343 0.065333 0.310970 -0.117541 -0.072990 0.147460 -0.023553 0.323436 0.344951 -0.350741 -0.332575 -0.136019 -0.022358 0.257882 0.120648 0.787921 1.000000 -0.020369 -0.014222 -0.203935 -0.167593 -0.217242 -0.385853 -0.351330 -0.098483 0.194145 0.067086 0.065042 0.050458 -0.087129 -0.065473 0.028390 0.141039 0.160117 -0.096651 0.097963 0.467332 -0.395845 -0.170306 0.226532 0.314122 -0.048697 -0.275709 0.279957 0.345405 0.211965 0.548845 0.117695 -0.072252 0.072593 -0.094100 -0.190160 0.036539 -0.088741 -0.044278 -0.076826 0.129926 0.123485 -0.251200 -0.172763 -0.174765 0.127497 0.138512 0.104182 -0.027393 -0.359289 -0.183196 -0.037897 -0.062219 -0.276100 -0.277877 -0.207483 -0.192505 -0.113205 -0.051341 -0.125297 0.011126 -0.306564 -0.160193 -0.230542 -0.182863 -0.338697 -0.349423 -0.264063 0.062874 0.001283 -0.115345 -0.053867 0.006879 0.119829 0.042378 -0.213407 0.097656 -0.142407 -0.262177 -0.144398 -0.301203 -0.131888 -0.193685
-0.189002 -0.136344 -0.486622 -0.392726 0.355489 0.128181 -0.594192 -0.546610 0.408534 0.445354 -0.353392 0.170962 -0.117123 0.075399 0.429732 0.553875 0.597663 0.615974 -0.006863 0.107942 -0.158773 -0.069803 -0.562926 -0.607589 0.072431 -0.373324 -0.109778 -0.153230 0.461696 0.321162 -0.193193 -0.451575 -0.095923 -0.020369 1.000000 0.690927 0.588681 0.607144 0.544980 0.307264 0.245883 0.177039 -0.031117 -0.037075 -0.383675 -0.295487 0.511021 0.488838 -0.463359 -0.440487 -0.435325 -0.362246 0.064724 0.121839 -0.274771 0.401171 -0.334359 0.352761 -0.621547 -0.586149 -0.524761 -0.488521 -0.131231 -0.179666 -0.240713 -0.199985 -0.251622 0.260417 0.006356 -0.250301 -0.439418 -0.347980 0.164338 0.081818 0.258302 0.323478 0.608489 0.535873 0.034209 -0.056631 0.554448 0.445328 0.029854 0.443598 0.548717 0.303561 -0.055129 0.060903 -0.450123 -0.289795 -0.244155 -0.000717 -0.441290 -0.179449 0.573164 0.561210 0.655478 0.689338 0.068405 0.320397 0.143418 -0.518600 -0.445926 0.143655 -0.255597 0.620779 -0.548860 -0.620708 0.405304 0.486226 0.674936 0.575361 0.097498 0.500309 0.469532 0.156183
-0.115753 0.021800 -0.586561 -0.453402 0.262432 0.227071 -0.593205 -0.594407 0.374607 0.478660 -0.588657 0.102330 -0.418220 0.050147 0.374963 0.566315 0.494304 0.476553 -0.034279 0.290863 -0.000276 -0.011937 -0.594334 -0.653980 0.176527 -0.245712 -0.065921 -0.169406 0.182256 0.012498 -0.248588 -0.464163 0.009956 -0.014222 0.690927 1.000000 0.559007 0.636810 0.665289 0.392951 0.226150 0.006359 -0.115280 -0.185256 -0.329961 -0.130905 0.485454 0.487459 -0.455912 -0.446943 -0.510174 -0.427328 0.149105 0.193846 -0.182922 0.382782 -0.352505 0.436345 -0.592824 -0.510834 -0.561263 -0.399222 -0.259176 -0.127263 -0.266951 -0.206995 -0.106609 0.550242 -0.217463 -0.152035 -0.406457 -0.088788 -0.097466 0.132927 0.283369 0.504658 0.688349 0.826600 -0.178367 -0.254295 0.475512 0.236453 0.101538 0.415702 0.571708 0.236648 0.284873 0.358608 -0.331834 -0.161339 -0.175090 0.113385 -0.192693 0.073075 0.426349 0.248590 0.557481 0.483056 -0.044552 0.181997 0.423798 -0.372743 -0.331546 0.262140 -0.222661 0.580138 -0.600990 -0.643238 0.160405 0.323310 0.722574 0.437141 0.224630 0.415965 0.486202 0.051856
