1.000000 0.514973 0.451516 0.405978 -0.053711 -0.087976 0.377129 0.265380 -0.109863 0.002858 0.080271 -0.208043 -0.134487 -0.254877 0.060066 -0.183109 -0.216713 -0.205815 0.569658 0.523148 -0.154406 -0.157879 0.195695 0.078466 -0.171463 -0.255737 0.050068 -0.075161 -0.035176 -0.402588 -0.292891 -0.311333 -0.163653 0.040885 0.054197 0.041204 -0.087540 -0.084509 -0.325141 -0.146461 -0.139462 -0.372798 -0.608064 -0.518780 -0.533217 -0.470876 -0.426649 -0.362139 -0.484436 -0.498007 -0.484094 -0.523670 -0.088808 -0.313515 -0.158216 -0.385117 0.461150 0.491871 0.612629 0.533728 0.497420 0.473370 -0.091634 0.069612 0.140926 0.096649 0.387014 0.111334 0.421050 -0.012437 -0.156371 -0.381656 -0.300058 -0.373265 -0.295398 -0.143795 -0.089381 -0.036960 -0.107560 -0.134551 -0.153541 -0.107029 0.233633 -0.093343 -0.051892 -0.140966 0.149679 0.152175 0.326577 0.227036 0.137042 0.027558 0.114854 0.343144 0.296425 0.029940 -0.150501 -0.192224 -0.142569 -0.238183 0.269853 0.190147 0.258243 0.090078 0.115472 -0.085595 0.262224 0.114761 0.224587 0.060261 -0.170620 -0.305417 -0.018320 0.168205 -0.090732 0.348537
0.514973 1.000000 0.375067 0.307907 -0.246441 -0.399254 0.459281 0.392192 -0.209460 -0.331580 0.008607 0.108449 0.115758 0.012506 -0.119664 -0.181450 -0.158964 0.267352 0.265064 0.578225 -0.282395 -0.299299 0.058499 -0.248498 -0.558570 -0.652813 -0.338707 -0.277942 0.130072 0.059649 -0.207798 -0.257144 0.162287 0.072632 -0.122331 -0.389850 0.151351 -0.181287 -0.314213 -0.216813 0.066234 -0.219504 -0.495065 -0.374862 -0.243403 -0.282773 -0.249300 -0.437924 -0.309863 -0.157606 -0.459007 -0.345013 -0.118766 -0.361514 -0.150180 -0.321126 0.329598 0.506322 0.509535 0.510754 0.429839 0.579364 0.229200 0.355033 -0.169537 0.096933 0.287623 0.032723 0.431571 -0.012519 -0.344293 -0.334382 0.065001 -0.270610 -0.018706 -0.295938 -0.036865 -0.117046 -0.038646 -0.102606 0.166094 0.213820 0.021108 -0.034599 -0.114056 -0.238202 -0.123852 -0.115752 0.057282 0.012314 -0.104548 -0.250345 -0.144939 0.000710 0.180567 0.166358 -0.250222 -0.412704 -0.132019 -0.169463 0.101358 0.026152 0.162455 -0.027988 0.158320 -0.084733 -0.061686 -0.039261 0.164207 0.012742 -0.593219 -0.435929 0.179221 0.130367 0.050310 0.292444
0.451516 0.375067 1.000000 0.677348 0.221113 -0.198237 0.835701 0.698169 0.090102 0.155766 0.279077 -0.090516 0.142854 0.035146 0.181900 0.145975 -0.424996 -0.230844 0.492176 0.454528 -0.405406 -0.234969 0.586406 0.376573 0.108707 -0.008104 -0.229198 -0.315759 0.062943 -0.208599 0.015920 0.076282 -0.213497 -0.004061 -0.112559 -0.025925 -0.312562 -0.556521 -0.520924 -0.411561 -0.206666 -0.068993 -0.439729 -0.430833 -0.294060 -0.447702 -0.473830 -0.268790 -0.208114 -0.287783 -0.139350 -0.166479 0.103458 -0.139311 -0.222144 -0.563661 -0.207963 -0.054418 0.324185 0.234605 0.271064 0.304328 -0.001979 0.023342 0.250513 -0.004175 0.224111 0.033920 0.151508 -0.033391 -0.268354 -0.123747 -0.135823 -0.001870 -0.367976 0.038931 -0.430405 -0.173007 -0.394737 -0.378400 -0.321069 -0.284813 0.126599 -0.102604 -0.150032 -0.298083 -0.002013 -0.140127 0.176219 -0.069371 0.206423 -0.014934 0.228958 0.266148 -0.148865 -0.307596 -0.298470 -0.542378 -0.312237 -0.477883 0.192952 -0.188688 0.098418 -0.259339 -0.278730 -0.540875 -0.230716 -0.181008 -0.185367 -0.307532 -0.314825 -0.434530 -0.216766 0.023126 -0.258649 -0.102563
0.405978 0.307907 0.677348 1.000000 0.064602 -0.070655 0.497117 0.637495 -0.054940 0.128391 0.083883 -0.039305 -0.301482 -0.152351 0.051696 0.091954 -0.418421 -0.264312 0.591678 0.512310 -0.269876 -0.127081 0.660147 0.586114 0.018449 0.067548 -0.123514 -0.072505 -0.137371 -0.440521 -0.003616 0.148265 -0.352683 -0.107342 0.149004 0.118077 -0.425460 -0.540440 -0.358834 -0.298318 -0.258008 -0.219510 -0.357645 -0.391595 -0.225280 -0.357345 -0.453127 -0.199208 -0.149292 -0.226854 -0.239209 -0.087053 0.163397 0.029841 -0.053292 -0.413576 -0.139217 -0.046947 0.217002 0.230267 0.001604 0.273687 -0.243939 -0.153883 0.286264 0.013012 0.155246 -0.055226 0.204420 0.039771 -0.288760 -0.197982 -0.384848 -0.195706 -0.320015 -0.168400 -0.441726 -0.323420 -0.451317 -0.435562 -0.424839 -0.445003 0.265880 0.162236 0.001161 -0.085201 0.212261 0.147125 0.254489 0.058923 0.367726 0.128130 0.243849 0.219572 -0.011710 -0.178879 -0.257050 -0.454678 -0.214756 -0.265660 0.223754 -0.115335 0.162450 -0.169714 -0.126380 -0.430862 -0.059034 0.008120 -0.014577 -0.189463 -0.258124 -0.365932 -0.294341 0.050715 -0.226819 -0.122891
-0.053711 -0.246441 0.221113 0.064602 1.000000 0.684464 0.174582 0.102581 0.811476 0.740480 0.178880 -0.210048 -0.146485 0.051506 0.512468 0.376372 -0.250965 -0.362898 0.016732 0.048699 0.049787 0.433912 0.014381 0.084254 0.749611 0.412587 0.524836 0.432932 -0.234619 -0.258545 -0.090315 0.070513 -0.126418 0.012648 0.059370 0.103084 0.004753 -0.174194 -0.139979 0.170046 -0.060790 0.169917 -0.006240 -0.053301 -0.086649 -0.059999 -0.094285 0.196541 -0.054696 -0.086508 0.030881 0.054124 0.251074 0.195294 0.125450 0.026269 -0.311636 -0.293789 -0.158413 -0.203318 -0.081237 -0.182466 -0.239597 -0.208701 0.133853 -0.119085 -0.059948 0.006504 -0.143838 -0.019105 -0.252403 0.455203 -0.251753 0.433171 -0.533888 0.477059 -0.348029 -0.137205 -0.190517 -0.295549 -0.230034 -0.254157 0.327151 0.329180 -0.092289 -0.061971 0.198195 -0.023063 0.356934 0.178421 0.125551 0.205466 0.111362 0.154712 -0.029980 -0.145919 0.294218 0.124220 0.019463 -0.038725 0.016762 -0.208939 -0.141411 -0.188991 -0.165378 -0.244883 -0.152082 0.007909 -0.180107 0.165165 0.210494 -0.029280 -0.117458 0.233025 0.042531 -0.093093
-0.087976 -0.399254 -0.198237 -0.070655 0.684464 1.000000 -0.270908 -0.305267 0.595406 0.690685 0.064731 -0.157561 -0.205444 -0.164811 0.544418 0.440099 -0.182618 -0.351245 0.029346 -0.071051 0.369120 0.754669 0.004284 0.095241 0.586041 0.554871 0.843768 0.844991 -0.389583 -0.374872 -0.132825 0.031775 -0.363057 -0.077117 0.368291 0.288473 0.111906 0.007624 0.168940 0.472336 -0.088254 0.017998 0.093487 -0.079455 -0.192759 -0.128862 -0.028768 0.219998 -0.087437 -0.209075 -0.157474 -0.059407 0.212029 0.291049 0.163499 0.213486 -0.062251 -0.166172 -0.295255 -0.220103 -0.198731 -0.203121 -0.345075 -0.296368 0.188454 -0.139251 -0.200499 -0.168425 -0.027196 0.072595 -0.073652 0.394327 -0.391990 0.164194 -0.443242 0.342257 -0.208602 -0.085462 -0.040763 -0.098349 -0.125641 -0.202181 0.491614 0.517307 -0.047835 0.084506 0.326967 0.183181 0.347514 0.357077 0.081698 0.350652 0.286070 0.218144 0.110906 0.043149 0.234708 0.315501 0.048791 0.206107 0.135692 -0.063587 -0.031874 0.035279 0.131190 -0.001844 0.132689 0.316478 -0.029535 0.288285 0.242425 0.091265 -0.122202 0.291070 0.280730 0.081643
0.377129 0.459281 0.835701 0.497117 0.174582 -0.270908 1.000000 0.779248 -0.016879 0.097728 0.230925 0.038314 0.335926 0.250974 0.097379 0.086938 -0.400668 -0.113594 0.410280 0.444985 -0.318957 -0.284603 0.430558 0.140133 -0.007558 -0.276201 -0.236679 -0.364619 0.190424 0.022443 0.093032 0.160915 -0.053782 0.111499 -0.218246 -0.110658 -0.258833 -0.463519 -0.564145 -0.434526 -0.182322 -0.047079 -0.436952 -0.385938 -0.264007 -0.365503 -0.400595 -0.276605 -0.236272 -0.234438 -0.258151 -0.258810 -0.174130 -0.358116 -0.306593 -0.557393 -0.221784 -0.061050 0.238609 0.133353 0.296638 0.272841 0.175976 0.081700 0.108736 0.031001 0.169549 0.074845 0.099893 -0.066860 -0.184770 -0.153410 0.045415 -0.075912 -0.221075 0.028547 -0.303720 -0.023673 -0.411636 -0.273303 -0.200827 -0.124972 0.137585 -0.031217 -0.242452 -0.433869 0.003073 -0.202784 0.118799 -0.171313 0.009826 -0.211378 0.224630 0.314328 -0.165039 -0.153675 -0.313296 -0.523899 -0.289930 -0.490487 0.309965 -0.057618 0.263875 -0.111122 -0.084459 -0.419838 -0.140256 -0.022048 -0.048598 -0.205355 -0.362344 -0.426086 -0.129649 0.079376 -0.216733 -0.071172
0.265380 0.392192 0.698169 0.637495 0.102581 -0.305267 0.779248 1.000000 -0.143419 0.112382 0.194253 0.304350 0.076827 0.348243 -0.060363 0.182927 -0.445965 -0.174847 0.338768 0.411609 -0.387929 -0.389774 0.374153 0.358164 0.031769 -0.233879 -0.291241 -0.364753 0.082892 -0.042612 0.153473 0.331699 -0.038994 0.236483 -0.181948 0.031617 -0.301414 -0.443035 -0.454098 -0.377103 -0.230201 -0.009422 -0.317697 -0.254824 -0.139738 -0.212867 -0.367909 -0.201456 -0.163711 -0.141000 -0.147291 -0.146558 -0.095877 -0.256501 -0.114178 -0.475539 -0.323644 -0.209411 0.066136 0.023795 0.101096 0.311044 0.006498 -0.043347 0.216256 0.279692 0.047622 0.025490 0.004794 -0.073890 -0.216052 -0.256267 -0.074196 -0.164776 -0.161532 -0.077261 -0.279730 -0.083293 -0.582997 -0.367211 -0.404490 -0.300382 0.015913 -0.003602 -0.192893 -0.318450 0.030219 -0.180729 0.072238 -0.298522 0.110841 -0.248912 0.199663 0.211356 -0.104575 -0.153955 -0.160175 -0.404613 -0.287815 -0.400605 0.282697 -0.133042 0.234044 -0.172707 -0.099514 -0.378278 -0.231479 -0.061679 0.001780 -0.174454 -0.250559 -0.431884 -0.225311 0.028146 -0.180676 -0.156222
-0.109863 -0.209460 0.090102 -0.054940 0.811476 0.595406 -0.016879 -0.143419 1.000000 0.704658 0.023290 -0.323037 -0.234063 -0.109935 0.487094 0.331831 -0.075563 -0.321731 -0.073903 0.036274 -0.106755 0.501281 -0.131507 -0.129993 0.588430 0.343429 0.276423 0.295086 -0.313757 -0.216566 -0.341188 -0.215710 -0.189190 -0.220865 0.028379 -0.056316 0.069759 -0.108096 -0.170290 0.110437 0.038468 0.116041 0.215507 0.104909 -0.009075 -0.005485 0.085385 0.344002 0.052342 0.008218 0.158091 0.188993 0.364276 0.317284 0.144139 0.156798 -0.162468 -0.190246 -0.074228 -0.079219 -0.040448 -0.185949 -0.184911 -0.147399 -0.088096 -0.218448 0.060922 0.096293 -0.025522 0.094586 -0.331432 0.552356 -0.344953 0.615330 -0.579571 0.453654 -0.322685 -0.160885 0.043986 -0.264572 -0.085287 -0.142060 0.159481 0.193672 -0.048765 -0.037173 0.020459 -0.077218 0.267658 0.209325 0.190854 0.349878 0.076993 0.132439 -0.088650 -0.138884 0.272760 0.115095 0.126164 0.118453 -0.071277 -0.218890 -0.224074 -0.236085 -0.177483 -0.134910 -0.174877 -0.069569 -0.369110 0.097189 0.150468 0.107100 -0.028823 0.159270 0.032041 -0.169636
0.002858 -0.331580 0.155766 0.128391 0.740480 0.690685 0.097728 0.112382 0.704658 1.000000 0.130158 -0.091335 -0.117211 0.034250 0.527628 0.591695 -0.303391 -0.576912 0.173098 0.161718 0.059209 0.492101 0.056127 0.226692 0.725167 0.409726 0.446022 0.319273 -0.252942 -0.413611 -0.274712 -0.023663 -0.446174 -0.063616 0.062625 0.302373 -0.084797 -0.136926 -0.131400 0.163727 -0.110729 0.182341 0.045667 -0.112220 -0.241718 -0.214470 -0.164046 0.301681 -0.126882 -0.275866 -0.039085 -0.034358 0.237258 0.189315 0.131496 -0.030143 -0.281269 -0.280231 -0.132484 -0.079126 -0.056377 -0.010065 -0.380053 -0.285436 0.132196 0.037308 0.040552 0.048954 0.019448 0.203853 -0.227596 0.329519 -0.524937 0.301535 -0.631147 0.449734 -0.332010 -0.090247 -0.182358 -0.262188 -0.287842 -0.423965 0.333924 0.349157 -0.050635 -0.021983 0.260812 0.121087 0.429034 0.213415 0.165037 0.307390 0.375689 0.386461 -0.107699 -0.125520 0.079972 0.095786 -0.123511 -0.077467 0.160637 -0.110047 -0.041327 -0.115101 -0.092447 -0.257218 -0.115332 0.068659 -0.268247 0.026112 0.212784 0.010055 -0.341922 0.114764 -0.004318 -0.215105
0.080271 0.008607 0.279077 0.083883 0.178880 0.064731 0.230925 0.194253 0.023290 0.130158 1.000000 0.323153 0.394434 0.311588 0.349368 0.290926 0.046037 -0.045560 0.147579 -0.099218 -0.109145 -0.114464 0.208269 0.091256 0.067954 0.128387 0.031544 -0.029428 0.211276 0.039486 0.276406 0.257600 -0.116504 0.121701 -0.009385 0.201325 -0.231970 -0.198630 0.020016 -0.137990 -0.272918 0.213299 -0.149211 -0.192805 -0.130308 -0.155472 -0.322949 -0.091179 -0.015128 -0.154907 -0.116224 -0.123452 -0.132511 -0.060970 -0.251864 -0.180060 -0.278388 -0.263887 -0.064753 -0.115534 0.033677 0.063954 -0.174100 -0.043206 0.352803 0.165556 -0.111492 -0.110021 -0.142854 0.084749 -0.009161 -0.041703 -0.053252 0.038958 -0.040595 0.116173 -0.113408 -0.018853 -0.035756 0.127265 -0.181725 -0.130656 -0.002118 0.035127 -0.104016 -0.127375 0.003242 -0.014635 -0.147292 -0.081321 -0.098151 -0.104300 0.093916 0.024195 -0.316373 0.026082 -0.109562 -0.258063 -0.294551 -0.155717 0.187255 -0.011178 0.168715 0.133651 0.058055 0.014409 -0.098643 0.014800 -0.099579 -0.084425 -0.072569 -0.186357 -0.148919 0.075657 -0.032449 -0.052020
-0.208043 0.108449 -0.090516 -0.039305 -0.210048 -0.157561 0.038314 0.304350 -0.323037 -0.091335 0.323153 1.000000 0.330591 0.554660 -0.054128 0.397123 -0.050913 0.177259 -0.213153 -0.214646 -0.169349 -0.272376 -0.053734 0.041516 -0.257324 -0.248933 -0.120440 -0.090042 0.215215 0.324438 0.335501 0.388964 0.088730 0.342747 -0.140437 -0.038453 -0.136458 -0.078506 -0.027023 0.010099 -0.041477 0.228999 0.019410 0.001105 0.067019 0.071089 -0.037692 -0.154661 0.089830 0.039398 -0.041764 -0.117062 -0.212710 -0.137861 -0.033382 -0.087375 -0.205161 -0.276409 -0.133456 -0.127220 0.043090 0.254851 0.172343 0.179424 0.057122 0.453794 -0.187371 -0.177821 -0.162583 -0.110721 0.072352 -0.215982 0.206535 -0.185185 0.339655 -0.164164 -0.004800 0.053927 -0.185216 0.082922 -0.093871 -0.049437 -0.200117 0.124816 -0.101965 -0.165821 -0.157319 -0.098807 -0.341786 -0.337720 -0.318656 -0.391805 -0.172081 -0.120585 -0.188610 0.085805 -0.150526 -0.186317 -0.206123 -0.104488 0.210408 0.129728 0.236925 0.217606 0.219443 0.202350 -0.077484 0.130776 0.006074 -0.127350 -0.291800 -0.361559 -0.208223 -0.092409 0.114897 -0.109261
-0.134487 0.115758 0.142854 -0.301482 -0.146485 -0.205444 0.335926 0.076827 -0.234063 -0.117211 0.394434 0.330591 1.000000 0.536324 0.051029 0.187519 0.192739 0.299949 -0.087642 -0.131925 -0.006877 -0.157330 -0.018581 -0.222747 -0.150402 -0.201078 -0.186325 -0.252171 0.540490 0.465779 0.319668 0.195717 0.151919 0.136456 -0.346281 -0.250266 0.077258 -0.031230 -0.059371 -0.198881 -0.014583 0.251840 -0.221451 -0.210548 -0.185556 -0.245436 -0.183944 -0.245634 -0.095511 -0.126650 -0.222264 -0.245687 -0.358993 -0.297713 -0.307854 -0.265022 -0.021144 0.009971 -0.037715 -0.076743 0.265066 0.002493 0.404842 0.385565 -0.167078 -0.089621 -0.029527 -0.053108 0.013773 0.045056 0.146254 -0.033951 0.451516 -0.054868 0.227694 0.021520 0.099260 0.140954 0.226939 0.318912 0.362443 0.407957 -0.109193 -0.001307 -0.120295 -0.174978 -0.232391 -0.082047 -0.262532 -0.144131 -0.432941 -0.348779 0.053959 0.020503 -0.402885 0.073617 -0.398869 -0.350183 -0.318537 -0.310614 0.136805 0.124642 0.215817 0.199231 0.099070 0.040954 -0.077957 -0.092527 -0.083793 -0.173189 -0.343527 -0.217170 -0.024942 0.034767 0.022371 -0.077725
-0.254877 0.012506 0.035146 -0.152351 0.051506 -0.164811 0.250974 0.348243 -0.109935 0.034250 0.311588 0.554660 0.536324 1.000000 -0.075669 0.286108 0.207019 0.263010 -0.123542 -0.116911 0.050998 -0.199260 0.036993 0.043810 -0.053495 -0.039581 -0.095612 -0.176501 0.386226 0.440195 0.281111 0.378917 0.205508 0.336088 -0.436292 -0.122973 -0.027664 -0.104002 -0.034473 -0.127494 -0.075909 0.154241 -0.101077 -0.056441 -0.040233 -0.089585 -0.069949 -0.104364 -0.028890 -0.000883 -0.059495 -0.116305 -0.306210 -0.158964 -0.072567 -0.070153 -0.226004 -0.306308 -0.398873 -0.411366 -0.085457 -0.056802 0.238494 0.283162 -0.110924 0.005922 -0.251128 -0.221522 -0.256436 -0.036382 0.201519 0.108372 0.364111 0.071554 0.167181 0.037407 0.116384 0.175676 0.003044 0.136303 0.176576 0.189909 -0.107146 0.165947 -0.172523 -0.181895 -0.067864 -0.081034 -0.169562 -0.226868 -0.203765 -0.210705 0.136201 0.080184 -0.346256 0.021915 -0.090969 -0.254513 -0.230055 -0.196595 0.212871 0.153145 0.128454 0.147184 0.030078 0.073108 -0.123959 0.032874 -0.084671 -0.128633 -0.163053 -0.150806 -0.104437 0.078299 -0.074228 -0.173803
0.060066 -0.119664 0.181900 0.051696 0.512468 0.544418 0.097379 -0.060363 0.487094 0.527628 0.349368 -0.054128 0.051029 -0.075669 1.000000 0.602936 -0.334725 -0.394880 0.241254 0.135505 0.109956 0.351595 0.092979 0.015425 0.405999 0.245179 0.438352 0.399238 0.026351 -0.118092 0.033036 0.136555 -0.269785 0.134689 0.248019 0.293851 0.057803 0.041241 0.043479 0.235080 0.011630 0.211868 0.063657 -0.115483 -0.359899 -0.355138 -0.241210 0.184680 -0.328810 -0.454329 -0.285992 -0.248208 0.095131 0.220582 -0.277078 -0.199716 -0.193188 -0.026717 -0.134968 -0.057074 -0.084581 -0.008056 -0.315183 -0.279303 0.282532 -0.199398 0.057659 -0.163369 0.261764 0.019135 -0.070315 0.070794 -0.259862 0.096573 -0.275985 0.405914 -0.155574 0.067731 0.007085 0.048099 -0.035962 -0.078152 0.513749 0.436102 0.047692 -0.073896 0.157965 0.078564 0.078690 0.020652 -0.167129 0.095173 0.075412 0.087668 0.010821 -0.157383 -0.093146 0.054196 -0.197174 -0.059588 0.122170 -0.186582 0.120243 -0.046688 0.160473 -0.107805 -0.126631 0.174855 -0.076853 0.003867 0.055283 -0.215491 -0.329338 0.203352 0.280527 0.106608
-0.183109 -0.181450 0.145975 0.091954 0.376372 0.440099 0.086938 0.182927 0.331831 0.591695 0.290926 0.397123 0.187519 0.286108 0.602936 1.000000 -0.330166 -0.287264 0.051940 0.050196 0.032697 0.363430 0.096110 0.227116 0.405779 0.288328 0.274581 0.267857 -0.033921 0.050650 0.089571 0.311944 -0.369243 0.200476 0.103269 0.268565 -0.090895 -0.076883 0.016704 0.245886 -0.111587 0.282496 0.105869 -0.140420 -0.280075 -0.329086 -0.260537 0.075405 -0.194424 -0.363960 -0.153552 -0.186559 0.091857 0.144384 -0.201348 -0.265578 -0.286905 -0.284628 -0.240256 -0.126540 -0.126378 0.138379 -0.258349 -0.087262 0.110367 0.100271 -0.010502 -0.235711 0.136881 0.055853 0.029553 0.155076 -0.292997 0.104258 -0.269697 0.292266 -0.198668 0.061058 -0.095478 -0.132685 -0.110401 -0.157122 0.186355 0.438186 -0.053058 -0.084949 -0.096095 -0.022088 -0.102163 -0.176232 -0.149828 -0.019031 0.264994 0.134123 -0.131577 -0.209473 -0.234013 -0.010081 -0.405498 -0.216029 0.234723 -0.108464 0.158481 -0.008055 0.159158 -0.112393 -0.335914 -0.022534 -0.229432 -0.028183 -0.044339 -0.278281 -0.448274 0.099555 0.266952 -0.101800
-0.216713 -0.158964 -0.424996 -0.418421 -0.250965 -0.182618 -0.400668 -0.445965 -0.075563 -0.303391 0.046037 -0.050913 0.192739 0.207019 -0.334725 -0.330166 1.000000 0.607384 -0.296603 -0.347021 0.139404 -0.149192 -0.266419 -0.275643 -0.257499 0.055600 -0.228776 -0.190025 0.351156 0.372181 0.150000 -0.017876 0.240103 -0.070442 -0.346276 -0.388432 0.110277 0.190099 0.184083 -0.191566 0.112890 -0.016864 0.099817 0.159626 0.172808 0.248518 0.216830 0.030613 0.178870 0.302630 0.137286 0.139700 -0.187148 0.035275 0.041575 0.326284 0.358632 0.050004 -0.172027 -0.284409 -0.080467 -0.393838 0.330851 0.352620 -0.329992 -0.295449 -0.242536 -0.082023 -0.270107 0.122717 0.237573 0.169010 0.421757 0.231450 0.261587 -0.081082 0.317248 0.058949 0.647387 0.425557 0.502287 0.452273 -0.332478 -0.105732 0.192475 0.232901 -0.125979 0.093726 -0.300542 0.085858 -0.092900 0.118853 -0.099721 -0.170710 -0.306156 0.079192 -0.072441 -0.072322 0.197254 0.268580 -0.102844 0.259658 -0.079681 0.229237 -0.074592 0.268683 0.013556 -0.085485 -0.265087 -0.044547 -0.016627 0.354068 0.209351 0.029125 -0.209465 -0.219742
-0.205815 0.267352 -0.230844 -0.264312 -0.362898 -0.351245 -0.113594 -0.174847 -0.321731 -0.576912 -0.045560 0.177259 0.299949 0.263010 -0.394880 -0.287264 0.607384 1.000000 -0.326911 -0.180850 0.029413 -0.251765 -0.212470 -0.381456 -0.459058 -0.271471 -0.282304 -0.166051 0.412687 0.648572 0.347332 0.128958 0.473336 0.065611 -0.277370 -0.526066 0.262252 0.057955 0.046292 -0.163903 0.292894 0.086702 -0.098600 -0.013747 0.182769 0.191605 0.052295 -0.326036 0.101321 0.293736 -0.081336 0.013041 -0.303509 -0.125443 -0.142929 0.027483 0.356016 0.156092 -0.037297 -0.113619 0.106267 -0.130031 0.632090 0.539809 -0.327221 -0.167764 -0.252645 -0.149039 -0.182969 -0.028600 0.135734 0.025638 0.701359 0.019317 0.516510 -0.184528 0.389546 0.108411 0.413459 0.342387 0.555422 0.597272 -0.313335 0.065047 -0.035913 0.003707 -0.315834 -0.121723 -0.433673 -0.128918 -0.236273 -0.243455 -0.269122 -0.360194 -0.099098 0.219278 -0.217860 -0.236603 -0.030210 0.048086 -0.130642 0.118183 0.010957 0.101451 0.001882 0.161581 -0.133842 -0.158449 -0.095339 0.098924 -0.285922 -0.006884 0.194618 -0.146375 -0.094209 -0.022265
0.569658 0.265064 0.492176 0.591678 0.016732 0.029346 0.410280 0.338768 -0.073903 0.173098 0.147579 -0.213153 -0.087642 -0.123542 0.241254 0.051940 -0.296603 -0.326911 1.000000 0.763366 -0.000365 -0.078749 0.413285 0.328193 0.095823 0.032720 0.050263 -0.068207 0.049756 -0.400865 -0.146744 -0.024918 -0.421409 -0.052295 0.165366 0.350534 -0.186073 -0.158992 -0.211729 -0.159347 -0.159519 -0.251580 -0.364251 -0.486994 -0.513824 -0.556269 -0.409797 -0.072549 -0.470187 -0.558575 -0.465338 -0.431713 -0.072849 -0.131314 -0.184569 -0.473869 0.063798 0.300475 0.152925 0.224508 -0.086414 0.177614 -0.367194 -0.297019 0.242732 -0.132850 0.288841 0.071008 0.531499 0.260165 -0.139263 -0.330501 -0.390172 -0.316515 -0.332946 0.069962 -0.094612 0.027166 -0.264350 -0.326398 -0.188653 -0.308577 0.374427 0.120378 -0.030701 -0.114147 0.132472 0.132379 0.308498 0.024905 0.308384 0.257928 0.532479 0.575932 0.004745 0.018664 -0.328100 -0.288274 -0.159331 -0.261173 0.348580 0.021322 0.193290 -0.055740 0.042303 -0.212382 0.086743 0.033853 0.136983 -0.082147 -0.097354 -0.089357 -0.167488 0.309278 -0.088411 0.183772
0.523148 0.578225 0.454528 0.512310 0.048699 -0.071051 0.444985 0.411609 0.036274 0.161718 -0.099218 -0.214646 -0.131925 -0.116911 0.135505 0.050196 -0.347021 -0.180850 0.763366 1.000000 -0.051952 -0.077156 0.120620 0.048463 0.007675 -0.243382 -0.096381 -0.175101 -0.037749 -0.280312 -0.382989 -0.200922 -0.205575 -0.033697 0.006974 0.074973 -0.017407 -0.118987 -0.325422 -0.141785 0.003762 -0.194279 -0.359947 -0.350883 -0.354655 -0.375589 -0.231962 -0.039874 -0.441889 -0.384174 -0.448555 -0.319884 -0.030917 -0.206176 -0.100769 -0.442030 0.110295 0.415575 0.330672 0.397177 0.012935 0.270199 -0.270640 -0.156479 -0.110511 -0.160123 0.487585 0.231208 0.659748 0.273670 -0.313472 -0.202993 -0.380650 -0.198471 -0.345652 -0.032731 -0.048098 0.008043 -0.252746 -0.427666 -0.107760 -0.181535 0.203968 0.136565 -0.142547 -0.176960 -0.051969 -0.015603 0.244042 -0.080647 0.233797 0.147209 0.327528 0.404076 0.095011 0.039517 -0.195095 -0.226573 -0.083293 -0.197165 0.176301 -0.053616 0.151946 -0.136181 0.054479 -0.219448 -0.092365 -0.112316 0.130581 0.020035 -0.154183 -0.089763 0.014555 0.223291 -0.023295 0.171140
-0.154406 -0.282395 -0.405406 -0.269876 0.049787 0.369120 -0.318957 -0.387929 -0.106755 0.059209 -0.109145 -0.169349 -0.006877 0.050998 0.109956 0.032697 0.139404 0.029413 -0.000365 -0.051952 1.000000 0.448362 -0.015206 -0.005954 0.109724 0.339297 0.463592 0.391577 -0.062586 0.013166 0.091659 0.167120 -0.076197 0.100414 0.146685 0.222819 0.338328 0.312245 0.381752 0.374899 0.250146 0.034880 0.031607 0.061724 -0.053552 0.006400 0.094711 0.139080 -0.087240 -0.113021 -0.215867 -0.098166 0.007051 0.125030 0.173862 0.191314 0.042962 -0.021864 -0.357966 -0.308709 -0.222102 -0.206868 -0.131473 0.048160 0.010247 -0.281803 -0.248438 -0.286726 -0.074501 -0.118012 0.427555 0.270151 0.092424 0.032170 0.225433 0.206877 0.345663 0.272513 0.168829 0.170693 0.209718 0.100955 0.268014 0.250637 -0.047145 0.030979 0.191668 0.133271 0.033932 0.159948 -0.076566 0.190157 0.185537 0.052210 0.151605 0.140981 0.127218 0.281036 0.089332 0.188340 -0.000813 0.041073 -0.011109 0.143525 0.142036 0.108971 0.116273 0.217480 0.188915 0.239475 0.221483 0.223719 0.092260 0.194361 0.131652 0.172978
-0.157879 -0.299299 -0.234969 -0.127081 0.433912 0.754669 -0.284603 -0.389774 0.501281 0.492101 -0.114464 -0.272376 -0.157330 -0.199260 0.351595 0.363430 -0.149192 -0.251765 -0.078749 -0.077156 0.448362 1.000000 0.011152 -0.030912 0.388837 0.463640 0.611873 0.678754 -0.526123 -0.241771 -0.235432 -0.100870 -0.288669 -0.177764 0.313991 0.244337 0.175176 0.025778 0.168786 0.383174 0.035610 -0.010857 0.137508 -0.082972 -0.097031 -0.114611 0.001468 0.134539 0.019747 -0.130221 -0.108105 0.077710 0.334236 0.364318 0.154568 0.155400 0.077760 -0.062249 -0.156784 0.017864 -0.099708 -0.075870 -0.243047 -0.140992 0.014300 -0.176479 -0.073926 -0.182224 0.082934 0.011735 -0.037511 0.522370 -0.378408 0.285354 -0.370580 0.271347 -0.105994 -0.031460 0.112288 -0.001405 -0.017377 -0.081830 0.295995 0.285877 -0.230470 -0.068030 0.045597 -0.022861 0.215859 0.345658 0.153691 0.364942 0.268912 0.188962 0.194252 0.050051 0.171123 0.247200 0.009738 0.180375 -0.004649 -0.040110 -0.050358 0.024694 0.167940 0.027068 0.157821 0.224580 -0.046631 0.247759 0.067321 0.082792 0.023320 0.247355 0.271372 0.168543
0.195695 0.058499 0.586406 0.660147 0.014381 0.004284 0.430558 0.374153 -0.131507 0.056127 0.208269 -0.053734 -0.018581 0.036993 0.092979 0.096110 -0.266419 -0.212470 0.413285 0.120620 -0.015206 0.011152 1.000000 0.732355 0.008861 0.331024 0.025776 0.050139 -0.031416 -0.333524 0.111989 0.238815 -0.346613 0.089398 0.249459 0.230573 -0.347735 -0.565538 -0.120457 -0.165008 -0.333343 -0.215136 -0.334222 -0.422973 -0.317680 -0.489637 -0.478255 -0.280130 -0.100622 -0.280543 -0.176087 -0.161288 0.092911 0.063022 -0.081752 -0.260355 -0.226295 -0.176013 -0.086953 -0.080887 -0.055437 0.196445 -0.154800 -0.060561 0.506972 -0.010134 -0.134164 -0.323315 0.006948 -0.017703 -0.015515 -0.103519 -0.135987 -0.158341 -0.221796 -0.134140 -0.379775 -0.259081 -0.288393 -0.124278 -0.207087 -0.302858 0.391407 0.059935 0.080419 -0.054629 0.376602 0.202228 0.309458 0.232519 0.251492 0.185383 0.411684 0.272827 -0.019923 -0.243211 -0.295937 -0.452473 -0.280751 -0.324551 0.234545 -0.098137 0.003743 -0.104614 -0.221423 -0.482002 -0.036711 0.076422 -0.073951 -0.292403 -0.239321 -0.292713 -0.345160 0.048302 -0.173832 -0.078547
0.078466 -0.248498 0.376573 0.586114 0.084254 0.095241 0.140133 0.358164 -0.129993 0.226692 0.091256 0.041516 -0.222747 0.043810 0.015425 0.227116 -0.275643 -0.381456 0.328193 0.048463 -0.005954 -0.030912 0.732355 1.000000 0.276891 0.529418 0.134297 0.087522 -0.099955 -0.423213 0.135115 0.311184 -0.376457 0.193685 0.183524 0.430696 -0.381119 -0.402983 -0.027263 0.053898 -0.328971 -0.083187 -0.105643 -0.212671 -0.180277 -0.318125 -0.348633 -0.045598 -0.018193 -0.229772 0.048100 -0.037028 0.164538 0.139491 0.041721 -0.163769 -0.362349 -0.334708 -0.178808 -0.144263 -0.230247 0.056167 -0.317747 -0.197592 0.462891 0.168481 -0.100527 -0.244706 -0.107038 -0.002871 0.029982 -0.172042 -0.293094 -0.190221 -0.215428 -0.113014 -0.351147 -0.260552 -0.394513 -0.308167 -0.371967 -0.539041 0.278032 0.087363 0.173331 0.111280 0.421712 0.274425 0.325926 0.088078 0.346005 0.211286 0.406001 0.191025 -0.007544 -0.375590 -0.081472 -0.123069 -0.213168 -0.259239 0.124350 -0.116950 -0.098413 -0.183577 -0.316321 -0.434640 -0.093231 -0.040820 -0.094244 -0.267716 0.156515 -0.094470 -0.450583 -0.085124 -0.184127 -0.247983
-0.171463 -0.558570 0.108707 0.018449 0.749611 0.586041 -0.007558 0.031769 0.588430 0.725167 0.067954 -0.257324 -0.150402 -0.053495 0.405999 0.405779 -0.257499 -0.459058 0.095823 0.007675 0.109724 0.388837 0.008861 0.276891 1.000000 0.616165 0.437449 0.279972 -0.255337 -0.309729 -0.028748 0.139033 -0.298108 -0.017816 0.058450 0.415176 -0.111554 -0.066725 -0.088053 0.121577 -0.127531 0.283478 0.204675 0.086205 -0.094434 -0.063213 -0.123609 0.367257 -0.030663 -0.187857 0.189932 0.110783 0.263812 0.291165 0.079308 -0.046893 -0.384395 -0.292177 -0.228167 -0.201205 -0.200352 -0.292700 -0.373680 -0.354367 0.202724 -0.027224 -0.001797 0.130811 -0.087397 0.114702 -0.143401 0.307320 -0.357111 0.287182 -0.497266 0.473792 -0.287099 -0.080675 -0.210175 -0.274739 -0.252489 -0.324994 0.206970 0.184475 0.010211 0.105385 0.130806 0.039551 0.269059 0.025004 0.224508 0.236229 0.274548 0.131651 -0.084760 -0.229107 0.210008 0.234149 -0.103466 -0.101439 -0.074777 -0.303826 -0.176464 -0.270260 -0.299584 -0.294477 -0.208628 -0.184450 -0.197765 0.096008 0.456633 0.082182 -0.325701 0.147970 0.035255 -0.147221
-0.255737 -0.652813 -0.008104 0.067548 0.412587 0.554871 -0.276201 -0.233879 0.343429 0.409726 0.128387 -0.248933 -0.201078 -0.039581 0.245179 0.288328 0.055600 -0.271471 0.032720 -0.243382 0.339297 0.463640 0.331024 0.529418 0.616165 1.000000 0.451318 0.442467 -0.280694 -0.263998 0.159053 0.262982 -0.369332 -0.064331 0.107080 0.445064 -0.163213 -0.151447 0.177521 0.149816 -0.187914 0.121766 0.276668 0.130213 0.030394 -0.028871 -0.042386 0.303353 0.159959 -0.041239 0.294441 0.231983 0.283344 0.381660 0.095514 0.155433 -0.339783 -0.439085 -0.356437 -0.335071 -0.394331 -0.369211 -0.373847 -0.251771 0.222153 -0.170567 -0.211270 -0.172311 -0.299568 0.066426 0.096609 0.372592 -0.225825 0.339514 -0.252552 0.296035 -0.192906 -0.145378 -0.038203 -0.142958 -0.187678 -0.306777 0.131202 0.090899 0.002958 0.088434 0.176100 0.048479 0.109335 0.142923 0.346484 0.440141 0.338870 0.063901 -0.165820 -0.202826 0.196041 0.139162 0.026639 0.165367 0.002191 -0.128909 -0.203958 -0.110417 -0.286225 -0.263941 -0.113285 -0.048821 -0.246207 0.022600 0.394794 0.281817 -0.155291 0.099464 -0.133052 -0.184219
0.050068 -0.338707 -0.229198 -0.123514 0.524836 0.843768 -0.236679 -0.291241 0.276423 0.446022 0.031544 -0.120440 -0.186325 -0.095612 0.438352 0.274581 -0.228776 -0.282304 0.050263 -0.096381 0.463592 0.611873 0.025776 0.134297 0.437449 0.451318 1.000000 0.866371 -0.279111 -0.266279 -0.023846 0.103704 -0.230826 0.072411 0.376393 0.380979 0.107446 0.092771 0.286067 0.496515 -0.084914 -0.120537 -0.020064 -0.140323 -0.247914 -0.169604 -0.086736 0.052313 -0.195898 -0.283007 -0.223620 -0.186328 0.064099 0.127914 0.120855 0.145506 0.013679 -0.056975 -0.252519 -0.142121 -0.184447 -0.107646 -0.318467 -0.292059 0.255406 -0.092724 -0.225052 -0.193686 -0.027436 -0.016314 0.113161 0.225227 -0.244281 -0.102374 -0.247668 0.209604 -0.046245 0.074606 -0.068979 0.011278 -0.100394 -0.153364 0.572915 0.501978 -0.072435 0.048273 0.445192 0.265571 0.392189 0.373515 -0.072514 0.164120 0.206412 0.212793 0.278706 0.093724 0.226199 0.351077 -0.020257 0.119111 0.211190 0.076305 0.067060 0.132533 0.233333 0.026682 0.291368 0.400168 0.203002 0.345065 0.277059 0.018613 -0.065096 0.322972 0.285184 0.251370
-0.075161 -0.277942 -0.315759 -0.072505 0.432932 0.844991 -0.364619 -0.364753 0.295086 0.319273 -0.029428 -0.090042 -0.252171 -0.176501 0.399238 0.267857 -0.190025 -0.166051 -0.068207 -0.175101 0.391577 0.678754 0.050139 0.087522 0.279972 0.442467 0.866371 1.000000 -0.358605 -0.229643 0.017337 0.108196 -0.139941 0.024247 0.482376 0.257652 0.100843 0.089236 0.350012 0.570997 -0.054294 -0.131542 0.045743 -0.100499 -0.169532 -0.130158 -0.026467 0.015564 -0.115167 -0.182675 -0.216711 -0.097385 0.103450 0.249283 0.061563 0.209640 0.068255 -0.036684 -0.287198 -0.170587 -0.253561 -0.168950 -0.262103 -0.274070 0.171883 -0.125994 -0.234769 -0.261894 -0.003937 -0.029836 0.016939 0.224963 -0.223989 -0.095817 -0.174445 0.109409 -0.038769 -0.057943 0.035368 0.082456 -0.035035 -0.028987 0.475417 0.544146 -0.029699 0.112901 0.350720 0.212632 0.221167 0.333904 -0.040765 0.184201 0.082910 0.039605 0.325641 0.165004 0.248233 0.372798 0.030521 0.239212 0.112307 0.051102 0.061104 0.179849 0.340947 0.186833 0.294852 0.456619 0.238557 0.377392 0.206322 0.060428 -0.019988 0.244820 0.392209 0.281057
-0.035176 0.130072 0.062943 -0.137371 -0.234619 -0.389583 0.190424 0.082892 -0.313757 -0.252942 0.211276 0.215215 0.540490 0.386226 0.026351 -0.033921 0.351156 0.412687 0.049756 -0.037749 -0.062586 -0.526123 -0.031416 -0.099955 -0.255337 -0.280694 -0.279111 -0.358605 1.000000 0.456413 0.417053 0.230532 0.288554 0.325332 -0.176374 -0.251008 0.141365 0.220356 0.037965 -0.184170 0.194623 0.279953 -0.186665 -0.079800 -0.178870 -0.156658 -0.055262 -0.126883 -0.287397 -0.124762 -0.239231 -0.309845 -0.469802 -0.322748 -0.343162 -0.157335 0.015557 0.082360 -0.090079 -0.205818 0.132901 -0.033167 0.387784 0.280284 -0.093625 -0.066434 -0.179823 -0.139855 -0.024655 -0.102477 0.188435 -0.261887 0.635824 -0.120430 0.439201 0.006579 0.342551 0.236517 0.177104 0.275765 0.421867 0.322550 0.103490 0.220837 0.289383 0.082596 0.060986 0.164267 -0.121013 -0.105268 -0.526677 -0.425074 -0.222396 -0.170064 -0.131915 0.117437 -0.349513 -0.219566 -0.139754 -0.211770 -0.029707 0.065284 0.009381 -0.005992 -0.090543 -0.041632 -0.229021 -0.147611 -0.012035 -0.024470 -0.138311 -0.114232 -0.154301 -0.033723 0.027275 -0.010480
-0.402588 0.059649 -0.208599 -0.440521 -0.258545 -0.374872 0.022443 -0.042612 -0.216566 -0.413611 0.039486 0.324438 0.465779 0.440195 -0.118092 0.050650 0.372181 0.648572 -0.400865 -0.280312 0.013166 -0.241771 -0.333524 -0.423213 -0.309729 -0.263998 -0.266279 -0.229643 0.456413 1.000000 0.488124 0.408730 0.486935 0.251805 -0.350633 -0.283293 0.200785 0.223583 0.068190 -0.155926 0.302833 0.274009 0.227657 0.229543 0.210353 0.220933 0.140565 -0.082363 0.061384 0.211019 0.027432 0.025725 -0.350346 -0.141578 -0.336154 -0.100394 0.009120 -0.040735 -0.260947 -0.250944 -0.073418 -0.204789 0.494439 0.297820 -0.332800 -0.130709 -0.194969 -0.078037 -0.142283 -0.059789 0.260658 0.050167 0.696811 0.105536 0.612120 0.030553 0.443568 0.404002 0.290456 0.307263 0.405870 0.557266 -0.358690 0.036402 -0.148403 -0.236945 -0.455000 -0.326046 -0.663553 -0.445930 -0.441066 -0.387548 -0.248443 -0.290450 -0.199801 0.075202 -0.227714 -0.150787 -0.162281 -0.024415 0.050423 0.041055 0.172497 0.093792 0.116567 0.225531 -0.201992 -0.184589 -0.161394 0.012970 -0.168727 -0.028077 0.175035 -0.190874 -0.002665 -0.146151
-0.292891 -0.207798 0.015920 -0.003616 -0.090315 -0.132825 0.093032 0.153473 -0.341188 -0.274712 0.276406 0.335501 0.319668 0.281111 0.033036 0.089571 0.150000 0.347332 -0.146744 -0.382989 0.091659 -0.235432 0.111989 0.135115 -0.028748 0.159053 -0.023846 0.017337 0.417053 0.488124 1.000000 0.842554 0.279388 0.424774 -0.021282 0.030777 -0.176346 0.008754 0.110639 -0.087656 0.119175 0.306695 0.124754 0.034587 0.130576 0.111945 -0.118077 -0.089632 0.052436 0.068783 -0.031988 -0.058663 -0.427062 -0.133629 -0.399433 -0.217427 -0.302467 -0.376014 -0.315440 -0.413389 -0.146527 -0.303190 0.266087 0.040248 0.197755 0.019310 -0.353997 -0.226523 -0.403080 -0.260239 0.342657 -0.032090 0.523748 0.021906 0.499163 0.135676 0.269006 0.310938 0.007285 0.240335 0.024768 0.114640 -0.014432 0.153265 -0.056073 -0.198005 -0.079814 -0.134079 -0.469922 -0.430288 -0.384305 -0.384381 -0.138426 -0.216479 -0.173261 -0.075103 -0.190411 -0.141165 -0.190762 -0.092611 0.149076 0.118606 0.287724 0.193040 0.069066 -0.012679 -0.138012 0.084668 -0.046465 0.020554 0.019151 -0.106813 -0.113328 -0.133972 0.042001 -0.165134
-0.311333 -0.257144 0.076282 0.148265 0.070513 0.031775 0.160915 0.331699 -0.215710 -0.023663 0.257600 0.388964 0.195717 0.378917 0.136555 0.311944 -0.017876 0.128958 -0.024918 -0.200922 0.167120 -0.100870 0.238815 0.311184 0.139033 0.262982 0.103704 0.108196 0.230532 0.408730 0.842554 1.000000 0.122654 0.491608 -0.010476 0.221987 -0.199704 -0.099263 0.082728 -0.087666 -0.001035 0.320736 0.081754 -0.021686 0.010662 0.009168 -0.191545 -0.018852 -0.019935 -0.040073 -0.085068 -0.089337 -0.376789 -0.079914 -0.329927 -0.274223 -0.450118 -0.472703 -0.478113 -0.494813 -0.339383 -0.313331 0.058653 -0.152479 0.291207 0.024898 -0.309815 -0.175871 -0.281752 -0.057771 0.321733 0.110066 0.293897 0.038682 0.320918 0.177377 0.153696 0.345106 -0.158595 0.121490 -0.121022 -0.032650 0.063839 0.278091 -0.106488 -0.263620 0.057049 -0.080540 -0.366623 -0.442648 -0.271731 -0.279750 0.107064 -0.003330 -0.239960 -0.159091 -0.160514 -0.179306 -0.325177 -0.146933 0.320670 0.046064 0.388003 0.197533 0.152753 -0.054432 -0.141436 0.121069 -0.120874 -0.047329 0.067512 -0.156287 -0.239365 -0.053648 0.009980 -0.288310
-0.163653 0.162287 -0.213497 -0.352683 -0.126418 -0.363057 -0.053782 -0.038994 -0.189190 -0.446174 -0.116504 0.088730 0.151919 0.205508 -0.269785 -0.369243 0.240103 0.473336 -0.421409 -0.205575 -0.076197 -0.288669 -0.346613 -0.376457 -0.298108 -0.369332 -0.230826 -0.139941 0.288554 0.486935 0.279388 0.122654 1.000000 0.426958 -0.196228 -0.323155 0.146582 0.150740 0.004121 -0.024432 0.227496 0.213984 -0.049526 0.174727 0.298875 0.397540 0.245035 -0.154916 0.101197 0.380631 0.124401 0.090074 -0.306090 -0.220725 -0.102293 0.076461 0.058895 0.076131 -0.025072 -0.137321 0.019687 -0.214206 0.440941 0.202824 -0.227752 0.003837 0.013992 0.113978 -0.130750 -0.177502 0.013351 -0.045502 0.546271 0.117557 0.488435 -0.122566 0.382658 0.204216 0.166608 0.233330 0.154065 0.343573 -0.311531 -0.163464 -0.020655 -0.030010 -0.198355 -0.281975 -0.295800 -0.270973 -0.268215 -0.430059 -0.469987 -0.373986 0.138489 0.114412 0.228358 0.165799 0.156897 -0.043325 -0.207162 0.029614 0.018663 0.075850 0.007696 0.199950 0.026246 -0.087628 0.114200 0.176677 0.091310 0.131181 0.252897 -0.220953 0.036077 0.070357
0.040885 0.072632 -0.004061 -0.107342 0.012648 -0.077117 0.111499 0.236483 -0.220865 -0.063616 0.121701 0.342747 0.136456 0.336088 0.134689 0.200476 -0.070442 0.065611 -0.052295 -0.033697 0.100414 -0.177764 0.089398 0.193685 -0.017816 -0.064331 0.072411 0.024247 0.325332 0.251805 0.424774 0.491608 0.426958 1.000000 0.095544 0.213910 0.050982 0.147709 0.042820 0.242506 0.013168 0.250333 -0.174056 -0.168857 -0.234010 -0.140274 -0.161622 -0.192881 -0.339488 -0.265948 -0.270615 -0.417443 -0.429552 -0.275795 -0.340212 -0.262452 -0.158142 -0.088727 -0.189967 -0.275817 0.069505 0.048219 0.135278 0.116520 0.300708 0.370659 -0.089821 -0.139133 -0.007494 -0.202885 0.128449 -0.215396 0.217356 -0.135930 0.228027 0.063194 0.290448 0.353462 -0.084065 0.163413 0.038360 0.073796 0.136094 0.161991 0.110709 -0.086720 0.116074 -0.055889 -0.111299 -0.321624 -0.373411 -0.400297 -0.047654 -0.060021 0.215728 -0.220026 -0.017638 0.096483 -0.222698 -0.291162 0.172324 0.066757 0.201061 0.169592 0.088799 0.009656 -0.095590 0.089904 0.111458 0.023081 0.154218 -0.127329 -0.212472 -0.114435 0.253633 0.054649
0.054197 -0.122331 -0.112559 0.149004 0.059370 0.368291 -0.218246 -0.181948 0.028379 0.062625 -0.009385 -0.140437 -0.346281 -0.436292 0.248019 0.103269 -0.346276 -0.277370 0.165366 0.006974 0.146685 0.313991 0.249459 0.183524 0.058450 0.107080 0.376393 0.482376 -0.176374 -0.350633 -0.021282 -0.010476 -0.196228 0.095544 1.000000 0.395548 0.037592 0.064293 0.269564 0.390447 -0.038388 -0.206509 -0.012608 -0.131875 -0.165081 -0.127517 -0.015566 -0.067986 -0.206707 -0.211214 -0.296578 -0.203255 0.002913 0.040344 -0.110115 -0.096691 -0.061102 0.036966 -0.121529 -0.056424 -0.116617 0.035691 -0.260115 -0.293746 0.425020 0.093544 -0.087224 -0.081616 0.171794 -0.089628 0.106683 0.003161 -0.281505 -0.216473 -0.095133 0.012996 0.092254 0.065280 -0.145188 -0.008590 -0.154876 -0.212555 0.421305 0.275276 0.252489 0.229632 0.207265 0.174319 0.202942 0.128753 -0.104433 0.018761 0.139241 0.140094 0.454791 -0.029646 -0.002204 0.230912 -0.060953 -0.100585 0.027862 -0.008995 0.019230 0.044594 0.182590 0.092779 0.128662 0.278920 0.199748 0.226441 0.159832 0.041254 -0.093435 -0.002210 0.514418 0.308506
0.041204 -0.389850 -0.025925 0.118077 0.103084 0.288473 -0.110658 0.031617 -0.056316 0.302373 0.201325 -0.038453 -0.250266 -0.122973 0.293851 0.268565 -0.388432 -0.526066 0.350534 0.074973 0.222819 0.244337 0.230573 0.430696 0.415176 0.445064 0.380979 0.257652 -0.251008 -0.283293 0.030777 0.221987 -0.323155 0.213910 0.395548 1.000000 -0.169751 0.102207 0.171395 0.155488 -0.337245 -0.010440 0.146241 -0.007191 -0.182210 -0.142846 -0.139377 0.182820 -0.166051 -0.337933 0.036872 -0.088701 0.041638 0.106778 -0.132834 -0.228156 -0.326373 -0.126531 -0.185003 -0.042417 -0.335221 -0.032993 -0.571677 -0.551750 0.474319 0.285489 0.046940 0.089800 0.183753 0.209726 0.086403 -0.151673 -0.452134 -0.216861 -0.166227 0.087868 -0.023934 0.130766 -0.281405 -0.049763 -0.407009 -0.408941 0.117377 -0.013777 -0.006453 -0.003214 0.143474 -0.000706 0.078015 -0.135849 0.163446 0.102628 0.363237 0.221938 0.082065 -0.046727 0.046744 0.190188 -0.213955 -0.154136 0.171739 -0.058101 0.104169 0.014515 0.051978 -0.035405 0.004881 0.068049 0.180476 0.032873 0.430763 0.152508 -0.214285 0.017988 0.081418 0.065794
