1.000000 0.444901 -0.260575 -0.519462 0.175836 -0.340987 0.222654 -0.033043 0.061299 -0.109878 0.513938 0.155780 0.401909 0.246836 0.163378 0.037972 0.268912 0.179470 0.174837 0.061088 -0.221986 -0.199445 -0.611156 -0.610808 -0.396419 -0.559874 -0.098684 -0.408181 0.213130 0.290966 -0.354479 -0.299034 -0.251331 -0.242210 -0.250612 -0.136718 0.173187 -0.141167 -0.205231 -0.316030 0.200796 -0.070632 0.207004 0.202323 0.275709 0.262751 0.105069 0.074785 0.052544 0.095856 -0.465910 -0.135344 0.141176 0.271851 -0.094579 0.074701 0.306404 0.202819 0.407814 0.006049 0.409372 0.159444 0.290757 0.018401 -0.088894 -0.078425 0.106800 -0.145472 0.247883 -0.186044 -0.084792 0.095761 0.030409 -0.043902 0.187228 0.359045 0.238336 0.078562 -0.011466 -0.047362 0.204791 0.163411 0.080168 0.111025 -0.255712 -0.044636 -0.131739 0.063630 -0.113426 -0.071149 0.175722 0.309362 -0.437464 -0.180173 -0.150029 0.124801 0.045613 0.045382 0.333056 0.412479 -0.157875 0.164600 0.080135 -0.233148 -0.044095 -0.261505 0.077136 -0.146398 0.172637 0.009053 -0.261653 0.220186 0.159655 0.171763 0.070541 0.214520
0.444901 1.000000 -0.072064 -0.171029 0.236505 -0.099133 0.129450 0.048199 0.223645 -0.116779 0.416674 0.589933 0.287888 0.437138 0.292604 0.112275 0.117433 0.114183 0.118132 0.168253 -0.320577 0.071792 -0.284045 -0.209627 -0.213106 -0.237898 -0.081450 -0.195875 0.226503 0.131570 -0.029013 0.077860 -0.083015 0.054738 -0.225659 0.169650 0.032696 -0.052398 -0.283153 -0.115645 0.057018 -0.085645 -0.179218 -0.097127 -0.201093 0.077458 -0.116816 -0.069265 -0.180922 -0.220830 -0.320184 -0.120351 0.156682 0.043395 0.005235 -0.246823 0.218952 0.251863 0.216963 -0.234697 0.189827 0.104788 0.247650 0.178422 0.058962 -0.011812 -0.165623 -0.169497 0.085959 -0.110052 0.014487 0.042075 -0.058635 -0.167433 0.244690 0.234885 0.037076 -0.103306 -0.006263 0.010666 0.311340 0.219987 0.202116 0.238345 0.091981 0.200305 -0.049161 -0.066942 -0.063859 0.116110 0.028026 0.048371 -0.314265 -0.129204 -0.120324 -0.024886 -0.217286 0.032683 0.107302 0.141595 -0.210390 -0.159700 0.042726 -0.534885 -0.065310 -0.408073 -0.027203 -0.305116 0.013414 0.090160 -0.177424 -0.015710 0.092119 0.064976 -0.135554 -0.046545
-0.260575 -0.072064 1.000000 0.350140 0.240957 0.168008 0.497965 0.533045 0.273652 0.489741 -0.271345 0.018317 -0.318220 -0.264813 0.480791 0.349583 -0.292136 -0.351412 0.589296 0.470894 -0.010923 0.183001 0.479709 0.325070 -0.034544 0.265928 0.503223 0.159838 -0.125646 -0.172898 0.275149 0.170253 -0.130459 -0.069804 -0.305334 -0.104231 -0.305097 -0.280178 -0.179216 -0.053300 -0.067493 -0.243553 -0.253762 -0.080854 -0.327850 -0.142070 -0.225902 -0.052599 -0.229062 -0.228876 -0.004229 -0.075943 -0.019078 -0.158229 -0.222378 -0.345098 -0.389138 -0.126949 -0.423425 -0.023328 -0.369565 -0.464988 -0.385599 -0.450260 0.407142 0.086838 -0.460507 0.023366 -0.041645 0.353558 -0.405560 -0.273110 -0.303659 -0.541756 -0.326588 -0.315220 -0.645613 -0.385768 -0.292019 -0.141215 -0.311069 -0.225400 0.336729 0.450883 0.318601 0.253240 0.153026 -0.160635 0.540071 0.116013 0.214451 0.018203 0.675739 0.428416 -0.373456 -0.164194 -0.465950 -0.236660 -0.319096 -0.221541 0.081235 0.012823 -0.105771 -0.189897 -0.285775 -0.251600 0.017384 -0.222020 -0.145975 0.002164 0.099827 -0.037136 -0.110683 -0.225588 -0.118612 -0.208256
-0.519462 -0.171029 0.350140 1.000000 -0.083594 0.662693 -0.235667 0.189417 -0.071280 0.338752 -0.405224 -0.172075 -0.463127 -0.338816 0.131165 0.490870 -0.753907 -0.555666 0.091245 0.181497 -0.160167 -0.132542 0.790062 0.721562 0.313158 0.623348 0.319122 0.525461 -0.685889 -0.578162 -0.219443 -0.081388 -0.049224 -0.248211 -0.017609 -0.016389 -0.391255 -0.180673 -0.191484 0.166158 -0.442089 -0.364526 0.051260 -0.002056 -0.120984 -0.108371 0.150907 0.320258 0.233283 0.253564 0.565790 0.566608 0.359529 0.159226 0.428750 0.141734 -0.581097 -0.513262 -0.191227 0.315581 -0.583133 -0.100985 -0.725420 -0.330412 -0.177498 0.313078 0.130317 0.492463 0.053143 0.277670 -0.195759 -0.266217 -0.547700 -0.391477 -0.618699 -0.525432 -0.484449 -0.266843 -0.550314 -0.514223 -0.653803 -0.648033 0.114836 0.193280 -0.136729 -0.057699 0.429144 0.272634 0.497928 0.565740 0.416075 0.109169 0.439603 -0.129372 -0.064973 -0.046655 0.124600 0.098156 -0.002591 -0.030093 -0.060528 -0.432388 -0.426422 -0.285128 -0.295413 -0.176280 -0.203367 -0.094331 -0.211192 0.007291 0.450625 -0.182300 -0.263858 -0.290574 -0.232257 -0.201334
0.175836 0.236505 0.240957 -0.083594 1.000000 -0.027525 0.454919 0.342289 0.647906 0.496036 0.197110 0.232632 0.412039 0.482854 0.502687 0.232681 0.187873 0.024661 0.269859 0.189954 -0.259711 -0.098391 -0.120245 -0.198175 -0.175638 -0.227662 0.025955 -0.327412 0.163318 -0.121204 -0.144027 -0.080397 -0.294753 -0.142668 -0.043839 0.047546 -0.052766 -0.223671 -0.409212 -0.155900 -0.270043 -0.231988 -0.254621 -0.372451 -0.103569 0.072509 -0.390258 -0.278819 0.057050 0.059968 -0.086269 0.048762 0.181285 0.093346 -0.067089 -0.308383 -0.164810 -0.193770 0.015022 0.062823 0.133830 0.015651 0.046321 -0.244824 0.315062 0.290764 -0.201340 0.066629 -0.041251 0.032784 -0.076654 -0.189906 -0.121527 -0.292699 0.095297 -0.028099 -0.186059 -0.405821 0.015599 -0.210698 -0.018980 -0.054934 0.057779 0.223740 -0.005293 -0.144183 0.009516 -0.224742 0.138827 0.111951 0.240719 0.035829 0.301249 0.179956 -0.204751 -0.172593 -0.455312 0.077157 -0.158601 -0.149679 -0.007627 -0.050727 0.088236 -0.210844 -0.304315 -0.148802 -0.218699 -0.415003 -0.179502 0.092513 -0.076699 -0.282578 -0.096962 -0.208208 -0.273010 -0.132913
-0.340987 -0.099133 0.168008 0.662693 -0.027525 1.000000 -0.437020 -0.148302 0.039644 0.339438 -0.204492 -0.050973 -0.354351 -0.283780 0.029059 0.517485 -0.569294 -0.439070 -0.196679 -0.012670 -0.254409 -0.136619 0.586959 0.321821 0.532287 0.502538 0.564636 0.654139 -0.646449 -0.418222 -0.361394 -0.445007 0.187420 -0.085342 -0.282796 -0.111316 -0.224760 -0.004867 -0.105002 0.312148 -0.173954 -0.312595 0.239076 0.162933 0.028981 0.072563 0.198910 0.431183 0.355417 0.321235 0.473896 0.553312 0.297575 0.218818 0.423696 0.277632 -0.226284 -0.368420 -0.040123 0.302451 -0.444815 -0.068511 -0.523007 -0.305189 -0.352350 0.273576 0.246619 0.434560 0.078423 0.234801 -0.013630 -0.545946 -0.156513 -0.265671 -0.580446 -0.368874 -0.342171 -0.219892 -0.426962 -0.408803 -0.531387 -0.538009 -0.085523 0.008473 -0.249650 -0.130470 0.175210 0.122427 0.231961 0.400613 0.325235 0.335301 0.223494 -0.009408 0.075992 0.037387 0.284965 0.312272 0.285488 0.284111 -0.007975 -0.186009 -0.155438 -0.155418 -0.065490 -0.179857 -0.134720 -0.158632 -0.109425 0.154518 0.295152 -0.136391 0.094802 -0.220071 -0.192004 -0.254143
0.222654 0.129450 0.497965 -0.235667 0.454919 -0.437020 1.000000 0.762075 0.315811 0.332186 0.069011 0.317137 0.426157 0.309163 0.492901 0.063201 0.295331 0.168636 0.483201 0.270538 -0.013296 -0.034930 -0.194091 -0.195340 -0.481958 -0.364475 0.113252 -0.370126 0.340608 0.199502 0.181096 0.300903 -0.402478 -0.059645 -0.035086 -0.018992 -0.232963 -0.423040 -0.241257 -0.270665 -0.012175 -0.083664 -0.390798 -0.222140 -0.245071 -0.110867 -0.410731 -0.404657 -0.368871 -0.321696 -0.444005 -0.425417 -0.144114 -0.190330 -0.332620 -0.450211 -0.264467 -0.045034 -0.202761 -0.170212 0.250174 -0.260742 0.189701 -0.353578 0.668542 0.092165 -0.368272 -0.216724 -0.168271 -0.073376 -0.433036 0.114098 -0.262395 -0.240552 0.185740 0.099256 -0.142478 -0.026640 -0.021644 -0.017783 0.028730 0.081858 0.391053 0.468123 0.260063 0.141386 -0.008330 -0.137649 0.396600 0.019062 0.005435 -0.202963 0.316662 0.248301 -0.365568 -0.128713 -0.482204 -0.291010 -0.399973 -0.318597 0.009280 -0.038286 0.058758 -0.234994 -0.174043 -0.178738 0.066121 -0.081666 -0.129780 -0.030600 -0.304368 -0.075213 -0.190004 0.085056 0.040230 0.187516
-0.033043 0.048199 0.533045 0.189417 0.342289 -0.148302 0.762075 1.000000 0.182985 0.510405 -0.210592 0.252738 0.131777 0.151751 0.350331 0.291587 0.011259 0.075941 0.371967 0.351988 -0.040856 -0.175519 0.005248 0.065223 -0.328180 -0.117572 0.157279 -0.220322 0.010744 -0.019582 0.059330 0.252587 -0.418595 -0.206301 0.014928 0.126680 -0.389904 -0.460108 -0.264338 -0.150429 -0.212334 -0.184884 -0.430365 -0.231696 -0.290896 -0.100014 -0.392642 -0.472084 -0.230093 -0.184510 -0.094504 -0.181223 -0.059610 -0.231950 -0.251172 -0.445734 -0.492109 -0.232204 -0.233832 0.078966 0.014799 -0.173459 -0.026425 -0.344063 0.600014 0.284732 -0.211238 0.045893 -0.353520 0.096570 -0.605645 0.035684 -0.514160 -0.402443 -0.089842 -0.195298 -0.365287 -0.105442 -0.149078 -0.096939 -0.212387 -0.109522 0.237528 0.464051 0.228505 0.153941 0.140069 0.089814 0.505838 0.259366 0.021879 -0.296310 0.511938 0.137706 -0.314067 -0.192124 -0.426766 -0.257072 -0.449087 -0.411134 0.203178 -0.137330 0.042068 -0.257950 -0.231998 -0.155585 -0.087639 -0.127128 -0.168551 -0.146398 -0.174317 -0.191423 -0.253010 0.002470 -0.047089 0.095221
0.061299 0.223645 0.273652 -0.071280 0.647906 0.039644 0.315811 0.182985 1.000000 0.483527 0.205690 0.161470 0.360780 0.412628 0.452756 0.171168 0.229213 -0.070684 0.087350 0.116917 -0.350185 0.060229 -0.056187 -0.200441 -0.166158 -0.312044 -0.073112 -0.322088 0.045636 -0.085132 -0.129162 -0.156915 -0.044594 -0.049125 -0.093414 -0.101846 -0.113556 0.022108 -0.031302 0.136440 -0.227610 -0.200503 -0.145588 -0.541376 -0.175689 -0.163752 -0.273160 -0.180425 0.046346 0.032271 -0.168836 0.131428 0.325563 0.145296 -0.086073 -0.240418 -0.037299 -0.016005 0.172117 0.188115 0.125350 0.104894 0.077043 -0.170233 0.167769 0.295076 -0.117984 0.128429 -0.054767 0.102834 -0.034729 -0.522233 0.046909 -0.366720 -0.042057 -0.078811 -0.332002 -0.465184 0.002586 -0.201646 0.007894 -0.059543 -0.007059 0.111805 -0.075196 -0.145105 -0.114235 -0.312860 0.049699 0.128745 0.284263 0.167557 0.308864 0.008660 0.032437 -0.340667 -0.437494 0.107981 -0.115488 -0.049942 -0.089702 -0.106612 -0.064731 -0.170245 -0.262567 -0.260396 -0.235919 -0.342986 -0.372045 0.195367 -0.036259 -0.460448 -0.020877 -0.172436 -0.297525 -0.174121
-0.109878 -0.116779 0.489741 0.338752 0.496036 0.339438 0.332186 0.510405 0.483527 1.000000 -0.004615 0.005689 0.065777 0.128921 0.447540 0.550968 -0.191638 -0.167956 0.318329 0.290309 -0.346616 -0.272351 0.282075 -0.021942 -0.086563 0.084931 0.294755 -0.148217 -0.260305 -0.297737 -0.228920 -0.259725 -0.134845 -0.176962 -0.042009 -0.095389 -0.381773 -0.382835 -0.310330 0.074923 -0.406098 -0.288228 -0.037684 -0.297858 -0.091544 -0.067699 -0.135471 -0.092681 0.194173 0.184277 0.162352 0.270152 0.350823 0.170639 0.055991 -0.167603 -0.404970 -0.354150 -0.089467 0.268121 -0.126062 -0.007122 -0.310656 -0.365810 0.254807 0.466395 -0.048373 0.271782 -0.005430 0.285830 -0.404006 -0.344805 -0.381268 -0.508859 -0.341730 -0.281884 -0.482850 -0.374222 -0.309134 -0.365999 -0.417233 -0.416529 0.010358 0.195067 -0.186728 -0.281004 0.114678 -0.127621 0.319362 0.222937 0.299992 0.056589 0.561692 0.154080 -0.096082 -0.272894 -0.207472 0.022586 -0.080213 -0.146841 0.166526 -0.081939 -0.028383 -0.132121 -0.292380 -0.092940 -0.185154 -0.275027 -0.359865 0.055305 0.067289 -0.341797 -0.126620 -0.282125 -0.290180 -0.191406
0.513938 0.416674 -0.271345 -0.405224 0.197110 -0.204492 0.069011 -0.210592 0.205690 -0.004615 1.000000 0.439539 0.609409 0.619019 0.222567 -0.061130 0.387337 0.356833 -0.006877 -0.048068 -0.223529 -0.086429 -0.290371 -0.434923 -0.016742 -0.189957 -0.053271 -0.210048 0.397760 0.349610 -0.070325 -0.063194 0.073339 0.121155 -0.015516 0.205429 0.184800 -0.091805 -0.077697 -0.079603 0.091178 0.016199 0.169386 -0.120128 0.095501 0.076600 -0.075002 0.074217 0.010269 -0.079482 -0.161055 -0.135433 -0.022069 0.120513 -0.096390 -0.081979 0.375380 0.114667 0.091947 -0.388393 0.314580 -0.003992 0.193943 0.126593 0.159879 0.076284 -0.193700 -0.249479 0.087570 -0.200015 0.122519 0.029596 0.198911 0.144830 0.359315 0.384937 0.330624 -0.076552 0.301933 0.072124 0.317238 0.181252 -0.002308 -0.036858 -0.096548 -0.211511 -0.285734 -0.130716 -0.290293 -0.232520 -0.201583 0.095014 -0.409759 -0.065234 0.196123 -0.137940 -0.045376 0.223133 0.187726 0.316272 -0.119608 -0.053634 0.071223 -0.265574 -0.054399 -0.200555 -0.069178 -0.230929 -0.067851 0.180598 -0.164471 0.004672 0.093961 0.169134 -0.075680 0.007789
0.155780 0.589933 0.018317 -0.172075 0.232632 -0.050973 0.317137 0.252738 0.161470 0.005689 0.439539 1.000000 0.386912 0.525554 0.186541 0.099544 0.190814 0.251117 -0.063908 -0.138052 -0.080711 0.093539 -0.155960 -0.194229 -0.088411 -0.054019 0.132688 -0.025230 0.253608 0.211914 0.114014 0.200840 -0.106813 0.120660 -0.034510 0.442492 -0.127625 -0.135208 -0.137510 0.016046 0.066365 -0.002664 -0.158415 -0.033763 -0.235516 0.154082 -0.291124 -0.124996 -0.219304 -0.332862 -0.114292 -0.196039 -0.121362 -0.154146 -0.045975 -0.297021 0.133332 -0.113957 0.021680 -0.364734 0.243797 -0.170381 0.141754 -0.069464 0.420637 0.270015 -0.357819 -0.212492 -0.276141 -0.386709 -0.063097 -0.013287 -0.029057 0.019971 0.295081 0.270970 0.135773 -0.112834 0.113260 0.091069 0.118088 0.059307 0.115133 0.186207 0.151908 0.123255 -0.031826 0.040126 0.121765 0.116821 -0.379889 -0.251992 -0.162403 0.159508 0.012232 -0.094671 -0.264493 -0.007684 -0.145330 -0.060285 -0.015189 -0.237077 0.127258 -0.373325 0.032738 -0.263942 -0.053707 -0.137650 -0.066676 -0.002183 -0.164320 -0.173504 -0.147396 0.206903 0.009848 0.174077
0.401909 0.287888 -0.318220 -0.463127 0.412039 -0.354351 0.426157 0.131777 0.360780 0.065777 0.609409 0.386912 1.000000 0.826433 0.259192 -0.120941 0.607199 0.573753 -0.141499 -0.034525 -0.206506 -0.171864 -0.391343 -0.492233 -0.205480 -0.430978 -0.229485 -0.436083 0.481580 0.329004 -0.013497 0.051152 -0.122710 0.110868 0.124136 0.081749 -0.001641 -0.246591 -0.111006 -0.062264 -0.073213 0.026211 -0.113254 -0.322165 0.049805 0.013589 -0.328984 -0.280228 -0.028315 -0.030271 -0.412576 -0.196507 -0.049357 0.014745 -0.144089 -0.172971 0.064701 -0.012194 0.039241 -0.244907 0.577666 0.166122 0.484564 0.012303 0.277605 0.146784 -0.144278 -0.279458 -0.175618 -0.345853 0.111078 0.095646 0.116361 0.147634 0.336404 0.325936 0.268182 0.093100 0.325150 0.044166 0.285918 0.226970 0.019838 0.071149 -0.190733 -0.315806 -0.250311 -0.131978 -0.202971 -0.052392 -0.050120 -0.018952 -0.224369 -0.155494 0.162698 -0.176030 -0.115819 0.140698 -0.006970 -0.007811 -0.086816 -0.129064 0.126344 -0.274907 -0.062081 -0.118968 -0.064739 -0.132330 -0.168349 0.205119 -0.397565 -0.234379 -0.004658 0.246497 -0.023878 0.140403
0.246836 0.437138 -0.264813 -0.338816 0.482854 -0.283780 0.309163 0.151751 0.412628 0.128921 0.619019 0.525554 0.826433 1.000000 0.309010 -0.110261 0.559295 0.546775 -0.115296 -0.051711 -0.216718 -0.006633 -0.302825 -0.335161 -0.201894 -0.316056 -0.250094 -0.380365 0.486771 0.207771 0.076952 0.168484 -0.144593 0.121217 0.110569 0.176270 0.055702 -0.186603 -0.098853 0.036867 -0.169136 0.087184 -0.253038 -0.515641 -0.174326 -0.121080 -0.387947 -0.396084 -0.119088 -0.165479 -0.227658 -0.174165 -0.002335 -0.076972 -0.143931 -0.278342 0.149844 0.029035 0.085181 -0.354157 0.485094 0.189109 0.431146 0.233502 0.317556 0.184687 -0.219911 -0.237798 -0.139538 -0.291161 0.066726 0.027590 0.080140 0.056779 0.456103 0.245033 0.164802 -0.099899 0.362991 0.168022 0.355018 0.248485 -0.034423 0.019475 -0.004961 -0.184594 -0.270790 -0.216878 -0.177815 -0.023360 -0.201460 -0.184954 -0.235050 -0.178306 0.204825 -0.249013 -0.229988 0.137256 -0.103020 -0.109390 -0.136812 -0.266338 0.060787 -0.280181 -0.112890 -0.108509 -0.198031 -0.232493 -0.228770 0.080428 -0.335825 -0.373725 -0.147394 0.189644 -0.091086 -0.006902
0.163378 0.292604 0.480791 0.131165 0.502687 0.029059 0.492901 0.350331 0.452756 0.447540 0.222567 0.186541 0.259192 0.309010 1.000000 0.499499 0.128582 -0.025174 0.538969 0.496811 -0.303283 0.008753 0.171852 0.054205 -0.306865 -0.009494 0.289655 -0.060231 0.292252 0.073629 0.067447 0.184964 -0.419012 -0.127401 -0.155481 -0.152338 -0.015180 -0.349219 -0.389512 -0.273607 -0.148094 -0.249028 -0.297833 -0.328972 -0.306355 -0.231692 -0.246030 -0.241779 -0.299037 -0.214821 -0.370833 -0.162966 0.082393 -0.004108 -0.236701 -0.388677 -0.227156 0.008086 -0.298658 -0.195738 -0.074730 -0.252159 -0.072625 -0.325000 0.271911 -0.007899 -0.300077 -0.187194 0.268191 0.174866 -0.123875 -0.058730 -0.132697 -0.373201 0.034606 0.006108 -0.266505 -0.188699 -0.203732 -0.116423 0.059094 0.065906 0.512048 0.710705 0.257231 0.257143 -0.003906 -0.191779 0.205028 -0.005054 0.221141 0.107074 0.227564 0.103106 -0.392517 0.062897 -0.451357 -0.178438 -0.116077 -0.092252 -0.128739 -0.177426 -0.146774 -0.519101 -0.372835 -0.458836 -0.014881 -0.299590 0.020432 -0.097638 -0.239600 0.014629 -0.245464 -0.216452 -0.117462 -0.044267
0.037972 0.112275 0.349583 0.490870 0.232681 0.517485 0.063201 0.291587 0.171168 0.550968 -0.061130 0.099544 -0.120941 -0.110261 0.499499 1.000000 -0.342625 -0.244711 0.249440 0.443058 -0.427276 -0.381923 0.221259 0.078335 -0.052044 0.182209 0.321836 0.098269 -0.375474 -0.080609 -0.479205 -0.382739 -0.320201 -0.433572 -0.300737 -0.206624 -0.259484 -0.166818 -0.435296 0.085525 -0.159431 -0.429856 0.238154 0.154536 0.186620 0.229523 0.223662 0.207124 0.269585 0.345936 0.071954 0.396054 0.319946 0.338735 0.219833 0.165709 -0.441654 -0.386806 -0.206479 0.301817 -0.485047 -0.243519 -0.431940 -0.629761 -0.099760 0.304697 0.209268 0.266608 0.189442 0.109030 -0.286546 -0.268762 -0.285061 -0.401504 -0.396793 -0.123317 -0.332353 -0.238254 -0.502695 -0.419536 -0.425793 -0.368850 0.194532 0.576132 -0.154308 0.147072 0.166506 0.323380 0.281476 0.354596 0.334689 0.347142 0.259417 -0.075997 -0.145630 0.127864 0.101986 0.077149 0.318095 0.272413 -0.064767 -0.217726 -0.208351 -0.489962 -0.382567 -0.493327 -0.153974 -0.341463 0.024463 -0.083499 -0.073208 -0.065734 -0.049366 -0.282723 -0.276683 -0.139724
0.268912 0.117433 -0.292136 -0.753907 0.187873 -0.569294 0.295331 0.011259 0.229213 -0.191638 0.387337 0.190814 0.607199 0.559295 0.128582 -0.342625 1.000000 0.784599 -0.151331 0.045989 0.049656 0.158343 -0.641060 -0.492993 -0.375317 -0.522247 -0.273369 -0.457267 0.799942 0.604378 0.317120 0.279960 -0.095908 0.247237 0.096439 0.069064 0.336515 0.201994 0.194660 -0.038435 0.354003 0.401783 -0.266958 -0.308865 -0.076974 -0.084154 -0.318728 -0.593036 -0.355921 -0.315997 -0.581600 -0.562719 -0.429339 -0.321155 -0.530503 -0.316224 0.439320 0.472373 -0.110840 -0.445776 0.469045 -0.016789 0.787283 0.315125 0.285135 -0.306892 -0.254659 -0.515813 -0.212784 -0.154191 0.241362 0.234276 0.506746 0.380930 0.702339 0.439407 0.377685 0.195885 0.725986 0.629617 0.733474 0.754414 -0.036430 0.060766 0.296595 0.166031 -0.551692 -0.275194 -0.458419 -0.466318 -0.539615 -0.225678 -0.321782 -0.026700 0.146130 -0.095278 -0.249673 -0.084404 -0.129734 -0.132581 0.018171 0.163999 0.385770 0.102566 0.105488 0.113446 -0.092695 -0.128175 0.103455 -0.101672 -0.691399 0.009372 0.182462 0.298925 0.077725 0.131062
0.179470 0.114183 -0.351412 -0.555666 0.024661 -0.439070 0.168636 0.075941 -0.070684 -0.167956 0.356833 0.251117 0.573753 0.546775 -0.025174 -0.244711 0.784599 1.000000 -0.200510 0.085093 -0.037599 -0.072671 -0.535155 -0.419240 -0.210637 -0.327468 -0.334556 -0.385295 0.655328 0.582891 0.264601 0.211031 -0.090008 0.185389 0.094688 0.060515 0.213539 0.054149 0.031444 -0.100954 0.263413 0.421492 -0.195239 -0.123534 0.037783 0.006800 -0.248861 -0.523831 -0.212511 -0.193836 -0.363870 -0.419090 -0.367974 -0.234884 -0.420023 -0.287407 0.280062 0.310214 -0.239089 -0.472501 0.356641 0.073066 0.639446 0.297912 0.145907 -0.298413 -0.176307 -0.452905 -0.300618 -0.256919 0.180932 0.342661 0.391359 0.396362 0.654178 0.402521 0.402346 0.335947 0.612259 0.574682 0.597884 0.639849 -0.114285 0.049265 0.107763 0.067357 -0.527659 -0.115206 -0.548637 -0.431039 -0.497292 -0.222297 -0.313439 -0.045121 0.110339 0.020691 -0.101563 -0.119871 -0.040131 -0.140971 0.019469 0.140205 0.389851 0.026409 0.121879 0.215338 -0.027100 -0.019032 0.252625 -0.185873 -0.670786 0.036606 0.197629 0.341912 0.175154 0.148665
0.174837 0.118132 0.589296 0.091245 0.269859 -0.196679 0.483201 0.371967 0.087350 0.318329 -0.006877 -0.063908 -0.141499 -0.115296 0.538969 0.249440 -0.151331 -0.200510 1.000000 0.595892 0.070022 0.087920 0.118103 0.195514 -0.308706 0.006168 0.280187 -0.091477 0.200342 0.131530 0.173063 0.245188 -0.313351 -0.116893 -0.083264 -0.063285 0.007889 -0.305572 -0.376874 -0.411692 0.046753 -0.038651 -0.351001 -0.073333 -0.214580 -0.078492 -0.202582 -0.199195 -0.290157 -0.240937 -0.256155 -0.252814 -0.027498 -0.140375 -0.212058 -0.399331 -0.247483 0.018873 -0.222125 -0.118639 -0.135321 -0.328586 -0.173304 -0.254268 0.363466 -0.152701 -0.353451 -0.071991 0.296084 0.252368 -0.311039 0.210657 -0.211294 -0.269747 -0.010881 0.002563 -0.286877 -0.103589 -0.208262 -0.064403 -0.003301 0.033834 0.491259 0.544348 0.324459 0.304562 0.179175 -0.162485 0.328982 -0.062838 0.197393 -0.076588 0.307692 0.258120 -0.523467 0.025613 -0.466070 -0.219251 -0.294214 -0.219814 -0.025966 0.029533 -0.123544 -0.203630 -0.238454 -0.171956 0.079688 -0.192149 0.069687 -0.066329 -0.015124 0.155405 -0.248623 -0.306014 -0.108024 -0.029103
0.061088 0.168253 0.470894 0.181497 0.189954 -0.012670 0.270538 0.351988 0.116917 0.290309 -0.048068 -0.138052 -0.034525 -0.051711 0.496811 0.443058 0.045989 0.085093 0.595892 1.000000 -0.157418 -0.083865 0.086318 0.215940 -0.162475 0.089537 0.116251 -0.097631 0.191074 0.218693 0.062528 0.087538 -0.140305 -0.071796 -0.289579 -0.250143 0.002856 -0.209532 -0.462375 -0.229312 0.136317 -0.096271 -0.255110 -0.099930 -0.054566 0.020878 -0.052494 -0.243938 -0.166794 -0.059054 -0.317536 -0.147127 -0.052097 -0.102454 -0.292481 -0.309674 -0.231931 0.137547 -0.499172 -0.099046 -0.334532 -0.288372 -0.057219 -0.229832 0.065903 -0.307966 -0.207901 -0.190064 0.147829 0.536430 -0.050569 0.053522 -0.053617 -0.196624 -0.052565 -0.023133 -0.225891 -0.122481 0.033396 0.074896 0.165142 0.263034 0.201376 0.649385 0.198319 0.305109 -0.107591 -0.144292 0.015267 -0.062661 0.203646 0.119311 0.271240 0.027537 -0.327599 0.042925 -0.249088 -0.109123 0.004464 0.017941 0.004953 -0.013386 0.018748 -0.423823 -0.467965 -0.244817 -0.140179 -0.521225 0.190445 -0.105604 -0.323057 0.175545 0.181463 -0.355001 -0.285827 -0.245857
-0.221986 -0.320577 -0.010923 -0.160167 -0.259711 -0.254409 -0.013296 -0.040856 -0.350185 -0.346616 -0.223529 -0.080711 -0.206506 -0.216718 -0.303283 -0.427276 0.049656 -0.037599 0.070022 -0.157418 1.000000 0.437180 -0.027995 0.229014 0.057355 0.008554 0.043018 0.249097 0.211671 0.116655 0.360242 0.349309 -0.064150 0.056332 0.182064 0.313875 0.340705 0.322799 0.516916 -0.082252 0.390368 0.400392 -0.229369 0.073681 -0.191737 -0.111026 -0.032283 -0.128943 -0.260728 -0.404000 0.030472 -0.333299 -0.344215 -0.318253 -0.243474 -0.168746 0.108204 0.145539 -0.112898 -0.182174 0.054318 -0.259796 0.061617 0.096434 0.183222 -0.207135 -0.130121 -0.121130 -0.157825 0.022452 0.279818 0.420494 0.102312 0.452182 0.259605 0.182013 0.239851 0.215783 0.372393 0.213996 0.145930 0.172523 0.145853 -0.151071 0.359030 0.283909 -0.059412 0.057812 -0.030645 -0.294595 -0.376551 -0.601907 0.021209 0.089893 -0.035013 -0.061537 -0.141340 -0.208801 -0.490544 -0.395018 0.181266 0.012525 0.031704 0.410096 0.264046 0.405455 -0.140486 0.247766 0.084431 -0.241551 0.058567 0.026343 -0.242645 -0.088709 0.230634 0.127182
-0.199445 0.071792 0.183001 -0.132542 -0.098391 -0.136619 -0.034930 -0.175519 0.060229 -0.272351 -0.086429 0.093539 -0.171864 -0.006633 0.008753 -0.381923 0.158343 -0.072671 0.087920 -0.083865 0.437180 1.000000 0.167638 0.318052 -0.111763 0.102604 0.137298 0.324686 0.258068 0.078167 0.511038 0.489314 0.022077 0.175283 -0.221684 0.131979 0.099462 0.270655 0.464794 0.182153 0.272948 0.307761 -0.369049 -0.237228 -0.491168 -0.322093 -0.294756 -0.174685 -0.347990 -0.455464 -0.144872 -0.266207 -0.278267 -0.373605 -0.097328 -0.257118 0.305250 0.244314 0.091875 -0.302857 0.155547 -0.198662 0.220791 0.237211 0.132757 -0.123589 -0.450834 -0.238471 -0.131615 0.139813 0.267316 0.109721 0.153376 0.046023 0.189873 0.091374 -0.179626 -0.131715 0.326677 0.290919 0.277764 0.214795 0.200018 -0.147557 0.409356 0.272779 -0.030748 -0.197880 0.068435 -0.091402 -0.321022 -0.311186 -0.012255 0.264651 0.087666 -0.258458 -0.343084 -0.072309 -0.371054 -0.257679 0.055811 0.017782 -0.029804 0.235398 0.024886 0.091245 -0.112562 -0.080708 -0.199027 0.089873 0.053610 -0.126985 -0.231119 -0.044282 -0.085311 -0.199331
-0.611156 -0.284045 0.479709 0.790062 -0.120245 0.586959 -0.194091 0.005248 -0.056187 0.282075 -0.290371 -0.155960 -0.391343 -0.302825 0.171852 0.221259 -0.641060 -0.535155 0.118103 0.086318 -0.027995 0.167638 1.000000 0.779108 0.429960 0.810178 0.487694 0.645158 -0.443526 -0.470986 0.171017 0.154117 0.146225 0.034430 -0.022535 0.009181 -0.332346 -0.255470 -0.059382 0.108411 -0.346570 -0.294643 -0.061308 -0.014670 -0.234880 -0.211011 -0.102188 0.279280 0.072930 0.034595 0.508021 0.347301 0.066984 -0.103868 0.268437 0.024457 -0.430347 -0.449497 -0.309988 0.009452 -0.465072 -0.278362 -0.677546 -0.262542 -0.031778 0.176159 -0.199635 0.213179 0.039674 0.301778 -0.111285 -0.242200 -0.336099 -0.330142 -0.556615 -0.507034 -0.507221 -0.225056 -0.427563 -0.313976 -0.516634 -0.534179 0.178840 0.056534 0.011715 -0.121274 0.420993 -0.006739 0.445978 0.330067 0.286640 0.073475 0.478348 0.185740 -0.071552 -0.072904 -0.028812 0.043282 -0.166652 -0.115494 0.028936 -0.273315 -0.368853 -0.142852 -0.183009 -0.094566 -0.013497 0.021065 -0.246735 0.145703 0.555313 -0.082865 -0.262794 -0.283436 -0.086142 -0.232006
-0.610808 -0.209627 0.325070 0.721562 -0.198175 0.321821 -0.195340 0.065223 -0.200441 -0.021942 -0.434923 -0.194229 -0.492233 -0.335161 0.054205 0.078335 -0.492993 -0.419240 0.195514 0.215940 0.229014 0.318052 0.779108 1.000000 0.263788 0.706004 0.259339 0.629449 -0.262793 -0.299554 0.254165 0.441520 -0.011777 -0.043181 0.081769 0.135796 -0.111654 -0.001743 0.040188 -0.044442 -0.126688 -0.096124 -0.279483 0.003473 -0.302331 -0.249498 -0.114079 0.031603 -0.117630 -0.129909 0.419220 0.166930 -0.095059 -0.276529 0.163787 -0.097929 -0.356468 -0.269870 -0.347031 -0.099018 -0.522217 -0.386691 -0.499443 -0.153634 -0.066144 -0.105552 -0.184073 0.081635 -0.018630 0.371497 0.017375 0.108522 -0.322574 -0.139487 -0.285343 -0.376333 -0.316332 -0.047930 -0.220382 -0.088522 -0.236967 -0.236569 0.295123 0.147553 0.286813 0.223240 0.390952 0.095947 0.379948 0.248438 0.097322 -0.196118 0.354231 0.030306 -0.217995 0.012266 -0.127107 -0.136880 -0.353286 -0.277924 -0.078064 -0.342545 -0.403117 -0.108305 -0.205508 0.030524 -0.170746 0.023744 -0.112057 -0.089039 0.459137 -0.008936 -0.334645 -0.358755 -0.040778 -0.140854
-0.396419 -0.213106 -0.034544 0.313158 -0.175638 0.532287 -0.481958 -0.328180 -0.166158 -0.086563 -0.016742 -0.088411 -0.205480 -0.201894 -0.306865 -0.052044 -0.375317 -0.210637 -0.308706 -0.162475 0.057355 -0.111763 0.429960 0.263788 1.000000 0.603612 0.206594 0.558629 -0.290827 -0.276934 -0.019266 -0.185045 0.512023 0.115224 0.154853 0.180933 0.032165 -0.003601 0.014021 0.066512 -0.025449 -0.161513 0.134535 0.184727 0.120593 0.175045 -0.010855 0.331393 0.225774 0.201853 0.545942 0.326926 -0.041088 -0.000292 0.090648 0.046225 0.058394 -0.187902 -0.186181 0.112125 -0.350419 -0.061365 -0.355866 -0.016693 -0.263676 0.047412 0.061587 0.208428 -0.027143 0.177873 0.192577 -0.258573 0.194389 0.079794 -0.315144 -0.280950 0.027158 -0.135254 0.001080 -0.070602 -0.146001 -0.214853 -0.179406 -0.353778 -0.109607 -0.299256 0.005617 0.032897 -0.137386 -0.076186 0.119241 0.104677 0.098067 0.160513 0.085465 0.014460 0.054825 0.230327 0.031855 0.149797 0.082933 0.113720 -0.008065 0.138032 0.061517 0.173346 0.058247 0.045013 -0.019428 0.288344 0.504816 -0.010893 0.232807 -0.185036 -0.027904 -0.303805
-0.559874 -0.237898 0.265928 0.623348 -0.227662 0.502538 -0.364475 -0.117572 -0.312044 0.084931 -0.189957 -0.054019 -0.430978 -0.316056 -0.009494 0.182209 -0.522247 -0.327468 0.006168 0.089537 0.008554 0.102604 0.810178 0.706004 0.603612 1.000000 0.367950 0.641721 -0.299821 -0.369648 0.196098 0.180750 0.178446 -0.042996 0.102359 0.165937 -0.169280 -0.177609 -0.103415 0.069338 -0.144578 -0.201760 0.039357 0.224145 -0.057395 0.038841 -0.067969 0.241583 0.127674 0.073245 0.596989 0.324811 -0.114612 -0.167111 0.192512 0.007637 -0.214101 -0.402402 -0.433120 -0.091001 -0.602897 -0.397152 -0.634316 -0.174329 -0.135580 0.022366 -0.201674 0.082100 0.037075 0.235863 0.017753 -0.063869 -0.165409 -0.138900 -0.352314 -0.351397 -0.266414 -0.147040 -0.170116 -0.046536 -0.293378 -0.322812 0.045972 -0.074254 0.084569 -0.058570 0.339655 0.139563 0.175752 0.132693 0.013621 0.005519 0.277092 0.292891 0.011921 0.028524 -0.002334 0.078382 -0.088685 -0.033828 0.093101 -0.101179 -0.193648 -0.055849 -0.155761 0.030924 -0.040805 -0.044850 -0.064221 0.096761 0.538405 0.070599 -0.081247 -0.248895 -0.117239 -0.266384
-0.098684 -0.081450 0.503223 0.319122 0.025955 0.564636 0.113252 0.157279 -0.073112 0.294755 -0.053271 0.132688 -0.229485 -0.250094 0.289655 0.321836 -0.273369 -0.334556 0.280187 0.116251 0.043018 0.137298 0.487694 0.259339 0.206594 0.367950 1.000000 0.634981 -0.179270 -0.113957 0.107815 0.039600 -0.026352 0.124998 -0.240928 0.121687 -0.211290 -0.296758 -0.106483 -0.001860 0.032343 -0.241680 -0.138796 0.177424 -0.230569 0.024388 -0.201790 0.125823 -0.152330 -0.178420 0.081862 -0.057776 -0.233568 -0.262871 0.008289 -0.112077 -0.149391 -0.164848 -0.224630 -0.139365 -0.130737 -0.444615 -0.281542 -0.322782 0.278712 0.100063 -0.269990 0.053570 0.025404 0.310894 -0.203232 -0.175117 -0.222257 -0.276621 -0.361784 -0.293950 -0.336630 -0.076121 -0.282894 -0.093523 -0.361093 -0.292118 0.283585 0.290838 0.183647 0.107175 0.257369 -0.005970 0.501229 0.163760 0.021674 0.042389 0.222095 0.336330 -0.256738 0.069935 -0.108579 0.071429 -0.129502 -0.020378 0.144547 0.030224 0.060430 -0.178146 0.047499 -0.216687 0.161575 -0.091808 -0.040354 0.156027 0.121509 0.179538 -0.148956 -0.104835 0.048826 0.008323
-0.408181 -0.195875 0.159838 0.525461 -0.327412 0.654139 -0.370126 -0.220322 -0.322088 -0.148217 -0.210048 -0.025230 -0.436083 -0.380365 -0.060231 0.098269 -0.457267 -0.385295 -0.091477 -0.097631 0.249097 0.324686 0.645158 0.629449 0.558629 0.641721 0.634981 1.000000 -0.312855 -0.245125 0.110357 0.115950 0.167057 0.073622 -0.133159 0.124840 -0.048485 0.015697 0.167913 0.066611 0.077426 -0.118709 -0.039082 0.271248 -0.175220 -0.047798 0.025643 0.298758 -0.038253 -0.071596 0.402564 0.162369 -0.191266 -0.187418 0.197595 0.077620 -0.082344 -0.197225 -0.222596 -0.113012 -0.358769 -0.381181 -0.397374 -0.179791 -0.160787 -0.031822 -0.069502 0.113309 0.012967 0.262778 0.146238 -0.047389 -0.073885 -0.011396 -0.311059 -0.241608 -0.112315 0.047276 -0.174950 -0.083331 -0.273391 -0.277557 0.207664 -0.023298 0.146698 0.091883 0.222589 0.091230 0.288376 0.176422 -0.037614 -0.047841 0.069532 0.136322 -0.106519 0.142174 0.113825 0.055115 -0.074115 0.034922 -0.016206 -0.138194 -0.158113 -0.002009 0.094221 0.008450 0.033649 0.063158 0.018424 0.071618 0.376155 0.108702 -0.169737 -0.165683 0.064134 -0.111566
0.213130 0.226503 -0.125646 -0.685889 0.163318 -0.646449 0.340608 0.010744 0.045636 -0.260305 0.397760 0.253608 0.481580 0.486771 0.292252 -0.375474 0.799942 0.655328 0.200342 0.191074 0.211671 0.258068 -0.443526 -0.262793 -0.290827 -0.299821 -0.179270 -0.312855 1.000000 0.649483 0.612010 0.579353 -0.082789 0.376270 0.210648 0.216718 0.451036 0.038623 0.036628 -0.325395 0.363553 0.391811 -0.463302 -0.220894 -0.243382 -0.107093 -0.400110 -0.613637 -0.600510 -0.562336 -0.632629 -0.776835 -0.546327 -0.495547 -0.630727 -0.522228 0.382618 0.504336 -0.299348 -0.683497 0.391692 -0.171073 0.662602 0.331071 0.407675 -0.477309 -0.522192 -0.683596 -0.033039 -0.076708 0.247153 0.474920 0.518453 0.374797 0.709461 0.454630 0.395815 0.264126 0.616643 0.685488 0.813199 0.830226 0.214329 0.222335 0.530728 0.306011 -0.374729 -0.380654 -0.377919 -0.582692 -0.548167 -0.369132 -0.281375 0.144037 -0.145342 0.061291 -0.437039 -0.273745 -0.284152 -0.283118 0.077585 0.154946 0.339316 0.005534 0.136624 0.054927 0.098439 -0.031857 0.285810 -0.179246 -0.526844 0.240834 0.006163 0.163385 0.182090 0.151858
0.290966 0.131570 -0.172898 -0.578162 -0.121204 -0.418222 0.199502 -0.019582 -0.085132 -0.297737 0.349610 0.211914 0.329004 0.207771 0.073629 -0.080609 0.604378 0.582891 0.131530 0.218693 0.116655 0.078167 -0.470986 -0.299554 -0.276934 -0.369648 -0.113957 -0.245125 0.649483 1.000000 0.256832 0.246337 -0.012637 0.280832 -0.133258 0.002807 0.390931 0.180820 0.004188 -0.216600 0.526680 0.391128 -0.114058 0.081806 0.080237 0.047303 -0.111696 -0.323929 -0.349214 -0.315569 -0.559144 -0.580759 -0.494933 -0.269135 -0.432862 -0.181694 0.300010 0.357919 -0.215384 -0.469402 0.201206 -0.241202 0.513267 0.037350 0.171363 -0.438263 -0.165707 -0.520429 -0.126491 -0.167393 0.139612 0.320922 0.529928 0.393461 0.472137 0.466938 0.412826 0.376310 0.405295 0.536745 0.591928 0.674810 0.119187 0.336156 0.342145 0.395203 -0.418423 -0.133629 -0.402715 -0.515294 -0.443165 -0.125665 -0.353625 -0.015031 -0.060293 0.191919 -0.117542 -0.152392 -0.014243 0.036762 0.048623 0.146703 0.199902 -0.074234 0.090501 -0.105627 0.052148 0.003318 0.375078 -0.143886 -0.586955 0.316742 0.115929 0.173523 0.206748 0.210884
-0.354479 -0.029013 0.275149 -0.219443 -0.144027 -0.361394 0.181096 0.059330 -0.129162 -0.228920 -0.070325 0.114014 -0.013497 0.076952 0.067447 -0.479205 0.317120 0.264601 0.173063 0.062528 0.360242 0.511038 0.171017 0.254165 -0.019266 0.196098 0.107815 0.110357 0.612010 0.256832 1.000000 0.793611 0.143134 0.553027 0.246203 0.327862 0.175198 -0.007541 0.220173 -0.157311 0.183951 0.333445 -0.569982 -0.130839 -0.488618 -0.262961 -0.492317 -0.476253 -0.651359 -0.664540 -0.241035 -0.642315 -0.630771 -0.720539 -0.527739 -0.526357 0.097455 0.335174 -0.466939 -0.664455 0.142307 -0.275995 0.280252 0.321831 0.488975 -0.382871 -0.754403 -0.581026 -0.195372 0.062375 0.110056 0.344353 0.255326 0.137671 0.320988 0.025294 -0.012877 0.203629 0.350180 0.639006 0.406788 0.501357 0.233451 0.073829 0.594561 0.254217 -0.009790 -0.430833 -0.001045 -0.345462 -0.501080 -0.496220 0.088042 0.369518 -0.146284 -0.070467 -0.431549 -0.374116 -0.517116 -0.529949 0.238467 0.163619 0.262411 0.182490 0.288733 0.162550 0.212603 0.173259 0.082482 -0.082736 -0.093732 0.206537 -0.145065 0.182882 0.267005 0.085517
-0.299034 0.077860 0.170253 -0.081388 -0.080397 -0.445007 0.300903 0.252587 -0.156915 -0.259725 -0.063194 0.200840 0.051152 0.168484 0.184964 -0.382739 0.279960 0.211031 0.245188 0.087538 0.349309 0.489314 0.154117 0.441520 -0.185045 0.180750 0.039600 0.115950 0.579353 0.246337 0.793611 1.000000 -0.145119 0.340248 0.317077 0.432352 0.127592 -0.065123 0.145890 -0.220989 0.105929 0.274224 -0.670090 -0.231627 -0.583226 -0.399659 -0.517166 -0.558451 -0.719502 -0.708005 -0.237948 -0.643095 -0.557792 -0.698658 -0.444995 -0.555323 0.021623 0.237959 -0.389576 -0.625093 0.131922 -0.360301 0.265721 0.225859 0.521978 -0.316636 -0.624474 -0.517092 -0.169659 0.042476 -0.018182 0.559559 -0.037714 0.123409 0.357104 0.135384 0.051183 0.295791 0.268890 0.518076 0.414955 0.446106 0.435105 0.208393 0.707707 0.429041 0.054619 -0.203623 0.161808 -0.185855 -0.466443 -0.594826 0.060673 0.184413 -0.219635 -0.043865 -0.500147 -0.405002 -0.639536 -0.586718 0.073866 -0.146824 0.014654 -0.067586 0.150598 0.036996 0.089913 0.164809 0.008257 -0.172679 -0.088157 0.133134 -0.343469 0.117880 0.240510 0.200799
-0.251331 -0.083015 -0.130459 -0.049224 -0.294753 0.187420 -0.402478 -0.418595 -0.044594 -0.134845 0.073339 -0.106813 -0.122710 -0.144593 -0.419012 -0.320201 -0.095908 -0.090008 -0.313351 -0.140305 -0.064150 0.022077 0.146225 -0.011777 0.512023 0.178446 -0.026352 0.167057 -0.082789 -0.012637 0.143134 -0.145119 1.000000 0.669662 0.090048 0.025687 0.039520 0.078314 0.097035 0.057741 0.015661 0.109635 0.044404 0.009131 0.022704 0.031285 0.082648 0.208931 0.054551 0.029945 0.145654 0.004068 -0.085940 -0.063361 0.099115 0.037080 0.205475 0.128087 0.091857 -0.002127 0.051382 0.220594 0.128001 0.387290 -0.148025 -0.133875 0.007808 -0.040656 -0.025708 0.190414 0.281173 -0.223914 0.458380 0.229019 -0.107748 -0.146752 0.198679 -0.098055 0.135357 0.089585 0.132520 0.079673 -0.359480 -0.418862 -0.057029 -0.349286 -0.072736 -0.250377 -0.198443 -0.113802 -0.078334 0.082127 -0.173295 0.090857 0.158272 -0.108188 0.144250 0.070359 0.130574 0.170323 0.182272 0.266817 0.289459 0.231370 0.270920 0.238880 0.217124 0.092989 -0.052782 0.191633 0.186574 0.056461 0.385728 0.046458 -0.027066 -0.196650
-0.242210 0.054738 -0.069804 -0.248211 -0.142668 -0.085342 -0.059645 -0.206301 -0.049125 -0.176962 0.121155 0.120660 0.110868 0.121217 -0.127401 -0.433572 0.247237 0.185389 -0.116893 -0.071796 0.056332 0.175283 0.034430 -0.043181 0.115224 -0.042996 0.124998 0.073622 0.376270 0.280832 0.553027 0.340248 0.669662 1.000000 0.175165 0.255273 0.088710 -0.024791 0.048982 -0.101897 0.060452 0.305516 -0.379084 -0.203702 -0.337855 -0.216448 -0.223673 -0.204452 -0.447781 -0.458780 -0.237610 -0.529145 -0.426264 -0.465370 -0.203424 -0.290694 0.242097 0.356383 -0.097399 -0.447538 0.376987 0.106446 0.441057 0.467880 0.267700 -0.295609 -0.327641 -0.400311 -0.076904 0.158306 0.281422 0.117939 0.440345 0.357230 0.221597 0.025391 0.318328 0.231141 0.251270 0.427370 0.346743 0.396048 -0.089283 -0.099609 0.264515 -0.083592 -0.106511 -0.534866 -0.153720 -0.254720 -0.332655 -0.231783 -0.220557 0.147960 -0.020184 -0.024487 -0.094980 -0.159250 -0.138556 -0.188144 0.225219 0.228118 0.457689 0.151911 0.480589 0.195890 0.407523 0.177976 0.058113 0.059399 -0.166734 0.207384 0.144875 0.215962 0.189248 0.098267
-0.250612 -0.225659 -0.305334 -0.017609 -0.043839 -0.282796 -0.035086 0.014928 -0.093414 -0.042009 -0.015516 -0.034510 0.124136 0.110569 -0.155481 -0.300737 0.096439 0.094688 -0.083264 -0.289579 0.182064 -0.221684 -0.022535 0.081769 0.154853 0.102359 -0.240928 -0.133159 0.210648 -0.133258 0.246203 0.317077 0.090048 0.175165 1.000000 0.530096 0.187912 0.031249 0.179741 -0.199696 -0.108969 0.147627 -0.226826 -0.114875 -0.117757 -0.126081 -0.203363 -0.250666 -0.184795 -0.156753 0.121177 -0.147984 -0.156630 -0.276585 -0.189240 -0.249854 -0.009706 -0.046091 -0.023953 -0.041187 0.173026 0.148799 0.094725 0.283020 0.196256 -0.015896 -0.052997 -0.070634 0.033705 -0.143263 0.063786 0.379995 0.080481 0.295405 0.236302 -0.024444 0.328641 0.274694 0.075584 0.092252 0.137210 0.098071 0.038641 -0.187633 0.126166 -0.192892 0.190755 0.099424 -0.061037 -0.158962 -0.221769 -0.488857 -0.059560 -0.067464 -0.046190 0.049477 -0.175689 -0.212029 -0.419336 -0.459029 0.114770 -0.055594 0.043938 0.258075 0.273899 0.384778 0.092807 0.429753 -0.003963 -0.080841 0.246572 -0.001072 -0.242659 0.005488 0.238007 0.364567
-0.136718 0.169650 -0.104231 -0.016389 0.047546 -0.111316 -0.018992 0.126680 -0.101846 -0.095389 0.205429 0.442492 0.081749 0.176270 -0.152338 -0.206624 0.069064 0.060515 -0.063285 -0.250143 0.313875 0.131979 0.009181 0.135796 0.180933 0.165937 0.121687 0.124840 0.216718 0.002807 0.327862 0.432352 0.025687 0.255273 0.530096 1.000000 0.053213 0.065170 0.212084 -0.075011 0.013329 0.117328 -0.314470 -0.057975 -0.328141 0.000759 -0.352845 -0.221269 -0.266692 -0.390815 0.142923 -0.226753 -0.281113 -0.428541 -0.179100 -0.438486 0.116311 -0.047596 -0.023811 -0.209799 0.178486 -0.068959 0.102160 0.184640 0.403097 0.199730 -0.352148 -0.092058 -0.327119 -0.092727 0.045038 0.291556 -0.028793 0.208217 0.176023 0.059906 0.169420 0.068158 0.197360 0.140087 0.093066 0.052850 0.104996 -0.119756 0.263752 0.017697 0.149900 0.076523 0.093963 0.011109 -0.412705 -0.552514 -0.067399 0.140759 0.025951 -0.238665 -0.371108 -0.083886 -0.431580 -0.354441 0.267010 -0.052479 0.188813 0.062866 0.264949 0.085457 -0.030089 0.068838 -0.137295 -0.022713 0.185213 -0.117133 -0.163690 0.082319 0.020918 0.116752
