1.000000 0.485590 0.022058 -0.064277 -0.287976 -0.397272 0.156362 -0.155189 -0.176221 -0.455764 0.297864 0.087678 0.120748 0.021448 -0.012736 -0.187084 0.437742 0.209251 0.542814 0.329424 -0.178701 0.064751 -0.013749 -0.172561 -0.346544 -0.395102 -0.027489 -0.152731 0.427829 0.000910 0.022463 -0.151342 0.400343 0.013350 -0.110865 -0.268778 -0.049890 -0.293818 -0.074363 -0.025358 0.028332 -0.031702 0.109639 0.103366 -0.081093 -0.349506 -0.044180 -0.018267 -0.108875 -0.276403 -0.174889 -0.252914 -0.040116 -0.022436 0.104855 0.242778 0.468175 0.402868 0.217621 0.185469 0.318949 0.110394 0.320769 0.302573 0.003777 -0.080108 -0.109624 -0.499642 0.245453 0.038306 -0.238371 -0.411664 0.185487 0.029851 -0.057500 0.067458 0.075123 -0.075437 0.200233 0.118462 0.348943 0.214255 0.210057 0.106425 0.002934 -0.240201 -0.008550 0.081523 0.191846 -0.015965 0.007858 -0.038827 -0.147202 -0.010751 -0.000559 0.263447 -0.007656 0.301932 0.109226 0.089073 0.129871 0.095359 0.080289 -0.057403 -0.135516 -0.259216 -0.197577 -0.321255 0.297578 0.421474 -0.227528 -0.266337 0.235446 0.210334 -0.044976 0.009668
0.485590 1.000000 -0.128501 0.346956 -0.340635 -0.135475 0.051703 0.344603 -0.257771 -0.155811 0.077082 0.444670 0.123326 0.336319 -0.038181 0.044856 0.165457 0.142117 0.378082 0.295598 -0.080685 0.016695 -0.327130 0.109013 -0.500321 -0.414443 -0.090274 -0.092591 0.264036 0.177372 -0.104930 -0.166289 0.308336 -0.089018 -0.125443 -0.301744 -0.189972 -0.283356 -0.319787 0.002610 -0.105908 -0.060470 0.097511 0.066187 -0.306655 -0.382540 0.105493 0.048596 -0.022017 -0.125679 -0.285328 -0.108461 -0.045384 -0.013089 0.014587 -0.012518 0.327568 0.373008 0.202637 0.382301 0.199224 0.406973 0.119122 0.218365 -0.170847 0.292177 -0.108921 -0.382954 0.203335 0.032841 -0.314512 -0.494213 -0.018344 -0.003250 -0.104105 0.079393 -0.080952 -0.204363 -0.042748 0.037506 0.161530 -0.076435 0.018961 0.090951 -0.131401 -0.149593 0.026396 0.184928 0.068056 0.135731 0.064918 -0.004827 0.095146 -0.307591 -0.011311 0.178315 -0.224805 0.267841 -0.010993 0.045372 0.132246 -0.183926 0.005464 -0.274301 -0.218008 -0.202627 -0.038292 -0.179901 0.149180 0.264685 -0.406606 -0.287262 0.221079 0.058297 0.188157 0.099569
0.022058 -0.128501 1.000000 0.003809 0.424208 0.133603 0.628614 0.051619 0.389456 0.105830 0.138726 -0.091206 -0.047792 -0.260075 0.347598 -0.135832 -0.403578 -0.357936 0.134908 -0.059126 -0.148408 0.056088 0.671288 0.302174 0.412333 0.422418 0.168997 0.225151 -0.347381 -0.616416 0.281416 0.065917 -0.233386 -0.137529 0.077842 0.048115 -0.177818 -0.273988 -0.073602 -0.162526 -0.246105 -0.409987 -0.179339 -0.243183 0.133598 -0.005194 -0.333804 -0.375748 0.196252 -0.077104 0.351147 -0.127806 0.178901 0.012124 -0.137953 -0.329228 -0.296934 -0.216971 -0.001503 -0.092392 -0.149476 -0.122964 -0.228087 -0.331959 0.596356 -0.097054 0.237757 0.139053 -0.043249 0.005644 0.174913 0.124908 -0.506150 -0.420599 -0.429171 -0.226301 -0.373804 -0.270548 -0.375027 -0.255324 -0.369578 -0.274798 0.169083 -0.225931 0.337611 0.107649 0.034480 -0.101198 0.321559 0.011559 0.084741 -0.012003 0.062884 0.376019 0.003600 0.281060 -0.191211 -0.043271 -0.177737 -0.359408 -0.004085 0.036690 -0.136152 -0.005984 -0.069657 -0.163800 -0.109646 -0.115627 0.131012 0.170831 -0.018922 -0.009036 -0.065825 -0.196181 -0.020794 -0.014692
-0.064277 0.346956 0.003809 1.000000 -0.128350 0.437963 -0.143563 0.421812 -0.221939 0.002706 -0.227479 0.164314 -0.220144 0.047711 0.017825 0.289361 -0.162162 -0.178678 0.135606 0.229093 0.090225 0.253460 0.040283 0.554511 -0.041144 0.255988 0.298277 0.490322 -0.173053 -0.012708 0.109953 0.070497 0.143794 -0.212539 -0.216810 -0.237205 -0.280977 -0.157270 -0.282223 -0.025038 -0.241527 -0.168446 0.264104 0.358555 -0.070563 0.170816 0.221693 0.290849 0.044665 -0.042702 -0.035876 -0.042609 -0.078579 0.261342 -0.109391 -0.002529 0.127072 -0.001599 -0.051203 -0.132368 -0.336265 -0.246375 -0.359938 -0.364521 -0.283967 -0.088825 -0.076673 -0.216188 0.194633 0.170367 -0.091480 -0.144005 -0.214647 0.082437 -0.008117 0.003322 -0.313751 -0.302364 -0.139821 -0.260362 -0.052849 -0.146506 -0.084367 0.036116 -0.056994 0.225576 0.086718 0.142459 -0.060125 0.109270 0.163053 -0.078997 0.247690 -0.318120 -0.212258 0.072710 -0.084017 0.046315 -0.133759 0.016754 -0.017039 -0.242718 -0.150797 -0.134986 -0.198307 -0.189324 -0.027078 -0.252693 0.196652 0.136592 0.042161 -0.106665 0.050430 -0.079462 0.033624 -0.154842
-0.287976 -0.340635 0.424208 -0.128350 1.000000 0.259227 0.105613 -0.056903 0.765336 0.481758 0.095824 -0.039531 0.228580 -0.172875 0.417137 -0.084353 -0.446164 -0.490977 0.010267 -0.015282 0.045928 0.098646 0.414577 0.372597 0.508283 0.369487 0.216182 0.207575 -0.364072 -0.515881 -0.036735 -0.342017 -0.462966 -0.329804 -0.026443 -0.022096 -0.121589 -0.139573 -0.153139 -0.301358 -0.195229 -0.374119 -0.187739 -0.178369 -0.079896 0.191846 -0.358925 -0.284153 0.202809 0.094775 0.149722 -0.017748 0.046057 -0.123269 -0.151711 -0.483503 -0.497613 -0.420812 0.214925 0.146573 0.051539 0.013382 -0.248048 -0.377411 0.312639 0.066455 0.249346 0.284587 -0.219164 0.259170 0.223042 0.054876 -0.426561 -0.390170 -0.272465 -0.179155 -0.277066 -0.152960 -0.406214 -0.091884 -0.415706 -0.185051 -0.006436 -0.190558 0.120369 0.101330 0.003843 -0.264534 0.203070 0.184243 0.256701 0.065811 0.234422 0.401454 0.075155 0.139984 -0.123535 -0.051642 -0.135965 -0.288151 0.013821 0.055886 0.176653 0.203743 -0.074675 -0.189670 -0.185624 -0.036420 -0.023033 0.031730 0.106626 0.362955 -0.127525 -0.307053 -0.122906 0.082480
-0.397272 -0.135475 0.133603 0.437963 0.259227 1.000000 -0.276655 0.012248 -0.008205 0.295798 -0.204921 -0.242459 -0.249517 -0.181554 0.056389 0.036739 -0.488971 -0.521573 -0.156661 -0.017688 0.224847 0.346605 0.240880 0.432320 0.371960 0.585311 0.602783 0.723547 -0.553584 -0.262976 -0.028202 -0.143012 -0.252931 -0.390797 -0.200174 -0.076168 -0.287757 0.000098 -0.181903 0.079194 -0.268921 -0.254968 0.087326 0.173533 0.202979 0.329314 0.183696 0.220986 0.179089 0.134268 0.213117 0.148593 0.222017 0.319997 0.045131 -0.070053 -0.136698 -0.262945 0.157780 0.031214 -0.276851 -0.174982 -0.422290 -0.480484 -0.151150 -0.093262 0.212731 0.165736 0.218662 0.341424 0.045009 0.130372 -0.406933 -0.101434 -0.238426 -0.260654 -0.479692 -0.416867 -0.410751 -0.357838 -0.412196 -0.388071 -0.128911 -0.262317 0.048739 0.158227 0.121802 0.170651 0.182456 0.217388 0.247570 0.028201 0.092538 -0.037578 -0.073822 -0.051635 0.072446 -0.141782 0.034784 0.071267 -0.183543 -0.237042 -0.112132 0.040696 -0.128564 -0.112175 -0.024931 -0.018298 -0.116912 -0.021050 0.259966 0.277808 0.085123 -0.426059 -0.168220 -0.036993
0.156362 0.051703 0.628614 -0.143563 0.105613 -0.276655 1.000000 0.345901 0.115030 0.000027 0.129609 0.220080 0.142955 0.036630 0.047590 -0.065609 0.029293 0.013349 0.242593 -0.033251 -0.111308 -0.152602 0.157525 -0.032123 -0.084251 -0.096837 -0.261599 -0.246807 0.037468 -0.201555 0.139643 0.104471 -0.032308 0.048571 -0.000894 0.100925 0.065566 -0.170628 0.072088 0.026431 -0.180404 0.009072 -0.156421 -0.319202 -0.073211 -0.286227 -0.292120 -0.378271 0.020858 -0.081908 -0.001748 -0.073238 -0.015157 -0.157826 -0.216193 -0.240204 -0.151875 -0.047433 -0.086099 -0.123752 0.023206 -0.015281 -0.032148 -0.083860 0.514130 0.095101 -0.004965 0.017994 -0.175611 -0.310677 -0.019109 0.000014 -0.034610 -0.165653 -0.155693 0.024131 0.044875 -0.009717 -0.207373 -0.204056 -0.141796 -0.198036 0.271751 0.061572 0.159668 -0.024894 -0.019890 0.047432 0.099469 -0.075583 -0.085144 0.052736 0.082857 0.233731 -0.063329 0.119718 -0.486329 -0.020492 -0.145810 -0.162455 0.211957 0.209353 -0.069739 -0.118242 0.020236 -0.009696 -0.011394 0.022303 0.013784 0.068807 -0.310489 -0.205920 0.072475 0.161478 0.218794 0.161724
-0.155189 0.344603 0.051619 0.421812 -0.056903 0.012248 0.345901 1.000000 0.007041 0.395780 0.016913 0.604475 0.338859 0.580518 0.078023 0.552197 -0.029119 0.129026 -0.061437 0.140825 -0.056548 -0.103598 -0.377875 0.266224 -0.437670 -0.217011 -0.376824 -0.223268 0.074872 0.151801 -0.049821 0.019512 -0.001702 0.119262 0.065352 0.084014 -0.296647 -0.326888 -0.408962 -0.049759 -0.167685 -0.100628 0.110605 0.014030 -0.159306 0.006638 -0.166491 -0.068062 -0.065179 0.173787 -0.126761 -0.057508 -0.329164 -0.178567 -0.414735 -0.219956 -0.156523 -0.232941 -0.148835 -0.224915 0.051565 0.094447 -0.081201 -0.140520 0.148231 0.444404 -0.024451 -0.075635 -0.268422 -0.334973 -0.258342 -0.081740 -0.108939 -0.072690 -0.172627 0.109467 -0.182767 -0.042599 -0.198233 -0.083634 -0.025921 -0.220988 -0.202722 0.212060 -0.194186 0.163479 -0.296699 -0.037362 -0.279252 -0.092408 -0.026371 -0.018540 0.461928 -0.318646 -0.021310 0.114164 -0.434841 0.148926 -0.261421 -0.055160 0.209222 -0.158619 -0.126456 -0.356926 -0.321344 -0.260968 0.011398 -0.181480 0.038849 0.016247 -0.376016 -0.204590 -0.107715 0.149228 0.403591 0.054342
-0.176221 -0.257771 0.389456 -0.221939 0.765336 -0.008205 0.115030 0.007041 1.000000 0.569920 0.304160 0.163448 0.290695 0.068263 0.583284 0.117175 -0.378143 -0.301913 -0.096198 -0.066845 -0.148009 -0.020400 0.347373 0.266215 0.343581 0.186929 -0.093372 -0.041359 -0.194613 -0.489604 0.019186 -0.299730 -0.427192 -0.209711 0.140892 -0.050875 -0.143329 -0.257291 -0.305388 -0.499392 -0.069803 -0.398631 -0.152907 -0.130737 -0.070553 0.171334 -0.472811 -0.496119 0.286436 0.226184 0.365277 0.059738 -0.053165 -0.345293 -0.179458 -0.484866 -0.475451 -0.425133 0.070294 0.005396 0.066020 0.017015 -0.113043 -0.283408 0.468904 0.206819 0.173860 0.134549 -0.246474 0.158850 0.151327 0.058008 -0.365442 -0.452955 -0.321586 -0.153748 -0.296584 -0.102225 -0.257561 0.014141 -0.267193 -0.063757 -0.097874 -0.142019 0.256797 0.161163 -0.112453 -0.404686 0.177429 0.067453 0.083920 -0.058220 0.257177 0.423836 0.077123 0.271976 -0.140638 0.074548 -0.168423 -0.299597 0.069169 0.046179 0.192222 0.215866 -0.022279 -0.228279 -0.254263 -0.154255 0.165753 0.096797 -0.084727 0.205283 -0.227980 -0.116464 -0.086466 0.146857
-0.455764 -0.155811 0.105830 0.002706 0.481758 0.295798 0.000027 0.395780 0.569920 1.000000 -0.126335 0.181350 0.297072 0.401691 0.335505 0.422996 -0.350686 -0.145397 -0.292968 0.111245 0.008904 -0.054728 -0.154964 0.329898 0.048041 0.165476 -0.291110 -0.124355 -0.243983 -0.136159 -0.352044 -0.392824 -0.439457 -0.307727 0.065012 0.067729 -0.258996 -0.183004 -0.472895 -0.411520 -0.073783 -0.443276 0.070387 0.045254 0.119671 0.366890 -0.331335 -0.231758 0.371214 0.603609 0.354688 0.379794 -0.122639 -0.110289 -0.343508 -0.409353 -0.605797 -0.646365 0.015416 -0.111620 0.081312 0.024608 -0.097612 -0.279135 0.186560 0.456575 0.257296 0.064465 -0.282387 0.098433 0.124996 0.233021 -0.305487 -0.326475 -0.289241 -0.214026 -0.468955 -0.119202 -0.399294 -0.038807 -0.180002 -0.184233 -0.480702 -0.181283 -0.050513 0.230346 -0.298525 -0.437013 -0.209095 -0.031842 0.277864 0.097990 0.511200 0.014518 0.023753 0.225899 -0.321363 0.047640 -0.285937 -0.146584 0.121633 -0.263245 0.122566 0.067093 -0.140426 -0.329559 -0.236871 -0.211614 0.078898 0.154238 -0.086456 0.192426 -0.078121 -0.109180 -0.034957 0.129103
0.297864 0.077082 0.138726 -0.227479 0.095824 -0.204921 0.129609 0.016913 0.304160 -0.126335 1.000000 0.380714 0.523320 0.279077 0.386279 -0.013448 -0.033251 -0.030166 0.055760 -0.202817 -0.208332 -0.124711 0.222162 -0.002799 0.022508 -0.172328 -0.040423 -0.083761 0.084919 -0.198236 0.412081 0.073387 0.002048 0.040696 0.059362 -0.092524 -0.133378 -0.264111 -0.119712 -0.055989 -0.123028 -0.035084 -0.213426 -0.201659 -0.069202 -0.101566 -0.315150 -0.371202 0.067260 -0.161013 0.137895 -0.283435 -0.158757 -0.517101 -0.023974 -0.179293 -0.057585 0.022924 0.053677 -0.008843 0.252389 0.189750 0.166733 0.039675 0.532623 0.200425 0.013096 -0.021243 -0.190588 -0.257309 -0.201591 -0.136779 -0.067594 -0.061706 -0.145531 0.175701 0.035313 0.003291 -0.019125 0.041906 -0.260320 -0.188313 0.288588 -0.026185 0.152929 -0.119308 0.047627 0.118055 0.347359 -0.056816 -0.491221 -0.208272 -0.167457 0.200368 0.005267 -0.062151 -0.108727 -0.039856 -0.134922 -0.339615 -0.108530 0.201703 0.006966 0.005978 -0.075217 0.000910 0.162534 0.061330 -0.065448 -0.172370 -0.370894 -0.348090 -0.434998 -0.086859 0.148246 -0.113088
0.087678 0.444670 -0.091206 0.164314 -0.039531 -0.242459 0.220080 0.604475 0.163448 0.181350 0.380714 1.000000 0.427645 0.734176 0.207026 0.339411 0.004354 0.080209 -0.021886 -0.014457 -0.159299 -0.239863 -0.283017 0.149498 -0.400380 -0.438814 -0.379270 -0.363371 0.152305 0.072515 0.050467 -0.066165 0.003880 0.001160 -0.006479 -0.129674 -0.045098 -0.283489 -0.279543 -0.131111 -0.154826 0.039980 -0.070981 -0.105567 -0.404732 -0.201351 -0.181698 -0.228957 -0.021692 0.027111 -0.217948 -0.099071 -0.225263 -0.302935 -0.235568 -0.252225 -0.008682 -0.021399 -0.039069 0.010057 0.196411 0.299636 0.035114 0.089699 0.188015 0.577677 -0.248556 -0.058198 -0.274158 -0.284621 -0.227684 -0.229762 -0.049017 -0.058061 -0.187501 0.184466 0.006708 0.042299 -0.081314 -0.053151 -0.017484 -0.130327 0.057176 0.284425 -0.019579 0.008631 -0.133047 0.070257 -0.060673 0.065325 -0.170611 -0.179850 0.301648 -0.126035 -0.090738 0.041200 -0.358100 0.156026 -0.215167 -0.167995 0.164580 -0.058654 0.024158 -0.238195 -0.279254 -0.094667 -0.020440 -0.107466 0.033792 -0.123508 -0.440502 -0.287080 -0.112546 0.141785 0.341652 0.099086
0.120748 0.123326 -0.047792 -0.220144 0.228580 -0.249517 0.142955 0.338859 0.290695 0.297072 0.523320 0.427645 1.000000 0.510310 0.383373 0.274196 0.103916 0.105775 0.121353 -0.053617 0.023994 -0.243036 -0.256296 -0.070612 -0.263844 -0.442325 -0.380420 -0.398284 0.139678 -0.028934 -0.048688 -0.187005 0.151373 0.080288 -0.022717 -0.055921 -0.171025 -0.148733 -0.175072 -0.000399 -0.177087 0.005717 -0.069214 -0.118125 -0.215421 0.017630 -0.222782 -0.142341 0.035997 0.127484 -0.085653 -0.123888 -0.251645 -0.332962 -0.197329 -0.204711 -0.295347 -0.217940 0.060996 0.026635 0.392532 0.332634 0.195179 0.105318 0.258305 0.463356 0.042755 0.019938 -0.326040 -0.312784 -0.103357 -0.094181 0.026792 -0.116400 -0.079924 0.166235 -0.088462 -0.044438 -0.162208 0.095864 -0.166340 -0.229111 -0.101408 -0.107044 -0.244823 -0.214743 -0.100839 -0.143411 -0.066973 -0.076815 -0.228807 0.003922 0.199438 0.014363 0.076551 -0.040705 -0.312250 0.079665 -0.282991 -0.362476 0.036169 0.048599 -0.030588 -0.127499 -0.125804 0.002030 0.011514 -0.070305 -0.078523 -0.059448 -0.325498 -0.238382 -0.306762 -0.005081 0.208643 -0.118639
0.021448 0.336319 -0.260075 0.047711 -0.172875 -0.181554 0.036630 0.580518 0.068263 0.401691 0.279077 0.734176 0.510310 1.000000 0.101361 0.440359 0.019374 0.200448 -0.278191 -0.022402 -0.064061 -0.289910 -0.505803 -0.007674 -0.487096 -0.527219 -0.555346 -0.453361 0.098120 0.224900 -0.170396 -0.220826 0.027005 0.065019 0.101743 0.145563 -0.147854 -0.217774 -0.334154 -0.069895 -0.059296 -0.003758 -0.031233 -0.031825 -0.015945 0.108440 -0.219588 -0.236226 0.141096 0.416320 -0.000703 0.147164 -0.229407 -0.374088 -0.297755 -0.232540 -0.216097 -0.320626 0.008538 -0.083511 0.355333 0.267104 0.207651 0.159432 0.118864 0.666116 0.078756 -0.075086 -0.258697 -0.314424 -0.205179 -0.012596 0.068478 -0.015193 -0.129685 0.074226 -0.080160 0.062097 -0.148095 0.032153 0.020934 -0.162843 -0.337588 0.084057 -0.337874 -0.165737 -0.286787 -0.091685 -0.196818 -0.123785 -0.124148 -0.039739 0.410056 -0.136971 0.010642 0.096848 -0.280988 0.175498 -0.312699 -0.043566 0.224728 -0.032197 0.109186 -0.094272 -0.129659 -0.126186 0.087390 -0.078118 0.093443 -0.033102 -0.411670 -0.258455 -0.124516 0.191910 0.328043 0.119566
-0.012736 -0.038181 0.347598 0.017825 0.417137 0.056389 0.047590 0.078023 0.583284 0.335505 0.386279 0.207026 0.383373 0.101361 1.000000 0.414462 -0.307882 -0.239973 0.074689 0.079112 -0.217206 0.014273 0.347607 0.320968 0.195369 0.083769 0.094033 0.089822 -0.098458 -0.336452 -0.019531 -0.224130 -0.238442 -0.219410 0.089181 -0.177698 -0.236387 -0.231621 -0.315875 -0.270219 -0.096237 -0.359150 0.003783 0.013535 -0.175218 0.054621 -0.166411 -0.258695 0.119115 -0.040029 0.266112 -0.124166 -0.110652 -0.140242 -0.141865 -0.336549 -0.350611 -0.165631 -0.074232 -0.048740 -0.061381 -0.023392 -0.178649 -0.326262 0.453616 0.085147 0.044752 -0.089918 -0.010599 0.158623 0.106751 0.050888 -0.400945 -0.499063 -0.396212 -0.141796 -0.364963 -0.136119 -0.229444 -0.051141 -0.297977 -0.058850 0.071389 0.064684 0.286017 0.149209 -0.075507 -0.225703 0.277946 -0.098588 0.032656 -0.082130 0.201229 0.220921 0.188667 0.292960 -0.187415 0.202614 -0.218616 -0.377606 -0.115480 -0.146576 -0.077068 -0.092605 -0.275656 -0.305444 -0.280676 -0.254738 0.217261 0.173679 -0.269371 -0.062719 -0.204481 -0.118668 0.067793 -0.017355
-0.187084 0.044856 -0.135832 0.289361 -0.084353 0.036739 -0.065609 0.552197 0.117175 0.422996 -0.013448 0.339411 0.274196 0.440359 0.414462 1.000000 0.035062 0.144522 -0.163032 0.078625 -0.043024 -0.077594 -0.356398 0.079558 -0.303203 -0.160934 -0.272374 -0.195249 0.155716 0.267602 -0.164402 -0.010755 -0.076847 0.087126 0.161573 0.001299 -0.152490 -0.098376 -0.280215 -0.191725 0.158627 -0.041173 0.205787 0.231412 -0.143421 0.074625 0.018249 0.062613 -0.110709 0.180038 -0.009581 -0.006657 -0.281349 -0.000391 -0.280119 -0.037603 -0.137626 -0.218255 -0.370270 -0.396563 -0.084594 -0.095296 -0.102948 -0.175184 -0.030853 0.243359 -0.092479 -0.184793 -0.291853 -0.195411 0.024421 0.162749 -0.014342 0.041295 -0.013575 0.230524 -0.109064 0.176358 0.051122 0.066516 0.107373 0.054376 -0.260159 0.343890 -0.137150 0.297531 -0.462375 -0.243501 -0.337964 -0.243888 0.008778 -0.060265 0.372290 -0.279233 0.074842 0.216273 -0.238537 0.240755 -0.256998 -0.060435 0.141924 -0.165750 -0.130087 -0.248501 -0.222934 -0.207226 -0.122740 -0.257179 0.201716 0.047275 -0.269389 -0.115432 -0.114700 0.321914 0.315923 0.105005
0.437742 0.165457 -0.403578 -0.162162 -0.446164 -0.488971 0.029293 -0.029119 -0.378143 -0.350686 -0.033251 0.004354 0.103916 0.019374 -0.307882 0.035062 1.000000 0.751961 0.352524 0.255039 0.039779 -0.094406 -0.388477 -0.393652 -0.450567 -0.349193 -0.290698 -0.355398 0.822263 0.605852 0.027850 0.253200 0.421699 0.406175 -0.126220 -0.211545 0.318399 -0.003549 0.063798 0.032011 0.447214 0.394948 0.044648 0.022572 -0.255157 -0.270478 -0.091159 0.019970 -0.542463 -0.351739 -0.399728 -0.400465 -0.437101 -0.183851 -0.055792 0.228672 0.436423 0.364823 -0.204572 -0.074749 0.298416 0.040114 0.618609 0.541612 -0.225530 -0.191213 -0.431149 -0.430089 -0.005397 -0.115400 -0.186165 -0.262729 0.736207 0.387123 0.533961 0.358663 0.437318 0.277503 0.648372 0.510218 0.757917 0.568327 0.109841 0.399918 -0.122867 -0.065390 -0.075041 0.069582 -0.312647 -0.324330 -0.110553 -0.194317 -0.122089 -0.290126 -0.095473 -0.018787 0.000216 0.157207 0.010851 0.031373 0.175698 0.100040 0.107998 -0.095754 0.023605 0.049325 -0.052373 -0.121028 0.031490 0.204415 -0.048261 -0.150700 0.087818 0.330222 0.054772 -0.144369
0.209251 0.142117 -0.357936 -0.178678 -0.490977 -0.521573 0.013349 0.129026 -0.301913 -0.145397 -0.030166 0.080209 0.105775 0.200448 -0.239973 0.144522 0.751961 1.000000 0.070058 0.232621 0.005400 -0.184228 -0.464753 -0.398734 -0.494722 -0.361763 -0.486869 -0.520811 0.673143 0.659963 -0.038967 0.263061 0.291414 0.494745 0.086451 -0.054784 0.190037 0.033584 0.028395 -0.069317 0.404518 0.267342 -0.138789 -0.185806 -0.154915 -0.277203 -0.196931 -0.220742 -0.333872 -0.160914 -0.301181 -0.314343 -0.450088 -0.294859 -0.111559 0.146269 0.273538 0.274170 -0.230889 -0.039501 0.314103 0.208839 0.644868 0.654989 -0.071918 0.026134 -0.353368 -0.458037 -0.126695 -0.216427 0.023060 0.082487 0.608233 0.344662 0.360226 0.243854 0.286821 0.355510 0.549603 0.610664 0.648026 0.549991 -0.147874 0.270017 -0.268121 -0.119766 -0.149781 -0.062682 -0.386018 -0.284737 -0.127885 -0.253433 -0.032337 -0.314279 -0.134354 0.040668 -0.070307 -0.018390 -0.083231 -0.033409 0.193747 0.032840 0.141067 0.020223 0.070716 0.066306 0.154116 0.003214 0.039642 0.169965 -0.116812 -0.306191 -0.061511 0.270201 0.040998 -0.212795
0.542814 0.378082 0.134908 0.135606 0.010267 -0.156661 0.242593 -0.061437 -0.096198 -0.292968 0.055760 -0.021886 0.121353 -0.278191 0.074689 -0.163032 0.352524 0.070058 1.000000 0.466520 0.026884 0.178349 0.086018 0.082412 -0.191486 -0.111988 0.135394 0.040218 0.307136 0.019672 0.109274 -0.031292 0.390435 -0.157735 -0.422130 -0.529370 -0.141927 -0.086868 -0.148631 0.061621 -0.242806 -0.015433 0.058205 0.016783 -0.305706 -0.319912 0.043096 0.089722 -0.145494 -0.431093 -0.352678 -0.301319 -0.072274 0.073878 0.045920 0.137693 0.145285 0.234260 0.180901 0.200950 0.119204 0.122569 0.081530 0.032545 0.000006 -0.179134 -0.239848 -0.417422 0.188001 0.151069 -0.112010 -0.381173 0.164574 -0.089258 0.057476 0.092655 -0.034841 -0.278779 0.097720 0.073600 0.106142 0.055001 0.396150 0.060791 0.145664 -0.254789 0.395515 0.238224 0.255346 0.204914 0.205829 0.123992 -0.101245 -0.053844 -0.306597 0.066201 -0.251399 -0.015878 0.106523 -0.058107 0.078964 0.035381 0.105864 -0.014567 -0.042216 -0.023919 -0.219288 -0.219744 -0.049819 0.365480 -0.006709 -0.117308 0.305405 0.015909 -0.090263 -0.128599
0.329424 0.295598 -0.059126 0.229093 -0.015282 -0.017688 -0.033251 0.140825 -0.066845 0.111245 -0.202817 -0.014457 -0.053617 -0.022402 0.079112 0.078625 0.255039 0.232621 0.466520 1.000000 -0.010244 0.370943 -0.136678 0.333297 -0.275494 -0.009987 0.016223 0.006826 0.335722 0.265834 -0.383300 -0.295909 -0.031179 -0.192501 -0.251556 -0.441443 -0.266910 -0.303231 -0.432262 -0.300521 0.090410 -0.387928 0.372902 0.309240 -0.079047 -0.015017 -0.075022 0.090346 -0.124069 -0.083542 -0.209545 -0.103877 -0.308602 0.109980 -0.215229 0.116192 0.153272 0.126210 -0.081193 0.003669 -0.046603 -0.087734 0.031871 -0.115322 -0.204463 -0.137740 -0.167212 -0.609397 0.301537 0.498477 0.014024 -0.067788 0.102517 -0.171111 -0.092849 -0.068521 -0.230749 -0.106944 0.213587 0.234214 0.404111 0.359475 0.032764 0.234640 -0.022436 -0.003429 0.021834 -0.084719 -0.058869 0.006848 0.567060 0.194945 0.303361 -0.311253 -0.146724 0.367534 -0.008247 0.143502 0.022365 0.139919 0.063234 -0.403954 0.101637 -0.055435 -0.176231 -0.520767 -0.243801 -0.390194 0.295531 0.637331 0.053049 -0.003813 0.225365 0.137285 -0.236440 -0.182520
-0.178701 -0.080685 -0.148408 0.090225 0.045928 0.224847 -0.111308 -0.056548 -0.148009 0.008904 -0.208332 -0.159299 0.023994 -0.064061 -0.217206 -0.043024 0.039779 0.005400 0.026884 -0.010244 1.000000 0.417845 -0.136673 -0.052572 0.033185 0.069784 0.103482 0.182161 0.000327 0.207557 0.046198 0.157464 0.162043 0.062817 -0.105641 0.045792 0.081893 0.205125 0.040333 0.121955 0.191329 0.198928 0.146894 0.195729 -0.005137 -0.001096 0.065513 0.069207 -0.092514 -0.047627 -0.061848 -0.020736 -0.033156 0.051192 -0.093922 0.009210 -0.012479 -0.134193 0.059080 -0.013142 0.041724 -0.058749 0.047562 0.042021 -0.314901 -0.135112 -0.093995 0.028922 0.139523 -0.023229 -0.065811 0.060486 0.386666 0.166785 0.328754 0.116054 0.005813 0.034516 0.070928 0.074102 -0.030513 -0.052202 -0.013682 0.008115 -0.170124 -0.156278 -0.006944 0.008837 -0.254656 -0.062211 -0.082526 -0.018473 -0.006938 -0.066764 -0.048083 -0.152041 0.047667 -0.049250 -0.076723 0.082254 0.042474 0.022392 0.077126 -0.003382 -0.038486 0.071294 0.073779 0.056315 -0.175321 -0.027588 0.115013 0.133620 -0.061653 0.057292 0.153709 0.084488
0.064751 0.016695 0.056088 0.253460 0.098646 0.346605 -0.152602 -0.103598 -0.020400 -0.054728 -0.124711 -0.239863 -0.243036 -0.289910 0.014273 -0.077594 -0.094406 -0.184228 0.178349 0.370943 0.417845 1.000000 0.141681 0.211291 0.166461 0.379958 0.460367 0.544063 0.010098 -0.032016 0.039036 -0.054325 -0.030902 -0.132408 -0.116414 -0.223428 -0.200644 -0.056786 -0.141483 -0.010149 0.112869 -0.153012 0.270175 0.393134 0.045201 0.069924 0.048716 0.139685 -0.156335 -0.144407 -0.010575 -0.130374 -0.095716 0.144151 -0.114660 0.032719 0.107598 -0.061244 0.019276 -0.005854 -0.150769 -0.181775 -0.077146 -0.157686 -0.182800 -0.345372 -0.060491 -0.251028 0.510378 0.349283 -0.133961 -0.054422 -0.032944 -0.092550 -0.055650 -0.069022 -0.256849 -0.171567 0.089150 0.098438 0.091715 0.216888 0.081339 0.169871 0.182255 0.139433 0.023983 0.036907 0.010034 -0.006861 0.239775 0.039706 0.008719 -0.155642 0.007296 0.135874 0.135364 0.095971 0.046781 0.252393 -0.036880 -0.251233 -0.075672 -0.089978 -0.255400 -0.351285 -0.349551 -0.378884 0.104119 0.396878 0.129115 0.202836 0.093193 -0.126894 -0.260400 0.043417
-0.013749 -0.327130 0.671288 0.040283 0.414577 0.240880 0.157525 -0.377875 0.347373 -0.154964 0.222162 -0.283017 -0.256296 -0.505803 0.347607 -0.356398 -0.388477 -0.464753 0.086018 -0.136678 -0.136673 0.141681 1.000000 0.379968 0.721187 0.590493 0.596262 0.576696 -0.395576 -0.626040 0.429500 0.139312 -0.078843 -0.161025 0.018188 -0.073392 -0.060410 -0.134818 0.067544 -0.078600 -0.165318 -0.253779 -0.247892 -0.162095 0.109365 0.154146 -0.239430 -0.236572 0.062623 -0.271456 0.346389 -0.268219 0.113883 0.021530 -0.050604 -0.275328 -0.111473 0.008448 0.025759 0.029718 -0.271788 -0.272880 -0.249436 -0.346866 0.453985 -0.437934 0.192565 0.251190 0.223340 0.295057 0.149860 0.035147 -0.474322 -0.368697 -0.264727 -0.302290 -0.289496 -0.262719 -0.206452 -0.208507 -0.361399 -0.133916 0.381896 -0.195655 0.565242 0.134014 0.304744 0.129610 0.524565 0.075605 -0.031349 -0.243056 -0.263629 0.352559 -0.023922 -0.007804 0.149342 -0.140779 -0.141445 -0.375361 -0.297588 0.026022 -0.138973 0.183829 0.008164 -0.020615 -0.088293 0.034748 0.021564 0.014592 0.246756 0.081357 -0.125252 -0.287487 -0.169066 -0.109130
-0.172561 0.109013 0.302174 0.554511 0.372597 0.432320 -0.032123 0.266224 0.266215 0.329898 -0.002799 0.149498 -0.070612 -0.007674 0.320968 0.079558 -0.393652 -0.398734 0.082412 0.333297 -0.052572 0.211291 0.379968 1.000000 0.277379 0.451657 0.350820 0.457673 -0.321980 -0.346240 -0.028654 -0.187735 -0.162188 -0.346958 -0.193010 -0.253558 -0.394010 -0.322965 -0.372385 -0.273433 -0.224367 -0.441338 0.159110 0.192391 -0.110883 0.245208 -0.159078 0.018271 0.102221 0.019758 0.151150 -0.046717 -0.091084 0.072276 -0.293237 -0.431758 -0.200388 -0.126579 0.039669 -0.017880 -0.215800 -0.144907 -0.310954 -0.486559 0.015495 -0.107004 0.086082 0.117133 0.106596 0.424043 -0.108617 -0.159976 -0.461133 -0.432718 -0.384724 -0.379074 -0.466811 -0.409038 -0.347445 -0.172523 -0.240180 -0.167189 0.028272 -0.042825 0.147285 0.308785 -0.026371 -0.044999 0.127350 0.027684 0.239026 -0.031953 0.285264 -0.091757 0.044500 0.089006 -0.031850 0.054851 -0.194209 -0.201856 -0.198061 -0.378409 -0.133894 -0.123404 -0.245841 -0.400777 -0.172572 -0.189258 0.100548 0.096551 -0.017572 0.069824 -0.159690 -0.343214 0.076999 -0.091265
-0.346544 -0.500321 0.412333 -0.041144 0.508283 0.371960 -0.084251 -0.437670 0.343581 0.048041 0.022508 -0.400380 -0.263844 -0.487096 0.195369 -0.303203 -0.450567 -0.494722 -0.191486 -0.275494 0.033185 0.166461 0.721187 0.277379 1.000000 0.713677 0.498526 0.549011 -0.422970 -0.445226 0.346827 0.161766 -0.201949 -0.057156 0.170381 0.182047 0.038995 0.153861 0.141934 -0.062449 -0.068075 -0.181040 -0.133919 -0.004104 0.292818 0.353105 -0.112517 -0.066856 0.054506 -0.027627 0.386611 -0.051932 0.146874 0.120087 -0.110034 -0.351305 -0.322081 -0.222789 -0.037911 -0.094149 -0.299761 -0.258743 -0.305104 -0.330088 0.263817 -0.330933 0.269837 0.441997 -0.012146 0.239538 0.186663 0.156849 -0.385147 -0.161276 -0.111684 -0.207851 -0.099924 -0.007304 -0.209906 -0.172067 -0.359265 -0.126303 0.106706 -0.255053 0.366417 0.295461 0.058733 -0.124438 0.146752 -0.106527 -0.010948 -0.240893 -0.234783 0.237932 0.134571 -0.045350 0.154442 -0.126069 -0.210234 -0.330275 -0.341264 -0.027308 -0.121490 0.212164 0.015474 0.029657 -0.059895 0.098663 -0.060126 -0.120245 0.334025 0.355693 -0.167055 -0.389737 -0.172152 -0.004403
-0.395102 -0.414443 0.422418 0.255988 0.369487 0.585311 -0.096837 -0.217011 0.186929 0.165476 -0.172328 -0.438814 -0.442325 -0.527219 0.083769 -0.160934 -0.349193 -0.361763 -0.111988 -0.009987 0.069784 0.379958 0.590493 0.451657 0.713677 1.000000 0.505608 0.665633 -0.349488 -0.309198 0.251081 0.199548 -0.351569 -0.208712 -0.080478 -0.030292 -0.062751 -0.008854 -0.082582 -0.204522 0.026269 -0.342631 0.048684 0.098203 0.283445 0.351533 -0.086498 -0.002224 0.067322 -0.016691 0.308312 -0.059746 0.038420 0.188096 -0.094405 -0.202640 -0.205113 -0.222710 -0.129495 -0.165480 -0.393208 -0.364297 -0.256162 -0.418906 0.076514 -0.416633 0.090607 0.159273 0.105785 0.368267 0.182031 0.237760 -0.381131 -0.076799 -0.093399 -0.187030 -0.269461 -0.124759 -0.134337 -0.088217 -0.168683 -0.021081 0.002760 -0.173020 0.366787 0.372217 0.023846 -0.052962 0.070785 -0.052841 0.203469 -0.191110 -0.081010 0.004944 -0.054481 0.112002 0.136509 -0.170686 -0.089412 -0.179398 -0.302833 -0.228461 -0.141135 0.096166 -0.104520 -0.156843 -0.104704 -0.069556 0.049124 0.102363 0.398065 0.372681 -0.040418 -0.329227 -0.237253 -0.164827
-0.027489 -0.090274 0.168997 0.298277 0.216182 0.602783 -0.261599 -0.376824 -0.093372 -0.291110 -0.040423 -0.379270 -0.380420 -0.555346 0.094033 -0.272374 -0.290698 -0.486869 0.135394 0.016223 0.103482 0.460367 0.596262 0.350820 0.498526 0.505608 1.000000 0.861384 -0.319215 -0.309717 0.237821 -0.006434 -0.048126 -0.323064 -0.283456 -0.310766 -0.114026 0.005668 0.125327 0.139625 -0.149199 -0.126803 -0.088246 0.085336 -0.032660 0.116012 0.181691 0.227370 -0.099332 -0.358837 0.012067 -0.215332 0.168220 0.299676 0.145758 0.006635 0.205259 0.260042 0.166745 0.275879 -0.252316 -0.144968 -0.278524 -0.294703 -0.132484 -0.529158 0.032204 0.147145 0.390690 0.437147 0.066797 -0.056096 -0.345882 -0.116642 -0.100796 -0.189242 -0.264108 -0.352565 -0.119467 -0.200484 -0.266444 -0.105174 0.331856 -0.056155 0.307594 0.136233 0.332779 0.331233 0.406874 0.245386 0.146776 -0.176596 -0.339856 0.006299 -0.001444 -0.126082 0.266402 -0.109830 0.126452 -0.021308 -0.300142 -0.103517 -0.158344 0.036585 -0.111684 -0.060914 -0.129480 -0.013868 -0.048196 0.017579 0.280233 0.097474 0.063841 -0.389864 -0.256645 -0.055689
-0.152731 -0.092591 0.225151 0.490322 0.207575 0.723547 -0.246807 -0.223268 -0.041359 -0.124355 -0.083761 -0.363371 -0.398284 -0.453361 0.089822 -0.195249 -0.355398 -0.520811 0.040218 0.006826 0.182161 0.544063 0.576696 0.457673 0.549011 0.665633 0.861384 1.000000 -0.394323 -0.309806 0.257682 0.048013 -0.049862 -0.302934 -0.221126 -0.191188 -0.239203 -0.049527 -0.068435 0.084790 -0.173557 -0.208141 0.041544 0.213921 0.150357 0.265229 0.132570 0.185796 0.003041 -0.206393 0.226341 -0.124471 0.136110 0.229498 0.020866 -0.094177 0.086163 0.050956 0.094118 0.038145 -0.374808 -0.282200 -0.376561 -0.428397 -0.086173 -0.419486 0.121360 0.093463 0.447078 0.406526 -0.072889 -0.049993 -0.333368 -0.052794 -0.086725 -0.184171 -0.300177 -0.372549 -0.218547 -0.251965 -0.302226 -0.207109 0.151534 -0.152532 0.324249 0.232024 0.238852 0.292658 0.296657 0.130185 0.110917 -0.155375 -0.167234 -0.011456 -0.024057 -0.056479 0.183173 -0.076158 -0.022795 -0.012674 -0.305492 -0.170342 -0.212458 0.034107 -0.112213 -0.111745 -0.053528 -0.059068 -0.024248 0.072525 0.233100 0.180781 0.053664 -0.356306 -0.155268 -0.011699
0.427829 0.264036 -0.347381 -0.173053 -0.364072 -0.553584 0.037468 0.074872 -0.194613 -0.243983 0.084919 0.152305 0.139678 0.098120 -0.098458 0.155716 0.822263 0.673143 0.307136 0.335722 0.000327 0.010098 -0.395576 -0.321980 -0.422970 -0.349488 -0.319215 -0.394323 1.000000 0.598571 0.051304 0.269920 0.235055 0.385080 0.100925 -0.171480 0.248385 -0.098152 -0.137543 -0.040666 0.485960 0.239748 0.074233 0.043779 -0.255687 -0.361641 -0.122600 -0.099182 -0.550266 -0.343033 -0.391539 -0.391949 -0.483420 -0.222159 -0.227005 0.106061 0.373583 0.384447 -0.271870 -0.084884 0.253521 0.118295 0.542951 0.481636 -0.137842 -0.075138 -0.468892 -0.528466 -0.083101 -0.136996 -0.095616 -0.225979 0.674131 0.277338 0.420585 0.391041 0.444302 0.384444 0.720011 0.545296 0.734918 0.593321 0.181803 0.483620 -0.010534 0.022239 -0.240076 -0.065670 -0.362747 -0.395816 -0.120166 -0.168891 -0.089378 -0.325319 -0.055347 0.095150 -0.060739 0.310836 -0.052890 -0.006165 0.104250 0.004153 0.078584 -0.187827 -0.190072 -0.148538 -0.219161 -0.243049 0.141212 0.304967 -0.192241 -0.205305 0.022391 0.395371 0.117217 0.043415
0.000910 0.177372 -0.616416 -0.012708 -0.515881 -0.262976 -0.201555 0.151801 -0.489604 -0.136159 -0.198236 0.072515 -0.028934 0.224900 -0.336452 0.267602 0.605852 0.659963 0.019672 0.265834 0.207557 -0.032016 -0.626040 -0.346240 -0.445226 -0.309198 -0.309717 -0.309806 0.598571 1.000000 -0.088116 0.318750 0.217841 0.399244 0.057433 0.011608 0.188642 0.166879 -0.026429 0.031692 0.448021 0.343552 0.186003 0.111041 -0.046770 -0.239103 0.201196 0.178785 -0.409507 -0.097020 -0.425017 -0.121002 -0.327456 -0.047176 -0.077280 0.222521 0.250455 0.274959 -0.358082 -0.160676 0.031587 0.038672 0.342044 0.359661 -0.452647 -0.067119 -0.429209 -0.378759 -0.024787 -0.153867 -0.085126 0.083886 0.688618 0.584896 0.563447 0.394494 0.491646 0.494500 0.546869 0.435193 0.509565 0.359344 -0.153441 0.416129 -0.268193 -0.024868 -0.183772 0.029563 -0.524791 -0.327298 -0.027097 -0.100952 -0.026850 -0.496593 -0.109063 -0.037372 -0.060067 -0.020149 -0.076016 0.171615 0.090677 -0.042507 0.076355 -0.133108 0.007631 0.088820 0.218999 0.095560 -0.034206 -0.012046 -0.080374 -0.091030 0.004499 0.345877 0.265594 0.026359
0.022463 -0.104930 0.281416 0.109953 -0.036735 -0.028202 0.139643 -0.049821 0.019186 -0.352044 0.412081 0.050467 -0.048688 -0.170396 -0.019531 -0.164402 0.027850 -0.038967 0.109274 -0.383300 0.046198 0.039036 0.429500 -0.028654 0.346827 0.251081 0.237821 0.257682 0.051304 -0.088116 1.000000 0.700195 0.181016 0.258703 0.141471 0.012245 0.102839 0.077588 0.139489 0.201805 -0.136465 0.198223 -0.337835 -0.190181 0.034252 -0.040504 -0.168440 -0.177762 -0.160086 -0.383867 0.086784 -0.453927 -0.125973 -0.161991 -0.094099 -0.146500 0.044281 0.060720 -0.130135 -0.124445 -0.076601 -0.026049 0.063123 0.024627 0.297506 -0.188257 -0.102219 0.133328 -0.161902 -0.331541 -0.075145 -0.057469 0.068889 0.171794 0.177149 0.197329 0.147376 0.041385 0.166424 -0.014289 -0.135782 -0.120806 0.286474 0.005301 0.266339 0.086027 0.211979 0.249991 0.079344 -0.130980 -0.494163 -0.450482 -0.449798 0.014437 -0.133811 -0.247328 -0.080060 -0.201714 -0.280291 -0.415407 -0.097186 0.267889 -0.054374 0.087909 -0.067039 0.273133 0.129099 0.067370 -0.202335 -0.280653 0.093689 -0.230678 -0.389042 -0.166100 0.132012 -0.177303
-0.151342 -0.166289 0.065917 0.070497 -0.342017 -0.143012 0.104471 0.019512 -0.299730 -0.392824 0.073387 -0.066165 -0.187005 -0.220826 -0.224130 -0.010755 0.253200 0.263061 -0.031292 -0.295909 0.157464 -0.054325 0.139312 -0.187735 0.161766 0.199548 -0.006434 0.048013 0.269920 0.318750 0.700195 1.000000 0.249194 0.563742 0.213855 0.228636 0.350317 0.280070 0.242771 0.306094 0.236493 0.474318 -0.150831 -0.172186 -0.032328 -0.265061 0.063182 -0.000112 -0.433805 -0.438291 -0.137467 -0.418889 -0.165697 -0.001308 -0.134987 0.039160 0.134861 0.203652 -0.429098 -0.329956 -0.216168 -0.150349 0.117662 0.112129 0.038219 -0.295102 -0.376862 0.064620 -0.111853 -0.419211 0.070953 0.183248 0.354795 0.401284 0.391134 0.379897 0.413576 0.412291 0.498600 0.154544 0.136040 0.103591 0.261550 0.218759 0.156403 0.105091 0.076816 0.291095 -0.209645 -0.362293 -0.532067 -0.346302 -0.445193 -0.224248 -0.100723 -0.366419 0.010415 -0.217214 -0.205539 -0.245643 -0.140632 0.152161 -0.146271 -0.106291 0.023193 0.393550 0.278405 0.191277 -0.224381 -0.377701 0.102204 -0.171432 -0.326482 0.132442 0.287917 -0.119454
0.400343 0.308336 -0.233386 0.143794 -0.462966 -0.252931 -0.032308 -0.001702 -0.427192 -0.439457 0.002048 0.003880 0.151373 0.027005 -0.238442 -0.076847 0.421699 0.291414 0.390435 -0.031179 0.162043 -0.030902 -0.078843 -0.162188 -0.201949 -0.351569 -0.048126 -0.049862 0.235055 0.217841 0.181016 0.249194 1.000000 0.362574 -0.083086 -0.018708 -0.032257 0.078920 0.105674 0.330479 -0.047969 0.445652 -0.041828 0.041254 -0.116601 -0.218730 0.140450 0.185176 -0.246209 -0.206832 -0.245247 -0.281373 -0.112944 0.010934 -0.010359 0.156304 0.330223 0.287160 0.021415 0.061383 0.136599 0.041655 0.226145 0.307771 -0.159137 -0.175051 -0.103735 -0.098593 0.259920 -0.164878 -0.276696 -0.300225 0.374154 0.199261 0.223844 0.052425 0.167427 -0.056882 0.173449 0.125821 0.190404 -0.015599 0.109054 0.046750 -0.135786 -0.279955 0.168508 0.299130 -0.028221 -0.097440 -0.264603 -0.052066 -0.226264 -0.154840 -0.076256 -0.290958 -0.059982 -0.020006 -0.116824 -0.013961 0.000587 0.130132 -0.115788 -0.068565 0.033382 0.266350 0.110249 0.060512 -0.174914 -0.044025 -0.081261 -0.284678 -0.009770 0.094171 0.162911 -0.058166
0.013350 -0.089018 -0.137529 -0.212539 -0.329804 -0.390797 0.048571 0.119262 -0.209711 -0.307727 0.040696 0.001160 0.080288 0.065019 -0.219410 0.087126 0.406175 0.494745 -0.157735 -0.192501 0.062817 -0.132408 -0.161025 -0.346958 -0.057156 -0.208712 -0.323064 -0.302934 0.385080 0.399244 0.258703 0.563742 0.362574 1.000000 0.439133 0.487881 0.216080 0.085145 0.128612 0.221046 0.323252 0.451301 -0.033241 -0.099418 -0.040808 -0.235051 -0.077036 -0.076042 -0.556866 -0.240702 -0.240981 -0.461602 -0.335680 -0.261171 -0.262107 -0.025513 0.111267 0.097326 -0.237101 -0.204917 0.174006 0.077811 0.417515 0.454108 0.039183 -0.123314 -0.145665 0.095924 -0.112900 -0.327772 -0.169362 -0.041626 0.464483 0.266437 0.190266 0.197758 0.473285 0.402848 0.425261 0.414943 0.330245 0.304758 -0.038723 0.309905 -0.093648 0.029773 -0.269398 0.024124 -0.300807 -0.463989 -0.471469 -0.287712 -0.203013 -0.238046 0.187390 -0.145693 -0.013882 0.095709 -0.263983 -0.109447 -0.081626 0.135886 -0.158777 -0.160397 -0.043677 0.134067 0.206793 0.127684 -0.126835 -0.209886 -0.138851 0.003077 -0.256278 0.181547 0.361458 0.033803
-0.110865 -0.125443 0.077842 -0.216810 -0.026443 -0.200174 -0.000894 0.065352 0.140892 0.065012 0.059362 -0.006479 -0.022717 0.101743 0.089181 0.161573 -0.126220 0.086451 -0.422130 -0.251556 -0.105641 -0.116414 0.018188 -0.193010 0.170381 -0.080478 -0.283456 -0.221126 0.100925 0.057433 0.141471 0.213855 -0.083086 0.439133 1.000000 0.597307 0.080336 0.115315 0.050493 0.011636 0.201563 0.042883 -0.020267 -0.016090 0.278005 -0.006731 -0.044926 -0.099935 -0.154818 0.093770 0.238754 -0.038273 -0.034596 -0.006233 -0.171157 -0.128894 -0.095595 -0.086779 -0.234288 -0.305030 -0.122868 -0.055060 -0.073072 0.086067 0.197733 0.115822 0.210954 0.094643 -0.174039 -0.290572 0.042608 0.104953 0.025320 0.002768 -0.080813 0.000327 0.224169 0.403034 0.098238 0.046916 0.017184 0.124995 -0.221629 0.103054 0.052100 0.271902 -0.427354 -0.266962 -0.194578 -0.307726 -0.275122 -0.109253 0.017453 0.029683 0.254964 0.107160 -0.065696 0.150420 -0.275941 -0.116883 -0.066310 0.004975 -0.207511 -0.131501 -0.225536 -0.095055 -0.046189 -0.058173 0.001192 -0.086766 -0.127035 0.021469 -0.254117 0.096882 0.229101 0.224202
-0.268778 -0.301744 0.048115 -0.237205 -0.022096 -0.076168 0.100925 0.084014 -0.050875 0.067729 -0.092524 -0.129674 -0.055921 0.145563 -0.177698 0.001299 -0.211545 -0.054784 -0.529370 -0.441443 0.045792 -0.223428 -0.073392 -0.253558 0.182047 -0.030292 -0.310766 -0.191188 -0.171480 0.011608 0.012245 0.228636 -0.018708 0.487881 0.597307 1.000000 0.132456 0.198336 0.156356 0.281722 0.084487 0.194481 0.015997 -0.086144 0.438027 0.081779 0.107201 0.005906 -0.055775 0.301106 0.176604 0.118379 0.134310 -0.034770 -0.167120 -0.117680 -0.234257 -0.271949 -0.155977 -0.338999 -0.041529 -0.132627 -0.107098 0.012044 0.130914 0.090741 0.361247 0.437266 -0.125278 -0.347397 0.041787 0.270318 0.081823 0.112984 -0.055516 -0.121183 0.318465 0.403484 -0.123970 -0.129642 -0.167776 -0.118519 -0.238774 -0.039129 -0.165675 0.041786 -0.384847 -0.130245 -0.162437 -0.331387 -0.332918 0.071775 -0.040954 0.060531 0.296942 -0.123943 -0.069709 -0.007752 -0.193390 0.066167 -0.085280 0.133762 -0.162948 -0.109433 -0.023129 0.087084 0.266230 0.238820 -0.166094 -0.353639 -0.113154 0.235104 -0.161039 0.104253 0.332565 0.314701
