1.000000 0.248078 0.029282 -0.142313 -0.302506 -0.358213 0.041920 -0.270617 -0.255479 -0.384011 0.462863 0.115947 0.403255 0.053698 0.227951 -0.025872 0.131435 -0.029189 0.079548 0.111584 -0.344128 -0.405112 0.081276 -0.177239 -0.361217 -0.430606 -0.280249 -0.276448 0.428524 -0.000436 -0.139160 -0.128056 0.076382 -0.075131 -0.333483 -0.239347 0.098993 -0.008797 -0.068023 0.054177 0.095057 -0.277063 0.068163 -0.159452 -0.076174 -0.237270 0.137105 0.186683 -0.006405 0.064504 -0.347822 0.047915 -0.062167 0.216215 -0.056773 0.099925 0.444709 -0.025700 0.245983 -0.083543 0.646610 0.150336 0.347912 0.419706 -0.093572 -0.033190 -0.336343 -0.380253 -0.177070 -0.208644 -0.117247 -0.176083 0.272578 0.103194 0.149989 0.171657 0.121223 -0.079391 0.025082 -0.049498 0.006046 0.117337 0.122874 0.003710 -0.028592 0.123423 0.124721 -0.351414 0.026261 -0.092223 0.307951 0.167696 -0.104422 -0.216384 0.028204 0.206423 0.194114 -0.089808 0.268684 0.317737 -0.357984 -0.211042 -0.261425 -0.091205 -0.152102 0.091384 -0.194030 -0.131411 0.207613 0.123053 -0.226221 0.131463 0.112048 0.152429 -0.082743 -0.009470
0.248078 1.000000 -0.239697 -0.224510 -0.186943 -0.343395 -0.211917 0.063197 -0.283472 0.015262 0.291899 0.338465 0.132454 0.265925 -0.047972 0.215207 0.056684 -0.179975 -0.261049 -0.000673 0.025735 -0.266394 -0.229887 -0.138682 -0.225111 -0.308894 -0.222566 -0.217487 0.044773 0.045060 -0.107755 -0.143114 0.456841 0.145542 -0.216794 -0.119701 -0.026243 0.032545 0.028702 0.102114 -0.059560 -0.155831 -0.060873 -0.123967 0.147619 0.128762 0.122328 0.198179 0.105175 0.177614 -0.090107 0.201898 0.073168 0.061059 0.255556 0.224185 -0.125168 0.184492 -0.277674 -0.299686 0.213951 0.291929 0.424756 0.492036 -0.051245 0.282897 -0.319045 -0.149983 0.051662 -0.170571 0.118117 -0.382286 0.234351 0.168116 0.301038 0.264555 0.151030 0.036291 0.005554 -0.198305 -0.107751 -0.099972 -0.092392 0.030847 -0.020956 0.222566 0.140434 0.055431 -0.076236 -0.094459 0.090651 0.028608 0.044492 -0.154727 -0.034065 0.062351 0.153063 0.034543 0.158960 0.085247 0.022741 -0.215210 0.101159 -0.027732 0.126381 0.059321 -0.005104 0.024139 -0.014175 0.067094 0.054169 0.097495 0.152357 0.015516 -0.232434 -0.114568
0.029282 -0.239697 1.000000 0.369757 0.318455 0.075255 0.637074 0.563635 0.237930 0.099764 -0.238688 -0.087252 0.012774 -0.132276 -0.348715 -0.061611 -0.155559 -0.125881 0.484957 0.287943 -0.032493 -0.043323 0.424986 0.339635 0.046941 0.067090 -0.204174 -0.266594 -0.238256 -0.438936 -0.042037 -0.025376 -0.315072 -0.378256 0.020786 0.036515 -0.376691 -0.445326 -0.243081 0.040721 -0.189991 -0.068737 0.097140 -0.151050 -0.079717 -0.114281 -0.142910 -0.202820 0.172952 -0.054742 0.315065 0.135325 -0.011807 -0.105388 -0.341574 -0.284947 -0.146767 -0.439296 0.092799 0.127983 -0.129367 -0.077758 0.003568 -0.240174 0.298709 -0.001908 0.119186 0.125454 0.039147 0.207169 0.041225 -0.050264 -0.264621 -0.117799 -0.157064 -0.207430 -0.179547 -0.023365 -0.491214 -0.238360 -0.435499 -0.423864 -0.099285 -0.053264 -0.383560 -0.410208 -0.239494 -0.272333 -0.049245 -0.098863 0.083103 -0.014581 0.090467 0.056859 -0.039649 -0.049743 -0.283754 -0.145871 -0.232185 -0.296789 -0.025385 0.142395 -0.312808 -0.142795 -0.286681 -0.160420 0.071452 0.080891 0.106505 -0.153705 -0.231017 -0.229976 -0.286317 -0.243976 -0.068067 0.092487
-0.142313 -0.224510 0.369757 1.000000 -0.162190 0.120109 0.030262 0.626778 0.060906 0.032832 -0.293220 0.157993 -0.451279 -0.150017 -0.242504 -0.303536 -0.448115 -0.462711 0.315913 0.256057 -0.149529 0.027537 0.644381 0.539698 -0.275731 -0.024835 -0.241796 0.029507 -0.479310 -0.221698 0.192859 0.146187 -0.360284 -0.256794 -0.180511 -0.174186 -0.394138 -0.296071 -0.191703 -0.020850 -0.335867 -0.118982 0.012351 0.110418 -0.175783 -0.010021 -0.047686 -0.094423 0.008544 -0.309868 0.187942 -0.115343 -0.120380 -0.166591 -0.258921 -0.205810 -0.343260 -0.325860 0.226768 0.228280 -0.167387 -0.098407 -0.434644 -0.335606 -0.090734 -0.108322 0.187496 0.209892 -0.101878 0.281233 0.315094 0.049774 -0.281872 0.219783 -0.200578 -0.528146 -0.174959 -0.219179 -0.313594 -0.370296 -0.430373 -0.461222 -0.014788 -0.133523 -0.211124 -0.059070 -0.030979 0.032182 0.142278 0.144680 0.059843 -0.034848 0.176392 -0.055263 0.216162 0.070649 -0.108604 0.201084 -0.128151 -0.166295 0.020505 -0.051853 -0.284070 -0.126774 0.066969 0.021149 0.158644 0.097309 0.039832 0.078899 0.110037 -0.080573 -0.179252 -0.146381 0.173271 0.147665
-0.302506 -0.186943 0.318455 -0.162190 1.000000 0.062246 0.419030 0.296840 0.231522 0.522650 -0.243756 -0.004656 0.147478 0.230541 -0.188119 0.337533 0.054529 0.275199 0.132918 -0.001697 0.325586 0.120963 -0.262776 -0.011706 0.625130 0.215713 0.171580 -0.074709 -0.130896 -0.070775 -0.149374 0.039732 -0.015876 -0.004464 0.325992 0.233370 -0.008240 -0.046281 0.060904 0.008394 -0.006514 0.152925 0.041736 0.040022 0.303921 0.253604 -0.231655 -0.254638 0.153942 0.101301 0.291063 0.126821 -0.032766 -0.198335 -0.220098 -0.253311 -0.164644 -0.189582 -0.101206 -0.055278 -0.211366 -0.086915 -0.108205 -0.267141 0.473031 0.276502 0.205895 0.175078 0.291024 0.070861 -0.310536 0.040186 -0.159205 -0.293894 0.028354 -0.092337 -0.217175 -0.141062 -0.063936 0.195660 0.034147 -0.059665 -0.084569 0.039265 -0.238235 -0.308502 -0.219598 0.027701 -0.186252 -0.085392 -0.171868 -0.089869 -0.014317 0.188109 -0.191806 -0.158711 -0.183400 -0.119944 -0.293378 -0.312715 0.279799 0.146565 0.088817 -0.113452 -0.212440 -0.232131 0.135931 0.012602 -0.144851 -0.246558 -0.069419 -0.083875 -0.110535 -0.167605 0.005247 0.079229
-0.358213 -0.343395 0.075255 0.120109 0.062246 1.000000 -0.147562 -0.139253 0.424184 -0.039873 -0.236376 -0.267937 -0.164714 -0.213629 0.063242 -0.465709 -0.165674 0.131637 -0.054487 -0.145857 0.310956 0.595907 0.028588 -0.053232 0.374867 0.705167 0.759822 0.653410 -0.207407 -0.208516 -0.283836 -0.418419 -0.093574 -0.361088 0.366958 0.493461 -0.119894 0.015873 0.055835 0.012469 -0.166198 0.150874 -0.089114 0.208774 0.187080 0.155957 -0.313437 -0.300250 0.350614 0.238034 0.512194 0.341813 0.116342 -0.024089 0.157133 -0.157424 -0.284565 0.120344 0.022337 0.221833 -0.058104 -0.009156 -0.121382 -0.196200 0.000595 0.065409 0.369565 0.304969 0.008437 0.468173 -0.283832 0.087490 -0.470918 -0.356537 -0.475540 -0.151111 -0.291988 -0.034602 0.059466 0.094827 -0.147204 -0.177286 -0.290454 -0.424604 -0.196107 -0.486757 -0.415279 -0.148844 -0.023520 0.072477 0.149515 0.170459 0.293296 0.386901 -0.003501 -0.319358 -0.147847 0.006817 -0.112426 -0.226495 0.093254 0.207162 0.018992 0.065121 -0.018464 -0.153171 0.074234 0.127221 -0.143202 -0.032134 0.368622 -0.235624 0.016463 -0.124253 0.203651 -0.113915
0.041920 -0.211917 0.637074 0.030262 0.419030 -0.147562 1.000000 0.461633 0.093917 0.104959 0.139421 0.000880 0.280637 0.035741 -0.240680 0.212803 0.100912 -0.065365 0.298163 0.223042 0.148438 -0.051545 0.234496 0.233452 0.111452 -0.007105 -0.131909 -0.219073 0.044981 -0.213543 0.101835 0.295037 -0.191884 -0.007831 0.177676 0.117294 -0.047859 -0.180791 -0.065047 0.069794 -0.053374 0.276489 0.019450 -0.229735 -0.018910 -0.137562 -0.094472 -0.135342 -0.128246 -0.186132 0.015703 -0.163657 -0.151353 -0.175133 -0.303898 -0.216196 -0.094182 -0.462734 -0.106536 -0.218304 -0.214377 -0.260395 0.001056 -0.271616 0.467467 -0.084621 -0.105883 -0.089702 -0.068981 -0.079651 0.082967 0.001116 0.013396 -0.054486 0.200037 0.100521 0.145660 0.138783 -0.384521 -0.069031 -0.180630 -0.213805 0.190930 0.311124 -0.175398 -0.143877 -0.022086 0.044114 -0.089204 -0.149635 -0.292948 -0.272822 -0.184162 0.016401 -0.065651 -0.076840 -0.247497 -0.163323 -0.223876 -0.291579 0.001029 0.226354 -0.112786 -0.042725 -0.209895 -0.119595 -0.049761 0.042118 0.057280 -0.168470 -0.185928 -0.106511 -0.097575 -0.083369 -0.083487 0.067114
-0.270617 0.063197 0.563635 0.626778 0.296840 -0.139253 0.461633 1.000000 0.006846 0.341101 -0.184832 0.231954 -0.253762 0.120616 -0.517014 0.028781 -0.252629 -0.321373 0.306416 0.304624 0.035229 -0.111687 0.344595 0.495081 -0.033338 -0.103900 -0.344823 -0.281057 -0.460134 -0.209956 0.147925 0.188911 -0.182663 -0.072336 -0.016693 -0.091097 -0.457750 -0.375272 -0.204765 0.026300 -0.365344 -0.062749 -0.045603 -0.085176 0.009929 0.083849 -0.168205 -0.169960 0.098114 -0.241471 0.292306 -0.081712 -0.044501 -0.332688 -0.319041 -0.316763 -0.444533 -0.421098 -0.013406 -0.015063 -0.312958 -0.046295 -0.158466 -0.256897 0.244206 0.083047 0.138042 0.219124 0.085701 0.191288 0.245676 -0.093899 -0.157476 0.103645 0.120682 -0.320438 -0.117629 -0.136410 -0.522939 -0.350513 -0.466088 -0.507541 -0.039468 0.120916 -0.292829 -0.144548 -0.053617 0.097361 0.016701 0.045737 -0.112803 -0.189968 0.100173 -0.056047 0.016250 0.003514 -0.239201 0.058827 -0.306966 -0.346539 0.192998 0.015096 -0.138985 -0.124300 -0.029389 -0.077529 0.250626 0.099508 -0.040710 -0.080564 -0.005634 -0.180430 -0.228247 -0.213576 0.024942 0.138830
-0.255479 -0.283472 0.237930 0.060906 0.231522 0.424184 0.093917 0.006846 1.000000 0.109004 -0.342958 -0.191368 -0.272000 -0.031946 0.110655 -0.069448 -0.024438 0.199396 0.291421 0.129316 0.177481 0.279912 -0.016578 -0.042407 0.215908 0.477823 0.227399 0.214649 -0.070701 -0.150000 -0.360903 -0.114219 -0.390701 -0.361812 0.237779 0.354875 0.164632 -0.039779 0.179386 -0.014681 0.230642 0.118542 -0.071568 -0.130036 -0.020403 0.076879 -0.278033 -0.297145 -0.036030 -0.050133 -0.047715 -0.021569 -0.180121 -0.301093 -0.043564 -0.112564 -0.061661 0.063708 0.057696 0.312233 -0.081460 0.186596 -0.083215 -0.143384 0.235510 0.220991 0.232697 0.112295 0.019873 0.280945 -0.179798 0.104811 -0.298907 -0.306761 -0.309117 0.019865 -0.147699 0.011843 -0.128744 0.064099 -0.046174 0.001013 0.153455 -0.118008 -0.066687 -0.316882 -0.110661 0.003726 0.108109 -0.117615 0.075485 0.042631 0.067413 0.423329 0.001991 -0.217949 -0.190204 -0.037593 -0.077940 -0.234273 0.336963 0.369602 0.290671 0.021124 0.027985 -0.145655 0.333460 0.350872 -0.099723 -0.258921 -0.000317 -0.029993 -0.128371 0.011875 0.273055 0.161440
-0.384011 0.015262 0.099764 0.032832 0.522650 -0.039873 0.104959 0.341101 0.109004 1.000000 -0.183437 -0.038069 -0.133926 0.091397 -0.226736 0.450840 0.215349 -0.045344 0.227737 0.098323 0.242360 0.037701 -0.141828 0.057723 0.285395 -0.016304 0.039401 0.079585 -0.181590 0.169794 0.050783 0.099435 0.095182 0.064720 0.071626 -0.056659 0.137644 0.044949 0.029318 0.104891 0.044208 0.014806 -0.193728 -0.121536 0.168952 0.237232 -0.205497 -0.305865 0.054468 -0.095513 0.245696 -0.101666 0.085926 -0.288885 0.001145 -0.221878 -0.265851 -0.155653 -0.104175 -0.025517 -0.362931 0.083904 -0.201513 -0.234435 0.197854 0.247689 0.222920 0.240962 0.408486 0.061150 0.045265 -0.293041 -0.008237 0.029812 -0.015441 -0.145546 -0.248380 -0.106508 0.179811 -0.024969 0.111830 0.108410 0.051754 0.356744 0.039547 0.078377 -0.056353 0.175546 -0.152948 -0.120133 -0.382394 -0.250621 0.029441 0.098095 0.050011 0.036280 -0.198554 0.041515 -0.474526 -0.367405 0.302833 0.104383 0.088133 0.085477 -0.042215 -0.149654 0.277943 0.173169 0.040789 0.037996 -0.104292 -0.126366 -0.184722 -0.298300 -0.039552 -0.027726
0.462863 0.291899 -0.238688 -0.293220 -0.243756 -0.236376 0.139421 -0.184832 -0.342958 -0.183437 1.000000 0.318659 0.553695 0.159445 0.401154 0.113619 0.223116 -0.154238 -0.059371 0.032052 -0.051234 -0.213045 0.024068 0.072953 -0.275006 -0.204034 -0.139400 -0.073032 0.547107 0.024404 0.138784 0.246960 0.311381 0.300464 -0.113623 0.014361 0.101684 0.230542 0.120708 0.045537 -0.006992 0.046022 -0.339944 -0.443324 -0.171174 -0.308475 -0.082342 -0.032308 -0.130657 -0.127075 -0.233453 -0.118907 -0.205782 0.115992 0.090597 -0.013387 0.128704 -0.005256 -0.284810 -0.308970 0.224077 -0.064528 0.299009 0.261550 0.049251 -0.018851 -0.429686 -0.335246 -0.191877 -0.195867 0.092842 -0.138441 0.359491 0.064655 0.400813 0.345500 0.358414 0.143564 0.036080 0.050526 0.009768 0.029680 0.431552 0.353158 0.122132 0.232091 0.406385 0.179201 0.130888 -0.039749 -0.160975 -0.174437 -0.257155 -0.235916 -0.034359 0.003753 0.121812 -0.034617 0.094953 0.089491 -0.291065 -0.116027 -0.088081 -0.079227 -0.048608 0.062968 -0.247594 0.048369 0.066903 0.137011 0.027353 -0.085818 0.255030 0.077817 -0.036560 -0.083630
0.115947 0.338465 -0.087252 0.157993 -0.004656 -0.267937 0.000880 0.231954 -0.191368 -0.038069 0.318659 1.000000 0.115849 0.561086 0.182319 0.137982 -0.100449 0.039341 -0.120397 -0.036821 -0.130064 -0.260894 -0.025661 0.357440 -0.032112 -0.028296 -0.347118 -0.357119 0.110969 -0.146103 0.079627 0.342065 0.134407 0.246805 0.125210 -0.027818 0.061576 0.019546 0.106937 -0.037165 -0.049874 0.195850 0.039487 0.150409 -0.279445 -0.018650 0.106887 0.239952 -0.222184 -0.306269 -0.056110 -0.084901 -0.257790 -0.186078 -0.355029 -0.028436 -0.060433 -0.125571 -0.402795 -0.471340 -0.038917 -0.212472 0.030033 0.137758 0.246558 0.166440 -0.558256 -0.397947 -0.148384 -0.267657 -0.099670 -0.016383 0.123136 -0.021703 0.388596 0.070676 0.131272 -0.040348 -0.035019 0.211178 -0.061221 -0.086387 0.167257 0.233259 0.107253 0.208449 0.281404 0.221488 0.199222 0.182976 -0.193456 -0.212097 -0.257627 -0.427783 -0.014531 0.006330 0.283673 0.027041 0.209175 0.178789 -0.128078 -0.333448 -0.230669 -0.423700 -0.027331 -0.053997 -0.027284 0.191503 -0.045394 -0.077201 0.045058 0.128573 0.189948 0.063185 0.161569 -0.081602
0.403255 0.132454 0.012774 -0.451279 0.147478 -0.164714 0.280637 -0.253762 -0.272000 -0.133926 0.553695 0.115849 1.000000 0.295034 0.343883 0.268963 0.362392 0.251289 -0.115599 -0.104260 -0.005991 -0.065451 -0.064313 -0.093175 0.058534 -0.063556 -0.018709 -0.159270 0.640446 -0.103209 0.077984 0.132887 0.222284 0.321513 0.168585 0.203783 0.039636 0.013508 -0.035568 -0.056190 -0.038055 -0.006343 -0.243768 -0.222053 0.100079 0.002349 -0.130900 -0.161305 0.057563 0.046223 -0.067469 0.067750 -0.194273 0.073059 -0.111250 -0.156649 0.171199 0.009393 -0.260669 -0.236483 0.351422 0.066788 0.380793 0.274932 0.420634 0.287182 -0.282858 -0.163561 -0.113586 -0.300260 -0.174542 0.097408 0.197869 -0.133956 0.125876 0.278979 0.160014 0.246271 0.065462 0.289212 0.101657 0.134694 0.130130 0.059387 0.005982 -0.065933 0.194280 -0.064057 -0.211890 -0.171204 -0.241507 -0.246798 -0.307600 -0.238344 -0.145653 -0.130594 -0.051272 -0.229231 -0.180578 -0.113717 -0.189214 0.013629 -0.060461 -0.080684 -0.205382 -0.035631 -0.303331 -0.038289 0.048283 -0.009968 -0.140878 -0.263927 0.022215 -0.015698 -0.168466 -0.084740
0.053698 0.265925 -0.132276 -0.150017 0.230541 -0.213629 0.035741 0.120616 -0.031946 0.091397 0.159445 0.561086 0.295034 1.000000 0.080969 0.280864 0.307341 0.535503 -0.157312 -0.172970 0.146052 -0.039331 -0.370455 -0.139039 0.245781 -0.033301 -0.206268 -0.343954 0.361477 0.076241 -0.140831 0.105679 0.049130 0.310772 0.244920 0.139830 0.148160 0.011378 0.096275 0.083897 0.066087 0.120616 -0.131101 -0.086685 0.007728 0.063997 -0.031113 -0.009743 -0.049357 -0.146765 -0.142301 0.027154 -0.157289 -0.300229 -0.452202 -0.134219 0.017643 -0.007538 -0.190853 -0.206784 0.158579 0.137751 0.192247 0.229104 0.365909 0.440095 -0.157513 -0.070868 0.028144 -0.254006 -0.420177 0.255294 0.023475 -0.287227 0.224649 0.083791 0.007571 -0.037164 0.083595 0.375127 0.157546 0.151205 0.042756 0.166676 0.150248 0.005252 0.037188 0.162077 -0.076268 -0.086530 -0.099349 -0.114688 -0.228352 -0.162633 0.051253 0.182103 0.076235 0.085152 -0.084087 -0.033050 0.134119 0.009662 0.157201 -0.188833 -0.080126 -0.005274 0.078250 0.188252 0.046231 -0.034933 -0.087333 -0.047090 0.030287 0.109384 0.068274 0.038973
0.227951 -0.047972 -0.348715 -0.242504 -0.188119 0.063242 -0.240680 -0.517014 0.110655 -0.226736 0.401154 0.182319 0.343883 0.080969 1.000000 0.170311 0.120235 0.087437 0.064578 0.097887 -0.044752 0.159658 0.023184 0.131690 -0.041626 0.256262 0.142344 0.263892 0.607234 0.053776 0.199218 0.312102 0.118350 0.252074 0.030354 0.151402 0.297774 0.160167 0.050345 -0.282077 0.331642 0.090057 -0.334628 -0.160807 -0.350933 -0.333466 -0.163164 -0.150975 -0.278520 -0.181391 -0.269073 -0.165470 -0.181693 0.104340 -0.047576 -0.100474 0.284522 0.383873 -0.125878 -0.131451 0.223317 -0.023541 0.051351 0.169255 -0.058358 0.005775 -0.293825 -0.342378 -0.240391 -0.070793 -0.101750 0.285546 0.270208 0.006370 0.021184 0.309161 0.205095 0.130263 0.204243 0.282223 0.232128 0.188885 0.444169 0.138994 0.282635 0.189091 0.169995 0.016355 0.124436 0.058031 -0.171405 -0.193506 -0.311955 -0.267594 -0.091231 -0.189675 0.056228 -0.197400 0.030769 0.080584 -0.124320 0.097200 0.177884 0.018116 0.094336 0.134481 -0.258907 0.029725 -0.011900 -0.118079 -0.088771 -0.171969 0.104734 0.282353 0.256668 -0.087494
-0.025872 0.215207 -0.061611 -0.303536 0.337533 -0.465709 0.212803 0.028781 -0.069448 0.450840 0.113619 0.137982 0.268963 0.280864 0.170311 1.000000 0.152534 0.003533 0.144615 0.094329 0.149079 -0.070660 -0.100625 0.160004 0.154059 -0.060533 -0.247941 -0.196908 0.222214 0.052113 0.297818 0.426125 0.224127 0.279009 0.085468 0.011352 0.212077 0.086595 0.065826 0.024290 0.229294 0.090271 -0.243877 -0.270592 -0.059039 0.060623 -0.109078 -0.085624 -0.279013 -0.254318 -0.232917 -0.344220 -0.225274 -0.215895 -0.156860 -0.116539 0.059131 0.086166 -0.207513 -0.290058 -0.144534 -0.023227 0.004341 -0.018800 0.278432 0.193845 -0.231405 -0.125039 -0.088067 -0.330823 0.110665 -0.087144 0.253952 0.008516 0.286020 0.334261 0.140891 0.183725 0.005581 0.040396 0.095023 0.079460 0.219732 0.455773 0.107217 0.306009 0.238379 0.286137 -0.022506 -0.050604 -0.485125 -0.457721 -0.383884 -0.209077 -0.118623 -0.020697 -0.070567 -0.130362 -0.268924 -0.198429 0.255450 0.196743 0.214071 0.153130 0.049616 0.028642 -0.008921 0.146587 -0.038279 -0.169837 -0.207319 -0.024441 -0.014179 -0.078113 -0.258335 -0.090679
0.131435 0.056684 -0.155559 -0.448115 0.054529 -0.165674 0.100912 -0.252629 -0.024438 0.215349 0.223116 -0.100449 0.362392 0.307341 0.120235 0.152534 1.000000 0.496468 -0.149157 -0.219365 0.115609 -0.077150 -0.298866 -0.411987 0.163720 -0.203705 0.119956 0.059651 0.564334 0.311125 -0.089844 0.027752 0.139550 0.432588 0.253467 -0.026931 0.512932 0.168996 0.014664 0.000516 0.441593 0.137962 -0.191146 -0.164896 -0.019490 -0.198218 0.100238 -0.025445 -0.120763 -0.126055 -0.207269 -0.031709 0.103863 -0.083765 -0.066298 -0.039685 0.263871 0.065241 -0.139712 0.012664 0.035108 0.286381 0.344659 0.367874 0.191705 0.318708 0.025497 -0.134642 0.333600 -0.359357 -0.223551 0.109721 0.284205 -0.051818 0.188981 0.311662 0.182484 0.233984 0.489965 0.431936 0.623240 0.603013 0.252218 0.258161 0.420055 0.171615 0.070787 -0.066885 -0.138902 -0.231766 -0.327951 -0.332351 -0.423236 -0.284356 0.032734 0.074948 -0.039400 -0.161314 -0.321209 -0.124144 -0.103254 0.017531 0.075078 0.097588 -0.120148 0.183214 -0.050784 -0.058767 0.155171 -0.049003 -0.400533 -0.189058 -0.134436 -0.032665 -0.127798 -0.069634
-0.029189 -0.179975 -0.125881 -0.462711 0.275199 0.131637 -0.065365 -0.321373 0.199396 -0.045344 -0.154238 0.039341 0.251289 0.535503 0.087437 0.003533 0.496468 1.000000 -0.194605 -0.337325 0.069467 0.141733 -0.537040 -0.476739 0.463445 0.202185 0.212325 -0.082445 0.432655 0.172647 -0.368999 -0.237099 -0.125784 0.210915 0.492376 0.266792 0.276756 0.092136 0.012687 -0.135305 0.209858 0.168866 0.089627 0.163721 0.083202 0.046820 0.022210 0.045566 0.014418 0.111508 -0.072496 0.182607 0.085785 -0.067620 -0.338403 -0.062672 0.303706 0.197819 0.003303 0.079428 0.160972 0.162007 0.188037 0.301995 0.308961 0.350706 0.079382 -0.035696 0.162351 -0.142460 -0.678481 0.404258 -0.089625 -0.400810 -0.072245 0.156632 -0.034951 0.066636 0.262794 0.646483 0.406107 0.479634 -0.035549 -0.048645 0.236299 -0.239906 -0.232722 -0.219915 -0.120662 -0.074585 0.048828 0.095675 -0.165247 0.076107 -0.142332 -0.051764 0.018326 -0.121253 -0.045260 0.084051 0.096787 0.105901 0.154568 -0.057096 -0.214988 -0.056613 -0.015376 -0.034353 -0.046880 -0.154246 -0.126830 0.003753 -0.016870 0.110240 0.036599 -0.050367
0.079548 -0.261049 0.484957 0.315913 0.132918 -0.054487 0.298163 0.306416 0.291421 0.227737 -0.059371 -0.120397 -0.115599 -0.157312 0.064578 0.144615 -0.149157 -0.194605 1.000000 0.759557 -0.089377 0.051271 0.358616 0.375767 -0.118007 0.109785 -0.247666 -0.050066 -0.035805 -0.100433 0.079750 0.112514 -0.192504 -0.188715 -0.043515 0.100656 -0.160246 -0.290578 -0.075297 -0.044953 0.026693 -0.015152 -0.220085 -0.296109 -0.293159 -0.276961 -0.231515 -0.309103 -0.152296 -0.220910 -0.062411 -0.089409 -0.025442 -0.094955 -0.352599 -0.315448 -0.095643 -0.092010 0.313123 0.094933 -0.048068 -0.105469 -0.314091 -0.228160 0.029898 -0.076784 0.177920 0.043521 -0.054452 0.462415 0.032157 -0.005117 -0.127092 0.016862 -0.177018 -0.110701 -0.233332 -0.229641 -0.381039 -0.242457 -0.289519 -0.240115 0.265103 0.243770 -0.192207 -0.061971 -0.095121 -0.045551 0.108185 0.052947 0.094319 0.023523 0.085078 0.156326 -0.114396 -0.041459 -0.208211 -0.062105 -0.133867 -0.121429 0.083152 0.247640 -0.110452 -0.032339 -0.080747 -0.010479 0.016440 -0.054587 -0.008438 -0.063016 -0.012892 -0.141914 0.018593 0.031143 0.098210 0.199831
0.111584 -0.000673 0.287943 0.256057 -0.001697 -0.145857 0.223042 0.304624 0.129316 0.098323 0.032052 -0.036821 -0.104260 -0.172970 0.097887 0.094329 -0.219365 -0.337325 0.759557 1.000000 -0.089401 -0.092573 0.324268 0.338512 -0.326591 -0.014909 -0.259582 -0.037270 -0.016461 -0.051197 0.095750 0.066510 -0.083972 -0.090445 -0.283033 0.007277 -0.202326 -0.263315 -0.128684 -0.132862 -0.077608 -0.122974 -0.123387 -0.302985 -0.168050 -0.137398 -0.189458 -0.225269 -0.141214 -0.034621 -0.063632 -0.045814 -0.044842 0.062258 -0.163775 -0.198003 -0.093949 0.000973 0.184140 0.034394 -0.123019 -0.142885 -0.331935 -0.223187 -0.167200 -0.194938 0.035181 -0.011595 -0.039886 0.431028 0.244028 -0.068147 0.136269 0.198711 -0.023878 -0.102692 -0.139872 -0.178607 -0.462625 -0.432080 -0.325773 -0.308266 0.215140 0.146270 -0.274901 -0.044816 0.017918 0.006398 -0.043622 -0.116097 0.115914 0.092694 0.166456 0.159272 -0.066378 -0.127490 -0.070155 -0.011777 0.078204 -0.019877 0.167980 0.222962 0.095173 0.091870 0.134987 0.096691 0.014336 -0.059762 0.024001 -0.030894 0.059584 -0.066897 0.093224 0.074126 -0.008935 0.102856
-0.344128 0.025735 -0.032493 -0.149529 0.325586 0.310956 0.148438 0.035229 0.177481 0.242360 -0.051234 -0.130064 -0.005991 0.146052 -0.044752 0.149079 0.115609 0.069467 -0.089377 -0.089401 1.000000 0.453222 -0.066980 -0.059309 0.391859 0.375406 0.375445 0.405107 -0.077739 -0.082208 -0.074752 0.000230 0.175059 0.036320 0.349767 0.362712 0.093409 0.059203 0.311538 0.188341 0.064089 0.336299 -0.231639 -0.122955 0.212798 0.056576 -0.239211 -0.302697 0.339975 0.106201 0.297664 0.243591 0.011785 -0.245652 0.170139 -0.176557 -0.260896 0.075079 -0.211510 -0.031588 -0.097764 -0.122268 -0.072304 -0.269123 0.131777 0.081007 0.262851 0.274517 0.034158 0.116438 -0.056393 0.044668 -0.211983 -0.117000 0.059849 0.119177 0.027360 0.171301 0.094626 0.137455 -0.064161 -0.205607 -0.209112 -0.173982 -0.220382 -0.296158 -0.314229 0.112174 -0.289757 -0.181320 -0.181120 -0.092761 0.013942 0.256128 -0.007492 -0.174825 -0.226273 -0.076276 -0.308610 -0.472468 0.379251 0.428064 0.364424 0.162903 0.058792 0.048214 0.228963 0.314219 -0.010244 -0.158678 0.072135 -0.280715 0.043671 -0.224722 -0.146984 -0.014649
-0.405112 -0.266394 -0.043323 0.027537 0.120963 0.595907 -0.051545 -0.111687 0.279912 0.037701 -0.213045 -0.260894 -0.065451 -0.039331 0.159658 -0.070660 -0.077150 0.141733 0.051271 -0.092573 0.453222 1.000000 0.013725 -0.038650 0.378868 0.609640 0.543560 0.555912 -0.178263 -0.118802 -0.137471 -0.193835 -0.040660 -0.057249 0.426047 0.469836 -0.042465 0.040093 0.135379 0.066708 0.041994 0.264110 -0.220637 0.121870 0.029562 -0.031397 -0.205339 -0.214575 0.086378 0.013478 0.221080 0.143071 0.233035 -0.125581 0.032586 -0.170260 -0.205233 0.270507 -0.011105 0.052156 -0.092869 -0.012502 -0.138483 -0.088783 0.071503 0.145763 0.327059 0.308900 -0.066211 0.325345 -0.280290 0.174226 -0.567737 -0.293470 -0.396630 -0.132331 -0.167572 -0.028248 -0.045895 0.113694 -0.086681 -0.220329 -0.126951 -0.201111 -0.027601 -0.255969 -0.297602 -0.028230 0.018876 0.253312 0.054768 0.065909 0.156918 0.159790 0.042292 -0.141937 -0.223543 0.122550 -0.239262 -0.236851 0.042317 0.130257 0.004233 0.103736 0.063217 0.032267 -0.123666 0.059075 0.000358 0.000608 0.272142 -0.251414 -0.045705 0.075166 0.116684 0.019483
0.081276 -0.229887 0.424986 0.644381 -0.262776 0.028588 0.234496 0.344595 -0.016578 -0.141828 0.024068 -0.025661 -0.064313 -0.370455 0.023184 -0.100625 -0.298866 -0.537040 0.358616 0.324268 -0.066980 0.013725 1.000000 0.736944 -0.321841 0.054159 -0.169026 0.175782 -0.186345 -0.421699 0.469583 0.336867 -0.085021 -0.199574 -0.149533 -0.018609 -0.302088 -0.235092 -0.100020 -0.066235 -0.178364 -0.151558 -0.252065 -0.191181 -0.436597 -0.297335 -0.202646 -0.157656 -0.005451 -0.369391 0.180994 -0.214997 -0.207879 -0.056614 -0.163286 -0.328644 -0.172985 -0.210825 0.002137 0.019226 -0.113353 -0.206458 -0.245307 -0.232770 -0.051398 -0.286202 -0.101919 0.000073 -0.392928 0.129040 0.449423 -0.046059 -0.068899 0.282049 0.015524 -0.120485 0.138368 0.156270 -0.332411 -0.407671 -0.478609 -0.492200 0.076195 -0.150032 -0.265719 -0.023737 0.056210 -0.013483 0.229912 0.049726 -0.101822 -0.242487 -0.030728 -0.135464 -0.097351 -0.156990 -0.198267 -0.171788 -0.220270 -0.316341 -0.137263 0.073478 -0.276978 0.021840 0.015939 0.111718 -0.087732 -0.026739 -0.098050 -0.051471 0.039304 -0.279719 -0.106528 -0.251996 -0.130596 -0.016403
-0.177239 -0.138682 0.339635 0.539698 -0.011706 -0.053232 0.233452 0.495081 -0.042407 0.057723 0.072953 0.357440 -0.093175 -0.139039 0.131690 0.160004 -0.411987 -0.476739 0.375767 0.338512 -0.059309 -0.038650 0.736944 1.000000 -0.065344 0.224406 -0.308232 -0.041677 -0.210453 -0.457912 0.555869 0.566528 0.031018 -0.040549 0.045863 0.046119 -0.236071 -0.248126 -0.047655 -0.171544 -0.134159 0.055620 -0.266240 -0.086099 -0.507709 -0.212202 -0.285991 -0.156843 -0.150440 -0.489650 0.220559 -0.350829 -0.293670 -0.233515 -0.273509 -0.371055 -0.222951 -0.166024 -0.225510 -0.250611 -0.289195 -0.335462 -0.187740 -0.268136 0.106460 -0.223741 -0.274938 -0.135792 -0.287794 0.110266 0.367554 -0.067685 -0.017860 0.174771 0.207669 -0.043852 0.101796 0.026094 -0.390235 -0.256021 -0.399486 -0.472091 0.159594 0.110485 -0.148188 0.040523 0.149992 0.297240 0.303390 0.236578 -0.312723 -0.351137 -0.155873 -0.225688 -0.265603 -0.262489 -0.152478 -0.215670 -0.180097 -0.287510 -0.026161 0.023745 -0.225392 -0.154544 -0.032515 -0.088707 -0.032572 0.031345 -0.261303 -0.207160 0.093465 -0.220679 -0.054044 -0.180076 0.028889 -0.084097
-0.361217 -0.225111 0.046941 -0.275731 0.625130 0.374867 0.111452 -0.033338 0.215908 0.285395 -0.275006 -0.032112 0.058534 0.245781 -0.041626 0.154059 0.163720 0.463445 -0.118007 -0.326591 0.391859 0.378868 -0.321841 -0.065344 1.000000 0.574932 0.455164 0.230907 -0.037284 -0.072528 -0.180929 -0.068432 0.102738 0.034970 0.569176 0.457103 0.103065 -0.107093 0.085534 -0.019473 0.072528 0.220019 -0.072638 0.209353 0.110485 0.155908 -0.293190 -0.317426 0.216264 0.075879 0.391655 0.105775 0.070668 -0.276527 -0.172713 -0.376254 0.087461 0.106800 -0.032835 0.047484 0.011292 0.113311 0.102698 -0.095249 0.442822 0.320337 0.204487 0.101426 0.249730 -0.034259 -0.560109 0.132576 -0.312562 -0.543096 -0.107651 -0.079544 -0.238398 -0.118872 0.118781 0.403498 0.221272 0.089574 -0.245030 -0.161488 -0.101495 -0.409924 -0.424811 0.021093 -0.123844 0.066121 -0.140780 -0.085381 -0.013131 0.099351 -0.217239 -0.216405 -0.263544 -0.188918 -0.263534 -0.313965 0.213541 0.148551 0.014779 -0.103336 -0.239717 -0.244676 0.113119 0.047123 -0.120459 -0.324900 -0.072189 -0.205582 -0.193326 -0.175883 0.046673 0.019154
-0.430606 -0.308894 0.067090 -0.024835 0.215713 0.705167 -0.007105 -0.103900 0.477823 -0.016304 -0.204034 -0.028296 -0.063556 -0.033301 0.256262 -0.060533 -0.203705 0.202185 0.109785 -0.014909 0.375406 0.609640 0.054159 0.224406 0.574932 1.000000 0.528270 0.521830 -0.042694 -0.280922 -0.067000 -0.080684 0.011412 -0.098747 0.585933 0.730295 -0.012014 -0.135642 0.093936 -0.198326 0.105243 0.319833 -0.214090 0.186201 -0.057506 0.094365 -0.464284 -0.386086 0.176724 -0.045651 0.417287 0.162646 -0.022504 -0.239967 -0.139053 -0.428956 -0.181891 0.179058 -0.102390 0.029474 -0.069293 -0.078666 -0.067491 -0.176189 0.197611 0.129489 0.156674 0.107750 -0.078358 0.341502 -0.357958 0.218860 -0.355906 -0.446786 -0.270674 -0.059488 -0.165638 0.000270 -0.141738 0.233339 -0.169007 -0.222514 -0.214806 -0.346380 -0.202860 -0.427595 -0.367256 -0.016811 0.069869 0.134917 -0.043286 -0.100273 0.080219 0.262696 -0.235770 -0.482430 -0.254154 -0.227128 -0.137200 -0.350887 0.248212 0.344430 0.156084 0.034810 -0.055465 -0.171059 0.047493 0.168855 -0.269904 -0.399221 0.305386 -0.285323 0.124239 -0.111313 0.236989 -0.057127
-0.280249 -0.222566 -0.204174 -0.241796 0.171580 0.759822 -0.131909 -0.344823 0.227399 0.039401 -0.139400 -0.347118 -0.018709 -0.206268 0.142344 -0.247941 0.119956 0.212325 -0.247666 -0.259582 0.375445 0.543560 -0.169026 -0.308232 0.455164 0.528270 1.000000 0.804179 -0.022258 0.113486 -0.152278 -0.313766 0.129971 -0.069907 0.361025 0.371011 0.148426 0.320303 0.192088 0.109638 0.019873 0.263940 -0.111662 0.185220 0.281761 0.084647 -0.187154 -0.202632 0.250358 0.310626 0.357759 0.297660 0.168391 0.110404 0.266622 -0.032713 -0.177557 0.221358 -0.008297 0.030207 -0.078014 -0.042017 -0.106527 -0.140408 -0.043749 0.024360 0.227715 0.068945 0.026191 0.154589 -0.277708 0.132610 -0.161889 -0.225541 -0.206396 0.052619 -0.179872 0.081031 0.343256 0.284225 0.183292 0.063090 -0.255173 -0.314694 -0.090979 -0.295807 -0.379630 -0.142359 -0.075046 -0.026259 -0.010564 0.033203 0.112946 0.229014 0.056521 -0.213428 0.012272 -0.020970 -0.095319 -0.111916 -0.008439 0.122511 0.075536 0.144484 0.055020 0.020183 0.005131 0.007239 -0.079090 0.042062 0.202289 -0.215030 0.113065 -0.046343 0.088314 -0.095362
-0.276448 -0.217487 -0.266594 0.029507 -0.074709 0.653410 -0.219073 -0.281057 0.214649 0.079585 -0.073032 -0.357119 -0.159270 -0.343954 0.263892 -0.196908 0.059651 -0.082445 -0.050066 -0.037270 0.405107 0.555912 0.175782 -0.041677 0.230907 0.521830 0.804179 1.000000 -0.031905 0.123570 0.060801 -0.111481 0.100206 -0.046004 0.186106 0.322517 0.117703 0.251557 0.202402 0.005096 0.109027 0.162375 -0.340553 0.083312 0.063304 -0.046008 -0.296107 -0.297908 0.157470 0.049634 0.274180 0.103964 0.026129 -0.028558 0.286536 -0.179941 -0.195563 0.206562 0.017685 0.092625 -0.102263 -0.081429 -0.243708 -0.223592 -0.219657 -0.126106 0.257399 0.147938 -0.075913 0.199312 -0.018480 0.103596 -0.092280 0.007374 -0.183071 -0.033428 -0.057384 0.088707 0.286666 0.095651 0.052221 -0.048864 -0.092179 -0.317900 -0.109064 -0.087597 -0.296909 -0.084541 -0.004161 -0.029548 -0.147605 -0.163365 0.057806 0.166863 0.079246 -0.230330 -0.052127 0.032179 -0.204705 -0.261667 0.100349 0.230833 0.176496 0.361747 0.298630 0.263862 0.065621 0.122593 -0.108033 0.071658 0.295119 -0.295310 0.109119 -0.060726 0.105949 -0.033726
0.428524 0.044773 -0.238256 -0.479310 -0.130896 -0.207407 0.044981 -0.460134 -0.070701 -0.181590 0.547107 0.110969 0.640446 0.361477 0.607234 0.222214 0.564334 0.432655 -0.035805 -0.016461 -0.077739 -0.178263 -0.186345 -0.210453 -0.037284 -0.042694 -0.022258 -0.031905 1.000000 0.262154 0.101153 0.204587 0.108789 0.460628 0.066930 0.089506 0.378018 0.165020 -0.019997 -0.225116 0.318432 0.070876 -0.243924 -0.268019 -0.146657 -0.284340 -0.010071 -0.102829 -0.197201 -0.113642 -0.379844 -0.107499 -0.149164 0.115978 -0.133331 -0.081768 0.343816 0.090034 -0.116664 -0.124529 0.302164 0.045391 0.303253 0.292230 0.108166 0.082196 -0.289440 -0.357831 -0.090667 -0.316582 -0.186904 0.320243 0.478437 -0.000210 0.198436 0.432330 0.295499 0.208295 0.200838 0.385991 0.347448 0.479588 0.382451 0.252386 0.281099 0.140068 0.131677 -0.080395 -0.193675 -0.304051 -0.245052 -0.242966 -0.413351 -0.229993 -0.047868 -0.101892 0.081042 -0.183046 -0.000892 0.106287 -0.139731 0.197978 0.186750 0.065594 -0.083616 0.046632 -0.223383 0.047086 0.081065 -0.025736 -0.279435 -0.116940 0.100191 0.116654 0.031655 -0.087499
-0.000436 0.045060 -0.438936 -0.221698 -0.070775 -0.208516 -0.213543 -0.209956 -0.150000 0.169794 0.024404 -0.146103 -0.103209 0.076241 0.053776 0.052113 0.311125 0.172647 -0.100433 -0.051197 -0.082208 -0.118802 -0.421699 -0.457912 -0.072528 -0.280922 0.113486 0.123570 0.262154 1.000000 0.150005 -0.009362 -0.137413 0.240306 -0.292951 -0.344505 0.212601 0.357976 0.015566 -0.024163 0.116960 -0.060322 -0.068693 0.008336 0.226662 0.092754 0.104338 -0.006124 -0.186536 0.172888 -0.307840 -0.005775 0.151478 0.197345 0.197696 0.124882 0.090392 0.004907 0.349933 0.043258 0.054869 0.063077 -0.051916 0.009701 -0.310813 -0.173193 0.205041 -0.017620 0.160551 -0.070784 0.145183 0.216086 0.523367 0.300459 0.124932 -0.062012 -0.028041 -0.090094 0.376776 0.156408 0.455445 0.499084 0.008360 0.207046 0.276657 0.277477 -0.110780 -0.124736 -0.311281 -0.229565 -0.087113 0.024498 -0.033518 0.009096 0.192292 0.159407 0.167416 0.201231 0.013013 0.194523 0.101419 0.044189 0.235628 0.274076 0.253927 0.215658 0.193025 -0.062861 0.138738 0.279318 -0.057224 0.120551 0.123077 0.214039 0.053765 0.008657
-0.139160 -0.107755 -0.042037 0.192859 -0.149374 -0.283836 0.101835 0.147925 -0.360903 0.050783 0.138784 0.079627 0.077984 -0.140831 0.199218 0.297818 -0.089844 -0.368999 0.079750 0.095750 -0.074752 -0.137471 0.469583 0.555869 -0.180929 -0.067000 -0.152278 0.060801 0.101153 0.150005 1.000000 0.744172 0.147396 0.298925 -0.152676 -0.277028 -0.081184 0.127492 0.080996 -0.049135 -0.057151 0.109956 -0.329968 -0.179376 -0.299846 -0.242140 -0.085749 -0.108489 -0.309996 -0.464908 -0.135638 -0.515012 -0.325335 -0.095291 -0.016061 -0.100004 -0.048494 -0.144913 -0.084106 -0.278064 -0.186013 -0.234530 -0.116754 -0.195937 -0.044234 -0.375040 -0.274903 -0.209343 -0.331855 -0.225330 0.605343 0.140108 0.507013 0.481877 0.418829 0.060604 0.328204 0.283675 0.028877 -0.045905 -0.006944 -0.123355 0.144219 0.245183 0.142392 0.310879 0.174988 0.299430 0.056566 0.052940 -0.544817 -0.513296 -0.427255 -0.301624 -0.081524 -0.022499 0.058198 -0.120578 -0.212669 -0.173144 -0.020686 0.188166 0.052127 0.197230 0.227499 0.080034 -0.052707 -0.066865 -0.171423 0.055351 -0.055256 -0.198463 -0.040821 -0.129930 -0.204439 -0.090564
-0.128056 -0.143114 -0.025376 0.146187 0.039732 -0.418419 0.295037 0.188911 -0.114219 0.099435 0.246960 0.342065 0.132887 0.105679 0.312102 0.426125 0.027752 -0.237099 0.112514 0.066510 0.000230 -0.193835 0.336867 0.566528 -0.068432 -0.080684 -0.313766 -0.111481 0.204587 -0.009362 0.744172 1.000000 0.031944 0.410301 -0.019557 -0.201871 0.137972 0.132869 0.103033 -0.073594 0.083580 0.270475 -0.265954 -0.220107 -0.459874 -0.294611 -0.029543 -0.070105 -0.496201 -0.648274 -0.296664 -0.652089 -0.511537 -0.292362 -0.239827 -0.111317 0.028674 -0.221787 -0.261957 -0.291028 -0.215607 -0.263894 -0.132554 -0.209730 0.225393 -0.203749 -0.410118 -0.309223 -0.296131 -0.385213 0.398949 0.220931 0.373669 0.200295 0.446078 0.142478 0.387126 0.243912 -0.001205 0.108618 0.113086 -0.009483 0.483314 0.470432 0.239631 0.394398 0.308067 0.443464 0.165688 0.080272 -0.654497 -0.618396 -0.544816 -0.384962 -0.069866 0.006317 0.032175 -0.114613 -0.178125 -0.152158 0.040804 0.151228 0.104384 -0.023435 0.134294 0.011075 -0.034789 0.127094 -0.105113 -0.099102 -0.225230 -0.060249 -0.077866 -0.009049 -0.037162 0.085644
0.076382 0.456841 -0.315072 -0.360284 -0.015876 -0.093574 -0.191884 -0.182663 -0.390701 0.095182 0.311381 0.134407 0.222284 0.049130 0.118350 0.224127 0.139550 -0.125784 -0.192504 -0.083972 0.175059 -0.040660 -0.085021 0.031018 0.102738 0.011412 0.129971 0.100206 0.108789 -0.137413 0.147396 0.031944 1.000000 0.328067 0.148511 0.089391 0.214834 0.204042 0.077378 0.010457 0.095027 0.164582 -0.150257 -0.050715 -0.007822 -0.089441 0.117155 0.119315 0.130329 0.090515 0.133800 0.055029 0.136765 0.094642 0.179825 0.035645 -0.128668 0.251066 -0.391686 -0.357555 -0.054063 -0.029742 0.236896 0.313836 -0.141283 0.063606 -0.326570 -0.217174 0.085411 -0.228695 -0.048290 -0.281975 0.090597 -0.027408 0.270651 0.308248 0.181207 0.128623 0.174908 0.083837 0.086779 0.058519 -0.151339 0.029011 0.087232 0.174493 0.006787 0.150886 0.041708 0.059773 -0.151857 -0.227538 -0.137939 -0.205103 -0.228009 -0.175277 0.119353 -0.200236 0.061727 -0.011810 -0.106959 -0.084049 -0.022193 0.019972 -0.010029 0.051232 -0.139892 -0.108248 -0.176956 -0.078867 0.061760 -0.046530 0.140196 -0.218456 -0.227343 -0.205097
-0.075131 0.145542 -0.378256 -0.256794 -0.004464 -0.361088 -0.007831 -0.072336 -0.361812 0.064720 0.300464 0.246805 0.321513 0.310772 0.252074 0.279009 0.432588 0.210915 -0.188715 -0.090445 0.036320 -0.057249 -0.199574 -0.040549 0.034970 -0.098747 -0.069907 -0.046004 0.460628 0.240306 0.298925 0.410301 0.328067 1.000000 0.284704 0.029033 0.215389 0.122602 -0.086585 -0.211237 0.169959 0.236184 -0.175621 0.015104 -0.177111 -0.233039 0.148988 0.120576 -0.283304 -0.374296 -0.219150 -0.265403 -0.056439 -0.143337 -0.192761 -0.046890 0.066549 0.041977 -0.270344 -0.152951 -0.096221 -0.012990 0.062608 0.187956 0.101160 0.158379 -0.159129 -0.231781 0.141368 -0.314403 -0.025735 0.374488 0.301406 0.120688 0.286632 0.102763 0.308947 0.178764 0.195992 0.391044 0.361431 0.337401 0.269400 0.310426 0.316581 0.313555 0.280998 0.222228 -0.059946 -0.019044 -0.476971 -0.458636 -0.472654 -0.401478 0.057054 -0.037670 0.059898 0.020399 -0.123651 0.002060 -0.054014 -0.014241 0.158573 0.023611 0.102438 0.220458 -0.133256 -0.066456 0.083010 -0.066917 -0.104695 -0.047216 0.111965 -0.052103 -0.016437 0.005991
-0.333483 -0.216794 0.020786 -0.180511 0.325992 0.366958 0.177676 -0.016693 0.237779 0.071626 -0.113623 0.125210 0.168585 0.244920 0.030354 0.085468 0.253467 0.492376 -0.043515 -0.283033 0.349767 0.426047 -0.149533 0.045863 0.569176 0.585933 0.361025 0.186106 0.066930 -0.292951 -0.152676 -0.019557 0.148511 0.284704 1.000000 0.659050 0.188680 -0.092605 0.092939 -0.110849 0.215111 0.494939 -0.068671 0.294470 -0.054986 0.011264 -0.158862 -0.070010 0.042671 -0.233791 0.247476 0.069056 0.039153 -0.345706 -0.373169 -0.274972 -0.143109 0.169211 -0.274614 -0.125412 -0.155017 -0.113865 0.049926 0.016067 0.482290 0.392864 0.058072 -0.032066 0.033960 0.026305 -0.522778 0.229947 -0.402293 -0.418384 -0.050911 0.163529 0.011414 0.139977 0.067702 0.521702 0.110095 0.075589 -0.047087 -0.045559 0.046715 -0.247795 -0.070833 0.109379 0.142376 0.254987 -0.261205 -0.266114 -0.263116 -0.025339 -0.227558 -0.348586 -0.194585 -0.289463 -0.244051 -0.277335 0.071932 0.102732 -0.033267 -0.151651 -0.192116 -0.044344 -0.055911 0.034521 -0.169441 -0.427658 0.115080 -0.204779 0.117822 -0.138261 0.100800 -0.059071
-0.239347 -0.119701 0.036515 -0.174186 0.233370 0.493461 0.117294 -0.091097 0.354875 -0.056659 0.014361 -0.027818 0.203783 0.139830 0.151402 0.011352 -0.026931 0.266792 0.100656 0.007277 0.362712 0.469836 -0.018609 0.046119 0.457103 0.730295 0.371011 0.322517 0.089506 -0.344505 -0.277028 -0.201871 0.089391 0.029033 0.659050 1.000000 -0.086943 -0.300319 -0.007791 -0.243193 0.042314 0.163178 -0.352223 -0.031780 -0.001857 0.096109 -0.530557 -0.422039 0.260758 -0.018020 0.317206 0.255573 -0.024551 -0.188015 -0.205375 -0.497288 -0.121012 0.294974 -0.126480 0.106207 0.114705 -0.000302 0.013824 -0.079549 0.387305 0.376989 0.240525 0.267630 -0.071949 0.371253 -0.491572 0.246472 -0.445986 -0.514275 -0.211074 0.131070 -0.121822 0.032289 -0.220056 0.148457 -0.247977 -0.236702 -0.092236 -0.277061 -0.281221 -0.382757 -0.136156 0.049251 0.093267 0.112413 0.023220 -0.038294 0.129708 0.296255 -0.323044 -0.524391 -0.428458 -0.321523 -0.191509 -0.379348 0.315400 0.307203 0.180971 0.000230 -0.071199 -0.030718 -0.091612 0.071604 -0.204192 -0.487227 0.331022 -0.339975 0.228224 -0.080255 0.102880 0.037331
