1.000000 0.485078 0.224205 -0.100686 -0.215358 -0.214902 0.211342 -0.054468 -0.229298 -0.168793 0.075336 0.079466 0.310958 -0.011758 -0.011670 -0.162325 0.359878 0.297558 0.363791 0.318183 -0.160616 -0.355870 -0.102571 -0.201819 -0.201676 -0.429403 -0.198070 -0.217832 0.234157 0.022284 -0.092415 -0.258481 0.316338 0.078090 -0.107532 -0.260998 -0.024599 -0.081212 -0.273332 -0.168077 -0.198899 -0.110584 -0.288881 -0.222270 -0.410631 -0.352482 -0.289977 -0.120529 -0.381893 -0.310379 -0.338895 -0.269436 0.102374 -0.275105 0.073468 -0.251242 0.306751 0.334755 0.353818 0.047029 0.565025 0.153811 0.350046 0.400957 -0.126893 -0.079819 0.157789 -0.152957 0.168508 0.020544 -0.067382 -0.136067 0.209080 0.082046 0.137280 0.022134 0.228926 0.030506 0.071686 0.008376 0.447322 0.340954 -0.059096 -0.119918 0.045318 -0.174323 -0.117051 -0.126181 -0.098557 0.148353 -0.155407 -0.050062 -0.088322 -0.014657 -0.180060 -0.128537 -0.006546 -0.141951 -0.014194 0.147351 -0.050625 0.253555 0.231565 0.184997 0.103280 -0.143219 -0.015505 0.141330 -0.200278 -0.137590 -0.052807 0.226055 0.076515 0.168433 -0.040569 -0.078034
0.485078 1.000000 -0.145988 0.086617 -0.273369 -0.202640 0.011007 -0.030333 -0.307519 -0.176756 -0.052196 0.179095 0.095953 0.285028 -0.200003 -0.099316 0.552553 0.583292 0.322501 0.312427 -0.019676 -0.076648 -0.160261 -0.337948 -0.103174 -0.329718 -0.165486 -0.198921 0.248962 0.375995 0.131143 -0.026967 0.249604 0.140385 -0.080695 -0.297009 -0.013849 0.247148 -0.283609 -0.147832 -0.000326 0.200532 -0.277024 -0.133081 -0.468586 -0.433060 -0.227666 -0.063704 -0.560989 -0.256685 -0.495358 -0.266292 -0.084739 -0.303530 -0.180197 -0.267186 0.223530 0.673421 0.102485 0.130210 0.387934 0.346230 0.459777 0.645595 -0.401957 -0.198818 -0.091151 -0.396725 0.127409 -0.025978 0.216106 0.174839 0.348766 0.212647 0.268587 0.345275 0.336993 0.146591 0.357441 0.239989 0.539009 0.556171 -0.125981 0.042213 -0.150363 -0.147476 0.109807 0.150145 -0.406395 -0.038289 -0.103850 -0.315897 -0.286200 -0.320360 -0.255486 -0.130544 0.020746 -0.101863 0.033691 0.031097 -0.071016 0.184727 0.280107 0.053546 0.062970 -0.112578 0.004180 0.222654 -0.181937 -0.339282 -0.122683 0.181480 0.025515 0.121830 -0.038861 -0.045718
0.224205 -0.145988 1.000000 0.449296 0.098609 0.103609 0.667563 0.285359 0.343406 -0.032735 0.312660 0.152119 0.295592 -0.029913 0.457274 0.100174 -0.099832 -0.109366 0.459984 -0.030705 0.194431 0.260844 0.683570 0.543103 0.024339 0.214075 0.286809 0.352818 0.177980 -0.035112 0.394462 0.375689 0.152080 0.224723 0.259265 0.067362 -0.114016 -0.214136 0.227005 0.017524 0.048926 0.140613 -0.442741 -0.470565 -0.228450 -0.276193 -0.390024 -0.556767 -0.083983 -0.259984 -0.016560 -0.289909 -0.193783 -0.275329 -0.018932 -0.129867 -0.040688 -0.362854 -0.085044 -0.305037 0.053609 -0.236762 -0.177412 -0.221555 0.515103 0.131675 -0.091507 -0.105607 -0.144180 -0.313189 -0.033694 0.196067 0.041774 0.146942 0.022033 -0.072292 0.001569 0.041188 -0.310569 -0.090749 -0.304945 -0.346229 0.260587 0.058233 0.334941 0.036278 0.058676 -0.039850 0.359797 0.084190 -0.497058 -0.234734 -0.181798 0.122596 -0.190314 -0.165699 -0.308747 -0.219772 -0.518462 -0.467103 -0.367875 -0.376573 -0.420371 -0.383876 -0.292451 -0.246096 -0.213090 -0.102215 -0.098992 -0.216862 -0.363121 -0.497800 -0.407147 -0.232565 -0.037632 -0.135268
-0.100686 0.086617 0.449296 1.000000 0.113603 0.249938 0.342528 0.538214 0.419976 0.252615 0.193951 0.329315 0.059513 0.308933 0.317547 0.313516 -0.015076 0.038292 0.400621 0.031340 0.391378 0.358501 0.480510 0.524375 0.098709 0.251610 0.266402 0.196701 0.118569 0.270485 0.404030 0.530085 -0.076246 0.190682 0.035184 0.137084 0.034354 0.056075 0.290280 0.109737 0.207238 0.347692 -0.628664 -0.511880 -0.479156 -0.419906 -0.326568 -0.508752 -0.409434 -0.428545 -0.416454 -0.384743 -0.424981 -0.357105 -0.079828 -0.054180 0.111308 -0.231743 -0.312034 -0.206255 -0.065491 -0.030127 -0.103505 -0.181891 0.234713 0.195114 -0.462809 -0.286870 -0.136610 -0.291604 0.251392 0.410034 0.122421 0.318732 0.210762 0.220631 0.077218 0.133979 -0.049967 0.029540 -0.247907 -0.217073 0.289702 0.451464 0.204673 0.220539 0.180724 0.220133 0.222025 -0.045326 -0.225778 -0.359777 0.174344 -0.137622 -0.155205 -0.102441 -0.403661 -0.086517 -0.542353 -0.406143 -0.197023 -0.467796 -0.404777 -0.510977 -0.314399 -0.185615 -0.062140 -0.053890 -0.061402 -0.367982 -0.447160 -0.539159 -0.281263 -0.292895 -0.010741 -0.095808
-0.215358 -0.273369 0.098609 0.113603 1.000000 0.767575 0.064028 0.077144 0.712689 0.593624 -0.017297 -0.075978 -0.073333 0.028371 0.360935 0.730396 -0.411114 -0.377974 0.214612 0.003399 0.540514 0.481880 -0.000979 -0.170181 0.418487 0.250648 0.668077 0.282661 -0.273915 -0.005576 -0.135687 -0.223020 -0.319624 -0.446979 -0.265029 -0.105028 0.260223 -0.117612 0.550035 0.051671 0.165185 0.294119 -0.159193 -0.170026 0.031477 0.089809 -0.013794 -0.255774 0.062345 -0.048466 -0.078525 -0.159151 0.084717 -0.086977 0.493139 0.372645 0.031239 -0.318083 0.333082 0.262274 -0.023675 -0.141065 -0.208035 -0.416663 -0.006593 -0.065186 0.094336 -0.069935 -0.015476 0.026602 0.139444 0.143511 -0.221138 -0.052224 -0.315659 -0.023210 -0.257790 -0.076399 -0.432089 -0.356824 -0.409927 -0.442214 0.456287 0.456392 0.075038 0.213191 -0.236769 -0.367443 0.540642 0.483382 -0.008275 -0.141479 0.095692 -0.136427 -0.098039 0.001590 -0.097033 -0.111216 -0.172421 -0.144320 -0.104965 -0.144543 -0.181855 -0.181856 -0.138451 -0.034128 -0.232195 -0.218437 0.028137 -0.173365 -0.305618 -0.400703 -0.150437 -0.473378 -0.153929 -0.220324
-0.214902 -0.202640 0.103609 0.249938 0.767575 1.000000 0.004755 0.200562 0.608073 0.770458 -0.032183 -0.081502 -0.153282 0.047055 0.435073 0.753153 -0.332977 -0.249099 0.155349 -0.101336 0.432265 0.382571 0.136171 -0.038222 0.556737 0.420797 0.616150 0.465629 -0.268041 0.132342 -0.046603 -0.110333 -0.301306 -0.379111 -0.103809 -0.027645 0.220893 0.017642 0.548714 0.296655 0.212068 0.412384 -0.259383 -0.218076 -0.110761 -0.042631 -0.146011 -0.297720 -0.056723 -0.168985 -0.075067 -0.261739 -0.047200 -0.140049 0.415511 0.391986 -0.012127 -0.355567 0.086054 0.063955 -0.033945 -0.125237 -0.143632 -0.418272 0.104779 0.021283 -0.084634 -0.163254 -0.015680 -0.072139 0.141340 0.086751 -0.148019 0.129857 -0.234744 0.097997 -0.229959 -0.121905 -0.297664 -0.194126 -0.349111 -0.374580 0.272250 0.396995 0.086223 0.297621 -0.153711 -0.227312 0.514468 0.556997 -0.220013 -0.201876 0.076165 -0.159226 -0.179545 0.100826 -0.123927 -0.048744 -0.329100 -0.277259 -0.178745 -0.183801 -0.314259 -0.329637 -0.243723 -0.101799 -0.211796 -0.154010 0.000262 -0.206661 -0.210621 -0.388108 -0.217625 -0.398678 -0.132669 -0.144988
0.211342 0.011007 0.667563 0.342528 0.064028 0.004755 1.000000 0.588698 0.214041 -0.054947 0.214923 0.221056 0.388925 0.012741 0.301251 0.215490 0.014912 -0.000495 0.318719 -0.052622 0.028462 0.094658 0.461319 0.295991 -0.036595 -0.058371 0.130820 -0.037883 0.241829 0.224131 0.430462 0.357205 0.238235 0.252596 -0.106228 -0.120716 -0.129435 -0.240982 0.027116 -0.204355 0.050934 0.092454 -0.378619 -0.361260 -0.137702 -0.229591 -0.310271 -0.493321 -0.107469 -0.142547 -0.049101 -0.186272 -0.010937 -0.247052 -0.145421 -0.004100 -0.090695 -0.373414 -0.060568 -0.148296 0.313842 0.038632 0.169819 0.085205 0.395412 -0.014904 -0.196253 -0.321305 -0.414441 -0.415674 0.117275 0.230162 0.232913 0.214187 0.126651 0.123877 0.074186 -0.076837 -0.229366 -0.088844 -0.133916 -0.218033 0.259680 0.104291 0.220512 0.134008 0.175283 -0.010212 0.177099 0.152370 -0.382390 -0.373093 -0.249743 -0.165861 -0.431773 -0.270587 -0.403902 -0.374835 -0.296257 -0.422021 -0.323931 -0.330319 -0.292911 -0.435285 -0.276443 -0.334032 -0.222968 -0.159130 -0.321281 -0.382267 -0.451609 -0.482108 -0.419868 -0.318598 -0.151057 -0.117543
-0.054468 -0.030333 0.285359 0.538214 0.077144 0.200562 0.588698 1.000000 0.267174 0.373455 0.006470 0.282759 0.088394 0.137707 0.154921 0.317653 -0.194286 -0.175203 0.066337 -0.213891 0.134643 0.134183 0.079023 0.232248 -0.048150 0.130611 0.030435 -0.174451 0.052874 0.265684 0.246006 0.343874 0.087054 0.199605 -0.186310 -0.004594 -0.153451 -0.016835 0.032839 -0.002707 0.104373 0.292498 -0.401446 -0.370035 -0.172722 -0.180831 -0.302681 -0.436247 -0.172371 -0.236740 -0.160156 -0.167287 -0.049294 -0.154979 -0.159451 -0.003005 0.016893 -0.465409 -0.189125 -0.005916 0.190531 0.369377 0.014515 -0.034596 0.327650 0.355613 -0.348951 -0.153871 -0.311109 -0.361617 0.105590 0.095532 0.026052 0.317720 0.188901 0.125387 -0.064386 -0.261240 -0.154334 -0.174575 -0.195075 -0.384868 0.140096 0.314434 0.062585 0.296839 0.201336 0.241297 0.064067 0.174383 -0.089387 -0.243942 0.229220 -0.248576 -0.226946 -0.081633 -0.496109 -0.164017 -0.352021 -0.421629 0.060708 -0.250292 -0.191523 -0.375269 -0.196772 -0.237216 -0.043863 -0.137862 -0.177565 -0.275972 -0.398658 -0.491438 -0.273673 -0.146503 -0.044326 0.030977
-0.229298 -0.307519 0.343406 0.419976 0.712689 0.608073 0.214041 0.267174 1.000000 0.592831 0.255880 0.162460 0.108542 0.244817 0.582494 0.673295 -0.393336 -0.294567 0.310170 -0.126629 0.488418 0.543829 0.251687 0.123037 0.220803 0.386771 0.630183 0.316951 0.014159 0.137248 0.133328 0.123000 -0.305346 -0.214556 -0.104954 -0.048378 0.153685 -0.126734 0.543432 -0.056719 0.278272 0.315511 -0.319739 -0.337970 -0.152532 -0.149527 -0.126720 -0.481511 -0.002932 -0.187527 -0.061564 -0.172338 -0.036613 -0.071833 0.220674 0.156120 -0.066686 -0.533866 0.235898 0.059984 -0.095249 -0.098303 -0.262897 -0.480159 0.292273 0.211997 -0.075905 -0.138267 -0.065938 -0.197936 0.238225 0.294423 -0.115910 0.095510 -0.212804 0.070477 -0.205599 -0.076827 -0.395868 -0.227103 -0.463994 -0.493497 0.558642 0.455017 0.257080 0.385412 -0.037051 -0.050959 0.487536 0.228618 -0.106648 -0.206019 0.098415 -0.119314 -0.087950 -0.092739 -0.448234 -0.178011 -0.369369 -0.359711 -0.055195 -0.378322 -0.252249 -0.309703 -0.260944 -0.177243 -0.285275 -0.255818 -0.008908 -0.267180 -0.510543 -0.601601 -0.285854 -0.380763 -0.181619 -0.218747
-0.168793 -0.176756 -0.032735 0.252615 0.593624 0.770458 -0.054947 0.373455 0.592831 1.000000 0.081943 0.120469 -0.032834 0.270147 0.400407 0.646963 -0.349041 -0.347930 0.006142 -0.286494 0.318387 0.282912 -0.067287 -0.051423 0.366215 0.314491 0.305129 0.207780 -0.104638 0.157335 -0.139387 -0.099044 -0.240143 -0.296913 -0.190100 -0.030917 0.165232 0.042710 0.283321 0.049838 0.241956 0.304744 -0.221817 -0.188983 -0.147797 -0.069736 -0.145675 -0.281244 -0.047785 -0.155222 -0.068963 -0.147275 0.024877 -0.026642 0.242125 0.230924 0.031860 -0.447782 0.175326 0.109389 0.052094 0.240850 -0.135399 -0.335703 0.149389 0.257596 -0.172786 -0.163833 -0.001357 -0.235740 0.116742 -0.001119 -0.176926 0.211630 -0.041751 0.067161 -0.148253 -0.230647 -0.261454 -0.232413 -0.307150 -0.420976 0.300924 0.406160 0.057679 0.279472 0.079083 0.007241 0.337193 0.443992 -0.036820 -0.078685 0.331828 -0.155803 -0.145146 0.041143 -0.202208 -0.040399 -0.269057 -0.249701 0.147418 -0.039374 -0.053556 -0.198569 -0.117783 -0.041557 -0.097191 -0.115623 0.019288 -0.207115 -0.287655 -0.366304 -0.054854 -0.106360 -0.064909 0.058040
0.075336 -0.052196 0.312660 0.193951 -0.017297 -0.032183 0.214923 0.006470 0.255880 0.081943 1.000000 0.519006 0.622331 0.472778 0.621494 0.188605 0.162785 0.063998 0.251558 -0.110881 0.060767 0.186184 0.392336 0.202790 -0.029877 -0.090958 0.063892 0.067315 0.494247 0.150698 0.336917 0.347958 0.110153 0.282246 0.232167 0.033698 -0.028565 -0.152042 0.064517 -0.252540 0.104825 0.012119 -0.210157 -0.232286 -0.164527 -0.179443 -0.236165 -0.428049 -0.001803 -0.081770 -0.023243 -0.044767 -0.046426 -0.041448 -0.145896 -0.112890 -0.009924 -0.272945 0.010745 -0.192630 0.034600 -0.043557 0.125378 0.090392 0.341492 0.223299 -0.216265 -0.276467 -0.189158 -0.436338 -0.012840 0.241395 0.192318 0.062436 0.120062 -0.015699 0.146806 0.089360 -0.211305 0.181936 -0.044478 -0.150119 0.435136 0.188459 0.461170 0.095076 0.300275 0.096050 0.300878 -0.142749 -0.368183 -0.318832 -0.220656 -0.185625 -0.190243 -0.254557 -0.330977 -0.200420 -0.401075 -0.394814 -0.235370 -0.393249 -0.263144 -0.364576 -0.281745 -0.182140 -0.216159 -0.215776 -0.171891 -0.181845 -0.347836 -0.294873 -0.257240 -0.129219 -0.086748 -0.084901
0.079466 0.179095 0.152119 0.329315 -0.075978 -0.081502 0.221056 0.282759 0.162460 0.120469 0.519006 1.000000 0.612670 0.676325 0.449931 0.198417 0.239058 0.250524 0.275491 -0.086670 0.147517 0.180704 0.134247 0.002430 -0.058452 -0.269580 -0.112818 -0.159146 0.598919 0.511735 0.400989 0.432313 -0.023592 0.171849 0.077844 -0.152316 0.106918 0.210682 -0.119420 -0.170616 0.219470 0.221409 -0.239558 -0.191889 -0.283182 -0.339355 -0.179571 -0.396841 -0.186669 -0.204153 -0.291348 -0.134493 -0.053482 -0.108349 -0.229028 -0.086863 -0.009588 -0.287445 -0.001274 -0.125838 0.089073 0.209219 0.115164 0.205604 0.087329 0.164934 -0.412709 -0.442926 -0.193543 -0.471931 0.131831 0.372994 0.514856 0.316445 0.369878 0.279764 0.421936 0.286176 -0.059916 0.290496 0.022599 -0.019654 0.345518 0.405896 0.181464 0.065320 0.299894 0.270282 0.029509 -0.145866 -0.256524 -0.442363 -0.144661 -0.413452 -0.127857 -0.250355 -0.322287 -0.121040 -0.244934 -0.386158 -0.178963 -0.292833 -0.169175 -0.286698 -0.198159 -0.211450 -0.225990 -0.147019 -0.209672 -0.335890 -0.352309 -0.335089 -0.098834 -0.094069 -0.054120 -0.225086
0.310958 0.095953 0.295592 0.059513 -0.073333 -0.153282 0.388925 0.088394 0.108542 -0.032834 0.622331 0.612670 1.000000 0.551837 0.432829 0.025853 0.274115 0.158268 0.154884 -0.067212 -0.066431 -0.072943 0.210892 -0.044127 -0.138227 -0.310824 -0.082184 -0.187390 0.505016 0.336694 0.308204 0.195953 0.124511 0.196600 -0.069184 -0.138641 -0.015547 -0.031797 -0.116893 -0.228498 -0.092712 -0.028756 -0.178769 -0.184980 -0.163738 -0.222187 -0.258692 -0.337258 -0.091934 -0.123097 -0.183162 -0.067765 -0.021505 -0.165925 -0.185776 -0.182424 -0.023443 -0.238176 0.191189 -0.079279 0.339383 0.160552 0.277182 0.282192 0.122387 0.088361 -0.153709 -0.366223 -0.170091 -0.320858 0.113374 0.249691 0.399710 0.151444 0.236653 0.259009 0.227681 0.174699 -0.054362 0.081239 0.147657 0.061361 0.267618 0.089104 0.128503 -0.146570 0.206037 0.084674 0.046920 -0.143424 -0.283233 -0.258507 -0.285247 -0.179483 -0.167652 -0.278581 -0.213274 -0.180990 -0.283386 -0.320754 -0.170989 -0.122023 -0.042108 -0.155326 -0.086976 -0.250148 -0.110726 -0.238956 -0.147969 -0.198173 -0.188184 -0.170541 -0.212737 -0.064902 -0.106098 -0.160609
-0.011758 0.285028 -0.029913 0.308933 0.028371 0.047055 0.012741 0.137707 0.244817 0.270147 0.472778 0.676325 0.551837 1.000000 0.354440 0.242282 0.334895 0.310804 0.118637 -0.184384 0.169948 0.244010 0.027336 -0.085177 -0.070671 -0.029234 0.017433 -0.035028 0.517458 0.624179 0.386879 0.385163 0.038393 0.181184 -0.044948 -0.046462 0.160027 0.307246 -0.004398 -0.147872 0.303949 0.205634 -0.284613 -0.191182 -0.337739 -0.347361 -0.238700 -0.386891 -0.240040 -0.257167 -0.303320 -0.197605 -0.115902 -0.217265 -0.215663 -0.193962 0.001847 -0.176949 0.052035 -0.087267 0.179475 0.319838 0.272053 0.288649 -0.021603 0.230855 -0.331264 -0.442057 -0.079263 -0.410233 0.308964 0.493737 0.444723 0.298665 0.322088 0.484707 0.294381 0.252655 0.216320 0.305838 0.156357 0.131305 0.276298 0.340434 0.019049 0.060908 0.258628 0.265147 -0.050153 -0.216148 -0.180327 -0.393558 -0.205874 -0.448191 -0.086444 -0.281676 -0.327099 -0.184020 -0.313354 -0.346627 -0.111689 -0.230265 -0.022669 -0.248822 -0.119147 -0.190740 -0.137190 -0.127754 -0.191242 -0.384357 -0.385007 -0.307677 -0.147307 -0.053799 -0.091856 -0.124180
-0.011670 -0.200003 0.457274 0.317547 0.360935 0.435073 0.301251 0.154921 0.582494 0.400407 0.621494 0.449931 0.432829 0.354440 1.000000 0.627609 -0.170393 -0.041070 0.396459 -0.113940 0.349944 0.373997 0.511202 0.234467 0.107010 0.084788 0.436723 0.379003 0.467840 0.291004 0.362714 0.333566 -0.149064 -0.005081 0.057745 -0.123358 0.118274 -0.140874 0.396067 -0.036928 0.249083 0.244971 -0.329230 -0.356502 -0.291854 -0.282033 -0.268461 -0.596028 -0.075075 -0.243309 -0.090396 -0.285206 -0.009735 -0.094605 0.137684 0.143486 -0.080495 -0.475661 0.063310 -0.227707 -0.030070 -0.165992 -0.121292 -0.297820 0.409601 0.122909 -0.330721 -0.382357 -0.179782 -0.435801 0.041925 0.291886 0.204900 0.176890 0.044186 0.057822 -0.005428 0.001651 -0.395733 0.019902 -0.268463 -0.343690 0.660477 0.489870 0.494554 0.286176 0.109863 -0.022299 0.626722 0.239298 -0.426627 -0.400302 -0.153674 -0.172377 -0.205707 -0.111742 -0.410111 -0.159523 -0.469896 -0.469077 -0.352610 -0.466618 -0.426830 -0.467439 -0.373982 -0.247382 -0.372913 -0.208045 -0.054307 -0.264481 -0.479283 -0.514518 -0.289958 -0.339665 -0.145103 -0.188164
-0.162325 -0.099316 0.100174 0.313516 0.730396 0.753153 0.215490 0.317653 0.673295 0.646963 0.188605 0.198417 0.025853 0.242282 0.627609 1.000000 -0.250909 -0.078718 0.364974 -0.045894 0.597378 0.551990 0.110025 -0.089008 0.281953 0.194475 0.687593 0.308535 0.104479 0.388911 0.171956 0.088990 -0.277325 -0.281431 -0.245003 -0.224271 0.273846 -0.041670 0.573656 0.045660 0.391644 0.507306 -0.284608 -0.265223 -0.245782 -0.217012 -0.111291 -0.485920 -0.120619 -0.175175 -0.190167 -0.233034 0.052040 -0.130617 0.386191 0.380506 0.043611 -0.395992 0.128367 0.052983 0.084602 -0.056183 0.021683 -0.285655 0.070261 -0.065538 -0.281004 -0.442494 -0.202551 -0.294514 0.313235 0.359743 0.104204 0.266612 -0.072042 0.197570 -0.149116 -0.098687 -0.363316 -0.062606 -0.262776 -0.348697 0.611286 0.676727 0.279356 0.400639 -0.042941 -0.133692 0.547860 0.456629 -0.170294 -0.439787 -0.032747 -0.433395 -0.271314 -0.059141 -0.362996 -0.143059 -0.264867 -0.300785 -0.242091 -0.378677 -0.323745 -0.412966 -0.338595 -0.160610 -0.371938 -0.203506 -0.048253 -0.344678 -0.564774 -0.515509 -0.232677 -0.423351 -0.145159 -0.148944
0.359878 0.552553 -0.099832 -0.015076 -0.411114 -0.332977 0.014912 -0.194286 -0.393336 -0.349041 0.162785 0.239058 0.274115 0.334895 -0.170393 -0.250909 1.000000 0.715210 0.148537 0.064952 -0.242583 -0.196536 0.022301 -0.178267 -0.105584 -0.270483 -0.247122 -0.155239 0.468782 0.413599 0.335608 0.169926 0.332104 0.279465 0.131972 -0.140265 0.110715 0.228221 -0.242942 -0.051425 0.045887 -0.000596 -0.189838 -0.147748 -0.347603 -0.458177 -0.279958 -0.169494 -0.411231 -0.201946 -0.255357 -0.254048 -0.209531 -0.273931 -0.177736 -0.374594 0.191912 0.385100 -0.220232 -0.198561 0.423487 0.160289 0.651843 0.695571 -0.180403 -0.157900 -0.212291 -0.389433 0.044738 -0.166832 0.160245 0.155508 0.597106 0.296692 0.424511 0.394775 0.529843 0.388993 0.572312 0.519851 0.679058 0.692475 -0.217761 -0.163174 0.045807 -0.174476 0.145916 0.084091 -0.319538 -0.205607 -0.157746 -0.209023 -0.347256 -0.250268 -0.149337 -0.179969 -0.075157 -0.136747 -0.020275 -0.002295 -0.257051 -0.033177 0.073992 -0.013537 0.028856 -0.156997 -0.008203 0.032601 -0.278326 -0.265698 0.018669 0.246220 -0.151150 0.126043 -0.021667 -0.064305
0.297558 0.583292 -0.109366 0.038292 -0.377974 -0.249099 -0.000495 -0.175203 -0.294567 -0.347930 0.063998 0.250524 0.158268 0.310804 -0.041070 -0.078718 0.715210 1.000000 0.203267 0.115697 -0.058551 -0.038399 0.017478 -0.215751 -0.117280 -0.255197 -0.080052 -0.048448 0.525576 0.566084 0.365540 0.168189 0.182076 0.226147 0.077885 -0.282381 0.177948 0.210277 -0.117335 0.014372 0.141815 0.072454 -0.132145 -0.046025 -0.421081 -0.503853 -0.145604 -0.118477 -0.350813 -0.163275 -0.229599 -0.211550 -0.103050 -0.161928 -0.047269 -0.170482 0.088890 0.407471 -0.169469 -0.246812 0.345864 0.070938 0.518023 0.585248 -0.232879 -0.315677 -0.330001 -0.526840 -0.062369 -0.179762 0.224099 0.279064 0.684156 0.371201 0.424922 0.405028 0.481039 0.362414 0.496903 0.583153 0.594745 0.734246 -0.114024 0.003891 0.071387 -0.044358 0.021479 0.034152 -0.256450 -0.197883 -0.175611 -0.353433 -0.439011 -0.385989 -0.122455 -0.118338 -0.051254 -0.086520 0.084127 -0.028005 -0.343341 -0.159996 -0.043187 -0.139414 -0.183102 -0.299295 -0.197793 -0.058486 -0.151992 -0.231076 -0.063886 0.222861 -0.080690 0.023371 -0.092242 -0.163172
0.363791 0.322501 0.459984 0.400621 0.214612 0.155349 0.318719 0.066337 0.310170 0.006142 0.251558 0.275491 0.154884 0.118637 0.396459 0.364974 0.148537 0.203267 1.000000 0.375237 0.407000 0.338431 0.279311 -0.043712 -0.019424 -0.168147 0.387826 0.119349 0.325373 0.208961 0.257484 0.155123 -0.033458 -0.050752 -0.004557 -0.292008 0.186665 -0.076059 0.309503 -0.052799 0.150776 0.323570 -0.373531 -0.338916 -0.479805 -0.433919 -0.185817 -0.382524 -0.448506 -0.340406 -0.506843 -0.360680 -0.130538 -0.296050 0.224098 -0.001945 0.361368 0.044072 0.021793 -0.067944 0.076276 -0.196257 0.026991 -0.017361 -0.080509 -0.237023 -0.138464 -0.431477 0.029979 -0.211591 0.207197 0.352126 0.292246 0.210498 0.121491 0.069571 0.221210 0.233243 -0.238864 0.015429 0.012807 -0.005332 0.434752 0.399086 0.325251 0.009687 -0.018866 -0.075844 0.284600 0.178379 -0.262201 -0.415640 -0.202088 -0.267984 -0.217819 -0.133040 -0.330052 -0.187372 -0.212193 -0.084461 -0.272314 -0.303514 -0.192611 -0.217111 -0.254969 -0.184102 -0.251054 -0.031800 -0.104675 -0.317633 -0.513240 -0.246194 -0.131858 -0.271372 -0.140596 -0.279655
0.318183 0.312427 -0.030705 0.031340 0.003399 -0.101336 -0.052622 -0.213891 -0.126629 -0.286494 -0.110881 -0.086670 -0.067212 -0.184384 -0.113940 -0.045894 0.064952 0.115697 0.375237 1.000000 0.100930 -0.085968 -0.061716 -0.054909 -0.061474 -0.318614 0.062250 -0.159774 -0.041278 -0.123047 -0.101389 -0.137608 -0.122813 -0.033660 -0.187550 -0.081697 0.121979 -0.075872 0.055260 -0.002990 -0.130910 0.038408 -0.128473 -0.139425 -0.254759 -0.120793 -0.055121 0.136635 -0.413145 -0.214138 -0.478232 -0.218950 -0.060333 -0.185333 0.024969 -0.143392 0.284178 0.454396 -0.008342 0.107932 -0.056850 -0.250639 -0.014324 0.048773 -0.405675 -0.451205 0.200482 0.008745 0.297821 0.537870 0.071247 0.038489 0.079995 -0.133475 -0.065003 -0.062436 0.079943 0.217793 -0.046897 -0.063533 0.170637 0.222435 0.108402 0.094221 -0.034453 -0.286862 -0.249312 -0.100665 -0.025659 0.006964 0.116315 0.040689 0.001333 0.068759 0.155054 0.201340 0.021467 0.167388 0.071867 0.262333 -0.124492 0.114581 0.067154 0.198522 0.051095 0.138408 0.091638 0.102210 0.112148 0.197429 0.173949 0.255112 0.127584 -0.074548 0.037454 -0.067503
-0.160616 -0.019676 0.194431 0.391378 0.540514 0.432265 0.028462 0.134643 0.488418 0.318387 0.060767 0.147517 -0.066431 0.169948 0.349944 0.597378 -0.242583 -0.058551 0.407000 0.100930 1.000000 0.743760 0.072791 0.020553 0.178110 0.160311 0.595544 0.235119 0.016466 0.168228 0.156191 0.174757 -0.303137 -0.216090 -0.025977 -0.079283 0.166188 0.062476 0.545038 0.111167 0.246435 0.455674 -0.217215 -0.183395 -0.272634 -0.185395 -0.001689 -0.301190 -0.106792 -0.173007 -0.279542 -0.164961 -0.076916 -0.189252 0.327173 0.155386 0.258851 -0.099210 0.049673 0.038931 -0.099995 -0.159719 -0.145222 -0.293474 -0.088157 -0.077769 -0.201823 -0.264460 -0.074400 -0.125010 0.262982 0.424892 0.035108 0.162550 -0.097982 0.137304 -0.078322 0.206931 -0.243137 0.015331 -0.294969 -0.314105 0.503220 0.633644 0.228415 0.106088 -0.153998 -0.216844 0.358552 0.163838 -0.044041 -0.356154 0.005176 -0.379288 0.040688 -0.040650 -0.143393 0.040388 -0.201315 -0.147690 -0.164689 -0.391476 -0.327118 -0.340637 -0.308628 -0.049432 -0.226297 -0.162645 0.184196 -0.144386 -0.359882 -0.389716 -0.112091 -0.262916 -0.099506 -0.103376
-0.355870 -0.076648 0.260844 0.358501 0.481880 0.382571 0.094658 0.134183 0.543829 0.282912 0.186184 0.180704 -0.072943 0.244010 0.373997 0.551990 -0.196536 -0.038399 0.338431 -0.085968 0.743760 1.000000 0.219262 0.099217 0.175978 0.312657 0.646448 0.421166 0.083254 0.188561 0.284844 0.333729 -0.197115 -0.051629 0.154280 -0.060578 0.191139 0.027371 0.508328 0.034270 0.500324 0.367080 -0.153655 -0.145375 -0.111598 -0.141752 -0.008829 -0.387189 0.061262 -0.002015 -0.037744 -0.106791 -0.106211 -0.154940 0.198299 0.121367 0.050122 -0.220817 -0.018342 -0.077118 -0.176870 -0.174004 -0.195702 -0.298061 0.075520 0.015625 -0.201648 -0.228181 -0.159629 -0.365997 0.197274 0.493664 0.047649 0.110755 -0.069985 0.106414 -0.120432 0.191593 -0.220741 0.006811 -0.393608 -0.321188 0.527279 0.568324 0.242074 0.206865 -0.036746 -0.089226 0.388144 0.060787 -0.219427 -0.525874 -0.163428 -0.440861 0.005972 -0.045847 -0.239140 -0.044481 -0.255369 -0.324626 -0.279033 -0.493955 -0.339170 -0.423740 -0.344709 -0.068405 -0.329312 -0.167718 0.086639 -0.128577 -0.490329 -0.472592 -0.144522 -0.315122 -0.043634 -0.054122
-0.102571 -0.160261 0.683570 0.480510 -0.000979 0.136171 0.461319 0.079023 0.251687 -0.067287 0.392336 0.134247 0.210892 0.027336 0.511202 0.110025 0.022301 0.017478 0.279311 -0.061716 0.072791 0.219262 1.000000 0.726599 0.233786 0.371884 0.256762 0.546902 0.188584 0.087633 0.477180 0.501144 0.001210 0.185237 0.388918 0.266959 -0.050725 -0.159124 0.235347 0.063443 0.135832 0.084269 -0.318705 -0.268806 -0.116160 -0.133295 -0.254208 -0.419053 -0.050982 -0.105938 0.039059 -0.259263 -0.382344 -0.172236 -0.197490 -0.064138 -0.142629 -0.268384 -0.379300 -0.506876 -0.209574 -0.471400 -0.192643 -0.293480 0.499871 -0.048102 -0.319368 -0.154487 -0.141897 -0.317611 -0.029207 0.218728 0.087596 0.127024 0.071753 0.041591 0.078177 0.101574 -0.105387 0.157331 -0.274758 -0.178287 0.299458 0.049259 0.421405 0.160492 0.235055 0.099323 0.367738 -0.108006 -0.591341 -0.341259 -0.238247 0.126021 -0.223304 -0.120625 -0.225570 -0.143783 -0.483548 -0.420861 -0.474828 -0.454281 -0.560223 -0.514478 -0.373632 -0.210121 -0.137235 -0.008981 -0.048884 -0.190140 -0.197252 -0.390898 -0.357722 -0.281739 -0.037873 -0.112366
-0.201819 -0.337948 0.543103 0.524375 -0.170181 -0.038222 0.295991 0.232248 0.123037 -0.051423 0.202790 0.002430 -0.044127 -0.085177 0.234467 -0.089008 -0.178267 -0.215751 -0.043712 -0.054909 0.020553 0.099217 0.726599 1.000000 0.084681 0.454194 0.018745 0.403589 -0.036790 -0.177578 0.345330 0.589820 -0.009083 0.279389 0.369912 0.501926 -0.133164 -0.091112 0.118311 0.153361 0.054110 -0.006096 -0.315226 -0.301751 -0.121207 -0.097242 -0.239847 -0.255221 -0.026629 -0.176769 0.097890 -0.165430 -0.376392 -0.083172 -0.302635 -0.164128 -0.141929 -0.307891 -0.491944 -0.482858 -0.302630 -0.348464 -0.326144 -0.369012 0.565703 0.212798 -0.294806 0.169796 -0.067676 -0.168393 -0.090731 0.086788 -0.155551 0.040279 0.056388 -0.087429 -0.025030 0.066864 -0.040630 0.024952 -0.386847 -0.311064 0.131024 -0.029072 0.255849 0.170098 0.239906 0.226746 0.221423 -0.231862 -0.277883 0.012070 0.170489 0.351508 0.057597 0.053445 -0.154127 0.010017 -0.440030 -0.293640 -0.153266 -0.350799 -0.421655 -0.396452 -0.253779 -0.067980 0.025851 0.008945 0.093286 0.025449 0.007243 -0.337463 -0.197103 -0.088646 0.103172 0.102550
-0.201676 -0.103174 0.024339 0.098709 0.418487 0.556737 -0.036595 -0.048150 0.220803 0.366215 -0.029877 -0.058452 -0.138227 -0.070671 0.107010 0.281953 -0.105584 -0.117280 -0.019424 -0.061474 0.178110 0.175978 0.233786 0.084681 1.000000 0.337795 0.268983 0.348394 -0.281467 -0.022509 0.018937 -0.049546 -0.197649 -0.242616 0.083494 0.114165 -0.011412 0.086778 0.070793 0.259885 -0.102550 0.101324 -0.114427 -0.036529 0.028885 0.080126 -0.043807 -0.040506 -0.003976 0.033784 -0.012073 -0.064636 -0.111723 -0.082750 0.070135 0.316622 -0.037423 -0.031632 -0.024249 -0.017751 -0.142442 -0.246702 -0.066809 -0.161414 -0.040717 -0.086998 -0.020197 -0.080518 0.109033 0.010289 0.031119 0.109180 -0.125160 0.029294 -0.089383 -0.048599 -0.007615 -0.000101 -0.121417 -0.014204 -0.218207 -0.151344 -0.025936 0.025368 0.035713 0.020917 0.036496 -0.165351 0.147226 0.272321 -0.299456 -0.200279 -0.054172 -0.129118 -0.224262 0.117032 0.347952 0.158202 -0.139764 -0.163540 -0.231342 -0.087341 -0.252800 -0.294011 -0.030584 0.105163 0.033009 0.039400 0.066601 -0.182896 0.133949 -0.118680 -0.044745 -0.162939 0.210461 -0.010964
-0.429403 -0.329718 0.214075 0.251610 0.250648 0.420797 -0.058371 0.130611 0.386771 0.314491 -0.090958 -0.269580 -0.310824 -0.029234 0.084788 0.194475 -0.270483 -0.255197 -0.168147 -0.318614 0.160311 0.312657 0.371884 0.454194 0.337795 1.000000 0.410301 0.639700 -0.279703 0.011498 0.253617 0.289130 -0.045034 0.074030 0.221717 0.502554 0.119988 0.104519 0.370720 0.339183 0.266860 0.241838 -0.193931 -0.169441 0.037682 0.065550 -0.164187 -0.174347 0.051310 -0.095828 0.183747 -0.185140 -0.322702 -0.106435 -0.078151 -0.055318 -0.146325 -0.271884 -0.288889 -0.328434 -0.262223 -0.273698 -0.247539 -0.436600 0.329332 0.230233 -0.094157 0.280755 0.152301 -0.101163 0.101898 0.115888 -0.274039 0.144378 -0.172824 0.159451 -0.184890 -0.070324 0.041412 -0.133544 -0.362102 -0.252841 -0.008910 -0.064764 0.055175 0.341925 -0.001726 0.163424 0.106001 -0.175650 -0.229349 0.010216 0.026004 0.146159 0.070461 0.104172 -0.133420 -0.024169 -0.332791 -0.301244 -0.063802 -0.267947 -0.287378 -0.253938 -0.175885 -0.051997 -0.052367 -0.052373 0.233176 0.038380 0.012812 -0.297876 -0.300102 -0.127504 0.008623 0.019129
-0.198070 -0.165486 0.286809 0.266402 0.668077 0.616150 0.130820 0.030435 0.630183 0.305129 0.063892 -0.112818 -0.082184 0.017433 0.436723 0.687593 -0.247122 -0.080052 0.387826 0.062250 0.595544 0.646448 0.256762 0.018745 0.268983 0.410301 1.000000 0.575296 -0.084123 0.184903 0.159669 0.030412 -0.239612 -0.271468 -0.077945 -0.117171 0.343115 -0.057193 0.815034 0.275680 0.291975 0.456294 -0.259849 -0.250134 -0.190294 -0.161538 -0.088396 -0.359440 -0.067183 -0.140895 -0.093258 -0.268380 -0.134517 -0.228729 0.414243 0.234909 0.005281 -0.237801 0.052620 0.000943 -0.151099 -0.379849 -0.113430 -0.402239 -0.033835 -0.186902 -0.025626 -0.195296 -0.070901 -0.021881 0.363541 0.432605 0.031547 0.144847 -0.246453 0.129429 -0.296060 0.019832 -0.291961 -0.114611 -0.329021 -0.318621 0.398136 0.383919 0.255207 0.277590 -0.321849 -0.224102 0.472572 0.218630 -0.190835 -0.316895 -0.159058 -0.207785 -0.017436 0.096729 -0.220401 -0.038020 -0.260290 -0.224420 -0.287166 -0.399320 -0.340728 -0.257252 -0.309835 -0.054644 -0.366035 -0.147473 0.073131 -0.082629 -0.389904 -0.473752 -0.400618 -0.496006 -0.175772 -0.164978
-0.217832 -0.198921 0.352818 0.196701 0.282661 0.465629 -0.037883 -0.174451 0.316951 0.207780 0.067315 -0.159146 -0.187390 -0.035028 0.379003 0.308535 -0.155239 -0.048448 0.119349 -0.159774 0.235119 0.421166 0.546902 0.403589 0.348394 0.639700 0.575296 1.000000 -0.069855 0.029365 0.208173 0.180269 -0.115379 -0.105453 0.320083 0.177052 0.204983 0.084156 0.492646 0.343855 0.242699 0.238021 -0.164831 -0.126954 -0.111876 -0.105749 -0.119461 -0.233017 0.047995 -0.076473 0.181580 -0.235783 -0.308035 -0.185021 0.071878 0.130362 -0.202494 -0.159802 -0.142372 -0.369937 -0.274155 -0.487957 -0.276610 -0.469703 0.254852 0.005557 -0.050563 0.025340 0.107779 -0.187789 0.062836 0.177816 -0.067021 0.124120 -0.146006 0.071513 -0.118392 0.099206 -0.100165 -0.024703 -0.367538 -0.219860 0.136031 -0.004909 0.189624 0.267121 0.013574 0.102783 0.350112 0.055210 -0.485381 -0.230199 -0.191717 0.089902 -0.060766 0.171304 0.062843 -0.008700 -0.307394 -0.255690 -0.359796 -0.321778 -0.396404 -0.288403 -0.274753 -0.099254 -0.249128 0.009600 0.150685 -0.017830 -0.086449 -0.341627 -0.266945 -0.235660 -0.085631 -0.091488
0.234157 0.248962 0.177980 0.118569 -0.273915 -0.268041 0.241829 0.052874 0.014159 -0.104638 0.494247 0.598919 0.505016 0.517458 0.467840 0.104479 0.468782 0.525576 0.325373 -0.041278 0.016466 0.083254 0.188584 -0.036790 -0.281467 -0.279703 -0.084123 -0.069855 1.000000 0.566473 0.496343 0.422598 0.111095 0.278014 0.140418 -0.235751 0.166983 0.105088 -0.077687 -0.217609 0.292427 0.065196 -0.251378 -0.271816 -0.437016 -0.535297 -0.265311 -0.474413 -0.317345 -0.303150 -0.235374 -0.277020 -0.032730 -0.213419 -0.095731 -0.214371 0.049493 -0.047383 -0.130528 -0.315185 0.265011 0.080853 0.294878 0.303894 0.122140 0.036088 -0.420635 -0.475233 -0.219995 -0.516086 0.133999 0.298684 0.727270 0.330545 0.449022 0.287810 0.420399 0.216057 0.195118 0.403869 0.406538 0.342781 0.301749 0.216767 0.346750 0.073731 0.250082 0.190598 0.054155 -0.146758 -0.305720 -0.418426 -0.342713 -0.369460 -0.123323 -0.216658 -0.374530 -0.117129 -0.135988 -0.201769 -0.290322 -0.280016 -0.091470 -0.194541 -0.128493 -0.173627 -0.256482 0.021214 -0.080353 -0.292228 -0.383249 -0.093206 -0.131159 0.094376 -0.004961 -0.046687
0.022284 0.375995 -0.035112 0.270485 -0.005576 0.132342 0.224131 0.265684 0.137248 0.157335 0.150698 0.511735 0.336694 0.624179 0.291004 0.388911 0.413599 0.566084 0.208961 -0.123047 0.168228 0.188561 0.087633 -0.177578 -0.022509 0.011498 0.184903 0.029365 0.566473 1.000000 0.560831 0.381370 -0.014349 0.077605 -0.138907 -0.118704 0.284433 0.422619 0.111178 0.075448 0.335667 0.430096 -0.303323 -0.160462 -0.410689 -0.460549 -0.223880 -0.386780 -0.361283 -0.300893 -0.341583 -0.308403 -0.247776 -0.313475 -0.122881 0.015326 -0.012044 -0.103943 -0.153926 -0.298416 0.234961 0.115534 0.366595 0.266581 -0.050297 -0.176382 -0.514462 -0.592277 -0.114872 -0.444860 0.513820 0.520151 0.710596 0.670179 0.384756 0.698381 0.395222 0.214096 0.287704 0.406476 0.262161 0.327921 0.129088 0.296185 0.067801 0.248119 0.213010 0.295948 -0.128187 -0.148257 -0.297440 -0.533235 -0.365538 -0.538863 -0.263090 -0.183812 -0.363827 -0.149088 -0.152534 -0.344738 -0.322335 -0.334092 -0.160696 -0.339807 -0.185186 -0.275085 -0.246864 -0.077802 -0.173505 -0.419086 -0.353140 -0.217638 -0.343500 -0.147823 -0.133104 -0.096968
-0.092415 0.131143 0.394462 0.404030 -0.135687 -0.046603 0.430462 0.246006 0.133328 -0.139387 0.336917 0.400989 0.308204 0.386879 0.362714 0.171956 0.335608 0.365540 0.257484 -0.101389 0.156191 0.284844 0.477180 0.345330 0.018937 0.253617 0.159669 0.208173 0.496343 0.560831 1.000000 0.839182 0.115937 0.414360 0.174946 0.150755 0.016579 0.211303 0.116251 0.113551 0.225197 0.220033 -0.375358 -0.341746 -0.318140 -0.379556 -0.355333 -0.478145 -0.318547 -0.290856 -0.261962 -0.339500 -0.434143 -0.341632 -0.291853 -0.200639 -0.075405 -0.198502 -0.379232 -0.476136 0.051392 -0.141735 0.165892 0.143093 0.205304 -0.001465 -0.463757 -0.327420 -0.070363 -0.432863 0.390405 0.597068 0.505841 0.431396 0.241745 0.415472 0.392703 0.297275 0.211655 0.346519 -0.010893 0.083682 0.126099 0.101034 0.141822 0.113480 0.243655 0.207893 -0.040928 -0.316225 -0.460818 -0.407799 -0.417340 -0.297263 -0.203578 -0.093028 -0.382930 -0.103439 -0.369622 -0.555296 -0.458033 -0.520863 -0.402826 -0.570104 -0.334966 -0.289143 -0.194117 -0.204503 -0.021934 -0.259284 -0.233554 -0.371290 -0.485358 -0.289404 -0.084126 -0.093153
-0.258481 -0.026967 0.375689 0.530085 -0.223020 -0.110333 0.357205 0.343874 0.123000 -0.099044 0.347958 0.432313 0.195953 0.385163 0.333566 0.088990 0.169926 0.168189 0.155123 -0.137608 0.174757 0.333729 0.501144 0.589820 -0.049546 0.289130 0.030412 0.180269 0.422598 0.381370 0.839182 1.000000 0.091001 0.506842 0.260546 0.283851 -0.060842 0.204182 0.054954 0.108300 0.292248 0.210432 -0.326674 -0.301739 -0.249322 -0.319763 -0.299898 -0.437525 -0.223078 -0.284378 -0.159530 -0.268238 -0.423493 -0.245015 -0.395704 -0.233585 -0.078723 -0.292067 -0.538104 -0.522471 -0.159517 -0.102528 0.000103 -0.004299 0.321402 0.199784 -0.528380 -0.177809 -0.165105 -0.492331 0.210360 0.525830 0.332896 0.318422 0.261262 0.260781 0.253681 0.264042 0.160232 0.271352 -0.138526 -0.065517 0.220604 0.210025 0.219840 0.186069 0.308004 0.299680 0.024569 -0.362054 -0.362507 -0.350895 -0.193457 -0.202779 -0.044142 -0.060293 -0.355091 -0.006120 -0.413804 -0.503764 -0.343109 -0.573428 -0.456335 -0.594219 -0.357184 -0.180174 -0.119837 -0.170963 0.014899 -0.196512 -0.229361 -0.414445 -0.329894 -0.194089 0.041577 0.007516
0.316338 0.249604 0.152080 -0.076246 -0.319624 -0.301306 0.238235 0.087054 -0.305346 -0.240143 0.110153 -0.023592 0.124511 0.038393 -0.149064 -0.277325 0.332104 0.182076 -0.033458 -0.122813 -0.303137 -0.197115 0.001210 -0.009083 -0.197649 -0.045034 -0.239612 -0.115379 0.111095 -0.014349 0.115937 0.091001 1.000000 0.614236 0.144952 0.038118 -0.110265 -0.094672 -0.294212 -0.127406 -0.023141 -0.066890 -0.122689 -0.052957 -0.025535 -0.065997 -0.243702 -0.174244 -0.091799 0.026996 0.118361 -0.067761 -0.033701 -0.132524 -0.186267 -0.296231 0.112611 0.170220 -0.072973 -0.125146 0.390170 0.269527 0.380441 0.471881 0.125367 0.218417 0.146794 0.001316 -0.152454 -0.228965 -0.250813 -0.151852 0.094891 0.022754 0.189386 -0.140278 -0.001352 -0.170788 0.236381 0.060537 0.319410 0.258140 -0.153878 -0.197117 0.049615 0.031140 0.044908 0.026569 -0.097766 -0.130500 -0.205548 -0.164161 -0.266686 -0.153350 -0.168355 -0.073279 -0.048824 -0.254697 -0.116777 -0.114278 -0.167249 -0.054072 0.036153 -0.106484 0.040984 -0.235934 -0.151966 -0.093799 -0.268211 -0.155826 -0.098967 0.052873 -0.072236 0.122535 0.006641 -0.082369
0.078090 0.140385 0.224723 0.190682 -0.446979 -0.379111 0.252596 0.199605 -0.214556 -0.296913 0.282246 0.171849 0.196600 0.181184 -0.005081 -0.281431 0.279465 0.226147 -0.050752 -0.033660 -0.216090 -0.051629 0.185237 0.279389 -0.242616 0.074030 -0.271468 -0.105453 0.278014 0.077605 0.414360 0.506842 0.614236 1.000000 0.235198 0.288625 -0.095047 -0.091335 -0.204832 -0.039714 0.062581 -0.089996 -0.203611 -0.222506 -0.075778 -0.149543 -0.338114 -0.289580 -0.188410 -0.163176 0.008839 -0.193418 -0.178637 -0.187664 -0.303080 -0.419031 0.041188 0.070236 -0.385185 -0.356728 0.180590 0.173986 0.290331 0.377197 0.293374 0.371021 -0.111147 0.054353 -0.192950 -0.263432 -0.204485 0.010858 0.151774 0.041609 0.187504 -0.043966 0.093728 0.059248 0.305524 0.213538 0.241386 0.234384 -0.060227 -0.060281 0.188714 0.074630 0.131626 0.216305 -0.114194 -0.356048 -0.283152 -0.241711 -0.257489 -0.163827 -0.001325 -0.065071 -0.197446 -0.164238 -0.310689 -0.336385 -0.285134 -0.346999 -0.211312 -0.312025 -0.110752 -0.175800 -0.061014 -0.114330 -0.112838 -0.082471 -0.064201 -0.050335 -0.175304 0.075200 0.034653 -0.002583
-0.107532 -0.080695 0.259265 0.035184 -0.265029 -0.103809 -0.106228 -0.186310 -0.104954 -0.190100 0.232167 0.077844 -0.069184 -0.044948 0.057745 -0.245003 0.131972 0.077885 -0.004557 -0.187550 -0.025977 0.154280 0.388918 0.369912 0.083494 0.221717 -0.077945 0.320083 0.140418 -0.138907 0.174946 0.260546 0.144952 0.235198 1.000000 0.378445 -0.098484 0.094912 -0.004037 0.146688 0.087597 -0.024043 -0.056681 -0.079267 0.037711 -0.018660 -0.191810 -0.198888 0.037904 -0.060555 0.228509 -0.065761 -0.295029 -0.061545 -0.140508 -0.268770 0.029223 0.012477 -0.330500 -0.381395 -0.157208 -0.227712 -0.139692 -0.059488 0.354137 0.272054 -0.029892 0.229171 -0.023423 -0.184687 -0.209775 -0.019702 0.051963 0.013634 0.074175 -0.115353 0.219544 0.213907 0.128726 0.328665 -0.090901 0.006644 -0.106041 -0.169334 0.212539 0.034088 0.134501 0.069937 0.089104 -0.209589 -0.368964 -0.153202 -0.171784 0.094401 0.024992 0.000123 -0.003027 -0.006743 -0.313444 -0.192558 -0.260999 -0.191620 -0.290139 -0.163103 -0.126581 0.048999 0.042264 0.082025 -0.014974 0.046091 0.135371 -0.065073 -0.094502 0.137874 0.133416 0.026516
-0.260998 -0.297009 0.067362 0.137084 -0.105028 -0.027645 -0.120716 -0.004594 -0.048378 -0.030917 0.033698 -0.152316 -0.138641 -0.046462 -0.123358 -0.224271 -0.140265 -0.282381 -0.292008 -0.081697 -0.079283 -0.060578 0.266959 0.501926 0.114165 0.502554 -0.117171 0.177052 -0.235751 -0.118704 0.150755 0.283851 0.038118 0.288625 0.378445 1.000000 -0.022068 0.153432 0.049766 0.287881 -0.054899 0.024505 -0.115733 -0.108959 0.178439 0.292277 -0.201487 -0.006499 0.032269 -0.165901 0.064012 -0.121628 -0.362622 -0.039870 -0.255008 -0.184451 0.011903 -0.098495 -0.398325 -0.389482 -0.284385 -0.240684 -0.269171 -0.233820 0.238505 0.245323 -0.038703 0.551433 0.068922 0.049898 -0.132196 -0.084992 -0.236313 -0.022417 -0.099420 -0.026386 -0.013165 0.039731 0.158187 -0.011958 -0.183462 -0.104171 -0.189798 -0.186628 0.019248 0.136213 0.127947 0.257104 -0.059432 -0.362586 -0.110957 0.181619 0.119365 0.306423 0.178515 0.149662 0.013662 0.098803 -0.266303 -0.139778 -0.045406 -0.153622 -0.196709 -0.093954 0.024094 0.129111 0.326765 0.064464 0.214517 0.177875 0.323789 -0.034648 -0.119989 0.054889 0.176855 0.138371
