1.000000 0.482046 -0.182213 -0.236581 -0.309834 -0.532198 -0.116575 -0.370317 -0.289450 -0.566898 0.112671 -0.005473 -0.067032 -0.034163 -0.142183 -0.107985 0.512231 0.535343 0.125694 0.322945 -0.307475 -0.047369 -0.139354 -0.508524 -0.236880 -0.591660 -0.264253 -0.541608 0.413013 0.409331 -0.052542 0.032167 0.257119 -0.000744 -0.346255 -0.397724 0.445737 0.185566 0.097355 -0.115484 0.272381 0.364089 0.263936 0.105902 0.242245 0.062334 0.242596 0.089663 0.260177 0.194429 0.095159 0.029582 0.094482 0.065942 0.205473 0.251143 0.464409 0.402035 -0.056118 -0.181771 0.019944 -0.355839 0.461944 0.449799 -0.430519 -0.534318 -0.319373 -0.493905 0.048172 -0.262767 0.098202 0.026135 0.383726 0.281135 0.153547 0.128948 0.445184 0.351720 0.195209 0.207963 0.302680 0.439873 0.038708 0.197180 -0.148201 -0.111980 -0.057508 -0.116073 -0.200951 -0.147999 0.058463 0.156797 -0.159679 -0.042588 -0.162881 -0.111178 0.068555 -0.154534 0.374425 0.400719 0.008364 -0.060513 0.007940 -0.110201 -0.167068 -0.102532 -0.231246 -0.072564 -0.071458 0.063668 0.006091 0.207984 0.002365 -0.156848 -0.223335 -0.000968
0.482046 1.000000 -0.361159 -0.173812 -0.127647 -0.048979 -0.242338 -0.136483 0.030952 -0.168815 -0.126551 0.116530 -0.118024 0.150510 -0.254836 -0.067058 0.444340 0.350957 0.166853 0.358867 -0.477512 -0.050359 -0.521921 -0.553760 -0.379184 -0.450994 0.003151 -0.149600 0.054931 0.248119 -0.330407 -0.200053 0.118293 0.131212 -0.370537 -0.249420 0.090434 0.072353 -0.075541 0.154493 0.011479 0.079584 -0.170706 -0.230907 -0.135923 -0.232963 -0.073415 -0.093391 -0.018462 -0.051840 -0.024264 0.066327 0.243887 0.072947 0.128705 0.105223 0.589458 0.663239 -0.096838 0.072011 0.079687 -0.042514 0.321556 0.413275 -0.502398 -0.252849 -0.309413 -0.263058 0.482445 0.237079 0.184600 -0.017240 0.113110 0.136593 0.029199 0.052870 0.333351 0.234317 0.068286 0.167853 0.240862 0.203533 -0.337642 -0.153755 -0.326217 -0.190848 -0.405031 -0.229122 -0.269964 0.105306 0.170541 0.034186 0.061773 -0.103437 0.147077 0.085254 0.161253 0.256268 0.233731 0.442598 0.266105 -0.050054 0.151170 0.040446 -0.023983 0.155916 0.012299 0.156223 0.089688 0.280921 0.128494 0.277598 0.287758 -0.085606 0.131745 0.082236
-0.182213 -0.361159 1.000000 0.117272 0.268800 0.103016 0.731490 0.136588 0.220319 -0.031547 0.070877 -0.223230 0.118375 -0.216995 0.078185 -0.309681 -0.422669 -0.368846 0.158814 -0.323450 0.279256 -0.023732 0.559503 0.358554 0.355799 0.229382 0.151650 0.133891 -0.225633 -0.310345 0.543543 0.264739 0.107858 -0.021160 0.366246 -0.023855 -0.260702 -0.312083 -0.112472 -0.377546 -0.200367 -0.110947 0.103409 0.111188 0.085529 0.080594 0.070323 0.082924 0.114445 0.001968 0.211738 0.091853 0.035507 0.146734 -0.077731 -0.034161 -0.525333 -0.302889 0.086571 -0.090307 0.247365 -0.083076 -0.291837 -0.251003 0.349664 -0.066435 0.193800 0.158632 -0.267818 -0.183859 -0.037931 0.254627 -0.208970 -0.085118 -0.068786 -0.027941 -0.212389 -0.072953 -0.238073 -0.211653 -0.509248 -0.382233 0.015947 -0.257717 0.295658 0.079452 0.056221 0.150872 0.172509 0.177960 -0.409565 0.054491 -0.137446 0.019114 -0.342794 -0.174798 -0.217689 -0.329567 -0.343593 -0.429586 -0.193007 -0.113653 -0.184855 -0.101589 -0.031085 -0.253386 -0.081925 -0.090455 -0.052511 -0.109068 -0.022969 -0.272326 -0.323170 -0.046623 -0.310023 -0.118645
-0.236581 -0.173812 0.117272 1.000000 -0.088390 0.162080 0.185992 0.311329 -0.155334 -0.002090 0.336641 0.315464 0.236426 0.382690 0.151177 0.320925 -0.101326 -0.213262 0.263441 0.012263 -0.075791 -0.421447 0.036160 0.289428 0.089615 0.096291 0.084244 0.340093 -0.209732 -0.307444 -0.107995 -0.097787 -0.003910 -0.114155 0.183063 -0.094354 -0.276440 -0.256400 -0.270486 -0.291362 -0.384238 -0.508153 -0.181374 -0.064718 -0.236883 -0.264718 -0.083272 0.002500 -0.256206 -0.207161 -0.117510 -0.096587 -0.065858 -0.104865 -0.008884 -0.247199 -0.413564 -0.448491 0.044483 -0.017685 -0.034535 0.089068 -0.260116 -0.243209 0.318355 0.279160 0.072387 -0.028893 0.133683 0.178457 -0.219059 -0.346853 -0.191315 -0.202339 -0.027433 -0.206668 -0.161435 -0.198030 -0.168811 -0.255170 -0.146543 -0.300904 0.257835 0.191581 0.401273 0.415426 0.106469 0.666616 0.354235 0.247630 0.108738 -0.073363 0.197165 0.007855 -0.083203 0.294278 0.273191 -0.002710 -0.354661 -0.148903 -0.077453 -0.205313 -0.086495 0.177587 0.216563 -0.132643 -0.299388 -0.359755 0.037148 -0.189432 0.239630 0.144824 0.018858 0.323997 -0.138329 -0.326912
-0.309834 -0.127647 0.268800 -0.088390 1.000000 0.693167 0.185928 0.135283 0.806919 0.378800 -0.013666 -0.248258 0.102501 -0.177304 0.107420 -0.266124 -0.252084 -0.281662 0.088584 -0.215088 -0.032634 -0.057657 0.222703 0.084681 0.405277 0.437235 0.739447 0.548296 -0.253506 -0.280527 0.039390 -0.017492 -0.243237 -0.093377 0.093175 0.141735 -0.087828 -0.276755 -0.074246 -0.275530 -0.045906 -0.030355 -0.115964 -0.178522 0.111578 -0.054105 -0.146155 -0.106429 -0.018896 -0.069446 -0.101443 0.003837 -0.069477 -0.024511 -0.320209 -0.151381 -0.156335 -0.023444 0.191599 0.248913 0.212154 0.209107 -0.131431 0.055155 0.040153 0.048012 -0.060921 0.021929 0.022796 0.111167 -0.084446 -0.177963 -0.205546 -0.052685 -0.022108 -0.063725 -0.181546 -0.072781 -0.177636 -0.198797 -0.385329 -0.251787 -0.061444 -0.414721 0.010480 -0.037950 -0.216094 -0.267139 -0.121939 0.071381 0.107077 0.018364 0.154208 0.292574 -0.013795 -0.006827 -0.278409 -0.079871 -0.121043 -0.237180 -0.039129 0.104300 0.198423 0.146103 0.015872 0.123073 0.204161 0.000136 -0.232877 0.060828 -0.022207 -0.036305 0.052932 -0.203728 0.092288 0.091167
-0.532198 -0.048979 0.103016 0.162080 0.693167 1.000000 0.033552 0.481331 0.734628 0.717847 -0.054661 0.056628 0.199378 0.199738 0.054948 0.083010 -0.411253 -0.489957 0.069218 -0.153857 -0.166045 -0.103812 -0.117213 0.215930 0.136266 0.582617 0.651257 0.695782 -0.413324 -0.422287 -0.210438 -0.218747 -0.295144 0.121738 0.111912 0.408732 -0.442261 -0.481441 -0.141216 -0.067589 -0.197566 -0.370450 -0.381033 -0.250957 -0.121204 -0.136203 -0.370957 -0.196777 -0.292310 -0.251347 -0.350891 -0.087975 -0.104298 -0.163908 -0.369974 -0.255970 -0.254828 -0.200373 0.287252 0.470372 0.221967 0.608759 -0.368772 -0.185185 0.072699 0.502612 0.087232 0.299682 0.284693 0.443819 -0.274515 -0.406675 -0.386994 -0.332597 -0.257610 -0.327587 -0.416156 -0.326579 -0.457623 -0.335414 -0.407154 -0.554076 -0.276111 -0.373642 -0.028112 -0.010928 -0.253471 -0.098784 0.087074 0.369668 0.233272 -0.146741 0.302407 0.122621 0.306191 0.105334 -0.096378 0.074580 -0.288744 -0.197360 0.051222 -0.151888 0.024596 0.242006 0.204967 0.246951 0.171522 0.015928 -0.085265 -0.000651 0.068455 0.018799 0.107755 -0.044859 0.251683 0.108363
-0.116575 -0.242338 0.731490 0.185992 0.185928 0.033552 1.000000 0.297357 0.081108 0.024057 0.051148 -0.140612 0.138190 -0.129738 0.003050 -0.216480 -0.165632 -0.128129 0.279016 -0.064916 0.131836 -0.239103 0.358800 0.100834 0.094269 0.075081 -0.086388 -0.050253 0.073979 -0.059409 0.515051 0.399251 0.299453 0.140068 0.209520 -0.207107 -0.304656 -0.434784 -0.385039 -0.583602 -0.309346 -0.140821 0.017264 -0.045178 -0.102259 -0.141993 0.062812 0.060347 0.001708 -0.090980 0.079415 0.024531 -0.096246 0.091015 -0.221963 -0.132525 -0.414443 -0.253041 -0.043574 -0.172612 0.215245 -0.086596 -0.123067 -0.073263 0.184170 -0.166580 0.019040 -0.120768 -0.210815 -0.216028 0.180917 0.131827 0.039111 0.159129 0.127531 0.028849 0.082659 0.225268 -0.093084 -0.014478 -0.350406 -0.133783 0.184388 -0.115429 0.296123 0.061456 0.029779 0.163231 0.063951 0.084960 -0.294826 0.132110 -0.108707 0.075571 -0.397550 0.098428 -0.178244 -0.219245 -0.213131 -0.281304 -0.123248 -0.032295 -0.069137 0.105571 0.031030 -0.302570 -0.223150 -0.197456 -0.030127 -0.083841 -0.000844 -0.042182 -0.137821 0.145147 -0.296636 -0.299585
-0.370317 -0.136483 0.136588 0.311329 0.135283 0.481331 0.297357 1.000000 0.213911 0.558002 -0.154008 0.315804 0.077974 0.380313 -0.170215 0.178345 -0.323446 -0.430790 -0.042837 -0.166343 -0.037965 -0.000187 -0.372807 0.154839 -0.208636 0.422244 0.065844 0.290514 -0.282556 -0.204622 -0.076933 0.234911 0.081576 0.341084 0.249170 0.163862 -0.490900 -0.438758 -0.196440 -0.178303 -0.134061 -0.304471 -0.425174 -0.197349 -0.264701 -0.230266 -0.368962 -0.354640 -0.318760 -0.411545 -0.358623 -0.262773 -0.120677 -0.323468 -0.148881 -0.303575 -0.350160 -0.466186 0.109297 0.258352 0.270521 0.614471 -0.219382 -0.094614 0.170448 0.648553 0.144771 0.241070 -0.084726 0.079886 -0.130145 -0.177556 -0.190739 -0.231648 -0.223304 -0.244002 -0.212492 -0.029443 -0.325506 -0.235102 -0.313441 -0.441327 -0.265925 -0.203117 0.092281 0.278551 -0.095434 0.145867 0.277293 0.352784 -0.062171 -0.223467 0.243485 -0.078545 0.100991 0.089225 -0.151325 -0.062152 -0.309417 -0.289407 0.096920 -0.190632 -0.035227 0.169470 0.256077 0.024178 -0.018973 -0.125701 -0.153041 -0.094528 -0.237751 0.058360 0.075437 0.022192 0.059781 -0.110599
-0.289450 0.030952 0.220319 -0.155334 0.806919 0.734628 0.081108 0.213911 1.000000 0.520328 -0.168829 -0.163519 0.153903 -0.111521 0.104898 -0.103052 -0.281357 -0.351616 -0.096735 -0.211239 -0.103446 -0.015368 -0.017468 -0.020173 0.279483 0.422904 0.691765 0.506515 -0.296749 -0.269185 -0.075522 -0.138452 -0.284715 -0.008898 0.139197 0.236239 -0.247750 -0.254934 -0.144851 -0.113977 -0.104100 -0.152743 -0.291406 -0.272137 -0.025258 -0.130942 -0.354326 -0.262997 -0.173493 -0.290041 -0.215920 -0.054265 0.039830 -0.089621 -0.325804 -0.247883 0.030320 0.129343 0.294991 0.396397 0.396984 0.409204 -0.158579 0.034864 0.074217 0.228481 -0.042099 0.111485 0.208199 0.239693 -0.158539 -0.153105 -0.222867 -0.029863 -0.050960 -0.115714 -0.056427 -0.049113 -0.379213 -0.200148 -0.428765 -0.319231 -0.249594 -0.526578 -0.096771 -0.044664 -0.349920 -0.289093 0.066460 0.228394 0.055305 -0.045028 0.122216 0.254231 0.129795 0.005357 -0.285875 0.028629 -0.150401 -0.072714 0.077100 0.007567 0.192246 0.165945 0.054861 0.179242 0.218219 0.093552 -0.159799 0.054637 -0.083187 0.030172 0.047593 -0.196320 0.111338 0.143060
-0.566898 -0.168815 -0.031547 -0.002090 0.378800 0.717847 0.024057 0.558002 0.520328 1.000000 -0.125003 -0.038077 0.187310 0.122959 0.200949 0.234239 -0.481309 -0.546775 -0.183617 -0.206026 -0.203531 -0.077602 -0.221957 0.226837 -0.106574 0.452189 0.123637 0.258847 -0.360368 -0.375801 -0.269643 -0.216909 -0.300617 0.139218 0.161409 0.400437 -0.429635 -0.408268 -0.182123 0.012086 -0.250246 -0.334163 -0.342550 -0.325080 -0.193228 -0.186902 -0.294614 -0.266050 -0.253157 -0.306761 -0.312761 -0.086659 -0.030693 -0.096971 -0.227465 -0.182527 -0.174759 -0.173463 0.347162 0.548082 0.297275 0.777578 -0.332341 -0.164606 0.064561 0.575722 0.259862 0.316013 0.132738 0.400595 -0.102044 -0.191214 -0.376576 -0.200475 -0.256345 -0.204817 -0.312987 -0.246796 -0.471392 -0.271872 -0.370756 -0.454887 -0.194666 -0.420299 -0.023490 -0.089819 -0.140097 -0.208691 0.288918 0.412763 0.211761 -0.092677 0.231404 0.107389 0.310148 0.182038 -0.182501 0.067620 -0.171861 -0.172536 0.258170 -0.107672 0.091624 0.181575 0.162355 0.213623 0.114978 0.017681 -0.058234 -0.062444 -0.127676 -0.038351 0.023083 0.038348 0.254179 0.086952
0.112671 -0.126551 0.070877 0.336641 -0.013666 -0.054661 0.051148 -0.154008 -0.168829 -0.125003 1.000000 0.101440 0.517217 0.228127 0.386276 0.108186 -0.154995 -0.140675 0.069833 0.164820 -0.070251 -0.266688 0.349725 0.380060 0.214500 -0.071269 0.056841 0.059410 -0.017999 -0.237766 -0.210988 -0.253928 -0.242341 -0.106720 -0.049902 0.067511 -0.131859 -0.233647 -0.222178 -0.246572 -0.194758 -0.257278 0.016058 -0.007463 0.063676 -0.056139 0.041341 -0.026601 -0.024513 0.003919 -0.041683 0.013306 0.058393 0.037743 -0.067257 -0.104730 -0.339311 -0.137604 0.192178 0.149401 -0.193871 -0.067105 -0.189606 -0.084438 0.184202 -0.039408 0.116881 -0.104584 0.108899 0.124986 -0.160380 -0.069352 -0.168729 -0.241494 -0.123909 0.018650 -0.237237 -0.340981 -0.111888 -0.143262 -0.112464 -0.162139 0.422562 0.222272 0.362231 0.090024 0.171266 0.308493 0.207314 0.053594 0.064646 -0.055636 0.078163 0.097001 0.014550 0.058897 0.075560 -0.068674 -0.156396 -0.142547 -0.010177 -0.013949 0.030910 0.037265 -0.052631 0.046914 -0.018120 0.147341 -0.128069 -0.190840 0.013147 0.034226 -0.144683 0.186871 -0.021632 -0.075320
-0.005473 0.116530 -0.223230 0.315464 -0.248258 0.056628 -0.140612 0.315804 -0.163519 -0.038077 0.101440 1.000000 0.257971 0.717737 -0.191855 0.446220 0.017199 0.125179 -0.023695 0.064336 -0.040306 -0.110096 -0.293166 -0.064746 -0.114068 0.080921 -0.039879 0.095425 0.157880 0.228112 -0.062065 0.086936 0.103805 0.177589 -0.100273 0.003930 -0.062733 0.006239 0.052687 0.092595 0.155895 -0.029234 -0.305439 -0.069376 -0.288899 -0.159093 -0.322944 -0.303153 -0.219267 -0.234759 -0.236753 -0.132972 0.066281 -0.138543 0.030984 -0.118558 -0.140707 -0.292100 -0.059008 -0.183647 -0.038191 0.064373 0.177461 0.158182 -0.068053 0.189233 -0.093796 0.007576 0.058343 0.036226 -0.032356 -0.053679 0.122478 -0.148026 -0.072916 -0.083962 -0.012401 -0.070554 0.002450 -0.112078 0.263787 0.014240 -0.105807 0.352637 -0.184842 0.348436 -0.096070 0.033360 -0.180725 -0.020561 -0.142274 -0.263717 0.049038 -0.060802 0.142791 0.057925 0.069643 0.080170 -0.158941 -0.065260 -0.070021 -0.173266 -0.126363 -0.149609 -0.000755 -0.108298 -0.084586 -0.015538 -0.030629 -0.118929 -0.056411 -0.053945 -0.090112 -0.092147 -0.023195 -0.136789
-0.067032 -0.118024 0.118375 0.236426 0.102501 0.199378 0.138190 0.077974 0.153903 0.187310 0.517217 0.257971 1.000000 0.447754 0.562529 0.444123 -0.305958 -0.237674 -0.011352 0.069301 -0.213951 -0.307663 0.156162 0.223462 0.040475 0.192351 0.020623 0.108567 0.078846 -0.173008 -0.187004 -0.236108 -0.245714 -0.046217 -0.098455 0.091155 -0.232824 -0.468699 -0.140182 -0.158322 -0.125934 -0.247022 -0.212530 -0.177133 -0.098591 -0.235184 -0.232856 -0.234992 -0.230886 -0.375539 -0.266359 -0.330403 0.139147 -0.100959 -0.103066 -0.358656 -0.332941 -0.221416 0.560454 0.223613 0.284083 0.281721 -0.002732 0.030059 0.072825 0.084849 0.271091 -0.148862 0.170803 0.321118 -0.062501 -0.096283 -0.088628 -0.165866 -0.212400 -0.067493 -0.122655 -0.250099 -0.385935 -0.198206 -0.209233 -0.261052 0.234184 0.081207 0.067007 0.195477 -0.172977 -0.018489 0.274573 0.140978 0.011268 -0.093756 0.202764 0.312169 0.064413 0.105015 0.041526 -0.045388 -0.342381 -0.187986 0.142997 -0.046345 -0.010967 0.081175 -0.180957 -0.113361 -0.110564 -0.097931 -0.122312 -0.246746 0.075925 -0.099042 -0.130077 0.147534 -0.047342 -0.148967
-0.034163 0.150510 -0.216995 0.382690 -0.177304 0.199738 -0.129738 0.380313 -0.111521 0.122959 0.228127 0.717737 0.447754 1.000000 0.042631 0.578924 -0.128151 -0.133513 0.009203 0.029347 -0.310150 -0.222453 -0.293978 0.050511 -0.233796 0.205256 -0.071292 0.110038 -0.028942 0.043436 -0.360950 -0.037077 -0.076689 0.179726 -0.090119 0.149182 -0.234929 -0.289085 -0.044620 0.043877 -0.126109 -0.274857 -0.343023 -0.140785 -0.147113 -0.193657 -0.288750 -0.233351 -0.131488 -0.230536 -0.212988 -0.080999 0.197951 -0.065605 0.070537 -0.065121 -0.273971 -0.360164 0.351256 0.178136 -0.014241 0.371774 0.035946 -0.028563 -0.242457 0.251992 0.170884 0.057616 0.228877 0.316100 -0.085934 -0.231808 -0.057346 -0.281954 -0.204226 -0.224552 -0.187312 -0.213892 -0.228660 -0.247406 0.002019 -0.213564 -0.157029 0.259008 -0.150334 0.078019 -0.142477 0.084347 0.025992 0.261834 0.028721 -0.253135 0.119636 -0.049046 0.177498 0.003102 0.195551 0.094179 -0.176485 -0.199481 0.074755 -0.282946 -0.259582 0.047761 -0.056727 -0.250226 -0.121218 -0.132927 -0.169090 -0.313805 0.149085 -0.048069 0.107149 0.092003 -0.083637 -0.227914
-0.142183 -0.254836 0.078185 0.151177 0.107420 0.054948 0.003050 -0.170215 0.104898 0.200949 0.386276 -0.191855 0.562529 0.042631 1.000000 0.494598 -0.297222 -0.240967 -0.237912 0.078167 0.037619 -0.237748 0.283719 0.452096 0.138593 0.095776 -0.008518 -0.022850 -0.032782 -0.257088 -0.205077 -0.297829 -0.339716 -0.289501 -0.057769 -0.013107 -0.156884 -0.217210 -0.105224 0.002488 -0.218527 -0.226879 -0.216052 -0.346084 -0.245743 -0.426389 -0.163109 -0.253769 -0.033843 -0.264979 -0.029661 -0.069870 0.273313 0.004425 -0.025591 -0.220417 -0.175305 0.000325 0.634677 0.366066 0.278029 0.253751 -0.249088 -0.167810 0.235783 0.143815 0.411475 -0.172927 0.175950 0.354757 -0.210516 -0.111391 -0.240954 -0.215541 -0.090473 0.072543 -0.135677 -0.253884 -0.305930 -0.152419 -0.374547 -0.243587 0.537034 0.089469 0.163888 -0.098597 0.100166 0.045209 0.571801 0.148928 0.097321 0.188161 0.233124 0.475041 0.113759 0.144498 0.063268 0.111790 -0.211038 -0.004004 0.270947 0.267132 0.203470 0.179182 -0.129275 -0.047947 -0.032635 -0.161991 -0.053992 -0.178750 -0.022567 -0.098118 -0.089661 0.363843 0.032819 -0.080065
-0.107985 -0.067058 -0.309681 0.320925 -0.266124 0.083010 -0.216480 0.178345 -0.103052 0.234239 0.108186 0.446220 0.444123 0.578924 0.494598 1.000000 -0.132260 -0.026416 -0.188577 0.093346 0.018822 -0.283108 -0.238540 0.235353 -0.134186 0.133614 -0.150517 0.040498 0.143258 0.000523 -0.327444 -0.211238 -0.240346 -0.123883 -0.212423 -0.063460 -0.166845 -0.180209 -0.053373 0.174226 -0.060095 -0.264331 -0.331473 -0.296110 -0.471323 -0.504589 -0.279285 -0.346214 -0.158341 -0.416391 -0.154223 -0.144178 0.139116 -0.188942 0.080890 -0.195196 -0.089556 -0.218768 0.425923 0.245653 0.180645 0.410961 -0.031774 -0.112490 0.038085 0.345865 0.321918 -0.171596 0.295705 0.419028 -0.091538 -0.233296 0.063870 -0.090482 -0.008272 -0.065342 -0.063339 -0.242246 -0.218076 -0.159900 -0.006754 -0.114842 0.292162 0.379220 -0.124139 -0.029816 0.059990 0.041376 0.345613 0.182092 0.131393 -0.148651 0.226453 0.243291 0.287662 0.290094 0.292560 0.262007 -0.209974 0.002646 0.215493 0.080919 -0.145401 0.190086 -0.018896 -0.150386 -0.238012 -0.285881 0.042416 -0.253963 0.094013 -0.077576 -0.028678 0.219974 0.064133 -0.209690
0.512231 0.444340 -0.422669 -0.101326 -0.252084 -0.411253 -0.165632 -0.323446 -0.281357 -0.481309 -0.154995 0.017199 -0.305958 -0.128151 -0.297222 -0.132260 1.000000 0.825519 0.289603 0.381245 -0.161949 -0.050702 -0.277601 -0.598572 -0.299432 -0.522281 -0.200343 -0.359959 0.608563 0.651145 0.059356 0.140424 0.412129 0.057606 -0.252895 -0.312196 0.449178 0.261322 0.091518 0.016782 0.322778 0.389978 0.109639 0.004104 0.056869 -0.014483 0.113218 0.099505 -0.043330 0.031348 0.002332 -0.142841 -0.125362 -0.009144 0.040113 0.060220 0.610851 0.399218 -0.393918 -0.485839 -0.174268 -0.454622 0.584864 0.542485 -0.319670 -0.386485 -0.490069 -0.462246 0.075024 -0.251922 0.224038 -0.152174 0.659391 0.544507 0.546492 0.259400 0.668623 0.518852 0.664715 0.550860 0.695469 0.608413 0.117894 0.300814 -0.060111 0.023835 0.063863 -0.059099 -0.340900 -0.405015 -0.104521 0.065165 -0.400354 -0.127481 -0.036424 0.140819 0.074661 0.084390 0.282360 0.433143 -0.261250 0.036357 0.002150 -0.157306 -0.137088 -0.143096 -0.315455 -0.161516 0.148354 0.132961 0.162070 0.282161 0.062378 -0.104280 -0.094440 -0.118896
0.535343 0.350957 -0.368846 -0.213262 -0.281662 -0.489957 -0.128129 -0.430790 -0.351616 -0.546775 -0.140675 0.125179 -0.237674 -0.133513 -0.240967 -0.026416 0.825519 1.000000 0.159434 0.351315 -0.035103 -0.035574 -0.172676 -0.552740 -0.219687 -0.516626 -0.213926 -0.385812 0.706929 0.799720 0.167227 0.172295 0.412184 -0.023321 -0.323570 -0.467114 0.475854 0.279684 0.149016 -0.011863 0.460338 0.412565 0.234853 0.060790 0.023383 -0.036862 0.259868 0.115869 0.100980 0.154394 0.082814 -0.007412 -0.094884 0.096576 0.077742 0.187808 0.514154 0.360765 -0.381323 -0.554059 -0.219264 -0.539865 0.529039 0.501685 -0.291750 -0.509747 -0.458688 -0.577078 -0.010608 -0.391524 0.261282 -0.093231 0.750792 0.557592 0.583702 0.238443 0.595570 0.437755 0.665537 0.575894 0.740745 0.717333 0.236835 0.470760 -0.082339 -0.065681 0.124798 -0.091623 -0.443956 -0.458492 -0.213943 0.088621 -0.382716 -0.004679 -0.183887 0.045725 0.177173 -0.061516 0.308200 0.377799 -0.229002 0.190299 -0.012700 -0.280195 -0.153609 -0.226476 -0.363498 -0.288001 0.114217 0.100617 0.141348 0.200651 0.078134 -0.123243 -0.104695 -0.114993
0.125694 0.166853 0.158814 0.263441 0.088584 0.069218 0.279016 -0.042837 -0.096735 -0.183617 0.069833 -0.023695 -0.011352 0.009203 -0.237912 -0.188577 0.289603 0.159434 1.000000 0.122906 -0.280137 -0.335125 -0.008663 -0.259956 0.006855 -0.192698 -0.006558 0.019452 0.073185 0.162911 0.181814 0.199273 0.426473 0.226438 -0.057617 -0.074776 0.009405 -0.321392 -0.028681 -0.316960 -0.156482 0.011825 0.001389 0.057527 0.005002 -0.001531 0.051975 0.211780 -0.061289 0.050496 0.002428 -0.117238 -0.147326 -0.025360 -0.144716 -0.047746 -0.058457 -0.064722 -0.207244 -0.250044 0.024932 -0.189836 0.112472 0.136132 -0.145027 -0.301344 -0.174067 -0.119084 0.091658 0.079550 0.234422 -0.295194 0.173723 0.198097 0.243406 0.042056 0.075524 0.072520 0.049849 0.021931 0.097139 -0.017996 0.057759 0.048932 0.221684 0.144852 -0.108139 0.118025 -0.231083 -0.085027 0.162766 0.117938 0.008609 -0.071558 -0.007930 0.235286 0.111899 -0.158100 -0.117681 0.036838 -0.143333 -0.171767 -0.202385 0.080113 0.030512 -0.018284 -0.185597 -0.175604 0.151586 -0.049680 0.448356 0.037813 0.054850 0.000967 -0.139080 -0.227306
0.322945 0.358867 -0.323450 0.012263 -0.215088 -0.153857 -0.064916 -0.166343 -0.211239 -0.206026 0.164820 0.064336 0.069301 0.029347 0.078167 0.093346 0.381245 0.351315 0.122906 1.000000 -0.165456 0.017245 -0.160230 -0.114274 -0.244374 -0.281118 -0.120497 -0.206955 0.361896 0.201963 -0.167754 -0.006208 0.184194 0.394637 -0.351476 -0.122730 -0.088618 -0.163085 -0.175723 0.095638 0.087733 0.122655 -0.085716 -0.168115 -0.284260 -0.331688 -0.167342 -0.119556 -0.350304 -0.213552 -0.325745 -0.302568 -0.091153 -0.131391 -0.171062 -0.228845 0.178114 0.273539 -0.092393 -0.061439 -0.156397 -0.213510 0.287125 0.150883 -0.182961 -0.199100 -0.055949 -0.327623 0.337568 0.276070 -0.045155 -0.153242 0.206471 0.184804 0.164498 0.291160 0.202523 0.086832 0.279832 0.358666 0.375835 0.339065 0.211584 0.410158 -0.064125 -0.030275 -0.072811 -0.059336 -0.117594 -0.194147 0.124701 0.076195 -0.008133 0.138462 0.093314 0.146692 0.014761 0.355247 0.056064 0.273500 0.058580 0.050282 0.252643 0.207964 0.082081 0.402422 -0.022000 0.110573 0.246647 0.402769 0.034329 0.270548 0.174753 0.241411 0.395837 0.144452
-0.307475 -0.477512 0.279256 -0.075791 -0.032634 -0.166045 0.131836 -0.037965 -0.103446 -0.203531 -0.070251 -0.040306 -0.213951 -0.310150 0.037619 0.018822 -0.161949 -0.035103 -0.280137 -0.165456 1.000000 0.284276 0.361631 0.437379 0.379213 0.231024 0.055091 0.072953 0.036596 -0.144888 0.451220 0.305386 -0.186577 -0.121888 0.225133 -0.060661 0.013061 0.300930 0.173335 0.135247 0.159298 0.050696 0.073153 0.158220 -0.125730 0.080197 -0.009010 -0.085982 0.064736 0.045952 0.186256 0.053643 -0.168160 -0.041161 0.041803 -0.008002 -0.277231 -0.256715 -0.317390 -0.237328 -0.129552 -0.261755 -0.159035 -0.209428 0.459357 0.089227 0.049940 0.127997 -0.254811 -0.203280 -0.057504 0.322614 -0.021130 -0.007059 0.051169 0.110209 -0.108841 -0.081724 0.213815 0.005484 -0.007900 -0.006502 0.256255 0.204568 0.104068 0.134504 0.447332 0.206038 0.074954 -0.142466 -0.326846 -0.043896 -0.047949 -0.047390 -0.070598 -0.151774 -0.095414 0.113056 -0.181704 -0.240546 -0.184984 0.316821 -0.154565 -0.114788 0.102125 -0.028913 0.073897 0.113248 0.060234 -0.003061 -0.246666 -0.271588 -0.328260 0.090150 0.042188 0.009282
-0.047369 -0.050359 -0.023732 -0.421447 -0.057657 -0.103812 -0.239103 -0.000187 -0.015368 -0.077602 -0.266688 -0.110096 -0.307663 -0.222453 -0.237748 -0.283108 -0.050702 -0.035574 -0.335125 0.017245 0.284276 1.000000 -0.014482 0.038209 -0.130424 -0.004165 0.069717 0.082614 -0.135753 0.088023 0.141068 0.075724 0.001170 0.156652 0.064263 0.173327 0.108278 0.294528 0.501028 0.550910 0.269173 0.522923 -0.070303 0.046303 0.035399 0.156880 -0.168596 -0.218782 -0.019883 -0.056166 0.095621 -0.050907 0.112792 -0.087168 0.205811 0.095037 0.017671 -0.038375 -0.004678 -0.053777 0.022884 -0.086081 -0.063533 -0.034645 0.172929 0.146102 0.138283 0.313705 -0.314374 -0.174639 -0.159155 0.288023 -0.036043 -0.141113 -0.190723 0.081995 -0.140937 0.071691 0.110806 0.024399 0.036013 0.114580 -0.380417 -0.027398 -0.019908 0.147132 0.000929 -0.155552 -0.115282 -0.087411 -0.266474 -0.112111 0.001957 -0.202136 0.180907 -0.625521 -0.529375 0.087125 -0.002313 -0.218189 0.047856 -0.049527 0.044960 -0.400000 -0.238311 0.209863 0.345036 0.294375 0.034905 0.410780 -0.472515 -0.276371 -0.218331 -0.240689 0.013625 0.553246
-0.139354 -0.521921 0.559503 0.036160 0.222703 -0.117213 0.358800 -0.372807 -0.017468 -0.221957 0.349725 -0.293166 0.156162 -0.293978 0.283719 -0.238540 -0.277601 -0.172676 -0.008663 -0.160230 0.361631 -0.014482 1.000000 0.515771 0.702088 0.224539 0.116785 0.033999 -0.056950 -0.282047 0.512735 0.175236 -0.077754 -0.133985 0.202988 0.122299 0.032713 -0.073532 -0.012861 -0.230311 -0.077925 0.049497 0.418942 0.326283 0.325911 0.318724 0.274580 0.292684 0.202206 0.303576 0.363797 0.118636 -0.015865 0.261006 -0.193788 -0.016852 -0.399465 -0.219468 0.021230 -0.195533 -0.101041 -0.398995 -0.172508 -0.243382 0.308035 -0.327578 0.084305 0.017211 -0.314095 -0.262538 -0.103441 0.213365 -0.117157 -0.001103 0.049608 0.008080 -0.186245 -0.159019 0.024934 -0.140913 -0.246130 -0.039449 0.333416 0.081615 0.216150 -0.091084 0.249606 0.047465 -0.045139 -0.279265 -0.274255 0.066029 -0.241420 0.089272 -0.274938 -0.233355 -0.231942 -0.251815 -0.142019 -0.398451 -0.166470 0.063110 -0.070505 -0.146352 -0.270138 -0.244743 -0.034373 0.050653 0.013645 -0.178776 0.004155 -0.248931 -0.291570 0.076354 -0.228469 -0.071664
-0.508524 -0.553760 0.358554 0.289428 0.084681 0.215930 0.100834 0.154839 -0.020173 0.226837 0.380060 -0.064746 0.223462 0.050511 0.452096 0.235353 -0.598572 -0.552740 -0.259956 -0.114274 0.437379 0.038209 0.515771 1.000000 0.454019 0.490885 0.177887 0.321951 -0.353440 -0.601525 0.121914 -0.029779 -0.393863 -0.070675 0.239734 0.338823 -0.303911 -0.279744 -0.071755 0.021061 -0.159791 -0.318059 -0.067874 -0.016431 -0.128582 -0.054465 -0.155151 -0.128094 -0.100829 -0.069290 0.051964 -0.057929 -0.037124 -0.095027 -0.121516 -0.231191 -0.614417 -0.430524 0.203277 0.212997 -0.075371 0.190755 -0.561293 -0.570447 0.573615 0.422979 0.472448 0.334632 -0.154670 0.151695 -0.287886 0.106173 -0.450589 -0.395962 -0.274158 -0.083714 -0.632368 -0.552563 -0.261852 -0.314606 -0.397689 -0.479079 0.303818 0.068286 0.289709 -0.006284 0.341940 0.249891 0.490044 0.118472 -0.079656 -0.171067 0.166455 0.089192 0.128305 -0.085736 -0.087605 -0.016811 -0.453006 -0.439937 0.047613 0.109168 -0.045639 0.094651 0.045368 0.060421 0.063616 0.122125 -0.008780 -0.242951 -0.176404 -0.310915 -0.194302 0.168246 0.192547 0.051934
-0.236880 -0.379184 0.355799 0.089615 0.405277 0.136266 0.094269 -0.208636 0.279483 -0.106574 0.214500 -0.114068 0.040475 -0.233796 0.138593 -0.134186 -0.299432 -0.219687 0.006855 -0.244374 0.379213 -0.130424 0.702088 0.454019 1.000000 0.426632 0.470538 0.338530 -0.249979 -0.373062 0.328158 0.140452 -0.211289 -0.144937 0.181030 0.171675 0.005843 0.001723 -0.053823 -0.199752 -0.035676 -0.066343 0.191332 0.282092 0.175826 0.233818 0.033518 0.124252 0.065410 0.138527 0.233240 0.033257 -0.058971 0.025379 -0.317534 -0.190622 -0.281726 -0.151245 -0.099183 -0.046493 -0.123647 -0.251272 -0.169296 -0.239357 0.345482 -0.114274 0.014275 0.101162 -0.109952 -0.100599 -0.172928 0.057141 -0.234775 -0.070010 -0.012959 -0.184076 -0.264676 -0.268246 -0.103492 -0.259651 -0.180248 -0.112335 0.168796 0.025450 0.097490 0.000755 0.052509 0.077993 -0.069125 -0.293327 -0.132788 -0.015190 -0.015920 0.179692 -0.054091 -0.101670 -0.104908 -0.154072 -0.149471 -0.205880 -0.026737 0.258180 0.032480 0.001984 -0.103350 -0.009393 0.131317 0.113660 -0.121146 -0.213544 0.026525 -0.128601 -0.118539 -0.049795 0.049810 0.022058
-0.591660 -0.450994 0.229382 0.096291 0.437235 0.582617 0.075081 0.422244 0.422904 0.452189 -0.071269 0.080921 0.192351 0.205256 0.095776 0.133614 -0.522281 -0.516626 -0.192698 -0.281118 0.231024 -0.004165 0.224539 0.490885 0.426632 1.000000 0.368509 0.482653 -0.307087 -0.469410 0.152992 0.255155 -0.271760 0.232026 0.377353 0.542084 -0.326695 -0.320799 -0.093516 -0.151134 -0.069865 -0.249341 -0.130994 0.023992 0.030959 0.117532 -0.283145 -0.061755 -0.312392 -0.205207 -0.366269 -0.289576 -0.265567 -0.220449 -0.416131 -0.376307 -0.466752 -0.488089 0.110551 0.124339 -0.007396 0.382021 -0.204995 -0.266277 0.249474 0.458031 0.178731 0.396840 -0.097286 0.124144 -0.249449 -0.177344 -0.333078 -0.269080 -0.255056 -0.215588 -0.361782 -0.220554 -0.270722 -0.336808 -0.263108 -0.363973 -0.106479 -0.112720 0.106536 0.122516 -0.019843 -0.071606 0.118740 0.052921 -0.084202 -0.360629 0.085769 0.155994 0.002080 0.067214 -0.039337 -0.081146 -0.324483 -0.433708 -0.060874 0.033431 -0.118363 0.337553 0.196027 -0.034045 0.045769 -0.038019 0.028344 -0.162518 0.113176 -0.221599 0.009484 0.038191 0.200981 -0.143236
-0.264253 0.003151 0.151650 0.084244 0.739447 0.651257 -0.086388 0.065844 0.691765 0.123637 0.056841 -0.039879 0.020623 -0.071292 -0.008518 -0.150517 -0.200343 -0.213926 -0.006558 -0.120497 0.055091 0.069717 0.116785 0.177887 0.470538 0.368509 1.000000 0.836985 -0.292084 -0.295763 -0.113461 -0.228582 -0.293672 -0.160211 0.033608 0.137148 -0.118168 -0.129497 -0.013691 -0.039023 0.018405 -0.072791 -0.184796 -0.071595 0.021622 -0.068339 -0.224196 -0.121477 -0.086373 -0.114542 -0.066474 0.038258 -0.004714 -0.121358 -0.225399 -0.159120 -0.066350 0.014876 0.089164 0.194670 0.044338 0.067086 -0.271508 -0.146155 0.186941 0.224280 -0.064406 0.094418 0.161742 0.156846 -0.371993 -0.266051 -0.267587 -0.301929 -0.134105 -0.241305 -0.301013 -0.303472 -0.175947 -0.255926 -0.263222 -0.308460 -0.190967 -0.195329 -0.031337 0.038752 -0.327928 -0.026322 -0.069572 0.053615 0.055052 -0.107325 0.242584 0.148016 0.202088 -0.129488 -0.076837 0.043969 -0.114224 -0.086290 -0.100912 0.127185 0.188870 0.085746 0.064759 0.193699 0.262723 0.065351 -0.187270 0.084274 -0.035327 0.060270 0.126419 -0.249121 0.165648 0.199190
-0.541608 -0.149600 0.133891 0.340093 0.548296 0.695782 -0.050253 0.290514 0.506515 0.258847 0.059410 0.095425 0.108567 0.110038 -0.022850 0.040498 -0.359959 -0.385812 0.019452 -0.206955 0.072953 0.082614 0.033999 0.321951 0.338530 0.482653 0.836985 1.000000 -0.387401 -0.414210 -0.185858 -0.247638 -0.287116 -0.153139 0.068586 0.206398 -0.311074 -0.236473 -0.049177 0.014720 -0.130912 -0.268894 -0.230047 -0.012628 -0.096931 -0.116827 -0.242582 -0.121246 -0.234575 -0.213193 -0.116610 -0.047877 -0.063085 -0.230319 -0.179327 -0.290691 -0.275475 -0.239484 0.117177 0.189510 0.029153 0.230989 -0.379027 -0.309051 0.331616 0.484447 0.107729 0.224014 0.113429 0.253690 -0.400984 -0.327669 -0.352008 -0.433956 -0.247171 -0.287101 -0.460219 -0.400014 -0.231485 -0.314931 -0.274840 -0.377135 -0.183175 -0.137199 0.034014 0.177224 -0.237695 0.120848 0.035074 0.110751 0.073949 -0.215644 0.397325 0.071703 0.228047 -0.031324 0.005388 0.110795 -0.286732 -0.294747 -0.053695 -0.005407 0.032487 0.114411 0.151892 0.187945 0.236124 -0.011045 -0.074535 0.082895 -0.002960 -0.026713 0.106673 -0.154646 0.167289 0.161286
0.413013 0.054931 -0.225633 -0.209732 -0.253506 -0.413324 0.073979 -0.282556 -0.296749 -0.360368 -0.017999 0.157880 0.078846 -0.028942 -0.032782 0.143258 0.608563 0.706929 0.073185 0.361896 0.036596 -0.135753 -0.056950 -0.353440 -0.249979 -0.307087 -0.292084 -0.387401 1.000000 0.665877 0.202787 0.270869 0.347319 0.053664 -0.322285 -0.339418 0.354210 0.072241 0.088248 -0.104486 0.464991 0.384693 0.255631 0.119081 0.028653 -0.068151 0.194713 0.070453 -0.055846 0.009995 -0.100992 -0.218796 -0.212023 -0.039119 -0.049640 -0.001777 0.280600 0.144025 -0.221362 -0.532399 -0.084733 -0.429800 0.557529 0.398526 -0.253099 -0.390101 -0.237920 -0.590353 -0.081781 -0.252029 0.184845 -0.063825 0.709415 0.398548 0.380043 0.171538 0.538016 0.350034 0.593606 0.527730 0.616004 0.655116 0.385774 0.545418 -0.102561 0.010930 0.084217 -0.207781 -0.343589 -0.500425 -0.267455 -0.020231 -0.380672 0.039254 -0.080855 0.163753 0.143495 0.018011 0.176724 0.189991 -0.310559 0.104777 -0.088645 -0.186289 -0.216868 -0.316792 -0.432668 -0.259578 0.027062 -0.133892 0.074843 0.083052 -0.076397 -0.071721 -0.168911 -0.198325
0.409331 0.248119 -0.310345 -0.307444 -0.280527 -0.422287 -0.059409 -0.204622 -0.269185 -0.375801 -0.237766 0.228112 -0.173008 0.043436 -0.257088 0.000523 0.651145 0.799720 0.162911 0.201963 -0.144888 0.088023 -0.282047 -0.601525 -0.373062 -0.469410 -0.295763 -0.414210 0.665877 1.000000 0.160722 0.286024 0.495314 0.134088 -0.245486 -0.309468 0.408235 0.221756 0.242353 0.121102 0.435406 0.463071 0.047872 -0.004913 -0.015233 -0.038755 0.125238 0.012850 0.130140 0.051628 0.040204 -0.007653 0.012980 0.056811 0.058465 0.182840 0.381397 0.198785 -0.168038 -0.387329 -0.119807 -0.309804 0.447904 0.425365 -0.357699 -0.382874 -0.312409 -0.427416 -0.184183 -0.434847 0.400172 -0.014500 0.802206 0.512921 0.536379 0.195645 0.553177 0.502046 0.516712 0.464790 0.567419 0.578450 0.070388 0.411317 -0.147607 -0.109965 0.005517 -0.205940 -0.423166 -0.387091 -0.279993 0.083632 -0.382393 -0.084038 -0.033835 -0.086944 0.050784 -0.129968 0.261130 0.264408 -0.210132 0.048282 -0.018947 -0.342260 -0.284641 -0.281078 -0.164454 -0.208845 0.020984 -0.060903 0.024915 0.129755 0.089708 -0.218008 -0.232281 -0.119999
-0.052542 -0.330407 0.543543 -0.107995 0.039390 -0.210438 0.515051 -0.076933 -0.075522 -0.269643 -0.210988 -0.062065 -0.187004 -0.360950 -0.205077 -0.327444 0.059356 0.167227 0.181814 -0.167754 0.451220 0.141068 0.512735 0.121914 0.328158 0.152992 -0.113461 -0.185858 0.202787 0.160722 1.000000 0.665997 0.352189 0.186730 0.254875 -0.072008 0.164936 -0.009505 0.125928 -0.245901 0.153200 0.262777 0.224364 0.225097 0.069440 0.251887 0.070241 0.165137 0.013301 0.084960 0.133643 -0.112956 -0.273688 0.010970 -0.249861 -0.063272 -0.209015 -0.193681 -0.410635 -0.596763 0.046589 -0.464089 0.063694 0.034852 0.290469 -0.312318 -0.141429 0.004739 -0.431121 -0.508784 0.217316 0.350204 0.284396 0.335589 0.245070 0.170152 0.226037 0.366373 0.231166 0.137609 0.030132 0.134138 0.198514 0.085887 0.261915 0.129329 0.271694 -0.063525 -0.214636 -0.392796 -0.461221 0.011658 -0.389412 -0.015701 -0.293235 -0.049793 -0.233338 -0.261324 -0.117618 -0.165538 -0.299700 0.084405 -0.172693 -0.154168 -0.143040 -0.317435 -0.271577 -0.047099 0.221588 -0.041656 0.060500 -0.147687 -0.310206 -0.036122 -0.266878 -0.199740
0.032167 -0.200053 0.264739 -0.097787 -0.017492 -0.218747 0.399251 0.234911 -0.138452 -0.216909 -0.253928 0.086936 -0.236108 -0.037077 -0.297829 -0.211238 0.140424 0.172295 0.199273 -0.006208 0.305386 0.075724 0.175236 -0.029779 0.140452 0.255155 -0.228582 -0.247638 0.270869 0.286024 0.665997 1.000000 0.490996 0.481997 0.215208 -0.019580 0.052986 -0.041502 0.034922 -0.323136 0.184793 0.221749 0.098937 0.156532 0.024220 0.136908 -0.074425 -0.062936 -0.159885 -0.029738 -0.122840 -0.324474 -0.302424 -0.183895 -0.241907 -0.192735 -0.184769 -0.233025 -0.358402 -0.461357 -0.000803 -0.249705 0.328681 0.251982 0.066736 -0.166900 -0.073758 -0.049718 -0.401294 -0.423307 0.133351 0.143812 0.324719 0.291645 0.165635 0.119670 0.249384 0.407297 0.362785 0.271087 0.179257 0.300588 0.062568 0.154258 0.198342 0.181348 0.177318 -0.073878 -0.213699 -0.372059 -0.412466 -0.175378 -0.319572 -0.152826 -0.315666 -0.025871 -0.230092 -0.252955 -0.172684 -0.302466 -0.205310 0.073939 -0.216468 0.013169 0.014588 -0.284937 -0.276556 -0.171989 0.073176 -0.105588 -0.009569 -0.076345 -0.079004 -0.007862 -0.171246 -0.276388
0.257119 0.118293 0.107858 -0.003910 -0.243237 -0.295144 0.299453 0.081576 -0.284715 -0.300617 -0.242341 0.103805 -0.245714 -0.076689 -0.339716 -0.240346 0.412129 0.412184 0.426473 0.184194 -0.186577 0.001170 -0.077754 -0.393863 -0.211289 -0.271760 -0.293672 -0.287116 0.347319 0.495314 0.352189 0.490996 1.000000 0.496917 0.032333 -0.155204 0.082621 -0.058222 0.005687 -0.245873 0.175420 0.278396 0.064239 0.015733 -0.033395 -0.037276 0.127409 0.143488 -0.047900 -0.041399 0.064789 -0.156320 0.008182 0.163202 0.032755 0.047143 0.097702 -0.002838 -0.315372 -0.474333 0.010738 -0.320980 0.301122 0.215516 -0.099507 -0.264957 -0.138943 -0.169325 -0.127049 -0.326646 0.135500 -0.095079 0.398386 0.267167 0.288085 0.070670 0.361453 0.399976 0.304172 0.315401 0.261081 0.338402 -0.085729 0.073445 0.106662 0.178188 -0.106172 -0.081086 -0.220133 -0.225576 -0.367407 0.136704 -0.337265 -0.158737 -0.207700 0.045384 -0.089755 -0.290471 -0.059254 0.003477 -0.236240 -0.175017 -0.111604 -0.223191 -0.071775 -0.198400 -0.298658 -0.249649 0.220248 -0.016922 0.152364 0.159858 -0.022745 -0.063469 -0.271447 -0.164824
-0.000744 0.131212 -0.021160 -0.114155 -0.093377 0.121738 0.140068 0.341084 -0.008898 0.139218 -0.106720 0.177589 -0.046217 0.179726 -0.289501 -0.123883 0.057606 -0.023321 0.226438 0.394637 -0.121888 0.156652 -0.133985 -0.070675 -0.144937 0.232026 -0.160211 -0.153139 0.053664 0.134088 0.186730 0.481997 0.496917 1.000000 0.086184 0.370122 -0.345100 -0.301970 -0.156001 -0.062034 0.060672 0.082848 -0.251575 -0.131364 -0.166705 -0.063841 -0.326805 -0.115494 -0.461772 -0.294105 -0.439467 -0.385794 -0.134557 -0.056450 -0.302672 -0.222307 -0.113105 -0.122695 -0.150347 -0.049185 0.012714 0.116379 0.202574 0.121310 -0.061133 0.087627 0.034213 0.183793 0.064672 0.064275 0.042629 -0.060680 0.100186 0.108917 -0.017611 0.125515 0.121497 0.173421 0.033957 0.056535 0.102494 0.047327 -0.235417 0.007829 0.111129 0.077509 -0.160970 -0.192089 -0.134930 -0.004437 -0.212410 -0.170936 -0.173539 -0.146530 0.127331 0.047357 -0.205439 -0.001111 -0.236877 -0.099881 -0.043195 -0.169487 -0.065008 0.125703 0.109665 0.151445 -0.018095 0.154730 0.237321 0.065108 0.070851 0.051528 0.030949 -0.023108 0.148658 0.023938
-0.346255 -0.370537 0.366246 0.183063 0.093175 0.111912 0.209520 0.249170 0.139197 0.161409 -0.049902 -0.100273 -0.098455 -0.090119 -0.057769 -0.212423 -0.252895 -0.323570 -0.057617 -0.351476 0.225133 0.064263 0.202988 0.239734 0.181030 0.377353 0.033608 0.068586 -0.322285 -0.245486 0.254875 0.215208 0.032333 0.086184 1.000000 0.406217 -0.116196 -0.055480 -0.058357 -0.330876 -0.254628 -0.269959 -0.095287 -0.107010 0.016723 0.110178 -0.082586 -0.023167 -0.039206 -0.114227 0.034877 -0.029677 0.022133 0.085780 -0.219533 -0.194936 -0.337620 -0.347243 -0.092145 -0.070821 -0.113637 0.065444 -0.355247 -0.322475 0.473173 0.294368 0.146722 0.497615 -0.186619 -0.199760 -0.105994 -0.020537 -0.316901 -0.161964 -0.052982 0.053335 -0.103255 0.051973 -0.183222 -0.315084 -0.283222 -0.365338 -0.077000 -0.184175 0.405207 0.257665 0.217518 0.255158 0.360679 0.128902 -0.183065 0.060067 -0.141854 -0.004061 -0.304719 -0.011228 -0.213503 -0.324297 -0.256564 -0.227156 -0.348879 0.070494 -0.036512 0.069298 0.239785 -0.109731 -0.066152 -0.085491 0.162670 -0.074768 0.008323 -0.195271 0.058832 0.236191 -0.147742 -0.317045
-0.397724 -0.249420 -0.023855 -0.094354 0.141735 0.408732 -0.207107 0.163862 0.236239 0.400437 0.067511 0.003930 0.091155 0.149182 -0.013107 -0.063460 -0.312196 -0.467114 -0.074776 -0.122730 -0.060661 0.173327 0.122299 0.338823 0.171675 0.542084 0.137148 0.206398 -0.339418 -0.309468 -0.072008 -0.019580 -0.155204 0.370122 0.406217 1.000000 -0.230607 -0.120492 -0.027407 0.125794 -0.072422 -0.074053 -0.228309 -0.117117 0.124916 0.264882 -0.392933 -0.117829 -0.329964 -0.068463 -0.307085 -0.245405 -0.125364 -0.149526 -0.351538 -0.285377 -0.175984 -0.200753 0.198447 0.225069 -0.147681 0.340477 -0.219937 -0.226475 0.148320 0.418670 0.244735 0.673486 -0.038116 0.133801 -0.225614 -0.086790 -0.366016 -0.291327 -0.203678 -0.095690 -0.339484 -0.236104 -0.189624 -0.186655 -0.168313 -0.287911 -0.276493 -0.161547 0.082350 -0.007352 0.026560 -0.090079 0.148822 0.035966 0.114976 -0.271822 -0.078310 -0.110552 0.314193 -0.097309 -0.297220 -0.077921 -0.300586 -0.218453 -0.131162 -0.163711 -0.047031 0.155613 0.020828 0.189599 0.351455 0.383036 0.084896 -0.084461 -0.011623 -0.298667 -0.027444 -0.021457 0.135162 0.081985
