1.000000 0.422209 0.081754 -0.155313 -0.209545 -0.072618 0.161736 0.124322 -0.170818 -0.118265 0.228188 0.313883 0.418441 0.339111 0.360087 0.237253 -0.157913 -0.027089 0.171897 0.494595 -0.214692 -0.263259 -0.132211 -0.089507 -0.272002 -0.224529 -0.276631 -0.253213 -0.398496 -0.441546 -0.364098 -0.352898 0.051123 -0.148998 -0.437142 -0.218489 -0.210014 -0.136617 -0.192160 -0.160710 -0.165897 -0.050386 -0.102236 -0.185687 0.096671 -0.092473 -0.197437 0.050445 0.043929 0.064547 -0.245537 -0.007081 0.301382 -0.252643 -0.100487 -0.215803 0.480587 0.376297 0.446362 0.433381 0.386079 0.407100 0.335233 0.340708 -0.398582 -0.087357 0.218266 0.043718 0.401899 0.612765 -0.244851 -0.150033 -0.427254 -0.233801 -0.161181 -0.290136 -0.250047 -0.337371 -0.489817 -0.505440 -0.294448 -0.301580 -0.074741 0.082115 -0.496818 -0.247825 -0.339490 -0.293151 0.033177 0.011753 0.238040 0.290211 0.203412 0.431821 -0.343471 0.039241 -0.238125 -0.317056 0.044614 0.182944 -0.275129 0.337984 -0.172049 0.036921 -0.014853 0.232963 0.137969 0.148431 0.059225 -0.316906 -0.193332 -0.051138 0.203263 0.020795 0.266463 0.058223
0.422209 1.000000 -0.258312 -0.053779 -0.507780 -0.474408 -0.033624 0.030183 -0.327534 -0.204300 -0.093356 0.283413 0.098505 0.284752 -0.105277 0.193518 0.154991 0.222335 0.271107 0.287876 -0.328789 -0.332381 -0.325823 -0.487199 -0.400137 -0.482360 -0.437181 -0.417352 -0.263862 -0.113412 -0.265580 -0.379263 0.420951 -0.161098 -0.479069 -0.294713 -0.151855 0.155056 -0.108241 0.193864 -0.129992 0.055758 0.092788 0.075521 0.281278 0.086531 0.241920 0.112899 0.032704 0.195440 -0.104235 0.036401 0.256584 -0.019345 -0.035789 0.065445 0.412393 0.535639 0.099360 0.303070 0.316362 0.412511 0.379492 0.571165 -0.167978 -0.166270 0.217718 -0.295428 0.377183 0.403044 -0.370663 -0.393444 -0.051580 0.063364 -0.053233 -0.295228 -0.002736 -0.191327 -0.245966 -0.261494 -0.086157 -0.054393 -0.324783 -0.052574 -0.285351 -0.214301 -0.248958 -0.332404 -0.275796 -0.080233 0.214225 0.008207 0.104169 0.042476 -0.232157 0.290710 -0.077696 -0.222172 0.503077 0.238188 -0.001659 0.284343 0.200196 0.054331 0.100896 0.131610 0.399447 0.332361 -0.051450 0.021528 -0.231397 0.039874 0.075392 -0.088575 -0.055268 0.170505
0.081754 -0.258312 1.000000 0.318516 0.248522 0.312958 0.669095 0.316615 0.369857 0.163514 0.243580 0.105935 0.360611 0.154063 0.138779 -0.097473 -0.305076 -0.118199 0.268816 -0.184543 0.216715 0.019741 0.469221 0.359424 0.416805 0.427463 0.176883 0.373485 -0.051814 -0.177327 0.420629 0.345800 0.077119 0.281323 0.006172 0.067524 -0.273348 -0.294234 0.209870 -0.036987 -0.234625 0.014604 -0.316063 -0.197043 -0.303685 -0.205815 -0.539141 -0.324081 -0.287753 -0.447468 -0.350732 -0.386089 0.019622 -0.269949 -0.047849 -0.171915 -0.254691 -0.251323 0.254934 -0.253584 0.148562 -0.106012 -0.087544 -0.149848 0.085486 0.340312 0.068162 0.303105 -0.280181 -0.208926 0.376722 0.263515 -0.086618 0.227865 0.238154 0.119681 0.124695 0.310034 -0.115781 -0.060573 -0.332943 -0.213162 -0.023426 -0.264446 0.098051 0.000325 -0.027107 -0.024592 0.563460 0.175873 -0.456215 -0.165836 -0.248033 -0.028701 -0.168750 -0.015288 -0.003735 -0.099749 -0.614477 -0.222283 -0.251743 0.009417 -0.390184 -0.284810 -0.273117 -0.297562 -0.280998 -0.248132 -0.042690 0.023223 -0.001175 -0.377118 -0.129550 0.037579 -0.121743 -0.130588
-0.155313 -0.053779 0.318516 1.000000 -0.074441 0.045869 0.520090 0.456092 0.083386 0.097553 0.181263 0.362717 0.160621 0.330907 -0.012274 0.100306 -0.183176 -0.271761 0.246745 -0.198637 0.047893 -0.168463 0.365754 0.282376 0.351200 0.448520 0.205880 0.347474 -0.118656 -0.377764 0.246892 0.208788 -0.011882 0.012910 -0.172787 -0.189684 -0.339486 -0.125888 0.204261 0.001828 -0.145023 -0.269357 -0.322787 -0.378636 -0.332429 -0.464334 -0.296050 -0.337086 -0.309532 -0.393979 -0.004782 -0.252312 0.237792 -0.124757 0.395039 -0.166403 -0.304761 -0.297426 0.118280 -0.159195 0.386693 0.100633 -0.073875 0.148877 0.410564 0.336808 -0.122069 -0.039725 -0.021655 -0.106594 -0.013910 0.069550 -0.143602 0.117511 0.131274 0.202902 -0.060343 0.188015 -0.125591 -0.153394 -0.452345 -0.307105 -0.158668 -0.329612 0.258393 0.418665 0.207157 0.138187 0.330930 0.343026 -0.227793 -0.184338 -0.145612 -0.153307 -0.162591 0.131887 -0.179942 -0.115634 -0.326848 -0.269194 -0.308660 -0.053280 -0.071482 -0.198010 -0.022753 -0.172755 -0.078582 0.136733 0.028900 -0.055270 -0.332028 -0.389247 -0.128463 0.049571 -0.080535 0.105204
-0.209545 -0.507780 0.248522 -0.074441 1.000000 0.581574 0.132659 -0.048599 0.459114 0.121689 0.203206 -0.148322 0.016661 -0.216170 0.286398 0.034919 -0.197888 -0.139485 -0.039749 -0.141144 0.380331 0.256482 0.509733 0.338099 0.418127 0.468616 0.614207 0.509085 0.264988 0.164792 0.312290 0.270593 -0.129598 0.143986 0.351479 0.180378 0.136159 -0.185875 0.061798 -0.125410 0.051350 0.169346 -0.280572 -0.122708 -0.278093 -0.238393 -0.236890 -0.286663 -0.139438 -0.196755 0.026644 -0.034606 -0.168552 0.239606 -0.061371 -0.116612 -0.220994 -0.085300 0.068072 -0.289363 -0.178792 -0.282463 -0.392295 -0.437290 0.294999 0.121284 -0.231038 -0.017530 -0.147683 -0.266428 0.251450 0.157585 0.137858 -0.002832 0.209233 0.162910 0.116246 0.077538 0.131903 0.257517 0.049830 0.037851 0.385353 0.215294 0.317248 0.101501 0.132096 0.140924 0.359676 0.039944 -0.381391 -0.100962 -0.237254 -0.088395 0.077609 -0.275382 0.007650 0.175221 -0.488786 -0.316787 -0.053291 -0.342634 -0.463560 -0.250440 -0.275539 -0.256836 -0.272586 -0.368186 0.017089 0.045586 0.076921 -0.091723 -0.285282 0.027735 -0.147649 -0.337697
-0.072618 -0.474408 0.312958 0.045869 0.581574 1.000000 0.256179 0.091844 0.647769 0.584067 0.370245 -0.024939 0.223224 -0.018430 0.159988 0.127783 -0.275943 -0.302167 -0.030833 -0.245016 0.371434 0.291324 0.142110 -0.008103 0.347799 0.547130 0.447988 0.573113 0.059158 0.053851 0.104664 0.160468 -0.303540 0.006134 0.250639 0.206592 0.077220 -0.083397 -0.201957 -0.089495 -0.015202 0.009163 -0.376058 -0.454030 -0.422736 -0.355035 -0.421591 -0.435972 -0.074316 -0.265020 -0.098435 0.030021 0.150958 0.244188 -0.022762 -0.205294 -0.047664 -0.215296 0.348509 -0.014057 0.070176 -0.052067 -0.187158 -0.348048 0.037584 0.201031 0.014342 0.106725 -0.146196 -0.206381 0.207048 0.283523 -0.045241 -0.114491 0.017879 0.230638 -0.042361 0.184058 -0.043959 -0.084726 -0.049052 -0.140515 0.344476 0.272855 0.103399 0.201869 0.033725 0.165573 0.422808 0.320708 -0.249933 -0.059865 0.033389 -0.094795 0.089563 -0.140487 -0.105805 0.152235 -0.559549 -0.213718 0.008915 -0.210888 -0.229713 -0.169737 -0.300320 -0.145879 -0.516143 -0.214497 0.171918 0.177469 -0.060498 -0.190513 -0.189350 0.258587 0.004799 -0.263482
0.161736 -0.033624 0.669095 0.520090 0.132659 0.256179 1.000000 0.515586 0.501581 0.224577 0.274815 0.297305 0.512631 0.382431 0.167080 0.285528 -0.125264 -0.179598 0.488214 -0.035484 -0.047742 -0.162127 0.378029 0.189371 0.362975 0.365068 0.076726 0.238442 -0.089149 -0.193718 0.284196 0.262224 0.189026 0.182429 -0.238862 -0.231772 -0.306926 -0.167853 0.139282 0.030649 -0.278848 0.061656 -0.213944 -0.273312 -0.229126 -0.346700 -0.425756 -0.365168 -0.288507 -0.390265 -0.292138 -0.239154 0.045289 -0.192994 -0.020081 -0.311702 -0.253208 -0.162570 0.180228 -0.169847 0.373500 0.179127 0.105617 0.261074 0.172472 0.230295 -0.038633 -0.016605 -0.054631 -0.159221 0.177690 0.041975 -0.087105 0.223194 0.239650 0.256923 0.024341 0.218141 -0.167113 -0.192812 -0.323579 -0.254707 -0.136187 -0.108719 0.021413 0.057892 -0.039911 -0.102772 0.355130 0.164582 -0.427011 -0.282088 -0.214222 -0.167842 -0.353538 0.061040 -0.238226 -0.297644 -0.496097 -0.413574 -0.436417 -0.077705 -0.352485 -0.439457 -0.340702 -0.412747 -0.208436 -0.005568 -0.085136 -0.068564 -0.443210 -0.401734 -0.258339 -0.020346 -0.198732 -0.027113
0.124322 0.030183 0.316615 0.456092 -0.048599 0.091844 0.515586 1.000000 0.233529 0.400889 0.129982 0.371346 0.351205 0.591988 0.062920 0.233026 -0.280291 -0.202477 0.196220 0.026294 -0.154700 -0.375188 -0.026838 0.046345 -0.095957 -0.014884 -0.236168 -0.094761 -0.222372 -0.330090 0.048688 0.043768 0.038243 0.081722 -0.277440 -0.033406 -0.437019 -0.347863 -0.026201 -0.147749 -0.306992 -0.130709 -0.298286 -0.420038 -0.216388 -0.302317 -0.420946 -0.243803 -0.051719 -0.247383 -0.198151 -0.104325 0.109627 -0.211470 0.011878 -0.354488 -0.103257 -0.142100 0.368985 0.279874 0.404594 0.517026 0.106537 0.267817 0.170619 0.441463 0.133121 0.379657 -0.003639 0.188061 -0.105271 0.086914 -0.174232 0.100084 0.119691 0.269258 -0.257005 0.039568 -0.330022 -0.316990 -0.463484 -0.410891 -0.352518 -0.139943 -0.168090 0.068849 -0.214558 -0.281615 0.253304 0.223280 0.002719 -0.019546 0.140256 0.069361 -0.371739 0.292282 -0.431583 -0.327797 -0.256110 -0.125324 -0.180887 0.203572 -0.056394 -0.245243 -0.113511 -0.129289 -0.099910 0.029610 -0.053350 0.002598 -0.440399 -0.156579 0.052445 0.055198 0.053572 0.150680
-0.170818 -0.327534 0.369857 0.083386 0.459114 0.647769 0.501581 0.233529 1.000000 0.639622 0.173769 -0.013041 0.175944 0.010349 0.144136 0.198534 -0.085127 -0.117517 0.093979 -0.105058 0.124051 0.121020 0.134150 -0.009314 0.233223 0.358927 0.167205 0.292850 0.080073 0.240381 0.250114 0.201155 -0.123986 0.138642 0.146442 0.144300 0.010200 -0.094866 -0.232314 -0.095204 -0.185889 0.099154 -0.150231 -0.285399 -0.205964 -0.230233 -0.238436 -0.401862 0.029167 -0.171369 -0.032593 0.093713 -0.013758 0.231101 -0.181070 -0.335079 -0.262813 -0.271865 0.150124 -0.075635 -0.005071 0.034697 -0.246378 -0.204570 0.168536 0.127492 -0.119496 -0.054380 -0.245943 -0.327565 0.133418 0.105723 0.031215 0.023765 0.006508 0.281830 -0.047627 0.161300 0.104829 0.030250 0.012702 0.004094 0.228682 0.217875 0.129771 0.039403 -0.094575 0.069403 0.137222 0.087719 -0.250319 -0.096254 0.071631 -0.218553 -0.012738 -0.006146 -0.169086 0.067105 -0.398978 -0.191768 -0.028189 -0.151142 -0.172419 -0.130711 -0.293538 -0.298021 -0.528310 -0.087906 0.101840 0.137354 -0.197929 -0.024358 -0.116525 0.321662 -0.151129 -0.102452
-0.118265 -0.204300 0.163514 0.097553 0.121689 0.584067 0.224577 0.400889 0.639622 1.000000 0.255954 -0.003930 0.268304 0.197026 0.136004 0.272688 -0.125230 -0.276463 -0.029804 -0.219196 0.173212 -0.036844 -0.080763 -0.247154 0.030755 0.129343 -0.136781 0.124689 0.022752 0.217580 0.202631 0.202808 -0.036642 0.211102 0.201285 0.371485 -0.112975 -0.023749 -0.331373 -0.060919 -0.113615 -0.104883 -0.176698 -0.387089 -0.161378 -0.086790 -0.199371 -0.381078 0.078459 -0.156824 -0.225134 0.018859 0.093363 0.190713 -0.056043 -0.288156 -0.101532 -0.261954 0.333630 0.115121 0.136117 0.309979 -0.209081 -0.170769 0.100610 0.283618 0.043183 0.119455 -0.215038 -0.162469 0.002832 0.193644 0.066874 0.060426 -0.007339 0.285090 -0.131708 0.184612 -0.076321 -0.153830 -0.136747 -0.139591 0.073046 0.153591 -0.025674 0.136333 -0.025156 -0.032728 0.114640 0.300222 -0.215631 -0.174518 0.068993 -0.191262 -0.030901 0.239891 -0.279006 -0.030163 -0.348272 -0.165442 0.088350 -0.027053 0.038395 -0.146489 -0.252988 -0.221386 -0.473799 -0.036634 0.123129 0.201406 -0.217795 0.013096 -0.005453 0.394238 -0.067561 0.066595
0.228188 -0.093356 0.243580 0.181263 0.203206 0.370245 0.274815 0.129982 0.173769 0.255954 1.000000 0.379199 0.603327 0.473767 0.546436 0.445729 -0.133677 -0.217512 0.298235 -0.180145 0.123964 0.067633 0.373176 0.123386 0.207647 0.299728 0.153846 0.218684 0.183652 -0.097209 0.112986 0.090747 -0.030046 -0.148062 -0.000969 -0.020871 -0.040699 -0.303023 -0.162239 -0.174505 -0.261035 -0.182762 -0.292882 -0.346608 -0.166636 -0.303835 -0.135968 -0.453356 -0.175780 -0.292495 -0.256426 -0.175053 0.369416 -0.011319 0.243209 -0.044509 -0.110243 -0.199654 0.319160 -0.085341 0.445432 0.033940 0.069244 0.010805 0.187502 0.051504 -0.051361 -0.186081 0.003666 -0.071043 0.219847 0.098191 0.000727 0.031489 0.176609 0.127001 0.181229 0.203902 -0.303182 -0.195722 -0.244930 -0.358007 0.376275 0.074962 0.181035 0.203277 0.348001 -0.033174 0.364258 0.321972 -0.377920 -0.265576 -0.333582 -0.192262 -0.119009 0.124878 -0.158910 -0.041139 -0.403487 -0.349632 -0.168564 -0.150275 -0.313730 -0.265352 -0.555233 -0.370812 -0.479400 -0.064145 0.194385 -0.021724 -0.289535 -0.237764 -0.144742 0.103458 -0.284818 -0.171522
0.313883 0.283413 0.105935 0.362717 -0.148322 -0.024939 0.297305 0.371346 -0.013041 -0.003930 0.379199 1.000000 0.411512 0.789418 0.199676 0.328755 -0.254596 -0.137816 0.266178 -0.055819 -0.285844 -0.333133 0.049788 0.010751 -0.098048 0.069300 -0.080143 -0.125086 -0.247890 -0.448562 -0.139799 -0.144001 -0.037067 -0.286299 -0.405626 -0.330782 -0.253305 -0.166955 0.030479 -0.091795 -0.196507 -0.130309 -0.200373 -0.184419 -0.077502 -0.277419 -0.175668 -0.106219 0.025211 -0.135901 -0.129141 -0.103655 0.166766 -0.198490 0.048297 -0.219266 0.056946 -0.186127 0.142051 0.029124 0.524240 0.320434 0.215495 0.449581 0.259042 0.356262 0.106792 0.059277 0.002418 0.070086 -0.010565 -0.051619 -0.278091 0.183346 0.169455 0.212571 0.188700 0.264587 -0.479271 -0.461518 -0.465699 -0.550453 -0.149649 -0.190853 0.040713 0.351365 -0.063191 -0.079749 0.170008 0.149121 -0.131328 -0.157901 0.075215 -0.143566 -0.413164 0.195888 -0.354412 -0.357940 -0.111236 -0.186036 -0.160289 -0.017427 -0.091794 -0.238055 -0.144379 -0.139566 0.056772 0.209223 0.011713 -0.069316 -0.404353 -0.188313 0.046102 -0.083879 -0.110978 0.020089
0.418441 0.098505 0.360611 0.160621 0.016661 0.223224 0.512631 0.351205 0.175944 0.268304 0.603327 0.411512 1.000000 0.609278 0.476087 0.426584 -0.010653 -0.019673 0.476688 -0.039669 -0.053906 -0.012439 0.044478 -0.182816 -0.034332 0.154733 -0.101572 0.128471 0.136185 0.006478 0.064811 0.103114 0.222628 -0.017014 -0.217256 -0.237445 -0.053763 -0.100940 -0.091737 0.012980 -0.252123 0.036475 -0.329686 -0.315977 -0.154193 -0.303958 -0.320362 -0.392731 -0.273712 -0.387742 -0.607911 -0.442208 0.170553 -0.266817 0.146451 -0.148105 0.006584 -0.141455 0.438885 0.074428 0.570180 0.302742 0.361851 0.317653 -0.140214 -0.017885 0.096350 -0.090665 0.136285 0.125137 0.037851 0.017472 0.012217 0.184492 0.329245 0.113738 0.261936 0.228600 -0.264103 -0.143014 -0.266842 -0.228314 0.115632 0.043316 -0.186824 0.029598 -0.014307 -0.171597 0.236743 0.295210 -0.348337 -0.333248 -0.280810 -0.139368 -0.238608 0.263702 -0.117149 -0.170186 -0.315247 -0.320768 -0.470293 -0.059905 -0.207815 -0.413391 -0.403670 -0.395787 -0.274756 0.081586 0.237501 -0.018723 -0.457638 -0.218816 -0.263399 -0.025289 -0.156825 0.055830
0.339111 0.284752 0.154063 0.330907 -0.216170 -0.018430 0.382431 0.591988 0.010349 0.197026 0.473767 0.789418 0.609278 1.000000 0.263810 0.493372 -0.188568 -0.167335 0.453820 -0.056852 -0.291442 -0.338344 -0.080843 -0.195313 -0.198563 -0.010266 -0.220374 -0.206353 -0.141140 -0.331955 -0.137028 -0.165435 0.023145 -0.326964 -0.397002 -0.335163 -0.259620 -0.324472 -0.095886 -0.152126 -0.260279 -0.154568 -0.260739 -0.262088 -0.131659 -0.295142 -0.221177 -0.263833 -0.091835 -0.261320 -0.330269 -0.238257 0.221181 -0.362054 0.026843 -0.191671 0.046612 -0.189421 0.305696 0.213510 0.611525 0.600518 0.236949 0.498283 0.231762 0.306282 0.148074 0.055497 0.112416 0.202481 -0.065538 -0.099055 -0.169330 0.155947 0.171866 0.211016 0.117932 0.259882 -0.448528 -0.423746 -0.449676 -0.538925 -0.099203 -0.043288 -0.012958 0.279381 -0.010023 -0.167826 0.219237 0.264461 -0.125281 -0.212604 0.015266 -0.131210 -0.327354 0.416717 -0.360688 -0.323510 -0.174796 -0.311496 -0.186176 -0.059265 -0.019119 -0.267168 -0.273021 -0.226817 -0.018458 0.324259 0.017684 -0.032109 -0.546739 -0.285049 -0.010364 -0.002366 -0.187187 0.073210
0.360087 -0.105277 0.138779 -0.012274 0.286398 0.159988 0.167080 0.062920 0.144136 0.136004 0.546436 0.199676 0.476087 0.263810 1.000000 0.622907 -0.034091 -0.210278 0.316032 0.050759 0.265554 0.149670 0.281061 0.096396 0.099248 0.218476 0.132910 0.171276 0.274647 -0.006718 0.162011 0.072843 -0.079277 -0.143808 -0.098861 -0.080953 0.046634 -0.072330 -0.109360 0.031885 -0.203609 0.022899 -0.374119 -0.334919 -0.329479 -0.374582 -0.149101 -0.440692 -0.339950 -0.427935 -0.446367 -0.323405 0.061620 -0.073950 0.245795 -0.100043 -0.179615 0.043753 0.239163 -0.030463 0.188338 0.146318 -0.034648 0.071856 0.083190 -0.071441 -0.087270 -0.177812 0.154369 0.016091 0.062718 -0.087613 -0.056109 -0.019621 0.157224 0.045267 0.048536 -0.022526 -0.186906 -0.070857 -0.149760 -0.090285 0.480526 0.410715 0.108149 0.060077 0.124744 0.086102 0.154933 0.258717 -0.216364 -0.079146 -0.152987 0.038532 -0.052756 0.253745 0.065132 0.091691 -0.261850 -0.161399 -0.206827 -0.130620 -0.267610 -0.147520 -0.336113 -0.235628 -0.238166 0.023746 0.340592 -0.030166 -0.222151 0.037513 -0.218130 0.208850 -0.149910 -0.219956
0.237253 0.193518 -0.097473 0.100306 0.034919 0.127783 0.285528 0.233026 0.198534 0.272688 0.445729 0.328755 0.426584 0.493372 0.622907 1.000000 0.134423 -0.172997 0.406325 0.028840 0.046649 0.132815 0.013781 -0.247486 0.003447 0.063135 -0.069697 -0.035441 0.211455 0.139604 -0.003991 -0.035161 0.077136 -0.238664 -0.207678 -0.183526 0.137641 0.036885 -0.228214 0.132464 -0.056871 0.136422 -0.109372 -0.254598 -0.145166 -0.264771 0.028473 -0.336390 -0.299698 -0.316888 -0.410275 -0.227609 0.027373 -0.080485 0.116581 -0.102633 -0.076155 0.026302 0.058643 -0.015203 0.222074 0.374824 0.184521 0.337529 0.107056 -0.086863 -0.199353 -0.397615 0.172451 0.073975 -0.017986 -0.137223 0.053066 0.053972 0.129768 0.155207 0.059076 0.042802 -0.141283 -0.164794 -0.066146 -0.091946 0.293346 0.594279 0.135875 0.212358 0.152183 0.023241 0.044357 0.245143 -0.236087 -0.253079 -0.154267 -0.139722 -0.017042 0.349488 -0.080815 0.060810 -0.082618 -0.270400 -0.154054 -0.191543 -0.145089 -0.330075 -0.477698 -0.400732 -0.138009 0.233777 0.138605 0.056828 -0.468457 0.079674 -0.239851 0.028148 -0.333257 -0.112925
-0.157913 0.154991 -0.305076 -0.183176 -0.197888 -0.275943 -0.125264 -0.280291 -0.085127 -0.125230 -0.133677 -0.254596 -0.010653 -0.188568 -0.034091 0.134423 1.000000 0.459913 0.125190 0.007558 -0.244849 0.190696 -0.204647 -0.373220 -0.171806 -0.185897 -0.241873 -0.160953 0.410065 0.559848 -0.004531 0.118184 0.334957 0.123129 -0.018854 -0.123449 0.429828 0.299684 -0.064710 0.183266 0.228692 0.343475 0.227946 0.277823 0.212027 0.219843 0.293223 0.203286 -0.075210 0.112515 -0.156678 -0.102517 -0.200742 0.040122 -0.048577 0.082349 0.094997 0.007139 -0.358121 -0.233122 -0.123247 -0.119241 0.281279 0.128192 -0.191962 -0.393027 -0.476033 -0.522706 0.087232 -0.151657 -0.040845 -0.039800 0.559206 0.265098 0.327904 -0.022029 0.339022 0.079075 0.404317 0.361095 0.594266 0.619313 0.085201 0.266756 -0.021603 -0.200003 0.067949 0.101279 -0.265207 -0.279572 0.000066 -0.222710 -0.135343 -0.199687 0.139517 0.006490 0.273422 0.105338 0.253804 -0.069578 -0.021728 -0.087518 0.196142 0.005628 -0.001184 -0.203141 0.063859 0.069393 -0.065959 0.020250 0.063490 0.263272 -0.154523 -0.132019 -0.255628 -0.010497
-0.027089 0.222335 -0.118199 -0.271761 -0.139485 -0.302167 -0.179598 -0.202477 -0.117517 -0.276463 -0.217512 -0.137816 -0.019673 -0.167335 -0.210278 -0.172997 0.459913 1.000000 -0.208573 0.131628 -0.229473 0.124403 -0.216126 -0.248342 -0.245314 -0.297237 -0.291185 -0.307278 0.208862 0.358632 -0.113395 -0.079579 0.168128 0.150481 0.016641 0.059573 0.263033 0.141819 0.057611 0.074089 0.163501 0.268054 0.206037 0.332858 0.297022 0.301155 0.138508 0.329710 0.030650 0.238000 -0.073520 -0.018326 0.012656 0.028944 -0.058139 0.182713 -0.000369 0.151332 -0.159933 0.004580 -0.205032 -0.113162 0.296403 0.144691 -0.373149 -0.468604 -0.227562 -0.310268 -0.176304 -0.052364 -0.033103 0.033895 0.222941 0.149603 0.039716 -0.175650 0.209238 -0.026865 0.411384 0.456342 0.392780 0.623125 -0.035786 0.030363 -0.289996 -0.487595 -0.152237 -0.230126 -0.173207 -0.359167 0.233741 0.114823 0.041346 0.050766 0.071643 -0.054594 0.344120 0.101087 0.403007 0.326957 -0.118564 0.111105 0.080133 0.004151 0.151414 0.027680 0.090274 -0.121868 0.080066 -0.033590 0.204190 0.176801 0.141748 -0.090174 0.033622 0.160305
0.171897 0.271107 0.268816 0.246745 -0.039749 -0.030833 0.488214 0.196220 0.093979 -0.029804 0.298235 0.266178 0.476688 0.453820 0.316032 0.406325 0.125190 -0.208573 1.000000 -0.052822 0.020110 -0.092521 0.040828 -0.185809 0.074063 0.140687 -0.060942 0.109880 0.238226 0.024555 0.291106 0.173058 0.376084 -0.172324 -0.455084 -0.546687 -0.036160 -0.084775 0.145929 0.126417 -0.195441 0.100443 -0.213594 -0.135357 -0.234257 -0.331436 -0.143370 -0.388995 -0.424236 -0.427437 -0.415195 -0.380013 -0.009702 -0.294274 0.092930 -0.071144 -0.002315 -0.058969 0.049055 -0.104318 0.438256 0.260397 0.213823 0.375881 0.093923 0.026012 -0.015242 -0.198010 0.422781 0.016551 0.115930 -0.321699 0.267303 0.363100 0.456596 0.177372 0.351092 0.335017 -0.119512 -0.110628 -0.070468 -0.093491 0.012716 0.060520 0.058904 0.123411 0.095715 0.035828 0.124442 0.168421 -0.410930 -0.423270 -0.372929 -0.324933 -0.169685 0.416333 -0.033783 -0.142118 -0.225719 -0.364655 -0.281606 -0.235795 -0.052448 -0.239601 -0.358808 -0.369870 0.000786 0.232491 0.005953 0.034461 -0.448210 -0.290318 -0.318255 -0.081224 -0.367091 -0.016760
0.494595 0.287876 -0.184543 -0.198637 -0.141144 -0.245016 -0.035484 0.026294 -0.105058 -0.219196 -0.180145 -0.055819 -0.039669 -0.056852 0.050759 0.028840 0.007558 0.131628 -0.052822 1.000000 -0.216601 -0.395558 -0.167480 0.015639 -0.307305 -0.432414 -0.233952 -0.419810 -0.138545 -0.229424 -0.270100 -0.221868 0.119946 0.248078 -0.126238 0.020972 -0.348998 -0.201737 -0.054024 -0.156523 -0.092436 -0.103601 0.068665 -0.114977 0.240162 0.085984 -0.154578 0.302314 0.217121 0.369072 -0.017972 0.193252 0.019333 0.006017 -0.326168 -0.261636 0.138249 0.384802 0.161563 0.477429 -0.208179 0.202059 -0.041219 0.084752 -0.296855 -0.392156 0.119139 0.065206 0.337528 0.568443 -0.313130 -0.038905 -0.213127 -0.330006 -0.397794 -0.207056 -0.309533 -0.420190 -0.052543 -0.061384 0.003939 0.194857 -0.195391 0.102384 -0.512368 -0.575199 -0.442938 -0.459328 -0.367467 -0.432671 0.552851 0.518096 0.257677 0.384899 -0.410138 -0.082961 -0.329461 -0.370812 0.257599 0.299232 -0.086889 0.365049 -0.012106 0.245888 0.441176 0.554057 0.278678 0.223215 -0.117092 -0.311342 -0.089483 0.247067 0.328909 0.216413 0.530810 0.281858
-0.214692 -0.328789 0.216715 0.047893 0.380331 0.371434 -0.047742 -0.154700 0.124051 0.173212 0.123964 -0.285844 -0.053906 -0.291442 0.265554 0.046649 -0.244849 -0.229473 0.020110 -0.216601 1.000000 0.399779 0.372222 0.205436 0.513701 0.482799 0.462555 0.550297 0.317308 0.185708 0.496853 0.374026 -0.015271 0.196051 0.385642 0.341431 0.100485 0.117161 0.136205 0.131484 0.080396 -0.106886 -0.399834 -0.340327 -0.433019 -0.252161 -0.241901 -0.458940 -0.286302 -0.445121 -0.142778 -0.194992 0.044992 0.091271 0.198740 0.016550 -0.251126 0.025330 0.122161 -0.208676 -0.243325 -0.238390 -0.452302 -0.440466 0.113059 0.097228 0.058763 0.108828 -0.178557 -0.198714 0.207856 0.105530 0.074106 0.022767 0.059527 -0.017016 0.063329 0.024031 0.207360 0.243731 -0.056747 0.052910 0.333811 0.105255 0.248140 0.155806 0.246840 0.179887 0.198389 0.321012 -0.303210 -0.145703 -0.233894 0.005973 0.230285 0.031461 0.273894 0.349149 -0.356277 -0.040184 0.034050 -0.147660 -0.099321 -0.102985 -0.177760 -0.147798 -0.232613 -0.244934 0.089758 0.159879 0.178735 -0.125233 -0.278027 0.213611 -0.001946 -0.151546
-0.263259 -0.332381 0.019741 -0.168463 0.256482 0.291324 -0.162127 -0.375188 0.121020 -0.036844 0.067633 -0.333133 -0.012439 -0.338344 0.149670 0.132815 0.190696 0.124403 -0.092521 -0.395558 0.399779 1.000000 -0.016608 -0.114008 0.195315 0.332082 0.301191 0.515802 0.426409 0.505832 -0.015301 -0.000153 -0.192511 -0.231961 0.215603 -0.011986 0.707846 0.360680 -0.169226 0.220530 0.309485 0.248833 0.010632 0.098155 -0.181333 -0.043270 0.261206 -0.054561 -0.236579 -0.216107 -0.156459 -0.192584 -0.119879 0.145661 0.102835 0.459991 -0.088008 -0.164447 -0.150493 -0.306045 -0.326822 -0.438684 -0.050964 -0.350183 -0.308307 -0.226234 -0.204449 -0.311242 -0.191293 -0.270290 0.176856 -0.025137 0.148894 -0.109875 0.010576 -0.086916 0.133590 -0.019556 0.405363 0.395975 0.381810 0.277159 0.580056 0.488079 0.235873 0.192800 0.275990 0.502133 0.055831 0.214527 -0.138396 -0.105067 -0.170656 -0.057462 0.655384 -0.144411 0.672865 0.772209 -0.013930 0.053173 0.000677 -0.277598 -0.056691 -0.007366 -0.271610 -0.257134 -0.359062 -0.230781 0.325266 0.237614 0.380167 0.121649 -0.283617 -0.076101 -0.304915 -0.282001
-0.132211 -0.325823 0.469221 0.365754 0.509733 0.142110 0.378029 -0.026838 0.134150 -0.080763 0.373176 0.049788 0.044478 -0.080843 0.281061 0.013781 -0.204647 -0.216126 0.040828 -0.167480 0.372222 -0.016608 1.000000 0.723495 0.680112 0.528352 0.540484 0.410909 0.070368 -0.160058 0.529212 0.495553 0.003080 0.308525 0.257957 0.201944 -0.180213 -0.152900 0.391685 -0.000608 -0.023454 0.013144 -0.246140 -0.163683 -0.211523 -0.255106 -0.293303 -0.327901 -0.330885 -0.346527 0.004179 -0.156310 -0.033147 0.099323 0.107978 -0.175247 -0.340950 -0.032661 -0.038856 -0.535576 -0.021466 -0.379837 -0.339488 -0.288171 0.545217 0.153055 -0.229912 -0.039469 -0.212289 -0.303485 0.317016 0.240465 -0.005638 0.212617 0.259870 0.122874 0.137382 0.197024 -0.005580 0.074645 -0.260578 -0.125011 0.127124 -0.248632 0.492854 0.163481 0.411984 0.080636 0.485184 0.086788 -0.524276 -0.256754 -0.433570 -0.127805 -0.201767 -0.158439 -0.136346 -0.116793 -0.571040 -0.332311 -0.185034 -0.142777 -0.494907 -0.314162 -0.249913 -0.336170 -0.215546 -0.226436 -0.091139 -0.060313 -0.040772 -0.216276 -0.238438 0.022952 -0.148908 -0.087131
-0.089507 -0.487199 0.359424 0.282376 0.338099 -0.008103 0.189371 0.046345 -0.009314 -0.247154 0.123386 0.010751 -0.182816 -0.195313 0.096396 -0.247486 -0.373220 -0.248342 -0.185809 0.015639 0.205436 -0.114008 0.723495 1.000000 0.532368 0.377039 0.407738 0.204583 -0.068063 -0.360527 0.314018 0.363151 -0.183074 0.220236 0.217364 0.169524 -0.243999 -0.283489 0.391743 -0.199619 -0.065260 -0.113629 -0.042076 -0.047968 -0.092006 -0.130462 -0.260891 -0.058803 -0.047566 -0.057114 0.347493 0.137988 -0.068126 0.065782 0.055321 -0.158683 -0.317262 -0.163350 -0.209824 -0.288669 -0.211800 -0.476220 -0.328910 -0.366414 0.364785 0.176586 -0.051039 0.327449 -0.177281 -0.168075 0.254142 0.260171 -0.215398 -0.008842 0.044104 0.047809 -0.158527 -0.024967 -0.029235 0.042044 -0.232130 -0.186604 -0.007107 -0.358797 0.284864 0.064648 0.184375 -0.063576 0.227015 -0.039763 -0.188507 0.057904 -0.221536 0.084974 -0.214153 -0.247707 -0.163671 -0.169618 -0.395252 -0.173668 -0.102027 0.018367 -0.376066 -0.128995 -0.028576 -0.023011 -0.077000 -0.260630 -0.069851 -0.234486 0.071113 -0.178106 0.009005 -0.085619 0.187802 -0.072661
-0.272002 -0.400137 0.416805 0.351200 0.418127 0.347799 0.362975 -0.095957 0.233223 0.030755 0.207647 -0.098048 -0.034332 -0.198563 0.099248 0.003447 -0.171806 -0.245314 0.074063 -0.307305 0.513701 0.195315 0.680112 0.532368 1.000000 0.713002 0.659754 0.627796 0.209909 0.030083 0.626180 0.583268 -0.013856 0.231764 0.343635 0.186124 -0.041465 -0.123745 0.235540 0.035019 -0.090621 -0.091552 -0.182565 -0.161602 -0.336108 -0.286084 -0.257381 -0.428533 -0.383917 -0.480299 0.009930 -0.213029 0.030524 0.029194 0.123653 -0.125369 -0.300497 -0.206756 -0.150430 -0.500126 -0.095803 -0.447091 -0.265529 -0.274568 0.385359 -0.001202 -0.083995 -0.040002 -0.259918 -0.434640 0.446792 0.224840 0.044566 0.095776 0.175563 0.176136 0.107730 0.196697 0.195193 0.235272 0.018570 -0.004946 0.224051 -0.128174 0.453683 0.098451 0.385603 0.071300 0.347859 0.134370 -0.421953 -0.331817 -0.310716 -0.113767 0.111724 -0.183475 0.090120 0.170341 -0.510137 -0.308628 -0.054129 -0.246335 -0.350917 -0.320083 -0.248405 -0.338214 -0.335746 -0.292568 -0.097485 0.041731 0.004250 -0.283282 -0.327653 -0.029469 -0.192688 -0.170720
-0.224529 -0.482360 0.427463 0.448520 0.468616 0.547130 0.365068 -0.014884 0.358927 0.129343 0.299728 0.069300 0.154733 -0.010266 0.218476 0.063135 -0.185897 -0.297237 0.140687 -0.432414 0.482799 0.332082 0.528352 0.377039 0.713002 1.000000 0.723474 0.771377 0.159240 -0.005574 0.473566 0.498680 -0.212975 -0.037985 0.255863 0.015484 0.088895 -0.004803 0.152651 0.047126 0.072574 0.033868 -0.485204 -0.389435 -0.568044 -0.596032 -0.411617 -0.633605 -0.461101 -0.665345 -0.058865 -0.309231 0.014919 0.023915 0.267895 -0.143504 -0.267103 -0.300341 0.057615 -0.382587 0.070593 -0.279587 -0.250457 -0.214944 0.325594 0.203624 -0.067177 -0.057045 -0.117780 -0.403807 0.270160 0.275387 -0.017156 0.134061 0.187174 0.215006 0.131580 0.320497 0.087254 0.054564 -0.165382 -0.158089 0.382038 -0.021561 0.473354 0.442773 0.352703 0.383830 0.442552 0.353550 -0.458037 -0.311380 -0.179940 -0.108650 0.165156 0.033677 0.094113 0.275630 -0.653033 -0.444436 -0.125198 -0.202967 -0.143016 -0.241924 -0.347342 -0.333267 -0.366045 -0.081215 0.041775 0.186407 -0.071320 -0.370628 -0.428615 0.132468 -0.219124 -0.172521
-0.276631 -0.437181 0.176883 0.205880 0.614207 0.447988 0.076726 -0.236168 0.167205 -0.136781 0.153846 -0.080143 -0.101572 -0.220374 0.132910 -0.069697 -0.241873 -0.291185 -0.060942 -0.233952 0.462555 0.301191 0.540484 0.407738 0.659754 0.723474 1.000000 0.760965 0.162314 -0.095624 0.248670 0.242292 -0.336396 -0.113188 0.239727 -0.013503 0.079836 -0.106930 0.210095 0.076624 0.100506 0.011164 -0.380044 -0.249192 -0.446343 -0.470454 -0.280333 -0.415265 -0.293634 -0.392392 0.145211 -0.068506 0.076804 0.159173 0.225230 0.015433 -0.184544 -0.120085 -0.002234 -0.343429 -0.125424 -0.395465 -0.380340 -0.373438 0.371097 0.068734 -0.061924 -0.048679 -0.028396 -0.212451 0.185835 0.103385 -0.027736 -0.087842 0.015284 -0.041903 0.032067 0.097889 0.061995 0.127202 0.009184 -0.096273 0.387567 0.015552 0.550514 0.290046 0.403673 0.311319 0.392802 0.259445 -0.221410 -0.103699 -0.161384 -0.016044 0.188324 -0.117663 0.117435 0.276943 -0.397114 -0.259530 0.091548 -0.197975 -0.193669 -0.096975 -0.039369 -0.065102 -0.168913 -0.068972 0.077466 0.186312 0.065377 -0.306629 -0.371849 0.002267 -0.050324 -0.302680
-0.253213 -0.417352 0.373485 0.347474 0.509085 0.573113 0.238442 -0.094761 0.292850 0.124689 0.218684 -0.125086 0.128471 -0.206353 0.171276 -0.035441 -0.160953 -0.307278 0.109880 -0.419810 0.550297 0.515802 0.410909 0.204583 0.627796 0.771377 0.760965 1.000000 0.228112 0.092167 0.390444 0.374399 -0.105482 0.006006 0.159605 -0.004252 0.152964 0.068517 0.087852 0.204791 0.048868 -0.015768 -0.429775 -0.332753 -0.506465 -0.455711 -0.272855 -0.523744 -0.386234 -0.548805 -0.164813 -0.313945 0.063920 0.083175 0.310057 0.146030 -0.178054 -0.267273 0.147375 -0.373956 0.019523 -0.360433 -0.308969 -0.350972 0.142526 0.167873 -0.073548 -0.052649 -0.067648 -0.285900 0.183006 0.120448 0.083030 0.037932 0.147577 0.005757 0.075382 0.162762 0.114095 0.157320 -0.064042 -0.080880 0.375417 0.030831 0.337845 0.310418 0.330006 0.406838 0.420351 0.454469 -0.383481 -0.277341 -0.243703 -0.067173 0.254953 -0.039876 0.288633 0.389633 -0.466897 -0.227603 -0.068778 -0.208229 -0.165222 -0.166473 -0.234930 -0.243865 -0.342414 -0.194544 0.227438 0.293373 0.126086 -0.315060 -0.391720 0.001315 -0.193311 -0.278011
-0.398496 -0.263862 -0.051814 -0.118656 0.264988 0.059158 -0.089149 -0.222372 0.080073 0.022752 0.183652 -0.247890 0.136185 -0.141140 0.274647 0.211455 0.410065 0.208862 0.238226 -0.138545 0.317308 0.426409 0.070368 -0.068063 0.209909 0.159240 0.162314 0.228112 1.000000 0.680170 0.400854 0.408999 0.246198 0.157998 0.196088 0.024664 0.322202 0.017678 0.060363 0.091101 0.054797 0.039922 -0.004537 0.024401 -0.085422 -0.004401 0.122302 -0.154896 -0.192562 -0.237294 -0.249098 -0.269911 -0.225012 0.131199 0.003990 0.124135 -0.276371 -0.221269 -0.302797 -0.335204 -0.356735 -0.350819 -0.156206 -0.250685 0.002651 -0.306243 -0.352266 -0.342565 -0.114893 -0.420897 0.222735 -0.106686 0.663329 0.236020 0.260062 0.130557 0.409334 0.181230 0.629761 0.683835 0.525094 0.540153 0.391718 0.375587 0.198604 -0.104144 0.243443 0.025587 -0.218234 -0.080414 -0.284051 -0.332910 -0.439163 -0.349852 0.236835 0.123508 0.373202 0.328517 -0.081919 -0.256553 0.062864 -0.364832 -0.107034 -0.103111 -0.175946 -0.315866 -0.203532 -0.116270 0.152561 0.143730 0.132461 0.067517 -0.353994 0.121516 -0.253450 -0.092919
-0.441546 -0.113412 -0.177327 -0.377764 0.164792 0.053851 -0.193718 -0.330090 0.240381 0.217580 -0.097209 -0.448562 0.006478 -0.331955 -0.006718 0.139604 0.559848 0.358632 0.024555 -0.229424 0.185708 0.505832 -0.160058 -0.360527 0.030083 -0.005574 -0.095624 0.092167 0.680170 1.000000 0.317752 0.346668 0.335228 0.241323 0.335532 0.132409 0.580287 0.331632 -0.119447 0.193047 0.235632 0.306493 0.175180 0.205234 0.085193 0.196210 0.333329 -0.061316 -0.105961 -0.073982 -0.184190 -0.122001 -0.347809 0.236288 -0.112167 0.187114 -0.102520 -0.154339 -0.332818 -0.302975 -0.385431 -0.264202 -0.033241 -0.174157 -0.157825 -0.382701 -0.336655 -0.402798 -0.229810 -0.396103 0.141412 0.003686 0.716855 0.289272 0.233558 0.184239 0.432928 0.207859 0.638155 0.672100 0.649987 0.646951 0.316691 0.439432 0.121196 -0.119963 0.198280 0.149204 -0.275368 -0.128779 -0.254605 -0.385921 -0.290158 -0.389291 0.424307 0.061654 0.410477 0.436095 0.078439 -0.146082 0.081829 -0.311977 0.028864 -0.162342 -0.269556 -0.430307 -0.261539 -0.203058 0.063861 0.248710 0.144607 0.218533 -0.316702 -0.010157 -0.411132 -0.014732
-0.364098 -0.265580 0.420629 0.246892 0.312290 0.104664 0.284196 0.048688 0.250114 0.202631 0.112986 -0.139799 0.064811 -0.137028 0.162011 -0.003991 -0.004531 -0.113395 0.291106 -0.270100 0.496853 -0.015301 0.529212 0.314018 0.626180 0.473566 0.248670 0.390444 0.400854 0.317752 1.000000 0.843101 0.411683 0.522679 0.308562 0.287071 -0.131626 -0.137016 0.251038 0.068434 -0.184090 -0.104076 -0.211156 -0.125784 -0.218287 -0.135820 -0.244691 -0.493055 -0.396249 -0.500449 -0.247144 -0.371714 -0.202236 -0.008236 0.117972 -0.190864 -0.372583 -0.221252 -0.066933 -0.452611 -0.092178 -0.238861 -0.280137 -0.176753 0.358292 0.082171 -0.077145 -0.005958 -0.190345 -0.464132 0.368963 0.208202 0.407886 0.435546 0.349895 0.303961 0.360653 0.418922 0.195156 0.323164 -0.047148 0.137002 0.091029 -0.165832 0.318934 -0.010526 0.282876 0.009069 0.205767 0.074312 -0.595809 -0.544603 -0.431354 -0.303821 0.009877 0.158521 0.054610 0.033721 -0.476414 -0.374518 -0.027643 -0.191245 -0.147178 -0.335745 -0.315524 -0.477949 -0.303418 -0.284543 -0.166105 0.126303 -0.069654 -0.203444 -0.301082 0.133160 -0.291239 0.111363
-0.352898 -0.379263 0.345800 0.208788 0.270593 0.160468 0.262224 0.043768 0.201155 0.202808 0.090747 -0.144001 0.103114 -0.165435 0.072843 -0.035161 0.118184 -0.079579 0.173058 -0.221868 0.374026 -0.000153 0.495553 0.363151 0.583268 0.498680 0.242292 0.374399 0.408999 0.346668 0.843101 1.000000 0.338659 0.610169 0.316667 0.300298 -0.057188 -0.045664 0.354959 0.077165 0.051315 0.008515 -0.131613 -0.198258 -0.201430 -0.186546 -0.322581 -0.391368 -0.329289 -0.457818 -0.202184 -0.307887 -0.324078 0.074515 0.006640 -0.299719 -0.307942 -0.309007 -0.199214 -0.513566 -0.135116 -0.361967 -0.186511 -0.163772 0.248475 -0.033188 -0.208401 0.009125 -0.175050 -0.473384 0.396085 0.381025 0.445640 0.485676 0.362339 0.392229 0.355296 0.477142 0.268259 0.304715 0.057394 0.250585 0.053481 -0.107947 0.166721 -0.024013 0.237857 -0.025635 0.157031 -0.039396 -0.543807 -0.484497 -0.432324 -0.221312 -0.051222 0.075994 -0.080306 -0.044787 -0.514118 -0.415313 -0.106427 -0.096389 -0.148055 -0.355310 -0.236242 -0.385028 -0.257039 -0.265435 -0.140920 0.158564 -0.050465 -0.167616 -0.239386 0.052287 -0.162849 0.182321
0.051123 0.420951 0.077119 -0.011882 -0.129598 -0.303540 0.189026 0.038243 -0.123986 -0.036642 -0.030046 -0.037067 0.222628 0.023145 -0.079277 0.077136 0.334957 0.168128 0.376084 0.119946 -0.015271 -0.192511 0.003080 -0.183074 -0.013856 -0.212975 -0.336396 -0.105482 0.246198 0.335228 0.411683 0.338659 1.000000 0.487025 -0.136935 -0.070449 -0.161332 -0.011801 0.089463 0.189838 -0.088015 0.014811 0.151895 0.183917 0.284049 0.218277 0.064238 0.026121 -0.076200 0.004345 -0.320775 -0.250416 -0.183224 -0.112738 -0.068821 0.008108 0.064493 0.133059 -0.061216 -0.117481 0.048889 0.070312 0.168696 0.261872 -0.067617 -0.095704 -0.043801 -0.216556 0.081092 -0.046019 -0.030129 -0.029599 0.471772 0.398545 0.368798 -0.022668 0.421669 0.142189 0.062109 0.180482 0.101294 0.208065 -0.232760 -0.113740 -0.197229 -0.341413 -0.112172 -0.301462 -0.160734 -0.254906 -0.293793 -0.426394 -0.383431 -0.222845 -0.262504 0.153551 -0.012812 -0.290931 0.058670 -0.135041 -0.143094 -0.019090 -0.013257 -0.331995 -0.213238 -0.314583 0.204869 -0.023125 -0.202026 -0.043100 -0.096950 0.044532 -0.142641 -0.207904 -0.246997 0.173751
-0.148998 -0.161098 0.281323 0.012910 0.143986 0.006134 0.182429 0.081722 0.138642 0.211102 -0.148062 -0.286299 -0.017014 -0.326964 -0.143808 -0.238664 0.123129 0.150481 -0.172324 0.248078 0.196051 -0.231961 0.308525 0.220236 0.231764 -0.037985 -0.113188 0.006006 0.157998 0.241323 0.522679 0.610169 0.487025 1.000000 0.364831 0.574226 -0.321700 -0.074617 0.244492 0.049081 0.017902 -0.045882 0.050694 -0.029836 0.183130 0.272383 -0.275045 0.093562 0.077535 0.051133 -0.176149 -0.118769 -0.277479 0.116533 -0.276307 -0.282379 -0.202230 0.020712 0.018430 -0.244970 -0.300549 -0.224332 -0.239187 -0.245591 0.000146 -0.058388 -0.168101 0.156160 -0.276075 -0.175161 0.100447 0.398117 0.256861 0.222543 0.122904 0.124656 0.115538 0.122014 0.225292 0.309082 0.058208 0.368872 -0.238259 -0.174128 -0.220556 -0.454018 -0.173617 -0.355480 -0.028685 -0.390984 -0.177835 -0.107909 -0.218605 -0.022451 -0.283911 -0.237654 -0.196987 -0.301464 -0.234838 -0.019690 -0.109020 0.107627 -0.162642 -0.210488 0.089670 -0.074039 -0.054701 -0.330657 -0.360440 -0.107340 0.156422 0.120006 0.042779 0.080045 0.132819 0.264127
-0.437142 -0.479069 0.006172 -0.172787 0.351479 0.250639 -0.238862 -0.277440 0.146442 0.201285 -0.000969 -0.405626 -0.217256 -0.397002 -0.098861 -0.207678 -0.018854 0.016641 -0.455084 -0.126238 0.385642 0.215603 0.257957 0.217364 0.343635 0.255863 0.239727 0.159605 0.196088 0.335532 0.308562 0.316667 -0.136935 0.364831 1.000000 0.671644 0.209174 0.116916 -0.010474 -0.157707 0.178283 0.003416 -0.013342 0.003423 -0.083676 0.165616 0.046707 -0.035182 0.046609 0.010106 0.081524 0.047814 -0.231091 0.283713 -0.028140 0.006080 -0.364612 -0.183285 -0.164731 -0.317606 -0.449719 -0.399065 -0.459845 -0.496504 0.216750 -0.044800 -0.185857 0.063723 -0.436767 -0.375214 0.242847 0.393874 0.105103 -0.018862 -0.025859 0.119846 0.145190 0.154848 0.360234 0.386737 0.172485 0.208901 0.331082 0.031412 0.285723 0.015466 0.279212 0.161287 0.025113 -0.050131 -0.162663 -0.105293 -0.157926 -0.102674 0.340751 -0.288876 0.118395 0.288965 -0.123373 -0.158388 0.104985 -0.247008 -0.072214 -0.155305 -0.077700 -0.115362 -0.273965 -0.350993 -0.115461 -0.063731 0.331488 0.116833 -0.189753 0.082164 -0.003862 -0.057869
-0.218489 -0.294713 0.067524 -0.189684 0.180378 0.206592 -0.231772 -0.033406 0.144300 0.371485 -0.020871 -0.330782 -0.237445 -0.335163 -0.080953 -0.183526 -0.123449 0.059573 -0.546687 0.020972 0.341431 -0.011986 0.201944 0.169524 0.186124 0.015484 -0.013503 -0.004252 0.024664 0.132409 0.287071 0.300298 -0.070449 0.574226 0.671644 1.000000 -0.141454 -0.035400 -0.049273 -0.085955 0.061577 -0.111613 0.026464 -0.160873 0.089040 0.303971 -0.137384 0.013545 0.144369 0.092347 0.010988 0.058402 -0.049261 0.222466 -0.193691 -0.205584 -0.198147 0.028856 0.111565 -0.129613 -0.398470 -0.187986 -0.414975 -0.481220 0.050669 0.059581 -0.059662 0.248674 -0.401443 -0.153144 0.170310 0.469286 -0.056675 -0.027728 -0.192267 0.065529 -0.141720 -0.007146 0.172116 0.118406 -0.055182 0.119416 0.036056 -0.034777 -0.081142 -0.183856 -0.055579 -0.153944 0.026697 -0.178854 0.018589 0.119627 0.098999 0.180654 0.064428 -0.233657 -0.104030 0.062073 -0.129773 0.202063 0.214957 0.179349 -0.004471 0.053500 0.063320 0.103231 -0.206643 -0.337936 -0.166627 0.046474 0.394516 0.244441 0.174188 0.262156 0.244877 0.131710
