1.000000 0.114116 0.360642 0.036398 0.037004 -0.293473 0.071774 -0.399136 0.085858 -0.178509 0.679872 0.174206 0.230469 0.095652 0.400687 0.108418 0.133605 -0.125143 0.427575 0.096483 -0.477059 -0.263055 0.369528 -0.056645 -0.129529 -0.384443 0.192942 0.049156 -0.130649 -0.506272 -0.397170 -0.605677 -0.075390 -0.455442 -0.156359 -0.399345 -0.032536 -0.083981 -0.104689 -0.472136 -0.181562 0.038522 0.031566 -0.094528 -0.051426 -0.228283 0.091657 0.095049 0.219140 0.123810 0.219644 0.253145 0.292318 0.130921 -0.028653 -0.215440 0.284527 0.011333 0.193083 -0.084875 0.217284 -0.068322 -0.025468 -0.037474 0.360492 0.179852 0.094560 -0.184048 0.139060 0.076451 -0.247345 -0.181858 -0.316221 -0.245648 0.013163 -0.195283 0.132079 -0.173908 0.026375 -0.052914 -0.079576 -0.114778 0.233025 0.016101 0.158459 0.128550 0.028746 0.053340 -0.045230 0.196023 0.003825 0.142700 -0.063791 0.157934 -0.260830 -0.116090 -0.391801 -0.148968 0.008211 -0.003903 0.054171 0.084848 -0.142455 -0.043734 -0.234578 -0.145862 0.040657 0.281941 -0.026192 -0.017828 -0.358120 -0.071332 0.147084 0.006369 -0.161421 -0.268168
0.114116 1.000000 -0.381076 0.311593 -0.170130 -0.158548 -0.244742 -0.097730 -0.234545 -0.037472 -0.170542 0.041956 -0.167603 0.138769 -0.239585 0.075075 0.265046 0.162483 0.154679 0.530432 -0.169892 -0.233201 -0.413479 -0.385473 -0.564584 -0.470074 -0.033385 -0.006433 -0.127516 0.007837 -0.442423 -0.362516 0.152019 -0.200262 -0.533112 -0.195009 -0.093010 -0.060340 -0.011423 0.033775 -0.063788 0.055278 -0.058158 -0.146557 0.202891 -0.040068 -0.107994 -0.055156 -0.317524 -0.252680 0.013450 0.011446 -0.121940 -0.260973 -0.035483 0.047237 0.143121 0.486935 0.076983 0.295264 -0.034271 0.258643 0.503253 0.408192 -0.330852 -0.031115 0.111084 -0.088996 -0.072448 0.207079 -0.407919 -0.225568 0.078321 0.196297 0.168218 -0.032802 -0.080219 -0.157850 0.260361 0.142750 0.429207 0.311041 -0.127554 0.344220 -0.203195 0.159103 -0.166280 0.296937 -0.025788 0.073721 0.168216 -0.274214 0.014883 -0.340843 -0.307454 -0.061370 -0.146111 -0.057493 0.452372 0.045829 0.128429 -0.008778 0.542063 0.066615 0.063650 -0.130547 0.264178 -0.058503 0.136454 -0.078003 -0.433710 0.323646 0.291002 0.302765 0.071543 0.132538
0.360642 -0.381076 1.000000 0.008871 0.182193 0.004114 0.747160 -0.007831 0.515542 0.054613 0.450431 -0.040030 0.355844 -0.319040 0.414030 -0.179277 -0.153144 -0.234583 0.124139 -0.054747 -0.265350 -0.156616 0.587099 0.240191 0.263690 -0.007825 0.026700 -0.052005 -0.013572 -0.391610 0.098459 -0.216274 -0.219748 -0.171656 0.124129 -0.142092 -0.212777 -0.336597 -0.325546 -0.446406 -0.081917 0.014826 0.048990 0.087410 -0.102444 -0.040349 0.043562 0.050140 0.320360 0.253938 -0.067932 -0.008579 0.125516 0.145460 -0.238368 -0.166628 -0.073033 -0.321020 0.226989 -0.208526 0.198869 -0.175970 -0.580665 -0.354995 0.382592 0.192672 0.049757 -0.015624 0.073071 0.031200 0.007226 -0.113812 -0.261562 -0.441669 -0.239702 -0.136531 0.028334 -0.096555 -0.257585 -0.233966 -0.510307 -0.451050 0.200242 -0.114701 0.093777 -0.207183 0.010135 -0.272160 -0.022894 -0.013565 0.066864 0.340141 0.018119 0.480002 -0.057643 0.079974 -0.280445 -0.355620 -0.211729 -0.058812 -0.064003 0.091914 -0.206358 0.144614 0.040513 0.182322 -0.104465 0.448250 0.036846 0.278909 -0.003989 -0.144435 -0.100793 -0.167439 -0.018832 -0.092624
0.036398 0.311593 0.008871 1.000000 -0.180219 -0.259693 -0.184506 0.145698 -0.281982 -0.294135 0.078368 0.286551 -0.343150 0.208156 0.043776 0.080770 -0.026500 -0.211306 0.280227 0.378006 0.002043 0.021388 0.127037 0.262014 -0.183807 -0.320070 0.089920 -0.054217 -0.126271 -0.113178 -0.058792 0.008915 0.253685 0.109912 -0.223251 -0.155756 0.017864 0.087420 -0.092392 -0.063219 0.131915 0.016479 -0.088861 -0.068910 -0.100109 -0.228992 0.014773 -0.175212 -0.317295 -0.242578 -0.271031 -0.145646 -0.168552 -0.139017 0.064976 0.100293 -0.262095 -0.020966 -0.197246 -0.016008 -0.348551 -0.064645 -0.044127 -0.129144 0.290260 0.449895 -0.104001 -0.244038 0.147193 -0.002374 0.022592 0.044398 0.032778 0.281326 0.181848 0.045086 0.241378 0.069378 -0.078514 0.122439 -0.013850 -0.152820 0.263439 0.276969 0.228970 0.266339 0.190665 0.228887 0.171589 0.233802 -0.126130 -0.126967 -0.064594 -0.064917 -0.147685 0.114829 -0.033231 -0.142060 0.099508 -0.176002 -0.059459 -0.201320 0.176013 -0.070185 0.296986 -0.019931 0.142078 -0.050879 -0.014679 0.069074 -0.410759 -0.132108 -0.012113 -0.070532 -0.064493 0.176965
0.037004 -0.170130 0.182193 -0.180219 1.000000 0.502512 0.239835 0.199502 0.623509 0.687354 0.055772 0.270282 -0.070631 -0.001882 0.545455 0.525540 -0.393942 -0.273488 -0.246747 -0.145760 -0.060169 -0.137476 -0.064347 -0.074689 0.038164 -0.128205 0.110550 -0.239241 -0.047337 -0.271642 -0.087565 -0.243688 -0.315713 0.002269 0.204919 0.227669 -0.222379 -0.251784 0.050817 -0.169005 -0.075407 -0.123118 -0.270546 -0.265591 -0.167578 -0.090454 -0.284111 -0.245543 0.151854 0.038457 0.154091 0.023671 0.123435 -0.141293 -0.262754 -0.345637 -0.251910 -0.088364 0.476633 0.223699 0.436202 0.233273 -0.412692 -0.207630 0.122938 0.202233 0.180329 0.173637 0.136206 0.194377 0.049276 0.178097 -0.331193 -0.220604 -0.141171 0.105897 -0.215613 -0.049911 -0.453906 -0.216705 -0.509950 -0.429205 0.198752 0.093266 -0.308645 -0.250214 -0.214231 -0.284736 0.244848 0.118924 0.334018 0.565522 0.352511 0.352421 0.179765 -0.036736 -0.088058 0.079094 -0.366794 -0.049708 0.064363 0.284381 -0.007114 0.158871 -0.105159 0.171868 -0.180812 0.087790 -0.279653 -0.036180 0.111453 0.155901 0.000930 0.034446 0.124273 -0.006926
-0.293473 -0.158548 0.004114 -0.259693 0.502512 1.000000 0.267438 0.456962 0.565828 0.826711 -0.302068 0.059756 0.026654 -0.256563 -0.067993 0.067954 -0.272006 -0.311017 -0.218470 -0.043102 0.121701 -0.193322 -0.345347 -0.259660 0.043199 0.154603 -0.068851 0.125641 -0.084858 -0.054792 -0.111462 0.036787 -0.154168 0.361185 0.239155 0.357010 -0.402597 -0.507091 -0.093103 -0.032251 -0.282570 -0.336631 0.032469 -0.099856 0.180670 0.336984 -0.204716 -0.057442 0.196444 0.276764 0.049009 0.107130 0.023825 -0.018523 -0.184360 -0.150224 -0.239950 -0.129188 0.290710 0.385820 0.124896 0.330033 -0.234785 -0.320621 -0.222653 0.004074 0.308974 0.448608 -0.062466 0.144275 -0.135880 -0.035952 -0.187810 -0.208442 -0.251798 -0.083970 -0.430549 -0.133925 -0.223734 -0.334193 -0.305063 -0.414149 -0.225171 -0.108473 -0.489073 -0.506525 -0.350076 -0.429837 0.028382 -0.133489 0.231004 0.284962 0.215483 0.075642 0.236338 0.073220 -0.004877 0.113575 -0.221646 -0.031822 0.189214 0.313398 0.134539 0.283656 0.243344 0.252027 -0.089038 0.043195 -0.186679 -0.114455 0.168993 0.255410 0.046296 -0.097872 0.293719 -0.011726
0.071774 -0.244742 0.747160 -0.184506 0.239835 0.267438 1.000000 0.358271 0.710494 0.345812 0.196070 0.048736 0.543162 -0.296563 0.266889 -0.164077 -0.003489 -0.071613 -0.120497 -0.087246 -0.253238 -0.287292 0.166327 -0.085755 0.101613 -0.066750 -0.299730 -0.219632 0.140286 -0.148015 -0.049228 -0.207486 -0.203854 -0.052815 0.235732 -0.028840 -0.274651 -0.482813 -0.299135 -0.311109 -0.229209 -0.113392 0.038559 0.059984 0.075696 0.187337 -0.112157 -0.036999 0.199727 0.173716 -0.134721 -0.135136 0.006259 -0.051319 -0.326089 -0.235210 0.107462 -0.047238 0.373347 -0.068094 0.442626 0.091103 -0.365225 -0.206047 -0.083973 0.045388 0.172916 0.116197 -0.122312 -0.020771 0.010541 -0.063376 -0.091463 -0.317631 -0.279119 -0.081978 -0.097914 -0.044547 -0.199615 -0.237275 -0.332059 -0.324999 -0.115594 -0.147648 -0.261100 -0.488584 -0.267521 -0.394662 -0.114003 -0.332117 0.259260 0.239618 0.094108 0.311209 0.026200 0.051002 -0.278181 -0.208940 -0.188917 0.088664 0.101968 0.198591 -0.036659 0.258091 0.124799 0.207664 -0.021953 0.300203 0.025983 0.185883 0.044069 0.008695 -0.104999 -0.179922 0.010297 0.044456
-0.399136 -0.097730 -0.007831 0.145698 0.199502 0.456962 0.358271 1.000000 0.337745 0.480329 -0.401345 0.293540 0.159027 0.041260 -0.165406 0.185985 -0.000439 -0.075119 -0.285730 -0.172929 0.105401 -0.118950 -0.355133 -0.189980 -0.101183 0.053378 -0.530750 -0.340312 0.059617 0.188823 -0.014197 0.110689 0.187756 0.437952 0.229329 0.185649 -0.274645 -0.265914 -0.096251 -0.013333 -0.138971 -0.224312 -0.038846 -0.004785 0.084828 0.293241 -0.243223 -0.266745 -0.190782 -0.008679 -0.122472 -0.164786 -0.102462 -0.215133 -0.110398 -0.034463 -0.085585 0.116524 0.096670 0.238998 0.202678 0.389395 0.053745 -0.107205 -0.373978 0.135406 0.196827 0.260334 -0.253531 -0.148638 0.134466 0.281431 0.085569 0.317834 -0.008698 0.207031 -0.072906 0.191629 -0.197753 -0.179577 -0.113954 -0.168523 -0.339671 -0.178730 -0.456568 -0.497557 -0.280700 -0.421614 -0.072955 -0.236456 0.192328 -0.035021 0.101249 -0.031630 0.026877 0.035993 0.024260 0.060280 -0.104846 0.127824 0.229273 0.080690 0.062008 0.139609 0.284806 0.091377 -0.021132 -0.119602 -0.134183 -0.067422 0.043705 0.103218 0.028313 -0.171861 -0.072627 0.114810
0.085858 -0.234545 0.515542 -0.281982 0.623509 0.565828 0.710494 0.337745 1.000000 0.705823 0.100726 0.069207 0.437104 -0.282437 0.384716 0.168177 -0.171727 -0.289272 -0.178402 -0.100646 -0.238121 -0.340926 -0.033102 -0.138890 0.088153 -0.032352 -0.173547 -0.184046 -0.068579 -0.319067 -0.191853 -0.313461 -0.322365 -0.045340 0.222146 0.153313 -0.391296 -0.514948 -0.256593 -0.370657 -0.287216 -0.162355 0.015583 -0.076538 0.089624 0.215076 -0.115275 -0.113770 0.360452 0.322274 0.109329 0.152030 0.172968 -0.011670 -0.356449 -0.278515 -0.129194 -0.124601 0.535978 0.236720 0.489747 0.256384 -0.358369 -0.250277 -0.132185 0.061147 0.256255 0.207275 -0.016057 0.121577 -0.025817 -0.044575 -0.349744 -0.382652 -0.312342 -0.052427 -0.378097 -0.267659 -0.335907 -0.326473 -0.473727 -0.467575 -0.112623 -0.106190 -0.459473 -0.472707 -0.388725 -0.505305 -0.080258 -0.092802 0.355411 0.493643 0.269730 0.339745 0.090166 0.030112 -0.272544 -0.134450 -0.211714 0.128654 0.172964 0.358676 -0.062158 0.306613 0.047102 0.230457 -0.033411 0.278096 -0.154456 -0.068359 0.037348 0.129317 -0.061860 -0.055768 0.060670 -0.011319
-0.178509 -0.037472 0.054613 -0.294135 0.687354 0.826711 0.345812 0.480329 0.705823 1.000000 -0.237039 0.217764 0.057977 -0.162214 0.074362 0.302093 -0.228697 -0.231255 -0.267118 -0.053700 -0.098720 -0.296407 -0.378527 -0.324598 -0.038208 -0.001567 -0.190949 -0.168613 -0.028401 -0.123237 -0.160893 -0.142024 -0.220735 0.259019 0.204376 0.365847 -0.376406 -0.521421 -0.114501 -0.074675 -0.253341 -0.305575 0.006764 -0.091798 0.207781 0.354016 -0.279222 -0.169439 0.119364 0.196223 0.049937 0.084629 0.024857 -0.188819 -0.250232 -0.240213 -0.108141 0.034888 0.438805 0.393253 0.372893 0.460956 -0.185423 -0.187771 -0.252678 0.063349 0.340308 0.407470 -0.057804 0.170074 -0.180506 -0.064684 -0.265508 -0.231859 -0.318033 -0.070254 -0.463214 -0.202441 -0.313838 -0.377061 -0.318751 -0.368394 -0.129924 0.021844 -0.585760 -0.539128 -0.439297 -0.460263 0.041861 -0.167116 0.377170 0.298346 0.318750 0.082365 0.106311 0.003586 -0.134607 -0.020639 -0.243637 -0.007058 0.182366 0.350859 0.079939 0.217317 0.118443 0.287877 -0.145203 0.144451 -0.214668 -0.155814 0.116404 0.313986 0.114972 0.009288 0.205828 -0.024359
0.679872 -0.170542 0.450431 0.078368 0.055772 -0.302068 0.196070 -0.401345 0.100726 -0.237039 1.000000 0.242946 0.276236 0.226331 0.637598 0.043394 -0.096974 -0.281810 0.430236 0.046012 -0.333740 0.010599 0.623104 0.312913 0.131721 -0.185721 0.198363 -0.029177 -0.029193 -0.482271 -0.120349 -0.308691 -0.221190 -0.321868 -0.120796 -0.244554 0.004718 -0.026223 -0.161193 -0.281657 -0.124246 0.012547 -0.114761 -0.178240 -0.276207 -0.397443 0.061095 -0.053798 0.196516 0.015777 0.069142 0.097071 0.254413 0.168294 -0.200143 -0.314912 0.045370 -0.196492 0.043572 -0.300235 0.040074 -0.370329 -0.293580 -0.320549 0.620689 0.219941 -0.154162 -0.310184 0.321431 0.006154 0.066452 0.078714 -0.340207 -0.349258 -0.119587 -0.192612 0.215185 0.082919 -0.249525 -0.126034 -0.243794 -0.230770 0.491814 0.136547 0.415166 0.308903 0.273152 0.191174 0.022281 0.231499 0.036021 0.321518 -0.015580 0.357332 -0.080101 0.077906 -0.366255 -0.177924 -0.231356 -0.268110 -0.129552 0.005211 -0.355009 -0.056041 -0.159144 0.054076 -0.086637 0.265335 0.019448 0.132110 -0.202223 -0.318040 -0.191645 -0.013385 -0.077366 -0.255592
0.174206 0.041956 -0.040030 0.286551 0.270282 0.059756 0.048736 0.293540 0.069207 0.217764 0.242946 1.000000 -0.074769 0.540085 0.272403 0.509126 0.015289 -0.115763 0.036866 -0.026610 -0.111982 -0.142108 -0.089991 -0.116743 -0.240336 -0.358944 -0.249921 -0.460788 0.218307 0.047125 -0.101106 -0.099592 0.074282 0.003057 -0.107698 -0.122319 0.102947 0.036875 -0.073150 -0.052923 -0.032478 -0.063193 -0.162403 -0.071703 0.052832 -0.030845 -0.096699 -0.258744 -0.318997 -0.219467 -0.194153 -0.155087 -0.103030 -0.381131 -0.092763 -0.230547 0.079259 0.050421 0.029249 -0.028669 0.179067 0.312113 -0.105143 -0.153607 0.112218 0.458764 -0.056587 -0.118646 -0.039481 -0.110041 0.101101 0.311977 0.065947 0.302238 0.223384 0.258860 0.333458 0.352125 -0.246326 -0.171134 -0.216520 -0.226008 0.210749 0.302511 -0.183726 -0.050224 -0.142136 -0.069945 -0.054171 -0.057757 -0.016068 0.112364 0.240913 0.152426 -0.010423 -0.039628 -0.058350 -0.069914 -0.184323 -0.120283 -0.011297 0.129961 0.002265 -0.067230 0.075957 -0.084543 -0.040053 -0.123054 -0.186052 -0.081780 -0.260351 -0.080051 0.204186 0.111995 -0.052582 -0.010611
0.230469 -0.167603 0.355844 -0.343150 -0.070631 0.026654 0.543162 0.159027 0.437104 0.057977 0.276236 -0.074769 1.000000 0.032342 0.176131 -0.075438 0.274734 0.120557 -0.010671 -0.276481 -0.197784 -0.085879 0.118425 -0.142971 0.065382 0.025426 -0.280862 -0.039337 -0.080134 -0.162550 -0.211701 -0.293415 -0.168890 -0.224763 0.156886 -0.122251 -0.231104 -0.252330 -0.186083 -0.323120 -0.346572 -0.020713 0.067053 0.008070 0.045651 0.109172 0.072097 0.032960 0.221464 0.210236 0.239674 0.171122 0.336505 0.142760 -0.260130 -0.163686 0.370928 0.078660 0.151738 -0.032356 0.441303 0.021154 0.115408 0.031504 -0.218295 -0.187082 0.100651 -0.049577 -0.237453 -0.169005 -0.067165 0.051865 -0.129615 -0.150898 -0.140586 -0.166737 -0.046813 0.001043 0.107127 -0.059385 -0.004356 0.045294 -0.331782 -0.320266 -0.143447 -0.232159 -0.061335 -0.168530 -0.261920 -0.116411 0.104908 0.038102 -0.144218 0.087273 -0.201579 -0.240515 -0.349933 0.037009 -0.131744 0.163477 0.098896 0.054587 -0.199626 0.124402 -0.256401 -0.092618 0.058210 0.249785 -0.072390 -0.091581 0.011507 -0.048494 -0.069184 -0.140481 -0.208382 -0.196439
0.095652 0.138769 -0.319040 0.208156 -0.001882 -0.256563 -0.296563 0.041260 -0.282437 -0.162214 0.226331 0.540085 0.032342 1.000000 0.087307 0.424769 -0.029508 -0.079198 -0.178872 -0.219384 0.021122 0.227810 -0.038401 0.145029 -0.072992 -0.119255 -0.050494 -0.103290 -0.138701 -0.105003 -0.055114 0.063680 -0.027034 -0.112033 -0.109256 -0.056746 0.183665 0.299875 0.187237 0.022069 -0.002492 0.152069 -0.253047 -0.062201 -0.095720 -0.136836 0.043671 -0.078223 -0.190875 -0.183473 0.119459 0.015667 0.129122 -0.345251 0.098085 0.087777 0.024680 0.006892 -0.127789 -0.091041 -0.130096 -0.058720 0.035173 -0.090893 0.015698 0.316568 -0.122014 -0.175043 0.075435 -0.142893 0.117283 0.428239 -0.135024 0.238523 0.056459 0.080599 0.147610 0.348298 -0.092804 0.004312 -0.053263 -0.048814 0.108372 0.103787 0.011814 0.388071 0.226767 0.260764 -0.084848 0.239834 0.064789 -0.089425 0.253361 0.080764 -0.148426 -0.271787 0.116444 0.146899 -0.150287 -0.123991 -0.037796 -0.054027 -0.046049 -0.140056 -0.141053 -0.285613 -0.026004 -0.094449 -0.246180 -0.134693 -0.086223 -0.087836 -0.020290 0.176586 -0.086476 -0.015546
0.400687 -0.239585 0.414030 0.043776 0.545455 -0.067993 0.266889 -0.165406 0.384716 0.074362 0.637598 0.272403 0.176131 0.087307 1.000000 0.432294 -0.149058 -0.214068 0.210164 -0.118737 -0.176010 -0.044418 0.527301 0.210503 0.131623 -0.143951 0.299406 -0.184951 0.162872 -0.322139 -0.036945 -0.340976 -0.238047 -0.201070 0.066905 -0.052395 0.020595 0.033250 0.012988 -0.341658 -0.011940 0.220809 -0.244472 -0.278676 -0.336807 -0.419992 -0.097869 -0.340439 0.104637 -0.091893 0.008720 -0.081993 0.202848 0.009018 -0.137979 -0.341509 -0.114959 -0.181814 0.260047 -0.200537 0.335726 -0.112719 -0.376944 -0.225897 0.535697 0.117024 -0.150267 -0.322594 0.286951 0.018377 0.220925 0.214680 -0.238095 -0.271414 0.047409 0.062115 0.246751 0.061226 -0.306110 -0.068329 -0.294773 -0.221835 0.587627 0.143265 0.196833 0.012861 0.192520 0.002479 0.359987 0.280803 0.082236 0.522492 -0.047954 0.441636 0.044749 0.056523 -0.251476 -0.071143 -0.311585 -0.226025 -0.092119 0.081223 -0.319918 -0.082602 -0.289766 -0.021415 -0.032924 0.195735 -0.106943 -0.049949 -0.135579 -0.253295 -0.184045 -0.178285 -0.090716 -0.090767
0.108418 0.075075 -0.179277 0.080770 0.525540 0.067954 -0.164077 0.185985 0.168177 0.302093 0.043394 0.509126 -0.075438 0.424769 0.432294 1.000000 0.061396 0.038476 -0.065118 -0.121010 -0.071538 0.028257 -0.129713 -0.086991 -0.214658 -0.176855 0.139361 -0.250725 0.097811 -0.083361 -0.119763 -0.254527 0.032380 -0.050618 -0.079605 0.135008 0.039420 0.118106 0.245044 -0.025424 0.007075 0.173612 -0.388607 -0.255338 -0.138756 -0.135029 -0.261379 -0.369752 -0.374601 -0.309449 -0.014764 -0.212664 0.006900 -0.351194 -0.126959 -0.136890 0.017062 0.125427 0.168036 0.062191 0.366501 0.325561 0.018008 0.010895 0.079325 0.268791 -0.029246 -0.080502 -0.006567 -0.000629 -0.047406 0.191527 -0.105207 0.117853 0.185140 0.223007 0.084365 0.092467 -0.152473 0.030847 -0.086913 -0.087031 0.290616 0.352666 -0.150115 -0.083782 -0.175207 -0.088648 0.275762 0.223146 0.171066 0.190024 0.075467 0.060719 -0.007418 -0.094120 -0.023427 0.067433 -0.311576 -0.083152 0.022670 0.060197 -0.017069 -0.019167 -0.151508 -0.065808 -0.045979 -0.042860 -0.206329 -0.268470 -0.086172 -0.103948 0.085482 -0.068629 -0.001460 0.087597
0.133605 0.265046 -0.153144 -0.026500 -0.393942 -0.272006 -0.003489 -0.000439 -0.171727 -0.228697 -0.096974 0.015289 0.274734 -0.029508 -0.149058 0.061396 1.000000 0.710960 0.321697 -0.001065 -0.200124 -0.211800 -0.112115 -0.400549 -0.262664 -0.165230 -0.237645 -0.159662 0.374861 0.369581 -0.098327 -0.184219 0.422984 -0.135814 -0.239708 -0.405512 0.254710 0.224490 0.061376 0.052708 0.099248 0.119271 0.048305 0.110686 0.154066 0.038364 0.119822 0.010658 -0.317111 -0.188851 -0.016979 -0.163594 -0.110576 0.080541 0.133813 0.088757 0.574439 0.353455 -0.265884 -0.293000 0.157698 0.100972 0.570623 0.466741 -0.299889 -0.300439 -0.200036 -0.349305 -0.352364 -0.446687 -0.069058 -0.059632 0.564658 0.373558 0.484649 0.205342 0.418421 0.222113 0.556345 0.472152 0.626408 0.630267 -0.316986 0.001951 -0.044270 -0.218984 -0.363920 -0.142666 -0.118259 -0.436302 -0.252447 -0.445937 -0.343103 -0.408452 -0.135958 -0.133336 -0.002783 0.045533 0.234973 0.301618 -0.009320 -0.124554 -0.000890 -0.152329 -0.085928 -0.276491 0.125362 -0.157255 0.067647 -0.057630 -0.143430 -0.053603 0.150395 -0.050790 -0.166646 0.009246
-0.125143 0.162483 -0.234583 -0.211306 -0.273488 -0.311017 -0.071613 -0.075119 -0.289272 -0.231255 -0.281810 -0.115763 0.120557 -0.079198 -0.214068 0.038476 0.710960 1.000000 0.181473 -0.057339 -0.121449 -0.099269 -0.203719 -0.342182 -0.165957 -0.060742 -0.195054 -0.273178 0.461270 0.537076 0.141904 0.021962 0.336533 0.025748 -0.040803 -0.164878 0.407691 0.270732 0.187532 0.127378 0.234442 0.245437 -0.007212 0.119388 -0.002781 -0.009811 0.063054 0.050656 -0.440195 -0.380823 -0.070905 -0.337898 -0.286913 -0.009516 0.002075 -0.012804 0.621896 0.436392 -0.250326 -0.302032 0.197361 0.069987 0.524835 0.656807 -0.316464 -0.436555 -0.225895 -0.241508 -0.485937 -0.367373 -0.051137 -0.056471 0.582070 0.334656 0.380617 0.168149 0.350993 0.187939 0.562669 0.580428 0.631328 0.776312 -0.203290 0.019292 0.009055 -0.162213 -0.193127 -0.111651 0.014538 -0.493052 -0.212663 -0.485103 -0.267789 -0.260252 -0.120498 -0.173798 0.128254 0.054496 0.199899 0.228496 -0.043072 -0.139758 0.120425 -0.183199 -0.321480 -0.256897 0.130428 -0.108345 0.114877 -0.070334 -0.011179 0.000515 0.108894 -0.079561 -0.177226 0.095316
0.427575 0.154679 0.124139 0.280227 -0.246747 -0.218470 -0.120497 -0.285730 -0.178402 -0.267118 0.430236 0.036866 -0.010671 -0.178872 0.210164 -0.065118 0.321697 0.181473 1.000000 0.387306 -0.268904 -0.108959 0.297465 -0.032440 -0.070110 -0.161170 0.109627 -0.040908 0.261601 -0.027053 0.028872 -0.110046 0.383445 0.078467 -0.303021 -0.374694 0.056641 0.022920 -0.044848 -0.095069 0.047167 0.122542 0.158382 0.052478 0.005753 -0.213332 0.236271 0.139350 -0.202769 -0.140971 -0.157772 -0.071527 -0.190803 0.196819 -0.043626 -0.068199 0.102131 -0.088946 -0.352156 -0.310500 -0.230366 -0.268324 0.219746 0.063653 0.308290 -0.175656 -0.380071 -0.399377 -0.083447 -0.140368 -0.175639 -0.130641 0.160756 0.026980 0.261033 -0.045705 0.326134 0.118257 0.307234 0.242335 0.324138 0.215574 0.365239 0.316997 0.273524 0.008418 0.081281 0.047128 0.101674 -0.103115 -0.186870 -0.063607 -0.410548 -0.120415 -0.222441 0.083373 -0.081994 -0.245881 0.259979 -0.052541 -0.124826 -0.055667 -0.006154 -0.221598 -0.074165 -0.054274 0.033933 0.138963 0.093928 0.052378 -0.272723 -0.145839 0.041802 -0.081744 -0.152469 -0.133047
0.096483 0.530432 -0.054747 0.378006 -0.145760 -0.043102 -0.087246 -0.172929 -0.100646 -0.053700 0.046012 -0.026610 -0.276481 -0.219384 -0.118737 -0.121010 -0.001065 -0.057339 0.387306 1.000000 -0.265891 -0.217611 -0.203506 0.031161 -0.452203 -0.401504 -0.051102 -0.017512 -0.031928 -0.036989 -0.399350 -0.256065 0.073303 0.045488 -0.404785 0.114713 -0.028496 -0.205855 -0.305192 0.147010 -0.077526 0.027256 -0.065319 -0.288647 -0.075541 -0.181447 -0.279523 -0.120920 -0.278558 -0.341136 -0.389663 -0.276821 -0.363200 -0.259073 -0.322429 -0.368743 -0.021819 0.314125 0.062143 0.204679 -0.236076 -0.116854 0.168738 0.070507 -0.002090 0.079565 0.092164 0.124993 0.091547 0.560197 -0.428017 -0.425827 -0.035627 -0.095243 -0.094930 -0.362950 -0.125326 -0.228179 0.078980 0.071155 0.228625 0.082539 0.221991 0.532417 0.042205 0.116240 -0.167770 0.172089 0.174683 -0.014162 0.228027 0.059129 -0.071028 -0.072599 -0.143933 0.348557 -0.265043 -0.332394 0.229434 -0.122245 0.003392 0.011311 0.380211 0.334828 0.461342 0.430127 0.207989 0.157447 0.143366 0.178822 -0.245808 0.234296 0.148782 0.063740 0.327930 0.218696
-0.477059 -0.169892 -0.265350 0.002043 -0.060169 0.121701 -0.253238 0.105401 -0.238121 -0.098720 -0.333740 -0.111982 -0.197784 0.021122 -0.176010 -0.071538 -0.200124 -0.121449 -0.268904 -0.265891 1.000000 0.581198 0.028941 0.179765 0.395502 0.614724 0.161653 0.269456 -0.066719 0.349081 0.523309 0.600425 0.015795 0.220587 0.134534 0.019244 0.026991 0.320746 0.084320 0.303087 0.113759 0.014377 0.071025 0.211041 0.026144 0.124910 0.169025 0.062452 0.078334 0.200399 0.075376 0.036434 0.005367 0.095341 0.234472 0.393988 -0.352158 -0.230774 -0.300600 0.029212 -0.290650 -0.049631 -0.086795 -0.002902 -0.151225 -0.077724 -0.233677 0.011574 -0.045537 -0.272137 0.231048 0.304083 0.095046 0.267230 0.108469 0.310499 0.141484 0.245830 -0.253183 -0.053712 -0.177764 -0.071311 -0.262892 -0.182189 -0.091257 -0.129856 0.104768 -0.159067 -0.149985 0.031820 -0.331774 -0.116288 -0.096567 -0.074626 0.117941 0.082880 0.514371 0.284520 0.018031 0.214701 -0.164375 -0.104551 -0.066149 -0.121672 0.184453 -0.100034 -0.184845 -0.484817 0.088598 0.170023 0.317193 -0.050981 -0.145953 -0.033872 0.004310 -0.033405
-0.263055 -0.233201 -0.156616 0.021388 -0.137476 -0.193322 -0.287292 -0.118950 -0.340926 -0.296407 0.010599 -0.142108 -0.085879 0.227810 -0.044418 0.028257 -0.211800 -0.099269 -0.108959 -0.217611 0.581198 1.000000 0.278644 0.481693 0.414956 0.476243 0.272159 0.304743 -0.029244 0.201182 0.478284 0.474537 0.016793 0.161166 -0.057188 0.012850 0.182155 0.367466 -0.033989 0.223126 0.258083 0.208842 0.012609 0.145747 -0.206675 -0.172996 0.143628 0.072943 -0.008391 0.039329 -0.045190 -0.084234 -0.034030 0.052375 0.008447 0.327395 -0.192088 -0.251546 -0.456412 -0.276605 -0.247204 -0.344569 -0.110038 -0.102541 0.168628 -0.018891 -0.439453 -0.190027 0.105834 -0.191023 0.186358 0.246668 -0.007007 0.086340 -0.060277 0.102536 0.061357 0.089271 -0.164385 -0.090285 -0.102462 -0.017087 0.098418 -0.045000 0.331295 0.135727 0.471790 0.203431 0.040660 0.187179 -0.087181 -0.049123 -0.188852 -0.046220 0.096158 0.112564 0.474021 0.116562 -0.110213 -0.002277 -0.370166 -0.300145 -0.273399 -0.283097 -0.039987 0.014162 -0.264960 -0.071142 -0.139494 0.238908 0.191621 -0.298967 -0.340735 -0.048663 0.072910 0.044827
0.369528 -0.413479 0.587099 0.127037 -0.064347 -0.345347 0.166327 -0.355133 -0.033102 -0.378527 0.623104 -0.089991 0.118425 -0.038401 0.527301 -0.129713 -0.112115 -0.203719 0.297465 -0.203506 0.028941 0.278644 1.000000 0.560390 0.530553 0.246669 0.411660 0.117084 0.014377 -0.288716 0.375643 0.085615 -0.231168 -0.161865 0.043353 -0.208203 0.105337 0.171632 -0.035805 -0.274904 0.225012 0.216079 0.076819 0.116156 -0.217671 -0.273193 0.227476 0.006589 0.312731 0.189597 -0.036428 0.050140 0.203792 0.336298 0.144223 0.068460 -0.183855 -0.464648 -0.149594 -0.489538 -0.179709 -0.468843 -0.470100 -0.332446 0.727123 -0.003602 -0.386186 -0.406137 0.303401 -0.176033 0.225888 0.123656 -0.187291 -0.291048 -0.080912 -0.004920 0.313947 0.058103 -0.184585 -0.103388 -0.340569 -0.256876 0.489981 -0.093218 0.565903 0.116311 0.502874 0.065623 0.146180 0.279153 -0.151587 0.212001 -0.197749 0.326967 -0.048675 0.086687 -0.032105 -0.226110 -0.182616 -0.246210 -0.304693 -0.171103 -0.462800 -0.287296 -0.162888 -0.068680 -0.175782 0.185708 -0.033116 0.231510 -0.046779 -0.477907 -0.309751 -0.126913 -0.119667 -0.204419
-0.056645 -0.385473 0.240191 0.262014 -0.074689 -0.259660 -0.085755 -0.189980 -0.138890 -0.324598 0.312913 -0.116743 -0.142971 0.145029 0.210503 -0.086991 -0.400549 -0.342182 -0.032440 0.031161 0.179765 0.481693 0.560390 1.000000 0.482706 0.396254 0.311940 0.208648 -0.247901 -0.298794 0.324709 0.294171 -0.272125 0.018696 0.019629 0.216688 0.149018 0.205603 -0.094813 0.074710 0.156695 0.157983 -0.106616 -0.057200 -0.426378 -0.319232 -0.032521 -0.165641 0.146318 0.024140 -0.025737 -0.061518 0.012631 0.028932 -0.043078 0.032741 -0.374813 -0.388432 -0.292296 -0.360593 -0.424697 -0.593205 -0.556978 -0.517789 0.542198 0.236580 -0.355147 -0.019652 0.431399 0.101104 0.187181 0.103588 -0.333168 -0.230625 -0.262448 -0.203717 -0.003638 -0.018323 -0.381787 -0.121911 -0.358318 -0.295461 0.342013 -0.005891 0.481772 0.322149 0.475420 0.119631 0.166497 0.323871 0.064445 0.293076 0.085229 0.349699 0.200156 0.347471 0.133291 -0.108142 -0.285747 -0.236285 -0.261521 -0.217611 -0.290987 -0.026490 0.148991 0.360690 -0.116537 0.080361 0.019949 0.228591 0.223164 -0.320328 -0.485836 -0.045364 0.178390 0.196678
-0.129529 -0.564584 0.263690 -0.183807 0.038164 0.043199 0.101613 -0.101183 0.088153 -0.038208 0.131721 -0.240336 0.065382 -0.072992 0.131623 -0.214658 -0.262664 -0.165957 -0.070110 -0.452203 0.395502 0.414956 0.530553 0.482706 1.000000 0.733544 0.304610 0.204069 -0.075178 -0.048776 0.640811 0.492101 -0.110662 0.188077 0.392551 0.107434 0.078037 0.119517 -0.100516 -0.070792 0.279960 0.056762 0.121530 0.279711 -0.076572 0.033568 0.304729 0.205221 0.320663 0.367416 0.083836 0.114118 0.109844 0.350265 0.116846 0.282608 -0.317885 -0.539620 -0.250438 -0.400942 -0.246625 -0.384359 -0.410621 -0.214781 0.289058 -0.131190 -0.295342 -0.133157 0.135541 -0.383583 0.250488 0.168215 -0.140995 -0.190931 -0.172590 0.086117 0.033539 0.044447 -0.304600 -0.214292 -0.365044 -0.249206 0.083115 -0.278761 0.255192 -0.062633 0.335313 -0.253184 -0.103574 0.021386 -0.213868 0.020419 -0.036110 0.181062 0.110771 0.142859 0.342086 -0.010798 -0.129273 0.117834 -0.194416 -0.133206 -0.384410 -0.356056 -0.043133 0.066149 -0.430083 -0.060440 -0.086258 0.296515 0.391137 -0.239309 -0.342079 -0.084691 -0.040391 -0.119717
-0.384443 -0.470074 -0.007825 -0.320070 -0.128205 0.154603 -0.066750 0.053378 -0.032352 -0.001567 -0.185721 -0.358944 0.025426 -0.119255 -0.143951 -0.176855 -0.165230 -0.060742 -0.161170 -0.401504 0.614724 0.476243 0.246669 0.396254 0.733544 1.000000 0.108629 0.253865 0.003759 0.198750 0.675558 0.643441 -0.010973 0.303934 0.194576 0.229628 0.079571 0.235322 0.032882 0.193833 0.152724 0.136847 0.118106 0.276306 -0.074012 0.132219 0.174998 0.098712 0.215724 0.307831 0.158094 0.143175 0.118543 0.232837 0.158290 0.337932 -0.257665 -0.397025 -0.328358 -0.191593 -0.330298 -0.274387 -0.245868 -0.188874 -0.050683 -0.291029 -0.327444 0.027905 0.038124 -0.316278 0.207080 0.194933 -0.017377 -0.084223 -0.107365 0.109383 -0.037554 0.170543 -0.134657 -0.107331 -0.144242 -0.042523 -0.198327 -0.332666 0.008408 -0.217325 0.211175 -0.362857 -0.163526 -0.031689 -0.244389 -0.079694 -0.157970 0.057252 0.210895 0.282504 0.457997 0.132268 -0.086000 0.143974 -0.139861 -0.131558 -0.302668 -0.159586 0.042988 0.054506 -0.308550 -0.174143 0.087685 0.120905 0.501884 -0.136961 -0.354651 -0.072603 0.076145 -0.096480
0.192942 -0.033385 0.026700 0.089920 0.110550 -0.068851 -0.299730 -0.530750 -0.173547 -0.190949 0.198363 -0.249921 -0.280862 -0.050494 0.299406 0.139361 -0.237645 -0.195054 0.109627 -0.051102 0.161653 0.272159 0.411660 0.311940 0.304610 0.108629 1.000000 0.656637 -0.338776 -0.379298 0.069468 -0.075616 -0.248552 -0.226463 -0.001435 0.061610 0.046172 0.114581 0.230082 -0.081775 0.096794 0.151396 -0.141891 -0.073460 -0.148289 -0.247447 -0.007140 0.032812 0.109027 -0.005072 0.039410 -0.000108 0.089960 0.192653 0.126293 0.156677 -0.247173 -0.239151 0.023371 -0.185651 -0.156282 -0.188676 -0.283243 -0.195286 0.564949 0.060530 -0.116781 -0.122296 0.293571 0.091390 -0.053588 -0.106491 -0.311959 -0.298623 -0.069942 -0.045906 -0.013131 -0.254373 -0.152041 -0.011041 -0.178992 -0.188276 0.392766 0.051788 0.457222 0.261915 0.344618 0.311410 0.367523 0.502469 0.012558 0.212090 0.050737 0.149415 0.077822 -0.001748 0.108029 0.071523 -0.182209 -0.276959 -0.152982 -0.063707 0.008948 -0.154307 -0.202656 -0.057726 -0.047901 0.087347 0.019123 0.053035 0.009285 -0.214255 -0.134691 0.020822 0.141949 -0.012129
0.049156 -0.006433 -0.052005 -0.054217 -0.239241 0.125641 -0.219632 -0.340312 -0.184046 -0.168613 -0.029177 -0.460788 -0.039337 -0.103290 -0.184951 -0.250725 -0.159662 -0.273178 -0.040908 -0.017512 0.269456 0.304743 0.117084 0.208648 0.204069 0.253865 0.656637 1.000000 -0.454925 -0.256096 -0.056036 0.058548 -0.115982 -0.158943 -0.011306 0.025516 -0.175914 -0.061161 0.048768 0.013442 -0.194819 -0.011256 0.076992 0.004863 0.027692 0.043835 0.099583 0.218223 0.310564 0.326506 0.164557 0.226548 0.226399 0.296427 0.178291 0.357079 -0.096844 -0.172379 -0.096376 -0.002847 -0.276309 -0.155911 -0.147838 -0.237909 0.158769 0.000570 0.038232 0.095535 0.216548 0.098932 -0.230712 -0.186071 -0.243562 -0.306053 -0.232513 -0.243245 -0.250940 -0.242772 0.008096 -0.104717 -0.041713 -0.145656 -0.097233 -0.163520 0.189781 0.150604 0.235520 0.251266 0.010278 0.278632 -0.011581 -0.066689 0.030704 -0.068481 -0.036407 -0.062106 0.097765 0.124257 -0.024800 -0.086620 0.001829 -0.027710 0.012049 0.015345 0.002298 -0.032930 -0.025550 0.122808 0.069735 0.104510 0.119791 -0.011606 -0.112616 0.016488 0.127751 -0.079443
-0.130649 -0.127516 -0.013572 -0.126271 -0.047337 -0.084858 0.140286 0.059617 -0.068579 -0.028401 -0.029193 0.218307 -0.080134 -0.138701 0.162872 0.097811 0.374861 0.461270 0.261601 -0.031928 -0.066719 -0.029244 0.014377 -0.247901 -0.075178 0.003759 -0.338776 -0.454925 1.000000 0.690900 0.343662 0.195816 0.419143 0.286606 -0.012242 -0.185146 0.409549 0.162171 0.041618 0.074942 0.351015 0.328160 0.111438 0.075779 0.075277 -0.058054 0.062980 -0.103881 -0.269213 -0.253176 -0.304738 -0.295011 -0.148490 -0.069322 0.066218 -0.154807 0.307021 0.043952 -0.170643 -0.307533 0.195866 0.058703 0.201075 0.248594 -0.109911 -0.389255 -0.346773 -0.391548 -0.226068 -0.302718 0.275596 0.110531 0.680964 0.187028 0.429345 0.309579 0.467372 0.278611 0.388371 0.216260 0.389412 0.418073 0.220132 0.288044 -0.111481 -0.308758 -0.168676 -0.208866 0.060895 -0.432552 -0.244876 -0.187442 -0.377048 -0.118059 0.009270 0.113125 0.047511 -0.235853 0.117841 0.026050 -0.013220 -0.031150 -0.172137 -0.325117 -0.104017 -0.112527 -0.102155 -0.024917 -0.024142 0.003555 -0.110648 -0.163914 0.066043 -0.128458 -0.187748 0.002283
-0.506272 0.007837 -0.391610 -0.113178 -0.271642 -0.054792 -0.148015 0.188823 -0.319067 -0.123237 -0.482271 0.047125 -0.162550 -0.105003 -0.322139 -0.083361 0.369581 0.537076 -0.027053 -0.036989 0.349081 0.201182 -0.288716 -0.298794 -0.048776 0.198750 -0.379298 -0.256096 0.690900 1.000000 0.369097 0.453860 0.424870 0.344978 -0.044834 -0.061656 0.412177 0.334516 -0.011916 0.300901 0.361989 0.294798 0.186268 0.191273 0.144013 0.127644 0.090411 -0.028103 -0.282008 -0.173981 -0.269954 -0.279017 -0.231603 -0.007916 0.172259 0.097091 0.217373 0.187021 -0.309257 -0.094235 0.004730 0.165488 0.415774 0.461004 -0.410385 -0.416347 -0.279182 -0.262906 -0.416688 -0.376671 0.217968 0.170319 0.787353 0.507214 0.439115 0.424050 0.369543 0.305010 0.321207 0.217787 0.466764 0.549686 -0.188632 0.126419 -0.122745 -0.278847 -0.144902 -0.159635 -0.111719 -0.458013 -0.338678 -0.469172 -0.296508 -0.323202 0.000245 0.112578 0.326926 -0.057793 0.356472 0.219452 -0.055090 -0.215028 0.027928 -0.292315 0.057509 -0.249396 -0.014433 -0.285064 0.021491 0.054648 -0.014470 0.013566 0.056992 -0.031888 -0.126618 -0.013608
-0.397170 -0.442423 0.098459 -0.058792 -0.087565 -0.111462 -0.049228 -0.014197 -0.191853 -0.160893 -0.120349 -0.101106 -0.211701 -0.055114 -0.036945 -0.119763 -0.098327 0.141904 0.028872 -0.399350 0.523309 0.478284 0.375643 0.324709 0.640811 0.675558 0.069468 -0.056036 0.343662 0.369097 1.000000 0.791015 0.177060 0.402790 0.174685 -0.023524 0.195175 0.306269 0.174800 0.120526 0.516361 0.184646 0.107603 0.416952 -0.015233 0.017739 0.280104 0.162725 -0.064415 0.045860 -0.080555 -0.097082 -0.088996 0.189688 0.238298 0.341567 -0.213358 -0.466946 -0.393139 -0.451087 -0.272336 -0.253510 -0.255880 -0.031216 0.137713 -0.234017 -0.566790 -0.279691 -0.060509 -0.434061 0.388053 0.267141 0.263678 0.067180 0.122521 0.388938 0.290776 0.331667 -0.010681 0.056991 -0.131798 0.051843 0.113305 -0.055466 0.098348 -0.108131 0.205892 -0.236825 -0.057391 -0.140289 -0.380397 -0.162392 -0.155969 0.007312 0.133786 0.052559 0.534174 0.065303 -0.049065 0.036751 -0.251896 -0.218032 -0.271501 -0.404996 -0.130071 -0.123474 -0.285267 -0.175929 0.050916 0.218157 0.279716 -0.271460 -0.225817 -0.041157 -0.164989 -0.097121
-0.605677 -0.362516 -0.216274 0.008915 -0.243688 0.036787 -0.207486 0.110689 -0.313461 -0.142024 -0.308691 -0.099592 -0.293415 0.063680 -0.340976 -0.254527 -0.184219 0.021962 -0.110046 -0.256065 0.600425 0.474537 0.085615 0.294171 0.492101 0.643441 -0.075616 0.058548 0.195816 0.453860 0.791015 1.000000 0.171433 0.553292 0.255896 0.137675 0.143352 0.284022 0.235816 0.410823 0.367143 -0.002171 0.182212 0.362843 0.048328 0.159459 0.280006 0.189311 -0.026338 0.099205 -0.109090 -0.016616 -0.121572 0.119278 0.334481 0.399685 -0.322249 -0.455333 -0.461555 -0.287479 -0.517720 -0.270809 -0.169524 -0.158407 -0.080094 -0.250822 -0.485396 -0.143137 0.011697 -0.311613 0.358558 0.277393 0.258433 0.199421 0.044463 0.242981 0.085560 0.364658 0.024983 0.068902 -0.002304 0.055295 -0.049202 -0.053146 0.047935 0.028139 0.155078 -0.135232 -0.154121 -0.145389 -0.358978 -0.284659 -0.103940 -0.143307 0.173710 0.066347 0.573470 0.170334 0.003801 0.066490 -0.172610 -0.207651 -0.202609 -0.274842 0.066258 -0.048501 -0.281771 -0.376272 0.003185 0.143091 0.388706 -0.142778 -0.271656 0.018123 -0.080688 0.028365
-0.075390 0.152019 -0.219748 0.253685 -0.315713 -0.154168 -0.203854 0.187756 -0.322365 -0.220735 -0.221190 0.074282 -0.168890 -0.027034 -0.238047 0.032380 0.422984 0.336533 0.383445 0.073303 0.015795 0.016793 -0.231168 -0.272125 -0.110662 -0.010973 -0.248552 -0.115982 0.419143 0.424870 0.177060 0.171433 1.000000 0.350160 -0.132630 -0.285681 0.075780 0.111558 -0.033837 0.041251 0.193198 0.122739 -0.103207 0.002272 0.011543 -0.078195 0.127056 0.100796 -0.429640 -0.235752 -0.120371 -0.135761 -0.288593 -0.049632 0.117510 0.182744 0.211430 0.121804 -0.407537 -0.104408 -0.121570 0.044046 0.432673 0.303106 -0.219684 -0.039899 -0.146930 -0.221702 -0.225234 -0.367633 0.053539 0.096238 0.598361 0.521190 0.495710 0.344744 0.283165 0.358319 0.399811 0.347212 0.495837 0.403668 -0.054331 0.147617 -0.086741 -0.037556 -0.122203 -0.065280 -0.187042 -0.299111 -0.360340 -0.499441 -0.425312 -0.374430 -0.166214 -0.016935 0.148449 0.042296 0.354973 0.306726 0.122754 -0.081768 0.092520 -0.187249 0.012261 -0.209003 -0.033560 -0.131303 0.054667 -0.064447 -0.141194 0.073981 0.115320 -0.213596 -0.166525 0.088857
-0.455442 -0.200262 -0.171656 0.109912 0.002269 0.361185 -0.052815 0.437952 -0.045340 0.259019 -0.321868 0.003057 -0.224763 -0.112033 -0.201070 -0.050618 -0.135814 0.025748 0.078467 0.045488 0.220587 0.161166 -0.161865 0.018696 0.188077 0.303934 -0.226463 -0.158943 0.286606 0.344978 0.402790 0.553292 0.350160 1.000000 0.344379 0.371997 -0.070406 -0.141084 -0.042113 0.091615 0.164189 -0.076390 0.040555 0.092356 -0.003574 0.135846 -0.144661 -0.055767 -0.218284 -0.101358 -0.196238 -0.171112 -0.249084 -0.061928 0.007807 -0.094313 -0.164151 -0.209621 -0.144516 0.005904 -0.200589 -0.009173 0.059783 -0.061343 -0.147505 -0.128215 -0.149257 0.099456 -0.156186 -0.136768 0.125471 0.156126 0.138434 0.099572 -0.109390 0.021167 -0.097346 0.121100 0.027746 -0.085918 0.109510 0.031771 0.103691 0.049366 -0.139257 -0.195541 -0.015000 -0.245143 0.123767 -0.162019 -0.074227 -0.156022 -0.237885 -0.231709 0.150146 0.184026 0.141171 0.080530 -0.136691 -0.043172 0.013063 -0.047611 -0.134976 -0.096254 0.068114 0.149689 -0.236338 -0.089337 -0.099981 0.003021 0.151696 0.011613 -0.089977 -0.260576 0.021901 -0.022629
-0.156359 -0.533112 0.124129 -0.223251 0.204919 0.239155 0.235732 0.229329 0.222146 0.204376 -0.120796 -0.107698 0.156886 -0.109256 0.066905 -0.079605 -0.239708 -0.040803 -0.303021 -0.404785 0.134534 -0.057188 0.043353 0.019629 0.392551 0.194576 -0.001435 -0.011306 -0.012242 -0.044834 0.174685 0.255896 -0.132630 0.344379 1.000000 0.340791 -0.185192 -0.194500 0.150700 -0.043534 -0.022852 -0.270184 0.119381 0.055125 -0.038175 0.197645 -0.001023 0.037016 0.219116 0.161897 0.071590 -0.025137 0.070139 0.050983 0.048624 -0.070114 -0.017334 -0.177154 0.285084 -0.054560 0.220776 -0.056953 -0.211199 -0.119409 -0.010273 -0.048674 0.209857 0.230743 -0.016040 -0.116251 0.221993 0.106286 -0.089915 -0.143835 -0.184477 -0.129515 -0.118209 -0.087758 -0.165831 -0.045964 -0.227964 -0.188201 -0.028362 -0.350866 -0.076838 -0.190456 -0.071242 -0.275548 0.073118 -0.115804 -0.009360 0.053451 -0.058427 -0.019852 0.101284 -0.180831 -0.022674 0.233649 -0.303070 0.106186 0.074435 -0.059417 -0.324194 -0.083800 -0.112097 0.100252 -0.258193 -0.163282 -0.004735 -0.073318 0.387912 -0.012495 -0.195305 -0.347068 -0.186209 0.012130
-0.399345 -0.195009 -0.142092 -0.155756 0.227669 0.357010 -0.028840 0.185649 0.153313 0.365847 -0.244554 -0.122319 -0.122251 -0.056746 -0.052395 0.135008 -0.405512 -0.164878 -0.374694 0.114713 0.019244 0.012850 -0.208203 0.216688 0.107434 0.229628 0.061610 0.025516 -0.185146 -0.061656 -0.023524 0.137675 -0.285681 0.371997 0.340791 1.000000 -0.171733 -0.231280 -0.046341 0.118980 -0.062418 -0.083579 -0.239534 -0.216626 -0.172178 0.122503 -0.440628 -0.246247 -0.067191 -0.170885 -0.173823 -0.217088 -0.147614 -0.212530 -0.297576 -0.285132 -0.168433 0.056334 0.315149 0.184110 -0.010585 -0.006987 -0.171317 -0.204583 -0.036636 0.108904 0.226328 0.492227 0.141073 0.382698 -0.066712 -0.046912 -0.266939 -0.260332 -0.390199 -0.296188 -0.452624 -0.219400 -0.270111 -0.188406 -0.168361 -0.195975 0.173925 0.065482 -0.046436 -0.050635 -0.013646 -0.019015 0.311142 0.082005 0.360309 0.243116 0.192927 0.187184 0.292598 0.216106 -0.113040 0.104056 -0.431186 -0.266191 -0.076263 -0.015928 -0.063178 0.297397 0.121085 0.399937 0.054955 0.107409 0.058354 -0.213580 0.298168 0.143080 -0.186157 -0.187979 0.385796 0.058201
