1.000000 0.464142 0.012409 -0.118253 0.282346 -0.051264 0.240381 0.096279 0.240780 -0.031070 0.071451 0.106447 0.225543 0.185850 0.121704 -0.009658 -0.094228 -0.227330 0.191008 0.067491 -0.019473 -0.000297 -0.341032 -0.320836 -0.205149 -0.105516 0.088780 0.077334 -0.223628 -0.158044 -0.337816 -0.470093 -0.144979 -0.223643 -0.159155 -0.040739 -0.112458 -0.154660 -0.215750 -0.074388 -0.286876 0.015129 0.079001 0.010551 0.066309 0.071657 -0.163031 -0.058804 0.148500 0.017457 -0.349105 -0.219155 -0.245226 -0.364516 -0.032083 -0.045891 0.304985 -0.237622 0.587343 0.357642 0.282494 0.332748 -0.335884 0.024396 -0.295020 0.174149 -0.198274 -0.339441 0.046757 -0.311588 0.226348 0.079016 -0.132022 0.038303 -0.001439 0.273892 0.289791 0.144309 -0.194828 -0.278034 -0.196127 -0.295938 -0.007119 -0.200619 -0.145685 -0.077242 -0.045431 0.180654 0.115225 0.169091 0.282450 0.135164 0.191395 -0.087965 -0.087236 0.216382 -0.096823 0.033124 0.086484 0.366516 0.191665 0.157874 0.310399 0.137507 0.115647 -0.023733 0.030050 0.063776 0.177155 -0.191299 -0.085661 0.055380 0.355334 0.062794 -0.122770 -0.078832
0.464142 1.000000 -0.099298 -0.082031 0.239609 -0.051307 0.198710 0.225443 0.331385 0.213989 -0.238126 0.222807 0.220424 0.351594 0.069881 0.034782 -0.083297 0.205787 -0.034717 0.302469 -0.057550 -0.088233 -0.529705 -0.645449 -0.469654 -0.440123 -0.018577 -0.221825 -0.049501 0.171456 -0.406537 -0.438202 0.190186 0.167200 -0.366015 -0.200490 -0.233527 -0.281250 -0.400265 -0.159937 -0.211798 -0.155160 -0.249526 -0.288653 -0.339006 -0.466976 -0.188424 -0.167577 0.033160 -0.163593 -0.376179 -0.160551 0.086662 -0.017155 -0.187668 -0.206092 0.182368 0.046682 0.357190 0.563920 0.208865 0.615264 0.072596 0.528028 -0.466160 0.079561 -0.190717 -0.473852 0.300499 0.037819 0.150765 0.009043 -0.028845 0.080714 -0.078553 0.283807 0.314281 0.312856 -0.170100 0.120084 -0.026897 0.172064 -0.067789 0.094054 -0.268312 -0.346682 -0.074334 -0.115715 -0.077576 0.099568 0.330446 0.067585 0.227213 -0.099891 -0.083045 0.079221 -0.115061 0.092504 0.095102 0.231138 0.282737 0.173613 0.472632 0.068375 0.084990 -0.225074 0.097768 0.080302 -0.167739 -0.306180 -0.230112 0.151637 0.207530 -0.075165 -0.219893 -0.207787
0.012409 -0.099298 1.000000 0.185796 0.431632 -0.024997 0.739166 0.500929 0.560568 0.341803 0.191840 -0.046994 0.227819 -0.082572 0.210586 -0.139627 -0.066737 -0.273680 0.160182 0.152279 0.142725 -0.128131 0.047597 0.109963 -0.323204 -0.198546 0.162676 -0.146027 -0.356658 -0.355743 -0.141663 -0.057346 -0.193323 -0.169239 -0.242473 -0.277310 -0.425177 -0.405855 -0.351277 -0.305793 -0.418489 -0.341316 -0.152645 -0.305952 -0.245432 -0.137159 -0.389165 -0.406757 -0.051554 -0.337148 -0.108210 -0.441795 -0.375361 -0.555197 -0.382148 -0.376489 -0.150414 0.006793 0.227405 0.079623 0.341798 0.192097 -0.083542 -0.095009 0.458206 0.490582 0.407321 0.375977 -0.232561 0.066211 0.081463 -0.154732 -0.294220 -0.239477 -0.267108 -0.296628 -0.178793 -0.179883 -0.265496 -0.363301 -0.309566 -0.272847 0.011627 -0.227055 -0.183581 0.154744 -0.088558 -0.134367 -0.081483 0.171859 -0.020749 0.201112 0.072808 0.188940 -0.045150 0.087377 -0.268865 -0.094213 -0.303939 -0.053233 -0.011805 0.094092 -0.159722 -0.093023 -0.162106 0.147413 0.035508 0.198483 -0.118792 -0.079237 -0.291863 -0.166234 -0.066619 -0.287589 0.109524 -0.144077
-0.118253 -0.082031 0.185796 1.000000 -0.147622 0.298891 -0.140623 0.640227 0.000849 0.528258 0.118600 0.092554 -0.092683 -0.071315 0.181052 0.264853 -0.137156 -0.378584 -0.151073 -0.222367 -0.008738 0.296961 0.399981 0.505784 0.303589 0.411218 -0.063221 0.273125 -0.327055 -0.376334 -0.013179 0.254197 -0.329263 -0.220068 -0.100229 -0.061675 -0.093920 -0.065590 -0.036895 -0.088428 -0.218485 -0.335084 0.248297 0.292106 0.102861 0.210727 0.107554 -0.024963 0.167297 0.189632 0.243011 0.226753 -0.043075 -0.154127 0.164188 0.067165 -0.221353 0.055404 -0.228442 -0.094018 -0.385730 -0.152366 -0.504704 -0.490873 0.103595 0.598912 -0.049913 0.303442 -0.360097 -0.093749 0.098691 0.051290 -0.281347 0.038703 -0.003180 -0.154160 -0.320889 -0.095974 -0.073684 -0.259954 -0.267389 -0.428670 0.193398 -0.447790 0.059809 0.249137 0.228164 0.222831 0.114795 0.355804 -0.344963 -0.416737 0.013892 -0.295553 -0.117423 -0.246117 0.049662 -0.212881 -0.142215 -0.386253 -0.179460 -0.233495 -0.054123 -0.347223 -0.001171 -0.205580 -0.188594 -0.230936 -0.333513 -0.197644 -0.283643 -0.324922 -0.253908 0.030782 -0.192405 -0.168876
0.282346 0.239609 0.431632 -0.147622 1.000000 0.293867 0.532020 0.305401 0.823175 0.353380 -0.007426 0.001374 0.278968 0.111221 0.080150 -0.128951 -0.108857 -0.136814 0.041681 0.278455 0.187150 -0.240281 -0.396171 -0.288922 -0.598482 -0.531009 0.442896 -0.133823 -0.174447 -0.055067 -0.428808 -0.469566 -0.014054 -0.094943 -0.296202 -0.274440 -0.290752 -0.315787 -0.241062 0.062136 -0.174221 -0.198787 -0.274192 -0.369264 -0.230526 -0.296776 -0.323336 -0.204527 0.047109 -0.197900 -0.434346 -0.413567 -0.280949 -0.449030 -0.291983 -0.180169 0.057213 0.000965 0.537365 0.349631 0.345882 0.352288 -0.072358 0.128936 -0.029156 0.065642 0.119369 -0.121065 -0.031334 0.145263 -0.017367 -0.237160 -0.136975 -0.153012 -0.089327 -0.123495 0.060161 -0.088147 -0.125679 -0.202385 -0.070247 -0.021914 -0.188512 0.144418 -0.078085 -0.185695 -0.184908 -0.142873 -0.089909 0.035038 0.407242 0.442325 0.228599 0.272037 0.037662 0.313270 -0.153418 0.239360 -0.102904 0.290988 0.246537 0.223613 -0.024555 -0.041125 -0.224772 0.220224 0.277477 0.322074 0.136237 -0.083733 -0.200372 -0.013692 0.109275 -0.262690 0.233346 0.147414
-0.051264 -0.051307 -0.024997 0.298891 0.293867 1.000000 -0.112787 0.430145 0.244764 0.506230 -0.155811 0.272304 0.086956 0.240073 0.002188 0.513764 -0.175919 -0.287692 -0.413917 -0.154844 0.014942 0.214319 -0.086764 0.166248 0.099487 0.151846 0.195095 0.297242 -0.176046 -0.079477 -0.134793 -0.015023 -0.204150 -0.162729 -0.052308 0.057853 -0.053838 -0.090729 0.190201 0.165690 -0.140936 -0.237699 -0.058601 0.028063 0.033638 0.152054 -0.119531 -0.098510 -0.091615 0.025432 -0.230436 -0.074773 -0.070663 -0.188287 -0.026876 0.053026 0.060024 -0.080480 0.094233 0.023109 -0.042626 0.169684 -0.264624 -0.141892 -0.145415 0.295808 -0.124867 0.129012 -0.267656 0.010049 -0.153803 0.129095 -0.221297 -0.062243 -0.052276 -0.258398 -0.193031 -0.160870 0.113525 -0.311031 0.128458 -0.274344 -0.106300 -0.075281 -0.069942 0.068276 -0.011608 0.084337 -0.100344 0.190137 0.106377 -0.017303 0.298295 0.039951 -0.055425 -0.004902 -0.063614 -0.046542 -0.137621 -0.044876 0.048312 -0.064941 -0.024128 -0.211378 -0.177589 0.138135 0.101284 -0.118338 -0.002293 -0.074317 -0.113500 -0.189622 -0.136894 -0.002028 0.091145 0.071903
0.240381 0.198710 0.739166 -0.140623 0.532020 -0.112787 1.000000 0.349085 0.619710 0.212713 0.242393 0.215011 0.537860 0.297877 0.280869 -0.031208 0.038116 0.035640 0.268164 0.270614 -0.008268 -0.312524 -0.194106 -0.237096 -0.531176 -0.527350 0.037562 -0.362485 -0.058937 -0.050293 -0.251219 -0.328178 -0.143662 -0.138574 -0.351347 -0.311049 -0.356347 -0.468489 -0.475454 -0.308883 -0.359321 -0.229193 -0.302630 -0.482055 -0.403562 -0.359373 -0.442657 -0.417652 -0.151162 -0.374112 -0.300800 -0.486855 -0.340304 -0.400727 -0.400863 -0.478226 -0.162626 0.056142 0.333720 0.129441 0.588289 0.446517 0.059106 0.197639 0.294031 0.272755 0.112993 -0.023826 -0.194489 0.052731 0.161771 -0.094403 -0.102733 -0.098218 -0.193029 -0.030342 0.045855 -0.149247 -0.185495 -0.082456 -0.153641 -0.011153 0.038807 -0.024700 -0.114060 -0.030254 -0.152640 -0.303350 0.033878 0.153528 0.113903 0.281166 0.111643 0.228643 -0.179244 0.088063 -0.360668 -0.122159 -0.296445 0.028625 0.108966 0.134335 0.006147 0.068588 -0.193135 0.082659 0.156960 0.218991 -0.034787 -0.197055 -0.293775 -0.146082 0.213799 -0.241919 0.003367 -0.196816
0.096279 0.225443 0.500929 0.640227 0.305401 0.430145 0.349085 1.000000 0.476621 0.835008 -0.069172 0.274714 0.047795 0.163894 0.194580 0.261027 -0.180846 -0.363644 -0.144321 0.159142 0.020221 0.079180 -0.155127 0.098671 -0.243258 -0.106290 -0.012086 -0.064469 -0.294472 -0.197443 -0.222449 -0.015178 -0.227578 -0.125607 -0.400466 -0.354899 -0.331283 -0.336993 -0.288972 -0.123454 -0.327202 -0.525726 -0.122629 -0.159682 -0.238649 -0.167530 -0.193573 -0.254285 -0.008460 -0.132976 -0.227477 -0.185111 -0.283252 -0.370910 -0.275907 -0.229201 -0.124040 0.001963 0.016051 0.099007 -0.042687 0.300049 -0.346062 -0.162172 -0.062250 0.638904 -0.036971 0.130806 -0.181744 0.074584 0.087581 0.016019 -0.254769 -0.041335 -0.136108 -0.109383 -0.195443 -0.051232 -0.149830 -0.286110 -0.089377 -0.338610 0.076831 -0.192862 -0.091264 0.118383 0.042150 0.044318 -0.118928 0.257798 0.024772 -0.101748 0.295467 -0.161383 -0.122927 0.038321 -0.147354 -0.083155 -0.156065 -0.129519 0.102854 -0.039936 0.024933 -0.286635 -0.063205 0.004418 0.001832 -0.104407 -0.144453 -0.213834 -0.422147 -0.190549 -0.159149 -0.059721 -0.056608 -0.113277
0.240780 0.331385 0.560568 0.000849 0.823175 0.244764 0.619710 0.476621 1.000000 0.543219 0.020313 0.126671 0.301085 0.209437 0.370778 -0.018366 -0.072337 -0.082397 0.026844 0.244001 0.183891 -0.196246 -0.401116 -0.307596 -0.638347 -0.559121 0.145882 -0.296203 -0.138873 -0.007653 -0.370904 -0.392845 0.021607 -0.041180 -0.425169 -0.364618 -0.403084 -0.462658 -0.424576 -0.059535 -0.188213 -0.391825 -0.302742 -0.401869 -0.340586 -0.338042 -0.349918 -0.270375 -0.005080 -0.241917 -0.497491 -0.465858 -0.324021 -0.546207 -0.450982 -0.330548 0.020848 -0.063756 0.497663 0.384495 0.322804 0.537815 -0.083155 0.161424 -0.008480 0.326682 0.024542 -0.155604 -0.045614 0.135612 -0.002979 -0.244525 -0.102418 -0.132555 -0.097698 -0.189740 -0.053207 -0.105626 -0.145141 -0.159026 -0.126157 0.057819 0.028244 0.062538 -0.201954 -0.093133 -0.115773 -0.280155 -0.175105 0.147378 0.206620 0.277101 0.259734 0.176381 0.014897 0.291382 -0.249592 0.090332 -0.190274 0.218933 0.250593 0.023998 -0.045066 -0.189030 -0.279086 0.060802 0.281565 0.256431 -0.000738 -0.173374 -0.338165 -0.102926 0.061267 -0.301545 0.108114 0.042965
-0.031070 0.213989 0.341803 0.528258 0.353380 0.506230 0.212713 0.835008 0.543219 1.000000 -0.118083 0.196500 -0.022994 0.119570 0.202764 0.225001 -0.056238 -0.192508 -0.214486 0.175612 0.090625 -0.010717 -0.237903 0.025682 -0.316049 -0.218414 -0.036772 -0.132756 -0.117841 0.029293 -0.157137 -0.019689 -0.070624 -0.040310 -0.440055 -0.410861 -0.247784 -0.217472 -0.257420 -0.084684 -0.202515 -0.448166 -0.134281 -0.120572 -0.224014 -0.238238 -0.064166 -0.110937 0.006774 -0.075314 -0.251339 -0.076039 -0.161447 -0.219291 -0.309313 -0.137401 -0.060374 0.027140 0.011258 0.162450 -0.134633 0.315747 -0.219719 -0.071812 -0.130856 0.464976 -0.137077 -0.031782 -0.150947 0.068125 -0.013903 -0.028794 -0.119157 -0.007697 -0.044706 -0.110606 -0.169038 -0.014167 -0.063459 -0.105102 -0.019368 -0.119575 0.078369 -0.003062 -0.104831 -0.008376 -0.022003 -0.143640 -0.256264 0.137138 0.037154 -0.068603 0.267204 -0.077572 -0.155477 -0.004501 -0.205819 -0.033016 -0.013545 -0.034642 0.166777 -0.025076 -0.003017 -0.241769 -0.111546 -0.032997 0.003830 -0.093756 -0.154558 -0.188777 -0.386183 -0.138190 -0.206038 -0.072915 -0.058868 0.001737
0.071451 -0.238126 0.191840 0.118600 -0.007426 -0.155811 0.242393 -0.069172 0.020313 -0.118083 1.000000 0.280321 0.414841 0.048765 0.644101 0.020039 0.264661 -0.109013 0.238076 -0.021082 -0.135327 0.068634 0.308155 0.358289 0.148055 0.090294 0.011825 0.074368 0.147262 -0.291732 -0.065301 0.080909 -0.325244 -0.419618 -0.082331 -0.103056 -0.128680 -0.375896 -0.203086 -0.351678 -0.264612 -0.132214 -0.099472 -0.095294 -0.157720 -0.004113 -0.237355 -0.343192 -0.020517 -0.070608 0.077314 -0.053807 -0.096802 -0.205196 0.201038 -0.203347 -0.186148 0.142186 0.109386 -0.087021 0.120493 -0.134432 -0.225828 -0.244046 0.319867 0.215067 0.063688 0.121611 -0.346281 -0.042276 0.082159 0.040818 -0.187592 0.000112 -0.119528 -0.018314 -0.273630 -0.258742 0.022161 -0.090658 -0.079180 -0.069743 0.644016 -0.063689 0.384068 0.546098 0.396097 0.024148 0.297208 0.347977 -0.236188 -0.077629 -0.190484 -0.063299 -0.103532 -0.075256 -0.271685 -0.192886 -0.436008 -0.312002 -0.257365 -0.221634 -0.285837 -0.233930 -0.203478 0.046801 0.032517 -0.109409 0.038371 -0.156699 -0.276771 -0.325874 -0.005701 -0.180827 -0.063317 -0.130337
0.106447 0.222807 -0.046994 0.092554 0.001374 0.272304 0.215011 0.274714 0.126671 0.196500 0.280321 1.000000 0.402942 0.597890 0.463584 0.486574 0.187694 0.210084 -0.132681 -0.003176 -0.088965 0.065475 -0.160929 -0.119362 -0.090237 -0.121095 -0.296254 -0.156396 0.338166 0.203533 0.022419 0.042526 -0.156256 -0.111819 -0.266147 -0.076302 -0.204240 -0.327919 -0.253817 -0.240200 -0.137754 -0.315252 -0.177004 -0.135160 -0.241974 -0.126089 -0.147787 -0.281487 -0.106230 -0.015310 -0.307640 -0.080154 -0.004861 -0.111439 -0.201640 -0.300245 -0.249029 -0.096210 -0.067978 -0.098237 0.187011 0.339829 -0.016075 0.233696 -0.197730 0.259290 -0.266422 -0.096845 -0.300732 0.017054 0.253842 0.373476 0.052622 0.189316 -0.066516 0.253893 0.029116 0.057012 0.122024 -0.017481 0.194333 0.023089 0.356317 0.056451 -0.135108 0.116166 0.134575 -0.167840 -0.037584 0.151485 -0.086546 -0.149534 0.142000 -0.125522 -0.314774 -0.098215 -0.200737 -0.298887 -0.307489 -0.305113 -0.055012 -0.096694 -0.100212 -0.074483 -0.098100 -0.180596 0.099574 -0.253617 -0.034817 -0.235895 -0.169730 -0.233776 0.002538 -0.015532 -0.170182 -0.112418
0.225543 0.220424 0.227819 -0.092683 0.278968 0.086956 0.537860 0.047795 0.301085 -0.022994 0.414841 0.402942 1.000000 0.498479 0.393490 0.244784 -0.010158 0.088774 -0.088787 0.153621 -0.204341 -0.113608 0.012291 -0.161461 -0.210858 -0.228630 0.015002 -0.161964 0.114540 -0.100050 -0.266849 -0.336098 -0.251692 -0.165813 -0.327813 -0.194990 -0.175169 -0.466655 -0.173594 -0.137944 -0.295201 -0.135374 -0.223456 -0.285164 -0.214459 -0.201001 -0.357298 -0.344986 -0.078920 -0.132045 -0.253578 -0.158922 -0.101250 -0.188886 0.031255 -0.257235 -0.104846 0.185826 0.304726 0.028996 0.530274 0.300955 -0.089481 0.125428 0.029789 0.182023 -0.120303 -0.114752 -0.198475 0.162386 0.043106 -0.055392 -0.126078 -0.218891 -0.219360 -0.098125 -0.199847 -0.331066 -0.017808 -0.127417 -0.071193 0.050371 0.229818 -0.088025 -0.120895 0.030853 0.199100 -0.203513 0.226812 0.300398 0.096992 0.117796 -0.032263 0.119174 -0.076368 0.006729 -0.283002 -0.219542 -0.330109 -0.089622 0.092653 -0.051068 0.057098 -0.069032 -0.195531 0.071013 0.275052 0.201998 -0.106291 -0.195048 -0.349538 -0.201067 0.142480 -0.276666 0.039254 -0.140243
0.185850 0.351594 -0.082572 -0.071315 0.111221 0.240073 0.297877 0.163894 0.209437 0.119570 0.048765 0.597890 0.498479 1.000000 0.352294 0.477558 0.057060 0.143176 -0.073258 0.173291 -0.165882 -0.074935 -0.238224 -0.240265 -0.149976 -0.255176 -0.334232 -0.241203 0.213571 0.192704 -0.116065 -0.250242 -0.025541 0.106479 -0.226074 0.023651 -0.071180 -0.423271 -0.236047 -0.169870 -0.099472 -0.209359 -0.185669 -0.212475 -0.120893 -0.129173 -0.195507 -0.213402 -0.111206 -0.078312 -0.313640 -0.136865 0.087630 -0.023867 -0.103197 -0.308616 -0.147241 -0.063421 0.189020 -0.075290 0.444315 0.559150 0.009707 0.289130 -0.190387 0.089124 -0.344151 -0.274942 -0.087245 0.172736 0.152876 0.051113 -0.009663 0.074583 -0.123155 0.059068 -0.164796 -0.179263 -0.062598 -0.072211 -0.015860 0.023742 0.214277 -0.008704 -0.018149 -0.083169 0.121358 -0.198059 0.155727 0.318196 0.157381 -0.055470 0.094303 -0.013504 -0.141023 -0.189108 -0.316486 -0.263412 -0.229243 -0.142833 0.118902 -0.130224 -0.014646 0.031392 -0.142394 -0.049280 0.185819 -0.039718 -0.160736 -0.395288 -0.246534 -0.290987 0.038176 -0.226662 -0.149551 -0.269601
0.121704 0.069881 0.210586 0.181052 0.080150 0.002188 0.280869 0.194580 0.370778 0.202764 0.644101 0.463584 0.393490 0.352294 1.000000 0.158236 0.144134 -0.034979 0.173294 -0.021762 0.137523 0.170550 0.074160 0.059102 -0.051609 -0.065429 -0.207576 -0.089463 0.255877 -0.041483 0.027630 0.118177 -0.123616 -0.097188 -0.218989 -0.130509 -0.372819 -0.566611 -0.345085 -0.357538 -0.156960 -0.377608 -0.115526 -0.142303 -0.172480 -0.049755 -0.236161 -0.242100 -0.024083 -0.026233 -0.212574 -0.173149 -0.199386 -0.296135 -0.151889 -0.354275 -0.296838 -0.231486 0.118073 0.036385 0.129256 0.276599 -0.173844 -0.042237 0.057325 0.386543 -0.139220 -0.054569 -0.222003 -0.039027 0.168894 0.080079 -0.099051 0.030578 -0.129075 -0.058755 -0.255768 -0.056357 -0.090491 -0.112082 -0.185378 -0.014064 0.835734 -0.050683 0.015622 0.281812 0.495127 -0.202969 0.177046 0.271355 -0.266056 -0.160635 -0.117698 -0.157556 -0.095700 -0.084971 -0.374972 -0.182987 -0.462726 -0.235362 -0.153892 -0.372918 -0.169612 -0.321725 -0.128893 -0.100032 -0.009616 -0.069097 -0.035716 -0.275080 -0.252391 -0.288199 -0.045549 -0.146758 -0.209917 -0.227198
-0.009658 0.034782 -0.139627 0.264853 -0.128951 0.513764 -0.031208 0.261027 -0.018366 0.225001 0.020039 0.486574 0.244784 0.477558 0.158236 1.000000 -0.111930 -0.153227 -0.140339 -0.268889 0.066222 0.186900 0.222411 0.087072 0.229778 0.081935 -0.248912 0.146691 -0.057375 -0.041850 0.085294 0.083263 -0.254051 -0.061220 -0.210466 0.160642 0.105057 -0.215510 0.241227 0.317910 -0.046949 -0.163977 0.060098 0.069894 0.028912 0.079899 -0.042115 -0.127161 -0.228260 -0.008493 -0.228872 -0.069409 -0.092630 -0.141639 0.036171 0.052601 -0.072406 0.005502 -0.019898 -0.168511 0.079578 0.358241 -0.363498 -0.166998 0.060860 0.391260 -0.401671 -0.215929 -0.282416 -0.050583 -0.085995 0.145976 -0.149260 0.003184 -0.081291 -0.078948 -0.189890 -0.184043 0.044316 -0.123199 0.119486 -0.063913 0.048153 -0.029396 -0.118303 0.002371 0.035956 0.051299 0.225857 0.369961 0.025731 -0.242031 0.195888 0.035212 -0.089960 -0.146535 0.021239 -0.223440 -0.170654 -0.106230 0.141289 -0.048481 0.089350 -0.027393 -0.180175 -0.205905 -0.056211 -0.213945 -0.067948 -0.251822 -0.229737 -0.190720 0.034667 -0.024703 -0.262094 -0.220104
-0.094228 -0.083297 -0.066737 -0.137156 -0.108857 -0.175919 0.038116 -0.180846 -0.072337 -0.056238 0.264661 0.187694 -0.010158 0.057060 0.144134 -0.111930 1.000000 0.442106 0.013247 0.123844 -0.045657 -0.301781 -0.097256 -0.115650 -0.063241 -0.111314 -0.157211 -0.203274 0.480611 0.287638 0.172657 0.050606 0.197236 0.086864 -0.033075 -0.020306 0.092346 -0.085922 -0.297228 -0.364706 -0.001807 -0.153544 -0.011429 -0.101596 0.010990 0.043392 -0.062503 -0.105923 -0.268391 -0.046006 -0.078245 -0.101529 -0.066459 0.005466 -0.097605 -0.155612 0.232233 0.148808 -0.224378 -0.329631 0.206307 0.019070 0.359567 0.268555 -0.004786 -0.084333 -0.162355 -0.124458 -0.016966 0.034598 -0.029172 -0.109380 0.411394 0.087542 0.219886 0.007418 0.109690 -0.181306 0.474169 0.199084 0.471614 0.264630 0.240876 0.074742 0.239642 0.089846 -0.043538 -0.195506 -0.129243 -0.096863 -0.192484 -0.164223 -0.375678 -0.166366 -0.230014 -0.154982 -0.227825 -0.251316 -0.008906 0.024074 -0.197818 -0.132248 -0.330314 0.091451 -0.262675 -0.118552 0.014880 -0.228072 -0.028324 -0.022051 -0.009894 -0.132254 -0.225953 -0.136670 -0.161082 -0.015674
-0.227330 0.205787 -0.273680 -0.378584 -0.136814 -0.287692 0.035640 -0.363644 -0.082397 -0.192508 -0.109013 0.210084 0.088774 0.143176 -0.034979 -0.153227 0.442106 1.000000 0.062830 0.153436 -0.058650 -0.362959 -0.214808 -0.466975 -0.259650 -0.382580 -0.216224 -0.519758 0.634688 0.642440 0.218319 0.016548 0.439194 0.371106 -0.113278 -0.171934 0.057297 -0.010565 -0.248346 -0.164724 0.240934 0.060408 -0.192374 -0.184865 -0.291448 -0.387897 0.078377 -0.031439 -0.119868 -0.059229 -0.058893 0.041756 0.208772 0.374826 -0.208319 -0.181285 0.025592 0.159559 -0.278824 -0.098782 0.215980 0.133326 0.707448 0.681422 -0.082512 -0.403762 -0.067457 -0.384663 0.318146 0.138643 0.032899 -0.074153 0.540880 0.183027 0.105964 0.144388 0.302579 0.026739 0.317447 0.646255 0.417780 0.699057 -0.072409 0.387687 -0.041031 -0.233572 -0.276179 -0.377034 -0.302166 -0.341175 -0.154531 -0.134768 -0.222579 -0.080563 -0.281674 -0.074146 -0.187359 -0.091980 0.072813 -0.063876 -0.019645 -0.155599 -0.090554 0.060466 -0.186480 -0.297843 -0.000021 -0.057496 -0.138811 -0.005806 -0.041966 0.063176 0.000330 -0.111175 -0.049340 0.016792
0.191008 -0.034717 0.160182 -0.151073 0.041681 -0.413917 0.268164 -0.144321 0.026844 -0.214486 0.238076 -0.132681 -0.088787 -0.073258 0.173294 -0.140339 0.013247 0.062830 1.000000 0.018362 0.229159 -0.143795 0.166519 -0.124953 -0.083217 -0.154616 -0.133115 -0.168747 0.128556 0.077072 0.182343 0.038377 0.138827 0.106428 0.050726 0.128464 -0.032974 -0.266376 -0.167067 -0.140504 -0.045172 0.064389 0.021045 -0.060926 0.005415 -0.017108 0.083998 -0.045577 0.050357 0.064867 0.114411 -0.037568 -0.115188 0.036690 -0.105904 -0.159553 -0.234744 -0.252170 0.030976 0.047290 0.066214 0.034732 0.023080 0.014155 0.427962 -0.097425 0.093211 -0.159811 0.113511 -0.181295 0.229032 -0.112806 0.136218 0.142789 -0.007636 0.078331 0.195912 0.153633 -0.084262 0.189945 -0.263689 0.058128 0.125587 0.094530 0.097898 -0.137138 -0.014197 -0.130297 0.153302 -0.122484 0.009831 -0.013217 -0.116163 -0.050881 -0.255868 0.003029 -0.181459 0.045819 0.004058 -0.026940 -0.002519 -0.098598 -0.083636 0.101230 -0.048612 -0.264588 -0.154705 -0.083180 -0.066173 -0.282698 0.027729 0.082006 0.252668 0.006365 -0.246719 -0.296026
0.067491 0.302469 0.152279 -0.222367 0.278455 -0.154844 0.270614 0.159142 0.244001 0.175612 -0.021082 -0.003176 0.153621 0.173291 -0.021762 -0.268889 0.123844 0.153436 0.018362 1.000000 -0.084780 -0.283568 -0.474411 -0.141028 -0.505981 -0.490137 0.147219 -0.420910 0.070359 0.020692 -0.343991 -0.373284 0.097461 0.115776 -0.350911 -0.331048 -0.119927 -0.166587 -0.329191 -0.140555 -0.041181 -0.035751 -0.525896 -0.583408 -0.478777 -0.535992 -0.389800 -0.226395 -0.225725 -0.406630 -0.289145 -0.271506 -0.081883 0.041444 -0.232448 -0.402160 0.022295 0.312641 0.199062 0.080370 0.271102 0.188285 0.229364 0.236162 -0.087994 -0.163707 0.168478 -0.022554 0.276148 0.688176 -0.003568 -0.164468 0.039830 -0.133221 -0.181378 0.163966 -0.148864 -0.065736 0.066696 0.041209 0.186119 0.254424 -0.025723 0.274499 0.235631 -0.106160 0.071257 -0.186314 -0.044706 0.005000 0.420164 0.399406 0.148438 0.240174 0.026803 0.281738 -0.266467 0.143365 -0.125895 0.147397 0.278621 0.112109 -0.023279 0.128670 0.126885 0.406233 0.441533 0.344751 -0.051590 0.052138 -0.218255 0.023709 0.153599 -0.190382 0.352594 0.119405
-0.019473 -0.057550 0.142725 -0.008738 0.187150 0.014942 -0.008268 0.020221 0.183891 0.090625 -0.135327 -0.088965 -0.204341 -0.165882 0.137523 0.066222 -0.045657 -0.058650 0.229159 -0.084780 1.000000 0.239534 0.176249 -0.051997 0.013765 -0.006286 0.226189 0.153652 -0.059704 0.061375 0.271259 0.278200 0.052310 0.214741 -0.170574 0.018394 -0.363455 -0.088227 0.162204 0.173013 0.066446 -0.034491 0.175276 0.102396 0.049435 -0.039102 0.085935 0.087756 -0.102530 -0.073535 -0.041452 -0.156135 -0.142816 -0.167300 -0.221346 0.122880 -0.058899 -0.318911 -0.008930 -0.023750 -0.105357 0.098730 -0.061602 -0.113094 0.114336 0.045207 0.083091 -0.082931 0.138198 -0.038175 -0.009220 0.060282 -0.074240 -0.086857 -0.092201 -0.135917 -0.016790 0.205768 -0.086346 -0.102195 -0.060138 0.060121 0.060995 0.079418 -0.121001 -0.212740 0.037098 0.066688 0.065526 -0.132413 -0.015240 -0.019955 -0.052450 0.043636 -0.084951 0.044944 0.053538 0.072684 -0.057175 0.086269 0.118216 0.000844 -0.004729 -0.081135 -0.087188 -0.251731 -0.308168 -0.029112 0.079858 -0.025126 0.024203 0.048272 -0.065707 -0.041789 -0.201398 -0.140464
-0.000297 -0.088233 -0.128131 0.296961 -0.240281 0.214319 -0.312524 0.079180 -0.196246 -0.010717 0.068634 0.065475 -0.113608 -0.074935 0.170550 0.186900 -0.301781 -0.362959 -0.143795 -0.283568 0.239534 1.000000 0.349740 0.469427 0.548200 0.615766 0.104837 0.488718 -0.238666 -0.275261 0.111238 0.281866 -0.350530 -0.168045 0.106492 0.011810 -0.071681 0.017904 0.243032 0.150172 0.071979 0.054696 0.247987 0.383292 0.145948 0.250815 0.186854 0.096884 0.168092 0.237268 0.335038 0.306498 0.154960 0.093418 0.198893 0.378806 -0.185412 -0.165850 -0.162247 -0.009851 -0.476815 -0.225306 -0.284067 -0.352088 -0.052163 0.168014 -0.065220 0.169893 -0.227208 -0.208547 -0.050281 0.391360 -0.401846 -0.069657 -0.123534 -0.115901 -0.320061 0.094253 -0.079809 -0.214851 -0.145513 -0.239909 0.290202 -0.213188 -0.002789 0.132140 0.372722 0.303857 0.158554 0.260494 -0.204195 -0.277352 0.021736 -0.153694 0.057839 -0.203430 0.279288 -0.015888 -0.176582 -0.265724 -0.008167 -0.231544 0.158963 -0.229306 0.263903 -0.085391 -0.204624 -0.101221 -0.042810 -0.273752 -0.051721 -0.231988 -0.114581 0.351958 -0.077212 -0.255420
-0.341032 -0.529705 0.047597 0.399981 -0.396171 -0.086764 -0.194106 -0.155127 -0.401116 -0.237903 0.308155 -0.160929 0.012291 -0.238224 0.074160 0.222411 -0.097256 -0.214808 0.166519 -0.474411 0.176249 0.349740 1.000000 0.575330 0.634813 0.551536 -0.046819 0.343271 -0.128929 -0.337414 0.390636 0.493536 -0.289827 -0.098415 0.252459 0.232926 0.179699 0.011598 0.369621 0.191479 0.061529 0.066467 0.397334 0.422260 0.398772 0.420460 0.247312 0.042500 0.130256 0.301363 0.569386 0.338374 0.111774 0.074219 0.401085 0.310807 -0.380443 0.076510 -0.357736 -0.351506 -0.292242 -0.475884 -0.306331 -0.560141 0.558053 0.157321 0.066241 0.286506 -0.382480 -0.267201 -0.131523 -0.022949 -0.195867 -0.073828 -0.082620 -0.296989 -0.337780 -0.198302 -0.007780 -0.038082 -0.264510 -0.249596 0.163806 -0.396381 0.129160 0.141996 0.262747 0.135203 0.433736 0.153264 -0.467830 -0.420136 -0.361942 -0.115567 -0.020854 -0.311735 0.185050 -0.121281 -0.152318 -0.446592 -0.193354 -0.237353 -0.223090 -0.233292 -0.097487 -0.178354 -0.363412 -0.191961 -0.226719 -0.077292 0.018384 -0.225108 -0.198020 0.035607 -0.230605 -0.308617
-0.320836 -0.645449 0.109963 0.505784 -0.288922 0.166248 -0.237096 0.098671 -0.307596 0.025682 0.358289 -0.119362 -0.161461 -0.240265 0.059102 0.087072 -0.115650 -0.466975 -0.124953 -0.141028 -0.051997 0.469427 0.575330 1.000000 0.605691 0.627628 0.140290 0.478355 -0.328199 -0.558214 0.138887 0.363577 -0.577653 -0.445567 0.179853 0.089412 0.120749 0.213680 0.291689 0.054575 -0.071551 0.002344 0.179500 0.294452 0.135049 0.336331 0.064044 0.049643 0.061503 0.086633 0.488736 0.252774 0.088811 0.029570 0.392429 0.172122 -0.247290 0.158421 -0.268937 -0.366773 -0.415146 -0.530905 -0.417166 -0.697012 0.404124 0.258786 0.101628 0.629585 -0.469058 0.079179 -0.056995 0.166435 -0.437152 -0.083976 -0.087858 -0.225739 -0.561465 -0.280800 0.023821 -0.289700 -0.147958 -0.384663 0.252961 -0.367943 0.388917 0.508896 0.383157 0.335307 0.334010 0.393175 -0.267002 -0.124877 -0.022715 0.071380 0.119244 -0.193612 0.096027 -0.146630 -0.250950 -0.417649 -0.261334 -0.195969 -0.285587 -0.206483 0.039349 0.308604 -0.102671 -0.072455 -0.077955 0.060721 -0.053302 -0.422367 -0.207420 0.140525 0.203454 -0.007984
-0.205149 -0.469654 -0.323204 0.303589 -0.598482 0.099487 -0.531176 -0.243258 -0.638347 -0.316049 0.148055 -0.090237 -0.210858 -0.149976 -0.051609 0.229778 -0.063241 -0.259650 -0.083217 -0.505981 0.013765 0.548200 0.634813 0.605691 1.000000 0.890722 0.029342 0.660656 -0.135735 -0.217086 0.351706 0.453966 -0.257287 -0.107343 0.397059 0.366859 0.238625 0.221366 0.472493 0.155655 0.095583 0.194175 0.341693 0.513394 0.356559 0.486832 0.210898 0.191156 -0.017376 0.248389 0.498621 0.432295 0.276728 0.264153 0.475233 0.397094 -0.163706 -0.105111 -0.395704 -0.326839 -0.430527 -0.488767 -0.171085 -0.446352 0.085795 0.044105 -0.041403 0.348938 -0.186029 -0.217975 -0.125817 0.210360 -0.135743 0.102519 0.139291 -0.084597 -0.251237 -0.054411 -0.134756 -0.115196 -0.135874 -0.317523 0.148482 -0.288688 0.192271 0.274696 0.209002 0.336882 0.272700 0.160580 -0.301677 -0.404470 -0.180883 -0.213187 0.011809 -0.373508 0.358218 -0.239150 -0.104336 -0.379457 -0.289284 -0.289413 -0.109571 -0.107318 0.077487 -0.144859 -0.250471 -0.364543 -0.102847 0.015503 0.213919 -0.199896 -0.191835 0.280950 -0.242416 -0.177777
-0.105516 -0.440123 -0.198546 0.411218 -0.531009 0.151846 -0.527350 -0.106290 -0.559121 -0.218414 0.090294 -0.121095 -0.228630 -0.255176 -0.065429 0.081935 -0.111314 -0.382580 -0.154616 -0.490137 -0.006286 0.615766 0.551536 0.627628 0.890722 1.000000 0.117336 0.719533 -0.248118 -0.325993 0.300627 0.443152 -0.254452 -0.167460 0.374011 0.276331 0.129637 0.228591 0.361306 0.024662 -0.044722 0.108355 0.422149 0.571131 0.393573 0.563960 0.234779 0.190714 0.136701 0.301672 0.524179 0.459050 0.199398 0.173618 0.383580 0.395172 -0.078692 -0.189614 -0.350641 -0.259774 -0.484129 -0.535316 -0.254489 -0.477194 0.018389 0.140296 0.077417 0.490587 -0.172549 -0.280810 -0.040198 0.276726 -0.191488 0.074097 0.109832 -0.091193 -0.224026 -0.017619 -0.072277 -0.297738 -0.251915 -0.507600 0.116318 -0.471513 0.068123 0.295120 0.223850 0.344180 0.140344 0.144250 -0.354855 -0.394385 -0.153470 -0.291992 0.011960 -0.361759 0.318473 -0.241911 -0.068788 -0.333397 -0.288469 -0.228942 -0.075149 -0.120782 0.127023 -0.108475 -0.273239 -0.293980 -0.158887 -0.010653 0.214320 -0.194436 -0.258794 0.262634 -0.195639 -0.136815
0.088780 -0.018577 0.162676 -0.063221 0.442896 0.195095 0.037562 -0.012086 0.145882 -0.036772 0.011825 -0.296254 0.015002 -0.334232 -0.207576 -0.248912 -0.157211 -0.216224 -0.133115 0.147219 0.226189 0.104837 -0.046819 0.140290 0.029342 0.117336 1.000000 0.515986 -0.360219 -0.428376 -0.435036 -0.255122 -0.280393 -0.363793 -0.018392 -0.163327 -0.087939 0.090316 0.181696 0.144958 -0.134489 0.099308 0.052588 -0.002738 -0.153117 -0.116480 -0.178571 0.059982 0.090165 -0.138981 -0.002750 -0.113032 -0.091347 -0.146246 0.120420 0.204497 0.124325 0.007486 0.330081 0.338089 -0.063312 -0.243043 -0.122367 -0.152460 -0.034977 -0.066662 0.384828 0.302015 0.083940 0.135592 -0.254594 -0.141853 -0.349791 -0.230805 -0.127951 -0.140972 0.004450 -0.116159 -0.084486 -0.297098 -0.101806 -0.232931 -0.231015 -0.064790 0.145752 0.058584 -0.002786 0.317395 0.108632 0.063366 0.306203 0.408049 0.097139 0.245174 0.159712 0.167102 0.180837 0.299880 -0.004223 0.175461 0.059087 0.182454 0.129143 -0.085470 -0.036530 0.252252 0.131326 0.230107 0.227835 0.208814 0.000064 0.041410 -0.000529 -0.070647 0.281958 0.214345
0.077334 -0.221825 -0.146027 0.273125 -0.133823 0.297242 -0.362485 -0.064469 -0.296203 -0.132756 0.074368 -0.156396 -0.161964 -0.241203 -0.089463 0.146691 -0.203274 -0.519758 -0.168747 -0.420910 0.153652 0.488718 0.343271 0.478355 0.660656 0.719533 0.515986 1.000000 -0.492993 -0.503383 -0.072912 0.137933 -0.447625 -0.414075 0.264013 0.236689 -0.003814 0.232445 0.416221 0.119626 -0.153000 0.135498 0.402917 0.446680 0.243380 0.432186 0.013999 0.168038 0.083491 0.100877 0.269570 0.166662 0.091865 -0.078844 0.402920 0.367369 0.049616 -0.182759 0.010939 0.004598 -0.338865 -0.326337 -0.427101 -0.456603 -0.004400 0.231141 0.078074 0.398813 -0.134558 -0.279066 -0.120171 0.183307 -0.494570 -0.094635 -0.122556 -0.082971 -0.121053 0.031693 -0.147119 -0.409888 -0.235315 -0.534884 0.035210 -0.407004 0.146610 0.317952 0.262058 0.501349 0.349695 0.318963 0.011641 -0.024724 0.119805 -0.013416 0.157003 -0.215485 0.309539 0.063478 -0.009497 -0.052852 -0.156135 0.028146 0.179865 -0.011665 0.112908 0.016062 -0.193162 -0.099501 0.074056 0.038933 0.189484 -0.087130 -0.033026 0.284624 -0.129014 0.019592
-0.223628 -0.049501 -0.356658 -0.327055 -0.174447 -0.176046 -0.058937 -0.294472 -0.138873 -0.117841 0.147262 0.338166 0.114540 0.213571 0.255877 -0.057375 0.480611 0.634688 0.128556 0.070359 -0.059704 -0.238666 -0.128929 -0.328199 -0.135735 -0.248118 -0.360219 -0.492993 1.000000 0.728628 0.421330 0.187834 0.459123 0.415517 -0.039224 -0.095466 0.158644 -0.103639 -0.137520 -0.205527 0.384352 0.041014 -0.149308 -0.095920 -0.017501 -0.163847 0.250462 0.080425 -0.099044 0.163760 -0.073575 0.194674 0.079305 0.392046 -0.217875 -0.125446 -0.183155 -0.132754 -0.397526 -0.184741 -0.014778 -0.079245 0.548706 0.368312 -0.208834 -0.471023 -0.197254 -0.375066 0.175243 0.079915 0.143675 0.144395 0.777964 0.393800 0.386525 0.224034 0.227238 0.071323 0.400093 0.540203 0.334316 0.504369 0.261048 0.447863 0.046162 -0.207062 -0.081644 -0.460265 -0.333929 -0.466392 -0.262563 -0.232896 -0.360626 -0.253834 -0.346552 -0.151064 -0.253054 -0.166502 -0.014825 -0.163240 -0.160685 -0.242436 -0.227172 -0.089854 -0.160500 -0.244032 -0.069726 -0.251332 0.057199 -0.041557 0.160700 0.042410 -0.148133 -0.103457 -0.117800 0.008199
-0.158044 0.171456 -0.355743 -0.376334 -0.055067 -0.079477 -0.050293 -0.197443 -0.007653 0.029293 -0.291732 0.203533 -0.100050 0.192704 -0.041483 -0.041850 0.287638 0.642440 0.077072 0.020692 0.061375 -0.275261 -0.337414 -0.558214 -0.217086 -0.325993 -0.428376 -0.503383 0.728628 1.000000 0.463876 0.168296 0.657671 0.596121 -0.145701 -0.087657 0.016698 0.031852 -0.093062 -0.054845 0.371276 0.072193 -0.238947 -0.117805 -0.096764 -0.288783 0.224218 0.092937 -0.202838 0.012433 -0.199692 0.068614 0.024240 0.362557 -0.344382 -0.061288 -0.038506 -0.197251 -0.353234 -0.092032 -0.012030 0.169473 0.618596 0.545630 -0.373569 -0.459232 -0.234261 -0.517780 0.345505 0.000351 0.140540 0.172916 0.779107 0.416333 0.394313 0.313059 0.410988 0.316781 0.141917 0.602370 0.341264 0.572657 -0.100517 0.538057 -0.158887 -0.404473 -0.418209 -0.454431 -0.490401 -0.496106 -0.124919 -0.190739 -0.062588 -0.187346 -0.296121 -0.047066 -0.048809 -0.075087 0.122911 0.052066 0.042036 -0.087271 -0.012508 0.092291 -0.058174 -0.346273 -0.137011 -0.181183 0.034183 -0.014322 0.225488 0.243570 -0.056712 -0.008318 -0.236154 0.054072
-0.337816 -0.406537 -0.141663 -0.013179 -0.428808 -0.134793 -0.251219 -0.222449 -0.370904 -0.157137 -0.065301 0.022419 -0.266849 -0.116065 0.027630 0.085294 0.172657 0.218319 0.182343 -0.343991 0.271259 0.111238 0.390636 0.138887 0.351706 0.300627 -0.435036 -0.072912 0.421330 0.463876 1.000000 0.808664 0.318335 0.495807 0.181374 0.249237 0.047784 0.104027 0.204602 -0.022762 0.250645 0.096766 0.080535 0.186724 0.269517 0.185983 0.319304 0.088638 -0.172123 0.114911 0.227778 0.189303 -0.035519 0.265177 -0.197544 0.047686 -0.255120 -0.296914 -0.640833 -0.503155 -0.234776 -0.164957 0.290129 -0.035409 0.135595 -0.128377 -0.089690 -0.018892 -0.016875 -0.237468 0.190836 0.324850 0.485480 0.280061 0.275768 0.064920 0.051130 0.235924 0.081791 0.278990 0.013369 0.092687 0.085317 0.106363 -0.177425 -0.141444 -0.113830 -0.240698 -0.232972 -0.368125 -0.458496 -0.460740 -0.235686 -0.225995 -0.241334 -0.200015 -0.055945 -0.221558 -0.058598 -0.265128 -0.212863 -0.160550 -0.211101 0.004791 -0.050121 -0.273367 -0.502410 -0.230797 -0.054279 0.043766 0.311510 0.008184 -0.221448 0.103694 -0.264489 -0.143478
-0.470093 -0.438202 -0.057346 0.254197 -0.469566 -0.015023 -0.328178 -0.015178 -0.392845 -0.019689 0.080909 0.042526 -0.336098 -0.250242 0.118177 0.083263 0.050606 0.016548 0.038377 -0.373284 0.278200 0.281866 0.493536 0.363577 0.453966 0.443152 -0.255122 0.137933 0.187834 0.168296 0.808664 1.000000 0.083084 0.268120 0.122249 0.120076 -0.187923 0.093414 0.202431 -0.059223 0.056297 -0.121076 0.055040 0.161545 0.125801 0.142824 0.201277 0.030168 -0.180838 0.038750 0.289974 0.179814 0.011158 0.166832 -0.093304 0.051886 -0.301506 -0.201590 -0.653790 -0.451690 -0.392054 -0.244545 0.103253 -0.164334 0.218394 0.102489 -0.012800 0.190112 -0.115909 -0.215846 0.046794 0.299214 0.147299 0.138598 0.033974 -0.042805 -0.138664 0.215896 -0.010212 0.073373 0.007113 -0.030781 0.246616 -0.001759 -0.039127 0.145454 0.085556 -0.043574 -0.137433 -0.169439 -0.488181 -0.414196 -0.104732 -0.185132 -0.083866 -0.162020 0.027870 -0.141903 -0.173751 -0.371079 -0.222636 -0.135668 -0.211330 -0.126591 0.053373 -0.155361 -0.468159 -0.238193 -0.043290 0.145708 0.162278 -0.052698 -0.206200 0.153916 -0.154098 -0.014773
-0.144979 0.190186 -0.193323 -0.329263 -0.014054 -0.204150 -0.143662 -0.227578 0.021607 -0.070624 -0.325244 -0.156256 -0.251692 -0.025541 -0.123616 -0.254051 0.197236 0.439194 0.138827 0.097461 0.052310 -0.350530 -0.289827 -0.577653 -0.257287 -0.254452 -0.280393 -0.447625 0.459123 0.657671 0.318335 0.083084 1.000000 0.792118 0.175830 0.089913 -0.050397 -0.153548 -0.217135 -0.155564 0.230765 0.054813 -0.231995 -0.179059 0.016176 -0.243894 0.095510 -0.077966 -0.096669 -0.031718 -0.131097 -0.056412 0.042296 0.160540 -0.345276 -0.172744 0.134962 -0.095361 -0.082808 0.133599 0.082885 0.156374 0.613853 0.487440 -0.260872 -0.381222 0.218507 -0.300431 0.560306 0.043149 -0.023052 -0.143207 0.685056 0.256847 0.313472 0.190591 0.383864 0.235170 0.092573 0.513111 0.144924 0.403462 -0.244655 0.365829 -0.169149 -0.338772 -0.412852 -0.434734 -0.446722 -0.529928 -0.177539 -0.242201 -0.257342 -0.335777 -0.227577 0.026927 -0.105130 -0.109748 0.071646 0.082773 -0.035057 -0.069537 -0.003501 0.034361 -0.185187 -0.354375 -0.103046 -0.129549 -0.150379 -0.041196 0.138114 0.242677 -0.187410 -0.299757 -0.342100 -0.093829
-0.223643 0.167200 -0.169239 -0.220068 -0.094943 -0.162729 -0.138574 -0.125607 -0.041180 -0.040310 -0.419618 -0.111819 -0.165813 0.106479 -0.097188 -0.061220 0.086864 0.371106 0.106428 0.115776 0.214741 -0.168045 -0.098415 -0.445567 -0.107343 -0.167460 -0.363793 -0.414075 0.415517 0.596121 0.495807 0.268120 0.792118 1.000000 0.155852 0.240517 -0.098239 -0.209865 -0.084187 -0.006562 0.218241 0.042490 -0.217597 -0.173756 0.052698 -0.170095 0.101563 -0.004596 -0.215588 -0.029727 -0.104522 -0.005073 0.098947 0.239261 -0.397497 -0.178458 -0.036896 -0.097817 -0.262961 -0.111355 0.091077 0.212850 0.516458 0.370948 -0.140693 -0.288940 0.043032 -0.246843 0.517409 0.161863 -0.015889 -0.040000 0.601890 0.141836 0.189253 0.032607 0.141099 0.215482 0.018871 0.423706 0.086667 0.385168 -0.149466 0.324673 -0.236876 -0.499496 -0.222318 -0.429333 -0.320666 -0.488493 -0.123234 -0.298392 -0.216948 -0.284303 -0.162644 -0.010836 -0.107380 -0.077064 0.036511 -0.015749 0.063269 -0.151865 -0.068190 0.061430 -0.103273 -0.279574 -0.216446 -0.077891 -0.260600 -0.057710 0.162702 0.126594 -0.146453 -0.139685 -0.322244 -0.216544
-0.159155 -0.366015 -0.242473 -0.100229 -0.296202 -0.052308 -0.351347 -0.400466 -0.425169 -0.440055 -0.082331 -0.266147 -0.327813 -0.226074 -0.218989 -0.210466 -0.033075 -0.113278 0.050726 -0.350911 -0.170574 0.106492 0.252459 0.179853 0.397059 0.374011 -0.018392 0.264013 -0.039224 -0.145701 0.181374 0.122249 0.175830 0.155852 1.000000 0.717978 0.268640 0.257238 0.196953 0.027779 0.121014 0.338045 0.230703 0.274952 0.466775 0.543664 0.123902 0.167861 0.120189 0.322539 0.340490 0.192051 0.227893 0.189628 0.205396 0.149254 0.001019 -0.136547 -0.084946 -0.131698 -0.075376 -0.377472 0.078538 -0.164499 0.097349 -0.230207 0.214298 0.382472 -0.054553 -0.288639 -0.159788 -0.013625 0.045936 -0.065753 0.078513 -0.062297 0.079811 0.074157 0.047041 0.065126 -0.169481 -0.270947 -0.067852 -0.113629 0.050628 0.049738 0.109593 0.188545 0.190127 -0.208644 -0.177721 -0.096782 -0.256387 -0.166352 0.012524 -0.111638 0.125123 0.032660 0.109295 -0.101409 -0.206412 -0.154645 -0.052707 0.078807 0.093164 0.049433 -0.127533 -0.102957 0.043141 0.142573 0.479964 0.027102 -0.085401 0.174067 -0.121472 -0.160732
-0.040739 -0.200490 -0.277310 -0.061675 -0.274440 0.057853 -0.311049 -0.354899 -0.364618 -0.410861 -0.103056 -0.076302 -0.194990 0.023651 -0.130509 0.160642 -0.020306 -0.171934 0.128464 -0.331048 0.018394 0.011810 0.232926 0.089412 0.366859 0.276331 -0.163327 0.236689 -0.095466 -0.087657 0.249237 0.120076 0.089913 0.240517 0.717978 1.000000 0.232079 0.145562 0.241838 0.080222 0.008397 0.263848 0.143755 0.170620 0.429838 0.537105 0.038302 0.081968 -0.116366 0.178272 0.062122 0.040014 0.092196 0.049350 0.140345 -0.000947 0.053325 -0.249749 -0.000279 -0.196038 0.108045 -0.034588 -0.083469 -0.122662 0.120606 -0.108845 -0.059226 0.235670 -0.040363 -0.181265 0.001230 0.093430 0.053694 0.002061 0.130614 -0.011670 0.147914 0.176915 0.066082 -0.096977 -0.174180 -0.281961 -0.068428 -0.091290 -0.104769 -0.120174 0.087055 0.145661 0.260892 -0.067785 0.018938 -0.017499 -0.064317 0.048643 0.000051 -0.044725 0.027976 -0.075082 0.080846 0.065436 -0.153822 -0.035124 -0.043971 0.229721 0.069139 0.020206 -0.132512 -0.111228 0.003909 0.118319 0.527678 0.038550 0.077105 0.149746 -0.219243 -0.206122
