1.000000 0.339413 0.013367 0.051318 -0.123769 -0.256689 -0.130036 -0.268964 -0.193881 -0.159292 0.250455 0.089972 0.118899 0.003593 -0.022497 0.056118 0.350749 0.175336 0.368636 0.221512 -0.235752 -0.191137 -0.025920 -0.108316 -0.087477 -0.132402 -0.119262 -0.100235 0.250023 0.190238 0.082160 -0.058395 0.242916 0.106246 -0.250584 -0.020663 0.074890 -0.046552 0.046572 -0.091137 -0.080203 0.019008 -0.046365 -0.085506 -0.137595 -0.272921 0.069121 -0.033472 -0.178622 0.011209 0.117283 0.267688 0.264930 0.290353 0.059885 0.316441 0.353757 -0.040310 0.402088 0.311995 0.128483 -0.087528 0.319080 0.282761 -0.164553 -0.294478 -0.332149 -0.436380 0.119481 -0.246109 -0.213791 -0.293966 0.213126 0.134311 0.249161 0.086125 0.133381 -0.001262 -0.008100 -0.191044 0.091283 -0.156014 0.167569 0.169099 -0.042584 0.038104 0.227036 -0.009852 -0.218680 0.015510 -0.012449 0.052344 -0.321132 -0.187743 -0.072305 -0.169546 -0.094003 -0.279145 0.206197 0.298594 0.107611 -0.070679 0.140317 0.174526 -0.125450 -0.232797 -0.035628 -0.215246 0.157070 0.045951 -0.155475 0.172462 0.114540 -0.062428 -0.095655 -0.003364
0.339413 1.000000 -0.185490 -0.022569 -0.078264 -0.259125 -0.046187 -0.094337 -0.049363 -0.190780 -0.262733 -0.019812 -0.181132 0.124892 -0.076007 -0.067346 0.396252 0.512499 0.109593 0.432318 -0.208554 -0.123703 -0.496709 -0.474278 -0.390884 -0.346755 -0.128331 -0.134903 0.109110 0.317580 -0.170624 -0.266519 0.408903 0.073616 -0.376628 -0.246633 -0.120037 0.001962 -0.053531 -0.079762 -0.275566 0.218684 -0.188685 -0.078760 -0.307899 -0.311107 0.063395 -0.067867 -0.488845 -0.036499 -0.419507 -0.120980 -0.117603 0.041029 -0.185674 0.099529 0.134254 0.330032 0.224586 0.594768 0.137559 0.119914 0.510551 0.669600 -0.235659 -0.311215 0.231804 -0.204164 0.218710 0.034567 -0.253750 -0.070040 0.188429 0.191942 0.094949 -0.165250 0.213042 0.219113 -0.108988 0.001452 0.233503 0.034220 -0.159375 0.009397 0.032775 -0.082666 0.116327 -0.135343 -0.102685 -0.072668 0.177677 0.078489 -0.158638 -0.198745 0.000158 -0.141476 -0.231013 -0.147483 0.168303 0.104350 0.297725 0.198779 0.462372 0.366870 0.141209 -0.028930 0.020143 -0.054111 0.192639 -0.078054 -0.317566 0.159334 0.124282 -0.120848 -0.220433 0.119264
0.013367 -0.185490 1.000000 0.086886 0.083676 -0.025484 0.545039 0.330329 0.412547 0.194541 0.040145 -0.038619 0.279959 -0.037598 -0.024543 -0.019753 -0.092550 -0.197283 0.187586 -0.045754 0.155692 0.033892 0.066409 0.005599 0.275751 0.142514 -0.185880 -0.128104 0.109443 -0.111224 0.293527 0.179021 0.179115 0.084779 0.098507 -0.278503 -0.170781 -0.420365 -0.291661 -0.251663 -0.129790 -0.275175 -0.032006 0.012156 -0.089806 -0.137209 0.037787 -0.133922 0.060547 -0.024237 0.093049 -0.018512 -0.004186 0.181664 -0.356971 -0.172636 -0.161726 -0.148724 0.097156 -0.074163 0.328374 0.116740 0.033457 0.050456 0.430974 0.080119 -0.015934 0.031026 -0.263064 -0.122926 0.057990 -0.182832 0.034262 -0.164032 -0.057516 0.197668 -0.044611 -0.106032 -0.270589 -0.384338 -0.279914 -0.308783 0.113100 -0.002083 -0.256257 -0.075424 -0.206705 -0.270817 -0.134058 -0.113885 0.266175 0.201525 0.116492 0.182223 -0.230112 -0.126223 -0.164207 -0.084273 -0.245102 -0.268067 0.208964 -0.019862 -0.001602 0.013482 -0.029712 -0.077129 -0.086730 0.021133 -0.146690 -0.308580 -0.191804 -0.184682 -0.103085 -0.149276 -0.007740 0.080023
0.051318 -0.022569 0.086886 1.000000 0.073410 0.129548 0.055971 0.470004 0.069303 0.353671 0.039386 0.521603 0.046719 0.020367 -0.086173 0.293400 -0.268007 -0.257541 0.171774 0.039023 -0.299568 -0.211960 0.094242 0.251626 -0.104800 -0.144785 -0.143476 0.058377 -0.351054 -0.122496 -0.021684 -0.044081 -0.071748 0.014104 -0.025245 -0.026224 -0.232519 -0.227706 -0.301310 -0.147648 -0.242718 -0.193724 -0.308601 -0.287420 -0.171124 0.011652 -0.214860 -0.299080 0.109576 -0.088077 0.392063 0.215197 0.406696 0.142141 -0.282281 -0.150899 -0.254663 0.043537 0.207990 -0.032088 0.220541 0.326230 -0.157448 -0.090755 0.386455 0.396507 -0.165722 0.057730 0.128600 0.206040 -0.105481 0.051922 -0.335028 -0.069135 0.003734 -0.231240 -0.037192 -0.068684 -0.217779 -0.321222 -0.350577 -0.427263 0.091201 -0.161139 -0.255235 0.303490 -0.244103 -0.043163 -0.096246 0.266831 0.171023 0.041801 0.521846 0.199327 -0.165811 0.000256 -0.360584 0.005608 -0.285949 -0.150313 0.343186 0.071829 -0.135450 0.092141 -0.013339 0.007033 -0.004239 -0.101212 -0.143337 -0.307539 -0.375002 0.064526 -0.157102 -0.147731 -0.214472 -0.053846
-0.123769 -0.078264 0.083676 0.073410 1.000000 0.260706 -0.084232 0.000931 0.134768 -0.044078 -0.025949 -0.185238 -0.097249 -0.068091 0.391066 -0.131846 -0.288893 -0.256049 0.211367 0.167307 0.414114 0.185793 0.087043 0.014875 0.026098 -0.046459 0.596880 0.504855 -0.360252 -0.255460 -0.346255 -0.359341 -0.231851 -0.117774 0.128493 0.100688 0.204716 0.022901 0.063438 -0.048752 -0.160560 -0.058681 -0.261834 -0.272527 -0.001349 -0.031394 -0.319361 -0.266217 0.359007 0.010996 0.065009 0.067671 -0.030791 -0.237237 0.014474 -0.264072 0.000756 0.193917 0.232131 0.156469 0.032426 -0.099189 -0.260271 -0.217728 0.106327 0.054519 0.197560 0.220206 0.298991 0.488141 0.133558 -0.014544 -0.299028 0.175232 0.001213 0.069963 -0.114015 -0.026341 -0.097883 -0.031584 -0.124704 -0.129329 0.136716 -0.111799 -0.002222 -0.216962 0.034662 0.029483 0.020687 0.146986 0.155833 0.087097 0.166035 0.438827 -0.227058 0.087286 -0.203750 -0.032903 -0.289891 -0.261846 0.015775 0.197749 -0.068933 0.040033 -0.052455 0.226703 0.116783 0.028305 -0.026807 -0.110604 -0.094573 -0.269729 -0.059725 -0.062041 0.299649 -0.092723
-0.256689 -0.259125 -0.025484 0.129548 0.260706 1.000000 -0.269530 -0.033454 0.055391 0.255600 -0.161265 -0.058327 -0.237362 -0.084993 0.096689 -0.110844 -0.359400 -0.239240 -0.115906 -0.092898 0.259159 0.199655 0.201825 0.316576 0.128045 0.163762 0.403802 0.439580 -0.559704 -0.436745 -0.287070 -0.292169 -0.428317 -0.349399 0.397513 0.146817 -0.089509 0.157652 -0.045883 0.030543 -0.143071 -0.209013 -0.029837 -0.057521 0.026470 0.218547 -0.301415 -0.214917 0.437658 -0.044183 0.371319 0.253745 0.141357 -0.207718 0.055255 -0.436142 -0.117828 0.221867 -0.003120 0.011418 -0.129968 -0.037810 -0.287247 -0.384584 0.018711 0.289417 0.146291 0.468679 0.128840 0.249064 0.174766 0.084319 -0.359775 -0.032268 -0.256470 -0.119372 -0.123395 -0.050781 -0.234988 -0.089076 -0.462560 -0.339980 -0.210961 -0.486574 -0.021218 -0.100939 -0.061508 0.296950 0.282889 0.254439 0.267507 0.274112 0.320388 0.472379 -0.075501 0.346094 0.000544 -0.251947 -0.211739 -0.266978 -0.053967 0.210251 -0.106798 0.215169 0.121853 0.317736 0.402075 0.273228 -0.226066 -0.029625 -0.078233 -0.357991 -0.248132 0.037068 0.092538 -0.017974
-0.130036 -0.046187 0.545039 0.055971 -0.084232 -0.269530 1.000000 0.598751 0.493847 0.317690 0.119418 0.136055 0.489956 0.253375 -0.152077 0.164681 0.037152 -0.096226 0.066725 0.152320 -0.234304 -0.339782 -0.284634 -0.395007 -0.100376 -0.217312 -0.549635 -0.552871 0.295236 0.260304 0.249493 0.188859 0.380731 0.323600 -0.119352 -0.106284 -0.087346 -0.424772 -0.411495 -0.351799 -0.133394 -0.083988 -0.027889 0.018592 0.127312 -0.148353 0.115691 -0.264118 -0.073449 0.232880 -0.252245 -0.112260 -0.069491 0.177228 -0.433289 -0.056237 -0.175020 -0.041147 -0.085149 -0.068007 0.304035 0.384945 0.212832 0.328345 0.403261 0.161294 0.121773 -0.130195 -0.413615 -0.218285 -0.037440 -0.060765 0.218851 -0.033197 0.002733 0.307633 0.103641 0.116625 -0.295043 -0.259603 -0.143381 -0.158338 -0.119872 0.087539 -0.355766 -0.054410 -0.351407 -0.582189 -0.273428 -0.242536 0.082761 0.057444 0.057358 0.027872 -0.067302 -0.295925 -0.392379 0.058946 -0.315250 -0.275265 0.200793 0.004917 -0.072293 0.001765 -0.254954 -0.391037 -0.211167 -0.063975 -0.038875 -0.302498 -0.308783 0.010205 0.131218 -0.024168 0.098042 0.183073
-0.268964 -0.094337 0.330329 0.470004 0.000931 -0.033454 0.598751 1.000000 0.410689 0.610907 0.006343 0.467620 0.289895 0.289726 -0.337743 0.248697 -0.160417 -0.245954 -0.106018 0.061999 -0.343604 -0.337521 -0.303179 -0.188159 -0.032944 -0.106401 -0.488819 -0.302898 -0.170972 0.175691 0.049511 0.164099 0.163238 0.336428 0.025411 -0.034433 -0.424810 -0.365621 -0.563350 -0.289120 -0.168799 -0.218013 -0.129212 -0.061654 0.004894 0.188810 -0.094105 -0.243555 0.104922 0.061193 -0.001153 0.117026 0.034868 0.141360 -0.491413 -0.165823 -0.410623 -0.126005 -0.107415 -0.196396 0.125238 0.495024 -0.066961 0.114273 0.307887 0.530095 0.069832 0.252191 -0.172763 -0.148169 -0.205939 0.071838 -0.095581 -0.118403 -0.127401 0.063676 -0.016461 0.097120 -0.364854 -0.408901 -0.296809 -0.457688 -0.067059 0.000065 -0.462047 0.137454 -0.463717 -0.372298 -0.378432 -0.026463 0.103432 -0.098509 0.445638 0.131492 -0.161789 -0.058956 -0.423302 0.204361 -0.384614 -0.291710 0.256990 -0.084957 -0.137579 -0.122491 -0.009476 -0.157669 -0.054501 -0.148708 -0.116101 -0.356997 -0.272641 0.062407 -0.142308 0.101466 -0.091406 0.002687
-0.193881 -0.049363 0.412547 0.069303 0.134768 0.055391 0.493847 0.410689 1.000000 0.405811 -0.090178 -0.059285 0.338899 0.079403 -0.009926 -0.003381 -0.111467 -0.102077 0.189940 0.063934 -0.147593 -0.177540 0.062453 -0.022791 0.212333 -0.000257 -0.181686 -0.180672 -0.081885 -0.030311 0.200388 0.122499 0.219398 0.298203 -0.004133 -0.112328 -0.279532 -0.223623 -0.443462 -0.383188 -0.264285 -0.119017 -0.316135 -0.311779 -0.159357 -0.232670 -0.205874 -0.413194 -0.043658 -0.002331 0.021613 0.047237 0.049364 0.366980 -0.335702 -0.325306 -0.178045 0.125406 0.124260 0.024168 0.218024 0.190652 0.088876 0.144076 0.294343 0.121051 0.073154 -0.021384 -0.042104 0.052878 0.148262 0.087127 -0.048273 0.044294 -0.031883 0.286935 0.090208 0.131071 -0.303651 -0.154677 -0.241302 -0.262043 -0.264732 -0.080527 -0.545794 -0.075176 -0.541964 -0.334959 -0.037964 0.124766 0.413546 0.293491 0.331318 0.406449 -0.055823 -0.335322 -0.384639 -0.151158 -0.326346 -0.163781 0.411126 0.326635 0.180466 0.016189 -0.059267 -0.170285 -0.109313 0.116879 -0.265854 -0.266881 -0.269264 0.008576 -0.117886 -0.006534 0.064419 0.082929
-0.159292 -0.190780 0.194541 0.353671 -0.044078 0.255600 0.317690 0.610907 0.405811 1.000000 0.060024 0.495293 0.256940 0.218693 -0.308937 0.176298 -0.348979 -0.175207 -0.058783 -0.093058 -0.340192 -0.290911 -0.144503 -0.021274 0.099049 0.063399 -0.372567 -0.311272 -0.243419 0.082346 0.049306 0.069629 0.002433 0.237024 0.218987 0.178768 -0.278181 -0.055685 -0.381609 -0.242512 -0.135562 -0.274307 -0.102217 -0.043240 0.075813 0.164963 -0.101099 -0.174279 0.173313 -0.118797 0.008238 0.027066 0.227900 0.152671 -0.286129 -0.301474 -0.232594 0.003899 0.054713 -0.217289 0.238118 0.485226 -0.223055 0.024998 0.244051 0.601138 -0.036866 0.158975 -0.144094 -0.192002 -0.170823 0.106179 -0.083677 -0.072484 -0.160080 0.167707 -0.051102 0.142079 -0.282156 -0.281884 -0.423277 -0.419307 -0.209177 -0.294889 -0.366311 -0.075152 -0.336844 -0.166885 -0.162440 0.090734 0.238081 -0.000198 0.508839 0.262824 -0.128145 0.085652 -0.258690 -0.200387 -0.286484 -0.097529 0.264108 0.069696 -0.129801 -0.165789 -0.088589 -0.174455 0.195493 0.149296 -0.246447 -0.198203 -0.169272 -0.066140 -0.155830 0.213229 -0.075791 -0.001975
0.250455 -0.262733 0.040145 0.039386 -0.025949 -0.161265 0.119418 0.006343 -0.090178 0.060024 1.000000 0.288158 0.629959 0.289677 0.308248 0.182896 0.030405 -0.161388 0.397836 0.237253 -0.368262 -0.391364 0.225403 0.192549 -0.278131 -0.347914 -0.175451 -0.290204 0.249213 0.138556 0.057556 -0.113721 -0.152376 -0.105701 -0.273113 -0.094083 0.104825 -0.103117 -0.115832 -0.076234 0.180073 -0.034427 -0.183076 -0.255995 -0.199253 -0.244297 -0.069163 -0.180240 0.071173 -0.062390 0.158054 0.183139 0.316571 0.041142 0.096253 0.130674 -0.016957 -0.379695 0.185579 -0.125091 0.263664 0.032374 -0.050703 -0.119070 0.083873 0.103100 -0.290806 -0.329647 -0.060999 0.116439 0.080303 -0.052289 0.131517 -0.049429 0.272768 0.055823 0.089674 -0.195881 0.182372 0.074717 -0.014794 0.115609 0.295378 -0.051509 0.130954 0.040477 0.136615 -0.005662 -0.223792 0.118950 0.010398 0.084060 -0.041665 0.132295 0.030326 0.076884 -0.076695 -0.195969 -0.264582 0.026947 -0.091001 -0.063051 -0.169931 -0.010568 -0.095953 -0.167633 -0.078942 0.200165 0.019292 0.178578 -0.109694 0.251991 0.017677 0.163335 0.032597 -0.047257
0.089972 -0.019812 -0.038619 0.521603 -0.185238 -0.058327 0.136055 0.467620 -0.059285 0.495293 0.288158 1.000000 0.318254 0.565467 -0.113891 0.552458 -0.187492 -0.188866 -0.097747 -0.063041 -0.527178 -0.414029 -0.185697 0.013269 -0.236776 -0.195735 -0.417596 -0.305816 -0.069097 0.236176 -0.039921 -0.077869 0.004978 0.122412 -0.130612 0.005732 -0.229855 -0.234585 -0.311805 -0.282924 -0.079638 -0.249671 -0.187707 -0.086698 -0.005353 0.010433 0.031670 -0.107230 0.005677 -0.185183 0.055400 0.159785 0.427700 0.067040 -0.064391 0.074427 -0.225074 -0.273066 0.065783 -0.171202 0.398284 0.515275 -0.024702 0.194487 0.163993 0.517031 -0.037114 -0.022194 0.035714 -0.117267 -0.307611 -0.040034 0.015075 -0.228571 0.025026 -0.052995 -0.005222 -0.087652 0.089064 -0.055844 -0.148317 -0.165928 -0.104942 -0.217112 -0.054662 0.278055 -0.101736 -0.113022 -0.161425 0.103579 0.040440 -0.224455 0.307476 -0.028564 -0.145133 -0.018838 -0.222207 -0.172235 -0.108268 0.003289 0.105469 -0.005995 -0.106188 -0.087222 0.013204 -0.200032 -0.097611 0.048148 -0.102089 -0.055285 -0.119633 0.167596 -0.173846 0.035002 -0.308018 -0.094570
0.118899 -0.181132 0.279959 0.046719 -0.097249 -0.237362 0.489956 0.289895 0.338899 0.256940 0.629959 0.318254 1.000000 0.409499 0.331467 0.323064 -0.035288 -0.176468 0.275311 0.085139 -0.387764 -0.422995 0.037702 -0.039324 -0.188314 -0.346981 -0.357610 -0.444940 0.192655 0.007729 0.030167 -0.132633 0.018370 0.012177 -0.228332 -0.118558 0.109969 -0.267989 -0.356098 -0.318316 -0.050967 -0.095883 -0.258216 -0.278267 -0.110231 -0.242838 -0.195586 -0.374268 0.044485 -0.041450 0.005547 0.077772 0.095905 0.057854 -0.083637 -0.048802 -0.040787 -0.180945 0.122207 -0.098149 0.469872 0.341913 0.201009 0.090466 0.183449 0.255287 -0.008263 -0.188425 -0.016161 -0.031289 -0.030644 -0.147930 0.047590 -0.110840 0.090205 0.227972 -0.007834 -0.069405 -0.167836 -0.104304 -0.058242 -0.098961 0.130584 0.038382 -0.145877 0.225035 -0.155627 -0.248184 -0.108095 0.014957 0.136378 0.147305 0.153984 0.177708 0.049203 -0.150126 -0.272807 -0.181946 -0.304696 -0.012237 0.016521 0.027929 -0.074505 0.121148 -0.173503 -0.385949 -0.083384 0.143792 -0.122098 -0.098543 -0.230319 0.132953 -0.031585 0.165221 0.117282 -0.034026
0.003593 0.124892 -0.037598 0.020367 -0.068091 -0.084993 0.253375 0.289726 0.079403 0.218693 0.289677 0.565467 0.409499 1.000000 -0.011781 0.547408 0.024364 -0.091768 -0.165854 0.037305 -0.289232 -0.176000 -0.387557 -0.187522 -0.342742 -0.225563 -0.355154 -0.369189 0.025846 0.297150 -0.320740 -0.103792 0.062152 0.103395 -0.321750 -0.011658 -0.056061 -0.248933 -0.329078 -0.166689 -0.065899 -0.145482 -0.342158 -0.257243 -0.314791 -0.331854 -0.068429 -0.260044 -0.140492 -0.211909 -0.229293 0.132911 0.291679 0.086794 -0.041413 -0.027525 -0.118122 -0.258656 0.157423 0.121236 0.456837 0.580310 0.215003 0.376827 -0.011627 0.392908 0.148609 -0.114824 -0.016165 -0.077967 -0.187787 -0.020828 0.218833 -0.129778 0.103091 0.097711 -0.012142 -0.063408 0.148447 0.153344 0.137463 0.094743 -0.102046 -0.140508 0.033649 -0.001266 -0.064154 -0.251892 -0.091061 0.163046 0.113633 -0.134067 0.016230 -0.054947 0.167441 -0.007828 -0.206660 -0.074466 -0.259627 -0.125203 -0.112159 0.158812 -0.008219 0.041296 0.188085 -0.131173 -0.036812 0.136918 -0.182227 -0.081230 -0.185878 0.121620 -0.058875 0.130904 -0.249547 -0.042471
-0.022497 -0.076007 -0.024543 -0.086173 0.391066 0.096689 -0.152077 -0.337743 -0.009926 -0.308937 0.308248 -0.113891 0.331467 -0.011781 1.000000 0.159043 -0.241587 -0.198513 0.205644 -0.015042 0.116059 0.011916 0.374757 0.200719 -0.121400 -0.196556 0.524737 0.284594 -0.024006 -0.398788 -0.224246 -0.443871 -0.299553 -0.442617 -0.147922 -0.131978 0.357543 0.231700 0.096829 0.015772 -0.022341 0.031409 -0.254085 -0.343447 -0.195623 -0.267739 -0.391631 -0.352848 0.206871 -0.154218 0.183322 0.020858 0.074654 -0.303558 0.432701 -0.203962 0.033203 0.085238 0.245125 0.193238 0.344857 -0.123281 -0.017068 -0.258020 -0.101841 -0.056826 0.181518 0.002301 0.301681 0.488777 0.008178 -0.269684 -0.261908 -0.154854 -0.028816 -0.110710 -0.220624 -0.280839 0.011742 0.092110 0.015898 0.081231 0.134772 -0.099524 0.259067 0.171222 0.166452 0.043897 0.347364 0.172071 0.155073 0.198098 0.052441 0.323691 0.123462 -0.008424 -0.026406 -0.205033 -0.098772 -0.013945 -0.178534 0.131156 -0.002841 0.339207 -0.105186 0.126928 0.052582 0.278501 -0.035164 0.026457 0.042794 -0.104208 -0.037008 -0.076275 0.421525 -0.051261
0.056118 -0.067346 -0.019753 0.293400 -0.131846 -0.110844 0.164681 0.248697 -0.003381 0.176298 0.182896 0.552458 0.323064 0.547408 0.159043 1.000000 -0.183991 -0.152497 -0.148084 -0.191317 -0.265764 -0.162310 -0.118329 0.014924 -0.084199 -0.009280 -0.146195 -0.172486 -0.027415 0.105503 -0.051789 0.041077 0.001295 0.017472 -0.329085 0.034295 -0.153662 -0.187336 -0.221223 -0.144241 -0.051379 -0.082650 -0.234829 -0.270759 -0.099044 -0.240455 -0.116410 -0.321474 0.091361 -0.285215 0.094750 0.230839 0.483863 0.018371 0.224855 0.023078 -0.203371 -0.284388 0.113068 0.004748 0.522550 0.515442 0.280195 0.192371 0.022363 0.373169 0.031990 -0.050965 -0.066995 -0.022874 -0.155788 -0.068883 0.030164 -0.140355 0.070116 -0.018393 -0.178222 -0.091163 -0.042684 -0.058015 -0.039192 -0.189823 -0.232366 -0.153114 -0.056504 0.173970 0.010981 -0.106648 0.046245 0.264026 0.076860 -0.232377 -0.033970 -0.135948 0.164943 -0.082054 -0.203138 -0.131187 -0.128853 -0.132601 -0.115491 -0.005547 -0.203106 0.124720 -0.087476 -0.121313 0.015997 0.076359 -0.150048 -0.126723 -0.031944 0.128039 -0.070907 -0.039649 -0.156097 -0.217962
0.350749 0.396252 -0.092550 -0.268007 -0.288893 -0.359400 0.037152 -0.160417 -0.111467 -0.348979 0.030405 -0.187492 -0.035288 0.024364 -0.241587 -0.183991 1.000000 0.571327 0.020044 0.313395 -0.042395 -0.014868 -0.290747 -0.248636 -0.257138 -0.124843 -0.194458 -0.118194 0.488634 0.358272 0.085461 0.135708 0.256051 0.069124 -0.402025 -0.274143 -0.041491 0.008301 0.125965 0.175700 0.078653 0.082306 0.213449 0.118585 -0.199976 -0.202363 0.275798 0.182309 -0.462961 0.058284 -0.323070 -0.082286 -0.188855 0.061664 -0.098074 0.320245 0.173084 -0.046550 -0.136567 0.132907 -0.318225 -0.221699 0.462845 0.266773 -0.289142 -0.492616 -0.204323 -0.344083 -0.201189 -0.287546 -0.039723 0.018016 0.456901 0.134303 0.260695 0.185781 0.256952 0.183846 0.181419 0.114453 0.433794 0.325448 0.161421 0.377864 0.116334 -0.092485 0.236527 0.008427 -0.138606 -0.278177 -0.225606 -0.154214 -0.443727 -0.514679 -0.070358 -0.018986 0.303740 0.186533 0.246613 0.196242 0.130839 -0.122456 0.251287 -0.062939 0.116907 -0.138574 -0.153358 -0.221940 0.278579 0.256100 0.031295 0.433644 0.224680 0.007984 -0.190263 0.233921
0.175336 0.512499 -0.197283 -0.257541 -0.256049 -0.239240 -0.096226 -0.245954 -0.102077 -0.175207 -0.161388 -0.188866 -0.176468 -0.091768 -0.198513 -0.152497 0.571327 1.000000 -0.056278 0.244064 -0.012971 0.134356 -0.282008 -0.300661 -0.164721 -0.184077 -0.191502 -0.277829 0.429162 0.469133 0.059344 0.096334 0.155130 -0.089808 -0.324537 -0.246942 0.093313 0.152679 0.061410 0.062194 0.015664 0.301279 0.032238 0.029005 -0.078484 -0.329445 0.310147 0.137237 -0.162884 0.089888 -0.464891 0.002948 -0.155412 -0.020715 -0.054629 0.357867 -0.014460 0.103955 -0.115166 0.301785 -0.172572 -0.232610 0.513265 0.475658 -0.362581 -0.496998 -0.021233 -0.321092 -0.148292 -0.171172 0.109414 0.261292 0.476089 0.249725 0.142312 0.031784 0.307867 0.251860 0.259240 0.209263 0.513243 0.389726 -0.034364 0.278740 0.145376 -0.336069 0.309206 0.015342 0.058781 -0.252116 -0.025519 -0.085391 -0.348790 -0.313169 0.159530 -0.059483 0.084579 0.016775 0.246112 0.198598 -0.001921 0.029285 0.160727 -0.224119 -0.083071 -0.172244 0.075003 -0.125511 0.192638 0.220974 -0.139459 0.193983 0.080255 -0.252116 -0.370327 0.061802
0.368636 0.109593 0.187586 0.171774 0.211367 -0.115906 0.066725 -0.106018 0.189940 -0.058783 0.397836 -0.097747 0.275311 -0.165854 0.205644 -0.148084 0.020044 -0.056278 1.000000 0.508464 -0.213778 -0.187832 0.210045 0.095422 -0.126228 -0.229823 -0.036467 -0.058310 0.118129 -0.089494 0.105835 -0.134930 0.080002 0.036740 -0.174190 -0.265638 0.074003 -0.141235 -0.082772 -0.194065 -0.199666 -0.014653 -0.328460 -0.348530 -0.153407 -0.453451 -0.142758 -0.291128 -0.040282 0.025650 0.197135 0.055649 0.171682 0.129501 -0.264095 -0.083761 0.234338 0.027035 0.373552 0.129902 0.132131 -0.144787 0.033305 0.113086 0.207580 -0.097708 -0.196907 -0.395695 0.144246 0.205153 0.225970 0.070226 -0.007299 0.125617 0.110152 0.044313 0.236175 0.057498 -0.094030 -0.039588 -0.059067 -0.100205 0.188742 0.039004 -0.231838 -0.099099 -0.114413 -0.044137 -0.209246 0.135811 0.229605 0.411496 0.094613 0.267918 -0.184749 -0.095727 -0.309706 -0.272802 -0.246974 -0.037490 0.250261 0.160842 0.071716 0.251962 -0.213013 -0.080699 -0.109915 0.174492 -0.100390 -0.102320 -0.367018 0.133667 -0.123035 -0.179595 -0.003865 -0.002054
0.221512 0.432318 -0.045754 0.039023 0.167307 -0.092898 0.152320 0.061999 0.063934 -0.093058 0.237253 -0.063041 0.085139 0.037305 -0.015042 -0.191317 0.313395 0.244064 0.508464 1.000000 -0.198905 -0.276258 -0.297536 -0.434566 -0.488634 -0.589030 -0.244517 -0.289886 0.328684 0.393211 0.075159 -0.165266 0.382581 0.156633 -0.299379 -0.272334 0.035114 -0.056622 -0.116292 -0.150416 -0.127827 0.050543 -0.209414 -0.137939 -0.143700 -0.400309 -0.074158 -0.076181 -0.211916 0.168932 -0.288172 -0.083560 -0.081976 -0.038809 -0.325783 -0.050874 0.024409 0.123128 0.064597 0.259555 -0.094929 -0.140758 0.125397 0.186967 -0.131764 -0.339900 -0.068067 -0.353734 0.209937 0.232187 0.165825 0.103880 0.378953 0.337903 0.340303 0.165241 0.479185 0.371000 -0.129109 -0.024054 0.131031 -0.009872 0.060361 0.149086 -0.083543 -0.330432 -0.011238 -0.115961 -0.426486 -0.151029 0.106907 0.209372 -0.082717 0.105118 -0.119734 0.070420 -0.423594 -0.122199 -0.141391 0.023685 0.130762 0.312065 0.257923 0.215730 0.048992 -0.081439 0.022110 0.056353 0.080283 0.074641 -0.227688 0.323084 -0.051082 -0.041044 -0.014599 0.267425
-0.235752 -0.208554 0.155692 -0.299568 0.414114 0.259159 -0.234304 -0.343604 -0.147593 -0.340192 -0.368262 -0.527178 -0.387764 -0.289232 0.116059 -0.265764 -0.042395 -0.012971 -0.213778 -0.198905 1.000000 0.740692 0.007899 0.074250 0.258746 0.387647 0.560058 0.523992 -0.071823 -0.316661 -0.148901 0.124561 -0.240415 -0.339105 0.253076 0.005309 0.231938 0.072184 0.421320 0.421392 0.134992 0.062744 0.135657 0.148533 0.113672 0.126997 -0.017751 0.172954 0.200467 -0.102744 -0.035064 -0.174667 -0.315088 -0.287936 0.180216 -0.050681 -0.013542 0.030386 -0.086207 0.027557 -0.277685 -0.303013 -0.145149 -0.297963 -0.076911 -0.234168 0.175574 0.313484 0.107595 0.099836 0.127105 0.005586 -0.043965 0.111055 -0.067185 0.020516 -0.247109 -0.133848 0.208639 0.124060 0.159455 0.163862 0.101855 0.079705 0.265829 -0.165311 0.245200 0.182046 0.233608 -0.034334 -0.061891 0.012511 -0.256986 0.041291 -0.000204 0.247817 0.393999 0.241455 0.090894 -0.109288 -0.099514 0.047927 0.000423 -0.027273 0.148482 0.248936 0.139006 -0.089181 -0.035497 -0.037023 0.218449 -0.436408 -0.015397 -0.141892 0.209202 -0.013912
-0.191137 -0.123703 0.033892 -0.211960 0.185793 0.199655 -0.339782 -0.337521 -0.177540 -0.290911 -0.391364 -0.414029 -0.422995 -0.176000 0.011916 -0.162310 -0.014868 0.134356 -0.187832 -0.276258 0.740692 1.000000 0.014110 0.114035 0.312210 0.440242 0.450413 0.434504 -0.144377 -0.293401 -0.193765 0.212339 -0.332842 -0.424255 0.236287 0.035856 0.268088 0.184491 0.350621 0.426152 0.029589 0.209516 0.060244 0.023215 -0.012383 0.008946 -0.035513 0.107020 0.117973 -0.266777 -0.058864 -0.218107 -0.172694 -0.268317 0.101481 -0.138886 -0.060582 -0.030945 -0.013248 0.048604 -0.244806 -0.257523 -0.108785 -0.187528 -0.163260 -0.133469 0.081538 0.195291 -0.029713 -0.084149 0.168961 0.156401 -0.099118 0.116768 -0.088864 -0.024626 -0.152709 -0.037664 0.224931 0.166408 0.224714 0.190944 0.106444 0.142059 0.219900 -0.270546 0.224374 0.256181 0.379333 0.085248 0.084647 0.062661 -0.090906 0.065666 0.263516 0.127837 0.351865 0.193184 0.033599 -0.113139 -0.131554 0.090466 0.027789 -0.096700 0.225301 0.334034 0.170709 0.027319 -0.278823 -0.117855 0.113136 -0.374393 -0.122805 -0.255923 0.026711 0.004309
-0.025920 -0.496709 0.066409 0.094242 0.087043 0.201825 -0.284634 -0.303179 0.062453 -0.144503 0.225403 -0.185697 0.037702 -0.387557 0.374757 -0.118329 -0.290747 -0.282008 0.210045 -0.297536 0.007899 0.014110 1.000000 0.760640 0.454589 0.218416 0.436614 0.392081 -0.180925 -0.540109 0.192685 -0.055124 -0.395676 -0.173915 0.195119 0.104239 0.064567 0.145948 0.094978 0.094301 0.084977 -0.031243 -0.061342 -0.284503 -0.114961 0.086780 -0.360742 -0.164476 0.272175 -0.134960 0.664320 0.205386 0.136474 0.020537 0.180520 -0.203978 0.145220 0.031612 0.100375 -0.239180 0.023472 -0.317849 -0.354155 -0.514392 0.284129 0.038579 -0.252739 0.014959 0.070995 0.352855 0.281976 -0.056001 -0.384665 -0.066895 -0.017859 -0.098919 -0.162468 -0.265933 0.049204 0.010042 -0.277944 -0.038241 0.238167 -0.154571 0.051935 0.209559 0.041048 0.385167 0.376983 0.212857 -0.055212 0.219475 0.197302 0.277349 -0.035008 -0.111870 0.139792 -0.017433 -0.164894 0.019099 -0.158027 -0.122664 -0.354190 -0.073395 -0.112766 0.210526 -0.018331 0.098176 -0.125970 0.030806 0.121890 -0.109940 -0.029890 -0.105348 0.107247 -0.016429
-0.108316 -0.474278 0.005599 0.251626 0.014875 0.316576 -0.395007 -0.188159 -0.022791 -0.021274 0.192549 0.013269 -0.039324 -0.187522 0.200719 0.014924 -0.248636 -0.300661 0.095422 -0.434566 0.074250 0.114035 0.760640 1.000000 0.318837 0.265103 0.377326 0.478711 -0.339226 -0.582918 0.082063 -0.033970 -0.534734 -0.323716 0.172835 -0.013508 -0.053729 0.096644 0.079117 0.263174 0.006863 -0.152499 -0.096189 -0.229336 -0.275864 0.122024 -0.240873 -0.178161 0.197557 -0.348737 0.746424 0.221498 0.262152 0.029495 0.088016 -0.121080 -0.006359 -0.057930 0.124483 -0.280242 0.070030 -0.160740 -0.264268 -0.457471 0.266438 0.235324 -0.221852 0.152028 -0.010375 0.304352 0.116994 0.021587 -0.394380 -0.231947 -0.177590 -0.273240 -0.278799 -0.436540 0.135811 -0.016791 -0.306863 -0.027959 0.139778 -0.326642 0.035014 0.253943 0.053016 0.450037 0.301730 0.398775 0.077859 0.201114 0.255520 0.216513 -0.040200 0.139683 0.315506 0.061669 -0.180006 -0.034617 0.034118 -0.040803 -0.278582 -0.064319 0.083682 0.288828 -0.088234 0.196023 -0.226955 -0.078957 0.030828 -0.174412 -0.215224 -0.035643 -0.055530 -0.048519
-0.087477 -0.390884 0.275751 -0.104800 0.026098 0.128045 -0.100376 -0.032944 0.212333 0.099049 -0.278131 -0.236776 -0.188314 -0.342742 -0.121400 -0.084199 -0.257138 -0.164721 -0.126228 -0.488634 0.258746 0.312210 0.454589 0.318837 1.000000 0.754594 0.264795 0.304210 -0.141498 -0.312233 0.363967 0.455909 -0.097344 0.227370 0.489215 0.320308 -0.093288 0.039503 0.113076 -0.009056 0.111285 -0.069324 0.097719 -0.030415 0.110669 0.282987 -0.115525 0.021316 0.203494 -0.124313 0.298147 0.042000 0.038674 0.048736 0.021626 -0.123620 0.010707 -0.128910 -0.060324 -0.297032 -0.036473 -0.143124 -0.265091 -0.259290 0.192630 0.096542 -0.210293 0.206865 -0.193920 -0.230290 0.183344 0.114052 -0.172846 -0.031804 -0.127922 0.110073 -0.207647 -0.048923 0.054750 -0.081661 -0.186969 -0.204169 0.016847 0.001560 -0.016621 0.130041 -0.055411 0.252812 0.264958 -0.030603 -0.120478 -0.163802 0.094591 0.117269 -0.102428 -0.138661 0.193219 -0.026788 -0.099642 -0.090647 -0.076694 -0.208965 -0.259656 -0.237623 -0.226832 -0.069508 -0.076963 -0.173402 -0.137838 -0.129147 0.235347 -0.198638 -0.015046 -0.023609 -0.020843 -0.004029
-0.132402 -0.346755 0.142514 -0.144785 -0.046459 0.163762 -0.217312 -0.106401 -0.000257 0.063399 -0.347914 -0.195735 -0.346981 -0.225563 -0.196556 -0.009280 -0.124843 -0.184077 -0.229823 -0.589030 0.387647 0.440242 0.218416 0.265103 0.754594 1.000000 0.269920 0.435760 -0.182891 -0.309891 0.188682 0.460477 -0.133174 0.164518 0.426923 0.332468 -0.163153 0.109527 0.256800 0.162188 0.121386 -0.055842 0.221104 0.122269 0.080199 0.313630 0.023924 0.238130 0.046234 -0.278666 0.147997 -0.029494 0.027182 -0.012671 0.151659 -0.040966 0.019205 -0.249900 -0.163400 -0.267166 -0.172296 0.021636 -0.190198 -0.170411 0.041645 0.213711 -0.177845 0.288745 -0.170446 -0.290170 0.005761 0.142568 -0.195659 -0.153055 -0.159366 0.011016 -0.270754 -0.060003 0.085661 -0.027825 -0.170517 -0.162767 -0.010381 -0.019586 0.015325 0.136763 -0.000090 0.225442 0.275124 0.066889 -0.190149 -0.251524 -0.057776 -0.126566 -0.165771 0.079656 0.447345 0.002935 0.046050 -0.064066 -0.038016 -0.328927 -0.138475 -0.111357 -0.107589 0.011447 -0.023401 -0.084881 -0.126213 0.022033 0.379957 -0.245055 0.035936 0.103189 -0.110522 -0.095288
-0.119262 -0.128331 -0.185880 -0.143476 0.596880 0.403802 -0.549635 -0.488819 -0.181686 -0.372567 -0.175451 -0.417596 -0.357610 -0.355154 0.524737 -0.146195 -0.194458 -0.191502 -0.036467 -0.244517 0.560058 0.450413 0.436614 0.377326 0.264795 0.269920 1.000000 0.859746 -0.433320 -0.576988 -0.369628 -0.365961 -0.526499 -0.460156 0.260520 0.185181 0.244115 0.370529 0.449309 0.317638 0.067365 0.134497 -0.009489 -0.162918 -0.010293 0.192129 -0.321321 -0.112090 0.334186 -0.191015 0.316775 0.050406 -0.068261 -0.396859 0.447344 -0.192029 0.142643 0.210095 0.092985 0.118456 -0.152383 -0.359565 -0.293413 -0.483824 -0.127456 -0.088624 0.166307 0.341890 0.276744 0.438722 0.107157 -0.119586 -0.490333 0.052956 -0.080016 -0.153303 -0.300132 -0.188754 0.022065 0.105505 -0.069172 -0.026295 0.045001 -0.220063 0.320370 -0.036806 0.311181 0.460430 0.475288 0.235754 -0.010323 0.047186 0.006441 0.299249 0.006204 0.190645 0.323185 -0.016334 0.078265 -0.026148 -0.185757 -0.019090 -0.075754 0.186520 0.076515 0.413605 0.193055 0.130599 0.066619 0.098536 0.216940 -0.306862 0.023475 -0.098190 0.310059 -0.095801
-0.100235 -0.134903 -0.128104 0.058377 0.504855 0.439580 -0.552871 -0.302898 -0.180672 -0.311272 -0.290204 -0.305816 -0.444940 -0.369189 0.284594 -0.172486 -0.118194 -0.277829 -0.058310 -0.289886 0.523992 0.434504 0.392081 0.478711 0.304210 0.435760 0.859746 1.000000 -0.517834 -0.613199 -0.255893 -0.208069 -0.441476 -0.328841 0.274598 0.145901 0.010603 0.287615 0.420818 0.374185 -0.066354 -0.022644 0.054254 -0.134294 -0.107778 0.305153 -0.307108 -0.046062 0.189615 -0.255533 0.432477 0.089474 -0.057766 -0.339252 0.268761 -0.188370 0.089847 0.163425 0.051563 0.023923 -0.218073 -0.227650 -0.239278 -0.428560 -0.032180 0.057250 0.088876 0.424505 0.276337 0.364177 -0.031836 -0.083995 -0.565602 -0.006996 -0.176783 -0.235433 -0.296190 -0.151100 -0.065107 -0.060955 -0.228289 -0.169836 0.086218 -0.264202 0.170605 0.137616 0.202717 0.438582 0.367315 0.243336 -0.054676 0.051778 0.119807 0.178421 -0.185642 0.226055 0.376181 0.085634 0.029707 -0.037165 0.013266 -0.060534 -0.040378 0.210408 0.144265 0.359587 0.034493 0.020559 0.008686 0.077915 0.188064 -0.257460 -0.022266 -0.057656 0.163030 -0.034611
0.250023 0.109110 0.109443 -0.351054 -0.360252 -0.559704 0.295236 -0.170972 -0.081885 -0.243419 0.249213 -0.069097 0.192655 0.025846 -0.024006 -0.027415 0.488634 0.429162 0.118129 0.328684 -0.071823 -0.144377 -0.180925 -0.339226 -0.141498 -0.182891 -0.433320 -0.517834 1.000000 0.587396 0.530000 0.426370 0.504524 0.254550 -0.321613 -0.268732 0.157191 -0.041978 0.027138 -0.006839 0.193143 0.025712 0.179051 0.216229 0.051890 -0.367819 0.383493 0.292648 -0.346851 0.144014 -0.447105 -0.252543 -0.118705 0.106840 -0.016595 0.381748 0.014653 -0.317850 -0.186094 0.036664 -0.038787 -0.244459 0.318343 0.210174 -0.212267 -0.510484 -0.146801 -0.450914 -0.231388 -0.324504 0.003013 -0.037583 0.766477 0.043541 0.301332 0.298150 0.281031 0.036658 0.393769 0.163100 0.521398 0.426353 0.197548 0.436635 0.167616 -0.073150 0.181775 -0.275849 -0.279809 -0.478359 -0.309974 -0.222743 -0.541893 -0.463771 0.114939 -0.123610 0.125902 0.047261 0.106227 0.297118 -0.080434 -0.054822 0.133546 -0.159562 -0.163730 -0.471498 -0.269481 -0.161217 0.152771 0.236479 0.168276 0.384141 0.232125 -0.075002 -0.080957 0.167863
0.190238 0.317580 -0.111224 -0.122496 -0.255460 -0.436745 0.260304 0.175691 -0.030311 0.082346 0.138556 0.236176 0.007729 0.297150 -0.398788 0.105503 0.358272 0.469133 -0.089494 0.393211 -0.316661 -0.293401 -0.540109 -0.582918 -0.312233 -0.309891 -0.576988 -0.613199 0.587396 1.000000 0.266719 0.326493 0.597001 0.395558 -0.365013 -0.107006 -0.158525 -0.058596 -0.151669 -0.120566 0.091292 0.069659 0.143967 0.176400 0.066741 -0.281970 0.454742 0.256134 -0.314890 0.202554 -0.550458 -0.010935 0.028100 0.236834 -0.091382 0.412578 -0.182885 -0.312687 -0.154561 0.100894 -0.071128 0.048433 0.277505 0.429496 -0.289365 -0.268391 -0.104727 -0.473808 -0.223075 -0.372063 -0.096475 0.160458 0.734589 0.177823 0.325935 0.183808 0.441513 0.272894 0.270180 0.147330 0.440315 0.273899 -0.064260 0.275074 -0.007993 -0.252778 0.015676 -0.424389 -0.508106 -0.253103 -0.182492 -0.347006 -0.359433 -0.382551 0.099600 -0.122303 -0.127816 0.024675 0.072959 0.206095 -0.030951 -0.007877 0.190334 -0.287789 -0.016888 -0.384403 -0.103809 -0.235848 0.240050 0.270228 0.029205 0.416155 0.185857 0.056557 -0.327667 -0.022672
0.082160 -0.170624 0.293527 -0.021684 -0.346255 -0.287070 0.249493 0.049511 0.200388 0.049306 0.057556 -0.039921 0.030167 -0.320740 -0.224246 -0.051789 0.085461 0.059344 0.105835 0.075159 -0.148901 -0.193765 0.192685 0.082063 0.363967 0.188682 -0.369628 -0.255893 0.530000 0.266719 1.000000 0.635459 0.539216 0.477856 0.013749 -0.084592 -0.258981 -0.146503 -0.136557 -0.181908 0.022285 -0.045967 0.292892 0.222681 0.082571 -0.022300 0.273950 0.281864 -0.335802 0.113448 0.070610 -0.129711 0.071310 0.302294 -0.244855 0.160073 -0.034910 -0.274082 -0.195818 -0.370275 0.003273 -0.172907 0.042599 -0.029324 0.149391 -0.192378 -0.387242 -0.301838 -0.368776 -0.336434 0.122034 0.113153 0.417979 0.034187 0.171074 0.286789 0.273794 0.084683 0.051678 -0.108216 -0.083391 0.003674 -0.057956 0.165673 -0.247265 0.081325 -0.191144 -0.132315 -0.302010 -0.297571 -0.179446 -0.114625 -0.187612 -0.225631 -0.125866 -0.223711 0.023580 -0.007617 -0.079181 0.158652 0.086990 -0.103308 0.001821 -0.209363 -0.231996 -0.373852 -0.365762 -0.184849 -0.013539 0.032477 0.228034 0.236753 0.126400 0.115775 -0.032163 0.112657
-0.058395 -0.266519 0.179021 -0.044081 -0.359341 -0.292169 0.188859 0.164099 0.122499 0.069629 -0.113721 -0.077869 -0.132633 -0.103792 -0.443871 0.041077 0.135708 0.096334 -0.134930 -0.165266 0.124561 0.212339 -0.055124 -0.033970 0.455909 0.460477 -0.365961 -0.208069 0.426370 0.326493 0.635459 1.000000 0.335843 0.427096 0.155499 0.113893 -0.228753 -0.077171 0.021885 0.125797 0.176555 -0.063037 0.208826 0.143982 0.095559 0.071207 0.276754 0.265984 -0.229922 0.022369 -0.060380 -0.132261 0.059451 0.309955 -0.113953 0.165408 -0.233410 -0.505735 -0.290431 -0.381227 -0.226673 -0.069633 0.023908 -0.041024 0.060142 -0.051420 -0.441379 -0.181904 -0.454628 -0.568918 0.018687 0.240927 0.449528 0.088429 0.109562 0.190868 0.106678 0.099641 0.257671 -0.007257 0.152958 0.069397 0.064464 0.329182 -0.163525 0.072212 -0.218125 -0.238550 -0.228085 -0.198729 -0.267008 -0.300412 -0.222678 -0.332467 0.085441 -0.154678 0.186310 0.323617 -0.060125 0.016999 -0.018860 -0.163222 -0.123961 -0.398145 -0.178399 -0.340612 -0.296856 -0.375733 -0.189381 -0.038726 0.218655 0.147128 0.102171 -0.041850 -0.121560 0.087259
0.242916 0.408903 0.179115 -0.071748 -0.231851 -0.428317 0.380731 0.163238 0.219398 0.002433 -0.152376 0.004978 0.018370 0.062152 -0.299553 0.001295 0.256051 0.155130 0.080002 0.382581 -0.240415 -0.332842 -0.395676 -0.534734 -0.097344 -0.133174 -0.526499 -0.441476 0.504524 0.597001 0.539216 0.335843 1.000000 0.629951 -0.202228 -0.099448 -0.277312 -0.240638 -0.257773 -0.336585 -0.166393 0.035531 0.139765 0.202156 0.000409 -0.217053 0.224619 0.124067 -0.474484 0.222428 -0.374065 -0.163207 -0.062729 0.404147 -0.287073 0.130568 -0.003986 -0.050140 -0.041444 0.071447 0.089975 0.085328 0.345784 0.414714 -0.030603 -0.291521 0.033857 -0.283721 -0.117199 -0.355334 -0.202222 -0.086681 0.531084 0.217344 0.328727 0.307522 0.288724 0.194387 -0.136550 -0.036946 0.138429 -0.001345 -0.113301 0.236371 -0.244495 0.088248 -0.285211 -0.482794 -0.484403 -0.319548 -0.109124 -0.154128 -0.212057 -0.304160 -0.145192 -0.329681 -0.306881 -0.028426 0.010059 0.147286 0.221579 0.085490 0.306460 0.022595 -0.104587 -0.430503 -0.248664 -0.335153 0.116378 -0.077985 -0.028852 0.265991 0.212231 0.201133 -0.067742 0.066781
0.106246 0.073616 0.084779 0.014104 -0.117774 -0.349399 0.323600 0.336428 0.298203 0.237024 -0.105701 0.122412 0.012177 0.103395 -0.442617 0.017472 0.069124 -0.089808 0.036740 0.156633 -0.339105 -0.424255 -0.173915 -0.323716 0.227370 0.164518 -0.460156 -0.328841 0.254550 0.395558 0.477856 0.427096 0.629951 1.000000 0.063264 0.332110 -0.253660 -0.201165 -0.299714 -0.374604 -0.017464 -0.118652 0.061787 0.126483 0.156508 0.085286 0.152245 0.162395 -0.288876 0.249970 -0.244354 -0.080169 0.048736 0.338660 -0.285121 0.112168 0.110070 -0.102444 -0.187079 -0.170810 0.017019 0.183846 0.016571 0.248724 0.153915 0.076388 -0.226782 -0.178552 -0.117109 -0.322833 -0.048229 0.126201 0.290609 0.107227 0.165138 0.348586 0.270079 0.274932 -0.034515 0.000363 -0.088280 -0.121644 -0.192391 0.075653 -0.395647 0.087260 -0.446483 -0.417058 -0.403459 -0.163302 -0.245691 -0.357989 -0.059649 -0.291962 -0.253358 -0.234516 -0.285734 0.001688 -0.106594 0.141596 0.130873 -0.102723 0.038731 -0.215279 -0.271374 -0.444439 -0.387087 -0.354193 0.056287 -0.025628 0.107488 0.393988 0.256418 0.278654 -0.125097 0.088619
-0.250584 -0.376628 0.098507 -0.025245 0.128493 0.397513 -0.119352 0.025411 -0.004133 0.218987 -0.273113 -0.130612 -0.228332 -0.321750 -0.147922 -0.329085 -0.402025 -0.324537 -0.174190 -0.299379 0.253076 0.236287 0.195119 0.172835 0.489215 0.426923 0.260520 0.274598 -0.321613 -0.365013 0.013749 0.155499 -0.202228 0.063264 1.000000 0.564296 0.095513 0.214471 0.170467 -0.006863 0.069170 -0.116084 0.220471 0.209341 0.437020 0.629351 -0.070617 0.144306 0.361851 0.038864 0.176993 -0.117299 -0.079959 -0.109826 0.035338 -0.218855 -0.089359 0.048735 -0.339764 -0.344271 -0.282334 -0.129997 -0.499881 -0.442393 0.165292 0.243686 -0.096963 0.481244 -0.167757 -0.161118 0.074822 0.077253 -0.304258 -0.018915 -0.235632 0.000165 -0.133966 0.002416 -0.144993 -0.094208 -0.388378 -0.313574 -0.099570 -0.131935 -0.055233 0.091438 -0.281840 0.107549 0.115947 -0.018052 -0.067516 -0.033007 0.293620 0.342327 -0.184626 0.123612 0.102253 0.040286 0.022015 -0.056589 -0.116354 -0.036961 -0.142603 -0.142573 -0.205076 -0.004959 0.025918 -0.151317 -0.165741 -0.196001 0.133497 -0.378915 -0.131939 0.114671 0.226767 0.037595
-0.020663 -0.246633 -0.278503 -0.026224 0.100688 0.146817 -0.106284 -0.034433 -0.112328 0.178768 -0.094083 0.005732 -0.118558 -0.011658 -0.131978 0.034295 -0.274143 -0.246942 -0.265638 -0.272334 0.005309 0.035856 0.104239 -0.013508 0.320308 0.332468 0.185181 0.145901 -0.268732 -0.107006 -0.084592 0.113893 -0.099448 0.332110 0.564296 1.000000 0.146887 0.130752 0.140987 -0.094251 0.272366 0.045823 0.127772 0.063114 0.414308 0.520493 -0.017318 0.059411 0.238321 0.156703 -0.002528 0.029484 0.067840 -0.067695 0.214078 -0.023329 0.123494 0.020571 -0.197029 -0.211970 -0.138658 0.115382 -0.216244 -0.259343 -0.000326 0.309984 -0.129507 0.193255 -0.054061 -0.136125 -0.019589 0.078957 -0.194361 0.107209 0.008412 0.086888 -0.078535 0.085970 -0.047583 0.089717 -0.222879 -0.127814 -0.139825 -0.126128 -0.037453 0.065213 -0.166639 -0.079067 0.033646 0.007756 -0.308189 -0.332633 0.048491 0.056699 -0.006366 -0.055454 -0.046909 -0.041263 -0.028012 0.010750 -0.292293 -0.122384 -0.322997 -0.136701 -0.361161 -0.200826 0.009446 -0.197139 0.007159 -0.005060 0.200597 -0.159577 0.175192 0.240020 0.226264 0.030821
