1.000000 0.133537 0.159659 -0.015243 0.266939 0.106206 0.165573 -0.124652 0.189772 0.224738 0.525957 0.193617 0.010810 -0.071473 0.143459 -0.197400 0.078987 0.021121 0.278054 0.205093 -0.271786 -0.409564 0.148336 0.126779 -0.230144 -0.258006 -0.226444 -0.234940 0.098606 -0.300126 -0.107179 -0.227709 0.182358 0.132810 0.158652 0.158563 -0.442317 -0.400097 -0.527808 -0.387469 -0.153505 -0.461945 -0.049193 -0.158161 0.053690 -0.021268 -0.156513 -0.114356 0.061656 0.085575 0.128514 0.043996 0.032270 -0.011455 -0.228384 -0.306575 0.247351 0.126081 0.307964 -0.057206 0.349928 0.063187 0.173177 0.133631 0.223175 0.014273 0.047385 -0.055882 -0.016495 0.211673 -0.043650 -0.060209 -0.270971 -0.578282 -0.368527 -0.243560 -0.126968 -0.121314 -0.096272 -0.265832 -0.129675 -0.152666 -0.158688 -0.305194 -0.088814 -0.180559 -0.170180 -0.321762 -0.015233 0.012666 0.125464 0.183098 0.088766 0.173456 -0.237860 -0.415214 -0.352269 -0.250735 -0.064255 -0.023527 -0.088809 0.042887 -0.181983 0.162521 -0.136356 0.107076 0.053686 0.196372 -0.154466 -0.277780 -0.191672 -0.114905 -0.098130 -0.101148 -0.092201 -0.168676
0.133537 1.000000 -0.425363 -0.175086 -0.308663 -0.177055 -0.390897 -0.228907 -0.222664 -0.125394 0.098511 0.106660 0.022222 0.098765 -0.095192 -0.008290 0.508294 0.422113 -0.028768 0.139806 -0.269495 -0.293059 -0.199333 -0.347844 -0.057177 -0.188591 0.079221 0.134265 -0.021281 -0.018558 -0.454942 -0.576632 0.166742 -0.084082 -0.194538 -0.134525 0.016910 0.116332 0.123354 0.186170 0.089726 -0.189744 -0.000963 0.028046 -0.173741 0.009828 0.149800 0.063382 -0.057134 0.069779 0.054708 0.095566 0.129334 0.097768 0.134631 0.131123 0.561218 0.685969 0.243244 0.141389 -0.154356 0.090736 -0.016910 0.218135 -0.238895 0.027866 0.222287 -0.174354 0.502207 0.128483 -0.099774 -0.099626 -0.080484 -0.091476 0.090569 0.079921 -0.087568 -0.150984 0.374137 0.172648 0.285794 0.264554 -0.196710 -0.214520 -0.006590 -0.073052 -0.163038 -0.077395 -0.151009 0.014888 -0.163680 -0.311992 -0.130342 -0.354855 -0.283230 -0.242283 0.112393 0.037165 0.197096 0.160497 -0.136256 0.008561 -0.192974 -0.197221 0.002931 -0.097663 0.065586 -0.136713 0.105580 -0.048881 -0.287153 0.010531 -0.006687 0.116544 0.075890 0.321351
0.159659 -0.425363 1.000000 -0.001705 0.367989 0.163634 0.678219 0.147197 0.304635 0.178241 0.178069 -0.036209 -0.037018 -0.192838 0.289829 -0.309606 -0.301601 -0.299196 0.187576 -0.249878 0.174114 0.126966 0.654834 0.509315 0.318242 0.176970 0.090386 -0.033857 0.073754 -0.375949 0.511434 0.257208 0.015193 -0.088140 0.276868 0.138682 -0.238881 -0.010134 -0.250242 -0.210434 0.011547 -0.160169 -0.047942 -0.071385 0.057075 0.026808 -0.260158 -0.206381 0.082901 -0.089316 0.078070 -0.117071 -0.331031 -0.159899 -0.250064 -0.229503 -0.283025 -0.217863 -0.188035 -0.350966 0.372309 -0.129858 -0.162149 -0.183963 0.545897 0.212210 -0.190362 0.015811 -0.411801 -0.225072 0.006920 -0.192171 -0.176317 -0.140730 -0.184627 -0.262677 -0.110549 -0.156566 -0.185987 -0.238081 -0.443673 -0.216098 -0.036879 -0.383194 -0.072418 -0.069749 -0.087675 -0.397042 0.274800 -0.082665 -0.176988 0.227884 -0.022469 0.494853 0.255644 0.062367 0.009308 0.013495 -0.233719 -0.152629 -0.067358 0.128286 -0.122741 0.263927 0.033866 0.128337 -0.025950 0.090524 0.063193 0.030758 0.223802 -0.136301 0.003160 0.200702 0.035707 -0.049481
-0.015243 -0.175086 -0.001705 1.000000 0.082303 0.486885 0.070865 0.586415 0.163580 0.465447 0.008562 0.428447 -0.148534 0.467125 0.088912 0.448462 -0.262020 -0.329306 -0.158820 0.180509 -0.016428 0.117433 -0.042500 0.497365 0.099224 0.344115 -0.059071 0.100012 -0.438212 -0.193262 0.015552 0.396206 -0.325978 0.104896 0.022894 0.317432 -0.227026 0.075597 -0.169805 0.154206 -0.119484 0.054872 -0.158810 -0.237479 -0.002988 0.096882 -0.411917 -0.169540 -0.222648 -0.208201 -0.221219 -0.262248 -0.289952 -0.456216 -0.214861 -0.323758 -0.251167 -0.305557 -0.002142 -0.189123 0.212115 0.510749 -0.219743 0.132965 0.225261 0.312283 -0.258309 0.206892 0.044349 0.129661 -0.216852 0.062964 -0.352761 -0.203570 -0.199231 -0.023373 -0.121745 0.047363 -0.245271 -0.243582 -0.423271 -0.337053 -0.269621 0.117972 -0.357535 -0.220515 -0.253729 -0.051595 -0.088538 0.105036 0.240091 0.011822 0.540339 0.206204 -0.190424 -0.004717 -0.008174 0.090898 -0.067621 -0.018967 0.078021 0.120396 0.022430 0.234878 0.146199 0.033685 0.126268 0.175355 -0.275325 0.081366 0.178227 -0.206792 0.158744 -0.119513 -0.092654 0.025886
0.266939 -0.308663 0.367989 0.082303 1.000000 0.378419 0.278922 0.022644 0.812672 0.275321 0.360982 -0.102015 0.138830 -0.087874 0.374590 -0.111043 -0.210173 -0.338512 0.073995 0.109500 0.041080 -0.037601 0.360232 0.278301 0.184035 -0.007318 0.229902 0.006358 0.003711 -0.211843 0.298403 0.178964 -0.080524 0.058683 0.360381 0.186578 -0.158910 -0.201867 -0.212064 -0.346576 -0.102841 -0.139908 -0.083817 -0.143127 0.077432 -0.047332 -0.304992 -0.174804 -0.019482 -0.127521 -0.166813 -0.155544 -0.254521 -0.273938 -0.250753 -0.326836 -0.273106 -0.369459 -0.084737 -0.088943 0.248540 -0.020516 0.082901 -0.067201 0.206024 0.019010 -0.019316 0.241632 -0.146090 0.107198 0.196367 0.092381 -0.081794 -0.104129 -0.059627 0.006818 0.112978 0.117496 -0.277645 -0.335825 -0.292814 -0.310212 0.063738 -0.289504 -0.086629 -0.263776 0.021606 -0.180179 0.237742 -0.002936 0.177227 0.313650 0.174729 0.365247 0.042546 0.009506 -0.132469 -0.255284 -0.206901 -0.224585 0.064899 0.147224 0.169406 0.207589 -0.094038 -0.110855 0.050098 -0.064564 0.021319 0.002568 0.189335 -0.103063 0.165119 0.021996 -0.166752 -0.283178
0.106206 -0.177055 0.163634 0.486885 0.378419 1.000000 0.009251 0.582719 0.366695 0.790274 0.204602 0.365035 -0.016015 0.476326 0.139331 0.341378 -0.352361 -0.304812 -0.483240 -0.173877 0.212001 0.274316 0.037201 0.258221 0.424423 0.577091 0.365087 0.465366 -0.567204 -0.333983 -0.148493 0.079929 -0.302732 -0.099883 0.118630 0.387218 -0.201681 -0.013144 -0.138227 -0.036226 -0.215926 0.111409 -0.171083 0.032072 -0.130231 0.037916 -0.345189 -0.003295 0.059936 -0.163309 -0.083538 -0.090783 -0.157367 -0.259298 -0.046641 -0.149278 -0.145156 -0.302805 0.180121 -0.143701 0.196416 0.456711 -0.216886 -0.138946 0.121310 0.557814 -0.014667 0.367700 0.081172 0.037166 0.176048 0.325054 -0.431003 -0.109476 -0.256413 0.020770 -0.081944 0.115338 -0.298514 -0.317704 -0.541037 -0.508612 -0.407940 -0.365023 -0.384228 -0.268838 -0.369068 -0.148535 -0.032019 0.059524 0.165419 0.077982 0.443410 0.271997 -0.054501 0.014965 0.042714 -0.005676 -0.102138 -0.172214 -0.046832 0.080336 -0.087330 0.300637 0.090342 -0.212155 0.229993 0.116046 -0.196538 -0.187534 0.265687 -0.411721 0.040665 -0.111370 -0.232277 -0.259834
0.165573 -0.390897 0.678219 0.070865 0.278922 0.009251 1.000000 0.256909 0.313714 0.021606 0.187633 -0.010861 0.055296 -0.234409 0.293773 -0.104564 -0.247506 -0.275652 0.288593 -0.179159 0.132422 -0.090719 0.417585 0.446936 0.150611 -0.040327 -0.222252 -0.277600 0.246148 -0.245260 0.599550 0.463887 0.089787 0.274029 0.367089 0.283148 -0.176721 -0.140131 -0.217615 -0.225432 0.155525 -0.129285 0.101440 -0.064352 0.265834 0.154569 -0.124740 -0.109908 -0.115468 -0.065034 0.025369 -0.203087 -0.244499 -0.174595 -0.465211 -0.307263 -0.097994 -0.151637 -0.176291 -0.517346 0.316439 -0.160062 -0.020748 -0.015122 0.488789 0.002371 -0.321245 -0.263565 -0.416028 -0.257176 0.083855 -0.174455 -0.117949 -0.100797 -0.137880 -0.230347 -0.108697 -0.168224 -0.040280 -0.171495 -0.269870 -0.007385 0.083391 -0.017927 -0.133245 -0.028555 -0.068485 -0.417328 0.052196 0.007144 -0.101550 0.106661 -0.026209 0.283366 0.171644 -0.058919 -0.181068 -0.199290 -0.220219 -0.152723 -0.085233 0.082948 -0.074961 0.028942 -0.185310 -0.016155 -0.109238 0.058952 0.075085 -0.118429 0.091046 -0.187738 -0.021135 0.164029 0.125154 -0.256565
-0.124652 -0.228907 0.147197 0.586415 0.022644 0.582719 0.256909 1.000000 0.150498 0.515761 0.136221 0.522891 0.113253 0.615109 0.155941 0.486090 -0.348355 -0.315321 -0.481871 -0.290162 0.102917 0.205789 -0.109339 0.235840 0.267786 0.359763 0.054464 0.136936 -0.319894 -0.094991 -0.035708 0.261054 -0.215313 0.074943 -0.024609 0.192141 -0.133515 0.086316 -0.117851 0.109686 0.009107 0.192201 -0.063469 0.088407 -0.152248 0.051317 -0.142658 -0.020381 -0.054560 -0.172863 0.005557 -0.074240 -0.083296 -0.172549 -0.176441 -0.076826 -0.161321 -0.268710 -0.126774 -0.366190 0.274320 0.497057 -0.175416 0.109400 0.147352 0.428511 -0.375398 0.042822 -0.229912 -0.239313 -0.009974 0.146157 -0.231732 0.018014 -0.140346 0.081436 -0.171901 -0.001764 -0.179219 -0.161478 -0.392293 -0.295118 -0.440265 -0.008816 -0.338611 -0.178491 -0.303793 -0.136464 -0.279830 -0.101328 0.058124 -0.119667 0.284155 0.063045 -0.006010 0.132654 0.075510 0.161919 -0.117949 -0.142250 -0.043304 0.028281 -0.050596 0.117510 0.043975 -0.010968 0.070292 0.098533 -0.011513 -0.150003 0.136811 -0.340790 0.056088 -0.109073 -0.082007 -0.121342
0.189772 -0.222664 0.304635 0.163580 0.812672 0.366695 0.313714 0.150498 1.000000 0.205758 0.407543 0.089682 0.328142 0.087772 0.337255 0.039093 -0.052104 -0.201202 -0.105768 -0.098048 -0.091440 -0.198781 0.313655 0.226576 0.043027 -0.091143 -0.053720 -0.178337 -0.016285 -0.180545 0.157085 0.119854 -0.061675 0.009918 0.165180 0.111516 -0.146016 -0.055544 -0.180252 -0.271875 -0.085672 -0.179692 -0.100806 -0.179926 0.103739 0.099088 -0.197301 -0.255039 0.103170 0.012078 0.049519 -0.027539 -0.101146 -0.226278 -0.154398 -0.236141 -0.100631 -0.268988 0.051137 -0.107828 0.437314 0.162643 0.179963 0.172198 0.162017 0.199382 -0.144085 0.081856 -0.224015 -0.068770 0.081585 -0.017539 -0.102038 -0.110493 -0.025673 -0.056067 -0.050036 -0.077407 -0.103214 -0.289700 -0.226735 -0.244016 -0.063137 -0.214110 -0.136830 -0.177971 -0.138443 -0.283420 0.115739 0.108292 0.032347 0.088539 0.012252 0.096873 0.004647 -0.010283 -0.163802 -0.282053 -0.149074 -0.160432 -0.181935 0.139637 0.020979 0.094898 -0.301977 -0.266339 0.110663 -0.043930 0.073469 -0.084427 -0.078477 -0.327688 0.161136 -0.104477 -0.197756 -0.322041
0.224738 -0.125394 0.178241 0.465447 0.275321 0.790274 0.021606 0.515761 0.205758 1.000000 0.333416 0.383208 -0.127457 0.379188 0.142267 0.279359 -0.284905 -0.327437 -0.428934 -0.060455 0.165807 0.263210 0.116359 0.372784 0.334375 0.535301 0.293466 0.403764 -0.489656 -0.447808 -0.168365 0.073395 -0.346430 -0.130348 0.218971 0.429752 -0.272087 -0.103950 -0.156237 -0.128415 -0.184095 -0.025667 -0.115393 -0.039920 -0.173162 0.028784 -0.405532 -0.032057 -0.069446 -0.255401 -0.103030 -0.205205 -0.241313 -0.307234 -0.133293 -0.319371 -0.172092 -0.272357 0.220238 -0.155636 0.115590 0.418994 -0.332040 -0.217800 0.161204 0.559579 0.073073 0.448429 0.100333 0.181029 0.269696 0.369813 -0.449674 -0.138496 -0.288146 -0.052553 -0.097419 0.148862 -0.250681 -0.242872 -0.472217 -0.463203 -0.444271 -0.407912 -0.287714 -0.174088 -0.302664 -0.166482 0.002519 0.192730 0.200819 0.089283 0.544108 0.361973 -0.119785 -0.203303 -0.064663 -0.115537 -0.206189 -0.242755 -0.045639 -0.004827 -0.113714 0.304165 0.067360 -0.160472 0.248008 0.138837 -0.248818 -0.175677 0.187423 -0.465367 -0.141253 -0.210396 -0.273851 -0.254961
0.525957 0.098511 0.178069 0.008562 0.360982 0.204602 0.187633 0.136221 0.407543 0.333416 1.000000 0.361076 0.319225 0.211883 0.363293 -0.021052 0.042975 0.003386 -0.026744 -0.051706 -0.333808 -0.512029 0.260345 0.156288 -0.165978 -0.296196 -0.173384 -0.192068 0.120512 -0.351287 -0.156447 -0.260771 0.004573 -0.073007 0.215042 0.124625 -0.382982 -0.265909 -0.461521 -0.337496 -0.036361 -0.348502 -0.135167 -0.266285 -0.051228 -0.028437 -0.226363 -0.243622 0.073193 -0.009476 0.077242 0.029595 -0.013610 -0.146398 -0.150507 -0.289126 -0.012327 -0.010500 0.003296 -0.167223 0.476725 0.236734 0.169942 0.173381 0.349837 0.319334 -0.133428 -0.010613 -0.155855 0.138523 0.006002 -0.004823 -0.204995 -0.329880 -0.281757 -0.035398 -0.223102 -0.157030 -0.074665 -0.231512 -0.174693 -0.128252 -0.166535 -0.415055 0.204480 0.048724 -0.079293 -0.214586 0.194293 0.163104 -0.033608 0.009279 0.010029 0.011192 -0.212186 -0.266354 -0.412033 -0.314148 -0.189606 -0.121947 -0.142493 0.022533 -0.207893 0.144056 -0.343315 -0.120679 0.255564 0.076191 0.075801 -0.321257 -0.328465 -0.278613 0.040786 -0.032994 -0.118676 -0.113315
0.193617 0.106660 -0.036209 0.428447 -0.102015 0.365035 -0.010861 0.522891 0.089682 0.383208 0.361076 1.000000 0.367592 0.719200 -0.163907 0.555844 0.063856 0.114367 -0.479530 -0.025010 -0.020141 -0.003880 -0.338415 0.078406 -0.186639 0.080191 -0.225982 -0.036513 -0.162642 -0.030789 -0.329937 0.081712 -0.187717 -0.207580 -0.245065 -0.106330 -0.113191 0.112288 -0.170225 0.050915 -0.077486 -0.037338 -0.308235 -0.241449 -0.378618 -0.235884 -0.239543 -0.291004 -0.023494 -0.221695 0.050366 -0.005345 0.069441 -0.256882 -0.067641 -0.128877 0.038695 -0.109419 0.116748 -0.084058 0.335524 0.561142 0.095959 0.330572 -0.140155 0.327423 -0.026079 -0.039176 -0.060851 -0.131179 -0.007995 0.083851 -0.112983 -0.196234 -0.005560 0.170825 -0.048852 0.037728 -0.032066 -0.279488 -0.187958 -0.244519 -0.436938 0.065726 -0.259750 0.061756 -0.428918 -0.075856 -0.340841 0.078428 0.093623 -0.067994 0.319814 0.069802 -0.032302 -0.042015 -0.135931 0.092230 -0.214406 -0.041278 0.169116 0.124682 -0.183479 0.187082 -0.035036 -0.090729 0.380352 0.189411 -0.246753 -0.230036 -0.211947 -0.427335 0.054439 -0.137623 -0.234967 0.089862
0.010810 0.022222 -0.037018 -0.148534 0.138830 -0.016015 0.055296 0.113253 0.328142 -0.127457 0.319225 0.367592 1.000000 0.452476 0.133357 0.272217 0.264196 0.290102 -0.268514 -0.173447 0.046466 -0.113210 -0.283966 -0.266093 -0.235723 -0.242569 -0.318915 -0.393904 0.260525 0.207405 -0.167226 -0.107112 0.052759 -0.044022 -0.288813 -0.384813 0.102833 0.075609 0.026711 -0.040669 0.128987 -0.069114 -0.192021 -0.366899 -0.208341 -0.289910 -0.008442 -0.370370 0.153256 -0.098644 0.057389 0.187054 0.299968 0.020423 0.065930 0.012553 0.092930 0.012151 0.051072 0.063895 0.353857 0.152755 0.520691 0.372852 -0.297063 -0.016630 -0.019939 -0.285226 -0.258328 -0.238468 0.208547 0.073822 0.292821 -0.026229 0.131484 0.212329 0.136160 -0.020301 0.049672 -0.092686 0.178547 0.026527 0.043744 0.051696 -0.079664 -0.021254 -0.268189 -0.076071 -0.213053 0.051755 -0.047730 0.056655 -0.029985 -0.044508 0.055862 0.107857 -0.222885 -0.177597 -0.118404 0.002150 0.012097 0.241500 -0.036751 0.018645 -0.224792 -0.275036 0.278458 -0.073466 0.040046 -0.188614 -0.336842 -0.107166 0.254585 0.033986 -0.192465 -0.056956
-0.071473 0.098765 -0.192838 0.467125 -0.087874 0.476326 -0.234409 0.615109 0.087772 0.379188 0.211883 0.719200 0.452476 1.000000 0.045671 0.654968 -0.048016 0.042944 -0.556900 -0.048442 -0.060325 0.080609 -0.361871 -0.035265 -0.002925 0.175317 0.051027 0.087050 -0.293541 0.031279 -0.445593 -0.094769 -0.237729 -0.197489 -0.308487 -0.105206 -0.055562 0.178870 -0.034405 0.232180 -0.004973 0.150580 -0.249923 -0.160613 -0.395653 -0.208778 -0.150430 -0.147738 0.065827 -0.250286 0.010739 0.145504 0.198952 -0.083674 0.114666 0.065056 -0.089510 -0.171404 0.034309 -0.065076 0.213790 0.596003 -0.039033 0.292155 -0.209244 0.392364 -0.135352 0.021797 0.005783 -0.031110 0.005640 0.117088 -0.069939 -0.028124 0.044100 0.229937 -0.044098 0.052402 -0.097160 -0.173006 -0.221425 -0.318037 -0.305628 0.070902 -0.234211 -0.130965 -0.329008 0.080414 -0.282650 0.007178 0.127801 -0.104346 0.313167 -0.017484 -0.155120 0.060218 -0.013305 0.135065 -0.069544 -0.016056 0.022243 0.021928 -0.081349 0.130395 -0.020386 -0.179438 0.289700 0.084277 -0.159807 -0.109681 -0.075497 -0.265773 0.120596 -0.086465 -0.210299 0.082416
0.143459 -0.095192 0.289829 0.088912 0.374590 0.139331 0.293773 0.155941 0.337255 0.142267 0.363293 -0.163907 0.133357 0.045671 1.000000 0.004964 -0.213638 -0.288520 0.097014 -0.211619 0.127867 -0.096488 0.509505 0.341815 0.449186 0.154965 0.187986 0.142047 0.152326 -0.325706 0.252585 0.014947 -0.148823 0.024491 0.318045 0.300483 -0.088554 -0.022560 -0.041757 0.104151 0.162558 0.055712 0.105917 0.002511 0.063970 0.132513 -0.133989 -0.047768 -0.104119 -0.019795 -0.075738 -0.009614 -0.036541 -0.030209 -0.010487 -0.057368 -0.217196 -0.118604 -0.151433 -0.460511 0.155159 0.089189 -0.248010 -0.165774 0.345576 0.258356 -0.564748 -0.325034 -0.133514 -0.066260 0.085912 -0.081741 -0.092346 -0.119264 -0.037769 0.106440 -0.031325 -0.090265 -0.038157 -0.070312 -0.373520 -0.242667 0.360535 -0.227064 -0.054825 -0.171505 0.028268 -0.106011 0.228657 0.143234 -0.118862 0.074788 0.006577 0.157432 -0.040484 -0.013038 -0.011913 -0.178015 -0.073004 -0.166674 -0.229975 0.013828 -0.280320 -0.038504 -0.136460 -0.066152 -0.143380 0.032662 0.200618 0.013542 0.107426 -0.019806 0.065568 0.076503 -0.055480 -0.157185
-0.197400 -0.008290 -0.309606 0.448462 -0.111043 0.341378 -0.104564 0.486090 0.039093 0.279359 -0.021052 0.555844 0.272217 0.654968 0.004964 1.000000 0.008763 0.057463 -0.474764 -0.050136 0.154306 0.255632 -0.433187 0.004397 0.085100 0.263720 -0.057793 0.122243 -0.063323 0.313921 -0.134772 0.269637 -0.214686 0.007726 -0.147946 0.014806 0.311135 0.265655 0.234111 0.386618 -0.003417 0.277558 -0.248012 -0.113757 -0.363378 -0.277291 -0.155947 -0.130288 -0.127404 -0.323150 -0.089976 -0.008768 0.160489 -0.117543 0.078502 0.090338 -0.054644 -0.179369 -0.070892 -0.140914 -0.041085 0.373765 -0.001477 0.138164 -0.397815 0.166806 -0.118197 -0.050773 0.058101 -0.149907 0.090933 0.224124 0.168223 0.145536 0.159553 0.297623 0.121053 0.136423 0.000906 -0.051638 -0.099045 -0.168197 -0.226854 0.365655 -0.387000 -0.039863 -0.337787 0.147237 -0.422607 0.072032 0.166375 -0.108874 0.323713 0.050926 -0.025322 0.128622 0.061269 -0.038251 -0.054227 -0.001722 0.059147 0.067902 0.138552 -0.017938 0.045265 -0.191185 0.076516 0.000714 0.013081 -0.096108 -0.003042 -0.216938 0.005711 -0.039816 -0.078468 -0.202950
0.078987 0.508294 -0.301601 -0.262020 -0.210173 -0.352361 -0.247506 -0.348355 -0.052104 -0.284905 0.042975 0.063856 0.264196 -0.048016 -0.213638 0.008763 1.000000 0.777268 -0.014881 -0.049138 -0.150743 -0.280662 -0.297256 -0.351244 -0.319784 -0.308930 -0.322078 -0.221113 0.413302 0.298464 -0.157087 -0.234815 0.378902 0.087970 -0.324381 -0.313209 0.269040 0.049171 0.053533 -0.079009 0.173787 -0.348472 -0.002950 -0.144477 -0.123195 -0.115767 0.349008 -0.069963 -0.182148 0.028791 0.291079 -0.091959 0.119316 0.123936 0.025934 0.077472 0.639601 0.603023 0.165131 0.007138 -0.050118 -0.158535 0.368118 0.300073 -0.286796 -0.234917 0.179331 -0.315344 0.200035 -0.138024 -0.128080 -0.056456 0.292342 -0.148126 0.005141 -0.038409 -0.169963 -0.375658 0.616500 0.377410 0.684215 0.674776 -0.107003 0.024788 0.197477 0.362399 -0.154422 -0.020679 -0.168738 0.126613 -0.311742 -0.442104 -0.241585 -0.394820 -0.170959 -0.217917 -0.090635 -0.121904 -0.065838 -0.030870 -0.175312 0.042610 -0.161372 -0.381201 -0.361972 -0.210821 0.179508 -0.064014 0.071380 -0.242963 -0.538162 0.004106 -0.049778 -0.041954 -0.024426 0.049105
0.021121 0.422113 -0.299196 -0.329306 -0.338512 -0.304812 -0.275652 -0.315321 -0.201202 -0.327437 0.003386 0.114367 0.290102 0.042944 -0.288520 0.057463 0.777268 1.000000 -0.157058 -0.193673 -0.134674 -0.245970 -0.346438 -0.421225 -0.263201 -0.257774 -0.239634 -0.135874 0.369430 0.351610 -0.294417 -0.320566 0.376928 0.065468 -0.307598 -0.366518 0.290090 0.082263 0.008830 0.036702 0.269215 -0.221685 -0.114332 -0.095457 -0.297620 -0.226145 0.233755 -0.037063 -0.028508 0.071606 0.256420 0.078079 0.191852 0.100257 0.105289 0.251775 0.498655 0.535679 0.077886 0.070790 -0.076312 -0.136023 0.347438 0.327594 -0.324152 -0.162791 0.188978 -0.323344 0.024951 -0.238083 -0.118272 0.000144 0.312644 -0.013654 0.102595 0.009599 -0.144055 -0.295134 0.538847 0.445455 0.604187 0.651542 -0.108041 0.047727 0.199896 0.392159 -0.212699 0.120208 -0.189986 0.205274 -0.262572 -0.424842 -0.238582 -0.425202 -0.004040 -0.070466 0.006486 0.042266 0.020961 0.074157 -0.149606 -0.101745 -0.198044 -0.335239 -0.322188 -0.109375 0.027596 -0.066719 0.045551 -0.219343 -0.385819 0.039740 0.036986 -0.006540 0.069919 0.133907
0.278054 -0.028768 0.187576 -0.158820 0.073995 -0.483240 0.288593 -0.481871 -0.105768 -0.428934 -0.026744 -0.479530 -0.268514 -0.556900 0.097014 -0.474764 -0.014881 -0.157058 1.000000 0.444641 -0.217728 -0.265717 0.344607 0.175211 -0.186420 -0.403754 -0.168063 -0.297085 0.392707 -0.053817 0.436566 0.089541 0.239307 0.277872 0.183711 0.103066 -0.229902 -0.242235 -0.207097 -0.300585 0.029311 -0.235707 0.232481 -0.078503 0.420325 0.095556 0.072227 0.036954 -0.156830 0.122184 -0.158947 -0.115639 -0.200783 0.015472 -0.261432 -0.204741 -0.038229 0.105178 -0.121256 0.018568 -0.059410 -0.462923 -0.007647 -0.135228 0.314762 -0.448829 -0.040344 -0.108636 -0.006505 0.321758 -0.124586 -0.224287 0.011164 -0.138769 -0.073600 -0.197494 0.032779 -0.080217 -0.122863 -0.033602 -0.048972 0.081544 0.458540 0.098235 0.162067 -0.093087 0.341843 -0.078815 0.269339 -0.129795 0.103782 0.283376 -0.156848 0.121790 -0.206086 -0.006333 -0.224407 -0.179630 0.058335 0.096622 0.118851 0.035520 0.101419 0.024970 0.053415 0.200221 -0.162000 -0.035598 0.072900 0.170717 0.126568 0.418581 0.010614 0.227426 0.275616 0.101759
0.205093 0.139806 -0.249878 0.180509 0.109500 -0.173877 -0.179159 -0.290162 -0.098048 -0.060455 -0.051706 -0.025010 -0.173447 -0.048442 -0.211619 -0.050136 -0.049138 -0.193673 0.444641 1.000000 -0.104119 -0.036453 -0.107944 0.142923 -0.301050 -0.211660 -0.008107 -0.029008 -0.050289 0.045932 -0.016652 0.072616 -0.111472 0.018874 0.088503 -0.029516 -0.205832 -0.193307 -0.077149 -0.183528 -0.351967 -0.066042 -0.040907 -0.235599 0.140695 -0.122601 -0.082329 0.029050 -0.175166 -0.085994 -0.395736 -0.075484 -0.158222 -0.184973 -0.241760 -0.265190 -0.134241 -0.193706 -0.030307 0.288922 -0.258351 -0.177850 0.018707 -0.014314 -0.147532 -0.465580 0.305530 0.346732 0.361392 0.592566 -0.015686 0.135607 -0.049530 -0.046136 0.035081 0.064752 0.198430 0.352408 -0.352518 -0.226184 -0.104051 -0.196178 0.190335 0.199367 -0.078417 -0.308563 0.051125 -0.078853 -0.026298 -0.145636 0.655772 0.389988 0.430394 0.266133 -0.257919 -0.185936 -0.097601 -0.135671 0.227765 0.165082 0.434460 0.029956 0.420224 0.149986 0.137953 0.009594 0.086167 -0.159512 -0.150660 0.168218 0.209334 0.351585 0.083860 0.038197 0.055786 0.161780
-0.271786 -0.269495 0.174114 -0.016428 0.041080 0.212001 0.132422 0.102917 -0.091440 0.165807 -0.333808 -0.020141 0.046466 -0.060325 0.127867 0.154306 -0.150743 -0.134674 -0.217728 -0.104119 1.000000 0.659716 -0.057106 0.135318 0.457761 0.510882 0.277224 0.382054 -0.019846 -0.079567 0.267240 0.375990 -0.237122 -0.118439 0.212141 0.095417 0.252657 0.112782 0.350755 0.149267 -0.009875 0.351570 -0.013224 -0.025846 -0.156719 -0.151191 -0.144108 -0.013812 -0.236334 -0.244263 -0.288256 -0.221134 -0.190437 -0.082116 0.017480 -0.101867 -0.187833 -0.186027 -0.072010 -0.125340 -0.252189 -0.077102 -0.127710 -0.402363 -0.162536 -0.052598 0.041692 -0.070617 0.003862 -0.157824 0.610414 0.480251 0.043854 0.267182 0.091777 0.235279 0.337022 0.413032 -0.074522 0.018901 -0.116013 -0.090132 0.229054 0.067579 -0.266253 0.023743 -0.108838 -0.111193 -0.129484 0.115113 0.153321 0.223534 0.303982 0.418012 0.370983 0.078674 -0.000290 -0.087232 -0.158596 -0.209701 0.300980 0.273167 -0.008466 0.104603 0.257319 -0.017748 -0.102775 0.142837 -0.140891 0.145651 0.375528 0.100575 -0.019623 -0.002426 0.022534 -0.166370
-0.409564 -0.293059 0.126966 0.117433 -0.037601 0.274316 -0.090719 0.205789 -0.198781 0.263210 -0.512029 -0.003880 -0.113210 0.080609 -0.096488 0.255632 -0.280662 -0.245970 -0.265717 -0.036453 0.659716 1.000000 -0.101966 0.171849 0.406193 0.632733 0.375548 0.480326 -0.206893 0.090209 0.236592 0.395739 -0.245571 -0.191074 -0.043450 -0.001394 0.254178 0.212184 0.363234 0.184817 -0.116075 0.480422 -0.010160 0.090252 -0.225771 -0.206670 -0.114022 0.050456 -0.223563 -0.283112 -0.321033 -0.274793 -0.121931 -0.126013 0.047678 0.109916 -0.312068 -0.254078 -0.089838 0.108460 -0.280486 -0.036694 -0.231214 -0.390248 -0.175583 -0.076860 0.166094 0.222577 0.153297 -0.033790 0.291409 0.374266 0.087856 0.353670 0.157343 0.253038 0.317212 0.287740 -0.217893 -0.094410 -0.191333 -0.198976 0.047407 0.095501 -0.358530 -0.095194 -0.207804 0.050133 -0.151152 0.016713 0.167870 0.273077 0.359106 0.458497 0.269471 0.186675 0.289030 0.191631 -0.049247 -0.089869 0.348659 0.175430 0.132681 0.197157 0.376399 -0.017951 -0.007881 0.144322 -0.267654 0.212488 0.487167 0.031703 -0.073413 -0.045098 -0.097881 -0.030895
0.148336 -0.199333 0.654834 -0.042500 0.360232 0.037201 0.417585 -0.109339 0.313655 0.116359 0.260345 -0.338415 -0.283966 -0.361871 0.509505 -0.433187 -0.297256 -0.346438 0.344607 -0.107944 -0.057106 -0.101966 1.000000 0.616336 0.300680 0.006471 0.170235 0.041625 -0.007096 -0.565683 0.364984 0.028515 -0.087795 -0.101980 0.451025 0.373360 -0.312793 -0.156756 -0.139901 -0.164561 0.017144 -0.176207 0.206322 0.077231 0.341452 0.357160 -0.103551 -0.041512 -0.013293 0.202792 -0.125000 -0.105992 -0.242348 -0.141726 -0.118394 -0.178683 -0.241761 -0.144087 -0.126769 -0.278592 0.111710 -0.180611 -0.385167 -0.328597 0.713860 0.212343 -0.232687 0.032399 -0.096494 0.032452 -0.117104 -0.301345 -0.379151 -0.239182 -0.200516 -0.268188 -0.272234 -0.256540 -0.076212 -0.192711 -0.424697 -0.181682 0.235756 -0.429473 0.170645 -0.032073 0.228267 -0.209843 0.590989 0.159709 -0.140870 0.161624 -0.114329 0.273401 0.066590 -0.087573 -0.000990 -0.060855 -0.066774 -0.115615 -0.206677 -0.088967 -0.171388 0.010802 -0.168737 0.093058 -0.206024 -0.082175 0.180978 0.120468 0.224192 -0.061604 -0.100933 0.204357 0.148818 -0.019177
0.126779 -0.347844 0.509315 0.497365 0.278301 0.258221 0.446936 0.235840 0.226576 0.372784 0.156288 0.078406 -0.266093 -0.035265 0.341815 0.004397 -0.351244 -0.421225 0.175211 0.142923 0.135318 0.171849 0.616336 1.000000 0.297017 0.303161 0.025294 0.151855 -0.123746 -0.532644 0.442648 0.498721 -0.251009 0.018755 0.382836 0.429039 -0.250013 -0.171974 -0.178981 -0.113083 -0.143583 -0.101526 0.137338 -0.112301 0.232020 0.228832 -0.303557 -0.048954 -0.344822 -0.055157 -0.277354 -0.407406 -0.390748 -0.430746 -0.393170 -0.425977 -0.407779 -0.367793 -0.171466 -0.363582 0.106448 0.006070 -0.382989 -0.291019 0.599570 0.109862 -0.344656 0.114769 -0.159042 0.129789 -0.079130 -0.101599 -0.429896 -0.263667 -0.271891 -0.221486 -0.219942 -0.161728 -0.152500 -0.292940 -0.490575 -0.234182 0.117594 -0.106620 -0.173210 -0.006393 -0.145406 -0.310810 0.221013 0.225718 0.093967 0.204082 0.361881 0.532427 0.147456 -0.090671 -0.040387 -0.015350 -0.225877 -0.236492 0.125202 -0.094222 -0.165099 0.075599 -0.032876 0.131707 -0.026435 0.055395 -0.070069 0.103024 0.377455 -0.132857 -0.058322 0.068817 0.158908 -0.033977
-0.230144 -0.057177 0.318242 0.099224 0.184035 0.424423 0.150611 0.267786 0.043027 0.334375 -0.165978 -0.186639 -0.235723 -0.002925 0.449186 0.085100 -0.319784 -0.263201 -0.186420 -0.301050 0.457761 0.406193 0.300680 0.297017 1.000000 0.740273 0.665081 0.723633 -0.217988 -0.269188 0.352273 0.169850 -0.088181 0.087668 0.381118 0.413563 0.028682 0.035316 0.120953 0.191447 0.022504 0.225875 0.135845 0.354080 -0.061463 0.108764 -0.216309 0.269425 -0.196725 -0.245043 -0.130778 -0.194008 -0.209518 -0.053838 -0.045552 -0.032561 -0.158892 -0.043030 -0.104475 -0.378686 -0.201526 -0.039350 -0.478974 -0.525476 0.132872 0.348953 -0.155610 0.078576 0.035832 -0.102648 0.169283 0.089106 -0.167015 0.051032 -0.029982 -0.085659 -0.076760 0.034875 -0.008345 0.027584 -0.380629 -0.195965 -0.015021 -0.325136 -0.320519 -0.176207 -0.227551 -0.209505 0.048506 -0.062621 -0.235990 -0.065866 0.118360 0.268299 0.259861 0.079089 0.389114 0.127158 -0.115202 -0.198278 0.063364 -0.096675 -0.140972 -0.002305 0.243056 0.052177 -0.169796 -0.024625 0.181299 0.063556 0.571329 0.037856 -0.051091 0.195602 0.117649 -0.095247
-0.258006 -0.188591 0.176970 0.344115 -0.007318 0.577091 -0.040327 0.359763 -0.091143 0.535301 -0.296196 0.080191 -0.242569 0.175317 0.154965 0.263720 -0.308930 -0.257774 -0.403754 -0.211660 0.510882 0.632733 0.006471 0.303161 0.740273 1.000000 0.474264 0.740685 -0.398022 -0.162568 0.189616 0.336158 -0.245252 -0.038084 0.113559 0.358613 0.032532 0.086110 0.168896 0.237857 -0.144511 0.317838 -0.013284 0.231830 -0.140319 0.035672 -0.296839 0.173384 -0.149937 -0.280420 -0.144398 -0.202689 -0.164753 -0.217665 -0.033844 -0.023583 -0.173407 -0.209877 0.084431 -0.163624 -0.195473 0.149106 -0.432413 -0.506432 -0.010291 0.410172 -0.052449 0.252120 0.087105 -0.044383 0.184835 0.261446 -0.179081 0.102441 -0.049489 0.054713 0.045524 0.188693 -0.090238 -0.048989 -0.402252 -0.343541 -0.114244 -0.112746 -0.417590 -0.138228 -0.405513 -0.044268 -0.129017 0.041994 -0.048528 0.042969 0.362671 0.370894 0.191319 0.057469 0.313461 0.099198 -0.113954 -0.164574 0.120450 -0.015069 -0.173792 0.151581 0.344407 -0.109600 -0.020522 0.099777 -0.172436 0.000156 0.453673 -0.200837 -0.153917 -0.107227 -0.207601 -0.134684
-0.226444 0.079221 0.090386 -0.059071 0.229902 0.365087 -0.222252 0.054464 -0.053720 0.293466 -0.173384 -0.225982 -0.318915 0.051027 0.187986 -0.057793 -0.322078 -0.239634 -0.168063 -0.008107 0.277224 0.375548 0.170235 0.025294 0.665081 0.474264 1.000000 0.732075 -0.310567 -0.167072 -0.003337 -0.143159 -0.246114 -0.210368 0.215559 0.152007 0.076722 0.057309 0.200132 0.121359 -0.036889 0.272658 -0.056402 0.211888 -0.218942 -0.093111 -0.157438 0.154384 -0.059557 -0.229853 -0.175436 0.020013 -0.067181 0.042444 0.179785 0.127150 -0.240227 -0.114927 -0.118063 -0.054378 -0.357288 -0.058717 -0.442525 -0.430644 -0.010994 0.209344 0.168550 0.365692 0.240419 0.193590 0.191344 0.192237 -0.137575 0.206478 0.150859 0.139058 0.099477 0.227995 -0.187610 0.004331 -0.306849 -0.259637 -0.035224 -0.303909 -0.003027 -0.176139 0.073522 0.140397 0.235283 -0.062394 0.081086 0.082007 0.129636 0.187808 0.021106 0.101335 0.363504 0.165088 0.030017 -0.070114 0.042003 -0.061849 0.091416 0.148971 0.313587 -0.004583 -0.146290 -0.110240 -0.009473 0.212699 0.526486 0.072303 0.028968 0.161651 -0.018132 0.086721
-0.234940 0.134265 -0.033857 0.100012 0.006358 0.465366 -0.277600 0.136936 -0.178337 0.403764 -0.192068 -0.036513 -0.393904 0.087050 0.142047 0.122243 -0.221113 -0.135874 -0.297085 -0.029008 0.382054 0.480326 0.041625 0.151855 0.723633 0.740685 0.732075 1.000000 -0.339503 -0.175750 0.010711 -0.033823 -0.319255 -0.245573 0.137685 0.226340 0.082234 0.084757 0.151665 0.177703 -0.121171 0.237182 0.000118 0.307136 -0.225242 -0.084580 -0.110676 0.294114 -0.115405 -0.180129 -0.097592 -0.051764 -0.024629 -0.034116 0.166752 0.133686 -0.122132 -0.040952 -0.051847 -0.075660 -0.419524 -0.018009 -0.485421 -0.527866 -0.103783 0.236064 0.049518 0.216897 0.325751 0.127249 0.160369 0.263942 -0.160182 0.186693 0.068810 0.156549 0.018271 0.157173 -0.063200 0.009379 -0.306138 -0.193096 -0.075054 -0.244859 -0.214242 -0.104762 -0.213442 0.014360 0.000434 0.023947 0.025225 0.081320 0.274841 0.259953 0.136325 0.029112 0.413766 0.210964 0.105861 -0.007121 0.149731 -0.097467 -0.087258 0.041002 0.289558 -0.072107 -0.036224 0.004072 -0.026193 0.034186 0.508392 0.011880 -0.090334 0.076922 -0.006044 0.046637
0.098606 -0.021281 0.073754 -0.438212 0.003711 -0.567204 0.246148 -0.319894 -0.016285 -0.489656 0.120512 -0.162642 0.260525 -0.293541 0.152326 -0.063323 0.413302 0.369430 0.392707 -0.050289 -0.019846 -0.206893 -0.007096 -0.123746 -0.217988 -0.398022 -0.310567 -0.339503 1.000000 0.463934 0.357207 0.088997 0.449995 0.238085 -0.005799 -0.280592 0.310956 0.010127 -0.007178 -0.022829 0.391088 -0.048485 0.026286 -0.084559 -0.143930 -0.379282 0.261306 -0.055980 -0.175990 -0.096792 0.087200 0.002817 0.111789 0.114530 -0.036035 0.126534 0.075829 0.157923 -0.394882 -0.191502 -0.120557 -0.506581 0.277314 0.025236 -0.113737 -0.420562 -0.172343 -0.534212 -0.357146 -0.332211 0.132377 -0.070202 0.687584 0.171240 0.254831 0.195504 0.187726 -0.101850 0.406395 0.302268 0.425978 0.436071 0.395829 0.257525 0.219544 0.230816 0.104319 0.039865 -0.092981 -0.099858 -0.241770 -0.080458 -0.335532 -0.121356 0.249235 0.177958 -0.113989 -0.133987 -0.073404 0.001740 0.045345 -0.112016 -0.060440 -0.302268 -0.224599 0.062852 -0.107071 -0.040212 0.282060 -0.002216 -0.148186 0.228478 0.012905 0.161472 0.282795 -0.072868
-0.300126 -0.018558 -0.375949 -0.193262 -0.211843 -0.333983 -0.245260 -0.094991 -0.180545 -0.447808 -0.351287 -0.030789 0.207405 0.031279 -0.325706 0.313921 0.298464 0.351610 -0.053817 0.045932 -0.079567 0.090209 -0.565683 -0.532644 -0.269188 -0.162568 -0.167072 -0.175750 0.463934 1.000000 0.044975 0.086073 0.348908 0.189727 -0.379738 -0.469514 0.509366 0.290266 0.221733 0.200734 0.137561 0.270907 -0.163986 0.006604 -0.250332 -0.465564 0.259900 0.010101 0.086822 -0.109318 0.105975 0.195921 0.318097 0.239866 0.162077 0.434453 0.062396 0.019112 -0.290279 0.152351 -0.246580 -0.270538 0.358581 0.165105 -0.588740 -0.407537 0.094093 -0.157523 -0.145759 -0.272828 0.007181 0.145106 0.790985 0.391934 0.368770 0.320268 0.313801 0.145166 0.215929 0.352595 0.454877 0.311144 0.041034 0.514819 -0.053087 -0.026982 -0.041311 0.273880 -0.412795 -0.345155 0.028041 -0.102267 -0.175952 -0.267075 0.125098 0.317374 0.178798 0.080004 0.180322 0.179825 0.080725 -0.088120 0.273801 -0.226319 0.089037 -0.037641 -0.096657 -0.129144 0.149357 -0.036790 -0.076450 0.215651 -0.027003 0.030002 0.053832 -0.003562
-0.107179 -0.454942 0.511434 0.015552 0.298403 -0.148493 0.599550 -0.035708 0.157085 -0.168365 -0.156447 -0.329937 -0.167226 -0.445593 0.252585 -0.134772 -0.157087 -0.294417 0.436566 -0.016652 0.267240 0.236592 0.364984 0.442648 0.352273 0.189616 -0.003337 0.010711 0.357207 0.044975 1.000000 0.714352 0.217546 0.352028 0.370257 0.285047 0.099369 -0.029908 0.029882 -0.104013 0.059494 -0.032389 0.206262 0.104915 0.310534 0.054274 -0.074963 0.061011 -0.260394 -0.152854 -0.185758 -0.361391 -0.309453 -0.059530 -0.396026 -0.204264 -0.224644 -0.207831 -0.429486 -0.404811 -0.084808 -0.511715 -0.137613 -0.381002 0.292421 -0.261951 -0.222416 -0.096863 -0.204961 -0.146307 0.084016 -0.069493 0.236112 0.045387 0.005575 -0.107373 0.070990 -0.044369 0.003425 -0.083817 -0.144374 0.062593 0.342821 0.084071 -0.111885 -0.025925 0.026381 -0.261370 0.058358 -0.246413 -0.141342 0.116152 -0.052580 0.362009 0.274878 0.168435 0.041975 -0.108039 -0.214640 -0.139324 0.155830 0.000462 -0.012117 -0.087485 0.068304 0.091855 -0.292997 -0.132036 0.159778 0.127407 0.371038 0.196051 -0.072657 0.240823 0.197400 -0.156786
-0.227709 -0.576632 0.257208 0.396206 0.178964 0.079929 0.463887 0.261054 0.119854 0.073395 -0.260771 0.081712 -0.107112 -0.094769 0.014947 0.269637 -0.234815 -0.320566 0.089541 0.072616 0.375990 0.395739 0.028515 0.498721 0.169850 0.336158 -0.143159 -0.033823 0.088997 0.086073 0.714352 1.000000 -0.077162 0.309056 0.215833 0.265682 0.146614 -0.031505 0.111099 0.038451 -0.043509 0.169305 0.081958 -0.034791 0.152799 0.033148 -0.173428 -0.004431 -0.420134 -0.288385 -0.351270 -0.458903 -0.329415 -0.255809 -0.480042 -0.281652 -0.295075 -0.452449 -0.294461 -0.369613 -0.064850 -0.129082 -0.138208 -0.226543 0.123527 -0.151423 -0.225141 0.030617 -0.187214 -0.169642 0.103582 0.036755 0.135484 0.086891 0.049583 -0.017360 0.112849 0.142562 -0.064556 -0.153935 -0.154469 -0.083700 0.213912 0.414209 -0.212764 0.095206 -0.068766 -0.047426 -0.139432 -0.056764 0.124984 0.124220 0.249971 0.367270 0.238956 0.164143 0.027539 -0.057274 -0.280739 -0.207016 0.296892 -0.022377 0.078683 -0.054400 0.076478 -0.062443 -0.132697 -0.043794 -0.145825 0.100207 0.339795 0.026799 0.028474 0.041827 0.032493 -0.156398
0.182358 0.166742 0.015193 -0.325978 -0.080524 -0.302732 0.089787 -0.215313 -0.061675 -0.346430 0.004573 -0.187717 0.052759 -0.237729 -0.148823 -0.214686 0.378902 0.376928 0.239307 -0.111472 -0.237122 -0.245571 -0.087795 -0.251009 -0.088181 -0.245252 -0.246114 -0.319255 0.449995 0.348908 0.217546 -0.077162 1.000000 0.555019 0.069608 0.022832 -0.043552 -0.147289 -0.196192 -0.154145 0.127675 -0.243001 0.197604 0.230550 0.106825 0.041527 0.232337 0.207304 0.007677 0.068692 0.204884 -0.061577 -0.003893 0.143080 -0.157213 0.017195 0.373128 0.459412 -0.162521 -0.108602 -0.067137 -0.368288 0.115398 0.012798 -0.051011 -0.176714 0.095015 -0.186757 -0.191010 -0.147710 -0.118677 -0.056996 0.362528 -0.145816 -0.068621 -0.163664 -0.078336 -0.179802 0.398161 0.418077 0.373290 0.376387 -0.027940 -0.139489 -0.012285 0.021040 -0.086528 -0.180089 -0.240297 -0.338147 -0.409762 -0.438325 -0.385046 -0.324356 0.059468 0.038752 -0.086428 -0.094263 -0.254481 -0.239487 -0.092844 -0.298245 -0.223324 -0.225468 -0.095409 0.243998 -0.017790 -0.063573 0.272425 -0.090553 -0.128184 0.161368 -0.062608 0.152849 0.307904 0.013577
0.132810 -0.084082 -0.088140 0.104896 0.058683 -0.099883 0.274029 0.074943 0.009918 -0.130348 -0.073007 -0.207580 -0.044022 -0.197489 0.024491 0.007726 0.087970 0.065468 0.277872 0.018874 -0.118439 -0.191074 -0.101980 0.018755 0.087668 -0.038084 -0.210368 -0.245573 0.238085 0.189727 0.352028 0.309056 0.555019 1.000000 0.293753 0.362092 -0.002642 -0.198998 -0.156770 -0.039883 0.265468 -0.144028 0.126211 0.076837 0.150836 0.121680 -0.075161 0.116641 -0.270656 -0.142582 -0.052609 -0.233560 -0.143139 -0.099151 -0.410218 -0.272350 0.183788 0.137940 -0.021018 -0.318466 0.048342 -0.201371 0.107007 0.006435 0.150934 -0.158257 -0.026784 -0.080284 -0.140609 0.046167 -0.176247 -0.067784 0.106124 -0.232311 -0.262654 -0.223641 -0.174906 -0.049567 0.145478 0.289618 0.169867 0.256275 -0.023799 0.128617 -0.153203 -0.078121 -0.111081 -0.093192 -0.136658 -0.150763 -0.163758 -0.262006 -0.161850 -0.236487 -0.066840 -0.120208 -0.089985 -0.132263 -0.182880 -0.148529 0.010131 -0.159265 -0.038630 -0.203305 -0.051203 0.089251 -0.127255 -0.067327 0.203414 -0.122771 0.117622 0.133997 0.073366 0.058593 0.129784 -0.187285
0.158652 -0.194538 0.276868 0.022894 0.360381 0.118630 0.367089 -0.024609 0.165180 0.218971 0.215042 -0.245065 -0.288813 -0.308487 0.318045 -0.147946 -0.324381 -0.307598 0.183711 0.088503 0.212141 -0.043450 0.451025 0.382836 0.381118 0.113559 0.215559 0.137685 -0.005799 -0.379738 0.370257 0.215833 0.069608 0.293753 1.000000 0.657429 -0.190271 -0.239166 -0.127021 -0.145114 0.030670 0.098356 0.173010 0.087831 0.224910 0.213912 -0.321869 0.206875 -0.358540 -0.218364 -0.337560 -0.461403 -0.549336 -0.305283 -0.421288 -0.507704 -0.205564 -0.185336 -0.133042 -0.327759 -0.037591 -0.211429 -0.314705 -0.443401 0.418800 0.039923 0.087064 0.193333 0.038217 0.224092 0.195586 0.265018 -0.280724 -0.124801 -0.198426 -0.087248 -0.117414 0.281619 -0.193954 0.061439 -0.238000 -0.145005 0.201972 -0.207720 0.054333 -0.056338 0.201345 -0.237147 0.261079 -0.057592 -0.012815 0.029936 0.134779 0.273055 0.210655 -0.192787 -0.152151 -0.185619 -0.295423 -0.342797 0.102913 -0.178118 -0.026170 0.040987 -0.055903 0.174518 -0.149040 -0.030334 0.203069 0.280034 0.490206 0.051048 -0.027670 0.160628 0.219150 -0.252001
0.158563 -0.134525 0.138682 0.317432 0.186578 0.387218 0.283148 0.192141 0.111516 0.429752 0.124625 -0.106330 -0.384813 -0.105206 0.300483 0.014806 -0.313209 -0.366518 0.103066 -0.029516 0.095417 -0.001394 0.373360 0.429039 0.413563 0.358613 0.152007 0.226340 -0.280592 -0.469514 0.285047 0.265682 0.022832 0.362092 0.657429 1.000000 -0.301828 -0.290408 -0.156508 -0.076799 -0.051667 -0.022728 0.237897 0.191686 0.389426 0.493584 -0.297114 0.234228 -0.291519 -0.062810 -0.320897 -0.472156 -0.463362 -0.337037 -0.398740 -0.488653 -0.007248 -0.087051 0.150977 -0.374351 -0.022159 0.026219 -0.526131 -0.440011 0.460566 0.305690 0.004554 0.199636 0.243701 0.282294 0.097702 0.156892 -0.485646 -0.236499 -0.309831 -0.214508 -0.194853 0.133325 -0.052791 -0.032824 -0.356662 -0.249379 0.052400 -0.241519 -0.089457 -0.072095 0.041898 -0.136816 0.164944 0.048511 -0.071590 -0.141887 0.215549 0.136824 -0.127128 -0.246151 -0.212026 -0.294308 -0.327124 -0.315781 -0.020814 -0.150174 -0.279946 0.028476 -0.004248 0.008902 -0.115020 0.000743 0.055037 0.024175 0.310619 -0.184256 -0.115933 0.015258 0.002880 -0.271111
