1.000000 0.557465 -0.157335 -0.316429 -0.037371 -0.140312 0.169953 -0.501307 0.367528 -0.068283 0.599019 0.303133 0.619251 0.511781 0.365572 0.461255 0.254817 0.200126 0.143186 0.414278 -0.474410 -0.346070 -0.466629 -0.561588 -0.425507 -0.574026 -0.385283 -0.553071 0.261011 0.078922 -0.441270 -0.394522 0.169697 -0.107587 -0.273720 -0.129693 -0.224345 -0.410064 -0.376833 -0.264965 -0.063105 0.005650 -0.149381 -0.272603 -0.224996 -0.341447 -0.044229 -0.204225 0.040560 0.023364 -0.095777 -0.021306 0.185717 0.114702 -0.079631 0.010207 0.289953 0.212089 0.067554 -0.107676 0.557459 0.394398 0.253632 0.231232 -0.257759 -0.298419 -0.330755 -0.610262 0.390861 -0.054416 -0.007193 0.012096 0.300472 0.099711 0.041631 0.159150 0.391685 0.233057 0.098828 0.103800 0.227794 0.264309 0.314435 0.273708 -0.180373 -0.022843 -0.237131 0.002707 -0.021933 0.039309 0.003483 0.146436 -0.229420 -0.089138 -0.204058 -0.171422 -0.179027 -0.085447 0.113722 0.096788 -0.329405 0.186749 -0.200935 -0.034119 -0.269970 -0.241722 -0.264859 0.043364 0.088926 -0.022250 -0.255349 0.082251 0.315718 0.001086 -0.022189 0.157053
0.557465 1.000000 -0.195130 -0.184527 -0.149243 -0.310125 -0.020639 -0.501917 0.145078 -0.097531 0.339348 0.128054 0.322378 0.327064 0.371013 0.383095 0.018690 -0.027421 -0.016888 0.122317 -0.430238 -0.076078 -0.105434 -0.358489 -0.198887 -0.291362 -0.157716 -0.297751 -0.042175 -0.270920 -0.504122 -0.533415 -0.144793 -0.521194 -0.286327 -0.329377 -0.113664 -0.237975 -0.245798 -0.159521 -0.128904 -0.139584 -0.304736 -0.337741 -0.234806 -0.285194 -0.146170 -0.103274 -0.097213 -0.023957 -0.046515 -0.043741 0.151457 0.119011 -0.017408 -0.014487 0.172008 0.433038 0.262160 0.368903 0.283805 0.539879 -0.008593 0.243054 -0.136957 -0.039454 -0.012688 -0.341355 0.466671 0.361931 -0.002759 -0.032970 -0.079731 0.054654 -0.081063 0.014368 0.147948 0.046611 0.095632 -0.066249 0.240757 0.161655 0.177280 0.048926 0.249218 0.257737 0.089505 0.232074 0.384499 0.309578 0.007101 0.031859 -0.112025 0.039499 -0.256813 -0.171691 -0.122525 -0.028968 0.049459 0.155088 -0.182142 0.314088 -0.207167 0.018539 -0.037331 -0.034794 -0.208637 0.029637 0.104298 0.024137 -0.183847 -0.141482 0.201884 -0.014640 -0.145283 -0.211980
-0.157335 -0.195130 1.000000 -0.216959 0.713582 0.410987 0.700487 0.387029 0.482599 0.492488 -0.160086 -0.065140 0.050767 0.185529 0.016006 -0.221962 -0.111869 -0.030564 0.357110 0.076572 -0.080835 -0.104061 -0.151886 -0.281233 -0.379989 -0.365824 -0.210540 -0.359620 0.089742 0.068417 -0.135387 -0.169172 0.333847 0.250452 -0.026552 0.077516 -0.280476 -0.449841 -0.177762 -0.469723 -0.296194 -0.279856 -0.174927 -0.265807 -0.280981 -0.296911 -0.198660 -0.276713 -0.257123 -0.286924 -0.125196 -0.332698 -0.213383 -0.085796 -0.505573 -0.279937 -0.295799 -0.109758 -0.111257 0.098600 0.343714 -0.005608 0.268504 0.280803 0.386041 -0.010573 0.412850 0.123404 -0.332534 0.100662 0.015447 -0.260577 0.170560 -0.006761 0.194894 -0.167143 -0.123228 -0.344316 -0.358677 -0.224891 -0.292033 -0.184367 -0.271238 -0.112600 0.032470 -0.197017 -0.102760 -0.403263 0.064867 -0.130695 0.163974 0.323597 0.185686 0.150200 -0.292721 -0.085120 -0.398124 -0.395430 -0.071272 -0.305429 0.074298 0.051128 0.164139 0.147276 0.030060 -0.121346 -0.096426 0.186143 -0.149942 -0.336963 -0.514387 -0.196172 0.020671 -0.069284 -0.188102 -0.139278
-0.316429 -0.184527 -0.216959 1.000000 -0.334266 -0.063757 -0.603057 0.356208 -0.497908 -0.150597 -0.150030 -0.027218 -0.551712 -0.699900 0.041045 -0.117250 0.017607 -0.195032 0.234061 -0.028126 0.279002 0.192152 0.425318 0.470662 0.378807 0.460475 0.476956 0.444261 -0.225241 -0.148791 0.222466 0.274779 -0.409070 -0.310127 -0.007492 -0.191551 0.002816 0.142922 -0.136465 0.095550 0.028515 -0.155400 -0.071682 -0.036312 -0.166894 -0.022899 -0.256790 -0.057856 0.170741 0.051536 0.338031 0.284843 0.164896 -0.011412 0.014693 -0.212293 -0.000978 -0.076083 0.026375 -0.120405 -0.586944 -0.415272 -0.342345 -0.326813 -0.053147 0.167216 -0.078248 0.147557 0.097422 -0.091067 0.101281 0.278780 -0.465950 0.003920 -0.083292 -0.034576 -0.183076 -0.050369 0.100477 -0.019156 -0.085263 -0.192027 0.069460 0.184921 0.268438 0.376879 0.234127 0.288336 0.007925 0.107301 0.281977 0.266957 0.439530 0.254075 0.193632 0.196927 -0.067415 0.155771 0.026237 0.068679 0.230962 0.043405 0.126946 0.027615 0.086370 0.247075 0.147434 -0.027608 0.069645 0.116693 0.113079 -0.080706 -0.322309 0.030938 0.063225 -0.011476
-0.037371 -0.149243 0.713582 -0.334266 1.000000 0.607553 0.669188 0.269707 0.616756 0.430330 -0.136095 -0.009880 0.185850 0.290066 -0.050186 -0.133688 -0.071778 0.105039 0.096848 0.204668 -0.122774 -0.150346 -0.261181 -0.342703 -0.284319 -0.352349 -0.115938 -0.311761 0.087956 0.188947 -0.205937 -0.219831 0.401542 0.309693 -0.084311 0.156932 -0.356314 -0.483461 -0.181765 -0.384867 -0.254091 -0.177224 -0.116222 -0.246394 -0.217332 -0.268937 -0.033734 -0.206717 -0.208876 -0.146923 -0.106609 -0.306428 -0.154179 -0.159777 -0.539023 -0.255323 -0.128895 -0.058527 -0.156668 0.040537 0.420708 0.125518 0.257665 0.240721 0.320767 -0.069569 0.231468 0.013803 -0.174545 0.192658 -0.036822 -0.191027 0.237406 -0.149869 0.047106 -0.147261 -0.170977 -0.303187 -0.207825 -0.097772 -0.191415 -0.102195 -0.353073 -0.122861 -0.187911 -0.281906 -0.214328 -0.401362 -0.024540 -0.279039 0.101614 0.215917 0.199612 0.342482 -0.213882 -0.013950 -0.338280 -0.319504 -0.003263 -0.183410 0.201269 0.144177 0.232519 0.096386 0.065182 -0.041224 -0.050667 0.260265 -0.179814 -0.329297 -0.481986 -0.050659 0.260755 0.023105 -0.141725 -0.039287
-0.140312 -0.310125 0.410987 -0.063757 0.607553 1.000000 0.361333 0.463019 0.388568 0.547275 -0.299618 0.003033 -0.082479 0.204487 -0.242568 -0.070698 -0.038442 0.145143 -0.108617 0.086641 -0.068653 -0.029436 -0.186184 -0.182880 -0.120878 -0.096507 0.057847 0.096549 -0.178487 0.181986 -0.116519 -0.151590 0.204175 0.257523 0.134900 0.235723 -0.208691 -0.349678 -0.146308 -0.137399 -0.136957 -0.115982 0.005470 -0.171732 -0.095276 -0.153377 0.018504 -0.117748 -0.033735 -0.072212 0.100867 -0.147543 -0.143892 -0.225746 -0.473841 -0.316252 -0.010297 -0.090778 -0.187749 -0.117970 0.100767 0.006918 0.062849 -0.019170 0.264706 0.081150 0.195335 0.122482 -0.030643 0.176104 0.211733 0.144776 0.049435 -0.041558 0.143881 0.016051 -0.128863 -0.234182 -0.025357 -0.084409 -0.132060 -0.182961 -0.344622 -0.244150 -0.268248 -0.286802 -0.277847 -0.310347 -0.168858 -0.248150 0.261240 0.223536 0.434001 0.369604 -0.017725 0.047491 -0.183232 -0.069940 0.044916 -0.096966 0.323135 0.236002 0.365855 0.142875 0.233522 0.034105 -0.000583 0.001342 -0.027958 -0.138979 -0.245517 0.032661 0.167241 -0.020464 -0.035965 0.083211
0.169953 -0.020639 0.700487 -0.603057 0.669188 0.361333 1.000000 0.272607 0.728799 0.591623 0.079016 0.251551 0.497392 0.677633 -0.028095 0.063640 -0.045547 0.098477 0.053330 0.203621 -0.274594 -0.150276 -0.517513 -0.562842 -0.616434 -0.502455 -0.435471 -0.478477 0.206573 0.200172 -0.285998 -0.242827 0.380021 0.413611 0.014027 0.174920 -0.320064 -0.440228 -0.204162 -0.479046 -0.280459 -0.189788 -0.050429 -0.176486 -0.049894 -0.142599 0.018443 -0.129309 -0.237938 -0.230278 -0.339613 -0.497410 -0.305280 -0.156749 -0.465650 -0.171059 -0.289216 -0.234270 -0.268965 -0.147549 0.636746 0.285405 0.326786 0.278082 0.350279 0.012177 0.145941 -0.042876 -0.295967 0.021068 0.038180 -0.244329 0.398078 0.010007 0.211660 0.061397 0.047849 -0.113098 -0.255906 -0.133496 -0.132888 -0.046689 -0.372217 -0.157575 -0.236943 -0.325979 -0.337120 -0.475575 0.031439 -0.258670 0.007475 0.118728 0.064455 -0.005014 -0.365494 -0.201229 -0.205140 -0.360269 -0.065081 -0.325812 0.023239 -0.042700 0.066115 -0.100569 -0.055566 -0.174714 -0.264579 0.154316 -0.185473 -0.374497 -0.423908 -0.090113 0.312676 0.030765 -0.178342 0.034631
-0.501307 -0.501917 0.387029 0.356208 0.269707 0.463019 0.272607 1.000000 -0.013178 0.528487 -0.376247 0.150233 -0.355074 -0.100610 -0.331612 -0.303553 -0.105662 -0.170157 -0.016246 -0.068970 0.166911 0.174126 -0.081985 0.060140 -0.074013 0.152495 0.130655 0.239283 -0.155050 0.061448 0.070955 0.151977 -0.066944 0.277191 0.210537 0.178961 -0.170035 -0.037981 0.020917 -0.074643 -0.084009 -0.195519 -0.058603 -0.090793 0.090051 0.109600 -0.147425 -0.139596 -0.063315 -0.247864 0.094038 -0.208191 -0.322656 -0.406563 -0.376234 -0.345017 -0.329238 -0.494440 -0.322233 -0.244889 -0.232489 -0.268251 -0.084660 -0.184430 0.320463 0.409117 0.242814 0.489320 -0.334013 0.000065 0.077179 0.131888 -0.165955 -0.047268 0.067438 0.066278 -0.343494 -0.217175 -0.185228 -0.212277 -0.233754 -0.343004 -0.357235 -0.139882 -0.066267 0.149629 -0.076568 -0.200000 -0.088831 -0.251631 0.261558 0.181450 0.538183 0.222911 0.066694 0.084944 -0.067800 -0.017212 -0.117052 -0.258643 0.494338 -0.099844 0.324247 -0.019525 0.318100 0.164159 0.101239 -0.008719 -0.097574 -0.050594 -0.084322 -0.168084 -0.120276 0.025229 -0.009613 0.069154
0.367528 0.145078 0.482599 -0.497908 0.616756 0.388568 0.728799 -0.013178 1.000000 0.510777 0.134626 0.104894 0.589417 0.619950 0.226145 0.418275 -0.116619 -0.004852 -0.045473 0.276405 -0.561294 -0.303144 -0.334383 -0.488794 -0.534569 -0.557957 -0.413745 -0.496916 0.000190 0.023353 -0.388191 -0.407521 0.369594 0.235336 -0.000520 0.244986 -0.422766 -0.651300 -0.401818 -0.377348 -0.377287 -0.366816 -0.046927 -0.198904 -0.148355 -0.184505 0.071085 -0.139772 -0.159139 -0.019639 -0.122822 -0.280095 -0.007712 -0.041738 -0.401090 -0.127265 -0.225941 -0.122371 0.001728 -0.010809 0.762925 0.430865 0.199270 0.165532 0.258841 0.002336 0.165843 -0.145692 -0.056781 0.227505 -0.165991 -0.310795 0.187092 -0.234796 -0.025672 -0.201347 -0.084655 -0.330606 -0.268985 -0.179158 -0.135088 -0.145767 -0.383938 -0.154994 -0.206208 -0.413033 -0.374623 -0.352630 0.176160 -0.183031 0.196774 0.381318 0.131980 0.262898 -0.381305 -0.105410 -0.231618 -0.281827 -0.127491 -0.310402 -0.125864 0.300960 -0.059061 -0.007412 -0.026969 -0.083795 -0.383932 0.257357 0.045737 -0.230850 -0.415492 -0.069416 0.297587 -0.006062 -0.198368 0.159463
-0.068283 -0.097531 0.492488 -0.150597 0.430330 0.547275 0.591623 0.528487 0.510777 1.000000 -0.166498 0.264211 0.088141 0.441154 -0.051808 0.140786 -0.036941 0.100296 0.037210 0.241749 -0.227931 -0.111009 -0.298421 -0.366589 -0.518697 -0.372226 -0.271538 -0.158425 -0.083842 0.102795 -0.280427 -0.317592 0.209387 0.212788 0.128636 0.136525 -0.175329 -0.335460 -0.236605 -0.285668 -0.188943 -0.234397 -0.114907 -0.303106 -0.059062 -0.120879 -0.058846 -0.234692 -0.121274 -0.232466 -0.015392 -0.337526 -0.219630 -0.315204 -0.460116 -0.468273 -0.174498 -0.185691 -0.173221 -0.115356 0.261769 0.090112 0.038217 -0.017650 0.361915 0.173861 0.203912 0.102294 -0.194973 0.087685 0.149128 -0.037157 0.070422 0.072379 0.204994 0.186648 -0.124747 -0.187828 -0.171666 -0.135834 -0.153902 -0.233454 -0.447116 -0.163070 -0.137984 -0.150271 -0.317211 -0.408962 0.005879 -0.314259 0.302987 0.285857 0.447792 0.203515 -0.146920 -0.165398 -0.278755 -0.077736 0.111628 -0.054035 0.227110 0.218271 0.312203 0.062814 0.136568 0.167895 -0.080784 -0.004872 -0.049634 -0.218072 -0.286113 0.141935 0.194399 0.066382 -0.014529 0.133468
0.599019 0.339348 -0.160086 -0.150030 -0.136095 -0.299618 0.079016 -0.376247 0.134626 -0.166498 1.000000 0.525070 0.520819 0.279243 0.475484 0.321927 0.155515 0.083624 0.324394 0.415844 -0.359470 -0.336271 -0.379441 -0.408176 -0.379942 -0.350403 -0.309037 -0.460977 0.373904 0.090274 -0.217414 -0.120071 -0.023637 -0.189825 -0.320164 -0.158948 -0.080888 -0.277695 -0.311602 -0.341344 -0.007443 0.029958 -0.106351 -0.156731 -0.144628 -0.224558 -0.044043 -0.153022 0.109425 0.048517 -0.208310 -0.046904 0.234120 0.047560 0.140288 -0.006239 -0.140493 -0.089205 0.014587 -0.228254 0.301981 0.081213 -0.024937 0.031726 -0.128613 -0.108292 -0.424974 -0.443066 0.272433 -0.060047 0.048826 -0.106115 0.288511 0.107296 0.086032 0.162016 0.337034 0.285074 0.012442 0.105691 0.130621 0.180902 0.400425 0.501189 0.143154 0.248042 -0.045461 0.123920 0.032541 0.057191 -0.082423 0.118360 -0.188232 -0.298759 -0.184876 -0.172728 -0.196467 -0.224956 -0.099490 -0.091323 -0.253427 0.026768 -0.014371 -0.145685 -0.326750 -0.148446 -0.308963 0.208619 0.037808 -0.081260 -0.165954 -0.019252 0.090768 -0.020877 0.123123 0.247143
0.303133 0.128054 -0.065140 -0.027218 -0.009880 0.003033 0.251551 0.150233 0.104894 0.264211 0.525070 1.000000 0.407346 0.485700 0.135705 0.332397 0.243604 0.124190 0.335611 0.612114 -0.255531 -0.245232 -0.683274 -0.538107 -0.534615 -0.384317 -0.242078 -0.376792 0.335520 0.296497 -0.302759 -0.128700 -0.042589 0.072383 -0.220525 -0.119548 -0.194632 -0.205642 -0.344009 -0.408547 0.017520 0.079167 0.032334 -0.084989 -0.017683 -0.065094 0.081599 -0.062414 0.202246 0.010409 -0.371194 -0.260075 -0.103538 -0.236729 -0.149568 -0.296267 -0.217305 -0.262702 -0.319337 -0.392048 0.078140 0.034580 -0.100677 -0.085390 -0.186104 0.038059 -0.466709 -0.247029 0.184210 -0.070600 0.253076 0.088772 0.311586 0.308651 0.368298 0.488260 0.263083 0.226620 -0.067443 -0.002463 0.181166 0.106682 0.105621 0.501940 -0.134324 0.359523 -0.195435 0.000704 -0.118101 -0.137432 0.181381 0.041898 0.137786 -0.155349 -0.223208 -0.227788 -0.271578 -0.226183 -0.078250 -0.202777 0.075553 0.004913 0.098399 -0.165313 -0.299404 -0.071691 -0.243907 0.219239 -0.131182 -0.222062 -0.332242 0.042754 0.047657 0.040948 -0.029995 0.176112
0.619251 0.322378 0.050767 -0.551712 0.185850 -0.082479 0.497392 -0.355074 0.589417 0.088141 0.520819 0.407346 1.000000 0.746034 0.320898 0.499168 0.128512 0.213442 0.061347 0.451253 -0.519369 -0.360343 -0.597135 -0.616395 -0.553377 -0.586062 -0.473480 -0.655754 0.297865 0.132955 -0.503469 -0.425352 0.335408 0.112219 -0.146503 0.069641 -0.128205 -0.361202 -0.283330 -0.233497 -0.100306 -0.054433 0.061839 -0.002894 -0.048455 -0.070629 0.216737 0.033744 0.051311 0.118523 -0.374783 -0.210589 0.012011 -0.070793 0.015358 0.171575 -0.131030 -0.083237 -0.160081 -0.246049 0.738500 0.326885 0.353645 0.229490 -0.167923 -0.206294 -0.294249 -0.423936 0.032985 -0.068770 -0.119833 -0.291581 0.421767 -0.047841 0.074795 0.067626 0.204087 0.059745 -0.137352 0.066613 0.079069 0.230495 -0.059793 -0.006430 -0.265552 -0.253050 -0.418507 -0.330817 0.029297 -0.108265 -0.023167 0.146184 -0.299069 -0.126490 -0.305105 -0.081958 -0.015270 -0.226428 -0.073119 -0.164564 -0.316169 0.059530 -0.320259 -0.239753 -0.302271 -0.203146 -0.269637 0.263997 0.050481 -0.068727 -0.252325 0.066114 0.304982 0.035106 -0.103058 0.277627
0.511781 0.327064 0.185529 -0.699900 0.290066 0.204487 0.677633 -0.100610 0.619950 0.441154 0.279243 0.485700 0.746034 1.000000 0.108232 0.459749 0.127988 0.270015 -0.060685 0.397316 -0.476936 -0.347626 -0.687064 -0.704600 -0.661106 -0.629675 -0.527402 -0.571947 0.190273 0.215733 -0.514030 -0.434527 0.273756 0.262285 -0.082561 0.134887 -0.167143 -0.385734 -0.220441 -0.256882 -0.157626 0.022042 -0.087191 -0.210476 -0.038928 -0.142215 0.068603 -0.124350 -0.122919 -0.157289 -0.378489 -0.400969 -0.183217 -0.200036 -0.247346 -0.135152 -0.003019 -0.003970 -0.226853 -0.128383 0.658648 0.523463 0.302572 0.274999 0.022047 -0.019055 -0.125220 -0.263215 0.058654 0.093513 -0.020180 -0.219013 0.422944 0.048929 0.218526 0.202454 0.160342 0.064139 -0.103410 -0.032984 0.147325 0.151631 -0.111967 -0.043010 -0.313771 -0.175786 -0.454699 -0.357110 0.040543 -0.113922 0.058102 0.013532 -0.070917 -0.106612 -0.253162 -0.221686 -0.141907 -0.133302 -0.087233 -0.212990 -0.137563 0.069435 -0.162040 -0.175416 -0.227535 -0.235119 -0.207443 0.072941 -0.090439 -0.221255 -0.345350 0.068614 0.298516 -0.068251 -0.152558 0.102474
0.365572 0.371013 0.016006 0.041045 -0.050186 -0.242568 -0.028095 -0.331612 0.226145 -0.051808 0.475484 0.135705 0.320898 0.108232 1.000000 0.476152 -0.046284 -0.151173 0.362280 0.285429 -0.337367 -0.404442 0.079700 -0.193029 -0.167925 -0.252205 -0.102248 -0.297895 -0.038334 -0.189688 -0.294174 -0.337618 -0.082766 -0.312784 -0.263459 -0.166797 -0.269471 -0.405235 -0.272186 -0.165567 -0.195995 -0.324281 -0.110173 -0.096607 -0.269573 -0.219165 -0.126843 -0.080356 -0.075952 0.084228 -0.059677 -0.016797 0.174346 0.097809 0.059494 0.019785 -0.104226 0.075777 0.140310 -0.040141 0.254446 0.047590 -0.160616 -0.104026 0.121591 0.132622 -0.049860 -0.203535 0.346821 0.152670 -0.138708 -0.265847 -0.122673 -0.092142 -0.170677 -0.191819 -0.057001 -0.077566 -0.070374 -0.161098 -0.103236 -0.065464 0.340988 0.301918 0.400668 0.194269 0.167973 0.246938 0.439510 0.192241 0.094035 0.261686 0.108404 0.128087 -0.026470 0.053476 -0.281093 -0.053491 -0.160229 -0.058476 -0.369527 0.262304 -0.259099 -0.077108 -0.421528 0.053812 -0.158599 0.036103 0.173697 -0.082010 -0.191698 -0.015097 -0.014695 0.132166 0.105729 0.114945
0.461255 0.383095 -0.221962 -0.117250 -0.133688 -0.070698 0.063640 -0.303553 0.418275 0.140786 0.321927 0.332397 0.499168 0.459749 0.476152 1.000000 -0.081012 -0.177995 -0.059453 0.230697 -0.487680 -0.197059 -0.178862 -0.203722 -0.257956 -0.301467 -0.174049 -0.234733 -0.280505 -0.277967 -0.312982 -0.325924 -0.141553 -0.191187 0.050052 0.243462 -0.330732 -0.354756 -0.407985 -0.136635 -0.169883 -0.320766 -0.064821 -0.074939 -0.047726 0.000106 -0.064039 0.016283 0.193487 0.150097 0.019289 0.117018 0.301885 0.106785 0.062536 -0.069799 -0.092301 -0.025359 0.077757 -0.072872 0.347065 0.408740 -0.218604 -0.195191 -0.108799 0.220718 -0.192285 -0.164392 0.250860 0.223019 -0.048953 0.001488 -0.211594 -0.200404 -0.125074 -0.146435 -0.072810 -0.047623 -0.128990 -0.333470 -0.022792 -0.194336 -0.110488 0.098990 -0.061316 0.080301 -0.225133 0.061674 0.202050 0.083159 0.338079 0.221731 0.200880 0.181377 -0.320985 -0.216108 -0.041373 0.061702 -0.183231 -0.027533 -0.148540 0.370437 -0.249600 -0.090455 -0.235888 -0.050109 -0.338411 0.178000 0.097219 0.051966 0.017031 0.033737 0.156451 0.117214 -0.015165 0.131406
0.254817 0.018690 -0.111869 0.017607 -0.071778 -0.038442 -0.045547 -0.105662 -0.116619 -0.036941 0.155515 0.243604 0.128512 0.127988 -0.046284 -0.081012 1.000000 0.696115 0.351262 0.452649 0.031945 -0.238274 -0.388142 -0.392133 -0.185911 -0.156026 0.085156 -0.168708 0.658622 0.550994 -0.213449 -0.129430 0.272617 0.033196 -0.352471 -0.336591 0.087516 -0.018777 -0.281313 -0.214866 0.290961 0.494400 0.059623 -0.131489 -0.281948 -0.328296 0.000542 -0.215818 -0.122808 -0.286381 -0.382255 -0.322444 -0.240263 -0.177350 -0.286598 -0.375041 0.490843 0.398855 -0.484901 -0.399018 -0.042045 -0.130171 0.530163 0.350290 -0.121650 -0.316683 -0.482952 -0.565683 0.177492 -0.305400 0.148042 0.166156 0.632844 0.319676 0.491710 0.435339 0.530286 0.426932 0.515029 0.663412 0.735120 0.769717 0.324755 0.359021 -0.060212 0.123103 -0.245404 -0.049814 -0.314735 -0.153597 0.054690 0.102111 -0.035574 -0.173541 0.028333 -0.160208 -0.195035 -0.138350 0.223670 0.309331 0.073881 0.049911 0.079505 -0.406898 -0.345190 -0.312020 0.024831 -0.084159 -0.320805 -0.130987 -0.284771 0.309613 -0.132419 -0.105728 -0.093791 -0.060110
0.200126 -0.027421 -0.030564 -0.195032 0.105039 0.145143 0.098477 -0.170157 -0.004852 0.100296 0.083624 0.124190 0.213442 0.270015 -0.151173 -0.177995 0.696115 1.000000 0.234829 0.399861 0.143847 -0.178242 -0.407394 -0.454730 -0.236693 -0.251422 0.048557 -0.201119 0.593868 0.668582 -0.252448 -0.192639 0.372163 0.107292 -0.382166 -0.382171 0.237200 0.032456 -0.158285 -0.205117 0.389022 0.556332 0.016595 -0.190233 -0.275358 -0.382096 0.051835 -0.235179 -0.179119 -0.291769 -0.264326 -0.322661 -0.214920 -0.194766 -0.243727 -0.360862 0.537468 0.385817 -0.391884 -0.268119 0.089145 -0.079666 0.651154 0.579767 -0.133794 -0.468624 -0.396550 -0.578625 0.052197 -0.411770 0.196159 0.169095 0.695918 0.366185 0.450964 0.471976 0.470754 0.536149 0.511183 0.762189 0.630347 0.737635 0.177453 0.157091 -0.192994 -0.175918 -0.276093 -0.246657 -0.392406 -0.249774 0.054612 -0.029206 -0.077289 -0.147638 0.082264 -0.044750 -0.218337 -0.138424 0.374677 0.256269 0.167216 0.023849 0.271042 -0.178556 -0.224559 -0.150492 0.082514 -0.064250 -0.274851 -0.178649 -0.285626 0.373032 0.072173 -0.001966 -0.047263 -0.119445
0.143186 -0.016888 0.357110 0.234061 0.096848 -0.108617 0.053330 -0.016246 -0.045473 0.037210 0.324394 0.335611 0.061347 -0.060685 0.362280 -0.059453 0.351262 0.234829 1.000000 0.582572 0.017965 -0.378249 -0.274154 -0.339022 -0.398779 -0.382966 -0.075208 -0.450512 0.529487 0.340307 -0.154385 -0.016133 0.211481 -0.065528 -0.404539 -0.460910 -0.170901 -0.272268 -0.320056 -0.473231 0.058964 0.100796 -0.050073 -0.171271 -0.470333 -0.501178 -0.113292 -0.237376 0.029773 -0.116669 -0.243187 -0.138718 -0.013628 0.037397 -0.212596 -0.317038 -0.041249 0.088012 -0.244193 -0.197557 -0.003112 -0.329075 0.240759 0.221736 -0.124441 -0.315071 -0.287161 -0.421034 0.131729 -0.286007 0.194904 0.035126 0.347734 0.364561 0.358159 0.269959 0.319344 0.267595 0.113267 0.228238 0.115529 0.240742 0.377953 0.582999 0.128817 0.200946 0.030633 0.027651 -0.035741 0.107264 0.210370 0.306270 0.054501 -0.157640 -0.020873 -0.182930 -0.471715 -0.356154 0.107290 -0.047126 -0.078984 0.074377 0.125845 -0.010410 -0.395931 -0.138368 -0.066581 0.071680 -0.311000 -0.346166 -0.494568 -0.016108 -0.203391 -0.070017 -0.021612 -0.155406
0.414278 0.122317 0.076572 -0.028126 0.204668 0.086641 0.203621 -0.068970 0.276405 0.241749 0.415844 0.612114 0.451253 0.397316 0.285429 0.230697 0.452649 0.399861 0.582572 1.000000 -0.182802 -0.623338 -0.624140 -0.614707 -0.542692 -0.538213 -0.224872 -0.457927 0.494996 0.508357 -0.396133 -0.209206 0.314368 0.020855 -0.578477 -0.377724 -0.223355 -0.439870 -0.406019 -0.449179 -0.160283 0.040964 0.013850 -0.179256 -0.415867 -0.461878 0.049083 -0.207625 0.046410 -0.008685 -0.372791 -0.252699 -0.127400 -0.182386 -0.344388 -0.302281 0.093771 0.139596 -0.332610 -0.314368 0.285961 -0.038510 0.262840 0.229691 -0.240701 -0.298783 -0.522837 -0.592338 0.392628 -0.102446 0.154680 -0.084402 0.466952 0.262417 0.224704 0.332715 0.253152 0.237470 0.059622 0.304123 0.264355 0.330652 0.140019 0.550774 -0.253650 0.076498 -0.293663 -0.180640 -0.125983 -0.045176 0.281755 0.258176 0.122274 -0.026217 0.120524 -0.132648 -0.465755 -0.247228 0.227141 -0.085332 -0.060659 0.078483 0.155929 -0.110300 -0.524030 -0.002396 -0.043618 0.232712 -0.155343 -0.378144 -0.557690 0.183212 0.096012 -0.041305 0.066650 0.154047
-0.474410 -0.430238 -0.080835 0.279002 -0.122774 -0.068653 -0.274594 0.166911 -0.561294 -0.227931 -0.359470 -0.255531 -0.519369 -0.476936 -0.337367 -0.487680 0.031945 0.143847 0.017965 -0.182802 1.000000 0.398282 0.222752 0.378096 0.428970 0.437449 0.502288 0.473684 0.060263 0.216878 0.463555 0.457005 -0.193751 0.023781 -0.063824 -0.205467 0.142461 0.411836 0.346210 0.093535 0.337931 0.336988 0.225632 0.255586 0.180224 0.137376 0.020517 0.146706 -0.030385 -0.059589 0.081150 0.091508 -0.167118 -0.014270 -0.013481 0.023008 0.247604 0.089060 -0.143337 -0.038272 -0.480186 -0.356343 0.058723 0.034285 -0.164205 -0.139938 -0.068762 0.141328 -0.212194 -0.374407 0.111681 0.161816 0.002956 0.096395 0.054706 0.163725 -0.104823 0.261326 0.265208 0.191574 0.021754 0.185947 0.124076 0.046937 -0.177407 -0.075024 0.201691 -0.018942 -0.353518 -0.022128 -0.086759 -0.358238 0.015645 -0.157417 0.459832 0.005845 0.110397 0.026805 0.318489 0.189054 0.234358 -0.289306 0.336782 0.089261 0.023636 0.132499 0.485855 -0.202052 -0.333764 -0.108426 0.301989 0.281979 -0.100451 0.115117 0.250477 -0.144013
-0.346070 -0.076078 -0.104061 0.192152 -0.150346 -0.029436 -0.150276 0.174126 -0.303144 -0.111009 -0.336271 -0.245232 -0.360343 -0.347626 -0.404442 -0.197059 -0.238274 -0.178242 -0.378249 -0.623338 0.398282 1.000000 0.325611 0.424497 0.439908 0.472589 0.491430 0.436601 -0.275296 -0.315917 0.414772 0.284798 -0.239537 -0.085535 0.317776 0.053177 0.080749 0.290784 0.128804 0.091238 0.310564 -0.040926 0.069129 0.076316 0.204437 0.233745 -0.046340 0.193343 0.090859 0.032199 0.315739 0.175246 0.075731 0.143137 0.197911 0.112396 -0.076541 -0.108154 0.050077 0.122362 -0.393898 -0.087817 -0.210413 -0.261657 -0.000971 0.022359 0.165108 0.278323 -0.252721 0.024087 0.265352 0.329622 -0.308117 -0.047723 0.079291 -0.032991 -0.057673 -0.034881 0.126493 -0.215307 -0.118326 -0.154412 -0.086982 -0.368986 0.057838 -0.078625 0.270950 0.038587 -0.045754 -0.091544 0.021143 -0.142318 0.041026 0.005024 -0.268902 -0.067440 0.453859 0.099916 0.115403 0.204724 0.282199 0.047604 0.112667 0.161759 0.555543 0.187166 0.000753 -0.136058 -0.090020 0.327662 0.342047 -0.047093 0.010463 0.124411 -0.134771 -0.237323
-0.466629 -0.105434 -0.151886 0.425318 -0.261181 -0.186184 -0.517513 -0.081985 -0.334383 -0.298421 -0.379441 -0.683274 -0.597135 -0.687064 0.079700 -0.178862 -0.388142 -0.407394 -0.274154 -0.624140 0.222752 0.325611 1.000000 0.825351 0.751309 0.661438 0.421514 0.627524 -0.557720 -0.545129 0.429331 0.254530 -0.325447 -0.251854 0.309818 0.129838 0.161984 0.266467 0.198759 0.378915 -0.060176 -0.256558 0.020743 0.148955 0.094823 0.250235 -0.158862 0.165555 -0.091022 0.090474 0.346830 0.294757 0.195100 0.258102 0.362680 0.201392 0.009608 0.105102 0.431411 0.309287 -0.440747 -0.173038 -0.462808 -0.387447 0.288629 0.300711 0.415944 0.431535 -0.025281 0.190197 -0.110877 -0.029336 -0.638683 -0.318562 -0.332705 -0.494149 -0.295721 -0.287688 -0.019027 -0.223939 -0.294636 -0.343085 -0.049077 -0.373571 0.515472 0.015224 0.483609 0.235006 0.325490 0.225111 -0.117781 -0.087745 0.057594 0.142745 0.191720 0.190764 0.238329 0.252040 -0.054580 0.070611 -0.064682 -0.012934 -0.137219 0.088999 0.215160 0.218532 0.126386 -0.194939 0.296910 0.164479 0.422957 -0.105032 -0.252292 0.029241 0.133708 -0.177906
-0.561588 -0.358489 -0.281233 0.470662 -0.342703 -0.182880 -0.562842 0.060140 -0.488794 -0.366589 -0.408176 -0.538107 -0.616395 -0.704600 -0.193029 -0.203722 -0.392133 -0.454730 -0.339022 -0.614707 0.378096 0.424497 0.825351 1.000000 0.780405 0.798638 0.440497 0.745269 -0.493989 -0.438191 0.626678 0.595866 -0.397889 -0.052429 0.362173 0.264315 0.266926 0.463360 0.326054 0.491663 0.036941 -0.144291 0.103452 0.309498 0.253936 0.412051 -0.040615 0.276377 0.176894 0.245343 0.393136 0.440703 0.211904 0.256321 0.464199 0.298097 -0.048804 -0.104541 0.268189 0.125565 -0.607879 -0.327396 -0.493429 -0.526063 0.064906 0.231862 0.202498 0.473484 -0.128317 0.051159 -0.095216 0.053194 -0.614738 -0.285853 -0.365977 -0.384656 -0.339872 -0.223918 -0.090787 -0.296168 -0.319309 -0.383554 -0.112785 -0.260925 0.201619 -0.022478 0.438607 0.270103 0.088562 0.088603 -0.146602 -0.240233 -0.020125 0.005956 0.215761 0.227624 0.392754 0.379595 -0.101921 0.067161 0.053606 -0.228918 -0.074196 0.054730 0.228285 0.233635 0.180866 -0.142620 0.223605 0.283209 0.576735 -0.081365 -0.210020 0.070742 0.196139 -0.046457
-0.425507 -0.198887 -0.379989 0.378807 -0.284319 -0.120878 -0.616434 -0.074013 -0.534569 -0.518697 -0.379942 -0.534615 -0.553377 -0.661106 -0.167925 -0.257956 -0.185911 -0.236693 -0.398779 -0.542692 0.428970 0.439908 0.751309 0.780405 1.000000 0.834441 0.711843 0.767222 -0.423053 -0.395374 0.378481 0.306772 -0.416378 -0.246787 0.190013 0.040886 0.115701 0.363422 0.266917 0.382722 0.180302 -0.080613 0.262032 0.376383 0.244252 0.353967 0.048845 0.391951 0.053425 0.212094 0.223251 0.309867 0.042829 0.164700 0.389526 0.277477 0.197686 0.097480 0.203334 0.125190 -0.563128 -0.212770 -0.337680 -0.374402 -0.010083 0.193629 0.183612 0.338053 0.037926 0.119638 -0.008298 0.152047 -0.494446 -0.290976 -0.266017 -0.325602 -0.283267 -0.116982 0.121923 -0.136903 -0.040285 -0.131299 0.083450 -0.289084 0.238476 0.026704 0.467589 0.279789 0.047345 0.127867 -0.102898 -0.274894 -0.043881 0.101190 0.269665 0.100979 0.402059 0.224924 0.051239 0.176323 0.154725 -0.074498 -0.035561 0.034178 0.195466 0.158391 0.175276 -0.097187 0.161636 0.200825 0.498142 0.011906 -0.254112 0.032298 0.168977 -0.204402
-0.574026 -0.291362 -0.365824 0.460475 -0.352349 -0.096507 -0.502455 0.152495 -0.557957 -0.372226 -0.350403 -0.384317 -0.586062 -0.629675 -0.252205 -0.301467 -0.156026 -0.251422 -0.382966 -0.538213 0.437449 0.472589 0.661438 0.798638 0.834441 1.000000 0.645276 0.841062 -0.362467 -0.347266 0.455751 0.463556 -0.488562 -0.205017 0.199629 0.070752 0.241933 0.458951 0.249775 0.388001 0.197472 -0.050840 0.275147 0.388703 0.243486 0.390086 0.051353 0.377144 0.001353 0.131548 0.128148 0.140923 -0.080339 0.091391 0.368910 0.226158 0.081942 -0.008386 -0.013511 -0.034301 -0.643978 -0.282999 -0.375247 -0.398045 0.127497 0.299167 0.072213 0.391095 -0.019660 0.103117 0.022592 0.116476 -0.465261 -0.226933 -0.209364 -0.188555 -0.272361 -0.029816 0.138639 -0.112828 -0.048277 -0.143275 -0.020860 -0.228733 0.266956 0.118621 0.436634 0.352451 0.098023 0.069853 -0.123677 -0.310240 0.025929 -0.046965 0.287514 0.175940 0.409507 0.246081 -0.033857 0.081661 0.242627 -0.327372 0.093022 -0.082509 0.200928 0.226548 0.166141 -0.104976 0.133471 0.172014 0.486490 -0.023605 -0.269210 0.084459 0.238671 -0.097993
-0.385283 -0.157716 -0.210540 0.476956 -0.115938 0.057847 -0.435471 0.130655 -0.413745 -0.271538 -0.309037 -0.242078 -0.473480 -0.527402 -0.102248 -0.174049 0.085156 0.048557 -0.075208 -0.224872 0.502288 0.491430 0.421514 0.440497 0.711843 0.645276 1.000000 0.640159 -0.223699 -0.177506 0.152276 0.140051 -0.403882 -0.356706 -0.062197 -0.214328 -0.067520 0.154144 -0.064631 -0.033015 0.433611 -0.031903 0.250152 0.189520 -0.030667 0.073827 -0.024340 0.264235 0.059410 0.071609 0.149768 0.165926 -0.014670 0.138644 0.110511 -0.044868 0.189798 0.093350 -0.100334 -0.070088 -0.562810 -0.306642 -0.148108 -0.199366 -0.127455 0.074487 -0.012897 0.096800 0.054309 0.064827 0.231628 0.367563 -0.324043 -0.067439 0.019246 -0.045773 -0.203782 0.112097 0.309278 0.009438 0.137592 0.011307 0.124595 -0.070236 0.133902 0.050654 0.474809 0.287460 0.014034 0.091866 0.302588 -0.046932 0.257051 0.096236 0.088451 -0.077052 0.197409 -0.014224 0.142897 0.194580 0.450229 0.102579 0.225133 -0.044626 0.175236 0.230678 0.054625 0.019622 -0.177269 0.049183 0.210932 0.067274 -0.286343 0.154932 0.149119 -0.251914
-0.553071 -0.297751 -0.359620 0.444261 -0.311761 0.096549 -0.478477 0.239283 -0.496916 -0.158425 -0.460977 -0.376792 -0.655754 -0.571947 -0.297895 -0.234733 -0.168708 -0.201119 -0.450512 -0.457927 0.473684 0.436601 0.627524 0.745269 0.767222 0.841062 0.640159 1.000000 -0.489503 -0.276939 0.421416 0.395074 -0.429335 -0.143628 0.257919 0.118508 0.111327 0.392304 0.271132 0.364495 0.136585 -0.104083 0.243500 0.317877 0.312062 0.417451 0.056846 0.344063 0.016112 0.098353 0.291283 0.215764 -0.090266 0.026917 0.214983 0.129042 0.147362 0.006574 0.059706 -0.026307 -0.676104 -0.297361 -0.448765 -0.470210 0.114369 0.349234 0.113712 0.425711 0.011060 0.068740 0.106140 0.237437 -0.526701 -0.203798 -0.255834 -0.181315 -0.308765 -0.034420 0.180679 -0.146195 -0.055099 -0.205964 -0.129134 -0.300049 0.117665 0.066693 0.358030 0.205828 -0.020547 -0.004874 -0.029870 -0.277161 0.177067 0.054836 0.411252 0.088839 0.370064 0.253319 0.030010 0.157230 0.281330 -0.154791 0.197547 -0.060847 0.260779 0.242884 0.205045 -0.252922 0.161994 0.123142 0.562180 0.055326 -0.230060 0.146537 0.341840 -0.128440
0.261011 -0.042175 0.089742 -0.225241 0.087956 -0.178487 0.206573 -0.155050 0.000190 -0.083842 0.373904 0.335520 0.297865 0.190273 -0.038334 -0.280505 0.658622 0.593868 0.529487 0.494996 0.060263 -0.275296 -0.557720 -0.493989 -0.423053 -0.362467 -0.223699 -0.489503 1.000000 0.738582 -0.066244 0.063985 0.409741 0.247977 -0.389425 -0.458372 0.125904 -0.010485 -0.125495 -0.335871 0.230250 0.515596 0.101802 -0.062242 -0.217847 -0.339588 0.186079 -0.141727 0.019465 -0.076951 -0.418642 -0.273277 -0.178869 -0.072164 -0.197832 -0.172732 0.127669 0.086314 -0.469557 -0.358905 0.162339 -0.241308 0.589204 0.406453 -0.141806 -0.615039 -0.538262 -0.596414 0.079338 -0.462326 0.129744 0.003800 0.813374 0.418758 0.460311 0.525455 0.546320 0.473872 0.411561 0.635082 0.551775 0.740321 0.441991 0.519592 -0.158138 -0.065887 -0.218790 -0.086240 -0.333463 -0.243279 -0.168281 -0.046282 -0.378240 -0.382517 -0.034116 -0.174505 -0.235618 -0.290997 0.124087 0.047940 -0.159936 -0.114039 0.051475 -0.286486 -0.421533 -0.305174 -0.093022 0.032623 -0.409423 -0.264133 -0.377092 0.161402 -0.101798 -0.154580 -0.220860 -0.038989
0.078922 -0.270920 0.068417 -0.148791 0.188947 0.181986 0.200172 0.061448 0.023353 0.102795 0.090274 0.296497 0.132955 0.215733 -0.189688 -0.277967 0.550994 0.668582 0.340307 0.508357 0.216878 -0.315917 -0.545129 -0.438191 -0.395374 -0.347266 -0.177506 -0.276939 0.738582 1.000000 0.040682 0.128820 0.374570 0.453545 -0.309071 -0.274226 0.148032 0.033271 -0.070664 -0.188550 0.168221 0.610949 0.055078 -0.081577 -0.077178 -0.249845 0.183481 -0.224182 0.040341 -0.090400 -0.290706 -0.243918 -0.255529 -0.220040 -0.406733 -0.268379 0.243556 0.070323 -0.452447 -0.378944 0.060600 -0.210078 0.474451 0.346947 -0.104652 -0.484293 -0.479521 -0.448371 0.030277 -0.504893 0.157492 0.095583 0.779635 0.488465 0.412752 0.493616 0.404989 0.374613 0.375242 0.648364 0.470470 0.613165 0.163972 0.439374 -0.397577 -0.214027 -0.371537 -0.184065 -0.534199 -0.351714 -0.121268 -0.112481 -0.071088 -0.181466 0.168978 0.080444 -0.285004 -0.087485 0.202901 0.105612 -0.018068 -0.160033 0.226084 -0.213171 -0.334896 -0.252955 0.152842 -0.029493 -0.295869 -0.245441 -0.292348 0.339911 0.025934 -0.111197 -0.099505 0.046993
-0.441270 -0.504122 -0.135387 0.222466 -0.205937 -0.116519 -0.285998 0.070955 -0.388191 -0.280427 -0.217414 -0.302759 -0.503469 -0.514030 -0.294174 -0.312982 -0.213449 -0.252448 -0.154385 -0.396133 0.463555 0.414772 0.429331 0.626678 0.378481 0.455751 0.152276 0.421416 -0.066244 0.040682 1.000000 0.838463 -0.016817 0.262242 0.214635 0.139251 0.241996 0.446596 0.308136 0.236746 0.127726 0.209253 0.135783 0.246368 0.209796 0.247158 -0.014927 0.190761 0.126001 0.143709 0.210310 0.259751 0.114546 0.266091 0.271207 0.219579 -0.061797 -0.132767 -0.004302 -0.081480 -0.437420 -0.399815 -0.341874 -0.405381 0.167943 -0.089482 -0.115548 0.197914 -0.124245 -0.186713 0.037879 0.043622 -0.143304 0.036425 -0.040216 -0.064775 0.000809 0.086343 0.053572 -0.044957 -0.275038 -0.170386 0.052817 0.000523 0.067150 -0.049608 0.220324 0.093840 -0.228463 -0.069834 -0.259553 -0.331700 -0.123949 -0.179926 0.171556 0.046571 0.333431 0.160993 -0.039567 0.100102 -0.126917 -0.343653 0.004143 0.118215 0.087050 0.088949 0.139042 -0.121459 0.065153 0.098734 0.350773 0.020924 -0.111502 0.008912 0.108399 -0.043765
-0.394522 -0.533415 -0.169172 0.274779 -0.219831 -0.151590 -0.242827 0.151977 -0.407521 -0.317592 -0.120071 -0.128700 -0.425352 -0.434527 -0.337618 -0.325924 -0.129430 -0.192639 -0.016133 -0.209206 0.457005 0.284798 0.254530 0.595866 0.306772 0.463556 0.140051 0.395074 0.063985 0.128820 0.838463 1.000000 -0.115510 0.329155 0.059881 0.068835 0.227351 0.417925 0.288263 0.213719 0.080907 0.208094 0.095872 0.237590 0.144453 0.150475 -0.006325 0.163042 0.191388 0.123397 0.166231 0.244914 0.083721 0.206449 0.219354 0.150305 -0.068776 -0.224864 -0.109552 -0.183958 -0.441674 -0.366492 -0.262400 -0.322861 0.021158 -0.062200 -0.247352 0.147578 -0.137650 -0.289925 0.013594 0.016532 -0.074410 0.038952 -0.065932 0.030334 -0.035137 0.127429 0.019188 -0.030759 -0.215727 -0.125247 0.097651 0.170731 -0.054162 -0.032992 0.249741 0.127515 -0.257715 -0.061809 -0.248398 -0.291711 -0.094827 -0.272106 0.220988 0.052766 0.224532 0.170842 -0.084405 -0.062710 -0.022769 -0.459706 0.072688 -0.008116 -0.023518 0.047620 0.108583 -0.055603 -0.104450 0.016236 0.250982 -0.092425 -0.157988 -0.111120 0.124928 -0.017047
0.169697 -0.144793 0.333847 -0.409070 0.401542 0.204175 0.380021 -0.066944 0.369594 0.209387 -0.023637 -0.042589 0.335408 0.273756 -0.082766 -0.141553 0.272617 0.372163 0.211481 0.314368 -0.193751 -0.239537 -0.325447 -0.397889 -0.416378 -0.488562 -0.403882 -0.429335 0.409741 0.374570 -0.016817 -0.115510 1.000000 0.491906 -0.035879 0.049332 -0.010713 -0.171785 -0.069028 -0.177377 -0.050312 0.141472 0.023727 -0.111976 -0.133970 -0.198679 0.079435 -0.148255 -0.220746 -0.151005 -0.295789 -0.336852 -0.234088 -0.155292 -0.250851 -0.035740 0.054443 0.115098 -0.329446 -0.182313 0.330169 -0.169469 0.514872 0.285055 0.187734 -0.352972 -0.113333 -0.259272 0.024257 -0.092348 0.041305 -0.103473 0.582155 0.153438 0.300688 0.117125 0.417697 0.097409 0.006366 0.369374 0.070570 0.322544 -0.160938 -0.131004 -0.157279 -0.235387 -0.340105 -0.505065 -0.176830 -0.272946 -0.116167 0.092569 -0.278938 -0.048650 -0.043783 -0.085293 -0.027500 -0.195475 0.141957 -0.007704 -0.227688 -0.035395 -0.025581 -0.007486 -0.070642 -0.225903 -0.064023 -0.024658 -0.061650 -0.103742 -0.327700 0.045661 0.112963 -0.031048 -0.236688 -0.017242
-0.107587 -0.521194 0.250452 -0.310127 0.309693 0.257523 0.413611 0.277191 0.235336 0.212788 -0.189825 0.072383 0.112219 0.262285 -0.312784 -0.191187 0.033196 0.107292 -0.065528 0.020855 0.023781 -0.085535 -0.251854 -0.052429 -0.246787 -0.205017 -0.356706 -0.143628 0.247977 0.453545 0.262242 0.329155 0.491906 1.000000 0.338399 0.443046 -0.037471 -0.010770 0.133809 0.042740 -0.106295 0.169606 0.038918 0.041979 0.306064 0.166337 0.114589 -0.102425 -0.064880 -0.163627 -0.098565 -0.232005 -0.249162 -0.237528 -0.264743 -0.083286 -0.113306 -0.345059 -0.332146 -0.339197 0.176065 -0.140999 0.252381 -0.025772 0.278343 -0.022430 -0.058877 0.171531 -0.365123 -0.265076 -0.114452 -0.095699 0.401731 -0.006529 0.172250 0.094806 0.143592 -0.054557 -0.139246 0.045931 -0.119436 0.007762 -0.202157 -0.104585 -0.352263 -0.322128 -0.318182 -0.387819 -0.320415 -0.409339 -0.297372 -0.156856 -0.102058 -0.087629 -0.039726 0.057358 0.079793 0.092406 -0.177347 -0.286966 -0.079792 -0.298776 -0.040452 -0.120542 -0.029913 -0.280723 -0.087912 -0.051057 -0.102037 0.005986 -0.019152 0.040440 0.006437 -0.079870 -0.216836 0.128413
-0.273720 -0.286327 -0.026552 -0.007492 -0.084311 0.134900 0.014027 0.210537 -0.000520 0.128636 -0.320164 -0.220525 -0.146503 -0.082561 -0.263459 0.050052 -0.352471 -0.382166 -0.404539 -0.578477 -0.063824 0.317776 0.309818 0.362173 0.190013 0.199629 -0.062197 0.257919 -0.389425 -0.309071 0.214635 0.059881 -0.035879 0.338399 1.000000 0.636220 0.070085 0.217257 0.185094 0.298821 -0.083265 -0.139822 0.061852 0.130275 0.547570 0.586055 0.018623 0.132807 0.088479 0.001214 0.302981 0.149867 0.106075 -0.044554 0.227899 0.112831 -0.276799 -0.398400 0.091320 -0.109870 -0.054724 0.004422 -0.231131 -0.442224 0.271651 0.359077 0.348689 0.608749 -0.398529 0.008562 -0.088660 0.121577 -0.322619 -0.242370 -0.088214 -0.173731 -0.090928 -0.193747 -0.114478 -0.291720 -0.315321 -0.417143 -0.298123 -0.497420 -0.004552 -0.165492 -0.106506 -0.161663 0.054139 -0.138442 -0.169588 -0.066709 -0.036163 0.063260 -0.122961 -0.019407 0.453041 0.280721 -0.315528 -0.051527 -0.064477 0.017006 -0.240968 -0.055180 0.321285 -0.136385 -0.110510 -0.333020 0.080236 0.313849 0.596407 -0.072036 -0.038937 0.001260 -0.122243 0.066362
-0.129693 -0.329377 0.077516 -0.191551 0.156932 0.235723 0.174920 0.178961 0.244986 0.136525 -0.158948 -0.119548 0.069641 0.134887 -0.166797 0.243462 -0.336591 -0.382171 -0.460910 -0.377724 -0.205467 0.053177 0.129838 0.264315 0.040886 0.070752 -0.214328 0.118508 -0.458372 -0.274226 0.139251 0.068835 0.049332 0.443046 0.636220 1.000000 -0.108891 -0.088109 -0.002540 0.198928 -0.164135 -0.212900 -0.027451 0.111034 0.455202 0.514281 -0.019336 0.010778 -0.033821 -0.062935 0.131250 -0.007265 0.001056 -0.184239 0.054930 0.112376 -0.274120 -0.368085 0.113590 -0.019876 0.136470 0.219632 -0.234547 -0.325923 0.289766 0.499557 0.376067 0.586234 -0.401825 0.209922 -0.270608 -0.126138 -0.242845 -0.505118 -0.294161 -0.461622 -0.281050 -0.420942 -0.420680 -0.385601 -0.385722 -0.437575 -0.478346 -0.370690 -0.124999 -0.135346 -0.142720 -0.177418 0.014743 -0.089340 -0.187304 -0.085589 -0.000953 0.136770 -0.211364 0.134978 0.155238 0.121463 -0.407383 -0.267049 -0.040304 -0.203232 -0.184790 -0.001314 0.221488 -0.167669 -0.106522 0.125812 0.232323 0.187081 0.331841 -0.127619 0.054527 0.002944 0.072724 0.302478
