1.000000 0.492252 0.125281 -0.510195 -0.139518 -0.240860 -0.104694 -0.369197 0.293666 -0.178886 0.426707 0.071460 0.327220 -0.085974 0.272096 -0.125100 0.182796 0.222738 0.024119 0.129819 -0.296429 -0.212023 0.056260 -0.262096 -0.315310 -0.222829 0.003652 -0.059062 -0.007288 -0.051755 -0.300807 -0.451719 0.089986 0.100788 -0.109482 -0.091266 0.004189 -0.229770 -0.130997 -0.064228 -0.371983 -0.138488 -0.139020 -0.298529 -0.072098 -0.232441 -0.039463 0.010351 -0.103290 -0.235382 -0.230879 -0.262142 0.007264 0.003379 0.166946 0.050981 0.598312 0.603804 0.072964 -0.087255 0.318692 -0.027064 0.190326 0.221519 -0.052986 -0.169957 -0.082550 -0.042206 0.469205 0.347303 -0.168082 -0.255919 -0.096230 -0.206071 0.057277 -0.042950 0.126931 -0.097483 0.158880 0.231434 0.197869 0.294225 0.188236 0.008580 0.122541 0.019240 0.071894 -0.066307 0.013531 -0.043810 -0.058040 -0.060448 -0.317354 -0.087682 -0.104352 -0.177782 -0.004427 0.076822 0.048086 0.229345 -0.176569 0.161036 -0.167786 0.001318 -0.116941 -0.254890 0.110759 0.013905 -0.175593 0.043798 -0.025452 0.233928 -0.034643 -0.080327 -0.172814 0.039938
0.492252 1.000000 0.224396 -0.181451 0.216503 0.069425 0.209530 0.097775 0.305402 0.115741 0.058248 0.119347 0.065961 0.090013 0.054275 0.006098 -0.179469 0.079166 0.065679 0.150870 -0.288685 -0.408936 -0.259029 -0.266252 -0.068280 -0.158769 -0.077964 -0.060678 -0.241555 -0.088661 -0.270778 -0.364326 0.119123 0.021407 -0.133963 0.001951 -0.378872 -0.208225 -0.149004 -0.089807 -0.320620 -0.273239 -0.157602 -0.377236 -0.206165 -0.396869 -0.135342 -0.218899 -0.008067 -0.221362 -0.143516 0.133101 0.363768 0.338995 0.132549 0.018629 0.358221 0.520621 0.281413 0.304457 0.249991 0.388952 -0.127395 0.095805 -0.136805 0.145697 -0.059556 0.036930 0.556908 0.528349 -0.123546 -0.204179 -0.271804 -0.309795 -0.206113 -0.126450 -0.311772 -0.206971 -0.170222 -0.132580 -0.027037 -0.084924 -0.065781 0.116460 -0.049997 -0.245856 -0.215756 -0.279142 0.025730 0.238493 0.265711 -0.088846 -0.195001 -0.120536 -0.195305 -0.061806 -0.178818 0.070535 0.065033 -0.178915 0.046403 -0.011929 0.039880 -0.115171 -0.047421 -0.103291 0.102630 -0.099024 -0.208254 -0.135894 -0.092617 0.128716 0.093710 0.088542 -0.091600 0.023547
0.125281 0.224396 1.000000 0.025933 0.511417 0.191376 0.499420 0.235906 0.381313 0.334350 -0.083173 -0.012303 0.101858 0.015870 0.208471 0.063213 -0.396232 -0.463803 0.317618 0.186931 -0.022629 -0.148028 0.327397 0.278347 0.279603 0.192352 0.047834 0.112151 -0.421064 -0.486808 -0.017855 -0.262311 -0.321641 -0.057549 -0.074329 0.082132 -0.390315 -0.363461 -0.195480 -0.272322 -0.174480 -0.141254 -0.231422 -0.159829 -0.218227 -0.123715 -0.236511 -0.170061 0.267493 -0.151708 0.393528 0.093461 0.164221 -0.208913 -0.404671 -0.269857 -0.264698 -0.032199 0.051593 0.144171 0.015029 -0.020422 -0.252848 -0.215885 0.288237 0.163950 0.104292 0.438510 0.249901 0.463984 -0.009713 -0.077744 -0.482951 -0.285655 -0.275185 -0.055698 -0.207527 -0.104317 -0.289861 -0.267697 -0.408473 -0.428674 -0.121580 -0.043566 -0.151743 -0.003976 -0.230938 -0.304955 0.364791 0.165823 0.243781 0.232445 0.167108 0.206709 -0.006502 0.183891 -0.175009 0.006863 -0.279052 -0.101828 0.003256 0.056473 -0.051305 0.079891 -0.141517 -0.096229 -0.113360 0.182964 -0.022237 -0.383523 0.038684 -0.050498 -0.413325 -0.217092 -0.132246 -0.132188
-0.510195 -0.181451 0.025933 1.000000 -0.010689 0.472099 0.123444 0.487480 -0.206690 0.303342 -0.227622 0.129705 -0.122141 0.172743 -0.037594 0.099467 -0.304245 -0.307679 -0.179633 -0.221134 0.168194 0.252656 0.089162 0.370726 0.206263 0.340903 0.017770 0.237383 -0.273995 -0.175089 0.009873 0.210475 -0.230890 -0.180411 0.001425 0.123755 -0.269165 -0.021007 -0.155180 -0.207732 -0.042031 -0.170335 0.013512 0.164873 -0.001689 0.253578 -0.037447 -0.066626 0.076382 0.115057 0.283313 0.277940 -0.009864 0.074306 -0.209662 -0.060731 -0.429309 -0.449691 -0.123065 0.068263 -0.227883 0.136208 -0.329415 -0.327779 0.086221 0.413085 -0.168661 0.097261 -0.305046 -0.257581 0.018739 0.184174 -0.132412 0.034917 0.001634 0.073447 -0.170146 0.164292 -0.252019 -0.363313 -0.350477 -0.386755 -0.215305 -0.112959 -0.210355 0.060826 -0.320690 0.071945 0.073388 0.251305 0.102941 0.123490 0.333758 0.039468 -0.173911 -0.019098 0.016738 -0.093905 -0.097135 -0.142006 0.075356 -0.184058 0.077288 -0.070608 -0.000062 0.262837 0.016570 -0.232780 0.121876 -0.079116 -0.125392 -0.316793 0.120158 0.261839 0.282252 0.104395
-0.139518 0.216503 0.511417 -0.010689 1.000000 0.479960 0.771454 0.450577 0.352900 0.464277 -0.122701 0.070574 0.145546 0.340273 0.015410 0.320432 -0.366568 -0.303763 0.269216 0.218847 -0.247197 -0.293661 -0.202881 0.282563 0.198287 -0.056051 -0.199151 -0.179183 -0.148279 -0.037195 -0.111937 0.045186 -0.221013 -0.067224 -0.068871 0.261160 -0.273401 -0.465143 -0.230678 -0.125618 -0.215704 -0.036530 -0.465582 -0.393575 -0.243143 -0.265988 -0.402882 -0.433543 0.391038 0.054600 0.096378 0.283170 0.375764 0.144734 -0.224954 -0.182683 -0.474061 -0.286112 0.260234 0.335176 0.133740 0.339789 -0.276933 -0.137983 0.391546 0.373669 -0.089630 0.279355 0.083720 0.538793 0.004191 0.056020 -0.287980 -0.300204 -0.508979 0.024252 -0.527112 -0.223000 -0.480011 -0.460163 -0.398671 -0.378855 -0.061349 0.093992 -0.455033 -0.427790 -0.193579 -0.464560 0.144726 0.223660 0.515836 0.304830 0.287898 0.170765 0.036591 -0.116755 -0.305751 0.021414 -0.280286 -0.342023 0.356771 0.032419 0.135917 0.252376 0.070181 0.163345 -0.216558 0.114506 0.026545 -0.093205 -0.064031 -0.275051 -0.485406 -0.047404 -0.053242 -0.195067
-0.240860 0.069425 0.191376 0.472099 0.479960 1.000000 0.332256 0.494439 0.119493 0.633928 -0.241514 0.066331 -0.131226 0.268062 -0.122234 0.053786 -0.619784 -0.497004 -0.080702 0.027552 -0.104301 -0.111967 0.014375 0.486674 0.261865 0.391214 -0.057714 0.184686 -0.589802 -0.386815 -0.308592 -0.084825 -0.370384 -0.225620 -0.010406 0.478849 -0.472518 -0.396177 -0.340765 -0.158362 -0.286635 -0.188317 -0.249257 -0.159162 -0.051903 0.084864 -0.267159 -0.233083 0.432523 0.253101 0.311825 0.499195 0.282235 0.241022 -0.170168 -0.142526 -0.451674 -0.343084 0.385368 0.438250 -0.091221 0.355751 -0.523178 -0.351027 0.119961 0.536120 -0.012116 0.512963 -0.006738 0.222381 -0.040498 0.060125 -0.516411 -0.253512 -0.314147 -0.131763 -0.509479 -0.172173 -0.433257 -0.480967 -0.569669 -0.594488 -0.272739 -0.069221 -0.300828 -0.093745 -0.278792 -0.056460 0.270565 0.435453 0.404972 0.120938 0.332496 0.053664 -0.110939 -0.102204 -0.263810 -0.141246 -0.226380 -0.266540 0.275582 -0.024863 0.021967 0.143377 0.171176 0.296597 -0.056402 -0.071032 0.199643 -0.064038 -0.061178 -0.427994 -0.161480 0.307297 0.176813 0.050593
-0.104694 0.209530 0.499420 0.123444 0.771454 0.332256 1.000000 0.643011 0.329464 0.482267 -0.134613 0.230659 0.367966 0.483540 0.118670 0.417711 -0.237096 -0.282129 0.250431 0.059969 -0.301898 -0.208783 -0.303513 0.179221 -0.068806 -0.310376 -0.409017 -0.336046 -0.114126 -0.009138 -0.054747 0.086230 -0.121652 -0.016784 -0.197202 0.076402 -0.307443 -0.523231 -0.259016 -0.338352 -0.236001 -0.120381 -0.462815 -0.397517 -0.288477 -0.327266 -0.371151 -0.440340 0.303362 -0.079749 -0.031900 0.097096 0.247633 -0.030948 -0.348495 -0.267886 -0.436037 -0.311737 0.185606 0.230035 0.371662 0.351514 -0.036873 -0.061295 0.574678 0.528209 -0.263558 0.043428 -0.061566 0.414756 0.181848 0.094622 -0.146403 -0.050880 -0.229375 0.207797 -0.420138 -0.100965 -0.475285 -0.494888 -0.368163 -0.379869 -0.100052 0.099341 -0.506163 -0.386664 -0.409578 -0.614826 0.045670 0.036078 0.371784 0.377719 0.298501 0.135160 -0.072473 0.017761 -0.231794 -0.000934 -0.207898 -0.392424 0.245890 -0.144803 0.184876 0.150509 -0.099794 -0.028375 -0.213253 0.042427 0.006492 -0.148078 -0.236759 -0.287674 -0.345297 0.015131 -0.062959 -0.214720
-0.369197 0.097775 0.235906 0.487480 0.450577 0.494439 0.643011 1.000000 -0.018006 0.638673 -0.147024 0.240621 0.193970 0.587367 -0.040343 0.359775 -0.404978 -0.441440 0.064005 -0.309455 -0.292578 -0.224170 -0.241059 0.228756 -0.054529 -0.129539 -0.506223 -0.268784 -0.324474 -0.203006 -0.137696 0.047253 -0.330817 -0.241484 -0.351323 0.061064 -0.443793 -0.450640 -0.324346 -0.261957 -0.319391 -0.129238 -0.254300 -0.180685 -0.142692 -0.072856 -0.271619 -0.349603 0.385719 0.141410 0.086722 0.330967 0.181728 0.052936 -0.254430 -0.221357 -0.514918 -0.446471 0.097609 0.289574 0.185932 0.489477 -0.119620 -0.249246 0.498471 0.732977 -0.289435 0.178201 -0.149598 0.103911 0.007429 0.066181 -0.273986 -0.070844 -0.175916 0.053574 -0.461897 -0.143143 -0.472162 -0.613624 -0.540262 -0.542899 -0.301653 0.099883 -0.500020 -0.236356 -0.533162 -0.441556 0.150219 0.188355 0.375013 0.387300 0.492768 0.139844 -0.236790 -0.019903 -0.269631 -0.001875 -0.023971 -0.268723 0.383651 -0.075393 0.329692 0.128995 0.215759 0.171447 -0.038055 -0.121044 0.150723 -0.134648 -0.354172 -0.259690 -0.079623 0.221703 0.241638 -0.027246
0.293666 0.305402 0.381313 -0.206690 0.352900 0.119493 0.329464 -0.018006 1.000000 0.282259 0.064524 0.153831 0.156994 0.100033 0.358231 0.139087 -0.207136 0.011828 -0.182622 0.168357 -0.179727 -0.112349 -0.152402 -0.207092 -0.300126 -0.247231 0.040627 -0.077466 -0.214032 -0.092199 -0.384366 -0.302273 -0.139418 -0.017934 -0.122452 0.109998 -0.119783 -0.358759 -0.163912 0.040375 -0.263971 -0.074015 -0.281418 -0.294672 -0.136692 -0.169790 -0.081537 -0.098439 0.299251 0.050769 0.028902 0.120980 0.323964 0.069982 -0.046171 0.178878 -0.065808 0.100654 0.214559 0.215792 0.165623 0.210402 -0.109191 0.011589 0.004777 -0.015609 -0.026385 0.092791 0.345141 0.507346 -0.105578 -0.122201 -0.195993 -0.410146 -0.447128 -0.202165 -0.216017 -0.282002 -0.123936 -0.092115 -0.081750 -0.113895 0.122879 0.112064 -0.229248 -0.253391 -0.003077 -0.223339 -0.073061 0.121002 0.253480 0.044085 0.098693 0.065300 0.152732 0.024026 0.032386 0.029962 0.038180 -0.159569 0.217902 0.010615 -0.203753 -0.094841 -0.052985 -0.125538 -0.047679 -0.062973 -0.186274 0.049696 -0.008365 -0.161564 -0.246048 -0.198077 -0.199127 -0.051489
-0.178886 0.115741 0.334350 0.303342 0.464277 0.633928 0.482267 0.638673 0.282259 1.000000 -0.224687 0.086650 -0.004703 0.378326 -0.103530 0.112551 -0.451532 -0.353469 -0.077301 0.012645 -0.174297 -0.209054 -0.114181 0.173781 -0.081385 0.045240 -0.224161 0.025470 -0.549739 -0.471065 -0.409004 -0.333482 -0.352664 -0.291961 -0.230947 0.159212 -0.487256 -0.388122 -0.339726 -0.215737 -0.312421 -0.164234 -0.323555 -0.251841 -0.296376 -0.121431 -0.328319 -0.292664 0.535892 0.129595 0.304831 0.507127 0.395726 0.073523 -0.234837 -0.208482 -0.529250 -0.369757 0.270860 0.452973 0.226737 0.492761 -0.236269 -0.222363 0.337297 0.559154 -0.116818 0.407353 0.001683 0.355753 0.154641 0.201015 -0.403559 -0.113665 -0.229047 -0.131405 -0.353389 -0.069128 -0.360439 -0.521317 -0.510766 -0.547498 -0.512525 -0.161709 -0.460238 -0.242820 -0.367029 -0.286858 0.247692 0.480354 0.497215 0.320522 0.478982 0.187271 -0.193830 -0.025823 -0.206724 -0.122485 -0.182457 -0.310468 0.388185 0.160544 0.153180 0.128608 0.298412 0.142585 0.003860 -0.172015 0.152343 -0.067701 -0.202254 -0.236613 -0.170896 0.180017 0.167477 0.053720
0.426707 0.058248 -0.083173 -0.227622 -0.122701 -0.241514 -0.134613 -0.147024 0.064524 -0.224687 1.000000 0.281522 0.640528 0.239833 0.355637 0.087666 0.133767 0.013822 -0.151095 -0.051440 -0.205210 -0.092531 -0.022591 -0.175973 -0.331075 -0.266424 -0.022886 -0.146514 0.303340 0.226860 -0.156203 -0.101500 -0.098693 0.056688 0.129749 0.072861 0.103880 -0.128693 -0.114526 -0.008735 -0.419556 0.065443 -0.008267 -0.157464 0.126890 -0.058963 -0.010628 0.097885 0.046833 -0.007887 -0.143805 -0.321324 -0.038610 -0.118814 0.282999 0.083799 0.130776 0.131336 -0.261840 -0.390619 -0.062143 -0.268200 0.267347 -0.254458 0.018726 -0.136609 -0.039610 -0.069089 0.245991 -0.052473 -0.272499 -0.167118 0.162843 -0.176735 0.018737 -0.109930 0.044781 -0.095772 0.094410 -0.051751 0.220091 0.264182 0.297024 0.030967 0.297472 0.138756 0.162309 -0.109934 -0.035266 -0.340646 -0.073473 -0.032987 -0.218819 -0.044238 -0.257372 -0.280702 0.091074 0.320237 0.156004 0.260915 -0.219932 0.045636 -0.167831 -0.044902 -0.071984 -0.227516 0.157977 -0.036019 -0.155537 0.305957 0.031816 -0.017126 -0.169820 -0.067325 0.099436 0.022444
0.071460 0.119347 -0.012303 0.129705 0.070574 0.066331 0.230659 0.240621 0.153831 0.086650 0.281522 1.000000 0.431688 0.658623 0.499229 0.507413 -0.079680 -0.075551 -0.151596 -0.458622 -0.350612 0.009875 -0.239309 -0.065423 -0.302422 -0.250682 -0.213889 -0.169004 0.025968 0.199350 -0.158975 -0.110600 -0.084878 -0.230939 -0.095861 -0.026673 0.029913 -0.359392 -0.107815 -0.103526 -0.294736 -0.078937 -0.433754 -0.515492 -0.200927 -0.295471 -0.085449 -0.371548 0.214533 0.107562 -0.031420 0.109573 0.323836 0.129060 0.378105 0.188349 -0.009908 -0.116478 0.059013 0.002772 0.210103 0.144229 -0.059242 -0.111298 0.212152 0.281980 -0.302258 -0.322004 0.156502 -0.049669 -0.222881 -0.197389 -0.006663 -0.113114 0.009359 -0.075006 -0.088014 -0.137494 -0.182029 -0.024212 -0.020568 -0.095897 0.137469 0.497950 -0.122549 0.198911 -0.127778 -0.148926 0.032206 0.088774 0.047300 -0.091075 0.064972 -0.094077 -0.116581 0.083359 0.173900 0.220967 0.050506 -0.035413 0.028114 -0.227460 -0.082347 -0.252284 -0.098995 -0.185072 -0.079190 -0.023749 -0.191484 0.079948 -0.124124 -0.242480 -0.050632 0.014135 -0.097772 -0.239563
0.327220 0.065961 0.101858 -0.122141 0.145546 -0.131226 0.367966 0.193970 0.156994 -0.004703 0.640528 0.431688 1.000000 0.583437 0.557249 0.472607 0.093806 -0.118031 0.053671 -0.196387 -0.328231 -0.088346 -0.127145 -0.085409 -0.433144 -0.399812 -0.177996 -0.258762 0.179493 0.166302 -0.145626 -0.146574 -0.063379 0.097222 0.054993 0.009828 0.035657 -0.385413 -0.148769 -0.079761 -0.462723 0.063118 -0.364153 -0.443782 -0.139040 -0.323228 -0.304410 -0.251106 0.143345 -0.113345 -0.188892 -0.257376 0.104971 -0.178518 0.152384 -0.174096 -0.064959 0.015945 -0.146575 -0.259193 0.328662 -0.086754 0.361545 -0.232449 0.554192 0.222171 -0.140023 -0.142221 0.119784 0.116956 -0.137215 -0.148278 0.097973 -0.054310 0.023129 0.150475 -0.100647 -0.116924 -0.046484 -0.186002 -0.054113 0.010212 0.237240 0.197157 -0.078776 0.016714 0.021813 -0.307847 0.075672 -0.285757 -0.012551 0.178774 0.066437 0.044519 -0.154924 -0.234588 -0.097577 0.268514 -0.108851 0.005484 -0.057365 -0.129215 -0.107733 -0.079387 -0.117956 -0.249991 0.056530 -0.008661 -0.052303 0.147218 -0.089731 -0.162011 -0.180389 -0.080813 0.068494 -0.195140
-0.085974 0.090013 0.015870 0.172743 0.340273 0.268062 0.483540 0.587367 0.100033 0.378326 0.239833 0.658623 0.583437 1.000000 0.380140 0.643699 -0.146188 -0.206005 -0.008293 -0.230673 -0.413345 -0.181125 -0.400885 0.079689 -0.341314 -0.326439 -0.352314 -0.288956 -0.047467 0.137813 -0.171994 -0.086476 -0.260468 -0.263346 -0.258661 0.001159 -0.119881 -0.398994 -0.230399 -0.101622 -0.420952 -0.030130 -0.458293 -0.556124 -0.276726 -0.441000 -0.328235 -0.373508 0.338031 0.038476 -0.076800 0.095437 0.346884 0.014048 0.249031 -0.079502 -0.335245 -0.333064 0.077860 0.108899 0.328183 0.385652 0.108313 -0.133410 0.516826 0.500747 -0.324505 -0.107353 -0.004505 0.064385 -0.120033 -0.053075 -0.094130 -0.093680 -0.140815 0.082803 -0.338765 -0.262970 -0.361193 -0.335931 -0.272374 -0.288138 0.025688 0.407512 -0.272968 -0.020421 -0.179120 -0.295248 0.089879 0.112937 0.297408 0.186777 0.307686 -0.017934 -0.215316 -0.096339 -0.042883 0.047941 -0.043663 -0.209559 0.196653 -0.136923 -0.023487 0.002423 0.070330 -0.101567 -0.050144 -0.151877 -0.002816 0.235612 -0.152487 -0.318288 -0.078531 0.065735 0.100688 -0.248204
0.272096 0.054275 0.208471 -0.037594 0.015410 -0.122234 0.118670 -0.040343 0.358231 -0.103530 0.355637 0.499229 0.557249 0.380140 1.000000 0.526302 -0.055341 -0.057622 -0.008749 -0.131289 -0.129459 0.038796 0.153568 -0.027442 -0.325355 -0.182430 0.058854 -0.166593 0.090186 0.054801 -0.177207 -0.349255 -0.214314 -0.133898 -0.012138 -0.117371 0.117671 -0.260101 0.038413 0.169956 -0.160148 0.222749 -0.443686 -0.500886 -0.368891 -0.454321 -0.351132 -0.332441 0.021252 -0.253123 -0.145271 -0.212984 0.217054 -0.095990 0.241010 -0.006541 0.058628 0.131231 0.010068 -0.049650 0.168314 -0.151311 0.108182 -0.071737 0.244893 -0.063724 0.096564 -0.159087 0.323987 0.204864 -0.109167 -0.118455 -0.063542 -0.105363 0.038427 -0.070307 0.035376 -0.099905 0.009757 0.119012 -0.018317 0.039884 0.523495 0.416388 0.030906 0.213954 0.274609 0.119155 0.280429 0.003363 -0.044149 -0.076783 0.023469 -0.049996 0.002633 0.080144 0.028890 0.123187 -0.251784 -0.064042 -0.073782 -0.252551 -0.347616 -0.160390 -0.100384 -0.131071 -0.032292 -0.011076 -0.285381 0.239711 -0.028573 -0.153199 -0.135926 -0.125196 -0.073012 -0.093318
-0.125100 0.006098 0.063213 0.099467 0.320432 0.053786 0.417711 0.359775 0.139087 0.112551 0.087666 0.507413 0.472607 0.643699 0.526302 1.000000 -0.144638 -0.170702 0.066271 -0.091565 -0.100229 -0.010597 -0.250786 0.145813 -0.183663 -0.211600 -0.222951 -0.326729 0.070606 0.162520 -0.104502 -0.020771 -0.137487 -0.273539 -0.134207 -0.169710 0.080436 -0.237353 -0.156181 0.200245 -0.167165 0.194290 -0.439359 -0.407979 -0.324174 -0.409121 -0.299509 -0.312784 0.224485 -0.061077 -0.265629 0.031835 0.351818 0.096149 0.209321 -0.022181 -0.200200 -0.208212 0.122975 0.124830 0.178022 0.173155 0.088875 0.034534 0.351041 0.192746 -0.135630 -0.179384 -0.013184 0.115208 0.055148 0.106346 -0.038185 -0.028227 -0.138958 0.064676 -0.206188 -0.152805 -0.306552 -0.226410 -0.265009 -0.224507 0.251551 0.579139 -0.455895 -0.221513 0.112305 -0.138345 0.054549 -0.014650 0.240001 0.259332 0.493974 0.040697 -0.039060 -0.031797 -0.234452 -0.144703 -0.138150 -0.202427 0.235177 -0.218046 0.088821 0.029816 0.034573 -0.015154 -0.107475 -0.125326 -0.166685 0.234684 -0.194661 -0.329235 -0.124380 -0.165084 0.019329 -0.265585
0.182796 -0.179469 -0.396232 -0.304245 -0.366568 -0.619784 -0.237096 -0.404978 -0.207136 -0.451532 0.133767 -0.079680 0.093806 -0.146188 -0.055341 -0.144638 1.000000 0.715875 -0.092526 0.080018 -0.054924 0.211009 -0.294723 -0.498006 -0.342641 -0.417068 -0.143291 -0.286283 0.750256 0.554160 0.275849 0.246087 0.498938 0.425333 -0.069134 -0.363205 0.512731 0.312219 0.241680 -0.129536 0.314714 -0.005698 0.192334 0.174455 0.053810 -0.004702 0.274766 0.205363 -0.536335 -0.278867 -0.521960 -0.442695 -0.489732 -0.140229 0.083605 -0.035957 0.382497 0.266395 -0.306399 -0.360949 0.327054 -0.111473 0.658596 0.539534 -0.082927 -0.301365 -0.124807 -0.586106 -0.164550 -0.245070 0.106529 -0.025633 0.727333 0.404471 0.463877 0.234818 0.609494 0.313783 0.585983 0.598042 0.696130 0.638245 0.198243 -0.184850 0.153551 -0.114251 0.086484 -0.042207 -0.540406 -0.425259 -0.501166 -0.106346 -0.472600 -0.277717 0.163457 -0.050785 0.308473 0.126569 0.139834 0.207546 -0.210329 0.005073 -0.077468 -0.124821 -0.300345 -0.341122 0.002680 0.039972 -0.028790 0.230435 0.006701 0.382968 0.131057 -0.141824 -0.209788 -0.167472
0.222738 0.079166 -0.463803 -0.307679 -0.303763 -0.497004 -0.282129 -0.441440 0.011828 -0.353469 0.013822 -0.075551 -0.118031 -0.206005 -0.057622 -0.170702 0.715875 1.000000 -0.181889 0.198415 -0.078702 0.146331 -0.433519 -0.525770 -0.388425 -0.373725 -0.095023 -0.124728 0.609600 0.589558 -0.006068 0.047204 0.477680 0.295866 -0.090880 -0.241015 0.501265 0.456049 0.322802 0.051603 0.311074 0.037804 0.068335 0.010441 -0.086172 -0.126623 0.123418 0.130949 -0.534980 -0.217726 -0.499367 -0.341848 -0.274332 0.019349 0.140537 0.043507 0.431450 0.289818 -0.218451 -0.200727 0.172816 -0.065223 0.413404 0.602193 -0.253306 -0.409180 -0.189541 -0.517998 0.064062 -0.037833 0.130275 0.149342 0.547109 0.207338 0.256011 0.139759 0.416275 0.328169 0.435910 0.528353 0.705995 0.704917 0.191726 -0.080919 0.143999 -0.236881 0.086143 -0.028429 -0.453067 -0.230512 -0.188976 -0.166621 -0.406561 -0.212433 0.250449 -0.115310 0.312565 0.135690 0.136707 0.030084 -0.056073 0.088434 0.067396 -0.082562 -0.169578 0.002580 0.092979 -0.063542 -0.120964 0.235598 -0.002273 0.333392 0.177218 -0.095376 -0.109313 -0.104978
0.024119 0.065679 0.317618 -0.179633 0.269216 -0.080702 0.250431 0.064005 -0.182622 -0.077301 -0.151095 -0.151596 0.053671 -0.008293 -0.008749 0.066271 -0.092526 -0.181889 1.000000 0.319477 -0.014196 -0.334271 0.128196 0.144971 0.256054 0.056257 0.031360 -0.090455 0.022266 -0.070142 0.282244 0.003327 0.099960 0.081087 0.088578 -0.022905 0.025708 -0.071602 -0.161145 -0.160113 0.077029 0.081628 -0.042518 -0.076440 -0.105677 -0.161434 -0.057755 -0.035611 0.020018 -0.211646 0.063852 -0.071571 0.032811 -0.076568 -0.111837 -0.301876 -0.169569 -0.056796 -0.032428 -0.039050 0.009301 -0.088272 -0.043918 -0.063721 0.206488 0.020005 0.080048 0.121256 -0.118785 0.112074 0.049414 -0.120653 -0.048949 0.028367 0.050560 0.269304 -0.069955 0.007509 -0.263870 -0.144459 -0.242490 -0.142960 0.160185 0.060517 -0.067334 -0.045669 0.059621 -0.161488 0.263844 -0.057862 0.053523 0.270520 -0.005184 0.149368 -0.019895 -0.035170 -0.297456 -0.118365 -0.097637 -0.046384 -0.143995 0.232740 0.116138 0.207184 -0.056109 0.018055 -0.113226 0.052876 -0.021337 -0.096926 0.120342 -0.086542 -0.237707 -0.082426 -0.217285 -0.009171
0.129819 0.150870 0.186931 -0.221134 0.218847 0.027552 0.059969 -0.309455 0.168357 0.012645 -0.051440 -0.458622 -0.196387 -0.230673 -0.131289 -0.091565 0.080018 0.198415 0.319477 1.000000 0.031097 -0.147628 -0.068664 -0.001669 0.151133 0.091437 0.093664 0.027426 0.099560 0.006024 -0.039301 -0.045640 0.087034 0.258214 0.012567 0.164549 0.056390 0.179700 -0.133161 -0.176396 0.151266 -0.052225 0.064150 0.043965 -0.083974 -0.086922 -0.056779 0.270595 -0.099143 -0.248495 -0.130014 -0.201858 -0.018840 -0.039178 -0.196047 -0.166809 -0.073842 0.011127 0.053289 -0.001515 -0.092890 -0.085331 0.080976 0.195604 -0.198419 -0.349875 0.088796 0.235221 0.073329 0.329328 0.309898 0.298799 -0.043127 -0.047690 -0.168758 0.071261 -0.006554 0.160101 -0.036091 -0.075288 0.080106 0.117448 0.080223 -0.238302 0.047286 -0.327992 0.132643 -0.161980 -0.087935 -0.132802 0.232936 0.177707 -0.148879 -0.024424 -0.020046 -0.171304 -0.157810 -0.338228 -0.053772 -0.128486 -0.070200 0.255296 0.019414 0.260985 -0.141667 0.012887 -0.084978 -0.116702 -0.089313 0.144624 0.209537 -0.007141 -0.313530 -0.192775 -0.162723 -0.002512
-0.296429 -0.288685 -0.022629 0.168194 -0.247197 -0.104301 -0.301898 -0.292578 -0.179727 -0.174297 -0.205210 -0.350612 -0.328231 -0.413345 -0.129459 -0.100229 -0.054924 -0.078702 -0.014196 0.031097 1.000000 0.442597 0.367838 0.330453 0.310250 0.535344 0.431972 0.367838 -0.039030 -0.096747 0.390193 0.311069 0.008244 -0.101671 0.260299 -0.176879 0.137084 0.494924 0.309986 0.298497 0.514938 0.161956 0.427917 0.445302 0.007369 0.133480 0.180762 0.333783 -0.302410 -0.208744 0.233946 -0.120327 -0.257691 -0.100709 -0.158723 -0.019896 0.016128 0.035264 -0.330136 -0.275168 -0.416491 -0.400655 -0.119626 -0.125966 -0.308172 -0.310142 0.077294 -0.043814 -0.155781 -0.233079 0.234735 0.167477 0.115508 0.253362 0.274791 -0.081825 0.267248 0.232390 0.259799 0.183755 0.004471 -0.052963 -0.064986 -0.190594 0.102379 0.155138 0.181206 0.458958 0.025053 -0.088070 -0.230098 -0.116173 0.058090 -0.027842 0.164662 0.185752 0.083542 -0.063661 -0.184205 0.155235 -0.275833 0.044571 -0.143168 -0.077615 -0.188563 0.093489 0.226450 0.195496 -0.046619 -0.069252 0.207719 0.073277 0.090605 0.074808 0.185234 0.305050
-0.212023 -0.408936 -0.148028 0.252656 -0.293661 -0.111967 -0.208783 -0.224170 -0.112349 -0.209054 -0.092531 0.009875 -0.088346 -0.181125 0.038796 -0.010597 0.211009 0.146331 -0.334271 -0.147628 0.442597 1.000000 0.111362 -0.019330 0.116102 0.347915 0.317396 0.349110 0.091950 0.195113 0.199840 0.274650 0.061722 0.130016 0.129260 -0.052748 0.469242 0.355105 0.305052 0.149932 0.337809 0.232143 0.077693 0.321397 -0.133738 0.127209 0.078581 0.166346 -0.390906 -0.107516 -0.087544 -0.296178 -0.439967 -0.204604 -0.142027 -0.062233 0.100464 0.008478 -0.296232 -0.264138 -0.225377 -0.359847 0.017404 0.160530 -0.169943 -0.284654 -0.096145 -0.265329 -0.167548 -0.410713 0.269008 0.240178 0.343905 0.454080 0.402052 0.012644 0.495972 0.516216 0.408525 0.370791 0.218715 0.193948 0.021488 -0.195608 0.057525 0.200342 0.157022 0.224267 -0.086537 -0.194237 -0.355706 -0.314138 -0.044407 -0.189989 0.349506 0.038566 0.246605 0.089348 -0.304384 0.136704 -0.234918 -0.100812 -0.176440 -0.163553 -0.349439 0.171923 0.098100 0.148847 -0.079965 0.090358 0.181383 0.079768 0.094220 -0.003722 0.014474 -0.143230
0.056260 -0.259029 0.327397 0.089162 -0.202881 0.014375 -0.303513 -0.241059 -0.152402 -0.114181 -0.022591 -0.239309 -0.127145 -0.400885 0.153568 -0.250786 -0.294723 -0.433519 0.128196 -0.068664 0.367838 0.111362 1.000000 0.465744 0.390768 0.527446 0.312123 0.287303 -0.293809 -0.545791 0.183668 -0.121174 -0.254611 -0.186461 0.247627 0.018394 -0.192146 -0.012355 0.021694 -0.025820 -0.021278 -0.013772 0.142019 0.126305 0.018114 0.174666 -0.030047 0.076017 -0.017773 -0.012032 0.530733 0.072960 -0.124939 -0.084152 -0.148260 -0.046337 0.008185 0.030745 -0.044964 -0.105517 -0.283363 -0.387427 -0.225738 -0.323447 -0.015416 -0.198246 0.400602 0.307482 -0.080418 -0.180585 0.013322 0.026225 -0.316378 0.003807 0.167927 -0.048708 0.109086 0.067017 0.126783 0.122638 -0.246824 -0.179396 0.011246 -0.114458 0.324284 0.419893 0.235181 0.515955 0.450475 0.122554 -0.219739 -0.022868 0.021935 0.095787 -0.164531 0.040860 -0.090313 -0.059126 -0.196280 0.288395 -0.255062 0.000481 -0.167178 0.041160 -0.065744 -0.013591 -0.061654 0.191365 -0.001768 -0.250669 0.113906 0.009425 -0.030778 -0.010484 0.096871 0.267882
-0.262096 -0.266252 0.278347 0.370726 0.282563 0.486674 0.179221 0.228756 -0.207092 0.173781 -0.175973 -0.065423 -0.085409 0.079689 -0.027442 0.145813 -0.498006 -0.525770 0.144971 -0.001669 0.330453 -0.019330 0.465744 1.000000 0.401744 0.443294 0.055840 0.103412 -0.337590 -0.310622 0.146114 0.267907 -0.419860 -0.242434 0.119690 0.157516 -0.301262 -0.194184 -0.042660 -0.098647 -0.073222 -0.065638 -0.112088 -0.059283 -0.010993 0.062334 -0.248166 -0.137151 0.143653 0.039235 0.351791 0.182282 0.032132 0.012786 -0.236741 -0.214680 -0.368900 -0.340311 0.080858 0.053364 -0.206475 -0.042739 -0.272963 -0.354624 0.230000 0.284693 0.053533 0.300142 -0.220792 -0.059385 0.039993 0.132434 -0.407778 -0.062796 -0.071785 0.051840 -0.289078 -0.076031 -0.406789 -0.332658 -0.560727 -0.513773 -0.091013 0.226164 -0.038696 0.195155 -0.061870 0.208355 0.352199 0.172291 0.133192 0.238333 0.413105 0.272538 -0.142733 0.063037 -0.302143 -0.187045 -0.279993 -0.012140 0.042623 -0.018086 0.091728 0.130366 -0.010456 0.187822 -0.183941 0.098111 0.054293 -0.193103 0.015595 -0.257004 -0.104368 0.040490 0.192774 0.061548
-0.315310 -0.068280 0.279603 0.206263 0.198287 0.261865 -0.068806 -0.054529 -0.300126 -0.081385 -0.331075 -0.302422 -0.433144 -0.341314 -0.325355 -0.183663 -0.342641 -0.388425 0.256054 0.151133 0.310250 0.116102 0.390768 0.401744 1.000000 0.735020 0.276837 0.432673 -0.231127 -0.189794 0.350279 0.244395 -0.082548 0.044091 0.240986 0.346257 -0.106318 0.109479 0.076302 -0.041684 0.153667 -0.110786 0.141710 0.291876 0.150134 0.249830 0.115810 0.072257 0.002078 0.185455 0.441354 0.169822 -0.017204 0.162098 -0.156953 -0.042140 -0.132129 -0.067312 -0.020281 0.056309 -0.557413 -0.217063 -0.498087 -0.281606 -0.269463 -0.141660 0.242584 0.398217 -0.194344 -0.061921 0.053100 0.079188 -0.239253 -0.138086 -0.180866 -0.055141 -0.189413 0.050913 -0.122077 -0.116810 -0.233467 -0.207948 -0.215871 -0.174104 0.041609 0.042531 -0.047469 0.068537 0.186581 0.198300 0.088398 -0.102092 0.007013 0.053264 0.009512 0.058165 -0.117145 -0.197856 -0.214616 0.003951 -0.196882 0.074885 0.100605 0.042264 -0.184531 0.211206 -0.198148 0.161738 0.140311 -0.390926 0.299378 -0.112641 -0.113414 0.019647 -0.042352 -0.095248
-0.222829 -0.158769 0.192352 0.340903 -0.056051 0.391214 -0.310376 -0.129539 -0.247231 0.045240 -0.266424 -0.250682 -0.399812 -0.326439 -0.182430 -0.211600 -0.417068 -0.373725 0.056257 0.091437 0.535344 0.347915 0.527446 0.443294 0.735020 1.000000 0.488478 0.744772 -0.447984 -0.434400 0.130394 0.007235 -0.150770 -0.054875 0.279134 0.331232 -0.109713 0.214024 0.095172 0.034702 0.190236 -0.022643 0.163622 0.271847 -0.001967 0.232089 -0.014843 0.166746 -0.009786 0.105306 0.481328 0.188362 -0.076804 0.072446 -0.182483 -0.093913 -0.056726 -0.003863 -0.119818 0.001867 -0.515356 -0.312439 -0.520561 -0.314887 -0.264786 -0.143707 0.171365 0.483265 -0.037740 -0.104483 0.052222 0.102967 -0.365388 -0.053470 0.009891 -0.166064 -0.054070 0.167094 0.057584 -0.032550 -0.251028 -0.249097 -0.304315 -0.319749 0.072168 0.212203 0.030509 0.367355 0.379915 0.274721 0.021851 -0.133847 0.072687 -0.033202 0.004886 -0.064960 -0.073170 -0.151908 -0.301491 0.088389 -0.258227 0.162258 -0.029457 0.057714 -0.110087 0.271647 0.117149 0.138934 0.115610 -0.321952 0.339760 -0.094985 -0.049571 0.114894 0.126901 0.090483
0.003652 -0.077964 0.047834 0.017770 -0.199151 -0.057714 -0.409017 -0.506223 0.040627 -0.224161 -0.022886 -0.213889 -0.177996 -0.352314 0.058854 -0.222951 -0.143291 -0.095023 0.031360 0.093664 0.431972 0.317396 0.312123 0.055840 0.276837 0.488478 1.000000 0.702054 -0.223759 -0.170539 0.068688 -0.108908 -0.044682 0.035846 0.451085 0.099743 0.076074 0.376889 0.262124 0.354120 0.217272 0.237139 0.143001 0.161721 -0.043603 0.025982 -0.040544 0.183211 -0.078429 -0.166064 0.216439 -0.031708 0.105071 -0.033747 0.073113 0.027702 0.008588 0.148933 -0.069245 -0.053281 -0.237890 -0.255811 -0.365951 -0.053014 -0.311961 -0.306948 0.306271 0.189758 0.129217 -0.017936 -0.005263 -0.043202 -0.108398 0.014885 -0.001244 -0.034735 0.147570 0.118373 0.113235 0.158753 -0.089138 -0.074102 0.014162 -0.130459 0.266722 0.288123 0.418398 0.467409 0.248437 0.182647 -0.023585 -0.212533 -0.063126 -0.004945 0.137298 -0.020824 0.033530 0.030358 -0.244201 -0.070217 -0.316533 0.106091 -0.283133 -0.078881 -0.002392 -0.021226 0.183935 0.049364 -0.051327 -0.059058 0.542803 0.006229 -0.029474 -0.071330 0.003764 0.048375
-0.059062 -0.060678 0.112151 0.237383 -0.179183 0.184686 -0.336046 -0.268784 -0.077466 0.025470 -0.146514 -0.169004 -0.258762 -0.288956 -0.166593 -0.326729 -0.286283 -0.124728 -0.090455 0.027426 0.367838 0.349110 0.287303 0.103412 0.432673 0.744772 0.702054 1.000000 -0.435353 -0.348483 -0.050363 -0.161639 -0.014319 -0.030893 0.307050 0.242495 -0.034759 0.305759 0.161389 0.087074 0.086386 -0.025440 0.161158 0.201720 -0.059759 0.132019 -0.041806 0.181802 -0.066785 0.051830 0.414142 0.111547 0.004708 -0.018732 -0.177018 -0.013239 -0.002035 -0.014726 -0.130736 0.018642 -0.338537 -0.270723 -0.450871 -0.184325 -0.241942 -0.195466 0.121988 0.346538 0.120186 0.021269 0.026905 0.116544 -0.294816 -0.023931 -0.010513 -0.091984 0.036356 0.214145 0.130079 0.005465 -0.086024 -0.099563 -0.408209 -0.415386 0.157406 0.226462 0.022866 0.250211 0.313371 0.319849 0.060648 -0.173862 0.008296 -0.047042 0.079441 -0.138444 0.121941 0.070933 -0.284376 -0.091660 -0.304879 0.171483 -0.116332 0.029258 -0.030771 0.177999 0.228597 0.117271 0.179209 -0.326422 0.416944 -0.006297 0.050678 0.109777 0.157633 0.036278
-0.007288 -0.241555 -0.421064 -0.273995 -0.148279 -0.589802 -0.114126 -0.324474 -0.214032 -0.549739 0.303340 0.025968 0.179493 -0.047467 0.090186 0.070606 0.750256 0.609600 0.022266 0.099560 -0.039030 0.091950 -0.293809 -0.337590 -0.231127 -0.447984 -0.223759 -0.435353 1.000000 0.786433 0.390936 0.433141 0.403537 0.340465 0.025777 -0.268480 0.589787 0.247831 0.284831 -0.025657 0.355691 0.074581 0.110726 0.077305 0.038974 -0.056415 0.178424 0.081776 -0.498944 -0.197432 -0.529585 -0.519318 -0.387794 -0.192092 0.135260 -0.044879 0.150022 0.037943 -0.350084 -0.405244 0.108432 -0.267345 0.555457 0.331203 -0.051966 -0.326553 -0.072137 -0.589819 -0.173891 -0.255698 0.134398 0.108738 0.803726 0.285706 0.349947 0.283173 0.411488 0.240546 0.398179 0.467130 0.667869 0.710984 0.430187 0.018517 0.144056 -0.131201 0.153221 -0.110586 -0.516677 -0.540972 -0.382279 -0.132593 -0.383759 -0.201129 0.149417 -0.060534 0.273475 0.154778 0.125120 0.168958 -0.170472 -0.121512 0.034388 -0.041409 -0.299131 -0.138818 -0.119792 -0.049273 -0.043856 0.280025 -0.157903 0.104063 -0.013790 -0.094083 -0.105959 -0.118837
-0.051755 -0.088661 -0.486808 -0.175089 -0.037195 -0.386815 -0.009138 -0.203006 -0.092199 -0.471065 0.226860 0.199350 0.166302 0.137813 0.054801 0.162520 0.554160 0.589558 -0.070142 0.006024 -0.096747 0.195113 -0.545791 -0.310622 -0.189794 -0.434400 -0.170539 -0.348483 0.786433 1.000000 0.239864 0.472521 0.265964 0.261203 -0.089399 -0.149347 0.667567 0.207516 0.226115 0.112043 0.205816 0.170654 -0.120442 -0.047124 -0.028905 -0.107509 0.103242 -0.004844 -0.474494 -0.074589 -0.561562 -0.439976 -0.227476 -0.047952 0.250059 0.054477 0.104643 -0.022738 -0.291353 -0.316800 0.000584 -0.139509 0.400263 0.297736 -0.131267 -0.274365 -0.326586 -0.646052 -0.149550 -0.243643 0.064584 0.130755 0.763093 0.228359 0.182935 0.226748 0.260506 0.179523 0.201009 0.316259 0.589520 0.620371 0.452006 0.202328 0.099924 -0.101959 0.102880 -0.162969 -0.555804 -0.440555 -0.114171 -0.146447 -0.268544 -0.125242 0.289680 -0.081563 0.287480 0.151629 0.118823 0.005120 -0.034402 -0.057058 0.058188 -0.017017 -0.225504 0.069061 -0.107436 -0.166507 -0.170280 0.349005 -0.016604 0.023812 -0.024156 -0.011241 -0.123463 -0.324250
-0.300807 -0.270778 -0.017855 0.009873 -0.111937 -0.308592 -0.054747 -0.137696 -0.384366 -0.409004 -0.156203 -0.158975 -0.145626 -0.171994 -0.177207 -0.104502 0.275849 -0.006068 0.282244 -0.039301 0.390193 0.199840 0.183668 0.146114 0.350279 0.130394 0.068688 -0.050363 0.390936 0.239864 1.000000 0.707410 0.127056 0.186191 0.088222 -0.196298 0.166540 0.262463 0.264267 -0.159890 0.326488 -0.112117 0.321165 0.335164 0.046382 -0.004924 0.245493 0.192901 -0.446641 -0.235864 0.014566 -0.320290 -0.453435 -0.246169 -0.157848 -0.180862 -0.004755 -0.036421 -0.380395 -0.312802 -0.063423 -0.264469 0.135251 0.088019 0.004923 -0.173502 0.039310 -0.262015 -0.451611 -0.450203 0.276547 0.039438 0.374890 0.360544 0.343303 0.382772 0.316947 0.286190 0.103188 0.313259 0.118509 0.123262 0.079411 -0.004882 0.188301 0.120542 -0.115254 0.059508 -0.237454 -0.307524 -0.383911 -0.114635 -0.213081 -0.141491 0.102478 0.067854 0.163538 0.070871 -0.000015 0.249444 -0.316279 -0.135822 0.041316 -0.120555 -0.358015 -0.212768 -0.204995 0.117051 0.150139 -0.128692 0.172814 0.137052 0.031786 0.103749 0.027123 -0.069409
-0.451719 -0.364326 -0.262311 0.210475 0.045186 -0.084825 0.086230 0.047253 -0.302273 -0.333482 -0.101500 -0.110600 -0.146574 -0.086476 -0.349255 -0.020771 0.246087 0.047204 0.003327 -0.045640 0.311069 0.274650 -0.121174 0.267907 0.244395 0.007235 -0.108908 -0.161639 0.433141 0.472521 0.707410 1.000000 0.119600 0.210891 0.057123 -0.060303 0.195709 0.168837 0.105917 -0.170495 0.246281 -0.078660 0.254308 0.346989 0.227214 0.200105 0.256328 0.179694 -0.361868 0.054836 -0.128900 -0.200773 -0.434147 -0.025861 -0.206934 0.009827 -0.129693 -0.269993 -0.328916 -0.310226 -0.151654 -0.099456 0.139887 0.015858 -0.054488 -0.036768 -0.239723 -0.357522 -0.524253 -0.473543 0.199271 0.137628 0.443330 0.287880 0.154844 0.295721 0.160655 0.239538 -0.014998 0.069646 0.106665 0.089564 0.052203 0.068638 -0.004690 -0.088659 -0.183560 -0.080211 -0.486926 -0.428452 -0.250457 0.030980 -0.019113 -0.063668 0.090669 -0.046906 0.068618 0.060079 0.134106 0.145769 -0.041973 -0.098754 0.193534 -0.020388 -0.292368 0.002232 -0.191641 0.020087 0.075799 -0.047953 0.066900 -0.023585 -0.032896 0.142427 0.019458 -0.091243
0.089986 0.119123 -0.321641 -0.230890 -0.221013 -0.370384 -0.121652 -0.330817 -0.139418 -0.352664 -0.098693 -0.084878 -0.063379 -0.260468 -0.214314 -0.137487 0.498938 0.477680 0.099960 0.087034 0.008244 0.061722 -0.254611 -0.419860 -0.082548 -0.150770 -0.044682 -0.014319 0.403537 0.265964 0.127056 0.119600 1.000000 0.502164 0.245708 -0.243501 0.244743 0.194615 0.192382 -0.129962 0.311874 -0.182222 0.230404 0.150937 0.085644 -0.020425 0.354808 0.175028 -0.355748 -0.037739 -0.363234 -0.101523 -0.216292 0.123748 0.115461 0.048709 0.452521 0.348167 -0.036762 -0.074999 0.103779 -0.121644 0.148527 0.185509 -0.129587 -0.226750 0.136018 -0.383386 0.010431 -0.049013 -0.002340 -0.103553 0.451894 0.290665 0.280188 0.002187 0.309704 0.229896 0.404234 0.376358 0.549316 0.386051 -0.015751 -0.166145 0.050288 -0.255999 0.014603 -0.095814 -0.341499 -0.271676 -0.498533 -0.368891 -0.439042 -0.403836 0.129734 -0.008764 0.104575 0.168062 0.083265 0.027482 -0.379290 -0.162139 -0.106233 -0.260732 -0.332788 -0.076698 -0.042587 0.104264 0.142417 -0.038500 -0.069784 0.033555 0.232531 -0.115674 -0.257824 -0.086607
0.100788 0.021407 -0.057549 -0.180411 -0.067224 -0.225620 -0.016784 -0.241484 -0.017934 -0.291961 0.056688 -0.230939 0.097222 -0.263346 -0.133898 -0.273539 0.425333 0.295866 0.081087 0.258214 -0.101671 0.130016 -0.186461 -0.242434 0.044091 -0.054875 0.035846 -0.030893 0.340465 0.261203 0.186191 0.210891 0.502164 1.000000 0.173702 0.239211 0.266180 0.030595 0.312737 -0.230296 0.149800 -0.025281 0.004765 0.110819 0.128262 0.125001 0.030970 0.016923 -0.262247 -0.104664 -0.316450 -0.267931 -0.306742 -0.176212 -0.086984 -0.279076 0.150712 0.305361 -0.099910 -0.131646 0.054370 -0.240823 0.214014 0.037172 0.050035 -0.169063 0.209719 0.039262 0.032785 0.067630 0.123937 -0.036985 0.317448 0.169916 0.122024 -0.037196 0.157592 0.219182 0.244160 0.202868 0.335246 0.320900 0.015652 -0.253140 0.111834 -0.161963 -0.104912 -0.277517 -0.158810 -0.331120 -0.386169 -0.232205 -0.435934 -0.241723 0.252735 -0.192508 0.017472 0.100814 -0.152775 -0.126344 -0.332748 0.102476 -0.012278 -0.187174 -0.348096 -0.077384 -0.117025 0.066425 0.133771 -0.194022 0.150487 -0.038694 -0.099814 -0.235887 -0.229201 -0.318518
-0.109482 -0.133963 -0.074329 0.001425 -0.068871 -0.010406 -0.197202 -0.351323 -0.122452 -0.230947 0.129749 -0.095861 0.054993 -0.258661 -0.012138 -0.134207 -0.069134 -0.090880 0.088578 0.012567 0.260299 0.129260 0.247627 0.119690 0.240986 0.279134 0.451085 0.307050 0.025777 -0.089399 0.088222 0.057123 0.245708 0.173702 1.000000 0.336690 -0.073947 0.197257 0.144153 0.136511 0.053785 0.044786 0.266615 0.196315 0.292274 0.122935 0.107208 0.138174 0.068255 0.051511 0.254385 0.006465 0.009027 0.012751 0.018106 -0.023789 0.071704 0.160707 -0.163906 -0.305048 -0.298234 -0.405919 -0.268588 -0.314642 -0.092909 -0.193929 0.365259 0.168482 -0.018417 -0.196813 -0.125598 -0.084565 0.007654 -0.045389 0.013206 -0.156521 -0.004898 0.068593 0.025524 0.045234 -0.061235 -0.055358 0.136354 -0.085445 0.252593 0.138929 0.352910 0.290331 0.178551 -0.125768 -0.254810 -0.245587 -0.148155 0.004110 0.025641 -0.017975 -0.072150 0.017841 -0.180716 0.012709 -0.259315 0.012575 -0.196682 -0.261940 -0.064335 0.005259 0.260377 0.026960 -0.003345 -0.100497 0.342050 -0.188046 0.018638 -0.093002 -0.061421 0.096616
-0.091266 0.001951 0.082132 0.123755 0.261160 0.478849 0.076402 0.061064 0.109998 0.159212 0.072861 -0.026673 0.009828 0.001159 -0.117371 -0.169710 -0.363205 -0.241015 -0.022905 0.164549 -0.176879 -0.052748 0.018394 0.157516 0.346257 0.331232 0.099743 0.242495 -0.268480 -0.149347 -0.196298 -0.060303 -0.243501 0.239211 0.336690 1.000000 -0.211168 -0.117178 -0.053350 -0.104073 -0.236803 -0.058613 -0.081040 -0.009266 0.351127 0.320154 -0.130916 -0.022272 0.416229 0.382376 0.301909 0.249432 0.077335 0.109331 -0.135962 -0.074124 -0.229635 -0.070184 0.107852 0.030766 -0.320006 -0.137124 -0.469680 -0.365132 -0.037357 0.164130 0.066109 0.609034 -0.032583 0.100012 -0.120395 -0.012982 -0.349520 -0.414046 -0.395521 -0.206856 -0.454450 -0.122925 -0.320424 -0.391566 -0.295944 -0.203474 -0.120417 -0.258074 -0.044427 -0.111584 -0.044670 -0.123269 0.247827 0.094263 0.283766 0.024944 -0.062134 0.091841 -0.025979 -0.200275 -0.163577 -0.188640 -0.144537 -0.151052 -0.009427 0.156097 0.161032 0.017646 0.048411 0.236581 -0.041972 -0.031628 0.163144 -0.158826 0.349576 -0.368576 -0.126127 0.056767 0.153359 -0.019425
