1.000000 0.619213 0.215237 0.266323 -0.594648 -0.667627 0.444437 0.544520 -0.358119 -0.562539 0.462806 0.551625 0.415298 0.566906 0.001303 0.117023 0.242201 0.184533 0.476302 0.590248 -0.385038 -0.098236 0.309259 -0.063853 -0.343255 -0.357684 -0.193753 -0.066173 0.146279 0.055418 0.349311 0.431101 0.811382 0.749998 -0.405252 -0.442927 0.388916 -0.065861 0.110040 -0.048397 0.255146 0.181227 -0.194046 -0.000005 -0.200663 -0.262352 -0.031011 -0.096365 -0.343566 -0.183795 -0.672896 -0.465541 -0.447564 -0.125320 0.187531 0.305096 0.652559 0.635024 -0.155413 -0.589577 0.345900 0.188262 -0.060435 0.473919 -0.304187 -0.424078 -0.515729 -0.561936 -0.102426 -0.060624 -0.521137 -0.549009 0.210481 -0.164808 0.222974 -0.288131 -0.241839 -0.688311 0.385651 -0.225360 0.153334 -0.089957 -0.024227 -0.097200 -0.132759 -0.374862 0.330776 0.090554 -0.134997 -0.023456 -0.590175 -0.305505 -0.215880 -0.238288 -0.515661 -0.220065 0.110161 0.061428 -0.072090 -0.083742 -0.370012 -0.070150 -0.355345 -0.156858 -0.365691 -0.229909 0.118877 -0.165137 -0.181483 -0.189928 -0.480474 -0.020124 0.171367 -0.191196 -0.176120 -0.243568
0.619213 1.000000 -0.011672 0.254686 -0.577264 -0.564908 -0.141213 0.163687 -0.695697 -0.656352 0.031576 0.124738 -0.177110 0.051845 -0.485542 -0.403732 0.177735 0.158880 0.362284 0.464940 -0.682301 -0.310387 0.218551 -0.019362 -0.324869 -0.236271 0.015989 -0.069893 -0.238028 -0.280958 -0.073959 0.064563 0.515762 0.559973 -0.470595 -0.455836 0.077287 -0.304081 0.228335 0.069479 -0.038852 -0.045607 0.137960 0.205346 0.160591 0.002628 0.188007 0.310231 -0.247528 0.108816 -0.482779 -0.148341 -0.169866 -0.109563 0.128731 0.209173 0.605295 0.822815 -0.155263 -0.090329 -0.157768 0.168501 -0.127522 0.210479 -0.686273 -0.462219 -0.339366 -0.371870 0.304226 0.286360 -0.491820 -0.668941 -0.191046 -0.316655 -0.024671 -0.388599 -0.105075 -0.426039 0.194332 -0.288884 0.171591 0.216616 -0.154609 -0.198531 -0.044615 -0.387229 0.165963 -0.225483 -0.275352 -0.295825 -0.260913 -0.354320 -0.342839 -0.163008 -0.330307 0.006766 0.070968 -0.141498 0.175775 -0.066407 -0.245480 -0.256533 -0.510151 -0.239212 -0.285666 0.117068 0.175639 0.160947 -0.010016 -0.030531 -0.326390 0.096830 0.095474 -0.286706 0.178171 0.097523
0.215237 -0.011672 1.000000 0.653527 0.340281 0.058078 0.734731 0.613911 0.295127 0.035180 0.002821 -0.086967 0.093814 0.020163 -0.120108 -0.323391 -0.069937 -0.105536 0.560303 0.491789 -0.172628 -0.255625 0.699005 0.480325 -0.106194 -0.104572 -0.081975 -0.284678 -0.306268 -0.356349 0.068245 0.071681 0.145759 0.291375 0.145506 -0.014250 -0.291478 -0.522405 -0.241619 -0.442529 -0.316598 -0.262007 -0.509125 -0.465368 -0.350450 -0.262690 -0.541699 -0.423694 -0.467178 -0.447459 -0.305034 -0.517828 -0.296351 -0.025285 -0.183185 -0.159847 -0.121896 -0.111739 -0.196402 -0.375410 0.314397 -0.344198 0.165129 -0.087056 0.251868 -0.288329 0.073375 0.242482 0.025024 0.444804 -0.073607 -0.143487 -0.373133 -0.488924 -0.394215 -0.341178 -0.461983 -0.241750 -0.406787 -0.474599 -0.332000 -0.490301 0.110374 -0.139093 -0.532050 -0.514369 -0.329619 -0.076859 -0.167027 0.014636 0.065391 0.475077 0.372466 0.470465 -0.524362 -0.005368 -0.339388 -0.146690 -0.352917 -0.101361 -0.081265 0.464958 0.002417 0.429108 -0.036260 0.159141 -0.207606 -0.147039 0.060452 -0.197637 -0.081511 0.123640 0.104095 0.044038 -0.029648 -0.163207
0.266323 0.254686 0.653527 1.000000 0.159125 0.068684 0.444143 0.759745 0.139295 0.041094 -0.075779 0.010836 -0.066259 -0.049559 -0.302492 -0.259773 -0.024191 -0.094648 0.560398 0.462323 -0.451988 -0.402529 0.462386 0.477180 -0.163190 -0.157999 -0.139238 -0.379214 -0.340492 -0.424098 -0.166004 -0.074122 0.195261 0.338846 -0.081634 -0.165586 -0.168556 -0.488140 0.114347 -0.189098 -0.156411 -0.192989 -0.338184 -0.288659 -0.202797 -0.182333 -0.247754 -0.175810 -0.529760 -0.340623 -0.644325 -0.538225 -0.286150 -0.049548 0.171443 0.277381 0.148979 0.050368 -0.374783 -0.433196 0.244801 -0.108286 0.052595 -0.031800 -0.152526 -0.450704 -0.348525 0.010950 0.207017 0.155221 -0.373644 -0.403382 -0.312551 -0.595910 -0.448959 -0.641813 -0.657949 -0.516200 -0.338759 -0.589346 -0.189763 -0.343047 -0.155738 -0.068407 -0.659245 -0.692242 -0.175120 0.091668 -0.142276 0.177777 0.011681 0.254556 0.317992 0.405434 -0.300873 0.421429 0.006644 0.157168 -0.127516 0.282547 -0.155566 0.342313 0.034722 0.265456 0.117897 0.307899 -0.251412 -0.094475 0.332579 -0.013206 -0.164736 0.407890 0.177019 0.022302 0.203083 -0.088671
-0.594648 -0.577264 0.340281 0.159125 1.000000 0.537123 0.166374 0.017833 0.634905 0.520810 -0.216150 -0.385101 -0.171879 -0.288227 0.107366 -0.138211 -0.220039 -0.179594 0.104536 -0.020453 0.336549 -0.034403 0.035498 0.127383 -0.083258 -0.110301 0.257508 -0.214879 -0.212987 -0.243249 -0.435383 -0.508701 -0.620170 -0.451320 0.244801 0.317217 -0.573533 -0.207457 -0.266602 -0.016254 -0.459172 -0.301075 -0.331814 -0.358435 0.038408 0.201660 -0.454598 -0.305866 0.171345 -0.127439 0.338354 0.195235 0.253000 0.231351 -0.408061 -0.483697 -0.585384 -0.656922 -0.129344 0.084106 -0.182634 -0.391323 0.298651 -0.510387 0.503098 0.137889 0.347452 0.532902 0.112670 0.349233 0.455416 0.241479 -0.408304 -0.211139 -0.589997 -0.019470 -0.060249 0.352936 -0.504109 -0.049271 -0.163226 -0.174930 0.347190 0.259761 -0.236700 -0.092226 -0.364461 0.128145 -0.028579 0.167181 0.659107 0.661992 0.465813 0.526710 0.058052 0.060125 -0.426920 -0.181109 -0.134685 0.114510 0.381137 0.407302 0.286390 0.476702 0.247678 0.280670 -0.366897 0.034438 0.091175 -0.202837 0.175537 0.186457 0.085429 0.158465 0.187310 0.046613
-0.667627 -0.564908 0.058078 0.068684 0.537123 1.000000 -0.104129 -0.168049 0.367511 0.584885 -0.503602 -0.424056 -0.297304 -0.448011 -0.017864 0.030670 -0.295339 -0.429599 -0.316568 -0.569546 0.347169 0.330984 -0.031590 0.468867 0.699623 0.652312 0.401014 0.351533 -0.268225 -0.183679 -0.095607 -0.120799 -0.504450 -0.561621 0.625475 0.461625 -0.146876 0.009045 0.188243 0.080767 -0.055855 -0.002964 -0.131786 -0.176060 -0.203542 -0.132543 -0.194786 -0.177260 0.005011 -0.130631 0.477575 0.035876 0.060414 -0.119732 0.100498 0.023075 -0.404026 -0.513504 0.069280 0.238287 -0.052666 -0.347022 -0.288274 -0.549954 0.356390 0.432884 0.407570 0.523375 -0.024738 -0.096955 0.395451 0.483502 -0.224194 -0.031167 -0.243690 0.122625 -0.292194 0.291729 -0.322064 -0.077188 -0.344204 -0.236925 -0.224034 -0.238070 0.091732 0.399593 -0.179438 0.212967 0.373351 0.334883 0.159146 0.196903 0.235297 0.246815 0.403192 0.251220 0.161982 0.152857 -0.320142 -0.032127 -0.018167 0.029029 0.117710 0.086665 0.273946 0.247119 -0.069284 0.111148 0.033810 0.015703 0.505749 -0.050511 -0.198151 0.106483 -0.024257 0.236053
0.444437 -0.141213 0.734731 0.444143 0.166374 -0.104129 1.000000 0.741662 0.376923 0.120632 0.360470 0.385065 0.492178 0.494610 0.200358 0.129779 -0.090490 -0.116083 0.343829 0.405718 -0.065079 -0.106833 0.321242 0.162436 -0.230736 -0.302393 -0.229747 -0.248311 -0.071306 -0.101027 0.150594 0.144787 0.290777 0.412166 -0.003134 0.017080 -0.024094 -0.255151 -0.182796 -0.210966 -0.103381 -0.162375 -0.573663 -0.475383 -0.410521 -0.277831 -0.494347 -0.541556 -0.221262 -0.467215 -0.281201 -0.408291 -0.264888 0.034659 -0.068151 -0.032059 0.045907 -0.056780 -0.065066 -0.583704 0.585340 -0.076067 0.072262 0.093119 0.363698 -0.014501 -0.117945 0.071043 -0.315652 0.048659 -0.125596 -0.202821 -0.050349 -0.249597 -0.180259 -0.212784 -0.351985 -0.356061 -0.138948 -0.333043 -0.240227 -0.607726 -0.040177 -0.103121 -0.478101 -0.339931 -0.163833 -0.013151 -0.049859 0.172740 -0.123109 0.267371 0.389587 0.171422 -0.474073 -0.180872 -0.079225 0.059683 -0.247350 -0.029685 -0.084180 0.332087 0.169532 0.301478 -0.060513 -0.187283 -0.187517 -0.488316 -0.134206 -0.252967 -0.210753 0.051963 0.097071 0.100349 -0.250658 -0.543312
0.544520 0.163687 0.613911 0.759745 0.017833 -0.168049 0.741662 1.000000 0.250856 -0.058518 0.251634 0.430201 0.415145 0.474803 -0.028097 0.040402 0.063717 0.111619 0.465489 0.394265 -0.406829 -0.330286 0.326738 0.287978 -0.209038 -0.225525 -0.228042 -0.334935 -0.122850 -0.207215 0.075423 0.206833 0.418222 0.558872 -0.188280 -0.172582 -0.042405 -0.346659 -0.042860 -0.197353 -0.015474 -0.062122 -0.414078 -0.289754 -0.271901 -0.218400 -0.326505 -0.280412 -0.419968 -0.411658 -0.590412 -0.579712 -0.470907 -0.189930 0.056133 0.207507 0.336004 0.166931 -0.370065 -0.732207 0.480346 -0.007619 0.020357 0.097720 0.035123 -0.317530 -0.453106 -0.098348 -0.082963 -0.061963 -0.382304 -0.379772 -0.063439 -0.425207 -0.216065 -0.538204 -0.624189 -0.705807 -0.108696 -0.530489 -0.122243 -0.431410 -0.218549 -0.033661 -0.619614 -0.567957 -0.180672 0.105080 -0.142849 0.034381 -0.159662 0.169961 0.311719 0.299955 -0.478273 0.108204 0.027076 0.060410 -0.142093 0.174019 -0.050573 0.363789 0.098213 0.197736 -0.036499 -0.101522 -0.106378 -0.360842 0.041494 -0.136724 -0.316041 0.214205 0.114227 0.075201 0.017715 -0.381407
-0.358119 -0.695697 0.295127 0.139295 0.634905 0.367511 0.376923 0.250856 1.000000 0.650812 0.116220 -0.020229 0.394931 0.082952 0.544673 0.381768 -0.187939 -0.058099 0.002727 -0.053414 0.404065 0.042072 0.009568 0.162091 0.054130 0.029284 -0.099060 -0.084471 0.111288 0.161510 0.036449 -0.055766 -0.399374 -0.293289 0.387279 0.539036 -0.446596 -0.024291 -0.230397 -0.261258 -0.237990 -0.327623 -0.443641 -0.436979 -0.244796 -0.022719 -0.518679 -0.504218 0.098877 -0.360681 0.099180 -0.051015 0.001745 -0.178400 -0.291687 -0.397670 -0.497927 -0.551194 0.112560 -0.097041 0.290534 -0.152712 0.238603 -0.173774 0.665861 0.353619 0.035883 0.408669 -0.204386 -0.022539 0.360285 0.436817 0.000790 0.002328 -0.298719 0.089842 -0.199011 0.147413 -0.566401 0.023846 -0.385209 -0.448635 0.082644 0.068664 -0.444386 -0.172248 -0.329968 0.155958 0.088908 0.108434 0.348840 0.451640 0.575124 0.425942 0.051750 0.062572 -0.300337 -0.002966 -0.242658 0.030790 0.307646 0.510130 0.516787 0.421115 0.214453 -0.148783 -0.265958 -0.256467 0.066563 -0.072110 0.139234 -0.005932 -0.000681 0.192519 -0.058215 -0.308735
-0.562539 -0.656352 0.035180 0.041094 0.520810 0.584885 0.120632 -0.058518 0.650812 1.000000 0.070780 -0.060482 0.088502 -0.062403 0.205803 0.284446 -0.120564 -0.299881 -0.216549 -0.306728 0.245314 -0.024051 -0.366729 0.007306 0.216115 0.200500 -0.276077 -0.218081 -0.021066 -0.091486 -0.212621 -0.319325 -0.651961 -0.457306 0.502227 0.554516 -0.333046 -0.148657 -0.208513 -0.117244 -0.149392 -0.288633 -0.312808 -0.422850 -0.116334 0.021787 -0.376917 -0.361365 0.194534 -0.216072 0.251961 0.121678 0.084767 0.020484 -0.207421 -0.277073 -0.431705 -0.558742 0.377327 0.231741 0.329962 -0.063084 0.282317 -0.297413 0.502879 0.526326 0.197189 0.537472 -0.211476 -0.145465 0.382119 0.427820 -0.083025 -0.079796 -0.360643 0.160673 -0.075900 0.263450 -0.368582 -0.041703 -0.197257 -0.328719 -0.159705 0.046537 -0.162702 0.096326 -0.475133 -0.086282 0.048432 0.120845 0.415974 0.375474 0.408332 0.250906 0.257879 0.073850 -0.085609 0.101918 -0.128762 0.074886 0.221774 0.304515 0.514170 0.304030 0.420370 0.121438 -0.134511 -0.128283 0.134036 0.118597 0.316981 -0.005065 -0.259110 0.094460 -0.061377 -0.220050
0.462806 0.031576 0.002821 -0.075779 -0.216150 -0.503602 0.360470 0.251634 0.116220 0.070780 1.000000 0.781112 0.823041 0.833878 0.460578 0.509276 0.304460 0.335147 0.166132 0.329478 -0.007269 -0.126705 -0.097750 -0.515974 -0.475646 -0.479016 -0.543964 -0.273110 0.575016 0.360671 0.237568 0.217605 0.326610 0.461766 -0.340629 -0.037830 0.120480 0.080060 -0.313076 -0.153299 0.177656 -0.162087 -0.295117 -0.240854 -0.053944 -0.051731 -0.286650 -0.307229 0.142666 -0.103573 -0.415392 -0.103931 -0.196623 0.007128 -0.213729 -0.169552 0.116729 0.119710 0.254277 -0.214709 0.519599 0.516067 0.354281 0.571891 0.173796 0.076178 -0.369556 -0.357704 -0.408132 -0.146922 -0.108543 -0.138190 0.466452 0.090808 0.180752 0.118089 0.092942 -0.245415 0.197082 0.141280 0.220777 -0.144294 0.170938 0.259433 -0.032380 -0.190407 0.025949 -0.020153 -0.353072 -0.289750 -0.220686 -0.148614 -0.066539 -0.267786 -0.322312 -0.485446 -0.167766 0.062489 -0.035981 -0.111074 0.073314 0.118335 0.029264 -0.005031 -0.271398 -0.385310 -0.025118 -0.411211 -0.160257 -0.089605 -0.287671 -0.117728 -0.125608 -0.084214 -0.456834 -0.442304
0.551625 0.124738 -0.086967 0.010836 -0.385101 -0.424056 0.385065 0.430201 -0.020229 -0.060482 0.781112 1.000000 0.739529 0.936154 0.383959 0.609525 0.403629 0.422918 0.138640 0.142846 -0.137638 -0.069806 -0.133164 -0.416429 -0.301386 -0.324787 -0.422922 -0.124900 0.508995 0.398313 0.293173 0.359511 0.502883 0.541150 -0.477543 -0.239754 0.244668 0.118561 -0.183427 -0.078331 0.283956 0.105632 -0.164466 -0.061782 -0.040062 -0.111008 -0.164434 -0.157816 0.113323 -0.006445 -0.350211 -0.105523 -0.304239 -0.121840 -0.079369 0.061598 0.437449 0.274350 0.158120 -0.399153 0.425559 0.572149 -0.033519 0.479820 0.032311 0.098084 -0.447269 -0.492725 -0.370934 -0.345606 -0.274162 -0.237765 0.547127 0.178478 0.386032 0.099412 -0.057012 -0.466573 0.359204 0.025486 0.242990 -0.101015 -0.247267 0.183909 -0.069616 -0.057361 0.124501 0.091457 -0.305123 -0.261428 -0.476394 -0.386828 -0.182092 -0.380394 -0.208099 -0.227413 0.059034 0.080352 -0.078127 -0.095977 0.038342 -0.084822 -0.013528 -0.266355 -0.229623 -0.482474 0.095573 -0.388368 -0.085752 -0.165597 -0.523060 -0.267995 -0.249992 -0.231354 -0.411781 -0.401471
0.415298 -0.177110 0.093814 -0.066259 -0.171879 -0.297304 0.492178 0.415145 0.394931 0.088502 0.823041 0.739529 1.000000 0.823173 0.664359 0.676653 0.140490 0.360334 0.020452 0.068874 0.103563 -0.002972 0.025766 -0.215192 -0.150230 -0.185035 -0.390762 -0.016862 0.517485 0.498841 0.502032 0.491705 0.335954 0.378143 -0.118371 0.159789 0.156793 0.255917 -0.180921 -0.228368 0.249192 -0.024025 -0.340533 -0.221672 -0.220210 -0.149383 -0.390976 -0.394765 0.141689 -0.228895 -0.292288 -0.190751 -0.334222 -0.271041 -0.099214 -0.153179 0.038379 0.070265 0.254171 -0.315456 0.588899 0.328288 0.046493 0.408144 0.366536 0.237014 -0.323378 -0.220072 -0.568038 -0.299223 -0.013838 0.122812 0.488984 0.221868 0.268644 0.157227 -0.063295 -0.263587 0.048546 0.153738 -0.056749 -0.321520 0.031912 0.123490 -0.122432 -0.099328 0.020515 0.093018 -0.093361 -0.206146 -0.347866 -0.193737 0.036296 -0.203464 -0.209778 -0.362971 -0.126374 0.059568 -0.225244 -0.226656 0.003162 0.117309 0.101894 -0.081991 -0.287199 -0.545212 0.060680 -0.484991 -0.267061 -0.143826 -0.215496 -0.217558 -0.146519 -0.061749 -0.480115 -0.455832
0.566906 0.051845 0.020163 -0.049559 -0.288227 -0.448011 0.494610 0.474803 0.082952 -0.062403 0.833878 0.936154 0.823173 1.000000 0.425125 0.558242 0.310421 0.364108 0.160050 0.186318 -0.071540 -0.052553 -0.090493 -0.413010 -0.316985 -0.333572 -0.383239 -0.121016 0.483372 0.325638 0.301183 0.372687 0.492521 0.566620 -0.389812 -0.146220 0.145041 0.037062 -0.290606 -0.085332 0.217039 -0.012774 -0.243676 -0.133143 -0.095641 -0.118716 -0.233601 -0.253633 0.063601 -0.102465 -0.281123 -0.153120 -0.320362 -0.138586 -0.208785 -0.066120 0.372387 0.239062 0.078948 -0.495314 0.504539 0.487167 0.075226 0.446889 0.203897 0.118294 -0.434501 -0.410851 -0.378668 -0.286765 -0.211955 -0.225133 0.470373 0.100214 0.283403 0.041872 -0.088426 -0.454210 0.299214 -0.031495 0.149584 -0.215955 -0.130512 0.179732 -0.050701 -0.047883 0.027048 0.046090 -0.273095 -0.314588 -0.359402 -0.205762 -0.043021 -0.235103 -0.353293 -0.420565 -0.000129 0.006952 -0.083394 -0.119046 0.140786 0.082484 0.028698 -0.090058 -0.238505 -0.499203 0.046355 -0.431275 -0.199059 -0.168400 -0.425837 -0.251902 -0.183180 -0.047267 -0.391543 -0.489060
0.001303 -0.485542 -0.120108 -0.302492 0.107366 -0.017864 0.200358 -0.028097 0.544673 0.205803 0.460578 0.383959 0.664359 0.425125 1.000000 0.797427 -0.044214 0.090028 -0.136326 -0.140096 0.639297 0.347866 0.002291 -0.215183 0.003785 -0.074288 0.002458 0.290176 0.639101 0.620326 0.516477 0.334370 0.064038 -0.035462 0.056382 0.344522 0.114758 0.494573 -0.077025 0.008486 0.186138 0.011142 -0.332151 -0.197145 -0.316410 -0.179627 -0.378778 -0.415256 0.293009 -0.251008 0.083231 0.054915 0.059854 -0.202267 -0.098368 -0.260055 -0.323636 -0.255999 0.340593 0.008023 0.285776 0.280778 0.068437 0.373180 0.525085 0.395517 -0.016204 -0.060230 -0.359443 -0.162588 0.251642 0.376192 0.546395 0.401152 0.329569 0.441438 0.163358 0.090730 -0.089133 0.428707 -0.191739 -0.196077 0.176119 0.175314 0.077685 0.072073 0.307159 0.302729 0.220156 0.111605 -0.255378 -0.217934 -0.010983 -0.271088 0.230290 -0.082623 -0.141378 0.168277 -0.433895 -0.354350 0.045652 -0.032673 0.168925 -0.097823 -0.142704 -0.424220 -0.134218 -0.269724 -0.010930 -0.087754 -0.114659 -0.400488 -0.269606 -0.103572 -0.368461 -0.276517
0.117023 -0.403732 -0.323391 -0.259773 -0.138211 0.030670 0.129779 0.040402 0.381768 0.284446 0.509276 0.609525 0.676653 0.558242 0.797427 1.000000 0.124540 0.185569 -0.213747 -0.237737 0.425867 0.336452 -0.197393 -0.248279 0.150371 0.065474 -0.193157 0.284608 0.650263 0.683967 0.497113 0.384010 0.174625 0.027691 0.034816 0.254587 0.305314 0.561320 -0.002366 -0.018064 0.360397 0.298534 -0.147145 -0.013003 -0.186302 -0.132334 -0.205898 -0.269624 0.281269 -0.097488 -0.045738 0.024744 -0.215510 -0.272217 0.052383 -0.005426 -0.006598 -0.112608 0.384681 -0.102980 0.345046 0.349526 -0.137134 0.314720 0.319246 0.414218 -0.171585 -0.212781 -0.399143 -0.480737 0.132606 0.346605 0.697246 0.488359 0.457428 0.464416 0.024830 -0.102130 0.226482 0.418725 0.014195 -0.114004 -0.170070 0.139993 0.032853 0.154493 0.303446 0.343127 0.114644 0.088824 -0.450129 -0.404786 -0.126417 -0.408900 0.326676 0.001915 0.132042 0.252102 -0.270597 -0.157249 -0.080724 -0.171819 0.139842 -0.302191 -0.133873 -0.539131 0.145104 -0.297705 0.024565 0.006384 -0.153909 -0.393444 -0.245925 -0.167035 -0.427393 -0.294028
0.242201 0.177735 -0.069937 -0.024191 -0.220039 -0.295339 -0.090490 0.063717 -0.187939 -0.120564 0.304460 0.403629 0.140490 0.310421 -0.044214 0.124540 1.000000 0.724880 0.114220 0.141345 -0.115357 -0.062532 0.034377 -0.054777 -0.224390 -0.138434 -0.317515 -0.226271 0.530106 0.389037 0.182665 0.226373 0.124511 0.033619 -0.577423 -0.587729 0.170775 0.081408 -0.235149 -0.267857 0.090124 0.265839 0.120713 0.168018 0.259738 0.092019 0.093657 0.343659 -0.008398 0.299573 -0.245189 0.057102 -0.233133 0.054073 -0.175659 0.070002 0.587880 0.276850 -0.281649 -0.296794 -0.255221 -0.023958 0.199130 0.116150 -0.405379 -0.473727 -0.405789 -0.507355 -0.206548 -0.065899 0.214720 0.033670 0.541622 0.295640 0.425068 0.313716 0.213429 -0.108562 0.485497 0.215475 0.753157 0.459560 0.094937 0.324224 0.047932 -0.065502 0.101824 0.192071 -0.335595 -0.312925 -0.202947 -0.128170 -0.379015 -0.246084 -0.093528 -0.110500 -0.257495 -0.016455 0.234412 0.177531 -0.154675 -0.079894 -0.314953 -0.337042 -0.451580 -0.413614 0.189893 -0.103822 -0.013280 0.010579 -0.461368 0.045640 0.047979 -0.342120 -0.312478 -0.054259
0.184533 0.158880 -0.105536 -0.094648 -0.179594 -0.429599 -0.116083 0.111619 -0.058099 -0.299881 0.335147 0.422918 0.360334 0.364108 0.090028 0.185569 0.724880 1.000000 0.076426 0.056201 -0.243488 -0.305121 0.122243 -0.162412 -0.303443 -0.251198 -0.319083 -0.242339 0.436000 0.543725 0.181304 0.242813 0.162354 0.125097 -0.621516 -0.421884 0.044952 0.271756 -0.297551 -0.397719 0.024308 0.303615 0.319381 0.399924 0.493436 0.379317 0.104341 0.423614 0.241334 0.475649 -0.228685 0.226863 -0.282645 -0.046858 -0.258629 -0.154716 0.351784 0.276902 -0.166784 -0.232108 -0.343297 -0.027609 -0.024482 0.036141 -0.283598 -0.336389 -0.366839 -0.446409 -0.234209 -0.086737 0.141841 0.060128 0.428807 0.432470 0.392077 0.229746 0.292365 -0.028926 0.320869 0.364637 0.578066 0.493957 0.154188 0.467012 -0.094796 -0.134763 -0.034794 -0.003332 -0.475401 -0.572388 -0.141040 -0.186251 -0.352931 -0.210613 -0.011482 -0.056990 -0.427704 -0.278230 0.293941 0.109243 0.000432 -0.126803 -0.235986 -0.398148 -0.468103 -0.445048 0.273790 -0.065492 -0.050375 -0.066161 -0.527235 0.049656 0.164515 -0.360929 -0.153117 0.055350
0.476302 0.362284 0.560303 0.560398 0.104536 -0.316568 0.343829 0.465489 0.002727 -0.216549 0.166132 0.138640 0.020452 0.160050 -0.136326 -0.213747 0.114220 0.076426 1.000000 0.800703 -0.291511 -0.297648 0.541355 -0.019548 -0.460028 -0.447109 -0.063049 -0.362358 -0.058480 -0.233446 -0.021931 0.046457 0.415556 0.566586 -0.194278 -0.328043 -0.286252 -0.545632 -0.253213 -0.386531 -0.112000 -0.115265 -0.319810 -0.234200 -0.086708 -0.124705 -0.326186 -0.277181 -0.482646 -0.208451 -0.585923 -0.413260 -0.217751 0.089015 -0.265712 -0.201085 0.166374 0.097843 -0.172816 -0.367667 0.102110 -0.008704 0.310070 0.159966 0.073221 -0.486129 -0.226131 -0.279222 0.452195 0.390014 -0.455859 -0.454374 -0.273269 -0.486804 -0.247259 -0.443143 -0.417590 -0.458308 -0.158887 -0.381097 -0.065408 -0.076194 0.238226 0.208309 -0.443905 -0.579412 -0.065091 0.055357 -0.429478 -0.119868 -0.040345 0.204117 0.012212 0.255220 -0.554332 0.013730 -0.451262 -0.365068 -0.319497 -0.124044 0.049209 0.281613 -0.139838 0.286103 0.047005 0.370626 -0.206105 0.328224 0.182658 -0.468183 -0.546209 0.013678 0.139930 -0.181498 0.255733 0.195961
0.590248 0.464940 0.491789 0.462323 -0.020453 -0.569546 0.405718 0.394265 -0.053414 -0.306728 0.329478 0.142846 0.068874 0.186318 -0.140096 -0.237737 0.141345 0.056201 0.800703 1.000000 -0.298627 -0.288849 0.422720 -0.103705 -0.704415 -0.674797 -0.193615 -0.399100 -0.006432 -0.167578 -0.108076 -0.084678 0.417839 0.549920 -0.330442 -0.325189 -0.153961 -0.416980 -0.141271 -0.231418 -0.218707 -0.245224 -0.315325 -0.245807 -0.058443 -0.064465 -0.191333 -0.204348 -0.393712 -0.203988 -0.689590 -0.364209 -0.129053 0.175635 -0.147782 -0.067124 0.198496 0.216680 -0.211994 -0.369902 0.106799 0.043552 0.437565 0.349709 -0.161422 -0.558975 -0.297713 -0.291158 0.310565 0.472900 -0.373368 -0.570159 -0.134031 -0.390712 -0.221717 -0.371651 -0.188464 -0.345607 -0.050292 -0.241684 0.106504 -0.086196 0.342143 0.042279 -0.482315 -0.710191 0.087234 -0.034426 -0.426036 -0.062375 -0.003043 0.193339 0.088097 0.156799 -0.605793 -0.118689 -0.301715 -0.117085 0.014592 0.053913 -0.058699 0.259006 -0.180624 0.297756 -0.182216 0.085395 -0.218102 -0.006177 0.101998 -0.235408 -0.417366 0.219280 0.350242 -0.082976 0.066498 -0.167126
-0.385038 -0.682301 -0.172628 -0.451988 0.336549 0.347169 -0.065079 -0.406829 0.404065 0.245314 -0.007269 -0.137638 0.103563 -0.071540 0.639297 0.425867 -0.115357 -0.243488 -0.291511 -0.298627 1.000000 0.771475 -0.093644 -0.009525 0.258575 0.205115 0.347563 0.472266 0.480651 0.423201 0.360133 0.210312 -0.263535 -0.437447 0.259059 0.237972 0.140432 0.399354 0.051081 0.195334 0.235749 0.014840 -0.203786 -0.234065 -0.366733 -0.296164 -0.151354 -0.377381 0.134589 -0.189624 0.466574 0.129363 0.468734 0.130291 0.016612 -0.154333 -0.419054 -0.519268 0.077963 0.211062 -0.029989 0.093442 0.105884 0.115021 0.496909 0.285381 0.262939 -0.002946 -0.119452 -0.091548 0.505406 0.633031 0.381476 0.426219 0.275692 0.595428 0.264393 0.458865 -0.027103 0.483957 -0.153908 -0.104303 0.314109 0.108060 0.367949 0.408794 0.359442 0.530700 0.502115 0.433459 -0.005727 0.000227 0.090950 -0.172756 0.259278 -0.203525 -0.008427 0.265543 -0.333981 -0.165526 0.060265 -0.016659 0.146318 0.035057 0.014790 -0.224688 -0.206219 -0.063104 -0.133347 -0.087285 0.250963 -0.275303 -0.153675 0.168275 -0.311664 -0.054416
-0.098236 -0.310387 -0.255625 -0.402529 -0.034403 0.330984 -0.106833 -0.330286 0.042072 -0.024051 -0.126705 -0.069806 -0.002972 -0.052553 0.347866 0.336452 -0.062532 -0.305121 -0.297648 -0.288849 0.771475 1.000000 -0.087213 0.148716 0.465943 0.438543 0.506378 0.711844 0.374873 0.363529 0.497618 0.476591 0.104053 -0.164218 0.193835 0.002916 0.412760 0.348080 0.393910 0.240479 0.453166 0.193520 -0.074961 -0.075652 -0.450366 -0.500086 0.045342 -0.213068 -0.088856 -0.170550 0.356956 -0.033148 0.296399 -0.036857 0.317373 0.220226 -0.023542 -0.173257 -0.025417 0.098181 -0.045898 0.100506 -0.181834 0.159814 0.222853 0.164120 0.169636 -0.199939 0.031244 -0.148333 0.266576 0.486981 0.415063 0.368962 0.471516 0.517534 0.039615 0.179638 0.251078 0.383830 -0.091193 -0.039723 0.013365 -0.206563 0.404103 0.485399 0.584330 0.554313 0.596964 0.441578 -0.373927 -0.357025 -0.177908 -0.393183 0.207926 -0.153997 0.331850 0.321306 -0.327523 -0.232452 -0.255438 -0.285831 -0.116653 -0.239860 -0.160957 -0.285194 0.029440 -0.020801 -0.221201 -0.070346 0.191741 -0.365794 -0.135546 0.114302 -0.325138 0.011728
0.309259 0.218551 0.699005 0.462386 0.035498 -0.031590 0.321242 0.326738 0.009568 -0.366729 -0.097750 -0.133164 0.025766 -0.090493 0.002291 -0.197393 0.034377 0.122243 0.541355 0.422720 -0.093644 -0.087213 1.000000 0.525438 0.044495 0.028377 0.197128 0.129074 -0.091243 -0.058941 0.361700 0.359246 0.383230 0.319699 0.022025 -0.150728 -0.060926 -0.198434 -0.055492 -0.416448 -0.173134 0.005025 -0.265733 -0.098884 -0.320659 -0.293611 -0.332095 -0.183004 -0.546680 -0.283772 -0.378485 -0.488141 -0.350960 -0.161866 -0.041250 -0.061396 0.023603 0.136592 -0.237209 -0.312719 -0.017194 -0.305395 -0.120875 0.072587 0.044682 -0.398670 -0.043071 -0.096271 0.135165 0.411469 -0.096195 -0.118803 -0.145327 -0.212320 -0.063219 -0.211818 -0.292194 -0.170985 -0.187902 -0.143972 -0.249827 -0.142781 0.161359 -0.148778 -0.219695 -0.398484 0.035217 0.024693 -0.085083 -0.088880 -0.283371 0.088569 -0.009051 0.186738 -0.320001 0.102818 -0.321390 -0.122942 -0.438866 -0.251178 -0.358876 0.080967 -0.426134 0.063090 -0.279341 0.122904 -0.061926 0.181652 0.056262 -0.225463 -0.208958 -0.008807 0.115304 -0.230015 -0.042388 0.182824
-0.063853 -0.019362 0.480325 0.477180 0.127383 0.468867 0.162436 0.287978 0.162091 0.007306 -0.515974 -0.416429 -0.215192 -0.413010 -0.215183 -0.248279 -0.054777 -0.162412 -0.019548 -0.103705 -0.009525 0.148716 0.525438 1.000000 0.496004 0.533879 0.377962 0.357416 -0.379906 -0.246072 0.218494 0.273549 -0.049968 -0.146986 0.285442 0.066884 0.004842 -0.124899 0.416620 -0.030897 -0.105402 0.031383 -0.286141 -0.246169 -0.420038 -0.408104 -0.233502 -0.128553 -0.514155 -0.409624 -0.048737 -0.451198 -0.191582 -0.247869 0.370617 0.251735 0.086866 0.107016 -0.373548 -0.160670 -0.079166 -0.536359 -0.298153 -0.358855 -0.116735 -0.242312 -0.006180 0.211338 0.021468 0.177504 0.249612 0.214836 -0.233328 -0.193726 -0.165798 -0.174018 -0.424699 -0.060242 -0.273829 -0.261833 -0.296932 -0.289027 -0.173662 -0.400773 -0.151163 -0.122106 -0.016917 0.228221 0.472295 0.312968 -0.051021 0.179386 0.263093 0.336127 0.054025 0.237949 0.097537 0.238362 -0.206201 0.029391 -0.338994 0.129432 -0.184181 0.021649 -0.114113 -0.015863 0.120516 -0.031324 -0.126336 0.041633 0.271721 0.204616 0.056990 0.041357 0.016525 -0.005640
-0.343255 -0.324869 -0.106194 -0.163190 -0.083258 0.699623 -0.230736 -0.209038 0.054130 0.216115 -0.475646 -0.301386 -0.150230 -0.316985 0.003785 0.150371 -0.224390 -0.303443 -0.460028 -0.704415 0.258575 0.465943 0.044495 0.496004 1.000000 0.967448 0.325609 0.624935 -0.118883 -0.003784 0.405791 0.392741 -0.114042 -0.306504 0.681401 0.384350 0.230130 0.186681 0.298400 -0.019949 0.288633 0.281923 0.102435 0.091454 -0.342557 -0.343355 0.047072 -0.014732 -0.179158 -0.159895 0.390076 -0.193299 -0.213695 -0.457255 0.305500 0.241508 -0.112565 -0.137313 0.156996 0.194636 0.095908 -0.212751 -0.494646 -0.257255 0.176916 0.368204 0.340789 0.316821 -0.065710 -0.296742 0.191998 0.545073 0.047123 0.139260 0.194320 0.225200 -0.255859 0.075631 0.012200 0.003185 -0.360452 -0.148158 -0.454065 -0.472048 0.306094 0.500249 -0.002854 0.130577 0.495448 0.151758 -0.298751 -0.204048 -0.046524 -0.014869 0.369569 0.184832 0.400157 0.154246 -0.382428 -0.252317 -0.250861 -0.186313 -0.045317 -0.210027 0.104598 -0.007611 0.337440 0.151408 -0.048059 0.205951 0.504589 -0.342565 -0.318960 0.039865 -0.125812 0.233912
-0.357684 -0.236271 -0.104572 -0.157999 -0.110301 0.652312 -0.302393 -0.225525 0.029284 0.200500 -0.479016 -0.324787 -0.185035 -0.333572 -0.074288 0.065474 -0.138434 -0.251198 -0.447109 -0.674797 0.205115 0.438543 0.028377 0.533879 0.967448 1.000000 0.302255 0.603325 -0.119339 -0.031027 0.371045 0.401087 -0.138540 -0.309489 0.624205 0.331473 0.137866 0.096365 0.278805 -0.040579 0.241381 0.182743 0.098741 0.056574 -0.317291 -0.352613 0.026087 0.012297 -0.215283 -0.147197 0.397659 -0.189424 -0.197352 -0.475160 0.233792 0.184582 -0.046009 -0.059616 0.122550 0.229306 0.058282 -0.185929 -0.420703 -0.264342 0.112778 0.317941 0.285232 0.294846 -0.002006 -0.212703 0.225947 0.556535 0.026308 0.090489 0.175786 0.214264 -0.250744 0.082371 -0.026533 -0.034213 -0.331489 -0.124322 -0.480666 -0.471249 0.285117 0.471131 -0.041978 0.112273 0.453634 0.045005 -0.225113 -0.174804 -0.032847 0.039067 0.304947 0.154452 0.345517 0.094696 -0.312084 -0.230663 -0.180399 -0.108569 -0.028337 -0.176984 0.093120 -0.028142 0.355359 0.141660 -0.047227 0.243393 0.492214 -0.355004 -0.328156 0.079379 -0.066574 0.201098
-0.193753 0.015989 -0.081975 -0.139238 0.257508 0.401014 -0.229747 -0.228042 -0.099060 -0.276077 -0.543964 -0.422922 -0.390762 -0.383239 0.002458 -0.193157 -0.317515 -0.319083 -0.063049 -0.193615 0.347563 0.506378 0.197128 0.377962 0.325609 0.302255 1.000000 0.695440 -0.257058 -0.219437 0.025794 0.063512 -0.000604 -0.117603 0.126632 0.067414 -0.014794 0.074052 0.450575 0.476001 -0.091040 0.095954 -0.179157 -0.109430 -0.286683 -0.310698 -0.117708 -0.118110 -0.176928 -0.237910 0.383044 -0.047112 0.268268 -0.062382 0.214399 0.008631 -0.076661 0.045677 -0.230167 0.181426 -0.469785 -0.238475 -0.296171 -0.234423 0.026112 0.015560 0.331851 0.092257 0.395079 0.340171 0.199222 0.055443 -0.267395 -0.079872 -0.061510 -0.032775 -0.094640 0.101318 -0.075993 0.011377 -0.212093 0.045544 0.066613 -0.257995 0.374145 0.282535 0.365801 0.309986 0.505001 0.308681 -0.012338 -0.067045 -0.039250 0.085558 0.225545 0.014466 0.084099 0.010877 -0.319613 -0.302053 0.010348 -0.228083 -0.332542 -0.074784 -0.057592 0.146701 0.051485 0.377987 -0.288255 -0.341545 0.138455 -0.170624 -0.133473 -0.015711 0.199038 0.327842
-0.066173 -0.069893 -0.284678 -0.379214 -0.214879 0.351533 -0.248311 -0.334935 -0.084471 -0.218081 -0.273110 -0.124900 -0.016862 -0.121016 0.290176 0.284608 -0.226271 -0.242339 -0.362358 -0.399100 0.472266 0.711844 0.129074 0.357416 0.624935 0.603325 0.695440 1.000000 0.080962 0.224198 0.495633 0.484394 0.175574 -0.112550 0.294202 0.261776 0.306042 0.417579 0.528472 0.352328 0.235952 0.227553 -0.059848 0.016255 -0.399620 -0.439944 -0.024259 -0.128286 -0.107888 -0.207284 0.344086 -0.109419 0.045854 -0.364792 0.381611 0.162820 0.009626 0.163899 0.096219 0.198460 -0.147337 0.006403 -0.541871 0.021185 0.052412 0.305031 0.208037 -0.046991 0.023151 -0.038256 0.222964 0.323758 0.206488 0.326547 0.383700 0.333882 -0.056652 0.129337 0.092838 0.238732 -0.301467 -0.097629 -0.196508 -0.463395 0.477050 0.491798 0.522957 0.352575 0.628288 0.243384 -0.427301 -0.441464 -0.153191 -0.256210 0.336250 -0.059930 0.358530 0.232153 -0.354630 -0.419228 -0.210098 -0.387662 -0.328056 -0.344327 -0.234801 -0.293001 0.278938 0.082930 -0.313323 -0.089096 0.286650 -0.410765 -0.266889 -0.030003 -0.233424 0.110524
0.146279 -0.238028 -0.306268 -0.340492 -0.212987 -0.268225 -0.071306 -0.122850 0.111288 -0.021066 0.575016 0.508995 0.517485 0.483372 0.639101 0.650263 0.530106 0.436000 -0.058480 -0.006432 0.480651 0.374873 -0.091243 -0.379906 -0.118883 -0.119339 -0.257058 0.080962 1.000000 0.808469 0.533175 0.467095 0.261662 0.088301 -0.327283 -0.235670 0.370085 0.508472 -0.216832 -0.156962 0.434025 0.231915 0.018054 0.085776 -0.078707 -0.125693 0.044019 -0.028918 0.116263 0.087866 -0.119319 0.035565 -0.006862 0.084990 -0.121317 -0.005940 0.110369 -0.136823 0.061385 -0.135103 0.098356 0.384770 0.278355 0.580368 0.136573 -0.059975 -0.306849 -0.566423 -0.237026 -0.336023 0.168733 0.364339 0.901769 0.560264 0.691795 0.542481 0.345862 0.030082 0.454935 0.631598 0.432788 0.323780 0.207388 0.418849 0.175835 0.146718 0.423894 0.359935 -0.104416 -0.072950 -0.422925 -0.393997 -0.390206 -0.525559 0.065315 -0.143117 -0.145862 0.119492 -0.093780 -0.047939 -0.113387 -0.139263 0.031787 -0.256395 -0.283345 -0.491686 0.029348 -0.186714 0.057141 0.027324 -0.355791 -0.331774 -0.059547 -0.049434 -0.370612 -0.116667
0.055418 -0.280958 -0.356349 -0.424098 -0.243249 -0.183679 -0.101027 -0.207215 0.161510 -0.091486 0.360671 0.398313 0.498841 0.325638 0.620326 0.683967 0.389037 0.543725 -0.233446 -0.167578 0.423201 0.363529 -0.058941 -0.246072 -0.003784 -0.031027 -0.219437 0.224198 0.808469 1.000000 0.544959 0.476311 0.198704 -0.098049 -0.261407 -0.146597 0.383220 0.736660 -0.058979 -0.248615 0.392521 0.400065 0.275489 0.358920 0.138412 0.112607 0.161378 0.158127 0.376732 0.355210 0.012245 0.286783 -0.028361 -0.013676 0.013756 0.012031 0.010789 -0.124802 0.157895 -0.058086 -0.079841 0.170143 -0.147145 0.306322 0.106259 0.096663 -0.201229 -0.475995 -0.389805 -0.408322 0.219665 0.483647 0.824518 0.828742 0.773726 0.668102 0.380920 0.234232 0.338576 0.772855 0.295552 0.316652 0.169617 0.342227 0.052787 0.247930 0.443414 0.313412 -0.002028 -0.041433 -0.448605 -0.490455 -0.427159 -0.607228 0.273260 0.025695 -0.103683 0.058691 0.031170 -0.035086 -0.245555 -0.321993 -0.006629 -0.464846 -0.385507 -0.596847 0.081358 -0.241173 0.024112 -0.004446 -0.300792 -0.239751 0.106091 -0.138704 -0.408021 -0.010732
0.349311 -0.073959 0.068245 -0.166004 -0.435383 -0.095607 0.150594 0.075423 0.036449 -0.212621 0.237568 0.293173 0.502032 0.301183 0.516477 0.497113 0.182665 0.181304 -0.021931 -0.108076 0.360133 0.497618 0.361700 0.218494 0.405791 0.371045 0.025794 0.495633 0.533175 0.544959 1.000000 0.926880 0.459083 0.278005 0.113047 0.011450 0.552100 0.373757 0.176770 -0.273782 0.601744 0.373752 -0.111755 0.002112 -0.457652 -0.498780 -0.134411 -0.185733 -0.240299 -0.281487 -0.160179 -0.371246 -0.250334 -0.362625 0.271495 0.132897 0.137336 0.168461 0.132443 -0.121260 0.267848 0.090646 -0.198294 0.405903 0.134288 -0.052128 -0.054889 -0.301390 -0.239887 -0.185205 0.077953 0.443870 0.593714 0.428844 0.679844 0.454948 -0.016958 -0.120476 0.296117 0.348085 -0.106199 -0.070303 -0.025203 -0.131517 0.167957 0.081722 0.390540 0.275432 0.309264 0.023142 -0.735706 -0.550733 -0.357015 -0.495778 0.025227 -0.132411 0.047881 0.133791 -0.539172 -0.522353 -0.491129 -0.332754 -0.300370 -0.469476 -0.448282 -0.491288 0.346993 -0.110890 -0.173817 -0.017977 -0.084495 -0.433735 -0.259477 -0.271886 -0.490694 -0.066044
0.431101 0.064563 0.071681 -0.074122 -0.508701 -0.120799 0.144787 0.206833 -0.055766 -0.319325 0.217605 0.359511 0.491705 0.372687 0.334370 0.384010 0.226373 0.242813 0.046457 -0.084678 0.210312 0.476591 0.359246 0.273549 0.392741 0.401087 0.063512 0.484394 0.467095 0.476311 0.926880 1.000000 0.568054 0.399954 -0.008805 -0.170309 0.523009 0.246839 0.219747 -0.266348 0.626165 0.336663 -0.087339 0.011791 -0.458719 -0.560421 -0.080665 -0.155997 -0.378347 -0.249050 -0.209246 -0.438949 -0.277876 -0.350035 0.290738 0.213027 0.330796 0.274823 -0.022772 -0.251406 0.261099 0.153464 -0.258910 0.386879 0.077896 -0.124792 -0.219891 -0.455310 -0.154196 -0.241819 -0.055111 0.337748 0.540559 0.324035 0.671981 0.275130 -0.142093 -0.254487 0.318657 0.211262 -0.085169 -0.069417 -0.139346 -0.141174 0.143529 0.122074 0.368386 0.297503 0.266642 -0.064577 -0.741970 -0.544624 -0.332807 -0.425711 -0.130551 -0.167795 0.099284 0.094390 -0.454033 -0.420714 -0.432129 -0.261915 -0.294017 -0.440589 -0.404006 -0.449331 0.327151 -0.069560 -0.267241 -0.108734 -0.182035 -0.403612 -0.209122 -0.173895 -0.373839 -0.036849
0.811382 0.515762 0.145759 0.195261 -0.620170 -0.504450 0.290777 0.418222 -0.399374 -0.651961 0.326610 0.502883 0.335954 0.492521 0.064038 0.174625 0.124511 0.162354 0.415556 0.417839 -0.263535 0.104053 0.383230 -0.049968 -0.114042 -0.138540 -0.000604 0.175574 0.261662 0.198704 0.459083 0.568054 1.000000 0.840209 -0.344027 -0.455462 0.392075 0.055083 0.102392 -0.135903 0.287105 0.302002 -0.040857 0.126126 -0.271800 -0.384877 0.069236 -0.031078 -0.417480 -0.147178 -0.541075 -0.507488 -0.468757 -0.206518 0.213675 0.373474 0.477270 0.440561 -0.097999 -0.463568 0.262659 0.271334 -0.173392 0.609422 -0.167903 -0.330541 -0.327886 -0.601361 0.155594 -0.070509 -0.633984 -0.430290 0.316738 -0.093185 0.440563 -0.246068 -0.338476 -0.705547 0.391333 -0.089362 0.066932 0.042685 -0.149556 -0.128583 -0.105268 -0.183386 0.461639 0.078811 -0.145882 -0.083509 -0.761802 -0.496882 -0.420088 -0.308664 -0.304031 0.018853 0.176604 -0.006643 -0.231063 -0.226201 -0.320130 -0.168408 -0.283931 -0.204255 -0.289596 -0.165947 0.156397 0.009925 0.025362 -0.176301 -0.523788 -0.307962 0.030306 -0.057475 -0.050762 0.017955
0.749998 0.559973 0.291375 0.338846 -0.451320 -0.561621 0.412166 0.558872 -0.293289 -0.457306 0.461766 0.541150 0.378143 0.566620 -0.035462 0.027691 0.033619 0.125097 0.566586 0.549920 -0.437447 -0.164218 0.319699 -0.146986 -0.306504 -0.309489 -0.117603 -0.112550 0.088301 -0.098049 0.278005 0.399954 0.840209 1.000000 -0.347086 -0.319076 0.154971 -0.292312 -0.029775 -0.201769 0.163281 0.027649 -0.228709 -0.135500 -0.263908 -0.363648 -0.156335 -0.194150 -0.462224 -0.322272 -0.626073 -0.547032 -0.371124 -0.133211 0.059287 0.122447 0.393237 0.458846 -0.016342 -0.362134 0.374915 0.360655 0.093013 0.571975 -0.093787 -0.322308 -0.274778 -0.410814 0.277709 0.142524 -0.639744 -0.533913 0.063777 -0.344371 0.132726 -0.404555 -0.356198 -0.724869 0.237049 -0.259089 0.005374 -0.081458 -0.171522 -0.081787 -0.251568 -0.421259 0.119821 -0.187784 -0.331680 -0.275388 -0.482510 -0.326513 -0.234254 -0.148924 -0.445059 -0.115608 0.002466 -0.148162 -0.260173 -0.300025 -0.101254 -0.052051 -0.194000 -0.058474 -0.182028 -0.035375 0.187741 0.026930 -0.016010 -0.228948 -0.520312 -0.232261 -0.118461 -0.123001 0.061786 -0.121981
-0.405252 -0.470595 0.145506 -0.081634 0.244801 0.625475 -0.003134 -0.188280 0.387279 0.502227 -0.340629 -0.477543 -0.118371 -0.389812 0.056382 0.034816 -0.577423 -0.621516 -0.194278 -0.330442 0.259059 0.193835 0.022025 0.285442 0.681401 0.624205 0.126632 0.294202 -0.327283 -0.261407 0.113047 -0.008805 -0.344027 -0.347086 1.000000 0.753318 -0.152690 -0.087208 0.026516 -0.120118 -0.021234 -0.075466 -0.154780 -0.211993 -0.349461 -0.183495 -0.202142 -0.340491 -0.126341 -0.362466 0.300845 -0.227963 -0.134112 -0.349553 0.034118 -0.107267 -0.546518 -0.431008 0.386457 0.299549 0.348091 -0.275009 -0.086122 -0.261460 0.495537 0.508306 0.537347 0.686739 -0.000936 -0.040758 0.118245 0.422437 -0.317757 -0.150245 -0.270452 0.050227 -0.296688 0.187528 -0.389100 -0.159994 -0.619318 -0.422103 -0.161191 -0.467306 0.028682 0.209283 -0.296473 -0.089281 0.320769 0.207896 0.105615 0.228788 0.310030 0.319204 0.133185 0.075565 0.154743 -0.006623 -0.426175 -0.282828 -0.010709 0.169474 0.218411 0.291935 0.359503 0.252063 0.060837 0.153358 0.033106 0.126592 0.675494 -0.202481 -0.225824 0.174258 -0.010924 0.128545
-0.442927 -0.455836 -0.014250 -0.165586 0.317217 0.461625 0.017080 -0.172582 0.539036 0.554516 -0.037830 -0.239754 0.159789 -0.146220 0.344522 0.254587 -0.587729 -0.421884 -0.328043 -0.325189 0.237972 0.002916 -0.150728 0.066884 0.384350 0.331473 0.067414 0.261776 -0.235670 -0.146597 0.011450 -0.170309 -0.455462 -0.319076 0.753318 1.000000 -0.251825 0.079812 0.060018 0.080888 -0.130670 -0.259477 -0.232738 -0.262892 -0.154605 0.048127 -0.350806 -0.356641 0.235881 -0.316613 0.287200 0.027863 -0.001580 -0.388576 -0.044450 -0.333676 -0.623396 -0.282155 0.520908 0.401433 0.307824 -0.071747 -0.073034 -0.242644 0.453482 0.679995 0.430113 0.737798 -0.165099 0.048514 0.302403 0.341526 -0.232119 0.001596 -0.340881 0.142014 -0.109540 0.293006 -0.482770 -0.029522 -0.588217 -0.492126 -0.120533 -0.348837 -0.020910 0.066180 -0.304205 -0.154789 0.258728 0.052967 0.260119 0.150078 0.418025 0.231977 0.274130 -0.038248 0.078051 0.037836 -0.269597 -0.302155 0.210066 0.091853 0.238911 0.176045 0.166889 -0.031503 0.097824 -0.148125 -0.036630 0.173818 0.650640 -0.117267 -0.274918 0.070107 -0.130038 -0.182512
