1.000000 -0.091171 -0.059197 -0.474005 -0.440651 -0.306325 -0.244452 -0.017027 -0.344759 -0.244648 0.290362 0.125208 0.223609 0.078272 -0.326120 -0.096038 0.500434 0.244701 -0.372565 -0.169604 -0.365890 -0.246782 -0.437535 -0.199576 -0.359625 -0.415551 -0.581802 -0.582783 0.065677 -0.004491 -0.437851 -0.238612 0.116669 0.052043 0.134482 0.264824 0.354610 0.018625 -0.177861 0.090924 0.140588 -0.140680 -0.078595 -0.184317 -0.232982 -0.121790 -0.387965 0.078186 -0.033145 -0.225062 -0.159888 -0.146287 0.039811 -0.045965 -0.235161 -0.191468 0.425523 -0.244799 0.326511 -0.361333 0.331670 0.401918 0.441086 0.438830 0.248253 0.482053 0.070162 0.149977 0.120961 -0.206395 0.017814 0.082803 0.012556 -0.078284 -0.039971 0.270934 0.210178 0.292976 0.192643 0.127367 0.174130 0.181450 -0.430675 -0.236323 0.057492 0.077054 -0.055613 -0.403323 0.160888 -0.143252 0.240128 0.013719 -0.085435 0.134317 0.010449 -0.074333 -0.100116 -0.098382 0.005950 0.279868 0.219050 0.204672 0.408375 0.293550 0.126981 0.073355 0.138998 0.295915 0.102259 0.157165 -0.097403 0.048862 -0.209004 -0.303370 -0.440967 -0.039511
-0.091171 1.000000 -0.295869 0.117954 -0.269372 -0.170374 -0.243565 0.041077 -0.398766 -0.339170 -0.159119 0.395293 -0.155904 -0.029454 -0.312852 -0.394544 0.004427 0.400439 0.038268 0.106324 0.035963 -0.125190 -0.213377 -0.190681 -0.343491 -0.340028 -0.175653 -0.253200 -0.324611 0.058057 -0.274475 -0.107404 0.302223 0.436945 0.186753 0.178254 0.068415 0.452144 0.232869 0.397170 -0.411223 0.300397 -0.475780 -0.181639 -0.134304 -0.210887 -0.224519 -0.234820 -0.204085 -0.318603 -0.139000 -0.565262 -0.106717 -0.574424 -0.011871 0.090141 0.015119 0.615391 -0.088718 0.057525 0.011167 0.259766 0.221392 0.560063 -0.054835 -0.056173 0.255924 0.040892 0.176228 0.566789 -0.279764 -0.456531 -0.105342 -0.162669 -0.176758 0.050174 0.178427 0.205968 0.417885 0.445072 0.450401 0.489119 -0.231663 -0.057405 0.249956 -0.020788 -0.125773 -0.093633 0.133035 -0.106200 -0.251425 -0.353853 0.028796 -0.312055 -0.021551 0.012506 0.059056 -0.030535 -0.072004 -0.301871 0.008577 -0.083045 0.094617 0.136271 0.308167 0.057099 -0.054123 0.036103 -0.229302 -0.071724 0.019149 -0.197879 -0.492358 -0.128210 -0.071649 -0.267642
-0.059197 -0.295869 1.000000 0.546945 -0.330864 -0.234033 0.679403 0.734387 -0.128190 -0.057673 0.033800 0.358177 0.196397 0.388267 -0.025599 -0.074279 -0.068862 -0.163476 0.322842 -0.065570 0.215244 0.436626 0.639118 0.776986 -0.528550 -0.252288 0.082700 0.070661 -0.044914 -0.079367 0.391287 0.622888 -0.091154 0.083779 -0.144868 -0.240083 -0.088261 -0.091624 0.163534 -0.161782 -0.167898 0.018411 -0.170511 0.062066 0.233242 0.213926 -0.146248 -0.420230 0.277156 0.205879 -0.134964 0.238292 -0.536318 -0.253673 0.011292 -0.017016 -0.217784 -0.424887 0.405628 0.361852 0.126344 -0.185205 -0.134851 -0.299109 -0.044274 -0.150170 0.211099 0.028398 -0.364323 -0.473358 0.425648 0.434983 -0.028298 0.179878 -0.056672 0.177572 0.059767 0.124975 -0.272104 -0.284173 -0.319749 -0.291087 0.097210 0.196852 -0.033601 -0.080735 -0.419693 0.247254 0.047579 0.018680 0.096608 -0.421771 -0.425080 -0.362329 0.023696 -0.234173 0.018234 -0.264916 -0.207083 -0.436581 -0.476840 -0.217468 -0.278643 -0.133661 -0.120637 -0.136172 0.114834 -0.010951 -0.238664 -0.358918 -0.311468 -0.291154 -0.174357 -0.388267 -0.107743 -0.059055
-0.474005 0.117954 0.546945 1.000000 -0.029568 0.090609 0.484441 0.574555 -0.105916 0.101648 -0.187232 0.376701 -0.073247 0.091633 0.147843 0.079967 -0.405936 -0.163764 0.612391 0.145606 0.290638 0.397916 0.612327 0.529883 -0.217742 0.073008 -0.020578 0.413954 -0.147358 0.039519 0.352078 0.550322 -0.053962 0.172898 -0.017642 -0.365941 -0.284186 0.007055 0.393685 0.131330 -0.348709 -0.020381 -0.307106 -0.158888 0.139265 -0.001598 -0.103339 -0.564731 0.026435 0.115888 -0.077490 0.058148 -0.342187 -0.282376 0.036255 0.050053 -0.489596 -0.090890 -0.137986 0.197473 -0.286193 -0.424864 -0.401343 -0.415906 -0.072464 -0.176164 0.141661 -0.059827 -0.395493 -0.245914 -0.028199 -0.159375 -0.120106 0.049778 -0.009318 -0.106878 -0.214919 -0.204862 -0.075209 -0.068310 -0.129860 -0.062476 0.440716 0.522616 0.275268 0.240335 -0.101051 0.617972 0.199159 0.088801 -0.415838 -0.264130 -0.065006 -0.135179 0.230772 0.078088 -0.170515 0.222824 -0.450687 -0.450897 -0.379850 -0.023321 -0.471108 -0.151801 -0.065508 0.099022 -0.204198 -0.102369 -0.226034 -0.096017 -0.414346 -0.580630 -0.126537 0.039848 0.325310 0.019255
-0.440651 -0.269372 -0.330864 -0.029568 1.000000 0.676564 0.123284 -0.199082 0.687765 0.501950 0.224905 -0.369239 0.016999 -0.019287 0.506480 0.488263 -0.167738 -0.249670 0.255175 0.116208 0.200770 -0.023300 -0.053103 -0.226157 0.870193 0.685760 0.601212 0.529436 0.264120 -0.112568 0.312852 -0.062292 -0.532593 -0.211944 -0.370636 -0.348521 -0.521092 -0.347671 -0.239370 -0.199645 -0.039013 -0.318902 0.219390 -0.082391 -0.109706 -0.139599 0.314781 0.130408 -0.279256 0.033379 -0.053029 0.057864 0.274223 0.495224 -0.142944 -0.112669 -0.099037 0.077554 -0.432467 -0.075559 0.017704 -0.164966 -0.363802 -0.372407 -0.225902 -0.102191 -0.425558 -0.327527 0.097059 0.142155 -0.150854 0.005281 -0.037830 -0.212428 -0.114847 -0.590426 -0.539626 -0.641905 -0.282812 -0.315980 -0.258156 -0.349760 0.419544 -0.010909 -0.406156 -0.279645 0.363943 0.004169 -0.291084 0.186490 -0.058609 0.598324 0.512939 0.545888 -0.008372 0.020083 -0.155690 0.297920 0.136628 0.186422 0.244657 0.315716 -0.043207 0.173795 -0.109841 0.197490 -0.019977 -0.112947 0.057380 0.061548 0.003482 0.165955 0.515422 0.522940 0.421024 0.161906
-0.306325 -0.170374 -0.234033 0.090609 0.676564 1.000000 0.110872 -0.112804 0.469305 0.751146 0.115674 -0.277096 -0.150983 -0.092737 0.447460 0.723140 -0.257766 -0.357850 0.122927 0.051665 0.016515 -0.098148 -0.222838 -0.197530 0.702868 0.692755 0.173639 0.498335 0.209973 -0.016419 0.124792 -0.099992 -0.510365 -0.245658 -0.185445 -0.336076 -0.309422 -0.214970 -0.233280 -0.368756 0.160411 -0.346404 0.046825 -0.221385 -0.336886 -0.417321 0.090810 0.010100 -0.293275 -0.191276 0.046850 -0.024294 0.429900 0.387080 -0.085805 -0.107462 -0.124673 -0.015310 -0.447791 -0.194182 -0.179469 -0.191534 -0.313810 -0.249652 -0.039047 -0.017179 -0.359129 -0.072552 -0.123073 0.302281 -0.161477 -0.072432 -0.042902 -0.112289 0.049324 -0.311576 -0.398238 -0.519162 -0.283171 -0.332739 -0.208814 -0.230631 0.419935 0.263658 0.017442 0.175225 0.677913 0.292196 0.145933 0.331976 -0.119394 0.631885 0.626073 0.655214 -0.073255 0.101368 -0.191041 0.130824 -0.180217 0.234019 0.416204 0.472751 0.038612 0.061579 -0.475238 0.076427 -0.339764 -0.285506 0.251589 -0.007778 -0.120495 0.020107 0.420387 0.454107 0.370755 -0.061056
-0.244452 -0.243565 0.679403 0.484441 0.123284 0.110872 1.000000 0.694537 0.340610 0.325627 0.204030 0.309992 0.395485 0.523367 0.374094 0.338560 -0.286782 -0.260179 0.450980 0.024406 0.403717 0.562525 0.282597 0.389783 -0.150521 -0.041239 0.289691 0.266513 0.229609 0.044987 0.596017 0.421488 -0.401147 0.038994 -0.470626 -0.358500 -0.420984 -0.272618 -0.135426 -0.263714 -0.300541 -0.136399 -0.112739 -0.142073 -0.048732 -0.098009 0.044958 -0.428268 -0.013759 0.030705 -0.005236 0.209288 -0.109180 0.057911 0.020951 -0.135401 -0.328621 -0.494163 0.055807 0.231053 0.304563 -0.019525 -0.155762 -0.332721 -0.217848 -0.110378 -0.077655 -0.283772 -0.447957 -0.336674 0.259896 0.397081 0.221834 0.079178 0.028455 0.090427 -0.222809 -0.202142 -0.575901 -0.529576 -0.475206 -0.474715 0.305649 0.209473 -0.312767 -0.350079 -0.068149 0.210345 -0.236025 0.069855 0.034209 0.038337 -0.014644 0.038810 -0.148671 -0.093614 -0.143068 -0.049428 -0.068585 -0.286982 -0.156221 0.146887 -0.137688 -0.038111 -0.092064 -0.011986 -0.009486 -0.101171 -0.021757 -0.232062 -0.344090 0.014103 0.183209 0.153544 0.197449 -0.175970
-0.017027 0.041077 0.734387 0.574555 -0.199082 -0.112804 0.694537 1.000000 -0.090303 0.083975 0.186695 0.655406 0.323548 0.616716 0.044070 0.051277 -0.273139 -0.203510 0.345305 -0.012866 0.168213 0.326995 0.372841 0.585878 -0.468626 -0.168822 -0.017754 0.095895 -0.155080 -0.269122 0.384059 0.570710 -0.168028 0.250832 -0.184894 -0.222524 -0.262066 0.019733 0.205435 0.020546 -0.474236 -0.088966 -0.435253 -0.266612 0.130093 0.137103 -0.345700 -0.657677 0.160191 0.099361 -0.110003 0.008390 -0.389376 -0.451329 0.029745 -0.083348 -0.356516 -0.403536 0.405585 0.467070 0.447482 0.203787 -0.009810 -0.135307 -0.028442 0.128297 0.397267 0.189145 -0.457164 -0.254078 0.222613 0.138043 -0.274124 -0.200039 -0.278022 -0.035806 -0.143940 -0.021911 -0.337959 -0.389787 -0.297446 -0.349217 0.154149 0.227150 0.049152 -0.158047 -0.459370 0.133224 0.065351 0.108286 -0.153427 -0.420844 -0.400857 -0.330107 -0.057061 -0.180082 -0.064470 -0.151679 -0.425415 -0.647370 -0.395042 -0.095202 -0.299873 -0.139380 0.040498 -0.039833 0.085962 0.086779 -0.231188 -0.374739 -0.405148 -0.549000 -0.420421 -0.266488 0.048999 -0.203849
-0.344759 -0.398766 -0.128190 -0.105916 0.687765 0.469305 0.340610 -0.090303 1.000000 0.639745 0.254666 -0.305289 0.317053 0.093048 0.676455 0.442660 -0.187727 -0.246032 0.058500 0.198681 0.326017 0.211784 0.015197 -0.074995 0.626804 0.481951 0.590712 0.325622 0.516096 0.032817 0.503359 -0.049224 -0.624336 -0.467068 -0.627964 -0.524766 -0.609214 -0.552042 -0.448365 -0.239754 0.075931 -0.104578 0.365786 -0.021368 -0.099125 -0.004253 0.365527 0.136220 -0.068403 0.127073 0.291412 0.456288 0.424183 0.636709 -0.144814 -0.212396 -0.291181 -0.214604 -0.378215 0.046304 -0.011886 -0.074483 -0.244478 -0.390055 -0.340914 -0.183438 -0.521969 -0.339260 -0.077123 -0.007834 0.237774 0.345473 0.243745 0.138230 0.097388 -0.319279 -0.561871 -0.598462 -0.428098 -0.424860 -0.338145 -0.409145 0.509822 0.295439 -0.409626 -0.313707 0.303337 0.137907 -0.469527 0.220200 0.120407 0.509555 0.266721 0.402722 -0.448544 -0.063555 -0.411092 -0.065591 0.133467 0.150578 0.223673 0.304628 -0.011525 0.009836 -0.362117 -0.057235 0.113481 -0.065347 0.083390 -0.098333 -0.179045 0.420649 0.567826 0.461920 0.209713 0.127711
-0.244648 -0.339170 -0.057673 0.101648 0.501950 0.751146 0.325627 0.083975 0.639745 1.000000 0.297848 -0.147036 0.311433 0.185499 0.687207 0.697072 -0.379104 -0.473025 -0.043700 -0.100815 -0.052267 -0.082920 -0.182447 -0.054003 0.585486 0.683366 0.113767 0.477544 0.418814 -0.013678 0.294270 -0.066639 -0.516085 -0.328564 -0.215140 -0.409839 -0.318430 -0.370706 -0.325717 -0.215561 0.221746 -0.352714 0.079703 -0.237133 -0.286763 -0.146466 0.067503 -0.054685 -0.224807 -0.163722 0.298579 0.215783 0.420660 0.373620 0.011473 -0.099848 -0.324363 -0.247249 -0.453419 -0.129295 0.043872 -0.010870 -0.330960 -0.360936 0.041260 0.240528 -0.372867 0.015559 -0.374881 0.054050 -0.095671 0.121302 0.148627 -0.048762 0.242750 -0.092036 -0.342441 -0.383365 -0.433895 -0.356658 -0.305064 -0.334100 0.456599 0.314932 0.055854 0.185034 0.510594 0.410460 -0.056678 0.403476 -0.169682 0.551026 0.248480 0.520467 -0.277713 0.177526 -0.178648 0.062906 -0.304265 0.084822 0.167948 0.295758 -0.143268 -0.234023 -0.529180 0.005717 -0.367897 -0.334593 0.455164 0.007946 -0.036729 0.057824 0.394070 0.446831 0.389871 -0.003629
0.290362 -0.159119 0.033800 -0.187232 0.224905 0.115674 0.204030 0.186695 0.254666 0.297848 1.000000 0.337699 0.683167 0.624682 0.502821 0.377096 0.415709 -0.022529 0.125378 -0.087957 0.153297 -0.096841 -0.152425 0.093201 0.184313 0.155054 0.111897 0.005549 0.541810 -0.260604 0.262352 0.130860 -0.411856 0.011538 -0.228448 -0.137994 -0.238970 -0.461212 -0.361246 0.030424 -0.183659 -0.366043 -0.272247 -0.411587 -0.463798 -0.189685 -0.419472 -0.106246 -0.316229 -0.262905 -0.049968 -0.145588 0.022827 0.006276 -0.452171 -0.377911 -0.061252 -0.131368 -0.037081 -0.165542 0.420136 0.330227 0.038172 0.076299 0.080069 0.369317 -0.215319 -0.040998 -0.129677 0.052926 0.244380 0.421400 0.132882 -0.231454 -0.142476 -0.005045 -0.222480 -0.136816 -0.164828 -0.215654 0.088108 -0.239363 0.064987 -0.213616 -0.076725 -0.132190 0.003043 -0.362487 -0.343303 -0.004598 0.035735 0.269025 0.131395 0.321149 -0.088199 0.070531 -0.221071 -0.053434 -0.132565 -0.031531 0.134744 0.263002 -0.024833 0.183314 -0.193361 0.273016 0.399481 0.243848 0.235351 0.220177 -0.048883 0.025349 -0.069404 0.011405 0.070649 -0.006160
0.125208 0.395293 0.358177 0.376701 -0.369239 -0.277096 0.309992 0.655406 -0.305289 -0.147036 0.337699 1.000000 0.442552 0.717097 0.086097 0.034907 0.140637 0.345187 0.190220 0.074555 0.291738 0.300118 0.219770 0.346594 -0.535674 -0.299814 -0.124038 -0.036072 -0.024483 0.040471 0.306492 0.486375 0.191111 0.441585 0.054367 0.013829 -0.105954 0.059647 0.146947 0.313587 -0.569888 0.147756 -0.579766 -0.376121 -0.061999 -0.043675 -0.506738 -0.658195 -0.053792 -0.081824 -0.093447 -0.278732 -0.342410 -0.646185 -0.262547 -0.364167 -0.080186 -0.004589 0.263964 0.144861 0.308300 0.140191 0.263939 0.323036 -0.021761 0.152565 0.360396 0.087660 -0.243354 -0.145936 0.120811 -0.011043 0.031880 -0.120315 -0.213605 0.144148 0.045302 0.169422 -0.052844 0.058665 0.234630 0.202471 0.049347 0.159572 0.087923 -0.083055 -0.335199 -0.199954 -0.152524 -0.307136 -0.310297 -0.553242 -0.333405 -0.341886 -0.072428 -0.198405 -0.256779 -0.120559 -0.460429 -0.586538 -0.314323 -0.039997 -0.308834 0.054203 0.106999 0.156445 0.295816 0.141843 -0.285069 -0.173578 -0.353070 -0.483863 -0.581536 -0.335059 -0.085236 -0.242591
0.223609 -0.155904 0.196397 -0.073247 0.016999 -0.150983 0.395485 0.323548 0.317053 0.311433 0.683167 0.442552 1.000000 0.637971 0.480245 0.149003 0.122818 0.059314 -0.131882 -0.176133 0.102927 0.053027 -0.073251 0.093366 -0.044545 -0.010326 0.066266 -0.078777 0.517200 0.021757 0.351170 0.089022 -0.322503 -0.135658 -0.307674 -0.306658 -0.279552 -0.470295 -0.420606 0.228068 -0.105851 -0.089579 -0.069088 -0.244457 -0.173402 0.065204 -0.222271 -0.196619 -0.079226 -0.065679 0.225844 0.135552 0.113187 0.036092 -0.291380 -0.384121 -0.222220 -0.259859 0.070226 0.032084 0.512351 0.346158 -0.020475 0.012548 -0.122680 0.384727 -0.209686 -0.131275 -0.363169 -0.193669 0.117638 0.441749 0.324781 0.044628 0.093359 0.183343 -0.160074 -0.049351 -0.349950 -0.102712 -0.074254 -0.136530 0.053114 0.085689 -0.233813 -0.244960 -0.060992 -0.186837 -0.507482 -0.029053 -0.032150 0.096371 -0.200456 0.120659 -0.369478 0.018591 -0.319441 -0.176924 -0.196053 -0.187255 -0.031706 0.172184 0.015855 -0.002423 -0.081552 0.100589 0.300360 0.095085 0.233543 0.083940 -0.116419 0.082332 -0.064280 -0.013499 -0.012941 0.016620
0.078272 -0.029454 0.388267 0.091633 -0.019287 -0.092737 0.523367 0.616716 0.093048 0.185499 0.624682 0.717097 0.637971 1.000000 0.399474 0.340215 0.153988 0.115600 0.094153 -0.111960 0.315724 0.318484 0.104018 0.363242 -0.220263 0.009530 0.278134 0.211530 0.175616 -0.186128 0.414851 0.341192 -0.147483 0.176209 -0.159742 -0.051039 -0.199109 -0.161363 -0.072809 0.007253 -0.457073 -0.079533 -0.371803 -0.306135 -0.154827 0.000946 -0.317651 -0.470662 -0.076604 -0.046691 -0.041660 -0.041913 -0.227663 -0.323079 -0.128806 -0.364269 -0.002674 -0.200169 0.261229 0.222436 0.563105 0.263323 0.197297 0.244501 -0.164681 0.197683 0.120541 -0.009375 -0.267550 -0.196059 0.328974 0.332970 0.062284 -0.230899 -0.291618 0.051356 -0.103835 0.077058 -0.402646 -0.281704 0.020501 -0.142448 0.188051 -0.106873 -0.227335 -0.273998 -0.309863 -0.309387 -0.470647 -0.062498 -0.036669 -0.258817 -0.263395 -0.163255 -0.232223 -0.275285 -0.134810 -0.201688 -0.275009 -0.549452 -0.289750 -0.039691 -0.376692 0.040764 -0.044206 0.112181 0.321147 0.144506 -0.142213 -0.262946 -0.190430 -0.170724 -0.317483 -0.192112 0.000599 -0.168127
-0.326120 -0.312852 -0.025599 0.147843 0.506480 0.447460 0.374094 0.044070 0.676455 0.687207 0.502821 0.086097 0.480245 0.399474 1.000000 0.693583 0.023247 -0.083814 0.133970 -0.022382 0.530385 0.387572 0.077102 0.088971 0.483035 0.588241 0.347212 0.515571 0.689572 0.082479 0.637396 0.227068 -0.465770 -0.229733 -0.330932 -0.488409 -0.428641 -0.572036 -0.296668 -0.144206 -0.135353 -0.257233 0.013520 -0.261376 -0.313360 -0.177410 0.015659 -0.176349 -0.337483 -0.106958 0.188549 0.222441 0.247362 0.321343 -0.317214 -0.380771 -0.256668 -0.201698 -0.502535 -0.100940 -0.106876 -0.253606 -0.115568 -0.244167 -0.188362 -0.047713 -0.395219 -0.299306 -0.289772 -0.056326 0.218561 0.414355 0.416577 0.163627 0.187981 -0.132720 -0.444605 -0.500003 -0.337022 -0.309309 -0.051602 -0.262666 0.698790 0.299221 -0.078853 -0.028098 0.276900 0.169850 -0.537451 -0.056174 -0.126742 0.376045 0.257349 0.464725 -0.159558 -0.028321 -0.363437 0.177331 -0.177023 0.085658 0.071084 0.381068 -0.324545 0.071668 -0.423437 0.329020 0.056728 -0.031648 0.179341 0.113361 -0.264450 0.193186 0.375337 0.521854 0.524114 0.318677
-0.096038 -0.394544 -0.074279 0.079967 0.488263 0.723140 0.338560 0.051277 0.442660 0.697072 0.377096 0.034907 0.149003 0.340215 0.693583 1.000000 -0.027607 -0.222489 0.174088 -0.017045 0.279348 0.235629 -0.172362 -0.094676 0.493886 0.578111 0.139118 0.516085 0.415236 0.045207 0.304013 0.035012 -0.431574 -0.201674 -0.260490 -0.282078 -0.222406 -0.315810 -0.220635 -0.370907 -0.054322 -0.409785 0.058748 -0.280624 -0.442608 -0.467615 0.043214 -0.077558 -0.243944 -0.159173 0.130327 0.120744 0.429270 0.398788 -0.071629 -0.258420 -0.087251 -0.349246 -0.321011 -0.237963 -0.037875 -0.170253 -0.070775 -0.138725 -0.118988 0.027671 -0.401193 -0.216399 -0.294045 -0.091014 0.105962 0.145089 0.195144 -0.072134 0.057816 -0.119251 -0.412029 -0.422533 -0.433514 -0.506269 -0.126909 -0.267422 0.558896 0.197001 -0.094570 0.098925 0.536508 0.088966 -0.164306 0.124880 -0.047992 0.519877 0.471102 0.596836 -0.034980 0.038876 -0.298086 0.218312 -0.174705 0.195011 0.298413 0.463856 -0.164478 0.083301 -0.449171 0.228792 -0.204044 -0.098191 0.228705 0.057168 -0.239762 0.110040 0.374791 0.448866 0.401233 0.098665
0.500434 0.004427 -0.068862 -0.405936 -0.167738 -0.257766 -0.286782 -0.273139 -0.187727 -0.379104 0.415709 0.140637 0.122818 0.153988 0.023247 -0.027607 1.000000 0.657133 -0.113984 -0.033824 0.247309 0.049881 -0.051762 -0.012459 -0.196143 -0.294069 0.038740 -0.322404 0.287406 0.145106 -0.139542 0.000006 0.059410 0.083217 0.016133 0.069636 0.280396 -0.071872 -0.087016 0.053828 -0.094286 0.096027 -0.140241 -0.165503 -0.443316 -0.321969 -0.290784 0.046618 -0.236647 -0.333154 -0.278663 -0.274516 -0.153370 -0.082950 -0.489062 -0.430662 0.599895 0.202394 0.077759 -0.340284 0.000867 -0.139257 0.528281 0.553768 0.030742 -0.176571 -0.168957 -0.248380 0.460059 -0.000930 0.387938 0.345607 0.288987 0.133837 -0.106719 0.071771 0.156353 0.175020 0.412108 0.244452 0.604709 0.421860 -0.149130 -0.328456 -0.147673 -0.150720 -0.152135 -0.588601 -0.230126 -0.388778 0.418910 -0.102094 0.075357 0.015127 0.096453 -0.296875 -0.209969 -0.111009 0.238812 0.214566 0.068987 0.060724 0.159751 0.613391 0.078037 0.354455 0.485979 0.322444 -0.166133 0.060056 -0.129318 0.239994 -0.183138 -0.344991 -0.320945 0.209645
0.244701 0.400439 -0.163476 -0.163764 -0.249670 -0.357850 -0.260179 -0.203510 -0.246032 -0.473025 -0.022529 0.345187 0.059314 0.115600 -0.083814 -0.222489 0.657133 1.000000 -0.207211 0.066226 0.278617 0.249121 0.021331 -0.109885 -0.362793 -0.379322 0.085112 -0.194194 0.077344 0.495248 -0.130965 -0.039833 0.290271 0.203656 0.180209 0.174231 0.211900 0.243154 0.112205 0.308529 -0.131524 0.500988 -0.336741 -0.231525 -0.252180 -0.243726 -0.257037 -0.321774 -0.271759 -0.277919 -0.157126 -0.317293 -0.213535 -0.351183 -0.425670 -0.516001 0.612894 0.470513 -0.028538 -0.284296 -0.126710 -0.232449 0.470957 0.676378 -0.104647 -0.253371 -0.021667 -0.345203 0.475235 -0.019042 0.089293 -0.007007 0.352130 0.215228 -0.034584 0.065743 0.235026 0.208572 0.504745 0.628712 0.762789 0.808261 -0.019149 -0.009953 -0.118500 -0.146889 -0.218343 -0.386356 -0.233731 -0.492791 0.177479 -0.388263 -0.056780 -0.170016 -0.031797 -0.399277 -0.331069 -0.129613 0.101265 -0.081244 -0.030069 0.014900 0.044957 0.581562 0.318308 0.442706 0.310066 0.315934 -0.429407 -0.226158 -0.340877 0.059541 -0.294204 -0.282870 -0.222615 0.034620
-0.372565 0.038268 0.322842 0.612391 0.255175 0.122927 0.450980 0.345305 0.058500 -0.043700 0.125378 0.190220 -0.131882 0.094153 0.133970 0.174088 -0.113984 -0.207211 1.000000 0.485594 0.401097 0.337226 0.391807 0.284555 0.041091 -0.064402 0.245414 0.343142 0.031345 -0.064045 0.355644 0.410619 -0.112238 0.318119 -0.377139 -0.260125 -0.405419 -0.114213 0.192070 -0.085519 -0.555326 -0.241556 -0.199888 -0.175865 -0.045380 -0.224088 -0.016267 -0.265639 -0.011804 0.067157 -0.280461 -0.117441 -0.246796 -0.091522 -0.055459 -0.057921 -0.380755 -0.143492 -0.146483 0.176048 -0.157324 -0.213163 -0.333179 -0.407928 -0.166054 -0.331753 -0.063380 -0.277971 -0.022117 -0.043999 0.163912 -0.076082 -0.086617 -0.176986 -0.271789 -0.234441 -0.351863 -0.370525 -0.044909 -0.338289 -0.197767 -0.316108 0.319315 0.159463 -0.081584 -0.252955 -0.102341 0.241658 0.065549 0.052258 -0.056868 0.038510 0.322674 0.084217 0.314186 0.065876 -0.155559 0.239092 0.049923 -0.147097 0.060037 0.120370 -0.083874 0.162822 0.171938 0.139609 0.189613 0.212008 -0.232182 0.023003 -0.252011 -0.176824 0.164798 0.165280 0.293306 0.135480
-0.169604 0.106324 -0.065570 0.145606 0.116208 0.051665 0.024406 -0.012866 0.198681 -0.100815 -0.087957 0.074555 -0.176133 -0.111960 -0.022382 -0.017045 -0.033824 0.066226 0.485594 1.000000 0.138370 0.152487 0.169679 -0.042971 0.083244 -0.105713 0.251947 0.137748 -0.000462 0.240254 0.225788 0.139618 -0.051002 0.174667 -0.215782 0.016086 -0.480016 -0.064890 -0.113182 0.112532 -0.204159 0.261400 -0.054720 -0.231770 0.012028 -0.036911 -0.013955 -0.094944 0.009034 0.175704 -0.155344 -0.060138 -0.032938 -0.027863 -0.236734 -0.371371 -0.065066 0.103752 -0.144170 0.029641 -0.230688 -0.163115 -0.126080 -0.148202 -0.081162 -0.265582 -0.006117 0.032172 0.407606 0.019247 0.226986 -0.175673 -0.039439 -0.000365 -0.252645 -0.262814 -0.344916 -0.310097 -0.018602 -0.101669 -0.084896 0.001174 0.103364 0.360368 -0.288379 -0.233584 -0.062685 0.072352 -0.084401 0.063840 0.099808 0.060742 0.219483 0.057891 -0.253982 0.005995 -0.460896 -0.137570 0.011652 -0.066782 0.155096 0.129360 0.199157 0.163136 0.153393 -0.116744 0.407034 0.149369 -0.233453 -0.126819 -0.230236 0.024667 0.099420 -0.038629 -0.202790 -0.029411
-0.365890 0.035963 0.215244 0.290638 0.200770 0.016515 0.403717 0.168213 0.326017 -0.052267 0.153297 0.291738 0.102927 0.315724 0.530385 0.279348 0.247309 0.278617 0.401097 0.138370 1.000000 0.827011 0.442754 0.395952 -0.019682 0.027212 0.472414 0.306720 0.250019 0.046287 0.623636 0.513994 -0.149731 0.136893 -0.420603 -0.354673 -0.338740 -0.283639 0.086736 -0.160320 -0.575218 0.132839 -0.095449 -0.070387 -0.095737 -0.216711 0.069815 -0.282357 -0.155140 0.015876 -0.191765 0.049709 -0.157655 0.044119 -0.317622 -0.276993 -0.065859 -0.042018 -0.164078 0.094524 -0.196215 -0.418449 0.155064 -0.023097 -0.383224 -0.564865 -0.079363 -0.465206 0.000605 -0.015736 0.434320 0.385727 0.281799 0.241977 -0.120019 -0.139803 -0.269310 -0.342630 -0.094801 -0.241113 0.063402 -0.068735 0.505915 0.168012 -0.222251 -0.335380 -0.094287 -0.055356 -0.475841 -0.428005 -0.053927 -0.131596 0.127233 0.000797 0.042366 -0.478627 -0.319693 0.103480 0.085982 -0.018871 -0.065908 0.190045 -0.310681 0.364083 -0.012530 0.208819 0.334995 0.096437 -0.512789 -0.196693 -0.435537 0.166187 0.159420 0.239514 0.202317 0.250012
-0.246782 -0.125190 0.436626 0.397916 -0.023300 -0.098148 0.562525 0.326995 0.211784 -0.082920 -0.096841 0.300118 0.053027 0.318484 0.387572 0.235629 0.049881 0.249121 0.337226 0.152487 0.827011 1.000000 0.481265 0.445831 -0.250716 -0.114875 0.322455 0.310852 0.172392 0.194363 0.599628 0.520294 -0.014119 0.082774 -0.336176 -0.273337 -0.273751 -0.209994 0.094674 -0.235173 -0.449695 0.163389 -0.068717 -0.001628 0.125565 -0.059362 0.090957 -0.425820 0.006359 0.178743 -0.158818 0.234359 -0.231595 -0.009879 -0.188472 -0.310320 0.001848 -0.302603 -0.028280 0.173063 -0.232355 -0.467002 0.177601 -0.070274 -0.396182 -0.501100 0.068421 -0.410937 -0.106286 -0.343063 0.442882 0.372797 0.296214 0.332823 -0.046120 -0.015632 -0.183504 -0.248459 -0.196195 -0.260036 -0.080497 -0.082840 0.539964 0.335205 -0.200339 -0.258181 -0.171018 0.120277 -0.390001 -0.436828 0.007072 -0.263726 -0.015929 -0.059334 -0.005458 -0.522345 -0.300354 0.027670 0.026184 -0.102615 -0.151521 0.175145 -0.320429 0.294002 -0.005787 0.131698 0.220922 0.129779 -0.508915 -0.296766 -0.602307 0.111109 0.207434 0.222991 0.178882 0.161413
-0.437535 -0.213377 0.639118 0.612327 -0.053103 -0.222838 0.282597 0.372841 0.015197 -0.182447 -0.152425 0.219770 -0.073251 0.104018 0.077102 -0.172362 -0.051762 0.021331 0.391807 0.169679 0.442754 0.481265 1.000000 0.815913 -0.219800 -0.029082 0.338619 0.296215 -0.164607 -0.131737 0.446701 0.658851 0.051235 0.062397 -0.018315 -0.203621 -0.154967 -0.051113 0.444540 -0.010701 -0.220778 0.195942 -0.105821 0.070286 0.398420 0.391689 -0.008695 -0.369397 0.296446 0.429770 -0.037223 0.318186 -0.559057 -0.203906 -0.053505 -0.047347 -0.221612 -0.041142 0.179112 0.324261 -0.278171 -0.568870 -0.222728 -0.435339 -0.023279 -0.411300 0.230115 0.022657 -0.071834 -0.374660 0.339180 0.138645 -0.169006 0.093640 -0.168304 -0.244533 -0.107007 -0.140944 0.013510 -0.076027 -0.027954 -0.062430 0.310108 0.310736 0.065624 0.016344 -0.475377 0.305768 0.008203 -0.130275 -0.115367 -0.520986 -0.397832 -0.423926 0.229705 -0.266232 -0.130224 -0.043571 -0.178835 -0.442830 -0.592591 -0.332762 -0.594621 -0.133817 -0.036337 -0.031569 0.277058 -0.000017 -0.507923 -0.332248 -0.296600 -0.419879 -0.166951 -0.288570 0.008625 0.126591
-0.199576 -0.190681 0.776986 0.529883 -0.226157 -0.197530 0.389783 0.585878 -0.074995 -0.054003 0.093201 0.346594 0.093366 0.363242 0.088971 -0.094676 -0.012459 -0.109885 0.284555 -0.042971 0.395952 0.445831 0.815913 1.000000 -0.356673 -0.052836 0.190493 0.288541 -0.203331 -0.391357 0.391057 0.702069 -0.022905 0.126335 -0.008686 -0.184318 -0.082196 -0.141790 0.375614 -0.032233 -0.260543 0.120888 -0.305329 -0.074554 0.237655 0.309215 -0.305704 -0.463902 0.212743 0.237523 -0.197884 0.199639 -0.629805 -0.346494 -0.050536 -0.052914 -0.181212 -0.199638 0.321243 0.356986 -0.028416 -0.300334 -0.123916 -0.297889 0.099232 -0.141895 0.417222 0.264462 -0.146613 -0.205033 0.463995 0.346960 -0.265625 -0.004060 -0.268987 -0.038402 -0.010181 0.036076 -0.080492 -0.204491 -0.119432 -0.166742 0.188026 0.162425 0.195391 0.101671 -0.507118 0.218252 0.075840 0.011396 -0.158762 -0.490233 -0.486148 -0.400307 0.088916 -0.402955 -0.039480 -0.212230 -0.376436 -0.467082 -0.561189 -0.330606 -0.564454 -0.106245 -0.093694 -0.192063 0.249731 -0.030842 -0.446839 -0.394903 -0.257692 -0.478569 -0.304815 -0.371265 -0.133528 -0.017021
-0.359625 -0.343491 -0.528550 -0.217742 0.870193 0.702868 -0.150521 -0.468626 0.626804 0.585486 0.184313 -0.535674 -0.044545 -0.220263 0.483035 0.493886 -0.196143 -0.362793 0.041091 0.083244 -0.019682 -0.250716 -0.219800 -0.356673 1.000000 0.785925 0.363574 0.476801 0.338286 -0.053693 0.191168 -0.187682 -0.371627 -0.278392 -0.149839 -0.192622 -0.357415 -0.402327 -0.358597 -0.134534 0.242565 -0.279994 0.326306 0.003651 -0.124064 -0.092223 0.288518 0.355058 -0.284657 -0.019177 0.089812 0.069052 0.409975 0.562513 -0.110206 -0.032623 -0.103961 0.057755 -0.534151 -0.227845 -0.143828 -0.153758 -0.394222 -0.425672 0.012988 0.053383 -0.415869 -0.108891 0.112744 0.221305 -0.196200 -0.001187 0.045383 -0.102195 0.113089 -0.360042 -0.366409 -0.494867 -0.194513 -0.207303 -0.257799 -0.310456 0.306687 -0.031174 -0.190390 -0.038418 0.512864 0.038678 -0.169343 0.211969 -0.123752 0.731299 0.487097 0.625346 -0.071837 0.175517 -0.035134 0.282892 0.086292 0.423874 0.340458 0.256054 0.041352 0.001956 -0.238512 0.066151 -0.145215 -0.230717 0.303059 0.273713 0.249715 0.242599 0.580870 0.564932 0.364024 0.145918
-0.415551 -0.340028 -0.252288 0.073008 0.685760 0.692755 -0.041239 -0.168822 0.481951 0.683366 0.155054 -0.299814 -0.010326 0.009530 0.588241 0.578111 -0.294069 -0.379322 -0.064402 -0.105713 0.027212 -0.114875 -0.029082 -0.052836 0.785925 1.000000 0.276463 0.672155 0.236753 -0.117513 0.326081 0.105877 -0.348562 -0.203906 0.102978 -0.198297 -0.269212 -0.261766 -0.095612 -0.080127 0.235540 -0.182316 0.094754 -0.098579 -0.115227 -0.051032 0.103119 0.057764 -0.326175 -0.058532 0.039042 0.072944 0.168860 0.318721 -0.047966 0.018393 -0.168676 0.035533 -0.463792 -0.153859 -0.120958 -0.237949 -0.404660 -0.361514 0.067177 0.150924 -0.215284 0.092921 -0.157652 0.087523 -0.131876 0.053195 -0.022354 0.016216 0.170992 -0.253745 -0.284320 -0.333299 -0.291004 -0.158687 -0.253860 -0.280174 0.475991 0.077005 0.016582 0.290766 0.379983 0.211270 -0.140652 0.304274 -0.358788 0.486076 0.200658 0.426697 -0.091625 0.124053 0.017172 0.287348 -0.368676 0.135951 0.009745 0.148686 -0.382029 -0.232639 -0.429624 0.101463 -0.333609 -0.271689 0.225705 0.064378 0.108920 -0.096596 0.323657 0.457965 0.462154 0.175687
-0.581802 -0.175653 0.082700 -0.020578 0.601212 0.173639 0.289691 -0.017754 0.590712 0.113767 0.111897 -0.124038 0.066266 0.278134 0.347212 0.139118 0.038740 0.085112 0.245414 0.251947 0.472414 0.322455 0.338619 0.190493 0.363574 0.276463 1.000000 0.489123 0.084102 -0.054510 0.438007 0.129332 -0.368622 -0.167339 -0.429221 -0.239964 -0.467593 -0.200691 -0.090505 -0.202552 -0.171921 0.204967 0.129746 0.069329 0.054917 0.063115 0.313404 -0.027535 0.006752 0.229299 -0.054994 0.181304 -0.093352 0.194371 -0.048548 -0.239275 0.041082 0.182239 -0.053755 0.316372 0.051321 -0.228630 -0.196489 -0.129340 -0.448188 -0.496372 -0.249815 -0.359858 0.261710 0.073936 0.361091 0.277453 0.031306 0.001247 -0.285727 -0.432447 -0.338400 -0.314700 -0.306908 -0.230433 -0.095662 -0.165565 0.348145 -0.048538 -0.634229 -0.535874 -0.127734 -0.144177 -0.551379 0.128511 0.260239 0.057228 0.092985 -0.060989 -0.276611 -0.348917 -0.177735 -0.237055 0.257428 -0.268472 -0.094994 -0.119561 -0.203637 0.169499 0.022058 -0.008855 0.383709 0.043931 -0.354253 -0.442619 -0.062484 0.234748 0.231461 0.041862 0.056999 0.055270
-0.582783 -0.253200 0.070661 0.413954 0.529436 0.498335 0.266513 0.095895 0.325622 0.477544 0.005549 -0.036072 -0.078777 0.211530 0.515571 0.516085 -0.322404 -0.194194 0.343142 0.137748 0.306720 0.310852 0.296215 0.288541 0.476801 0.672155 0.489123 1.000000 -0.035238 -0.051349 0.416896 0.289725 -0.205456 0.015602 0.030156 -0.127296 -0.332970 -0.187440 0.161714 -0.168555 -0.071541 -0.026380 -0.131949 -0.246308 -0.045642 -0.102833 -0.013301 -0.325438 -0.201430 0.067712 -0.148469 0.036341 -0.121308 0.064815 0.020310 -0.245681 -0.087996 -0.035449 -0.284166 0.033342 -0.189851 -0.436466 -0.472631 -0.391758 -0.028499 -0.085210 0.002695 -0.017497 -0.014337 0.011274 -0.003956 -0.045453 -0.064476 -0.055770 -0.075312 -0.270849 -0.281611 -0.331148 -0.353225 -0.165563 -0.214771 -0.155293 0.608783 0.203756 -0.084452 0.120121 0.143576 0.341658 -0.120916 0.239052 -0.278470 0.235801 0.183618 0.280762 0.023107 -0.207166 -0.147800 0.151555 -0.328063 -0.143802 -0.061190 0.084619 -0.472869 -0.012879 -0.032132 0.084547 -0.085233 -0.099167 -0.173854 -0.246892 -0.120400 -0.251337 0.301586 0.316318 0.404917 0.109340
0.065677 -0.324611 -0.044914 -0.147358 0.264120 0.209973 0.229609 -0.155080 0.516096 0.418814 0.541810 -0.024483 0.517200 0.175616 0.689572 0.415236 0.287406 0.077344 0.031345 -0.000462 0.250019 0.172392 -0.164607 -0.203331 0.338286 0.236753 0.084102 -0.035238 1.000000 0.429699 0.466650 0.080226 -0.293544 -0.207200 -0.319410 -0.385589 -0.282149 -0.571412 -0.598845 -0.001416 0.110730 -0.186826 0.100996 -0.059417 -0.340950 -0.196945 0.025558 0.053459 -0.380737 -0.274115 0.189066 0.110044 0.226460 0.323386 -0.520676 -0.352631 -0.105040 -0.228051 -0.522682 -0.323962 -0.126861 -0.134983 0.013260 -0.136522 -0.111192 -0.026080 -0.583088 -0.466394 -0.163859 -0.204776 0.270341 0.599313 0.736415 0.423485 0.461634 0.213738 -0.149709 -0.239516 -0.026570 -0.060629 0.010502 -0.161352 0.364156 0.163499 -0.126339 -0.165796 0.251209 -0.038374 -0.479648 -0.248519 0.148461 0.397553 0.252835 0.466607 -0.231842 0.142765 -0.242324 0.087954 0.114900 0.368800 0.234567 0.379604 0.123688 0.188629 -0.422853 0.379524 0.089767 0.112683 0.376198 0.366377 -0.179293 0.488173 0.444353 0.411696 0.315234 0.248800
-0.004491 0.058057 -0.079367 0.039519 -0.112568 -0.016419 0.044987 -0.269122 0.032817 -0.013678 -0.260604 0.040471 0.021757 -0.186128 0.082479 0.045207 0.145106 0.495248 -0.064045 0.240254 0.046287 0.194363 -0.131737 -0.391357 -0.053693 -0.117513 -0.054510 -0.051349 0.429699 1.000000 0.132688 -0.049498 0.215182 0.054887 0.091316 -0.008069 0.029917 0.028389 -0.241976 0.195429 0.279763 0.412560 0.014131 -0.024657 -0.214318 -0.313306 0.102248 -0.125470 -0.327797 -0.322358 0.074321 -0.139323 0.070816 0.033343 -0.280463 -0.352984 0.255715 0.132591 -0.428172 -0.445197 -0.344585 -0.416242 0.088457 0.113111 -0.044899 -0.248322 -0.336054 -0.459429 0.152633 -0.282111 -0.061061 0.063680 0.788657 0.663191 0.622334 0.419604 0.280244 0.177963 0.179197 0.476603 0.199150 0.484733 0.136174 0.309394 -0.196692 -0.065210 0.250172 0.067304 -0.163576 -0.325073 0.097770 0.056692 0.142748 0.131787 -0.231006 0.046935 -0.256232 0.047738 0.095189 0.251913 0.110853 0.160703 0.241826 0.195077 0.024419 0.277123 -0.140489 -0.060748 0.112257 0.076073 -0.181184 0.319680 0.303703 0.132078 0.024445 0.002342
-0.437851 -0.274475 0.391287 0.352078 0.312852 0.124792 0.596017 0.384059 0.503359 0.294270 0.262352 0.306492 0.351170 0.414851 0.637396 0.304013 -0.139542 -0.130965 0.355644 0.225788 0.623636 0.599628 0.446701 0.391057 0.191168 0.326081 0.438007 0.416896 0.466650 0.132688 1.000000 0.767073 -0.190887 0.167547 -0.306039 -0.328345 -0.603191 -0.502870 -0.218377 -0.035101 -0.283558 0.091172 -0.077801 -0.061527 0.150885 0.144957 -0.001554 -0.350157 -0.207011 0.142960 -0.142623 0.122942 -0.270934 0.003947 -0.407174 -0.303086 -0.294387 -0.255383 -0.208437 0.144451 0.026825 -0.294135 -0.133097 -0.442734 -0.112115 -0.153902 0.047759 -0.140815 -0.204970 -0.273267 0.339932 0.510151 0.355271 0.315409 0.119077 -0.034944 -0.233850 -0.304763 -0.387735 -0.330397 -0.408562 -0.438323 0.447429 0.251216 -0.284103 -0.301180 -0.093365 0.042492 -0.537059 -0.282072 -0.280789 -0.012597 -0.144885 0.025864 -0.231694 -0.225817 -0.199465 0.048584 -0.239631 -0.094549 -0.247039 0.069544 -0.384737 -0.075414 -0.209777 0.091832 0.228834 -0.125055 -0.150232 -0.104726 -0.283601 0.001282 0.264407 0.293720 0.292427 0.086774
-0.238612 -0.107404 0.622888 0.550322 -0.062292 -0.099992 0.421488 0.570710 -0.049224 -0.066639 0.130860 0.486375 0.089022 0.341192 0.227068 0.035012 0.000006 -0.039833 0.410619 0.139618 0.513994 0.520294 0.658851 0.702069 -0.187682 0.105877 0.129332 0.289725 0.080226 -0.049498 0.767073 1.000000 0.084526 0.464994 0.033112 -0.130522 -0.305437 -0.215206 0.172979 0.130072 -0.371276 0.179951 -0.388849 -0.136367 0.214650 0.178296 -0.345127 -0.542972 -0.157747 0.090088 -0.446975 -0.119180 -0.686877 -0.419639 -0.403485 -0.179556 -0.158238 -0.159028 0.056365 0.151994 -0.004723 -0.351436 -0.043221 -0.326356 0.172977 -0.081431 0.448061 0.170157 -0.102471 -0.275769 0.338427 0.374369 0.037085 0.197182 -0.069600 0.021163 0.009818 -0.030152 -0.067516 -0.156475 -0.245154 -0.250352 0.202410 0.141660 0.037996 -0.047788 -0.378523 0.018641 -0.130993 -0.317150 -0.406258 -0.376212 -0.395519 -0.261435 0.058607 -0.320861 -0.036949 0.053294 -0.469332 -0.233814 -0.480083 -0.173811 -0.496435 -0.049303 -0.049011 0.089018 0.189756 -0.091827 -0.374143 -0.197545 -0.318906 -0.438397 -0.163204 -0.090934 0.094431 0.040530
0.116669 0.302223 -0.091154 -0.053962 -0.532593 -0.510365 -0.401147 -0.168028 -0.624336 -0.516085 -0.411856 0.191111 -0.322503 -0.147483 -0.465770 -0.431574 0.059410 0.290271 -0.112238 -0.051002 -0.149731 -0.014119 0.051235 -0.022905 -0.371627 -0.348562 -0.368622 -0.205456 -0.293544 0.215182 -0.190887 0.084526 1.000000 0.551376 0.544950 0.537548 0.585304 0.481475 0.413885 0.280241 -0.020636 0.298690 -0.161398 0.203036 0.283342 0.171865 -0.057699 -0.053019 0.035911 -0.078859 -0.144629 -0.325354 -0.409656 -0.523936 0.193538 0.203229 0.316818 0.233742 0.055321 -0.066802 -0.138369 -0.089901 0.383888 0.261982 0.275104 -0.008303 0.491617 0.200621 0.248227 -0.109542 -0.195219 -0.304741 0.109793 0.065768 0.160628 0.413540 0.702035 0.639687 0.513581 0.484118 0.275646 0.443444 -0.320463 -0.263573 0.303627 0.132306 -0.288342 -0.143792 0.219226 -0.470293 -0.299233 -0.578979 -0.388500 -0.511039 0.265816 -0.063432 0.446169 0.226709 -0.009558 0.032946 -0.281940 -0.472987 -0.183486 -0.180932 0.370961 -0.055914 -0.070622 -0.049062 -0.124024 0.090411 0.328053 -0.116775 -0.186355 -0.125451 -0.109330 -0.031656
0.052043 0.436945 0.083779 0.172898 -0.211944 -0.245658 0.038994 0.250832 -0.467068 -0.328564 0.011538 0.441585 -0.135658 0.176209 -0.229733 -0.201674 0.083217 0.203656 0.318119 0.174667 0.136893 0.082774 0.062397 0.126335 -0.278392 -0.203906 -0.167339 0.015602 -0.207200 0.054887 0.167547 0.464994 0.551376 1.000000 0.354080 0.494529 0.135462 0.419698 0.383677 0.291126 -0.369001 0.186973 -0.641225 -0.334361 -0.081105 -0.136347 -0.398667 -0.438256 -0.465120 -0.375952 -0.633910 -0.757414 -0.644271 -0.694927 -0.179479 -0.003114 0.259769 0.325935 -0.088323 -0.206835 0.253582 0.083447 0.238793 0.188634 0.418952 0.156787 0.524487 0.215161 0.301129 0.067446 -0.224883 -0.210315 0.028578 -0.194309 -0.122083 0.194731 0.440006 0.363601 0.334295 0.253102 0.087868 0.166161 -0.329788 -0.351767 0.085719 -0.086361 -0.313767 -0.199350 0.139104 -0.381796 -0.450805 -0.350689 -0.173421 -0.262847 0.297048 -0.080465 0.304609 0.345871 -0.227521 -0.040828 -0.191680 -0.182419 -0.146286 0.022158 0.561229 0.244623 0.018979 -0.042995 -0.211977 -0.080235 0.128447 -0.280285 -0.230522 -0.012861 0.039777 -0.103618
0.134482 0.186753 -0.144868 -0.017642 -0.370636 -0.185445 -0.470626 -0.184894 -0.627964 -0.215140 -0.228448 0.054367 -0.307674 -0.159742 -0.330932 -0.260490 0.016133 0.180209 -0.377139 -0.215782 -0.420603 -0.336176 -0.018315 -0.008686 -0.149839 0.102978 -0.429221 0.030156 -0.319410 0.091316 -0.306039 0.033112 0.544950 0.354080 1.000000 0.715295 0.542957 0.421558 0.323608 0.251818 0.365969 0.236376 -0.395219 -0.130851 0.004402 0.111520 -0.372602 -0.142885 -0.276585 -0.257526 -0.140364 -0.396316 -0.388204 -0.469089 0.025693 0.095075 0.398517 0.389757 -0.000041 -0.381926 -0.106700 -0.127163 0.084078 0.212601 0.683231 0.378136 0.478647 0.531412 0.147865 -0.008563 -0.382053 -0.322454 -0.054574 0.007070 0.263637 0.331824 0.646409 0.576390 0.329724 0.628365 0.300965 0.443100 -0.298182 -0.278687 0.478863 0.568054 -0.147058 0.000531 0.378687 -0.150581 -0.334825 -0.261711 -0.286166 -0.183036 0.266210 0.123913 0.423498 0.161631 -0.344173 -0.049001 -0.353474 -0.287027 -0.258097 -0.235327 0.128686 0.099149 -0.298025 -0.198806 0.109387 0.123453 0.354922 -0.432187 -0.361549 -0.240166 -0.065149 -0.274248
0.264824 0.178254 -0.240083 -0.365941 -0.348521 -0.336076 -0.358500 -0.222524 -0.524766 -0.409839 -0.137994 0.013829 -0.306658 -0.051039 -0.488409 -0.282078 0.069636 0.174231 -0.260125 0.016086 -0.354673 -0.273337 -0.203621 -0.184318 -0.192622 -0.198297 -0.239964 -0.127296 -0.385589 -0.008069 -0.328345 -0.130522 0.537548 0.494529 0.715295 1.000000 0.450444 0.511571 0.217972 0.029919 0.233288 0.214886 -0.288712 -0.087786 0.021670 0.092576 -0.223871 0.037402 -0.166681 -0.116197 -0.194322 -0.403028 -0.283328 -0.360252 0.107940 0.097379 0.509635 0.314667 0.193091 -0.322966 0.183970 0.240236 0.212580 0.317682 0.565693 0.350680 0.457848 0.442601 0.342849 0.035548 -0.307076 -0.351399 -0.088326 -0.231737 -0.015049 0.271282 0.582778 0.536992 0.187180 0.390626 0.190726 0.256376 -0.561680 -0.542845 0.114794 0.179892 -0.184715 -0.292939 0.223901 -0.206170 -0.078371 -0.178745 -0.172441 -0.190735 0.229592 0.091403 0.437321 0.046791 0.039817 0.047846 -0.074463 -0.232263 0.004566 -0.174876 0.410478 0.019348 -0.027127 0.000443 0.023663 0.006998 0.444913 -0.100187 -0.222430 -0.197080 -0.213797 -0.381321
