1.000000 0.644824 -0.178966 -0.144868 -0.688089 -0.520254 -0.276539 -0.531112 -0.221163 -0.372497 0.033807 -0.576512 -0.384170 -0.756035 -0.273385 -0.533168 0.326120 -0.072376 0.569014 0.684880 -0.167303 -0.409502 -0.401434 -0.357356 -0.418910 -0.480079 -0.109692 0.205922 -0.379946 -0.468380 -0.444741 -0.572472 0.547960 0.238734 0.528161 0.047584 -0.091070 -0.140185 0.475620 0.255269 -0.092765 0.094489 -0.188074 -0.095835 -0.333666 -0.388300 0.038250 0.120214 -0.326399 -0.517194 -0.284127 -0.387162 0.013110 -0.184235 0.308596 0.195611 0.845295 0.775642 0.280324 0.024818 0.368035 -0.103115 0.311757 0.429784 0.034353 -0.286723 0.330514 -0.091600 0.679284 0.390677 -0.292474 -0.596027 -0.233343 -0.251854 0.243153 -0.256870 0.188548 0.489431 0.069759 0.161097 0.261375 0.220383 -0.228752 -0.435365 0.220890 0.231438 0.298549 0.566063 0.238815 0.291213 0.145098 0.363885 0.107429 0.195087 -0.086765 0.101166 0.521819 0.269426 0.102503 0.300640 -0.274399 -0.070189 0.276203 0.384144 0.314821 0.006959 0.231099 0.188191 0.047044 0.342703 0.261144 0.013274 -0.062967 -0.164388 -0.125218 -0.294324
0.644824 1.000000 -0.416886 -0.301946 -0.496742 -0.507455 -0.382282 -0.652341 -0.204045 -0.449339 -0.116665 -0.557923 -0.398172 -0.648412 -0.212470 -0.438770 0.262001 0.198049 0.459410 0.712727 -0.173566 -0.332084 -0.429426 -0.617744 -0.284003 -0.574602 -0.235445 -0.000543 -0.109830 -0.244914 -0.561994 -0.636781 0.395205 0.138150 0.408900 -0.110694 -0.027231 -0.087340 0.503437 0.016592 0.051464 0.018949 0.014078 0.003279 -0.298563 -0.389926 0.141492 0.063139 -0.110374 -0.278891 -0.140687 -0.041872 -0.022613 -0.097583 0.323665 0.150997 0.576918 0.857125 0.090256 0.218069 0.134826 -0.043600 0.168670 0.519360 -0.141391 -0.226238 0.025525 -0.370025 0.715017 0.568083 -0.407487 -0.611127 -0.237871 -0.203865 0.200908 -0.274456 0.474548 0.456371 0.373551 0.477088 0.405656 0.656606 0.091192 -0.367937 0.342687 0.099379 0.235512 0.476086 0.062361 0.082763 0.354267 0.268601 0.049116 0.199862 0.122653 -0.089267 0.408103 0.118903 0.178821 0.204546 -0.269175 -0.177978 0.210923 0.368068 0.329784 0.189411 0.285262 0.140264 -0.042446 0.454199 0.079158 0.073996 -0.005698 -0.149589 -0.030766 0.005372
-0.178966 -0.416886 1.000000 0.460874 0.156646 0.048687 0.740988 0.485714 0.018264 0.055948 0.543125 0.170834 0.215260 0.081882 0.310524 0.010223 -0.229149 -0.439824 0.205409 -0.163118 0.149517 0.465653 0.746990 0.565377 0.121766 0.405849 0.334333 0.020905 -0.075716 -0.127063 0.671861 0.679581 0.022400 0.114425 -0.068221 -0.282217 -0.355335 -0.120677 -0.100809 -0.015037 -0.185951 0.059245 -0.375916 -0.403546 -0.105973 -0.086625 -0.271551 -0.381431 -0.402569 -0.194375 -0.325265 -0.363233 -0.642902 -0.306080 -0.653018 -0.239424 -0.360749 -0.451173 -0.277779 0.022375 -0.084394 -0.154268 -0.158010 -0.218061 0.150459 -0.214598 -0.065907 0.018500 -0.426956 -0.197322 0.339324 0.410548 -0.037228 -0.052366 -0.115398 0.185562 -0.172888 -0.190181 -0.194297 -0.367437 -0.163148 -0.355450 0.128273 0.298583 -0.073088 -0.092427 -0.037191 0.003828 0.240077 -0.142426 -0.706653 -0.030011 -0.389702 0.197042 0.108831 0.076275 -0.343104 -0.323962 -0.375224 -0.423596 -0.322839 0.545981 0.035393 0.080927 -0.023727 0.031905 0.122579 0.274570 0.102081 -0.078137 -0.161934 -0.241141 -0.321638 0.140955 0.189287 0.043525
-0.144868 -0.301946 0.460874 1.000000 0.292558 0.120310 0.213193 0.557237 0.349790 0.166721 0.427704 0.175855 -0.025378 0.048709 0.308184 0.071579 0.067331 -0.227195 0.084992 0.122491 0.344385 0.168692 0.592847 0.737377 0.208170 0.471130 0.526319 0.410210 -0.222753 -0.061010 0.435894 0.308754 -0.249762 -0.234096 -0.211629 -0.206902 -0.152234 0.073462 -0.218131 0.424768 -0.131419 0.114827 -0.393711 -0.347421 -0.132406 -0.045504 -0.358944 -0.330306 -0.396730 -0.274558 -0.092160 -0.297729 -0.584998 -0.622414 -0.552254 -0.297638 -0.089213 -0.192734 -0.061402 0.286166 -0.157871 -0.045266 -0.110656 0.012114 0.354211 -0.056934 0.114266 0.198218 -0.214105 -0.042438 0.323505 0.161103 -0.012737 -0.020362 -0.105867 0.183254 -0.246234 -0.008838 -0.386298 -0.298807 -0.219066 -0.263113 -0.082294 0.091623 -0.196349 -0.097392 -0.216691 0.088474 0.240161 0.004550 -0.466562 -0.391705 -0.096787 -0.342754 -0.417603 0.073535 -0.165842 -0.200875 -0.220941 -0.636951 -0.340773 0.134652 -0.100104 -0.341324 -0.372552 -0.279776 0.026012 0.045311 0.040973 -0.023492 -0.208926 -0.348016 -0.543225 -0.072110 -0.118360 -0.334451
-0.688089 -0.496742 0.156646 0.292558 1.000000 0.465434 0.188157 0.301766 0.670122 0.431833 0.029446 0.295566 0.323550 0.515447 0.679850 0.671164 -0.053817 0.257687 -0.539623 -0.469546 0.461178 0.426970 0.514059 0.455098 0.566566 0.476613 0.355527 0.107048 0.562097 0.632260 0.473889 0.431532 -0.809506 -0.607652 -0.578718 -0.164730 0.317643 0.276529 -0.450709 0.010285 0.306658 0.070012 -0.015877 -0.037515 0.111600 0.183121 -0.144663 -0.219990 0.137039 0.271895 0.190015 0.271444 -0.295008 -0.101728 -0.351272 -0.130626 -0.594918 -0.519374 -0.319416 0.005462 -0.468714 -0.275573 -0.346803 -0.404665 -0.156042 0.057780 -0.337551 -0.067949 -0.489967 -0.431179 0.368193 0.497543 0.470687 0.307417 -0.053224 0.453994 -0.163223 -0.182281 0.169246 -0.063074 -0.037012 0.044463 0.257758 0.613776 -0.421065 -0.438110 -0.317093 -0.246228 -0.149157 -0.288546 -0.122747 -0.382837 -0.021920 -0.056829 -0.086046 -0.233609 -0.478364 -0.286921 -0.104572 -0.585790 0.237648 0.054377 -0.139998 -0.335483 -0.333652 -0.082712 -0.033162 -0.215574 -0.267754 -0.299686 -0.299183 -0.102674 -0.162394 0.077767 -0.229115 0.042835
-0.520254 -0.507455 0.048687 0.120310 0.465434 1.000000 0.437925 0.636234 0.285082 0.841787 0.028024 0.674887 0.527829 0.770206 0.208047 0.693238 -0.265760 0.053855 -0.390670 -0.457020 0.178111 0.236070 0.090436 0.156439 -0.166962 0.350349 -0.178839 -0.165914 0.315594 0.364106 0.382082 0.487712 -0.570963 -0.175383 -0.337839 0.089386 0.219328 0.124633 -0.257179 -0.030902 0.108553 0.003052 -0.153761 -0.226930 -0.014349 -0.045422 -0.251917 -0.377415 -0.008378 -0.059386 0.052010 -0.053870 0.008671 -0.008760 -0.074617 -0.338254 -0.434030 -0.528552 -0.043381 -0.307691 -0.053532 0.156433 0.198665 -0.079134 0.130669 0.429179 -0.242915 0.066412 -0.223097 -0.557435 0.384202 0.547565 0.326790 0.118403 -0.229205 0.117867 -0.267490 -0.270884 -0.293163 -0.188741 0.001978 -0.168331 0.149053 0.399506 0.003206 0.062715 -0.190609 -0.439113 0.316292 0.047551 -0.356854 -0.506773 0.092426 -0.078516 -0.085479 0.227960 -0.228108 -0.008054 -0.380141 -0.363566 0.199477 -0.095905 -0.219671 -0.419063 -0.363836 -0.077312 -0.289208 -0.201385 0.065500 -0.219318 -0.049414 -0.109211 -0.057745 -0.014248 0.118710 0.012886
-0.276539 -0.382282 0.740988 0.213193 0.188157 0.437925 1.000000 0.543821 0.151666 0.411809 0.430804 0.463593 0.574739 0.425314 0.295481 0.335204 -0.189458 -0.201824 0.033554 -0.353911 0.208338 0.420237 0.533740 0.334085 -0.143840 0.304498 0.010822 -0.163966 0.163729 0.053176 0.544446 0.624847 -0.188409 0.023703 -0.107235 -0.155987 -0.160519 -0.107751 -0.089465 -0.157744 -0.138574 0.013576 -0.336148 -0.364817 -0.156679 -0.132879 -0.401759 -0.425662 -0.259732 -0.169723 -0.214944 -0.301382 -0.437541 -0.232277 -0.403871 -0.412442 -0.477899 -0.532668 -0.290249 -0.420195 0.023237 -0.107007 0.104807 -0.184564 0.223811 0.053031 -0.314388 -0.003178 -0.229546 -0.369645 0.493080 0.539496 0.092613 -0.061894 -0.205480 0.149525 -0.178310 -0.161175 -0.152050 -0.385050 0.010501 -0.194783 0.169241 0.307342 -0.004436 0.065430 -0.041763 -0.089589 0.251594 -0.169123 -0.670860 -0.016908 -0.130617 0.370864 0.118188 0.061128 -0.451914 -0.239352 -0.577933 -0.442222 -0.226470 0.271019 -0.253856 -0.135922 -0.216146 -0.159539 -0.095265 0.097716 0.127566 -0.254483 -0.060484 -0.208493 -0.258419 -0.084101 0.303952 -0.062879
-0.531112 -0.652341 0.485714 0.557237 0.301766 0.636234 0.543821 1.000000 0.113177 0.561729 0.179948 0.733552 0.337227 0.623985 0.156103 0.357903 -0.393040 -0.332154 -0.295838 -0.428211 0.145678 0.381197 0.412132 0.564535 0.078097 0.628749 0.168117 0.037423 -0.051343 0.121301 0.517342 0.623406 -0.259986 0.071930 -0.275506 -0.056887 -0.211939 0.067063 -0.419761 0.084602 -0.083975 0.019073 -0.290611 -0.271142 -0.094385 0.009205 -0.369649 -0.406988 -0.218648 -0.046159 -0.059049 -0.147219 -0.293816 -0.269269 -0.463193 -0.498010 -0.526723 -0.653500 0.042779 0.028159 0.062446 0.212921 0.031525 -0.071593 0.377454 0.469209 0.027198 0.335501 -0.539852 -0.350914 0.308493 0.514832 0.010000 0.106201 -0.260608 0.114058 -0.337870 -0.336337 -0.493093 -0.369780 -0.381643 -0.476839 0.024095 0.292159 -0.008652 0.109770 -0.129884 -0.360854 0.300888 -0.026190 -0.625560 -0.610637 -0.095130 -0.345326 -0.212934 0.146552 -0.271573 -0.267802 -0.506823 -0.505238 -0.111042 0.146108 -0.279446 -0.383975 -0.445854 -0.173850 -0.321954 -0.174062 0.097780 -0.182291 -0.103259 -0.309655 -0.349053 -0.088023 0.175072 -0.048315
-0.221163 -0.204045 0.018264 0.349790 0.670122 0.285082 0.151666 0.113177 1.000000 0.557055 0.208099 0.116652 0.248509 0.245817 0.740399 0.635438 0.282615 0.320688 -0.252678 -0.154611 0.612757 0.335645 0.378407 0.365975 0.224733 0.425046 0.449042 0.456484 0.495773 0.564276 0.283910 0.178492 -0.670975 -0.664025 -0.325982 -0.306555 0.242195 0.322482 -0.145113 0.384682 0.299021 0.364549 -0.207053 -0.181687 -0.287516 -0.152604 -0.331586 -0.358978 -0.046461 -0.119771 -0.079752 -0.154433 -0.366450 -0.366546 -0.242820 -0.149642 -0.147896 -0.109124 -0.227990 -0.170724 -0.321371 -0.433881 -0.115399 -0.207265 0.037333 -0.109260 -0.409797 -0.256607 0.037041 -0.449007 0.332836 0.243156 0.474969 0.225766 0.106777 0.470532 -0.019814 0.186656 0.101076 0.022210 0.129318 0.299612 0.207551 0.383720 -0.282710 -0.233714 -0.065400 0.175693 0.091005 -0.276791 -0.097277 -0.240367 0.288701 -0.037923 -0.182941 -0.130255 -0.299516 -0.207078 -0.221800 -0.694878 0.092946 -0.184717 -0.182920 -0.340237 -0.303044 -0.242695 -0.137456 -0.172031 -0.153242 -0.028861 -0.277536 -0.384173 -0.371253 -0.211288 -0.304770 -0.318328
-0.372497 -0.449339 0.055948 0.166721 0.431833 0.841787 0.411809 0.561729 0.557055 1.000000 0.040276 0.580500 0.482311 0.682484 0.388206 0.809698 -0.216072 0.034255 -0.267446 -0.340779 0.402299 0.366081 0.087171 0.170659 -0.251033 0.425146 -0.016890 0.100290 0.406799 0.464737 0.419006 0.481492 -0.569004 -0.250533 -0.254646 -0.090913 0.203109 0.204267 -0.079070 0.122055 0.313683 0.302417 -0.292495 -0.344719 -0.297604 -0.274489 -0.393129 -0.514789 -0.112244 -0.234755 -0.121822 -0.253482 -0.070394 -0.113969 -0.125974 -0.352233 -0.323554 -0.456152 -0.031472 -0.307120 -0.074159 0.031069 0.182683 -0.042499 0.116225 0.380783 -0.387878 -0.158266 -0.061537 -0.573897 0.409609 0.481539 0.400536 0.238319 -0.029371 0.363885 -0.120368 -0.092768 -0.309333 -0.197970 0.011978 -0.040534 0.295115 0.455353 -0.003460 0.043654 -0.003437 -0.157693 0.388967 -0.030428 -0.290762 -0.479079 0.227920 -0.095269 -0.059613 0.299986 -0.256178 -0.093245 -0.443625 -0.514304 0.248501 -0.010047 -0.182761 -0.354583 -0.298942 -0.108817 -0.241250 -0.070901 0.148786 -0.007015 -0.191065 -0.331496 -0.220412 -0.028454 0.083251 -0.093825
0.033807 -0.116665 0.543125 0.427704 0.029446 0.028024 0.430804 0.179948 0.208099 0.040276 1.000000 0.280782 0.288587 0.007754 0.456567 -0.060692 0.387413 0.152251 0.297624 -0.035276 0.265845 0.368730 0.621082 0.481101 -0.155968 0.420276 0.421062 0.321810 0.148664 0.118101 0.595237 0.480793 0.089793 0.071685 -0.220764 -0.440264 -0.104518 0.065701 0.044210 0.178647 -0.090078 0.284383 -0.532925 -0.630058 -0.379883 -0.324360 -0.518058 -0.553078 -0.496359 -0.541945 -0.419837 -0.588575 -0.529939 -0.426608 -0.435907 -0.262159 -0.027029 -0.036688 -0.262190 -0.124929 -0.049483 -0.174045 0.031475 0.103990 0.410405 -0.397453 -0.285618 -0.086040 -0.074720 -0.361188 0.455438 0.384797 0.368881 0.291809 0.342741 0.233346 0.096656 0.174438 -0.210916 0.102194 -0.026675 0.044975 0.139128 -0.029149 0.263254 0.264923 0.172136 0.126572 0.324444 -0.111136 -0.670875 -0.025489 -0.148923 0.272597 -0.012001 -0.132505 -0.315052 -0.260849 -0.540154 -0.363426 -0.564326 -0.181971 -0.233293 -0.254946 -0.320290 -0.236889 -0.376063 -0.115280 -0.139715 -0.204998 -0.111125 -0.159883 -0.343413 0.020208 -0.063487 -0.127183
-0.576512 -0.557923 0.170834 0.175855 0.295566 0.674887 0.463593 0.733552 0.116652 0.580500 0.280782 1.000000 0.531828 0.785195 0.182246 0.421105 -0.118347 0.199385 -0.412443 -0.627447 0.215809 0.424269 0.274616 0.393458 -0.076139 0.584049 0.076233 -0.018445 0.328113 0.436391 0.465381 0.550128 -0.271173 0.082498 -0.472852 -0.068528 0.078362 0.117455 -0.393919 -0.169126 0.032497 -0.038195 -0.237368 -0.250241 -0.149277 -0.007335 -0.448429 -0.362731 -0.071627 -0.026854 0.030728 -0.051472 -0.031485 -0.067050 -0.271708 -0.553126 -0.553445 -0.641512 -0.024545 -0.295478 0.090928 0.228249 0.153270 0.024625 0.390892 0.509964 -0.231178 0.277833 -0.471339 -0.458425 0.443610 0.674932 0.388307 0.409994 0.031548 0.255826 -0.147585 -0.126087 -0.315129 -0.040839 -0.284828 -0.244246 0.039851 0.107291 0.134716 0.280216 0.018419 -0.424218 0.071822 -0.125927 -0.445675 -0.474939 0.116522 -0.044966 -0.153292 -0.084261 -0.459529 -0.290169 -0.585101 -0.313146 -0.027709 -0.189303 -0.537443 -0.579440 -0.644499 -0.370525 -0.617896 -0.461715 -0.048843 -0.430536 -0.020320 -0.065172 -0.070068 -0.100863 0.115212 -0.024902
-0.384170 -0.398172 0.215260 -0.025378 0.323550 0.527829 0.574739 0.337227 0.248509 0.482311 0.288587 0.531828 1.000000 0.686910 0.308431 0.510326 -0.059363 0.191120 -0.471130 -0.585994 0.109894 0.177467 0.340268 0.285474 -0.027004 0.197089 -0.129031 -0.289928 0.526499 0.419909 0.444553 0.550699 -0.319988 0.012874 -0.427286 0.026143 0.013210 -0.096633 -0.335034 -0.403200 -0.026915 -0.057111 -0.043597 -0.109908 -0.083157 -0.032838 -0.198092 -0.179184 0.223142 0.088767 0.032368 0.057927 -0.002074 0.037866 -0.186140 -0.239102 -0.583646 -0.488458 -0.047554 -0.322955 0.109791 -0.069849 0.046899 -0.148836 0.080713 0.333906 -0.423939 -0.108693 -0.237285 -0.650056 0.306240 0.496976 0.462748 0.123306 -0.041018 0.159286 -0.226036 -0.241504 -0.111597 -0.071750 -0.039442 -0.067642 0.093067 0.312444 -0.160050 -0.144197 -0.170212 -0.462931 0.042614 -0.355704 -0.267432 -0.082650 0.258640 0.353121 -0.101166 -0.340326 -0.488743 -0.254396 -0.443057 -0.330666 -0.056054 -0.218951 -0.491248 -0.382516 -0.498313 -0.181433 -0.411092 -0.368882 -0.276131 -0.609543 -0.090660 0.123101 -0.061439 -0.024348 0.027053 0.052382
-0.756035 -0.648412 0.081882 0.048709 0.515447 0.770206 0.425314 0.623985 0.245817 0.682484 0.007754 0.785195 0.686910 1.000000 0.197323 0.666847 -0.290030 0.148306 -0.629531 -0.730332 0.168225 0.315862 0.266018 0.285499 0.036587 0.393792 -0.079582 -0.225486 0.445541 0.478364 0.441782 0.570125 -0.542819 -0.128375 -0.491291 0.119327 0.167797 0.051960 -0.345583 -0.278140 0.137106 -0.025633 -0.056751 -0.104524 0.043736 0.059971 -0.249802 -0.295519 0.213985 0.189148 0.245623 0.256178 0.195137 0.159881 -0.105788 -0.373592 -0.731357 -0.779698 0.090949 -0.212757 0.043292 0.306323 0.075728 -0.131391 0.118483 0.556955 -0.265951 0.055823 -0.519666 -0.540914 0.409528 0.631240 0.389038 0.306896 -0.081528 0.271636 -0.230897 -0.326958 -0.241341 -0.140124 -0.241581 -0.287180 0.176699 0.324466 -0.090293 -0.082811 -0.112173 -0.625390 -0.025304 -0.106305 -0.238145 -0.434403 0.153598 -0.070219 -0.182130 -0.033703 -0.421892 -0.266852 -0.383520 -0.329178 0.285159 -0.036573 -0.431877 -0.545574 -0.530252 -0.275369 -0.467307 -0.361605 -0.038099 -0.509081 -0.228922 -0.121052 -0.041046 0.000067 0.054017 0.040840
-0.273385 -0.212470 0.310524 0.308184 0.679850 0.208047 0.295481 0.156103 0.740399 0.388206 0.456567 0.182246 0.308431 0.197323 1.000000 0.598457 0.177023 0.366255 -0.108417 -0.252443 0.742876 0.686149 0.566943 0.489012 0.362737 0.585645 0.547944 0.517322 0.695665 0.726944 0.666655 0.506940 -0.480421 -0.429394 -0.494667 -0.626390 0.346403 0.550258 -0.165965 0.299722 0.544320 0.522884 -0.376047 -0.392645 -0.456805 -0.307264 -0.471440 -0.523918 -0.383802 -0.243588 -0.435834 -0.313241 -0.595887 -0.520145 -0.523665 -0.158828 -0.318472 -0.214408 -0.416719 0.005781 -0.406044 -0.412497 -0.395652 -0.136212 -0.187570 -0.281301 -0.565917 -0.347510 -0.227685 -0.526536 0.529673 0.559817 0.679992 0.558488 0.373159 0.731666 0.153406 0.155187 0.234771 0.084993 0.042413 0.306486 0.535588 0.624795 -0.035422 -0.215145 0.092146 0.255562 0.261572 -0.297530 -0.382909 -0.313522 -0.174367 0.085890 0.164405 -0.220669 -0.468296 -0.317810 -0.404111 -0.667138 -0.046113 -0.089550 -0.064439 -0.208819 -0.273896 -0.087611 -0.144112 -0.148671 -0.207488 -0.049441 -0.275988 -0.230832 -0.414868 0.070847 -0.212664 0.066356
-0.533168 -0.438770 0.010223 0.071579 0.671164 0.693238 0.335204 0.357903 0.635438 0.809698 -0.060692 0.421105 0.510326 0.666847 0.598457 1.000000 -0.272119 0.217397 -0.436930 -0.514737 0.555535 0.373262 0.208688 0.226508 0.171579 0.469028 0.189919 0.119567 0.647406 0.690987 0.472747 0.481926 -0.743730 -0.396749 -0.474049 -0.225877 0.401643 0.334855 -0.206436 0.020825 0.437939 0.200004 -0.140064 -0.175285 -0.213032 -0.158601 -0.319607 -0.355760 -0.004636 -0.012820 -0.019014 0.020922 -0.058014 -0.148392 -0.166870 -0.224297 -0.552915 -0.526000 -0.139326 -0.189581 -0.200555 0.045811 -0.131557 -0.116338 -0.148106 0.264245 -0.460248 -0.192343 -0.221268 -0.566720 0.491996 0.584782 0.522584 0.371627 0.000023 0.518168 -0.103372 -0.134283 -0.068072 -0.161061 -0.089788 -0.007734 0.466734 0.658974 -0.119756 -0.215487 0.031541 -0.140550 0.179676 -0.147598 -0.085525 -0.360705 0.084059 -0.004732 0.020229 0.014781 -0.394871 -0.037233 -0.323893 -0.539544 0.377025 0.014760 -0.185778 -0.443365 -0.338421 -0.119381 -0.185060 -0.162731 -0.063977 -0.135195 -0.177150 -0.205192 -0.116445 0.045418 -0.024576 -0.002167
0.326120 0.262001 -0.229149 0.067331 -0.053817 -0.265760 -0.189458 -0.393040 0.282615 -0.216072 0.387413 -0.118347 -0.059363 -0.290030 0.177023 -0.272119 1.000000 0.556577 0.109892 0.167217 0.145844 0.015075 0.006651 0.042742 -0.161155 -0.151232 0.084057 0.246478 0.133810 0.078482 -0.189924 -0.305450 0.093908 -0.301398 -0.149695 -0.201837 0.171315 0.093732 -0.113661 0.147715 -0.098951 0.160506 0.032522 -0.022647 -0.049379 -0.051683 -0.001207 0.060237 -0.055267 -0.155466 -0.066384 -0.264383 -0.131382 -0.143260 -0.064037 0.010877 0.496855 0.490479 -0.123750 -0.308833 -0.085814 -0.388733 0.051596 0.000854 0.109340 -0.408536 -0.132464 -0.119145 0.305678 -0.034861 0.157710 -0.100330 0.271516 0.069653 0.335336 0.111862 0.209966 0.429192 0.324428 0.294022 0.452811 0.427413 -0.299914 -0.343396 -0.090678 0.110509 -0.202306 0.163586 -0.144610 -0.173272 -0.012670 0.156492 0.364483 0.197604 -0.258019 -0.245445 -0.072871 -0.281649 0.139975 0.098456 -0.208188 -0.573120 -0.199931 -0.134545 -0.122602 -0.247280 -0.157215 -0.149789 -0.178825 -0.172533 0.017543 0.262778 0.102207 -0.150298 -0.264977 -0.242018
-0.072376 0.198049 -0.439824 -0.227195 0.257687 0.053855 -0.201824 -0.332154 0.320688 0.034255 0.152251 0.199385 0.191120 0.148306 0.366255 0.217397 0.556577 1.000000 -0.268547 -0.202192 0.365970 0.151141 0.005958 -0.013607 0.089934 0.077533 0.124775 0.150125 0.707489 0.668662 -0.019175 -0.157137 -0.273025 -0.394239 -0.570108 -0.300565 0.527845 0.220855 -0.120120 -0.103925 0.263532 -0.026715 0.086558 0.062790 -0.180580 -0.079265 -0.083057 0.045877 0.069385 0.016195 0.072278 0.095620 0.039747 -0.128802 -0.013951 -0.098025 -0.046603 0.152121 -0.113100 -0.192705 -0.077588 -0.138332 -0.000668 0.208039 -0.156207 -0.085675 -0.351070 -0.256520 0.049946 -0.170867 0.293302 0.246932 0.697390 0.463836 0.429340 0.367531 0.215171 0.438374 0.515792 0.583448 0.246151 0.497185 0.019076 -0.086748 0.065693 -0.097481 0.042950 0.039133 -0.247697 -0.228789 0.218202 -0.094703 0.280713 0.268703 -0.121362 -0.438168 -0.213192 -0.149048 0.029932 -0.034762 0.090228 -0.589729 -0.289625 -0.370093 -0.369485 -0.364020 -0.300671 -0.465361 -0.327690 -0.247692 -0.009879 0.326540 0.216860 -0.013932 -0.239226 -0.050968
0.569014 0.459410 0.205409 0.084992 -0.539623 -0.390670 0.033554 -0.295838 -0.252678 -0.267446 0.297624 -0.412443 -0.471130 -0.629531 -0.108417 -0.436930 0.109892 -0.268547 1.000000 0.746098 0.007392 -0.005838 -0.151825 -0.290136 -0.482235 -0.303958 -0.090314 0.206738 -0.357403 -0.495227 -0.073608 -0.195455 0.560460 0.274848 0.474162 -0.225883 -0.046552 -0.060099 0.700712 0.264645 0.057335 0.275463 -0.472519 -0.474597 -0.333359 -0.435307 -0.277419 -0.267756 -0.619594 -0.597796 -0.495677 -0.564040 -0.245780 -0.214580 -0.001387 -0.051891 0.547427 0.440150 -0.116800 0.066418 0.018788 -0.045366 0.219199 0.230371 0.040390 -0.454118 0.043932 -0.170766 0.581775 0.472617 -0.013089 -0.305871 -0.233227 -0.139365 0.303067 -0.057893 0.436287 0.364008 0.027018 0.010127 0.318088 0.215973 0.179341 -0.202488 0.446823 0.349985 0.275979 0.607544 0.413864 0.300954 -0.209673 0.365281 -0.412742 0.093377 0.451767 0.417336 0.165487 0.169573 -0.089163 0.123519 -0.433844 0.234762 0.308895 0.488177 0.450445 0.227599 0.437410 0.671411 0.394727 0.545745 0.059041 -0.165727 -0.241972 0.209561 0.332517 0.127398
0.684880 0.712727 -0.163118 0.122491 -0.469546 -0.457020 -0.353911 -0.428211 -0.154611 -0.340779 -0.035276 -0.627447 -0.585994 -0.730332 -0.252443 -0.514737 0.167217 -0.202192 0.746098 1.000000 -0.210536 -0.340727 -0.342902 -0.402522 -0.363781 -0.510866 -0.180664 0.149929 -0.438498 -0.532854 -0.453400 -0.579186 0.398683 0.085445 0.572622 0.017435 -0.138814 -0.162458 0.630152 0.304841 -0.042993 0.088389 -0.290025 -0.205085 -0.284986 -0.386250 -0.044325 -0.062713 -0.356192 -0.445857 -0.271676 -0.285483 -0.146609 -0.209902 0.181329 0.036659 0.730524 0.732973 0.138434 0.308854 0.087828 -0.085618 0.262234 0.333806 -0.015689 -0.226866 0.193704 -0.192783 0.749445 0.692085 -0.368947 -0.724954 -0.341767 -0.341708 0.150118 -0.282864 0.382192 0.484833 0.137171 0.231619 0.439044 0.428350 -0.039755 -0.363920 0.289694 0.128722 0.094509 0.577485 0.286162 0.290497 0.186923 0.285248 -0.056812 -0.064002 0.088856 0.327609 0.436483 0.152786 0.131476 0.066107 -0.364730 0.096247 0.338303 0.532000 0.409446 0.259037 0.546303 0.457792 0.301908 0.661597 -0.035418 -0.198630 -0.281680 -0.048175 0.024937 -0.055096
-0.167303 -0.173566 0.149517 0.344385 0.461178 0.178111 0.208338 0.145678 0.612757 0.402299 0.265845 0.215809 0.109894 0.168225 0.742876 0.555535 0.145844 0.365970 0.007392 -0.210536 1.000000 0.636044 0.424285 0.470475 0.247426 0.516615 0.567980 0.662579 0.525756 0.636846 0.580809 0.368363 -0.436997 -0.442775 -0.433881 -0.603070 0.554317 0.593765 -0.079049 0.404026 0.630578 0.512848 -0.260016 -0.211071 -0.332979 -0.160273 -0.379403 -0.300635 -0.388119 -0.233830 -0.260963 -0.261736 -0.407753 -0.561790 -0.366878 -0.104480 -0.194657 -0.251719 -0.394228 -0.111589 -0.450260 -0.255769 -0.377209 -0.059286 -0.232519 -0.309844 -0.313985 -0.256298 -0.164565 -0.364169 0.672797 0.577053 0.603786 0.547919 0.369611 0.817473 0.068764 0.191748 0.075003 -0.045993 -0.123447 0.082819 0.398961 0.412694 -0.111175 -0.184339 0.238770 0.420213 0.136448 -0.130041 -0.288382 -0.392712 -0.217697 -0.135510 0.064453 -0.075006 -0.285397 -0.099249 -0.227598 -0.542313 0.079011 -0.028406 -0.127999 -0.427347 -0.327760 -0.342790 -0.076105 0.000207 -0.039469 0.025274 -0.105400 -0.191086 -0.333721 -0.013663 -0.197585 -0.103673
-0.409502 -0.332084 0.465653 0.168692 0.426970 0.236070 0.420237 0.381197 0.335645 0.366081 0.368730 0.424269 0.177467 0.315862 0.686149 0.373262 0.015075 0.151141 -0.005838 -0.340727 0.636044 1.000000 0.475754 0.396075 0.157071 0.587622 0.384180 0.420981 0.505984 0.579382 0.705377 0.637785 -0.201876 -0.168036 -0.356455 -0.633084 0.190717 0.506919 -0.161325 0.171374 0.525235 0.564214 -0.296068 -0.333305 -0.301124 -0.177654 -0.394583 -0.495168 -0.397321 -0.125545 -0.426538 -0.338734 -0.527712 -0.320025 -0.565296 -0.285316 -0.385696 -0.434184 -0.511325 -0.128026 -0.489695 -0.310354 -0.427157 -0.277742 -0.202097 -0.218796 -0.463447 -0.263019 -0.446011 -0.414739 0.589592 0.710109 0.527508 0.612429 0.374924 0.776271 0.199194 0.025442 0.119046 -0.015546 -0.022267 0.106477 0.427484 0.424345 0.078359 0.016735 0.103749 0.144575 0.204314 -0.241186 -0.570805 -0.381031 -0.382509 -0.045213 0.333491 0.062773 -0.456453 -0.497005 -0.398086 -0.431076 -0.023254 0.096906 -0.128238 -0.084732 -0.119816 0.072598 -0.135586 0.056807 0.114882 0.092838 -0.240451 -0.169092 -0.239288 0.137838 0.046594 0.307217
-0.401434 -0.429426 0.746990 0.592847 0.514059 0.090436 0.533740 0.412132 0.378407 0.087171 0.621082 0.274616 0.340268 0.266018 0.566943 0.208688 0.006651 0.005958 -0.151825 -0.342902 0.424285 0.475754 1.000000 0.778185 0.416032 0.561337 0.619669 0.174172 0.222237 0.236411 0.746438 0.680363 -0.350522 -0.248133 -0.416951 -0.375301 -0.116358 -0.004214 -0.300330 0.037536 -0.087170 0.044132 -0.256729 -0.266399 -0.060793 0.042417 -0.250286 -0.347119 -0.197326 -0.039095 -0.099312 -0.086830 -0.584170 -0.386576 -0.640295 -0.227570 -0.499132 -0.474862 -0.302781 0.085588 -0.228498 -0.187757 -0.278563 -0.198075 0.173142 -0.257511 -0.187575 -0.083478 -0.532711 -0.373977 0.443655 0.519342 0.282944 0.166027 -0.015862 0.360711 -0.174004 -0.127758 -0.097038 -0.067992 -0.256997 -0.201312 0.179033 0.304274 -0.199171 -0.337422 -0.037563 -0.066612 -0.025383 -0.348584 -0.577067 -0.229568 -0.182766 0.067606 -0.156526 -0.250894 -0.442528 -0.453071 -0.342260 -0.666266 -0.299805 0.180480 -0.210723 -0.345761 -0.396218 -0.257439 -0.139129 -0.115281 -0.145123 -0.296352 -0.378384 -0.270687 -0.394652 -0.028198 -0.167965 -0.113153
-0.357356 -0.617744 0.565377 0.737377 0.455098 0.156439 0.334085 0.564535 0.365975 0.170659 0.481101 0.393458 0.285474 0.285499 0.489012 0.226508 0.042742 -0.013607 -0.290136 -0.402522 0.470475 0.396075 0.778185 1.000000 0.495992 0.740693 0.635711 0.386815 0.144121 0.298905 0.693957 0.587124 -0.338389 -0.169914 -0.470171 -0.211101 0.023147 0.280598 -0.518990 0.284893 -0.047204 0.062390 -0.189109 -0.103518 -0.034098 0.188555 -0.246559 -0.142419 -0.206835 -0.015926 -0.129469 -0.162912 -0.460956 -0.497192 -0.624560 -0.125221 -0.401323 -0.516541 -0.180721 0.059040 -0.212075 -0.127273 -0.405793 -0.236317 0.149316 -0.055404 -0.010904 0.248435 -0.625251 -0.427068 0.479134 0.545354 0.347490 0.250640 -0.044238 0.439398 -0.369628 -0.079619 -0.277421 -0.243643 -0.463870 -0.455955 -0.083070 0.215320 -0.347654 -0.271438 -0.088812 -0.082400 0.014042 -0.192131 -0.449584 -0.419938 -0.091439 -0.208025 -0.357455 -0.226115 -0.304549 -0.221760 -0.260987 -0.575601 -0.091588 0.068362 -0.231905 -0.512780 -0.587375 -0.441066 -0.284043 -0.313496 -0.167481 -0.366173 -0.065644 -0.193669 -0.359556 -0.127518 -0.323409 -0.279122
-0.418910 -0.284003 0.121766 0.208170 0.566566 -0.166962 -0.143840 0.078097 0.224733 -0.251033 -0.155968 -0.076139 -0.027004 0.036587 0.362737 0.171579 -0.161155 0.089934 -0.482235 -0.363781 0.247426 0.157071 0.416032 0.495992 1.000000 0.355870 0.522747 0.194405 0.187025 0.377521 0.179887 0.119162 -0.286417 -0.205942 -0.434869 -0.135894 0.055493 0.292380 -0.580861 0.091110 0.073309 -0.168468 0.283594 0.415224 0.252477 0.437712 0.203646 0.308075 0.225791 0.532918 0.222115 0.507476 -0.209996 -0.184765 -0.325928 0.197934 -0.460462 -0.302791 -0.160884 0.358360 -0.289615 -0.156934 -0.660556 -0.338665 -0.345346 -0.024020 0.173694 0.221296 -0.601078 -0.097550 0.001663 0.186355 0.145472 0.157311 -0.109152 0.226871 -0.312016 -0.219197 0.217336 0.004576 -0.384103 -0.172384 -0.017315 0.363357 -0.499566 -0.530437 -0.116633 -0.100675 -0.358533 -0.275877 0.166805 -0.194328 -0.179213 -0.225258 -0.082450 -0.529139 -0.121453 -0.058986 0.207659 -0.257571 0.141077 0.087769 -0.063172 -0.228275 -0.271119 -0.116150 -0.013741 -0.326044 -0.441902 -0.239868 0.076794 0.060821 -0.037982 -0.098752 -0.404424 0.034791
-0.480079 -0.574602 0.405849 0.471130 0.476613 0.350349 0.304498 0.628749 0.425046 0.425146 0.420276 0.584049 0.197089 0.393792 0.585645 0.469028 -0.151232 0.077533 -0.303958 -0.510866 0.516615 0.587622 0.561337 0.740693 0.355870 1.000000 0.676157 0.494219 0.350314 0.560109 0.708962 0.641178 -0.396587 -0.126386 -0.449380 -0.418764 0.107543 0.452122 -0.360229 0.326558 0.223865 0.247214 -0.253931 -0.253386 -0.243935 0.008834 -0.417092 -0.381602 -0.274675 -0.121626 -0.228184 -0.279241 -0.413938 -0.419044 -0.488129 -0.214158 -0.501334 -0.519899 -0.276349 -0.020449 -0.276273 -0.046570 -0.347224 -0.116350 0.243710 0.025066 -0.249294 0.147770 -0.599414 -0.530412 0.491854 0.688615 0.429518 0.567747 0.087177 0.514343 -0.146779 -0.052331 -0.321117 -0.133022 -0.527378 -0.293408 0.206876 0.315934 0.019812 0.030949 0.204020 -0.016054 0.161184 -0.139988 -0.452293 -0.568183 -0.190399 -0.237752 -0.104707 -0.095689 -0.292919 -0.119259 -0.448064 -0.562400 0.016040 -0.014253 -0.221634 -0.511569 -0.476356 -0.288041 -0.487666 -0.368873 -0.160139 -0.115659 -0.028365 -0.313848 -0.305005 -0.045403 -0.152235 -0.151044
-0.109692 -0.235445 0.334333 0.526319 0.355527 -0.178839 0.010822 0.168117 0.449042 -0.016890 0.421062 0.076233 -0.129031 -0.079582 0.547944 0.189919 0.084057 0.124775 -0.090314 -0.180664 0.567980 0.384180 0.619669 0.635711 0.522747 0.676157 1.000000 0.710136 0.109328 0.365658 0.471253 0.266761 -0.264076 -0.262386 -0.343182 -0.515716 -0.031870 0.270161 -0.214406 0.397531 0.118894 0.205567 -0.245738 -0.195595 -0.219864 -0.009472 -0.309416 -0.204406 -0.275629 -0.157837 -0.024874 -0.146518 -0.512226 -0.550887 -0.422856 -0.105251 -0.162081 -0.148743 -0.224667 0.180087 -0.280755 -0.178048 -0.410455 -0.028289 0.190442 -0.338241 0.044707 0.115374 -0.387248 -0.200635 0.369430 0.302003 0.265359 0.451265 0.232928 0.460298 -0.140196 0.099817 -0.191481 -0.015391 -0.481179 -0.166900 0.057042 0.101100 -0.139786 -0.032613 0.249475 0.298105 -0.045414 -0.124947 -0.230642 -0.205540 -0.174180 -0.082208 -0.251789 -0.269708 -0.208760 -0.124081 -0.186073 -0.482156 -0.162182 0.043977 -0.132379 -0.413478 -0.317964 -0.300727 -0.200584 -0.214543 -0.287625 -0.034020 -0.053688 -0.252409 -0.227093 -0.077659 -0.367694 -0.344997
0.205922 -0.000543 0.020905 0.410210 0.107048 -0.165914 -0.163966 0.037423 0.456484 0.100290 0.321810 -0.018445 -0.289928 -0.225486 0.517322 0.119567 0.246478 0.150125 0.206738 0.149929 0.662579 0.420981 0.174172 0.386815 0.194405 0.494219 0.710136 1.000000 0.080997 0.344603 0.275183 -0.010982 -0.064837 -0.180275 -0.021028 -0.437203 0.226396 0.636774 0.111369 0.800323 0.498334 0.636033 -0.396763 -0.259897 -0.461400 -0.247441 -0.452244 -0.294890 -0.500749 -0.425675 -0.338998 -0.437298 -0.390845 -0.681259 -0.125488 0.019783 0.258912 0.132685 -0.131790 0.093642 -0.280907 -0.231789 -0.365572 0.046538 0.012422 -0.354014 0.010602 0.006391 -0.020593 -0.146452 0.321750 0.119389 0.344250 0.519567 0.503733 0.535010 0.040177 0.323766 -0.158699 -0.006561 -0.283133 0.039508 0.109861 -0.011526 0.086944 0.200377 0.414066 0.656921 0.319191 0.240758 -0.202228 -0.289834 -0.234340 -0.302958 -0.081236 0.037717 0.093772 0.069564 -0.223838 -0.328709 -0.068493 -0.134448 0.012490 -0.222164 -0.176946 -0.271257 -0.168787 -0.102242 -0.039102 0.253130 0.100501 -0.400432 -0.426694 -0.198762 -0.426395 -0.324714
-0.379946 -0.109830 -0.075716 -0.222753 0.562097 0.315594 0.163729 -0.051343 0.495773 0.406799 0.148664 0.328113 0.526499 0.445541 0.695665 0.647406 0.133810 0.707489 -0.357403 -0.438498 0.525756 0.505984 0.222237 0.144121 0.187025 0.350314 0.109328 0.080997 1.000000 0.880740 0.423225 0.362895 -0.473169 -0.340158 -0.616032 -0.425159 0.563909 0.369977 -0.159727 -0.185044 0.551027 0.198385 -0.039403 -0.099894 -0.310552 -0.203048 -0.212300 -0.224797 0.011323 0.025012 -0.195867 0.020688 -0.103224 -0.077776 -0.244027 -0.126752 -0.469984 -0.257470 -0.283191 -0.175803 -0.242656 -0.203334 -0.229538 -0.041837 -0.348213 0.035187 -0.679097 -0.478570 -0.172034 -0.474428 0.421801 0.578910 0.844807 0.588298 0.407555 0.645588 0.266130 0.210384 0.451155 0.360421 0.159395 0.403161 0.453156 0.450161 0.027848 -0.314922 0.078213 -0.052447 -0.025899 -0.378973 0.006949 -0.234299 0.066637 0.255970 0.184704 -0.346106 -0.447981 -0.281160 -0.235550 -0.358718 0.216830 -0.255527 -0.237901 -0.260964 -0.325522 -0.103025 -0.230257 -0.306056 -0.270671 -0.199265 -0.182917 0.116759 -0.015833 0.150959 -0.108035 0.247994
-0.468380 -0.244914 -0.127063 -0.061010 0.632260 0.364106 0.053176 0.121301 0.564276 0.464737 0.118101 0.436391 0.419909 0.478364 0.726944 0.690987 0.078482 0.668662 -0.495227 -0.532854 0.636846 0.579382 0.236411 0.298905 0.377521 0.560109 0.365658 0.344603 0.880740 1.000000 0.452318 0.368878 -0.524968 -0.366357 -0.691243 -0.476770 0.463079 0.537343 -0.341698 0.031957 0.576279 0.285847 -0.006443 -0.019750 -0.270794 -0.078694 -0.235779 -0.192758 0.026498 0.092858 -0.077602 0.059758 -0.175314 -0.226941 -0.280740 -0.116809 -0.493665 -0.332637 -0.291413 -0.101703 -0.345295 -0.218736 -0.371260 -0.081901 -0.303926 0.086768 -0.503231 -0.263750 -0.354299 -0.555725 0.467892 0.625874 0.835388 0.727782 0.371512 0.705871 0.049370 0.100555 0.237220 0.284349 -0.083642 0.267961 0.339639 0.460312 -0.090775 -0.216884 0.113787 -0.033033 -0.040757 -0.344919 0.004195 -0.426565 0.077592 0.028840 0.046498 -0.363034 -0.376618 -0.212601 -0.226365 -0.401004 0.252545 -0.302924 -0.314656 -0.458388 -0.462376 -0.216285 -0.396575 -0.456487 -0.349158 -0.191772 -0.084480 0.065927 -0.032415 0.019212 -0.269501 0.103224
-0.444741 -0.561994 0.671861 0.435894 0.473889 0.382082 0.544446 0.517342 0.283910 0.419006 0.595237 0.465381 0.444553 0.441782 0.666655 0.472747 -0.189924 -0.019175 -0.073608 -0.453400 0.580809 0.705377 0.746438 0.693957 0.179887 0.708962 0.471253 0.275183 0.423225 0.452318 1.000000 0.924031 -0.340834 -0.080772 -0.454914 -0.452141 0.180456 0.329246 -0.179992 0.095892 0.332261 0.376665 -0.387154 -0.470496 -0.219948 -0.142041 -0.415117 -0.526489 -0.397436 -0.249385 -0.369214 -0.345063 -0.465602 -0.334249 -0.584233 -0.188200 -0.543656 -0.625023 -0.383032 -0.002557 -0.347402 -0.070377 -0.351037 -0.157183 -0.003005 -0.188034 -0.398527 -0.165578 -0.563620 -0.610207 0.669704 0.817221 0.525301 0.508678 0.191527 0.649461 -0.057009 -0.183724 -0.259965 -0.207254 -0.316727 -0.275483 0.463165 0.525597 0.013928 -0.143190 0.110165 -0.057815 0.283855 -0.164125 -0.674852 -0.408567 -0.404823 0.005936 0.129702 0.025411 -0.467344 -0.263787 -0.481467 -0.551729 -0.070400 0.207832 -0.084481 -0.318899 -0.319062 -0.087806 -0.218493 -0.014982 -0.002326 -0.199014 -0.277540 -0.199020 -0.342896 0.260499 -0.006465 0.148345
-0.572472 -0.636781 0.679581 0.308754 0.431532 0.487712 0.624847 0.623406 0.178492 0.481492 0.480793 0.550128 0.550699 0.570125 0.506940 0.481926 -0.305450 -0.157137 -0.195455 -0.579186 0.368363 0.637785 0.680363 0.587124 0.119162 0.641178 0.266761 -0.010982 0.362895 0.368878 0.924031 1.000000 -0.285611 0.035179 -0.434369 -0.363825 0.001424 0.167552 -0.302367 -0.119879 0.164186 0.257898 -0.230065 -0.370462 -0.084246 -0.057250 -0.261899 -0.473770 -0.207708 -0.078559 -0.285422 -0.234546 -0.340938 -0.094650 -0.576263 -0.207719 -0.654836 -0.709164 -0.330384 -0.051936 -0.254275 0.003453 -0.253357 -0.216720 0.036656 -0.012709 -0.395724 -0.147504 -0.603547 -0.652034 0.536669 0.810719 0.369880 0.364222 -0.006382 0.473220 -0.095005 -0.380681 -0.309870 -0.241023 -0.285138 -0.317928 0.451813 0.595148 -0.022226 -0.152699 0.013542 -0.314762 0.214618 -0.305319 -0.659196 -0.399101 -0.275000 -0.009743 0.165684 0.033527 -0.479605 -0.338517 -0.456261 -0.469020 -0.046473 0.225723 -0.149324 -0.293660 -0.280011 0.018151 -0.284397 -0.013374 0.003935 -0.244189 -0.315758 -0.135233 -0.232719 0.256180 0.139362 0.260736
0.547960 0.395205 0.022400 -0.249762 -0.809506 -0.570963 -0.188409 -0.259986 -0.670975 -0.569004 0.089793 -0.271173 -0.319988 -0.542819 -0.480421 -0.743730 0.093908 -0.273025 0.560460 0.398683 -0.436997 -0.201876 -0.350522 -0.338389 -0.286417 -0.396587 -0.264076 -0.064837 -0.473169 -0.524968 -0.340834 -0.285611 1.000000 0.757046 0.400835 -0.012897 -0.385970 -0.197777 0.247875 -0.058085 -0.208183 0.028888 -0.037059 -0.034660 -0.120430 -0.191524 0.128205 0.142043 -0.192169 -0.180577 -0.261838 -0.198816 0.118804 0.112717 0.100382 0.124255 0.454246 0.429697 0.256509 0.202845 0.412765 0.154619 0.154267 0.281593 0.024563 -0.093010 0.376392 0.063130 0.262455 0.401972 -0.422581 -0.407713 -0.378864 -0.181558 0.260278 -0.355581 0.192746 0.064989 -0.025109 0.136864 0.049351 0.016344 -0.161202 -0.365106 0.326471 0.335302 0.260663 0.157669 0.137512 0.155125 -0.011868 0.305320 -0.148616 0.016151 0.249064 0.013883 0.342761 0.023567 0.085432 0.540121 -0.389598 0.008677 0.107947 0.415296 0.314305 0.181290 0.033384 0.231658 0.021190 0.204867 0.292542 0.174903 0.068532 0.070672 0.191593 0.231292
0.238734 0.138150 0.114425 -0.234096 -0.607652 -0.175383 0.023703 0.071930 -0.664025 -0.250533 0.071685 0.082498 0.012874 -0.128375 -0.429394 -0.396749 -0.301398 -0.394239 0.274848 0.085445 -0.442775 -0.168036 -0.248133 -0.169914 -0.205942 -0.126386 -0.262386 -0.180275 -0.340158 -0.366357 -0.080772 0.035179 0.757046 1.000000 0.314970 0.196061 -0.352193 -0.111930 0.130361 -0.153686 -0.174227 -0.082341 -0.124960 -0.142117 -0.163508 -0.198245 -0.002457 -0.030176 -0.107580 -0.189988 -0.192947 -0.045557 0.214110 0.170009 0.154220 0.056907 0.081886 0.073994 0.319318 0.154190 0.466157 0.423826 0.075506 0.267557 0.144288 0.262519 0.313948 0.247658 0.012444 0.148263 -0.355960 -0.162311 -0.287509 -0.073352 0.131111 -0.344503 0.023964 -0.137059 -0.346551 0.004824 -0.331650 -0.286245 0.001012 -0.214814 0.314148 0.373720 0.376675 -0.113864 0.217005 0.252106 -0.080362 0.080047 -0.190442 0.061737 0.208186 -0.075040 0.240519 0.152329 -0.210488 0.334897 -0.252372 0.099784 0.006767 0.143591 0.017727 0.111817 -0.195414 -0.053153 -0.134748 -0.038321 0.447388 0.035513 0.045358 -0.014056 0.111517 0.175772
0.528161 0.408900 -0.068221 -0.211629 -0.578718 -0.337839 -0.107235 -0.275506 -0.325982 -0.254646 -0.220764 -0.472852 -0.427286 -0.491291 -0.494667 -0.474049 -0.149695 -0.570108 0.474162 0.572622 -0.433881 -0.356455 -0.416951 -0.470171 -0.434869 -0.449380 -0.343182 -0.021028 -0.616032 -0.691243 -0.454914 -0.434369 0.400835 0.314970 1.000000 0.451231 -0.304219 -0.123821 0.621374 0.270770 -0.103512 0.134084 -0.004186 0.064602 0.017975 -0.078617 0.146706 0.047022 -0.013114 -0.169029 -0.161713 -0.193244 0.189141 0.122477 0.588846 0.361620 0.588139 0.439742 0.171837 -0.023664 0.143653 0.021060 0.140367 0.010522 0.096035 -0.151381 0.163577 -0.025302 0.479132 0.363306 -0.538687 -0.664342 -0.639239 -0.504251 -0.199152 -0.511875 0.062275 -0.023059 -0.211097 -0.226602 0.039054 -0.008533 -0.065616 -0.401054 0.262636 0.294141 0.234700 0.445024 0.244079 0.514688 0.123082 0.326921 -0.099801 -0.048213 0.186678 0.500215 0.539077 0.353697 0.099021 0.349516 0.021023 0.223753 0.473497 0.600185 0.602508 0.308161 0.331538 0.367318 0.451428 0.491558 0.096188 -0.385868 -0.115492 -0.247690 0.028204 -0.142842
0.047584 -0.110694 -0.282217 -0.206902 -0.164730 0.089386 -0.155987 -0.056887 -0.306555 -0.090913 -0.440264 -0.068528 0.026143 0.119327 -0.626390 -0.225877 -0.201837 -0.300565 -0.225883 0.017435 -0.603070 -0.633084 -0.375301 -0.211101 -0.135894 -0.418764 -0.515716 -0.437203 -0.425159 -0.476770 -0.452141 -0.363825 -0.012897 0.196061 0.451231 1.000000 -0.080291 -0.256963 0.086271 -0.095614 -0.338711 -0.411607 0.256343 0.352425 0.460276 0.380405 0.291683 0.374774 0.490314 0.281631 0.429476 0.413620 0.598828 0.480545 0.640480 0.277394 0.127562 -0.060965 0.375763 -0.150661 0.280313 0.264166 0.227306 -0.173529 0.159025 0.383615 0.322021 0.426738 0.060495 0.129562 -0.442795 -0.423920 -0.397216 -0.503233 -0.424987 -0.574383 -0.372206 -0.228914 -0.236732 -0.269465 -0.149315 -0.390824 -0.437715 -0.390759 -0.205612 0.047794 -0.218670 -0.317311 -0.194129 0.439316 0.351969 0.200848 0.233025 0.003886 -0.230580 0.140128 0.276789 0.397202 0.222344 0.381978 0.345433 0.064888 0.161077 0.132230 0.070397 -0.049984 0.071996 -0.133155 0.127729 -0.291221 0.251559 -0.037378 0.206895 -0.230725 -0.136271 -0.257979
