1.000000 0.091332 0.014572 -0.258268 -0.274760 -0.147282 -0.003822 -0.259050 -0.134674 -0.285675 0.427864 0.191370 0.121661 0.069493 0.049341 -0.167347 0.269097 0.026126 0.267062 0.142973 -0.166873 -0.163191 -0.127145 -0.125602 -0.157308 -0.090831 -0.098082 0.055409 -0.097242 -0.193923 -0.240484 -0.234476 0.155108 -0.098471 -0.306465 -0.174747 0.025350 -0.104322 0.126573 -0.059478 -0.049109 -0.155767 0.020420 -0.181691 -0.165188 -0.241275 -0.079232 -0.160534 -0.139461 -0.164817 -0.107827 -0.213286 -0.104674 -0.161447 0.227156 -0.097615 0.574435 0.045349 0.270258 0.000441 0.075928 0.047913 0.217139 0.013106 0.033158 -0.127901 0.281377 -0.150546 0.248017 0.123681 -0.142055 -0.234066 -0.108872 -0.239500 0.045111 -0.024446 -0.087437 -0.145691 0.132576 -0.030014 0.216459 0.044318 -0.038754 -0.104667 0.145488 -0.032487 -0.110723 0.206188 -0.011351 0.037696 0.032434 0.129350 0.013777 -0.024897 0.066030 0.126255 0.195065 0.073318 0.024921 0.183442 -0.213617 -0.061078 -0.127250 -0.028078 -0.036693 0.149253 0.077021 -0.019316 0.120881 0.113302 0.014926 0.124219 0.107219 0.007729 0.059525 -0.068832
0.091332 1.000000 -0.235401 -0.128560 -0.026632 -0.028196 -0.110912 -0.010036 -0.140223 -0.025294 0.041804 0.198862 0.146234 0.098579 -0.068349 0.075086 -0.002928 -0.015658 0.046967 0.275956 -0.163080 -0.123964 -0.429394 -0.207059 -0.170612 -0.036483 -0.126779 -0.037864 -0.332896 -0.158003 -0.262540 -0.277950 0.019797 -0.017562 -0.395146 -0.314075 -0.129861 -0.071380 -0.101002 0.004292 -0.092752 -0.030571 -0.287936 -0.228025 -0.174099 -0.306492 -0.121785 -0.235625 0.082223 -0.198534 0.144749 -0.053766 0.156016 -0.044125 0.122656 0.139310 0.020926 0.602495 0.089670 0.256639 0.119766 0.601619 -0.261308 0.292956 -0.211355 -0.098054 -0.116303 -0.131244 0.064534 0.292230 -0.025697 -0.082757 -0.103704 0.111220 -0.008548 0.189086 -0.128433 -0.039168 -0.092232 -0.036553 0.091343 -0.203915 -0.089531 -0.263660 -0.091377 -0.014414 0.087765 -0.044086 0.014649 0.125147 0.139795 -0.055394 -0.054080 -0.030148 -0.071435 0.047790 0.036152 0.185300 0.167428 -0.052326 -0.058795 0.095558 0.041920 0.123460 0.217624 0.263213 0.312728 0.135863 0.003886 -0.013431 -0.078247 0.001117 -0.250709 -0.153888 0.142805 0.255755
0.014572 -0.235401 1.000000 0.250860 -0.050106 0.038264 0.583872 0.388984 -0.093882 -0.046840 0.140750 -0.014829 0.069807 0.109216 -0.020779 -0.137386 -0.433646 -0.129561 0.308531 -0.115032 0.071742 -0.001696 0.489045 0.259627 -0.007702 0.123437 0.104535 0.123963 -0.318359 -0.152130 0.115653 0.053647 -0.052453 0.110353 -0.003785 0.147746 -0.189324 -0.108191 -0.043805 -0.154544 -0.186614 -0.061382 -0.153283 -0.044126 -0.338115 -0.180644 -0.378931 -0.163409 -0.224080 -0.216701 -0.295053 -0.183129 -0.243633 -0.425167 -0.017405 -0.094077 -0.322639 -0.410464 0.329254 0.083364 0.170267 -0.111392 -0.284161 -0.181806 0.164889 0.223146 0.104635 0.064801 -0.179733 -0.228179 -0.071423 0.006144 -0.309412 -0.062081 -0.176059 -0.007112 -0.149618 0.105139 -0.301127 -0.082630 -0.343851 -0.218224 -0.279504 0.049031 0.061599 0.003087 -0.208818 -0.082842 0.178189 -0.077851 0.083587 0.286754 0.077003 0.285985 -0.006900 0.055089 -0.027988 0.094277 -0.143814 0.193828 -0.010381 0.115231 -0.040751 -0.154948 -0.075747 -0.115457 -0.116762 0.008674 0.188585 0.173273 0.003996 0.052478 0.156625 0.085684 0.168501 -0.023498
-0.258268 -0.128560 0.250860 1.000000 0.010883 0.011262 0.181645 0.620039 -0.051805 0.178327 -0.182088 0.031012 -0.141135 0.128131 -0.104197 0.114435 -0.353389 -0.274437 0.115083 0.142172 0.067637 -0.126789 0.037585 0.376408 -0.093334 -0.123448 0.074986 0.016158 -0.338349 -0.112764 -0.074389 0.018936 -0.247423 -0.192527 -0.042338 -0.116207 -0.014233 0.072879 -0.119647 -0.096522 -0.149781 0.005440 -0.140657 -0.080434 -0.117320 -0.078592 -0.130591 -0.059104 0.036603 -0.000658 0.053670 0.139858 0.117182 -0.010788 -0.018828 0.036379 -0.350567 -0.328599 0.082221 0.138108 0.157890 -0.058694 -0.315909 -0.306379 0.056971 0.103947 -0.052273 -0.021523 -0.135719 -0.212549 -0.086737 0.104147 -0.318638 0.031150 -0.289116 0.048660 -0.154545 0.173601 -0.335067 -0.143017 -0.365266 -0.322718 -0.061020 0.084930 -0.070986 0.208225 -0.090670 0.083808 0.172950 0.374149 0.158679 0.162806 0.280052 0.118568 0.129897 0.113301 -0.114396 0.076027 0.033117 -0.019540 0.275121 0.225865 0.197296 -0.066133 -0.037196 -0.364711 -0.204937 -0.023947 -0.147331 0.176955 -0.105533 0.078243 0.300886 0.141082 0.126224 -0.007951
-0.274760 -0.026632 -0.050106 0.010883 1.000000 0.150011 0.223814 0.169073 0.763156 0.647159 -0.105445 -0.028109 0.138951 0.143471 0.402322 0.491680 -0.081867 -0.112964 -0.066894 0.034622 0.036074 0.085870 -0.079258 -0.276507 0.421847 -0.092218 0.230507 -0.165338 0.133306 0.105085 0.158709 0.208448 0.073685 0.076273 0.188635 0.269037 -0.186551 -0.428874 -0.311092 -0.309430 -0.144223 -0.089470 -0.160110 -0.064931 0.237382 0.352177 -0.059266 -0.089726 0.065577 0.075935 0.038701 -0.096947 0.017521 0.144010 -0.315526 -0.338855 -0.156900 -0.023852 0.039529 -0.174778 0.149432 0.117554 -0.094421 0.140385 0.148201 0.125769 -0.233958 0.165819 -0.029734 -0.008960 -0.138094 -0.137749 0.047420 -0.081150 -0.213972 -0.158968 -0.285504 -0.185418 -0.045815 -0.271736 -0.127633 -0.042111 0.017169 0.399623 0.001306 0.025218 -0.123458 -0.261741 -0.015023 -0.222796 0.119151 -0.173337 0.080754 0.104170 -0.171476 -0.269108 -0.414061 -0.274007 -0.272922 -0.523010 0.076200 0.165271 -0.168197 -0.101938 -0.115869 -0.174701 -0.040493 -0.066352 -0.175364 -0.427027 -0.265528 -0.283427 -0.026056 -0.306925 -0.170971 -0.193947
-0.147282 -0.028196 0.038264 0.011262 0.150011 1.000000 -0.298565 -0.129983 -0.058694 0.200312 -0.240935 -0.222445 -0.419325 -0.447660 0.071167 -0.296029 0.098537 -0.089687 0.308347 0.302251 0.550569 0.505600 0.269833 0.290383 0.735489 0.714501 0.698095 0.765517 -0.005099 -0.519453 0.222503 0.164583 0.232709 0.335317 0.266052 0.379486 0.135121 -0.026073 0.214278 0.058985 0.053076 0.370630 0.087992 -0.009576 -0.185870 -0.195217 0.037121 0.155651 -0.265239 -0.128845 -0.245510 -0.263317 0.128122 0.197345 0.033979 -0.220154 0.108929 0.344711 -0.384155 -0.104018 -0.436199 -0.274842 0.040571 -0.160252 -0.080158 -0.208172 -0.101992 0.114172 0.279936 0.390131 0.123251 0.069291 -0.308328 -0.001102 -0.038365 -0.029228 -0.350485 0.003117 0.254808 -0.063982 0.157375 -0.013654 0.206555 -0.017228 0.285379 0.061192 0.170490 0.135990 0.123495 -0.265113 0.135055 0.073063 0.117217 0.260816 -0.218158 -0.120741 -0.196357 -0.148885 -0.121995 -0.168738 0.059428 0.169793 -0.125936 -0.086518 -0.371228 -0.257266 -0.147278 -0.161329 0.035830 -0.189974 0.044428 -0.179306 -0.114145 -0.012629 -0.377210 -0.334219
-0.003822 -0.110912 0.583872 0.181645 0.223814 -0.298565 1.000000 0.534588 0.286084 0.285613 0.297895 0.100149 0.453184 0.425673 0.048498 0.382050 -0.419266 -0.176909 0.024185 -0.088999 -0.155738 -0.199801 0.031245 -0.172606 -0.215699 -0.290908 -0.054554 -0.227020 -0.091092 0.247197 0.109677 0.024895 -0.129590 0.054214 0.137943 0.093299 -0.323051 -0.328057 -0.348614 -0.358891 -0.410768 -0.340376 -0.362103 -0.213782 -0.139072 0.062248 -0.452236 -0.375568 -0.163749 -0.165843 -0.320009 -0.212912 -0.298525 -0.273122 -0.239491 -0.196901 -0.471101 -0.470274 0.473658 -0.199633 0.535361 0.206148 -0.248895 -0.055868 0.275804 0.429865 -0.199208 -0.027393 -0.442766 -0.434201 0.013270 -0.048404 0.002991 0.081510 -0.277604 -0.062071 0.028045 0.090398 -0.353269 -0.065598 -0.464811 -0.070746 -0.293687 0.187022 0.001994 -0.053559 -0.376766 -0.283733 0.167464 0.132719 0.099092 0.199777 0.180352 0.284756 0.090969 0.056008 -0.202904 -0.109688 -0.241961 -0.009799 0.041258 0.289870 0.064297 0.008157 -0.005792 -0.207457 -0.073253 0.092214 0.121766 0.099634 -0.200928 0.025271 0.307813 0.093970 0.252856 0.072755
-0.259050 -0.010036 0.388984 0.620039 0.169073 -0.129983 0.534588 1.000000 0.158368 0.390111 -0.153737 0.178617 0.004345 0.488589 -0.162841 0.291915 -0.491085 -0.173517 -0.050121 -0.162119 -0.032852 -0.307844 -0.221708 -0.010930 -0.279085 -0.331583 -0.030494 -0.249400 -0.345773 0.030293 -0.184211 -0.185188 -0.245657 -0.066184 -0.031237 -0.144033 -0.379826 -0.252501 -0.372399 -0.236484 -0.339409 -0.267620 -0.328213 -0.251653 -0.053540 0.102063 -0.269736 -0.240305 0.018384 -0.012912 -0.122819 0.146427 -0.047477 -0.250888 -0.209638 -0.079494 -0.499892 -0.447887 0.371387 0.308594 0.565692 0.283178 -0.303454 -0.045749 0.106266 0.540931 -0.000786 0.139922 -0.424214 -0.412295 -0.140808 -0.017498 -0.147239 0.028857 -0.309187 -0.145640 -0.199570 -0.042613 -0.419998 -0.209419 -0.510405 -0.320062 -0.268354 -0.072486 -0.230191 -0.015327 -0.231817 -0.265748 0.225429 0.306354 0.236280 0.110878 0.189860 0.005563 0.027975 0.028182 -0.224858 -0.020375 -0.040056 -0.065275 0.270633 0.193859 0.216612 -0.095692 0.057723 -0.222185 -0.091161 0.211410 -0.186653 0.010745 -0.271877 -0.123021 0.375504 0.074866 0.227566 0.101749
-0.134674 -0.140223 -0.093882 -0.051805 0.763156 -0.058694 0.286084 0.158368 1.000000 0.554158 -0.083488 0.008154 0.283530 0.215069 0.513548 0.588621 -0.055874 -0.032921 -0.180771 -0.103710 -0.127903 0.019234 -0.146925 -0.257469 0.230789 -0.155467 0.049176 -0.238368 0.156599 0.285126 0.066877 0.062047 -0.102626 -0.119615 0.100991 0.118789 -0.144480 -0.322761 -0.226487 -0.205282 -0.097181 -0.113243 -0.136180 0.010875 0.345628 0.319881 -0.076860 -0.044497 0.166900 0.177343 0.002700 0.104369 -0.013270 0.090430 -0.287597 -0.125656 -0.192679 -0.190937 0.079157 -0.205433 0.175251 0.011500 -0.116988 0.002861 -0.026968 0.148581 -0.273349 -0.016521 -0.173335 -0.224272 0.057990 -0.065060 0.222164 0.078161 -0.026617 -0.150628 -0.070206 -0.101433 0.011226 -0.083658 -0.116948 0.135895 0.019653 0.294659 -0.024276 0.000280 -0.108295 -0.181082 -0.075828 -0.007123 0.085962 -0.149571 0.040813 0.095630 -0.118922 -0.162391 -0.310127 -0.177396 -0.244661 -0.370779 -0.016595 0.121438 -0.054300 -0.036431 -0.052701 -0.090563 -0.043634 0.058733 -0.155411 -0.374005 -0.222285 -0.124938 0.022928 -0.137173 -0.058591 -0.076666
-0.285675 -0.025294 -0.046840 0.178327 0.647159 0.200312 0.285613 0.390111 0.554158 1.000000 -0.075316 0.026288 0.057666 0.215132 0.139968 0.554986 -0.042991 0.044892 -0.034408 0.100049 0.067245 -0.000664 -0.203104 -0.255255 0.383102 -0.101886 0.121474 -0.194439 0.105848 0.230574 0.162392 0.138026 -0.025807 0.042396 0.223488 0.117722 -0.194565 -0.236149 -0.259562 -0.214832 -0.200504 -0.084188 -0.214062 -0.098368 0.136846 0.219201 -0.119059 -0.189305 -0.071016 -0.041734 -0.128464 -0.126400 -0.055285 0.233250 -0.436516 -0.263149 -0.285719 -0.085725 0.031548 -0.142139 0.085411 0.108331 -0.035965 -0.008753 0.067059 0.132699 -0.269119 -0.045997 -0.148756 -0.138702 0.044238 -0.001943 0.004171 0.179124 -0.289892 -0.055677 -0.249967 0.027579 -0.037544 -0.003643 -0.129420 -0.004689 0.007944 0.244163 -0.020779 0.068835 -0.214008 -0.298459 -0.127979 -0.023487 0.216843 -0.077119 0.212504 0.200851 -0.070747 -0.142532 -0.467539 -0.276185 -0.110589 -0.362983 0.176578 0.361433 0.130377 0.122311 -0.047533 -0.257842 -0.177901 -0.003111 -0.283777 -0.370885 -0.342128 -0.069477 0.144552 0.143610 -0.002976 -0.090466
0.427864 0.041804 0.140750 -0.182088 -0.105445 -0.240935 0.297895 -0.153737 -0.083488 -0.075316 1.000000 0.192489 0.496303 0.058088 0.254625 -0.016388 0.010297 0.084037 0.288498 0.061140 -0.084509 -0.139411 0.107890 -0.142667 -0.103616 -0.134688 -0.072920 -0.029015 0.198455 0.045036 0.027973 0.099352 -0.012566 -0.015109 0.050268 -0.038796 0.117541 0.056521 -0.118913 -0.260704 -0.223766 -0.099087 -0.004032 0.020026 -0.186386 -0.151955 -0.177585 -0.246305 -0.297022 -0.329897 -0.282536 -0.322028 -0.416344 -0.232927 -0.116121 -0.268661 0.079347 0.000952 0.096556 -0.198318 0.106589 0.060214 0.030731 -0.040703 0.326345 -0.130316 0.058724 -0.172171 -0.168811 -0.098556 0.142255 -0.014199 0.012016 -0.004402 0.125809 0.278979 0.292560 0.247184 0.117824 -0.091037 0.102899 -0.060312 0.063198 0.283003 0.476745 0.009399 -0.151688 0.113012 0.119249 -0.095453 -0.064327 0.192972 0.041562 0.183120 -0.062638 -0.120344 -0.099148 -0.167105 -0.191017 0.086781 -0.257422 0.133349 -0.028185 0.109919 0.024893 0.024232 -0.083645 -0.036023 0.008365 0.111333 0.001225 0.085079 -0.025747 0.045746 0.162229 0.003999
0.191370 0.198862 -0.014829 0.031012 -0.028109 -0.222445 0.100149 0.178617 0.008154 0.026288 0.192489 1.000000 0.056495 0.545101 0.056422 0.124181 -0.264234 0.172434 -0.110613 -0.021843 -0.167464 -0.197926 -0.227506 -0.088927 -0.151036 -0.170333 -0.195718 -0.185834 -0.276584 0.045299 -0.189485 0.002666 0.269472 0.036260 -0.173481 -0.249229 -0.083975 -0.193568 -0.108244 -0.020894 -0.027683 -0.217081 -0.044537 -0.042010 -0.118994 -0.073901 -0.033418 -0.167738 0.089790 -0.089246 0.063053 -0.167845 -0.094172 -0.188097 -0.044963 -0.008882 -0.067534 -0.018973 0.143457 -0.049703 0.162691 0.218734 -0.221667 0.318330 0.094478 0.310192 0.060529 -0.038829 -0.102922 -0.247962 -0.334821 -0.232734 -0.268252 -0.127608 -0.163646 0.170445 -0.255324 -0.085747 -0.135753 -0.284611 -0.134053 -0.183094 0.005735 0.132945 0.070127 0.289963 -0.169674 -0.064915 -0.088979 0.069164 -0.063088 -0.236932 -0.105704 -0.174050 0.186274 0.159209 0.033610 0.069850 -0.037724 -0.216501 -0.066517 -0.047757 0.066511 0.030858 0.087197 0.032053 -0.047492 -0.113858 -0.118278 0.175540 -0.061508 -0.208399 0.018118 0.023020 0.305624 0.174905
0.121661 0.146234 0.069807 -0.141135 0.138951 -0.419325 0.453184 0.004345 0.283530 0.057666 0.496303 0.056495 1.000000 0.332411 0.373112 0.398361 -0.092392 0.021601 0.004219 0.105410 -0.202284 -0.116577 -0.035718 -0.060368 -0.187126 -0.231804 -0.156379 -0.203169 0.158612 0.209440 0.052223 0.028405 -0.148413 0.010695 -0.140119 -0.069996 0.026542 -0.135612 -0.144831 -0.250275 -0.205581 -0.189244 -0.031188 -0.076130 -0.089792 -0.171486 -0.145898 -0.283859 -0.063867 -0.151724 -0.064262 -0.062589 -0.083972 -0.096040 -0.033826 -0.100878 -0.115491 -0.021006 0.121706 -0.219511 0.227305 0.205704 -0.195406 0.045762 -0.122316 -0.025052 -0.297830 -0.235691 -0.291496 -0.114866 0.244317 0.152963 0.322540 0.152845 0.162233 0.148574 0.231903 0.112936 0.028499 -0.023582 -0.127089 0.060812 -0.006363 0.126168 0.072923 -0.236443 -0.071268 -0.263713 0.137975 0.061708 0.099469 0.198081 0.126334 0.236329 -0.077809 -0.111177 -0.129356 -0.204429 -0.143405 0.015605 -0.103378 0.147148 0.006573 0.139398 -0.050051 -0.021656 0.014139 0.009247 -0.012955 -0.088486 -0.056330 0.111685 0.169505 0.108828 0.087908 0.028574
0.069493 0.098579 0.109216 0.128131 0.143471 -0.447660 0.425673 0.488589 0.215069 0.215132 0.058088 0.545101 0.332411 1.000000 -0.077484 0.442336 -0.176115 0.223032 -0.233542 -0.254468 -0.173183 -0.282992 -0.282414 -0.262829 -0.275997 -0.281904 -0.311128 -0.431125 -0.134737 0.372155 -0.074419 -0.000648 0.154936 0.083617 -0.123111 -0.270496 -0.259483 -0.273163 -0.242057 -0.128813 -0.348518 -0.363300 -0.165257 -0.079065 0.024793 0.086744 -0.151953 -0.379695 0.106881 0.021255 0.014544 -0.048832 -0.177255 -0.191039 -0.092197 0.005014 -0.168197 -0.245562 0.311115 -0.054985 0.403447 0.379753 -0.118354 0.359148 -0.008697 0.475252 -0.064835 -0.163893 -0.280211 -0.433249 -0.257521 -0.031587 0.074849 0.093624 -0.105687 0.143980 -0.107608 -0.102575 -0.110931 -0.048022 -0.117459 0.004688 -0.324365 -0.004741 -0.232420 -0.052976 -0.383372 -0.390971 -0.204705 0.051430 -0.140769 -0.240589 -0.175931 -0.221100 0.085079 0.056113 -0.061805 0.014382 -0.166390 -0.161951 0.112854 -0.016078 0.110641 0.057983 0.143038 -0.023583 -0.099426 -0.019237 -0.016126 0.066970 -0.320658 -0.215262 0.222248 -0.023028 0.314714 0.174611
0.049341 -0.068349 -0.020779 -0.104197 0.402322 0.071167 0.048498 -0.162841 0.513548 0.139968 0.254625 0.056422 0.373112 -0.077484 1.000000 0.234181 -0.105704 -0.053960 0.225176 0.138157 0.076044 0.273536 0.225143 0.058857 0.264241 0.141753 0.222296 0.182534 0.148810 -0.146460 0.126533 0.237141 -0.051302 -0.015229 -0.034564 0.191099 0.136250 -0.055660 0.045962 -0.039264 0.032322 0.151383 0.066605 -0.000601 0.051291 -0.028002 -0.018314 0.066911 0.010782 0.027456 -0.082515 -0.163096 -0.081677 -0.051537 -0.172319 -0.077824 -0.076291 0.101983 -0.091532 -0.208985 -0.270545 -0.159163 -0.262165 -0.076819 -0.051000 -0.158895 -0.180851 -0.182124 0.022248 0.009187 0.159983 0.014886 -0.035746 -0.064534 0.145668 0.069218 -0.021819 0.044347 0.021921 -0.210117 -0.073153 -0.061862 0.480027 0.373881 0.471184 -0.067844 0.201695 0.114454 0.200352 -0.097748 -0.096517 -0.008975 0.016004 0.352011 -0.069177 -0.018689 -0.218236 -0.054147 -0.325905 -0.192145 -0.095882 0.211367 -0.107350 0.100893 -0.204780 -0.190062 -0.218396 -0.017040 -0.014183 -0.166942 0.030442 -0.126758 -0.045869 -0.021905 -0.058471 -0.135020
-0.167347 0.075086 -0.137386 0.114435 0.491680 -0.296029 0.382050 0.291915 0.588621 0.554986 -0.016388 0.124181 0.398361 0.442336 0.234181 1.000000 -0.042924 0.012977 -0.271782 0.026496 -0.179968 0.028306 -0.322205 -0.332800 -0.053701 -0.235214 -0.140195 -0.348101 0.079358 0.542589 -0.045438 0.077784 -0.107907 -0.163446 -0.058981 -0.028407 -0.108511 -0.172029 -0.383958 -0.174855 -0.212080 -0.151610 -0.267668 -0.137346 0.213772 0.187146 -0.126151 -0.217173 0.097529 0.073069 0.046776 -0.002792 -0.090078 0.009141 -0.287690 -0.026729 -0.306543 -0.202195 0.183540 -0.251613 0.240033 0.335106 -0.141293 0.095453 -0.023292 0.311555 -0.320212 -0.199235 -0.262126 -0.223000 -0.012069 0.120450 0.189005 0.238772 -0.194382 0.134343 -0.066842 0.071129 -0.080714 0.071799 -0.142176 0.158806 -0.165915 0.287193 -0.092804 0.016602 -0.227607 -0.238651 -0.078774 0.191611 0.010927 -0.275988 0.121659 0.046802 -0.057070 -0.172090 -0.260943 -0.037779 -0.222601 -0.426845 0.109483 0.212684 -0.024341 0.044007 0.059359 -0.180561 0.025792 0.004303 -0.089535 -0.267154 -0.256976 -0.082205 0.118650 0.009299 0.184944 0.139873
0.269097 -0.002928 -0.433646 -0.353389 -0.081867 0.098537 -0.419266 -0.491085 -0.055874 -0.042991 0.010297 -0.264234 -0.092392 -0.176115 -0.105704 -0.042924 1.000000 0.343305 0.034331 0.075220 -0.068891 0.071885 -0.009719 -0.133702 0.135324 0.052993 0.040454 0.022635 0.509852 0.175466 0.014060 -0.045308 0.251277 0.027758 -0.157109 -0.194748 0.058501 0.178175 0.190894 0.194851 0.080492 0.240743 0.232623 0.172753 0.313610 0.068873 0.294685 0.091304 0.001613 0.164565 -0.157854 -0.026527 -0.063486 0.197723 0.039812 -0.001398 0.639944 0.290904 -0.378875 -0.122589 -0.384557 -0.249270 0.603430 0.059492 -0.218945 -0.389441 0.017164 -0.239513 0.444982 0.371172 -0.069860 0.006457 0.318245 0.146907 0.239022 0.088293 0.098891 -0.004711 0.666641 0.390287 0.739910 0.580825 0.075696 -0.150316 -0.100932 -0.152152 0.077736 0.024433 -0.345049 -0.343141 -0.216579 -0.284197 -0.243621 -0.165956 -0.118523 -0.055797 0.148369 0.083298 0.068831 0.037877 -0.054772 -0.034884 -0.070416 0.175643 0.007745 0.172294 0.136317 0.072902 0.019769 -0.121848 -0.031657 0.073685 -0.160752 0.025060 -0.251145 -0.094484
0.026126 -0.015658 -0.129561 -0.274437 -0.112964 -0.089687 -0.176909 -0.173517 -0.032921 0.044892 0.084037 0.172434 0.021601 0.223032 -0.053960 0.012977 0.343305 1.000000 -0.069785 -0.149013 -0.033495 0.047221 0.040315 -0.136766 0.066060 0.135974 -0.116225 -0.138087 0.326562 0.420850 0.024046 0.116519 0.088094 0.085037 -0.009823 -0.228488 0.030674 0.200359 0.145762 0.197416 0.030367 0.231741 0.123970 0.233563 0.097840 0.071205 0.034640 0.046613 -0.013090 0.049130 -0.161801 -0.062916 -0.165592 0.029669 -0.156628 -0.015248 0.267879 0.132758 -0.163800 -0.052309 -0.233552 -0.030427 0.344527 0.253415 -0.196704 -0.080422 -0.001358 -0.310530 0.123466 -0.022210 -0.235512 -0.000309 0.142134 0.163651 0.224813 0.310773 0.078410 0.090126 0.398375 0.313719 0.330321 0.372248 0.097265 -0.041951 -0.086743 -0.127819 -0.133334 -0.027619 -0.448547 -0.352156 -0.269783 -0.182874 -0.481591 -0.302919 -0.001804 0.008723 0.083699 0.048512 0.079170 0.188431 -0.163591 -0.134736 -0.015356 0.148973 0.017544 0.161604 -0.048826 0.025100 0.049545 -0.061590 -0.099016 0.090489 -0.084082 0.075586 0.079998 0.150338
0.267062 0.046967 0.308531 0.115083 -0.066894 0.308347 0.024185 -0.050121 -0.180771 -0.034408 0.288498 -0.110613 0.004219 -0.233542 0.225176 -0.271782 0.034331 -0.069785 1.000000 0.554302 0.215818 0.147076 0.158796 0.089346 0.205881 0.217723 0.489340 0.434265 -0.093245 -0.462803 -0.055513 -0.038947 0.167531 0.198292 -0.105900 -0.032580 -0.003604 -0.039060 0.163827 -0.160046 -0.204032 0.133634 0.035372 0.031332 -0.365380 -0.446413 -0.130690 -0.037683 -0.506084 -0.318528 -0.364317 -0.361466 -0.032595 -0.055839 0.045857 -0.256155 0.083886 0.230435 0.032460 0.226347 -0.195331 -0.205494 -0.029817 -0.248712 0.059363 -0.296815 0.194153 -0.209160 0.431142 0.446307 0.000024 -0.193519 -0.320024 -0.080294 0.001746 0.195755 -0.125586 0.136026 0.031215 -0.099261 0.071864 -0.112798 0.146477 -0.031442 0.381014 -0.060324 -0.081592 0.188789 0.190220 -0.109863 0.112004 0.265687 0.077730 0.309498 -0.049336 0.139274 -0.071290 0.067769 -0.077309 0.095454 -0.124792 0.345390 -0.200824 -0.058298 -0.369200 -0.142112 -0.048509 -0.017648 0.230330 0.088296 -0.105110 0.012771 -0.041306 -0.029587 -0.162902 -0.251682
0.142973 0.275956 -0.115032 0.142172 0.034622 0.302251 -0.088999 -0.162119 -0.103710 0.100049 0.061140 -0.021843 0.105410 -0.254468 0.138157 0.026496 0.075220 -0.149013 0.554302 1.000000 0.107837 0.224112 -0.150483 0.040481 0.289110 0.215093 0.381379 0.341246 -0.099756 -0.406600 -0.064092 -0.008365 0.071880 0.105799 -0.119768 0.050101 0.201159 -0.090087 0.151561 -0.176275 -0.006070 0.121404 -0.063003 -0.157134 -0.305120 -0.405717 -0.023016 -0.029058 -0.186605 -0.294802 -0.030512 -0.203375 0.235419 0.169592 0.227604 -0.240371 0.027086 0.288849 -0.141442 0.062660 -0.208654 -0.100818 -0.065050 -0.281009 -0.139816 -0.413719 -0.072256 -0.156630 0.384238 0.605892 -0.004950 -0.137380 -0.259266 -0.101708 -0.075902 0.161838 -0.158260 0.148978 0.015121 -0.163775 0.058236 -0.128255 0.277933 0.117193 0.195288 0.135481 -0.067741 0.218888 0.017727 0.067277 0.320452 0.122651 0.245916 0.146273 0.120217 0.119560 0.009864 0.043022 0.161879 -0.134914 -0.020095 0.271373 -0.261958 -0.147988 -0.435869 -0.323472 -0.048683 -0.104026 0.023956 -0.076382 0.113652 0.123832 -0.003493 -0.038834 -0.284607 -0.311492
-0.166873 -0.163080 0.071742 0.067637 0.036074 0.550569 -0.155738 -0.032852 -0.127903 0.067245 -0.084509 -0.167464 -0.202284 -0.173183 0.076044 -0.179968 -0.068891 -0.033495 0.215818 0.107837 1.000000 0.441002 0.282839 0.166774 0.525979 0.543656 0.623944 0.500039 0.223550 -0.181500 0.431621 0.443363 0.174093 0.420985 0.295332 0.247289 0.269219 0.114790 0.256273 0.027092 0.028689 0.392459 0.311011 0.131543 -0.142645 -0.136874 0.146506 0.067258 -0.263378 -0.111368 -0.113128 -0.294750 0.133280 0.137645 0.122607 -0.232777 0.022624 0.081402 -0.234152 -0.132592 -0.240213 -0.110506 0.124365 -0.010091 -0.008288 -0.147543 -0.086019 -0.106472 0.184888 0.109600 0.108150 0.238640 -0.105629 -0.000990 -0.043884 0.217872 -0.049556 0.206383 0.224153 -0.135991 0.038227 -0.077399 0.216764 0.147694 0.168916 -0.003457 0.147851 0.073795 0.136882 -0.290504 -0.104637 -0.075219 -0.081944 -0.025806 -0.220008 -0.128410 -0.185984 -0.180051 -0.245720 -0.161777 0.003489 -0.057566 -0.139425 -0.033967 -0.315368 -0.293062 -0.253520 -0.209409 0.035727 -0.026054 -0.067160 -0.227866 -0.119360 -0.065199 -0.262890 -0.323523
-0.163191 -0.123964 -0.001696 -0.126789 0.085870 0.505600 -0.199801 -0.307844 0.019234 -0.000664 -0.139411 -0.197926 -0.116577 -0.282992 0.273536 0.028306 0.071885 0.047221 0.147076 0.224112 0.441002 1.000000 0.381067 0.219274 0.603362 0.710571 0.422177 0.606489 0.176975 -0.161167 0.418946 0.433309 0.156682 0.320672 0.286238 0.344148 0.265576 0.199064 0.165505 0.184849 0.140583 0.517235 0.123137 0.120466 0.026036 -0.105642 0.071981 0.227373 -0.150360 0.040889 -0.115510 -0.276285 -0.082393 0.079266 -0.074732 -0.074874 -0.100616 0.211388 -0.422870 -0.364026 -0.583445 -0.286367 -0.054654 -0.140847 -0.101574 -0.259139 -0.226782 -0.173767 0.261677 0.244551 0.240495 0.354255 -0.098064 0.108615 0.036162 0.136888 -0.191998 0.087741 0.194877 0.052014 0.210730 0.108014 0.251576 0.230783 0.414726 0.050726 0.122606 0.204936 -0.048061 -0.227735 -0.154287 -0.095573 -0.087081 0.207435 -0.258912 -0.238720 -0.213676 -0.031035 -0.308804 -0.268231 0.020078 0.123012 -0.324654 0.005167 -0.316565 -0.201711 -0.094807 -0.058685 0.133508 -0.160675 0.085263 -0.096436 -0.181603 -0.079351 -0.158974 -0.042500
-0.127145 -0.429394 0.489045 0.037585 -0.079258 0.269833 0.031245 -0.221708 -0.146925 -0.203104 0.107890 -0.227506 -0.035718 -0.282414 0.225143 -0.322205 -0.009719 0.040315 0.158796 -0.150483 0.282839 0.381067 1.000000 0.563269 0.369205 0.453526 0.250688 0.360700 0.077809 -0.114861 0.427700 0.400158 0.069623 0.216779 0.229786 0.312020 0.094497 0.293344 0.201394 0.125994 0.014571 0.380642 0.252125 0.249417 -0.015058 -0.029661 -0.016102 0.160870 -0.138835 0.035452 -0.175790 -0.216034 -0.234606 -0.067331 -0.062061 0.009970 -0.009039 -0.025833 -0.248012 -0.289056 -0.506099 -0.527999 -0.098500 -0.221540 0.179318 -0.227974 -0.051695 -0.078792 0.126418 -0.099251 0.075505 0.211365 -0.272016 0.068944 -0.034860 0.060701 -0.101294 0.184210 0.058567 0.132846 0.096096 0.088607 0.125812 0.185592 0.373782 0.038186 0.154505 0.101393 0.074194 -0.344119 -0.290083 0.086381 -0.151252 0.304780 -0.155187 -0.142216 -0.036577 -0.040735 -0.249243 0.069758 -0.096869 0.015479 -0.074652 0.056132 -0.110808 -0.061096 -0.142574 -0.083201 0.098741 0.103411 0.179468 0.012790 -0.122006 0.000041 -0.042966 -0.083070
-0.125602 -0.207059 0.259627 0.376408 -0.276507 0.290383 -0.172606 -0.010930 -0.257469 -0.255255 -0.142667 -0.088927 -0.060368 -0.262829 0.058857 -0.332800 -0.133702 -0.136766 0.089346 0.040481 0.166774 0.219274 0.563269 1.000000 0.161242 0.322980 0.115811 0.423790 -0.197103 -0.311636 0.198344 0.165310 -0.093512 0.030662 -0.053144 0.068829 0.179915 0.227217 0.222603 0.268102 0.162978 0.270945 0.196262 0.008441 -0.218168 -0.323026 0.002958 0.201256 -0.112761 -0.042100 -0.042305 0.015519 0.025546 -0.020657 0.102468 0.207625 -0.016910 -0.037980 -0.324004 -0.049108 -0.361937 -0.363358 -0.282125 -0.293404 -0.176803 -0.236418 -0.144983 -0.060623 0.015310 -0.029733 0.135644 0.297516 -0.304113 -0.037934 -0.035461 -0.011502 -0.211790 0.078131 -0.070290 -0.067429 -0.180619 -0.197447 0.163808 -0.001292 0.160224 0.058875 0.192530 0.257356 0.189457 0.047528 0.124932 0.307777 0.184813 0.319721 -0.010864 -0.033122 0.038042 0.138669 0.052524 0.206589 0.136548 0.023062 0.192147 0.128406 0.014834 -0.022771 -0.136650 -0.024637 -0.051704 0.079985 0.316853 0.246296 0.067317 0.225821 0.044563 0.015824
-0.157308 -0.170612 -0.007702 -0.093334 0.421847 0.735489 -0.215699 -0.279085 0.230789 0.383102 -0.103616 -0.151036 -0.187126 -0.275997 0.264241 -0.053701 0.135324 0.066060 0.205881 0.289110 0.525979 0.603362 0.369205 0.161242 1.000000 0.659962 0.562591 0.508463 0.215342 -0.228766 0.488471 0.447230 0.377831 0.435643 0.362636 0.361610 0.169526 -0.059835 0.223740 -0.008557 0.030482 0.351512 0.165928 0.088066 -0.028125 -0.065534 0.068604 0.093063 -0.192275 -0.060229 -0.161088 -0.342399 0.054373 0.342954 -0.075445 -0.277215 0.070442 0.268903 -0.409615 -0.325966 -0.511870 -0.361750 0.079590 -0.115138 -0.017634 -0.320577 -0.175084 -0.083496 0.335830 0.286152 0.080117 0.098318 -0.210636 0.062394 -0.088490 0.087576 -0.340156 0.046299 0.287269 -0.017005 0.232234 0.037342 0.273597 0.287912 0.319794 0.125484 0.093104 0.031424 -0.148870 -0.441233 -0.026693 -0.114945 -0.048490 0.211013 -0.240982 -0.228717 -0.265105 -0.225511 -0.217679 -0.313819 -0.010450 0.151585 -0.238927 -0.028039 -0.370894 -0.218022 -0.180989 -0.239059 -0.058536 -0.252314 -0.029863 -0.110253 -0.191621 -0.109271 -0.349856 -0.335339
-0.090831 -0.036483 0.123437 -0.123448 -0.092218 0.714501 -0.290908 -0.331583 -0.155467 -0.101886 -0.134688 -0.170333 -0.231804 -0.281904 0.141753 -0.235214 0.052993 0.135974 0.217723 0.215093 0.543656 0.710571 0.453526 0.322980 0.659962 1.000000 0.483127 0.744619 0.013593 -0.350904 0.359611 0.392562 0.239094 0.370540 0.234334 0.416493 0.331583 0.164637 0.369176 0.223706 0.099510 0.446847 0.156819 0.137289 -0.254892 -0.320838 -0.059567 0.114582 -0.280303 -0.163200 -0.188699 -0.320764 -0.028781 0.068688 0.117174 -0.050312 0.049332 0.313116 -0.375633 -0.228438 -0.595180 -0.277996 -0.050066 -0.125917 -0.194919 -0.260172 -0.106467 -0.147955 0.253470 0.273108 0.182997 0.302506 -0.297037 0.111360 0.128652 0.284569 -0.161025 0.201203 0.274968 0.056654 0.243987 -0.001467 0.194120 0.012777 0.348027 -0.003632 0.113998 0.274159 -0.074530 -0.305920 -0.123027 -0.033128 -0.098116 0.191163 -0.159162 -0.130331 -0.024172 0.025466 -0.192517 -0.077639 -0.099386 0.005130 -0.237297 -0.046231 -0.265923 -0.102052 -0.132259 -0.221859 0.192245 -0.076734 0.198522 -0.053470 -0.214524 -0.046774 -0.142761 -0.130286
-0.098082 -0.126779 0.104535 0.074986 0.230507 0.698095 -0.054554 -0.030494 0.049176 0.121474 -0.072920 -0.195718 -0.156379 -0.311128 0.222296 -0.140195 0.040454 -0.116225 0.489340 0.381379 0.623944 0.422177 0.250688 0.115811 0.562591 0.483127 1.000000 0.709898 0.159172 -0.418722 0.132800 0.121635 0.222951 0.413520 0.260760 0.268415 0.184602 -0.106096 0.112560 -0.157641 -0.109711 0.367256 0.176449 0.138943 -0.142075 -0.176617 0.076265 0.074313 -0.317402 -0.098819 -0.264699 -0.344250 0.116728 0.150157 0.076908 -0.348072 0.059604 0.245966 -0.253976 -0.192102 -0.230536 -0.251134 0.183357 -0.121438 0.059590 -0.181639 -0.085082 -0.035943 0.352689 0.417263 0.047309 -0.022848 -0.215461 -0.012404 -0.063916 0.109597 -0.193557 0.069190 0.260578 -0.096328 0.134760 0.130109 0.209965 0.136089 0.397145 -0.037349 0.079434 0.150416 0.292801 -0.241495 0.029383 0.021770 0.028671 0.178759 -0.233469 -0.088729 -0.179390 -0.166955 -0.311701 -0.278643 -0.041546 0.197730 -0.344396 -0.215757 -0.596171 -0.456962 -0.149182 -0.220664 0.075690 -0.137781 -0.122200 -0.273464 0.051434 -0.161373 -0.484690 -0.473672
0.055409 -0.037864 0.123963 0.016158 -0.165338 0.765517 -0.227020 -0.249400 -0.238368 -0.194439 -0.029015 -0.185834 -0.203169 -0.431125 0.182534 -0.348101 0.022635 -0.138087 0.434265 0.341246 0.500039 0.606489 0.360700 0.423790 0.508463 0.744619 0.709898 1.000000 -0.048273 -0.563596 0.186146 0.177940 0.169444 0.327925 0.208255 0.325123 0.324727 0.069266 0.260625 0.099112 0.054763 0.449892 0.155364 0.022261 -0.329522 -0.412233 0.037821 0.189158 -0.365417 -0.210812 -0.242102 -0.344771 0.027110 0.062138 0.186915 -0.132458 0.083105 0.338707 -0.352045 -0.224429 -0.479237 -0.337381 -0.001605 -0.266005 -0.118439 -0.324001 -0.086040 -0.077444 0.314709 0.431605 0.259885 0.180721 -0.335456 0.025962 0.065622 0.174787 -0.209116 0.120196 0.244602 -0.017117 0.172083 0.027396 0.256034 0.063665 0.503687 -0.005350 0.164066 0.338723 0.255109 -0.149777 0.045812 0.172853 0.115628 0.321174 -0.182067 -0.096260 -0.043809 0.008399 -0.212515 -0.038388 -0.013712 0.156158 -0.198984 -0.083572 -0.429444 -0.293470 -0.217162 -0.203236 0.125510 0.031266 0.206055 -0.090829 -0.013928 0.062951 -0.263646 -0.268854
-0.097242 -0.332896 -0.318359 -0.338349 0.133306 -0.005099 -0.091092 -0.345773 0.156599 0.105848 0.198455 -0.276584 0.158612 -0.134737 0.148810 0.079358 0.509852 0.326562 -0.093245 -0.099756 0.223550 0.176975 0.077809 -0.197103 0.215342 0.013593 0.159172 -0.048273 1.000000 0.386751 0.340362 0.341616 0.116634 0.187011 0.264097 0.010135 0.268334 0.097147 0.179769 0.094301 0.143594 0.125343 0.331097 0.224374 0.343940 0.222290 0.280291 0.070623 -0.034027 0.182791 -0.212056 -0.092179 -0.044705 0.246925 -0.116425 -0.231761 0.352227 0.044534 -0.320265 -0.279965 -0.177461 -0.198214 0.568827 0.119037 -0.129305 -0.330878 -0.121256 -0.262390 0.126610 0.106573 0.117911 0.152417 0.610891 0.058555 0.258455 0.023251 0.439250 0.102708 0.657948 0.236351 0.409018 0.412020 0.349699 0.215725 0.007816 -0.338687 0.153881 -0.098527 -0.023652 -0.387174 -0.257915 -0.127376 -0.256711 -0.136320 -0.082155 -0.158180 -0.026237 -0.292707 -0.076745 0.017537 -0.138933 -0.058673 -0.126388 0.050070 -0.227906 -0.091457 -0.098379 -0.000193 -0.084755 -0.151911 -0.114727 0.019277 -0.007209 0.028209 -0.348609 -0.257193
-0.193923 -0.158003 -0.152130 -0.112764 0.105085 -0.519453 0.247197 0.030293 0.285126 0.230574 0.045036 0.045299 0.209440 0.372155 -0.146460 0.542589 0.175466 0.420850 -0.462803 -0.406600 -0.181500 -0.161167 -0.114861 -0.311636 -0.228766 -0.350904 -0.418722 -0.563596 0.386751 1.000000 0.176167 0.202842 -0.129173 -0.160212 0.102442 -0.231689 -0.115735 0.135916 -0.196751 0.086628 -0.054242 -0.048628 0.013231 0.183710 0.383206 0.408375 0.071865 -0.048140 0.126709 0.218564 0.046223 0.093725 -0.180247 0.104032 -0.281363 0.102619 -0.090591 -0.303860 0.057568 -0.249464 0.121808 0.185562 0.202312 0.201335 0.078000 0.165098 -0.224606 -0.224762 -0.239299 -0.427969 -0.084933 0.103488 0.460172 0.330415 0.004224 0.193361 0.284443 0.100175 0.138607 0.432841 0.064696 0.453334 -0.208613 0.233060 -0.296161 -0.020943 -0.220819 -0.220644 -0.382819 -0.016823 -0.294960 -0.349657 -0.243415 -0.259409 -0.035761 -0.112669 -0.025943 -0.073945 -0.065645 -0.131226 -0.027244 -0.092260 0.206421 0.219521 0.323632 0.116944 0.036148 0.043203 0.001506 -0.019680 -0.216451 0.074892 -0.019515 0.099341 0.221936 0.209829
-0.240484 -0.262540 0.115653 -0.074389 0.158709 0.222503 0.109677 -0.184211 0.066877 0.162392 0.027973 -0.189485 0.052223 -0.074419 0.126533 -0.045438 0.014060 0.024046 -0.055513 -0.064092 0.431621 0.418946 0.427700 0.198344 0.488471 0.359611 0.132800 0.186146 0.340362 0.176167 1.000000 0.767407 0.151618 0.365335 0.394528 0.274962 0.140528 0.145019 0.102748 0.049639 0.048301 0.344248 0.234073 0.137742 0.094800 0.124631 -0.024951 -0.035133 -0.115458 0.036846 -0.121004 -0.272400 -0.107152 0.148693 -0.269254 -0.292419 -0.121806 -0.050701 -0.242916 -0.429611 -0.369664 -0.234563 -0.006411 -0.154507 0.037702 -0.308173 -0.232831 -0.177929 0.103927 -0.100214 0.193329 0.350503 0.117740 0.145665 -0.004204 0.117510 0.006421 0.143355 0.174738 -0.025780 0.055661 -0.041403 0.249715 0.441560 0.190923 0.146595 0.079669 -0.014694 -0.245862 -0.364619 -0.166846 -0.055426 -0.068510 0.225400 -0.086126 -0.193070 -0.315463 -0.273707 -0.197777 -0.111108 0.116015 0.084657 0.055174 0.232158 -0.110838 -0.216501 -0.311356 -0.196421 -0.010770 -0.056658 -0.007885 0.024277 -0.063455 0.088196 -0.159344 -0.210516
-0.234476 -0.277950 0.053647 0.018936 0.208448 0.164583 0.024895 -0.185188 0.062047 0.138026 0.099352 0.002666 0.028405 -0.000648 0.237141 0.077784 -0.045308 0.116519 -0.038947 -0.008365 0.443363 0.433309 0.400158 0.165310 0.447230 0.392562 0.121635 0.177940 0.341616 0.202842 0.767407 1.000000 0.209200 0.335925 0.432426 0.323874 0.259791 0.127088 0.070019 -0.004497 0.044438 0.351437 0.305496 0.233692 0.042212 0.106325 0.043421 0.014520 -0.168690 -0.047962 -0.076476 -0.373061 -0.162591 0.060246 -0.232964 -0.339633 -0.091307 -0.067562 -0.242252 -0.462165 -0.417221 -0.162093 -0.000947 -0.115489 0.140516 -0.266366 -0.185986 -0.117448 0.085245 -0.098097 0.010106 0.342358 -0.001987 0.026318 0.001767 0.229550 -0.012575 0.202882 0.154539 -0.113561 0.038069 -0.076889 0.299893 0.607462 0.238845 0.134049 0.049161 0.052488 -0.147413 -0.442222 -0.201227 -0.171140 0.001820 0.136102 -0.064326 -0.254026 -0.244599 -0.263638 -0.263457 -0.257274 0.082434 0.018046 -0.068928 0.075806 -0.216449 -0.317972 -0.434154 -0.304646 -0.079756 -0.029749 0.055742 -0.080197 -0.014382 0.011097 -0.108823 -0.254024
0.155108 0.019797 -0.052453 -0.247423 0.073685 0.232709 -0.129590 -0.245657 -0.102626 -0.025807 -0.012566 0.269472 -0.148413 0.154936 -0.051302 -0.107907 0.251277 0.088094 0.167531 0.071880 0.174093 0.156682 0.069623 -0.093512 0.377831 0.239094 0.222951 0.169444 0.116634 -0.129173 0.151618 0.209200 1.000000 0.638050 0.055743 0.000950 -0.075334 -0.168562 0.118854 0.037897 -0.148531 0.051996 0.140875 0.169199 -0.038142 -0.119705 0.093708 -0.003856 -0.199723 -0.057287 -0.224644 -0.477973 -0.114544 0.105420 0.037857 -0.098736 0.316937 0.269468 -0.095798 -0.201566 -0.198171 -0.088945 0.248343 0.287836 0.048100 0.000681 0.153650 -0.094392 0.357655 0.254141 -0.338588 -0.200279 -0.121184 -0.099075 -0.171069 0.124705 -0.282540 -0.171425 0.235007 0.018122 0.267478 0.120227 0.028565 0.091033 0.087577 0.010246 0.035474 -0.124503 -0.136852 -0.454334 -0.386818 -0.270801 -0.304158 0.016260 -0.043449 0.076182 0.056403 0.017554 -0.277635 -0.224052 -0.073721 0.152070 -0.193571 0.054397 -0.263796 -0.063517 0.010607 -0.290230 0.123946 0.185635 -0.105130 -0.317072 -0.149311 -0.123201 -0.129011 -0.123702
-0.098471 -0.017562 0.110353 -0.192527 0.076273 0.335317 0.054214 -0.066184 -0.119615 0.042396 -0.015109 0.036260 0.010695 0.083617 -0.015229 -0.163446 0.027758 0.085037 0.198292 0.105799 0.420985 0.320672 0.216779 0.030662 0.435643 0.370540 0.413520 0.327925 0.187011 -0.160212 0.365335 0.335925 0.638050 1.000000 0.332514 0.285608 -0.003920 -0.078132 0.140356 -0.054341 -0.151510 0.232948 0.195853 0.092775 -0.227912 -0.217533 -0.070337 -0.067562 -0.403909 -0.260143 -0.407469 -0.536741 -0.068818 0.098294 0.001989 -0.321670 0.058543 0.201940 -0.232947 -0.239891 -0.213497 -0.081807 0.120664 0.109084 0.004539 -0.121671 -0.103830 -0.098370 0.179123 0.187755 0.020180 0.171429 -0.088531 0.084519 -0.029080 0.200101 -0.170327 0.040889 0.216107 -0.116346 0.091677 0.017731 0.175869 0.133814 0.199088 -0.070618 0.133576 -0.058836 0.011249 -0.477282 -0.160845 -0.005083 -0.195352 0.103401 -0.023650 0.047438 -0.134833 -0.138498 -0.165126 -0.043265 -0.067153 0.060006 -0.202957 0.078654 -0.396846 -0.282133 -0.230210 -0.225051 0.053529 0.050781 -0.022922 -0.208083 -0.056262 -0.124794 -0.230431 -0.235010
-0.306465 -0.395146 -0.003785 -0.042338 0.188635 0.266052 0.137943 -0.031237 0.100991 0.223488 0.050268 -0.173481 -0.140119 -0.123111 -0.034564 -0.058981 -0.157109 -0.009823 -0.105900 -0.119768 0.295332 0.286238 0.229786 -0.053144 0.362636 0.234334 0.260760 0.208255 0.264097 0.102442 0.394528 0.432426 0.055743 0.332514 1.000000 0.623984 0.115325 0.028400 -0.137212 -0.203570 -0.108461 0.083757 0.049184 0.247256 0.024158 0.285029 -0.069641 0.004274 -0.196377 -0.090943 -0.209381 -0.266034 -0.249518 0.099338 -0.267824 -0.335473 -0.186807 -0.138143 -0.182077 -0.396174 -0.130995 -0.176763 0.098457 -0.172210 0.299828 -0.002911 -0.042910 0.268088 -0.060608 -0.170386 0.244737 0.186607 -0.031895 0.126411 -0.130270 0.006391 0.107425 0.158568 0.082342 0.075130 -0.015244 0.058571 0.043839 0.350460 0.228798 0.079415 -0.156078 0.039222 -0.035347 -0.261869 -0.115786 0.078823 0.074195 0.138565 -0.084527 -0.254110 -0.250152 -0.367588 -0.288122 -0.212105 0.099896 0.131934 -0.114679 -0.033405 -0.190423 -0.232096 -0.234758 -0.083758 0.008249 -0.122003 0.015118 -0.123940 0.032678 -0.140342 -0.109214 -0.139151
-0.174747 -0.314075 0.147746 -0.116207 0.269037 0.379486 0.093299 -0.144033 0.118789 0.117722 -0.038796 -0.249229 -0.069996 -0.270496 0.191099 -0.028407 -0.194748 -0.228488 -0.032580 0.050101 0.247289 0.344148 0.312020 0.068829 0.361610 0.416493 0.268415 0.325123 0.010135 -0.231689 0.274962 0.323874 0.000950 0.285608 0.623984 1.000000 0.138486 -0.087727 -0.038051 -0.214238 0.041893 0.065045 -0.021554 0.010244 -0.206316 0.123404 -0.211500 0.043202 -0.250968 -0.192647 -0.135850 -0.243228 -0.143207 -0.107873 -0.168392 -0.316708 -0.100066 -0.148825 -0.090534 -0.300721 -0.156807 -0.144841 -0.104865 -0.153683 0.108225 0.046029 -0.071361 0.420350 -0.052796 0.011318 0.261074 0.202783 -0.200039 -0.080483 -0.078773 -0.068102 -0.117218 0.053667 -0.056159 -0.182418 -0.173511 -0.153257 0.079641 0.265208 0.236644 -0.004515 -0.033688 0.129753 0.112251 -0.201758 0.087086 0.180440 0.256779 0.323018 0.006914 -0.160163 -0.210154 -0.169308 -0.222336 -0.116898 -0.000906 -0.005521 -0.256760 -0.143654 -0.206440 -0.179872 -0.139533 -0.187466 0.157859 -0.228490 0.250477 -0.097792 0.001277 -0.143159 -0.093939 -0.189431
