1.000000 0.017906 0.190006 -0.068217 -0.032689 -0.162203 0.050017 -0.199979 -0.258312 -0.463040 0.402245 -0.110030 0.153189 -0.283530 -0.158338 -0.345863 0.569416 0.170878 0.196382 0.036409 -0.082053 0.236461 -0.293344 -0.175589 -0.195639 -0.366836 -0.214311 -0.118485 0.311628 -0.200499 -0.290926 -0.146339 -0.048296 0.020011 -0.197407 -0.269660 0.040679 -0.032236 0.132301 0.255588 0.124957 0.262399 -0.283843 0.076172 -0.138903 0.111927 -0.226467 0.039215 -0.128595 -0.188153 0.091747 -0.050669 -0.041157 0.084745 0.311988 0.174231 0.628606 0.517421 0.079526 0.179958 -0.211830 0.359968 -0.028212 0.598747 -0.341019 -0.214826 -0.361965 0.173487 -0.049714 -0.244831 -0.088596 -0.011646 0.288650 0.147152 0.105974 0.100211 0.098983 -0.226530 0.591560 0.077476 0.301268 0.407675 -0.004286 0.133916 0.045825 0.138520 0.090262 0.179997 0.048486 0.323943 -0.353453 -0.221367 -0.309461 -0.466013 -0.124968 -0.310534 -0.010492 -0.028402 0.158376 0.314288 -0.060600 -0.083266 0.100695 0.086382 -0.158851 0.013342 0.070653 0.017412 -0.275397 -0.017347 -0.232433 0.323572 -0.032139 -0.058909 0.061860 -0.043085
0.017906 1.000000 0.022034 -0.089046 0.212443 0.043382 -0.064697 0.108430 0.111879 0.003592 0.047602 0.043977 -0.070308 0.170658 -0.099390 0.127500 -0.134033 -0.215152 0.314560 0.123554 0.191249 -0.072373 -0.107682 -0.259876 0.105517 0.053538 0.124089 -0.172890 0.131961 -0.113934 0.197790 -0.105317 0.009483 0.076015 -0.365282 -0.303536 -0.004593 -0.105647 -0.042410 0.099117 -0.008778 -0.282314 -0.009844 -0.130805 -0.197502 0.091085 -0.069421 -0.097374 -0.301348 -0.015996 0.108872 -0.060228 0.019574 0.105936 -0.091194 -0.009686 0.237729 0.477480 0.071548 0.483890 0.266192 0.364921 0.036903 0.254215 -0.202930 0.089843 -0.262405 -0.062267 0.123612 -0.080255 0.105218 -0.062365 -0.237242 -0.044325 -0.158606 -0.272703 -0.213353 -0.119496 -0.022182 -0.284870 0.057021 -0.314547 0.075306 -0.104772 -0.115432 0.042486 -0.214680 -0.364640 -0.183880 -0.029453 0.060377 -0.025431 -0.012205 -0.065828 -0.041920 0.008877 -0.309774 -0.140240 -0.056922 -0.178593 -0.132875 -0.071546 -0.122648 -0.272781 -0.080253 -0.119454 0.167434 -0.087275 -0.179033 -0.220121 -0.401597 -0.081445 -0.099215 -0.130998 0.067952 -0.197421
0.190006 0.022034 1.000000 0.571466 -0.116976 0.202365 0.783443 0.389128 -0.470137 -0.377092 0.542125 -0.069942 0.257884 -0.158285 0.045814 -0.441168 0.276697 -0.107791 0.384355 0.078371 -0.372138 -0.095328 0.180238 0.094408 -0.347908 -0.398545 -0.524797 -0.133082 -0.256830 -0.508299 -0.158577 -0.006222 0.063140 0.201444 -0.001888 -0.382584 -0.499027 -0.506453 -0.057926 0.049493 -0.471038 0.416594 -0.353104 -0.086555 0.007612 0.043955 -0.313802 0.020644 0.079958 0.215825 -0.085857 0.061847 -0.344257 -0.230143 0.408307 0.011651 -0.122772 0.090764 0.084305 0.091371 0.321156 0.119608 0.367140 -0.027889 0.153555 0.167440 -0.117347 0.067299 -0.364556 -0.327603 -0.281001 0.086180 -0.130394 0.149990 -0.275895 -0.014392 -0.059947 -0.249176 -0.029863 -0.251065 -0.453499 0.085398 -0.293843 0.225728 -0.203773 -0.098510 0.263240 0.371656 0.138391 0.417156 -0.521329 -0.242166 -0.333316 -0.277197 -0.202214 -0.430428 -0.028965 -0.000172 0.048111 0.394718 0.133621 -0.234082 0.187381 0.210025 -0.126514 0.218625 0.125998 0.111436 -0.393236 -0.147949 -0.285922 0.323487 0.171890 -0.202078 0.144365 -0.069592
-0.068217 -0.089046 0.571466 1.000000 0.013334 0.346589 0.496957 0.576618 -0.084193 -0.086621 0.039643 -0.392214 -0.081900 -0.187580 0.465423 -0.126823 -0.081449 -0.385454 0.377959 0.229618 -0.087585 0.128354 0.420218 0.549789 -0.192976 -0.162664 -0.189140 0.111266 -0.365906 -0.342525 0.016570 0.412190 0.131041 0.266317 0.497253 0.010794 -0.328695 -0.417686 -0.042278 -0.087127 -0.400822 0.179617 0.012094 -0.023193 0.301421 -0.131784 0.029741 0.006656 0.258463 -0.057270 -0.101943 0.150713 -0.114283 -0.372822 0.105784 -0.141532 -0.467380 -0.179666 -0.311190 -0.356428 0.094838 -0.406293 0.278336 -0.401521 0.420135 0.050484 0.084189 -0.387348 -0.385123 -0.254001 -0.298659 0.049499 -0.405079 0.049185 -0.166368 -0.040987 -0.060747 -0.058569 -0.310585 -0.344231 -0.421722 -0.138610 -0.181915 0.193445 0.054484 -0.108571 0.290950 0.121576 0.150258 0.159978 -0.304058 -0.371153 -0.034054 0.186332 0.011015 -0.213631 0.072384 -0.034424 -0.190306 0.062244 -0.144340 -0.180589 -0.100644 -0.019301 -0.039623 0.119221 -0.222418 -0.043068 -0.159435 -0.223613 -0.067921 0.066924 0.059912 -0.124182 0.167908 0.027605
-0.032689 0.212443 -0.116976 0.013334 1.000000 0.365233 -0.240497 0.197371 0.461564 0.315636 -0.419378 -0.270487 -0.511994 0.158209 0.068520 0.532376 -0.293671 -0.624723 0.132910 -0.319563 0.431253 0.145372 0.111406 -0.108349 0.802586 0.591827 0.502034 -0.334918 -0.004085 -0.157418 0.448165 -0.178973 0.146161 0.006321 -0.030396 0.011843 0.177420 -0.205232 0.017289 -0.020333 0.011201 -0.107090 0.068142 -0.195431 -0.116858 0.047867 0.002598 -0.447144 -0.153347 0.114667 0.021353 -0.165645 -0.032777 -0.229440 -0.175867 -0.295596 0.170714 -0.159161 0.192088 0.207064 -0.055656 0.033184 -0.270596 -0.079695 -0.008895 -0.178312 0.087267 0.142802 -0.030441 -0.326612 -0.136744 0.249457 -0.349818 -0.076736 -0.251988 -0.571546 -0.333118 -0.192660 -0.233510 -0.611152 -0.100465 -0.515404 -0.052476 0.258815 -0.123612 -0.220719 -0.503736 -0.396741 -0.250351 -0.214437 0.116230 0.183791 0.098502 0.129665 0.035796 0.142709 -0.174148 -0.172959 -0.322439 -0.357676 -0.431481 0.058354 -0.363418 -0.294759 0.059839 -0.076468 0.176083 -0.013947 -0.113240 -0.171399 -0.081947 -0.298554 -0.038338 -0.202207 0.064904 -0.249921
-0.162203 0.043382 0.202365 0.346589 0.365233 1.000000 -0.032137 0.281713 -0.021454 0.502896 -0.327724 -0.573731 -0.270730 -0.262861 0.009761 0.334711 -0.340134 -0.474788 0.178021 0.020814 0.208590 -0.226861 0.158432 -0.033204 0.216724 0.331036 0.326805 0.057121 -0.482800 -0.171886 0.147171 0.055725 0.074953 0.133534 0.126840 0.070187 -0.123155 -0.150347 0.152098 0.211699 -0.214361 -0.107514 0.105128 -0.078876 0.202817 -0.011317 0.187270 -0.080971 0.208376 0.114093 -0.171308 -0.045568 -0.279932 -0.358915 -0.101926 0.008710 -0.259962 -0.321873 -0.047121 -0.260887 -0.216514 -0.347489 -0.163148 -0.183138 0.127666 -0.238703 0.209477 -0.067910 -0.045249 -0.171472 -0.326405 -0.193533 -0.490024 -0.117646 -0.379694 -0.466488 -0.321468 -0.208563 -0.351610 -0.291881 -0.366475 -0.458594 -0.098022 -0.122336 -0.396280 -0.119094 -0.215368 -0.267082 -0.011248 -0.026380 0.142406 0.125013 0.038086 0.069439 0.114995 0.053278 0.276785 0.122016 0.174179 0.129653 -0.001769 0.019868 0.003823 0.113195 0.368575 0.384106 0.269902 -0.232962 0.229594 -0.107188 0.261129 0.181096 0.159923 0.146491 0.164625 0.164728
0.050017 -0.064697 0.783443 0.496957 -0.240497 -0.032137 1.000000 0.421805 -0.346897 -0.424904 0.622370 0.105398 0.463975 -0.120240 0.128643 -0.425136 0.262372 0.025212 0.094274 -0.074278 -0.479546 0.044226 0.268775 0.280549 -0.418380 -0.472618 -0.598298 -0.054235 -0.176856 -0.461758 -0.324478 -0.134017 0.023014 -0.064816 0.106334 -0.365445 -0.452874 -0.378637 -0.122756 -0.053042 -0.425538 0.416093 -0.383232 -0.058043 0.042210 -0.046667 -0.442550 0.075803 0.103055 0.256779 -0.124229 0.295049 -0.230619 -0.016667 0.375825 0.088357 -0.328533 0.084828 -0.242333 0.050679 0.506668 0.146457 0.566822 -0.136699 0.412702 0.430613 -0.168497 -0.114850 -0.554562 -0.280701 -0.316503 0.092156 -0.132071 0.026341 -0.242086 0.219786 -0.087828 -0.237183 -0.072034 -0.130831 -0.298409 0.135586 -0.326026 0.328990 0.089819 0.102222 0.349461 0.445538 0.286370 0.515121 -0.503944 -0.209302 -0.171379 -0.124037 -0.163631 -0.399491 -0.051171 -0.033118 -0.065009 0.328031 0.097927 -0.044303 0.203822 0.212594 -0.183328 0.129665 -0.141001 0.175028 -0.332464 -0.111074 -0.272708 0.224612 0.228135 -0.111247 0.086642 -0.109510
-0.199979 0.108430 0.389128 0.576618 0.197371 0.281713 0.421805 1.000000 -0.114141 0.147482 0.006245 -0.105361 -0.228789 0.209466 0.092569 0.124199 -0.152284 -0.391549 0.091901 -0.218156 -0.068101 0.127158 0.449822 0.328288 0.100707 0.075727 -0.257360 -0.123296 -0.224760 -0.498327 0.293898 0.138839 0.195231 0.088189 0.230916 -0.174086 -0.305439 -0.522139 -0.312047 -0.188572 -0.461688 0.185660 0.003183 -0.164825 0.146149 0.095916 -0.124950 -0.156029 0.075624 0.405236 0.031640 0.343786 -0.208157 -0.179783 -0.067926 -0.343908 -0.402872 -0.271566 -0.214616 -0.137964 0.200768 -0.178243 0.138215 -0.234579 0.456531 0.267811 0.188299 -0.093594 -0.400658 -0.254027 -0.406226 0.258596 -0.485499 -0.145096 -0.316936 -0.141967 -0.319248 -0.190819 -0.332354 -0.479774 -0.305395 -0.359858 -0.227152 0.286993 -0.104548 -0.089280 0.064692 -0.023677 -0.056552 0.113594 -0.199924 -0.041116 -0.008871 0.031984 -0.427951 -0.400275 -0.208189 -0.393148 -0.199262 -0.054991 -0.353321 -0.072656 -0.228653 0.030315 -0.057797 0.091233 -0.157092 -0.073946 -0.371451 -0.287924 -0.097360 0.010174 -0.104864 -0.115274 0.109473 -0.059679
-0.258312 0.111879 -0.470137 -0.084193 0.461564 -0.021454 -0.346897 -0.114141 1.000000 0.335645 -0.503030 0.078606 -0.125039 0.332243 0.338134 0.552973 -0.556987 -0.263559 0.003755 -0.023506 0.355450 0.109441 0.125241 0.209464 0.568283 0.591844 0.658367 0.127175 0.024326 0.377302 0.400173 -0.117601 0.085533 -0.094619 0.073936 0.273180 0.228470 0.202512 0.041238 -0.010981 0.320276 -0.422055 0.156473 -0.085166 0.005147 -0.037252 0.044077 -0.244313 -0.049662 0.028385 -0.046577 -0.193651 0.169706 -0.096100 -0.246732 -0.112894 -0.037825 -0.102886 0.087641 0.143727 0.154677 -0.141350 -0.169179 -0.370295 0.169709 -0.067238 -0.013572 -0.102501 -0.005781 -0.212862 0.252835 -0.100166 -0.117620 -0.153817 0.217812 -0.273507 -0.022948 0.172060 -0.393822 -0.114715 -0.045098 -0.400536 0.029703 0.106152 0.112644 -0.149581 -0.403165 -0.406153 -0.094689 -0.397995 0.201919 -0.035711 0.260774 0.305060 0.254326 0.436768 -0.199147 0.001200 -0.502058 -0.533479 -0.255357 0.127794 -0.386415 -0.400815 -0.127919 -0.308250 -0.082031 0.122679 0.243945 -0.216541 -0.045814 -0.526344 -0.078738 -0.170848 -0.099434 -0.189777
-0.463040 0.003592 -0.377092 -0.086621 0.315636 0.502896 -0.424904 0.147482 0.335645 1.000000 -0.608927 -0.111384 -0.338643 0.314006 -0.075506 0.815497 -0.651903 -0.342471 -0.086452 0.038180 0.269871 -0.245915 0.296900 0.020551 0.631430 0.800507 0.380670 0.020158 -0.294807 0.243744 0.387436 0.108307 0.267563 0.190203 0.131985 0.274300 -0.158182 0.040321 -0.177241 -0.130426 -0.035210 -0.406191 0.513185 -0.030227 0.355044 0.158000 0.377489 -0.084515 0.270681 0.268027 0.088944 -0.138627 0.077648 -0.321255 -0.477490 -0.336981 -0.275758 -0.450235 0.166616 -0.293201 -0.218573 -0.465299 -0.317136 -0.362471 0.142544 -0.284950 0.419692 0.103558 0.070549 0.021184 0.016685 -0.210408 -0.278177 -0.400258 -0.073113 -0.447320 -0.177252 0.146429 -0.512052 -0.154365 -0.300488 -0.609542 -0.192812 -0.132372 -0.477686 -0.384264 -0.577884 -0.596823 -0.376130 -0.654883 0.334092 0.198813 0.291514 0.208600 0.002448 0.325132 -0.008837 -0.076174 -0.150917 -0.343337 -0.259693 0.081485 -0.401393 -0.182115 0.111969 -0.012001 0.152999 -0.125556 0.292310 -0.042946 0.288483 -0.308740 -0.177464 0.010595 -0.149885 -0.052756
0.402245 0.047602 0.542125 0.039643 -0.419378 -0.327724 0.622370 0.006245 -0.503030 -0.608927 1.000000 0.263188 0.661621 -0.218810 -0.139761 -0.655049 0.698542 0.414625 0.050624 -0.108171 -0.536521 0.013213 -0.175848 -0.051248 -0.540743 -0.598492 -0.688059 -0.215186 0.066500 -0.326377 -0.391859 -0.135244 -0.123049 -0.112722 -0.140511 -0.422503 -0.293118 -0.181104 -0.135131 0.068515 -0.228666 0.475410 -0.493055 0.038808 -0.286001 -0.041968 -0.458438 0.210278 -0.244626 0.081489 -0.168092 0.284495 -0.268113 0.226637 0.373378 0.251500 0.182071 0.466572 -0.017111 0.299340 0.353002 0.483355 0.436488 0.424940 -0.032420 0.310509 -0.284997 0.153375 -0.205420 -0.035416 -0.084892 0.057285 0.286644 0.157889 -0.094925 0.349636 0.095766 -0.239578 0.410757 0.166844 -0.009244 0.488985 -0.222757 0.185059 0.058685 0.277463 0.345585 0.574904 0.134032 0.547154 -0.545057 -0.141164 -0.509612 -0.526927 -0.172574 -0.493712 -0.041906 -0.081036 0.275218 0.540199 0.264669 -0.177670 0.482507 0.385520 -0.137101 0.186338 -0.066396 0.044732 -0.347833 -0.062007 -0.294919 0.504065 0.129404 -0.065082 0.138064 -0.058506
-0.110030 0.043977 -0.069942 -0.392214 -0.270487 -0.573731 0.105398 -0.105361 0.078606 -0.111384 0.263188 1.000000 0.327726 0.615162 -0.070842 0.004612 0.016624 0.486954 -0.203302 -0.057166 -0.260252 -0.016264 -0.128098 -0.076886 -0.051361 -0.036203 -0.252642 -0.003795 0.221111 0.127964 0.047148 -0.299704 -0.122462 -0.053864 -0.272285 -0.101772 -0.048371 0.061391 -0.187756 -0.171689 0.059621 0.079952 -0.211254 0.142649 -0.165740 0.327904 -0.261945 0.043569 -0.141768 0.242224 0.208309 0.043627 0.175669 0.333711 0.126056 0.015681 0.056697 0.315475 0.208843 0.330287 0.303528 0.327318 0.067095 0.004318 -0.153354 0.240177 -0.297227 0.258556 -0.039920 0.120376 0.211934 0.161592 0.339542 0.040171 0.209730 0.236003 0.164966 0.157129 0.050296 0.203665 0.049537 0.251107 -0.057474 0.302026 0.021061 -0.097470 0.096373 0.182694 0.030752 -0.022271 -0.100719 -0.058286 -0.113442 -0.246595 -0.162077 0.005074 -0.356415 -0.140337 -0.172086 -0.144345 0.044700 -0.149511 0.041590 -0.114355 -0.318456 -0.337769 -0.141736 0.170984 -0.199733 0.029375 -0.395754 -0.212343 -0.146793 -0.200496 -0.110836 -0.172857
0.153189 -0.070308 0.257884 -0.081900 -0.511994 -0.270730 0.463975 -0.228789 -0.125039 -0.338643 0.661621 0.327726 1.000000 -0.208170 0.063450 -0.430861 0.340251 0.572539 -0.119592 0.012460 -0.501672 -0.274758 -0.055264 0.039617 -0.435261 -0.345604 -0.353537 0.138287 -0.059731 0.041212 -0.391179 -0.072619 -0.014252 -0.092137 -0.021621 -0.267344 -0.388970 0.153757 -0.112215 0.029764 -0.053134 0.140872 -0.297943 0.110750 -0.005908 0.003663 -0.356461 0.298799 -0.004657 0.114550 -0.109276 0.306526 -0.109102 0.168519 0.157535 0.287173 -0.002633 0.331649 -0.011419 0.126208 0.349168 0.213158 0.510600 0.152588 0.165367 0.199775 -0.187194 -0.010948 -0.228132 -0.108388 0.084944 -0.333834 0.371053 -0.100438 0.145197 0.327428 0.217823 -0.016443 0.134279 0.455033 -0.046123 0.333181 -0.329472 0.070406 0.072826 0.183041 0.141566 0.399846 0.134127 0.270599 -0.399354 -0.155552 -0.265172 -0.273763 -0.053356 -0.196075 -0.010561 0.028839 0.140067 0.376845 0.328273 0.024541 0.395922 0.307099 -0.173269 0.080613 -0.089386 0.026059 -0.069169 -0.027499 -0.176388 0.312556 0.190833 0.069264 -0.000566 -0.017388
-0.283530 0.170658 -0.158285 -0.187580 0.158209 -0.262861 -0.120240 0.209466 0.332243 0.314006 -0.218810 0.615162 -0.208170 1.000000 0.032345 0.499971 -0.433119 -0.113801 -0.092239 -0.100877 0.100518 0.041508 0.278850 0.162872 0.426949 0.437334 0.037678 -0.140239 0.187052 -0.019931 0.564443 -0.131269 0.128059 0.027182 -0.120017 0.029437 0.002544 -0.208085 -0.332193 -0.334833 -0.045828 -0.167947 0.143918 0.003028 -0.022402 0.218538 -0.053693 -0.221806 -0.051578 0.249551 0.243203 -0.110230 0.231857 0.009086 -0.217104 -0.468793 -0.023054 0.000477 0.275286 0.211311 0.297559 0.055221 -0.053355 -0.212478 0.006455 0.111990 0.011917 0.194764 -0.044374 -0.062063 0.194240 0.273097 -0.090350 -0.103853 0.050731 -0.138652 -0.036388 0.143528 -0.354717 -0.203280 -0.056098 -0.279884 -0.075576 0.315405 -0.075475 -0.362816 -0.205451 -0.297576 -0.257607 -0.417253 0.041212 -0.049309 0.102247 0.032446 -0.298806 0.018266 -0.563610 -0.395101 -0.510431 -0.584399 -0.374277 -0.141533 -0.487473 -0.421849 -0.408371 -0.419177 -0.142647 0.047744 -0.277489 -0.164906 -0.355662 -0.528432 -0.393380 -0.412557 -0.245617 -0.290126
-0.158338 -0.099390 0.045814 0.465423 0.068520 0.009761 0.128643 0.092569 0.338134 -0.075506 -0.139761 -0.070842 0.063450 0.032345 1.000000 -0.037929 -0.179904 -0.125863 0.045404 0.270580 0.148845 -0.121746 0.338733 0.529967 0.002386 0.068425 0.102067 0.183237 -0.091149 0.057481 0.198942 0.318827 -0.083005 0.025409 0.288953 0.050242 -0.028700 -0.032695 0.062394 -0.300017 0.039738 -0.127805 0.092324 0.131071 0.169020 -0.092090 0.161248 0.228697 0.090917 -0.243200 -0.004744 0.177456 0.201246 -0.166823 -0.004258 -0.120265 -0.374149 -0.025404 -0.295612 -0.302706 -0.050672 -0.378976 0.177749 -0.436136 0.235679 -0.054766 -0.079421 -0.529193 -0.076268 -0.054884 0.055596 0.029295 -0.091557 0.145268 0.167852 0.088903 0.234138 0.252093 -0.180779 -0.080556 -0.070636 0.078800 0.225014 0.171537 0.383530 -0.024792 0.251651 0.155432 0.091735 -0.128172 -0.136973 -0.283773 0.006443 0.352398 0.119945 0.116663 -0.053193 -0.029907 -0.236099 -0.200690 -0.075662 -0.084433 -0.170424 -0.220031 -0.274512 -0.252912 -0.379864 -0.068544 -0.018201 -0.159647 -0.142287 -0.185092 0.067739 -0.149923 -0.019062 -0.151553
-0.345863 0.127500 -0.441168 -0.126823 0.532376 0.334711 -0.425136 0.124199 0.552973 0.815497 -0.655049 0.004612 -0.430861 0.499971 -0.037929 1.000000 -0.708247 -0.448779 -0.014707 -0.070183 0.440519 -0.003901 0.257118 0.036681 0.768377 0.830055 0.516443 -0.107972 -0.149238 0.159072 0.472050 -0.105782 0.194742 0.034437 0.008101 0.233309 0.036026 -0.011645 -0.119564 -0.113740 0.013035 -0.335909 0.354728 -0.080412 0.106834 0.073764 0.215121 -0.269016 0.044897 0.156490 0.091351 -0.230830 0.147837 -0.246022 -0.392290 -0.369497 -0.089795 -0.318306 0.163390 -0.031515 -0.038691 -0.242268 -0.281999 -0.309692 0.064582 -0.214061 0.216144 0.089023 0.067426 -0.066388 -0.015499 -0.081663 -0.339931 -0.402713 -0.087631 -0.518651 -0.261519 0.078538 -0.549608 -0.296856 -0.205832 -0.669431 -0.220173 0.174251 -0.304785 -0.408684 -0.593778 -0.672053 -0.237879 -0.550900 0.322862 0.176926 0.363179 0.216672 0.046294 0.328063 -0.123646 -0.117419 -0.365251 -0.479379 -0.388141 0.103111 -0.482404 -0.324432 0.072069 -0.122828 0.156894 0.037337 0.185421 -0.063247 0.081798 -0.448137 -0.227262 -0.051360 -0.104577 -0.082755
0.569416 -0.134033 0.276697 -0.081449 -0.293671 -0.340134 0.262372 -0.152284 -0.556987 -0.651903 0.698542 0.016624 0.340251 -0.433119 -0.179904 -0.708247 1.000000 0.460665 -0.043222 -0.108106 -0.375426 0.162763 -0.423130 -0.240013 -0.504359 -0.661300 -0.536698 -0.169989 0.274378 -0.168253 -0.462138 -0.046618 -0.207584 -0.140428 -0.182312 -0.320582 0.037091 0.029984 0.048738 0.166111 0.012295 0.512151 -0.433308 0.131270 -0.299054 -0.089337 -0.340076 0.194679 -0.223623 -0.159176 -0.127752 0.204995 -0.136880 0.273915 0.417487 0.292163 0.348889 0.339618 -0.106060 0.146909 -0.125805 0.394628 0.072512 0.524498 -0.280497 0.131017 -0.259732 0.127476 -0.006276 0.110473 -0.092458 0.186277 0.432543 0.298409 0.012361 0.389950 0.126548 -0.244485 0.762958 0.213515 0.352162 0.727068 0.066512 0.112752 0.132861 0.361546 0.357773 0.612199 0.124436 0.545279 -0.297714 -0.011551 -0.375008 -0.416720 -0.174252 -0.354063 0.096128 0.009367 0.403684 0.541999 0.265682 0.025477 0.508305 0.426939 0.041796 0.124618 -0.028125 -0.031404 -0.194644 0.184831 -0.106271 0.533115 0.100100 0.192853 0.166787 0.061074
0.170878 -0.215152 -0.107791 -0.385454 -0.624723 -0.474788 0.025212 -0.391549 -0.263559 -0.342471 0.414625 0.486954 0.572539 -0.113801 -0.125863 -0.448779 0.460665 1.000000 -0.196820 0.123990 -0.345671 -0.110110 -0.335093 -0.140418 -0.493177 -0.422419 -0.297221 0.195819 0.253879 0.288106 -0.389059 -0.008092 -0.188495 -0.069550 -0.180420 -0.105211 -0.004562 0.375458 0.014593 0.013238 0.216312 0.131608 -0.348221 0.238304 -0.049802 0.078890 -0.315668 0.272246 0.002094 -0.146716 0.117618 0.181950 0.104971 0.346805 0.285612 0.351258 0.132094 0.295750 -0.047762 0.008281 0.006608 0.235848 0.182741 0.317014 -0.232523 0.126950 -0.309932 0.009633 0.009231 0.226112 0.219803 -0.093092 0.666972 0.065508 0.301876 0.482495 0.300100 0.145170 0.414209 0.789344 0.272132 0.657763 0.026360 -0.089441 0.104536 0.227304 0.357703 0.392000 0.213259 0.177252 -0.151212 -0.147519 -0.149399 -0.296745 -0.116228 -0.052757 0.034486 0.031525 0.244479 0.274379 0.396697 0.018562 0.362047 0.245027 -0.054096 -0.011658 -0.077028 0.096928 0.080985 0.241589 -0.130477 0.205100 0.028441 0.148050 -0.090035 0.158665
0.196382 0.314560 0.384355 0.377959 0.132910 0.178021 0.094274 0.091901 0.003755 -0.086452 0.050624 -0.203302 -0.119592 -0.092239 0.045404 -0.014707 -0.043222 -0.196820 1.000000 0.296382 0.120826 0.074983 0.020839 0.091791 -0.061242 -0.066656 0.004936 -0.176065 0.019252 -0.278995 0.025155 -0.007732 0.116161 0.253131 -0.115532 -0.289591 -0.038903 -0.242882 0.239875 0.249495 -0.156688 0.057677 -0.118004 0.138205 -0.053382 0.024888 -0.151006 -0.072072 -0.195555 -0.176730 0.040760 -0.129375 -0.023137 -0.195828 0.344770 0.086077 0.299917 0.177358 0.186986 0.106394 0.158393 0.087162 0.192415 0.112226 -0.091310 -0.176189 -0.266827 -0.012459 -0.013133 -0.188999 -0.107725 -0.088556 -0.117875 -0.049241 -0.085639 -0.282001 -0.106214 -0.207669 -0.073264 -0.253178 -0.175327 -0.098544 -0.055935 -0.025253 -0.096311 -0.090663 0.048590 -0.152836 0.018776 0.172280 -0.354798 -0.328776 -0.172770 -0.155001 0.062640 -0.106167 -0.098574 0.040006 -0.244840 0.048426 -0.085264 -0.182689 -0.127831 -0.186133 -0.160967 -0.030924 0.108659 0.018223 -0.197349 -0.173090 -0.379001 -0.053329 -0.009959 -0.226788 0.247592 -0.086847
0.036409 0.123554 0.078371 0.229618 -0.319563 0.020814 -0.074278 -0.218156 -0.023506 0.038180 -0.108171 -0.057166 0.012460 -0.100877 0.270580 -0.070183 -0.108106 0.123990 0.296382 1.000000 -0.071817 -0.264328 0.058500 -0.015398 -0.212165 -0.080886 0.000997 0.311435 0.031798 0.213168 -0.055544 0.312329 -0.046551 0.394465 -0.025451 0.123683 -0.220859 -0.039581 -0.066492 -0.073318 -0.054239 -0.188968 0.248420 0.138604 0.190698 -0.048965 0.319466 0.292448 0.244312 -0.360015 0.072254 -0.381522 0.156815 -0.247464 -0.042540 -0.132881 -0.179241 0.059382 -0.116656 -0.280458 -0.194473 -0.228305 -0.038240 -0.147495 -0.226941 -0.182085 -0.084738 -0.319087 0.211588 0.230775 0.337679 -0.244794 0.183628 0.099008 0.253682 -0.012466 0.247608 0.396377 -0.019310 0.201616 -0.068992 0.114898 -0.029611 -0.347437 -0.131149 -0.375776 0.038820 -0.210532 0.018457 -0.261116 0.103212 -0.235212 0.152700 0.200541 0.027003 0.113704 0.060556 0.087419 0.020034 -0.075980 0.080260 -0.277372 -0.133556 -0.296487 -0.114540 -0.143255 0.047526 0.040565 0.126228 0.058048 -0.010756 -0.089518 0.040300 -0.156497 -0.262398 -0.007294
-0.082053 0.191249 -0.372138 -0.087585 0.431253 0.208590 -0.479546 -0.068101 0.355450 0.269871 -0.536521 -0.260252 -0.501672 0.100518 0.148845 0.440519 -0.375426 -0.345671 0.120826 -0.071817 1.000000 0.177534 -0.049700 -0.005172 0.372355 0.333334 0.615469 -0.018460 0.088299 0.175124 0.338924 0.102958 -0.068942 0.004948 -0.144778 0.102828 0.344560 0.084773 0.291186 0.065932 0.433123 -0.250697 0.203810 -0.044004 -0.044768 -0.042131 0.239609 -0.231082 -0.135890 -0.268992 0.107058 -0.121493 0.180935 -0.022528 -0.179341 -0.054545 0.145231 -0.050776 -0.006182 0.045084 -0.186640 -0.031970 -0.240020 -0.098743 -0.210259 -0.229370 -0.035649 -0.125368 0.265121 -0.019431 0.115518 0.121400 -0.170305 -0.012976 0.133913 -0.237285 0.024095 0.153516 -0.097091 -0.167755 0.146584 -0.330687 0.315782 0.046811 0.022812 -0.019298 -0.226333 -0.328135 -0.052614 -0.269672 0.274942 0.035774 0.075295 0.133091 0.132182 0.312366 -0.169849 0.022316 -0.206596 -0.378492 -0.251841 0.158920 -0.224938 -0.228430 0.231371 -0.163239 -0.001876 -0.125512 0.173931 0.137680 -0.084296 -0.336580 -0.207179 0.104007 0.155417 0.037010
0.236461 -0.072373 -0.095328 0.128354 0.145372 -0.226861 0.044226 0.127158 0.109441 -0.245915 0.013213 -0.016264 -0.274758 0.041508 -0.121746 -0.003901 0.162763 -0.110110 0.074983 -0.264328 0.177534 1.000000 -0.142663 0.168675 -0.068388 -0.211817 0.067176 0.076572 0.363232 -0.039533 -0.163199 -0.084295 -0.058969 -0.287432 0.025033 0.018918 0.313621 -0.048082 0.116376 0.138678 0.139968 0.392900 -0.126483 0.034986 -0.101693 0.010435 -0.137938 -0.237490 -0.119815 -0.070289 0.050327 0.010439 0.149705 0.269280 0.191754 0.029022 0.239672 0.137062 -0.091740 0.128368 -0.061025 0.181560 -0.091600 0.061496 -0.057079 -0.060097 -0.183019 0.042291 -0.177074 -0.041373 -0.158275 0.468427 0.033082 0.218171 0.055172 0.267217 -0.117018 -0.140189 0.157243 -0.164765 0.244576 0.165908 0.060990 0.355569 0.313952 0.196639 0.101407 0.105191 0.170157 0.264533 -0.097542 -0.177145 0.013763 -0.095424 0.101640 -0.031169 -0.141503 0.020364 -0.310838 -0.119174 -0.335668 0.159563 -0.159146 -0.040835 -0.001093 -0.207798 -0.282118 0.172640 -0.045503 0.076657 -0.145222 -0.154211 -0.191865 0.030212 0.145437 -0.052109
-0.293344 -0.107682 0.180238 0.420218 0.111406 0.158432 0.268775 0.449822 0.125241 0.296900 -0.175848 -0.128098 -0.055264 0.278850 0.338733 0.257118 -0.423130 -0.335093 0.020839 0.058500 -0.049700 -0.142663 1.000000 0.661282 0.307048 0.337826 -0.052743 0.002052 -0.079471 -0.304813 0.473470 0.239517 0.229367 0.057114 0.312710 -0.066690 -0.389022 -0.419542 -0.432919 -0.456393 -0.378434 -0.163823 0.320467 0.046645 0.395922 0.048358 0.188130 0.080451 0.296725 0.165938 0.199254 0.100533 0.147757 -0.267160 -0.183029 -0.496803 -0.370866 -0.301520 -0.203162 -0.382599 0.082270 -0.323815 0.438501 -0.254037 0.447917 -0.097221 0.237636 -0.288296 -0.405947 -0.299078 -0.044109 -0.041998 -0.296032 -0.293092 -0.099453 -0.176563 -0.213160 -0.009743 -0.491120 -0.333233 -0.227264 -0.403643 -0.318270 0.132890 0.145795 -0.261740 -0.054187 -0.191525 -0.159827 -0.263231 -0.220695 -0.271199 0.132547 0.407747 -0.241343 -0.271263 -0.195677 -0.377910 -0.459097 -0.380144 -0.329917 -0.152724 -0.452538 -0.407942 -0.417139 -0.145779 -0.222756 0.025615 -0.259497 -0.354307 -0.064579 -0.396842 -0.250471 -0.483811 -0.325037 -0.235342
-0.175589 -0.259876 0.094408 0.549789 -0.108349 -0.033204 0.280549 0.328288 0.209464 0.020551 -0.051248 -0.076886 0.039617 0.162872 0.529967 0.036681 -0.240013 -0.140418 0.091791 -0.015398 -0.005172 0.168675 0.661282 1.000000 -0.078958 -0.017442 -0.100289 0.036339 -0.128902 -0.240316 0.146654 0.215970 0.150652 -0.106690 0.460845 -0.018068 -0.146644 -0.240983 -0.107330 -0.278219 -0.155441 0.008201 0.074959 0.104170 0.296718 -0.073547 0.004742 0.051032 0.169773 -0.085543 0.038652 0.337996 0.106736 -0.101441 0.065247 -0.157390 -0.338093 -0.146504 -0.272507 -0.385582 0.155953 -0.343855 0.454163 -0.306683 0.527766 -0.030657 0.134440 -0.344194 -0.354994 -0.147246 -0.224776 -0.022363 -0.283307 -0.273965 -0.067397 0.065302 -0.066501 -0.076469 -0.374647 -0.138323 -0.143188 -0.099676 -0.040015 0.293523 0.432818 0.063264 0.372169 0.146903 0.090216 0.022181 -0.337275 -0.334764 0.022843 0.324873 -0.064438 -0.179764 -0.065015 -0.176335 -0.417152 -0.207293 -0.259464 -0.062219 -0.249404 -0.157066 -0.323589 -0.184626 -0.482841 0.131321 -0.099535 -0.279254 -0.090888 -0.264164 -0.164787 -0.208518 -0.041467 -0.080055
-0.195639 0.105517 -0.347908 -0.192976 0.802586 0.216724 -0.418380 0.100707 0.568283 0.631430 -0.540743 -0.051361 -0.435261 0.426949 0.002386 0.768377 -0.504359 -0.493177 -0.061242 -0.212165 0.372355 -0.068388 0.307048 -0.078958 1.000000 0.889396 0.467322 -0.283116 -0.013829 0.074803 0.648206 -0.097070 0.204302 0.096819 -0.012734 0.178879 0.031674 -0.109578 -0.244054 -0.218193 0.026397 -0.352883 0.344096 -0.130154 0.044722 0.123706 0.180264 -0.329610 -0.016867 0.249188 0.168007 -0.259236 0.134303 -0.271825 -0.433852 -0.508074 0.083014 -0.281288 0.286444 0.093627 -0.080311 -0.116871 -0.317899 -0.174464 0.009219 -0.255097 0.228612 0.189092 0.016034 -0.266894 0.118584 0.087311 -0.229973 -0.245538 -0.058689 -0.569014 -0.221014 0.063220 -0.380703 -0.423250 -0.152872 -0.630019 -0.219151 0.124726 -0.268445 -0.448598 -0.710622 -0.606183 -0.398837 -0.612721 0.234871 0.181126 0.226434 0.201077 -0.071503 0.207958 -0.237569 -0.279472 -0.384607 -0.526151 -0.447556 0.048311 -0.529003 -0.418835 -0.079547 -0.153639 0.206006 -0.001970 -0.047889 -0.174544 0.016677 -0.482345 -0.202667 -0.311596 -0.190197 -0.258538
-0.366836 0.053538 -0.398545 -0.162664 0.591827 0.331036 -0.472618 0.075727 0.591844 0.800507 -0.598492 -0.036203 -0.345604 0.437334 0.068425 0.830055 -0.661300 -0.422419 -0.066656 -0.080886 0.333334 -0.211817 0.337826 -0.017442 0.889396 1.000000 0.496541 -0.106299 -0.126191 0.245500 0.654490 0.013634 0.217351 0.155205 0.062877 0.296434 -0.035747 0.011855 -0.251599 -0.226713 0.029717 -0.486000 0.395994 -0.119260 0.155796 0.097672 0.256479 -0.216229 0.081552 0.276785 0.083231 -0.251591 0.127737 -0.332491 -0.509787 -0.446103 -0.077443 -0.374449 0.239262 -0.023596 -0.076174 -0.263330 -0.284209 -0.293036 0.087165 -0.234775 0.282728 0.133986 0.040407 -0.167683 0.182000 -0.106618 -0.202551 -0.243180 0.043775 -0.517156 -0.138684 0.184833 -0.482614 -0.249040 -0.244167 -0.626260 -0.211292 -0.036150 -0.313130 -0.449496 -0.695506 -0.626751 -0.393194 -0.681883 0.289795 0.145691 0.246374 0.219419 0.002015 0.305194 -0.189989 -0.198401 -0.336244 -0.508336 -0.344879 0.046833 -0.504244 -0.368927 -0.090356 -0.150569 0.159606 -0.096738 0.104502 -0.208394 0.110347 -0.464606 -0.192626 -0.223676 -0.236879 -0.203628
-0.214311 0.124089 -0.524797 -0.189140 0.502034 0.326805 -0.598298 -0.257360 0.658367 0.380670 -0.688059 -0.252642 -0.353537 0.037678 0.102067 0.516443 -0.536698 -0.297221 0.004936 0.000997 0.615469 0.067176 -0.052743 -0.100289 0.467322 0.496541 1.000000 0.303554 0.031786 0.389777 0.295253 0.025185 -0.048371 -0.006939 -0.048199 0.304679 0.353019 0.256159 0.294654 0.125292 0.446402 -0.455287 0.210274 -0.070028 0.080748 -0.023316 0.226164 -0.214810 0.055924 -0.202705 -0.024626 -0.297576 0.170238 -0.018269 -0.251863 0.061862 0.113505 -0.186364 0.077290 0.010751 -0.201037 -0.156689 -0.302145 -0.181528 -0.165989 -0.304212 -0.013383 -0.162049 0.183573 -0.131490 0.221420 -0.136755 -0.106974 -0.072721 0.163698 -0.341233 -0.064467 0.155433 -0.278852 -0.044068 0.099944 -0.389350 0.240519 -0.096328 -0.010045 -0.103539 -0.374854 -0.459836 -0.019861 -0.361719 0.494720 0.085261 0.303925 0.341581 0.365989 0.530005 -0.032835 0.183370 -0.208113 -0.435422 -0.084486 0.213334 -0.235613 -0.318218 0.178589 -0.144892 0.075664 -0.067200 0.437772 -0.010020 0.117551 -0.378662 0.004235 0.066472 -0.100636 -0.015823
-0.118485 -0.172890 -0.133082 0.111266 -0.334918 0.057121 -0.054235 -0.123296 0.127175 0.020158 -0.215186 -0.003795 0.138287 -0.140239 0.183237 -0.107972 -0.169989 0.195819 -0.176065 0.311435 -0.018460 0.076572 0.002052 0.036339 -0.283116 -0.106299 0.303554 1.000000 0.105431 0.434812 -0.137646 0.268088 -0.060125 0.161280 0.102513 0.214350 0.085175 0.348419 0.117997 0.073293 0.230029 -0.182987 0.133879 0.137087 0.378965 0.105787 0.164166 0.232310 0.442756 -0.091275 0.125388 -0.096953 0.225071 0.058896 -0.080221 0.152174 -0.241874 -0.061864 -0.228786 -0.352666 -0.206873 -0.228501 -0.071819 -0.181500 -0.014024 -0.092827 -0.145024 -0.354774 -0.117859 0.034085 0.290252 -0.080252 0.335301 0.288405 0.476283 0.351726 0.202287 0.298628 -0.068111 0.369945 0.072764 0.187869 0.121844 -0.217224 0.027375 -0.085528 0.049800 0.098531 0.078893 -0.141219 0.181247 -0.310162 0.148725 0.217287 0.204309 0.263767 0.092422 0.246087 -0.033110 -0.166964 0.146229 0.018574 -0.005066 -0.158306 -0.061340 -0.212022 -0.233144 -0.128386 0.317409 0.104521 0.101342 -0.102792 0.014776 0.038426 -0.233074 0.116120
0.311628 0.131961 -0.256830 -0.365906 -0.004085 -0.482800 -0.176856 -0.224760 0.024326 -0.294807 0.066500 0.221111 -0.059731 0.187052 -0.091149 -0.149238 0.274378 0.253879 0.019252 0.031798 0.088299 0.363232 -0.079471 -0.128902 -0.013829 -0.126191 0.031786 0.105431 1.000000 0.090691 0.023085 -0.100439 -0.232207 -0.215467 -0.451887 -0.287716 0.408038 0.125479 -0.026967 0.024063 0.262929 0.028497 -0.050534 0.210997 -0.220633 0.061027 -0.056507 0.168535 -0.218249 -0.265152 0.218057 -0.100206 0.322878 0.349416 0.148914 -0.055953 0.452569 0.355447 -0.135143 0.168660 -0.101400 0.462078 -0.002591 0.470095 -0.478224 -0.030175 -0.491998 -0.044192 -0.013210 0.059951 0.356264 0.346095 0.523217 0.278589 0.323335 0.307735 -0.032027 -0.026318 0.438988 0.136906 0.699323 0.392070 0.221058 -0.071864 0.317598 0.089719 -0.027561 -0.061419 -0.040089 0.053636 -0.007453 -0.193657 -0.053948 -0.090063 -0.165104 -0.119565 -0.359935 -0.211208 -0.180094 -0.247257 -0.195168 0.080709 -0.110361 -0.332750 -0.341303 -0.406822 -0.131934 0.018719 -0.285516 -0.036139 -0.412902 -0.167524 -0.216928 -0.231323 -0.177780 -0.210875
-0.200499 -0.113934 -0.508299 -0.342525 -0.157418 -0.171886 -0.461758 -0.498327 0.377302 0.243744 -0.326377 0.127964 0.041212 -0.019931 0.057481 0.159072 -0.168253 0.288106 -0.278995 0.213168 0.175124 -0.039533 -0.304813 -0.240316 0.074803 0.245500 0.389777 0.434812 0.090691 1.000000 -0.093613 0.222254 -0.200186 0.007311 -0.089417 0.369989 0.198028 0.718206 0.123613 -0.001624 0.574593 -0.394746 0.162374 -0.031250 0.099872 0.009448 0.183953 0.113493 0.188743 -0.083593 0.042066 -0.281928 0.287782 0.008138 -0.281905 0.130893 -0.066042 -0.090248 0.078664 -0.041267 -0.208007 -0.129317 -0.328093 -0.226302 -0.229551 -0.078823 -0.082319 -0.090470 0.212711 0.233359 0.548687 -0.126123 0.468048 0.298593 0.602512 0.273106 0.420839 0.586915 0.072068 0.573819 0.094437 0.179996 0.205441 -0.351110 -0.059211 -0.076376 -0.267262 -0.115615 -0.014971 -0.451790 0.453920 -0.003111 0.257630 0.173607 0.326861 0.678879 0.070198 0.336203 0.034583 -0.167027 0.194001 0.293278 -0.054117 -0.082505 0.039971 -0.256713 0.000749 0.001605 0.457759 0.284173 0.156214 -0.185146 0.019420 0.236488 -0.239606 -0.029245
-0.290926 0.197790 -0.158577 0.016570 0.448165 0.147171 -0.324478 0.293898 0.400173 0.387436 -0.391859 0.047148 -0.391179 0.564443 0.198942 0.472050 -0.462138 -0.389059 0.025155 -0.055544 0.338924 -0.163199 0.473470 0.146654 0.648206 0.654490 0.295253 -0.137646 0.023085 -0.093613 1.000000 0.122365 0.072925 0.131532 -0.081879 0.079841 0.036238 -0.294791 -0.311120 -0.280267 -0.089955 -0.382081 0.247713 -0.046951 -0.016460 0.070014 0.163087 -0.162636 -0.077374 0.137868 0.163577 -0.140479 0.175798 -0.145909 -0.334287 -0.501172 -0.002606 -0.199263 0.126700 0.042028 0.000254 -0.114071 -0.127395 -0.115887 -0.050720 -0.127281 0.108805 -0.047595 0.077166 -0.162660 0.243219 0.152031 -0.271979 -0.035624 -0.000750 -0.367450 -0.181643 0.055911 -0.410666 -0.397630 -0.119506 -0.507652 -0.010416 0.065169 -0.105011 -0.371759 -0.327107 -0.392290 -0.282042 -0.481198 0.137449 0.001090 0.053516 0.216489 -0.206483 -0.041240 -0.373885 -0.381126 -0.355218 -0.529397 -0.300319 -0.202868 -0.415834 -0.454915 -0.209586 -0.170988 0.028917 -0.155853 -0.179578 -0.373731 -0.141930 -0.441516 -0.350979 -0.438328 -0.245391 -0.179537
-0.146339 -0.105317 -0.006222 0.412190 -0.178973 0.055725 -0.134017 0.138839 -0.117601 0.108307 -0.135244 -0.299704 -0.072619 -0.131269 0.318827 -0.105782 -0.046618 -0.008092 -0.007732 0.312329 0.102958 -0.084295 0.239517 0.215970 -0.097070 0.013634 0.025185 0.268088 -0.100439 0.222254 0.122365 1.000000 0.091659 0.437825 0.356914 0.181444 -0.244475 0.042491 -0.121873 -0.234210 0.015068 -0.232302 0.326641 -0.061669 0.350708 -0.143343 0.338747 0.142972 0.242714 -0.272323 -0.027142 0.066855 0.128669 -0.303708 -0.312635 -0.209921 -0.286218 -0.182949 -0.234268 -0.447443 -0.293394 -0.430878 0.101667 -0.211260 0.070671 -0.055757 0.238333 -0.374568 0.059195 0.108896 0.266757 -0.003683 0.105791 0.175795 0.312382 0.201394 0.301518 0.403808 -0.007973 0.149492 -0.062374 0.023077 -0.030842 -0.226485 0.029920 -0.109236 0.037299 -0.037394 -0.147682 -0.318846 0.056316 -0.264456 0.053096 0.264079 -0.008172 0.075000 0.029601 -0.004990 -0.030077 -0.116624 -0.034870 -0.077688 -0.142649 -0.086226 -0.119601 -0.066840 -0.170315 -0.271554 -0.003415 0.031355 0.116696 -0.053075 -0.118816 -0.020091 -0.165204 -0.020512
-0.048296 0.009483 0.063140 0.131041 0.146161 0.074953 0.023014 0.195231 0.085533 0.267563 -0.123049 -0.122462 -0.014252 0.128059 -0.083005 0.194742 -0.207584 -0.188495 0.116161 -0.046551 -0.068942 -0.058969 0.229367 0.150652 0.204302 0.217351 -0.048371 -0.060125 -0.232207 -0.200186 0.072925 0.091659 1.000000 0.544783 0.422989 0.149199 -0.250845 -0.308859 -0.197850 -0.181890 -0.242211 -0.044819 0.164670 -0.169596 0.251041 0.007812 -0.095241 -0.356729 0.208152 0.266934 -0.066803 -0.034479 -0.253568 -0.334993 -0.250636 -0.366792 -0.041388 -0.219672 0.204616 -0.056849 0.187048 -0.161729 0.140878 -0.171314 0.462191 -0.020308 0.493428 0.325821 -0.090900 -0.166313 -0.211345 -0.144415 -0.132685 -0.389265 -0.140854 -0.218859 -0.144636 -0.061764 -0.311035 -0.210790 -0.292269 -0.348266 -0.327078 0.052012 -0.254483 -0.266115 -0.275814 -0.193328 -0.473371 -0.251504 -0.286293 -0.118227 0.021879 -0.036151 -0.228007 -0.093474 -0.107661 -0.254496 -0.344611 -0.228398 -0.364528 -0.177821 -0.381823 -0.131857 -0.157337 -0.060557 -0.016558 0.025571 -0.142112 -0.168680 0.157450 -0.185750 -0.228358 -0.183980 -0.114118 -0.131874
0.020011 0.076015 0.201444 0.266317 0.006321 0.133534 -0.064816 0.088189 -0.094619 0.190203 -0.112722 -0.053864 -0.092137 0.027182 0.025409 0.034437 -0.140428 -0.069550 0.253131 0.394465 0.004948 -0.287432 0.057114 -0.106690 0.096819 0.155205 -0.006939 0.161280 -0.215467 0.007311 0.131532 0.437825 0.544783 1.000000 0.254818 0.205673 -0.340690 -0.255601 -0.116730 -0.098924 -0.148896 -0.206807 0.231776 -0.122714 0.312862 0.060157 0.101783 -0.126897 0.301327 -0.001172 0.057775 -0.233714 -0.096271 -0.416308 -0.199195 -0.228428 -0.077859 -0.101061 0.147981 -0.174348 -0.055061 -0.227855 -0.030914 -0.148968 -0.003787 -0.022563 0.171773 0.071510 0.039227 -0.089325 0.126185 -0.213178 0.048115 -0.089990 0.100121 -0.263197 0.135745 0.232963 -0.151900 -0.050884 -0.358347 -0.172656 -0.180468 -0.115016 -0.472277 -0.473545 -0.187826 -0.201829 -0.367108 -0.357341 -0.062747 -0.220022 -0.045734 -0.016312 -0.092456 0.076814 -0.054654 -0.076084 -0.083034 -0.143169 -0.132285 -0.347857 -0.218298 -0.241841 -0.182753 -0.098977 0.077159 -0.139397 -0.121567 -0.068776 0.005072 -0.102190 -0.140112 -0.253647 -0.137421 -0.119531
-0.197407 -0.365282 -0.001888 0.497253 -0.030396 0.126840 0.106334 0.230916 0.073936 0.131985 -0.140511 -0.272285 -0.021621 -0.120017 0.288953 0.008101 -0.182312 -0.180420 -0.115532 -0.025451 -0.144778 0.025033 0.312710 0.460845 -0.012734 0.062877 -0.048199 0.102513 -0.451887 -0.089417 -0.081879 0.356914 0.422989 0.254818 1.000000 0.591310 -0.204762 -0.133264 -0.197911 -0.233223 -0.208271 0.027863 0.337353 -0.077880 0.490170 -0.113946 0.189268 -0.117550 0.425503 0.025285 -0.122360 0.269885 -0.083339 -0.272670 -0.317670 -0.209236 -0.487743 -0.322607 -0.208322 -0.385199 0.034258 -0.588676 0.119616 -0.400598 0.689649 0.047568 0.590643 -0.075039 -0.276042 -0.146179 -0.244834 -0.135103 -0.319100 -0.191162 -0.085757 -0.025843 0.081746 0.115982 -0.236220 -0.061378 -0.215434 -0.154520 -0.153688 0.055674 0.190241 0.045363 0.072399 0.035203 -0.167413 -0.138569 -0.160989 -0.192840 0.036118 0.183723 0.017782 -0.072095 0.090741 -0.217912 -0.143273 -0.149276 -0.213045 -0.128562 -0.209597 0.014490 -0.064678 0.069136 -0.401100 -0.260575 0.021886 -0.106208 0.347793 -0.047459 -0.069545 -0.029554 -0.001113 -0.030983
-0.269660 -0.303536 -0.382584 0.010794 0.011843 0.070187 -0.365445 -0.174086 0.273180 0.274300 -0.422503 -0.101772 -0.267344 0.029437 0.050242 0.233309 -0.320582 -0.105211 -0.289591 0.123683 0.102828 0.018918 -0.066690 -0.018068 0.178879 0.296434 0.304679 0.214350 -0.287716 0.369989 0.079841 0.181444 0.149199 0.205673 0.591310 1.000000 0.154756 0.152518 -0.058961 -0.045192 0.098141 -0.190470 0.400342 -0.076626 0.210616 -0.214770 0.349968 -0.216840 0.305617 -0.029855 -0.182438 -0.267819 0.002881 -0.222363 -0.488715 -0.185766 -0.287196 -0.406070 0.001139 -0.173709 -0.134932 -0.475520 -0.417177 -0.388042 0.153693 -0.044912 0.452115 0.100550 0.156707 0.132270 0.206284 -0.066295 -0.088869 0.046162 0.182134 -0.034217 0.270574 0.486133 -0.157697 0.122519 -0.153571 -0.160589 0.070829 -0.226726 -0.079873 -0.201858 -0.192957 -0.244347 -0.184163 -0.425578 0.371900 0.014387 0.238021 0.218692 0.273047 0.331852 0.183184 0.052637 0.020167 -0.287752 -0.004883 -0.080975 -0.171717 -0.140218 0.174594 -0.017466 -0.075868 -0.206423 0.405981 0.164684 0.532953 -0.209246 -0.088963 0.028105 -0.176019 0.126106
