1.000000 -0.164494 0.220884 0.055849 0.132773 0.176992 0.279403 0.074220 0.036015 -0.066923 0.200255 0.009399 -0.122909 0.073033 -0.081650 0.215310 -0.048424 -0.242282 0.390521 0.103458 -0.273620 -0.130375 -0.042696 -0.080613 -0.317792 -0.198405 -0.055932 0.143107 -0.101385 -0.129235 -0.143474 -0.017334 0.190330 0.182704 -0.043417 0.054534 0.230538 0.120712 0.204076 0.361344 0.298345 -0.138547 -0.043945 -0.132663 -0.074186 0.043828 -0.061336 0.086323 -0.134886 0.047724 -0.256064 -0.174826 -0.309707 0.011695 0.149598 0.296993 0.588445 -0.164876 0.029957 -0.065889 0.054331 0.026422 -0.223034 -0.264439 0.116081 0.186252 -0.149842 0.062914 -0.193178 0.129224 0.185656 0.141515 0.135241 -0.142273 0.142395 -0.068145 0.032166 -0.068894 -0.087496 -0.148898 -0.067592 -0.216430 -0.142536 -0.058486 -0.181690 -0.108167 0.269341 0.098876 0.350028 0.143476 -0.278889 -0.185959 -0.257965 -0.044062 -0.063520 -0.100000 0.044845 0.235973 -0.162429 0.312786 0.004735 -0.026611 -0.229073 -0.088590 -0.330064 -0.161221 -0.059154 -0.074504 -0.273109 0.074429 -0.133436 -0.067360 0.004983 0.121409 -0.096432 -0.114784
-0.164494 1.000000 -0.268929 -0.011246 -0.181157 0.041900 -0.300109 0.065034 -0.129210 0.046498 0.113909 0.017573 0.050234 0.037709 -0.160837 -0.078820 -0.199332 -0.097117 -0.414905 0.153830 -0.111328 -0.054135 -0.090875 -0.009937 0.239714 0.097006 -0.046934 -0.083993 -0.410127 0.012295 0.056844 0.057680 -0.066840 0.071740 0.172659 0.153900 0.000314 -0.077326 -0.314918 -0.226074 -0.086050 -0.111689 -0.039003 -0.066301 0.104127 0.178331 -0.001367 -0.072806 -0.104070 0.326928 -0.073218 0.126736 0.240710 0.153384 -0.186284 -0.217590 0.035296 0.635931 -0.186913 0.307540 -0.046808 0.507055 -0.320025 0.441565 -0.047361 0.248740 -0.287805 -0.113972 -0.041997 0.030112 -0.167961 -0.100322 -0.490554 -0.060420 -0.261921 0.080355 -0.064597 0.036330 -0.143366 0.095748 -0.351247 -0.288442 -0.212903 -0.358926 -0.165499 -0.048448 -0.267255 -0.142577 -0.121344 0.076440 0.271183 -0.124214 0.299890 -0.158664 -0.073189 -0.112661 -0.173616 -0.159408 0.055554 -0.211430 -0.145797 -0.374599 -0.210477 -0.412854 -0.057727 -0.081826 0.011560 0.046793 0.007245 -0.081627 -0.041215 -0.022628 -0.362741 -0.267640 -0.142805 -0.112336
0.220884 -0.268929 1.000000 -0.058698 0.463879 0.353003 0.607922 -0.242972 -0.074537 -0.128323 -0.048020 -0.489309 -0.280037 -0.488296 -0.256824 -0.277440 -0.282346 -0.163494 0.550891 0.227424 0.121423 -0.092633 0.511887 0.396808 0.290070 0.208201 0.308830 0.405174 -0.142448 -0.444078 0.361553 0.181525 -0.079695 -0.168105 -0.144424 -0.358663 0.007007 -0.188064 0.041965 0.014944 0.013215 -0.354370 0.139886 -0.023388 -0.048766 -0.182884 0.002515 0.074307 0.153233 0.073560 0.132753 0.017749 0.116351 0.133672 0.020651 0.105522 -0.041971 -0.098723 0.238529 0.138373 0.127117 -0.026195 0.021923 0.111687 -0.106849 -0.346702 0.037652 -0.179336 -0.213632 0.016459 0.351125 -0.119361 0.022876 -0.159823 -0.066730 -0.044122 -0.303981 -0.397962 -0.317919 -0.396333 -0.279500 -0.294551 -0.342185 -0.134093 -0.081488 -0.285238 -0.046899 -0.089518 0.170314 0.067072 -0.038184 0.165776 -0.077514 0.261756 -0.149932 -0.200920 -0.153294 -0.037086 0.023255 0.133262 -0.078598 0.170925 -0.071041 0.036002 0.004608 0.051562 0.031920 0.290932 -0.080032 -0.210660 -0.107095 -0.028732 0.016139 -0.004497 -0.022322 -0.137074
0.055849 -0.011246 -0.058698 1.000000 -0.068670 0.473866 -0.055820 0.707000 0.022564 0.429519 -0.197313 0.117378 -0.424546 0.097397 -0.385505 0.388641 -0.100107 -0.033973 -0.001166 -0.081790 -0.225206 0.209884 -0.195574 0.097611 -0.312348 -0.163976 0.002169 0.132428 -0.389467 -0.293009 -0.310343 0.139812 0.006007 0.120480 -0.365807 -0.257671 -0.089958 -0.010740 -0.179490 0.095620 -0.018982 -0.163388 -0.027222 -0.082163 -0.198792 -0.090181 -0.222427 -0.283736 -0.049516 -0.325100 0.106570 -0.188590 -0.174093 -0.369430 0.186405 -0.138008 -0.178807 -0.323491 -0.253928 -0.279805 -0.079089 -0.023964 0.186183 -0.144174 0.194740 0.562004 -0.094952 0.211003 -0.310175 -0.250136 -0.292575 0.188880 -0.353441 -0.183269 -0.148713 -0.102674 -0.087026 0.021067 0.064311 0.038465 0.076108 -0.151304 -0.296124 -0.268366 -0.051027 0.341660 0.021921 -0.036758 0.150221 0.008114 0.195793 -0.281315 0.392537 -0.104982 0.098997 0.147783 -0.105970 0.146032 0.041565 -0.010684 0.168286 -0.225692 -0.047154 -0.087174 -0.000003 0.090163 0.009908 -0.061440 -0.290482 0.119755 -0.263539 -0.110806 -0.140750 0.044580 0.077870 0.010574
0.132773 -0.181157 0.463879 -0.068670 1.000000 0.329253 0.639094 0.009809 0.471049 0.358399 0.220790 0.104766 0.184164 0.081749 0.229256 0.333052 -0.100505 0.062670 0.306361 0.144795 0.082233 -0.063079 0.132110 0.150800 -0.049661 -0.170780 0.272906 0.225434 0.268353 -0.000904 0.183469 0.153080 -0.226303 -0.191436 -0.180398 -0.178436 -0.258803 -0.378796 0.104666 -0.136917 -0.153444 -0.210047 -0.102028 -0.196294 0.065960 0.015658 -0.019399 0.031401 0.308931 0.146038 0.047125 -0.058792 0.044998 0.138905 -0.022853 -0.049356 -0.092039 -0.193749 0.149123 0.110792 0.277666 0.142533 0.094625 -0.045341 -0.011008 -0.139124 -0.172955 -0.228690 -0.243826 -0.079144 0.260101 -0.005467 0.248403 -0.118166 0.139604 -0.097400 -0.241930 -0.233649 -0.204722 -0.278406 -0.069046 0.029631 0.084986 0.326827 0.055633 -0.366167 0.291779 -0.190988 0.259129 -0.035490 0.136078 -0.019795 0.052999 0.218521 -0.218032 -0.008988 -0.254245 -0.151759 0.037417 0.047471 0.045822 -0.043312 -0.069102 -0.181905 -0.109399 -0.142131 -0.060110 0.015622 -0.019523 0.004839 -0.237725 -0.212779 0.260292 -0.335769 -0.197791 0.085460
0.176992 0.041900 0.353003 0.473866 0.329253 1.000000 0.110464 0.075712 0.065517 0.247412 -0.226970 -0.336236 -0.428205 -0.489248 -0.540482 0.019786 -0.269824 -0.083349 0.100542 0.100304 0.070642 0.207583 0.308556 0.433489 0.224252 0.210937 0.506964 0.760240 -0.408846 -0.471653 0.062932 0.271533 -0.316715 -0.223918 -0.298049 -0.393066 0.179728 0.044177 0.065356 0.150744 0.188523 -0.225584 0.089097 -0.223499 -0.050218 -0.075099 -0.094937 -0.063408 -0.008480 -0.173342 -0.027635 -0.186932 0.017305 0.062578 0.255744 0.004942 -0.110954 0.089059 -0.252488 -0.158935 -0.201881 -0.144914 -0.049511 0.037067 0.212730 0.141929 -0.190244 -0.079669 -0.292659 0.025653 0.030097 0.174048 -0.326186 -0.270290 -0.171726 0.126305 -0.447887 -0.291259 -0.177092 0.008723 -0.230688 -0.310918 -0.470924 -0.405307 -0.062031 0.004046 -0.121062 -0.057426 0.331935 0.070918 0.209891 -0.061225 0.320887 0.120781 0.127002 0.003291 -0.105087 0.128901 0.211563 0.102747 -0.036981 -0.172261 -0.243346 -0.207900 -0.020762 0.046377 0.131373 0.164792 -0.164843 0.006865 -0.228508 -0.053594 -0.120149 0.045743 -0.010744 -0.153251
0.279403 -0.300109 0.607922 -0.055820 0.639094 0.110464 1.000000 0.063193 0.366211 0.223191 0.471626 0.018097 0.280114 0.033936 0.106392 0.174342 -0.248455 -0.144625 0.448744 0.177034 -0.164654 -0.251685 0.256561 0.177845 -0.134639 -0.304326 0.048121 -0.018485 0.103636 -0.099728 0.129178 0.136768 0.107369 0.066976 -0.170867 -0.224741 0.012918 -0.225848 -0.006916 -0.031667 0.035334 -0.167922 0.018111 -0.007409 0.038501 -0.000987 -0.013579 -0.001412 0.274964 0.100549 0.082086 -0.066381 -0.096006 0.053140 0.016697 0.122847 -0.148695 -0.288728 0.075559 -0.051265 0.293739 0.029355 0.178354 -0.119638 0.111288 -0.095008 -0.164653 -0.235445 -0.282460 -0.069076 0.319305 0.001058 0.238778 -0.055890 0.141610 -0.086977 -0.124357 -0.202743 -0.239810 -0.416335 -0.094340 -0.191755 -0.121130 0.129873 -0.051867 -0.256117 0.205239 -0.128167 0.310972 0.068246 -0.114721 -0.038667 -0.143071 0.052029 -0.227684 -0.151260 -0.186539 -0.034976 -0.230381 0.079876 -0.144468 -0.037117 -0.183780 -0.175964 -0.302020 -0.213394 -0.189003 -0.011792 -0.102886 0.052991 -0.217676 -0.187202 0.102156 -0.141965 -0.134853 0.014139
0.074220 0.065034 -0.242972 0.707000 0.009809 0.075712 0.063193 1.000000 0.064400 0.586101 0.015567 0.496866 -0.085106 0.487372 -0.189153 0.506390 0.158356 0.180657 -0.086433 -0.256730 -0.229202 0.082345 -0.535759 -0.274684 -0.489074 -0.430399 -0.122263 -0.341578 -0.105714 0.048089 -0.393872 -0.035211 0.159018 0.342934 -0.271706 -0.047773 -0.276177 -0.080172 -0.236084 -0.080024 -0.135974 -0.051413 -0.161883 -0.110161 -0.067089 0.117983 -0.276710 -0.376279 0.070757 -0.083580 0.107200 -0.080835 -0.285602 -0.485027 -0.113551 -0.313599 -0.088599 -0.465342 -0.225781 -0.265164 0.128624 0.230934 0.201422 -0.220865 0.141733 0.659895 -0.111386 0.281973 -0.467512 -0.436831 -0.189336 0.224564 -0.137815 -0.068764 0.057560 -0.034947 0.154747 0.255479 0.153670 0.022803 0.289488 0.059143 -0.162423 -0.185708 -0.163924 0.057788 -0.004119 -0.247616 -0.085891 -0.260205 0.125361 -0.330709 0.314030 -0.169760 0.032088 0.236909 -0.299093 0.053770 -0.049079 -0.071606 0.273220 -0.168321 0.071624 -0.043370 -0.048922 0.022703 -0.113325 -0.244327 -0.142917 0.164495 -0.317291 -0.004343 -0.013515 -0.009945 0.081116 0.145148
0.036015 -0.129210 -0.074537 0.022564 0.471049 0.065517 0.366211 0.064400 1.000000 0.408449 0.439111 0.286432 0.416423 0.303274 0.326621 0.413082 -0.117852 -0.185539 -0.043713 0.061851 -0.171126 0.012078 0.096594 0.105481 -0.045389 -0.176563 -0.234013 0.041138 0.141601 0.187702 0.171569 0.301321 -0.083088 -0.048866 0.021730 0.005710 0.077181 -0.150482 0.129905 0.076947 0.120292 0.121771 -0.067585 -0.074618 -0.051396 0.020212 0.026121 -0.030385 0.001901 -0.074621 -0.161389 -0.280469 -0.045782 -0.024623 0.036751 0.005962 -0.109086 0.004236 0.007640 -0.036726 0.109433 0.020534 0.020835 -0.122824 0.400137 0.186224 -0.189946 -0.193756 0.075946 0.045964 0.012759 0.145674 0.097458 0.077950 0.124866 0.027319 0.055173 0.021562 0.034429 0.078191 -0.008772 -0.054262 0.024286 0.281749 0.202393 0.085423 0.147482 0.110573 0.394658 0.238144 -0.123179 -0.151685 -0.234899 -0.294270 -0.121888 0.007683 -0.030559 -0.128648 -0.268751 -0.060868 -0.215739 -0.253746 -0.245785 -0.418153 -0.378042 -0.370245 -0.098123 -0.429293 -0.182206 0.098499 -0.282611 -0.335493 -0.015842 -0.230097 -0.264573 0.063499
-0.066923 0.046498 -0.128323 0.429519 0.358399 0.247412 0.223191 0.586101 0.408449 1.000000 0.021114 0.357104 -0.018116 0.249259 -0.094515 0.413286 0.009430 0.087950 0.044285 0.026584 -0.039162 0.129547 -0.365296 -0.113258 -0.186454 -0.401891 0.087011 -0.196935 0.000403 0.030621 -0.194959 0.099447 0.000555 0.178321 -0.227598 -0.055639 -0.211581 -0.257141 -0.064959 -0.133283 -0.098049 0.032351 -0.303572 -0.318682 0.048509 0.229426 -0.124391 -0.282287 0.218524 -0.011616 0.064909 -0.041121 -0.047007 -0.060147 -0.084043 -0.295434 -0.170047 -0.263001 -0.097287 -0.099165 0.107596 0.177869 0.269487 -0.150045 0.137486 0.394998 -0.246442 -0.006666 -0.247526 -0.328436 -0.037191 0.107808 -0.104932 -0.029819 0.058957 -0.010437 -0.031922 0.049404 -0.007293 -0.053458 0.085498 -0.059839 -0.161585 -0.029230 -0.116839 -0.110502 -0.120308 -0.298101 0.021577 -0.184753 0.306911 -0.150069 0.322428 -0.071131 0.034171 0.191587 -0.329873 -0.113694 0.046741 -0.069607 0.055532 -0.237452 -0.005117 -0.206392 -0.085937 -0.074232 -0.071572 -0.181014 0.030324 0.187381 -0.390417 -0.127194 0.112879 -0.176101 -0.066371 0.214417
0.200255 0.113909 -0.048020 -0.197313 0.220790 -0.226970 0.471626 0.015567 0.439111 0.021114 1.000000 0.370729 0.741415 0.424516 0.312693 0.322675 -0.197121 -0.235566 -0.144192 0.024776 -0.409950 -0.233071 0.109943 0.004685 -0.109097 -0.240013 -0.371470 -0.201759 0.063798 0.270696 0.187712 0.191777 0.132543 0.106546 0.059521 0.092410 0.218579 0.009602 0.011882 0.106352 0.145426 -0.012070 0.009088 0.174335 -0.146699 -0.085775 0.100216 0.107849 -0.134585 0.107332 -0.152566 -0.092725 -0.016803 0.104243 0.049953 0.184555 0.009532 0.066492 0.016961 0.080217 0.304094 0.250243 -0.071260 -0.009347 0.093090 0.104031 -0.261716 -0.237735 0.055773 0.093192 0.166125 0.107950 0.189749 0.083316 0.214458 0.077908 0.153155 0.103434 -0.125564 -0.069919 -0.042494 -0.157538 0.012141 0.160300 0.059562 -0.084597 0.346490 -0.091526 0.409456 0.211645 -0.302813 -0.305050 -0.368590 -0.402289 -0.199874 -0.146653 0.039282 -0.064403 -0.435255 -0.092434 -0.340861 -0.397387 -0.414298 -0.509836 -0.576742 -0.522106 -0.274128 -0.346786 -0.286795 0.192176 -0.022864 -0.294765 -0.206969 -0.170061 -0.106828 -0.037161
0.009399 0.017573 -0.489309 0.117378 0.104766 -0.336236 0.018097 0.496866 0.286432 0.357104 0.370729 1.000000 0.443555 0.719815 0.442053 0.584940 0.328741 0.321426 -0.184364 -0.129653 -0.221634 -0.084208 -0.397775 -0.271618 -0.445878 -0.465334 -0.311080 -0.446995 0.418310 0.467145 -0.222277 0.015434 0.173701 0.246968 0.064530 0.294245 -0.315514 -0.247662 -0.224779 -0.311583 -0.296085 -0.004626 -0.163079 0.028596 -0.040378 0.183434 0.008296 -0.145790 -0.132225 -0.182950 -0.179829 -0.240227 -0.319764 -0.292122 -0.274647 -0.280071 -0.023074 -0.360891 -0.144386 -0.210377 0.157425 0.114859 0.118862 -0.303782 0.157446 0.420567 -0.052263 0.098104 -0.040703 -0.185532 -0.071797 0.193012 0.314520 0.070169 0.318780 -0.031902 0.480365 0.510801 0.333079 0.123629 0.416397 0.390355 0.401430 0.405510 0.316051 0.113623 0.347140 -0.080287 -0.060650 -0.299093 -0.186685 -0.365944 -0.090411 -0.293037 -0.106342 0.174335 -0.194247 -0.145745 -0.339889 -0.124174 -0.040306 -0.268866 -0.041958 -0.179981 -0.278209 -0.222064 -0.406698 -0.472782 -0.119259 0.356059 -0.120848 -0.123694 0.063281 -0.190802 0.031135 0.327292
-0.122909 0.050234 -0.280037 -0.424546 0.184164 -0.428205 0.280114 -0.085106 0.416423 -0.018116 0.741415 0.443555 1.000000 0.435702 0.531194 0.173881 -0.033882 -0.052380 -0.217651 -0.015406 -0.136471 -0.122558 0.040894 -0.163498 -0.041201 -0.207349 -0.278098 -0.354579 0.318491 0.396231 0.117113 0.091849 0.110456 0.125602 0.303496 0.326324 0.040275 -0.108651 -0.063065 -0.188493 -0.110871 0.084598 0.033215 0.213691 0.172168 0.226921 0.110180 0.064799 -0.026681 0.166357 -0.142020 -0.039011 -0.022987 0.070103 -0.049073 -0.044552 -0.194087 0.038542 -0.053657 -0.008337 0.205633 0.072691 -0.096809 -0.086122 0.191014 0.035646 -0.104154 -0.113686 0.155599 0.011067 0.153112 0.099521 0.343093 0.187966 0.364407 0.213189 0.257654 0.300713 -0.021349 0.004967 0.060682 0.117557 0.226232 0.275777 0.259069 -0.073616 0.225849 -0.052966 0.144802 -0.009000 -0.197903 -0.224953 -0.273595 -0.299863 -0.298165 -0.167537 -0.079846 -0.218805 -0.340550 -0.206276 -0.316381 -0.292831 -0.271683 -0.394787 -0.397184 -0.393197 -0.263628 -0.325815 -0.122602 0.102639 -0.010931 -0.233843 -0.117041 -0.305991 -0.136280 0.042102
0.073033 0.037709 -0.488296 0.097397 0.081749 -0.489248 0.033936 0.487372 0.303274 0.249259 0.424516 0.719815 0.435702 1.000000 0.525491 0.750008 0.152232 0.078416 -0.198407 -0.224178 -0.342880 -0.124309 -0.463307 -0.339807 -0.526789 -0.465450 -0.475871 -0.563319 0.312939 0.438652 -0.280792 -0.129961 0.131991 0.160193 -0.044599 0.254051 -0.314421 -0.099023 -0.097627 -0.090184 -0.153283 0.203846 -0.221871 -0.016452 -0.146486 -0.003807 -0.104107 -0.022629 -0.041643 0.089616 -0.016663 -0.013931 -0.159495 -0.223635 -0.163805 -0.127808 0.042319 -0.326460 0.107885 0.062243 0.324735 0.341150 0.034912 -0.254867 0.013866 0.341024 -0.016456 0.165500 0.010805 -0.041547 -0.116126 0.097696 0.184922 0.047833 0.193485 -0.240725 0.269556 0.298432 0.072182 -0.021103 0.270844 0.238069 0.468207 0.472231 0.042888 -0.025307 0.422169 -0.090719 -0.001151 -0.004541 -0.057881 -0.194392 -0.056755 -0.173200 -0.157072 0.189577 -0.142711 -0.089379 -0.313520 -0.172188 0.147011 -0.131286 0.033669 -0.078064 -0.222124 -0.211858 -0.237114 -0.375768 -0.079891 0.111071 -0.045751 -0.180586 0.116989 -0.219556 -0.052072 0.222080
-0.081650 -0.160837 -0.256824 -0.385505 0.229256 -0.540482 0.106392 -0.189153 0.326621 -0.094515 0.312693 0.442053 0.531194 0.525491 1.000000 0.407275 0.170943 0.072008 -0.014836 0.031819 -0.031026 -0.003258 -0.022508 -0.057496 -0.149074 -0.096718 -0.274646 -0.289176 0.647557 0.455367 0.043127 -0.043785 0.033331 -0.025629 0.288445 0.355778 -0.327149 -0.343595 0.038462 -0.138001 -0.281245 0.139684 -0.150012 0.062152 0.208309 0.148382 0.062098 0.113932 0.174093 0.193042 -0.141612 -0.054196 -0.107812 0.069820 -0.179278 0.044288 -0.039260 -0.097776 0.154989 0.159912 0.092035 0.062757 -0.088580 -0.262448 -0.046516 -0.143285 0.062050 -0.032429 0.311851 0.119822 -0.060287 -0.171732 0.372525 0.044952 0.138887 -0.357081 0.139291 0.058788 0.064430 -0.097396 0.096583 0.369007 0.754629 0.818607 0.278394 -0.015800 0.411669 0.170444 -0.074994 0.044903 -0.220462 0.003212 -0.287998 -0.040129 -0.304922 -0.056676 0.142561 -0.184869 -0.261013 -0.107880 0.068869 0.094798 0.135227 -0.042253 -0.088130 -0.182642 -0.105164 -0.167923 0.065444 -0.063037 0.145432 -0.185572 0.203737 -0.238937 -0.149957 0.161780
0.215310 -0.078820 -0.277440 0.388641 0.333052 0.019786 0.174342 0.506390 0.413082 0.413286 0.322675 0.584940 0.173881 0.750008 0.407275 1.000000 0.104426 0.029671 -0.063366 -0.106028 -0.336800 0.053416 -0.327776 -0.094440 -0.483799 -0.371471 -0.249179 -0.130632 0.209756 0.294923 -0.273218 -0.009131 0.066956 0.109444 -0.190474 0.061784 -0.205142 -0.110210 0.038173 0.112761 -0.048420 0.087987 -0.192875 -0.103124 -0.207847 -0.057425 -0.156846 -0.030093 -0.006649 -0.079186 -0.071795 -0.182162 -0.279906 -0.222080 -0.020203 0.038623 0.024083 -0.348494 0.010818 -0.075327 0.170192 0.209668 0.050557 -0.395057 0.115534 0.460493 -0.081352 0.127040 -0.077628 -0.007133 -0.129704 0.177873 0.106767 -0.099166 0.047935 -0.355836 0.059366 0.097184 0.051940 -0.019156 0.206470 0.152996 0.352564 0.449494 -0.018301 0.051821 0.463694 0.025158 0.180940 0.120974 -0.120098 -0.283490 -0.047726 -0.197525 -0.084114 0.192474 -0.032774 0.044842 -0.298084 -0.031256 0.163315 -0.214927 -0.068788 -0.169991 -0.282783 -0.242060 -0.211275 -0.330422 -0.168639 0.145609 -0.078493 -0.238254 0.119904 -0.134708 -0.093760 0.195720
-0.048424 -0.199332 -0.282346 -0.100107 -0.100505 -0.269824 -0.248455 0.158356 -0.117852 0.009430 -0.197121 0.328741 -0.033882 0.152232 0.170943 0.104426 1.000000 0.725477 -0.076657 -0.206447 0.268094 0.125716 -0.451243 -0.475478 -0.298661 -0.147340 0.045241 -0.210877 0.534492 0.405076 -0.257574 -0.349076 0.008682 0.048777 -0.033346 0.092905 -0.346901 -0.072279 0.030556 -0.166462 -0.314476 -0.002957 -0.179229 -0.133101 -0.116021 0.048172 -0.066552 -0.272225 -0.150430 -0.177624 -0.176691 -0.170473 -0.276721 -0.375686 -0.474456 -0.214501 0.364297 -0.187282 -0.023081 -0.101362 0.047512 0.003591 0.266224 -0.034233 -0.112469 0.106307 0.185947 0.093456 -0.130647 -0.401193 0.071416 0.169528 0.322259 0.246899 0.229493 0.006839 0.554644 0.450361 0.694764 0.493607 0.678923 0.751173 0.283149 0.192488 -0.028970 0.071333 -0.089754 0.128040 -0.541782 -0.330330 -0.140407 0.087179 -0.035792 -0.012793 0.102434 0.194616 -0.048160 0.014415 0.122446 0.348595 0.454339 0.320475 0.522046 0.410287 0.187316 0.302114 -0.196445 -0.186028 0.110803 0.204640 -0.109786 0.334501 0.400545 0.256579 0.411064 0.528464
-0.242282 -0.097117 -0.163494 -0.033973 0.062670 -0.083349 -0.144625 0.180657 -0.185539 0.087950 -0.235566 0.321426 -0.052380 0.078416 0.072008 0.029671 0.725477 1.000000 0.053935 -0.097181 0.391301 -0.007028 -0.338993 -0.330801 -0.311903 -0.266927 0.342208 -0.074128 0.515730 0.188494 -0.324593 -0.386480 -0.094381 0.001147 -0.267630 -0.172870 -0.495247 -0.213250 -0.110599 -0.427416 -0.410605 -0.165074 -0.220623 -0.139418 -0.118992 0.019855 -0.037421 -0.305323 -0.014390 -0.251615 0.010017 -0.126618 -0.194351 -0.326854 -0.334540 -0.383236 -0.069684 -0.228617 -0.084224 -0.213906 0.202465 -0.084117 0.393745 0.085983 -0.099396 -0.101061 0.132084 -0.046429 -0.252395 -0.397301 0.076619 -0.016337 0.289154 0.001887 0.204146 0.056777 0.377193 0.373108 0.563844 0.486266 0.625188 0.765313 0.260204 0.143404 0.108408 -0.162051 0.000699 -0.153376 -0.405791 -0.574497 0.136413 0.134397 0.252937 0.280554 0.166863 0.243153 -0.245460 -0.097010 0.336179 0.200905 0.355784 0.336549 0.443765 0.461298 0.377758 0.497978 -0.216051 0.078576 0.253481 0.270178 -0.154832 0.297512 0.417189 0.100599 0.341778 0.508859
0.390521 -0.414905 0.550891 -0.001166 0.306361 0.100542 0.448744 -0.086433 -0.043713 0.044285 -0.144192 -0.184364 -0.217651 -0.198407 -0.014836 -0.063366 -0.076657 0.053935 1.000000 0.478199 0.051002 -0.169952 0.012238 -0.070305 -0.250175 -0.287436 0.182852 0.075007 0.156407 -0.340052 -0.141531 -0.143056 0.291250 0.148607 -0.120743 -0.175096 -0.073462 -0.291583 0.128145 -0.040662 -0.083252 -0.347135 -0.141324 -0.180724 -0.049568 -0.009987 -0.027199 0.022776 0.119227 -0.120268 0.006273 -0.116642 -0.228450 -0.016480 0.110515 0.084544 -0.002752 -0.354437 0.204124 -0.155661 0.153897 -0.253823 0.172943 -0.208448 -0.001584 -0.208001 0.123724 0.005784 -0.037124 -0.038139 0.217177 -0.253607 0.330791 -0.193870 0.155204 -0.129967 -0.026404 -0.176983 -0.074820 -0.331989 -0.027971 -0.009350 -0.064627 0.063563 -0.040052 -0.292355 0.094720 -0.119055 0.134564 -0.192551 -0.019002 0.099265 -0.077731 0.294922 -0.091440 -0.137867 -0.028007 0.057419 0.144212 0.278683 0.066664 0.352787 0.061328 0.271338 0.141178 0.187051 0.086936 0.278365 0.052352 0.010232 -0.138271 0.134609 0.264583 0.084478 -0.069674 0.010295
0.103458 0.153830 0.227424 -0.081790 0.144795 0.100304 0.177034 -0.256730 0.061851 0.026584 0.024776 -0.129653 -0.015406 -0.224178 0.031819 -0.106028 -0.206447 -0.097181 0.478199 1.000000 -0.274923 -0.231557 0.158936 0.165652 0.046197 -0.117749 -0.038235 0.048905 0.021706 -0.069102 0.125037 0.133846 0.247234 0.242211 0.197257 0.112227 0.124235 -0.271216 -0.062893 -0.112691 -0.025877 -0.189731 0.158518 0.057423 0.171770 0.116877 0.207067 0.371478 -0.005936 0.017928 -0.167871 -0.077390 -0.108115 0.323677 0.112570 0.130664 -0.057760 0.218357 -0.138055 -0.097575 -0.195405 -0.177416 -0.153547 0.018663 0.045231 -0.090360 -0.200038 -0.169788 0.268109 0.326435 0.046297 -0.210489 0.150317 -0.073406 -0.080361 -0.072211 -0.180060 -0.193749 -0.102625 -0.211179 -0.252050 -0.131946 -0.106377 0.018276 -0.080739 -0.127231 -0.082123 -0.133192 0.156184 0.075650 -0.033715 -0.046622 -0.126385 -0.051813 -0.229163 -0.375531 0.132633 -0.106669 -0.085858 0.024178 -0.348203 -0.134445 -0.365792 -0.287944 -0.149532 -0.186728 -0.115203 0.217858 -0.036275 -0.040785 0.173817 0.059221 -0.046479 -0.084969 -0.356341 -0.254849
-0.273620 -0.111328 0.121423 -0.225206 0.082233 0.070642 -0.164654 -0.229202 -0.171126 -0.039162 -0.409950 -0.221634 -0.136471 -0.342880 -0.031026 -0.336800 0.268094 0.391301 0.051002 -0.274923 1.000000 0.398031 0.017811 -0.087195 0.307010 0.300783 0.652778 0.303048 0.193150 -0.064555 -0.021785 -0.253080 -0.278040 -0.192525 -0.117806 -0.201712 -0.339998 -0.233681 0.086230 -0.268284 -0.271723 -0.033745 -0.241121 -0.237642 0.044163 0.062133 -0.084598 -0.376929 0.107602 -0.036640 0.076760 0.055229 0.242400 -0.042416 -0.146361 -0.266657 -0.061639 0.013916 0.116905 0.029338 0.152838 -0.082956 0.173533 0.089159 -0.096579 -0.333681 0.198025 -0.152684 -0.029639 -0.263388 0.094958 -0.259753 -0.061829 -0.065522 -0.001055 0.078999 0.091558 0.014611 0.032456 0.200983 0.035794 0.284523 0.009918 -0.037255 0.193519 -0.189089 -0.189814 0.106852 -0.295042 -0.338353 0.351868 0.324347 0.327342 0.418434 0.297251 0.298627 -0.204118 -0.083933 0.490573 0.137140 0.321105 0.404190 0.483269 0.422816 0.510477 0.559828 0.150576 0.135632 0.292556 -0.133911 -0.245122 0.116853 0.269012 -0.059776 0.217783 0.335904
-0.130375 -0.054135 -0.092633 0.209884 -0.063079 0.207583 -0.251685 0.082345 0.012078 0.129547 -0.233071 -0.084208 -0.122558 -0.124309 -0.003258 0.053416 0.125716 -0.007028 -0.169952 -0.231557 0.398031 1.000000 0.057141 0.187187 0.324360 0.504377 0.165916 0.316064 -0.055640 -0.032044 0.175834 0.330286 -0.031575 0.062110 0.104530 0.016698 -0.082562 -0.048597 0.081199 0.026175 -0.061349 0.125572 -0.066623 -0.081952 0.020227 0.049344 -0.261552 -0.294925 0.114382 0.024364 0.141565 0.033461 0.076583 -0.151503 -0.000916 -0.142742 -0.083893 0.002986 -0.038270 0.056109 -0.219405 0.001050 -0.107595 -0.064807 0.068686 0.067726 0.017300 0.068423 -0.072937 -0.291547 -0.063529 0.176212 -0.256293 0.059898 -0.026157 0.115177 0.025354 0.104843 0.125466 0.201442 -0.038204 -0.010495 -0.100445 -0.086281 0.119997 0.119445 -0.078592 0.184410 -0.130405 -0.017967 -0.079034 -0.267887 0.008198 -0.214838 0.003164 -0.097012 0.014561 -0.191011 -0.018418 -0.154243 0.125121 -0.086654 0.144598 -0.070379 0.058523 0.055259 0.160896 -0.176261 -0.170373 -0.168020 -0.155047 -0.223873 -0.240385 0.018573 0.043652 0.088040
-0.042696 -0.090875 0.511887 -0.195574 0.132110 0.308556 0.256561 -0.535759 0.096594 -0.365296 0.109943 -0.397775 0.040894 -0.463307 -0.022508 -0.327776 -0.451243 -0.338993 0.012238 0.158936 0.017811 0.057141 1.000000 0.818551 0.640522 0.568107 0.177894 0.568742 -0.195006 -0.311586 0.612947 0.494393 -0.171907 -0.252938 0.216081 -0.140980 0.259632 0.038235 0.004826 0.111121 0.167205 -0.060552 0.359147 0.202285 0.125325 -0.118357 0.108855 0.179312 0.008456 0.028008 0.043025 -0.006175 0.218090 0.300353 0.178946 0.168210 -0.288210 0.284005 -0.147729 0.008067 -0.289948 -0.263494 -0.215302 0.095064 0.188647 -0.337736 -0.139801 -0.304038 0.109604 0.358063 0.233673 -0.033693 -0.097228 -0.019333 0.010915 0.183400 -0.360640 -0.325732 -0.342744 -0.140605 -0.333312 -0.290446 -0.202536 -0.070548 0.322615 0.062737 -0.110832 0.074718 0.279606 0.210203 -0.258393 0.020225 -0.254904 -0.044535 -0.187980 -0.346329 0.055058 -0.166407 -0.198664 -0.240549 -0.503457 -0.147721 -0.353011 -0.351046 -0.256655 -0.247223 -0.061894 0.068071 -0.231626 -0.295072 0.037185 -0.261138 -0.346976 -0.014307 -0.099628 -0.314435
-0.080613 -0.009937 0.396808 0.097611 0.150800 0.433489 0.177845 -0.274684 0.105481 -0.113258 0.004685 -0.271618 -0.163498 -0.339807 -0.057496 -0.094440 -0.475478 -0.330801 -0.070305 0.165652 -0.087195 0.187187 0.818551 1.000000 0.522905 0.498243 0.176037 0.553450 -0.216348 -0.239945 0.562746 0.620612 -0.143571 -0.192181 0.068465 -0.188260 0.175894 0.043492 0.020242 0.130579 0.241186 0.090625 0.309238 0.174348 0.041107 -0.168590 0.040914 0.152300 0.114611 0.032518 0.161691 0.063852 0.246215 0.260901 0.207138 0.118153 -0.324714 0.188422 -0.188251 0.028692 -0.348447 -0.126213 -0.146741 0.046989 0.049321 -0.240669 -0.305500 -0.344059 0.031848 0.336653 0.113885 0.063333 -0.225891 -0.036631 -0.138804 0.059618 -0.435060 -0.312471 -0.357678 -0.191229 -0.296499 -0.315383 -0.140423 -0.018763 0.212237 0.096459 -0.049458 0.003931 0.265759 0.223163 -0.181931 -0.119490 -0.160104 -0.140831 -0.098897 -0.247693 0.059024 -0.187742 -0.262632 -0.366176 -0.448363 -0.257828 -0.362920 -0.402998 -0.272046 -0.284744 -0.058114 0.024426 -0.225135 -0.191592 0.089942 -0.374502 -0.368488 -0.018929 -0.144641 -0.277243
-0.317792 0.239714 0.290070 -0.312348 -0.049661 0.224252 -0.134639 -0.489074 -0.045389 -0.186454 -0.109097 -0.445878 -0.041201 -0.526789 -0.149074 -0.483799 -0.298661 -0.311903 -0.250175 0.046197 0.307010 0.324360 0.640522 0.522905 1.000000 0.840362 0.169811 0.420728 -0.297425 -0.169470 0.706523 0.422225 -0.267517 -0.289893 0.362894 0.030959 0.176479 0.022747 -0.085104 -0.058083 0.049016 0.071111 0.259880 0.087540 0.203577 -0.009161 0.064089 0.088067 -0.029682 0.156643 -0.029451 0.103988 0.346723 0.347013 -0.116587 -0.063562 -0.143041 0.503818 -0.066432 0.261733 -0.325313 0.022525 -0.303182 0.276729 0.044077 -0.214323 0.022069 -0.175402 0.238456 0.190582 0.139769 -0.062059 -0.353406 0.100137 -0.134858 0.251661 -0.297778 -0.231398 -0.283805 -0.052808 -0.426082 -0.351629 -0.265623 -0.255160 0.130993 -0.038974 -0.395538 0.044859 -0.101933 0.159629 -0.039009 0.111767 -0.071617 -0.045457 -0.088164 -0.188879 -0.053248 -0.275691 -0.053136 -0.311585 -0.340558 -0.141047 -0.155896 -0.290065 -0.022195 -0.118416 0.070301 0.116100 0.009683 -0.446650 0.088607 -0.140619 -0.399440 -0.082725 -0.026533 -0.232387
-0.198405 0.097006 0.208201 -0.163976 -0.170780 0.210937 -0.304326 -0.430399 -0.176563 -0.401891 -0.240013 -0.465334 -0.207349 -0.465450 -0.096718 -0.371471 -0.147340 -0.266927 -0.287436 -0.117749 0.300783 0.504377 0.568107 0.498243 0.840362 1.000000 0.092836 0.526532 -0.293245 -0.183341 0.638747 0.393803 -0.257779 -0.303692 0.346891 0.072604 0.099896 0.146962 -0.040754 0.092525 0.050169 0.091451 0.349298 0.158826 0.155892 -0.082719 0.030695 0.100923 -0.064577 0.123534 0.013814 0.097897 0.269047 0.207697 -0.099182 0.016855 0.005470 0.406220 -0.036440 0.259199 -0.445965 -0.027094 -0.365356 0.197140 -0.025390 -0.174765 0.146180 0.011760 0.247991 0.163215 0.057998 0.013530 -0.410291 0.054764 -0.200157 0.116187 -0.258969 -0.192611 -0.125283 0.046911 -0.284546 -0.214034 -0.114906 -0.161245 0.137730 0.123044 -0.215759 0.174087 -0.160741 0.202940 -0.147387 0.066336 -0.136632 -0.070791 -0.066634 -0.131556 0.103057 -0.189550 -0.060069 -0.288572 -0.148664 -0.072721 -0.019486 -0.129418 0.033591 -0.074210 0.128930 0.054777 -0.071198 -0.478828 0.170295 -0.171806 -0.366855 0.005707 0.041153 -0.190016
-0.055932 -0.046934 0.308830 0.002169 0.272906 0.506964 0.048121 -0.122263 -0.234013 0.087011 -0.371470 -0.311080 -0.278098 -0.475871 -0.274646 -0.249179 0.045241 0.342208 0.182852 -0.038235 0.652778 0.165916 0.177894 0.176037 0.169811 0.092836 1.000000 0.515976 0.034489 -0.228749 -0.152329 -0.195552 -0.304760 -0.157592 -0.296719 -0.349386 -0.144998 -0.159631 0.092720 -0.154992 -0.114159 -0.163231 -0.151652 -0.226849 0.077848 0.066901 -0.034236 -0.210638 0.177870 0.002489 0.078703 0.039745 0.174189 0.086703 0.087295 -0.120725 -0.124180 -0.024621 -0.094680 -0.100607 0.087229 -0.115546 0.095705 0.068548 -0.100472 -0.299528 -0.153341 -0.274154 -0.284201 -0.144858 0.187030 -0.116441 -0.066821 -0.162372 -0.026075 0.091527 -0.210662 -0.169803 -0.114931 0.029282 -0.071358 0.072900 -0.202930 -0.240870 -0.114339 -0.289129 -0.237812 -0.063795 -0.080583 -0.291138 0.396098 0.224700 0.393009 0.455101 0.286466 0.116469 -0.202539 0.056062 0.457391 0.192420 0.187211 0.291448 0.182889 0.215716 0.318673 0.384216 0.102807 0.319705 0.160156 0.004933 -0.150728 0.128090 0.263660 0.053054 0.125586 0.131164
0.143107 -0.083993 0.405174 0.132428 0.225434 0.760240 -0.018485 -0.341578 0.041138 -0.196935 -0.201759 -0.446995 -0.354579 -0.563319 -0.289176 -0.130632 -0.210877 -0.074128 0.075007 0.048905 0.303048 0.316064 0.568742 0.553450 0.420728 0.526532 0.515976 1.000000 -0.250044 -0.394389 0.240820 0.233181 -0.336602 -0.299040 -0.113812 -0.303358 0.177702 0.091302 0.163149 0.193269 0.179438 -0.131220 0.139862 -0.104064 -0.123945 -0.194638 -0.046555 0.020783 -0.155243 -0.214182 -0.054148 -0.151843 0.113567 0.122337 0.311005 0.164096 -0.066815 0.207970 -0.132755 -0.090008 -0.231285 -0.287120 -0.139052 0.041855 0.165535 -0.137326 -0.024883 -0.124317 -0.025593 0.198817 0.079239 0.028949 -0.224158 -0.231260 -0.174359 0.055807 -0.356576 -0.308622 -0.161928 0.144965 -0.257225 -0.180167 -0.244844 -0.168977 0.185464 0.079524 0.016513 0.185689 0.348276 0.188628 0.036048 0.061173 0.067870 0.146754 0.168527 -0.005831 0.083582 0.079326 0.160048 0.102736 -0.111499 -0.025060 -0.186406 -0.116753 0.021210 0.058249 0.103763 0.121285 -0.144379 -0.113489 -0.063772 -0.148257 -0.116992 0.033686 0.008042 -0.118865
-0.101385 -0.410127 -0.142448 -0.389467 0.268353 -0.408846 0.103636 -0.105714 0.141601 0.000403 0.063798 0.418310 0.318491 0.312939 0.647557 0.209756 0.534492 0.515730 0.156407 0.021706 0.193150 -0.055640 -0.195006 -0.216348 -0.297425 -0.293245 0.034489 -0.250044 1.000000 0.594185 -0.084414 -0.130635 0.007005 -0.006440 -0.080053 0.019344 -0.340089 -0.236645 0.137585 -0.174385 -0.279127 0.080129 -0.312408 -0.169002 -0.001544 0.039402 0.052441 -0.026367 0.167123 0.007804 -0.100277 -0.044784 -0.153719 -0.048367 -0.241548 -0.031024 0.002050 -0.334315 0.137863 -0.054140 0.151765 -0.096870 0.174404 -0.277315 -0.235127 -0.312084 -0.030853 -0.186308 0.026522 -0.083491 0.269110 0.033397 0.736514 0.180377 0.315193 -0.073163 0.290355 0.183293 0.385445 0.129205 0.468724 0.710434 0.637104 0.673831 0.161829 -0.136857 0.263008 0.032410 -0.262086 -0.233176 -0.173423 0.109196 -0.230183 0.125599 -0.014139 0.075553 0.048571 -0.087826 -0.039472 0.181328 0.200804 0.362629 0.283263 0.280974 0.091504 0.079930 -0.195689 -0.042474 0.190617 0.172726 -0.015626 0.163707 0.497690 0.016905 0.077109 0.330557
-0.129235 0.012295 -0.444078 -0.293009 -0.000904 -0.471653 -0.099728 0.048089 0.187702 0.030621 0.270696 0.467145 0.396231 0.438652 0.455367 0.294923 0.405076 0.188494 -0.340052 -0.069102 -0.064555 -0.032044 -0.311586 -0.239945 -0.169470 -0.183341 -0.228749 -0.394389 0.594185 1.000000 0.071427 0.008254 -0.018076 0.084460 0.068478 0.216617 -0.013461 0.109730 0.066793 0.025467 -0.021563 0.413219 -0.210162 -0.050471 0.001495 0.062278 0.124162 0.071068 -0.023221 0.101120 -0.233100 -0.048608 -0.050236 0.030404 -0.161456 0.212875 0.186118 -0.022778 -0.074825 -0.007442 0.037588 0.203189 -0.020177 -0.135297 -0.234902 0.024408 -0.242066 -0.192064 0.032714 -0.016424 0.078834 0.254313 0.419670 0.478557 0.069070 0.041090 0.210419 0.158301 0.245030 0.207557 0.295276 0.428090 0.428645 0.487730 -0.093228 0.142746 0.119239 0.194895 -0.195278 0.183340 -0.268140 -0.067591 -0.350587 -0.279525 0.046349 0.108385 0.245305 0.062184 -0.222606 0.131570 0.044701 0.030261 0.016848 -0.104303 -0.216050 -0.271373 -0.297402 -0.297889 0.001487 0.201609 0.173712 0.117152 0.249432 0.019298 -0.041018 0.161215
-0.143474 0.056844 0.361553 -0.310343 0.183469 0.062932 0.129178 -0.393872 0.171569 -0.194959 0.187712 -0.222277 0.117113 -0.280792 0.043127 -0.273218 -0.257574 -0.324593 -0.141531 0.125037 -0.021785 0.175834 0.612947 0.562746 0.706523 0.638747 -0.152329 0.240820 -0.084414 0.071427 1.000000 0.720064 -0.123119 -0.248787 0.247566 -0.091608 0.134462 0.013159 0.015171 0.071665 0.133258 -0.012419 0.279079 0.142160 0.071044 -0.152124 0.139856 0.151850 0.017916 0.174375 -0.038215 0.025316 0.279834 0.344171 -0.120971 0.073493 0.006310 0.363428 0.063507 0.348514 -0.229623 0.188156 -0.257328 0.282927 -0.111710 -0.271073 -0.162634 -0.315963 0.207590 0.207090 0.245204 0.096953 -0.073275 0.152132 -0.047478 0.244748 -0.205891 -0.200460 -0.216808 -0.153329 -0.213112 -0.250636 -0.107451 0.056557 0.169617 -0.045957 -0.081758 -0.039424 0.073017 0.197191 -0.391942 -0.171803 -0.455826 -0.269051 -0.240889 -0.296558 0.036348 -0.324041 -0.317783 -0.275023 -0.407736 -0.208531 -0.256700 -0.381171 -0.286459 -0.396062 -0.026478 -0.069484 -0.168339 -0.270071 0.031312 -0.276054 -0.392785 -0.064432 -0.084705 -0.224302
-0.017334 0.057680 0.181525 0.139812 0.153080 0.271533 0.136768 -0.035211 0.301321 0.099447 0.191777 0.015434 0.091849 -0.129961 -0.043785 -0.009131 -0.349076 -0.386480 -0.143056 0.133846 -0.253080 0.330286 0.494393 0.620612 0.422225 0.393803 -0.195552 0.233181 -0.130635 0.008254 0.720064 1.000000 -0.051832 -0.093308 0.129525 -0.103828 0.137222 -0.015245 -0.141377 0.045983 0.108070 -0.065105 0.173511 -0.011656 0.036885 -0.043542 0.055475 0.011873 0.004957 0.054207 -0.032467 -0.101579 0.178026 0.202762 -0.019833 -0.045762 -0.132819 0.156368 -0.109205 0.176115 -0.325533 0.110236 -0.293521 0.079221 0.081955 0.033937 -0.365270 -0.254672 0.022802 0.131813 0.236622 0.387276 -0.114123 0.149850 0.038415 0.345479 -0.169420 -0.042080 -0.070005 -0.089007 -0.208917 -0.318227 -0.214900 -0.022857 0.240315 0.196157 0.025173 -0.005595 0.181552 0.214746 -0.380686 -0.429532 -0.358074 -0.451589 -0.252048 -0.387585 -0.061886 -0.348054 -0.510487 -0.343369 -0.507973 -0.465999 -0.452584 -0.579277 -0.452411 -0.496990 -0.131930 -0.176587 -0.391722 -0.088815 -0.206492 -0.394653 -0.511850 -0.127646 -0.202231 -0.267329
0.190330 -0.066840 -0.079695 0.006007 -0.226303 -0.316715 0.107369 0.159018 -0.083088 0.000555 0.132543 0.173701 0.110456 0.131991 0.033331 0.066956 0.008682 -0.094381 0.291250 0.247234 -0.278040 -0.031575 -0.171907 -0.143571 -0.267517 -0.257779 -0.304760 -0.336602 0.007005 -0.018076 -0.123119 -0.051832 1.000000 0.814246 0.288713 0.251333 0.021598 -0.026334 0.041598 0.051627 0.082478 -0.052717 0.015048 0.255967 0.040176 0.159880 -0.294891 -0.038868 0.079230 -0.057306 0.140819 0.096215 -0.386826 -0.276877 0.058552 -0.026246 0.018010 -0.205933 0.023010 -0.176108 0.083257 -0.090242 0.173712 -0.082031 0.160150 0.200115 0.189996 0.281804 0.102885 -0.074595 -0.188028 -0.213527 0.227713 -0.144811 0.153696 -0.088947 0.225379 0.143157 -0.045410 -0.135590 0.146074 0.000427 -0.050025 -0.059773 -0.009030 -0.080916 0.074121 -0.133254 0.070211 -0.216546 -0.398502 -0.379210 -0.325648 -0.366986 -0.140653 -0.204514 0.038214 -0.103307 -0.322380 -0.175958 -0.182120 -0.159336 -0.160451 -0.048379 -0.287297 -0.214094 -0.168562 -0.254559 -0.174489 -0.001882 0.137974 -0.083240 -0.260432 0.042169 -0.183963 -0.133505
0.182704 0.071740 -0.168105 0.120480 -0.191436 -0.223918 0.066976 0.342934 -0.048866 0.178321 0.106546 0.246968 0.125602 0.160193 -0.025629 0.109444 0.048777 0.001147 0.148607 0.242211 -0.192525 0.062110 -0.252938 -0.192181 -0.289893 -0.303692 -0.157592 -0.299040 -0.006440 0.084460 -0.248787 -0.093308 0.814246 1.000000 0.288530 0.378110 0.000353 -0.015403 -0.004654 0.033389 0.064440 0.059967 -0.004511 0.215928 0.226186 0.435404 -0.216071 -0.049878 0.039144 -0.001039 0.025898 0.049696 -0.420604 -0.263497 0.050168 -0.100797 -0.043986 -0.183464 -0.235122 -0.346133 0.042090 -0.125269 0.095797 -0.195657 0.284831 0.343500 -0.000672 0.313939 -0.080099 -0.171028 -0.188907 -0.114607 0.172848 -0.147556 0.080440 -0.071986 0.227041 0.215554 -0.037168 0.013023 0.093825 0.040066 -0.151352 -0.127533 -0.093840 -0.081574 -0.014282 -0.167098 0.090319 -0.247391 -0.222841 -0.350532 -0.125382 -0.351305 -0.093368 -0.066047 -0.065294 -0.077099 -0.240615 -0.175238 -0.156853 -0.223943 -0.224977 -0.163752 -0.287951 -0.159955 -0.248084 -0.291689 -0.160711 0.066443 0.029739 -0.133060 -0.217480 -0.064492 -0.209509 -0.078696
-0.043417 0.172659 -0.144424 -0.365807 -0.180398 -0.298049 -0.170867 -0.271706 0.021730 -0.227598 0.059521 0.064530 0.303496 -0.044599 0.288445 -0.190474 -0.033346 -0.267630 -0.120743 0.197257 -0.117806 0.104530 0.216081 0.068465 0.362894 0.346891 -0.296719 -0.113812 -0.080053 0.068478 0.247566 0.129525 0.288713 0.288530 1.000000 0.830377 0.101693 -0.058847 -0.142010 -0.066929 -0.112319 0.114309 0.302122 0.307993 0.564079 0.492095 0.006574 0.228842 -0.027061 0.232453 -0.170445 0.053619 -0.164294 0.084927 -0.190269 -0.081183 -0.002317 0.262366 -0.210453 0.009325 -0.347057 -0.104646 -0.384069 -0.050383 0.326250 0.161197 0.211308 0.328178 0.287301 0.133589 -0.143362 -0.137206 0.006979 0.101467 0.116601 0.054977 0.067785 0.103323 -0.106275 -0.059455 -0.227212 -0.081632 0.049129 0.056437 0.204418 0.092426 -0.167896 0.015505 -0.126877 0.028696 -0.314243 -0.088704 -0.309684 -0.304551 -0.407110 -0.242963 0.062464 -0.227835 -0.294933 -0.363741 -0.271991 -0.221523 -0.168234 -0.322775 -0.284389 -0.344260 -0.117927 -0.253671 -0.137309 -0.301923 0.282090 -0.189017 -0.331607 -0.111291 -0.183067 -0.207797
0.054534 0.153900 -0.358663 -0.257671 -0.178436 -0.393066 -0.224741 -0.047773 0.005710 -0.055639 0.092410 0.294245 0.326324 0.254051 0.355778 0.061784 0.092905 -0.172870 -0.175096 0.112227 -0.201712 0.016698 -0.140980 -0.188260 0.030959 0.072604 -0.349386 -0.303358 0.019344 0.216617 -0.091608 -0.103828 0.251333 0.378110 0.830377 1.000000 0.012664 -0.028747 -0.110682 -0.065201 -0.113239 0.291798 0.247180 0.314247 0.521069 0.571568 0.156849 0.357604 -0.104650 0.239212 -0.251341 0.083178 -0.212665 0.109882 -0.207309 -0.043802 0.113763 0.088442 -0.193317 -0.048975 -0.294602 -0.093226 -0.334969 -0.254151 0.222031 0.278707 0.177861 0.462262 0.288231 0.090594 -0.162387 -0.008700 0.055296 0.155847 0.122716 -0.102984 0.179153 0.248262 -0.025321 -0.022180 -0.093355 0.045013 0.217159 0.177926 0.049949 0.118470 -0.021552 0.024420 -0.150929 0.042571 -0.151296 -0.058174 -0.173725 -0.276368 -0.299954 -0.007940 0.069039 -0.087540 -0.265132 -0.274881 -0.150505 -0.265173 -0.131858 -0.264040 -0.276315 -0.340745 -0.165148 -0.361784 -0.074148 -0.106391 0.342904 -0.147645 -0.102030 -0.193474 -0.184950 -0.038936
