1.000000 0.406102 0.132456 -0.012562 -0.119224 -0.082158 0.157534 0.050683 -0.002620 -0.052097 -0.147414 0.029732 -0.047274 0.020834 -0.122811 -0.112277 0.110853 0.127941 0.452915 0.274064 -0.137962 -0.088362 0.067017 -0.151019 -0.058158 -0.302561 -0.080792 -0.046862 -0.082136 -0.067851 -0.022027 -0.197945 0.397548 0.309753 -0.130315 0.000626 -0.319145 -0.196099 -0.425594 -0.373551 -0.323158 -0.069065 -0.145745 -0.093039 0.116129 0.075440 -0.124795 -0.140966 0.125382 0.116899 -0.363950 -0.063552 -0.121266 -0.121578 -0.257232 -0.077599 0.669339 0.195320 0.115935 -0.073482 0.380922 0.183542 0.173190 0.368663 0.009009 0.024599 0.063493 -0.141206 0.167251 0.000832 -0.149797 -0.338265 -0.044436 0.011225 0.059306 -0.139219 0.128488 -0.106401 -0.002075 0.095723 -0.052806 0.170584 -0.329050 -0.313478 -0.273840 -0.287741 -0.200054 -0.326456 -0.168984 -0.103109 -0.217120 -0.166924 -0.188850 -0.116259 -0.030093 -0.110534 0.093717 0.093789 -0.017991 0.236052 0.180836 -0.025495 -0.000056 -0.002027 -0.031248 -0.117901 0.216960 0.123032 0.022462 0.129835 -0.042576 0.111271 0.011792 -0.001484 -0.120297 -0.259872
0.406102 1.000000 -0.069654 0.031574 -0.236270 -0.296734 -0.187904 -0.288166 -0.226851 -0.306468 -0.019423 -0.030190 -0.119385 -0.321137 -0.140841 -0.265437 -0.010576 0.032366 0.556364 0.642732 -0.074708 -0.177914 -0.181157 -0.007619 -0.146993 0.071285 -0.170910 -0.111110 0.022877 -0.087533 -0.020287 -0.011766 0.533817 0.293228 -0.090879 -0.212736 -0.193248 -0.243882 -0.008540 -0.108041 -0.149580 -0.094981 0.066118 0.023557 0.149779 0.101458 0.118676 -0.086288 0.161804 0.128374 -0.352643 0.000151 -0.041025 0.159577 0.090209 -0.034723 0.382610 0.639234 0.161410 0.043375 0.213817 0.297166 -0.123113 0.316795 -0.033578 -0.026115 0.174293 -0.215375 0.673429 0.508630 -0.196932 -0.444785 0.016974 0.120956 0.129673 0.144311 -0.173855 -0.379500 -0.017614 0.182825 0.075519 0.210659 0.050648 -0.048621 0.054052 -0.157539 0.277758 -0.034822 0.102623 0.010661 -0.207646 -0.375357 -0.190338 -0.302285 -0.030909 -0.270938 -0.048730 -0.021635 -0.134228 -0.062564 -0.042217 -0.201314 -0.221744 -0.197384 0.013547 -0.085684 -0.045992 -0.167616 -0.224909 0.042693 -0.148839 -0.099314 0.102420 -0.024641 -0.304374 -0.337832
0.132456 -0.069654 1.000000 0.567986 0.004189 0.050714 0.708261 0.354269 -0.180894 -0.223307 -0.078768 0.097100 0.190773 -0.247007 -0.353037 -0.478876 -0.155394 -0.002787 0.260546 0.016259 -0.127458 -0.363691 0.326824 0.591395 -0.103935 0.273867 -0.135777 -0.128952 -0.036396 -0.205834 0.235478 0.302945 0.034124 0.073669 -0.130233 -0.299761 -0.375067 -0.184862 -0.191129 -0.163554 -0.552108 -0.398494 -0.104219 -0.152482 -0.013131 -0.177887 -0.180029 -0.107892 -0.104963 -0.024313 -0.020994 -0.031421 -0.186537 0.094196 -0.277146 0.048083 -0.138760 -0.238038 -0.201455 -0.339469 0.226737 -0.118838 -0.209225 -0.290884 0.439008 0.094019 -0.160019 0.007327 -0.194410 -0.177534 0.322550 0.164104 -0.119541 -0.128596 -0.198169 0.040530 0.145445 0.130082 0.007113 -0.095842 -0.152166 -0.188411 -0.155473 -0.279521 -0.138857 -0.140745 -0.265710 -0.134081 -0.072004 0.123288 0.061247 0.258514 0.212158 0.318414 0.021436 -0.075181 0.003762 0.012279 -0.367613 0.004019 0.089466 0.272753 0.176493 0.140601 0.007453 0.145584 0.101674 0.371394 0.165883 -0.196902 0.154472 -0.050047 -0.044899 0.116614 -0.018137 -0.056095
-0.012562 0.031574 0.567986 1.000000 -0.070075 -0.007378 0.342214 0.536814 -0.246546 -0.188634 -0.337654 0.084880 -0.213751 -0.150393 -0.518765 -0.476156 -0.237915 0.131661 0.202635 0.186657 -0.249628 -0.459298 -0.004067 0.505499 -0.257441 0.238192 -0.277423 -0.093113 -0.174763 -0.096204 -0.150277 0.168304 -0.044642 -0.064409 -0.201554 -0.380126 -0.418483 -0.130421 -0.117389 0.048047 -0.350251 -0.360685 0.021330 -0.093310 -0.007968 -0.081926 0.038048 0.144027 -0.296341 -0.034068 -0.218972 -0.212694 -0.297186 -0.014760 -0.196645 0.156702 -0.134263 -0.238295 -0.126673 -0.189202 0.099095 0.097572 -0.208010 -0.219145 0.168756 0.263691 -0.172530 0.098670 -0.053696 0.030577 0.129688 0.390968 -0.257811 -0.116676 -0.318634 0.040645 0.037776 0.142246 0.157316 0.000051 0.029510 -0.268624 -0.207490 -0.261343 -0.135005 -0.051562 -0.132353 0.070224 0.051224 0.348183 0.246773 -0.043930 0.422283 0.230047 0.026405 -0.008767 0.064203 0.233754 -0.383318 0.029075 0.237006 0.351839 0.331445 0.278346 0.181250 0.178111 0.186205 0.439216 0.139457 -0.102431 0.328054 0.093675 0.150642 0.344423 -0.053313 -0.078723
-0.119224 -0.236270 0.004189 -0.070075 1.000000 0.551428 0.162248 0.178590 0.684261 0.655601 -0.220408 -0.293060 0.241369 0.172799 0.596924 0.409871 -0.085123 -0.060401 -0.153535 -0.194551 0.023044 -0.060633 0.255838 -0.003549 0.587816 -0.165528 0.464829 -0.042971 -0.173951 0.004902 0.301170 0.011956 -0.379270 -0.344865 -0.312386 0.187650 -0.180174 0.022724 -0.214302 -0.075811 -0.130162 0.135722 -0.022915 -0.016335 -0.292416 -0.232089 0.161349 0.158611 0.076471 -0.074407 -0.040396 0.190341 0.280909 0.195468 -0.221878 0.023064 0.015426 0.006730 0.111561 0.173029 -0.056477 -0.082422 0.019820 -0.051771 -0.166409 -0.120148 -0.324782 -0.212623 -0.195027 -0.220256 0.059024 0.036919 -0.069227 0.067925 0.045702 0.026384 0.007623 0.157857 -0.018929 -0.042079 -0.129322 0.096377 -0.319577 -0.229520 0.022949 0.003938 -0.354649 -0.280879 -0.034341 -0.028257 0.061078 0.034778 -0.065236 -0.014946 0.033453 0.039684 0.109766 -0.050230 0.082440 0.190489 0.139325 -0.107425 -0.015708 -0.122613 -0.100836 -0.222369 0.158806 0.070680 0.047706 0.151770 -0.023114 0.190540 -0.050788 -0.199126 -0.113506 -0.012919
-0.082158 -0.296734 0.050714 -0.007378 0.551428 1.000000 0.090247 0.134575 0.701428 0.664291 -0.141195 -0.235598 0.296273 0.086962 0.338689 0.446877 -0.259004 -0.314010 -0.254334 -0.312639 0.354476 0.154576 0.213696 0.031082 0.599889 -0.067558 0.383581 0.352873 -0.342691 -0.298729 0.392501 0.146536 -0.511502 -0.451475 -0.259799 0.143261 -0.332028 0.052179 -0.127813 -0.172142 -0.196770 0.135938 0.016431 -0.153153 -0.265332 -0.211929 0.308244 0.043435 0.122906 -0.147627 0.007054 -0.084288 0.242260 -0.139451 -0.029122 0.177471 -0.049330 -0.143197 0.021222 0.078447 -0.263977 -0.213682 -0.138103 -0.270872 -0.253858 -0.039356 -0.300943 -0.179992 -0.283980 -0.299488 0.034281 0.064531 -0.276861 -0.117246 -0.143142 -0.165143 -0.155567 0.020467 -0.213804 -0.187202 -0.093055 -0.122320 -0.279650 -0.261588 -0.016250 -0.052981 -0.417477 -0.125955 -0.252252 0.053325 0.129184 0.094714 -0.030575 0.039410 0.144481 -0.000199 0.478775 0.129888 0.112230 0.374079 0.152778 -0.223309 0.176283 0.047393 0.112031 0.036556 0.530941 0.210912 0.294004 0.099756 0.068406 0.379721 0.110774 0.176815 0.131751 -0.061891
0.157534 -0.187904 0.708261 0.342214 0.162248 0.090247 1.000000 0.681015 0.156367 0.119647 -0.040625 0.333353 0.465769 0.238526 -0.030987 -0.142242 -0.170380 0.069210 -0.031975 -0.230458 -0.286446 -0.238309 0.447285 0.444376 -0.070291 -0.108559 -0.081515 -0.082104 -0.051971 -0.073476 0.229663 0.213990 -0.065757 0.154249 -0.127109 -0.083207 -0.399116 -0.319742 -0.488743 -0.324294 -0.576773 -0.279042 -0.172968 -0.082102 -0.005111 -0.177355 -0.266456 -0.076765 -0.023531 -0.097600 -0.034961 0.031816 -0.156231 -0.062479 -0.564330 -0.209045 -0.231227 -0.387950 -0.211613 -0.327803 0.388006 0.067127 -0.065560 -0.116705 0.420817 0.252124 -0.327377 -0.020827 -0.512339 -0.400138 0.260598 0.248152 -0.127309 -0.061102 -0.126872 0.020467 0.223940 0.298996 -0.091578 -0.131904 -0.230248 -0.124861 -0.398281 -0.380457 -0.094857 -0.093423 -0.514073 -0.305319 -0.275782 -0.109725 0.113811 0.355744 0.178217 0.167660 -0.020619 -0.115985 -0.074399 -0.190568 -0.183605 0.058710 -0.026451 0.140008 0.076581 0.011527 -0.176463 -0.066289 0.160982 0.197172 0.049806 -0.143645 0.074379 0.009524 -0.173409 0.015865 0.096012 0.024658
0.050683 -0.288166 0.354269 0.536814 0.178590 0.134575 0.681015 1.000000 0.149821 0.329268 -0.322116 0.336928 0.033834 0.456662 -0.136482 0.081146 -0.168711 0.110047 -0.202681 -0.216481 -0.461352 -0.232124 0.114753 0.261066 -0.080562 -0.192159 -0.144929 -0.155502 -0.237216 0.053593 -0.093682 0.071564 -0.115445 0.129026 -0.168755 0.067477 -0.370125 -0.289777 -0.566809 -0.288310 -0.465237 -0.285223 -0.179316 -0.060673 0.084567 0.019132 -0.176106 0.081490 -0.097427 -0.009922 -0.049247 0.005186 -0.219807 -0.267575 -0.592588 -0.292699 -0.233428 -0.481525 -0.167279 -0.074141 0.379591 0.350192 -0.004344 0.031377 0.153240 0.460917 -0.229614 0.193443 -0.534977 -0.318799 0.012798 0.387739 -0.276887 -0.144427 -0.317941 -0.088481 0.145160 0.391320 -0.013251 -0.199193 -0.199762 -0.263135 -0.563756 -0.345476 -0.240848 -0.135513 -0.497738 -0.269091 -0.227661 -0.138031 0.338666 0.124321 0.349222 0.033706 -0.039771 -0.136879 -0.139249 -0.171336 -0.087841 0.013720 0.165797 0.181251 0.219261 0.114841 0.057245 -0.033687 0.214005 0.208282 -0.030395 -0.096986 0.154325 0.124831 -0.135345 0.079103 -0.003640 0.015576
-0.002620 -0.226851 -0.180894 -0.246546 0.684261 0.701428 0.156367 0.149821 1.000000 0.771577 -0.127037 -0.231885 0.473033 0.272059 0.718917 0.598265 -0.314169 -0.294877 -0.214302 -0.280934 0.119506 0.262048 0.407874 -0.087766 0.676986 -0.426770 0.458341 0.426767 -0.382636 -0.233819 0.410059 0.082899 -0.379858 -0.300202 -0.210441 0.292152 -0.275572 -0.012736 -0.286244 -0.235753 -0.173422 0.186462 0.030948 -0.007020 -0.226272 -0.173205 0.161187 0.084903 0.169690 -0.105211 -0.039795 0.091080 0.192788 -0.053302 -0.211394 0.051902 -0.058591 -0.072087 0.008340 0.092322 -0.115656 -0.137171 -0.036347 -0.082466 -0.157102 -0.043494 -0.273514 -0.147986 -0.260927 -0.298427 -0.034927 -0.049574 -0.261889 -0.098557 -0.000006 -0.150519 -0.108755 0.036287 -0.221446 -0.166205 -0.153383 0.019004 -0.388087 -0.318356 0.100193 0.031924 -0.453448 -0.218900 -0.334887 -0.100678 -0.051285 0.113340 -0.187328 -0.084385 0.124598 -0.001484 0.343164 0.025856 0.069186 0.333540 -0.054680 -0.370443 -0.074022 -0.176646 -0.131450 -0.255734 0.434930 0.018897 0.142990 0.160436 -0.076535 0.280668 -0.070729 -0.012130 0.109023 -0.025053
-0.052097 -0.306468 -0.223307 -0.188634 0.655601 0.664291 0.119647 0.329268 0.771577 1.000000 -0.241315 -0.106666 0.193646 0.390497 0.561495 0.675005 -0.120597 -0.162679 -0.335781 -0.343483 0.025690 0.356277 0.214558 -0.157852 0.630367 -0.315786 0.305598 0.187219 -0.329976 -0.033670 0.224413 -0.064544 -0.321337 -0.241408 -0.160888 0.307333 -0.136498 -0.030815 -0.327064 -0.256854 -0.089902 0.195350 -0.112356 -0.091651 -0.188159 -0.161672 0.063742 0.029508 0.119761 -0.054557 0.110551 0.171761 0.228829 -0.215886 -0.197761 -0.071368 -0.027990 -0.172021 0.012974 0.180267 -0.077591 -0.021119 0.131405 0.061706 -0.248235 0.044271 -0.193478 -0.105945 -0.361743 -0.324634 -0.068369 0.026181 -0.160572 -0.018873 0.042745 -0.105816 -0.025766 0.152015 -0.140645 -0.185132 -0.092985 -0.036525 -0.464383 -0.286546 0.032003 0.010243 -0.423085 -0.317283 -0.252007 -0.162392 0.084414 0.054957 -0.095636 -0.093637 -0.008763 -0.025267 0.262922 -0.029120 0.213164 0.259738 0.079194 -0.299332 -0.029866 -0.114884 -0.082911 -0.196510 0.331669 -0.064970 0.012143 0.138064 -0.101165 0.328806 -0.047468 0.030873 0.036872 0.078408
-0.147414 -0.019423 -0.078768 -0.337654 -0.220408 -0.141195 -0.040625 -0.322116 -0.127037 -0.241315 1.000000 0.338534 0.435391 0.091207 0.165238 0.108477 0.313605 -0.085586 -0.092406 -0.130783 0.334558 0.194151 -0.051678 -0.164140 -0.128843 0.077507 0.003022 0.040445 0.450996 0.183774 0.145698 0.216485 0.109743 0.187446 0.380974 0.019516 0.448131 0.106969 0.263623 0.001816 0.303111 0.091018 -0.078881 -0.009978 -0.034407 -0.177685 -0.106428 -0.207362 0.139551 -0.184276 0.168678 -0.245711 -0.060457 -0.070153 0.270839 -0.249018 -0.150713 -0.006411 0.003923 -0.087966 -0.066403 -0.023818 0.027319 -0.170516 0.121956 0.075103 0.205528 0.025356 -0.074015 -0.102216 0.072216 -0.021449 0.388858 0.274273 0.363011 0.193853 0.192217 0.025221 -0.080610 0.133737 0.233771 0.037861 0.514672 0.491940 0.119232 0.010525 0.245760 0.185254 -0.165761 -0.277494 -0.289041 -0.040013 -0.230059 -0.116467 -0.092558 0.008451 -0.126981 -0.228765 -0.150175 -0.326200 -0.265829 -0.091864 -0.182515 -0.104328 -0.298490 0.021867 -0.289184 -0.331396 -0.126093 -0.033634 -0.081578 -0.273755 -0.139413 -0.026179 0.194201 0.082737
0.029732 -0.030190 0.097100 0.084880 -0.293060 -0.235598 0.333353 0.336928 -0.231885 -0.106666 0.338534 1.000000 0.077655 0.332416 -0.234489 -0.111635 0.218458 0.339970 -0.199598 -0.200478 -0.070610 0.055294 0.040819 0.159667 -0.278930 0.081878 -0.301783 -0.184649 0.324485 0.375099 0.065653 0.284958 0.332078 0.587756 0.414822 0.044240 0.074891 -0.013773 -0.072178 -0.032022 0.007302 0.014129 -0.226625 0.110876 0.220053 0.042246 -0.330937 -0.225351 0.045451 -0.026867 0.236301 -0.031888 -0.398008 -0.280922 -0.210112 -0.332142 -0.203121 -0.415568 -0.312349 -0.310689 0.197502 0.086238 0.210720 0.159693 0.229403 0.306701 -0.002543 0.061216 -0.382924 -0.305605 -0.038663 0.222785 0.187242 0.190059 0.104131 0.195929 0.417537 0.372312 0.020114 0.233516 0.007287 0.121913 -0.013533 0.166643 -0.068854 0.256651 -0.191559 -0.067002 -0.350380 -0.189986 -0.289041 -0.216874 -0.125548 -0.272189 -0.039892 0.026004 -0.202123 -0.211980 -0.158879 -0.255665 -0.316285 -0.113517 -0.141775 -0.170882 -0.347435 -0.246888 -0.279357 -0.311038 -0.170678 0.043340 -0.115388 -0.173103 -0.146552 -0.177459 0.146808 0.064888
-0.047274 -0.119385 0.190773 -0.213751 0.241369 0.296273 0.465769 0.033834 0.473033 0.193646 0.435391 0.077655 1.000000 0.313315 0.591677 0.335080 -0.137556 -0.317588 -0.074783 -0.263396 0.236038 0.081548 0.331861 0.026415 0.077702 -0.310953 0.352806 0.358422 0.036471 -0.124829 0.327457 0.204260 -0.242499 -0.131103 -0.135616 0.058123 -0.034611 -0.012130 -0.109341 -0.246061 -0.194093 0.013162 -0.070775 -0.119087 -0.282407 -0.336924 0.008286 -0.052931 0.114438 -0.229492 -0.074201 -0.058956 0.029470 0.126589 -0.041514 -0.038892 -0.168080 -0.081344 0.193214 -0.031401 0.245971 -0.023932 -0.138188 -0.288010 0.110046 -0.062174 -0.202701 -0.243890 -0.269138 -0.311257 0.165580 0.065526 0.024799 0.073959 0.130851 0.141362 0.111034 0.114132 -0.306995 -0.232642 -0.142174 -0.059622 0.097848 0.066041 -0.002479 -0.112342 -0.202391 -0.010515 -0.193935 -0.068090 -0.133330 0.313100 -0.080919 0.099068 -0.099686 -0.041757 0.066191 -0.204222 -0.149366 -0.011047 -0.116558 -0.049926 -0.123904 -0.123600 -0.307982 -0.119293 -0.007370 -0.020849 0.006017 -0.051443 -0.085140 -0.075843 -0.097699 -0.073179 0.018324 -0.125065
0.020834 -0.321137 -0.247007 -0.150393 0.172799 0.086962 0.238526 0.456662 0.272059 0.390497 0.091207 0.332416 0.313315 1.000000 0.386478 0.603436 0.025927 -0.012953 -0.441538 -0.439780 -0.165865 0.276024 0.097365 -0.188289 -0.026043 -0.486454 0.231492 0.243655 -0.148821 0.170801 -0.182747 -0.200865 -0.221583 0.034187 0.039283 0.401448 0.133249 -0.075707 -0.383452 -0.290494 0.005585 0.092166 -0.133454 -0.042283 0.005520 0.037003 -0.225930 0.115399 0.059165 -0.044915 0.059451 0.032878 -0.006527 -0.233265 -0.233098 -0.384016 -0.112993 -0.221761 0.259677 0.233839 0.252699 0.369189 0.105818 0.109223 -0.093268 0.376609 -0.047927 0.206925 -0.429718 -0.240196 -0.142525 0.263927 -0.070167 -0.027065 -0.013451 -0.013959 0.131441 0.352964 -0.177210 -0.191852 -0.141432 -0.075552 -0.255150 -0.029586 -0.228488 -0.113856 -0.329417 -0.190823 -0.127194 -0.267872 0.102218 0.102046 0.032306 -0.126115 -0.245901 -0.134673 -0.186295 -0.310195 0.085614 -0.034940 0.055357 0.070200 0.037673 0.032979 -0.098815 -0.134254 -0.040251 -0.059708 -0.206087 -0.048823 -0.005542 -0.035057 -0.249051 -0.170498 -0.069577 -0.014315
-0.122811 -0.140841 -0.353037 -0.518765 0.596924 0.338689 -0.030987 -0.136482 0.718917 0.561495 0.165238 -0.234489 0.591677 0.386478 1.000000 0.741544 -0.128078 -0.328739 -0.173669 -0.223314 0.231079 0.272317 0.223351 -0.323581 0.444397 -0.469862 0.628510 0.359007 -0.153192 -0.065223 0.221427 -0.052940 -0.280127 -0.249289 -0.123791 0.351191 0.160730 0.133702 -0.066419 -0.125976 0.097438 0.228197 0.010365 -0.034491 -0.280790 -0.187514 0.133433 0.136154 0.127462 -0.126706 -0.028056 0.082783 0.206414 0.167785 0.116513 -0.028759 -0.069675 0.067636 0.249932 0.261050 -0.018343 -0.024032 -0.083674 -0.094986 -0.140046 -0.142911 -0.140555 -0.183388 -0.082515 -0.147521 -0.065817 -0.136863 -0.037226 0.052174 0.207749 0.045796 -0.033237 0.044722 -0.301389 -0.185086 -0.146597 0.051473 0.084097 0.129121 0.100703 -0.043636 -0.029655 -0.001811 0.003302 -0.143308 -0.036992 0.165254 -0.130988 0.022899 -0.168151 0.083551 0.055557 -0.108157 0.112716 0.033421 -0.001049 -0.170915 -0.174651 -0.195263 -0.298918 -0.249569 -0.030463 -0.162863 -0.056799 0.112356 -0.176477 0.021115 -0.039128 -0.211167 -0.131623 -0.018242
-0.112277 -0.265437 -0.478876 -0.476156 0.409871 0.446877 -0.142242 0.081146 0.598265 0.675005 0.108477 -0.111635 0.335080 0.603436 0.741544 1.000000 -0.044584 -0.348597 -0.343239 -0.286212 0.173514 0.337935 -0.077071 -0.476067 0.356284 -0.518356 0.501900 0.294331 -0.230232 0.047099 0.039649 -0.162741 -0.243077 -0.136540 -0.059582 0.519964 0.184153 0.091056 -0.229090 -0.295910 0.170008 0.296825 -0.175585 -0.158752 -0.185698 -0.105423 0.016193 0.012602 0.144549 -0.133530 0.125611 0.061228 0.163736 -0.198401 0.078674 -0.229699 -0.017197 -0.018996 0.294489 0.450328 0.070769 0.202056 0.105228 0.103678 -0.282653 0.123615 0.060485 0.039007 -0.192662 -0.138167 -0.207927 -0.091929 -0.063004 0.024218 0.143879 -0.026118 -0.100228 0.076661 -0.383124 -0.254444 -0.139078 0.001335 -0.056323 0.196319 -0.151575 -0.185050 -0.111750 -0.096008 -0.074814 -0.307512 0.067554 0.058062 -0.074377 -0.117987 -0.194810 0.015482 0.024762 -0.178931 0.234442 -0.008631 0.125384 -0.128530 0.001471 -0.026387 -0.109486 -0.157380 0.077112 -0.171517 -0.130516 0.061446 -0.187187 0.057715 -0.100767 -0.159555 -0.146166 -0.037146
0.110853 -0.010576 -0.155394 -0.237915 -0.085123 -0.259004 -0.170380 -0.168711 -0.314169 -0.120597 0.313605 0.218458 -0.137556 0.025927 -0.128078 -0.044584 1.000000 0.598216 -0.070596 0.011149 0.005739 0.048043 -0.231029 -0.371206 -0.241173 -0.018511 -0.096930 -0.349878 0.733554 0.760011 -0.143283 -0.166297 0.278268 0.313044 0.116408 -0.065425 0.469473 0.085348 0.110650 0.066076 0.510395 0.353239 -0.177978 0.031874 0.048374 -0.100793 -0.232734 -0.292674 0.081924 0.073092 0.140896 0.057197 -0.007333 -0.054444 0.012303 -0.267802 0.447196 0.228070 -0.099509 -0.043834 0.159367 0.020360 0.686173 0.429437 -0.222202 -0.220109 0.133267 -0.219806 0.071668 -0.033908 0.190157 0.010940 0.786605 0.660656 0.556264 0.274953 0.475348 0.208375 0.457791 0.522283 0.420220 0.401655 0.167067 0.308803 -0.264940 -0.135086 -0.013759 -0.352615 0.054774 -0.425663 -0.278342 -0.346748 -0.378175 -0.307679 -0.175503 0.085227 -0.153738 -0.154099 0.143824 -0.172341 -0.015623 0.043644 -0.054823 -0.060656 -0.216011 -0.139748 -0.297495 -0.247360 -0.132204 0.129793 -0.133169 -0.154339 -0.227835 -0.168591 -0.056174 -0.018054
0.127941 0.032366 -0.002787 0.131661 -0.060401 -0.314010 0.069210 0.110047 -0.294877 -0.162679 -0.085586 0.339970 -0.317588 -0.012953 -0.328739 -0.348597 0.598216 1.000000 -0.123431 0.056839 -0.321838 -0.184248 0.113877 -0.014469 -0.225287 -0.038164 -0.245696 -0.363234 0.445825 0.625169 -0.246997 -0.208277 0.204074 0.245192 0.078035 -0.354442 -0.035750 -0.038922 -0.019958 0.171071 0.196575 0.119647 -0.004256 0.326064 0.067105 0.003101 -0.182885 0.091191 -0.047499 0.094187 0.031524 0.132516 -0.076729 -0.026615 -0.278946 -0.055264 0.248292 0.016318 -0.391675 -0.351731 0.102470 -0.103568 0.559796 0.483032 -0.059444 -0.231855 -0.283635 -0.284262 -0.015338 0.004779 0.091299 0.161843 0.342437 0.383566 0.138935 0.106902 0.340018 0.247732 0.414066 0.660172 0.254253 0.462893 -0.183582 -0.108867 -0.173559 0.165373 -0.263937 -0.236138 -0.011609 -0.165154 -0.184953 -0.221177 -0.258179 -0.249012 -0.030942 0.046811 -0.063555 0.056908 0.200286 0.100976 -0.047877 0.113496 0.130316 0.078291 -0.102380 -0.165825 -0.062540 -0.035867 -0.049147 0.074002 0.186549 0.066968 -0.201679 -0.035992 0.122754 0.083590
0.452915 0.556364 0.260546 0.202635 -0.153535 -0.254334 -0.031975 -0.202681 -0.214302 -0.335781 -0.092406 -0.199598 -0.074783 -0.441538 -0.173669 -0.343239 -0.070596 -0.123431 1.000000 0.742654 -0.142620 -0.383164 -0.110695 0.076467 -0.228300 0.001903 -0.083890 -0.170693 0.012763 -0.109709 0.148685 0.214513 0.460406 0.133611 -0.333484 -0.294823 -0.248937 -0.054480 -0.097082 -0.096893 -0.331144 -0.294086 0.013658 -0.175772 -0.077740 -0.108026 0.248682 0.058984 -0.112453 0.008964 -0.247614 -0.075293 -0.069797 0.402850 0.034365 0.259059 0.403284 0.349728 0.137599 -0.026892 0.304513 0.022102 -0.080910 0.090951 0.129028 -0.257017 0.124132 -0.247625 0.452939 0.247846 -0.035593 -0.373127 -0.051003 0.014558 -0.004611 0.122081 0.112187 -0.168031 0.091034 0.084006 0.028074 0.086049 0.119942 -0.024027 -0.053804 -0.179246 0.271962 -0.008144 0.207959 0.279872 -0.099516 -0.133301 -0.020575 0.141496 -0.052111 -0.091722 0.031616 0.174669 -0.250450 0.038436 0.124590 0.012392 -0.150317 -0.174305 -0.057609 -0.095857 -0.131316 0.083007 -0.095527 0.108578 0.050578 0.034338 0.253352 0.052862 -0.430925 -0.458347
0.274064 0.642732 0.016259 0.186657 -0.194551 -0.312639 -0.230458 -0.216481 -0.280934 -0.343483 -0.130783 -0.200478 -0.263396 -0.439780 -0.223314 -0.286212 0.011149 0.056839 0.742654 1.000000 -0.247665 -0.462744 -0.280222 0.058417 -0.289663 -0.029593 -0.189411 -0.217017 0.025725 -0.035671 -0.102231 0.084482 0.453535 0.120833 -0.330196 -0.321732 -0.235549 -0.185177 -0.106221 -0.202420 -0.159803 -0.306289 -0.063612 -0.172065 -0.022042 -0.053657 0.304377 0.090992 -0.017222 0.073114 -0.229779 -0.060551 0.109093 0.262055 0.142932 0.169865 0.337291 0.425823 0.085908 0.036991 0.249619 0.115350 -0.023083 0.224026 0.048520 -0.219516 0.097869 -0.144406 0.610451 0.530686 -0.218048 -0.393054 -0.118896 0.004299 -0.090451 0.109336 -0.079967 -0.265576 0.125669 0.151341 0.110845 0.157385 0.179687 0.062076 0.000987 -0.200812 0.421457 0.160848 0.414711 0.219976 0.043739 -0.176455 0.088798 0.060006 -0.168882 -0.176513 -0.004472 0.155956 -0.037975 0.004985 0.231402 0.106936 0.069382 0.023775 0.137180 -0.010719 -0.062961 0.000480 -0.225389 -0.019866 0.138506 0.133767 0.204963 0.122526 -0.440563 -0.389677
-0.137962 -0.074708 -0.127458 -0.249628 0.023044 0.354476 -0.286446 -0.461352 0.119506 0.025690 0.334558 -0.070610 0.236038 -0.165865 0.231079 0.173514 0.005739 -0.321838 -0.142620 -0.247665 1.000000 0.319235 -0.199676 -0.239766 0.123228 0.214785 0.458200 0.322342 0.115683 -0.091931 0.166199 0.135392 -0.125180 -0.125108 0.258175 0.087990 0.364174 0.524114 0.574353 0.324824 0.375822 0.444265 -0.031203 -0.210742 -0.112915 -0.090498 0.146380 -0.222977 -0.098966 -0.101963 -0.088225 -0.309913 -0.085890 -0.017977 0.648666 0.280015 0.011408 -0.037652 0.059891 0.013834 -0.392990 -0.297092 -0.204123 -0.316512 -0.218540 -0.182759 0.122014 -0.151282 0.035555 -0.072169 0.057224 -0.021986 0.185237 0.206108 0.224224 0.128479 -0.039298 -0.100600 -0.121864 -0.023907 0.121240 -0.055762 0.544136 0.487659 0.026239 0.026003 0.288384 0.236624 0.016270 0.113073 -0.231539 -0.136610 -0.115621 0.046633 0.115356 0.357322 0.355560 0.265876 -0.086603 -0.125866 -0.002502 -0.097914 -0.027836 -0.001484 -0.136600 0.046835 -0.057137 0.102720 0.353278 0.188270 -0.201331 -0.111046 0.234966 -0.033439 0.024836 0.019751
-0.088362 -0.177914 -0.363691 -0.459298 -0.060633 0.154576 -0.238309 -0.232124 0.262048 0.356277 0.194151 0.055294 0.081548 0.276024 0.272317 0.337935 0.048043 -0.184248 -0.383164 -0.462744 0.319235 1.000000 0.222291 -0.173021 0.432260 0.025690 0.049211 0.475605 -0.013698 -0.072539 0.195397 -0.002692 -0.019934 0.004892 0.350121 0.259740 0.375932 0.141086 0.140266 -0.000101 0.254655 0.274798 0.066020 0.053987 -0.019778 0.044658 -0.206758 -0.188752 0.014220 -0.052534 0.140838 0.015789 0.078953 -0.317570 0.142127 -0.122696 -0.108417 0.011150 -0.011105 0.044455 -0.308293 -0.181897 0.104622 -0.056953 -0.147328 0.055910 0.246338 0.149505 -0.073171 -0.108695 -0.028857 -0.004163 0.107249 -0.103920 0.184214 -0.166216 -0.151737 -0.170228 0.004444 -0.056542 0.078964 0.021442 -0.061211 -0.022746 0.204962 0.212577 -0.119681 -0.163464 -0.294905 -0.222418 -0.278291 -0.108144 -0.332262 -0.263297 0.101839 -0.145665 0.145026 -0.122802 0.041669 -0.088133 -0.294945 -0.443507 -0.296287 -0.171781 -0.066358 0.012528 0.048408 -0.306754 -0.083595 -0.015897 -0.296975 -0.190717 -0.277220 0.014037 0.286984 0.180547
0.067017 -0.181157 0.326824 -0.004067 0.255838 0.213696 0.447285 0.114753 0.407874 0.214558 -0.051678 0.040819 0.331861 0.097365 0.223351 -0.077071 -0.231029 0.113877 -0.110695 -0.280222 -0.199676 0.222291 1.000000 0.488064 0.488691 -0.074113 0.074606 0.367968 -0.242693 -0.235389 0.476969 0.252615 -0.150931 -0.121296 0.024868 -0.171712 -0.344740 -0.226383 -0.256121 -0.165222 -0.407951 -0.226407 0.272504 0.288926 -0.076413 -0.137479 -0.077719 0.221200 0.069567 -0.080825 0.102822 0.096969 0.084048 0.127718 -0.401471 0.061531 -0.209054 -0.175114 -0.337359 -0.492243 -0.115813 -0.457202 -0.088280 -0.235463 0.376031 -0.123628 -0.466321 -0.074410 -0.240042 -0.271748 0.144318 0.082870 -0.274876 -0.252983 -0.151609 -0.281889 0.042709 0.051099 -0.072712 0.083896 -0.136770 0.110553 -0.400849 -0.550990 0.281852 0.340915 -0.520890 -0.174533 -0.311498 0.013159 -0.149386 0.304493 -0.189705 0.074577 0.063917 -0.210631 0.126281 -0.013798 -0.122387 0.331145 -0.316038 -0.222912 -0.091397 -0.131622 -0.161924 -0.108651 0.251414 0.025557 0.042748 -0.076562 0.177340 0.095361 -0.288171 0.116328 0.356384 0.132292
-0.151019 -0.007619 0.591395 0.505499 -0.003549 0.031082 0.444376 0.261066 -0.087766 -0.157852 -0.164140 0.159667 0.026415 -0.188289 -0.323581 -0.476067 -0.371206 -0.014469 0.076467 0.058417 -0.239766 -0.173021 0.488064 1.000000 0.078443 0.438597 -0.283584 0.038447 -0.203369 -0.332389 0.383433 0.516567 -0.076687 -0.119597 -0.066477 -0.270130 -0.492077 -0.254451 -0.184780 -0.143659 -0.495039 -0.396597 0.145199 0.119173 -0.051009 -0.103173 0.047363 0.168945 -0.129420 -0.115772 0.069907 -0.069481 0.022274 0.188852 -0.276857 0.097492 -0.353328 -0.210190 -0.292510 -0.443790 -0.033715 -0.226245 -0.315810 -0.375781 0.515628 0.134431 -0.341313 0.116721 -0.057211 -0.009525 0.159172 0.198010 -0.319410 -0.246602 -0.301554 -0.022160 -0.016458 0.015520 0.002621 -0.073434 -0.199050 -0.100949 -0.192006 -0.369442 0.285858 0.269815 -0.182971 0.060901 -0.015490 0.358343 0.132054 0.241163 0.227261 0.203718 0.044621 -0.262920 -0.069159 -0.068851 -0.339629 0.056876 -0.208419 0.018647 0.062374 0.028805 0.005537 0.052259 0.077839 0.119159 0.001892 -0.288776 0.212603 -0.032216 -0.094971 0.114907 0.170638 0.020437
-0.058158 -0.146993 -0.103935 -0.257441 0.587816 0.599889 -0.070291 -0.080562 0.676986 0.630367 -0.128843 -0.278930 0.077702 -0.026043 0.444397 0.356284 -0.241173 -0.225287 -0.228300 -0.289663 0.123228 0.432260 0.488691 0.078443 1.000000 0.092747 0.203540 0.216312 -0.350999 -0.279542 0.591930 0.150090 -0.216549 -0.264833 0.013775 0.174519 -0.253244 0.000368 -0.168024 -0.148877 -0.133923 0.068110 0.181561 0.053264 -0.152015 -0.132249 0.155976 0.087140 0.169471 -0.096055 0.132123 0.112251 0.307961 -0.073695 -0.166760 0.048849 -0.110336 -0.002124 -0.146796 -0.025124 -0.377368 -0.311754 -0.098841 -0.103407 -0.046411 -0.033760 -0.171223 -0.031495 -0.116118 -0.221178 0.036528 -0.135262 -0.216069 -0.171541 0.019960 -0.230560 -0.228960 -0.164821 -0.079821 -0.074925 -0.089934 0.093290 -0.417566 -0.449487 0.330765 0.205004 -0.378655 -0.264351 -0.422995 -0.090492 -0.128963 0.023325 -0.277281 -0.160361 0.192876 -0.123354 0.312869 0.020347 0.053601 0.312871 -0.145035 -0.544944 -0.165549 -0.202038 0.015748 -0.027982 0.421271 -0.114907 0.179916 0.113255 -0.034562 0.252103 -0.084640 0.090770 0.229768 0.063178
-0.302561 0.071285 0.273867 0.238192 -0.165528 -0.067558 -0.108559 -0.192159 -0.426770 -0.315786 0.077507 0.081878 -0.310953 -0.486454 -0.469862 -0.518356 -0.018511 -0.038164 0.001903 -0.029593 0.214785 0.025690 -0.074113 0.438597 0.092747 1.000000 -0.362745 -0.267770 0.201599 -0.078211 0.279106 0.383280 0.063524 0.021366 0.266473 -0.121150 0.055198 0.100492 0.391269 0.343542 0.060193 -0.033419 0.108134 0.020601 -0.016314 -0.017259 0.023584 -0.085030 -0.074006 -0.060773 0.077584 -0.125963 0.002924 0.154853 0.150596 0.106079 -0.222247 -0.041122 -0.139063 -0.183432 -0.377415 -0.185885 -0.251677 -0.343356 0.143296 0.063289 0.043249 0.091939 0.120577 0.072099 0.279084 0.064148 0.148056 0.001549 0.033526 0.174501 -0.109643 -0.151990 0.152812 0.048589 0.086404 -0.071966 0.206605 0.057521 0.355140 0.240541 0.228113 0.144904 0.019926 0.259750 -0.056355 -0.077715 -0.007389 0.000565 0.126676 -0.064852 -0.080878 -0.005849 -0.250351 -0.156174 -0.249030 -0.154720 -0.160080 -0.106421 0.050417 0.208776 -0.126514 -0.024027 0.150163 -0.104533 -0.023012 -0.193092 0.126374 0.026845 0.113549 0.078174
-0.080792 -0.170910 -0.135777 -0.277423 0.464829 0.383581 -0.081515 -0.144929 0.458341 0.305598 0.003022 -0.301783 0.352806 0.231492 0.628510 0.501900 -0.096930 -0.245696 -0.083890 -0.189411 0.458200 0.049211 0.074606 -0.283584 0.203540 -0.362745 1.000000 0.398950 -0.188972 -0.065657 0.073350 -0.069965 -0.350239 -0.281414 -0.141089 0.186697 0.201518 0.348855 0.195915 0.161142 0.203064 0.324799 0.013880 -0.075023 -0.167924 -0.108534 0.088670 0.080310 -0.034682 -0.041692 -0.133108 -0.049286 -0.043803 0.181427 0.252319 0.143248 0.063276 0.049260 0.245428 0.214086 -0.074162 -0.142723 -0.138351 -0.226433 -0.181913 -0.237109 -0.016599 -0.113143 0.022428 0.007656 0.014160 -0.023251 0.000793 0.121221 0.106373 0.040219 0.057588 0.133360 -0.216477 -0.112213 -0.077481 -0.076762 0.228263 0.211243 -0.187081 -0.201284 0.050626 0.112019 0.193320 -0.053833 -0.060126 0.036339 -0.009718 0.149223 -0.018056 0.241300 0.221539 0.156209 -0.079479 -0.000599 0.167221 0.139424 0.119897 0.112302 -0.117350 -0.094037 -0.024071 0.264851 0.253390 0.203552 -0.055403 -0.000720 0.020894 -0.194011 -0.208889 0.001450
-0.046862 -0.111110 -0.128952 -0.093113 -0.042971 0.352873 -0.082104 -0.155502 0.426767 0.187219 0.040445 -0.184649 0.358422 0.243655 0.359007 0.294331 -0.349878 -0.363234 -0.170693 -0.217017 0.322342 0.475605 0.367968 0.038447 0.216312 -0.267770 0.398950 1.000000 -0.408615 -0.370167 0.090553 0.078024 -0.384702 -0.371918 0.027140 0.046769 0.013049 0.069098 0.056558 -0.073192 0.013998 0.021844 0.248146 0.002984 -0.200832 -0.106974 0.096611 0.136321 -0.121283 -0.172965 -0.111053 -0.249945 0.025597 -0.054108 0.268324 0.230367 -0.122681 -0.026413 0.133893 -0.043957 -0.238732 -0.264915 -0.246810 -0.418474 -0.056675 -0.066090 -0.033552 0.128949 0.056463 0.096024 -0.072946 0.057683 -0.351836 -0.309771 -0.183173 -0.288219 -0.187706 -0.139467 -0.199508 -0.123221 -0.001677 -0.163526 0.080845 -0.041779 0.057993 0.035448 -0.086584 0.215611 -0.012389 0.147279 -0.007663 0.147097 0.062552 0.203281 -0.058480 -0.020685 0.344518 0.211352 -0.156463 0.157338 0.018411 -0.005991 0.121664 0.182750 0.052465 0.103438 0.297078 0.199729 0.109910 0.016005 0.114381 0.008550 -0.038638 0.237240 0.101295 -0.025501
-0.082136 0.022877 -0.036396 -0.174763 -0.173951 -0.342691 -0.051971 -0.237216 -0.382636 -0.329976 0.450996 0.324485 0.036471 -0.148821 -0.153192 -0.230232 0.733554 0.445825 0.012763 0.025725 0.115683 -0.013698 -0.242693 -0.203369 -0.350999 0.201599 -0.188972 -0.408615 1.000000 0.705271 0.046103 0.090307 0.310346 0.355847 0.114564 -0.108931 0.477215 0.169554 0.309619 0.228325 0.428946 0.309866 -0.208156 0.066917 -0.002619 -0.086550 -0.205792 -0.352865 -0.008329 0.002995 0.051358 0.029986 -0.137890 0.057494 0.057208 -0.149679 0.190117 0.122175 -0.115153 -0.152898 0.049301 -0.068987 0.470397 0.190362 -0.101607 -0.172006 0.089426 -0.291393 0.045892 -0.133920 0.336361 0.097279 0.840769 0.615568 0.586222 0.465819 0.421188 0.168521 0.403639 0.426150 0.427900 0.385486 0.378663 0.420306 0.002383 0.115399 0.101707 -0.188192 0.043789 -0.183019 -0.398884 -0.334312 -0.368106 -0.334969 -0.041174 0.143598 -0.181930 -0.182326 -0.001872 -0.333731 -0.264462 -0.038817 -0.260331 -0.242605 -0.388104 -0.195750 -0.474362 -0.332979 -0.145518 0.088346 -0.273116 -0.329443 -0.164388 -0.272272 -0.019512 -0.030164
-0.067851 -0.087533 -0.205834 -0.096204 0.004902 -0.298729 -0.073476 0.053593 -0.233819 -0.033670 0.183774 0.375099 -0.124829 0.170801 -0.065223 0.047099 0.760011 0.625169 -0.109709 -0.035671 -0.091931 -0.072539 -0.235389 -0.332389 -0.279542 -0.078211 -0.065657 -0.370167 0.705271 1.000000 -0.105133 -0.036936 0.243246 0.339529 0.106470 -0.041107 0.379470 0.281139 0.060739 0.215317 0.476215 0.365565 -0.242314 -0.009546 -0.024154 -0.141988 -0.145637 -0.155129 -0.070323 -0.036346 0.108164 -0.008904 -0.092533 0.013933 -0.042058 -0.082771 0.288388 0.025906 -0.123890 -0.125064 0.180132 0.044677 0.619173 0.426556 -0.154095 -0.160607 -0.026037 -0.282775 -0.079024 -0.175677 0.183110 0.139505 0.665917 0.694409 0.461683 0.434343 0.560503 0.425463 0.383722 0.574361 0.456712 0.543036 0.142506 0.359940 -0.137585 0.109070 -0.084357 -0.312238 0.069483 -0.216607 -0.325933 -0.402643 -0.345831 -0.331905 -0.116913 0.229319 -0.078544 -0.002425 0.060881 -0.155722 -0.083170 -0.007890 -0.146774 -0.179169 -0.352793 -0.325400 -0.384797 -0.249677 -0.122741 0.328700 -0.063436 -0.082533 -0.124017 -0.218586 -0.166031 -0.111212
-0.022027 -0.020287 0.235478 -0.150277 0.301170 0.392501 0.229663 -0.093682 0.410059 0.224413 0.145698 0.065653 0.327457 -0.182747 0.221427 0.039649 -0.143283 -0.246997 0.148685 -0.102231 0.166199 0.195397 0.476969 0.383433 0.591930 0.279106 0.073350 0.090553 0.046103 -0.105133 1.000000 0.702162 0.062599 0.025837 -0.002975 0.045221 -0.267856 0.029045 -0.162404 -0.152087 -0.305629 -0.016563 0.091263 0.001197 -0.157933 -0.235733 0.164761 -0.056219 0.094462 -0.186000 0.147424 -0.031596 0.079116 0.203028 -0.228832 0.094764 -0.093809 -0.035527 -0.216563 -0.322080 -0.136775 -0.383599 -0.101304 -0.210838 0.328390 -0.101875 -0.192253 -0.211292 -0.107040 -0.332893 0.203309 -0.170386 0.007061 0.047078 0.108269 0.048612 0.117190 -0.025831 -0.013941 0.071626 -0.010205 0.242440 -0.119294 -0.218147 0.391328 0.306836 -0.287227 -0.287732 -0.397492 0.017402 -0.380654 -0.052270 -0.403066 -0.098635 0.137788 -0.094183 0.214814 -0.030009 -0.266411 0.141158 -0.382333 -0.531892 -0.390442 -0.427357 -0.301227 -0.176808 0.085854 -0.188216 0.143103 0.143813 -0.064983 0.057417 -0.082637 -0.031501 0.067395 -0.211676
-0.197945 -0.011766 0.302945 0.168304 0.011956 0.146536 0.213990 0.071564 0.082899 -0.064544 0.216485 0.284958 0.204260 -0.200865 -0.052940 -0.162741 -0.166297 -0.208277 0.214513 0.084482 0.135392 -0.002692 0.252615 0.516567 0.150090 0.383280 -0.069965 0.078024 0.090307 -0.036936 0.702162 1.000000 0.164533 0.134843 -0.013908 -0.153515 -0.137759 0.156912 -0.016509 -0.068407 -0.266058 -0.216900 0.164741 0.032475 -0.152438 -0.198001 0.217429 0.093042 -0.168711 -0.285616 0.116769 -0.271628 -0.070192 0.280958 -0.041632 0.160918 -0.249417 -0.176266 -0.312338 -0.462383 -0.069402 -0.281770 -0.258158 -0.372570 0.369352 -0.044441 -0.221049 -0.066772 -0.101240 -0.233665 0.152716 0.070445 -0.068636 0.042950 -0.059431 0.227853 0.235667 0.183379 0.100760 0.101721 0.159289 0.107324 0.141075 0.078531 0.277471 0.274101 0.021603 0.091446 -0.183311 0.201835 -0.230672 -0.151680 -0.122466 0.027215 -0.036646 -0.080344 0.059733 0.018287 -0.442071 -0.160006 -0.328473 -0.269705 -0.276796 -0.347069 -0.227238 -0.047443 -0.148628 -0.203485 -0.002047 0.041263 0.163054 -0.033136 -0.003595 0.022910 -0.085033 -0.254595
0.397548 0.533817 0.034124 -0.044642 -0.379270 -0.511502 -0.065757 -0.115445 -0.379858 -0.321337 0.109743 0.332078 -0.242499 -0.221583 -0.280127 -0.243077 0.278268 0.204074 0.460406 0.453535 -0.125180 -0.019934 -0.150931 -0.076687 -0.216549 0.063524 -0.350239 -0.384702 0.310346 0.243246 0.062599 0.164533 1.000000 0.818754 0.253857 -0.020039 0.078402 -0.046430 -0.063769 -0.187943 -0.049912 -0.080654 -0.124506 -0.000513 0.356661 0.165919 -0.188811 -0.330489 0.088805 0.216163 0.059271 0.112550 -0.222012 -0.032782 -0.005741 -0.190873 0.296038 0.261232 -0.164242 -0.133701 0.357434 0.185807 0.178088 0.494465 0.229003 0.062478 0.352887 -0.027042 0.249807 0.036213 -0.189268 -0.388121 0.235637 0.252385 0.264818 0.220266 0.151085 -0.129176 0.234680 0.297119 0.148314 0.368068 0.044539 0.127579 -0.029049 0.052727 0.184455 -0.193108 -0.136135 -0.141312 -0.453779 -0.533229 -0.362139 -0.420958 -0.095060 -0.175974 -0.234835 -0.160657 -0.243634 -0.366155 -0.274253 -0.312637 -0.423787 -0.396178 -0.256407 -0.243844 -0.399390 -0.468924 -0.338172 0.015466 -0.315311 -0.293410 -0.173217 -0.195056 -0.262242 -0.267740
0.309753 0.293228 0.073669 -0.064409 -0.344865 -0.451475 0.154249 0.129026 -0.300202 -0.241408 0.187446 0.587756 -0.131103 0.034187 -0.249289 -0.136540 0.313044 0.245192 0.133611 0.120833 -0.125108 0.004892 -0.121296 -0.119597 -0.264833 0.021366 -0.281414 -0.371918 0.355847 0.339529 0.025837 0.134843 0.818754 1.000000 0.440361 0.223494 0.171452 -0.074376 -0.105757 -0.157755 0.004559 0.033251 -0.271503 0.011499 0.497589 0.283388 -0.438797 -0.461673 0.220782 0.260667 0.123746 0.143393 -0.440155 -0.236868 -0.212436 -0.465963 0.125397 0.044268 -0.217535 -0.131403 0.319307 0.308281 0.200714 0.449671 0.251903 0.329517 0.352562 0.183522 -0.103793 -0.189688 -0.051561 -0.125425 0.302227 0.283308 0.309286 0.278142 0.293703 0.144081 0.162611 0.262976 0.072524 0.266873 -0.022880 0.125216 -0.109220 0.008791 0.006884 -0.269313 -0.308571 -0.405368 -0.465037 -0.468155 -0.334419 -0.475308 -0.079410 -0.065903 -0.355628 -0.309111 -0.253077 -0.481537 -0.367135 -0.268649 -0.390939 -0.370639 -0.349392 -0.307647 -0.372058 -0.446442 -0.284360 0.036265 -0.367003 -0.361899 -0.269489 -0.316134 -0.123565 -0.093671
-0.130315 -0.090879 -0.130233 -0.201554 -0.312386 -0.259799 -0.127109 -0.168755 -0.210441 -0.160888 0.380974 0.414822 -0.135616 0.039283 -0.123791 -0.059582 0.116408 0.078035 -0.333484 -0.330196 0.258175 0.350121 0.024868 -0.066477 0.013775 0.266473 -0.141089 0.027140 0.114564 0.106470 -0.002975 -0.013908 0.253857 0.440361 1.000000 0.289479 0.335511 0.126702 0.259529 0.165047 0.311181 0.142771 -0.057536 0.108431 0.321480 0.155279 -0.252919 -0.247324 0.054111 0.048996 0.260075 -0.077557 -0.268269 -0.284900 0.206190 -0.198852 -0.211303 -0.224770 -0.213419 -0.195488 -0.261677 -0.110734 -0.008590 -0.013054 0.287422 0.259159 0.352986 0.438109 -0.182857 -0.149277 -0.164687 -0.029370 0.133046 0.082170 0.180573 -0.051572 0.063451 -0.044014 0.005213 0.185639 0.024208 0.019846 0.216661 0.248250 0.236947 0.303594 0.146709 0.074760 -0.242377 -0.195395 -0.322143 -0.196486 -0.149728 -0.128894 0.001909 0.092012 -0.120923 -0.098556 -0.171473 -0.275931 -0.382371 -0.237809 -0.254429 -0.121078 -0.217628 -0.032341 -0.216901 -0.316268 -0.061692 0.050855 -0.171369 -0.246152 -0.107515 -0.067948 0.292416 0.257760
0.000626 -0.212736 -0.299761 -0.380126 0.187650 0.143261 -0.083207 0.067477 0.292152 0.307333 0.019516 0.044240 0.058123 0.401448 0.351191 0.519964 -0.065425 -0.354442 -0.294823 -0.321732 0.087990 0.259740 -0.171712 -0.270130 0.174519 -0.121150 0.186697 0.046769 -0.108931 -0.041107 0.045221 -0.153515 -0.020039 0.223494 0.289479 1.000000 0.210471 0.102875 -0.098068 -0.110948 0.133378 0.335272 -0.211106 -0.051284 0.144914 0.218144 -0.236113 -0.273629 0.193695 0.111329 0.073347 0.134280 -0.131756 -0.184925 -0.071929 -0.320702 -0.044874 -0.044382 0.272493 0.430120 -0.007879 0.266281 -0.001766 0.038034 -0.092605 0.333595 0.292094 0.382773 -0.226462 -0.241542 -0.097395 -0.076726 0.037182 -0.066752 0.197716 0.054231 -0.051105 0.134735 -0.252674 -0.264437 -0.287172 -0.054646 -0.073082 0.146022 -0.050670 -0.067910 -0.042435 -0.183497 -0.096131 -0.250339 -0.011813 -0.076260 -0.054129 -0.210681 -0.022892 0.093787 -0.182782 -0.295175 -0.007597 -0.220814 -0.121380 -0.200761 -0.233623 -0.241425 -0.167968 -0.281523 -0.174621 -0.226817 -0.098889 0.055743 -0.464013 -0.234871 -0.092081 -0.384496 -0.115434 -0.005079
