1.000000 0.063610 0.547666 -0.050671 0.071472 0.119791 0.620176 0.004450 -0.114400 -0.099419 0.226845 0.128518 0.267866 0.047644 -0.340706 -0.377349 -0.034874 0.091762 0.342340 0.333870 -0.081982 -0.165189 0.335099 0.164092 -0.242034 -0.243393 0.072577 0.115401 0.001078 -0.434407 0.015289 0.150030 0.263321 0.191605 0.062543 0.005068 -0.384156 -0.448912 -0.373087 -0.350686 -0.452510 -0.257369 -0.110441 -0.132989 -0.089384 -0.170212 -0.237910 -0.295352 -0.117556 -0.021557 -0.129398 -0.147702 -0.373189 -0.116841 -0.344509 -0.453478 0.818462 0.182222 0.625336 0.202698 0.737485 0.090581 0.198720 0.126898 0.287785 0.191774 0.452640 -0.012879 0.286710 0.210148 -0.105044 -0.046219 -0.030804 -0.195631 -0.237782 -0.214034 -0.006448 -0.208666 0.063575 -0.062431 -0.186064 -0.342821 0.120764 0.015929 -0.250980 -0.504945 0.050102 -0.396997 0.089769 -0.282703 -0.238496 -0.189922 -0.171359 0.158083 -0.336044 -0.263031 -0.485889 -0.322207 -0.272517 -0.094780 0.109176 0.062936 -0.109488 -0.060707 -0.006840 -0.034008 -0.000870 0.069753 -0.292153 -0.360906 -0.510901 -0.328401 -0.142256 -0.189267 0.050910 -0.223097
0.063610 1.000000 -0.013797 0.586129 -0.054923 -0.028254 -0.287793 0.674275 -0.157556 -0.083622 0.004104 0.457208 -0.118371 0.114727 -0.128945 -0.428500 0.090764 -0.041317 0.050715 -0.134568 -0.368140 -0.476912 0.325802 -0.054491 -0.253308 -0.367023 -0.134525 -0.029875 -0.148359 -0.564513 -0.028321 -0.080268 0.171399 0.500654 -0.052912 0.020135 -0.521422 -0.592511 -0.337436 -0.311723 -0.533537 -0.174341 0.224918 0.156360 0.048205 0.182758 0.109953 -0.175282 0.011330 -0.001005 0.315244 -0.383186 0.100903 0.060791 -0.430859 -0.475439 0.350339 0.783505 0.021437 0.442187 0.411060 0.738008 -0.147128 0.547131 0.241765 0.235127 0.296236 0.152385 0.202660 -0.130653 -0.352374 -0.194392 -0.381950 -0.591996 -0.625330 -0.577678 -0.170051 -0.517929 0.266711 -0.327062 0.454486 -0.476203 0.371189 0.039354 0.157233 -0.451260 0.190893 -0.075781 0.295893 -0.187556 0.059887 -0.173289 -0.108182 -0.176726 -0.426760 -0.548276 -0.453246 -0.552195 -0.277284 -0.260846 0.064268 -0.029739 -0.249049 -0.218302 -0.120475 -0.327399 0.026138 -0.143104 -0.455902 -0.548610 -0.422497 -0.303935 -0.005343 -0.369655 -0.219872 -0.364616
0.547666 -0.013797 1.000000 0.275877 0.017029 0.400275 0.758023 0.142820 -0.359423 -0.019971 0.329630 -0.094783 0.264162 -0.322600 -0.489720 -0.181070 0.008867 0.141491 0.314427 0.286822 -0.067238 -0.007768 0.716135 0.610418 -0.153998 -0.071703 0.340024 0.419759 -0.058566 -0.358870 0.121145 0.143485 0.050284 0.037987 0.045234 -0.085824 -0.538020 -0.318620 -0.432544 -0.308055 -0.449253 -0.104485 -0.182419 -0.146758 0.133925 -0.124432 -0.252885 -0.462518 0.273309 0.349474 0.017745 -0.138211 -0.440475 -0.202501 -0.192896 -0.471566 0.381988 0.009931 0.469748 0.281775 0.432489 0.034993 0.370623 -0.034062 0.374061 0.248947 0.419351 -0.044793 0.201895 0.124559 0.036891 -0.250811 0.070618 0.037700 -0.082857 -0.073902 0.039089 -0.068594 -0.118298 0.142024 -0.387884 -0.369050 0.174522 0.138062 -0.496500 -0.579949 -0.062303 -0.545262 0.177423 -0.314238 -0.355812 -0.216869 0.029344 0.219750 -0.357661 -0.161554 -0.444085 -0.241908 -0.163780 -0.248409 0.083614 -0.122122 -0.038985 0.046490 -0.005069 -0.001153 0.202076 0.141689 -0.292242 -0.265292 -0.664550 -0.269760 -0.115035 -0.121526 0.154636 -0.285814
-0.050671 0.586129 0.275877 1.000000 -0.015144 0.366685 0.042878 0.747905 -0.252960 -0.063696 -0.041127 -0.080001 0.066055 -0.231042 -0.106955 -0.102807 -0.173739 -0.364957 0.248710 0.047926 -0.112918 -0.151861 0.554480 0.365925 -0.119487 -0.320357 0.019231 0.310289 -0.266052 -0.449480 0.237352 0.102160 0.125279 0.307275 -0.267807 -0.129453 -0.475173 -0.475676 -0.375662 -0.248242 -0.458682 -0.124937 0.200885 0.173695 -0.063830 0.066697 0.126785 -0.211717 0.160827 0.145652 0.268584 -0.278353 -0.105292 0.070373 -0.374604 -0.451495 -0.005680 0.439590 0.115739 0.592581 0.211941 0.529944 -0.070139 0.035142 0.283365 -0.044921 0.198363 0.196117 0.320367 0.069731 -0.201442 -0.186893 -0.325695 -0.335548 -0.380337 -0.372481 -0.238227 -0.251667 -0.174217 -0.318747 -0.004508 -0.461110 0.189817 0.217420 -0.166921 -0.430490 0.085724 -0.193111 0.187925 -0.190987 -0.057405 -0.033011 0.015220 0.091040 -0.374356 -0.319526 -0.405000 -0.378691 -0.218973 -0.158008 0.066095 -0.001607 -0.047899 -0.026774 -0.004236 -0.165246 0.173502 0.032160 -0.337199 -0.361548 -0.430054 -0.300492 0.064366 -0.268437 -0.080352 -0.177160
0.071472 -0.054923 0.017029 -0.015144 1.000000 0.024308 0.168559 0.137136 0.287744 0.249961 -0.076444 -0.045105 0.121894 0.110423 0.254975 0.239662 -0.149417 -0.087556 -0.016774 0.138586 0.193267 0.171457 -0.047744 -0.004294 0.150330 -0.111823 0.156171 0.267730 -0.124365 0.056436 0.329920 0.244470 -0.287526 -0.260149 -0.203224 -0.045274 0.077234 -0.117928 -0.302215 0.040109 -0.099739 -0.366920 0.009766 -0.065132 -0.182924 -0.033671 -0.074725 0.022733 -0.019614 0.065010 -0.022458 -0.105244 0.042142 0.019988 -0.128358 -0.023207 -0.095250 -0.014554 0.250336 0.189282 -0.063864 -0.136174 -0.102926 -0.047816 -0.224738 -0.139702 -0.073576 0.056298 -0.033428 0.334179 0.133615 0.310478 -0.103612 -0.103169 -0.017092 0.101050 -0.303064 0.018277 -0.084660 0.048957 -0.095346 0.040610 -0.132286 -0.099124 -0.057931 -0.078605 -0.185061 -0.186378 0.059084 -0.121965 0.032112 0.118687 -0.120122 0.071166 -0.020488 0.091740 -0.164096 -0.087039 -0.202438 0.072151 0.182521 0.199365 -0.121163 -0.184203 -0.019914 -0.052858 0.029935 0.023435 0.069473 0.052237 -0.102291 -0.152120 -0.117206 -0.206737 0.000990 0.118009
0.119791 -0.028254 0.400275 0.366685 0.024308 1.000000 0.299432 0.180819 -0.290234 0.313864 0.069805 -0.331057 0.082776 -0.266149 -0.175927 0.312291 -0.128837 -0.278658 0.142895 0.153964 0.156922 0.287531 0.245565 0.454973 -0.263001 0.017669 0.342112 0.713367 -0.394544 -0.306891 -0.039645 -0.007323 -0.282767 -0.228418 -0.262947 -0.225058 -0.337930 -0.227811 -0.283943 -0.074538 -0.246990 0.083206 0.264760 0.212993 0.196068 0.194635 0.092810 -0.322863 0.422408 0.436251 0.391465 -0.075198 -0.105255 0.123906 -0.139724 -0.195974 -0.007092 0.029071 0.396939 0.372577 0.050693 0.015817 0.197817 -0.094835 0.198550 -0.093772 0.153329 0.033024 0.167148 0.185470 -0.165011 -0.183510 -0.313580 -0.136386 -0.044865 -0.193441 -0.383335 -0.141100 -0.348027 -0.135293 -0.320984 -0.297861 0.000915 0.365561 -0.162158 -0.308929 -0.021316 -0.182761 0.064637 0.015408 -0.018428 -0.006423 0.184025 0.254616 -0.276855 -0.098150 -0.272124 -0.181848 -0.219699 -0.367492 -0.254575 -0.146443 -0.226257 0.026485 -0.122924 0.043584 0.374128 0.348275 -0.221013 -0.145230 -0.372062 -0.235387 -0.262092 -0.185940 0.223396 -0.063832
0.620176 -0.287793 0.758023 0.042878 0.168559 0.299432 1.000000 -0.045872 -0.071095 -0.054332 0.209789 -0.070825 0.401506 0.001578 -0.274494 0.062892 -0.210003 0.012048 0.305885 0.408853 0.038841 0.122811 0.499961 0.490761 -0.256413 -0.157686 0.223290 0.340300 -0.134698 -0.165144 0.217734 0.370949 0.077614 -0.093189 -0.127131 -0.234656 -0.273551 -0.211313 -0.428860 -0.147640 -0.227137 -0.228023 -0.205788 -0.271232 -0.087362 -0.160799 -0.239515 -0.390064 0.111803 0.200518 -0.059779 -0.100015 -0.193306 -0.033109 -0.134375 -0.232603 0.297662 -0.117067 0.520751 0.090455 0.428072 -0.152465 0.260335 -0.093554 0.121749 0.044867 0.178009 -0.169041 0.177928 0.244526 -0.007386 0.067748 0.054316 0.043913 0.000643 0.001813 -0.162155 0.029538 -0.288922 0.072821 -0.556742 -0.263950 -0.085578 0.102952 -0.461436 -0.350944 -0.184437 -0.489977 0.056433 -0.119223 -0.209235 -0.156757 0.008155 0.235835 -0.138678 -0.001139 -0.361762 -0.118002 -0.106491 -0.145475 0.051939 -0.022079 -0.090840 -0.076319 -0.089860 -0.053564 0.215437 0.079184 -0.072233 -0.096855 -0.456009 -0.130356 -0.088885 -0.079366 0.059406 -0.211546
0.004450 0.674275 0.142820 0.747905 0.137136 0.180819 -0.045872 1.000000 -0.069037 0.166208 0.002165 0.206234 0.088344 -0.023217 -0.025759 -0.049705 0.061123 -0.152949 -0.069869 -0.164731 -0.079390 -0.152903 0.499623 0.161889 -0.104363 -0.484206 0.053787 0.171944 -0.181452 -0.331422 0.423827 0.336418 0.031168 0.318843 -0.209115 -0.040211 -0.443304 -0.626503 -0.482610 -0.304493 -0.537002 -0.327696 0.069859 0.031684 -0.245635 -0.063140 -0.057071 -0.307736 -0.029188 -0.070913 0.110258 -0.297072 -0.009239 -0.020806 -0.386135 -0.418927 0.175549 0.357073 0.126587 0.616844 0.310239 0.616939 -0.104484 0.077084 0.222672 0.073910 0.167736 0.168771 0.174265 0.068906 -0.126179 -0.069738 -0.361316 -0.322649 -0.551416 -0.328327 -0.260035 -0.290426 0.090129 -0.212126 0.205542 -0.357705 0.053329 0.001951 -0.068342 -0.408244 0.011926 -0.281587 0.290896 -0.227991 -0.051054 -0.158322 -0.091752 -0.082886 -0.308901 -0.325198 -0.447373 -0.454099 -0.353098 -0.329157 0.083805 -0.012257 -0.289147 -0.258255 -0.142321 -0.345840 0.117109 -0.088906 -0.264832 -0.395936 -0.425925 -0.334284 -0.142180 -0.515888 -0.178960 -0.250458
-0.114400 -0.157556 -0.359423 -0.252960 0.287744 -0.290234 -0.071095 -0.069037 1.000000 0.233795 -0.127202 -0.069438 0.335251 0.445524 0.653480 0.213947 0.134654 -0.159116 0.144493 0.195010 -0.088963 -0.110294 -0.374930 -0.543035 0.338661 -0.216035 -0.520097 -0.250764 -0.031260 0.089631 0.293297 0.071580 -0.006824 0.051880 -0.139071 0.065017 0.163489 0.033896 0.000218 0.021402 0.093810 -0.114368 0.086850 0.089734 -0.079324 -0.010911 0.120134 0.261929 -0.100278 -0.299406 0.001463 0.148334 0.218961 0.183657 0.081284 0.130797 -0.129291 -0.150060 -0.078032 -0.027954 -0.276439 -0.175562 -0.090514 -0.161813 -0.281034 -0.246989 -0.118843 0.049986 0.032346 0.136956 0.394192 0.522732 -0.104906 -0.186986 -0.202584 -0.070324 -0.114467 -0.040727 0.008436 -0.071756 0.143435 0.187122 -0.092339 -0.033480 0.265375 0.144558 -0.092110 0.115283 -0.063588 0.139126 0.357334 -0.006321 -0.220817 -0.268306 0.044131 -0.092654 -0.018863 -0.071540 0.175798 0.003894 0.007914 0.015061 -0.097231 -0.272000 -0.148971 -0.262581 -0.159742 -0.229792 0.019380 -0.050836 0.276179 0.252386 0.071876 -0.084300 -0.248057 -0.086503
-0.099419 -0.083622 -0.019971 -0.063696 0.249961 0.313864 -0.054332 0.166208 0.233795 1.000000 -0.070078 -0.050603 -0.032725 0.151318 0.326816 0.346309 -0.039746 -0.174414 -0.139092 0.025712 0.012050 0.079359 -0.229580 -0.005628 0.195600 0.028583 -0.068124 0.047836 -0.198523 0.123068 0.164882 0.066565 -0.484620 -0.425577 -0.278009 -0.138568 0.071586 -0.003051 -0.254060 0.183220 -0.087671 -0.161799 0.282957 0.159753 -0.107055 0.044218 0.142595 -0.097026 0.111234 0.000427 0.198760 0.028550 0.238360 0.209560 0.007173 0.195118 -0.193218 -0.129999 0.063247 0.125043 -0.249043 -0.131473 -0.109294 -0.126651 -0.200479 -0.208347 -0.228510 -0.049700 0.051648 0.226379 0.020795 0.255088 -0.320766 -0.066339 -0.086251 -0.090691 -0.393778 0.035669 -0.027033 0.063903 0.049093 0.056404 -0.255519 0.016671 0.116577 0.115012 -0.322622 -0.133092 -0.129516 0.178744 0.160874 0.065393 -0.119988 -0.051357 0.149854 0.125060 -0.034079 -0.006676 -0.066394 -0.137032 -0.229007 -0.062675 -0.288802 -0.187501 -0.210750 -0.195502 0.114331 -0.023582 0.149241 0.082687 0.043459 0.112356 -0.073630 -0.145265 0.106111 0.098529
0.226845 0.004104 0.329630 -0.041127 -0.076444 0.069805 0.209789 0.002165 -0.127202 -0.070078 1.000000 0.027495 0.607761 -0.237838 -0.090888 -0.019224 0.468184 0.209656 -0.107675 -0.093829 -0.162814 -0.035416 0.280417 0.058083 -0.027154 -0.033348 0.019514 0.137420 0.224434 -0.076493 0.087474 -0.050679 0.105646 0.189263 0.211500 0.111295 -0.198185 -0.189339 -0.098472 -0.262906 -0.117959 -0.096802 -0.290777 -0.217960 0.118284 -0.175314 -0.257074 -0.139604 0.083010 -0.017596 -0.085415 -0.072915 -0.279108 -0.217609 0.024853 -0.194241 0.292525 -0.076055 0.035467 -0.040499 0.252303 0.042503 0.093096 0.010991 0.309762 0.093661 0.223208 -0.034470 0.007952 -0.160685 0.118138 -0.262869 0.089112 0.084897 0.004395 0.054305 0.189902 -0.037192 -0.063347 0.160577 -0.058448 0.012053 -0.023862 -0.015239 -0.189215 -0.101109 -0.126329 -0.210070 0.091620 -0.268908 -0.136682 -0.248606 0.004816 -0.080260 -0.101501 -0.014239 -0.120406 0.040132 -0.043426 -0.177299 0.051589 -0.057147 -0.057805 -0.015241 0.002616 -0.024654 -0.032635 -0.104697 -0.046607 -0.020297 -0.096349 -0.041077 -0.229254 -0.035944 0.014457 -0.167379
0.128518 0.457208 -0.094783 -0.080001 -0.045105 -0.331057 -0.070825 0.206234 -0.069438 -0.050603 0.027495 1.000000 -0.220897 0.632919 -0.120092 -0.307800 0.012141 0.303992 -0.214389 -0.229211 -0.398169 -0.465643 0.031081 -0.105477 -0.363718 -0.187840 -0.057571 -0.356272 0.093949 -0.126356 -0.182016 0.129552 0.045565 0.165048 0.181816 0.099189 -0.215756 -0.360023 -0.236784 -0.133615 -0.249414 -0.249573 0.117515 -0.065248 0.097589 0.276514 -0.093274 -0.137289 -0.058968 -0.036232 0.154882 -0.343297 0.329998 0.083318 -0.420662 -0.163243 0.301590 0.383913 -0.035188 -0.148137 0.326264 0.454334 -0.026678 0.768347 0.073910 0.517196 -0.003620 -0.053095 -0.243488 -0.151438 -0.304007 0.102272 -0.098479 -0.307869 -0.322920 -0.396275 -0.004782 -0.340248 0.397423 -0.106868 0.403510 -0.274478 0.287541 -0.088037 0.262097 -0.182064 0.096298 -0.111900 0.016825 -0.011479 0.010415 -0.068618 -0.024552 -0.050414 -0.220549 -0.371826 -0.299909 -0.374847 -0.324009 -0.096554 0.044808 0.092022 -0.331531 -0.151450 -0.205167 -0.245795 -0.201059 -0.223305 -0.210335 -0.365455 -0.213558 -0.217795 0.080958 -0.155239 -0.235402 -0.383903
0.267866 -0.118371 0.264162 0.066055 0.121894 0.082776 0.401506 0.088344 0.335251 -0.032725 0.607761 -0.220897 1.000000 -0.078875 0.230604 0.113751 0.270129 -0.056172 0.239266 0.150697 -0.135964 -0.034427 0.222382 -0.143986 0.067005 -0.338684 -0.237676 0.151534 0.041928 -0.097591 0.385711 0.065519 0.212431 0.207651 -0.034138 0.044461 -0.159093 -0.259221 -0.193339 -0.321924 -0.161055 -0.261254 -0.145497 -0.095391 -0.009668 -0.215360 -0.066207 -0.044534 0.041035 -0.128956 -0.089904 0.090122 -0.204759 -0.091449 0.006854 -0.197224 0.230634 -0.185837 0.168906 0.177797 0.198636 -0.023947 0.063856 -0.277874 0.079638 -0.203208 0.223913 -0.007615 0.241961 0.031691 0.241062 0.059873 -0.011598 -0.025086 -0.172665 -0.010974 0.030081 0.021030 -0.180889 0.027167 -0.157757 0.004638 -0.170703 -0.002690 -0.316287 -0.155498 -0.134603 -0.213604 0.053347 -0.253049 -0.025296 -0.096240 -0.067026 0.009742 -0.149526 -0.065544 -0.247432 -0.075971 0.027911 -0.022241 0.128382 0.037250 0.042064 -0.058283 0.057905 -0.069637 0.004841 -0.128890 -0.100019 -0.102077 -0.099698 -0.023787 -0.008467 -0.073143 -0.039755 -0.107137
0.047644 0.114727 -0.322600 -0.231042 0.110423 -0.266149 0.001578 -0.023217 0.445524 0.151318 -0.237838 0.632919 -0.078875 1.000000 0.250793 0.057831 -0.163487 -0.085458 -0.006680 0.103636 -0.337546 -0.337323 -0.347902 -0.263529 -0.287284 -0.196502 -0.321492 -0.302406 -0.122615 -0.112401 -0.140967 0.195097 -0.103969 -0.104713 -0.237873 -0.153778 -0.064928 -0.120723 -0.290115 0.101981 -0.091928 -0.098355 0.386478 0.167298 0.013161 0.413780 0.239583 -0.013577 0.053908 -0.003730 0.356829 -0.213263 0.596978 0.470293 -0.284053 0.129980 -0.016204 0.290781 0.096793 -0.108725 -0.008576 0.144269 -0.146516 0.529739 -0.330576 0.079925 -0.198079 -0.138202 -0.082375 0.181415 -0.163731 0.538979 -0.240819 -0.456545 -0.289332 -0.452641 -0.321124 -0.262550 0.122341 -0.212184 0.221078 -0.228443 0.062125 0.068114 0.365586 -0.029373 -0.079902 0.041248 -0.184797 0.336244 0.297586 0.028367 -0.126808 -0.100053 -0.099729 -0.326148 -0.208504 -0.322905 -0.086376 -0.085417 -0.105538 -0.022361 -0.346103 -0.318137 -0.307876 -0.349212 -0.064499 -0.189122 -0.159424 -0.287271 -0.017014 0.033437 0.236133 -0.076460 -0.267899 -0.286029
-0.340706 -0.128945 -0.489720 -0.106955 0.254975 -0.175927 -0.274494 -0.025759 0.653480 0.326816 -0.090888 -0.120092 0.230604 0.250793 1.000000 0.337240 0.040525 -0.380501 0.078528 0.110403 -0.007280 -0.068995 -0.515367 -0.498446 0.540706 -0.117724 -0.589509 -0.259414 -0.016037 0.224439 0.228621 -0.165982 -0.217651 -0.171167 -0.227105 0.048469 0.289923 0.052349 0.101923 0.196400 0.197492 -0.243425 0.244652 0.208819 -0.015054 0.096623 0.250440 0.418575 0.050888 -0.273460 0.098794 0.268927 0.243823 0.199932 0.019708 0.207169 -0.315884 -0.184840 -0.141546 0.050994 -0.390542 -0.140078 -0.236018 -0.199814 -0.259465 -0.391009 -0.202010 0.175701 -0.001821 0.031997 0.210267 0.388880 -0.304723 -0.138005 -0.172453 -0.086598 -0.243836 0.014212 -0.131814 -0.083256 0.231257 0.273265 -0.139755 0.116973 0.236270 0.327252 -0.034281 0.301988 -0.171265 0.135845 0.415815 0.194040 -0.276936 -0.221170 0.179099 0.026036 0.038790 -0.010556 0.054018 0.180249 0.056634 0.202624 0.038554 -0.181351 0.016337 -0.117475 -0.128832 -0.318943 0.166024 0.064868 0.358936 0.178192 0.092914 -0.073649 -0.113507 0.231529
-0.377349 -0.428500 -0.181070 -0.102807 0.239662 0.312291 0.062892 -0.049705 0.213947 0.346309 -0.019224 -0.307800 0.113751 0.057831 0.337240 1.000000 -0.142102 -0.217000 -0.231290 -0.064083 0.263241 0.523160 -0.268219 0.016950 -0.001180 -0.091426 0.090108 0.337455 -0.306821 0.499655 0.267651 0.195576 -0.434878 -0.548410 -0.411220 -0.373908 0.376431 0.297220 0.027166 0.496530 0.292223 0.039739 0.061914 0.024169 -0.133024 -0.043484 0.098609 -0.105817 0.123690 0.091298 0.030735 0.094755 0.226854 0.276397 0.290879 0.505362 -0.486774 -0.377440 0.006791 -0.038596 -0.459321 -0.301078 0.019494 -0.351470 -0.333494 -0.423612 -0.412548 -0.188751 -0.100775 0.133139 0.009437 0.319286 -0.141530 0.274918 0.259942 0.258076 -0.380545 0.310309 -0.454085 0.094324 -0.352218 0.330864 -0.597014 0.159468 -0.051057 0.436341 -0.400694 -0.069145 -0.207498 0.325586 -0.029573 -0.013440 -0.019682 -0.036213 0.474011 0.482987 0.326609 0.350738 0.131631 -0.030857 -0.246584 -0.099556 -0.124583 -0.232358 -0.134367 -0.078598 0.246814 0.095274 0.473601 0.457768 0.240521 0.365264 -0.031823 -0.126702 0.033999 0.235647
-0.034874 0.090764 0.008867 -0.173739 -0.149417 -0.128837 -0.210003 0.061123 0.134654 -0.039746 0.468184 0.012141 0.270129 -0.163487 0.040525 -0.142102 1.000000 0.533278 -0.195396 -0.174824 -0.032264 -0.015085 0.050277 -0.297361 0.245773 0.129312 0.024672 -0.037936 0.523142 0.020007 -0.014485 -0.152579 0.115898 0.295946 0.515699 0.508713 -0.178598 -0.102250 0.038163 -0.295616 -0.152503 0.072769 -0.329170 -0.167334 0.172894 -0.248030 -0.302629 0.009055 -0.120949 -0.115409 -0.285441 0.235269 -0.304287 -0.476496 0.118211 -0.281598 0.194283 -0.102981 -0.163499 -0.007059 0.009576 0.006955 0.183230 -0.048388 0.067259 0.232766 0.248548 0.133418 -0.195391 -0.282910 0.371279 -0.186272 0.307025 0.255134 -0.076740 0.256810 0.541925 0.081463 0.535246 0.431279 0.500260 0.266142 0.149476 -0.402708 -0.098708 -0.160138 -0.054463 -0.021675 0.297727 -0.351372 -0.081473 -0.405095 -0.173253 -0.289263 -0.194212 -0.169228 -0.091391 -0.189052 -0.083440 -0.345116 0.219044 -0.107782 0.083628 -0.098761 0.119725 -0.063605 -0.267123 -0.060679 -0.230640 -0.223450 -0.104594 -0.065797 -0.089932 -0.148310 0.052773 -0.188543
0.091762 -0.041317 0.141491 -0.364957 -0.087556 -0.278658 0.012048 -0.152949 -0.159116 -0.174414 0.209656 0.303992 -0.056172 -0.085458 -0.380501 -0.217000 0.533278 1.000000 -0.291558 -0.228168 -0.040637 0.042386 0.161136 -0.117788 -0.026308 0.177256 0.285856 -0.140525 0.558953 0.312904 -0.049567 0.059723 -0.016892 0.042892 0.653354 0.432209 0.039809 0.018194 -0.010093 -0.183970 -0.013642 -0.078825 -0.410154 -0.355670 0.110270 -0.256067 -0.400136 -0.187906 -0.234790 -0.103791 -0.349936 0.110425 -0.119910 -0.562163 0.139864 -0.133683 0.219629 -0.149008 -0.235064 -0.342835 0.087481 -0.212201 0.070568 0.167999 -0.070681 0.418917 0.071393 -0.152988 -0.346407 -0.308182 0.151999 -0.129237 0.576313 0.481145 0.241135 0.458132 0.640143 0.281519 0.687940 0.722676 0.369237 0.401047 0.056860 -0.564335 -0.144870 -0.012893 -0.127685 -0.219667 0.198691 -0.314184 -0.419157 -0.431987 -0.167487 -0.222600 0.057672 0.048603 0.037713 -0.002781 -0.090638 -0.153277 0.176961 -0.052868 -0.002082 -0.113258 0.027279 -0.073854 -0.242131 -0.092618 0.005718 0.029324 -0.096919 0.043992 -0.014646 -0.040512 -0.011681 -0.142284
0.342340 0.050715 0.314427 0.248710 -0.016774 0.142895 0.305885 -0.069869 0.144493 -0.139092 -0.107675 -0.214389 0.239266 -0.006680 0.078528 -0.231290 -0.195396 -0.291558 1.000000 0.753837 -0.266738 -0.263923 0.119882 0.028418 0.015109 -0.218260 -0.336167 0.053578 -0.060313 -0.427150 -0.005327 -0.146868 0.288661 0.176453 -0.107151 -0.011491 -0.364283 -0.273379 -0.207351 -0.338301 -0.286331 -0.121573 0.247062 0.227775 0.153413 0.028769 0.308757 -0.012878 0.178814 0.045159 0.184511 -0.052960 -0.198763 0.079621 -0.228950 -0.390415 0.144913 0.192571 0.329109 0.336185 0.205978 0.018942 0.138114 -0.036563 0.106864 -0.199239 0.390748 0.064472 0.553306 0.198364 -0.085098 -0.051790 -0.115863 -0.301001 -0.260449 -0.369758 -0.079703 -0.211213 -0.201699 -0.161943 -0.157314 -0.282090 0.351981 0.362125 -0.130866 -0.399224 0.123985 -0.111225 0.078082 -0.120374 -0.055281 0.032302 -0.106496 0.200979 -0.392342 -0.348711 -0.382469 -0.329915 0.038225 0.134743 0.170959 -0.025186 0.259112 0.150212 0.224555 0.064276 0.082407 -0.105911 -0.376654 -0.392549 -0.348443 -0.136422 0.253001 0.091711 0.061498 0.007911
0.333870 -0.134568 0.286822 0.047926 0.138586 0.153964 0.408853 -0.164731 0.195010 0.025712 -0.093829 -0.229211 0.150697 0.103636 0.110403 -0.064083 -0.174824 -0.228168 0.753837 1.000000 -0.046922 -0.093248 -0.017499 0.082974 0.030796 -0.059683 -0.196708 0.016722 -0.041576 -0.283357 -0.043635 -0.027592 0.111869 -0.030938 -0.146448 0.011779 -0.251053 -0.106515 -0.250577 -0.128711 -0.139780 -0.058490 0.202263 0.136005 0.103325 0.075213 0.185113 0.003182 0.296765 0.061898 0.229640 0.046486 -0.034863 0.095524 -0.218100 -0.269320 -0.019842 0.106611 0.396471 0.232761 0.116976 -0.192793 0.073280 -0.074055 -0.071532 -0.209051 0.109360 0.071970 0.394860 0.533973 -0.082386 -0.009799 -0.101316 -0.170559 -0.131480 -0.198546 -0.203637 -0.080625 -0.241537 -0.052577 -0.253234 -0.188863 0.192674 0.225643 -0.173707 -0.378437 0.022412 -0.171270 -0.018815 -0.036866 0.102141 0.018486 -0.088957 0.200466 -0.259531 -0.246163 -0.347521 -0.289152 0.036539 -0.020657 0.190226 0.049171 0.168507 0.012786 0.133502 0.001087 0.092721 -0.076554 -0.284271 -0.277250 -0.273595 -0.090199 0.089383 0.132939 0.040671 0.009654
-0.081982 -0.368140 -0.067238 -0.112918 0.193267 0.156922 0.038841 -0.079390 -0.088963 0.012050 -0.162814 -0.398169 -0.135964 -0.337546 -0.007280 0.263241 -0.032264 -0.040637 -0.266738 -0.046922 1.000000 0.732926 -0.058099 0.144672 0.152033 0.117744 0.504228 0.195864 0.076664 0.304238 0.150722 0.223662 -0.171623 -0.302118 -0.051246 -0.032993 0.265992 0.306984 0.309744 0.196969 0.326747 0.297412 -0.260823 -0.193648 -0.311056 -0.332347 -0.231116 -0.002493 -0.184858 0.032432 -0.307901 0.306262 -0.183901 -0.180854 0.170814 0.117982 -0.210659 -0.363646 0.047020 -0.068037 -0.127302 -0.296701 0.001910 -0.482135 -0.141157 -0.187267 -0.258992 -0.006533 -0.082729 0.168951 0.265025 0.016357 0.241253 0.442103 0.339538 0.528446 -0.027027 0.218106 -0.107163 0.059644 -0.277372 0.234382 -0.255738 -0.245281 -0.132693 0.106956 0.151353 0.134551 0.007649 -0.052308 -0.103793 0.215678 0.279119 0.266244 0.234553 0.381585 0.218238 0.298164 -0.090782 0.117114 -0.049407 0.131965 0.080252 0.247472 0.183170 0.451458 0.257345 0.404659 0.260040 0.349786 0.122005 -0.092290 -0.334295 0.055422 0.401432 0.493453
-0.165189 -0.476912 -0.007768 -0.151861 0.171457 0.287531 0.122811 -0.152903 -0.110294 0.079359 -0.035416 -0.465643 -0.034427 -0.337323 -0.068995 0.523160 -0.015085 0.042386 -0.263923 -0.093248 0.732926 1.000000 -0.075952 0.194532 0.035166 0.174222 0.444154 0.414493 -0.022824 0.433252 0.162241 0.225862 -0.275971 -0.425601 -0.158479 -0.198811 0.382571 0.413905 0.257561 0.262880 0.409570 0.292026 -0.378076 -0.328393 -0.224841 -0.272665 -0.239709 -0.145725 -0.113342 0.093247 -0.277214 0.201406 -0.121613 -0.208651 0.389346 0.332911 -0.308858 -0.430043 -0.023180 -0.184111 -0.294463 -0.393485 0.092428 -0.459798 -0.247723 -0.290674 -0.335459 -0.236358 -0.101546 0.015890 0.217040 0.035782 0.199953 0.504733 0.466386 0.621849 -0.099812 0.344823 -0.215112 0.251033 -0.380761 0.369451 -0.430301 -0.171755 -0.219831 0.253235 -0.158058 0.141778 0.099691 0.100327 -0.123448 0.069756 0.281726 0.205024 0.356247 0.521732 0.348354 0.434624 0.062370 0.008525 -0.150373 -0.005946 0.071376 0.178344 0.173196 0.354706 0.293556 0.265826 0.382330 0.487546 0.142658 0.122867 -0.255217 0.159740 0.361125 0.463442
0.335099 0.325802 0.716135 0.554480 -0.047744 0.245565 0.499961 0.499623 -0.374930 -0.229580 0.280417 0.031081 0.222382 -0.347902 -0.515367 -0.268219 0.050277 0.161136 0.119882 -0.017499 -0.058099 -0.075952 1.000000 0.611837 -0.201259 -0.200097 0.368666 0.371315 0.039756 -0.359917 0.337694 0.365185 0.228036 0.349227 0.097053 -0.061056 -0.568153 -0.475247 -0.438777 -0.388672 -0.497649 -0.205814 -0.282290 -0.240059 -0.080749 -0.225595 -0.335708 -0.519266 0.015054 0.140843 -0.052591 -0.264644 -0.337044 -0.248937 -0.183853 -0.519202 0.370765 0.155300 0.163945 0.290361 0.474708 0.279109 0.205690 -0.003241 0.472496 0.288348 0.357625 -0.016948 0.170354 -0.071496 0.031805 -0.288329 0.092489 -0.008106 -0.185943 -0.078022 0.108863 -0.079628 0.024150 0.044669 -0.175268 -0.389948 0.167050 0.004343 -0.434498 -0.548674 -0.031621 -0.477585 0.364161 -0.377858 -0.367438 -0.354316 -0.001036 -0.022537 -0.304486 -0.172781 -0.415619 -0.236858 -0.205078 -0.325982 0.060908 -0.171735 -0.172553 -0.085158 -0.133663 -0.184751 0.173792 0.081684 -0.227972 -0.263209 -0.587381 -0.278606 -0.207412 -0.346194 -0.045133 -0.390002
0.164092 -0.054491 0.610418 0.365925 -0.004294 0.454973 0.490761 0.161889 -0.543035 -0.005628 0.058083 -0.105477 -0.143986 -0.263529 -0.498446 0.016950 -0.297361 -0.117788 0.028418 0.082974 0.144672 0.194532 0.611837 1.000000 -0.264462 0.229487 0.558820 0.475546 -0.085200 -0.167066 0.020574 0.324190 -0.052612 -0.161969 -0.199477 -0.373730 -0.291667 -0.056194 -0.288399 -0.047760 -0.170860 0.068839 -0.097350 -0.110414 -0.043995 0.033985 -0.167980 -0.438088 0.186202 0.424301 0.090181 -0.265550 -0.211717 0.037035 -0.079862 -0.114745 -0.019757 0.047236 0.205635 0.112890 0.168799 0.008023 0.260450 -0.102647 0.251703 0.050240 0.008183 -0.141110 0.053099 0.144696 -0.088255 -0.237007 0.126102 0.104863 0.252138 0.030584 -0.114732 0.056606 -0.314446 -0.037909 -0.487453 -0.373270 0.021615 0.228355 -0.343305 -0.309932 -0.156339 -0.289230 0.028279 0.039692 -0.281485 -0.108319 0.169148 0.235293 -0.097017 0.119408 -0.118295 0.032925 -0.087885 -0.241824 -0.144312 -0.169299 -0.117605 0.104508 -0.095188 0.064039 0.302032 0.280344 0.006077 0.041736 -0.379267 -0.125431 -0.159392 -0.028134 0.210710 -0.080398
-0.242034 -0.253308 -0.153998 -0.119487 0.150330 -0.263001 -0.256413 -0.104363 0.338661 0.195600 -0.027154 -0.363718 0.067005 -0.287284 0.540706 -0.001180 0.245773 -0.026308 0.015109 0.030796 0.152033 0.035166 -0.201259 -0.264462 1.000000 0.338633 -0.365300 -0.372301 0.317817 0.334226 0.312162 -0.137260 0.048556 0.032625 0.239108 0.395074 0.236767 0.133822 0.192661 0.060382 0.140184 -0.173724 -0.110226 0.026322 0.068288 -0.185377 -0.128931 0.461268 -0.053887 -0.274767 -0.299318 0.462316 -0.207828 -0.309568 0.072482 0.022346 -0.180588 -0.420217 -0.279448 -0.072824 -0.353740 -0.295194 -0.018116 -0.433878 0.005510 -0.147383 -0.050944 0.254160 -0.140188 -0.132488 0.640895 0.266696 0.158371 0.299961 0.133284 0.327285 0.278998 0.266697 0.106933 0.214579 0.233172 0.501424 -0.077675 -0.169851 -0.011940 0.219344 0.059688 0.096938 -0.127982 -0.283391 0.117883 0.116529 -0.234075 -0.168979 0.153838 0.184358 0.108378 0.162939 0.056269 0.326017 0.348066 0.329548 0.287181 0.042974 0.257500 0.099015 -0.355619 -0.285437 0.237897 0.169730 0.330148 0.130349 0.106459 0.066536 0.018198 0.290434
-0.243393 -0.367023 -0.071703 -0.320357 -0.111823 0.017669 -0.157686 -0.484206 -0.216035 0.028583 -0.033348 -0.187840 -0.338684 -0.196502 -0.117724 -0.091426 0.129312 0.177256 -0.218260 -0.059683 0.117744 0.174222 -0.200097 0.229487 0.338633 1.000000 0.205067 -0.092437 0.282551 0.234581 -0.381214 -0.199698 -0.028904 -0.145001 0.234750 0.171465 0.162906 0.441349 0.291201 0.146734 0.316462 0.287150 -0.168065 -0.133914 0.238107 0.146158 -0.176603 0.201186 0.056343 0.209727 -0.094119 0.089878 -0.097672 -0.180771 0.233591 0.211570 -0.313055 -0.188506 -0.211144 -0.337586 -0.287238 -0.361299 0.032084 -0.106390 -0.059764 0.041423 -0.144311 0.040066 -0.303205 -0.103581 0.309390 -0.089782 0.396251 0.354989 0.585400 0.412563 0.327632 0.280771 0.102162 0.243381 0.014413 0.193793 0.026006 -0.180984 -0.075009 0.145995 -0.039844 0.254321 -0.124504 0.085211 0.084163 0.076919 0.208883 0.018877 0.144659 0.268545 0.313687 0.315623 0.145301 0.020032 0.103936 0.040859 0.248354 0.227472 0.217071 0.294826 -0.163640 0.076753 0.189905 0.301562 0.332464 0.157151 0.021067 0.370560 0.216412 0.165420
0.072577 -0.134525 0.340024 0.019231 0.156171 0.342112 0.223290 0.053787 -0.520097 -0.068124 0.019514 -0.057571 -0.237676 -0.321492 -0.589509 0.090108 0.024672 0.285856 -0.336167 -0.196708 0.504228 0.444154 0.368666 0.558820 -0.365300 0.205067 1.000000 0.512336 0.064132 0.041608 -0.134997 0.211540 -0.244775 -0.265347 0.072378 -0.064620 -0.146038 0.083045 -0.031916 -0.002971 -0.055571 0.228713 -0.299333 -0.272199 -0.135392 -0.147818 -0.334117 -0.396532 -0.043834 0.417391 -0.140548 -0.147746 -0.242040 -0.135564 0.124239 -0.053827 -0.028925 -0.100366 0.171708 0.042428 0.100872 -0.078179 0.186831 -0.105523 0.079999 0.264388 -0.013035 -0.056081 -0.127303 0.185501 -0.071438 -0.365824 0.329937 0.369461 0.340625 0.370131 0.110770 0.133422 0.061635 0.208776 -0.267856 -0.136064 -0.027269 -0.186542 -0.285558 -0.222076 -0.071449 -0.218553 0.181834 -0.034277 -0.340382 -0.081511 0.310543 0.233266 -0.013429 0.234320 0.083483 0.134742 -0.113502 -0.245374 -0.115971 -0.185848 -0.091122 0.157241 -0.046405 0.244718 0.251936 0.570735 0.032696 0.162938 -0.269054 -0.183528 -0.324259 -0.125210 0.306877 0.014695
0.115401 -0.029875 0.419759 0.310289 0.267730 0.713367 0.340300 0.171944 -0.250764 0.047836 0.137420 -0.356272 0.151534 -0.302406 -0.259414 0.337455 -0.037936 -0.140525 0.053578 0.016722 0.195864 0.414493 0.371315 0.475546 -0.372301 -0.092437 0.512336 1.000000 -0.369371 -0.242934 0.083145 0.146546 -0.261485 -0.191847 -0.238336 -0.317036 -0.224839 -0.111825 -0.286098 -0.098374 -0.163320 0.092315 -0.058592 0.006134 0.031090 0.015727 -0.040501 -0.435412 0.195420 0.408416 0.110562 -0.149565 -0.259365 0.079728 0.078952 -0.125388 0.003905 0.025556 0.417297 0.366296 0.057349 -0.042482 0.226084 -0.175568 0.099617 -0.132091 0.229727 -0.102967 0.200355 0.106711 -0.068160 -0.214866 -0.174872 -0.022086 0.009503 0.018871 -0.230750 -0.030011 -0.297436 0.003951 -0.413383 -0.254557 -0.000086 0.133475 -0.335006 -0.294536 -0.236365 -0.201099 0.349919 0.002280 -0.195455 -0.168823 0.136418 0.177603 -0.189061 0.030695 -0.155900 -0.085163 -0.132023 -0.412052 -0.226094 -0.266294 -0.120918 -0.031917 -0.028722 0.061992 0.438317 0.409847 -0.121465 -0.050259 -0.418304 -0.220869 -0.296174 -0.243516 0.235011 -0.030588
0.001078 -0.148359 -0.058566 -0.266052 -0.124365 -0.394544 -0.134698 -0.181452 -0.031260 -0.198523 0.224434 0.093949 0.041928 -0.122615 -0.016037 -0.306821 0.523142 0.558953 -0.060313 -0.041576 0.076664 -0.022824 0.039756 -0.085200 0.317817 0.282551 0.064132 -0.369371 1.000000 0.300634 0.027836 0.047673 0.167609 0.096500 0.550113 0.493147 0.051942 0.107623 0.139097 -0.206962 0.071057 -0.060613 -0.276779 -0.195305 0.057924 -0.274519 -0.324664 0.078670 -0.254578 -0.172265 -0.341560 0.283657 -0.208262 -0.563137 0.085839 -0.167989 0.052096 -0.241511 -0.387549 -0.346452 -0.004186 -0.249136 0.040649 -0.102677 -0.015054 0.162505 -0.078381 -0.086055 -0.263684 -0.198768 0.319119 -0.140797 0.733054 0.453248 0.337280 0.441424 0.658753 0.372349 0.533406 0.593225 0.432934 0.406874 0.167461 -0.365791 -0.107412 -0.007085 0.041520 0.013454 0.101597 -0.377683 -0.223215 -0.222163 -0.214139 -0.142550 0.010847 0.058641 0.028678 0.045858 -0.066905 0.100634 0.325374 0.119083 0.171664 0.093355 0.166544 0.086563 -0.399917 -0.190497 -0.006939 0.069084 0.043215 -0.026174 0.084409 0.078419 0.076813 0.074554
-0.434407 -0.564513 -0.358870 -0.449480 0.056436 -0.306891 -0.165144 -0.331422 0.089631 0.123068 -0.076493 -0.126356 -0.097591 -0.112401 0.224439 0.499655 0.020007 0.312904 -0.427150 -0.283357 0.304238 0.433252 -0.359917 -0.167066 0.334226 0.234581 0.041608 -0.242934 0.300634 1.000000 0.224875 0.134309 -0.198334 -0.405637 0.134870 0.044553 0.758415 0.606664 0.395279 0.501218 0.642214 -0.069281 -0.314731 -0.293852 -0.212294 -0.350843 -0.221970 0.148420 -0.300163 -0.302678 -0.479363 0.380597 0.142739 -0.191925 0.492874 0.609816 -0.457366 -0.661156 -0.513574 -0.565723 -0.521896 -0.530779 -0.089519 -0.419847 -0.395610 -0.229533 -0.607692 -0.241109 -0.388856 -0.186131 0.173971 0.228760 0.427145 0.755674 0.620580 0.744215 0.232214 0.697442 -0.029319 0.527279 -0.073706 0.797087 -0.541392 -0.338010 -0.134526 0.730108 -0.338871 0.016277 -0.219824 0.118931 -0.145817 -0.021984 -0.096509 -0.128049 0.753471 0.771605 0.638771 0.672870 0.241279 0.348945 0.029308 0.178419 0.142513 -0.027532 0.094635 0.090040 -0.192732 -0.099462 0.786871 0.753113 0.596694 0.491082 0.128570 0.190087 0.057643 0.467832
0.015289 -0.028321 0.121145 0.237352 0.329920 -0.039645 0.217734 0.423827 0.293297 0.164882 0.087474 -0.182016 0.385711 -0.140967 0.228621 0.267651 -0.014485 -0.049567 -0.005327 -0.043635 0.150722 0.162241 0.337694 0.020574 0.312162 -0.381214 -0.134997 0.083145 0.027836 0.224875 1.000000 0.694987 -0.002326 0.036883 -0.112401 -0.060099 0.116763 -0.174734 -0.244539 -0.026724 -0.074032 -0.426999 -0.135773 -0.091221 -0.393372 -0.425764 -0.164744 -0.145098 -0.287755 -0.311756 -0.287861 0.116906 -0.103884 -0.256975 0.011423 -0.037101 0.039742 -0.349884 -0.110946 0.067971 0.010711 -0.069627 0.018501 -0.425140 0.051623 -0.221316 -0.110669 -0.122608 0.081208 -0.100760 0.355367 0.313027 0.005120 0.156469 -0.103542 0.190720 -0.115333 0.238444 -0.090334 0.147843 -0.100643 0.238462 -0.323691 -0.121989 -0.173440 0.077645 -0.109553 -0.274048 0.095209 -0.324258 -0.248352 -0.120838 -0.267144 -0.107388 0.199195 0.230059 -0.100963 0.060606 -0.143126 0.100477 0.114008 0.097180 -0.057225 -0.201201 -0.056326 -0.204129 0.004872 -0.200902 0.279894 0.153297 -0.084455 0.016428 -0.075477 -0.286720 -0.005603 0.094348
0.150030 -0.080268 0.143485 0.102160 0.244470 -0.007323 0.370949 0.336418 0.071580 0.066565 -0.050679 0.129552 0.065519 0.195097 -0.165982 0.195576 -0.152579 0.059723 -0.146868 -0.027592 0.223662 0.225862 0.365185 0.324190 -0.137260 -0.199698 0.211540 0.146546 0.047673 0.134309 0.694987 1.000000 -0.014643 -0.071640 -0.119651 -0.196463 0.023933 -0.124847 -0.364892 -0.036166 -0.080799 -0.226341 -0.134328 -0.157660 -0.459272 -0.253266 -0.217504 -0.382482 -0.338764 -0.116749 -0.221357 -0.095489 0.047003 -0.139858 -0.097827 0.000432 0.034626 -0.184281 0.024397 -0.069480 0.156672 -0.067933 0.067312 -0.155437 -0.016127 -0.033444 -0.206277 -0.292268 -0.068428 0.044435 0.184700 0.319416 0.131155 0.153815 0.024666 0.176516 -0.111806 0.223859 0.007137 0.114749 -0.192521 0.013295 -0.266534 -0.192627 -0.096154 -0.053371 -0.180192 -0.311575 0.095166 -0.153564 -0.308004 -0.136777 -0.088064 0.031391 0.129274 0.150972 -0.121321 -0.012679 -0.238351 -0.078310 -0.003787 -0.023460 -0.208910 -0.176601 -0.168448 -0.186419 0.071659 -0.000608 0.189304 0.083422 -0.185635 -0.083421 -0.111942 -0.222287 0.021252 -0.041352
0.263321 0.171399 0.050284 0.125279 -0.287526 -0.282767 0.077614 0.031168 -0.006824 -0.484620 0.105646 0.045565 0.212431 -0.103969 -0.217651 -0.434878 0.115898 -0.016892 0.288661 0.111869 -0.171623 -0.275971 0.228036 -0.052612 0.048556 -0.028904 -0.244775 -0.261485 0.167609 -0.198334 -0.002326 -0.014643 1.000000 0.804646 0.324859 0.286805 -0.149173 -0.191019 0.112682 -0.382685 -0.118618 -0.053694 -0.226265 -0.123147 0.012060 -0.158717 -0.204900 0.153327 -0.273879 -0.259321 -0.316525 -0.028988 -0.322268 -0.265499 -0.213463 -0.335223 0.309764 0.164250 -0.011565 0.039014 0.418841 0.315786 0.119767 0.001527 0.308164 0.114591 0.313675 0.207161 0.173478 -0.099407 0.038955 -0.158055 0.196687 -0.013762 -0.108597 -0.079355 0.365149 -0.107784 0.034563 -0.254630 0.030041 -0.076093 0.207348 -0.102848 -0.142810 -0.224873 0.236587 -0.050534 0.051991 -0.337694 -0.119227 -0.082152 0.090733 0.090784 -0.271930 -0.193252 -0.142282 -0.107310 -0.100943 0.127650 0.400253 0.195480 0.279235 0.198540 0.266147 0.107528 -0.343663 -0.149174 -0.176793 -0.245351 0.004864 -0.165870 0.130674 0.112305 -0.101494 -0.155940
0.191605 0.500654 0.037987 0.307275 -0.260149 -0.228418 -0.093189 0.318843 0.051880 -0.425577 0.189263 0.165048 0.207651 -0.104713 -0.171167 -0.548410 0.295946 0.042892 0.176453 -0.030938 -0.302118 -0.425601 0.349227 -0.161969 0.032625 -0.145001 -0.265347 -0.191847 0.096500 -0.405637 0.036883 -0.071640 0.804646 1.000000 0.336071 0.376879 -0.363892 -0.405284 -0.042131 -0.508943 -0.275309 -0.086008 -0.200211 -0.095850 0.065847 -0.081583 -0.217477 0.067675 -0.201629 -0.288577 -0.156483 -0.149841 -0.274291 -0.231726 -0.284666 -0.496709 0.414645 0.341257 -0.033699 0.247491 0.452532 0.557064 0.032372 0.158631 0.442964 0.281859 0.435286 0.332771 0.074675 -0.209638 0.091033 -0.267914 -0.004187 -0.235741 -0.382672 -0.257537 0.334385 -0.293911 0.199235 -0.277102 0.269222 -0.218854 0.384281 -0.118683 -0.056381 -0.388639 0.235785 -0.056744 0.221771 -0.378160 0.021953 -0.220009 0.008300 -0.154962 -0.434735 -0.442314 -0.322050 -0.333513 -0.176071 -0.148047 0.280256 0.065899 0.052296 0.010042 0.068476 -0.124135 -0.268498 -0.162888 -0.356336 -0.467755 -0.133332 -0.280002 -0.084230 -0.132552 -0.248489 -0.378678
0.062543 -0.052912 0.045234 -0.267807 -0.203224 -0.262947 -0.127131 -0.209115 -0.139071 -0.278009 0.211500 0.181816 -0.034138 -0.237873 -0.227105 -0.411220 0.515699 0.653354 -0.107151 -0.146448 -0.051246 -0.158479 0.097053 -0.199477 0.239108 0.234750 0.072378 -0.238336 0.550113 0.134870 -0.112401 -0.119651 0.324859 0.336071 1.000000 0.827624 -0.015171 -0.086563 0.168851 -0.317556 -0.089819 -0.109188 -0.289059 -0.138353 0.293991 -0.186661 -0.373441 0.162140 -0.199294 -0.224921 -0.447295 0.335037 -0.374667 -0.586392 -0.057460 -0.358651 0.220394 -0.218672 -0.214426 -0.261933 0.122366 -0.125749 0.230863 0.080656 0.287101 0.460726 0.346342 0.259989 -0.326593 -0.353017 0.176977 -0.243454 0.397633 0.409860 0.032703 0.278513 0.764264 0.129357 0.574730 0.360006 0.406740 0.355351 0.314224 -0.470781 -0.022879 -0.072324 0.182809 -0.124654 0.190594 -0.543769 -0.312595 -0.155463 -0.060748 0.011523 -0.160024 -0.102042 -0.024286 -0.071624 -0.245850 0.113271 0.362171 0.186812 0.295143 0.239021 0.289526 0.198102 -0.498311 -0.096280 -0.122996 -0.125574 0.002053 -0.221223 0.032756 0.083913 0.042648 -0.055996
0.005068 0.020135 -0.085824 -0.129453 -0.045274 -0.225058 -0.234656 -0.040211 0.065017 -0.138568 0.111295 0.099189 0.044461 -0.153778 0.048469 -0.373908 0.508713 0.432209 -0.011491 0.011779 -0.032993 -0.198811 -0.061056 -0.373730 0.395074 0.171465 -0.064620 -0.317036 0.493147 0.044553 -0.060099 -0.196463 0.286805 0.376879 0.827624 1.000000 -0.106569 -0.170651 0.114914 -0.303839 -0.170159 -0.166150 -0.105362 -0.019898 0.272686 -0.109496 -0.257289 0.316661 -0.095140 -0.238850 -0.285653 0.367331 -0.277568 -0.522500 -0.214339 -0.435292 0.122007 -0.168704 -0.120493 -0.038364 0.050534 -0.003240 0.108790 0.027177 0.217120 0.402843 0.315988 0.513870 -0.243070 -0.124774 0.199842 -0.202861 0.218876 0.245245 -0.138963 0.156960 0.573690 0.040104 0.503544 0.253531 0.493138 0.305769 0.368738 -0.454620 0.008002 -0.179696 0.309106 -0.074616 0.137098 -0.586910 -0.052664 0.005152 -0.091694 0.029504 -0.279645 -0.225152 -0.188625 -0.219441 -0.284487 0.176688 0.503628 0.337695 0.300068 0.209447 0.317119 0.161290 -0.577405 -0.098835 -0.247553 -0.254427 -0.003372 -0.297048 0.097596 0.027598 0.014434 -0.026378
