1.000000 0.819110 -0.345268 -0.227927 0.101640 0.050879 -0.094039 0.065397 0.171176 0.170882 0.325116 0.346657 0.272224 0.378480 0.060735 0.203567 0.483310 0.258936 0.394400 0.294641 -0.071911 -0.268074 -0.507415 -0.383015 -0.246450 -0.406136 0.091908 -0.179216 0.268624 0.256766 -0.307678 -0.318264 0.201581 -0.190471 -0.572618 -0.524278 -0.027273 -0.234090 -0.184379 -0.156148 -0.109321 -0.030958 0.070938 -0.086364 -0.095201 -0.242822 0.158409 -0.221596 0.100540 0.124043 -0.029342 0.281480 0.515784 0.255075 0.001142 0.098848 0.563512 0.461765 0.392694 0.134476 0.262769 0.263795 0.446359 0.345112 -0.434694 -0.436677 -0.263004 -0.539703 0.447559 -0.019981 0.070440 -0.130167 0.241743 0.193236 0.191775 0.129262 0.169860 -0.318697 0.283048 0.056228 0.347067 0.148458 -0.044958 -0.162318 -0.415087 -0.272974 0.104688 -0.089278 -0.178866 -0.023627 0.031336 -0.225015 -0.300216 -0.366658 -0.023862 -0.106175 -0.065919 -0.068109 0.443799 0.209742 0.165058 0.072378 -0.069325 -0.291551 -0.130691 -0.247271 -0.047042 -0.121434 -0.104928 -0.081492 -0.449666 0.207659 0.215583 -0.256002 -0.466770 -0.315887
0.819110 1.000000 -0.462092 -0.407520 -0.003950 -0.075778 -0.159985 -0.043167 0.062016 0.054629 0.319498 0.370790 0.290501 0.344502 -0.035668 0.044265 0.584776 0.440208 0.308491 0.356097 -0.102814 -0.320455 -0.593385 -0.511801 -0.253058 -0.376045 -0.018704 -0.262855 0.301355 0.334488 -0.248030 -0.260643 0.252734 -0.042411 -0.528618 -0.493997 0.017519 -0.231610 -0.303247 -0.229180 -0.055209 -0.083433 0.049259 -0.058581 -0.077532 -0.254403 0.170369 -0.212910 0.092355 0.192075 -0.086774 0.307465 0.457963 0.264928 -0.123337 0.047536 0.601662 0.656653 0.273766 0.198010 0.250591 0.358955 0.436985 0.539073 -0.415477 -0.481952 -0.260126 -0.518014 0.519717 0.086898 -0.013408 -0.149010 0.277527 0.213482 0.165221 0.098387 0.119603 -0.330442 0.425623 0.221866 0.430857 0.330377 -0.028227 -0.229063 -0.404108 -0.342563 0.058166 -0.146368 -0.329224 -0.136175 0.068163 -0.284861 -0.387631 -0.388163 -0.030951 -0.089868 -0.026694 0.014486 0.483360 0.159746 0.195003 0.076441 0.051807 -0.331018 -0.130904 -0.270588 0.001655 -0.105801 -0.076557 0.001918 -0.426417 0.238169 0.101976 -0.290043 -0.425405 -0.288986
-0.345268 -0.462092 1.000000 0.507552 0.380003 0.168964 0.513396 0.411866 0.144212 0.056105 -0.116388 -0.339857 -0.062502 -0.293911 -0.100288 -0.151155 -0.452556 -0.440358 0.113723 -0.329475 0.247103 0.331206 0.387399 0.147621 0.359259 0.302332 0.194912 0.033305 -0.290867 -0.317491 0.304875 0.233045 0.176099 0.214785 0.224503 0.212941 -0.274848 -0.262897 0.075187 -0.009474 -0.396613 -0.016464 0.008784 0.065802 0.186044 0.279407 -0.146532 -0.047320 0.142687 0.038401 0.149461 -0.041512 -0.148616 -0.194655 -0.071562 -0.203407 -0.362130 -0.419667 -0.013130 -0.037601 0.192491 -0.019485 -0.203018 -0.314570 0.382106 0.331811 0.377839 0.317468 -0.449778 -0.278169 0.152584 0.134808 -0.291049 -0.079587 -0.252328 0.061165 -0.119154 -0.005599 -0.454147 -0.408897 -0.663604 -0.540350 -0.227467 -0.087372 -0.113510 -0.040152 -0.234750 -0.150371 0.199526 0.035454 -0.030031 0.220226 0.235334 0.244970 -0.244527 -0.134954 -0.346185 -0.233657 -0.362567 -0.247441 0.077070 0.126327 0.028731 0.033066 -0.127958 -0.051791 0.042513 -0.143861 -0.226184 -0.140344 -0.030885 -0.179782 -0.003177 0.052598 -0.055800 -0.073004
-0.227927 -0.407520 0.507552 1.000000 0.098589 0.166132 0.279060 0.449884 0.235203 0.373401 -0.223042 -0.166285 -0.105610 -0.087130 0.112006 0.219291 -0.341265 -0.264620 0.027961 -0.465194 0.019964 0.233641 0.452344 0.447823 0.080802 0.124944 0.013719 0.113343 -0.201670 -0.210336 0.124038 0.106619 -0.054327 0.032212 0.056595 0.125447 -0.196656 0.027044 0.203347 0.143321 -0.199914 -0.178096 -0.301670 -0.235412 -0.217934 -0.065416 -0.418445 -0.309813 -0.273935 -0.359759 0.075194 -0.299109 -0.154509 -0.268272 0.027932 -0.211073 -0.149256 -0.242834 0.007790 -0.002613 0.065179 0.126921 -0.065093 -0.311016 0.381426 0.396486 0.224197 0.230265 -0.118950 -0.229242 -0.111129 -0.010547 -0.229292 -0.060113 -0.186712 -0.074116 -0.028850 0.067932 -0.287129 -0.065489 -0.274626 -0.369008 -0.039754 0.057244 0.163570 0.029689 0.026242 0.116533 0.445189 0.187510 0.011410 0.182316 0.545435 0.165252 -0.171703 -0.183476 -0.326989 -0.008287 -0.337480 -0.127654 0.112813 0.021000 0.010873 0.044224 -0.215753 -0.104037 -0.007085 -0.107333 -0.342566 -0.188925 -0.153010 -0.233156 0.101201 0.370101 0.012484 0.005131
0.101640 -0.003950 0.380003 0.098589 1.000000 0.694758 0.252169 0.183923 0.401575 0.225219 -0.144940 -0.219899 -0.032296 -0.205758 -0.158178 0.034911 -0.156690 -0.274008 -0.026384 -0.007535 0.483757 0.311039 -0.111568 -0.138622 0.452482 0.246924 0.702947 0.363689 -0.347313 -0.272885 -0.222905 -0.169273 0.044927 -0.010487 -0.049863 -0.056622 -0.267135 -0.263377 -0.065011 -0.033337 -0.331235 0.067027 0.311998 0.203709 0.295691 0.318998 0.267870 0.058078 0.374737 0.280070 0.171771 0.249871 0.113894 0.073376 -0.106445 0.179807 -0.149002 -0.133737 0.078610 0.133126 0.070998 0.014237 -0.094160 -0.118192 -0.118675 0.084431 0.184777 0.120902 -0.016155 -0.041029 0.156780 0.101840 -0.319669 -0.074230 -0.285983 0.053342 -0.185141 -0.206030 -0.059231 -0.321530 -0.273322 -0.150202 -0.332167 -0.287217 -0.326944 -0.128573 -0.126438 -0.274407 0.149645 0.076082 0.080715 -0.139261 -0.153929 -0.218726 -0.131520 0.035745 -0.131626 -0.271136 0.106974 -0.183307 0.132843 0.008802 -0.074804 -0.088382 0.045706 -0.001600 0.195992 -0.034278 -0.246177 -0.055515 -0.186077 0.002822 0.178820 -0.311533 -0.094549 -0.157523
0.050879 -0.075778 0.168964 0.166132 0.694758 1.000000 0.007695 -0.030506 0.331407 0.248086 -0.263885 -0.229776 -0.147231 -0.264954 0.010095 0.220900 -0.153465 -0.280323 -0.214012 -0.081529 0.472383 0.336264 0.030328 0.088920 0.268051 0.126202 0.762151 0.666853 -0.441502 -0.456636 -0.464864 -0.422776 -0.089929 -0.159089 0.057032 0.094662 -0.217069 -0.116109 0.220098 0.182877 -0.294202 0.000476 0.070032 -0.066779 0.105323 0.171889 -0.013377 -0.086317 0.174790 0.007457 0.223474 -0.017878 0.071601 -0.084066 0.173957 0.188617 -0.034015 -0.010567 0.173731 0.163077 -0.041508 -0.041015 -0.058363 -0.105503 -0.046051 0.179447 0.273927 0.246711 0.141037 0.137508 -0.018765 0.009152 -0.518503 -0.284535 -0.388231 -0.185535 -0.358127 -0.230433 -0.103422 -0.261282 -0.123681 -0.156522 -0.080235 -0.280399 0.004434 0.033780 0.173629 0.018909 0.399730 0.284288 0.028113 -0.125393 -0.072023 -0.184290 -0.035575 0.071788 -0.114253 -0.173911 -0.010495 -0.128182 0.050534 -0.060655 -0.248746 0.101635 0.146377 0.190535 0.097675 0.022366 -0.228864 -0.049582 -0.117047 -0.078763 -0.027568 -0.259147 0.051878 -0.015110
-0.094039 -0.159985 0.513396 0.279060 0.252169 0.007695 1.000000 0.769249 0.408722 0.391533 0.326001 0.241987 0.424717 0.270393 0.241658 0.165857 -0.041467 -0.050399 0.064294 -0.312999 -0.035542 -0.025528 0.176888 -0.073358 -0.101271 -0.176167 -0.039999 -0.220275 0.059841 -0.005845 0.043766 -0.002201 0.117102 0.247709 0.096784 0.057212 -0.356546 -0.408974 0.073431 -0.030027 -0.377624 -0.025485 -0.027432 -0.105330 -0.084755 -0.063607 -0.060780 -0.115248 -0.167049 -0.121403 -0.240949 -0.260416 -0.030475 -0.037094 -0.351092 -0.164616 -0.295936 -0.304227 -0.063051 -0.369496 0.324881 0.379218 -0.208217 -0.291175 0.481932 0.359519 -0.310756 -0.188932 -0.274808 -0.372738 -0.074129 -0.181089 0.071057 -0.106135 -0.048911 -0.018365 -0.035818 -0.191502 -0.151463 -0.278861 -0.317129 -0.203826 -0.280510 0.065350 -0.090066 -0.013807 -0.053283 -0.146230 0.310567 0.049714 0.207967 0.228600 0.434156 0.128741 -0.237283 -0.234421 -0.548281 -0.156511 -0.030328 -0.090537 -0.048882 0.001528 -0.100679 -0.217693 -0.285426 -0.136218 -0.253127 -0.240545 -0.284542 -0.206293 -0.188123 0.089551 0.120531 0.182354 -0.081237 -0.088233
0.065397 -0.043167 0.411866 0.449884 0.183923 -0.030506 0.769249 1.000000 0.399084 0.540052 0.287455 0.375217 0.408269 0.418255 0.249413 0.200680 -0.028131 -0.052554 0.059957 -0.468022 -0.163781 -0.108444 0.033239 -0.059400 -0.149155 -0.174168 -0.129979 -0.295810 0.048044 0.100346 0.129109 0.070567 0.103789 0.256207 -0.090316 0.010994 -0.275475 -0.427871 -0.090510 -0.164937 -0.314520 -0.190705 -0.089167 -0.127894 -0.054460 -0.044329 -0.102603 -0.243332 -0.063066 -0.039739 -0.168915 -0.147037 0.046484 -0.020532 -0.388420 -0.307879 -0.118564 -0.215802 -0.030894 -0.112070 0.332567 0.593668 -0.109099 -0.191307 0.350793 0.469117 -0.200973 -0.092621 -0.127674 -0.443053 -0.087597 -0.179050 0.102398 -0.029930 -0.016652 0.001974 0.058059 -0.091584 -0.107838 -0.208994 -0.334530 -0.309406 -0.299690 0.079848 -0.157703 -0.147410 -0.012105 -0.043598 0.225894 -0.067458 0.092274 0.105382 0.392433 0.082937 -0.253242 -0.248975 -0.516890 -0.175999 -0.104499 -0.087144 0.139726 0.134535 0.082368 -0.232146 -0.357629 -0.299242 -0.104600 -0.283924 -0.315728 -0.210529 -0.309944 -0.055575 0.246928 0.192307 -0.215568 -0.192201
0.171176 0.062016 0.144212 0.235203 0.401575 0.331407 0.408722 0.399084 1.000000 0.674395 -0.034602 0.128617 0.221276 0.105731 0.283343 0.567956 -0.072692 -0.092578 -0.068197 -0.243169 0.017014 -0.058607 0.046523 -0.029212 -0.159218 -0.213763 0.148302 0.056996 -0.173692 -0.189327 -0.437488 -0.465979 -0.048422 -0.168039 -0.179645 -0.053461 -0.060740 -0.078536 0.186419 0.151796 -0.247535 -0.025790 -0.088457 -0.208629 -0.211131 -0.206882 -0.103846 -0.117189 -0.005999 -0.143646 0.010440 -0.048285 0.163548 0.007501 0.065303 0.045686 -0.061075 -0.019960 0.264100 0.034688 0.037958 0.219761 -0.037820 -0.169849 -0.053169 0.126923 -0.083474 -0.106394 0.102756 0.052763 -0.173100 -0.246174 -0.139338 -0.230246 -0.214954 -0.139111 -0.112027 -0.304825 -0.111420 -0.112905 -0.069326 -0.224828 -0.227314 -0.225089 -0.144663 -0.185572 -0.163410 -0.277161 0.231872 0.221013 0.298969 0.093640 0.355295 0.032069 -0.047892 -0.075626 -0.131365 0.010410 0.210682 0.013182 0.222899 -0.082414 -0.035557 0.025038 0.053001 0.111551 0.013879 0.106792 -0.162758 -0.024109 -0.206308 0.040150 0.150215 0.075481 0.017965 0.088797
0.170882 0.054629 0.056105 0.373401 0.225219 0.248086 0.391533 0.540052 0.674395 1.000000 0.060663 0.218709 0.154971 0.243162 0.349450 0.596787 0.001485 -0.048358 0.040700 -0.295552 -0.124760 -0.268659 0.114630 0.087731 -0.261560 -0.353115 -0.004609 -0.051001 -0.090229 -0.012144 -0.311931 -0.324100 -0.057405 -0.053960 -0.163827 -0.072791 -0.062753 -0.123132 0.072054 0.048846 -0.227529 -0.088155 -0.114300 -0.245350 -0.248931 -0.244596 -0.123942 -0.176106 -0.118306 -0.200059 0.024625 -0.155804 0.146712 0.004641 -0.027680 0.002500 0.023948 -0.046625 0.129030 -0.002768 0.065288 0.359240 -0.002101 -0.174043 0.126939 0.170209 -0.136872 -0.125792 0.208888 -0.104618 -0.277720 -0.382263 -0.050060 -0.073330 0.018234 -0.136892 0.012791 -0.188127 -0.102776 -0.062326 -0.063343 -0.224108 -0.099661 -0.027787 0.010103 -0.162855 0.051680 -0.001230 0.270939 0.176336 0.255027 0.205441 0.468583 0.009396 -0.003726 -0.044594 -0.174787 0.056821 0.218140 0.097620 0.165276 0.026405 -0.042961 -0.073304 -0.182344 -0.096599 -0.045537 -0.044393 -0.157652 -0.061504 -0.192253 0.032264 0.186320 0.178647 -0.079224 -0.013458
0.325116 0.319498 -0.116388 -0.223042 -0.144940 -0.263885 0.326001 0.287455 -0.034602 0.060663 1.000000 0.658983 0.689073 0.598738 0.214230 0.140757 0.443907 0.235832 0.419746 0.083717 -0.341916 -0.362587 -0.293833 -0.320520 -0.397717 -0.497477 -0.296060 -0.411311 0.648745 0.374138 0.037760 0.051833 0.009494 0.023758 -0.303255 -0.276549 0.111602 -0.247962 -0.180950 -0.250232 -0.061986 0.062769 -0.092913 -0.171832 -0.158284 -0.294181 0.011549 -0.175774 -0.182076 0.023903 -0.306639 -0.058320 0.192124 0.187751 -0.214562 -0.248285 0.022526 -0.007005 0.119209 -0.146082 0.375364 0.338216 0.263779 0.190356 0.152864 -0.064789 -0.477866 -0.578996 -0.036531 -0.421312 0.011248 -0.143270 0.489074 0.178458 0.392062 0.196175 0.304512 -0.040275 0.198466 -0.063253 0.203938 0.173639 0.026010 0.357500 -0.111444 0.125435 0.107716 -0.031413 -0.104684 -0.112077 0.049564 0.064851 -0.092883 -0.104800 -0.162362 -0.210088 -0.284548 -0.044709 0.102505 0.105132 -0.018171 0.051482 0.002679 -0.435353 -0.390284 -0.400508 -0.193471 -0.212946 0.007758 -0.145610 -0.365489 0.038738 -0.025989 -0.091064 -0.262855 -0.255504
0.346657 0.370790 -0.339857 -0.166285 -0.219899 -0.229776 0.241987 0.375217 0.128617 0.218709 0.658983 1.000000 0.682231 0.862323 0.342468 0.411825 0.392461 0.365074 0.078301 -0.121451 -0.470345 -0.383080 -0.293539 -0.173628 -0.598705 -0.501906 -0.333184 -0.293733 0.572253 0.433204 -0.145935 -0.119147 -0.079230 -0.003881 -0.207939 -0.156039 0.056991 -0.140619 -0.068919 -0.167538 0.074414 0.002931 -0.144842 -0.180729 -0.271402 -0.356719 -0.033852 -0.201556 -0.230690 -0.125599 -0.293565 -0.118373 0.190128 0.123341 -0.222728 -0.182410 0.168996 0.098225 0.022737 -0.156764 0.145807 0.418213 0.129152 0.076458 0.020478 0.058292 -0.524507 -0.512523 0.241860 -0.322019 -0.217524 -0.333119 0.488750 0.084133 0.258881 0.035838 0.199518 -0.047562 0.329236 0.083961 0.324017 0.258566 -0.072051 0.331662 -0.142793 0.092524 0.220859 0.053676 -0.010507 -0.063593 0.072382 -0.087859 -0.026636 -0.129494 -0.032097 -0.226389 -0.249755 -0.009624 0.140032 0.108778 -0.060570 0.044639 -0.039559 -0.294513 -0.319975 -0.279502 -0.257312 -0.174554 -0.116967 -0.063160 -0.309091 0.040860 0.114123 0.110325 -0.123524 -0.187402
0.272224 0.290501 -0.062502 -0.105610 -0.032296 -0.147231 0.424717 0.408269 0.221276 0.154971 0.689073 0.682231 1.000000 0.724511 0.396279 0.365759 0.241820 0.180498 0.184288 -0.136491 -0.344975 -0.318487 -0.187472 -0.209517 -0.427018 -0.427129 -0.188699 -0.257573 0.498740 0.217406 -0.161590 -0.186285 -0.085117 -0.073328 -0.209210 -0.114042 -0.017640 -0.231679 0.005071 -0.131267 -0.134822 -0.030554 -0.111388 -0.195822 -0.271796 -0.325765 -0.078891 -0.136718 -0.213909 -0.110693 -0.317806 -0.175937 0.148877 0.023891 -0.125015 -0.147122 -0.026809 0.014990 0.073958 -0.176812 0.241780 0.352202 0.112932 0.015750 0.088166 -0.038658 -0.466960 -0.525198 0.094366 -0.344786 -0.181143 -0.203465 0.340573 -0.000017 0.106013 0.015427 0.092704 -0.084852 0.154378 -0.079066 0.109201 0.097687 -0.060156 0.258965 -0.176001 0.099654 0.192978 0.029667 0.108539 0.136488 0.160369 0.115177 0.077150 -0.005551 -0.043250 -0.183394 -0.290187 -0.081716 0.143882 0.038088 -0.012632 -0.009078 -0.072246 -0.220106 -0.215048 -0.169416 -0.214760 -0.139082 -0.110509 0.001362 -0.281218 0.175999 0.034040 0.074553 -0.140574 -0.187539
0.378480 0.344502 -0.293911 -0.087130 -0.205758 -0.264954 0.270393 0.418255 0.105731 0.243162 0.598738 0.862323 0.724511 1.000000 0.383954 0.459318 0.385100 0.326898 0.112510 -0.127570 -0.430467 -0.378036 -0.245565 -0.160877 -0.547101 -0.498427 -0.328574 -0.303161 0.555857 0.434841 -0.121960 -0.125109 -0.153539 -0.118325 -0.227203 -0.147570 0.012703 -0.101187 -0.005796 -0.088208 0.075812 0.046130 -0.173604 -0.220699 -0.308514 -0.365929 -0.118080 -0.218441 -0.266561 -0.194008 -0.295834 -0.190068 0.147915 0.051928 -0.181613 -0.157428 0.173753 0.077547 -0.050707 -0.224599 0.196689 0.348969 0.166969 0.078864 0.045900 0.031388 -0.576598 -0.504339 0.227102 -0.367312 -0.186981 -0.257461 0.459303 0.149174 0.209404 0.042923 0.227825 0.022455 0.321367 0.059342 0.293494 0.221237 -0.008372 0.398422 -0.105024 0.118900 0.267464 0.111032 0.073696 0.049669 0.092730 -0.017911 0.059947 -0.036789 -0.007267 -0.223250 -0.270428 0.072566 0.150319 0.183635 0.019746 0.015033 -0.018807 -0.270178 -0.318845 -0.284606 -0.246332 -0.182403 -0.114084 -0.129364 -0.300623 0.133072 0.149375 0.174556 -0.128947 -0.188170
0.060735 -0.035668 -0.100288 0.112006 -0.158178 0.010095 0.241658 0.249413 0.283343 0.349450 0.214230 0.342468 0.396279 0.383954 1.000000 0.591816 -0.084050 -0.105244 -0.037477 -0.300868 -0.310063 -0.273890 0.355606 0.300273 -0.368798 -0.331553 -0.038607 0.170383 0.137210 -0.109240 -0.250428 -0.341163 -0.301110 -0.302035 0.046460 0.135353 -0.056715 -0.028422 0.262189 0.096702 0.078927 -0.147852 -0.301633 -0.305959 -0.378963 -0.397550 -0.225225 -0.096496 -0.222381 -0.342496 -0.042758 -0.273273 -0.004783 -0.134986 0.210537 -0.057060 -0.017471 -0.027877 0.050889 -0.141470 -0.129664 0.127250 -0.144014 -0.285607 0.234864 0.119266 -0.216954 -0.162563 0.216614 -0.076311 -0.322810 -0.255107 -0.012192 -0.213959 0.057593 -0.224666 -0.057088 -0.088683 -0.206148 -0.150979 -0.046437 -0.223670 0.261659 0.168942 0.278059 0.079047 0.213612 0.332883 0.491538 0.282659 0.098599 0.225123 0.362232 0.251965 0.177154 -0.031492 -0.081326 0.136158 -0.103179 0.074312 -0.058708 -0.118619 -0.230555 0.041019 -0.049988 0.053565 -0.162301 0.021376 -0.079877 -0.004448 0.046634 0.084541 -0.091697 0.200504 -0.023177 -0.072189
0.203567 0.044265 -0.151155 0.219291 0.034911 0.220900 0.165857 0.200680 0.567956 0.596787 0.140757 0.411825 0.365759 0.459318 0.591816 1.000000 -0.042014 -0.100399 -0.108875 -0.225318 -0.216409 -0.173691 0.220183 0.289763 -0.445418 -0.331745 0.019296 0.232705 0.058957 -0.105471 -0.572952 -0.576657 -0.256566 -0.342450 -0.147050 -0.043185 -0.038277 0.152378 0.442920 0.349650 -0.027709 0.084990 -0.275509 -0.420205 -0.543108 -0.526510 -0.260559 -0.103242 -0.325377 -0.492759 -0.057979 -0.328404 0.175899 -0.016888 0.327819 0.095410 -0.009846 -0.026033 0.241426 -0.082561 -0.088268 0.132959 -0.074396 -0.306957 0.019339 0.023445 -0.275321 -0.285047 0.275984 0.034224 -0.411346 -0.352813 -0.049144 -0.189691 -0.009395 -0.202564 -0.118359 -0.196014 -0.098988 -0.107023 0.165480 -0.136546 0.075990 0.168524 0.128921 0.042268 0.232896 0.078015 0.436448 0.441479 0.335645 0.190416 0.400467 0.058862 0.182761 -0.053785 -0.066701 0.192317 0.130900 0.078120 -0.023996 -0.138281 -0.368833 0.095047 0.045860 0.192934 -0.155284 0.158651 -0.143202 0.039518 -0.077199 0.052191 0.024122 0.207912 0.165132 0.154169
0.483310 0.584776 -0.452556 -0.341265 -0.156690 -0.153465 -0.041467 -0.028131 -0.072692 0.001485 0.443907 0.392461 0.241820 0.385100 -0.084050 -0.042014 1.000000 0.777857 0.342302 0.323041 -0.116864 -0.248772 -0.518320 -0.482900 -0.298035 -0.406637 -0.152628 -0.368278 0.523868 0.501155 -0.120790 -0.079159 0.279221 0.037830 -0.405733 -0.470285 0.043374 -0.149192 -0.355660 -0.282477 -0.045923 -0.038477 0.082268 0.056490 0.060447 -0.063691 0.139630 -0.208786 -0.112384 0.200840 -0.231223 0.043805 0.063394 0.058702 -0.357202 0.019735 0.438933 0.470123 -0.067195 -0.161658 0.143223 0.144228 0.593452 0.598480 -0.151042 -0.305479 -0.440474 -0.497536 0.246108 -0.159435 0.081908 -0.040326 0.503162 0.434579 0.440986 0.241186 0.429273 -0.082448 0.751630 0.492674 0.635803 0.575155 -0.038730 -0.122829 -0.142218 -0.103070 0.199217 -0.119733 -0.270841 -0.296698 -0.187362 -0.257198 -0.303703 -0.321880 -0.258996 -0.286165 -0.031675 -0.086050 0.368503 0.252615 0.154364 -0.054228 0.122838 -0.423645 -0.295609 -0.368631 -0.110888 -0.324853 -0.091988 -0.216135 -0.386905 0.154498 -0.014842 -0.114722 -0.350453 -0.265431
0.258936 0.440208 -0.440358 -0.264620 -0.274008 -0.280323 -0.050399 -0.052554 -0.092578 -0.048358 0.235832 0.365074 0.180498 0.326898 -0.105244 -0.100399 0.777857 1.000000 0.122498 0.210131 -0.215576 -0.194492 -0.427191 -0.370760 -0.360838 -0.345232 -0.284737 -0.389252 0.546853 0.657375 -0.028255 0.019932 0.227770 0.080983 -0.184174 -0.373883 -0.079705 -0.073686 -0.199314 -0.162062 0.029791 -0.015427 0.039587 0.104032 0.041245 0.000285 0.088659 -0.277112 -0.275305 0.110261 -0.257129 -0.079254 -0.002222 -0.046140 -0.374958 0.072778 0.438421 0.504750 -0.174314 -0.214606 0.082923 0.138651 0.478942 0.623149 -0.050182 -0.265346 -0.428198 -0.450135 0.166984 -0.136425 -0.031087 -0.121553 0.582212 0.426231 0.323643 0.172359 0.387469 -0.021972 0.737590 0.733837 0.579713 0.670629 -0.033828 -0.039558 -0.113388 -0.107320 0.177678 -0.101339 -0.201220 -0.223729 -0.235598 -0.312195 -0.232798 -0.345267 -0.221794 -0.280826 -0.093336 -0.034590 0.361427 0.249680 0.005119 -0.018933 0.037761 -0.451807 -0.397388 -0.358461 -0.251514 -0.393257 -0.147977 -0.155201 -0.323491 0.230383 0.012895 0.008615 -0.301438 -0.213727
0.394400 0.308491 0.113723 0.027961 -0.026384 -0.214012 0.064294 0.059957 -0.068197 0.040700 0.419746 0.078301 0.184288 0.112510 -0.037477 -0.108875 0.342302 0.122498 1.000000 0.471746 -0.120593 -0.397656 -0.262883 -0.254121 -0.165725 -0.382364 -0.147252 -0.386311 0.476289 0.276120 0.104595 0.096489 0.217646 -0.050163 -0.380615 -0.447130 0.110781 -0.198356 -0.292654 -0.267658 -0.013301 0.031188 0.131835 0.045279 0.012649 -0.089694 0.128823 -0.026338 -0.059570 0.187450 -0.181472 0.165769 0.153580 0.139987 -0.170151 -0.120434 0.003574 -0.040494 0.127615 -0.103523 0.263469 -0.004769 0.453289 0.167474 0.007397 -0.399162 -0.147946 -0.472706 0.003893 -0.209034 0.130400 -0.092572 0.380488 0.355877 0.438308 0.193105 0.395606 0.023890 0.036058 -0.038699 0.086616 0.002121 0.113284 0.161909 -0.242639 -0.095305 -0.142110 -0.060351 -0.185995 -0.188850 0.011967 0.215741 -0.098223 -0.078749 -0.137554 -0.115161 -0.158034 -0.095544 0.214227 0.172847 0.072773 0.124227 0.091006 -0.233268 -0.295016 -0.308319 -0.118306 -0.221239 0.000629 -0.092720 -0.244592 0.211466 0.093972 -0.102024 -0.441400 -0.311423
0.294641 0.356097 -0.329475 -0.465194 -0.007535 -0.081529 -0.312999 -0.468022 -0.243169 -0.295552 0.083717 -0.121451 -0.136491 -0.127570 -0.300868 -0.225318 0.323041 0.210131 0.471746 1.000000 0.119567 -0.234416 -0.435528 -0.345447 -0.054820 -0.141747 0.053058 -0.132920 0.181744 0.207604 -0.125416 -0.036298 0.112915 -0.078906 -0.243056 -0.377239 0.110397 0.069898 -0.121207 0.056595 0.196843 0.328592 0.348864 0.169141 0.061722 -0.036248 0.397270 0.274858 0.012032 0.183675 -0.213416 0.235240 0.280420 0.383230 -0.001241 0.218510 -0.006913 0.100547 0.057415 -0.076300 -0.031047 -0.267530 0.155215 0.216913 -0.377160 -0.567972 -0.186974 -0.320444 0.192952 0.452109 0.150034 0.034005 0.206596 0.221152 0.244096 0.053825 0.131126 -0.054867 0.185241 0.020920 0.248839 0.259213 0.110981 0.132692 -0.298137 -0.110870 -0.125460 -0.113808 -0.311602 -0.126501 0.163928 -0.067774 -0.370830 -0.222584 0.249174 0.117798 0.247478 0.168270 0.416734 0.085539 -0.073159 0.000318 -0.020201 0.007373 0.195617 0.123633 0.018661 0.086393 0.181996 0.020938 0.104939 0.287818 -0.056732 -0.305619 -0.114222 0.029289
-0.071911 -0.102814 0.247103 0.019964 0.483757 0.472383 -0.035542 -0.163781 0.017014 -0.124760 -0.341916 -0.470345 -0.344975 -0.430467 -0.310063 -0.216409 -0.116864 -0.215576 -0.120593 0.119567 1.000000 0.578381 0.095122 0.088235 0.570804 0.387374 0.610008 0.444294 -0.419491 -0.315113 -0.047708 -0.005145 0.122526 0.058415 0.049860 0.000539 -0.091068 0.064644 0.125920 0.195517 -0.112545 0.121491 0.141099 0.043166 0.214681 0.255594 0.039893 -0.118809 0.252139 0.088897 0.307476 0.089797 0.121024 -0.065462 0.037576 0.088460 -0.141980 -0.095149 0.074516 0.068959 -0.072946 -0.214095 -0.077187 -0.048742 -0.072925 0.039071 0.177364 0.200805 -0.147900 0.054440 0.467577 0.464160 -0.350851 0.040770 -0.213848 0.283825 -0.108763 -0.033647 -0.153781 -0.209017 -0.132580 -0.071650 -0.119338 -0.370207 -0.005003 0.033548 -0.176689 -0.266858 0.041515 0.041938 0.011022 -0.145312 -0.086559 -0.156017 -0.128942 -0.115356 0.048235 -0.168410 0.026382 -0.104324 0.109192 -0.077678 -0.052825 0.049986 0.155322 0.078836 0.120779 -0.028722 -0.282109 -0.160130 -0.020070 -0.072974 -0.094887 -0.137129 -0.021860 -0.099000
-0.268074 -0.320455 0.331206 0.233641 0.311039 0.336264 -0.025528 -0.108444 -0.058607 -0.268659 -0.362587 -0.383080 -0.318487 -0.378036 -0.273890 -0.173691 -0.248772 -0.194492 -0.397656 -0.234416 0.578381 1.000000 0.363552 0.283779 0.607130 0.644730 0.413884 0.430217 -0.337260 -0.280350 0.193620 0.255206 0.010123 0.143179 0.211172 0.107438 -0.187133 0.135219 0.224795 0.253284 -0.225965 0.073489 -0.059856 0.007640 0.152259 0.269984 -0.155293 -0.207001 0.097812 -0.098301 0.287829 -0.049214 -0.061461 -0.194456 0.061995 0.054087 -0.063562 -0.121895 -0.105394 -0.035181 -0.195223 -0.231344 -0.172274 -0.120921 0.087349 0.223318 0.209195 0.278334 -0.204139 -0.109247 0.414952 0.512781 -0.341123 0.006980 -0.218663 0.302934 -0.132776 0.081825 -0.161463 -0.118772 -0.224465 -0.104693 -0.154235 -0.265248 0.087195 0.068258 -0.061239 -0.152975 0.176795 0.087252 -0.189863 -0.145080 0.020584 -0.047689 -0.230286 -0.191199 -0.048142 -0.092523 -0.233445 -0.099497 0.026152 -0.135801 -0.020106 0.020466 0.023796 0.020246 -0.008755 -0.038329 -0.333692 -0.094573 0.026376 -0.191510 -0.010642 0.062987 0.150936 -0.053307
-0.507415 -0.593385 0.387399 0.452344 -0.111568 0.030328 0.176888 0.033239 0.046523 0.114630 -0.293833 -0.293539 -0.187472 -0.245565 0.355606 0.220183 -0.518320 -0.427191 -0.262883 -0.435528 0.095122 0.363552 1.000000 0.728831 0.273578 0.359487 0.014232 0.354999 -0.289132 -0.439226 0.237035 0.154996 -0.169342 0.017526 0.383762 0.330488 -0.168796 0.058147 0.331543 0.265054 -0.111981 -0.141970 -0.316706 -0.191439 -0.180778 -0.098561 -0.317245 -0.026858 -0.092023 -0.399142 0.284309 -0.240675 -0.195193 -0.238400 0.270155 -0.063725 -0.356045 -0.411936 -0.093911 -0.164652 -0.282889 -0.177329 -0.434605 -0.497003 0.492166 0.309485 0.100255 0.261983 -0.240438 -0.045101 -0.034917 0.144030 -0.396070 -0.248966 -0.156416 -0.023106 -0.207946 0.032977 -0.510807 -0.258378 -0.343505 -0.445777 0.158822 0.050018 0.459569 0.028312 -0.053000 0.131742 0.427662 0.205259 0.059825 0.333278 0.494431 0.359520 0.072300 -0.071888 -0.054578 0.024039 -0.395365 -0.160239 -0.046261 -0.288640 -0.128345 0.269030 0.149890 0.227651 -0.082094 0.116152 -0.119108 0.030905 0.223874 -0.285707 -0.187483 0.290034 0.259451 0.084877
-0.383015 -0.511801 0.147621 0.447823 -0.138622 0.088920 -0.073358 -0.059400 -0.029212 0.087731 -0.320520 -0.173628 -0.209517 -0.160877 0.300273 0.289763 -0.482900 -0.370760 -0.254121 -0.345447 0.088235 0.283779 0.728831 1.000000 0.173830 0.258535 0.013428 0.420984 -0.286536 -0.354328 0.046086 0.014236 -0.151575 -0.083442 0.353332 0.233567 -0.155005 0.268570 0.381596 0.257089 0.053940 -0.116684 -0.326687 -0.197287 -0.243761 -0.106751 -0.351709 -0.096789 -0.197157 -0.474326 0.243225 -0.288162 -0.173357 -0.332582 0.310902 -0.048334 -0.234055 -0.317249 -0.024074 -0.061750 -0.340959 -0.290870 -0.345429 -0.470621 0.265096 0.310826 0.209940 0.315668 -0.088392 -0.000961 -0.096837 0.060090 -0.365457 -0.206970 -0.117413 -0.028191 -0.150820 0.161098 -0.455187 -0.251805 -0.248913 -0.385065 0.219055 0.108839 0.396784 0.181177 0.072786 0.250966 0.384644 0.264104 0.095264 0.264895 0.487399 0.192924 0.149439 -0.028775 -0.073529 0.169288 -0.355521 -0.065451 -0.107627 -0.216731 -0.201994 0.277008 0.162910 0.248619 -0.100397 0.123758 -0.126371 -0.008649 0.222208 -0.241521 -0.121255 0.405408 0.263089 0.094615
-0.246450 -0.253058 0.359259 0.080802 0.452482 0.268051 -0.101271 -0.149155 -0.159218 -0.261560 -0.397717 -0.598705 -0.427018 -0.547101 -0.368798 -0.445418 -0.298035 -0.360838 -0.165725 -0.054820 0.570804 0.607130 0.273578 0.173830 1.000000 0.790863 0.454022 0.306979 -0.541360 -0.404260 0.441259 0.402910 0.105051 0.189956 0.134681 0.188655 -0.188420 -0.053160 -0.196968 -0.126535 -0.224864 -0.131676 0.164855 0.266888 0.479631 0.499504 0.131721 0.110445 0.502047 0.296846 0.397686 0.284732 -0.128052 -0.067981 -0.088633 -0.012768 -0.205716 -0.172247 -0.019634 0.158005 -0.154377 -0.237631 -0.277186 -0.044506 -0.033134 0.174325 0.408216 0.489678 -0.219308 0.025286 0.542259 0.646859 -0.467293 0.003520 -0.233718 0.323220 -0.101224 0.070165 -0.130228 -0.225586 -0.387064 -0.203982 -0.181408 -0.362709 -0.053846 -0.099280 -0.239777 -0.127377 -0.062428 -0.164166 -0.121069 -0.068595 -0.121731 0.039535 -0.150180 0.008913 0.157273 -0.156960 -0.204821 -0.259116 0.247631 -0.068740 0.134914 0.021034 0.175018 -0.007196 0.308630 -0.039696 -0.028604 -0.056951 0.089589 -0.266215 -0.021648 -0.192546 0.051619 -0.151175
-0.406136 -0.376045 0.302332 0.124944 0.246924 0.126202 -0.176167 -0.174168 -0.213763 -0.353115 -0.497477 -0.501906 -0.427129 -0.498427 -0.331553 -0.331745 -0.406637 -0.345232 -0.382364 -0.141747 0.387374 0.644730 0.359487 0.258535 0.790863 1.000000 0.344102 0.393513 -0.456528 -0.293803 0.474195 0.491779 0.069696 0.307805 0.274188 0.342008 -0.101102 0.052914 -0.088520 -0.025577 -0.047280 -0.053911 0.100622 0.248631 0.363769 0.403664 0.103183 0.176596 0.390520 0.157790 0.261405 0.230543 -0.136886 -0.068988 -0.099545 -0.071099 -0.266923 -0.208048 -0.135926 0.191421 -0.321486 -0.269604 -0.410809 -0.183888 -0.092029 0.160009 0.401806 0.554586 -0.263485 0.077433 0.357034 0.537827 -0.342686 0.003599 -0.195562 0.174277 -0.155613 0.163271 -0.146748 -0.163542 -0.396517 -0.199550 -0.241405 -0.251287 -0.057796 -0.151925 -0.229139 -0.160322 -0.082742 -0.203723 -0.139659 -0.145718 -0.121124 0.103129 0.002845 0.071245 0.218776 -0.109425 -0.341853 -0.306774 0.147165 -0.131311 0.085082 0.156458 0.273621 0.139109 0.267086 0.074573 -0.019714 0.121516 0.236698 -0.337259 -0.021272 -0.090680 0.178115 -0.010915
0.091908 -0.018704 0.194912 0.013719 0.702947 0.762151 -0.039999 -0.129979 0.148302 -0.004609 -0.296060 -0.333184 -0.188699 -0.328574 -0.038607 0.019296 -0.152628 -0.284737 -0.147252 0.053058 0.610008 0.413884 0.014232 0.013428 0.454022 0.344102 1.000000 0.687746 -0.419793 -0.454310 -0.304186 -0.282855 -0.006368 -0.060688 0.084939 0.143046 -0.245481 -0.126288 0.100317 0.079585 -0.207381 0.038604 0.209473 0.067355 0.218072 0.232715 0.177074 0.014648 0.355391 0.163864 0.224826 0.165815 0.108750 -0.001960 0.120632 0.256590 -0.085515 0.011645 0.120945 0.186423 -0.137024 -0.156780 -0.091181 -0.077505 -0.187361 -0.029994 0.263462 0.232347 0.082720 0.140631 0.206201 0.198469 -0.436588 -0.169900 -0.300189 -0.043488 -0.308139 -0.216968 -0.083338 -0.261600 -0.160535 -0.149027 -0.220672 -0.415152 -0.137889 -0.096027 0.031694 -0.163629 0.293397 0.170541 -0.035190 -0.136407 -0.222775 -0.104890 -0.041302 0.081543 0.021176 -0.271495 0.031355 -0.181116 0.033719 -0.004681 -0.138972 0.078195 0.228415 0.171603 0.161241 -0.002419 -0.215971 0.016123 -0.027970 -0.017991 0.016106 -0.355400 -0.025133 -0.114391
-0.179216 -0.262855 0.033305 0.113343 0.363689 0.666853 -0.220275 -0.295810 0.056996 -0.051001 -0.411311 -0.293733 -0.257573 -0.303161 0.170383 0.232705 -0.368278 -0.389252 -0.386311 -0.132920 0.444294 0.430217 0.354999 0.420984 0.306979 0.393513 0.687746 1.000000 -0.450660 -0.556399 -0.330931 -0.309077 -0.260093 -0.235261 0.233777 0.266733 -0.112985 0.199329 0.378289 0.348429 0.073497 -0.044119 -0.081097 -0.142636 -0.066679 0.028622 -0.086705 0.017075 0.095595 -0.204310 0.323432 -0.054339 0.043516 -0.114040 0.368489 0.242909 -0.142331 -0.082565 0.043557 0.114193 -0.382400 -0.290784 -0.237098 -0.324963 -0.010789 0.154928 0.232786 0.303313 0.065615 0.201621 -0.056524 0.133340 -0.550372 -0.338597 -0.373247 -0.186174 -0.426394 -0.058067 -0.269114 -0.282144 -0.111796 -0.180409 0.006704 -0.222957 0.276538 0.172691 0.188138 0.118008 0.407804 0.322591 0.055575 -0.028769 0.022994 0.041553 0.118703 0.135519 0.112276 -0.073958 -0.145044 -0.185537 -0.081653 -0.145996 -0.225213 0.300995 0.353085 0.380618 0.064383 0.172317 -0.105542 0.163683 0.131524 -0.129246 -0.090537 -0.098864 0.282354 0.087736
0.268624 0.301355 -0.290867 -0.201670 -0.347313 -0.441502 0.059841 0.048044 -0.173692 -0.090229 0.648745 0.572253 0.498740 0.555857 0.137210 0.058957 0.523868 0.546853 0.476289 0.181744 -0.419491 -0.337260 -0.289132 -0.286536 -0.541360 -0.456528 -0.419793 -0.450660 1.000000 0.726033 0.085998 0.164018 0.017985 0.026582 -0.147992 -0.317453 0.198469 -0.127883 -0.175751 -0.216937 0.181187 0.050213 -0.083493 -0.067472 -0.146082 -0.239429 0.049251 -0.219170 -0.332839 0.018207 -0.382619 -0.042156 0.092530 0.060786 -0.245713 -0.167126 0.079916 0.040613 -0.132160 -0.250531 0.248136 0.141331 0.460395 0.287958 0.091155 -0.348769 -0.565810 -0.673420 -0.043126 -0.443415 0.027611 -0.153193 0.848222 0.495212 0.596483 0.200546 0.500823 0.214112 0.388068 0.276587 0.423110 0.412944 0.130639 0.446839 -0.071544 0.016425 0.083863 -0.021080 -0.189531 -0.190885 -0.139329 -0.047885 -0.221475 -0.217818 -0.095509 -0.219942 -0.217100 -0.103402 0.170848 0.249242 -0.162599 -0.014725 -0.043490 -0.393225 -0.454802 -0.390001 -0.375614 -0.309502 -0.051547 -0.038863 -0.323860 0.164766 0.023471 0.023520 -0.308725 -0.284630
0.256766 0.334488 -0.317491 -0.210336 -0.272885 -0.456636 -0.005845 0.100346 -0.189327 -0.012144 0.374138 0.433204 0.217406 0.434841 -0.109240 -0.105471 0.501155 0.657375 0.276120 0.207604 -0.315113 -0.280350 -0.439226 -0.354328 -0.404260 -0.293803 -0.454310 -0.556399 0.726033 1.000000 0.247039 0.350360 0.223770 0.257002 -0.097677 -0.256840 0.211005 -0.057325 -0.307257 -0.300181 0.204506 0.156785 0.106307 0.177099 0.125083 0.030400 0.206408 -0.130790 -0.168003 0.234475 -0.375926 0.081048 0.065235 0.093706 -0.491328 -0.172369 0.206395 0.127802 -0.189901 -0.094023 0.227152 0.210306 0.364163 0.406768 -0.090142 -0.302789 -0.381208 -0.418289 -0.053116 -0.404611 0.070415 -0.161499 0.861447 0.687275 0.639428 0.325151 0.621370 0.324089 0.459409 0.428112 0.282749 0.425920 0.029266 0.336604 -0.282452 -0.150154 0.036227 -0.141844 -0.420550 -0.411700 -0.245805 -0.242088 -0.270858 -0.290884 -0.152957 -0.243460 -0.138800 -0.031180 0.236544 0.268357 -0.023032 -0.027240 0.065277 -0.504632 -0.507355 -0.499621 -0.270175 -0.396382 -0.117438 -0.160877 -0.242111 0.183619 0.089923 0.019576 -0.360566 -0.259834
-0.307678 -0.248030 0.304875 0.124038 -0.222905 -0.464864 0.043766 0.129109 -0.437488 -0.311931 0.037760 -0.145935 -0.161590 -0.121960 -0.250428 -0.572952 -0.120790 -0.028255 0.104595 -0.125416 -0.047708 0.193620 0.237035 0.046086 0.441259 0.474195 -0.304186 -0.330931 0.085998 0.247039 1.000000 0.944441 0.235444 0.522879 0.181627 0.141888 -0.022468 -0.161646 -0.412754 -0.404482 0.022703 -0.055295 0.010702 0.260875 0.385232 0.351744 0.068199 0.020717 0.201791 0.289105 0.021345 0.211584 -0.193227 -0.027056 -0.426357 -0.374231 -0.190455 -0.273938 -0.268187 -0.005358 0.045736 0.027343 -0.149247 0.061901 0.212124 0.158274 0.105801 0.234528 -0.451160 -0.364316 0.415595 0.412904 0.190996 0.336775 0.248221 0.385721 0.304193 0.384300 -0.042941 -0.010229 -0.376127 -0.135976 -0.007479 0.143233 -0.093531 -0.144533 -0.260993 -0.052324 -0.332594 -0.550567 -0.302500 -0.059614 -0.097661 0.123313 -0.203778 -0.165541 -0.048340 -0.105909 -0.336303 -0.110053 0.168299 -0.064052 0.348221 -0.207640 -0.189466 -0.325958 0.048161 -0.239689 0.058113 -0.149744 0.019499 -0.271572 0.003259 0.028412 -0.119143 -0.253681
-0.318264 -0.260643 0.233045 0.106619 -0.169273 -0.422776 -0.002201 0.070567 -0.465979 -0.324100 0.051833 -0.119147 -0.186285 -0.125109 -0.341163 -0.576657 -0.079159 0.019932 0.096489 -0.036298 -0.005145 0.255206 0.154996 0.014236 0.402910 0.491779 -0.282855 -0.309077 0.164018 0.350360 0.944441 1.000000 0.207893 0.557120 0.190019 0.102065 0.026651 -0.106818 -0.423360 -0.376517 0.058128 0.039726 0.067874 0.315237 0.421386 0.399263 0.130300 0.051525 0.187260 0.304144 -0.008552 0.240997 -0.162989 0.031845 -0.462418 -0.324283 -0.210771 -0.303275 -0.351538 -0.050175 0.005538 -0.023691 -0.142045 0.032352 0.175219 0.133308 0.039735 0.193122 -0.430731 -0.385491 0.414561 0.401545 0.275280 0.428142 0.320837 0.412961 0.359805 0.480589 0.008832 0.017231 -0.318106 -0.062313 -0.009946 0.218783 -0.136236 -0.094374 -0.277553 -0.105658 -0.370715 -0.577335 -0.329099 -0.101537 -0.165793 0.024259 -0.184703 -0.153915 -0.024610 -0.073657 -0.269110 -0.040323 0.116178 -0.074296 0.321745 -0.237366 -0.232231 -0.350839 -0.011352 -0.252932 0.042833 -0.129274 0.046724 -0.227062 0.058658 0.039342 -0.108060 -0.266580
0.201581 0.252734 0.176099 -0.054327 0.044927 -0.089929 0.117102 0.103789 -0.048422 -0.057405 0.009494 -0.079230 -0.085117 -0.153539 -0.301110 -0.256566 0.279221 0.227770 0.217646 0.112915 0.122526 0.010123 -0.169342 -0.151575 0.105051 0.069696 -0.006368 -0.260093 0.017985 0.223770 0.235444 0.207893 1.000000 0.693654 -0.024285 -0.178193 -0.162747 -0.265676 -0.249647 -0.327030 -0.072116 -0.049972 0.077234 0.130291 0.270450 0.218905 0.058826 -0.155818 0.076564 0.298565 -0.145077 0.074401 -0.065263 -0.198146 -0.411244 -0.174188 0.184477 0.200979 0.093282 0.039691 0.390134 0.241667 0.319419 0.248268 0.014834 -0.138480 0.121816 -0.013780 -0.154497 -0.139388 0.076828 0.011951 0.180685 0.268323 0.243075 0.241423 0.193567 -0.022866 0.206731 0.088671 -0.001995 0.115858 -0.136571 -0.381359 -0.242620 -0.305229 -0.176958 -0.366498 -0.330275 -0.449035 -0.350421 -0.352375 -0.263394 -0.331340 -0.348714 -0.289733 -0.263903 -0.302415 -0.095808 -0.099775 0.133898 -0.079122 0.051879 -0.319076 -0.184620 -0.243426 -0.044426 -0.267049 -0.258138 -0.178359 -0.276507 -0.134076 0.003686 -0.186858 -0.321748 -0.214907
-0.190471 -0.042411 0.214785 0.032212 -0.010487 -0.159089 0.247709 0.256207 -0.168039 -0.053960 0.023758 -0.003881 -0.073328 -0.118325 -0.302035 -0.342450 0.037830 0.080983 -0.050163 -0.078906 0.058415 0.143179 0.017526 -0.083442 0.189956 0.307805 -0.060688 -0.235261 0.026582 0.257002 0.522879 0.557120 0.693654 1.000000 0.225497 0.195072 -0.133411 -0.321827 -0.293343 -0.338585 -0.021959 0.011891 -0.001976 0.130163 0.296610 0.248989 0.056874 -0.049029 0.080688 0.256481 -0.264372 0.020832 -0.180858 -0.113861 -0.569498 -0.363457 -0.147702 -0.104557 -0.138629 0.041363 0.274874 0.348737 -0.030659 0.082061 0.186165 0.116198 0.062217 0.176285 -0.320046 -0.250692 0.100572 0.044352 0.215183 0.176827 0.206865 0.134714 0.156477 0.190416 0.099661 -0.005135 -0.220038 0.010058 -0.226396 -0.104866 -0.199632 -0.300539 -0.182129 -0.302826 -0.255743 -0.513904 -0.262860 -0.237691 -0.146754 -0.129495 -0.272409 -0.219827 -0.247894 -0.276275 -0.254126 -0.199891 0.025811 -0.100929 0.123230 -0.256659 -0.189015 -0.226053 -0.025219 -0.226023 -0.225894 -0.142823 -0.059406 -0.274493 0.040499 -0.104823 -0.089940 -0.146607
-0.572618 -0.528618 0.224503 0.056595 -0.049863 0.057032 0.096784 -0.090316 -0.179645 -0.163827 -0.303255 -0.207939 -0.209210 -0.227203 0.046460 -0.147050 -0.405733 -0.184174 -0.380615 -0.243056 0.049860 0.211172 0.383762 0.353332 0.134681 0.274188 0.084939 0.233777 -0.147992 -0.097677 0.181627 0.190019 -0.024285 0.225497 1.000000 0.626878 -0.165759 -0.071974 0.276057 0.013130 0.035177 -0.040323 -0.035864 0.124481 0.184331 0.316636 -0.056401 0.115086 0.003511 -0.070890 0.081581 -0.128297 -0.304087 -0.254808 -0.001511 0.051211 -0.286612 -0.347728 -0.333303 -0.204604 -0.122166 -0.203659 -0.335594 -0.311499 0.372030 0.316179 0.200641 0.407248 -0.241179 -0.037804 -0.077603 -0.011680 -0.087292 -0.154573 -0.177054 -0.235199 -0.138512 0.292745 -0.308205 -0.163079 -0.350488 -0.193776 0.031691 0.068476 0.256403 0.166407 -0.016705 0.078947 0.213229 0.018548 -0.167925 0.090366 0.074342 0.166343 0.041923 -0.032186 -0.125411 -0.025880 -0.281455 0.015588 -0.334336 -0.145288 -0.154679 0.063335 -0.027499 0.117211 -0.254979 -0.100990 -0.032865 0.072348 0.445490 0.049086 -0.120836 0.217620 0.192175 0.149293
-0.524278 -0.493997 0.212941 0.125447 -0.056622 0.094662 0.057212 0.010994 -0.053461 -0.072791 -0.276549 -0.156039 -0.114042 -0.147570 0.135353 -0.043185 -0.470285 -0.373883 -0.447130 -0.377239 0.000539 0.107438 0.330488 0.233567 0.188655 0.342008 0.143046 0.266733 -0.317453 -0.256840 0.141888 0.102065 -0.178193 0.195072 0.626878 1.000000 0.070543 0.020505 0.200482 -0.004294 0.096288 -0.005075 -0.125000 0.025969 0.117197 0.214256 -0.205629 0.229591 0.106687 -0.053006 -0.034192 -0.199520 -0.434982 -0.270026 0.023236 -0.212681 -0.319452 -0.255362 -0.177431 0.024516 -0.190535 -0.089514 -0.386323 -0.281458 0.182735 0.407750 0.324521 0.654997 -0.167928 0.024230 -0.135206 -0.015217 -0.247465 -0.355633 -0.353400 -0.346167 -0.292705 0.165282 -0.227664 -0.192394 -0.299069 -0.199089 -0.118647 -0.019517 0.231660 0.089255 0.008621 0.092797 0.197263 0.058509 -0.059580 0.185804 0.130074 0.466223 0.092599 0.082616 0.026270 -0.049979 -0.431698 -0.146888 -0.044337 0.032083 0.040269 0.242055 0.120884 0.155846 0.152995 0.140874 0.060426 0.070139 0.466373 -0.152136 -0.150895 0.076724 0.265035 0.178560
