1.000000 0.456953 0.381504 0.340793 0.073803 0.242331 0.365631 0.205198 0.005817 0.158829 0.212137 0.151392 0.211632 0.024419 0.248735 0.121060 0.211073 -0.106539 0.627736 0.440027 0.117624 0.183494 0.351095 0.249068 0.114337 0.139900 0.313236 0.176119 0.170024 -0.155309 0.142688 0.065991 0.341205 0.398618 -0.146015 -0.082959 -0.058504 -0.154006 -0.025040 -0.096386 0.037515 -0.028097 -0.336805 -0.301071 -0.307348 -0.279765 -0.314624 -0.228798 -0.312195 -0.227949 -0.337782 -0.332052 -0.179409 -0.369245 -0.165127 -0.322882 0.592970 0.263100 0.053063 -0.041353 0.271173 0.103847 0.281988 0.181773 0.051513 -0.123817 -0.125659 -0.040407 0.251253 0.061691 0.104223 -0.000927 0.021979 -0.095899 0.079507 0.001699 -0.087827 -0.182224 0.130720 -0.152151 0.210047 0.017344 0.343146 0.276748 0.117342 -0.217374 0.241276 -0.071164 0.229179 -0.039992 -0.091004 -0.320040 -0.372098 -0.319813 -0.304903 -0.326154 -0.239766 -0.297486 -0.194515 -0.375984 -0.119412 -0.253005 -0.288341 -0.224022 -0.277724 -0.179243 0.064395 -0.042156 -0.198613 -0.260110 -0.266651 -0.473773 -0.311805 -0.354701 -0.326092 -0.287159
0.456953 1.000000 0.295164 0.519526 0.027235 0.125350 0.250405 0.495958 -0.056437 0.175475 0.193970 0.428730 0.283241 0.436806 0.046572 0.212666 0.303542 0.171984 0.568872 0.684891 0.051028 0.131686 0.287595 0.398717 0.032575 0.146875 0.108057 0.035255 0.050359 0.044378 0.073614 0.113150 0.194139 0.579653 -0.310931 -0.064765 -0.078181 -0.105147 -0.053810 0.066443 -0.006468 0.049017 -0.471349 -0.382715 -0.406275 -0.318666 -0.475647 -0.373049 -0.301232 -0.272019 -0.419960 -0.304110 -0.228560 -0.388060 -0.311943 -0.362656 0.243830 0.595454 0.000565 0.180185 -0.002705 0.317153 -0.107969 0.211058 -0.207830 -0.227057 -0.223851 0.022990 0.269389 0.228729 0.076048 0.090616 -0.027629 0.052825 -0.022239 0.119921 -0.088375 -0.097725 -0.121454 -0.059332 0.251014 -0.011465 0.198922 0.272829 -0.058029 -0.343617 0.228542 0.078021 0.192527 -0.185769 0.016695 -0.274372 -0.455352 -0.344827 -0.131772 -0.427141 -0.256365 -0.423718 -0.220659 -0.518009 -0.307155 -0.334222 -0.297450 -0.330905 -0.295798 -0.247946 0.093910 -0.035052 -0.365916 -0.307976 -0.289860 -0.567911 -0.527907 -0.525885 -0.450398 -0.359995
0.381504 0.295164 1.000000 0.820450 0.683963 0.635198 0.915055 0.777520 0.667851 0.676907 -0.071202 0.037417 0.489743 0.234643 0.414723 0.343259 -0.048972 -0.400334 0.681901 0.449076 0.301063 0.350483 0.863549 0.795557 0.618567 0.576342 0.554414 0.566898 -0.068042 -0.198569 0.317327 0.172726 -0.169642 0.133056 -0.190765 0.178292 -0.560693 -0.439915 -0.385662 -0.188134 -0.406495 -0.253660 -0.485703 -0.508798 -0.333226 -0.257228 -0.535591 -0.383071 -0.119840 -0.288226 -0.230505 -0.041578 -0.190377 -0.315379 -0.525294 -0.605434 0.004848 -0.128827 -0.034475 -0.025565 -0.104248 -0.231343 -0.359780 -0.350192 0.136456 -0.137972 -0.282178 0.107040 0.100407 0.064598 0.506897 0.304730 -0.283868 -0.090029 -0.274918 -0.083877 -0.466686 -0.509438 -0.366509 -0.501361 -0.168173 -0.427021 0.240419 0.135124 -0.252577 -0.499276 0.089268 0.135521 0.389125 -0.026764 0.134686 -0.010369 -0.030014 -0.153028 -0.321045 -0.552523 -0.622108 -0.518792 -0.331683 -0.532517 -0.151475 -0.208012 -0.228657 -0.251150 -0.498417 -0.473328 0.052733 -0.245155 -0.561603 -0.482990 -0.584682 -0.598957 -0.474712 -0.489771 -0.398709 -0.516117
0.340793 0.519526 0.820450 1.000000 0.546140 0.542567 0.731584 0.869388 0.494130 0.611697 0.019073 0.321657 0.486804 0.456389 0.385741 0.494160 0.058709 -0.183643 0.755672 0.543120 0.327594 0.346836 0.812952 0.791269 0.521407 0.544885 0.427308 0.375372 -0.010664 0.032866 0.425360 0.373679 0.005179 0.321952 -0.344841 -0.026626 -0.488967 -0.336967 -0.258517 0.008752 -0.294920 -0.068455 -0.565802 -0.592850 -0.441430 -0.357490 -0.599000 -0.600817 -0.300654 -0.329195 -0.405127 -0.195007 -0.305128 -0.345811 -0.470925 -0.500342 -0.070729 0.089617 -0.201851 -0.023381 -0.278975 -0.083344 -0.447812 -0.211048 -0.013126 -0.086128 -0.357921 -0.084008 0.065859 -0.011412 0.386446 0.394824 -0.182430 0.109206 -0.169998 0.112933 -0.457493 -0.444157 -0.269787 -0.244687 -0.014315 -0.211986 0.331193 0.330140 -0.161508 -0.339437 0.130386 0.188784 0.433452 0.073062 -0.052768 -0.209902 -0.193860 -0.253987 -0.204696 -0.425690 -0.564216 -0.434187 -0.495923 -0.554866 -0.209961 -0.270522 -0.343373 -0.317999 -0.428122 -0.359971 0.100528 -0.179164 -0.394169 -0.411133 -0.612370 -0.658166 -0.536818 -0.451162 -0.299024 -0.444365
0.073803 0.027235 0.683963 0.546140 1.000000 0.558705 0.639693 0.532753 0.905646 0.725026 -0.075995 -0.129011 0.524407 0.146534 0.629320 0.456959 -0.112903 -0.356187 0.386103 0.252530 0.462801 0.250404 0.731127 0.631186 0.788599 0.536575 0.606230 0.559097 -0.012647 -0.133506 0.358828 0.263441 -0.421314 -0.194577 -0.187962 0.149769 -0.486098 -0.308122 -0.244920 -0.045768 -0.365050 -0.194912 -0.399468 -0.440401 -0.179144 -0.171885 -0.442611 -0.478767 -0.014033 -0.181519 -0.138702 0.059037 -0.228298 -0.271716 -0.479378 -0.497618 -0.052832 -0.226370 -0.019038 -0.070271 -0.077833 -0.347986 -0.278526 -0.417346 0.225034 -0.078521 -0.137143 0.028043 0.061820 0.055656 0.443025 0.285886 -0.277834 -0.050537 -0.285079 -0.082475 -0.498207 -0.567476 -0.331422 -0.475129 -0.068407 -0.332250 0.234340 0.022484 -0.136872 -0.342270 0.097922 0.024374 0.332248 0.007040 0.166408 0.088713 0.141022 0.061704 -0.194797 -0.388316 -0.625822 -0.406102 -0.328965 -0.370438 0.023963 0.043946 -0.037836 -0.056423 -0.366346 -0.330811 0.203497 -0.259035 -0.392209 -0.496889 -0.605423 -0.413559 -0.353907 -0.273078 -0.187330 -0.397565
0.242331 0.125350 0.635198 0.542567 0.558705 1.000000 0.586719 0.456442 0.495979 0.574630 0.052290 -0.018386 0.363109 0.159490 0.463754 0.492793 -0.034369 -0.338875 0.425938 0.126801 0.249469 0.595102 0.610242 0.329289 0.476634 0.588904 0.805306 0.720268 -0.027980 0.004657 0.298665 0.070565 -0.170133 -0.112429 -0.348044 -0.167247 -0.473643 -0.440396 -0.315379 0.006660 -0.371372 -0.126087 -0.198096 -0.220662 -0.048429 -0.073095 -0.248327 -0.304613 -0.032032 0.016743 -0.135584 0.013110 -0.101957 -0.200244 -0.311234 -0.243780 0.046069 -0.097250 -0.014475 0.059130 -0.089705 -0.179124 -0.240224 -0.152560 0.060914 -0.085740 -0.244098 -0.182204 0.014507 -0.034580 0.397865 0.162830 -0.103865 0.079888 -0.049715 0.014097 -0.329052 -0.494512 -0.105258 -0.166469 -0.119945 -0.202351 0.177415 0.233523 -0.236696 -0.274051 0.032924 0.449640 0.304914 0.003243 -0.038528 -0.239949 -0.102525 -0.285184 -0.258050 -0.295436 -0.386019 -0.300411 -0.226496 -0.358860 -0.098925 -0.228328 -0.206284 -0.244438 -0.419322 -0.404148 -0.119071 -0.322918 -0.358811 -0.387448 -0.582869 -0.423460 -0.251464 -0.343015 -0.277997 -0.309486
0.365631 0.250405 0.915055 0.731584 0.639693 0.586719 1.000000 0.749579 0.658495 0.593579 0.069765 0.023356 0.635334 0.262216 0.392097 0.290422 0.052144 -0.408613 0.608933 0.441041 0.249667 0.312595 0.769873 0.739454 0.536033 0.488560 0.550179 0.527220 0.008961 -0.188291 0.327645 0.166509 -0.160667 0.144252 -0.176671 0.230624 -0.579840 -0.525828 -0.390893 -0.250169 -0.381195 -0.286700 -0.474154 -0.476187 -0.270789 -0.206429 -0.489609 -0.348876 -0.103491 -0.254087 -0.213464 -0.039064 -0.202710 -0.303073 -0.522102 -0.589543 0.011968 -0.252214 0.035374 0.016654 -0.029330 -0.224169 -0.288934 -0.370243 0.109708 -0.193055 -0.206855 0.132536 0.116827 0.091988 0.533390 0.256381 -0.235691 -0.122511 -0.295176 -0.088181 -0.469098 -0.491132 -0.246839 -0.489388 -0.128894 -0.437549 0.239813 0.100324 -0.237019 -0.510601 0.069755 0.134401 0.283117 -0.050885 0.140848 -0.022247 -0.078714 -0.181854 -0.344634 -0.590035 -0.622561 -0.500693 -0.310011 -0.510802 -0.096537 -0.243567 -0.236380 -0.303308 -0.509493 -0.516706 0.046088 -0.185465 -0.571221 -0.420712 -0.558832 -0.533189 -0.495845 -0.536532 -0.419114 -0.528329
0.205198 0.495958 0.777520 0.869388 0.532753 0.456442 0.749579 1.000000 0.557813 0.663520 -0.060028 0.316779 0.498696 0.573011 0.263510 0.447094 0.068662 -0.148550 0.585761 0.489556 0.285749 0.232228 0.700991 0.820016 0.477849 0.439161 0.282062 0.307042 -0.112650 -0.000693 0.354596 0.330093 -0.175159 0.272132 -0.354927 0.105631 -0.540883 -0.351926 -0.315422 -0.082715 -0.335747 -0.157157 -0.563276 -0.596032 -0.436354 -0.346288 -0.549610 -0.486069 -0.170546 -0.362397 -0.267381 -0.108419 -0.192561 -0.368224 -0.464455 -0.587771 -0.032853 0.039554 -0.112044 0.045129 -0.300958 -0.067547 -0.473964 -0.254073 -0.110637 -0.114471 -0.356438 0.047305 0.056004 0.068087 0.450199 0.409090 -0.248083 0.082803 -0.288254 0.034829 -0.511760 -0.427121 -0.364023 -0.393471 -0.040415 -0.314644 0.188409 0.181574 -0.238367 -0.434222 0.137357 0.084768 0.356671 -0.025981 0.172903 -0.087492 -0.069783 -0.185030 -0.223319 -0.504423 -0.572008 -0.520070 -0.362608 -0.554992 -0.138310 -0.275314 -0.238569 -0.375253 -0.422298 -0.465223 0.165984 -0.107220 -0.469286 -0.389775 -0.604543 -0.607418 -0.495593 -0.482546 -0.298948 -0.495541
0.005817 -0.056437 0.667851 0.494130 0.905646 0.495979 0.658495 0.557813 1.000000 0.738511 -0.104506 -0.133535 0.545472 0.192520 0.604741 0.463628 -0.189361 -0.343659 0.286081 0.186308 0.433426 0.196253 0.671846 0.604735 0.760409 0.488843 0.490210 0.495865 -0.020800 -0.110506 0.320037 0.226378 -0.474968 -0.211552 -0.129163 0.233463 -0.521986 -0.319387 -0.257841 -0.062085 -0.339334 -0.231905 -0.426442 -0.446950 -0.201986 -0.158537 -0.476811 -0.413605 0.018121 -0.197099 -0.138693 0.105947 -0.280503 -0.272110 -0.483152 -0.521756 -0.106495 -0.334911 0.045709 0.051589 -0.122606 -0.301777 -0.350255 -0.491777 0.170504 -0.044559 -0.113530 0.141411 0.079225 0.087308 0.494206 0.344080 -0.240956 -0.041939 -0.287894 -0.077251 -0.457799 -0.448444 -0.365506 -0.524871 -0.190869 -0.398137 0.183945 0.001923 -0.226803 -0.353975 0.053920 0.023008 0.272796 -0.018712 0.238264 0.191940 0.198280 0.130339 -0.190992 -0.405394 -0.637729 -0.427595 -0.303129 -0.352073 0.052271 0.061824 0.011878 -0.016780 -0.343617 -0.319350 0.213866 -0.225853 -0.426281 -0.451961 -0.551190 -0.370962 -0.331090 -0.278203 -0.134354 -0.428554
0.158829 0.175475 0.676907 0.611697 0.725026 0.574630 0.593579 0.663520 0.738511 1.000000 -0.150316 0.210172 0.402491 0.476424 0.512502 0.659962 -0.011124 -0.171983 0.376881 0.242248 0.564624 0.359781 0.644985 0.612574 0.773069 0.684902 0.415513 0.376095 0.062910 0.170585 0.394253 0.318569 -0.380072 -0.160308 -0.378194 0.079077 -0.349956 -0.054117 -0.103221 0.065367 -0.163904 0.149203 -0.557139 -0.602639 -0.401489 -0.375810 -0.578434 -0.549663 -0.066146 -0.324881 -0.246031 -0.079260 -0.171093 -0.361210 -0.348214 -0.546193 0.016735 -0.031249 -0.015603 0.068453 -0.273256 -0.166259 -0.374974 -0.354069 -0.045993 -0.164401 -0.304561 0.062569 0.119563 0.076672 0.656444 0.597415 -0.081363 0.313209 -0.014612 0.225602 -0.354658 -0.359929 -0.315316 -0.418392 -0.020907 -0.216211 0.221104 0.303950 -0.234279 -0.382139 0.234101 0.173629 0.406753 0.003252 0.180577 -0.070809 -0.019604 -0.082172 -0.214560 -0.372643 -0.629611 -0.521377 -0.369648 -0.580249 -0.065087 -0.057840 -0.189857 -0.179263 -0.410359 -0.381940 0.213724 -0.325056 -0.381425 -0.472181 -0.579721 -0.615121 -0.467642 -0.441446 -0.262140 -0.360143
0.212137 0.193970 -0.071202 0.019073 -0.075995 0.052290 0.069765 -0.060028 -0.104506 -0.150316 1.000000 0.356187 0.500700 0.150832 0.362009 0.172804 0.521504 0.142570 0.109577 0.037172 0.251593 0.336322 0.027258 -0.085810 -0.040355 -0.024659 0.233901 0.116923 0.407745 0.176441 0.295883 0.189237 0.122678 0.118895 -0.076853 -0.280031 0.059051 -0.116269 0.139425 0.069049 0.240332 0.119715 0.067127 0.081356 0.164313 0.205390 -0.017110 -0.203688 -0.079262 0.271484 -0.190581 -0.141700 -0.210281 -0.249248 0.035092 -0.005867 0.080345 0.041215 -0.051416 -0.065718 0.130441 0.100097 0.232657 0.250368 -0.097303 -0.013043 -0.118259 -0.259256 -0.142054 -0.211241 0.082417 -0.055548 0.361745 0.059524 0.298901 0.087779 -0.058822 -0.097308 0.299647 0.223579 0.384222 0.199427 0.423942 0.330269 0.442712 0.115501 0.133144 0.286380 -0.028827 -0.075142 -0.416326 -0.469252 -0.430417 -0.260691 -0.308031 -0.175989 -0.066526 -0.206717 -0.154320 -0.287999 -0.156767 -0.236138 -0.274417 -0.252882 -0.219910 -0.242598 -0.184149 -0.221725 -0.121154 -0.180134 -0.234105 -0.192449 -0.278216 -0.190905 -0.233056 -0.160424
0.151392 0.428730 0.037417 0.321657 -0.129011 -0.018386 0.023356 0.316779 -0.133535 0.210172 0.356187 1.000000 0.206764 0.737743 0.124345 0.379473 0.352528 0.555447 0.147775 0.041554 0.338383 0.206779 0.123968 0.098855 0.122300 0.215015 -0.128826 -0.181132 0.302396 0.582850 0.397803 0.431326 0.099675 0.229925 -0.487724 -0.295756 0.116208 0.269595 0.147710 0.161275 0.295590 0.444418 -0.340803 -0.243663 -0.387037 -0.272770 -0.381355 -0.369589 -0.337723 -0.155123 -0.473010 -0.371971 -0.240281 -0.320175 -0.081659 -0.024887 0.018673 0.345922 -0.165369 0.007595 -0.253344 0.353047 -0.104333 0.297774 -0.438792 0.032023 -0.415523 -0.264644 -0.136259 -0.183253 0.182866 0.437520 0.349879 0.517075 0.359570 0.496224 -0.043470 0.015350 0.113788 0.312671 0.361018 0.449812 0.210698 0.565204 0.100562 0.195915 0.297470 0.210264 0.121463 0.032548 -0.383942 -0.406790 -0.476468 -0.324892 -0.157281 0.027842 -0.107328 -0.154223 -0.395745 -0.398941 -0.219824 -0.182340 -0.350129 -0.266058 -0.145672 -0.089446 0.044767 -0.070378 0.010691 -0.050013 -0.259969 -0.494241 -0.440876 -0.255487 -0.062177 -0.042473
0.211632 0.283241 0.489743 0.486804 0.524407 0.363109 0.635334 0.498696 0.545472 0.402491 0.500700 0.206764 1.000000 0.406517 0.620262 0.400906 0.299434 -0.146192 0.330902 0.292025 0.364294 0.357210 0.548496 0.480052 0.445813 0.385718 0.423721 0.326110 0.337882 0.026847 0.534236 0.419523 -0.222517 0.144999 -0.261184 0.064496 -0.346247 -0.355058 -0.167037 -0.090919 -0.129981 -0.110585 -0.371601 -0.303126 -0.137393 -0.057533 -0.428557 -0.469329 -0.199201 -0.039465 -0.379564 -0.108686 -0.328314 -0.384799 -0.400778 -0.421670 -0.042270 -0.160833 -0.062379 -0.010274 -0.002395 -0.029270 -0.159457 -0.165430 -0.017668 -0.028663 -0.241337 -0.090493 -0.077675 -0.044508 0.501806 0.338672 0.087862 0.041886 -0.051701 0.080760 -0.273254 -0.304562 -0.058243 -0.203523 0.177460 -0.174309 0.462039 0.240964 0.072281 -0.284568 0.082397 0.227303 0.250146 -0.079913 -0.113054 -0.236558 -0.247194 -0.214977 -0.254642 -0.450032 -0.514077 -0.444830 -0.393908 -0.551547 -0.112142 -0.246991 -0.259943 -0.376882 -0.440783 -0.437512 0.096989 -0.211765 -0.355378 -0.304421 -0.508739 -0.522426 -0.547530 -0.376734 -0.307619 -0.398188
0.024419 0.436806 0.234643 0.456389 0.146534 0.159490 0.262216 0.573011 0.192520 0.476424 0.150832 0.737743 0.406517 1.000000 0.189845 0.569085 0.308874 0.414172 0.166409 0.119185 0.382140 0.250338 0.319401 0.318739 0.310017 0.352331 0.036874 -0.053615 0.233648 0.554767 0.481716 0.507381 -0.140755 0.155768 -0.486152 -0.134410 -0.136690 0.053374 -0.040562 0.054410 0.084028 0.281428 -0.477397 -0.426063 -0.444442 -0.360352 -0.505785 -0.535008 -0.328103 -0.279332 -0.447849 -0.258853 -0.240790 -0.325125 -0.241279 -0.297671 -0.068921 0.182107 -0.268330 -0.001198 -0.379133 0.248493 -0.265107 0.181867 -0.416835 -0.080522 -0.476914 -0.185338 -0.100660 -0.057995 0.392764 0.598894 0.194610 0.583465 0.198981 0.518238 -0.154168 -0.060040 0.016849 0.127318 0.323585 0.281616 0.160641 0.405356 -0.048348 -0.063767 0.191232 0.150931 0.153250 -0.057071 -0.124737 -0.244016 -0.278133 -0.182411 -0.214883 -0.137080 -0.390665 -0.334942 -0.430894 -0.500449 -0.061290 -0.104410 -0.242563 -0.271203 -0.283328 -0.272398 0.184547 -0.157624 -0.099391 -0.176707 -0.458642 -0.569307 -0.475988 -0.266986 -0.053865 -0.140975
0.248735 0.046572 0.414723 0.385741 0.629320 0.463754 0.392097 0.263510 0.604741 0.512502 0.362009 0.124345 0.620262 0.189845 1.000000 0.641038 0.171702 -0.132752 0.356139 0.103553 0.717586 0.522676 0.580632 0.266989 0.666652 0.502329 0.600577 0.486077 0.488369 0.209636 0.624568 0.478123 -0.185217 -0.123603 -0.294694 -0.268889 -0.106572 -0.017650 0.194598 0.249594 0.151757 0.159085 -0.302343 -0.260306 -0.114177 -0.076636 -0.347299 -0.543711 -0.211439 0.033110 -0.391087 -0.127086 -0.387762 -0.331843 -0.225169 -0.249712 -0.055903 -0.124334 -0.242071 -0.192741 -0.180118 -0.201570 -0.124498 -0.140141 0.008466 -0.032664 -0.370014 -0.326584 -0.152616 -0.245520 0.411141 0.391321 0.262771 0.197719 0.218888 0.188850 -0.303528 -0.345142 -0.012802 -0.123375 0.174783 0.035578 0.656538 0.470945 0.158731 -0.053412 0.373564 0.324359 0.378823 0.022697 -0.307782 -0.336926 -0.265741 -0.174990 -0.129314 -0.216080 -0.400018 -0.254712 -0.509516 -0.476883 -0.175085 -0.092100 -0.313393 -0.127991 -0.307980 -0.166848 0.036909 -0.355610 -0.195131 -0.394592 -0.497769 -0.490098 -0.371362 -0.166790 -0.104077 -0.230698
0.121060 0.212666 0.343259 0.494160 0.456959 0.492793 0.290422 0.447094 0.463628 0.659962 0.172804 0.379473 0.400906 0.569085 0.641038 1.000000 0.126349 0.140507 0.356786 0.099637 0.621036 0.463740 0.472995 0.277302 0.540414 0.459514 0.411195 0.246324 0.248886 0.504372 0.492060 0.443621 -0.131567 -0.044252 -0.449071 -0.329744 -0.212964 -0.004910 0.095634 0.261988 0.084790 0.223852 -0.366422 -0.391351 -0.220978 -0.220871 -0.440068 -0.653661 -0.144174 -0.055896 -0.368396 -0.095221 -0.312709 -0.289479 -0.228726 -0.313499 -0.069229 0.082998 -0.234404 -0.012043 -0.307906 0.091692 -0.266659 -0.035624 -0.155117 0.078128 -0.368790 -0.295791 -0.081125 -0.177498 0.422340 0.524501 0.225184 0.497042 0.254254 0.416264 -0.302681 -0.275705 -0.066764 -0.034478 0.119981 0.147926 0.407693 0.556837 -0.087129 -0.062999 0.305374 0.343905 0.341135 0.068001 -0.183900 -0.374258 -0.253825 -0.227152 -0.185611 -0.139422 -0.496130 -0.269550 -0.529196 -0.500066 -0.113277 -0.143240 -0.402921 -0.293401 -0.394480 -0.288543 0.191345 -0.401160 -0.080714 -0.321440 -0.562819 -0.534489 -0.366551 -0.178779 -0.026652 -0.211437
0.211073 0.303542 -0.048972 0.058709 -0.112903 -0.034369 0.052144 0.068662 -0.189361 -0.011124 0.521504 0.352528 0.299434 0.308874 0.171702 0.126349 1.000000 0.281264 0.107983 0.138781 0.246207 0.192474 -0.024305 -0.038533 -0.095554 -0.020187 0.074836 -0.067387 0.490072 0.306553 0.162192 0.104258 0.093195 0.112736 -0.081597 -0.233898 0.299695 0.012644 0.191977 0.050651 0.296205 0.226532 -0.134306 -0.090559 -0.125492 -0.074387 -0.161371 -0.225525 -0.131427 0.015734 -0.186128 -0.157049 -0.145540 -0.322003 0.003668 -0.163022 0.354730 0.256575 -0.115634 -0.039149 -0.053666 0.061037 0.254650 0.331714 -0.294829 -0.223265 -0.238482 -0.181130 -0.229787 -0.080945 0.349439 0.123895 0.514489 0.293296 0.446167 0.263427 0.192286 0.117796 0.547975 0.275201 0.769923 0.262016 0.314047 0.279384 0.317270 -0.060468 0.181647 0.142984 0.018957 -0.254079 -0.222366 -0.362457 -0.408567 -0.231082 -0.120655 -0.203808 -0.113657 -0.290554 -0.123872 -0.297356 -0.257315 -0.207493 -0.269862 -0.175682 -0.079077 -0.018432 -0.041061 -0.181728 -0.026626 -0.148267 -0.245828 -0.336777 -0.324549 -0.290644 -0.193471 -0.191605
-0.106539 0.171984 -0.400334 -0.183643 -0.356187 -0.338875 -0.408613 -0.148550 -0.343659 -0.171983 0.142570 0.555447 -0.146192 0.414172 -0.132752 0.140507 0.281264 1.000000 -0.188632 -0.226762 0.041530 -0.193700 -0.275673 -0.264839 -0.116904 -0.169498 -0.356119 -0.476337 0.289910 0.693064 0.079642 0.154139 0.197289 0.116839 -0.185169 -0.225640 0.337745 0.455906 0.213444 0.107218 0.402526 0.392494 -0.098062 -0.040923 -0.310125 -0.326514 -0.067377 -0.139188 -0.267274 -0.124542 -0.189605 -0.215394 -0.109624 -0.043733 0.157764 0.276644 0.034826 0.429387 -0.159896 -0.012529 -0.145195 0.454134 0.086331 0.584928 -0.446232 0.078520 -0.234691 -0.326140 -0.098419 -0.191528 -0.125010 0.150289 0.421369 0.552304 0.452280 0.571345 0.169929 0.324243 0.296693 0.621079 0.365963 0.742715 -0.086492 0.224083 0.132065 0.457022 0.084829 -0.002778 -0.188524 0.196478 -0.345664 -0.161955 -0.298916 -0.100366 -0.081973 0.407548 0.101803 0.204382 -0.255168 0.034265 -0.161208 0.032720 -0.126765 -0.057920 0.094343 0.214505 0.037644 -0.030094 0.322972 0.294099 0.098269 -0.051027 -0.113340 0.032948 0.255034 0.158421
0.627736 0.568872 0.681901 0.755672 0.386103 0.425938 0.608933 0.585761 0.286081 0.376881 0.109577 0.147775 0.330902 0.166409 0.356139 0.356786 0.107983 -0.188632 1.000000 0.711360 0.265505 0.215374 0.642148 0.542017 0.335464 0.345213 0.470705 0.356953 0.087140 -0.070271 0.258781 0.218951 0.308840 0.530687 -0.215376 -0.055202 -0.307138 -0.270849 -0.132289 0.039618 -0.141195 -0.089461 -0.498614 -0.514312 -0.362873 -0.338729 -0.501497 -0.500373 -0.302168 -0.289360 -0.393516 -0.276575 -0.324818 -0.347889 -0.419741 -0.443444 0.173778 0.278665 -0.070066 -0.000915 -0.016416 -0.040143 -0.201793 -0.047031 0.095555 -0.144283 -0.138076 -0.053006 0.274303 0.025851 0.139370 0.086160 -0.130985 -0.062649 -0.097858 0.046531 -0.321892 -0.333970 -0.108306 -0.218408 0.016161 -0.162133 0.423295 0.301001 -0.056649 -0.376421 0.234278 0.045485 0.341233 -0.016150 -0.123405 -0.337312 -0.342522 -0.369369 -0.233945 -0.328115 -0.470756 -0.361930 -0.446776 -0.526359 -0.251834 -0.315984 -0.367311 -0.297148 -0.437580 -0.285875 0.034995 -0.195568 -0.318165 -0.359725 -0.455527 -0.609756 -0.463411 -0.444858 -0.367726 -0.358615
0.440027 0.684891 0.449076 0.543120 0.252530 0.126801 0.441041 0.489556 0.186308 0.242248 0.037172 0.041554 0.292025 0.119185 0.103553 0.099637 0.138781 -0.226762 0.711360 1.000000 0.103213 -0.043115 0.336502 0.538571 0.114802 0.181035 0.219144 0.187404 -0.022418 -0.297195 -0.015389 0.081925 0.225522 0.575579 -0.129089 0.119166 -0.155175 -0.177011 -0.061600 0.105042 -0.133782 -0.090562 -0.552452 -0.523577 -0.402419 -0.313066 -0.526566 -0.319546 -0.241975 -0.392606 -0.337661 -0.233276 -0.254290 -0.331515 -0.386769 -0.491648 0.223894 0.333865 0.133702 0.217576 0.023620 -0.007315 -0.246515 -0.167149 0.002492 -0.312756 0.081792 0.310813 0.576229 0.420298 0.089709 0.008338 -0.238139 -0.275694 -0.275272 -0.121370 -0.142146 -0.102699 -0.165145 -0.348790 0.011583 -0.349635 0.233200 0.108534 -0.157998 -0.564310 0.181463 -0.130032 0.154645 -0.203834 0.251570 -0.127602 -0.262805 -0.214664 0.047373 -0.507589 -0.332906 -0.443531 -0.085650 -0.420463 -0.268212 -0.259065 -0.186251 -0.180688 -0.290045 -0.191629 0.072425 0.039841 -0.448686 -0.396791 -0.233100 -0.486635 -0.494021 -0.511377 -0.457829 -0.405673
0.117624 0.051028 0.301063 0.327594 0.462801 0.249469 0.249667 0.285749 0.433426 0.564624 0.251593 0.338383 0.364294 0.382140 0.717586 0.621036 0.246207 0.041530 0.265505 0.103213 1.000000 0.535729 0.375954 0.218436 0.628493 0.536424 0.375633 0.294688 0.457466 0.392127 0.610085 0.586919 -0.117601 -0.086114 -0.262224 -0.182475 -0.020226 0.219873 0.264539 0.323981 0.309103 0.449949 -0.286843 -0.321823 -0.176062 -0.083533 -0.388470 -0.555187 -0.129255 -0.022963 -0.384049 -0.174245 -0.401883 -0.386254 -0.214673 -0.237368 -0.116260 -0.023133 -0.348615 -0.187843 -0.337588 -0.148420 -0.196400 -0.035803 -0.157572 -0.019220 -0.400093 -0.248953 -0.048978 -0.215163 0.418216 0.583221 0.334466 0.400493 0.338941 0.368906 -0.212557 -0.196367 -0.013129 -0.060618 0.288130 0.108293 0.499861 0.425123 0.106979 -0.064944 0.491145 0.286695 0.211755 -0.062967 -0.285492 -0.355772 -0.232042 -0.164918 -0.075601 -0.115120 -0.325646 -0.293209 -0.507104 -0.507451 -0.180250 -0.060297 -0.288164 -0.096476 -0.323723 -0.195834 0.019700 -0.471471 -0.115788 -0.382309 -0.442927 -0.513916 -0.440208 -0.209220 -0.086414 -0.203575
0.183494 0.131686 0.350483 0.346836 0.250404 0.595102 0.312595 0.232228 0.196253 0.359781 0.336322 0.206779 0.357210 0.250338 0.522676 0.463740 0.192474 -0.193700 0.215374 -0.043115 0.535729 1.000000 0.388437 0.076533 0.343703 0.547734 0.620846 0.527444 0.307966 0.247068 0.466586 0.347198 -0.036266 -0.034465 -0.289952 -0.279784 -0.176264 -0.194897 -0.008799 0.105660 0.043417 0.240206 0.033585 0.024017 0.131930 0.175792 -0.120261 -0.343812 0.021196 0.243240 -0.190017 -0.070502 -0.169785 -0.187733 -0.154128 -0.131296 -0.144383 -0.143352 -0.276159 -0.163008 -0.206219 -0.143622 -0.094875 0.025923 -0.071092 -0.020817 -0.393188 -0.276264 -0.217373 -0.188964 0.268181 0.337223 0.236222 0.261097 0.312389 0.150003 -0.145751 -0.382477 0.033643 0.057559 0.206168 0.043049 0.454142 0.403083 0.056977 -0.067129 0.273482 0.582743 0.237648 -0.074784 -0.426141 -0.546488 -0.394725 -0.458338 -0.196669 -0.275126 -0.161506 -0.263638 -0.342475 -0.503671 -0.200217 -0.378246 -0.340855 -0.314267 -0.276898 -0.284383 -0.135457 -0.326274 -0.203615 -0.315140 -0.471340 -0.403025 -0.382550 -0.277210 -0.281223 -0.207571
0.351095 0.287595 0.863549 0.812952 0.731127 0.610242 0.769873 0.700991 0.671846 0.644985 0.027258 0.123968 0.548496 0.319401 0.580632 0.472995 -0.024305 -0.275673 0.642148 0.336502 0.375954 0.388437 1.000000 0.765292 0.722389 0.632998 0.585446 0.592340 0.111980 -0.062711 0.525203 0.411405 -0.141330 0.139304 -0.281080 0.042965 -0.464135 -0.319736 -0.233142 -0.071020 -0.255893 -0.139909 -0.493617 -0.441695 -0.352771 -0.305613 -0.541307 -0.514931 -0.307560 -0.294904 -0.349161 -0.135898 -0.295760 -0.286653 -0.494661 -0.513259 -0.063871 -0.094567 -0.269994 -0.228986 -0.212590 -0.308929 -0.297348 -0.273816 0.168751 -0.127232 -0.454225 -0.141603 0.021525 -0.033698 0.441879 0.353179 -0.164867 0.038420 -0.156390 0.075709 -0.446829 -0.485655 -0.234769 -0.324407 0.003280 -0.237552 0.396611 0.217975 -0.042516 -0.340034 0.174105 0.112965 0.499962 0.010402 -0.039550 -0.082503 -0.097983 -0.152960 -0.276798 -0.425032 -0.638130 -0.432401 -0.488783 -0.524073 -0.195437 -0.181676 -0.327578 -0.247246 -0.532536 -0.437838 0.089198 -0.224805 -0.387585 -0.416631 -0.650802 -0.622763 -0.503414 -0.350658 -0.289740 -0.410408
0.249068 0.398717 0.795557 0.791269 0.631186 0.329289 0.739454 0.820016 0.604735 0.612574 -0.085810 0.098855 0.480052 0.318739 0.266989 0.277302 -0.038533 -0.264839 0.542017 0.538571 0.218436 0.076533 0.765292 1.000000 0.554223 0.465914 0.241779 0.336585 -0.110672 -0.221613 0.275522 0.307837 -0.173234 0.268190 -0.126000 0.294834 -0.467611 -0.276998 -0.249045 -0.076295 -0.320061 -0.193058 -0.585870 -0.604130 -0.418593 -0.339276 -0.567602 -0.416374 -0.201627 -0.441547 -0.241840 -0.152150 -0.218571 -0.406599 -0.455815 -0.646965 -0.020241 -0.067981 -0.015873 -0.018901 -0.101512 -0.217552 -0.315982 -0.410396 0.185523 -0.145848 -0.199690 0.207209 0.192537 0.223273 0.416224 0.304487 -0.344590 -0.138352 -0.386525 -0.113215 -0.464489 -0.355453 -0.406355 -0.515282 -0.109142 -0.427877 0.179436 0.087719 -0.117351 -0.521561 0.120324 -0.081259 0.410459 -0.012058 0.307665 0.063690 0.001309 -0.081428 -0.131517 -0.553951 -0.581446 -0.498499 -0.269005 -0.490356 -0.203267 -0.231427 -0.269234 -0.312027 -0.443062 -0.426472 0.191178 -0.040203 -0.463517 -0.395902 -0.449750 -0.559238 -0.507773 -0.484119 -0.314429 -0.489512
0.114337 0.032575 0.618567 0.521407 0.788599 0.476634 0.536033 0.477849 0.760409 0.773069 -0.040355 0.122300 0.445813 0.310017 0.666652 0.540414 -0.095554 -0.116904 0.335464 0.114802 0.628493 0.343703 0.722389 0.554223 1.000000 0.790526 0.465206 0.396224 0.194737 0.164107 0.621137 0.513869 -0.306641 -0.163037 -0.302269 0.050253 -0.358405 0.025569 -0.101639 0.075170 -0.072991 0.170579 -0.414234 -0.403947 -0.292956 -0.283066 -0.512295 -0.539482 -0.149253 -0.206240 -0.235392 -0.073838 -0.301738 -0.263474 -0.452220 -0.362377 -0.121221 -0.116982 -0.250887 -0.199787 -0.260175 -0.284952 -0.232259 -0.240251 0.083929 -0.047123 -0.395818 -0.188118 0.038537 -0.109460 0.517665 0.530785 -0.037151 0.270789 -0.012342 0.238439 -0.366330 -0.384189 -0.257785 -0.250212 0.030887 -0.055269 0.277022 0.234448 -0.073683 -0.155230 0.172845 0.120380 0.280672 0.071072 -0.083388 -0.040669 -0.008268 0.004779 -0.211671 -0.191903 -0.534890 -0.362704 -0.541727 -0.451476 -0.108604 0.036540 -0.207424 -0.045459 -0.414379 -0.303840 0.135249 -0.325934 -0.282789 -0.409162 -0.510802 -0.515146 -0.461614 -0.274720 -0.187987 -0.315547
0.139900 0.146875 0.576342 0.544885 0.536575 0.588904 0.488560 0.439161 0.488843 0.684902 -0.024659 0.215015 0.385718 0.352331 0.502329 0.459514 -0.020187 -0.169498 0.345213 0.181035 0.536424 0.547734 0.632998 0.465914 0.790526 1.000000 0.487168 0.495700 0.263092 0.201424 0.597418 0.534581 -0.117208 0.039580 -0.378004 -0.022305 -0.258430 0.018197 -0.011116 0.175059 0.006963 0.334139 -0.397823 -0.398175 -0.277753 -0.260785 -0.508591 -0.524606 -0.210564 -0.199129 -0.332234 -0.277468 -0.299626 -0.300041 -0.360269 -0.313619 -0.118032 -0.045094 -0.252664 -0.161329 -0.256547 -0.217099 -0.231427 -0.205623 0.084228 -0.097869 -0.381719 -0.139079 0.087479 0.035621 0.475840 0.564911 0.050447 0.273015 0.072645 0.258801 -0.181844 -0.246011 -0.112556 -0.112033 0.081691 -0.054458 0.339667 0.390470 -0.068676 -0.249631 0.261939 0.329189 0.336061 -0.001343 -0.141270 -0.265569 -0.172878 -0.259764 -0.066011 -0.203944 -0.373586 -0.328044 -0.453221 -0.522662 -0.228495 -0.211697 -0.270349 -0.186606 -0.345841 -0.291464 -0.036116 -0.232618 -0.293492 -0.378573 -0.425748 -0.613497 -0.560816 -0.394726 -0.282528 -0.198077
0.313236 0.108057 0.554414 0.427308 0.606230 0.805306 0.550179 0.282062 0.490210 0.415513 0.233901 -0.128826 0.423721 0.036874 0.600577 0.411195 0.074836 -0.356119 0.470705 0.219144 0.375633 0.620846 0.585446 0.241779 0.465206 0.487168 1.000000 0.806457 0.106651 -0.073715 0.298395 0.081573 -0.063209 -0.059877 -0.249990 -0.191742 -0.407331 -0.415020 -0.209953 0.117181 -0.299306 -0.086369 -0.133374 -0.188244 -0.015459 -0.033030 -0.170350 -0.302744 -0.071769 0.029768 -0.164282 -0.048608 -0.155485 -0.178363 -0.272785 -0.203278 0.103523 -0.143678 -0.105509 -0.110109 -0.003273 -0.224191 -0.130999 -0.112244 0.118447 -0.128714 -0.201892 -0.168507 0.114104 -0.015974 0.243172 0.038187 -0.088941 -0.031065 -0.032261 -0.018309 -0.339707 -0.520843 0.005371 -0.170358 -0.006721 -0.181898 0.357366 0.135747 -0.072705 -0.254303 0.092318 0.336464 0.185583 0.017073 -0.137159 -0.315053 -0.208807 -0.308694 -0.270144 -0.322393 -0.338429 -0.290460 -0.191809 -0.323417 -0.123971 -0.230909 -0.177494 -0.176691 -0.360734 -0.341942 -0.158104 -0.281055 -0.347269 -0.439743 -0.593626 -0.354006 -0.279042 -0.324978 -0.361864 -0.280359
0.176119 0.035255 0.566898 0.375372 0.559097 0.720268 0.527220 0.307042 0.495865 0.376095 0.116923 -0.181132 0.326110 -0.053615 0.486077 0.246324 -0.067387 -0.476337 0.356953 0.187404 0.294688 0.527444 0.592340 0.336585 0.396224 0.495700 0.806457 1.000000 0.011843 -0.253447 0.161163 0.041399 -0.102539 -0.029894 -0.075568 -0.053907 -0.356171 -0.409004 -0.146635 0.128637 -0.290756 -0.159090 -0.126709 -0.179913 0.027505 0.062747 -0.156636 -0.168848 -0.024872 -0.028220 -0.137381 -0.088355 -0.198927 -0.273516 -0.292145 -0.339632 0.060363 -0.222213 0.014668 -0.091210 0.056289 -0.389483 -0.160828 -0.309066 0.299370 -0.124073 -0.121498 0.045425 0.125765 0.111374 0.177473 -0.009640 -0.200786 -0.249666 -0.172790 -0.294167 -0.318786 -0.436281 -0.138453 -0.327209 -0.104957 -0.381082 0.265697 0.053644 -0.072820 -0.386013 0.215974 0.283464 0.291370 -0.177043 0.075177 -0.148098 0.000760 -0.237023 -0.115967 -0.407955 -0.312991 -0.331223 -0.056487 -0.315206 -0.100922 -0.278555 -0.039258 -0.158414 -0.266548 -0.300936 -0.211716 -0.145594 -0.469827 -0.505204 -0.459741 -0.342877 -0.306051 -0.346271 -0.382545 -0.307963
0.170024 0.050359 -0.068042 -0.010664 -0.012647 -0.027980 0.008961 -0.112650 -0.020800 0.062910 0.407745 0.302396 0.337882 0.233648 0.488369 0.248886 0.490072 0.289910 0.087140 -0.022418 0.457466 0.307966 0.111980 -0.110672 0.194737 0.263092 0.106651 0.011843 1.000000 0.538462 0.515045 0.510973 0.266417 0.218746 -0.217387 -0.233177 0.464885 0.279907 0.573713 0.268061 0.731094 0.544533 -0.280144 -0.075774 -0.196780 -0.187401 -0.247179 -0.389548 -0.424763 -0.055013 -0.573704 -0.437752 -0.507620 -0.355431 0.005078 -0.025245 0.007786 0.031216 -0.242840 -0.175249 -0.046283 -0.028545 0.218927 0.215159 -0.132709 -0.205150 -0.307476 -0.321126 -0.138891 -0.150036 0.218225 0.356205 0.834568 0.384657 0.711771 0.461642 0.281671 0.265754 0.523672 0.327584 0.621222 0.382665 0.580061 0.499964 0.310929 -0.012115 0.446361 0.221434 0.201463 -0.228165 -0.452203 -0.358058 -0.462864 -0.241159 -0.010806 0.042053 -0.118479 -0.062437 -0.495792 -0.337910 -0.258365 -0.146684 -0.294493 -0.092801 -0.092959 0.155719 -0.080921 -0.206341 0.196057 -0.018391 -0.167996 -0.377036 -0.407207 -0.213489 -0.042000 -0.076940
-0.155309 0.044378 -0.198569 0.032866 -0.133506 0.004657 -0.188291 -0.000693 -0.110506 0.170585 0.176441 0.582850 0.026847 0.554767 0.209636 0.504372 0.306553 0.693064 -0.070271 -0.297195 0.392127 0.247068 -0.062711 -0.221613 0.164107 0.201424 -0.073715 -0.253447 0.538462 1.000000 0.420578 0.419608 0.125698 -0.022441 -0.381839 -0.418859 0.265156 0.461655 0.354375 0.291737 0.534430 0.679659 -0.184455 -0.155269 -0.250691 -0.307515 -0.171849 -0.406299 -0.287158 -0.040639 -0.346063 -0.215851 -0.198159 -0.039668 0.119169 0.251212 -0.197086 0.152441 -0.317510 -0.041487 -0.394666 0.244017 -0.088632 0.413234 -0.487855 -0.034277 -0.406551 -0.530985 -0.324882 -0.425648 0.163029 0.441925 0.663544 0.849271 0.653014 0.746308 0.100325 0.183013 0.310871 0.599962 0.389364 0.717676 0.173541 0.578557 0.045554 0.415763 0.235374 0.349179 -0.000007 0.218203 -0.548031 -0.341636 -0.379329 -0.216702 -0.067767 0.411957 -0.065400 0.181018 -0.556522 -0.144111 -0.135539 -0.017142 -0.299131 -0.164903 -0.012775 0.158824 0.082933 -0.223759 0.337645 0.180898 -0.148832 -0.221833 -0.198491 0.007414 0.252431 0.164372
0.142688 0.073614 0.317327 0.425360 0.358828 0.298665 0.327645 0.354596 0.320037 0.394253 0.295883 0.397803 0.534236 0.481716 0.624568 0.492060 0.162192 0.079642 0.258781 -0.015389 0.610085 0.466586 0.525203 0.275522 0.621137 0.597418 0.298395 0.161163 0.515045 0.420578 1.000000 0.891090 0.003146 0.068536 -0.456835 -0.279714 -0.161900 0.031560 0.123798 0.044408 0.249593 0.314545 -0.261538 -0.197842 -0.176424 -0.156265 -0.371886 -0.566590 -0.330317 0.025401 -0.418414 -0.207647 -0.374802 -0.179970 -0.260878 -0.072193 -0.171513 -0.039403 -0.551718 -0.356964 -0.395114 -0.147518 -0.084645 0.107524 -0.185107 -0.013215 -0.558303 -0.558116 -0.238641 -0.433325 0.363703 0.623573 0.359716 0.438471 0.305327 0.448574 -0.234733 -0.241594 0.107362 0.125156 0.288270 0.242383 0.497203 0.401021 0.095962 0.109843 0.252631 0.296484 0.220482 0.074015 -0.509892 -0.317392 -0.279244 -0.121540 -0.233685 -0.037369 -0.362651 -0.152820 -0.702056 -0.356044 -0.145235 -0.024072 -0.376545 -0.145252 -0.358135 -0.241062 0.050461 -0.287739 0.043531 -0.172300 -0.484381 -0.412533 -0.358431 -0.040846 0.030932 -0.077916
0.065991 0.113150 0.172726 0.373679 0.263441 0.070565 0.166509 0.330093 0.226378 0.318569 0.189237 0.431326 0.419523 0.507381 0.478123 0.443621 0.104258 0.154139 0.218951 0.081925 0.586919 0.347198 0.411405 0.307837 0.513869 0.534581 0.081573 0.041399 0.510973 0.419608 0.891090 1.000000 0.077430 0.249562 -0.399483 -0.205882 -0.044959 0.168602 0.259377 0.115807 0.370120 0.388567 -0.342769 -0.278091 -0.264802 -0.228417 -0.413944 -0.594973 -0.391711 -0.118988 -0.480898 -0.310766 -0.424899 -0.228581 -0.219685 -0.127786 -0.205901 0.022122 -0.487403 -0.315116 -0.398947 -0.143716 -0.115228 0.048630 -0.157786 -0.024592 -0.420847 -0.412600 -0.116815 -0.258063 0.174263 0.613006 0.315342 0.376197 0.259371 0.365726 -0.207579 -0.127093 0.111717 0.119267 0.313870 0.244650 0.506015 0.409446 0.130987 0.058503 0.363965 0.129641 0.229269 0.006375 -0.398563 -0.285200 -0.237046 -0.111812 -0.057917 -0.004520 -0.307629 -0.092106 -0.665390 -0.341240 -0.131477 -0.056861 -0.322318 -0.147017 -0.229192 -0.107399 0.151303 -0.107731 0.112384 -0.093372 -0.379397 -0.407878 -0.404561 -0.015098 0.133026 -0.018018
0.341205 0.194139 -0.169642 0.005179 -0.421314 -0.170133 -0.160667 -0.175159 -0.474968 -0.380072 0.122678 0.099675 -0.222517 -0.140755 -0.185217 -0.131567 0.093195 0.197289 0.308840 0.225522 -0.117601 -0.036266 -0.141330 -0.173234 -0.306641 -0.117208 -0.063209 -0.102539 0.266417 0.125698 0.003146 0.077430 1.000000 0.665425 0.049109 -0.227374 0.296625 0.089301 0.246230 0.129276 0.328785 0.279388 -0.020929 -0.032109 -0.112386 -0.153792 0.025171 -0.055975 -0.267415 -0.087679 -0.207689 -0.477135 -0.200413 -0.134059 0.105536 0.172890 0.124805 0.244383 -0.066672 -0.038418 0.217525 0.093640 0.297737 0.293232 0.066937 -0.057667 0.116269 -0.088918 0.245622 0.027891 -0.372842 -0.157410 0.307003 -0.006384 0.327990 0.155954 0.281287 0.282114 0.359518 0.326638 0.144786 0.284379 0.008395 0.117245 0.075043 0.007579 0.134645 -0.016059 -0.140768 -0.057204 -0.372590 -0.324331 -0.426230 -0.288303 0.059748 0.189598 0.207999 0.146936 -0.147888 0.071487 -0.273850 -0.271311 -0.258582 -0.050722 0.102717 0.294926 -0.200722 0.227014 0.290785 0.154660 0.149316 -0.036209 -0.097315 -0.030862 0.041109 0.104425
0.398618 0.579653 0.133056 0.321952 -0.194577 -0.112429 0.144252 0.272132 -0.211552 -0.160308 0.118895 0.229925 0.144999 0.155768 -0.123603 -0.044252 0.112736 0.116839 0.530687 0.575579 -0.086114 -0.034465 0.139304 0.268190 -0.163037 0.039580 -0.059877 -0.029894 0.218746 -0.022441 0.068536 0.249562 0.665425 1.000000 -0.031544 0.080546 0.084259 -0.056868 0.132488 0.123579 0.179331 0.101553 -0.374701 -0.300058 -0.330709 -0.274524 -0.312352 -0.224431 -0.403249 -0.323167 -0.454535 -0.541443 -0.340516 -0.367106 -0.191328 -0.201300 0.134577 0.340841 -0.002914 0.042046 0.202961 0.183682 0.079453 0.150541 0.068143 -0.044900 0.009580 0.105218 0.297799 0.221942 -0.219451 -0.025095 0.103325 -0.140988 0.070608 0.057424 0.114183 0.179464 0.094141 0.063209 0.178277 0.012400 0.216310 0.140921 0.042565 -0.312927 0.253281 -0.109418 0.097541 -0.152089 -0.104498 -0.290423 -0.436900 -0.378397 0.037886 -0.153514 -0.060846 -0.140987 -0.211793 -0.295716 -0.385405 -0.449141 -0.326465 -0.358834 -0.217027 -0.071479 -0.110215 0.174015 -0.036007 0.027510 -0.025911 -0.337263 -0.375916 -0.337732 -0.184566 -0.206470
-0.146015 -0.310931 -0.190765 -0.344841 -0.187962 -0.348044 -0.176671 -0.354927 -0.129163 -0.378194 -0.076853 -0.487724 -0.261184 -0.486152 -0.294694 -0.449071 -0.081597 -0.185169 -0.215376 -0.129089 -0.262224 -0.289952 -0.281080 -0.126000 -0.302269 -0.378004 -0.249990 -0.075568 -0.217387 -0.381839 -0.456835 -0.399483 0.049109 -0.031544 1.000000 0.555039 0.148346 -0.104012 -0.121434 -0.057594 -0.126398 -0.319606 0.320714 0.233559 0.288899 0.315694 0.295879 0.429971 0.290901 0.081196 0.363912 0.182662 0.107991 0.068087 0.029988 -0.026572 -0.069234 -0.274982 0.203614 -0.014526 0.394281 -0.154649 0.272572 -0.099137 0.451810 0.163517 0.481409 0.434659 -0.100710 0.118408 -0.159207 -0.375848 -0.170536 -0.417882 -0.127553 -0.362861 0.252934 0.298946 -0.044657 -0.030510 -0.149148 -0.224267 -0.203429 -0.418870 0.158229 -0.048830 -0.220856 -0.289962 -0.215567 -0.127099 0.216248 0.261243 0.266272 0.218825 0.041385 -0.021543 0.198736 -0.009608 0.391501 0.236132 0.003717 0.043181 0.217262 0.186078 0.155415 0.109555 -0.183497 -0.077414 0.044610 0.054244 0.438392 0.408361 0.255674 0.108367 -0.057618 -0.047489
-0.082959 -0.064765 0.178292 -0.026626 0.149769 -0.167247 0.230624 0.105631 0.233463 0.079077 -0.280031 -0.295756 0.064496 -0.134410 -0.268889 -0.329744 -0.233898 -0.225640 -0.055202 0.119166 -0.182475 -0.279784 0.042965 0.294834 0.050253 -0.022305 -0.191742 -0.053907 -0.233177 -0.418859 -0.279714 -0.205882 -0.227374 0.080546 0.555039 1.000000 -0.184389 -0.118794 -0.300399 -0.226570 -0.276825 -0.354776 -0.106833 -0.081454 -0.073606 -0.001948 -0.054061 0.254454 0.077894 -0.307582 0.151563 0.051712 0.076932 -0.053500 -0.191421 -0.295218 -0.146073 -0.267522 0.246821 0.066634 0.214515 -0.151777 -0.013300 -0.379258 0.358309 -0.012115 0.270670 0.620616 0.183713 0.385082 0.155393 -0.044188 -0.376806 -0.361570 -0.379375 -0.233078 0.064060 0.135674 -0.346980 -0.378242 -0.244586 -0.469488 -0.214379 -0.409142 0.023324 -0.322975 -0.149349 -0.348409 -0.010969 -0.055006 0.484092 0.395577 0.256042 0.172592 -0.083320 -0.232231 -0.111382 -0.248278 0.299864 -0.050787 0.012481 0.047160 0.210008 -0.000852 -0.147884 -0.211307 0.045873 -0.030084 -0.230166 -0.073134 0.248492 0.107079 -0.065379 -0.200684 -0.257522 -0.131010
