1.000000 0.095883 -0.008324 -0.092778 0.091037 0.030752 -0.171153 -0.114473 0.009645 0.032145 0.254043 -0.117998 -0.016913 -0.165879 -0.063477 -0.136180 0.185066 -0.115304 0.465690 0.266722 0.002797 -0.063819 -0.273189 -0.272370 -0.321290 -0.288684 -0.036851 -0.163668 0.027028 -0.304053 -0.298548 -0.330630 0.199323 0.025470 -0.091046 -0.017094 -0.172701 -0.301378 0.000085 0.079991 -0.150382 -0.105304 0.195689 0.118974 0.142313 0.148866 0.197718 0.245972 0.045104 0.090367 0.069353 0.123894 0.093839 0.172923 0.064798 0.122196 0.287535 -0.108353 0.299387 0.077027 0.336389 0.058053 0.449601 0.218249 0.063616 0.054108 0.104157 -0.005066 -0.043603 -0.061188 -0.237989 -0.337439 -0.129795 -0.326558 -0.172937 -0.187035 -0.029219 0.012687 0.158632 -0.171992 0.075242 -0.190684 0.158430 0.031985 0.110643 -0.031996 -0.250129 -0.054341 0.037372 -0.049184 0.137593 -0.169758 -0.150071 -0.059649 -0.226834 -0.063820 0.109613 -0.052166 0.029222 -0.022376 -0.057629 0.018811 -0.035485 0.057946 -0.039956 -0.016035 0.196279 0.051649 -0.042498 0.043511 -0.021821 0.108991 -0.180613 -0.114538 0.071131 -0.077277
0.095883 1.000000 0.071509 0.236670 -0.023241 0.022275 0.177980 0.355672 -0.068891 -0.135603 0.175046 0.589320 0.136862 0.380190 0.074414 0.122406 -0.085270 0.141667 0.343198 0.241163 0.217521 0.175120 -0.010111 0.192153 -0.082906 -0.094993 -0.031007 0.115579 -0.080922 0.035837 0.143041 0.084532 0.190857 0.130680 -0.185186 -0.139999 -0.148600 0.041801 -0.048405 0.054702 -0.106407 0.090626 -0.204514 -0.194079 -0.175543 -0.159955 -0.127722 -0.094592 0.035721 -0.003379 -0.054910 -0.083211 0.124900 -0.133428 -0.158238 -0.050085 0.006914 0.162632 -0.024400 0.097266 -0.237021 0.124261 -0.131952 -0.002879 -0.271442 -0.177779 -0.170260 -0.156380 0.063342 -0.015261 -0.025169 0.123511 -0.091492 0.000560 -0.156496 0.164415 -0.071929 -0.145096 -0.225129 -0.024363 -0.291630 -0.067467 -0.137990 0.191159 -0.068349 -0.084507 0.136368 0.225672 -0.119914 0.070641 0.060798 -0.049508 -0.234343 -0.274296 -0.140058 0.063063 -0.173939 -0.044971 -0.080673 -0.192614 -0.059236 -0.191292 -0.033408 -0.154606 -0.095832 -0.078294 -0.187198 0.007376 -0.051152 0.129090 -0.167060 -0.064500 -0.092617 -0.145148 0.103058 0.009139
-0.008324 0.071509 1.000000 0.616483 0.601585 0.421349 0.765882 0.683240 0.690364 0.571308 -0.138169 0.082632 0.331631 0.373188 0.403401 0.287662 -0.490997 -0.526518 0.154869 0.284531 0.175606 0.034751 0.464039 0.520848 0.523522 0.245785 0.516082 0.401693 -0.479131 -0.312586 0.236830 0.209507 -0.418687 -0.021745 -0.033002 0.106586 -0.535069 -0.303421 -0.348533 -0.213242 -0.259703 -0.234429 -0.449294 -0.424553 -0.319962 -0.079868 -0.479722 -0.288541 0.122852 -0.160765 -0.245344 -0.263803 -0.080061 -0.411266 -0.486644 -0.592509 -0.217683 -0.364210 0.398557 0.469693 -0.176193 0.288231 -0.203252 -0.254107 -0.043935 -0.110549 0.393490 0.476817 -0.065064 0.217420 0.108026 0.370479 -0.396321 -0.232415 -0.434956 -0.143233 -0.692013 -0.449828 -0.472652 -0.515361 -0.498711 -0.514052 -0.009291 0.142876 -0.289202 -0.333374 -0.239471 0.021649 0.300099 -0.023917 0.380757 0.213975 0.198479 0.044094 -0.156334 -0.324615 -0.498887 -0.352664 -0.396850 -0.367873 -0.319087 -0.088132 0.041789 -0.042250 -0.117570 -0.283703 0.118732 0.015574 -0.300082 -0.069438 0.301083 -0.411386 0.056384 -0.291785 -0.029013 -0.196386
-0.092778 0.236670 0.616483 1.000000 0.371561 0.305346 0.712709 0.805302 0.630372 0.297431 -0.069049 0.409483 0.333662 0.637652 0.315776 0.673953 -0.460584 -0.260928 0.123566 0.196780 0.285742 0.487518 0.680252 0.675369 0.600392 0.398760 0.570959 0.460584 -0.346654 -0.097556 0.532349 0.471719 -0.229657 0.216606 -0.221897 -0.009253 -0.455306 -0.108056 -0.272129 -0.278540 -0.070831 -0.039261 -0.573191 -0.467492 -0.500536 -0.258154 -0.644184 -0.579726 -0.120165 -0.432077 -0.385669 -0.548873 -0.311875 -0.521284 -0.446871 -0.521535 -0.203900 -0.149472 0.168480 0.222330 -0.069612 0.288650 -0.190103 -0.128012 0.047281 -0.114634 0.105116 0.274255 0.125956 0.225855 0.301166 0.506167 -0.258160 -0.063159 -0.355676 0.017819 -0.460167 -0.244929 -0.467170 -0.358058 -0.442815 -0.366720 0.066718 0.441765 -0.235658 -0.322508 -0.045783 0.232016 0.250965 0.047449 0.205470 -0.041125 0.067524 -0.140295 -0.201770 -0.339788 -0.577139 -0.274195 -0.559957 -0.520940 -0.279305 -0.341453 -0.033986 -0.277248 -0.371352 -0.419505 -0.044028 0.015656 -0.250816 -0.200020 0.076002 -0.611310 -0.134450 -0.440467 -0.206208 -0.289690
0.091037 -0.023241 0.601585 0.371561 1.000000 0.413246 0.534837 0.314786 0.678878 0.772255 -0.175297 -0.112906 0.314597 0.157321 0.403852 0.124698 -0.188657 -0.500646 0.008585 0.477898 0.282340 -0.003459 0.149572 0.347060 0.391266 0.116313 0.632948 0.146645 -0.276274 -0.384915 -0.162385 -0.192494 -0.562533 -0.260851 0.170178 0.249469 -0.383674 -0.235683 -0.224063 -0.132098 -0.315880 -0.114577 -0.361701 -0.486507 -0.312689 0.081606 -0.545062 -0.117075 0.062314 -0.101488 -0.180193 -0.061116 -0.141064 -0.242489 -0.397671 -0.524477 0.114906 -0.273122 0.384132 0.503868 -0.072034 0.211254 -0.003644 -0.305355 -0.012825 -0.062625 0.373065 0.479769 0.010329 0.448205 0.040164 0.045196 -0.362090 -0.368609 -0.512684 -0.227134 -0.502150 -0.318157 -0.300729 -0.333435 -0.294909 -0.497731 0.162077 0.065681 -0.161663 -0.363701 -0.254508 -0.258733 0.313969 0.047334 0.540685 0.323027 0.372175 0.239699 -0.118157 -0.302933 -0.532814 -0.238423 -0.404004 -0.107666 -0.055577 0.169337 0.414882 0.317099 0.209714 -0.121898 0.136536 0.143578 -0.322124 -0.234521 0.334992 -0.159462 -0.032529 -0.342656 -0.034543 -0.270943
0.030752 0.022275 0.421349 0.305346 0.413246 1.000000 0.233523 0.301139 0.457705 0.355198 -0.098322 -0.066831 0.068618 0.116880 0.539776 0.153086 -0.053623 -0.152592 0.132863 0.378421 0.316952 0.247974 0.176831 0.231140 0.146740 0.122555 0.565697 0.248180 -0.244115 -0.336628 -0.141200 -0.124071 -0.315818 -0.169191 -0.023369 -0.038702 -0.316733 -0.148776 -0.063181 -0.060726 -0.281642 -0.224075 -0.271141 -0.354300 -0.231732 -0.072495 -0.286850 -0.006349 -0.007243 -0.003752 -0.123714 -0.108400 -0.059147 -0.233562 -0.324272 -0.401272 0.309856 0.004558 0.173192 0.226830 -0.259624 0.020423 -0.105795 -0.367963 -0.099634 -0.299466 0.152551 0.079412 -0.024537 0.276947 0.284098 -0.005811 -0.412609 -0.326386 -0.552207 -0.272318 -0.288369 -0.165796 -0.219985 -0.266557 -0.076824 -0.252890 0.045853 -0.105637 -0.215461 -0.184360 -0.089409 -0.112404 0.316690 0.090850 0.401781 0.259946 0.305679 0.131215 -0.013528 -0.184460 -0.242793 -0.097086 -0.207534 0.013624 0.017934 0.132080 0.183880 0.246672 0.173431 0.120235 0.056178 0.171680 -0.046034 -0.067753 0.035077 -0.110286 0.111248 -0.102245 0.174879 -0.134740
-0.171153 0.177980 0.765882 0.712709 0.534837 0.233523 1.000000 0.800042 0.750194 0.515909 -0.069770 0.283087 0.442315 0.589179 0.316057 0.487777 -0.503337 -0.472125 -0.040538 0.193020 0.158110 0.253438 0.508249 0.503592 0.572901 0.205979 0.509850 0.344580 -0.380416 -0.151697 0.372402 0.328894 -0.426550 0.001599 -0.043401 0.134291 -0.490034 -0.138479 -0.311026 -0.245279 -0.154623 -0.061019 -0.516835 -0.444037 -0.390444 -0.193080 -0.589566 -0.452502 0.072512 -0.310724 -0.304283 -0.388605 -0.117900 -0.372518 -0.441491 -0.543463 -0.253810 -0.274220 0.337751 0.361769 -0.041844 0.360055 -0.245804 -0.269235 -0.069460 -0.096948 0.277553 0.372565 0.047832 0.217476 0.111649 0.452667 -0.244596 -0.117537 -0.344522 -0.035589 -0.576238 -0.404215 -0.521985 -0.436578 -0.545532 -0.510711 -0.106681 0.256609 -0.397149 -0.429839 -0.127250 0.011763 0.233631 0.070347 0.306380 0.197822 0.121659 -0.012299 -0.166439 -0.326152 -0.580872 -0.334921 -0.488199 -0.395330 -0.376485 -0.203822 0.009966 -0.183308 -0.184003 -0.376504 -0.019464 0.018657 -0.300313 -0.208525 0.223385 -0.530781 0.038150 -0.378583 -0.122280 -0.183217
-0.114473 0.355672 0.683240 0.805302 0.314786 0.301139 0.800042 1.000000 0.624260 0.366038 -0.057037 0.440762 0.311259 0.759410 0.311437 0.622123 -0.506086 -0.304668 0.125726 0.240547 0.271822 0.421575 0.597735 0.588765 0.507706 0.180785 0.379586 0.380956 -0.397147 -0.084684 0.569560 0.498683 -0.199670 0.178265 -0.309031 -0.111841 -0.554796 -0.203916 -0.415866 -0.318203 -0.225415 -0.097531 -0.455266 -0.347155 -0.311923 -0.146280 -0.457084 -0.447823 0.144142 -0.192633 -0.284466 -0.442832 -0.026698 -0.404775 -0.536081 -0.582454 -0.255889 -0.277314 0.269778 0.346740 -0.160819 0.346841 -0.237206 -0.113458 -0.201534 -0.257830 0.123875 0.227611 -0.007648 0.180648 0.254989 0.525092 -0.233402 -0.085383 -0.378616 0.019682 -0.574908 -0.447885 -0.520148 -0.466456 -0.543402 -0.480906 -0.129002 0.420655 -0.406096 -0.551044 -0.213405 0.133840 0.128798 -0.055875 0.329738 0.014927 0.027730 -0.155475 -0.218611 -0.376995 -0.613076 -0.407709 -0.425170 -0.518017 -0.390810 -0.329604 -0.115919 -0.276544 -0.317108 -0.482169 0.007312 -0.020609 -0.274781 -0.236556 -0.071915 -0.633123 -0.032328 -0.429230 -0.227521 -0.280704
0.009645 -0.068891 0.690364 0.630372 0.678878 0.457705 0.750194 0.624260 1.000000 0.649274 -0.157744 0.002474 0.345633 0.461487 0.383259 0.469853 -0.452876 -0.566451 -0.021740 0.340321 0.202705 0.227301 0.427933 0.410965 0.549136 0.177962 0.648039 0.237372 -0.438250 -0.325877 0.204670 0.139636 -0.525614 -0.124152 0.027389 0.124468 -0.554344 -0.227484 -0.382532 -0.326296 -0.354737 -0.133674 -0.382783 -0.378109 -0.306172 -0.027824 -0.606003 -0.294133 0.135335 -0.169815 -0.192524 -0.269531 -0.107311 -0.264611 -0.507193 -0.629626 0.009495 -0.313467 0.470283 0.465930 0.015037 0.334034 -0.189643 -0.290150 -0.072463 -0.139193 0.387555 0.404079 -0.045155 0.359348 0.220387 0.322575 -0.405003 -0.276271 -0.558399 -0.173267 -0.609904 -0.328225 -0.560913 -0.510883 -0.449456 -0.557278 0.051076 0.187802 -0.449685 -0.527143 -0.276925 -0.145441 0.247186 0.008053 0.512843 0.365987 0.211584 0.158477 -0.141153 -0.435540 -0.631953 -0.321668 -0.475788 -0.242207 -0.232337 -0.056529 0.098250 0.029885 -0.116190 -0.366164 0.058803 0.033477 -0.311887 -0.288352 0.253429 -0.482986 0.107538 -0.380419 -0.127645 -0.314136
0.032145 -0.135603 0.571308 0.297431 0.772255 0.355198 0.515909 0.366038 0.649274 1.000000 -0.218149 -0.086418 0.255957 0.237958 0.465692 0.194815 -0.197321 -0.480696 0.025959 0.347565 0.246329 -0.059298 0.074802 0.234968 0.436274 0.196360 0.421717 0.186446 -0.243117 -0.252033 -0.081665 -0.075500 -0.493911 -0.169529 0.102256 0.199331 -0.378399 -0.315963 -0.311725 -0.144675 -0.351427 -0.148563 -0.336466 -0.423282 -0.355301 -0.056735 -0.440285 -0.164646 0.082702 -0.125980 -0.136598 -0.090458 -0.014492 -0.224696 -0.431668 -0.542728 0.021109 -0.311298 0.376682 0.483369 -0.086292 0.173744 -0.069132 -0.317511 -0.060584 -0.043803 0.370037 0.426702 -0.115684 0.365145 -0.006359 0.050112 -0.259060 -0.311875 -0.349466 -0.185731 -0.522515 -0.439436 -0.299825 -0.281413 -0.222865 -0.467586 0.111615 0.130211 -0.238532 -0.384856 -0.298224 -0.346291 0.242831 -0.008112 0.531242 0.328095 0.392298 0.242454 -0.089070 -0.288054 -0.484524 -0.289986 -0.348025 -0.102415 -0.134978 0.212732 0.341561 0.297671 0.219039 -0.145189 0.097838 0.147257 -0.285753 -0.258858 0.185991 -0.228364 0.082420 -0.204067 -0.106602 -0.155849
0.254043 0.175046 -0.138169 -0.069049 -0.175297 -0.098322 -0.069770 -0.057037 -0.157744 -0.218149 1.000000 0.432075 0.582734 0.226547 0.260780 0.242173 0.133774 0.117063 -0.076742 -0.210334 -0.056107 -0.003756 0.045725 -0.072433 -0.129504 0.079633 -0.121782 0.019601 0.183096 0.105081 0.144888 0.126403 0.030221 0.010143 -0.178212 -0.109216 0.018408 0.047341 0.052908 -0.140972 0.012943 -0.017968 0.013825 0.065568 0.000083 -0.114196 -0.017235 -0.051054 0.010435 -0.042083 -0.080148 -0.059008 0.041624 0.085756 0.028222 0.072765 -0.158989 -0.027654 -0.086197 -0.176063 0.217756 0.204236 0.001207 0.089612 0.036717 -0.024692 -0.196875 -0.284624 0.041868 -0.227976 0.235022 0.050067 0.107416 0.157785 0.188284 0.140839 0.152507 0.113921 -0.020168 -0.029984 0.051323 -0.009940 0.014913 0.023658 0.091186 0.037715 0.054362 0.084359 -0.180234 0.051167 -0.096237 -0.160977 -0.151535 -0.262087 -0.097402 -0.128296 0.151712 -0.184894 0.220341 -0.120462 -0.193311 -0.272814 -0.328843 -0.294242 -0.207423 -0.078854 -0.046953 0.058247 -0.014242 0.045812 -0.098342 -0.179158 -0.031925 -0.048537 -0.039800 -0.112453
-0.117998 0.589320 0.082632 0.409483 -0.112906 -0.066831 0.283087 0.440762 0.002474 -0.086418 0.432075 1.000000 0.446555 0.674915 0.134106 0.439686 -0.198907 0.238774 0.095783 -0.190594 0.201113 0.347488 0.381423 0.368126 0.128408 0.199416 -0.001568 0.258482 0.057075 0.428909 0.517583 0.491762 0.131906 0.351213 -0.262241 -0.072423 -0.082155 0.272090 -0.098171 -0.128965 0.119415 0.290668 -0.243277 -0.128651 -0.252329 -0.262620 -0.283404 -0.387066 -0.125523 -0.242428 -0.301053 -0.328550 -0.066438 -0.117184 -0.107584 -0.060266 -0.353138 0.063914 -0.262594 -0.225199 -0.110126 0.156036 -0.303647 0.109656 -0.160393 -0.044177 -0.417907 -0.274516 -0.107997 -0.219661 0.271750 0.455299 0.115230 0.396647 0.197146 0.492408 0.028666 -0.032929 -0.317532 0.047284 -0.319070 0.031456 -0.196610 0.345383 -0.180388 0.006928 0.175096 0.317082 -0.265694 0.121632 -0.238893 -0.247694 -0.316598 -0.504831 -0.090790 -0.031025 -0.120154 -0.138825 -0.182115 -0.352114 -0.326663 -0.476223 -0.421968 -0.515946 -0.334926 -0.220449 -0.344868 -0.019412 -0.072156 -0.082856 -0.349407 -0.407679 -0.072521 -0.146600 -0.129831 0.015062
-0.016913 0.136862 0.331631 0.333662 0.314597 0.068618 0.442315 0.311259 0.345633 0.255957 0.582734 0.446555 1.000000 0.532986 0.493539 0.459751 -0.123001 -0.100035 -0.189346 -0.197110 0.304741 0.233781 0.389133 0.289428 0.431996 0.414330 0.176729 0.211484 0.219740 0.221542 0.379654 0.382417 -0.220657 0.137931 -0.115147 -0.043727 -0.131927 0.087086 -0.175515 -0.312090 0.056272 0.179064 -0.315756 -0.247648 -0.323384 -0.269926 -0.446709 -0.379104 -0.103312 -0.335136 -0.359482 -0.391163 -0.214632 -0.217040 -0.282808 -0.316522 -0.329414 -0.197551 -0.015621 -0.081191 0.112790 0.316009 -0.246237 -0.062304 0.068541 -0.044717 -0.069022 -0.100370 -0.064984 -0.133099 0.395042 0.352846 0.155884 0.283966 0.115332 0.307515 -0.005917 0.046179 -0.241417 -0.067810 -0.164382 -0.109083 0.150246 0.313346 -0.027452 -0.132625 -0.010156 -0.027247 -0.019942 0.015518 -0.049364 -0.114901 -0.083571 -0.268643 -0.006284 -0.280379 -0.223541 -0.341449 -0.187203 -0.360771 -0.292448 -0.338165 -0.165917 -0.324055 -0.274381 -0.421374 -0.297722 -0.211049 -0.141321 -0.156779 0.024034 -0.474420 -0.032487 -0.204824 -0.299857 -0.241452
-0.165879 0.380190 0.373188 0.637652 0.157321 0.116880 0.589179 0.759410 0.461487 0.237958 0.226547 0.674915 0.532986 1.000000 0.291472 0.683849 -0.440626 -0.109026 -0.088379 -0.036017 0.297166 0.466594 0.583750 0.529248 0.456847 0.274925 0.200351 0.273022 -0.182681 0.258825 0.707326 0.632648 -0.146895 0.259396 -0.361423 -0.068894 -0.373268 0.113271 -0.403121 -0.376344 -0.103727 0.210910 -0.328248 -0.132884 -0.293822 -0.164223 -0.454141 -0.401619 0.052886 -0.196581 -0.392294 -0.496305 -0.080430 -0.244594 -0.474596 -0.400910 -0.329991 -0.200548 0.004612 0.087891 -0.040328 0.416052 -0.341237 0.037836 -0.218049 -0.247590 -0.183151 -0.011674 -0.170457 0.000143 0.423418 0.605460 -0.037098 0.265020 -0.103966 0.344523 -0.299728 -0.231888 -0.557169 -0.204550 -0.473293 -0.229217 -0.060361 0.541787 -0.467420 -0.400952 -0.132291 0.096675 -0.095276 0.102954 0.119159 -0.153650 -0.152474 -0.401920 -0.090558 -0.390490 -0.501232 -0.410955 -0.361346 -0.477034 -0.389785 -0.522072 -0.315198 -0.466512 -0.388683 -0.543569 -0.205411 -0.154535 -0.261554 -0.288806 -0.220173 -0.686089 -0.050130 -0.405088 -0.404155 -0.365208
-0.063477 0.074414 0.403401 0.315776 0.403852 0.539776 0.316057 0.311437 0.383259 0.465692 0.260780 0.134106 0.493539 0.291472 1.000000 0.477224 -0.075475 -0.188038 -0.080688 0.214443 0.372769 0.173759 0.303677 0.439385 0.394123 0.475557 0.487780 0.495068 -0.109973 -0.105746 0.180244 0.202931 -0.400434 -0.090067 -0.120068 -0.128983 -0.247226 -0.153689 -0.046170 -0.228366 -0.130477 -0.185119 -0.399422 -0.402125 -0.463031 -0.312567 -0.413283 -0.255137 -0.140734 -0.276244 -0.211960 -0.319997 -0.124810 -0.265791 -0.419549 -0.493839 0.085370 -0.058547 0.015802 0.091782 -0.217430 0.038036 -0.193744 -0.315329 0.105407 -0.272452 0.016017 0.020491 -0.042109 0.244257 0.343920 0.198607 -0.198466 -0.129020 -0.252171 -0.116313 -0.329914 -0.217984 -0.228568 -0.213900 -0.057735 -0.275978 0.316682 0.197412 0.038991 -0.214956 0.005021 -0.067774 0.360562 0.054331 0.332933 0.142589 0.301685 0.060475 -0.120213 -0.368356 -0.308820 -0.292320 -0.133259 -0.134509 -0.207827 -0.028984 0.090690 0.040159 -0.053409 -0.139142 0.130053 0.086219 -0.172028 -0.176200 0.134219 -0.217850 0.157521 -0.137230 -0.047588 -0.169977
-0.136180 0.122406 0.287662 0.673953 0.124698 0.153086 0.487777 0.622123 0.469853 0.194815 0.242173 0.439686 0.459751 0.683849 0.477224 1.000000 -0.474852 -0.151101 -0.221615 -0.071474 0.179401 0.526628 0.619042 0.471060 0.557125 0.521095 0.444768 0.575025 -0.202395 0.140249 0.655609 0.619910 -0.275824 0.195777 -0.316791 -0.223184 -0.348946 -0.036704 -0.270631 -0.446614 -0.040845 0.038331 -0.358039 -0.255093 -0.377614 -0.320898 -0.458158 -0.550814 -0.021244 -0.326709 -0.310018 -0.507937 -0.122401 -0.242427 -0.406668 -0.468027 -0.233074 -0.123752 0.023236 0.061425 0.005253 0.328386 -0.309645 -0.034137 0.055140 -0.179582 -0.102563 0.012044 -0.004492 0.097277 0.388950 0.554149 -0.101506 0.094509 -0.159598 0.132669 -0.311375 -0.180076 -0.437578 -0.240697 -0.332512 -0.299358 0.115023 0.543236 -0.264960 -0.366877 -0.045079 0.205176 0.088106 0.083527 0.221141 -0.005580 0.041292 -0.204047 -0.178998 -0.518874 -0.407819 -0.396986 -0.142967 -0.432765 -0.395290 -0.483362 -0.208878 -0.479033 -0.486252 -0.591686 0.023262 -0.010049 -0.215620 -0.298902 -0.018122 -0.645890 0.032087 -0.396518 -0.378093 -0.274363
0.185066 -0.085270 -0.490997 -0.460584 -0.188657 -0.053623 -0.503337 -0.506086 -0.452876 -0.197321 0.133774 -0.198907 -0.123001 -0.440626 -0.075475 -0.474852 1.000000 0.542604 0.235880 0.160980 -0.018587 -0.220364 -0.522905 -0.436869 -0.433998 -0.279795 -0.300130 -0.432007 0.628145 0.130432 -0.434727 -0.391001 0.468680 0.084230 0.173612 -0.139178 0.455351 -0.098172 0.231569 0.193703 0.099023 -0.103904 0.140128 -0.025779 0.100186 -0.077009 0.260634 0.100401 -0.275196 -0.022978 0.181157 0.117668 -0.052849 0.043794 0.239347 0.136774 0.463049 0.420032 -0.253746 -0.322863 0.030827 -0.431292 0.490811 0.153678 0.112173 -0.084037 -0.104130 -0.338842 0.101497 -0.166271 -0.066188 -0.522238 0.497585 0.000467 0.277960 -0.132693 0.586010 0.296106 0.772246 0.493324 0.765361 0.501940 0.025251 -0.254908 0.536709 0.161294 0.083171 -0.183084 -0.091255 -0.423788 -0.229452 -0.180850 0.088140 0.200993 0.093653 0.279928 0.233643 0.216597 0.109809 0.249197 0.351416 0.362617 0.160101 0.367845 0.241222 0.369865 -0.091453 -0.056479 0.317829 0.084162 -0.255164 0.447192 -0.150369 0.239361 0.090892 0.155521
-0.115304 0.141667 -0.526518 -0.260928 -0.500646 -0.152592 -0.472125 -0.304668 -0.566451 -0.480696 0.117063 0.238774 -0.100035 -0.109026 -0.188038 -0.151101 0.542604 1.000000 0.153366 -0.132918 0.054539 0.118124 -0.085631 -0.149832 -0.311031 -0.040676 -0.309320 -0.065843 0.569904 0.634016 0.055675 0.113612 0.627196 0.449080 -0.166070 -0.434496 0.447214 0.257967 0.202600 0.119574 0.341912 0.233176 0.165834 0.137234 0.058876 -0.256578 0.259418 -0.050574 -0.354418 -0.058079 -0.017076 -0.023065 -0.104711 0.085918 0.176621 0.297243 0.131094 0.579717 -0.668181 -0.646216 -0.157711 -0.380416 0.031131 0.348991 -0.032175 -0.077312 -0.611273 -0.691381 -0.092169 -0.367967 0.165368 -0.061067 0.532626 0.517267 0.512741 0.385333 0.682765 0.417294 0.508569 0.704817 0.502599 0.731897 -0.097514 -0.009672 0.264825 0.359325 0.217686 0.154587 -0.357918 -0.177004 -0.547165 -0.371545 -0.236860 -0.204840 -0.012368 0.285109 0.285424 0.123824 0.202541 0.015068 0.187616 -0.043561 -0.216835 -0.068589 -0.051470 0.142213 -0.288993 -0.245753 0.236826 -0.062410 -0.503246 0.203040 -0.123754 0.252743 -0.088174 0.192060
0.465690 0.343198 0.154869 0.123566 0.008585 0.132863 -0.040538 0.125726 -0.021740 0.025959 -0.076742 0.095783 -0.189346 -0.088379 -0.080688 -0.221615 0.235880 0.153366 1.000000 0.470046 0.112573 -0.106107 -0.124374 0.053838 -0.226182 -0.200103 0.036607 0.002898 0.040759 -0.072122 -0.144113 -0.119048 0.418135 0.223982 -0.109065 -0.147611 -0.166476 -0.235283 0.009887 0.347404 -0.104566 -0.109980 -0.122209 -0.157524 -0.078735 -0.049292 0.009957 -0.039499 -0.048330 -0.063286 0.029719 -0.033739 0.040721 -0.204799 -0.024055 0.017489 0.245478 0.065124 0.079898 0.028701 -0.120077 -0.254212 0.340362 0.015410 -0.106144 -0.165407 0.006120 -0.082646 0.069518 -0.057935 -0.041262 -0.117769 0.003945 -0.169819 -0.114457 -0.032722 -0.046746 -0.041317 0.167246 -0.031344 0.097260 -0.009266 0.023603 0.055507 0.218005 -0.018022 0.054546 0.159576 -0.025178 -0.155901 0.007581 -0.174269 -0.188084 -0.108675 -0.245666 0.214923 -0.079833 -0.035191 -0.198668 -0.107405 0.004175 0.127619 0.036065 0.119419 -0.023807 0.189323 -0.003489 -0.013691 0.063838 0.063853 -0.291543 0.169254 -0.176237 0.039541 0.243031 0.008536
0.266722 0.241163 0.284531 0.196780 0.477898 0.378421 0.193020 0.240547 0.340321 0.347565 -0.210334 -0.190594 -0.197110 -0.036017 0.214443 -0.071474 0.160980 -0.132918 0.470046 1.000000 0.156991 -0.031528 -0.120240 0.225021 -0.084406 -0.145219 0.402269 0.028873 -0.324931 -0.431443 -0.247097 -0.263519 -0.001168 -0.127595 0.008304 -0.033861 -0.337237 -0.295215 -0.098158 0.169993 -0.373618 -0.273453 -0.223729 -0.381460 -0.178068 0.002703 -0.189507 0.033910 0.070755 0.008681 0.023655 -0.004293 0.011866 -0.202445 -0.272743 -0.353308 0.564059 0.105538 0.305137 0.423875 -0.227994 -0.143826 0.238711 -0.146832 -0.240981 -0.378363 0.254973 0.219612 0.250314 0.561379 -0.051049 -0.091853 -0.344895 -0.534966 -0.591488 -0.375442 -0.423775 -0.206689 0.029414 -0.194351 -0.009547 -0.221499 0.010219 -0.035203 -0.056910 -0.405719 -0.163546 -0.075717 0.184511 -0.196898 0.536267 0.199338 0.126029 0.243281 -0.235508 -0.101188 -0.436455 -0.015700 -0.235233 -0.006588 0.031891 0.292981 0.340639 0.434603 0.167233 0.124600 0.363637 0.202024 -0.167181 -0.062595 0.153187 0.180653 -0.052691 -0.211549 0.225992 -0.273778
0.002797 0.217521 0.175606 0.285742 0.282340 0.316952 0.158110 0.271822 0.202705 0.246329 -0.056107 0.201113 0.304741 0.297166 0.372769 0.179401 -0.018587 0.054539 0.112573 0.156991 1.000000 0.596882 0.268393 0.407141 0.335530 0.366115 0.267223 0.247810 0.136994 0.112071 0.149563 0.130859 -0.090075 0.102193 -0.076742 -0.024000 -0.134715 0.076338 0.054815 -0.016119 0.036162 0.215257 -0.265891 -0.209229 -0.277612 -0.173091 -0.260375 -0.219930 -0.130135 -0.180345 -0.107436 -0.251269 -0.193536 -0.312950 -0.281912 -0.204969 -0.048951 -0.076303 -0.113890 -0.048281 -0.308295 -0.154456 -0.181725 -0.168347 -0.019430 -0.147378 -0.088593 -0.056541 -0.028466 0.082691 0.327505 0.190470 0.017467 0.106136 -0.034768 0.175844 -0.002871 -0.070959 -0.202318 -0.010922 -0.268246 -0.121373 0.116727 0.253540 0.046764 -0.198885 -0.032945 -0.051370 0.200917 0.046508 -0.017915 -0.188936 -0.057171 -0.169574 0.104882 0.068384 -0.146661 -0.043685 -0.296382 -0.209947 -0.176918 -0.054569 0.098541 0.006067 0.026893 -0.083438 -0.361599 -0.130957 -0.026957 -0.038190 -0.016681 -0.168464 -0.100679 -0.126303 -0.005830 -0.026342
-0.063819 0.175120 0.034751 0.487518 -0.003459 0.247974 0.253438 0.421575 0.227301 -0.059298 -0.003756 0.347488 0.233781 0.466594 0.173759 0.526628 -0.220364 0.118124 -0.106107 -0.031528 0.596882 1.000000 0.478976 0.326053 0.334210 0.363631 0.281731 0.363639 0.081845 0.250276 0.463115 0.459280 0.016910 0.327747 -0.155853 -0.145414 -0.101859 0.209446 0.051090 -0.150518 0.184100 0.301429 -0.199251 -0.114216 -0.276722 -0.333176 -0.214689 -0.359832 -0.205972 -0.332735 -0.236389 -0.461628 -0.287181 -0.231211 -0.155870 -0.104119 -0.090406 0.005178 -0.116682 -0.190680 -0.028818 0.091417 -0.193003 0.010923 0.077124 -0.138651 -0.213155 -0.191899 0.088429 -0.023900 0.294460 0.408594 0.076600 0.220469 0.000874 0.258191 0.061061 0.027329 -0.213386 0.001004 -0.300561 -0.028846 0.046302 0.444986 -0.153759 -0.216703 0.057463 0.254966 0.140527 0.088637 -0.177542 -0.284690 -0.195578 -0.336289 0.031758 -0.042399 -0.123751 0.025884 -0.353495 -0.360480 -0.237778 -0.460338 -0.193969 -0.405784 -0.268880 -0.320187 -0.235465 -0.072639 0.084452 -0.012084 -0.129502 -0.387258 -0.110883 -0.307557 -0.216646 -0.155773
-0.273189 -0.010111 0.464039 0.680252 0.149572 0.176831 0.508249 0.597735 0.427933 0.074802 0.045725 0.381423 0.389133 0.583750 0.303677 0.619042 -0.522905 -0.085631 -0.124374 -0.120240 0.268393 0.478976 1.000000 0.749869 0.643183 0.532567 0.451422 0.521960 -0.215387 0.254593 0.766813 0.753404 -0.214934 0.349738 -0.317141 -0.130704 -0.325170 0.135096 -0.258885 -0.333956 0.142172 0.089610 -0.325321 -0.078623 -0.267067 -0.158597 -0.400046 -0.375066 -0.104592 -0.318122 -0.403542 -0.529561 -0.265568 -0.311609 -0.387966 -0.313164 -0.390808 -0.203093 -0.109664 -0.125903 -0.070819 0.193918 -0.440082 -0.021153 0.134951 -0.185416 -0.209023 0.001054 -0.059414 0.030102 0.473067 0.711444 -0.062315 0.338990 -0.024817 0.266203 -0.275370 -0.038035 -0.455801 -0.262857 -0.338063 -0.192458 0.145771 0.426849 -0.255571 -0.218140 0.002950 0.235767 0.180665 0.056360 -0.088232 -0.261762 -0.081132 -0.375865 -0.184269 -0.378926 -0.336664 -0.345058 -0.324269 -0.516403 -0.474669 -0.624817 -0.323160 -0.560893 -0.430354 -0.493654 -0.106132 -0.270082 -0.293403 -0.291586 0.022329 -0.657687 -0.017388 -0.382619 -0.349884 -0.280729
-0.272370 0.192153 0.520848 0.675369 0.347060 0.231140 0.503592 0.588765 0.410965 0.234968 -0.072433 0.368126 0.289428 0.529248 0.439385 0.471060 -0.436869 -0.149832 0.053838 0.225021 0.407141 0.326053 0.749869 1.000000 0.571821 0.511551 0.467118 0.518311 -0.300793 0.099555 0.586702 0.563169 -0.276515 0.173746 -0.253676 -0.070305 -0.318499 0.157235 -0.148117 -0.125558 0.026914 0.053224 -0.486323 -0.270013 -0.384041 -0.140689 -0.526410 -0.365417 -0.098292 -0.294722 -0.409305 -0.471502 -0.310448 -0.391632 -0.422855 -0.386779 -0.236658 -0.167870 -0.117618 0.040434 -0.368560 0.046604 -0.388188 -0.182712 -0.057246 -0.272106 -0.107238 0.158762 0.042084 0.296174 0.472440 0.677854 -0.183414 0.139623 -0.183170 0.181609 -0.426832 -0.080572 -0.474325 -0.285733 -0.402959 -0.242193 0.178148 0.402518 -0.178780 -0.186183 0.109213 0.283926 0.214758 0.093569 0.103505 -0.128896 -0.001396 -0.250526 -0.188920 -0.334095 -0.463825 -0.252711 -0.442146 -0.462744 -0.379580 -0.351571 -0.113667 -0.275778 -0.292121 -0.316948 -0.019126 -0.170967 -0.371383 -0.244505 0.147843 -0.485422 -0.101829 -0.309493 -0.156298 -0.303517
-0.321290 -0.082906 0.523522 0.600392 0.391266 0.146740 0.572901 0.507706 0.549136 0.436274 -0.129504 0.128408 0.431996 0.456847 0.394123 0.557125 -0.433998 -0.311031 -0.226182 -0.084406 0.335530 0.334210 0.643183 0.571821 1.000000 0.651635 0.449634 0.489889 -0.165657 0.120805 0.566344 0.513529 -0.447347 0.074506 -0.047267 0.074914 -0.306114 -0.012432 -0.275473 -0.367538 -0.017748 0.098135 -0.462316 -0.290951 -0.422245 -0.210969 -0.536634 -0.462711 -0.064263 -0.384161 -0.280298 -0.486899 -0.232372 -0.375250 -0.432125 -0.477787 -0.327431 -0.285388 0.060887 0.130615 -0.135618 0.164405 -0.362630 -0.197955 0.156418 -0.101563 0.093333 0.315747 -0.084844 0.137007 0.436266 0.582274 -0.031212 0.196908 -0.031916 0.100874 -0.310748 -0.149067 -0.435053 -0.286928 -0.314927 -0.279253 0.229612 0.347189 -0.114620 -0.166242 -0.055487 0.099292 0.289083 0.126954 0.105178 -0.036188 0.153525 -0.149122 0.016859 -0.349778 -0.504242 -0.416712 -0.391972 -0.425941 -0.434013 -0.398921 -0.013111 -0.291172 -0.225550 -0.557294 -0.164425 -0.205948 -0.189417 -0.225034 0.147875 -0.576219 -0.030230 -0.374249 -0.385873 -0.245566
-0.288684 -0.094993 0.245785 0.398760 0.116313 0.122555 0.205979 0.180785 0.177962 0.196360 0.079633 0.199416 0.414330 0.274925 0.475557 0.521095 -0.279795 -0.040676 -0.200103 -0.145219 0.366115 0.363631 0.532567 0.511551 0.651635 1.000000 0.389421 0.697797 0.011389 0.238525 0.466966 0.508100 -0.199051 0.195034 -0.043576 0.083795 -0.053166 0.203725 0.031971 -0.068036 0.184952 0.258900 -0.407432 -0.280752 -0.472920 -0.387897 -0.427960 -0.446858 -0.273717 -0.472607 -0.346599 -0.519297 -0.407707 -0.428914 -0.244985 -0.245252 -0.235975 -0.021362 -0.220146 -0.166874 -0.186204 -0.031929 -0.333326 -0.163209 0.308805 -0.064661 -0.093810 0.107082 0.122966 0.097076 0.381377 0.466282 0.033114 0.269628 0.191291 0.268453 -0.110018 0.073055 -0.202072 -0.010422 -0.110915 0.055809 0.352498 0.381383 0.143975 0.117796 0.244969 0.308312 0.172626 0.147185 -0.130494 -0.262526 0.000036 -0.341991 0.095114 -0.150983 -0.149369 -0.111772 -0.263539 -0.391280 -0.322796 -0.422125 -0.156075 -0.424781 -0.308111 -0.356711 -0.154135 -0.136290 -0.018916 -0.010702 0.127947 -0.374384 -0.077268 -0.214746 -0.266063 -0.134488
-0.036851 -0.031007 0.516082 0.570959 0.632948 0.565697 0.509850 0.379586 0.648039 0.421717 -0.121782 -0.001568 0.176729 0.200351 0.487780 0.444768 -0.300130 -0.309320 0.036607 0.402269 0.267223 0.281731 0.451422 0.467118 0.449634 0.389421 1.000000 0.565627 -0.439055 -0.335639 0.033311 0.024140 -0.494223 -0.121864 0.170874 0.211000 -0.391459 -0.124960 -0.016406 -0.074216 -0.155072 -0.116592 -0.538238 -0.547425 -0.518770 -0.211409 -0.654034 -0.378077 -0.193246 -0.397227 -0.282120 -0.362905 -0.248918 -0.429614 -0.344899 -0.495474 0.238365 0.019471 0.254166 0.286409 -0.026090 0.121429 -0.045612 -0.298429 0.206111 -0.111446 0.208601 0.382104 0.190105 0.450644 0.232241 0.221623 -0.470278 -0.274657 -0.513942 -0.215174 -0.475532 -0.215164 -0.319515 -0.327200 -0.237706 -0.364164 0.167077 0.071408 -0.125220 -0.244327 0.012684 0.078336 0.459833 0.149462 0.404142 0.210491 0.357806 0.122996 -0.132540 -0.288324 -0.456149 -0.151017 -0.389520 -0.228655 -0.135891 -0.056018 0.225672 0.050398 -0.007504 -0.090352 0.210689 0.233035 -0.211530 -0.186187 0.345172 -0.295608 -0.027915 -0.365163 0.082999 -0.196149
-0.163668 0.115579 0.401693 0.460584 0.146645 0.248180 0.344580 0.380956 0.237372 0.186446 0.019601 0.258482 0.211484 0.273022 0.495068 0.575025 -0.432007 -0.065843 0.002898 0.028873 0.247810 0.363639 0.521960 0.518311 0.489889 0.697797 0.565627 1.000000 -0.272420 0.046191 0.389383 0.403494 -0.238122 0.112966 -0.087067 -0.094123 -0.213690 0.045640 0.123604 0.082816 0.094007 0.131291 -0.500603 -0.408447 -0.509180 -0.455672 -0.422750 -0.463147 -0.181701 -0.420345 -0.313453 -0.427527 -0.219903 -0.419820 -0.246008 -0.226516 -0.097964 0.090747 -0.012372 0.063386 -0.228952 -0.000878 -0.262935 -0.238866 0.144810 -0.165144 0.006859 0.194251 0.159849 0.207420 0.244783 0.402052 -0.193528 0.085964 -0.047758 0.145984 -0.319166 -0.179321 -0.319051 -0.186747 -0.282839 -0.102209 0.250817 0.332727 0.005841 -0.016145 0.259071 0.407222 0.290831 0.191803 0.029739 -0.133869 0.022365 -0.282148 -0.066574 -0.101157 -0.235009 -0.116138 -0.232353 -0.391844 -0.395185 -0.408736 -0.108986 -0.379541 -0.219796 -0.257457 0.076775 0.132802 -0.015875 0.047529 0.116839 -0.419096 -0.133550 -0.332012 -0.102976 -0.066540
0.027028 -0.080922 -0.479131 -0.346654 -0.276274 -0.244115 -0.380416 -0.397147 -0.438250 -0.243117 0.183096 0.057075 0.219740 -0.182681 -0.109973 -0.202395 0.628145 0.569904 0.040759 -0.324931 0.136994 0.081845 -0.215387 -0.300793 -0.165657 0.011389 -0.439055 -0.272420 1.000000 0.611515 -0.024637 0.059923 0.463854 0.378322 -0.009008 -0.232029 0.622371 0.255437 0.297274 0.115268 0.488342 0.353072 0.169765 0.131445 0.093110 -0.199353 0.225320 -0.038402 -0.396044 -0.130842 -0.084384 -0.089016 -0.228314 0.077045 0.318469 0.314737 -0.040885 0.159767 -0.572259 -0.694163 -0.002286 -0.355398 0.173578 0.191778 0.050110 -0.038971 -0.421553 -0.619151 -0.126412 -0.531113 0.147189 -0.083109 0.841467 0.504120 0.678295 0.432562 0.777284 0.530007 0.583432 0.652669 0.562152 0.554870 0.153739 0.119719 0.410106 0.273244 0.276624 0.026135 -0.310405 -0.213630 -0.627012 -0.386315 -0.220954 -0.177824 0.153856 0.333676 0.371049 0.139355 0.115341 0.105088 0.187572 -0.005804 -0.113831 -0.100882 -0.037439 0.060505 -0.378178 -0.341451 0.286450 0.099887 -0.437350 0.231045 -0.111588 0.323864 -0.133835 0.226661
-0.304053 0.035837 -0.312586 -0.097556 -0.384915 -0.336628 -0.151697 -0.084684 -0.325877 -0.252033 0.105081 0.428909 0.221542 0.258825 -0.105746 0.140249 0.130432 0.634016 -0.072122 -0.431443 0.112071 0.250276 0.254593 0.099555 0.120805 0.238525 -0.335639 0.046191 0.611515 1.000000 0.479265 0.552977 0.396395 0.596689 -0.247496 -0.216732 0.449854 0.485115 0.028041 -0.043002 0.516641 0.511490 0.066169 0.212311 -0.023636 -0.277524 0.069624 -0.226844 -0.307266 -0.203231 -0.233827 -0.257223 -0.168561 0.084793 0.175264 0.245050 -0.353981 0.145483 -0.713394 -0.720297 -0.170510 -0.257591 -0.235567 0.311019 -0.103839 -0.155809 -0.720513 -0.637986 -0.297885 -0.448103 0.330731 0.410001 0.717986 0.850059 0.734917 0.729569 0.591674 0.438693 0.188346 0.661679 0.218002 0.582233 0.037966 0.369467 0.054141 0.257461 0.323337 0.219218 -0.403954 0.005322 -0.654061 -0.443299 -0.350192 -0.447354 0.037616 0.144857 0.174071 -0.045865 0.039705 -0.153717 -0.176845 -0.389509 -0.451936 -0.455852 -0.239754 -0.197694 -0.440404 -0.464276 0.090021 -0.121983 -0.463397 -0.106756 -0.038947 0.155552 -0.363880 0.093993
-0.298548 0.143041 0.236830 0.532349 -0.162385 -0.141200 0.372402 0.569560 0.204670 -0.081665 0.144888 0.517583 0.379654 0.707326 0.180244 0.655609 -0.434727 0.055675 -0.144113 -0.247097 0.149563 0.463115 0.766813 0.586702 0.566344 0.466966 0.033311 0.389383 -0.024637 0.479265 1.000000 0.954065 0.037144 0.468985 -0.476375 -0.280474 -0.164126 0.160592 -0.312104 -0.411456 0.195942 0.187812 -0.171428 0.106105 -0.128489 -0.181414 -0.182797 -0.393140 -0.068115 -0.243198 -0.369204 -0.562626 -0.217251 -0.164765 -0.361192 -0.212707 -0.455850 -0.164197 -0.248850 -0.245329 -0.106159 0.177588 -0.409369 0.159664 -0.022415 -0.238137 -0.347794 -0.168553 -0.157591 -0.186960 0.454662 0.789397 0.231771 0.517526 0.221649 0.410543 -0.112787 0.002147 -0.379177 -0.139809 -0.288505 -0.042975 0.064462 0.560797 -0.255112 -0.188662 -0.007586 0.273775 -0.097040 -0.054887 -0.232063 -0.376370 -0.288092 -0.504027 -0.157362 -0.348019 -0.280797 -0.393283 -0.207575 -0.516200 -0.493508 -0.697978 -0.522783 -0.712756 -0.558201 -0.654672 -0.158502 -0.303943 -0.222927 -0.231844 -0.189468 -0.604989 -0.013051 -0.312369 -0.520474 -0.270523
-0.330630 0.084532 0.209507 0.471719 -0.192494 -0.124071 0.328894 0.498683 0.139636 -0.075500 0.126403 0.491762 0.382417 0.632648 0.202931 0.619910 -0.391001 0.113612 -0.119048 -0.263519 0.130859 0.459280 0.753404 0.563169 0.513529 0.508100 0.024140 0.403494 0.059923 0.552977 0.954065 1.000000 0.085314 0.562444 -0.456989 -0.282658 -0.103057 0.159558 -0.264196 -0.327696 0.275069 0.215838 -0.171601 0.089780 -0.155121 -0.250606 -0.167630 -0.414474 -0.174640 -0.316425 -0.413048 -0.603717 -0.255909 -0.174674 -0.310401 -0.193208 -0.424623 -0.130657 -0.311584 -0.338338 -0.066511 0.145603 -0.373127 0.194934 0.037568 -0.192350 -0.393760 -0.258774 -0.090886 -0.187481 0.444437 0.783341 0.288551 0.555066 0.284090 0.470540 -0.057404 0.062028 -0.278525 -0.026365 -0.176642 0.058756 0.122036 0.575005 -0.202130 -0.153746 0.058203 0.302177 -0.073243 -0.068772 -0.299813 -0.396711 -0.298160 -0.509695 -0.138252 -0.318409 -0.221912 -0.345424 -0.173133 -0.503224 -0.462746 -0.667955 -0.534702 -0.709631 -0.540564 -0.598748 -0.124569 -0.324410 -0.206643 -0.230868 -0.221407 -0.556988 0.016214 -0.255538 -0.489302 -0.218197
0.199323 0.190857 -0.418687 -0.229657 -0.562533 -0.315818 -0.426550 -0.199670 -0.525614 -0.493911 0.030221 0.131906 -0.220657 -0.146895 -0.400434 -0.275824 0.468680 0.627196 0.418135 -0.001168 -0.090075 0.016910 -0.214934 -0.276515 -0.447347 -0.199051 -0.494223 -0.238122 0.463854 0.396395 0.037144 0.085314 1.000000 0.554721 -0.177359 -0.330802 0.396392 0.070381 0.125116 0.274992 0.420072 0.140449 0.176114 0.161907 0.150216 -0.152566 0.335237 -0.025075 -0.306064 -0.036014 -0.064886 -0.058926 -0.091481 0.070195 0.255612 0.344392 0.187822 0.407099 -0.376880 -0.474182 0.061695 -0.268912 0.313185 0.467512 -0.004720 -0.057622 -0.407812 -0.545475 0.038289 -0.386028 -0.116144 -0.202267 0.452514 0.290302 0.413608 0.257471 0.506678 0.311427 0.607163 0.522498 0.459810 0.607245 -0.054685 0.120639 0.347509 0.285746 0.155021 0.213708 -0.375700 -0.298424 -0.512405 -0.438773 -0.382798 -0.248577 -0.066195 0.347459 0.194488 0.180561 0.105724 -0.015163 0.146648 -0.042824 -0.257833 -0.135675 -0.191274 0.080418 -0.213442 -0.259966 0.244181 0.077197 -0.530960 0.232634 -0.164229 0.191036 -0.036277 0.082600
0.025470 0.130680 -0.021745 0.216606 -0.260851 -0.169191 0.001599 0.178265 -0.124152 -0.169529 0.010143 0.351213 0.137931 0.259396 -0.090067 0.195777 0.084230 0.449080 0.223982 -0.127595 0.102193 0.327747 0.349738 0.173746 0.074506 0.195034 -0.121864 0.112966 0.378322 0.596689 0.468985 0.562444 0.554721 1.000000 -0.228699 -0.251995 0.140611 0.033501 -0.128031 -0.011155 0.373275 0.243330 -0.054171 0.076304 -0.072714 -0.223132 0.006826 -0.337005 -0.441051 -0.361546 -0.357237 -0.504684 -0.393298 -0.244389 -0.067670 0.020920 -0.096158 0.077172 -0.324280 -0.508407 0.128252 0.028397 0.053553 0.461991 0.208096 0.074708 -0.430632 -0.436412 -0.049742 -0.312112 0.171647 0.339194 0.504428 0.473953 0.403482 0.457915 0.331408 0.263202 0.212179 0.393617 0.199992 0.366224 0.162736 0.479519 0.095876 0.035144 0.052103 0.330721 -0.125387 -0.258421 -0.487640 -0.539966 -0.339142 -0.444548 -0.234904 -0.054732 -0.012341 -0.104858 -0.186353 -0.441173 -0.134893 -0.397535 -0.483524 -0.490160 -0.419880 -0.319067 -0.113739 -0.374761 -0.090552 -0.222839 -0.373888 -0.258707 -0.175602 -0.116813 -0.344370 -0.071842
-0.091046 -0.185186 -0.033002 -0.221897 0.170178 -0.023369 -0.043401 -0.309031 0.027389 0.102256 -0.178212 -0.262241 -0.115147 -0.361423 -0.120068 -0.316791 0.173612 -0.166070 -0.109065 0.008304 -0.076742 -0.155853 -0.317141 -0.253676 -0.047267 -0.043576 0.170874 -0.087067 -0.009008 -0.247496 -0.476375 -0.456989 -0.177359 -0.228699 1.000000 0.451199 0.093618 0.155823 0.277162 0.235417 -0.079147 -0.117886 -0.083094 -0.147995 -0.123444 -0.006047 -0.090147 -0.005202 -0.118960 -0.102944 0.048893 0.077704 -0.190763 -0.088762 0.274164 0.145531 0.176486 0.058662 0.236600 0.120948 0.129734 -0.019441 0.117751 -0.233064 0.351954 0.298278 0.388399 0.298228 0.229066 0.063389 -0.268991 -0.249285 -0.096505 -0.245359 0.001632 -0.207704 0.033826 -0.046447 0.147068 0.033244 0.058451 0.055809 0.025279 -0.263703 0.142438 0.189200 0.108915 0.030280 0.217156 0.056324 -0.078991 0.138945 0.122679 0.272810 0.406746 0.293856 0.124166 0.455995 -0.170545 0.160652 0.165002 0.228209 0.245018 0.256926 0.348277 0.343616 0.090799 0.203403 0.211899 0.284232 0.321333 0.254116 -0.008793 0.113300 0.352262 0.142155
-0.017094 -0.139999 0.106586 -0.009253 0.249469 -0.038702 0.134291 -0.111841 0.124468 0.199331 -0.109216 -0.072423 -0.043727 -0.068894 -0.128983 -0.223184 -0.139178 -0.434496 -0.147611 -0.033861 -0.024000 -0.145414 -0.130704 -0.070305 0.074914 0.083795 0.211000 -0.094123 -0.232029 -0.216732 -0.280474 -0.282658 -0.330802 -0.251995 0.451199 1.000000 0.006008 0.136408 0.143365 0.162979 -0.050094 0.129067 -0.186202 -0.107397 -0.161413 0.153390 -0.296297 -0.031095 -0.020488 -0.146665 -0.140086 -0.025593 -0.105668 -0.209071 0.189542 0.026675 -0.069774 -0.130043 0.219750 0.247076 0.160646 0.104590 0.088857 -0.054573 0.153404 0.282112 0.289462 0.521204 0.133547 0.268628 -0.190873 -0.104173 -0.223122 -0.123342 -0.019281 -0.060661 -0.174180 -0.077089 -0.150845 -0.081727 -0.155970 -0.111953 0.032116 -0.164088 -0.046469 0.137225 0.072106 -0.041147 0.242094 0.322121 0.079636 0.089567 0.117766 -0.015716 0.236816 0.168326 0.004663 0.247666 -0.232856 -0.038600 -0.029537 0.036782 0.083934 0.066641 0.232239 0.182228 0.046093 0.257888 -0.011883 0.200942 0.365667 0.003462 -0.075006 -0.068836 0.231938 0.038769
