1.000000 0.477689 -0.290416 -0.014003 -0.371700 -0.348678 0.305502 0.086375 -0.328629 -0.217826 0.339972 0.425825 0.142579 0.294941 0.295010 0.119281 0.380720 0.530861 0.359131 -0.076691 0.321236 0.087179 -0.025531 -0.250410 -0.281899 -0.250679 -0.445546 -0.128907 0.627464 0.433494 0.455260 0.288566 0.212168 0.328789 -0.060289 -0.263945 0.236930 0.196147 0.233514 0.097332 0.024068 0.204309 -0.236828 -0.238383 -0.307041 -0.446614 -0.193197 -0.393305 -0.375038 -0.373284 -0.361745 0.029961 -0.103557 0.123854 0.156458 -0.111083 0.416261 0.424684 -0.019916 -0.024198 0.188147 0.259271 0.306097 0.378649 0.065803 -0.223031 -0.110399 -0.545772 0.085867 -0.147095 0.177742 0.194074 0.544561 0.300088 0.311112 0.222328 0.436956 0.228017 0.189611 0.230796 0.320207 0.325693 0.152201 0.348206 0.248725 0.006939 0.074486 0.141747 -0.331668 -0.038271 -0.102994 -0.220593 -0.387572 -0.404443 -0.175741 0.001568 -0.259285 -0.054200 -0.098743 -0.113514 -0.085183 -0.418917 -0.033554 -0.188756 -0.128361 -0.283421 0.017653 -0.006097 -0.202866 0.038557 -0.314102 -0.243940 -0.025398 0.114599 0.053384 -0.050882
0.477689 1.000000 -0.178267 -0.044838 -0.072700 -0.386958 0.007230 0.004768 -0.035456 -0.470749 0.239342 0.704374 0.316635 0.510671 0.277628 -0.141152 0.103238 0.528685 0.273673 0.152305 0.052295 -0.134054 -0.079926 -0.221620 -0.259645 -0.297749 -0.350084 -0.202557 0.335392 0.340097 0.008594 0.034706 0.186844 0.275025 -0.157848 -0.278623 0.014581 0.013314 0.079317 0.020518 0.003000 0.055274 -0.303798 -0.144321 -0.195764 -0.260588 -0.181861 -0.293745 -0.178028 -0.238350 -0.443408 0.059431 -0.201087 -0.248685 0.278851 -0.019486 0.068852 0.687379 0.101794 0.268474 -0.017154 0.436714 0.063435 0.240982 -0.284084 -0.064088 0.057327 -0.266045 0.223019 -0.009055 -0.035044 0.147755 0.308690 0.358863 0.230920 0.074144 0.161177 -0.027550 0.015641 0.169848 0.099215 0.083258 0.122353 0.041072 -0.090447 -0.016503 0.035028 -0.131082 -0.267170 0.206959 -0.104026 -0.223567 -0.199608 -0.221989 -0.090435 -0.011439 -0.160896 0.023128 -0.055214 -0.211661 0.012671 -0.295143 0.018229 -0.139546 -0.019719 -0.146013 0.078837 0.085411 -0.007849 0.023583 -0.239360 -0.072088 0.093874 0.130234 0.080222 -0.073016
-0.290416 -0.178267 1.000000 0.010344 0.340264 0.187067 0.305650 0.108291 0.166648 -0.082789 0.027748 -0.075937 0.061195 -0.080842 -0.067592 0.029754 -0.326436 -0.325946 -0.015791 -0.086849 0.175681 -0.126200 0.440537 -0.076372 0.304830 0.302210 0.264841 0.203014 -0.239736 -0.374865 0.021671 0.062072 -0.140525 -0.183753 0.113758 0.092966 -0.224759 -0.342154 -0.176295 -0.150892 -0.350828 -0.235641 -0.061563 -0.032035 -0.048031 -0.008555 -0.015348 -0.001941 0.076250 -0.008974 0.350478 0.094037 0.101592 0.037048 -0.132706 -0.024111 -0.265059 -0.237321 0.164223 0.010477 0.101487 -0.175992 -0.334343 -0.267018 0.251202 0.187893 0.071336 0.187400 -0.174165 0.089328 -0.089015 0.132033 -0.304187 -0.249570 -0.254769 -0.191734 -0.157168 -0.302653 -0.373738 -0.350234 -0.359419 -0.378667 -0.122446 -0.114168 0.117071 0.068200 0.175186 0.138444 0.040641 -0.015179 -0.102467 0.037221 -0.038694 0.192266 0.169976 0.164101 -0.121363 -0.207862 -0.136515 -0.105216 -0.251382 0.103203 -0.183643 -0.177474 -0.267865 -0.244295 -0.153981 0.068860 0.043310 0.036600 -0.151535 -0.151800 -0.178891 -0.240397 -0.262510 -0.187507
-0.014003 -0.044838 0.010344 1.000000 -0.270395 0.364969 0.045833 0.357681 -0.414444 0.154828 -0.317934 -0.086843 -0.368135 -0.362168 -0.392150 0.059829 -0.096843 -0.093022 0.146506 -0.119417 0.036962 0.225282 0.011487 0.127043 -0.019232 0.323824 -0.113879 0.272092 -0.054319 -0.123970 0.127827 0.176269 0.049755 0.070059 -0.005570 0.125581 0.002945 -0.082452 -0.081965 -0.063943 -0.069090 -0.035663 -0.216634 -0.123705 -0.064287 -0.034402 -0.208649 -0.229095 -0.188106 -0.088373 -0.241337 -0.409232 -0.244476 -0.225833 -0.193187 -0.146724 0.102033 -0.006656 -0.373503 -0.163988 -0.026515 -0.201794 0.247329 -0.165085 0.150202 0.241361 0.197507 0.263551 0.172232 -0.166855 -0.035485 -0.030699 -0.047525 -0.010893 -0.067991 -0.023578 -0.032256 -0.068094 -0.056998 -0.015605 0.045432 -0.014984 0.047307 -0.001774 0.088016 0.453374 0.039641 0.171972 0.064401 0.063297 0.409095 -0.204738 0.375840 0.091332 0.061061 -0.210583 -0.127259 -0.060922 -0.133302 -0.243975 0.045554 -0.181722 0.040181 -0.134690 0.102020 0.157452 -0.108594 -0.180891 -0.000643 -0.358987 -0.168687 0.046660 0.005421 0.065858 0.138120 -0.090311
-0.371700 -0.072700 0.340264 -0.270395 1.000000 0.164793 -0.002480 -0.205140 0.509941 -0.114277 0.014060 -0.030730 0.034928 0.076219 0.297562 -0.158984 -0.444841 -0.264695 -0.211703 0.080823 -0.108624 -0.137774 0.102985 0.150073 0.553365 0.117910 0.588015 0.167344 -0.486136 -0.296124 -0.406136 -0.269293 -0.292034 -0.249728 0.197771 0.157552 -0.212473 0.006298 0.095082 0.020412 -0.238462 -0.120113 0.035703 0.026513 0.048992 0.099210 0.002280 0.077554 0.194260 0.040383 0.176674 -0.000889 -0.047586 -0.183006 -0.046365 -0.088397 -0.271009 -0.131011 0.416934 0.240689 0.005752 -0.017558 -0.424575 -0.138124 0.067184 0.184460 0.080609 0.171851 -0.031210 0.081932 -0.162409 -0.025081 -0.490406 -0.189889 -0.264474 -0.127977 -0.178094 -0.017115 -0.195707 -0.206204 -0.374536 -0.223212 -0.017037 -0.201265 -0.078301 -0.048674 0.130462 -0.007630 0.340249 0.047455 -0.168850 0.107969 -0.000841 0.288044 0.102274 0.232855 -0.063480 -0.004000 -0.184263 -0.126010 -0.221046 0.147755 -0.094287 0.037502 -0.000403 0.057343 -0.009965 0.132738 0.155166 0.100011 0.095493 -0.038461 -0.024007 -0.168629 -0.009790 -0.001015
-0.348678 -0.386958 0.187067 0.364969 0.164793 1.000000 -0.106748 0.122890 -0.028438 0.260203 -0.236258 -0.367954 -0.310090 -0.276389 -0.293234 -0.095609 -0.195822 -0.352357 -0.114743 -0.155125 -0.080053 0.092883 0.049640 0.131926 0.408548 0.575925 0.472769 0.496787 -0.338595 -0.345529 -0.102749 -0.017230 -0.012912 -0.020215 0.111640 0.382252 -0.014878 0.089384 0.218414 0.197167 -0.059136 -0.017999 -0.038922 -0.117868 -0.156902 -0.004428 -0.116944 -0.049576 -0.051427 -0.132694 0.239289 -0.321663 0.094423 0.118113 -0.013952 -0.205101 0.027873 -0.316116 -0.052110 -0.031488 0.209309 -0.114903 0.028679 -0.118005 0.232709 0.348560 0.144917 0.330209 0.170612 0.058271 -0.025835 -0.071978 -0.325497 -0.273369 -0.145354 -0.170044 -0.155403 -0.022184 0.006614 -0.055936 0.025655 -0.089939 -0.110102 -0.138705 0.014787 0.081601 0.048513 0.132058 0.443856 0.089182 0.152780 -0.039283 0.242294 0.069543 0.127556 -0.093989 -0.163096 -0.088256 -0.336726 -0.203524 -0.016411 -0.020463 -0.218626 -0.003582 0.054181 0.104377 -0.046913 -0.206575 -0.062875 -0.177602 -0.039769 -0.170190 -0.311274 -0.061990 -0.076880 0.024971
0.305502 0.007230 0.305650 0.045833 -0.002480 -0.106748 1.000000 0.278984 -0.349321 0.064121 0.265714 0.080903 0.211556 0.076098 0.029470 0.342928 -0.100546 -0.095376 0.216090 -0.139500 0.296408 0.014927 0.248282 -0.266245 0.291194 0.224711 -0.277153 -0.021694 0.297848 -0.060473 0.606466 0.324274 -0.083488 0.034678 0.272193 0.016090 -0.125130 -0.103893 0.021305 -0.152381 -0.402537 -0.270286 -0.310691 -0.266326 -0.303452 -0.332174 -0.320257 -0.456551 -0.416269 -0.376376 -0.026230 -0.043435 -0.280532 -0.007407 -0.116892 -0.154631 -0.109587 0.095088 0.013572 -0.188967 0.049956 -0.046093 -0.176362 -0.054958 0.536353 0.006539 0.011361 -0.215196 0.012974 -0.132315 0.225794 0.244036 0.173394 -0.007587 -0.026978 -0.030292 0.196686 0.064665 -0.261127 -0.137577 -0.066667 -0.082025 0.017749 0.132550 0.661883 0.293731 0.490294 0.361939 -0.269669 -0.089460 -0.218161 -0.051528 -0.018518 0.011880 0.190678 0.286311 -0.306706 0.068040 -0.247828 -0.208500 -0.113682 -0.103006 0.024100 -0.181467 -0.307085 -0.337740 0.083797 0.104926 0.086477 0.283455 -0.292002 -0.383355 -0.007088 0.073927 0.102310 -0.174002
0.086375 0.004768 0.108291 0.357681 -0.205140 0.122890 0.278984 1.000000 -0.072524 0.140024 0.244648 0.171111 0.270981 0.251425 -0.048532 0.340717 0.042446 -0.189197 -0.001350 -0.314689 0.246980 0.276698 -0.124526 -0.089877 0.007733 0.291929 -0.218727 -0.010503 0.035546 0.225879 0.543800 0.560479 0.229435 0.478398 0.001252 0.168210 0.005929 0.020882 -0.162346 -0.021101 0.023576 0.013599 -0.238975 -0.236062 -0.210429 -0.167314 -0.228668 -0.334859 -0.365127 -0.292072 -0.245101 -0.358321 -0.187017 -0.091797 -0.231589 -0.216916 0.044266 -0.034085 -0.169344 -0.363824 0.196187 -0.026105 -0.051970 -0.148994 0.076868 0.456875 -0.159233 -0.052749 -0.079347 -0.103413 0.149883 0.275796 0.132310 0.150607 -0.051991 -0.030687 0.192766 0.163988 0.015223 0.013500 0.020784 0.077685 -0.244709 0.195764 0.074793 0.178769 0.025255 0.223843 -0.061666 -0.209329 0.147095 -0.342869 0.207110 -0.138215 0.233298 0.018358 -0.201751 -0.177722 -0.201662 -0.303024 0.103779 -0.252055 0.059980 -0.208279 -0.073582 -0.159038 0.065176 0.002714 0.222994 -0.134790 -0.260949 -0.160755 -0.080242 -0.022162 0.076184 -0.140524
-0.328629 -0.035456 0.166648 -0.414444 0.509941 -0.028438 -0.349321 -0.072524 1.000000 0.172450 0.081616 0.041592 0.105628 0.042648 0.236461 -0.010461 -0.020891 -0.168413 -0.209029 0.033942 -0.164870 -0.153520 0.050485 0.006881 0.026765 -0.128146 0.379230 -0.060968 -0.425244 0.004959 -0.341684 -0.098784 -0.028012 0.001273 0.113957 0.065793 -0.064130 0.031717 -0.021546 -0.008204 0.117435 -0.018886 0.136045 0.175380 0.134728 0.235500 0.163406 0.209387 0.123836 0.189687 0.058229 0.041879 0.028781 0.002190 -0.201670 0.005170 -0.132786 -0.099760 0.276632 0.046216 0.066483 0.020969 -0.259071 -0.137988 -0.048975 0.319045 -0.061145 0.056799 -0.131201 0.179378 -0.226549 0.137731 -0.308644 0.015051 -0.071314 -0.034847 -0.166585 -0.069310 -0.034423 -0.111527 -0.155266 0.003131 -0.017473 -0.187786 -0.181265 -0.058707 0.007644 -0.121172 0.208548 -0.122807 -0.134378 -0.002441 -0.062038 0.038114 0.033112 -0.001408 0.038049 -0.166395 -0.008014 0.036306 -0.128105 0.022419 -0.243593 -0.086837 -0.085943 -0.141482 -0.135089 0.041153 0.002057 -0.103049 0.075005 0.059731 -0.009978 -0.207926 -0.227437 -0.045656
-0.217826 -0.470749 -0.082789 0.154828 -0.114277 0.260203 0.064121 0.140024 0.172450 1.000000 -0.017232 -0.407386 -0.108084 -0.421274 -0.160384 0.580848 0.171236 -0.222298 -0.199357 -0.162615 -0.213756 -0.108218 0.059204 -0.170197 0.076762 0.099379 0.125079 -0.040150 -0.067196 -0.018832 0.062500 -0.092779 0.043717 -0.070188 0.170054 0.130261 0.133600 0.133336 -0.011611 -0.133718 0.199054 0.072291 -0.113081 -0.043067 0.011380 0.058378 -0.114259 -0.129713 -0.064384 0.032670 0.253601 -0.183876 0.100156 0.118431 -0.205324 -0.062271 0.044897 -0.255180 0.050425 -0.173891 0.142625 -0.040556 0.039521 -0.124937 0.289504 0.316634 -0.034904 -0.012552 -0.045926 -0.039668 -0.084073 -0.027427 -0.005684 -0.067906 0.049718 0.061669 -0.002981 0.039741 -0.022493 0.075278 0.198579 0.208840 0.020422 -0.007353 0.184286 0.251705 -0.060324 -0.000684 0.266331 -0.008830 0.233820 -0.088355 0.170553 0.082547 0.093180 -0.075138 -0.109689 -0.106232 -0.074420 0.022883 0.053870 0.114242 -0.216618 -0.245509 -0.149269 -0.155703 -0.286688 -0.187387 -0.121850 -0.166668 -0.132331 -0.049298 -0.039095 -0.129797 -0.110761 -0.120322
0.339972 0.239342 0.027748 -0.317934 0.014060 -0.236258 0.265714 0.244648 0.081616 -0.017232 1.000000 0.261081 0.650903 0.505280 0.569896 0.147572 0.131243 0.076983 -0.242605 -0.291137 0.280290 0.158943 0.189102 -0.156179 0.139367 -0.107042 -0.051518 -0.137020 0.254741 0.284140 0.373994 0.148751 -0.032014 0.272964 -0.009794 0.072403 0.111516 0.076561 0.204742 0.101867 0.040642 0.189028 -0.165180 -0.211279 -0.139216 -0.182336 -0.036496 -0.296514 -0.067837 -0.176320 0.161060 0.104720 0.136892 0.220778 0.161714 -0.065771 -0.107110 0.154691 0.385247 -0.163217 0.139653 0.064970 -0.190365 0.000988 0.124991 -0.046528 -0.382002 -0.467968 -0.169479 -0.058070 0.110695 0.065925 0.284086 0.162711 0.131058 0.058457 0.300440 0.170404 0.040468 0.051223 0.055523 0.194760 -0.012243 0.219447 0.222514 -0.256454 0.046544 0.041475 0.104746 -0.135934 -0.196130 -0.258887 -0.362050 -0.341943 -0.142997 0.027257 -0.155559 -0.194409 -0.135951 -0.274655 -0.187622 -0.308633 -0.169495 -0.280670 -0.241426 -0.297770 -0.015346 0.024628 -0.153050 0.160422 -0.153242 -0.221221 -0.192699 -0.130121 -0.266897 -0.148454
0.425825 0.704374 -0.075937 -0.086843 -0.030730 -0.367954 0.080903 0.171111 0.041592 -0.407386 0.261081 1.000000 0.325706 0.564433 0.199941 -0.096509 0.120439 0.448477 0.111723 -0.184066 0.195523 0.051176 0.005153 -0.046335 -0.278479 -0.107059 -0.209043 -0.077018 0.247654 0.412986 0.069814 0.291206 0.163154 0.363964 -0.006160 -0.165120 0.005798 0.069104 0.106405 0.087679 0.093082 0.086705 -0.208308 -0.043910 -0.160022 -0.180798 -0.086483 -0.213795 -0.300849 -0.163352 -0.395993 -0.010307 -0.262464 -0.145873 0.035686 -0.083889 0.116068 0.480341 -0.191179 -0.122127 -0.118388 0.137126 0.080210 0.160067 -0.073179 0.140885 -0.293253 -0.347005 0.146809 -0.088642 -0.030267 0.344111 0.214000 0.366719 0.209244 0.058855 0.294996 0.137556 0.147299 0.195225 0.080811 0.125671 0.037768 -0.009617 -0.061745 0.066810 -0.010327 -0.004598 -0.321513 -0.032726 -0.056141 -0.338367 -0.134834 -0.295511 -0.121631 0.004369 -0.163029 -0.074100 -0.052612 -0.104761 -0.124694 -0.452482 -0.011158 -0.178841 0.008013 -0.127851 -0.119011 0.107906 0.043083 0.034670 -0.269002 -0.090061 -0.022694 -0.033531 -0.147645 0.068803
0.142579 0.316635 0.061195 -0.368135 0.034928 -0.310090 0.211556 0.270981 0.105628 -0.108084 0.650903 0.325706 1.000000 0.502277 0.284941 0.045622 0.089023 0.129474 -0.147646 -0.198880 0.099646 0.057865 -0.045993 -0.113407 -0.128801 -0.241464 -0.156639 -0.352787 0.127810 0.322832 0.200190 0.112832 0.231440 0.231826 -0.143216 -0.169353 0.012851 -0.059381 -0.014767 -0.020542 0.087643 0.059157 -0.010135 -0.071861 -0.052487 -0.182754 0.068276 -0.109734 0.091558 -0.105884 0.075768 0.136392 0.118638 0.107288 0.233517 0.052615 -0.167154 0.156586 0.276876 -0.056715 0.182335 0.132199 -0.125749 0.166155 -0.210078 -0.139493 -0.145775 -0.349015 -0.148174 -0.163103 -0.042944 -0.064126 0.291678 0.170881 0.111691 -0.214951 0.238285 0.000640 0.012979 0.007890 0.000007 0.103461 -0.197208 0.073168 -0.098681 -0.277995 -0.111215 -0.221465 -0.121304 -0.167747 -0.068019 -0.359742 -0.293761 -0.325104 -0.014147 0.059629 0.028951 -0.008209 0.010925 -0.118164 -0.067113 -0.156111 -0.056308 -0.219176 -0.079841 -0.238566 -0.021102 0.048667 0.063975 0.058451 -0.114996 -0.039634 0.066943 0.067948 -0.221719 0.029939
0.294941 0.510671 -0.080842 -0.362168 0.076219 -0.276389 0.076098 0.251425 0.042648 -0.421274 0.505280 0.564433 0.502277 1.000000 0.489498 0.050618 0.021565 0.266400 -0.103987 -0.147644 0.192219 0.170811 0.063046 -0.001928 0.037776 -0.151696 -0.105900 -0.180026 0.277100 0.469525 0.114390 0.077760 0.012639 0.364663 -0.103687 -0.055912 -0.039844 0.073036 0.199681 0.219821 0.092755 0.157943 -0.312380 -0.357405 -0.338369 -0.344886 -0.243498 -0.326107 -0.156645 -0.341342 -0.058312 0.144869 0.059583 0.105818 0.272477 -0.166922 0.007750 0.261652 0.195849 0.181689 0.115103 0.438966 -0.080219 0.250035 -0.253567 -0.059636 -0.278463 -0.356944 -0.006036 -0.153141 0.153017 0.074071 0.218212 0.204828 0.085262 0.125137 0.261971 0.178472 0.081306 0.044160 0.055051 0.013920 0.124868 0.207284 -0.057449 -0.363570 0.052888 -0.063844 -0.065470 0.124453 -0.082623 -0.135232 -0.187519 -0.145507 -0.116344 -0.070340 -0.292645 -0.092153 -0.175623 -0.240791 0.128374 -0.177649 -0.018294 -0.071297 0.090862 -0.078144 0.087803 0.070883 -0.064913 0.051956 -0.254705 -0.332728 -0.110424 0.021428 0.036137 0.143977
0.295010 0.277628 -0.067592 -0.392150 0.297562 -0.293234 0.029470 -0.048532 0.236461 -0.160384 0.569896 0.199941 0.284941 0.489498 1.000000 0.146976 -0.028039 0.147815 -0.150303 0.052122 0.214168 0.019092 0.053559 -0.134755 0.212029 -0.250230 0.037242 -0.123878 0.123544 0.225707 0.084957 -0.086743 -0.108535 0.090742 -0.013873 -0.093343 0.068992 0.001259 0.187266 0.133155 -0.027108 0.199578 -0.090757 -0.125672 -0.085709 -0.146892 -0.019573 -0.187717 0.054110 -0.081540 0.010999 0.156984 0.084412 -0.045108 0.136482 -0.032055 0.004781 0.198456 0.441088 0.219882 0.073844 0.271372 -0.249703 0.081577 -0.055594 -0.050786 -0.246247 -0.401764 -0.107431 0.147601 0.081599 0.034506 0.083152 0.124199 0.016099 0.065112 0.202440 0.115228 -0.094455 -0.121159 -0.135235 0.042621 0.187244 0.276448 0.038016 -0.311961 0.079733 0.017723 0.177225 0.074528 -0.252898 -0.102935 -0.409411 -0.170573 -0.071387 -0.039221 -0.080621 -0.161615 -0.061686 -0.122847 -0.234935 -0.117922 -0.137818 -0.111461 -0.090551 -0.256639 0.106604 0.287436 -0.116366 0.104914 -0.081156 -0.060762 0.113790 -0.143001 -0.024694 -0.103155
0.119281 -0.141152 0.029754 0.059829 -0.158984 -0.095609 0.342928 0.340717 -0.010461 0.580848 0.147572 -0.096509 0.045622 0.050618 0.146976 1.000000 0.130742 -0.103058 -0.057427 -0.147138 0.187767 -0.023424 0.257043 -0.216838 0.035595 0.088467 -0.151114 -0.077052 0.286561 0.270189 0.378153 0.170039 -0.033653 0.107660 0.100493 -0.016141 0.017266 0.112191 0.021347 -0.111228 0.115073 0.131349 -0.314006 -0.342658 -0.326385 -0.335491 -0.341264 -0.449325 -0.359844 -0.339370 0.044230 -0.087976 0.004603 0.092488 -0.202442 -0.242824 0.200894 0.063578 0.085954 -0.038278 0.270991 0.226940 0.013791 0.064948 0.271864 0.232855 -0.075497 -0.278602 0.011915 0.019356 0.130495 0.256725 0.243231 0.131745 0.147376 0.260674 0.167838 0.076132 -0.159273 -0.008934 0.183544 0.117433 0.191177 0.383162 0.292952 0.292692 0.158757 0.229003 0.075813 0.008313 -0.054575 -0.145104 0.032639 0.006014 0.166229 -0.000768 -0.429968 -0.231322 -0.317530 -0.162840 -0.048104 -0.052627 -0.278198 -0.339931 -0.401340 -0.397377 -0.120511 0.075512 -0.026815 -0.123402 -0.400200 -0.360098 -0.148981 -0.161095 0.110040 -0.280921
0.380720 0.103238 -0.326436 -0.096843 -0.444841 -0.195822 -0.100546 0.042446 -0.020891 0.171236 0.131243 0.120439 0.089023 0.021565 -0.028039 0.130742 1.000000 0.659196 0.142205 -0.121109 -0.049968 0.169355 -0.063343 -0.351489 -0.480715 -0.350704 -0.283567 -0.200846 0.518271 0.507703 0.127695 0.069667 0.335170 0.077558 -0.280681 -0.481899 0.360143 0.230440 -0.029439 -0.100216 0.280738 0.283583 -0.132193 -0.075565 -0.099019 -0.211860 0.023519 -0.218707 -0.166290 -0.092598 -0.146840 -0.010682 0.119136 0.229797 0.046511 0.148256 0.625833 0.396214 -0.312626 -0.118956 0.074071 0.125640 0.584089 0.421810 -0.074251 -0.276207 0.002752 -0.531970 0.173209 -0.054502 0.124402 0.038687 0.617378 0.453368 0.586035 0.205407 0.519854 0.222863 0.556020 0.634902 0.683168 0.733952 0.016435 0.185200 -0.099910 -0.115040 -0.180933 -0.174602 -0.227414 -0.039428 -0.059783 -0.237037 -0.321059 -0.398799 -0.262003 -0.079556 0.038709 0.051220 0.283106 0.294567 -0.086830 -0.206958 -0.053076 -0.120574 -0.154853 -0.300046 -0.038098 -0.110233 -0.123939 0.013950 -0.266839 0.097104 0.068224 0.011779 0.074182 -0.257231
0.530861 0.528685 -0.325946 -0.093022 -0.264695 -0.352357 -0.095376 -0.189197 -0.168413 -0.222298 0.076983 0.448477 0.129474 0.266400 0.147815 -0.103058 0.659196 1.000000 0.160496 -0.005823 -0.057557 0.060372 0.009158 -0.292965 -0.416556 -0.438651 -0.242413 -0.122256 0.634391 0.565387 -0.068704 -0.066113 0.198546 0.052238 -0.195970 -0.475768 0.335922 0.189497 0.153680 0.059026 0.321887 0.256918 -0.265869 -0.117998 -0.169427 -0.364890 -0.103555 -0.275252 -0.073543 -0.176239 -0.227182 0.193286 0.118023 0.111589 0.335202 0.115480 0.423392 0.612008 -0.111917 0.241223 0.087480 0.405478 0.521190 0.629956 -0.207466 -0.406391 0.085931 -0.535513 0.162298 -0.133163 -0.044514 -0.023035 0.567865 0.420500 0.485761 0.145701 0.471121 0.143657 0.428153 0.572653 0.460501 0.538977 0.223540 0.252372 -0.096446 -0.131924 -0.198150 -0.076843 -0.206577 0.254598 -0.120974 -0.274621 -0.424535 -0.442191 -0.236346 -0.022439 -0.047179 0.048866 0.161655 0.091300 -0.180906 -0.264384 -0.012052 -0.112653 -0.045003 -0.272002 -0.048861 0.027323 -0.089901 0.023072 -0.306954 0.002418 0.126147 0.025256 0.128509 -0.132806
0.359131 0.273673 -0.015791 0.146506 -0.211703 -0.114743 0.216090 -0.001350 -0.209029 -0.199357 -0.242605 0.111723 -0.147646 -0.103987 -0.150303 -0.057427 0.142205 0.160496 1.000000 0.333249 0.185646 -0.001420 -0.191157 -0.262001 -0.348361 -0.156902 -0.469540 -0.091006 0.270349 0.093829 0.239348 0.182463 0.404215 0.206167 -0.245752 -0.402484 -0.028996 -0.145798 -0.178249 0.031262 -0.305102 -0.141510 -0.229945 -0.142312 -0.221329 -0.279562 -0.219475 -0.244329 -0.254212 -0.266472 -0.392114 -0.130503 -0.182810 -0.207940 0.016632 0.018574 0.161979 0.177258 -0.161694 0.019568 0.043743 0.128913 0.247199 0.130294 -0.059351 -0.106602 0.403477 0.004936 0.415568 0.110749 0.209515 0.093769 0.271237 0.085691 0.094493 0.068315 0.100628 -0.037655 0.151455 0.197735 0.202013 0.153536 -0.171409 0.059084 0.144598 0.174203 0.208937 0.004187 -0.357220 0.100831 -0.105649 0.038121 -0.142800 -0.033328 -0.075902 0.226388 -0.120832 0.227093 0.021156 0.025246 0.107796 0.133589 0.346956 0.252516 0.054402 -0.133805 0.286687 0.141324 0.132750 0.087389 -0.273157 -0.174195 0.152145 0.169919 0.154630 -0.156113
-0.076691 0.152305 -0.086849 -0.119417 0.080823 -0.155125 -0.139500 -0.314689 0.033942 -0.162615 -0.291137 -0.184066 -0.198880 -0.147644 0.052122 -0.147138 -0.121109 -0.005823 0.333249 1.000000 -0.280886 -0.425051 -0.226014 -0.076601 -0.093254 -0.312656 -0.137321 -0.200911 0.020541 -0.176697 -0.325003 -0.473527 -0.191556 -0.207932 -0.127111 -0.187872 -0.009133 -0.307567 -0.345471 -0.079568 -0.103850 0.033915 -0.057673 -0.100117 0.036812 -0.023179 -0.170938 0.116094 0.086692 0.014208 -0.064237 0.086778 0.063079 -0.232115 -0.021968 0.053583 -0.176659 0.074664 0.214221 0.249034 -0.243179 0.223620 -0.088418 -0.010504 -0.342062 -0.097088 0.071202 0.315075 0.228057 0.577262 -0.166068 -0.295703 -0.112018 -0.092734 -0.041545 -0.165699 -0.346094 -0.192341 -0.109284 -0.154915 -0.048344 -0.093615 -0.069776 0.234762 -0.053344 0.035864 0.042403 -0.237594 -0.201894 0.301891 -0.099168 0.385818 -0.014810 0.153052 0.195407 0.294767 0.004175 0.268346 0.080472 0.095676 0.141138 0.355770 0.182423 0.232797 -0.147823 0.008225 0.229725 -0.003073 0.222247 0.029965 0.123298 0.069803 0.220979 0.158320 0.310023 0.018740
0.321236 0.052295 0.175681 0.036962 -0.108624 -0.080053 0.296408 0.246980 -0.164870 -0.213756 0.280290 0.195523 0.099646 0.192219 0.214168 0.187767 -0.049968 -0.057557 0.185646 -0.280886 1.000000 0.456722 0.335019 -0.021331 -0.076099 0.185166 -0.046967 0.335384 0.158318 0.163417 0.586160 0.566784 0.244933 0.368602 0.019949 0.051502 -0.011210 0.101999 0.310748 0.380916 -0.097555 0.142743 -0.118036 -0.163574 -0.277356 -0.211315 -0.074527 -0.286711 -0.346956 -0.250904 -0.187661 -0.014737 -0.078753 0.145467 -0.037254 -0.096595 0.179549 0.167677 -0.042611 -0.150369 0.172220 -0.132133 -0.088085 0.045403 0.287681 0.018146 -0.100612 -0.283034 -0.053825 0.088928 0.263744 0.435253 0.174764 0.236773 0.075216 0.235530 0.300097 0.123377 -0.039242 0.046311 -0.049924 -0.008352 0.066306 0.261644 0.297746 -0.004614 0.370457 0.413283 0.001636 -0.168835 -0.384129 -0.334362 -0.387879 -0.328286 -0.067550 -0.055155 -0.236254 -0.259185 -0.288453 -0.276998 -0.365734 -0.342924 0.077843 -0.017306 -0.098895 -0.200084 0.214761 0.380328 -0.142762 0.076383 -0.285828 -0.324371 -0.216626 -0.125945 -0.121062 -0.219401
0.087179 -0.134054 -0.126200 0.225282 -0.137774 0.092883 0.014927 0.276698 -0.153520 -0.108218 0.158943 0.051176 0.057865 0.170811 0.019092 -0.023424 0.169355 0.060372 -0.001420 -0.425051 0.456722 1.000000 0.169359 0.164629 -0.100515 0.178849 0.037946 0.288662 0.067812 0.309041 0.243218 0.362597 0.265594 0.276611 -0.150161 -0.015791 0.149209 0.197615 0.211266 0.316164 0.102985 0.108630 -0.176845 -0.231575 -0.242722 -0.191393 -0.037032 -0.281789 -0.159812 -0.193258 -0.024842 -0.093478 0.099336 0.261154 0.032294 -0.128823 0.074823 -0.060584 -0.192885 -0.072340 0.134916 -0.118938 0.245094 0.210605 0.083403 -0.071797 0.023003 -0.217776 0.060300 -0.381272 0.291126 0.023140 0.194629 0.261350 0.190663 0.232324 0.429865 0.348096 0.296068 0.216930 0.158023 0.193669 0.146575 0.014035 0.159100 0.067871 0.091866 0.272228 0.145591 -0.080151 0.005210 -0.330660 -0.147583 -0.354609 -0.193247 -0.059434 -0.076155 0.128355 -0.137392 -0.188847 -0.119140 -0.276587 0.040226 -0.092780 0.132405 -0.001119 0.108685 -0.081131 -0.116344 0.037302 -0.143412 -0.163645 -0.114640 -0.015516 -0.023722 -0.066236
-0.025531 -0.079926 0.440537 0.011487 0.102985 0.049640 0.248282 -0.124526 0.050485 0.059204 0.189102 0.005153 -0.045993 0.063046 0.053559 0.257043 -0.063343 0.009158 -0.191157 -0.226014 0.335019 0.169359 1.000000 0.028251 0.161166 0.270896 0.357235 0.489315 0.148835 0.013079 0.155759 0.111414 -0.289591 0.006220 0.196585 0.165822 0.114261 0.070350 0.342307 0.071571 0.017410 0.091749 -0.345231 -0.367673 -0.390138 -0.322925 -0.291373 -0.374999 -0.281389 -0.345577 0.211588 0.030917 0.074812 0.391557 -0.037941 -0.319374 0.025590 0.118201 0.085403 -0.008241 0.129915 -0.082021 -0.020825 0.064202 0.555238 -0.043884 -0.106416 -0.223229 0.049553 -0.066998 0.098367 0.206057 0.039641 0.163447 0.158027 0.249800 0.181315 -0.023363 -0.224686 -0.079357 0.033212 -0.004306 0.489665 0.141195 0.519342 0.145544 0.366042 0.400963 0.256145 0.061607 -0.256624 -0.151674 -0.186932 -0.061124 0.019410 -0.045127 -0.464815 -0.215531 -0.444115 -0.310188 -0.445823 -0.281420 -0.397708 -0.322663 -0.375650 -0.312262 -0.197243 0.011854 -0.188671 0.010646 -0.271303 -0.430070 -0.391705 -0.185491 -0.144267 -0.291591
-0.250410 -0.221620 -0.076372 0.127043 0.150073 0.131926 -0.266245 -0.089877 0.006881 -0.170197 -0.156179 -0.046335 -0.113407 -0.001928 -0.134755 -0.216838 -0.351489 -0.292965 -0.262001 -0.076601 -0.021331 0.164629 0.028251 1.000000 0.124568 0.269034 0.108988 0.179987 -0.484413 -0.339373 -0.157661 0.024591 -0.117929 0.066102 0.185933 0.357639 -0.172129 -0.138831 0.030148 0.197513 -0.033025 -0.199003 0.266496 0.134383 0.147012 0.253316 0.132565 0.319825 0.024370 0.168388 -0.007100 -0.056774 -0.096564 -0.080071 -0.212457 -0.098449 -0.072055 -0.231107 -0.071927 -0.121870 -0.021983 -0.249772 -0.199620 -0.049389 0.013076 0.107227 -0.181605 0.290893 -0.129431 -0.136675 -0.126192 -0.173287 -0.555028 -0.376469 -0.422740 -0.259337 -0.359929 -0.050247 0.044224 -0.178339 -0.323572 -0.288146 -0.091685 -0.189853 -0.165979 -0.188512 0.015644 0.008172 0.200611 -0.133794 -0.005064 0.076951 0.315307 0.255948 -0.060950 -0.122348 0.020026 -0.060464 -0.150598 -0.122144 -0.048406 -0.003521 0.098551 0.215616 0.260484 0.499786 -0.097651 -0.115559 -0.114226 -0.054451 0.246247 0.061876 -0.185442 0.063974 -0.196545 0.322054
-0.281899 -0.259645 0.304830 -0.019232 0.553365 0.408548 0.291194 0.007733 0.026765 0.076762 0.139367 -0.278479 -0.128801 0.037776 0.212029 0.035595 -0.480715 -0.416556 -0.348361 -0.093254 -0.076099 -0.100515 0.161166 0.124568 1.000000 0.607188 0.382865 0.325863 -0.325718 -0.473259 0.003909 -0.103569 -0.328242 -0.127473 0.349472 0.507939 -0.234680 0.001377 0.173949 0.062544 -0.271661 -0.197692 -0.076532 -0.140875 -0.094006 0.053997 -0.167110 -0.067997 -0.073409 -0.129893 0.224776 -0.200779 -0.168961 -0.090022 -0.141547 -0.241348 -0.265657 -0.257527 0.345343 0.056305 0.087257 -0.071368 -0.453050 -0.316706 0.351522 0.222497 -0.006228 0.265453 -0.004898 0.078098 0.053105 -0.008087 -0.439499 -0.382845 -0.327826 -0.073274 -0.220707 0.001629 -0.256915 -0.243502 -0.275299 -0.270995 0.022568 -0.094721 0.197148 -0.008432 0.283208 0.298281 0.364578 -0.003270 -0.131082 0.208034 0.218653 0.376559 0.226998 0.159773 -0.137280 0.054587 -0.321139 -0.230253 -0.069300 0.140245 -0.106248 0.004290 0.017792 0.138645 0.100651 0.018896 0.035986 0.272044 0.155075 -0.172398 -0.178584 -0.125744 0.107982 0.071031
-0.250679 -0.297749 0.302210 0.323824 0.117910 0.575925 0.224711 0.291929 -0.128146 0.099379 -0.107042 -0.107059 -0.241464 -0.151696 -0.250230 0.088467 -0.350704 -0.438651 -0.156902 -0.312656 0.185166 0.178849 0.270896 0.269034 0.607188 1.000000 0.273483 0.650867 -0.339291 -0.409135 0.264740 0.425458 -0.017690 0.240342 0.333838 0.583959 -0.156783 0.137449 0.189892 0.199963 -0.103985 -0.180037 -0.071798 -0.125214 -0.205961 0.024668 -0.160972 -0.106578 -0.386466 -0.238523 -0.048952 -0.504507 -0.324749 -0.074645 -0.294511 -0.333696 0.013007 -0.163118 -0.188358 -0.326438 0.108532 -0.319302 -0.230141 -0.321683 0.478626 0.422634 -0.048543 0.302004 0.081564 0.106071 0.210130 0.380678 -0.337719 -0.200981 -0.163167 0.001454 -0.087920 0.080192 -0.100500 -0.072842 -0.069751 -0.136631 0.007172 -0.141865 0.191145 0.221140 0.264459 0.475838 0.252074 -0.250721 -0.150358 -0.088213 0.326335 0.156608 0.340676 0.088480 -0.190474 -0.015965 -0.425189 -0.260351 -0.193172 -0.115165 -0.095262 -0.031361 -0.025340 0.128094 -0.038391 0.012267 0.117157 0.146589 0.062255 -0.193036 -0.467131 -0.173648 -0.038111 -0.049676
-0.445546 -0.350084 0.264841 -0.113879 0.588015 0.472769 -0.277153 -0.218727 0.379230 0.125079 -0.051518 -0.209043 -0.156639 -0.105900 0.037242 -0.151114 -0.283567 -0.242413 -0.469540 -0.137321 -0.046967 0.037946 0.357235 0.108988 0.382865 0.273483 1.000000 0.566660 -0.377918 -0.156386 -0.403308 -0.226012 -0.278113 -0.177936 0.217361 0.329924 0.121338 0.286896 0.382917 0.197065 0.208579 0.274806 -0.008167 -0.107959 -0.100915 0.036016 -0.026123 0.060494 0.130838 -0.016871 0.440809 -0.050131 0.249254 0.270711 0.033678 -0.251969 -0.088424 -0.248518 0.181707 0.129191 0.079826 -0.126841 -0.135749 -0.008856 0.181870 0.196324 -0.094153 0.141100 0.000125 0.068129 -0.112533 0.013172 -0.352279 -0.031618 -0.025117 0.094522 -0.051882 0.115222 -0.101417 -0.151389 -0.105094 -0.099473 0.257994 -0.114670 -0.034861 0.006810 -0.033705 0.095997 0.553582 0.071783 0.038349 -0.054383 0.000078 0.057535 0.007504 -0.049693 -0.129714 -0.032188 -0.280172 -0.160029 -0.199248 -0.042247 -0.367545 -0.157364 -0.042839 0.022365 -0.257558 -0.141811 -0.173223 -0.099438 0.118580 -0.105029 -0.242843 -0.220884 -0.184112 0.016040
-0.128907 -0.202557 0.203014 0.272092 0.167344 0.496787 -0.021694 -0.010503 -0.060968 -0.040150 -0.137020 -0.077018 -0.352787 -0.180026 -0.123878 -0.077052 -0.200846 -0.122256 -0.091006 -0.200911 0.335384 0.288662 0.489315 0.179987 0.325863 0.650867 0.566660 1.000000 -0.195075 -0.209145 0.099253 0.262912 -0.075692 0.083846 0.216327 0.411550 0.111858 0.270555 0.439687 0.361516 0.034313 0.129717 -0.172909 -0.262011 -0.356639 -0.161964 -0.195579 -0.192509 -0.310202 -0.306595 0.030159 -0.295210 -0.068705 0.178183 -0.067882 -0.356847 0.118336 0.015294 -0.158821 -0.090683 0.087561 -0.249292 -0.047080 -0.003557 0.475945 0.178990 0.031304 0.119035 0.171952 0.138899 0.155896 0.295642 -0.223861 0.117865 0.136449 0.169642 0.102401 0.156085 -0.003286 0.112004 -0.023202 0.012243 0.311052 0.014785 0.249568 0.205525 0.268231 0.560518 0.402598 -0.023089 -0.215046 -0.207147 0.007866 -0.068874 0.150483 0.006780 -0.244174 -0.036394 -0.489241 -0.380961 -0.367348 -0.278810 -0.160020 -0.057409 -0.088178 0.012337 -0.016076 0.113459 -0.067313 0.017380 0.050467 -0.298568 -0.444969 -0.205474 0.004387 -0.203707
0.627464 0.335392 -0.239736 -0.054319 -0.486136 -0.338595 0.297848 0.035546 -0.425244 -0.067196 0.254741 0.247654 0.127810 0.277100 0.123544 0.286561 0.518271 0.634391 0.270349 0.020541 0.158318 0.067812 0.148835 -0.484413 -0.325718 -0.339291 -0.377918 -0.195075 1.000000 0.651373 0.326371 0.094386 0.056471 0.159548 -0.263835 -0.426532 0.383739 0.197121 0.192657 0.006926 0.287787 0.283158 -0.411815 -0.409916 -0.444728 -0.609849 -0.290816 -0.498330 -0.283954 -0.461388 -0.065184 0.177662 0.218545 0.311129 0.306686 -0.084541 0.305178 0.421651 -0.097073 0.076860 0.163353 0.386989 0.489408 0.504051 -0.033012 -0.427503 -0.100216 -0.552380 0.166467 -0.065532 0.269697 0.090477 0.848903 0.399818 0.487525 0.346382 0.545204 0.226995 0.219081 0.309469 0.527185 0.408026 0.271901 0.602856 0.298184 0.007093 -0.100066 0.085320 -0.265177 0.228223 -0.086011 -0.130268 -0.417911 -0.447338 -0.137883 0.068852 -0.307571 0.031267 -0.042582 -0.067325 -0.041363 -0.225846 -0.115403 -0.282326 -0.271405 -0.419766 0.005152 0.019857 -0.029833 0.040512 -0.419605 -0.333005 -0.048658 0.035458 0.209856 -0.199620
0.433494 0.340097 -0.374865 -0.123970 -0.296124 -0.345529 -0.060473 0.225879 0.004959 -0.018832 0.284140 0.412986 0.322832 0.469525 0.225707 0.270189 0.507703 0.565387 0.093829 -0.176697 0.163417 0.309041 0.013079 -0.339373 -0.473259 -0.409135 -0.156386 -0.209145 0.651373 1.000000 0.176755 0.202958 0.273649 0.385189 -0.199872 -0.356474 0.444629 0.473094 0.231001 0.231767 0.591230 0.528782 -0.323789 -0.326631 -0.358380 -0.503186 -0.169155 -0.404657 -0.197346 -0.367019 -0.124831 0.040354 0.201670 0.278549 0.263165 -0.106643 0.304113 0.378719 -0.150134 -0.025653 0.165722 0.345871 0.434028 0.509776 -0.205436 -0.259250 -0.198383 -0.647095 0.144284 -0.180535 0.218701 0.083756 0.752326 0.577604 0.496052 0.432504 0.710132 0.492624 0.432002 0.420448 0.501179 0.523523 0.247105 0.519131 0.008919 -0.040824 -0.236698 -0.053004 -0.137148 0.099757 0.033959 -0.449315 -0.432336 -0.561211 -0.126251 0.029263 -0.211766 0.022225 -0.014268 -0.050064 -0.024899 -0.345757 -0.076013 -0.253983 -0.012066 -0.315364 -0.094829 -0.037804 0.039208 -0.076574 -0.336137 -0.179125 0.041408 0.101474 0.150695 -0.035911
0.455260 0.008594 0.021671 0.127827 -0.406136 -0.102749 0.606466 0.543800 -0.341684 0.062500 0.373994 0.069814 0.200190 0.114390 0.084957 0.378153 0.127695 -0.068704 0.239348 -0.325003 0.586160 0.243218 0.155759 -0.157661 0.003909 0.264740 -0.403308 0.099253 0.326371 0.176755 1.000000 0.784887 0.293251 0.509435 0.127444 0.163811 0.031421 0.084339 0.055199 0.025646 -0.153342 -0.019860 -0.120617 -0.187306 -0.259266 -0.235982 -0.151138 -0.367685 -0.521219 -0.369301 -0.280185 -0.227027 -0.301210 0.052749 -0.217736 -0.226952 0.222982 0.216516 -0.198993 -0.479419 0.125708 -0.199207 -0.130547 -0.053244 0.455483 0.023585 -0.203136 -0.353952 -0.036439 -0.073192 0.409252 0.409531 0.370002 0.187825 0.104580 0.178644 0.344912 0.203428 0.034278 0.137998 0.107085 0.187759 -0.081251 0.295439 0.431398 0.046057 0.301686 0.474562 -0.181446 -0.405337 -0.233030 -0.287805 -0.124321 -0.246181 0.072816 0.047953 -0.224891 -0.138754 -0.234106 -0.272645 -0.119182 -0.377562 0.091080 -0.133068 -0.138446 -0.263938 0.231281 0.151825 0.029396 0.227087 -0.186928 -0.275687 -0.143349 0.062479 0.036960 -0.240568
0.288566 0.034706 0.062072 0.176269 -0.269293 -0.017230 0.324274 0.560479 -0.098784 -0.092779 0.148751 0.291206 0.112832 0.077760 -0.086743 0.170039 0.069667 -0.066113 0.182463 -0.473527 0.566784 0.362597 0.111414 0.024591 -0.103569 0.425458 -0.226012 0.262912 0.094386 0.202958 0.784887 1.000000 0.381345 0.635163 0.144874 0.214536 0.006580 0.199332 0.106035 0.123182 -0.017970 -0.033815 0.011223 -0.017076 -0.181251 -0.094012 0.023176 -0.174988 -0.494495 -0.257904 -0.401287 -0.303084 -0.369396 -0.001361 -0.322607 -0.240893 0.272043 0.204755 -0.457667 -0.562966 0.128383 -0.338203 -0.056133 -0.078353 0.372305 0.151191 -0.231349 -0.217904 -0.045464 -0.071507 0.334564 0.609548 0.211486 0.219025 0.038546 0.137886 0.342768 0.271280 0.167494 0.188315 0.048176 0.157835 -0.103496 0.122906 0.149293 0.114689 0.180275 0.481526 -0.209166 -0.576773 -0.243556 -0.438049 -0.097975 -0.319271 0.160488 0.010293 -0.119319 -0.155405 -0.212635 -0.223950 -0.227296 -0.520656 0.084219 -0.097633 0.002219 -0.124470 0.111094 0.150230 0.127829 0.126520 -0.077814 -0.146839 -0.256487 -0.002104 -0.091180 -0.172313
0.212168 0.186844 -0.140525 0.049755 -0.292034 -0.012912 -0.083488 0.229435 -0.028012 0.043717 -0.032014 0.163154 0.231440 0.012639 -0.108535 -0.033653 0.335170 0.198546 0.404215 -0.191556 0.244933 0.265594 -0.289591 -0.117929 -0.328242 -0.017690 -0.278113 -0.075692 0.056471 0.273649 0.293251 0.381345 1.000000 0.567837 -0.049214 -0.228999 0.164310 0.129536 0.069461 0.216395 0.158890 0.061563 -0.060754 0.019394 -0.098863 -0.061865 0.081268 -0.098054 -0.259291 -0.085246 -0.375331 -0.301558 -0.174250 -0.131752 -0.045734 0.136761 0.353790 0.193882 -0.259098 -0.158067 0.329421 0.066566 0.260864 0.250545 -0.125901 0.067772 0.208038 -0.173081 0.165587 -0.004400 -0.002311 0.120415 0.288904 0.111541 0.145606 0.036138 0.273100 0.072827 0.331368 0.356697 0.316216 0.340147 -0.230346 -0.057668 -0.161867 -0.048498 -0.126596 -0.006822 -0.165382 -0.214860 -0.049027 -0.478176 -0.222686 -0.344653 -0.042525 -0.048765 0.155974 0.097751 0.079510 0.092072 0.004876 -0.178936 0.267965 0.031708 0.213412 -0.041308 0.113112 0.112563 -0.104906 -0.040091 -0.111386 0.103389 0.220047 0.224354 -0.011872 -0.004640
0.328789 0.275025 -0.183753 0.070059 -0.249728 -0.020215 0.034678 0.478398 0.001273 -0.070188 0.272964 0.363964 0.231826 0.364663 0.090742 0.107660 0.077558 0.052238 0.206167 -0.207932 0.368602 0.276611 0.006220 0.066102 -0.127473 0.240342 -0.177936 0.083846 0.159548 0.385189 0.509435 0.635163 0.567837 1.000000 0.096480 0.211758 0.190656 0.302373 0.241738 0.422410 0.312976 0.206083 -0.302485 -0.284207 -0.354293 -0.261219 -0.242149 -0.319287 -0.558242 -0.413047 -0.411071 -0.410364 -0.220545 -0.073620 -0.139421 -0.241239 0.269239 0.231944 -0.187712 -0.355096 0.365314 0.132982 0.082154 0.143829 0.051878 0.257537 -0.262309 -0.219746 0.122645 0.074419 0.167173 0.358082 0.269074 0.159430 0.017523 0.164122 0.307970 0.255645 0.246448 0.218068 0.274026 0.249419 0.013062 0.246356 0.051081 -0.037476 0.059292 0.284168 -0.022329 -0.225810 -0.164557 -0.419937 -0.124105 -0.341347 0.156161 -0.021857 -0.286658 -0.117384 -0.284201 -0.241708 -0.060882 -0.383910 0.199997 0.017938 0.082361 -0.054941 0.113406 0.146691 -0.021285 -0.067719 -0.220722 -0.238568 -0.206385 0.173618 0.032135 -0.045125
-0.060289 -0.157848 0.113758 -0.005570 0.197771 0.111640 0.272193 0.001252 0.113957 0.170054 -0.009794 -0.006160 -0.143216 -0.103687 -0.013873 0.100493 -0.280681 -0.195970 -0.245752 -0.127111 0.019949 -0.150161 0.196585 0.185933 0.349472 0.333838 0.217361 0.216327 -0.263835 -0.199872 0.127444 0.144874 -0.049214 0.096480 1.000000 0.528705 -0.030211 0.128189 0.270485 0.143615 -0.038099 -0.126899 -0.078851 -0.026082 -0.060709 0.066909 -0.189684 -0.128793 -0.298199 -0.072720 0.018308 -0.156599 -0.294425 -0.106854 -0.229907 -0.154008 -0.060124 -0.043433 0.060974 -0.170079 0.127725 -0.127921 -0.268646 -0.137564 0.518223 0.332587 -0.042185 0.062441 -0.122198 0.071354 -0.123206 0.136547 -0.353335 -0.218695 -0.278972 0.002460 -0.070748 0.155550 -0.122413 -0.156389 -0.240612 -0.147162 0.107493 -0.028167 0.364406 0.216542 0.390041 0.368974 0.114177 -0.076805 -0.232744 -0.072980 0.112473 0.176125 0.226423 0.134062 -0.169825 -0.082088 -0.273456 -0.177770 -0.064980 -0.109441 0.050960 -0.005267 0.026423 0.050537 -0.079536 0.027005 -0.114856 0.142767 0.024111 -0.172395 -0.068048 0.077856 -0.015649 0.079712
-0.263945 -0.278623 0.092966 0.125581 0.157552 0.382252 0.016090 0.168210 0.065793 0.130261 0.072403 -0.165120 -0.169353 -0.055912 -0.093343 -0.016141 -0.481899 -0.475768 -0.402484 -0.187872 0.051502 -0.015791 0.165822 0.357639 0.507939 0.583959 0.329924 0.411550 -0.426532 -0.356474 0.163811 0.214536 -0.228999 0.211758 0.528705 1.000000 -0.156846 0.105434 0.146994 0.199453 -0.036988 -0.075480 0.146162 0.079449 0.142012 0.295817 -0.009134 0.101920 -0.058451 0.078130 0.088769 -0.187246 -0.189839 -0.070966 -0.204166 -0.183708 -0.250529 -0.214140 0.093960 -0.304513 -0.083949 -0.317762 -0.501724 -0.436520 0.327848 0.374435 -0.218834 0.266295 -0.172612 0.061910 -0.032076 0.147337 -0.440311 -0.262051 -0.311726 0.016681 -0.244464 0.056050 -0.193437 -0.234356 -0.372850 -0.353875 -0.039274 -0.104915 0.150278 -0.053944 0.188244 0.383752 0.385782 -0.204019 -0.117442 0.084477 0.251640 0.180729 0.210683 0.062491 -0.056110 -0.200127 -0.321102 -0.311253 -0.012945 -0.100797 0.002812 0.120844 0.082343 0.256853 0.065419 0.036948 0.051832 0.107161 0.322982 -0.135812 -0.380918 -0.043074 -0.038301 0.037788
