1.000000 0.030388 -0.012745 -0.284406 -0.147650 -0.159207 0.023033 -0.147831 -0.134774 -0.130929 0.470088 -0.002775 0.213204 -0.047074 0.191712 -0.137218 0.163372 0.103401 0.313060 0.073551 0.284788 -0.079986 -0.084349 -0.278501 0.222567 0.027652 0.249060 0.112284 0.044996 -0.019369 0.399398 0.202480 0.217772 0.056885 -0.045216 -0.301246 -0.153022 -0.014865 -0.178800 -0.320145 -0.306654 -0.195822 -0.134509 -0.179489 -0.268177 -0.359703 -0.171728 -0.108965 -0.249789 -0.302448 -0.062982 -0.268731 -0.070654 -0.325281 -0.087799 -0.165345 0.228234 0.069166 0.094910 0.009062 0.564144 0.222787 0.273588 0.252997 0.214551 -0.098301 0.114354 -0.034636 0.162305 0.165193 -0.002533 0.047696 0.070666 -0.051436 0.034203 0.078933 0.126845 -0.016303 0.155090 0.200015 0.017237 0.159728 -0.005611 -0.152366 0.311995 0.114831 -0.065451 -0.165379 0.189382 0.084471 -0.107546 0.147002 -0.120967 0.043867 0.041432 -0.124122 -0.034501 -0.074474 -0.114271 0.027661 -0.107969 -0.035470 0.054575 0.012776 -0.016538 -0.020352 0.080449 0.082571 0.095694 -0.019582 0.028522 0.081237 0.107810 -0.046183 -0.077175 -0.263190
0.030388 1.000000 -0.202881 -0.131130 0.049572 -0.146419 0.070283 0.190469 -0.022889 -0.038178 0.259182 0.568587 0.295623 0.439798 -0.037332 0.086227 0.430948 0.494463 0.147085 0.082897 0.020382 -0.131615 -0.201013 -0.313060 0.157313 -0.145534 0.081372 0.021687 0.398085 0.322669 0.171569 0.082683 0.062176 0.207289 -0.242174 -0.124009 0.151186 0.147024 -0.130306 0.067700 0.056950 0.148923 -0.175813 -0.164903 -0.085922 -0.189715 -0.066956 -0.159606 0.002179 0.015221 -0.271326 0.049340 -0.190541 -0.019692 -0.031452 0.020394 0.025097 0.171639 0.021438 0.057855 0.005988 0.385247 -0.110515 0.169944 -0.221218 0.063672 -0.248994 -0.422598 -0.026911 -0.015912 -0.107921 0.054052 0.333815 0.260384 0.178391 0.324383 0.285290 0.230153 0.165313 0.159278 0.101218 0.237115 0.199012 0.273889 0.031237 0.177968 -0.228663 -0.142837 0.061768 -0.033534 -0.059521 -0.160395 -0.191423 -0.295847 -0.239448 -0.098433 -0.204750 -0.166748 0.029651 -0.021602 -0.058926 -0.035115 0.180275 -0.193580 -0.033401 -0.068127 -0.072679 -0.246711 -0.135677 -0.076026 -0.313117 -0.045239 -0.046105 0.062164 0.006873 -0.190013
-0.012745 -0.202881 1.000000 0.778826 0.590061 0.401254 0.753618 0.715322 0.684789 0.119197 0.071618 -0.210990 0.264468 0.133288 0.572604 0.423397 -0.213556 -0.544681 0.404505 -0.252560 0.117724 -0.045441 0.933256 0.678248 0.112934 0.287134 0.047837 0.240549 -0.320927 -0.417708 0.068428 0.222702 -0.241603 -0.088488 0.211979 0.146848 -0.286767 -0.570583 0.102305 -0.021350 0.187715 -0.140624 -0.631513 -0.627846 -0.567399 -0.424986 -0.651895 -0.602871 -0.585993 -0.657053 -0.204330 -0.546190 -0.459363 -0.522424 -0.536402 -0.628266 -0.350021 -0.281739 -0.609466 -0.483608 -0.170432 -0.234748 -0.140436 -0.472458 0.522781 0.198661 -0.169774 0.249634 0.312774 0.122910 0.419993 0.055339 -0.269769 -0.067170 0.003422 0.119934 -0.196779 -0.110654 -0.255173 -0.385553 -0.117515 -0.246874 0.473747 0.166725 0.272862 0.336831 0.234734 0.037804 0.227894 0.097840 0.176774 0.259407 0.585544 0.638758 -0.121101 0.082954 -0.402896 0.029649 -0.548015 -0.361885 0.462213 0.306619 0.055067 0.066066 -0.122309 0.026114 0.084546 0.135273 -0.039882 -0.057097 0.248664 0.125818 -0.286522 0.074884 -0.093154 0.030079
-0.284406 -0.131130 0.778826 1.000000 0.405033 0.451100 0.553031 0.750987 0.545574 0.449806 0.015576 -0.021079 0.184361 0.051338 0.434827 0.367647 -0.190369 -0.398332 0.314352 -0.368411 -0.023991 -0.089022 0.794777 0.735996 -0.031840 0.187043 -0.154248 0.099147 -0.183708 -0.234793 -0.028927 0.136206 -0.167238 -0.043875 0.202083 0.207234 0.037954 -0.378152 0.144316 0.063659 0.355271 -0.001083 -0.542205 -0.540555 -0.494127 -0.354207 -0.539166 -0.525556 -0.446153 -0.521270 -0.071385 -0.389651 -0.295190 -0.365406 -0.390200 -0.491714 -0.396624 -0.371026 -0.586900 -0.427682 -0.256455 -0.193477 -0.188153 -0.465237 0.405637 0.260634 -0.175611 0.133075 0.173535 -0.081772 0.360437 0.056539 -0.148479 0.116946 0.108259 0.110208 -0.091954 0.064230 -0.212198 -0.286238 -0.123340 -0.207422 0.447791 0.343835 0.288558 0.411028 0.148561 0.144984 0.314501 0.161750 0.013491 -0.007654 0.527101 0.410452 -0.071830 0.121149 -0.343833 0.043110 -0.578993 -0.404907 0.405311 0.152904 -0.055048 -0.096601 -0.138914 0.060083 -0.016340 0.009735 -0.027144 -0.078393 0.107058 -0.075842 -0.433465 0.001348 0.019908 0.126571
-0.147650 0.049572 0.590061 0.405033 1.000000 0.524082 0.701749 0.669857 0.847120 0.105565 0.127432 -0.112352 0.394546 0.394578 0.471989 0.357134 0.022651 -0.461883 0.060603 -0.042311 0.180057 -0.191000 0.526708 0.293564 0.237780 0.043081 0.323243 0.338684 -0.233610 -0.355966 -0.212996 -0.086336 -0.536516 -0.306009 -0.022359 0.079293 -0.279244 -0.568854 0.212412 0.027560 0.102764 0.125743 -0.408338 -0.402403 -0.243751 -0.201097 -0.420651 -0.381175 -0.380033 -0.361382 -0.399921 -0.396486 -0.243431 -0.463257 -0.472415 -0.446827 -0.469992 -0.395297 -0.308233 -0.084413 -0.025624 0.035255 -0.233382 -0.413508 0.183743 0.084585 -0.112769 0.101642 0.055824 0.038627 0.215770 -0.236690 -0.242295 -0.240478 -0.235896 -0.067179 -0.333116 -0.266048 -0.466548 -0.516247 -0.286951 -0.365446 0.430450 0.183428 0.003595 0.081885 -0.024338 -0.112172 0.069109 0.174313 0.367309 0.309700 0.633356 0.598894 -0.170117 0.214383 -0.444793 -0.031055 -0.289668 -0.094191 0.519677 0.567373 0.424581 0.343470 0.049223 0.186084 0.089823 0.135467 -0.055941 -0.100408 0.068027 0.275927 -0.064205 0.234557 0.067688 0.097813
-0.159207 -0.146419 0.401254 0.451100 0.524082 1.000000 0.348953 0.519935 0.570805 0.409441 0.078476 -0.085468 0.191131 0.028395 0.282773 0.086285 -0.126224 -0.515241 -0.180534 0.007851 0.060015 -0.096214 0.455046 0.577484 0.414693 0.422506 0.510817 0.610405 -0.540591 -0.628469 -0.338788 -0.341856 -0.450449 -0.468863 0.007334 -0.037789 -0.255195 -0.370571 0.444583 0.276521 -0.068785 0.171556 -0.229919 -0.232138 -0.157679 -0.051594 -0.152110 -0.149166 -0.083160 -0.178559 -0.009101 -0.148338 -0.009117 -0.282461 -0.079395 -0.123366 -0.496805 -0.323083 -0.184240 0.036025 -0.145376 -0.165495 -0.367872 -0.517953 0.185553 0.123294 0.105999 0.322644 0.135914 -0.018134 0.010773 -0.391592 -0.512572 -0.439862 -0.415639 -0.286123 -0.542576 -0.513455 -0.559007 -0.577470 -0.505835 -0.491011 0.049144 0.063164 -0.131644 0.059735 0.128751 0.096832 0.180636 0.414542 0.388287 0.198750 0.561499 0.436671 -0.078075 0.253808 -0.235744 0.036173 -0.180467 -0.170103 0.308476 0.133294 0.285466 0.147889 0.089235 0.227576 -0.085581 0.126484 0.187671 -0.310745 0.079473 0.089486 -0.063016 -0.000544 0.117062 0.213991
0.023033 0.070283 0.753618 0.553031 0.701749 0.348953 1.000000 0.764626 0.663021 0.140186 0.183728 -0.146673 0.624345 0.356383 0.362721 0.282149 0.238131 -0.315968 0.260026 -0.133165 0.060912 -0.124248 0.641802 0.385869 0.118173 -0.037953 0.092759 0.143064 -0.008592 -0.144951 -0.040622 0.014729 -0.171406 -0.008743 0.017694 0.032224 -0.097931 -0.471684 0.155105 -0.060192 0.228151 0.047131 -0.538969 -0.599527 -0.457038 -0.533975 -0.536589 -0.535569 -0.576521 -0.609169 -0.365512 -0.634664 -0.314858 -0.616807 -0.487115 -0.551906 -0.359950 -0.335755 -0.406391 -0.318772 0.112105 -0.142074 0.057064 -0.147241 0.089402 -0.130263 -0.186184 -0.020548 0.221136 0.115138 0.445443 -0.030678 0.044204 0.002017 0.077276 0.246464 -0.083798 0.006061 -0.225350 -0.313671 -0.102513 -0.101779 0.421567 0.237655 -0.036105 0.112127 -0.070780 -0.191477 -0.095782 0.136642 0.248336 0.225013 0.631693 0.534987 -0.179393 0.194575 -0.488540 -0.023310 -0.414595 -0.298157 0.671956 0.556858 0.409429 0.210836 -0.025335 0.067180 0.184314 0.021659 -0.071536 -0.035715 0.112241 0.294447 -0.145135 0.248544 0.013714 -0.058306
-0.147831 0.190469 0.715322 0.750987 0.669857 0.519935 0.764626 1.000000 0.713401 0.296375 0.156712 0.126906 0.449843 0.448383 0.459068 0.422235 0.069696 -0.293680 0.309070 -0.196597 0.038710 -0.224131 0.684466 0.539481 0.230327 0.176409 0.152034 0.214086 -0.124513 -0.230868 -0.012736 0.107976 -0.232534 -0.045271 0.062009 0.164880 -0.089242 -0.522443 0.228077 0.043198 0.228219 -0.026173 -0.661421 -0.673234 -0.556374 -0.452292 -0.624088 -0.601468 -0.550699 -0.604422 -0.368242 -0.510668 -0.465341 -0.569232 -0.507383 -0.592139 -0.373339 -0.317251 -0.518782 -0.323443 -0.091282 -0.001200 -0.206607 -0.372394 0.337540 0.285280 -0.233058 0.079885 0.254180 -0.034229 0.278436 -0.003168 -0.109452 -0.014015 -0.003939 0.146946 -0.181054 -0.046277 -0.225428 -0.375942 -0.114460 -0.137796 0.377153 0.309051 0.118074 0.266537 -0.010462 -0.062220 0.221492 0.106980 0.199586 0.131221 0.627265 0.499034 -0.165820 0.265504 -0.569079 0.009542 -0.551996 -0.307291 0.486256 0.326813 0.206175 0.045952 -0.130615 0.059932 -0.026237 -0.066780 0.094869 -0.152010 0.080798 0.132112 -0.320827 0.180962 -0.017635 0.033278
-0.134774 -0.022889 0.684789 0.545574 0.847120 0.570805 0.663021 0.713401 1.000000 0.261705 0.086578 -0.185912 0.280806 0.237907 0.468129 0.239982 -0.093637 -0.569913 0.098982 -0.084609 0.095987 -0.118170 0.638742 0.439227 0.364037 0.223930 0.329248 0.338425 -0.436423 -0.462762 -0.135232 -0.028030 -0.507207 -0.308297 0.078591 0.107107 -0.400603 -0.584967 0.238408 -0.030675 -0.042466 0.036468 -0.413557 -0.405105 -0.281012 -0.184508 -0.433035 -0.380977 -0.371171 -0.386995 -0.275228 -0.372026 -0.302351 -0.428543 -0.459332 -0.437748 -0.505531 -0.401927 -0.396273 -0.116204 -0.098730 0.062860 -0.290673 -0.464330 0.392016 0.228177 -0.043870 0.221630 0.199700 0.123494 0.170887 -0.240075 -0.393634 -0.275245 -0.291860 -0.117441 -0.436224 -0.304832 -0.455842 -0.570287 -0.342521 -0.453125 0.321838 0.031592 0.123081 0.117385 0.136171 -0.058964 0.200014 0.304494 0.399821 0.308771 0.630521 0.585244 -0.108601 0.142485 -0.516406 -0.031257 -0.372596 -0.215691 0.497126 0.358710 0.250545 0.158277 -0.085929 0.108077 0.018030 0.007350 -0.045029 -0.025808 0.068348 0.185807 -0.162624 0.153489 -0.041927 0.082219
-0.130929 -0.038178 0.119197 0.449806 0.105565 0.409441 0.140186 0.296375 0.261705 1.000000 -0.085836 -0.176692 -0.010669 -0.354418 0.074169 0.015114 -0.036643 -0.076009 -0.033614 0.020056 -0.226134 -0.252189 0.194198 0.366821 -0.043424 -0.169225 -0.112477 -0.126556 -0.056005 0.030378 -0.174299 -0.250370 -0.080321 0.007705 -0.016982 0.084419 0.149633 0.032993 0.006158 -0.063825 0.048367 0.221471 -0.103686 -0.149795 -0.136454 -0.175482 -0.053059 0.045668 -0.095243 -0.223017 -0.025426 -0.253327 0.112693 -0.082853 -0.137325 -0.146868 -0.180348 -0.205479 -0.244411 -0.200136 -0.040136 -0.105936 -0.058582 -0.105935 0.101095 -0.080938 -0.147215 -0.019156 0.078089 -0.000004 0.059242 -0.135458 -0.000196 0.145819 0.021591 0.097713 -0.064407 0.110010 -0.015433 -0.163302 -0.058647 0.015444 0.046363 0.192824 0.128489 0.087178 -0.271537 0.095278 0.209843 0.154049 0.274274 0.094901 0.321596 0.165835 0.064849 0.090658 -0.300640 -0.036574 -0.105341 -0.135245 0.179190 -0.062692 -0.054455 -0.093925 -0.071151 0.051781 -0.058951 0.047966 0.083469 -0.090776 0.153620 0.059785 -0.203323 0.064888 0.134302 0.308617
0.470088 0.259182 0.071618 0.015576 0.127432 0.078476 0.183728 0.156712 0.086578 -0.085836 1.000000 0.298185 0.688947 0.370532 0.449875 0.119168 0.497892 0.153281 0.240386 0.046860 -0.089159 -0.275363 0.136466 -0.076185 0.068579 -0.094975 0.169865 0.160809 0.211724 0.028490 -0.028658 -0.110185 -0.109316 -0.093415 -0.033368 -0.263853 -0.042600 -0.126164 0.041529 -0.124864 -0.031539 -0.153923 -0.226680 -0.230690 -0.176422 -0.254464 -0.179236 -0.313873 -0.210156 -0.150963 -0.327074 -0.105459 -0.241855 -0.270446 -0.049815 -0.006496 -0.006532 0.003077 0.038911 -0.077824 0.222875 0.321149 -0.134655 -0.011991 0.175422 0.130637 -0.181924 -0.361508 0.018238 0.014527 -0.149998 -0.270648 0.115316 -0.021266 -0.081802 -0.057958 0.243299 -0.051145 0.082939 0.226044 -0.044518 0.126028 0.288003 -0.019066 0.249018 0.119523 -0.288779 -0.325686 0.315586 0.331361 -0.253283 -0.147717 -0.050871 0.048409 -0.230427 -0.035184 -0.109797 -0.062540 -0.231893 -0.032412 0.173883 0.142876 0.266556 0.014778 0.188015 0.286274 0.051926 -0.140352 -0.047615 -0.168906 -0.322017 0.066757 0.106277 0.083212 0.169711 -0.295223
-0.002775 0.568587 -0.210990 -0.021079 -0.112352 -0.085468 -0.146673 0.126906 -0.185912 -0.176692 0.298185 1.000000 0.278227 0.624577 0.060045 0.224989 0.290361 0.414079 0.108332 -0.068306 0.035151 0.043734 -0.183544 -0.181832 0.067268 0.061881 0.004115 0.064097 0.369625 0.298162 0.206490 0.228867 0.020597 0.047951 -0.155073 -0.102330 0.288011 0.122256 -0.057085 0.020704 0.099351 -0.044966 -0.151674 -0.150270 -0.176632 -0.198657 -0.074786 -0.313167 0.076362 0.051030 0.037338 0.240596 -0.078479 0.056830 0.233770 0.083170 -0.038828 -0.062567 0.122319 0.064166 0.025029 0.305758 -0.130885 0.009858 -0.073818 0.307665 -0.082024 -0.312521 -0.255218 -0.247872 -0.091653 0.225656 0.268198 0.276499 0.265407 0.184468 0.338567 0.197764 0.175354 0.175306 0.034462 0.127297 0.226017 0.326934 0.146255 0.360348 -0.049338 -0.056582 0.220812 0.058139 -0.396465 -0.387752 -0.220621 -0.368216 -0.155993 -0.070174 0.034221 0.008551 -0.202769 -0.128928 -0.094399 -0.109633 -0.082035 -0.324752 -0.113481 -0.116351 -0.254700 -0.369523 0.014456 -0.008438 -0.443233 -0.360735 -0.030649 -0.066010 -0.021198 -0.240423
0.213204 0.295623 0.264468 0.184361 0.394546 0.191131 0.624345 0.449843 0.280806 -0.010669 0.688947 0.278227 1.000000 0.580581 0.389999 0.244223 0.670741 0.088075 0.068128 0.033356 -0.111632 -0.227769 0.263301 0.063332 0.029965 -0.216224 0.055048 0.102816 0.287715 0.097147 -0.194300 -0.254257 -0.160604 -0.112226 -0.120338 -0.161111 0.052832 -0.279021 0.065448 -0.122260 0.079565 -0.011357 -0.282683 -0.350925 -0.239456 -0.377264 -0.227415 -0.372252 -0.327665 -0.269073 -0.319150 -0.276548 -0.098510 -0.350731 -0.189277 -0.204548 -0.183657 -0.191142 -0.069122 -0.107094 0.280794 0.131620 0.021572 0.068406 -0.106135 -0.090770 -0.216828 -0.319392 -0.002791 0.012847 0.195486 -0.231673 0.229376 0.043873 0.015864 0.167604 0.169595 0.034775 -0.015025 0.037156 -0.048377 0.105415 0.334895 0.155898 -0.096362 -0.010932 -0.419900 -0.437544 -0.076579 0.263562 -0.015867 -0.074972 0.307160 0.189673 -0.243656 0.080838 -0.300067 -0.074217 -0.291118 -0.175570 0.488986 0.463343 0.440255 0.100887 0.086747 0.137666 0.131346 -0.148931 -0.097413 -0.117044 -0.209214 0.182118 0.019030 0.241780 0.166105 -0.295047
-0.047074 0.439798 0.133288 0.051338 0.394578 0.028395 0.356383 0.448383 0.237907 -0.354418 0.370532 0.624577 0.580581 1.000000 0.264307 0.484460 0.397490 0.217716 0.172989 0.039365 0.000890 -0.139065 0.112952 -0.074093 0.032321 -0.068411 0.048831 0.060405 0.325115 0.203241 0.051997 0.154362 -0.116015 0.057983 -0.177156 0.060928 0.150504 -0.232191 0.060265 -0.012833 0.223007 -0.050058 -0.373440 -0.392465 -0.307810 -0.294157 -0.343756 -0.552091 -0.202434 -0.152883 -0.297378 -0.052633 -0.234444 -0.199893 -0.083913 -0.213429 -0.114922 -0.114400 -0.046803 0.000742 0.121686 0.364964 -0.055436 0.022483 0.015135 0.278643 -0.189039 -0.293977 -0.135535 -0.059169 0.031602 0.068708 0.249146 0.125818 0.152470 0.156725 0.181487 0.053607 0.047779 0.028286 0.043675 0.109457 0.400154 0.299109 0.009318 0.082453 -0.044961 -0.203089 0.096891 -0.006568 -0.216741 -0.189336 0.119249 -0.004417 -0.354035 0.154682 -0.209434 0.010690 -0.398561 -0.175971 0.215602 0.276594 0.168805 -0.132897 -0.163901 -0.067112 -0.082760 -0.258109 0.007694 -0.048964 -0.329091 -0.049625 -0.055541 0.131046 -0.153943 -0.395641
0.191712 -0.037332 0.572604 0.434827 0.471989 0.282773 0.362721 0.459068 0.468129 0.074169 0.449875 0.060045 0.389999 0.264307 1.000000 0.647608 -0.140567 -0.403122 0.214314 -0.039946 0.075074 -0.234472 0.608630 0.429539 -0.048219 0.067342 0.056051 0.208481 -0.233857 -0.315954 -0.059986 0.048827 -0.372559 -0.142089 0.149651 0.072874 -0.273040 -0.382826 0.030986 -0.067820 0.051440 -0.099067 -0.575891 -0.553595 -0.489965 -0.284898 -0.569065 -0.480899 -0.480651 -0.481781 -0.354970 -0.378106 -0.350852 -0.424589 -0.370748 -0.470911 -0.194628 -0.155132 -0.292733 -0.223872 0.031266 0.164322 -0.193921 -0.429708 0.589628 0.381156 -0.171320 0.104011 0.206187 0.145302 0.097576 -0.171707 -0.326547 -0.163988 -0.283358 -0.105236 -0.135060 -0.139355 -0.195346 -0.240396 -0.085434 -0.200933 0.576869 0.212986 0.347257 0.293513 -0.035748 -0.138385 0.490922 0.113975 0.118423 0.219226 0.408904 0.581808 -0.113442 0.031609 -0.238364 -0.022344 -0.480433 -0.168994 0.236859 0.302595 0.042725 0.086473 -0.045556 0.203384 0.143909 0.263152 0.020373 -0.290208 0.133047 0.125158 -0.126752 0.075219 0.084308 -0.030842
-0.137218 0.086227 0.423397 0.367647 0.357134 0.086285 0.282149 0.422235 0.239982 0.015114 0.119168 0.224989 0.244223 0.484460 0.647608 1.000000 -0.100277 -0.144995 0.139551 0.094216 -0.111279 -0.200873 0.451434 0.397511 -0.368058 -0.091629 -0.272607 -0.130794 0.064506 0.073670 -0.105498 0.141500 -0.232412 0.130371 -0.081540 0.274742 -0.007559 -0.269925 -0.146483 0.043182 0.312210 0.035236 -0.506550 -0.505751 -0.476864 -0.269320 -0.501156 -0.491176 -0.359353 -0.377886 -0.367153 -0.260739 -0.265975 -0.187506 -0.305056 -0.444656 -0.013011 -0.059731 -0.301058 -0.247396 -0.095446 0.206318 -0.227980 -0.339645 0.370255 0.382694 -0.312670 -0.036419 0.065103 0.180509 0.156403 0.110217 -0.084097 0.097204 0.017252 0.091347 0.023614 0.035385 -0.102356 -0.155821 0.140375 0.027975 0.559168 0.470189 0.210812 0.250194 -0.055397 -0.107083 0.310675 -0.195082 0.077765 0.122663 0.384028 0.396144 -0.241930 0.102499 -0.208851 0.146169 -0.456201 -0.116928 0.220688 0.212257 -0.148342 -0.121034 -0.217098 -0.040809 0.167525 0.180654 0.127290 -0.331117 0.111990 -0.013276 -0.249786 0.004594 -0.066277 -0.027771
0.163372 0.430948 -0.213556 -0.190369 0.022651 -0.126224 0.238131 0.069696 -0.093637 -0.036643 0.497892 0.290361 0.670741 0.397490 -0.140567 -0.100277 1.000000 0.589381 -0.010768 0.106744 -0.149427 -0.135704 -0.171750 -0.297882 0.032992 -0.285870 -0.020346 -0.167373 0.619325 0.424682 -0.055597 -0.226184 0.223357 0.125723 -0.236867 -0.255935 0.316621 0.123976 -0.044906 -0.120479 0.000085 -0.003995 0.036429 -0.004942 0.038247 -0.244855 0.108038 0.003736 -0.177532 -0.049207 -0.295937 -0.165298 -0.005532 -0.137415 -0.076027 0.055969 0.210400 0.147588 0.050296 -0.129008 0.357033 0.138193 0.263888 0.453254 -0.393553 -0.278114 -0.300552 -0.514650 -0.036960 -0.092046 0.030219 -0.115195 0.590431 0.262823 0.241120 0.265898 0.380833 0.113782 0.365392 0.400433 0.388675 0.509054 -0.012867 -0.007162 -0.159160 -0.178216 -0.562218 -0.497390 -0.306459 0.083668 -0.144221 -0.177843 -0.054401 -0.197769 -0.149650 -0.011750 -0.181683 -0.223756 0.079249 0.039483 0.194656 0.180324 0.390784 0.059727 0.182338 0.055109 -0.152626 -0.414983 -0.081276 -0.087884 -0.254310 0.179908 0.041744 0.108120 0.119196 -0.275650
0.103401 0.494463 -0.544681 -0.398332 -0.461883 -0.515241 -0.315968 -0.293680 -0.569913 -0.076009 0.153281 0.414079 0.088075 0.217716 -0.403122 -0.144995 0.589381 1.000000 0.175090 0.144162 -0.135104 -0.228318 -0.475400 -0.531862 -0.173698 -0.408963 -0.268874 -0.457675 0.736741 0.717337 0.191443 0.031372 0.517879 0.422826 -0.289445 -0.108445 0.521948 0.497139 -0.293150 -0.049726 0.109892 0.007089 0.130635 0.150308 0.091120 -0.090867 0.206630 0.084390 0.089735 0.189245 -0.127827 0.150112 -0.002874 0.271044 0.097465 0.226670 0.516757 0.485537 0.106002 -0.094833 0.177229 0.271273 0.297634 0.666205 -0.333764 -0.133668 -0.336042 -0.586348 -0.212310 -0.142776 -0.225957 0.212853 0.740774 0.539277 0.458764 0.414693 0.626792 0.378785 0.722947 0.811157 0.613366 0.787446 -0.133639 0.030796 0.013772 -0.168863 -0.342623 -0.085616 -0.162713 -0.311500 -0.432276 -0.340844 -0.555265 -0.604473 -0.240413 -0.137133 0.043384 -0.247413 0.213317 0.131655 -0.316177 -0.223293 -0.079045 -0.244714 -0.075451 -0.135804 -0.246098 -0.334228 -0.066959 0.042283 -0.277107 -0.086431 0.055627 -0.014772 -0.055186 -0.328142
0.313060 0.147085 0.404505 0.314352 0.060603 -0.180534 0.260026 0.309070 0.098982 -0.033614 0.240386 0.108332 0.068128 0.172989 0.214314 0.139551 -0.010768 0.175090 1.000000 -0.167622 0.191152 -0.111669 0.423405 0.033423 0.125697 0.097516 -0.003392 -0.069649 0.263249 0.184606 0.635249 0.615592 0.263744 0.391390 0.063565 -0.032701 0.072621 -0.075038 -0.160411 -0.118117 0.138714 -0.209125 -0.448251 -0.450125 -0.474439 -0.504695 -0.481966 -0.520869 -0.450969 -0.453728 -0.261835 -0.390773 -0.470961 -0.320419 -0.376470 -0.335552 0.098440 0.107760 -0.531252 -0.526586 -0.001689 0.034826 0.082781 0.014213 0.420141 0.126942 -0.430375 -0.314696 0.158737 -0.040570 0.177668 0.425594 0.351100 0.385767 0.380888 0.333415 0.402404 0.322219 0.328870 0.265848 0.266868 0.322442 0.348419 0.143673 0.602708 0.261206 0.138761 0.009235 0.402433 -0.280931 -0.409762 0.026665 -0.031862 0.070369 -0.150938 -0.036780 -0.230084 0.071768 -0.354041 -0.087765 0.013178 -0.054921 -0.155708 -0.237514 -0.273656 -0.206787 -0.113530 -0.124877 0.018047 0.147584 -0.035806 0.067435 -0.070291 0.042996 -0.200559 -0.133763
0.073551 0.082897 -0.252560 -0.368411 -0.042311 0.007851 -0.133165 -0.196597 -0.084609 0.020056 0.046860 -0.068306 0.033356 0.039365 -0.039946 0.094216 0.106744 0.144162 -0.167622 1.000000 -0.118457 -0.377275 -0.158666 0.007458 0.028195 -0.139088 0.109550 -0.034855 0.066278 0.030928 -0.105535 -0.176722 -0.095329 0.106801 -0.284635 0.077893 -0.119391 -0.017064 -0.261210 0.020605 -0.061269 0.115307 0.148717 0.135238 0.140324 0.100194 0.218036 0.252075 0.124788 0.166637 -0.301414 0.072456 0.063772 0.151791 -0.066909 0.141017 0.251919 0.391717 0.072059 0.117092 -0.201105 -0.054327 -0.120956 0.029438 -0.264662 -0.275378 -0.066804 -0.007907 0.220550 0.529341 -0.166206 -0.006763 0.000336 -0.073968 -0.157719 0.013714 -0.037395 0.019577 0.059876 0.030638 0.110741 0.119935 0.076607 0.063810 -0.203004 -0.431283 -0.011983 -0.195279 -0.027766 -0.147521 0.210363 0.084371 -0.059788 -0.046018 -0.321310 0.058687 -0.000791 -0.134938 0.136863 0.186815 -0.245757 -0.010311 -0.138773 -0.128816 -0.220006 -0.138813 0.132399 0.219124 0.108521 -0.120783 0.172031 0.064522 0.149517 -0.164925 -0.130800 -0.051322
0.284788 0.020382 0.117724 -0.023991 0.180057 0.060015 0.060912 0.038710 0.095987 -0.226134 -0.089159 0.035151 -0.111632 0.000890 0.075074 -0.111279 -0.149427 -0.135104 0.191152 -0.118457 1.000000 0.086684 0.037358 -0.004043 0.394046 0.384917 0.393391 0.468540 -0.097359 -0.204621 0.407204 0.381424 0.109904 0.019356 0.010878 -0.142995 -0.159241 0.017854 0.123472 0.150412 -0.173462 0.155292 -0.192807 -0.138870 -0.274026 -0.193845 -0.267066 -0.145117 -0.311745 -0.305074 0.005090 -0.218821 -0.183624 -0.332765 -0.207069 -0.261728 -0.078704 -0.065089 -0.044601 0.050526 0.260694 0.054318 0.163573 0.032453 0.129621 0.100695 0.125318 0.190274 0.138993 -0.038462 0.360589 0.319054 -0.031115 0.047604 0.061537 0.133275 -0.036210 -0.056214 -0.163275 -0.032267 -0.156137 -0.096584 0.049137 -0.060746 0.157866 0.252932 0.223115 0.190535 0.017061 -0.025070 -0.057562 0.065991 0.024699 0.105196 -0.077270 -0.098551 -0.050061 -0.297015 -0.161560 -0.067820 0.056450 0.183629 0.193288 0.234501 -0.140960 -0.165886 -0.131263 0.084801 0.020373 -0.135151 0.030865 -0.056897 0.056216 0.065434 -0.020268 -0.127838
-0.079986 -0.131615 -0.045441 -0.089022 -0.191000 -0.096214 -0.124248 -0.224131 -0.118170 -0.252189 -0.275363 0.043734 -0.227769 -0.139065 -0.234472 -0.200873 -0.135704 -0.228318 -0.111669 -0.377275 0.086684 1.000000 -0.079206 -0.049263 0.124594 0.427058 0.124928 0.224998 -0.110735 -0.130574 0.219904 0.232376 0.042626 -0.036986 0.153681 -0.100624 -0.086196 0.133866 0.218802 0.032875 -0.119913 -0.149384 0.201044 0.146394 0.102080 0.069964 0.105480 0.101579 0.122007 0.108333 0.354422 0.094163 0.224451 0.086473 0.297849 0.107286 -0.124965 -0.166709 0.155536 0.205396 0.006641 -0.201992 0.108735 0.049333 -0.150193 -0.092139 0.239288 0.084989 -0.059405 -0.128169 0.209140 0.171493 -0.127251 -0.057298 0.064482 -0.006642 -0.192770 -0.106909 -0.114830 -0.291859 -0.148635 -0.256220 -0.220119 -0.002613 -0.060890 0.054329 0.163620 0.066617 -0.180724 0.092638 0.031383 0.040028 -0.000230 -0.064046 0.522506 -0.131576 0.143547 0.268972 0.142945 -0.099149 0.068948 -0.115730 0.030160 0.093838 0.220004 -0.141844 -0.104143 -0.216815 -0.201707 0.248125 -0.131136 0.000193 0.125845 -0.001902 -0.041600 0.195932
-0.084349 -0.201013 0.933256 0.794777 0.526708 0.455046 0.641802 0.684466 0.638742 0.194198 0.136466 -0.183544 0.263301 0.112952 0.608630 0.451434 -0.171750 -0.475400 0.423405 -0.158666 0.037358 -0.079206 1.000000 0.720895 0.137709 0.313786 0.097978 0.272847 -0.286539 -0.422826 0.004032 0.141846 -0.261013 -0.088030 0.207253 0.136197 -0.220363 -0.490280 0.150660 0.049875 0.160220 -0.158676 -0.591434 -0.581065 -0.526890 -0.373219 -0.604038 -0.545995 -0.562132 -0.593461 -0.261245 -0.527100 -0.454675 -0.478083 -0.511473 -0.530069 -0.299502 -0.195119 -0.653681 -0.547784 -0.264057 -0.278394 -0.200972 -0.501037 0.533355 0.196667 -0.273807 0.163562 0.358941 0.129744 0.326697 -0.028348 -0.255547 -0.045184 -0.040855 0.087670 -0.165196 -0.137995 -0.190140 -0.332267 -0.042677 -0.165691 0.493469 0.177094 0.337277 0.293177 0.212316 0.024089 0.345064 0.099934 0.128014 0.198532 0.533843 0.608943 -0.090069 0.083843 -0.376379 0.040970 -0.530015 -0.320489 0.410885 0.221736 -0.001383 -0.004259 -0.108707 0.025785 -0.050990 0.075789 -0.013911 -0.096922 0.220473 0.152940 -0.284860 0.049712 -0.071806 0.072883
-0.278501 -0.313060 0.678248 0.735996 0.293564 0.577484 0.385869 0.539481 0.439227 0.366821 -0.076185 -0.181832 0.063332 -0.074093 0.429539 0.397511 -0.297882 -0.531862 0.033423 0.007458 -0.004043 -0.049263 0.720895 1.000000 -0.016797 0.374828 -0.005626 0.221580 -0.393198 -0.447388 -0.127392 0.029034 -0.217488 -0.031006 0.253809 0.350104 -0.233544 -0.407497 0.181357 0.143871 0.210529 0.033770 -0.406666 -0.387511 -0.393617 -0.113189 -0.390865 -0.244145 -0.380266 -0.422985 -0.175711 -0.328899 -0.284031 -0.267915 -0.320351 -0.389791 -0.270372 -0.142906 -0.492418 -0.367296 -0.408483 -0.362217 -0.262489 -0.537076 0.387943 0.247263 -0.189856 0.378209 0.390159 0.235075 0.342901 0.020965 -0.386084 -0.129947 -0.155900 -0.047677 -0.292266 -0.137215 -0.318110 -0.447851 -0.176473 -0.304215 0.307584 0.191931 0.001542 0.114721 0.184679 0.128610 0.194734 0.047714 0.252326 0.130816 0.551918 0.526288 -0.150635 0.004623 -0.210058 -0.015179 -0.460003 -0.339897 0.300863 0.123045 -0.056876 -0.012538 -0.121138 0.052238 0.053727 0.200815 0.007810 -0.359305 0.370244 0.004213 -0.255861 -0.061878 -0.001810 0.116670
0.222567 0.157313 0.112934 -0.031840 0.237780 0.414693 0.118173 0.230327 0.364037 -0.043424 0.068579 0.067268 0.029965 0.032321 -0.048219 -0.368058 0.032992 -0.173698 0.125697 0.028195 0.394046 0.124594 0.137709 -0.016797 1.000000 0.646992 0.847355 0.699649 -0.306380 -0.393215 0.271587 0.127600 -0.137833 -0.224969 0.016139 -0.306173 -0.381818 -0.172732 0.243649 0.092961 -0.438870 -0.031219 -0.052575 -0.030026 -0.054613 -0.110027 -0.031179 0.006305 -0.037839 -0.084673 0.044791 -0.078764 -0.047175 -0.229282 -0.085359 0.017950 -0.257912 -0.086668 -0.130111 0.060408 -0.022877 -0.082531 -0.168033 -0.159247 0.050424 -0.069238 0.132304 0.107821 0.235396 -0.041174 -0.081920 -0.096704 -0.246420 -0.362596 -0.265785 -0.188301 -0.356496 -0.321852 -0.140952 -0.295002 -0.314875 -0.248558 -0.149204 -0.148692 0.033521 0.065560 0.236746 -0.048211 0.089809 0.322593 0.111888 0.115855 0.068824 0.059823 0.126705 -0.008701 -0.235193 -0.080249 0.027288 0.022579 -0.010396 -0.099289 0.253986 0.091423 0.058046 -0.062904 -0.294636 -0.207423 0.174146 -0.029884 0.000439 0.189263 0.165195 0.048841 0.014676 0.086503
0.027652 -0.145534 0.287134 0.187043 0.043081 0.422506 -0.037953 0.176409 0.223930 -0.169225 -0.094975 0.061881 -0.216224 -0.068411 0.067342 -0.091629 -0.285870 -0.408963 0.097516 -0.139088 0.384917 0.427058 0.313786 0.374828 0.646992 1.000000 0.582466 0.680858 -0.431108 -0.578569 0.352660 0.348125 -0.090342 -0.185252 0.216736 -0.082581 -0.414283 -0.203941 0.300970 0.265901 -0.302616 -0.206290 -0.142685 -0.115291 -0.224751 -0.049805 -0.159679 -0.132822 -0.122802 -0.170824 0.197776 -0.000116 -0.123461 -0.136575 -0.007334 -0.078512 -0.210003 -0.002220 -0.171046 0.040352 -0.196336 -0.169604 -0.259543 -0.362541 0.328418 0.266508 0.200277 0.379034 0.274502 0.072369 0.067869 0.117223 -0.462289 -0.369862 -0.212390 -0.230527 -0.467874 -0.439358 -0.263481 -0.383387 -0.284384 -0.350347 -0.157172 -0.132776 0.136590 0.191487 0.402654 0.097581 0.226516 0.190296 0.030605 0.063669 0.111510 0.194935 0.143687 -0.070293 -0.059047 0.143968 -0.220061 -0.143605 -0.056414 -0.194794 -0.034682 -0.005311 0.008106 -0.111087 -0.268890 -0.155665 0.147264 -0.156972 0.058661 -0.049462 -0.013437 -0.147336 -0.106076 0.121364
0.249060 0.081372 0.047837 -0.154248 0.323243 0.510817 0.092759 0.152034 0.329248 -0.112477 0.169865 0.004115 0.055048 0.048831 0.056051 -0.272607 -0.020346 -0.268874 -0.003392 0.109550 0.393391 0.124928 0.097978 -0.005626 0.847355 0.582466 1.000000 0.795220 -0.381111 -0.533995 0.074644 -0.024432 -0.250736 -0.300676 0.010334 -0.257947 -0.408127 -0.109908 0.431418 0.249369 -0.405765 0.015738 -0.048275 -0.030301 -0.005850 -0.025091 -0.035007 0.010003 -0.017821 -0.037850 -0.080188 -0.090895 -0.059234 -0.318544 0.031936 0.082525 -0.254725 -0.082264 0.072951 0.162060 0.052539 -0.031337 -0.199130 -0.184907 0.054071 -0.046523 0.159144 0.142524 0.218515 0.090464 -0.164100 -0.231134 -0.361125 -0.506887 -0.413318 -0.265249 -0.420132 -0.453213 -0.286593 -0.352952 -0.369386 -0.304667 -0.113465 -0.164605 -0.035437 -0.029005 0.235829 -0.013907 0.152241 0.337913 0.155598 0.103212 0.062766 0.155301 0.106728 0.114916 -0.068694 0.035495 0.037410 0.061477 0.018764 0.012746 0.356673 0.208267 0.215201 0.135509 -0.218176 -0.045356 0.164102 -0.148857 -0.065437 0.220488 0.298547 0.078479 0.049396 0.076127
0.112284 0.021687 0.240549 0.099147 0.338684 0.610405 0.143064 0.214086 0.338425 -0.126556 0.160809 0.064097 0.102816 0.060405 0.208481 -0.130794 -0.167373 -0.457675 -0.069649 -0.034855 0.468540 0.224998 0.272847 0.221580 0.699649 0.680858 0.795220 1.000000 -0.435681 -0.629478 0.040659 0.000340 -0.347310 -0.452284 0.008467 -0.364117 -0.396376 -0.185131 0.448764 0.308038 -0.203384 0.024818 -0.199213 -0.169757 -0.182566 -0.116757 -0.167572 -0.168445 -0.048202 -0.127238 0.137805 -0.029951 -0.036103 -0.275104 0.042303 -0.008176 -0.439313 -0.223062 -0.000194 0.242119 -0.083663 -0.110831 -0.241397 -0.333151 0.087894 0.007653 0.275891 0.297421 0.184846 0.082925 0.020252 -0.236486 -0.455822 -0.448683 -0.345608 -0.258890 -0.434195 -0.464803 -0.416019 -0.435407 -0.560093 -0.477444 0.099328 0.017965 0.012363 0.240533 0.276781 0.162952 0.207963 0.455832 0.156899 0.083230 0.193833 0.232348 -0.009208 0.007985 -0.076716 -0.021057 -0.139311 -0.158946 0.116876 0.091458 0.321845 0.212820 0.185180 0.149116 -0.116272 0.055062 0.011318 -0.202293 -0.052484 0.032429 0.120992 0.036665 0.065539 0.037505
0.044996 0.398085 -0.320927 -0.183708 -0.233610 -0.540591 -0.008592 -0.124513 -0.436423 -0.056005 0.211724 0.369625 0.287715 0.325115 -0.233857 0.064506 0.619325 0.736741 0.263249 0.066278 -0.097359 -0.110735 -0.286539 -0.393198 -0.306380 -0.431108 -0.381111 -0.435681 1.000000 0.843622 0.304531 0.222942 0.523535 0.566372 -0.231440 -0.104983 0.629472 0.398436 -0.261944 -0.104940 0.344278 0.066890 -0.039434 -0.101424 -0.162819 -0.415556 -0.031344 -0.171843 -0.204407 -0.116374 -0.213337 -0.150171 0.054926 0.039483 -0.056826 -0.044637 0.321294 0.287848 0.031128 -0.180424 0.260343 0.147246 0.450904 0.602773 -0.349224 -0.310107 -0.365860 -0.695916 -0.094965 -0.046497 0.208236 0.346916 0.902125 0.656839 0.670995 0.543209 0.697857 0.588026 0.613340 0.627332 0.506943 0.746614 0.210446 0.338680 0.123773 -0.014527 -0.380024 -0.204547 -0.142053 -0.291274 -0.449966 -0.326573 -0.255613 -0.368268 -0.195735 -0.077860 -0.110108 -0.113269 -0.085652 -0.066143 0.061417 0.121642 0.066118 -0.126985 -0.082518 -0.181224 -0.098042 -0.294833 -0.139784 0.083476 -0.297585 -0.034716 -0.047241 0.099749 -0.029386 -0.325351
-0.019369 0.322669 -0.417708 -0.234793 -0.355966 -0.628469 -0.144951 -0.230868 -0.462762 0.030378 0.028490 0.298162 0.097147 0.203241 -0.315954 0.073670 0.424682 0.717337 0.184606 0.030928 -0.204621 -0.130574 -0.422826 -0.447388 -0.393215 -0.578569 -0.533995 -0.629478 0.843622 1.000000 0.208062 0.161594 0.552404 0.641239 -0.195367 0.014784 0.608218 0.486683 -0.363375 -0.194118 0.296384 0.213005 0.067152 0.041395 -0.013765 -0.234711 0.089013 -0.049497 -0.010759 0.050589 -0.107134 0.006792 0.128705 0.202076 0.065635 0.070505 0.308637 0.177116 0.082901 -0.123602 0.241071 0.279963 0.387041 0.626717 -0.313048 -0.216470 -0.325697 -0.643876 -0.215513 -0.119132 0.068138 0.371737 0.852781 0.697513 0.629036 0.473948 0.723709 0.680814 0.609244 0.648756 0.443616 0.669575 0.083906 0.285383 0.049517 -0.072318 -0.338230 -0.081468 -0.195784 -0.329169 -0.403695 -0.318690 -0.294864 -0.483447 -0.152680 -0.103800 -0.006356 -0.060276 0.039551 0.015654 0.008072 -0.034870 -0.069744 -0.222360 -0.170668 -0.214133 0.026108 -0.293748 -0.056476 0.158428 -0.257018 -0.135187 -0.080253 0.100881 0.037663 -0.245197
0.399398 0.171569 0.068428 -0.028927 -0.212996 -0.338788 -0.040622 -0.012736 -0.135232 -0.174299 -0.028658 0.206490 -0.194300 0.051997 -0.059986 -0.105498 -0.055597 0.191443 0.635249 -0.105535 0.407204 0.219904 0.004032 -0.127392 0.271587 0.352660 0.074644 0.040659 0.304531 0.208062 1.000000 0.893618 0.446588 0.469049 0.039700 -0.041869 0.057236 0.050466 -0.216309 -0.202303 0.046662 -0.247291 -0.311655 -0.340904 -0.481353 -0.509450 -0.375236 -0.331410 -0.379260 -0.431130 0.013217 -0.289400 -0.241574 -0.196497 -0.206511 -0.349066 0.140183 0.204296 -0.295554 -0.218254 0.152244 0.037658 0.362114 0.266423 0.230454 0.019150 -0.081026 -0.069331 0.264599 0.102896 0.269235 0.647710 0.325669 0.283809 0.444476 0.340778 0.262789 0.338855 0.338898 0.175695 0.186646 0.246117 0.146837 0.216092 0.470909 0.296251 0.199847 0.036813 0.229772 -0.241360 -0.285298 0.037035 -0.156830 -0.057644 -0.053866 -0.198469 -0.178256 -0.010908 -0.292576 -0.198596 -0.174319 -0.190742 -0.176751 -0.147273 -0.295871 -0.327645 -0.173533 -0.149722 -0.025019 0.214893 0.060889 0.001113 -0.037741 -0.012453 -0.324426 -0.182168
0.202480 0.082683 0.222702 0.136206 -0.086336 -0.341856 0.014729 0.107976 -0.028030 -0.250370 -0.110185 0.228867 -0.254257 0.154362 0.048827 0.141500 -0.226184 0.031372 0.615592 -0.176722 0.381424 0.232376 0.141846 0.029034 0.127600 0.348125 -0.024432 0.000340 0.222942 0.161594 0.893618 1.000000 0.302171 0.464125 0.099342 0.103791 0.036673 -0.019976 -0.174003 -0.133530 0.161961 -0.242426 -0.404209 -0.413620 -0.521404 -0.457520 -0.496465 -0.438165 -0.405095 -0.464264 -0.050370 -0.298052 -0.346393 -0.229632 -0.260216 -0.440351 0.066216 0.095232 -0.325254 -0.262089 0.032458 0.033493 0.232012 0.060670 0.340090 0.196855 -0.123436 -0.028783 0.232034 0.101384 0.318548 0.732108 0.205106 0.282710 0.434119 0.298617 0.224397 0.374572 0.228383 0.061428 0.173954 0.142467 0.282633 0.299233 0.510171 0.393199 0.336980 0.126333 0.307961 -0.287994 -0.308195 -0.021654 -0.086617 0.021700 -0.066812 -0.145498 -0.158997 0.087036 -0.427959 -0.221125 -0.089032 -0.143466 -0.257447 -0.153498 -0.276902 -0.305714 -0.127723 -0.110435 -0.001888 0.186814 0.114314 -0.063706 -0.129328 0.029779 -0.307660 -0.129146
0.217772 0.062176 -0.241603 -0.167238 -0.536516 -0.450449 -0.171406 -0.232534 -0.507207 -0.080321 -0.109316 0.020597 -0.160604 -0.116015 -0.372559 -0.232412 0.223357 0.517879 0.263744 -0.095329 0.109904 0.042626 -0.261013 -0.217488 -0.137833 -0.090342 -0.250736 -0.347310 0.523535 0.552404 0.446588 0.302171 1.000000 0.712437 0.158672 0.052754 0.404387 0.424235 -0.141697 -0.178293 0.090993 -0.025917 -0.064078 -0.090585 -0.201617 -0.290104 -0.072676 -0.094200 -0.246516 -0.187365 0.049788 -0.172863 -0.065625 -0.030714 0.009658 -0.109475 0.275547 0.293142 0.114724 -0.112036 0.353627 0.070967 0.617335 0.658146 -0.074250 -0.158102 0.002497 -0.150173 0.231476 0.050361 0.128883 0.448137 0.596288 0.534472 0.580948 0.476310 0.503313 0.432143 0.594379 0.584048 0.443988 0.632360 -0.199627 -0.027535 0.102607 -0.090938 -0.002367 0.153394 -0.194092 -0.238741 -0.324292 -0.255071 -0.245837 -0.363567 -0.027078 -0.223895 -0.006354 -0.273652 -0.070748 -0.225406 -0.060147 -0.219301 -0.004476 -0.140409 -0.109042 -0.159922 -0.120207 -0.227154 -0.079867 -0.007217 -0.152996 -0.236394 -0.236928 -0.136757 -0.147483 -0.321085
0.056885 0.207289 -0.088488 -0.043875 -0.306009 -0.468863 -0.008743 -0.045271 -0.308297 0.007705 -0.093415 0.047951 -0.112226 0.057983 -0.142089 0.130371 0.125723 0.422826 0.391390 0.106801 0.019356 -0.036986 -0.088030 -0.031006 -0.224969 -0.185252 -0.300676 -0.452284 0.566372 0.641239 0.469049 0.464125 0.712437 1.000000 0.156051 0.335499 0.384380 0.388920 -0.218770 -0.085186 0.259279 0.186006 -0.238730 -0.269501 -0.296965 -0.324991 -0.246728 -0.208201 -0.346015 -0.289638 -0.319512 -0.321092 -0.194178 -0.111163 -0.164108 -0.241658 0.301339 0.353615 -0.061582 -0.249270 0.176665 0.179043 0.396590 0.478433 0.036917 -0.016291 -0.311633 -0.335149 0.256274 0.157667 0.189464 0.589817 0.587141 0.583885 0.582338 0.537957 0.520165 0.627349 0.492843 0.401232 0.452009 0.600104 0.136893 0.258320 0.198489 -0.086819 -0.040283 0.013098 0.006886 -0.406691 -0.297225 -0.240738 -0.148089 -0.244690 -0.092459 -0.119616 -0.127230 -0.095514 -0.238112 -0.132838 0.031466 -0.160242 -0.158022 -0.255837 -0.281402 -0.345131 -0.026813 -0.125221 -0.075554 0.017503 -0.007588 -0.113506 -0.202916 0.016236 -0.145964 -0.174739
-0.045216 -0.242174 0.211979 0.202083 -0.022359 0.007334 0.017694 0.062009 0.078591 -0.016982 -0.033368 -0.155073 -0.120338 -0.177156 0.149651 -0.081540 -0.236867 -0.289445 0.063565 -0.284635 0.010878 0.153681 0.207253 0.253809 0.016139 0.216736 0.010334 0.008467 -0.231440 -0.195367 0.039700 0.099342 0.158672 0.156051 1.000000 0.378537 -0.074110 -0.039809 0.172216 -0.215640 -0.094734 -0.195113 -0.157297 -0.119527 -0.029072 0.128362 -0.154415 -0.080179 -0.184300 -0.096160 0.052804 -0.102906 -0.178527 -0.202389 -0.009393 -0.106632 -0.256942 -0.137716 0.051955 -0.067752 0.003862 -0.113145 0.035764 -0.120340 0.333378 0.223391 0.149292 0.316380 0.045836 -0.150322 0.027248 0.102644 -0.140157 -0.095018 -0.009914 -0.021179 -0.057166 0.091247 0.033210 -0.149818 -0.041516 -0.076224 -0.032425 -0.241547 0.091938 0.063848 0.172527 0.095525 0.113049 -0.028427 -0.089617 -0.097948 0.058262 0.140573 0.385640 -0.182785 0.021161 -0.090477 -0.201909 -0.344874 0.008053 -0.057828 -0.067652 -0.046822 0.086756 0.073565 -0.083152 -0.141844 -0.068248 -0.002812 0.057548 -0.131161 -0.185357 -0.197708 -0.011071 0.055522
-0.301246 -0.124009 0.146848 0.207234 0.079293 -0.037789 0.032224 0.164880 0.107107 0.084419 -0.263853 -0.102330 -0.161111 0.060928 0.072874 0.274742 -0.255935 -0.108445 -0.032701 0.077893 -0.142995 -0.100624 0.136197 0.350104 -0.306173 -0.082581 -0.257947 -0.364117 -0.104983 0.014784 -0.041869 0.103791 0.052754 0.335499 0.378537 1.000000 0.066482 -0.167439 -0.078358 -0.002319 0.339295 0.067632 -0.133757 -0.129441 -0.013418 0.271181 -0.193304 -0.070843 -0.174615 -0.062752 -0.314553 -0.108396 -0.228036 0.008709 -0.185325 -0.264438 0.024046 0.059764 -0.077807 -0.123727 -0.244118 -0.029567 -0.034891 -0.084086 0.175827 0.285207 -0.073014 0.281696 0.132169 0.031807 0.112826 0.249819 -0.052141 0.047012 -0.039408 0.062319 0.009286 0.238776 -0.072258 -0.102521 0.053769 0.000778 0.069494 0.106488 -0.093342 -0.215686 0.085163 -0.033991 -0.028525 -0.338912 0.055347 -0.111858 0.194603 0.166147 -0.022352 0.167053 0.026893 0.131519 -0.206896 -0.127043 0.061520 -0.002095 -0.251963 -0.067386 -0.220015 -0.086753 0.039647 0.111539 0.025853 0.083808 0.125966 -0.119106 -0.173052 0.002652 -0.197159 0.152251
