1.000000 0.556513 -0.319761 -0.268989 -0.281034 -0.252534 -0.113982 -0.241721 -0.420392 -0.338613 0.385342 0.095733 0.067594 -0.033057 -0.218584 -0.144424 0.530253 0.438927 0.207927 0.267679 -0.124159 -0.090041 -0.215266 -0.385282 -0.221936 -0.213431 -0.186222 -0.119529 0.479551 0.130042 -0.101043 -0.290917 0.304456 -0.008656 -0.327047 -0.181291 0.073954 -0.403704 -0.049284 -0.304913 0.410049 -0.295656 -0.026891 -0.037661 -0.004478 0.037647 0.248975 -0.007672 -0.065266 0.005084 -0.069261 0.010226 0.135469 0.194825 0.114941 0.124449 0.616782 0.358388 0.051213 0.178618 0.190339 0.207086 0.255000 0.243667 -0.211061 -0.135148 -0.018311 -0.220615 0.325759 0.211348 -0.341509 -0.348400 0.218327 -0.336433 -0.199916 -0.224760 -0.282949 -0.405620 0.342016 0.274861 0.286774 0.165946 0.398767 -0.166282 0.183838 -0.037237 0.271889 0.060115 0.208393 0.084165 -0.223148 -0.355535 -0.237546 -0.244139 -0.383675 -0.404675 -0.246931 -0.404684 -0.178173 -0.281973 -0.090986 -0.157976 -0.063604 -0.151317 -0.328975 -0.365942 -0.288112 0.097164 -0.261466 -0.308012 -0.479866 -0.423175 -0.364326 -0.321445 -0.361512 0.062505
0.556513 1.000000 -0.361373 -0.145702 -0.493499 -0.387735 0.043385 -0.065788 -0.436051 -0.276130 0.398355 0.297197 0.095777 0.188588 -0.090995 0.106803 0.484000 0.508798 0.332209 0.400980 -0.261980 -0.119869 -0.496671 -0.376429 -0.576790 -0.403896 -0.322749 -0.262216 0.537751 0.313624 0.006723 -0.138596 0.488863 0.295726 -0.429103 -0.240639 0.229202 0.018997 -0.043406 -0.152562 0.237331 -0.017700 -0.190938 -0.159302 -0.253813 -0.276255 0.213645 -0.047754 -0.152165 -0.168920 -0.152615 -0.013193 0.144330 0.243493 0.063082 0.103413 0.365163 0.380486 -0.178571 -0.023541 0.080971 0.289164 0.230284 0.249987 -0.277007 -0.025955 -0.163264 -0.423929 0.197644 0.267872 -0.268657 -0.173118 0.370167 -0.021075 -0.016010 -0.045648 -0.200914 -0.336920 0.310659 0.399796 0.387219 0.381150 0.268514 0.190646 0.089296 0.111748 0.035601 -0.021371 -0.138474 -0.048522 -0.152749 -0.329818 -0.168195 -0.361221 -0.117662 -0.233488 -0.155765 -0.194008 -0.031972 -0.309683 0.023769 -0.217672 0.058805 -0.243720 -0.268127 -0.318799 -0.231890 -0.062920 0.019123 -0.250525 -0.490642 -0.250984 -0.247927 -0.067929 -0.197321 -0.002427
-0.319761 -0.361373 1.000000 0.638789 0.632798 0.420048 0.619790 0.679342 0.619247 0.453173 -0.172105 0.144285 0.331580 0.302699 0.301502 0.189302 -0.571936 -0.519416 0.263770 -0.205110 0.394642 -0.010584 0.638021 0.468728 0.445739 0.463105 0.347103 0.222051 -0.449487 -0.209865 0.280504 0.192005 -0.160338 0.129873 0.477579 0.394539 -0.226583 0.076388 -0.005654 0.154725 -0.375630 0.005283 -0.175587 -0.282247 -0.145078 -0.100071 -0.471035 -0.332986 -0.257979 -0.409133 -0.016771 -0.447523 -0.426108 -0.624308 -0.112230 -0.235813 -0.703021 -0.684300 0.090900 -0.381413 0.142225 -0.136522 -0.510307 -0.385434 0.603711 0.422159 -0.015428 0.401628 -0.533760 -0.443311 0.170763 0.102548 -0.315571 0.042596 -0.029961 0.092748 0.161524 0.313507 -0.549260 -0.583286 -0.653247 -0.564076 -0.375140 -0.065476 -0.422394 -0.254798 -0.382694 -0.263818 -0.134798 -0.180907 0.542209 0.503100 0.521500 0.645145 0.262597 0.350357 0.076425 0.442473 0.281404 0.557505 0.193803 0.534941 0.092748 0.371769 0.289571 0.361595 0.426682 0.078736 0.212442 0.317062 0.595961 0.558090 0.206310 0.042074 0.282212 0.053571
-0.268989 -0.145702 0.638789 1.000000 0.363943 0.419362 0.297480 0.759716 0.420876 0.349656 -0.006736 0.328035 0.157558 0.398164 0.293374 0.367566 -0.394953 -0.467951 0.280800 -0.236276 0.469795 0.206541 0.541418 0.608289 0.447534 0.567109 0.400256 0.555386 -0.324868 -0.162894 0.233146 0.357118 -0.085802 0.293584 0.364815 0.400967 -0.095964 0.220829 -0.071602 0.173283 -0.353269 0.160484 -0.403225 -0.374681 -0.398550 -0.321508 -0.558685 -0.469504 -0.247012 -0.567717 0.074462 -0.255859 -0.329071 -0.373027 0.025118 -0.208486 -0.549316 -0.657396 -0.020860 -0.474587 0.082055 -0.080072 -0.329379 -0.307269 0.601814 0.672628 -0.159908 0.388009 -0.598766 -0.512138 0.043999 0.309357 -0.198198 0.155092 0.167432 0.187536 0.159751 0.308388 -0.410688 -0.529884 -0.547373 -0.498218 -0.211819 0.032622 -0.238019 0.065334 -0.283664 -0.037474 -0.035662 0.109040 0.464346 0.376447 0.420466 0.346455 0.240723 0.192829 -0.108641 0.232237 0.151159 0.254575 0.065575 0.275664 0.005847 0.221740 -0.009584 0.038968 0.376577 -0.294318 0.060747 0.265092 0.361023 0.300745 -0.051190 0.041940 -0.061645 -0.285941
-0.281034 -0.493499 0.632798 0.363943 1.000000 0.471711 0.443581 0.433197 0.784109 0.644742 -0.118410 0.076762 0.386444 0.276958 0.252319 0.341194 -0.435679 -0.404855 -0.161490 -0.332561 0.165820 -0.159578 0.378831 0.305940 0.418961 0.149716 0.433231 0.012016 -0.409313 -0.137539 -0.103542 -0.091012 -0.381594 -0.116013 0.257004 0.149813 -0.161439 -0.037682 0.054228 0.185158 -0.301042 -0.075235 -0.120058 -0.232886 -0.039738 0.062513 -0.453061 -0.365062 -0.069117 -0.179562 0.060799 -0.331775 -0.190827 -0.464575 0.007732 -0.290170 -0.446627 -0.566133 0.329497 -0.017743 0.358061 0.065069 -0.256715 -0.117051 0.514990 0.337286 -0.026967 0.253981 -0.435295 -0.411721 -0.024686 -0.098822 -0.248136 -0.106331 -0.132157 -0.060611 0.053196 0.094466 -0.580534 -0.545620 -0.421867 -0.385905 -0.354271 -0.138834 -0.142961 -0.223051 -0.397684 -0.103627 0.110065 0.060575 0.455458 0.459816 0.465276 0.501010 -0.018196 0.159714 -0.127702 0.130791 0.086120 0.264049 0.189041 0.415570 0.080876 0.264248 0.192929 0.199716 0.263802 0.036937 -0.010614 0.138751 0.316844 0.343118 0.072971 0.153775 0.213814 0.030278
-0.252534 -0.387735 0.420048 0.419362 0.471711 1.000000 0.233372 0.317046 0.305779 0.522520 -0.103537 -0.095387 0.126396 0.056804 0.107091 0.096481 -0.379270 -0.446761 -0.019010 -0.190537 0.162976 -0.144061 0.381864 0.425014 0.362004 0.181358 0.544620 0.457349 -0.436270 -0.455799 -0.305706 -0.178790 -0.265124 -0.098186 0.458869 0.270176 -0.070298 0.036347 0.078918 0.340436 -0.314423 -0.072187 -0.145330 -0.137899 -0.010245 0.033748 -0.414675 -0.232205 0.051066 -0.029089 0.164959 0.054495 -0.112198 -0.225498 0.140055 0.008944 -0.245804 -0.363337 0.154125 -0.150546 0.063286 -0.184630 -0.207696 -0.381581 0.257602 0.245399 0.201533 0.358364 -0.177973 -0.232558 -0.082769 -0.061841 -0.351760 -0.112782 -0.099294 -0.095116 0.197562 0.331443 -0.343174 -0.515723 -0.403359 -0.490605 -0.250184 -0.199035 -0.190518 -0.036372 -0.075885 0.067196 0.112080 0.134113 0.242550 0.270739 0.265591 0.222434 0.007425 0.160923 -0.036279 0.173553 -0.170267 0.176447 -0.073108 0.134085 -0.029568 0.076176 0.117811 0.094453 0.175708 -0.047175 0.067284 0.077914 0.240543 0.105306 0.035845 -0.048163 0.004851 -0.087424
-0.113982 0.043385 0.619790 0.297480 0.443581 0.233372 1.000000 0.670704 0.448444 0.442824 -0.015614 0.125573 0.502104 0.482275 0.239729 0.317022 -0.157062 -0.187821 0.115874 -0.195009 -0.111163 -0.188858 0.098402 0.123882 -0.067738 -0.045266 0.039909 -0.250620 -0.070118 -0.062744 0.111130 -0.059544 -0.029570 0.030539 0.076169 0.144329 -0.201386 -0.062460 -0.024412 0.126823 -0.101638 -0.107623 -0.283091 -0.403087 -0.228927 -0.283762 -0.297271 -0.370824 -0.146726 -0.340610 -0.022501 -0.300698 -0.158310 -0.311221 0.004011 -0.193669 -0.478217 -0.417475 0.126361 -0.096958 0.388790 0.220899 -0.129639 -0.044025 0.403045 0.225023 -0.039112 0.061048 -0.369366 -0.335834 0.014525 -0.184055 -0.082768 -0.057849 -0.075314 0.034123 -0.103298 -0.026417 -0.419155 -0.399015 -0.331322 -0.369240 -0.155915 -0.024156 -0.128418 -0.138217 -0.517849 -0.411793 -0.059211 -0.147355 0.453176 0.280106 0.441184 0.354644 0.015709 0.184347 -0.199616 0.205381 0.256978 0.122612 0.292733 0.389519 0.224570 0.102211 0.136824 0.038942 0.199659 -0.039989 0.082206 0.146139 0.032746 0.224555 -0.112257 0.018888 0.199739 0.105446
-0.241721 -0.065788 0.679342 0.759716 0.433197 0.317046 0.670704 1.000000 0.540870 0.522583 -0.107952 0.283926 0.230555 0.611659 0.138374 0.430379 -0.290006 -0.358973 0.115391 -0.365739 0.150289 0.036296 0.306720 0.480301 0.137209 0.353523 0.132536 0.067965 -0.293796 -0.124325 0.198688 0.286364 -0.093553 0.297908 0.240704 0.349797 -0.305860 0.059167 -0.164457 0.160013 -0.292580 0.014181 -0.456523 -0.545303 -0.344565 -0.326103 -0.468142 -0.486138 -0.221139 -0.548564 0.028665 -0.302370 -0.250192 -0.327920 -0.044819 -0.282887 -0.577901 -0.679495 0.131383 -0.308556 0.325477 0.201362 -0.242171 -0.081099 0.617921 0.614103 -0.163253 0.319583 -0.633802 -0.573042 0.031297 0.164918 -0.253378 0.045850 -0.029879 0.134890 -0.078647 0.185514 -0.462240 -0.557696 -0.492377 -0.480047 -0.210898 0.021288 -0.172034 -0.037536 -0.517164 -0.263739 -0.111745 -0.053906 0.609246 0.361695 0.560267 0.355074 0.126617 0.129567 -0.262476 0.200684 0.278813 0.152150 0.259260 0.330108 0.159016 0.141616 0.036464 -0.003873 0.365159 -0.154283 -0.024500 0.195385 0.220451 0.269074 -0.060475 0.051467 0.130957 -0.132038
-0.420392 -0.436051 0.619247 0.420876 0.784109 0.305779 0.448444 0.540870 1.000000 0.722647 -0.275548 -0.016747 0.156676 0.279268 0.198760 0.336910 -0.357603 -0.305253 -0.045904 -0.439116 0.116942 -0.093540 0.294559 0.283353 0.320993 0.276500 0.137659 -0.011012 -0.410700 -0.117680 0.024432 0.065530 -0.242467 0.156368 0.236918 0.179215 -0.208431 0.049882 -0.071643 0.154124 -0.363402 -0.018433 -0.232698 -0.276757 -0.120395 -0.004311 -0.435654 -0.407664 -0.137902 -0.279628 0.097443 -0.284278 -0.168239 -0.338020 -0.164769 -0.369837 -0.466807 -0.545254 0.244041 -0.042753 0.335649 0.115721 -0.265557 -0.027036 0.667972 0.439157 -0.104178 0.276097 -0.466987 -0.492981 0.087078 0.100143 -0.244258 0.069834 -0.028712 0.010921 0.006444 0.090997 -0.456295 -0.477490 -0.383195 -0.307980 -0.368954 -0.114542 -0.219696 -0.217773 -0.433363 -0.067876 -0.081080 -0.070551 0.509589 0.417115 0.516524 0.443201 0.071369 0.131094 -0.100347 0.153441 0.326957 0.290798 0.338530 0.388487 0.154817 0.264323 0.204094 0.216140 0.348198 -0.013016 -0.003038 0.047705 0.352549 0.378626 0.142787 0.216147 0.224530 -0.004186
-0.338613 -0.276130 0.453173 0.349656 0.644742 0.522520 0.442824 0.522583 0.722647 1.000000 -0.064299 0.063495 0.279134 0.458084 0.218030 0.520487 -0.214803 -0.218343 -0.237741 -0.461093 -0.081616 -0.153938 0.070616 0.278433 0.048882 0.031176 0.035205 -0.050577 -0.331993 -0.101880 -0.217006 -0.075348 -0.311811 0.094281 0.068965 0.104581 -0.195774 0.066105 -0.240900 0.150504 -0.313278 0.080115 -0.320716 -0.344763 -0.247182 -0.187653 -0.453168 -0.436941 -0.028578 -0.224980 0.006448 -0.170563 -0.064890 -0.280089 -0.176309 -0.409907 -0.401793 -0.492111 0.360926 0.065003 0.353233 0.265961 -0.164479 -0.073708 0.501809 0.478674 -0.121801 0.029629 -0.443562 -0.494824 0.054215 0.130409 -0.220112 0.165814 0.045559 0.165929 0.035658 0.203771 -0.298990 -0.456712 -0.233909 -0.268777 -0.312851 -0.085145 -0.094110 -0.185198 -0.385733 -0.218175 -0.069593 0.031076 0.606711 0.498676 0.613947 0.370943 -0.139914 0.063846 -0.246879 0.107116 0.231564 0.187364 0.308921 0.357413 0.257827 0.290286 0.289045 0.129998 0.287272 -0.006964 -0.057148 -0.028586 0.184158 0.322494 0.100267 0.247502 0.228006 -0.206311
0.385342 0.398355 -0.172105 -0.006736 -0.118410 -0.103537 -0.015614 -0.107952 -0.275548 -0.064299 1.000000 0.545203 0.423843 0.220979 0.280368 0.286594 0.336618 0.241548 0.076571 0.382228 -0.145245 0.196569 -0.133871 -0.045592 -0.122708 -0.123516 -0.034033 -0.024567 0.581223 0.409789 0.023184 0.068127 0.030530 -0.080144 -0.409521 -0.228582 0.225300 -0.049400 0.019353 -0.185542 0.366039 0.114478 -0.288065 -0.128519 -0.334340 -0.293372 -0.168676 -0.235901 -0.150375 -0.115616 -0.062313 -0.043951 0.058224 -0.011192 0.039811 -0.077247 0.000383 -0.023641 -0.182437 -0.142779 -0.010264 -0.028225 0.217438 -0.001917 -0.149139 0.031616 -0.293903 -0.242260 -0.114680 0.002497 -0.018954 0.144146 0.370550 0.112816 0.248207 0.218489 0.137439 0.028221 0.284241 -0.006431 0.163054 0.227228 0.477989 0.407604 0.349196 0.255148 0.184021 -0.038822 0.071509 0.031597 0.028291 0.135325 -0.094596 -0.120690 -0.249511 -0.306602 -0.246976 -0.307271 -0.078437 -0.165463 -0.253912 -0.019069 -0.182347 0.068199 -0.149896 -0.170573 -0.101249 -0.041209 -0.081693 -0.211593 -0.304448 -0.179919 -0.183344 -0.031636 -0.175615 -0.142222
0.095733 0.297197 0.144285 0.328035 0.076762 -0.095387 0.125573 0.283926 -0.016747 0.063495 0.545203 1.000000 0.433311 0.674090 0.333294 0.593818 0.110203 0.170575 0.111027 0.083786 -0.000066 0.298195 -0.064305 0.209552 -0.066965 0.087896 0.017741 0.152068 0.303091 0.536403 0.255747 0.367031 -0.197246 0.042079 -0.232728 0.012460 0.251610 0.213998 -0.155857 -0.101677 0.121909 0.393262 -0.453281 -0.429632 -0.557762 -0.530681 -0.396192 -0.480879 -0.257961 -0.483372 -0.101993 -0.258053 -0.019334 -0.153241 0.042149 -0.299803 -0.316432 -0.486574 0.116726 -0.180115 0.236069 0.134154 0.071934 0.140800 0.088973 0.339118 -0.411872 -0.139601 -0.603278 -0.412443 0.042444 0.354985 0.339625 0.290371 0.228586 0.258596 0.129330 0.148185 0.091946 -0.130897 0.032494 0.148238 0.223039 0.632276 0.057754 0.364403 -0.181995 -0.012887 -0.052803 0.181496 0.262630 0.295230 0.074187 0.005767 -0.058258 -0.124522 -0.385100 -0.134790 0.164737 0.020240 -0.219227 -0.006000 -0.152387 0.047635 -0.167321 -0.105288 0.109757 -0.109654 0.086705 -0.142711 -0.197044 0.124251 -0.082899 0.042573 -0.125201 -0.048401
0.067594 0.095777 0.331580 0.157558 0.386444 0.126396 0.502104 0.230555 0.156676 0.279134 0.423843 0.433311 1.000000 0.462765 0.643957 0.515520 -0.059499 0.040568 -0.065661 0.007128 -0.117882 -0.001949 0.005568 0.098285 -0.123065 -0.141579 0.116468 -0.069888 0.084672 0.209644 -0.006266 -0.057617 -0.148025 -0.101926 -0.237595 -0.021332 0.104421 0.069812 -0.043464 -0.104061 0.013031 0.148117 -0.338577 -0.413636 -0.343067 -0.371224 -0.350253 -0.395315 -0.209042 -0.336296 -0.173254 -0.371891 -0.178931 -0.367221 0.007089 -0.239596 -0.327902 -0.304593 0.119495 -0.092550 0.250618 0.098099 -0.154864 -0.085340 0.133753 0.166761 -0.183234 -0.140423 -0.321861 -0.257081 0.250329 0.123930 0.175086 0.169498 0.165302 0.246229 0.264252 0.164995 -0.176997 -0.199333 -0.141080 -0.069206 -0.068890 0.156791 -0.071192 -0.040465 -0.310226 -0.343797 0.083741 -0.003388 0.347670 0.454307 0.339331 0.389961 -0.077548 0.065527 -0.251215 0.051750 0.243846 0.197787 0.057620 0.397060 0.105371 0.235991 0.129949 0.007965 0.114130 -0.011059 0.034333 0.120392 -0.013236 0.198769 -0.173792 0.176676 0.041652 -0.004772
-0.033057 0.188588 0.302699 0.398164 0.276958 0.056804 0.482275 0.611659 0.279268 0.458084 0.220979 0.674090 0.462765 1.000000 0.213165 0.798709 0.049819 -0.008122 -0.077676 -0.330531 -0.034990 0.103627 -0.145901 0.228916 -0.171601 0.101869 -0.070918 -0.078881 0.018467 0.329577 0.170489 0.172928 -0.206759 0.257737 -0.110507 0.266304 -0.056831 0.189695 -0.304870 0.064923 -0.067518 0.267887 -0.574304 -0.549330 -0.608206 -0.496763 -0.469884 -0.490807 -0.222811 -0.559124 -0.152403 -0.262849 -0.115580 -0.169071 -0.013187 -0.328563 -0.383763 -0.565075 0.267805 -0.013543 0.498643 0.494740 0.109304 0.229348 0.303311 0.603183 -0.428759 -0.224554 -0.621668 -0.571903 -0.010526 0.262690 0.058464 0.167188 0.066414 0.273090 -0.080872 0.123425 -0.172410 -0.304478 -0.064600 -0.111969 -0.131946 0.299424 -0.094312 0.112234 -0.562139 -0.342006 -0.175402 0.137609 0.492480 0.324914 0.411935 0.159038 -0.091357 0.015484 -0.422416 0.050691 0.271942 0.034041 0.198255 0.168247 0.170570 0.064777 -0.101035 -0.121972 0.241101 -0.186362 0.007839 0.043169 -0.160658 0.268958 -0.141827 0.108402 0.012881 -0.105770
-0.218584 -0.090995 0.301502 0.293374 0.252319 0.107091 0.239729 0.138374 0.198760 0.218030 0.280368 0.333294 0.643957 0.213165 1.000000 0.420195 -0.195442 -0.061331 0.038084 0.085717 0.007197 0.226401 0.247774 0.338468 0.123064 0.028845 0.178761 0.303610 -0.037651 0.052645 0.075286 0.187086 -0.285156 -0.272110 -0.293415 -0.314646 0.210125 0.134924 -0.043805 -0.047058 -0.015608 0.344315 -0.293435 -0.255384 -0.368800 -0.480215 -0.287586 -0.341392 -0.183950 -0.406637 0.042248 -0.263025 -0.031171 -0.255277 0.057362 -0.251730 -0.389353 -0.295923 -0.068437 -0.316195 0.049988 -0.104333 -0.112817 -0.132560 0.282377 0.085346 -0.211434 -0.109956 -0.276996 -0.178134 0.320240 0.234854 0.121900 0.377178 0.334739 0.265704 0.334420 0.169647 -0.147833 -0.149966 -0.111334 -0.010398 0.013506 0.236402 0.035831 0.229321 -0.216931 -0.098801 0.078952 0.163332 0.325755 0.488286 0.254672 0.279439 0.050291 0.039275 -0.096368 -0.006135 0.245202 0.182367 -0.060164 0.204158 0.024929 0.267168 0.117527 -0.054192 0.146334 -0.135461 0.095915 0.000992 0.112164 0.155544 0.000984 0.279315 -0.011001 -0.108439
-0.144424 0.106803 0.189302 0.367566 0.341194 0.096481 0.317022 0.430379 0.336910 0.520487 0.286594 0.593818 0.515520 0.798709 0.420195 1.000000 0.010782 -0.058404 -0.137866 -0.259585 -0.061251 0.095037 -0.201734 0.240128 -0.175624 0.042101 0.023035 -0.028691 -0.012422 0.359300 0.019386 0.177998 -0.302239 0.114407 -0.250891 0.048363 0.003757 0.281916 -0.266279 0.026569 -0.152692 0.313360 -0.537995 -0.508670 -0.585546 -0.532171 -0.483425 -0.493545 -0.157675 -0.481780 -0.087082 -0.232961 -0.051076 -0.123671 0.042559 -0.342877 -0.358356 -0.432455 0.247153 -0.026970 0.435976 0.417311 0.100705 0.111650 0.309514 0.498134 -0.419202 -0.333412 -0.517861 -0.441960 0.039360 0.280930 0.122951 0.302479 0.197710 0.320522 0.081234 0.124882 -0.211323 -0.235087 0.003545 -0.053456 -0.157797 0.374379 -0.061747 0.129136 -0.494835 -0.359311 -0.036989 0.242161 0.438732 0.402586 0.397428 0.195078 -0.010965 0.040049 -0.372525 0.055852 0.221071 0.071162 0.094588 0.164808 0.082716 0.114435 -0.074955 -0.102209 0.230095 -0.187772 -0.002206 0.056828 -0.185722 0.268184 -0.086918 0.285403 -0.064733 -0.172167
0.530253 0.484000 -0.571936 -0.394953 -0.435679 -0.379270 -0.157062 -0.290006 -0.357603 -0.214803 0.336618 0.110203 -0.059499 0.049819 -0.195442 0.010782 1.000000 0.773861 -0.067154 0.163465 -0.488565 0.059848 -0.556128 -0.352922 -0.455749 -0.443067 -0.444140 -0.341226 0.700008 0.440552 -0.203805 -0.249426 0.185696 0.100937 -0.454236 -0.270007 0.199904 -0.231817 -0.131160 -0.259012 0.357702 -0.012187 -0.310954 -0.242460 -0.107395 -0.201573 0.215741 -0.109237 0.160112 0.050520 0.104282 0.109069 0.339959 0.467170 0.008752 -0.063694 0.601398 0.377942 0.105342 0.266667 0.202581 0.278950 0.682944 0.540404 -0.279939 -0.184236 -0.212387 -0.473913 0.223418 0.224278 -0.262026 -0.055044 0.525472 -0.005458 -0.015713 -0.067367 -0.397597 -0.468149 0.659633 0.452118 0.707724 0.634913 0.387290 0.179128 0.329926 0.194498 0.179399 0.070537 0.119328 -0.022326 -0.226738 -0.404814 -0.263525 -0.445402 -0.356014 -0.442076 -0.402487 -0.519433 -0.019699 -0.523547 -0.042667 -0.340376 -0.111087 -0.164131 -0.261216 -0.274506 -0.169770 -0.056605 -0.226267 -0.371508 -0.668409 -0.400033 -0.371036 -0.046319 -0.267896 -0.065319
0.438927 0.508798 -0.519416 -0.467951 -0.404855 -0.446761 -0.187821 -0.358973 -0.305253 -0.218343 0.241548 0.170575 0.040568 -0.008122 -0.061331 -0.058404 0.773861 1.000000 -0.067279 0.247863 -0.474709 -0.000099 -0.558328 -0.451850 -0.486661 -0.520039 -0.463690 -0.378174 0.649954 0.583353 -0.140678 -0.178099 0.171948 0.081137 -0.520896 -0.429657 0.379983 -0.052787 -0.067120 -0.233373 0.304596 0.151623 -0.254681 -0.127567 -0.171644 -0.161209 0.255467 -0.103381 0.042929 0.027944 0.011547 0.079627 0.402587 0.436917 0.056145 -0.068442 0.569497 0.370115 0.021062 0.247178 0.130286 0.285820 0.444716 0.615794 -0.369462 -0.226687 -0.343333 -0.505740 0.166034 0.160417 -0.153471 -0.025229 0.573133 0.095518 0.041608 -0.025308 -0.207961 -0.298808 0.683722 0.630995 0.644588 0.752718 0.286055 0.246894 0.258459 0.187386 0.142649 0.195298 0.023834 0.053711 -0.263232 -0.301354 -0.252596 -0.371795 -0.281586 -0.310131 -0.251764 -0.391801 0.102954 -0.329227 -0.017564 -0.280307 -0.080829 -0.152016 -0.182994 -0.202305 -0.200067 -0.024322 -0.042163 -0.376886 -0.534689 -0.293291 -0.200990 0.000158 -0.253330 -0.028977
0.207927 0.332209 0.263770 0.280800 -0.161490 -0.019010 0.115874 0.115391 -0.045904 -0.237741 0.076571 0.111027 -0.065661 -0.077676 0.038084 -0.137866 -0.067154 -0.067279 1.000000 0.505361 0.268842 0.000470 0.134574 -0.111803 -0.021468 0.043541 0.173031 0.182137 0.251252 -0.064173 0.425133 0.135824 0.459690 0.326350 0.157880 0.120445 0.192328 0.053298 0.168407 0.070424 0.010547 -0.056528 0.061555 0.109283 -0.133987 -0.108993 0.046888 0.009437 -0.282022 -0.243043 -0.129884 -0.213956 -0.226190 -0.156841 0.083841 0.181819 -0.078978 -0.087359 -0.213121 -0.387147 -0.162717 -0.182983 -0.175339 -0.268501 0.253310 0.005906 0.119708 0.052311 0.073038 0.020908 -0.116010 -0.055820 0.183149 -0.138909 -0.029496 -0.209251 0.027675 -0.028990 0.013914 -0.030078 -0.086337 -0.228327 0.122385 0.049263 -0.286215 -0.062477 -0.127036 0.071048 -0.088062 -0.110308 -0.136065 -0.170332 -0.124716 0.001971 0.262949 0.126896 0.126805 0.060407 -0.074566 0.167326 -0.120082 -0.042751 -0.077642 -0.029681 -0.120827 -0.113847 0.131090 -0.140143 0.263187 0.036098 0.131616 -0.024316 0.056111 0.023827 -0.106193 -0.020567
0.267679 0.400980 -0.205110 -0.236276 -0.332561 -0.190537 -0.195009 -0.365739 -0.439116 -0.461093 0.382228 0.083786 0.007128 -0.330531 0.085717 -0.259585 0.163465 0.247863 0.505361 1.000000 -0.012757 0.016499 -0.115072 -0.103366 -0.154965 -0.236215 0.074408 -0.049539 0.501296 0.241531 0.197934 0.049577 0.288302 -0.022610 -0.153804 -0.315330 0.435257 0.099913 0.329621 0.027113 0.222252 0.046705 0.167980 0.260444 -0.022193 -0.010120 0.269271 0.234421 -0.263101 0.080021 -0.294143 -0.192534 0.023766 0.044714 0.072815 0.211639 0.162256 0.311862 -0.502967 -0.319330 -0.476630 -0.345673 0.080243 -0.152820 -0.370697 -0.542008 -0.041148 -0.120970 0.384591 0.530564 -0.113198 -0.149474 0.428737 -0.068750 0.006883 -0.157055 0.079675 -0.069867 0.339966 0.290950 0.336731 0.237286 0.332428 0.332645 -0.040770 -0.035447 0.164700 0.137509 -0.038956 -0.193246 -0.259238 -0.182499 -0.263185 -0.209504 0.110620 0.076426 0.245044 -0.043108 -0.243076 -0.059682 -0.183585 -0.213441 -0.206407 -0.100328 -0.064956 -0.024548 -0.070171 -0.024759 0.292098 -0.026449 -0.045324 -0.227839 0.144005 -0.007782 -0.037775 0.011242
-0.124159 -0.261980 0.394642 0.469795 0.165820 0.162976 -0.111163 0.150289 0.116942 -0.081616 -0.145245 -0.000066 -0.117882 -0.034990 0.007197 -0.061251 -0.488565 -0.474709 0.268842 -0.012757 1.000000 0.078838 0.562468 0.228218 0.478970 0.555182 0.548215 0.504439 -0.374392 -0.258889 0.385590 0.280468 0.030438 0.164496 0.439937 0.382030 0.007809 0.254428 0.190761 0.190321 -0.091427 0.032798 0.215236 0.173523 0.062629 0.060101 -0.218270 0.050165 -0.222544 -0.189046 -0.054287 -0.125305 -0.358472 -0.270813 0.001934 0.091515 -0.262787 -0.245509 -0.168049 -0.366394 -0.234853 -0.206700 -0.376640 -0.332711 0.239043 0.228027 -0.024309 0.320995 -0.049697 -0.130234 0.223267 0.177089 -0.167268 0.013761 0.113244 0.177293 0.321194 0.238481 -0.318685 -0.198182 -0.520374 -0.508532 -0.195411 -0.193579 -0.479747 -0.269074 -0.166446 -0.122174 -0.044942 0.064296 0.107884 0.094213 0.086726 0.287460 0.232651 0.200534 0.270357 0.263821 -0.112160 0.354294 -0.016243 0.119079 -0.025968 0.124126 -0.004321 0.211000 0.100996 -0.058708 0.103758 0.251162 0.486299 0.213217 0.257687 -0.162855 -0.067081 -0.018001
-0.090041 -0.119869 -0.010584 0.206541 -0.159578 -0.144061 -0.188858 0.036296 -0.093540 -0.153938 0.196569 0.298195 -0.001949 0.103627 0.226401 0.095037 0.059848 -0.000099 0.000470 0.016499 0.078838 1.000000 0.133078 0.420002 0.171038 0.368553 -0.142801 0.211697 0.085887 0.109235 0.258629 0.521397 -0.145745 0.036819 0.011355 0.103031 0.056118 0.078945 -0.174816 -0.113192 0.042435 0.403186 -0.321233 -0.186953 -0.214745 -0.184204 -0.160393 -0.126948 -0.055757 -0.276996 0.107694 -0.065323 -0.005349 -0.020445 -0.148521 -0.187074 -0.201976 -0.186490 -0.122913 -0.118525 -0.131498 -0.070363 0.047021 -0.018838 0.094329 0.193831 -0.232280 0.082872 -0.333594 -0.051861 0.244971 0.536020 0.107408 0.347584 0.301536 0.211843 0.021125 0.109854 0.187710 -0.057284 0.076979 0.053948 0.210891 0.289114 0.156997 0.293028 0.204247 -0.014764 -0.056934 0.032375 -0.050724 0.049632 -0.065639 -0.043868 0.114558 0.005390 -0.171223 -0.163434 0.116278 -0.058250 -0.102502 -0.033740 -0.153451 0.119599 -0.100853 -0.021383 0.003002 -0.114099 0.164760 -0.104300 -0.040556 -0.016713 -0.018928 -0.001743 -0.072598 0.035300
-0.215266 -0.496671 0.638021 0.541418 0.378831 0.381864 0.098402 0.306720 0.294559 0.070616 -0.133871 -0.064305 0.005568 -0.145901 0.247774 -0.201734 -0.556128 -0.558328 0.134574 -0.115072 0.562468 0.133078 1.000000 0.563529 0.779604 0.594972 0.517556 0.548901 -0.503313 -0.433426 0.120832 0.203160 -0.210501 -0.120117 0.483842 0.173528 -0.200698 -0.041408 0.080001 0.036460 -0.168871 -0.128553 0.003690 -0.033776 0.127159 0.085680 -0.265241 -0.056906 -0.053713 -0.131812 0.295894 -0.103109 -0.215608 -0.386604 -0.006182 -0.036456 -0.382880 -0.403167 -0.094225 -0.417271 -0.113073 -0.377813 -0.396158 -0.423763 0.446229 0.183865 0.100264 0.538026 -0.258226 -0.228528 0.146797 0.079163 -0.414578 -0.091212 -0.071361 -0.000225 0.210145 0.289025 -0.424047 -0.445254 -0.685044 -0.486881 -0.188582 -0.286746 -0.159170 -0.057339 -0.003351 0.034609 0.110110 -0.014527 0.223792 0.265804 0.188074 0.324497 0.095824 0.154455 0.152755 0.225107 -0.020027 0.287177 -0.055678 0.232448 -0.080986 0.239137 0.090635 0.163908 0.123363 0.134446 0.016008 0.208067 0.606258 0.246783 0.026233 -0.173440 0.037751 -0.059453
-0.385282 -0.376429 0.468728 0.608289 0.305940 0.425014 0.123882 0.480301 0.283353 0.278433 -0.045592 0.209552 0.098285 0.228916 0.338468 0.240128 -0.352922 -0.451850 -0.111803 -0.103366 0.228218 0.420002 0.563529 1.000000 0.539168 0.621366 0.308555 0.516810 -0.386384 -0.183204 0.036990 0.447682 -0.403922 -0.054933 0.318713 0.178966 -0.132463 0.188218 -0.130477 0.089921 -0.257583 0.144499 -0.420896 -0.369068 -0.272971 -0.254161 -0.504306 -0.281769 -0.153478 -0.421474 0.102753 -0.241099 -0.116273 -0.310923 -0.066695 -0.269963 -0.538528 -0.544079 -0.039585 -0.320934 -0.070413 -0.254910 -0.157402 -0.292171 0.291694 0.294617 -0.062886 0.467488 -0.524635 -0.228605 0.197499 0.317588 -0.284961 0.194635 0.102998 0.188188 0.100253 0.311231 -0.269093 -0.503465 -0.341158 -0.264484 -0.060268 0.245565 -0.091906 0.200851 -0.068563 -0.059497 -0.003867 0.066224 0.460433 0.359189 0.360478 0.218419 0.071647 0.090856 -0.085443 0.184990 0.075438 0.099724 -0.008325 0.123401 -0.113075 0.176368 0.098759 0.202744 0.230168 0.035187 0.073118 0.159877 0.337953 0.212197 0.076394 -0.069232 0.168379 -0.004428
-0.221936 -0.576790 0.445739 0.447534 0.418961 0.362004 -0.067738 0.137209 0.320993 0.048882 -0.122708 -0.066965 -0.123065 -0.171601 0.123064 -0.175624 -0.455749 -0.486661 -0.021468 -0.154965 0.478970 0.171038 0.779604 0.539168 1.000000 0.684124 0.439673 0.558640 -0.482749 -0.313508 0.116297 0.168604 -0.392551 -0.212321 0.461761 0.159693 -0.119030 0.007085 0.092704 0.139890 -0.197712 -0.024605 -0.038925 0.012382 0.077063 0.210758 -0.361772 -0.132517 -0.146934 -0.120121 0.223813 -0.159928 -0.215231 -0.297945 -0.052830 -0.119351 -0.264824 -0.325871 -0.080826 -0.194002 -0.105188 -0.377321 -0.255936 -0.273168 0.342905 0.197265 0.043432 0.528433 -0.250476 -0.187037 0.095981 0.132219 -0.387590 -0.046718 0.041464 0.096364 0.217927 0.317847 -0.374691 -0.387522 -0.454234 -0.286678 -0.105118 -0.175674 -0.070897 -0.013916 0.107587 0.147984 -0.000678 0.011801 0.197295 0.293919 0.150595 0.327149 0.110199 0.076170 0.186063 0.131963 -0.053072 0.137177 -0.037895 0.149674 -0.190662 0.190343 0.117070 0.303545 0.248384 -0.020259 -0.016176 0.143036 0.502739 0.167840 0.065010 -0.166738 -0.013442 0.028582
-0.213431 -0.403896 0.463105 0.567109 0.149716 0.181358 -0.045266 0.353523 0.276500 0.031176 -0.123516 0.087896 -0.141579 0.101869 0.028845 0.042101 -0.443067 -0.520039 0.043541 -0.236215 0.555182 0.368553 0.594972 0.621366 0.684124 1.000000 0.155393 0.526648 -0.461879 -0.181470 0.383758 0.494673 -0.217493 0.077529 0.435095 0.461029 -0.287416 0.137595 -0.082717 0.027330 -0.180947 0.087387 -0.136222 -0.122320 -0.043704 0.074140 -0.383948 -0.146201 -0.239085 -0.296465 -0.006258 -0.150862 -0.355059 -0.322982 -0.196564 -0.111791 -0.416267 -0.424270 -0.085000 -0.256275 -0.104134 -0.304613 -0.290395 -0.327578 0.299549 0.362592 -0.001319 0.545232 -0.387345 -0.273145 0.240298 0.393279 -0.400241 0.134331 0.146692 0.268762 0.150160 0.353073 -0.318157 -0.403175 -0.494590 -0.371526 -0.150636 0.010225 -0.320768 -0.040844 0.011525 -0.112951 -0.173736 -0.082182 0.273523 0.253181 0.195075 0.291598 0.211442 0.101399 0.165582 0.303657 0.087428 0.272944 0.082137 0.198130 -0.091248 0.196409 0.086049 0.339052 0.222587 0.075700 -0.002302 0.243430 0.485410 0.263635 0.175726 -0.215533 0.048538 0.101424
-0.186222 -0.322749 0.347103 0.400256 0.433231 0.544620 0.039909 0.132536 0.137659 0.035205 -0.034033 0.017741 0.116468 -0.070918 0.178761 0.023035 -0.444140 -0.463690 0.173031 0.074408 0.548215 -0.142801 0.517556 0.308555 0.439673 0.155393 1.000000 0.502062 -0.297671 -0.328319 -0.139861 -0.086498 -0.185662 -0.118992 0.424737 0.186003 0.147396 0.210783 0.404996 0.338069 -0.231157 -0.090298 0.071246 0.049966 0.001088 -0.033853 -0.272451 -0.052055 0.005966 -0.064674 0.151346 0.002469 -0.207611 -0.277390 0.334805 0.143702 -0.269489 -0.327385 -0.015213 -0.292017 -0.096042 -0.220703 -0.250041 -0.320729 0.237079 0.108242 0.134060 0.300549 -0.055037 -0.029852 -0.006320 -0.107973 -0.101154 -0.151115 -0.035773 -0.108871 0.279706 0.233752 -0.409386 -0.300308 -0.444155 -0.486760 -0.193294 -0.119581 -0.132163 -0.020673 -0.100568 0.180760 0.372458 0.259072 0.008247 0.069910 0.009951 0.152826 0.165935 0.260484 0.136594 0.162326 -0.335772 0.171535 -0.221247 -0.011586 -0.215238 -0.033821 -0.111695 -0.016794 0.035228 -0.123097 0.035755 0.249184 0.322307 0.087259 0.050078 -0.059731 -0.127843 -0.063885
-0.119529 -0.262216 0.222051 0.555386 0.012016 0.457349 -0.250620 0.067965 -0.011012 -0.050577 -0.024567 0.152068 -0.069888 -0.078881 0.303610 -0.028691 -0.341226 -0.378174 0.182137 -0.049539 0.504439 0.211697 0.548901 0.516810 0.558640 0.526648 0.502062 1.000000 -0.305463 -0.324401 0.033409 0.193409 -0.189380 -0.131709 0.303099 0.155223 0.099713 0.182956 0.016939 0.131241 -0.102570 0.124928 -0.067846 0.009363 -0.119999 -0.142949 -0.325253 -0.153979 -0.077867 -0.253323 0.167466 0.051538 -0.159381 -0.167818 0.187645 0.049890 -0.179936 -0.296905 -0.072508 -0.343376 -0.207546 -0.392804 -0.210326 -0.357565 0.169341 0.198218 0.086250 0.402908 -0.202730 -0.189142 0.101383 0.204141 -0.185199 0.127706 0.203714 0.077392 0.324151 0.295404 -0.115499 -0.301552 -0.357095 -0.313842 0.051132 0.025524 -0.169383 0.265346 0.212214 0.312156 0.148502 0.336535 0.089645 0.183178 -0.010915 0.083393 0.123405 0.014820 0.098524 0.055661 -0.083446 0.163814 -0.297952 -0.068392 -0.170952 0.084087 -0.048089 0.059586 0.104698 -0.122938 0.027719 0.037280 0.310752 0.034216 0.034658 -0.146376 -0.209020 -0.059019
0.479551 0.537751 -0.449487 -0.324868 -0.409313 -0.436270 -0.070118 -0.293796 -0.410700 -0.331993 0.581223 0.303091 0.084672 0.018467 -0.037651 -0.012422 0.700008 0.649954 0.251252 0.501296 -0.374392 0.085887 -0.503313 -0.386384 -0.482749 -0.461879 -0.297671 -0.305463 1.000000 0.610911 0.103368 -0.024990 0.283927 0.025048 -0.500743 -0.275013 0.465297 -0.058416 0.216953 -0.070887 0.569528 0.135973 -0.116521 -0.005937 -0.223052 -0.228860 0.170201 -0.091886 -0.067823 0.048190 -0.201143 0.006870 0.199635 0.248543 0.161772 0.073070 0.311644 0.214087 -0.121606 0.015625 -0.064560 0.025536 0.424074 0.248636 -0.380859 -0.326347 -0.166756 -0.440497 0.193840 0.174511 -0.093765 -0.027604 0.737187 0.071061 0.157093 0.001624 -0.202102 -0.345681 0.638532 0.336171 0.606731 0.420784 0.591376 0.415327 0.278947 0.208730 0.196910 0.126468 0.139036 -0.002608 -0.285725 -0.290644 -0.296980 -0.379415 -0.200007 -0.251702 -0.286659 -0.408334 -0.095934 -0.338612 -0.142028 -0.246765 -0.077183 -0.121459 -0.177931 -0.288128 -0.227940 -0.174071 0.035627 -0.302986 -0.573989 -0.411303 -0.185204 0.091491 -0.119762 -0.083263
0.130042 0.313624 -0.209865 -0.162894 -0.137539 -0.455799 -0.062744 -0.124325 -0.117680 -0.101880 0.409789 0.536403 0.209644 0.329577 0.052645 0.359300 0.440552 0.583353 -0.064173 0.241531 -0.258889 0.109235 -0.433426 -0.183204 -0.313508 -0.181470 -0.328319 -0.324401 0.610911 1.000000 0.260969 0.242785 -0.014408 0.107848 -0.376074 -0.158356 0.357933 0.300307 -0.011950 -0.091054 0.219728 0.418014 -0.293874 -0.134700 -0.445842 -0.282525 -0.153553 -0.191823 -0.193079 -0.136231 -0.259530 -0.202008 0.069443 0.027031 0.000485 -0.202518 -0.011149 -0.052761 -0.075073 0.036122 0.071428 0.171588 0.245176 0.357058 -0.307762 -0.080737 -0.478462 -0.413487 -0.253345 -0.080325 0.061313 0.300319 0.697677 0.376713 0.309132 0.330887 0.093374 0.096749 0.336098 0.260690 0.368443 0.485852 0.084125 0.596015 -0.019706 0.017178 -0.087994 -0.003101 -0.195009 -0.075663 0.019662 0.127588 0.049002 -0.045217 -0.064375 0.008369 -0.143746 -0.039323 0.261017 0.046436 0.071933 0.057421 -0.003211 0.109586 0.030788 0.040116 0.058054 -0.067688 0.216097 -0.028702 -0.257353 0.145089 0.087165 0.196491 0.022769 -0.105550
-0.101043 0.006723 0.280504 0.233146 -0.103542 -0.305706 0.111130 0.198688 0.024432 -0.217006 0.023184 0.255747 -0.006266 0.170489 0.075286 0.019386 -0.203805 -0.140678 0.425133 0.197934 0.385590 0.258629 0.120832 0.036990 0.116297 0.383758 -0.139861 0.033409 0.103368 0.260969 1.000000 0.670332 0.087812 0.227839 0.149350 0.309340 0.043981 0.196485 0.014370 0.121255 0.140881 0.298406 0.056988 0.054655 -0.181370 -0.068554 -0.202397 -0.125151 -0.541710 -0.363856 -0.443236 -0.439881 -0.415648 -0.253920 -0.257776 -0.134798 -0.352734 -0.239755 -0.191054 -0.253479 -0.183452 -0.120673 -0.227029 -0.126846 0.182188 0.089169 -0.110088 0.097226 -0.205523 -0.236200 0.286339 0.336125 0.164939 0.220820 0.226616 0.259953 0.120422 0.178088 -0.065164 -0.094946 -0.155788 -0.185042 0.086632 0.226140 -0.321680 -0.178061 -0.238980 -0.152212 -0.434178 -0.270338 0.187787 0.245623 0.162137 0.316099 0.213519 0.185142 0.138682 0.197962 0.247467 0.252328 0.103339 0.221845 0.093080 0.188322 0.167843 0.206191 0.292858 -0.194774 0.240297 0.217585 0.240549 0.211274 0.314112 0.101898 0.181587 0.019494
-0.290917 -0.138596 0.192005 0.357118 -0.091012 -0.178790 -0.059544 0.286364 0.065530 -0.075348 0.068127 0.367031 -0.057617 0.172928 0.187086 0.177998 -0.249426 -0.178099 0.135824 0.049577 0.280468 0.521397 0.203160 0.447682 0.168604 0.494673 -0.086498 0.193409 -0.024990 0.242785 0.670332 1.000000 -0.172135 0.152700 0.104841 0.102544 -0.065833 0.275392 -0.223682 -0.074397 -0.022619 0.357822 -0.170924 -0.122960 -0.310582 -0.308307 -0.286926 -0.181403 -0.314994 -0.419560 -0.122782 -0.214911 -0.103194 -0.126773 -0.211760 -0.293305 -0.462636 -0.357308 -0.121499 -0.285120 -0.182702 -0.173796 -0.174751 -0.090208 0.170331 0.115949 -0.175265 0.213668 -0.459371 -0.281090 0.363822 0.485173 0.071051 0.359617 0.313096 0.350539 0.215661 0.330960 -0.011178 -0.136039 -0.190913 -0.058633 0.079103 0.476423 -0.112249 0.152173 -0.111427 -0.087929 -0.258701 -0.045519 0.310006 0.348538 0.186480 0.157682 0.122159 0.126021 0.013540 0.140232 0.282241 0.206198 -0.083064 0.114543 -0.066779 0.173612 0.035945 0.050974 0.216498 -0.059418 0.124175 0.088460 0.215863 0.202457 0.272327 -0.005773 0.084671 -0.075532
0.304456 0.488863 -0.160338 -0.085802 -0.381594 -0.265124 -0.029570 -0.093553 -0.242467 -0.311811 0.030530 -0.197246 -0.148025 -0.206759 -0.285156 -0.302239 0.185696 0.171948 0.459690 0.288302 0.030438 -0.145745 -0.210501 -0.403922 -0.392551 -0.217493 -0.185662 -0.189380 0.283927 -0.014408 0.087812 -0.172135 1.000000 0.495098 0.053439 0.098047 0.022514 -0.022625 0.195933 0.007906 0.113638 -0.128673 0.247214 0.268318 0.105284 0.115307 0.403818 0.340161 -0.044956 0.071984 -0.132116 0.030503 -0.154527 0.012850 0.002871 0.332165 0.253744 0.336597 -0.356559 -0.145990 -0.292413 -0.039538 -0.081659 -0.049203 -0.121086 -0.068808 0.178569 0.016839 0.372599 0.318978 -0.279399 -0.268048 0.168088 -0.257402 -0.137073 -0.309604 -0.188554 -0.275073 0.162745 0.290439 0.100408 0.028953 0.044872 -0.238718 -0.165075 -0.085912 -0.013506 0.003899 -0.192501 -0.228481 -0.391150 -0.496749 -0.210518 -0.246068 0.132876 0.014745 0.189229 0.015439 -0.155625 -0.060472 0.086447 -0.128605 0.149474 -0.264675 -0.163347 -0.180318 -0.261205 -0.061515 0.182293 0.067528 -0.089998 -0.194656 -0.111152 -0.064222 -0.059892 -0.022854
-0.008656 0.295726 0.129873 0.293584 -0.116013 -0.098186 0.030539 0.297908 0.156368 0.094281 -0.080144 0.042079 -0.101926 0.257737 -0.272110 0.114407 0.100937 0.081137 0.326350 -0.022610 0.164496 0.036819 -0.120117 -0.054933 -0.212321 0.077529 -0.118992 -0.131709 0.025048 0.107848 0.227839 0.152700 0.495098 1.000000 0.223340 0.503928 -0.119938 0.163532 -0.159383 0.022943 -0.261738 0.058946 -0.236406 -0.224185 -0.221537 -0.040933 -0.118877 -0.091097 -0.252501 -0.281158 -0.139855 -0.187161 -0.267010 -0.046318 -0.327101 -0.185108 -0.043574 -0.065263 -0.060315 -0.146890 -0.015370 0.130853 -0.092028 0.037576 0.255638 0.449173 -0.150015 0.055547 -0.089883 -0.052251 -0.083236 0.201668 0.055697 0.036386 -0.036301 0.012384 -0.116595 0.019624 0.078157 0.012250 0.008637 0.018715 -0.246551 -0.007592 -0.309274 -0.159937 -0.285151 -0.110191 -0.355443 -0.329211 0.126649 -0.064801 0.189984 0.034999 0.099006 0.078330 -0.089361 0.068319 0.132226 0.091379 0.245024 0.074811 0.106343 0.008359 -0.146626 -0.069440 0.208697 -0.135625 0.080344 0.115761 0.093855 0.231587 -0.137788 0.054016 0.008857 -0.227524
-0.327047 -0.429103 0.477579 0.364815 0.257004 0.458869 0.076169 0.240704 0.236918 0.068965 -0.409521 -0.232728 -0.237595 -0.110507 -0.293415 -0.250891 -0.454236 -0.520896 0.157880 -0.153804 0.439937 0.011355 0.483842 0.318713 0.461761 0.435095 0.424737 0.303099 -0.500743 -0.376074 0.149350 0.104841 0.053439 0.223340 1.000000 0.605248 -0.179386 0.186766 0.074878 0.244582 -0.457337 -0.017714 0.069330 0.058655 0.137477 0.191292 -0.277682 0.072390 0.003172 -0.051400 0.038329 -0.112471 -0.288086 -0.254477 -0.092480 0.000763 -0.281964 -0.224092 0.021685 -0.108193 -0.191073 -0.225764 -0.351332 -0.323482 0.209692 0.173194 0.291707 0.607422 -0.169126 0.002541 -0.073149 0.015265 -0.312277 -0.190423 -0.177298 -0.159056 0.040568 0.284232 -0.387987 -0.310724 -0.437684 -0.469671 -0.404388 -0.200970 -0.359607 -0.236956 -0.016899 0.075694 -0.173947 -0.160019 0.062196 0.041396 0.128503 0.241433 0.276856 0.372635 0.246159 0.371778 -0.116606 0.251136 0.042758 0.132373 -0.088504 0.020399 0.017746 0.218171 0.142761 -0.048893 0.149202 0.293252 0.497491 0.288862 0.167466 -0.240714 0.011295 -0.020883
-0.181291 -0.240639 0.394539 0.400967 0.149813 0.270176 0.144329 0.349797 0.179215 0.104581 -0.228582 0.012460 -0.021332 0.266304 -0.314646 0.048363 -0.270007 -0.429657 0.120445 -0.315330 0.382030 0.103031 0.173528 0.178966 0.159693 0.461029 0.186003 0.155223 -0.275013 -0.158356 0.309340 0.102544 0.098047 0.503928 0.605248 1.000000 -0.207356 0.122329 0.029050 0.174537 -0.192574 0.039543 -0.052368 -0.150716 0.020389 0.198950 -0.334405 -0.083400 -0.179397 -0.129195 -0.228102 -0.175168 -0.514800 -0.281538 -0.276103 -0.068248 -0.326315 -0.349559 0.165070 -0.057992 -0.042269 -0.078516 -0.340554 -0.315927 0.216337 0.461476 0.166725 0.351522 -0.202896 -0.242204 0.140632 0.268195 -0.193279 -0.002410 -0.017959 0.133373 0.008049 0.208698 -0.212996 -0.351166 -0.306984 -0.486205 -0.267899 -0.094845 -0.394679 -0.242550 -0.138284 -0.196703 -0.229294 -0.252894 0.136327 0.080875 0.181511 0.290258 0.187553 0.214397 -0.062269 0.245862 0.006017 0.250783 0.140755 0.257558 0.103410 0.136251 0.056441 0.177919 0.218848 -0.111718 0.051395 0.313008 0.281466 0.289136 0.005767 0.013835 0.156367 -0.016943
