1.000000 0.444038 0.122240 -0.057687 0.133029 -0.041205 0.124691 0.116034 0.070212 -0.082550 0.672658 0.495362 0.530603 0.359424 0.466500 0.208836 0.424224 0.193854 0.225385 0.333257 -0.277838 -0.176461 -0.155868 -0.233077 0.015681 0.097342 -0.000001 0.039827 0.618933 0.293106 0.080675 0.129743 -0.200718 0.152397 -0.350641 -0.404079 -0.123922 -0.204438 -0.433913 -0.305081 -0.174054 0.029622 -0.368460 -0.277348 -0.341872 -0.378757 -0.268154 -0.195956 -0.080024 -0.265097 -0.102367 0.070814 -0.033551 0.017269 -0.226677 -0.216404 0.361505 0.487668 0.017905 -0.017427 0.239453 0.114032 0.040275 0.278200 0.189555 0.193926 -0.295786 -0.487793 0.013134 -0.240018 -0.009132 0.205576 0.330612 -0.054926 0.142867 0.193463 0.191969 0.193938 -0.040807 -0.290037 0.097224 -0.155534 0.349281 0.575438 0.250908 0.162925 -0.276907 -0.212831 0.037102 -0.156547 -0.269204 -0.266069 -0.446249 -0.367438 -0.149123 -0.103396 -0.295956 -0.075536 -0.185029 -0.248842 -0.331705 -0.221457 -0.099524 -0.239316 -0.269074 -0.131423 -0.132129 -0.025737 -0.205780 -0.156501 -0.345489 -0.054348 -0.346661 -0.312529 -0.219598 0.236527
0.444038 1.000000 0.312850 0.484327 0.140149 -0.164953 0.065601 0.780425 0.445669 0.387654 0.289162 0.791162 0.147649 0.554144 0.333312 0.652910 0.234852 0.301528 0.320262 0.643054 -0.375905 -0.264749 -0.240440 -0.362958 -0.058321 -0.019164 -0.335791 -0.196271 0.389989 0.317131 0.294617 0.198944 -0.155621 0.158751 -0.228330 -0.369331 -0.185426 -0.141503 -0.508433 -0.492731 -0.063618 -0.295138 -0.589471 -0.540925 -0.647177 -0.471219 -0.361177 -0.615965 -0.596294 -0.571924 0.018054 0.196360 -0.242374 -0.569797 -0.418850 -0.533742 0.112590 0.156108 -0.107310 -0.063893 0.214239 0.112011 0.195715 0.074836 0.491095 0.760983 0.196746 -0.025530 0.124100 -0.268548 0.156783 0.126583 0.091363 0.069597 0.208549 0.495488 0.332873 0.487876 -0.231059 -0.388047 -0.128391 -0.365522 0.203548 0.513281 0.275779 0.449072 -0.538461 -0.238010 0.293809 0.072669 -0.391800 -0.445534 -0.108780 -0.278950 -0.223806 -0.156461 -0.683939 -0.248496 -0.637398 -0.616346 -0.227691 -0.239613 -0.248454 -0.428215 -0.407261 -0.306610 -0.066773 -0.160767 -0.259562 -0.200451 -0.540506 -0.441563 -0.403283 -0.430028 -0.195857 0.175992
0.122240 0.312850 1.000000 0.276093 0.267671 0.067450 0.592068 0.330498 0.368890 0.245579 0.239323 0.332568 -0.070416 -0.074176 0.240612 0.326485 -0.207752 -0.083070 0.516795 0.350579 0.053870 0.022361 0.542754 0.243438 0.312162 0.362534 -0.141603 0.327622 -0.126750 -0.188024 0.329780 0.228143 0.012482 -0.120961 0.192151 -0.199184 -0.411658 -0.402930 -0.233969 -0.311238 -0.142892 -0.574543 -0.028253 0.100149 0.030787 -0.092362 0.150486 -0.032275 0.033216 -0.331335 0.347717 -0.014161 -0.407292 -0.256219 -0.257875 -0.215692 -0.336506 -0.236505 -0.406758 -0.350892 -0.248492 -0.404926 -0.366801 -0.431360 0.576729 0.158335 0.317235 0.305076 0.094157 -0.360366 0.026271 -0.058209 -0.233431 -0.263648 -0.117823 0.126589 -0.210562 -0.067793 -0.313350 -0.380642 -0.478512 -0.565931 0.113426 -0.012186 0.317992 0.458443 -0.049668 0.074135 0.371706 -0.194892 -0.347030 -0.325755 -0.134804 0.170441 -0.131300 -0.060466 -0.420355 -0.084441 -0.453517 -0.441953 -0.084094 0.324261 0.088198 0.061815 -0.147284 -0.018246 0.125667 -0.147242 -0.158181 -0.045542 -0.050793 -0.226011 -0.324086 -0.258411 -0.156520 -0.012468
-0.057687 0.484327 0.276093 1.000000 0.188875 0.082661 -0.249592 0.720150 0.348680 0.428609 0.099661 0.402027 -0.289530 -0.009102 0.326002 0.634415 -0.030296 -0.070997 0.288959 0.544411 -0.173731 -0.066000 0.215801 0.325453 0.242717 0.444813 -0.190411 0.349221 0.013119 -0.059415 0.622395 0.623850 -0.051406 0.121373 0.215596 -0.073911 -0.025282 -0.108790 -0.269372 -0.435757 0.266162 -0.394495 -0.210189 -0.215038 -0.226096 -0.094667 -0.225914 -0.255223 -0.522927 -0.638837 -0.216988 -0.273634 -0.137460 -0.216718 -0.305476 -0.397299 -0.186652 -0.369086 -0.536600 -0.552308 -0.221857 -0.296396 0.058481 -0.434107 0.653821 0.191515 -0.151367 0.159454 0.033692 -0.258650 -0.011340 0.152521 -0.196748 -0.121252 -0.109483 0.210875 0.010689 0.070503 -0.308491 -0.433702 -0.320179 -0.441371 0.402992 0.200090 0.507277 0.632473 0.015424 0.247307 0.257891 0.213974 -0.140618 -0.319588 0.288018 0.100931 -0.343932 -0.356235 -0.550726 -0.415381 -0.509626 -0.454639 0.093272 0.121274 -0.255841 -0.273201 -0.367021 -0.118194 -0.070422 -0.112032 -0.399020 -0.298765 -0.420647 -0.418280 -0.156725 -0.163928 -0.042638 0.064191
0.133029 0.140149 0.267671 0.188875 1.000000 0.442612 0.353664 0.096542 0.497326 0.496520 0.133430 0.014568 -0.195493 -0.162019 0.375687 0.416538 -0.223132 -0.367587 0.202146 0.034754 0.357338 0.326221 0.165621 -0.011860 0.516396 0.221069 0.562547 0.185628 0.033472 -0.442690 0.167385 0.079264 -0.492349 -0.390258 0.028820 -0.124615 -0.115900 -0.149223 0.085732 0.034914 -0.031380 -0.122163 -0.290734 0.053159 0.074926 0.246872 -0.239205 -0.116594 -0.062889 -0.153554 0.033012 -0.176226 -0.113578 0.087514 -0.026643 -0.003246 -0.427398 -0.359933 -0.106838 -0.090567 0.052857 -0.065956 0.081718 -0.123508 0.408222 0.220002 0.033220 0.096822 -0.146650 -0.508719 0.028787 -0.307433 -0.186368 -0.367958 -0.276296 -0.188818 -0.277560 -0.278823 -0.169762 -0.276049 -0.311968 -0.230757 0.142459 0.025486 0.252390 0.225546 0.304453 0.086036 0.370554 0.219928 -0.215483 -0.281163 -0.132595 0.120488 -0.220150 -0.093764 -0.344492 -0.343320 -0.239519 -0.149224 0.100389 0.191260 0.023041 0.169694 -0.033470 0.085606 -0.031736 -0.038647 0.000371 -0.116385 -0.212999 -0.088381 -0.235635 -0.153106 -0.038878 0.006542
-0.041205 -0.164953 0.067450 0.082661 0.442612 1.000000 0.148230 -0.022391 0.172745 0.384859 -0.117684 -0.157878 -0.261789 -0.341656 0.162404 0.109418 -0.293237 -0.397886 -0.260927 -0.231158 0.526588 0.413715 0.093334 0.142449 0.601376 0.249436 0.520130 0.209340 -0.155415 -0.350451 -0.279424 0.019381 -0.229052 -0.212847 0.092476 -0.065434 -0.093759 -0.071760 0.230792 0.183384 -0.177883 -0.060485 0.164460 0.260810 0.233775 0.184308 0.077046 0.201145 0.253593 0.026532 0.106783 -0.289659 0.221557 0.310532 0.168672 0.211817 -0.089515 -0.168152 0.055212 0.050112 -0.122586 -0.173337 -0.046816 -0.115719 0.140343 -0.123129 0.047685 -0.005120 0.073694 -0.113334 -0.114708 -0.278759 -0.263324 -0.316020 -0.292974 -0.240753 -0.466424 -0.507926 -0.097000 -0.185385 -0.298754 -0.194780 -0.062611 -0.243088 -0.038760 0.007617 0.301678 -0.018765 -0.018918 -0.131732 0.076599 -0.047124 0.065731 0.351691 -0.010288 -0.027600 -0.125223 -0.134580 0.122890 0.110952 0.210656 0.207596 0.124435 0.249007 0.306240 0.350483 -0.057695 0.284164 0.068182 -0.049437 -0.138666 -0.120279 -0.079672 0.262073 0.235847 0.042245
0.124691 0.065601 0.592068 -0.249592 0.353664 0.148230 1.000000 -0.135875 0.017857 0.070922 0.195600 0.063121 0.019172 -0.060948 0.007744 -0.037191 -0.147207 0.034957 0.251231 0.025084 0.267815 0.234142 0.363985 -0.178538 0.249662 0.024765 0.122941 -0.011894 0.007435 -0.053238 0.112457 -0.062378 -0.111172 -0.180392 -0.081339 -0.058409 -0.113477 -0.219536 0.032070 0.087950 -0.174920 -0.101078 -0.023832 0.278939 0.066331 0.061269 0.117262 0.128752 0.261073 -0.003148 0.352471 0.119963 -0.221628 -0.055346 0.009517 0.075253 -0.194199 -0.148378 -0.142202 0.026699 -0.150974 -0.200865 -0.191223 -0.154591 0.093190 0.111765 0.315025 0.133516 0.109117 -0.213771 0.221085 -0.112463 0.131650 -0.172896 0.074394 -0.093089 -0.140727 -0.185395 -0.045329 -0.002840 -0.143541 -0.209846 -0.175694 -0.094937 0.056738 0.223309 -0.050540 -0.135553 -0.011540 -0.264866 -0.439088 -0.234918 -0.414455 0.089234 0.016655 0.137762 -0.045238 0.093320 -0.133617 -0.021716 -0.219022 0.093561 0.105885 0.108707 0.116929 0.054348 0.077413 -0.132183 0.098474 0.100105 0.080869 0.004571 -0.306558 -0.293009 -0.177247 0.075833
0.116034 0.780425 0.330498 0.720150 0.096542 -0.022391 -0.135875 1.000000 0.378330 0.533137 0.055654 0.585396 -0.092913 0.457378 0.158370 0.674920 0.110932 0.190646 0.158499 0.620065 -0.329172 -0.229483 -0.206164 -0.144431 -0.013219 0.056592 -0.382379 -0.126060 0.213379 0.255280 0.364179 0.324184 -0.091711 0.281633 -0.043879 -0.242368 -0.197368 -0.151174 -0.435553 -0.514051 0.017174 -0.364297 -0.404326 -0.418068 -0.417823 -0.310820 -0.278746 -0.496791 -0.573156 -0.534008 -0.036414 -0.044728 -0.199317 -0.460354 -0.469995 -0.573605 -0.005514 0.019149 -0.281020 -0.153259 -0.034452 -0.017718 0.208854 -0.085000 0.512040 0.692732 0.136153 0.138625 0.055569 -0.242014 0.130338 0.230345 0.035639 0.126526 0.095291 0.555319 0.229793 0.458734 -0.235317 -0.415952 -0.276552 -0.380541 0.077637 0.332183 0.226805 0.458951 -0.432887 -0.142443 0.209479 -0.005847 -0.283362 -0.402313 0.032456 -0.266894 -0.270367 -0.241275 -0.665428 -0.309674 -0.604204 -0.532392 -0.083070 -0.107000 -0.195535 -0.347570 -0.379411 -0.137712 -0.083284 -0.197097 -0.225967 -0.250871 -0.508218 -0.458772 -0.316631 -0.351145 -0.198489 0.131038
0.070212 0.445669 0.368890 0.348680 0.497326 0.172745 0.017857 0.378330 1.000000 0.464608 0.161315 0.327719 0.128192 0.129780 0.620191 0.641538 -0.125390 -0.121634 0.464807 0.212712 -0.093585 -0.179154 0.043033 0.091622 0.162389 0.231629 0.077559 0.185610 -0.021849 -0.334974 0.056381 0.055132 -0.374426 -0.328228 -0.082582 -0.354323 -0.332141 -0.129260 -0.245968 -0.252974 -0.186397 -0.508082 -0.289040 -0.270052 -0.325112 -0.249110 -0.279966 -0.289294 -0.323850 -0.262857 -0.035836 0.211601 -0.211804 -0.244124 -0.219332 -0.222680 -0.324180 -0.194997 0.048522 -0.110100 0.273643 0.044323 -0.068017 -0.041463 0.538502 0.350925 0.151857 -0.033143 -0.021863 -0.372015 0.027963 -0.365591 -0.335997 -0.166402 -0.227284 0.068209 -0.071178 0.015045 -0.394120 -0.343708 -0.551125 -0.525653 0.371469 0.150174 0.138545 0.109689 0.035555 0.056372 0.712855 0.410502 -0.052686 -0.105100 0.087623 0.248053 -0.271701 -0.081481 -0.572064 -0.298008 -0.400095 -0.516490 0.228996 0.343805 0.130308 0.198419 -0.167419 -0.036971 0.151926 0.151425 -0.134763 -0.223216 -0.320089 -0.206996 -0.114697 0.048735 0.041365 0.013789
-0.082550 0.387654 0.245579 0.428609 0.496520 0.384859 0.070922 0.533137 0.464608 1.000000 -0.065276 0.273124 -0.286723 -0.059250 0.188000 0.617361 -0.232301 -0.257214 -0.073369 0.120582 0.112669 0.050675 0.001007 -0.074264 0.381578 0.060443 0.098761 -0.074733 -0.209061 -0.236061 -0.063627 -0.136522 -0.363971 -0.327062 0.079971 -0.122264 -0.092872 0.056878 0.078677 0.020434 0.050286 -0.290739 -0.282323 -0.100170 -0.107680 0.045511 -0.110444 -0.283022 -0.168803 -0.431917 0.342021 -0.087897 -0.191689 -0.412792 0.042990 -0.005265 -0.314220 -0.304101 -0.238865 -0.112843 -0.134883 -0.142868 -0.001110 -0.242120 0.364368 0.517526 0.211398 0.353857 -0.114068 -0.488859 -0.109323 -0.272443 -0.300148 -0.240195 -0.185666 0.050520 -0.204975 0.051701 -0.317337 -0.259941 -0.471412 -0.347601 -0.112002 -0.022963 0.174270 0.260536 -0.056748 0.012602 0.284101 0.076995 -0.159115 -0.354496 0.160840 0.148055 -0.010056 0.087935 -0.337968 -0.159466 -0.326504 -0.336757 0.150880 0.177376 0.032849 0.021213 0.016461 0.156066 0.155706 0.058201 0.082999 0.015640 -0.090595 -0.441297 -0.088540 -0.002488 -0.020902 0.163144
0.672658 0.289162 0.239323 0.099661 0.133430 -0.117684 0.195600 0.055654 0.161315 -0.065276 1.000000 0.604366 0.626438 0.134102 0.605685 0.179011 0.361400 0.249788 0.382369 0.340960 -0.265509 -0.208803 0.267193 0.066050 -0.028808 0.241265 -0.012582 0.349229 0.401076 0.112573 0.315449 0.270930 -0.317334 0.051022 -0.069574 -0.089419 -0.003441 -0.247497 -0.377843 -0.273631 -0.010140 -0.244650 -0.277267 -0.026813 -0.245392 -0.296670 -0.170206 -0.004024 -0.097503 -0.361032 0.018783 0.122021 -0.192497 -0.040031 -0.135876 -0.000642 0.059632 0.236483 -0.306673 -0.255811 -0.079046 -0.163395 -0.257887 -0.042209 0.245439 -0.023000 -0.326751 -0.242388 -0.150237 -0.367568 -0.003032 0.160634 0.230879 -0.097096 0.072340 0.220818 0.152085 0.137799 -0.212233 -0.410767 -0.013367 -0.312887 0.535724 0.442505 0.524015 0.392044 -0.023472 0.060786 0.078717 -0.120726 -0.433919 -0.365857 -0.424942 -0.121121 -0.054131 -0.017852 -0.212228 0.104138 -0.406467 -0.429359 -0.323287 0.070086 0.052898 -0.103402 -0.244729 -0.200931 -0.000047 -0.038948 -0.295885 -0.035722 -0.129294 -0.142420 -0.374466 -0.401659 -0.380537 0.028034
0.495362 0.791162 0.332568 0.402027 0.014568 -0.157878 0.063121 0.585396 0.327719 0.273124 0.604366 1.000000 0.342109 0.381667 0.488987 0.498008 0.332784 0.319334 0.293810 0.534579 -0.418861 -0.321834 0.054540 -0.138888 -0.041246 0.102747 -0.267478 0.097431 0.317346 0.275949 0.320428 0.251530 -0.155007 0.100046 -0.055942 -0.302394 -0.101690 -0.228699 -0.482056 -0.481061 -0.035239 -0.433555 -0.445432 -0.316419 -0.543568 -0.552437 -0.173344 -0.386930 -0.428401 -0.689867 0.199545 0.101124 -0.244577 -0.477010 -0.275566 -0.238115 0.118953 0.164980 -0.283359 -0.305204 -0.050935 -0.160852 -0.139420 -0.117977 0.435439 0.425002 0.059156 -0.032665 0.003952 -0.371289 0.062018 0.147739 0.087444 0.028529 0.154180 0.554125 0.298927 0.483908 -0.345646 -0.428727 -0.164460 -0.420238 0.378157 0.517118 0.461620 0.537878 -0.426972 -0.087279 0.173708 -0.158508 -0.437506 -0.503175 -0.198812 -0.185558 0.019328 -0.069899 -0.447949 -0.022025 -0.614247 -0.634636 -0.242778 -0.010017 -0.027171 -0.282695 -0.325405 -0.252443 0.017662 -0.093359 -0.317424 -0.035725 -0.320080 -0.368598 -0.492155 -0.354123 -0.311718 0.100553
0.530603 0.147649 -0.070416 -0.289530 -0.195493 -0.261789 0.019172 -0.092913 0.128192 -0.286723 0.626438 0.342109 1.000000 0.545969 0.387835 -0.064644 0.499276 0.495359 0.199032 0.034596 -0.440498 -0.503217 -0.161616 -0.214751 -0.481527 -0.208088 -0.158172 -0.049383 0.486042 0.312914 -0.124329 -0.163356 -0.214785 0.092699 -0.559883 -0.274767 -0.058247 -0.094380 -0.406377 -0.113872 -0.117132 -0.023618 -0.142379 -0.256423 -0.418625 -0.509507 -0.159819 0.024863 -0.007475 0.168582 -0.029113 0.498751 -0.027079 0.064004 -0.228399 -0.094752 0.295756 0.545989 0.347107 0.305309 0.419401 0.289480 0.020691 0.463866 -0.288799 0.040308 -0.152948 -0.554411 -0.015181 0.017983 0.211205 0.090384 0.409456 0.326803 0.279916 0.259151 0.329341 0.305931 -0.075541 -0.179422 0.126145 -0.075588 0.256845 0.389224 -0.101533 -0.296448 -0.374557 -0.298510 0.047604 -0.053662 -0.112945 0.134065 -0.261084 -0.263136 -0.090072 0.035398 -0.020805 0.042934 0.010207 -0.138474 -0.361556 -0.145877 0.061340 -0.049498 -0.151865 -0.223436 -0.081882 -0.115414 -0.051244 -0.005673 -0.071781 0.097800 -0.072216 -0.097323 -0.170349 -0.007390
0.359424 0.554144 -0.074176 -0.009102 -0.162019 -0.341656 -0.060948 0.457378 0.129780 -0.059250 0.134102 0.381667 0.545969 1.000000 0.039648 0.237511 0.532645 0.654570 0.107389 0.356634 -0.522593 -0.430828 -0.629078 -0.573988 -0.603770 -0.386536 -0.409507 -0.528431 0.633764 0.673382 -0.010593 -0.038117 -0.021174 0.399102 -0.570093 -0.221529 -0.084236 0.025068 -0.437229 -0.307235 -0.061111 0.081926 -0.380432 -0.607350 -0.580718 -0.555961 -0.386948 -0.460004 -0.380009 0.028785 -0.212931 0.428920 0.030117 -0.193898 -0.460744 -0.547915 0.392028 0.563815 0.329302 0.452431 0.531175 0.540228 0.464607 0.616452 -0.108657 0.641393 0.075891 -0.434012 0.218123 0.222329 0.470804 0.362353 0.534731 0.561679 0.384001 0.581691 0.621546 0.666112 0.119107 -0.048238 0.222504 0.063976 -0.014435 0.507657 -0.287331 -0.204573 -0.693526 -0.483806 0.041118 0.029449 -0.195651 -0.039497 -0.175037 -0.664937 -0.273080 -0.131910 -0.312893 -0.236298 -0.222756 -0.234077 -0.443772 -0.561603 -0.263533 -0.435757 -0.378072 -0.339318 -0.287290 -0.287235 -0.024985 -0.168479 -0.471295 -0.137020 -0.167271 -0.335989 -0.176185 0.106193
0.466500 0.333312 0.240612 0.326002 0.375687 0.162404 0.007744 0.158370 0.620191 0.188000 0.605685 0.488987 0.387835 0.039648 1.000000 0.505174 0.165583 -0.054121 0.506868 0.219212 -0.247619 -0.254019 0.276584 0.206438 0.266464 0.428660 0.244801 0.552189 0.265483 -0.126666 0.250158 0.314790 -0.338982 -0.143228 -0.055796 -0.424873 -0.046485 -0.235556 -0.400092 -0.369440 0.067274 -0.380185 -0.350522 -0.095627 -0.428928 -0.387935 -0.261505 -0.093295 -0.281977 -0.399730 -0.049754 0.139247 -0.041910 -0.027379 -0.110391 -0.129689 -0.078189 0.023334 -0.073448 -0.264410 0.173281 -0.049645 -0.130529 -0.042990 0.528081 -0.018662 -0.322498 -0.330737 0.097481 -0.386298 -0.123631 -0.233091 -0.027244 -0.212676 0.034623 0.024812 0.008747 -0.068348 -0.333923 -0.389786 -0.269233 -0.439943 0.689984 0.353833 0.498484 0.272667 0.170605 0.102478 0.525333 0.245678 -0.224797 -0.299808 -0.193524 0.058233 -0.253410 -0.197976 -0.332758 -0.198100 -0.322644 -0.507862 0.015318 0.189316 0.058607 -0.000804 -0.198659 -0.131823 0.041868 0.072383 -0.402967 -0.239367 -0.311736 -0.140803 -0.395448 -0.102777 -0.031096 -0.004388
0.208836 0.652910 0.326485 0.634415 0.416538 0.109418 -0.037191 0.674920 0.641538 0.617361 0.179011 0.498008 -0.064644 0.237511 0.505174 1.000000 0.063139 -0.041266 0.325204 0.423137 -0.279740 -0.235979 -0.064299 0.000433 0.165935 0.170910 -0.001911 0.112404 0.143026 0.018090 0.303398 0.262727 -0.348970 -0.052333 0.009003 -0.279658 -0.089816 -0.129147 -0.400129 -0.372089 0.078820 -0.355954 -0.358285 -0.399849 -0.445100 -0.240878 -0.204601 -0.438941 -0.445868 -0.491117 -0.040201 0.086934 -0.034574 -0.302490 -0.342531 -0.437772 -0.151886 -0.137202 -0.170276 -0.245170 0.096760 -0.000728 0.097604 -0.067376 0.634157 0.524035 -0.021044 -0.025198 0.144401 -0.435833 0.027686 -0.102469 -0.111742 -0.044610 -0.015240 0.307231 0.135212 0.238483 -0.270681 -0.425074 -0.356598 -0.458499 0.263695 0.351990 0.291064 0.392273 -0.199906 0.016098 0.473324 0.258884 -0.160202 -0.315269 0.087643 -0.085289 -0.381969 -0.230504 -0.660242 -0.390505 -0.555153 -0.592455 0.023264 0.013728 -0.123877 -0.233519 -0.353408 -0.174721 -0.070487 -0.171734 -0.340977 -0.372540 -0.453672 -0.360044 -0.235322 -0.315595 -0.222289 0.101164
0.424224 0.234852 -0.207752 -0.030296 -0.223132 -0.293237 -0.147207 0.110932 -0.125390 -0.232301 0.361400 0.332784 0.499276 0.532645 0.165583 0.063139 1.000000 0.584029 0.116598 0.354993 -0.730685 -0.589141 -0.325817 -0.325408 -0.431168 -0.255082 -0.281493 -0.229941 0.590369 0.491572 0.100924 0.029876 -0.029308 0.418157 -0.340169 -0.136280 0.130792 -0.185141 -0.369245 -0.404386 0.117029 0.100474 -0.223220 -0.397251 -0.414378 -0.429149 -0.410389 -0.437360 -0.216397 -0.130383 -0.288398 0.035271 0.021054 -0.062407 -0.246838 -0.420229 0.452153 0.523469 0.077318 0.163171 0.217153 0.292411 0.405810 0.413116 -0.083219 0.099874 -0.313253 -0.469992 0.037769 0.253519 0.187575 0.145903 0.468695 0.303695 0.238473 0.237749 0.486927 0.327354 0.327351 0.065933 0.538499 0.380711 0.302943 0.593670 0.163660 -0.000713 -0.451919 -0.213260 -0.168109 -0.084728 0.040971 0.064652 -0.054709 -0.474840 -0.064527 -0.094079 -0.118526 -0.258155 0.004233 -0.216720 -0.284843 -0.398092 -0.255560 -0.412187 -0.280042 -0.255984 -0.383379 -0.244245 -0.047327 -0.154045 -0.431987 -0.077318 0.033843 -0.171880 -0.142753 0.240660
0.193854 0.301528 -0.083070 -0.070997 -0.367587 -0.397886 0.034957 0.190646 -0.121634 -0.257214 0.249788 0.319334 0.495359 0.654570 -0.054121 -0.041266 0.584029 1.000000 0.088680 0.311158 -0.417568 -0.360141 -0.362901 -0.431716 -0.578691 -0.278747 -0.457620 -0.357603 0.522703 0.680240 0.058967 0.072017 -0.033993 0.415843 -0.414419 0.008207 0.110121 0.025360 -0.302262 -0.268467 0.076681 0.130508 -0.133385 -0.374127 -0.474114 -0.474865 -0.254624 -0.262867 -0.238043 -0.035722 -0.183680 0.328678 -0.019538 -0.176935 -0.292060 -0.386178 0.382845 0.505315 0.172407 0.321977 0.255735 0.399788 0.297052 0.448921 -0.208587 0.294503 -0.053290 -0.390942 0.087798 0.218479 0.442858 0.384204 0.594532 0.477154 0.426902 0.418727 0.499676 0.495009 0.299528 0.176416 0.443347 0.279638 0.015824 0.458398 -0.158998 -0.094896 -0.555261 -0.462491 -0.232254 -0.059777 -0.210562 -0.075870 -0.167360 -0.482908 -0.150867 0.089445 -0.107184 -0.018838 -0.150872 -0.150761 -0.506124 -0.453942 -0.348571 -0.492594 -0.419207 -0.412085 -0.286993 -0.108650 0.163665 0.137282 -0.322685 -0.134349 -0.053787 -0.344971 -0.217418 0.184318
0.225385 0.320262 0.516795 0.288959 0.202146 -0.260927 0.251231 0.158499 0.464807 -0.073369 0.382369 0.293810 0.199032 0.107389 0.506868 0.325204 0.116598 0.088680 1.000000 0.437199 -0.244866 -0.192535 0.384993 0.262265 0.066050 0.490303 -0.214942 0.401266 0.126260 -0.151647 0.508298 0.369368 -0.126474 -0.175665 0.120849 -0.052381 -0.236311 -0.380184 -0.444818 -0.518847 -0.062776 -0.455067 -0.184862 -0.002967 -0.174862 -0.108835 -0.142049 -0.081996 -0.191134 -0.220908 -0.077981 0.326183 -0.223247 -0.176491 -0.280822 -0.375800 -0.193846 -0.198887 -0.301243 -0.343381 0.098537 -0.191555 -0.153044 -0.264916 0.542067 0.034125 -0.006918 0.014932 0.026552 -0.221177 0.121852 -0.066269 -0.060073 -0.154820 -0.070276 -0.002977 0.048578 -0.015132 -0.364832 -0.244035 -0.287954 -0.482894 0.467003 0.088862 0.412688 0.325748 0.008968 0.035186 0.531992 0.144350 -0.229141 -0.205968 -0.087217 0.112044 -0.314924 -0.197941 -0.460516 -0.183654 -0.469118 -0.521598 -0.000997 0.160696 -0.014145 -0.108562 -0.332820 -0.278654 0.010205 -0.086268 -0.344789 -0.240530 -0.174057 -0.144150 -0.173312 -0.237741 -0.146207 0.060627
0.333257 0.643054 0.350579 0.544411 0.034754 -0.231158 0.025084 0.620065 0.212712 0.120582 0.340960 0.534579 0.034596 0.356634 0.219212 0.423137 0.354993 0.311158 0.437199 1.000000 -0.414686 -0.280415 0.017721 0.030210 -0.124492 0.145571 -0.282694 0.014645 0.364718 0.276606 0.581534 0.441553 0.144772 0.473759 -0.017089 -0.117502 -0.091503 -0.291912 -0.531981 -0.657110 0.069884 -0.352665 -0.304469 -0.392778 -0.308628 -0.284780 -0.369886 -0.522479 -0.383439 -0.554056 -0.301170 -0.111483 -0.340308 -0.476975 -0.505426 -0.614045 0.229645 0.198406 -0.363438 -0.327252 -0.130838 -0.019084 -0.010194 -0.112244 0.446367 0.378779 -0.048639 0.050408 0.169413 0.021894 0.311766 0.370864 0.214401 0.141952 0.164444 0.463841 0.440687 0.421744 -0.100148 -0.382856 0.053537 -0.268387 0.429262 0.575887 0.379187 0.542627 -0.347142 0.054885 0.099726 -0.070780 -0.218248 -0.234801 -0.046638 -0.256485 -0.260924 -0.246285 -0.522388 -0.259894 -0.526549 -0.509086 -0.158137 -0.082234 -0.321534 -0.376814 -0.573312 -0.408736 -0.158089 -0.237403 -0.284347 -0.170427 -0.434361 -0.218641 -0.146350 -0.467971 -0.231848 0.005934
-0.277838 -0.375905 0.053870 -0.173731 0.357338 0.526588 0.267815 -0.329172 -0.093585 0.112669 -0.265509 -0.418861 -0.440498 -0.522593 -0.247619 -0.279740 -0.730685 -0.417568 -0.244866 -0.414686 1.000000 0.822192 0.225314 0.152454 0.484220 0.173321 0.459467 0.099961 -0.385432 -0.398392 -0.229454 -0.039015 -0.034371 -0.378890 0.249244 0.200182 -0.115174 0.159944 0.465728 0.508458 -0.222918 0.152036 0.334180 0.425863 0.513894 0.453448 0.358591 0.441937 0.317587 0.189851 0.141356 -0.254581 0.041460 0.268888 0.289138 0.462591 -0.356421 -0.422408 -0.006524 0.022144 -0.168245 -0.207055 -0.238870 -0.253641 -0.077972 -0.230716 0.258933 0.297947 -0.027619 -0.157884 -0.114399 -0.091421 -0.327623 -0.293532 -0.299949 -0.378108 -0.531381 -0.500911 -0.092254 -0.000596 -0.251768 -0.063878 -0.293769 -0.450354 -0.205278 -0.073156 0.481267 0.101584 -0.082918 -0.046341 -0.005875 -0.034614 -0.021761 0.400548 0.143645 0.211152 0.228095 0.213482 0.137211 0.355185 0.118658 0.174177 0.147947 0.342771 0.276268 0.267269 0.225925 0.318768 0.352570 0.346326 0.281425 0.133272 0.002069 0.147753 0.184863 -0.146535
-0.176461 -0.264749 0.022361 -0.066000 0.326221 0.413715 0.234142 -0.229483 -0.179154 0.050675 -0.208803 -0.321834 -0.503217 -0.430828 -0.254019 -0.235979 -0.589141 -0.360141 -0.192535 -0.280415 0.822192 1.000000 0.127938 0.105373 0.416770 0.278974 0.340414 0.073580 -0.102886 -0.237294 -0.054682 0.244950 0.004564 -0.215411 0.332550 0.249082 -0.063381 0.139101 0.409214 0.334216 -0.163752 0.168102 0.138093 0.350984 0.384371 0.422721 0.195702 0.353352 0.108316 0.059035 -0.050083 -0.306386 0.083583 0.199293 0.300536 0.356058 -0.264919 -0.405286 -0.126156 -0.036863 -0.145623 -0.143341 -0.076612 -0.243997 0.046610 -0.129190 0.058515 0.237214 -0.104765 -0.115821 -0.129678 0.117435 -0.188846 -0.280636 -0.204734 -0.234579 -0.308638 -0.344470 0.014628 0.016101 -0.125530 -0.025641 -0.144422 -0.301316 -0.142534 0.091817 0.452195 0.043943 -0.094902 0.038448 -0.175209 -0.205817 -0.115058 0.148415 0.141151 0.095084 0.106645 0.179113 0.011670 0.310737 -0.001692 0.061889 0.032118 0.147964 0.167706 0.182035 0.115635 0.249773 0.184299 0.252933 0.080095 -0.061102 -0.171597 0.037153 0.054361 -0.079969
-0.155868 -0.240440 0.542754 0.215801 0.165621 0.093334 0.363985 -0.206164 0.043033 0.001007 0.267193 0.054540 -0.161616 -0.629078 0.276584 -0.064299 -0.325817 -0.362901 0.384993 0.017721 0.225314 0.127938 1.000000 0.683410 0.478234 0.538967 0.200290 0.742133 -0.489532 -0.501589 0.409848 0.250701 0.087396 -0.295528 0.453457 0.093709 -0.049785 -0.315098 0.064283 -0.012079 -0.006394 -0.384544 0.295007 0.581552 0.400721 0.295898 0.329996 0.440717 0.299676 -0.167285 0.373582 -0.115488 -0.268100 0.052089 0.076486 0.238314 -0.410170 -0.530632 -0.533423 -0.602781 -0.569110 -0.685678 -0.618134 -0.727597 0.324153 -0.530929 0.020695 0.429557 -0.086863 -0.286960 -0.200358 -0.200687 -0.406384 -0.435375 -0.260791 -0.259708 -0.443155 -0.423029 -0.358329 -0.232923 -0.377989 -0.450216 0.265733 -0.341402 0.531411 0.439888 0.471899 0.496699 0.155406 -0.167440 -0.132935 -0.119556 0.030986 0.517592 0.040213 -0.105649 0.066606 0.112377 -0.174297 -0.194735 0.128185 0.533640 0.203935 0.256611 0.068561 0.093111 0.136716 -0.057164 -0.271336 0.100618 0.404196 0.060009 -0.155379 -0.004823 -0.060200 -0.215267
-0.233077 -0.362958 0.243438 0.325453 -0.011860 0.142449 -0.178538 -0.144431 0.091622 -0.074264 0.066050 -0.138888 -0.214751 -0.573988 0.206438 0.000433 -0.325408 -0.431716 0.262265 0.030210 0.152454 0.105373 0.683410 1.000000 0.334214 0.678171 0.107946 0.803210 -0.430192 -0.459162 0.293482 0.415161 0.173817 -0.150084 0.554494 0.236566 -0.059353 -0.305465 -0.012490 -0.088446 -0.005137 -0.472731 0.434646 0.425228 0.496266 0.335023 0.297408 0.376043 0.258889 -0.037487 -0.049932 -0.206696 -0.127051 0.193419 -0.057449 0.125137 -0.143929 -0.424848 -0.441522 -0.657999 -0.507645 -0.597556 -0.606579 -0.621688 0.319209 -0.619685 -0.181177 0.268460 -0.098987 -0.154455 -0.158572 0.012943 -0.441068 -0.321783 -0.368005 -0.134444 -0.367996 -0.266174 -0.376601 -0.261337 -0.428998 -0.454702 0.414051 -0.295610 0.286504 0.229895 0.490807 0.570059 0.079113 -0.084055 0.260160 0.143692 0.353221 0.524060 -0.065205 -0.299698 0.041723 -0.065294 -0.022016 -0.082506 0.342641 0.541297 0.201254 0.282959 0.016588 0.028731 -0.000653 0.050593 -0.331659 -0.007043 0.308216 0.161073 0.153562 0.241309 0.071460 -0.368570
0.015681 -0.058321 0.312162 0.242717 0.516396 0.601376 0.249662 -0.013219 0.162389 0.381578 -0.028808 -0.041246 -0.481527 -0.603770 0.266464 0.165935 -0.431168 -0.578691 0.066050 -0.124492 0.484220 0.416770 0.478234 0.334214 1.000000 0.560942 0.461331 0.502306 -0.393709 -0.555880 0.158895 0.226911 -0.241972 -0.456119 0.345799 -0.148764 -0.097306 -0.196101 0.147490 0.026924 -0.183210 -0.240998 0.077890 0.406386 0.349576 0.355103 0.185632 0.199757 0.190922 -0.279904 0.274053 -0.349451 -0.055581 0.117167 0.046718 0.155399 -0.309553 -0.494005 -0.397002 -0.374693 -0.383464 -0.522686 -0.288796 -0.534748 0.475433 -0.216832 0.050562 0.323721 -0.111853 -0.440444 -0.259626 -0.314387 -0.509136 -0.607102 -0.428407 -0.389598 -0.587978 -0.588269 -0.221913 -0.220387 -0.377075 -0.337468 0.026048 -0.367842 0.416668 0.407399 0.415576 0.257844 0.086462 -0.126905 -0.014173 -0.260114 0.076980 0.454082 -0.071687 -0.102379 -0.098741 -0.144921 -0.011454 -0.046784 0.337095 0.369517 0.211482 0.244539 0.269290 0.389414 0.177401 0.163456 0.006122 -0.039501 0.017127 -0.015118 -0.145208 0.185804 0.222940 0.148731
0.097342 -0.019164 0.362534 0.444813 0.221069 0.249436 0.024765 0.056592 0.231629 0.060443 0.241265 0.102747 -0.208088 -0.386536 0.428660 0.170910 -0.255082 -0.278747 0.490303 0.145571 0.173321 0.278974 0.538967 0.678171 0.560942 1.000000 0.082096 0.789234 -0.113380 -0.305012 0.428900 0.683914 -0.047770 -0.204827 0.479845 0.048366 -0.111229 -0.301618 -0.074310 -0.238282 -0.011509 -0.416340 0.033153 0.341618 0.198582 0.150601 0.018349 0.245463 -0.027888 -0.355609 -0.112266 -0.106907 -0.168272 0.121550 -0.034849 0.022299 -0.100725 -0.417849 -0.560681 -0.623070 -0.330286 -0.545792 -0.387624 -0.560298 0.667623 -0.306743 -0.207082 0.147538 -0.120954 -0.358140 -0.200110 0.071321 -0.320660 -0.548154 -0.383773 -0.149636 -0.353406 -0.330680 -0.357368 -0.216188 -0.420360 -0.515872 0.473005 -0.144941 0.422664 0.456421 0.421666 0.439956 0.148287 -0.032994 -0.172914 -0.340902 0.032695 0.360614 -0.132516 -0.241601 -0.214833 -0.083960 -0.317344 -0.264418 0.107966 0.321366 0.025989 -0.027711 -0.115516 0.020628 0.009060 0.133533 -0.272899 -0.074134 -0.046898 -0.186444 -0.177528 0.039066 0.099928 0.061163
-0.000001 -0.335791 -0.141603 -0.190411 0.562547 0.520130 0.122941 -0.382379 0.077559 0.098761 -0.012582 -0.267478 -0.158172 -0.409507 0.244801 -0.001911 -0.281493 -0.457620 -0.214942 -0.282694 0.459467 0.340414 0.200290 0.107946 0.461331 0.082096 1.000000 0.283089 -0.137503 -0.365106 -0.082889 -0.059687 -0.185480 -0.216974 0.066703 -0.111968 0.054767 -0.083334 0.155114 0.311063 0.013806 0.141767 0.106833 0.303511 0.226182 0.329069 0.097093 0.326103 0.233176 0.169073 0.048796 -0.169812 0.195209 0.347635 0.148995 0.309328 -0.189741 -0.125315 0.254428 0.063703 0.035785 0.063263 -0.055745 0.024658 -0.079154 -0.250565 -0.009279 0.004438 0.084000 -0.063832 -0.131057 -0.343658 -0.081471 -0.209833 -0.044647 -0.303187 -0.219632 -0.423104 0.116705 -0.047918 -0.012569 0.047618 0.014957 -0.128529 -0.031609 -0.108767 0.466219 0.240724 0.031068 0.064876 0.058964 0.087720 -0.158803 0.178543 -0.004184 -0.041551 0.187585 0.006083 0.204987 0.269074 0.083593 0.156461 0.117198 0.239574 0.120185 0.044732 -0.040413 -0.065328 0.031236 0.019708 0.147501 0.332472 -0.085072 0.046966 0.086443 -0.253891
0.039827 -0.196271 0.327622 0.349221 0.185628 0.209340 -0.011894 -0.126060 0.185610 -0.074733 0.349229 0.097431 -0.049383 -0.528431 0.552189 0.112404 -0.229941 -0.357603 0.401266 0.014645 0.099961 0.073580 0.742133 0.803210 0.502306 0.789234 0.283089 1.000000 -0.247870 -0.434559 0.441913 0.527385 -0.051033 -0.229431 0.432170 -0.021340 -0.075676 -0.360367 -0.141024 -0.189744 0.043555 -0.395279 0.193289 0.455544 0.265857 0.160553 0.232639 0.382810 0.186671 -0.207903 0.075688 -0.130967 -0.044824 0.264678 -0.025491 0.123587 -0.191227 -0.368102 -0.410450 -0.641318 -0.383054 -0.612558 -0.528504 -0.609046 0.480196 -0.577646 -0.215980 0.105900 -0.091996 -0.333798 -0.226684 -0.056885 -0.323692 -0.395581 -0.293450 -0.146204 -0.359293 -0.373819 -0.399935 -0.360008 -0.397798 -0.533520 0.560314 -0.152129 0.508177 0.416135 0.476847 0.517163 0.208361 -0.093812 -0.050173 -0.162388 0.065048 0.473320 -0.114287 -0.301047 -0.071665 -0.046489 -0.126419 -0.190087 0.198691 0.475366 0.175863 0.152626 -0.058568 -0.033432 -0.030118 0.030752 -0.403382 -0.143816 0.147827 0.083633 -0.174724 0.049024 -0.018983 -0.148859
0.618933 0.389989 -0.126750 0.013119 0.033472 -0.155415 0.007435 0.213379 -0.021849 -0.209061 0.401076 0.317346 0.486042 0.633764 0.265483 0.143026 0.590369 0.522703 0.126260 0.364718 -0.385432 -0.102886 -0.489532 -0.430192 -0.393709 -0.113380 -0.137503 -0.247870 1.000000 0.624488 0.162713 0.331036 -0.098060 0.505878 -0.375643 -0.231768 0.110587 -0.058159 -0.375650 -0.355134 0.168194 0.173764 -0.543273 -0.511351 -0.624541 -0.538416 -0.553668 -0.363314 -0.460749 -0.165954 -0.503200 0.034835 0.148336 0.012507 -0.185740 -0.371131 0.483139 0.564134 0.206766 0.211476 0.469359 0.472638 0.518204 0.576716 0.035142 0.339024 -0.432776 -0.696730 0.090878 0.062315 0.220242 0.399147 0.732524 0.301305 0.513688 0.376455 0.535517 0.364229 0.214463 -0.077990 0.437961 0.187512 0.344852 0.707847 -0.051613 -0.012406 -0.344851 -0.443084 -0.051780 0.113679 -0.345138 -0.248353 -0.440236 -0.664609 -0.186003 -0.110506 -0.251570 -0.172236 -0.147529 -0.064524 -0.486786 -0.478917 -0.318297 -0.393130 -0.351168 -0.313403 -0.320324 -0.097516 -0.130570 -0.113064 -0.636263 -0.144055 -0.371419 -0.350606 -0.137255 0.157389
0.293106 0.317131 -0.188024 -0.059415 -0.442690 -0.350451 -0.053238 0.255280 -0.334974 -0.236061 0.112573 0.275949 0.312914 0.673382 -0.126666 0.018090 0.491572 0.680240 -0.151647 0.276606 -0.398392 -0.237294 -0.501589 -0.459162 -0.555880 -0.305012 -0.365106 -0.434559 0.624488 1.000000 0.059499 0.151479 0.210660 0.681557 -0.346805 -0.143580 0.284742 0.089594 -0.294909 -0.244854 0.176029 0.274633 -0.203540 -0.448006 -0.516852 -0.537293 -0.086402 -0.243293 -0.354184 -0.120773 -0.239202 0.138585 0.203445 -0.108471 -0.197749 -0.337751 0.589772 0.626474 0.194013 0.317751 0.201451 0.454897 0.329312 0.536518 -0.236404 0.331412 -0.169552 -0.437176 0.229469 0.316647 0.298556 0.576289 0.748969 0.562455 0.554463 0.524122 0.646615 0.599136 0.280523 0.175188 0.530277 0.327371 -0.049523 0.532952 -0.241503 -0.073677 -0.529574 -0.355621 -0.356398 -0.112598 -0.221467 -0.078778 -0.293424 -0.703463 -0.160661 -0.187221 0.044287 0.001845 -0.057916 0.001503 -0.578401 -0.655553 -0.428598 -0.582166 -0.325786 -0.355481 -0.305042 -0.232339 -0.120149 -0.020046 -0.308235 -0.068538 -0.208962 -0.383616 -0.128649 -0.002801
0.080675 0.294617 0.329780 0.622395 0.167385 -0.279424 0.112457 0.364179 0.056381 -0.063627 0.315449 0.320428 -0.124329 -0.010593 0.250158 0.303398 0.100924 0.058967 0.508298 0.581534 -0.229454 -0.054682 0.409848 0.293482 0.158895 0.428900 -0.082889 0.441913 0.162713 0.059499 1.000000 0.736117 0.004606 0.239395 0.185411 -0.070883 0.062047 -0.319047 -0.417114 -0.475709 0.234745 -0.308268 -0.178546 0.003435 -0.106628 -0.005170 -0.088824 -0.072994 -0.309840 -0.470507 -0.237063 -0.150480 -0.209584 -0.085172 -0.364859 -0.367659 -0.073332 -0.289693 -0.570820 -0.563328 -0.321730 -0.353583 -0.081104 -0.432588 0.469151 -0.035093 -0.228066 0.126248 -0.071193 -0.197359 0.231790 0.364558 0.145911 0.002428 0.049132 0.281155 0.244196 0.117110 -0.221855 -0.243555 -0.011767 -0.322449 0.417165 0.183835 0.526929 0.691931 0.016271 0.298203 0.054172 0.000560 -0.316020 -0.290317 -0.057961 -0.051267 -0.374457 -0.432904 -0.274822 -0.298833 -0.410319 -0.293907 -0.068185 0.096208 -0.086170 -0.215707 -0.386320 -0.248892 -0.074801 -0.407520 -0.448240 -0.233924 -0.247281 -0.046877 -0.292596 -0.393553 -0.211609 -0.097142
0.129743 0.198944 0.228143 0.623850 0.079264 0.019381 -0.062378 0.324184 0.055132 -0.136522 0.270930 0.251530 -0.163356 -0.038117 0.314790 0.262727 0.029876 0.072017 0.369368 0.441553 -0.039015 0.244950 0.250701 0.415161 0.226911 0.683914 -0.059687 0.527385 0.331036 0.151479 0.736117 1.000000 0.098291 0.337694 0.336902 0.002116 0.033183 -0.289748 -0.335304 -0.497167 0.166048 -0.288458 -0.107795 0.018369 -0.127781 -0.110414 -0.134345 0.015070 -0.376658 -0.453622 -0.459098 -0.264137 -0.006796 0.078533 -0.261530 -0.313041 0.084505 -0.192729 -0.495914 -0.534331 -0.231967 -0.272072 -0.040204 -0.329323 0.583346 -0.129253 -0.369421 -0.096470 -0.012222 -0.135001 0.033324 0.500025 0.132371 -0.125765 -0.003090 0.257501 0.127883 0.000579 -0.121341 -0.253255 -0.025617 -0.297111 0.542946 0.222386 0.377495 0.559102 0.156833 0.193831 -0.013287 0.016715 -0.281956 -0.369590 -0.074807 -0.075138 -0.329111 -0.431569 -0.283548 -0.236472 -0.385750 -0.243156 -0.111503 0.035342 -0.155946 -0.265268 -0.345654 -0.195971 -0.140899 -0.089801 -0.407225 -0.161962 -0.434151 -0.167802 -0.336922 -0.246284 -0.042082 -0.046478
-0.200718 -0.155621 0.012482 -0.051406 -0.492349 -0.229052 -0.111172 -0.091711 -0.374426 -0.363971 -0.317334 -0.155007 -0.214785 -0.021174 -0.338982 -0.348970 -0.029308 -0.033993 -0.126474 0.144772 -0.034371 0.004564 0.087396 0.173817 -0.241972 -0.047770 -0.185480 -0.051033 -0.098060 0.210660 0.004606 0.098291 1.000000 0.524561 0.179112 0.075721 -0.005206 -0.083058 0.004201 -0.117517 0.121354 0.045416 0.281570 0.088876 0.162829 -0.003520 0.119390 -0.005383 0.044856 0.113462 -0.094593 -0.183013 -0.097415 -0.154751 0.017462 -0.076426 0.173132 0.069340 0.000230 -0.088976 -0.147516 -0.098941 -0.118139 -0.141732 -0.109259 -0.236136 0.095811 0.195483 0.253665 0.465745 -0.143942 0.318032 0.074230 0.100508 0.107209 0.087836 0.073869 0.064160 0.149658 0.146519 0.249791 0.205536 0.035917 0.044798 -0.110711 -0.026370 -0.051444 0.208667 -0.221089 -0.222108 0.205115 0.214546 0.129272 -0.099715 0.280153 -0.056555 0.278123 0.177650 0.138447 0.100044 0.009547 -0.191039 -0.169528 -0.123944 -0.099971 -0.182622 -0.002673 -0.110342 -0.042703 0.241091 0.211098 0.098376 0.177750 0.048112 0.187304 -0.231990
0.152397 0.158751 -0.120961 0.121373 -0.390258 -0.212847 -0.180392 0.281633 -0.328228 -0.327062 0.051022 0.100046 0.092699 0.399102 -0.143228 -0.052333 0.418157 0.415843 -0.175665 0.473759 -0.378890 -0.215411 -0.295528 -0.150084 -0.456119 -0.204827 -0.216974 -0.229431 0.505878 0.681557 0.239395 0.337694 0.524561 1.000000 -0.118926 -0.039159 0.138423 -0.142623 -0.320954 -0.408675 0.276015 0.128441 -0.102554 -0.322901 -0.255706 -0.307663 -0.220619 -0.252003 -0.255944 -0.065442 -0.435327 -0.168681 0.063942 -0.090377 -0.273152 -0.413731 0.544122 0.569960 0.070928 0.107958 -0.036314 0.306160 0.250240 0.323528 -0.108164 0.120193 -0.299341 -0.252311 0.235829 0.459912 0.170299 0.536901 0.600998 0.435664 0.465273 0.493861 0.525660 0.371169 0.422088 0.042311 0.572177 0.306186 0.150753 0.477522 -0.084104 0.068698 -0.270036 -0.102673 -0.361805 -0.135313 -0.085545 0.035595 -0.165873 -0.576678 -0.137363 -0.315365 -0.001577 -0.092305 -0.026084 -0.002327 -0.280499 -0.402064 -0.369920 -0.361025 -0.326236 -0.290733 -0.289067 -0.215002 -0.236189 -0.120095 -0.367760 0.031351 -0.093828 -0.300704 -0.065266 -0.200547
-0.350641 -0.228330 0.192151 0.215596 0.028820 0.092476 -0.081339 -0.043879 -0.082582 0.079971 -0.069574 -0.055942 -0.559883 -0.570093 -0.055796 0.009003 -0.340169 -0.414419 0.120849 -0.017089 0.249244 0.332550 0.453457 0.554494 0.345799 0.479845 0.066703 0.432170 -0.375643 -0.346805 0.185411 0.336902 0.179112 -0.118926 1.000000 0.508774 -0.032371 -0.219910 0.151393 -0.136175 0.128394 -0.340210 0.182805 0.500196 0.444174 0.452365 0.211026 0.169432 0.080922 -0.205244 0.147963 -0.326095 0.003061 -0.012442 0.250430 0.213677 -0.225873 -0.424283 -0.531795 -0.551475 -0.500321 -0.542992 -0.325340 -0.580364 0.417688 -0.288929 -0.038923 0.511962 -0.158410 -0.259181 -0.434529 -0.066015 -0.436490 -0.319637 -0.138689 -0.131928 -0.335926 -0.234709 -0.118109 0.004324 -0.184747 -0.156085 0.100710 -0.378549 0.384956 0.381867 0.538648 0.355332 -0.027240 -0.093856 -0.062271 -0.296874 0.033211 0.333428 0.213714 -0.013914 0.021569 0.209688 -0.225214 -0.095904 0.208949 0.357329 0.175668 0.135172 0.079416 0.033984 0.004132 0.192274 -0.143385 0.166011 0.170922 -0.106595 -0.074089 0.051267 -0.039475 -0.169763
-0.404079 -0.369331 -0.199184 -0.073911 -0.124615 -0.065434 -0.058409 -0.242368 -0.354323 -0.122264 -0.089419 -0.302394 -0.274767 -0.221529 -0.424873 -0.279658 -0.136280 0.008207 -0.052381 -0.117502 0.200182 0.249082 0.093709 0.236566 -0.148764 0.048366 -0.111968 -0.021340 -0.231768 -0.143580 -0.070883 0.002116 0.075721 -0.039159 0.508774 1.000000 0.154990 0.119072 0.387026 0.196702 0.240595 0.034113 0.178384 0.301434 0.491843 0.559725 0.012194 0.117028 0.219186 0.262003 -0.033218 0.004197 0.090740 0.056714 0.236306 0.230150 -0.097410 -0.201711 -0.258561 -0.119505 -0.243046 -0.144323 -0.031326 -0.183496 -0.110281 -0.129267 -0.040757 0.305249 -0.103702 0.137900 0.037468 0.058067 -0.077366 -0.077952 -0.097146 -0.148258 -0.128112 -0.052236 0.203655 0.224124 0.104379 0.176040 -0.165354 -0.368272 -0.010026 -0.024187 0.313835 0.047709 -0.257704 -0.035591 0.045459 -0.018124 0.145492 0.087811 0.161716 0.124976 0.102080 0.140223 -0.068454 0.071952 0.104211 0.051361 -0.048573 0.010659 0.074009 -0.099940 -0.096716 0.117155 0.012100 0.108464 0.248403 -0.104079 0.247012 -0.039141 -0.157071 -0.150383
