1.000000 0.343566 -0.132883 -0.407950 -0.055696 -0.312856 -0.280662 -0.537372 -0.237334 -0.268559 0.127065 0.155391 -0.069590 -0.165734 -0.251283 -0.033478 0.558852 0.517724 0.306194 0.280668 -0.013655 0.062340 -0.071100 -0.247921 -0.096533 0.106032 -0.293501 0.213576 0.264432 0.218610 -0.099629 -0.157172 0.441644 0.351212 -0.036471 -0.106033 0.022345 -0.070429 -0.197811 -0.099644 -0.069526 -0.200931 0.346440 0.360709 -0.019599 -0.241418 0.267616 0.228519 0.313233 -0.019589 0.301139 0.127207 0.110533 0.304701 0.120455 0.261832 0.507625 0.389252 0.296206 -0.030559 0.380109 -0.134817 0.191076 0.315347 -0.290422 -0.251027 0.105875 -0.235660 0.466589 0.352474 -0.288844 -0.321195 0.226350 -0.127814 -0.039363 -0.107589 -0.011483 -0.298732 0.485008 0.519711 0.450509 0.596218 -0.041476 -0.095314 -0.020617 0.205666 0.032862 0.080519 -0.283655 0.037652 -0.500219 -0.399413 -0.531536 -0.406541 -0.049224 -0.071899 0.133610 0.276561 -0.161526 0.084213 -0.262160 -0.184649 -0.445377 -0.285392 -0.263034 -0.247809 -0.149954 -0.193891 0.028632 0.171274 0.217464 0.349825 -0.189717 -0.273195 -0.346429 -0.248915
0.343566 1.000000 -0.427754 0.010531 -0.463284 -0.405207 -0.499772 -0.028534 -0.482583 -0.146179 0.010553 0.388120 -0.326879 0.176024 -0.331244 -0.065845 0.429939 0.357641 0.430951 0.373584 -0.189816 0.169726 -0.446098 -0.473769 -0.483780 -0.246675 -0.575007 -0.091258 0.248880 0.286047 -0.351821 -0.282076 0.477447 0.604271 0.427290 0.252746 -0.215972 -0.232934 -0.202455 -0.170537 -0.097487 -0.311882 0.154051 0.106137 0.071811 -0.081508 0.493692 -0.315314 0.145170 -0.385964 0.381463 -0.155686 0.270156 0.035565 -0.049355 -0.028594 0.399792 0.548712 0.239185 0.255699 0.394018 0.529682 0.391560 0.706626 0.073910 0.340289 0.161669 -0.081800 0.399742 0.324706 -0.499042 -0.295234 0.020708 -0.208443 -0.005748 -0.180361 0.060834 -0.017823 0.374507 0.229499 0.422047 0.443474 -0.008179 -0.044702 0.225907 0.032926 -0.119080 -0.026181 0.085196 0.041751 -0.193599 -0.597813 -0.258809 -0.443357 -0.332083 -0.370764 -0.146793 -0.063982 -0.056283 -0.197482 0.155092 -0.254743 -0.015601 -0.176138 -0.172155 -0.226162 -0.134606 -0.222419 -0.253766 0.053907 -0.013141 -0.042204 -0.059801 -0.180365 -0.239089 -0.428678
-0.132883 -0.427754 1.000000 0.119783 0.778296 0.410238 0.722518 0.278988 0.681806 0.359247 0.006114 -0.157044 0.409733 -0.173349 0.233064 -0.027032 -0.462415 -0.313106 -0.105196 -0.000346 0.094412 -0.236526 0.528567 0.471598 0.300964 0.062534 0.551554 -0.110518 -0.392240 -0.230447 0.265694 -0.046108 -0.436370 -0.289540 -0.096929 -0.099454 0.218920 0.325157 0.058681 0.208200 -0.262045 0.107218 0.023289 -0.048459 0.118282 0.268765 -0.383327 0.219799 -0.018895 0.346588 -0.172586 0.191743 -0.367697 -0.128869 0.100632 0.058669 -0.520419 -0.508119 -0.057924 -0.246215 -0.272548 -0.420704 -0.240414 -0.577883 0.032456 -0.199704 0.070855 0.370486 -0.377669 -0.369516 0.449850 0.347026 -0.053020 0.281767 -0.035780 0.220889 -0.007107 0.127188 -0.471345 -0.207418 -0.669479 -0.440732 -0.240549 -0.242393 -0.639508 -0.147246 -0.229410 -0.214115 -0.023947 0.145081 0.189271 0.437901 0.376504 0.421676 0.270837 0.403988 0.143172 0.182447 -0.096486 0.092231 0.058229 0.061044 -0.158708 -0.167691 -0.239902 -0.193514 -0.198133 -0.100683 0.288460 0.217785 0.051290 -0.014036 0.276166 -0.209804 -0.105263 0.038127
-0.407950 0.010531 0.119783 1.000000 0.116223 0.086756 0.184782 0.724074 0.062371 0.403337 0.092796 0.189845 0.054715 0.317323 0.346009 0.491238 -0.267639 -0.349829 0.107501 0.019438 0.225147 -0.000082 0.039647 0.521047 0.352541 0.274267 0.148328 0.056871 -0.104307 -0.125485 0.377967 0.489185 -0.216599 0.080385 0.358320 0.347289 -0.139347 -0.233565 -0.087697 -0.271410 -0.106840 -0.129293 -0.097481 -0.198752 -0.136043 0.280956 -0.230923 -0.288132 -0.288870 -0.197938 0.139531 -0.100274 -0.141104 -0.215425 -0.152734 -0.228556 -0.347750 -0.376142 -0.406773 -0.186078 -0.047340 0.205567 0.004481 -0.135545 0.538400 0.588892 -0.161199 0.180265 -0.374021 -0.106247 0.185962 0.272078 -0.059066 0.152143 0.162663 0.245020 0.244944 0.268044 -0.278949 -0.301969 -0.322587 -0.355433 -0.168720 -0.050207 -0.048404 0.233649 0.022762 0.002984 0.378792 0.305081 0.112527 -0.034073 0.589168 0.007465 -0.181552 -0.061653 -0.306968 -0.319496 -0.255172 -0.237545 0.560766 -0.149696 0.075211 -0.276329 -0.274084 -0.317519 -0.220212 -0.297766 -0.026390 -0.105265 -0.434001 -0.441625 -0.043060 -0.269941 -0.242717 -0.302556
-0.055696 -0.463284 0.778296 0.116223 1.000000 0.413874 0.603900 0.174753 0.733204 0.499243 0.145083 -0.151311 0.401064 -0.119119 0.337782 0.222498 -0.392591 -0.319209 -0.071170 0.070892 0.202184 -0.205710 0.586547 0.527749 0.395115 0.164025 0.601595 0.057899 -0.257038 -0.309983 0.445936 0.115675 -0.356485 -0.333718 -0.185658 -0.062635 0.077306 0.073183 -0.099047 0.061225 -0.228936 -0.031302 0.100573 0.036746 0.034472 0.238664 -0.348927 0.379155 0.121653 0.397880 -0.046910 0.104807 -0.336186 -0.071777 -0.157476 0.081401 -0.443768 -0.488763 0.069027 -0.174056 -0.119250 -0.325393 -0.240175 -0.546389 0.122587 -0.040938 -0.088823 0.288022 -0.321725 -0.379381 0.372028 0.270067 -0.124446 0.105235 -0.111260 0.094945 -0.025827 0.012989 -0.374661 -0.098629 -0.532541 -0.358479 -0.227736 -0.256231 -0.495566 -0.064590 -0.170828 -0.356788 0.042816 0.243442 0.136288 0.278680 0.306563 0.342905 0.142884 0.290490 0.053913 0.101493 -0.168992 0.039220 -0.019489 0.044894 -0.283738 -0.283152 -0.328905 -0.282361 -0.290100 -0.214383 0.274164 0.132633 0.013643 0.076655 0.118024 -0.298631 -0.280199 -0.102845
-0.312856 -0.405207 0.410238 0.086756 0.413874 1.000000 0.560887 0.320819 0.716183 0.466748 0.134050 -0.122609 0.484401 0.258079 0.321787 0.239131 -0.527508 -0.364105 -0.402893 -0.252329 -0.016426 -0.087129 0.104175 0.372871 0.097470 -0.148538 0.562796 -0.047864 -0.304610 -0.054231 -0.072498 -0.017938 -0.441594 -0.392128 -0.277971 -0.081802 0.131500 0.115786 0.165492 0.127418 0.033666 0.225525 -0.388483 -0.342268 0.231696 0.106860 -0.381585 0.007880 -0.159632 0.147232 -0.582182 -0.065198 -0.126869 -0.204353 -0.066557 -0.213223 -0.559334 -0.605637 -0.031491 0.013054 -0.331044 -0.208654 -0.108963 -0.447371 -0.198771 -0.163995 0.033222 0.309495 -0.530205 -0.507373 0.267164 0.199962 -0.025663 0.130662 -0.113369 0.080526 -0.165348 -0.055009 -0.488097 -0.427278 -0.387329 -0.375393 0.249342 0.371196 -0.216601 -0.187498 -0.230971 -0.132822 0.179991 0.012248 0.650349 0.575933 0.387503 0.540477 0.142724 0.215869 -0.094054 -0.181770 0.286319 0.104964 -0.054055 0.082572 0.109133 0.258980 0.151913 0.217403 0.077339 0.261626 0.106038 -0.176375 -0.198088 -0.222199 0.282864 0.270201 0.260568 0.297685
-0.280662 -0.499772 0.722518 0.184782 0.603900 0.560887 1.000000 0.491457 0.626133 0.496356 0.245895 -0.026009 0.637131 0.210595 0.362429 0.157838 -0.569290 -0.408854 -0.397361 -0.126019 0.186901 -0.254280 0.233532 0.537652 0.273251 -0.144261 0.516168 -0.241236 -0.152009 -0.077399 0.187649 0.004233 -0.582417 -0.343207 -0.167849 -0.035543 0.160859 0.147139 0.084470 0.078517 -0.098523 0.113683 -0.136959 -0.159272 0.299887 0.310337 -0.354207 0.058044 -0.083928 0.428186 -0.379325 0.271370 -0.332350 -0.163759 0.056656 -0.132308 -0.644309 -0.686493 -0.148377 -0.145692 -0.337858 -0.328232 -0.088347 -0.621074 -0.001189 -0.160267 -0.005228 0.292811 -0.516990 -0.505980 0.601124 0.317664 0.105323 0.241961 -0.091105 0.073444 -0.075634 0.124157 -0.581589 -0.431617 -0.612394 -0.537482 -0.032541 0.087030 -0.360800 -0.008488 -0.179586 -0.082059 0.153884 0.290666 0.363400 0.508197 0.507753 0.453151 0.156150 0.423654 -0.038551 -0.022389 0.186836 0.172688 0.162972 0.192066 0.032990 -0.099134 -0.192882 -0.122350 -0.156490 -0.083854 0.257263 0.105066 -0.231551 0.021512 0.257162 -0.070009 -0.085226 0.078306
-0.537372 -0.028534 0.278988 0.724074 0.174753 0.320819 0.491457 1.000000 0.212398 0.474883 0.111780 0.321390 0.359405 0.543427 0.240058 0.292711 -0.477869 -0.425477 -0.286306 -0.091263 0.121899 -0.216829 -0.159025 0.379202 0.116339 -0.150761 0.239552 -0.169366 -0.083182 -0.062256 0.094407 0.252609 -0.460977 -0.086140 0.162927 0.182770 -0.054946 -0.082921 0.071277 -0.139090 -0.071314 -0.015099 -0.157063 -0.294583 0.147981 0.279513 -0.082583 -0.276276 -0.186739 -0.122167 -0.071831 -0.021181 -0.030518 -0.148308 -0.111509 -0.332109 -0.581421 -0.533493 -0.369631 -0.118953 -0.152214 0.196672 0.195295 -0.239081 0.273152 0.349103 -0.052823 0.167664 -0.513211 -0.355237 0.313146 0.320568 0.012258 0.232884 0.015323 0.224391 -0.011018 0.303751 -0.381297 -0.507339 -0.446552 -0.442309 -0.128896 0.116470 -0.075324 0.070603 -0.156495 -0.083972 0.351427 0.211450 0.356489 0.113071 0.655941 0.141804 -0.084065 0.176418 -0.267311 -0.340487 0.042025 -0.073490 0.506825 -0.002872 0.262128 -0.098418 -0.169862 -0.166890 -0.167914 -0.135430 0.094161 -0.102436 -0.499053 -0.224645 0.198521 -0.101482 -0.072785 -0.091809
-0.237334 -0.482583 0.681806 0.062371 0.733204 0.716183 0.626133 0.212398 1.000000 0.588640 0.210726 -0.114491 0.509262 0.104533 0.606182 0.340068 -0.428125 -0.233425 -0.087303 -0.092292 0.023465 -0.318127 0.593399 0.611559 0.309635 0.007027 0.582361 -0.014337 -0.346977 -0.213537 0.257892 -0.020815 -0.437537 -0.442995 -0.402633 -0.202812 -0.008247 -0.018300 -0.140299 -0.020159 -0.224130 -0.042703 -0.169716 -0.152313 -0.060465 0.025877 -0.421414 0.065637 -0.027664 0.244397 -0.253190 0.048041 -0.259065 -0.007308 -0.016579 -0.023055 -0.524056 -0.580099 0.029960 -0.299866 -0.078620 -0.352305 -0.168926 -0.533187 0.192257 -0.104243 -0.145830 0.166923 -0.455191 -0.425856 0.318752 0.199996 -0.152966 0.127624 -0.048167 0.140178 -0.156009 -0.190197 -0.430141 -0.191718 -0.545811 -0.409645 0.074460 -0.024360 -0.304439 -0.063592 -0.039119 -0.238581 0.252422 0.224726 0.376673 0.452094 0.379418 0.558987 0.232851 0.261686 -0.049148 -0.025642 0.114004 0.163946 -0.011627 0.184381 -0.094693 -0.035682 -0.137094 -0.073780 -0.139256 0.025244 0.325767 -0.058698 -0.195375 0.064397 0.225951 -0.101489 -0.053317 0.168201
-0.268559 -0.146179 0.359247 0.403337 0.499243 0.466748 0.496356 0.474883 0.588640 1.000000 0.406825 0.164813 0.543385 0.380732 0.458887 0.615872 -0.456391 -0.394148 -0.089866 -0.167101 0.121334 -0.135102 0.200917 0.529522 0.262266 -0.113672 0.389440 -0.046385 -0.291842 -0.102777 0.125767 -0.032611 -0.414086 -0.279940 -0.055779 0.023055 -0.470778 -0.392719 -0.260107 -0.252802 -0.331893 -0.416306 0.004691 0.019300 0.035178 0.182356 -0.106541 -0.080837 0.230055 0.084856 0.097684 0.139240 -0.072162 0.074016 -0.228943 0.185873 -0.469318 -0.518543 -0.088670 -0.118188 0.123197 0.177998 -0.073728 -0.284721 0.355370 0.405126 -0.331955 0.062756 -0.518477 -0.365368 0.081610 0.008009 -0.276894 -0.022233 -0.122851 0.086294 -0.158047 -0.205118 -0.431165 -0.313267 -0.477672 -0.394483 -0.253235 -0.067785 -0.152040 0.180226 -0.228574 -0.327868 0.340146 0.517880 0.388824 0.040417 0.444840 0.272736 -0.180229 -0.086189 -0.248700 -0.295677 0.181931 0.128959 0.347394 0.226809 0.082661 -0.129780 -0.201232 -0.200625 -0.167134 -0.105490 0.068309 -0.187087 -0.342857 -0.008730 0.112636 -0.270174 -0.224201 -0.191829
0.127065 0.010553 0.006114 0.092796 0.145083 0.134050 0.245895 0.111780 0.210726 0.406825 1.000000 0.561258 0.671031 0.608841 0.469994 0.593217 -0.129449 -0.006036 0.105990 0.120759 0.113753 -0.177614 -0.022654 0.441275 0.285565 -0.111611 0.072926 -0.086183 0.224703 0.296380 0.129394 0.041494 0.060964 0.103211 -0.037621 0.085963 -0.296160 -0.461265 -0.441246 -0.532391 0.060344 -0.457515 0.143827 0.129064 0.239396 0.084612 0.109764 -0.090055 0.261765 0.191048 0.144954 0.196050 -0.192312 0.074694 -0.014996 0.035197 -0.231678 -0.344834 0.011680 -0.150451 0.253539 0.139641 0.357049 -0.061894 0.244997 0.219006 -0.277891 0.076181 -0.108168 -0.016411 -0.031893 -0.160704 0.102938 -0.137118 -0.143243 0.002082 -0.051005 -0.229565 -0.194028 -0.095433 -0.130609 -0.018688 0.105751 0.100714 0.220217 0.471009 -0.058351 0.090727 0.236324 0.392881 0.069183 -0.142912 0.008065 -0.003415 -0.353909 -0.215713 -0.474302 -0.383406 0.108922 -0.033929 0.032293 0.190083 -0.215060 -0.340710 -0.405665 -0.399716 -0.340397 -0.380310 0.010072 -0.209457 -0.269683 0.263221 0.001491 -0.427879 -0.447646 -0.329234
0.155391 0.388120 -0.157044 0.189845 -0.151311 -0.122609 -0.026009 0.321390 -0.114491 0.164813 0.561258 1.000000 0.354112 0.749894 0.183374 0.497389 0.067691 0.171213 0.089900 0.292514 -0.078374 -0.287252 -0.375860 0.096096 -0.154231 -0.244320 -0.207923 -0.141660 0.456128 0.517124 -0.090830 -0.036994 0.236002 0.337313 0.131866 0.148140 -0.137027 -0.300994 -0.358445 -0.420457 0.083475 -0.353872 0.242503 0.082165 0.191328 0.058559 0.339415 -0.250815 0.170620 -0.123882 0.244048 -0.032252 0.053940 0.152597 0.089994 -0.060205 -0.144166 -0.157241 -0.123133 -0.126661 0.229449 0.304199 0.579462 0.194915 0.152801 0.323891 -0.061848 0.024769 0.001954 0.039458 -0.169160 -0.135690 0.265027 -0.064379 -0.130393 -0.031700 -0.108413 -0.064824 0.095124 0.096305 0.106715 0.282191 -0.055950 0.156163 0.205264 0.385106 -0.112686 0.000059 0.215356 0.209513 -0.066418 -0.370990 -0.042305 -0.268905 -0.284426 -0.144321 -0.456278 -0.361069 0.025974 -0.131295 0.168532 0.015677 -0.074259 -0.342478 -0.419283 -0.397999 -0.337031 -0.370976 -0.013978 -0.162806 -0.428705 0.085863 0.046761 -0.406401 -0.439330 -0.373980
-0.069590 -0.326879 0.409733 0.054715 0.401064 0.484401 0.637131 0.359405 0.509262 0.543385 0.671031 0.354112 1.000000 0.553021 0.478662 0.460526 -0.405335 -0.240196 -0.236144 -0.099181 0.022971 -0.418500 -0.008032 0.495326 0.249711 -0.371523 0.377629 -0.280145 -0.069134 0.236878 -0.039211 -0.184676 -0.256368 -0.132804 -0.167271 -0.161655 -0.123518 -0.216206 -0.157318 -0.345028 0.085242 -0.155013 -0.032766 -0.003678 0.362893 0.074186 -0.075316 -0.047442 0.224088 0.227119 -0.203367 0.245087 -0.251832 0.030349 -0.027703 0.016435 -0.479321 -0.601343 -0.065021 -0.183409 0.142338 -0.003325 0.330369 -0.290310 0.045041 -0.034745 -0.121681 0.138724 -0.288048 -0.147550 0.221663 -0.089001 0.132638 0.164354 -0.118980 0.050684 -0.110231 -0.236076 -0.430765 -0.270262 -0.422388 -0.312897 0.015177 0.151072 -0.032858 0.371676 -0.227820 -0.085171 0.263301 0.405726 0.328363 0.175156 0.275356 0.264830 -0.157661 -0.002837 -0.358648 -0.349080 0.322368 0.121243 0.067978 0.248959 -0.012287 -0.113290 -0.225885 -0.188379 -0.235941 -0.153581 0.074519 -0.279302 -0.334858 0.237513 0.159199 -0.233586 -0.188637 -0.070863
-0.165734 0.176024 -0.173349 0.317323 -0.119119 0.258079 0.210595 0.543427 0.104533 0.380732 0.608841 0.749894 0.553021 1.000000 0.377365 0.641272 -0.212433 -0.066166 -0.216538 0.069004 0.008551 -0.177659 -0.366483 0.258471 -0.009097 -0.362720 -0.061490 -0.238469 0.377142 0.460851 -0.172056 0.014741 -0.008864 0.107577 0.086027 0.094591 -0.149890 -0.367000 -0.204692 -0.395653 0.197323 -0.196793 -0.169957 -0.228132 0.213254 -0.024924 0.092928 -0.446612 0.032426 -0.181507 -0.087655 -0.122939 -0.046113 -0.103172 -0.047808 -0.295398 -0.368223 -0.416604 -0.192747 -0.071093 0.101518 0.374870 0.609082 0.080847 0.127002 0.304485 -0.126471 0.015024 -0.253910 -0.142490 0.032206 -0.085935 0.212484 -0.048129 -0.110183 -0.069425 -0.120904 -0.050232 -0.209305 -0.222234 -0.049181 0.006336 0.177505 0.461139 0.361648 0.408362 -0.078772 0.079994 0.394654 0.213690 0.309962 -0.030758 0.340164 0.096327 -0.344387 -0.165686 -0.563866 -0.513307 0.267791 -0.024453 0.362423 0.213498 0.180522 -0.100149 -0.221004 -0.183807 -0.205574 -0.186082 -0.149232 -0.293280 -0.588814 -0.088226 0.145476 -0.097698 -0.210123 -0.231200
-0.251283 -0.331244 0.233064 0.346009 0.337782 0.321787 0.362429 0.240058 0.606182 0.458887 0.469994 0.183374 0.478662 0.377365 1.000000 0.695459 -0.233979 -0.047972 0.247724 0.210241 0.138210 -0.370668 0.432844 0.778249 0.519479 0.078801 0.348669 0.027951 -0.007997 0.025042 0.456263 0.148506 -0.142335 -0.158500 -0.262072 -0.089291 -0.063220 -0.360911 -0.275393 -0.412590 0.141365 -0.152021 -0.193299 -0.220964 -0.132511 -0.028006 -0.434829 -0.198065 -0.079601 0.226109 0.030343 0.169530 -0.323502 0.016932 -0.035340 -0.116048 -0.374554 -0.476975 -0.076400 -0.311390 0.140852 -0.136813 0.195990 -0.305413 0.547144 0.180163 -0.256657 0.094281 -0.212153 -0.069375 0.363945 0.087956 0.106641 0.229694 0.191341 0.147777 0.155057 -0.110057 -0.412232 -0.041165 -0.377460 -0.335974 0.234242 0.000656 0.128586 0.388731 0.288161 -0.024068 0.644894 0.453385 0.124616 0.128551 0.364816 0.259956 -0.126611 -0.074061 -0.447355 -0.338887 -0.028798 -0.043354 0.266593 0.140338 -0.098762 -0.367175 -0.443111 -0.413521 -0.408140 -0.411488 0.125373 -0.127840 -0.545496 0.007678 -0.038944 -0.402427 -0.376586 -0.240007
-0.033478 -0.065845 -0.027032 0.491238 0.222498 0.239131 0.157838 0.292711 0.340068 0.615872 0.593217 0.497389 0.460526 0.641272 0.695459 1.000000 -0.261601 -0.152353 0.110094 0.150078 0.217121 -0.125513 0.096006 0.601077 0.305700 0.093175 0.175804 0.107365 0.111551 0.226585 0.283914 0.258367 -0.099839 -0.046324 0.019818 0.185494 -0.268385 -0.456841 -0.351249 -0.421269 0.057950 -0.314319 -0.012624 -0.083610 -0.143153 -0.042187 -0.177826 -0.249812 0.112729 -0.065571 0.189536 -0.012666 -0.227729 0.020291 -0.195497 0.006238 -0.390391 -0.527868 -0.152172 -0.272810 0.187037 0.156735 0.307367 -0.179913 0.478594 0.474933 -0.339528 0.025450 -0.347132 -0.181643 0.091557 0.036367 0.008282 0.015111 0.004046 0.115417 0.101295 -0.097958 -0.355260 -0.107403 -0.250250 -0.151365 -0.038708 0.166242 0.131333 0.437811 0.054663 -0.202489 0.488628 0.401059 0.194957 -0.029650 0.390535 0.149912 -0.250037 -0.188547 -0.459326 -0.366851 0.001489 0.051038 0.339811 0.143530 -0.085083 -0.342089 -0.419964 -0.399665 -0.380808 -0.389918 -0.018843 -0.159450 -0.493645 -0.089401 0.062917 -0.396425 -0.433473 -0.400707
0.558852 0.429939 -0.462415 -0.267639 -0.392591 -0.527508 -0.569290 -0.477869 -0.428125 -0.456391 -0.129449 0.067691 -0.405335 -0.212433 -0.233979 -0.261601 1.000000 0.806335 0.409618 0.206788 -0.346899 -0.151414 -0.176085 -0.331887 -0.156673 -0.055817 -0.544338 -0.076823 0.494450 0.247238 -0.077994 -0.220236 0.655716 0.556201 -0.145246 -0.176074 -0.020048 -0.256803 -0.318496 -0.300267 0.152987 -0.182249 0.272554 0.391466 -0.063568 -0.194258 0.426231 0.089157 -0.056092 -0.090904 0.224826 -0.028607 0.303430 0.348971 0.122435 -0.048892 0.807281 0.754543 0.137286 0.089219 0.497297 0.079385 0.186600 0.662029 -0.181706 -0.218203 0.075291 -0.368206 0.707195 0.715305 -0.454334 -0.484901 0.263171 -0.180409 0.169029 -0.264789 0.004402 -0.396991 0.871001 0.777210 0.848798 0.769282 0.127663 -0.226923 0.277040 0.212308 0.210140 0.377569 -0.184852 0.001251 -0.579820 -0.629408 -0.638894 -0.645005 -0.138756 -0.193000 -0.052725 0.080303 -0.162068 -0.313402 -0.198286 -0.379834 -0.268536 -0.207700 -0.103531 -0.142330 -0.003489 -0.092874 -0.011921 -0.101033 0.012915 0.162718 -0.603852 -0.164635 -0.196092 -0.065552
0.517724 0.357641 -0.313106 -0.349829 -0.319209 -0.364105 -0.408854 -0.425477 -0.233425 -0.394148 -0.006036 0.171213 -0.240196 -0.066166 -0.047972 -0.152353 0.806335 1.000000 0.410267 0.356106 -0.370606 -0.243042 -0.019749 -0.258336 -0.158082 -0.122458 -0.381709 0.002612 0.535449 0.325483 -0.065517 -0.271503 0.537491 0.413207 -0.289413 -0.290241 0.057159 -0.189559 -0.318665 -0.277954 0.158881 -0.225700 0.297156 0.327065 -0.069686 -0.377513 0.414114 -0.045287 -0.052364 -0.111388 0.266889 -0.014421 0.252400 0.395152 0.207967 -0.006424 0.601451 0.579756 0.038632 -0.122360 0.415361 -0.066470 0.320252 0.529260 -0.107065 -0.261006 -0.076370 -0.488196 0.552163 0.530525 -0.197062 -0.302407 0.301953 -0.019053 0.201166 -0.111215 0.002144 -0.292382 0.683632 0.796151 0.655341 0.775038 0.194016 -0.144738 0.273230 0.179239 0.342103 0.356982 -0.109079 -0.001029 -0.557070 -0.517675 -0.530954 -0.441712 -0.006358 -0.077629 -0.027653 0.108592 -0.102053 -0.218033 -0.103605 -0.240607 -0.295125 -0.235026 -0.219778 -0.213254 -0.157137 -0.173040 0.072341 -0.056690 -0.064645 0.233376 -0.479837 -0.225592 -0.209527 -0.028101
0.306194 0.430951 -0.105196 0.107501 -0.071170 -0.402893 -0.397361 -0.286306 -0.087303 -0.089866 0.105990 0.089900 -0.236144 -0.216538 0.247724 0.110094 0.409618 0.410267 1.000000 0.611837 -0.044054 0.022986 0.284598 0.064020 0.161938 0.267982 -0.114673 0.303623 -0.000984 -0.098296 0.183825 -0.117450 0.449910 0.441493 0.112942 -0.032766 -0.213591 -0.339244 -0.300915 -0.361633 -0.143083 -0.407794 0.292015 0.234190 -0.342477 -0.095844 -0.015609 -0.040390 0.034804 -0.014189 0.580751 0.151370 -0.039573 0.196639 0.006596 0.153591 0.477662 0.460932 0.140936 -0.122840 0.512124 0.108315 0.140618 0.445817 0.456871 0.298680 -0.127746 -0.045061 0.520891 0.499258 -0.210466 -0.136002 -0.112640 0.016454 0.215028 0.030997 0.288090 -0.156150 0.250368 0.394961 0.172038 0.214757 0.174366 -0.381729 0.188828 0.322374 0.335030 0.107967 0.260331 0.358414 -0.483899 -0.550683 -0.319121 -0.402338 -0.199818 -0.426850 -0.122129 0.066202 -0.448125 -0.375879 0.018139 -0.318497 -0.365288 -0.500019 -0.453558 -0.559740 -0.346532 -0.515703 -0.102624 0.126128 0.020662 0.027895 -0.273728 -0.579275 -0.541704 -0.538727
0.280668 0.373584 -0.000346 0.019438 0.070892 -0.252329 -0.126019 -0.091263 -0.092292 -0.167101 0.120759 0.292514 -0.099181 0.069004 0.210241 0.150078 0.206788 0.356106 0.611837 1.000000 0.213042 0.022872 0.025736 0.053333 -0.009209 0.098223 0.059356 0.201739 0.329190 0.175530 0.135754 -0.070926 0.374383 0.490018 0.017584 -0.027258 0.161737 -0.032540 -0.148963 -0.168524 0.116979 -0.103409 0.358216 0.120098 -0.073317 -0.005096 0.015932 0.014202 0.021044 0.213889 0.475942 0.197130 -0.138381 0.106723 -0.125846 -0.159824 0.215185 0.202727 0.127796 -0.016264 0.204611 0.053011 0.414184 0.305928 0.167973 0.139806 -0.066261 0.154274 0.417127 0.133827 0.223610 0.209117 0.265863 0.159794 0.190751 0.150427 0.308131 0.207596 0.022736 0.225207 0.057872 0.216234 0.196047 -0.122034 0.001796 0.230565 0.182384 0.022110 0.202421 0.254264 -0.317451 -0.382776 -0.118361 -0.331022 -0.102126 -0.116152 -0.082767 0.157874 -0.408079 -0.338399 -0.030051 -0.414870 -0.490855 -0.684250 -0.707910 -0.722397 -0.673887 -0.710884 -0.073974 0.332987 0.039976 0.024358 -0.036199 -0.586985 -0.675655 -0.647084
-0.013655 -0.189816 0.094412 0.225147 0.202184 -0.016426 0.186901 0.121899 0.023465 0.121334 0.113753 -0.078374 0.022971 0.008551 0.138210 0.217121 -0.346899 -0.370606 -0.044054 0.213042 1.000000 0.354461 0.098346 0.272209 0.175223 0.394451 0.225861 0.341398 -0.019255 -0.032156 0.373197 0.495493 -0.225273 -0.056800 0.123990 0.186371 0.149581 0.103872 0.150789 0.178016 0.031737 0.128020 0.031778 -0.055064 -0.048849 0.092859 -0.299458 0.137066 0.070417 0.202966 0.199897 0.120822 -0.327565 -0.161950 -0.312908 -0.080368 -0.272425 -0.315119 0.069579 -0.060849 -0.163241 -0.181479 -0.157351 -0.419834 0.223206 0.161588 -0.183233 0.195396 -0.230331 -0.360418 0.346940 0.446070 0.049839 0.074194 0.034143 0.309515 0.190446 0.388715 -0.315488 -0.324941 -0.352257 -0.290170 -0.066323 0.029625 -0.145051 -0.064092 -0.041705 -0.250472 0.061654 -0.009853 0.059969 0.159286 0.333110 0.110945 0.146708 0.244162 0.154423 0.204076 -0.185327 0.176938 0.064147 -0.093664 -0.215379 -0.316143 -0.328248 -0.281644 -0.365402 -0.320460 0.130411 0.454282 0.226249 0.006129 0.212001 -0.186427 -0.246534 -0.256810
0.062340 0.169726 -0.236526 -0.000082 -0.205710 -0.087129 -0.254280 -0.216829 -0.318127 -0.135102 -0.177614 -0.287252 -0.418500 -0.177659 -0.370668 -0.125513 -0.151414 -0.243042 0.022986 0.022872 0.354461 1.000000 0.015400 -0.225432 -0.187360 0.383986 -0.041082 0.427336 -0.163248 -0.078890 -0.166867 0.189591 0.090352 0.002613 0.332616 0.221423 0.098525 0.248075 0.283051 0.433750 -0.156384 0.153069 -0.035306 -0.054102 -0.296052 -0.108410 -0.106111 0.064261 -0.132072 -0.184170 0.029878 -0.177619 -0.042946 -0.278954 -0.023208 0.086232 0.104460 0.151225 -0.034136 0.087070 -0.312061 -0.019809 -0.353024 0.026513 -0.095676 0.140102 -0.045978 -0.000487 -0.083335 -0.105855 0.009133 0.287597 -0.180914 -0.005242 0.120554 0.097533 0.171245 0.324932 -0.079467 -0.204641 -0.003139 0.022666 0.011663 0.112456 0.006338 -0.124958 -0.137698 0.047720 -0.314110 -0.206532 0.097516 0.113283 -0.027322 0.022262 0.027025 -0.186932 0.292014 0.246462 0.076274 0.105119 0.017796 -0.044425 0.112059 0.171313 0.216293 0.143687 0.222892 0.134686 -0.249045 0.313304 0.379861 -0.310584 0.257839 0.199393 0.141877 -0.079647
-0.071100 -0.446098 0.528567 0.039647 0.586547 0.104175 0.233532 -0.159025 0.593399 0.200917 -0.022654 -0.375860 -0.008032 -0.366483 0.432844 0.096006 -0.176085 -0.019749 0.284598 0.025736 0.098346 0.015400 1.000000 0.482718 0.494695 0.507356 0.415986 0.426529 -0.368092 -0.500862 0.448786 0.145881 -0.203840 -0.460294 -0.222657 -0.201377 -0.013951 0.015409 -0.064915 0.090794 -0.338093 -0.110138 0.076759 0.069437 -0.514916 -0.070995 -0.442085 0.203763 -0.064665 0.179626 0.136578 0.075694 -0.235605 0.040660 0.147073 0.210537 -0.137113 -0.154052 -0.056987 -0.442002 -0.051146 -0.472175 -0.436230 -0.435528 0.358977 -0.031443 -0.219593 -0.050597 -0.186205 -0.154625 0.314796 0.280032 -0.364600 0.144707 0.146510 0.191997 0.054448 -0.066052 -0.201545 0.118433 -0.420247 -0.296733 -0.016428 -0.357842 -0.156148 -0.016977 0.293890 -0.085537 0.091326 0.127251 -0.136745 0.251223 0.130908 0.342472 0.197913 0.066221 0.171452 0.195058 -0.255361 0.051212 0.035938 0.104137 -0.243225 -0.173201 -0.168372 -0.172044 -0.076245 -0.113608 0.183748 0.204015 0.062140 0.021391 -0.037237 -0.211870 -0.137010 0.006074
-0.247921 -0.473769 0.471598 0.521047 0.527749 0.372871 0.537652 0.379202 0.611559 0.529522 0.441275 0.096096 0.495326 0.258471 0.778249 0.601077 -0.331887 -0.258336 0.064020 0.053333 0.272209 -0.225432 0.482718 1.000000 0.563567 0.337779 0.429079 0.053674 -0.148979 -0.114721 0.578041 0.387917 -0.335357 -0.221676 -0.144814 0.117599 -0.017931 -0.220917 -0.316329 -0.313294 -0.013452 -0.147256 -0.044481 -0.066583 -0.150661 0.215451 -0.446438 0.049658 -0.226114 0.328039 -0.030251 0.225650 -0.369096 -0.062246 -0.078195 -0.217189 -0.485867 -0.639165 -0.219460 -0.394999 -0.002215 -0.280875 -0.056022 -0.501362 0.454194 0.182216 -0.315610 0.217287 -0.391282 -0.166699 0.491273 0.335891 0.005665 0.341485 0.221363 0.279020 0.188514 0.018038 -0.408276 -0.131981 -0.511066 -0.438828 -0.019534 -0.145920 -0.228304 0.353328 0.054274 -0.017693 0.275504 0.435582 0.187920 0.239841 0.481459 0.293836 0.005621 0.158157 -0.364635 -0.267260 -0.112898 -0.040042 0.269955 0.016337 -0.138890 -0.430635 -0.479755 -0.468135 -0.385157 -0.393584 0.349359 -0.052804 -0.369145 -0.066260 0.051078 -0.496011 -0.359256 -0.132025
-0.096533 -0.483780 0.300964 0.352541 0.395115 0.097470 0.273251 0.116339 0.309635 0.262266 0.285565 -0.154231 0.249711 -0.009097 0.519479 0.305700 -0.156673 -0.158082 0.161938 -0.009209 0.175223 -0.187360 0.494695 0.563567 1.000000 0.365275 0.379806 0.130402 -0.103476 -0.319581 0.514921 0.322247 -0.105945 -0.136098 -0.059734 -0.226122 -0.158988 -0.258999 -0.046730 -0.256031 0.034474 -0.103196 -0.040807 0.014382 -0.101904 0.189844 -0.368109 0.174898 -0.071042 0.241906 0.042836 0.238426 -0.223764 0.004991 0.053276 0.123162 -0.114791 -0.213191 -0.186472 -0.165899 0.083650 -0.078833 -0.013237 -0.195369 0.321425 0.041691 -0.131606 0.083831 -0.062191 0.097988 0.167950 -0.107543 -0.104839 -0.034173 -0.096188 0.018410 0.045626 -0.183486 -0.273002 -0.061512 -0.271744 -0.333763 0.148596 -0.065125 0.111987 0.336484 0.464712 0.296277 0.390742 0.368407 -0.204094 0.073804 0.170120 0.053172 -0.236847 -0.148207 -0.226175 -0.186440 -0.381597 -0.203587 0.127542 0.179555 -0.241102 -0.277125 -0.260548 -0.266081 -0.131216 -0.264365 -0.111022 -0.203381 -0.173692 -0.036013 -0.301925 -0.246978 -0.291246 -0.227886
0.106032 -0.246675 0.062534 0.274267 0.164025 -0.148538 -0.144261 -0.150761 0.007027 -0.113672 -0.111611 -0.244320 -0.371523 -0.362720 0.078801 0.093175 -0.055817 -0.122458 0.267982 0.098223 0.394451 0.383986 0.507356 0.337779 0.365275 1.000000 0.136930 0.711679 -0.233827 -0.439079 0.570440 0.649538 -0.048702 -0.175365 0.061777 0.156359 0.074819 0.027716 -0.121650 0.038110 -0.234214 -0.080864 0.257973 0.179295 -0.534494 0.111729 -0.325630 0.395364 -0.138269 0.105588 0.339368 0.139399 -0.026416 0.011154 0.032076 -0.000862 0.128368 0.005385 -0.024800 -0.211868 -0.038201 -0.291965 -0.428484 -0.233275 0.294388 0.244057 -0.205464 0.038826 -0.037875 -0.078364 0.248885 0.426941 -0.253793 0.153430 0.213140 0.305880 0.254069 0.162657 0.014303 0.065067 -0.190195 -0.160189 -0.150142 -0.371562 -0.186578 0.094621 0.233498 0.085386 -0.148428 0.098210 -0.353252 0.029525 0.040833 -0.058333 0.121196 0.026116 0.095731 0.126058 -0.478451 -0.134029 0.008083 -0.196770 -0.392579 -0.353132 -0.278521 -0.297272 -0.206632 -0.278277 0.141112 0.183688 0.198590 -0.174652 -0.130735 -0.279007 -0.245668 -0.160990
-0.293501 -0.575007 0.551554 0.148328 0.601595 0.562796 0.516168 0.239552 0.582361 0.389440 0.072926 -0.207923 0.377629 -0.061490 0.348669 0.175804 -0.544338 -0.381709 -0.114673 0.059356 0.225861 -0.041082 0.415986 0.429079 0.379806 0.136930 1.000000 0.273871 -0.338022 -0.279354 0.140070 0.120881 -0.393281 -0.347545 -0.290493 -0.183584 0.218240 0.292755 0.271295 0.158444 0.021745 0.238392 0.065139 -0.070834 -0.027811 0.118992 -0.365900 0.238858 -0.029099 0.235396 -0.081281 0.154770 -0.142890 0.022260 0.089909 0.154257 -0.474512 -0.509838 -0.264086 -0.226256 -0.340627 -0.385372 -0.178556 -0.523178 0.057230 -0.105463 -0.113500 0.254447 -0.399737 -0.490176 0.499853 0.421260 0.007658 0.401455 0.167681 0.423634 0.098662 0.145727 -0.505551 -0.344387 -0.590581 -0.467874 -0.051526 0.022348 -0.316567 -0.062223 -0.023733 -0.186513 0.130315 0.196934 0.216890 0.346957 0.224302 0.235432 0.239082 0.171462 0.193213 0.068758 -0.102052 0.011121 -0.143243 -0.088978 -0.227607 -0.086628 -0.113960 -0.086444 -0.175941 -0.059642 0.147164 0.047743 0.033491 -0.015470 0.143157 -0.092516 -0.050307 0.045799
0.213576 -0.091258 -0.110518 0.056871 0.057899 -0.047864 -0.241236 -0.169366 -0.014337 -0.046385 -0.086183 -0.141660 -0.280145 -0.238469 0.027951 0.107365 -0.076823 0.002612 0.303623 0.201739 0.341398 0.427336 0.426529 0.053674 0.130402 0.711679 0.273871 1.000000 -0.234017 -0.425475 0.158507 0.296360 0.010744 -0.264198 -0.101299 -0.110782 -0.024709 0.020402 0.093694 0.088329 -0.255236 -0.074262 0.284699 0.138977 -0.553108 -0.173238 -0.204028 0.213863 0.126679 -0.060869 0.484734 0.129459 0.201929 0.198611 -0.004050 0.239028 0.160679 0.074701 -0.057210 -0.213439 -0.003359 -0.249865 -0.264929 -0.131912 0.127357 0.188888 -0.277157 -0.183996 -0.060646 -0.176071 0.149193 0.361615 -0.253999 0.207734 0.259240 0.379594 0.141230 0.079288 0.053435 -0.002448 -0.114260 -0.046622 -0.019446 -0.192097 0.078440 0.075498 0.227428 -0.051486 -0.065276 0.063835 -0.280019 -0.104738 -0.087806 -0.122028 0.141383 -0.111760 0.252025 0.180161 -0.313076 -0.022015 -0.086071 -0.254475 -0.335436 -0.187543 -0.140913 -0.175406 -0.175847 -0.163796 0.010840 0.191417 0.146378 -0.061816 -0.071334 -0.150174 -0.146288 -0.160102
0.264432 0.248880 -0.392240 -0.104307 -0.257038 -0.304610 -0.152009 -0.083182 -0.346977 -0.291842 0.224703 0.456128 -0.069134 0.377142 -0.007997 0.111551 0.494450 0.535449 -0.000984 0.329190 -0.019255 -0.163248 -0.368092 -0.148979 -0.103476 -0.233827 -0.338022 -0.234017 1.000000 0.599142 0.050963 0.029095 0.348604 0.445773 -0.160312 -0.055746 0.265816 -0.054695 -0.140662 -0.126303 0.520978 0.044280 0.110508 0.037810 0.132853 -0.201530 0.311728 -0.111914 -0.150897 0.018712 0.011774 -0.125491 0.052759 0.084738 0.032967 -0.267301 0.212013 0.200929 -0.110861 0.054957 0.040769 0.056494 0.517146 0.287738 -0.175632 -0.223818 -0.009287 -0.211353 0.314583 0.217164 -0.010726 -0.170228 0.574064 -0.174484 -0.044009 -0.287338 0.005126 0.013535 0.410713 0.371495 0.590228 0.591415 0.234244 0.313863 0.353795 0.179178 0.224832 0.370186 -0.021957 -0.074204 -0.237297 -0.275469 -0.187597 -0.309152 -0.122644 0.098330 -0.200991 0.016040 -0.010681 -0.194828 0.036288 -0.073807 -0.146581 -0.261327 -0.277650 -0.222195 -0.215189 -0.257893 -0.038080 0.053866 -0.197057 0.005218 -0.239231 -0.105061 -0.269642 -0.154957
0.218610 0.286047 -0.230447 -0.125485 -0.309983 -0.054231 -0.077399 -0.062256 -0.213537 -0.102777 0.296380 0.517124 0.236878 0.460851 0.025042 0.226585 0.247238 0.325483 -0.098296 0.175530 -0.032156 -0.078890 -0.500862 -0.114721 -0.319581 -0.439079 -0.279354 -0.425475 0.599142 1.000000 -0.175751 -0.128821 0.371747 0.534072 0.076648 0.098656 0.181357 0.017180 -0.119687 -0.098829 0.471855 0.083489 -0.007140 0.028288 0.347632 -0.180719 0.294515 -0.190590 -0.015874 -0.122688 -0.169039 -0.184078 -0.107142 -0.036450 -0.006437 -0.082623 0.015527 0.013961 0.009468 0.077945 0.114964 0.190530 0.452659 0.222356 -0.144291 -0.130453 0.137599 0.016039 0.163053 0.226703 -0.096832 -0.232028 0.583289 -0.057900 -0.023659 -0.066519 0.057545 -0.004476 0.163900 0.190093 0.302715 0.422851 0.050730 0.343574 0.118528 0.094305 -0.172393 0.036968 0.040310 -0.096011 0.043646 -0.146879 -0.139233 -0.135020 -0.205516 -0.057658 -0.237728 -0.142222 0.210128 -0.056732 -0.032959 -0.027576 -0.056739 -0.093402 -0.158696 -0.095878 -0.198171 -0.121614 -0.149615 -0.085773 -0.140842 -0.017961 -0.034430 -0.077677 -0.154645 -0.140983
-0.099629 -0.351821 0.265694 0.377967 0.445936 -0.072498 0.187649 0.094407 0.257892 0.125767 0.129394 -0.090830 -0.039211 -0.172056 0.456263 0.283914 -0.077994 -0.065517 0.183825 0.135754 0.373197 -0.166867 0.448786 0.578041 0.514921 0.570440 0.140070 0.158507 0.050963 -0.175751 1.000000 0.699650 -0.222292 -0.042259 -0.143594 0.181081 0.090038 -0.139848 -0.308594 -0.170597 -0.002933 -0.147845 0.144027 0.080845 -0.188958 0.155850 -0.346276 0.385742 -0.251388 0.233109 0.192180 0.054769 -0.304556 0.007600 -0.226971 -0.170062 -0.198861 -0.262802 -0.029861 -0.247765 0.037360 -0.247067 -0.135104 -0.403153 0.539112 0.188835 -0.324470 0.075237 -0.104605 -0.108583 0.351346 0.306977 0.089236 0.061273 0.099304 0.196089 0.337469 0.227304 -0.152251 0.077124 -0.283711 -0.276294 -0.157220 -0.290516 -0.203177 0.017021 0.256427 -0.026509 0.181162 0.178227 -0.219148 0.092610 0.294714 0.102816 0.036099 0.224310 -0.150393 -0.053064 -0.421303 -0.144672 0.194736 0.015449 -0.307964 -0.470257 -0.470792 -0.437131 -0.397517 -0.455163 0.280742 0.099165 -0.032376 -0.023617 -0.141066 -0.421429 -0.352756 -0.196641
-0.157172 -0.282076 -0.046108 0.489185 0.115675 -0.017938 0.004233 0.252609 -0.020815 -0.032611 0.041494 -0.036994 -0.184676 0.014741 0.148506 0.258367 -0.220236 -0.271503 -0.117450 -0.070926 0.495493 0.189591 0.145881 0.387917 0.322247 0.649538 0.120881 0.296360 0.029095 -0.128821 0.699650 1.000000 -0.232071 -0.053145 0.077400 0.390487 0.150387 0.024027 -0.047237 -0.010674 0.037072 0.033354 -0.010781 -0.091861 -0.244200 0.105006 -0.244378 0.250126 -0.321845 -0.114756 0.068772 -0.201251 -0.152328 -0.112150 -0.179898 -0.273073 -0.266989 -0.312597 -0.155285 -0.202418 -0.191130 -0.170667 -0.177678 -0.384935 0.381484 0.268553 -0.185506 0.078894 -0.245158 -0.257555 0.264358 0.430573 0.039754 0.013077 0.050844 0.362399 0.260091 0.397463 -0.113330 -0.155731 -0.216295 -0.246568 -0.131427 0.058785 -0.108781 -0.099305 0.229568 0.011039 0.012564 -0.161149 -0.074159 0.165381 0.302998 0.079056 0.049171 0.215173 -0.055420 -0.095663 -0.348779 0.006180 0.186177 0.034505 -0.113336 -0.185423 -0.169413 -0.137007 -0.116492 -0.174597 0.186250 0.076898 0.019726 -0.098414 0.035311 -0.108959 -0.115189 -0.042961
0.441644 0.477447 -0.436370 -0.216599 -0.356485 -0.441594 -0.582417 -0.460977 -0.437537 -0.414086 0.060964 0.236002 -0.256368 -0.008864 -0.142335 -0.099839 0.655716 0.537491 0.449910 0.374383 -0.225273 0.090352 -0.203840 -0.335357 -0.105945 -0.048702 -0.393281 0.010744 0.348604 0.371747 -0.222292 -0.232071 1.000000 0.690862 0.199034 -0.082992 -0.006522 -0.181408 -0.256838 -0.280427 0.166425 -0.136328 0.084038 0.191371 0.112820 -0.086784 0.298378 -0.038382 0.207941 -0.093469 0.226140 -0.082336 0.142461 0.061052 0.026135 0.133588 0.651503 0.654811 0.238148 0.259280 0.433472 0.316732 0.198989 0.692838 -0.092679 0.053665 0.182551 -0.055329 0.660442 0.699827 -0.483301 -0.519853 0.266941 -0.178335 0.124044 -0.145510 0.073634 -0.312845 0.610278 0.568162 0.561879 0.605458 0.096584 -0.145494 0.256237 0.228624 0.094947 0.227997 -0.050119 0.038739 -0.579347 -0.615122 -0.623523 -0.553587 -0.350224 -0.508203 -0.195348 -0.111335 -0.263156 -0.348844 -0.160701 -0.233846 -0.275392 -0.194539 -0.138242 -0.154914 -0.109493 -0.164905 -0.333548 -0.242113 -0.002583 0.070027 -0.506114 -0.153403 -0.305732 -0.320260
0.351212 0.604271 -0.289540 0.080385 -0.333718 -0.392128 -0.343207 -0.086140 -0.442995 -0.279940 0.103211 0.337313 -0.132804 0.107577 -0.158500 -0.046324 0.556201 0.413207 0.441493 0.490018 -0.056800 0.002613 -0.460294 -0.221676 -0.136098 -0.175365 -0.347545 -0.264198 0.445773 0.534072 -0.042259 -0.053145 0.690862 1.000000 0.304232 0.160556 0.020696 -0.161520 -0.235544 -0.268994 0.190927 -0.145010 0.171271 0.195725 0.198956 -0.016697 0.341280 -0.041741 -0.088404 -0.166830 0.193252 -0.096016 -0.079901 0.052195 -0.175286 -0.109975 0.443192 0.471041 0.049041 0.168419 0.412033 0.379361 0.443314 0.639618 0.077784 0.110924 0.128779 0.051214 0.575166 0.576333 -0.360327 -0.331229 0.435259 -0.109822 0.142673 -0.064776 0.249505 -0.061004 0.431069 0.324260 0.406258 0.435434 0.043568 -0.015876 0.105946 0.159699 0.010523 0.218298 0.030938 0.088120 -0.407447 -0.570872 -0.322039 -0.540015 -0.269591 -0.291680 -0.158497 -0.033122 -0.285975 -0.324756 0.039574 -0.328357 -0.236985 -0.348368 -0.327357 -0.352432 -0.278605 -0.343512 -0.215652 -0.083065 0.077958 0.027012 -0.270565 -0.328077 -0.396872 -0.429653
-0.036471 0.427290 -0.096929 0.358320 -0.185658 -0.277971 -0.167849 0.162927 -0.402633 -0.055779 -0.037621 0.131866 -0.167271 0.086027 -0.262072 0.019818 -0.145246 -0.289413 0.112942 0.017584 0.123990 0.332616 -0.222657 -0.144814 -0.059734 0.061777 -0.290493 -0.101299 -0.160312 0.076648 -0.143594 0.077400 0.199034 0.304232 1.000000 0.615999 -0.185474 -0.052978 0.076471 0.063140 -0.149539 -0.037609 -0.123457 -0.069512 0.097358 0.258994 -0.018319 -0.247533 0.023169 -0.259682 0.041657 -0.131248 -0.244752 -0.432957 -0.123174 0.074798 -0.001849 0.097344 0.048498 0.233472 0.018455 0.485527 0.010145 0.191303 0.226640 0.489060 0.324323 0.326980 0.021094 0.133677 -0.195071 -0.050483 -0.221389 -0.112358 -0.061911 -0.168342 0.183620 0.240758 -0.139895 -0.153638 -0.133790 -0.123236 -0.201871 -0.077621 -0.052066 -0.022605 -0.188278 -0.154038 0.059236 0.005886 -0.020842 -0.106793 0.119555 -0.039493 -0.286903 -0.299777 -0.050685 -0.100623 -0.231667 -0.038784 0.286180 -0.043125 0.147032 -0.040888 -0.008275 -0.051672 -0.009155 -0.136086 -0.353777 0.096265 0.085975 -0.272178 0.089569 -0.031528 -0.085672 -0.374599
-0.106033 0.252746 -0.099454 0.347289 -0.062635 -0.081802 -0.035543 0.182770 -0.202812 0.023055 0.085963 0.148140 -0.161655 0.094591 -0.089291 0.185494 -0.176074 -0.290241 -0.032766 -0.027258 0.186371 0.221423 -0.201377 0.117599 -0.226122 0.156359 -0.183584 -0.110782 -0.055746 0.098656 0.181081 0.390487 -0.082992 0.160556 0.615999 1.000000 -0.068786 -0.065223 -0.149756 0.030495 -0.013806 -0.057893 -0.040077 0.003160 0.131876 0.421222 -0.087871 -0.057915 -0.178807 -0.086276 -0.060302 -0.233663 -0.394058 -0.451169 -0.269612 -0.231959 -0.261544 -0.202919 0.094405 0.164276 -0.130191 0.211028 -0.069215 -0.168891 0.284713 0.424334 0.108754 0.409356 -0.201130 -0.190854 -0.049957 0.248352 -0.082316 -0.047197 0.010659 -0.093663 0.220201 0.342062 -0.164781 -0.181784 -0.163529 -0.150143 -0.307921 -0.048768 -0.271354 -0.193997 -0.326100 -0.342639 -0.078083 -0.121481 0.172474 0.095374 0.247606 0.124187 -0.001152 0.094305 -0.134146 -0.083519 -0.254214 0.013850 0.256625 -0.090994 0.145074 -0.103305 -0.088348 -0.101180 -0.105273 -0.186933 0.099790 0.213397 0.112583 -0.214763 0.236220 -0.107850 -0.065149 -0.166443
