1.000000 0.235596 0.151774 0.124798 0.144899 0.144316 0.198020 0.107111 0.115799 -0.158235 0.328357 0.168914 0.454116 0.132867 0.277990 0.189972 0.083356 -0.177871 0.286902 0.161161 0.278386 -0.015594 -0.078904 -0.210941 0.158123 0.083929 0.249993 0.008272 0.051149 -0.154851 -0.016207 -0.202926 0.031112 -0.113136 0.110871 0.054064 -0.111359 -0.241338 -0.223251 -0.332302 -0.105561 0.071644 -0.111468 0.085374 -0.316179 -0.130374 -0.344102 -0.067659 0.257669 -0.347227 0.143910 0.057762 -0.205502 -0.152240 0.114229 -0.219712 0.050153 -0.068168 0.338517 -0.330909 0.428924 0.067291 0.106288 0.058265 0.324708 0.029949 -0.306812 -0.116238 -0.055174 -0.093135 -0.174901 -0.042677 0.067672 0.015446 0.171288 0.034189 0.073808 0.143728 -0.282571 -0.111742 -0.225422 -0.385319 0.083668 -0.312007 0.122531 -0.257279 0.128568 -0.077023 0.417176 0.231911 -0.118126 0.069821 -0.060871 0.197609 -0.266829 -0.186264 -0.060948 0.048334 -0.149572 -0.029731 -0.088784 0.110818 -0.031081 0.063747 0.068280 -0.014672 -0.059631 -0.111871 -0.132990 0.187091 0.252508 0.143259 0.075424 0.058017 -0.062176 -0.287416
0.235596 1.000000 0.083726 0.247556 0.029442 -0.073010 0.109667 0.367830 0.200188 0.052773 -0.136850 0.425810 -0.009228 0.227458 -0.060339 0.346331 -0.288676 0.156369 0.179238 0.426712 0.071349 -0.197953 -0.252738 -0.031124 -0.143150 -0.025463 -0.079276 0.068388 -0.218730 0.158262 -0.010186 -0.015488 -0.055796 -0.195188 0.106115 -0.119190 0.137099 0.124464 -0.210161 -0.076500 -0.061344 0.046503 -0.283093 -0.254795 -0.296327 -0.226390 -0.202566 -0.498431 -0.115611 -0.076257 -0.102596 0.226669 -0.095460 -0.248284 -0.053817 -0.045267 -0.309488 -0.115373 0.061920 -0.223337 -0.141794 0.084628 -0.214263 -0.256075 -0.093722 0.435893 -0.440097 -0.423839 0.040358 -0.458991 0.266271 0.133577 0.076044 0.279125 0.367441 0.247950 0.233597 0.255142 -0.113509 -0.110037 -0.268893 -0.249609 -0.359342 0.114672 -0.340619 0.003685 -0.391979 -0.297826 -0.199078 0.292641 -0.016866 0.098486 0.322404 0.071115 0.048740 -0.077054 -0.039758 -0.058251 0.187198 -0.165174 0.579875 -0.177120 0.359713 0.006515 0.055452 0.015900 0.256511 -0.031966 0.098366 0.051467 -0.003874 0.105513 0.307504 0.268489 0.323205 -0.061173
0.151774 0.083726 1.000000 0.428533 0.299410 0.447138 0.353377 0.435139 0.442732 0.121841 -0.079794 0.034717 -0.054038 -0.055364 0.394641 0.128925 -0.232255 -0.237491 0.459930 0.102164 0.377520 0.129319 0.506815 0.295895 -0.050278 0.034472 0.393131 0.105765 -0.151916 -0.338406 0.379373 0.242850 -0.164421 0.129764 0.120874 0.258826 -0.256593 -0.391164 -0.207317 -0.266414 -0.547873 -0.341504 0.096980 0.125585 -0.187799 -0.037910 -0.202786 -0.078549 0.012934 -0.175346 0.411849 0.082349 0.012157 -0.023451 -0.181068 -0.105589 -0.292328 -0.399154 -0.158828 -0.412192 -0.139402 -0.377283 -0.440016 -0.367708 0.433962 0.374282 -0.089776 0.209898 -0.415570 -0.123916 -0.203693 -0.242732 -0.227434 -0.202520 -0.038482 -0.217958 -0.234552 -0.296168 -0.306583 -0.405758 -0.561209 -0.511002 -0.008820 -0.016890 0.193659 0.062638 0.039704 0.144581 0.300559 -0.151802 0.000376 0.192721 0.098186 0.222869 0.108780 -0.028716 -0.069334 0.060984 -0.091305 -0.158396 -0.052674 0.149323 -0.189784 -0.339708 -0.277203 -0.167504 -0.188934 0.210743 0.063802 -0.030764 0.290811 0.148333 0.175587 -0.131764 -0.116994 -0.027136
0.124798 0.247556 0.428533 1.000000 0.115287 0.220536 0.056828 0.499991 0.173926 0.303110 -0.301221 0.111579 -0.286213 0.207856 0.052907 0.164668 -0.170594 -0.087742 0.463553 0.430522 0.197557 -0.026896 0.298505 0.361442 -0.335662 -0.188154 0.230338 0.052343 0.097739 0.071858 0.319031 0.355550 -0.147257 0.323204 -0.030245 0.123749 -0.344144 -0.152062 -0.400170 -0.217408 -0.240783 -0.176957 -0.057981 -0.136952 -0.238089 -0.167357 -0.220382 -0.151356 -0.370969 -0.174460 -0.004237 -0.166145 -0.135667 0.022081 -0.469603 -0.231586 -0.324422 -0.273060 -0.310891 -0.251818 -0.253748 -0.085982 -0.321063 -0.224695 0.372041 0.441284 -0.354618 -0.076154 -0.306622 -0.196275 0.045427 0.087968 -0.065923 0.076236 0.193230 0.020914 0.073881 0.031803 -0.197741 -0.316374 -0.349656 -0.303842 -0.132358 0.084898 0.061773 -0.050398 -0.139345 0.188076 -0.005476 -0.022041 -0.079460 0.222099 0.149478 0.189046 -0.085446 -0.159680 -0.382493 0.094774 -0.059991 -0.186311 0.165669 0.078625 -0.072164 -0.325145 -0.388428 -0.326191 -0.072029 0.105286 0.009763 -0.156212 -0.007806 0.161569 0.168965 0.028048 -0.012102 -0.220693
0.144899 0.029442 0.299410 0.115287 1.000000 0.083281 0.623579 0.354944 0.498058 0.367596 -0.134879 0.006144 0.120585 0.234342 0.177811 -0.061166 -0.153228 -0.298168 0.075010 -0.044563 0.222114 -0.183212 0.066033 -0.191250 0.086810 -0.388312 0.327302 -0.436743 0.181008 0.082395 0.135125 -0.083681 0.152952 0.235204 0.140009 0.260889 -0.261996 -0.234430 -0.121605 -0.230084 -0.193273 -0.076970 0.124167 -0.002775 0.042584 0.074878 -0.177235 -0.179812 -0.113765 0.032949 -0.145735 -0.066647 -0.218065 -0.125247 -0.362603 -0.317188 -0.171577 -0.274928 0.131785 -0.028987 -0.001906 -0.078360 -0.060962 -0.086990 0.175886 0.230209 -0.056265 0.046808 0.175145 -0.352198 0.175611 -0.118013 0.165598 -0.027932 -0.087516 0.026069 -0.114072 -0.106548 -0.206886 -0.169644 -0.300509 -0.179737 -0.031643 -0.109355 -0.208734 -0.383439 0.141834 -0.042354 0.148086 -0.226227 0.205508 0.089950 0.121952 0.348515 -0.013693 -0.044639 -0.150585 -0.031606 0.035413 -0.104968 0.045880 0.059161 0.033701 0.130238 0.031339 -0.053678 -0.084787 -0.039637 -0.160721 0.097582 -0.023080 -0.067072 0.177674 0.097216 0.116450 0.018203
0.144316 -0.073010 0.447138 0.220536 0.083281 1.000000 0.064072 0.202773 0.202220 0.338751 0.232887 -0.065617 0.119850 -0.149114 0.282016 0.389916 -0.185882 -0.276915 0.225446 0.134478 0.330484 0.336575 0.108130 0.244528 0.182422 0.269781 0.159497 0.309630 -0.263388 -0.300652 0.341899 0.347861 0.028207 0.035948 0.234539 0.328594 -0.002825 0.015680 0.021772 -0.054138 -0.383026 -0.267026 -0.187484 -0.036673 -0.340673 0.058414 -0.363955 -0.143411 0.071534 -0.263526 0.182541 -0.172527 -0.361324 -0.346415 -0.070540 -0.299803 -0.203677 -0.382968 -0.133224 -0.305601 -0.216724 -0.355081 -0.371657 -0.382627 0.227745 0.163346 0.126227 0.437359 -0.175190 -0.008474 -0.269926 0.015212 -0.271029 -0.406067 -0.250202 -0.161892 -0.277411 -0.035272 -0.269342 -0.466848 -0.362619 -0.437470 0.081484 0.090441 0.257902 0.194085 0.114863 0.083680 0.319042 -0.091178 0.012334 0.384834 0.242869 0.186963 0.070960 -0.092774 0.021705 -0.006927 -0.348889 -0.175648 -0.077910 0.051633 0.005072 -0.001409 0.038722 0.006687 -0.055877 0.062602 -0.089144 0.262895 0.333987 0.191439 0.387942 -0.231883 -0.101564 0.194054
0.198020 0.109667 0.353377 0.056828 0.623579 0.064072 1.000000 0.614546 0.605773 0.193954 -0.202609 0.152511 0.266785 0.431742 0.249321 -0.103669 -0.000787 -0.303578 0.064299 0.045817 0.245731 -0.299924 0.007403 -0.469810 -0.162485 -0.420305 0.312599 -0.569971 0.246223 0.185860 -0.084623 -0.317468 0.023242 0.291677 0.100439 0.379822 -0.177938 -0.384133 -0.264233 -0.423726 -0.079835 0.145229 -0.087325 -0.072670 -0.087665 0.134323 -0.286743 -0.150975 -0.057697 -0.047007 -0.123658 -0.211769 -0.310604 -0.382139 -0.318778 -0.482867 -0.363670 -0.594435 0.237913 -0.120047 0.112292 -0.196629 -0.004634 -0.186645 0.457436 0.479574 -0.291012 0.044171 0.023812 -0.164851 0.029878 -0.262821 0.361524 0.025796 0.069090 0.072046 0.008947 -0.110128 -0.368669 -0.369293 -0.233740 -0.197322 0.137745 0.108870 -0.091594 -0.386578 0.171367 -0.236541 0.284045 -0.249680 0.354518 0.090826 0.135165 0.417878 -0.183823 -0.071300 -0.245011 -0.326723 0.216482 0.033951 0.072017 -0.009919 0.165069 0.160578 0.103015 -0.049764 -0.087800 -0.023674 -0.113420 -0.114287 0.040713 -0.066282 0.354537 0.054741 0.063722 -0.049165
0.107111 0.367830 0.435139 0.499991 0.354944 0.202773 0.614546 1.000000 0.422152 0.530983 -0.507756 0.205978 -0.070467 0.415277 0.097437 0.120437 -0.226471 -0.362482 0.212024 0.276959 0.321792 -0.262888 0.153492 -0.198208 -0.430749 -0.461398 0.291325 -0.453069 0.099981 0.176535 -0.006210 -0.053772 -0.040758 0.285197 0.021428 0.361968 -0.404378 -0.292796 -0.452179 -0.430652 -0.224672 -0.035539 -0.276139 -0.283496 -0.121844 0.131006 -0.327942 -0.267222 -0.292717 -0.028569 -0.066253 -0.174414 -0.399939 -0.316358 -0.517378 -0.466707 -0.546343 -0.618568 -0.132534 -0.283171 -0.264612 -0.252130 -0.367249 -0.481246 0.527538 0.759054 -0.332376 0.091521 -0.197990 -0.125806 0.128907 -0.055311 0.109125 0.123131 0.149386 0.133857 0.104964 0.059401 -0.411591 -0.458426 -0.430408 -0.385431 -0.041777 0.161247 -0.138727 -0.210587 -0.048720 -0.101994 -0.082554 -0.132915 0.349376 0.303488 0.451029 0.428101 -0.077872 -0.170245 -0.435063 -0.365973 0.135144 0.015604 0.243733 0.011412 0.239024 0.001568 0.068975 -0.117245 0.082254 0.053798 -0.043842 -0.079475 -0.068648 0.128126 0.473131 -0.000104 0.076576 -0.047158
0.115799 0.200188 0.442732 0.173926 0.498058 0.202220 0.605773 0.422152 1.000000 0.274343 -0.136778 0.047668 0.090737 0.174131 0.450738 0.081306 -0.107625 -0.343835 0.204631 0.036874 0.222623 -0.216346 0.202340 -0.202794 -0.195520 -0.334414 0.228435 -0.237194 0.008534 -0.001509 0.081392 -0.167706 0.105383 0.075918 0.000281 0.093008 -0.082792 -0.128723 -0.240543 -0.268588 -0.182772 -0.138519 -0.074471 -0.019440 -0.150193 -0.079565 -0.168202 -0.120372 -0.199985 -0.062182 -0.081196 -0.052691 -0.162563 -0.191239 -0.170687 -0.277461 -0.337444 -0.355108 0.199294 -0.067129 -0.040427 -0.119265 -0.256183 -0.291340 0.347993 0.347225 -0.219841 -0.075696 0.006536 -0.194848 -0.089036 -0.219321 0.087731 0.124363 0.189322 0.081247 0.068099 0.022159 -0.306855 -0.365259 -0.356887 -0.280186 0.043228 -0.093959 -0.077567 -0.232079 0.105705 -0.268322 0.294834 -0.161324 0.115564 0.163059 0.079726 0.409378 0.075426 -0.042356 -0.064825 -0.037293 0.069937 -0.052257 0.139426 0.084212 0.077867 0.071806 -0.006646 0.015004 0.027617 -0.078816 -0.068121 0.029763 -0.063282 0.106650 0.348351 0.014517 0.171146 0.069536
-0.158235 0.052773 0.121841 0.303110 0.367596 0.338751 0.193954 0.530983 0.274343 1.000000 -0.453598 -0.159851 -0.179528 0.243090 -0.033569 0.284029 -0.347149 -0.292898 0.202497 0.246167 0.267395 -0.061423 0.184523 -0.017690 -0.153057 -0.330444 0.183395 -0.254353 0.054547 0.219711 0.043253 0.041942 0.174971 0.112494 -0.052755 0.131667 -0.221397 0.095946 -0.075262 0.052165 -0.020963 0.062053 -0.246769 -0.235782 -0.117354 -0.045424 -0.274904 -0.114001 -0.422787 0.003175 -0.096949 -0.288709 -0.312679 -0.237625 -0.288816 -0.301819 -0.455861 -0.324048 -0.215312 0.025275 -0.274075 -0.018110 -0.203679 -0.275800 0.206419 0.332560 -0.036340 0.166109 0.045101 -0.054667 0.187323 0.212202 0.129777 0.157691 0.215034 0.227561 0.231411 0.257728 -0.348178 -0.319356 -0.409031 -0.209616 -0.092832 0.099698 -0.300983 -0.173016 0.066271 0.072590 -0.185580 0.001020 0.316010 0.250317 0.478798 0.299141 -0.082705 -0.192796 -0.123898 -0.322526 -0.157592 0.005648 0.073915 0.049852 0.109314 0.077456 0.086845 -0.169624 0.061110 -0.025391 -0.155480 -0.005288 -0.071747 0.284120 0.390290 -0.153624 -0.052322 -0.015136
0.328357 -0.136850 -0.079794 -0.301221 -0.134879 0.232887 -0.202609 -0.507756 -0.136778 -0.453598 1.000000 0.167578 0.576284 -0.219743 0.466349 0.183534 0.361997 0.175145 -0.079553 -0.193245 -0.061316 0.470016 -0.292281 0.033630 0.484115 0.544801 -0.095425 0.355906 -0.094772 -0.379708 0.085228 0.147226 -0.008193 -0.263941 0.244858 -0.054644 0.216850 0.079623 0.137605 0.149761 -0.122482 -0.167983 0.033205 0.137543 -0.207209 -0.034796 -0.100469 -0.083133 0.472473 -0.164071 0.166885 0.173510 -0.080712 -0.064416 0.263173 0.054196 0.417905 0.249541 0.313689 -0.053881 0.292048 0.036037 0.144066 0.088257 -0.194189 -0.470256 0.201597 0.003335 0.064758 -0.022614 -0.267488 0.123256 -0.183330 -0.281652 -0.201566 -0.045269 -0.142377 -0.052225 0.296542 0.250642 0.262016 0.106645 0.204104 -0.213688 0.343513 0.200501 0.186911 -0.084961 0.483459 0.100177 -0.284063 -0.133828 -0.192069 -0.165100 0.003025 0.021551 -0.012737 0.100882 -0.392549 -0.262373 -0.108665 0.241240 -0.032230 0.089737 0.032383 0.116689 0.067692 -0.018386 -0.149230 0.099767 0.021562 -0.118925 -0.160497 0.031640 -0.007641 0.079772
0.168914 0.425810 0.034717 0.111579 0.006144 -0.065617 0.152511 0.205978 0.047668 -0.159851 0.167578 1.000000 0.230059 0.346294 -0.061186 0.149645 0.053556 0.291507 -0.007334 0.256540 0.064382 -0.148115 -0.307884 -0.127190 -0.125496 -0.066760 -0.114566 -0.127653 0.148158 0.321151 -0.248272 -0.105135 -0.071490 0.042791 0.160331 0.094994 0.184702 -0.074088 -0.274116 -0.108492 0.039759 -0.132320 -0.122878 -0.167136 -0.070376 0.002908 -0.196512 -0.404011 0.114643 -0.033047 0.074327 0.179016 -0.204091 -0.258288 -0.037122 -0.043537 -0.216351 -0.188019 -0.090402 -0.356566 -0.095193 -0.140068 -0.269959 -0.362482 0.058800 0.241639 -0.257419 -0.176445 -0.031377 -0.336777 -0.102342 0.115201 0.242160 0.063924 0.072430 0.030417 0.000440 -0.100648 -0.038693 0.102602 0.010093 0.069140 -0.202325 0.089322 0.014905 0.267216 -0.280704 -0.095243 -0.025823 0.031062 -0.107682 -0.206475 0.149409 -0.206008 0.126607 0.048006 -0.195145 0.018051 0.100877 -0.240616 0.377218 -0.224540 0.349618 -0.079433 -0.067681 -0.155373 0.065107 -0.046490 0.052287 0.085465 -0.161170 -0.064066 0.125729 -0.045523 0.173683 -0.022613
0.454116 -0.009228 -0.054038 -0.286213 0.120585 0.119850 0.266785 -0.070467 0.090737 -0.179528 0.576284 0.230059 1.000000 0.413224 0.486327 0.288430 0.436971 0.079583 0.085954 -0.036552 0.030160 0.026773 -0.380056 -0.416713 0.234791 0.127858 -0.102456 -0.179323 0.303540 -0.004680 -0.075686 -0.259723 0.197767 0.011361 0.222135 0.240207 0.022746 -0.162821 -0.146367 -0.270454 -0.068243 0.077210 -0.148466 -0.128324 -0.287139 -0.080680 -0.245748 -0.148658 0.288226 -0.254227 0.051552 -0.039263 -0.277943 -0.253600 0.177472 -0.374209 0.173828 -0.044511 0.199315 -0.241469 0.424422 0.095176 0.265834 0.116862 0.146671 -0.140574 -0.123752 -0.089505 0.179593 -0.113243 -0.166638 -0.005495 0.225968 -0.104287 -0.004187 0.067294 -0.012439 -0.003332 0.082443 0.036089 0.233056 0.037430 0.057736 -0.246028 0.161356 -0.145278 0.066273 -0.409415 0.413718 0.056770 0.137778 -0.086170 0.056966 0.090267 -0.229997 -0.066607 -0.315526 -0.136867 -0.181229 -0.188658 -0.033393 0.093676 0.133609 0.240902 0.081445 -0.052630 -0.008615 -0.116799 -0.194047 -0.095266 -0.034910 -0.049140 0.039744 0.059121 -0.046357 -0.039546
0.132867 0.227458 -0.055364 0.207856 0.234342 -0.149114 0.431742 0.415277 0.174131 0.243090 -0.219743 0.346294 0.413224 1.000000 0.003366 0.204794 0.105853 0.166732 0.100785 0.297462 0.068686 -0.466706 -0.297193 -0.378457 -0.183841 -0.441882 -0.019241 -0.560255 0.491947 0.525540 -0.310745 -0.355301 0.006789 0.294031 0.025708 0.220764 -0.170913 -0.154206 -0.214951 -0.388867 0.184075 0.390767 -0.335879 -0.451302 -0.249764 -0.216332 -0.290045 -0.304457 -0.307638 -0.218337 -0.190696 -0.339418 -0.257119 -0.353071 -0.257253 -0.574955 -0.377095 -0.337413 -0.138979 -0.194117 0.161507 0.164281 0.150840 0.041855 0.354256 0.349089 -0.444632 -0.248158 0.183933 -0.210325 0.230219 0.069398 0.482363 0.340140 0.232525 0.078309 0.203932 0.091317 -0.190607 -0.188805 0.042472 0.069900 -0.148750 0.214795 -0.157702 -0.216083 -0.109546 -0.390054 0.017371 -0.018264 0.320415 -0.046997 0.318897 0.220439 -0.039216 0.046532 -0.461267 -0.098440 0.179889 -0.215606 0.324491 -0.111999 0.279852 0.030865 -0.092538 -0.219756 0.043269 -0.039425 0.128568 -0.164530 -0.292762 -0.058638 0.232206 0.197073 0.138598 -0.202155
0.277990 -0.060339 0.394641 0.052907 0.177811 0.282016 0.249321 0.097437 0.450738 -0.033569 0.466349 -0.061186 0.486327 0.003366 1.000000 0.311281 0.269162 -0.126048 0.308146 -0.186312 0.131115 0.210143 0.191025 -0.049658 0.204065 0.116050 0.223221 0.019143 -0.025199 -0.474189 0.205222 0.030066 0.027781 -0.103188 -0.087507 0.002547 -0.095411 -0.308519 -0.040248 -0.181499 -0.395118 -0.163523 0.040404 0.047191 -0.304132 -0.151066 -0.144054 0.037873 0.170827 -0.173618 0.232118 0.071059 -0.129356 0.009492 -0.031496 -0.120330 0.134558 -0.069842 0.341038 -0.004487 0.220271 0.027565 -0.061612 -0.063857 0.298982 -0.013383 -0.073089 0.033080 -0.096323 -0.002864 -0.329139 -0.210178 -0.246115 -0.193644 -0.000342 -0.122202 -0.085762 -0.151404 -0.060132 -0.099611 -0.177259 -0.259058 0.301679 -0.249633 0.297190 -0.134736 0.263554 -0.207362 0.551759 -0.036811 0.040504 0.062479 -0.019975 0.272553 -0.117090 -0.169320 -0.208678 -0.111311 -0.323815 -0.136575 -0.119913 0.395909 -0.105030 -0.072379 -0.099051 -0.040419 -0.052040 -0.074069 -0.139874 -0.162776 -0.055576 -0.048477 -0.035033 0.027436 -0.038797 -0.141052
0.189972 0.346331 0.128925 0.164668 -0.061166 0.389916 -0.103669 0.120437 0.081306 0.284029 0.183534 0.149645 0.288430 0.204794 0.311281 1.000000 -0.225412 0.095088 0.355358 0.431845 0.229889 0.268270 -0.203136 0.247441 0.333354 0.408784 -0.006792 0.214950 -0.091772 0.066586 0.245100 0.367905 0.129288 0.033987 0.023628 0.001105 0.015691 0.111999 0.074424 0.175451 -0.060224 0.200008 -0.336579 -0.219917 -0.535415 -0.350949 -0.284428 -0.299713 -0.123945 -0.335244 0.014565 -0.116966 -0.272842 -0.236459 0.025050 -0.194715 -0.275969 -0.150269 -0.162565 -0.427958 -0.213375 -0.116501 -0.248933 -0.380617 -0.148032 0.056925 -0.149382 -0.080535 0.134814 -0.275192 0.091938 0.312094 0.001134 0.126909 0.285804 0.168195 0.053729 0.169496 -0.122665 -0.174206 -0.253840 -0.248439 -0.331529 0.202705 -0.282587 -0.034079 -0.263445 -0.245394 0.112069 0.190082 0.059432 0.160148 0.428726 0.152922 0.125447 0.006658 -0.067078 0.125294 -0.306956 -0.401677 0.196256 -0.014870 0.159222 -0.086555 -0.022808 -0.013393 0.109998 0.022920 0.098495 -0.040229 0.064641 -0.027699 0.249425 0.203878 0.138999 -0.122941
0.083356 -0.288676 -0.232255 -0.170594 -0.153228 -0.185882 -0.000787 -0.226471 -0.107625 -0.347149 0.361997 0.053556 0.436971 0.105853 0.269162 -0.225412 1.000000 0.295514 -0.065326 -0.263664 -0.325190 -0.029115 -0.099945 -0.291192 -0.112398 -0.154644 -0.177079 -0.261213 0.526250 -0.152461 -0.236384 -0.312799 0.021235 -0.062049 -0.245535 -0.145547 -0.202718 -0.417854 -0.041625 -0.263581 -0.098436 -0.153072 0.166004 0.091445 0.034556 0.036598 0.186188 0.240230 0.207732 -0.057898 -0.097684 -0.063246 0.128732 0.256582 0.102024 0.039031 0.602095 0.297218 0.189461 0.172499 0.500558 0.347752 0.528681 0.546106 0.139019 -0.361008 0.050126 -0.204301 0.061822 0.189157 -0.289625 -0.294664 0.046386 -0.408833 -0.239740 -0.228488 -0.253401 -0.325111 0.449599 0.288736 0.559097 0.493555 0.312588 -0.329261 0.457465 0.011846 0.117029 -0.172846 0.232532 0.022305 -0.088573 -0.274175 -0.346327 -0.257780 -0.059347 0.093652 -0.333254 -0.015565 -0.146448 0.030130 -0.101664 0.056821 -0.192485 -0.061959 -0.201183 -0.222752 -0.246907 -0.071418 0.025078 -0.298800 -0.342138 -0.295736 -0.369745 0.046116 -0.054486 -0.160819
-0.177871 0.156369 -0.237491 -0.087742 -0.298168 -0.276915 -0.303578 -0.362482 -0.343835 -0.292898 0.175145 0.291507 0.079583 0.166732 -0.126048 0.095088 0.295514 1.000000 -0.101753 0.072272 -0.318347 -0.042647 -0.266028 0.152998 0.033003 0.126324 -0.347011 0.158268 0.207673 0.195390 -0.153687 0.061931 -0.035051 -0.159241 -0.185919 -0.343564 0.184694 0.126167 0.072668 0.172874 0.017210 0.090554 0.006834 -0.187431 -0.052257 -0.249855 0.193148 -0.216783 -0.012828 0.006330 0.012915 0.151300 0.283920 0.191063 -0.030881 0.243973 0.212387 0.355069 -0.105804 0.020543 0.079276 0.299973 0.164793 0.182243 -0.338439 -0.256555 -0.051014 -0.421414 0.139952 -0.116178 0.154428 0.138042 0.171586 0.050682 0.127506 -0.084500 -0.058446 -0.103180 0.473017 0.421309 0.338663 0.469121 -0.296891 0.121326 0.079903 0.336648 -0.363180 -0.195323 -0.082838 0.062598 -0.291951 -0.433792 -0.217670 -0.506648 0.262004 0.475083 -0.053401 0.231753 0.029994 -0.361359 0.219179 -0.304902 -0.121806 -0.340961 -0.419057 -0.296010 -0.065123 0.040728 0.480813 -0.086393 -0.422334 -0.315891 -0.341639 0.163779 0.157023 0.031499
0.286902 0.179238 0.459930 0.463553 0.075010 0.225446 0.064299 0.212024 0.204631 0.202497 -0.079553 -0.007334 0.085954 0.100785 0.308146 0.355358 -0.065326 -0.101753 1.000000 0.587806 0.150205 0.074181 0.311174 0.199045 -0.098373 0.005915 0.364235 0.201781 0.213046 -0.026652 0.196175 0.145909 0.066618 0.175328 0.069408 0.129590 -0.139939 -0.163946 -0.069234 0.004775 -0.206140 -0.022148 -0.005702 0.129132 -0.261970 -0.314185 -0.191226 0.007100 -0.243236 -0.138198 0.003129 -0.121326 -0.128884 0.064249 -0.080600 -0.087791 -0.206688 -0.152997 -0.304665 -0.363472 -0.152673 -0.052597 -0.240638 -0.146854 0.213113 0.094942 -0.450495 -0.132725 -0.205058 -0.089916 -0.043151 0.069579 0.082364 0.031909 0.249796 0.046522 0.197213 0.090253 -0.185445 -0.072099 -0.415070 -0.292864 -0.029555 -0.023730 -0.028771 -0.277299 -0.144756 -0.026721 0.169822 0.114478 0.078360 0.225695 0.216689 0.316068 -0.028269 -0.157643 -0.105087 0.100948 -0.034629 -0.032473 0.164620 0.313328 -0.056020 -0.226805 -0.232446 -0.243671 -0.204741 0.080790 -0.057124 -0.113374 0.338274 0.277253 0.284596 0.147361 -0.171182 -0.445652
0.161161 0.426712 0.102164 0.430522 -0.044563 0.134478 0.045817 0.276959 0.036874 0.246167 -0.193245 0.256540 -0.036552 0.297462 -0.186312 0.431845 -0.263664 0.072272 0.587806 1.000000 0.152606 -0.113512 -0.068547 0.176799 -0.212764 0.023534 0.120421 0.139855 0.112281 0.427187 0.028658 0.169274 0.113517 0.380073 0.075057 0.072419 -0.049439 0.110282 -0.223944 -0.015766 0.081730 0.219672 -0.233945 -0.120745 -0.289041 -0.322459 -0.318886 -0.384811 -0.392543 -0.180844 -0.163880 -0.221030 -0.244489 -0.221106 -0.115637 -0.159469 -0.387491 -0.292491 -0.381316 -0.492901 -0.361083 -0.142389 -0.236708 -0.325939 -0.027982 0.174781 -0.399973 -0.203588 0.154480 -0.198504 0.277446 0.362041 0.273747 0.371132 0.413844 0.282583 0.324241 0.312324 -0.296181 -0.178815 -0.291442 -0.269210 -0.217106 0.269324 -0.281256 -0.181056 -0.296334 -0.118932 -0.159961 0.009053 0.130120 0.364073 0.362946 0.249030 -0.009853 -0.079602 -0.191373 0.258208 0.192912 -0.036532 0.445971 0.066038 0.274000 -0.019475 -0.144578 -0.200528 -0.002359 0.129100 0.055885 0.000167 0.177891 0.316824 0.565840 0.223161 0.050799 -0.301507
0.278386 0.071349 0.377520 0.197557 0.222114 0.330484 0.245731 0.321792 0.222623 0.267395 -0.061316 0.064382 0.030160 0.068686 0.131115 0.229889 -0.325190 -0.318347 0.150205 0.152606 1.000000 0.224654 0.064275 0.218862 0.110422 0.159456 0.477601 0.101898 -0.290584 -0.133621 0.326188 0.187545 0.004393 0.202817 0.260218 0.330839 -0.113747 -0.215676 -0.288798 -0.244555 -0.050625 -0.153463 -0.114294 -0.052107 -0.383228 0.043927 -0.448503 -0.235189 -0.021897 -0.443178 0.259132 -0.177100 -0.370027 -0.445141 0.020277 -0.231417 -0.478536 -0.465347 0.006769 -0.162303 -0.079872 -0.240743 -0.275701 -0.366900 0.301002 0.255222 0.111095 0.478747 -0.007501 0.145648 0.110013 0.254714 -0.115607 -0.004677 -0.040800 0.103537 -0.143894 -0.044973 -0.559537 -0.446599 -0.550301 -0.552333 0.062949 0.057719 -0.002964 0.032942 0.141869 0.368015 0.223779 0.019521 0.069701 0.303306 0.280690 0.229648 -0.197728 -0.252490 -0.056342 -0.179180 -0.213230 -0.186943 -0.185879 0.225868 0.064929 -0.080896 -0.035551 -0.223409 -0.177827 0.075789 -0.149511 0.057979 0.371993 0.223989 0.369581 -0.141580 -0.335393 -0.127262
-0.015594 -0.197953 0.129319 -0.026896 -0.183212 0.336575 -0.299924 -0.262888 -0.216346 -0.061423 0.470016 -0.148115 0.026773 -0.466706 0.210143 0.268270 -0.029115 -0.042647 0.074181 -0.113512 0.224654 1.000000 0.116769 0.489218 0.441096 0.595674 0.199862 0.492697 -0.289768 -0.377552 0.472369 0.587476 0.056971 -0.008684 0.121469 0.021252 0.116304 0.001705 0.164246 0.295376 -0.136037 -0.110382 -0.126792 0.143213 -0.234996 0.185290 -0.155530 -0.042459 0.172957 -0.127907 0.106689 -0.005597 -0.257518 -0.168587 0.085566 0.076576 0.066319 0.069081 -0.043667 0.014454 -0.112137 -0.213543 -0.021598 -0.164465 -0.243530 -0.330498 0.374172 0.303236 -0.152921 0.125190 0.018792 0.294797 -0.376133 -0.236657 -0.201465 0.038613 -0.210983 -0.041828 0.188712 0.036137 0.027526 -0.028792 0.030367 0.011977 0.129461 0.176237 0.046467 0.308476 0.300724 0.088108 -0.321154 -0.001251 -0.002893 -0.155990 0.029462 -0.013065 0.013762 -0.055883 -0.569050 -0.359222 -0.109324 0.299791 -0.223836 -0.149066 -0.080426 0.009326 -0.185218 0.106462 -0.113897 0.051052 0.130061 -0.176956 -0.041025 -0.031166 -0.171263 0.133190
-0.078904 -0.252738 0.506815 0.298505 0.066033 0.108130 0.007403 0.153492 0.202340 0.184523 -0.292281 -0.307884 -0.380056 -0.297193 0.191025 -0.203136 -0.099945 -0.266028 0.311174 -0.068547 0.064275 0.116769 1.000000 0.317466 -0.290328 -0.247469 0.481591 0.038459 -0.059805 -0.323924 0.154575 -0.004601 -0.100259 -0.002656 -0.229011 -0.094526 -0.247074 -0.367882 -0.038745 -0.028757 -0.226175 -0.271079 0.224989 0.204722 0.209952 0.125193 0.057647 0.223047 -0.045535 0.200063 0.381244 0.055255 0.105180 0.222308 -0.087511 0.201224 -0.026061 -0.095820 -0.178652 0.071889 -0.105275 -0.140656 -0.237718 -0.140201 0.417804 0.187235 0.145494 0.234247 -0.456618 -0.107181 -0.247432 -0.388440 -0.403352 -0.201313 -0.080616 -0.441280 -0.192836 -0.332080 -0.113986 -0.042483 -0.297976 -0.175744 0.215296 -0.237355 0.280931 0.110043 0.315730 0.389756 -0.025351 -0.129230 -0.146498 0.062456 -0.086635 0.042711 -0.149024 -0.146379 0.015642 0.018141 -0.195268 0.119798 -0.167124 0.271221 -0.210760 -0.249206 -0.293315 -0.214508 -0.460976 -0.109276 -0.025594 -0.163348 -0.057488 0.037998 -0.067774 -0.173708 -0.290837 -0.058977
-0.210941 -0.031124 0.295895 0.361442 -0.191250 0.244528 -0.469810 -0.198208 -0.202794 -0.017690 0.033630 -0.127190 -0.416713 -0.378457 -0.049658 0.247441 -0.291192 0.152998 0.199045 0.176799 0.218862 0.489218 0.317466 1.000000 0.103512 0.463012 0.201586 0.653229 -0.388318 -0.212646 0.570592 0.734157 -0.320747 0.030410 -0.010183 -0.101358 0.024464 0.065629 0.069127 0.320899 -0.216126 -0.204954 0.119334 0.023346 -0.147540 -0.183489 0.051386 -0.112671 -0.117150 -0.081051 0.233940 0.043158 0.167227 0.225646 -0.061694 0.272118 -0.085595 0.089555 -0.285082 -0.064055 -0.363106 -0.207728 -0.370132 -0.170480 -0.303424 -0.117052 0.205628 0.105982 -0.239633 -0.050110 0.113772 0.296587 -0.469851 -0.093213 -0.192855 -0.133091 -0.208997 -0.081968 0.139156 0.068187 -0.216504 -0.142412 -0.276165 0.054652 -0.031337 0.316533 -0.163575 0.428147 0.074219 0.084498 -0.367303 0.213761 0.010518 -0.207075 0.184918 0.024017 0.202268 0.361337 -0.244078 -0.354799 -0.052289 0.158935 -0.267790 -0.500144 -0.467119 -0.240465 -0.295231 0.149578 0.191279 -0.025936 0.100129 0.092295 -0.039486 -0.098775 -0.234960 0.006149
0.158123 -0.143150 -0.050278 -0.335662 0.086810 0.182422 -0.162485 -0.430749 -0.195520 -0.153057 0.484115 -0.125496 0.234791 -0.183841 0.204065 0.333354 -0.112398 0.033003 -0.098373 -0.212764 0.110422 0.441096 -0.290328 0.103512 1.000000 0.505836 0.004663 0.249002 -0.249577 -0.305312 0.120622 0.171686 0.168880 -0.182284 -0.021806 -0.071416 0.201113 0.175417 0.373915 0.288822 -0.019708 0.114331 0.017129 0.064804 -0.270146 -0.103783 -0.064065 0.032045 0.272025 -0.195395 0.062572 0.059515 0.074179 -0.119682 0.303909 0.048833 0.205755 0.190854 0.341192 0.011896 0.328505 0.136161 0.181439 0.157939 -0.263639 -0.402684 0.072249 0.007422 0.276826 0.005826 0.164086 0.059725 -0.098898 -0.085763 -0.105925 0.039558 -0.098063 0.031759 0.035354 0.018024 -0.009640 -0.044736 -0.000950 0.037634 -0.093846 -0.102139 0.114151 0.071154 0.382672 0.266856 -0.056963 -0.177116 -0.051841 0.007876 0.095500 0.116304 0.252655 0.211099 -0.209500 -0.232819 -0.182727 0.090916 -0.124587 0.040132 0.160568 0.250683 0.010464 0.018270 -0.014761 0.147811 0.263435 -0.235751 -0.219143 0.052246 -0.036033 0.019691
0.083929 -0.025463 0.034472 -0.188154 -0.388312 0.269781 -0.420305 -0.461398 -0.334414 -0.330444 0.544801 -0.066760 0.127858 -0.441882 0.116050 0.408784 -0.154644 0.126324 0.005915 0.023534 0.159456 0.595674 -0.247469 0.463012 0.505836 1.000000 -0.143260 0.781486 -0.486272 -0.299772 0.508800 0.588043 -0.004789 -0.228525 0.170561 -0.038067 0.301471 0.310655 0.218108 0.384849 -0.088859 0.004503 0.002853 0.167152 -0.340121 -0.183735 -0.032752 -0.063396 0.316183 -0.323190 0.243059 0.192790 0.104826 0.003090 0.378685 0.216135 0.153291 0.207244 0.047819 -0.118162 -0.022256 -0.148398 -0.054151 -0.108411 -0.510697 -0.450133 0.257899 0.162965 0.042959 0.168698 -0.089195 0.313020 -0.241826 -0.154807 -0.051225 0.091282 -0.081744 0.068338 0.125161 0.065719 0.048682 -0.108716 -0.143270 0.019680 -0.090830 0.188291 -0.094608 0.075133 0.241917 0.128551 -0.152956 0.100007 -0.066839 -0.225523 0.037989 0.034871 0.338371 0.163107 -0.208088 -0.189810 -0.099880 0.023975 -0.138966 -0.047977 0.032783 0.111004 0.118472 0.165511 -0.077435 0.041773 0.389957 0.057164 -0.040263 0.031255 -0.097696 0.090608
0.249993 -0.079276 0.393131 0.230338 0.327302 0.159497 0.312599 0.291325 0.228435 0.183395 -0.095425 -0.114566 -0.102456 -0.019241 0.223221 -0.006792 -0.177079 -0.347011 0.364235 0.120421 0.477601 0.199862 0.481591 0.201586 0.004663 -0.143260 1.000000 0.048170 -0.123154 -0.251216 0.078131 -0.012395 -0.058496 0.128329 -0.001608 0.157235 -0.311197 -0.431203 0.028756 -0.085727 -0.259494 -0.123854 0.031005 0.043931 -0.129383 0.065807 -0.150748 -0.019526 -0.126393 -0.048279 0.102995 -0.162952 -0.163286 -0.089606 -0.043880 -0.122669 -0.263236 -0.339948 0.034258 0.099975 0.007354 -0.217222 -0.105644 -0.205435 0.322436 0.145095 -0.035624 0.282278 -0.121747 -0.162009 0.094750 -0.062064 -0.252232 -0.111543 -0.153115 -0.203858 -0.042747 -0.170192 -0.441342 -0.250490 -0.498085 -0.382385 0.186413 -0.021320 -0.001581 -0.211275 0.272027 0.254134 0.191806 -0.118072 0.174128 0.310234 0.287578 0.383180 -0.276269 -0.300472 -0.032361 -0.181437 -0.021969 0.106030 0.002882 0.449498 0.151119 0.047693 0.058427 -0.068172 -0.268194 0.113056 -0.223669 -0.099270 0.228221 0.015937 0.373958 -0.066417 -0.327733 -0.215551
0.008272 0.068388 0.105765 0.052343 -0.436743 0.309630 -0.569971 -0.453069 -0.237194 -0.254353 0.355906 -0.127653 -0.179323 -0.560255 0.019143 0.214950 -0.261213 0.158268 0.201781 0.139855 0.101898 0.492697 0.038459 0.653229 0.249002 0.781486 0.048170 1.000000 -0.596036 -0.334447 0.459303 0.566516 -0.081804 -0.304286 0.115390 -0.141986 0.318252 0.415385 0.224082 0.445705 -0.191255 -0.213234 0.063078 0.172801 -0.259661 -0.231099 0.113407 -0.039364 0.112350 -0.172683 0.242834 0.215432 0.227516 0.143489 0.328132 0.329724 0.105330 0.261280 -0.093593 0.021658 -0.156719 -0.084395 -0.187150 -0.125265 -0.428444 -0.367403 0.112015 0.068900 -0.136581 0.082364 -0.030995 0.324737 -0.422836 -0.139910 -0.096627 -0.011086 -0.004965 0.130866 0.088361 0.067217 -0.090330 -0.178761 -0.108273 -0.036721 0.033946 0.257269 -0.090697 0.214714 0.118224 0.159059 -0.238369 0.235888 -0.045254 -0.158814 0.056600 -0.044695 0.423689 0.216714 -0.101184 -0.088248 -0.007307 0.130825 -0.101150 -0.106608 -0.055620 0.057276 0.040532 0.094661 -0.058654 0.106839 0.408846 0.223996 0.080532 -0.088178 -0.159969 0.094080
0.051149 -0.218730 -0.151916 0.097739 0.181008 -0.263388 0.246223 0.099981 0.008534 0.054547 -0.094772 0.148158 0.303540 0.491947 -0.025199 -0.091772 0.526250 0.207673 0.213046 0.112281 -0.290584 -0.289768 -0.059805 -0.388318 -0.249577 -0.486272 -0.123154 -0.596036 1.000000 0.432829 -0.381087 -0.314463 0.147934 0.338550 -0.186029 -0.014381 -0.176831 -0.262686 -0.118290 -0.182061 0.209099 0.174340 -0.050048 -0.088485 0.162086 0.020666 0.022087 0.120540 -0.251267 0.125225 -0.358935 -0.308071 -0.162432 0.095579 -0.314556 -0.160575 0.029029 -0.050677 -0.276994 -0.139163 0.096181 0.140490 0.304411 0.239619 0.179572 -0.026166 -0.291725 -0.299380 -0.012486 -0.022799 -0.043577 -0.121312 0.525634 0.028075 0.132904 0.049265 0.012085 -0.101540 0.282285 0.221049 0.298667 0.505725 0.029702 -0.029259 0.130331 -0.227971 -0.096113 -0.140909 0.056939 -0.097916 0.014806 -0.242832 -0.096384 0.093450 0.051844 0.267033 -0.352110 0.029674 0.025232 -0.055782 0.044388 -0.089157 -0.069157 -0.021212 -0.233006 -0.248328 -0.238123 0.004455 0.220124 -0.152190 -0.415667 -0.261786 -0.118204 0.159764 0.012110 -0.143310
-0.154851 0.158262 -0.338406 0.071858 0.082395 -0.300652 0.185860 0.176535 -0.001509 0.219711 -0.379708 0.321151 -0.004680 0.525540 -0.474189 0.066586 -0.152461 0.195390 -0.026652 0.427187 -0.133621 -0.377552 -0.323924 -0.212646 -0.305312 -0.299772 -0.251216 -0.334447 0.432829 1.000000 -0.191240 -0.075811 0.185938 0.401594 -0.034235 0.012102 0.195341 0.246763 -0.126174 0.066754 0.471341 0.389736 -0.276680 -0.346740 0.040676 -0.180468 -0.042851 -0.239714 -0.474800 0.034254 -0.430130 -0.377409 -0.188977 -0.231639 -0.189434 -0.276337 -0.324053 -0.036149 -0.305717 -0.216982 -0.221362 0.094618 0.013654 -0.118586 -0.156074 0.210733 -0.359291 -0.358146 0.242104 -0.137653 0.353302 0.387599 0.737399 0.521272 0.445181 0.450203 0.433803 0.403045 0.009019 0.067992 0.197703 0.359095 -0.328645 0.299550 -0.389815 -0.245807 -0.287413 -0.176468 -0.199687 0.010259 0.158180 -0.117490 0.246876 0.093509 0.059052 0.031750 -0.132038 -0.016246 0.230255 -0.085515 0.364347 -0.193539 0.301638 0.133812 0.009311 -0.106916 0.083578 -0.000326 0.045966 -0.066539 -0.267027 0.025048 0.216709 0.077110 0.181661 -0.076917
-0.016207 -0.010186 0.379373 0.319031 0.135125 0.341899 -0.084623 -0.006210 0.081392 0.043253 0.085228 -0.248272 -0.075686 -0.310745 0.205222 0.245100 -0.236384 -0.153687 0.196175 0.028658 0.326188 0.472369 0.154575 0.570592 0.120622 0.508800 0.078131 0.459303 -0.381087 -0.191240 1.000000 0.742796 0.042026 0.144286 0.194200 0.216328 -0.050788 -0.010223 -0.131539 0.036963 -0.214685 -0.178622 0.028215 0.076363 -0.322745 -0.154599 -0.248567 -0.204368 0.001716 -0.378912 0.193370 0.040533 -0.060548 -0.016960 -0.065473 -0.063036 -0.079630 -0.015798 -0.046853 -0.072876 -0.183489 -0.237272 -0.210880 -0.197127 -0.141972 -0.019748 0.351759 0.290935 -0.012524 0.005219 -0.006137 0.243983 -0.222489 -0.109883 -0.083733 0.120688 -0.059307 -0.005620 -0.012250 -0.194574 -0.209544 -0.304038 -0.232884 -0.087904 -0.092744 0.072079 -0.076302 0.147974 0.153878 -0.103077 -0.148586 0.202679 0.012394 -0.082102 -0.107515 -0.177281 -0.027391 0.107347 -0.388918 -0.262667 -0.094130 0.199582 -0.303486 -0.246800 -0.281794 -0.136282 -0.080180 0.114883 -0.228200 -0.047471 0.236517 0.143313 -0.003515 -0.034607 -0.208849 -0.035544
-0.202926 -0.015488 0.242850 0.355550 -0.083681 0.347861 -0.317468 -0.053772 -0.167706 0.041942 0.147226 -0.105135 -0.259723 -0.355301 0.030066 0.367905 -0.312799 0.061931 0.145909 0.169274 0.187545 0.587476 -0.004601 0.734157 0.171686 0.588043 -0.012395 0.566516 -0.314463 -0.075811 0.742796 1.000000 -0.080027 0.217501 0.129598 0.116533 0.056154 0.216605 0.059616 0.297369 -0.221786 -0.080654 -0.069232 -0.074616 -0.343380 -0.221521 -0.080342 -0.241299 -0.209885 -0.296020 0.013534 -0.084648 -0.082302 0.019284 -0.221932 -0.017211 -0.125223 0.037176 -0.279990 -0.136394 -0.442742 -0.250573 -0.320610 -0.296342 -0.358464 -0.086369 0.232806 0.135261 -0.085740 0.057980 0.145794 0.490558 -0.242932 -0.040123 -0.076778 0.262952 -0.080406 0.123342 0.158972 -0.021584 -0.122707 -0.160197 -0.301239 0.256434 -0.134731 0.168194 -0.241820 0.211341 0.062783 -0.027985 -0.174697 0.209778 0.139290 -0.056910 0.192172 0.032868 0.000330 0.203426 -0.259742 -0.397099 0.046813 0.138931 -0.160793 -0.247185 -0.199352 -0.052160 0.092612 0.266373 0.008892 -0.015083 0.156048 0.073826 0.044761 0.018273 -0.049174 0.104787
0.031112 -0.055796 -0.164421 -0.147257 0.152952 0.028207 0.023242 -0.040758 0.105383 0.174971 -0.008193 -0.071490 0.197767 0.006789 0.027781 0.129288 0.021235 -0.035051 0.066618 0.113517 0.004393 0.056971 -0.100259 -0.320747 0.168880 -0.004789 -0.058496 -0.081804 0.147934 0.185938 0.042026 -0.080027 1.000000 0.234632 -0.240061 0.000059 -0.062425 0.052659 -0.059964 0.065713 0.131370 0.025485 -0.088248 -0.020586 -0.104872 -0.003751 -0.116780 0.008459 -0.090865 -0.104959 -0.105812 0.066537 -0.103827 -0.078843 0.100650 -0.060858 -0.001197 -0.028910 -0.035703 0.043019 0.082645 0.016158 0.173493 -0.094474 -0.027138 -0.151664 0.103614 0.065692 0.413788 0.025304 0.076581 -0.001089 0.244812 0.124711 0.284511 0.269394 0.152396 0.175738 -0.097348 -0.163433 0.013611 -0.051498 -0.072185 -0.166084 -0.174233 -0.224356 -0.022477 -0.055535 -0.098709 -0.059631 0.279314 0.132349 0.047435 0.172203 -0.187663 -0.146748 -0.147330 0.078897 -0.101940 0.184220 0.073711 0.058255 0.114759 0.322579 0.095543 -0.080709 0.064909 -0.137924 -0.224519 -0.019632 -0.002627 0.046281 0.092810 -0.040018 -0.065657 -0.025164
-0.113136 -0.195188 0.129764 0.323204 0.235204 0.035948 0.291677 0.285197 0.075918 0.112494 -0.263941 0.042791 0.011361 0.294031 -0.103188 0.033987 -0.062049 -0.159241 0.175328 0.380073 0.202817 -0.008684 -0.002656 0.030410 -0.182284 -0.228525 0.128329 -0.304286 0.338550 0.401594 0.144286 0.217501 0.234632 1.000000 0.129599 0.503055 -0.203314 -0.142677 -0.234373 -0.193202 0.193699 0.216479 -0.179074 -0.204414 -0.039341 0.081511 -0.281549 -0.181103 -0.486813 -0.142162 -0.282156 -0.501898 -0.412479 -0.225391 -0.410245 -0.417830 -0.315337 -0.469385 -0.358350 -0.351663 -0.384313 -0.398788 -0.085620 -0.216679 0.229801 0.313021 -0.054269 0.220871 0.087256 0.022833 0.244283 0.222376 0.282597 0.221943 0.046003 0.225027 -0.003256 0.030759 -0.219483 -0.304354 0.038472 -0.136747 0.055972 0.394016 0.044321 -0.222498 0.013307 0.127177 -0.003937 -0.323744 0.265076 0.316812 0.176859 0.339703 -0.079545 -0.004118 -0.463046 0.124171 0.006304 -0.148134 0.013076 0.094504 0.042407 0.040464 -0.151681 -0.132931 -0.122478 0.048995 0.006473 -0.015449 0.059271 0.013656 0.208103 -0.017949 -0.019501 -0.073864
0.110871 0.106115 0.120874 -0.030245 0.140009 0.234539 0.100439 0.021428 0.000281 -0.052755 0.244858 0.160331 0.222135 0.025708 -0.087507 0.023628 -0.245535 -0.185919 0.069408 0.075057 0.260218 0.121469 -0.229011 -0.010183 -0.021806 0.170561 -0.001608 0.115390 -0.186029 -0.034235 0.194200 0.129598 -0.240061 0.129599 1.000000 0.593669 0.105294 0.173517 -0.136440 -0.075257 0.020170 -0.133626 0.043469 0.133047 0.089425 0.288729 -0.215335 -0.186529 0.244524 0.022205 -0.016292 -0.003355 -0.423269 -0.342529 -0.126569 -0.309888 -0.201873 -0.244307 -0.200052 -0.344106 -0.318682 -0.365445 -0.333339 -0.298599 -0.021701 0.198290 0.151479 0.345060 -0.160988 -0.099879 0.043906 0.378001 0.010947 -0.059867 -0.236404 0.093248 -0.035322 0.036925 -0.097839 -0.085686 -0.055256 -0.191732 -0.004540 0.093353 0.038780 0.118345 -0.010469 -0.049580 -0.006910 -0.145416 0.026957 0.121677 0.191499 0.036182 -0.067063 -0.098963 -0.088670 -0.205687 -0.098900 -0.272874 -0.133499 -0.005766 0.131929 0.073957 0.150213 0.162840 0.166836 0.024399 -0.311757 0.227857 0.364200 0.191014 0.285160 0.038392 0.044056 0.181052
0.054064 -0.119190 0.258826 0.123749 0.260889 0.328594 0.379822 0.361968 0.093008 0.131667 -0.054644 0.094994 0.240207 0.220764 0.002547 0.001105 -0.145547 -0.343564 0.129590 0.072419 0.330839 0.021252 -0.094526 -0.101358 -0.071416 -0.038067 0.157235 -0.141986 -0.014381 0.012102 0.216328 0.116533 0.000059 0.503055 0.593669 1.000000 -0.095745 -0.117605 -0.279407 -0.232597 -0.037758 -0.032389 -0.074340 -0.015159 0.014416 0.311368 -0.335804 -0.112148 0.049001 -0.088924 -0.041420 -0.271009 -0.466201 -0.361717 -0.310193 -0.536378 -0.323793 -0.525720 -0.161607 -0.369136 -0.231593 -0.477619 -0.311047 -0.346790 0.374317 0.445762 0.080295 0.516300 -0.087987 0.006834 -0.022859 0.129745 0.090870 -0.078066 -0.282753 0.093827 -0.073106 -0.003977 -0.322752 -0.355010 -0.084081 -0.374376 0.125146 0.172495 0.102529 -0.035782 0.169713 0.043359 0.018965 -0.342387 0.281554 0.250559 0.233895 0.171915 -0.249767 -0.153461 -0.326243 -0.223771 -0.046179 -0.167981 -0.242331 -0.067621 0.053564 0.013941 0.151283 0.067345 0.034795 -0.068187 -0.294954 0.099884 0.408034 0.182719 0.249223 -0.166429 -0.139696 0.032327
