1.000000 0.342249 -0.095370 -0.240034 -0.265170 -0.056245 -0.335100 -0.369508 0.016898 -0.273147 0.562555 0.350002 0.305782 0.074480 0.038072 -0.092724 -0.015816 0.213825 0.366430 -0.159404 -0.030773 -0.114339 0.170101 -0.320218 0.093791 -0.099472 -0.129786 -0.026108 -0.059247 -0.236791 -0.134957 -0.497502 0.158647 -0.134571 0.120412 -0.280921 -0.100585 -0.240081 -0.075927 -0.005429 -0.095154 -0.125317 0.016815 0.211095 -0.173572 -0.101275 -0.006088 0.155355 0.116544 0.064826 0.292407 0.441472 0.219658 0.205210 -0.035713 0.060389 0.195111 0.311585 0.384486 0.139076 0.419751 0.266647 0.248465 0.016447 0.154707 0.177835 0.255292 -0.048656 0.154423 0.119846 -0.286173 -0.232625 -0.195582 -0.316568 -0.167063 -0.202630 -0.268260 -0.243673 -0.370592 -0.118112 -0.299090 -0.309889 -0.130265 -0.360044 0.231197 0.150874 -0.022321 -0.010260 0.012055 0.312369 -0.130370 0.089254 -0.157259 -0.360102 -0.183551 -0.107697 -0.117895 -0.149123 -0.358756 0.037339 -0.412992 -0.239845 -0.284119 -0.197792 -0.339563 -0.278012 -0.182106 -0.120451 0.050994 -0.265151 -0.349894 -0.140393 -0.187395 -0.303806 -0.202482 -0.043742
0.342249 1.000000 -0.103931 0.297591 -0.327286 -0.597325 0.212176 0.377898 -0.129054 0.211047 0.313411 0.747801 0.465030 0.582675 -0.114306 0.124313 0.440220 0.600437 0.140370 0.244638 -0.584303 -0.501684 -0.594960 -0.291723 -0.308211 -0.540381 -0.582167 -0.427435 0.130868 0.282285 0.020425 -0.070596 0.373735 0.626634 0.344246 0.290039 -0.328439 -0.462988 -0.513618 -0.255559 -0.287542 -0.312814 -0.425024 -0.320628 -0.328907 -0.119413 -0.275063 -0.171939 -0.236045 -0.458362 -0.283415 -0.199834 -0.099554 -0.296539 -0.477561 -0.533335 0.105333 0.405289 -0.035787 0.037832 0.566616 0.331168 0.480152 0.308168 0.428681 0.544621 0.035305 0.399056 0.141133 0.153789 0.261192 0.133014 0.392261 0.357598 0.241271 0.359147 0.484294 0.516899 0.004851 -0.021521 -0.131348 -0.053061 -0.405906 -0.038988 -0.142729 0.065875 -0.668785 -0.494410 0.022563 -0.183795 -0.372602 -0.502229 -0.177830 -0.074343 -0.386728 -0.298258 -0.542240 -0.469128 -0.532902 -0.465772 0.123253 -0.078198 0.044002 -0.226119 -0.240159 -0.132563 -0.049237 -0.244135 -0.287933 -0.139605 -0.109147 -0.293272 -0.207294 -0.151669 -0.050188 -0.214982
-0.095370 -0.103931 1.000000 0.277585 0.311456 -0.173834 0.488771 0.286890 0.797543 0.464626 0.095545 0.016755 0.139954 -0.220847 0.570942 0.343987 -0.358497 -0.356964 0.462333 0.167320 -0.144319 -0.069060 0.333458 0.426055 -0.207714 -0.017526 -0.051105 0.455011 -0.429221 -0.433618 0.468930 0.364356 -0.219352 0.125315 0.146182 0.131478 -0.325778 -0.309730 -0.158946 -0.388196 -0.166941 -0.248198 0.010097 -0.201411 -0.104156 -0.359415 -0.010637 -0.040203 -0.174780 -0.262530 0.258582 -0.137250 -0.175158 -0.133636 -0.230575 -0.267478 -0.116806 -0.119585 -0.258211 -0.278327 -0.213943 -0.060577 -0.443079 -0.260144 0.417159 0.210366 -0.307444 -0.052486 -0.355741 -0.038583 0.171761 -0.136223 -0.331530 0.054552 0.068071 0.003771 0.081509 0.108853 -0.282586 -0.472244 -0.375428 -0.497251 -0.318770 -0.044162 0.485938 0.220107 0.066177 -0.091387 0.536787 0.021532 0.217198 -0.030350 0.169768 0.114947 -0.211160 -0.236449 -0.217699 -0.295596 -0.041253 -0.203618 0.064685 0.336071 -0.029123 0.010203 -0.075088 -0.031657 -0.081226 -0.088583 -0.495829 0.037426 -0.018755 0.080180 0.210887 -0.020216 -0.107796 -0.198750
-0.240034 0.297591 0.277585 1.000000 0.127435 -0.400254 0.293650 0.717891 0.176098 0.475322 -0.110625 0.267118 -0.001971 0.132533 0.290692 0.501324 -0.175988 -0.117267 -0.072440 0.321311 -0.305460 -0.082264 -0.112489 0.570074 -0.338351 -0.132410 -0.177814 0.314497 0.059035 0.227223 0.575673 0.705388 -0.151504 0.486179 0.301800 0.387320 -0.306147 -0.087414 -0.349278 -0.118621 -0.163213 -0.188202 -0.366791 -0.625650 -0.294099 -0.346657 -0.380383 -0.503871 -0.474059 -0.621029 -0.254060 -0.512056 -0.232454 -0.329916 -0.406126 -0.367703 -0.348087 -0.263937 -0.568370 -0.437072 -0.247718 -0.195630 -0.148121 -0.309255 0.435520 0.252965 -0.415836 0.234783 -0.351848 0.070090 0.252612 0.225354 0.205241 0.238241 0.073817 0.272389 0.327906 0.335938 -0.050654 -0.460238 0.036976 -0.142389 -0.093676 0.424224 0.403868 0.451017 -0.277614 -0.094759 0.125495 -0.121684 0.294075 -0.241351 0.332343 0.155620 -0.160843 -0.111095 -0.452748 -0.177235 -0.080968 -0.393891 0.451753 0.197699 0.271515 0.026418 0.161604 0.210156 0.167057 0.044499 -0.195958 0.095300 0.003489 -0.352797 0.188963 0.210895 -0.015978 0.059243
-0.265170 -0.327286 0.311456 0.127435 1.000000 0.439345 0.362229 0.229975 0.438834 0.463470 0.213083 -0.074349 0.206515 -0.123192 0.495814 0.419633 -0.313718 -0.221888 -0.116047 -0.088465 0.288139 0.333775 0.165537 0.199662 0.296542 0.045470 0.524205 0.270239 -0.092672 0.065128 0.037556 0.213659 -0.393900 -0.179919 -0.155379 0.005364 0.270817 0.282874 0.256567 0.158226 0.200744 0.376533 -0.021700 -0.112439 -0.247441 -0.256125 0.022205 -0.106647 0.021670 -0.106277 0.022845 -0.268813 -0.084944 -0.110227 0.122295 0.117343 -0.386364 -0.492350 -0.412148 -0.493593 -0.439775 -0.510134 -0.516305 -0.515470 0.192831 -0.091036 -0.368426 -0.243444 -0.425815 -0.277137 0.127217 0.069167 -0.013728 0.215684 0.249852 0.161737 0.018778 0.038280 -0.123990 -0.176206 -0.153650 -0.160219 -0.124517 0.095028 0.102367 -0.085392 0.134163 -0.142913 0.349381 -0.210314 0.309806 0.116868 0.218194 0.206213 0.260624 0.157668 0.153052 0.312996 0.391221 0.297951 0.198897 0.380417 0.158832 0.362623 0.420076 0.376032 0.212678 0.195557 -0.115666 0.323017 0.149350 0.116583 0.047110 0.340644 0.188255 0.088349
-0.056245 -0.597325 -0.173834 -0.400254 0.439345 1.000000 -0.252682 -0.401198 -0.085103 -0.186313 0.035265 -0.345438 -0.082076 -0.250452 0.048116 -0.191224 -0.209081 -0.163389 -0.150704 -0.242619 0.737129 0.644675 0.440254 -0.043454 0.606838 0.537581 0.821151 0.170495 -0.101350 -0.051897 -0.420225 -0.289338 -0.157730 -0.557516 -0.275693 -0.398737 0.636710 0.567509 0.767891 0.523981 0.271548 0.625806 0.137118 0.234532 0.009714 -0.029159 0.161270 0.020695 0.355871 0.356509 0.323069 0.213299 0.207529 0.234496 0.715651 0.704611 -0.070376 -0.284461 0.053483 -0.150455 -0.343726 -0.466854 -0.324516 -0.319076 -0.277218 -0.425888 0.088265 -0.425953 0.003744 -0.203720 -0.275644 -0.080179 -0.138465 -0.134133 0.080026 -0.186248 -0.425341 -0.464987 -0.171897 0.166979 -0.064876 -0.011150 0.242922 -0.171558 -0.111549 -0.206812 0.529466 0.366677 0.078397 0.103032 0.066680 0.193082 -0.017760 -0.131465 0.399765 0.291835 0.440118 0.492255 0.453077 0.546587 -0.212321 0.043649 0.008932 0.267302 0.339712 0.136251 0.046588 0.188192 0.381830 0.181534 0.104494 0.099248 -0.207014 0.178087 0.211292 0.118631
-0.335100 0.212176 0.488771 0.293650 0.362229 -0.252682 1.000000 0.673348 0.388897 0.550978 0.062576 0.182080 0.440886 0.356457 0.300156 0.355684 0.054711 0.031624 0.083816 0.132767 -0.271813 -0.161727 -0.229358 -0.016385 -0.104923 -0.340321 -0.075887 -0.085547 0.022550 0.182541 0.254359 0.300478 -0.050874 0.359620 0.205185 0.356866 -0.335358 -0.171540 -0.186094 -0.227723 -0.155862 -0.063561 -0.218520 -0.276392 -0.276774 -0.224830 -0.195181 -0.230339 -0.277660 -0.445607 -0.180456 -0.485914 -0.211709 -0.305823 -0.279521 -0.339001 -0.296434 -0.201575 -0.531504 -0.338635 -0.025764 -0.010449 -0.084233 -0.038983 0.386089 0.352070 -0.376392 0.031269 -0.367732 -0.146870 0.296489 0.167585 0.228005 0.387488 0.328926 0.281453 0.441107 0.408051 -0.066613 -0.224542 -0.151406 -0.109778 -0.428603 0.131892 0.011077 0.020156 -0.374050 -0.415577 0.350582 -0.246348 -0.072609 -0.270888 0.025666 0.238521 -0.075385 -0.119317 -0.166077 -0.147725 -0.010269 -0.213231 0.420803 0.198522 0.119614 0.014440 0.109749 0.123558 0.083373 -0.030081 -0.431905 0.144301 0.078697 -0.046897 -0.003059 0.090438 0.079864 -0.142919
-0.369508 0.377898 0.286890 0.717891 0.229975 -0.401198 0.673348 1.000000 0.242923 0.636179 -0.075231 0.331684 0.246222 0.498628 0.217315 0.574251 0.041817 0.024162 -0.147664 0.117515 -0.378653 -0.137778 -0.412359 0.205932 -0.366573 -0.392782 -0.227261 0.002334 0.099631 0.282457 0.453351 0.619093 -0.127792 0.487296 0.212197 0.425873 -0.344244 -0.120234 -0.345492 -0.183146 -0.224867 -0.197970 -0.420400 -0.539550 -0.458755 -0.417603 -0.394581 -0.469078 -0.522164 -0.721748 -0.374529 -0.607800 -0.340306 -0.484335 -0.504049 -0.456770 -0.338197 -0.268761 -0.679038 -0.515515 -0.024222 -0.058336 -0.028892 -0.198206 0.561916 0.550079 -0.512367 0.127878 -0.443395 -0.115152 0.305616 0.287836 0.273773 0.356608 0.258295 0.348984 0.499428 0.457331 0.111984 -0.267042 0.028774 -0.061017 -0.315060 0.357583 0.197409 0.337467 -0.447514 -0.321397 0.324348 -0.125549 0.063555 -0.399441 0.219298 0.244196 -0.114201 -0.056516 -0.426184 -0.158985 -0.170434 -0.459106 0.581915 0.247934 0.300690 0.077231 0.239640 0.237516 0.191810 0.056089 -0.263784 0.114706 0.059830 -0.310586 0.040540 0.160600 0.090926 0.055100
0.016898 -0.129054 0.797543 0.176098 0.438834 -0.085103 0.388897 0.242923 1.000000 0.575072 0.220669 0.044382 0.229617 -0.209134 0.634613 0.437027 -0.363872 -0.269897 0.424743 0.007092 -0.141247 -0.129669 0.336280 0.359381 -0.136519 -0.184559 -0.008617 0.381049 -0.365367 -0.391914 0.288589 0.193983 -0.261486 -0.018807 0.013042 0.007997 -0.252289 -0.270264 -0.137246 -0.313160 -0.134309 -0.191598 0.031710 -0.078277 -0.191728 -0.379060 0.047072 0.048123 -0.074607 -0.214806 0.251433 -0.053108 -0.082448 -0.056726 -0.158348 -0.168819 -0.184536 -0.221089 -0.277290 -0.384282 -0.157759 -0.127341 -0.375952 -0.360257 0.466460 0.372846 -0.302065 -0.068175 -0.381404 -0.162547 0.011794 -0.187893 -0.325129 -0.049585 0.051968 -0.040157 -0.041140 -0.014482 -0.372812 -0.492836 -0.426947 -0.537279 -0.362017 -0.105202 0.550893 0.226029 0.112288 -0.109039 0.555429 0.113103 0.254490 0.054370 0.136216 0.103572 -0.144176 -0.176199 -0.154060 -0.203403 -0.030667 -0.099031 -0.017097 0.334057 0.013835 0.121456 0.012637 0.028567 -0.017152 -0.023344 -0.400683 0.032918 -0.110708 0.119577 0.098180 -0.068078 -0.129337 -0.063464
-0.273147 0.211047 0.464626 0.475322 0.463470 -0.186313 0.550978 0.636179 0.575072 1.000000 0.040004 0.222163 0.203562 0.121045 0.220125 0.386602 -0.051032 -0.013238 0.016336 0.088425 -0.392330 -0.247451 -0.214383 0.239912 -0.174203 -0.418518 -0.120565 0.017619 -0.284075 0.028709 0.170870 0.339245 -0.184522 0.243985 0.072433 0.169146 -0.264826 -0.214856 -0.277694 -0.110721 -0.345481 -0.190108 -0.156748 -0.264414 -0.371179 -0.401247 -0.040270 -0.066139 -0.152582 -0.382337 -0.059312 -0.272847 -0.118590 -0.232236 -0.310390 -0.379136 -0.187026 -0.169184 -0.426977 -0.369639 -0.055946 -0.030022 -0.238892 -0.166060 0.514156 0.516656 -0.331501 0.096280 -0.353745 -0.090051 0.262331 0.077124 0.004584 0.350970 0.282126 0.337147 0.339210 0.286122 -0.182592 -0.355264 -0.368098 -0.351775 -0.568024 -0.038356 0.235162 0.105126 -0.127186 -0.281555 0.453679 -0.237049 0.136425 -0.217751 0.011313 0.196688 -0.203675 -0.278830 -0.205541 -0.248771 -0.078181 -0.234126 0.316109 0.366625 0.172633 0.224534 0.242650 0.211309 0.215036 0.022325 -0.326782 0.004069 0.057247 0.057119 -0.009606 0.024179 -0.031844 -0.091323
0.562555 0.313411 0.095545 -0.110625 0.213083 0.035265 0.062576 -0.075231 0.220669 0.040004 1.000000 0.619933 0.722882 0.232645 0.472560 0.275482 -0.103718 0.373533 0.116726 0.124097 -0.029825 -0.067723 -0.079399 -0.212041 0.153991 -0.269000 0.065464 -0.005967 -0.004831 -0.076447 -0.142984 -0.384833 -0.010180 0.036176 -0.026299 -0.234584 0.148503 -0.182571 -0.038789 -0.094136 0.158833 0.041541 -0.054344 -0.004718 -0.249819 -0.200651 -0.007178 0.029964 -0.054299 -0.223489 -0.005918 -0.047579 -0.140233 -0.227314 -0.122451 -0.158942 -0.142618 -0.025175 0.032616 -0.304384 0.263621 -0.063182 -0.094928 -0.169162 0.442206 0.256701 -0.094693 -0.224068 -0.153322 -0.220899 0.109805 -0.187237 -0.019536 -0.016172 -0.004089 0.096316 0.098095 0.166661 -0.227785 -0.098362 -0.315237 -0.340118 -0.269566 -0.140395 0.051569 0.021096 -0.270380 -0.361577 0.299572 0.034558 -0.080736 0.049824 0.023796 -0.101013 -0.048790 0.028188 -0.065998 -0.033633 -0.074210 -0.063216 -0.156415 0.075421 -0.090581 0.034221 -0.103421 -0.057025 -0.212497 -0.138094 -0.192785 0.261095 0.027670 0.032821 -0.107678 0.090230 -0.017571 -0.147095
0.350002 0.747801 0.016755 0.267118 -0.074349 -0.345438 0.182080 0.331684 0.044382 0.222163 0.619933 1.000000 0.648487 0.585579 0.229634 0.350522 0.137356 0.510193 0.020799 0.305950 -0.453072 -0.324205 -0.524477 -0.174555 -0.308086 -0.604548 -0.348926 -0.277575 0.264263 0.300002 0.018928 -0.079550 -0.020998 0.427770 0.125801 0.059408 -0.095261 -0.268901 -0.410076 -0.304084 -0.034297 -0.223538 -0.350125 -0.348353 -0.261078 -0.130234 -0.334561 -0.188698 -0.356924 -0.530112 -0.340594 -0.352204 -0.317593 -0.402418 -0.407957 -0.408573 -0.225599 0.013643 -0.192765 -0.359857 0.328244 -0.021581 0.212293 -0.037865 0.508292 0.573079 -0.312679 0.123031 -0.272856 -0.282250 0.328473 0.086829 0.393785 0.305622 0.178769 0.318103 0.409146 0.487390 -0.094799 -0.114527 -0.121532 -0.193934 -0.291882 0.113443 -0.010598 0.210787 -0.669924 -0.531736 0.111212 -0.188225 -0.158872 -0.296430 0.005680 -0.006689 -0.159667 -0.052824 -0.381303 -0.183699 -0.223971 -0.260067 0.111714 0.036599 0.129136 -0.120948 -0.160741 -0.061710 -0.139082 -0.143625 -0.263574 0.213339 0.128714 -0.163571 -0.116990 0.097140 0.125255 -0.137120
0.305782 0.465030 0.139954 -0.001971 0.206515 -0.082076 0.440886 0.246222 0.229617 0.203562 0.722882 0.648487 1.000000 0.523589 0.422744 0.287093 0.019832 0.379227 0.117580 0.111048 -0.216994 -0.108054 -0.257795 -0.243454 0.044180 -0.375449 -0.014836 -0.136325 0.069943 0.108358 -0.173892 -0.304132 -0.018704 0.247953 0.238315 0.093883 -0.092394 -0.325643 -0.105911 -0.223664 -0.033371 -0.051677 -0.372660 -0.245537 -0.308679 -0.207100 -0.275598 -0.188593 -0.169408 -0.420179 -0.197325 -0.264910 -0.334340 -0.381873 -0.223474 -0.247453 -0.260887 -0.048237 -0.179967 -0.313611 0.352044 -0.001375 0.083956 -0.041191 0.546915 0.486502 -0.213475 -0.002136 -0.263129 -0.263533 0.157856 0.036170 0.154002 0.127519 0.145289 0.150316 0.325496 0.396120 -0.245166 -0.189417 -0.268756 -0.263689 -0.313110 -0.083925 0.014026 0.034211 -0.439047 -0.539783 0.428381 0.050589 -0.212520 -0.221678 0.101816 0.123194 -0.096503 -0.060651 -0.227093 -0.107818 -0.146965 -0.107337 0.101511 0.155811 0.108620 0.055531 0.015385 0.038075 -0.018488 -0.051328 -0.415285 0.226441 0.048926 -0.040539 -0.069518 0.095119 0.058637 -0.193722
0.074480 0.582675 -0.220847 0.132533 -0.123192 -0.250452 0.356457 0.498628 -0.209134 0.121045 0.232645 0.585579 0.523589 1.000000 -0.155530 0.202329 0.244101 0.480910 -0.067653 -0.037407 -0.355379 -0.235538 -0.589263 -0.413777 -0.248921 -0.549315 -0.270409 -0.618478 0.263146 0.450641 -0.209408 -0.129664 0.150904 0.334205 0.079316 0.010281 -0.101648 -0.014822 -0.165895 0.003963 -0.120585 -0.102017 -0.230752 -0.182685 -0.381795 -0.229206 -0.206881 -0.138819 -0.254525 -0.432005 -0.334809 -0.295011 -0.065002 -0.149733 -0.148362 -0.137065 -0.118083 0.056235 -0.204660 -0.213444 0.445746 0.287524 0.290719 0.127125 0.247656 0.480332 -0.268287 -0.101575 -0.261336 -0.226649 0.090479 0.161226 0.384117 0.239434 0.207858 0.176565 0.315260 0.275819 0.073478 0.031299 -0.029056 0.051207 -0.218219 0.094411 -0.216385 0.001204 -0.483478 -0.343833 0.074581 -0.023154 -0.287737 -0.351994 -0.043135 -0.077096 -0.028273 0.016082 -0.184441 -0.083408 -0.090780 -0.119739 0.230795 -0.047272 0.198992 -0.095112 -0.028848 -0.084355 0.042709 -0.025264 -0.094981 0.030396 -0.025711 -0.036962 -0.206267 -0.014287 0.057169 -0.075423
0.038072 -0.114306 0.570942 0.290692 0.495814 0.048116 0.300156 0.217315 0.634613 0.220125 0.472560 0.229634 0.422744 -0.155530 1.000000 0.644697 -0.348463 -0.160965 0.253977 0.248231 0.164806 0.260199 0.354391 0.432838 0.126640 0.042359 0.270768 0.529526 0.067237 -0.069188 0.445247 0.312712 -0.197246 0.198284 0.129026 0.115957 0.000145 -0.128232 -0.010021 -0.186233 0.285232 0.135672 -0.258191 -0.351448 -0.220151 -0.388184 -0.248261 -0.353798 -0.330461 -0.438536 -0.031831 -0.409452 -0.344755 -0.381359 -0.194969 -0.174630 -0.321390 -0.283037 -0.477152 -0.623467 -0.300039 -0.482880 -0.402876 -0.471624 0.509691 0.065539 -0.419490 -0.184021 -0.428138 -0.155586 0.120929 -0.032348 0.006257 0.087863 0.206164 0.194281 0.178899 0.221970 -0.117065 -0.329738 -0.050778 -0.224953 0.000116 0.300301 0.474094 0.246535 -0.091883 -0.193546 0.433857 -0.005979 0.141746 -0.073302 0.282416 0.103495 -0.011041 0.037959 -0.212817 0.032255 0.050415 -0.135466 0.124839 0.194517 0.077916 0.049444 0.072226 0.094621 -0.153219 -0.146264 -0.339272 0.400219 0.106387 -0.115425 0.029871 0.265098 0.133188 -0.058224
-0.092724 0.124313 0.343987 0.501324 0.419633 -0.191224 0.355684 0.574251 0.437027 0.386602 0.275482 0.350522 0.287093 0.202329 0.644697 1.000000 -0.236175 0.024847 0.018316 -0.024303 0.002734 0.109794 -0.107524 0.147562 -0.303343 -0.232736 0.029920 0.297296 0.210339 0.200109 0.570365 0.534617 -0.311627 0.196958 0.060791 0.234854 -0.036585 -0.063669 -0.059023 -0.251872 0.212172 -0.041054 -0.281800 -0.440688 -0.402586 -0.422627 -0.356168 -0.384744 -0.543341 -0.636264 -0.293101 -0.572864 -0.327550 -0.466702 -0.474254 -0.278971 -0.482571 -0.366918 -0.644676 -0.681005 -0.154264 -0.332277 -0.151176 -0.506404 0.484078 0.299515 -0.698869 -0.204593 -0.576327 -0.333609 0.084342 0.134525 0.088031 0.080428 0.127285 0.072916 0.201107 0.222706 -0.020716 -0.422167 0.060443 -0.189413 -0.079920 0.507149 0.295648 0.241472 -0.336633 -0.148467 0.397409 -0.043508 0.223647 0.022515 0.372445 0.266919 0.243113 0.355210 -0.195681 0.204575 0.001393 -0.170558 0.307552 0.238702 0.286230 0.110259 0.188178 0.176160 0.117435 0.156677 -0.162493 0.334832 0.183651 -0.144538 0.067853 0.350104 0.395908 0.339905
-0.015816 0.440220 -0.358497 -0.175988 -0.313718 -0.209081 0.054711 0.041817 -0.363872 -0.051032 -0.103718 0.137356 0.019832 0.244101 -0.348463 -0.236175 1.000000 0.627251 -0.041407 0.185288 -0.146063 -0.117686 -0.440118 -0.201254 -0.067335 -0.155062 -0.241284 -0.468677 0.356455 0.347245 -0.224607 -0.102595 0.522553 0.460640 0.237690 0.231754 0.082536 -0.063649 -0.155840 -0.027769 0.101998 0.094044 -0.383133 -0.139794 -0.239816 0.002847 -0.209422 -0.143151 0.082096 -0.050345 -0.333997 -0.146066 0.021488 -0.243174 -0.083247 -0.172700 0.534998 0.610799 0.052515 0.225471 0.502602 0.161238 0.648682 0.687263 -0.037400 0.078129 0.253174 0.193895 0.504894 0.329612 0.174270 0.216223 0.553215 0.352689 0.377474 0.399855 0.410083 0.317541 0.525120 0.607419 0.264184 0.441956 -0.099425 -0.066979 -0.486161 -0.371993 -0.284051 -0.306106 -0.070933 -0.162498 -0.597359 -0.559970 -0.470609 -0.117069 -0.160549 -0.135619 -0.332702 -0.179073 -0.419432 -0.228593 0.101445 -0.125108 -0.042177 -0.075306 -0.156500 -0.225854 -0.162356 -0.191248 0.085036 -0.090049 -0.006817 -0.350404 -0.469214 -0.124586 -0.069145 -0.261931
0.213825 0.600437 -0.356964 -0.117267 -0.221888 -0.163389 0.031624 0.024162 -0.269897 -0.013238 0.373533 0.510193 0.379227 0.480910 -0.160965 0.024847 0.627251 1.000000 0.037040 0.189947 -0.170923 -0.147434 -0.466463 -0.372972 -0.020222 -0.337898 -0.214092 -0.493716 0.173198 0.428684 -0.326751 -0.307811 0.405133 0.402967 0.193628 0.011660 0.250761 -0.150902 -0.007423 0.060897 0.201404 0.155227 -0.322704 -0.121227 -0.387655 -0.158509 -0.155012 -0.115387 0.029790 -0.183966 -0.267456 -0.096713 0.011153 -0.274431 -0.045597 -0.118455 0.286716 0.482594 -0.002716 -0.048328 0.477604 0.119418 0.431568 0.470190 0.118329 0.173109 0.000300 -0.101071 0.314019 -0.033850 0.076110 0.090280 0.416751 0.273902 0.281014 0.271957 0.286554 0.256956 0.100783 0.317158 -0.102878 0.094149 -0.290319 -0.127810 -0.456092 -0.354450 -0.370052 -0.242332 0.097272 -0.103356 -0.415832 -0.285171 -0.389284 -0.113165 -0.067973 -0.025591 -0.167985 -0.069149 -0.198655 -0.128024 0.129520 -0.034722 0.129168 0.059700 -0.037314 -0.147936 -0.106361 -0.171322 0.013172 0.074899 0.081392 -0.136563 -0.458504 -0.018873 0.125278 -0.109349
0.366430 0.140370 0.462333 -0.072440 -0.116047 -0.150704 0.083816 -0.147664 0.424743 0.016336 0.116726 0.020799 0.117580 -0.067653 0.253977 0.018316 -0.041407 0.037040 1.000000 -0.013281 -0.000673 -0.011414 0.438670 0.012045 0.067334 -0.004915 -0.195732 0.057551 -0.413557 -0.152298 0.113126 -0.137986 0.403163 0.137811 0.401272 -0.041200 -0.234397 -0.280448 -0.034194 -0.143818 -0.097618 0.041565 0.099577 0.199334 -0.234447 -0.318945 0.193839 0.211772 0.192704 0.024662 0.494222 0.276965 0.309576 0.163963 0.143371 0.030752 0.297916 0.390165 0.073497 0.050409 0.172797 0.181240 -0.084285 0.104458 0.083834 -0.033889 0.133238 -0.111931 0.183855 0.154849 -0.166742 0.034730 -0.084751 0.040659 0.313125 0.078290 -0.039265 -0.120223 -0.388715 -0.157436 -0.492321 -0.436102 -0.364902 -0.410414 0.174496 -0.157572 0.116863 0.010503 0.252715 0.073635 -0.226577 -0.196109 -0.341213 -0.368227 -0.365267 -0.368351 -0.036915 -0.403217 -0.223511 -0.085859 -0.184300 -0.132385 -0.136909 -0.203255 -0.324612 -0.362107 -0.127396 -0.219234 -0.332989 -0.296856 -0.310824 0.194113 -0.275202 -0.528430 -0.258460 -0.287647
-0.159404 0.244638 0.167320 0.321311 -0.088465 -0.242619 0.132767 0.117515 0.007092 0.088425 0.124097 0.305950 0.111048 -0.037407 0.248231 -0.024303 0.185288 0.189947 -0.013281 1.000000 -0.276472 -0.225340 -0.223320 0.331813 -0.105312 -0.123746 -0.248555 -0.007904 0.232666 0.155749 0.137701 0.197346 0.073059 0.546151 0.072616 0.046886 0.012107 -0.135922 -0.410984 -0.215933 0.005443 0.007076 -0.086329 -0.206309 0.131651 -0.014426 -0.073808 -0.079629 -0.302149 -0.260674 -0.324427 -0.358478 -0.201954 -0.257805 -0.200681 -0.280720 0.082426 0.044528 -0.152331 -0.110921 -0.042734 -0.159271 0.120915 0.162338 0.093159 -0.038890 -0.152924 0.178526 0.125329 0.276189 0.522361 0.000044 0.307767 0.410251 0.130471 0.477051 0.461688 0.534604 0.234711 0.198190 0.165095 0.138643 -0.001671 0.302503 0.016523 0.079024 -0.358794 -0.182271 -0.224233 -0.428618 -0.069266 -0.353995 -0.035319 -0.133630 -0.270574 -0.210345 -0.245893 -0.241166 0.061523 -0.227085 0.057038 -0.078314 -0.078176 -0.320789 -0.293488 -0.286584 -0.510874 -0.508262 -0.250733 0.434800 0.141975 -0.046968 -0.009183 0.172996 -0.021638 -0.558073
-0.030773 -0.584303 -0.144319 -0.305460 0.288139 0.737129 -0.271813 -0.378653 -0.141247 -0.392330 -0.029825 -0.453072 -0.216994 -0.355379 0.164806 0.002734 -0.146063 -0.170923 -0.000673 -0.276472 1.000000 0.860068 0.588620 0.087846 0.628530 0.766307 0.790308 0.344043 0.027406 0.020132 -0.023845 -0.002035 -0.003931 -0.393490 -0.105705 -0.224152 0.683935 0.519028 0.762403 0.414273 0.620323 0.761105 0.130156 0.168172 -0.021707 -0.091328 0.053867 -0.113025 0.244819 0.299075 0.336250 0.168332 0.228635 0.153203 0.564919 0.591519 0.055147 -0.186692 0.025754 -0.126767 -0.339464 -0.488243 -0.248847 -0.322934 -0.310456 -0.577612 0.115276 -0.482812 0.036061 -0.014300 -0.316067 0.087659 -0.081904 -0.254234 0.079257 -0.203353 -0.414722 -0.479296 0.022422 0.159938 0.168903 0.114123 0.393093 0.047353 -0.069430 -0.212364 0.424790 0.354841 0.071508 0.168311 -0.015693 0.155548 -0.089034 -0.241177 0.368017 0.364638 0.354377 0.456504 0.263039 0.311894 -0.225476 -0.192270 -0.101343 0.062136 0.151818 -0.073466 -0.118340 0.026269 0.377639 0.163275 0.052637 -0.085434 -0.206698 0.071872 0.165086 0.173780
-0.114339 -0.501684 -0.069060 -0.082264 0.333775 0.644675 -0.161727 -0.137778 -0.129669 -0.247451 -0.067723 -0.324205 -0.108054 -0.235538 0.260199 0.109794 -0.117686 -0.147434 -0.011414 -0.225340 0.860068 1.000000 0.516702 0.223495 0.583027 0.701804 0.800107 0.469070 0.072741 0.147571 0.107152 0.178950 -0.108998 -0.232422 0.073502 -0.032937 0.601641 0.491906 0.649136 0.482288 0.573218 0.724176 -0.147991 -0.060844 -0.211614 -0.237395 -0.205554 -0.346026 0.087749 0.052485 0.186585 -0.023151 0.043760 -0.059785 0.455959 0.490405 -0.016504 -0.198686 -0.234800 -0.360095 -0.393355 -0.609133 -0.280597 -0.378854 -0.193159 -0.461814 -0.075227 -0.416606 -0.089563 -0.075658 -0.155905 0.312589 0.096427 -0.086834 0.204170 0.010378 -0.184180 -0.273701 0.076447 0.164685 0.249770 0.169509 0.338734 0.124898 0.055872 -0.056005 0.301333 0.205511 0.207790 0.209348 -0.074112 -0.036115 -0.067741 -0.155328 0.319566 0.298238 0.186871 0.402577 0.226624 0.255803 0.048500 -0.035943 0.070936 0.175737 0.277322 0.012940 -0.001325 0.088722 0.241246 0.222784 0.124351 -0.169418 -0.291006 0.131602 0.200206 0.123518
0.170101 -0.594960 0.333458 -0.112489 0.165537 0.440254 -0.229358 -0.412359 0.336280 -0.214383 -0.079399 -0.524477 -0.257795 -0.589263 0.354391 -0.107524 -0.440118 -0.466463 0.438670 -0.223320 0.588620 0.516702 1.000000 0.431494 0.498184 0.666197 0.491773 0.592383 -0.378374 -0.394286 0.133860 -0.007677 0.008053 -0.313646 0.150542 -0.146279 0.122394 0.122410 0.411756 0.246805 0.230511 0.344292 0.189910 0.166508 0.047804 -0.159362 0.142402 -0.004914 0.306132 0.310490 0.683792 0.415048 0.357066 0.411921 0.511492 0.446613 0.161287 -0.014524 0.118744 -0.031143 -0.369052 -0.232394 -0.437575 -0.271738 -0.105537 -0.449198 0.224507 -0.238857 0.004701 0.176245 -0.446127 -0.190354 -0.371194 -0.335689 0.005557 -0.265588 -0.510863 -0.562371 -0.340512 -0.212411 -0.178094 -0.212474 0.209868 -0.221951 0.470587 0.082386 0.651085 0.406036 0.148221 0.347194 0.197280 0.222374 -0.060267 -0.289587 -0.092561 -0.164347 0.129900 -0.021899 0.106409 0.181086 -0.285112 -0.099064 -0.210098 0.021183 -0.053896 -0.096449 -0.103416 -0.093370 0.028470 -0.232990 -0.254166 -0.012788 -0.021892 -0.233490 -0.271344 -0.022873
-0.320218 -0.291723 0.426055 0.570074 0.199662 -0.043454 -0.016385 0.205932 0.359381 0.239912 -0.212041 -0.174555 -0.243454 -0.413777 0.432838 0.147562 -0.201254 -0.372972 0.012045 0.331813 0.087846 0.223495 0.431494 1.000000 -0.022680 0.349723 0.143451 0.610311 -0.119045 -0.094698 0.441797 0.613235 -0.149871 0.237432 0.208622 0.237026 0.001658 0.067572 -0.112142 -0.039220 0.191423 0.038715 -0.195535 -0.482628 -0.028291 -0.270532 -0.217900 -0.379097 -0.169276 -0.209551 0.039711 -0.239181 -0.207621 -0.153432 -0.032920 -0.143266 -0.027857 -0.155052 -0.280924 -0.295051 -0.487118 -0.382887 -0.412202 -0.257755 0.213370 -0.113760 -0.131250 0.069897 -0.179139 0.181184 0.175096 0.066175 0.000740 0.080704 0.053065 0.176544 0.118220 0.106946 0.067084 -0.226466 0.116383 -0.023264 0.196214 0.262580 0.471592 0.296406 0.217672 -0.009172 0.159759 0.034290 0.336356 -0.123680 0.234898 0.063135 -0.200347 -0.217447 -0.334388 -0.148760 0.001714 -0.253193 0.227893 0.292512 0.089552 0.153087 0.097755 0.137417 -0.030908 -0.079528 -0.138944 0.111123 0.043799 -0.234224 0.239189 0.117924 -0.254963 -0.097009
0.093791 -0.308211 -0.207714 -0.338351 0.296542 0.606838 -0.104923 -0.366573 -0.136519 -0.174203 0.153991 -0.308086 0.044180 -0.248921 0.126640 -0.303343 -0.067335 -0.020222 0.067334 -0.105312 0.628530 0.583027 0.498184 -0.022680 1.000000 0.513510 0.630446 0.088468 -0.137552 -0.004062 -0.286142 -0.338555 0.163494 -0.189697 -0.016000 -0.167207 0.490141 0.206646 0.511619 0.559301 0.306686 0.699578 0.070410 0.269730 -0.043729 -0.033777 0.225076 0.033256 0.388919 0.349165 0.373522 0.327781 0.373288 0.244841 0.607392 0.427553 0.243401 0.057932 0.101962 0.012983 -0.152397 -0.244391 -0.225543 -0.067085 -0.151993 -0.446935 0.307933 -0.244735 0.159401 0.127079 -0.199616 -0.083460 0.042978 0.008901 0.286632 0.143377 -0.201443 -0.281318 -0.053863 0.273642 -0.043754 0.133784 0.069486 -0.292587 -0.079751 -0.242865 0.356871 0.076422 -0.014071 0.106169 -0.192742 -0.055063 -0.369320 -0.334156 -0.065623 -0.136575 0.255388 0.076516 0.161737 0.209174 -0.096647 -0.275183 -0.168206 0.073193 0.146653 -0.018767 -0.105575 -0.267211 0.184092 0.009013 -0.130794 0.000585 -0.416357 -0.162345 -0.091748 -0.168332
-0.099472 -0.540381 -0.017526 -0.132410 0.045470 0.537581 -0.340321 -0.392782 -0.184559 -0.418518 -0.269000 -0.604548 -0.375449 -0.549315 0.042359 -0.232736 -0.155062 -0.337898 -0.004915 -0.123746 0.766307 0.701804 0.666197 0.349723 0.513510 1.000000 0.623166 0.564365 -0.150813 -0.198450 0.102539 0.137541 -0.010695 -0.279445 0.092452 0.014094 0.432405 0.324103 0.546563 0.342204 0.365213 0.500987 0.003918 -0.002250 0.089306 -0.052763 -0.016001 -0.167554 0.132250 0.259726 0.358980 0.207700 0.152163 0.135386 0.458943 0.409502 0.152729 -0.019900 0.145288 0.121096 -0.314383 -0.283865 -0.204017 -0.132870 -0.238792 -0.565943 0.240240 -0.197574 0.195215 0.248726 -0.155012 0.020001 -0.166740 -0.166404 0.017468 -0.189131 -0.282409 -0.313198 0.046549 0.114084 0.189627 0.137511 0.465648 0.002877 0.093074 -0.004738 0.490971 0.379987 0.016468 0.268661 -0.000623 0.019363 0.006309 -0.141939 0.132030 0.090085 0.142816 0.164232 0.083417 0.115650 -0.142634 -0.066124 -0.137933 0.056549 0.081548 -0.056026 -0.069889 -0.028638 0.253769 -0.021242 0.043979 -0.163062 -0.018088 -0.001810 -0.077127 0.011128
-0.129786 -0.582167 -0.051105 -0.177814 0.524205 0.821151 -0.075887 -0.227261 -0.008617 -0.120565 0.065464 -0.348926 -0.014836 -0.270409 0.270768 0.029920 -0.241284 -0.214092 -0.195732 -0.248555 0.790308 0.800107 0.491773 0.143451 0.630446 0.623166 1.000000 0.422777 0.012512 0.045445 -0.138067 -0.007450 -0.220227 -0.409330 -0.151449 -0.158188 0.613499 0.547381 0.726782 0.548267 0.453413 0.681460 -0.009824 0.022021 -0.087008 -0.118113 -0.032143 -0.205790 0.201210 0.158005 0.203534 -0.019520 0.091452 0.100781 0.565438 0.591241 -0.176579 -0.333739 -0.163405 -0.316160 -0.486238 -0.587035 -0.452291 -0.406751 -0.195701 -0.421167 0.000900 -0.396277 -0.117629 -0.112401 -0.216487 0.054046 -0.073602 -0.126735 0.082588 -0.145381 -0.314410 -0.365970 -0.107875 0.044727 0.100157 0.079993 0.347671 0.082414 0.034877 -0.102877 0.403819 0.242756 0.202905 0.146598 0.045026 0.158031 0.027998 -0.091733 0.447374 0.334361 0.325754 0.518331 0.435473 0.462117 -0.062362 0.061023 0.003461 0.234437 0.375637 0.145820 0.068081 0.135602 0.317184 0.260482 0.165698 -0.025525 -0.198529 0.302216 0.232422 0.146246
-0.026108 -0.427435 0.455011 0.314497 0.270239 0.170495 -0.085547 0.002334 0.381049 0.017619 -0.005967 -0.277575 -0.136325 -0.618478 0.529526 0.297296 -0.468677 -0.493716 0.057551 -0.007904 0.344043 0.469070 0.592383 0.610311 0.088468 0.564365 0.422777 1.000000 -0.219152 -0.362080 0.582778 0.483950 -0.370197 -0.162931 0.210289 0.243436 0.020260 0.029742 0.129961 -0.026247 0.207846 0.073435 -0.160373 -0.271155 -0.018349 -0.177656 -0.258922 -0.352914 -0.214446 -0.163628 0.183165 -0.099762 -0.261891 -0.191124 -0.071263 0.025433 -0.240729 -0.297973 -0.243880 -0.320631 -0.491804 -0.460090 -0.425805 -0.496469 0.196038 -0.173461 -0.132229 0.001120 -0.177107 0.040451 -0.007534 0.027700 -0.309923 -0.192351 -0.158712 -0.152075 -0.134244 -0.097064 -0.177403 -0.328986 0.044719 -0.212368 0.213913 0.167311 0.574548 0.406902 0.233804 0.186999 0.297527 0.248614 0.311568 0.178813 0.327519 0.152806 0.119315 0.131619 -0.086909 0.105157 0.017211 -0.058935 0.063843 0.262862 0.002219 0.159277 0.152765 0.162472 0.051590 0.140539 -0.046582 0.142084 0.059819 -0.210851 0.231928 0.179527 0.021984 0.160235
-0.059247 0.130868 -0.429221 0.059035 -0.092672 -0.101350 0.022550 0.099631 -0.365367 -0.284075 -0.004831 0.264263 0.069943 0.263146 0.067237 0.210339 0.356455 0.173198 -0.413557 0.232666 0.027406 0.072741 -0.378374 -0.119045 -0.137552 -0.150813 0.012512 -0.219152 1.000000 0.533238 0.075687 0.159673 -0.126004 0.211435 -0.142890 0.089349 0.138201 0.284999 -0.149014 0.006765 0.362093 0.128361 -0.306087 -0.304850 0.012725 0.156981 -0.468583 -0.364321 -0.357398 -0.285982 -0.633817 -0.513158 -0.230379 -0.259824 -0.173122 -0.032222 -0.227137 -0.178686 -0.298817 -0.240954 0.013323 -0.319696 0.498067 -0.026466 -0.121341 0.022693 -0.290467 0.061843 -0.149932 -0.075215 0.129209 0.209323 0.595306 0.132377 0.059291 0.174755 0.255233 0.289681 0.563218 0.319171 0.776920 0.647635 0.486006 0.680524 -0.083206 0.148989 -0.426360 -0.094879 -0.325341 -0.141931 -0.149273 -0.168694 0.108638 0.050027 0.330005 0.381713 -0.169753 0.360794 0.050484 0.098500 0.089459 -0.255637 0.042667 -0.233792 -0.081971 -0.106100 -0.211259 -0.012441 0.156782 0.419335 0.180343 -0.313213 -0.119747 0.361671 0.325368 0.072403
-0.236791 0.282285 -0.433618 0.227223 0.065128 -0.051897 0.182541 0.282457 -0.391914 0.028709 -0.076447 0.300002 0.108358 0.450641 -0.069188 0.200109 0.347245 0.428684 -0.152298 0.155749 0.020132 0.147571 -0.394286 -0.094698 -0.004062 -0.198450 0.045445 -0.362080 0.533238 1.000000 -0.002887 0.208875 0.174278 0.326643 0.115558 0.128051 0.246489 0.375734 -0.010814 0.246744 0.254973 0.405370 -0.240999 -0.217430 -0.327146 -0.093182 -0.255859 -0.306062 -0.195801 -0.268872 -0.382613 -0.448723 -0.038012 -0.187404 0.057614 0.042302 -0.170748 -0.051730 -0.448695 -0.301918 -0.155561 -0.302848 0.140828 0.042051 -0.190378 -0.129404 -0.225430 -0.116745 -0.032491 -0.139808 0.173510 0.621910 0.741001 0.521585 0.435015 0.438703 0.418964 0.310347 0.249416 0.303890 0.340943 0.463517 0.019413 0.409641 -0.398815 -0.192444 -0.458770 -0.204507 -0.267323 -0.397352 -0.233354 -0.322879 -0.194031 -0.108093 0.255939 0.209765 0.056976 0.259922 0.180138 0.116465 0.277122 -0.085838 0.202174 -0.050239 0.113796 -0.005098 0.073786 0.037684 0.093211 0.229621 0.243131 -0.014626 -0.326498 0.151636 0.292678 0.094034
-0.134957 0.020425 0.468930 0.575673 0.037556 -0.420225 0.254359 0.453351 0.288589 0.170870 -0.142984 0.018928 -0.173892 -0.209408 0.445247 0.570365 -0.224607 -0.326751 0.113126 0.137701 -0.023845 0.107152 0.133860 0.441797 -0.286142 0.102539 -0.138067 0.582778 0.075687 -0.002887 1.000000 0.820403 -0.178455 0.270834 0.278992 0.450644 -0.322998 -0.216775 -0.335529 -0.347397 0.106190 -0.155997 -0.184536 -0.358014 -0.094780 -0.191978 -0.313894 -0.384767 -0.577247 -0.443214 -0.078378 -0.349002 -0.325360 -0.330128 -0.525304 -0.381437 -0.192045 -0.202568 -0.468220 -0.327078 -0.349344 -0.215577 -0.150857 -0.331444 0.298663 0.059928 -0.351343 0.110703 -0.306496 0.026127 0.285425 0.295057 0.039929 0.136709 0.061816 0.124866 0.233787 0.245412 0.131384 -0.268429 0.209794 -0.049181 0.005475 0.454544 0.450954 0.505158 -0.259405 -0.037099 0.042476 -0.109409 0.129648 -0.113075 0.194217 0.119429 -0.046777 0.076598 -0.297265 -0.097123 -0.210227 -0.425216 0.219225 0.027392 -0.022674 -0.214761 -0.120753 -0.029087 -0.095763 -0.067859 -0.235687 0.044761 -0.027185 -0.266379 0.219711 0.012357 0.065054 0.147475
-0.497502 -0.070596 0.364356 0.705388 0.213659 -0.289338 0.300478 0.619093 0.193983 0.339245 -0.384833 -0.079550 -0.304132 -0.129664 0.312712 0.534617 -0.102595 -0.307811 -0.137986 0.197346 -0.002035 0.178950 -0.007677 0.613235 -0.338555 0.137541 -0.007450 0.483950 0.159673 0.208875 0.820403 1.000000 -0.222592 0.324270 0.174050 0.475949 -0.144922 0.089103 -0.252067 -0.173692 0.146952 -0.033479 -0.266792 -0.545211 -0.160111 -0.266492 -0.389798 -0.494467 -0.556386 -0.507439 -0.272008 -0.577627 -0.363667 -0.400383 -0.425792 -0.357852 -0.258605 -0.294627 -0.579309 -0.404054 -0.472082 -0.331811 -0.214230 -0.312536 0.210302 0.038047 -0.434510 0.102538 -0.329883 0.019959 0.364179 0.407212 0.183385 0.301197 0.169734 0.239969 0.344368 0.321928 0.272965 -0.186824 0.320043 0.120101 0.111750 0.613366 0.313842 0.366476 -0.195810 -0.039243 0.097659 -0.229386 0.206834 -0.211585 0.286864 0.207714 0.079900 0.123544 -0.271346 0.033226 -0.041753 -0.330548 0.413478 0.202048 0.129135 -0.037075 0.114049 0.142025 0.065614 0.055008 -0.155991 0.184565 0.183158 -0.275075 0.226296 0.221314 0.146308 0.161102
0.158647 0.373735 -0.219352 -0.151504 -0.393900 -0.157730 -0.050874 -0.127792 -0.261486 -0.184522 -0.010180 -0.020998 -0.018704 0.150904 -0.197246 -0.311627 0.522553 0.405133 0.403163 0.073059 -0.003931 -0.108998 0.008053 -0.149871 0.163494 -0.010695 -0.220227 -0.370197 -0.126004 0.174278 -0.178455 -0.222592 1.000000 0.484103 0.407377 0.103966 -0.123862 -0.161135 -0.052415 0.061647 -0.045283 0.141020 -0.050318 0.127047 -0.135735 -0.051708 0.146018 0.051624 0.289930 0.142599 0.203866 0.169296 0.301986 0.092222 0.115661 -0.129966 0.566121 0.684192 0.254443 0.356191 0.344536 0.335945 0.191207 0.562650 -0.092561 -0.168169 0.588067 0.098939 0.603160 0.473319 -0.116726 0.166743 0.242588 0.141622 0.323786 0.219972 0.202143 0.077649 0.104655 0.329548 -0.127972 0.155806 -0.213974 -0.311711 -0.360315 -0.450901 -0.028359 -0.188733 -0.125445 -0.215007 -0.522657 -0.429340 -0.501228 -0.359846 -0.401808 -0.368461 -0.135341 -0.421340 -0.422159 -0.380283 -0.150575 -0.292264 -0.222528 -0.209885 -0.266808 -0.241720 -0.156272 -0.344976 -0.086744 -0.377328 -0.253544 -0.112688 -0.372857 -0.457141 -0.248617 -0.290736
-0.134571 0.626634 0.125315 0.486179 -0.179919 -0.557516 0.359620 0.487296 -0.018807 0.243985 0.036176 0.427770 0.247953 0.334205 0.198284 0.196958 0.460640 0.402967 0.137811 0.546151 -0.393490 -0.232422 -0.313646 0.237432 -0.189697 -0.279445 -0.409330 -0.162931 0.211435 0.326643 0.270834 0.324270 0.484103 1.000000 0.536390 0.516432 -0.277323 -0.357149 -0.537401 -0.270384 -0.002984 -0.097251 -0.489738 -0.525815 -0.223927 -0.216547 -0.413413 -0.401547 -0.252967 -0.462412 -0.317715 -0.437268 -0.221212 -0.415751 -0.405160 -0.615233 0.204318 0.389927 -0.247859 -0.092876 0.259842 0.054399 0.276579 0.374942 0.396382 0.231994 -0.022942 0.358463 0.120247 0.352701 0.301195 0.238357 0.533120 0.411941 0.383167 0.546457 0.659266 0.676452 0.315720 0.122079 0.174070 0.227667 -0.106709 0.242452 0.017355 0.006883 -0.438092 -0.483403 0.082071 -0.349899 -0.404458 -0.680529 -0.228295 -0.050831 -0.519822 -0.457156 -0.641847 -0.572713 -0.495295 -0.666926 0.277953 -0.072987 -0.003961 -0.222601 -0.232838 -0.174458 -0.241969 -0.441322 -0.467717 0.005882 -0.089492 -0.390773 -0.180970 -0.123633 -0.125422 -0.448570
0.120412 0.344246 0.146182 0.301800 -0.155379 -0.275693 0.205185 0.212197 0.013042 0.072433 -0.026299 0.125801 0.238315 0.079316 0.129026 0.060791 0.237690 0.193628 0.401272 0.072616 -0.105705 0.073502 0.150542 0.208622 -0.016000 0.092452 -0.151449 0.210289 -0.142890 0.115558 0.278992 0.174050 0.407377 0.536390 1.000000 0.624321 -0.343952 -0.295945 -0.217311 -0.156252 0.021106 0.020427 -0.506991 -0.369163 -0.300819 -0.174602 -0.432447 -0.405462 -0.064456 -0.292532 0.058860 -0.100563 -0.108538 -0.229482 -0.129637 -0.244902 0.193523 0.385201 -0.139393 0.001331 0.182549 0.091858 0.149230 0.322578 0.315716 0.073165 0.192737 0.310750 0.207834 0.257747 -0.049280 0.311675 0.249631 0.171022 0.329608 0.169033 0.328022 0.287138 -0.136839 -0.054812 -0.129671 -0.088257 -0.118855 -0.119895 0.146416 0.027235 -0.118698 -0.209659 0.167697 0.003922 -0.332747 -0.410905 -0.197002 -0.023149 -0.402486 -0.373785 -0.440031 -0.421396 -0.555345 -0.418541 0.232205 0.064515 0.000642 -0.003940 -0.106106 -0.058621 0.041308 -0.080689 -0.369560 -0.325874 -0.284670 -0.341556 -0.090604 -0.336864 -0.221509 -0.183332
-0.280921 0.290039 0.131478 0.387320 0.005364 -0.398737 0.356866 0.425873 0.007997 0.169146 -0.234584 0.059408 0.093883 0.010281 0.115957 0.234854 0.231754 0.011660 -0.041200 0.046886 -0.224152 -0.032937 -0.146279 0.237026 -0.167207 0.014094 -0.158188 0.243436 0.089349 0.128051 0.450644 0.475949 0.103966 0.516432 0.624321 1.000000 -0.346046 -0.248871 -0.326529 -0.329058 0.054125 -0.210226 -0.553611 -0.558338 -0.035169 0.102795 -0.460195 -0.428469 -0.302341 -0.411511 -0.359125 -0.476692 -0.413698 -0.498266 -0.474360 -0.564501 -0.023483 0.171751 -0.281587 -0.009623 0.004536 -0.046158 0.119565 0.210931 0.306191 0.193184 -0.034593 0.574998 0.057508 0.098011 0.190155 0.276890 0.294208 0.258120 0.217420 0.152280 0.474305 0.495449 0.180954 -0.034995 0.182586 0.169710 0.007980 0.192681 -0.025205 0.024802 -0.336466 -0.431636 0.131256 -0.167694 -0.194128 -0.334427 0.093385 0.386989 -0.169622 -0.129867 -0.457296 -0.222927 -0.434101 -0.418010 0.447202 0.189914 0.168826 0.102118 0.077508 0.272425 0.265922 0.111627 -0.340602 -0.064214 0.060438 -0.327818 0.159402 0.011952 0.125196 0.068556
