1.000000 0.535941 0.091788 -0.204414 0.097289 0.441100 0.341638 0.303637 0.243002 0.169261 0.637931 0.298355 0.664802 0.267586 0.197953 0.303087 -0.115598 -0.086873 0.155051 0.316681 0.285364 -0.023253 -0.389581 0.066182 -0.109580 0.206173 -0.037431 0.165853 0.062530 0.060025 0.053890 0.163030 0.109186 0.346430 -0.028680 0.311221 0.108546 -0.048224 -0.228476 -0.205660 -0.019590 0.164928 -0.209784 0.110520 -0.487822 -0.453286 -0.527570 -0.373051 -0.010989 -0.399757 -0.429006 -0.424241 -0.481012 -0.605559 -0.520770 -0.500488 -0.224081 -0.202495 0.149578 -0.032217 0.436298 -0.074924 0.127088 -0.161818 0.200646 0.286678 0.362551 0.251359 0.045632 -0.051379 0.129614 0.246471 0.099071 0.023231 0.048786 0.283170 0.342905 0.375497 -0.298709 -0.245293 -0.076429 -0.050227 0.112979 -0.185871 -0.168001 -0.302572 -0.168676 -0.132638 0.169272 -0.524493 -0.503716 0.073569 -0.025552 0.292705 -0.078928 0.216823 -0.355419 -0.182683 -0.490465 -0.173363 0.030224 0.240778 0.155556 0.228054 0.187140 0.365587 0.118518 0.227806 0.200191 0.200180 0.133982 -0.257420 0.106707 -0.053796 -0.065883 0.006741
0.535941 1.000000 -0.423278 -0.105300 -0.027477 0.224846 0.191985 0.332982 -0.085841 0.062216 0.118762 0.579593 0.422308 0.707150 -0.084642 0.410291 0.285364 0.444198 -0.188822 0.552665 -0.131221 -0.252670 -0.683814 -0.143519 -0.278308 -0.190653 -0.115633 -0.256365 0.227174 0.526242 -0.358986 -0.204458 0.180378 0.308430 -0.194377 0.244142 0.392420 0.396764 -0.208585 0.184009 0.191948 0.346066 -0.452581 -0.378305 -0.485705 -0.470205 -0.545126 -0.509113 -0.170730 -0.419885 -0.581673 -0.322723 -0.475987 -0.512682 -0.294274 -0.392235 -0.112944 0.041373 -0.112897 -0.026047 0.297245 0.145277 0.508385 0.269852 -0.036848 0.342218 0.047491 -0.036709 0.390262 -0.263755 0.018605 0.106910 0.245610 0.328560 0.301177 0.476736 0.488670 0.474497 -0.263305 -0.213207 0.167983 0.080163 -0.068528 0.340255 -0.384052 -0.316676 -0.298369 -0.157326 -0.052949 -0.329540 -0.355985 -0.026351 -0.002718 0.059932 0.038005 0.304096 -0.410633 -0.061945 -0.205696 0.113039 0.258671 0.043236 0.276903 0.133637 0.215925 0.364403 0.132565 0.107061 0.322123 0.200252 -0.075380 -0.052908 0.295376 -0.100513 -0.092450 0.066271
0.091788 -0.423278 1.000000 0.493170 0.168024 0.267026 0.523390 0.255294 0.276256 0.097286 0.364000 -0.048220 0.032146 -0.494932 0.196046 -0.259068 -0.438793 -0.319531 0.712492 0.025244 0.446702 0.385268 0.544637 0.512997 0.010470 0.432409 0.035902 0.432727 -0.181141 -0.457732 0.748232 0.673736 0.213053 0.245840 0.427374 0.051622 -0.198012 -0.268212 -0.051934 -0.230493 -0.207972 -0.047903 -0.034988 0.139275 -0.047208 -0.117672 -0.000391 -0.126965 -0.066258 -0.153463 0.092809 -0.301302 -0.103912 -0.149447 -0.197140 -0.197944 -0.431071 -0.559295 0.012976 -0.362592 -0.208929 -0.528649 -0.534598 -0.632299 0.326658 -0.201644 0.422062 0.571771 -0.470877 0.119159 0.317976 0.371294 0.001706 -0.064153 -0.069235 -0.005115 0.038957 0.103038 0.040084 -0.149324 -0.486309 -0.389965 0.315755 -0.228353 0.239767 0.202402 0.334301 0.100894 0.288852 -0.194151 -0.196007 0.213950 0.063479 0.378687 -0.250102 -0.086194 -0.060566 -0.296008 -0.353314 -0.426949 -0.102822 0.398097 0.027026 0.118619 0.127325 0.124290 -0.102114 0.106670 -0.040289 -0.113208 0.067030 -0.416486 -0.321820 -0.004551 0.146834 -0.014187
-0.204414 -0.105300 0.493170 1.000000 0.040060 0.155472 0.356523 0.476751 0.116280 0.089393 0.142233 0.157171 -0.073278 -0.099560 0.200516 0.094755 -0.350149 -0.087126 0.533313 0.276768 0.258794 0.405411 0.436562 0.481579 -0.093227 0.121007 0.257762 0.219055 -0.049344 -0.231307 0.497202 0.533443 0.069445 0.254549 0.302374 -0.033846 -0.148073 -0.067331 -0.014959 -0.054458 -0.100327 -0.005353 -0.322151 -0.306730 -0.062472 -0.131256 -0.145221 -0.344290 -0.337378 -0.231810 -0.053003 -0.380488 -0.167123 -0.189578 0.004124 -0.171024 -0.409056 -0.554253 -0.204046 -0.410964 -0.312152 -0.353010 -0.350393 -0.444897 0.257486 -0.004897 -0.017739 0.246463 -0.382246 0.029254 0.107876 0.422052 -0.113467 -0.021459 -0.020396 0.096771 0.025036 0.049515 -0.159720 -0.190151 -0.514320 -0.478182 0.407075 0.376441 0.243790 0.254644 0.398857 0.110661 0.449738 0.129439 0.042181 0.304821 0.228980 0.427348 -0.183445 0.099287 -0.072403 -0.106730 -0.071071 -0.152161 0.382829 0.392715 0.340665 0.284646 0.330051 0.051633 0.200145 0.008542 0.039115 0.050894 -0.108947 -0.359776 -0.069647 0.162622 0.199204 -0.057474
0.097289 -0.027477 0.168024 0.040060 1.000000 0.368132 0.227241 0.043743 0.053950 0.339699 0.237994 -0.018564 0.130325 -0.142166 -0.035942 -0.051426 0.060083 -0.117835 0.155536 0.224470 0.002304 -0.066990 0.227334 0.175220 0.011689 -0.020803 0.004800 -0.048242 -0.020196 -0.223859 0.103415 0.035182 0.020190 0.012899 0.093390 -0.030148 -0.175117 -0.056793 -0.075845 -0.254720 -0.485174 0.079093 -0.097364 -0.153354 -0.063979 -0.100461 -0.150584 -0.088703 -0.086963 -0.042324 -0.029339 0.009666 -0.046706 0.031134 -0.240196 -0.205630 -0.007449 -0.116880 -0.101902 -0.089159 -0.173498 -0.167785 0.059398 -0.091526 0.065682 -0.063884 0.088634 0.097970 -0.026731 -0.012467 0.211033 0.031991 -0.050164 -0.192262 -0.221646 0.075287 -0.107858 0.051835 -0.154019 -0.206026 0.129567 -0.020732 0.164558 0.144644 0.190595 -0.074949 0.355811 0.188381 0.023787 -0.145741 -0.098278 0.336432 0.429195 0.332918 -0.274342 -0.083423 -0.242996 -0.219640 -0.199994 -0.134091 0.238447 0.415843 0.169540 0.125492 -0.013990 -0.008537 0.187588 0.023903 0.016280 0.106766 -0.042065 -0.112456 -0.150842 -0.055685 -0.059437 -0.024078
0.441100 0.224846 0.267026 0.155472 0.368132 1.000000 0.448423 0.313915 0.392704 0.530939 0.447803 0.362698 0.293649 0.057767 0.206348 0.427382 -0.266047 -0.001628 0.341069 0.450994 0.258511 0.059933 0.056364 0.491708 -0.206130 0.338812 0.194020 0.235907 0.007200 -0.018661 0.226482 0.363598 0.062075 0.424059 -0.010428 0.218119 0.075372 0.072602 -0.244616 -0.056728 -0.167174 0.262982 -0.285672 -0.011921 -0.384334 -0.473161 -0.524568 -0.386507 -0.177590 -0.484511 -0.262862 -0.386868 -0.389188 -0.508166 -0.329080 -0.615996 -0.407476 -0.424046 -0.256419 -0.248054 -0.139096 -0.400856 -0.106951 -0.366502 0.194781 0.167789 0.193679 0.318105 -0.161823 -0.013416 0.380992 0.290000 -0.061107 0.220617 0.200374 0.387789 0.378280 0.479387 -0.128193 -0.150970 -0.170626 -0.171708 0.089865 -0.090541 -0.064869 -0.228396 0.015044 -0.224825 0.314158 -0.339350 -0.352051 0.338932 0.216927 0.587980 -0.061784 0.324411 -0.513610 -0.396050 -0.539979 -0.140846 0.058086 0.497021 0.159129 0.263258 0.250252 0.420282 0.106525 0.385784 0.270495 -0.080867 -0.060454 -0.366785 0.091205 -0.182727 0.259491 0.268096
0.341638 0.191985 0.523390 0.356523 0.227241 0.448423 1.000000 0.528529 0.249732 0.281674 0.269458 0.321160 0.312679 0.199747 0.182491 0.183327 -0.208098 0.136966 0.468556 0.544889 0.179313 0.197852 -0.014403 0.445984 -0.313053 0.102632 -0.071968 0.039724 0.143366 0.179651 0.440123 0.373661 0.150830 0.545651 0.230228 0.356559 0.203903 0.160350 -0.186084 -0.139436 0.187442 0.247084 -0.413559 -0.210394 -0.383211 -0.440715 -0.489337 -0.467808 -0.135420 -0.473459 -0.463360 -0.483039 -0.441758 -0.468012 -0.487999 -0.536706 -0.587921 -0.617053 -0.178051 -0.511202 -0.069407 -0.484382 -0.131535 -0.518923 0.341291 0.283467 0.281926 0.330121 -0.264999 -0.291598 0.480119 0.557357 0.421539 0.286761 0.326484 0.479569 0.499734 0.552045 -0.179009 -0.266195 -0.390946 -0.353427 0.282644 0.034989 -0.216863 -0.245650 0.034496 -0.159269 0.215885 -0.421797 -0.391955 0.362652 0.013505 0.533426 -0.187614 0.313730 -0.489641 -0.309699 -0.497360 -0.267819 -0.003031 0.487297 0.160055 0.106979 0.348345 0.485542 -0.106713 0.319845 0.285890 -0.051099 -0.244817 -0.399961 0.064026 -0.174649 0.103268 0.253634
0.303637 0.332982 0.255294 0.476751 0.043743 0.313915 0.528529 1.000000 0.008111 0.309635 0.244890 0.402220 0.161969 0.382966 -0.071016 0.214225 -0.283119 -0.059095 0.111556 0.378710 0.147066 0.224676 -0.189918 0.229885 -0.455947 -0.007954 -0.159311 -0.100666 -0.115249 0.064197 0.132506 0.273345 0.089665 0.355342 0.018100 0.107970 0.037396 0.061313 -0.307929 -0.116720 0.012869 0.288108 -0.566921 -0.441390 -0.229433 -0.278956 -0.394882 -0.446889 -0.039049 -0.328995 -0.303756 -0.470769 -0.344267 -0.425247 -0.204544 -0.386700 -0.517092 -0.540222 -0.033021 -0.233522 0.105067 -0.146606 -0.138633 -0.335957 0.087140 0.517824 0.161760 0.335038 -0.247417 -0.118073 0.196273 0.479707 0.171920 0.334074 0.323291 0.186010 0.240907 0.177019 -0.261255 -0.312254 -0.309857 -0.284701 0.101790 0.069963 0.066608 0.148531 -0.010920 -0.111693 0.281962 -0.044841 -0.130303 0.256582 0.319289 0.399122 -0.213779 0.089629 -0.303716 -0.248085 -0.114177 -0.099997 0.386602 0.322901 0.337375 0.249424 0.276619 0.185873 0.240059 -0.018407 0.049314 0.004203 -0.212835 -0.303223 0.152954 0.134272 0.150265 -0.080077
0.243002 -0.085841 0.276256 0.116280 0.053950 0.392704 0.249732 0.008111 1.000000 -0.059420 0.390503 0.010750 0.403886 -0.125590 0.858369 0.363830 -0.401874 -0.254801 0.371193 0.023335 0.592801 0.339026 0.286377 0.492904 0.515345 0.599828 0.548258 0.721648 0.060986 -0.204028 0.352276 0.429857 -0.021062 0.343730 0.357959 0.486847 0.105673 -0.048232 0.134384 0.029189 0.088058 -0.018527 0.028011 0.247277 -0.243031 -0.254537 -0.344803 -0.254150 -0.079073 -0.351904 -0.152556 -0.370784 -0.318335 -0.440903 -0.188517 -0.491245 -0.315329 -0.369326 0.075710 -0.287212 0.016702 -0.253104 -0.301108 -0.445882 0.509582 0.271785 0.165991 0.311707 -0.395157 0.106318 0.085842 0.257253 -0.095288 -0.297182 -0.122398 0.192191 0.254480 0.383796 -0.145981 -0.164379 -0.415782 -0.435470 0.597776 -0.197672 -0.114183 -0.403240 0.111518 -0.108550 0.426640 -0.351801 -0.318581 0.125999 -0.313902 0.387515 -0.044474 0.212096 -0.206275 -0.100403 -0.581848 -0.412105 0.066485 0.404750 0.276538 0.453325 0.415188 0.246676 0.212565 0.457682 0.121672 0.253436 0.116205 -0.389138 -0.076367 0.011480 0.214298 0.141790
0.169261 0.062216 0.097286 0.089393 0.339699 0.530939 0.281674 0.309635 -0.059420 1.000000 0.195747 -0.001776 0.208748 0.139997 -0.255085 0.250740 -0.202107 -0.116626 -0.013522 0.080291 -0.198027 -0.045575 0.176280 0.191736 -0.456133 -0.061467 -0.283905 -0.200759 -0.309698 -0.079604 -0.026041 0.010104 -0.091763 0.069699 -0.019630 -0.038612 -0.260647 -0.137377 -0.212320 -0.127930 -0.369645 0.361783 -0.028680 -0.007455 0.150795 0.083755 -0.081943 0.068358 0.261907 0.135571 0.123956 0.123318 0.054734 0.012144 -0.096824 -0.132955 -0.170192 -0.281098 -0.060221 0.047000 0.058710 -0.042690 -0.001324 -0.118378 -0.003690 0.143767 0.085384 -0.085593 -0.154859 -0.123254 0.177743 0.164001 -0.114480 0.178936 0.128684 0.152171 -0.085909 0.024483 -0.356604 -0.287492 -0.240017 -0.209805 -0.177728 0.026912 0.020630 -0.132813 0.309556 0.198888 0.305656 -0.043132 0.096153 0.112656 0.548689 0.235840 -0.291553 -0.155035 -0.135250 -0.371813 -0.018143 -0.217404 0.074537 0.155604 0.063172 -0.166456 -0.208472 -0.032576 -0.023829 -0.126496 -0.129589 -0.386444 -0.181077 -0.319238 -0.001721 -0.154459 -0.089606 -0.138280
0.637931 0.118762 0.364000 0.142233 0.237994 0.447803 0.269458 0.244890 0.390503 0.195747 1.000000 0.398671 0.698030 0.053303 0.407680 0.297525 -0.145692 -0.172934 0.439962 0.141764 0.352814 0.149888 0.121378 0.299891 0.060445 0.289419 0.127053 0.411243 0.088990 -0.177291 0.287815 0.325509 0.099231 0.337192 0.251904 0.278186 -0.202374 -0.339325 -0.319581 -0.413268 -0.347976 0.114070 -0.236933 -0.021986 -0.396373 -0.390579 -0.450797 -0.370562 0.006974 -0.361927 -0.232002 -0.371932 -0.290082 -0.408836 -0.481381 -0.534416 -0.183828 -0.343261 0.100717 -0.071756 0.240228 -0.153842 -0.100654 -0.325195 0.430567 0.185546 0.334592 0.319923 -0.366969 0.106185 0.189152 0.286448 -0.034615 -0.210274 -0.193822 0.174257 0.134539 0.224221 -0.153030 -0.210838 -0.195097 -0.161561 0.460628 0.046097 0.349209 -0.054759 0.197745 0.133921 0.415869 -0.454835 -0.361849 0.198534 0.104473 0.409642 -0.358820 -0.006210 -0.318228 -0.311040 -0.549792 -0.414645 0.147021 0.426968 0.210560 0.310283 0.079330 0.101261 0.141643 0.073537 0.107147 0.260506 0.071403 -0.577393 -0.164540 0.094069 0.042538 -0.144110
0.298355 0.579593 -0.048220 0.157171 -0.018564 0.362698 0.321160 0.402220 0.010750 -0.001776 0.398671 1.000000 0.354784 0.545996 -0.011176 0.442505 0.193314 0.515635 0.134887 0.573959 0.101397 -0.045470 -0.392636 0.091882 -0.303532 -0.016569 0.026727 -0.092087 0.315451 0.451021 0.010062 0.116896 0.131501 0.454260 -0.086261 0.256223 0.229987 0.265354 -0.359374 -0.072455 0.093173 0.385112 -0.586453 -0.469749 -0.641881 -0.674084 -0.574009 -0.685837 -0.217979 -0.671008 -0.546555 -0.483933 -0.327365 -0.487662 -0.237957 -0.515400 -0.265555 -0.238667 -0.195041 -0.191189 0.066929 -0.093430 0.246109 0.046027 0.044591 0.255872 0.000848 0.110135 0.025534 -0.217513 0.242699 0.309550 0.331811 0.349658 0.356826 0.511809 0.530994 0.470640 0.041109 -0.105059 0.057017 0.024406 0.082402 0.396023 -0.021656 0.020180 -0.297519 -0.189415 0.017156 -0.309480 -0.325364 0.084397 0.033024 0.214091 -0.122908 0.342522 -0.493145 -0.257772 -0.328561 0.005584 0.124891 0.229467 0.138301 0.190273 0.207405 0.403813 0.078272 0.246285 0.452169 0.143091 -0.220433 -0.305182 0.125882 -0.104378 0.064913 0.238986
0.664802 0.422308 0.032146 -0.073278 0.130325 0.293649 0.312679 0.161969 0.403886 0.208748 0.698030 0.354784 1.000000 0.502592 0.390735 0.422993 0.150553 0.071302 0.140017 0.192047 0.237483 0.054862 -0.167711 0.009325 0.039115 0.164766 0.091008 0.236949 0.215120 0.120290 0.025814 0.099851 0.088888 0.362252 0.151678 0.458660 0.006091 -0.145358 -0.281900 -0.276292 -0.083266 0.180609 -0.219862 -0.060993 -0.516810 -0.508493 -0.528355 -0.460881 0.099703 -0.388195 -0.408977 -0.282651 -0.315757 -0.462322 -0.390411 -0.506449 -0.107516 -0.175204 0.144189 -0.004363 0.553353 0.214476 0.365632 -0.047020 0.373844 0.326366 0.362649 0.070796 -0.178725 -0.125504 0.067818 0.192736 0.180638 -0.188809 -0.179965 0.332568 0.282362 0.389440 -0.289349 -0.199210 -0.045367 -0.096951 0.410001 0.176062 -0.052452 -0.472572 0.009310 0.014403 0.382930 -0.581591 -0.470837 -0.073361 -0.060249 0.195541 -0.292622 0.109984 -0.358649 -0.186239 -0.534684 -0.485394 0.188817 0.219956 0.296423 0.180557 0.140909 0.226144 0.104961 0.145433 0.170947 0.251335 0.040816 -0.612413 -0.092756 -0.074177 -0.157607 -0.104965
0.267586 0.707150 -0.494932 -0.099560 -0.142166 0.057767 0.199747 0.382966 -0.125590 0.139997 0.053303 0.545996 0.502592 1.000000 -0.111583 0.395037 0.352401 0.482302 -0.370678 0.384051 -0.212322 -0.133165 -0.578626 -0.306851 -0.314941 -0.341138 -0.148752 -0.321400 0.293162 0.612000 -0.369090 -0.275876 0.153040 0.330026 -0.167188 0.321335 0.238701 0.218229 -0.358599 -0.063238 0.214151 0.300823 -0.404000 -0.469451 -0.370043 -0.391629 -0.464557 -0.474641 0.048708 -0.329553 -0.517447 -0.190856 -0.223550 -0.333985 -0.140345 -0.338413 -0.059062 0.072166 -0.020926 0.033272 0.428483 0.421040 0.608425 0.337928 -0.066782 0.431836 0.025557 -0.230996 0.132655 -0.331504 0.011159 0.136798 0.379960 0.302978 0.271690 0.364173 0.396236 0.328704 -0.230665 -0.077797 0.203925 0.163489 -0.011401 0.424918 -0.284549 -0.314328 -0.331184 -0.257605 0.011341 -0.260172 -0.170491 -0.159302 0.034373 -0.044513 -0.081342 0.234639 -0.322314 -0.013401 -0.056100 -0.004353 0.298222 -0.090482 0.240423 -0.019137 0.161911 0.198294 0.071099 -0.030794 0.252013 0.138391 -0.175532 -0.182725 0.190666 -0.067690 -0.119197 0.003509
0.197953 -0.084642 0.196046 0.200516 -0.035942 0.206348 0.182491 -0.071016 0.858369 -0.255085 0.407680 -0.011176 0.390735 -0.111583 1.000000 0.376825 -0.348371 -0.226710 0.480607 0.048458 0.560630 0.408987 0.320479 0.510322 0.624621 0.517635 0.581810 0.787546 0.252392 -0.186659 0.404153 0.436177 -0.076820 0.345047 0.325703 0.382046 0.114299 -0.077635 0.252328 -0.006709 0.210866 -0.187524 -0.104795 0.060967 -0.288018 -0.295903 -0.363532 -0.284617 -0.216804 -0.362950 -0.272647 -0.466725 -0.395208 -0.452122 -0.139092 -0.394846 -0.239978 -0.305090 0.143129 -0.223660 0.061466 -0.201735 -0.309065 -0.448116 0.667645 0.220159 0.055891 0.191814 -0.405305 0.232481 -0.010118 0.257837 -0.083465 -0.380775 -0.182148 0.075977 0.186015 0.285809 -0.062077 -0.020613 -0.418263 -0.368346 0.788769 -0.034520 -0.046277 -0.322225 0.099315 -0.102662 0.551334 -0.214020 -0.339173 0.251782 -0.389681 0.373052 0.039755 0.232289 -0.197211 0.016924 -0.530945 -0.306182 0.129389 0.349930 0.236524 0.481597 0.420564 0.176759 0.296381 0.384240 0.074536 0.369305 0.050629 -0.389202 -0.090368 0.086871 0.231545 0.122212
0.303087 0.410291 -0.259068 0.094755 -0.051426 0.427382 0.183327 0.214225 0.363830 0.250740 0.297525 0.442505 0.422993 0.395037 0.376825 1.000000 -0.160957 0.165126 0.002025 0.317685 0.225209 0.085572 -0.146482 0.381905 -0.046469 0.188873 0.085707 0.156402 0.246409 0.320282 -0.044080 0.136028 -0.172577 0.403486 -0.016456 0.387185 0.296011 0.265675 0.101066 0.062334 0.272747 0.298154 -0.358440 -0.256080 -0.373149 -0.428532 -0.503169 -0.408098 0.010999 -0.468766 -0.413916 -0.395281 -0.278591 -0.441428 -0.034396 -0.404835 -0.304001 -0.299931 0.012139 -0.135810 0.222409 -0.060486 0.048273 -0.125993 0.272468 0.492003 -0.129152 -0.159901 -0.145119 -0.171684 0.147110 0.310451 0.143757 0.192884 0.308113 0.495718 0.289186 0.371323 -0.149088 -0.172937 -0.273073 -0.153130 0.207103 0.205446 -0.360819 -0.467347 -0.136301 -0.185611 0.391501 -0.198213 -0.149228 0.217651 -0.038869 0.286324 0.104799 0.334823 -0.250035 -0.065008 -0.334605 -0.051205 0.121322 0.241524 0.182403 0.263707 0.219577 0.194236 0.266288 0.301952 0.077995 0.158214 -0.273978 -0.314068 0.309980 -0.051580 0.228572 0.163017
-0.115598 0.285364 -0.438793 -0.350149 0.060083 -0.266047 -0.208098 -0.283119 -0.401874 -0.202107 -0.145692 0.193314 0.150553 0.352401 -0.348371 -0.160957 1.000000 0.693627 -0.365665 0.054270 -0.393107 -0.308974 -0.420195 -0.493494 -0.050807 -0.391082 -0.089330 -0.394865 0.365688 0.407018 -0.497116 -0.486781 0.092868 -0.154231 -0.314051 -0.157557 0.050203 0.162389 -0.287164 -0.045379 0.025195 0.081551 -0.051538 -0.207345 -0.198659 -0.173600 0.072010 -0.021800 -0.099794 0.021191 -0.203941 0.305128 0.112290 0.199235 -0.003259 0.143163 0.561443 0.627456 -0.364016 0.104701 0.020792 0.306624 0.714915 0.613120 -0.392232 -0.208700 -0.110776 -0.286327 0.494647 -0.022861 -0.005999 -0.368882 0.338837 0.186138 0.002298 0.186187 0.149574 0.058528 0.400104 0.463824 0.692627 0.524461 -0.191919 0.302285 0.020898 -0.015900 -0.187196 0.026126 -0.436817 -0.080705 -0.072838 -0.221938 -0.075543 -0.334053 -0.055521 -0.130871 -0.103824 0.032417 0.175284 0.152027 -0.048347 -0.269192 -0.144806 -0.225834 -0.211728 -0.034650 -0.182292 -0.115810 0.184431 -0.027474 -0.089452 0.072448 0.024787 -0.147519 -0.177531 0.032277
-0.086873 0.444198 -0.319531 -0.087126 -0.117835 -0.001628 0.136966 -0.059095 -0.254801 -0.116626 -0.172934 0.515635 0.071302 0.482302 -0.226710 0.165126 0.693627 1.000000 -0.090523 0.495024 -0.225984 -0.134894 -0.465512 -0.178586 -0.273850 -0.349140 -0.084824 -0.336556 0.554466 0.688453 -0.201284 -0.160046 0.269627 0.337905 -0.232393 0.079039 0.351901 0.473375 -0.257501 0.091075 0.370364 0.291599 -0.341057 -0.357596 -0.436293 -0.471679 -0.240515 -0.363082 -0.286139 -0.372030 -0.539592 -0.065144 -0.099596 -0.135102 -0.059962 -0.158502 0.104132 0.278991 -0.544817 -0.265585 -0.146229 -0.058906 0.535451 0.346443 -0.252565 -0.049891 -0.169661 -0.197489 0.344669 -0.196262 0.185291 0.008082 0.575040 0.546162 0.494563 0.603229 0.535325 0.434763 0.420761 0.387359 0.364365 0.351484 -0.164871 0.414112 -0.336926 -0.174584 -0.376855 -0.306336 -0.292696 -0.163125 -0.265419 -0.130542 -0.214149 -0.141926 0.131323 0.215929 -0.374245 -0.084479 -0.085673 0.207077 -0.138129 -0.109939 -0.134459 -0.107596 0.160233 0.332601 -0.220399 0.306629 0.371988 -0.120944 -0.324968 -0.040626 0.101100 -0.212253 0.107330 0.415071
0.155051 -0.188822 0.712492 0.533313 0.155536 0.341069 0.468556 0.111556 0.371193 -0.013522 0.439962 0.134887 0.140017 -0.370678 0.480607 0.002025 -0.365665 -0.090523 1.000000 0.349480 0.507099 0.442806 0.499007 0.579781 0.049487 0.356850 0.195666 0.531095 0.143851 -0.277184 0.807404 0.747118 0.110349 0.480895 0.431241 0.167030 -0.030415 -0.113296 -0.026087 -0.136605 -0.016403 -0.038863 -0.292491 -0.043262 -0.377329 -0.391226 -0.331757 -0.375142 -0.359905 -0.409838 -0.266856 -0.537001 -0.368918 -0.420287 -0.341909 -0.413659 -0.432165 -0.550380 -0.083471 -0.483192 -0.226599 -0.594560 -0.438424 -0.617672 0.618595 -0.095015 0.204520 0.423545 -0.352478 0.155260 0.236568 0.450897 0.049951 -0.076768 0.014130 0.226269 0.227827 0.298607 0.019860 -0.065560 -0.429679 -0.298486 0.557362 0.076149 0.160503 -0.002683 0.233061 -0.071722 0.491616 -0.281152 -0.396554 0.391770 -0.047859 0.508672 -0.117429 0.170679 -0.367612 -0.269999 -0.537026 -0.305238 0.024202 0.518838 0.106089 0.347431 0.361676 0.343301 0.027588 0.346899 0.126401 -0.002442 -0.069029 -0.471927 -0.274216 -0.037129 0.215543 0.169377
0.316681 0.552665 0.025244 0.276768 0.224470 0.450994 0.544889 0.378710 0.023335 0.080291 0.141764 0.573959 0.192047 0.384051 0.048458 0.317685 0.054270 0.495024 0.349480 1.000000 0.122579 0.075490 -0.298267 0.339426 -0.362743 -0.080468 0.073558 -0.072461 0.448851 0.495550 0.226431 0.290444 0.369597 0.675866 -0.018771 0.262439 0.450099 0.491928 -0.170241 0.078709 0.286561 0.388941 -0.667793 -0.478998 -0.700271 -0.731115 -0.701154 -0.727840 -0.476705 -0.710730 -0.718630 -0.596181 -0.603302 -0.645688 -0.360281 -0.582448 -0.469851 -0.360808 -0.389086 -0.411994 -0.189678 -0.409188 0.179098 -0.173822 0.110120 0.177959 0.077769 0.167099 0.205888 -0.278399 0.298652 0.397050 0.446803 0.430925 0.495008 0.693511 0.650506 0.640351 -0.080336 -0.058543 -0.007785 -0.004538 0.164216 0.293428 -0.299988 -0.225309 -0.154994 -0.352013 0.091687 -0.305323 -0.496659 0.318886 0.005435 0.394656 0.070393 0.480452 -0.628478 -0.291933 -0.483851 0.132772 0.136638 0.354485 0.157908 0.299314 0.458541 0.682441 0.003660 0.440199 0.422515 0.053794 -0.149490 -0.268797 0.142101 -0.157344 0.089667 0.353684
0.285364 -0.131221 0.446702 0.258794 0.002304 0.258511 0.179313 0.147066 0.592801 -0.198027 0.352814 0.101397 0.237483 -0.212322 0.560630 0.225209 -0.393107 -0.225984 0.507099 0.122579 1.000000 0.582450 0.194569 0.363944 0.224938 0.725844 0.436153 0.657358 0.133912 -0.275804 0.576230 0.759072 0.055686 0.441554 0.252650 0.242586 0.031502 -0.105782 0.099973 -0.150511 0.041906 0.139967 -0.131433 0.062779 -0.283046 -0.384393 -0.306401 -0.404720 -0.104406 -0.419774 -0.174576 -0.484253 -0.271324 -0.472792 0.003380 -0.406524 -0.332694 -0.370766 0.191819 -0.160223 0.075044 -0.297407 -0.271000 -0.384335 0.347069 0.068979 0.366438 0.485740 -0.360062 0.101116 0.207005 0.433863 0.054447 -0.133282 -0.044404 0.206137 0.231825 0.224701 0.044435 0.025723 -0.420911 -0.335027 0.447731 -0.183587 -0.118153 -0.162548 -0.020725 -0.202356 0.371623 -0.194445 -0.354980 0.131816 -0.374472 0.199333 -0.037268 0.175901 -0.166076 -0.227210 -0.428151 -0.366276 -0.065152 0.289227 0.071995 0.389374 0.443284 0.266706 0.245464 0.424199 -0.022838 0.097716 0.051156 -0.368857 -0.197225 0.006886 0.121390 0.069898
-0.023253 -0.252670 0.385268 0.405411 -0.066990 0.059933 0.197852 0.224676 0.339026 -0.045575 0.149888 -0.045470 0.054862 -0.133165 0.408987 0.085572 -0.308974 -0.134894 0.442806 0.075490 0.582450 1.000000 0.270562 0.391293 0.131263 0.327743 0.098870 0.440989 0.396526 -0.106696 0.615264 0.706294 0.054437 0.450976 0.347105 0.126323 0.016205 -0.001257 0.255230 -0.128036 0.237053 0.070007 -0.329460 -0.122296 -0.125606 -0.213645 -0.267876 -0.393256 -0.260497 -0.296985 -0.227450 -0.447717 -0.306952 -0.367997 0.121736 -0.194670 -0.325235 -0.432657 -0.008986 -0.313067 -0.085326 -0.299315 -0.290336 -0.415213 0.297561 -0.086077 0.061556 0.184855 -0.477415 0.290398 0.054101 0.638907 0.186533 0.077434 0.105638 0.097564 0.123192 0.100217 0.224036 0.312317 -0.253138 -0.022191 0.460335 0.225219 0.120079 0.121028 -0.054379 -0.204928 0.436575 0.196431 -0.226861 0.346121 -0.051057 0.249367 0.197496 0.081498 -0.154318 -0.126611 -0.268633 -0.144043 0.076984 0.149620 -0.023320 0.252388 0.245354 -0.054717 0.008912 0.173394 -0.078879 0.054008 -0.211617 -0.434419 -0.276164 0.169737 0.320285 -0.021283
-0.389581 -0.683814 0.544637 0.436562 0.227334 0.056364 -0.014403 -0.189918 0.286377 0.176280 0.121378 -0.392636 -0.167711 -0.578626 0.320479 -0.146482 -0.420195 -0.465512 0.499007 -0.298267 0.194569 0.270562 1.000000 0.472676 0.341451 0.360576 0.184072 0.506351 -0.272114 -0.608296 0.539752 0.428159 -0.104020 -0.105798 0.465867 -0.037227 -0.429212 -0.394197 0.173235 -0.117586 -0.375484 -0.213657 0.230861 0.152589 0.300812 0.269293 0.216366 0.230190 0.028916 0.200383 0.448120 0.048122 0.190056 0.210957 0.095807 0.057480 -0.063910 -0.259623 0.141993 -0.094429 -0.213607 -0.190476 -0.499483 -0.331037 0.428854 -0.230546 0.041770 0.123973 -0.513429 0.187350 0.021433 0.089256 -0.359222 -0.428293 -0.370101 -0.288188 -0.378399 -0.231095 -0.080022 -0.103271 -0.399184 -0.329523 0.386046 -0.011016 0.368485 0.150719 0.618211 0.353305 0.462400 0.124020 0.196124 0.098523 0.202119 0.184316 -0.222914 -0.274372 0.183957 -0.082703 -0.064936 -0.398373 0.045351 0.208258 -0.006238 -0.016680 -0.114509 -0.288220 0.083000 -0.161871 -0.284861 -0.076303 0.144070 -0.268215 -0.378346 0.004132 0.003417 -0.249235
0.066182 -0.143519 0.512997 0.481579 0.175220 0.491708 0.445984 0.229885 0.492904 0.191736 0.299891 0.091882 0.009325 -0.306851 0.510322 0.381905 -0.493494 -0.178586 0.579781 0.339426 0.363944 0.391293 0.472676 1.000000 0.212246 0.494473 0.233008 0.598525 0.057819 -0.175224 0.610043 0.635939 -0.016987 0.422808 0.325903 0.226300 0.200504 0.141340 0.298433 0.090787 0.104169 0.138796 -0.280724 -0.077842 -0.247854 -0.328134 -0.347608 -0.281871 -0.329400 -0.455348 -0.236630 -0.602640 -0.466760 -0.458626 -0.195977 -0.375609 -0.536806 -0.616772 -0.161719 -0.468446 -0.344289 -0.701860 -0.602849 -0.666494 0.479880 0.097156 -0.019836 0.289665 -0.332133 0.197273 0.330419 0.463033 -0.006987 0.115109 0.266787 0.275780 0.268572 0.371605 0.024978 -0.112990 -0.548026 -0.370649 0.483439 -0.029080 -0.024940 -0.024390 0.316766 0.026521 0.463627 -0.129542 -0.187103 0.538455 0.118806 0.629875 0.024531 0.214095 -0.209430 -0.203874 -0.447010 -0.090434 0.057765 0.527760 0.125527 0.352023 0.192670 0.219980 0.184849 0.289024 0.023910 0.096166 -0.063542 -0.385409 0.097697 0.068075 0.368294 0.203744
-0.109580 -0.278308 0.010470 -0.093227 0.011689 -0.206130 -0.313053 -0.455947 0.515345 -0.456133 0.060445 -0.303532 0.039115 -0.314941 0.624621 -0.046469 -0.050807 -0.273850 0.049487 -0.362743 0.224938 0.131263 0.341451 0.212246 1.000000 0.424419 0.520709 0.638509 0.081288 -0.343440 0.104920 0.076810 -0.073851 -0.210202 0.153717 0.034093 0.012255 -0.087793 0.460802 0.114413 -0.028884 -0.397470 0.337959 0.295201 0.059063 0.107633 0.148020 0.174507 -0.218532 0.048617 0.111629 -0.035027 -0.078416 0.032649 0.112997 0.120428 0.186065 0.165108 0.125828 -0.014863 -0.113556 -0.013479 -0.189776 -0.075611 0.193703 -0.260202 -0.112456 -0.013129 -0.085717 0.442237 -0.138635 -0.188006 -0.224252 -0.468274 -0.371817 -0.291414 -0.118929 -0.039094 0.115744 0.160661 -0.037212 -0.075057 0.473061 -0.126131 0.096742 0.027575 0.165361 0.204394 0.039056 0.035872 0.036415 0.039363 -0.272557 0.040639 0.157591 -0.026354 0.308921 0.379697 -0.081617 -0.061890 0.047989 0.027915 0.062723 0.238407 0.017192 -0.260052 0.216780 -0.006009 -0.022359 0.519079 0.287204 0.040843 -0.122755 0.322163 0.140708 -0.030577
0.206173 -0.190653 0.432409 0.121007 -0.020803 0.338812 0.102632 -0.007954 0.599828 -0.061467 0.289419 -0.016569 0.164766 -0.341138 0.517635 0.188873 -0.391082 -0.349140 0.356850 -0.080468 0.725844 0.327743 0.360576 0.494473 0.424419 1.000000 0.435196 0.752738 -0.050242 -0.332925 0.453963 0.618782 -0.019396 0.175426 0.240252 0.211814 0.001485 -0.081940 0.244924 0.201322 -0.061743 0.133803 0.012703 0.239398 -0.141913 -0.206132 -0.174947 -0.122000 0.005708 -0.321133 0.034446 -0.341994 -0.228817 -0.355313 -0.010976 -0.272266 -0.309427 -0.362805 0.218708 -0.007993 0.045118 -0.264198 -0.349447 -0.332175 0.397885 0.071919 0.340176 0.513678 -0.344479 0.065543 0.146815 0.247279 -0.106698 -0.094284 -0.090242 0.066660 0.164295 0.230166 0.000386 -0.031564 -0.410155 -0.352335 0.305922 -0.349675 -0.051662 -0.079575 0.109002 0.121137 0.310378 -0.154604 -0.320858 -0.003221 -0.345261 0.123293 0.031454 0.155897 -0.011464 -0.145070 -0.390188 -0.376337 -0.256191 0.201792 -0.132885 0.149218 0.109083 0.169856 0.137268 0.266260 0.059053 0.071290 0.189381 -0.277564 -0.093382 -0.069877 0.094421 0.040230
-0.037431 -0.115633 0.035902 0.257762 0.004800 0.194020 -0.071968 -0.159311 0.548258 -0.283905 0.127053 0.026727 0.091008 -0.148752 0.581810 0.085707 -0.089330 -0.084824 0.195666 0.073558 0.436153 0.098870 0.184072 0.233008 0.520709 0.435196 1.000000 0.519821 0.047872 -0.216886 0.125779 0.210656 0.002700 0.026219 -0.067093 -0.011575 -0.005540 -0.029651 0.133396 0.086728 -0.051585 -0.255233 0.094134 0.133462 -0.179039 -0.205735 -0.127080 -0.143980 -0.311532 -0.229236 -0.001381 -0.156039 -0.155825 -0.187091 0.054386 -0.153014 0.024136 0.005622 -0.126889 -0.016743 -0.229934 -0.130833 -0.069510 -0.094362 0.162497 -0.065035 0.005300 0.160355 -0.043096 0.187497 -0.095722 -0.136197 -0.324119 -0.329085 -0.302437 -0.044179 0.108131 0.098462 -0.013234 0.106048 -0.183063 -0.376659 0.341076 -0.138583 0.039101 -0.049961 0.103423 -0.057280 0.190575 0.041390 -0.104985 0.020122 -0.375176 0.140549 0.021538 0.265026 -0.007762 0.028098 -0.152040 -0.054762 0.039772 0.164510 0.139712 0.329890 0.274664 0.203439 0.277861 0.297328 0.243789 0.246129 0.282568 -0.071021 -0.004365 0.013914 -0.046575 0.155808
0.165853 -0.256365 0.432727 0.219055 -0.048242 0.235907 0.039724 -0.100666 0.721648 -0.200759 0.411243 -0.092087 0.236949 -0.321400 0.787546 0.156402 -0.394865 -0.336556 0.531095 -0.072461 0.657358 0.440989 0.506351 0.598525 0.638509 0.752738 0.519821 1.000000 0.031635 -0.418812 0.584606 0.661777 0.027487 0.291518 0.469943 0.329920 -0.037404 -0.243218 0.224508 -0.026961 -0.048671 -0.147819 0.018991 0.201802 -0.192760 -0.246422 -0.185012 -0.161784 -0.177315 -0.318186 -0.111304 -0.486465 -0.342677 -0.440397 -0.094968 -0.328501 -0.247149 -0.297384 0.201357 -0.184476 0.013781 -0.287899 -0.465003 -0.471290 0.583972 0.020640 0.203495 0.387326 -0.416081 0.344171 0.065111 0.269359 -0.181838 -0.304883 -0.171517 -0.017205 0.168059 0.253693 0.044323 0.021225 -0.465381 -0.337854 0.658925 -0.168662 0.076972 -0.110574 0.212914 0.007063 0.517942 -0.242489 -0.303718 0.146811 -0.251714 0.324749 0.016485 0.094677 -0.000451 -0.018666 -0.443578 -0.345414 0.015371 0.323716 0.101516 0.387726 0.252838 0.101996 0.292688 0.247185 0.004836 0.306049 0.255928 -0.355015 -0.158274 0.146099 0.245763 0.007305
0.062530 0.227174 -0.181141 -0.049344 -0.020196 0.007200 0.143366 -0.115249 0.060986 -0.309698 0.088990 0.315451 0.215120 0.293162 0.252392 0.246409 0.365688 0.554466 0.143851 0.448851 0.133912 0.396526 -0.272114 0.057819 0.081288 -0.050242 0.047872 0.031635 1.000000 0.661953 0.123870 0.163840 0.297645 0.538358 0.029751 0.247465 0.449488 0.407746 0.147350 0.028758 0.548997 0.178497 -0.556145 -0.453096 -0.521890 -0.536248 -0.475355 -0.596137 -0.395550 -0.551832 -0.640374 -0.324431 -0.353759 -0.332773 -0.073328 -0.300544 -0.112373 -0.009647 -0.334475 -0.287207 -0.133824 -0.152374 0.254851 0.016458 0.105576 -0.056324 -0.090576 -0.052493 0.007439 0.023672 0.202192 0.370502 0.683219 0.372231 0.319416 0.481044 0.453011 0.426529 0.463982 0.517980 0.342973 0.479788 0.308527 0.422947 -0.177665 -0.161443 -0.433861 -0.395920 -0.022838 0.011330 -0.368365 0.206086 -0.289667 0.064463 0.325110 0.301671 -0.464800 -0.058291 -0.380734 0.094947 -0.092918 0.031523 -0.155087 0.161260 0.272196 0.203061 -0.104158 0.350797 0.244433 0.114084 -0.409429 -0.319043 -0.150101 -0.006634 0.308844 0.342742
0.060025 0.526242 -0.457732 -0.231307 -0.223859 -0.018661 0.179651 0.064197 -0.204028 -0.079604 -0.177291 0.451021 0.120290 0.612000 -0.186659 0.320282 0.407018 0.688453 -0.277184 0.495550 -0.275804 -0.106696 -0.608296 -0.175224 -0.343440 -0.332925 -0.216886 -0.418812 0.661953 1.000000 -0.267556 -0.235852 0.308776 0.423243 -0.098901 0.359597 0.595713 0.607561 -0.039436 0.243676 0.567360 0.330933 -0.488013 -0.442521 -0.401289 -0.381330 -0.415305 -0.453748 -0.127373 -0.423247 -0.582813 -0.149165 -0.248586 -0.244673 -0.110364 -0.243608 -0.194580 0.011140 -0.326884 -0.137639 -0.031672 0.036505 0.414763 0.197275 -0.150753 0.245656 -0.109474 -0.117083 0.242753 -0.340483 0.112422 0.209202 0.699396 0.626807 0.590823 0.587303 0.589931 0.483954 0.171286 0.191939 0.324822 0.398168 -0.188365 0.279234 -0.408755 -0.260433 -0.560225 -0.426206 -0.263402 -0.081756 -0.189543 -0.080698 -0.188494 -0.132175 0.210072 0.337570 -0.378154 -0.019951 -0.155421 0.250658 -0.149381 -0.161138 -0.162502 -0.093253 0.104754 0.337552 -0.166533 0.259244 0.326203 -0.047695 -0.312178 -0.084794 0.198693 -0.147310 0.101275 0.335175
0.053890 -0.358986 0.748232 0.497202 0.103415 0.226482 0.440123 0.132506 0.352276 -0.026041 0.287815 0.010062 0.025814 -0.369090 0.404153 -0.044080 -0.497116 -0.201284 0.807404 0.226431 0.576230 0.615264 0.539752 0.610043 0.104920 0.453963 0.125779 0.584606 0.123870 -0.267556 1.000000 0.893360 0.158756 0.548032 0.550968 0.296121 0.044459 -0.084653 0.121265 -0.151465 0.017691 -0.069022 -0.215292 0.040196 -0.244339 -0.307981 -0.262150 -0.336133 -0.293931 -0.412467 -0.219647 -0.568501 -0.291178 -0.406383 -0.202461 -0.374575 -0.557612 -0.644493 0.096236 -0.366216 -0.198342 -0.551082 -0.471286 -0.625747 0.523215 -0.128923 0.354919 0.507919 -0.572290 0.116244 0.262922 0.634145 0.088654 -0.035698 0.092308 0.158380 0.252492 0.306270 0.090781 0.006942 -0.484654 -0.250379 0.417717 0.012113 0.024939 -0.008654 0.065499 -0.184360 0.405422 -0.178084 -0.334590 0.246655 -0.042063 0.361824 -0.056309 0.196655 -0.226813 -0.220576 -0.515805 -0.343503 -0.079694 0.344097 -0.081201 0.139927 0.248574 0.256661 0.010290 0.357111 0.038522 0.053904 0.026865 -0.422488 -0.324095 -0.001824 0.224467 0.147698
0.163030 -0.204458 0.673736 0.533443 0.035182 0.363598 0.373661 0.273345 0.429857 0.010104 0.325509 0.116896 0.099851 -0.275876 0.436177 0.136028 -0.486781 -0.160046 0.747118 0.290444 0.759072 0.706294 0.428159 0.635939 0.076810 0.618782 0.210656 0.661777 0.163840 -0.235852 0.893360 1.000000 0.149602 0.630483 0.450400 0.289793 0.070865 -0.057506 0.121007 -0.100613 0.036910 0.112854 -0.317174 -0.023034 -0.318827 -0.434726 -0.381702 -0.470914 -0.327724 -0.543455 -0.272882 -0.654946 -0.399771 -0.548147 -0.126942 -0.487554 -0.581198 -0.641572 -0.025012 -0.409602 -0.176811 -0.560696 -0.452197 -0.624202 0.458256 -0.031716 0.335256 0.596639 -0.501260 0.177850 0.259650 0.714480 0.100845 0.069794 0.160298 0.295871 0.347928 0.387889 0.106908 0.048277 -0.469128 -0.237262 0.432726 -0.007218 -0.001240 -0.000354 0.038005 -0.235184 0.480993 -0.182192 -0.370379 0.259913 -0.060456 0.395891 -0.009855 0.213187 -0.274929 -0.284957 -0.531950 -0.332825 -0.021620 0.365620 -0.012665 0.271633 0.366423 0.291425 0.154070 0.392347 0.010945 0.023603 -0.014371 -0.485201 -0.257026 0.033237 0.313901 0.122316
0.109186 0.180378 0.213053 0.069445 0.020190 0.062075 0.150830 0.089665 -0.021062 -0.091763 0.099231 0.131501 0.088888 0.153040 -0.076820 -0.172577 0.092868 0.269627 0.110349 0.369597 0.055686 0.054437 -0.104020 -0.016987 -0.073851 -0.019396 0.002700 0.027487 0.297645 0.308776 0.158756 0.149602 1.000000 0.459375 0.203923 0.131016 0.272966 0.244774 -0.097667 0.098333 0.042909 -0.010803 -0.210628 -0.223917 -0.245748 -0.256048 -0.156458 -0.360950 -0.154129 -0.241973 -0.248165 -0.178692 -0.187016 -0.214370 -0.041588 -0.175785 -0.232710 -0.010930 -0.129628 -0.128881 -0.119507 -0.124224 0.211326 0.001123 -0.068220 -0.207715 0.530599 0.298415 0.056756 -0.127186 0.020113 0.069673 0.303968 0.229802 0.132014 0.222932 0.310284 0.216815 0.122634 0.133017 0.080414 0.112668 -0.005941 0.017555 -0.144369 -0.070181 -0.145650 -0.208408 -0.115086 -0.138340 -0.375013 -0.234430 -0.185638 -0.147945 0.067399 0.148659 -0.077033 -0.021917 -0.335323 -0.075373 -0.140487 -0.104649 -0.105632 0.036977 0.141686 0.277579 -0.370583 0.077272 0.199607 0.104321 0.192997 -0.259277 -0.353804 -0.020380 -0.037618 0.005372
0.346430 0.308430 0.245840 0.254549 0.012899 0.424059 0.545651 0.355342 0.343730 0.069699 0.337192 0.454260 0.362252 0.330026 0.345047 0.403486 -0.154231 0.337905 0.480895 0.675866 0.441554 0.450976 -0.105798 0.422808 -0.210202 0.175426 0.026219 0.291518 0.538358 0.423243 0.548032 0.630483 0.459375 1.000000 0.281746 0.537983 0.385305 0.210496 -0.122969 -0.105715 0.318557 0.308662 -0.613424 -0.359134 -0.583650 -0.667056 -0.677171 -0.746924 -0.270610 -0.743622 -0.718083 -0.693982 -0.505671 -0.676757 -0.309327 -0.729173 -0.593235 -0.480612 -0.179664 -0.458188 -0.054472 -0.430058 -0.047787 -0.403557 0.368983 0.266823 0.320896 0.411310 -0.236962 -0.086122 0.292243 0.744230 0.498488 0.386648 0.487729 0.688135 0.670072 0.664332 0.128739 0.073348 -0.210906 0.023514 0.351313 0.185440 -0.315296 -0.392436 -0.280456 -0.529515 0.291828 -0.427462 -0.544133 0.201280 -0.160643 0.329660 -0.001134 0.374871 -0.593152 -0.348928 -0.663483 -0.228045 0.002565 0.302293 0.019133 0.255140 0.503397 0.561533 0.026097 0.521070 0.202931 0.011511 -0.255183 -0.530636 -0.167168 -0.158473 0.305930 0.319693
-0.028680 -0.194377 0.427374 0.302374 0.093390 -0.010428 0.230228 0.018100 0.357959 -0.019630 0.251904 -0.086261 0.151678 -0.167188 0.325703 -0.016456 -0.314051 -0.232393 0.431241 -0.018771 0.252650 0.347105 0.465867 0.325903 0.153717 0.240252 -0.067093 0.469943 0.029751 -0.098901 0.550968 0.450400 0.203923 0.281746 1.000000 0.652306 -0.011991 -0.123680 0.091891 -0.120595 -0.144017 -0.058391 -0.125246 -0.038762 -0.018811 -0.033705 -0.120532 -0.233589 -0.005019 -0.156856 -0.066149 -0.331155 -0.202756 -0.259481 -0.192259 -0.263387 -0.452328 -0.474648 0.210555 -0.323273 0.040460 -0.156491 -0.336612 -0.398424 0.536718 0.093409 0.235976 0.310889 -0.564356 -0.088218 0.054690 0.422119 0.083517 -0.203932 -0.068089 0.089773 0.159931 0.289497 -0.159728 -0.291108 -0.438537 -0.249891 0.456228 0.194609 0.097185 -0.150162 0.224574 -0.011664 0.426590 -0.265267 -0.118126 0.063886 0.101603 0.275530 -0.136344 0.056866 -0.000740 0.006887 -0.375955 -0.408108 0.112175 0.325868 0.193036 0.205853 0.143711 0.048895 -0.054545 0.096103 0.090541 0.242057 0.132476 -0.393876 -0.200998 0.208120 0.133885 -0.138408
0.311221 0.244142 0.051622 -0.033846 -0.030148 0.218119 0.356559 0.107970 0.486847 -0.038612 0.278186 0.256223 0.458660 0.321335 0.382046 0.387185 -0.157557 0.079039 0.167030 0.262439 0.242586 0.126323 -0.037227 0.226300 0.034093 0.211814 -0.011575 0.329920 0.247465 0.359597 0.296121 0.289793 0.131016 0.537983 0.652306 1.000000 0.347944 0.143490 -0.019804 -0.035595 0.196950 0.162787 -0.309764 -0.056902 -0.378183 -0.377615 -0.560988 -0.509301 -0.000720 -0.523242 -0.425491 -0.469115 -0.388228 -0.536375 -0.403825 -0.614975 -0.557666 -0.436268 0.112932 -0.355121 0.204850 -0.078626 -0.053054 -0.289272 0.512112 0.515332 0.175271 0.290965 -0.385083 -0.272930 0.138582 0.464726 0.307166 0.043241 0.220536 0.460913 0.557884 0.670315 -0.171260 -0.274712 -0.199471 -0.026594 0.290053 0.107617 -0.260385 -0.520105 -0.168752 -0.384573 0.315809 -0.551094 -0.351718 -0.042527 -0.084227 0.301576 -0.062530 0.361397 -0.373570 -0.047686 -0.603458 -0.323806 0.103356 0.325374 0.224338 0.201221 0.301872 0.379877 0.086442 0.400539 0.239751 0.275065 0.026428 -0.348088 0.035489 0.003854 0.188542 0.186388
