1.000000 0.624156 0.555564 0.317931 0.366887 0.169020 -0.019472 0.413982 0.504437 0.289244 0.779618 0.524843 0.542489 0.129487 0.575460 0.529212 0.048792 -0.109620 0.740583 0.025018 0.342370 0.204725 0.467088 -0.104521 -0.168429 0.357980 0.230301 0.412163 -0.138343 0.198878 0.308215 0.264918 0.020989 0.452944 0.260755 0.148049 -0.426785 -0.280392 -0.270333 -0.148951 -0.240323 -0.271336 -0.243685 -0.196192 -0.280243 0.028234 -0.575113 -0.446973 0.245046 -0.551902 0.660614 -0.414875 -0.606352 -0.439261 -0.499289 -0.585794 -0.217371 0.180693 -0.114489 -0.385925 0.691968 0.440962 -0.169574 0.142088 0.642615 0.756169 -0.182440 0.300086 0.005171 -0.383238 -0.125968 0.359730 -0.059003 0.213774 0.345942 0.490263 0.491303 0.509897 -0.036874 0.240677 -0.511628 -0.170008 -0.047836 0.247917 -0.010427 -0.377376 -0.163287 -0.470122 0.542862 -0.336368 -0.452267 -0.205374 -0.234729 -0.189294 -0.065786 -0.117537 -0.151468 -0.305650 -0.580053 -0.516788 -0.212999 -0.191432 -0.297372 -0.316854 -0.311634 -0.210151 -0.016530 -0.270677 -0.119632 0.059176 -0.117512 -0.605650 -0.164521 -0.319846 -0.162561 -0.181239
0.624156 1.000000 0.336405 0.302267 0.360822 0.342995 -0.005244 0.463643 0.375237 0.394121 0.467067 0.728009 0.178634 0.235602 0.532531 0.531738 0.309515 0.072392 0.359721 0.363913 0.338545 0.076093 0.066386 -0.242385 -0.134911 0.203734 0.272743 0.128448 0.099839 0.325818 0.289376 0.301378 0.085804 0.484376 0.124625 0.162150 -0.464824 -0.459482 -0.423993 -0.325411 -0.266084 -0.463214 -0.253363 -0.241672 -0.360924 0.101055 -0.483397 -0.453667 0.197871 -0.433698 0.489748 -0.397372 -0.421806 -0.437918 -0.622315 -0.626381 -0.060322 0.393228 0.122002 0.065298 0.418732 0.552878 -0.002625 0.404826 0.442233 0.689787 -0.063216 0.354309 0.277928 -0.168111 -0.180149 0.366291 0.050962 0.090649 0.306669 0.325981 0.288531 0.261992 0.223165 0.255743 -0.037305 0.128716 -0.195362 0.369888 0.077401 -0.268315 -0.322519 -0.286053 0.204907 -0.397340 -0.449362 -0.225228 -0.366380 -0.221575 -0.068720 -0.029342 -0.421757 -0.608427 -0.677716 -0.651661 -0.398570 -0.166692 -0.307681 -0.305328 -0.234360 -0.188072 0.080684 -0.232212 -0.031134 0.002551 -0.349832 -0.519053 -0.177065 -0.335036 -0.253551 -0.060983
0.555564 0.336405 1.000000 0.299746 0.531113 0.282881 0.490191 0.723137 0.728801 0.590322 0.320491 0.433432 0.477290 0.274085 0.477720 0.614625 -0.004501 -0.298186 0.580998 0.243449 0.564079 0.399914 0.587932 -0.267541 0.058566 0.543813 0.055611 0.158674 -0.195370 -0.019522 0.462179 0.536203 -0.110503 0.665371 0.462999 0.500225 -0.276767 -0.287122 -0.212059 -0.128527 -0.067391 -0.101044 -0.328377 -0.391250 -0.310552 0.213372 -0.658097 -0.412662 0.384268 -0.607303 0.267557 -0.498209 -0.669548 -0.526738 -0.500209 -0.545622 -0.438882 -0.234021 -0.403187 -0.498846 0.542178 0.055393 -0.457685 -0.177963 0.591705 0.634851 -0.190506 0.503149 -0.398511 -0.050672 0.157815 0.713639 -0.062841 0.466839 0.391367 0.655514 0.559919 0.646932 0.031677 0.106686 -0.323266 -0.090670 -0.137637 0.099710 -0.351239 -0.640621 -0.311066 -0.613322 0.503462 -0.243511 -0.267759 -0.020145 -0.120298 -0.160388 -0.001404 -0.002219 0.024879 -0.179991 -0.437577 -0.347269 -0.312771 -0.160278 -0.294546 -0.349857 -0.350758 -0.166537 -0.021473 -0.366477 -0.007305 0.181481 0.083476 -0.575473 0.042491 -0.366547 -0.134147 -0.303137
0.317931 0.302267 0.299746 1.000000 0.289297 0.339179 -0.148576 0.445543 0.224429 0.235277 0.112992 0.119064 0.190793 0.038756 0.389704 0.501626 -0.189128 -0.231935 0.553926 -0.048168 0.426247 0.260110 0.457827 0.322074 0.047341 0.452054 0.195197 0.460284 -0.249026 0.071566 0.227101 0.296779 0.113713 0.049366 0.289901 -0.054216 -0.019102 0.120047 0.138068 -0.001531 0.136926 0.121780 0.144470 0.106119 -0.053475 -0.151019 -0.149319 -0.031811 0.141268 -0.120773 0.403310 0.018602 -0.200646 -0.126058 -0.138059 -0.101014 -0.078143 -0.014576 -0.094328 -0.290977 0.097469 -0.024893 -0.168214 0.060102 0.442387 0.353528 -0.091580 0.038099 -0.053362 -0.214207 -0.246400 0.210160 -0.077876 0.178226 0.324105 0.209220 0.140769 0.193565 -0.177702 0.081581 -0.274908 -0.210346 0.126583 0.117716 0.052759 -0.053992 -0.023665 -0.043561 0.126276 -0.023339 -0.288644 -0.224735 -0.141175 -0.144773 -0.340366 -0.321373 0.038214 -0.277061 -0.332111 -0.329392 -0.165415 -0.164806 -0.380539 -0.388198 -0.372577 -0.413005 -0.256211 -0.314677 -0.263199 -0.134747 0.000599 -0.164998 -0.194311 -0.132284 -0.371694 -0.439983
0.366887 0.360822 0.531113 0.289297 1.000000 0.521854 0.245824 0.587456 0.794839 0.729036 0.277375 0.291464 -0.010566 -0.041482 0.319925 0.424096 -0.240208 -0.457268 0.322232 0.308786 0.285942 0.083734 0.492724 0.157594 0.426187 0.470912 0.382019 0.155771 -0.252358 -0.151972 0.091952 0.346565 -0.233089 0.334798 0.191270 0.318854 -0.354110 -0.181586 -0.218940 -0.294302 -0.365103 -0.167152 -0.234992 -0.221012 -0.100243 0.494066 -0.456390 -0.320930 0.265969 -0.210624 0.137110 -0.324087 -0.456284 -0.394059 -0.428903 -0.469252 -0.199196 -0.161647 -0.078897 -0.058596 0.175836 0.177479 -0.297328 -0.061741 0.377818 0.583334 -0.095622 0.606660 -0.383125 -0.162515 -0.050514 0.311228 -0.427451 0.122048 0.048679 0.319892 0.169438 0.283085 -0.222286 -0.316630 -0.356052 -0.299289 -0.461683 -0.039466 -0.149363 -0.397428 -0.358148 -0.522010 0.305484 -0.299532 0.049203 0.218607 0.090087 0.080940 -0.243648 -0.158059 -0.089371 -0.356416 -0.390290 -0.256605 -0.157080 0.024495 -0.188675 -0.202497 -0.153559 -0.190778 0.025463 -0.387022 -0.114168 -0.128963 -0.003370 -0.309517 0.153898 -0.234984 -0.268745 -0.267105
0.169020 0.342995 0.282881 0.339179 0.521854 1.000000 0.227334 0.556748 0.320867 0.734553 0.085417 0.325854 0.023193 0.285732 0.327743 0.422489 -0.090275 -0.220828 0.129022 0.371233 0.090506 -0.100910 0.279067 0.119328 0.365499 0.157395 0.244421 0.203225 -0.084663 0.065161 0.213010 0.338705 -0.166977 0.339554 0.022706 0.376914 -0.202783 -0.188406 -0.186774 -0.310269 -0.215100 -0.201747 -0.231843 -0.239428 -0.222231 0.407662 -0.427381 -0.331734 0.186530 -0.145402 0.154078 -0.188272 -0.290420 -0.272446 -0.328480 -0.401387 -0.249463 -0.074517 -0.086361 0.063715 0.114851 0.293220 -0.098842 0.115464 0.417882 0.480847 -0.138524 0.403928 -0.155881 0.068031 0.085569 0.159927 -0.110058 0.167031 0.075290 0.160457 0.179424 0.252404 -0.150342 -0.184155 -0.184845 -0.308760 -0.362725 0.007831 -0.165109 -0.384895 -0.259181 -0.167335 0.105402 -0.167624 -0.023733 0.130891 -0.003258 -0.008256 -0.164554 -0.106380 -0.291583 -0.530421 -0.368437 -0.264939 -0.228268 0.027737 -0.119294 -0.329011 -0.129501 -0.283720 0.107234 -0.397837 0.005453 0.031890 -0.260563 -0.331417 0.176771 -0.131805 -0.367879 -0.206988
-0.019472 -0.005244 0.490191 -0.148576 0.245824 0.227334 1.000000 0.531600 0.317667 0.461905 -0.172282 0.313255 0.234598 0.506668 -0.048844 0.189166 0.102383 -0.091666 0.004260 0.264875 0.027262 0.055384 -0.022150 -0.339373 0.276155 -0.190287 -0.099291 -0.305221 0.044918 0.109311 0.169756 0.201432 0.026318 0.425615 0.223736 0.465738 0.225184 -0.196658 0.059646 -0.041872 0.081667 0.013971 -0.403180 -0.521856 -0.253393 0.095510 -0.423203 -0.462097 0.206233 -0.298750 -0.218889 -0.295053 -0.226107 -0.312322 -0.048203 -0.296052 -0.228574 -0.389936 -0.392284 -0.355357 0.258535 -0.166392 -0.043158 -0.070297 0.297354 0.108498 -0.102262 0.172732 -0.044109 0.038559 0.243687 0.397519 0.237783 0.311090 0.267691 0.539514 0.462799 0.375494 -0.067242 -0.186941 -0.022691 -0.123606 -0.240812 0.079934 -0.276167 -0.373915 -0.209306 -0.220385 0.203411 -0.036994 -0.055273 0.018516 0.024526 -0.084520 0.143458 0.205614 0.003950 0.111105 0.006836 -0.015101 -0.119303 -0.088606 0.102516 -0.098098 -0.098480 -0.067447 0.076056 -0.142357 0.168610 0.268081 -0.110773 -0.320703 0.055534 -0.133734 -0.070943 -0.058512
0.413982 0.463643 0.723137 0.445543 0.587456 0.556748 0.531600 1.000000 0.644557 0.757033 0.194851 0.526562 0.371330 0.507281 0.350341 0.622858 0.084112 -0.134590 0.422229 0.337129 0.422721 0.284733 0.354777 -0.204231 0.144685 0.313667 0.188565 0.104027 -0.186080 0.144972 0.371124 0.470547 -0.083267 0.717751 0.458232 0.612161 -0.099957 -0.224096 -0.134658 -0.121605 -0.023876 -0.091583 -0.385540 -0.422523 -0.366562 0.262368 -0.681683 -0.529322 0.401192 -0.489497 0.203574 -0.475859 -0.597188 -0.590340 -0.453721 -0.622973 -0.414657 -0.334028 -0.274148 -0.382681 0.466978 0.054564 -0.349796 -0.058384 0.546651 0.633642 -0.109271 0.517045 -0.163158 -0.103588 0.106028 0.635971 -0.080177 0.336427 0.269916 0.646689 0.541383 0.618747 -0.067221 0.005015 -0.286302 -0.098074 -0.237601 0.251307 -0.474051 -0.624032 -0.323750 -0.466209 0.393574 -0.381163 -0.223096 -0.049920 -0.047011 -0.205026 -0.062674 0.025510 -0.144465 -0.264714 -0.525004 -0.413948 -0.319402 -0.182904 -0.274519 -0.437168 -0.402501 -0.332561 0.020475 -0.425950 0.050543 0.197129 -0.039282 -0.623095 0.028537 -0.209820 -0.294821 -0.355673
0.504437 0.375237 0.728801 0.224429 0.794839 0.320867 0.317667 0.644557 1.000000 0.643009 0.289566 0.324939 0.213290 0.057185 0.376235 0.452079 -0.015460 -0.390772 0.412970 0.243772 0.395638 0.215504 0.623375 0.012200 0.329879 0.595473 0.234367 0.241614 -0.238450 -0.119985 0.220802 0.412545 -0.217945 0.520132 0.392419 0.431001 -0.283689 -0.321980 -0.236324 -0.206524 -0.276869 -0.192348 -0.354898 -0.398806 -0.275866 0.311667 -0.608362 -0.454578 0.237258 -0.508963 0.199236 -0.556842 -0.627187 -0.534856 -0.493177 -0.597677 -0.322543 -0.170106 -0.100086 -0.310605 0.421621 0.116770 -0.382471 -0.109573 0.416032 0.598242 -0.247896 0.537180 -0.417644 -0.161320 -0.000982 0.532233 -0.313053 0.155020 0.129359 0.449206 0.423911 0.535427 -0.019824 -0.072964 -0.333902 -0.115597 -0.182825 0.088180 -0.325256 -0.555838 -0.209487 -0.558975 0.486439 -0.357045 -0.075506 0.130574 0.138662 0.096360 -0.106198 -0.076213 0.006294 -0.226320 -0.387558 -0.257529 -0.062916 0.075107 -0.090777 -0.144445 -0.200334 -0.103841 0.101577 -0.246537 -0.039721 0.112739 0.119705 -0.533807 0.145857 -0.159013 -0.010595 -0.235565
0.289244 0.394121 0.590322 0.235277 0.729036 0.734553 0.461905 0.757033 0.643009 1.000000 0.154836 0.425326 0.097566 0.347942 0.254714 0.431741 -0.071136 -0.185030 0.254762 0.453654 0.172280 0.008859 0.380539 -0.022222 0.288076 0.224294 0.080595 -0.048848 -0.106549 0.030674 0.225034 0.390635 -0.169086 0.567774 0.221786 0.554096 -0.144028 -0.234470 -0.154411 -0.186153 -0.208844 -0.165171 -0.427840 -0.487557 -0.326184 0.375352 -0.586227 -0.502903 0.321433 -0.388346 0.130109 -0.411143 -0.487347 -0.465042 -0.409180 -0.481966 -0.402999 -0.268483 -0.172168 -0.136277 0.242935 0.177576 -0.368341 -0.099229 0.434515 0.568758 -0.210308 0.520546 -0.235135 0.086873 0.142144 0.379336 -0.109426 0.294080 0.185381 0.452316 0.415926 0.461090 -0.093345 -0.203695 -0.306161 -0.223474 -0.391856 0.090978 -0.442864 -0.646677 -0.274504 -0.446193 0.361677 -0.226657 -0.003602 0.164531 0.092993 -0.007372 -0.027081 -0.021117 -0.198442 -0.396027 -0.405571 -0.278936 -0.257227 0.018701 -0.097959 -0.339326 -0.199068 -0.219620 0.191417 -0.360982 0.027068 0.170771 -0.124559 -0.466612 0.186449 -0.242103 -0.254375 -0.238020
0.779618 0.467067 0.320491 0.112992 0.277375 0.085417 -0.172282 0.194851 0.289566 0.154836 1.000000 0.450235 0.554463 0.138149 0.623847 0.454387 0.172732 0.059290 0.532939 0.146886 0.245401 0.110852 0.264992 -0.148455 -0.298575 0.134026 0.155801 0.192434 0.176519 0.255795 0.307146 0.276787 0.027940 0.393666 0.082230 0.060780 -0.373231 -0.100250 -0.328475 -0.156476 -0.091594 -0.101029 -0.324016 -0.158795 -0.272761 -0.002659 -0.466699 -0.353424 0.034914 -0.429324 0.477219 -0.331244 -0.474411 -0.357539 -0.456424 -0.436926 -0.021980 0.233388 -0.171525 -0.336326 0.525363 0.329449 0.034820 0.179001 0.502393 0.516548 -0.227420 0.193530 0.105638 -0.237021 -0.087973 0.289555 -0.008847 0.186227 0.264906 0.305817 0.244167 0.280154 0.167241 0.232469 -0.224560 0.040929 -0.116408 0.251127 0.173884 -0.337109 -0.192463 -0.440492 0.359905 -0.317021 -0.359223 -0.044926 -0.224520 -0.125732 0.017347 -0.046040 -0.423931 -0.350149 -0.543367 -0.354368 -0.301869 -0.186249 -0.372726 -0.260834 -0.164303 -0.163671 -0.159890 -0.265007 -0.067699 -0.172207 -0.313105 -0.464217 -0.146998 -0.224765 -0.125804 -0.079381
0.524843 0.728009 0.433432 0.119064 0.291464 0.325854 0.313255 0.526562 0.324939 0.425326 0.450235 1.000000 0.324841 0.508481 0.420117 0.631681 0.387257 0.158135 0.342206 0.284773 0.366640 0.202296 -0.053293 -0.389093 -0.132346 0.049394 0.187963 0.011687 0.164346 0.472393 0.467402 0.412963 0.166104 0.598600 0.142963 0.324807 -0.324866 -0.440444 -0.331416 -0.249426 -0.193455 -0.398299 -0.399641 -0.445183 -0.351203 0.182531 -0.604901 -0.546028 0.207104 -0.437508 0.291681 -0.397872 -0.440022 -0.474114 -0.471711 -0.596549 -0.018641 0.076918 -0.002848 -0.209029 0.577130 0.405403 0.092636 0.331541 0.520663 0.695420 -0.100739 0.272358 0.127879 -0.238008 -0.053941 0.503334 0.236563 0.100588 0.279257 0.428934 0.368879 0.328129 0.217064 0.218312 0.005270 0.070594 -0.166696 0.406178 0.091103 -0.288810 -0.330977 -0.310008 0.207077 -0.295030 -0.462623 -0.237910 -0.444308 -0.302994 0.097516 0.083228 -0.405097 -0.326672 -0.581120 -0.538756 -0.448748 -0.264751 -0.255080 -0.245026 -0.269852 -0.188831 0.068126 -0.277710 0.019575 0.089840 -0.454568 -0.590992 -0.184930 -0.352977 -0.131237 -0.105128
0.542489 0.178634 0.477290 0.190793 -0.010566 0.023193 0.234598 0.371330 0.213290 0.097566 0.554463 0.324841 1.000000 0.625710 0.628695 0.541870 0.244132 0.100759 0.421363 0.119260 0.168023 0.146435 0.190998 -0.425364 -0.410837 -0.051645 -0.232375 0.142725 0.152131 0.322078 0.413982 0.231666 0.155903 0.502389 0.237848 0.215043 -0.126931 -0.222902 -0.312692 -0.215077 0.202714 -0.005651 -0.323358 -0.317428 -0.296057 -0.234832 -0.617776 -0.343633 0.123924 -0.404596 0.321258 -0.260488 -0.518993 -0.392456 -0.394468 -0.459561 -0.196811 -0.132922 -0.567123 -0.648461 0.603231 -0.041403 0.134709 0.158274 0.606531 0.338431 -0.232597 0.029526 0.044746 0.016685 0.175028 0.491158 0.352118 0.413553 0.402294 0.420016 0.553298 0.541026 0.051660 0.192181 -0.186014 0.063384 0.157613 0.365406 -0.111288 -0.450010 -0.171311 -0.450142 0.309820 -0.343308 -0.326022 -0.044507 -0.196319 -0.136661 -0.011003 -0.087622 -0.107461 -0.075268 -0.203193 -0.117759 -0.221278 -0.109379 -0.205332 -0.249992 -0.256123 -0.170774 0.019992 -0.261720 -0.030717 0.117612 -0.128409 -0.346565 0.100841 -0.019991 -0.124390 -0.374552
0.129487 0.235602 0.274085 0.038756 -0.041482 0.285732 0.506668 0.507281 0.057185 0.347942 0.138149 0.508481 0.625710 1.000000 0.242331 0.414583 0.373407 0.343974 0.016322 0.261884 0.034798 0.000711 -0.214277 -0.566875 -0.246271 -0.381275 -0.343595 -0.292975 0.358734 0.604327 0.308845 0.199769 0.276281 0.594780 0.149873 0.451335 0.195482 -0.173951 -0.134083 -0.077955 0.285861 0.007629 -0.369558 -0.480760 -0.344475 -0.074824 -0.595395 -0.436632 0.140574 -0.276851 0.088980 -0.225522 -0.301906 -0.377045 -0.248295 -0.358048 -0.197820 -0.279939 -0.356143 -0.399739 0.425380 0.025029 0.228410 0.216057 0.379926 0.272340 -0.132677 0.016703 0.262285 0.191978 0.211767 0.443690 0.520603 0.429627 0.416962 0.495440 0.546969 0.498924 0.120640 0.093587 0.135863 0.190758 -0.065994 0.472189 -0.291956 -0.388547 -0.296548 -0.212489 0.025813 -0.177892 -0.259715 -0.126509 -0.261379 -0.278163 0.147992 0.118553 -0.243621 -0.059678 -0.219984 -0.167044 -0.410605 -0.234503 -0.175814 -0.353544 -0.276144 -0.272861 0.138396 -0.333907 0.068615 0.222058 -0.344424 -0.288410 0.045285 -0.127850 -0.258084 -0.254046
0.575460 0.532531 0.477720 0.389704 0.319925 0.327743 -0.048844 0.350341 0.376235 0.254714 0.623847 0.420117 0.628695 0.242331 1.000000 0.750612 0.246383 -0.060488 0.466593 0.392927 0.348841 0.224213 0.405211 -0.203348 -0.223258 0.276890 0.060434 0.370235 0.172881 0.225911 0.579731 0.553864 0.016520 0.490089 0.140672 0.130504 -0.494420 -0.406556 -0.527236 -0.440998 -0.052959 -0.249462 -0.326084 -0.234222 -0.343686 -0.005932 -0.571270 -0.304651 0.011652 -0.381561 0.371001 -0.350487 -0.595481 -0.437343 -0.680743 -0.608408 -0.067803 0.309366 -0.350568 -0.289279 0.442855 0.227683 0.035454 0.379273 0.732786 0.529620 -0.295775 0.250056 -0.030636 0.028489 0.110339 0.496310 0.101292 0.292942 0.243311 0.242392 0.329878 0.413474 0.207741 0.193010 -0.099282 0.094839 -0.002793 0.220308 0.109032 -0.424062 -0.372366 -0.517492 0.319973 -0.463132 -0.408755 0.008423 -0.266817 -0.077749 -0.192852 -0.238331 -0.375412 -0.528450 -0.512883 -0.341803 -0.308412 -0.031399 -0.375438 -0.316459 -0.232177 -0.200657 -0.035154 -0.280160 -0.112402 -0.119432 -0.225193 -0.403836 0.048650 -0.230707 -0.223325 -0.344039
0.529212 0.531738 0.614625 0.501626 0.424096 0.422489 0.189166 0.622858 0.452079 0.431741 0.454387 0.631681 0.541870 0.414583 0.750612 1.000000 0.185180 -0.076913 0.508629 0.295657 0.469346 0.437434 0.343302 -0.211899 -0.024829 0.362233 0.212050 0.325502 0.015688 0.363648 0.569522 0.595825 0.021150 0.552718 0.316289 0.257682 -0.298551 -0.203036 -0.242991 -0.192623 -0.042873 -0.121519 -0.257423 -0.240041 -0.262756 0.189241 -0.612624 -0.278620 0.197489 -0.358848 0.303923 -0.352930 -0.579853 -0.480761 -0.501252 -0.555764 -0.130016 0.033317 -0.233542 -0.353109 0.506150 0.242695 -0.055150 0.285720 0.709041 0.697960 -0.242385 0.305708 -0.094269 -0.155734 0.057546 0.604040 -0.019686 0.259454 0.252668 0.435818 0.407287 0.481626 0.099934 0.214173 -0.134199 -0.008489 -0.096887 0.329367 0.000234 -0.371851 -0.434384 -0.436835 0.266136 -0.219841 -0.497472 -0.112797 -0.424280 -0.320609 -0.107665 -0.112519 -0.318382 -0.375338 -0.640318 -0.494755 -0.545369 -0.283199 -0.543151 -0.445702 -0.516488 -0.437681 -0.169370 -0.415947 -0.077317 -0.070038 -0.175932 -0.463939 -0.101070 -0.362793 -0.385861 -0.464593
0.048792 0.309515 -0.004501 -0.189128 -0.240208 -0.090275 0.102383 0.084112 -0.015460 -0.071136 0.172732 0.387257 0.244132 0.373407 0.246383 0.185180 1.000000 0.671064 -0.240899 0.382593 -0.004635 -0.140451 -0.295412 -0.461996 -0.288009 -0.273243 -0.259734 -0.235238 0.418783 0.442418 0.256091 0.138108 0.093039 0.358847 -0.035952 0.080925 0.024782 -0.307804 -0.270952 -0.124368 0.209259 -0.154322 -0.347987 -0.349890 -0.457597 -0.338860 -0.198095 -0.313809 -0.348564 -0.371155 -0.095761 -0.363977 -0.107702 -0.267061 -0.302769 -0.285875 0.155278 0.319295 -0.020757 -0.202127 0.360923 0.078263 0.142255 0.420890 0.119177 -0.010554 -0.315493 -0.219482 0.299212 0.136169 0.178668 0.251100 0.398547 0.073302 0.189547 0.170149 0.208295 0.141408 0.753549 0.493421 0.544248 0.598538 0.204296 0.242723 -0.012671 -0.098669 0.115685 0.033478 0.088624 -0.142469 -0.359332 -0.095940 -0.189947 -0.093920 0.275375 0.333400 -0.455467 -0.110725 -0.268966 -0.138425 -0.185786 -0.023709 -0.086798 -0.082364 -0.065960 0.056876 -0.037553 0.066777 0.295765 0.224451 -0.443754 -0.330043 -0.087769 -0.152260 0.080083 0.201495
-0.109620 0.072392 -0.298186 -0.231935 -0.457268 -0.220828 -0.091666 -0.134590 -0.390772 -0.185030 0.059290 0.158135 0.100759 0.343974 -0.060488 -0.076913 0.671064 1.000000 -0.227909 0.247516 -0.231128 -0.209519 -0.465298 -0.360004 -0.461642 -0.451792 -0.412797 -0.306836 0.389556 0.500084 0.131856 -0.030450 0.232736 0.216955 -0.274989 -0.045064 0.200029 -0.063865 -0.115674 0.079896 0.259293 -0.021289 -0.090687 -0.079706 -0.142938 -0.256413 0.059971 -0.001408 -0.106006 -0.014893 -0.121269 -0.022528 0.102185 -0.065852 -0.083086 0.092674 0.103754 0.187676 -0.075107 -0.101928 0.069973 -0.143662 0.055065 0.162417 -0.160872 -0.243610 -0.045981 -0.260111 0.485210 0.332950 0.325777 0.058001 0.379352 0.097715 0.044887 0.067066 0.110072 0.078042 0.573908 0.389551 0.477131 0.680653 0.275406 0.417664 -0.143405 0.152044 0.223615 0.242761 -0.122465 0.063004 -0.325868 -0.145159 -0.311215 -0.227652 0.299741 0.306767 -0.314290 0.005867 -0.096763 -0.052918 -0.290329 -0.152684 -0.164950 -0.167375 -0.191139 -0.096636 -0.002527 0.055774 0.262464 0.337275 -0.300526 -0.025471 -0.117675 -0.185922 -0.030647 0.100833
0.740583 0.359721 0.580998 0.553926 0.322232 0.129022 0.004260 0.422229 0.412970 0.254762 0.532939 0.342206 0.421363 0.016322 0.466593 0.508629 -0.240899 -0.227909 1.000000 -0.169533 0.523743 0.437626 0.513937 0.082810 -0.180699 0.450651 0.272188 0.474934 -0.193011 0.083505 0.443879 0.434059 0.052595 0.319105 0.326720 0.128489 -0.226565 -0.067914 0.038326 0.054079 -0.009536 -0.020412 -0.070263 -0.002882 -0.020616 0.071963 -0.332105 -0.186374 0.412858 -0.334977 0.647491 -0.162968 -0.429424 -0.248004 -0.260514 -0.268511 -0.274252 -0.005196 -0.238556 -0.462412 0.496387 0.117566 -0.231392 -0.089194 0.621437 0.593012 0.047507 0.265853 -0.058925 -0.364618 -0.185511 0.394718 -0.063041 0.259880 0.311486 0.441594 0.438822 0.503669 -0.135564 0.184043 -0.535499 -0.211425 0.092036 0.201959 -0.013824 -0.258572 -0.170438 -0.401459 0.389641 -0.208051 -0.498303 -0.348185 -0.289706 -0.341488 -0.151852 -0.226428 0.004989 -0.200167 -0.499336 -0.510070 -0.275489 -0.375924 -0.456526 -0.447537 -0.467092 -0.404596 -0.285998 -0.362236 -0.218754 0.034140 0.054058 -0.441443 -0.357661 -0.375361 -0.239451 -0.391206
0.025018 0.363913 0.243449 -0.048168 0.308786 0.371233 0.264875 0.337129 0.243772 0.453654 0.146886 0.284773 0.119260 0.261884 0.392927 0.295657 0.382593 0.247516 -0.169533 1.000000 -0.057348 -0.194677 0.106782 -0.354137 0.084175 -0.080276 -0.198200 -0.257580 0.284817 0.182854 0.148974 0.288645 -0.261890 0.536313 -0.163792 0.510567 -0.253042 -0.232468 -0.447838 -0.227689 -0.109904 -0.132133 -0.642037 -0.565802 -0.584755 0.153051 -0.474512 -0.463436 -0.128934 -0.394310 -0.327951 -0.595471 -0.487554 -0.619836 -0.504730 -0.455751 -0.356887 -0.016281 -0.365787 0.042515 -0.056388 -0.038403 -0.198994 0.073441 0.178727 0.116850 -0.396205 0.477872 0.041269 0.561756 0.507412 0.403899 0.024431 0.278396 0.031349 0.277044 0.166156 0.258486 0.211424 0.001161 0.188880 0.335370 -0.096449 0.113937 -0.331616 -0.490191 -0.101909 -0.316754 0.231444 -0.252432 0.088989 0.556363 0.129590 0.300776 0.188982 0.279973 -0.394428 -0.382300 -0.299861 0.049372 -0.154735 0.325165 -0.004224 -0.070043 0.033337 0.001054 0.357025 -0.013474 0.420950 0.102266 -0.208798 -0.315564 0.496201 -0.051635 -0.095448 0.053271
0.342370 0.338545 0.564079 0.426247 0.285942 0.090506 0.027262 0.422721 0.395638 0.172280 0.245401 0.366640 0.168023 0.034798 0.348841 0.469346 -0.004635 -0.231128 0.523743 -0.057348 1.000000 0.704393 0.403366 -0.073605 -0.107480 0.623361 0.296251 0.265188 0.047876 0.098205 0.579564 0.631634 -0.016202 0.313923 0.363959 0.164734 -0.112679 -0.043230 -0.060120 -0.042588 0.099693 0.050447 0.008282 -0.009999 0.014043 0.153523 -0.196858 -0.051497 0.191583 -0.296152 0.184964 -0.228006 -0.282279 -0.199355 -0.371795 -0.306703 -0.191332 -0.016995 0.027313 -0.273439 0.240407 0.103709 -0.351983 -0.154069 0.321687 0.459408 -0.049431 0.202318 -0.225034 -0.284179 -0.035496 0.556370 0.025110 0.336014 0.353742 0.309057 0.127604 0.239105 0.123877 0.264367 -0.127694 0.011494 -0.039343 0.101918 -0.015728 -0.220792 -0.299481 -0.335961 0.173867 -0.276814 -0.314985 -0.253910 -0.260949 -0.186868 -0.026242 -0.080998 -0.123975 -0.224564 -0.396534 -0.399567 -0.304806 -0.261126 -0.428571 -0.291696 -0.296400 -0.166186 -0.398675 -0.324317 -0.155553 -0.142498 -0.090290 -0.233167 -0.208797 -0.362114 -0.082144 -0.209501
0.204725 0.076093 0.399914 0.260110 0.083734 -0.100910 0.055384 0.284733 0.215504 0.008859 0.110852 0.202296 0.146435 0.000711 0.224213 0.437434 -0.140451 -0.209519 0.437626 -0.194677 0.704393 1.000000 0.277648 -0.104554 -0.139297 0.457567 0.278201 0.274131 0.057764 0.134989 0.582425 0.563954 0.058017 0.259427 0.360581 0.158034 0.000111 0.002196 0.107091 0.144279 0.165584 0.127830 0.026606 0.110566 0.187944 0.253022 -0.112726 0.081331 0.247031 -0.125255 0.111688 -0.112325 -0.254873 -0.159301 -0.180011 -0.233410 -0.094605 -0.095827 0.052330 -0.240589 0.242569 -0.020058 -0.339271 -0.194286 0.269492 0.319859 0.116248 0.185639 -0.161572 -0.341233 0.041476 0.453352 -0.018318 0.144632 0.082018 0.207044 0.047148 0.166591 0.015587 0.111074 -0.189304 -0.054031 0.136105 0.055404 -0.000753 -0.160754 -0.219040 -0.293186 0.243825 -0.116793 -0.292088 -0.293990 -0.197527 -0.270689 0.026191 -0.119157 -0.076528 0.017006 -0.323208 -0.280402 -0.263548 -0.356772 -0.438311 -0.229135 -0.385310 -0.277903 -0.394223 -0.201629 -0.183522 -0.194636 0.120399 -0.176777 -0.283656 -0.239133 0.004563 -0.240035
0.467088 0.066386 0.587932 0.457827 0.492724 0.279067 -0.022150 0.354777 0.623375 0.380539 0.264992 -0.053293 0.190998 -0.214277 0.405211 0.343302 -0.295412 -0.465298 0.513937 0.106782 0.403366 0.277648 1.000000 0.358309 0.318391 0.690794 0.077910 0.526929 -0.269645 -0.160948 0.263558 0.407012 -0.221162 0.227693 0.418489 0.260050 -0.161081 0.013985 -0.020838 0.012893 -0.079448 0.088026 -0.238261 -0.224334 -0.267600 0.090346 -0.408461 -0.238039 0.007284 -0.440006 0.153533 -0.455491 -0.557826 -0.416505 -0.259152 -0.314095 -0.405820 -0.125156 -0.132822 -0.362246 0.163703 -0.020712 -0.573103 -0.336302 0.408751 0.376484 -0.369885 0.357447 -0.554098 0.008505 0.123443 0.358973 -0.266030 0.319894 0.184881 0.311360 0.349320 0.517820 -0.218610 0.005812 -0.552727 -0.278925 0.017886 -0.120795 -0.293093 -0.466554 -0.004320 -0.450716 0.628047 -0.171269 0.048855 0.204360 0.291699 0.229232 -0.215156 -0.263313 0.227236 -0.141248 -0.194986 -0.031916 0.139933 0.190469 -0.054838 -0.132948 -0.148893 -0.098112 0.022640 -0.120377 -0.169059 -0.027033 0.324197 -0.349768 0.211167 -0.090770 0.052403 -0.264667
-0.104521 -0.242385 -0.267541 0.322074 0.157594 0.119328 -0.339373 -0.204231 0.012200 -0.022222 -0.148455 -0.389093 -0.425364 -0.566875 -0.203348 -0.211899 -0.461996 -0.360004 0.082810 -0.354137 -0.073605 -0.104554 0.358309 1.000000 0.486922 0.327536 0.325877 0.428767 -0.417743 -0.358121 -0.237705 -0.101273 0.008940 -0.526042 0.046200 -0.378234 0.157184 0.332030 0.326599 0.077600 -0.086232 0.178521 0.394781 0.356020 0.321235 -0.025053 0.341407 0.330654 -0.216350 0.343739 -0.009205 0.270688 0.301189 0.346560 0.408673 0.395416 0.262719 0.116419 0.342598 0.113479 -0.296054 0.029011 -0.036880 -0.142603 -0.166396 -0.173847 -0.047818 -0.206673 -0.278342 -0.239516 -0.329286 -0.465149 -0.313866 -0.284509 -0.171531 -0.260380 -0.187849 -0.207015 -0.352171 -0.202309 -0.304159 -0.445187 -0.014123 -0.236908 0.226062 0.253790 0.192101 0.377141 -0.055844 0.307828 0.228929 -0.007961 0.235042 0.140502 -0.431490 -0.398108 0.289771 -0.077399 0.277589 0.062173 0.276257 0.115234 0.133280 0.139210 0.055451 -0.091105 -0.123016 0.032023 -0.285201 -0.217333 0.214989 0.238084 -0.131668 0.083920 -0.067779 -0.099052
-0.168429 -0.134911 0.058566 0.047341 0.426187 0.365499 0.276155 0.144685 0.329879 0.288076 -0.298575 -0.132346 -0.410837 -0.246271 -0.223258 -0.024829 -0.288009 -0.461642 -0.180699 0.084175 -0.107480 -0.139297 0.318391 0.486922 1.000000 0.311076 0.398800 0.151351 -0.325398 -0.278772 -0.224508 0.020808 -0.301886 -0.145828 0.045142 0.105479 0.139628 0.097357 0.239920 0.028582 -0.222351 0.007947 -0.050509 -0.123613 -0.059750 0.249425 -0.043454 -0.102606 -0.213565 -0.010329 -0.319705 -0.185376 0.045150 -0.046970 0.203771 -0.003363 0.011084 -0.148044 0.082193 0.077637 -0.214669 0.023016 -0.082995 -0.138895 -0.091093 -0.030190 -0.233808 0.136070 -0.352240 -0.039340 0.038029 -0.036514 -0.410613 -0.096346 -0.119725 0.075422 -0.057680 -0.041083 -0.313556 -0.351194 -0.104539 -0.386002 -0.328126 -0.205169 0.006738 -0.008423 0.028507 0.112431 0.059743 0.193179 0.312380 0.314795 0.290653 0.244499 -0.094649 -0.005610 0.155226 0.003352 0.148874 0.167578 0.206665 0.203716 0.238880 0.186731 0.170857 0.091102 -0.009371 0.005544 0.026330 -0.125427 0.090867 -0.047813 0.196843 0.064178 -0.004209 0.088819
0.357980 0.203734 0.543813 0.452054 0.470912 0.157395 -0.190287 0.313667 0.595473 0.224294 0.134026 0.049394 -0.051645 -0.381275 0.276890 0.362233 -0.273243 -0.451792 0.450651 -0.080276 0.623361 0.457567 0.690794 0.327536 0.311076 1.000000 0.446460 0.618959 -0.472889 -0.347429 0.285598 0.405426 -0.158521 0.137035 0.289391 0.030788 -0.303915 -0.108200 -0.105611 -0.109748 -0.282841 -0.123661 0.195376 0.163618 0.074303 0.290668 -0.127772 0.108260 0.244032 -0.170138 0.220609 -0.175065 -0.321836 -0.118965 -0.331564 -0.233541 -0.101471 -0.007718 0.090016 -0.118207 0.113067 0.044147 -0.504025 -0.285478 0.148672 0.418731 -0.026653 0.363208 -0.508400 -0.196033 -0.048931 0.359549 -0.470380 0.071821 -0.000517 0.112025 0.037347 0.188760 -0.016947 0.069379 -0.313957 -0.131736 -0.014269 -0.046179 -0.058441 -0.136968 -0.082928 -0.230304 0.214256 -0.105249 -0.109024 -0.011140 -0.071682 -0.004811 -0.199624 -0.197405 0.132450 -0.239434 -0.274792 -0.261636 -0.076438 -0.008641 -0.249700 -0.095657 -0.254180 -0.066614 -0.196671 -0.190732 -0.139256 -0.062329 0.263797 -0.199713 0.012283 -0.212088 -0.005208 -0.260776
0.230301 0.272743 0.055611 0.195197 0.382019 0.244421 -0.099291 0.188565 0.234367 0.080595 0.155801 0.187963 -0.232375 -0.343595 0.060434 0.212050 -0.259734 -0.412797 0.272188 -0.198200 0.296251 0.278201 0.077910 0.325877 0.398800 0.446460 1.000000 0.505911 -0.339450 -0.259607 0.053573 0.166728 -0.236987 -0.070043 0.021025 -0.156597 -0.208451 -0.044416 0.064391 -0.100307 -0.235977 -0.129950 0.181402 0.309403 0.174467 0.331492 0.059611 0.043280 0.198018 0.079066 0.216455 0.041075 -0.022301 0.049117 -0.058612 -0.183669 0.124035 0.211786 0.221937 0.220995 0.142337 0.353571 0.010110 0.066168 0.097886 0.310857 0.200636 0.241645 -0.187779 -0.586490 -0.289595 -0.012346 -0.513269 -0.374043 -0.293578 -0.090198 -0.254049 -0.213245 -0.144105 -0.047538 -0.164106 -0.287998 -0.213748 0.011888 0.341482 0.108857 -0.133168 0.006022 0.073711 -0.103255 -0.127741 -0.139084 -0.128388 -0.173898 -0.207651 -0.154095 -0.159462 -0.263192 -0.296547 -0.378738 -0.103237 -0.206580 -0.215012 -0.035662 -0.077826 -0.109597 -0.306714 -0.152587 -0.095895 -0.280111 -0.065824 -0.176555 -0.267608 -0.082018 -0.153133 -0.059363
0.412163 0.128448 0.158674 0.460284 0.155771 0.203225 -0.305221 0.104027 0.241614 -0.048848 0.192434 0.011687 0.142725 -0.292975 0.370235 0.325502 -0.235238 -0.306836 0.474934 -0.257580 0.265188 0.274131 0.526929 0.428767 0.151351 0.618959 0.505911 1.000000 -0.392410 -0.131692 0.331877 0.276051 0.057101 0.002225 0.218555 -0.172068 -0.291945 -0.156731 -0.131104 -0.211719 -0.248700 -0.170153 0.203251 0.270112 0.081534 0.074400 -0.097205 0.068207 0.180734 -0.003571 0.428905 0.053851 -0.245428 -0.016642 -0.224946 -0.233610 0.042373 0.250802 0.117910 -0.056505 0.253892 0.111572 -0.116983 0.057712 0.325448 0.283207 0.101520 0.132105 -0.275671 -0.334205 -0.087074 0.130503 -0.257324 -0.058191 -0.113438 -0.111273 0.120211 0.182170 -0.132387 0.165113 -0.335461 -0.174377 0.184970 0.085614 0.185065 0.065738 0.001558 -0.055734 0.220944 -0.174269 -0.282832 -0.188178 -0.119671 -0.088629 -0.448138 -0.464655 0.121991 -0.249664 -0.194022 -0.248232 0.043442 -0.044418 -0.176901 -0.115502 -0.280133 -0.186084 -0.124045 -0.086254 -0.296067 -0.073451 0.154709 -0.184901 -0.109853 -0.041636 -0.023764 -0.426787
-0.138343 0.099839 -0.195370 -0.249026 -0.252358 -0.084663 0.044918 -0.186080 -0.238450 -0.106549 0.176519 0.164346 0.152131 0.358734 0.172881 0.015688 0.418783 0.389556 -0.193011 0.284817 0.047876 0.057764 -0.269645 -0.417743 -0.325398 -0.472889 -0.339450 -0.392410 1.000000 0.640588 0.383750 0.297548 0.247644 0.148711 -0.074543 0.049585 0.189881 0.011783 -0.139709 -0.057255 0.441517 0.084901 -0.322324 -0.231371 -0.173042 -0.211671 -0.112996 -0.196122 -0.298107 -0.105797 -0.128584 -0.127125 0.031201 -0.106535 -0.205863 -0.109530 0.022262 0.228661 -0.087522 -0.063500 -0.007891 0.007387 0.265636 0.268659 0.131799 -0.182082 -0.137008 -0.216422 0.376218 0.226461 0.161941 0.219916 0.643083 0.328488 0.326083 0.044730 0.031805 -0.010972 0.335088 0.260173 0.531522 0.487429 0.121501 0.278054 0.176369 -0.037806 -0.002888 -0.097436 -0.083484 -0.211472 -0.145515 -0.008890 -0.104078 0.000796 0.176610 -0.029570 -0.414241 -0.152401 -0.069529 0.071957 -0.252636 -0.105236 -0.183707 -0.131317 0.037529 -0.094641 -0.188753 -0.100247 -0.121305 -0.285784 -0.446541 0.028533 -0.007169 -0.085067 0.095894 0.129138
0.198878 0.325818 -0.019522 0.071566 -0.151972 0.065161 0.109311 0.144972 -0.119985 0.030674 0.255795 0.472393 0.322078 0.604327 0.225911 0.363648 0.442418 0.500084 0.083505 0.182854 0.098205 0.134989 -0.160948 -0.358121 -0.278772 -0.347429 -0.259607 -0.131692 0.640588 1.000000 0.411465 0.285942 0.481328 0.374899 0.041295 0.198820 0.187393 -0.002286 -0.006547 0.069288 0.341159 0.018010 -0.305755 -0.263975 -0.254374 -0.110499 -0.394786 -0.336685 -0.120230 -0.225251 0.153000 -0.252604 -0.212749 -0.354076 -0.186000 -0.189774 -0.004454 0.121211 -0.001965 -0.224844 0.321617 0.137667 0.245120 0.378263 0.340599 0.199202 -0.090964 -0.072234 0.472738 0.036213 0.063440 0.301864 0.563373 0.369116 0.440063 0.388179 0.381693 0.355077 0.271861 0.417221 0.261796 0.348626 0.096172 0.413340 0.044069 -0.103051 -0.127539 -0.046056 0.028530 -0.111660 -0.482632 -0.319399 -0.428016 -0.375049 0.145278 0.060754 -0.323101 -0.119716 -0.402163 -0.341732 -0.502933 -0.418698 -0.396427 -0.488659 -0.338687 -0.387055 -0.139279 -0.308433 -0.067112 -0.030966 -0.429952 -0.283627 -0.294034 -0.388664 -0.313995 -0.100389
0.308215 0.289376 0.462179 0.227101 0.091952 0.213010 0.169756 0.371124 0.220802 0.225034 0.307146 0.467402 0.413982 0.308845 0.579731 0.569522 0.256091 0.131856 0.443879 0.148974 0.579564 0.582425 0.263558 -0.237705 -0.224508 0.285598 0.053573 0.331877 0.383750 0.411465 1.000000 0.877744 0.316527 0.561879 0.304748 0.237496 -0.196130 -0.405731 -0.370845 -0.370113 0.129375 -0.249907 -0.219957 -0.140777 -0.073863 0.113613 -0.405696 -0.213641 0.177645 -0.277918 0.225285 -0.208186 -0.373583 -0.261485 -0.613214 -0.481079 -0.084185 0.160565 -0.200993 -0.366390 0.449709 0.042536 -0.141626 0.158614 0.621904 0.376931 0.020925 0.139539 -0.074969 -0.028969 0.268760 0.694141 0.396160 0.480795 0.333178 0.285115 0.385755 0.425685 0.332003 0.403006 0.106608 0.280633 0.158825 0.331745 0.050101 -0.266628 -0.216006 -0.364571 0.182281 -0.418503 -0.560703 -0.279371 -0.435457 -0.309734 -0.150216 -0.293388 -0.327666 -0.401850 -0.404977 -0.361856 -0.476392 -0.316229 -0.491978 -0.419732 -0.379562 -0.257788 -0.369651 -0.413887 -0.294797 -0.093509 -0.310303 -0.358793 -0.144255 -0.403917 -0.034347 -0.365748
0.264918 0.301378 0.536203 0.296779 0.346565 0.338705 0.201432 0.470547 0.412545 0.390635 0.276787 0.412963 0.231666 0.199769 0.553864 0.595825 0.138108 -0.030450 0.434059 0.288645 0.631634 0.563954 0.407012 -0.101273 0.020808 0.405426 0.166728 0.276051 0.297548 0.285942 0.877744 1.000000 0.120842 0.595969 0.325050 0.355482 -0.237485 -0.283895 -0.343573 -0.342725 0.063876 -0.171943 -0.274901 -0.204389 -0.127388 0.235081 -0.421580 -0.252472 0.106477 -0.337320 0.129911 -0.342080 -0.416906 -0.329271 -0.601844 -0.473507 -0.241049 0.123255 -0.130792 -0.291772 0.360560 0.134783 -0.240017 0.103112 0.599760 0.431469 -0.128793 0.280380 -0.245522 -0.040042 0.255872 0.731872 0.155639 0.498172 0.301387 0.367981 0.344044 0.452963 0.216952 0.336484 0.061897 0.227554 -0.027802 0.253145 -0.054280 -0.330571 -0.332736 -0.423663 0.206541 -0.335315 -0.431181 -0.099450 -0.295517 -0.186233 -0.227484 -0.285374 -0.344236 -0.486880 -0.458882 -0.344512 -0.459840 -0.221610 -0.508436 -0.399938 -0.327550 -0.280321 -0.349369 -0.431045 -0.283803 -0.213486 -0.290431 -0.360758 -0.072934 -0.434708 -0.106619 -0.360904
0.020989 0.085804 -0.110503 0.113713 -0.233089 -0.166977 0.026318 -0.083267 -0.217945 -0.169086 0.027940 0.166104 0.155903 0.276281 0.016520 0.021150 0.093039 0.232736 0.052595 -0.261890 -0.016202 0.058017 -0.221162 0.008940 -0.301886 -0.158521 -0.236987 0.057101 0.247644 0.481328 0.316527 0.120842 1.000000 0.034589 0.124103 -0.184737 0.122797 -0.110190 -0.050263 -0.222673 0.138211 -0.152338 0.260436 0.214235 0.242313 -0.167026 -0.017789 0.115149 0.145451 0.257697 0.304312 0.348709 0.142264 0.188334 -0.054200 0.146024 0.430195 0.157343 0.181642 -0.097325 0.159815 -0.075077 0.345083 0.290535 0.116171 -0.050523 0.396618 -0.250067 0.326952 -0.093888 -0.309381 0.032269 0.526017 0.116961 0.292482 0.042234 0.210728 0.077376 0.156643 0.263965 0.223779 0.229025 0.147902 0.273500 0.296824 0.253297 -0.079383 0.200112 -0.325025 0.081923 -0.387853 -0.542096 -0.463401 -0.429360 -0.375424 -0.374586 0.014228 -0.158866 0.022668 -0.269492 -0.343642 -0.456481 -0.276080 -0.301955 -0.315946 -0.332416 -0.222999 -0.346721 -0.442472 -0.109876 -0.231797 0.092159 -0.426541 -0.268451 -0.207521 -0.328887
0.452944 0.484376 0.665371 0.049366 0.334798 0.339554 0.425615 0.717751 0.520132 0.567774 0.393666 0.598600 0.502389 0.594780 0.490089 0.552718 0.358847 0.216955 0.319105 0.536313 0.313923 0.259427 0.227693 -0.526042 -0.145828 0.137035 -0.070043 0.002225 0.148711 0.374899 0.561879 0.595969 0.034589 1.000000 0.309871 0.729821 -0.270835 -0.486814 -0.423008 -0.224824 -0.046036 -0.272928 -0.579158 -0.553702 -0.445350 0.311483 -0.807304 -0.606155 0.349840 -0.592744 0.198967 -0.617676 -0.730408 -0.738276 -0.640251 -0.713167 -0.425377 -0.132144 -0.322408 -0.344082 0.636918 0.120533 -0.285640 0.043101 0.548403 0.571666 -0.130931 0.605841 -0.024422 0.167715 0.406387 0.755099 0.160661 0.456944 0.290351 0.637272 0.652399 0.736858 0.273725 0.250245 -0.030128 0.307448 -0.035466 0.464660 -0.481702 -0.691535 -0.334483 -0.533071 0.430333 -0.463719 -0.389216 -0.036511 -0.254512 -0.275738 0.068517 0.112009 -0.267387 -0.319153 -0.585458 -0.398853 -0.490599 -0.224830 -0.354374 -0.478815 -0.376831 -0.232339 0.159905 -0.374987 0.113338 0.283704 -0.121274 -0.665444 0.110792 -0.367182 -0.153851 -0.281734
0.260755 0.124625 0.462999 0.289901 0.191270 0.022706 0.223736 0.458232 0.392419 0.221786 0.082230 0.142963 0.237848 0.149873 0.140672 0.316289 -0.035952 -0.274989 0.326720 -0.163792 0.363959 0.360581 0.418489 0.046200 0.045142 0.289391 0.021025 0.218555 -0.074543 0.041295 0.304748 0.325050 0.124103 0.309871 1.000000 0.346290 0.071568 -0.013073 0.061742 0.067643 0.101779 0.069816 -0.136743 -0.219571 -0.077783 -0.024501 -0.384651 -0.315642 0.175371 -0.344152 0.268509 -0.186588 -0.296875 -0.277877 -0.128614 -0.373674 -0.137656 -0.031888 0.023880 -0.260243 0.447223 0.103157 -0.200164 0.067704 0.411988 0.370009 0.051490 0.159429 -0.272581 -0.294196 -0.154136 0.349791 0.049025 0.196437 0.270069 0.362717 0.460633 0.429182 -0.106083 0.213178 -0.116078 -0.022508 0.038621 0.216320 -0.159793 -0.241067 -0.152456 -0.350458 0.335889 -0.230867 -0.257867 -0.321488 0.001895 -0.266345 -0.370334 -0.351088 0.306926 0.028240 -0.178700 -0.276176 -0.106440 -0.265961 -0.212718 -0.275208 -0.268678 -0.189267 -0.135473 -0.232379 -0.403913 -0.024986 0.311780 -0.388430 -0.171140 -0.031931 0.114155 -0.407971
0.148049 0.162150 0.500225 -0.054216 0.318854 0.376914 0.465738 0.612161 0.431001 0.554096 0.060780 0.324807 0.215043 0.451335 0.130504 0.257682 0.080925 -0.045064 0.128489 0.510567 0.164734 0.158034 0.260050 -0.378234 0.105479 0.030788 -0.156597 -0.172068 0.049585 0.198820 0.237496 0.355482 -0.184737 0.729821 0.346290 1.000000 -0.119489 -0.170418 -0.151092 0.059663 -0.052006 -0.023399 -0.662705 -0.647018 -0.421347 0.433242 -0.653686 -0.601293 0.159842 -0.529829 -0.067961 -0.620792 -0.591461 -0.683174 -0.318667 -0.520220 -0.614723 -0.406931 -0.257007 -0.135908 0.291301 0.022692 -0.303791 -0.167439 0.292780 0.414465 -0.096311 0.667740 -0.160664 0.235357 0.320885 0.487583 0.028294 0.352096 0.115600 0.553516 0.470522 0.602991 -0.094099 -0.027545 -0.161003 0.029139 -0.117776 0.041754 -0.626396 -0.670258 -0.256462 -0.496326 0.345817 -0.322829 0.015447 0.202180 0.141050 -0.004401 0.180010 0.259232 -0.034837 -0.029775 -0.343906 -0.115605 -0.125071 0.018065 -0.047595 -0.277996 -0.113995 -0.104649 0.311990 -0.251166 0.295970 0.331469 0.083424 -0.546347 0.269260 -0.069561 -0.063092 -0.135636
