1.000000 0.580608 -0.300932 -0.305726 0.068460 0.149422 -0.150318 0.368144 0.170367 -0.015144 0.447037 0.709643 0.525544 0.720262 0.153949 0.585212 -0.344644 0.135194 -0.439457 -0.002125 -0.173593 -0.040305 -0.359887 -0.160024 0.125258 0.123319 0.052375 0.186926 -0.385087 0.006954 -0.274817 -0.118917 -0.057297 -0.079799 -0.006282 -0.193796 -0.082558 -0.123669 -0.202799 -0.163799 -0.130107 -0.101775 -0.222547 -0.197690 -0.191937 0.088694 -0.145205 -0.118570 0.213405 -0.122669 0.324733 -0.077464 -0.287979 -0.314718 -0.380079 -0.282992 -0.186155 -0.045695 0.299775 0.285888 0.348498 0.448082 -0.195827 0.081048 0.222153 0.728372 -0.209925 -0.252996 -0.278086 -0.090021 -0.012241 -0.231758 -0.267445 -0.020825 -0.025642 0.068136 0.070989 0.192796 -0.192036 -0.192104 -0.313969 -0.206279 -0.291011 0.017249 -0.108428 0.106848 -0.105307 -0.224847 0.171232 0.073969 -0.137167 -0.252611 -0.096733 -0.337934 -0.064046 -0.050531 -0.327501 -0.214146 -0.332242 -0.347323 -0.094642 -0.245259 -0.095751 -0.163898 -0.128561 -0.132087 -0.053494 -0.234136 -0.068838 -0.227263 -0.192273 -0.286820 0.244036 -0.243978 -0.100213 -0.206421
0.580608 1.000000 -0.261339 -0.059998 -0.106025 -0.037862 -0.237403 0.466427 -0.240640 -0.130215 0.109056 0.562179 0.143409 0.601041 -0.194954 0.224393 -0.485325 0.104573 -0.340778 0.077729 -0.109475 -0.151331 -0.543652 -0.241284 -0.041418 0.102699 -0.083788 0.083227 -0.484652 -0.051404 -0.246535 -0.138787 -0.161046 -0.153327 0.115012 -0.076057 -0.054456 -0.087454 -0.214965 -0.079120 -0.205491 -0.127688 0.161946 0.031783 -0.155448 0.105671 0.129218 0.055295 0.319005 -0.046503 0.365596 0.095853 -0.086695 -0.282638 -0.283196 -0.144270 -0.182539 0.059685 0.258734 0.371733 -0.035548 0.231135 -0.368219 -0.160320 -0.174363 0.597469 -0.045958 -0.142179 -0.028529 -0.001968 0.023757 -0.201045 -0.321964 -0.062507 0.077565 0.113319 0.028455 0.277194 -0.053944 -0.028326 -0.400243 -0.236426 -0.557604 -0.255945 -0.353470 -0.071454 -0.282943 -0.164885 0.033351 0.014698 -0.076442 -0.242198 -0.052466 -0.386012 0.017725 0.100101 -0.131200 0.040182 -0.118410 -0.218832 -0.041293 -0.240995 -0.033679 -0.037999 -0.140632 0.012931 -0.017604 -0.050839 0.103608 0.001566 0.037457 -0.126299 0.239002 -0.250275 -0.009328 -0.035106
-0.300932 -0.261339 1.000000 0.191853 0.253416 0.231684 0.489815 0.083296 0.317559 0.205437 -0.182213 -0.362139 -0.035991 -0.394363 0.075404 -0.374556 0.155373 -0.497888 0.357304 -0.137506 0.248600 -0.209496 0.442874 0.288358 0.141697 -0.051578 0.150294 0.091081 -0.157302 -0.507037 0.132580 -0.140505 0.022095 -0.086201 -0.136376 0.088964 -0.244748 -0.239116 -0.243898 -0.131944 -0.031446 -0.313529 0.113775 0.376650 0.226355 0.213578 -0.128700 0.186080 0.137649 0.214917 0.007834 0.360293 0.215973 0.139627 0.017407 -0.048007 -0.120850 -0.284149 -0.013525 -0.137226 0.008322 -0.289789 -0.139888 -0.174351 -0.066563 -0.093574 0.153940 0.476865 0.000031 -0.092200 -0.164671 -0.128899 -0.116273 -0.268358 -0.162468 -0.251363 -0.432178 -0.370003 -0.244160 -0.123285 -0.184876 -0.371220 -0.083248 -0.413490 -0.124233 -0.144405 -0.041196 -0.047065 -0.030123 -0.085588 0.168204 0.369500 0.175659 0.329637 -0.096808 -0.156634 0.052339 -0.101644 0.214328 0.070710 0.347299 0.294825 0.263282 0.169567 0.050710 -0.045451 0.141358 -0.037477 0.038808 -0.191725 0.010892 0.029572 0.166353 0.155644 0.179134 0.105325
-0.305726 -0.059998 0.191853 1.000000 0.184336 0.278024 -0.022415 0.441057 0.354671 0.536469 -0.235264 -0.071092 -0.122097 -0.377629 0.310454 0.137119 -0.278189 -0.325976 0.606198 0.062325 0.324466 0.240329 0.565914 0.686135 0.323960 0.200228 0.009200 0.203605 -0.264056 -0.299613 0.127833 0.304542 -0.244859 -0.216613 0.171806 0.299195 -0.133362 -0.082356 0.169257 0.082625 -0.216103 -0.213668 0.052324 0.256435 0.171864 0.345611 -0.241609 -0.189666 0.244767 -0.174883 0.269048 -0.110888 0.109514 -0.153965 0.201546 -0.114075 -0.482163 -0.563911 -0.285340 -0.440593 -0.133394 -0.578925 -0.301479 -0.538761 0.191753 0.066455 -0.163581 0.526240 -0.380800 -0.330768 -0.010957 0.058863 -0.324818 -0.358680 -0.019552 -0.125382 -0.100158 -0.000409 -0.196660 0.019098 -0.392847 -0.489798 0.067704 0.152441 -0.072503 -0.146845 0.077850 0.138677 0.395729 0.055035 0.160989 0.132603 0.239423 0.414827 -0.166190 -0.114457 -0.089528 -0.106638 0.111647 -0.139993 0.107258 0.313416 0.111966 0.119505 -0.003022 -0.094668 0.095594 -0.126772 -0.043977 0.192312 0.066111 -0.103938 0.039831 -0.021290 -0.069893 -0.267396
0.068460 -0.106025 0.253416 0.184336 1.000000 0.777618 0.366889 0.122963 0.648820 0.325668 -0.116963 0.126947 0.235961 -0.013688 0.370800 0.150704 -0.064506 -0.369823 0.037547 -0.143622 0.230387 0.001216 0.347481 0.219676 0.221301 -0.115931 0.605994 0.191862 -0.116282 -0.140392 -0.024421 -0.139872 -0.098244 0.133859 -0.185377 0.070850 -0.322513 -0.173079 -0.076471 -0.006638 -0.154246 0.094972 -0.216947 -0.063847 0.041161 0.050918 -0.168822 -0.117626 0.130634 -0.197833 -0.078446 -0.153898 0.070634 -0.298138 -0.106594 -0.152660 -0.250404 -0.162946 0.176327 0.051540 0.463283 0.095308 0.107536 0.140383 0.376004 0.137025 0.049592 0.137645 -0.094260 -0.297761 -0.117662 -0.041352 0.043913 -0.288438 -0.160393 -0.070905 -0.296557 -0.192345 -0.226086 -0.231195 -0.034118 -0.277130 0.158962 0.346383 -0.057049 -0.345757 0.104724 -0.103523 0.241980 0.026837 -0.040298 0.023673 -0.052333 0.068419 0.034521 -0.115205 -0.194795 -0.244632 -0.086112 -0.146737 0.093689 -0.005146 0.099294 -0.064302 -0.107151 -0.207227 0.179741 -0.443620 -0.052252 -0.047700 -0.159763 -0.178710 0.209954 -0.062387 -0.128853 -0.189571
0.149422 -0.037862 0.231684 0.278024 0.777618 1.000000 0.227712 0.309030 0.721015 0.607735 -0.053063 0.281990 0.313420 0.060264 0.434268 0.408700 -0.238780 -0.443493 0.105662 -0.048508 0.199693 0.049096 0.351912 0.338537 0.254347 -0.025679 0.615598 0.278915 -0.310528 -0.217233 -0.145072 -0.247581 -0.256335 -0.028097 -0.032941 0.116919 -0.308676 -0.324199 -0.309366 -0.132753 -0.205760 0.075208 -0.095800 -0.038890 0.021479 0.067844 -0.162161 -0.159269 0.281986 -0.314248 0.025848 -0.142720 0.107575 -0.380404 -0.214880 -0.370687 -0.484788 -0.372360 0.204057 0.060535 0.440019 0.074492 -0.065107 0.079674 0.330284 0.282588 -0.088376 0.257825 -0.267534 -0.407987 -0.032425 -0.101367 -0.173090 -0.264399 -0.143820 0.040486 -0.188085 -0.134175 -0.318493 -0.219026 -0.129197 -0.397995 0.026876 0.356442 -0.141899 -0.237756 -0.222864 -0.224624 0.207928 -0.087622 0.136922 0.067544 0.122374 0.073660 -0.107522 -0.150241 -0.351190 -0.365113 0.051733 -0.046092 0.226788 -0.002571 0.164389 -0.023300 -0.120708 -0.215619 0.240583 -0.359845 -0.192184 -0.163159 -0.358239 -0.131322 0.200647 -0.023565 -0.033293 -0.211586
-0.150318 -0.237403 0.489815 -0.022415 0.366889 0.227712 1.000000 0.022369 0.310554 0.085054 -0.009417 -0.302818 0.297621 -0.206402 0.034896 -0.259934 0.324732 -0.165254 0.306373 -0.224172 0.017079 -0.133255 0.147011 -0.185055 -0.283108 -0.456975 -0.014522 -0.405937 0.255886 0.076162 -0.087239 -0.164651 0.267328 0.375684 -0.259981 0.360936 -0.169494 -0.129940 -0.336086 -0.202351 -0.039005 -0.082251 -0.340005 -0.165410 0.460296 0.113077 -0.427660 -0.162413 -0.105106 0.316789 -0.402669 -0.184486 0.098327 0.028701 -0.124465 -0.193303 -0.057744 -0.078328 0.039428 0.166729 0.369743 0.100053 0.441438 0.229023 0.495299 -0.167721 0.380372 0.387313 0.189632 -0.268707 -0.350409 -0.070273 0.223659 -0.311616 0.022763 -0.199107 -0.420430 -0.407071 -0.185468 -0.205871 0.296885 0.038752 0.269285 0.165621 0.037830 -0.135056 0.038770 -0.057375 -0.365385 -0.146007 -0.204635 0.039625 -0.274993 -0.018152 -0.252040 -0.236381 -0.190284 -0.236322 -0.081824 0.028901 -0.019678 -0.013663 -0.034255 -0.000368 -0.079738 -0.137892 0.101128 -0.355024 0.081292 -0.190037 -0.268341 -0.042113 -0.073556 -0.166527 -0.080436 -0.068726
0.368144 0.466427 0.083296 0.441057 0.122963 0.309030 0.022369 1.000000 0.238658 0.381661 0.035394 0.387611 0.236422 0.428700 0.011850 0.369324 -0.411090 -0.022230 -0.007733 0.162104 0.080950 0.099036 -0.029718 0.277543 0.216760 0.151042 -0.084133 0.078121 -0.431136 -0.163995 -0.167142 0.072559 -0.279614 -0.114567 -0.024549 0.244267 -0.325585 -0.258568 -0.303476 -0.155866 -0.334322 -0.226067 0.000740 0.090262 0.063123 0.342151 -0.103960 0.007567 0.297217 -0.186109 0.426392 -0.112836 -0.021721 -0.367787 -0.368486 -0.411220 -0.506047 -0.285671 -0.085260 0.137616 0.010024 0.110273 -0.401091 -0.231880 0.124811 0.609802 -0.221586 0.189377 -0.406707 -0.328952 0.119745 -0.016545 -0.453157 -0.125263 0.121965 0.197319 -0.116749 0.261892 -0.178664 0.003850 -0.510697 -0.481788 -0.481570 -0.033111 -0.331457 -0.226725 -0.375258 -0.149166 0.236873 -0.079791 0.062775 -0.137873 0.076665 -0.223262 -0.185441 -0.083117 -0.358369 -0.227430 -0.050440 -0.311640 -0.017148 -0.200512 -0.032617 0.005417 -0.168562 -0.146537 0.034366 -0.231030 -0.021465 -0.019685 -0.137542 -0.268817 0.222436 -0.241961 -0.059898 -0.369238
0.170367 -0.240640 0.317559 0.354671 0.648820 0.721015 0.310554 0.238658 1.000000 0.699794 0.171152 0.105253 0.493417 -0.032864 0.753406 0.453033 -0.035393 -0.267437 0.369030 -0.186656 0.184489 0.102418 0.633530 0.480539 0.254748 -0.017114 0.392922 0.229692 -0.219754 -0.285404 -0.105818 -0.114329 -0.232957 -0.144275 -0.085912 0.145942 -0.345701 -0.390940 -0.082916 -0.145771 -0.209402 -0.104338 -0.294512 0.034807 0.210174 0.203654 -0.372306 -0.225000 0.289305 -0.156543 0.013920 -0.216168 0.077793 -0.221956 -0.074288 -0.383184 -0.376373 -0.450648 0.048079 -0.258473 0.502415 -0.093114 0.029374 -0.050006 0.513538 0.212700 -0.213250 0.350770 -0.439174 -0.440638 -0.070407 -0.192616 -0.190499 -0.459392 -0.235023 -0.264846 -0.269864 -0.259565 -0.524613 -0.275072 -0.218841 -0.467971 0.256245 0.362129 -0.014596 -0.236803 0.115825 -0.018405 0.346580 -0.102730 0.116348 0.264281 0.155602 0.322059 -0.221501 -0.257334 -0.358591 -0.360036 0.027596 -0.044576 0.167416 0.255639 0.130826 0.012229 0.019756 -0.179964 0.174946 -0.452240 -0.077198 -0.214370 -0.284487 -0.199569 0.147994 0.021285 0.050707 -0.153448
-0.015144 -0.130215 0.205437 0.536469 0.325668 0.607735 0.085054 0.381661 0.699794 1.000000 0.165314 -0.000078 0.348695 -0.092617 0.457488 0.308511 -0.222843 -0.272614 0.382437 0.086085 -0.035962 -0.038134 0.556297 0.544205 0.302895 -0.027033 0.050491 0.068706 -0.365552 -0.305733 -0.255270 -0.215822 -0.462008 -0.249680 0.131213 0.369611 -0.343731 -0.446114 -0.126041 -0.257139 -0.369040 -0.296873 -0.018014 0.235674 0.302237 0.297050 -0.229330 0.003991 0.524221 -0.119845 0.078761 -0.143126 0.194520 -0.228695 -0.011430 -0.487322 -0.547186 -0.515167 -0.004100 -0.180302 0.306995 -0.088479 -0.142713 -0.225245 0.304835 0.173056 -0.198927 0.543297 -0.521577 -0.499826 0.151528 -0.058565 -0.344734 -0.376337 -0.185516 -0.081703 -0.100545 -0.084135 -0.558871 -0.271254 -0.346109 -0.570241 0.115774 0.227715 -0.104608 -0.308850 -0.038252 0.153034 0.413909 -0.207790 0.282837 0.288303 0.165377 0.202594 -0.264021 -0.247077 -0.371746 -0.336575 0.185140 0.068862 0.189588 0.250259 0.257813 0.133449 0.075995 -0.144942 0.224775 -0.183002 -0.261340 -0.098517 -0.385700 -0.095321 0.235609 0.128787 0.111259 -0.240800
0.447037 0.109056 -0.182213 -0.235264 -0.116963 -0.053063 -0.009417 0.035394 0.171152 0.165314 1.000000 0.305083 0.599967 0.386624 0.208707 0.314001 0.215432 0.143835 -0.122693 0.008172 -0.609715 -0.216081 -0.207437 -0.269464 -0.018578 -0.189998 -0.278835 -0.139164 0.099473 0.012647 -0.317943 -0.277674 -0.079342 -0.147884 -0.058447 -0.051400 -0.092957 -0.316352 -0.206449 -0.351260 -0.181778 -0.267259 -0.183282 -0.137133 0.168426 0.267284 -0.174413 -0.090465 0.171451 0.268499 -0.120024 -0.040169 -0.224496 0.054752 -0.067497 -0.250677 0.086708 -0.031424 0.114763 0.128715 0.206799 0.239771 0.149400 0.100248 0.224584 0.215218 -0.105468 0.055444 -0.309210 -0.045106 0.111888 -0.353479 0.002720 -0.029236 0.143406 0.083380 0.190922 0.082872 -0.272812 -0.266389 0.106134 0.031968 0.210019 0.151252 0.305426 0.245212 0.207302 0.129392 0.009284 0.012777 0.013096 -0.004234 -0.138540 -0.149473 -0.322114 -0.209229 -0.333375 -0.243539 -0.119175 -0.078187 -0.060422 -0.066652 -0.040887 -0.050334 -0.086838 -0.176984 -0.247808 -0.181215 -0.218593 -0.194040 -0.342747 -0.023310 0.159647 -0.042653 -0.103042 -0.197353
0.709643 0.562179 -0.362139 -0.071092 0.126947 0.281990 -0.302818 0.387611 0.105253 -0.000078 0.305083 1.000000 0.299963 0.658345 0.230574 0.661428 -0.449624 0.077755 -0.321752 0.209934 -0.051533 0.164541 -0.329648 -0.005936 0.188583 0.205401 0.319906 0.383678 -0.376823 -0.020757 -0.049677 0.109504 -0.186343 -0.011672 0.104648 -0.148161 -0.066853 -0.191234 -0.235936 -0.125274 -0.112764 -0.037177 -0.116624 -0.231755 -0.250757 0.148671 -0.011910 -0.113711 0.088067 -0.368995 0.337587 -0.208625 -0.347957 -0.557474 -0.524809 -0.294756 -0.309902 -0.171401 0.107010 0.123055 0.049975 0.211764 -0.337301 -0.075452 0.175944 0.656082 -0.350455 -0.193902 -0.398494 -0.109113 -0.116582 -0.215303 -0.272821 -0.080049 0.021837 0.121582 0.014891 0.131303 -0.034198 -0.187375 -0.298574 -0.140976 -0.370795 0.141942 -0.250095 0.127872 -0.295977 -0.377024 -0.011256 0.053352 0.081754 -0.150820 0.211170 -0.170599 -0.077471 -0.048626 -0.357588 -0.318634 -0.135086 -0.365701 0.195660 -0.179670 0.087133 -0.068329 -0.073789 0.017082 -0.130555 -0.132794 -0.118701 -0.173486 -0.088003 -0.086207 0.300712 -0.062182 -0.077975 -0.120561
0.525544 0.143409 -0.035991 -0.122097 0.235961 0.313420 0.297621 0.236422 0.493417 0.348695 0.599967 0.299963 1.000000 0.423821 0.395538 0.416499 0.060667 0.059045 -0.069413 -0.257280 -0.378061 -0.212398 0.044761 -0.070441 0.075430 -0.064484 0.085683 -0.013104 -0.061677 0.121696 -0.329541 -0.286468 -0.162100 -0.131596 -0.102952 0.058755 -0.191802 -0.328756 -0.298061 -0.242091 -0.233436 -0.139391 -0.307888 -0.198626 0.124974 0.043119 -0.296711 -0.191017 0.207152 -0.084293 -0.085635 -0.232701 -0.142964 -0.177526 -0.108642 -0.348594 -0.194180 -0.138148 0.186078 0.174951 0.436310 0.370287 0.163763 0.204114 0.378348 0.292971 -0.187819 0.047885 -0.279205 -0.280495 -0.036116 -0.342472 -0.073164 -0.204835 -0.091210 -0.028539 0.023853 -0.004113 -0.334546 -0.310709 0.017556 -0.132430 0.137555 0.239262 0.157131 -0.182165 0.143207 -0.037750 0.109304 -0.058827 -0.129886 -0.135519 -0.140991 -0.221861 -0.223683 -0.133797 -0.308864 -0.173151 -0.105139 0.068715 -0.061086 -0.183063 0.051075 0.030268 -0.009416 -0.089341 0.101728 -0.241603 0.044924 -0.094391 -0.339483 0.009299 0.174296 -0.136265 0.040758 -0.109945
0.720262 0.601041 -0.394363 -0.377629 -0.013688 0.060264 -0.206402 0.428700 -0.032864 -0.092617 0.386624 0.658345 0.423821 1.000000 -0.033722 0.572168 -0.235770 0.384595 -0.490923 0.137460 -0.187352 -0.092316 -0.555346 -0.303328 -0.022222 0.067157 -0.009411 0.022586 -0.206313 0.111229 -0.278431 -0.165642 -0.213038 -0.124972 -0.129353 -0.119158 -0.063943 -0.118022 -0.152347 -0.120533 -0.104840 0.042626 -0.031492 -0.155451 -0.217869 0.010915 0.082040 0.101771 0.104632 -0.168337 0.104021 -0.118600 -0.261915 -0.354744 -0.450019 -0.157838 -0.120568 0.122672 0.044424 0.368031 0.067102 0.483578 -0.244371 0.039660 -0.004500 0.627097 -0.351613 -0.356108 -0.203616 -0.001153 0.182208 -0.220383 -0.145659 0.114217 0.134409 0.373186 0.119986 0.307036 -0.044028 -0.194973 -0.249974 -0.064419 -0.403574 0.023256 -0.246462 -0.049074 -0.206906 -0.233004 0.032952 -0.010481 -0.060200 -0.132056 0.021933 -0.415885 0.042703 0.076901 -0.217694 -0.084980 -0.077742 -0.176233 -0.001407 -0.285760 0.010075 0.039506 0.017226 0.076759 -0.009847 -0.181980 -0.017814 -0.105811 -0.077982 -0.120952 0.322697 -0.052268 0.085534 -0.152418
0.153949 -0.194954 0.075404 0.310454 0.370800 0.434268 0.034896 0.011850 0.753406 0.457488 0.208707 0.230574 0.395538 -0.033722 1.000000 0.556677 -0.043116 -0.108710 0.348523 -0.205347 0.209210 0.312230 0.499486 0.450482 0.377120 0.265291 0.461724 0.488747 -0.119951 -0.125869 0.174985 0.173201 -0.202985 -0.129724 0.036013 0.035589 -0.029027 -0.177279 0.131038 0.076184 -0.033468 -0.012878 -0.070786 0.106177 0.084211 0.104724 -0.272381 -0.179891 0.160728 -0.311092 0.096191 -0.306131 -0.182307 -0.325678 -0.003211 -0.274597 -0.197495 -0.339785 -0.056437 -0.477621 0.221392 -0.291553 -0.079260 -0.191847 0.374075 0.098113 -0.382341 0.168245 -0.448036 -0.236814 -0.171101 -0.192354 -0.112797 -0.423305 -0.232966 -0.244986 -0.123028 -0.130611 -0.361272 -0.225093 -0.191645 -0.253166 0.297989 0.378847 0.079291 -0.055762 0.235645 -0.134102 0.259837 -0.146476 -0.067045 0.124986 0.136117 0.352049 0.028351 -0.184988 -0.053340 -0.173499 -0.100403 -0.077164 0.116713 0.220198 0.131001 -0.024328 0.132222 -0.080616 0.090922 -0.206373 -0.084555 -0.091996 0.082115 -0.034763 0.087744 0.015427 0.086622 -0.032366
0.585212 0.224393 -0.374556 0.137119 0.150704 0.408700 -0.259934 0.369324 0.453033 0.308511 0.314001 0.661428 0.416499 0.572168 0.556677 1.000000 -0.345135 0.137726 -0.064596 0.016828 0.107293 0.284819 -0.032857 0.230001 0.195396 0.199776 0.287045 0.323132 -0.237967 0.003200 -0.152935 0.072563 -0.385080 -0.183158 -0.046630 -0.096501 0.055971 -0.046179 0.075548 0.077780 -0.033581 0.164571 -0.196769 -0.232087 -0.256054 -0.013685 -0.156510 -0.295894 0.154106 -0.456250 0.181275 -0.302941 -0.177554 -0.430806 -0.205514 -0.249132 -0.360389 -0.275928 -0.014603 -0.116805 0.263838 0.127157 -0.257876 -0.127701 0.303942 0.588056 -0.562445 -0.178916 -0.503242 -0.224973 0.044787 -0.189766 -0.221304 -0.085350 0.077146 0.141292 0.188703 0.126024 -0.240768 -0.185195 -0.328835 -0.241386 -0.050794 0.416394 -0.121643 0.116663 -0.064847 -0.163732 0.303574 0.125086 -0.015681 -0.018847 0.217429 0.032809 -0.068478 -0.074818 -0.325542 -0.236017 -0.125466 -0.231919 0.126488 0.008185 0.023558 0.015981 0.005964 -0.070645 0.061204 -0.317165 -0.153830 -0.095148 -0.172134 -0.196428 0.089988 -0.051568 -0.053556 -0.308014
-0.344644 -0.485325 0.155373 -0.278189 -0.064506 -0.238780 0.324732 -0.411090 -0.035393 -0.222843 0.215432 -0.449624 0.060667 -0.235770 -0.043116 -0.345135 1.000000 0.241835 0.095182 -0.017664 -0.366636 -0.246230 0.017852 -0.370882 -0.249563 -0.314677 -0.224410 -0.424599 0.649837 0.225114 0.010750 -0.196965 0.356649 0.238769 -0.193329 -0.036008 0.124311 0.042407 0.030711 -0.054079 0.158784 0.134166 -0.083620 -0.129282 0.292026 -0.080796 -0.013292 0.016022 -0.164617 0.382041 -0.490533 -0.069505 -0.012812 0.304526 0.185610 0.088210 0.538967 0.374972 0.010711 0.056805 0.041171 -0.017155 0.627859 0.386286 0.045827 -0.619932 0.403594 0.069306 0.423714 0.257419 0.041422 -0.048039 0.522986 0.233676 0.151354 -0.127122 -0.025940 -0.260937 0.133462 0.036739 0.584707 0.505629 0.347032 0.043562 0.263207 0.068917 0.247360 -0.067559 -0.318397 -0.130768 -0.175814 0.067010 -0.258299 -0.059113 -0.089810 -0.038231 0.041637 0.005854 -0.227523 0.093031 -0.280235 -0.130111 -0.364211 -0.170193 -0.145620 -0.238054 -0.051625 -0.002143 0.109349 -0.051705 -0.080399 -0.016014 -0.278628 -0.001912 -0.099734 -0.009992
0.135194 0.104573 -0.497888 -0.325976 -0.369823 -0.443493 -0.165254 -0.022230 -0.267437 -0.272614 0.143835 0.077755 0.059045 0.384595 -0.108710 0.137726 0.241835 1.000000 -0.237214 0.217047 -0.235161 0.141513 -0.357898 -0.358707 -0.196839 0.085284 -0.288117 -0.251751 0.271696 0.369024 -0.047080 0.165373 -0.182339 0.046770 -0.130320 -0.191004 0.041893 0.229539 0.135610 -0.006295 0.057216 0.201680 0.041635 -0.040273 -0.134977 -0.287695 0.254650 0.192137 -0.163120 -0.098269 0.067773 -0.184606 -0.188802 0.122636 -0.107106 0.121700 0.295385 0.442072 -0.132066 0.078296 -0.110500 0.291604 0.117095 0.229235 -0.017251 -0.034827 -0.206142 -0.450550 -0.066475 0.266683 0.103921 0.043384 0.112410 0.378754 0.348011 0.189797 0.247625 0.159743 0.250548 0.146722 0.129728 0.438894 -0.089734 0.097160 0.021102 0.141322 0.113522 0.062253 -0.070096 -0.001458 -0.235948 -0.242965 -0.189445 -0.276499 0.077990 -0.009517 0.134841 0.006803 -0.239398 -0.119876 -0.324332 -0.189752 -0.331091 -0.023767 0.017076 0.104375 -0.028773 0.014774 0.083623 0.055307 0.170954 -0.076973 -0.144667 -0.210291 -0.049875 -0.045048
-0.439457 -0.340778 0.357304 0.606198 0.037547 0.105662 0.306373 -0.007733 0.369030 0.382437 -0.122693 -0.321752 -0.069413 -0.490923 0.348523 -0.064596 0.095182 -0.237214 1.000000 0.074180 0.257468 0.175626 0.554991 0.335329 0.004148 -0.096933 -0.035742 0.038340 0.085336 -0.100338 0.241946 0.230853 0.013364 -0.056190 0.119774 0.435835 -0.182153 -0.241201 -0.038955 -0.222905 -0.199299 -0.240365 -0.104763 0.163105 0.445288 0.344433 -0.431109 -0.261411 0.020782 0.054841 -0.121974 -0.207932 0.008776 -0.047399 0.074847 -0.151044 -0.247784 -0.471512 -0.328632 -0.472509 -0.191582 -0.628390 -0.061349 -0.422761 0.268632 -0.262390 0.024757 0.547424 -0.104344 -0.355687 -0.208963 0.098930 -0.015556 -0.377823 0.016556 -0.325069 -0.124555 -0.215683 -0.146817 0.002129 -0.139014 -0.210440 0.326919 0.253838 0.022174 -0.014132 0.066747 0.223845 -0.057388 -0.228647 0.014724 0.337452 0.158659 0.505371 -0.256470 -0.296470 -0.072548 -0.139680 0.232353 0.217629 0.150946 0.472078 0.212938 0.273791 0.312671 0.123363 0.110799 -0.130063 -0.002145 -0.086991 0.077978 0.109155 -0.087265 0.246461 0.240964 0.023980
-0.002125 0.077729 -0.137506 0.062325 -0.143622 -0.048508 -0.224172 0.162104 -0.186656 0.086085 0.008172 0.209934 -0.257280 0.137460 -0.205347 0.016828 -0.017664 0.217047 0.074180 1.000000 -0.009157 0.028256 -0.236193 -0.024744 0.051841 -0.035986 -0.095055 -0.092889 0.000215 0.029195 -0.012391 0.041621 -0.033187 0.252474 -0.064845 0.045435 -0.035840 -0.089327 -0.040356 -0.296873 -0.009061 -0.113523 0.276556 0.265160 0.134208 0.240854 -0.017056 0.210148 0.077289 0.013654 0.116536 -0.081507 -0.167299 -0.236029 -0.362414 -0.240158 0.043317 0.085909 -0.121002 0.004175 -0.331000 -0.131049 -0.206224 -0.172903 -0.181983 -0.033173 0.005460 0.037629 -0.126820 0.059591 0.167134 0.047883 -0.007150 0.242674 0.399499 0.247697 0.241310 0.158571 0.003219 0.238102 -0.126666 0.141374 -0.192335 0.063587 -0.357018 0.070075 -0.228608 -0.012323 -0.159296 -0.200132 0.055314 0.136559 0.025496 -0.107654 -0.218467 -0.269517 -0.387139 -0.491436 -0.089616 -0.318939 0.086461 -0.086123 -0.093050 0.068751 0.056820 0.035036 0.063424 0.117429 -0.331411 -0.300649 -0.125815 -0.232138 0.099817 0.206761 -0.004611 -0.223223
-0.173593 -0.109475 0.248600 0.324466 0.230387 0.199693 0.017079 0.080950 0.184489 -0.035962 -0.609715 -0.051533 -0.378061 -0.187352 0.209210 0.107293 -0.366636 -0.235161 0.257468 -0.009157 1.000000 0.444073 0.317674 0.420788 0.140918 0.187091 0.470423 0.373271 -0.150425 -0.177967 0.325998 0.307158 0.067521 -0.009441 -0.084250 -0.054392 0.127300 0.238762 0.320855 0.378581 0.262108 0.128360 0.067168 0.174153 -0.183021 -0.112034 -0.029617 -0.146304 -0.092820 -0.318437 0.199241 0.035896 0.209454 -0.154563 0.094907 0.220227 -0.139656 -0.199225 -0.118706 -0.346182 -0.088428 -0.404220 -0.264943 -0.288224 -0.073529 0.092767 -0.126897 -0.060353 -0.001466 -0.130906 -0.212843 0.239071 -0.085406 -0.196026 -0.159686 -0.137448 -0.198492 -0.141603 0.030961 0.171595 -0.319107 -0.246924 -0.056167 -0.011852 -0.289784 -0.109799 -0.093956 -0.077278 0.154121 0.100008 0.021514 0.154819 0.277528 0.366314 0.197589 0.088604 0.172104 0.042713 0.145504 -0.155164 0.221532 0.192133 0.071450 -0.002234 -0.004482 0.002815 0.043143 0.050003 0.096848 0.024615 0.204903 -0.116417 -0.049956 0.005414 0.034614 0.009311
-0.040305 -0.151331 -0.209496 0.240329 0.001216 0.049096 -0.133255 0.099036 0.102418 -0.038134 -0.216081 0.164541 -0.212398 -0.092316 0.312230 0.284819 -0.246230 0.141513 0.175626 0.028256 0.444073 1.000000 0.151247 0.284046 0.261397 0.322415 0.270215 0.381981 0.136143 0.221430 0.543081 0.699367 0.064144 0.287521 0.018200 0.140433 0.105939 0.321043 0.047437 0.241955 0.120369 0.217530 -0.063446 -0.150319 -0.103878 0.016994 -0.089704 -0.212667 -0.385039 -0.375168 0.137876 -0.416511 -0.147323 -0.212057 -0.183248 -0.051114 -0.034589 -0.106977 -0.163099 -0.312378 -0.140741 -0.189795 -0.076772 -0.017492 0.176542 0.062840 -0.203573 -0.200765 -0.203802 -0.191125 -0.267060 0.380274 -0.030198 0.008092 0.177168 0.027424 -0.054283 0.099269 0.127946 0.056177 -0.034396 0.050063 0.170356 0.288726 0.062738 -0.004659 0.000163 -0.028223 -0.011240 -0.189676 -0.220529 -0.161951 0.066855 0.204227 0.207914 -0.060825 0.099178 -0.042643 -0.074108 -0.211255 -0.102798 0.038317 -0.118748 -0.140831 -0.048575 -0.017908 0.020323 -0.172413 0.071729 0.045893 0.276235 -0.043213 -0.146833 -0.009338 -0.153875 0.063117
-0.359887 -0.543652 0.442874 0.565914 0.347481 0.351912 0.147011 -0.029718 0.633530 0.556297 -0.207437 -0.329648 0.044761 -0.555346 0.499486 -0.032857 0.017852 -0.357898 0.554991 -0.236193 0.317674 0.151247 1.000000 0.721427 0.406219 0.148511 0.235999 0.289594 -0.078618 -0.331010 0.254005 0.188580 -0.123403 -0.176696 0.027941 0.157115 -0.241979 -0.125871 0.201671 0.012817 0.035485 -0.096980 -0.090068 0.230019 0.227307 0.121159 -0.273310 -0.178770 0.136300 -0.119168 0.005485 -0.095047 0.152192 0.033259 0.267571 -0.097800 -0.302917 -0.500436 -0.154604 -0.547809 0.140312 -0.490881 -0.017553 -0.247923 0.304442 -0.207864 -0.077929 0.481413 -0.225925 -0.299515 -0.050208 0.145269 -0.121432 -0.377523 -0.345924 -0.448984 -0.360811 -0.387996 -0.274860 -0.166427 -0.212358 -0.482109 0.387617 0.132652 0.167183 -0.197611 0.218308 0.217384 0.413031 -0.020471 0.173287 0.347115 0.208093 0.605158 -0.082752 -0.164036 -0.034481 -0.114342 0.253808 0.143481 0.103962 0.458341 0.153944 0.037388 0.102308 -0.037153 0.111641 -0.022090 0.111419 0.002510 -0.072015 -0.041241 0.069303 0.148517 0.143950 0.055756
-0.160024 -0.241284 0.288358 0.686135 0.219676 0.338537 -0.185055 0.277543 0.480539 0.544205 -0.269464 -0.005936 -0.070441 -0.303328 0.450482 0.230001 -0.370882 -0.358707 0.335329 -0.024744 0.420788 0.284046 0.721427 1.000000 0.608172 0.531788 0.283764 0.570572 -0.448527 -0.448671 0.285303 0.380137 -0.291273 -0.241477 0.215049 0.090740 -0.075748 -0.038463 0.240368 0.173232 -0.074815 -0.177418 0.063541 0.330716 -0.033998 0.202895 -0.173725 -0.080713 0.156020 -0.389785 0.411805 -0.030349 -0.047001 -0.173270 0.062974 -0.091346 -0.454576 -0.566218 -0.356211 -0.610825 -0.092502 -0.501468 -0.435693 -0.507789 0.109336 0.189698 -0.419742 0.363856 -0.496146 -0.234161 0.048749 0.072514 -0.429041 -0.266790 -0.316548 -0.214017 -0.093064 0.056985 -0.249454 -0.023632 -0.500187 -0.593018 0.045792 -0.073014 -0.029372 -0.130113 0.122381 0.159097 0.559099 0.069383 0.220225 0.278483 0.426814 0.564048 0.022071 -0.072853 -0.021358 -0.131853 0.188947 -0.117052 0.262131 0.396886 0.248865 0.112429 0.142340 0.045198 0.118436 0.091518 0.024849 0.058529 0.094172 -0.149968 0.160724 0.142397 0.132792 -0.065544
0.125258 -0.041418 0.141697 0.323960 0.221301 0.254347 -0.283108 0.216760 0.254748 0.302895 -0.018578 0.188583 0.075430 -0.022222 0.377120 0.195396 -0.249563 -0.196839 0.004148 0.051841 0.140918 0.261397 0.406219 0.608172 1.000000 0.730585 0.299108 0.726118 -0.352946 -0.251232 0.496647 0.381884 -0.233383 -0.053871 0.056042 0.095828 -0.162893 0.050665 0.085351 0.177612 -0.060084 -0.108486 0.251645 0.338618 -0.047093 0.256517 -0.053751 0.084781 0.013928 -0.338535 0.410078 -0.132270 -0.332692 -0.182353 -0.156860 -0.098420 -0.191293 -0.284341 -0.252592 -0.475383 -0.213162 -0.325553 -0.482073 -0.378793 0.061651 0.184063 -0.402880 0.188642 -0.373390 0.044894 0.054661 0.118029 -0.290497 -0.047168 -0.169955 0.000737 -0.072824 0.147225 -0.080851 -0.177580 -0.405497 -0.402927 0.022394 -0.061572 0.091169 -0.063903 0.122147 0.052057 0.444287 -0.097987 -0.093190 -0.052779 0.121585 0.268224 0.064135 -0.006605 0.008518 -0.050944 -0.009797 -0.151695 0.051249 0.154608 0.122651 0.025481 0.107297 0.022791 0.144561 0.064281 -0.010842 0.010964 0.206523 -0.110553 0.277176 0.053983 0.002897 -0.014369
0.123319 0.102699 -0.051578 0.200228 -0.115931 -0.025679 -0.456975 0.151042 -0.017114 -0.027033 -0.189998 0.205401 -0.064484 0.067157 0.265291 0.199776 -0.314677 0.085284 -0.096933 -0.035986 0.187091 0.322415 0.148511 0.531788 0.730585 1.000000 0.233653 0.780519 -0.410863 -0.155864 0.523781 0.537885 -0.198071 -0.184492 0.234240 -0.089561 0.015194 0.202315 0.121452 0.312616 -0.019923 0.030953 0.361855 0.336148 -0.304751 0.040491 0.109465 0.142190 -0.181109 -0.476749 0.591526 -0.021983 -0.468310 -0.081467 -0.187320 0.135968 -0.071731 -0.129594 -0.428346 -0.460483 -0.442453 -0.334627 -0.569162 -0.389911 -0.131466 0.245930 -0.561882 -0.072418 -0.282261 0.267870 -0.019246 0.001941 -0.414615 0.051276 -0.220248 0.094265 0.100424 0.426542 0.154449 0.130828 -0.334146 -0.156591 -0.158245 -0.246069 0.131459 0.122491 0.074104 -0.014440 0.321878 0.019627 -0.107041 -0.160165 0.219853 0.245064 0.222025 0.123624 0.325320 0.132962 -0.024382 -0.110857 -0.007583 0.120344 0.075390 0.067642 0.187172 0.229285 0.105985 0.270643 0.116827 0.079495 0.498749 0.004646 0.129892 -0.039497 0.104278 0.121284
0.052375 -0.083788 0.150294 0.009200 0.605994 0.615598 -0.014522 -0.084133 0.392922 0.050491 -0.278835 0.319906 0.085683 -0.009411 0.461724 0.287045 -0.224410 -0.288117 -0.035742 -0.095055 0.470423 0.270215 0.235999 0.283764 0.299108 0.233653 1.000000 0.594310 -0.173618 -0.116981 0.270082 0.110295 -0.131105 -0.007338 -0.064220 -0.287812 -0.021493 -0.038370 -0.041443 0.190862 0.037730 0.240498 0.001395 -0.045248 -0.352499 -0.318210 0.034108 -0.083174 -0.112211 -0.577723 0.072626 -0.018122 -0.039393 -0.286634 -0.074840 0.039949 -0.111946 -0.055368 0.125355 -0.122525 0.118374 -0.044437 -0.109698 0.135644 0.051234 0.075249 -0.216489 -0.248642 -0.078987 -0.047871 -0.193418 -0.047487 -0.032930 -0.104636 -0.217444 -0.103864 -0.125115 -0.161183 -0.025953 -0.033454 -0.028085 -0.051380 0.036826 0.174535 -0.078709 -0.087403 -0.071225 -0.281042 0.129788 0.139771 0.099281 0.031275 0.255301 0.208128 0.183620 -0.014796 0.064616 -0.146456 0.043233 -0.078854 0.322199 -0.033952 0.194248 -0.055042 -0.000965 -0.011538 0.094100 -0.023985 0.005848 -0.101436 0.058457 -0.036040 0.055671 0.023877 0.011892 0.103786
0.186926 0.083227 0.091081 0.203605 0.191862 0.278915 -0.405937 0.078121 0.229692 0.068706 -0.139164 0.383678 -0.013104 0.022586 0.488747 0.323132 -0.424599 -0.251751 0.038340 -0.092889 0.373271 0.381981 0.289594 0.570572 0.726118 0.780519 0.594310 1.000000 -0.411129 -0.243642 0.579127 0.476462 -0.170271 -0.149610 0.233739 -0.116707 -0.053921 0.027019 0.012602 0.204314 -0.076203 -0.017961 0.258291 0.240266 -0.272995 0.110068 0.022850 -0.053901 -0.066286 -0.504442 0.511662 0.022571 -0.343214 -0.248126 -0.217893 0.009477 -0.147674 -0.321547 -0.202675 -0.492562 -0.278329 -0.388521 -0.606042 -0.413408 -0.088503 0.340023 -0.446539 -0.045885 -0.269508 0.083252 -0.092977 0.018369 -0.303988 -0.076318 -0.290917 -0.034645 -0.004378 0.188434 0.060584 0.010293 -0.421523 -0.332782 -0.072373 -0.100663 0.018581 0.068640 -0.017949 -0.051686 0.282961 -0.001078 -0.035962 -0.023226 0.299197 0.337381 0.148765 0.021092 0.121743 0.011493 0.059232 -0.112391 0.199329 0.155738 0.229898 -0.001228 0.181162 0.158348 0.008504 0.142982 0.013798 -0.094428 0.351506 0.048485 0.227795 0.086038 0.155916 0.174490
-0.385087 -0.484652 -0.157302 -0.264056 -0.116282 -0.310528 0.255886 -0.431136 -0.219754 -0.365552 0.099473 -0.376823 -0.061677 -0.206313 -0.119951 -0.237967 0.649837 0.271696 0.085336 0.000215 -0.150425 0.136143 -0.078618 -0.448527 -0.352946 -0.410863 -0.173618 -0.411129 1.000000 0.643872 0.182742 0.050988 0.478140 0.506061 -0.438422 0.148398 0.357482 0.267405 0.162441 0.061345 0.378113 0.417807 -0.180432 -0.330435 0.314697 -0.111920 -0.027428 -0.230865 -0.398738 0.280700 -0.620095 -0.319110 -0.013855 0.164988 0.181530 0.184547 0.503051 0.335781 -0.081127 -0.031192 -0.041645 -0.040090 0.597709 0.322021 0.084761 -0.667018 0.327935 -0.247548 0.381986 0.085819 -0.127709 0.372640 0.842238 0.290722 0.420600 0.172018 0.185962 -0.186282 0.390127 0.234931 0.656460 0.658832 0.512288 0.413619 0.354943 -0.042183 0.254587 0.199531 -0.391732 -0.170328 -0.374679 -0.128090 -0.391918 -0.129854 -0.016884 -0.145114 0.096983 0.046398 -0.132169 0.134639 -0.358795 -0.120981 -0.274910 -0.021766 0.024246 0.019743 -0.095595 -0.062442 0.028715 0.030868 -0.094518 0.181892 -0.370859 0.068604 -0.157141 0.038102
0.006954 -0.051404 -0.507037 -0.299613 -0.140392 -0.217233 0.076162 -0.163995 -0.285404 -0.305733 0.012647 -0.020757 0.121696 0.111229 -0.125869 0.003200 0.225114 0.369024 -0.100338 0.029195 -0.177967 0.221430 -0.331010 -0.448671 -0.251232 -0.155864 -0.116981 -0.243642 0.643872 1.000000 0.158391 0.122278 0.384431 0.533599 -0.315166 0.218785 0.355923 0.347465 -0.023317 0.103797 0.257042 0.522684 -0.250715 -0.454869 0.192974 -0.160878 -0.018481 -0.349521 -0.385588 -0.097354 -0.307657 -0.602626 -0.155723 -0.161794 -0.073318 -0.036241 0.205665 0.381688 -0.035732 0.195002 0.003564 0.231966 0.462026 0.327005 0.167203 -0.322495 0.138222 -0.396582 0.336086 -0.055836 -0.136412 0.535843 0.694412 0.349195 0.417450 0.412894 0.327099 0.199683 0.405665 0.276684 0.554357 0.667371 0.211782 0.420408 0.343316 -0.141444 0.031482 0.013322 -0.316623 -0.296740 -0.545723 -0.568980 -0.489312 -0.514271 0.060405 -0.093156 0.048687 0.090188 -0.354987 0.022268 -0.494244 -0.407651 -0.192089 -0.027697 0.091557 0.090734 0.088881 -0.019682 0.063208 0.108365 -0.060026 0.118528 -0.425556 -0.161472 -0.170258 0.011318
-0.274817 -0.246535 0.132580 0.127833 -0.024421 -0.145072 -0.087239 -0.167142 -0.105818 -0.255270 -0.317943 -0.049677 -0.329541 -0.278431 0.174985 -0.152935 0.010750 -0.047080 0.241946 -0.012391 0.325998 0.543081 0.254005 0.285303 0.496647 0.523781 0.270082 0.579127 0.182742 0.158391 1.000000 0.775832 0.265872 0.247875 0.059307 0.153361 0.001568 0.330749 0.063297 0.230377 0.120039 0.138597 0.172497 0.073460 0.100110 0.170068 -0.008322 -0.109779 -0.507836 -0.219810 0.149826 -0.212752 -0.417942 -0.065835 -0.194141 0.205180 0.142710 -0.066507 -0.495627 -0.540244 -0.579726 -0.503014 -0.231160 -0.265816 -0.010486 -0.181547 -0.141698 -0.051872 0.051224 0.132431 -0.229016 0.446431 0.174026 0.131682 0.030581 0.024515 -0.078249 0.011673 0.310875 0.127640 -0.043758 0.107443 0.115179 -0.007908 0.214034 0.078558 0.018912 0.029304 -0.150199 -0.178360 -0.259296 -0.121626 0.053725 0.288833 0.132675 -0.060827 0.287911 0.085491 0.047285 -0.075634 -0.083924 0.106142 0.030060 -0.016631 0.220064 0.255765 -0.068820 0.127470 0.210125 -0.052251 0.462134 0.117035 -0.059026 0.114686 0.031212 0.361267
-0.118917 -0.138787 -0.140505 0.304542 -0.139872 -0.247581 -0.164651 0.072559 -0.114329 -0.215822 -0.277674 0.109504 -0.286468 -0.165642 0.173201 0.072563 -0.196965 0.165373 0.230853 0.041621 0.307158 0.699367 0.188580 0.380137 0.381884 0.537885 0.110295 0.476462 0.050988 0.122278 0.775832 1.000000 0.087558 0.206036 0.196653 0.073516 -0.049379 0.328356 0.128513 0.171709 -0.039996 0.048339 -0.016836 -0.057992 -0.102652 0.110713 -0.134068 -0.104875 -0.512102 -0.364189 0.325058 -0.310507 -0.392775 -0.127696 -0.223099 0.073954 -0.040528 -0.161623 -0.464633 -0.464134 -0.483896 -0.354453 -0.264689 -0.250483 0.109916 0.053174 -0.234873 -0.078129 -0.171118 0.031757 -0.239892 0.323721 -0.104639 0.037382 0.055090 -0.044466 -0.063730 0.144733 0.281496 0.126869 -0.150030 0.065799 0.076706 0.123075 0.157410 0.216230 0.066782 0.112925 -0.047355 -0.028711 -0.162703 -0.156102 0.176944 0.253037 0.061632 -0.161017 0.186433 -0.043249 -0.070245 -0.263514 -0.055828 0.076176 -0.032120 -0.051845 0.130879 0.196543 -0.105537 0.029785 0.143353 0.015362 0.472226 -0.035888 -0.060493 -0.068609 -0.071194 0.088189
-0.057297 -0.161046 0.022095 -0.244859 -0.098244 -0.256335 0.267328 -0.279614 -0.232957 -0.462008 -0.079342 -0.186343 -0.162100 -0.213038 -0.202985 -0.385080 0.356649 -0.182339 0.013364 -0.033187 0.067521 0.064144 -0.123403 -0.291273 -0.233383 -0.198071 -0.131105 -0.170271 0.478140 0.384431 0.265872 0.087558 1.000000 0.527255 -0.027891 0.190572 0.300517 0.155330 0.003896 0.016673 0.325274 0.106879 -0.211652 -0.282407 0.303561 0.141840 -0.145295 -0.322170 -0.379621 0.363427 -0.275584 -0.200680 -0.198576 0.033206 -0.067209 0.152707 0.390225 0.131026 0.014085 0.048916 -0.104523 -0.176277 0.428651 0.145882 0.049314 -0.338082 0.502842 -0.057157 0.470735 0.082983 -0.274180 0.304116 0.517724 0.019337 -0.004084 -0.044414 -0.084008 -0.085937 0.335811 0.224444 0.451251 0.403278 0.233497 0.024236 0.261459 0.026248 0.042115 -0.057463 -0.450887 -0.211016 -0.261359 -0.117283 -0.238872 -0.114589 -0.002781 -0.009030 0.040507 0.047074 -0.199542 -0.057278 -0.330181 -0.140791 -0.234551 -0.205612 -0.105789 -0.093972 -0.239250 0.068292 0.168177 -0.091792 -0.035054 -0.004458 -0.254586 -0.066928 -0.177830 0.107463
-0.079799 -0.153327 -0.086201 -0.216613 0.133859 -0.028097 0.375684 -0.114567 -0.144275 -0.249680 -0.147884 -0.011672 -0.131596 -0.124972 -0.129724 -0.183158 0.238769 0.046770 -0.056190 0.252474 -0.009441 0.287521 -0.176696 -0.241477 -0.053871 -0.184492 -0.007338 -0.149610 0.506061 0.533599 0.247875 0.206036 0.527255 1.000000 -0.277293 0.361850 0.222596 0.215055 -0.134344 -0.114064 0.258145 0.320284 -0.177765 -0.262618 0.334140 0.132212 -0.273742 -0.174550 -0.313048 0.180085 -0.273378 -0.485139 -0.145924 -0.250227 -0.408040 -0.271380 0.252480 0.259183 0.084714 0.154759 0.096583 0.099261 0.410077 0.275876 0.228716 -0.286371 0.432088 -0.008716 0.361975 -0.044379 -0.364707 0.404340 0.543878 0.124150 0.298266 0.097956 -0.143815 -0.082407 0.178182 0.144088 0.452605 0.451435 0.249017 0.299071 0.060592 -0.106531 -0.069280 -0.050117 -0.475248 -0.419547 -0.541444 -0.295641 -0.471471 -0.310514 -0.072849 -0.267586 -0.261773 -0.270259 -0.392447 -0.238387 -0.362302 -0.311625 -0.338082 -0.226467 -0.082847 -0.080797 0.138965 -0.187656 -0.026412 -0.239022 -0.111620 -0.162553 -0.280786 -0.118646 -0.199376 -0.045945
-0.006282 0.115012 -0.136376 0.171806 -0.185377 -0.032941 -0.259981 -0.024549 -0.085912 0.131213 -0.058447 0.104648 -0.102952 -0.129353 0.036013 -0.046630 -0.193329 -0.130320 0.119774 -0.064845 -0.084250 0.018200 0.027941 0.215049 0.056042 0.234240 -0.064220 0.233739 -0.438422 -0.315166 0.059307 0.196653 -0.027891 -0.277293 1.000000 0.096233 -0.223948 -0.236801 -0.152717 -0.228632 -0.403065 -0.432827 0.119733 0.048953 -0.169009 0.081563 0.062906 0.036799 0.080170 -0.138220 0.260667 0.130584 -0.157838 -0.088068 -0.071243 0.015713 -0.147609 -0.240633 -0.039734 -0.061029 -0.233536 -0.112472 -0.180766 -0.151425 -0.128989 0.232496 0.014071 0.200236 -0.108287 -0.031388 0.016532 -0.109102 -0.497717 -0.167311 -0.479263 -0.333159 0.012891 0.193033 0.002608 0.044554 -0.227579 -0.206268 -0.145710 -0.172104 -0.127527 0.152128 -0.162818 -0.085087 -0.041105 0.013933 0.259426 0.145680 0.321158 0.196858 0.123578 0.225676 0.143675 0.138638 0.207033 0.140001 0.124315 0.104095 0.142647 -0.082069 0.030274 0.012843 -0.228641 0.268511 0.074740 0.035808 0.189010 0.166776 0.227744 0.043971 0.140044 0.117951
-0.193796 -0.076057 0.088964 0.299195 0.070850 0.116919 0.360936 0.244267 0.145942 0.369611 -0.051400 -0.148161 0.058755 -0.119158 0.035589 -0.096501 -0.036008 -0.191004 0.435835 0.045435 -0.054392 0.140433 0.157115 0.090740 0.095828 -0.089561 -0.287812 -0.116707 0.148398 0.218785 0.153361 0.073516 0.190572 0.361850 0.096233 1.000000 -0.132462 -0.220152 -0.248298 -0.200196 -0.156720 -0.156685 -0.097618 -0.025207 0.668216 0.616406 -0.364453 -0.194631 0.011340 0.271983 -0.253201 -0.458782 -0.189895 -0.327730 -0.355400 -0.294997 -0.240151 -0.356613 -0.366463 -0.155897 -0.090678 -0.231494 0.003343 -0.309266 0.315417 -0.091080 0.094265 0.471292 -0.047793 -0.450045 -0.187703 0.307490 0.098114 -0.288449 0.013307 0.062984 -0.095558 0.072649 -0.055461 -0.055372 -0.043495 -0.164459 0.186713 0.226389 -0.067356 -0.339154 -0.105844 0.165733 -0.194207 -0.504913 -0.275679 -0.001844 -0.201241 0.021332 -0.085233 -0.063485 -0.179334 -0.001072 0.177789 0.271086 -0.160667 0.177806 0.140319 0.218520 0.288640 0.191154 0.139357 -0.241002 0.033587 -0.010983 -0.073717 0.178458 0.096403 0.241583 0.204666 0.051265
