1.000000 0.306497 0.104675 -0.177372 0.095274 -0.289154 0.393534 -0.183323 -0.023316 -0.040591 0.646421 -0.111401 0.147542 0.050690 0.199278 -0.118002 0.106062 0.007024 0.510060 0.495694 -0.035220 -0.037384 -0.085410 -0.205776 -0.492981 -0.363613 -0.103043 -0.233932 0.220670 -0.194877 -0.255721 -0.301078 0.194220 -0.058045 0.036816 -0.500752 -0.059715 -0.338592 -0.101156 -0.132799 -0.079972 0.081698 -0.059402 0.047929 -0.192523 -0.060518 0.231807 0.043777 -0.341241 0.253345 -0.363312 -0.034600 -0.084502 0.073070 -0.106365 0.150688 0.321629 0.334434 0.331834 0.001471 -0.063315 0.064688 0.085703 -0.039013 -0.223241 -0.142772 -0.236948 -0.484802 0.366147 0.008354 0.061775 -0.022589 0.030379 0.056003 0.042798 0.059056 0.262898 0.144269 0.019012 -0.079635 0.117542 -0.171646 0.383149 0.062159 0.095217 -0.242226 -0.050843 -0.001609 -0.039022 -0.012995 -0.150819 0.011902 -0.087509 0.115999 -0.168298 -0.145497 -0.101472 -0.112771 0.070476 0.039141 -0.088705 0.187457 0.049736 0.141759 0.227615 0.208382 0.113986 0.024062 -0.097870 0.089053 -0.269820 0.134135 -0.264651 0.145937 0.104690 -0.057637
0.306497 1.000000 -0.302938 0.141404 -0.335164 -0.075813 -0.052678 0.060076 -0.326115 -0.091715 0.191149 0.488358 0.027765 0.481522 -0.337147 0.113512 -0.139075 0.007800 -0.008461 0.171932 0.072172 -0.191431 -0.325515 -0.135796 -0.197196 0.016107 -0.069513 -0.049351 0.001028 0.150402 -0.009879 -0.131206 0.219259 0.206169 -0.105710 -0.129646 0.026592 0.292089 -0.054199 0.286632 0.203313 0.196596 0.137536 0.095264 0.035989 0.083812 0.480802 -0.068386 0.074974 0.200282 0.089177 0.128595 0.076713 0.012415 0.181794 0.124230 0.166171 0.005183 0.016172 0.114838 0.107772 0.258971 -0.011717 -0.004161 -0.443673 0.105403 -0.305481 -0.207953 0.034964 -0.074605 0.122550 0.115381 0.043325 0.257644 0.092214 0.230571 0.139874 0.327998 -0.157921 -0.075058 0.015452 -0.075048 -0.136915 0.216155 -0.346017 -0.281404 0.112097 0.051658 -0.331839 0.063297 -0.136162 -0.464300 -0.092771 -0.322982 -0.046260 -0.149327 0.019514 -0.103600 0.130245 -0.267831 0.042117 -0.110678 0.153944 -0.062149 0.111869 -0.021389 -0.026951 -0.028199 -0.245022 0.029606 -0.182412 -0.052040 -0.085481 0.204983 -0.002232 0.178441
0.104675 -0.302938 1.000000 0.288159 0.385458 0.203386 0.682075 0.313516 -0.010781 -0.008566 0.248256 -0.253364 0.048419 -0.104147 0.307744 0.140087 -0.362166 -0.432530 0.439866 0.067717 0.189450 0.469789 0.478486 0.132192 -0.118866 -0.038263 0.352968 0.031049 0.074416 -0.355241 0.323799 0.386852 -0.040125 -0.038046 -0.250920 -0.021608 -0.037362 -0.451732 0.082626 -0.458624 -0.236550 -0.404151 -0.132182 -0.081548 0.012778 0.089502 -0.211309 -0.107431 -0.123687 0.033895 -0.089890 0.096563 -0.243386 -0.227454 -0.047678 -0.369307 -0.253772 -0.279007 -0.311161 -0.535731 -0.297222 -0.235251 -0.393996 -0.461326 0.369388 0.155384 -0.337427 -0.260776 -0.344575 -0.505014 0.252781 0.116439 -0.085648 -0.110420 -0.135449 0.046866 -0.101019 -0.194397 0.062050 -0.251232 -0.243076 -0.208414 0.197528 -0.125984 0.392361 0.234089 0.016999 0.073614 0.348107 0.250529 0.040651 0.204742 -0.038820 0.137339 0.086680 -0.115400 0.032527 -0.136945 -0.260336 -0.050469 0.025507 -0.019113 -0.195468 -0.154726 -0.233476 -0.179367 0.058569 0.072385 0.277327 0.040187 0.360846 -0.057083 -0.151974 -0.215654 0.214683 -0.251130
-0.177372 0.141404 0.288159 1.000000 -0.077356 0.382769 0.023602 0.778486 -0.141515 -0.060896 -0.310946 0.210734 -0.024989 0.138479 -0.099208 0.454544 -0.494058 -0.675429 0.086719 -0.423871 0.314445 0.394209 0.414272 0.664838 0.410910 0.594476 0.432022 0.650909 -0.391298 -0.167755 0.365089 0.544752 -0.299985 -0.080779 0.030707 0.508528 -0.022448 0.053110 0.310080 0.122931 0.104390 -0.227666 0.214503 0.142663 -0.216198 -0.071487 0.124360 -0.025204 0.360672 0.065518 0.468860 0.345271 -0.043412 -0.100482 0.019923 -0.172529 -0.271746 -0.595020 -0.170855 -0.569930 -0.013013 -0.098047 -0.742782 -0.680396 0.292252 0.613210 -0.227586 -0.110966 -0.566446 -0.403218 0.092367 0.214727 -0.227248 -0.086306 -0.106992 0.059609 -0.272995 -0.305070 -0.020471 -0.306719 -0.549486 -0.491737 -0.263265 -0.385464 0.023530 0.192360 0.145027 0.177904 0.383212 0.495428 0.083885 -0.295767 0.164390 -0.322063 -0.021600 -0.057772 -0.131925 -0.254842 -0.336020 -0.379184 0.027737 -0.329471 -0.295283 -0.463462 -0.483919 -0.472248 -0.227789 -0.235655 0.144866 -0.114559 0.254136 -0.419662 -0.037309 -0.177612 -0.141859 -0.238387
0.095274 -0.335164 0.385458 -0.077356 1.000000 0.277901 0.312282 0.096511 0.760545 0.761589 0.228691 -0.216092 0.385387 0.020494 0.409946 0.393810 -0.201297 -0.272807 0.135149 -0.037334 -0.020668 0.056225 -0.079135 -0.316983 -0.250581 -0.376473 -0.042727 -0.389630 0.157418 -0.172732 -0.226925 -0.132668 -0.232715 -0.196782 -0.174100 -0.166065 -0.081984 -0.279567 -0.298110 -0.447117 -0.228178 -0.225557 -0.135534 0.068570 -0.135834 0.062356 -0.122245 0.037003 -0.099079 0.272496 -0.206872 0.080164 0.075147 -0.016909 -0.456480 -0.199206 -0.101899 -0.034270 0.197696 -0.032444 0.247421 0.174321 -0.155359 -0.151173 0.389128 0.291201 -0.120505 -0.277818 -0.254662 -0.059652 0.002872 -0.180266 -0.065913 -0.333877 -0.063908 -0.104161 -0.131878 -0.220784 -0.273691 -0.193389 -0.134071 -0.142977 -0.124890 -0.237563 0.064334 0.087126 -0.208510 -0.199829 0.324429 0.250733 -0.113854 0.196607 0.013068 0.248833 -0.389400 -0.237392 -0.493185 -0.303405 -0.390030 -0.084979 -0.202506 -0.009181 -0.342707 -0.091356 -0.067427 0.035153 -0.214763 -0.140930 -0.055784 -0.030338 -0.335670 -0.323714 -0.090308 -0.061287 -0.153708 -0.283821
-0.289154 -0.075813 0.203386 0.382769 0.277901 1.000000 0.032376 0.364585 0.128085 0.338948 -0.202785 -0.023601 0.132150 0.022305 -0.085442 0.411701 -0.458457 -0.498854 0.055308 -0.448993 0.492977 0.371095 0.155173 0.129181 0.315357 0.281247 0.596822 0.325355 -0.431280 -0.235677 -0.027229 0.060547 -0.245453 -0.229732 0.120819 0.418088 -0.260087 -0.003451 0.161191 -0.045448 -0.153738 -0.332050 0.009742 -0.118244 -0.057234 -0.016299 0.278644 0.047576 0.430075 0.224681 0.400185 0.279458 0.443899 0.150224 0.181296 0.109273 -0.299921 -0.504479 -0.099796 -0.240992 0.206604 -0.036630 -0.386865 -0.414754 0.385044 0.430315 -0.027636 0.067761 -0.496777 -0.236896 0.220325 0.082350 -0.258417 -0.246081 -0.186965 -0.114909 -0.309271 -0.229325 -0.459641 -0.343285 -0.482791 -0.432932 -0.479218 -0.423474 -0.130154 0.011239 0.029421 0.065963 0.145793 0.358015 0.222130 -0.207733 0.450205 -0.214342 -0.139191 -0.163422 -0.124257 -0.202239 -0.025439 -0.196656 0.209649 -0.353874 -0.140515 -0.304775 -0.157097 -0.207767 -0.135836 0.005826 -0.087437 -0.187568 -0.080886 -0.266574 0.025053 -0.158502 -0.259973 -0.186684
0.393534 -0.052678 0.682075 0.023602 0.312282 0.032376 1.000000 0.188817 -0.048820 -0.004007 0.584598 0.025562 0.265396 0.144776 0.236801 0.142848 -0.295911 -0.265827 0.455499 0.343567 0.264728 0.423343 0.043183 -0.106225 -0.505840 -0.423523 0.179766 -0.257453 0.217562 -0.230012 0.120532 0.090765 0.094749 -0.039067 -0.033686 -0.184664 0.027261 -0.463290 -0.046014 -0.531115 -0.307363 -0.333327 -0.138867 -0.124492 0.262463 0.184225 0.014750 -0.234987 -0.227318 0.073388 -0.288473 -0.081181 -0.168689 -0.193978 -0.110579 -0.297647 -0.230966 -0.219053 -0.195782 -0.486500 -0.079933 -0.117945 -0.134520 -0.372511 0.171134 0.060339 -0.236051 -0.213492 -0.179527 -0.396750 0.217622 0.177499 -0.013579 -0.122832 -0.280790 0.045111 -0.118271 -0.184464 -0.220302 -0.458937 -0.229639 -0.154342 0.179068 0.235848 0.250549 0.231950 -0.234938 0.024696 0.112622 0.138709 -0.040432 0.177867 0.112266 0.151236 -0.028408 -0.163132 -0.215874 -0.076635 -0.199843 0.083445 0.158607 0.031506 -0.044287 0.030622 0.050745 0.092331 0.014349 0.097156 0.241156 -0.097509 0.102553 0.041764 0.073421 -0.000243 0.149036 -0.133548
-0.183323 0.060076 0.313516 0.778486 0.096511 0.364585 0.188817 1.000000 0.040693 0.066832 -0.231514 0.319430 0.211913 0.400442 -0.048376 0.558504 -0.570536 -0.667011 -0.068929 -0.505075 0.406389 0.288853 0.085265 0.393183 0.122456 0.254500 0.330806 0.380659 -0.408363 -0.193615 0.234225 0.415718 -0.372543 -0.076152 0.129296 0.486011 -0.086220 -0.134158 0.228452 -0.039282 -0.082044 -0.312023 0.179140 0.197186 0.022840 0.193862 0.021228 -0.067663 0.429083 -0.011452 0.377310 0.240105 0.039275 -0.190371 -0.011202 -0.319295 -0.460694 -0.692605 -0.064900 -0.448747 0.207981 0.233041 -0.712297 -0.645625 0.353978 0.762009 -0.057397 0.065635 -0.634707 -0.355974 -0.068302 0.039603 -0.377660 -0.395342 -0.414040 -0.022609 -0.475783 -0.429157 -0.256005 -0.489185 -0.562044 -0.431579 -0.413156 -0.246832 -0.000571 0.314353 -0.063972 -0.040649 0.505345 0.513754 0.066640 -0.223553 0.222195 -0.326555 -0.140861 -0.162555 -0.315607 -0.316139 -0.449239 -0.494084 0.064366 -0.416496 -0.310550 -0.545766 -0.423139 -0.416937 -0.193627 -0.261871 0.092969 -0.130036 0.091970 -0.477351 0.100698 -0.102730 -0.202508 -0.221876
-0.023316 -0.326115 -0.010781 -0.141515 0.760545 0.128085 -0.048820 0.040693 1.000000 0.838155 0.041060 -0.011671 0.506344 0.108122 0.444489 0.482289 0.071208 0.030646 -0.102382 -0.246733 -0.252896 -0.193993 -0.017921 -0.235233 0.064492 -0.258075 -0.366256 -0.295943 0.085175 0.001892 -0.422555 -0.294337 -0.211560 -0.096647 -0.061734 -0.184704 -0.174490 -0.295053 -0.288134 -0.326570 -0.219797 -0.220336 -0.001683 0.034642 -0.191443 -0.118401 -0.104972 0.006588 0.129292 0.212527 0.030269 -0.013682 0.212988 -0.030885 -0.550881 -0.143304 -0.092434 0.030496 0.235412 0.104085 0.390950 0.146731 0.039076 0.078259 0.351958 0.182150 0.024353 -0.194001 -0.142330 0.062331 -0.376476 -0.256662 -0.096199 -0.451179 -0.113067 -0.294336 -0.171203 -0.210185 -0.202512 -0.005415 -0.082827 0.026158 -0.185136 -0.302636 0.015680 -0.028469 -0.294051 -0.432575 0.309188 0.058047 -0.193887 0.118669 0.080496 0.299716 -0.360258 -0.135911 -0.497802 -0.394937 -0.438671 -0.150235 -0.305468 0.062695 -0.345109 -0.008041 0.006397 0.110476 -0.147110 -0.141211 -0.119026 -0.212357 -0.432438 -0.297667 -0.073503 -0.096987 -0.264780 -0.266361
-0.040591 -0.091715 -0.008566 -0.060896 0.761589 0.338948 -0.004007 0.066832 0.838155 1.000000 0.171270 0.087072 0.489693 0.245569 0.314224 0.560738 -0.149050 -0.097719 -0.007104 -0.189850 -0.228332 -0.123619 -0.167643 -0.317738 0.034086 -0.301310 -0.227853 -0.337797 0.112817 0.006739 -0.339704 -0.280280 -0.193313 -0.131873 -0.082452 -0.140786 -0.144123 -0.153049 -0.444415 -0.251659 -0.227495 -0.175774 0.040493 -0.011068 -0.099037 0.016234 0.133010 0.039849 0.188302 0.314628 -0.031821 0.028212 0.301678 -0.098282 -0.500491 -0.167319 -0.170434 -0.093485 0.146229 0.149196 0.425586 0.260168 -0.041164 -0.084549 0.240747 0.287874 -0.096891 -0.137504 -0.242309 -0.052898 -0.167135 -0.087279 -0.056017 -0.291758 -0.026876 -0.186913 -0.205369 -0.205124 -0.399492 -0.140557 -0.201124 -0.051706 -0.333055 -0.266285 -0.096462 -0.091297 -0.309669 -0.445735 0.141334 0.037639 -0.101227 -0.069346 0.133067 0.138983 -0.382001 -0.269623 -0.503658 -0.396639 -0.329849 -0.209613 -0.212845 -0.094454 -0.313242 -0.067229 0.040375 0.074311 -0.239825 -0.168057 -0.203581 -0.155047 -0.444669 -0.228059 -0.013105 -0.011493 -0.258706 -0.166174
0.646421 0.191149 0.248256 -0.310946 0.228691 -0.202785 0.584598 -0.231514 0.041060 0.171270 1.000000 0.067047 0.365057 0.122477 0.377382 0.051845 -0.007177 0.045745 0.559620 0.587121 -0.240278 -0.037902 -0.099861 -0.260549 -0.519044 -0.617283 -0.243894 -0.425305 0.538858 -0.144045 -0.047765 -0.131128 0.210894 0.032838 0.002507 -0.497526 0.173201 -0.349607 -0.413694 -0.414912 -0.134544 -0.082510 -0.158148 -0.100290 -0.040159 -0.004280 0.118300 -0.129566 -0.262059 0.067822 -0.422006 -0.232061 -0.058885 -0.174981 -0.223941 -0.218598 -0.019501 0.110615 -0.038771 -0.097412 -0.087542 0.000019 0.191798 -0.115874 -0.134167 -0.212423 -0.295488 -0.303428 0.154795 -0.140397 0.207484 0.129270 0.147316 0.106132 0.054108 0.206107 0.247468 0.180881 -0.096916 -0.198072 0.132391 -0.021433 0.480096 0.334720 0.383153 0.021294 -0.243466 -0.131443 -0.135525 -0.147740 -0.110697 0.085639 -0.023049 0.070872 -0.189426 -0.269443 -0.179338 -0.110567 -0.084896 0.028937 0.007889 0.038510 0.072961 0.094573 0.277301 0.264243 -0.025844 -0.000830 -0.035139 0.095676 -0.229455 0.131021 -0.158738 0.201976 0.218989 0.044730
-0.111401 0.488358 -0.253364 0.210734 -0.216092 -0.023601 0.025562 0.319430 -0.011671 0.087072 0.067047 1.000000 0.295784 0.686443 -0.091729 0.449841 -0.170447 0.057311 -0.135424 -0.070517 -0.029756 0.017081 -0.230958 0.079823 0.037030 0.026665 -0.112253 0.036581 0.113545 0.446294 0.204636 0.184575 0.089689 0.336692 0.158624 0.086322 0.086713 0.173771 -0.149311 0.125224 0.109852 -0.135353 0.284508 -0.020963 0.241900 0.156227 0.356190 -0.336521 0.306198 0.009242 0.212766 -0.135964 0.190303 -0.345176 -0.206632 -0.329160 -0.220028 -0.485099 -0.164065 -0.076638 0.246657 0.080311 -0.052631 -0.161547 -0.158938 0.227080 -0.063342 0.040689 -0.225588 -0.301884 -0.122470 0.270856 0.128771 -0.079016 -0.160043 0.050764 -0.116545 -0.015761 -0.180975 -0.091773 -0.213362 0.165098 -0.224484 0.372935 -0.127842 0.155932 -0.216263 -0.221988 -0.172534 -0.151648 -0.351712 -0.435576 0.012812 -0.272631 -0.232072 -0.180578 -0.408424 -0.273918 -0.283593 -0.426057 -0.133134 -0.251293 -0.184831 -0.133205 -0.145068 -0.099337 -0.203368 -0.128656 -0.106085 -0.317269 -0.241359 -0.233667 0.116396 0.183290 -0.158377 -0.042576
0.147542 0.027765 0.048419 -0.024989 0.385387 0.132150 0.265396 0.211913 0.506344 0.489693 0.365057 0.295784 1.000000 0.631129 0.495688 0.557117 0.001648 0.022419 0.016638 -0.191139 -0.041821 -0.053283 -0.155526 -0.174927 -0.193233 -0.349133 -0.172692 -0.243512 0.139708 0.142179 -0.297466 -0.264243 -0.078993 0.053379 -0.068143 -0.126135 -0.033907 -0.303642 -0.122620 -0.541320 -0.050656 -0.267517 -0.079686 -0.051647 -0.109261 -0.081957 0.069984 -0.277045 0.286600 0.095917 0.000385 0.063343 0.281261 -0.027171 -0.212438 -0.269264 -0.305435 -0.187224 0.111033 -0.099170 0.688633 0.367939 0.133680 -0.013293 0.240154 0.266649 -0.071918 -0.130643 -0.213075 -0.002384 -0.290228 -0.149325 -0.012962 -0.252715 -0.188519 0.071217 -0.156975 -0.098552 -0.362137 -0.225505 -0.234609 -0.007396 -0.158298 0.051234 -0.019282 -0.008883 -0.423315 -0.506633 0.367299 0.196082 -0.138660 -0.075694 0.168780 -0.159782 -0.490376 -0.468979 -0.569273 -0.457075 -0.439956 -0.222565 -0.146843 -0.298162 -0.173607 -0.287532 -0.072833 -0.107471 -0.160340 -0.287833 -0.069858 -0.520182 -0.430816 -0.308919 -0.051409 -0.033276 -0.184887 -0.308929
0.050690 0.481522 -0.104147 0.138479 0.020494 0.022305 0.144776 0.400442 0.108122 0.245569 0.122477 0.686443 0.631129 1.000000 0.008093 0.475888 -0.075077 0.018897 -0.233819 -0.180744 0.039928 -0.106851 -0.387836 -0.206544 -0.204830 -0.135290 -0.141606 -0.199899 0.059911 0.306516 -0.039611 -0.082885 -0.024713 0.221857 -0.110242 0.002599 -0.019721 -0.027228 -0.046042 -0.122431 0.047873 -0.112322 0.115076 0.099007 0.194056 0.202380 0.285662 -0.247952 0.379356 0.141429 0.088526 0.168890 0.199906 -0.173484 -0.057922 -0.310207 -0.179382 -0.336385 0.081540 -0.030602 0.600423 0.507193 0.039993 -0.101182 -0.127670 0.429074 -0.120435 -0.063844 -0.215357 -0.136077 -0.205516 -0.038631 0.017229 -0.133394 -0.206169 0.106871 -0.201574 -0.086032 -0.318640 -0.173330 -0.137362 0.152865 -0.349284 0.266856 -0.385382 -0.091658 -0.290153 -0.448761 0.080698 0.145120 -0.222340 -0.377304 0.006475 -0.314590 -0.381201 -0.450467 -0.422239 -0.368916 -0.331640 -0.369966 -0.097217 -0.308793 -0.143464 -0.251986 -0.137151 -0.250545 -0.129766 -0.245476 -0.124514 -0.484803 -0.292050 -0.266298 0.094820 0.096468 -0.253381 -0.121289
0.199278 -0.337147 0.307744 -0.099208 0.409946 -0.085442 0.236801 -0.048376 0.444489 0.314224 0.377382 -0.091729 0.495688 0.008093 1.000000 0.399499 0.006435 -0.118268 0.504436 0.176972 -0.341811 -0.071558 0.319512 0.122089 -0.009642 -0.396273 -0.173664 -0.071798 0.175645 -0.262896 -0.182016 0.045603 -0.059982 -0.143798 -0.167783 -0.317482 -0.221094 -0.583672 -0.185622 -0.581425 -0.263138 -0.379181 -0.196978 -0.232944 -0.229454 -0.239803 -0.201843 -0.182655 -0.155881 0.047763 -0.203744 -0.216695 -0.144219 -0.136188 -0.411582 -0.308364 -0.335543 0.072352 -0.159463 -0.149768 0.021990 -0.036345 0.019407 -0.131468 0.547163 -0.142790 -0.243748 -0.303258 0.023319 0.028009 -0.194876 -0.171702 -0.173520 -0.333611 -0.174343 -0.173274 -0.137162 -0.211187 -0.128690 -0.179910 -0.209059 -0.028599 0.407329 0.037263 0.568858 0.173198 -0.363419 -0.355523 0.407834 -0.157937 0.054647 0.340703 0.131408 0.254482 -0.151636 -0.134189 -0.166537 -0.260102 -0.167631 0.148952 -0.165428 0.126232 -0.044786 0.109466 0.085532 0.208091 0.042730 0.064411 0.080025 -0.275115 -0.144439 0.041028 0.024929 0.010452 0.244322 -0.101095
-0.118002 0.113512 0.140087 0.454544 0.393810 0.411701 0.142848 0.558504 0.482289 0.560738 0.051845 0.449841 0.557117 0.475888 0.399499 1.000000 -0.398885 -0.411479 0.143083 -0.222870 0.047056 0.063023 0.106149 0.197086 0.182008 -0.028301 0.050368 0.140668 -0.121780 -0.048042 0.038415 0.216705 -0.272290 -0.111708 -0.116359 -0.000051 -0.025874 -0.252040 -0.191181 -0.343280 -0.121561 -0.487276 0.021860 -0.112729 -0.170931 -0.149942 0.269971 -0.279123 0.330213 0.104919 0.245648 0.054917 0.297144 -0.191914 -0.308334 -0.338786 -0.428083 -0.491400 -0.134280 -0.278761 0.350391 0.126337 -0.309599 -0.430047 0.423246 0.425587 -0.217172 -0.255593 -0.447996 -0.243770 -0.071617 0.043107 -0.208545 -0.435907 -0.254596 -0.076672 -0.363839 -0.345680 -0.489409 -0.369449 -0.579509 -0.255950 -0.327987 -0.072145 0.010365 0.149007 -0.314250 -0.329559 0.368343 0.237871 0.024341 -0.139722 0.346698 -0.068907 -0.335502 -0.293591 -0.490322 -0.468890 -0.410978 -0.342939 -0.061572 -0.289408 -0.283385 -0.292215 -0.206792 -0.123153 -0.300638 -0.300588 -0.049852 -0.421375 -0.255856 -0.379783 0.158821 0.048561 -0.262709 -0.284197
0.106062 -0.139075 -0.362166 -0.494058 -0.201297 -0.458457 -0.295911 -0.570536 0.071208 -0.149050 -0.007177 -0.170447 0.001648 -0.075077 0.006435 -0.398885 1.000000 0.789846 -0.298631 0.195680 -0.330518 -0.356104 -0.002291 -0.166752 0.042432 0.032484 -0.388472 -0.199004 0.299420 0.334523 -0.248548 -0.340582 0.114861 0.175178 -0.175302 -0.358246 0.245575 0.056850 0.080599 0.100136 0.309838 0.387485 -0.265035 -0.054892 -0.229027 -0.280118 -0.213699 0.049161 -0.282548 -0.074210 -0.231252 -0.004335 -0.100979 0.265605 -0.067729 0.266785 0.644983 0.645797 0.302774 0.247242 0.012927 -0.087384 0.683069 0.687093 -0.417902 -0.495350 0.144897 -0.129468 0.595355 0.492027 -0.253493 -0.286641 0.321052 0.199872 0.311340 -0.119901 0.299899 0.189939 0.552532 0.623938 0.662905 0.603897 0.315745 0.206184 -0.246788 -0.326747 0.091390 -0.093675 -0.227077 -0.229083 -0.200044 0.253045 -0.243571 0.271587 -0.124035 0.083193 0.111712 0.208571 0.092844 0.345949 -0.338751 0.300042 -0.075265 0.228263 -0.036680 -0.020400 0.109280 0.016478 0.088881 -0.140580 -0.045097 0.180944 -0.084579 0.015641 -0.064384 -0.155613
0.007024 0.007800 -0.432530 -0.675429 -0.272807 -0.498854 -0.265827 -0.667011 0.030646 -0.097719 0.045745 0.057311 0.022419 0.018897 -0.118268 -0.411479 0.789846 1.000000 -0.355149 0.218610 -0.373310 -0.396047 -0.255544 -0.407783 -0.098742 -0.183872 -0.478583 -0.417030 0.419229 0.553115 -0.225670 -0.444380 0.340740 0.333494 -0.142433 -0.371831 0.156650 0.142345 -0.133201 0.143682 0.247656 0.396898 -0.200642 -0.130599 0.062679 -0.099524 -0.145164 -0.106954 -0.238109 -0.178822 -0.305902 -0.230120 -0.000058 0.080844 0.007622 0.246897 0.470942 0.535881 0.143398 0.467782 0.089793 -0.030512 0.825746 0.851614 -0.551343 -0.588299 0.189460 0.029309 0.541961 0.346226 -0.270662 -0.206082 0.474790 0.254560 0.284650 -0.006471 0.371346 0.378089 0.408599 0.664223 0.670079 0.732865 0.211648 0.411090 -0.268694 -0.338051 0.014465 -0.138920 -0.471344 -0.411602 -0.274481 0.142299 -0.292436 0.246962 -0.018001 0.098228 0.118783 0.290816 0.217741 0.321142 -0.250070 0.315273 0.057379 0.354240 0.190982 0.232668 0.167421 0.095283 -0.065078 -0.102504 -0.148451 0.328721 -0.023542 0.051180 -0.031663 0.057247
0.510060 -0.008461 0.439866 0.086719 0.135149 0.055308 0.455499 -0.068929 -0.102382 -0.007104 0.559620 -0.135424 0.016638 -0.233819 0.504436 0.143083 -0.298631 -0.355149 1.000000 0.519208 -0.086044 0.167938 0.342347 0.170591 -0.145687 -0.282755 0.225741 0.063565 0.211953 -0.334461 0.123685 0.196802 0.302255 -0.022860 0.042939 -0.278259 -0.167941 -0.377054 -0.231027 -0.311160 -0.147722 -0.238617 -0.155610 -0.315331 -0.136450 -0.254037 0.130016 -0.171298 -0.262267 0.022124 -0.229480 -0.312540 -0.130150 -0.234586 -0.190446 -0.094304 -0.246162 -0.111587 -0.166167 -0.257693 -0.339589 -0.340774 -0.200152 -0.429269 0.324307 -0.239077 -0.129186 -0.344978 0.135479 -0.290893 0.244327 0.180445 0.011909 0.076773 0.076643 0.084999 0.241924 0.029868 -0.092599 -0.164044 -0.258046 -0.373944 0.440351 0.018318 0.523677 -0.006924 -0.050798 0.074618 0.120562 -0.083999 0.080283 0.010158 0.163438 0.053888 0.029770 -0.039426 -0.017505 -0.081863 0.043736 0.014793 0.068035 0.031370 0.093792 0.085490 0.147306 0.178339 -0.033873 0.069735 -0.065383 0.165525 -0.065011 0.063289 -0.221154 0.111182 0.188680 0.010603
0.495694 0.171932 0.067717 -0.423871 -0.037334 -0.448993 0.343567 -0.505075 -0.246733 -0.189850 0.587121 -0.070517 -0.191139 -0.180744 0.176972 -0.222870 0.195680 0.218610 0.519208 1.000000 -0.288386 -0.115580 -0.141779 -0.136347 -0.421680 -0.443262 -0.158512 -0.302656 0.505364 -0.004481 0.092701 0.011530 0.418782 0.151572 -0.088574 -0.498522 0.154901 -0.160936 -0.320799 -0.089430 -0.012561 0.192941 -0.297385 -0.293384 0.034134 -0.111575 -0.006259 -0.183804 -0.663615 -0.032030 -0.660328 -0.392686 -0.282892 -0.144210 -0.234888 -0.004727 0.254057 0.389083 -0.076484 0.109220 -0.450004 -0.235672 0.297133 0.109933 -0.336314 -0.628972 -0.057632 -0.242088 0.614507 0.112983 0.314182 0.096585 0.247668 0.269661 0.252494 0.084556 0.350746 0.323213 0.127142 0.093118 0.279066 0.183878 0.562246 0.609278 0.115036 -0.061821 -0.061472 0.122432 -0.385017 -0.299584 -0.047973 0.334418 -0.156492 0.349635 0.054526 -0.007583 0.103247 0.246809 0.247047 0.367994 -0.060016 0.352955 0.178768 0.409686 0.312275 0.355506 0.080039 0.157194 -0.101228 0.281439 -0.058937 0.358736 -0.002612 0.258001 0.241708 0.140945
-0.035220 0.072172 0.189450 0.314445 -0.020668 0.492977 0.264728 0.406389 -0.252896 -0.228332 -0.240278 -0.029756 -0.041821 0.039928 -0.341811 0.047056 -0.330518 -0.373310 -0.086044 -0.288386 1.000000 0.578473 -0.071121 0.097186 -0.047904 0.306604 0.646336 0.336797 -0.367559 -0.092705 0.144227 0.083228 -0.078967 -0.091078 0.146587 0.378182 -0.054719 0.076161 0.392664 -0.021718 0.002735 -0.032218 -0.004150 0.113249 0.135032 0.209006 0.131164 0.115865 0.113491 0.100860 0.221284 0.323606 0.035181 0.181388 0.315962 0.127657 0.011333 -0.292033 0.055487 -0.334712 0.120396 -0.036534 -0.322662 -0.235092 0.059722 0.378949 -0.013752 0.033492 -0.266599 -0.140536 0.235263 0.123955 -0.119140 -0.116702 -0.253048 0.093905 -0.242216 -0.160282 -0.171844 -0.344570 -0.271926 -0.281990 -0.377531 -0.126468 -0.240891 0.134840 0.130388 0.314623 0.111552 0.399992 0.006034 -0.212165 0.207685 -0.321061 -0.024054 -0.062492 -0.101423 -0.017044 -0.080622 -0.144805 0.184766 -0.334114 -0.143134 -0.341836 -0.259327 -0.269468 -0.043764 -0.041158 0.085054 -0.090790 0.138022 -0.230904 0.074391 -0.179073 -0.197177 -0.187724
-0.037384 -0.191431 0.469789 0.394209 0.056225 0.371095 0.423343 0.288853 -0.193993 -0.123619 -0.037902 0.017081 -0.053283 -0.106851 -0.071558 0.063023 -0.356104 -0.396047 0.167938 -0.115580 0.578473 1.000000 0.274067 0.261476 0.170028 0.334539 0.635795 0.398384 -0.089016 -0.042794 0.413717 0.381139 -0.075433 -0.098061 0.182674 0.284353 0.007970 0.011699 0.239714 -0.045159 -0.117634 -0.175671 0.343090 0.023558 0.239161 0.249339 0.071877 -0.019045 0.045079 0.057231 0.158480 0.119274 -0.060184 -0.205756 -0.035259 -0.263513 -0.145343 -0.392304 -0.245959 -0.525212 -0.184158 -0.437582 -0.437414 -0.463736 0.192944 0.251168 -0.157819 -0.018060 -0.313744 -0.525036 0.274518 0.546190 0.068043 0.004010 -0.149364 0.073068 -0.259730 -0.245428 -0.018125 -0.281037 -0.492523 -0.279212 -0.151554 -0.189249 0.140236 0.223354 -0.021517 0.203733 0.006012 -0.004355 -0.063522 -0.080343 0.126253 -0.143961 -0.028779 -0.080256 -0.111342 -0.164004 -0.136025 -0.043586 0.209555 -0.221831 -0.155376 -0.121340 -0.200563 -0.189397 -0.152135 -0.050291 0.238143 -0.064270 0.361818 -0.085781 0.114744 -0.178372 0.057128 -0.294516
-0.085410 -0.325515 0.478486 0.414272 -0.079135 0.155173 0.043183 0.085265 -0.017921 -0.167643 -0.099861 -0.230958 -0.155526 -0.387836 0.319512 0.106149 -0.002291 -0.255544 0.342347 -0.141779 -0.071121 0.274067 1.000000 0.641344 0.584874 0.463225 0.206301 0.545089 -0.133673 -0.294045 0.281130 0.424164 -0.142640 -0.155776 -0.161046 0.005298 -0.026362 -0.239864 0.219481 -0.188889 -0.002082 -0.341472 0.081726 -0.051278 -0.316454 -0.377226 -0.097590 -0.033112 0.149830 0.002159 0.390673 0.105354 -0.095415 -0.032453 -0.005342 -0.175628 -0.126989 -0.147845 -0.405454 -0.534275 -0.457505 -0.565581 -0.283069 -0.346967 0.368112 -0.139247 -0.257071 -0.205002 -0.172553 -0.240412 0.061401 0.163015 -0.100191 0.010752 0.041084 -0.055034 0.017409 -0.187071 0.269345 -0.008971 -0.216667 -0.186367 0.289519 -0.398392 0.455347 0.123623 0.122212 0.079495 0.313215 -0.008640 0.150596 0.109711 0.122875 0.091391 0.136611 0.011774 0.180886 -0.262633 -0.152578 -0.051189 0.019379 0.043979 -0.121753 -0.078605 -0.263290 -0.192921 0.084468 0.085947 0.317184 -0.167291 0.422034 -0.031559 -0.225953 -0.272714 0.158211 -0.215251
-0.205776 -0.135796 0.132192 0.664838 -0.316983 0.129181 -0.106225 0.393183 -0.235233 -0.317738 -0.260549 0.079823 -0.174927 -0.206544 0.122089 0.197086 -0.166752 -0.407783 0.170591 -0.136347 0.097186 0.261476 0.641344 1.000000 0.579086 0.559149 0.357849 0.835097 -0.298146 -0.209672 0.295896 0.537695 -0.215859 -0.139154 0.068939 0.312618 0.065593 -0.065238 0.292959 0.127880 0.113726 -0.167228 0.043475 -0.039445 -0.311270 -0.349133 -0.067213 -0.096979 0.178050 -0.032143 0.402337 0.123515 -0.109249 0.004654 -0.024319 -0.148624 -0.235253 -0.356005 -0.276999 -0.518592 -0.317128 -0.402518 -0.464396 -0.461589 0.249560 0.067219 -0.077501 0.008066 -0.191515 -0.099105 0.068437 0.199675 -0.173435 -0.044969 -0.074292 -0.092196 -0.182563 -0.309817 0.133664 -0.256594 -0.332446 -0.176253 0.154392 -0.148387 0.283429 0.396386 0.148196 0.228848 0.331946 0.176284 0.211185 -0.006017 0.191629 -0.146513 0.089339 -0.025134 -0.044991 -0.165430 -0.130286 -0.092200 0.000659 -0.180057 -0.193648 -0.291303 -0.377280 -0.319519 -0.071014 -0.076730 0.123970 -0.096200 0.290560 -0.121126 -0.003402 -0.159941 0.027147 -0.146925
-0.492981 -0.197196 -0.118866 0.410910 -0.250581 0.315357 -0.505840 0.122456 0.064492 0.034086 -0.519044 0.037030 -0.193233 -0.204830 -0.009642 0.182008 0.042432 -0.098742 -0.145687 -0.421680 -0.047904 0.170028 0.584874 0.579086 1.000000 0.686129 0.163094 0.663171 -0.265543 -0.017882 0.213555 0.326248 -0.276571 -0.129308 0.023742 0.320718 -0.092779 0.130370 0.245927 0.227024 0.153084 -0.166064 0.192187 -0.028872 -0.185895 -0.220391 -0.019102 0.064393 0.369585 -0.012714 0.529728 0.114548 0.093721 -0.041075 -0.121581 -0.131900 -0.052511 -0.185044 -0.230935 -0.137152 -0.136013 -0.319452 -0.210565 -0.133350 0.180966 0.019114 0.046091 0.168614 -0.154809 -0.019927 0.034271 0.238293 -0.099541 -0.079890 0.077416 -0.260754 -0.178739 -0.189287 0.175226 0.085734 -0.239379 -0.020575 -0.125259 -0.377818 0.018193 0.006270 -0.005536 -0.108235 0.048738 -0.172398 0.083382 -0.123621 0.234187 -0.073112 0.037377 0.051820 0.163287 -0.213541 -0.098362 -0.103785 -0.008003 -0.160593 -0.150716 -0.131796 -0.215256 -0.247876 -0.156493 -0.116945 0.027582 -0.143429 0.272066 -0.091639 0.068310 -0.091382 -0.108722 -0.159410
-0.363613 0.016107 -0.038263 0.594476 -0.376473 0.281247 -0.423523 0.254500 -0.258075 -0.301310 -0.617283 0.026665 -0.349133 -0.135290 -0.396273 -0.028301 0.032484 -0.183872 -0.282755 -0.443262 0.306604 0.334539 0.463225 0.559149 0.686129 1.000000 0.334130 0.738100 -0.298286 0.130379 0.397450 0.461493 -0.160563 0.093749 -0.011981 0.516015 0.146212 0.344109 0.472243 0.414462 0.314621 0.110586 0.298172 0.175559 -0.210299 -0.119771 0.150811 0.191847 0.279753 0.073946 0.578870 0.412570 -0.009439 0.162637 0.194087 0.131620 0.245073 -0.176244 -0.140719 -0.388189 -0.207893 -0.397978 -0.326520 -0.234976 -0.029634 0.220930 -0.126034 -0.046237 -0.212192 -0.157510 0.073409 0.226375 0.081639 0.194746 0.233123 0.083838 -0.023943 0.009746 0.367494 0.191005 -0.120821 -0.069482 -0.186365 -0.341605 -0.219570 0.048544 0.439752 0.309351 -0.015223 0.126405 -0.055202 -0.326315 -0.134518 -0.292048 0.084321 0.083153 0.190367 -0.087521 -0.122960 -0.277662 -0.105047 -0.235560 -0.223467 -0.306049 -0.468373 -0.499073 -0.096757 -0.140311 0.167817 -0.037415 0.436853 -0.247516 -0.189138 -0.303847 -0.212364 -0.265584
-0.103043 -0.069513 0.352968 0.432022 -0.042727 0.596822 0.179766 0.330806 -0.366256 -0.227853 -0.243894 -0.112253 -0.172692 -0.141606 -0.173664 0.050368 -0.388472 -0.478583 0.225741 -0.158512 0.646336 0.635795 0.206301 0.357849 0.163094 0.334130 1.000000 0.548993 -0.392949 -0.156041 0.167366 0.219520 -0.094006 -0.115787 0.184156 0.386090 -0.159457 0.074924 0.422995 0.134003 -0.030754 -0.152153 -0.095906 -0.254386 0.041192 0.060837 -0.001553 -0.212889 0.116464 -0.049262 0.228427 0.108778 0.127167 -0.003785 0.288727 0.062993 -0.212550 -0.452619 -0.089000 -0.315514 -0.026342 -0.167429 -0.490595 -0.374968 0.317827 0.313229 0.047089 0.074128 -0.292539 -0.274871 0.312364 0.186552 -0.160043 -0.052489 -0.201100 -0.030931 -0.161718 -0.234813 -0.171668 -0.303707 -0.449365 -0.424714 -0.247427 -0.280028 -0.029645 0.060152 0.286601 0.453732 0.201776 0.326087 0.165234 -0.059847 0.332706 -0.181476 0.000848 0.010982 0.022754 0.050887 0.131380 0.023906 0.299717 -0.206526 -0.032175 -0.232522 -0.282037 -0.274853 -0.074577 0.028723 0.036180 0.054574 0.105797 -0.211564 0.076413 -0.052690 -0.000494 -0.176953
-0.233932 -0.049351 0.031049 0.650909 -0.389630 0.325355 -0.257453 0.380659 -0.295943 -0.337797 -0.425305 0.036581 -0.243512 -0.199899 -0.071798 0.140668 -0.199004 -0.417030 0.063565 -0.302656 0.336797 0.398384 0.545089 0.835097 0.663171 0.738100 0.548993 1.000000 -0.400319 -0.147690 0.338285 0.485119 -0.214228 -0.097165 0.193225 0.465995 -0.022460 0.055663 0.495169 0.277218 0.108439 -0.092867 0.124420 -0.041004 -0.259263 -0.267967 0.062789 -0.026460 0.282225 -0.038701 0.580425 0.216488 0.040314 0.060833 0.178026 0.008280 -0.120785 -0.358522 -0.278727 -0.462346 -0.264055 -0.378009 -0.506651 -0.407477 0.228194 0.172090 -0.109153 0.004447 -0.241739 -0.187764 0.130906 0.291117 -0.174972 0.022554 -0.032603 -0.042157 -0.117879 -0.174991 0.150558 -0.166282 -0.357310 -0.262456 -0.064937 -0.314330 0.163508 0.290043 0.291416 0.321111 0.285601 0.168267 0.186234 -0.190452 0.184026 -0.311428 0.071531 -0.012013 0.102254 -0.147035 -0.016858 -0.173478 0.084476 -0.320865 -0.104530 -0.349592 -0.342390 -0.352458 -0.061792 -0.098807 0.052599 -0.083809 0.275491 -0.174873 -0.029267 -0.277984 -0.106604 -0.118518
0.220670 0.001028 0.074416 -0.391298 0.157418 -0.431280 0.217562 -0.408363 0.085175 0.112817 0.538858 0.113545 0.139708 0.059911 0.175645 -0.121780 0.299420 0.419229 0.211953 0.505364 -0.367559 -0.089016 -0.133673 -0.298146 -0.265543 -0.298286 -0.392949 -0.400319 1.000000 0.497048 0.325297 0.162898 0.381817 0.463052 -0.093966 -0.273402 0.349910 0.032703 -0.380750 -0.192541 0.369256 0.343894 -0.104132 -0.059646 0.137095 0.089770 -0.043234 -0.085870 -0.476007 -0.235780 -0.519968 -0.398567 -0.278640 -0.362756 -0.416601 -0.236366 0.269420 0.169072 -0.053815 -0.008755 -0.131192 -0.254210 0.374745 0.168219 -0.285124 -0.373606 -0.146672 -0.176560 0.323719 -0.172908 0.137511 0.230402 0.788198 0.458218 0.581586 0.374229 0.569693 0.391945 0.456322 0.382931 0.454781 0.486648 0.481981 0.547780 0.147641 0.010774 -0.013704 -0.067077 -0.362692 -0.387377 -0.502089 -0.050863 -0.468180 0.010728 -0.207935 -0.167143 -0.106993 0.027118 -0.281110 -0.099110 -0.281392 -0.007796 -0.137591 0.012689 -0.021403 -0.023985 -0.144941 -0.224111 0.063239 0.121542 -0.065493 -0.010629 -0.322652 -0.013440 -0.055274 -0.173822
-0.194877 0.150402 -0.355241 -0.167755 -0.172732 -0.235677 -0.230012 -0.193615 0.001892 0.006739 -0.144045 0.446294 0.142179 0.306516 -0.262896 -0.048042 0.334523 0.553115 -0.334461 -0.004481 -0.092705 -0.042794 -0.294045 -0.209672 -0.017882 0.130379 -0.156041 -0.147690 0.497048 1.000000 0.262128 0.060077 0.345964 0.583100 0.015376 0.088226 0.258908 0.457809 -0.137416 0.231341 0.514781 0.457816 0.130344 -0.070177 0.212670 0.070974 0.163534 -0.240853 0.014541 -0.267678 -0.068528 -0.273698 0.116720 -0.218328 -0.077795 0.033982 0.255167 -0.025524 0.042492 0.199435 0.269004 -0.077767 0.415531 0.338811 -0.401034 -0.161337 0.139180 0.048407 0.188143 -0.061327 -0.162847 0.193572 0.753010 0.475826 0.485906 0.326473 0.383144 0.376800 0.309574 0.571331 0.252356 0.533194 -0.211558 0.400086 -0.406424 -0.123610 0.107456 -0.017235 -0.343324 -0.219648 -0.588693 -0.356745 -0.426677 -0.236319 -0.272042 -0.094202 -0.188816 0.073628 -0.216401 -0.260818 -0.380061 -0.113571 -0.247254 -0.051978 -0.295730 -0.186124 -0.200077 -0.289378 -0.071372 -0.171812 -0.262927 -0.256834 -0.227076 -0.036929 -0.376462 -0.235625
-0.255721 -0.009879 0.323799 0.365089 -0.226925 -0.027229 0.120532 0.234225 -0.422555 -0.339704 -0.047765 0.204636 -0.297466 -0.039611 -0.182016 0.038415 -0.248548 -0.225670 0.123685 0.092701 0.144227 0.413717 0.281130 0.295896 0.213555 0.397450 0.167366 0.338285 0.325297 0.262128 1.000000 0.866504 0.013605 0.214693 -0.022303 0.239693 0.372000 0.218683 -0.017235 -0.016045 0.302544 0.000904 0.223300 0.069486 0.180294 0.134170 0.117968 -0.096990 -0.061784 -0.353381 0.071057 -0.112223 -0.220417 -0.425904 -0.055021 -0.435473 -0.053619 -0.328960 -0.460963 -0.382094 -0.416493 -0.391667 -0.236652 -0.394933 -0.110608 -0.024826 -0.168700 0.047438 -0.162653 -0.424227 0.465792 0.580116 0.406859 0.356470 0.317706 0.418591 0.207051 0.135958 0.342057 0.092408 -0.056675 0.083976 0.094884 0.268203 0.189530 0.361531 0.072755 0.137840 -0.123589 -0.153043 -0.139843 -0.223808 -0.276596 -0.341632 0.055649 -0.068023 0.101658 -0.072737 -0.256918 -0.349542 -0.025770 -0.351620 -0.134627 -0.248103 -0.334141 -0.327702 -0.185425 -0.247724 0.251559 0.083466 0.420456 -0.149248 -0.109179 -0.115200 -0.065636 -0.141784
-0.301078 -0.131206 0.386852 0.544752 -0.132668 0.060547 0.090765 0.415718 -0.294337 -0.280280 -0.131128 0.184575 -0.264243 -0.082885 0.045603 0.216705 -0.340582 -0.444380 0.196802 0.011530 0.083228 0.381139 0.424164 0.537695 0.326248 0.461493 0.219520 0.485119 0.162898 0.060077 0.866504 1.000000 -0.126877 0.110193 0.029971 0.377098 0.257465 0.076404 0.005488 0.004159 0.158566 -0.099261 0.214281 0.047735 0.092749 0.111115 0.021348 -0.083197 -0.044893 -0.236625 0.131744 -0.065889 -0.261341 -0.390201 -0.162161 -0.443658 -0.188569 -0.445667 -0.440862 -0.528046 -0.439320 -0.416007 -0.436734 -0.591591 0.181056 0.127269 -0.237827 0.004822 -0.287806 -0.423355 0.341242 0.459982 0.180721 0.138956 0.157114 0.265273 -0.023515 -0.016950 0.255952 -0.079560 -0.269990 -0.083897 0.148570 0.150800 0.321368 0.512230 0.046330 0.165073 0.047014 -0.063098 -0.089851 -0.121697 -0.173922 -0.231325 0.049674 -0.017473 0.089377 -0.070614 -0.311774 -0.295057 -0.083194 -0.263125 -0.229351 -0.285509 -0.413812 -0.331156 -0.218485 -0.191679 0.276189 0.093934 0.444764 -0.202560 -0.026606 -0.100433 -0.028052 -0.214703
0.194220 0.219259 -0.040125 -0.299985 -0.232715 -0.245453 0.094749 -0.372543 -0.211560 -0.193313 0.210894 0.089689 -0.078993 -0.024713 -0.059982 -0.272290 0.114861 0.340740 0.302255 0.418782 -0.078967 -0.075433 -0.142640 -0.215859 -0.276571 -0.160563 -0.094006 -0.214228 0.381817 0.345964 0.013605 -0.126877 1.000000 0.755688 0.011631 -0.172949 -0.103218 0.038485 -0.022988 0.106195 0.081968 0.271641 -0.103505 -0.402420 0.123720 -0.171763 0.115369 -0.099965 -0.281007 -0.231394 -0.296149 -0.470179 -0.202452 -0.202091 0.166257 0.339605 0.118184 0.085691 -0.143340 0.116418 -0.130666 -0.283934 0.343675 0.238391 -0.233188 -0.426952 0.129695 -0.092584 0.395670 -0.183986 -0.181443 -0.066905 0.466771 0.472420 0.391833 0.212284 0.513497 0.457188 0.230729 0.384556 0.244742 0.216547 0.203081 0.329752 -0.049819 -0.279258 0.322934 0.193052 -0.306321 -0.179216 -0.391406 -0.259703 -0.342904 -0.060585 0.312397 0.166377 0.226834 0.356588 0.110634 -0.041503 -0.150196 0.192137 0.034675 0.219464 0.094625 0.193881 0.275766 0.274479 -0.154212 0.221504 -0.058060 0.070317 -0.421560 -0.144746 0.083813 0.236983
-0.058045 0.206169 -0.038046 -0.080779 -0.196782 -0.229732 -0.039067 -0.076152 -0.096647 -0.131873 0.032838 0.336692 0.053379 0.221857 -0.143798 -0.111708 0.175178 0.333494 -0.022860 0.151572 -0.091078 -0.098061 -0.155776 -0.139154 -0.129308 0.093749 -0.115787 -0.097165 0.463052 0.583100 0.214693 0.110193 0.755688 1.000000 0.025361 0.125333 0.029556 0.089302 0.149676 0.154462 0.259661 0.257126 -0.018724 -0.346238 0.081743 -0.019604 0.031684 -0.201057 -0.188085 -0.347643 -0.121512 -0.380899 -0.218261 -0.266388 0.012362 0.152030 0.129547 -0.096985 -0.171761 -0.043130 0.032487 -0.180664 0.169363 0.167509 -0.178588 -0.081592 0.039210 -0.088501 0.127815 -0.300342 -0.277236 -0.079599 0.519251 0.367363 0.387958 0.240959 0.461938 0.419727 0.435688 0.475252 0.270972 0.312980 0.094954 0.331668 -0.128059 -0.124991 0.418355 0.196091 -0.214586 -0.069027 -0.576070 -0.295782 -0.477212 -0.160767 0.126219 0.125142 0.116529 0.208927 -0.231924 -0.321858 -0.323529 0.024476 -0.205421 -0.030002 -0.248121 -0.120077 0.172454 0.105544 0.057069 0.167983 -0.007036 -0.281254 -0.491980 -0.216412 -0.030974 0.016069
0.036816 -0.105710 -0.250920 0.030707 -0.174100 0.120819 -0.033686 0.129296 -0.061734 -0.082452 0.002507 0.158624 -0.068143 -0.110242 -0.167783 -0.116359 -0.175302 -0.142433 0.042939 -0.088574 0.146587 0.182674 -0.161046 0.068939 0.023742 -0.011981 0.184156 0.193225 -0.093966 0.015376 -0.022303 0.029971 0.011631 0.025361 1.000000 0.477526 -0.023725 0.167059 0.084528 0.234306 -0.148741 0.062054 0.153861 -0.219488 0.331587 0.314242 -0.065206 -0.080591 0.112362 -0.198492 0.010546 -0.353674 0.115491 -0.262156 0.006904 0.090977 -0.237396 -0.326232 0.155699 0.015552 0.042657 -0.011679 -0.223503 -0.221309 0.075184 0.201000 0.338680 0.481948 -0.101115 -0.126720 -0.020561 0.269675 -0.092895 -0.034449 -0.130064 -0.037946 -0.001688 0.036070 -0.145265 -0.203618 -0.303744 -0.353914 -0.051475 -0.082922 0.204939 0.211602 -0.063621 0.159294 0.022252 -0.009622 -0.121709 -0.114396 0.164895 -0.130773 0.066928 0.230166 -0.065959 0.142511 0.040897 -0.118719 0.102733 -0.044151 0.007017 -0.050399 0.096125 0.136424 -0.037820 0.021285 0.006561 0.228956 -0.120399 -0.073247 0.048821 0.044453 -0.021408 0.020271
-0.500752 -0.129646 -0.021608 0.508528 -0.166065 0.418088 -0.184664 0.486011 -0.184704 -0.140786 -0.497526 0.086322 -0.126135 0.002599 -0.317482 -0.000051 -0.358246 -0.371831 -0.278259 -0.498522 0.378182 0.284353 0.005298 0.312618 0.320718 0.516015 0.386090 0.465995 -0.273402 0.088226 0.239693 0.377098 -0.172949 0.125333 0.477526 1.000000 -0.122316 0.276129 0.407780 0.264953 0.050962 0.084458 0.207786 0.044301 0.259096 0.361847 -0.136198 0.078779 0.333614 -0.098172 0.291776 0.075666 -0.087551 -0.091226 0.199005 0.042212 -0.297306 -0.546981 -0.154926 -0.319717 0.061963 -0.023541 -0.499281 -0.416169 0.247301 0.528388 0.092946 0.439443 -0.469418 -0.222293 -0.009776 0.129287 -0.094962 0.006186 -0.057846 0.107951 -0.222387 0.012892 0.012826 -0.161091 -0.352647 -0.304141 -0.293238 -0.218919 -0.068741 0.284606 0.222591 0.361282 0.140725 0.291413 -0.018486 -0.165864 0.007891 -0.328581 0.099772 0.136167 0.079716 0.128456 -0.176770 -0.232104 0.081844 -0.251245 -0.128987 -0.343371 -0.326500 -0.329809 -0.050861 -0.057370 0.171267 0.051262 0.272775 -0.323008 0.011680 -0.305040 -0.179284 -0.075172
