1.000000 0.583350 0.289144 0.112735 -0.215094 0.046702 0.203985 -0.126999 -0.090711 -0.103974 0.455442 -0.162769 0.441349 -0.169286 0.238858 -0.074431 0.186271 0.067820 0.428439 0.002923 -0.049733 0.073215 0.318230 -0.065748 -0.013629 -0.024346 0.097572 0.030179 0.081343 0.030250 0.260634 -0.017720 0.200330 0.214671 -0.043624 -0.151236 -0.073977 -0.090101 -0.005157 -0.087436 -0.124904 0.011558 -0.003462 -0.004345 -0.155879 -0.242801 0.117947 -0.033717 0.099483 0.076428 -0.005899 -0.002341 0.124288 0.080211 -0.073685 0.097672 0.295012 0.252342 0.434550 0.132182 0.043497 -0.002813 0.017667 0.111511 0.097152 -0.027767 0.193353 -0.373193 0.270836 -0.124959 -0.012502 0.199327 0.361225 0.004083 0.131846 0.197749 0.065230 0.045504 0.220021 0.094211 -0.023434 -0.033897 0.012479 -0.293376 0.356498 -0.137973 0.118465 -0.151278 0.302144 0.014648 -0.492499 -0.311604 -0.354255 -0.177227 -0.071560 0.124552 -0.010675 -0.047633 -0.156092 -0.177125 -0.348048 -0.094794 -0.376637 -0.165921 -0.297637 -0.075845 -0.237931 -0.089325 0.043423 0.001817 -0.149870 -0.078557 -0.119687 0.133252 -0.039006 -0.133189
0.583350 1.000000 0.080516 0.150912 -0.182477 0.044729 0.083837 -0.068471 -0.214656 -0.186006 0.324734 0.228290 0.321768 0.052807 0.005556 -0.070371 0.411787 0.265875 0.233251 -0.091977 -0.217501 -0.160828 0.047059 -0.217914 -0.149323 -0.096241 -0.036459 -0.026511 0.099159 0.197755 -0.122867 -0.251478 0.372835 0.219051 -0.421009 -0.450145 -0.237183 -0.146638 -0.091990 -0.087397 -0.091940 -0.089672 -0.020286 0.028541 -0.127598 -0.287725 0.251688 0.013401 0.160056 0.210798 -0.055006 0.167176 0.237773 0.209196 -0.072895 0.195612 0.395978 0.554606 0.404427 0.376374 0.188608 0.358772 0.294547 0.469400 -0.262390 0.006607 0.219735 -0.459064 0.459957 0.190526 -0.045245 0.056063 0.418798 -0.091771 -0.055423 0.046298 -0.165403 -0.110942 0.240242 0.224360 0.258781 0.190925 0.076284 -0.151630 0.149565 -0.049498 -0.007209 -0.031817 -0.037179 -0.019416 -0.473880 -0.513689 -0.472320 -0.439215 -0.050526 -0.097236 0.032458 -0.045888 0.033622 -0.250035 -0.423238 -0.243888 -0.365843 -0.349849 -0.369982 -0.140527 -0.303692 -0.017521 -0.037824 -0.097076 -0.205887 -0.165352 -0.213522 -0.086706 0.044557 -0.172082
0.289144 0.080516 1.000000 0.486926 -0.076329 0.009173 0.794851 0.477370 0.300973 0.135221 0.264876 0.059638 0.456888 0.204154 0.244562 0.111993 -0.244501 -0.321221 0.594189 0.172341 0.323274 0.179813 0.582507 0.544502 -0.115608 0.264727 0.043184 0.160830 0.070342 -0.168409 0.444247 0.385261 0.094790 0.041459 0.053332 -0.132751 -0.079330 -0.066160 0.026289 -0.228926 -0.143975 0.226371 -0.239181 -0.207231 -0.298837 -0.352235 -0.183510 -0.357546 -0.068852 -0.175201 -0.055166 -0.135066 -0.133056 -0.364910 -0.051717 -0.023066 -0.239745 -0.329802 -0.183381 -0.231314 0.063205 -0.123274 -0.200594 -0.360664 0.430630 0.282431 -0.160178 -0.170797 -0.128327 -0.396527 -0.081541 0.191322 0.036116 0.228204 0.342136 0.266216 0.129212 -0.002173 -0.146214 -0.332577 -0.313909 -0.272044 -0.005132 -0.100681 0.135907 -0.114702 0.004533 -0.205472 0.422320 -0.151678 -0.124575 0.002962 0.146692 0.111716 -0.013781 0.149676 -0.129723 0.007990 -0.090328 0.024899 0.036445 0.035495 -0.119792 0.006406 -0.077608 0.118089 -0.176101 -0.027184 -0.157683 -0.111488 -0.099377 0.067290 0.044907 0.198467 0.020514 -0.199396
0.112735 0.150912 0.486926 1.000000 -0.067714 0.147827 0.385608 0.570166 0.030264 0.162429 0.152437 0.215752 0.352429 0.248277 0.040504 0.312736 -0.019750 -0.170351 0.412522 0.153356 0.430648 0.173882 0.519630 0.528830 0.015526 0.112553 0.199403 0.195635 0.100781 -0.095039 0.209195 0.466484 0.413124 0.225744 0.031042 -0.357701 0.016272 0.200021 0.142409 0.042769 0.002738 0.063031 -0.431111 -0.372705 -0.384125 -0.441381 -0.257357 -0.424063 -0.343029 -0.325035 -0.227810 -0.264703 -0.099152 -0.312200 0.099816 -0.113067 -0.144061 -0.223397 -0.379444 -0.307252 0.002239 -0.056960 0.099026 -0.199928 0.083253 0.196753 -0.331947 -0.205102 0.024883 -0.156834 -0.188028 0.443149 0.070869 -0.007654 0.112978 0.090310 -0.075724 0.191149 0.019429 -0.210305 -0.109985 -0.125608 -0.045507 0.113401 0.011997 0.085503 0.140003 0.208783 0.209202 -0.180533 -0.048816 -0.161324 0.072585 -0.182250 -0.058101 0.190207 -0.145418 0.133483 -0.205799 -0.025846 -0.082604 -0.157259 -0.040401 -0.122198 -0.036791 0.089487 -0.085246 -0.055036 -0.004766 0.080140 -0.056197 -0.016998 0.025047 0.221534 0.052890 -0.180456
-0.215094 -0.182477 -0.076329 -0.067714 1.000000 0.005960 -0.305344 -0.018811 -0.044761 0.296720 -0.088692 -0.132446 -0.211205 -0.146366 0.073842 0.117132 -0.223571 -0.143781 -0.045302 0.208516 0.147992 0.022732 -0.046681 0.007799 -0.046310 -0.018863 0.250933 -0.140185 -0.129058 -0.149306 -0.007459 -0.017934 0.010539 0.070688 0.242186 0.029277 0.028815 0.090145 0.206158 0.131515 -0.052677 -0.196477 0.080906 -0.069095 0.211494 0.121865 -0.012721 -0.063928 0.157561 -0.004152 0.041033 0.008884 0.018518 0.083602 0.102002 -0.250377 -0.183156 -0.116547 0.070278 0.031208 -0.087499 -0.040945 -0.171959 -0.079429 -0.128809 -0.173185 0.106584 0.268513 -0.088702 0.123888 0.279255 0.252501 -0.143766 -0.063769 -0.220228 -0.086956 -0.092594 0.235082 -0.012810 -0.153461 -0.248127 -0.137154 -0.190328 -0.074071 -0.401863 -0.254077 -0.285622 -0.219155 -0.148853 -0.049050 0.235777 0.288285 0.039074 0.003706 -0.250221 -0.019396 -0.098704 -0.030263 -0.020309 -0.113602 -0.024547 0.040305 0.087084 0.042100 0.003131 0.036262 -0.083869 -0.116991 -0.029904 0.003176 0.147123 0.048726 -0.095783 -0.027309 -0.154932 -0.173002
0.046702 0.044729 0.009173 0.147827 0.005960 1.000000 -0.071917 -0.071380 0.112839 0.225883 0.184935 0.063724 0.263570 -0.033525 0.202335 0.093817 0.027006 -0.049692 -0.108134 -0.187299 -0.145342 -0.051929 0.352496 0.120581 0.538153 0.211009 0.328166 0.338499 -0.053858 -0.139761 -0.070568 -0.170382 -0.074303 -0.022114 -0.099948 -0.020333 -0.050246 -0.072085 0.075728 0.053372 -0.010423 0.010816 0.126161 0.111954 -0.041711 -0.064842 0.092721 0.097301 0.180058 0.251681 0.402811 0.168530 0.192575 0.240654 0.288642 0.098988 0.079283 0.158538 0.174224 0.167797 -0.026412 0.048716 0.085777 0.031454 -0.098398 0.147488 0.022240 -0.119026 0.042120 -0.010398 -0.203638 -0.261619 0.048772 -0.378184 -0.252527 -0.160419 -0.352189 -0.367832 0.101784 0.062045 0.115769 0.080040 0.094302 -0.021892 0.281834 0.251053 0.179607 0.397348 0.194552 0.259349 -0.231631 -0.428346 -0.232384 -0.297385 -0.045335 0.009778 -0.024294 -0.258011 -0.206287 -0.277818 -0.139681 -0.248832 -0.283277 -0.346007 -0.243544 -0.095557 -0.278676 -0.262435 -0.048420 -0.049967 -0.198442 -0.193684 -0.199938 -0.236783 -0.131742 -0.107347
0.203985 0.083837 0.794851 0.385608 -0.305344 -0.071917 1.000000 0.562390 0.524084 0.107774 0.276217 0.249459 0.542994 0.484960 0.339408 0.286233 -0.181693 -0.240381 0.414579 -0.024392 0.183668 0.094143 0.496932 0.524308 -0.156959 0.168127 -0.074306 0.219598 0.159897 -0.117489 0.318748 0.392020 0.023605 -0.110458 -0.008503 -0.180257 -0.043852 -0.069695 -0.020159 -0.221983 -0.058330 0.197841 -0.262784 -0.164770 -0.342090 -0.353434 -0.251285 -0.332344 -0.243015 -0.262505 -0.040452 -0.217098 -0.238735 -0.434309 -0.076319 -0.029769 -0.303979 -0.400555 -0.351476 -0.372449 0.203460 -0.065168 -0.124916 -0.278804 0.643543 0.450963 -0.365569 -0.260133 -0.201402 -0.504800 -0.193658 0.072016 -0.001361 0.249575 0.353504 0.237972 0.150808 -0.153036 -0.252714 -0.354545 -0.244537 -0.227856 0.082159 0.006067 0.180276 -0.006709 -0.068402 -0.120951 0.488810 -0.142439 -0.085738 0.011253 0.245495 0.216110 0.075683 0.123945 -0.211265 0.078675 -0.017921 0.080076 0.074005 0.082514 -0.082341 0.038521 -0.050154 0.163222 -0.097617 0.027142 -0.209733 -0.143537 -0.128848 0.144697 0.174763 0.247861 0.155353 -0.084491
-0.126999 -0.068471 0.477370 0.570166 -0.018811 -0.071380 0.562390 1.000000 0.377422 0.417995 0.124307 0.387980 0.369623 0.728583 0.055432 0.510351 -0.048914 -0.102995 0.093900 0.026572 0.360355 0.134045 0.176726 0.447800 -0.148674 0.101041 -0.025091 0.119017 0.168588 0.126550 0.118544 0.508986 0.222871 0.147438 -0.033290 -0.087529 0.055399 0.071067 0.076207 0.068731 0.064129 0.110436 -0.353749 -0.270884 -0.421735 -0.355926 -0.365215 -0.418548 -0.360108 -0.480112 -0.286314 -0.346469 -0.244850 -0.512964 -0.045144 -0.271563 -0.375759 -0.495154 -0.539949 -0.467729 0.246967 0.165603 0.024789 -0.249047 0.372035 0.623780 -0.520916 -0.196422 -0.337751 -0.400695 -0.169640 0.187182 -0.020433 0.144067 0.167976 0.206565 0.103772 0.130316 -0.192058 -0.224130 -0.136475 -0.139646 0.088957 0.294968 -0.213581 0.019309 -0.139827 0.053206 0.333861 -0.268388 0.135806 0.050889 0.396442 0.100348 0.030719 0.214899 -0.266090 0.044618 -0.092932 0.044828 0.236074 0.033790 0.095630 -0.017311 0.028980 0.177190 -0.041337 0.037084 -0.062944 0.105314 -0.086656 -0.022340 0.132344 0.234005 0.209587 0.094055
-0.090711 -0.214656 0.300973 0.030264 -0.044761 0.112839 0.524084 0.377422 1.000000 0.422018 0.084988 0.113603 0.186032 0.383211 0.453447 0.273298 -0.144178 -0.233966 0.041995 -0.047257 -0.071787 -0.074927 0.194636 0.338135 0.093708 -0.047322 0.001047 0.216897 -0.042349 -0.151586 -0.043797 -0.001362 -0.185728 -0.108514 -0.006009 0.068947 -0.078291 -0.260619 -0.072637 -0.266801 -0.089494 -0.113693 0.124009 0.125375 -0.030036 -0.016072 -0.092432 0.009812 0.038104 -0.067675 0.213590 -0.072405 -0.280608 -0.245102 0.003772 -0.154609 -0.113302 -0.241457 -0.118268 -0.188581 0.215497 0.002363 -0.188179 -0.181045 0.559711 0.424023 -0.183657 -0.052919 -0.139041 -0.205128 -0.076770 -0.247570 -0.125375 0.020720 0.113941 0.078453 0.055437 -0.326482 -0.279078 -0.252935 -0.158954 -0.199615 0.053117 0.014675 0.060286 0.003879 -0.218945 -0.146611 0.331236 0.058134 -0.054188 0.025870 0.256404 0.189164 0.006907 -0.059978 -0.188193 -0.229168 -0.175326 -0.089060 0.114751 0.031553 -0.070035 -0.062265 -0.090200 -0.050284 0.011851 0.033867 -0.198847 -0.157285 -0.194453 -0.120443 -0.109337 -0.085398 0.018931 0.005663
-0.103974 -0.186006 0.135221 0.162429 0.296720 0.225883 0.107774 0.417995 0.422018 1.000000 -0.053628 0.071287 0.249446 0.225024 0.017410 0.390411 -0.165824 -0.217609 -0.075541 -0.087249 0.173897 -0.250949 0.152587 0.240990 0.131142 -0.246572 0.254356 0.025304 -0.321695 -0.185381 -0.032078 -0.045922 -0.099946 -0.122816 0.038845 0.061378 -0.140599 -0.014881 -0.027255 0.013514 -0.271388 -0.235732 0.111348 0.057647 -0.012189 0.034472 -0.025088 0.003501 0.174938 0.032918 0.185899 -0.015448 0.065869 -0.088407 -0.041204 -0.201759 -0.276957 -0.260756 -0.023287 -0.001179 0.028829 0.061918 -0.211250 -0.234080 0.254531 0.504750 -0.073703 0.132241 -0.223785 -0.080952 0.016895 -0.081975 -0.326196 -0.137734 -0.094299 0.043061 -0.129542 -0.118988 -0.191223 -0.300657 -0.356935 -0.348636 -0.296208 -0.212024 -0.030022 -0.026835 -0.022205 -0.028734 0.240496 0.172342 0.185760 0.051102 0.319506 0.138278 -0.112774 0.215487 -0.171614 -0.133593 0.005228 -0.026968 0.253121 0.120333 0.082791 0.018879 -0.016060 0.070299 -0.105068 -0.155215 -0.026236 0.032137 -0.115003 -0.057553 -0.062998 0.148767 -0.188941 -0.069407
0.455442 0.324734 0.264876 0.152437 -0.088692 0.184935 0.276217 0.124307 0.084988 -0.053628 1.000000 0.348292 0.637220 0.197995 0.407053 0.190278 0.189672 0.069444 0.027045 -0.207443 -0.083771 0.102719 0.312251 0.059303 0.036074 0.146537 -0.006618 0.260931 0.382050 0.149475 0.169985 0.148357 0.154328 0.116459 0.057056 -0.049540 0.113115 0.163190 0.356851 0.234894 0.208595 0.016778 -0.035152 0.039713 -0.076846 -0.200395 0.067482 -0.064497 0.028307 -0.024612 0.130536 -0.014992 0.107806 0.020146 0.289443 0.164651 0.014033 -0.011959 0.064530 -0.215841 -0.032282 -0.095411 0.028011 -0.028411 0.142395 0.112375 -0.039389 -0.319156 -0.087168 -0.371837 -0.084068 0.240566 0.300393 -0.140096 -0.011921 -0.018069 -0.099395 -0.129783 0.259367 0.191948 0.109522 0.175608 0.232700 0.040587 0.248948 0.135344 0.082996 0.279262 0.371682 0.067123 -0.394955 -0.340323 -0.347612 -0.295133 -0.097722 -0.024745 0.001118 -0.154568 -0.098132 -0.290178 -0.306416 -0.177124 -0.402616 -0.354091 -0.411813 0.157029 -0.407609 -0.359885 -0.097478 0.073300 -0.312680 -0.204601 -0.208834 -0.167719 0.098974 -0.063626
-0.162769 0.228290 0.059638 0.215752 -0.132446 0.063724 0.249459 0.387980 0.113603 0.071287 0.348292 1.000000 0.382299 0.576131 0.168656 0.431645 0.157340 0.235902 -0.098014 -0.156026 0.020946 0.059780 0.075988 0.122597 -0.063199 0.069005 -0.014669 0.345127 0.289666 0.359863 -0.008145 0.153221 0.172719 0.062159 -0.250935 -0.187539 0.148392 0.059905 0.160905 0.217262 0.127893 0.034308 -0.197860 -0.035184 -0.267785 -0.215127 -0.116626 -0.170476 -0.194933 -0.170841 0.060128 -0.021773 0.047399 -0.126014 0.244076 0.093398 -0.158600 -0.064525 -0.292320 -0.256782 0.044412 0.175023 0.075258 0.019723 0.033801 0.353973 -0.270834 -0.193782 -0.129621 -0.175725 -0.054630 0.093378 0.131565 -0.020473 0.002332 0.094258 -0.004942 -0.125890 0.169145 0.141554 0.196036 0.255431 0.220025 0.312991 0.137790 0.470721 0.079725 0.280718 0.350117 0.126822 -0.176218 -0.346124 -0.135662 -0.227435 -0.024503 0.020793 -0.127477 -0.112245 -0.087160 -0.191786 -0.130962 -0.195659 -0.186527 -0.298813 -0.250600 0.124906 -0.237365 -0.041665 0.051209 0.054372 -0.296066 -0.275793 -0.135955 -0.097848 0.180642 0.015468
0.441349 0.321768 0.456888 0.352429 -0.211205 0.263570 0.542994 0.369623 0.186032 0.249446 0.637220 0.382299 1.000000 0.414813 0.414283 0.330729 0.169733 0.074133 0.150388 -0.257455 0.018468 0.023689 0.462201 0.196923 0.029918 -0.050566 -0.005067 0.212087 0.268498 0.112401 0.230010 0.182950 0.142359 -0.036094 -0.081697 -0.237859 0.094495 0.097771 0.199911 0.038791 0.120453 0.092767 -0.146022 -0.074401 -0.312592 -0.390792 -0.119174 -0.167893 -0.010540 0.002034 0.075097 0.026615 0.174342 -0.092599 0.148524 -0.007285 -0.187164 -0.172397 -0.002069 -0.116658 0.123991 0.077150 0.092640 -0.016519 0.256964 0.320978 -0.222555 -0.467502 -0.257994 -0.538651 -0.106960 0.215930 0.248969 0.042710 0.161355 0.259504 0.015050 -0.096037 0.137220 -0.038136 -0.061262 -0.012169 0.094959 -0.019963 0.330410 0.143800 0.182394 0.291751 0.495130 0.100368 -0.301417 -0.373228 -0.135787 -0.146111 -0.091849 0.200633 -0.298498 -0.141337 -0.142350 -0.274701 -0.101969 -0.080006 -0.308577 -0.270972 -0.322094 0.204152 -0.394788 -0.310588 -0.101898 0.067318 -0.419629 -0.094996 -0.149043 0.094025 0.035352 -0.022544
-0.169286 0.052807 0.204154 0.248277 -0.146366 -0.033525 0.484960 0.728583 0.383211 0.225024 0.197995 0.576131 0.414813 1.000000 0.232615 0.642060 0.108305 0.140640 -0.119404 -0.035252 0.011237 0.044428 -0.113030 0.199284 -0.176840 0.063997 -0.143691 0.106287 0.293147 0.317166 -0.124466 0.304008 0.076689 0.039523 -0.151380 -0.078044 0.120820 0.056658 0.080510 0.112683 0.154288 0.174699 -0.286450 -0.199277 -0.379403 -0.311194 -0.345895 -0.323423 -0.337735 -0.396805 -0.267218 -0.290654 -0.249664 -0.387889 0.102054 -0.141313 -0.408389 -0.365355 -0.383157 -0.335861 0.369049 0.383963 0.187578 -0.007189 0.302346 0.675471 -0.514350 -0.271916 -0.362776 -0.343084 -0.185863 -0.010458 0.052801 0.068341 0.022784 0.122626 0.025634 -0.070254 -0.143522 -0.136138 0.058562 0.051348 0.270631 0.454294 -0.195791 0.059361 -0.225949 0.177602 0.276357 -0.106697 0.044567 -0.006368 0.247580 0.094900 -0.004230 0.040007 -0.249600 -0.055219 -0.048090 -0.018060 0.160315 0.059039 0.033754 -0.023942 0.002154 0.141933 -0.096703 0.043356 -0.120061 0.009805 -0.182920 -0.052498 0.089910 0.102243 0.251812 0.132301
0.238858 0.005556 0.244562 0.040504 0.073842 0.202335 0.339408 0.055432 0.453447 0.017410 0.407053 0.168656 0.414283 0.232615 1.000000 0.301237 0.029774 0.008890 0.156496 0.154797 -0.080690 0.188898 0.299215 0.243363 0.013223 0.154080 0.058120 0.329211 0.295165 0.044756 0.193422 0.142777 -0.162500 -0.016594 0.100222 -0.096080 0.270964 -0.086910 0.173053 -0.023689 0.181148 0.130898 -0.123813 -0.123542 -0.275574 -0.298258 -0.212868 -0.200342 -0.125845 -0.106239 0.169379 -0.035472 -0.104317 -0.035261 0.165850 -0.117219 -0.140520 -0.119892 0.011604 -0.158974 0.061348 -0.010997 0.013523 0.007009 0.310144 0.071817 -0.206696 -0.255472 -0.155604 -0.183127 0.100000 0.063303 0.167017 0.169289 0.237818 0.144235 0.157897 -0.097234 0.085132 -0.131335 -0.030478 0.040956 0.329755 0.213891 0.165563 -0.022266 -0.078403 0.067132 0.293288 -0.010536 -0.260108 -0.063537 -0.117518 0.026667 -0.156903 -0.073997 -0.300164 -0.195755 -0.345666 -0.274324 -0.154551 -0.057096 -0.237157 -0.133835 -0.167751 0.006901 -0.135179 -0.053876 -0.174887 -0.081862 -0.226188 -0.118703 -0.235352 -0.057321 -0.032619 -0.021533
-0.074431 -0.070371 0.111993 0.312736 0.117132 0.093817 0.286233 0.510351 0.273298 0.390411 0.190278 0.431645 0.330729 0.642060 0.301237 1.000000 0.034313 0.155908 0.036625 0.083369 0.247504 0.285651 0.099025 0.300789 -0.030129 0.105183 0.186881 0.342952 0.287271 0.182352 0.012706 0.388400 0.119979 0.122481 0.070420 -0.038897 0.188704 0.245821 0.292162 0.237986 0.169391 0.042981 -0.241065 -0.191502 -0.321875 -0.241122 -0.344315 -0.339621 -0.367853 -0.433690 -0.185685 -0.372798 -0.261397 -0.340248 0.213501 -0.172458 -0.381268 -0.345305 -0.413732 -0.428870 0.173205 0.114376 0.040228 -0.166778 0.303215 0.490556 -0.429552 -0.121842 -0.250383 -0.202931 -0.166568 0.200360 -0.083426 -0.045132 -0.017457 -0.013383 -0.068121 0.002390 0.039995 -0.079766 0.017295 0.121829 0.206403 0.406719 -0.154194 0.163560 -0.183835 0.277964 0.361422 -0.032840 -0.000119 -0.008572 0.159748 0.048957 -0.039862 0.051191 -0.320032 -0.117561 -0.265144 -0.144644 -0.001249 -0.010163 -0.036470 -0.056720 -0.104130 0.059852 -0.201563 -0.054065 -0.067426 -0.066328 -0.168594 -0.110686 -0.039810 0.119508 0.160897 -0.015452
0.186271 0.411787 -0.244501 -0.019750 -0.223571 0.027006 -0.181693 -0.048914 -0.144178 -0.165824 0.189672 0.157340 0.169733 0.108305 0.029774 0.034313 1.000000 0.661611 -0.101127 -0.210879 -0.079260 0.074808 -0.249952 -0.429063 0.065269 -0.211724 -0.052916 0.046266 0.377557 0.447032 -0.201853 -0.251453 0.347772 0.234514 -0.369493 -0.349325 0.022598 -0.204830 0.102072 -0.124460 0.279288 -0.089877 0.125341 0.238719 -0.105847 -0.190662 0.309451 0.243495 0.146156 0.246311 -0.096785 0.302209 0.186034 0.218061 0.105876 0.156649 0.604253 0.593195 0.076468 0.192377 0.244124 0.380994 0.508019 0.607179 -0.443735 -0.180557 0.082174 -0.535280 0.241489 0.187495 0.021932 0.037258 0.487706 -0.184851 -0.077222 -0.094710 -0.048521 -0.142878 0.619588 0.593341 0.795288 0.659992 0.486464 0.253262 -0.036267 0.039135 0.003569 0.337446 -0.187828 -0.132017 -0.503571 -0.556184 -0.558904 -0.563383 0.001022 -0.190273 -0.012756 -0.195057 -0.164920 -0.268510 -0.423406 -0.355204 -0.400151 -0.491202 -0.328922 -0.306432 -0.250717 -0.032345 -0.240254 -0.014711 -0.398981 -0.251013 -0.435542 -0.306742 0.014311 0.031449
0.067820 0.265875 -0.321221 -0.170351 -0.143781 -0.049692 -0.240381 -0.102995 -0.233966 -0.217609 0.069444 0.235902 0.074133 0.140640 0.008890 0.155908 0.661611 1.000000 -0.137711 -0.106531 -0.121666 0.314841 -0.339860 -0.431081 -0.014625 0.005619 -0.052106 0.043595 0.462707 0.633588 -0.119020 -0.039315 0.318382 0.322771 -0.307217 -0.198886 0.262386 0.000652 0.117768 0.153511 0.349808 0.071218 -0.061186 0.030643 -0.100599 -0.164678 0.023397 -0.056153 -0.064651 -0.026321 -0.246268 0.036641 0.027781 0.075197 0.098223 0.020590 0.303159 0.438366 0.016022 0.042965 0.263936 0.391676 0.438594 0.564155 -0.292079 -0.106282 0.073984 -0.312402 0.209736 0.212150 -0.108914 0.138947 0.474537 -0.070793 0.000279 -0.135564 0.039512 -0.080354 0.631795 0.712355 0.658855 0.754901 0.411661 0.411357 -0.133543 0.165422 -0.073939 0.303731 -0.096486 0.021495 -0.383999 -0.384736 -0.392637 -0.320549 -0.082252 -0.212187 -0.133109 -0.247806 -0.239283 -0.223609 -0.275358 -0.119504 -0.171933 -0.274937 -0.271890 -0.135163 -0.168261 0.110225 -0.150965 -0.055194 -0.392668 -0.309953 -0.269300 -0.301032 0.045044 0.040666
0.428439 0.233251 0.594189 0.412522 -0.045302 -0.108134 0.414579 0.093900 0.041995 -0.075541 0.027045 -0.098014 0.150388 -0.119404 0.156496 0.036625 -0.101127 -0.137711 1.000000 0.486180 0.255474 0.192171 0.391669 0.277603 -0.195714 0.019435 0.029083 -0.029586 0.070710 -0.060587 0.436700 0.252637 0.308457 0.382722 0.068636 -0.274072 -0.030022 -0.005511 0.054767 -0.242396 -0.275672 0.165709 -0.193907 -0.146058 -0.168204 -0.193190 -0.118328 -0.288774 -0.231519 -0.177887 -0.258671 -0.204087 -0.290789 -0.339167 -0.078015 0.125030 0.079599 0.006454 -0.097058 -0.127770 -0.055414 -0.204010 -0.210594 -0.233612 0.239101 -0.037651 0.018268 -0.074485 0.307900 0.037628 -0.001773 0.346129 0.165445 0.204506 0.332087 0.217679 0.134675 0.175833 0.132146 -0.144286 -0.177817 -0.089211 -0.071106 -0.144324 0.078092 -0.108233 -0.080936 -0.330883 0.167317 -0.240626 -0.266961 -0.025583 -0.039771 0.003823 0.036523 0.050096 -0.026064 0.172091 -0.284308 -0.019733 -0.161173 -0.025876 -0.077733 0.061541 -0.060306 -0.029396 -0.087984 0.186250 -0.041780 -0.179385 -0.037624 -0.029891 -0.014141 0.182186 -0.050866 -0.309562
0.002923 -0.091977 0.172341 0.153356 0.208516 -0.187299 -0.024392 0.026572 -0.047257 -0.087249 -0.207443 -0.156026 -0.257455 -0.035252 0.154797 0.083369 -0.210879 -0.106531 0.486180 1.000000 0.174025 0.121052 -0.035153 0.368653 -0.265923 0.111994 -0.053255 -0.147341 0.118513 0.020807 0.160451 0.355154 0.020510 0.421093 0.212719 0.109701 -0.013388 0.062644 -0.110463 0.028851 -0.186158 0.174309 -0.329460 -0.403248 -0.183267 -0.189469 -0.395959 -0.450785 -0.368012 -0.454637 -0.459450 -0.454953 -0.445091 -0.421184 -0.238393 -0.159516 -0.191180 -0.101510 -0.164500 -0.164379 -0.081118 -0.158514 -0.240761 -0.248336 0.055600 -0.112969 -0.187636 0.301160 -0.033079 0.342404 0.079142 0.125374 -0.058032 0.153422 0.166396 -0.055781 0.054671 0.320512 0.047228 -0.224376 -0.128899 -0.042920 -0.010544 0.295966 -0.319159 -0.259747 -0.177128 -0.326159 -0.190272 -0.266086 0.130344 0.447080 0.186410 0.293078 -0.035568 -0.078436 -0.056811 0.136280 -0.276282 0.129265 0.076377 0.218213 0.320209 0.416883 0.240721 0.156592 0.081608 0.232257 0.017488 -0.212814 0.315261 0.077966 0.167425 0.211788 -0.091676 -0.171713
-0.049733 -0.217501 0.323274 0.430648 0.147992 -0.145342 0.183668 0.360355 -0.071787 0.173897 -0.083771 0.020946 0.018468 0.011237 -0.080690 0.247504 -0.079260 -0.121666 0.255474 0.174025 1.000000 0.323835 0.402069 0.343661 0.152101 0.044501 0.190025 0.123214 0.053079 -0.079795 0.453537 0.521252 0.249965 0.194860 0.294558 -0.058686 0.142401 0.114596 0.093901 -0.071474 -0.011621 0.022963 -0.266375 -0.278973 -0.218827 -0.159377 -0.304355 -0.268685 -0.196883 -0.250832 -0.122536 -0.190707 -0.139430 -0.324183 -0.222207 -0.256894 -0.151492 -0.269450 -0.401725 -0.238001 -0.017223 -0.091671 -0.084788 -0.279223 0.215285 0.068733 -0.121633 0.156758 -0.213904 -0.118340 0.101623 0.426298 -0.057561 0.084000 0.227902 0.238047 0.203750 0.427170 -0.103586 -0.181413 -0.253146 -0.180642 -0.036145 0.070762 -0.174657 -0.106263 0.049571 -0.003989 0.129603 -0.294283 0.057272 0.088144 0.094256 0.010226 0.003519 0.163992 -0.132304 0.155396 -0.282934 -0.081262 -0.060128 -0.122683 0.008294 0.051884 0.087072 0.141204 0.092119 -0.018375 -0.025527 0.190829 0.133351 0.085976 -0.017119 0.178410 0.028849 0.080066
0.073215 -0.160828 0.179813 0.173882 0.022732 -0.051929 0.094143 0.134045 -0.074927 -0.250949 0.102719 0.059780 0.023689 0.044428 0.188898 0.285651 0.074808 0.314841 0.192171 0.121052 0.323835 1.000000 0.175227 0.101047 0.056571 0.449256 -0.007968 0.374598 0.458749 0.295721 0.366391 0.511838 0.254977 0.257750 0.238830 -0.035277 0.411258 0.139651 0.277017 0.077865 0.296973 0.188046 -0.158658 -0.125555 -0.120127 -0.143046 -0.176521 -0.259670 -0.272447 -0.309412 -0.194659 -0.208882 -0.193408 -0.208983 0.157300 -0.050798 -0.053531 -0.112871 -0.277734 -0.380487 0.002699 -0.119031 0.024577 -0.112524 0.159567 -0.034895 -0.171510 -0.123266 -0.068507 -0.152815 -0.164069 0.423427 0.206705 0.017115 0.188413 -0.010093 0.165896 0.193584 0.271697 0.278243 0.242235 0.393293 0.376402 0.485428 -0.208903 0.214554 -0.071216 0.075166 0.247718 -0.141381 -0.273551 -0.120479 -0.161485 -0.176766 0.100397 0.000464 -0.158084 -0.104131 -0.398349 -0.251146 -0.199726 -0.202583 -0.271502 -0.193144 -0.252054 -0.138238 -0.165757 0.095458 -0.014583 0.010781 -0.165291 -0.193988 -0.204545 -0.090740 0.138667 -0.002850
0.318230 0.047059 0.582507 0.519630 -0.046681 0.352496 0.496932 0.176726 0.194636 0.152587 0.312251 0.075988 0.462201 -0.113030 0.299215 0.099025 -0.249952 -0.339860 0.391669 -0.035153 0.402069 0.175227 1.000000 0.670364 0.251822 0.250637 0.297070 0.480094 -0.083541 -0.363258 0.580835 0.378031 0.091289 -0.023884 0.257687 -0.108437 -0.116833 -0.114078 0.088967 -0.200469 -0.194977 -0.080445 -0.093669 -0.107986 -0.101335 -0.151594 -0.094658 -0.170483 0.035985 0.039228 0.325126 -0.029706 0.067799 -0.067746 0.019309 -0.075737 -0.131152 -0.207860 -0.064681 -0.161381 -0.107866 -0.281014 -0.230266 -0.304237 0.409558 0.107503 -0.147065 -0.065551 -0.154523 -0.406352 -0.121567 0.208052 -0.057786 -0.073861 0.117371 0.128298 -0.086367 -0.018866 -0.008822 -0.241398 -0.316994 -0.263776 -0.145759 -0.259407 0.472121 0.266258 0.296640 0.054072 0.588786 0.129189 -0.240748 -0.255649 -0.075425 -0.091612 -0.108547 0.201022 -0.180870 -0.111014 -0.245091 -0.251262 -0.176671 -0.244753 -0.287972 -0.201742 -0.235104 0.100026 -0.205679 -0.192880 -0.001945 -0.034173 -0.168507 -0.079714 -0.111943 0.026056 -0.159274 -0.252159
-0.065748 -0.217914 0.544502 0.528830 0.007799 0.120581 0.524308 0.447800 0.338135 0.240990 0.059303 0.122597 0.196923 0.199284 0.243363 0.300789 -0.429063 -0.431081 0.277603 0.368653 0.343661 0.101047 0.670364 1.000000 -0.019037 0.365084 0.189551 0.378418 -0.037386 -0.379780 0.418387 0.605079 -0.134115 -0.030804 0.237398 0.112278 -0.159170 -0.030846 -0.081035 -0.142346 -0.205203 0.038304 -0.331375 -0.349768 -0.205932 -0.214222 -0.387294 -0.420670 -0.234739 -0.308179 0.002923 -0.384717 -0.214632 -0.422763 -0.141009 -0.258205 -0.462133 -0.471135 -0.329336 -0.325980 -0.041421 -0.238226 -0.331885 -0.434060 0.495713 0.299900 -0.454544 0.193126 -0.365993 -0.264868 -0.129447 0.089970 -0.389179 0.071600 0.135137 0.103077 -0.077276 0.023588 -0.176908 -0.446021 -0.400545 -0.326192 -0.154893 0.025341 0.124739 0.111037 0.034897 -0.048636 0.408307 0.012998 0.174845 0.206837 0.391750 0.323501 -0.022035 0.083987 -0.258658 -0.014155 -0.128074 0.088734 0.175867 0.095058 0.133126 0.198076 0.024831 0.205099 -0.056659 0.061359 -0.007414 -0.205512 0.061312 0.095427 0.222058 0.164229 -0.158467 -0.310103
-0.013629 -0.149323 -0.115608 0.015526 -0.046310 0.538153 -0.156959 -0.148674 0.093708 0.131142 0.036074 -0.063199 0.029918 -0.176840 0.013223 -0.030129 0.065269 -0.014625 -0.195714 -0.265923 0.152101 0.056571 0.251822 -0.019037 1.000000 0.089366 0.285693 0.261632 0.008192 -0.153298 0.033608 -0.071597 -0.012155 -0.092204 -0.015232 -0.025847 -0.057549 -0.064496 0.095305 -0.029839 0.104812 -0.100903 0.253335 0.233755 0.121625 0.172017 0.141623 0.237442 0.182223 0.248370 0.384157 0.177035 0.234090 0.265012 0.161604 0.060257 0.081856 0.074462 0.077713 0.024987 -0.112025 -0.231337 0.080952 -0.106016 -0.025158 -0.040720 0.213232 0.059825 0.024381 -0.038289 -0.151433 -0.177811 0.033897 -0.352571 -0.182245 -0.178189 -0.298126 -0.311600 0.085443 0.065225 0.071947 0.102844 0.031728 -0.047601 0.189011 0.228666 0.232864 0.335654 0.074612 0.128937 -0.089593 -0.272923 -0.172539 -0.228109 -0.031410 0.041235 0.049442 -0.130374 -0.095317 -0.147491 -0.145247 -0.298024 -0.211167 -0.310867 -0.154241 -0.094480 -0.028510 -0.186526 0.005558 -0.013798 -0.157625 -0.101058 -0.170187 -0.232170 -0.057487 0.050755
-0.024346 -0.096241 0.264727 0.112553 -0.018863 0.211009 0.168127 0.101041 -0.047322 -0.246572 0.146537 0.069005 -0.050566 0.063997 0.154080 0.105183 -0.211724 0.005619 0.019435 0.111994 0.044501 0.449256 0.250637 0.365084 0.089366 1.000000 0.078111 0.467420 0.228820 0.047355 0.248102 0.425103 -0.049450 0.111168 0.115026 0.235542 0.066529 -0.037238 -0.007859 0.052927 0.218050 0.266065 -0.222034 -0.166215 -0.118418 -0.076020 -0.158974 -0.268393 -0.239466 -0.274120 -0.081034 -0.313761 -0.242618 -0.219919 0.011624 0.046574 -0.157234 -0.130852 -0.138840 -0.256654 -0.006983 -0.094767 0.031164 -0.139965 0.151471 0.141150 -0.165949 0.099901 -0.141119 -0.141757 -0.301965 -0.009759 0.012047 0.047632 0.033370 -0.023768 -0.079285 -0.119519 0.077438 0.108743 0.103273 0.187302 0.278199 0.287269 0.019517 0.141973 0.004282 -0.001480 0.264424 -0.015023 -0.103978 -0.026823 0.106105 0.068184 0.087558 0.012926 0.039159 0.020584 -0.059809 0.046493 0.017451 -0.061858 -0.065357 -0.008354 -0.084252 -0.003248 -0.040223 0.123958 0.044378 -0.098310 0.085313 0.030066 0.123497 -0.043637 0.049995 -0.061554
0.097572 -0.036459 0.043184 0.199403 0.250933 0.328166 -0.074306 -0.025091 0.001047 0.254356 -0.006618 -0.014669 -0.005067 -0.143691 0.058120 0.186881 -0.052916 -0.052106 0.029083 -0.053255 0.190025 -0.007968 0.297070 0.189551 0.285693 0.078111 1.000000 0.352499 -0.137995 -0.276369 0.118718 0.017196 0.079067 0.069607 -0.003905 -0.169085 -0.203962 -0.022537 -0.018995 -0.008331 -0.155444 -0.302299 0.148340 0.075586 0.072567 0.079439 0.175002 0.066717 0.100059 0.170289 0.240596 0.088798 0.203022 0.206991 0.123087 -0.047435 0.126134 0.061512 0.023062 0.030036 -0.212164 -0.155154 -0.085751 -0.021839 -0.091119 -0.070538 0.063302 0.023007 0.147129 0.076102 0.019520 0.091979 -0.103753 -0.219659 -0.195835 -0.212614 -0.240932 -0.035251 0.130322 0.009506 -0.092828 -0.021022 -0.132044 -0.188810 0.178945 0.086139 0.236373 0.152102 0.164327 0.145191 -0.054056 -0.176587 -0.090770 -0.111632 -0.218499 -0.048196 -0.071855 -0.221138 -0.089921 -0.144479 -0.161135 -0.154688 -0.195093 -0.220403 -0.223640 -0.278117 -0.133626 -0.024978 -0.002275 -0.104823 -0.104139 -0.158563 -0.223716 -0.068891 -0.251939 -0.360374
0.030179 -0.026511 0.160830 0.195635 -0.140185 0.338499 0.219598 0.119017 0.216897 0.025304 0.260931 0.345127 0.212087 0.106287 0.329211 0.342952 0.046266 0.043595 -0.029586 -0.147341 0.123214 0.374598 0.480094 0.378418 0.261632 0.467420 0.352499 1.000000 0.262154 -0.019164 0.285603 0.279870 -0.061665 -0.013922 0.048220 0.060146 0.010206 -0.090517 0.179455 -0.023365 0.171717 -0.153415 -0.055289 0.008343 -0.099770 -0.051506 -0.072048 -0.084784 -0.127481 -0.076593 0.218953 -0.103041 -0.070352 -0.089469 0.131737 -0.103229 -0.038435 -0.077190 -0.183702 -0.238849 -0.102207 -0.121858 0.033233 -0.128125 0.204894 0.159488 -0.207366 -0.097764 -0.082331 -0.206812 -0.221123 0.080014 -0.018466 -0.145193 -0.045612 -0.103737 -0.119376 -0.197837 0.177319 0.089706 0.186762 0.204732 0.318519 0.234616 0.329421 0.514731 0.214036 0.261421 0.456650 0.162239 -0.267470 -0.314438 -0.089927 -0.118840 -0.088617 0.061588 -0.173854 -0.203532 -0.211577 -0.244550 -0.147223 -0.246037 -0.344697 -0.326292 -0.267879 -0.016190 -0.100718 -0.066384 0.020627 -0.036932 -0.208423 -0.169961 -0.156434 -0.105665 0.044638 -0.030260
0.081343 0.099159 0.070342 0.100781 -0.129058 -0.053858 0.159897 0.168588 -0.042349 -0.321695 0.382050 0.289666 0.268498 0.293147 0.295165 0.287271 0.377557 0.462707 0.070710 0.118513 0.053079 0.458749 -0.083541 -0.037386 0.008192 0.228820 -0.137995 0.262154 1.000000 0.528665 0.104437 0.423805 0.215257 0.221103 -0.007200 -0.211954 0.327025 0.204524 0.307159 0.242186 0.695494 0.149343 -0.192474 -0.100117 -0.224999 -0.329606 -0.174452 -0.248695 -0.407817 -0.377404 -0.358442 -0.288272 -0.223418 -0.288162 0.134265 -0.038461 -0.089832 -0.056701 -0.364571 -0.411295 0.150682 -0.021081 0.312692 0.087530 0.029303 -0.105024 -0.255873 -0.287553 -0.085264 -0.152895 -0.185423 0.282171 0.436013 -0.047128 0.056319 -0.094025 0.010831 0.036915 0.490746 0.386016 0.493791 0.670879 0.706532 0.695244 -0.187943 0.061482 -0.135242 0.378728 -0.000489 -0.326623 -0.286727 -0.149879 -0.246804 -0.221971 -0.053680 -0.193706 -0.229192 -0.108179 -0.323511 -0.223254 -0.285708 -0.190058 -0.209110 -0.255731 -0.236541 0.226568 -0.158315 -0.089162 -0.262303 -0.064408 -0.251622 -0.063573 -0.063759 -0.182894 0.207572 0.191189
0.030250 0.197755 -0.168409 -0.095039 -0.149306 -0.139761 -0.117489 0.126550 -0.151586 -0.185381 0.149475 0.359863 0.112401 0.317166 0.044756 0.182352 0.447032 0.633588 -0.060587 0.020807 -0.079795 0.295721 -0.363258 -0.379780 -0.153298 0.047355 -0.276369 -0.019164 0.528665 1.000000 0.006256 0.113583 0.277772 0.257647 -0.302192 -0.230343 0.458953 0.122160 0.192103 0.273320 0.401364 0.306515 -0.115582 -0.024808 -0.203876 -0.245852 -0.015406 -0.101301 -0.245518 -0.208203 -0.315603 -0.117814 -0.072436 -0.095114 0.260912 0.163366 0.076495 0.121660 -0.128044 -0.192158 0.102591 0.228155 0.337764 0.265167 -0.229755 -0.062678 -0.128024 -0.425548 -0.027112 -0.050533 0.043865 0.132162 0.675204 0.160898 0.239926 0.144822 0.273730 0.101341 0.437280 0.527473 0.524853 0.603499 0.453664 0.483937 -0.122137 0.248149 -0.052051 0.232991 -0.030444 -0.010788 -0.321610 -0.310573 -0.293359 -0.323581 -0.014518 0.000119 -0.041161 -0.128498 -0.043944 -0.100524 -0.180624 -0.177672 -0.146956 -0.247879 -0.097069 0.029410 -0.146235 0.080294 -0.032500 0.176548 -0.287610 -0.220823 -0.191566 -0.116190 0.178691 0.155787
0.260634 -0.122867 0.444247 0.209195 -0.007459 -0.070568 0.318748 0.118544 -0.043797 -0.032078 0.169985 -0.008145 0.230010 -0.124466 0.193422 0.012706 -0.201853 -0.119020 0.436700 0.160451 0.453537 0.366391 0.580835 0.418387 0.033608 0.248102 0.118718 0.285603 0.104437 0.006256 1.000000 0.617345 0.114376 0.161904 0.284346 -0.005738 0.074975 -0.025120 -0.075644 -0.187160 -0.119870 -0.009861 -0.127777 -0.141734 0.037531 0.041273 -0.219558 -0.210901 -0.113882 -0.023885 0.034610 -0.110659 0.000581 -0.163411 -0.091047 -0.211044 -0.140385 -0.227439 -0.152657 -0.210158 -0.230361 -0.364144 -0.308087 -0.317324 0.344682 -0.085178 -0.098215 0.056887 -0.206730 -0.311390 0.125041 0.442981 0.081010 0.189106 0.288965 0.294805 0.191433 0.211697 0.166234 0.019625 -0.282822 -0.117154 -0.138447 -0.166236 0.266119 0.217387 0.170230 -0.140636 0.341186 -0.004312 -0.072951 -0.006000 0.040925 0.103902 -0.115009 0.167556 -0.274833 -0.097116 -0.148235 -0.095561 -0.025803 -0.081902 -0.071252 -0.040018 -0.131527 0.044648 -0.076502 0.031229 -0.043200 0.005701 -0.197584 -0.102864 -0.011910 0.050071 -0.252588 -0.254138
-0.017720 -0.251478 0.385261 0.466484 -0.017934 -0.170382 0.392020 0.508986 -0.001362 -0.045922 0.148357 0.153221 0.182950 0.304008 0.142777 0.388400 -0.251453 -0.039315 0.252637 0.355154 0.521252 0.511838 0.378031 0.605079 -0.071597 0.425103 0.017196 0.279870 0.423805 0.113583 0.617345 1.000000 0.139152 0.274337 0.354705 0.081533 0.200038 0.253800 0.090292 0.107960 0.189610 0.156090 -0.466291 -0.444334 -0.270794 -0.250404 -0.548827 -0.577382 -0.582044 -0.622982 -0.382068 -0.617502 -0.353977 -0.568129 -0.108396 -0.342908 -0.490549 -0.534820 -0.590321 -0.605871 -0.018304 -0.276162 -0.139651 -0.424182 0.451359 0.173315 -0.521049 0.106954 -0.379598 -0.335211 -0.165528 0.462477 -0.010048 0.178424 0.253159 0.116253 0.151389 0.358865 0.040331 -0.065419 -0.178279 0.008944 0.107921 0.390359 -0.124489 0.103932 0.013546 0.109988 0.274221 -0.257387 0.137469 0.223498 0.291438 0.217073 0.014689 0.184178 -0.278224 0.117016 -0.222550 0.024794 0.108263 0.040537 0.138854 0.167585 0.050682 0.297303 0.045189 0.054994 -0.006367 0.011717 0.062954 0.084786 0.274558 0.263514 0.071054 -0.037680
0.200330 0.372835 0.094790 0.413124 0.010539 -0.074303 0.023605 0.222871 -0.185728 -0.099946 0.154328 0.172719 0.142359 0.076689 -0.162500 0.119979 0.347772 0.318382 0.308457 0.020510 0.249965 0.254977 0.091289 -0.134115 -0.012155 -0.049450 0.079067 -0.061665 0.215257 0.277772 0.114376 0.139152 1.000000 0.608547 -0.079637 -0.445448 0.113431 0.107188 0.163849 0.082971 0.008645 -0.114874 -0.073485 0.032609 -0.110600 -0.170938 0.043051 -0.073558 -0.164417 -0.128863 -0.290656 -0.048491 -0.098545 -0.123312 0.165253 0.109209 0.331452 0.252181 -0.181100 -0.161822 0.077159 0.059093 0.235269 0.123840 -0.228302 -0.080858 0.063626 -0.230119 0.338138 0.074892 -0.216330 0.422023 0.487559 -0.128571 0.017788 -0.094081 -0.016627 0.215633 0.390525 0.339257 0.242806 0.277767 -0.017593 0.051547 -0.180727 0.109874 -0.025665 0.089236 0.004484 -0.162122 -0.309955 -0.399350 -0.322995 -0.446558 0.051257 0.089537 0.073400 0.012071 -0.310223 -0.198934 -0.291996 -0.307197 -0.206724 -0.315808 -0.259908 -0.090467 -0.295922 -0.031331 0.061805 0.128039 -0.200543 -0.278193 -0.247597 -0.041312 0.009434 -0.122188
0.214671 0.219051 0.041459 0.225744 0.070688 -0.022114 -0.110458 0.147438 -0.108514 -0.122816 0.116459 0.062159 -0.036094 0.039523 -0.016594 0.122481 0.234514 0.322771 0.382722 0.421093 0.194860 0.257750 -0.023884 -0.030804 -0.092204 0.111168 0.069607 -0.013922 0.221103 0.257647 0.161904 0.274337 0.608547 1.000000 0.000924 0.036688 0.010176 -0.027551 0.026639 0.054979 -0.031633 -0.025587 -0.174021 -0.132716 -0.071000 -0.112059 -0.175380 -0.241779 -0.253848 -0.323028 -0.465246 -0.312698 -0.374621 -0.305080 -0.069795 -0.066859 0.295421 0.259960 -0.106256 -0.164716 0.057337 0.029897 0.050437 0.005607 -0.102109 -0.025630 0.053664 0.043957 0.348341 0.311761 -0.258921 0.340860 0.383217 -0.134609 -0.005284 -0.126791 -0.033242 0.245726 0.409831 0.417821 0.238903 0.276155 0.068325 0.219674 -0.247362 -0.074475 -0.083644 -0.056850 -0.007846 -0.241264 -0.259428 -0.187009 -0.159207 -0.215386 0.020613 -0.000781 0.052766 0.003171 -0.463084 -0.183250 -0.181848 -0.200436 -0.055140 -0.055317 -0.117714 -0.043536 -0.114280 0.039422 0.059674 0.028321 -0.015420 -0.238918 -0.129693 -0.033193 -0.048839 -0.057173
-0.043624 -0.421009 0.053332 0.031042 0.242186 -0.099948 -0.008503 -0.033290 -0.006009 0.038845 0.057056 -0.250935 -0.081697 -0.151380 0.100222 0.070420 -0.369493 -0.307217 0.068636 0.212719 0.294558 0.238830 0.257687 0.237398 -0.015232 0.115026 -0.003905 0.048220 -0.007200 -0.302192 0.284346 0.354705 -0.079637 0.000924 1.000000 0.392031 0.032238 0.119028 0.093022 0.092305 0.010835 -0.224069 -0.003527 -0.086533 0.133705 0.239435 -0.162738 -0.097217 -0.099591 -0.198768 0.029204 -0.228724 -0.258261 -0.185080 -0.156841 -0.218917 -0.330745 -0.438027 -0.178481 -0.256853 -0.148660 -0.308417 -0.326948 -0.448334 0.331124 0.053115 -0.047386 0.462543 -0.382751 -0.206636 0.043889 0.172162 -0.279348 -0.154548 -0.129292 -0.086483 -0.020872 0.358127 -0.192041 -0.240770 -0.355707 -0.302984 -0.079147 0.004805 -0.140537 -0.085063 0.057431 -0.079177 0.077327 -0.119827 0.150984 0.398124 0.184294 0.226096 -0.006926 0.172344 0.049259 0.027278 -0.296238 -0.083433 0.032021 0.106024 0.101740 0.170678 0.053195 0.244277 0.034506 -0.234671 -0.055813 0.184338 0.272916 0.091201 0.144231 0.111221 -0.085981 0.109981
-0.151236 -0.450145 -0.132751 -0.357701 0.029277 -0.020333 -0.180257 -0.087529 0.068947 0.061378 -0.049540 -0.187539 -0.237859 -0.078044 -0.096080 -0.038897 -0.349325 -0.198886 -0.274072 0.109701 -0.058686 -0.035277 -0.108437 0.112278 -0.025847 0.235542 -0.169085 0.060146 -0.211954 -0.230343 -0.005738 0.081533 -0.445448 0.036688 0.392031 1.000000 -0.077850 -0.044191 -0.089702 0.144034 -0.092425 -0.021184 0.018633 -0.024434 0.154690 0.341416 -0.189533 0.011740 -0.011248 -0.179307 -0.048548 -0.285784 -0.309297 -0.202322 -0.255915 -0.168896 -0.207934 -0.238845 0.027517 -0.115934 -0.055186 -0.145308 -0.366800 -0.330146 0.257520 0.208037 -0.030564 0.548034 -0.271543 -0.016068 -0.103781 -0.177578 -0.409239 -0.025396 -0.146785 -0.058531 0.039667 0.090838 -0.267694 -0.100924 -0.215190 -0.258196 -0.082304 0.018796 -0.032935 -0.109312 -0.004251 -0.156695 0.051069 0.045810 0.256508 0.403327 0.406162 0.438178 0.130260 0.130396 0.131221 0.044075 -0.032771 0.167915 0.334836 0.286134 0.295640 0.377165 0.216371 0.124677 0.236917 -0.067431 0.188648 0.128971 0.377478 0.120856 0.280382 0.044575 -0.022316 0.282986
