1.000000 0.572966 -0.089965 -0.179646 -0.127036 -0.397294 -0.019741 -0.110932 -0.202219 -0.369876 0.391644 -0.028030 0.104561 -0.102924 -0.184160 -0.170242 0.404919 0.053046 0.216972 0.241772 -0.287454 -0.263921 -0.186764 -0.211635 -0.342564 -0.477973 -0.209611 -0.213266 0.088518 -0.219297 -0.145914 -0.319893 0.012490 -0.260806 -0.503606 -0.506079 -0.313025 -0.442507 -0.191133 -0.233217 -0.190591 -0.355077 0.328061 0.275228 0.269712 0.104241 0.304112 0.249918 0.055130 0.262571 -0.305509 -0.267953 0.018074 0.114187 -0.193599 0.123879 0.767439 0.594120 0.292335 -0.019661 0.305794 -0.042976 0.472178 0.323047 -0.255540 -0.469702 -0.029546 -0.312443 0.258858 0.153350 -0.126738 -0.413152 -0.094333 -0.216942 -0.141752 -0.170520 -0.111184 -0.329650 0.255410 0.039212 0.387868 0.317330 0.037858 -0.054432 0.149703 0.020307 0.067700 -0.214042 -0.261231 -0.172272 -0.379949 -0.336655 -0.281512 -0.255027 -0.492763 -0.299047 -0.029477 -0.050483 0.291892 0.305397 -0.082363 -0.168738 -0.162259 -0.194963 -0.011527 -0.146364 -0.059841 -0.185428 -0.143649 -0.343178 -0.292123 0.094707 0.020560 -0.139021 -0.275059 -0.172434
0.572966 1.000000 -0.025217 0.078561 -0.075986 -0.152054 -0.087227 -0.040845 -0.062410 -0.118251 0.279735 -0.026591 0.010845 -0.079310 -0.200381 -0.084108 0.200081 0.065984 0.283222 0.377618 -0.190988 -0.340272 -0.031670 -0.183816 -0.079739 -0.222504 -0.252384 -0.168348 -0.151287 -0.301002 -0.145589 -0.266650 0.186563 -0.013235 -0.153260 -0.111675 -0.238699 -0.304331 -0.087338 -0.264298 -0.321990 -0.240574 0.047426 0.130436 0.024784 -0.074769 0.056339 0.191803 -0.173226 0.085638 -0.354652 -0.262783 -0.026992 -0.150518 -0.353447 -0.110236 0.435646 0.471147 0.218813 0.069534 0.347747 0.242338 0.339902 0.491367 -0.150128 -0.206173 -0.051102 -0.301053 0.325835 0.251161 0.000249 -0.324269 -0.215716 -0.040121 -0.052597 0.074283 0.105334 0.005593 0.098428 -0.088684 0.123640 0.141684 -0.058392 -0.113507 -0.165544 -0.205120 0.020020 -0.156472 -0.213484 -0.110438 -0.157838 -0.245463 -0.097306 -0.078384 -0.310445 -0.048904 0.067941 0.062653 0.143590 0.052475 0.125866 -0.043203 0.163310 -0.088870 0.191168 -0.116561 0.027618 -0.370891 0.127003 -0.113627 0.028113 0.293318 0.276544 0.094120 -0.042518 -0.229122
-0.089965 -0.025217 1.000000 0.317926 0.270736 0.196682 0.811561 0.529427 0.504139 0.517436 0.190900 0.379260 0.359286 0.424381 0.357095 0.033764 -0.335932 -0.253354 0.173504 -0.102998 -0.153472 -0.209731 0.565036 0.298230 0.029937 0.124002 -0.073618 -0.239797 -0.274896 -0.277657 -0.000553 0.141249 -0.248792 0.065833 0.031792 0.228333 -0.209524 -0.169597 -0.284077 -0.337642 -0.069262 -0.116845 -0.215307 -0.229076 -0.279499 -0.121421 -0.288752 -0.310484 -0.125402 -0.319296 0.213121 -0.132737 -0.042460 -0.171092 -0.101549 -0.422339 -0.358907 -0.169566 0.046676 -0.148226 0.294975 0.005199 -0.128193 -0.291046 0.638394 0.472161 0.065208 0.155741 -0.280990 -0.171272 0.191164 0.108680 -0.153342 0.232052 0.191860 0.289777 0.222011 0.287413 -0.221862 -0.194204 -0.380241 -0.340964 -0.199205 -0.317330 0.111921 -0.128103 -0.168832 0.069284 0.436194 -0.095847 0.248339 0.385900 0.456795 0.648336 -0.092210 -0.021832 -0.428760 -0.289221 -0.241474 -0.256296 0.122927 0.333266 0.265397 0.117247 0.095986 -0.374347 -0.232772 -0.144108 -0.087397 -0.258358 -0.013078 -0.113288 0.183630 0.114787 -0.123175 -0.292049
-0.179646 0.078561 0.317926 1.000000 -0.162608 0.055525 0.206553 0.775006 0.009045 0.433576 -0.326871 0.354169 -0.335629 -0.053908 -0.024175 0.023771 -0.221652 -0.264950 0.381437 0.098766 0.003211 -0.103557 0.294016 0.528986 -0.100872 0.180025 -0.351379 -0.115854 -0.326309 -0.291990 0.132188 0.331394 -0.116614 0.077250 -0.053616 0.033446 -0.186176 -0.023108 -0.136088 -0.057703 -0.128876 -0.054906 -0.391055 -0.347986 -0.309432 -0.276121 -0.418909 -0.403304 -0.207085 -0.287358 0.187915 -0.010428 0.113487 -0.143126 -0.269523 -0.376986 -0.240679 -0.240836 0.008728 -0.036049 0.042529 -0.021995 0.057787 -0.056097 0.472075 0.433968 0.064532 0.257382 -0.143426 -0.230776 0.115988 0.048589 -0.226911 0.193040 0.154820 0.128169 0.111394 0.306636 -0.260351 -0.356545 -0.361717 -0.415164 -0.401570 -0.212232 0.017440 0.324899 -0.315870 0.146957 0.170898 0.179229 0.428606 0.237857 0.696806 0.394963 0.020050 0.171870 -0.464825 -0.211995 -0.371879 -0.304769 0.401260 0.319659 0.406005 0.245051 0.120346 -0.166139 -0.183024 0.048265 -0.020209 -0.114943 -0.155040 -0.038504 0.177382 0.142125 0.089187 -0.167690
-0.127036 -0.075986 0.270736 -0.162608 1.000000 0.525918 0.179356 0.005933 0.666662 0.379018 0.015930 0.141712 0.088535 0.230392 0.525276 0.444530 -0.304474 0.022913 -0.332320 0.016562 0.244033 -0.080319 0.200994 0.107962 0.449286 0.142871 0.544981 0.126484 -0.017949 0.061757 0.017029 0.003335 -0.180208 -0.081188 0.041884 0.133344 0.093114 0.091013 -0.057324 -0.300484 -0.044005 0.072147 -0.174511 -0.260597 -0.095500 -0.074337 -0.164038 -0.288866 0.107540 -0.131613 0.143334 0.073799 0.091661 0.038709 0.293474 -0.327076 -0.233909 0.000516 -0.078620 -0.061550 0.044694 0.209248 -0.155608 -0.062007 0.209305 0.153909 -0.123462 0.063535 -0.200317 -0.037194 0.269155 0.115147 0.014572 0.166276 0.117234 0.167307 0.058393 0.052448 -0.219973 -0.020506 -0.185657 -0.167010 0.020834 0.152150 0.158926 -0.035854 -0.213713 -0.063203 0.462831 0.239243 0.151629 0.324211 0.080304 0.197300 -0.206444 -0.059314 -0.199810 -0.286172 -0.128461 -0.288767 0.034004 0.117586 -0.057616 -0.076761 0.010534 -0.007163 0.006036 -0.052180 -0.151139 -0.059483 -0.010689 -0.094536 0.087227 -0.182726 -0.074802 -0.159710
-0.397294 -0.152054 0.196682 0.055525 0.525918 1.000000 0.054608 0.101630 0.607849 0.696882 -0.053841 0.189687 0.057656 0.389635 0.430677 0.497661 -0.372244 0.065284 -0.406128 -0.147760 0.474971 0.261664 0.238853 0.185636 0.684729 0.529670 0.525061 0.345171 -0.004552 0.153840 0.097290 0.244080 -0.021972 0.252184 0.287895 0.424693 0.183656 0.288390 0.136277 -0.008409 0.084065 0.262736 -0.342140 -0.367994 -0.170468 -0.100376 -0.319055 -0.406283 0.026111 -0.186505 0.145213 0.149188 -0.052103 -0.149566 0.230752 -0.346921 -0.361505 -0.233736 -0.197037 0.011581 -0.045069 0.276160 -0.342417 -0.203634 0.297221 0.440567 -0.111860 0.114424 -0.328575 -0.209365 0.110431 0.331605 0.089455 0.191450 0.169561 0.287018 0.089351 0.190732 -0.159365 -0.010567 -0.287855 -0.222555 -0.048228 0.127373 -0.085873 -0.205041 -0.177963 -0.043705 0.366275 0.167677 0.174675 0.280263 0.224205 0.240381 0.022332 0.045297 -0.168120 -0.176714 -0.340244 -0.278338 -0.014791 0.134422 0.083302 0.026374 -0.014551 -0.052655 -0.141726 -0.000170 -0.040922 0.021522 0.127580 -0.005613 0.262226 0.026181 0.097317 -0.046332
-0.019741 -0.087227 0.811561 0.206553 0.179356 0.054608 1.000000 0.542474 0.331177 0.406958 0.156969 0.259747 0.344371 0.403580 0.143786 -0.052358 -0.338279 -0.398187 0.121979 -0.216143 -0.196369 -0.188770 0.325588 0.255599 -0.130196 0.007088 -0.195210 -0.324149 -0.383716 -0.348374 -0.163669 0.047156 -0.279452 -0.020519 0.052402 0.150957 -0.256823 -0.254578 -0.350278 -0.350243 -0.244772 -0.278516 -0.103220 -0.146797 -0.171801 -0.007541 -0.176743 -0.151866 -0.148748 -0.299549 0.210720 -0.129410 -0.017128 -0.162828 -0.180944 -0.354633 -0.256953 -0.109832 0.045623 -0.106853 0.247465 -0.019660 -0.097370 -0.265224 0.488455 0.400754 0.236935 0.266945 -0.133607 -0.011584 0.212837 0.038439 -0.243738 0.157621 0.076761 0.194474 0.150319 0.186205 -0.230816 -0.210119 -0.330169 -0.333961 -0.263349 -0.369664 0.090419 -0.010553 -0.198125 0.081497 0.330861 -0.075429 0.264801 0.378696 0.374840 0.494764 -0.168898 -0.116572 -0.347464 -0.324908 -0.102770 -0.113217 0.154354 0.365633 0.192922 0.015065 0.047562 -0.261037 -0.142651 0.084685 -0.076845 -0.356362 -0.026548 -0.067322 0.077203 -0.028511 -0.128039 -0.076771
-0.110932 -0.040845 0.529427 0.775006 0.005933 0.101630 0.542474 1.000000 0.141866 0.598591 -0.188767 0.391817 -0.157106 0.301136 -0.050993 0.011596 -0.395108 -0.343761 0.208643 -0.105188 0.012680 -0.183589 0.195089 0.358778 -0.166159 0.033462 -0.332457 -0.350572 -0.409890 -0.271427 -0.024333 0.249538 -0.193765 0.128013 -0.018007 0.091686 -0.201055 -0.128162 -0.282517 -0.245812 -0.158239 -0.175892 -0.348440 -0.386457 -0.179272 -0.121416 -0.398834 -0.443353 -0.108736 -0.298786 0.264925 -0.077192 0.087233 -0.175470 -0.157980 -0.484642 -0.318368 -0.338928 0.112532 -0.027766 0.173544 0.068211 0.023931 -0.140885 0.426868 0.548623 0.289028 0.410644 -0.258856 -0.273371 0.183584 0.035900 -0.202840 0.176232 0.100924 0.177611 0.129914 0.260336 -0.331725 -0.424873 -0.405415 -0.461971 -0.465430 -0.318068 0.076003 0.262172 -0.430744 0.031989 0.256215 0.140441 0.496090 0.360248 0.710281 0.495316 -0.119615 0.054508 -0.528804 -0.350205 -0.339327 -0.242786 0.394104 0.467107 0.375815 0.200464 0.078094 -0.218639 -0.178936 0.133793 -0.064524 -0.268729 -0.212354 -0.108792 0.184466 0.013805 -0.073751 -0.148975
-0.202219 -0.062410 0.504139 0.009045 0.666662 0.607849 0.331177 0.141866 1.000000 0.563620 0.143057 0.241806 0.146931 0.312165 0.601478 0.460650 -0.235457 0.116396 -0.226725 0.003324 0.220698 -0.006091 0.375743 0.048699 0.462375 0.177916 0.314391 -0.021689 0.039248 0.094833 0.117885 0.132939 -0.042366 0.171969 0.013383 0.102596 0.072856 0.046895 -0.127013 -0.246660 0.002773 0.019204 -0.154640 -0.226757 -0.110616 -0.081119 -0.148821 -0.319770 -0.005883 -0.120758 0.104072 -0.027288 -0.030868 0.007105 0.152189 -0.382278 -0.278335 0.000080 -0.241320 -0.141196 0.079053 0.196139 -0.183146 -0.099210 0.463805 0.207436 -0.243295 -0.093723 -0.280549 -0.083611 0.250118 0.114968 0.087952 0.199476 0.096322 0.290577 0.153752 0.139668 -0.031483 0.105499 -0.157606 -0.093490 -0.031755 0.121706 0.179646 -0.143575 -0.254528 -0.099712 0.499077 0.060764 0.077482 0.249087 0.135964 0.314926 -0.145555 -0.083082 -0.249265 -0.226951 -0.216382 -0.350803 -0.003953 0.150532 0.042081 -0.155040 -0.057107 -0.262435 -0.207137 -0.101035 -0.111593 -0.125795 -0.060753 0.018118 0.112470 -0.062476 -0.226296 -0.213082
-0.369876 -0.118251 0.517436 0.433576 0.379018 0.696882 0.406958 0.598591 0.563620 1.000000 -0.096130 0.404054 -0.058058 0.405597 0.352853 0.385187 -0.382264 -0.075480 -0.076370 -0.036207 0.402195 0.107033 0.262331 0.253793 0.383457 0.399961 0.176767 -0.035858 -0.159457 0.037531 0.104239 0.394025 0.047544 0.422261 0.312274 0.420948 0.152689 0.188948 -0.057669 -0.076174 0.023410 0.177886 -0.448093 -0.467511 -0.362851 -0.227923 -0.483142 -0.563820 -0.207210 -0.413599 0.158404 -0.072094 -0.171094 -0.301857 -0.073529 -0.557532 -0.486713 -0.345003 -0.284257 -0.186514 0.011696 0.128958 -0.225094 -0.248185 0.554960 0.652391 0.031573 0.196021 -0.212873 -0.247424 0.260013 0.295781 0.052677 0.343904 0.268143 0.383116 0.270256 0.391295 -0.181002 -0.124307 -0.357719 -0.339988 -0.198025 -0.102437 0.015421 -0.074601 -0.272770 0.057764 0.409452 0.031563 0.312577 0.339240 0.534829 0.485417 0.058758 0.127536 -0.380105 -0.196356 -0.514772 -0.347785 0.159197 0.293835 0.368795 0.183661 0.156926 -0.200903 -0.201522 -0.047014 -0.001401 -0.043764 0.122746 0.025171 0.298324 0.104891 0.028756 -0.082771
0.391644 0.279735 0.190900 -0.326871 0.015930 -0.053841 0.156969 -0.188767 0.143057 -0.096130 1.000000 0.298506 0.602195 0.300414 0.234022 0.066909 0.165761 0.159439 -0.006669 0.025082 -0.268411 -0.147669 -0.065168 -0.263728 -0.125867 -0.245411 -0.007637 -0.116366 0.288744 -0.079135 -0.135255 -0.289398 -0.056774 -0.170160 -0.115672 -0.081302 -0.165471 -0.317162 -0.200929 -0.226003 -0.073299 -0.205104 0.280077 0.355331 0.144822 0.191587 0.211779 0.254977 -0.111978 0.097848 -0.256330 -0.275692 -0.195084 -0.032359 -0.063422 -0.032948 0.086517 0.226159 -0.075630 -0.163213 0.316199 0.014148 0.197362 0.098749 0.014844 -0.166523 -0.171396 -0.202097 -0.154703 0.087366 -0.130807 -0.075605 -0.083588 -0.097270 -0.151467 0.028843 0.029755 -0.020698 0.312662 0.133952 0.374357 0.311241 0.456342 0.225750 0.244888 -0.132665 0.319617 -0.092352 -0.047138 -0.232612 -0.271483 -0.213844 -0.209968 -0.061462 -0.219771 -0.389279 0.085373 -0.046314 0.158491 -0.201575 -0.127953 -0.073808 -0.129489 -0.266194 -0.107139 -0.148660 0.031770 -0.254880 0.019541 -0.232224 -0.033947 0.062215 0.011311 -0.036480 -0.236775 -0.083659
-0.028030 -0.026591 0.379260 0.354169 0.141712 0.189687 0.259747 0.391817 0.241806 0.404054 0.298506 1.000000 0.260856 0.444522 0.425130 0.423556 -0.256149 -0.173156 0.122435 0.093207 0.032720 -0.067704 0.132273 0.263263 -0.044042 0.040891 0.014760 -0.026851 0.073050 -0.022766 0.145832 0.284852 -0.189317 0.047707 -0.027838 0.082978 -0.064487 -0.042928 -0.180875 -0.178296 -0.021913 0.011133 -0.173820 -0.216029 -0.176276 -0.111972 -0.332735 -0.341567 -0.136231 -0.203519 0.051605 -0.173285 -0.170216 -0.149144 0.024042 -0.388053 -0.346246 -0.224924 -0.243396 -0.337845 0.046491 -0.089927 -0.121948 -0.384053 0.505979 0.412820 -0.120580 0.059562 -0.358311 -0.304277 0.096966 0.113637 0.008789 0.224803 0.233255 0.281952 0.210384 0.304433 -0.129277 -0.116801 -0.209163 -0.292717 -0.029766 0.183294 0.339884 0.313984 -0.184124 -0.028130 0.354059 0.052400 0.155711 0.077090 0.407575 0.211390 -0.017515 0.100628 -0.290240 -0.233201 -0.301016 -0.428183 -0.020625 0.110355 0.172751 0.013768 0.112001 -0.124674 -0.193924 -0.194655 -0.045477 -0.063328 -0.071903 -0.107335 0.168356 0.096011 0.031883 -0.080755
0.104561 0.010845 0.359286 -0.335629 0.088535 0.057656 0.344371 -0.157106 0.146931 -0.058058 0.602195 0.260856 1.000000 0.608806 0.386294 0.165161 -0.109006 0.038694 -0.039058 -0.117920 -0.252502 -0.002552 0.042406 -0.096521 -0.012672 0.000706 0.068564 -0.011260 0.132784 0.020817 -0.063683 -0.113930 -0.162967 -0.117441 -0.097480 0.059446 0.003097 0.022876 -0.071965 -0.076892 0.107973 0.016401 0.027600 0.035843 -0.083076 0.005653 -0.098871 -0.044820 0.007530 -0.021275 -0.022068 -0.102033 -0.125307 -0.104827 0.166627 -0.103416 -0.120324 -0.059969 0.142389 0.045450 0.453790 0.105396 -0.016916 -0.119521 0.054352 0.033324 0.017308 -0.065604 -0.158178 -0.096495 -0.027718 0.176749 0.069254 0.134498 0.126614 0.193677 0.147789 0.144278 -0.000569 -0.057200 -0.045751 -0.052008 0.164568 0.022085 -0.062559 -0.307922 0.076003 -0.075828 -0.033807 -0.186460 -0.145150 -0.007544 -0.068043 0.094585 -0.019046 -0.050541 -0.076550 -0.116536 -0.051344 -0.033766 -0.129139 0.126411 0.053967 0.053484 -0.012441 -0.163958 -0.107896 -0.126746 -0.010806 -0.017841 0.006245 -0.180857 0.094645 0.050987 -0.082504 -0.029486
-0.102924 -0.079310 0.424381 -0.053908 0.230392 0.389635 0.403580 0.301136 0.312165 0.405597 0.300414 0.444522 0.608806 1.000000 0.348343 0.415465 -0.435093 -0.040869 -0.199220 -0.199823 0.004609 0.041596 0.047460 0.014220 0.185847 0.136449 0.117649 -0.016869 -0.119579 0.021734 -0.077636 0.144071 -0.178785 0.155396 0.054627 0.269405 0.034187 -0.024848 -0.116822 -0.239032 0.034525 -0.015749 -0.180832 -0.211700 -0.074004 0.008074 -0.273302 -0.297260 0.024076 -0.175606 0.100464 -0.087266 -0.107033 -0.202689 0.222539 -0.345340 -0.286082 -0.329847 0.156135 0.047123 0.395446 0.349898 -0.173486 -0.190274 0.195068 0.377013 0.209621 0.188697 -0.352754 -0.303709 -0.043625 0.209103 -0.031857 0.080141 0.085611 0.221155 0.095646 0.184807 -0.220751 -0.254681 -0.288380 -0.308828 -0.116082 -0.025584 -0.024156 -0.192266 -0.182334 -0.142397 0.253138 0.129379 0.191751 0.242542 0.234999 0.227923 -0.075217 -0.046731 -0.275439 -0.335336 -0.261220 -0.067276 0.057995 0.318261 0.162551 0.150901 0.022705 -0.191067 -0.202806 -0.047331 -0.092223 -0.101372 -0.028725 -0.196413 0.245960 -0.009799 -0.071975 -0.055373
-0.184160 -0.200381 0.357095 -0.024175 0.525276 0.430677 0.143786 -0.050993 0.601478 0.352853 0.234022 0.425130 0.386294 0.348343 1.000000 0.664793 -0.220678 0.134349 -0.082074 0.130576 0.124712 0.187273 0.484283 0.289246 0.404134 0.371211 0.438886 0.260462 0.245682 0.150785 0.291955 0.301352 -0.264087 0.052637 -0.099896 0.068031 0.209489 0.227092 0.011994 -0.046242 0.193791 0.163871 -0.174184 -0.177195 -0.329937 -0.273039 -0.213780 -0.309241 -0.091962 -0.223974 -0.002848 -0.027847 -0.136951 -0.007471 0.232692 -0.256109 -0.329677 -0.057589 -0.379631 -0.287566 0.016664 -0.057374 -0.197285 -0.336129 0.555283 0.108335 -0.527831 -0.242323 -0.331533 -0.191757 0.119829 0.275418 0.146530 0.168725 0.190283 0.264377 0.165810 0.242547 0.034650 0.196227 -0.160443 -0.140280 0.220429 0.319003 0.211330 -0.153990 0.029770 0.084504 0.492758 0.046262 0.012898 0.196066 0.157284 0.237396 0.150954 0.047877 -0.222637 -0.150475 -0.239590 -0.392894 -0.077688 -0.097398 0.056148 -0.010560 0.005862 -0.106588 -0.304947 -0.127651 -0.095076 0.070462 0.052176 -0.097835 0.084229 0.040018 0.041514 -0.053579
-0.170242 -0.084108 0.033764 0.023771 0.444530 0.497661 -0.052358 0.011596 0.460650 0.385187 0.066909 0.423556 0.165161 0.415465 0.664793 1.000000 -0.216647 0.116430 -0.223407 0.142174 0.150308 0.066120 0.124403 0.163891 0.299334 0.174700 0.339904 0.191150 0.151350 0.177201 0.082345 0.188946 -0.098433 -0.001633 -0.105341 -0.004880 0.287508 0.250271 0.101258 -0.046408 0.175409 0.263908 -0.258798 -0.289846 -0.261666 -0.350490 -0.278827 -0.362094 0.039362 -0.141932 0.054917 0.116987 -0.006982 0.105048 0.248459 -0.274489 -0.189233 -0.010528 -0.231216 -0.129673 0.012708 0.186541 -0.189787 -0.165705 0.275115 0.066325 -0.379835 -0.203814 -0.250090 -0.154611 0.124191 0.186379 0.105147 0.216747 0.179223 0.223062 0.088111 0.179101 -0.098433 0.031610 -0.118324 -0.139931 0.082415 0.405463 0.229128 0.056934 -0.126359 0.018555 0.410197 0.374585 0.105201 0.194099 0.215001 0.069529 0.055306 0.022518 -0.326996 -0.265994 -0.352927 -0.382938 0.052704 -0.014667 0.079369 -0.052478 -0.036539 -0.112222 -0.212765 -0.081345 -0.251567 0.000136 -0.176499 -0.230164 0.110473 -0.109316 -0.022257 -0.138762
0.404919 0.200081 -0.335932 -0.221652 -0.304474 -0.372244 -0.338279 -0.395108 -0.235457 -0.382264 0.165761 -0.256149 -0.109006 -0.435093 -0.220678 -0.216647 1.000000 0.606328 0.279716 0.348497 -0.082414 0.023592 -0.219601 -0.301262 -0.342935 -0.354025 -0.155032 -0.040047 0.549671 0.376060 0.045861 -0.173045 0.454320 0.022314 -0.329890 -0.514663 0.184348 -0.095505 0.153796 0.263575 0.260750 0.131957 0.229330 0.284141 0.080456 -0.079518 0.292542 0.225444 -0.178706 0.146170 -0.394173 -0.254399 -0.105875 0.088741 -0.113915 0.343386 0.557022 0.479993 -0.165379 -0.262442 -0.018146 -0.366145 0.556225 0.332959 -0.360053 -0.617682 -0.237632 -0.560969 0.453252 0.232665 -0.021269 -0.150969 0.403537 0.010370 0.013048 -0.107366 -0.050166 -0.279763 0.727105 0.627878 0.752657 0.765353 0.280817 0.265158 -0.051114 -0.039056 0.201962 -0.067133 -0.417016 -0.310272 -0.587518 -0.545733 -0.493030 -0.472584 -0.064947 -0.166888 0.184366 0.349222 0.173038 0.275652 -0.157694 -0.352123 -0.207906 -0.210034 -0.184442 -0.103005 -0.173441 -0.202713 0.003111 0.012316 -0.191646 0.128430 -0.228589 0.032579 -0.265324 0.007136
0.053046 0.065984 -0.253354 -0.264950 0.022913 0.065284 -0.398187 -0.343761 0.116396 -0.075480 0.159439 -0.173156 0.038694 -0.040869 0.134349 0.116430 0.606328 1.000000 0.077766 0.358159 0.080308 0.300901 -0.159558 -0.387353 0.030543 -0.113264 0.076952 0.201530 0.650011 0.710019 0.128544 0.081478 0.456600 0.366197 -0.148608 -0.294741 0.525459 0.288617 0.288461 0.334172 0.473481 0.374355 -0.125505 -0.019300 -0.150470 -0.216990 -0.052443 -0.107101 -0.289281 -0.056813 -0.458178 -0.301151 -0.218823 -0.122727 0.148802 0.110886 0.165560 0.077951 -0.257565 -0.241859 0.096378 -0.098566 0.489691 0.421408 -0.273419 -0.455019 -0.347651 -0.574538 0.198412 -0.054957 0.094501 0.246044 0.597252 0.186448 0.167088 0.148510 0.092174 -0.003211 0.642409 0.584728 0.573052 0.658121 0.417461 0.475959 -0.220185 -0.286758 0.154667 0.004021 -0.267415 -0.094127 -0.392591 -0.347260 -0.391782 -0.256175 0.168588 -0.070679 0.118642 0.286496 -0.126553 0.098070 -0.003186 -0.182656 0.029777 0.018056 -0.073191 -0.094508 -0.248346 -0.130230 0.030774 0.197609 -0.034409 0.055653 -0.066892 0.179042 -0.098336 0.023039
0.216972 0.283222 0.173504 0.381437 -0.332320 -0.406128 0.121979 0.208643 -0.226725 -0.076370 -0.006669 0.122435 -0.039058 -0.199220 -0.082074 -0.223407 0.279716 0.077766 1.000000 0.458911 -0.181134 -0.163612 0.203725 0.002565 -0.300518 -0.134540 -0.422145 -0.208023 0.160808 -0.034997 0.211054 0.187270 0.223311 0.148888 -0.224501 -0.276849 0.036359 -0.038133 0.033529 0.090943 0.140685 0.071439 -0.118306 0.005923 -0.373222 -0.375421 -0.196602 -0.064673 -0.506002 -0.330359 -0.404310 -0.441730 -0.239389 -0.302867 -0.234873 -0.073415 0.005906 -0.056508 0.004116 -0.243410 0.185533 -0.294216 0.443252 0.176875 0.114787 -0.170189 -0.061498 -0.241181 0.244440 -0.060043 0.133233 -0.112221 0.179470 0.266555 0.352198 0.247408 0.312234 0.244937 0.229617 0.042460 0.092380 0.113036 0.032317 0.067317 -0.149750 0.046781 0.053613 0.123688 -0.196652 -0.127772 -0.141598 -0.191676 0.080102 0.112176 0.090429 0.173505 -0.145486 0.203408 -0.117022 0.030734 0.203124 0.102464 0.310774 0.248942 0.193703 -0.172254 -0.113043 -0.139478 0.259478 0.134688 -0.098442 0.135713 0.093970 0.365137 0.010081 -0.034194
0.241772 0.377618 -0.102998 0.098766 0.016562 -0.147760 -0.216143 -0.105188 0.003324 -0.036207 0.025082 0.093207 -0.117920 -0.199823 0.130576 0.142174 0.348497 0.358159 0.458911 1.000000 -0.168230 -0.045304 -0.080670 -0.144770 -0.108873 -0.144762 -0.155160 -0.071336 0.229485 0.194007 -0.100424 0.030494 0.203028 0.213072 -0.067409 -0.258634 0.142203 0.141258 0.057730 -0.020701 -0.037900 0.048384 -0.270706 -0.264265 -0.287885 -0.451526 -0.274730 -0.141160 -0.274606 -0.147555 -0.352392 -0.152524 -0.108609 -0.060185 -0.237376 -0.203916 0.189594 0.235873 -0.145531 -0.139417 0.152322 -0.021885 0.329616 0.322800 -0.025041 -0.254365 -0.385023 -0.417630 0.337288 0.210717 0.098738 -0.111144 0.167714 0.127571 0.114578 0.065821 0.104326 0.065012 0.147614 0.128429 0.185800 0.256985 0.120469 0.337640 -0.156749 -0.079319 -0.005261 -0.044840 -0.092227 -0.000989 -0.026362 -0.000133 -0.071243 -0.069332 0.111695 0.127645 -0.161487 0.078653 -0.276630 -0.016619 0.239868 -0.024918 0.147320 0.079186 0.177786 0.153797 -0.118463 -0.001359 0.057708 0.075512 0.025635 0.023901 -0.001755 0.174192 0.170341 0.028215
-0.287454 -0.190988 -0.153472 0.003211 0.244033 0.474971 -0.196369 0.012680 0.220698 0.402195 -0.268411 0.032720 -0.252502 0.004609 0.124712 0.150308 -0.082414 0.080308 -0.181134 -0.168230 1.000000 0.405958 0.036992 -0.009113 0.539456 0.473471 0.320839 0.285512 0.147360 0.337722 0.429521 0.412693 0.273017 0.354571 0.220016 0.259114 0.311484 0.294015 0.155206 0.276969 0.177056 0.386515 -0.132612 -0.074581 -0.049430 -0.007500 -0.104578 -0.237283 -0.075081 -0.115707 -0.022906 -0.034569 -0.257111 -0.155152 0.106108 -0.050957 -0.261006 -0.350751 -0.343979 -0.209852 -0.235933 -0.027102 -0.088690 -0.095571 0.084300 0.170659 -0.080226 -0.032536 -0.101380 -0.319830 0.202896 0.155001 0.364210 0.242398 0.292710 0.297023 0.274880 0.195124 0.055438 0.137124 -0.075819 -0.047401 -0.090844 0.103338 -0.046213 -0.104303 -0.245103 -0.059982 0.007715 -0.077749 -0.094620 -0.067787 0.027346 -0.024367 0.069187 0.123308 0.165593 0.087891 -0.110844 0.007933 -0.131614 -0.047352 0.115746 0.139158 0.079956 -0.043168 0.134505 -0.119070 0.205129 0.266130 0.141062 0.296675 0.332965 0.134326 0.022778 0.046843
-0.263921 -0.340272 -0.209731 -0.103557 -0.080319 0.261664 -0.188770 -0.183589 -0.006091 0.107033 -0.147669 -0.067704 -0.002552 0.041596 0.187273 0.066120 0.023592 0.300901 -0.163612 -0.045304 0.405958 1.000000 -0.052652 0.056967 0.311040 0.490264 0.246424 0.547235 0.384741 0.493027 0.363611 0.576406 0.184424 0.432705 0.155973 0.101371 0.478782 0.440225 0.296086 0.490707 0.373065 0.413565 -0.180672 -0.078954 -0.141502 -0.078320 -0.212206 -0.215639 -0.234452 -0.159227 -0.147764 -0.079585 -0.276888 -0.259976 0.036277 0.078977 -0.167893 -0.355985 -0.325195 -0.181919 -0.249318 -0.152856 -0.044454 -0.083765 -0.054435 -0.019289 -0.175170 -0.168084 -0.019817 -0.390148 -0.061700 0.547073 0.398484 0.044080 0.116131 0.095235 0.038532 0.137040 0.280123 0.275988 0.152780 0.214753 0.244055 0.289244 -0.237741 -0.216504 0.023193 0.000143 -0.108750 -0.075577 -0.163875 -0.091907 -0.161479 -0.181279 0.435007 0.146678 0.096239 0.143364 -0.238182 0.181838 -0.107385 -0.259600 0.174023 0.294108 0.115554 0.055080 -0.229392 0.168485 0.077938 0.300463 0.300033 0.094653 0.083136 0.368856 0.352429 0.331212
-0.186764 -0.031670 0.565036 0.294016 0.200994 0.238853 0.325588 0.195089 0.375743 0.262331 -0.065168 0.132273 0.042406 0.047460 0.484283 0.124403 -0.219601 -0.159558 0.203725 -0.080670 0.036992 -0.052652 1.000000 0.578370 0.337326 0.459266 0.196434 0.186800 -0.087864 -0.243611 0.440246 0.338148 -0.265003 -0.043973 -0.088248 0.175388 -0.153773 -0.100851 -0.048925 -0.113524 0.055102 -0.052073 -0.100040 -0.037977 -0.294428 -0.236261 -0.100983 -0.226391 -0.086450 -0.227537 0.074386 -0.005072 -0.019797 -0.058035 0.066307 -0.158641 -0.292219 -0.044888 -0.083778 -0.150861 0.013324 -0.051825 -0.142183 -0.261781 0.620716 0.214499 -0.317388 -0.097868 -0.349793 -0.227083 0.035163 0.043155 -0.100782 0.130215 0.196925 0.225674 0.130030 0.177827 -0.099236 0.048035 -0.298895 -0.210744 -0.103553 -0.124756 0.093787 -0.117638 -0.025678 0.176933 0.434396 -0.035234 0.086480 0.162566 0.233400 0.339547 0.037415 0.045454 -0.214120 -0.159636 -0.093306 -0.254483 -0.036945 -0.031992 0.125410 0.000023 0.054960 -0.153169 -0.206527 -0.082622 -0.022496 -0.044093 0.044734 0.008899 0.113365 0.197476 0.063990 -0.177469
-0.211635 -0.183816 0.298230 0.528986 0.107962 0.185636 0.255599 0.358778 0.048699 0.253793 -0.263728 0.263263 -0.096521 0.014220 0.289246 0.163891 -0.301262 -0.387353 0.002565 -0.144770 -0.009113 0.056967 0.578370 1.000000 0.168008 0.549568 0.200298 0.361599 -0.344077 -0.367321 0.191817 0.368956 -0.515225 -0.240274 -0.041886 0.204459 -0.202039 -0.020183 -0.072968 -0.097530 -0.118622 -0.078584 -0.226502 -0.219222 -0.290802 -0.166543 -0.250732 -0.305934 -0.023130 -0.268028 0.351278 0.169354 0.190754 -0.029667 -0.080797 -0.275335 -0.245983 -0.075145 -0.037053 -0.071927 -0.178889 -0.177900 -0.254211 -0.426483 0.491979 0.350720 -0.072656 0.349341 -0.325241 -0.206951 0.016283 0.222768 -0.368588 0.096742 0.106961 0.059300 -0.118936 0.080864 -0.316677 -0.197880 -0.411163 -0.467546 -0.282806 -0.227594 0.189004 0.273117 -0.077960 0.225772 0.426106 0.137963 0.420679 0.390390 0.517254 0.250332 0.055945 0.080856 -0.340166 -0.391667 -0.131413 -0.245693 0.015936 0.062502 0.102461 0.017197 0.045506 0.012162 -0.199443 0.219363 -0.195753 -0.123535 0.068832 -0.089766 0.044976 0.029782 0.236163 -0.001281
-0.342564 -0.079739 0.029937 -0.100872 0.449286 0.684729 -0.130196 -0.166159 0.462375 0.383457 -0.125867 -0.044042 -0.012672 0.185847 0.404134 0.299334 -0.342935 0.030543 -0.300518 -0.108873 0.539456 0.311040 0.337326 0.168008 1.000000 0.709310 0.554930 0.383368 -0.038583 0.021961 0.322628 0.305755 -0.000617 0.248000 0.306077 0.471311 0.138937 0.274876 0.086971 0.005956 0.010491 0.126884 -0.185257 -0.160121 -0.146389 -0.076360 -0.147777 -0.280320 0.007876 -0.155253 0.045689 0.137661 -0.034241 -0.108961 0.100613 -0.249817 -0.290687 -0.158653 -0.155345 0.049465 -0.039845 0.266474 -0.303825 -0.092975 0.238899 0.239204 -0.136705 0.026174 -0.261046 -0.182871 0.088183 0.293870 -0.010035 0.046879 0.098862 0.216795 0.121545 0.174712 -0.151008 0.004089 -0.244980 -0.207939 -0.083085 0.014902 -0.131455 -0.289466 -0.135353 -0.091505 0.177823 0.044652 0.106225 0.254923 0.048809 0.128257 0.145462 0.119047 0.031419 -0.106823 -0.194236 -0.140735 -0.161654 0.035385 0.096601 0.137383 0.168966 0.005701 -0.015833 0.032907 0.082422 0.172744 0.293122 0.112689 0.228098 0.144855 0.243128 -0.004623
-0.477973 -0.222504 0.124002 0.180025 0.142871 0.529670 0.007088 0.033462 0.177916 0.399961 -0.245411 0.040891 0.000706 0.136449 0.371211 0.174700 -0.354025 -0.113264 -0.134540 -0.144762 0.473471 0.490264 0.459266 0.549568 0.709310 1.000000 0.397566 0.514786 -0.094109 -0.010057 0.422260 0.628466 -0.073592 0.352644 0.364341 0.575924 0.180187 0.335095 0.094925 0.119962 0.117258 0.204588 -0.403086 -0.274648 -0.380578 -0.208590 -0.382779 -0.400093 -0.212483 -0.387699 0.065395 0.058377 -0.138344 -0.317083 -0.021853 -0.302863 -0.434295 -0.358811 -0.235701 -0.091793 -0.120763 0.060601 -0.314320 -0.266546 0.370519 0.414692 -0.177004 0.098055 -0.291459 -0.343615 0.056044 0.498268 -0.009815 0.154077 0.229728 0.319967 0.189510 0.383855 -0.136072 0.012883 -0.331647 -0.284362 -0.107567 -0.109029 -0.204874 -0.240711 -0.054910 0.063607 0.185489 -0.068603 0.238625 0.301401 0.290750 0.289559 0.411638 0.331474 -0.044071 -0.015545 -0.344549 -0.113096 -0.022596 0.068599 0.318284 0.300775 0.276301 0.036330 -0.073175 0.086113 0.180681 0.282660 0.466387 0.110805 0.296928 0.329730 0.411590 0.147066
-0.209611 -0.252384 -0.073618 -0.351379 0.544981 0.525061 -0.195210 -0.332457 0.314391 0.176767 -0.007637 0.014760 0.068564 0.117649 0.438886 0.339904 -0.155032 0.076952 -0.422145 -0.155160 0.320839 0.246424 0.196434 0.200298 0.554930 0.397566 1.000000 0.563291 0.197629 0.122636 0.196904 0.079819 -0.168765 -0.066875 0.106815 0.201683 0.261617 0.260153 0.246378 0.065333 0.232111 0.245420 -0.000321 -0.038255 -0.022406 0.040001 -0.019137 -0.185474 0.170295 -0.040771 0.146696 0.174925 -0.072043 0.044509 0.397559 0.011312 -0.189786 -0.043322 -0.195741 -0.046753 -0.301470 -0.022428 -0.364213 -0.323311 0.116851 0.069079 -0.219346 0.047880 -0.287754 -0.192707 -0.019813 0.219379 0.118308 0.021563 0.063207 0.018567 -0.092784 -0.084506 -0.049993 0.171027 -0.051267 -0.019584 0.174298 0.225215 0.249652 -0.006359 0.146196 0.108885 0.429377 0.141977 -0.089704 0.107997 -0.113785 -0.044423 0.048144 -0.043601 0.074846 -0.142674 -0.076145 -0.193411 -0.314048 -0.188871 -0.279288 -0.125252 -0.083471 0.134951 0.025850 -0.076559 -0.058003 0.097927 0.167932 -0.124834 -0.065543 -0.154803 0.048031 -0.008743
-0.213266 -0.168348 -0.239797 -0.115854 0.126484 0.345171 -0.324149 -0.350572 -0.021689 -0.035858 -0.116366 -0.026851 -0.011260 -0.016869 0.260462 0.191150 -0.040047 0.201530 -0.208023 -0.071336 0.285512 0.547235 0.186800 0.361599 0.383368 0.514786 0.563291 1.000000 0.278035 0.239614 0.332783 0.332673 0.047142 0.017908 0.152731 0.142423 0.395082 0.428697 0.520760 0.411364 0.349586 0.470135 -0.162915 -0.060785 -0.213316 -0.162218 -0.171880 -0.185405 -0.119988 -0.157173 -0.099206 0.053172 -0.178918 -0.129589 0.259185 0.174891 -0.174591 -0.187663 -0.243979 -0.150675 -0.413710 -0.156992 -0.225507 -0.192246 -0.025357 -0.078300 -0.275137 -0.080990 -0.149422 -0.348678 -0.211941 0.370283 0.189983 0.053828 0.184295 0.007642 -0.121028 -0.003061 0.064471 0.149493 0.046303 0.093521 0.341161 0.311181 -0.036575 -0.010165 0.345838 0.338863 0.117605 0.104649 -0.154612 -0.039758 -0.143958 -0.190614 0.307886 0.094087 0.217861 0.077051 -0.091236 -0.048365 -0.263371 -0.273120 -0.029740 0.126186 0.063347 0.299841 -0.063013 0.034141 -0.016306 0.376123 0.326573 0.036786 0.017653 0.189479 0.432784 0.202362
0.088518 -0.151287 -0.274896 -0.326309 -0.017949 -0.004552 -0.383716 -0.409890 0.039248 -0.159457 0.288744 0.073050 0.132784 -0.119579 0.245682 0.151350 0.549671 0.650011 0.160808 0.229485 0.147360 0.384741 -0.087864 -0.344077 -0.038583 -0.094109 0.197629 0.278035 1.000000 0.716761 0.358169 0.188341 0.446190 0.188558 -0.249148 -0.402101 0.554771 0.272005 0.414174 0.437392 0.675158 0.469333 0.088510 0.189119 -0.055306 -0.138532 0.064080 -0.084529 -0.249850 0.001841 -0.463671 -0.339476 -0.390508 -0.104084 0.299334 0.302561 0.047164 -0.019183 -0.428568 -0.447989 -0.203264 -0.348483 0.262172 0.055481 -0.195770 -0.439091 -0.471640 -0.641345 0.064818 -0.239774 -0.021247 0.136519 0.735822 0.108034 0.191719 0.117298 0.126929 -0.007772 0.715887 0.657930 0.680390 0.720529 0.630303 0.732949 0.045737 -0.016422 0.280725 0.078802 -0.222795 -0.165373 -0.644431 -0.531234 -0.452420 -0.322650 0.206959 -0.036395 0.177110 0.368138 -0.109013 -0.022669 -0.236436 -0.353735 -0.082113 0.021511 -0.129826 -0.055490 -0.183906 -0.205891 0.071773 0.283135 -0.120446 -0.025951 -0.115984 0.207091 -0.094979 0.095941
-0.219297 -0.301002 -0.277657 -0.291990 0.061757 0.153840 -0.348374 -0.271427 0.094833 0.037531 -0.079135 -0.022766 0.020817 0.021734 0.150785 0.177201 0.376060 0.710019 -0.034997 0.194007 0.337722 0.493027 -0.243611 -0.367321 0.021961 -0.010057 0.122636 0.239614 0.716761 1.000000 0.222175 0.291841 0.510975 0.448857 -0.040909 -0.224312 0.762170 0.545315 0.468542 0.479704 0.671359 0.667793 -0.147831 -0.088658 -0.175776 -0.219656 -0.173635 -0.221503 -0.252574 -0.132300 -0.339660 -0.250044 -0.333746 -0.224777 0.325245 0.166261 -0.146480 -0.286798 -0.392267 -0.348364 -0.205755 -0.216862 0.185404 0.074805 -0.264551 -0.265423 -0.292579 -0.494785 0.127726 -0.240563 0.205181 0.346429 0.885287 0.370252 0.381913 0.298276 0.256045 0.141495 0.506821 0.534981 0.408019 0.489624 0.355159 0.590574 -0.195713 -0.141117 0.014778 0.038425 -0.228714 -0.061388 -0.352604 -0.310950 -0.315472 -0.246628 0.330369 0.176177 0.156730 0.361920 -0.210627 0.126144 -0.110344 -0.211707 0.085514 0.172223 -0.032123 -0.005156 -0.242548 -0.085680 0.089961 0.415801 0.001235 0.030543 0.024713 0.236974 0.020399 0.164414
-0.145914 -0.145589 -0.000553 0.132188 0.017029 0.097290 -0.163669 -0.024333 0.117885 0.104239 -0.135255 0.145832 -0.063683 -0.077636 0.291955 0.082345 0.045861 0.128544 0.211054 -0.100424 0.429521 0.363611 0.440246 0.191817 0.322628 0.422260 0.196904 0.332783 0.358169 0.222175 1.000000 0.641998 0.215993 0.287097 -0.089267 0.049308 0.205593 0.110114 0.113334 0.253500 0.285123 0.242882 -0.075753 0.047232 -0.134252 -0.135436 -0.079534 -0.235639 -0.241335 -0.178667 -0.284968 -0.291032 -0.301115 -0.280354 0.084913 0.070057 -0.190686 -0.214490 -0.278559 -0.299696 -0.202250 -0.175262 0.039978 -0.064929 0.250283 -0.059242 -0.282720 -0.296108 -0.133944 -0.368731 0.004358 0.237184 0.339095 0.165766 0.274743 0.241863 0.258079 0.229717 0.249244 0.237927 0.076323 0.074850 0.085771 0.189777 0.007649 -0.086833 0.014194 -0.016368 0.035273 -0.208735 -0.286223 -0.279279 -0.091997 -0.069305 0.228090 0.188955 0.138750 0.260596 -0.040451 0.022015 -0.174593 -0.240448 0.211232 0.125675 0.218022 -0.078287 -0.186211 -0.230157 0.203545 0.340172 0.179838 0.172008 0.210417 0.274891 0.093806 0.029742
-0.319893 -0.266650 0.141249 0.331394 0.003335 0.244080 0.047156 0.249538 0.132939 0.394025 -0.289398 0.284852 -0.113930 0.144071 0.301352 0.188946 -0.173045 0.081478 0.187270 0.030494 0.412693 0.576406 0.338148 0.368956 0.305755 0.628466 0.079819 0.332673 0.188341 0.291841 0.641998 1.000000 0.141240 0.608333 0.108314 0.198858 0.341066 0.337158 0.095871 0.159672 0.290183 0.297544 -0.460616 -0.381794 -0.427687 -0.360709 -0.494712 -0.551271 -0.429747 -0.492038 -0.180452 -0.247257 -0.276102 -0.449627 -0.084684 -0.315990 -0.370801 -0.472088 -0.317251 -0.310984 -0.086789 -0.040531 0.002405 -0.086339 0.411585 0.294305 -0.190243 -0.147821 -0.146602 -0.505311 0.115705 0.461809 0.332609 0.299374 0.395426 0.453035 0.312116 0.413594 0.102125 0.166649 -0.135876 -0.103167 -0.062029 0.137405 -0.178831 -0.086610 -0.148825 0.001862 0.092432 -0.035344 0.099792 0.081627 0.252540 0.169313 0.381911 0.360248 -0.175709 0.011510 -0.402664 0.000642 0.086505 -0.021128 0.466274 0.410121 0.393494 -0.046640 -0.290734 0.059455 0.141164 0.249454 0.272706 0.092819 0.281248 0.411489 0.345263 0.190852
0.012490 0.186563 -0.248792 -0.116614 -0.180208 -0.021972 -0.279452 -0.193765 -0.042366 0.047544 -0.056774 -0.189317 -0.162967 -0.178785 -0.264087 -0.098433 0.454320 0.456600 0.223311 0.203028 0.273017 0.184424 -0.265003 -0.515225 -0.000617 -0.073592 -0.168765 0.047142 0.446190 0.510975 0.215993 0.141240 1.000000 0.547107 0.180203 -0.019204 0.496161 0.247659 0.336352 0.280063 0.393062 0.437251 -0.074206 0.081671 -0.147478 -0.163517 -0.051946 -0.040512 -0.466450 -0.203283 -0.589990 -0.471154 -0.484423 -0.320068 -0.057395 0.182837 0.100472 -0.071499 -0.252788 -0.320777 -0.045673 -0.011766 0.264609 0.357858 -0.228764 -0.186156 -0.044765 -0.445981 0.407398 -0.090077 0.094384 0.038332 0.605651 0.199139 0.246216 0.225402 0.352850 0.187606 0.414226 0.301274 0.398116 0.498373 0.271084 0.208442 -0.287454 -0.173258 0.150761 -0.006778 -0.390591 -0.243406 -0.512762 -0.538752 -0.372164 -0.222247 0.238856 0.211492 0.330209 0.580597 -0.146804 0.187584 -0.044157 -0.134962 0.214905 0.189679 0.164465 -0.008874 -0.008098 -0.298627 0.266175 0.443597 0.172552 0.213707 0.108466 0.261274 0.021313 0.080589
-0.260806 -0.013235 0.065833 0.077250 -0.081188 0.252184 -0.020519 0.128013 0.171969 0.422261 -0.170160 0.047707 -0.117441 0.155396 0.052637 -0.001633 0.022314 0.366197 0.148888 0.213072 0.354571 0.432705 -0.043973 -0.240274 0.248000 0.352644 -0.066875 0.017908 0.188558 0.448857 0.287097 0.608333 0.547107 1.000000 0.369169 0.277345 0.442171 0.357528 0.095244 0.089058 0.257728 0.230105 -0.407352 -0.299933 -0.322928 -0.241227 -0.421992 -0.353763 -0.530748 -0.408298 -0.409035 -0.392310 -0.450022 -0.551070 -0.174338 -0.274232 -0.202303 -0.361161 -0.321319 -0.223822 0.030488 0.166947 0.044563 0.185662 0.131318 0.236196 -0.047697 -0.243320 0.152217 -0.207563 0.226183 0.399949 0.445006 0.229694 0.234660 0.418565 0.442165 0.460125 0.217090 0.239597 0.016897 0.119841 0.023044 0.077647 -0.394867 -0.370270 -0.096713 -0.155600 -0.114625 -0.177995 -0.032077 -0.070850 0.026648 0.152218 0.398055 0.296763 0.000242 0.309509 -0.441157 0.119511 0.168235 0.067912 0.467164 0.330879 0.342197 -0.095124 -0.224553 -0.122118 0.284357 0.305555 0.394263 0.211768 0.265024 0.331741 0.167754 0.118666
-0.503606 -0.153260 0.031792 -0.053616 0.041884 0.287895 0.052402 -0.018007 0.013383 0.312274 -0.115672 -0.027838 -0.097480 0.054627 -0.099896 -0.105341 -0.329890 -0.148608 -0.224501 -0.067409 0.220016 0.155973 -0.088248 -0.041886 0.306077 0.364341 0.106815 0.152731 -0.249148 -0.040909 -0.089267 0.108314 0.180203 0.369169 1.000000 0.825406 0.150053 0.338500 0.122944 0.069237 -0.174955 0.108108 -0.334811 -0.237579 -0.231393 -0.051957 -0.305656 -0.075623 -0.218395 -0.329314 -0.008192 0.053424 -0.242272 -0.362152 -0.142795 -0.187160 -0.467037 -0.366855 -0.200262 0.037151 -0.128279 0.186056 -0.421340 -0.102632 0.052587 0.533858 0.221955 0.339342 -0.070659 0.042065 -0.076358 0.255372 -0.086612 -0.019993 0.022844 0.068338 0.156748 0.309072 -0.268193 -0.146155 -0.297193 -0.213585 0.001719 -0.131698 -0.277043 -0.246377 0.101142 0.124688 0.034849 -0.154920 0.264945 0.290513 0.112279 0.240773 0.431880 0.278174 0.253785 0.236986 -0.273340 -0.080992 0.006577 0.146733 0.236739 0.228689 0.390301 0.416401 0.339083 0.179190 0.369806 0.352482 0.656788 0.217742 0.131208 0.180206 0.508649 0.450637
-0.506079 -0.111675 0.228333 0.033446 0.133344 0.424693 0.150957 0.091686 0.102596 0.420948 -0.081302 0.082978 0.059446 0.269405 0.068031 -0.004880 -0.514663 -0.294741 -0.276849 -0.258634 0.259114 0.101371 0.175388 0.204459 0.471311 0.575924 0.201683 0.142423 -0.402101 -0.224312 0.049308 0.198858 -0.019204 0.277345 0.825406 1.000000 -0.031471 0.149516 -0.012874 -0.100768 -0.242082 0.006902 -0.277988 -0.177741 -0.218663 0.051228 -0.262602 -0.073438 -0.154826 -0.305031 0.102134 0.051273 -0.175073 -0.371747 -0.129723 -0.278868 -0.490314 -0.359420 -0.079133 0.056303 -0.018547 0.249318 -0.517075 -0.277357 0.240357 0.682552 0.226816 0.441462 -0.252675 -0.058129 -0.063780 0.284209 -0.237966 -0.034400 0.002021 0.143396 0.148461 0.327600 -0.365384 -0.232548 -0.481395 -0.421017 -0.161541 -0.339012 -0.262807 -0.339595 -0.006252 -0.026312 0.161584 -0.182857 0.360536 0.348943 0.256582 0.357815 0.310198 0.275623 0.147402 0.080675 -0.177505 -0.102673 -0.004607 0.194294 0.266140 0.228418 0.391558 0.222078 0.257419 0.086221 0.300826 0.266509 0.654679 0.192988 0.278653 0.184214 0.473867 0.269770
