1.000000 0.231594 0.237175 0.032797 -0.134263 -0.148481 0.407706 0.012078 0.086959 -0.078575 0.356412 0.074144 0.332710 0.145167 -0.000995 -0.064502 0.115743 0.058728 0.192705 -0.217549 -0.055816 -0.005524 0.252575 0.096493 0.113071 -0.040583 -0.079621 -0.084897 -0.079488 -0.033389 -0.080982 -0.096284 -0.032622 0.023253 0.076143 -0.016855 0.114808 0.237397 -0.024792 0.177346 0.066734 0.145572 -0.064811 -0.090798 -0.240859 -0.302447 -0.214432 -0.103166 -0.048809 -0.159561 0.096835 0.196608 0.153479 0.144440 0.162778 0.142429 0.179803 0.091009 0.114550 -0.000596 0.158614 0.052130 0.032523 0.086909 0.022989 0.050307 -0.033974 -0.302928 0.200992 -0.270595 -0.071940 -0.196393 0.105372 0.185930 0.268403 -0.026014 -0.013224 -0.133771 -0.015480 -0.216188 -0.108059 -0.112999 0.015980 -0.084520 -0.021515 0.136406 0.086234 -0.142814 -0.038736 0.272682 -0.301733 0.019838 -0.024783 0.247758 0.185961 0.162286 0.049728 0.079822 -0.010975 0.243728 0.184084 0.047494 0.098273 0.211805 -0.093643 -0.052376 0.038337 0.114070 -0.227624 0.088067 -0.138505 0.017043 -0.048312 0.141174 0.217888 -0.151159
0.231594 1.000000 -0.300404 0.187957 -0.099820 -0.068694 0.003462 0.147156 -0.227998 0.142049 0.299378 0.524545 0.359821 0.443316 -0.109590 0.058498 0.275171 0.315247 0.050575 0.147917 -0.418437 -0.203524 -0.203964 -0.159895 -0.329134 -0.193721 -0.230755 -0.352933 0.077210 0.291040 -0.133662 -0.261760 0.167631 0.199426 -0.190217 -0.196162 0.002021 -0.000170 -0.281028 -0.006906 -0.184518 -0.051221 -0.074959 -0.189996 0.013864 -0.224611 -0.032269 -0.186567 -0.001370 -0.081371 0.312953 0.107484 0.117180 0.071407 0.000812 -0.075092 0.220172 0.236402 -0.143080 0.012579 0.040607 0.367158 0.373939 0.447801 -0.088488 0.008754 -0.123685 -0.311390 0.270649 0.035935 -0.060672 -0.039314 0.149871 0.139935 0.050182 0.032671 -0.189939 -0.179359 0.067742 -0.005583 0.184601 0.225098 -0.014708 0.073069 0.372894 0.390264 0.030301 0.000134 -0.089288 0.111943 -0.238870 -0.201521 0.054060 -0.272361 -0.039539 0.008525 -0.282441 -0.010631 -0.055553 -0.233166 0.255938 -0.354149 -0.052350 -0.370642 -0.126379 -0.244390 -0.126656 0.194142 -0.166246 -0.006061 -0.261501 -0.165403 0.010576 -0.186839 -0.127187 -0.133603
0.237175 -0.300404 1.000000 0.316373 0.258096 0.100766 0.660256 0.374144 0.521936 0.070038 -0.347280 -0.055519 0.005065 0.040257 0.234990 0.223749 -0.463132 -0.359884 0.161985 -0.186996 0.270403 0.105774 0.527431 0.593179 0.498994 0.180981 0.216129 0.115082 -0.386374 -0.088038 0.240929 0.345028 -0.253539 -0.102862 0.220934 0.294459 0.293015 0.334767 0.387554 0.322197 0.283820 0.473628 -0.328779 -0.267308 -0.370578 -0.302345 -0.480599 -0.260766 0.023030 -0.243176 -0.201276 0.004823 0.095018 -0.293158 0.157983 -0.287788 -0.499651 -0.501852 0.420283 0.072821 0.372423 0.043910 -0.263230 -0.318252 0.483078 0.485869 -0.000192 0.329709 -0.446512 -0.420925 -0.116066 -0.092725 -0.036348 0.332691 0.303596 0.110003 0.009817 0.067735 -0.442010 -0.484943 -0.515633 -0.499899 -0.142310 -0.223518 -0.411759 -0.216586 -0.066165 -0.106196 0.238140 -0.034775 0.156221 0.414020 0.385077 0.620326 0.144802 0.197236 0.098822 0.147734 -0.177903 0.200927 0.043427 0.330126 0.284425 0.500290 0.177376 0.258728 0.137533 -0.191711 0.111263 0.025624 0.373230 0.317655 0.331196 0.371658 0.287763 -0.215803
0.032797 0.187957 0.316373 1.000000 0.017168 0.286670 0.117353 0.477008 -0.101503 0.152316 -0.115650 0.426262 -0.088300 0.292303 -0.057355 0.266932 -0.237288 -0.095299 -0.157888 -0.028046 -0.047795 0.122373 0.402121 0.622580 0.291002 0.420272 0.044016 0.114536 -0.170316 0.216835 0.215803 0.318800 -0.171603 -0.005655 0.186492 0.114675 0.120984 0.092953 0.158144 0.162208 0.060634 0.219327 -0.302029 -0.280015 -0.297841 -0.423910 -0.269316 -0.270163 -0.109486 -0.362264 0.063016 -0.044490 -0.003097 -0.195226 0.114446 -0.297417 -0.328888 -0.348951 -0.322671 -0.224274 -0.211755 0.008047 0.223131 0.144143 0.462919 0.284985 -0.424537 0.165180 -0.356509 -0.375686 -0.140861 0.035154 -0.034350 0.278653 0.205802 0.090340 -0.056924 0.039350 -0.104038 -0.145275 -0.151354 -0.090477 0.109765 0.170635 0.079292 0.283847 0.283527 0.314929 0.285239 -0.139193 -0.005982 0.018676 0.438542 0.093065 0.044655 0.047183 -0.252913 0.085690 -0.178732 -0.213824 0.152205 -0.056278 0.092456 0.047652 0.003652 0.074584 0.046378 -0.033703 -0.110444 0.120651 0.208664 0.118776 0.218815 0.093888 0.128611 0.009280
-0.134263 -0.099820 0.258096 0.017168 1.000000 0.409571 0.318852 0.393082 0.459823 0.465345 -0.213618 0.178364 -0.126887 0.104581 0.343534 0.377416 -0.416323 -0.342606 -0.096112 0.309795 0.121081 -0.130780 -0.062572 0.368978 0.095335 0.155207 0.395982 0.104919 -0.136806 0.161216 0.237452 0.358033 -0.252868 0.024444 -0.027593 0.204885 0.193510 0.064889 0.211578 0.070856 0.093546 0.432748 -0.331185 -0.342959 -0.195033 -0.176292 -0.332976 -0.400714 0.013577 -0.205239 -0.250559 -0.228243 -0.227917 -0.321028 -0.069393 -0.311312 -0.442295 -0.468766 0.104541 -0.173707 0.113734 0.222017 -0.056122 -0.174242 0.097984 0.300153 -0.137773 0.199091 -0.373491 -0.130964 -0.104791 -0.095132 0.063035 0.225486 0.129342 0.152680 -0.049042 0.198552 -0.436043 -0.313259 -0.300022 -0.263317 -0.043324 -0.027754 -0.296376 -0.318158 -0.330049 -0.040335 0.119054 -0.306320 0.371130 0.451870 0.440869 0.345107 -0.069493 0.002014 -0.259445 0.149905 -0.161812 -0.059411 -0.044333 0.242628 0.286044 0.190579 0.218706 0.306130 0.279500 -0.418032 0.155229 -0.109440 0.346812 0.395457 0.449575 0.358674 0.083979 -0.254272
-0.148481 -0.068694 0.100766 0.286670 0.409571 1.000000 -0.051702 0.185338 0.026925 0.244209 -0.332984 -0.011229 -0.280486 -0.024452 0.109410 0.147435 -0.293039 -0.135148 -0.191329 0.006077 0.140206 0.047171 0.123230 0.256798 0.311296 0.440245 0.483336 0.469783 -0.347253 0.035353 0.059215 0.155065 -0.286407 -0.088819 0.199214 0.101806 0.005119 0.077568 0.243628 0.167617 0.094783 0.221679 0.017639 -0.081646 -0.064153 -0.111238 -0.062666 -0.118832 0.070328 -0.197527 -0.078757 -0.159325 -0.090526 -0.213247 0.216208 -0.080091 -0.267623 -0.247445 -0.045663 -0.128235 -0.095142 -0.159097 -0.011934 -0.082788 0.089546 0.013674 -0.209078 0.098645 -0.183023 -0.181873 0.008363 -0.021039 -0.101378 0.123500 0.075303 -0.048721 -0.090530 -0.002468 -0.245459 -0.202808 -0.242577 -0.223094 -0.102996 -0.128698 -0.213629 -0.179509 -0.120209 0.257565 0.201137 0.080889 0.273028 0.324752 0.288292 0.096201 0.100172 0.006730 -0.042744 0.076468 0.066149 -0.156637 -0.052107 0.186923 0.011360 0.126996 0.132192 0.199732 0.220705 0.046369 0.103074 -0.060461 0.295571 0.272857 0.071923 0.319352 0.133230 -0.182212
0.407706 0.003462 0.660256 0.117353 0.318852 -0.051702 1.000000 0.621658 0.395284 0.456952 0.039378 0.335978 0.413346 0.456736 0.233377 0.525524 -0.289693 -0.201801 0.005819 -0.122038 -0.003012 0.195769 0.046660 0.474655 0.229804 0.072696 -0.029561 -0.126332 -0.060584 0.333979 0.459066 0.426842 -0.218047 0.050621 -0.105789 0.241873 0.498397 0.476071 0.037075 0.317364 0.331803 0.513984 -0.407190 -0.371093 -0.469518 -0.438051 -0.504494 -0.410071 -0.163717 -0.420002 -0.236563 -0.219202 0.161295 -0.329207 0.155503 -0.241598 -0.409156 -0.463232 0.193038 -0.152317 0.439851 0.436791 0.080431 -0.068058 0.180226 0.572052 -0.238820 0.018890 -0.256902 -0.466998 -0.132922 0.054667 0.237656 0.508543 0.388101 0.276051 0.179903 0.212941 -0.312049 -0.381288 -0.323394 -0.313149 -0.167848 0.032930 -0.232259 -0.174197 -0.257810 -0.258209 0.185392 0.043131 -0.068604 0.231355 0.479820 0.522438 0.120894 0.372101 -0.055144 0.226969 -0.258197 0.104335 0.356537 0.255387 0.353444 0.361085 0.073298 0.142691 0.013530 -0.007953 0.082939 0.163182 0.198331 0.196803 0.336634 0.329823 0.285572 -0.158500
0.012078 0.147156 0.374144 0.477008 0.393082 0.185338 0.621658 1.000000 0.111979 0.703022 -0.057633 0.578784 0.148796 0.642736 0.124635 0.627610 -0.266330 -0.108267 -0.193196 0.131539 -0.089498 0.155680 -0.171349 0.512038 0.117731 0.182872 -0.044939 -0.066933 -0.004605 0.619068 0.416894 0.531867 -0.295296 0.053298 -0.217002 0.186634 0.347030 0.259010 0.047628 0.307978 0.197562 0.545982 -0.549669 -0.524984 -0.415922 -0.492474 -0.451167 -0.529397 -0.209318 -0.460922 -0.142690 -0.176598 0.189594 -0.342426 0.109114 -0.290989 -0.552549 -0.636732 -0.113011 -0.182354 0.120156 0.567897 0.370760 0.230140 0.097000 0.604186 -0.416561 0.088196 -0.512472 -0.547533 -0.070980 0.217729 0.291826 0.626708 0.409625 0.287560 -0.045098 0.129816 -0.177587 -0.236938 -0.173229 -0.107806 -0.078162 0.184620 -0.047251 -0.050997 -0.172258 0.010853 0.236664 -0.066286 0.111534 0.147193 0.651445 0.187432 0.010078 0.249922 -0.296968 0.209959 -0.208586 -0.119898 0.370536 0.019980 0.286332 0.062615 0.110577 0.158895 -0.003833 -0.135427 0.102898 0.116224 0.128483 0.209169 0.389275 0.200003 0.104963 -0.045764
0.086959 -0.227998 0.521936 -0.101503 0.459823 0.026925 0.395284 0.111979 1.000000 0.091371 -0.225953 -0.070980 -0.035869 0.001877 0.546899 0.299191 -0.308994 -0.363097 0.120237 0.199731 0.177499 -0.130476 0.200118 0.454476 0.145022 0.070768 0.118529 0.122134 -0.139807 -0.095514 0.067904 0.236563 -0.196021 -0.010383 0.167036 0.403657 0.237269 0.248398 0.309626 0.129169 0.256323 0.390661 -0.364049 -0.324493 -0.356955 -0.229169 -0.471599 -0.366497 -0.065405 -0.226862 -0.380111 -0.223372 -0.150904 -0.378657 0.058690 -0.357711 -0.428268 -0.428087 0.451944 0.008827 0.475711 0.082457 -0.264996 -0.388616 0.211000 0.313734 0.073771 0.268178 -0.360837 -0.137233 -0.081441 -0.209708 0.028930 0.159053 0.156962 0.126953 -0.009647 0.113783 -0.376209 -0.385576 -0.344143 -0.340103 -0.034273 -0.044845 -0.435876 -0.344799 -0.160301 -0.176184 0.186575 -0.282502 0.368480 0.413834 0.342361 0.478289 0.081257 -0.089052 -0.083825 0.129455 -0.262586 0.120057 -0.038676 0.235036 0.261663 0.371071 0.265576 0.383515 0.310717 -0.228998 0.214165 -0.170371 0.405455 0.347898 0.308962 0.335850 0.210810 -0.183009
-0.078575 0.142049 0.070038 0.152316 0.465345 0.244209 0.456952 0.703022 0.091371 1.000000 -0.016430 0.489026 0.215827 0.557765 0.123835 0.677106 -0.138194 -0.028378 -0.280220 0.165420 -0.208962 0.049664 -0.244125 0.383108 -0.000733 0.071062 0.013659 -0.027512 0.032822 0.526738 0.385191 0.382191 -0.270301 0.040275 -0.327298 0.051802 0.119239 0.110309 -0.151187 0.136643 0.023811 0.285556 -0.347621 -0.369286 -0.236426 -0.316658 -0.295971 -0.388203 -0.043449 -0.344746 -0.098554 -0.265103 0.145739 -0.275196 -0.003960 -0.267893 -0.378040 -0.418268 -0.041990 -0.232250 0.215900 0.597220 0.406380 0.269894 -0.051281 0.444057 -0.302144 -0.029194 -0.279138 -0.193384 -0.123594 0.064027 0.174888 0.295269 0.121273 0.153047 -0.097818 0.075165 -0.198545 -0.159545 -0.102841 -0.071904 -0.022476 0.248008 -0.013030 -0.099372 -0.278474 -0.020571 0.187248 -0.014582 0.159269 0.091279 0.534194 0.111057 -0.127984 0.144781 -0.359514 0.138952 -0.209791 -0.236364 0.287982 -0.026122 0.155580 -0.028798 0.078677 0.093704 0.153291 -0.077431 0.060974 0.017219 0.107750 0.109682 0.365103 0.174579 -0.079235 -0.029012
0.356412 0.299378 -0.347280 -0.115650 -0.213618 -0.332984 0.039378 -0.057633 -0.225953 -0.016430 1.000000 0.290209 0.549188 0.242753 -0.146509 -0.067035 0.448558 0.350912 -0.103591 -0.142344 -0.404075 0.166817 -0.126026 -0.293173 -0.441952 -0.206582 -0.259181 -0.233858 0.332635 0.142716 -0.188497 -0.261279 0.062142 -0.091504 -0.273282 -0.375312 -0.078011 -0.146293 -0.366787 -0.300201 -0.166083 -0.324808 0.331269 0.302148 0.131644 0.039438 0.315681 0.213631 -0.010974 0.055887 0.201351 0.099223 0.149097 0.295411 -0.090910 0.244944 0.405443 0.400799 -0.312212 -0.257856 -0.132705 0.053468 0.152657 0.314083 -0.201792 -0.192640 -0.202138 -0.446067 0.278562 0.007659 -0.116642 0.077111 0.079421 -0.094939 -0.143785 -0.039020 0.057089 -0.108692 0.354813 0.236702 0.392272 0.335311 0.267643 0.277945 0.552792 0.467827 0.097927 0.107363 -0.068009 0.259733 -0.452045 -0.365020 -0.223392 -0.192517 -0.155761 0.152807 0.038948 -0.337448 0.095269 -0.053087 0.274074 -0.144068 -0.244219 -0.339405 -0.357651 -0.407305 -0.395797 0.187779 -0.247117 0.106479 -0.533505 -0.411699 -0.314525 -0.368660 -0.030790 0.100367
0.074144 0.524545 -0.055519 0.426262 0.178364 -0.011229 0.335978 0.578784 -0.070980 0.489026 0.290209 1.000000 0.470318 0.798890 -0.014260 0.603355 -0.029615 0.094756 -0.352033 0.016325 -0.303771 0.039281 -0.122648 0.317860 -0.176147 -0.056526 -0.224720 -0.320883 0.173894 0.515741 0.193980 0.211114 -0.127104 0.018613 -0.243721 -0.016797 0.349662 0.213641 -0.200941 0.056321 -0.062477 0.208091 -0.187713 -0.180571 -0.209060 -0.311470 -0.181514 -0.345950 -0.193181 -0.344323 -0.011325 -0.179512 0.030372 -0.230879 -0.030724 -0.291445 -0.178654 -0.226919 -0.301281 -0.400394 0.081083 0.549806 0.481143 0.356696 0.151441 0.416138 -0.536098 -0.125130 -0.162305 -0.309461 0.036665 0.104717 0.127360 0.360123 0.202155 0.271603 0.098764 0.182073 -0.079901 -0.125634 0.044682 0.024121 0.026487 0.378120 0.369201 0.380958 -0.110771 0.045188 0.240812 -0.055141 -0.229796 -0.207953 0.494495 0.039567 -0.021457 0.106780 -0.354499 0.115973 -0.274015 -0.239905 0.445323 -0.125563 0.096871 -0.244202 -0.017052 -0.185782 -0.183463 0.029245 -0.093508 0.247396 -0.111119 -0.132503 0.254505 -0.088944 -0.031596 -0.085784
0.332710 0.359821 0.005065 -0.088300 -0.126887 -0.280486 0.413346 0.148796 -0.035869 0.215827 0.549188 0.470318 1.000000 0.594077 0.229897 0.343969 0.352282 0.233520 -0.066351 -0.125413 -0.207668 0.061992 -0.070141 -0.019809 -0.194278 -0.325976 -0.237352 -0.368620 0.305278 0.322744 0.064492 -0.146492 0.031274 0.005526 -0.352215 -0.220324 0.242926 0.245181 -0.356897 0.065550 -0.032146 -0.042583 0.058007 0.008095 -0.167155 -0.225856 -0.034508 -0.080325 -0.034497 -0.182160 0.054436 -0.117709 0.268582 0.002047 0.006817 -0.042355 0.136230 0.117937 0.013825 -0.210644 0.320005 0.392468 0.309618 0.224716 -0.061578 0.177268 -0.261473 -0.344844 0.055076 -0.096873 0.003395 0.178515 0.199680 0.127060 0.126772 0.107712 0.171154 0.017478 0.105650 -0.096565 0.234132 0.145615 0.099179 0.266618 0.367227 0.348278 -0.203049 -0.168503 0.072809 0.345467 -0.321629 -0.190239 0.058873 0.069961 -0.024143 0.111658 -0.042607 -0.170297 -0.181438 -0.051751 0.444964 -0.077060 -0.098357 -0.201365 -0.207309 -0.371665 -0.312623 0.193511 -0.233322 0.256329 -0.322912 -0.439966 -0.041452 -0.229719 -0.025645 -0.074726
0.145167 0.443316 0.040257 0.292303 0.104581 -0.024452 0.456736 0.642736 0.001877 0.557765 0.242753 0.798890 0.594077 1.000000 0.132100 0.610989 0.052134 0.207581 -0.260016 0.049262 -0.220312 0.067227 -0.188754 0.289014 -0.099071 -0.160960 -0.199290 -0.204805 0.160931 0.521435 0.138005 0.178979 -0.229278 -0.017199 -0.378406 -0.000763 0.331005 0.289460 -0.119504 0.243218 0.000905 0.252071 -0.248860 -0.263444 -0.380278 -0.451634 -0.268611 -0.428993 -0.190102 -0.433410 -0.013402 -0.203379 0.341953 -0.191633 0.170160 -0.227798 -0.222293 -0.269586 -0.067218 -0.242502 0.308499 0.583942 0.501768 0.338193 0.040209 0.501539 -0.478921 -0.229892 -0.216879 -0.365737 0.026351 0.175053 0.184471 0.413645 0.279901 0.300316 0.054166 0.101867 -0.033764 -0.143425 0.038603 0.025895 -0.093703 0.288101 0.232359 0.192991 -0.136940 -0.023820 0.296005 0.187847 -0.143618 -0.142157 0.477001 0.062879 0.031225 0.137811 -0.219180 0.141265 -0.185901 -0.113738 0.521508 -0.096487 0.172133 -0.179205 -0.009391 -0.128724 -0.177730 0.051072 -0.096706 0.303902 -0.141642 -0.091071 0.249456 -0.024884 0.010321 -0.007628
-0.000995 -0.109590 0.234990 -0.057355 0.343534 0.109410 0.233377 0.124635 0.546899 0.123835 -0.146509 -0.014260 0.229897 0.132100 1.000000 0.351856 -0.112806 -0.219441 0.003170 0.151263 0.222915 0.013019 0.045077 0.343596 0.145037 0.019826 0.320813 0.222391 0.244250 0.244712 0.095593 0.180204 -0.137183 0.113360 0.157884 0.268249 0.217467 0.257688 0.236059 0.322836 0.379640 0.398437 -0.320969 -0.378621 -0.432344 -0.372153 -0.360429 -0.328662 -0.124548 -0.313324 -0.396865 -0.358263 -0.041215 -0.333631 0.125412 -0.201260 -0.379061 -0.376365 0.258592 0.021602 0.383011 0.236172 -0.047379 -0.166183 0.121152 0.285144 -0.104100 -0.040568 -0.301924 -0.175153 -0.170602 0.011810 0.336401 0.042826 0.147263 -0.009872 -0.056133 0.003333 -0.090363 -0.237728 -0.093725 -0.082041 0.289910 0.273493 -0.157582 -0.194261 0.002404 -0.054624 0.256958 -0.015195 0.345387 0.296766 0.212086 0.168262 0.159795 -0.134647 -0.113041 -0.014186 -0.273896 -0.176488 -0.000629 0.072181 0.027477 0.141723 -0.079798 0.295941 0.183361 -0.173949 0.083020 -0.123715 0.187235 0.094011 0.007798 0.201779 0.287813 -0.115015
-0.064502 0.058498 0.223749 0.266932 0.377416 0.147435 0.525524 0.627610 0.299191 0.677106 -0.067035 0.603355 0.343969 0.610989 0.351856 1.000000 -0.299871 -0.269359 -0.198298 0.184051 -0.094065 0.055948 -0.087024 0.561128 0.063641 0.014037 -0.142920 -0.125570 0.057856 0.440809 0.385272 0.479067 -0.276276 0.039752 -0.262020 0.191209 0.294160 0.250998 -0.093178 0.218649 0.084138 0.377696 -0.337680 -0.289116 -0.332279 -0.298037 -0.306120 -0.371959 -0.141751 -0.361872 -0.279822 -0.278421 0.018131 -0.335258 0.056457 -0.233755 -0.586722 -0.587036 -0.102465 -0.314714 0.219523 0.539668 0.250204 -0.030113 0.108533 0.560482 -0.471378 0.081506 -0.412810 -0.336122 0.003351 0.138732 0.058835 0.426822 0.288672 0.356712 0.117919 0.270399 -0.352333 -0.329044 -0.208150 -0.239629 -0.066913 0.294863 -0.038878 -0.102270 -0.346855 -0.217853 0.261172 -0.154439 0.152182 0.132546 0.652311 0.281668 -0.016877 0.078619 -0.306916 0.242230 -0.292345 -0.052509 0.320226 0.025819 0.199006 0.102570 0.190284 0.095697 0.071916 -0.037304 0.045435 0.171916 0.159684 0.100270 0.378843 0.161282 0.021115 -0.133031
0.115743 0.275171 -0.463132 -0.237288 -0.416323 -0.293039 -0.289693 -0.266330 -0.308994 -0.138194 0.448558 -0.029615 0.352282 0.052134 -0.112806 -0.299871 1.000000 0.775588 0.060645 0.003214 -0.219999 -0.043985 -0.279062 -0.474512 -0.364960 -0.276856 -0.298385 -0.259297 0.586033 0.206312 -0.226256 -0.388116 0.487979 0.318203 -0.169218 -0.511149 -0.053673 -0.233393 -0.320121 -0.224296 -0.075187 -0.490663 0.197635 0.160640 -0.014680 -0.104005 0.218349 0.127573 -0.208528 -0.012058 0.107690 -0.063708 0.037806 0.137086 -0.191625 0.080535 0.744287 0.690215 -0.197389 -0.039773 0.033270 0.106170 0.540784 0.591614 -0.278504 -0.308619 0.096675 -0.456146 0.539027 0.389086 -0.057918 0.139242 0.419224 -0.359435 -0.252421 -0.291710 -0.052978 -0.338191 0.767922 0.559963 0.815876 0.782493 0.335796 0.285676 0.599144 0.465395 0.204645 0.076922 -0.165981 0.317649 -0.411124 -0.584465 -0.528329 -0.547563 -0.090209 -0.042297 -0.053801 -0.372471 -0.108521 -0.308911 -0.057467 -0.256779 -0.513774 -0.531308 -0.468172 -0.456993 -0.373785 0.240839 -0.230633 0.102522 -0.596360 -0.677189 -0.493686 -0.468771 -0.195447 0.238722
0.058728 0.315247 -0.359884 -0.095299 -0.342606 -0.135148 -0.201801 -0.108267 -0.363097 -0.028378 0.350912 0.094756 0.233520 0.207581 -0.219441 -0.269359 0.775588 1.000000 -0.117894 -0.094661 -0.242674 0.024380 -0.202289 -0.398340 -0.309868 -0.174784 -0.179127 -0.099352 0.469621 0.248583 -0.213902 -0.245461 0.292540 0.147523 -0.114650 -0.504606 0.002223 -0.148517 -0.076227 -0.148452 -0.087646 -0.390451 0.192260 0.176997 -0.059852 -0.157551 0.228830 0.069696 -0.273763 -0.095617 0.134368 -0.097527 0.218228 0.164093 0.026497 0.125280 0.654510 0.651434 -0.229334 -0.046593 0.019886 0.132040 0.441269 0.684195 -0.222378 -0.264712 -0.051395 -0.551280 0.462140 0.188507 -0.048924 0.269967 0.322048 -0.247069 -0.234076 -0.159277 0.041757 -0.246215 0.717387 0.676966 0.658723 0.715692 0.244401 0.277728 0.547284 0.396690 0.273205 0.258646 0.005980 0.466185 -0.488209 -0.681566 -0.447757 -0.561009 0.034777 0.050095 0.104232 -0.269397 0.024259 -0.276471 -0.089802 -0.192161 -0.435197 -0.485846 -0.471722 -0.379425 -0.383558 0.186638 -0.239176 0.187416 -0.541368 -0.581209 -0.465893 -0.368735 -0.069986 0.352163
0.192705 0.050575 0.161985 -0.157888 -0.096112 -0.191329 0.005819 -0.193196 0.120237 -0.280220 -0.103591 -0.352033 -0.066351 -0.260016 0.003170 -0.198298 0.060645 -0.117894 1.000000 0.443675 0.140513 -0.144258 0.058706 -0.082271 0.008259 -0.066834 -0.090720 -0.187824 0.028990 -0.153539 0.137916 0.067424 0.429867 0.381972 0.062765 -0.040912 -0.131806 -0.271557 0.052281 -0.043579 -0.175711 0.006475 -0.152030 -0.168749 -0.036693 0.002981 -0.137637 -0.139831 -0.030577 0.127766 -0.051407 0.217831 -0.051151 0.066849 -0.215910 0.053847 0.028781 -0.002769 0.236244 0.226142 0.123737 -0.022490 -0.166087 -0.155121 0.089934 -0.052751 0.391427 0.124460 0.105776 0.145939 0.046507 -0.042573 0.041328 0.067496 0.160270 0.126062 -0.095389 -0.113773 -0.091256 -0.038209 -0.090828 -0.041555 -0.091676 -0.222042 -0.153445 -0.183428 -0.115928 -0.389999 -0.276949 -0.122176 0.055671 0.177596 -0.176678 0.086996 -0.066744 -0.060023 -0.166467 0.115431 -0.082085 0.310326 -0.081751 -0.131223 0.029138 0.002138 0.174983 0.071941 0.009813 0.048513 0.003289 -0.059813 -0.067185 0.088066 0.085975 -0.048991 -0.106431 -0.061344
-0.217549 0.147917 -0.186996 -0.028046 0.309795 0.006077 -0.122038 0.131539 0.199731 0.165420 -0.142344 0.016325 -0.125413 0.049262 0.151263 0.184051 0.003214 -0.094661 0.443675 1.000000 0.012817 -0.317533 -0.247510 0.152492 -0.189913 -0.056253 -0.095377 -0.026067 0.154920 0.134285 0.107698 0.203546 0.114280 0.294248 -0.206520 0.096301 -0.065744 -0.251571 -0.011201 -0.041358 -0.247725 0.153338 -0.434103 -0.478374 -0.196511 -0.179356 -0.257068 -0.485762 -0.155288 -0.101466 -0.212565 -0.046384 -0.109298 -0.110521 -0.267792 -0.208597 -0.261170 -0.303772 -0.058650 -0.067567 -0.114234 0.129734 0.111081 -0.016444 -0.151098 0.023309 0.015607 0.193968 -0.228698 0.307499 0.037228 0.027991 0.110835 0.161920 0.136127 0.239405 -0.036666 0.111130 -0.121967 0.068466 -0.019646 0.107275 -0.072255 0.038406 -0.154138 -0.273408 -0.288771 -0.219974 -0.080060 -0.397628 0.469900 0.258823 0.177856 -0.007242 -0.190945 -0.360782 -0.524720 0.233166 -0.261288 0.112818 -0.180402 -0.221045 0.175480 -0.086306 0.447262 0.272241 0.192500 -0.259896 0.051573 -0.178798 0.124162 0.217997 0.333067 0.026899 -0.273375 0.080750
-0.055816 -0.418437 0.270403 -0.047795 0.121081 0.140206 -0.003012 -0.089498 0.177499 -0.208962 -0.404075 -0.303771 -0.207668 -0.220312 0.222915 -0.094065 -0.219999 -0.242674 0.140513 0.012817 1.000000 0.121775 0.169246 0.192327 0.499487 0.235266 0.393710 0.321912 -0.131826 -0.152840 0.284611 0.317491 -0.008545 0.102673 0.251200 0.358913 0.056636 0.114932 0.320572 0.351564 0.113728 0.396617 -0.120057 -0.121186 -0.183263 -0.020177 -0.233358 -0.137402 -0.126262 -0.181658 -0.287685 -0.146796 -0.220946 -0.238451 -0.058835 -0.250222 -0.218643 -0.258442 0.199531 0.038153 0.100985 -0.253731 -0.238768 -0.377291 0.140096 0.077833 0.190788 0.359917 -0.153083 -0.155249 0.390851 0.159556 -0.012145 0.197384 0.288023 0.181301 0.113861 0.234147 -0.138150 -0.175861 -0.240302 -0.211661 -0.163274 -0.212805 -0.451556 -0.369385 -0.233558 -0.165619 -0.008437 -0.107146 0.262102 0.228279 0.129781 0.248020 0.149149 -0.156550 0.138080 0.193993 -0.163165 0.083656 -0.192841 0.167363 0.234057 0.295186 0.289753 0.180780 0.361741 -0.214907 0.061892 0.066825 0.197110 0.261784 0.194511 0.258412 0.100471 -0.094627
-0.005524 -0.203524 0.105774 0.122373 -0.130780 0.047171 0.195769 0.155680 -0.130476 0.049664 0.166817 0.039281 0.061992 0.067227 0.013019 0.055948 -0.043985 0.024380 -0.144258 -0.317533 0.121775 1.000000 -0.068855 0.073778 0.164438 0.371850 0.116560 0.279979 0.137958 0.244043 0.293280 0.284222 0.076723 0.081159 0.107706 0.052829 0.085209 0.000273 0.010279 0.102645 0.247672 0.014093 0.105021 0.143730 -0.123847 -0.026604 0.098965 0.126714 -0.133504 -0.236760 -0.097790 -0.172879 0.105637 -0.107977 0.183760 0.017081 -0.034356 -0.038913 -0.222914 -0.252131 -0.059499 -0.015042 0.042945 0.070513 0.055976 0.169461 -0.254335 -0.068327 0.015394 -0.348350 -0.029899 0.398126 0.185384 -0.001718 -0.055974 0.089676 0.169534 0.108119 0.262930 0.199137 0.082676 0.102494 0.253619 0.301296 0.081828 0.002026 0.116012 0.094288 0.145964 0.131157 -0.214192 -0.215529 0.018511 -0.073351 0.032533 0.176784 0.153004 -0.148471 0.017668 -0.279323 0.157685 0.032200 -0.155787 -0.083814 -0.322390 -0.084181 -0.147311 -0.001486 0.041510 0.129612 -0.159760 -0.190687 -0.159526 -0.150692 0.187737 0.132675
0.252575 -0.203964 0.527431 0.402121 -0.062572 0.123230 0.046660 -0.171349 0.200118 -0.244125 -0.126026 -0.122648 -0.070141 -0.188754 0.045077 -0.087024 -0.279062 -0.202289 0.058706 -0.247510 0.169246 -0.068855 1.000000 0.478634 0.295675 0.188903 0.210457 0.224149 -0.376739 -0.371297 -0.067913 -0.017549 -0.249488 -0.307367 0.274595 0.065641 -0.074096 0.013374 0.266768 -0.038253 -0.056261 0.014791 0.033874 0.004729 -0.032958 -0.063123 -0.119275 0.036551 0.281006 0.005350 0.182372 0.194461 0.007519 0.073723 0.154272 -0.142711 -0.065232 -0.073757 0.190892 -0.042435 -0.016553 -0.377207 -0.358319 -0.327130 0.629159 -0.005486 0.076646 0.222690 -0.136933 -0.104511 -0.018188 -0.236793 -0.391824 -0.027605 0.055077 -0.089102 -0.066997 -0.065454 -0.328148 -0.289185 -0.374435 -0.398974 0.146149 -0.175217 -0.098432 0.082606 0.229677 0.172695 0.336606 0.108639 0.033700 0.175819 0.056911 0.360606 0.033564 -0.085787 0.019917 -0.078480 -0.041579 0.086928 -0.103050 0.091763 -0.004421 0.273323 0.098214 0.053256 0.131936 -0.057752 -0.058152 -0.103946 0.167071 0.112589 0.023424 0.088090 -0.016571 -0.179436
0.096493 -0.159895 0.593179 0.622580 0.368978 0.256798 0.474655 0.512038 0.454476 0.383108 -0.293173 0.317860 -0.019809 0.289014 0.343596 0.561128 -0.474512 -0.398340 -0.082271 0.152492 0.192327 0.073778 0.478634 1.000000 0.410156 0.455486 0.203083 0.304341 -0.208052 0.163373 0.377846 0.590284 -0.336631 0.019049 0.151729 0.444535 0.263058 0.260378 0.283940 0.304833 0.207524 0.539844 -0.562915 -0.549685 -0.574613 -0.553845 -0.645951 -0.590504 -0.148481 -0.542019 -0.299324 -0.299478 -0.065125 -0.485513 0.129493 -0.516315 -0.663968 -0.719172 0.097050 -0.253366 0.182310 0.118243 0.048321 -0.161981 0.555611 0.565830 -0.336094 0.360889 -0.543095 -0.337832 -0.117195 -0.109412 -0.025738 0.352543 0.343446 0.238082 0.057344 0.266297 -0.453285 -0.388763 -0.490083 -0.429186 0.007398 0.130984 -0.322586 -0.166691 -0.024476 0.022120 0.452218 -0.243855 0.299519 0.408796 0.667801 0.523787 0.133765 -0.052429 -0.328087 0.311877 -0.442348 -0.091040 0.110034 0.134065 0.301177 0.361176 0.349148 0.434999 0.361936 -0.179263 0.076922 0.059602 0.532295 0.376429 0.451712 0.386275 0.199414 -0.097063
0.113071 -0.329134 0.498994 0.291002 0.095335 0.311296 0.229804 0.117731 0.145022 -0.000733 -0.441952 -0.176147 -0.194278 -0.099071 0.145037 0.063641 -0.364960 -0.309868 0.008259 -0.189913 0.499487 0.164438 0.295675 0.410156 1.000000 0.483907 0.235109 0.329273 -0.277838 -0.041963 0.283203 0.391286 -0.084178 0.121309 0.533794 0.561606 0.281027 0.420875 0.430495 0.590422 0.383512 0.423241 -0.208678 -0.181848 -0.395654 -0.288084 -0.365348 -0.167524 -0.225259 -0.466710 -0.310959 -0.188135 -0.169997 -0.358564 0.157534 -0.152147 -0.331928 -0.388137 0.151015 0.003554 0.181545 -0.120845 -0.184870 -0.288428 0.330926 0.397988 -0.029655 0.434486 -0.182107 -0.344644 0.009568 -0.125886 0.032429 0.170886 0.241438 0.013808 0.067808 0.176729 -0.237806 -0.299929 -0.357963 -0.358438 -0.240314 -0.221950 -0.456198 -0.319047 -0.026029 -0.112435 0.184051 -0.064703 0.068298 0.247033 0.295665 0.378286 0.463246 0.269123 0.216834 0.392149 -0.276456 0.084106 -0.062348 0.303909 0.164095 0.472886 0.138892 0.317042 0.311702 0.081725 0.066179 0.200826 0.512954 0.241278 0.163769 0.400023 0.276360 -0.107833
-0.040583 -0.193721 0.180981 0.420272 0.155207 0.440245 0.072696 0.182872 0.070768 0.071062 -0.206582 -0.056526 -0.325976 -0.160960 0.019826 0.014037 -0.276856 -0.174784 -0.066834 -0.056253 0.235266 0.371850 0.188903 0.455486 0.483907 1.000000 0.344516 0.532303 -0.147698 0.118301 0.404831 0.523419 -0.009471 0.135556 0.432583 0.382892 0.110683 -0.004079 0.242178 0.110148 0.255302 0.276596 -0.275802 -0.218947 -0.331143 -0.295012 -0.299827 -0.252787 -0.283657 -0.425480 -0.231048 -0.349445 -0.311510 -0.401039 0.098023 -0.282476 -0.209484 -0.271983 -0.155869 -0.207939 -0.148143 -0.215756 -0.040996 -0.030830 0.281822 0.130455 -0.125499 0.293324 -0.070001 -0.262982 -0.062875 0.052325 0.011208 0.174279 0.174250 0.147201 0.169562 0.250565 -0.018684 -0.013483 -0.227613 -0.126421 0.034097 0.118118 -0.289335 -0.181741 0.050328 0.155474 0.175051 -0.222132 0.022516 0.131721 0.307698 0.186565 0.248154 0.239399 -0.084329 0.184066 -0.181746 -0.225402 -0.038779 0.158825 0.074143 0.200093 0.081679 0.380131 0.329084 0.048770 0.193823 0.073382 0.431905 0.266368 0.087008 0.377357 0.305531 0.078005
-0.079621 -0.230755 0.216129 0.044016 0.395982 0.483336 -0.029561 -0.044939 0.118529 0.013659 -0.259181 -0.224720 -0.237352 -0.199290 0.320813 -0.142920 -0.298385 -0.179127 -0.090720 -0.095377 0.393710 0.116560 0.210457 0.203083 0.235109 0.344516 1.000000 0.558417 -0.269788 -0.115197 0.009998 0.072775 -0.265101 -0.101842 0.338690 0.100505 -0.093687 -0.047234 0.364546 0.132210 0.149256 0.269998 -0.001281 -0.055053 -0.098762 -0.106397 -0.109763 -0.041441 0.162430 -0.102683 -0.089577 -0.111633 -0.042158 -0.166997 0.142769 -0.236496 -0.203973 -0.158882 0.242242 0.042073 0.065555 -0.200416 -0.226858 -0.164161 0.194968 -0.004226 0.046774 0.020023 -0.132904 -0.099963 -0.096477 -0.098515 -0.042416 -0.104876 -0.081071 -0.143086 -0.111122 0.012746 -0.174495 -0.196268 -0.284471 -0.264187 0.064139 -0.181683 -0.287300 -0.233816 0.040432 0.228667 0.229873 0.076378 0.315830 0.388899 0.114898 0.182140 0.129274 -0.188394 0.039822 -0.094606 0.008236 -0.243602 -0.226297 0.177404 -0.004864 0.163084 -0.010865 0.252428 0.386877 -0.291179 -0.044273 -0.184012 0.255883 0.261174 -0.006113 0.348791 0.257933 -0.187940
-0.084897 -0.352933 0.115082 0.114536 0.104919 0.469783 -0.126332 -0.066933 0.122134 -0.027512 -0.233858 -0.320883 -0.368620 -0.204805 0.222391 -0.125570 -0.259297 -0.099352 -0.187824 -0.026067 0.321912 0.279979 0.224149 0.304341 0.329273 0.532303 0.558417 1.000000 -0.271598 -0.155151 -0.081746 0.146710 -0.338450 -0.245397 0.389326 0.278574 -0.133162 0.043891 0.426151 0.199609 0.239418 0.246169 -0.068462 -0.109849 -0.207210 -0.164802 -0.119515 -0.132170 -0.005041 -0.217332 -0.139180 -0.239065 0.025958 -0.181993 0.354189 -0.065723 -0.226876 -0.215336 0.157383 0.025825 -0.102957 -0.418756 -0.237307 -0.183734 0.069730 -0.030413 -0.032933 0.101515 -0.165999 -0.086274 -0.092105 -0.087939 -0.116133 -0.108483 -0.052268 -0.104973 -0.093760 -0.017561 -0.049179 -0.005670 -0.244803 -0.171724 0.042094 0.076134 -0.314443 -0.326786 0.179884 0.359905 0.284925 0.079274 0.366333 0.300911 0.144731 0.145627 0.070871 -0.197720 0.162458 -0.017041 0.143769 -0.126553 -0.129883 0.173743 0.073505 0.268627 0.117579 0.418740 0.348972 -0.208289 0.078765 -0.259035 0.382945 0.339049 -0.014829 0.306400 0.288329 0.144287
-0.079488 0.077210 -0.386374 -0.170316 -0.136806 -0.347253 -0.060584 -0.004605 -0.139807 0.032822 0.332635 0.173894 0.305278 0.160931 0.244250 0.057856 0.586033 0.469621 0.028990 0.154920 -0.131826 0.137958 -0.376739 -0.208052 -0.277838 -0.147698 -0.269788 -0.271598 1.000000 0.589524 0.185319 0.113258 0.501520 0.475015 -0.134328 -0.216436 0.241840 -0.092137 -0.183325 -0.090549 0.224139 -0.124892 -0.129000 -0.072786 -0.204267 -0.171557 0.032400 -0.119853 -0.450420 -0.130952 -0.293357 -0.359189 -0.082004 -0.103521 -0.193821 -0.008089 0.289368 0.225547 -0.333065 -0.204725 0.015006 0.323770 0.429855 0.406638 -0.255362 -0.062403 -0.136270 -0.362358 0.225807 0.097607 -0.127665 0.308287 0.677520 -0.130231 -0.079789 -0.022012 0.173604 -0.006172 0.664025 0.608952 0.656632 0.705260 0.503818 0.643421 0.469964 0.231593 0.102239 0.044182 0.006029 0.071985 -0.341071 -0.504746 -0.298606 -0.406685 -0.037702 0.065886 -0.219964 -0.180643 -0.311228 -0.309583 0.031529 -0.206044 -0.391262 -0.394008 -0.417695 -0.185488 -0.349293 0.156307 -0.032924 0.230908 -0.413403 -0.504749 -0.334781 -0.353759 -0.025235 0.369316
-0.033389 0.291040 -0.088038 0.216835 0.161216 0.035353 0.333979 0.619068 -0.095514 0.526738 0.142716 0.515741 0.322744 0.521435 0.244712 0.440809 0.206312 0.248583 -0.153539 0.134285 -0.152840 0.244043 -0.371297 0.163373 -0.041963 0.118301 -0.115197 -0.155151 0.589524 1.000000 0.453241 0.381498 0.174833 0.435658 -0.127915 0.040388 0.397042 0.164902 -0.133981 0.187350 0.390980 0.313346 -0.463784 -0.462008 -0.342480 -0.483402 -0.307203 -0.445072 -0.319983 -0.461818 -0.178380 -0.432406 0.034891 -0.375772 0.028704 -0.270496 -0.130503 -0.217994 -0.295908 -0.306159 0.075605 0.569938 0.598864 0.482988 -0.108223 0.270410 -0.303021 -0.167714 -0.082275 -0.349166 -0.193861 0.299878 0.749648 0.299624 0.185385 0.105199 -0.031887 -0.000726 0.304990 0.200332 0.342567 0.429606 0.271532 0.559925 0.297143 0.137381 -0.020105 0.089434 0.157275 0.029597 -0.136969 -0.213046 0.258202 -0.211288 0.016081 0.191473 -0.409413 -0.058610 -0.349331 -0.506527 0.266544 -0.188549 -0.131371 -0.211372 -0.304755 -0.042095 -0.125534 0.072044 0.004999 0.112020 -0.133917 -0.215181 0.004368 -0.060201 0.046543 0.102096
-0.080982 -0.133662 0.240929 0.215803 0.237452 0.059215 0.459066 0.416894 0.067904 0.385191 -0.188497 0.193980 0.064492 0.138005 0.095593 0.385272 -0.226256 -0.213902 0.137916 0.107698 0.284611 0.293280 -0.067913 0.377846 0.283203 0.404831 0.009998 -0.081746 0.185319 0.453241 1.000000 0.766892 0.183469 0.418118 -0.004953 0.309496 0.350106 0.096382 -0.068450 0.192804 0.207862 0.357671 -0.496291 -0.392494 -0.388613 -0.267121 -0.420914 -0.438504 -0.392832 -0.412677 -0.350874 -0.398242 -0.252207 -0.455931 -0.116890 -0.346284 -0.342191 -0.407031 -0.164608 -0.289191 0.123003 0.280569 0.199809 -0.011680 0.197443 0.347833 -0.154262 0.316870 -0.161368 -0.231360 0.089619 0.352505 0.249534 0.425035 0.353856 0.462861 0.318572 0.397869 -0.083867 -0.004117 -0.132826 -0.019767 -0.077521 0.163234 -0.207101 -0.202238 -0.263448 -0.262051 0.052077 -0.245652 -0.092568 0.005597 0.382063 0.207005 0.026936 0.243549 -0.301421 0.319210 -0.450389 -0.140141 0.133020 0.156659 0.253726 0.265627 0.160028 0.168454 0.119013 0.010486 0.083065 0.272181 0.169045 0.097423 0.324317 0.215916 0.082753 0.026558
-0.096284 -0.261760 0.345028 0.318800 0.358033 0.155065 0.426842 0.531867 0.236563 0.382191 -0.261279 0.211114 -0.146492 0.178979 0.180204 0.479067 -0.388116 -0.245461 0.067424 0.203546 0.317491 0.284222 -0.017549 0.590284 0.391286 0.523419 0.072775 0.146710 0.113258 0.381498 0.766892 1.000000 0.002648 0.381218 0.095674 0.491769 0.369844 0.136697 0.152096 0.296620 0.190149 0.488875 -0.566608 -0.427603 -0.496392 -0.308370 -0.481980 -0.557650 -0.497381 -0.484342 -0.480141 -0.332579 -0.203914 -0.501392 0.028934 -0.333084 -0.568140 -0.630013 -0.101469 -0.221691 0.129758 0.290880 0.118883 -0.024816 0.277819 0.558502 -0.235116 0.431237 -0.359677 -0.406060 0.007841 0.284451 0.188995 0.499121 0.405690 0.491552 0.306253 0.441465 -0.193128 -0.022683 -0.319562 -0.179883 -0.098694 0.163210 -0.333152 -0.363462 -0.269111 -0.222895 0.196842 -0.283260 0.010671 0.082753 0.491520 0.285632 0.066512 0.243662 -0.289446 0.442918 -0.442394 -0.011960 -0.000673 0.156324 0.282360 0.280076 0.277522 0.401589 0.176224 -0.076317 0.187424 0.304043 0.299462 0.324764 0.392049 0.278152 0.156863 0.109239
-0.032622 0.167631 -0.253539 -0.171603 -0.252868 -0.286407 -0.218047 -0.295296 -0.196021 -0.270301 0.062142 -0.127104 0.031274 -0.229278 -0.137183 -0.276276 0.487979 0.292540 0.429867 0.114280 -0.008545 0.076723 -0.249488 -0.336631 -0.084178 -0.009471 -0.265101 -0.338450 0.501520 0.174833 0.183469 0.002648 1.000000 0.725836 0.045143 -0.099361 0.020640 -0.286582 -0.181984 -0.137247 0.053488 -0.289634 -0.007662 0.032091 0.035127 0.070130 0.046154 0.038986 -0.322297 0.060674 -0.154118 -0.106916 -0.254856 -0.032426 -0.305901 0.031308 0.415012 0.383614 -0.130664 0.026717 -0.034881 0.064445 0.292185 0.283097 -0.112279 -0.167990 0.214421 0.004980 0.457069 0.276554 0.004262 0.088416 0.398078 -0.227576 -0.077296 -0.080157 0.054966 -0.107374 0.441833 0.422528 0.451692 0.534994 0.241927 0.146539 0.280797 0.189376 0.159753 -0.152334 -0.267281 -0.093592 -0.377106 -0.379505 -0.435260 -0.337611 0.020010 0.108655 -0.176518 -0.055710 -0.217208 -0.174919 -0.186007 -0.160819 -0.317877 -0.263907 -0.289776 -0.269409 -0.267549 0.181783 -0.126191 0.185085 -0.251143 -0.394182 -0.258749 -0.431062 -0.167250 0.057293
0.023253 0.199426 -0.102862 -0.005655 0.024444 -0.088819 0.050621 0.053298 -0.010383 0.040275 -0.091504 0.018613 0.005526 -0.017199 0.113360 0.039752 0.318203 0.147523 0.381972 0.294248 0.102673 0.081159 -0.307367 0.019049 0.121309 0.135556 -0.101842 -0.245397 0.475015 0.435658 0.418118 0.381218 0.725836 1.000000 0.084657 0.221284 0.229333 -0.049316 -0.128153 0.165858 0.271729 0.100203 -0.343775 -0.319489 -0.292657 -0.243294 -0.310353 -0.332300 -0.502431 -0.285590 -0.370856 -0.304024 -0.259915 -0.341090 -0.218750 -0.209617 0.083734 0.026405 -0.085476 -0.010815 0.193735 0.338282 0.424842 0.307052 0.013708 0.224609 0.061995 0.128600 0.270986 0.082734 -0.064345 0.061331 0.601376 0.041704 0.136653 0.019854 0.053748 0.056943 0.274878 0.266481 0.240426 0.376157 0.094947 0.083116 -0.000605 -0.099800 -0.044735 -0.264202 -0.075506 -0.132293 -0.235533 -0.168466 -0.082688 -0.169119 0.063981 0.124379 -0.367031 0.198495 -0.520961 -0.343058 -0.171665 -0.142634 -0.161467 -0.137903 -0.131821 -0.036421 -0.072308 0.111492 -0.050754 0.230510 -0.026334 -0.179046 -0.086034 -0.161392 -0.080598 -0.038938
0.076143 -0.190217 0.220934 0.186492 -0.027593 0.199214 -0.105789 -0.217002 0.167036 -0.327298 -0.273282 -0.243721 -0.352215 -0.378406 0.157884 -0.262020 -0.169218 -0.114650 0.062765 -0.206520 0.251200 0.107706 0.274595 0.151729 0.533794 0.432583 0.338690 0.389326 -0.134328 -0.127915 -0.004953 0.095674 0.045143 0.084657 1.000000 0.428753 0.164634 0.134226 0.384349 0.139500 0.325282 0.152364 -0.054950 0.028979 -0.178215 -0.084853 -0.130172 0.048900 -0.249836 -0.204470 -0.296122 -0.188487 -0.351005 -0.301618 0.011877 -0.099526 -0.022240 -0.024181 0.077410 0.036375 0.033675 -0.256330 -0.292925 -0.181387 0.259788 0.036863 0.165163 0.257327 0.052569 -0.196799 -0.250967 -0.155238 0.035704 -0.170272 -0.106398 -0.195623 0.016819 0.036424 0.033295 -0.000072 -0.132915 -0.104553 0.109212 0.047187 -0.230239 -0.124391 0.300195 0.163653 0.117878 -0.123271 -0.004298 0.062509 0.023771 0.045214 0.345670 0.075498 0.204436 0.077904 -0.153433 -0.135846 -0.155242 0.118401 -0.041360 0.209810 -0.093704 0.285092 0.306378 0.035037 0.144160 -0.128999 0.406213 0.112084 -0.078594 0.253344 0.410697 0.096015
-0.016855 -0.196162 0.294459 0.114675 0.204885 0.101806 0.241873 0.186634 0.403657 0.051802 -0.375312 -0.016797 -0.220324 -0.000763 0.268249 0.191209 -0.511149 -0.504606 -0.040912 0.096301 0.358913 0.052829 0.065641 0.444535 0.561606 0.382892 0.100505 0.278574 -0.216436 0.040388 0.309496 0.491769 -0.099361 0.221284 0.428753 1.000000 0.340236 0.391705 0.219560 0.435455 0.346699 0.519024 -0.468112 -0.380953 -0.393726 -0.146451 -0.553162 -0.394685 -0.352368 -0.392731 -0.495882 -0.354165 -0.271426 -0.523759 0.132084 -0.331971 -0.557337 -0.588056 0.294658 0.047561 0.245700 -0.010977 -0.191217 -0.374263 0.183300 0.477334 0.037241 0.670832 -0.289397 -0.293466 0.034105 -0.098195 0.013888 0.285342 0.295144 0.210793 0.211546 0.453565 -0.389323 -0.270435 -0.523025 -0.417224 -0.329455 -0.151695 -0.675075 -0.590867 -0.108835 -0.270225 0.168240 -0.320719 0.279316 0.366968 0.472572 0.374301 0.286646 0.138927 -0.046505 0.521890 -0.376367 0.014903 -0.013264 0.105764 0.386825 0.447492 0.419416 0.527668 0.430446 -0.083388 0.299409 0.085308 0.667821 0.483774 0.379737 0.351795 0.246436 -0.044490
