1.000000 0.397610 -0.115086 0.082908 -0.264666 0.094554 -0.073784 0.128385 -0.139764 0.084721 0.280201 0.192871 0.001898 0.113974 0.014986 -0.050627 0.725045 0.123486 0.327291 0.335791 -0.128341 -0.075688 -0.228325 -0.264400 -0.188579 -0.264739 0.099136 -0.136504 0.193587 0.052831 -0.212475 -0.341350 0.251766 0.115927 -0.059949 -0.174526 0.173668 -0.350048 -0.046529 -0.020004 -0.023945 -0.039323 -0.344340 -0.311889 -0.324177 -0.408274 -0.274144 -0.241070 -0.382415 -0.287117 -0.348750 -0.267686 -0.203797 -0.185887 -0.141158 -0.139407 0.849934 0.140045 0.547828 0.169565 0.355571 0.296175 0.516303 0.476808 -0.083560 0.220398 -0.016494 -0.430107 0.539513 -0.008575 0.089076 -0.258515 0.377450 0.090092 0.375236 0.176154 0.424939 0.132616 0.277020 0.064081 0.408295 0.253775 -0.056542 -0.209208 0.289188 0.041500 0.044552 0.010762 0.026717 0.061031 -0.307052 -0.290441 -0.281527 -0.294418 0.160715 -0.093345 -0.098703 0.211946 -0.213096 0.402013 -0.197307 -0.002720 -0.090097 -0.205682 -0.173427 0.072591 -0.328162 -0.047817 -0.166737 0.354747 -0.124829 -0.284204 -0.372368 -0.304201 -0.146848 -0.086853
0.397610 1.000000 -0.410557 0.004511 -0.161883 -0.320298 -0.220028 0.151301 -0.313253 -0.175433 0.162365 0.564634 0.207832 0.614113 -0.263837 0.017357 0.465842 0.511502 0.074387 0.276736 -0.483034 -0.379050 -0.512486 -0.462553 -0.478309 -0.488771 -0.159750 -0.524869 0.056766 0.447846 -0.326427 -0.380445 0.396750 0.299670 -0.031199 -0.421671 0.053400 -0.243334 -0.199057 -0.180414 0.020594 0.016126 -0.239013 -0.243660 0.035521 -0.103482 0.013072 -0.140587 -0.138294 -0.017785 -0.140440 0.045301 0.149357 0.096851 0.139629 0.102302 0.314844 0.466731 0.305407 0.413327 0.482830 0.690419 0.551127 0.625239 -0.209330 0.138130 0.180780 -0.227178 0.370520 0.090245 -0.271178 -0.347038 0.368868 0.020362 0.085231 -0.130853 0.200552 0.028313 0.055727 0.162798 0.237291 0.250138 -0.199109 0.085770 0.147526 0.335748 -0.050530 -0.136039 -0.292495 0.231334 -0.160891 -0.485557 -0.381027 -0.608502 0.061528 0.107161 0.010746 0.057346 0.103268 0.047940 -0.430064 -0.468266 -0.272516 -0.450680 -0.214747 -0.241315 -0.380633 -0.162705 -0.087598 0.175666 -0.344322 -0.068432 -0.007529 -0.268084 -0.422851 -0.267584
-0.115086 -0.410557 1.000000 0.093602 0.493491 0.104459 0.819488 0.276173 0.518721 0.197943 0.229277 0.002598 0.304285 -0.016595 0.332019 -0.014990 -0.299555 -0.477575 0.298693 -0.204376 0.194293 0.182066 0.492685 0.241307 0.399662 0.294056 0.313822 0.362674 0.011351 -0.368733 0.349112 0.276785 -0.179096 0.162621 -0.056308 0.284186 -0.236669 -0.031911 -0.078430 0.012607 -0.273087 -0.158569 -0.052992 0.055719 -0.364108 -0.183292 -0.353818 -0.257520 -0.125567 -0.267924 0.005552 -0.233902 -0.314118 -0.404216 -0.086365 -0.298548 -0.274314 -0.533632 0.128882 -0.254879 0.196248 -0.265789 -0.340429 -0.446268 0.324953 0.233895 -0.224161 0.028938 -0.287363 -0.352856 0.352689 0.220937 -0.170755 0.030142 -0.004058 0.287839 0.103024 0.267361 -0.398520 -0.379446 -0.349080 -0.360238 -0.127381 -0.299923 -0.110366 -0.382306 -0.066563 -0.051645 0.216072 -0.019927 -0.133242 0.294170 0.227918 0.583104 -0.022085 -0.197477 -0.261660 -0.201498 -0.532083 -0.270266 0.212161 0.473168 0.143845 0.297309 0.224032 0.133903 0.025277 -0.160707 -0.128712 -0.095317 0.126286 -0.220525 -0.245388 0.057450 0.225636 0.033593
0.082908 0.004511 0.093602 1.000000 -0.101423 0.421411 0.353587 0.594845 0.209028 0.413876 0.126253 0.201983 0.079663 0.122573 0.385516 0.454609 0.022139 -0.035802 -0.067896 0.107284 -0.074836 0.150216 0.470473 0.571555 0.156756 0.166284 -0.120344 0.222288 0.067315 -0.095162 -0.084346 -0.057909 -0.195163 0.091326 -0.300157 -0.021070 -0.355265 -0.327038 -0.275915 -0.135865 -0.321593 -0.373630 -0.318075 -0.314061 -0.272040 -0.283561 -0.214983 -0.266337 -0.285142 -0.181123 -0.075734 -0.165207 -0.089895 0.017516 -0.132944 -0.179249 -0.005945 -0.146177 -0.135571 -0.147477 -0.117677 -0.027138 -0.025459 -0.151662 0.321857 0.298684 -0.409223 -0.282168 -0.161666 0.045451 0.151507 -0.135664 -0.130197 -0.044709 -0.003836 0.147994 0.051922 -0.067362 0.049002 0.040707 0.012951 -0.115907 -0.102898 -0.103625 0.173530 -0.109689 -0.223289 -0.001753 0.338691 0.275670 -0.100639 -0.099203 0.238968 -0.022671 0.073416 -0.209471 -0.156602 0.056615 -0.205264 -0.013054 0.125387 0.016690 0.199021 -0.048903 0.044604 -0.054656 -0.276715 -0.146472 -0.377160 0.014569 -0.120353 -0.124079 -0.211368 0.056889 -0.011981 -0.239819
-0.264666 -0.161883 0.493491 -0.101423 1.000000 0.168440 0.462229 0.005962 0.708206 0.455201 0.000639 0.089774 0.177087 0.069505 0.313586 0.332159 -0.303614 -0.406323 0.176708 -0.209218 0.084514 -0.102350 0.082635 0.072701 0.364099 -0.019758 0.391465 0.269276 0.017445 -0.115606 0.066914 0.072768 -0.307205 0.040211 0.291680 0.343463 -0.098597 -0.054623 -0.083774 -0.250712 -0.049149 -0.141347 -0.176164 -0.208387 -0.251046 -0.117550 -0.349988 -0.319932 -0.177286 -0.318321 0.000321 -0.269435 -0.062600 -0.166880 0.002952 -0.363865 -0.289169 -0.161557 0.321377 0.037800 0.277064 0.096764 -0.226196 -0.207330 0.279470 0.166627 -0.011824 0.069920 -0.129005 -0.151884 0.122112 0.059020 -0.142859 -0.061570 -0.185336 0.066702 -0.169404 0.138118 -0.288680 -0.316964 -0.140725 -0.096744 0.042993 0.050131 0.049303 0.014972 -0.223026 -0.329148 0.267837 0.175537 0.140303 0.269036 0.196241 0.409621 -0.221927 -0.103692 -0.408684 -0.376545 -0.375974 -0.226348 0.076216 0.243662 -0.112250 0.002720 -0.076165 -0.070014 -0.001733 -0.215463 0.049066 -0.133570 -0.049201 0.008000 -0.038424 -0.073215 -0.093814 -0.060889
0.094554 -0.320298 0.104459 0.421411 0.168440 1.000000 0.141278 0.327241 0.442556 0.659145 -0.087537 -0.034055 -0.127493 -0.082829 0.453003 0.434751 -0.133443 -0.352154 -0.178634 -0.052768 0.235630 0.339429 0.259181 0.399655 0.444589 0.445184 0.466828 0.675340 -0.114312 -0.348143 -0.202039 -0.030884 -0.300290 -0.131114 -0.075548 0.352562 -0.197156 -0.012836 0.102016 0.081694 -0.117717 -0.163406 -0.177463 -0.254295 -0.335656 -0.276823 -0.226069 -0.273432 -0.259128 -0.281921 -0.103870 -0.267932 -0.132182 -0.060004 -0.120902 -0.214280 0.102111 -0.183364 -0.092052 -0.179581 -0.232235 -0.036336 -0.254231 -0.292690 0.233706 0.331459 -0.379543 -0.158822 -0.048487 0.085932 0.101193 -0.021363 -0.319276 -0.113276 -0.138583 0.113077 -0.241927 -0.100078 0.162313 -0.090908 0.093038 -0.093527 0.127637 -0.101429 0.108649 -0.080496 -0.255415 0.006215 0.383618 0.142857 0.023136 0.109747 0.381291 0.198134 -0.032380 -0.133144 -0.187739 0.071194 -0.343707 0.067494 0.197202 0.109406 0.228133 0.039970 0.019966 -0.005246 -0.106194 0.133820 -0.117882 -0.058740 0.139216 -0.095368 -0.230148 0.101194 0.109331 -0.069977
-0.073784 -0.220028 0.819488 0.353587 0.462229 0.141278 1.000000 0.434031 0.592117 0.274251 0.330654 0.167150 0.353338 0.113684 0.456049 0.148112 -0.217578 -0.351380 0.226667 -0.071974 0.032931 0.160866 0.550508 0.358909 0.303888 0.234290 0.277712 0.406784 0.084494 -0.273637 0.330161 0.226512 -0.229418 0.209464 -0.059247 0.300919 -0.402978 -0.215288 -0.270033 -0.154615 -0.394298 -0.241846 -0.185598 -0.067120 -0.385200 -0.243787 -0.446161 -0.356088 -0.226348 -0.325283 -0.105370 -0.341820 -0.336355 -0.404950 -0.172440 -0.357683 -0.310452 -0.471583 0.167644 -0.136227 0.276723 -0.085641 -0.234979 -0.360636 0.563265 0.374804 -0.293161 -0.105809 -0.340067 -0.281908 0.286635 0.023418 -0.178767 -0.011173 -0.009820 0.317756 0.122179 0.257641 -0.350676 -0.298773 -0.299167 -0.337406 -0.045582 -0.212234 0.060891 -0.353608 0.008348 -0.016477 0.346120 0.185807 -0.263303 0.155915 0.237858 0.425162 -0.033154 -0.214261 -0.389017 -0.205968 -0.588851 -0.368442 0.166960 0.323096 0.050325 0.196999 0.099584 -0.016463 -0.139308 -0.257714 -0.230279 -0.024146 -0.001622 -0.288233 -0.338585 0.009496 0.082015 -0.132015
0.128385 0.151301 0.276173 0.594845 0.005962 0.327241 0.434031 1.000000 0.174546 0.341591 0.081827 0.541041 0.149066 0.396845 0.206339 0.268270 -0.110731 -0.172678 -0.085064 0.030370 -0.001552 0.164246 0.215274 0.433944 -0.138939 0.278807 -0.070938 0.105666 -0.226028 -0.223369 -0.017805 0.141211 -0.152280 0.258789 -0.318638 0.048289 -0.447024 -0.260250 -0.346390 -0.125945 -0.407080 -0.263769 -0.226670 -0.102347 -0.253488 -0.131811 -0.333566 -0.263867 -0.186237 -0.125813 -0.134265 -0.118468 -0.237019 -0.216718 -0.205699 -0.210797 0.000384 -0.382418 -0.035651 -0.093420 0.159308 0.306505 -0.089140 -0.206936 0.312375 0.707347 -0.496320 -0.072707 -0.143558 -0.158135 0.014378 0.014658 -0.291056 -0.158185 -0.170843 0.158152 0.046782 0.108425 -0.186101 -0.258404 -0.217939 -0.352368 -0.238882 -0.153857 -0.112472 -0.198337 -0.213333 0.000885 0.167257 0.277746 -0.121566 -0.069453 0.419592 0.048229 -0.022687 -0.184055 -0.240031 -0.029106 -0.480250 -0.107253 0.211190 0.183425 0.334446 -0.002736 -0.048362 -0.153713 -0.180049 -0.271700 -0.317085 0.013181 -0.102245 -0.284975 -0.184381 0.063181 -0.095761 -0.337810
-0.139764 -0.313253 0.518721 0.209028 0.708206 0.442556 0.592117 0.174546 1.000000 0.524316 0.122592 -0.044794 0.153959 -0.094373 0.618719 0.391024 -0.265975 -0.450206 0.116698 -0.108584 0.039141 0.021077 0.482282 0.405277 0.420976 0.306650 0.371555 0.663515 -0.088857 -0.380070 0.049862 0.071279 -0.526209 -0.052038 0.141658 0.503226 -0.205804 -0.126082 -0.110257 -0.345140 -0.213332 -0.245304 -0.299760 -0.331074 -0.353216 -0.254652 -0.477398 -0.366503 -0.209471 -0.322757 -0.024516 -0.312871 -0.144933 -0.167730 -0.209476 -0.417674 -0.224152 -0.240186 0.200519 -0.149588 0.133634 -0.032830 -0.292922 -0.343398 0.491500 0.320556 -0.325614 -0.142981 -0.123226 -0.071375 0.190017 -0.117217 -0.319324 0.002468 -0.089892 0.151232 -0.143192 0.122665 -0.270203 -0.289875 -0.159927 -0.204825 0.185181 -0.109251 0.184144 -0.173817 -0.061072 -0.186680 0.481043 0.198683 0.096690 0.402747 0.434358 0.572478 -0.157509 -0.228576 -0.435404 -0.357621 -0.464877 -0.195235 0.219960 0.297752 -0.010174 0.187218 0.062778 -0.086202 -0.006555 -0.121249 -0.006361 -0.152228 0.017784 -0.096085 -0.242660 0.074138 -0.020770 -0.054654
0.084721 -0.175433 0.197943 0.413876 0.455201 0.659145 0.274251 0.341591 0.524316 1.000000 0.152673 0.288688 0.086396 0.093235 0.597722 0.655097 -0.017636 -0.330800 -0.066296 -0.093122 0.123652 0.170123 0.230706 0.394411 0.472254 0.124415 0.275001 0.330494 0.009041 -0.208396 -0.192882 -0.009726 -0.403732 0.003141 0.083385 0.256928 -0.191877 -0.168860 -0.186689 -0.220743 -0.139348 -0.345688 -0.286732 -0.310523 -0.458472 -0.355572 -0.375674 -0.343819 -0.412459 -0.435628 -0.155385 -0.346862 -0.084325 -0.026301 -0.051439 -0.408367 0.049141 -0.233151 0.159102 -0.060430 0.001375 0.154982 -0.152346 -0.186529 0.309267 0.331134 -0.341697 -0.185181 -0.159973 -0.098167 0.283046 0.057239 -0.241646 -0.021280 -0.098858 0.242008 0.023057 0.147894 0.063361 -0.158585 0.029257 -0.098658 -0.069082 -0.082425 0.145721 -0.236654 -0.496913 -0.492304 0.522115 0.118378 0.086029 0.170160 0.292922 0.220771 -0.063372 -0.230302 -0.330696 -0.059372 -0.346593 0.174866 0.074004 0.095443 0.178423 -0.014423 0.028138 -0.048577 -0.178279 -0.085511 -0.286260 -0.020611 0.047125 -0.037262 -0.085993 -0.008549 -0.015400 -0.093970
0.280201 0.162365 0.229277 0.126253 0.000639 -0.087537 0.330654 0.081827 0.122592 0.152673 1.000000 0.416866 0.766038 0.409071 0.530587 0.271074 0.425354 0.160384 0.133239 0.091211 -0.329866 -0.154044 0.186634 0.011357 0.030822 -0.268843 -0.010674 -0.023928 0.443929 0.131853 -0.194427 -0.194812 0.054910 0.182055 -0.083968 -0.146591 0.137399 -0.131354 -0.097246 -0.124301 0.122865 -0.147260 -0.350184 -0.290959 -0.504901 -0.554010 -0.409796 -0.363510 -0.337525 -0.398745 -0.246148 -0.298176 -0.123952 -0.309041 0.250608 -0.178164 0.043786 -0.040665 0.359472 0.087023 0.375689 0.076822 0.410764 0.182250 -0.040862 -0.052338 -0.200362 -0.418819 0.048850 -0.138350 0.072803 -0.106252 0.270352 0.095157 0.268642 0.229107 0.390020 0.198566 0.002060 0.087309 0.197502 0.148979 -0.005413 -0.021269 0.359672 -0.072446 -0.109247 -0.325409 0.250956 0.236126 -0.182819 0.024690 -0.116968 0.088918 0.127322 -0.088177 -0.233727 -0.030129 -0.236616 -0.062508 -0.118574 -0.008174 -0.228220 -0.038242 -0.025416 -0.116017 -0.208165 -0.310129 -0.246540 0.050297 -0.267663 -0.285350 -0.261417 -0.121047 -0.203691 -0.244623
0.192871 0.564634 0.002598 0.201983 0.089774 -0.034055 0.167150 0.541041 -0.044794 0.288688 0.416866 1.000000 0.512385 0.822023 0.168427 0.450843 0.255063 0.208479 -0.078321 0.052783 -0.293970 -0.048079 -0.238967 -0.033087 -0.271151 -0.311712 -0.064704 -0.289893 0.145617 0.301060 -0.320995 -0.138811 0.065332 0.359189 -0.036038 -0.161434 0.004262 -0.207566 -0.266715 -0.237651 0.077646 -0.040459 -0.332941 -0.252247 -0.281617 -0.252521 -0.347692 -0.365084 -0.288893 -0.251460 -0.240947 -0.171824 -0.056677 -0.174506 0.132133 -0.215702 0.032104 -0.110915 0.273747 0.179610 0.451473 0.564690 0.292280 0.190935 -0.027056 0.345603 -0.168729 -0.173203 0.039064 -0.226669 -0.056617 -0.042677 0.178869 -0.000803 0.043670 0.178441 0.273527 0.285691 -0.048365 -0.074313 0.070036 0.008801 -0.303471 0.117903 0.068124 0.059975 -0.385517 -0.372487 0.041501 0.309717 -0.113493 -0.231522 0.054940 -0.243887 -0.041327 -0.097296 -0.289378 -0.132942 -0.311858 -0.040355 -0.048706 -0.142612 0.048444 -0.249328 -0.147589 -0.222995 -0.329221 -0.403224 -0.352214 0.046019 -0.358518 -0.233600 -0.063291 -0.191490 -0.287124 -0.388451
0.001898 0.207832 0.304285 0.079663 0.177087 -0.127493 0.353338 0.149066 0.153959 0.086396 0.766038 0.512385 1.000000 0.614943 0.418870 0.317499 0.277614 0.137983 -0.050518 -0.174722 -0.328830 -0.166368 0.062396 -0.083707 -0.030564 -0.235828 0.119753 -0.017152 0.379045 0.250710 -0.261661 -0.165244 -0.028198 0.203312 0.041290 -0.144423 0.158370 0.029262 -0.018573 -0.073030 0.228445 0.050110 -0.333733 -0.286134 -0.448015 -0.437479 -0.362795 -0.428957 -0.299092 -0.399806 -0.204662 -0.269104 -0.012107 -0.332141 0.519693 -0.054677 -0.187960 -0.036705 0.370953 0.136814 0.557981 0.184707 0.386720 0.190684 -0.130814 -0.015470 -0.105397 -0.276156 -0.143303 -0.311608 0.104592 0.001961 0.322156 0.045973 0.139020 0.110898 0.274975 0.215200 -0.103869 0.026069 0.033187 0.067066 -0.196191 0.045410 0.150416 -0.022703 -0.283809 -0.324626 0.142813 0.401152 -0.097312 0.057896 -0.041365 0.078872 0.064700 -0.063151 -0.252686 -0.219592 -0.195840 -0.198781 -0.020989 -0.036874 -0.139291 -0.036620 0.069579 -0.154668 -0.189631 -0.343605 -0.174554 -0.068217 -0.391910 -0.224406 -0.153099 -0.120070 -0.185329 -0.298668
0.113974 0.614113 -0.016595 0.122573 0.069505 -0.082829 0.113684 0.396845 -0.094373 0.093235 0.409071 0.822023 0.614943 1.000000 0.086716 0.409505 0.286896 0.308592 -0.137679 -0.016206 -0.342748 -0.169064 -0.244326 -0.127223 -0.216779 -0.312711 0.041684 -0.263890 0.208763 0.477178 -0.322575 -0.164978 0.152714 0.372605 -0.059642 -0.169648 0.019776 -0.219105 -0.167262 -0.194729 0.158419 -0.003743 -0.302581 -0.286411 -0.202656 -0.204211 -0.233393 -0.380624 -0.285037 -0.263805 -0.242174 -0.206044 0.025249 -0.191682 0.240905 -0.122236 -0.028755 0.037191 0.280479 0.204637 0.557306 0.625718 0.417034 0.371891 -0.163766 0.221619 -0.114232 -0.206761 0.007494 -0.233025 -0.117632 -0.138515 0.287118 -0.054828 -0.037017 0.014566 0.124218 0.148343 0.003230 0.037539 0.152566 0.171401 -0.228025 0.153026 0.080929 0.146974 -0.327134 -0.295113 -0.068375 0.365167 -0.105904 -0.285905 -0.128976 -0.317835 -0.027069 -0.026182 -0.245547 -0.200105 -0.171242 -0.115680 -0.187804 -0.292644 -0.083898 -0.272933 -0.149368 -0.297528 -0.342611 -0.366021 -0.228177 -0.033778 -0.437373 -0.225536 -0.068271 -0.173250 -0.339770 -0.378498
0.014986 -0.263837 0.332019 0.385516 0.313586 0.453003 0.456049 0.206339 0.618719 0.597722 0.530587 0.168427 0.418870 0.086716 1.000000 0.684443 -0.019403 -0.216671 -0.024224 -0.035762 -0.081606 0.119741 0.606714 0.545321 0.402534 0.214554 0.257928 0.536367 0.261254 -0.186616 -0.050075 0.074268 -0.462587 -0.028672 -0.003704 0.255758 -0.091430 -0.119152 -0.061343 -0.291463 0.091521 -0.238864 -0.494635 -0.519321 -0.600149 -0.561398 -0.572589 -0.487576 -0.482067 -0.527384 -0.195988 -0.461386 -0.162898 -0.188642 -0.053843 -0.388262 -0.120673 -0.224729 0.164685 -0.138263 0.063247 -0.046903 -0.093070 -0.211739 0.388176 0.165813 -0.425855 -0.424242 -0.104315 -0.059007 0.177731 -0.036464 -0.163541 -0.045719 0.006185 0.221289 -0.006731 0.111731 -0.046676 -0.153195 0.082977 -0.008663 0.359617 0.205588 0.439784 -0.107642 -0.137316 -0.317305 0.699321 0.253422 0.052216 0.286909 0.352342 0.455155 -0.054313 -0.228992 -0.472733 -0.239732 -0.446573 -0.162243 0.239718 0.142790 -0.093356 0.061719 0.042014 -0.086142 -0.046706 -0.223565 -0.158143 -0.128082 -0.109996 -0.253207 -0.318205 -0.002016 -0.057077 -0.125241
-0.050627 0.017357 -0.014990 0.454609 0.332159 0.434751 0.148112 0.268270 0.391024 0.655097 0.271074 0.450843 0.317499 0.409505 0.684443 1.000000 0.031155 -0.050478 -0.178111 0.005261 -0.077919 0.137155 0.232204 0.484386 0.257206 -0.024337 0.170629 0.259175 0.222178 0.135808 -0.281743 -0.050092 -0.405940 0.016965 0.015242 0.161079 0.005403 -0.220445 -0.065493 -0.332572 0.194717 -0.207854 -0.547216 -0.617055 -0.443708 -0.446878 -0.482932 -0.484263 -0.499133 -0.478803 -0.254763 -0.409796 -0.023544 -0.053418 0.048881 -0.367901 -0.080316 -0.066201 0.178139 0.022889 0.060608 0.279389 0.010978 -0.027634 0.130575 0.128122 -0.324043 -0.343898 -0.046286 -0.020072 0.046282 -0.052890 -0.069450 -0.089506 -0.111610 0.041737 -0.122010 0.041606 0.084505 -0.062073 0.163662 0.125019 0.195916 0.383659 0.312366 0.047860 -0.383345 -0.400715 0.549011 0.406427 0.226965 0.161465 0.331004 0.131823 -0.119243 -0.193163 -0.439176 -0.211706 -0.268282 0.018744 0.179218 -0.125700 -0.011382 -0.151420 -0.073641 -0.100470 -0.174665 -0.251213 -0.229449 -0.110370 -0.243257 -0.000512 -0.056121 -0.107784 -0.095029 -0.142991
0.725045 0.465842 -0.299555 0.022139 -0.303614 -0.133443 -0.217578 -0.110731 -0.265975 -0.017636 0.425354 0.255063 0.277614 0.286896 -0.019403 0.031155 1.000000 0.561031 -0.000203 0.213508 -0.279672 -0.216247 -0.287912 -0.366826 -0.166303 -0.450252 -0.049821 -0.333027 0.488227 0.493345 -0.287328 -0.384019 0.326740 0.170657 0.066156 -0.350414 0.431344 -0.220404 0.021169 0.004642 0.281276 0.170720 -0.356274 -0.368731 -0.300856 -0.451061 -0.187280 -0.276248 -0.407222 -0.340108 -0.420229 -0.306773 -0.078646 -0.186171 0.152968 -0.116660 0.703543 0.382778 0.424421 0.110162 0.401691 0.242787 0.751577 0.720252 -0.311517 -0.106082 0.041201 -0.526990 0.368810 -0.049883 0.105059 -0.234312 0.697183 0.232002 0.453278 0.110708 0.519386 0.190127 0.538685 0.468458 0.613595 0.567611 -0.136726 -0.073918 0.281123 0.091439 -0.093962 -0.192832 -0.095392 -0.000135 -0.331604 -0.387731 -0.413462 -0.412894 0.279195 0.109598 -0.018137 0.205387 0.045953 0.345206 -0.288115 -0.181890 -0.104231 -0.177611 -0.094117 0.087510 -0.428403 -0.153370 -0.144282 0.300415 -0.277036 -0.143226 -0.222583 -0.282148 -0.149940 -0.108610
0.123486 0.511502 -0.477575 -0.035802 -0.406323 -0.352154 -0.351380 -0.172678 -0.450206 -0.330800 0.160384 0.208479 0.137983 0.308592 -0.216671 -0.050478 0.561031 1.000000 -0.204398 0.303012 -0.418046 -0.227596 -0.317751 -0.297360 -0.332234 -0.396679 -0.280532 -0.481321 0.446951 0.722011 -0.146823 -0.168565 0.426712 0.230627 -0.030453 -0.496772 0.346048 0.057531 0.022886 0.040907 0.325515 0.384273 -0.074344 -0.112720 0.083752 -0.051985 0.148741 -0.006075 -0.183073 -0.008201 -0.345737 -0.030036 -0.010161 -0.033918 0.056740 0.002135 0.145434 0.453681 -0.106322 0.028260 0.124666 0.081707 0.591662 0.609229 -0.297666 -0.332080 0.182795 -0.246166 0.163978 0.125882 -0.160945 -0.163072 0.609206 0.269930 0.289790 -0.015949 0.198373 -0.062376 0.514727 0.699440 0.449837 0.562254 -0.012038 0.264112 -0.028373 0.207457 -0.061038 0.010876 -0.400331 -0.208921 -0.131496 -0.388356 -0.340685 -0.502958 0.165744 0.187993 0.111917 0.082438 0.301604 0.059890 -0.276254 -0.371172 -0.046544 -0.155423 -0.097247 -0.023960 -0.208157 -0.099159 -0.091808 -0.026202 -0.259199 0.044165 0.001875 -0.063876 -0.137847 -0.113201
0.327291 0.074387 0.298693 -0.067896 0.176708 -0.178634 0.226667 -0.085064 0.116698 -0.066296 0.133239 -0.078321 -0.050518 -0.137679 -0.024224 -0.178111 -0.000203 -0.204398 1.000000 0.486444 -0.004105 -0.190790 -0.040022 -0.102715 -0.110677 -0.234124 0.142052 -0.122725 0.045729 -0.201744 0.165025 -0.036640 0.176666 0.174267 -0.132878 -0.089951 -0.077606 -0.262080 -0.249948 -0.225372 -0.232822 -0.185660 -0.041378 -0.031526 -0.110072 -0.144881 -0.177836 -0.054082 -0.073422 -0.036837 0.021314 -0.049586 -0.141303 -0.108867 -0.177731 -0.143854 0.095162 -0.050515 0.388678 0.196368 0.115912 0.016298 0.032234 -0.050593 0.117112 -0.001874 0.285702 0.044455 0.400579 0.153252 0.027275 -0.100788 0.043658 -0.100162 0.113432 -0.082752 0.058371 -0.081694 -0.127970 -0.339528 0.025195 -0.068849 0.061326 -0.143509 0.051626 0.043037 0.129615 0.055517 0.037552 0.016874 0.017241 0.152253 -0.111480 0.131202 -0.076951 -0.192744 -0.341872 -0.199923 -0.246371 0.026557 -0.094101 0.095294 -0.217024 -0.235057 -0.093030 -0.040062 -0.100781 -0.249036 -0.041367 -0.006120 -0.137186 -0.142961 -0.159227 -0.222311 -0.187135 -0.091325
0.335791 0.276736 -0.204376 0.107284 -0.209218 -0.052768 -0.071974 0.030370 -0.108584 -0.093122 0.091211 0.052783 -0.174722 -0.016206 -0.035762 0.005261 0.213508 0.303012 0.486444 1.000000 -0.103880 -0.107726 -0.121819 0.039077 -0.274682 -0.241309 -0.029186 -0.163827 0.136541 0.103499 -0.012759 -0.077514 0.314522 0.388017 -0.274362 -0.212384 0.048470 -0.219869 -0.218671 -0.204460 -0.105519 -0.014239 -0.270657 -0.265499 -0.105402 -0.185877 -0.218711 -0.120957 -0.247617 -0.071877 -0.411895 -0.208234 -0.336135 -0.158667 -0.265187 -0.187199 0.110001 0.241389 0.130894 0.123435 -0.049083 0.105682 0.229363 0.234804 0.009158 -0.071426 0.166137 -0.085194 0.506041 0.646899 -0.122509 -0.187716 0.146084 -0.009393 0.103514 -0.110831 0.059522 -0.112433 0.284617 0.162337 0.284990 0.223820 0.221037 0.077959 0.095597 0.071678 0.083928 0.225723 -0.000488 -0.027705 -0.067704 -0.045305 -0.056663 -0.154200 0.069457 0.012503 -0.198218 0.178003 -0.092253 0.179419 0.064435 -0.098246 0.052771 -0.082163 -0.124255 -0.050793 -0.047691 -0.132364 -0.064907 0.128926 -0.035950 0.097251 -0.238311 0.022157 -0.136500 -0.110458
-0.128341 -0.483034 0.194293 -0.074836 0.084514 0.235630 0.032931 -0.001552 0.039141 0.123652 -0.329866 -0.293970 -0.328830 -0.342748 -0.081606 -0.077919 -0.279672 -0.418046 -0.004105 -0.103880 1.000000 0.489080 0.118060 0.231498 0.335435 0.404098 0.191753 0.258050 -0.134118 -0.158315 0.375277 0.360784 -0.186385 -0.074642 -0.065872 0.195366 -0.089300 -0.020538 0.119940 0.142800 -0.104647 -0.021341 0.063407 0.083981 -0.007696 0.052583 -0.028823 -0.064126 0.064361 -0.040626 0.066407 -0.104281 -0.131169 -0.084075 -0.127788 -0.106716 -0.056710 -0.280698 -0.192575 -0.281458 -0.290863 -0.278347 -0.266761 -0.317724 0.083692 -0.008945 -0.126785 0.140734 -0.105236 -0.038437 0.377590 0.364950 -0.150246 0.069834 -0.054882 0.176107 -0.092666 0.119059 -0.096120 -0.180295 -0.184690 -0.186879 0.030695 -0.169253 -0.061533 -0.077562 -0.027330 0.101631 0.059601 -0.178495 0.001210 0.159876 0.220920 0.252418 0.064652 -0.062702 0.039145 0.087512 -0.125256 0.038093 0.219306 0.269209 0.243565 0.319557 0.111835 0.312814 0.120514 0.182285 -0.048683 0.123980 0.275259 0.130613 -0.063587 0.253008 0.434965 0.194597
-0.075688 -0.379050 0.182066 0.150216 -0.102350 0.339429 0.160866 0.164246 0.021077 0.170123 -0.154044 -0.048079 -0.166368 -0.169064 0.119741 0.137155 -0.216247 -0.227596 -0.190790 -0.107726 0.489080 1.000000 0.269473 0.363799 0.325731 0.600428 0.203578 0.281708 0.112803 -0.137624 0.427092 0.516665 -0.165831 0.085411 -0.115945 0.096362 -0.190519 -0.106510 0.146842 0.159402 -0.102611 -0.041052 0.068450 0.103693 -0.129247 -0.128183 0.034358 -0.047662 -0.131185 -0.155850 -0.051276 -0.168540 -0.139315 -0.071330 -0.229155 -0.164602 -0.134629 -0.347803 -0.236691 -0.279190 -0.231505 -0.194273 -0.237110 -0.378284 0.273398 0.148326 -0.313489 -0.091721 -0.348216 -0.213526 0.312146 0.411501 -0.124246 0.122013 0.086457 0.360488 0.047877 0.271363 -0.026563 -0.082800 -0.229458 -0.275040 0.044723 0.027435 -0.155305 -0.218216 -0.039881 0.234440 0.070274 -0.122591 -0.148681 0.001274 0.259259 0.071991 -0.032462 -0.224506 0.078359 0.009920 -0.236843 -0.057245 0.209225 0.139867 0.200473 0.125213 0.034534 0.394848 0.030106 0.090331 -0.390133 0.153629 0.180462 0.030748 -0.080070 0.171055 0.436825 0.185332
-0.228325 -0.512486 0.492685 0.470473 0.082635 0.259181 0.550508 0.215274 0.482282 0.230706 0.186634 -0.238967 0.062396 -0.244326 0.606714 0.232204 -0.287912 -0.317751 -0.040022 -0.121819 0.118060 0.269473 1.000000 0.720229 0.556773 0.570986 0.068135 0.539218 0.005473 -0.380382 0.413349 0.407505 -0.438383 0.001233 -0.186615 0.353154 -0.263806 -0.108942 -0.002725 -0.122076 -0.223932 -0.328698 -0.188413 -0.183843 -0.297787 -0.247359 -0.297457 -0.255018 -0.159795 -0.219854 0.104896 -0.227909 -0.181696 -0.072082 -0.239738 -0.266564 -0.267034 -0.284215 -0.248675 -0.448914 -0.242412 -0.347336 -0.357942 -0.465755 0.587886 0.162501 -0.521591 -0.239639 -0.305535 -0.029850 0.245370 0.094652 -0.354057 -0.005918 -0.046216 0.230080 -0.005699 0.090244 -0.186511 -0.086991 -0.195299 -0.204256 0.267384 -0.114166 0.253190 -0.301639 0.195791 0.020925 0.576964 0.065242 -0.090865 0.192281 0.294954 0.443231 0.067583 -0.132129 -0.182468 -0.083920 -0.345122 -0.297150 0.254777 0.179975 0.036980 0.261444 0.197666 0.029171 0.053468 -0.054629 -0.105224 -0.091347 0.179278 -0.147131 -0.272529 0.202972 0.209953 -0.011278
-0.264400 -0.462553 0.241307 0.571555 0.072701 0.399655 0.358909 0.433944 0.405277 0.394411 0.011357 -0.033087 -0.083707 -0.127223 0.545321 0.484386 -0.366826 -0.297360 -0.102715 0.039077 0.231498 0.363799 0.720229 1.000000 0.310653 0.577037 -0.064879 0.439918 -0.075140 -0.305570 0.302085 0.523035 -0.539093 -0.017130 -0.190456 0.232014 -0.407315 -0.177942 -0.213357 -0.276364 -0.276528 -0.349831 -0.183121 -0.176999 -0.161813 -0.113905 -0.254279 -0.157365 -0.190425 -0.131393 -0.091059 -0.257678 -0.181446 -0.054850 -0.410601 -0.341942 -0.329312 -0.417530 -0.367076 -0.430222 -0.353390 -0.206101 -0.388210 -0.516742 0.550986 0.242408 -0.593116 -0.183425 -0.311641 -0.026666 0.134074 0.203035 -0.468918 -0.083703 -0.187587 0.179798 -0.181753 0.048429 -0.089091 -0.186029 -0.197717 -0.287268 0.316792 0.142121 0.070367 -0.277063 0.043886 0.056917 0.493316 0.102254 0.124583 0.280643 0.602477 0.395332 -0.123385 -0.273481 -0.267231 -0.123018 -0.343547 -0.136049 0.351394 0.164033 0.254522 0.246012 0.150477 0.008280 0.035316 -0.169151 -0.211706 -0.110547 0.081336 -0.052004 -0.108481 0.239602 0.219741 -0.089147
-0.188579 -0.478309 0.399662 0.156756 0.364099 0.444589 0.303888 -0.138939 0.420976 0.472254 0.030822 -0.271151 -0.030564 -0.216779 0.402534 0.257206 -0.166303 -0.332234 -0.110677 -0.274682 0.335435 0.325731 0.556773 0.310653 1.000000 0.389229 0.435774 0.443932 0.086433 -0.110952 0.241847 0.224944 -0.265118 0.007419 0.022908 0.335909 -0.031997 -0.060637 0.209125 0.065560 -0.052998 -0.193405 -0.072690 -0.172902 -0.327980 -0.268126 -0.145837 -0.290154 -0.250931 -0.382346 0.081473 -0.304599 -0.057284 0.032361 0.012470 -0.278605 -0.125694 -0.076482 -0.097027 -0.297113 -0.216830 -0.267553 -0.258238 -0.269390 0.260677 -0.081630 -0.245309 -0.162618 -0.312933 -0.111957 0.458593 0.157844 -0.101531 0.199513 0.041111 0.308776 0.061890 0.198770 -0.033006 0.017618 -0.024467 0.010777 0.071720 -0.237229 0.164869 -0.215716 -0.156375 -0.258099 0.402835 -0.116628 -0.073455 0.085324 -0.017713 0.246093 0.162202 -0.046977 -0.012480 0.074449 -0.224923 -0.053065 -0.026042 0.025733 0.050261 0.143623 0.205787 0.272783 -0.133195 0.060620 -0.187253 0.080454 0.325449 0.133337 -0.116310 0.160177 0.350610 0.190616
-0.264739 -0.488771 0.294056 0.166284 -0.019758 0.445184 0.234290 0.278807 0.306650 0.124415 -0.268843 -0.311712 -0.235828 -0.312711 0.214554 -0.024337 -0.450252 -0.396679 -0.234124 -0.241309 0.404098 0.600428 0.570986 0.577037 0.389229 1.000000 0.210882 0.587743 -0.265054 -0.455316 0.513987 0.662403 -0.355955 -0.045027 -0.171370 0.307481 -0.416145 -0.000639 0.049521 0.022164 -0.341075 -0.211863 0.156559 0.150201 0.034647 0.076017 0.101774 0.049322 0.107621 0.058384 0.181782 -0.012358 -0.039138 0.017583 -0.355467 -0.105878 -0.259507 -0.371898 -0.445120 -0.422204 -0.284440 -0.206181 -0.429184 -0.559437 0.492515 0.358621 -0.521370 -0.033575 -0.387299 -0.166829 0.157851 0.251609 -0.458665 -0.044811 -0.130063 0.163273 -0.227995 0.058177 -0.226561 -0.248077 -0.415937 -0.490139 0.195619 -0.099652 -0.150975 -0.289393 0.235420 0.296929 0.183965 -0.098275 -0.030357 0.122435 0.448952 0.293076 -0.072166 -0.142888 0.052516 -0.094430 -0.220022 -0.277311 0.237087 0.180199 0.203519 0.234990 0.092120 0.060760 0.189770 0.162460 -0.087852 -0.094582 0.254910 -0.112304 -0.152853 0.247291 0.275914 0.032084
0.099136 -0.159750 0.313822 -0.120344 0.391465 0.466828 0.277712 -0.070938 0.371555 0.275001 -0.010674 -0.064704 0.119753 0.041684 0.257928 0.170629 -0.049821 -0.280532 0.142052 -0.029186 0.191753 0.203578 0.068135 -0.064879 0.435774 0.210882 1.000000 0.506867 0.076035 -0.053868 0.138859 0.124643 0.010108 0.184503 0.191716 0.359267 0.003519 -0.115758 0.163531 0.013891 -0.021913 -0.046721 -0.190578 -0.239231 -0.338084 -0.260093 -0.238487 -0.337437 -0.293777 -0.372850 -0.102191 -0.324224 -0.114947 -0.231477 0.064642 -0.195576 0.010355 0.012083 0.252294 0.015141 0.202384 0.145165 -0.055730 -0.064262 0.208832 0.177118 -0.003641 -0.062304 0.041318 -0.050324 0.163082 -0.035926 0.013299 -0.059541 -0.029957 0.043520 -0.101363 0.049464 -0.087318 -0.197924 0.033527 -0.015434 0.241997 -0.084556 0.122864 0.027830 -0.019731 0.017400 0.278783 0.153276 -0.182746 -0.028442 -0.027070 0.090829 -0.156631 -0.053949 -0.290763 -0.144347 -0.356879 -0.140324 -0.007621 -0.091357 -0.102557 -0.086789 -0.057550 -0.015868 -0.149682 0.056585 0.027816 0.015101 0.050842 -0.127527 -0.350499 -0.108485 0.043717 -0.011014
-0.136504 -0.524869 0.362674 0.222288 0.269276 0.675340 0.406784 0.105666 0.663515 0.330494 -0.023928 -0.289893 -0.017152 -0.263890 0.536367 0.259175 -0.333027 -0.481321 -0.122725 -0.163827 0.258050 0.281708 0.539218 0.439918 0.443932 0.587743 0.506867 1.000000 -0.167363 -0.488177 0.066381 0.120815 -0.455976 -0.231477 0.044101 0.521880 -0.167395 0.055486 0.181258 -0.015704 -0.140849 -0.182043 -0.194063 -0.205464 -0.264235 -0.192392 -0.284645 -0.239494 -0.094776 -0.203009 0.036016 -0.206434 -0.133122 -0.149449 -0.140890 -0.188933 -0.155761 -0.269563 -0.068075 -0.258286 -0.150046 -0.247944 -0.390906 -0.434307 0.385611 0.227009 -0.362526 -0.116749 -0.134883 0.023589 0.148840 -0.042939 -0.377514 -0.071587 -0.077389 0.104675 -0.263824 -0.041027 -0.166701 -0.239082 -0.169311 -0.274616 0.348203 -0.081840 0.185054 -0.162383 0.077123 0.137474 0.476198 0.186936 0.061538 0.362194 0.478198 0.534414 -0.143084 -0.120390 -0.197368 -0.121619 -0.299449 -0.149326 0.398125 0.237890 0.081175 0.264226 0.084829 -0.053846 0.173054 0.219218 0.098454 -0.152367 0.208283 -0.096182 -0.276741 0.145042 0.178750 0.009702
0.193587 0.056766 0.011351 0.067315 0.017445 -0.114312 0.084494 -0.226028 -0.088857 0.009041 0.443929 0.145617 0.379045 0.208763 0.261254 0.222178 0.488227 0.446951 0.045729 0.136541 -0.134118 0.112803 0.005473 -0.075140 0.086433 -0.265054 0.076035 -0.167363 1.000000 0.607155 0.096120 0.025601 0.236579 0.262543 0.090332 -0.310440 0.354003 -0.078204 0.121881 0.004067 0.506379 0.191175 -0.290383 -0.340146 -0.383737 -0.494737 -0.206193 -0.407761 -0.518855 -0.509901 -0.507967 -0.472240 -0.166596 -0.353342 0.118536 -0.246902 0.068431 0.121470 0.193502 -0.005936 0.177614 -0.059902 0.500086 0.316871 -0.063552 -0.271201 0.100363 -0.423457 0.024315 -0.101373 0.248694 0.170730 0.706345 0.206583 0.377013 0.168331 0.268671 0.181440 0.510412 0.474964 0.486080 0.520947 0.173965 0.334023 0.245315 0.122021 -0.122772 -0.089290 0.053578 -0.016195 -0.287567 -0.234144 -0.293532 -0.179928 0.102142 -0.008129 -0.216367 -0.156270 -0.160553 -0.198564 -0.124960 -0.118171 -0.213765 -0.177590 -0.103974 0.267706 -0.277567 -0.310120 -0.228556 -0.057970 -0.411032 -0.189830 -0.295609 -0.228272 0.060472 0.026498
0.052831 0.447846 -0.368733 -0.095162 -0.115606 -0.348143 -0.273637 -0.223369 -0.380070 -0.208396 0.131853 0.301060 0.250710 0.477178 -0.186616 0.135808 0.493345 0.722011 -0.201744 0.103499 -0.158315 -0.137624 -0.380382 -0.305570 -0.110952 -0.455316 -0.053868 -0.488177 0.607155 1.000000 -0.070632 -0.102131 0.384573 0.326415 0.022063 -0.420260 0.421279 -0.054107 0.064498 0.005367 0.468469 0.315182 -0.142855 -0.219956 -0.010835 -0.124306 0.071519 -0.220010 -0.286219 -0.216627 -0.371154 -0.219012 0.030942 -0.142711 0.230101 -0.043106 0.052632 0.365465 0.065207 0.134935 0.280634 0.228484 0.627063 0.624435 -0.316721 -0.329912 0.259631 -0.189228 0.044512 -0.045079 0.037048 -0.081315 0.794651 0.284557 0.248469 0.034752 0.252969 0.149441 0.385749 0.583633 0.381850 0.580288 -0.076197 0.240042 0.060292 0.245061 -0.206495 -0.174271 -0.302156 -0.030895 -0.221691 -0.477464 -0.457494 -0.553532 0.182231 0.172374 0.033220 -0.011914 0.161946 -0.065670 -0.323161 -0.424262 -0.137584 -0.208155 -0.060329 0.028544 -0.329061 -0.207675 -0.155086 0.064443 -0.315945 0.105939 -0.051785 -0.134826 -0.074216 -0.161888
-0.212475 -0.326427 0.349112 -0.084346 0.066914 -0.202039 0.330161 -0.017805 0.049862 -0.192882 -0.194427 -0.320995 -0.261661 -0.322575 -0.050075 -0.281743 -0.287328 -0.146823 0.165025 -0.012759 0.375277 0.427092 0.413349 0.302085 0.241847 0.513987 0.138859 0.066381 0.096120 -0.070632 1.000000 0.835305 0.087344 0.318748 -0.023770 0.100060 -0.351034 -0.235820 -0.174859 -0.128275 -0.338377 -0.168418 0.205749 0.237746 0.149355 0.161936 0.153427 0.055985 0.060936 0.062188 0.103004 -0.040403 -0.103289 -0.036149 -0.449285 -0.204771 -0.275048 -0.243255 -0.277557 -0.370946 -0.091609 -0.209144 -0.240496 -0.375152 0.555916 0.149708 -0.137658 0.010564 -0.302795 -0.210033 0.286854 0.334413 -0.095724 0.068940 0.027850 0.267890 0.023339 0.209541 -0.206953 -0.122612 -0.326985 -0.305336 0.239310 -0.021193 -0.103282 -0.162324 0.392840 0.285787 -0.023692 -0.335975 -0.286953 -0.172370 0.039573 0.090143 -0.129182 -0.045172 -0.041950 -0.182144 -0.200230 -0.417566 -0.014407 0.054032 -0.042304 0.093331 -0.037107 0.198333 0.017223 -0.106592 -0.103412 0.102943 0.074854 -0.147228 -0.182774 0.036764 0.216442 0.084798
-0.341350 -0.380445 0.276785 -0.057909 0.072768 -0.030884 0.226512 0.141211 0.071279 -0.009726 -0.194812 -0.138811 -0.165244 -0.164978 0.074268 -0.050092 -0.384019 -0.168565 -0.036640 -0.077514 0.360784 0.516665 0.407505 0.523035 0.224944 0.662403 0.124643 0.120815 0.025601 -0.102131 0.835305 1.000000 -0.125654 0.281646 0.009868 0.096043 -0.352825 -0.087590 -0.134547 -0.149860 -0.245106 -0.114001 0.206536 0.226609 0.101345 0.156178 0.129291 0.058283 0.012381 0.023049 0.015976 -0.080006 -0.057286 -0.020763 -0.407865 -0.223245 -0.393121 -0.365600 -0.381321 -0.445643 -0.159445 -0.115482 -0.312031 -0.481386 0.540184 0.237800 -0.318578 -0.020662 -0.365662 -0.268022 0.186384 0.504744 -0.243854 -0.001902 -0.106815 0.239430 -0.083503 0.212931 -0.150463 -0.173109 -0.352930 -0.358196 0.248605 0.155831 -0.251226 -0.242158 0.241166 0.213702 0.062317 -0.234594 -0.088950 -0.031177 0.266158 0.144013 -0.231985 -0.111170 -0.118420 -0.261661 -0.241461 -0.353065 0.087726 0.051362 0.103003 0.139519 0.013376 0.084731 0.086496 -0.142838 -0.117829 -0.049777 0.034753 -0.146347 -0.053946 0.118238 0.251086 -0.012469
0.251766 0.396750 -0.179096 -0.195163 -0.307205 -0.300290 -0.229418 -0.152280 -0.526209 -0.403732 0.054910 0.065332 -0.028198 0.152714 -0.462587 -0.405940 0.326740 0.426712 0.176666 0.314522 -0.186385 -0.165831 -0.438383 -0.539093 -0.265118 -0.355955 0.010108 -0.455976 0.236579 0.384573 0.087344 -0.125654 1.000000 0.565877 0.026519 -0.320101 0.157204 -0.082310 -0.068719 0.063128 0.042153 0.177318 0.122897 0.153268 0.135487 0.054673 0.293867 0.042738 0.037516 0.089989 -0.046882 0.145325 0.009482 -0.052943 0.046569 0.097697 0.196885 0.278775 0.033703 0.143802 0.130271 0.075581 0.290079 0.279900 -0.303311 -0.125337 0.480031 0.126318 0.278795 0.210226 -0.012422 -0.077653 0.453845 0.213437 0.355482 0.113720 0.288942 0.069977 0.194916 0.352227 0.187914 0.185323 -0.158053 -0.138304 -0.051504 0.245743 0.072621 0.071906 -0.534984 -0.331988 -0.372596 -0.582294 -0.526122 -0.537419 0.156569 0.191007 0.242942 0.194261 0.126273 -0.093925 -0.391567 -0.358791 -0.169467 -0.338279 -0.221663 -0.015070 -0.264912 -0.026995 -0.005107 0.170894 -0.048962 -0.176342 -0.128670 -0.263189 -0.232305 -0.079688
0.115927 0.299670 0.162621 0.091326 0.040211 -0.131114 0.209464 0.258789 -0.052038 0.003141 0.182055 0.359189 0.203312 0.372605 -0.028672 0.016965 0.170657 0.230627 0.174267 0.388017 -0.074642 0.085411 0.001233 -0.017130 0.007419 -0.045027 0.184503 -0.231477 0.262543 0.326415 0.318748 0.281646 0.565877 1.000000 -0.019870 -0.115146 -0.045357 -0.247946 -0.214092 -0.234626 -0.131540 -0.019047 -0.200267 -0.164209 -0.238162 -0.219689 -0.163288 -0.384255 -0.339767 -0.292641 -0.273424 -0.267711 -0.261836 -0.248292 -0.120449 -0.316942 -0.096643 0.042057 0.111116 -0.057054 0.301141 0.254593 0.257605 0.135785 0.134684 0.220055 0.054141 -0.056134 0.075504 0.116619 0.289923 0.170705 0.294745 0.347168 0.284419 0.346300 0.322842 0.384242 0.058572 0.204253 0.055692 0.044597 -0.117226 -0.119968 0.005136 0.017000 -0.104354 -0.075345 -0.146331 -0.142096 -0.429954 -0.448813 -0.237939 -0.319850 0.128995 0.058112 -0.137448 -0.065405 -0.348441 -0.262788 -0.142484 -0.270660 -0.017494 -0.256875 -0.076106 -0.122189 -0.313968 -0.348102 -0.269865 0.171506 -0.094023 -0.186907 -0.421928 -0.113223 -0.169111 -0.293338
-0.059949 -0.031199 -0.056308 -0.300157 0.291680 -0.075548 -0.059247 -0.318638 0.141658 0.083385 -0.083968 -0.036038 0.041290 -0.059642 -0.003704 0.015242 0.066156 -0.030453 -0.132878 -0.274362 -0.065872 -0.115945 -0.186615 -0.190456 0.022908 -0.171370 0.191716 0.044101 0.090332 0.022063 -0.023770 0.009868 0.026519 -0.019870 1.000000 0.253157 0.210270 0.268346 0.161902 -0.010728 0.183463 0.134829 -0.117693 -0.114529 -0.114479 0.022556 -0.081144 -0.135448 -0.181294 -0.238418 -0.088834 -0.176497 0.003883 -0.034606 0.048342 -0.134474 0.034804 0.120860 0.230370 0.035945 0.236642 0.049229 -0.017550 0.083433 0.055346 0.031117 0.227062 0.092603 0.038926 -0.127526 0.030399 0.258013 0.098007 0.102562 0.120321 0.031691 0.045979 0.217063 -0.021501 0.037101 0.005512 0.052741 0.101973 0.175400 0.105155 0.064779 0.023055 -0.115663 0.065332 -0.085624 0.073263 0.027491 -0.027253 0.054556 -0.230010 0.117767 -0.092497 -0.158356 -0.052536 0.005271 -0.165695 -0.055299 -0.081721 -0.040259 -0.047660 0.031177 -0.033582 0.030005 0.318770 -0.058423 0.089879 -0.003228 0.091287 -0.139619 -0.015886 0.185192
-0.174526 -0.421671 0.284186 -0.021070 0.343463 0.352562 0.300919 0.048289 0.503226 0.256928 -0.146591 -0.161434 -0.144423 -0.169648 0.255758 0.161079 -0.350414 -0.496772 -0.089951 -0.212384 0.195366 0.096362 0.353154 0.232014 0.335909 0.307481 0.359267 0.521880 -0.310440 -0.420260 0.100060 0.096043 -0.320101 -0.115146 0.253157 1.000000 -0.053791 0.010941 0.072700 -0.173943 -0.146522 -0.232319 -0.041061 -0.028276 -0.083684 0.173313 -0.223082 -0.109168 0.069474 -0.061398 0.141234 -0.112465 -0.117576 -0.095949 -0.164832 -0.233018 -0.125341 -0.234986 0.062846 -0.082966 -0.047596 -0.032215 -0.457601 -0.342514 0.248003 0.273403 -0.181521 0.311801 -0.088509 -0.001614 0.037794 -0.075709 -0.440284 -0.119077 -0.177396 0.060368 -0.232518 -0.002143 -0.266814 -0.308986 -0.228845 -0.228661 0.124061 -0.181711 0.030399 -0.248833 0.039106 -0.054571 0.349372 0.001579 0.046064 0.219841 0.254102 0.330168 -0.137730 -0.039834 -0.189363 -0.119196 -0.262274 -0.109198 0.200858 0.181210 0.075568 0.104123 -0.099093 -0.145697 0.186879 0.202792 0.212919 -0.173594 0.329519 -0.016838 -0.084990 0.156573 0.000714 0.069259
