1.000000 0.415714 -0.030509 -0.085635 -0.299584 -0.195973 -0.113626 -0.054851 -0.395934 -0.352362 -0.057872 0.276311 -0.399448 0.009689 -0.034503 -0.060778 0.092751 -0.011818 0.090000 0.053276 -0.008849 -0.034345 0.069592 -0.085202 -0.170194 -0.098913 -0.115115 0.019930 -0.091763 -0.060265 -0.027520 -0.031225 0.234740 0.095588 -0.101655 -0.179035 0.298412 -0.002486 0.136053 0.045465 0.252575 0.128510 -0.115898 -0.174005 -0.146562 -0.046908 -0.145398 -0.106425 -0.000972 0.035788 -0.013813 -0.048103 0.142800 0.057246 0.353846 0.086793 0.294227 0.167393 0.501165 0.535948 0.364261 0.158609 0.299696 0.183575 0.113674 -0.143671 0.169520 -0.139576 0.252579 0.023413 -0.267365 -0.266453 -0.039110 -0.197629 0.297448 0.017396 -0.020076 -0.222577 0.032150 -0.095631 0.043634 0.039225 0.263695 0.145738 0.181161 -0.045363 0.234393 0.233071 0.294497 0.165274 -0.239150 -0.224892 -0.192276 0.000626 -0.121534 -0.135562 -0.008859 -0.142647 0.169702 0.067716 -0.247468 -0.192841 -0.060457 -0.097224 -0.041146 -0.335207 -0.119737 -0.167261 -0.260938 -0.167951 -0.090533 -0.201084 -0.222290 -0.032839 -0.057172 -0.043152
0.415714 1.000000 -0.374854 0.011001 -0.316646 -0.051284 -0.050637 -0.045582 -0.262852 -0.021102 -0.112675 0.192298 -0.146071 0.243427 -0.156155 0.184795 0.229156 0.285328 0.178173 0.356140 -0.006433 -0.075269 -0.355254 -0.411155 -0.415870 -0.400160 -0.229094 -0.190436 0.045911 0.201499 -0.297846 -0.367351 0.299703 0.432434 -0.260075 -0.089954 0.114455 0.101035 0.028102 0.024918 0.178409 0.270827 -0.348803 -0.489562 -0.340951 -0.324710 -0.290052 -0.410934 -0.254206 -0.006540 -0.416663 -0.233904 0.402934 -0.006834 0.227381 -0.029558 0.324227 0.658262 0.381425 0.564856 0.286501 0.269347 0.451463 0.474447 -0.260779 -0.218005 0.219556 -0.090909 0.553358 0.408622 -0.109317 -0.221643 0.008008 0.132951 0.159887 0.001753 0.123486 0.066044 0.096308 0.164119 0.276573 0.231541 0.266903 0.358190 0.208729 -0.019254 0.088415 0.348122 -0.008595 0.176233 -0.044661 -0.062279 -0.111860 -0.171607 -0.308333 -0.411648 -0.283236 -0.217505 -0.011493 -0.048754 -0.060456 -0.073871 0.154895 -0.233119 -0.135362 -0.187741 0.022211 -0.071011 -0.372125 -0.393228 -0.226456 -0.416027 -0.259864 -0.349566 -0.242365 -0.249210
-0.030509 -0.374854 1.000000 0.467166 0.318180 0.075534 0.361373 0.386903 0.196157 -0.263430 0.065103 -0.057153 -0.061212 -0.464904 -0.102306 -0.439338 -0.481463 -0.710134 0.281321 -0.128023 -0.094324 0.091400 0.698502 0.708135 0.388713 0.376166 0.273000 0.390587 -0.445043 -0.561921 0.355112 0.533312 -0.453124 -0.314484 0.314634 0.204693 -0.336571 -0.431754 0.143122 0.184428 -0.305952 -0.319472 0.110587 0.189805 0.069412 0.233823 0.268684 0.327229 0.301020 -0.073147 0.359675 0.078931 -0.378967 0.031813 -0.054477 0.205421 -0.371426 -0.582295 -0.001564 -0.089893 -0.013640 -0.146168 -0.235206 -0.559256 0.498751 0.186624 0.069445 0.235796 -0.602484 -0.200001 0.061936 0.030696 -0.434863 -0.272567 -0.204619 -0.153339 0.030134 0.151930 -0.305981 -0.427898 -0.567061 -0.646121 -0.042030 -0.218157 -0.486331 -0.076502 0.233589 0.007789 0.319224 0.148558 -0.018592 0.045632 0.229503 0.390084 0.153059 -0.010669 0.186974 0.038023 0.183479 -0.010542 -0.043473 -0.008731 -0.260030 -0.262456 -0.297072 -0.224064 -0.006105 -0.277282 -0.043766 0.092226 0.484478 0.101998 -0.007012 0.021924 -0.165537 -0.153798
-0.085635 0.011001 0.467166 1.000000 0.255754 0.187977 0.300181 0.608455 0.336288 0.292085 -0.010071 0.001871 0.040517 -0.106000 -0.064876 0.037388 -0.319122 -0.394877 0.578256 0.367811 0.085789 0.132261 0.337721 0.539052 0.179911 0.143163 0.117893 0.094193 -0.184889 -0.407639 0.303132 0.347423 -0.353018 -0.106031 -0.158572 0.141259 -0.207963 -0.234072 0.071421 0.232991 -0.275625 -0.261251 -0.322084 -0.306331 -0.134719 -0.083615 -0.089575 0.018152 -0.043041 -0.127630 -0.212348 -0.174716 -0.166003 -0.007994 -0.116920 0.026662 -0.256198 -0.375780 0.052655 -0.011972 -0.017823 0.104582 -0.204546 -0.375347 0.086353 0.312308 -0.078306 0.154916 -0.266072 -0.063005 0.092037 0.148978 -0.406884 -0.168935 -0.123735 -0.022284 -0.007097 0.349593 -0.302990 -0.445069 -0.443165 -0.621246 0.113064 0.145926 -0.344492 -0.236092 0.123229 0.391642 0.205977 0.246482 0.204516 0.343308 0.551435 0.233747 -0.064993 -0.081198 -0.152572 0.101733 -0.183661 -0.070014 0.129540 -0.123877 -0.253549 -0.383410 -0.432425 -0.262995 0.041332 -0.367347 -0.128724 0.033245 0.368415 0.053828 0.071802 -0.204756 -0.212102 -0.197480
-0.299584 -0.316646 0.318180 0.255754 1.000000 0.303962 0.205549 0.174934 0.792182 0.395083 -0.193128 -0.326909 0.088947 -0.166063 0.130249 -0.008082 0.017941 -0.227623 0.275338 0.178016 0.461251 0.440136 -0.082859 0.186375 0.746073 0.239933 0.322593 0.347991 0.098540 -0.128077 0.354780 0.323259 -0.271131 -0.095713 -0.140120 0.015914 -0.085661 -0.297874 -0.211189 -0.245311 -0.147825 -0.309354 0.002898 -0.086739 0.311717 0.074763 -0.002562 -0.012235 -0.152667 0.087711 -0.175137 -0.046980 -0.102324 0.119639 -0.272837 -0.284277 -0.330603 -0.315845 -0.015315 -0.085482 -0.127713 -0.148868 -0.101564 -0.282343 -0.093864 0.019328 0.168513 0.136232 -0.147711 0.034957 0.459468 0.259012 0.067351 -0.042666 -0.083428 0.102737 -0.073268 -0.022832 -0.197474 -0.159441 -0.083887 -0.208829 -0.168238 -0.021357 -0.240768 -0.284851 -0.243707 -0.167646 -0.173809 -0.255565 0.066282 0.168858 0.066477 -0.012410 0.034068 0.171205 -0.197372 -0.143911 -0.240944 -0.162870 0.010942 0.025536 -0.068664 0.145715 0.041599 0.168022 0.157444 -0.057241 0.115964 0.209314 0.061818 0.219669 -0.033194 -0.013281 0.163937 0.156665
-0.195973 -0.051284 0.075534 0.187977 0.303962 1.000000 0.021940 0.108812 0.161830 0.262989 -0.175922 -0.008484 -0.001645 0.044140 0.018147 0.290763 -0.086317 -0.168709 0.190684 0.188378 0.276253 0.472824 0.058427 0.231690 0.395246 0.301359 0.709788 0.640077 -0.113897 0.063736 0.183381 0.096161 -0.100290 -0.099050 -0.150820 0.159153 -0.342623 0.024788 0.164673 0.328719 -0.180098 0.158274 -0.166847 -0.145394 -0.036094 -0.045222 0.113853 0.090893 0.002242 -0.063584 -0.096010 -0.041376 -0.162129 0.102484 -0.158737 0.102424 -0.048373 -0.204377 0.121294 0.085835 0.129691 0.092042 -0.176003 -0.210737 0.018808 0.171510 -0.100395 0.043549 -0.031089 0.208768 -0.016923 0.073597 -0.131789 0.130080 0.060082 0.092946 0.019141 0.099038 -0.069764 0.030012 -0.109600 -0.191533 -0.096434 0.020545 -0.182703 -0.236553 0.086459 0.112684 -0.156699 0.010002 0.100834 0.006546 -0.085539 -0.138100 0.064696 -0.253643 0.062905 0.211252 -0.051095 -0.095361 -0.153827 -0.327141 -0.200979 -0.239973 -0.247034 -0.052468 0.100084 -0.129876 -0.313787 0.000236 0.297599 0.010655 -0.343971 -0.376702 -0.227611 -0.263930
-0.113626 -0.050637 0.361373 0.300181 0.205549 0.021940 1.000000 0.180250 0.156357 0.186120 -0.074561 -0.221819 0.300537 0.181477 -0.120865 0.045438 -0.248189 -0.162757 0.304338 0.226034 0.217345 0.290898 0.018959 -0.036563 -0.107416 -0.411097 -0.057041 -0.156227 -0.114053 -0.052860 -0.018413 -0.103128 -0.401595 -0.110108 -0.145141 -0.019455 -0.271843 -0.167158 0.009626 -0.077922 -0.139563 -0.139356 -0.313586 -0.279567 0.264075 0.040572 -0.242586 -0.319476 -0.105194 0.230885 -0.288949 -0.067359 0.014194 -0.033527 -0.112686 -0.173393 -0.309922 -0.131634 -0.026492 0.086363 -0.087890 -0.195506 0.114833 0.069837 -0.168314 -0.081316 0.161994 0.149142 -0.138835 0.180494 0.461332 0.291299 -0.060246 0.079530 -0.216224 -0.160703 0.169915 0.388137 -0.254683 -0.087828 -0.277398 -0.200591 0.011293 0.175349 -0.134681 -0.214666 0.029904 0.311317 -0.053432 0.007500 0.271457 0.405892 0.156945 0.072685 -0.107970 -0.062699 -0.367242 -0.312828 -0.248211 0.042280 0.135911 0.058219 0.116030 -0.059076 0.025430 0.087397 0.358698 -0.183784 -0.161505 0.075231 -0.036930 -0.020942 0.061534 -0.107034 -0.064968 -0.118880
-0.054851 -0.045582 0.386903 0.608455 0.174934 0.108812 0.180250 1.000000 0.170336 0.288987 0.092092 0.354721 0.149128 0.097019 0.131855 0.011425 -0.326011 -0.477194 0.222895 0.019641 -0.226914 -0.151747 0.318932 0.484021 0.160091 0.191871 0.142951 0.110606 -0.309871 -0.572534 0.115740 0.223269 -0.265942 -0.221341 -0.151349 0.057710 -0.120621 -0.195955 -0.081397 0.011211 -0.324905 -0.387734 -0.079166 0.037927 -0.185941 -0.046712 0.015275 0.152335 0.354951 -0.079689 0.102996 0.275083 -0.094902 -0.179625 0.057870 0.059202 -0.128883 -0.437270 0.024852 -0.116967 0.167064 0.271132 -0.020629 -0.310665 0.340467 0.500415 -0.249167 -0.037426 -0.315688 -0.343129 -0.150736 0.099346 -0.445962 -0.225522 -0.221940 -0.061710 -0.228392 0.102072 -0.353181 -0.562989 -0.463023 -0.655557 0.011097 -0.112240 -0.358968 0.007278 0.165676 0.211993 0.312425 0.304868 0.097015 0.105362 0.525555 0.307135 0.073950 0.039491 0.027620 0.024028 0.012321 -0.135988 0.322930 0.015280 0.017188 -0.324302 -0.255285 -0.277352 -0.109575 -0.206710 0.005453 -0.135075 0.263953 0.014909 -0.058448 0.113004 -0.030530 0.042737
-0.395934 -0.262852 0.196157 0.336288 0.792182 0.161830 0.156357 0.170336 1.000000 0.584513 0.010186 -0.270450 0.236126 -0.040909 0.348016 0.168798 0.042515 -0.194486 0.342502 0.294400 0.313732 0.144112 -0.102087 0.091866 0.599580 0.112115 -0.021377 0.034646 0.202115 -0.247411 0.347409 0.243434 -0.137117 0.028241 -0.073285 0.082917 0.047882 -0.273659 -0.278239 -0.194492 -0.067777 -0.394926 -0.145034 -0.229037 0.193612 -0.087704 -0.081379 -0.082933 -0.222975 0.024625 -0.237834 -0.143479 0.044597 0.031195 -0.386300 -0.267207 -0.306301 -0.305377 0.007157 -0.154312 -0.074284 -0.088124 -0.016543 -0.199596 -0.019896 0.082238 0.118840 0.114768 -0.115768 0.039539 0.378268 0.181286 0.128254 -0.182123 0.027254 0.090167 -0.040895 0.023669 -0.129575 -0.269205 -0.014337 -0.206503 0.033274 0.052533 -0.189707 -0.265941 -0.232546 -0.052486 -0.161632 -0.404716 0.190370 0.326146 0.219094 0.076490 0.058126 0.114085 -0.233253 -0.145626 -0.198094 -0.148294 0.101325 0.145827 -0.080906 0.100047 -0.039585 0.136814 0.130456 0.008471 0.139125 0.209956 -0.009423 0.211378 -0.002492 -0.101776 0.097062 0.079751
-0.352362 -0.021102 -0.263430 0.292085 0.395083 0.262989 0.186120 0.288987 0.584513 1.000000 -0.065114 -0.047535 0.421213 0.482744 0.263595 0.597953 0.166830 0.089841 0.173875 0.377647 0.240552 0.088523 -0.444492 -0.224878 0.186809 -0.152391 -0.078659 -0.234406 0.261762 -0.010988 0.144610 -0.081684 -0.022993 0.084219 -0.358563 0.043088 0.084968 0.016235 -0.217709 -0.169213 0.011523 -0.157662 -0.294461 -0.397773 0.170926 -0.177258 -0.286547 -0.316062 -0.313512 0.115842 -0.499211 -0.166097 0.203986 -0.023117 -0.308874 -0.301899 0.012099 -0.104878 -0.013448 -0.068661 0.025384 0.252552 0.074434 0.081376 -0.252369 0.219431 -0.191461 -0.105830 0.078142 -0.011392 0.124044 0.152515 0.111703 -0.051568 0.001773 0.028737 -0.174254 0.028226 -0.088644 -0.161746 0.122567 -0.054646 -0.026980 0.218491 0.015391 -0.266609 -0.318600 0.171963 -0.317330 -0.342344 0.376053 0.407512 0.321852 -0.081439 -0.001392 0.119130 -0.321433 -0.104560 -0.237405 0.008487 0.308702 0.150394 0.113363 0.072811 0.036787 0.168699 0.179547 0.108272 0.167719 0.045293 -0.293987 0.120479 0.054488 -0.046173 0.173969 0.152387
-0.057872 -0.112675 0.065103 -0.010071 -0.193128 -0.175922 -0.074561 0.092092 0.010186 -0.065114 1.000000 0.500433 0.470384 0.218375 0.366281 0.112990 -0.164023 0.031308 -0.130699 -0.064800 -0.334675 -0.303242 0.230337 0.167822 -0.066192 -0.128081 -0.218836 -0.161924 0.157479 -0.168587 -0.137089 -0.059249 -0.029544 -0.049202 0.180221 0.086017 -0.057857 -0.232938 0.105568 0.197087 -0.008857 0.027942 -0.152594 0.018077 -0.096218 -0.050249 -0.036627 0.078780 0.213574 -0.098115 0.183599 0.078346 -0.136346 -0.285038 0.041988 0.028464 -0.311905 -0.264642 -0.128873 -0.310606 0.136787 0.167802 -0.011348 -0.084921 0.315619 0.272024 -0.334849 0.003280 -0.347201 -0.197910 -0.212670 -0.096482 -0.188545 -0.297648 -0.069742 0.025459 -0.017803 -0.046443 -0.093485 -0.233245 -0.243320 -0.163684 0.208653 0.048752 0.026637 0.146598 -0.091047 0.093565 0.124693 -0.098957 -0.084692 0.043577 0.158831 0.264326 0.210847 0.129016 0.163519 0.264429 0.038687 -0.134928 -0.043762 0.020971 -0.243569 -0.073297 -0.087885 -0.094856 -0.242729 -0.046217 0.030714 0.107295 0.176775 0.195447 0.168568 0.056044 0.027571 0.052716
0.276311 0.192298 -0.057153 0.001871 -0.326909 -0.008484 -0.221819 0.354721 -0.270450 -0.047535 0.500433 1.000000 0.097417 0.405977 0.343863 0.360450 -0.212985 -0.124266 -0.158708 0.016710 -0.367789 -0.324488 0.157178 0.149396 -0.179900 0.120047 -0.025226 0.089912 -0.066056 -0.264247 -0.002848 0.026295 0.064475 -0.011895 0.100699 0.015716 0.095869 -0.131117 0.020530 0.114134 0.205778 -0.022556 -0.054200 -0.011837 -0.340286 -0.031031 0.004618 0.023819 0.215064 -0.183914 0.153899 0.198744 -0.029893 -0.342091 0.342884 0.066878 0.135025 -0.211851 0.106681 -0.031598 0.324600 0.604037 0.091903 -0.057968 0.428883 0.490256 -0.425322 -0.271306 -0.062127 -0.044924 -0.437043 -0.273071 -0.235463 -0.409869 0.023902 0.014639 -0.268976 -0.117237 -0.179451 -0.449588 -0.163399 -0.225266 0.336787 0.258510 0.236076 0.379954 0.295347 0.260924 0.436217 0.290776 -0.389580 -0.372008 0.046091 -0.041161 -0.105213 -0.230437 0.111217 0.055390 0.019907 -0.306209 0.027863 -0.292350 -0.118948 -0.201573 -0.122538 -0.110798 -0.151782 0.126664 -0.222755 -0.398206 0.016266 -0.282234 -0.305275 -0.016472 -0.054127 0.004955
-0.399448 -0.146071 -0.061212 0.040517 0.088947 -0.001645 0.300537 0.149128 0.236126 0.421213 0.470384 0.097417 1.000000 0.538473 0.251635 0.283959 0.056406 0.085353 -0.046639 0.021643 -0.114462 -0.148596 -0.166857 -0.179131 -0.040475 -0.298037 -0.129727 -0.291437 0.322482 0.039975 0.076869 -0.053805 -0.173120 0.047134 -0.263253 -0.024352 0.005857 -0.119075 -0.137336 -0.167459 0.069053 0.009053 -0.143368 -0.195287 0.163078 -0.122602 -0.270415 -0.275237 -0.129624 0.086698 -0.186573 -0.072125 0.075896 -0.228341 0.014348 -0.246716 -0.331522 -0.129504 -0.368469 -0.352276 -0.130430 0.094288 0.041583 0.133266 -0.115864 0.130369 -0.458055 -0.240526 -0.228065 -0.173650 0.086121 0.042861 0.003905 -0.107316 -0.212162 -0.115139 -0.191454 0.071026 0.064921 -0.109500 0.037344 0.073054 0.163025 0.218097 0.209991 -0.043466 -0.300108 0.049428 -0.215136 -0.300626 0.171247 0.258645 0.160118 -0.087433 -0.005211 0.246870 -0.185905 0.045168 -0.014436 0.071246 0.273017 0.176742 0.123524 0.190743 0.205940 0.267406 0.003969 0.209924 0.223797 0.084969 -0.274532 0.148224 0.164363 0.171908 0.349769 0.352582
0.009689 0.243427 -0.464904 -0.106000 -0.166063 0.044140 0.181477 0.097019 -0.040909 0.482744 0.218375 0.405977 0.538473 1.000000 0.265669 0.695246 0.154715 0.337346 -0.175181 0.168652 0.007244 -0.067795 -0.384110 -0.520828 -0.281866 -0.422817 -0.193743 -0.316243 0.297781 0.202509 -0.072380 -0.278794 0.143083 0.222870 -0.313168 -0.022853 0.172352 0.107978 -0.023298 -0.118025 0.313113 0.174683 -0.182483 -0.307933 -0.025730 -0.160012 -0.302768 -0.391238 -0.201076 0.170671 -0.389339 -0.077573 0.330745 -0.201408 0.199493 -0.158240 0.133658 0.196108 -0.022855 0.047556 0.136887 0.518574 0.355766 0.488643 -0.229741 0.106061 -0.446216 -0.372978 0.140214 -0.036655 -0.124656 -0.056258 0.137935 -0.085770 0.046234 -0.065636 -0.213952 -0.020186 0.001832 -0.161679 0.260602 0.258476 0.283166 0.477730 0.477214 0.020866 -0.055255 0.325828 -0.126398 -0.158148 0.010245 0.043883 -0.023501 -0.324205 -0.158401 -0.094217 -0.237822 -0.201795 -0.102048 -0.034403 0.165415 -0.018493 0.165520 -0.019591 0.101571 0.093372 0.003989 0.150374 -0.028934 -0.274943 -0.423786 -0.179063 -0.142093 -0.087334 0.110212 0.105334
-0.034503 -0.156155 -0.102306 -0.064876 0.130249 0.018147 -0.120865 0.131855 0.348016 0.263595 0.366281 0.343863 0.251635 0.265669 1.000000 0.436611 0.089855 0.017446 -0.051293 -0.029381 -0.129495 -0.267314 0.131956 0.027120 0.185662 0.080685 0.027571 0.024435 0.339850 -0.228751 0.206434 0.079098 -0.054739 -0.217398 -0.020219 -0.165691 0.162025 -0.078368 -0.237526 -0.266081 0.147969 -0.270656 -0.010299 -0.126885 0.009600 -0.198265 -0.018692 -0.095120 -0.113136 0.001755 0.067419 -0.050240 0.188578 -0.059544 0.064153 -0.221794 0.013753 -0.260302 0.027510 -0.215685 0.080310 0.139770 0.072353 -0.092500 0.276519 0.157719 -0.315091 -0.461992 -0.011311 -0.002023 -0.174987 -0.274210 0.078867 -0.387098 -0.091874 0.059878 -0.434572 -0.338509 -0.156754 -0.266937 -0.067126 -0.120105 0.520517 0.255016 0.272519 0.178618 -0.009353 -0.074653 0.236268 -0.206452 -0.056320 0.003512 -0.005110 -0.027504 0.086809 0.085631 0.093514 -0.021475 0.072957 -0.017013 0.094071 -0.007972 0.026729 0.230095 0.261290 0.255689 -0.165999 0.352496 0.165043 -0.117565 -0.172893 0.018229 -0.095963 0.177977 0.398585 0.354632
-0.060778 0.184795 -0.439338 0.037388 -0.008082 0.290763 0.045438 0.011425 0.168798 0.597953 0.112990 0.360450 0.283959 0.695246 0.436611 1.000000 0.082714 0.258557 -0.042642 0.210325 0.120365 0.009757 -0.345958 -0.317269 -0.096330 -0.113094 -0.096240 -0.089794 0.267028 0.186750 0.073082 -0.192957 0.011958 0.053849 -0.168916 0.125781 0.012835 0.083820 -0.081107 0.011079 0.260840 0.108263 -0.207410 -0.410859 -0.010980 -0.157086 -0.170364 -0.292227 -0.308696 0.021531 -0.360874 -0.184208 0.280340 -0.155535 0.011980 -0.199886 0.152941 -0.001181 0.173632 0.062341 0.273093 0.485538 0.210486 0.213832 -0.112434 0.276345 -0.315170 -0.271628 0.151253 0.161117 -0.035340 -0.003913 0.170060 -0.045506 0.202266 0.215931 -0.062776 0.088509 -0.089962 -0.107868 0.050026 0.077025 0.276378 0.513717 0.360392 0.051042 -0.017567 0.276195 -0.046989 -0.107736 0.007642 -0.004463 0.033270 -0.304469 -0.239001 -0.287444 -0.295908 -0.085342 -0.250559 -0.178280 0.116502 -0.073310 0.027010 0.019291 0.002835 0.164877 0.073223 0.197442 -0.215091 -0.303085 -0.268495 -0.202695 -0.266519 -0.295394 0.013027 -0.042395
0.092751 0.229156 -0.481463 -0.319122 0.017941 -0.086317 -0.248189 -0.326011 0.042515 0.166830 -0.164023 -0.212985 0.056406 0.154715 0.089855 0.082714 1.000000 0.638919 -0.005489 0.097808 0.096194 0.050173 -0.469581 -0.460393 -0.051991 -0.226671 -0.050319 -0.153048 0.638497 0.452288 0.047410 -0.042522 0.340295 0.281197 -0.305597 -0.239472 0.497484 0.183410 -0.081561 -0.252305 0.336086 0.274900 -0.136888 -0.187516 -0.037212 -0.339091 -0.406378 -0.350059 -0.364434 0.043481 -0.416171 -0.196947 0.253901 0.086153 -0.029262 -0.271474 0.310297 0.458144 -0.137037 0.034962 -0.082579 -0.136311 0.386919 0.509768 -0.356662 -0.450642 -0.046322 -0.300858 0.332803 -0.046568 -0.042238 -0.057730 0.551560 0.166782 0.147961 -0.017531 -0.142961 -0.301796 0.417039 0.380337 0.745949 0.550626 0.151013 0.233652 0.433454 -0.160780 -0.338846 -0.041846 -0.427455 -0.496671 0.016257 0.035641 -0.256594 -0.326340 0.011426 0.305439 -0.158638 -0.122367 -0.063126 0.217652 -0.147689 0.002943 0.014870 0.155732 0.300818 0.096253 -0.126191 0.192333 0.250422 0.143395 -0.491895 0.050370 0.115716 0.176548 0.381777 0.382081
-0.011818 0.285328 -0.710134 -0.394877 -0.227623 -0.168709 -0.162757 -0.477194 -0.194486 0.089841 0.031308 -0.124266 0.085353 0.337346 0.017446 0.258557 0.638919 1.000000 -0.176853 0.010774 0.139991 0.043082 -0.535715 -0.625061 -0.450845 -0.490655 -0.206822 -0.334189 0.608571 0.719815 -0.288565 -0.411156 0.297304 0.195839 -0.240486 -0.193754 0.249623 0.413404 0.009395 -0.126843 0.278769 0.451036 -0.231930 -0.189227 -0.031641 -0.283527 -0.386926 -0.404896 -0.351448 0.074207 -0.442854 -0.183588 0.176257 0.008337 0.104034 -0.205446 0.277412 0.646650 -0.070252 0.034395 0.008930 -0.114619 0.322486 0.585838 -0.421024 -0.392475 -0.030827 -0.174553 0.307332 0.024058 0.058152 -0.027613 0.475597 0.430190 0.086055 0.110599 0.090010 -0.056216 0.334226 0.595444 0.562057 0.684805 0.010653 0.216298 0.390754 -0.035893 -0.347961 -0.020033 -0.352636 -0.290497 0.066495 0.062521 -0.201410 -0.229981 -0.114167 0.132302 -0.260903 -0.086244 -0.277577 0.122301 -0.043848 0.079717 0.129009 0.197542 0.217781 0.132831 -0.087630 0.083870 0.020910 0.073140 -0.431382 -0.010908 0.219158 -0.013017 0.165766 0.138171
0.090000 0.178173 0.281321 0.578256 0.275338 0.190684 0.304338 0.222895 0.342502 0.173875 -0.130699 -0.158708 -0.046639 -0.175181 -0.051293 -0.042642 -0.005489 -0.176853 1.000000 0.615019 0.261794 0.293745 0.117787 0.206751 0.270056 -0.109288 0.053079 0.100822 -0.186218 -0.282916 0.195830 0.030780 -0.258248 -0.060538 -0.353548 -0.060110 -0.071413 -0.339801 0.034015 0.140491 -0.190773 -0.221088 -0.483457 -0.534920 0.033457 -0.207564 -0.228817 -0.167161 -0.069176 0.165062 -0.397537 -0.146747 0.095998 0.126229 -0.169963 0.131968 -0.204448 -0.101385 0.386986 0.350157 0.085481 -0.073225 0.068738 -0.149909 -0.071476 -0.090596 0.358074 0.192444 0.087600 0.227347 0.215601 0.168744 -0.234337 -0.039859 0.045427 -0.037149 0.073123 0.227796 -0.333775 -0.292246 -0.202772 -0.381934 0.240013 0.118603 -0.292252 -0.366869 0.223803 0.462573 0.114983 0.083130 0.416295 0.553623 0.235298 0.189344 -0.052674 -0.130749 -0.313750 0.035464 -0.162259 0.029813 -0.155364 -0.147388 -0.269970 -0.373596 -0.390646 -0.242313 0.104634 -0.328628 -0.254619 0.075629 0.253262 0.053142 -0.072847 -0.346988 -0.255947 -0.265530
0.053276 0.356140 -0.128023 0.367811 0.178016 0.188378 0.226034 0.019641 0.294400 0.377647 -0.064800 0.016710 0.021643 0.168652 -0.029381 0.210325 0.097808 0.010774 0.615019 1.000000 0.316678 0.322394 -0.273518 -0.098887 0.128594 -0.253132 -0.033084 -0.094151 0.037473 -0.035129 0.097866 -0.068280 0.099094 0.427744 -0.324478 -0.152501 0.073488 -0.165792 -0.065390 0.000182 0.125652 -0.172343 -0.501273 -0.590406 -0.016492 -0.214118 -0.314687 -0.359837 -0.358983 0.111895 -0.626996 -0.365820 0.172438 0.015523 -0.180157 -0.166171 0.043841 0.119874 0.212969 0.253371 -0.069188 0.152253 0.025497 0.109521 -0.373042 -0.146160 0.222023 0.095080 0.428179 0.479727 0.211442 0.077123 -0.000713 -0.130119 0.214107 0.069119 0.099088 0.058390 -0.095787 -0.176907 0.072620 -0.079888 0.236949 0.380911 0.032631 -0.341281 -0.048002 0.491769 -0.158023 -0.101433 0.198956 0.315122 0.038867 -0.155352 -0.098578 -0.204414 -0.360621 -0.082186 -0.291996 -0.085006 -0.215488 -0.289312 -0.194877 -0.253326 -0.212676 -0.046365 0.297428 -0.122190 -0.151037 -0.040851 -0.010305 -0.082472 -0.173456 -0.370322 -0.192054 -0.187834
-0.008849 -0.006433 -0.094324 0.085789 0.461251 0.276253 0.217345 -0.226914 0.313732 0.240552 -0.334675 -0.367789 -0.114462 0.007244 -0.129495 0.120365 0.096194 0.139991 0.261794 0.316678 1.000000 0.674963 -0.249077 -0.112321 0.238662 -0.026388 0.267013 0.174771 0.034642 0.232711 0.203001 0.052539 -0.041951 0.044168 -0.276173 -0.087053 -0.066556 0.038573 -0.029366 -0.012898 0.004278 0.098021 -0.037698 -0.199606 0.307020 0.089917 -0.060426 -0.118345 -0.325736 0.110217 -0.392805 -0.234489 -0.061180 0.050969 -0.214723 -0.185015 -0.048706 0.053370 0.117864 0.209569 -0.084255 -0.164527 -0.086625 0.004748 -0.329807 -0.148228 0.291836 0.201518 0.169257 0.195284 0.480826 0.352073 0.191700 0.314900 0.136765 0.331427 0.179989 0.155169 -0.048470 0.154221 0.106089 0.076917 -0.212305 0.110254 -0.064919 -0.417578 -0.154155 0.070668 -0.228054 -0.218137 0.121472 0.170315 -0.169062 -0.190698 0.018084 0.037355 -0.189767 -0.083471 -0.377327 -0.112693 -0.220780 -0.230940 -0.124851 0.005111 -0.109300 -0.025728 0.140132 -0.220523 -0.075995 0.236735 -0.008354 0.107565 -0.051936 -0.242286 -0.056908 -0.068850
-0.034345 -0.075269 0.091400 0.132261 0.440136 0.472824 0.290898 -0.151747 0.144112 0.088523 -0.303242 -0.324488 -0.148596 -0.067795 -0.267314 0.009757 0.050173 0.043082 0.293745 0.322394 0.674963 1.000000 -0.058712 0.065220 0.361013 0.035480 0.447919 0.404043 -0.053387 0.230246 0.179134 0.101255 -0.092598 -0.007485 -0.230752 -0.026537 -0.141616 0.056391 0.187755 0.142557 -0.084609 0.189341 -0.153821 -0.118081 0.251376 0.154419 0.009624 0.002041 -0.164577 0.107813 -0.306442 -0.150474 -0.273949 0.113578 -0.149297 -0.029448 -0.155016 -0.012262 -0.050849 0.132031 -0.157159 -0.197713 -0.118784 -0.096791 -0.306552 -0.195955 0.221725 0.294463 0.052704 0.249730 0.430556 0.373519 0.039207 0.299139 0.110319 0.235659 0.213503 0.170335 -0.156467 0.094772 -0.007578 0.013627 -0.243320 0.027295 -0.154775 -0.503276 -0.004514 0.112038 -0.287408 -0.169304 0.092508 0.137935 -0.168754 -0.135235 0.055256 -0.032294 -0.146801 0.006027 -0.341868 -0.134475 -0.297230 -0.391402 -0.291595 -0.156030 -0.191767 -0.064606 0.249796 -0.323073 -0.187978 0.258279 0.249248 0.142429 -0.080740 -0.298493 -0.174642 -0.197213
0.069592 -0.355254 0.698502 0.337721 -0.082859 0.058427 0.018959 0.318932 -0.102087 -0.444492 0.230337 0.157178 -0.166857 -0.384110 0.131956 -0.345958 -0.469581 -0.535715 0.117787 -0.273518 -0.249077 -0.058712 1.000000 0.763211 0.205390 0.420261 0.325283 0.409789 -0.362193 -0.508598 0.263825 0.416293 -0.290992 -0.415233 0.227923 -0.015499 -0.247741 -0.169713 0.226661 0.336364 -0.258822 -0.187330 0.127472 0.272657 -0.141124 0.026154 0.299129 0.426345 0.430697 -0.049595 0.572332 0.120934 -0.326391 0.041643 0.062913 0.358059 -0.153662 -0.471172 -0.046729 -0.196257 0.000354 -0.110708 -0.283873 -0.569266 0.587338 0.210101 -0.166298 -0.010155 -0.467996 -0.252521 -0.202026 -0.207657 -0.418002 -0.248659 -0.223625 -0.096191 -0.126602 0.021849 -0.221185 -0.371204 -0.530443 -0.536019 0.162522 -0.197830 -0.297688 0.049517 0.388807 0.092145 0.508294 0.235971 -0.027647 -0.024673 0.146592 0.374438 0.177654 -0.059126 0.364071 0.263201 0.291333 0.014074 -0.115927 -0.115550 -0.315604 -0.298750 -0.328915 -0.248348 -0.177504 -0.198351 -0.053108 0.009361 0.586504 0.116649 -0.006998 -0.005626 -0.187414 -0.188193
-0.085202 -0.411155 0.708135 0.539052 0.186375 0.231690 -0.036563 0.484021 0.091866 -0.224878 0.167822 0.149396 -0.179131 -0.520828 0.027120 -0.317269 -0.460393 -0.625061 0.206751 -0.098887 -0.112321 0.065220 0.763211 1.000000 0.405041 0.627966 0.445268 0.526975 -0.384924 -0.540494 0.274015 0.530009 -0.381603 -0.429436 0.184372 0.052288 -0.369508 -0.308853 0.061231 0.305908 -0.370985 -0.305581 0.127206 0.333517 -0.068911 0.136857 0.323752 0.540372 0.407916 -0.141646 0.451849 0.192607 -0.447532 0.016674 -0.139310 0.206821 -0.250064 -0.649988 -0.116489 -0.300393 -0.062834 -0.100302 -0.493242 -0.724069 0.493057 0.364573 -0.213859 0.132509 -0.491670 -0.242777 -0.063682 -0.001076 -0.459125 -0.261671 -0.181938 0.128056 -0.124298 0.033087 -0.276832 -0.377256 -0.605599 -0.673928 -0.069404 -0.251436 -0.436264 -0.012134 0.252954 0.015232 0.335548 0.239758 -0.032854 -0.030629 0.259495 0.323015 0.165005 0.067462 0.323969 0.360592 0.088383 -0.127010 -0.118069 -0.239735 -0.429846 -0.246230 -0.311600 -0.196978 -0.046349 -0.191929 0.003523 0.116284 0.646663 0.224836 0.024584 0.049695 -0.111232 -0.075547
-0.170194 -0.415870 0.388713 0.179911 0.746073 0.395246 -0.107416 0.160091 0.599580 0.186809 -0.066192 -0.179900 -0.040475 -0.281866 0.185662 -0.096330 -0.051991 -0.450845 0.270056 0.128594 0.238662 0.361013 0.205390 0.405041 1.000000 0.516424 0.451309 0.511373 -0.102789 -0.316897 0.466019 0.475390 -0.181070 -0.137447 -0.057706 0.024823 -0.121100 -0.322457 -0.070252 -0.031627 -0.176240 -0.305567 0.152344 0.091511 0.235740 0.099708 0.299728 0.341921 0.041867 0.056704 0.093684 0.009102 -0.156839 0.188059 -0.267731 0.019908 -0.236943 -0.452277 0.074326 -0.110796 -0.070332 -0.103549 -0.237392 -0.469873 0.076183 0.035288 0.055207 0.072173 -0.170609 -0.112896 0.122807 0.147364 -0.097715 -0.267191 0.033340 0.062581 -0.183554 -0.195714 -0.201716 -0.307818 -0.132229 -0.300890 -0.111557 -0.160757 -0.261965 -0.307788 -0.059777 -0.151577 -0.081003 -0.220712 0.043657 0.101978 -0.043499 0.051363 0.196824 0.151770 0.183664 0.127231 0.059799 -0.068043 -0.179439 -0.104035 -0.289647 -0.008649 -0.091540 0.024284 0.051273 -0.035549 0.155708 0.215756 0.308547 0.350399 -0.078735 -0.008934 0.055692 0.077756
-0.098913 -0.400160 0.376166 0.143163 0.239933 0.301359 -0.411097 0.191871 0.112115 -0.152391 -0.128081 0.120047 -0.298037 -0.422817 0.080685 -0.113094 -0.226671 -0.490655 -0.109288 -0.253132 -0.026388 0.035480 0.420261 0.627966 0.516424 1.000000 0.445580 0.626509 -0.304538 -0.287790 0.474708 0.678235 -0.165611 -0.218209 0.318981 0.214739 -0.139809 -0.111768 -0.000963 0.173557 -0.072224 -0.209187 0.468232 0.453886 -0.111277 0.263698 0.490986 0.582674 0.122536 -0.304471 0.432510 0.029638 -0.325908 -0.058734 -0.107499 0.155616 -0.089549 -0.490687 -0.080227 -0.214084 -0.099304 0.025048 -0.372651 -0.584383 0.443182 0.313093 -0.218934 -0.035689 -0.304550 -0.159050 -0.214926 -0.121043 -0.211487 -0.239268 0.104211 0.162725 -0.183618 -0.083966 -0.103079 -0.244745 -0.200669 -0.326932 -0.072255 -0.119257 -0.153568 0.134678 0.203586 -0.340402 0.184956 0.094963 -0.378773 -0.482149 -0.105480 -0.108584 0.040257 -0.082927 0.342301 0.261173 0.173603 -0.222769 -0.109666 -0.219941 -0.273896 -0.005161 -0.073961 0.044824 -0.106785 0.168398 0.051084 -0.131559 0.341255 0.003101 -0.183884 0.074166 -0.013701 0.032498
-0.115115 -0.229094 0.273000 0.117893 0.322593 0.709788 -0.057041 0.142951 -0.021377 -0.078659 -0.218836 -0.025226 -0.129727 -0.193743 0.027571 -0.096240 -0.050319 -0.206822 0.053079 -0.033084 0.267013 0.447919 0.325283 0.445268 0.451309 0.445580 1.000000 0.790582 -0.098046 0.024686 0.310399 0.352006 -0.216550 -0.311423 -0.198733 -0.158578 -0.294275 0.033054 0.149286 0.122012 -0.170218 0.102531 0.145912 0.166436 0.014883 0.027403 0.217640 0.227677 0.030001 -0.064543 0.148396 -0.042099 -0.318380 0.144153 -0.021425 0.062050 0.027918 -0.225261 -0.054155 -0.098097 -0.052114 -0.130872 -0.314746 -0.337518 0.150974 0.052205 -0.195300 -0.149523 -0.165991 0.000378 -0.031977 0.005923 -0.114677 0.075451 -0.138612 0.058970 -0.203677 -0.152614 -0.018855 0.076445 -0.145340 -0.185372 -0.098674 -0.051453 -0.126989 -0.132189 0.046849 -0.034734 0.047445 0.098434 -0.069438 -0.137069 -0.174227 -0.098289 0.125038 -0.027401 0.283169 0.206965 0.054506 0.041642 -0.163929 -0.332827 -0.162538 -0.166321 -0.127465 -0.013691 -0.044960 -0.064844 -0.106150 0.025671 0.357656 0.087704 -0.195118 -0.063015 0.007184 -0.000490
0.019930 -0.190436 0.390587 0.094193 0.347991 0.640077 -0.156227 0.110606 0.034646 -0.234406 -0.161924 0.089912 -0.291437 -0.316243 0.024435 -0.089794 -0.153048 -0.334189 0.100822 -0.094151 0.174771 0.404043 0.409789 0.526975 0.511373 0.626509 0.790582 1.000000 -0.274023 -0.119441 0.280020 0.392010 -0.203413 -0.332483 0.067562 0.028525 -0.260655 -0.078614 0.183382 0.201644 -0.129486 0.075179 0.157866 0.192265 -0.110681 0.157052 0.333580 0.326477 0.098529 -0.138378 0.276708 0.046645 -0.318989 0.122600 0.018765 0.197855 -0.059357 -0.303085 0.101474 0.046106 0.058772 -0.079894 -0.217783 -0.451413 0.314715 0.118554 -0.050673 0.000788 -0.215822 0.117885 -0.054482 -0.089356 -0.203386 -0.019611 -0.005766 0.110073 -0.087060 -0.104893 -0.146067 -0.064825 -0.180786 -0.247318 -0.030984 -0.073880 -0.156090 0.048865 0.280820 -0.183343 0.218188 0.210698 -0.223064 -0.315053 -0.199444 -0.121089 -0.003975 -0.301404 0.207229 0.158721 0.096849 -0.183682 -0.265970 -0.425142 -0.278608 -0.196901 -0.229091 -0.036525 -0.060548 -0.062432 -0.340187 -0.178502 0.403844 -0.136124 -0.433688 -0.200765 -0.185964 -0.193025
-0.091763 0.045911 -0.445043 -0.184889 0.098540 -0.113897 -0.114053 -0.309871 0.202115 0.261762 0.157479 -0.066056 0.322482 0.297781 0.339850 0.267028 0.638497 0.608571 -0.186218 0.037473 0.034642 -0.053387 -0.362193 -0.384924 -0.102789 -0.304538 -0.098046 -0.274023 1.000000 0.475042 0.106031 0.013745 0.206162 0.168688 -0.217583 -0.286059 0.390148 0.135820 -0.177517 -0.316110 0.380625 0.183336 -0.265869 -0.277209 -0.025526 -0.403737 -0.396345 -0.474438 -0.426847 -0.040913 -0.334271 -0.296023 0.140551 -0.019256 -0.002912 -0.445531 0.061030 0.282638 -0.285271 -0.287943 -0.116465 -0.059532 0.176213 0.374031 -0.202620 -0.224964 -0.317123 -0.451648 0.157748 -0.050293 0.106238 -0.094685 0.639344 0.018934 0.015109 0.054818 -0.183842 -0.259229 0.520886 0.353652 0.538662 0.529533 0.211016 0.345483 0.479306 -0.113927 -0.538110 -0.097978 -0.322326 -0.455073 -0.069969 0.044194 -0.160859 -0.309879 -0.045543 0.311199 -0.174614 -0.075511 -0.156682 0.219274 0.040724 0.035924 0.102301 0.390281 0.355966 0.347919 -0.094572 0.273760 0.291038 0.186859 -0.529898 0.082276 0.283026 0.174848 0.488079 0.438482
-0.060265 0.201499 -0.561921 -0.407639 -0.128077 0.063736 -0.052860 -0.572534 -0.247411 -0.010988 -0.168587 -0.264247 0.039975 0.202509 -0.228751 0.186750 0.452288 0.719815 -0.282916 -0.035129 0.232711 0.230246 -0.508598 -0.540494 -0.316897 -0.287790 0.024686 -0.119441 0.475042 1.000000 -0.048461 -0.171012 0.178785 0.195252 -0.107881 -0.090338 0.149366 0.470628 0.159765 -0.084052 0.356018 0.621457 -0.085321 -0.136557 -0.013854 -0.122427 -0.208557 -0.324634 -0.399898 -0.068952 -0.365985 -0.256679 0.049021 0.012599 0.006050 -0.314243 0.052275 0.505367 -0.188130 0.004106 -0.221585 -0.223044 0.105654 0.488479 -0.515123 -0.454620 -0.002712 -0.113066 0.228964 0.193351 0.216354 0.095568 0.531674 0.440914 0.184208 0.136952 0.196611 0.017575 0.416841 0.722579 0.519832 0.753842 -0.087115 0.309686 0.410472 -0.086758 -0.373877 -0.143916 -0.443952 -0.183937 -0.165555 -0.195972 -0.430709 -0.452356 -0.230853 -0.081226 -0.240564 -0.047236 -0.286946 0.072174 -0.120656 -0.042634 0.170837 0.261200 0.249647 0.304344 0.074426 0.196413 -0.159443 -0.027178 -0.354917 -0.087595 0.113995 -0.119685 0.142738 0.056805
-0.027520 -0.297846 0.355112 0.303132 0.354780 0.183381 -0.018413 0.115740 0.347409 0.144610 -0.137089 -0.002848 0.076869 -0.072380 0.206434 0.073082 0.047410 -0.288565 0.195830 0.097866 0.203001 0.179134 0.263825 0.274015 0.466019 0.474708 0.310399 0.280020 0.106031 -0.048461 1.000000 0.820215 -0.212693 -0.023730 -0.026406 -0.068742 0.165419 -0.150763 0.012946 0.033690 0.328170 -0.096163 0.168737 -0.142310 0.010440 -0.015679 0.125451 0.028419 -0.325372 -0.181550 -0.116823 -0.383134 -0.148256 -0.043956 -0.020373 -0.134245 -0.038326 -0.339403 -0.139602 -0.119096 -0.273839 -0.029666 -0.191658 -0.326614 0.165640 0.012127 -0.237488 -0.290163 -0.179869 -0.120720 0.042164 -0.075497 0.069663 -0.336280 0.079551 -0.038825 -0.369246 -0.092375 0.097419 -0.312752 0.037030 -0.147800 0.327230 0.373711 0.207715 -0.145968 0.038240 0.034093 0.090125 -0.221892 -0.261700 -0.167938 -0.152685 -0.294828 -0.019401 0.023197 0.046381 0.039526 0.073698 0.093913 -0.124410 -0.277756 -0.254094 -0.041689 -0.043061 0.107010 -0.036190 0.155279 0.089173 -0.029494 -0.010583 0.080634 -0.104315 0.042782 0.226272 0.237097
-0.031225 -0.367351 0.533312 0.347423 0.323259 0.096161 -0.103128 0.223269 0.243434 -0.081684 -0.059249 0.026295 -0.053805 -0.278794 0.079098 -0.192957 -0.042522 -0.411156 0.030780 -0.068280 0.052539 0.101255 0.416293 0.530009 0.475390 0.678235 0.352006 0.392010 0.013745 -0.171012 0.820215 1.000000 -0.168489 -0.048803 0.197122 0.062185 0.095468 -0.098857 0.056618 0.070929 0.198519 -0.108702 0.265828 0.198984 -0.130448 0.080917 0.261427 0.296648 -0.120917 -0.356915 0.103492 -0.267034 -0.358131 -0.139652 -0.041285 -0.030409 -0.130192 -0.435169 -0.287254 -0.306983 -0.303291 -0.125639 -0.322860 -0.438444 0.312940 0.064980 -0.338486 -0.199416 -0.362208 -0.289348 -0.081112 -0.072821 -0.050549 -0.389138 0.023303 0.005124 -0.330579 -0.107313 0.085728 -0.340123 -0.030645 -0.236615 0.147449 0.200809 0.070042 -0.015589 0.035913 -0.127853 0.135249 -0.070494 -0.420806 -0.365469 -0.092267 -0.185295 0.085179 0.100205 0.260325 0.141609 0.135591 -0.011071 -0.098804 -0.220608 -0.285479 -0.041006 -0.059016 0.019530 -0.172678 0.084979 0.178181 0.020904 0.126193 0.082007 -0.004354 0.185225 0.206519 0.249430
0.234740 0.299703 -0.453124 -0.353018 -0.271131 -0.100290 -0.401595 -0.265942 -0.137117 -0.022993 -0.029544 0.064475 -0.173120 0.143083 -0.054739 0.011958 0.340295 0.297304 -0.258248 0.099094 -0.041951 -0.092598 -0.290992 -0.381603 -0.181070 -0.165611 -0.216550 -0.203413 0.206162 0.178785 -0.212693 -0.168489 1.000000 0.634233 0.002252 0.012866 0.392191 0.426574 0.008200 0.080706 0.425734 0.345854 -0.001398 0.098260 -0.228336 -0.113402 0.086712 0.020116 -0.036332 -0.143233 -0.066477 -0.118462 0.014241 -0.073969 0.103482 0.228157 0.347582 0.429704 -0.029100 -0.040853 0.097676 0.055262 0.130270 0.273420 -0.114167 -0.217995 0.072997 0.049232 0.434370 0.012874 -0.392359 -0.161544 0.208843 -0.034045 0.228472 0.018057 0.017378 -0.385796 0.245440 0.079392 0.522883 0.425552 -0.140354 -0.118422 0.217272 0.007451 -0.158401 -0.038101 -0.210828 -0.151470 -0.123909 -0.202566 -0.242437 -0.169317 0.188125 0.008615 0.218861 0.017050 0.101531 0.046355 -0.222359 -0.031978 -0.059481 -0.080826 -0.081183 -0.237502 -0.202065 -0.059696 0.121463 0.042697 -0.221805 0.010880 -0.062705 -0.092357 -0.135179 -0.094361
0.095588 0.432434 -0.314484 -0.106031 -0.095713 -0.099050 -0.110108 -0.221341 0.028241 0.084219 -0.049202 -0.011895 0.047134 0.222870 -0.217398 0.053849 0.281197 0.195839 -0.060538 0.427744 0.044168 -0.007485 -0.415233 -0.429436 -0.137447 -0.218209 -0.311423 -0.332483 0.168688 0.195252 -0.023730 -0.048803 0.634233 1.000000 -0.002839 0.147782 0.299057 0.148005 -0.024063 0.060749 0.387440 0.148980 -0.116457 -0.148256 -0.171025 -0.096594 -0.156656 -0.227845 -0.224053 -0.141004 -0.366605 -0.291153 0.160496 -0.226926 -0.022416 -0.018025 0.136755 0.456897 -0.053485 0.079272 -0.017329 0.184516 0.275126 0.379332 -0.307161 -0.252596 0.160966 0.100667 0.414682 0.202914 -0.165239 -0.104320 0.175925 -0.012587 0.360588 0.055810 0.223154 -0.034560 0.294210 0.064931 0.454469 0.342699 0.031800 0.178045 0.237639 -0.209455 -0.169416 0.166735 -0.297029 -0.243635 -0.204711 -0.188599 -0.177870 -0.288063 0.009923 -0.126374 -0.158168 -0.120006 -0.015977 -0.144764 -0.193679 -0.059681 -0.081651 -0.105332 -0.108053 -0.166007 0.010686 -0.068637 0.077179 -0.043156 -0.253020 -0.140513 -0.098314 -0.232173 -0.162164 -0.111403
-0.101655 -0.260075 0.314634 -0.158572 -0.140120 -0.150820 -0.145141 -0.151349 -0.073285 -0.358563 0.180221 0.100699 -0.263253 -0.313168 -0.020219 -0.168916 -0.305597 -0.240486 -0.353548 -0.324478 -0.276173 -0.230752 0.227923 0.184372 -0.057706 0.318981 -0.198733 0.067562 -0.217583 -0.107881 -0.026406 0.197122 0.002252 -0.002839 1.000000 0.568881 -0.111450 -0.068637 0.113605 0.103851 0.025769 -0.075689 0.316241 0.410029 -0.147998 0.355468 0.357007 0.361464 0.218911 -0.346795 0.425756 0.074833 -0.243614 -0.156339 -0.055455 0.108855 -0.184446 -0.270456 -0.070199 -0.227658 -0.000942 0.068959 -0.155371 -0.206215 0.387864 0.150618 0.097099 0.314235 -0.331540 0.033658 -0.136676 -0.018858 -0.108654 -0.158738 0.142100 0.035820 0.262071 0.082533 -0.014098 -0.055738 -0.228281 -0.159056 -0.082103 -0.156553 -0.118533 0.348401 0.114253 -0.363996 0.146673 0.111227 -0.401399 -0.421669 0.006005 0.101397 0.076114 -0.247511 0.271724 0.012071 0.144992 -0.258905 0.021635 0.078545 -0.067857 0.048822 -0.024908 0.032356 -0.073609 0.076574 -0.048367 -0.112158 0.221640 -0.197230 -0.070401 -0.016569 -0.185992 -0.199994
-0.179035 -0.089954 0.204693 0.141259 0.015914 0.159153 -0.019455 0.057710 0.082917 0.043088 0.086017 0.015716 -0.024352 -0.022853 -0.165691 0.125781 -0.239472 -0.193754 -0.060110 -0.152501 -0.087053 -0.026537 -0.015499 0.052288 0.024823 0.214739 -0.158578 0.028525 -0.286059 -0.090338 -0.068742 0.062185 0.012866 0.147782 0.568881 1.000000 -0.198804 -0.031445 0.337398 0.336874 -0.201136 0.131394 0.001207 0.120440 0.013253 0.490097 0.106878 0.247154 0.195546 -0.316213 0.055051 0.106517 -0.285424 -0.212032 -0.027801 0.272007 -0.364260 -0.245252 0.035244 -0.045000 0.246040 0.307953 -0.031386 -0.086916 0.257491 0.434976 0.118520 0.586929 -0.399942 -0.071548 -0.200684 0.236049 -0.357424 -0.042705 0.046260 -0.048829 0.429769 0.409871 -0.277354 -0.201185 -0.207514 -0.320230 -0.208715 -0.147811 -0.275660 0.028621 0.112088 -0.041957 0.018335 0.137828 -0.092984 -0.130197 0.250635 0.202101 0.236361 -0.172743 0.063679 0.136147 0.029839 -0.269610 0.085313 0.080837 -0.204883 -0.321941 -0.360450 -0.386579 -0.236091 -0.361318 -0.095489 0.028173 0.278610 -0.044494 -0.037452 -0.189937 -0.369564 -0.336988
