1.000000 0.210860 0.139657 -0.148187 0.172566 -0.082222 -0.103614 -0.107545 0.182016 0.046805 0.564455 0.386912 0.229451 0.318442 0.236239 -0.075693 -0.121651 -0.208506 0.202422 0.123373 -0.437625 -0.326945 0.014451 0.102422 -0.234750 -0.344448 -0.050479 0.029939 -0.093826 -0.339345 -0.342345 -0.491434 -0.093087 -0.301184 -0.009710 -0.149822 -0.190970 -0.114278 0.027873 -0.085220 -0.095181 -0.287564 0.132012 0.098244 -0.507187 -0.227448 0.088776 0.148794 0.234874 -0.303208 0.084382 -0.223169 -0.073734 -0.341238 0.134604 -0.192916 0.059299 -0.272987 0.297898 0.044333 0.498830 0.253088 -0.007948 -0.109660 0.202876 0.359293 0.015614 -0.119765 -0.145065 -0.035889 -0.249899 -0.381113 -0.294806 -0.235325 -0.066503 -0.027731 0.186396 -0.039016 -0.223143 -0.317612 -0.326311 -0.445565 0.114422 -0.212042 0.246657 -0.064438 0.140983 0.235460 0.425454 0.145962 -0.064017 0.206382 0.165547 0.323297 -0.203531 -0.215205 0.103967 -0.149790 0.020679 -0.008791 0.109864 0.137259 0.040504 0.140884 -0.056548 0.085033 0.049676 0.106977 -0.264773 0.020214 -0.049821 -0.147487 -0.092674 0.054971 0.162597 0.186478
0.210860 1.000000 -0.415020 -0.266494 0.020959 -0.066231 -0.079986 0.027014 -0.045526 0.275744 -0.003014 0.356683 -0.257173 0.327626 -0.358889 0.063690 0.408403 0.436158 -0.275615 0.120882 -0.169578 -0.263081 -0.571307 -0.571868 -0.372189 -0.511625 -0.202172 -0.425376 0.130540 0.390100 -0.389752 -0.350747 0.321498 0.406980 -0.368531 -0.267883 0.030993 0.166263 -0.271052 -0.037305 -0.065274 0.109862 -0.034258 -0.273552 0.038555 0.043135 -0.075908 -0.127289 -0.112215 0.183992 -0.414196 0.015807 0.178730 0.033146 -0.181485 -0.129708 0.377735 0.407290 0.319693 0.290529 0.248227 0.658610 0.366618 0.523823 -0.138132 0.176584 0.038664 -0.022591 0.385080 -0.071634 -0.248813 -0.064719 0.105961 0.128086 0.033763 0.040828 0.180869 0.054735 0.131235 0.079419 0.381407 0.281741 0.159702 0.281551 -0.239093 0.090762 -0.260301 0.155356 -0.386796 -0.059157 0.185109 -0.124921 -0.199478 -0.319950 -0.045586 0.037851 -0.303452 -0.102195 0.010161 0.054943 0.081913 -0.164051 0.119268 -0.178405 -0.251891 -0.253145 0.276128 0.121464 0.027928 -0.253176 -0.229640 0.150485 0.087068 -0.139071 -0.172483 -0.000743
0.139657 -0.415020 1.000000 0.492360 0.371760 0.210107 0.661995 0.548845 0.513831 0.212411 0.416110 0.247626 0.648375 0.343077 0.265574 -0.003271 -0.515558 -0.516034 0.723198 -0.005216 -0.229433 -0.149650 0.480526 0.558983 0.055948 0.145175 0.141860 0.136498 -0.217544 -0.458665 0.338065 0.199146 -0.379784 -0.113608 0.065611 0.153773 -0.502230 -0.557904 -0.395572 -0.473365 -0.486778 -0.626993 0.130957 0.172076 -0.164657 0.106497 -0.229387 -0.051207 0.313742 -0.337322 0.596933 -0.256971 -0.387055 -0.449963 -0.304707 -0.464003 -0.667086 -0.670980 -0.404318 -0.163138 0.131065 -0.301466 -0.310386 -0.193502 0.563900 0.362586 -0.110839 0.228643 -0.583653 -0.175165 0.100753 -0.179831 -0.414456 -0.361409 -0.367747 0.031044 -0.135623 -0.132945 -0.375276 -0.430155 -0.672455 -0.592704 -0.191267 -0.316385 -0.191010 -0.422487 -0.085367 -0.232662 0.394857 -0.147760 -0.159537 -0.066679 0.444695 0.498207 -0.265015 -0.273208 0.072569 -0.360060 -0.316237 -0.463409 0.288362 0.546995 0.361883 0.076392 -0.004593 0.016507 -0.249823 0.151938 -0.120666 -0.160008 -0.006533 -0.456371 -0.399440 -0.069418 0.144528 0.018924
-0.148187 -0.266494 0.492360 1.000000 0.095473 0.218529 0.429749 0.464399 0.173407 0.122242 0.138875 0.208640 0.114394 0.021304 0.079129 0.084437 -0.217922 -0.284772 0.256533 0.374008 -0.062147 -0.091490 0.637793 0.590444 -0.063785 0.341138 0.052571 -0.009226 -0.086515 -0.186421 0.560894 0.426613 -0.275953 -0.015498 0.056630 0.021921 -0.394983 -0.418285 -0.316804 -0.293276 -0.472213 -0.365959 -0.043185 -0.056548 -0.001480 -0.033762 -0.309815 -0.111347 -0.267024 -0.205518 0.146553 -0.256863 -0.228366 -0.193914 -0.236593 -0.158855 -0.385093 -0.397100 -0.507101 -0.121621 -0.089355 -0.131135 -0.119180 -0.062527 0.496233 0.211185 -0.279755 0.079490 -0.379327 -0.174720 0.159738 0.095172 -0.232267 -0.232755 -0.256266 -0.021741 -0.360078 -0.104321 -0.310950 -0.248355 -0.416698 -0.318757 0.201877 0.178829 0.194966 -0.090846 0.184135 0.004359 0.379312 0.288708 0.109347 -0.071343 0.407521 0.260709 -0.273578 -0.266827 -0.233905 -0.412106 -0.368699 -0.411996 0.255347 0.335921 0.299291 -0.178323 -0.174849 -0.060205 -0.378705 -0.050180 -0.203142 -0.253471 -0.078096 -0.344633 -0.325620 -0.075051 -0.049310 -0.144656
0.172566 0.020959 0.371760 0.095473 1.000000 0.589334 0.396573 0.162580 0.746723 0.604531 0.226843 0.205810 0.274513 0.288218 0.363781 0.165519 -0.263720 -0.177179 0.432538 0.022610 0.007035 -0.218547 -0.019205 0.120045 0.322474 -0.135876 0.437709 0.058305 -0.039394 -0.248304 0.178661 -0.315412 -0.386858 -0.211482 -0.072073 -0.077757 -0.194315 -0.326382 -0.249053 -0.314829 -0.218794 -0.421556 -0.196198 -0.205346 -0.090405 0.080407 -0.220837 -0.284735 -0.017207 -0.081324 0.151041 -0.063376 -0.003258 -0.177588 -0.264926 -0.351783 -0.295460 -0.321510 0.043890 0.132596 0.237023 0.066727 -0.027192 0.030096 0.340280 0.347332 0.134629 0.257309 -0.310549 0.195238 -0.170934 -0.279717 -0.096936 -0.425430 -0.297455 -0.085884 -0.102828 -0.335174 -0.305063 -0.340586 -0.313862 -0.263800 0.165800 -0.010284 -0.194889 -0.076531 -0.194627 -0.135667 0.148239 -0.047370 0.107688 -0.097625 0.300461 0.240074 -0.320769 -0.391766 -0.210451 -0.463846 -0.148529 -0.323259 0.135458 0.387800 0.255104 0.141605 -0.062010 0.086951 0.070629 0.059123 -0.043909 -0.359507 -0.305961 -0.212085 -0.306531 -0.387987 -0.105135 -0.042278
-0.082222 -0.066231 0.210107 0.218529 0.589334 1.000000 0.195915 0.303901 0.273659 0.534964 -0.274187 -0.001269 -0.021577 0.131425 -0.087759 -0.109559 -0.381749 -0.414383 0.152427 -0.265088 0.342196 0.163271 -0.009000 0.176005 0.531191 0.321555 0.720395 0.433382 -0.433277 -0.400454 0.167661 0.034888 -0.223652 -0.273299 0.055935 0.171316 -0.343498 -0.429435 -0.053070 -0.206414 -0.281334 -0.313958 -0.107019 -0.036726 0.036172 0.342382 -0.114683 -0.168977 0.029343 -0.035916 0.158741 0.002248 -0.054426 -0.121807 -0.219863 -0.238428 -0.007636 -0.230778 0.068050 0.332831 0.021161 -0.004692 -0.255728 -0.217530 0.098603 0.318198 0.234928 0.418908 -0.120025 0.152634 -0.019173 -0.154037 -0.193555 -0.357010 -0.337533 -0.112449 -0.360900 -0.248259 -0.282231 -0.408359 -0.361715 -0.345007 -0.113035 -0.126022 -0.219462 0.154168 0.051724 0.127326 0.160385 0.204384 -0.025643 -0.202234 0.220676 0.067946 -0.256786 -0.356507 -0.032819 -0.250550 -0.141820 -0.287453 0.185911 0.096511 0.237348 0.030706 -0.067979 0.069142 -0.026268 0.123258 -0.059219 -0.427825 -0.019920 -0.372631 -0.361437 -0.396941 -0.159690 -0.043460
-0.103614 -0.079986 0.661995 0.429749 0.396573 0.195915 1.000000 0.642530 0.614657 0.463439 0.264595 0.193731 0.483800 0.420488 0.189800 0.355038 -0.009191 -0.010284 0.489588 0.207760 -0.124984 -0.319128 0.193686 0.103911 -0.195615 -0.183978 0.029294 -0.335708 0.167013 0.104700 0.245154 0.100952 -0.091907 0.262177 -0.213661 -0.043126 -0.324760 -0.264708 -0.573781 -0.382788 -0.357264 -0.351330 -0.308754 -0.393318 0.179958 0.022592 -0.464030 -0.463815 0.017617 -0.101505 0.109917 -0.163147 -0.199617 -0.201924 -0.428742 -0.448620 -0.517967 -0.404331 -0.293570 -0.090342 0.327099 0.089876 0.051083 0.279841 0.488484 0.288851 -0.322722 0.037807 -0.450720 -0.175121 0.061908 -0.055094 0.055919 -0.133084 -0.199286 0.058519 0.020992 -0.133399 -0.259254 -0.221292 -0.250701 -0.188770 0.124675 0.205298 -0.375003 -0.392366 -0.368794 -0.269117 0.010211 -0.247585 0.199809 -0.283022 0.268691 0.142911 -0.411607 -0.319871 -0.384591 -0.558265 -0.360091 -0.470076 0.359317 0.533103 0.460888 0.061687 -0.073455 0.018443 -0.197383 0.074227 -0.124391 -0.378487 -0.414109 -0.367909 -0.252272 -0.190557 -0.180520 -0.271404
-0.107545 0.027014 0.548845 0.464399 0.162580 0.303901 0.642530 1.000000 0.505174 0.624688 0.169293 0.439992 0.315264 0.655561 -0.121044 0.087547 -0.312321 -0.285778 0.420219 -0.184384 -0.084849 -0.127179 0.175238 0.277604 -0.195982 0.134239 -0.086802 -0.112905 -0.312443 -0.122425 0.092631 0.347493 -0.368633 0.095963 -0.056637 0.206562 -0.620398 -0.471574 -0.658195 -0.479102 -0.660333 -0.429512 0.048207 0.040937 -0.024041 0.316148 -0.256222 -0.070734 0.109283 -0.229900 0.238853 -0.119372 -0.408527 -0.355355 -0.660492 -0.535305 -0.491673 -0.560095 -0.402464 0.112952 0.200786 0.202357 -0.166176 0.234823 0.457550 0.626756 -0.265785 0.310567 -0.371539 -0.251026 0.071477 -0.069200 -0.372071 -0.273128 -0.364906 -0.053197 -0.287683 -0.011193 -0.317727 -0.349542 -0.458996 -0.424815 -0.288136 -0.147771 -0.367998 -0.293130 -0.287045 -0.225775 0.116128 -0.143207 0.010656 -0.295567 0.484728 0.233902 -0.319367 -0.250512 -0.188117 -0.287393 -0.595472 -0.655582 0.642639 0.216443 0.558652 -0.108033 -0.126399 -0.120237 -0.217702 0.129726 -0.277261 -0.293073 -0.083219 -0.543763 -0.502618 -0.107170 -0.030412 -0.155120
0.182016 -0.045526 0.513831 0.173407 0.746723 0.273659 0.614657 0.505174 1.000000 0.682758 0.493837 0.408263 0.440808 0.574985 0.402120 0.267132 -0.300873 -0.139595 0.635578 0.031915 -0.173835 -0.327736 0.167532 0.237368 0.032992 -0.137105 -0.015025 -0.169723 -0.016613 -0.153359 0.152593 -0.123229 -0.537542 -0.176210 -0.146619 -0.122443 -0.398965 -0.375151 -0.524382 -0.494396 -0.388221 -0.481746 -0.182668 -0.149423 -0.212369 -0.019047 -0.279695 -0.224157 0.016175 -0.265169 0.254397 -0.099393 -0.175849 -0.335322 -0.555792 -0.581869 -0.598869 -0.555445 -0.195804 0.047771 0.370624 0.221325 0.011025 0.267145 0.591342 0.565362 -0.191797 0.127654 -0.491045 0.030439 0.000656 -0.192175 -0.201661 -0.359260 -0.286269 0.009785 -0.071192 -0.152531 -0.334684 -0.350346 -0.442680 -0.367307 -0.020966 -0.103892 -0.206705 -0.349995 -0.393305 -0.446868 0.213241 -0.274428 0.139087 -0.098855 0.534345 0.437949 -0.256634 -0.440707 -0.289345 -0.462528 -0.485564 -0.581164 0.337912 0.469342 0.348514 0.159063 -0.022353 0.089250 -0.061224 0.096108 -0.125124 -0.274866 -0.334176 -0.355279 -0.429773 -0.299027 -0.031654 -0.025723
0.046805 0.275744 0.212411 0.122242 0.604531 0.534964 0.463439 0.624688 0.682758 1.000000 0.153252 0.412159 0.134732 0.644429 0.023512 0.265854 -0.135843 -0.073828 0.258649 -0.067600 -0.003381 -0.273672 -0.100863 0.054318 -0.038566 -0.125026 0.068212 -0.194465 -0.105253 0.030528 -0.035642 -0.063492 -0.393989 -0.002554 -0.221236 -0.042731 -0.366840 -0.285459 -0.495613 -0.366753 -0.432412 -0.241912 -0.132169 -0.207410 -0.095667 0.148403 -0.284409 -0.223815 -0.063117 -0.159815 -0.060284 -0.094057 -0.119658 -0.223983 -0.499482 -0.520581 -0.222000 -0.314340 -0.050334 0.296803 0.340268 0.398920 -0.004973 0.318076 0.329208 0.552899 -0.136921 0.173379 -0.141087 -0.060415 0.026440 -0.165505 -0.144631 -0.207506 -0.203114 -0.010519 -0.166908 -0.113189 -0.284917 -0.314984 -0.280224 -0.255977 0.015567 0.064525 -0.386357 -0.267785 -0.255834 -0.121129 0.033312 -0.148313 0.218798 -0.157209 0.456399 0.162301 -0.331983 -0.393163 -0.388985 -0.452813 -0.461997 -0.490377 0.466667 0.159550 0.350207 -0.050272 -0.213785 -0.039661 -0.011188 0.159549 -0.162263 -0.457444 -0.251873 -0.336180 -0.446191 -0.319584 -0.196415 -0.074350
0.564455 -0.003014 0.416110 0.138875 0.226843 -0.274187 0.264595 0.169293 0.493837 0.153252 1.000000 0.625529 0.590465 0.555277 0.556995 0.251074 -0.071510 -0.121626 0.524871 0.324572 -0.480082 -0.297733 0.313840 0.317811 -0.251173 -0.195718 -0.296239 -0.153108 0.327910 -0.139918 0.165978 -0.069028 -0.391957 -0.085034 0.069655 -0.135256 -0.266218 -0.272773 -0.325142 -0.365861 -0.194501 -0.364127 0.088188 0.077788 -0.488281 -0.278164 -0.183983 0.012265 0.084270 -0.510214 0.148993 -0.354360 -0.280040 -0.508612 -0.194506 -0.374447 -0.559011 -0.490066 -0.271594 -0.283487 0.366222 0.106488 0.014904 0.125906 0.599403 0.449254 -0.401333 -0.187235 -0.367420 -0.206860 -0.049449 -0.153927 -0.231517 -0.202165 -0.006486 0.146158 0.270604 0.059610 -0.159912 -0.134493 -0.369102 -0.356622 0.220502 -0.000915 0.219546 -0.374954 -0.141131 -0.095836 0.347273 -0.087827 -0.120138 -0.006597 0.324839 0.411105 -0.079292 -0.108695 -0.102245 -0.202676 -0.383541 -0.360656 0.168026 0.340594 0.109559 -0.058784 -0.131883 -0.115673 0.065291 0.033607 -0.073996 0.110239 -0.101108 -0.175582 -0.301672 0.067239 0.197243 0.209340
0.386912 0.356683 0.247626 0.208640 0.205810 -0.001269 0.193731 0.439992 0.408263 0.412159 0.625529 1.000000 0.288978 0.748506 0.134140 0.027453 -0.184428 -0.141898 0.265997 0.027149 -0.379324 -0.240723 0.053314 0.228104 -0.227100 -0.097781 -0.308548 -0.157230 0.019430 -0.180110 -0.009178 0.033734 -0.420426 -0.076287 0.027056 0.083665 -0.374547 -0.286263 -0.436870 -0.430082 -0.336643 -0.318313 0.247971 0.160201 -0.413029 0.094599 -0.111617 0.166079 0.036824 -0.486660 0.081763 -0.321990 -0.427094 -0.510290 -0.434583 -0.438932 -0.355172 -0.467443 -0.252519 -0.078450 0.270981 0.296996 -0.000848 0.226894 0.559495 0.726848 -0.380532 0.109629 -0.272720 -0.278215 -0.030831 -0.113675 -0.397586 -0.152621 -0.022041 0.224580 0.169800 0.135289 -0.193026 -0.274587 -0.395279 -0.424619 0.038474 -0.053687 0.053361 -0.078542 -0.103373 0.014162 0.242858 0.121304 -0.168127 -0.180950 0.393057 0.291728 -0.140190 -0.073219 -0.102105 -0.158149 -0.524000 -0.457217 0.389343 0.161358 0.236389 -0.303548 -0.357793 -0.340802 0.047097 0.097927 -0.057224 -0.039213 -0.008369 -0.342688 -0.376116 -0.045937 0.150916 0.185002
0.229451 -0.257173 0.648375 0.114394 0.274513 -0.021577 0.483800 0.315264 0.440808 0.134732 0.590465 0.288978 1.000000 0.553389 0.589804 0.416611 -0.156905 -0.194810 0.591299 -0.063755 -0.330615 -0.279599 0.283338 0.377789 -0.022409 -0.133414 0.080049 0.043641 0.181734 -0.194223 0.138959 -0.145291 -0.186377 0.025342 0.084710 0.170127 -0.182339 -0.285983 -0.236518 -0.283508 -0.171053 -0.325212 -0.025390 -0.001829 -0.116563 -0.008180 -0.275537 -0.173725 0.512079 -0.239319 0.446457 -0.127075 -0.280575 -0.380668 -0.117207 -0.314405 -0.589009 -0.446136 -0.254709 -0.251542 0.322539 -0.165631 -0.083543 0.073736 0.451727 0.344269 -0.208030 0.036952 -0.448859 -0.010671 -0.220910 -0.425423 -0.168202 -0.280926 -0.151079 -0.096176 0.170000 -0.317984 0.009348 -0.081070 -0.305536 -0.274318 -0.060499 -0.188076 -0.185969 -0.410004 -0.059849 -0.113063 0.301565 -0.123500 -0.278153 -0.272128 0.139515 0.252475 -0.242418 -0.148159 0.041384 -0.199736 -0.165736 -0.366365 0.118566 0.392538 0.182695 0.028765 -0.083911 -0.084567 -0.037020 0.170125 -0.135153 -0.103917 -0.172744 -0.223042 -0.309775 -0.047752 0.025109 0.011557
0.318442 0.327626 0.343077 0.021304 0.288218 0.131425 0.420488 0.655561 0.574985 0.644429 0.555277 0.748506 0.553389 1.000000 0.192752 0.308193 -0.083828 -0.048207 0.406751 -0.132408 -0.285226 -0.326578 -0.073745 0.116703 -0.225585 -0.224084 -0.184034 -0.175669 0.023936 -0.027035 -0.140722 -0.109232 -0.321936 0.093630 -0.135461 0.077144 -0.362717 -0.255858 -0.475554 -0.388126 -0.381764 -0.295516 0.062854 -0.011716 -0.298487 0.099968 -0.205956 -0.045785 0.258291 -0.350766 0.127129 -0.132211 -0.317822 -0.479756 -0.453759 -0.519773 -0.413553 -0.469328 -0.157072 0.011643 0.458501 0.364147 0.008584 0.379369 0.444241 0.743884 -0.331811 0.081861 -0.246083 -0.211387 -0.122937 -0.287902 -0.247142 -0.211154 -0.141948 0.061411 0.113976 -0.026733 -0.122597 -0.302367 -0.314662 -0.348069 -0.111322 -0.103039 -0.353014 -0.328618 -0.257390 -0.077830 0.092877 -0.111495 -0.125344 -0.299890 0.335441 0.205212 -0.221747 -0.138306 -0.178485 -0.202325 -0.506819 -0.532203 0.430560 0.169571 0.314261 -0.187266 -0.273965 -0.208039 0.047425 0.210989 -0.118600 -0.195907 -0.170640 -0.367048 -0.395425 -0.143116 0.005262 0.041244
0.236239 -0.358889 0.265574 0.079129 0.363781 -0.087759 0.189800 -0.121044 0.402120 0.023512 0.556995 0.134140 0.589804 0.192752 1.000000 0.578549 -0.022253 -0.010556 0.423578 0.279851 -0.190063 -0.235647 0.435938 0.333553 0.105605 -0.190005 0.092516 0.031309 0.413502 -0.007443 0.263850 -0.225782 -0.222303 -0.150337 0.022039 -0.168813 0.050602 -0.073047 0.035607 -0.092343 0.032848 -0.161653 -0.290776 -0.235912 -0.196406 -0.405736 -0.294547 -0.304901 0.091896 -0.153233 0.151064 0.053098 0.038629 -0.074390 0.148061 -0.048241 -0.398963 -0.290035 -0.100415 -0.184562 0.254036 -0.039543 -0.009522 0.023513 0.394276 0.090923 -0.302430 -0.309170 -0.306348 0.043156 -0.175060 -0.158514 0.110136 -0.180973 0.014295 -0.039115 0.119022 -0.291446 0.060400 0.099774 -0.163803 -0.037145 0.459668 0.208692 0.246711 -0.181794 0.053806 -0.017623 0.444841 0.101968 -0.144217 -0.101039 0.046663 0.168133 -0.103512 -0.265047 -0.215088 -0.254278 -0.095424 -0.100595 -0.126388 0.173061 -0.126075 0.060210 -0.082997 0.034793 -0.051042 -0.033786 -0.060713 -0.033442 -0.326736 -0.046594 -0.052385 -0.002153 0.047055 0.003258
-0.075693 0.063690 -0.003271 0.084437 0.165519 -0.109559 0.355038 0.087547 0.267132 0.265854 0.251074 0.027453 0.416611 0.308193 0.578549 1.000000 0.495082 0.538061 0.134973 0.437585 -0.043361 -0.358900 0.138303 -0.025944 -0.273596 -0.479737 -0.014811 -0.340307 0.594387 0.587226 0.120047 -0.255896 0.120462 0.426559 -0.414647 -0.392705 0.260813 0.250313 -0.042437 0.151304 0.079094 0.184991 -0.493581 -0.608069 0.086175 -0.479456 -0.401286 -0.499883 -0.154824 0.092258 -0.332552 0.111642 0.290743 0.158133 0.106754 0.044934 -0.142476 0.114190 -0.049846 -0.120919 0.309064 0.277163 0.307670 0.555804 0.090542 -0.056852 -0.408580 -0.539188 0.039410 0.049910 -0.176779 -0.054030 0.481158 0.073876 0.121681 0.014496 0.217729 -0.203052 0.213520 0.307827 0.275462 0.374309 0.549614 0.615098 -0.184632 -0.304951 -0.049870 0.060044 -0.003098 -0.019806 0.121093 -0.272335 -0.169084 -0.215333 -0.181511 -0.144054 -0.535177 -0.307891 -0.053463 -0.063257 -0.076064 0.061097 -0.067881 -0.177048 -0.273943 -0.052604 -0.043959 0.050513 -0.084996 -0.258941 -0.589412 0.147797 0.064515 -0.096594 -0.247674 -0.163748
-0.121651 0.408403 -0.515558 -0.217922 -0.263720 -0.381749 -0.009191 -0.312321 -0.300873 -0.135843 -0.071510 -0.184428 -0.156905 -0.083828 -0.022253 0.495082 1.000000 0.843770 -0.481904 0.418795 -0.066279 -0.303718 -0.365096 -0.547570 -0.438893 -0.533000 -0.220352 -0.516589 0.660751 0.773080 -0.192861 -0.269348 0.556464 0.603603 -0.333881 -0.312971 0.609767 0.630572 0.182334 0.426173 0.423355 0.479706 -0.400215 -0.587413 0.311844 -0.335806 -0.165916 -0.369743 -0.285318 0.310799 -0.652796 0.101811 0.402634 0.354994 0.344693 0.355877 0.465190 0.658019 0.218042 -0.137693 0.148359 0.288214 0.483670 0.469867 -0.326194 -0.416834 -0.184489 -0.498126 0.397276 -0.001525 -0.212536 0.136501 0.657393 0.345926 0.277333 0.041783 0.379013 0.006430 0.403273 0.467924 0.762656 0.736350 0.547539 0.702636 -0.041948 0.086151 -0.001377 0.232774 -0.441581 0.031696 0.233336 -0.170079 -0.551769 -0.602899 -0.037788 0.217692 -0.347760 -0.039405 0.242108 0.296504 -0.315310 -0.219379 -0.261250 -0.219284 -0.193532 -0.157243 0.215614 0.020982 0.113703 -0.094709 -0.392845 0.388189 0.432553 0.008207 -0.342548 -0.257708
-0.208506 0.436158 -0.516034 -0.284772 -0.177179 -0.414383 -0.010284 -0.285778 -0.139595 -0.073828 -0.121626 -0.141898 -0.194810 -0.048207 -0.010556 0.538061 0.843770 1.000000 -0.347922 0.362069 -0.005678 -0.236204 -0.372402 -0.592588 -0.325550 -0.525281 -0.315584 -0.519220 0.594511 0.851268 -0.142659 -0.219805 0.488160 0.614963 -0.486311 -0.429297 0.615108 0.684083 0.161094 0.426267 0.401127 0.515028 -0.382029 -0.556998 0.236819 -0.417714 -0.141494 -0.327873 -0.311218 0.302568 -0.608512 0.158832 0.401495 0.307107 0.213577 0.312087 0.324466 0.611765 0.151764 -0.124340 0.090059 0.330980 0.540309 0.626707 -0.301280 -0.394825 -0.200471 -0.535849 0.381569 -0.016759 -0.152272 0.216966 0.677290 0.359387 0.278725 0.114189 0.363081 0.149946 0.396795 0.446140 0.719714 0.745885 0.429910 0.667639 -0.192938 0.038316 -0.127158 0.062435 -0.504878 -0.098844 0.197737 -0.152455 -0.502877 -0.552116 0.154429 0.291058 -0.383080 0.035754 0.167093 0.267118 -0.316523 -0.243088 -0.270868 -0.220464 -0.138111 -0.120025 0.137083 -0.052363 0.216921 0.016974 -0.413727 0.442062 0.473038 -0.002162 -0.271927 -0.191563
0.202422 -0.275615 0.723198 0.256533 0.432538 0.152427 0.489588 0.420219 0.635578 0.258649 0.524871 0.265997 0.591299 0.406751 0.423578 0.134973 -0.481904 -0.347922 1.000000 -0.023903 -0.158094 -0.038971 0.409716 0.388029 0.173099 0.105415 0.051261 0.070203 -0.141304 -0.345015 0.355992 0.162320 -0.412630 -0.111201 -0.009861 -0.026846 -0.456589 -0.550605 -0.381458 -0.476211 -0.440032 -0.542329 -0.001475 0.058080 -0.284029 -0.095887 -0.147313 -0.093298 0.184128 -0.390406 0.441655 -0.157415 -0.130377 -0.371971 -0.412356 -0.452185 -0.664474 -0.566429 -0.271962 -0.092872 0.262640 -0.017258 -0.155126 0.082025 0.564791 0.384984 -0.103902 0.050996 -0.483312 -0.128495 0.062769 -0.114639 -0.251492 -0.376586 -0.312625 0.048207 -0.016331 0.003967 -0.199693 -0.292478 -0.552558 -0.463068 -0.134090 -0.280930 -0.151634 -0.447530 -0.198702 -0.334752 0.363684 -0.153941 -0.245424 -0.101951 0.347814 0.427950 -0.090728 -0.246993 -0.037795 -0.247917 -0.346346 -0.455790 0.233167 0.424021 0.272097 0.143238 0.058511 0.032166 -0.213904 0.154847 -0.110598 -0.035683 -0.131646 -0.329635 -0.372661 -0.159525 0.110296 0.120066
0.123373 0.120882 -0.005216 0.374008 0.022610 -0.265088 0.207760 -0.184384 0.031915 -0.067600 0.324572 0.027149 -0.063755 -0.132408 0.279851 0.437585 0.418795 0.362069 -0.023903 1.000000 -0.016560 -0.292789 0.361270 0.075408 -0.305934 -0.268306 -0.164432 -0.334215 0.551623 0.415818 0.365267 -0.048743 0.123867 0.341190 -0.342017 -0.526766 0.133586 0.180928 -0.051847 0.093575 0.074717 0.081954 -0.268580 -0.410243 -0.043928 -0.551732 -0.263837 -0.243137 -0.517398 -0.000346 -0.374612 -0.167774 0.139710 0.102647 0.169656 0.093787 -0.062188 0.143426 -0.229039 -0.328151 -0.016215 0.075936 0.117801 0.127479 0.121842 -0.251218 -0.440999 -0.571533 0.115503 -0.090860 0.119821 0.318444 0.311867 0.202053 0.212545 0.240413 0.172174 0.094704 -0.047295 0.153037 0.146545 0.218125 0.715996 0.687201 0.279951 -0.190753 0.039553 0.110019 0.057847 0.001787 0.400100 0.142632 0.000174 0.027642 -0.104966 -0.173990 -0.494969 -0.394810 0.033139 0.104160 -0.129799 0.202639 -0.116137 -0.122222 -0.185295 0.067594 -0.110956 -0.145009 -0.083484 -0.123046 -0.280831 0.214529 0.184098 -0.056711 -0.167291 -0.062006
-0.437625 -0.169578 -0.229433 -0.062147 0.007035 0.342196 -0.124984 -0.084849 -0.173835 -0.003381 -0.480082 -0.379324 -0.330615 -0.285226 -0.190063 -0.043361 -0.066279 -0.005678 -0.158094 -0.016560 1.000000 0.684045 -0.017854 -0.086774 0.383642 0.410331 0.453855 0.464982 -0.081803 0.072682 0.185811 0.260515 0.008921 0.025929 -0.038397 0.011902 0.221627 0.134608 0.306396 0.377172 0.239132 0.385261 -0.059569 0.029983 0.130968 0.089277 0.285734 0.132613 -0.266193 0.126520 -0.178569 0.137185 0.114516 0.300201 0.083104 0.349208 0.113158 0.146375 -0.150243 -0.132230 -0.415922 -0.236764 -0.258696 -0.198607 -0.391413 -0.284513 0.030261 -0.036002 0.252490 0.098452 0.339980 0.430987 0.296892 0.292249 0.172401 0.243193 -0.089686 0.207412 0.123092 0.122572 0.179829 0.149330 -0.107243 0.101417 -0.091303 0.195600 0.059014 -0.001330 -0.234509 -0.008723 -0.047799 -0.120605 -0.159903 -0.190597 0.113226 0.129942 0.063485 0.238652 0.077047 0.069919 -0.137866 -0.188780 -0.074969 -0.085032 -0.031179 0.149925 -0.139008 -0.280489 0.005028 0.127476 0.170605 0.014997 -0.013351 -0.357304 -0.205833 -0.161333
-0.326945 -0.263081 -0.149650 -0.091490 -0.218547 0.163271 -0.319128 -0.127179 -0.327736 -0.273672 -0.297733 -0.240723 -0.279599 -0.326578 -0.235647 -0.358900 -0.303718 -0.236204 -0.038971 -0.292789 0.684045 1.000000 -0.014380 -0.043189 0.402102 0.586507 0.280328 0.606175 -0.183891 -0.175831 0.213350 0.488800 -0.064873 -0.120329 0.173261 0.110005 0.112304 -0.007802 0.284727 0.247070 0.173553 0.316562 0.200810 0.398205 -0.137399 0.127866 0.397892 0.350968 -0.123624 -0.137807 -0.002683 -0.007545 -0.043463 0.054236 0.037809 0.301620 -0.017077 -0.022809 -0.192846 -0.113097 -0.507939 -0.331639 -0.270333 -0.312967 -0.308695 -0.193349 0.109475 0.098182 0.161405 -0.105918 0.312085 0.399211 0.043883 0.218850 0.180457 0.213605 -0.083716 0.385489 0.155251 0.121002 0.047465 0.013307 -0.324847 -0.177555 0.007509 0.219555 0.040594 0.017094 -0.172859 0.072838 -0.322301 -0.078484 -0.115458 -0.098884 0.414245 0.381742 0.350120 0.558353 -0.006170 -0.011934 -0.080758 -0.218439 -0.049238 -0.061303 0.099559 0.074097 -0.160607 -0.324755 0.080827 0.414035 0.426998 -0.035448 -0.039485 0.061108 0.111465 0.068587
0.014451 -0.571307 0.480526 0.637793 -0.019205 -0.009000 0.193686 0.175238 0.167532 -0.100863 0.313840 0.053314 0.283338 -0.073745 0.435938 0.138303 -0.365096 -0.372402 0.409716 0.361270 -0.017854 -0.014380 1.000000 0.817480 0.157768 0.421627 0.075883 0.278984 -0.100391 -0.280546 0.607737 0.395002 -0.408209 -0.286148 0.131813 -0.036359 -0.356575 -0.332109 -0.059690 -0.200822 -0.260132 -0.274051 0.008559 0.117463 -0.192749 -0.243874 -0.188293 0.025701 -0.127388 -0.331760 0.337559 -0.214439 -0.239101 -0.145659 -0.045356 -0.108064 -0.387760 -0.364933 -0.473764 -0.297339 -0.113456 -0.228466 -0.346139 -0.269182 0.476431 0.051436 -0.359285 -0.263639 -0.309790 -0.144591 0.193255 0.060017 -0.240236 -0.088573 -0.073575 0.059671 -0.142944 -0.007095 -0.197700 -0.082244 -0.480294 -0.353650 0.096289 -0.038907 0.439518 -0.272233 0.271678 -0.104785 0.653482 0.120003 -0.084516 0.081259 0.394738 0.505388 -0.063322 -0.325454 -0.122049 -0.258107 -0.266007 -0.243367 0.095132 0.318332 0.002762 0.000115 -0.058126 0.019087 -0.464150 -0.096106 -0.204853 -0.022556 0.045935 -0.201478 -0.320187 -0.005721 0.075790 0.074176
0.102422 -0.571868 0.558983 0.590444 0.120045 0.176005 0.103911 0.277604 0.237368 0.054318 0.317811 0.228104 0.377789 0.116703 0.333553 -0.025944 -0.547570 -0.592588 0.388029 0.075408 -0.086774 -0.043189 0.817480 1.000000 0.213802 0.493833 0.145707 0.401973 -0.323394 -0.572867 0.456910 0.300171 -0.578528 -0.461117 0.244479 0.184953 -0.409103 -0.478335 -0.035086 -0.278657 -0.316578 -0.376880 0.161429 0.326533 -0.331098 0.020066 -0.115604 0.184759 0.063616 -0.420461 0.495931 -0.266259 -0.447169 -0.376843 -0.129933 -0.222240 -0.434218 -0.547682 -0.475021 -0.208424 -0.115566 -0.341901 -0.444211 -0.429409 0.495760 0.341121 -0.243180 0.058888 -0.337754 -0.039612 0.152393 -0.189542 -0.509288 -0.241477 -0.188118 -0.038865 -0.265621 -0.121653 -0.257258 -0.271468 -0.648198 -0.567874 -0.112047 -0.309644 0.351269 -0.195060 0.337400 -0.027369 0.711258 0.162225 -0.143477 0.143195 0.591844 0.646190 -0.117061 -0.358682 0.058312 -0.205030 -0.328810 -0.371242 0.166490 0.317518 0.031262 -0.014794 -0.052592 0.014541 -0.368241 0.102420 -0.219343 -0.115517 0.170538 -0.255490 -0.507288 -0.052774 0.168437 0.170077
-0.234750 -0.372189 0.055948 -0.063785 0.322474 0.531191 -0.195615 -0.195982 0.032992 -0.038566 -0.251173 -0.227100 -0.022409 -0.225585 0.105605 -0.273596 -0.438893 -0.325550 0.173099 -0.305934 0.383642 0.402102 0.157768 0.213802 1.000000 0.612132 0.545342 0.652728 -0.294624 -0.398006 0.384433 0.225265 -0.237774 -0.430672 0.340369 0.304627 -0.060551 -0.238343 0.265783 -0.052763 0.027360 -0.110311 0.079213 0.254906 -0.040465 0.193253 0.178675 0.128170 0.054261 -0.108150 0.294250 0.074357 -0.052860 -0.022755 -0.003757 0.062341 -0.041524 -0.085311 -0.016078 0.010865 -0.366553 -0.346721 -0.384979 -0.430791 -0.065629 -0.094918 0.260646 0.210990 -0.108032 0.069215 0.010966 0.010432 -0.127148 -0.160785 -0.144849 -0.042877 -0.164047 -0.014071 -0.041010 -0.127437 -0.220696 -0.146574 -0.296120 -0.332826 -0.040093 0.165645 0.120460 -0.085563 0.037520 0.048670 -0.261711 -0.053566 0.015619 0.108486 0.242390 0.014478 0.279724 0.196463 0.108924 0.052072 -0.170033 0.016833 -0.101868 0.100394 0.146891 0.146944 0.026646 -0.109462 0.278925 0.115183 0.341712 -0.061015 -0.100472 -0.215157 0.052412 0.158311
-0.344448 -0.511625 0.145175 0.341138 -0.135876 0.321555 -0.183978 0.134239 -0.137105 -0.125026 -0.195718 -0.097781 -0.133414 -0.224084 -0.190005 -0.479737 -0.533000 -0.525281 0.105415 -0.268306 0.410331 0.586507 0.421627 0.493833 0.612132 1.000000 0.212223 0.616834 -0.407625 -0.474206 0.518454 0.762947 -0.368447 -0.392520 0.443435 0.402616 -0.242886 -0.366637 0.115139 -0.133395 -0.112488 -0.093971 0.355414 0.545159 -0.069126 0.305799 0.242025 0.387954 -0.057032 -0.280606 0.315886 -0.121722 -0.309269 -0.149327 -0.203299 0.029086 -0.178389 -0.270684 -0.407114 -0.146955 -0.537913 -0.446423 -0.495447 -0.527680 0.035606 -0.009117 0.018380 0.241228 -0.146322 -0.171958 0.293154 0.254811 -0.324444 -0.068639 -0.107566 0.032827 -0.371279 0.183336 -0.090346 -0.163261 -0.350919 -0.328965 -0.455580 -0.403600 0.178169 0.133970 0.193338 -0.140540 0.112439 0.066530 -0.264662 0.036948 0.237437 0.210635 0.259184 0.114910 0.350807 0.326180 -0.159237 -0.182651 0.079083 -0.056798 0.012539 -0.028327 0.144115 0.053681 -0.263925 -0.166518 0.120796 0.215094 0.558675 -0.212362 -0.330230 -0.079098 0.072582 0.124748
-0.050479 -0.202172 0.141860 0.052571 0.437709 0.720395 0.029294 -0.086802 -0.015025 0.068212 -0.296239 -0.308548 0.080049 -0.184034 0.092516 -0.014811 -0.220352 -0.315584 0.051261 -0.164432 0.453855 0.280328 0.075883 0.145707 0.545342 0.212223 1.000000 0.655580 -0.281295 -0.358787 0.188172 -0.134698 -0.006964 -0.223735 0.090275 0.091790 -0.046297 -0.261330 0.298789 0.103604 -0.056925 -0.181565 -0.201776 -0.089177 0.101044 0.175175 -0.031833 -0.184509 0.128316 0.094098 0.133995 0.013224 0.066234 0.060841 0.198918 0.109367 0.139870 0.034998 0.146618 0.148736 -0.060336 -0.185461 -0.278236 -0.342003 -0.122710 -0.020477 0.280167 0.204229 0.003675 0.244482 -0.223365 -0.238535 0.031858 -0.284201 -0.261010 -0.209836 -0.237883 -0.356555 -0.045523 -0.100788 -0.088454 -0.098712 -0.019763 -0.074555 -0.066709 0.202576 0.202503 0.248633 0.172846 0.237257 -0.117156 -0.238740 -0.115953 -0.071785 -0.160564 -0.253460 0.093889 -0.106020 0.162516 -0.038824 -0.135073 0.070693 0.070617 0.113761 -0.031486 0.165907 -0.022200 0.003487 -0.077337 -0.257239 -0.066693 -0.192351 -0.196605 -0.354613 -0.091333 -0.047972
0.029939 -0.425376 0.136498 -0.009226 0.058305 0.433382 -0.335708 -0.112905 -0.169723 -0.194465 -0.153108 -0.157230 0.043641 -0.175669 0.031309 -0.340307 -0.516589 -0.519220 0.070203 -0.334215 0.464982 0.606175 0.278984 0.401973 0.652728 0.616834 0.655580 1.000000 -0.502248 -0.600543 0.166835 0.204040 -0.262174 -0.487512 0.303209 0.281464 -0.125694 -0.239281 0.403678 0.111124 -0.011282 -0.086933 0.258090 0.498470 -0.266560 0.191715 0.388145 0.377398 0.208035 -0.202240 0.396056 -0.029409 -0.207567 -0.122567 0.156732 0.176001 0.000764 -0.183580 -0.131471 -0.088502 -0.379052 -0.423858 -0.568284 -0.612288 -0.158790 0.025189 0.212068 0.168905 -0.000622 0.007078 -0.018606 -0.070907 -0.297645 -0.181542 -0.143295 -0.048009 -0.224729 0.052435 -0.028065 -0.138430 -0.309804 -0.322518 -0.403464 -0.473125 0.155105 0.257681 0.272879 0.127860 0.285366 0.208951 -0.446116 -0.125238 0.042121 0.167520 0.201261 0.019130 0.481912 0.347163 0.022986 -0.085510 -0.142346 -0.117173 -0.116554 0.057504 0.097513 0.167980 -0.166754 -0.223259 -0.050571 0.213223 0.465523 -0.197386 -0.232986 -0.067283 0.155128 0.085402
-0.093826 0.130540 -0.217544 -0.086515 -0.039394 -0.433277 0.167013 -0.312443 -0.016613 -0.105253 0.327910 0.019430 0.181734 0.023936 0.413502 0.594387 0.660751 0.594511 -0.141304 0.551623 -0.081803 -0.183891 -0.100391 -0.323394 -0.294624 -0.407625 -0.281295 -0.502248 1.000000 0.679803 0.177084 -0.139214 0.278363 0.470556 -0.231380 -0.316907 0.530253 0.403553 0.042749 0.191939 0.437603 0.407835 -0.319804 -0.473556 0.150999 -0.411344 -0.289169 -0.362224 -0.255723 0.072731 -0.482197 -0.036045 0.256364 0.172443 0.236612 0.171520 -0.076539 0.266134 -0.067817 -0.340357 0.076659 0.061899 0.380195 0.358900 -0.023738 -0.315440 -0.432620 -0.501869 0.098898 -0.093882 -0.015612 0.242048 0.663902 0.348739 0.424277 0.212473 0.469398 -0.007607 0.319318 0.466186 0.518568 0.543910 0.634661 0.689016 0.028359 -0.145669 -0.100208 0.044067 -0.329717 -0.088913 0.195097 -0.090305 -0.354878 -0.341140 -0.016273 0.195665 -0.357710 -0.090545 0.119043 0.163462 -0.197961 0.063987 -0.170093 -0.172649 -0.199011 -0.090130 0.146447 -0.128472 0.152149 0.074623 -0.337442 0.258232 0.299633 0.046335 -0.199685 -0.123575
-0.339345 0.390100 -0.458665 -0.186421 -0.248304 -0.400454 0.104700 -0.122425 -0.153359 0.030528 -0.139918 -0.180110 -0.194223 -0.027035 -0.007443 0.587226 0.773080 0.851268 -0.345015 0.415818 0.072682 -0.175831 -0.280546 -0.572867 -0.398006 -0.474206 -0.358787 -0.600543 0.679803 1.000000 -0.070168 -0.092541 0.483078 0.681610 -0.523232 -0.444148 0.526467 0.582244 0.011940 0.327976 0.298858 0.560281 -0.369628 -0.553606 0.326908 -0.371533 -0.214891 -0.359338 -0.360510 0.359626 -0.657976 0.226057 0.432237 0.448581 0.143184 0.231889 0.229788 0.542554 0.041930 -0.078301 0.002692 0.336663 0.440718 0.620653 -0.328069 -0.422300 -0.342674 -0.558486 0.390985 -0.131528 0.007596 0.352396 0.757334 0.499424 0.359953 0.154737 0.314303 0.117942 0.445833 0.577467 0.726273 0.790473 0.446974 0.752837 -0.239122 -0.081375 -0.189087 0.023170 -0.528824 -0.205372 0.322778 -0.099092 -0.436977 -0.539958 0.066751 0.202950 -0.493032 -0.048878 0.169634 0.268881 -0.123195 -0.204684 -0.140537 -0.216215 -0.199011 -0.124878 0.038572 -0.109910 0.110756 -0.056215 -0.426059 0.363773 0.423414 0.046477 -0.300022 -0.213862
-0.342345 -0.389752 0.338065 0.560894 0.178661 0.167661 0.245154 0.092631 0.152593 -0.035642 0.165978 -0.009178 0.138959 -0.140722 0.263850 0.120047 -0.192861 -0.142659 0.355992 0.365267 0.185811 0.213350 0.607737 0.456910 0.384433 0.518454 0.188172 0.166835 0.177084 -0.070168 1.000000 0.597754 -0.273484 0.052962 0.059984 -0.066035 -0.071473 -0.286435 -0.027105 -0.156435 -0.143124 -0.119393 -0.013872 0.032175 -0.010169 -0.076841 -0.277532 -0.090182 -0.327984 -0.259356 0.056310 -0.258577 -0.109969 -0.161034 -0.175422 -0.021360 -0.402881 -0.177285 -0.511204 -0.333017 -0.295522 -0.300885 -0.177916 -0.141206 0.336237 -0.102979 -0.280152 -0.113648 -0.195722 -0.183521 0.181397 0.264639 0.050438 -0.073229 -0.033315 0.130559 -0.139416 0.008685 -0.016793 0.023355 -0.202031 -0.062530 0.190613 0.191779 0.108194 -0.210225 0.123221 -0.098100 0.127615 0.013089 -0.060757 -0.080416 0.148861 0.156604 0.116380 -0.003151 -0.193992 -0.099126 -0.173758 -0.203618 0.034170 0.250957 0.071094 -0.143600 -0.128239 -0.025216 -0.215978 -0.081464 0.145709 0.032361 0.031519 -0.074868 -0.221066 -0.131888 -0.004152 0.163631
-0.491434 -0.350747 0.199146 0.426613 -0.315412 0.034888 0.100952 0.347493 -0.123229 -0.063492 -0.069028 0.033734 -0.145291 -0.109232 -0.225782 -0.255896 -0.269348 -0.219805 0.162320 -0.048743 0.260515 0.488800 0.395002 0.300171 0.225265 0.762947 -0.134698 0.204040 -0.139214 -0.092541 0.597754 1.000000 -0.257273 0.037733 0.227757 0.251692 -0.190927 -0.227803 -0.137065 -0.160594 -0.174469 0.000499 0.298080 0.363387 0.030065 0.182161 0.038803 0.235454 -0.212388 -0.296248 0.064293 -0.195356 -0.304135 -0.168813 -0.337074 -0.024592 -0.270379 -0.222698 -0.544724 -0.256431 -0.425976 -0.281540 -0.319051 -0.188585 0.151410 -0.058935 -0.261070 0.032667 -0.106204 -0.443746 0.363906 0.470182 -0.144279 0.102852 0.020150 0.228874 -0.217725 0.419430 -0.041901 -0.025257 -0.215104 -0.142633 -0.251804 -0.047399 0.055271 -0.061677 0.008201 -0.150591 -0.062229 -0.049006 -0.229168 -0.091996 0.148225 0.029965 0.279312 0.242367 0.072738 0.250121 -0.338352 -0.233982 0.162373 -0.092286 0.045995 -0.216738 -0.004519 -0.118619 -0.283393 -0.150118 0.167727 0.248639 0.394902 -0.204858 -0.229416 0.101534 0.047789 0.048944
-0.093087 0.321498 -0.379784 -0.275953 -0.386858 -0.223652 -0.091907 -0.368633 -0.537542 -0.393989 -0.391957 -0.420426 -0.186377 -0.321936 -0.222303 0.120462 0.556464 0.488160 -0.412630 0.123867 0.008921 -0.064873 -0.408209 -0.578528 -0.237774 -0.368447 -0.006964 -0.262174 0.278363 0.483078 -0.273484 -0.257273 1.000000 0.583005 -0.246356 -0.200150 0.457120 0.388074 0.213591 0.331961 0.365075 0.375065 -0.246638 -0.359437 0.382041 -0.134909 -0.072791 -0.327527 0.001071 0.463508 -0.287266 0.203049 0.416435 0.361247 0.336967 0.323922 0.526877 0.620044 0.365078 0.053113 0.031988 0.106401 0.417179 0.201407 -0.424319 -0.502068 0.232346 -0.166897 0.452873 0.117188 -0.185464 0.070485 0.496753 0.293752 0.161235 -0.026264 0.201017 -0.150654 0.407849 0.306564 0.656247 0.612398 0.206726 0.338945 -0.136367 0.241538 0.042150 0.268336 -0.391489 0.070899 0.031943 -0.151460 -0.636907 -0.627487 -0.002996 0.198429 -0.133628 0.067141 0.449640 0.465717 -0.319584 -0.388692 -0.214661 -0.006120 0.015066 -0.047751 0.076806 -0.013288 0.117457 -0.068030 -0.242944 0.368566 0.482813 0.064294 -0.228229 -0.108109
-0.301184 0.406980 -0.113608 -0.015498 -0.211482 -0.273299 0.262177 0.095963 -0.176210 -0.002554 -0.085034 -0.076287 0.025342 0.093630 -0.150337 0.426559 0.603603 0.614963 -0.111201 0.341190 0.025929 -0.120329 -0.286148 -0.461117 -0.430672 -0.392520 -0.223735 -0.487512 0.470556 0.681610 0.052962 0.037733 0.583005 1.000000 -0.331380 -0.161750 0.337277 0.313787 -0.182359 0.156934 0.105937 0.330733 -0.216548 -0.415900 0.362289 -0.080237 -0.319551 -0.352088 -0.140139 0.315861 -0.387217 0.058322 0.228118 0.128533 -0.033898 0.103409 0.089927 0.436427 -0.111570 -0.134534 0.026531 0.148073 0.390113 0.532758 -0.115720 -0.257689 -0.138112 -0.188972 0.355410 -0.105405 -0.132438 0.222830 0.502632 0.277598 0.153092 0.156923 0.203969 -0.010830 0.373839 0.286724 0.573771 0.598576 0.289438 0.549251 -0.357494 -0.115925 -0.163807 0.108514 -0.511161 -0.116914 -0.003044 -0.355531 -0.507396 -0.617321 -0.064486 0.242747 -0.418259 -0.058783 0.074905 0.042980 -0.128029 -0.195980 -0.015583 -0.332548 -0.256077 -0.290709 0.036829 0.008897 0.046795 -0.149358 -0.318584 0.266030 0.249961 -0.006049 -0.233288 -0.126446
-0.009710 -0.368531 0.065611 0.056630 -0.072073 0.055935 -0.213661 -0.056637 -0.146619 -0.221236 0.069655 0.027056 0.084710 -0.135461 0.022039 -0.414647 -0.333881 -0.486311 -0.009861 -0.342017 -0.038397 0.173261 0.131813 0.244479 0.340369 0.443435 0.090275 0.303209 -0.231380 -0.523232 0.059984 0.227757 -0.246356 -0.331380 1.000000 0.712770 -0.236510 -0.314511 -0.014325 -0.206304 -0.100433 -0.255527 0.309759 0.406794 0.104531 0.471235 0.130558 0.268207 0.218336 -0.109637 0.330576 -0.107354 -0.405993 -0.210417 -0.032520 0.005147 -0.115972 -0.187803 -0.123260 -0.032078 -0.169262 -0.349079 -0.249746 -0.379990 0.210219 0.091614 0.223403 0.479393 -0.194378 0.063843 -0.120527 -0.181206 -0.441246 -0.318206 -0.178042 -0.213709 -0.188765 -0.089907 -0.232354 -0.202577 -0.262768 -0.288047 -0.309438 -0.431528 0.370160 0.164273 0.155847 -0.098343 0.141577 0.144359 -0.302224 -0.040325 0.052848 0.093413 0.008827 0.113935 0.360217 0.189191 -0.061293 -0.107750 -0.077391 -0.025791 -0.003375 -0.038041 0.141444 -0.103952 0.210930 -0.084984 0.067483 0.218632 0.440597 -0.125266 -0.169821 0.092687 0.294925 0.127844
-0.149822 -0.267883 0.153773 0.021921 -0.077757 0.171316 -0.043126 0.206562 -0.122443 -0.042731 -0.135256 0.083665 0.170127 0.077144 -0.168813 -0.392705 -0.312971 -0.429297 -0.026846 -0.526766 0.011902 0.110005 -0.036359 0.184953 0.304627 0.402616 0.091790 0.281464 -0.316907 -0.444148 -0.066035 0.251692 -0.200150 -0.161750 0.712770 1.000000 -0.231076 -0.255892 -0.074446 -0.213068 -0.149755 -0.201385 0.292914 0.338844 0.241015 0.721091 0.057136 0.268074 0.403794 -0.002126 0.324556 -0.042054 -0.415269 -0.221240 -0.119204 -0.039481 -0.089479 -0.206903 -0.119085 -0.013877 -0.071158 -0.304987 -0.296994 -0.298406 0.145592 0.231592 0.128817 0.580966 -0.214347 -0.028768 -0.121642 -0.170812 -0.349422 -0.190074 -0.149007 -0.179262 -0.121990 -0.093967 -0.144087 -0.217637 -0.237214 -0.304422 -0.474606 -0.487266 0.019387 0.148629 0.101752 -0.055892 -0.007483 0.131991 -0.357235 -0.284247 -0.017463 -0.041096 -0.130204 0.056009 0.307996 0.128277 -0.141837 -0.201821 0.065987 -0.099996 0.120763 -0.049097 0.099387 -0.109545 0.143216 0.020258 -0.115421 0.141462 0.475090 -0.298807 -0.241750 0.047953 0.106155 -0.104067
