1.000000 -0.003620 0.235009 -0.078009 0.083466 -0.133527 0.475817 -0.353828 -0.000129 -0.189178 0.657973 -0.019322 0.502404 -0.228456 0.520103 -0.289689 0.183825 -0.111507 0.583716 0.209994 -0.295105 -0.302912 0.398689 0.218198 -0.016822 -0.235876 -0.066760 -0.138225 0.332853 -0.355200 0.207177 0.177707 0.211176 0.086384 0.081491 -0.148845 -0.142638 -0.205980 -0.127032 -0.393327 -0.221267 -0.330489 0.022677 -0.188333 -0.164819 -0.406465 0.146104 0.026117 -0.110033 -0.449263 0.094428 -0.410289 0.094446 0.179417 0.257622 0.188894 0.327345 0.120731 0.141545 -0.467101 0.396361 -0.222055 0.162600 -0.150817 0.427889 -0.211153 -0.160501 -0.311788 0.151041 -0.001214 -0.137795 -0.085480 -0.199417 -0.256636 0.058621 -0.113223 0.061686 -0.025895 -0.003844 -0.136959 -0.258414 -0.226046 0.194581 -0.112347 0.026911 -0.216909 0.375712 0.410062 0.518728 0.163071 -0.124851 0.267413 -0.380810 0.268803 -0.158845 -0.289901 0.136511 0.008294 -0.094739 0.256713 -0.238163 0.122053 -0.098924 0.219700 0.000421 0.024957 -0.008070 -0.017298 -0.307198 0.004084 0.122198 0.006467 0.084350 0.061229 -0.330158 -0.398421
-0.003620 1.000000 -0.253055 0.290952 0.053687 0.034362 -0.153795 0.180053 0.024742 0.261688 0.043126 0.370369 0.023700 0.182831 -0.174226 0.208552 0.147840 0.223175 0.133447 0.283990 -0.211462 -0.163186 -0.490421 -0.248497 -0.202514 -0.403913 -0.075250 -0.298842 -0.190483 0.125993 -0.277993 -0.164250 0.121988 0.341211 -0.364315 -0.106450 -0.226678 -0.043985 0.131423 -0.142032 -0.118741 0.055825 -0.441511 -0.372937 -0.124664 -0.107742 -0.249193 -0.308468 -0.012601 0.093386 -0.291082 0.107524 0.431567 0.019397 0.059972 -0.030451 0.090320 0.363074 0.266739 0.335006 0.219947 0.349910 0.339706 0.361381 -0.166569 0.186161 0.162669 0.013172 0.339472 0.119017 -0.108038 0.099390 0.001510 0.095004 0.155328 0.002338 0.033315 0.215415 0.038121 -0.081593 0.026088 -0.156021 0.143933 0.023838 0.000112 0.259881 -0.020859 0.080643 -0.115837 0.269464 0.011549 -0.094779 -0.158713 -0.288793 -0.224721 -0.192951 -0.050058 -0.245624 0.247607 -0.011077 0.091422 -0.121150 0.239594 -0.134578 -0.077505 -0.065523 -0.093818 -0.188992 -0.044443 -0.492161 -0.291528 0.102219 0.007174 -0.192349 -0.091486 -0.160700
0.235009 -0.253055 1.000000 0.169610 0.136424 -0.050016 0.584624 0.124147 0.368825 0.028483 0.287766 0.112381 0.408412 -0.188381 0.192029 -0.055058 -0.102445 -0.286406 0.263370 0.002409 -0.111665 -0.037403 0.494387 0.317631 0.379659 0.087973 -0.018854 0.016966 -0.148277 -0.354564 0.159196 0.023288 0.091527 -0.155025 0.256018 0.180215 -0.390230 -0.206274 -0.122305 0.072334 -0.236730 -0.120837 -0.048236 -0.002659 -0.159374 -0.131690 0.165906 0.122672 0.269258 -0.353407 0.612322 -0.075700 -0.240549 -0.331493 0.219215 -0.135628 -0.318820 -0.341651 -0.113763 -0.392472 0.072072 -0.392282 -0.152744 -0.415509 0.435804 0.043900 -0.060046 0.160659 -0.113801 0.357659 -0.230542 -0.149851 -0.390341 -0.383411 -0.266794 0.012388 -0.262238 -0.124131 -0.073641 -0.346506 -0.502145 -0.503762 -0.368604 -0.239463 -0.272821 -0.206230 -0.124056 0.072574 0.429490 0.089114 -0.126504 0.138235 0.120796 0.592810 0.134230 -0.077403 0.306815 0.142945 -0.146397 -0.139360 0.043316 0.092738 -0.192627 0.068322 0.126165 -0.025465 -0.027649 -0.128694 -0.105833 0.093923 0.434264 -0.199257 -0.169477 -0.024353 -0.137783 -0.053147
-0.078009 0.290952 0.169610 1.000000 0.142870 0.482383 0.051130 0.405994 0.035780 0.154676 -0.151278 0.306601 -0.064850 -0.108983 0.130686 0.148571 -0.236364 -0.231642 0.083264 0.359655 -0.106792 -0.000695 0.208165 0.524662 0.233000 0.317962 0.146431 0.326993 -0.303486 -0.082304 0.265373 0.507740 0.125248 -0.012515 -0.043994 -0.018278 -0.407966 -0.326950 -0.039755 -0.134519 -0.204657 0.011212 -0.370697 -0.092551 -0.177357 0.016015 -0.256313 -0.055813 -0.256669 -0.277219 0.104592 -0.209149 -0.164835 -0.329405 -0.233033 -0.336359 -0.192900 -0.192208 -0.247965 -0.207271 -0.223909 -0.289153 -0.190362 -0.341154 0.236582 0.109827 0.050283 0.336525 -0.004486 0.331459 -0.165638 0.064568 -0.347698 0.058796 -0.202945 0.098955 -0.415580 -0.229458 -0.184023 -0.361986 -0.437175 -0.518186 -0.080419 0.149833 0.283502 0.545167 0.170826 0.087744 0.431574 0.228494 -0.148739 -0.254531 0.007468 -0.070314 -0.087196 -0.156824 0.088594 -0.117268 -0.118260 -0.202788 0.135553 -0.106547 -0.229418 -0.206778 -0.156788 -0.079816 -0.149781 -0.135739 -0.036293 -0.125401 0.016596 -0.088950 -0.286526 -0.091907 0.018733 -0.127852
0.083466 0.053687 0.136424 0.142870 1.000000 0.491686 0.267866 0.130255 0.645332 0.453087 -0.076089 0.039826 -0.059188 0.155654 0.297466 0.480448 0.106974 0.047578 0.148047 0.217847 0.222860 0.105997 -0.052152 0.105897 0.290330 -0.098948 0.702621 0.212914 0.128579 0.195739 0.170880 0.052972 -0.278512 -0.136110 -0.356879 0.110017 -0.157679 -0.101070 -0.041678 0.046300 -0.181053 0.041061 -0.310974 -0.286850 0.262394 0.189553 -0.222433 -0.365239 -0.046091 0.134512 -0.192109 -0.131363 -0.009276 -0.061707 -0.230407 -0.391662 -0.076078 -0.062368 0.286186 0.142884 0.161146 0.109208 -0.121699 -0.000054 0.281654 0.152074 0.164536 0.208278 0.330510 0.311127 0.088074 0.041023 0.068666 0.216716 0.077265 0.242473 -0.093594 0.084643 0.128142 -0.026498 0.018861 0.014576 0.204113 0.161169 0.139191 0.056790 -0.058910 -0.199443 0.106184 -0.078325 0.057349 -0.127200 -0.250223 -0.208352 -0.131292 -0.084326 -0.412118 -0.445748 -0.319213 -0.301605 -0.187378 -0.027869 -0.180145 -0.323807 -0.492390 -0.357630 -0.437932 -0.316488 -0.023919 -0.127596 -0.328266 -0.008396 -0.398187 -0.446950 -0.311639 0.009360
-0.133527 0.034362 -0.050016 0.482383 0.491686 1.000000 -0.303206 0.160779 0.115013 0.272330 -0.362425 -0.105362 -0.201009 -0.212453 0.063900 0.297691 -0.075653 -0.143250 0.009802 0.155458 0.222572 0.370783 0.158219 0.258388 0.486686 0.476663 0.708290 0.691812 -0.306868 -0.112384 0.283068 0.354678 -0.125878 -0.330969 -0.057483 0.158005 -0.291646 -0.059501 0.139509 0.214896 -0.235145 0.032389 -0.330603 0.036995 0.033905 0.258206 -0.239643 -0.042936 -0.114640 0.099589 -0.025479 0.020943 -0.231961 -0.217482 -0.090504 -0.144758 0.036804 -0.024226 0.081522 0.168599 -0.060911 -0.067557 -0.287227 -0.222727 0.072904 0.079477 0.262641 0.322823 0.256112 0.312160 0.141890 0.232184 -0.219643 0.075300 -0.328676 -0.036904 -0.282028 0.011566 -0.082140 -0.128152 -0.217263 -0.322513 -0.038781 -0.207445 0.085947 0.219373 0.236994 -0.114791 0.229278 0.262900 -0.225180 -0.343354 -0.225475 -0.396231 -0.053328 -0.169165 -0.012234 -0.184372 -0.312247 -0.380365 0.005967 -0.008562 -0.153473 -0.113932 -0.271900 0.001018 -0.154073 -0.129162 0.019283 -0.232939 -0.303717 -0.408455 -0.447868 -0.228513 -0.017159 -0.011896
0.475817 -0.153795 0.584624 0.051130 0.267866 -0.303206 1.000000 0.189518 0.416815 0.074156 0.362709 0.190239 0.304892 0.166423 0.307680 0.042224 0.077290 -0.102779 0.222353 0.110680 -0.047046 -0.241655 0.222116 0.238201 -0.079910 -0.253179 -0.094556 -0.317754 0.337231 0.067655 0.127549 0.047663 0.029675 0.187479 -0.157422 -0.007114 0.003432 -0.142165 -0.204228 -0.248083 -0.090541 -0.038971 -0.052812 -0.140732 0.046087 -0.132747 0.004340 -0.093128 0.021503 -0.280895 0.148917 -0.285775 -0.041562 -0.007142 -0.038250 -0.175310 -0.115203 -0.212333 -0.018875 -0.442885 0.135921 -0.239769 -0.037201 -0.208709 0.516522 0.070228 -0.295672 -0.131350 -0.175418 0.030400 -0.140092 -0.149885 0.040680 0.006411 0.154013 0.208068 -0.051693 -0.113486 0.038499 -0.214328 -0.146124 -0.034222 0.061210 0.190730 -0.005084 -0.142440 -0.105322 0.194407 0.239139 -0.181195 0.070957 0.280948 -0.085098 0.394836 -0.156059 -0.071347 -0.164577 -0.144357 -0.160446 0.029389 -0.130381 0.029202 -0.172260 -0.180236 -0.245711 -0.310461 -0.288514 -0.310342 -0.225221 0.145265 0.178042 0.160593 0.038421 -0.123833 -0.383607 -0.228298
-0.353828 0.180053 0.124147 0.405994 0.130255 0.160779 0.189518 1.000000 0.315058 0.595241 -0.170632 0.451153 -0.121530 0.406781 -0.265733 0.355064 -0.070549 -0.118663 -0.498884 -0.288249 -0.100668 0.003061 -0.245961 -0.011838 0.021733 -0.030893 -0.086123 -0.124100 -0.196891 0.102475 -0.166542 -0.047211 -0.064611 0.122640 -0.113787 0.277455 -0.249802 -0.152353 -0.338115 0.042775 -0.299668 0.020701 -0.255979 0.086843 0.171341 0.352819 -0.329869 -0.076711 0.210629 0.268682 0.135033 0.390698 -0.209197 -0.294461 -0.227766 -0.353785 -0.316365 -0.337639 0.045820 0.279011 -0.046793 0.201207 -0.149720 -0.122812 0.210264 0.627467 -0.004320 0.231673 -0.242518 -0.012296 -0.217210 -0.146575 -0.089310 0.040163 -0.114023 0.281616 -0.295793 -0.216085 0.018198 -0.120790 -0.101706 -0.084548 -0.338517 -0.020708 0.068631 0.285088 -0.277176 -0.118824 -0.094022 -0.029429 0.000910 -0.296429 0.110856 -0.207136 -0.035256 0.026450 -0.123500 -0.165583 0.012932 -0.228839 0.197634 -0.114407 0.160360 -0.366259 -0.269144 -0.476938 -0.284631 -0.249873 -0.064432 0.023608 -0.032463 -0.066030 -0.103931 -0.147167 -0.232659 -0.002159
-0.000129 0.024742 0.368825 0.035780 0.645332 0.115013 0.416815 0.315058 1.000000 0.643322 0.171245 0.279239 0.244933 0.339438 0.301968 0.534254 0.138311 0.072881 0.051618 -0.024492 0.056282 -0.112415 -0.115200 -0.079282 0.111645 -0.289551 0.211847 -0.187182 0.147772 -0.009177 -0.158653 -0.240184 -0.104250 0.135387 -0.242277 0.274083 -0.157295 -0.197351 -0.158901 0.015905 -0.161546 -0.030856 -0.209287 -0.201519 0.183161 0.128227 -0.108553 -0.234142 0.216115 0.074565 0.073156 0.085231 -0.090758 -0.111901 -0.057677 -0.331196 -0.224103 -0.144579 0.249035 0.040577 0.319309 0.174349 -0.053425 -0.022944 0.464934 0.465190 -0.182769 0.008393 0.152004 0.230689 -0.117392 -0.319579 0.078364 0.023153 0.112808 0.311560 -0.107873 -0.011762 0.212851 -0.127471 -0.069910 0.017372 0.049499 0.047427 -0.157446 -0.126468 -0.218336 -0.191299 0.042620 -0.135142 0.172869 -0.048798 -0.079537 -0.027792 -0.034609 0.114488 -0.272073 -0.232945 -0.153510 -0.225776 -0.171577 -0.254523 -0.049969 -0.353259 -0.331074 -0.441937 -0.387423 -0.267854 0.026585 -0.015696 -0.078735 0.113002 -0.144779 -0.190414 -0.277332 0.073698
-0.189178 0.261688 0.028483 0.154676 0.453087 0.272330 0.074156 0.595241 0.643322 1.000000 0.034498 0.505446 0.036533 0.384940 -0.191224 0.555547 0.119078 0.088293 -0.283431 -0.073497 -0.038256 -0.007196 -0.453560 -0.225617 0.031807 -0.308897 0.096966 -0.243630 -0.097441 0.186779 -0.296601 -0.318926 -0.099627 0.189303 -0.244285 0.431309 -0.253518 -0.109946 -0.070346 0.051727 -0.392304 0.063159 -0.193074 -0.014057 0.339625 0.429972 -0.223802 -0.249440 0.250899 0.320914 0.007053 0.423884 -0.128307 -0.192703 -0.095203 -0.302339 -0.171190 -0.245598 0.234178 0.355870 0.200214 0.221377 -0.139116 -0.150329 0.256426 0.691803 0.007362 0.208318 0.109567 0.154677 -0.029181 -0.172560 0.072837 0.120974 0.107970 0.187102 -0.001731 0.182701 0.202898 -0.063867 -0.004392 -0.013295 -0.162927 -0.066138 -0.115600 0.128099 -0.300252 -0.061722 -0.153233 -0.006414 0.063585 -0.362966 0.023982 -0.309236 -0.136085 -0.084903 -0.238056 -0.346679 -0.101328 -0.341408 0.062904 -0.148851 0.114823 -0.272874 -0.321474 -0.391274 -0.298593 -0.371161 -0.084989 -0.218465 -0.243834 -0.100956 -0.146758 -0.199969 -0.201031 -0.008256
0.657973 0.043126 0.287766 -0.151278 -0.076089 -0.362425 0.362709 -0.170632 0.171245 0.034498 1.000000 0.254135 0.836824 0.126552 0.375667 -0.090276 0.261379 0.089953 0.298893 0.070374 -0.475278 -0.468549 0.152083 -0.011818 -0.124001 -0.383077 -0.359020 -0.313110 0.444174 -0.271284 0.004548 -0.077526 0.291773 0.314314 0.147593 -0.045957 -0.137228 -0.206347 -0.262440 -0.263416 -0.175765 -0.294717 0.084852 -0.176073 -0.150578 -0.379678 0.135203 0.007250 0.167608 -0.342443 0.196499 -0.159847 -0.003748 -0.018879 0.373731 0.166631 0.015414 0.059678 0.132802 -0.346666 0.454185 -0.045375 0.299940 -0.083079 0.296062 0.083310 -0.393671 -0.455032 0.023452 -0.009734 -0.341255 -0.303856 -0.156284 -0.355893 0.092245 -0.017142 0.031553 -0.122834 -0.109603 -0.049943 -0.229947 -0.075750 0.047967 -0.056928 -0.286656 -0.378147 0.067901 0.323299 0.233788 0.082828 -0.024950 0.126550 -0.159566 0.280753 -0.032033 -0.112222 0.235105 0.093240 0.027181 0.216714 -0.274968 -0.115362 -0.100055 0.141725 0.187482 0.036605 0.096224 0.092941 -0.233375 0.125743 0.251014 0.043202 0.207786 0.200196 -0.122260 -0.287608
-0.019322 0.370369 0.112381 0.306601 0.039826 -0.105362 0.190239 0.451153 0.279239 0.505446 0.254135 1.000000 0.299857 0.395563 -0.009097 0.245284 -0.085862 0.026099 -0.186747 -0.015479 -0.226766 -0.225251 -0.241261 -0.106675 -0.000026 -0.245819 -0.296966 -0.320706 -0.173704 0.041715 -0.067706 -0.141853 0.044776 0.380451 0.044930 0.396197 -0.298331 -0.096495 -0.265602 -0.189713 -0.297177 0.054071 -0.074666 0.016225 0.127252 0.143713 -0.010685 0.028486 0.073853 0.006047 0.170549 0.180892 -0.194592 -0.277576 -0.124155 -0.211384 -0.242442 -0.257827 -0.026098 -0.034248 0.017264 0.045064 -0.170238 -0.223708 0.317215 0.583548 -0.025329 0.148092 -0.071741 0.075290 -0.231147 -0.170607 -0.144170 -0.004991 0.093556 0.045984 -0.053103 0.105525 -0.081350 -0.295143 -0.355541 -0.270592 -0.219793 0.161719 0.067267 0.211643 -0.129413 0.187984 0.103092 0.054948 -0.141877 -0.341703 0.013774 -0.072656 -0.202606 -0.144714 0.108831 -0.188284 0.033416 -0.202616 0.174341 -0.042183 0.094297 -0.086747 0.016459 -0.187036 -0.047557 -0.200607 -0.222340 -0.156081 0.120955 -0.079617 0.005527 -0.166123 -0.170626 -0.314540
0.502404 0.023700 0.408412 -0.064850 -0.059188 -0.201009 0.304892 -0.121530 0.244933 0.036533 0.836824 0.299857 1.000000 0.199220 0.330673 0.024748 0.326483 0.148056 0.178364 -0.102724 -0.406469 -0.406279 0.189862 -0.084468 0.045586 -0.238827 -0.245287 -0.180480 0.240382 -0.321235 -0.018712 -0.126109 0.286643 0.230080 0.203525 0.186898 -0.187602 -0.236609 -0.230533 -0.147151 -0.134361 -0.210371 -0.017033 -0.156234 -0.167379 -0.376313 0.079847 0.110640 0.294985 -0.311885 0.369058 -0.076179 -0.029613 -0.034194 0.486474 0.163087 0.061787 0.050178 0.191245 -0.316021 0.534477 -0.006314 0.282411 -0.047134 0.320045 0.176535 -0.375463 -0.401358 0.094705 0.063851 -0.351384 -0.307352 -0.171583 -0.343127 0.050939 0.001168 -0.142010 -0.144058 -0.071969 -0.136750 -0.269214 -0.195880 -0.107505 -0.195614 -0.387946 -0.399369 0.166138 0.350253 0.275861 0.193194 -0.099270 0.042655 -0.198848 0.195944 -0.078502 -0.144487 0.322571 0.092510 0.139670 0.162718 -0.181764 -0.074850 -0.096248 0.096586 0.100216 -0.065624 0.031059 -0.020380 -0.267244 0.064384 0.337061 0.032959 0.113688 0.076692 -0.220124 -0.318098
-0.228456 0.182831 -0.188381 -0.108983 0.155654 -0.212453 0.166423 0.406781 0.339438 0.384940 0.126552 0.395563 0.199220 1.000000 -0.109614 0.629684 0.295094 0.487377 -0.442546 -0.196922 -0.010844 -0.217828 -0.493317 -0.452523 -0.365479 -0.359609 -0.090089 -0.344439 0.287530 0.393232 -0.291892 -0.344474 0.070720 0.482242 -0.353045 0.182217 0.201265 -0.081273 -0.310001 -0.151363 0.153312 0.252507 -0.252139 -0.305344 0.255721 0.097776 -0.394425 -0.365774 0.322857 0.343795 -0.216444 0.260834 0.001651 -0.080613 -0.114343 -0.323318 -0.059855 -0.018477 0.390436 0.331583 0.294635 0.565720 0.211315 0.357697 -0.042968 0.575174 -0.182428 -0.300422 -0.008176 -0.095729 -0.120208 -0.087391 0.411077 0.283252 0.294782 0.213966 -0.035569 -0.101317 0.119841 0.061392 0.348965 0.443196 0.121716 0.329226 -0.068107 -0.189655 -0.294906 -0.089970 -0.419625 -0.224534 0.194948 -0.183283 0.067084 -0.280518 -0.260205 0.155680 -0.428049 -0.312907 0.149279 -0.064236 0.073091 -0.111816 0.148998 -0.323813 -0.236289 -0.432627 -0.219385 -0.096917 -0.025963 -0.047692 -0.210122 0.286338 0.114256 -0.173218 -0.201906 -0.070595
0.520103 -0.174226 0.192029 0.130686 0.297466 0.063900 0.307680 -0.265733 0.301968 -0.191224 0.375667 -0.009097 0.330673 -0.109614 1.000000 0.021131 -0.134706 -0.236329 0.492794 0.251302 -0.151718 -0.165572 0.560201 0.436900 0.207166 0.106740 0.175870 0.255926 0.246793 -0.335582 0.356809 0.398549 0.053862 -0.004086 0.088908 -0.117419 -0.166696 -0.311405 -0.233509 -0.147745 -0.014011 -0.212968 -0.051056 -0.220277 -0.140341 -0.351898 0.060634 -0.002142 -0.201731 -0.395426 0.088228 -0.444946 -0.111301 -0.003841 0.004297 0.001432 -0.063910 0.061563 -0.048721 -0.406571 0.083402 -0.125279 -0.122663 -0.111964 0.514407 -0.124019 -0.283680 -0.280210 0.042663 0.068990 -0.249595 -0.163475 -0.281398 -0.196000 -0.104153 0.050639 -0.291543 -0.366891 -0.070614 -0.163969 -0.318111 -0.120928 0.347249 0.229437 0.284882 -0.139212 0.364663 0.060907 0.641639 -0.012088 -0.088737 0.072148 -0.277040 0.136202 -0.004440 0.043358 0.083731 0.075010 -0.288759 -0.007965 -0.300769 -0.202066 -0.369495 -0.134720 -0.102585 -0.098044 0.054811 0.219641 -0.038700 0.224199 0.118113 0.065664 -0.171088 -0.036470 -0.128221 -0.170221
-0.289689 0.208552 -0.055058 0.148571 0.480448 0.297691 0.042224 0.355064 0.534254 0.555547 -0.090276 0.245284 0.024748 0.629684 0.021131 1.000000 0.252165 0.479377 -0.202921 0.028066 0.126622 0.058105 -0.331079 -0.247873 -0.031070 -0.129828 0.391011 0.022269 0.074382 0.252908 -0.149057 -0.213988 0.014511 0.114070 -0.420079 0.193751 -0.144717 -0.163843 0.019927 0.086572 -0.068689 0.160006 -0.408013 -0.368456 0.149742 0.130993 -0.300488 -0.403487 0.229452 0.305262 -0.281617 0.246634 -0.060602 -0.156164 -0.073488 -0.340032 -0.040107 -0.024270 0.354734 0.336806 0.278258 0.461893 0.043861 0.164235 0.013758 0.537364 -0.039410 -0.124144 0.348944 0.341118 0.102415 -0.014911 0.243461 0.323342 0.071490 0.226886 -0.098464 0.032255 0.208782 0.009505 0.057753 0.072401 0.082571 0.153816 -0.114552 -0.090344 -0.186705 -0.338565 -0.237765 -0.069289 0.168025 -0.263530 0.072622 -0.370690 -0.058296 0.085526 -0.339694 -0.325337 -0.148136 -0.297594 0.051961 -0.210920 0.058500 -0.337886 -0.273487 -0.401321 -0.272626 -0.227857 0.122280 -0.258051 -0.385668 0.067065 -0.296224 -0.224664 -0.070469 0.150823
0.183825 0.147840 -0.102445 -0.236364 0.106974 -0.075653 0.077290 -0.070549 0.138311 0.119078 0.261379 -0.085862 0.326483 0.295094 -0.134706 0.252165 1.000000 0.681484 0.062231 -0.048372 -0.106779 -0.227126 -0.309934 -0.386446 -0.399032 -0.465357 0.039876 -0.323329 0.322073 0.131196 -0.232926 -0.308667 0.308825 0.195243 -0.321163 -0.081105 0.059777 0.129498 0.114127 -0.148568 -0.063811 -0.003855 -0.340771 -0.467493 -0.113433 -0.282576 -0.072660 -0.239731 0.157237 0.076484 -0.360634 0.072115 0.354082 0.185746 0.366127 0.116058 0.653456 0.416009 0.445195 0.061401 0.518442 0.254751 0.556420 0.369117 -0.176302 0.064988 0.051309 -0.315809 0.324292 0.010585 0.116965 -0.008919 0.429140 0.275947 0.452780 0.155024 0.366857 0.324247 0.354667 0.213787 0.319438 0.160921 0.119697 -0.210356 -0.386803 -0.246371 0.161177 0.027811 -0.267712 0.143112 0.178319 0.154289 -0.074605 -0.101659 -0.178119 -0.273058 -0.224838 -0.213128 0.168794 0.239280 0.044892 0.147689 0.352605 0.027764 -0.084511 -0.207595 -0.275264 -0.255453 -0.214923 -0.314355 -0.229215 0.165988 0.217915 -0.124473 -0.348405 -0.110842
-0.111507 0.223175 -0.286406 -0.231642 0.047578 -0.143250 -0.102779 -0.118663 0.072881 0.088293 0.089953 0.026099 0.148056 0.487377 -0.236329 0.479377 0.681484 1.000000 -0.122284 -0.034825 0.078401 -0.132345 -0.437573 -0.496739 -0.403834 -0.378293 0.035878 -0.262290 0.227234 0.346281 -0.267504 -0.397000 0.146982 0.137071 -0.386056 -0.069631 0.151274 0.153155 0.250737 -0.127640 0.096461 0.180992 -0.253447 -0.437130 -0.038573 -0.162132 -0.044177 -0.289832 0.181007 0.241677 -0.432818 0.190359 0.264926 0.199770 0.157342 0.016741 0.441555 0.279905 0.387741 0.209444 0.344086 0.385719 0.354225 0.411632 -0.368736 0.143122 0.105778 -0.257188 0.346224 0.074371 0.274498 0.046523 0.463526 0.508058 0.395735 0.196567 0.411627 0.385758 0.228764 0.198671 0.282609 0.236541 0.138029 -0.024484 -0.259502 -0.165001 0.030869 -0.135659 -0.425713 -0.046942 0.140357 0.054558 0.113568 -0.130032 -0.153554 -0.090832 -0.307223 -0.212587 0.117738 0.157756 0.219223 0.076936 0.419719 -0.012464 -0.025205 -0.186081 -0.279310 -0.177335 0.001789 -0.388974 -0.336937 0.234846 0.174272 -0.163723 -0.131474 0.095485
0.583716 0.133447 0.263370 0.083264 0.148047 0.009802 0.222353 -0.498884 0.051618 -0.283431 0.298893 -0.186747 0.178364 -0.442546 0.492794 -0.202921 0.062231 -0.122284 1.000000 0.643314 -0.118157 -0.114593 0.375822 0.329226 0.085357 -0.106619 0.116542 0.009143 0.168332 -0.293909 0.278736 0.241143 0.222661 -0.002262 -0.146741 -0.411865 -0.128939 -0.048140 0.239577 -0.075378 0.011913 -0.238198 -0.122382 -0.367666 -0.464504 -0.523342 0.272610 -0.030766 -0.304661 -0.549048 -0.113020 -0.491908 0.221695 0.043596 0.197463 0.155082 0.174088 0.217631 -0.073412 -0.429653 0.092347 -0.272205 0.107080 -0.130002 0.137957 -0.405285 -0.057143 -0.153011 0.323577 0.261676 -0.067183 0.007225 -0.188361 -0.185850 0.044571 -0.021399 0.131951 0.134847 0.074269 -0.004972 -0.193911 -0.306757 0.345823 -0.074774 -0.050723 -0.164147 0.277495 0.133671 0.409719 0.169337 0.031178 0.352488 -0.169708 0.248989 -0.011434 -0.111981 0.225675 0.088462 -0.047572 0.154919 -0.191694 -0.070482 -0.145039 0.159325 0.115795 0.227083 0.065130 0.003934 -0.054795 -0.029280 0.082694 0.061442 0.000749 0.110421 0.014284 -0.135603
0.209994 0.283990 0.002409 0.359655 0.217847 0.155458 0.110680 -0.288249 -0.024492 -0.073497 0.070374 -0.015479 -0.102724 -0.196922 0.251302 0.028066 -0.048372 -0.034825 0.643314 1.000000 0.112834 -0.038738 0.169088 0.454974 0.009015 0.023340 0.172841 0.093761 0.152430 0.116492 0.306175 0.325076 0.196141 0.187491 -0.428842 -0.399747 -0.034432 -0.071031 0.226540 -0.160807 0.101346 0.134177 -0.236383 -0.374971 -0.237643 -0.203561 -0.081588 -0.287265 -0.480241 -0.359299 -0.408340 -0.462198 0.103072 -0.092565 -0.201673 -0.206755 0.074268 0.154916 -0.181332 -0.236762 -0.230923 -0.318257 -0.085488 -0.193595 -0.083886 -0.358614 0.117341 0.107708 0.319759 0.460628 0.077427 0.209380 -0.021094 0.130279 0.116999 -0.092380 0.186834 0.222757 -0.021563 -0.130733 -0.047639 -0.132677 0.427093 0.318700 0.117286 0.090676 0.019693 0.138413 0.153228 -0.016968 0.117032 0.169388 -0.063633 0.007480 -0.203232 -0.183411 -0.104395 -0.215993 -0.248144 -0.046068 -0.095192 -0.107495 -0.289240 0.005788 -0.019637 0.278854 -0.011437 -0.112501 -0.015278 -0.200495 -0.169719 0.000194 -0.131189 -0.052001 0.194203 -0.085658
-0.295105 -0.211462 -0.111665 -0.106792 0.222860 0.222572 -0.047046 -0.100668 0.056282 -0.038256 -0.475278 -0.226766 -0.406469 -0.010844 -0.151718 0.126622 -0.106779 0.078401 -0.118157 0.112834 1.000000 0.530566 -0.104111 -0.031086 0.101909 0.251763 0.354489 0.228853 0.019395 0.350079 0.267070 0.068280 -0.164763 -0.111622 -0.175348 0.032856 0.241883 0.230012 0.218912 0.284245 0.221591 0.535571 -0.029765 0.107419 0.121335 0.240027 -0.046365 0.090145 -0.315301 0.059341 -0.259424 -0.152259 -0.068690 0.042466 -0.333843 -0.066283 0.059207 -0.010226 -0.174877 -0.024087 -0.245296 -0.154038 -0.346059 -0.059861 -0.165748 -0.156530 0.142301 0.194528 0.083378 0.038525 0.513469 0.252608 0.268474 0.424297 0.088286 0.169577 0.133538 0.305869 0.192616 0.162258 0.220669 0.276174 -0.004217 0.031489 0.016601 0.059063 -0.118347 -0.198007 -0.261208 -0.340126 -0.004077 -0.023258 -0.035999 -0.196901 -0.022200 -0.043720 -0.215042 -0.071147 -0.178623 -0.067380 0.079075 0.024759 0.010046 -0.068102 -0.145448 0.075468 -0.157808 -0.165544 0.046703 -0.073602 -0.194580 -0.093327 -0.044253 -0.253777 0.040999 0.113785
-0.302912 -0.163186 -0.037403 -0.000695 0.105997 0.370783 -0.241655 0.003061 -0.112415 -0.007196 -0.468549 -0.225251 -0.406279 -0.217828 -0.165572 0.058105 -0.227126 -0.132345 -0.114593 -0.038738 0.530566 1.000000 0.070596 0.027311 0.399076 0.538132 0.463601 0.483310 -0.344157 0.075445 0.159771 0.197456 -0.412221 -0.270877 0.153011 0.272813 -0.029736 0.237242 0.305275 0.349134 -0.011398 0.358444 -0.014459 0.278332 0.157825 0.332413 -0.085074 0.183214 -0.229700 0.119750 -0.028011 0.042744 -0.165117 -0.297098 -0.184902 -0.000055 -0.051565 -0.108709 -0.264991 0.145522 -0.256490 -0.090168 -0.347342 -0.058763 -0.116381 -0.097519 0.219945 0.402674 -0.099250 0.025250 0.280508 0.486743 -0.124801 0.281769 -0.104207 0.077565 -0.027540 0.323021 0.106570 0.175069 -0.022528 0.008934 -0.155571 -0.134861 0.078915 0.144826 -0.159408 -0.130445 -0.068306 -0.147004 -0.274553 -0.314654 -0.063439 -0.199534 0.193682 -0.041798 0.115755 0.004567 -0.243377 -0.364254 0.009313 -0.102937 -0.067626 -0.067131 -0.075925 0.138945 -0.004949 -0.109096 0.089061 -0.129864 -0.094669 -0.330531 -0.291791 -0.170769 0.092036 0.078943
0.398689 -0.490421 0.494387 0.208165 -0.052152 0.158219 0.222116 -0.245961 -0.115200 -0.453560 0.152083 -0.241261 0.189862 -0.493317 0.560201 -0.331079 -0.309934 -0.437573 0.375822 0.169088 -0.104111 0.070596 1.000000 0.681223 0.482662 0.567802 0.151406 0.538988 -0.102216 -0.505845 0.468824 0.544213 0.013077 -0.293398 0.396453 -0.041003 -0.165849 -0.176760 -0.086874 -0.001430 -0.009444 -0.158338 0.088664 0.091179 -0.305990 -0.300058 0.176664 0.295711 -0.248384 -0.542241 0.425762 -0.417158 -0.375261 -0.184929 0.115263 0.054451 -0.116674 -0.184548 -0.314745 -0.527519 -0.195804 -0.483629 -0.325499 -0.414871 0.365004 -0.390485 -0.067150 0.047530 -0.104192 0.211130 -0.223576 -0.017973 -0.529902 -0.384927 -0.345176 -0.148693 -0.312026 -0.325391 -0.245333 -0.276901 -0.523506 -0.415782 -0.058830 -0.039419 0.192265 -0.124423 0.344197 0.249654 0.741556 0.155464 -0.214193 0.160041 -0.104285 0.414907 0.149371 -0.076694 0.415049 0.322071 -0.286859 -0.027603 -0.155080 -0.034802 -0.467264 0.082151 0.091481 0.139537 0.146182 0.204459 -0.087725 0.313887 0.458491 -0.232944 -0.197421 0.082946 -0.013953 -0.090725
0.218198 -0.248497 0.317631 0.524662 0.105897 0.258388 0.238201 -0.011838 -0.079282 -0.225617 -0.011818 -0.106675 -0.084468 -0.452523 0.436900 -0.247873 -0.386446 -0.496739 0.329226 0.454974 -0.031086 0.027311 0.681223 1.000000 0.385625 0.501645 0.137240 0.418243 -0.061602 -0.259101 0.469326 0.664055 0.071863 -0.222775 0.068083 -0.223890 -0.298777 -0.339015 -0.083261 -0.072221 -0.151404 -0.101674 0.037658 0.031528 -0.122344 -0.077600 0.046519 0.069284 -0.301904 -0.376637 0.113038 -0.381657 -0.231166 -0.161418 -0.110472 -0.191125 -0.236897 -0.227003 -0.349346 -0.415342 -0.361156 -0.504413 -0.327755 -0.442571 0.313299 -0.335989 -0.015861 0.210872 -0.070645 0.326585 -0.097116 0.014005 -0.404346 -0.156660 -0.270512 -0.068375 -0.227925 -0.265268 -0.286442 -0.276567 -0.434790 -0.377381 -0.009342 0.162442 0.218702 0.105006 0.133552 0.119474 0.572358 0.045888 -0.149314 0.114388 -0.082090 0.214104 0.078836 -0.146493 0.146177 0.085332 -0.351113 -0.105262 -0.236063 -0.158578 -0.566766 -0.130044 -0.089025 0.146077 -0.029529 0.062102 -0.064694 0.205639 0.210472 -0.138573 -0.322533 0.063441 0.108978 0.025297
-0.016822 -0.202514 0.379659 0.233000 0.290330 0.486686 -0.079910 0.021733 0.111645 0.031807 -0.124001 -0.000026 0.045586 -0.365479 0.207166 -0.031070 -0.399032 -0.403834 0.085357 0.009015 0.101909 0.399076 0.482662 0.385625 1.000000 0.597591 0.360560 0.506449 -0.373199 -0.290342 0.461458 0.363771 -0.250425 -0.389343 0.348339 0.333942 -0.425542 -0.092432 -0.023753 0.377678 -0.240776 -0.048239 0.106250 0.264831 0.139664 0.230179 0.108674 0.325547 -0.002480 -0.108817 0.410063 -0.028054 -0.369893 -0.292505 0.004391 -0.006664 -0.332743 -0.313953 -0.247763 -0.077380 -0.193341 -0.300898 -0.474570 -0.392565 0.253901 -0.061347 0.237915 0.473318 0.069221 0.289679 -0.161206 0.014716 -0.434826 -0.257489 -0.312870 0.086582 -0.271288 -0.070102 -0.073559 -0.072295 -0.464717 -0.456064 -0.431285 -0.271580 0.027123 -0.031945 0.138296 0.020978 0.426975 0.164066 -0.283596 -0.226007 -0.140209 0.001956 0.148161 -0.203752 0.346732 0.119559 -0.230466 -0.298858 -0.099162 -0.144337 -0.348713 -0.109660 -0.073637 -0.003858 0.019237 -0.098187 -0.151365 0.094385 0.306539 -0.395641 -0.404439 -0.155818 0.036355 0.034883
-0.235876 -0.403913 0.087973 0.317962 -0.098948 0.476663 -0.253179 -0.030893 -0.289551 -0.308897 -0.383077 -0.245819 -0.238827 -0.359609 0.106740 -0.129828 -0.465357 -0.378293 -0.106619 0.023340 0.251763 0.538132 0.567802 0.501645 0.597591 1.000000 0.307094 0.756169 -0.340862 -0.216248 0.496265 0.635508 -0.242319 -0.338476 0.352296 0.190300 -0.126623 -0.027394 0.000181 0.231845 0.073706 0.136832 0.111030 0.367086 -0.019373 0.168769 -0.022150 0.398578 -0.257787 -0.192072 0.197484 -0.163955 -0.427408 -0.354586 -0.177212 -0.036832 -0.229345 -0.224200 -0.450234 -0.156513 -0.420692 -0.336280 -0.471303 -0.343726 0.038936 -0.223726 0.041220 0.327267 -0.196938 0.102106 -0.009160 0.312632 -0.357995 -0.046335 -0.348903 -0.035128 -0.353076 -0.231563 -0.162095 -0.092020 -0.314395 -0.203642 -0.295096 -0.042317 0.173221 0.103322 0.090989 -0.050116 0.280575 0.014216 -0.298612 -0.249525 -0.033173 -0.035984 0.199505 -0.009797 0.273518 0.252680 -0.246406 -0.192545 -0.024695 -0.145158 -0.341676 -0.018217 0.059067 0.205584 0.104841 0.186031 0.055437 0.204296 0.224604 -0.302747 -0.222576 0.021245 0.271564 0.115150
-0.066760 -0.075250 -0.018854 0.146431 0.702621 0.708290 -0.094556 -0.086123 0.211847 0.096966 -0.359020 -0.296966 -0.245287 -0.090089 0.175870 0.391011 0.039876 0.035878 0.116542 0.172841 0.354489 0.463601 0.151406 0.137240 0.360560 0.307094 1.000000 0.639391 -0.132184 0.092817 0.249806 0.237239 -0.328539 -0.322333 -0.197727 0.086036 -0.035696 0.059493 0.242230 0.141430 0.017379 0.138627 -0.320953 -0.134878 0.110121 0.111884 -0.218741 -0.222672 -0.170058 0.105822 -0.232932 -0.189747 -0.150469 -0.113584 -0.098391 -0.189565 0.105723 0.065573 0.189146 0.144853 0.018062 0.071549 -0.148834 0.038119 0.031320 -0.076704 0.232405 0.174792 0.367569 0.287527 0.220817 0.330308 -0.041815 0.269476 -0.130365 0.030208 -0.187398 0.105726 -0.011776 0.083720 -0.019244 -0.065426 0.222254 0.043586 0.122969 0.079361 0.076968 -0.225063 0.088910 0.053046 -0.088132 -0.150280 -0.264671 -0.255933 0.033442 -0.024462 -0.175078 -0.317864 -0.347559 -0.364566 -0.167541 -0.023257 -0.232653 -0.219015 -0.338704 -0.067015 -0.157440 -0.129267 0.138754 -0.217888 -0.338951 -0.188035 -0.451187 -0.360369 -0.116031 0.043212
-0.138225 -0.298842 0.016966 0.326993 0.212914 0.691812 -0.317754 -0.124100 -0.187182 -0.243630 -0.313110 -0.320706 -0.180480 -0.344439 0.255926 0.022269 -0.323329 -0.262290 0.009143 0.093761 0.228853 0.483310 0.538988 0.418243 0.506449 0.756169 0.639391 1.000000 -0.254492 -0.234713 0.422034 0.516080 -0.264013 -0.474978 0.289137 0.032307 -0.134749 -0.065100 0.061422 0.208182 0.047638 0.042682 -0.077327 0.192829 -0.118216 0.065705 -0.104296 0.128340 -0.242685 -0.100101 0.122914 -0.199280 -0.330690 -0.222773 -0.105472 -0.082204 -0.080982 -0.039413 -0.218550 -0.027371 -0.297244 -0.212759 -0.315731 -0.202079 0.001228 -0.263237 0.142364 0.238408 -0.020118 0.147162 0.059998 0.248792 -0.425360 -0.070929 -0.474783 -0.162784 -0.429940 -0.246676 -0.295812 -0.116592 -0.274217 -0.243916 0.032989 0.016417 0.222182 0.157859 0.208183 -0.100008 0.324707 0.084701 -0.284897 -0.252095 -0.132926 -0.137953 0.184087 0.059919 0.195007 0.092260 -0.347461 -0.296851 -0.036037 -0.031407 -0.342091 0.015140 -0.022601 0.204843 0.133623 0.264157 0.180941 0.135531 -0.003029 -0.346891 -0.377331 -0.111336 0.174708 0.046519
0.332853 -0.190483 -0.148277 -0.303486 0.128579 -0.306868 0.337231 -0.196891 0.147772 -0.097441 0.444174 -0.173704 0.240382 0.287530 0.246793 0.074382 0.322073 0.227234 0.168332 0.152430 0.019395 -0.344157 -0.102216 -0.061602 -0.373199 -0.340862 -0.132184 -0.254492 1.000000 0.261710 0.068085 -0.034473 0.276743 0.279777 -0.281106 -0.361370 0.400351 -0.061498 -0.111212 -0.130336 0.274965 -0.126805 0.068423 -0.241182 -0.033949 -0.202138 0.023711 -0.165369 -0.149925 -0.133213 -0.378348 -0.330735 0.205409 0.239190 -0.061296 -0.004985 0.165379 0.145705 0.040360 -0.218786 0.189244 0.019425 0.331402 0.125209 0.066198 -0.094274 -0.325416 -0.444088 0.026950 -0.189482 0.067720 -0.180540 0.447323 0.090473 0.276863 0.229773 0.246595 -0.117254 0.133694 0.297640 0.366524 0.481045 0.428595 0.264645 -0.050663 -0.247952 0.028803 -0.040310 -0.230703 -0.400969 0.157574 0.206670 -0.085183 -0.060187 -0.008127 0.143805 -0.367160 -0.037489 -0.115082 0.251412 -0.281343 -0.114627 -0.065084 -0.126603 -0.165089 -0.203722 -0.286155 -0.101308 0.020246 0.271133 -0.117275 0.408019 0.241037 0.133685 -0.100356 0.068807
-0.355200 0.125993 -0.354564 -0.082304 0.195739 -0.112384 0.067655 0.102475 -0.009177 0.186779 -0.271284 0.041715 -0.321235 0.393232 -0.335582 0.252908 0.131196 0.346281 -0.293909 0.116492 0.350079 0.075445 -0.505845 -0.259101 -0.290342 -0.216248 0.092817 -0.234713 0.261710 1.000000 -0.056023 -0.109136 -0.021941 0.292081 -0.495567 -0.068941 0.452379 0.321744 0.130901 0.115173 0.265435 0.559291 -0.154799 -0.147820 0.279592 0.192356 -0.275681 -0.247761 -0.181551 0.160410 -0.416817 -0.060406 0.218636 0.076132 -0.316331 -0.099087 -0.008420 -0.112503 -0.016119 0.153679 -0.159545 0.038934 0.048704 0.259313 -0.217380 0.026915 0.117765 0.095690 -0.064609 -0.190805 0.193987 0.271032 0.691082 0.606575 0.495182 0.407480 0.242504 0.262840 0.232076 0.319194 0.562252 0.556945 0.123520 0.459900 0.214031 0.227835 -0.191578 -0.036880 -0.471116 -0.296721 0.050880 -0.082435 0.070412 -0.211856 -0.211190 -0.071559 -0.403009 -0.317116 -0.025594 -0.050075 0.080952 0.000732 0.085664 -0.371866 -0.383192 -0.312760 -0.339920 -0.389865 -0.128640 -0.103354 -0.245977 0.232294 0.082241 -0.310745 -0.118125 -0.028821
0.207177 -0.277993 0.159196 0.265373 0.170880 0.283068 0.127549 -0.166542 -0.158653 -0.296601 0.004548 -0.067706 -0.018712 -0.291892 0.356809 -0.149057 -0.232926 -0.267504 0.278736 0.306175 0.267070 0.159771 0.468824 0.469326 0.461458 0.496265 0.249806 0.422034 0.068085 -0.056023 1.000000 0.717194 0.003159 -0.091185 0.164305 -0.033536 -0.116525 -0.082408 -0.173687 0.057496 -0.131725 0.050818 0.025336 0.054046 -0.093719 -0.130944 0.167450 0.294698 -0.386300 -0.432676 0.055807 -0.492443 -0.271192 -0.114740 -0.220222 0.008971 -0.004945 -0.096843 -0.329398 -0.467374 -0.224022 -0.455324 -0.373694 -0.391961 0.148283 -0.341802 0.132625 0.176288 0.052281 0.152913 0.017718 0.116161 -0.218343 -0.054381 -0.079533 0.071940 -0.097516 -0.173899 -0.063895 0.083751 -0.269764 -0.176268 -0.121600 0.060864 0.215345 0.027365 0.297142 0.094334 0.371274 0.018042 -0.233252 0.013760 -0.184815 0.062632 -0.119789 -0.314970 0.155747 0.012803 -0.268584 0.004374 -0.076429 0.042688 -0.255880 0.051754 0.061089 0.172442 0.049588 0.026367 -0.314630 0.224901 0.240960 -0.306757 -0.127865 -0.104151 0.090862 -0.152012
0.177707 -0.164250 0.023288 0.507740 0.052972 0.354678 0.047663 -0.047211 -0.240184 -0.318926 -0.077526 -0.141853 -0.126109 -0.344474 0.398549 -0.213988 -0.308667 -0.397000 0.241143 0.325076 0.068280 0.197456 0.544213 0.664055 0.363771 0.635508 0.237239 0.516080 -0.034473 -0.109136 0.717194 1.000000 -0.035824 -0.035313 0.165286 -0.128434 -0.072896 -0.203588 -0.092149 -0.054057 -0.002305 -0.010151 -0.087669 0.045024 -0.209350 -0.161140 -0.076888 0.196950 -0.510529 -0.494790 -0.025153 -0.587630 -0.303477 -0.289728 -0.206745 -0.003633 -0.065146 -0.113314 -0.343870 -0.429885 -0.309661 -0.439070 -0.288920 -0.304009 0.240136 -0.356667 -0.011335 0.141829 -0.134720 0.009672 -0.034775 0.278407 -0.286014 0.021520 -0.113105 0.068131 -0.265121 -0.279878 -0.149127 -0.010750 -0.278882 -0.183887 0.038786 0.160376 0.388049 0.281185 0.361641 0.151879 0.478150 0.043337 -0.351384 -0.153291 -0.310754 -0.026851 0.011455 -0.135605 0.184452 0.097694 -0.286596 -0.035284 -0.241859 -0.161175 -0.447824 -0.100140 -0.128842 0.138755 -0.021144 0.114286 -0.085417 0.181570 0.129736 -0.161872 -0.141707 -0.057444 0.101242 -0.157169
0.211176 0.121988 0.091527 0.125248 -0.278512 -0.125878 0.029675 -0.064611 -0.104250 -0.099627 0.291773 0.044776 0.286643 0.070720 0.053862 0.014511 0.308825 0.146982 0.222661 0.196141 -0.164763 -0.412221 0.013077 0.071863 -0.250425 -0.242319 -0.328539 -0.264013 0.276743 -0.021941 0.003159 -0.035824 1.000000 0.341746 -0.095591 -0.310782 -0.110439 -0.157521 -0.139795 -0.109336 -0.014950 -0.047353 -0.182821 -0.332130 -0.293007 -0.388019 0.029644 -0.104070 0.098054 -0.256503 -0.004918 -0.125343 0.147198 -0.013877 0.240011 0.035262 0.267991 0.112559 0.057788 -0.260818 0.179749 -0.121684 0.312980 0.010790 0.014268 -0.036919 0.007704 -0.273810 0.104965 0.145202 -0.151466 -0.240207 0.196294 -0.143933 0.080032 -0.061352 0.150665 -0.075162 0.106732 0.004310 0.020071 -0.071969 -0.029094 -0.122650 -0.250705 -0.166611 0.250500 0.038131 0.046935 0.047588 -0.057346 0.086480 0.150033 0.056251 -0.081483 -0.175744 0.091358 0.135419 0.122764 0.254259 0.073620 0.072197 0.135562 0.144249 0.198356 0.049317 -0.050131 -0.065268 -0.173131 -0.071579 0.058705 0.116317 0.160144 0.251138 0.075231 -0.063498
0.086384 0.341211 -0.155025 -0.012515 -0.136110 -0.330969 0.187479 0.122640 0.135387 0.189303 0.314314 0.380451 0.230080 0.482242 -0.004086 0.114070 0.195243 0.137071 -0.002262 0.187491 -0.111622 -0.270877 -0.293398 -0.222775 -0.389343 -0.338476 -0.322333 -0.474978 0.279777 0.292081 -0.091185 -0.035313 0.341746 1.000000 -0.161392 0.125123 0.281957 0.104418 -0.247027 -0.351182 0.168140 0.316760 -0.185871 -0.241109 0.027272 -0.173882 -0.282347 -0.139150 -0.147502 -0.163820 -0.208546 -0.166832 0.046660 -0.121441 -0.112704 -0.184173 0.082214 0.146900 0.094887 -0.088348 0.194122 0.140474 0.239804 0.204426 0.179745 0.277769 -0.287689 -0.286903 -0.076710 -0.220808 -0.143307 0.040938 0.322208 0.131065 0.497745 0.140332 0.153483 0.062447 0.113943 0.048763 0.227483 0.370421 0.126746 0.287845 -0.038937 -0.080204 -0.119534 0.194657 -0.184803 -0.190877 0.084057 -0.114457 -0.166276 -0.163251 -0.427306 -0.120921 -0.147119 -0.313068 0.244608 0.097350 -0.115279 -0.158646 0.096853 -0.132736 -0.021219 -0.088435 -0.084294 -0.114002 -0.263091 -0.122390 -0.007735 0.239277 0.293435 -0.018906 -0.149373 -0.397410
0.081491 -0.364315 0.256018 -0.043994 -0.356879 -0.057483 -0.157422 -0.113787 -0.242277 -0.244285 0.147593 0.044930 0.203525 -0.353045 0.088908 -0.420079 -0.321163 -0.386056 -0.146741 -0.428842 -0.175348 0.153011 0.396453 0.068083 0.348339 0.352296 -0.197727 0.289137 -0.281106 -0.495567 0.164305 0.165286 -0.095591 -0.161392 1.000000 0.337050 -0.169315 -0.014840 -0.212087 0.033703 -0.136155 -0.215457 0.379136 0.455405 -0.065189 0.002047 0.274375 0.423029 0.028979 -0.175526 0.583694 -0.001527 -0.332447 -0.128427 0.074211 0.203080 -0.185939 -0.201788 -0.298038 -0.234900 -0.139491 -0.313474 -0.216288 -0.319836 0.234275 -0.044147 -0.068896 0.143723 -0.378206 -0.216202 -0.147034 -0.144068 -0.475339 -0.504942 -0.323538 -0.232566 -0.254574 -0.249557 -0.194763 -0.085858 -0.405484 -0.271149 -0.407809 -0.230468 0.029534 0.022566 0.159463 0.027279 0.320978 0.070836 -0.334999 -0.229331 0.037263 0.222900 0.178401 0.054808 0.520091 0.361261 0.067065 0.034500 0.065450 0.061363 -0.081820 0.308605 0.381428 0.282616 0.461420 0.446477 -0.022440 0.297346 0.454186 -0.300163 0.015456 0.177927 0.133896 -0.102200
-0.148845 -0.106450 0.180215 -0.018278 0.110017 0.158005 -0.007114 0.277455 0.274083 0.431309 -0.045957 0.396197 0.186898 0.182217 -0.117419 0.193751 -0.081105 -0.069631 -0.411865 -0.399747 0.032856 0.272813 -0.041003 -0.223890 0.333942 0.190300 0.086036 0.032307 -0.361370 -0.068941 -0.033536 -0.128434 -0.310782 0.125123 0.337050 1.000000 -0.207041 0.068798 -0.166129 -0.014866 -0.293383 0.176492 0.154348 0.372528 0.516294 0.470191 -0.103490 0.211754 0.192536 0.181757 0.386554 0.273837 -0.370423 -0.286791 -0.086583 -0.221047 -0.191958 -0.330169 0.026544 0.116467 0.126760 0.043155 -0.397033 -0.258609 0.412246 0.531569 -0.001741 0.335290 -0.084419 0.001431 0.013056 0.067351 -0.116142 -0.018063 0.042010 0.020479 -0.119118 0.156425 0.175448 -0.178499 -0.227382 -0.093571 -0.488821 -0.148943 0.014716 -0.015357 -0.095049 0.078393 0.117932 0.015878 -0.165138 -0.478484 -0.017991 -0.147856 -0.234545 -0.226380 -0.001387 -0.294528 -0.000088 -0.369429 0.090145 -0.042035 -0.037429 -0.091919 -0.159938 -0.147409 0.013464 -0.169744 -0.271329 -0.113477 0.152201 -0.271494 -0.226379 -0.278310 -0.185569 -0.259860
