1.000000 0.421374 -0.109984 0.105973 0.013637 -0.020248 -0.201481 -0.054081 0.043612 0.332240 0.478967 0.439259 0.219005 0.223153 -0.148474 0.021883 -0.258540 -0.021472 -0.102853 -0.176128 -0.202767 -0.248667 0.019598 0.013611 -0.344111 -0.178987 -0.049709 0.014598 -0.197851 -0.197050 -0.453581 -0.366200 -0.182351 -0.347117 -0.233630 -0.033677 -0.266196 -0.008398 0.007620 -0.088391 -0.236450 -0.056913 -0.136014 0.033901 -0.147756 -0.033531 -0.115295 0.083965 0.292834 -0.047764 -0.086152 -0.046743 0.192487 -0.087611 0.113608 0.059764 0.133563 0.228626 0.251495 0.290169 0.475584 0.508589 -0.090877 0.024506 0.124752 0.410328 -0.213229 -0.147689 0.002304 0.070749 0.014489 -0.233836 -0.250375 0.112394 -0.057544 0.076935 -0.082777 -0.006869 -0.224693 -0.146640 -0.261052 -0.228556 -0.192797 -0.144154 0.138858 0.114525 0.074773 0.225777 0.334868 0.370965 0.176500 0.141381 0.287804 -0.004421 -0.173765 -0.040557 -0.070152 -0.086081 0.039553 -0.030770 0.217096 -0.257680 -0.163665 -0.090678 -0.031362 -0.140499 0.008713 -0.025866 -0.068101 -0.073390 -0.028235 -0.016771 -0.064236 -0.016169 -0.056757 -0.103273
0.421374 1.000000 -0.337886 -0.161866 -0.078080 -0.167862 -0.280754 0.106304 0.014676 0.187065 0.265383 0.369274 0.149367 0.382749 0.031244 0.299049 0.217062 0.489252 -0.075292 0.217932 -0.121161 -0.018580 -0.417246 -0.344908 -0.248697 -0.329418 -0.043071 -0.252631 0.224611 0.330414 -0.207060 -0.141108 0.150840 0.246328 -0.216019 -0.141676 0.046827 -0.010336 -0.225930 -0.106597 0.194129 0.318357 -0.065402 -0.083020 -0.102197 -0.053570 -0.168914 -0.192639 -0.031286 0.084637 -0.238751 0.198735 0.197806 0.076107 -0.204705 -0.228602 0.355245 0.549510 -0.207849 0.217022 0.223655 0.545762 0.025009 0.580738 -0.276510 0.383219 -0.554793 -0.366907 0.113372 0.005005 -0.122975 0.025565 0.176986 0.211576 0.064583 -0.021622 -0.074886 -0.098991 0.098957 0.045944 0.329603 0.375987 -0.027111 0.360799 -0.185014 -0.083921 -0.375233 -0.114469 -0.265319 -0.053255 -0.026911 -0.178169 -0.110661 -0.497804 -0.157896 0.225610 -0.291060 -0.012237 0.013176 0.113819 0.037052 -0.406250 0.219325 -0.036628 0.132319 0.018375 -0.171533 0.021857 0.150072 -0.146966 -0.250091 0.168725 0.197876 0.168427 0.228688 0.144252
-0.109984 -0.337886 1.000000 0.264535 0.447062 0.015287 0.864512 0.541743 0.386811 0.070144 0.306838 0.133793 0.242204 0.077646 0.232973 -0.290435 -0.468882 -0.458708 0.542428 -0.062851 -0.174748 -0.278867 0.535404 0.404531 0.297126 0.118976 -0.032611 -0.125602 0.036097 -0.344133 0.225919 0.308994 -0.236126 -0.049156 0.101110 0.125173 -0.453710 -0.448914 -0.498197 -0.396437 -0.393030 -0.322658 -0.347327 -0.062956 0.174926 -0.012235 -0.503765 -0.326064 0.334830 -0.212963 0.307224 -0.052461 -0.128359 -0.425619 -0.419128 -0.254897 -0.659281 -0.587305 0.360256 0.105323 0.336934 0.002351 0.033717 -0.385619 0.636787 0.227210 0.314931 0.311968 -0.305256 -0.089132 -0.011701 -0.087366 -0.113708 -0.189383 -0.263748 -0.101700 -0.219454 -0.112783 -0.448065 -0.279175 -0.589856 -0.576237 0.077647 -0.268046 -0.130533 -0.060405 -0.250465 -0.300413 0.083930 -0.178185 -0.184036 0.304745 0.039470 0.270106 -0.098155 -0.149612 -0.223143 -0.367231 -0.282938 -0.357248 -0.028684 0.373465 0.028846 0.116365 0.081182 0.025078 0.083404 -0.095690 -0.071020 -0.292557 -0.244904 -0.507828 -0.359015 0.225974 0.170987 0.189913
0.105973 -0.161866 0.264535 1.000000 0.041364 0.322625 0.111406 0.304401 -0.032271 0.252659 -0.022459 0.362132 -0.157527 -0.047460 0.133878 0.110587 -0.460491 -0.354818 0.117482 0.183367 -0.334095 -0.128468 0.498012 0.662440 0.015260 0.238731 -0.128206 0.160597 -0.337466 -0.309913 0.060077 0.277297 -0.335913 -0.300390 -0.166223 0.021237 -0.420114 -0.392516 -0.195186 -0.042495 -0.410550 -0.210273 0.025641 0.080802 -0.191088 -0.018458 -0.124746 0.071304 -0.073015 -0.135386 0.079071 -0.232125 -0.119194 -0.214241 -0.140869 -0.029086 -0.335357 -0.286647 0.088455 -0.089726 -0.013777 0.050288 -0.216934 -0.351839 0.500511 0.118604 -0.119828 -0.011920 -0.140045 0.094830 0.059432 -0.238847 -0.262083 -0.015312 -0.189176 0.060618 -0.218143 -0.061912 -0.175783 -0.171264 -0.460837 -0.468150 0.069533 -0.035815 0.162182 0.436162 0.229288 0.182906 0.496417 0.305753 -0.068333 0.094244 0.302559 0.144190 -0.068967 -0.302020 -0.121537 -0.103866 -0.260029 -0.420511 0.219151 0.021773 -0.150279 -0.049804 0.047700 0.020589 0.078517 0.034733 -0.183002 -0.053037 -0.015140 -0.317571 -0.391040 0.007052 -0.069469 -0.043534
0.013637 -0.078080 0.447062 0.041364 1.000000 0.498110 0.341040 0.049563 0.867709 0.533723 0.451967 0.141331 0.398119 0.063020 0.445551 -0.025838 -0.073442 -0.106291 0.264986 0.081098 -0.210246 -0.041964 0.300802 0.365996 0.306853 0.165303 0.590257 0.213096 0.301124 -0.292591 -0.253823 -0.069227 0.000441 -0.056836 -0.054653 0.045933 -0.296010 -0.601700 -0.560156 -0.200809 -0.100178 -0.315884 -0.157001 -0.186450 0.176766 -0.028550 -0.472692 -0.512403 0.317182 -0.060005 0.331539 0.059314 0.017177 0.037076 -0.526198 -0.318925 -0.180181 -0.084859 0.311386 -0.104452 0.328942 0.065178 -0.250064 -0.254483 0.386565 0.277668 -0.125522 -0.002865 0.233295 0.359243 -0.489740 -0.316553 -0.169512 -0.457222 -0.494349 -0.488894 -0.587134 -0.514163 0.025278 -0.041873 -0.207252 -0.012534 0.070861 -0.045005 0.035263 0.051729 -0.357862 -0.468804 0.103637 -0.082834 0.002718 0.255394 0.132946 0.156633 0.098182 0.007140 -0.342829 -0.034949 -0.216600 -0.011741 0.082890 0.026606 -0.083329 0.172198 0.430192 0.282775 0.047277 0.103254 0.175088 -0.407610 -0.415087 -0.198769 -0.276378 0.442866 0.409779 0.468336
-0.020248 -0.167862 0.015287 0.322625 0.498110 1.000000 -0.201953 -0.238862 0.398480 0.526647 -0.004091 0.085033 -0.098554 -0.265120 0.017644 -0.085881 -0.173730 -0.276432 -0.215078 0.001205 -0.225277 0.231493 0.210110 0.419839 0.336125 0.556972 0.571586 0.611239 -0.230569 -0.418956 -0.308172 -0.184715 0.055587 -0.172320 -0.008859 0.253888 -0.443591 -0.425779 -0.203440 0.097698 -0.242988 -0.396737 0.278556 0.285266 0.083314 0.262888 -0.017574 0.025412 0.079255 0.049232 0.301113 -0.113023 -0.081637 0.100486 -0.180812 0.125003 0.029672 0.101469 0.160608 -0.184033 -0.016883 -0.035210 -0.516186 -0.355398 0.230789 0.096325 -0.032806 0.167676 0.229530 0.454685 -0.358199 -0.326511 -0.466382 -0.516526 -0.530653 -0.376144 -0.596909 -0.411246 0.064484 -0.013771 -0.316279 -0.086643 -0.209808 -0.197588 0.147009 0.373683 0.177103 -0.071224 0.299775 0.173226 -0.057733 0.029954 0.215478 0.178134 0.210536 -0.065559 0.092143 0.390097 -0.109113 0.077227 0.047323 -0.185973 -0.374940 0.099966 0.347799 0.298100 0.016766 0.185621 -0.025803 0.000258 0.113254 -0.081207 -0.226111 0.196712 0.134154 0.222124
-0.201481 -0.280754 0.864512 0.111406 0.341040 -0.201953 1.000000 0.704269 0.342259 0.003214 0.269694 0.096899 0.398141 0.305726 0.282263 -0.069894 -0.269002 -0.239114 0.601797 -0.033785 0.037674 -0.232971 0.363162 0.140703 0.232050 -0.140240 -0.160503 -0.330759 0.176227 -0.084448 0.290341 0.335335 -0.220184 0.098212 0.088569 0.091286 -0.241649 -0.356992 -0.379858 -0.361579 -0.223173 -0.130198 -0.273661 -0.203952 0.265100 -0.032231 -0.471531 -0.318485 0.295260 -0.115468 0.149716 -0.000178 -0.172646 -0.308509 -0.297278 -0.418073 -0.603199 -0.625453 0.123460 0.004035 0.289585 0.003844 0.240098 -0.279839 0.446738 0.146298 0.204810 0.191641 -0.265092 -0.163246 0.107407 0.121886 0.064587 0.033325 -0.080868 0.015758 -0.007484 0.001844 -0.427004 -0.336199 -0.382121 -0.443854 0.189693 -0.072447 -0.232381 -0.261690 -0.368261 -0.263589 -0.129915 -0.224012 -0.076071 0.208297 -0.038091 0.130441 -0.213354 -0.090733 -0.261610 -0.531925 -0.239797 -0.344683 -0.032384 0.318813 0.145261 0.018879 -0.097733 -0.157202 0.008288 -0.205752 0.020027 -0.247050 -0.308003 -0.400197 -0.285635 0.055987 0.062392 0.056098
-0.054081 0.106304 0.541743 0.304401 0.049563 -0.238862 0.704269 1.000000 0.112531 0.140998 0.285174 0.448704 0.327295 0.602302 0.173203 0.269919 -0.277058 -0.021365 0.416856 0.074711 -0.045070 -0.207695 0.008971 -0.084146 -0.037516 -0.315803 -0.394572 -0.448034 0.124443 0.204890 0.228949 0.320673 -0.201372 0.200704 -0.082572 0.099093 -0.217234 -0.317018 -0.335793 -0.315597 -0.210428 0.028693 -0.238679 -0.185138 0.199392 0.033696 -0.423384 -0.215517 0.194254 -0.024545 -0.118328 0.030431 -0.181449 -0.356120 -0.213386 -0.453846 -0.470936 -0.517185 -0.108422 0.088061 0.289707 0.352327 0.191073 -0.064717 0.261547 0.404206 -0.101460 0.044454 -0.362106 -0.173603 0.212512 0.260310 0.134683 0.273571 0.021566 0.148002 0.038474 0.127280 -0.466585 -0.439025 -0.292407 -0.420146 0.121553 0.205005 -0.396367 -0.258700 -0.413979 -0.149819 -0.215961 -0.157839 -0.028975 0.027687 -0.003415 -0.183460 -0.292136 -0.031000 -0.322118 -0.520425 -0.279340 -0.380809 0.050938 0.005891 0.209495 -0.157073 -0.169636 -0.265842 -0.101796 -0.280815 0.028881 -0.195970 -0.288863 -0.351758 -0.227741 -0.024934 0.029866 -0.006573
0.043612 0.014676 0.386811 -0.032271 0.867709 0.398480 0.342259 0.112531 1.000000 0.628890 0.592557 0.199599 0.510498 0.221029 0.414392 0.004834 -0.057481 -0.078924 0.266033 0.030154 -0.147869 0.012394 0.183795 0.259720 0.209409 0.134337 0.401486 0.122604 0.333283 -0.289968 -0.395471 -0.137635 -0.044761 -0.092274 -0.214393 -0.036959 -0.294157 -0.601930 -0.584486 -0.206991 -0.141857 -0.247554 -0.164448 -0.231554 0.152316 -0.069732 -0.482238 -0.526008 0.438851 -0.010084 0.330688 0.055320 0.110354 0.077540 -0.396043 -0.239691 -0.178461 -0.077791 0.349688 -0.059719 0.539411 0.217086 -0.171801 -0.266129 0.315330 0.444358 -0.195905 -0.135698 0.297854 0.401843 -0.434369 -0.350202 -0.088897 -0.461422 -0.493035 -0.498710 -0.626101 -0.567191 -0.093707 -0.194448 -0.197512 -0.031609 -0.014228 -0.014172 -0.013210 -0.157350 -0.382885 -0.511259 0.041908 0.011382 0.094601 0.243088 0.199313 0.146538 0.056198 0.089422 -0.338483 0.025175 -0.099451 0.020713 0.175788 -0.037016 0.043622 0.263486 0.497265 0.338570 0.090147 0.189707 0.278175 -0.437007 -0.465141 -0.140887 -0.230123 0.444559 0.374933 0.440470
0.332240 0.187065 0.070144 0.252659 0.533723 0.526647 0.003214 0.140998 0.628890 1.000000 0.512465 0.568061 0.362623 0.347263 0.105564 0.187938 -0.130160 0.029762 -0.107579 -0.049316 -0.250595 -0.041351 -0.011817 0.128543 0.056847 0.016488 0.203945 0.006424 0.091483 -0.181455 -0.516979 -0.331357 0.006503 -0.238654 -0.232372 0.046792 -0.385839 -0.477387 -0.411712 -0.061966 -0.142488 -0.105561 0.094265 -0.002485 0.150233 0.119204 -0.303005 -0.182695 0.383892 0.059579 0.127593 -0.002571 0.047013 0.117435 -0.179263 -0.083055 0.012185 0.090972 0.199597 0.010762 0.430117 0.447569 -0.301106 -0.186987 0.275943 0.534641 -0.301216 -0.183883 0.206085 0.379429 -0.281414 -0.312678 -0.238852 -0.246546 -0.367710 -0.286751 -0.559522 -0.451763 -0.067315 -0.164818 -0.226575 -0.081739 -0.231029 0.031207 -0.010639 0.039420 -0.243777 -0.261792 0.143076 0.126867 0.194791 0.074174 0.334393 -0.013512 -0.062949 0.126623 -0.152801 0.039634 -0.037615 0.092931 0.270433 -0.372727 -0.151114 0.076718 0.327797 0.088194 0.030700 0.043448 0.219354 -0.240237 -0.256464 -0.008294 -0.313529 0.246953 0.196650 0.231546
0.478967 0.265383 0.306838 -0.022459 0.451967 -0.004091 0.269694 0.285174 0.592557 0.512465 1.000000 0.534508 0.736579 0.515766 0.327255 0.165070 -0.176698 0.023887 0.282207 -0.094864 -0.403636 -0.200237 0.051736 0.090625 -0.147124 -0.140341 -0.031601 -0.128352 0.380661 -0.193903 -0.406376 -0.155248 -0.191919 -0.111101 -0.188249 -0.007416 -0.251130 -0.443575 -0.473934 -0.215202 -0.157543 -0.055098 -0.257231 -0.141895 0.098498 -0.077192 -0.529897 -0.418516 0.538219 -0.135302 0.241465 -0.027038 0.120415 -0.243674 -0.258760 -0.157832 -0.341343 -0.175894 0.188289 0.050259 0.686157 0.418141 0.096996 -0.075013 0.335174 0.589488 -0.303056 -0.172131 -0.011779 0.139523 -0.246966 -0.341820 0.040344 -0.147968 -0.216555 -0.291807 -0.381795 -0.345041 -0.327775 -0.377760 -0.203645 -0.174827 0.026015 0.100671 0.051803 -0.036553 -0.357837 -0.341901 0.071478 0.072295 -0.064202 0.064350 0.047839 -0.108087 0.008442 0.041500 -0.302778 -0.072493 -0.138218 -0.142344 0.226051 -0.206424 0.038825 0.100655 0.384646 0.200430 0.046510 0.166056 0.254967 -0.469287 -0.361698 -0.328083 -0.371945 0.373216 0.358096 0.346913
0.439259 0.369274 0.133793 0.362132 0.141331 0.085033 0.096899 0.448704 0.199599 0.568061 0.534508 1.000000 0.329102 0.661275 0.134782 0.403991 -0.221513 0.242661 -0.108610 -0.124948 -0.291619 -0.171137 -0.062330 0.043468 -0.187588 -0.159823 -0.115652 -0.160052 0.094911 0.140266 -0.190823 -0.047131 -0.206084 -0.195953 -0.229591 -0.027532 -0.279058 -0.210342 -0.260252 -0.022996 -0.061492 0.058211 -0.121789 0.210451 -0.087924 -0.024013 -0.256179 0.033479 0.246701 -0.218870 -0.020605 -0.146186 -0.144119 -0.343562 -0.117929 -0.058967 -0.185241 -0.129553 -0.020634 -0.005386 0.382621 0.565783 -0.089171 -0.033734 0.257340 0.629465 -0.356529 -0.195306 -0.209337 0.005314 0.051876 -0.042966 -0.030120 0.206394 -0.010117 0.049705 -0.209341 -0.119083 -0.235389 -0.200110 -0.269244 -0.225797 -0.142715 0.184750 -0.250693 0.192013 -0.255675 -0.010469 0.034781 0.026748 -0.106096 -0.189241 0.127995 -0.246906 -0.201353 0.168517 -0.076142 -0.179392 -0.217633 -0.236029 0.248854 -0.258415 0.069085 -0.166513 -0.011031 -0.181153 -0.093535 -0.180008 0.094181 -0.188409 -0.171335 -0.265273 -0.489821 0.108568 0.076597 0.071187
0.219005 0.149367 0.242204 -0.157527 0.398119 -0.098554 0.398141 0.327295 0.510498 0.362623 0.736579 0.329102 1.000000 0.684553 0.299420 0.381448 0.068994 0.168640 0.323735 -0.098672 -0.157770 -0.150022 0.034035 -0.129442 -0.214200 -0.388010 -0.039029 -0.232939 0.407776 0.030731 -0.267976 -0.136202 -0.064623 0.060516 -0.186041 -0.033083 -0.056502 -0.432649 -0.341111 -0.078328 0.038886 0.006007 -0.141988 -0.209737 0.312235 -0.106889 -0.439373 -0.379430 0.506926 0.029200 0.172717 0.136920 0.158219 -0.055059 -0.070807 -0.252158 -0.182974 -0.121619 -0.028129 -0.053121 0.532083 0.333946 0.328983 -0.005588 0.042618 0.378794 -0.360263 -0.332399 0.082872 0.188327 -0.128169 -0.025566 0.189400 -0.045508 0.005052 -0.149121 -0.262791 -0.315749 -0.244972 -0.238156 -0.045555 -0.021730 0.089402 0.128014 0.008312 -0.189603 -0.410882 -0.367743 -0.120474 0.041049 -0.010238 -0.039265 -0.142032 -0.291063 -0.100695 0.197292 -0.276017 -0.203218 0.055586 0.008402 0.094533 -0.172317 0.100223 0.085950 0.220804 -0.043622 -0.207744 -0.114386 0.346841 -0.405937 -0.438674 -0.129521 -0.329730 0.301318 0.381898 0.325389
0.223153 0.382749 0.077646 -0.047460 0.063020 -0.265120 0.305726 0.602302 0.221029 0.347263 0.515766 0.661275 0.684553 1.000000 0.133273 0.613725 0.131427 0.463124 0.110841 -0.091277 -0.005977 -0.096114 -0.201012 -0.375883 -0.272266 -0.524505 -0.289076 -0.453139 0.331052 0.490932 -0.054227 -0.031593 -0.051190 0.061228 -0.236409 -0.106511 0.055021 -0.141816 -0.224513 0.005671 0.188493 0.322111 -0.103081 -0.072057 0.171380 -0.080589 -0.291133 -0.088850 0.320814 0.018567 -0.185792 0.052857 0.004974 -0.141957 0.024990 -0.236563 -0.095322 -0.167491 -0.239287 0.008624 0.412032 0.542529 0.349139 0.142282 -0.115146 0.498922 -0.426282 -0.416615 -0.065840 -0.039513 0.150597 0.296731 0.320207 0.390878 0.210614 0.131013 -0.027339 -0.059791 -0.210759 -0.241933 0.048115 -0.009098 -0.028667 0.326561 -0.363075 -0.319577 -0.425187 -0.187743 -0.359454 -0.093636 0.043629 -0.231687 -0.095922 -0.458056 -0.334402 0.364308 -0.181248 -0.357136 0.007040 -0.034249 0.154445 -0.232345 0.297030 -0.166525 -0.086443 -0.320062 -0.303726 -0.337177 0.313386 -0.252585 -0.373584 -0.025451 -0.261245 0.074276 0.169529 0.098880
-0.148474 0.031244 0.232973 0.133878 0.445551 0.017644 0.282263 0.173203 0.414392 0.105564 0.327255 0.134782 0.299420 0.133273 1.000000 0.407080 -0.047901 0.128980 0.490307 0.520332 -0.148432 0.004976 0.209547 0.336744 0.222561 0.138606 0.163024 -0.048509 0.580348 0.073289 0.299230 0.528433 -0.185332 0.214851 0.080386 -0.096082 0.041671 -0.380937 -0.399904 -0.200901 0.090179 0.033199 -0.043547 -0.345129 0.038403 -0.136397 -0.382090 -0.518734 -0.134778 -0.146707 0.049509 -0.277157 -0.168737 -0.131034 -0.579445 -0.524472 -0.330231 -0.169480 -0.090918 -0.262552 0.055358 -0.077058 0.079043 0.035911 0.312463 -0.064768 -0.317061 -0.163816 0.050617 0.141180 -0.197371 -0.180928 0.259120 -0.105790 -0.137497 -0.311101 -0.169022 -0.192076 -0.065592 -0.117900 0.049140 0.046561 0.700844 0.535255 0.289114 0.174125 -0.343144 -0.292720 0.081462 -0.178300 -0.328358 -0.099539 -0.250826 -0.143299 0.081034 -0.162591 -0.538335 -0.197983 -0.506318 -0.429667 -0.074420 0.062700 -0.022924 -0.002745 0.223555 0.328111 -0.030526 0.249059 0.180490 -0.451446 -0.459447 -0.349761 -0.306415 0.163436 0.294014 0.317327
0.021883 0.299049 -0.290435 0.110587 -0.025838 -0.085881 -0.069894 0.269919 0.004834 0.187938 0.165070 0.403991 0.381448 0.613725 0.407080 1.000000 0.337147 0.575979 -0.011173 0.313205 -0.117276 0.060599 -0.295394 -0.172056 -0.206481 -0.274228 -0.144459 -0.283482 0.527139 0.614420 0.064135 0.198509 -0.003803 0.270599 -0.197942 -0.192287 0.373254 -0.112571 0.006063 0.249375 0.455118 0.345821 0.116921 -0.149521 0.092144 -0.066591 -0.049454 -0.100235 -0.130299 0.085599 -0.278516 -0.074804 -0.030501 0.009968 -0.018367 -0.273514 0.110008 0.030756 -0.572600 -0.244295 -0.091343 0.157423 0.295963 0.267408 -0.346021 -0.023090 -0.540433 -0.469735 0.129774 0.118369 0.006250 0.197552 0.511044 0.290444 0.235963 -0.053710 0.021502 -0.043396 0.099606 0.044681 0.379302 0.295996 0.368631 0.713066 -0.149489 -0.040384 -0.332210 -0.043196 -0.322781 -0.138108 -0.159863 -0.385781 -0.266187 -0.528442 0.008306 0.070461 -0.218575 -0.092042 -0.132157 -0.109621 0.061279 -0.211012 0.109186 -0.177418 0.002066 -0.054915 -0.293202 -0.030158 0.226644 -0.214633 -0.285615 -0.066568 -0.182491 -0.028463 0.164615 0.120635
-0.258540 0.217062 -0.468882 -0.460491 -0.073442 -0.173730 -0.269002 -0.277058 -0.057481 -0.130160 -0.176698 -0.221513 0.068994 0.131427 -0.047901 0.337147 1.000000 0.746810 -0.237442 0.096306 0.091720 0.224765 -0.334040 -0.385154 -0.040834 -0.249004 0.032577 -0.212572 0.440720 0.618243 0.010813 -0.152760 0.527749 0.269134 -0.073239 -0.262189 0.559371 0.246689 0.122536 0.318208 0.526499 0.493383 0.266037 -0.033393 0.123468 -0.091730 0.201894 -0.004480 -0.161741 0.151714 -0.146685 0.154311 0.101707 0.371752 0.088321 -0.037700 0.637804 0.448051 -0.503059 -0.265361 -0.260411 -0.233457 0.287352 0.379402 -0.586089 -0.301038 -0.341887 -0.431102 0.451190 0.026505 -0.083495 0.284474 0.533440 0.279250 0.372801 0.000022 0.128976 -0.102649 0.657643 0.469180 0.740644 0.741139 -0.071952 0.322808 -0.126132 -0.226834 -0.221775 -0.186909 -0.491668 -0.300585 -0.070401 -0.263517 -0.339121 -0.337987 0.088631 0.271128 -0.016770 0.136314 0.215348 0.435749 -0.015773 -0.050618 0.369918 -0.102094 0.027533 0.001495 -0.301800 -0.046295 0.248806 -0.119951 -0.242214 0.366338 0.255633 0.194907 0.301474 0.240427
-0.021472 0.489252 -0.458708 -0.354818 -0.106291 -0.276432 -0.239114 -0.021365 -0.078924 0.029762 0.023887 0.242661 0.168640 0.463124 0.128980 0.575979 0.746810 1.000000 -0.221411 0.170050 0.086964 0.049421 -0.467986 -0.474816 -0.163952 -0.426769 -0.025507 -0.405147 0.496533 0.822702 0.060753 -0.039486 0.311917 0.290776 -0.121358 -0.174527 0.447325 0.312081 0.000966 0.158577 0.570335 0.606509 0.123432 -0.075636 0.088435 -0.129023 0.069735 -0.052161 -0.132727 0.043267 -0.313866 0.069729 0.007200 0.129149 -0.053940 -0.245492 0.497677 0.394363 -0.455583 -0.160161 -0.097115 0.130362 0.220559 0.462870 -0.481308 0.010348 -0.491974 -0.448520 0.212256 -0.053421 0.091794 0.382758 0.509978 0.453347 0.381147 0.078880 0.263801 0.101711 0.452548 0.383022 0.633757 0.627194 0.082626 0.578514 -0.283292 -0.149901 -0.413279 -0.116601 -0.493715 -0.351994 -0.092039 -0.369168 -0.353639 -0.501102 -0.106201 0.284944 -0.157746 -0.104371 0.016705 0.131512 0.008921 -0.186069 0.291257 -0.336464 -0.158876 -0.146532 -0.363412 -0.175896 0.196272 -0.155512 -0.256204 0.196327 0.108213 0.043590 0.204641 0.117640
-0.102853 -0.075292 0.542428 0.117482 0.264986 -0.215078 0.601797 0.416856 0.266033 -0.107579 0.282207 -0.108610 0.323735 0.110841 0.490307 -0.011173 -0.237442 -0.221411 1.000000 0.432027 -0.122742 -0.137981 0.221656 0.134497 0.152569 -0.056796 -0.182130 -0.295175 0.289294 -0.093947 0.314037 0.475122 -0.136574 0.341568 0.034421 0.027381 -0.072851 -0.405924 -0.486026 -0.358873 -0.059729 -0.025294 -0.252794 -0.443914 0.185981 -0.068095 -0.482487 -0.477233 0.112548 -0.023674 0.044336 -0.009246 -0.060351 -0.144371 -0.451921 -0.449877 -0.444021 -0.365430 0.130672 0.093530 0.205586 -0.030889 0.279077 -0.056693 0.389560 0.010783 0.019709 0.041524 -0.069845 -0.001828 -0.039817 -0.071420 0.231018 -0.027199 0.007944 -0.126725 -0.029306 -0.037353 -0.293124 -0.316207 -0.135981 -0.218721 0.453739 0.181528 0.141263 -0.113785 -0.298527 -0.325472 0.011221 -0.209086 -0.262650 0.095745 -0.153221 -0.038689 -0.101605 -0.103668 -0.543436 -0.375412 -0.324409 -0.336997 -0.104830 0.267635 0.146235 0.110158 0.123569 0.155967 -0.008925 0.110849 0.170756 -0.416601 -0.427736 -0.300942 -0.114263 0.218361 0.285389 0.223169
-0.176128 0.217932 -0.062851 0.183367 0.081098 0.001205 -0.033785 0.074711 0.030154 -0.049316 -0.094864 -0.124948 -0.098672 -0.091277 0.520332 0.313205 0.096306 0.170050 0.432027 1.000000 -0.120761 0.179043 -0.085186 0.134896 0.071326 0.035998 -0.014176 -0.094430 0.373229 0.192066 0.270710 0.468182 0.101107 0.487556 0.048605 -0.028242 0.095704 -0.223851 -0.252621 -0.000506 0.197244 0.100765 0.045640 -0.396536 0.075259 0.004689 -0.177857 -0.439767 -0.230725 0.182922 -0.206147 -0.017444 -0.031135 0.091314 -0.419584 -0.443452 0.084380 0.163777 -0.247866 -0.104129 -0.174811 -0.104115 0.009574 0.201861 0.005295 -0.190717 -0.343148 -0.148938 0.255143 0.249256 -0.124571 -0.072431 0.267923 -0.135344 -0.061888 -0.274258 -0.106970 -0.065762 0.180823 0.074202 0.235190 0.227559 0.455391 0.577319 0.185747 0.055708 -0.207397 -0.202918 -0.043538 -0.188359 -0.188380 -0.195799 -0.230722 -0.248707 -0.018605 -0.055267 -0.507721 -0.066082 -0.335033 -0.150830 -0.273319 -0.096626 -0.020415 -0.038848 0.186862 0.260851 -0.107546 0.220750 0.193378 -0.269512 -0.348840 0.030887 0.115546 0.057575 0.185574 0.186999
-0.202767 -0.121161 -0.174748 -0.334095 -0.210246 -0.225277 0.037674 -0.045070 -0.147869 -0.250595 -0.403636 -0.291619 -0.157770 -0.005977 -0.148432 -0.117276 0.091720 0.086964 -0.122742 -0.120761 1.000000 0.310615 -0.077977 -0.396528 0.156438 -0.075384 0.163353 0.038969 -0.263066 0.226345 0.204710 -0.036509 0.026494 -0.015138 0.021502 0.030563 0.131507 0.388992 0.292125 0.050113 0.020324 0.105868 0.040388 -0.135575 -0.046520 -0.069788 0.317241 0.226315 -0.119981 0.122817 -0.314160 0.010581 -0.132699 0.118230 0.255602 -0.054320 0.122199 0.006864 -0.044186 -0.027462 -0.070320 -0.056504 -0.059994 0.001500 -0.240463 -0.054918 0.095440 -0.007224 0.018729 -0.122528 0.402341 0.445847 -0.040219 0.267132 0.174111 0.332293 0.324434 0.308680 0.022655 -0.028714 0.105421 0.072330 0.001240 -0.066283 -0.175583 -0.421309 0.119837 0.211818 -0.147054 0.000223 0.396930 0.024759 0.166728 0.207111 -0.201161 0.161025 0.151503 -0.168743 0.053084 0.023268 0.028131 0.009454 0.123354 -0.171606 -0.361985 -0.320863 -0.008542 -0.266520 0.007960 0.390003 0.210340 0.343007 0.241946 -0.470451 -0.442425 -0.397406
-0.248667 -0.018580 -0.278867 -0.128468 -0.041964 0.231493 -0.232971 -0.207695 0.012394 -0.041351 -0.200237 -0.171137 -0.150022 -0.096114 0.004976 0.060599 0.224765 0.049421 -0.137981 0.179043 0.310615 1.000000 -0.169562 -0.077040 0.202745 0.392727 0.218887 0.463789 0.012441 0.060854 0.081506 0.002685 0.338228 0.063765 0.048459 -0.024196 0.157410 0.006340 0.076231 0.521244 0.060486 0.104806 0.322817 0.218337 -0.045804 0.092871 0.203776 0.089170 0.026005 0.114296 0.168506 -0.109771 -0.213393 0.063520 0.017229 0.191845 0.105342 0.184359 -0.230174 -0.232735 -0.215899 -0.252427 -0.138202 -0.013129 -0.242143 -0.139599 -0.008163 -0.022334 0.376083 0.150808 -0.182117 -0.090322 0.143188 -0.164602 -0.108110 -0.229852 -0.283146 -0.322464 0.303189 -0.024209 0.137862 0.181664 -0.150850 0.070579 0.096047 -0.037572 0.140980 -0.141197 -0.218824 -0.090607 -0.113538 -0.357131 -0.155680 -0.153444 0.448751 0.311739 0.232116 0.524259 -0.108303 0.101178 -0.173823 -0.289544 0.021373 0.075969 0.266813 0.264535 -0.241530 0.180974 0.434163 0.021406 0.089842 0.104486 0.033992 0.059671 0.136680 0.231508
0.019598 -0.417246 0.535404 0.498012 0.300802 0.210110 0.363162 0.008971 0.183795 -0.011817 0.051736 -0.062330 0.034035 -0.201012 0.209547 -0.295394 -0.334040 -0.467986 0.221656 -0.085186 -0.077977 -0.169562 1.000000 0.728295 0.364167 0.340848 0.145003 0.286580 -0.323136 -0.478607 0.154254 0.249598 -0.230016 -0.342494 0.071227 0.106357 -0.478381 -0.299379 -0.148285 -0.136586 -0.516461 -0.324778 -0.102337 0.105042 -0.125873 -0.132867 -0.203971 0.022561 -0.024793 -0.316217 0.251122 -0.295470 -0.133210 -0.221603 -0.199519 -0.035555 -0.382642 -0.322037 0.248422 -0.254157 0.074950 -0.218582 -0.118325 -0.504848 0.592122 -0.080033 0.027335 0.046667 -0.071132 0.054163 0.043814 -0.163217 -0.366028 -0.137696 -0.204972 0.098013 -0.172035 -0.115744 -0.210299 -0.171453 -0.527174 -0.454225 0.080669 -0.400554 0.301721 0.149150 0.368872 0.118224 0.551077 0.227532 -0.056317 0.341369 0.214344 0.447547 -0.067292 -0.234336 -0.029413 -0.178333 -0.146527 -0.268218 0.078746 0.258384 -0.132915 0.059158 0.022144 -0.004731 0.056954 -0.092574 -0.160063 -0.052652 -0.006227 -0.283034 -0.281089 0.065154 0.012372 0.038821
0.013611 -0.344908 0.404531 0.662440 0.365996 0.419839 0.140703 -0.084146 0.259720 0.128543 0.090625 0.043468 -0.129442 -0.375883 0.336744 -0.172056 -0.385154 -0.474816 0.134497 0.134896 -0.396528 -0.077040 0.728295 1.000000 0.273540 0.548061 0.184557 0.440682 -0.144701 -0.565777 0.017497 0.291038 -0.338546 -0.358735 -0.034922 -0.014894 -0.453252 -0.448919 -0.245671 -0.048518 -0.411106 -0.395677 -0.127081 0.054168 -0.242751 -0.152960 -0.295422 -0.165789 -0.046513 -0.317106 0.374764 -0.345029 -0.077334 -0.221124 -0.306799 0.008279 -0.368646 -0.180609 0.309349 -0.213212 0.016200 -0.232324 -0.300911 -0.488958 0.590914 -0.107609 0.022037 0.073776 -0.003354 0.172688 -0.205009 -0.484489 -0.356249 -0.390127 -0.441832 -0.242581 -0.410256 -0.280966 -0.117163 -0.083474 -0.473108 -0.369178 0.144935 -0.177937 0.383663 0.466145 0.272531 0.062690 0.633602 0.258206 -0.165528 0.277499 0.220825 0.400695 0.210072 -0.361168 -0.129740 0.096815 -0.294576 -0.316485 0.113297 0.230056 -0.246062 0.146297 0.289071 0.354742 0.240754 0.252401 -0.164979 -0.192176 -0.073704 -0.424409 -0.302526 0.217542 0.128865 0.203414
-0.344111 -0.248697 0.297126 0.015260 0.306853 0.336125 0.232050 -0.037516 0.209409 0.056847 -0.147124 -0.187588 -0.214200 -0.272266 0.222561 -0.206481 -0.040834 -0.163952 0.152569 0.071326 0.156438 0.202745 0.364167 0.273540 1.000000 0.628503 0.318319 0.106210 0.051095 -0.078200 0.328498 0.452963 0.080707 0.185076 0.475859 0.293640 -0.249102 -0.149437 -0.184646 -0.015671 -0.129670 -0.024686 0.088821 0.184935 0.078923 0.154439 -0.097014 -0.033931 -0.176805 -0.260170 0.122754 -0.264283 -0.365833 -0.131762 -0.412933 -0.137461 -0.197062 -0.151748 -0.058481 -0.358365 -0.171698 -0.365824 -0.195338 -0.278102 0.360861 -0.249702 0.105283 0.227276 -0.085186 -0.074840 -0.128354 0.032390 -0.093157 -0.106721 -0.198973 -0.023263 -0.166768 -0.060250 0.022765 -0.089656 -0.165383 -0.014212 0.062519 0.002471 -0.022858 -0.032287 0.033796 -0.040433 0.054800 -0.337861 -0.218452 0.013959 0.051413 0.253136 0.196890 -0.004856 0.045479 -0.014007 -0.378338 -0.172689 -0.185212 0.118490 -0.178473 -0.012773 0.004454 0.105941 -0.014106 -0.022986 0.028589 0.041193 0.083014 -0.241830 -0.095674 0.020844 0.080259 0.110946
-0.178987 -0.329418 0.118976 0.238731 0.165303 0.556972 -0.140240 -0.315803 0.134337 0.016488 -0.140341 -0.159823 -0.388010 -0.524505 0.138606 -0.274228 -0.249004 -0.426769 -0.056796 0.035998 -0.075384 0.392727 0.340848 0.548061 0.628503 1.000000 0.368381 0.601313 -0.184189 -0.413441 0.112048 0.327801 -0.119824 -0.104783 0.272366 0.175490 -0.261429 -0.166978 -0.058749 0.126861 -0.283990 -0.239054 0.081768 0.311460 -0.265012 0.049209 0.039889 0.063266 -0.147648 -0.333511 0.358849 -0.406581 -0.230847 -0.174733 -0.224236 0.214404 -0.230719 -0.042453 0.101186 -0.292893 -0.223207 -0.381586 -0.392120 -0.387483 0.304143 -0.202536 0.209621 0.267552 0.026894 0.058878 -0.316732 -0.356601 -0.252797 -0.415808 -0.396626 -0.251446 -0.332767 -0.236983 -0.024738 -0.108470 -0.300283 -0.141027 -0.048242 -0.136616 0.255199 0.264732 0.345370 0.060305 0.300242 -0.035860 -0.278383 0.024932 0.136128 0.363089 0.465993 -0.157484 0.149019 0.424350 -0.305667 -0.163916 -0.061114 0.116325 -0.240070 0.218386 0.291425 0.487718 0.159959 0.405728 -0.060535 0.011530 0.254605 -0.275806 -0.104511 0.097231 0.053414 0.149736
-0.049709 -0.043071 -0.032611 -0.128206 0.590257 0.571586 -0.160503 -0.394572 0.401486 0.203945 -0.031601 -0.115652 -0.039029 -0.289076 0.163024 -0.144459 0.032577 -0.025507 -0.182130 -0.014176 0.163353 0.218887 0.145003 0.184557 0.318319 0.368381 1.000000 0.556198 -0.022111 -0.257662 -0.170082 -0.186971 0.112645 -0.090191 0.070973 0.120623 -0.169210 -0.190565 -0.177070 0.034954 -0.046478 -0.338333 0.081697 0.023763 -0.020644 0.018798 0.062364 -0.078221 0.025359 -0.061441 0.259521 -0.011417 -0.059662 0.104170 -0.211559 0.007457 0.073873 0.166205 0.123776 -0.174201 -0.007547 -0.084268 -0.438657 -0.094922 0.096215 0.091139 -0.032684 0.089927 0.330636 0.348053 -0.375399 -0.180669 -0.386565 -0.440660 -0.463897 -0.344034 -0.368415 -0.234337 0.131907 0.102807 -0.052930 0.134320 -0.007486 -0.121856 0.050135 0.159202 0.035711 -0.058212 0.137917 0.027841 0.034044 0.088349 0.051731 0.193814 0.177732 0.003800 0.064558 0.267980 -0.045295 0.124730 0.061961 -0.086650 -0.187114 -0.003804 0.204574 0.246259 0.011079 0.106247 -0.014224 0.060365 0.137580 0.072972 -0.079263 0.126830 0.055278 0.135030
0.014598 -0.252631 -0.125602 0.160597 0.213096 0.611239 -0.330759 -0.448034 0.122604 0.006424 -0.128352 -0.160052 -0.232939 -0.453139 -0.048509 -0.283482 -0.212572 -0.405147 -0.295175 -0.094430 0.038969 0.463789 0.286580 0.440682 0.106210 0.601313 0.556198 1.000000 -0.436051 -0.514195 -0.191303 -0.190920 -0.070629 -0.338717 -0.076228 0.046095 -0.257021 -0.075607 0.150040 0.268548 -0.328678 -0.417555 0.074013 0.260637 -0.304335 -0.076756 0.149862 0.132041 -0.016437 -0.142851 0.356872 -0.234439 -0.038982 0.029098 0.037247 0.351843 -0.014355 0.082295 0.232764 -0.164852 -0.072822 -0.161950 -0.424424 -0.290626 0.097243 -0.023001 0.081439 0.131046 0.210804 0.295910 -0.301465 -0.329494 -0.497188 -0.481283 -0.452107 -0.258690 -0.401098 -0.338042 0.036079 -0.027952 -0.258277 -0.118091 -0.147126 -0.383411 0.332162 0.323865 0.535684 0.185922 0.440524 0.368629 0.027917 0.075305 0.180012 0.309834 0.333554 -0.117277 0.272744 0.532309 -0.082992 0.000994 0.109758 -0.096924 -0.248000 0.138156 0.269398 0.349053 0.121789 0.254296 -0.123647 0.185271 0.346014 -0.063937 -0.057142 0.022657 -0.040467 0.046177
-0.197851 0.224611 0.036097 -0.337466 0.301124 -0.230569 0.176227 0.124443 0.333283 0.091483 0.380661 0.094911 0.407776 0.331052 0.580348 0.527139 0.440720 0.496533 0.289294 0.373229 -0.263066 0.012441 -0.323136 -0.144701 0.051095 -0.184189 -0.022111 -0.436051 1.000000 0.457997 0.113288 0.275047 0.223601 0.472501 0.052237 -0.230933 0.411409 -0.195590 -0.323845 -0.006138 0.537471 0.279137 -0.088311 -0.302785 0.187451 -0.114563 -0.337738 -0.484569 0.019529 0.000669 -0.025690 0.064844 0.056158 -0.008287 -0.379029 -0.383628 -0.013632 0.049107 -0.311208 -0.126336 0.053734 -0.058405 0.383396 0.343709 -0.155355 -0.096954 -0.204991 -0.271516 0.179197 0.028606 -0.267257 -0.011429 0.664656 -0.002258 0.103962 -0.394807 -0.073961 -0.191065 0.260524 0.188580 0.504871 0.473067 0.392128 0.644128 -0.129235 -0.139133 -0.666291 -0.465182 -0.476436 -0.513967 -0.332120 -0.259728 -0.460908 -0.444140 0.149202 0.116463 -0.391037 -0.098955 -0.201640 -0.012101 -0.170389 -0.008954 0.159987 0.056393 0.236444 0.239560 -0.117753 0.184744 0.356825 -0.519395 -0.538841 -0.131908 -0.113124 0.345120 0.452153 0.437190
-0.197050 0.330414 -0.344133 -0.309913 -0.292591 -0.418956 -0.084448 0.204890 -0.289968 -0.181455 -0.193903 0.140266 0.030731 0.490932 0.073289 0.614420 0.618243 0.822702 -0.093947 0.192066 0.226345 0.060854 -0.478607 -0.565777 -0.078200 -0.413441 -0.257662 -0.514195 0.457997 1.000000 0.382061 0.233367 0.303506 0.433121 -0.029537 -0.162479 0.541473 0.398572 0.145273 0.162166 0.599176 0.630050 0.067720 -0.066520 0.065293 -0.111629 0.114360 0.081878 -0.300975 0.049817 -0.535038 0.011317 -0.116557 0.004073 -0.017563 -0.288402 0.339556 0.184824 -0.542928 -0.078561 -0.248449 0.082240 0.339770 0.469588 -0.529764 -0.152372 -0.273605 -0.351808 -0.001661 -0.233226 0.296457 0.666304 0.667024 0.618480 0.552214 0.239437 0.434671 0.298073 0.377348 0.336659 0.615121 0.519958 0.183099 0.619310 -0.429094 -0.345357 -0.381731 -0.012245 -0.613333 -0.514184 -0.135642 -0.363296 -0.394811 -0.508875 -0.192866 0.263789 -0.114452 -0.271532 -0.082858 0.036580 -0.085805 -0.058461 0.345282 -0.366651 -0.340564 -0.311348 -0.353364 -0.315155 0.118387 -0.051350 -0.197701 0.162369 0.152823 -0.125537 0.075144 -0.024184
-0.453581 -0.207060 0.225919 0.060077 -0.253823 -0.308172 0.290341 0.228949 -0.395471 -0.516979 -0.406376 -0.190823 -0.267976 -0.054227 0.299230 0.064135 0.010813 0.060753 0.314037 0.270710 0.204710 0.081506 0.154254 0.017497 0.328498 0.112048 -0.170082 -0.191303 0.113288 0.382061 1.000000 0.764776 0.024744 0.301888 0.404728 0.063724 0.200586 0.245429 0.013925 -0.100300 0.215309 0.331396 0.085175 0.018340 0.020690 0.018562 -0.003300 0.077171 -0.399014 -0.160398 -0.222936 -0.308268 -0.405146 -0.250036 -0.282085 -0.283293 -0.295146 -0.298379 -0.248851 -0.121921 -0.359232 -0.333390 0.223073 0.083591 0.111909 -0.417020 0.224633 0.164325 -0.288616 -0.369803 0.382817 0.429180 0.319074 0.373616 0.319348 0.233014 0.409564 0.403362 -0.008308 0.034242 0.083362 -0.071038 0.363063 0.251795 -0.033544 -0.064017 -0.066655 0.030556 -0.176056 -0.452434 -0.372889 -0.177089 -0.383512 -0.115646 -0.170668 0.004519 -0.111587 -0.392529 -0.442291 -0.369810 -0.263543 0.286587 0.075006 -0.252637 -0.374425 -0.170242 -0.105811 -0.251821 -0.099545 -0.000239 -0.003771 -0.201291 -0.109650 -0.231657 -0.082688 -0.096753
-0.366200 -0.141108 0.308994 0.277297 -0.069227 -0.184715 0.335335 0.320673 -0.137635 -0.331357 -0.155248 -0.047131 -0.136202 -0.031593 0.528433 0.198509 -0.152760 -0.039486 0.475122 0.468182 -0.036509 0.002685 0.249598 0.291038 0.452963 0.327801 -0.186971 -0.190920 0.275047 0.233367 0.764776 1.000000 -0.178831 0.402256 0.329988 0.087216 0.051350 -0.028061 -0.155588 -0.115496 0.075569 0.209893 -0.144005 -0.092624 -0.137791 -0.134052 -0.235362 -0.137130 -0.390556 -0.354953 -0.131084 -0.410018 -0.349385 -0.394468 -0.413197 -0.419881 -0.410249 -0.314121 -0.234923 -0.259412 -0.240978 -0.298195 0.153247 -0.063006 0.244381 -0.341691 0.071184 0.052226 -0.287922 -0.318371 0.142215 0.188316 0.300527 0.186285 0.148517 0.079638 0.226972 0.272886 -0.097943 -0.117556 -0.023091 -0.089352 0.509310 0.452195 -0.008360 -0.016654 -0.119644 0.064800 -0.033731 -0.411992 -0.407379 -0.123336 -0.249928 -0.068255 -0.045968 -0.108126 -0.260744 -0.354125 -0.546673 -0.496525 -0.280460 0.229177 -0.015532 -0.092359 -0.171152 0.005125 -0.086690 -0.065895 -0.008016 -0.117296 -0.094692 -0.388668 -0.119903 -0.132473 -0.011534 -0.010231
-0.182351 0.150840 -0.236126 -0.335913 0.000441 0.055587 -0.220184 -0.201372 -0.044761 0.006503 -0.191919 -0.206084 -0.064623 -0.051190 -0.185332 -0.003803 0.527749 0.311917 -0.136574 0.101107 0.026494 0.338228 -0.230016 -0.338546 0.080707 -0.119824 0.112645 -0.070629 0.223601 0.303506 0.024744 -0.178831 1.000000 0.431973 -0.006119 -0.080368 0.214235 0.034217 0.028642 0.286843 0.223013 0.140247 0.309479 0.165625 0.208800 0.140611 0.139605 0.077793 -0.116790 0.187655 -0.091720 0.182990 0.006293 0.315150 -0.066772 0.059571 0.475416 0.427939 -0.262264 -0.091813 -0.130740 -0.075013 0.077006 0.331763 -0.281874 -0.200433 -0.048214 -0.148226 0.479953 0.241009 -0.097002 0.202734 0.281014 -0.005970 0.183750 0.003047 -0.118564 -0.174644 0.527658 0.428445 0.412586 0.435130 -0.254726 0.021605 -0.032512 -0.154246 -0.136276 -0.216529 -0.353078 -0.295354 -0.230258 -0.317639 -0.413718 -0.434823 0.145885 0.359439 0.140767 0.270035 0.102688 0.375285 -0.353957 -0.254300 0.039835 -0.091257 0.024888 -0.030054 -0.488275 -0.158561 0.318812 -0.039228 -0.123142 0.314325 0.147750 0.311028 0.341855 0.322390
-0.347117 0.246328 -0.049156 -0.300390 -0.056836 -0.172320 0.098212 0.200704 -0.092274 -0.238654 -0.111101 -0.195953 0.060516 0.061228 0.214851 0.270599 0.269134 0.290776 0.341568 0.487556 -0.015138 0.063765 -0.342494 -0.358735 0.185076 -0.104783 -0.090191 -0.338717 0.472501 0.433121 0.301888 0.402256 0.431973 1.000000 0.210044 0.198685 0.198916 -0.007323 -0.030135 -0.107167 0.310822 0.219412 -0.046997 -0.226290 0.239885 0.097227 -0.138135 -0.231500 -0.308253 0.112314 -0.283601 0.076268 -0.160753 -0.013220 -0.292691 -0.434046 0.152479 0.132407 -0.420132 -0.136387 -0.234555 -0.126962 0.199849 0.372210 -0.237385 -0.292806 -0.097257 0.043768 0.080687 -0.002695 -0.059855 0.384546 0.467594 0.078228 0.216893 -0.081476 0.192669 0.193592 0.164585 0.174773 0.416961 0.397450 0.366909 0.506145 -0.205222 -0.257974 -0.367083 -0.094769 -0.429534 -0.526880 -0.392281 -0.284193 -0.517365 -0.405036 -0.005798 -0.045313 -0.288129 -0.134003 -0.257390 -0.125548 -0.432342 -0.051093 -0.013801 -0.113345 -0.113349 0.034665 -0.301695 -0.003094 0.052112 -0.083687 -0.134123 -0.058017 0.165511 -0.032122 0.136996 0.059608
-0.233630 -0.216019 0.101110 -0.166223 -0.054653 -0.008859 0.088569 -0.082572 -0.214393 -0.232372 -0.188249 -0.229591 -0.186041 -0.236409 0.080386 -0.197942 -0.073239 -0.121358 0.034421 0.048605 0.021502 0.048459 0.071227 -0.034922 0.475859 0.272366 0.070973 -0.076228 0.052237 -0.029537 0.404728 0.329988 -0.006119 0.210044 1.000000 0.565835 0.002355 0.083196 -0.000174 -0.029252 0.115182 0.007914 0.366217 0.286842 0.368943 0.546616 0.100734 0.103362 -0.046935 0.011318 0.181028 -0.022486 -0.401337 -0.138146 -0.248556 -0.064220 -0.198889 -0.195393 -0.285043 -0.341211 -0.404485 -0.492266 -0.036198 -0.162408 0.222410 -0.334915 0.273694 0.523732 -0.181198 -0.225401 -0.078607 -0.000230 -0.087994 -0.051840 -0.094739 -0.111312 0.152565 0.232576 -0.071972 -0.063527 -0.100240 -0.019439 0.019471 0.031557 0.102554 0.125421 -0.009618 -0.047660 -0.101406 -0.378432 -0.241359 -0.261919 -0.135792 0.046415 0.109825 0.052202 0.143000 -0.108084 -0.235101 -0.099233 -0.251555 0.056193 -0.233520 -0.056675 -0.130471 -0.040235 -0.031861 -0.039135 0.086500 0.006267 0.202771 -0.156776 -0.173119 -0.158947 -0.089584 -0.012045
-0.033677 -0.141676 0.125173 0.021237 0.045933 0.253888 0.091286 0.099093 -0.036959 0.046792 -0.007416 -0.027532 -0.033083 -0.106511 -0.096082 -0.192287 -0.262189 -0.174527 0.027381 -0.028242 0.030563 -0.024196 0.106357 -0.014894 0.293640 0.175490 0.120623 0.046095 -0.230933 -0.162479 0.063724 0.087216 -0.080368 0.198685 0.565835 1.000000 -0.364333 -0.058787 -0.046308 -0.239978 -0.246518 -0.149654 0.191831 0.164267 0.488751 0.596960 -0.107101 0.050923 0.143242 0.110849 0.129677 0.024270 -0.433585 -0.254779 -0.188865 -0.188663 -0.195639 -0.231624 -0.113018 -0.309308 -0.144994 -0.175574 -0.363369 -0.427585 0.224961 0.075466 0.096447 0.630579 -0.178615 -0.074298 0.003774 0.141969 -0.321007 -0.084899 -0.260507 -0.151772 0.102847 0.362125 -0.234835 -0.275257 -0.267227 -0.189946 -0.043252 0.014570 -0.053831 0.018008 0.063034 0.162009 0.056942 -0.117334 -0.055010 0.021752 0.026654 0.128598 -0.026704 -0.151275 0.004361 -0.132454 -0.206093 -0.221454 -0.210218 -0.173632 -0.413257 -0.262829 -0.190582 -0.106634 -0.051435 -0.111938 -0.114198 0.071339 0.285062 -0.309637 -0.168435 -0.246332 -0.199295 -0.170167
