1.000000 -0.099859 0.226789 -0.050952 0.112792 0.105005 -0.084355 -0.343491 0.052168 -0.052895 0.473863 -0.105854 0.294462 -0.339439 0.174611 -0.118758 -0.017648 -0.146892 0.132438 -0.119199 -0.113770 -0.026801 0.356601 0.087675 0.177282 -0.013617 0.038427 0.264487 -0.148318 -0.377236 0.022042 0.093872 0.250828 -0.063020 0.296563 -0.018445 -0.087702 -0.190044 0.159046 0.099881 -0.068722 -0.091737 0.001925 0.055003 -0.041904 -0.140757 0.266508 0.171384 0.262074 -0.268291 0.310122 -0.068792 -0.164313 0.041576 0.230730 0.195372 0.216383 -0.022027 0.031764 -0.198535 0.139557 -0.091383 -0.046719 -0.078195 0.179219 -0.325751 0.109440 -0.180720 0.105250 -0.006265 -0.233386 -0.302647 -0.263818 -0.254262 -0.112997 0.004286 -0.093785 -0.087132 0.018709 0.095990 -0.271902 -0.242619 -0.121152 -0.202103 0.105576 -0.086945 0.339804 0.152857 0.405353 0.279352 -0.000224 0.024789 -0.226068 0.094543 0.066103 -0.125781 0.374435 0.116037 0.199730 0.238690 0.013142 0.371440 -0.075785 0.139544 0.066336 -0.083349 0.120414 0.105653 -0.180975 0.068663 0.106727 -0.259657 -0.136767 0.094033 -0.083972 0.096347
-0.099859 1.000000 -0.272306 -0.100546 -0.017955 -0.199582 -0.024859 0.392571 0.202624 0.260786 0.355091 0.589516 0.235864 0.541283 0.234391 0.230861 0.152135 0.354803 -0.522826 -0.253269 -0.225356 -0.356032 -0.492706 -0.380148 -0.158138 -0.253306 -0.224549 -0.510517 0.320869 0.130396 -0.493663 -0.385471 -0.449226 0.080760 -0.322515 -0.160293 0.094720 0.173277 -0.079368 -0.070324 0.030570 0.224497 -0.295023 0.001395 0.186177 0.238162 -0.424424 -0.329915 -0.171785 0.299491 -0.278669 0.214356 -0.158807 -0.237300 -0.336274 -0.166893 -0.065646 0.102057 -0.111626 0.239563 0.223470 0.463948 0.392375 0.372571 -0.000709 0.576538 -0.507980 -0.126501 -0.218008 -0.387546 -0.288797 -0.164789 -0.007078 -0.044980 0.191591 -0.063262 -0.223008 -0.283805 0.151051 -0.049903 0.262888 0.223912 0.134561 0.160047 0.226510 0.298657 -0.284831 0.081057 -0.271507 0.027555 0.065916 0.078514 0.071751 -0.318748 -0.039322 0.236958 -0.276179 -0.187055 0.117506 0.054851 0.245690 -0.209712 0.385642 -0.158748 0.274947 -0.323505 -0.034674 -0.133476 0.088288 -0.189310 -0.477644 0.030150 -0.034746 0.097712 0.243348 0.177850
0.226789 -0.272306 1.000000 0.220435 0.587101 0.312671 0.517389 0.122638 0.481196 0.079787 0.124163 -0.040088 0.193016 -0.153862 0.247604 0.005936 -0.348933 -0.306629 0.420270 0.031252 0.101050 0.134008 0.447312 0.484236 0.479419 0.493335 0.079003 0.128513 -0.172083 -0.407245 0.374483 0.385178 0.058345 -0.237549 0.324427 0.387457 -0.335269 -0.393677 -0.005044 -0.263355 -0.042705 -0.246228 -0.150825 0.125689 0.057364 -0.120602 -0.002511 0.147802 0.284641 -0.334327 0.413670 -0.076445 -0.189305 -0.173023 -0.028484 -0.202523 -0.359260 -0.255971 -0.210283 -0.455316 0.195960 -0.228033 -0.094988 -0.389085 0.520792 -0.244352 0.026608 -0.043971 -0.072826 0.201204 -0.177050 0.024839 -0.326534 -0.294992 -0.200741 -0.146609 -0.227819 -0.026146 -0.389794 -0.310318 -0.518758 -0.479239 0.053196 -0.243850 -0.077136 -0.078140 0.281915 -0.123143 0.271507 0.050154 -0.104303 -0.133007 -0.153329 0.287819 0.074584 -0.224122 0.183285 0.036983 -0.030854 -0.095642 -0.248722 0.369538 -0.386247 -0.140378 -0.086128 0.070448 -0.092889 0.143139 -0.041400 -0.065896 0.198573 -0.319545 -0.265136 0.040846 0.081190 0.234727
-0.050952 -0.100546 0.220435 1.000000 0.058467 0.249276 0.333754 0.493108 -0.018579 0.181023 -0.159932 -0.011557 0.135730 0.057399 0.256583 0.172548 -0.326122 -0.149405 0.445177 0.404604 0.138610 0.014688 0.425738 0.547991 -0.002172 0.111191 0.214421 0.140418 -0.089885 -0.027411 0.447218 0.389096 0.000534 -0.042256 -0.171062 0.037347 -0.297420 -0.290991 -0.225776 -0.285931 -0.177387 -0.145754 -0.198526 -0.258949 -0.374387 -0.165724 -0.163789 -0.207565 -0.179808 -0.066204 -0.091520 -0.216867 -0.060126 0.022830 -0.143667 -0.239691 -0.182683 -0.195293 -0.060700 -0.148530 -0.045760 -0.190165 -0.172701 -0.292338 0.203103 0.045146 -0.014997 -0.040954 0.020628 0.285610 0.102304 -0.004955 -0.159814 -0.042818 -0.186347 -0.018108 0.122533 0.227081 -0.172237 -0.267177 -0.217878 -0.298402 0.300660 0.191811 0.027594 -0.095754 0.165240 0.225077 0.269442 0.006135 -0.083717 -0.103378 0.162876 0.191146 -0.089344 -0.129078 -0.182430 -0.214920 -0.308183 -0.238188 0.180697 0.045064 -0.161216 -0.218629 -0.235539 -0.062838 -0.397746 -0.288469 0.013623 -0.063060 -0.012558 -0.170187 -0.063157 -0.149533 -0.038231 -0.058819
0.112792 -0.017955 0.587101 0.058467 1.000000 0.191358 0.417524 0.214707 0.735346 0.222944 0.290113 0.074649 0.375323 0.055345 0.490514 0.223044 -0.279373 -0.131044 0.061114 0.088362 0.135682 0.103106 0.214235 0.292917 0.402205 0.212701 0.482529 0.029029 0.160920 -0.283623 0.081784 0.009028 -0.195223 -0.281883 0.131237 0.288555 -0.197438 -0.361197 -0.196219 -0.363578 -0.026572 -0.303560 -0.249759 0.113860 0.308138 0.015418 -0.324070 -0.240809 0.285355 -0.081662 0.325697 0.009674 -0.095207 -0.191946 -0.208929 -0.470380 -0.391093 -0.086480 -0.138529 -0.199075 0.308326 -0.125263 0.053048 -0.278495 0.493887 0.098518 -0.035132 -0.066265 -0.136208 0.226231 -0.113290 -0.153192 -0.201671 -0.321866 -0.261543 -0.353355 -0.266005 -0.222990 -0.351268 -0.433922 -0.242783 -0.227514 0.127329 0.089230 0.059377 0.156402 -0.131380 -0.175335 0.042068 0.012253 -0.092948 -0.297659 -0.104457 0.134547 0.149250 0.038878 -0.117635 -0.269333 -0.254121 -0.366603 -0.251468 0.142757 -0.287963 -0.238323 -0.168147 -0.020753 -0.251016 0.035968 0.191680 -0.105924 -0.147375 -0.419185 -0.526027 -0.065309 0.066241 0.165757
0.105005 -0.199582 0.312671 0.249276 0.191358 1.000000 -0.051192 0.216177 -0.004784 0.316520 -0.241368 0.060881 -0.100872 -0.261654 -0.022045 0.139432 -0.469956 -0.487999 0.176048 -0.100399 0.087601 0.442239 0.217325 0.437210 0.571543 0.749320 0.195362 0.432155 -0.584160 -0.480949 0.213592 0.452988 -0.010592 -0.528312 0.335643 0.516386 -0.460047 -0.384808 -0.079509 -0.139342 -0.138218 -0.224765 -0.005178 0.425394 0.128468 0.236501 0.210394 0.422295 0.105727 0.040046 0.327893 0.243606 -0.105207 0.050204 -0.125465 0.036732 -0.191870 -0.356843 0.026834 -0.153084 -0.103390 -0.132830 -0.383188 -0.604466 0.047566 -0.057806 0.298917 0.182133 -0.154134 0.245173 0.166896 -0.128008 -0.559896 -0.247835 -0.511764 -0.155508 -0.128739 0.055855 -0.208544 -0.156539 -0.585633 -0.663647 -0.142803 -0.292085 -0.268360 -0.104502 0.168663 0.173546 0.233545 0.124392 -0.435970 -0.232022 -0.165875 0.091355 0.182428 -0.096849 0.242054 0.222846 -0.317952 -0.150252 -0.103581 0.024746 -0.335295 -0.020328 -0.041553 0.170290 -0.021331 0.190369 0.156226 -0.071014 0.378037 -0.257707 -0.237669 0.017098 0.104150 0.154950
-0.084355 -0.024859 0.517389 0.333754 0.417524 -0.051192 1.000000 0.360249 0.359617 0.056638 0.142284 0.217965 0.415387 0.481578 0.280917 0.248713 -0.175975 0.156513 0.318319 0.340928 0.179827 0.026407 0.156795 0.371537 -0.070307 0.197805 0.205138 -0.185066 0.308345 0.061280 0.109857 0.166182 -0.212998 0.137275 -0.137423 0.171281 -0.100057 -0.286644 -0.198037 -0.345585 0.019744 0.031474 -0.200008 -0.315006 -0.201141 -0.451826 -0.262720 -0.349467 -0.140846 -0.339734 -0.272683 -0.414808 0.102330 -0.082137 -0.212218 -0.255453 -0.262125 0.041785 -0.172241 -0.309326 0.468476 0.184859 0.381395 0.060632 0.431988 0.233408 -0.320680 -0.313911 0.112578 0.269924 -0.169018 0.202919 -0.034159 0.040782 0.029532 -0.050164 -0.143986 0.101548 -0.275257 -0.339360 -0.015137 -0.039202 0.230147 0.281813 0.116836 0.023777 -0.241847 -0.200585 -0.130286 -0.122327 0.200220 0.026422 0.111072 0.185407 -0.081133 -0.070672 -0.197366 -0.282155 -0.164923 -0.124615 -0.147498 0.077748 -0.283957 -0.445203 -0.398217 -0.169508 -0.459909 -0.275527 -0.050397 -0.119266 -0.242812 -0.221342 -0.208743 -0.234723 -0.126245 -0.037169
-0.343491 0.392571 0.122638 0.493108 0.214707 0.216177 0.360249 1.000000 0.187193 0.581352 -0.058024 0.570388 0.056798 0.497736 0.173267 0.261086 -0.137240 0.081664 -0.210952 0.080963 -0.061535 -0.113297 -0.200188 0.066792 -0.016035 0.097686 0.033466 -0.280820 -0.028293 0.139139 -0.090233 -0.095205 -0.438460 -0.204836 -0.242977 0.197241 -0.291378 -0.116420 -0.385115 -0.306536 -0.145111 0.004600 -0.427497 -0.053796 0.103956 0.358138 -0.305405 -0.315764 -0.245630 0.370409 -0.234729 0.214493 -0.196270 -0.148767 -0.383198 -0.307922 -0.316931 -0.207145 -0.233232 -0.032930 0.134895 0.123137 0.044520 -0.112459 0.196054 0.695656 -0.280666 0.129177 -0.291402 0.052861 -0.017331 -0.082644 -0.165664 -0.015957 -0.108755 -0.132921 -0.037808 0.088257 -0.165157 -0.307979 0.022610 -0.059446 0.174598 0.016759 0.077884 0.112380 -0.167388 -0.154961 -0.095955 -0.178803 -0.185009 -0.131840 0.139152 -0.010806 -0.206209 0.075940 -0.337789 -0.258016 -0.263755 -0.266086 0.285243 -0.208831 0.047513 -0.325551 -0.148478 -0.009423 -0.285477 -0.131226 0.007913 -0.158951 -0.249763 -0.165684 -0.229433 -0.152539 0.047583 0.035914
0.052168 0.202624 0.481196 -0.018579 0.735346 -0.004784 0.359617 0.187193 1.000000 0.309474 0.479422 0.311194 0.594292 0.258654 0.560389 0.451889 -0.112692 0.117745 -0.045424 -0.212553 -0.001456 -0.059755 0.086904 0.121885 0.403818 0.079577 0.121330 -0.201261 0.267548 -0.324331 -0.094889 -0.122661 -0.240843 -0.315930 -0.009663 0.214814 -0.205313 -0.193812 -0.038348 -0.254598 -0.162343 -0.273030 -0.181894 0.091471 0.193851 -0.038511 -0.255605 -0.203074 0.214777 -0.101325 0.265689 0.142661 -0.151912 -0.114365 -0.133400 -0.301124 -0.270456 0.001542 -0.288736 -0.211189 0.410925 0.130001 0.241852 -0.074688 0.571967 0.224822 -0.442496 -0.417556 -0.386116 -0.127386 -0.118825 -0.288213 -0.086340 -0.324088 -0.058829 -0.210658 -0.312013 -0.297849 -0.245545 -0.356757 -0.234050 -0.167247 -0.033597 -0.060307 -0.106706 0.032359 -0.057451 -0.161082 -0.035155 0.054050 0.169011 0.051903 0.085671 0.075147 0.178249 0.092958 0.019860 -0.220171 -0.052034 -0.134309 -0.049503 0.208061 -0.016093 -0.216943 0.028228 -0.178975 -0.100684 0.079360 0.119453 -0.030197 -0.224106 -0.238702 -0.239839 0.160714 0.220597 0.263263
-0.052895 0.260786 0.079787 0.181023 0.222944 0.316520 0.056638 0.581352 0.309474 1.000000 -0.080634 0.461409 0.072269 0.238773 0.028459 0.422581 0.015083 -0.037292 -0.257688 -0.181923 -0.056201 0.011302 -0.248067 -0.129736 0.237291 0.104249 0.025393 -0.217510 -0.216775 0.072648 -0.300338 -0.301653 -0.198249 -0.397911 -0.287555 0.034050 -0.349677 -0.060723 -0.181304 -0.169356 -0.277916 -0.133394 -0.300095 0.035955 0.179691 0.403480 -0.070627 -0.169982 0.151237 0.419796 0.106086 0.423543 -0.023723 0.034911 -0.112595 -0.218303 -0.086092 -0.169162 0.023050 0.115821 0.128671 0.151796 -0.040703 -0.183438 -0.006181 0.471455 -0.131374 0.064414 -0.286588 0.072937 0.124513 -0.308183 -0.080726 0.009020 -0.064518 -0.122302 -0.013792 -0.050326 -0.059984 -0.172347 -0.144658 -0.169794 -0.151444 -0.245678 -0.195563 -0.103441 0.111805 -0.206715 -0.143327 -0.104101 0.005085 0.130696 0.241521 0.195467 -0.116151 0.008131 -0.131698 -0.133897 -0.250010 -0.217107 0.245807 0.032369 0.069636 -0.115558 -0.095386 0.086671 0.074909 0.057206 -0.124452 0.050218 -0.188025 -0.329637 -0.203736 -0.092505 0.074073 0.082852
0.473863 0.355091 0.124163 -0.159932 0.290113 -0.241368 0.142284 -0.058024 0.479422 -0.080634 1.000000 0.349351 0.685910 0.209317 0.564870 0.182189 0.002667 0.293718 -0.235377 -0.186822 -0.057309 -0.182403 0.031648 0.015335 0.037744 -0.182664 -0.096290 -0.205266 0.463675 -0.286163 -0.117275 -0.027630 -0.191035 0.081127 0.219677 0.122063 0.081044 -0.170709 0.175076 -0.149405 -0.030517 0.027444 -0.089532 0.044678 0.178495 -0.133136 -0.246686 -0.202849 0.047022 -0.215071 0.096892 -0.056393 -0.311441 -0.242850 -0.125164 -0.151521 -0.139449 0.049763 -0.479218 -0.327260 0.281331 0.069854 0.335189 0.117742 0.522363 0.160613 -0.479849 -0.399440 -0.264695 -0.324720 -0.364078 -0.113161 -0.066335 -0.395096 -0.059229 0.008661 -0.363190 -0.202763 -0.032017 -0.056432 0.027927 0.047997 0.093328 0.102795 0.267835 0.235148 -0.064681 0.154670 0.188328 0.240888 0.150509 -0.006874 -0.113741 -0.210137 0.072789 0.060248 0.021795 -0.243548 0.275469 0.163533 0.031521 0.068534 0.031348 -0.109845 0.062132 -0.271545 -0.193262 -0.101871 0.005307 -0.241213 -0.265145 -0.007947 -0.034400 0.240317 0.230406 0.235557
-0.105854 0.589516 -0.040088 -0.011557 0.074649 0.060881 0.217965 0.570388 0.311194 0.461409 0.349351 1.000000 0.387666 0.591628 0.136276 0.498893 0.033024 0.436009 -0.521115 -0.205907 -0.061207 -0.171571 -0.295970 -0.141095 -0.038320 -0.083342 -0.255108 -0.387816 0.091805 0.053392 -0.397943 -0.275050 -0.518688 -0.173517 -0.111015 0.178936 -0.052174 0.130083 -0.087326 -0.145772 -0.089460 0.140115 -0.334175 0.098282 0.201254 0.247290 -0.177276 -0.172014 -0.077513 0.192746 -0.128963 0.277221 -0.126898 -0.208912 -0.226516 -0.184155 -0.115584 -0.077506 -0.319953 -0.188363 0.243890 0.287309 0.246659 0.095779 0.190969 0.719846 -0.432907 -0.090587 -0.321583 -0.231447 -0.075259 -0.187295 -0.136745 0.036131 0.065431 0.075135 -0.073389 0.007562 -0.097361 -0.069242 0.001188 0.000713 -0.093072 -0.014973 0.094011 0.261170 -0.170146 -0.061628 -0.073877 0.109893 0.040580 0.025192 0.037114 -0.153461 -0.125923 0.113958 -0.187586 -0.169682 -0.062772 -0.093282 0.217517 -0.141610 0.010371 -0.282366 -0.131504 -0.208870 -0.249166 -0.139740 -0.080339 -0.161054 -0.259717 -0.105974 -0.164809 -0.122703 -0.002225 0.039488
0.294462 0.235864 0.193016 0.135730 0.375323 -0.100872 0.415387 0.056798 0.594292 0.072269 0.685910 0.387666 1.000000 0.428580 0.648010 0.567046 -0.169747 0.223265 0.079279 0.024071 0.095897 -0.019384 0.261376 0.263399 0.083149 -0.064450 0.080151 -0.101350 0.394854 -0.227606 -0.055857 -0.019545 -0.211435 -0.094234 -0.059673 0.120643 -0.050613 -0.161496 0.059246 -0.302250 -0.097170 0.025329 -0.172072 -0.128591 -0.060325 -0.319454 -0.280752 -0.270299 0.080578 -0.183686 0.010582 -0.141056 -0.092503 -0.038764 -0.147926 -0.234493 -0.153797 0.064222 -0.220131 -0.218271 0.461271 0.215977 0.262733 -0.015072 0.478103 0.230403 -0.465126 -0.509171 -0.081158 0.003641 -0.103052 -0.184148 -0.205610 -0.075901 0.073021 0.039645 -0.140043 -0.083237 -0.241391 -0.202543 -0.178901 -0.204751 0.100135 0.190469 0.071876 -0.036331 -0.034875 0.161264 0.175963 0.184646 0.349269 0.085890 0.086052 0.009289 -0.011425 -0.138047 -0.117561 -0.393948 -0.014560 -0.024696 0.037891 0.239141 -0.133930 -0.218060 -0.105962 -0.298109 -0.367340 -0.163670 -0.056196 -0.262694 -0.324996 -0.251039 -0.149322 0.011086 0.082018 0.085262
-0.339439 0.541283 -0.153862 0.057399 0.055345 -0.261654 0.481578 0.497736 0.258654 0.238773 0.209317 0.591628 0.428580 1.000000 0.175045 0.535558 0.131666 0.540425 -0.222901 0.132498 0.040702 -0.160161 -0.272850 -0.055826 -0.297113 -0.142132 -0.045992 -0.476592 0.500507 0.306740 -0.349542 -0.294529 -0.453705 0.136646 -0.494851 -0.037839 0.100260 0.077673 -0.219058 -0.251282 0.075488 0.262927 -0.238819 -0.305740 -0.030450 -0.118928 -0.437038 -0.512022 -0.265148 0.178160 -0.558049 -0.115134 0.044417 -0.050802 -0.417539 -0.223213 -0.132193 0.172348 -0.142996 0.052459 0.450785 0.573952 0.584994 0.350328 0.111161 0.753503 -0.606623 -0.306424 -0.084754 -0.043593 -0.122242 0.095173 -0.007607 0.214305 0.266681 0.024289 -0.083275 0.016631 -0.157547 -0.299160 0.360686 0.206729 0.160776 0.315080 0.208298 0.056316 -0.367401 -0.131514 -0.358762 -0.291478 0.301345 0.210787 0.294202 -0.064030 -0.242236 0.059522 -0.465438 -0.397455 -0.126556 -0.072196 0.221291 -0.132265 0.140617 -0.274271 -0.171154 -0.316411 -0.377074 -0.380253 -0.029274 -0.270596 -0.498140 0.037162 0.013783 -0.113619 0.005772 -0.084436
0.174611 0.234391 0.247604 0.256583 0.490514 -0.022045 0.280917 0.173267 0.560389 0.028459 0.564870 0.136276 0.648010 0.175045 1.000000 0.338595 -0.315020 -0.055924 0.032886 -0.008357 -0.044686 -0.023864 0.260682 0.263677 0.049866 0.018274 0.242255 -0.022965 0.418806 -0.302294 0.126341 0.124290 -0.258520 -0.142065 0.016447 0.104979 -0.027202 -0.267054 0.019825 -0.247957 0.078985 -0.078889 -0.264566 -0.194977 -0.031767 -0.166319 -0.456133 -0.398374 0.073963 0.001564 0.097671 -0.026133 -0.246491 -0.184676 -0.286339 -0.343815 -0.301995 0.016785 -0.211569 -0.024036 0.369249 0.105265 0.092462 -0.102574 0.643432 0.145791 -0.374858 -0.343039 -0.269182 -0.018357 -0.169199 -0.221317 -0.210634 -0.284612 -0.078191 -0.174848 -0.294589 -0.303201 -0.114509 -0.209186 -0.132628 -0.137612 0.477829 0.319912 0.216721 0.171789 -0.012099 0.258488 0.215262 0.182957 0.077049 -0.160302 -0.108883 -0.247663 0.078999 0.021130 -0.129670 -0.485873 0.043573 -0.004544 -0.159768 -0.037918 -0.145418 -0.274385 0.038574 -0.164689 -0.314276 -0.157634 0.176833 -0.298043 -0.366921 -0.155402 -0.278384 0.179962 0.321632 0.251157
-0.118758 0.230861 0.005936 0.172548 0.223044 0.139432 0.248713 0.261086 0.451889 0.422581 0.182189 0.498893 0.567046 0.535558 0.338595 1.000000 -0.097896 0.271384 -0.036796 -0.059103 0.072868 0.010834 0.066793 0.191268 0.070705 0.063691 0.090225 -0.172501 0.170131 -0.023545 -0.288541 -0.115971 -0.234864 -0.228011 -0.349139 0.058582 -0.011396 -0.046853 -0.017701 -0.220007 0.057717 0.042721 -0.155145 -0.220696 -0.188754 -0.170343 -0.256590 -0.306543 0.071056 0.120970 -0.077019 0.040486 0.065621 0.030744 -0.268863 -0.166283 -0.145139 0.006185 0.041625 0.006896 0.357804 0.360781 0.258857 0.018363 0.192989 0.464047 -0.411786 -0.397973 -0.210854 0.068725 0.090066 -0.231791 -0.140993 0.060744 0.027635 -0.013611 -0.073503 -0.105395 -0.163509 -0.295361 -0.071920 -0.175319 -0.014488 0.204612 -0.122298 -0.012517 -0.102151 0.169778 -0.080861 -0.039289 0.278710 0.132386 0.195090 0.015680 -0.018597 -0.075719 -0.196185 -0.405339 -0.218267 -0.123671 0.084819 0.080579 -0.144114 -0.179426 -0.167248 -0.188779 -0.239479 -0.164672 0.037412 -0.287525 -0.364085 -0.189823 -0.153264 -0.039439 0.054193 -0.003385
-0.017648 0.152135 -0.348933 -0.326122 -0.279373 -0.469956 -0.175975 -0.137240 -0.112692 0.015083 0.002667 0.033024 -0.169747 0.131666 -0.315020 -0.097896 1.000000 0.503714 -0.194073 -0.053787 -0.035693 -0.233316 -0.364786 -0.585555 -0.320742 -0.518290 -0.115818 -0.231476 0.315656 0.528368 -0.298945 -0.489015 0.030803 0.300590 -0.273944 -0.449181 0.293739 0.404112 0.058178 0.320294 0.202000 0.135133 -0.010463 -0.234008 -0.094333 -0.004741 0.099934 -0.118104 -0.052062 0.039202 -0.192358 0.007460 0.206968 0.148231 0.278477 0.160564 0.643423 0.529021 0.078433 0.121436 -0.064425 0.132606 0.383993 0.537270 -0.265730 0.021895 -0.135487 -0.083834 0.196585 -0.124191 0.023254 -0.065752 0.602756 0.317435 0.466233 0.156488 0.338836 0.133391 0.444296 0.200274 0.575493 0.554903 -0.101350 -0.041855 0.014718 -0.011486 0.005675 -0.264141 -0.358476 -0.213987 0.095969 0.184208 0.124479 -0.094867 -0.217808 0.074606 -0.156135 -0.040876 0.055636 0.012719 0.174000 -0.087386 0.256700 -0.028735 -0.105995 -0.166164 0.181663 0.142012 -0.225451 0.214395 -0.157755 0.150704 0.155445 -0.058478 -0.245418 -0.249329
-0.146892 0.354803 -0.306629 -0.149405 -0.131044 -0.487999 0.156513 0.081664 0.117745 -0.037292 0.293718 0.436009 0.223265 0.540425 -0.055924 0.271384 0.503714 1.000000 -0.239818 -0.027845 -0.081247 -0.388440 -0.307804 -0.262730 -0.451304 -0.475252 -0.246575 -0.506044 0.513495 0.411247 -0.383448 -0.393693 -0.289374 0.206684 -0.387809 -0.236164 0.311028 0.266803 0.108094 0.144681 0.146336 0.224529 -0.038614 -0.218700 -0.083478 -0.124334 -0.118333 -0.286588 -0.094235 0.035804 -0.330806 -0.022746 0.190340 0.108002 0.049116 0.141797 0.207748 0.162124 -0.069152 -0.096573 0.144575 0.147002 0.470569 0.404877 -0.052529 0.347633 -0.484272 -0.332902 -0.081212 -0.310586 -0.022714 -0.028341 0.478593 0.227017 0.358465 0.178342 0.086700 0.077161 0.043849 0.047020 0.400094 0.377063 -0.048770 0.198562 0.048136 0.131364 -0.317133 -0.126258 -0.315661 -0.123656 0.249081 0.202730 0.143764 -0.115057 -0.104770 0.214687 -0.236864 -0.158423 0.072674 0.092260 0.114730 -0.103983 0.160250 -0.172378 -0.096947 -0.333948 -0.070682 -0.103287 -0.018148 -0.032837 -0.366656 0.267610 0.124781 0.001757 -0.086337 -0.161397
0.132438 -0.522826 0.420270 0.445177 0.061114 0.176048 0.318319 -0.210952 -0.045424 -0.257688 -0.235377 -0.521115 0.079279 -0.222901 0.032886 -0.036796 -0.194073 -0.239818 1.000000 0.483571 0.246709 0.240272 0.600756 0.532812 0.042130 0.285751 0.223236 0.337141 0.006011 -0.126336 0.528576 0.504022 0.386530 0.167463 -0.010386 0.023477 -0.136934 -0.248503 0.039762 -0.047142 0.115385 -0.027643 0.162593 -0.203170 -0.434976 -0.502973 0.144530 0.095136 -0.004825 -0.468722 -0.047854 -0.499877 0.112439 0.247833 0.106981 0.078610 -0.007222 0.039607 0.190183 -0.203609 0.002882 -0.177291 -0.102221 -0.194016 0.113839 -0.505336 0.127873 -0.249934 0.444290 0.394554 0.060593 0.179810 -0.035798 0.032731 0.045899 0.095020 0.179856 0.241866 -0.175881 -0.218444 -0.238264 -0.345918 0.236674 0.036896 -0.123845 -0.415642 0.289511 0.172182 0.207463 -0.184403 0.102164 0.073158 -0.023812 0.254303 0.047710 -0.341910 0.146724 0.026619 -0.142710 0.037821 -0.256421 0.254452 -0.331943 -0.111265 -0.222679 -0.009658 -0.110198 0.016088 -0.068975 0.054278 0.233586 -0.111564 0.127264 -0.054896 -0.122319 -0.016377
-0.119199 -0.253269 0.031252 0.404604 0.088362 -0.100399 0.340928 0.080963 -0.212553 -0.181923 -0.186822 -0.205907 0.024071 0.132498 -0.008357 -0.059103 -0.053787 -0.027845 0.483571 1.000000 0.273407 0.112268 0.255247 0.303596 -0.233818 -0.119262 0.401288 0.134900 0.235593 0.221682 0.344111 0.135337 0.040042 0.408319 -0.181907 -0.085908 -0.009689 -0.259885 -0.376144 -0.320099 0.172091 -0.030453 -0.064333 -0.322135 -0.121572 -0.241055 -0.172548 -0.363088 -0.270505 -0.223583 -0.405286 -0.573500 0.238770 0.103323 -0.175483 -0.349270 0.021733 0.298422 -0.072298 -0.170998 -0.084212 -0.131361 -0.034475 -0.035485 0.014919 -0.004121 0.167314 0.150048 0.623314 0.673002 0.052826 0.256346 -0.009876 0.153757 -0.039938 -0.108462 0.367868 0.501006 -0.162209 -0.137146 0.124840 0.091924 0.487101 0.356020 0.217614 -0.065601 -0.076387 -0.021852 0.021626 -0.221798 -0.065087 -0.251360 0.160747 0.209116 -0.208512 -0.276154 -0.522679 -0.410283 -0.463053 -0.410404 -0.057744 -0.097541 -0.308114 -0.199529 -0.509216 0.111193 -0.443475 -0.325039 0.008429 -0.153037 -0.139622 -0.110033 -0.048236 -0.320056 -0.288055 -0.090098
-0.113770 -0.225356 0.101050 0.138610 0.135682 0.087601 0.179827 -0.061535 -0.001456 -0.056201 -0.057309 -0.061207 0.095897 0.040702 -0.044686 0.072868 -0.035693 -0.081247 0.246709 0.273407 1.000000 0.653458 0.110012 0.248709 0.011281 0.189613 0.437334 0.280430 0.179166 0.197428 0.267169 0.299048 0.109435 0.259794 0.001069 0.057413 0.144154 0.143622 0.126927 -0.045822 0.164799 0.278456 -0.039471 -0.047458 -0.115430 -0.325692 -0.108262 -0.076222 -0.072101 -0.275837 -0.083913 -0.303004 0.063219 -0.056495 -0.141963 -0.205089 0.065602 0.172710 -0.063057 -0.148549 -0.060738 -0.050777 0.041069 -0.095624 -0.018160 -0.117422 0.010168 -0.125534 0.167764 0.286581 0.200383 0.378098 0.058506 0.249782 0.064348 0.403847 0.093868 0.204585 -0.051726 -0.217443 -0.049631 -0.105899 0.096953 0.137114 0.011000 -0.006679 0.035180 0.089519 0.072274 -0.036560 0.030348 -0.095342 -0.088783 0.031221 -0.089012 -0.025241 -0.164915 -0.107768 -0.253144 -0.249084 -0.176305 0.025717 -0.250052 -0.209220 -0.294640 -0.138684 -0.231694 -0.121403 -0.032638 0.063686 0.031357 -0.229496 -0.076682 -0.178540 -0.090457 -0.132152
-0.026801 -0.356032 0.134008 0.014688 0.103106 0.442239 0.026407 -0.113297 -0.059755 0.011302 -0.182403 -0.171571 -0.019384 -0.160161 -0.023864 0.010834 -0.233316 -0.388440 0.240272 0.112268 0.653458 1.000000 0.091199 0.215127 0.288703 0.547872 0.465396 0.593913 -0.093866 -0.130395 0.277035 0.421530 0.153936 -0.012603 0.152488 0.260773 -0.054353 -0.025541 0.112313 0.019326 0.106464 0.147423 -0.039850 0.130008 0.008994 -0.157035 0.077795 0.137613 0.025321 -0.165768 0.055141 -0.115655 -0.033877 -0.063936 -0.035967 -0.049737 0.014622 0.073722 0.060854 0.033498 0.026009 0.012354 -0.112120 -0.246343 -0.006606 -0.175623 0.185591 0.028400 0.102589 0.344810 0.081535 0.305779 -0.243061 0.018338 -0.143589 0.291570 0.010933 0.117998 -0.021467 -0.146747 -0.239225 -0.300917 -0.037393 0.011101 -0.152473 -0.132030 0.034192 0.051895 0.068679 0.086239 -0.125208 -0.137587 -0.205686 -0.042331 -0.027838 -0.187167 0.085425 0.034073 -0.260331 -0.158271 -0.279155 0.000473 -0.323611 -0.105922 -0.144636 0.148096 0.019016 0.138559 -0.086744 -0.000446 0.206953 -0.368365 -0.181893 -0.164584 -0.065822 -0.082475
0.356601 -0.492706 0.447312 0.425738 0.214235 0.217325 0.156795 -0.200188 0.086904 -0.248067 0.031648 -0.295970 0.261376 -0.272850 0.260682 0.066793 -0.364786 -0.307804 0.600756 0.255247 0.110012 0.091199 1.000000 0.754407 0.206234 0.156824 0.138145 0.491599 -0.181209 -0.321022 0.564512 0.469725 0.361569 -0.060672 0.174853 0.085230 -0.048088 -0.246792 0.004893 -0.194761 0.073491 -0.162964 0.111266 -0.119399 -0.340673 -0.440801 0.061218 0.139253 0.132034 -0.350636 0.280689 -0.282474 -0.037660 0.049053 0.081869 -0.110138 -0.177099 -0.144869 0.046606 -0.279476 -0.009969 -0.288229 -0.279753 -0.320834 0.273183 -0.428542 0.288427 -0.111496 0.175033 0.275312 -0.045997 -0.144403 -0.302080 -0.080901 -0.067260 0.051696 0.059826 0.072334 -0.273708 -0.173709 -0.333893 -0.408190 0.063576 0.001918 0.150346 -0.145280 0.416743 0.208437 0.691206 0.106646 0.147916 0.032674 -0.135432 0.184181 -0.030174 -0.336280 0.183672 -0.090834 0.021755 0.086653 -0.188282 0.308247 -0.470667 -0.055092 -0.158669 -0.084974 -0.280600 -0.130982 -0.115045 -0.053442 0.311641 -0.096101 0.009609 -0.006572 -0.005225 -0.072145
0.087675 -0.380148 0.484236 0.547991 0.292917 0.437210 0.371537 0.066792 0.121885 -0.129736 0.015335 -0.141095 0.263399 -0.055826 0.263677 0.191268 -0.585555 -0.262730 0.532812 0.303596 0.248709 0.215127 0.754407 1.000000 0.256780 0.498726 0.184806 0.314089 -0.141176 -0.366526 0.577892 0.730756 0.036816 -0.120799 0.160968 0.395058 -0.228600 -0.464720 -0.158325 -0.418394 -0.042003 -0.162764 0.143939 0.031514 -0.151935 -0.366599 -0.090158 0.059915 0.021858 -0.298643 0.155986 -0.250827 -0.063326 0.006540 -0.259153 -0.246467 -0.364063 -0.298692 -0.121651 -0.411640 0.060453 -0.258359 -0.166428 -0.451089 0.343231 -0.195290 0.109539 -0.154005 -0.023765 0.255059 -0.011123 0.119533 -0.392266 -0.214754 -0.329196 -0.003367 -0.262755 0.046549 -0.418840 -0.392744 -0.440760 -0.526613 0.121837 0.139798 0.089355 -0.055980 0.133561 0.282540 0.486318 0.025278 0.003222 -0.026569 -0.077998 0.175044 0.187679 -0.127755 0.066211 -0.069507 -0.131781 -0.051633 -0.247035 0.123528 -0.446927 -0.197437 -0.196310 -0.157847 -0.483428 -0.318592 0.178756 -0.159462 0.266781 0.024398 -0.020902 0.014734 0.154692 0.035350
0.177282 -0.158138 0.479419 -0.002172 0.402205 0.571543 -0.070307 -0.016035 0.403818 0.237291 0.037744 -0.038320 0.083149 -0.297113 0.049866 0.070705 -0.320742 -0.451304 0.042130 -0.233818 0.011281 0.288703 0.206234 0.256780 1.000000 0.489143 0.137363 0.397212 -0.440971 -0.551955 0.197668 0.212364 0.041406 -0.458301 0.454499 0.507986 -0.528911 -0.351899 -0.138888 -0.241509 -0.334633 -0.465864 0.047853 0.577547 0.415302 0.255631 0.199962 0.449306 0.186241 -0.096879 0.554543 0.216978 -0.234771 -0.179566 0.031699 -0.128607 -0.279165 -0.301199 -0.231692 -0.255522 -0.114156 -0.206023 -0.266106 -0.480773 0.180878 -0.171387 0.273307 0.197371 -0.241623 0.036157 0.008098 -0.205247 -0.404681 -0.459782 -0.428154 -0.239520 -0.246795 -0.063415 -0.236961 -0.128550 -0.576163 -0.514066 -0.327529 -0.413445 -0.307018 -0.124065 0.168132 -0.047898 0.239612 0.292028 -0.307192 -0.183043 -0.059298 0.230173 0.172796 -0.154867 0.285248 0.208265 -0.162130 -0.212480 -0.104140 0.247751 -0.212572 0.094256 0.140233 0.260242 0.122848 0.381033 0.023722 -0.010355 0.385836 -0.292412 -0.190211 0.087279 0.115921 0.256931
-0.013617 -0.253306 0.493335 0.111191 0.212701 0.749320 0.197805 0.097686 0.079577 0.104249 -0.182664 -0.083342 -0.064450 -0.142132 0.018274 0.063691 -0.518290 -0.475252 0.285751 -0.119262 0.189613 0.547872 0.156824 0.498726 0.489143 1.000000 0.116406 0.303569 -0.362165 -0.514215 0.268378 0.659338 -0.026033 -0.296574 0.327070 0.630470 -0.385965 -0.434505 -0.026491 -0.245026 -0.077474 -0.105796 0.066722 0.338792 0.105003 -0.023293 0.100284 0.295379 0.038894 -0.199231 0.190336 0.062924 -0.181172 -0.041422 -0.236406 0.002651 -0.248629 -0.251547 -0.020553 -0.214186 0.137349 0.060751 -0.115049 -0.469925 0.180676 -0.092792 0.082881 -0.017574 -0.151333 0.195868 -0.028511 0.268248 -0.558447 -0.297982 -0.421883 -0.073730 -0.391050 -0.083626 -0.287154 -0.333217 -0.551889 -0.629306 -0.072152 -0.179382 -0.236024 -0.121338 0.046487 0.156740 0.064874 0.028721 -0.240449 -0.109062 -0.154324 0.067489 0.231598 -0.165712 0.274371 0.218538 -0.134604 -0.014070 -0.236443 0.074652 -0.227219 -0.070889 0.066679 0.147411 -0.003748 0.161058 0.128548 -0.202086 0.298439 -0.216624 -0.130056 0.088954 0.220839 0.271876
0.038427 -0.224549 0.079003 0.214421 0.482529 0.195362 0.205138 0.033466 0.121330 0.025393 -0.096290 -0.255108 0.080151 -0.045992 0.242255 0.090225 -0.115818 -0.246575 0.223236 0.401288 0.437334 0.465396 0.138145 0.184806 0.137363 0.116406 1.000000 0.531212 0.142890 0.086444 0.261345 0.098972 0.005257 0.073806 -0.051286 -0.026894 0.062261 -0.173385 -0.190424 -0.104626 0.247135 -0.051013 -0.088572 -0.090765 0.028616 -0.137171 -0.196040 -0.279827 0.025542 -0.084173 -0.044756 -0.333917 0.085550 -0.100488 -0.222156 -0.297412 -0.029000 0.176615 0.110079 0.045933 0.020762 -0.174157 0.016104 -0.117598 0.066657 -0.074518 0.186587 0.047508 0.218307 0.434217 0.069943 0.023474 -0.067594 0.007296 -0.126940 -0.201058 0.004012 -0.011167 0.011721 -0.226356 0.061372 0.032280 0.284408 0.427589 0.122912 0.126699 -0.108254 0.047751 -0.097493 0.009087 -0.239292 -0.388341 -0.177571 -0.019387 0.041291 0.022695 -0.260947 -0.299285 -0.382981 -0.357293 -0.287194 -0.071182 -0.333899 -0.204555 -0.272895 0.090525 -0.296104 -0.044724 0.232423 -0.009458 -0.158301 -0.346625 -0.455319 -0.198105 -0.152285 -0.109856
0.264487 -0.510517 0.128513 0.140418 0.029029 0.432155 -0.185066 -0.280820 -0.201261 -0.217510 -0.205266 -0.387816 -0.101350 -0.476592 -0.022965 -0.172501 -0.231476 -0.506044 0.337141 0.134900 0.280430 0.593913 0.491599 0.314089 0.397212 0.303569 0.531212 1.000000 -0.385428 -0.258650 0.523136 0.424337 0.372337 -0.013490 0.305805 0.103319 -0.073183 -0.140597 0.020152 0.076143 0.114565 -0.018312 0.131856 0.177628 -0.057385 -0.111612 0.280589 0.338059 0.047035 -0.206881 0.275654 -0.188629 -0.041669 -0.046908 0.128614 0.024509 0.071580 -0.003616 0.122941 -0.037629 -0.198949 -0.298319 -0.361801 -0.300034 -0.046197 -0.442647 0.541283 0.230270 0.262100 0.319613 0.050649 -0.007060 -0.324056 -0.069321 -0.177739 0.068732 0.099396 0.095605 0.016409 0.021809 -0.299445 -0.324588 -0.076681 -0.009107 -0.011938 -0.115174 0.239357 0.249917 0.456507 0.336418 -0.263277 -0.268939 -0.401590 -0.098871 -0.036161 -0.293429 0.241867 0.102511 -0.079753 -0.037245 -0.323298 0.053069 -0.473299 0.041171 -0.075717 0.269531 0.048018 0.240078 -0.126684 0.028773 0.392936 -0.261379 -0.153801 -0.091806 -0.106502 -0.096826
-0.148318 0.320869 -0.172083 -0.089885 0.160920 -0.584160 0.308345 -0.028293 0.267548 -0.216775 0.463675 0.091805 0.394854 0.500507 0.418806 0.170131 0.315656 0.513495 0.006011 0.235593 0.179166 -0.093866 -0.181209 -0.141176 -0.440971 -0.362165 0.142890 -0.385428 1.000000 0.318733 -0.075229 -0.148491 -0.259096 0.454191 -0.294204 -0.210956 0.411783 0.123889 0.046365 -0.055129 0.338441 0.270892 -0.130704 -0.406415 -0.073789 -0.397464 -0.519429 -0.629825 -0.162584 -0.163559 -0.440489 -0.388626 0.017098 -0.142663 -0.237278 -0.241377 0.001066 0.433245 -0.141488 0.006768 0.306899 0.248021 0.627476 0.446502 0.251937 0.219901 -0.543237 -0.461196 0.061544 -0.129735 -0.198273 0.226365 0.431598 0.005097 0.341666 0.080658 -0.089356 -0.087224 0.053088 -0.161694 0.576695 0.507164 0.498800 0.609035 0.350776 0.250677 -0.290652 0.038542 -0.334121 -0.226490 0.334107 0.058425 0.047045 -0.241545 -0.071173 0.144501 -0.413492 -0.491968 0.037995 0.015874 -0.071282 -0.147566 0.132066 -0.255760 -0.147153 -0.392253 -0.297051 -0.318782 0.066349 -0.199445 -0.502985 0.157506 0.083940 0.045421 0.029812 -0.068352
-0.377236 0.130396 -0.407245 -0.027411 -0.283623 -0.480949 0.061280 0.139139 -0.324331 0.072648 -0.286163 0.053392 -0.227606 0.306740 -0.302294 -0.023545 0.528368 0.411247 -0.126336 0.221682 0.197428 -0.130395 -0.321022 -0.366526 -0.551955 -0.514215 0.086444 -0.258650 0.318733 1.000000 -0.163789 -0.398514 -0.078221 0.395480 -0.516516 -0.515710 0.384727 0.517498 -0.080154 0.199111 0.261745 0.402067 -0.010005 -0.395120 -0.189892 -0.058797 -0.066573 -0.288659 -0.170244 0.208267 -0.433053 -0.197784 0.297924 0.113819 0.002235 -0.021188 0.276734 0.326170 0.140672 0.236317 -0.200955 0.048954 0.179370 0.441071 -0.400560 0.158979 -0.045290 0.095146 0.257604 0.008887 0.180975 0.156000 0.651252 0.576978 0.522504 0.246001 0.382025 0.229086 0.276773 0.123235 0.625176 0.640312 0.129032 0.278642 0.120177 0.059012 -0.087300 -0.278662 -0.402256 -0.401875 0.154576 0.101361 0.179530 0.000061 -0.315506 0.133514 -0.411020 -0.180300 -0.089910 -0.083643 0.103340 -0.149775 0.148451 -0.112959 -0.317446 -0.174905 -0.063698 -0.246282 -0.161465 0.201962 -0.213024 0.177709 0.127556 -0.295865 -0.266575 -0.466762
0.022042 -0.493663 0.374483 0.447218 0.081784 0.213592 0.109857 -0.090233 -0.094889 -0.300338 -0.117275 -0.397943 -0.055857 -0.349542 0.126341 -0.288541 -0.298945 -0.383448 0.528576 0.344111 0.267169 0.277035 0.564512 0.577892 0.197668 0.268378 0.261345 0.523136 -0.075229 -0.163789 1.000000 0.694179 0.199021 0.169525 0.297869 0.153881 -0.123450 -0.237648 0.024999 -0.084061 0.007833 -0.112319 0.240153 0.054080 -0.131660 -0.271437 0.099814 0.146109 -0.098480 -0.364168 0.131444 -0.385392 -0.041426 -0.047934 0.006152 -0.121470 -0.144608 -0.074539 -0.153698 -0.329544 -0.243905 -0.423568 -0.311129 -0.324841 0.219305 -0.474785 0.225041 0.046133 0.113872 0.185380 0.137104 0.330596 -0.148309 -0.135993 -0.163910 0.066853 0.064706 0.264440 -0.151434 -0.145790 -0.255156 -0.274418 0.271871 0.121984 0.054056 -0.067517 0.265147 0.228113 0.342422 0.037217 -0.187626 -0.287713 -0.232466 0.016808 0.030164 -0.112077 0.091939 0.013176 -0.039312 -0.012213 -0.298198 0.042159 -0.395185 -0.068414 -0.229180 0.029686 -0.279859 -0.110011 0.077150 0.028300 0.336746 0.076456 0.076843 0.067891 -0.013018 0.024299
0.093872 -0.385471 0.385178 0.389096 0.009028 0.452988 0.166182 -0.095205 -0.122661 -0.301653 -0.027630 -0.275050 -0.019545 -0.294529 0.124290 -0.115971 -0.489015 -0.393693 0.504022 0.135337 0.299048 0.421530 0.469725 0.730756 0.212364 0.659338 0.098972 0.424337 -0.148491 -0.398514 0.694179 1.000000 0.125400 0.136084 0.391482 0.456573 -0.188879 -0.358447 0.105254 -0.109001 -0.036365 0.026342 0.217531 0.158234 -0.125751 -0.341916 0.057121 0.215441 -0.122307 -0.449151 0.077110 -0.308307 -0.224798 -0.118149 -0.150260 -0.022951 -0.191830 -0.208005 -0.182229 -0.391842 -0.059457 -0.192529 -0.118756 -0.322705 0.303158 -0.344700 0.102891 -0.131764 -0.024613 0.078525 -0.098385 0.488687 -0.316354 -0.345987 -0.340992 0.213495 -0.313359 0.061627 -0.205285 -0.305834 -0.399715 -0.461033 0.149044 0.124486 -0.002089 -0.050395 0.170588 0.431966 0.341571 0.070461 -0.148651 -0.130426 -0.321304 -0.068668 0.236843 -0.104484 0.295511 0.179356 0.056421 0.141674 -0.315635 0.031619 -0.307729 -0.153327 -0.075782 -0.086902 -0.198233 -0.106691 0.097409 -0.084679 0.410872 0.090967 0.101115 0.062686 0.163357 0.122620
0.250828 -0.449226 0.058345 0.000534 -0.195223 -0.010592 -0.212998 -0.438460 -0.240843 -0.198249 -0.191035 -0.518688 -0.211435 -0.453705 -0.258520 -0.234864 0.030803 -0.289374 0.386530 0.040042 0.109435 0.153936 0.361569 0.036816 0.041406 -0.026033 0.005257 0.372337 -0.259096 -0.078221 0.199021 0.125400 1.000000 0.225424 0.095421 -0.221685 0.003881 0.063531 0.224896 0.175609 -0.121935 0.007577 0.222027 -0.023827 -0.325719 -0.238984 0.404871 0.355471 0.065922 -0.192588 0.161403 -0.185958 0.073568 0.138154 0.351887 0.198238 0.176465 0.077416 0.205111 -0.001809 -0.394264 -0.194372 -0.361343 -0.168664 -0.339488 -0.592672 0.352269 0.000760 0.305572 0.213810 0.126036 0.042289 0.045471 0.111014 0.052677 0.208554 0.278914 0.141594 0.183212 0.274330 -0.128876 -0.129078 -0.212842 -0.319251 -0.187749 -0.385741 0.327058 0.021046 0.311950 0.076212 0.201533 0.140152 0.050007 0.236282 -0.229497 -0.290266 0.244281 0.218965 0.139537 0.176304 0.011259 0.309642 -0.177009 0.259668 0.044755 0.256340 0.265096 0.214796 -0.318451 0.242386 0.337185 -0.089550 0.254321 0.077506 -0.118305 -0.095443
-0.063020 0.080760 -0.237549 -0.042256 -0.281883 -0.528312 0.137275 -0.204836 -0.315930 -0.397911 0.081127 -0.173517 -0.094234 0.136646 -0.142065 -0.228011 0.300590 0.206684 0.167463 0.408319 0.259794 -0.012603 -0.060672 -0.120799 -0.458301 -0.296574 0.073806 -0.013490 0.454191 0.395480 0.169525 0.136084 0.225424 1.000000 -0.130400 -0.270250 0.414818 0.257132 0.046429 0.120809 0.274960 0.423191 0.036699 -0.340395 -0.189404 -0.432950 -0.148399 -0.330992 -0.418077 -0.404751 -0.527842 -0.636350 0.051101 -0.212097 -0.099797 -0.062243 0.176519 0.472404 -0.123888 -0.061577 -0.046171 0.138508 0.362109 0.507390 -0.039910 -0.033922 -0.130231 -0.153546 0.489877 0.030600 -0.293725 0.545614 0.327046 0.111735 0.312583 0.307568 0.110790 0.186696 0.260109 -0.006256 0.486650 0.457046 0.306059 0.415128 0.304212 0.070337 -0.132086 0.093465 -0.125207 -0.195549 0.202114 -0.030041 -0.079480 -0.170970 -0.247235 -0.051616 -0.214618 -0.127618 0.145361 0.120237 -0.073394 -0.140590 0.106270 -0.120686 -0.176309 -0.190693 -0.110643 -0.230059 -0.185007 0.034331 -0.119403 0.134433 0.323206 -0.126087 -0.185712 -0.174314
0.296563 -0.322515 0.324427 -0.171062 0.131237 0.335643 -0.137423 -0.242977 -0.009663 -0.287555 0.219677 -0.111015 -0.059673 -0.494851 0.016447 -0.349139 -0.273944 -0.387809 -0.010386 -0.181907 0.001069 0.152488 0.174853 0.160968 0.454499 0.327070 -0.051286 0.305805 -0.294204 -0.516516 0.297869 0.391482 0.095421 -0.130400 1.000000 0.580604 -0.174269 -0.220018 0.155535 -0.005343 -0.193057 -0.143049 0.162508 0.586791 0.372607 0.192025 0.273207 0.471276 0.051448 -0.233828 0.426561 0.031898 -0.285636 -0.246002 0.101592 0.044755 -0.152665 -0.239962 -0.351287 -0.397361 -0.208422 -0.381640 -0.295385 -0.331302 0.298543 -0.338802 0.347482 0.271566 -0.162116 -0.062118 -0.081739 0.081211 -0.268877 -0.415261 -0.357910 -0.083355 -0.220738 0.010696 -0.111377 0.091000 -0.350393 -0.264369 -0.166182 -0.276582 0.050119 0.116819 0.141740 0.026545 0.337958 0.252322 -0.461786 -0.401210 -0.433170 -0.104323 0.098688 -0.111925 0.391084 0.265183 0.146638 0.074147 -0.268294 -0.010022 -0.224186 0.124819 0.046079 0.230973 0.040885 0.307250 -0.018776 -0.006225 0.475319 -0.033666 -0.131024 0.100259 0.001262 0.186128
-0.018445 -0.160293 0.387457 0.037347 0.288555 0.516386 0.171281 0.197241 0.214814 0.034050 0.122063 0.178936 0.120643 -0.037839 0.104979 0.058582 -0.449181 -0.236164 0.023477 -0.085908 0.057413 0.260773 0.085230 0.395058 0.507986 0.630470 -0.026894 0.103319 -0.210956 -0.515710 0.153881 0.456573 -0.221685 -0.270250 0.580604 1.000000 -0.396861 -0.326855 -0.129194 -0.269150 -0.277146 -0.136877 0.003074 0.514513 0.487223 0.222609 0.127720 0.296227 0.099128 -0.058612 0.240378 0.189530 -0.284327 -0.214619 -0.090061 -0.111879 -0.405002 -0.407103 -0.341812 -0.390689 0.103179 -0.126570 -0.122986 -0.420707 0.361681 0.125341 0.049873 0.126796 -0.309758 -0.041946 -0.036304 0.124772 -0.378460 -0.439139 -0.476688 -0.037450 -0.398662 0.059309 -0.408713 -0.336530 -0.473267 -0.472434 -0.167263 -0.208686 -0.144834 -0.030771 -0.133572 0.004922 0.151555 0.032447 -0.286111 -0.176994 -0.239618 0.002365 0.112422 -0.111841 0.195006 0.172355 0.005206 -0.053059 -0.174852 -0.052605 -0.183072 -0.232734 -0.111689 0.072334 -0.153107 0.175497 0.025437 -0.139690 0.439367 -0.052042 -0.175750 -0.082830 0.001183 0.116025
