1.000000 0.334356 0.008451 -0.187842 -0.059738 0.048582 -0.037590 -0.214719 -0.096427 -0.054096 0.708368 0.358728 0.574708 0.400506 0.291314 0.166020 0.370602 0.427285 0.094335 0.284758 -0.147721 -0.284390 -0.147893 -0.192679 -0.156384 -0.425166 -0.149947 -0.148792 0.252938 -0.226629 -0.415333 -0.466885 0.230193 -0.299301 -0.332512 -0.368828 0.023609 -0.071864 -0.125923 0.055942 -0.171228 -0.088637 -0.012232 -0.090818 -0.282103 -0.486028 0.136912 0.081076 0.330735 -0.249385 -0.045000 0.075241 0.201131 0.164456 0.262952 -0.038522 0.405986 0.137503 0.340057 0.169375 0.586948 0.246283 0.499035 0.407235 -0.116812 0.261815 -0.120972 -0.318334 0.247495 0.284701 -0.178003 -0.289417 0.193396 -0.100822 -0.011853 0.039004 0.151296 -0.139267 -0.081855 -0.191808 0.152567 -0.088140 0.094910 -0.157215 -0.017705 -0.144829 0.164393 -0.056194 0.049393 0.046618 0.296802 0.320610 0.047965 0.220548 0.026578 0.046736 0.096820 -0.061687 0.121895 0.170279 0.115493 0.334819 0.139972 -0.110565 -0.312506 -0.204808 -0.298505 -0.159558 -0.003481 0.172621 -0.079924 0.033703 -0.167987 0.035484 0.043128 0.086733
0.334356 1.000000 -0.688901 -0.456112 -0.443858 -0.307964 -0.514223 -0.190111 -0.507144 -0.325700 0.251643 0.553199 0.098401 0.481828 -0.016167 -0.079259 0.295096 0.535103 -0.330748 0.596355 -0.104025 -0.158295 -0.706198 -0.661480 -0.392511 -0.503553 -0.169975 -0.262591 0.225413 0.217216 -0.515057 -0.512511 0.445035 0.196207 -0.289920 -0.300368 0.076200 0.110588 -0.088275 0.078401 -0.102632 0.000478 -0.331891 -0.476477 -0.227489 -0.220358 -0.263413 -0.353079 0.004136 -0.108958 -0.492579 0.105103 0.150031 -0.338853 -0.221146 -0.454723 0.273267 0.664002 0.277561 0.473577 0.116095 0.585863 0.433996 0.565745 -0.581270 0.180991 0.187096 -0.078565 0.398338 0.514876 -0.036415 -0.029540 0.222732 0.040264 0.083620 0.116719 0.126611 0.014021 0.315060 -0.069877 0.611585 0.485324 -0.162823 0.023820 0.050541 -0.028164 -0.164525 -0.279598 -0.408378 -0.193821 0.142734 -0.145521 0.077037 0.074275 0.015728 0.002529 -0.261424 0.047813 -0.167464 -0.325702 0.161698 -0.058338 0.323214 0.352777 0.053444 0.254678 0.019084 0.162712 0.058616 -0.009666 -0.262546 -0.282339 0.255498 0.181642 0.280591 0.065268
0.008451 -0.688901 1.000000 0.627147 0.322026 0.184167 0.745329 0.426827 0.551244 0.363589 -0.005552 -0.322617 0.129905 -0.216346 -0.084202 -0.023685 -0.217662 -0.343917 0.362423 -0.374321 0.028353 0.141157 0.743632 0.712298 0.490335 0.477293 0.076195 0.139501 -0.279806 -0.481790 0.517260 0.430565 -0.356710 -0.110695 0.297553 0.315446 -0.397151 -0.319935 -0.141596 -0.326802 -0.210117 -0.083456 0.078601 0.238636 0.106421 0.127889 0.012474 0.118687 0.178749 0.045236 0.600082 0.041812 -0.270242 0.204961 0.096901 0.027966 -0.140711 -0.530747 -0.317852 -0.387005 0.184718 -0.339478 -0.346153 -0.431013 0.758850 0.092031 -0.109660 0.202928 -0.215635 -0.291376 0.041741 -0.087097 -0.395118 -0.189395 -0.244975 -0.151872 -0.219931 -0.065366 -0.477153 -0.152567 -0.704616 -0.617300 -0.001250 -0.168709 -0.191370 -0.068412 0.114172 0.202861 0.505103 0.209968 -0.079142 0.159567 -0.023001 0.120427 -0.161830 -0.154891 0.106658 -0.287983 -0.043598 0.209906 -0.004248 0.280972 -0.216800 -0.336312 -0.214528 -0.465200 -0.125631 -0.297265 -0.055428 -0.022887 0.197928 0.120705 -0.263934 -0.338916 -0.408359 -0.139217
-0.187842 -0.456112 0.627147 1.000000 0.177909 0.270954 0.329766 0.403099 0.305421 0.278532 -0.017838 0.006998 0.064640 -0.161834 0.162137 0.105782 -0.177889 -0.181730 0.236601 -0.214203 -0.145746 -0.145235 0.666314 0.853776 0.430762 0.620048 0.115428 0.357365 -0.278339 -0.443148 0.507731 0.452823 -0.375115 -0.092241 0.224501 0.165188 -0.338154 -0.378349 -0.018771 -0.350294 -0.169593 -0.081373 -0.219949 0.131398 -0.105768 0.038048 -0.291925 -0.079851 -0.050565 -0.226759 0.557496 -0.086711 -0.249907 -0.139725 -0.136868 -0.183048 -0.140555 -0.467669 -0.325791 -0.314299 0.032751 -0.268431 -0.229365 -0.492722 0.587178 0.067584 -0.026363 0.268503 -0.070836 -0.149717 -0.177539 -0.209545 -0.484896 -0.282398 -0.244835 -0.164117 -0.414026 -0.290299 -0.365887 -0.216054 -0.546342 -0.554656 0.181719 0.170587 0.047718 0.147165 0.196360 0.373461 0.608667 0.484975 -0.310179 -0.184531 -0.142181 -0.102451 -0.120695 -0.127458 -0.021978 -0.325361 -0.254305 -0.118962 0.009359 0.050193 -0.345495 -0.135261 0.059363 -0.139930 0.107381 -0.075919 -0.061687 -0.153496 0.255535 -0.138766 -0.235264 -0.258639 -0.159038 0.038166
-0.059738 -0.443858 0.322026 0.177909 1.000000 0.415298 0.446247 0.391276 0.587864 0.581854 -0.230073 -0.417764 -0.280226 -0.218715 -0.167715 0.171820 -0.204713 -0.287477 0.284942 -0.234731 0.052743 0.199863 0.084302 0.132535 -0.143616 -0.037939 0.497064 0.161271 -0.223952 -0.010372 0.039855 0.013689 -0.298292 -0.250759 -0.112496 -0.026863 -0.311787 -0.171168 -0.256523 0.018542 -0.087349 -0.002574 0.191635 -0.005263 0.215463 0.109874 0.137353 0.039126 0.035929 0.185696 0.024176 0.069000 -0.060099 0.345163 0.180121 0.238358 -0.265521 -0.310572 0.127524 0.050141 0.204301 -0.069185 -0.296818 -0.146338 0.273653 -0.047953 -0.023702 0.109871 -0.229016 -0.194408 0.116738 -0.051725 -0.108182 0.080439 -0.057249 -0.155368 -0.213609 -0.070658 -0.265487 -0.064839 -0.452005 -0.329404 0.114230 0.007080 -0.368585 -0.286692 -0.239540 0.110592 -0.053847 -0.107545 0.303001 0.335192 0.186970 0.040219 -0.265257 -0.063603 -0.116196 -0.145764 0.317441 0.167737 0.172458 0.381168 0.087426 0.017288 -0.094131 -0.110128 -0.007951 -0.108896 -0.066504 -0.042737 -0.351023 0.056354 -0.149630 -0.101616 -0.093172 0.011693
0.048582 -0.307964 0.184167 0.270954 0.415298 1.000000 -0.157692 -0.168678 0.132035 0.221163 0.077445 -0.029103 -0.050482 -0.168061 0.180667 0.248881 -0.138454 -0.179169 -0.066996 -0.409666 -0.135152 0.047874 0.326675 0.244800 0.326660 0.378615 0.564769 0.665809 -0.451448 -0.446653 -0.121025 -0.208482 -0.240429 -0.568553 0.029370 -0.051733 -0.067945 -0.183635 -0.026672 0.043904 -0.164094 -0.114067 0.180747 0.401454 -0.013006 -0.017338 0.106153 0.269414 0.304983 0.012952 0.429569 0.269026 0.144807 0.347992 0.382856 0.248771 0.038776 -0.161628 0.082810 0.012037 0.175686 -0.065592 -0.087332 -0.132334 0.045140 0.071777 -0.009522 0.033625 0.047480 -0.072753 -0.187311 -0.387829 -0.324584 -0.237235 -0.112262 -0.317871 -0.364183 -0.376191 -0.120721 -0.106368 -0.277539 -0.438531 -0.112061 -0.300307 0.009985 0.153581 0.104112 -0.060901 0.353189 0.433752 0.042062 0.219509 0.032724 -0.008684 0.089127 -0.054549 0.138846 0.075579 0.148443 0.240382 0.009034 0.143389 -0.069672 -0.003071 0.064300 -0.022538 0.046275 0.156439 -0.018936 -0.114082 0.281612 0.027012 -0.228457 0.014379 0.004447 0.004641
-0.037590 -0.514223 0.745329 0.329766 0.446247 -0.157692 1.000000 0.576330 0.639534 0.477684 -0.133143 -0.372873 -0.081094 -0.067053 -0.257230 -0.063466 -0.072053 -0.282068 0.441450 -0.035272 0.158140 0.171080 0.333797 0.365975 0.125251 0.125001 0.026629 -0.172049 0.066929 -0.146204 0.467264 0.398102 -0.270324 0.111375 0.026432 0.280176 -0.448466 -0.303607 -0.219506 -0.320720 -0.047522 0.001369 0.120740 -0.041777 0.133635 0.136228 0.160077 0.030296 -0.007938 0.050712 0.115870 -0.192460 -0.311640 0.176236 -0.026871 -0.018762 -0.100935 -0.367967 -0.281764 -0.373654 0.208907 -0.282052 -0.326747 -0.358661 0.640230 0.021779 -0.247052 0.003013 -0.232259 -0.217358 0.275729 0.036924 -0.083716 0.053641 -0.019493 -0.005861 -0.042371 0.168254 -0.443445 -0.145630 -0.551820 -0.403169 0.092979 0.043179 -0.329952 -0.338431 -0.177741 0.138444 0.113054 -0.239773 0.164585 0.254834 0.200116 0.213486 -0.239408 -0.124208 0.064171 -0.233520 0.030612 0.150419 0.049379 0.374522 -0.042224 -0.254772 -0.282452 -0.437888 -0.152071 -0.383680 -0.095880 0.077656 -0.129055 0.160112 -0.064020 -0.217994 -0.416423 -0.122912
-0.214719 -0.190111 0.426827 0.403099 0.391276 -0.168678 0.576330 1.000000 0.509026 0.676181 -0.305880 -0.051427 -0.247007 0.157881 -0.340784 0.017014 -0.196235 -0.097536 0.071024 -0.092191 -0.140196 0.052173 0.006412 0.270788 -0.119940 0.007820 -0.010840 -0.238505 -0.071781 0.015407 0.273759 0.238730 -0.370177 0.101727 0.251715 0.292248 -0.547085 -0.306192 -0.490530 -0.473221 -0.234259 -0.113454 -0.073701 -0.222781 0.248634 0.352119 -0.138956 -0.260000 0.017812 0.190655 0.084131 0.208896 -0.436460 -0.049469 -0.370921 -0.277412 -0.237861 -0.435881 -0.294099 -0.184661 0.025409 0.040730 -0.386492 -0.311869 0.555429 0.341744 -0.131233 0.336818 -0.341027 -0.254814 0.209166 -0.003928 -0.197350 -0.094026 -0.169473 -0.151085 -0.116859 0.182080 -0.398620 -0.229339 -0.488426 -0.341473 -0.106459 0.071435 -0.246332 -0.128552 -0.450992 0.031268 -0.013319 -0.253131 0.078348 -0.011553 0.246217 0.149441 -0.393781 -0.248071 -0.225248 -0.361731 -0.076990 -0.130577 0.354643 0.285083 0.057021 -0.035076 -0.028426 -0.133033 0.061637 -0.126345 -0.147924 -0.308741 -0.284983 -0.174480 -0.000556 -0.297749 -0.120081 -0.085192
-0.096427 -0.507144 0.551244 0.305421 0.587864 0.132035 0.639534 0.509026 1.000000 0.779182 -0.154822 -0.183937 -0.198911 -0.001485 -0.107266 0.310396 -0.192885 -0.348046 0.246975 -0.155643 0.013625 0.166074 0.217882 0.378803 0.238159 0.273047 0.067029 -0.057303 -0.128564 -0.175498 0.256029 0.270555 -0.409330 0.086634 0.137919 0.444956 -0.433467 -0.243231 -0.415116 -0.436165 -0.135786 0.009597 0.234312 0.121640 0.356779 0.316982 0.170527 0.129080 0.047382 0.099270 0.112567 -0.019638 -0.331250 0.123527 -0.112057 0.131549 -0.234509 -0.449889 -0.379255 -0.320916 0.071069 -0.140620 -0.511652 -0.314428 0.570515 0.157300 -0.202014 0.191903 -0.119893 -0.146503 0.212404 0.015130 -0.248282 -0.105088 -0.063012 -0.158536 -0.104225 0.196435 -0.379349 -0.169939 -0.505725 -0.460227 -0.073725 -0.038938 -0.225968 -0.208851 -0.350716 0.012463 0.160086 -0.182109 0.051635 0.150037 0.095615 0.059594 -0.312589 -0.232473 0.066143 -0.204388 0.033416 0.169440 0.032584 0.257407 -0.167600 -0.140150 -0.161320 -0.362834 -0.139353 -0.327783 -0.228047 -0.070059 0.052314 0.060871 -0.158272 -0.281000 -0.408283 -0.197371
-0.054096 -0.325700 0.363589 0.278532 0.581854 0.221163 0.477684 0.676181 0.779182 1.000000 -0.142151 -0.030569 -0.252657 0.232998 -0.136729 0.343975 -0.186289 -0.169414 0.070074 -0.171192 -0.097754 0.107971 -0.037306 0.249282 0.029770 0.147452 0.097286 -0.140799 -0.090789 -0.078980 0.100212 0.083242 -0.444411 -0.079144 0.085450 0.356378 -0.455097 -0.252139 -0.555621 -0.439923 -0.191482 0.012856 0.176688 -0.001892 0.325754 0.362344 0.096671 0.029999 0.140977 0.168854 0.057314 0.211251 -0.374306 0.159336 -0.193208 -0.044767 -0.219164 -0.474372 -0.299072 -0.186420 0.159780 0.044138 -0.452228 -0.283157 0.488622 0.415575 -0.267381 0.200475 -0.230831 -0.190439 0.242005 -0.098345 -0.282913 -0.116485 -0.129296 -0.211296 -0.159006 0.141253 -0.370908 -0.196409 -0.477396 -0.471132 -0.114029 -0.028643 -0.130041 -0.131904 -0.442787 -0.108525 0.051879 -0.216581 0.123430 0.156986 0.246547 0.127028 -0.350280 -0.289248 -0.103301 -0.232815 -0.052444 0.002503 0.266749 0.270796 -0.025132 -0.009593 -0.055354 -0.246880 -0.018927 -0.147517 -0.240114 -0.313912 -0.103004 -0.136134 -0.147030 -0.276894 -0.259926 -0.188153
0.708368 0.251643 -0.005552 -0.017838 -0.230073 0.077445 -0.133143 -0.305880 -0.154822 -0.142151 1.000000 0.602968 0.823984 0.504079 0.643300 0.344483 0.461563 0.555452 -0.172595 0.158168 -0.171774 -0.358138 0.015607 0.049336 0.116357 -0.087793 -0.198975 -0.029603 0.397550 -0.160813 -0.263831 -0.264053 -0.054613 -0.296845 -0.279499 -0.156699 0.129415 -0.035049 0.081199 0.018096 -0.051934 -0.041245 0.075029 0.030334 -0.157620 -0.402111 0.075424 0.199955 0.482638 -0.260654 0.172738 0.103712 0.159425 0.041271 0.042608 -0.091447 0.190842 -0.021467 0.137723 0.009554 0.339094 0.148935 0.403809 0.306384 -0.030300 0.347764 -0.356983 -0.388925 0.083396 0.154567 -0.392403 -0.314810 0.159851 -0.238240 -0.077807 0.170081 0.034387 -0.298977 -0.171043 -0.268483 0.154458 -0.020592 0.136351 0.014058 0.157488 -0.027013 0.258244 -0.001017 0.078192 0.151167 0.039296 0.075350 -0.083198 0.120497 0.139190 0.173942 0.102272 -0.090490 0.048907 0.070667 0.050503 0.170044 0.030164 -0.275249 -0.259425 -0.142229 -0.237264 -0.022105 0.031449 0.090642 0.081750 0.144197 -0.218460 0.113163 0.105824 0.147394
0.358728 0.553199 -0.322617 0.006998 -0.417764 -0.029103 -0.372873 -0.051427 -0.183937 -0.030569 0.602968 1.000000 0.389582 0.717726 0.425337 0.352305 0.290890 0.622366 -0.473760 0.299870 -0.272354 -0.295315 -0.295783 -0.125196 0.013971 -0.054988 -0.250691 -0.074269 0.243734 0.018057 -0.342305 -0.340227 -0.041033 -0.109898 -0.037471 0.127991 0.076097 0.028396 -0.127262 -0.235275 -0.136687 -0.035010 -0.094749 -0.006533 0.002810 -0.038520 -0.116002 -0.000917 0.329081 -0.196878 -0.033126 0.281303 -0.122301 -0.343849 -0.249166 -0.357160 0.202919 0.034751 -0.131991 0.017580 0.036534 0.378758 0.173938 0.130344 -0.162446 0.617533 -0.187631 -0.081150 0.182492 0.226062 -0.250758 -0.274481 0.040337 -0.203168 -0.034570 0.145231 0.058600 0.005956 -0.006076 -0.296766 0.282886 0.066968 -0.230280 0.008576 0.213635 0.137567 -0.132804 -0.260149 -0.086694 0.035017 -0.159433 -0.290227 -0.050673 0.032555 0.033666 0.001669 -0.026793 -0.100874 -0.230415 -0.298031 0.177512 -0.027331 0.058739 -0.050263 -0.038307 0.095573 -0.056935 0.080541 -0.056944 -0.109924 0.113275 -0.145898 -0.055005 0.108002 0.211271 0.057602
0.574708 0.098401 0.129905 0.064640 -0.280226 -0.050482 -0.081094 -0.247007 -0.198911 -0.252657 0.823984 0.389582 1.000000 0.355917 0.550141 0.220039 0.369687 0.491942 -0.096619 -0.046599 -0.124786 -0.332747 0.200744 0.193858 0.167561 -0.013236 -0.143240 0.041165 0.322139 -0.114760 -0.057596 -0.062085 -0.018148 -0.204555 -0.090666 -0.131320 0.246675 0.056748 0.216286 0.064233 0.064444 0.021537 -0.091153 -0.042414 -0.248211 -0.439826 -0.116145 0.057124 0.398331 -0.271375 0.282708 0.054311 0.240616 0.009223 0.107414 -0.114318 0.105564 -0.110262 0.162479 -0.044337 0.336805 0.074159 0.426435 0.369344 0.075971 0.157464 -0.217715 -0.229522 0.044165 0.145339 -0.440629 -0.177338 0.109201 -0.154717 0.003087 0.208577 0.135732 -0.240776 -0.120912 -0.169472 0.182486 0.078618 0.184350 0.046205 0.206175 0.136678 0.380280 0.168489 0.233129 0.272020 -0.088735 -0.062594 -0.286357 -0.021101 0.001298 0.072718 0.066322 -0.243804 -0.059962 0.040660 -0.052450 0.124065 -0.093039 -0.333000 -0.301762 -0.172640 -0.282154 -0.139389 -0.104936 -0.001388 0.111755 0.048597 -0.218372 0.042754 0.119495 0.053212
0.400506 0.481828 -0.216346 -0.161834 -0.218715 -0.168061 -0.067053 0.157881 -0.001485 0.232998 0.504079 0.717726 0.355917 1.000000 0.230339 0.369455 0.210047 0.528463 -0.302333 0.258511 -0.226262 -0.283864 -0.398182 -0.195044 -0.166600 -0.189053 -0.217442 -0.310741 0.280279 0.157258 -0.334078 -0.330564 -0.067410 -0.093152 -0.164883 0.103164 -0.041355 0.029530 -0.295717 -0.220040 -0.098540 0.059865 0.037446 -0.141168 0.087368 0.025698 0.079315 0.010236 0.293780 0.011784 -0.237754 0.252218 -0.174273 -0.155480 -0.327899 -0.255652 0.063399 -0.076307 -0.110405 0.043227 0.122268 0.333122 0.123100 0.215399 -0.046900 0.608305 -0.285469 -0.154147 0.058303 0.139400 -0.128949 -0.234343 0.076722 -0.077202 0.044575 0.112832 0.101456 0.069448 -0.143526 -0.247891 0.189707 0.084158 -0.148813 -0.057346 0.156776 -0.046308 -0.302800 -0.266885 -0.215009 -0.251768 0.037410 -0.149180 0.084848 0.102869 -0.075783 0.031481 0.060348 -0.077443 -0.113406 -0.190484 0.191382 0.038380 0.079163 -0.108566 -0.141840 0.006375 -0.088631 0.018395 -0.089918 -0.213018 -0.057616 -0.147607 0.090698 0.088712 0.185077 -0.006787
0.291314 -0.016167 -0.084202 0.162137 -0.167715 0.180667 -0.257230 -0.340784 -0.107266 -0.136729 0.643300 0.425337 0.550141 0.230339 1.000000 0.661625 0.305049 0.362818 -0.085005 0.041492 -0.073179 -0.347571 0.217219 0.256393 0.257575 0.172893 -0.086793 0.208870 0.393194 0.022740 -0.036604 -0.060872 -0.248527 -0.334353 -0.171875 -0.112614 0.235418 0.088378 0.338858 0.062841 0.072239 0.113248 0.096350 0.209280 -0.150990 -0.289794 0.044911 0.269049 0.182405 -0.263274 0.173005 -0.046011 0.168047 -0.009330 0.069461 0.093503 0.087359 -0.174890 0.072894 -0.009614 0.042379 -0.087724 0.257946 0.044248 -0.044848 0.069705 -0.307149 -0.340877 0.093258 0.107920 -0.321698 -0.148142 0.103757 -0.120980 -0.005810 0.204973 -0.073378 -0.286331 -0.016440 -0.097450 0.150720 -0.021356 0.404301 0.249711 0.295219 0.103959 0.420332 0.194540 0.240873 0.295522 -0.167681 -0.093499 -0.228755 -0.106145 0.166466 0.265934 0.153277 -0.062182 0.002578 0.059099 -0.067633 -0.062317 -0.233144 -0.275849 -0.118146 -0.110606 -0.198870 -0.003705 0.020488 -0.017828 0.313243 0.140789 -0.293219 0.060350 0.102889 0.123389
0.166020 -0.079259 -0.023685 0.105782 0.171820 0.248881 -0.063466 0.017014 0.310396 0.343975 0.344483 0.352305 0.220039 0.369455 0.661625 1.000000 0.226736 0.232573 -0.088265 -0.012580 -0.149964 -0.299357 0.036997 0.214580 0.193602 0.145388 -0.040901 0.049227 0.317679 0.112124 -0.136382 -0.127100 -0.436586 -0.284858 -0.107288 0.060402 0.079471 0.071721 -0.000016 -0.124276 0.009808 0.069089 0.254260 0.221654 0.139460 -0.042956 0.143668 0.313075 0.179170 -0.058718 0.052918 0.067184 -0.029064 0.054604 -0.064666 0.181013 0.047890 -0.364257 -0.131398 -0.099639 0.050898 -0.002585 -0.024498 -0.026230 0.101212 0.196994 -0.355197 -0.158725 0.094173 0.115530 -0.063044 -0.237327 0.035074 -0.170883 0.028967 0.020952 -0.111250 -0.171830 -0.138159 -0.226763 0.053840 -0.134922 0.225389 0.223866 0.214528 0.136035 0.044437 0.080290 0.092641 0.065197 -0.025904 -0.085327 -0.135506 -0.202681 -0.021215 0.098521 0.205715 -0.032242 0.074790 0.126123 -0.006072 -0.101940 -0.337668 -0.219772 -0.152490 -0.201262 -0.142545 -0.082727 -0.080452 -0.138546 0.248463 0.056689 -0.306748 -0.084606 -0.073097 -0.012887
0.370602 0.295096 -0.217662 -0.177889 -0.204713 -0.138454 -0.072053 -0.196235 -0.192885 -0.186289 0.461563 0.290890 0.369687 0.210047 0.305049 0.226736 1.000000 0.626242 0.084086 0.442758 0.031053 -0.239013 -0.160547 -0.160235 -0.056992 -0.310987 -0.143627 -0.071809 0.651133 0.048045 -0.139607 -0.216894 0.107014 -0.112646 -0.279747 -0.313548 0.338288 0.169602 0.234899 0.111813 0.244541 0.195049 -0.054344 -0.122325 -0.385715 -0.494010 0.063234 0.088460 -0.023227 -0.522797 -0.032559 -0.241123 0.082571 -0.030437 -0.129050 -0.075053 0.580289 0.326017 -0.005158 -0.240576 0.236811 -0.101942 0.544601 0.277432 -0.094166 -0.070974 -0.278992 -0.415574 0.409993 0.350765 -0.042265 -0.187769 0.489578 0.079585 0.326646 0.339580 0.305864 -0.145953 0.076305 -0.053920 0.469942 0.135179 0.236872 0.133891 0.143552 -0.012136 0.136582 -0.083390 -0.074389 -0.126270 0.092453 -0.013859 0.023050 -0.025379 0.099721 0.204562 0.151422 0.048701 0.015663 0.030765 -0.063770 -0.049356 0.050439 -0.183515 -0.231550 -0.096670 -0.320271 -0.104018 0.027387 0.153062 0.058101 0.069689 -0.110699 0.269952 0.134783 0.114636
0.427285 0.535103 -0.343917 -0.181730 -0.287477 -0.179169 -0.282068 -0.097536 -0.348046 -0.169414 0.555452 0.622366 0.491942 0.528463 0.362818 0.232573 0.626242 1.000000 -0.202211 0.359316 -0.030894 -0.253636 -0.290020 -0.220042 -0.155996 -0.310901 -0.102304 -0.069245 0.520961 0.274683 -0.243409 -0.298746 0.139530 -0.120416 -0.176240 -0.262574 0.350551 0.216563 0.168596 0.163960 0.145627 0.267687 -0.247256 -0.277937 -0.359236 -0.460948 -0.158222 -0.141818 0.069394 -0.394860 -0.066455 0.073720 0.161528 -0.217218 -0.164663 -0.277269 0.357690 0.185085 0.128593 0.020858 0.208238 0.273543 0.580628 0.445797 -0.265661 0.283255 -0.258490 -0.379863 0.241204 0.289879 -0.122080 -0.053900 0.387965 0.123185 0.291356 0.370788 0.256124 -0.114240 0.097420 -0.116510 0.499388 0.285025 0.055116 0.154756 0.231765 0.041117 0.108861 -0.031973 -0.199522 0.029242 0.012053 -0.190155 -0.136736 -0.128736 0.033224 0.213703 -0.002155 -0.077443 -0.036356 -0.130463 0.106350 -0.031053 0.197097 -0.106191 -0.174958 0.021635 -0.219156 -0.056041 -0.008814 -0.080509 -0.038701 -0.087732 -0.040935 0.275586 0.312716 0.096091
0.094335 -0.330748 0.362423 0.236601 0.284942 -0.066996 0.441450 0.071024 0.246975 0.070074 -0.172595 -0.473760 -0.096619 -0.302333 -0.085005 -0.088265 0.084086 -0.202211 1.000000 0.313063 0.289641 0.074631 0.345133 0.263828 0.100678 0.010189 0.108638 0.066310 0.158067 -0.107373 0.353206 0.307068 0.187732 0.142156 -0.107119 -0.246758 -0.048544 0.072971 0.179169 0.084344 0.169164 0.147877 -0.177431 -0.148574 -0.425275 -0.353856 0.036196 -0.065006 -0.399742 -0.256998 -0.085937 -0.483176 -0.002755 0.140171 0.133361 0.071418 0.174307 -0.035448 0.010243 -0.150539 0.133871 -0.337072 0.083842 -0.222186 0.214992 -0.395264 0.005450 -0.204595 0.244734 0.058096 0.187192 0.100518 0.112119 0.259498 0.251442 0.143963 0.157436 0.011844 -0.157131 0.122468 -0.133151 -0.174925 0.547227 0.203232 -0.159211 -0.237134 0.204458 0.228651 0.278237 0.015140 0.077391 0.240595 0.032348 0.067275 -0.129389 0.023581 0.088640 -0.194654 -0.007811 0.125189 -0.054891 0.238496 0.080399 -0.186484 -0.170274 -0.225606 -0.192936 -0.309189 -0.068120 0.155880 -0.091095 0.024917 -0.052354 -0.076413 -0.164074 -0.017807
0.284758 0.596355 -0.374321 -0.214203 -0.234731 -0.409666 -0.035272 -0.092191 -0.155643 -0.171192 0.158168 0.299870 -0.046599 0.258511 0.041492 -0.012580 0.442758 0.359316 0.313063 1.000000 0.222871 -0.100732 -0.403746 -0.363364 -0.211558 -0.415081 -0.237729 -0.267900 0.479847 0.217088 -0.190269 -0.200079 0.439202 0.363566 -0.403058 -0.286689 0.035324 0.208355 0.018765 0.021040 0.093396 0.137667 -0.271092 -0.420805 -0.431598 -0.402809 -0.066836 -0.201780 -0.326605 -0.370868 -0.570002 -0.405001 -0.002608 -0.219371 -0.209401 -0.340164 0.435621 0.520892 0.064747 0.109417 0.084662 0.136706 0.278027 0.114055 -0.361928 -0.084331 -0.055320 -0.330021 0.589260 0.580658 0.191745 0.052589 0.377188 0.267648 0.308980 0.340123 0.286366 0.163824 0.159262 0.020289 0.470618 0.299170 0.234828 0.281686 0.008439 -0.258446 -0.003204 -0.115219 -0.211913 -0.285388 0.180167 0.059555 0.167684 0.145095 -0.061490 0.052699 -0.106258 -0.058533 -0.196513 -0.158636 0.074051 0.014858 0.226259 0.164076 -0.127869 -0.046077 -0.174698 -0.187581 -0.026592 0.235161 -0.220289 -0.031798 0.174205 0.105152 -0.007592 -0.011931
-0.147721 -0.104025 0.028353 -0.145746 0.052743 -0.135152 0.158140 -0.140196 0.013625 -0.097754 -0.171774 -0.272354 -0.124786 -0.226262 -0.073179 -0.149964 0.031053 -0.030894 0.289641 0.222871 1.000000 0.672359 0.095797 -0.040474 0.198703 0.088281 0.213873 0.169437 0.113929 0.266202 0.272033 0.200934 0.220417 0.287517 -0.037189 0.103642 0.272784 0.464722 0.295156 0.397227 0.426032 0.657120 -0.154404 -0.087822 -0.277270 -0.069705 -0.049424 -0.136190 -0.368753 -0.087801 -0.232619 -0.243091 0.121903 0.018637 0.111719 -0.074251 0.056932 0.272760 -0.105073 -0.136416 -0.056127 -0.143911 -0.073436 -0.108100 -0.042596 -0.300433 0.067554 -0.080031 0.214384 0.094943 0.442860 0.474790 0.120037 0.696805 0.413676 0.554571 0.311132 0.334636 0.215584 0.429074 0.122663 0.265967 0.107259 -0.021862 0.034424 -0.071394 0.128447 -0.018982 0.027464 0.048360 -0.068941 0.013958 -0.113962 -0.009297 -0.218883 0.227118 -0.175716 -0.144777 -0.119142 0.026999 -0.199625 0.043838 0.232338 -0.116121 -0.306246 -0.327725 -0.360125 -0.415032 -0.083741 0.232566 -0.107526 0.345002 0.078532 0.144159 -0.092667 -0.098915
-0.284390 -0.158295 0.141157 -0.145235 0.199863 0.047874 0.171080 0.052173 0.166074 0.107971 -0.358138 -0.295315 -0.332747 -0.283864 -0.347571 -0.299357 -0.239013 -0.253636 0.074631 -0.100732 0.672359 1.000000 0.022653 -0.103128 0.243639 0.175166 0.353556 0.230165 -0.220937 0.081960 0.229575 0.147177 0.078373 0.171961 0.210582 0.316042 0.047265 0.266953 -0.057689 0.135114 0.165671 0.370664 -0.053715 0.000891 0.082702 0.285985 -0.032743 -0.106938 -0.091757 0.218431 -0.116528 0.096906 -0.007305 0.056860 0.084212 -0.054702 -0.178302 0.161482 -0.117114 0.020232 -0.153289 0.016058 -0.349163 -0.158293 0.059208 -0.038380 0.208408 0.178203 -0.097034 -0.204260 0.456787 0.508611 -0.096409 0.508058 0.165473 0.323631 0.165700 0.465453 0.172462 0.311238 -0.094100 0.103378 -0.251053 -0.290543 -0.247597 -0.129614 -0.243927 -0.275216 -0.122168 -0.087193 -0.064923 0.038230 -0.001680 0.102552 -0.190495 -0.048231 -0.265501 -0.109567 -0.089768 -0.062246 -0.011490 0.177109 0.324963 0.030270 -0.058231 -0.189073 -0.170484 -0.228937 -0.053397 0.104587 -0.134965 0.205006 0.065356 0.062178 -0.124545 -0.200144
-0.147893 -0.706198 0.743632 0.666314 0.084302 0.326675 0.333797 0.006412 0.217882 -0.037306 0.015607 -0.295783 0.200744 -0.398182 0.217219 0.036997 -0.160547 -0.290020 0.345133 -0.403746 0.095797 0.022653 1.000000 0.837043 0.623117 0.667627 0.141451 0.481661 -0.243284 -0.423835 0.627383 0.543340 -0.279631 -0.128879 0.353281 0.165713 -0.037091 -0.140430 0.257603 -0.087596 -0.007735 0.028604 0.006653 0.387097 -0.120453 -0.045628 -0.017857 0.165384 -0.038740 -0.150351 0.699183 -0.161635 -0.026978 0.178320 0.246934 0.167190 -0.018634 -0.408979 -0.326686 -0.472367 0.006023 -0.428986 -0.157139 -0.393759 0.577815 -0.163726 -0.119130 0.042178 -0.080489 -0.245440 -0.127313 -0.042983 -0.288250 -0.104921 -0.090033 -0.014664 -0.205553 -0.212206 -0.148383 0.078507 -0.445497 -0.389009 0.236610 -0.059347 0.146598 0.194254 0.491086 0.396430 0.744054 0.552282 -0.334356 -0.054919 -0.299702 -0.206847 -0.003782 -0.000547 0.217110 -0.231341 -0.045140 0.204379 -0.197409 -0.024741 -0.351574 -0.435882 -0.142563 -0.356284 -0.152560 -0.272329 -0.032556 0.017268 0.420380 0.199345 -0.347857 -0.187240 -0.226207 -0.039656
-0.192679 -0.661480 0.712298 0.853776 0.132535 0.244800 0.365975 0.270788 0.378803 0.249282 0.049336 -0.125196 0.193858 -0.195044 0.256393 0.214580 -0.160235 -0.220042 0.263828 -0.363364 -0.040474 -0.103128 0.837043 1.000000 0.566159 0.696703 0.034726 0.330823 -0.193076 -0.357374 0.636118 0.634041 -0.444684 -0.051347 0.238438 0.211260 -0.180289 -0.252211 0.138883 -0.237248 -0.016323 0.023686 -0.035247 0.276344 -0.073533 0.017248 -0.129706 0.085239 -0.036182 -0.207754 0.623892 -0.168697 -0.217534 -0.012985 -0.068481 0.000660 -0.176853 -0.597622 -0.428252 -0.501705 -0.069215 -0.441616 -0.253550 -0.462375 0.651438 -0.028209 -0.241390 0.123983 -0.169251 -0.267606 -0.119337 -0.145919 -0.352349 -0.233655 -0.188755 -0.081205 -0.318440 -0.256131 -0.345425 -0.096191 -0.523133 -0.468825 0.225097 0.117839 0.141874 0.166900 0.317709 0.456647 0.651717 0.442583 -0.322971 -0.137582 -0.201056 -0.160399 -0.005657 0.020830 0.142324 -0.231078 -0.142590 0.082646 -0.145507 -0.055158 -0.427883 -0.324830 -0.086648 -0.305105 -0.034797 -0.222548 0.029595 -0.055123 0.368062 0.108258 -0.194128 -0.168640 -0.195803 0.031467
-0.156384 -0.392511 0.490335 0.430762 -0.143616 0.326660 0.125251 -0.119940 0.238159 0.029770 0.116357 0.013971 0.167561 -0.166600 0.257575 0.193602 -0.056992 -0.155996 0.100678 -0.211558 0.198703 0.243639 0.623117 0.566159 1.000000 0.811089 0.156715 0.455380 -0.186959 -0.395775 0.406566 0.316244 -0.291358 0.025629 0.319308 0.416022 0.010667 -0.098429 0.138872 -0.206093 -0.009444 0.057421 -0.051097 0.313512 -0.037820 0.068180 -0.134039 0.155370 0.139420 -0.034565 0.471033 -0.035849 -0.017337 -0.030150 0.016763 -0.069768 0.020443 -0.211253 -0.381321 -0.320229 -0.049268 -0.187512 -0.210856 -0.325432 0.362603 0.038811 -0.086634 0.095137 0.149626 0.021341 0.012600 -0.054859 -0.336642 -0.176267 -0.066769 -0.007031 -0.225188 -0.093404 -0.115489 -0.087477 -0.191359 -0.310343 -0.048848 -0.123849 0.157213 0.166526 0.234191 0.001407 0.547115 0.419193 -0.357877 -0.134610 -0.278860 -0.082261 -0.027345 -0.122671 0.099061 -0.182183 -0.346208 0.022632 -0.301580 -0.096524 -0.327584 -0.165408 -0.050012 -0.340523 -0.078666 -0.131265 -0.061270 -0.020223 0.602058 0.153374 -0.197302 -0.195980 -0.379292 -0.290042
-0.425166 -0.503553 0.477293 0.620048 -0.037939 0.378615 0.125001 0.007820 0.273047 0.147452 -0.087793 -0.054988 -0.013236 -0.189053 0.172893 0.145388 -0.310987 -0.310901 0.010189 -0.415081 0.088281 0.175166 0.667627 0.696703 0.811089 1.000000 0.213328 0.534867 -0.364245 -0.321056 0.574908 0.541616 -0.417477 0.084829 0.425834 0.542347 -0.071562 -0.145937 0.113565 -0.242243 -0.008748 0.079976 -0.015800 0.398877 0.128634 0.320930 -0.184290 0.132721 -0.003370 0.009092 0.466092 -0.052443 -0.209091 -0.195150 -0.125021 -0.023776 -0.195978 -0.356786 -0.497959 -0.357863 -0.207314 -0.223077 -0.398580 -0.433473 0.473146 0.040049 -0.004470 0.300317 -0.064612 -0.190495 -0.131356 0.046768 -0.495041 -0.207057 -0.115114 -0.063394 -0.335378 -0.103823 -0.191478 -0.050103 -0.378597 -0.345087 -0.070429 0.010973 0.169878 0.247750 0.171062 0.121496 0.561583 0.460054 -0.600372 -0.400796 -0.395096 -0.255719 -0.051569 -0.142521 0.081798 -0.166091 -0.393326 -0.131236 -0.242986 -0.206183 -0.388902 -0.206170 0.128516 -0.145423 0.121472 -0.014682 -0.106457 -0.210948 0.540578 0.010661 -0.201212 -0.226376 -0.286533 -0.202167
-0.149947 -0.169975 0.076195 0.115428 0.497064 0.564769 0.026629 -0.010840 0.067029 0.097286 -0.198975 -0.250691 -0.143240 -0.217442 -0.086793 -0.040901 -0.143627 -0.102304 0.108638 -0.237729 0.213873 0.353556 0.141451 0.034726 0.156715 0.213328 1.000000 0.702240 -0.366534 -0.040061 0.136465 -0.027804 -0.026819 -0.226874 -0.011350 -0.072991 0.005595 -0.122747 0.084169 0.223247 0.071246 0.133439 -0.242935 -0.093769 -0.158440 -0.078286 -0.151297 -0.207275 -0.027337 0.048377 0.102016 0.028394 0.131460 0.015830 0.238335 0.062751 -0.048051 0.077695 0.197616 0.183096 0.177822 0.114990 -0.071660 0.039420 0.016153 -0.125920 0.271244 0.042019 0.066786 -0.064442 0.017218 0.012849 -0.190669 0.187104 0.102706 0.027196 -0.233307 -0.194256 -0.031367 0.116110 -0.149686 -0.063258 0.002350 -0.153897 -0.064517 0.064655 -0.023899 0.042358 0.113050 0.212560 -0.062276 -0.011470 -0.172980 -0.121193 -0.236964 -0.102315 -0.043379 -0.065507 0.023921 0.026343 -0.014410 0.250687 0.190649 0.055039 0.147915 0.097592 0.163344 0.050866 -0.069238 -0.232387 -0.039372 -0.176010 -0.069089 0.096472 0.100833 0.019819
-0.148792 -0.262591 0.139501 0.357365 0.161271 0.665809 -0.172049 -0.238505 -0.057303 -0.140799 -0.029603 -0.074269 0.041165 -0.310741 0.208870 0.049227 -0.071809 -0.069245 0.066310 -0.267900 0.169437 0.230165 0.481661 0.330823 0.455380 0.534867 0.702240 1.000000 -0.309753 -0.229748 0.251880 0.149375 -0.097029 -0.227619 0.203843 0.005544 0.188271 -0.031288 0.289912 0.225489 0.122359 0.166864 -0.164348 0.254111 -0.302505 -0.173423 -0.121490 0.070361 -0.030305 -0.183529 0.364771 -0.013995 0.197005 0.001100 0.321050 0.177708 0.098889 0.001820 0.028367 -0.017138 0.037220 -0.034602 0.050588 -0.044395 0.042350 -0.158552 0.140289 0.042747 0.148799 -0.036781 -0.257579 -0.022652 -0.173181 0.063068 0.203617 0.133695 -0.160339 -0.219076 0.035532 0.073129 -0.066360 -0.138582 0.061748 -0.052679 0.071014 0.208809 0.273346 0.156858 0.442465 0.596269 -0.319675 -0.188313 -0.373057 -0.306509 -0.030394 -0.067294 0.152611 -0.086496 -0.031713 0.068554 -0.066547 0.057339 -0.018814 -0.223655 0.066443 -0.025775 -0.019355 -0.092060 -0.143593 -0.073064 0.404978 0.034162 -0.310833 0.027458 0.005281 -0.026445
0.252938 0.225413 -0.279806 -0.278339 -0.223952 -0.451448 0.066929 -0.071781 -0.128564 -0.090789 0.397550 0.243734 0.322139 0.280279 0.393194 0.317679 0.651133 0.520961 0.158067 0.479847 0.113929 -0.220937 -0.243284 -0.193076 -0.186959 -0.364245 -0.366534 -0.309753 1.000000 0.401747 -0.003268 0.052349 0.000137 0.146749 -0.254410 -0.225090 0.358769 0.281896 0.214258 0.093468 0.340246 0.221461 0.056527 -0.196664 -0.286191 -0.425657 0.215699 0.113324 -0.163599 -0.350164 -0.299775 -0.283860 0.164268 0.008973 -0.131969 -0.027443 0.324618 0.105080 0.014766 -0.192487 0.077146 -0.052717 0.439464 0.199138 -0.156414 -0.080597 -0.487215 -0.581617 0.089570 0.114211 -0.040646 0.078740 0.685069 0.204761 0.414881 0.434344 0.416947 0.084771 0.128386 -0.072663 0.505202 0.357160 0.451034 0.483484 0.100559 -0.120923 0.038715 0.024958 -0.217018 -0.255278 0.121760 0.012082 0.023284 -0.038305 0.081438 0.250210 0.119569 -0.027079 0.154700 0.069607 0.065872 0.014761 0.129058 -0.289533 -0.302517 -0.188444 -0.380603 -0.268505 -0.059817 0.167979 -0.083197 0.242751 -0.050574 0.129502 0.019940 -0.002890
-0.226629 0.217216 -0.481790 -0.443148 -0.010372 -0.446653 -0.146204 0.015407 -0.175498 -0.078980 -0.160813 0.018057 -0.114760 0.157258 0.022740 0.112124 0.048045 0.274683 -0.107373 0.217088 0.266202 0.081960 -0.423835 -0.357374 -0.395775 -0.321056 -0.040061 -0.229748 0.401747 1.000000 -0.041519 0.066858 0.125288 0.292893 -0.096712 -0.068769 0.447271 0.531859 0.247019 0.394958 0.496708 0.453765 -0.062884 -0.302856 -0.001708 -0.029233 -0.021738 -0.141275 -0.346817 -0.013106 -0.557105 -0.156433 -0.057599 -0.207663 -0.166108 0.016402 -0.113662 0.164909 0.047234 0.065277 -0.218100 0.107537 0.032286 0.186443 -0.284302 -0.135916 -0.150442 -0.236840 -0.125811 -0.048678 0.198935 0.433263 0.455844 0.512886 0.388066 0.470233 0.409543 0.293222 0.280911 0.360911 0.429296 0.596544 0.060409 0.294681 0.026621 -0.075978 -0.176461 0.015303 -0.540634 -0.354478 -0.057223 -0.247726 -0.122779 -0.153118 -0.047848 0.257058 -0.064902 0.051059 0.057761 -0.077903 0.075617 -0.167262 0.270931 -0.005084 0.010787 0.135101 -0.043090 -0.114384 0.102883 -0.023931 -0.314164 0.067239 0.197706 0.203094 0.180451 0.000996
-0.415333 -0.515057 0.517260 0.507731 0.039855 -0.121025 0.467264 0.273759 0.256029 0.100212 -0.263831 -0.342305 -0.057596 -0.334078 -0.036604 -0.136382 -0.139607 -0.243409 0.353206 -0.190269 0.272033 0.229575 0.627383 0.636118 0.406566 0.574908 0.136465 0.251880 -0.003268 -0.041519 1.000000 0.871565 -0.217119 0.397223 0.390431 0.322330 -0.075186 -0.084456 0.210808 -0.180185 0.149701 0.160985 -0.169151 0.074428 -0.105222 0.120049 -0.159262 -0.104620 -0.409698 -0.162476 0.297795 -0.343608 -0.247996 -0.165680 -0.179567 -0.084960 -0.101175 -0.240068 -0.548563 -0.521832 -0.173973 -0.305005 -0.267170 -0.359306 0.598189 -0.162973 -0.153881 0.119347 -0.197667 -0.328361 0.113931 0.378699 -0.117278 0.112513 0.087918 0.180769 -0.052893 0.133931 -0.067443 0.184736 -0.324862 -0.143144 0.249838 0.252353 0.021073 0.019575 0.149513 0.333510 0.430131 0.165770 -0.490644 -0.311233 -0.324682 -0.275445 -0.165889 -0.084061 0.050793 -0.283035 -0.277500 -0.121196 -0.207403 -0.154359 -0.197469 -0.316022 -0.024938 -0.307225 -0.034454 -0.294423 -0.127338 -0.065586 0.157500 0.068678 -0.165111 -0.223651 -0.307609 -0.182094
-0.466885 -0.512511 0.430565 0.452823 0.013689 -0.208482 0.398102 0.238730 0.270555 0.083242 -0.264053 -0.340227 -0.062085 -0.330564 -0.060872 -0.127100 -0.216894 -0.298746 0.307068 -0.200079 0.200934 0.147177 0.543340 0.634041 0.316244 0.541616 -0.027804 0.149375 0.052349 0.066858 0.871565 1.000000 -0.277974 0.544374 0.302929 0.327650 -0.016215 -0.030366 0.238058 -0.109800 0.167759 0.129978 -0.034574 0.093694 -0.017009 0.146590 -0.090867 -0.012990 -0.423965 -0.146519 0.185756 -0.358151 -0.275509 -0.219179 -0.252746 -0.028982 -0.214291 -0.317750 -0.499727 -0.483069 -0.308035 -0.370255 -0.315780 -0.337758 0.484369 -0.253377 -0.200483 0.101807 -0.301189 -0.392674 -0.010852 0.360295 -0.043735 0.047569 0.079773 0.190798 -0.029603 0.152454 -0.120155 0.069587 -0.285402 -0.047598 0.258137 0.386185 -0.024828 -0.013358 0.109841 0.416448 0.297231 0.096999 -0.446537 -0.332853 -0.287235 -0.257978 -0.000856 0.063205 0.086165 -0.169286 -0.154021 -0.048626 -0.220287 -0.191952 -0.183543 -0.321819 -0.073228 -0.267020 -0.042863 -0.312374 -0.030194 0.102187 0.177382 0.231238 -0.026337 -0.164793 -0.286958 -0.160579
0.230193 0.445035 -0.356710 -0.375115 -0.298292 -0.240429 -0.270324 -0.370177 -0.409330 -0.444411 -0.054613 -0.041033 -0.018148 -0.067410 -0.248527 -0.436586 0.107014 0.139530 0.187732 0.439202 0.220417 0.078373 -0.279631 -0.444684 -0.291358 -0.417477 -0.026819 -0.097029 0.000137 0.125288 -0.217119 -0.277974 1.000000 0.219749 -0.170877 -0.366761 0.210060 0.216588 0.143225 0.272971 0.021895 0.059467 -0.327031 -0.339575 -0.350960 -0.313657 -0.037452 -0.280304 -0.237736 -0.104189 -0.371699 -0.234554 0.202361 -0.014302 0.134391 -0.152691 0.312761 0.626362 0.281803 0.225821 0.080930 0.121381 0.318835 0.276062 -0.504458 -0.269413 0.249960 -0.249354 0.323175 0.274191 0.158561 0.267665 0.258478 0.393331 0.232609 0.211006 0.361282 0.189463 0.413576 0.345142 0.440102 0.427165 -0.051125 -0.210041 -0.012287 -0.151271 0.069074 -0.231490 -0.234764 -0.162579 0.066030 0.073337 -0.026414 0.028139 0.047519 0.059610 -0.042904 0.109075 -0.100163 -0.032545 -0.154291 -0.036725 0.279398 0.292094 0.015192 0.130289 -0.004413 -0.042978 0.067944 0.275933 -0.164521 -0.117970 0.182483 0.146283 0.188499 0.050529
-0.299301 0.196207 -0.110695 -0.092241 -0.250759 -0.568553 0.111375 0.101727 0.086634 -0.079144 -0.296845 -0.109898 -0.204555 -0.093152 -0.334353 -0.284858 -0.112646 -0.120416 0.142156 0.363566 0.287517 0.171961 -0.128879 -0.051347 0.025629 0.084829 -0.226874 -0.227619 0.146749 0.292893 0.397223 0.544374 0.219749 1.000000 0.112544 0.245789 -0.018546 0.123415 0.029493 -0.109730 0.109721 0.152914 -0.296790 -0.362855 -0.030930 0.133315 -0.276510 -0.362800 -0.506200 -0.058149 -0.358385 -0.338318 -0.155903 -0.405331 -0.386810 -0.391792 -0.008175 0.304325 -0.326332 -0.127370 -0.241658 0.076639 -0.143718 0.048239 -0.006991 -0.269859 0.062415 0.157956 0.103922 0.095091 0.148826 0.498596 0.102174 0.178273 0.143068 0.217891 0.166690 0.374267 0.194388 0.063597 0.216537 0.391812 0.000723 0.286843 -0.040266 -0.071791 -0.151104 0.000604 -0.132282 -0.221019 -0.274445 -0.337254 -0.153329 -0.094687 -0.150040 -0.071273 -0.227231 -0.162302 -0.377135 -0.266437 -0.115079 -0.226565 0.099533 0.113729 -0.027773 -0.154180 -0.011108 -0.231802 -0.078816 0.175059 -0.087233 0.047363 0.244682 -0.172567 -0.251161 -0.278978
-0.332512 -0.289920 0.297553 0.224501 -0.112496 0.029370 0.026432 0.251715 0.137919 0.085450 -0.279499 -0.037471 -0.090666 -0.164883 -0.171875 -0.107288 -0.279747 -0.176240 -0.107119 -0.403058 -0.037189 0.210582 0.353281 0.238438 0.319308 0.425834 -0.011350 0.203843 -0.254410 -0.096712 0.390431 0.302929 -0.170877 0.112544 1.000000 0.578474 0.064475 0.124183 -0.118953 -0.230885 -0.047544 -0.033100 -0.001619 0.258810 0.268929 0.448070 -0.149820 -0.006596 0.002490 0.192794 0.316198 0.244042 -0.231766 -0.075542 0.075963 0.023389 -0.086929 -0.238582 -0.480577 -0.352458 -0.216581 0.014514 -0.300181 -0.275253 0.424883 0.174883 0.099591 0.438159 -0.266173 -0.323752 -0.037750 0.265826 -0.266821 -0.005865 0.058153 -0.026758 0.214391 0.369088 -0.004391 0.094636 -0.215508 -0.188619 -0.265212 -0.117328 -0.037696 0.221702 -0.072538 -0.052299 0.331558 0.215540 -0.469130 -0.313990 -0.234526 -0.149503 -0.236040 -0.347504 -0.016700 -0.336036 -0.216300 -0.132333 0.120533 -0.126240 -0.115629 -0.248948 0.094934 -0.183348 -0.042683 -0.127110 -0.240130 -0.237484 0.264960 -0.023007 -0.303430 -0.411652 -0.240715 -0.350926
-0.368828 -0.300368 0.315446 0.165188 -0.026863 -0.051733 0.280176 0.292248 0.444956 0.356378 -0.156699 0.127991 -0.131320 0.103164 -0.112614 0.060402 -0.313548 -0.262574 -0.246758 -0.286689 0.103642 0.316042 0.165713 0.211260 0.416022 0.542347 -0.072991 0.005544 -0.225090 -0.068769 0.322330 0.327650 -0.366761 0.245789 0.578474 1.000000 -0.228119 -0.055930 -0.334519 -0.449109 -0.131790 -0.003162 0.184533 0.309747 0.589872 0.760972 -0.065900 0.121457 0.208779 0.351769 0.098779 0.229022 -0.502276 -0.203552 -0.242714 -0.124156 -0.241733 -0.346837 -0.587757 -0.325368 -0.217441 0.053549 -0.642448 -0.429964 0.468702 0.413456 -0.048930 0.446914 -0.248546 -0.220533 0.122605 0.251420 -0.385258 -0.066390 -0.141336 0.024135 0.038049 0.518740 -0.246195 -0.068288 -0.377390 -0.267564 -0.381589 -0.100590 -0.100118 0.009600 -0.271091 -0.209647 0.107412 -0.085914 -0.399024 -0.288570 -0.126070 0.018139 -0.271943 -0.327877 -0.125384 -0.281058 -0.385119 -0.248160 -0.019920 -0.062494 -0.206500 -0.176319 -0.019019 -0.208318 0.012441 -0.093090 -0.265778 -0.185716 0.232632 0.055192 -0.149105 -0.336878 -0.342143 -0.351664
