1.000000 0.586184 -0.240365 -0.277452 -0.380737 -0.442724 -0.142058 -0.308492 -0.284911 -0.485052 0.586887 0.264492 0.553300 0.271304 -0.037615 -0.055500 0.415412 0.377196 -0.110732 0.225531 -0.299337 -0.114564 -0.196101 -0.300286 -0.446885 -0.457106 -0.387939 -0.350486 0.301154 0.169103 -0.366714 -0.392803 0.291291 0.216818 -0.081673 -0.127785 0.339607 0.284010 0.024790 0.073709 0.439692 0.213929 -0.454646 -0.460402 -0.579822 -0.467007 -0.467272 -0.341381 -0.222039 -0.514048 -0.086744 -0.454322 0.094629 -0.442109 -0.113788 -0.267338 0.678333 0.343884 0.302340 0.330340 0.400397 0.427010 0.350282 0.463044 -0.192948 0.055935 0.142201 -0.022692 0.290396 0.125560 -0.319598 -0.187677 0.280879 -0.016407 0.355248 0.093037 0.377143 0.263360 0.377521 0.377393 0.443639 0.429760 0.137301 0.085143 0.033523 -0.017794 -0.147701 -0.060881 -0.142793 -0.271025 -0.191924 -0.020286 -0.127063 0.141229 -0.062016 -0.160260 -0.142771 -0.169411 -0.259710 0.014886 0.016628 0.230716 0.198087 0.153169 -0.069547 -0.071463 -0.035212 0.116457 -0.120105 -0.135381 -0.058125 -0.028227 -0.054657 0.109876 -0.129332 -0.158599
0.586184 1.000000 -0.382427 -0.102822 -0.464673 -0.345169 -0.389057 -0.127209 -0.352135 -0.404453 0.426005 0.327321 0.329339 0.277809 -0.214380 -0.082119 0.259348 0.343674 -0.275042 0.328266 -0.290146 -0.106950 -0.311984 -0.351255 -0.554837 -0.475192 -0.292559 -0.234666 0.087081 0.083151 -0.601674 -0.504346 0.279731 0.267833 -0.046961 -0.006361 0.199835 0.354464 0.046804 0.141021 0.277886 0.130804 -0.365580 -0.367123 -0.469054 -0.287634 -0.326051 -0.303889 -0.199238 -0.420950 -0.159490 -0.316125 -0.114387 -0.381016 -0.125349 -0.307660 0.500969 0.666957 0.197215 0.385689 0.258266 0.539958 0.134382 0.443239 -0.220812 0.230838 -0.000018 -0.010547 0.215966 0.084401 -0.369710 -0.159161 0.089164 -0.004475 0.065404 -0.037566 0.166154 0.222968 0.290246 0.328791 0.289709 0.294947 -0.077792 0.022261 0.079807 0.042895 -0.227128 -0.115453 -0.156156 -0.202186 -0.205867 -0.150282 0.001799 0.037877 0.013972 -0.031477 -0.170605 -0.033835 -0.192964 -0.010629 0.130439 0.265796 0.285518 0.164868 0.195151 0.017352 -0.118393 -0.011627 0.046465 -0.159897 -0.032438 0.188344 0.116277 0.349231 0.065750 0.079838
-0.240365 -0.382427 1.000000 0.484879 0.666824 0.407260 0.602527 0.423053 0.355253 0.322903 -0.047445 -0.379997 -0.146315 -0.133881 0.318761 -0.000411 -0.390278 -0.343288 0.423200 -0.246557 -0.013046 -0.154790 0.638013 0.578770 0.739821 0.586990 0.490987 0.326272 -0.327726 -0.499338 0.562207 0.325036 -0.307553 -0.210521 0.091474 0.042859 -0.403529 -0.509541 -0.292933 -0.347943 -0.455299 -0.412040 -0.174997 -0.148712 0.044865 -0.050723 -0.135709 -0.201175 0.141802 0.012272 0.181476 0.062279 -0.094745 0.036517 0.052220 -0.145570 -0.444805 -0.340065 0.342065 -0.179097 0.314935 -0.273795 -0.204693 -0.284826 0.688333 0.053124 0.062584 0.091980 0.119408 0.318250 0.063059 -0.092597 -0.484693 -0.269011 -0.362201 -0.242680 -0.401280 -0.359669 -0.359544 -0.341336 -0.549035 -0.591586 0.122632 -0.113495 -0.223384 -0.304270 0.224632 0.183438 0.385882 0.316499 0.088651 0.111902 0.186859 0.237104 -0.168887 -0.001216 -0.060897 -0.208645 -0.192885 -0.350601 -0.043086 -0.016077 -0.109296 0.074713 0.160913 0.213092 0.265393 0.316535 -0.040064 0.142266 -0.151227 -0.414913 -0.255955 -0.195708 0.061614 -0.199124
-0.277452 -0.102822 0.484879 1.000000 0.265527 0.290163 -0.009563 0.691897 -0.012334 0.351152 -0.194799 -0.068855 -0.284942 -0.100515 0.243395 0.007498 -0.415516 -0.284488 0.427647 0.049870 -0.112264 -0.095294 0.343752 0.740213 0.341205 0.500868 0.221901 0.255195 -0.450582 -0.362249 0.432704 0.410455 -0.442718 -0.134448 -0.104532 0.068867 -0.472056 -0.470962 -0.298599 -0.291162 -0.558562 -0.314084 -0.215472 -0.115215 -0.143275 -0.127010 -0.150838 -0.174801 -0.244778 -0.179761 -0.207955 -0.151835 -0.366396 0.013994 -0.193958 -0.279898 -0.330543 -0.261719 0.103332 -0.008692 0.028014 0.092470 -0.395444 -0.246713 0.598928 0.240568 -0.188445 0.105566 0.048921 0.301495 -0.143966 -0.017618 -0.525217 -0.215096 -0.360117 -0.171851 -0.409504 -0.139492 -0.345112 -0.277084 -0.421027 -0.482281 0.189724 0.109451 -0.006531 -0.281021 0.203102 0.443410 0.480562 0.376857 0.045142 0.104270 0.531528 0.213272 -0.250717 0.010263 -0.269436 -0.207040 -0.218768 -0.235950 0.197883 0.187287 0.074280 0.080059 0.300557 0.255740 0.207569 0.228525 0.013298 0.030186 -0.180851 -0.313974 -0.061329 -0.050595 0.076805 -0.076698
-0.380737 -0.464673 0.666824 0.265527 1.000000 0.586132 0.479473 0.297617 0.692879 0.610894 -0.157768 -0.325665 -0.191149 -0.162210 0.262818 0.114768 -0.214251 -0.270309 0.361421 -0.225096 0.274436 -0.086475 0.401818 0.361395 0.682025 0.527184 0.603925 0.478918 -0.143404 -0.256366 0.488194 0.286193 -0.309590 -0.227545 -0.038134 -0.014726 -0.335437 -0.437706 -0.339052 -0.428031 -0.215030 -0.131269 0.046052 0.047273 0.297392 0.103076 0.088723 0.039601 0.229886 0.277968 0.104597 0.221269 -0.090137 0.212470 -0.045131 -0.023386 -0.481522 -0.379410 0.186596 -0.332821 0.177026 -0.249027 -0.177545 -0.302137 0.512105 -0.032101 -0.191330 -0.110787 -0.022659 0.053436 0.262805 0.057167 -0.187516 0.034684 -0.257189 -0.029935 -0.291414 -0.269374 -0.292232 -0.249643 -0.341336 -0.392098 0.117862 -0.059148 -0.037814 -0.145819 0.146277 -0.101094 0.177449 0.079603 0.136802 0.105790 0.031724 -0.005893 -0.247686 -0.232034 -0.057558 -0.246445 -0.036678 -0.198329 -0.078377 -0.279911 -0.259674 -0.051367 0.042863 0.064892 0.169682 0.219193 -0.190368 -0.128577 -0.232075 -0.312460 -0.255482 -0.352006 0.040753 -0.180755
-0.442724 -0.345169 0.407260 0.290163 0.586132 1.000000 0.134279 0.250487 0.553826 0.613070 -0.248962 -0.247933 -0.241014 -0.080538 0.140646 0.066409 -0.255932 -0.389384 0.172320 -0.353461 0.309549 0.152583 0.510624 0.386084 0.466984 0.656199 0.769088 0.818056 -0.343227 -0.444116 0.295681 0.076392 -0.313528 -0.442063 0.098364 0.144351 -0.332105 -0.391588 -0.038280 -0.168909 -0.315815 -0.174415 0.258334 0.265423 0.187588 0.167125 0.241850 0.270685 0.245871 0.233086 0.256351 0.272636 -0.104538 0.347745 0.228890 0.195153 -0.346762 -0.183680 0.003999 -0.349893 -0.002344 -0.289712 -0.329734 -0.400194 0.301494 0.048819 -0.221042 -0.088732 -0.065040 -0.097063 0.335931 0.065577 -0.351700 0.128981 -0.301311 0.071578 -0.172619 -0.180617 -0.187513 -0.287505 -0.371756 -0.475944 -0.172137 -0.373581 0.114244 0.026011 0.162784 -0.071074 0.336216 0.395737 0.089603 -0.088821 0.005186 -0.177314 -0.197152 -0.447870 0.056782 -0.254183 0.058514 -0.115293 -0.085315 -0.336204 -0.240850 -0.214868 0.013910 0.039724 0.263914 0.218253 -0.310096 -0.205875 -0.020148 -0.212253 -0.161533 -0.176677 0.064288 -0.092094
-0.142058 -0.389057 0.602527 -0.009563 0.479473 0.134279 1.000000 0.321961 0.470873 0.294116 -0.085116 -0.418514 -0.111958 -0.146322 0.061374 0.153002 -0.091389 0.001011 0.240439 -0.090737 0.212244 0.090899 0.094979 0.069677 0.524933 0.121089 0.244766 0.000533 0.025236 -0.024993 0.348544 0.234951 -0.055610 -0.042623 -0.210608 -0.291006 -0.012754 -0.253365 -0.170840 -0.103716 -0.002505 -0.050752 -0.101866 -0.164447 0.128433 -0.159452 -0.100676 -0.120305 0.106286 0.174739 -0.031015 0.098818 0.252327 0.082700 -0.141515 -0.118890 -0.152610 -0.293559 0.245546 -0.018788 0.333667 -0.135066 0.323256 0.128608 0.192130 -0.250277 0.150202 -0.094624 0.025804 0.096279 0.145337 -0.058146 0.096664 -0.062092 0.014582 -0.126682 -0.233832 -0.366488 -0.210944 -0.077610 -0.077309 -0.136660 0.114536 0.117630 -0.189589 -0.122504 -0.108638 -0.202838 -0.104704 -0.058358 0.119571 0.113082 -0.047807 -0.013641 -0.089926 0.041070 -0.003605 -0.034321 -0.066940 -0.191035 -0.055413 0.088373 -0.021032 -0.063304 -0.121241 -0.123312 -0.018727 0.071570 -0.030186 0.030616 -0.101851 -0.258049 -0.320299 -0.279050 -0.258031 -0.262785
-0.308492 -0.127209 0.423053 0.691897 0.297617 0.250487 0.321961 1.000000 0.184876 0.619462 -0.211444 0.055061 -0.212797 0.177902 0.001054 0.201629 -0.424490 -0.111619 0.112551 -0.192965 -0.037801 0.035660 -0.007733 0.412155 0.358998 0.307136 0.066188 0.045584 -0.340870 -0.351093 0.205413 0.267434 -0.373832 -0.045037 -0.083026 0.135041 -0.272031 -0.338829 -0.331577 -0.331922 -0.285558 -0.212476 -0.227842 -0.201761 -0.062887 -0.049137 -0.231225 -0.194631 -0.162984 -0.113652 -0.213336 -0.121589 -0.171577 0.013447 -0.292692 -0.380492 -0.276327 -0.380290 0.201404 -0.030382 0.293031 0.332057 -0.018209 0.041811 0.403912 0.379921 -0.056531 0.143241 -0.126728 0.119954 -0.181383 -0.116476 -0.291020 -0.189727 -0.358043 -0.196541 -0.433395 -0.211340 -0.242007 -0.303381 -0.247832 -0.398051 -0.003842 0.078534 0.102426 -0.013171 -0.242768 0.130932 0.266359 0.285111 -0.103235 -0.062878 0.502229 0.013246 -0.295637 -0.035974 -0.299019 -0.236792 -0.250812 -0.270840 0.383278 0.203069 0.113699 -0.098342 0.059677 -0.074124 -0.048867 0.186068 0.018777 -0.109983 -0.159940 -0.332845 -0.219795 -0.125621 -0.139177 -0.113179
-0.284911 -0.352135 0.355253 -0.012334 0.692879 0.553826 0.470873 0.184876 1.000000 0.573103 0.083436 -0.272263 0.095267 0.002521 0.342271 0.433742 0.091721 0.071879 0.181084 -0.184806 0.288722 0.007779 0.162753 0.034710 0.354032 0.197666 0.468289 0.356540 0.187027 -0.080151 0.178244 0.015914 -0.182053 -0.285316 -0.214411 -0.200736 0.040335 -0.160831 -0.034467 -0.108151 0.055705 0.124626 0.193471 0.089187 0.250596 -0.094712 0.230177 0.227511 0.321110 0.370002 0.087596 0.301909 0.194665 0.366827 0.055391 0.087848 -0.276219 -0.254167 0.104855 -0.261400 0.281682 -0.155792 0.197090 0.001609 0.104524 -0.240354 -0.240655 -0.351528 -0.152603 -0.188974 0.325429 0.022983 0.155486 0.287840 -0.037938 0.255037 -0.063357 -0.233046 -0.174007 -0.184611 0.001722 -0.095357 0.137307 0.021067 0.122189 0.159002 -0.026194 -0.399548 -0.089557 -0.096945 0.079682 -0.017412 -0.200514 -0.368413 -0.347072 -0.441475 -0.020610 -0.327954 0.077774 -0.218513 -0.045469 -0.301062 -0.253364 -0.358224 -0.256388 -0.233385 -0.046290 0.107522 -0.378532 -0.310149 -0.345223 -0.242738 -0.361230 -0.448169 -0.248097 -0.349894
-0.485052 -0.404453 0.322903 0.351152 0.610894 0.613070 0.294116 0.619462 0.573103 1.000000 -0.344473 -0.055848 -0.268275 0.034599 0.042674 0.279418 -0.385120 -0.225446 0.104301 -0.304833 0.300807 0.115392 0.091166 0.289578 0.477775 0.483195 0.351238 0.403664 -0.195441 -0.184266 0.256151 0.195627 -0.344804 -0.201158 -0.060596 0.113387 -0.215306 -0.344180 -0.205042 -0.339111 -0.166826 -0.009029 0.058995 0.057166 0.193261 0.149961 0.052138 0.048468 0.054419 0.147181 -0.069628 0.081717 -0.135903 0.198488 -0.102765 -0.120222 -0.400518 -0.419273 0.064638 -0.391563 0.203959 0.052316 -0.086849 -0.204384 0.333075 0.273118 -0.213857 -0.009583 -0.148324 -0.056840 0.271304 0.080098 -0.142022 0.069458 -0.282654 0.064773 -0.314314 -0.247099 -0.250366 -0.304725 -0.269606 -0.401054 -0.148111 -0.032960 0.182243 0.066948 -0.192886 -0.030283 0.240906 0.198741 -0.019525 -0.139365 0.260328 -0.196390 -0.284669 -0.253894 -0.171135 -0.259430 -0.077010 -0.176469 0.207620 -0.177369 -0.163302 -0.211519 -0.036253 -0.080164 0.020670 0.122631 -0.146063 -0.191694 -0.172461 -0.238659 -0.224643 -0.162823 -0.006430 -0.003741
0.586887 0.426005 -0.047445 -0.194799 -0.157768 -0.248962 -0.085116 -0.211444 0.083436 -0.344473 1.000000 0.316744 0.784931 0.365085 0.427420 0.138229 0.449513 0.457330 -0.046590 0.104585 -0.277024 -0.266214 0.028078 -0.121398 -0.351580 -0.283517 -0.166069 -0.194980 0.465702 0.066661 -0.321049 -0.286885 0.127688 0.060110 0.068452 -0.014773 0.265029 0.223487 0.119745 0.062261 0.389262 0.206362 -0.350376 -0.284736 -0.388765 -0.407859 -0.182422 -0.121924 0.107745 -0.175738 0.085131 -0.148935 -0.068407 -0.260710 -0.151785 -0.069618 0.243801 0.112140 0.300981 0.077112 0.429859 0.215140 0.305229 0.344661 -0.008970 0.023424 -0.119555 -0.231339 0.039201 -0.131742 -0.235695 -0.184309 0.178865 0.117875 0.176445 0.273572 0.258836 0.118928 0.100692 0.091637 0.296019 0.248647 0.374420 0.168532 0.101764 0.153087 0.158490 -0.142722 -0.153670 -0.228857 -0.295401 -0.157711 -0.269015 -0.091228 -0.130258 -0.119532 -0.140022 -0.268064 -0.126927 -0.150087 -0.030887 0.084076 0.020498 -0.155205 -0.323440 -0.305466 -0.190667 0.005662 -0.168914 -0.330982 -0.216641 -0.106425 -0.189432 -0.065196 -0.227706 -0.231714
0.264492 0.327321 -0.379997 -0.068855 -0.325665 -0.247933 -0.418514 0.055061 -0.272263 -0.055848 0.316744 1.000000 0.424505 0.717444 0.047115 0.138689 -0.122658 0.264891 -0.288865 -0.106365 -0.206267 -0.158743 -0.126739 -0.022058 -0.457322 -0.234232 -0.394114 -0.280283 0.180449 -0.022188 -0.355347 -0.190012 -0.025337 0.093426 0.222314 0.367044 0.165840 0.307579 0.137824 0.002156 0.212062 0.209156 -0.110715 -0.037221 -0.278864 0.032472 -0.114435 -0.011180 -0.076685 -0.201694 0.001622 -0.181404 -0.201125 -0.251931 0.040055 0.006239 -0.002091 -0.142492 -0.069626 -0.157974 0.040516 0.375545 0.092216 0.041948 -0.051688 0.459676 -0.279333 -0.048936 -0.256743 -0.357825 -0.115523 -0.153876 -0.068043 0.038908 -0.078398 0.276824 0.304436 0.371869 0.039225 -0.170751 0.015350 -0.034748 -0.052926 0.119800 0.254417 0.358355 -0.204373 0.111124 0.140939 0.187502 -0.404573 -0.377266 0.112737 -0.173146 -0.023896 0.038847 -0.074490 -0.018727 -0.078389 -0.030897 0.280343 -0.108647 0.072849 -0.208001 -0.287548 -0.352912 -0.197285 -0.089986 -0.019193 -0.228481 0.087787 0.038032 -0.049199 0.164385 -0.137328 -0.071294
0.553300 0.329339 -0.146315 -0.284942 -0.191149 -0.241014 -0.111958 -0.212797 0.095267 -0.268275 0.784931 0.424505 1.000000 0.508957 0.427701 0.372487 0.296502 0.399201 -0.036767 -0.057528 -0.210003 -0.283449 0.006786 -0.113723 -0.385250 -0.356553 -0.250835 -0.290422 0.477002 0.027197 -0.383027 -0.402430 0.013030 -0.115654 0.009134 -0.005237 0.412903 0.294357 0.157345 0.063659 0.493560 0.366107 -0.246306 -0.248622 -0.309044 -0.346272 -0.163964 -0.095620 0.100496 -0.125651 0.059603 -0.151275 0.042090 -0.152742 0.069874 -0.060786 0.154245 0.016036 0.148429 -0.042800 0.301239 0.136708 0.380213 0.249340 -0.114642 0.019384 -0.178273 -0.223161 -0.063914 -0.203616 -0.174365 -0.260092 0.223035 0.125891 0.240010 0.272594 0.312657 0.153036 0.099021 -0.011977 0.300753 0.214732 0.391680 0.171863 0.396280 0.427771 0.068348 -0.102530 -0.015530 -0.094592 -0.210040 -0.170247 -0.225233 -0.127417 -0.257958 -0.206641 -0.122830 -0.333320 -0.054097 -0.143170 0.021921 -0.013627 -0.012228 -0.160972 -0.408145 -0.390726 -0.216964 0.034278 -0.180039 -0.404637 -0.214967 -0.113362 -0.283072 -0.065392 -0.303750 -0.320847
0.271304 0.277809 -0.133881 -0.100515 -0.162210 -0.080538 -0.146322 0.177902 0.002521 0.034599 0.365085 0.717444 0.508957 1.000000 0.043503 0.324980 -0.002591 0.292964 -0.327017 -0.293781 -0.210887 -0.241688 -0.068014 -0.113249 -0.262234 -0.151941 -0.293438 -0.227017 0.154676 -0.125847 -0.341803 -0.284333 -0.028387 0.014983 0.156045 0.293265 0.176445 0.218572 0.095464 -0.024241 0.267390 0.200409 -0.120002 -0.083494 -0.277555 -0.110621 -0.091804 0.030265 0.064520 -0.111361 0.039886 -0.088980 -0.053821 -0.128059 0.133362 0.018588 0.069684 -0.214181 0.128167 -0.099956 0.293759 0.399771 0.199539 0.230769 -0.071224 0.413444 -0.224179 -0.187465 -0.217172 -0.363158 -0.200052 -0.135164 -0.005649 0.008434 -0.022068 0.294775 0.301060 0.295764 0.024921 -0.092699 0.020523 -0.073119 -0.082147 0.003109 0.108679 0.336949 -0.158148 0.000205 0.070925 0.283774 -0.373941 -0.257820 0.024670 -0.239506 -0.111743 -0.091472 0.022712 -0.180001 -0.013097 -0.044392 0.290603 -0.075594 0.050206 -0.249598 -0.391297 -0.437395 -0.178047 0.061243 -0.002763 -0.286615 -0.035232 -0.064464 -0.166445 0.137628 -0.301991 -0.230278
-0.037615 -0.214380 0.318761 0.243395 0.262818 0.140646 0.061374 0.001054 0.342271 0.042674 0.427420 0.047115 0.427701 0.043503 1.000000 0.407437 0.004394 0.134680 0.404652 0.017019 0.085550 -0.244462 0.473440 0.545631 0.106617 0.258533 0.269871 0.154026 0.277995 -0.135139 0.375062 0.299443 -0.394369 -0.172514 0.101662 -0.034350 0.056343 -0.069840 0.125176 -0.115768 -0.020444 0.205040 -0.149035 -0.035487 -0.071263 -0.267044 0.045349 -0.037237 0.112308 0.079055 0.095297 -0.009958 -0.166751 0.058577 0.005604 0.020120 -0.251530 -0.285243 -0.074454 -0.296278 -0.040629 -0.250100 -0.014285 -0.224638 0.406886 -0.172118 -0.411993 -0.310783 -0.060807 -0.072760 0.124052 -0.033698 -0.158544 0.235500 0.022112 0.464875 0.199817 0.129072 -0.231262 -0.164674 -0.141064 -0.175116 0.636405 0.276338 0.226769 0.184672 0.540357 0.088626 0.322773 0.180229 -0.216663 -0.201387 -0.193149 -0.150514 -0.369430 -0.117214 -0.189907 -0.415312 -0.060047 -0.309698 -0.050523 0.000150 -0.208311 -0.264370 -0.335909 -0.308198 -0.141665 0.005968 -0.184621 -0.170208 -0.305781 -0.321305 -0.367505 -0.369229 -0.320234 -0.386624
-0.055500 -0.082119 -0.000411 0.007498 0.114768 0.066409 0.153002 0.201629 0.433742 0.279418 0.138229 0.138689 0.372487 0.324980 0.407437 1.000000 0.100243 0.579935 0.089522 -0.004387 -0.000406 -0.058481 -0.153281 0.075953 -0.028407 -0.120679 0.015358 -0.158756 0.493719 0.284786 0.142547 0.199382 -0.175495 0.072305 -0.369791 -0.321815 0.423700 0.173133 0.076963 -0.021529 0.385454 0.307220 -0.150984 -0.260968 -0.156699 -0.475297 -0.086826 -0.035353 -0.022728 0.042542 -0.250757 -0.089722 0.266660 0.062828 -0.048511 -0.132100 -0.080616 -0.259168 -0.178864 -0.232270 0.178643 0.052733 0.568146 0.301087 -0.074530 -0.263242 -0.426677 -0.526329 -0.193418 -0.289168 0.045702 0.184657 0.334868 0.292136 0.083401 0.397017 0.211981 0.191199 -0.064295 0.001286 0.261397 0.194218 0.473714 0.606936 0.496376 0.511205 -0.057018 -0.102091 -0.123151 -0.021899 -0.055985 -0.166834 -0.178455 -0.496842 -0.428574 -0.271522 -0.230486 -0.415878 -0.056068 -0.296796 0.131737 -0.150297 -0.187463 -0.410892 -0.433390 -0.461446 -0.248261 0.069750 -0.218514 -0.353765 -0.445511 -0.291978 -0.447048 -0.244163 -0.424801 -0.413146
0.415412 0.259348 -0.390278 -0.415516 -0.214251 -0.255932 -0.091389 -0.424490 0.091721 -0.385120 0.449513 -0.122658 0.296502 -0.002591 0.004394 0.100243 1.000000 0.584392 -0.124730 0.322490 0.019697 0.081475 -0.306815 -0.495249 -0.353806 -0.389737 -0.200060 -0.174026 0.586742 0.471168 -0.223996 -0.165873 0.341510 0.187979 -0.219326 -0.350629 0.382329 0.372002 0.145003 0.214278 0.508740 0.416603 -0.104646 -0.158632 -0.200619 -0.428172 0.011755 0.034834 -0.095595 -0.041345 -0.230710 -0.116311 0.225474 -0.001352 -0.143000 0.041235 0.623656 0.395189 -0.029168 0.260649 0.162849 0.185416 0.386064 0.478058 -0.360452 -0.380256 -0.112348 -0.429334 0.053722 -0.170429 0.002083 0.313840 0.607374 0.307730 0.426948 0.247214 0.326321 0.275898 0.331540 0.383215 0.659466 0.691810 0.230371 0.234206 -0.008167 0.087991 0.030455 -0.328627 -0.525636 -0.451121 0.003405 0.060863 -0.412857 -0.237988 -0.087076 -0.162661 -0.052621 -0.131918 -0.013415 0.072900 -0.172066 0.009112 -0.061080 -0.187055 -0.237403 -0.208471 -0.095645 -0.106794 -0.196645 -0.149089 -0.195958 -0.003876 -0.106695 -0.119877 -0.213790 -0.228021
0.377196 0.343674 -0.343288 -0.284488 -0.270309 -0.389384 0.001011 -0.111619 0.071879 -0.225446 0.457330 0.264891 0.399201 0.292964 0.134680 0.579935 0.584392 1.000000 -0.170420 0.306284 -0.152585 -0.072431 -0.493759 -0.380920 -0.415006 -0.536382 -0.303839 -0.451657 0.645480 0.575106 -0.171364 -0.020622 0.253576 0.311713 -0.407735 -0.465974 0.604022 0.468383 0.075026 0.103561 0.624503 0.422602 -0.283482 -0.371322 -0.355084 -0.607167 -0.162353 -0.070481 -0.175795 -0.125587 -0.348848 -0.223548 0.281457 -0.143344 -0.290948 -0.126860 0.470778 0.162827 -0.129157 0.099002 0.264994 0.347519 0.714821 0.684045 -0.327437 -0.309903 -0.326481 -0.588296 -0.058901 -0.339936 -0.138128 0.265508 0.533508 0.416455 0.369701 0.387797 0.406279 0.345965 0.194609 0.361071 0.619566 0.618960 0.370185 0.641261 0.227135 0.370196 -0.242794 -0.319111 -0.523774 -0.389382 -0.139778 -0.089125 -0.267416 -0.435375 -0.218303 -0.058429 -0.202918 -0.194177 -0.056908 -0.018518 0.154752 0.078188 0.069290 -0.305778 -0.399331 -0.449753 -0.272451 -0.065268 -0.190437 -0.323980 -0.328166 -0.074961 -0.247786 -0.087323 -0.403339 -0.306666
-0.110732 -0.275042 0.423200 0.427647 0.361421 0.172320 0.240439 0.112551 0.181084 0.104301 -0.046590 -0.288865 -0.036767 -0.327017 0.404652 0.089522 -0.124730 -0.170420 1.000000 0.380735 0.297122 -0.007107 0.336707 0.582987 0.438567 0.364168 0.354674 0.240718 0.003314 -0.004008 0.594665 0.473781 -0.401253 -0.144501 -0.268697 -0.322898 -0.108137 -0.355164 -0.042674 -0.169426 -0.148109 0.037506 -0.046222 -0.071744 0.003071 -0.308250 0.097936 -0.011040 -0.097794 0.037563 -0.122162 -0.046522 -0.122113 0.129604 -0.142656 -0.031681 -0.360988 -0.296481 -0.050467 -0.210323 -0.210970 -0.460740 -0.230064 -0.324418 0.288818 -0.369610 -0.240247 -0.230320 0.123438 0.163227 0.266644 0.109229 -0.090840 0.139939 -0.007541 0.143563 -0.093200 -0.076734 -0.240744 -0.151600 -0.233836 -0.227012 0.533248 0.263467 0.043717 -0.248481 0.470830 0.226453 0.351641 0.039165 0.181257 0.278537 0.113778 0.298732 -0.261855 0.030287 -0.139710 -0.178333 -0.004532 -0.226598 -0.133516 -0.004652 -0.181360 -0.010186 0.074061 0.079380 0.168322 0.137050 -0.016762 0.078871 -0.282864 -0.306411 -0.265835 -0.336765 -0.057237 -0.234601
0.225531 0.328266 -0.246557 0.049870 -0.225096 -0.353461 -0.090737 -0.192965 -0.184806 -0.304833 0.104585 -0.106365 -0.057528 -0.293781 0.017019 -0.004387 0.322490 0.306284 0.380735 1.000000 0.160683 0.220953 -0.325431 -0.096095 -0.199574 -0.234039 -0.193888 -0.226299 0.398017 0.547258 0.079953 0.267532 0.240510 0.515383 -0.365847 -0.456670 0.241326 0.121814 0.127122 0.207024 0.205113 0.233250 -0.308086 -0.338182 -0.237376 -0.432581 -0.194883 -0.291926 -0.438209 -0.268966 -0.483851 -0.394369 -0.149158 -0.255154 -0.371965 -0.314586 0.266343 0.326048 -0.224364 0.170509 -0.153636 -0.008832 0.126578 0.165871 -0.256476 -0.437499 -0.126741 -0.128622 0.358683 0.313564 0.023564 0.213026 0.352732 0.174445 0.266821 0.142172 0.198526 0.255178 0.246028 0.325390 0.368883 0.455478 0.382777 0.525061 -0.052967 -0.157050 0.054846 -0.018182 -0.253794 -0.480528 0.027453 0.171282 -0.061599 0.155754 -0.000673 0.190374 -0.354405 0.030178 -0.257897 -0.148232 -0.250620 0.214879 0.028470 0.069232 0.171460 0.091491 -0.066355 -0.093283 0.051383 0.273862 -0.206141 -0.043100 0.010522 -0.192458 0.008418 0.032669
-0.299337 -0.290146 -0.013046 -0.112264 0.274436 0.309549 0.212244 -0.037801 0.288722 0.300807 -0.277024 -0.206267 -0.210003 -0.210887 0.085550 -0.000406 0.019697 -0.152585 0.297122 0.160683 1.000000 0.485153 0.086029 0.116223 0.224665 0.254625 0.293530 0.325957 0.077562 0.116920 0.174819 0.231139 -0.226237 -0.112787 -0.004290 -0.081742 0.017943 -0.033184 0.110030 0.102086 0.073229 0.416062 0.183533 0.209731 0.286359 0.105871 0.311154 0.196534 -0.006590 0.253303 -0.070942 0.123192 -0.076870 0.276590 0.036879 0.144756 -0.156684 -0.129150 -0.287872 -0.273184 -0.387397 -0.354725 -0.185205 -0.323809 -0.107720 -0.267265 -0.210514 -0.190399 0.118826 0.012751 0.595563 0.270679 0.174778 0.320611 0.053865 0.292237 0.153815 0.134141 -0.055466 -0.065024 -0.086684 -0.098684 -0.087201 -0.022035 -0.123237 0.015937 0.088027 -0.148529 0.023248 0.017255 0.075359 -0.018610 -0.121094 -0.031486 -0.077657 -0.086411 0.079237 0.057428 0.135130 0.035269 -0.163010 -0.040387 -0.158078 -0.199529 -0.122981 -0.105696 -0.015354 -0.118123 -0.171782 0.170338 0.109412 -0.074749 -0.065229 -0.302142 -0.065917 0.039095
-0.114564 -0.106950 -0.154790 -0.095294 -0.086475 0.152583 0.090899 0.035660 0.007779 0.115392 -0.266214 -0.158743 -0.283449 -0.241688 -0.244462 -0.058481 0.081475 -0.072431 -0.007107 0.220953 0.485153 1.000000 -0.192444 -0.062168 0.099633 0.111737 -0.000684 0.177376 0.042674 0.141826 0.097889 0.199662 0.214503 0.235427 -0.087309 -0.010801 0.231248 0.090288 0.278681 0.233705 0.238254 0.206665 -0.020826 -0.069612 -0.061594 -0.014687 -0.010074 -0.035975 -0.349396 -0.169296 -0.301703 -0.243333 0.027007 -0.067411 -0.066961 -0.062008 0.124712 0.061655 -0.169068 0.061916 -0.112574 -0.061755 0.019922 -0.108955 -0.215845 -0.159984 0.152730 0.101966 0.315581 0.254405 0.347284 0.255664 0.222637 0.121538 0.144523 0.027054 0.082483 0.149493 0.286792 0.186975 0.228454 0.187590 -0.070923 -0.023738 -0.009811 0.076414 -0.066158 -0.092565 -0.143814 -0.059719 -0.114783 -0.248981 -0.237342 -0.192158 0.135620 -0.052730 0.029797 0.073516 -0.211172 -0.121588 -0.214804 0.044011 -0.146083 -0.034295 0.051667 0.018706 -0.043929 -0.052157 -0.139829 0.232039 0.114322 -0.112973 -0.161216 -0.184273 -0.005699 0.091828
-0.196101 -0.311984 0.638013 0.343752 0.401818 0.510624 0.094979 -0.007733 0.162753 0.091166 0.028078 -0.126739 0.006786 -0.068014 0.473440 -0.153281 -0.306815 -0.493759 0.336707 -0.325431 0.086029 -0.192444 1.000000 0.692909 0.370688 0.628921 0.550557 0.578009 -0.316676 -0.546864 0.378986 0.124516 -0.444473 -0.468496 0.434104 0.288386 -0.450658 -0.356925 -0.022029 -0.129237 -0.495908 -0.233039 0.060564 0.195128 0.064476 0.144410 0.144393 0.051401 0.288759 0.073397 0.484315 0.159038 -0.350229 0.120149 0.337749 0.202809 -0.441241 -0.170967 0.032176 -0.357752 -0.083496 -0.456429 -0.529705 -0.645681 0.616060 0.115596 -0.147116 0.041479 0.009258 0.099170 0.255020 -0.118960 -0.625731 -0.129611 -0.372461 0.045495 -0.119743 -0.116926 -0.313259 -0.370980 -0.628114 -0.631612 0.020861 -0.321896 -0.101042 -0.205611 0.506217 0.378670 0.666723 0.491063 0.013739 -0.074335 0.076256 0.254915 -0.058932 -0.131641 0.173581 -0.100664 0.043645 -0.186078 -0.153252 -0.154547 -0.203506 -0.074211 0.017634 0.129315 0.253674 0.126576 -0.070648 0.121816 0.147798 -0.143034 -0.068099 -0.107720 0.122540 -0.113258
-0.300286 -0.351255 0.578770 0.740213 0.361395 0.386084 0.069677 0.412155 0.034710 0.289578 -0.121398 -0.022058 -0.113723 -0.113249 0.545631 0.075953 -0.495249 -0.380920 0.582987 -0.096095 0.116223 -0.062168 0.692909 1.000000 0.441335 0.683211 0.413256 0.424404 -0.313640 -0.447192 0.652763 0.535371 -0.580475 -0.235357 0.149229 0.162105 -0.391711 -0.501853 -0.116638 -0.312314 -0.462649 -0.171167 -0.138269 -0.022572 -0.059917 -0.042420 -0.046998 -0.149266 -0.110053 -0.096305 0.044487 -0.123190 -0.393694 -0.022700 -0.005641 -0.124640 -0.530915 -0.410057 -0.037224 -0.313640 -0.169956 -0.290651 -0.432169 -0.552510 0.704863 0.128860 -0.229492 0.071876 0.032431 0.215901 0.180805 0.028858 -0.571166 -0.130575 -0.359927 0.033242 -0.204058 -0.002577 -0.423167 -0.396228 -0.583396 -0.627075 0.304715 0.057376 0.092244 -0.198419 0.464347 0.491174 0.713086 0.501996 -0.087911 -0.111900 0.300470 0.230654 -0.280476 -0.049552 -0.171210 -0.256235 -0.183098 -0.340941 0.048130 0.074489 -0.143884 -0.022631 0.069380 0.107373 0.178684 0.147276 -0.069611 0.103390 -0.058819 -0.358516 -0.195320 -0.162174 0.039200 -0.132078
-0.446885 -0.554837 0.739821 0.341205 0.682025 0.466984 0.524933 0.358998 0.354032 0.477775 -0.351580 -0.457322 -0.385250 -0.262234 0.106617 -0.028407 -0.353806 -0.415006 0.438567 -0.199574 0.224665 0.099633 0.370688 0.441335 1.000000 0.747575 0.478948 0.386815 -0.349849 -0.318301 0.688973 0.482619 -0.204298 -0.117796 -0.049426 0.014323 -0.326777 -0.484655 -0.150770 -0.314325 -0.294213 -0.292838 0.028413 0.003013 0.241089 0.078358 0.000442 0.008094 0.032652 0.117115 -0.027315 0.092739 -0.007821 0.195976 0.043894 0.006317 -0.397199 -0.347449 0.209745 -0.259775 0.125828 -0.369511 -0.317431 -0.361738 0.441526 -0.078887 0.075554 0.050829 0.119659 0.228400 0.269061 0.211909 -0.275536 -0.140711 -0.153842 -0.251953 -0.380169 -0.296591 -0.277866 -0.214187 -0.438518 -0.484784 0.028920 -0.131027 -0.243865 -0.307877 0.259877 0.102555 0.204692 0.256895 0.140061 0.114651 0.051072 0.064478 -0.085005 0.005913 0.003634 -0.144293 -0.095981 -0.165655 -0.115877 -0.136682 -0.272408 0.055623 0.139386 0.201898 0.230377 0.209943 -0.068538 0.173520 -0.097081 -0.287009 -0.178950 -0.144470 0.095954 -0.121517
-0.457106 -0.475192 0.586990 0.500868 0.527184 0.656199 0.121089 0.307136 0.197666 0.483195 -0.283517 -0.234232 -0.356553 -0.151941 0.258533 -0.120679 -0.389737 -0.536382 0.364168 -0.234039 0.254625 0.111737 0.628921 0.683211 0.747575 1.000000 0.540498 0.697017 -0.418993 -0.444100 0.627317 0.465298 -0.314553 -0.201406 0.246681 0.264583 -0.373400 -0.467407 -0.026524 -0.283404 -0.388075 -0.169902 0.020340 0.141468 0.050081 0.134913 0.054183 0.032954 -0.044989 -0.023256 0.112628 -0.008241 -0.355059 0.082888 0.109325 0.085900 -0.455011 -0.329209 -0.018535 -0.449767 -0.055187 -0.397944 -0.535608 -0.620920 0.585255 0.153670 -0.087987 0.106484 0.159405 0.176051 0.278885 0.155544 -0.500156 -0.031091 -0.240743 -0.041297 -0.209735 -0.106885 -0.248669 -0.278265 -0.540005 -0.601654 -0.055703 -0.273314 -0.095937 -0.193950 0.395285 0.300118 0.500010 0.501721 -0.118598 -0.151238 0.077361 0.073086 -0.088994 -0.101549 0.056142 -0.144483 -0.117032 -0.183274 -0.092973 -0.109086 -0.267411 -0.044810 0.087990 0.137867 0.260588 0.191722 -0.031494 0.111499 0.084827 -0.223831 -0.185150 -0.042613 0.151767 -0.050640
-0.387939 -0.292559 0.490987 0.221901 0.603925 0.769088 0.244766 0.066188 0.468289 0.351238 -0.166069 -0.394114 -0.250835 -0.293438 0.269871 0.015358 -0.200060 -0.303839 0.354674 -0.193888 0.293530 -0.000684 0.550557 0.413256 0.478948 0.540498 1.000000 0.789102 -0.305068 -0.365575 0.398555 0.145809 -0.396964 -0.429591 0.043196 -0.091782 -0.386110 -0.403886 -0.095072 -0.235776 -0.348959 -0.166261 0.168465 0.188140 0.190356 0.102766 0.203253 0.206129 0.329769 0.257820 0.395290 0.340646 -0.058936 0.251456 0.172374 0.191182 -0.328811 -0.069795 0.030688 -0.197633 -0.108983 -0.425135 -0.315480 -0.364523 0.367367 -0.089671 -0.123267 -0.093938 0.053779 -0.006647 0.285908 0.011111 -0.391924 0.160888 -0.299727 0.037136 -0.251749 -0.274127 -0.304694 -0.176976 -0.429222 -0.438134 0.005799 -0.255414 0.002975 -0.127968 0.339686 -0.092931 0.304419 0.321872 0.187986 -0.002730 -0.150720 -0.069392 -0.087125 -0.281887 0.065533 -0.158738 0.096091 -0.068685 -0.238960 -0.231196 -0.247514 -0.126189 0.072316 0.141027 0.248481 0.110982 -0.186763 -0.189782 -0.015069 -0.127139 -0.084456 -0.196388 0.163350 -0.021361
-0.350486 -0.234666 0.326272 0.255195 0.478918 0.818056 0.000533 0.045584 0.356540 0.403664 -0.194980 -0.280283 -0.290422 -0.227017 0.154026 -0.158756 -0.174026 -0.451657 0.240718 -0.226299 0.325957 0.177376 0.578009 0.424404 0.386815 0.697017 0.789102 1.000000 -0.380629 -0.388368 0.313314 0.082375 -0.267055 -0.408788 0.195177 0.134793 -0.334594 -0.404931 -0.003249 -0.141675 -0.331436 -0.093674 0.162338 0.268005 0.036144 0.144558 0.241174 0.229212 0.122318 0.074227 0.257662 0.162497 -0.225626 0.180788 0.212278 0.241073 -0.294251 -0.033380 -0.036348 -0.244615 -0.118971 -0.335013 -0.476990 -0.489475 0.325175 0.072458 -0.114423 -0.005913 0.161603 0.053910 0.345077 0.074134 -0.431116 0.167922 -0.258929 0.067993 -0.146086 -0.130166 -0.177130 -0.095919 -0.363854 -0.397381 -0.175943 -0.434542 0.029941 -0.107346 0.348786 0.054159 0.395644 0.380044 -0.014196 -0.162385 -0.046031 -0.012222 -0.066110 -0.325787 0.191708 -0.047227 0.067565 -0.033456 -0.129761 -0.156894 -0.169183 -0.102373 0.076569 0.097179 0.241126 0.032561 -0.087808 -0.105718 0.177728 0.015615 -0.032221 -0.074666 0.140117 0.064447
0.301154 0.087081 -0.327726 -0.450582 -0.143404 -0.343227 0.025236 -0.340870 0.187027 -0.195441 0.465702 0.180449 0.477002 0.154676 0.277995 0.493719 0.586742 0.645480 0.003314 0.398017 0.077562 0.042674 -0.316676 -0.313640 -0.349849 -0.418993 -0.305068 -0.380629 1.000000 0.637416 -0.110794 0.071531 0.189436 0.351556 -0.127485 -0.282397 0.515328 0.353435 0.199444 0.168703 0.576003 0.505582 -0.196767 -0.284147 -0.179736 -0.443746 -0.061726 -0.086885 0.008799 -0.018321 -0.242283 -0.193677 0.126791 -0.164046 -0.124436 -0.070841 0.214377 -0.007782 -0.131972 -0.090004 0.141847 0.039442 0.611942 0.378335 -0.302755 -0.349266 -0.269623 -0.449489 -0.097051 -0.247347 0.111393 0.193190 0.711370 0.237861 0.333651 0.406729 0.410810 0.348864 0.186324 0.204231 0.537055 0.591441 0.422694 0.611376 0.209083 0.301580 -0.096273 -0.237610 -0.417671 -0.453415 -0.119056 -0.154450 -0.389538 -0.339318 -0.293318 -0.103464 -0.212998 -0.208278 -0.117093 -0.226231 -0.174798 -0.130632 -0.177629 -0.328667 -0.439400 -0.368475 -0.250494 -0.196511 -0.227695 -0.058775 -0.279087 -0.189966 -0.311119 -0.298725 -0.289757 -0.271829
0.169103 0.083151 -0.499338 -0.362249 -0.256366 -0.444116 -0.024993 -0.351093 -0.080151 -0.184266 0.066661 -0.022188 0.027197 -0.125847 -0.135139 0.284786 0.471168 0.575106 -0.004008 0.547258 0.116920 0.141826 -0.546864 -0.447192 -0.318301 -0.444100 -0.365575 -0.388368 0.637416 1.000000 -0.082853 0.126026 0.333754 0.425142 -0.398208 -0.474373 0.462250 0.308395 0.109994 0.179142 0.493236 0.411895 -0.078343 -0.154826 -0.080702 -0.367378 0.007547 0.013386 -0.169762 0.002079 -0.433056 -0.157817 0.157138 -0.076400 -0.314384 -0.011100 0.334422 0.091191 -0.287398 0.042725 -0.082266 0.057538 0.435812 0.421328 -0.474836 -0.463597 -0.210580 -0.417062 0.017026 -0.180838 0.073134 0.330277 0.715175 0.375525 0.473508 0.311471 0.305761 0.225922 0.289422 0.505772 0.615981 0.727937 0.272793 0.661342 0.058357 0.115675 -0.085887 -0.029930 -0.525107 -0.560830 0.085947 0.092127 -0.233441 -0.187976 -0.021544 0.101790 -0.105027 0.147093 0.085248 0.161082 -0.065230 0.004374 0.015909 -0.086527 -0.217494 -0.201145 -0.230254 -0.277063 -0.011250 0.029614 -0.188010 0.111543 0.008028 -0.103418 -0.188233 0.029463
-0.366714 -0.601674 0.562207 0.432704 0.488194 0.295681 0.348544 0.205413 0.178244 0.256151 -0.321049 -0.355347 -0.383027 -0.341803 0.375062 0.142547 -0.223996 -0.171364 0.594665 0.079953 0.174819 0.097889 0.378986 0.652763 0.688973 0.627317 0.398555 0.313314 -0.110794 -0.082853 1.000000 0.836636 -0.178953 0.076141 -0.106015 -0.162965 -0.170444 -0.409624 -0.060858 -0.285270 -0.225796 -0.172203 -0.053394 -0.061129 0.052537 -0.151504 -0.004768 -0.097657 -0.152274 0.002724 -0.146293 -0.093028 -0.079296 0.065489 -0.038912 -0.028069 -0.326200 -0.427905 -0.108866 -0.272658 -0.113497 -0.442290 -0.195014 -0.336541 0.474594 -0.287373 -0.133576 -0.114648 0.076821 0.154507 0.283647 0.377280 -0.202071 0.048320 -0.035832 0.013630 -0.107877 0.001623 -0.259601 -0.101639 -0.328075 -0.321644 0.369105 0.222584 -0.096126 -0.255600 0.439725 0.225186 0.287277 0.237731 0.007459 0.053274 0.026380 0.046085 -0.172446 0.120758 -0.119901 -0.151526 -0.120419 -0.216793 -0.098863 -0.047406 -0.206435 -0.012967 -0.024334 0.077926 0.177296 0.111156 -0.011393 0.206475 -0.168801 -0.285093 -0.279378 -0.290007 -0.116275 -0.200597
-0.392803 -0.504346 0.325036 0.410455 0.286193 0.076392 0.234951 0.267434 0.015914 0.195627 -0.286885 -0.190012 -0.402430 -0.284333 0.299443 0.199382 -0.165873 -0.020622 0.473781 0.267532 0.231139 0.199662 0.124516 0.535371 0.482619 0.465298 0.145809 0.082375 0.071531 0.126026 0.836636 1.000000 -0.182499 0.378292 -0.084771 -0.130044 -0.122005 -0.339138 -0.063218 -0.195464 -0.171374 -0.140091 -0.151997 -0.141531 0.062651 -0.123905 -0.056139 -0.162251 -0.249071 -0.033411 -0.329975 -0.170823 -0.193143 -0.014548 -0.202555 -0.160482 -0.313973 -0.471095 -0.265055 -0.215937 -0.197474 -0.279502 -0.079595 -0.245565 0.313025 -0.267048 -0.203556 -0.119500 0.034979 0.120126 0.207137 0.449529 -0.076796 -0.021814 -0.100656 -0.009502 -0.064760 0.125665 -0.237393 -0.117773 -0.164560 -0.178978 0.397989 0.470389 -0.101261 -0.198377 0.335574 0.280940 0.108992 0.088110 -0.002724 0.039005 0.105325 0.053871 -0.162758 0.246386 -0.266791 -0.120023 -0.155782 -0.245403 -0.037722 0.036959 -0.138389 -0.023485 -0.051387 -0.023839 0.028755 0.001985 0.015820 0.268409 -0.176869 -0.236534 -0.247397 -0.324716 -0.139456 -0.118425
0.291291 0.279731 -0.307553 -0.442718 -0.309590 -0.313528 -0.055610 -0.373832 -0.182053 -0.344804 0.127688 -0.025337 0.013030 -0.028387 -0.394369 -0.175495 0.341510 0.253576 -0.401253 0.240510 -0.226237 0.214503 -0.444473 -0.580475 -0.204298 -0.314553 -0.396964 -0.267055 0.189436 0.333754 -0.178953 -0.182499 1.000000 0.517572 -0.080357 -0.171266 0.389224 0.291477 0.205113 0.253808 0.430701 0.016559 -0.065223 -0.120663 -0.156848 -0.105299 -0.126677 -0.141401 -0.183655 -0.162074 -0.207984 -0.209615 0.259671 -0.214189 0.038917 -0.007692 0.471387 0.402360 0.034261 0.267751 0.223031 0.165794 0.336021 0.358357 -0.413259 -0.195815 0.306945 0.034932 0.291049 0.060889 -0.205886 0.109298 0.361285 0.029771 0.479889 -0.151530 0.199319 0.024613 0.511725 0.407594 0.449820 0.464793 -0.155285 -0.042078 -0.223349 -0.059114 -0.232270 -0.333243 -0.551909 -0.429675 -0.147099 -0.019366 -0.324302 -0.178075 0.378456 0.276881 0.129869 0.241852 -0.112291 0.189268 -0.179175 0.063149 0.082568 0.186119 0.003995 0.043915 0.072029 0.042566 0.193964 0.091323 0.046356 0.248314 0.081668 0.187717 -0.032166 0.094314
0.216818 0.267833 -0.210521 -0.134448 -0.227545 -0.442063 -0.042623 -0.045037 -0.285316 -0.201158 0.060110 0.093426 -0.115654 0.014983 -0.172514 0.072305 0.187979 0.311713 -0.144501 0.515383 -0.112787 0.235427 -0.468496 -0.235357 -0.117796 -0.201406 -0.429591 -0.408788 0.351556 0.425142 0.076141 0.378292 0.517572 1.000000 -0.022432 -0.041193 0.275490 0.167652 0.011764 -0.036582 0.301429 -0.010875 -0.412089 -0.434699 -0.206386 -0.173308 -0.413894 -0.486228 -0.406952 -0.373242 -0.454644 -0.483164 -0.067526 -0.460868 -0.264031 -0.464540 0.283063 0.120526 -0.040390 0.237936 0.133522 0.295413 0.303940 0.287736 -0.173207 -0.095660 0.127105 0.084055 0.235040 0.176857 -0.178125 0.291143 0.324848 -0.096264 0.195762 -0.107234 0.161621 0.295552 0.286352 0.264270 0.360069 0.368473 0.179889 0.405571 -0.165778 -0.148471 -0.129542 -0.026114 -0.372580 -0.419184 -0.246896 -0.104697 -0.156251 -0.014914 0.066496 0.274163 -0.392770 -0.085891 -0.416920 -0.183545 -0.103766 0.170684 -0.010280 0.209679 0.092392 -0.000582 -0.107219 -0.015769 0.150178 0.225651 -0.173309 0.011082 -0.033565 0.006066 -0.031540 0.107151
-0.081673 -0.046961 0.091474 -0.104532 -0.038134 0.098364 -0.210608 -0.083026 -0.214411 -0.060596 0.068452 0.222314 0.009134 0.156045 0.101662 -0.369791 -0.219326 -0.407735 -0.268697 -0.365847 -0.004290 -0.087309 0.434104 0.149229 -0.049426 0.246681 0.043196 0.195177 -0.127485 -0.398208 -0.106015 -0.084771 -0.080357 -0.022432 1.000000 0.755646 -0.225599 0.036424 0.066085 -0.028700 -0.221571 -0.151347 -0.004881 0.189735 0.070504 0.491331 0.046984 -0.096831 0.306297 -0.017857 0.538241 0.116905 -0.411676 -0.143294 0.386340 0.157773 -0.228422 -0.079743 0.062047 -0.177612 -0.105539 -0.078862 -0.405850 -0.417205 0.306034 0.533816 0.173962 0.371563 -0.080856 -0.079084 -0.050075 -0.296136 -0.429339 -0.235214 -0.311821 -0.053297 0.046696 0.078338 -0.020988 -0.193012 -0.450269 -0.412335 -0.349526 -0.489873 -0.121407 -0.028701 0.072214 0.183097 0.438115 0.380656 -0.300470 -0.381078 0.025502 0.152985 0.115001 0.086496 0.132431 0.028462 0.013179 -0.035291 -0.064341 -0.108183 -0.071251 -0.037082 -0.160319 -0.074150 -0.012372 -0.101446 0.174953 0.173625 0.370508 0.139476 0.091233 0.056411 0.139370 0.181173
-0.127785 -0.006361 0.042859 0.068867 -0.014726 0.144351 -0.291006 0.135041 -0.200736 0.113387 -0.014773 0.367044 -0.005237 0.293265 -0.034350 -0.321815 -0.350629 -0.465974 -0.322898 -0.456670 -0.081742 -0.010801 0.288386 0.162105 0.014323 0.264583 -0.091782 0.134793 -0.282397 -0.474373 -0.162965 -0.130044 -0.171266 -0.041193 0.755646 1.000000 -0.221141 0.029409 0.043301 -0.108199 -0.234927 -0.213493 0.020683 0.145902 0.073480 0.552419 -0.040762 -0.043381 0.121625 -0.112296 0.312189 0.043711 -0.363627 -0.062069 0.335439 0.072056 -0.305109 -0.189838 0.161048 -0.163747 -0.027482 0.061406 -0.471167 -0.434511 0.254619 0.678805 0.152500 0.509976 -0.139276 0.006361 -0.035393 -0.203977 -0.410488 -0.273727 -0.296375 -0.124463 0.000311 0.209751 -0.100570 -0.267377 -0.391135 -0.412878 -0.386956 -0.515825 -0.011366 0.065358 0.012900 0.255833 0.425428 0.459591 -0.314872 -0.405050 0.163981 0.081803 0.006264 -0.104289 0.007343 -0.058465 -0.124513 -0.149466 0.124636 -0.181478 0.000471 0.022326 -0.031257 -0.024181 -0.140817 -0.118846 0.020123 0.123928 0.273064 0.027556 0.057874 0.170165 0.177946 0.180880
