1.000000 0.642855 0.405868 0.158138 0.061980 0.080028 0.224405 0.206287 -0.366754 0.155707 0.610686 0.324206 0.468270 0.267536 0.257182 0.133365 0.351346 0.097055 0.396397 0.285630 0.071006 -0.075016 0.039891 -0.162085 -0.234104 -0.328430 0.069570 -0.046530 0.206373 -0.132425 -0.089700 -0.130315 0.333648 0.159330 -0.348734 -0.404160 -0.152142 -0.132129 -0.303791 -0.066157 -0.123248 -0.083328 -0.595714 -0.591832 -0.490058 -0.263657 -0.398712 -0.400383 0.075832 -0.258629 0.016415 -0.071869 0.042466 -0.243487 -0.090417 -0.225384 0.175364 0.189832 0.110368 0.079074 0.528396 0.333666 0.333951 0.121076 0.383637 0.454127 -0.217414 -0.246831 0.207076 -0.101719 -0.212024 -0.095669 -0.034492 0.127079 0.215703 0.310468 0.174870 0.049406 -0.062208 -0.240396 -0.050668 -0.123418 -0.014697 -0.115209 -0.205853 -0.231052 -0.177652 -0.327129 0.089427 0.057779 -0.008899 -0.066394 0.256935 0.296762 -0.200808 0.272089 -0.002746 -0.052417 -0.166653 -0.266623 0.243646 0.398855 0.116979 0.269894 -0.014531 -0.167834 0.226700 0.189395 0.025222 -0.004574 -0.216944 -0.160869 -0.226775 0.057276 -0.058328 0.010371
0.642855 1.000000 0.224135 0.321457 0.108273 -0.047212 0.202586 0.564427 -0.109958 0.254769 0.459010 0.664298 0.684029 0.725073 0.096006 0.278780 0.164141 0.323544 0.195187 0.304387 -0.214743 -0.397741 -0.427893 -0.316792 -0.271797 -0.351041 -0.308402 -0.363743 0.105657 0.004496 -0.076317 0.026849 0.137326 0.252558 -0.265894 -0.174684 -0.197243 -0.144672 -0.308221 -0.105579 -0.216677 0.054648 -0.507975 -0.446903 -0.236996 0.031937 -0.492886 -0.464900 -0.102240 0.006859 -0.093498 -0.063548 -0.356125 -0.546985 -0.525891 -0.498938 -0.079769 0.115013 -0.064992 -0.061925 0.299816 0.493486 0.319097 0.011406 0.409106 0.699090 -0.129628 -0.017951 0.039877 -0.125085 -0.347740 -0.167135 -0.099120 0.201846 0.221271 0.370644 0.127502 0.099607 -0.258771 -0.279266 -0.151033 -0.167531 -0.029250 0.151952 -0.101957 -0.062104 -0.301088 -0.218700 -0.150111 -0.236435 -0.304059 -0.278586 0.373466 0.215375 -0.073782 0.209595 -0.208166 -0.056081 -0.358672 -0.396645 0.371625 0.407374 0.236001 0.145508 -0.031549 -0.134547 0.205434 0.137102 0.050874 0.001775 -0.247775 -0.210617 -0.221170 -0.009337 -0.022799 0.046183
0.405868 0.224135 1.000000 0.352397 0.395696 0.268567 0.718369 0.312152 0.056464 0.264988 0.388106 0.227108 0.331456 0.189145 0.119300 0.026802 -0.110307 -0.334075 0.502759 0.199374 0.258417 0.018174 0.343670 0.234961 0.318881 0.155980 0.344466 0.232258 -0.067924 -0.360793 0.404952 0.368210 0.101496 0.014754 0.170633 0.029279 -0.310348 -0.371833 -0.152744 -0.211960 -0.098310 -0.096866 -0.267647 -0.166193 0.016118 0.098204 -0.243949 -0.315057 0.195405 -0.080385 0.223344 0.040010 -0.085707 -0.207243 0.058185 -0.310047 -0.317563 -0.387540 -0.046909 -0.167817 0.009514 -0.341283 -0.133616 -0.369562 0.548265 0.171213 0.290537 0.117321 -0.016218 -0.368497 0.136409 0.062644 -0.246672 0.102733 0.095539 0.147289 0.228014 0.100791 -0.380056 -0.494976 -0.451315 -0.496555 0.034728 -0.095510 -0.444871 -0.441218 -0.155523 -0.174843 0.245260 -0.013439 -0.003689 0.081070 0.086267 0.353878 -0.088569 -0.135672 -0.203086 -0.188653 -0.267622 -0.410255 -0.039084 0.115875 -0.198696 -0.133049 -0.201669 -0.160163 0.159778 0.015673 0.026701 -0.022433 0.070242 -0.291946 -0.292242 -0.111454 -0.127677 -0.105548
0.158138 0.321457 0.352397 1.000000 0.058778 0.415230 0.307784 0.748244 0.214451 0.308822 0.404283 0.700259 0.246493 0.420795 0.390677 0.406494 -0.290107 0.088867 0.071628 0.125030 -0.084261 -0.025163 0.345010 0.563346 0.201451 0.349514 0.070152 0.064556 -0.188467 -0.169992 0.345314 0.518097 0.029756 -0.058740 0.125401 0.287555 -0.104151 0.107410 0.028399 -0.000912 0.077548 0.281902 -0.071770 0.066062 0.158244 0.353014 -0.133863 -0.063245 -0.076100 0.052625 0.097540 0.266236 -0.383991 -0.252947 -0.125441 -0.220768 -0.519705 -0.405356 -0.484669 -0.463243 -0.211818 -0.162169 -0.139384 -0.326934 0.386847 0.496750 -0.237937 -0.024690 -0.479756 -0.421245 -0.033272 -0.239210 -0.335666 0.110000 0.341007 0.444078 0.187676 0.039133 -0.613113 -0.510033 -0.482371 -0.516380 0.264228 0.362291 -0.040886 0.121633 0.448653 0.438595 0.355294 0.295946 -0.339365 -0.393863 -0.149938 -0.239806 -0.162502 -0.042646 0.079601 -0.127192 -0.099809 -0.266014 -0.108898 -0.044127 -0.121472 -0.119650 -0.134514 -0.198781 0.127628 -0.003349 -0.075923 -0.018862 0.020724 -0.051448 -0.565300 -0.093043 -0.027032 0.141883
0.061980 0.108273 0.395696 0.058778 1.000000 0.250401 0.459095 0.090055 0.455398 0.332664 0.057301 0.029625 0.288361 0.098521 0.056076 0.261355 -0.017214 -0.059034 0.276772 0.367417 0.062731 0.006806 0.034436 -0.025770 0.392938 0.062709 0.491835 0.267995 0.154534 -0.112597 0.343116 0.237326 -0.078806 0.024364 0.187238 0.036390 -0.266146 -0.333390 -0.113605 -0.252484 -0.068459 -0.200089 -0.275291 -0.198694 0.060517 0.083620 -0.340563 -0.445541 0.074858 0.119282 -0.046759 -0.228285 -0.165612 -0.177382 -0.171640 -0.263871 -0.100237 -0.075999 -0.141664 -0.212951 -0.084649 -0.105531 -0.029005 -0.201111 0.284086 0.021052 0.124354 0.126689 0.038411 -0.192569 0.214517 0.221810 -0.002449 -0.141005 -0.076838 0.046491 0.024388 0.027825 -0.123098 -0.251293 -0.095189 -0.191861 0.270548 0.171954 -0.086428 -0.240991 -0.277419 -0.189114 -0.001907 -0.256276 -0.104558 0.110807 0.224222 0.290334 -0.113384 -0.300027 -0.535197 -0.371709 -0.321458 -0.266910 0.141548 -0.031236 0.026096 -0.051258 0.054561 0.113207 -0.025663 -0.094200 -0.048987 -0.164888 -0.245804 -0.142380 -0.052606 0.044087 0.078057 -0.066082
0.080028 -0.047212 0.268567 0.415230 0.250401 1.000000 0.190077 0.372854 0.185607 0.531368 0.008324 0.269959 -0.082588 -0.107475 0.019456 0.380098 -0.374141 -0.463166 -0.160601 -0.170278 -0.063428 0.389685 0.329559 0.508883 0.619334 0.560405 0.553457 0.669731 -0.464891 -0.455223 0.208034 0.382493 -0.172877 -0.203200 0.430306 0.529253 -0.345687 -0.271674 -0.198894 -0.085657 -0.171806 -0.126757 0.001489 0.360287 0.277019 0.470406 -0.111676 0.087501 0.185274 0.136425 0.217957 0.350096 -0.227854 -0.208600 0.068492 -0.161061 -0.339577 -0.453232 -0.308644 -0.245019 -0.252282 -0.365459 -0.331590 -0.400071 0.124299 0.129555 0.127276 0.339166 -0.280426 -0.148951 0.223504 -0.117474 -0.466146 -0.150532 -0.113311 -0.007242 -0.077851 -0.032591 -0.434012 -0.411943 -0.372445 -0.465643 -0.087822 -0.229135 -0.245084 -0.166564 0.174819 0.078863 0.388111 0.288306 -0.128812 0.047717 -0.195683 -0.071300 -0.167036 -0.116590 -0.019797 -0.061215 -0.148604 -0.208345 -0.221929 -0.115811 -0.220744 -0.051197 -0.136153 -0.122930 0.021579 -0.022483 0.126148 0.047729 0.269092 -0.116004 -0.323603 0.054007 -0.015137 0.047683
0.224405 0.202586 0.718369 0.307784 0.459095 0.190077 1.000000 0.312747 0.227089 0.276094 0.281395 0.194058 0.305632 0.248155 -0.031721 0.090150 -0.228900 -0.238798 0.170616 0.169206 0.205905 -0.041285 0.259874 0.170139 0.293387 0.087592 0.267042 0.072242 -0.151862 -0.305127 0.344122 0.244800 0.016327 -0.026232 0.256345 0.132047 -0.404941 -0.458549 -0.182670 -0.286544 -0.325223 -0.203900 -0.295641 -0.159442 0.124875 0.143114 -0.295619 -0.445151 0.245293 0.151916 0.139827 -0.039410 -0.089271 -0.010517 0.186447 -0.246306 -0.234891 -0.276304 -0.066925 -0.127469 -0.023185 -0.216101 -0.133150 -0.378737 0.329864 0.111443 0.220178 0.233355 -0.027654 -0.173226 0.229305 0.010890 -0.304180 -0.038336 -0.168876 -0.150190 0.040182 0.089320 -0.258798 -0.373408 -0.388364 -0.382133 -0.012160 0.071298 -0.354603 -0.461991 -0.134536 -0.101909 0.137715 0.011371 0.124371 0.266031 0.168718 0.379080 -0.082804 -0.242542 -0.322939 -0.245815 -0.267349 -0.247075 -0.217439 0.013542 -0.302461 -0.199787 -0.223005 -0.173083 0.269518 0.022595 -0.079393 0.068008 -0.015213 -0.279023 -0.159516 -0.167810 -0.109313 -0.123569
0.206287 0.564427 0.312152 0.748244 0.090055 0.372854 0.312747 1.000000 0.242654 0.517916 0.335468 0.871088 0.551558 0.715590 0.193162 0.367637 -0.271939 0.012948 -0.070674 0.007767 -0.247579 -0.220096 0.001220 0.318928 0.205023 0.149519 -0.166356 -0.177226 -0.196952 -0.155848 0.284871 0.537584 0.028416 0.086799 0.125406 0.354216 -0.194259 0.004443 -0.178687 -0.023602 -0.023744 0.150650 -0.036708 0.144682 0.240174 0.521602 -0.251750 -0.130301 0.047729 0.256808 0.153994 0.391647 -0.422158 -0.416484 -0.276614 -0.310240 -0.645991 -0.478679 -0.487392 -0.516457 -0.142441 0.001662 0.012074 -0.338171 0.539423 0.757295 -0.094897 -0.000062 -0.532334 -0.467331 -0.161517 -0.313883 -0.306850 0.077201 0.261023 0.399618 0.098519 -0.048183 -0.558513 -0.495681 -0.460937 -0.515124 -0.002770 0.107224 -0.098798 0.081668 0.136271 0.119527 0.261677 0.213804 -0.332331 -0.465606 -0.016421 -0.168785 -0.281551 0.132801 0.039606 -0.183309 -0.107520 -0.204709 0.061954 0.198961 0.107942 -0.052957 -0.112414 -0.303113 0.180684 0.037341 0.199951 -0.030628 -0.069812 -0.078688 -0.581020 0.024303 0.010269 0.269256
-0.366754 -0.109958 0.056464 0.214451 0.455398 0.185607 0.227089 0.242654 1.000000 0.058912 0.003221 0.192612 0.215862 0.101574 0.208362 0.383861 -0.183513 -0.002582 -0.188117 -0.074243 -0.135142 -0.009082 0.188386 0.222609 0.443599 0.385181 0.026368 0.122234 -0.178402 -0.189394 0.270981 0.291450 -0.165980 -0.023978 0.410692 0.378675 0.000206 -0.028846 -0.017703 -0.242344 0.082936 0.084985 0.181937 0.262227 0.379322 0.272059 0.006872 -0.020513 0.118444 0.260640 0.193971 0.051655 -0.159647 -0.134908 -0.189710 -0.191392 -0.302757 -0.239812 -0.329443 -0.345347 -0.213661 -0.313140 -0.164861 -0.172170 0.172221 -0.024635 0.044293 0.091478 -0.286023 -0.254617 0.073614 0.016841 -0.105512 -0.129846 0.069419 0.069407 0.078490 -0.119652 -0.221331 -0.116803 -0.147024 -0.177538 0.052536 0.075956 0.024549 0.076772 0.237025 0.156709 -0.051840 -0.019001 -0.233804 -0.206252 -0.253430 -0.170680 -0.138149 -0.354108 -0.138273 -0.276623 -0.014420 -0.033132 -0.002245 -0.105043 0.029207 -0.093509 0.110277 0.112146 0.070240 -0.119476 -0.131889 -0.223359 0.004792 0.122598 -0.204568 0.202441 0.239494 0.133274
0.155707 0.254769 0.264988 0.308822 0.332664 0.531368 0.276094 0.517916 0.058912 1.000000 0.046662 0.341364 0.104494 0.414188 -0.045447 0.473714 -0.343078 -0.230048 -0.074649 0.019130 -0.037300 0.088397 -0.111741 0.155269 0.309041 0.074872 0.199222 0.052221 -0.154253 -0.149519 0.231736 0.356431 -0.131749 -0.026186 0.167051 0.490511 -0.301157 -0.189793 -0.125599 0.073244 -0.159390 -0.052058 -0.048876 0.196332 0.262558 0.512947 -0.293363 -0.207017 0.187019 0.377340 0.086829 0.284960 -0.341422 -0.257766 0.008481 -0.149656 -0.375855 -0.341623 -0.261660 -0.271108 -0.182196 -0.009057 -0.206658 -0.332554 0.181081 0.415732 0.118238 0.267357 -0.252872 -0.146358 0.107434 -0.102422 -0.252516 -0.040296 -0.075793 0.099130 -0.137391 -0.007222 -0.350203 -0.450243 -0.327465 -0.406318 0.055881 0.041086 -0.143527 -0.198774 -0.163651 0.082556 0.332572 0.042659 -0.155671 -0.023230 0.176431 0.203406 -0.168234 0.120187 -0.132447 -0.125466 -0.300306 -0.322808 0.017921 0.151132 -0.036644 -0.039890 -0.149804 -0.286789 -0.055160 -0.009093 0.298590 0.122559 0.111802 -0.299995 -0.211825 -0.014620 -0.159311 0.010212
0.610686 0.459010 0.388106 0.404283 0.057301 0.008324 0.281395 0.335468 0.003221 0.046662 1.000000 0.519076 0.438744 0.249284 0.664266 0.215112 0.104874 0.222930 0.301681 0.328820 0.073275 -0.072506 0.275534 0.235735 -0.006843 0.008237 -0.063102 -0.156173 0.308536 -0.161998 0.241349 0.307959 0.149213 0.114481 -0.119854 -0.092340 0.052944 0.032680 -0.086644 -0.204007 0.038022 0.062673 -0.312514 -0.321530 -0.126400 0.028536 -0.380671 -0.385534 0.141677 -0.083754 0.288766 0.089759 -0.243637 -0.237324 -0.267015 -0.411750 -0.243530 -0.093496 -0.372402 -0.360871 0.046906 -0.005283 0.009878 -0.132431 0.442752 0.408746 -0.324323 -0.240661 -0.189192 -0.277375 -0.204291 -0.111949 -0.121837 0.125682 0.342495 0.349774 0.262982 -0.020882 -0.218092 -0.403964 -0.207934 -0.270893 0.254663 0.187217 0.005995 -0.062614 0.223466 0.000347 0.180857 0.044396 -0.314658 -0.313582 0.086216 0.102438 -0.280327 0.086280 -0.044818 -0.304769 -0.214216 -0.357699 0.079565 0.198271 -0.030227 0.098329 0.044989 0.011365 0.234443 0.038885 -0.106198 -0.083925 -0.217362 -0.135142 -0.422339 0.112227 0.127860 0.140688
0.324206 0.664298 0.227108 0.700259 0.029625 0.269959 0.194058 0.871088 0.192612 0.341364 0.519076 1.000000 0.643974 0.650951 0.367583 0.380692 -0.119647 0.181860 -0.072160 0.072264 -0.261208 -0.224308 0.034245 0.272513 0.158416 0.102711 -0.267408 -0.202363 -0.098556 -0.188039 0.177093 0.428656 0.043773 0.090861 0.048678 0.286088 -0.167315 0.030836 -0.216635 -0.120414 -0.042314 0.180814 -0.093080 0.056209 0.162940 0.458098 -0.248896 -0.144043 0.102348 0.207393 0.232166 0.381110 -0.448984 -0.482171 -0.418283 -0.407152 -0.551465 -0.336008 -0.539991 -0.538489 -0.058125 0.095046 -0.003264 -0.244842 0.590753 0.801026 -0.217723 -0.053021 -0.517068 -0.441293 -0.211249 -0.282473 -0.365322 0.092286 0.373714 0.514091 0.245301 0.027695 -0.503304 -0.510803 -0.454240 -0.501112 -0.032192 0.068116 -0.087327 0.094570 0.178178 0.076025 0.182519 0.145105 -0.415313 -0.538563 -0.013535 -0.181903 -0.235712 0.166126 0.036610 -0.181896 -0.125133 -0.257109 0.161741 0.241269 0.138324 -0.000135 -0.068391 -0.234098 0.196820 0.019433 0.160102 -0.076993 -0.109371 -0.013578 -0.597242 0.075950 0.011172 0.215103
0.468270 0.684029 0.331456 0.246493 0.288361 -0.082588 0.305632 0.551558 0.215862 0.104494 0.438744 0.643974 1.000000 0.591027 0.216740 0.190901 0.265148 0.183279 0.157451 0.166292 -0.182858 -0.369331 -0.139802 -0.197477 -0.055556 -0.268449 -0.212041 -0.279137 0.206727 -0.090358 0.034087 0.124713 0.227446 0.235594 -0.080341 -0.138527 -0.143847 -0.074726 -0.286764 -0.198761 0.040747 0.032356 -0.305751 -0.332531 -0.071174 0.046345 -0.437810 -0.445555 0.199462 0.059378 0.135029 0.050394 -0.059291 -0.412890 -0.398054 -0.376277 -0.213325 -0.067169 -0.109268 -0.177140 0.380672 0.296509 0.420632 0.045013 0.644628 0.672749 -0.080939 -0.240732 -0.174203 -0.416131 -0.350231 -0.133574 -0.044265 0.045052 0.302662 0.351200 0.127524 -0.120597 -0.125111 -0.207307 -0.151673 -0.210299 -0.077749 -0.040607 -0.158687 -0.023921 -0.094534 -0.310420 -0.031407 0.083189 -0.176540 -0.415613 0.113835 0.006262 -0.317425 0.052987 -0.167867 -0.343462 -0.128715 -0.199701 0.343307 0.344821 0.281819 0.165311 0.089980 -0.139708 0.223749 0.069721 0.102466 -0.337151 -0.388041 0.007955 -0.419053 0.180433 0.142329 0.237727
0.267536 0.725073 0.189145 0.420795 0.098521 -0.107475 0.248155 0.715590 0.101574 0.414188 0.249284 0.650951 0.591027 1.000000 0.047975 0.339385 -0.019128 0.292707 0.103634 0.277753 -0.087523 -0.320556 -0.391643 -0.180925 -0.149537 -0.232575 -0.368205 -0.520935 0.128374 0.224420 0.177447 0.291435 0.141159 0.189879 -0.152736 0.050225 -0.070644 0.021784 -0.102640 -0.013938 -0.059790 0.160115 -0.246908 -0.199960 0.034952 0.218282 -0.304300 -0.348171 -0.146686 0.176515 -0.175232 -0.017830 -0.297886 -0.321373 -0.352898 -0.325704 -0.373973 -0.158992 -0.196523 -0.249642 0.048285 0.309045 0.293621 -0.092204 0.379693 0.681217 -0.177463 -0.095965 -0.181347 -0.313691 -0.190129 -0.070436 0.083158 0.254045 0.278887 0.464845 0.236744 0.165430 -0.351392 -0.320073 -0.194523 -0.215079 0.077294 0.282974 -0.017849 -0.013735 -0.211335 -0.021685 -0.081592 -0.170730 -0.281623 -0.292918 0.393771 0.139607 -0.084777 0.202812 -0.121309 -0.114635 -0.294952 -0.277053 0.226246 0.294345 0.173777 -0.111651 -0.155495 -0.298064 0.085234 -0.023199 0.146271 0.102531 -0.136973 -0.207300 -0.281632 -0.181097 -0.164702 0.031371
0.257182 0.096006 0.119300 0.390677 0.056076 0.019456 -0.031721 0.193162 0.208362 -0.045447 0.664266 0.367583 0.216740 0.047975 1.000000 0.412623 0.051888 0.344754 0.206488 0.265089 0.108545 0.007905 0.483397 0.377275 0.182632 0.227947 -0.030425 -0.092338 0.371707 0.106532 0.386051 0.280162 0.035937 -0.016792 -0.097291 -0.054513 0.371341 0.378528 0.232205 -0.066041 0.440250 0.375137 0.047362 -0.074056 -0.091967 -0.047104 -0.101785 -0.027592 0.074887 -0.145626 0.266087 0.190612 -0.082459 -0.044662 -0.203757 -0.150155 -0.330681 -0.082808 -0.509940 -0.494302 -0.142281 -0.239320 -0.128793 -0.061040 0.204156 0.173217 -0.618414 -0.506964 -0.480106 -0.480024 -0.153926 -0.093329 0.087340 0.173020 0.552846 0.534464 0.241608 -0.173922 -0.206807 -0.171721 -0.083244 -0.142398 0.408764 0.270309 0.181918 0.220217 0.506698 0.198411 0.126508 0.108011 -0.239089 -0.442743 -0.114648 -0.171657 -0.212687 0.099382 0.173536 -0.278212 0.119956 -0.067947 0.199543 0.181815 0.153442 0.236517 0.271456 0.150116 0.052450 -0.032140 -0.033332 -0.224968 -0.189957 0.235870 -0.373611 0.393063 0.322170 0.364302
0.133365 0.278780 0.026802 0.406494 0.261355 0.380098 0.090150 0.367637 0.383861 0.473714 0.215112 0.380692 0.190901 0.339385 0.412623 1.000000 -0.114309 0.122197 -0.173787 0.080569 -0.004842 0.107406 0.160969 0.251450 0.258699 0.208601 0.121266 0.019949 -0.038214 -0.022485 0.281330 0.160851 -0.182427 -0.199939 0.043031 0.284063 0.010624 0.093861 0.051400 -0.013998 0.015930 0.201343 -0.057330 0.081792 0.123366 0.230771 -0.231993 -0.157305 0.072206 0.204482 0.066011 0.169899 -0.213292 -0.235844 -0.166488 -0.216789 -0.284146 -0.126617 -0.399455 -0.285991 -0.093404 -0.005246 -0.098701 -0.171547 0.094602 0.257232 -0.381743 -0.066879 -0.368884 -0.239166 0.027894 -0.153003 -0.109164 0.006111 0.109410 0.312163 0.044644 -0.067123 -0.279646 -0.264476 -0.099410 -0.201438 0.228169 0.230217 0.086639 0.023223 0.191786 0.231696 0.152236 -0.024996 -0.258396 -0.186984 0.101305 0.020160 -0.077951 -0.089274 -0.086067 -0.161036 -0.223701 -0.308995 0.155715 0.149111 0.113496 0.090658 0.151733 -0.022837 0.062305 -0.091926 0.020493 -0.035665 0.027315 0.042225 -0.181404 0.235613 0.138662 0.180910
0.351346 0.164141 -0.110307 -0.290107 -0.017214 -0.374141 -0.228900 -0.271939 -0.183513 -0.343078 0.104874 -0.119647 0.265148 -0.019128 0.051888 -0.114309 1.000000 0.476184 0.173215 0.237455 -0.035593 -0.226509 -0.113744 -0.394180 -0.378515 -0.424399 -0.136930 -0.166872 0.520300 0.237509 -0.297237 -0.375222 0.569343 0.418750 -0.434525 -0.640923 0.261808 0.074774 -0.159085 -0.012432 0.203343 0.129290 -0.284109 -0.508896 -0.535097 -0.584812 -0.114134 -0.155456 -0.101973 -0.409215 -0.171100 -0.270890 0.388979 0.000471 -0.193302 0.050781 0.543092 0.657556 0.417906 0.356387 0.603954 0.412973 0.587076 0.746986 0.026295 0.063768 -0.175632 -0.463035 0.333976 0.059702 -0.382166 -0.077821 0.489780 -0.192457 0.233373 0.066207 -0.046936 -0.224334 0.442695 0.385361 0.535702 0.551406 -0.066790 -0.051966 0.182935 0.167593 -0.175298 -0.329469 -0.227643 0.007408 0.157893 -0.125753 -0.031861 -0.161617 -0.145723 0.128875 0.117318 0.032901 0.194460 0.206104 0.270501 0.185342 0.338405 0.234332 0.053331 -0.083445 -0.080409 0.004547 -0.072416 -0.216615 -0.317335 0.244258 0.145857 0.135222 0.016547 -0.057407
0.097055 0.323544 -0.334075 0.088867 -0.059034 -0.463166 -0.238798 0.012948 -0.002582 -0.230048 0.222930 0.181860 0.183279 0.292707 0.344754 0.122197 0.476184 1.000000 0.113414 0.405230 -0.017321 -0.276277 -0.305919 -0.336967 -0.369667 -0.245429 -0.352738 -0.474168 0.605144 0.598690 -0.059209 -0.117970 0.228588 0.221789 -0.426925 -0.389362 0.370206 0.267275 0.132079 -0.076998 0.271582 0.339918 -0.202123 -0.419361 -0.341794 -0.366966 -0.173468 -0.229084 -0.310714 -0.162027 -0.349019 -0.302657 -0.141600 -0.103335 -0.418271 -0.149881 0.227434 0.483305 -0.029551 -0.010093 0.108122 0.339603 0.281532 0.427641 -0.227052 0.132123 -0.525688 -0.359900 0.006522 -0.007756 -0.185862 0.007833 0.468231 0.112542 0.301245 0.289286 0.095826 0.018300 0.097740 0.303536 0.357649 0.436253 0.344364 0.587291 0.478147 0.492336 0.057584 0.129568 -0.347647 -0.222413 -0.306992 -0.382332 0.099603 -0.206378 0.000226 0.101428 -0.068296 -0.116406 -0.060905 0.004688 0.280314 0.062729 0.234986 0.180885 0.111276 0.136894 -0.061716 -0.052567 -0.218309 -0.204499 -0.401683 0.095119 -0.020045 0.087337 0.057253 -0.039699
0.396397 0.195187 0.502759 0.071628 0.276772 -0.160601 0.170616 -0.070674 -0.188117 -0.074649 0.301681 -0.072160 0.157451 0.103634 0.206488 -0.173787 0.173215 0.113414 1.000000 0.600745 0.286364 -0.000905 0.005459 -0.175487 -0.033727 -0.100853 0.184506 0.058731 0.422440 0.156666 0.280769 0.178487 0.258743 0.269541 -0.268513 -0.451028 0.068348 -0.078069 0.107686 -0.056067 0.206856 0.084120 -0.400779 -0.511373 -0.402298 -0.379151 -0.172703 -0.285929 -0.401923 -0.477922 -0.377589 -0.502445 -0.127993 -0.152278 -0.171902 -0.208852 0.014818 0.081177 0.114781 -0.001560 -0.038161 -0.139421 0.195529 -0.029432 0.149778 -0.076299 -0.063787 -0.224099 0.331138 -0.173955 -0.091521 0.318637 0.259012 0.316717 0.328475 0.320420 0.249688 0.114772 -0.004644 -0.125031 0.085942 0.013864 0.429771 0.250045 0.007147 -0.089746 -0.194211 -0.163384 0.054209 -0.286182 -0.218535 -0.012596 0.250139 0.294023 0.076427 0.114952 -0.142773 -0.089615 -0.212931 -0.274052 0.106572 0.099360 0.004864 0.085398 0.044238 0.154660 -0.033136 -0.011733 0.024877 -0.093842 -0.205449 -0.142160 -0.163842 -0.063865 -0.024102 -0.052419
0.285630 0.304387 0.199374 0.125030 0.367417 -0.170278 0.169206 0.007767 -0.074243 0.019130 0.328820 0.072264 0.166292 0.277753 0.265089 0.080569 0.237455 0.405230 0.600745 1.000000 0.238278 -0.093827 -0.143192 -0.143050 -0.083660 -0.207305 0.023136 -0.253888 0.590707 0.332093 0.347374 0.232310 0.270276 0.360146 -0.373513 -0.328972 0.173336 -0.115208 -0.020215 -0.168730 0.128471 0.061944 -0.332311 -0.469488 -0.271203 -0.252879 -0.256077 -0.406227 -0.364162 -0.219260 -0.487846 -0.469288 -0.290158 -0.111370 -0.309608 -0.263317 0.097745 0.258474 -0.143902 -0.203400 -0.137935 0.097217 0.165966 0.039444 -0.039703 -0.015602 -0.314704 -0.277386 0.278617 0.045690 -0.114052 0.204591 0.293546 0.116760 0.266758 0.266007 0.068158 0.014857 0.057623 -0.064231 0.176962 0.162585 0.393929 0.495944 0.255395 -0.095786 -0.211230 -0.196716 -0.212457 -0.392264 -0.176469 0.077666 0.431598 0.268405 -0.187528 0.109792 -0.287073 -0.201453 -0.303702 -0.167436 0.117337 0.082983 0.099316 -0.082290 0.020178 0.083183 -0.052935 -0.248840 -0.046553 -0.030864 -0.367508 -0.045528 -0.060656 0.008840 0.032447 -0.049770
0.071006 -0.214743 0.258417 -0.084261 0.062731 -0.063428 0.205905 -0.247579 -0.135142 -0.037300 0.073275 -0.261208 -0.182858 -0.087523 0.108545 -0.004842 -0.035593 -0.017321 0.286364 0.238278 1.000000 0.401662 0.209471 0.068863 0.194048 0.088248 0.262842 0.049461 0.130103 0.096353 0.337166 0.117064 0.193390 -0.085403 -0.133602 -0.091426 0.076410 -0.012210 0.298653 -0.002767 0.076780 0.242257 -0.096633 -0.122796 -0.086351 -0.199287 0.110152 -0.032800 0.000798 -0.108732 -0.163503 -0.192544 0.065451 0.249545 0.300202 0.119148 0.051108 0.023184 0.061470 -0.024234 -0.088817 -0.270138 -0.139595 -0.166288 -0.135088 -0.320846 -0.104012 -0.154550 0.193395 -0.080214 0.424518 0.188873 0.176769 0.461293 0.099216 0.141944 0.342038 0.330727 0.015829 -0.047664 -0.025340 -0.051915 0.189329 0.074651 -0.061735 -0.309072 -0.028849 -0.071848 -0.031543 -0.169741 0.016823 0.198241 0.078713 0.220498 0.120834 -0.024114 0.007461 0.027433 -0.175043 -0.154154 -0.048606 0.013623 -0.136805 -0.150165 -0.046624 -0.010664 -0.021411 -0.017075 -0.101885 0.213410 0.197553 -0.102324 0.106438 -0.085359 -0.148389 -0.172953
-0.075016 -0.397741 0.018174 -0.025163 0.006806 0.389685 -0.041285 -0.220096 -0.009082 0.088397 -0.072506 -0.224308 -0.369331 -0.320556 0.007905 0.107406 -0.226509 -0.276277 -0.000905 -0.093827 0.401662 1.000000 0.323585 0.270475 0.296142 0.300481 0.499685 0.511190 -0.185169 -0.180223 0.091452 0.134595 -0.070517 -0.220928 0.250386 0.205417 -0.058994 0.018084 0.138369 0.168661 -0.017257 -0.099105 0.015990 0.171769 0.100671 0.023928 0.116556 0.107096 0.041107 -0.027818 -0.055309 -0.031173 0.011404 0.090381 0.312327 0.123045 0.012842 -0.139059 -0.036944 0.037899 -0.152774 -0.321926 -0.200777 -0.142911 -0.215160 -0.339847 -0.012181 0.109110 0.049380 0.064375 0.340326 0.271926 -0.123335 0.157963 -0.119545 -0.051900 0.140226 0.158040 -0.093691 -0.124185 -0.064056 -0.148845 0.050911 -0.115729 -0.215592 -0.250215 0.245349 0.185603 0.145441 0.163586 -0.118034 0.150211 -0.039774 0.147954 0.084715 -0.075729 0.031279 0.066924 -0.183806 -0.141796 -0.205937 -0.147488 -0.193684 -0.044142 0.069461 0.155668 0.087951 0.038392 -0.067446 0.133817 0.237223 -0.069709 -0.010503 0.045193 0.071523 -0.007662
0.039891 -0.427893 0.343670 0.345010 0.034436 0.329559 0.259874 0.001220 0.188386 -0.111741 0.275534 0.034245 -0.139802 -0.391643 0.483397 0.160969 -0.113744 -0.305919 0.005459 -0.143192 0.209471 0.323585 1.000000 0.766111 0.452164 0.505536 0.402574 0.435915 -0.149975 -0.354725 0.372878 0.229479 0.034226 -0.208015 0.223207 0.127763 0.106178 0.117947 0.146627 -0.009174 0.205515 0.146409 0.181205 0.190587 0.073559 0.003092 0.102559 0.176728 0.266611 -0.145083 0.391374 0.250599 0.232735 0.277559 0.322616 0.151556 -0.220816 -0.271463 -0.255121 -0.271298 -0.099379 -0.514245 -0.268241 -0.170654 0.173465 -0.206354 -0.195854 -0.243383 -0.369849 -0.313462 0.152145 -0.127099 -0.231195 -0.091910 0.188023 0.075759 0.085846 -0.192635 -0.142254 -0.189601 -0.167258 -0.252628 0.128653 -0.109402 -0.056698 -0.060672 0.582210 0.210518 0.416094 0.417930 0.176625 -0.025947 -0.463797 -0.255006 -0.172702 -0.161693 0.255237 -0.113694 0.286307 0.134149 -0.351803 -0.207624 -0.280603 -0.056380 0.049813 0.015122 0.041267 -0.040609 -0.077234 -0.083089 0.124780 0.228043 -0.228818 0.181542 0.163985 0.189443
-0.162085 -0.316792 0.234961 0.563346 -0.025770 0.508883 0.170139 0.318928 0.222609 0.155269 0.235735 0.272513 -0.197477 -0.180925 0.377275 0.251450 -0.394180 -0.336967 -0.175487 -0.143050 0.068863 0.270475 0.766111 1.000000 0.545442 0.625745 0.276681 0.347418 -0.291583 -0.337453 0.462405 0.509808 -0.089161 -0.242245 0.343700 0.440622 0.043121 0.120838 0.134009 -0.007188 0.132626 0.154258 0.346809 0.477661 0.335248 0.376313 0.112473 0.225898 0.126224 0.045603 0.376080 0.436946 -0.084693 0.150212 0.137709 0.002835 -0.513341 -0.526989 -0.467594 -0.496922 -0.413315 -0.531258 -0.348668 -0.398518 0.151578 -0.031157 -0.097352 -0.051297 -0.529928 -0.276080 0.143868 -0.246908 -0.329523 -0.123519 0.127834 0.114473 0.016812 -0.186006 -0.353879 -0.349718 -0.268685 -0.353312 0.185566 0.011533 0.047032 0.057876 0.554394 0.354072 0.498368 0.350731 -0.041762 -0.146602 -0.432889 -0.340036 -0.225697 -0.130530 0.170820 -0.183706 0.144107 0.037848 -0.419927 -0.268540 -0.338093 -0.189673 -0.098845 -0.058577 -0.020643 -0.216851 0.028737 -0.017763 0.145497 0.110430 -0.364225 0.097700 0.163772 0.227925
-0.234104 -0.271797 0.318881 0.201451 0.392938 0.619334 0.293387 0.205023 0.443599 0.309041 -0.006843 0.158416 -0.055556 -0.149537 0.182632 0.258699 -0.378515 -0.369667 -0.033727 -0.083660 0.194048 0.296142 0.452164 0.545442 1.000000 0.671909 0.360733 0.463963 -0.243416 -0.267176 0.559237 0.571394 -0.192816 -0.112554 0.415192 0.472204 -0.062587 -0.124835 0.070865 -0.081418 0.074224 0.108246 0.170166 0.391029 0.315434 0.336282 -0.037489 0.042023 0.242394 0.084145 0.233220 0.203056 -0.132360 -0.048048 -0.014934 -0.103953 -0.473212 -0.429641 -0.366209 -0.413622 -0.433768 -0.558661 -0.392300 -0.337217 0.095709 -0.120799 0.068396 0.094833 -0.415792 -0.355097 0.279657 0.015321 -0.251454 -0.005675 0.090326 0.045955 0.008090 -0.098468 -0.316313 -0.303935 -0.212613 -0.307772 0.024436 -0.146348 -0.062445 -0.100457 0.177481 0.043854 0.243605 0.051331 -0.131704 -0.009434 -0.285267 -0.151696 -0.076494 -0.151597 -0.001495 -0.142561 -0.043566 -0.098370 -0.237220 -0.174656 -0.278453 -0.238668 -0.117095 -0.029085 -0.134427 -0.242920 0.119375 -0.029568 0.182704 -0.000558 -0.284602 0.155556 0.080373 0.074246
-0.328430 -0.351041 0.155980 0.349514 0.062709 0.560405 0.087592 0.149519 0.385181 0.074872 0.008237 0.102711 -0.268449 -0.232575 0.227947 0.208601 -0.424399 -0.245429 -0.100853 -0.207305 0.088248 0.300481 0.505536 0.625745 0.671909 1.000000 0.358762 0.563847 -0.295705 -0.221291 0.430880 0.569789 -0.167083 -0.132624 0.500422 0.517253 0.015464 -0.036813 0.190708 -0.130314 0.115809 0.183853 0.217778 0.393554 0.315087 0.315027 0.049244 0.193051 -0.011113 -0.030530 0.178201 0.141695 -0.184899 -0.042077 -0.013882 -0.220625 -0.351359 -0.433719 -0.314595 -0.350764 -0.437149 -0.623864 -0.420984 -0.304668 -0.010466 -0.191708 -0.001824 0.150730 -0.295183 -0.180959 0.223645 0.093982 -0.199847 0.004881 0.072463 0.053705 0.037948 0.048088 -0.344460 -0.151310 -0.220959 -0.267820 0.188350 0.071198 -0.040736 0.096174 0.394610 0.347973 0.217873 0.097270 -0.175908 -0.069969 -0.430990 -0.288669 0.087218 -0.398802 -0.023443 -0.123869 -0.087545 -0.158705 -0.337445 -0.381945 -0.366997 -0.217691 -0.074811 0.152585 -0.074137 -0.130897 -0.061789 -0.116787 0.280810 -0.066071 -0.243328 -0.040769 0.011740 -0.012179
0.069570 -0.308402 0.344466 0.070152 0.491835 0.553457 0.267042 -0.166356 0.026368 0.199222 -0.063102 -0.267408 -0.212041 -0.368205 -0.030425 0.121266 -0.136930 -0.352738 0.184506 0.023136 0.262842 0.499685 0.402574 0.276681 0.360733 0.358762 1.000000 0.761668 -0.139608 -0.275674 0.153770 0.089688 -0.074835 -0.259615 0.317750 0.133650 -0.386108 -0.322408 -0.057764 -0.117128 -0.169473 -0.262907 -0.125587 0.010670 0.085406 0.077153 -0.067017 -0.033391 0.050839 -0.019989 0.016824 -0.077219 0.026720 0.102709 0.264532 0.051549 0.050978 -0.184494 -0.012743 0.013607 -0.124360 -0.344273 -0.155331 -0.266358 0.039036 -0.272488 0.152380 0.240072 0.119748 0.019589 0.413619 0.246547 -0.140413 -0.084482 -0.299093 -0.154294 -0.004141 0.196052 -0.163741 -0.168837 -0.160278 -0.236714 0.128622 -0.089440 -0.298206 -0.367460 -0.031871 -0.049572 0.278082 0.078843 0.080848 0.349619 -0.012180 0.245963 -0.001665 -0.330973 -0.245142 -0.160104 -0.175114 -0.199840 -0.226781 -0.305838 -0.289538 -0.063154 -0.067618 0.116030 -0.041810 -0.039915 -0.099362 0.004133 0.107520 -0.195635 0.043318 -0.121506 -0.088295 -0.220491
-0.046530 -0.363743 0.232258 0.064556 0.267995 0.669731 0.072242 -0.177226 0.122234 0.052221 -0.156173 -0.202363 -0.279137 -0.520935 -0.092338 0.019949 -0.166872 -0.474168 0.058731 -0.253888 0.049461 0.511190 0.435915 0.347418 0.463963 0.563847 0.761668 1.000000 -0.369048 -0.431571 0.006491 0.104385 -0.137288 -0.233889 0.430601 0.226423 -0.286479 -0.219842 -0.026599 -0.091024 -0.102889 -0.184960 -0.110873 0.129110 0.063322 0.072146 0.036240 0.131401 0.013551 -0.137752 0.097465 -0.007027 -0.012333 -0.059000 0.212956 -0.055396 0.019059 -0.247176 0.050662 0.097552 -0.116691 -0.436638 -0.262454 -0.228185 -0.031792 -0.279043 0.266224 0.341071 0.050400 -0.014030 0.262374 0.188184 -0.307930 -0.101898 -0.171104 -0.141662 0.000011 0.119982 -0.140332 -0.110099 -0.190579 -0.247820 -0.005930 -0.285729 -0.291488 -0.186447 0.165045 0.098710 0.334629 0.199337 -0.007550 0.211390 -0.315196 -0.017642 0.130532 -0.360327 -0.092707 0.060671 -0.107536 -0.200476 -0.345138 -0.381118 -0.351039 -0.009130 -0.037000 0.162262 0.049540 0.117881 -0.161274 -0.053304 0.324050 -0.149302 0.009154 -0.076894 -0.049704 -0.179312
0.206373 0.105657 -0.067924 -0.188467 0.154534 -0.464891 -0.151862 -0.196952 -0.178402 -0.154253 0.308536 -0.098556 0.206727 0.128374 0.371707 -0.038214 0.520300 0.605144 0.422440 0.590707 0.130103 -0.185169 -0.149975 -0.291583 -0.243416 -0.295705 -0.139608 -0.369048 1.000000 0.564604 0.218488 0.039544 0.248960 0.322026 -0.505518 -0.571844 0.496667 0.229104 0.206977 -0.024384 0.490181 0.131459 -0.216397 -0.540789 -0.458784 -0.508799 -0.246814 -0.420592 -0.278981 -0.384595 -0.354559 -0.441843 0.094086 0.024677 -0.247573 -0.066925 0.220207 0.365944 0.056597 -0.037106 0.120043 0.185065 0.369112 0.366143 -0.082239 -0.037413 -0.442261 -0.532131 0.104794 -0.053426 -0.191166 0.254144 0.713091 0.009290 0.263157 0.214637 0.002011 -0.117797 0.368371 0.312303 0.517163 0.501650 0.499765 0.463877 0.529430 0.339928 -0.111363 -0.124559 -0.095395 -0.202040 -0.074209 -0.186848 0.215841 -0.017018 -0.209027 0.105433 -0.193324 -0.304101 -0.094415 0.031732 0.207815 0.047044 0.230012 0.168701 0.148247 0.144972 -0.175505 -0.230959 -0.064264 -0.297150 -0.580960 0.053165 0.004864 0.130253 0.077357 -0.008635
-0.132425 0.004496 -0.360793 -0.169992 -0.112597 -0.455223 -0.305127 -0.155848 -0.189394 -0.149519 -0.161998 -0.188039 -0.090358 0.224420 0.106532 -0.022485 0.237509 0.598690 0.156666 0.332093 0.096353 -0.180223 -0.354725 -0.337453 -0.267176 -0.221291 -0.275674 -0.431571 0.564604 1.000000 0.080534 -0.070097 0.093380 0.101266 -0.417320 -0.358195 0.512184 0.375647 0.278540 0.071180 0.368074 0.294976 -0.064970 -0.244175 -0.289567 -0.398379 0.025146 -0.100161 -0.363866 -0.193437 -0.401812 -0.295408 0.106129 0.139906 -0.163661 0.054481 0.071477 0.300361 0.138368 0.134761 -0.081009 0.212285 0.299997 0.357554 -0.398201 -0.061074 -0.386160 -0.392733 0.006479 -0.083462 -0.074673 0.221468 0.705648 0.264211 0.174714 0.149985 0.041010 0.011442 0.202807 0.497598 0.497771 0.575675 0.358527 0.469415 0.416333 0.430288 -0.149854 0.035483 -0.295957 -0.203189 -0.108532 -0.174512 0.156142 -0.116378 0.038681 0.100087 0.020282 -0.079045 -0.054645 0.079506 0.171810 -0.030770 0.147162 0.085936 0.060410 0.083938 -0.312808 -0.263505 -0.074598 -0.091906 -0.316152 -0.012767 0.034679 -0.047158 0.017959 0.024679
-0.089700 -0.076317 0.404952 0.345314 0.343116 0.208034 0.344122 0.284871 0.270981 0.231736 0.241349 0.177093 0.034087 0.177447 0.386051 0.281330 -0.297237 -0.059209 0.280769 0.347374 0.337166 0.091452 0.372878 0.462405 0.559237 0.430880 0.153770 0.006491 0.218488 0.080534 1.000000 0.747917 -0.079356 0.060884 0.111195 0.213695 0.161331 -0.023662 0.227445 -0.120384 0.252580 0.185955 0.084347 0.142122 0.228052 0.184397 -0.178260 -0.229453 -0.015491 0.007850 0.017676 -0.081298 -0.214906 -0.037735 -0.102453 -0.224442 -0.478235 -0.336312 -0.384857 -0.504542 -0.416434 -0.416202 -0.223254 -0.335909 0.181882 -0.053829 -0.192337 -0.179848 -0.311671 -0.413950 0.172392 0.121900 0.118180 0.102596 0.223216 0.289966 0.094018 -0.045021 -0.253306 -0.251793 -0.069696 -0.171128 0.422030 0.334752 0.209051 -0.001879 0.074820 0.044117 0.140031 -0.148132 -0.255547 -0.134308 -0.033182 -0.029716 -0.224380 -0.129285 -0.214491 -0.421008 -0.249922 -0.213575 -0.115898 -0.059559 -0.188035 -0.260060 -0.059182 0.032647 -0.111867 -0.335998 0.096524 -0.102540 -0.142698 -0.126296 -0.341327 0.027990 0.054653 0.136078
-0.130315 0.026849 0.368210 0.518097 0.237326 0.382493 0.244800 0.537584 0.291450 0.356431 0.307959 0.428656 0.124713 0.291435 0.280162 0.160851 -0.375222 -0.117970 0.178487 0.232310 0.117064 0.134595 0.229479 0.509808 0.571394 0.569789 0.089688 0.104385 0.039544 -0.070097 0.747917 1.000000 0.024279 0.247930 0.269779 0.424314 0.059316 -0.015847 0.153775 -0.034314 0.219233 0.169028 0.075572 0.235861 0.318788 0.403196 -0.176348 -0.143365 -0.037666 0.041002 0.044093 0.069695 -0.415088 -0.234083 -0.178862 -0.305037 -0.597066 -0.498699 -0.507218 -0.582052 -0.468343 -0.395272 -0.281429 -0.346214 0.282196 0.220634 -0.070975 -0.014127 -0.375651 -0.398267 0.040444 0.144192 -0.099259 0.109170 0.312873 0.332329 0.116980 0.007443 -0.467834 -0.460233 -0.321448 -0.403951 0.294785 0.265720 0.032577 -0.002851 0.219017 0.197904 0.239405 0.024797 -0.380974 -0.257716 -0.137115 -0.154020 -0.211237 -0.049836 -0.088697 -0.277615 -0.234587 -0.274787 -0.191082 -0.100016 -0.213873 -0.332523 -0.215034 -0.123084 -0.080884 -0.229231 0.128390 -0.037093 0.013146 -0.198241 -0.477054 -0.087194 -0.070906 0.073613
0.333648 0.137326 0.101496 0.029756 -0.078806 -0.172877 0.016327 0.028416 -0.165980 -0.131749 0.149213 0.043773 0.227446 0.141159 0.035937 -0.182427 0.569343 0.228588 0.258743 0.270276 0.193390 -0.070517 0.034226 -0.089161 -0.192816 -0.167083 -0.074835 -0.137288 0.248960 0.093380 -0.079356 0.024279 1.000000 0.581073 -0.388189 -0.473369 0.191292 0.110464 -0.039150 0.224091 0.221789 0.283937 -0.237445 -0.402738 -0.445868 -0.432467 -0.082884 -0.101846 -0.188273 -0.453462 -0.286344 -0.195848 0.271252 -0.000288 -0.005677 0.146376 0.288855 0.387215 0.239718 0.082259 0.430885 0.159489 0.435679 0.464559 0.166926 0.166097 -0.200132 -0.508691 0.236844 -0.017040 -0.304046 -0.095149 0.314226 0.048303 0.405543 0.181831 0.011145 -0.164095 0.192376 0.041708 0.246035 0.196914 -0.025706 -0.014197 0.008948 0.008649 0.006332 -0.163532 -0.054045 0.143559 0.196180 -0.085569 -0.059731 -0.178500 -0.091349 0.319221 0.302878 0.123393 0.296573 0.314702 0.136348 0.204748 0.271113 0.017378 -0.115407 -0.282415 -0.022992 0.016813 0.236027 -0.009536 -0.240633 0.321117 -0.007789 0.082267 -0.002274 0.066207
0.159330 0.252558 0.014754 -0.058740 0.024364 -0.203200 -0.026232 0.086799 -0.023978 -0.026186 0.114481 0.090861 0.235594 0.189879 -0.016792 -0.199939 0.418750 0.221789 0.269541 0.360146 -0.085403 -0.220928 -0.208015 -0.242245 -0.112554 -0.132624 -0.259615 -0.233889 0.322026 0.101266 0.060884 0.247930 0.581073 1.000000 -0.299993 -0.236547 0.154073 -0.069071 -0.028955 0.139318 0.234555 0.151600 -0.192343 -0.332305 -0.340054 -0.252718 -0.195165 -0.141973 -0.277426 -0.317756 -0.346439 -0.276618 -0.123044 -0.263656 -0.302059 -0.027584 0.221329 0.448344 0.092388 0.010233 0.234657 0.242532 0.216147 0.441051 0.118417 0.190917 -0.083946 -0.220473 0.257776 0.091838 -0.469379 0.136188 0.298139 -0.064413 0.402179 0.055331 -0.151661 -0.184322 0.101223 -0.022324 0.197186 0.199279 -0.044522 0.146813 0.065212 0.004593 -0.140432 -0.182693 -0.224547 -0.125514 0.000355 -0.132701 -0.051950 -0.136026 -0.074552 0.281533 0.154412 0.132186 0.127622 0.165677 0.208257 0.191464 0.328381 0.011634 -0.145589 -0.245690 -0.167843 -0.027085 0.255418 -0.038457 -0.245548 0.181223 -0.000300 0.107546 -0.070156 -0.023840
-0.348734 -0.265894 0.170633 0.125401 0.187238 0.430306 0.256345 0.125406 0.410692 0.167051 -0.119854 0.048678 -0.080341 -0.152736 -0.097291 0.043031 -0.434525 -0.426925 -0.268513 -0.373513 -0.133602 0.250386 0.223207 0.343700 0.415192 0.500422 0.317750 0.430601 -0.505518 -0.417320 0.111195 0.269779 -0.388189 -0.299993 1.000000 0.673745 -0.327346 -0.282827 -0.123772 -0.371289 -0.299052 -0.230450 0.223242 0.502571 0.613356 0.538146 0.014920 0.054091 0.364946 0.338361 0.505587 0.268411 -0.161869 -0.082358 0.059962 -0.277299 -0.362012 -0.589629 -0.222321 -0.301996 -0.364093 -0.511910 -0.315051 -0.491068 0.115244 -0.124302 0.441101 0.512771 -0.189384 -0.198070 0.253619 0.106912 -0.423699 -0.176261 -0.311498 -0.243715 -0.042471 0.077928 -0.285010 -0.192817 -0.343942 -0.382772 -0.179341 -0.172538 -0.327726 -0.199200 0.105149 0.081823 0.172723 0.108776 -0.141031 0.043735 -0.170919 0.060090 -0.043261 -0.415774 -0.243823 -0.286041 -0.195386 -0.258104 -0.261305 -0.301467 -0.397827 -0.229407 -0.100681 0.158362 0.071785 -0.031192 -0.103444 -0.074809 0.251603 -0.278069 -0.141428 -0.114773 0.115163 0.052133
-0.404160 -0.174684 0.029279 0.287555 0.036390 0.529253 0.132047 0.354216 0.378675 0.490511 -0.092340 0.286088 -0.138527 0.050225 -0.054513 0.284063 -0.640923 -0.389362 -0.451028 -0.328972 -0.091426 0.205417 0.127763 0.440622 0.472204 0.517253 0.133650 0.226423 -0.571844 -0.358195 0.213695 0.424314 -0.473369 -0.236547 0.673745 1.000000 -0.340382 -0.244323 -0.074288 -0.209058 -0.267845 -0.126271 0.438674 0.753018 0.841514 0.871618 0.063663 0.214742 0.403504 0.694329 0.449466 0.501804 -0.452246 -0.164136 0.000901 -0.222189 -0.530071 -0.595445 -0.486969 -0.426152 -0.511590 -0.347872 -0.582157 -0.538981 0.075794 0.133430 0.315879 0.554745 -0.404686 -0.105260 0.244731 -0.037843 -0.547361 -0.095125 -0.188345 -0.113705 0.002960 0.112333 -0.468520 -0.398749 -0.540889 -0.531612 -0.158113 -0.133207 -0.236448 -0.200759 0.163919 0.227618 0.173746 0.055986 -0.205182 -0.029083 -0.216180 -0.038717 -0.100191 -0.236224 -0.107933 -0.177224 -0.217950 -0.261425 -0.237597 -0.202632 -0.279202 -0.273442 -0.145480 -0.053639 -0.004119 -0.065978 0.078273 0.087225 0.462592 -0.218861 -0.195275 -0.107172 -0.087689 0.018557
