1.000000 0.416906 0.096092 0.165995 -0.125244 0.113090 0.139994 -0.041921 -0.039862 -0.097278 0.023696 -0.128758 -0.198422 -0.201193 -0.045382 -0.187848 0.098588 0.159982 0.500880 0.492537 0.023728 -0.027890 0.175893 0.099241 -0.143673 -0.186944 0.105883 0.124682 0.070066 -0.083733 -0.176200 -0.241791 0.370941 0.023634 -0.142260 -0.198790 -0.104169 -0.360896 -0.132543 -0.153761 -0.179849 -0.233499 -0.268055 -0.184465 -0.162164 -0.311840 -0.087155 -0.164659 0.096333 -0.033028 -0.144415 -0.024768 0.133400 0.022967 0.008642 -0.047532 0.614723 0.524454 0.308760 0.224580 0.127878 0.072466 -0.053684 0.136964 -0.027067 -0.104508 0.123689 -0.136889 0.446293 0.239421 -0.016624 -0.031185 -0.177363 -0.116643 0.014581 -0.326371 -0.167185 -0.208766 -0.013140 0.037280 -0.105770 -0.061600 0.017602 0.123451 0.146502 0.054340 -0.004433 0.031522 0.128435 0.164300 -0.175003 -0.229159 -0.279185 -0.180593 -0.000062 -0.032555 0.035810 0.100031 -0.132696 0.186616 -0.237074 0.056276 -0.184416 -0.137298 -0.328387 -0.214964 -0.065412 -0.023539 0.080321 0.058590 -0.110009 -0.019751 0.124663 -0.124187 -0.131654 0.005607
0.416906 1.000000 -0.118205 -0.075658 -0.219367 -0.149521 -0.182497 0.155200 -0.170786 0.029144 0.186193 0.299822 0.194161 0.337961 -0.178545 0.137436 0.319549 0.535142 0.074068 0.499134 -0.185936 -0.306143 -0.390347 -0.308068 -0.315877 -0.465795 -0.193644 -0.245414 0.238584 0.265478 -0.290840 -0.395879 0.321211 -0.167808 -0.474020 -0.541538 -0.220987 -0.189130 -0.157841 -0.074958 -0.151321 -0.169436 -0.190653 -0.125960 -0.049498 -0.400933 -0.087310 -0.263080 0.327491 0.205167 -0.170996 0.176936 0.091270 -0.231177 0.063441 0.060625 0.258010 0.437820 0.453228 0.498723 0.414129 0.650913 0.316841 0.489851 -0.196292 0.248274 0.023428 -0.415464 0.274622 -0.041126 0.053388 -0.017386 0.143532 -0.068564 0.021149 -0.256290 -0.301369 -0.371847 0.052607 0.013930 0.175369 0.107752 -0.222264 0.047529 -0.060272 0.093661 -0.268875 -0.081407 -0.154894 0.119115 -0.372802 -0.491480 -0.340294 -0.386441 -0.194349 0.006949 -0.146172 -0.158079 0.028668 -0.080351 -0.138394 -0.129377 0.110393 -0.307797 0.028665 -0.058531 -0.194533 -0.099716 -0.139839 -0.106539 -0.483150 -0.127223 0.037759 -0.259779 -0.177542 -0.276100
0.096092 -0.118205 1.000000 0.403688 0.265657 -0.060883 0.664455 0.506723 0.559842 0.232314 0.597370 0.196191 0.375165 0.179136 0.223099 0.131048 -0.468840 -0.417329 0.361654 -0.141753 0.043764 -0.008031 0.453236 0.309966 0.047095 0.024776 -0.036040 -0.033220 -0.158698 -0.417957 0.022051 0.087579 -0.231630 -0.062872 0.081336 0.211288 -0.126379 -0.366430 -0.251062 -0.385797 -0.247500 0.112878 -0.370439 -0.341271 -0.350838 -0.236778 -0.484748 -0.369527 -0.257269 -0.308585 0.075166 -0.309993 -0.361104 -0.309159 -0.021303 -0.397138 -0.281809 -0.359372 0.221375 -0.128282 0.330354 -0.094260 -0.282548 -0.405755 0.468063 0.283062 0.046115 -0.045568 -0.111607 -0.198831 0.250330 0.003682 -0.284775 0.151575 -0.009291 0.107261 0.178806 0.287398 -0.472766 -0.411507 -0.437048 -0.564296 0.047702 -0.146610 0.018047 -0.393159 -0.121741 -0.215726 0.365649 -0.082083 0.164930 0.275215 0.408126 0.590499 0.037808 -0.279839 -0.107021 -0.100665 -0.331322 -0.154189 0.215301 0.273582 -0.077388 0.244024 -0.066043 0.082431 -0.017373 0.174513 -0.044261 0.005853 0.030088 -0.170309 0.164770 0.214836 -0.010397 0.147546
0.165995 -0.075658 0.403688 1.000000 0.068933 0.121710 0.471111 0.697642 0.384638 0.274466 0.115203 0.190056 -0.267749 -0.143396 0.325440 -0.162969 -0.466768 -0.442959 0.295187 -0.239375 -0.040781 0.027942 0.655844 0.661330 0.090677 0.236995 0.125845 0.280736 -0.313598 -0.512208 -0.000369 0.228953 -0.324516 0.015539 0.322784 0.367044 -0.213099 -0.383334 -0.162141 -0.240705 -0.289131 -0.278953 -0.395001 -0.422527 -0.219213 -0.088736 -0.425607 -0.478177 -0.397467 -0.390819 -0.045458 -0.356689 -0.348129 -0.261500 -0.071088 -0.466129 -0.067164 -0.067943 -0.179052 -0.356379 -0.055319 -0.345964 -0.496081 -0.459625 0.675160 0.421617 -0.123321 0.312636 0.225103 0.084371 -0.014484 -0.117662 -0.534165 -0.212878 -0.235738 -0.121053 0.004620 0.114611 -0.361668 -0.380585 -0.660650 -0.630966 0.315446 0.065595 0.473179 0.274383 0.327563 0.087417 0.636219 0.296511 0.003816 0.068562 0.496273 0.328089 0.136536 -0.083328 -0.205282 0.077312 -0.476545 -0.106217 0.068695 -0.176429 -0.210609 0.017816 -0.090677 0.004304 0.017810 0.116249 0.065776 0.093046 0.052626 -0.163066 0.217714 0.209835 0.009520 0.225920
-0.125244 -0.219367 0.265657 0.068933 1.000000 0.544427 0.451244 0.263474 0.626463 0.472613 0.170149 0.146392 0.220382 0.207824 0.299881 0.318822 -0.376740 -0.320397 0.233135 -0.125640 0.354273 0.170958 0.046015 0.166437 0.400276 0.203955 0.483119 0.378148 -0.202096 -0.177341 0.291820 0.260858 -0.243586 -0.139998 -0.012499 0.033886 -0.046671 -0.153613 -0.011990 -0.024909 -0.175289 -0.131624 -0.244835 -0.267525 -0.142598 0.066326 -0.299787 -0.189347 -0.254135 -0.111149 -0.239414 -0.186532 -0.067828 -0.094365 -0.150372 -0.270683 -0.392065 -0.422588 -0.028953 -0.071718 0.094420 0.018955 0.213773 -0.222405 0.216750 0.035050 -0.125826 -0.056248 -0.265240 -0.154273 0.163094 0.183553 -0.097074 -0.054509 -0.172509 0.117555 0.067089 0.060670 -0.415208 -0.439956 -0.038063 -0.237165 0.326287 0.216853 0.015299 -0.282827 0.314663 0.243046 0.278445 0.052619 0.369131 0.372479 0.204185 0.305151 -0.214981 -0.213899 -0.212431 -0.246307 -0.227120 -0.093526 0.172404 0.146825 0.023854 0.308021 -0.017850 0.070234 0.140330 0.197198 -0.054993 -0.156129 -0.080261 -0.077888 0.109622 0.060201 -0.039125 -0.036262
0.113090 -0.149521 -0.060883 0.121710 0.544427 1.000000 0.088545 0.012139 0.300527 0.251706 -0.321603 -0.171941 -0.374486 -0.246669 0.002383 -0.170042 -0.359479 -0.239408 0.235834 -0.033915 0.528404 0.530478 0.228282 0.240325 0.503528 0.500130 0.833170 0.878705 -0.357820 -0.296382 0.111084 0.126993 -0.196856 -0.233870 0.139740 0.146559 -0.025375 0.006358 0.142525 0.248857 -0.113575 -0.287897 -0.317489 -0.293261 -0.296638 -0.102053 -0.170197 -0.108052 -0.281078 -0.240140 -0.227845 -0.180925 0.120708 0.070618 0.048572 0.074450 -0.052872 -0.131944 -0.071864 -0.056648 -0.230517 -0.196174 0.021912 -0.135099 -0.032303 -0.152537 -0.008006 0.187071 -0.035844 0.033380 0.068123 0.297736 -0.226429 -0.019064 -0.104709 -0.008303 0.027194 -0.031829 -0.130297 -0.239144 -0.115110 -0.101871 0.136641 0.114477 0.041103 0.068141 0.322308 0.158416 0.288092 0.436912 0.258956 0.259373 0.127064 0.111097 -0.004183 0.070507 0.056108 0.081316 -0.078278 0.190314 -0.034872 0.174253 -0.036049 0.322679 0.114242 0.307950 0.372987 0.288726 0.085204 -0.039753 0.043521 -0.015470 0.253006 0.072219 0.265568 0.165798
0.139994 -0.182497 0.664455 0.471111 0.451244 0.088545 1.000000 0.531811 0.417471 0.228348 0.351876 0.235929 0.313699 0.259757 0.215873 0.184378 -0.384303 -0.240885 0.402360 -0.097116 0.126240 0.025318 0.437166 0.504268 0.261583 0.156322 0.151776 0.092925 -0.183684 -0.174048 0.384003 0.358276 -0.149292 -0.032439 0.107115 0.105731 -0.189264 -0.348822 -0.141735 -0.301231 -0.244205 -0.105406 -0.355856 -0.426209 -0.272239 -0.145398 -0.487203 -0.427294 -0.416594 -0.346674 -0.299295 -0.435690 -0.292841 -0.231193 -0.204053 -0.421903 -0.184069 -0.301672 -0.157868 -0.203519 0.141118 -0.066062 -0.017129 -0.169151 0.452694 0.137074 -0.199950 -0.117788 -0.128857 -0.272445 0.215214 0.084549 -0.211056 0.061483 0.021682 0.113869 0.147679 0.212229 -0.549249 -0.399233 -0.335234 -0.454070 0.227585 0.082618 0.103093 -0.229621 0.197137 0.231872 0.401987 0.056290 0.118217 0.137813 0.311101 0.414486 -0.020263 -0.251390 -0.252475 -0.115675 -0.460702 -0.130813 0.274826 0.258096 -0.044920 0.100645 -0.140350 -0.114141 0.010166 0.040891 0.065700 -0.143060 -0.123045 -0.191760 0.100072 0.139412 0.050247 0.133663
-0.041921 0.155200 0.506723 0.697642 0.263474 0.012139 0.531811 1.000000 0.478095 0.491737 0.344750 0.587128 0.201554 0.443673 0.303432 0.309717 -0.461851 -0.303800 0.125816 -0.241491 -0.059496 -0.093444 0.252540 0.289249 -0.003839 -0.052067 -0.009208 0.053130 -0.160357 -0.306216 -0.059075 0.067290 -0.359010 -0.158547 -0.031361 0.064536 -0.147009 -0.296100 -0.134948 -0.250265 -0.198363 -0.125328 -0.453815 -0.501154 -0.315738 -0.263606 -0.480244 -0.544897 -0.448174 -0.417267 -0.158370 -0.339983 -0.304589 -0.404664 -0.044128 -0.460435 -0.310391 -0.328708 -0.018004 -0.104408 0.261715 0.130682 -0.109333 -0.230766 0.549497 0.646700 -0.260819 -0.066188 -0.033998 -0.223547 0.115944 0.012818 -0.307649 -0.108931 -0.077174 0.060507 0.072137 0.146549 -0.467782 -0.502050 -0.386149 -0.592158 0.160156 0.061023 0.229488 0.015437 0.062322 -0.016053 0.427310 0.137252 0.066826 0.044946 0.501090 0.269001 0.055649 -0.051320 -0.258476 -0.085037 -0.407710 -0.224149 0.212469 -0.045734 -0.097218 0.025311 0.017447 0.013784 -0.119492 0.078201 0.022479 0.001547 -0.145327 -0.276051 0.162899 0.140232 -0.040726 0.061165
-0.039862 -0.170786 0.559842 0.384638 0.626463 0.300527 0.417471 0.478095 1.000000 0.598057 0.370083 0.264336 0.092370 0.097596 0.492618 0.156188 -0.540391 -0.592219 0.258595 -0.280293 0.282712 0.049967 0.287281 0.232883 0.243277 0.093432 0.272934 0.243778 -0.195156 -0.434763 0.037556 0.057762 -0.368062 -0.089966 0.097994 0.216524 -0.021161 -0.300343 -0.087788 -0.243718 -0.284407 -0.115099 -0.397186 -0.352112 -0.309828 -0.126107 -0.495249 -0.355914 -0.284827 -0.279808 -0.015311 -0.213838 -0.325761 -0.259238 -0.025954 -0.482130 -0.307933 -0.297818 0.128891 -0.164037 0.243156 -0.121712 -0.226581 -0.455466 0.588207 0.406704 -0.173993 0.038662 -0.046946 -0.035489 0.123683 -0.098629 -0.308135 0.048760 -0.132825 0.108452 0.114608 0.104942 -0.392039 -0.422794 -0.456982 -0.605347 0.170052 -0.056117 0.097538 -0.199735 0.125431 -0.217474 0.481534 0.028435 0.180324 0.391419 0.487191 0.573436 -0.098245 -0.140279 -0.257678 -0.181643 -0.398192 -0.100694 0.292227 0.122422 0.001113 0.339631 0.049643 0.235262 0.157523 0.218792 -0.041308 0.047211 0.026979 -0.130144 0.260928 0.252899 -0.072091 0.051644
-0.097278 0.029144 0.232314 0.274466 0.472613 0.251706 0.228348 0.491737 0.598057 1.000000 0.093388 0.361564 0.093291 0.297932 0.211886 0.412520 -0.400121 -0.375907 0.002345 -0.086036 0.235621 0.067908 -0.113628 0.066447 0.099238 -0.037266 0.049638 0.032503 -0.195739 -0.271690 -0.096775 0.102720 -0.219746 -0.015837 0.010616 0.053491 -0.165338 -0.109135 -0.298788 -0.190653 -0.282086 -0.351470 -0.113518 -0.174387 0.021544 0.063438 -0.136937 -0.097569 -0.098149 -0.076241 -0.207398 -0.170314 -0.273792 -0.110039 -0.357939 -0.334484 -0.242504 -0.202674 -0.019139 -0.103992 0.071515 0.107654 -0.087314 -0.215235 0.209161 0.412703 -0.095821 0.120206 0.013304 0.033832 0.058507 0.106513 -0.236229 -0.131166 -0.284261 0.070387 -0.103454 -0.001323 -0.182648 -0.456906 -0.200656 -0.342218 0.003626 0.036053 0.069574 -0.060026 -0.180599 -0.035804 0.072273 -0.095012 0.036844 0.240001 0.352788 0.255712 -0.154122 0.115328 -0.384850 -0.203424 -0.320315 -0.242877 0.233417 -0.142273 -0.065900 0.102022 0.083086 0.225843 0.067229 0.139480 -0.051299 0.171332 -0.008624 -0.093376 -0.032217 -0.067314 -0.168172 -0.201432
0.023696 0.186193 0.597370 0.115203 0.170149 -0.321603 0.351876 0.344750 0.370083 0.093388 1.000000 0.555866 0.737859 0.497416 0.465566 0.424201 -0.149987 -0.056914 0.106751 -0.064224 -0.219369 -0.303611 0.058824 0.034958 -0.156964 -0.256321 -0.338754 -0.346933 0.285780 -0.009052 0.006225 0.014949 -0.211264 -0.055128 -0.159317 -0.049658 -0.087135 -0.373837 -0.236646 -0.445768 -0.181555 0.140145 -0.273127 -0.212538 -0.109829 -0.209087 -0.438214 -0.384773 -0.016550 -0.080319 -0.038058 -0.216732 -0.387613 -0.475867 -0.021560 -0.391572 -0.392350 -0.341266 0.294070 -0.108209 0.612667 0.287148 0.119035 -0.184071 0.404573 0.406472 -0.089341 -0.301793 -0.213166 -0.313913 0.147329 -0.079513 -0.048135 0.064900 0.046522 0.198879 0.003671 0.080532 -0.529610 -0.382182 -0.075337 -0.420439 0.254865 0.167254 0.182675 -0.344789 -0.034202 -0.092486 0.263957 -0.065849 -0.038449 0.053121 0.224786 0.417963 -0.094453 -0.270903 -0.287847 -0.236729 -0.357883 -0.316299 0.129229 0.133731 -0.055802 0.035966 -0.109671 -0.041118 -0.201369 -0.103263 -0.129357 -0.047704 -0.227918 -0.246927 0.041208 0.143258 -0.082469 -0.030818
-0.128758 0.299822 0.196191 0.190056 0.146392 -0.171941 0.235929 0.587128 0.264336 0.361564 0.555866 1.000000 0.454499 0.690434 0.364309 0.629717 -0.201859 -0.054622 -0.236082 -0.274442 -0.089633 -0.152998 -0.137900 0.041486 0.005470 -0.167384 -0.155872 -0.199156 0.142484 0.194941 0.060341 0.056045 -0.287936 -0.064651 -0.123755 -0.112168 0.063294 -0.190867 -0.085973 -0.319584 -0.093703 -0.053826 -0.239823 -0.243372 -0.012216 -0.110746 -0.345725 -0.400376 -0.159904 -0.196770 -0.170828 -0.262474 -0.305871 -0.492712 0.000130 -0.417122 -0.324981 -0.358925 -0.008667 -0.210305 0.362592 0.418209 0.228349 -0.064778 0.308283 0.711365 -0.393411 -0.356424 -0.265827 -0.499121 0.026594 -0.028249 -0.171741 -0.046483 -0.065101 0.236422 -0.078783 -0.080542 -0.447621 -0.450560 0.044978 -0.355387 0.210416 0.289391 0.209990 -0.042516 0.011484 -0.014796 0.193179 0.039406 -0.170583 -0.175605 0.333247 0.137353 -0.076652 0.038982 -0.267547 -0.216667 -0.388771 -0.253317 0.206615 -0.004148 -0.066580 -0.044577 0.108711 0.094035 -0.118252 -0.178879 0.033908 -0.061782 -0.250088 -0.245590 -0.059002 0.087597 -0.005342 -0.082393
-0.198422 0.194161 0.375165 -0.267749 0.220382 -0.374486 0.313699 0.201554 0.092370 0.093291 0.737859 0.454499 1.000000 0.753584 0.187001 0.654523 0.136379 0.239285 -0.089080 0.021269 -0.261209 -0.352355 -0.353386 -0.232095 -0.280876 -0.427042 -0.424148 -0.517332 0.308606 0.274841 0.068564 -0.004107 0.017216 -0.102490 -0.460641 -0.399237 -0.022722 -0.102930 -0.202423 -0.245021 0.019923 0.184178 -0.029489 -0.039901 0.006521 -0.172811 -0.153223 -0.120350 0.129579 0.109107 -0.177552 -0.059382 -0.168520 -0.265191 -0.103853 -0.106754 -0.345612 -0.318725 0.270644 0.121950 0.633774 0.547967 0.477410 0.184584 -0.051202 0.137144 -0.040644 -0.479160 -0.348258 -0.332317 0.097982 -0.002158 0.282358 0.058894 0.087913 0.148153 -0.080196 -0.045198 -0.264269 -0.112693 0.351033 0.008752 0.034621 0.175681 -0.154200 -0.399434 -0.197081 0.113319 -0.147791 -0.179080 -0.016543 -0.032839 -0.085603 0.109508 -0.221124 -0.212347 -0.225289 -0.331613 -0.074813 -0.304591 0.125939 0.188382 0.081204 -0.074836 -0.055076 -0.144803 -0.280959 -0.148947 -0.144511 -0.148353 -0.360067 -0.207641 -0.219817 -0.123031 -0.128110 -0.197570
-0.201193 0.337961 0.179136 -0.143396 0.207824 -0.246669 0.259757 0.443673 0.097596 0.297932 0.497416 0.690434 0.753584 1.000000 0.160773 0.747241 0.012704 0.272605 -0.127640 0.015001 -0.185351 -0.246420 -0.426998 -0.185766 -0.204065 -0.351162 -0.301848 -0.375226 0.245659 0.356892 0.115071 0.013818 0.023577 -0.098233 -0.507961 -0.483775 -0.015033 -0.138000 -0.139188 -0.187040 -0.043083 0.036433 -0.171024 -0.200359 -0.119405 -0.317305 -0.230939 -0.233422 0.026079 0.012149 -0.341102 -0.083024 -0.033247 -0.245100 -0.007396 -0.144236 -0.253721 -0.291365 0.139963 0.193437 0.567463 0.735651 0.561118 0.363614 -0.036426 0.341465 -0.321612 -0.584462 -0.248595 -0.418196 0.044367 0.039532 0.145803 -0.043446 0.048980 0.153270 -0.081524 -0.103327 -0.214706 -0.238900 0.293337 -0.037304 -0.015698 0.203163 -0.144380 -0.309548 -0.189772 0.084489 -0.089077 -0.039371 -0.110621 -0.176786 -0.010858 -0.082191 -0.231329 -0.106661 -0.255878 -0.291360 -0.165137 -0.155305 0.190112 0.118986 0.126998 -0.115125 0.063951 -0.055629 -0.298130 -0.175393 -0.078831 -0.201935 -0.466918 -0.307075 -0.203713 -0.116292 -0.087764 -0.223321
-0.045382 -0.178545 0.223099 0.325440 0.299881 0.002383 0.215873 0.303432 0.492618 0.211886 0.465566 0.364309 0.187001 0.160773 1.000000 0.416367 -0.250776 -0.357745 0.103931 -0.277020 -0.049218 -0.167626 0.340863 0.339512 0.081158 0.131160 0.045249 0.122401 0.213029 -0.071915 0.189062 0.256107 -0.382830 0.070527 0.004396 0.097548 0.105250 -0.293191 -0.071793 -0.315745 0.022314 -0.042717 -0.157490 -0.113527 0.022849 -0.086167 -0.324989 -0.227120 -0.066303 -0.060501 0.005725 -0.098321 -0.236232 -0.207513 -0.103517 -0.510835 -0.252206 -0.246939 -0.124356 -0.355398 0.163582 -0.059973 -0.103515 -0.407770 0.570404 0.244873 -0.444846 -0.168079 -0.044290 -0.140784 -0.067684 -0.156919 -0.211167 -0.200406 -0.169112 0.111542 -0.140007 -0.025687 -0.328513 -0.279782 -0.110354 -0.376891 0.657330 0.376023 0.586430 -0.017724 0.350950 0.132215 0.544125 0.008796 -0.042938 0.143117 0.231122 0.256999 -0.122948 -0.159836 -0.277680 -0.163593 -0.452441 -0.098805 -0.152410 -0.220746 -0.366754 -0.022137 -0.276370 -0.135517 -0.098482 -0.176010 -0.021842 0.171730 0.018178 0.007907 0.067354 0.106827 -0.152084 -0.025644
-0.187848 0.137436 0.131048 -0.162969 0.318822 -0.170042 0.184378 0.309717 0.156188 0.412520 0.424201 0.629717 0.654523 0.747241 0.416367 1.000000 -0.011214 0.138873 -0.209457 -0.036845 -0.032183 -0.173988 -0.311681 -0.127091 -0.172747 -0.217499 -0.205084 -0.278836 0.266107 0.312627 0.100520 0.090921 -0.089957 0.027197 -0.365048 -0.300662 0.195708 0.020169 -0.024630 -0.133650 0.161720 0.114152 0.000770 -0.055993 0.059277 -0.152770 -0.077051 -0.114326 0.035914 0.003418 -0.267019 -0.112517 -0.072823 -0.147739 -0.141921 -0.228475 -0.263858 -0.286698 0.063553 -0.002069 0.380372 0.548675 0.460948 0.121104 -0.029320 0.258323 -0.358250 -0.498966 -0.256031 -0.355296 0.045373 0.152194 0.118531 -0.081953 -0.037829 0.236110 -0.151380 -0.113833 -0.209205 -0.203364 0.384513 -0.018205 0.248761 0.371258 0.070828 -0.225869 -0.087475 0.227959 -0.051845 -0.183762 -0.026937 -0.051381 -0.019666 -0.034224 -0.186393 -0.066755 -0.320486 -0.323550 -0.253361 -0.317560 0.007943 -0.035191 -0.124011 -0.146413 -0.103863 -0.213713 -0.209456 -0.153003 0.034523 -0.032289 -0.271711 -0.098031 -0.318118 -0.195319 -0.238333 -0.208161
0.098588 0.319549 -0.468840 -0.466768 -0.376740 -0.359479 -0.384303 -0.461851 -0.540391 -0.400121 -0.149987 -0.201859 0.136379 0.012704 -0.250776 -0.011214 1.000000 0.747339 -0.079918 0.370234 -0.277880 -0.285048 -0.425947 -0.363720 -0.347796 -0.371467 -0.336106 -0.386263 0.423537 0.485910 0.003853 -0.122439 0.415377 0.044182 -0.406887 -0.497686 -0.084757 0.078207 0.076220 0.141672 0.137825 -0.008268 0.313025 0.255356 0.288555 -0.098091 0.411256 0.267471 0.413207 0.335955 -0.015266 0.276005 0.332091 0.228627 -0.014345 0.319933 0.485105 0.558105 0.045549 0.208207 0.078415 0.181028 0.318405 0.498934 -0.440101 -0.408802 -0.056093 -0.343885 0.219659 0.142238 -0.034885 -0.013272 0.430183 -0.055482 0.020563 -0.295738 -0.276994 -0.332256 0.580862 0.699122 0.631995 0.699143 -0.146338 0.093566 -0.116367 0.191262 -0.188316 0.175481 -0.412998 -0.078883 -0.309162 -0.433940 -0.631222 -0.561429 -0.112965 -0.035893 0.025937 -0.112631 0.340673 0.001255 -0.340910 -0.128669 0.058145 -0.357898 -0.139454 -0.267015 -0.148344 -0.316562 -0.120981 -0.151080 -0.206953 0.134995 -0.251007 -0.305780 -0.096726 -0.251521
0.159982 0.535142 -0.417329 -0.442959 -0.320397 -0.239408 -0.240885 -0.303800 -0.592219 -0.375907 -0.056914 -0.054622 0.239285 0.272605 -0.357745 0.138873 0.747339 1.000000 -0.081652 0.478267 -0.281019 -0.253627 -0.429304 -0.355272 -0.341408 -0.338384 -0.227974 -0.300937 0.439481 0.585140 -0.036859 -0.211085 0.409987 -0.057554 -0.442036 -0.541999 -0.061079 -0.002406 0.106322 0.250761 0.165052 0.023797 0.138386 0.111367 0.066396 -0.285242 0.244233 0.066965 0.307191 0.223978 -0.240085 0.130846 0.331900 0.102600 0.107638 0.364335 0.334657 0.409475 0.138762 0.394422 0.205707 0.483326 0.571148 0.763962 -0.497657 -0.335727 -0.098615 -0.485776 0.086090 -0.144115 0.018623 0.181756 0.475857 -0.026637 0.204754 -0.186755 -0.245114 -0.360347 0.420366 0.475567 0.613865 0.636683 -0.162904 0.100623 -0.163572 0.070801 -0.133670 0.207501 -0.334178 0.045299 -0.319948 -0.530143 -0.616513 -0.570311 -0.091648 -0.067860 0.005598 -0.117828 0.257180 -0.072786 -0.196471 0.015325 0.249399 -0.327703 -0.056601 -0.282660 -0.192648 -0.234639 -0.077592 -0.309915 -0.416247 -0.088479 -0.266806 -0.251294 -0.041575 -0.205518
0.500880 0.074068 0.361654 0.295187 0.233135 0.235834 0.402360 0.125816 0.258595 0.002345 0.106751 -0.236082 -0.089080 -0.127640 0.103931 -0.209457 -0.079918 -0.081652 1.000000 0.340880 0.022723 0.019512 0.303048 0.342326 0.053132 0.109569 0.130621 0.233281 0.058034 -0.155073 0.204011 0.121952 0.098066 -0.048657 -0.047066 -0.115615 -0.170886 -0.259885 -0.135142 -0.158321 -0.274011 -0.201850 -0.377479 -0.321834 -0.360418 -0.349187 -0.317113 -0.271460 -0.137343 -0.170343 -0.180384 -0.137867 0.045160 -0.069043 -0.087188 -0.200888 0.161354 0.080263 0.076570 0.076356 0.101299 -0.140455 -0.043053 -0.005145 0.270106 -0.219537 -0.002498 -0.031201 0.129066 0.063891 0.076509 -0.047188 -0.175918 -0.158268 0.004494 -0.128089 0.067423 0.021811 -0.155784 -0.138565 -0.211048 -0.119759 0.182738 0.222236 0.135726 0.026366 0.085071 0.146882 0.261372 0.190649 0.038930 0.077875 -0.075612 0.065361 -0.058613 -0.184507 -0.153155 0.004444 -0.287947 0.104126 -0.118750 -0.042336 -0.100503 0.016403 -0.276234 -0.134649 -0.073376 0.022205 0.019338 0.113456 -0.058190 -0.054136 0.242828 0.045203 -0.122709 0.053146
0.492537 0.499134 -0.141753 -0.239375 -0.125640 -0.033915 -0.097116 -0.241491 -0.280293 -0.086036 -0.064224 -0.274442 0.021269 0.015001 -0.277020 -0.036845 0.370234 0.478267 0.340880 1.000000 -0.027506 -0.163903 -0.247572 -0.147867 -0.273097 -0.182565 -0.125345 -0.155449 0.333472 0.345418 0.023423 0.009447 0.522218 0.271086 -0.333207 -0.339243 -0.186320 -0.013553 -0.138095 0.004127 -0.001995 0.057573 0.007128 0.004020 0.005768 -0.212622 0.118605 0.093356 0.139413 0.140629 -0.411084 -0.023198 0.069432 0.064761 -0.273923 0.055016 0.372416 0.455778 0.124969 0.360397 -0.004427 0.259654 0.193553 0.412274 -0.313291 -0.310510 0.076166 -0.152607 0.267530 0.234927 0.016823 0.034006 0.238157 0.071370 0.115682 -0.215994 -0.104988 -0.150632 0.209306 0.192192 0.267517 0.376984 -0.123516 0.196224 -0.122362 -0.039132 -0.269940 0.096469 -0.369859 -0.193948 -0.205589 -0.171931 -0.477371 -0.320334 -0.116168 0.024958 -0.172015 -0.022165 -0.035815 -0.068796 -0.297197 -0.078935 -0.054064 -0.244786 -0.294631 -0.209053 -0.111230 -0.005267 -0.057218 0.102948 -0.090160 0.068143 -0.009543 -0.394214 -0.241310 -0.202196
0.023728 -0.185936 0.043764 -0.040781 0.354273 0.528404 0.126240 -0.059496 0.282712 0.235621 -0.219369 -0.089633 -0.261209 -0.185351 -0.049218 -0.032183 -0.277880 -0.281019 0.022723 -0.027506 1.000000 0.604138 0.120748 0.052706 0.499937 0.386013 0.557482 0.466786 -0.277438 -0.153961 0.117654 0.082875 -0.250393 -0.099269 0.235889 0.312011 0.212595 0.143812 0.223160 0.000316 -0.059315 0.046793 -0.326574 -0.343263 -0.309747 -0.039693 -0.238368 -0.124584 -0.339182 -0.335348 -0.143508 -0.142019 0.008417 0.096977 0.072374 -0.127604 -0.061828 -0.151285 -0.052908 -0.081492 -0.271838 -0.174793 -0.150116 -0.231563 -0.038321 -0.036332 -0.004725 0.083955 -0.032008 -0.008052 0.527455 0.384213 0.116589 0.428872 0.213641 0.386345 0.400930 0.336868 -0.106836 -0.159259 -0.106416 -0.125383 -0.151237 -0.258382 -0.116812 -0.195901 0.060649 -0.170930 0.079258 0.037617 0.316257 0.313863 0.253884 0.313062 -0.060091 -0.018441 -0.101760 -0.089756 -0.122925 0.062357 0.243171 0.331488 0.109447 0.395850 0.198894 0.333707 0.402341 0.277015 -0.016363 -0.071344 0.228080 0.007889 0.303176 0.115295 0.138368 0.075814
-0.027890 -0.306143 -0.008031 0.027942 0.170958 0.530478 0.025318 -0.093444 0.049967 0.067908 -0.303611 -0.152998 -0.352355 -0.246420 -0.167626 -0.173988 -0.285048 -0.253627 0.019512 -0.163903 0.604138 1.000000 0.151180 0.032056 0.391841 0.412303 0.477971 0.548778 -0.349432 -0.217227 -0.008132 0.115100 -0.220222 -0.051535 0.246128 0.280027 0.260919 0.221917 0.310789 0.215888 0.072763 0.042848 -0.283198 -0.307346 -0.401740 -0.050912 -0.174758 -0.128291 -0.399824 -0.441885 -0.022324 -0.236909 0.083624 0.132118 0.175050 0.009749 -0.031487 -0.121507 -0.081116 -0.110679 -0.280014 -0.275698 -0.152585 -0.143699 -0.019947 -0.064557 0.038942 0.188691 -0.017453 0.009560 0.194356 0.283848 -0.058610 0.248434 0.097331 0.357791 0.313856 0.313465 -0.007992 -0.023377 -0.098719 0.002417 -0.041702 -0.145127 -0.089977 -0.096082 -0.020311 -0.103404 0.087554 0.184876 0.253207 0.182415 0.207744 0.219600 0.265918 0.252931 0.171604 0.326017 0.000489 0.160708 0.229261 0.350756 0.147284 0.336190 0.233465 0.284899 0.418580 0.262157 0.234225 0.088410 0.285750 0.055704 0.305511 0.258944 0.413235 0.373978
0.175893 -0.390347 0.453236 0.655844 0.046015 0.228282 0.437166 0.252540 0.287281 -0.113628 0.058824 -0.137900 -0.353386 -0.426998 0.340863 -0.311681 -0.425947 -0.429304 0.303048 -0.247572 0.120748 0.151180 1.000000 0.722359 0.364059 0.544547 0.316919 0.459302 -0.329813 -0.500531 0.088801 0.255746 -0.372476 0.005823 0.500543 0.596389 -0.185704 -0.403554 -0.001025 -0.196879 -0.188525 -0.047792 -0.191366 -0.187678 -0.177591 -0.056788 -0.289183 -0.252145 -0.389819 -0.315024 0.104394 -0.296954 -0.256047 -0.121792 0.003977 -0.278617 -0.023338 -0.109066 -0.318805 -0.455939 -0.281333 -0.606951 -0.536873 -0.554815 0.544850 0.042267 -0.149793 0.260051 0.195716 -0.005775 0.104241 0.050271 -0.421565 -0.011902 -0.025015 -0.044170 0.111432 0.236510 -0.316495 -0.265496 -0.579660 -0.530862 0.315055 -0.092489 0.511265 0.132842 0.432731 0.013088 0.708577 0.208168 0.134497 0.223596 0.426821 0.440916 0.169982 -0.265332 0.081408 0.096711 -0.324324 0.075143 -0.021411 0.031751 -0.305867 0.118652 -0.188645 0.027346 0.110579 0.099496 0.093288 0.004297 0.252309 0.044111 0.258805 0.278586 0.154827 0.310852
0.099241 -0.308068 0.309966 0.661330 0.166437 0.240325 0.504268 0.289249 0.232883 0.066447 0.034958 0.041486 -0.232095 -0.185766 0.339512 -0.127091 -0.363720 -0.355272 0.342326 -0.147867 0.052706 0.032056 0.722359 1.000000 0.368461 0.593487 0.281063 0.384321 -0.241661 -0.263034 0.368551 0.497602 -0.306475 -0.000464 0.353365 0.337384 -0.238919 -0.452375 -0.184559 -0.264808 -0.326014 -0.228645 -0.143942 -0.190546 -0.027783 -0.001570 -0.264897 -0.188136 -0.209039 -0.169401 -0.111170 -0.275341 -0.139158 -0.082964 -0.184735 -0.328289 -0.079429 -0.146750 -0.422183 -0.457494 -0.312787 -0.436195 -0.239401 -0.391664 0.422674 -0.041810 -0.260587 0.155947 0.115829 -0.046448 0.000505 -0.000558 -0.432284 -0.140670 -0.094379 -0.027579 -0.049051 0.017610 -0.307811 -0.317909 -0.442053 -0.403813 0.336959 0.167537 0.408823 0.099992 0.480968 0.197929 0.565890 0.168773 -0.047045 0.133105 0.347039 0.254033 -0.166537 -0.310783 -0.191620 -0.204358 -0.460319 0.072074 -0.079396 -0.138066 -0.381186 0.062328 -0.106108 0.173991 -0.058750 -0.128494 -0.148040 -0.078023 -0.000057 -0.130891 0.068643 0.066959 0.091430 0.018378
-0.143673 -0.315877 0.047095 0.090677 0.400276 0.503528 0.261583 -0.003839 0.243277 0.099238 -0.156964 0.005470 -0.280876 -0.204065 0.081158 -0.172747 -0.347796 -0.341408 0.053132 -0.273097 0.499937 0.391841 0.364059 0.368461 1.000000 0.759459 0.564521 0.532664 -0.336586 -0.188279 0.307956 0.346849 -0.372278 -0.088601 0.489464 0.469743 -0.119720 -0.173228 0.047587 -0.170793 -0.255993 -0.129157 -0.168810 -0.167617 -0.007722 0.231264 -0.202661 -0.101853 -0.278425 -0.227744 0.031900 -0.156995 -0.072853 -0.112775 -0.084113 -0.186524 -0.175755 -0.288750 -0.350324 -0.304059 -0.343865 -0.323411 -0.127389 -0.275176 0.239587 -0.001264 -0.175338 0.184466 -0.167145 -0.253392 0.224895 0.305220 -0.202556 0.141497 -0.023340 0.236131 0.151177 0.181331 -0.357830 -0.374301 -0.253163 -0.219220 0.087981 -0.055449 0.124278 -0.006294 0.326733 0.041848 0.286490 0.021586 0.095114 0.172053 0.328550 0.300944 -0.105957 -0.131828 0.071215 -0.106604 -0.247425 0.073819 0.219632 0.139596 -0.024162 0.396312 0.217374 0.316166 0.306141 0.021409 -0.086284 -0.179468 0.228559 -0.115324 0.239879 0.057580 0.188192 -0.019615
-0.186944 -0.465795 0.024776 0.236995 0.203955 0.500130 0.156322 -0.052067 0.093432 -0.037266 -0.256321 -0.167384 -0.427042 -0.351162 0.131160 -0.217499 -0.371467 -0.338384 0.109569 -0.182565 0.386013 0.412303 0.544547 0.593487 0.759459 1.000000 0.521376 0.630456 -0.301920 -0.168928 0.370449 0.536809 -0.358269 0.101973 0.549271 0.542997 0.038786 -0.066332 0.151668 -0.080570 -0.038547 0.019383 -0.131580 -0.139879 -0.094361 0.111634 -0.123406 -0.021771 -0.336916 -0.330124 -0.038019 -0.260897 -0.044795 -0.013936 -0.044909 -0.172717 -0.166804 -0.260686 -0.481131 -0.439652 -0.509203 -0.503740 -0.244570 -0.333523 0.231781 -0.160854 -0.254612 0.281417 -0.087223 -0.118999 0.053524 0.243950 -0.226974 0.100944 0.020938 0.209226 0.163361 0.150255 -0.195064 -0.232575 -0.240354 -0.126178 0.224869 0.051861 0.252141 0.142197 0.386581 0.119945 0.337929 0.050529 0.085793 0.191119 0.317051 0.259830 -0.006352 -0.036753 0.060542 0.030064 -0.237240 0.108687 0.040824 0.053833 -0.151993 0.326998 0.099017 0.221478 0.217599 0.006948 0.055118 0.009239 0.373270 -0.008577 0.157337 0.112530 0.183012 0.110662
0.105883 -0.193644 -0.036040 0.125845 0.483119 0.833170 0.151776 -0.009208 0.272934 0.049638 -0.338754 -0.155872 -0.424148 -0.301848 0.045249 -0.205084 -0.336106 -0.227974 0.130621 -0.125345 0.557482 0.477971 0.316919 0.281063 0.564521 0.521376 1.000000 0.878070 -0.339727 -0.190805 0.196923 0.084951 -0.174575 -0.191403 0.159605 0.159732 0.100659 -0.036513 0.302563 0.242672 0.038844 -0.166023 -0.298669 -0.264783 -0.301083 -0.106374 -0.204169 -0.145710 -0.268122 -0.279541 -0.081770 -0.151708 0.174283 0.041654 0.237906 -0.001443 -0.043082 -0.100769 -0.058430 -0.019340 -0.250864 -0.229041 -0.004077 -0.140248 -0.017722 -0.175617 -0.099938 0.058208 -0.085267 -0.081633 0.109850 0.232661 -0.184275 0.092895 -0.002436 0.016872 0.072443 -0.039111 -0.126238 -0.132765 -0.124678 -0.086604 0.133806 -0.022788 -0.019802 0.024470 0.401796 0.097324 0.320627 0.322150 0.223922 0.151089 0.110157 0.102959 0.023125 0.031316 0.166167 0.066419 -0.022738 0.226127 0.032352 0.285739 0.100080 0.335623 0.207109 0.248377 0.394887 0.229704 0.088056 -0.164562 0.056047 -0.012597 0.234381 0.194188 0.279832 0.218417
0.124682 -0.245414 -0.033220 0.280736 0.378148 0.878705 0.092925 0.053130 0.243778 0.032503 -0.346933 -0.199156 -0.517332 -0.375226 0.122401 -0.278836 -0.386263 -0.300937 0.233281 -0.155449 0.466786 0.548778 0.459302 0.384321 0.532664 0.630456 0.878070 1.000000 -0.338635 -0.316527 0.143640 0.169229 -0.253940 -0.174854 0.215220 0.251911 0.092969 -0.060981 0.227009 0.196486 0.015130 -0.203524 -0.342612 -0.289686 -0.335419 -0.137732 -0.219264 -0.181889 -0.363460 -0.353461 -0.065823 -0.206845 0.109483 -0.013170 0.204434 -0.007819 -0.000933 -0.120620 -0.146849 -0.154604 -0.318109 -0.374663 -0.149511 -0.245037 0.112984 -0.157538 -0.101360 0.216148 0.031377 0.037913 0.006453 0.227464 -0.308933 -0.025619 -0.080177 -0.007427 0.044697 -0.011112 -0.127867 -0.149875 -0.222300 -0.154455 0.244336 0.088437 0.165752 0.185293 0.459941 0.130125 0.434084 0.392495 0.198196 0.152210 0.162797 0.101823 0.098028 0.084504 0.198036 0.170473 -0.128780 0.248754 -0.088490 0.172899 -0.098650 0.324868 0.148901 0.255032 0.355406 0.208041 0.122286 -0.026522 0.148134 -0.044499 0.243861 0.194333 0.284552 0.253394
0.070066 0.238584 -0.158698 -0.313598 -0.202096 -0.357820 -0.183684 -0.160357 -0.195156 -0.195739 0.285780 0.142484 0.308606 0.245659 0.213029 0.266107 0.423537 0.439481 0.058034 0.333472 -0.277438 -0.349432 -0.329813 -0.241661 -0.336586 -0.301920 -0.339727 -0.338635 1.000000 0.615892 0.130112 0.074904 0.171209 0.262896 -0.282433 -0.316764 0.192081 0.028822 0.002794 -0.039450 0.380534 0.202085 -0.042374 0.054808 0.058099 -0.172923 0.055233 0.047096 0.152120 0.068510 -0.231781 0.026315 0.095632 0.014925 0.023153 -0.022085 0.049235 0.061975 0.103651 0.101608 0.312763 0.263736 0.305538 0.347057 -0.044210 -0.081172 -0.335689 -0.435426 -0.132801 -0.228806 -0.206859 0.016531 0.319823 0.030469 0.140708 0.083966 -0.166572 -0.229747 0.244295 0.309749 0.508798 0.399836 0.219474 0.279168 0.076995 -0.091519 -0.137713 0.021367 -0.186969 -0.285412 -0.343947 -0.252894 -0.445539 -0.310964 -0.081636 0.047882 -0.163130 -0.121117 -0.118871 -0.201249 -0.333042 -0.122482 -0.132518 -0.220577 -0.212180 -0.225775 -0.264522 -0.321220 -0.135192 0.051209 -0.160420 -0.162994 -0.246913 -0.160084 -0.164820 -0.191862
-0.083733 0.265478 -0.417957 -0.512208 -0.177341 -0.296382 -0.174048 -0.306216 -0.434763 -0.271690 -0.009052 0.194941 0.274841 0.356892 -0.071915 0.312627 0.485910 0.585140 -0.155073 0.345418 -0.153961 -0.217227 -0.500531 -0.263034 -0.188279 -0.168928 -0.190805 -0.316527 0.615892 1.000000 0.360461 0.131455 0.316171 0.201494 -0.363981 -0.469523 0.310220 0.212211 0.140417 0.113984 0.406484 0.188868 0.135083 0.135330 0.125959 -0.128383 0.162348 0.131622 0.199431 0.103582 -0.307059 -0.007074 0.224507 0.001611 0.074046 0.094877 0.024444 0.033790 -0.115940 0.080299 0.061882 0.350381 0.530029 0.526141 -0.367581 -0.230192 -0.370007 -0.539405 -0.259542 -0.403833 -0.147560 0.051569 0.487211 0.211542 0.309320 0.171806 -0.013843 -0.220623 0.242394 0.302221 0.647217 0.606969 0.021741 0.352369 -0.125459 -0.005995 -0.050118 0.214924 -0.397091 -0.222338 -0.325931 -0.396865 -0.448744 -0.396621 -0.174949 0.139979 -0.070158 -0.126360 0.044982 -0.052315 -0.105814 0.025786 0.131409 -0.228625 -0.047769 -0.159564 -0.230641 -0.353356 -0.002647 -0.043024 -0.211371 -0.053230 -0.287733 -0.132489 -0.054286 -0.229293
-0.176200 -0.290840 0.022051 -0.000369 0.291820 0.111084 0.384003 -0.059075 0.037556 -0.096775 0.006225 0.060341 0.068564 0.115071 0.189062 0.100520 0.003853 -0.036859 0.204011 0.023423 0.117654 -0.008132 0.088801 0.368551 0.307956 0.370449 0.196923 0.143640 0.130112 0.360461 1.000000 0.747435 0.096133 0.312091 0.109365 -0.076429 0.083994 0.004806 -0.055408 -0.097284 0.051680 0.011010 -0.106993 -0.158353 0.034683 0.099423 -0.173310 -0.050541 -0.118902 -0.063700 -0.250460 -0.147437 0.008400 0.027623 -0.156471 -0.170359 -0.100856 -0.190879 -0.470591 -0.271624 -0.167987 -0.084021 0.235358 0.032362 0.172512 -0.261105 -0.353220 -0.134104 -0.345011 -0.263345 -0.084761 0.092595 -0.036219 -0.056156 -0.038062 0.084223 0.079384 0.007626 -0.154254 -0.054508 0.129727 0.102361 0.358303 0.401369 0.091569 -0.074916 0.262922 0.368842 0.052293 -0.010511 -0.094753 -0.100831 -0.108102 -0.049818 -0.183867 -0.021328 -0.215780 -0.107944 -0.279206 -0.005900 -0.064373 0.006041 -0.036302 -0.036014 -0.207782 -0.158878 0.080975 -0.090804 0.050611 -0.016987 -0.038798 -0.050224 -0.088184 -0.056695 -0.040021 0.023143
-0.241791 -0.395879 0.087579 0.228953 0.260858 0.126993 0.358276 0.067290 0.057762 0.102720 0.014949 0.056045 -0.004107 0.013818 0.256107 0.090921 -0.122439 -0.211085 0.121952 0.009447 0.082875 0.115100 0.255746 0.497602 0.346849 0.536809 0.084951 0.169229 0.074904 0.131455 0.747435 1.000000 -0.115258 0.505763 0.308356 0.236525 -0.001471 -0.037058 -0.156080 -0.236674 -0.013350 -0.057280 -0.065783 -0.128645 0.149650 0.224402 -0.127771 0.020974 -0.237833 -0.142028 -0.338419 -0.369890 -0.229231 -0.088499 -0.400262 -0.324220 -0.149448 -0.240254 -0.610881 -0.547817 -0.325244 -0.332761 -0.078439 -0.224720 0.341647 -0.122184 -0.430794 0.084416 -0.200212 -0.152259 -0.098759 0.199262 -0.253641 -0.088490 -0.216607 0.112247 0.043861 0.122758 -0.167992 -0.155612 -0.015589 -0.017096 0.469368 0.408994 0.282705 -0.008643 0.228271 0.356356 0.151201 -0.152367 -0.099725 0.053512 0.112313 0.117839 -0.067694 0.023683 -0.241011 -0.000684 -0.392902 -0.110590 -0.085880 -0.093095 -0.212631 -0.017446 -0.193366 -0.076583 0.129579 -0.006034 0.097244 0.168051 0.185953 0.037831 -0.098858 -0.096578 0.018228 0.061584
0.370941 0.321211 -0.231630 -0.324516 -0.243586 -0.196856 -0.149292 -0.359010 -0.368062 -0.219746 -0.211264 -0.287936 0.017216 0.023577 -0.382830 -0.089957 0.415377 0.409987 0.098066 0.522218 -0.250393 -0.220222 -0.372476 -0.306475 -0.372278 -0.358269 -0.174575 -0.253940 0.171209 0.316171 0.096133 -0.115258 1.000000 0.445370 -0.305098 -0.465480 -0.038355 0.062797 -0.048401 0.167601 0.092240 -0.099639 0.113003 0.139112 0.132908 -0.020241 0.333069 0.212718 0.310537 0.257149 -0.149179 0.188158 0.200273 0.218883 -0.052431 0.310322 0.597672 0.610423 0.160160 0.380421 0.126909 0.297011 0.183429 0.497856 -0.359133 -0.308585 0.281861 -0.113751 0.349735 0.332604 -0.370531 -0.296808 0.185274 -0.259552 -0.083281 -0.461879 -0.248914 -0.409272 0.408984 0.437290 0.265541 0.436405 -0.255794 0.033052 -0.264658 0.039573 -0.313064 0.132428 -0.435886 -0.115723 -0.442707 -0.488112 -0.660108 -0.526563 -0.076287 0.214711 0.167876 0.180542 0.203604 0.201707 -0.246354 -0.027072 0.065399 -0.258547 -0.211456 -0.401803 -0.162982 -0.102860 0.099152 0.107481 -0.118947 0.063502 -0.218417 -0.247642 -0.208227 -0.098676
0.023634 -0.167808 -0.062872 0.015539 -0.139998 -0.233870 -0.032439 -0.158547 -0.089966 -0.015837 -0.055128 -0.064651 -0.102490 -0.098233 0.070527 0.027197 0.044182 -0.057554 -0.048657 0.271086 -0.099269 -0.051535 0.005823 -0.000464 -0.088601 0.101973 -0.191403 -0.174854 0.262896 0.201494 0.312091 0.505763 0.445370 1.000000 0.283205 0.223879 0.139679 0.049892 -0.102549 -0.140585 0.198011 0.105010 0.029629 0.064075 0.269863 0.336812 0.113667 0.157176 -0.065258 -0.111513 -0.204853 -0.234948 -0.258819 -0.037899 -0.327197 -0.265864 0.266448 0.220334 -0.289579 -0.257690 -0.108229 -0.142896 -0.220205 -0.026822 0.242146 -0.013400 -0.071977 0.232135 0.068579 0.203661 -0.400314 -0.228718 -0.138895 -0.168723 -0.211289 -0.128697 -0.105432 -0.107498 0.203255 0.188575 0.078486 0.195546 0.194238 0.222906 0.161792 0.049192 -0.148801 0.070446 -0.155283 -0.413836 -0.417797 -0.218213 -0.177858 -0.104506 0.039879 0.272871 -0.080446 0.247448 -0.295852 -0.175481 -0.194034 -0.226441 -0.163219 -0.210435 -0.373152 -0.352809 0.013801 -0.065252 0.232709 0.374918 0.386591 0.118870 -0.214196 -0.163677 -0.269993 0.052206
-0.142260 -0.474020 0.081336 0.322784 -0.012499 0.139740 0.107115 -0.031361 0.097994 0.010616 -0.159317 -0.123755 -0.460641 -0.507961 0.004396 -0.365048 -0.406887 -0.442036 -0.047066 -0.333207 0.235889 0.246128 0.500543 0.353365 0.489464 0.549271 0.159605 0.215220 -0.282433 -0.363981 0.109365 0.308356 -0.305098 0.283205 1.000000 0.835752 -0.036967 -0.013541 -0.051994 -0.182112 -0.173893 -0.025532 0.040359 0.046701 0.210405 0.561380 -0.005307 0.069419 -0.369124 -0.271121 0.113033 -0.296964 -0.385134 -0.125968 -0.230157 -0.170686 -0.140911 -0.173604 -0.475132 -0.563545 -0.480796 -0.604077 -0.519360 -0.502493 0.410732 0.112906 0.104804 0.647928 -0.081232 0.014788 0.033508 0.063446 -0.371717 -0.011861 -0.105442 0.136954 0.224037 0.303758 -0.199220 -0.249765 -0.436097 -0.284475 0.165352 -0.135460 0.303896 0.181666 0.177506 -0.091590 0.266073 -0.109804 0.029443 0.178782 0.425401 0.372549 0.202530 0.043986 0.075470 0.183126 -0.205257 -0.088155 0.077672 -0.115150 -0.176326 0.099524 -0.092571 0.045544 0.264994 0.071885 0.183912 0.194613 0.568334 0.081477 0.158821 0.167820 0.047840 0.190937
-0.198790 -0.541538 0.211288 0.367044 0.033886 0.146559 0.105731 0.064536 0.216524 0.053491 -0.049658 -0.112168 -0.399237 -0.483775 0.097548 -0.300662 -0.497686 -0.541999 -0.115615 -0.339243 0.312011 0.280027 0.596389 0.337384 0.469743 0.542997 0.159732 0.251911 -0.316764 -0.469523 -0.076429 0.236525 -0.465480 0.223879 0.835752 1.000000 0.017619 0.013939 0.066171 -0.128476 -0.104644 0.158588 -0.053365 -0.086863 0.062039 0.437956 -0.144362 -0.044836 -0.462555 -0.391314 0.126034 -0.370700 -0.471502 -0.158423 -0.100372 -0.255088 -0.220607 -0.297552 -0.335796 -0.554073 -0.440051 -0.671976 -0.645601 -0.649438 0.458319 0.230941 0.114927 0.661237 -0.049651 0.050845 0.185516 0.115745 -0.272225 0.189417 0.044650 0.289519 0.365198 0.495981 -0.290720 -0.302886 -0.507797 -0.417421 0.100035 -0.246151 0.259281 0.014789 0.207994 -0.200122 0.318532 -0.157453 0.194229 0.414685 0.611929 0.587805 0.240997 -0.109512 0.060609 0.151393 -0.296120 -0.141422 0.187400 0.002679 -0.149655 0.306999 0.015810 0.173844 0.295447 0.194893 0.035442 0.104961 0.624997 0.018089 0.248041 0.258082 0.104963 0.230465
