1.000000 0.800530 -0.285752 0.060497 -0.008389 0.046182 -0.393033 -0.358618 -0.057533 -0.176503 0.194158 -0.071977 0.042430 -0.183125 0.187339 -0.030092 0.461867 0.433483 0.162365 0.466582 -0.106696 -0.192285 -0.046789 -0.053063 -0.229655 -0.115436 0.033775 0.061212 0.029696 -0.163431 -0.397341 -0.269161 0.430413 0.340356 -0.119291 -0.240170 -0.194851 -0.145582 -0.154675 -0.212285 -0.064589 0.040686 -0.080367 0.035736 -0.298466 -0.355601 0.008331 -0.003994 -0.026662 -0.155509 0.218083 0.071861 0.065844 0.055540 0.066295 -0.041322 0.547656 0.429344 0.007123 -0.101011 0.022665 0.274326 -0.235123 0.076048 -0.255936 -0.269605 -0.326161 0.084037 0.442826 0.254230 -0.087432 -0.031704 -0.055762 0.066425 0.109766 -0.048939 -0.082813 -0.168071 0.291018 0.088420 0.069893 0.081055 0.049489 -0.053800 0.197231 0.156757 0.069018 0.024213 0.090628 0.224418 -0.132322 -0.305537 -0.284212 -0.353175 -0.077894 -0.343399 0.092506 -0.139432 -0.007010 0.159927 -0.237447 -0.253989 -0.163669 -0.225474 0.038237 0.004381 -0.054291 -0.016686 -0.185677 -0.202751 -0.096525 -0.157873 -0.184216 0.223777 0.223793 0.018264
0.800530 1.000000 -0.341146 0.195796 -0.040669 0.119210 -0.367942 -0.255262 -0.063090 0.023715 0.217706 -0.048814 0.095321 -0.094897 0.219338 0.059567 0.282522 0.391766 0.178609 0.581585 -0.227150 -0.256055 -0.133061 -0.020351 -0.201278 -0.093250 0.061195 0.118110 -0.050782 -0.121115 -0.403496 -0.271899 0.351553 0.336029 -0.206131 -0.214512 -0.275746 -0.070018 -0.256433 -0.108511 -0.089271 0.109068 -0.197242 -0.125525 -0.351441 -0.428644 -0.038301 -0.063305 -0.095127 -0.156478 0.081931 0.026687 0.074605 0.080777 0.032876 -0.184385 0.346283 0.350151 -0.011417 0.001632 -0.065461 0.359946 -0.291062 -0.010293 -0.256237 -0.233299 -0.393246 0.110623 0.357618 0.246367 -0.154958 -0.058149 -0.191309 0.184385 0.057105 -0.048633 -0.162135 -0.165305 0.088635 -0.008485 0.002613 -0.010652 -0.025336 -0.015976 0.207421 0.068687 -0.038305 0.055815 0.101233 0.108170 0.072045 -0.071747 -0.072287 -0.337283 -0.152190 -0.322058 -0.029178 -0.082964 0.084970 0.110219 -0.161398 -0.266038 -0.099992 -0.101647 0.084418 0.064118 -0.021334 -0.134847 -0.194089 -0.141582 -0.083518 -0.097291 0.008728 0.234196 0.166389 -0.129721
-0.285752 -0.341146 1.000000 0.036841 0.356802 0.144029 0.676799 0.482073 0.336556 0.230324 0.164649 0.054153 0.234420 0.023626 -0.000120 0.052672 -0.347278 -0.313015 -0.013690 -0.454585 -0.006515 0.092574 0.384328 0.289542 0.371664 0.279440 0.142208 0.147094 -0.157628 -0.368189 0.285096 0.250497 -0.164398 -0.334732 0.120912 0.189874 -0.247177 -0.192824 0.064272 0.049273 -0.158948 -0.143922 -0.319769 -0.161689 0.095283 0.207448 -0.185222 -0.178292 0.237788 -0.036782 0.138645 -0.158477 -0.189214 -0.277542 -0.173642 -0.097544 -0.454656 -0.418119 0.110119 -0.025101 0.245243 -0.174418 0.011142 -0.035085 0.609163 0.341670 0.256310 0.103311 -0.452406 -0.279857 -0.119144 -0.007538 -0.111596 -0.102203 -0.194505 -0.021583 -0.218749 0.094892 -0.372220 -0.378532 -0.434134 -0.517574 -0.271153 -0.281706 -0.289134 -0.190413 -0.153446 -0.118534 0.248771 0.035624 0.018746 0.239640 0.305412 0.514421 0.202695 -0.062148 -0.016185 -0.008401 -0.190925 -0.311787 0.253297 0.282287 0.061116 0.254667 -0.084463 -0.036480 -0.098574 -0.186716 -0.140649 0.103526 0.081759 -0.169333 -0.043295 -0.136069 -0.161746 -0.060835
0.060497 0.195796 0.036841 1.000000 -0.170977 0.075641 -0.115333 0.443977 -0.272815 0.026256 0.351809 0.270445 -0.192151 -0.089681 -0.033272 -0.024495 -0.101483 0.050010 0.137772 0.274627 -0.258319 -0.103913 0.465372 0.765702 0.322166 0.248962 -0.052495 0.103508 -0.185173 0.125443 0.116773 0.539179 -0.142830 0.172496 0.196570 0.202681 -0.149192 0.146869 -0.140180 0.132746 -0.134586 0.045884 -0.206570 -0.154314 -0.358886 -0.158762 -0.037941 0.018654 -0.445198 -0.382779 -0.066086 -0.347823 -0.322207 -0.193789 -0.110735 -0.174753 -0.179910 -0.163075 -0.356441 -0.352962 -0.333493 -0.125715 -0.315240 -0.037479 0.217219 0.199285 -0.175750 0.125078 -0.059894 -0.010227 0.026789 0.046678 -0.221986 0.103367 -0.067234 -0.015208 -0.029515 0.063431 -0.202404 -0.264610 -0.359975 -0.341380 -0.077000 0.237859 0.154156 0.041900 0.022773 0.249078 0.467968 0.103209 -0.165673 -0.172018 0.205596 0.045078 -0.036555 0.017226 -0.049903 0.008080 -0.098149 -0.167032 0.222387 -0.180325 -0.082674 -0.167871 -0.172570 -0.087131 -0.034986 -0.058048 -0.062601 0.088803 0.096697 -0.040315 -0.076397 -0.010619 -0.022693 -0.025254
-0.008389 -0.040669 0.356802 -0.170977 1.000000 0.776891 0.432791 0.120437 0.668582 0.576188 -0.075890 -0.001074 0.208555 0.058341 0.239828 0.575367 -0.167607 -0.172714 -0.075074 -0.121098 0.223472 0.326992 0.084405 -0.006145 0.392085 0.598179 0.775569 0.730101 -0.293311 -0.398437 -0.264516 -0.376377 -0.344440 -0.416186 -0.001773 -0.013865 -0.392224 -0.293446 -0.344864 -0.280352 -0.235615 -0.111762 -0.197477 -0.064639 0.032065 0.072143 -0.275330 -0.168681 0.401127 0.169465 0.187377 0.127071 0.153328 0.032555 -0.363131 -0.353126 -0.104854 -0.079193 0.346103 0.328670 0.178686 0.109980 -0.147631 -0.027751 0.111723 0.157915 0.145512 0.304320 0.062286 0.105621 -0.048437 0.209621 -0.359102 0.330684 -0.190819 0.283595 -0.154391 0.202049 -0.036724 -0.400970 -0.253163 -0.301651 -0.209137 -0.439204 -0.167334 -0.177078 -0.246646 -0.506905 -0.037544 -0.035483 0.327873 0.145739 0.080581 -0.018163 -0.261991 -0.237018 -0.295525 -0.186056 -0.124096 -0.267323 -0.029648 -0.028835 -0.048742 0.264318 -0.007858 0.095721 0.021701 -0.276925 -0.331182 -0.064333 -0.138451 -0.195821 -0.343477 -0.212268 -0.048269 -0.033560
0.046182 0.119210 0.144029 0.075641 0.776891 1.000000 0.276201 0.204325 0.301213 0.633795 -0.184501 0.003757 0.110025 0.027533 0.028038 0.448405 -0.151953 -0.225029 -0.207088 -0.058195 0.265293 0.472726 0.089113 0.038549 0.540376 0.845325 0.944760 0.962770 -0.374767 -0.345394 -0.300781 -0.400509 -0.361361 -0.327667 0.026935 0.065202 -0.406289 -0.245279 -0.354200 -0.195972 -0.287055 0.023178 -0.086912 0.051596 0.009316 0.073548 -0.150861 -0.056542 0.383536 0.181849 0.252405 0.223425 0.302894 0.135840 -0.315185 -0.232144 0.028125 0.057817 0.209322 0.287120 0.077614 0.125430 -0.236622 -0.083919 -0.071845 0.134251 0.060111 0.381979 0.234474 0.128035 -0.112224 0.232766 -0.392926 0.482543 -0.170243 0.132121 -0.273001 0.110647 0.090685 -0.289096 -0.224776 -0.231858 -0.308855 -0.509673 -0.154510 -0.085610 -0.277624 -0.459053 0.061261 0.092192 0.317329 -0.091332 -0.119832 -0.293195 -0.253001 -0.131712 -0.116763 -0.116752 0.014786 -0.092592 -0.104618 -0.327483 -0.153161 0.066225 -0.179084 -0.030224 0.000134 -0.171464 -0.216878 -0.108740 -0.151744 -0.181338 -0.414076 -0.265468 -0.151997 0.004285
-0.393033 -0.367942 0.676799 -0.115333 0.432791 0.276201 1.000000 0.402575 0.311799 0.241253 0.076106 0.142341 0.580375 0.217485 0.022925 0.148212 -0.324622 -0.454747 -0.137954 -0.392641 0.085743 0.113924 0.203639 0.129320 0.349630 0.275809 0.273348 0.217392 0.117106 -0.276859 0.157289 -0.003760 -0.309912 -0.311875 0.081450 0.228905 -0.114890 -0.286053 -0.143452 -0.132405 -0.071676 -0.120734 -0.247381 -0.119637 0.124725 0.173764 -0.266553 -0.246679 0.279701 0.089372 0.041100 -0.069675 -0.001121 -0.142679 -0.060143 -0.229163 -0.284669 -0.237148 0.163188 0.029113 0.281952 -0.139855 0.026570 -0.015946 0.397575 0.188930 0.284999 0.152616 -0.282119 -0.153922 -0.091446 0.029523 -0.135773 0.099795 -0.137257 0.198888 -0.045803 0.125046 -0.089126 -0.344999 -0.188405 -0.382362 -0.185891 -0.307634 -0.112362 -0.300912 -0.181876 -0.271455 0.187696 -0.164693 0.174571 0.190565 0.224997 0.391681 -0.067942 -0.077618 -0.147598 -0.072180 -0.069876 -0.260611 0.282189 0.296169 0.198461 0.207292 -0.149299 -0.123570 -0.157649 -0.253996 -0.259896 0.035863 -0.043746 -0.102916 -0.016906 -0.178999 -0.128693 -0.033900
-0.358618 -0.255262 0.482073 0.443977 0.120437 0.204325 0.402575 1.000000 0.118018 0.520414 0.117828 0.469976 0.081119 0.308874 -0.088827 0.208906 -0.225501 -0.357733 -0.221061 -0.313608 -0.085795 0.142164 0.162887 0.369889 0.313853 0.367530 0.080758 0.186798 -0.155075 -0.156769 0.177514 0.374094 -0.258010 -0.140805 0.118590 0.430887 -0.154248 -0.061638 -0.045614 0.115807 -0.114516 -0.060878 -0.243369 -0.077414 -0.021770 0.272476 -0.176523 -0.038685 0.060322 -0.115783 -0.016540 -0.243232 -0.326822 -0.394382 -0.272315 -0.168016 -0.412456 -0.423817 -0.045657 -0.120016 0.015901 -0.093369 -0.095768 0.087660 0.453862 0.615204 0.206172 0.247360 -0.292772 -0.194937 -0.154889 -0.101001 -0.254662 -0.052478 -0.186506 -0.011207 -0.282461 0.090576 -0.368965 -0.353794 -0.374253 -0.400748 -0.282926 -0.105317 -0.110194 -0.188680 -0.129630 -0.023199 0.289464 -0.082103 -0.165004 -0.146395 0.323090 0.277084 0.068542 0.180955 0.015219 0.100198 -0.133180 -0.308172 0.300126 -0.093475 -0.037697 -0.008883 -0.261959 -0.141592 -0.079934 0.016529 0.081008 0.123038 0.127227 -0.071744 -0.087555 -0.232249 -0.182638 -0.023582
-0.057533 -0.063090 0.336556 -0.272815 0.668582 0.301213 0.311799 0.118018 1.000000 0.458811 0.238666 0.095427 0.121148 0.133875 0.533215 0.582662 -0.110746 -0.083824 -0.106562 -0.169190 0.127391 0.140774 0.140680 0.038882 0.161141 0.182903 0.320261 0.269796 -0.203347 -0.261234 -0.233364 -0.149326 -0.301045 -0.368441 0.001473 0.023073 -0.295249 -0.202143 -0.196492 -0.146181 -0.142107 -0.076006 -0.265033 -0.216334 -0.051264 -0.055838 -0.374485 -0.224352 0.268649 -0.038566 0.178411 -0.024902 -0.105080 -0.219524 -0.259234 -0.254778 -0.200833 -0.174601 0.381047 0.221928 0.314334 0.195924 -0.089096 0.173758 0.362212 0.268893 0.007592 0.125748 -0.118949 0.082441 -0.052956 -0.061547 -0.263487 0.052049 -0.056690 0.227856 -0.153942 0.041474 -0.133011 -0.293769 -0.266593 -0.220103 -0.045022 -0.221086 0.022734 -0.141542 0.047785 -0.277500 0.082517 -0.085859 0.126947 0.118339 0.189176 0.237836 -0.180663 -0.152735 -0.224220 -0.087270 -0.272459 -0.365538 -0.060097 0.121485 -0.056184 0.283580 0.013277 0.087673 0.129979 -0.038006 -0.239424 0.020347 -0.047480 -0.173329 -0.203125 -0.053144 -0.050857 -0.012766
-0.176503 0.023715 0.230324 0.026256 0.576188 0.633795 0.241253 0.520414 0.458811 1.000000 -0.078174 0.310531 0.169936 0.355284 0.212706 0.591506 -0.234906 -0.268688 -0.323947 -0.154758 0.104372 0.282602 -0.166462 -0.036055 0.304353 0.535658 0.549023 0.558092 -0.362420 -0.368667 -0.251727 -0.216888 -0.246901 -0.315837 -0.162570 0.124705 -0.447829 -0.321988 -0.197624 -0.162251 -0.225585 -0.179789 -0.144385 -0.047762 0.167852 0.256883 -0.198174 -0.067510 0.474478 0.226169 0.157283 0.171365 0.033638 -0.120822 -0.321478 -0.302510 -0.223024 -0.206996 0.292120 0.348406 0.122833 0.164096 -0.167194 -0.014641 0.120104 0.446655 0.201622 0.377077 -0.054974 0.021815 -0.243478 -0.038593 -0.485768 0.127562 -0.290172 0.124439 -0.384182 -0.025112 -0.256162 -0.282558 -0.326147 -0.309114 -0.319076 -0.347727 -0.169194 -0.204952 -0.264276 -0.216159 -0.079531 -0.194636 0.139153 0.025660 0.192434 -0.007441 -0.204967 0.068048 -0.127209 -0.025796 -0.069636 -0.244503 0.008025 -0.267881 -0.165568 0.128568 -0.055648 -0.007874 0.088661 -0.089084 0.027250 -0.039861 -0.083653 -0.110146 -0.249016 -0.192242 -0.183693 -0.136200
0.194158 0.217706 0.164649 0.351809 -0.075890 -0.184501 0.076106 0.117828 0.238666 -0.078174 1.000000 0.424284 0.228607 0.130861 0.490762 0.093099 0.020595 0.154421 0.031826 0.087807 -0.310393 -0.249187 0.497315 0.477935 -0.010977 -0.191256 -0.267492 -0.165652 0.158314 -0.045218 -0.134309 0.314412 -0.080214 0.125311 0.237246 0.216667 -0.181703 -0.022237 -0.264675 0.016294 -0.043189 0.084815 -0.212500 -0.179745 -0.287342 -0.226747 -0.282790 -0.030576 -0.228537 -0.416582 0.131312 -0.306372 -0.418177 -0.310009 -0.130923 -0.211046 -0.169400 -0.178099 -0.248047 -0.429776 0.136249 0.103838 -0.204178 0.178828 0.575202 0.207016 -0.355989 0.103489 -0.288753 -0.024163 -0.250222 -0.288762 -0.156248 -0.079720 0.028226 0.129056 -0.128183 -0.073522 -0.182179 -0.167590 -0.355813 -0.320732 0.025978 0.114130 0.355350 0.037497 0.181144 0.008200 0.524396 0.017537 -0.195732 -0.091964 0.219197 0.317656 -0.036932 -0.047920 -0.038916 0.076086 -0.162601 -0.241730 0.152216 0.030223 -0.017289 -0.090881 -0.147486 -0.308317 -0.155125 -0.039409 -0.130927 0.143718 0.247267 0.035176 -0.072338 0.024633 -0.100395 -0.009921
-0.071977 -0.048814 0.054153 0.270445 -0.001074 0.003757 0.142341 0.469976 0.095427 0.310531 0.424284 1.000000 0.298555 0.492938 0.216679 0.360198 -0.107496 -0.033874 -0.186064 -0.167098 -0.215955 -0.156293 -0.084952 0.219855 -0.003578 0.018713 -0.108091 -0.033851 0.129828 0.020912 -0.078528 0.242619 -0.119989 0.147325 0.020500 0.216339 0.059450 -0.120338 -0.013303 -0.138966 0.082412 -0.052335 -0.046066 -0.018837 -0.209840 -0.042791 -0.165108 0.042154 -0.059746 -0.256284 0.011548 -0.204401 -0.382617 -0.442668 -0.108743 -0.256379 -0.260928 -0.393605 -0.280716 -0.332240 -0.196383 -0.118723 -0.074019 0.259636 0.221126 0.400219 -0.158404 0.176063 -0.298678 -0.330185 -0.168698 -0.099091 -0.107453 -0.019575 0.105946 0.347879 0.159037 0.137821 -0.050843 -0.133902 -0.130278 -0.198526 0.047540 0.123623 0.328047 0.006863 0.076583 0.049969 0.202000 -0.262899 -0.406191 -0.342395 0.224585 0.245267 -0.065598 0.041174 -0.038144 -0.017436 -0.233444 -0.321470 0.262949 0.004010 0.136599 -0.066696 -0.147739 -0.143994 -0.054818 0.053472 0.056925 0.000826 0.118554 -0.081090 -0.073603 0.025990 0.053643 0.090529
0.042430 0.095321 0.234420 -0.192151 0.208555 0.110025 0.580375 0.081119 0.121148 0.169936 0.228607 0.298555 1.000000 0.451810 0.211844 0.094593 -0.096526 -0.117135 -0.246657 -0.121750 -0.040254 -0.169440 -0.129892 -0.116723 0.023538 -0.028157 0.077289 0.018258 0.465809 -0.300619 -0.180947 -0.212329 0.153821 0.079353 0.000624 0.122959 -0.013645 -0.315079 -0.326712 -0.353790 0.223934 -0.120489 -0.081476 0.084636 0.043102 0.024444 -0.088985 -0.000359 0.248461 0.077384 0.007609 0.072031 0.086055 -0.008661 0.080528 -0.294105 -0.122765 -0.085558 -0.058843 -0.058355 0.209150 0.099047 0.049113 0.118317 0.160392 0.040231 0.007704 0.092155 -0.254409 -0.127133 -0.279841 -0.111550 -0.081437 0.129788 0.129356 0.348892 0.102482 0.070542 0.133171 -0.204237 0.126920 -0.153633 -0.163522 -0.270485 0.095171 -0.274204 -0.388551 -0.307827 0.027332 -0.317505 -0.040132 0.045902 0.050214 0.152132 -0.073516 -0.151239 -0.067569 -0.017883 -0.033843 -0.114728 0.153545 0.110127 0.161432 -0.016125 -0.133213 -0.224708 -0.382578 -0.224132 -0.129867 0.014108 0.030198 -0.081641 -0.074922 0.024544 -0.008047 -0.094222
-0.183125 -0.094897 0.023626 -0.089681 0.058341 0.027533 0.217485 0.308874 0.133875 0.355284 0.130861 0.492938 0.451810 1.000000 0.326490 0.402660 -0.142933 -0.028695 -0.155708 0.056362 0.051302 -0.099884 -0.281663 -0.142791 -0.155437 -0.030735 -0.077330 -0.075151 0.181544 -0.053361 -0.062163 -0.046907 0.049978 0.177269 -0.186767 0.037931 0.005743 -0.150443 -0.225084 -0.242503 0.244383 -0.068967 -0.014477 -0.013754 0.135289 0.069449 -0.087025 0.017523 0.102265 0.194487 -0.200573 0.000522 -0.031938 -0.154044 -0.080893 -0.273800 -0.242025 -0.324165 -0.037773 -0.071777 0.145790 0.350772 0.164410 0.447662 0.236676 0.348533 -0.147666 -0.088884 -0.244794 -0.076973 -0.191572 -0.276824 -0.121019 0.024013 0.138971 0.375817 0.117309 0.061779 -0.070963 -0.106560 0.008106 -0.137403 -0.005710 0.063144 0.113168 -0.277599 -0.283236 -0.063201 -0.001607 -0.285115 -0.174580 -0.115930 0.130884 0.065030 -0.234456 0.114681 -0.111998 0.024224 -0.006178 -0.127369 0.112051 -0.057471 0.051265 -0.109278 -0.179354 -0.242958 -0.093991 -0.008365 0.121577 -0.014169 -0.056887 0.115699 -0.124771 -0.053774 -0.064146 0.085187
0.187339 0.219338 -0.000120 -0.033272 0.239828 0.028038 0.022925 -0.088827 0.533215 0.212706 0.490762 0.216679 0.211844 0.326490 1.000000 0.331636 -0.004747 0.199909 -0.066820 0.201246 -0.006178 -0.129676 0.101250 0.044430 -0.104924 -0.039077 0.013125 -0.024964 0.032168 -0.167071 -0.238248 -0.076053 -0.027834 0.073688 -0.100186 -0.133026 -0.140644 -0.092138 -0.206523 -0.216634 0.088084 0.080746 -0.111275 -0.213630 -0.056877 -0.287091 -0.211827 -0.089438 -0.021912 0.018367 -0.073038 -0.055709 -0.092819 -0.055708 -0.021144 -0.244945 -0.098233 -0.067041 0.051953 -0.145341 0.262325 0.243692 -0.019341 0.329165 0.239240 -0.029241 -0.295225 -0.066814 -0.105187 0.096383 -0.206079 -0.170779 -0.276203 0.046867 0.073921 0.307885 0.030815 -0.044797 -0.110882 -0.088854 -0.120877 -0.076722 0.238231 0.135138 0.254808 -0.178874 0.052816 0.023491 0.157332 -0.067028 -0.052339 0.083966 0.051203 0.068716 -0.341623 -0.127700 -0.250952 -0.115871 -0.081157 -0.244194 -0.214026 -0.081721 -0.235123 -0.030364 -0.118250 -0.092530 0.010387 -0.220940 -0.178154 -0.005597 -0.102066 -0.101166 -0.130845 -0.011954 -0.047366 -0.019301
-0.030092 0.059567 0.052672 -0.024495 0.575367 0.448405 0.148212 0.208906 0.582662 0.591506 0.093099 0.360198 0.094593 0.402660 0.331636 1.000000 -0.073307 -0.065852 -0.074991 0.021680 0.019710 0.054358 -0.132462 -0.013906 0.049698 0.247659 0.354440 0.397929 -0.199109 -0.079040 -0.382079 -0.287957 -0.322431 -0.225023 -0.127616 -0.043041 -0.270825 -0.192166 -0.313870 -0.253254 -0.193156 -0.070280 -0.086982 -0.131224 -0.028699 -0.054411 -0.185200 -0.084898 0.200180 0.105173 0.006430 0.062931 0.072139 -0.085340 -0.301298 -0.340273 -0.100704 -0.095789 0.286341 0.270497 0.102618 0.327647 -0.087810 0.255126 0.083592 0.284053 -0.085160 0.175102 0.043689 0.109334 -0.011352 0.055681 -0.304161 0.273877 -0.078387 0.332099 -0.065217 0.086956 -0.051658 -0.251540 -0.223484 -0.224796 -0.000010 -0.050102 0.073849 -0.135513 0.059180 -0.180835 0.003268 -0.198226 0.196004 -0.063802 0.134849 -0.051164 -0.423867 -0.191841 -0.282809 -0.163506 -0.068192 -0.280188 0.008166 -0.128628 -0.103106 0.030839 -0.098113 0.024435 0.185197 -0.038219 -0.271585 -0.053098 -0.104259 -0.077547 -0.279049 -0.154844 -0.029744 -0.028715
0.461867 0.282522 -0.347278 -0.101483 -0.167607 -0.151953 -0.324622 -0.225501 -0.110746 -0.234906 0.020595 -0.107496 -0.096526 -0.142933 -0.004747 -0.073307 1.000000 0.579346 0.062374 0.265428 -0.082777 -0.133991 -0.149705 -0.220982 -0.193324 -0.211296 -0.095456 -0.185521 0.261690 0.137806 -0.136462 -0.155688 0.281800 0.279063 -0.025070 -0.038854 0.128521 0.064695 0.061115 -0.043926 0.099495 0.049562 -0.147151 -0.088750 -0.208969 -0.110905 -0.096773 -0.124326 -0.212650 -0.111442 -0.061254 -0.050478 -0.045965 -0.031503 -0.011909 0.026936 0.610851 0.490303 -0.121327 -0.058865 0.065432 0.270514 0.009032 0.221313 -0.218553 -0.065304 -0.106467 0.043083 0.386860 0.272927 0.012799 -0.069688 0.188207 -0.083881 0.061022 -0.174540 -0.030790 -0.207814 0.385423 0.466491 0.398380 0.417967 0.099457 0.054234 0.076549 0.159286 0.124145 0.053618 -0.192078 0.096933 -0.172917 -0.360825 -0.222253 -0.282413 -0.115857 -0.273449 -0.038440 -0.065729 -0.098736 0.171346 -0.173546 -0.181172 -0.114019 -0.336488 -0.048891 0.067637 -0.072489 0.163149 -0.061687 -0.151452 -0.081420 0.074378 0.001720 0.131614 0.289213 0.088865
0.433483 0.391766 -0.313015 0.050010 -0.172714 -0.225029 -0.454747 -0.357733 -0.083824 -0.268688 0.154421 -0.033874 -0.117135 -0.028695 0.199909 -0.065852 0.579346 1.000000 0.209236 0.441773 -0.099144 -0.273459 -0.170854 0.006131 -0.236451 -0.268764 -0.146629 -0.236097 0.193916 0.347070 -0.017217 0.075307 0.244834 0.437676 -0.016083 -0.268980 0.157485 0.175974 0.063443 -0.123248 0.272264 0.078689 -0.150916 -0.280664 -0.315099 -0.362157 -0.149737 -0.090779 -0.407249 -0.240474 -0.215060 -0.243494 -0.123701 -0.112051 -0.171847 -0.251789 0.139509 -0.028856 -0.241227 -0.246207 -0.207529 0.219188 0.120400 0.203129 -0.196637 -0.171575 -0.441593 -0.325739 -0.010446 -0.059595 0.094809 0.172020 0.212363 0.017024 0.215987 -0.063763 0.260289 0.022257 0.072181 0.437334 0.271707 0.360205 0.252752 0.407633 0.180136 0.256720 -0.026618 0.154566 -0.226697 0.010994 -0.302793 -0.095427 0.044765 -0.068240 -0.174084 -0.260383 -0.296941 -0.274828 -0.261048 -0.072201 0.016884 0.020975 0.026089 -0.060471 0.206570 0.310246 0.183962 0.156273 -0.062849 -0.253343 -0.219080 -0.139661 0.090361 0.409054 0.424330 0.086137
0.162365 0.178609 -0.013690 0.137772 -0.075074 -0.207088 -0.137954 -0.221061 -0.106562 -0.323947 0.031826 -0.186064 -0.246657 -0.155708 -0.066820 -0.074991 0.062374 0.209236 1.000000 0.566223 0.051691 0.001740 -0.016288 0.003549 -0.170992 -0.297239 -0.143521 -0.188398 0.027319 0.270846 0.179812 0.097591 0.136305 0.348004 -0.182523 -0.204173 0.185292 0.328308 0.289736 0.186104 0.075602 0.349014 -0.331363 -0.443631 -0.301944 -0.383375 -0.177345 -0.286015 -0.343214 -0.226336 -0.397987 -0.341802 -0.115812 -0.170377 -0.011004 -0.127745 -0.021399 -0.048605 0.054063 0.156674 -0.198094 -0.120938 0.154751 -0.064287 -0.126733 -0.230233 0.042790 -0.100463 0.189773 0.136953 0.122353 0.198313 0.264356 -0.001073 0.139037 0.032235 0.132007 0.130737 -0.055253 -0.022331 0.157025 0.114276 0.360232 0.397357 -0.065567 -0.025285 0.154516 0.060305 -0.130500 -0.118135 -0.019857 0.130356 0.112114 0.112419 -0.109524 -0.106460 -0.296911 -0.157002 -0.155400 -0.135732 0.041874 0.162961 0.138034 0.103241 0.073795 0.122682 0.120990 -0.255756 -0.075521 0.023587 -0.110021 0.003804 0.184882 -0.066032 -0.013324 -0.034272
0.466582 0.581585 -0.454585 0.274627 -0.121098 -0.058195 -0.392641 -0.313608 -0.169190 -0.154758 0.087807 -0.167098 -0.121750 0.056362 0.201246 0.021680 0.265428 0.441773 0.566223 1.000000 0.016800 -0.090261 -0.144103 0.014915 -0.341143 -0.206359 -0.065391 -0.084996 0.039522 0.256594 -0.116723 -0.110468 0.242559 0.489685 -0.272798 -0.314499 0.034897 0.203985 -0.071582 -0.070061 0.158342 0.219139 -0.225429 -0.343125 -0.341204 -0.499110 -0.081594 -0.141639 -0.437162 -0.109831 -0.356899 -0.169051 0.042319 0.073301 0.054958 -0.220483 0.258249 0.270590 -0.126271 -0.012056 -0.231238 0.246476 -0.110711 0.054398 -0.310394 -0.337998 -0.349384 -0.181315 0.401343 0.449003 0.120307 0.095466 -0.027027 0.192151 0.209543 0.108038 0.175867 -0.014313 0.056503 0.159373 0.145687 0.164248 0.299378 0.423428 0.183690 0.046163 -0.061578 0.073106 -0.052749 -0.033988 0.024587 -0.026368 -0.034860 -0.306940 -0.365911 -0.109813 -0.247506 -0.161673 0.066474 0.058097 -0.110314 -0.197451 -0.091280 -0.225505 0.074680 -0.002690 0.113481 -0.213388 -0.057967 -0.111588 -0.235498 0.183010 0.050632 0.045729 0.131828 -0.003243
-0.106696 -0.227150 -0.006515 -0.258319 0.223472 0.265293 0.085743 -0.085795 0.127391 0.104372 -0.310393 -0.215955 -0.040254 0.051302 -0.006178 0.019710 -0.082777 -0.099144 0.051691 0.016800 1.000000 0.569780 -0.034968 -0.175257 0.127436 0.232348 0.401295 0.242215 0.000424 0.078611 0.098017 -0.139498 -0.022476 0.055401 -0.076225 0.036054 0.150417 -0.002905 0.147447 -0.043364 0.136384 0.210778 0.121620 -0.012687 0.081826 0.093286 -0.109793 -0.057784 0.141993 0.188239 -0.133350 0.012524 0.152179 -0.005577 -0.078587 0.029689 -0.020470 -0.078659 0.109331 0.145424 0.029362 -0.107564 0.148175 0.060034 -0.165035 -0.044718 0.105836 -0.056742 0.071075 0.065369 0.275515 0.223662 0.121067 0.197015 0.145781 0.205176 0.110049 0.282194 0.030117 0.004818 0.071619 0.143686 0.140905 -0.053080 -0.150014 -0.139992 -0.086539 -0.142312 -0.126553 -0.141235 -0.017688 -0.173710 -0.171664 -0.071147 -0.082002 0.119912 -0.044975 -0.093879 -0.049281 -0.104992 -0.118190 -0.111178 -0.189322 -0.089651 -0.211186 -0.067791 0.079719 -0.038149 0.126663 -0.048358 -0.163174 -0.013698 -0.172182 -0.244260 -0.166437 0.239639
-0.192285 -0.256055 0.092574 -0.103913 0.326992 0.472726 0.113924 0.142164 0.140774 0.282602 -0.249187 -0.156293 -0.169440 -0.099884 -0.129676 0.054358 -0.133991 -0.273459 0.001740 -0.090261 0.569780 1.000000 0.084371 -0.055580 0.311962 0.460685 0.557631 0.520706 -0.189455 -0.117272 0.042262 -0.078871 -0.319908 -0.314940 0.170945 0.325584 -0.174647 -0.003508 0.163671 0.280691 -0.146918 0.160506 -0.018334 0.038496 -0.016140 0.231734 -0.007385 0.106685 0.101009 0.040762 -0.037896 -0.091699 -0.039589 -0.165473 -0.072996 0.186895 -0.072811 -0.144443 0.121355 0.277987 0.036583 -0.035814 -0.119293 -0.169939 -0.036674 0.259113 0.313641 0.314624 0.136829 0.111076 0.036237 0.275670 -0.085897 0.000599 -0.254449 0.080860 -0.170338 0.328964 -0.182601 -0.083375 -0.123352 -0.058401 0.029772 -0.307553 -0.198924 -0.123413 0.022265 -0.244990 0.053618 0.220750 -0.009983 -0.188298 -0.082171 -0.020514 0.140689 0.286010 0.151909 0.160618 -0.100382 -0.184198 -0.152518 -0.293924 -0.261246 -0.030783 -0.288170 -0.226396 -0.048165 -0.179555 0.135807 0.200335 0.061715 -0.090209 -0.335657 -0.561379 -0.466178 -0.069438
-0.046789 -0.133061 0.384328 0.465372 0.084405 0.089113 0.203639 0.162887 0.140680 -0.166462 0.497315 -0.084952 -0.129892 -0.281663 0.101250 -0.132462 -0.149705 -0.170854 -0.016288 -0.144103 -0.034968 0.084371 1.000000 0.755777 0.526274 0.282164 0.081574 0.173468 -0.228515 -0.089187 0.166515 0.432006 -0.264676 -0.224313 0.479671 0.275073 -0.306985 -0.002446 -0.115573 0.173550 -0.245847 0.017559 -0.096262 0.034708 -0.163799 -0.030815 -0.100460 -0.000539 -0.123542 -0.292721 0.374934 -0.171178 -0.249877 -0.065095 -0.009483 0.056121 -0.202644 -0.098827 -0.132184 -0.336690 -0.028660 -0.188197 -0.395606 -0.199036 0.525999 0.155075 -0.079051 0.182078 -0.148863 0.054473 0.057213 -0.124886 -0.184810 -0.015960 -0.100581 -0.074068 -0.229940 -0.035375 -0.215629 -0.303826 -0.547811 -0.494549 -0.204360 -0.162259 -0.000122 -0.001161 0.219836 -0.038192 0.650406 0.348641 -0.015473 0.026972 0.119319 0.267257 0.133795 -0.078913 0.090359 0.114401 -0.114033 -0.171683 0.119754 -0.056932 -0.199061 -0.115423 -0.214452 -0.171153 -0.170710 -0.014281 -0.230825 0.180597 0.236260 -0.047242 -0.191200 -0.094603 -0.139198 0.081589
-0.053063 -0.020351 0.289542 0.765702 -0.006145 0.038549 0.129320 0.369889 0.038882 -0.036055 0.477935 0.219855 -0.116723 -0.142791 0.044430 -0.013906 -0.220982 0.006131 0.003549 0.014915 -0.175257 -0.055580 0.755777 1.000000 0.465275 0.258389 -0.040450 0.113461 -0.233497 0.043890 0.197618 0.642060 -0.245793 -0.045592 0.362023 0.217789 -0.249957 -0.018800 -0.146760 0.064861 -0.161938 -0.146684 -0.175794 -0.078412 -0.353838 -0.129675 -0.145867 -0.012356 -0.350626 -0.470599 0.189756 -0.390458 -0.423232 -0.277941 -0.169107 -0.220806 -0.315078 -0.319167 -0.306758 -0.482956 -0.332982 -0.256721 -0.428274 -0.117007 0.431390 0.227336 -0.189112 0.118381 -0.272046 -0.032302 0.116907 -0.018367 -0.233819 0.008004 -0.096453 0.004263 -0.028601 0.067201 -0.279439 -0.277490 -0.524229 -0.499905 -0.141081 0.071258 0.184571 0.062925 0.091397 0.107030 0.615510 0.123091 -0.191900 -0.038796 0.357948 0.334169 0.099348 -0.045689 -0.040636 0.005354 -0.269836 -0.291232 0.317170 -0.010915 -0.089457 -0.015124 -0.074888 0.005236 -0.034968 -0.039929 -0.179532 0.068275 0.146554 -0.103136 -0.075843 0.107469 0.087069 0.095406
-0.229655 -0.201278 0.371664 0.322166 0.392085 0.540376 0.349630 0.313853 0.161141 0.304353 -0.010977 -0.003578 0.023538 -0.155437 -0.104924 0.049698 -0.193324 -0.236451 -0.170992 -0.341143 0.127436 0.311962 0.526274 0.465275 1.000000 0.741353 0.558412 0.545657 -0.198589 -0.174177 0.185813 0.245304 -0.324897 -0.282560 0.166146 0.256023 -0.306346 -0.260093 -0.065306 -0.011604 -0.224963 -0.080229 -0.078152 0.134956 -0.055899 0.142416 -0.114001 0.025098 0.154878 -0.110727 0.333207 -0.000484 -0.027364 -0.089617 -0.099758 -0.056013 -0.191564 -0.158100 -0.040849 0.000530 -0.003690 -0.135351 -0.162515 -0.120694 0.262448 0.247789 0.131756 0.314956 -0.157372 -0.102914 -0.067560 0.020389 -0.111574 0.065814 -0.208168 0.044396 -0.271729 -0.047608 -0.030202 -0.370572 -0.273225 -0.312643 -0.266987 -0.437676 -0.099047 -0.106978 0.014877 -0.058547 0.306394 0.105279 -0.012373 -0.085504 -0.036029 0.079137 0.116971 -0.032371 0.081690 0.048855 -0.189479 -0.143379 0.012173 -0.111551 -0.130866 0.005689 -0.227374 -0.039926 -0.228642 -0.058853 -0.147667 0.035870 0.095997 -0.205253 -0.292445 -0.017141 -0.059534 0.037191
-0.115436 -0.093250 0.279440 0.248962 0.598179 0.845325 0.275809 0.367530 0.182903 0.535658 -0.191256 0.018713 -0.028157 -0.030735 -0.039077 0.247659 -0.211296 -0.268764 -0.297239 -0.206359 0.232348 0.460685 0.282164 0.258389 0.741353 1.000000 0.785139 0.811401 -0.394141 -0.299472 -0.001813 -0.006043 -0.333085 -0.308169 0.091289 0.169627 -0.348258 -0.244692 -0.210670 -0.099614 -0.284612 -0.111764 0.018809 0.182714 0.057007 0.213858 -0.039814 0.117118 0.231489 0.121665 0.234217 0.122155 0.112821 0.068832 -0.211524 -0.101220 -0.073037 -0.061453 0.016557 0.050845 -0.019457 0.019572 -0.262536 -0.072454 0.085807 0.226691 0.039749 0.323472 0.067576 0.004629 -0.074754 0.099381 -0.370444 0.276109 -0.235428 0.080796 -0.247011 0.079581 -0.029440 -0.372862 -0.316319 -0.325306 -0.319839 -0.477399 -0.125632 -0.155426 -0.149553 -0.194297 0.208931 0.111126 0.161841 -0.143846 -0.118571 -0.184966 -0.061279 0.054588 0.056251 0.042375 0.020573 -0.055450 -0.094834 -0.273762 -0.203909 -0.024616 -0.229908 -0.073716 -0.135744 -0.115346 -0.144175 -0.010861 0.000161 -0.060030 -0.351989 -0.170753 -0.113978 0.104519
0.033775 0.061195 0.142208 -0.052495 0.775569 0.944760 0.273348 0.080758 0.320261 0.549023 -0.267492 -0.108091 0.077289 -0.077330 0.013125 0.354440 -0.095456 -0.146629 -0.143521 -0.065391 0.401295 0.557631 0.081574 -0.040450 0.558412 0.785139 1.000000 0.929536 -0.294197 -0.271684 -0.215300 -0.406803 -0.351884 -0.336055 0.053938 0.040024 -0.336587 -0.226050 -0.221682 -0.175920 -0.219258 0.082163 -0.118022 -0.028279 -0.017259 0.030934 -0.200390 -0.147911 0.386119 0.153566 0.242470 0.193874 0.328806 0.098019 -0.292521 -0.200837 0.006825 0.021795 0.256637 0.323899 0.068479 0.057359 -0.152249 -0.132492 -0.130262 0.077128 0.115939 0.330955 0.207957 0.102820 -0.010083 0.331229 -0.239998 0.413659 -0.137296 0.117690 -0.220813 0.147966 0.068967 -0.189441 -0.134384 -0.109292 -0.202514 -0.464140 -0.201288 -0.033346 -0.223027 -0.451675 -0.023932 0.107898 0.264927 -0.078710 -0.130592 -0.245842 -0.228652 -0.166200 -0.166709 -0.195326 -0.082528 -0.177131 -0.120218 -0.269865 -0.148786 0.112287 -0.113146 0.078650 0.043099 -0.161196 -0.215789 -0.142489 -0.224029 -0.285207 -0.396369 -0.260255 -0.119283 -0.004308
0.061212 0.118110 0.147094 0.103508 0.730101 0.962770 0.217392 0.186798 0.269796 0.558092 -0.165652 -0.033851 0.018258 -0.075151 -0.024964 0.397929 -0.185521 -0.236097 -0.188398 -0.084996 0.242215 0.520706 0.173468 0.113461 0.545657 0.811401 0.929536 1.000000 -0.409605 -0.326126 -0.259948 -0.332747 -0.385034 -0.357290 0.121894 0.096826 -0.422356 -0.223616 -0.303614 -0.115217 -0.303323 0.042791 -0.078701 0.065930 -0.027172 0.046403 -0.133887 -0.037371 0.371031 0.114049 0.331216 0.190932 0.275404 0.112685 -0.296342 -0.171512 -0.001754 0.016842 0.218227 0.247803 0.030174 0.061860 -0.263550 -0.174770 -0.062443 0.131883 0.080612 0.389695 0.217169 0.120351 -0.095691 0.270087 -0.355519 0.412467 -0.189448 0.046384 -0.302295 0.132102 0.022058 -0.252114 -0.264953 -0.235272 -0.305320 -0.505484 -0.186114 -0.036565 -0.234623 -0.475656 0.123665 0.184638 0.266369 -0.101935 -0.131561 -0.250965 -0.141430 -0.116624 -0.049532 -0.104068 -0.017103 -0.109022 -0.108713 -0.337501 -0.179767 0.085756 -0.164356 -0.009295 0.014502 -0.152193 -0.183599 -0.099330 -0.119925 -0.267679 -0.431072 -0.289913 -0.179226 -0.025324
0.029696 -0.050782 -0.157628 -0.185173 -0.293311 -0.374767 0.117106 -0.155075 -0.203347 -0.362420 0.158314 0.129828 0.465809 0.181544 0.032168 -0.199109 0.261690 0.193916 0.027319 0.039522 0.000424 -0.189455 -0.228515 -0.233497 -0.198589 -0.394141 -0.294197 -0.409605 1.000000 0.361807 0.212252 0.029721 0.079325 0.260875 -0.082883 -0.067791 0.499428 0.052932 -0.054548 -0.213470 0.543000 0.184132 0.057002 0.006879 -0.128720 -0.173656 -0.000815 -0.035232 -0.213496 -0.119894 -0.275396 -0.092213 0.091935 -0.025953 0.197476 -0.056534 0.054792 0.021023 -0.400212 -0.267096 0.088048 -0.037342 0.446990 0.392540 -0.129351 -0.245828 -0.159150 -0.362393 -0.251354 -0.199414 0.023307 -0.086723 0.613418 0.054254 0.403521 0.216119 0.312414 -0.075965 0.299920 0.139328 0.637093 0.479504 0.473625 0.327857 0.442979 0.094731 0.071534 0.069369 -0.158943 -0.234988 -0.278191 -0.242136 -0.187737 -0.050223 -0.086623 0.077593 -0.021056 -0.037199 0.013632 0.084710 0.033228 0.159374 0.212871 -0.288196 -0.127666 -0.204532 -0.339326 -0.046617 0.110291 -0.008851 -0.054918 0.104768 0.135576 0.150116 0.134555 0.081061
-0.163431 -0.121115 -0.368189 0.125443 -0.398437 -0.345394 -0.276859 -0.156769 -0.261234 -0.368667 -0.045218 0.020912 -0.300619 -0.053361 -0.167071 -0.079040 0.137806 0.347070 0.270846 0.256594 0.078611 -0.117272 -0.089187 0.043890 -0.174177 -0.299472 -0.271684 -0.326126 0.361807 1.000000 0.332835 0.257059 -0.172882 0.205590 -0.056629 -0.251844 0.496022 0.511665 0.245304 0.178296 0.353050 0.299640 -0.000539 -0.216464 -0.315795 -0.358716 0.018489 -0.079370 -0.492144 -0.254652 -0.402994 -0.283978 -0.060679 -0.098713 0.093869 0.008690 -0.087307 -0.085014 -0.290042 -0.124786 -0.387868 -0.188888 0.281420 0.113247 -0.346337 -0.332298 -0.334227 -0.471602 -0.160776 -0.214969 0.517072 0.171756 0.569913 0.241848 0.508514 0.076014 0.403636 0.070498 0.014321 0.316874 0.311779 0.338255 0.314218 0.557106 0.161935 0.131801 0.158085 0.112026 -0.245407 -0.173759 -0.154240 -0.147230 0.132390 -0.022477 -0.202469 0.173965 -0.179647 0.039103 -0.024343 0.028711 0.206686 0.142391 0.268004 -0.071448 0.097352 0.082735 0.108571 0.145513 0.118069 0.123864 -0.002535 0.209766 0.390196 0.190679 0.118514 0.176728
-0.397341 -0.403496 0.285096 0.116773 -0.264516 -0.300781 0.157289 0.177514 -0.233364 -0.251727 -0.134309 -0.078528 -0.180947 -0.062163 -0.238248 -0.382079 -0.136462 -0.017217 0.179812 -0.116723 0.098017 0.042262 0.166515 0.197618 0.185813 -0.001813 -0.215300 -0.259948 0.212252 0.332835 1.000000 0.626355 -0.073122 0.074153 -0.077499 -0.075250 0.332280 0.190790 0.396159 0.246933 0.240071 0.038487 -0.087433 -0.088846 0.000323 -0.009510 0.017077 0.018463 -0.324553 -0.144143 -0.256190 -0.285218 -0.242246 -0.123826 0.113409 0.152427 -0.267729 -0.294111 -0.329106 -0.311072 -0.183187 -0.243377 0.242386 0.058656 0.118798 -0.037662 -0.058672 -0.452240 -0.400808 -0.383057 0.167591 0.009958 0.345638 -0.217009 0.125849 0.020511 0.250943 0.013663 -0.205075 -0.039727 0.099718 0.019108 0.185120 0.286329 -0.070946 -0.112704 0.093480 0.391802 -0.031758 -0.110026 -0.163875 0.145070 0.144278 0.314465 0.209531 0.309057 0.055814 0.165691 0.061650 0.085760 0.286979 0.319740 0.279955 -0.009534 0.010701 -0.004801 -0.178726 -0.057806 0.173957 0.150173 0.055247 0.210132 0.342830 0.164998 0.004692 0.187447
-0.269161 -0.271899 0.250497 0.539179 -0.376377 -0.400509 -0.003760 0.374094 -0.149326 -0.216888 0.314412 0.242619 -0.212329 -0.046907 -0.076053 -0.287957 -0.155688 0.075307 0.097591 -0.110468 -0.139498 -0.078871 0.432006 0.642060 0.245304 -0.006043 -0.406803 -0.332747 0.029721 0.257059 0.626355 1.000000 -0.011314 0.240203 0.213022 0.262242 0.115215 0.205014 0.241168 0.368094 0.042375 -0.080436 -0.114554 -0.078581 -0.259775 -0.018472 -0.014796 0.185833 -0.504624 -0.512836 -0.162098 -0.571777 -0.673193 -0.457693 -0.050500 0.071182 -0.407397 -0.495871 -0.423675 -0.529508 -0.276902 -0.288477 -0.053390 0.018778 0.425243 0.277724 -0.115083 -0.115590 -0.495985 -0.400649 0.040152 -0.062127 0.108424 -0.385007 0.000225 -0.000004 0.132332 0.160807 -0.365070 -0.163850 -0.227608 -0.219557 0.044273 0.254118 0.069483 -0.136154 0.246377 0.433776 0.314934 -0.107416 -0.451350 -0.099621 0.316357 0.489343 0.382251 0.348736 0.132874 0.285619 -0.266617 -0.242781 0.312814 0.204885 0.096468 -0.004975 -0.083866 -0.061995 -0.127299 0.054753 0.162951 0.340003 0.376923 0.012349 0.185954 0.169292 -0.042832 0.055065
0.430413 0.351553 -0.164398 -0.142830 -0.344440 -0.361361 -0.309912 -0.258010 -0.301045 -0.246901 -0.080214 -0.119989 0.153821 0.049978 -0.027834 -0.322431 0.281800 0.244834 0.136305 0.242559 -0.022476 -0.319908 -0.264676 -0.245793 -0.324897 -0.333085 -0.351884 -0.385034 0.079325 -0.172882 -0.073122 -0.011314 1.000000 0.627380 -0.249085 -0.153282 0.094985 -0.105549 0.126108 -0.074701 0.135606 -0.072812 0.119804 0.192358 0.046485 -0.049697 0.166843 0.143082 -0.016747 0.002996 -0.003834 0.064310 -0.023234 0.020163 0.169491 0.073135 0.257929 0.204232 -0.098820 -0.145210 -0.003434 0.118025 0.071212 0.056590 -0.112822 -0.119760 -0.043439 -0.006944 0.150214 0.115650 -0.189807 -0.181671 0.039851 -0.325771 0.099213 -0.116706 0.040912 -0.145746 0.126049 0.242362 0.217184 0.184433 -0.014238 -0.014117 -0.043449 -0.036119 -0.100307 0.189276 -0.124314 -0.093423 -0.243928 -0.118108 -0.250166 -0.108601 0.223792 -0.133328 0.257305 0.005181 0.003612 0.162461 -0.230299 -0.025103 -0.161548 -0.111939 -0.003796 0.059816 -0.102092 0.125167 0.072593 -0.107147 0.047576 0.032655 0.056611 0.259294 0.187377 0.027832
0.340356 0.336029 -0.334732 0.172496 -0.416186 -0.327667 -0.311875 -0.140805 -0.368441 -0.315837 0.125311 0.147325 0.079353 0.177269 0.073688 -0.225023 0.279063 0.437676 0.348004 0.489685 0.055401 -0.314940 -0.224313 -0.045592 -0.282560 -0.308169 -0.336055 -0.357290 0.260875 0.205590 0.074153 0.240203 0.627380 1.000000 -0.200453 -0.049557 0.427114 0.222644 0.123068 0.000465 0.314985 0.239414 0.023230 -0.116304 -0.197983 -0.337043 -0.042513 0.098303 -0.416048 -0.224019 -0.371515 -0.308691 -0.167787 -0.154942 -0.014621 -0.123243 0.154446 0.016000 -0.340022 -0.366799 -0.136732 0.042677 0.234533 0.205782 -0.105175 -0.198927 -0.292260 -0.208932 0.070808 -0.045484 -0.173421 0.067242 0.195030 -0.063978 0.348786 0.138551 0.349544 0.119327 0.243434 0.232989 0.343053 0.346174 0.238013 0.406066 0.121281 -0.067496 0.018557 0.299750 -0.120930 -0.323829 -0.405586 -0.321843 -0.196022 -0.065071 -0.032069 0.019190 -0.027319 -0.072298 -0.111805 -0.017494 -0.056311 -0.010948 0.018340 -0.231468 -0.210123 -0.115132 -0.125206 0.018182 0.139142 -0.047927 0.002945 0.010624 0.086676 0.182132 0.116102 0.114907
-0.119291 -0.206131 0.120912 0.196570 -0.001773 0.026935 0.081450 0.118590 0.001473 -0.162570 0.237246 0.020500 0.000624 -0.186767 -0.100186 -0.127616 -0.025070 -0.016083 -0.182523 -0.272798 -0.076225 0.170945 0.479671 0.362023 0.166146 0.091289 0.053938 0.121894 -0.082883 -0.056629 -0.077499 0.213022 -0.249085 -0.200453 1.000000 0.667471 -0.108728 0.095988 -0.150389 0.119763 -0.162909 -0.031397 -0.002752 0.103287 -0.058240 0.212081 -0.075772 0.011024 -0.099056 -0.222998 0.167618 -0.233225 -0.272457 -0.229700 -0.176389 -0.048121 -0.190788 -0.240853 0.002317 -0.157714 -0.161409 -0.142206 -0.294674 -0.322673 0.324883 0.386867 0.272568 0.317212 -0.088984 -0.039267 0.071827 0.196519 -0.091507 -0.060379 -0.206698 -0.143527 -0.042478 0.357336 -0.170055 -0.013599 -0.285630 -0.217221 -0.149140 -0.139914 -0.147114 0.033138 0.032112 -0.245627 0.337935 0.311220 -0.274485 -0.137759 0.218126 0.242602 0.142780 0.001319 -0.059336 0.003793 -0.364946 -0.340821 0.209784 -0.035295 0.004672 0.083550 -0.073288 -0.026170 -0.043884 0.125918 -0.134872 0.113574 0.229647 -0.191361 -0.214978 -0.260319 -0.132719 -0.118916
-0.240170 -0.214512 0.189874 0.202681 -0.013865 0.065202 0.228905 0.430887 0.023073 0.124705 0.216667 0.216339 0.122959 0.037931 -0.133026 -0.043041 -0.038854 -0.268980 -0.204173 -0.314499 0.036054 0.325584 0.275073 0.217789 0.256023 0.169627 0.040024 0.096826 -0.067791 -0.251844 -0.075250 0.262242 -0.153282 -0.049557 0.667471 1.000000 -0.164300 0.022048 -0.048681 0.316392 -0.270526 0.003334 -0.021121 0.097770 0.101056 0.486502 -0.083727 0.117705 -0.045330 -0.141944 -0.001610 -0.319291 -0.462972 -0.421345 -0.160823 0.038456 -0.128830 -0.250739 0.073476 -0.029844 0.073791 -0.031529 -0.296610 -0.233470 0.456419 0.665457 0.495731 0.552668 -0.054455 -0.056463 -0.217978 -0.035203 -0.176043 -0.277379 -0.410986 -0.077972 -0.239606 0.323633 -0.211982 -0.212845 -0.326672 -0.304935 -0.210072 -0.272354 -0.205899 -0.202177 0.093037 -0.094332 0.352454 0.098122 -0.280632 -0.278104 0.155168 0.318361 0.243584 0.188940 0.116421 0.208479 -0.308981 -0.355821 0.136252 -0.119253 -0.056483 -0.024621 -0.355067 -0.287263 -0.268766 0.034770 0.014743 0.250332 0.410757 -0.126864 -0.204239 -0.438015 -0.347305 -0.205579
