1.000000 0.387543 -0.142571 0.158138 -0.283485 0.385566 -0.230772 -0.296532 -0.344072 -0.261588 -0.023005 -0.057181 0.131964 -0.102823 0.039355 -0.175671 -0.115848 -0.107576 0.101283 0.233777 0.021793 0.051757 0.164638 0.133746 0.128669 0.007214 0.224954 0.422818 0.067344 -0.259398 -0.056856 -0.134031 0.311701 0.088077 -0.078050 -0.161752 0.041400 0.122991 -0.033763 0.044357 -0.112105 -0.092543 -0.169930 0.002817 -0.392699 -0.228110 -0.218219 -0.010150 -0.158527 -0.374953 0.124661 -0.178993 0.001623 0.147385 0.073693 0.161549 0.529238 0.286621 0.044919 -0.001615 -0.094143 -0.219761 0.098804 0.048006 -0.425435 -0.388167 -0.096109 -0.292944 0.491807 -0.066987 -0.241093 -0.352199 -0.065694 -0.086685 0.114606 -0.060102 0.267107 -0.036597 -0.028800 0.097184 0.144351 0.044822 0.005838 -0.136551 0.191028 -0.005579 0.134810 -0.056589 -0.084643 0.035444 -0.316154 -0.105324 -0.386621 -0.314863 0.131933 0.059857 0.267712 0.014481 0.113421 0.268401 -0.175518 -0.203711 -0.333789 -0.184775 0.044832 0.053352 0.159101 0.262102 -0.015031 -0.103902 -0.112318 -0.115732 0.039041 -0.171079 -0.043398 -0.039521
0.387543 1.000000 -0.381465 0.066821 -0.079455 -0.171902 0.090046 0.094958 -0.143486 0.021077 0.210885 0.346476 0.234453 0.425276 -0.281480 0.321005 0.302032 0.408299 0.114590 0.499479 -0.184238 -0.243857 -0.473961 -0.426629 -0.397452 -0.406447 -0.230654 -0.074724 0.527158 0.376646 0.072569 0.038221 -0.056826 0.522421 -0.451848 -0.259374 0.091533 0.178878 -0.039284 0.208497 0.171543 0.251974 -0.478000 -0.445199 -0.445617 -0.455234 -0.309828 -0.297893 -0.322025 -0.089308 -0.456209 -0.167098 -0.041430 0.052834 0.046027 -0.055446 0.147422 0.290092 -0.105715 -0.021294 0.091834 0.260559 0.471348 0.460897 -0.443395 -0.237158 -0.371332 -0.435913 0.189991 0.082079 -0.092318 0.064324 0.180406 0.191689 0.289748 0.261160 0.129652 0.214231 -0.152891 -0.000204 0.243996 0.280841 0.154106 0.393658 0.183058 0.139179 -0.244298 0.353703 -0.258840 -0.032242 0.175531 0.137816 0.092921 -0.146081 -0.170564 0.258816 -0.301125 -0.100989 0.072433 0.206491 0.083524 -0.094721 -0.055112 -0.340989 -0.241430 -0.201276 -0.213874 0.066937 -0.104980 -0.096337 -0.248580 0.006461 0.268014 -0.052926 -0.159788 -0.107544
-0.142571 -0.381465 1.000000 -0.160710 0.511196 0.081766 0.471925 0.236076 0.591267 0.055730 0.136907 -0.102473 -0.004990 -0.217617 0.116739 -0.280472 -0.139159 -0.356285 0.319159 -0.252931 -0.073423 0.014922 0.401973 0.343161 0.426531 0.317510 0.193473 0.013845 -0.231062 -0.376939 0.251455 -0.042332 0.100812 -0.353839 0.377305 0.288856 -0.240499 -0.301001 -0.292715 -0.282591 -0.270247 -0.270703 0.361731 0.281811 0.328034 0.203434 0.154941 0.286036 0.559400 -0.147645 0.434622 0.050751 0.008636 -0.072010 -0.128762 -0.071475 -0.198726 -0.408513 -0.028408 -0.210426 0.091291 -0.208104 -0.347604 -0.448123 0.593720 0.165156 0.111301 0.218610 -0.145624 -0.097065 -0.080417 -0.240020 -0.270435 -0.167157 -0.169178 -0.199783 -0.002158 -0.132814 -0.035322 -0.192160 -0.271733 -0.254884 -0.351385 -0.466345 -0.198446 -0.235904 -0.154217 -0.536527 0.093849 -0.065528 0.095538 0.096991 -0.037842 0.356143 -0.070592 -0.220190 0.265480 -0.068810 0.000845 -0.136007 -0.141628 0.211738 -0.136620 0.131956 0.110083 0.084711 0.019713 -0.099276 -0.056411 0.078328 0.262384 0.045757 -0.160434 0.052955 0.045905 0.119345
0.158138 0.066821 -0.160710 1.000000 -0.079170 0.249621 -0.141753 0.056786 -0.227230 0.232043 -0.121764 0.179870 0.092977 0.030847 0.220630 0.173234 -0.228444 -0.052940 0.142684 0.308504 -0.143505 -0.014976 0.388658 0.501390 0.178509 0.175330 0.033232 0.081863 -0.108546 -0.156286 0.178262 0.378593 0.046543 0.067553 0.078422 0.064671 0.012805 -0.162857 -0.066098 0.010500 -0.210734 0.007252 -0.146522 -0.140880 -0.109639 -0.056529 -0.126769 -0.138614 -0.326097 -0.121482 0.107396 -0.236406 -0.018904 0.101873 -0.046851 -0.205760 0.029435 -0.013815 -0.187099 -0.057253 -0.197396 -0.054044 0.076704 -0.015758 -0.097300 0.116004 -0.251030 -0.162205 0.195063 -0.056331 -0.101752 0.004904 -0.067166 -0.177862 -0.093713 0.019050 -0.215110 -0.070032 0.014730 -0.231151 -0.082454 -0.106371 0.227780 0.127790 0.146690 0.125793 0.300345 0.084152 0.242387 0.252603 -0.066406 -0.100256 0.057783 -0.108789 -0.067707 -0.127922 0.075295 -0.120697 0.068050 -0.037247 0.008589 -0.294015 -0.230356 -0.258586 -0.072188 -0.252109 -0.019061 -0.150802 -0.291672 -0.239148 -0.110026 -0.045694 -0.273530 -0.044405 0.094078 -0.118621
-0.283485 -0.079455 0.511196 -0.079170 1.000000 -0.316420 0.565971 0.313411 0.734026 0.289239 0.161501 -0.055955 -0.110331 -0.047531 -0.052107 0.027314 0.157020 -0.057208 0.309622 0.085458 -0.024364 -0.291847 -0.025979 -0.074449 0.136035 -0.022834 0.052333 -0.288230 0.053612 0.073266 0.428334 0.200438 -0.342811 -0.117371 -0.020376 0.162851 -0.021077 -0.057999 -0.299134 -0.102291 -0.006064 -0.257705 -0.030503 -0.258202 0.378686 -0.087869 -0.104178 -0.144990 0.241847 0.024531 -0.067803 -0.157079 0.060904 0.057902 -0.121470 -0.408461 -0.289460 -0.186430 0.085897 -0.058459 0.272132 0.098966 0.120795 -0.010568 0.366231 0.189254 0.049699 0.104152 -0.281211 0.072255 0.190719 0.006026 0.049116 -0.043953 -0.034756 0.009120 -0.000233 0.085200 -0.166252 -0.301146 -0.052115 0.002451 -0.073140 -0.111678 -0.142542 -0.274910 -0.389168 -0.359574 -0.143100 -0.333858 0.392669 0.295843 0.362519 0.405524 -0.277675 0.120393 -0.286568 -0.304176 0.118272 -0.136696 0.188696 0.338305 0.072579 0.017059 -0.084600 -0.120963 -0.280538 -0.058013 0.040058 0.090576 0.082817 0.125918 0.038573 -0.015580 -0.153133 0.019927
0.385566 -0.171902 0.081766 0.249621 -0.316420 1.000000 -0.476500 -0.420254 -0.458077 -0.168791 -0.400558 -0.338056 -0.033878 -0.308804 0.174628 -0.381675 -0.413363 -0.322310 -0.137360 -0.076375 0.160494 0.524656 0.461312 0.552186 0.624917 0.626987 0.745056 0.857254 -0.374497 -0.517862 -0.101627 -0.079672 0.340084 -0.172972 0.301419 0.170056 -0.013930 -0.211488 0.169658 0.031151 -0.178966 0.013301 0.108693 0.419532 -0.171274 0.197111 -0.157807 0.088117 0.012667 -0.285592 0.479490 0.173352 -0.110192 0.086928 0.049682 0.378113 0.365896 0.220290 -0.109898 -0.119800 -0.386168 -0.479449 -0.425674 -0.355080 -0.208283 -0.181598 0.019249 0.037378 0.544779 -0.011092 -0.182891 -0.388106 -0.158093 -0.401593 -0.318854 -0.429437 -0.233418 -0.380138 0.234736 0.117951 0.038756 -0.093553 -0.205205 -0.263950 0.174402 0.108969 0.469438 -0.119890 0.109263 0.159570 -0.570277 -0.210440 -0.448310 -0.298090 0.486549 -0.199119 0.568180 0.234510 -0.189879 -0.005403 -0.401824 -0.458267 -0.500972 -0.196445 0.274324 0.275802 0.386187 0.076960 -0.033370 -0.110935 -0.006324 -0.363358 -0.329019 0.060054 0.230645 0.026441
-0.230772 0.090046 0.471925 -0.141753 0.565971 -0.476500 1.000000 0.418334 0.798468 0.255214 0.603116 0.379270 0.412601 0.421453 0.168845 0.369889 0.317302 0.294310 0.311019 -0.087172 -0.256310 -0.430304 -0.073449 -0.155057 -0.175455 -0.390434 -0.269184 -0.441110 0.348769 0.181950 0.192792 0.076519 -0.254172 0.108391 -0.146394 -0.077127 -0.142638 -0.125122 -0.332197 -0.186797 -0.002256 -0.121896 -0.066537 -0.372558 0.031828 -0.326445 -0.147962 -0.156697 0.161576 0.009084 -0.104664 -0.218393 0.131795 -0.080136 -0.050758 -0.398321 -0.335305 -0.343699 0.084996 -0.017107 0.537842 0.337457 0.333607 0.256298 0.492122 0.140535 -0.153982 -0.215013 -0.517714 -0.243296 -0.052448 -0.052352 0.015769 0.051586 0.180749 0.167423 0.090223 0.021436 -0.250728 -0.183362 -0.102027 0.062128 0.119959 0.118620 -0.060338 -0.063789 -0.256884 -0.104326 0.077493 -0.004814 0.332122 0.170533 0.271749 0.359326 -0.464481 0.071915 -0.335017 -0.499923 0.085793 -0.163896 0.179177 0.317923 0.095294 -0.120398 -0.246199 -0.298787 -0.291220 -0.079948 -0.095990 -0.039970 -0.156197 0.024934 0.032946 -0.123062 -0.252935 -0.070528
-0.296532 0.094958 0.236076 0.056786 0.313411 -0.420254 0.418334 1.000000 0.479047 0.660299 0.135028 0.426995 0.049667 0.415148 -0.170639 0.407967 -0.027879 0.359088 0.117490 -0.250163 -0.126103 -0.382264 -0.274296 -0.224844 -0.241662 -0.218930 -0.402743 -0.567387 -0.050993 0.227761 0.135626 0.025681 0.003548 0.078736 0.044536 0.268744 -0.206834 -0.069308 -0.336018 -0.266300 -0.095051 0.104134 0.152281 -0.096618 0.188752 0.015910 0.156711 0.134099 0.099836 0.279212 -0.210923 0.133763 0.048995 -0.182920 -0.238941 -0.244439 -0.390394 -0.443672 -0.253829 -0.079309 0.108106 0.597976 0.023494 0.087430 0.455264 0.639544 -0.271779 0.060843 -0.487860 -0.313191 -0.246814 0.152127 -0.152331 0.239283 0.160297 0.284488 0.129824 0.230433 -0.387149 -0.358053 -0.424830 -0.278034 -0.264199 0.005841 -0.229633 -0.042976 -0.264968 -0.187872 -0.027861 0.025843 0.301471 -0.053893 0.337936 0.205352 -0.559217 -0.066041 -0.234644 -0.178848 0.055191 -0.174017 0.413348 0.346928 0.373300 0.118839 -0.150480 -0.274164 -0.136227 -0.139091 -0.237052 -0.242173 -0.022614 0.075448 -0.047414 0.081968 -0.035886 -0.139054
-0.344072 -0.143486 0.591267 -0.227230 0.734026 -0.458077 0.798468 0.479047 1.000000 0.387929 0.470738 0.174188 0.228564 0.171534 0.239634 0.187825 0.130976 0.076274 0.277893 -0.149194 -0.175737 -0.328473 0.008219 -0.068242 0.009506 -0.209833 -0.233919 -0.433700 0.169012 0.074766 0.239871 0.054975 -0.315530 -0.156352 0.004922 0.035842 -0.248006 -0.173924 -0.387874 -0.356039 -0.113870 -0.196938 0.118114 -0.203928 0.273352 -0.121362 -0.052586 -0.052309 0.354899 0.092546 0.093272 -0.038525 0.146296 -0.024839 -0.206141 -0.475295 -0.448417 -0.420777 0.046518 -0.056227 0.327471 0.247662 0.060095 -0.049164 0.641320 0.299605 -0.090334 -0.002603 -0.473541 -0.241664 0.041024 -0.091185 -0.149861 0.031876 -0.010660 0.043237 0.111554 0.018279 -0.304161 -0.303280 -0.248584 -0.097443 0.033648 -0.048852 -0.118469 -0.147074 -0.340823 -0.290892 0.081336 -0.171448 0.366038 0.209150 0.367582 0.542849 -0.379004 -0.057838 -0.301079 -0.467693 0.079475 -0.149296 0.265659 0.442859 0.269111 0.181739 -0.063126 -0.103964 -0.194168 -0.116308 -0.018310 -0.040280 -0.040970 0.064411 -0.064288 0.022799 -0.102318 0.012678
-0.261588 0.021077 0.055730 0.232043 0.289239 -0.168791 0.255214 0.660299 0.387929 1.000000 0.076740 0.401279 0.156597 0.343807 0.206354 0.582423 -0.133640 0.351400 -0.198160 -0.125866 -0.187086 -0.189308 -0.003505 0.069382 -0.029574 -0.137296 -0.247509 -0.311471 -0.127449 0.180691 0.024969 0.107206 -0.263827 -0.154026 0.025205 0.163002 -0.187007 -0.295828 -0.344697 -0.315066 -0.194245 -0.111893 0.091515 -0.145844 0.104529 0.032178 -0.055369 -0.109038 -0.019052 0.281803 -0.075181 0.076925 -0.006296 -0.183489 -0.151599 -0.272548 -0.398369 -0.357570 -0.163463 0.039905 -0.026525 0.417709 -0.061997 -0.028991 0.334212 0.602327 -0.341635 -0.047549 -0.369784 -0.253302 -0.144047 0.046275 -0.241902 -0.001564 -0.123682 0.054841 -0.180733 0.048580 -0.311589 -0.362855 -0.340829 -0.276678 -0.004736 0.243602 -0.039657 0.062649 -0.037038 -0.029493 0.217634 0.167242 0.202933 0.004942 0.482021 0.216834 -0.326310 -0.154257 -0.248063 -0.275746 -0.004110 -0.176718 0.441742 0.098057 0.203428 -0.023287 0.009927 -0.161252 -0.045824 -0.295885 -0.149623 -0.244171 -0.208643 -0.051353 -0.108389 0.179452 0.150632 -0.027868
-0.023005 0.210885 0.136907 -0.121764 0.161501 -0.400558 0.603116 0.135028 0.470738 0.076740 1.000000 0.500673 0.706078 0.590371 0.267183 0.369755 0.378672 0.372471 0.278556 0.097071 -0.354238 -0.451540 -0.022643 -0.151692 -0.243827 -0.564932 -0.372775 -0.262174 0.555719 0.085122 0.027022 -0.102499 -0.275437 0.062275 -0.204341 -0.250305 -0.104758 -0.029507 -0.189710 -0.082339 0.018881 0.027159 -0.236402 -0.430438 -0.186060 -0.312889 -0.276771 -0.234133 0.212301 0.122084 -0.079915 -0.010744 0.201088 -0.173789 0.025903 -0.351802 -0.332941 -0.335220 0.331409 0.181611 0.579879 0.300838 0.375682 0.259532 0.241320 0.145528 0.013828 -0.123198 -0.394474 -0.239998 -0.111653 -0.086570 -0.009526 0.113699 0.239168 0.269432 0.233324 0.020034 -0.411711 -0.163420 -0.058625 -0.016171 0.344632 0.137985 -0.039334 -0.040817 -0.183999 0.000332 0.100537 0.043936 0.338125 0.246136 0.193467 0.275202 -0.393394 0.165955 -0.324610 -0.486599 0.112751 -0.089467 0.036377 0.226597 0.142429 0.072460 -0.406002 -0.454450 -0.403889 -0.021956 -0.024997 -0.063922 -0.085386 0.017806 -0.042960 -0.212735 -0.385179 -0.232838
-0.057181 0.346476 -0.102473 0.179870 -0.055955 -0.338056 0.379270 0.426995 0.174188 0.401279 0.500673 1.000000 0.561385 0.772094 0.095681 0.632081 -0.057296 0.481253 -0.040144 0.088230 -0.247505 -0.376691 -0.102778 -0.045525 -0.347640 -0.357788 -0.453273 -0.409611 0.336090 0.305384 0.106853 0.190079 -0.150494 0.239972 -0.016195 0.116028 -0.154737 -0.056945 -0.134744 -0.091259 -0.032133 0.148504 -0.071189 -0.260797 -0.112569 -0.146626 -0.060363 -0.068019 -0.105270 0.090829 -0.254105 -0.054533 -0.070098 -0.393789 -0.018945 -0.223988 -0.380141 -0.526474 -0.187193 -0.166383 0.128745 0.335239 0.170668 0.127090 0.232905 0.376928 -0.380298 -0.173330 -0.393578 -0.321896 -0.153438 0.255044 -0.138575 0.235778 0.246205 0.422691 0.120936 0.306283 -0.397738 -0.355202 -0.358910 -0.243680 0.244306 0.397695 0.020760 0.312566 0.042752 0.264432 0.193610 0.365547 0.183148 -0.021685 0.375578 0.239586 -0.450025 0.148305 -0.196937 -0.252826 -0.030577 -0.127788 0.313605 0.122939 0.094783 -0.211953 -0.381668 -0.479451 -0.305827 -0.176862 -0.275091 -0.174275 -0.091561 0.042707 -0.105159 -0.088234 -0.217243 -0.150373
0.131964 0.234453 -0.004990 0.092977 -0.110331 -0.033878 0.412601 0.049667 0.228564 0.156597 0.706078 0.561385 1.000000 0.631202 0.473884 0.410104 0.045567 0.312985 0.072112 0.044894 -0.449711 -0.338688 0.130666 0.105213 -0.116892 -0.327856 -0.243998 -0.024536 0.450084 -0.110234 -0.087187 -0.087534 -0.117516 0.087670 -0.168360 -0.132798 -0.222351 -0.230282 -0.190495 -0.243810 -0.085033 0.024050 -0.161189 -0.277094 -0.272747 -0.238616 -0.347167 -0.188805 0.139191 0.054809 0.093822 0.108799 0.196234 -0.143230 -0.001357 -0.272155 -0.196489 -0.247025 0.078976 0.038872 0.261857 0.201736 0.212919 0.085781 0.191813 0.115066 -0.240158 -0.270365 -0.188472 -0.304453 -0.267554 -0.225980 -0.149912 -0.152184 0.078411 -0.010302 -0.010038 -0.182520 -0.243768 -0.248867 -0.085091 -0.101948 0.433740 0.259025 0.246186 0.248450 0.147295 0.119409 0.318365 0.308855 0.085176 0.071103 0.088051 0.164292 -0.204455 -0.059054 -0.111680 -0.448074 0.017780 -0.107285 0.039513 -0.000569 -0.036283 -0.106653 -0.188423 -0.295111 -0.065998 0.040554 -0.141729 -0.269751 -0.287257 -0.201144 -0.317997 -0.137370 -0.157997 -0.241549
-0.102823 0.425276 -0.217617 0.030847 -0.047531 -0.308804 0.421453 0.415148 0.171534 0.343807 0.590371 0.772094 0.631202 1.000000 0.066944 0.674334 0.218625 0.744908 -0.036112 0.042640 -0.178459 -0.430691 -0.250356 -0.241238 -0.370847 -0.535193 -0.373345 -0.314133 0.489860 0.383713 -0.084206 -0.040481 -0.243358 0.281750 -0.169265 0.000944 0.010780 0.042150 -0.030735 0.030650 0.148865 0.313290 -0.293535 -0.478332 -0.209873 -0.319936 -0.316584 -0.301376 -0.058377 0.214182 -0.311916 0.074016 0.089485 -0.232173 0.040548 -0.190570 -0.292766 -0.286911 -0.008952 0.035940 0.337530 0.520591 0.324517 0.433306 0.070157 0.283004 -0.351356 -0.273135 -0.390488 -0.360191 -0.116635 0.088500 0.085808 0.200884 0.341583 0.446954 0.132942 0.157377 -0.350529 -0.233162 -0.116346 -0.021230 0.282549 0.377546 0.085409 0.190449 0.052858 0.208431 0.101846 0.270115 0.218774 0.065799 0.276577 0.099595 -0.408691 0.197229 -0.344105 -0.414134 0.081181 -0.065822 0.264666 0.030323 0.154735 -0.207778 -0.457871 -0.565170 -0.335870 -0.126179 -0.189981 -0.279840 -0.270048 -0.072846 -0.049469 -0.164729 -0.309503 -0.250756
0.039355 -0.281480 0.116739 0.220630 -0.052107 0.174628 0.168845 -0.170639 0.239634 0.206354 0.267183 0.095681 0.473884 0.066944 1.000000 0.278984 -0.232806 0.057004 -0.021030 -0.041081 -0.288494 0.006504 0.652279 0.547962 0.273131 -0.038963 0.074838 0.194146 -0.048126 -0.398168 -0.113720 0.109364 -0.190377 -0.303224 0.069551 -0.076965 -0.105104 -0.364324 -0.103810 -0.287670 -0.212973 -0.195865 0.011780 -0.074376 -0.143498 -0.122795 -0.207354 -0.129510 0.042265 -0.116274 0.392715 -0.079160 0.164990 -0.061324 0.021765 -0.202016 -0.180778 -0.272736 0.099116 0.019849 0.046726 -0.070832 -0.049545 -0.214362 0.366084 0.062275 -0.153183 -0.278867 -0.130067 -0.323384 -0.125786 -0.371980 -0.314129 -0.399460 -0.340966 -0.241928 -0.137387 -0.321527 -0.043450 -0.123155 -0.106997 -0.152521 0.482457 0.132009 0.252498 0.218566 0.482855 0.115782 0.690755 0.384731 -0.255284 -0.073138 0.002133 0.168473 0.134169 -0.278271 0.094595 -0.423619 -0.020392 -0.138954 -0.020940 -0.211934 -0.201760 0.015537 0.077130 -0.003864 0.163324 -0.066311 -0.031091 -0.218144 -0.251174 -0.300399 -0.465784 -0.060197 0.128015 -0.028940
-0.175671 0.321005 -0.280472 0.173234 0.027314 -0.381675 0.369889 0.407967 0.187825 0.582423 0.369755 0.632081 0.410104 0.674334 0.278984 1.000000 0.137130 0.739029 0.005766 0.070906 -0.233360 -0.314245 -0.171371 -0.207549 -0.423715 -0.543094 -0.388264 -0.333567 0.303695 0.367695 0.044696 0.182732 -0.308597 0.165343 -0.376364 -0.209401 -0.051652 -0.172436 -0.124779 -0.082143 0.202958 0.164510 -0.275374 -0.500849 -0.285201 -0.390467 -0.255296 -0.385109 -0.309938 0.134207 -0.422653 -0.235037 0.125181 -0.210403 -0.069025 -0.289611 -0.325574 -0.303779 0.029177 0.194704 0.304432 0.587416 0.435062 0.408482 0.125304 0.244564 -0.366560 -0.462710 -0.452253 -0.248695 -0.186399 0.074733 -0.031951 0.060901 0.095160 0.301226 -0.125953 0.068012 -0.251165 -0.102225 -0.004610 0.033598 0.440054 0.695313 0.116213 0.293726 0.059267 0.472556 0.279541 0.397307 0.110168 -0.092407 0.296981 -0.046916 -0.298523 0.028115 -0.478232 -0.449323 -0.076529 -0.136537 0.394390 -0.060041 0.113206 -0.205797 -0.218697 -0.346671 -0.108894 -0.162605 -0.056645 -0.277150 -0.476256 -0.203929 -0.020352 0.074453 0.024571 -0.008945
-0.115848 0.302032 -0.139159 -0.228444 0.157020 -0.413363 0.317302 -0.027879 0.130976 -0.133640 0.378672 -0.057296 0.045567 0.218625 -0.232806 0.137130 1.000000 0.396798 0.224535 0.112462 -0.007761 -0.312940 -0.457972 -0.550068 -0.395977 -0.548041 -0.268221 -0.279950 0.404650 0.343326 -0.130296 -0.242653 -0.069508 0.233890 -0.411147 -0.422579 0.305365 0.223000 -0.108670 0.160372 0.284266 0.140473 -0.212681 -0.359863 -0.122095 -0.320773 -0.054515 -0.184932 -0.035182 0.135501 -0.328411 -0.100577 0.254213 0.235248 0.114790 -0.101078 0.257560 0.456134 0.379593 0.376846 0.522229 0.316886 0.565225 0.680896 -0.213687 -0.177202 0.159857 -0.205854 -0.078099 0.176032 0.088489 0.002728 0.491621 0.127582 0.373917 0.201241 0.115058 -0.046572 0.034965 0.336421 0.439953 0.375520 0.047876 0.067801 -0.064545 -0.209665 -0.352715 0.012073 -0.290395 -0.204227 0.282577 0.210611 -0.133927 -0.238314 -0.183617 0.196706 -0.400582 -0.249966 0.144616 0.119930 -0.115409 -0.059760 0.101436 -0.084669 -0.264573 -0.297763 -0.339564 0.025779 0.095730 0.013061 -0.163821 0.124940 0.310176 -0.184651 -0.263886 -0.107499
-0.107576 0.408299 -0.356285 -0.052940 -0.057208 -0.322310 0.294310 0.359088 0.076274 0.351400 0.372471 0.481253 0.312985 0.744908 0.057004 0.739029 0.396798 1.000000 -0.065022 -0.043917 -0.015217 -0.300412 -0.371715 -0.409453 -0.451507 -0.637942 -0.280843 -0.232467 0.354919 0.477986 -0.172682 -0.072127 -0.322482 0.208100 -0.327190 -0.190142 0.180909 0.102493 0.020752 0.104482 0.280096 0.331180 -0.347686 -0.535191 -0.314699 -0.440008 -0.278938 -0.385347 -0.209341 0.202843 -0.438522 -0.042605 0.076434 -0.141694 0.095149 -0.100060 -0.113563 -0.026252 0.083298 0.217257 0.351116 0.641022 0.453842 0.612762 -0.058448 0.165880 -0.252315 -0.386028 -0.348235 -0.232850 -0.067763 0.024691 0.203430 0.222528 0.285714 0.451627 0.150289 0.196282 -0.288871 0.039118 0.067298 0.147673 0.226281 0.464468 0.018286 0.081372 0.028934 0.308631 0.056658 0.234840 0.148356 0.034243 0.190093 -0.085071 -0.304786 0.245361 -0.471584 -0.374621 -0.038883 -0.131764 0.350840 -0.025612 0.165626 -0.187466 -0.342229 -0.414444 -0.241321 -0.083011 -0.102990 -0.227201 -0.380879 -0.221758 0.067728 -0.075760 -0.167109 -0.116261
0.101283 0.114590 0.319159 0.142684 0.309622 -0.137360 0.311019 0.117490 0.277893 -0.198160 0.278556 -0.040144 0.072112 -0.036112 -0.021030 0.005766 0.224535 -0.065022 1.000000 0.403039 -0.080498 -0.207474 -0.030874 -0.061645 -0.168980 -0.115469 -0.072953 -0.067575 0.195727 -0.149412 0.447910 0.170607 0.100259 0.160342 -0.368659 -0.292096 -0.117486 -0.165348 -0.289248 -0.063135 -0.096159 -0.016369 -0.092359 -0.253871 -0.181306 -0.396088 -0.071825 -0.081940 -0.030573 -0.265165 -0.091488 -0.287249 0.192522 0.170072 -0.258317 -0.349433 0.024851 -0.060330 0.057049 0.040812 0.279356 0.116774 0.348434 0.152182 0.171576 -0.140504 0.119798 -0.232305 0.084758 0.237732 -0.181947 -0.108426 0.056355 -0.059298 0.089901 0.023744 -0.066546 -0.101035 0.094756 -0.112515 0.128542 0.054850 0.138486 -0.062876 -0.051920 -0.118085 -0.233774 -0.021981 -0.016550 -0.027769 0.155783 0.042900 -0.131508 -0.065374 -0.101225 -0.135883 -0.170062 -0.167858 -0.115240 -0.090587 -0.145071 0.004118 -0.081720 -0.005577 -0.149242 -0.127389 -0.027035 0.115687 0.043878 -0.133466 -0.086681 -0.059782 -0.139757 0.066196 0.014357 -0.001067
0.233777 0.499479 -0.252931 0.308504 0.085458 -0.076375 -0.087172 -0.250163 -0.149194 -0.125866 0.097071 0.088230 0.044894 0.042640 -0.041081 0.070906 0.112462 -0.043917 0.403039 1.000000 -0.145523 -0.102138 -0.087979 -0.043974 -0.105869 -0.100900 -0.143473 0.016521 0.375594 0.082164 0.302830 0.388399 -0.128243 0.401389 -0.347216 -0.183479 0.078487 -0.023696 -0.003788 0.249278 -0.045429 -0.055293 -0.442022 -0.438299 -0.293099 -0.387353 -0.242701 -0.321304 -0.342950 -0.194769 -0.318118 -0.302142 -0.120096 0.079391 -0.032236 -0.299553 -0.025528 0.149304 -0.026853 -0.084171 -0.064980 -0.145530 0.233735 0.096479 -0.333278 -0.302009 -0.125024 -0.241304 0.393382 0.491273 0.160954 0.191927 0.102521 -0.028650 -0.053459 0.088196 -0.155748 0.143291 0.112114 -0.226223 0.251887 0.153565 0.445770 0.267498 0.130822 -0.030085 -0.165974 0.352897 -0.001374 -0.028723 0.217876 0.232575 0.192201 0.048083 0.067579 0.078466 -0.212172 0.043548 -0.103474 0.120713 -0.083326 -0.184572 -0.228100 -0.274528 -0.212936 -0.130939 -0.179716 0.031817 0.022591 0.101910 0.010904 0.043352 0.139056 -0.017959 -0.083032 -0.076845
0.021793 -0.184238 -0.073423 -0.143505 -0.024364 0.160494 -0.256310 -0.126103 -0.175737 -0.187086 -0.354238 -0.247505 -0.449711 -0.178459 -0.288494 -0.233360 -0.007761 -0.015217 -0.080498 -0.145523 1.000000 0.486945 -0.032660 -0.076640 0.060628 0.204400 0.402334 0.152658 -0.174222 0.152570 0.098320 -0.077603 -0.013659 -0.149001 0.126027 0.023104 0.091095 0.313268 0.320856 0.186096 0.188208 0.215726 0.098483 0.179253 0.105620 0.109822 0.076608 0.028038 -0.100249 -0.063864 -0.063131 0.022632 -0.216597 0.036593 0.011062 0.318455 0.190975 0.195488 -0.092281 -0.039908 -0.167370 -0.109839 -0.108125 0.036545 -0.232259 -0.107406 0.105911 0.131839 0.120838 -0.006371 0.252010 0.114984 0.128998 0.209311 -0.063728 0.111028 0.109389 0.225253 0.046127 0.243190 -0.068601 0.020409 -0.372881 -0.228266 -0.291008 -0.259155 -0.015995 -0.234718 -0.372547 -0.260519 -0.217717 -0.143295 -0.097702 -0.020201 0.154559 0.102950 0.042302 0.191532 -0.122731 -0.048506 0.050775 0.047021 0.117774 0.067186 0.190920 0.161577 0.097264 0.123156 -0.035042 0.222746 0.054120 0.005079 0.130415 0.074870 -0.010726 0.102544
0.051757 -0.243857 0.014922 -0.014976 -0.291847 0.524656 -0.430304 -0.382264 -0.328473 -0.189308 -0.451540 -0.376691 -0.338688 -0.430691 0.006504 -0.314245 -0.312940 -0.300412 -0.207474 -0.102138 0.486945 1.000000 0.184014 0.215156 0.359788 0.504676 0.527233 0.540133 -0.317045 -0.222518 -0.047983 -0.031582 0.111548 -0.210371 0.155903 -0.064138 -0.233023 -0.228111 0.184324 -0.021022 -0.034544 -0.107968 0.035002 0.364997 -0.048356 0.263723 -0.088444 -0.071727 -0.023726 -0.026508 0.224715 0.203277 -0.222268 -0.019707 -0.120492 0.250455 0.126338 0.167409 -0.122078 -0.010090 -0.376776 -0.343272 -0.376657 -0.317811 -0.172454 -0.145867 0.057395 0.172473 0.363682 0.125617 0.174479 -0.065310 -0.164453 -0.156661 -0.451791 -0.342022 -0.343559 -0.243165 0.233236 0.231884 0.044564 0.010360 -0.183869 -0.049270 0.019286 0.016564 0.116133 -0.026929 -0.065715 0.016743 -0.454830 -0.222926 -0.188290 -0.158651 0.536135 -0.069312 0.193996 0.215682 -0.416335 -0.056590 -0.282958 -0.262030 -0.137684 -0.010025 0.536683 0.561778 0.488121 -0.002648 0.121123 0.291250 -0.121173 -0.270476 0.040783 0.181604 0.424713 0.330297
0.164638 -0.473961 0.401973 0.388658 -0.025979 0.461312 -0.073449 -0.274296 0.008219 -0.003505 -0.022643 -0.102778 0.130666 -0.250356 0.652279 -0.171371 -0.457972 -0.371715 -0.030874 -0.087979 -0.032660 0.184014 1.000000 0.874477 0.587422 0.410198 0.365961 0.385952 -0.298502 -0.556311 0.143642 0.200717 0.031573 -0.419402 0.435816 0.171602 -0.003032 -0.268578 0.049386 -0.148520 -0.344598 -0.208320 0.263434 0.276250 0.097564 0.158249 0.007852 0.156442 0.117140 -0.334330 0.646061 -0.137580 -0.040159 -0.004839 0.093178 0.078706 -0.060357 -0.310957 -0.012602 -0.250419 -0.181648 -0.478465 -0.341844 -0.505962 0.266676 0.005040 -0.003092 -0.000078 0.048621 -0.264377 -0.086090 -0.351043 -0.235153 -0.330385 -0.355998 -0.215329 -0.056255 -0.211582 0.080585 -0.136976 -0.163892 -0.229097 0.103842 -0.253442 0.096853 -0.002151 0.519896 -0.230543 0.469124 0.217343 -0.316099 -0.090514 -0.130998 0.158460 0.214788 -0.212516 0.509489 -0.080915 0.098811 -0.063238 -0.205940 -0.219135 -0.402188 -0.040916 0.114844 0.023156 0.129024 -0.094732 -0.063012 -0.025745 0.147032 -0.079115 -0.407251 -0.044581 0.056302 0.028160
0.133746 -0.426629 0.343161 0.501390 -0.074449 0.552186 -0.155057 -0.224844 -0.068242 0.069382 -0.151692 -0.045525 0.105213 -0.241238 0.547962 -0.207549 -0.550068 -0.409453 -0.061645 -0.043974 -0.076640 0.215156 0.874477 1.000000 0.608435 0.534131 0.347975 0.369161 -0.311344 -0.548655 0.056997 0.237192 0.064259 -0.394115 0.414645 0.246117 -0.006389 -0.311626 0.048581 -0.088912 -0.367871 -0.190281 0.239955 0.280667 0.031009 0.130171 0.034154 0.149680 0.079358 -0.344311 0.618886 -0.094886 -0.109741 -0.043144 0.104148 0.084843 -0.052311 -0.271129 -0.143378 -0.297621 -0.317748 -0.510060 -0.467622 -0.607211 0.202626 0.032405 -0.113984 -0.016831 0.176352 -0.183302 -0.051428 -0.294795 -0.228442 -0.403722 -0.337089 -0.294239 -0.198886 -0.230370 0.187377 -0.193016 -0.238289 -0.308021 0.090390 -0.231024 0.113581 0.077930 0.536739 -0.199614 0.443748 0.265992 -0.271946 -0.025880 -0.055927 0.209074 0.285364 -0.244231 0.575734 0.053567 0.061181 -0.013511 -0.223422 -0.268888 -0.475137 -0.109313 0.166619 0.070694 0.158998 -0.098235 -0.133381 -0.064790 0.171250 -0.073095 -0.429324 -0.000184 0.149926 0.009261
0.128669 -0.397452 0.426531 0.178509 0.136035 0.624917 -0.175455 -0.241662 0.009506 -0.029574 -0.243827 -0.347640 -0.116892 -0.370847 0.273131 -0.423715 -0.395977 -0.451507 -0.168980 -0.105869 0.060628 0.359788 0.587422 0.608435 1.000000 0.704109 0.620159 0.514714 -0.356436 -0.459803 0.000215 -0.000440 0.111566 -0.329447 0.575194 0.458727 -0.029587 -0.168504 -0.015162 -0.105228 -0.225794 -0.179099 0.235859 0.452840 0.248165 0.366277 0.053057 0.221521 0.293253 -0.182271 0.634491 0.122966 -0.117412 0.051393 0.049581 0.081632 0.039115 -0.068162 -0.096198 -0.283550 -0.297283 -0.576218 -0.528720 -0.537543 0.094173 -0.009585 -0.002137 0.254615 0.285101 -0.151952 0.070832 -0.260371 -0.171089 -0.273230 -0.345046 -0.333725 -0.050783 -0.189993 0.214048 -0.108337 -0.093608 -0.153740 -0.261631 -0.435001 0.035624 -0.120289 0.223750 -0.458290 0.154281 -0.056489 -0.184940 0.096470 -0.123883 0.163137 0.229673 -0.085716 0.503887 0.050535 0.019014 -0.011011 -0.260870 -0.148854 -0.359269 0.035558 0.213647 0.146118 0.100219 -0.163234 -0.034394 0.146075 0.273980 -0.021819 -0.192469 -0.022685 0.074551 0.030131
0.007214 -0.406447 0.317510 0.175330 -0.022834 0.626987 -0.390434 -0.218930 -0.209833 -0.137296 -0.564932 -0.357788 -0.327856 -0.535193 -0.038963 -0.543094 -0.548041 -0.637942 -0.115469 -0.100900 0.204400 0.504676 0.410198 0.534131 0.704109 1.000000 0.548150 0.418163 -0.403512 -0.332117 0.252567 0.286141 0.337736 -0.119609 0.521952 0.521110 -0.063040 -0.110842 0.035036 -0.125797 -0.125714 -0.010968 0.366793 0.641492 0.314164 0.458430 0.196741 0.359782 0.084679 -0.294516 0.448498 0.073882 -0.319578 -0.033160 -0.198350 0.138928 0.042009 -0.054810 -0.421778 -0.479837 -0.596924 -0.664239 -0.562380 -0.621373 0.051193 -0.087566 -0.031069 0.312639 0.305829 0.037067 0.047324 0.062226 -0.148046 -0.120601 -0.281613 -0.343617 -0.146516 -0.076080 0.372226 -0.056426 -0.087834 -0.099471 -0.288693 -0.269380 0.088549 0.103462 0.165859 -0.251824 -0.021683 -0.099798 -0.301393 -0.179544 -0.206741 0.010214 0.333928 -0.207022 0.528197 0.360191 -0.143899 -0.069742 -0.283086 -0.089491 -0.288120 0.010239 0.347793 0.335417 0.243336 -0.189370 -0.038305 0.159522 0.290569 0.046386 -0.178021 0.198637 0.274224 0.177612
0.224954 -0.230654 0.193473 0.033232 0.052333 0.745056 -0.269184 -0.402743 -0.233919 -0.247509 -0.372775 -0.453273 -0.243998 -0.373345 0.074838 -0.388264 -0.268221 -0.280843 -0.072953 -0.143473 0.402334 0.527233 0.365961 0.347975 0.620159 0.548150 1.000000 0.773452 -0.255058 -0.272905 0.060540 -0.047488 0.085062 -0.206709 0.224408 0.130101 0.077762 -0.058357 0.204044 0.112839 0.002196 -0.000353 0.043204 0.305012 -0.057144 0.122157 -0.139760 0.012908 -0.005256 -0.305036 0.326764 0.045594 -0.144417 0.172452 0.161572 0.370276 0.351219 0.233268 -0.049225 -0.106543 -0.197463 -0.427956 -0.323237 -0.206288 -0.208272 -0.273673 0.149484 0.092859 0.369083 -0.005008 0.050976 -0.330051 0.025205 -0.336067 -0.313597 -0.379824 -0.193060 -0.255987 0.200926 0.250366 0.130698 0.064067 -0.305646 -0.285344 0.016818 -0.060127 0.319430 -0.241410 -0.101131 -0.096594 -0.398617 -0.075372 -0.311498 -0.126285 0.356085 -0.043416 0.372228 0.141936 -0.053703 -0.051954 -0.252586 -0.186807 -0.351636 -0.087929 0.270179 0.276655 0.237929 0.099268 -0.000312 0.135959 0.050314 -0.220528 -0.076803 0.017435 0.070019 0.084085
0.422818 -0.074724 0.013845 0.081863 -0.288230 0.857254 -0.441110 -0.567387 -0.433700 -0.311471 -0.262174 -0.409611 -0.024536 -0.314133 0.194146 -0.333567 -0.279950 -0.232467 -0.067575 0.016521 0.152658 0.540133 0.385952 0.369161 0.514714 0.418163 0.773452 1.000000 -0.216246 -0.468112 -0.116733 -0.136363 0.121806 -0.169035 0.131127 -0.040838 0.007096 -0.131826 0.222135 0.110361 -0.055648 -0.002830 -0.062320 0.248319 -0.249041 0.080855 -0.287645 -0.070628 0.025390 -0.248791 0.376586 0.124330 -0.053616 0.137025 0.114114 0.371825 0.414544 0.294173 0.087945 0.054280 -0.205837 -0.398685 -0.296473 -0.231050 -0.272431 -0.292341 0.174242 0.011288 0.550981 0.087731 -0.109889 -0.442207 -0.125838 -0.387834 -0.341508 -0.418446 -0.184914 -0.384171 0.169953 0.167089 0.164973 -0.001216 -0.086540 -0.182935 0.131039 0.017587 0.342770 -0.047861 0.104151 0.158852 -0.485891 -0.055537 -0.394090 -0.261378 0.487356 -0.124592 0.383434 0.107233 -0.209035 0.013434 -0.362183 -0.405881 -0.428947 -0.083764 0.205561 0.260516 0.303042 0.106080 0.005064 -0.034807 -0.078973 -0.385810 -0.182063 0.027014 0.157675 0.070198
0.067344 0.527158 -0.231062 -0.108546 0.053612 -0.374497 0.348769 -0.050993 0.169012 -0.127449 0.555719 0.336090 0.450084 0.489860 -0.048126 0.303695 0.404650 0.354919 0.195727 0.375594 -0.174222 -0.317045 -0.298502 -0.311344 -0.356436 -0.403512 -0.255058 -0.216246 1.000000 0.466652 0.203842 0.181645 -0.196451 0.544530 -0.429688 -0.333061 0.272457 0.248828 -0.041919 0.110699 0.313367 0.274023 -0.384603 -0.463023 -0.342368 -0.546621 -0.254292 -0.268348 -0.285312 -0.233946 -0.390709 -0.300285 -0.087891 -0.018052 0.002351 -0.233517 -0.112782 0.027309 -0.023856 -0.102644 0.205787 0.063418 0.495913 0.408066 -0.264712 -0.327042 -0.235502 -0.367885 -0.155910 -0.081470 -0.015352 0.072505 0.428686 0.161209 0.305061 0.322101 0.181943 0.177921 0.021006 0.021853 0.447871 0.499050 0.489590 0.472360 0.229236 0.122916 -0.162832 0.295470 -0.275868 -0.215180 0.270973 0.139701 0.121600 0.041935 -0.195777 0.308481 -0.299251 -0.175309 0.125895 0.064667 -0.027318 0.019776 0.034991 -0.213389 -0.293679 -0.290492 -0.351667 0.109530 -0.048978 0.028548 -0.106773 0.082436 0.281430 -0.120210 -0.350626 -0.189250
-0.259398 0.376646 -0.376939 -0.156286 0.073266 -0.517862 0.181950 0.227761 0.074766 0.180691 0.085122 0.305384 -0.110234 0.383713 -0.398168 0.367695 0.343326 0.477986 -0.149412 0.082164 0.152570 -0.222518 -0.556311 -0.548655 -0.459803 -0.332117 -0.272905 -0.468112 0.466652 1.000000 0.116416 0.184129 -0.342281 0.384417 -0.298646 -0.151150 0.291606 0.404691 0.082839 0.241809 0.397964 0.325304 -0.129565 -0.291264 -0.102286 -0.287997 0.034330 -0.144272 -0.389283 0.089085 -0.544678 -0.185110 -0.137548 0.041641 0.029222 -0.016924 -0.138535 0.090747 -0.249975 -0.108980 0.015756 0.223617 0.341119 0.516183 -0.309094 -0.142300 -0.329337 -0.222140 -0.307796 -0.092805 0.264185 0.450819 0.449366 0.526468 0.420299 0.499880 0.136757 0.387467 -0.043784 0.193992 0.223723 0.507587 0.112356 0.514219 0.082611 0.040644 -0.154546 0.344368 -0.371933 -0.291079 0.330118 0.029873 0.326146 0.063322 -0.326559 0.350199 -0.409677 0.032633 0.197180 0.099666 0.392579 0.284786 0.397519 -0.117199 -0.227284 -0.194966 -0.360120 -0.172683 -0.028084 0.107617 -0.048533 0.319472 0.486299 0.041022 -0.231162 0.023678
-0.056856 0.072569 0.251455 0.178262 0.428334 -0.101627 0.192792 0.135626 0.239871 0.024969 0.027022 0.106853 -0.087187 -0.084206 -0.113720 0.044696 -0.130296 -0.172682 0.447910 0.302830 0.098320 -0.047983 0.143642 0.056997 0.000215 0.252567 0.060540 -0.116733 0.203842 0.116416 1.000000 0.710989 0.034501 0.275976 -0.058846 0.088727 -0.004149 -0.050250 -0.055090 -0.041441 0.032515 0.061547 0.002821 -0.038030 0.102273 -0.098380 -0.018622 0.008911 -0.211094 -0.363330 -0.197562 -0.406919 -0.256701 -0.096987 -0.207785 -0.265955 -0.196053 -0.287051 -0.223398 -0.340140 0.007882 -0.126070 0.120488 -0.099006 0.168469 -0.044682 -0.094816 -0.019331 -0.183007 0.036432 -0.097783 0.243494 0.059092 0.126231 -0.021160 0.242509 0.034583 0.310291 -0.014212 -0.147138 -0.002986 0.063175 0.116286 0.189954 -0.078619 -0.050474 -0.143019 0.106752 -0.153657 -0.204908 0.014909 -0.152949 0.109231 0.088864 -0.173603 0.131837 -0.053619 0.033879 -0.081160 -0.129160 0.040292 0.132130 -0.109798 -0.246727 -0.136730 -0.165278 -0.212575 -0.041944 0.056418 0.148833 0.131960 0.087262 0.007577 0.038177 -0.091311 0.111001
-0.134031 0.038221 -0.042332 0.378593 0.200438 -0.079672 0.076519 0.025681 0.054975 0.107206 -0.102499 0.190079 -0.087534 -0.040481 0.109364 0.182732 -0.242653 -0.072127 0.170607 0.388399 -0.077603 -0.031582 0.200717 0.237192 -0.000440 0.286141 -0.047488 -0.136363 0.181645 0.184129 0.710989 1.000000 -0.163381 0.424099 0.039091 0.220740 0.143411 -0.030805 0.024009 0.069359 0.080926 0.105096 -0.063011 -0.136520 0.039086 -0.174237 -0.007404 -0.023246 -0.426609 -0.341617 -0.278178 -0.509107 -0.355979 -0.248070 -0.155441 -0.330428 -0.287190 -0.277025 -0.329891 -0.392989 -0.120533 -0.185192 0.094748 -0.102485 0.163100 -0.079656 -0.271140 -0.134099 -0.166539 0.026914 -0.007256 0.434695 0.022874 0.086412 -0.065251 0.216050 -0.088138 0.296593 0.040227 -0.174277 -0.012956 0.108339 0.450930 0.452304 0.098250 0.174340 0.124214 0.395341 0.147631 0.032807 -0.086891 -0.216848 0.182146 0.117474 -0.067454 0.141334 -0.045267 0.088715 -0.180794 -0.242468 0.028328 -0.058379 -0.188632 -0.347466 -0.198118 -0.194392 -0.234889 -0.185635 -0.011307 0.092845 0.103475 0.117999 -0.075868 -0.004253 -0.076926 0.045640
0.311701 -0.056826 0.100812 0.046543 -0.342811 0.340084 -0.254172 0.003548 -0.315530 -0.263827 -0.275437 -0.150494 -0.117516 -0.243358 -0.190377 -0.308597 -0.069508 -0.322482 0.100259 -0.128243 -0.013659 0.111548 0.031573 0.064259 0.111566 0.337736 0.085062 0.121806 -0.196451 -0.342281 0.034501 -0.163381 1.000000 0.197228 0.105626 0.055310 0.068460 0.004654 -0.014293 -0.108034 -0.012155 0.122612 0.196806 0.441220 -0.126726 0.177860 0.211207 0.360165 -0.066916 -0.263310 0.188346 0.083527 -0.052600 0.081455 -0.116169 0.256224 0.394574 0.104040 -0.166563 -0.139758 -0.266855 -0.231654 -0.172717 -0.154452 -0.116606 -0.103314 0.036702 0.069454 0.330273 0.025162 -0.296512 -0.114968 -0.011482 -0.062121 0.112426 -0.091382 0.085732 -0.141218 0.222391 0.256573 0.082701 -0.076975 -0.333386 -0.272001 0.032895 0.089339 0.017505 -0.127364 -0.205833 -0.033755 -0.366124 -0.365627 -0.512326 -0.483151 0.136666 -0.144016 0.458035 0.314369 0.016887 0.163287 -0.310623 -0.141788 -0.244219 -0.047053 0.189976 0.189564 0.314365 0.172568 0.097119 -0.011401 0.102870 -0.107651 -0.071388 -0.095037 0.130088 -0.065333
0.088077 0.522421 -0.353839 0.067553 -0.117371 -0.172972 0.108391 0.078736 -0.156352 -0.154026 0.062275 0.239972 0.087670 0.281750 -0.303224 0.165343 0.233890 0.208100 0.160342 0.401389 -0.149001 -0.210371 -0.419402 -0.394115 -0.329447 -0.119609 -0.206709 -0.169035 0.544530 0.384417 0.275976 0.424099 0.197228 1.000000 -0.234380 -0.041724 0.280743 0.236238 0.040817 0.144740 0.260950 0.365459 -0.209590 -0.194728 -0.240118 -0.285571 -0.068335 -0.035505 -0.510761 -0.222498 -0.537114 -0.272707 -0.230423 -0.101882 -0.153741 -0.156978 0.059315 0.084090 -0.326491 -0.263608 -0.001960 0.079386 0.394992 0.417983 -0.196379 -0.251329 -0.297495 -0.252762 -0.020291 0.025967 -0.133348 0.356057 0.362673 0.224454 0.330576 0.301214 0.068411 0.224299 0.058970 0.073266 0.342283 0.439992 0.248008 0.422629 0.198077 0.296009 -0.134138 0.418319 -0.239477 -0.067553 -0.103685 -0.248564 -0.092777 -0.283226 -0.154267 0.343983 -0.174319 0.121535 -0.106374 -0.057972 -0.117889 -0.100981 -0.045059 -0.348000 -0.321904 -0.213691 -0.220322 0.044531 0.012673 0.014459 -0.099405 0.054793 0.183936 -0.139602 -0.258401 -0.188009
-0.078050 -0.451848 0.377305 0.078422 -0.020376 0.301419 -0.146394 0.044536 0.004922 0.025205 -0.204341 -0.016195 -0.168360 -0.169265 0.069551 -0.376364 -0.411147 -0.327190 -0.368659 -0.347216 0.126027 0.155903 0.435816 0.414645 0.575194 0.521952 0.224408 0.131127 -0.429688 -0.298646 -0.058846 0.039091 0.105626 -0.234380 1.000000 0.747564 -0.019845 0.051765 0.091925 -0.138818 -0.210911 -0.021043 0.451475 0.547067 0.576545 0.634851 0.336589 0.488422 0.394298 -0.015297 0.457429 0.180274 -0.155508 -0.241551 0.040820 0.110752 -0.096797 -0.309277 -0.170794 -0.346968 -0.256150 -0.352837 -0.544927 -0.481384 0.362313 0.292309 0.080395 0.500228 -0.039486 -0.280707 -0.011797 0.114071 -0.311934 0.033674 -0.148152 -0.007136 0.265882 0.191285 -0.112192 -0.262535 -0.440915 -0.361572 -0.359062 -0.487835 -0.150973 -0.028612 0.175789 -0.423397 0.173216 0.029769 -0.180343 -0.109482 -0.096395 0.239251 -0.084026 -0.073162 0.464386 0.152409 0.023106 -0.151165 -0.135618 0.006958 -0.069099 0.112189 -0.073160 -0.094100 -0.144576 -0.287787 -0.228127 0.032823 0.493740 0.214608 -0.233711 -0.163252 -0.120111 -0.092941
-0.161752 -0.259374 0.288856 0.064671 0.162851 0.170056 -0.077127 0.268744 0.035842 0.163002 -0.250305 0.116028 -0.132798 0.000944 -0.076965 -0.209401 -0.422579 -0.190142 -0.292096 -0.183479 0.023104 -0.064138 0.171602 0.246117 0.458727 0.521110 0.130101 -0.040838 -0.333061 -0.151150 0.088727 0.220740 0.055310 -0.041724 0.747564 1.000000 -0.045441 0.061463 -0.018632 0.001952 -0.157945 0.061595 0.299056 0.335011 0.607770 0.555072 0.297076 0.448074 0.354561 0.091833 0.131024 0.211417 -0.227469 -0.371587 0.033383 0.025609 -0.225137 -0.374356 -0.231503 -0.381056 -0.163846 -0.173742 -0.447874 -0.408966 0.351918 0.397336 -0.057616 0.494834 -0.152329 -0.170476 -0.080511 0.305986 -0.232097 0.066537 -0.127124 0.082731 0.154560 0.328429 -0.125291 -0.468355 -0.498326 -0.420837 -0.304716 -0.315368 -0.185410 -0.019403 0.032235 -0.301085 0.138588 0.044870 0.009089 0.002039 0.077508 0.271627 -0.250173 0.035602 0.335934 0.192663 0.013105 -0.180852 0.004933 0.088668 -0.099148 -0.007534 -0.184801 -0.220090 -0.226179 -0.222827 -0.313869 0.079813 0.505433 0.263208 -0.141577 -0.171710 -0.221113 -0.209580
