1.000000 0.321478 0.147931 -0.307958 -0.139103 -0.160611 -0.033464 -0.277891 -0.032646 -0.225424 0.612403 -0.224384 0.468578 0.063914 0.333679 0.000463 0.416219 0.251787 0.131059 0.207937 0.137297 0.127072 0.061858 -0.136719 -0.122086 -0.149413 0.122047 0.217292 0.147726 0.051981 -0.114859 -0.196339 0.044574 -0.045080 0.141211 -0.166511 -0.064153 -0.344412 -0.262326 -0.337381 -0.058769 -0.281544 -0.253559 -0.192059 -0.252402 -0.398280 -0.260332 -0.319495 0.082792 -0.129431 -0.114676 -0.017104 -0.149504 -0.018259 -0.027726 -0.332329 0.527636 0.463505 0.528026 0.032848 0.303898 -0.008603 0.089093 0.136141 0.006559 -0.191585 -0.051747 -0.341068 -0.039556 0.077349 0.225651 -0.047048 0.033958 0.199991 0.258201 0.315942 0.246163 0.160860 -0.006769 0.223967 0.168031 0.275598 0.004137 -0.187281 0.242182 -0.198731 0.088155 0.114559 0.032704 -0.254883 -0.134711 0.062567 -0.371174 0.115379 -0.362936 -0.069128 -0.321696 -0.239002 -0.039158 -0.005490 -0.200358 -0.026658 0.039621 -0.159646 -0.220600 0.111799 -0.195164 0.035432 0.080979 -0.208172 -0.256523 -0.202337 -0.137024 -0.150946 0.035435 0.071681
0.321478 1.000000 -0.141003 -0.106221 -0.069500 -0.061033 -0.358992 0.032100 -0.256670 -0.009935 0.026827 -0.083512 -0.130508 0.059918 -0.287649 0.015257 0.288532 0.505579 0.146752 0.393062 -0.088368 0.104100 -0.471927 -0.447137 -0.326447 -0.404103 -0.124634 -0.189333 -0.104232 0.336673 -0.241208 -0.359222 0.272543 0.293741 0.078703 -0.029883 -0.080553 -0.369158 -0.296571 -0.338594 0.005143 -0.282379 -0.158184 -0.060619 -0.001976 -0.107353 -0.068803 -0.012170 -0.123800 -0.031673 -0.331503 -0.048303 -0.075282 -0.348926 0.006599 -0.057010 0.393490 0.568198 0.218699 0.399810 0.203789 0.423217 0.436501 0.543834 -0.242557 -0.145394 0.175182 -0.224308 0.313760 0.268025 0.198319 -0.085626 0.162769 0.505776 0.112686 0.184212 0.521322 0.350299 0.006080 0.327204 0.179280 0.266425 -0.208328 -0.161802 -0.277333 -0.327365 0.066594 -0.119085 -0.197612 -0.135578 -0.154358 -0.219589 -0.360032 -0.359837 -0.236772 0.181154 0.041498 0.156527 0.231205 0.113060 -0.156099 -0.185698 -0.058758 -0.036912 0.021408 0.189017 -0.172440 -0.194703 0.405868 -0.222982 0.099801 0.035329 -0.064567 0.122954 -0.123994 0.045514
0.147931 -0.141003 1.000000 0.220485 0.080482 0.036609 0.582464 0.189666 0.269382 -0.040018 0.332131 0.066148 0.448403 0.189470 0.351523 0.192857 -0.237827 -0.389618 0.055028 -0.113112 0.065308 0.036595 0.425651 0.309418 0.206773 0.308687 0.229288 0.173735 -0.113012 -0.247152 0.319174 0.234876 -0.114640 -0.052117 0.052686 0.160840 -0.211376 -0.157583 -0.187164 -0.223053 -0.214275 -0.149147 -0.294937 -0.243935 -0.302321 -0.213894 -0.284460 -0.366834 0.091327 -0.229968 0.180558 -0.084106 -0.046477 0.016369 0.114761 -0.080219 -0.253528 -0.230678 0.363583 -0.153156 0.255571 -0.046642 -0.203317 -0.238355 0.292921 0.205854 0.196275 0.197102 -0.440948 -0.231537 -0.079854 -0.124766 -0.220290 -0.105433 0.127385 0.293036 -0.130468 -0.145147 -0.389427 -0.205393 -0.361958 -0.342961 0.091408 -0.265184 0.322508 0.208412 0.250591 0.255746 0.218152 -0.064521 -0.228710 0.015699 0.091478 0.302137 0.016666 -0.114085 -0.228830 -0.034315 -0.291521 -0.259293 0.082174 0.166131 -0.096321 -0.254708 -0.176293 -0.143866 0.140542 0.235267 0.043112 -0.205150 -0.142829 -0.204801 -0.114233 -0.247671 0.277899 -0.024855
-0.307958 -0.106221 0.220485 1.000000 0.190944 0.156731 0.375100 0.532837 0.292423 0.359424 -0.033856 0.354855 0.106639 0.111431 0.119033 0.340221 -0.421410 -0.159884 0.088818 0.149499 0.006061 0.220500 0.420808 0.508058 0.108082 0.417488 0.291660 0.241311 -0.364687 -0.278502 0.313517 0.564851 -0.081676 0.249469 -0.029805 0.361377 -0.153677 -0.074008 0.083830 0.121125 -0.372972 -0.102948 -0.364032 -0.377567 -0.499399 -0.297137 -0.300679 -0.253513 -0.535362 -0.488051 -0.198708 -0.465085 -0.108748 -0.255437 -0.015209 -0.197708 -0.283024 -0.387984 -0.154302 -0.230207 0.222262 0.205825 -0.261503 -0.097929 0.488771 0.567996 -0.166256 0.339778 -0.220787 -0.236299 0.023959 -0.040176 -0.304074 -0.046493 0.054291 0.113423 -0.001758 0.157276 -0.433449 -0.257655 -0.491367 -0.527152 0.050295 0.046812 0.206152 -0.007835 0.490087 0.147204 0.608224 0.430295 0.003399 0.030084 0.543447 0.206763 0.259356 0.031304 -0.127493 0.226482 -0.329933 -0.296535 0.069010 -0.100408 -0.165421 -0.177437 -0.008482 0.119493 -0.218629 -0.171160 0.096636 0.145087 0.178638 -0.080602 -0.289604 -0.216024 0.151548 -0.149939
-0.139103 -0.069500 0.080482 0.190944 1.000000 0.457095 0.212583 0.106560 0.595278 0.366762 -0.211449 -0.033511 -0.030911 -0.102343 0.040586 0.019410 -0.172121 -0.126058 -0.281455 -0.207797 -0.309802 0.023504 0.089015 0.304778 0.325746 0.076269 0.258486 0.173206 -0.309650 -0.108587 0.003079 -0.037362 -0.010112 0.018453 -0.121047 0.198150 0.011894 -0.104678 -0.066377 -0.113398 -0.231158 -0.030952 0.001980 -0.006412 0.111883 0.163734 0.052518 0.117691 0.029155 0.100335 0.061800 0.009740 0.338026 0.208781 0.301517 -0.037347 -0.081644 0.057779 0.003386 0.062233 0.070265 0.031047 -0.060552 0.107631 0.013696 0.107382 -0.022274 0.110041 -0.126416 -0.163945 -0.035032 -0.354585 -0.161134 -0.002660 -0.061045 -0.115382 -0.129368 -0.039124 -0.327796 -0.360733 -0.233188 -0.207824 -0.045068 -0.136366 -0.077333 -0.124064 0.272628 -0.078934 0.091578 -0.129612 0.098564 -0.009086 0.129185 -0.008290 -0.039373 -0.144142 -0.010520 -0.024870 -0.166214 -0.204733 -0.112345 -0.262931 -0.004645 -0.167270 0.065462 0.088640 0.048443 -0.155583 0.038877 -0.010924 0.178766 -0.101011 -0.040374 -0.049400 -0.071686 0.056286
-0.160611 -0.061033 0.036609 0.156731 0.457095 1.000000 -0.071454 -0.127571 0.260234 0.390266 0.058760 -0.124154 0.096796 -0.215398 0.295072 0.196689 -0.020048 -0.205504 0.057489 0.013827 -0.033304 0.279733 0.193704 0.327994 0.281922 0.185902 0.460395 0.515856 -0.056479 -0.293649 0.026493 -0.000572 -0.204438 -0.145339 -0.121190 -0.027823 0.021660 0.000918 0.041967 0.036287 -0.197423 -0.042502 0.057577 0.056627 0.065661 0.045335 -0.040545 0.073450 0.129256 0.022955 0.015729 -0.056074 -0.034742 -0.081755 0.106884 -0.118037 -0.063194 -0.040249 0.060153 -0.060630 0.043286 -0.207956 0.052496 -0.143879 -0.016155 0.122130 -0.072218 0.123886 -0.106076 -0.107329 0.101696 0.011861 -0.124682 0.038512 -0.051055 -0.020048 -0.113388 0.036331 -0.036955 -0.135842 -0.071890 -0.122053 -0.083372 -0.155051 0.037892 -0.032702 0.149153 0.014302 0.067058 -0.119964 0.156835 0.001885 -0.045355 -0.039893 0.133933 -0.048722 0.046805 -0.014025 -0.060588 -0.177075 0.047131 -0.281008 -0.055233 -0.325702 0.044163 0.174641 0.139148 0.094266 0.118400 0.053149 -0.034462 -0.178814 -0.078973 -0.026692 -0.013667 0.071484
-0.033464 -0.358992 0.582464 0.375100 0.212583 -0.071454 1.000000 0.458811 0.535069 0.134998 0.284426 0.427099 0.448741 0.321882 0.375626 0.236974 -0.577506 -0.399877 -0.189149 -0.200083 0.140342 0.174083 0.634843 0.525606 0.423273 0.646209 0.248756 0.267723 -0.337776 -0.194968 0.604989 0.575405 -0.320287 -0.025316 0.189353 0.386400 -0.229883 -0.157365 -0.004995 -0.087928 -0.332410 -0.213377 -0.214524 -0.213389 -0.336809 -0.108081 -0.186318 -0.195676 -0.176297 -0.260897 0.283027 -0.140746 -0.091538 0.043725 0.034692 -0.099546 -0.417036 -0.473751 -0.022630 -0.485465 0.076092 0.042097 -0.535289 -0.420506 0.632593 0.557142 -0.209646 0.250754 -0.720581 -0.507547 -0.070172 -0.098887 -0.487233 -0.186888 0.154522 0.277616 -0.106965 -0.163301 -0.564544 -0.349007 -0.576472 -0.573438 0.254409 -0.014838 0.560057 0.390157 0.377226 0.171614 0.268470 0.037420 -0.239078 0.112694 0.396244 0.383862 -0.079338 -0.070502 -0.203656 -0.022923 -0.421827 -0.453936 0.198422 0.122623 0.117770 -0.282960 -0.151319 -0.290216 0.030122 -0.008454 -0.043468 -0.126960 0.011595 -0.323917 -0.167382 -0.181413 0.202662 -0.359936
-0.277891 0.032100 0.189666 0.532837 0.106560 -0.127571 0.458811 1.000000 0.190699 0.502882 0.043836 0.546142 0.083762 0.595865 -0.122312 0.435698 -0.531586 -0.059214 -0.317974 -0.117156 0.099320 0.112192 0.084270 0.272229 -0.095480 0.237022 -0.032109 -0.051949 -0.475619 0.019881 0.138896 0.335317 -0.094188 0.183370 -0.162546 0.448022 -0.309701 -0.052033 0.074738 0.004852 -0.247892 -0.041905 -0.327850 -0.306090 -0.372935 -0.158198 -0.209313 -0.209184 -0.409068 -0.309736 -0.141453 -0.249833 -0.111696 -0.266852 0.047649 -0.077168 -0.328112 -0.464833 -0.033083 -0.034641 0.237565 0.611797 -0.242054 -0.041928 0.368971 0.739291 -0.064365 0.286213 -0.338750 -0.284336 -0.062678 0.000571 -0.383029 -0.014612 0.022181 0.049771 0.081518 -0.019509 -0.454589 -0.251387 -0.413724 -0.488442 0.024198 0.175063 0.137152 0.193411 0.365802 0.139416 0.313917 0.339312 -0.047964 -0.137241 0.543001 0.035436 -0.120956 0.044850 -0.148511 0.065416 -0.396520 -0.389514 0.163784 0.031155 0.006737 0.010149 0.027567 -0.146231 -0.085995 -0.168387 -0.035346 -0.011390 0.069367 -0.203316 -0.275934 -0.252479 0.103778 -0.254134
-0.032646 -0.256670 0.269382 0.292423 0.595278 0.260234 0.535069 0.190699 1.000000 0.459507 0.118181 0.241374 0.376469 0.191864 0.357634 0.231240 -0.380369 -0.241477 -0.259066 -0.124717 -0.230954 0.091942 0.549812 0.653959 0.437806 0.491188 0.367744 0.416065 -0.381640 -0.349048 0.273585 0.358463 -0.320930 -0.052457 0.066127 0.217855 -0.203946 -0.101721 -0.139157 -0.038074 -0.338419 -0.209028 -0.167921 -0.200865 -0.218047 0.015093 -0.210824 -0.175427 -0.125577 -0.105378 0.268135 -0.153682 0.125784 0.170375 0.016183 -0.249583 -0.230871 -0.214265 0.062281 -0.344486 0.108511 -0.003616 -0.400617 -0.308714 0.510588 0.402436 -0.251090 0.249458 -0.469585 -0.351844 -0.106677 -0.111835 -0.436677 -0.181275 0.017373 0.110806 -0.284676 -0.249900 -0.400255 -0.483135 -0.410711 -0.439687 0.109904 -0.044492 0.352655 0.183248 0.333903 0.066558 0.261611 0.153054 0.008071 0.142622 0.447848 0.367404 -0.178763 -0.183165 -0.420184 -0.169839 -0.470279 -0.462439 0.010155 -0.069660 0.060832 -0.369294 -0.040242 -0.012875 0.010060 -0.191205 -0.110292 -0.150943 -0.051885 -0.237211 -0.179143 0.028185 0.095360 -0.099683
-0.225424 -0.009935 -0.040018 0.359424 0.366762 0.390266 0.134998 0.502882 0.459507 1.000000 0.103750 0.311359 0.144781 0.399175 0.173872 0.482491 -0.239123 -0.114239 -0.340324 0.006894 0.005907 0.272600 0.187256 0.525535 0.060713 0.287708 0.271798 0.408878 -0.373747 -0.183434 -0.042197 0.172249 -0.297409 0.013940 -0.232117 0.181926 -0.199774 0.035308 0.004895 0.216948 -0.190871 0.021955 -0.209423 -0.216492 -0.316812 -0.154323 -0.172371 -0.198127 -0.248662 -0.213018 0.010659 -0.241989 -0.081240 -0.201937 -0.015441 -0.192991 -0.234620 -0.331410 0.036407 -0.145864 0.153036 0.305465 -0.031625 -0.176766 0.365611 0.640959 -0.313147 0.099124 -0.233272 -0.207576 0.074113 0.155248 -0.317368 -0.081387 -0.084968 0.030746 -0.107493 -0.060592 -0.252556 -0.198941 -0.140925 -0.264926 -0.022705 0.141422 0.164171 0.127079 0.379893 0.153188 0.282864 0.318211 0.113459 -0.070091 0.500045 0.053690 0.005946 0.148934 -0.267696 0.007983 -0.424422 -0.491429 -0.035186 -0.223279 -0.219243 -0.228538 0.060699 0.160164 -0.033858 -0.105459 0.011065 0.058240 -0.123743 -0.146429 -0.373927 -0.150022 0.090209 0.132261
0.612403 0.026827 0.332131 -0.033856 -0.211449 0.058760 0.284426 0.043836 0.118181 0.103750 1.000000 0.018461 0.819053 0.346916 0.670189 0.358047 -0.021923 -0.054967 0.042654 0.150831 0.278680 0.361355 0.446501 0.293593 -0.028682 0.250777 0.197339 0.514538 -0.009437 -0.131374 0.089294 0.130040 -0.326625 -0.179308 0.098620 0.070606 -0.156201 -0.270983 -0.093050 -0.163303 -0.250914 -0.318162 -0.242248 -0.236896 -0.410986 -0.356886 -0.311688 -0.371852 0.009941 -0.257099 -0.020022 -0.223557 -0.478841 -0.225371 -0.199869 -0.365386 0.065266 -0.100912 0.459547 -0.316575 0.346596 -0.039391 -0.191471 -0.382512 0.429402 0.270905 -0.268572 -0.065037 -0.403783 -0.079894 0.140008 0.107796 -0.336759 -0.070827 0.056681 0.338266 0.063776 0.054671 -0.200611 0.072537 -0.144375 -0.095904 0.129702 -0.080905 0.587423 0.065756 0.314624 0.350949 0.210426 -0.050515 -0.007871 0.178983 -0.047195 0.262520 -0.176534 -0.106097 -0.404292 -0.144861 -0.327568 -0.319186 0.112071 0.050962 -0.008896 -0.371032 -0.235004 -0.058075 -0.164769 0.100331 -0.004569 -0.250347 -0.304037 -0.324734 -0.273215 -0.226690 0.182565 0.029631
-0.224384 -0.083512 0.066148 0.354855 -0.033511 -0.124154 0.427099 0.546142 0.241374 0.311359 0.018461 1.000000 0.015127 0.551650 -0.089734 0.268095 -0.496272 -0.112947 -0.336518 0.065820 0.163996 0.193206 0.226483 0.362968 0.061439 0.474095 -0.039429 0.004994 -0.321021 0.137210 0.402193 0.592688 -0.194349 0.197512 0.124307 0.399528 -0.149757 0.008176 0.018813 0.214677 -0.028033 -0.105749 -0.338469 -0.322390 -0.421343 -0.190650 -0.308012 -0.224937 -0.376238 -0.398986 0.080202 -0.274076 -0.236994 -0.140070 -0.064553 -0.101141 -0.426451 -0.467860 -0.271496 -0.410410 -0.143020 0.193108 -0.267528 -0.234549 0.373954 0.572815 -0.107179 0.366965 -0.355750 -0.250284 0.097242 -0.010009 -0.166456 -0.038398 0.066690 0.165935 0.110351 0.137536 -0.120052 -0.047986 -0.261735 -0.288513 0.289785 0.303633 0.313898 0.512260 0.340065 0.168576 0.169659 0.204161 -0.194036 -0.067027 0.573393 0.149429 -0.014103 0.064933 -0.130720 0.110285 -0.311094 -0.371141 0.354675 -0.029750 0.027096 -0.009871 -0.019587 -0.095277 -0.120964 -0.173508 -0.033549 -0.111591 0.093220 -0.198453 -0.288726 -0.067388 0.315673 -0.364820
0.468578 -0.130508 0.448403 0.106639 -0.030911 0.096796 0.448741 0.083762 0.376469 0.144781 0.819053 0.015127 1.000000 0.354011 0.813198 0.482326 -0.041809 -0.164510 -0.058987 0.045992 0.090246 0.297333 0.626049 0.512961 0.196285 0.380596 0.280753 0.503273 -0.062188 -0.302532 0.273980 0.342359 -0.393195 -0.130858 0.127309 0.104187 -0.188129 -0.281347 -0.089396 -0.137678 -0.334045 -0.395815 -0.409228 -0.380016 -0.479923 -0.390736 -0.404864 -0.476673 -0.109323 -0.344098 -0.012427 -0.305976 -0.331303 -0.225795 -0.124339 -0.464956 0.077150 -0.103329 0.445898 -0.372573 0.498971 -0.001301 -0.291720 -0.382050 0.562658 0.329845 -0.311447 0.028697 -0.532474 -0.208650 -0.049758 0.047070 -0.370289 -0.154664 0.113923 0.275290 -0.110650 -0.077128 -0.357897 -0.177599 -0.307255 -0.236270 0.120770 -0.025248 0.642736 0.103746 0.257705 0.309782 0.350157 0.138585 -0.019108 0.168340 0.119666 0.464526 -0.131342 -0.075563 -0.524256 -0.135177 -0.479130 -0.361101 0.028401 0.104062 0.031500 -0.475668 -0.209470 -0.095408 -0.102082 0.099403 0.039974 -0.282599 -0.255127 -0.256814 -0.195089 -0.116118 0.214724 -0.020204
0.063914 0.059918 0.189470 0.111431 -0.102343 -0.215398 0.321882 0.595865 0.191864 0.399175 0.346916 0.551650 0.354011 1.000000 0.105398 0.533650 -0.199766 0.065013 -0.587237 -0.052596 0.045888 0.297390 0.146477 0.301059 -0.008504 0.329562 -0.018397 0.026195 -0.370406 0.089259 0.079432 0.316035 -0.316622 -0.018531 -0.059256 0.298611 -0.231074 -0.173403 -0.050054 -0.073774 -0.146032 -0.316948 -0.456476 -0.445127 -0.491278 -0.307819 -0.409008 -0.422107 -0.241813 -0.358245 -0.119334 -0.221552 -0.279416 -0.336155 -0.034474 -0.255649 -0.132261 -0.289652 0.203590 -0.056774 0.308880 0.535790 -0.095146 -0.050203 0.314691 0.535139 -0.056154 0.219042 -0.350876 -0.060417 -0.018249 0.104993 -0.216268 -0.000708 0.077370 0.187166 0.050059 -0.003522 -0.365032 -0.179959 -0.182219 -0.194705 0.115584 0.273928 0.285208 0.339591 0.255027 0.216000 0.114660 0.234048 -0.076077 -0.024840 0.482076 0.188085 -0.217771 0.240216 -0.381558 0.051560 -0.382822 -0.284978 0.195771 0.042512 -0.031415 -0.026230 0.030335 -0.053476 -0.138524 -0.026445 0.042951 -0.358055 -0.049274 -0.000647 -0.035282 -0.008965 0.139829 -0.214679
0.333679 -0.287649 0.351523 0.119033 0.040586 0.295072 0.375626 -0.122312 0.357634 0.173872 0.670189 -0.089734 0.813198 0.105398 1.000000 0.450548 -0.032123 -0.235535 0.071591 0.161356 0.154792 0.286551 0.705457 0.551306 0.186504 0.451769 0.400017 0.662474 0.140181 -0.410954 0.295137 0.408580 -0.485198 -0.234216 0.089483 -0.033954 -0.110877 -0.129940 0.036726 -0.020586 -0.315144 -0.227411 -0.281517 -0.340407 -0.420479 -0.362468 -0.346694 -0.454035 -0.078550 -0.289412 0.088480 -0.270736 -0.302798 -0.077013 -0.244120 -0.500957 0.043279 -0.152251 0.253042 -0.422548 0.384967 -0.207144 -0.296597 -0.444035 0.613816 0.335375 -0.478842 -0.029087 -0.400311 -0.189148 0.055797 0.189087 -0.379732 -0.220963 0.017446 0.162506 -0.181200 -0.171778 -0.217393 -0.123204 -0.214876 -0.215450 0.252150 0.068582 0.624268 0.110796 0.161229 0.275689 0.399053 0.097487 0.115576 0.254254 0.073466 0.377413 -0.032192 -0.133121 -0.533888 -0.181022 -0.483800 -0.331363 -0.055669 0.086511 0.051741 -0.547465 -0.349493 -0.097503 -0.092952 0.104098 -0.061960 -0.135842 -0.356354 -0.176378 -0.131524 -0.189311 0.114680 0.027454
0.000463 0.015257 0.192857 0.340221 0.019410 0.196689 0.236974 0.435698 0.231240 0.482491 0.358047 0.268095 0.482326 0.533650 0.450548 1.000000 -0.122581 0.096990 -0.274868 0.129473 0.178052 0.394075 0.371102 0.488982 -0.080229 0.392415 0.155191 0.318405 -0.143603 -0.086508 0.340663 0.439412 -0.391122 0.028930 -0.148519 0.085353 -0.212640 -0.157525 0.018145 -0.025822 -0.288543 -0.234077 -0.468332 -0.506004 -0.581007 -0.465497 -0.539474 -0.553343 -0.442034 -0.442774 -0.199359 -0.466254 -0.343727 -0.358041 -0.101476 -0.530249 -0.045062 -0.213141 0.148761 -0.211094 0.551681 0.440178 -0.093837 -0.046754 0.568385 0.620092 -0.358080 -0.024768 -0.268928 -0.131156 0.037921 0.258118 -0.177694 0.025096 0.135387 0.159243 -0.052790 -0.083993 -0.301679 -0.105168 -0.199038 -0.196363 0.139897 0.316989 0.363576 0.050096 0.274015 0.235025 0.449773 0.465517 0.094934 0.085128 0.386948 0.223684 -0.023344 0.045881 -0.602003 0.004345 -0.577793 -0.437017 0.068782 0.012693 -0.092448 -0.357014 -0.232960 0.009806 -0.251522 0.032804 0.170449 -0.237466 -0.205721 -0.034670 -0.023913 -0.182769 0.108384 0.044854
0.416219 0.288532 -0.237827 -0.421410 -0.172121 -0.020048 -0.577506 -0.531586 -0.380369 -0.239123 -0.021923 -0.496272 -0.041809 -0.199766 -0.032123 -0.122581 1.000000 0.458969 0.130112 0.007317 -0.066665 0.000151 -0.464265 -0.494741 -0.295881 -0.561558 -0.166164 -0.178487 0.627346 0.261807 -0.359229 -0.423183 0.225630 0.048777 -0.186127 -0.351511 0.280149 -0.034120 0.016487 -0.086400 0.404334 0.090933 0.023151 0.044964 0.145206 -0.125015 0.018552 -0.091275 0.142942 0.114266 -0.234160 0.123607 0.142594 -0.011183 0.096278 -0.120822 0.630084 0.545033 0.230060 0.308782 0.189336 -0.000749 0.718318 0.485861 -0.499784 -0.516620 0.172325 -0.430102 0.381961 0.299360 0.164387 0.218483 0.575987 0.153164 0.228528 -0.033388 0.189616 0.062830 0.498652 0.297745 0.717384 0.776237 0.009890 0.122587 -0.230720 -0.199547 -0.284431 -0.058567 -0.243051 -0.138482 -0.135568 -0.281518 -0.555446 -0.334764 -0.127828 -0.000365 -0.050466 -0.171360 0.268391 0.319980 -0.216842 -0.096655 -0.090445 0.000304 -0.010519 0.117074 0.018932 0.147690 0.038902 -0.153967 -0.275210 0.082841 0.096039 0.060260 -0.220180 0.294153
0.251787 0.505579 -0.389618 -0.159884 -0.126058 -0.205504 -0.399877 -0.059214 -0.241477 -0.114239 -0.054967 -0.112947 -0.164510 0.065013 -0.235535 0.096990 0.458969 1.000000 0.035243 0.265865 -0.035741 0.052675 -0.484331 -0.459281 -0.329589 -0.405639 -0.261676 -0.227442 0.224884 0.409339 -0.247049 -0.219455 0.125964 0.254090 0.023985 -0.035295 0.030377 -0.112236 -0.053046 -0.256539 0.134643 -0.094694 -0.202794 -0.257354 -0.139057 -0.252923 -0.267148 -0.240175 -0.294039 -0.167439 -0.335762 -0.153911 0.015856 -0.240952 0.004946 -0.348125 0.519885 0.468642 0.103206 0.297844 0.178526 0.351399 0.426019 0.597839 -0.235789 -0.134201 0.051007 -0.181672 0.363540 0.273812 0.186051 0.230296 0.340165 0.314522 0.202546 0.008285 0.327129 0.086257 0.269408 0.325160 0.423490 0.532674 0.018822 0.189795 -0.144933 -0.173741 -0.064483 0.022818 -0.078783 0.001880 -0.095427 -0.161339 -0.187624 -0.266619 -0.197709 -0.021642 -0.149990 -0.069650 0.024078 0.141965 0.074073 0.008432 0.154483 0.209143 0.088087 0.177609 -0.248231 -0.039953 0.099645 -0.139490 -0.022056 -0.021692 0.018174 0.172294 -0.212686 0.194520
0.131059 0.146752 0.055028 0.088818 -0.281455 0.057489 -0.189149 -0.317974 -0.259066 -0.340324 0.042654 -0.336518 -0.058987 -0.587237 0.071591 -0.274868 0.130112 0.035243 1.000000 0.558003 0.168176 0.031235 -0.052009 -0.221428 -0.295246 -0.221787 0.149975 0.069521 0.294936 -0.157274 0.011163 -0.054582 0.174731 0.190246 0.149346 -0.106670 -0.118025 -0.077459 -0.115522 -0.044498 0.024913 -0.040078 0.007242 -0.021239 0.003203 -0.074222 -0.025690 0.015202 -0.081459 -0.127960 -0.216992 -0.210397 -0.185624 -0.134469 -0.298008 -0.194959 0.071605 0.082317 0.080476 -0.010690 -0.059851 -0.265187 0.051598 -0.089743 -0.020078 -0.204652 0.108921 0.007001 0.358444 0.312110 0.198626 0.048435 -0.073600 0.088508 0.024107 0.069770 0.166885 0.092905 0.189344 0.291810 -0.004936 -0.001671 -0.073948 -0.297536 -0.159230 -0.359389 -0.230342 -0.224956 0.011121 -0.226695 0.264680 0.286611 -0.259771 0.018437 0.172389 -0.124053 0.186407 0.047918 0.241987 0.301064 -0.156144 0.154470 0.029590 0.039604 -0.033581 0.146113 0.020256 0.069024 0.075308 0.084482 0.014282 0.055749 -0.075469 -0.172194 0.083680 0.149259
0.207937 0.393062 -0.113112 0.149499 -0.207797 0.013827 -0.200083 -0.117156 -0.124717 0.006894 0.150831 0.065820 0.045992 -0.052596 0.161356 0.129473 0.007317 0.265865 0.558003 1.000000 0.018255 0.154357 0.100592 0.076727 -0.281125 -0.005351 0.112422 0.067060 0.011848 -0.034548 0.087075 0.210087 0.008966 0.354845 0.292580 0.075194 -0.255705 -0.179354 -0.341749 -0.121323 -0.215604 -0.404557 -0.318815 -0.378115 -0.317756 -0.355069 -0.326660 -0.224759 -0.317738 -0.378675 -0.276380 -0.351414 -0.390959 -0.358296 -0.522114 -0.476450 0.102617 0.183383 0.014642 -0.038862 0.006236 -0.041391 -0.019953 0.028753 0.233589 0.054606 -0.141528 0.013407 0.304284 0.337335 0.479819 0.096740 -0.073018 0.399546 0.069103 0.247105 0.338773 0.346741 -0.082760 0.267112 -0.076051 -0.026924 0.017483 -0.070554 0.022848 -0.241621 -0.050359 -0.143182 0.100510 -0.121008 0.281058 0.333960 0.015474 0.079558 0.028126 0.175759 -0.114160 0.126105 -0.038925 0.035583 -0.091512 0.144338 -0.043843 -0.132113 -0.150736 0.198985 -0.269180 -0.170908 0.294752 -0.061377 0.071310 0.090516 -0.067926 -0.145153 0.070473 0.045896
0.137297 -0.088368 0.065308 0.006061 -0.309802 -0.033304 0.140342 0.099320 -0.230954 0.005907 0.278680 0.163996 0.090246 0.045888 0.154792 0.178052 -0.066665 -0.035741 0.168176 0.018255 1.000000 0.402024 0.105910 -0.036734 -0.023100 0.143214 0.264652 0.346809 0.038468 -0.087660 0.199484 0.122386 -0.179025 -0.170966 -0.077962 -0.048729 -0.114614 -0.198603 -0.000399 0.011229 0.024458 0.057556 -0.098154 -0.058049 -0.243217 -0.246872 -0.092947 -0.198434 -0.075339 -0.135825 -0.046047 -0.075638 -0.325701 -0.142876 -0.075759 -0.062151 -0.037746 -0.283137 0.164504 -0.132539 0.137232 0.034792 -0.020307 -0.115482 0.159292 0.257296 -0.081272 -0.136503 -0.143007 0.025676 0.105436 0.135525 -0.123396 -0.153100 -0.068291 0.039078 -0.014919 -0.099874 0.079434 0.194363 0.014434 -0.011220 0.030486 -0.030525 0.202534 0.136016 0.146882 0.155122 0.117577 -0.009721 -0.069232 0.050033 0.012314 0.079490 0.102054 0.047945 -0.157559 -0.184954 -0.285545 -0.078982 0.168884 0.021457 0.073333 0.101072 0.078560 0.162078 0.200572 0.242915 0.078497 0.036300 -0.321622 -0.136866 -0.110950 0.001383 0.132409 0.233486
0.127072 0.104100 0.036595 0.220500 0.023504 0.279733 0.174083 0.112192 0.091942 0.272600 0.361355 0.193206 0.297333 0.297390 0.286551 0.394075 0.000151 0.052675 0.031235 0.154357 0.402024 1.000000 0.203746 0.246897 0.179563 0.378086 0.405992 0.442073 -0.178769 -0.029967 0.210055 0.323089 -0.313806 0.012073 0.169504 0.198331 -0.046235 -0.347442 -0.068757 -0.098356 -0.263071 -0.400464 -0.247415 -0.277147 -0.438410 -0.345779 -0.298544 -0.186663 -0.348748 -0.397631 -0.388682 -0.434172 -0.440535 -0.359396 -0.017600 -0.293012 0.163851 -0.131585 0.160156 -0.290418 0.300922 0.174359 0.107059 0.068139 0.199179 0.331741 -0.174318 0.014404 -0.168599 -0.002425 0.212091 -0.064475 -0.144644 0.102623 0.131454 0.433272 0.325159 0.268006 -0.130261 0.150137 -0.213573 -0.144066 -0.133664 -0.087491 0.091996 -0.096788 0.222349 0.054927 0.016056 -0.076062 0.022179 0.185187 0.233382 0.251189 -0.037640 0.297421 -0.121234 0.197058 -0.225915 -0.019335 0.013299 -0.183440 -0.016033 -0.052210 0.189874 0.282066 -0.137290 -0.001519 0.310874 -0.184286 0.063328 0.003435 -0.088496 0.105159 0.176990 0.017816
0.061858 -0.471927 0.425651 0.420808 0.089015 0.193704 0.634843 0.084270 0.549812 0.187256 0.446501 0.226483 0.626049 0.146477 0.705457 0.371102 -0.464265 -0.484331 -0.052009 0.100592 0.105910 0.203746 1.000000 0.789386 0.443931 0.784132 0.502162 0.631329 -0.241401 -0.541335 0.532223 0.643103 -0.505831 -0.186465 0.263047 0.149882 -0.214158 -0.079960 -0.051977 0.060530 -0.479128 -0.266591 -0.274724 -0.315553 -0.464407 -0.302279 -0.324637 -0.314843 -0.094701 -0.333877 0.342277 -0.190946 -0.235068 0.058564 -0.220926 -0.286312 -0.295568 -0.361528 0.037627 -0.582432 0.127887 -0.292596 -0.637748 -0.587149 0.775145 0.440066 -0.437745 0.193738 -0.599054 -0.432611 0.024122 -0.073812 -0.524032 -0.273586 -0.045518 0.291992 -0.258705 -0.027546 -0.483864 -0.356863 -0.561821 -0.590213 0.175811 -0.077074 0.715499 0.280613 0.341644 0.192137 0.529001 0.176146 -0.007951 0.301567 0.401874 0.592360 0.116415 -0.002640 -0.390756 -0.013568 -0.474357 -0.431575 0.040710 0.069200 0.027673 -0.492117 -0.276439 -0.143227 -0.038327 0.026056 -0.000178 0.048389 -0.109176 -0.184190 -0.149713 -0.097505 0.215009 -0.176807
-0.136719 -0.447137 0.309418 0.508058 0.304778 0.327994 0.525606 0.272229 0.653959 0.525535 0.293593 0.362968 0.512961 0.301059 0.551306 0.488982 -0.494741 -0.459281 -0.221428 0.076727 -0.036734 0.246897 0.789386 1.000000 0.369796 0.723035 0.356521 0.512518 -0.387964 -0.468483 0.496074 0.668465 -0.466137 -0.007412 0.022776 0.203040 -0.257216 -0.091552 -0.107759 0.091409 -0.441605 -0.297598 -0.280259 -0.330885 -0.407191 -0.190078 -0.344075 -0.285443 -0.219413 -0.351312 0.089590 -0.336498 -0.264713 -0.119139 -0.173427 -0.353699 -0.329357 -0.434233 -0.005361 -0.509078 0.184619 -0.108230 -0.522483 -0.530373 0.698132 0.580130 -0.399320 0.383000 -0.531641 -0.345045 -0.023115 -0.064440 -0.520571 -0.260767 -0.074007 0.181237 -0.398423 -0.141916 -0.468547 -0.483682 -0.515493 -0.582839 0.139833 0.043709 0.550971 0.250993 0.317393 0.093941 0.497113 0.274740 0.153301 0.287468 0.580215 0.520292 0.070029 0.035654 -0.389838 0.018621 -0.565843 -0.466913 0.016180 0.030244 -0.149663 -0.436512 -0.113753 0.031284 -0.054186 -0.073441 -0.008003 -0.044717 -0.011762 -0.088615 -0.130163 -0.105695 0.181567 -0.084607
-0.122086 -0.326447 0.206773 0.108082 0.325746 0.281922 0.423273 -0.095480 0.437806 0.060713 -0.028682 0.061439 0.196285 -0.008504 0.186504 -0.080229 -0.295881 -0.329589 -0.295246 -0.281125 -0.023100 0.179563 0.443931 0.369796 1.000000 0.532780 0.353107 0.308287 -0.377525 -0.247190 0.355852 0.206342 -0.201360 -0.117922 0.276037 0.231854 0.204931 -0.062405 0.110491 0.047657 -0.267546 -0.126551 0.014494 0.054584 0.000175 0.075824 0.045327 0.105368 0.121157 0.010089 0.274525 0.115117 0.162873 0.149351 0.293889 0.183613 -0.137985 -0.138653 -0.036730 -0.175150 -0.138199 -0.235739 -0.326583 -0.168256 0.111230 0.055151 0.024887 0.205258 -0.430869 -0.379674 -0.201123 -0.241087 -0.138604 -0.087357 0.051745 0.227087 -0.184146 -0.035530 -0.285725 -0.227821 -0.336954 -0.283054 -0.076732 -0.245679 0.267651 0.157848 0.262990 0.067469 0.069755 -0.000258 -0.280782 -0.007949 0.158822 0.343021 0.120396 0.165159 0.070525 0.098789 -0.196119 -0.150585 0.137947 -0.053711 0.105761 -0.147390 0.150236 -0.023824 0.114873 -0.082104 0.077487 0.144062 0.196620 -0.139232 0.080683 0.315578 0.108415 -0.135249
-0.149413 -0.404103 0.308687 0.417488 0.076269 0.185902 0.646209 0.237022 0.491188 0.287708 0.250777 0.474095 0.380596 0.329562 0.451769 0.392415 -0.561558 -0.405639 -0.221787 -0.005351 0.143214 0.378086 0.784132 0.723035 0.532780 1.000000 0.378949 0.529480 -0.373045 -0.302208 0.635612 0.711685 -0.357809 0.000735 0.300318 0.234780 -0.077976 -0.043730 0.023940 0.162915 -0.436256 -0.285915 -0.220593 -0.294006 -0.454692 -0.248438 -0.328310 -0.217938 -0.269991 -0.386852 0.223696 -0.319999 -0.333865 -0.050935 -0.126692 -0.170180 -0.382558 -0.480751 -0.156572 -0.649064 -0.000444 -0.162541 -0.583370 -0.493992 0.661969 0.562854 -0.313977 0.329317 -0.529106 -0.397060 0.037362 -0.100854 -0.385656 -0.147073 0.053105 0.337169 -0.092302 0.021699 -0.428096 -0.139137 -0.539138 -0.569859 0.173818 -0.036296 0.525926 0.312301 0.335140 0.164609 0.337029 0.195223 -0.123055 0.221887 0.557991 0.609128 0.122488 0.133380 -0.142004 0.149962 -0.449444 -0.363592 0.214811 0.081358 0.042215 -0.252035 -0.054433 -0.030490 -0.067109 -0.081228 0.005317 0.076378 0.127377 -0.072775 -0.111317 0.087244 0.215115 -0.298988
0.122047 -0.124634 0.229288 0.291660 0.258486 0.460395 0.248756 -0.032109 0.367744 0.271798 0.197339 -0.039429 0.280753 -0.018397 0.400017 0.155191 -0.166164 -0.261676 0.149975 0.112422 0.264652 0.405992 0.502162 0.356521 0.353107 0.378949 1.000000 0.737953 -0.288027 -0.542762 0.112314 0.128217 -0.370625 -0.281360 0.140080 0.070706 -0.190200 -0.228599 -0.043238 0.043012 -0.336541 -0.169745 -0.197118 -0.180824 -0.308907 -0.224691 -0.197068 -0.158014 -0.006046 -0.218700 0.067992 -0.126785 -0.012748 -0.055391 0.145751 -0.162939 -0.097674 -0.190532 0.263612 -0.110603 0.131645 -0.101197 -0.248011 -0.184601 0.262866 0.206179 -0.185052 -0.018089 -0.244260 -0.079266 0.070100 -0.179213 -0.319926 -0.146709 -0.002361 0.054215 -0.089530 0.029986 -0.345060 -0.148523 -0.409826 -0.381067 -0.178396 -0.304149 0.229059 -0.117849 0.307141 0.072929 0.334411 -0.039894 0.129436 0.232572 0.165649 0.325152 0.209030 0.129662 -0.165461 0.019137 -0.127473 -0.147096 -0.037946 -0.270959 0.061930 -0.198695 0.022112 0.233131 0.190866 0.166926 0.142282 0.093728 -0.038206 -0.129406 -0.099403 0.085851 0.127353 0.122014
0.217292 -0.189333 0.173735 0.241311 0.173206 0.515856 0.267723 -0.051949 0.416065 0.408878 0.514538 0.004994 0.503273 0.026195 0.662474 0.318405 -0.178487 -0.227442 0.069521 0.067060 0.346809 0.442073 0.631329 0.512518 0.308287 0.529480 0.737953 1.000000 -0.190486 -0.436423 0.192147 0.196292 -0.445416 -0.342513 0.008939 -0.045606 -0.057089 -0.170806 0.041340 0.109830 -0.263011 -0.085688 -0.150876 -0.149499 -0.360664 -0.266659 -0.236632 -0.290194 -0.010207 -0.221566 0.168157 -0.199122 -0.265964 -0.122818 0.013504 -0.262889 -0.134094 -0.185176 0.256876 -0.367409 0.138680 -0.230348 -0.292962 -0.402574 0.440756 0.355750 -0.448292 -0.016628 -0.398154 -0.274349 0.050202 -0.009154 -0.421791 -0.191868 -0.022952 0.166525 -0.135533 -0.049033 -0.149442 -0.030518 -0.233819 -0.266455 0.095684 -0.197985 0.519966 0.073563 0.425320 0.320437 0.439065 0.065268 0.067753 0.183939 0.139785 0.320812 0.176279 -0.012110 -0.262608 -0.087491 -0.313564 -0.341807 0.094096 -0.326018 0.069994 -0.376787 -0.077375 0.106050 0.068464 0.100774 0.017314 0.117132 -0.236611 -0.244593 -0.247531 0.054171 0.086669 0.051571
0.147726 -0.104232 -0.113012 -0.364687 -0.309650 -0.056479 -0.337776 -0.475619 -0.381640 -0.373747 -0.009437 -0.321021 -0.062188 -0.370406 0.140181 -0.143603 0.627346 0.224884 0.294936 0.011848 0.038468 -0.178769 -0.241401 -0.387964 -0.377525 -0.373045 -0.288027 -0.190486 1.000000 0.283745 -0.046099 -0.107537 0.194191 0.019676 -0.169642 -0.290389 0.264733 0.347356 0.189163 0.095057 0.332385 0.390259 0.198041 0.109296 0.197347 0.055653 0.106176 -0.099905 0.092299 0.135234 0.002958 0.070539 0.149937 0.173395 -0.150825 -0.093460 0.242802 0.152377 -0.109719 0.004919 -0.006782 -0.209695 0.427513 0.133832 -0.219633 -0.398486 -0.005684 -0.321870 0.243849 0.085480 0.089447 0.427205 0.483126 -0.074926 0.131491 -0.149452 0.065899 -0.149067 0.624801 0.318342 0.578865 0.639641 0.326774 0.430790 -0.046361 0.081812 -0.416166 0.123610 -0.166159 -0.087187 -0.077112 -0.246653 -0.435042 -0.295137 -0.081883 -0.380296 -0.102158 -0.404576 0.149052 0.134785 0.001605 0.177696 0.009525 -0.099674 -0.283085 -0.257170 -0.033061 0.266832 -0.434131 -0.055877 -0.446682 -0.118439 -0.038403 -0.145007 -0.245322 0.166321
0.051981 0.336673 -0.247152 -0.278502 -0.108587 -0.293649 -0.194968 0.019881 -0.349048 -0.183434 -0.131374 0.137210 -0.302532 0.089259 -0.410954 -0.086508 0.261807 0.409339 -0.157274 -0.034548 -0.087660 -0.029967 -0.541335 -0.468483 -0.247190 -0.302208 -0.542762 -0.436423 0.283745 1.000000 0.066649 -0.159340 0.392273 0.400953 -0.044093 0.175368 0.199774 0.106752 0.054510 -0.016067 0.289751 0.093126 0.119908 0.124330 0.152175 0.147282 0.083559 0.043300 -0.162514 0.012976 -0.198066 -0.014759 -0.021407 -0.076051 0.053905 0.110577 0.051505 0.169493 -0.166339 0.092396 -0.163630 0.226951 0.389477 0.399950 -0.371975 -0.220102 0.073523 -0.199124 0.240933 -0.007237 0.102081 0.150083 0.567039 0.452695 0.281040 0.108688 0.500415 0.331969 0.347542 0.507625 0.384646 0.537359 0.340954 0.344956 -0.140814 0.027481 -0.049679 0.162711 -0.394195 -0.102243 -0.269216 -0.323269 -0.179610 -0.377857 -0.194538 -0.016906 0.148883 -0.019439 0.101936 0.014867 0.235869 -0.088776 -0.061923 0.109277 -0.050691 -0.228254 -0.236959 -0.208535 -0.094495 -0.070840 0.086735 -0.073377 -0.051512 0.039192 -0.142759 -0.225486
-0.114859 -0.241208 0.319174 0.313517 0.003079 0.026493 0.604989 0.138896 0.273585 -0.042197 0.089294 0.402193 0.273980 0.079432 0.295137 0.340663 -0.359229 -0.247049 0.011163 0.087075 0.199484 0.210055 0.532223 0.496074 0.355852 0.635612 0.112314 0.192147 -0.046099 0.066649 1.000000 0.718979 -0.190163 0.262915 0.193042 0.265746 -0.135850 -0.132365 -0.058407 -0.020405 -0.319973 -0.254759 -0.198299 -0.236673 -0.277301 -0.094007 -0.322306 -0.266047 -0.300291 -0.298793 0.134336 -0.263079 -0.171799 -0.054158 -0.092703 -0.224842 -0.293420 -0.341662 -0.150984 -0.485355 0.034560 -0.039252 -0.360089 -0.283710 0.478135 0.325256 -0.238492 0.148169 -0.421175 -0.328858 0.050142 0.066483 -0.102261 -0.031821 0.158353 0.346295 -0.107633 -0.082167 -0.291727 -0.116568 -0.458877 -0.312626 0.380306 0.149406 0.458648 0.259419 0.093335 0.098249 0.210009 0.192852 -0.200247 0.105174 0.298810 0.404077 0.067610 -0.071312 -0.190712 -0.084130 -0.408958 -0.363097 0.195241 0.240245 -0.055482 -0.323975 -0.233751 -0.191271 -0.119762 -0.024825 0.002765 -0.176038 -0.016665 -0.126256 -0.065572 0.033399 0.097009 -0.262238
-0.196339 -0.359222 0.234876 0.564851 -0.037362 -0.000572 0.575405 0.335317 0.358463 0.172249 0.130040 0.592688 0.342359 0.316035 0.408580 0.439412 -0.423183 -0.219455 -0.054582 0.210087 0.122386 0.323089 0.643103 0.668465 0.206342 0.711685 0.128217 0.196292 -0.107537 -0.159340 0.718979 1.000000 -0.291134 0.314485 0.245270 0.310403 -0.305525 -0.067767 -0.080167 0.005989 -0.328605 -0.329586 -0.336946 -0.434188 -0.503275 -0.237254 -0.411166 -0.325945 -0.523747 -0.484691 -0.032708 -0.455891 -0.357836 -0.163385 -0.342696 -0.405912 -0.228409 -0.446994 -0.296764 -0.615031 0.144485 0.005379 -0.436422 -0.361845 0.674559 0.574394 -0.359356 0.354178 -0.375174 -0.276658 0.119071 0.131421 -0.285974 -0.085893 0.069790 0.321644 -0.028891 0.040401 -0.335541 -0.231779 -0.489327 -0.464549 0.271993 0.303268 0.460727 0.334647 0.124606 0.063770 0.353792 0.252240 -0.090978 0.154806 0.566798 0.473609 0.002028 0.066039 -0.317495 0.095584 -0.501143 -0.290971 0.142072 0.271714 -0.122937 -0.258844 -0.238515 -0.147672 -0.217579 -0.108785 -0.010028 -0.139489 0.052233 -0.007614 -0.174114 -0.101415 0.115856 -0.306442
0.044574 0.272543 -0.114640 -0.081676 -0.010112 -0.204438 -0.320287 -0.094188 -0.320930 -0.297409 -0.326625 -0.194349 -0.393195 -0.316622 -0.485198 -0.391122 0.225630 0.125964 0.174731 0.008966 -0.179025 -0.313806 -0.505831 -0.466137 -0.201360 -0.357809 -0.370625 -0.445416 0.194191 0.392273 -0.190163 -0.291134 1.000000 0.471115 -0.071732 0.044234 0.299471 0.134234 -0.047471 -0.055466 0.235741 0.172019 0.255004 0.262735 0.312918 0.252475 0.303245 0.262267 -0.096829 0.186225 -0.276009 0.036840 0.079645 -0.065876 0.128602 0.362058 0.110014 0.233900 -0.174166 0.212397 -0.115448 -0.071036 0.319975 0.345558 -0.435025 -0.371513 0.383938 -0.057257 0.511806 0.287093 0.007041 -0.177081 0.483182 0.328887 0.142252 -0.061955 0.355706 0.192740 0.166112 0.458926 0.300067 0.337815 0.000615 -0.116316 -0.435451 -0.210802 -0.072750 -0.084176 -0.215046 -0.026657 -0.254535 -0.292399 -0.328767 -0.170793 -0.105750 -0.139666 0.400117 0.049006 0.291845 0.347743 0.169283 0.037476 -0.166871 0.223482 0.003625 -0.046815 -0.149863 -0.274131 -0.083945 0.110708 0.251701 0.075550 0.035393 0.063248 -0.227282 -0.077936
-0.045080 0.293741 -0.052117 0.249469 0.018453 -0.145339 -0.025316 0.183370 -0.052457 0.013940 -0.179308 0.197512 -0.130858 -0.018531 -0.234216 0.028930 0.048777 0.254090 0.190246 0.354845 -0.170966 0.012073 -0.186465 -0.007412 -0.117922 0.000735 -0.281360 -0.342513 0.019676 0.400953 0.262915 0.314485 0.471115 1.000000 0.167199 0.380396 -0.173288 -0.077711 -0.256904 -0.136603 -0.014702 -0.251409 -0.156534 -0.219242 -0.048572 0.044195 -0.220425 -0.033421 -0.499091 -0.290387 -0.426613 -0.392896 -0.180288 -0.266202 -0.212772 -0.223616 0.075295 0.065673 -0.181164 -0.026678 0.055892 0.169115 0.046703 0.225582 0.040699 0.065212 0.118122 0.178391 0.321839 0.092857 0.317000 -0.045529 0.247221 0.418790 0.184415 0.333300 0.358614 0.339852 -0.077929 0.268034 -0.032301 0.112700 0.075909 0.087903 -0.116798 -0.165881 -0.025554 -0.200634 -0.043695 0.037670 -0.183990 -0.220127 0.064864 0.010182 -0.121202 0.110960 0.097691 0.173545 -0.180828 0.037875 0.042401 0.313151 -0.347083 -0.025231 -0.215799 -0.062067 -0.146994 -0.234218 0.104371 -0.001268 0.312785 0.036740 -0.212402 -0.042860 -0.099918 -0.106950
0.141211 0.078703 0.052686 -0.029805 -0.121047 -0.121190 0.189353 -0.162546 0.066127 -0.232117 0.098620 0.124307 0.127309 -0.059256 0.089483 -0.148519 -0.186127 0.023985 0.149346 0.292580 -0.077962 0.169504 0.263047 0.022776 0.276037 0.300318 0.140080 0.008939 -0.169642 -0.044093 0.193042 0.245270 -0.071732 0.167199 1.000000 0.271331 -0.058330 -0.152928 -0.235891 -0.096666 -0.317829 -0.460598 -0.125442 -0.124466 -0.132105 -0.139369 -0.078835 0.144690 -0.197010 -0.247388 0.023699 -0.205887 -0.200397 -0.068406 -0.311836 -0.043674 0.070977 0.110784 -0.104169 -0.365068 -0.198923 -0.241373 -0.245573 -0.082216 0.140917 -0.088014 -0.061026 0.055299 -0.086791 -0.070970 0.320270 -0.280108 -0.029045 0.193725 0.129321 0.444426 0.373808 0.431819 -0.167713 0.148591 -0.299593 -0.224383 -0.273589 -0.309213 0.098304 -0.074932 -0.065738 -0.142202 -0.153298 -0.328983 -0.154541 0.210697 0.113002 0.337989 -0.106546 0.324874 0.190153 0.234224 0.029197 0.060676 -0.030739 0.115378 0.073782 0.213066 0.055122 0.085210 -0.120021 -0.211717 0.269323 0.049615 0.392473 0.008079 -0.114143 0.086903 0.441162 -0.200926
-0.166511 -0.029883 0.160840 0.361377 0.198150 -0.027823 0.386400 0.448022 0.217855 0.181926 0.070606 0.399528 0.104187 0.298611 -0.033954 0.085353 -0.351511 -0.035295 -0.106670 0.075194 -0.048729 0.198331 0.149882 0.203040 0.231854 0.234780 0.070706 -0.045606 -0.290389 0.175368 0.265746 0.310403 0.044234 0.380396 0.271331 1.000000 0.009441 -0.071589 0.009510 0.009163 -0.255165 -0.210255 -0.261093 -0.329099 -0.234159 -0.051788 -0.151751 -0.156603 -0.325423 -0.327826 -0.160798 -0.273550 -0.150677 -0.278193 0.038455 -0.020618 -0.304821 -0.373000 0.066866 -0.061674 0.037194 0.239181 -0.128371 -0.089273 0.201227 0.332088 0.038357 0.320700 -0.231894 -0.171651 0.127123 -0.101010 -0.052901 0.217944 0.080679 0.181735 0.295941 0.246406 -0.375079 -0.079089 -0.417317 -0.315605 0.050080 -0.039367 0.138770 0.129133 0.262092 0.062178 0.145306 0.109135 -0.134052 -0.122361 0.375172 0.086222 -0.189995 0.094222 -0.041667 -0.027383 -0.349188 -0.325334 0.233595 0.164766 -0.015756 -0.035309 -0.030715 -0.203182 -0.158724 -0.151389 -0.075433 -0.074803 0.217721 -0.311594 -0.307204 -0.170703 0.260540 -0.244122
