1.000000 0.559534 0.084751 -0.557079 0.019307 -0.006942 0.231363 0.240849 -0.082969 0.106742 0.367778 0.379897 0.548565 0.528123 0.052810 0.186623 0.207444 0.138861 0.009867 0.056827 -0.264544 -0.185284 -0.444602 -0.400480 -0.395226 -0.444881 -0.146218 -0.404224 0.323299 0.397400 -0.276552 -0.324376 0.121864 0.237851 -0.085798 -0.117130 -0.018806 -0.285640 0.028088 -0.035224 -0.075204 0.079798 -0.045704 -0.339256 0.032603 -0.399499 -0.115787 -0.192091 0.002734 -0.057089 -0.421065 -0.220902 0.133431 0.100938 -0.092712 -0.302156 0.183441 -0.016849 0.471725 0.296681 0.525592 0.554267 0.211861 0.455341 -0.118046 0.139659 -0.100616 -0.222745 -0.192600 0.045288 -0.114396 0.194123 0.352440 0.070211 -0.087156 0.220324 0.063229 0.076204 -0.160027 0.051425 0.143663 0.208040 0.164650 0.151436 -0.120716 -0.277448 -0.381252 -0.444872 -0.381812 -0.362236 0.142647 0.085472 0.035149 0.048301 0.029202 -0.039407 -0.199776 -0.268897 -0.050712 0.007947 -0.029205 -0.048227 -0.000299 -0.386715 -0.184699 -0.131909 -0.276985 0.046837 -0.000432 -0.338996 -0.272286 0.060688 0.033270 -0.039047 -0.209683 -0.187982
0.559534 1.000000 -0.388552 -0.449788 0.094458 0.254677 -0.200775 0.171841 -0.104668 0.220257 0.249113 0.288262 0.355282 0.591623 -0.002234 0.448183 0.275570 0.017347 0.067226 0.103107 -0.148085 -0.040325 -0.677106 -0.319347 -0.250248 -0.421512 0.147280 -0.374602 0.361859 0.566068 -0.166765 -0.319391 0.031736 0.322060 -0.260365 -0.191256 0.364355 -0.019984 -0.092057 -0.147946 0.122269 0.218068 -0.002037 -0.214498 0.331243 -0.249842 -0.139725 -0.065992 0.070175 0.277471 -0.551756 -0.106842 0.021190 0.006131 -0.118388 -0.160632 0.084676 -0.016731 0.457758 0.288485 0.329657 0.581860 0.199693 0.463613 -0.348851 0.132982 -0.132240 -0.388108 -0.043850 0.129861 -0.129609 -0.012987 0.282650 0.033055 -0.006124 0.287722 0.146119 0.094089 -0.197766 -0.138235 0.276713 0.209905 0.311988 0.467027 0.005569 0.044364 -0.346048 -0.310094 -0.572546 -0.423452 0.176370 0.028051 -0.030861 -0.007429 -0.075177 -0.106062 -0.244398 -0.207341 -0.037755 -0.095100 0.164864 -0.025061 0.112857 -0.115845 -0.198429 0.022049 -0.058246 0.179945 0.089063 -0.245328 -0.330211 0.128981 0.137624 -0.220857 -0.176232 -0.009339
0.084751 -0.388552 1.000000 0.127548 0.207903 -0.115762 0.741336 0.492309 0.185501 0.246656 -0.007104 0.195341 0.165627 -0.129111 0.002170 -0.194296 -0.274475 -0.206819 0.053050 0.034946 -0.097090 -0.310317 0.271655 -0.062646 0.041997 0.062917 -0.098642 -0.184016 -0.289878 -0.110077 0.311767 0.298880 0.235077 0.016278 0.257098 0.200973 -0.538691 -0.475462 -0.028536 0.148034 -0.579559 -0.146294 -0.125953 -0.155394 -0.244172 -0.141383 -0.106071 -0.243780 0.006449 -0.214030 0.030874 0.048064 0.197520 0.077674 -0.134310 -0.071090 -0.410264 -0.356297 -0.055686 0.104934 0.139987 0.019857 -0.182448 -0.391719 0.395865 0.014872 0.109684 0.253758 -0.249865 -0.330035 -0.167804 0.282953 -0.079484 -0.001455 0.083319 0.024754 0.042715 -0.022344 -0.157558 -0.114395 -0.488906 -0.279477 -0.212213 -0.348452 -0.298511 -0.352290 -0.057167 -0.283306 0.164128 0.001747 -0.105088 0.033644 0.132830 0.051113 0.136492 -0.109425 -0.101598 -0.039907 -0.130096 -0.168145 -0.150479 -0.010090 -0.033530 -0.099199 0.074605 -0.181576 -0.137223 -0.282411 -0.360394 -0.151222 0.077036 -0.187158 -0.150456 0.179995 -0.249222 -0.396753
-0.557079 -0.449788 0.127548 1.000000 0.147966 0.125649 -0.025652 0.076590 0.205293 0.025163 -0.334250 -0.167677 -0.595786 -0.485083 -0.056742 -0.152089 -0.413914 -0.446356 -0.041904 0.055923 0.261327 0.144733 0.654083 0.476749 0.442826 0.500319 0.230067 0.515616 -0.462229 -0.533197 0.320496 0.449227 -0.306840 -0.296291 0.170610 0.142006 -0.330862 -0.047858 -0.270446 0.109621 -0.171230 -0.314967 0.000818 0.229387 -0.270034 0.433717 0.163425 0.119619 -0.042980 -0.042083 0.501687 0.135449 -0.287462 -0.091095 -0.186355 0.205921 -0.265828 -0.272907 -0.575852 -0.339692 -0.528830 -0.457809 -0.340804 -0.649235 0.404196 0.047767 -0.031014 0.303027 0.140748 -0.124623 -0.288603 -0.201973 -0.462574 -0.086018 -0.062323 0.003546 -0.217995 0.003098 0.110903 -0.121981 -0.326321 -0.377175 -0.161306 -0.160279 0.055056 0.165666 0.208375 0.263843 0.477571 0.290203 -0.125453 -0.006083 0.151373 -0.060128 -0.046009 -0.083202 0.030212 0.138112 -0.061667 -0.189239 -0.151286 0.189079 -0.020740 0.229886 0.315242 -0.045011 0.121690 -0.071198 -0.188123 0.157965 0.225785 -0.091024 0.013377 0.123342 0.182099 0.065116
0.019307 0.094458 0.207903 0.147966 1.000000 0.516053 0.344700 0.426508 0.474559 0.701636 0.011777 0.249226 -0.027429 0.163879 0.201142 0.482988 -0.220438 -0.150407 0.249905 0.164447 0.268764 0.014261 -0.102660 -0.008746 -0.008511 -0.210707 0.510883 -0.174085 0.000802 0.178035 0.181032 0.113390 0.116362 0.267788 0.038142 -0.049031 -0.258615 -0.303923 -0.351199 -0.068613 -0.177041 0.011028 -0.244189 -0.333059 0.070046 -0.227595 -0.282122 -0.434921 0.239785 0.170945 0.065269 0.206516 0.092350 0.220262 -0.178395 0.081620 -0.188238 -0.286070 0.027635 0.154815 0.139028 0.237399 -0.264053 -0.272848 0.228790 0.085645 -0.212474 -0.344805 -0.118519 -0.113699 -0.148109 -0.163939 -0.100874 -0.030091 0.038914 0.124566 -0.160918 -0.203790 -0.119624 -0.009021 -0.116031 -0.282544 0.377214 0.330407 -0.005960 0.193011 -0.408103 -0.044283 -0.138018 -0.200284 -0.015024 0.092431 0.070264 0.112907 -0.079659 -0.481272 -0.353827 -0.329112 -0.160806 -0.188691 -0.009872 -0.011790 0.118389 -0.146910 0.239654 0.020363 0.038274 0.133421 -0.165113 -0.204698 -0.535140 -0.200014 -0.031260 -0.191137 0.000246 -0.021102
-0.006942 0.254677 -0.115762 0.125649 0.516053 1.000000 -0.011603 0.093004 0.451794 0.468672 0.127529 0.237658 -0.112176 0.076393 0.156832 0.517128 0.023852 -0.121936 0.337197 0.122640 0.497723 0.047923 -0.116449 0.053788 0.309825 0.006366 0.580959 0.055225 0.014628 0.195136 0.237722 0.051692 0.056025 0.218132 0.007774 -0.034753 0.032927 0.190619 -0.106074 0.066320 0.161171 0.193764 -0.220375 -0.224633 -0.084881 -0.197715 -0.135194 -0.330979 -0.069463 0.114038 -0.126873 0.083718 -0.116414 0.115402 -0.120462 0.029379 0.021159 -0.107689 -0.213204 -0.028321 -0.057286 0.238270 -0.215325 -0.142775 0.158858 0.189839 -0.210433 -0.302741 0.149927 -0.017724 -0.103793 0.068086 -0.023827 0.005792 0.005897 0.154775 0.075907 0.009828 -0.074502 0.035996 -0.054979 -0.058894 0.371215 0.503599 0.077994 0.226325 0.036356 0.126096 -0.151920 -0.063145 -0.129157 -0.250082 0.103174 -0.032002 -0.054298 -0.405716 -0.254126 -0.384830 -0.266326 -0.125543 0.212220 0.180327 0.238782 -0.024454 0.128960 -0.187204 0.022458 -0.073318 -0.264252 -0.307249 -0.457441 -0.127524 -0.050738 -0.365523 -0.073289 -0.036551
0.231363 -0.200775 0.741336 -0.025652 0.344700 -0.011603 1.000000 0.486873 0.475355 0.413666 0.355183 0.424391 0.166476 0.147934 0.361562 0.050868 -0.350975 -0.307071 0.237852 0.222990 -0.254048 -0.300666 0.159975 0.001711 0.018156 -0.187399 -0.105807 -0.283901 -0.009100 -0.036504 0.258452 0.307471 0.150232 0.155670 0.313707 0.163222 -0.439580 -0.491369 -0.169391 0.003484 -0.589120 -0.149284 -0.367539 -0.466515 -0.168007 -0.301326 -0.181437 -0.335204 0.047555 -0.092509 -0.132400 -0.068865 -0.042874 0.120126 -0.381533 -0.267881 -0.350374 -0.354533 0.030668 0.079997 0.239366 0.197186 -0.252885 -0.273776 0.481604 0.077641 -0.114732 0.027190 -0.195225 -0.416497 -0.248664 0.056031 0.004512 0.031417 0.116405 0.059076 -0.119703 -0.226347 -0.344072 -0.206846 -0.557506 -0.474941 0.074771 0.052478 -0.074340 -0.031585 -0.102092 -0.266557 0.201414 0.031962 -0.095180 0.045208 0.369911 0.187457 0.096002 -0.078682 -0.400057 -0.066126 -0.200215 -0.260242 -0.075972 -0.118266 0.000705 -0.185977 0.055772 -0.120720 -0.117164 -0.310376 -0.217423 -0.106403 -0.193959 -0.163254 -0.042723 0.182891 -0.180309 -0.397023
0.240849 0.171841 0.492309 0.076590 0.426508 0.093004 0.486873 1.000000 0.213554 0.566316 -0.070461 0.331503 0.175426 0.243442 -0.139117 0.116756 -0.094455 -0.201367 -0.177878 -0.107688 -0.197795 -0.189677 -0.140362 -0.174172 -0.088758 -0.140065 0.085952 -0.299517 -0.204858 0.243522 0.200150 0.134195 0.138262 0.276922 0.043197 0.084422 -0.166096 -0.419565 -0.235474 -0.052403 -0.353629 -0.053633 -0.001493 -0.144313 0.053638 -0.119463 -0.199283 -0.146826 -0.034660 -0.011983 -0.023118 -0.077459 0.040695 0.021497 -0.350190 -0.075057 -0.239487 -0.452701 0.041552 0.004557 0.160820 0.353931 -0.186724 -0.192192 0.254380 0.407714 -0.026847 -0.089848 -0.281725 -0.148366 -0.311248 0.122764 -0.108729 0.020177 0.004930 0.122674 0.006838 -0.055647 -0.234686 -0.086733 -0.175998 -0.180821 -0.071106 -0.087537 -0.345583 -0.072192 -0.247461 -0.331851 -0.162145 -0.395652 -0.165859 -0.090136 0.019921 -0.088140 -0.062241 -0.032247 -0.161748 -0.051810 -0.288210 -0.315036 -0.067898 -0.088262 -0.036072 -0.035457 0.198008 0.137498 -0.134527 0.008445 -0.135186 -0.202706 -0.123367 -0.035063 0.069081 0.004079 -0.101666 -0.380324
-0.082969 -0.104668 0.185501 0.205293 0.474559 0.451794 0.475355 0.213554 1.000000 0.616147 0.301506 0.378787 -0.035545 0.187209 0.611742 0.483895 -0.317792 -0.354724 0.317121 0.202963 0.201667 -0.283545 0.166025 0.156478 0.162889 -0.185619 0.146878 -0.150711 -0.037185 -0.099386 0.085734 0.118076 0.022151 0.262916 0.248540 0.170761 -0.364880 -0.081285 -0.146326 0.122374 -0.189535 -0.011729 -0.400326 -0.449912 -0.138770 -0.246470 -0.054902 -0.385482 0.049769 0.040162 -0.091692 -0.032112 -0.090790 0.161082 -0.223299 -0.019320 -0.253358 -0.305035 -0.092820 0.007835 0.085753 0.270379 -0.366981 -0.318423 0.503970 0.348767 -0.339365 -0.191421 0.062454 -0.377314 -0.173551 -0.100288 -0.091261 -0.166280 0.123862 0.026668 -0.171925 -0.251709 -0.196840 -0.208866 -0.449740 -0.325665 0.403560 0.387658 0.219443 0.188284 0.144380 -0.009555 0.374386 0.203086 -0.138576 -0.087447 0.511751 0.124528 0.186054 -0.296230 -0.447984 -0.215051 -0.223304 -0.254195 0.065959 0.084379 0.155739 -0.108209 0.193813 -0.227261 0.096748 -0.323807 -0.252601 -0.122419 -0.508031 -0.132713 -0.067974 0.043279 -0.144307 -0.102909
0.106742 0.220257 0.246656 0.025163 0.701636 0.468672 0.413666 0.566316 0.616147 1.000000 0.084804 0.329800 0.127721 0.313833 0.247886 0.587766 -0.197551 -0.151849 0.161542 0.250742 0.076993 -0.198111 -0.264166 -0.078905 -0.052335 -0.312908 0.354935 -0.343262 0.029261 0.321029 0.060964 -0.021061 0.079737 0.427975 -0.010934 -0.043318 -0.229793 -0.300598 -0.231896 0.023848 -0.247103 0.095371 -0.194023 -0.373963 0.047340 -0.284517 -0.146592 -0.414948 0.161782 0.170078 -0.078175 0.153139 0.162622 0.185612 -0.162369 0.059982 -0.338938 -0.422068 0.142947 0.264060 0.132994 0.446318 -0.255735 -0.247850 0.153244 0.300969 -0.308774 -0.433943 -0.162746 -0.224896 -0.171614 -0.070915 -0.011415 0.016182 0.120613 0.192120 0.016399 -0.116697 -0.291116 -0.128847 -0.186235 -0.268762 0.334832 0.349332 -0.179349 0.104742 -0.270992 -0.243046 -0.087341 -0.295921 0.038032 0.063514 0.370049 0.048827 0.112820 -0.307856 -0.370508 -0.205771 -0.126846 -0.159659 0.023153 -0.144295 -0.049154 -0.219254 0.264148 0.029857 0.157633 0.002806 -0.196537 -0.308239 -0.552486 0.040553 -0.099966 -0.086068 -0.116580 -0.201352
0.367778 0.249113 -0.007104 -0.334250 0.011777 0.127529 0.355183 -0.070461 0.301506 0.084804 1.000000 0.531261 0.122074 0.434025 0.688162 0.204447 -0.020428 -0.236128 0.434322 0.508779 -0.170704 -0.205792 -0.020601 0.187781 -0.093636 -0.364686 -0.071666 -0.345467 0.540161 0.261760 0.283468 0.208480 -0.136009 0.084856 0.249759 0.014902 -0.066034 -0.214619 -0.211893 -0.198682 -0.228838 0.024588 -0.401359 -0.614106 0.062132 -0.452974 -0.078291 -0.192174 0.072553 0.157647 -0.538102 -0.119895 -0.251590 0.300726 -0.316006 -0.192226 -0.105174 -0.090163 0.035970 0.102109 0.080404 0.215630 -0.198154 0.002527 0.114176 -0.041696 -0.452158 -0.302577 0.018115 -0.374751 -0.118622 -0.036133 0.251801 0.143858 0.375038 0.286166 0.136595 -0.028936 -0.201286 -0.318068 -0.311090 -0.202527 0.428726 0.587361 0.472112 0.062661 -0.103363 -0.037176 0.064464 -0.055162 0.120464 0.197724 0.420383 0.295169 0.050004 -0.041141 -0.480756 -0.247168 0.094263 -0.035824 -0.070632 -0.150527 0.186478 0.040301 -0.194629 -0.205156 -0.333555 -0.218165 0.004902 -0.156509 -0.350236 0.034222 0.196784 0.175511 0.010239 0.023087
0.379897 0.288262 0.195341 -0.167677 0.249226 0.237658 0.424391 0.331503 0.378787 0.329800 0.531261 1.000000 0.222123 0.566167 0.266790 0.280121 -0.064306 -0.287730 0.154394 0.106232 0.020376 -0.288512 -0.098915 -0.162068 -0.094120 -0.376012 0.099195 -0.502867 0.197055 0.341165 0.143114 0.010472 0.118702 0.234166 0.225500 0.237269 -0.202779 -0.213424 -0.280171 -0.063126 -0.274933 0.004612 -0.460605 -0.589609 0.101657 -0.173653 -0.098255 -0.138452 0.210870 0.171284 -0.296998 -0.091675 -0.098809 0.086834 -0.265742 -0.241472 -0.232890 -0.413765 0.139682 0.302568 0.240815 0.485945 -0.095857 -0.026209 0.347584 0.335033 -0.012042 0.040009 0.027178 -0.441852 -0.289488 -0.095087 0.250398 -0.071211 0.187012 0.210623 -0.090185 -0.079112 -0.127238 -0.180016 -0.240919 -0.056734 0.191490 0.303330 0.223846 -0.119745 -0.189707 -0.294998 -0.112640 -0.154292 -0.022414 0.018255 0.222797 0.230099 -0.058963 -0.179146 -0.517303 -0.192771 -0.215035 -0.284477 0.071091 -0.028964 0.234496 0.019854 -0.046773 -0.153935 -0.384691 -0.308822 -0.106018 -0.066427 -0.284472 -0.113096 0.098929 -0.129705 -0.170579 -0.131174
0.548565 0.355282 0.165627 -0.595786 -0.027429 -0.112176 0.166476 0.175426 -0.035545 0.127721 0.122074 0.222123 1.000000 0.519143 -0.005445 0.267257 0.279186 0.235389 -0.120882 -0.179094 -0.138962 -0.187315 -0.498200 -0.517650 -0.473158 -0.473036 -0.337934 -0.486060 0.323704 0.442172 -0.293879 -0.455539 0.323459 0.305263 -0.152287 -0.048575 0.069977 -0.085097 0.192607 0.049052 0.013412 0.305836 0.033092 -0.177046 0.067843 -0.309808 -0.254460 -0.145919 -0.012347 -0.115525 -0.352410 -0.082604 0.364234 -0.082559 0.267397 -0.231561 -0.005287 -0.097971 0.612612 0.263546 0.754455 0.478782 0.383314 0.471733 -0.253628 0.072069 0.215860 -0.151010 -0.227101 -0.039846 -0.137551 0.030807 0.396214 -0.002374 0.002657 0.170734 0.162649 0.087428 -0.135193 -0.051577 0.242079 0.246115 0.186401 -0.032338 -0.256085 -0.359375 -0.249554 -0.569493 -0.296353 -0.170007 0.122966 -0.039502 -0.159694 0.022457 0.119709 -0.137582 -0.031127 -0.064684 -0.032927 -0.010297 0.103133 -0.039526 0.096175 -0.154118 -0.266838 -0.096287 -0.099576 -0.032979 0.081267 -0.117014 -0.149172 -0.129325 -0.098650 0.086830 -0.433030 -0.233201
0.528123 0.591623 -0.129111 -0.485083 0.163879 0.076393 0.147934 0.243442 0.187209 0.313833 0.434025 0.566167 0.519143 1.000000 0.257494 0.460192 0.102023 0.009361 0.045200 0.078626 -0.210505 -0.096521 -0.451728 -0.318803 -0.304437 -0.515520 -0.029441 -0.618714 0.401307 0.488932 -0.183379 -0.298142 0.092113 0.354806 -0.091023 0.019582 0.147784 -0.052412 -0.137316 -0.139392 -0.068633 0.095540 -0.324565 -0.432719 0.288738 -0.268393 -0.208648 -0.049975 0.150073 0.158404 -0.447427 -0.188625 -0.040407 -0.077892 -0.096698 -0.225783 0.072304 -0.217548 0.354798 0.224159 0.503814 0.548137 0.057344 0.340732 -0.005456 0.333125 -0.212324 -0.310677 -0.112120 -0.277572 -0.244602 -0.153599 0.313547 0.014602 0.270551 0.369449 0.134804 0.073924 -0.054970 -0.139083 0.093613 0.083018 0.324639 0.366554 0.086830 -0.002295 -0.294215 -0.305070 -0.274706 -0.209889 0.124064 0.000810 -0.009665 0.043622 -0.093318 -0.062696 -0.331141 -0.031249 -0.128517 -0.175126 0.027718 -0.216775 0.085356 -0.146445 -0.082922 0.038550 -0.238281 -0.063941 0.115107 0.037445 -0.265622 -0.048461 0.087712 -0.093992 -0.042461 -0.068832
0.052810 -0.002234 0.002170 -0.056742 0.201142 0.156832 0.361562 -0.139117 0.611742 0.247886 0.688162 0.266790 -0.005445 0.257494 1.000000 0.420030 -0.176998 -0.225021 0.447743 0.629331 -0.072064 -0.083808 0.210205 0.477980 -0.118984 -0.440081 0.063480 -0.120786 0.502613 -0.014532 0.179602 0.137926 -0.280012 -0.084061 0.193427 -0.179061 -0.156006 -0.210949 -0.289020 -0.208166 -0.124756 -0.078339 -0.437630 -0.556093 -0.041526 -0.351345 -0.132576 -0.245782 0.137940 0.270942 -0.292325 0.028803 -0.229344 0.160756 -0.198972 -0.095948 -0.128231 -0.041518 -0.145882 0.086554 0.008691 -0.000887 -0.201345 -0.150363 0.236434 -0.133063 -0.629970 -0.351912 -0.067190 -0.290517 -0.023951 -0.308258 0.045809 0.007519 0.242323 0.121830 -0.171064 -0.328857 -0.125603 -0.453857 -0.345077 -0.397636 0.639314 0.671624 0.496315 0.290404 -0.051038 0.035717 0.399062 0.246271 0.261184 0.302702 0.627980 0.477748 -0.020163 -0.150893 -0.539261 -0.261014 0.065686 -0.013991 -0.034682 -0.082440 0.063290 -0.246565 -0.098528 -0.268743 0.143800 -0.122667 -0.058868 -0.190097 -0.497491 -0.109038 0.015335 0.117354 -0.030327 0.094229
0.186623 0.448183 -0.194296 -0.152089 0.482988 0.517128 0.050868 0.116756 0.483895 0.587766 0.204447 0.280121 0.267257 0.460192 0.420030 1.000000 0.136331 0.070562 0.218225 0.207131 0.155204 -0.157624 -0.403756 -0.086251 -0.242267 -0.521410 0.348273 -0.314514 0.411531 0.482149 -0.072176 -0.271340 0.116022 0.335514 -0.162295 -0.197275 0.091579 0.056916 -0.073302 -0.063263 0.216599 0.191397 -0.268662 -0.436172 0.003183 -0.334380 -0.222499 -0.405967 0.020586 0.128969 -0.267112 -0.037991 0.090477 0.014603 0.060015 0.046427 -0.006429 -0.213127 0.187762 0.181104 0.370321 0.488980 0.101004 0.248438 -0.109718 0.160178 -0.363246 -0.528345 -0.024773 -0.084067 -0.140241 -0.274079 0.199625 -0.236720 -0.094181 0.180897 -0.176849 -0.122421 0.016835 -0.038113 0.163440 0.039506 0.662294 0.646274 0.217874 0.314713 -0.241571 -0.065727 -0.252332 0.032519 0.046292 -0.024794 0.132839 0.064024 0.050938 -0.469216 -0.445243 -0.304628 -0.149356 -0.120937 0.180914 -0.089798 0.144671 -0.243184 0.164699 0.010994 0.137574 0.038992 -0.060476 -0.235273 -0.659307 -0.093497 -0.249333 -0.204933 -0.133627 -0.023558
0.207444 0.275570 -0.274475 -0.413914 -0.220438 0.023852 -0.350975 -0.094455 -0.317792 -0.197551 -0.020428 -0.064306 0.279186 0.102023 -0.176998 0.136331 1.000000 0.556194 -0.187948 -0.227733 -0.044964 -0.068904 -0.399889 -0.164616 -0.115733 -0.158623 0.038031 -0.099053 0.454624 0.500656 -0.036592 -0.269914 0.109725 0.033626 -0.296638 -0.376092 0.473407 0.152900 0.375534 -0.070035 0.553003 0.325322 0.192275 0.068926 -0.018196 -0.232821 -0.006769 -0.147171 -0.217369 0.022455 -0.097385 0.013669 0.170418 0.049737 0.265236 0.083510 0.494452 0.367206 -0.042171 -0.019868 0.012538 0.060028 0.392087 0.386982 -0.524939 -0.256353 -0.034895 -0.341233 -0.164678 0.189715 0.412333 0.092280 0.346324 -0.004515 -0.141604 -0.002127 0.066742 0.046136 0.265041 0.276061 0.637269 0.635224 0.087436 0.100542 -0.104060 0.030024 -0.163818 -0.120650 -0.530559 -0.376503 -0.053385 -0.072612 -0.366863 -0.184701 -0.025370 -0.020188 0.127401 -0.119017 0.152070 0.253186 0.334629 -0.082453 0.042564 0.032911 -0.226490 0.208825 -0.038127 0.195907 0.135252 -0.201996 -0.168461 0.102035 -0.041198 -0.129920 0.078361 0.063339
0.138861 0.017347 -0.206819 -0.446356 -0.150407 -0.121936 -0.307071 -0.201367 -0.354724 -0.151849 -0.236128 -0.287730 0.235389 0.009361 -0.225021 0.070562 0.556194 1.000000 -0.141540 -0.224488 -0.034411 0.020547 -0.370422 -0.234472 -0.214349 -0.117809 -0.038158 -0.039875 0.289152 0.328599 -0.192360 -0.363156 0.162023 0.031323 -0.331239 -0.291066 0.381456 0.188267 0.239465 -0.068260 0.486363 0.106195 0.222048 0.223914 0.065645 -0.199315 0.037913 0.032994 -0.004736 -0.052607 0.121347 0.043313 0.407398 0.015428 0.415298 0.200147 0.548721 0.427934 0.127747 -0.001899 0.152270 -0.109314 0.504409 0.527354 -0.458684 -0.246844 0.013027 -0.321487 -0.152149 0.267439 0.321914 0.015861 0.243827 -0.075241 -0.172055 -0.034095 0.074774 -0.044257 0.328343 0.452305 0.603394 0.536168 -0.010116 -0.121645 -0.297089 -0.072511 -0.110530 -0.039887 -0.400924 -0.115331 0.054543 0.004743 -0.407524 -0.201045 -0.099932 0.008340 0.285343 -0.105985 0.217614 0.471964 0.134143 -0.112100 -0.181674 -0.132754 -0.033609 0.178856 0.043834 0.231701 0.144848 -0.202623 -0.066917 0.011264 -0.200054 -0.070368 0.099165 0.140865
0.009867 0.067226 0.053050 -0.041904 0.249905 0.337197 0.237852 -0.177878 0.317121 0.161542 0.434322 0.154394 -0.120882 0.045200 0.447743 0.218225 -0.187948 -0.141540 1.000000 0.626343 0.135837 -0.270198 0.057386 0.155045 -0.042364 -0.230474 0.143646 -0.119901 0.197383 -0.018864 0.233242 0.160059 0.141370 0.221807 0.188348 0.060755 -0.260999 -0.172908 -0.140533 0.098544 -0.130016 0.065054 -0.428116 -0.326546 -0.114207 -0.366465 -0.050329 -0.128278 -0.049049 0.014220 -0.418062 -0.071095 0.060832 0.303862 0.039468 0.093317 -0.111039 -0.021140 -0.058132 0.119765 -0.050983 0.134897 -0.128906 -0.193246 0.033934 -0.189887 -0.262968 -0.150539 0.281308 -0.123674 -0.121401 0.049562 0.095654 -0.102265 0.093744 0.024221 0.118419 0.092486 -0.256819 -0.101302 -0.421544 -0.271605 0.430513 0.455751 0.316928 0.078495 -0.070406 0.069815 0.120269 0.208524 0.053100 0.118534 0.220796 0.219837 0.158647 -0.365296 -0.352190 -0.359914 0.011298 0.068787 0.118566 0.186504 0.459057 -0.087372 -0.116522 -0.290732 0.029918 -0.154948 -0.348038 -0.301938 -0.445388 -0.083747 0.140216 0.106801 -0.121264 0.024651
0.056827 0.103107 0.034946 0.055923 0.164447 0.122640 0.222990 -0.107688 0.202963 0.250742 0.508779 0.106232 -0.179094 0.078626 0.629331 0.207131 -0.227733 -0.224488 0.626343 1.000000 -0.054910 -0.118632 0.132979 0.393005 -0.184863 -0.371533 0.203355 -0.066494 0.345029 -0.011939 0.255635 0.201737 -0.207673 -0.008572 0.249151 -0.099028 -0.298828 -0.382972 -0.294560 -0.057904 -0.325843 -0.109102 -0.350561 -0.406327 0.037946 -0.210886 -0.028568 -0.064714 0.121791 0.271291 -0.365626 0.132827 -0.191162 0.279493 -0.040857 0.030792 -0.172261 -0.023500 -0.105507 0.172035 -0.288138 -0.062039 -0.263230 -0.337188 -0.065352 -0.305985 -0.560585 -0.258806 -0.027250 -0.216104 -0.063578 -0.182114 0.074011 0.143754 0.240353 0.184614 -0.008549 -0.055993 -0.202210 -0.390470 -0.367165 -0.526717 0.371760 0.559624 0.274534 0.111430 -0.198790 -0.018335 0.276359 0.010273 0.442851 0.466785 0.623028 0.444766 0.067466 -0.194683 -0.414151 -0.248143 0.279818 0.096885 -0.003785 -0.075412 0.088798 -0.273381 -0.106005 -0.220752 0.215116 0.028945 -0.259727 -0.299510 -0.366072 0.121689 0.074215 0.217320 -0.056349 0.048027
-0.264544 -0.148085 -0.097090 0.261327 0.268764 0.497723 -0.254048 -0.197795 0.201667 0.076993 -0.170704 0.020376 -0.138962 -0.210505 -0.072064 0.155204 -0.044964 -0.034411 0.135837 -0.054910 1.000000 -0.040384 0.066502 -0.138541 0.219839 0.207261 0.405464 0.229365 -0.231525 -0.057770 0.100568 0.009979 0.203209 0.143005 0.147744 0.331714 -0.154316 0.321819 0.177833 0.394558 0.178034 0.245460 0.037532 0.016093 -0.233787 0.158410 -0.115149 -0.031543 -0.131304 -0.182051 0.048757 -0.005304 -0.034354 -0.105193 0.166667 -0.013174 -0.019400 0.062842 -0.159635 -0.024257 -0.157508 0.017997 -0.101567 -0.163862 0.051042 0.062379 0.236866 0.256253 0.290178 -0.006194 0.045297 0.062140 0.087226 -0.095152 -0.012236 -0.042615 0.064539 0.143531 0.026692 0.135101 -0.030609 0.080052 0.104184 0.023436 0.150033 -0.076111 0.274016 0.166806 0.052777 0.105404 -0.243134 -0.268711 -0.080071 -0.040797 0.192737 -0.403076 0.048772 -0.213691 -0.272974 -0.132762 -0.001539 0.234215 0.166389 0.109163 0.033419 -0.254498 -0.071800 -0.187018 -0.302047 -0.096749 -0.011935 -0.138831 -0.159527 -0.194318 -0.018337 0.066339
-0.185284 -0.040325 -0.310317 0.144733 0.014261 0.047923 -0.300666 -0.189677 -0.283545 -0.198111 -0.205792 -0.288512 -0.187315 -0.096521 -0.083808 -0.157624 -0.068904 0.020547 -0.270198 -0.118632 -0.040384 1.000000 0.113473 0.308695 0.210479 0.275381 0.100757 0.467188 -0.001119 -0.278576 -0.054438 0.055109 -0.284446 -0.384928 -0.158635 -0.323224 0.336768 0.174194 -0.297548 -0.473477 0.188668 -0.271100 0.019179 0.345987 0.140441 0.421656 -0.063163 0.313473 0.167126 0.197977 0.347702 0.116801 -0.297347 -0.260378 -0.239299 -0.062582 0.217829 0.196219 -0.240835 -0.205617 -0.140548 -0.346906 -0.035418 0.089675 0.088587 -0.040615 -0.140237 0.011336 -0.030432 0.370907 -0.100845 -0.267340 -0.449547 0.035558 -0.008817 -0.158275 -0.168446 -0.338566 0.014633 -0.153187 0.195961 -0.166699 -0.118926 -0.005448 -0.038022 0.309541 -0.009582 0.410327 0.060936 0.082007 0.280951 0.045358 -0.143784 0.088248 -0.594608 0.212784 0.234122 0.073981 0.138042 0.110360 -0.133090 -0.160539 -0.135668 0.094229 0.090993 0.093057 0.024120 0.366975 0.373106 0.172232 0.208193 -0.074770 0.009776 -0.153781 0.313458 0.287778
-0.444602 -0.677106 0.271655 0.654083 -0.102660 -0.116449 0.159975 -0.140362 0.166025 -0.264166 -0.020601 -0.098915 -0.498200 -0.451728 0.210205 -0.403756 -0.399889 -0.370422 0.057386 0.132979 0.066502 0.113473 1.000000 0.639069 0.397603 0.515530 -0.026147 0.490047 -0.318510 -0.612476 0.462937 0.665896 -0.300379 -0.484105 0.439478 0.201020 -0.385179 0.013831 -0.229584 0.075539 -0.184633 -0.272442 -0.157295 0.070474 -0.364815 0.203452 0.030529 0.075660 -0.071086 -0.232202 0.330736 -0.059704 -0.286877 -0.062725 -0.226352 0.035511 -0.118004 -0.074133 -0.593646 -0.388416 -0.490864 -0.529014 -0.375635 -0.561074 0.568602 -0.150492 -0.088315 0.369460 0.088678 -0.299646 -0.024074 0.025092 -0.396086 0.018781 0.100947 0.077335 -0.212684 0.031215 0.184457 -0.083576 -0.551241 -0.412418 -0.159703 -0.193065 0.176856 -0.035224 0.411700 0.256737 0.702788 0.458642 -0.099914 0.054596 0.219897 0.101651 -0.157923 0.184364 -0.052209 0.099621 -0.023820 -0.106573 -0.268737 0.126877 0.012149 0.187558 0.066605 -0.254375 -0.045429 -0.280098 -0.203644 0.242726 0.323472 -0.275458 0.000938 0.178292 0.101965 0.067131
-0.400480 -0.319347 -0.062646 0.476749 -0.008746 0.053788 0.001711 -0.174172 0.156478 -0.078905 0.187781 -0.162068 -0.517650 -0.318803 0.477980 -0.086251 -0.164616 -0.234472 0.155045 0.393005 -0.138541 0.308695 0.639069 1.000000 0.267244 0.248926 0.192689 0.484098 0.088462 -0.365554 0.442151 0.542893 -0.543630 -0.503027 0.032012 -0.346325 0.072461 -0.039395 -0.383565 -0.354402 0.080941 -0.344979 -0.017813 0.089723 -0.062966 0.129822 0.170282 0.014868 0.219515 0.233493 0.276423 0.154650 -0.306673 0.027364 -0.296284 0.053851 0.005670 0.103889 -0.576161 -0.273607 -0.596640 -0.584432 -0.354100 -0.476699 0.210282 -0.383323 -0.522446 -0.177108 -0.171416 -0.028787 0.007392 -0.305015 -0.481632 0.064061 0.079193 0.015059 -0.244737 -0.257665 0.037782 -0.359388 -0.336172 -0.498647 0.193843 0.299349 0.201945 0.342740 0.050447 0.318367 0.465636 0.143344 0.200308 0.304273 0.359528 0.327724 -0.412249 0.131664 -0.086193 -0.036418 0.203720 0.106150 -0.108839 -0.028768 -0.050332 0.135868 0.234424 -0.024923 0.206053 0.177243 0.047016 -0.034736 -0.038659 -0.022127 0.099166 0.114012 0.273036 0.312042
-0.395226 -0.250248 0.041997 0.442826 -0.008511 0.309825 0.018156 -0.088758 0.162889 -0.052335 -0.093636 -0.094120 -0.473158 -0.304437 -0.118984 -0.242267 -0.115733 -0.214349 -0.042364 -0.184863 0.219839 0.210479 0.397603 0.267244 1.000000 0.691145 0.319623 0.385826 -0.354840 -0.379275 0.382958 0.516657 -0.183817 -0.270683 0.196090 0.135922 0.037495 0.301892 0.060922 0.079343 -0.104262 -0.089225 -0.176664 0.154894 -0.110926 0.231652 0.003240 -0.063255 -0.083454 -0.073917 0.272738 -0.039768 -0.420545 -0.085154 -0.348318 -0.082201 0.097854 0.032001 -0.572705 -0.411054 -0.423004 -0.337042 -0.394006 -0.357669 0.405160 0.150243 -0.068753 0.189792 0.213005 -0.126412 0.048317 0.159813 -0.272398 -0.019046 0.031336 0.140747 0.037402 0.071931 0.095422 0.097120 -0.301144 -0.163885 -0.248348 -0.129000 -0.055000 0.051123 0.504656 0.324263 0.231978 0.088375 -0.280172 -0.220945 0.065541 -0.192514 -0.095055 0.253897 0.060179 0.180962 -0.227710 -0.201673 -0.172913 -0.032080 -0.099888 0.342162 0.190725 -0.037119 -0.051733 -0.206646 -0.019003 0.157143 0.329205 -0.218523 -0.114433 -0.128492 0.264905 0.106964
-0.444881 -0.421512 0.062917 0.500319 -0.210707 0.006366 -0.187399 -0.140065 -0.185619 -0.312908 -0.364686 -0.376012 -0.473036 -0.515520 -0.440081 -0.521410 -0.158623 -0.117809 -0.230474 -0.371533 0.207261 0.275381 0.515530 0.248926 0.691145 1.000000 0.082994 0.664125 -0.573299 -0.447295 0.347177 0.548836 -0.129430 -0.276976 0.129314 0.194920 0.107177 0.303087 0.089024 0.036811 0.065091 -0.099840 0.194593 0.534212 -0.207286 0.376470 0.117151 0.174360 -0.200008 -0.336720 0.415338 -0.101056 -0.210209 -0.212883 -0.252710 -0.078753 0.073044 0.073228 -0.448847 -0.527053 -0.457072 -0.470588 -0.289096 -0.315271 0.230531 -0.013909 0.205426 0.373855 0.135663 0.050010 0.059192 0.294887 -0.417492 -0.012487 -0.010689 0.003257 0.160296 0.256657 0.082015 0.220657 -0.185425 0.005524 -0.516848 -0.458453 -0.187030 -0.017342 0.470552 0.288978 0.240151 0.126789 -0.342025 -0.303564 -0.241763 -0.291687 -0.147045 0.286711 0.352874 0.172793 -0.125070 -0.101787 -0.256905 0.172131 -0.026959 0.454148 0.166084 -0.065197 -0.168554 -0.186004 0.047799 0.274866 0.539823 -0.066702 0.050310 -0.013691 0.303856 0.036059
-0.146218 0.147280 -0.098642 0.230067 0.510883 0.580959 -0.105807 0.085952 0.146878 0.354935 -0.071666 0.099195 -0.337934 -0.029441 0.063480 0.348273 0.038031 -0.038158 0.143646 0.203355 0.405464 0.100757 -0.026147 0.192689 0.319623 0.082994 1.000000 0.213027 0.073485 0.123586 0.293032 0.133239 -0.020050 0.075402 -0.143313 -0.254651 0.034131 0.003698 -0.134098 -0.039098 0.139618 -0.050085 -0.151091 -0.121018 0.047859 0.014766 -0.249809 -0.195748 0.083003 0.229656 0.062334 0.123816 -0.218932 0.010823 -0.131365 0.010726 0.100490 0.058982 -0.232436 0.051025 -0.328363 -0.013529 -0.234235 -0.279229 -0.010594 -0.019104 -0.241149 -0.213754 -0.010308 0.131546 0.041746 -0.096600 -0.014452 -0.050107 -0.112913 0.053370 -0.236395 -0.120420 0.219302 0.047247 0.139835 -0.117878 0.243992 0.359788 0.120937 0.261091 -0.208369 0.164671 -0.138342 -0.246773 -0.060335 0.027922 0.068133 0.153379 -0.163897 -0.375409 -0.142154 -0.349218 -0.243817 -0.129022 -0.092630 -0.121061 0.041536 -0.183635 0.065082 -0.003868 0.189951 0.277127 -0.206372 -0.425502 -0.270642 -0.178722 -0.042083 -0.407613 0.058546 0.166221
-0.404224 -0.374602 -0.184016 0.515616 -0.174085 0.055225 -0.283901 -0.299517 -0.150711 -0.343262 -0.345467 -0.502867 -0.486060 -0.618714 -0.120786 -0.314514 -0.099053 -0.039875 -0.119901 -0.066494 0.229365 0.467188 0.490047 0.484098 0.385826 0.664125 0.213027 1.000000 -0.284932 -0.501069 0.178512 0.358456 -0.232419 -0.377287 0.030253 -0.110293 0.117510 0.189587 -0.072690 -0.121283 0.270281 -0.250246 0.241355 0.537200 -0.240672 0.377171 0.126018 0.192005 -0.174811 -0.217530 0.448893 -0.023294 -0.330104 -0.292855 -0.142504 -0.056360 0.255194 0.300392 -0.443780 -0.531765 -0.492054 -0.541385 -0.236765 -0.173437 0.151221 -0.237131 -0.053830 0.216971 -0.084431 0.287153 0.014313 0.057217 -0.441589 -0.069741 -0.221613 -0.231381 -0.209344 -0.041540 0.050633 0.043945 -0.017826 -0.139119 -0.201584 -0.132202 0.066655 0.350721 0.314655 0.353364 0.380360 0.276326 -0.152632 -0.229186 -0.063310 -0.051346 -0.235459 0.083218 0.387438 -0.097624 -0.071600 -0.057686 -0.082423 0.260330 0.063461 0.081789 0.058498 -0.100386 0.162978 0.025680 0.047792 0.028571 0.276774 0.021288 -0.011145 0.001569 0.223146 0.055709
0.323299 0.361859 -0.289878 -0.462229 0.000802 0.014628 -0.009100 -0.204858 -0.037185 0.029261 0.540161 0.197055 0.323704 0.401307 0.502613 0.411531 0.454624 0.289152 0.197383 0.345029 -0.231525 -0.001119 -0.318510 0.088462 -0.354840 -0.573299 0.073485 -0.284932 1.000000 0.544661 0.060622 -0.206859 -0.123140 -0.006973 -0.190666 -0.554578 0.265720 -0.220277 -0.138615 -0.257312 0.261702 0.070774 -0.224168 -0.448546 0.123824 -0.462478 -0.205060 -0.221825 0.061372 0.298198 -0.360344 0.083238 0.021621 0.108650 0.078104 0.061095 0.201604 0.125599 0.128870 0.188757 0.149814 0.085214 0.374892 0.309380 -0.337269 -0.331208 -0.390966 -0.573880 -0.129209 -0.019885 0.085338 -0.363660 0.519221 0.155964 0.152066 0.230850 -0.022030 -0.181757 0.160716 -0.148507 0.398540 0.140690 0.573139 0.620252 0.387628 0.281442 -0.371865 -0.209143 -0.245819 -0.186087 0.263362 0.268272 0.076339 0.305057 -0.004389 -0.129236 -0.303359 -0.192339 0.189865 0.211430 0.073871 -0.235226 0.012125 -0.200451 -0.341881 0.135105 0.050721 0.214737 0.165616 -0.229116 -0.427271 -0.033177 -0.030768 -0.021478 0.020380 0.230162
0.397400 0.566068 -0.110077 -0.533197 0.178035 0.195136 -0.036504 0.243522 -0.099386 0.321029 0.261760 0.341165 0.442172 0.488932 -0.014532 0.482149 0.500656 0.328599 -0.018864 -0.011939 -0.057770 -0.278576 -0.612476 -0.365554 -0.379275 -0.447295 0.123586 -0.501069 0.544661 1.000000 0.065549 -0.214371 0.254871 0.434936 -0.183377 -0.176758 0.271224 -0.065595 0.065539 0.012902 0.188429 0.408352 0.026860 -0.308371 0.131356 -0.550023 -0.098099 -0.264441 -0.041615 0.063704 -0.405483 0.030807 0.346273 0.180101 0.106374 0.132145 0.022296 -0.189941 0.316235 0.204053 0.245116 0.499292 0.272842 0.355416 -0.415609 -0.073621 -0.086686 -0.513329 -0.223884 -0.193244 0.036062 0.052595 0.600168 0.248204 0.213446 0.413626 0.275963 0.154218 0.043820 0.062940 0.385580 0.410473 0.332320 0.407315 0.005676 0.023561 -0.405898 -0.339587 -0.636436 -0.412326 -0.089344 -0.083379 -0.248397 -0.156109 0.092839 -0.222224 -0.131213 -0.199439 0.012590 0.103846 0.209412 -0.135867 0.087345 -0.034136 -0.116985 0.122874 -0.222473 0.021336 -0.117214 -0.281330 -0.357672 0.067573 0.052664 -0.200954 -0.039939 -0.105098
-0.276552 -0.166765 0.311767 0.320496 0.181032 0.237722 0.258452 0.200150 0.085734 0.060964 0.283468 0.143114 -0.293879 -0.183379 0.179602 -0.072176 -0.036592 -0.192360 0.233242 0.255635 0.100568 -0.054438 0.462937 0.442151 0.382958 0.347177 0.293032 0.178512 0.060622 0.065549 1.000000 0.811719 -0.135977 -0.191699 0.341566 0.056226 -0.079895 -0.221953 -0.329066 -0.113422 -0.240721 -0.083076 -0.232818 -0.216595 -0.227121 -0.213573 -0.220220 -0.167426 -0.162412 -0.063666 -0.120885 -0.050268 -0.229553 0.039125 -0.405924 -0.005800 -0.140769 -0.132416 -0.482804 -0.271731 -0.395934 -0.238440 -0.263593 -0.396183 0.261020 -0.238236 -0.175780 -0.040289 -0.001739 -0.381296 -0.096751 0.086702 -0.007097 0.094965 0.240781 0.325603 0.190133 0.101397 0.044584 -0.091589 -0.386303 -0.234865 -0.019881 0.142656 0.181530 0.089729 0.117985 0.038367 0.130250 -0.039833 -0.163398 0.038673 0.078726 0.111872 -0.207057 0.041946 -0.315381 -0.199002 -0.071138 -0.161360 -0.163447 -0.066296 0.108614 0.406089 0.047845 -0.197099 -0.280630 -0.282720 -0.186786 -0.063075 0.012818 -0.308285 -0.004389 0.073952 0.061167 -0.081937
-0.324376 -0.319391 0.298880 0.449227 0.113390 0.051692 0.307471 0.134195 0.118076 -0.021061 0.208480 0.010472 -0.455539 -0.298142 0.137926 -0.271340 -0.269914 -0.363156 0.160059 0.201737 0.009979 0.055109 0.665896 0.542893 0.516657 0.548836 0.133239 0.358456 -0.206859 -0.214371 0.811719 1.000000 -0.205718 -0.235449 0.503401 0.226368 -0.220691 -0.138202 -0.285437 -0.062921 -0.379960 -0.258446 -0.164660 -0.056548 -0.264916 -0.001580 -0.080115 -0.126719 -0.120820 -0.210304 0.048173 -0.169176 -0.370356 0.024605 -0.479913 -0.137432 -0.128361 -0.139201 -0.557460 -0.446908 -0.498491 -0.305846 -0.521466 -0.512303 0.422808 -0.133886 -0.226607 0.133176 0.040664 -0.433372 -0.068923 0.186752 -0.274528 0.099904 0.207491 0.294907 0.088182 0.152332 -0.032789 -0.086059 -0.592671 -0.423230 -0.185526 0.016796 0.125306 0.055697 0.249537 0.252000 0.348444 0.118480 -0.265733 -0.029656 0.176730 -0.029925 -0.188236 0.195663 -0.162175 -0.066043 -0.084572 -0.216122 -0.332758 -0.112720 0.050050 0.392312 0.195080 -0.220436 -0.294263 -0.323211 -0.148190 0.133589 0.179450 -0.223791 0.067538 0.216059 0.151374 -0.117543
0.121864 0.031736 0.235077 -0.306840 0.116362 0.056025 0.150232 0.138262 0.022151 0.079737 -0.136009 0.118702 0.323459 0.092113 -0.280012 0.116022 0.109725 0.162023 0.141370 -0.207673 0.203209 -0.284446 -0.300379 -0.543630 -0.183817 -0.129430 -0.020050 -0.232419 -0.123140 0.254871 -0.135977 -0.205718 1.000000 0.710658 0.110115 0.271515 -0.127222 0.052199 0.369141 0.404646 0.046686 0.305678 0.022891 0.049312 -0.065947 -0.152890 -0.193537 -0.087263 -0.274884 -0.376294 -0.208711 -0.237464 0.237494 -0.143622 0.280942 -0.030892 0.076753 -0.062956 0.392038 0.000340 0.297766 0.470005 0.075670 0.204147 -0.129113 0.147209 0.381401 0.121574 0.057435 0.044940 -0.112478 0.388194 0.218405 -0.145803 -0.153647 -0.119107 0.059325 0.102166 -0.166839 0.224795 0.018911 0.178525 -0.020317 -0.146094 -0.109801 -0.121609 -0.024796 -0.051169 -0.252145 0.012167 -0.534354 -0.537687 -0.397447 -0.320365 0.338669 -0.405942 0.216715 -0.176401 -0.381071 -0.254318 0.088675 -0.025924 0.426199 -0.111659 -0.177193 -0.029913 -0.344624 -0.198461 -0.351756 -0.193597 0.058382 -0.001374 -0.107244 -0.070794 -0.378637 -0.402362
0.237851 0.322060 0.016278 -0.296291 0.267788 0.218132 0.155670 0.276922 0.262916 0.427975 0.084856 0.234166 0.305263 0.354806 -0.084061 0.335514 0.033626 0.031323 0.221807 -0.008572 0.143005 -0.384928 -0.484105 -0.503027 -0.270683 -0.276976 0.075402 -0.377287 -0.006973 0.434936 -0.191699 -0.235449 0.710658 1.000000 -0.046312 0.180653 -0.088896 -0.070823 0.237625 0.367346 -0.015027 0.377850 -0.034340 -0.195784 -0.032175 -0.285338 -0.109484 -0.170276 -0.255625 -0.184567 -0.377997 -0.263609 0.226874 -0.022539 0.115133 -0.094248 -0.091508 -0.230170 0.478232 0.136596 0.257318 0.655757 -0.032000 0.131623 -0.208761 0.272663 0.177950 -0.134065 0.054197 -0.030441 -0.134417 0.264475 0.315617 0.031342 -0.007333 0.026873 0.235122 0.145783 -0.308289 0.094779 0.035564 0.126013 0.214246 0.171973 -0.128687 0.047224 -0.213911 -0.191891 -0.248324 -0.203619 -0.419557 -0.423346 -0.119413 -0.295027 0.390579 -0.418372 0.056483 -0.258951 -0.370480 -0.281753 0.144450 -0.045504 0.286785 -0.143481 -0.132737 -0.090106 -0.249830 -0.144720 -0.312723 -0.314406 -0.265533 0.147484 0.105908 0.018715 -0.257790 -0.417535
-0.085798 -0.260365 0.257098 0.170610 0.038142 0.007774 0.313707 0.043197 0.248540 -0.010934 0.249759 0.225500 -0.152287 -0.091023 0.193427 -0.162295 -0.296638 -0.331239 0.188348 0.249151 0.147744 -0.158635 0.439478 0.032012 0.196090 0.129314 -0.143313 0.030253 -0.190666 -0.183377 0.341566 0.503401 0.110115 -0.046312 1.000000 0.628981 -0.486675 -0.063511 -0.091665 0.209854 -0.506779 -0.060156 -0.303883 -0.254398 -0.110729 0.015877 -0.144358 -0.061594 -0.202993 -0.209249 -0.190383 -0.209245 -0.351492 0.026747 -0.111999 -0.102705 -0.107965 -0.129645 -0.273050 -0.329220 -0.181441 0.065040 -0.467751 -0.322310 0.465848 0.211030 -0.110573 0.309556 0.220468 -0.530863 -0.031601 0.219050 -0.024251 0.044341 0.173992 0.201781 0.081658 0.172232 -0.089767 -0.026724 -0.581786 -0.303968 -0.219443 -0.068998 0.293664 -0.159925 0.402068 0.175323 0.361118 0.310452 -0.170130 -0.117694 0.305166 -0.011226 0.115454 0.110463 -0.322900 -0.100236 -0.138215 -0.266037 -0.242243 -0.043022 0.130249 0.141906 -0.011430 -0.367261 -0.323858 -0.548518 -0.235316 0.214779 0.184907 -0.189525 -0.071632 0.085315 -0.112486 -0.292575
-0.117130 -0.191256 0.200973 0.142006 -0.049031 -0.034753 0.163222 0.084422 0.170761 -0.043318 0.014902 0.237269 -0.048575 0.019582 -0.179061 -0.197275 -0.376092 -0.291066 0.060755 -0.099028 0.331714 -0.323224 0.201020 -0.346325 0.135922 0.194920 -0.254651 -0.110293 -0.554578 -0.176758 0.056226 0.226368 0.271515 0.180653 0.628981 1.000000 -0.413943 0.216859 0.083321 0.399725 -0.445648 0.025479 -0.115162 -0.015947 -0.125985 0.209934 0.004548 0.149161 -0.242947 -0.397880 -0.110549 -0.357251 -0.140028 0.000339 -0.032422 -0.138812 -0.254290 -0.213266 -0.011117 -0.206209 0.060110 0.243224 -0.345139 -0.138919 0.390179 0.445791 0.333410 0.567818 0.402227 -0.440349 -0.228573 0.286307 -0.033588 -0.134281 0.098261 0.092297 0.171573 0.360402 -0.162647 0.113861 -0.499828 -0.077476 -0.388543 -0.345648 0.110169 -0.366201 0.426479 0.110470 0.242315 0.350201 -0.325305 -0.297866 0.024553 -0.256671 0.261259 0.029670 -0.067977 0.100076 -0.262607 -0.308786 -0.149383 0.067236 0.163649 0.320743 0.155608 -0.338643 -0.412972 -0.596281 -0.241492 0.324680 0.363249 -0.112516 0.043469 0.232849 -0.086901 -0.340713
