1.000000 0.530644 -0.140678 -0.227284 -0.249004 -0.278433 0.012973 -0.347452 -0.172881 -0.140467 0.491834 0.104762 0.401489 0.159558 0.247011 0.051430 0.449646 0.079763 -0.013924 -0.174722 -0.096040 -0.357376 0.063733 -0.315375 0.022451 -0.094556 -0.001663 -0.005636 0.188347 0.096919 0.003681 -0.363252 0.073847 -0.037347 -0.042324 -0.182295 -0.030342 -0.107126 0.067910 -0.256542 -0.315378 -0.252143 0.178159 0.131968 0.142905 -0.087247 0.200558 -0.098776 0.405109 0.288955 0.265243 0.381860 0.042684 -0.041323 -0.016409 0.114599 0.671911 0.427176 0.525828 0.148636 0.399115 0.210413 0.287233 0.228691 0.037108 -0.077389 0.083573 -0.455340 0.022923 -0.313216 -0.081149 -0.132055 0.096693 -0.022989 0.094287 0.137803 -0.058575 -0.263231 -0.203797 0.164915 0.154928 0.076722 -0.045475 -0.110509 0.305694 0.103382 0.007771 0.082990 -0.107937 -0.148354 -0.380636 -0.539909 -0.176615 -0.208882 -0.296105 -0.213235 -0.030629 -0.403680 -0.130770 -0.228138 -0.235020 -0.271375 -0.344664 -0.249022 -0.376948 -0.117190 0.015470 -0.028095 -0.154222 -0.118716 -0.523063 -0.311837 0.153987 -0.376420 -0.060437 -0.054787
0.530644 1.000000 -0.420456 0.036453 -0.288513 -0.254775 -0.216763 -0.186265 -0.323808 -0.231597 0.108777 0.162710 0.194601 0.252500 -0.080146 0.094270 0.427544 0.082526 0.063030 0.276711 -0.088624 -0.229315 -0.330938 -0.373437 -0.230409 -0.241749 -0.171180 -0.158860 0.176427 0.220401 -0.097454 -0.177069 0.359544 0.368322 -0.227250 -0.270232 0.136020 -0.011287 -0.012150 -0.157242 -0.064743 -0.046318 0.028419 -0.021397 -0.020138 -0.230445 0.140313 -0.105123 0.277677 0.119805 -0.006912 0.322822 0.382481 0.244694 0.101523 0.023868 0.476263 0.529551 0.370996 0.307644 0.163072 0.340749 0.356785 0.413429 -0.276718 -0.225255 0.221391 -0.393565 0.474257 0.213654 -0.180053 -0.164004 0.134441 -0.113743 0.006446 -0.115638 0.025421 -0.247726 -0.065457 0.298960 0.254957 0.190947 -0.060855 0.002210 0.009314 -0.084212 -0.252487 0.017508 -0.271512 -0.063632 -0.181634 -0.383392 -0.197234 -0.098862 -0.099349 -0.086465 -0.211290 -0.157395 -0.026741 -0.145796 0.046305 -0.149812 -0.240257 -0.250983 -0.199852 -0.316204 -0.353094 -0.299523 -0.012330 0.121775 -0.287601 -0.173157 0.140664 -0.125997 -0.280167 -0.189894
-0.140678 -0.420456 1.000000 0.108765 0.636012 0.184017 0.688240 0.196467 0.580577 0.226365 0.174645 -0.142603 0.097967 -0.067076 0.178642 -0.258956 -0.326882 -0.068134 -0.144716 -0.183672 0.261309 0.211332 0.631725 0.273547 0.411570 0.130491 0.265753 0.050422 -0.098518 -0.382901 0.170019 0.016373 -0.404005 -0.091920 0.264931 0.266882 -0.351636 -0.095441 -0.208362 -0.120770 -0.253332 -0.275634 -0.127495 -0.077792 0.036047 0.096857 -0.210246 -0.065819 -0.137700 -0.089129 0.309172 -0.177603 -0.452685 -0.257278 -0.425006 -0.035433 -0.354605 -0.294697 -0.039987 -0.382003 0.363559 -0.206043 -0.148851 -0.323660 0.533332 0.231104 0.106230 0.436440 -0.320277 -0.329833 0.155029 0.147336 -0.177833 -0.054305 -0.024302 0.118665 0.040287 0.079635 -0.184886 -0.256414 -0.523558 -0.284615 -0.143962 -0.160660 -0.126250 -0.031876 -0.105755 -0.312737 0.278376 -0.182331 -0.132429 0.165492 0.065921 -0.055132 -0.009094 0.012434 0.140018 0.060374 -0.268844 -0.054454 0.126241 -0.051600 -0.056139 -0.003631 0.026438 0.409189 0.144982 0.184016 -0.142606 -0.007147 0.179972 -0.028432 -0.155267 -0.032621 0.155873 0.163922
-0.227284 0.036453 0.108765 1.000000 -0.031398 0.372280 0.016041 0.410925 -0.101154 0.233305 -0.241198 0.202189 -0.263388 -0.049778 -0.135691 0.007474 -0.220781 -0.152468 0.226356 0.186626 0.225464 0.381260 0.097722 0.346181 -0.012611 0.184064 0.269123 0.353275 -0.182433 -0.160272 0.051759 0.333924 -0.025323 0.180484 -0.113543 -0.129589 -0.051989 -0.077371 0.213562 0.264819 0.046503 0.220614 -0.327833 -0.236251 -0.408244 -0.183708 -0.401054 -0.092732 -0.343428 -0.267886 -0.110283 -0.196812 0.036939 0.063012 0.110026 -0.228445 -0.304331 -0.299358 -0.304796 -0.076583 -0.198912 0.058169 0.095088 -0.207313 0.166550 0.427227 -0.285994 0.119401 0.016176 0.101656 -0.051042 -0.097683 -0.201861 0.020081 -0.034844 -0.017547 0.106519 0.185767 0.012410 -0.165397 -0.067814 -0.157634 0.140710 0.283226 0.081022 0.141913 0.115623 0.114625 0.443573 0.195190 0.199379 0.098494 0.384142 0.005955 0.036310 0.110899 -0.362503 0.205446 -0.200064 0.024106 0.339516 0.036181 0.145513 0.076998 0.240569 0.170205 0.009002 0.033159 -0.042191 0.015281 0.094508 -0.111302 -0.064258 0.076639 -0.186456 0.096960
-0.249004 -0.288513 0.636012 -0.031398 1.000000 0.431119 0.689331 -0.040049 0.758785 0.411385 0.316121 -0.134687 0.214053 0.004821 0.311209 -0.056786 -0.224793 0.046904 -0.151608 -0.073460 0.350128 0.306417 0.545326 0.179564 0.469747 0.047576 0.372206 0.043257 0.064666 -0.123148 0.099817 -0.037997 -0.227027 0.102184 0.187777 0.203746 -0.193642 -0.057119 -0.178078 -0.216396 -0.173701 -0.248232 -0.020523 0.010091 0.103878 0.150066 -0.146628 -0.047597 -0.222696 -0.102105 0.204458 -0.281776 -0.400446 -0.198213 -0.333966 -0.104930 -0.318607 -0.031183 -0.258502 -0.473167 0.318768 -0.281847 0.016660 -0.218835 0.487965 0.045296 0.019322 0.316075 -0.053272 -0.075207 0.133478 0.197053 -0.000860 -0.044654 -0.034713 -0.039945 0.040322 -0.060120 0.084782 0.082463 -0.154244 0.047055 -0.085556 -0.100948 -0.093669 -0.214443 -0.165821 -0.439372 0.185638 -0.194805 -0.139212 0.073064 -0.180112 -0.129659 -0.078370 0.017068 0.177966 0.073227 -0.403219 -0.237879 -0.112814 -0.088273 -0.140865 -0.103181 -0.068844 0.238875 -0.083195 0.002003 -0.233167 0.038129 0.224240 0.037047 -0.120810 0.083109 0.159899 0.130912
-0.278433 -0.254775 0.184017 0.372280 0.431119 1.000000 0.108794 0.088021 0.395703 0.530006 0.115715 0.058790 -0.226562 -0.168000 0.026167 -0.052304 -0.223475 -0.005738 0.093683 0.047225 0.459301 0.585970 0.290113 0.375073 0.294766 0.375160 0.668546 0.547474 -0.240562 -0.177595 -0.067461 0.155769 -0.160234 0.058680 0.095226 0.071456 -0.009067 0.038020 0.125363 0.250329 0.024233 0.094031 -0.172173 -0.199501 -0.208371 -0.018360 -0.262609 -0.164230 -0.303024 -0.235091 0.296568 -0.220415 -0.178943 0.001576 0.134413 0.003682 -0.313523 -0.099646 -0.411080 -0.251373 -0.271862 -0.298394 -0.262380 -0.392406 0.167099 0.292424 -0.309383 0.290248 0.027570 0.090978 0.107069 0.054656 -0.249333 -0.022118 -0.204900 -0.036184 0.005036 0.116828 0.233184 0.105505 -0.027504 0.036152 -0.000390 0.109559 0.104845 -0.054074 0.212192 -0.009095 0.422722 0.091816 0.117405 0.107227 0.026984 -0.103888 0.007457 0.010074 -0.007852 0.212324 -0.215964 -0.167319 -0.078502 -0.171173 -0.141932 0.006828 0.023813 0.063258 -0.061606 0.020883 -0.157975 -0.130806 0.243881 0.061065 -0.168616 0.274104 0.025155 -0.112130
0.012973 -0.216763 0.688240 0.016041 0.689331 0.108794 1.000000 -0.104706 0.474214 0.263394 0.384080 -0.055637 0.423693 0.137215 0.354281 -0.054145 -0.065398 -0.034625 -0.079599 -0.140943 0.252236 0.134442 0.609683 0.134662 0.433583 0.019952 0.292050 -0.111836 0.180218 -0.185866 0.169050 -0.081179 -0.154122 -0.010682 0.254526 0.123841 -0.145613 -0.213301 -0.220982 -0.377120 -0.232686 -0.322361 0.016264 0.098285 0.130309 0.077892 -0.207691 0.046391 -0.193219 -0.036994 0.212613 -0.252911 -0.497019 -0.267201 -0.454740 -0.097050 -0.160265 -0.042063 -0.113698 -0.493139 0.627403 -0.195502 0.157767 -0.149651 0.672790 0.092264 0.087348 0.117213 -0.149846 -0.306078 0.153582 -0.021112 0.018659 -0.014731 0.020782 0.077963 0.164313 -0.086558 -0.044188 -0.175966 -0.243653 -0.053240 -0.092583 -0.087626 -0.020243 0.000544 -0.173442 -0.340075 0.243903 -0.315897 -0.298451 -0.006597 0.114335 -0.117081 -0.156065 0.070366 0.082742 -0.057262 -0.500212 -0.130684 -0.042440 -0.173396 -0.144872 -0.120665 -0.067157 0.211229 0.054811 0.107254 -0.091586 0.171487 -0.011795 -0.088584 0.017527 -0.028270 -0.078380 0.288254
-0.347452 -0.186265 0.196467 0.410925 -0.040049 0.088021 -0.104706 1.000000 -0.190676 0.202617 -0.501590 0.403548 -0.101054 0.341811 -0.398678 0.249768 -0.305862 -0.218284 -0.192165 -0.067831 0.120909 0.126815 -0.300137 -0.149300 -0.332568 -0.138346 -0.091953 -0.224716 -0.157759 -0.062081 0.051153 0.374065 0.041584 0.132951 -0.271363 -0.016277 -0.055684 0.062822 0.051485 0.219010 0.128363 0.105003 -0.415975 -0.332647 -0.330692 -0.363368 -0.361590 -0.327294 -0.075257 -0.299112 -0.281173 -0.127490 0.046459 -0.152360 0.145362 -0.096735 -0.424149 -0.544087 0.050343 0.236923 -0.049322 0.284905 0.107782 0.078181 -0.181699 0.419915 0.144432 0.068349 -0.149835 0.058686 0.138026 0.245757 0.048023 0.188371 0.065651 0.057818 0.115472 0.338529 -0.071727 -0.242295 -0.323820 -0.360833 -0.158725 0.248294 -0.251069 0.119608 -0.217247 -0.019540 0.150702 0.166339 0.232254 0.193739 0.540794 0.238044 0.225027 0.238898 -0.304346 0.259631 0.071437 0.151941 0.521920 0.230914 0.545709 0.338258 0.270127 0.099374 0.086902 -0.046627 0.068180 0.125170 -0.027257 0.200509 0.159522 0.371781 -0.087688 0.045900
-0.172881 -0.323808 0.580577 -0.101154 0.758785 0.395703 0.474214 -0.190676 1.000000 0.436789 0.411359 -0.195430 -0.037468 -0.194812 0.381877 -0.173639 -0.275246 0.049363 -0.058546 -0.032344 0.325298 0.334440 0.547877 0.334555 0.488212 0.250467 0.280910 0.162644 0.002161 -0.149323 0.186892 0.040990 -0.191797 0.088618 0.333688 0.312849 -0.213860 0.070040 -0.198337 -0.111003 -0.010740 -0.256358 0.025546 -0.010917 0.119576 0.282687 -0.136648 -0.017755 -0.293129 -0.109433 0.279973 -0.270639 -0.462658 -0.226669 -0.390960 -0.099442 -0.288767 -0.017412 -0.307102 -0.455699 0.108518 -0.382325 -0.308479 -0.401909 0.552899 0.118816 -0.020520 0.505372 -0.033496 -0.103656 0.049456 0.196119 -0.101526 -0.127191 -0.109489 0.021371 -0.012946 -0.004517 0.133491 0.180857 -0.189530 0.022104 -0.010222 -0.074258 -0.052354 -0.292470 0.100259 -0.365553 0.080062 -0.303574 -0.058340 0.123679 -0.312891 -0.097296 0.089161 0.013356 0.206084 0.185458 -0.355910 -0.222709 -0.147698 -0.020937 -0.248609 -0.081314 -0.049333 0.287105 -0.157397 0.096924 -0.088995 -0.085874 0.329598 0.006984 -0.149651 -0.092166 0.274565 0.165515
-0.140467 -0.231597 0.226365 0.233305 0.411385 0.530006 0.263394 0.202617 0.436789 1.000000 0.334892 0.467564 0.206934 0.408664 0.393591 0.449972 0.042949 0.141175 -0.293539 -0.275977 0.318827 0.288001 0.289570 0.115048 0.581534 0.456742 0.312740 0.184995 0.195102 0.108927 0.149549 0.184349 -0.018667 -0.006414 -0.138756 -0.173740 -0.208621 -0.198258 0.034932 -0.091383 -0.229039 -0.083328 0.044347 0.132906 -0.100745 -0.036823 -0.185639 0.061835 -0.216503 -0.135008 0.063591 -0.262911 -0.496034 -0.282092 -0.169695 0.152759 -0.055689 -0.100269 -0.275746 -0.340041 0.012477 -0.053941 -0.065579 -0.236544 0.199831 0.449435 -0.263746 -0.019928 -0.133520 -0.208528 0.154620 -0.079169 0.025952 0.096058 0.026713 0.137866 0.139797 -0.043107 0.258847 0.032272 0.058892 0.019964 -0.031105 0.290288 0.065723 0.135126 -0.141933 -0.104684 0.214200 0.072487 -0.302203 -0.219603 0.068779 -0.413883 -0.164778 -0.104810 -0.104581 0.047794 -0.342857 -0.177216 -0.113213 -0.283546 -0.214577 -0.313500 -0.098531 0.036174 -0.071010 0.172560 -0.341634 -0.032053 -0.226525 -0.060681 -0.156793 0.079171 -0.097836 0.110250
0.491834 0.108777 0.174645 -0.241198 0.316121 0.115715 0.384080 -0.501590 0.411359 0.334892 1.000000 0.191342 0.542842 0.246667 0.756651 0.212561 0.348764 0.275326 -0.119214 -0.251065 0.173643 -0.066491 0.499790 0.126218 0.508928 0.166886 0.345024 0.130965 0.396426 0.032593 0.058650 -0.290468 -0.110649 -0.109473 0.043146 -0.162178 0.009827 -0.128894 0.066851 -0.260729 -0.330047 -0.189025 0.282372 0.188171 0.140802 0.021621 0.025487 0.004528 0.038211 0.142825 0.312932 -0.026347 -0.323622 -0.235709 -0.199013 0.148231 0.359637 0.452604 0.069739 -0.374841 0.482300 -0.152294 0.192546 -0.038552 0.415229 -0.072749 -0.131139 -0.278596 -0.101554 -0.332391 0.178669 -0.114006 0.068714 0.014255 0.051932 0.220344 0.032079 -0.294540 0.020715 0.134951 0.271557 0.281078 0.057723 0.020982 0.396075 0.105018 -0.001411 -0.109323 0.062438 -0.208286 -0.461667 -0.428817 -0.265700 -0.258477 -0.390789 -0.259717 0.168522 -0.251392 -0.331166 -0.334288 -0.273212 -0.272908 -0.525755 -0.396649 -0.434623 -0.163420 -0.090819 0.041722 -0.280967 0.014770 -0.309156 -0.222253 -0.000848 -0.236346 0.015254 0.010241
0.104762 0.162710 -0.142603 0.202189 -0.134687 0.058790 -0.055637 0.403548 -0.195430 0.467564 0.191342 1.000000 0.363356 0.738723 0.095540 0.695396 0.307542 0.156579 -0.226443 -0.001884 0.149758 0.121438 -0.286983 -0.208020 0.011922 0.053789 -0.015233 -0.124658 0.439182 0.363595 0.037852 0.197385 0.340996 0.185639 -0.265790 -0.390795 0.249430 -0.072238 0.345645 0.040627 -0.085986 0.150910 -0.222961 -0.224163 -0.451313 -0.590324 -0.320053 -0.260464 -0.118427 -0.354278 -0.326891 -0.222595 -0.021219 -0.073486 0.272483 0.113096 -0.000700 -0.063616 -0.055294 -0.128798 0.165773 0.105344 0.411381 0.068761 -0.067674 0.186078 -0.077632 -0.446041 0.129409 0.060667 0.192930 0.103482 0.332922 0.232758 0.110393 0.182016 0.225463 0.140869 0.235369 0.084001 0.297851 0.152923 -0.079881 0.481145 0.061651 0.268515 -0.307311 0.105188 0.039449 0.139865 -0.048500 -0.135893 0.359440 -0.084607 -0.062760 0.189946 -0.471366 0.120268 -0.104233 -0.008851 0.196693 -0.061293 0.081697 0.045690 0.069951 -0.151628 -0.097344 -0.082134 0.015082 0.327465 -0.343274 0.132414 0.297876 0.225659 -0.162941 -0.024126
0.401489 0.194601 0.097967 -0.263388 0.214053 -0.226562 0.423693 -0.101054 -0.037468 0.206934 0.542842 0.363356 1.000000 0.651164 0.432683 0.436506 0.532556 0.213481 -0.439217 -0.261455 -0.020315 -0.243229 0.160175 -0.264427 0.293331 -0.058410 0.012064 -0.251546 0.552608 0.240633 0.079142 -0.263578 -0.050727 -0.143920 -0.115081 -0.163583 0.082715 -0.276037 0.074423 -0.303921 -0.456285 -0.135285 0.185503 0.171911 0.092123 -0.239128 0.081882 0.017924 0.280836 0.142470 -0.034990 0.084526 -0.121936 -0.108402 -0.189824 0.093292 0.415585 0.354342 0.236204 -0.098915 0.637428 0.103490 0.586927 0.270883 0.035477 -0.202025 0.122152 -0.548018 -0.090050 -0.228319 0.354617 -0.062156 0.366548 0.239123 0.297345 0.201402 0.191621 -0.173776 0.054483 0.009294 0.131947 0.129785 -0.312677 -0.067144 -0.004406 0.132912 -0.513570 -0.197220 -0.202883 -0.145449 -0.451852 -0.420967 -0.054817 -0.294589 -0.479745 -0.277338 -0.114814 -0.418497 -0.293609 -0.275349 -0.135516 -0.357815 -0.155528 -0.302362 -0.314248 -0.193456 0.061574 -0.088582 -0.336426 0.130224 -0.567043 -0.188634 0.146224 -0.154402 -0.181895 0.147031
0.159558 0.252500 -0.067076 -0.049778 0.004821 -0.168000 0.137215 0.341811 -0.194812 0.408664 0.246667 0.738723 0.651164 1.000000 0.244333 0.786147 0.330218 0.112441 -0.356610 -0.173382 0.076565 -0.133596 -0.147925 -0.343841 0.027123 -0.066724 -0.089109 -0.329435 0.568748 0.437745 0.136042 0.092631 0.217816 0.092104 -0.312822 -0.397485 0.114654 -0.181566 0.092059 -0.272593 -0.185261 0.006841 -0.045674 -0.016748 -0.185487 -0.456799 -0.129783 -0.163852 0.123431 -0.087848 -0.327302 -0.052459 -0.025422 -0.148543 0.037213 0.084842 0.173243 0.061977 0.146057 0.006751 0.341446 0.223526 0.487716 0.224923 -0.171469 0.024009 0.124731 -0.537399 0.031227 -0.022788 0.311159 0.045056 0.429538 0.279459 0.196307 0.210705 0.272898 -0.045073 0.140896 0.012661 0.194401 0.085740 -0.133438 0.361569 -0.064410 0.162003 -0.474171 -0.097220 -0.089511 0.049257 -0.250294 -0.304870 0.223609 -0.170315 -0.263219 -0.045039 -0.306369 -0.138674 -0.190669 -0.161624 0.125663 -0.196814 0.049968 -0.139189 -0.101169 -0.172422 0.006935 -0.113213 -0.139489 0.329118 -0.485551 -0.070380 0.180629 0.071640 -0.227156 0.102831
0.247011 -0.080146 0.178642 -0.135691 0.311209 0.026167 0.354281 -0.398678 0.381877 0.393591 0.756651 0.095540 0.432683 0.244333 1.000000 0.399972 0.264351 0.241090 -0.098525 -0.301518 0.082870 -0.000594 0.497406 0.336076 0.587947 0.440579 0.286838 0.299275 0.542821 0.172136 0.361930 0.006450 -0.137698 -0.204536 -0.090512 -0.292125 -0.105401 -0.301535 0.132437 -0.321661 -0.335181 -0.215836 0.187423 0.259301 0.065451 0.097371 -0.010273 0.089288 -0.215761 0.112378 0.061251 -0.241463 -0.454266 -0.350965 -0.268294 0.040932 0.276342 0.275533 -0.180988 -0.478575 0.277519 -0.190407 0.126548 -0.105768 0.450500 -0.028252 -0.295195 -0.253578 -0.224061 -0.327565 0.152272 -0.118127 0.203258 0.141144 0.192609 0.254072 0.063147 -0.270055 0.197158 0.124140 0.356539 0.334275 0.316912 0.228768 0.496482 0.235566 0.061942 0.033665 0.203326 -0.075520 -0.472978 -0.386859 -0.152431 -0.318894 -0.401127 -0.249475 0.218332 -0.263822 -0.358450 -0.349305 -0.427181 -0.388001 -0.526085 -0.440625 -0.386474 -0.063861 0.004150 0.191946 -0.229985 -0.087071 -0.240273 -0.252173 -0.174355 -0.256227 -0.036818 0.138224
0.051430 0.094270 -0.258956 0.007474 -0.056786 -0.052304 -0.054145 0.249768 -0.173639 0.449972 0.212561 0.695396 0.436506 0.786147 0.399972 1.000000 0.368207 0.211515 -0.270655 -0.170154 -0.032337 -0.096958 -0.220347 -0.138264 0.046896 0.136281 -0.080338 -0.098359 0.655191 0.594738 0.298235 0.260754 0.190400 -0.062544 -0.329155 -0.447504 0.187599 -0.203195 0.305994 -0.147812 -0.054866 0.066442 -0.081199 -0.037672 -0.296840 -0.440314 -0.207351 -0.154371 -0.169359 -0.196157 -0.437573 -0.221594 -0.098137 -0.175457 0.186460 0.084202 0.145222 0.012207 -0.131164 -0.117314 0.063236 0.147352 0.463366 0.218035 -0.118331 0.082139 -0.214608 -0.595758 0.031807 -0.007341 0.282741 0.077394 0.514534 0.362363 0.277369 0.247194 0.277337 -0.009822 0.371027 0.146954 0.494068 0.352944 0.109888 0.601436 0.217942 0.389862 -0.187834 0.174745 0.131906 0.228005 -0.209434 -0.343589 0.222633 -0.253314 -0.283847 -0.045614 -0.346313 -0.105897 -0.144465 -0.187841 -0.067512 -0.207262 -0.011402 -0.162476 -0.124506 -0.174426 0.035380 0.087455 -0.112071 0.198053 -0.402396 -0.040987 0.079599 0.070578 -0.099519 0.129620
0.449646 0.427544 -0.326882 -0.220781 -0.224793 -0.223475 -0.065398 -0.305862 -0.275246 0.042949 0.348764 0.307542 0.532556 0.330218 0.264351 0.368207 1.000000 0.459383 -0.101055 -0.009898 -0.108788 -0.343583 -0.234583 -0.324859 0.075498 0.078123 -0.117789 -0.116178 0.532946 0.376730 -0.033955 -0.243137 0.184330 -0.063599 -0.181773 -0.233880 0.237517 -0.081548 0.119762 -0.219044 -0.157948 0.034686 0.262126 0.185525 0.007636 -0.201118 0.141821 0.047867 0.236214 0.131434 -0.106844 0.150804 0.116571 0.043500 0.110978 0.151130 0.763977 0.662137 0.139955 0.009710 0.250469 0.160255 0.443326 0.437480 -0.217064 -0.123282 -0.071330 -0.587944 0.150826 -0.003256 -0.012740 -0.243683 0.357061 0.070381 0.228319 0.062960 0.042579 -0.342498 0.140692 0.244444 0.480285 0.448207 -0.116731 -0.038186 0.177362 0.232314 -0.332683 0.050017 -0.269001 0.025879 -0.406544 -0.589724 -0.211551 -0.461210 -0.373287 -0.267343 -0.180517 -0.378641 -0.116749 -0.262190 -0.175513 -0.287161 -0.384017 -0.467095 -0.350770 -0.349531 -0.147224 -0.044744 -0.241648 0.081346 -0.511771 -0.178550 -0.007912 -0.200529 -0.284616 -0.112044
0.079763 0.082526 -0.068134 -0.152468 0.046904 -0.005738 -0.034625 -0.218284 0.049363 0.141175 0.275326 0.156579 0.213481 0.112441 0.241090 0.211515 0.459383 1.000000 -0.077195 0.007394 0.216994 0.091657 0.036149 0.026585 0.335495 0.246307 0.078914 0.058105 0.476075 0.465936 0.228734 0.111693 0.071429 -0.005464 -0.020010 0.071594 0.127482 -0.174545 -0.060231 -0.017774 0.083650 0.119080 0.072101 0.014786 0.025042 -0.060517 -0.018275 -0.025021 -0.016424 -0.044457 -0.125216 -0.163789 -0.247115 -0.248609 -0.239847 -0.108723 0.202578 0.156044 -0.081796 -0.125133 0.081556 0.031395 0.255710 0.354776 0.000571 -0.210688 -0.117516 -0.236109 -0.174774 -0.160825 0.158002 0.179368 0.408337 0.347650 0.348629 0.281752 0.211523 -0.074427 0.226544 0.411989 0.377644 0.546794 0.050609 0.141238 0.221528 0.095345 -0.117615 -0.078734 -0.084933 -0.102807 -0.308372 -0.359475 -0.192194 -0.358051 -0.235730 -0.041836 -0.051317 -0.259735 -0.165708 -0.274070 -0.158478 -0.211802 -0.239396 -0.328606 -0.255060 -0.179688 -0.192907 -0.091768 -0.124366 0.056170 -0.212800 -0.104490 -0.128082 -0.073969 -0.116938 -0.170343
-0.013924 0.063030 -0.144716 0.226356 -0.151608 0.093683 -0.079599 -0.192165 -0.058546 -0.293539 -0.119214 -0.226443 -0.439217 -0.356610 -0.098525 -0.270655 -0.101055 -0.077195 1.000000 0.533913 0.060734 0.116501 -0.121516 0.186547 -0.208815 -0.081466 0.117099 0.158809 -0.053958 -0.017918 -0.050811 0.150758 0.142248 0.310005 0.069543 -0.025246 0.140189 0.209819 0.037679 0.116263 0.352539 0.108660 -0.215425 -0.265330 -0.313682 -0.101030 -0.160669 -0.061849 -0.301346 -0.301755 -0.196285 -0.300318 0.180663 0.126292 0.231740 -0.302824 -0.169666 -0.014188 -0.337115 -0.165563 -0.280752 -0.314075 -0.050682 -0.217740 0.050858 -0.125588 -0.127944 0.173556 0.236203 0.377622 -0.292097 -0.070926 -0.084404 -0.121784 -0.207590 -0.096177 -0.086403 0.020992 0.140227 0.137913 0.317541 0.188083 0.478886 0.163032 0.255548 -0.085355 0.352373 0.027753 0.209484 0.086818 0.426096 0.280870 -0.108087 0.175924 0.228180 0.226786 0.058908 0.234341 0.068997 0.127651 -0.066543 0.147147 -0.055507 -0.010085 0.180940 0.103936 -0.138605 0.014751 0.397126 0.104274 0.401834 0.041703 -0.039222 -0.065057 0.069478 -0.112293
-0.174722 0.276711 -0.183672 0.186626 -0.073460 0.047225 -0.140943 -0.067831 -0.032344 -0.275977 -0.251065 -0.001884 -0.261455 -0.173382 -0.301518 -0.170154 -0.009898 0.007394 0.533913 1.000000 0.257028 0.380083 -0.383045 0.074454 -0.298959 -0.152182 -0.138843 0.017766 -0.024052 0.092907 -0.036527 0.193725 0.344923 0.630101 0.248065 0.146103 0.425506 0.461700 0.022463 0.370566 0.278620 0.228885 -0.459429 -0.493985 -0.430447 -0.263415 -0.369957 -0.245820 -0.345461 -0.464577 -0.372023 -0.383389 0.292705 0.213021 0.153587 -0.468440 -0.263854 0.103733 -0.357986 -0.004298 -0.201349 -0.189135 0.119052 -0.039141 -0.061568 -0.254767 0.059936 0.252408 0.643501 0.714266 -0.182323 0.217223 0.134417 -0.114770 -0.216416 -0.233538 0.088585 0.174690 0.240138 0.205372 0.330893 0.428053 0.193591 0.129879 -0.087287 -0.194421 0.073454 0.050615 -0.049982 0.029247 0.529882 0.356579 -0.115730 0.233534 0.243523 0.272335 -0.309697 0.320989 -0.090475 0.034151 0.018945 0.085541 0.074956 0.122091 0.373009 0.102915 -0.417624 -0.370361 0.368156 0.218879 0.601064 0.079906 0.023918 -0.102609 -0.093293 -0.271673
-0.096040 -0.088624 0.261309 0.225464 0.350128 0.459301 0.252236 0.120909 0.325298 0.318827 0.173643 0.149758 -0.020315 0.076565 0.082870 -0.032337 -0.108788 0.216994 0.060734 0.257028 1.000000 0.577342 0.216797 0.098210 0.088714 0.217087 0.327272 0.247077 0.037078 -0.018498 0.080388 0.201375 0.106542 0.445474 0.149172 0.362315 0.251641 0.240815 -0.139932 0.240094 0.149014 0.018195 -0.379687 -0.259635 -0.204480 -0.040744 -0.531347 -0.422721 -0.258871 -0.325405 0.043862 -0.439889 -0.215089 -0.325527 -0.125482 -0.360390 -0.225175 -0.063535 -0.197472 -0.205696 0.081641 -0.203492 -0.059663 -0.184752 0.243332 0.181279 0.078239 0.230683 0.123020 0.084232 0.143557 0.224831 0.093132 0.232053 0.102334 0.182377 0.409894 0.264244 0.315996 0.155098 0.034963 0.149375 0.218619 0.131140 0.029419 -0.126178 0.078527 -0.185459 0.292642 -0.165690 0.058032 0.089893 0.220440 0.108259 0.048980 0.307374 -0.104620 0.148868 -0.496967 -0.245289 0.073014 0.083724 0.088753 0.153642 0.317719 0.137973 -0.255130 -0.140535 0.012736 0.296361 0.203478 -0.054895 0.053946 0.120123 -0.175320 -0.338204
-0.357376 -0.229315 0.211332 0.381260 0.306417 0.585970 0.134442 0.126815 0.334440 0.288001 -0.066491 0.121438 -0.243229 -0.133596 -0.000594 -0.096958 -0.343583 0.091657 0.116501 0.380083 0.577342 1.000000 0.235900 0.508971 0.181571 0.404505 0.396357 0.541405 -0.055056 -0.003912 0.175129 0.461238 0.099367 0.384249 0.197097 0.128011 0.181604 0.067458 0.044797 0.406824 0.175358 0.127951 -0.484049 -0.368810 -0.364389 -0.127675 -0.460303 -0.277237 -0.519962 -0.499614 0.013638 -0.516644 -0.170161 -0.085849 0.069673 -0.257587 -0.561500 -0.253404 -0.549539 -0.373143 -0.195634 -0.480235 -0.108147 -0.495632 0.262932 0.104873 -0.187830 0.385397 0.093940 0.184402 0.146314 0.359640 0.029144 0.134321 -0.015177 0.136567 0.219176 0.386311 0.264157 0.098804 -0.040620 0.090988 0.137683 0.204273 -0.008236 -0.171469 0.172115 0.014597 0.354650 -0.052020 0.291177 0.309512 0.210400 0.174052 0.229988 0.290741 -0.126580 0.309177 -0.289441 -0.129881 0.044866 -0.078945 0.005923 0.274003 0.413270 0.238345 -0.123920 -0.054444 0.181982 0.157066 0.457115 0.087091 0.046822 0.231770 -0.060606 -0.131889
0.063733 -0.330938 0.631725 0.097722 0.545326 0.290113 0.609683 -0.300137 0.547877 0.289570 0.499790 -0.286983 0.160175 -0.147925 0.497406 -0.220347 -0.234583 0.036149 -0.121516 -0.383045 0.216797 0.235900 1.000000 0.532637 0.635217 0.353425 0.469697 0.363006 -0.020987 -0.330696 0.212165 -0.100319 -0.489231 -0.311396 0.273754 0.080795 -0.408059 -0.384181 -0.186507 -0.277447 -0.329735 -0.293168 0.249766 0.328301 0.333956 0.430216 0.077783 0.224961 -0.113205 0.262121 0.482233 0.002717 -0.490079 -0.189810 -0.411727 0.068534 -0.083851 0.008323 -0.116569 -0.485658 0.298805 -0.262552 -0.144886 -0.423013 0.651145 0.145821 -0.238345 0.192393 -0.473755 -0.557181 0.193301 -0.091934 -0.299895 -0.149603 -0.067074 0.173436 -0.091795 -0.182574 -0.125108 -0.193611 -0.328114 -0.180236 0.024906 -0.177726 0.210416 -0.032519 0.165667 -0.198193 0.365935 -0.186669 -0.379482 -0.160947 -0.121611 -0.221203 -0.268332 -0.260165 0.381328 -0.202126 -0.344040 -0.196081 -0.097698 -0.149609 -0.327736 -0.170335 -0.209088 0.233489 0.236157 0.252120 -0.351476 -0.174717 0.000096 -0.172323 -0.211253 -0.169262 0.049459 0.282571
-0.315375 -0.373437 0.273547 0.346181 0.179564 0.375073 0.134662 -0.149300 0.334555 0.115048 0.126218 -0.208020 -0.264427 -0.343841 0.336076 -0.138264 -0.324859 0.026585 0.186547 0.074454 0.098210 0.508971 0.532637 1.000000 0.364596 0.600136 0.464013 0.658283 -0.026747 -0.185174 0.270292 0.321090 -0.400049 -0.213593 0.158602 -0.012626 -0.147927 -0.057536 0.047017 0.243537 0.034131 0.199247 -0.153250 -0.141849 -0.216267 0.103957 -0.179165 -0.006980 -0.539866 -0.193634 0.074604 -0.284778 -0.139576 0.061459 -0.016604 -0.128930 -0.402710 -0.138633 -0.569292 -0.430819 -0.227109 -0.366518 -0.187619 -0.420772 0.410466 0.002976 -0.566785 0.210737 -0.280520 -0.102603 0.076580 0.008428 -0.132205 -0.008597 -0.049808 0.081830 -0.059230 0.057401 0.060759 -0.079552 0.007239 0.100699 0.363829 0.227189 0.338263 0.147433 0.471948 0.267912 0.469582 0.232696 0.160385 0.179186 0.040568 0.074972 -0.030443 -0.079648 0.052632 0.052313 -0.024458 -0.018523 -0.027905 -0.109705 -0.209844 0.051443 0.026476 0.236227 0.138975 0.178619 0.110834 -0.173624 0.403013 0.018436 -0.174160 -0.022032 0.043215 0.107684
0.022451 -0.230409 0.411570 -0.012611 0.469747 0.294766 0.433583 -0.332568 0.488212 0.581534 0.508928 0.011922 0.293331 0.027123 0.587947 0.046896 0.075498 0.335495 -0.208815 -0.298959 0.088714 0.181571 0.635217 0.364596 1.000000 0.598544 0.397684 0.362425 0.269433 0.058687 0.321851 0.096395 -0.246625 -0.212918 0.101197 -0.090195 -0.410165 -0.436832 -0.039938 -0.205306 -0.461124 -0.183585 0.247229 0.301039 0.149261 0.199287 0.135647 0.329845 -0.192616 0.085366 0.298499 -0.168435 -0.545043 -0.168253 -0.376821 0.195285 0.021946 0.046513 -0.197715 -0.545463 0.161274 -0.324737 -0.003613 -0.299806 0.413473 0.034620 -0.261589 0.032811 -0.332688 -0.463292 0.191622 -0.066309 0.013838 0.077044 0.146606 0.221873 0.070091 -0.117769 0.171606 0.093481 -0.017257 0.066991 -0.094236 -0.041036 0.161644 0.011469 -0.127576 -0.225464 0.103764 -0.123867 -0.476058 -0.242317 -0.222190 -0.540700 -0.380640 -0.264437 0.217428 -0.242643 -0.217598 -0.182812 -0.406334 -0.419571 -0.485321 -0.449666 -0.281725 0.139179 0.036865 0.246344 -0.366197 -0.161791 -0.145691 -0.083496 -0.320955 -0.201502 0.033383 0.246122
-0.094556 -0.241749 0.130491 0.184064 0.047576 0.375160 0.019952 -0.138346 0.250467 0.456742 0.166886 0.053789 -0.058410 -0.066724 0.440579 0.136281 0.078123 0.246307 -0.081466 -0.152182 0.217087 0.404505 0.353425 0.600136 0.598544 1.000000 0.412451 0.741518 0.192456 0.143369 0.341150 0.396499 -0.180973 -0.167085 -0.010038 -0.075736 -0.103061 -0.176642 0.092943 0.208830 -0.055938 0.156085 -0.105791 0.031696 -0.209079 0.051683 -0.164068 0.003234 -0.417353 -0.180695 0.087911 -0.271825 -0.289971 -0.142265 -0.023560 0.050401 -0.011026 -0.047727 -0.381197 -0.341346 -0.254995 -0.268655 -0.131943 -0.346926 0.184713 0.184677 -0.442629 0.035245 -0.215515 -0.214643 0.048693 -0.147044 0.064365 0.179056 0.198590 0.224776 0.183269 0.065846 0.360879 -0.000558 0.158570 0.148151 0.259677 0.306739 0.263245 0.186516 0.254905 0.279526 0.305973 0.138094 -0.202735 -0.112251 0.119318 -0.241391 -0.155129 -0.084145 -0.038058 -0.178750 -0.164357 -0.192281 -0.270141 -0.310385 -0.314379 -0.159714 0.020695 0.103065 0.119626 0.343845 -0.110867 -0.142648 0.030057 -0.066973 -0.273803 0.023057 -0.108788 0.017016
-0.001663 -0.171180 0.265753 0.269123 0.372206 0.668546 0.292050 -0.091953 0.280910 0.312740 0.345024 -0.015233 0.012064 -0.089109 0.286838 -0.080338 -0.117789 0.078914 0.117099 -0.138843 0.327272 0.396357 0.469697 0.464013 0.397684 0.412451 1.000000 0.561098 -0.059932 -0.214372 -0.071300 -0.002867 -0.292196 -0.156279 -0.007462 -0.102144 -0.210321 -0.187667 0.183947 0.059969 -0.205788 -0.010898 -0.129696 -0.103619 -0.107203 -0.059657 -0.189276 -0.155686 -0.165328 -0.113853 0.425342 -0.117834 -0.177090 -0.007825 -0.018185 -0.072897 -0.122815 -0.020322 -0.162459 -0.341388 0.067412 -0.303389 -0.029839 -0.366597 0.288923 0.023749 -0.229337 0.071936 -0.199681 -0.118007 0.184660 -0.134811 -0.176929 0.083024 -0.123885 0.026200 -0.030095 -0.026079 0.028706 -0.049366 0.026356 0.023926 0.113083 0.107214 0.270218 0.042716 0.176543 0.072738 0.415664 -0.046608 -0.018649 0.055152 0.135107 0.002847 -0.142757 -0.049639 0.004054 -0.049206 -0.274071 -0.261964 -0.163037 -0.344183 -0.160009 -0.160563 -0.041238 0.098321 0.129563 0.137103 -0.023342 -0.193312 0.028418 -0.047521 -0.032674 0.132573 -0.052523 -0.121989
-0.005636 -0.158860 0.050422 0.353275 0.043257 0.547474 -0.111836 -0.224716 0.162644 0.184995 0.130965 -0.124658 -0.251546 -0.329435 0.299275 -0.098359 -0.116178 0.058105 0.158809 0.017766 0.247077 0.541405 0.363006 0.658283 0.362425 0.741518 0.561098 1.000000 -0.083445 -0.000059 0.172317 0.240043 -0.209521 -0.085056 0.073208 -0.046888 -0.003320 -0.064848 0.274058 0.373289 -0.048034 0.159121 -0.214474 -0.118116 -0.277326 0.038393 -0.113398 -0.082485 -0.328943 -0.175771 0.170444 -0.151565 -0.069666 0.073271 0.187887 0.032156 -0.082162 -0.051664 -0.398563 -0.270916 -0.433381 -0.371200 -0.226901 -0.469679 0.115244 0.049367 -0.533033 0.135568 -0.166123 -0.071541 0.040534 -0.068040 -0.134918 0.104091 0.066167 0.122350 -0.000911 0.094917 0.219440 0.058156 0.130514 0.113355 0.369432 0.187937 0.347995 0.071391 0.478669 0.358356 0.431613 0.209090 0.065150 0.045208 0.001112 -0.079979 -0.051260 -0.123584 0.059512 -0.046269 -0.065648 -0.180252 -0.304262 -0.291775 -0.304347 -0.001095 0.018427 0.172109 0.168364 0.254048 -0.098581 -0.261053 0.230444 -0.172405 -0.269628 -0.007728 0.081701 -0.104862
0.188347 0.176427 -0.098518 -0.182433 0.064666 -0.240562 0.180218 -0.157759 0.002161 0.195102 0.396426 0.439182 0.552608 0.568748 0.542821 0.655191 0.532946 0.476075 -0.053958 -0.024052 0.037078 -0.055056 -0.020987 -0.026747 0.269433 0.192456 -0.059932 -0.083445 1.000000 0.724076 0.497344 0.326207 0.171294 0.013070 -0.035449 -0.302392 0.204208 -0.206979 0.104516 -0.283606 -0.000106 0.005280 -0.008189 -0.014979 -0.213265 -0.367147 -0.067323 -0.059602 -0.204939 -0.216332 -0.409152 -0.346172 -0.092772 -0.093172 0.049520 -0.106901 0.200006 0.229244 -0.233332 -0.418453 0.256052 -0.178829 0.554576 0.134587 0.098004 -0.230313 -0.193907 -0.559621 -0.001913 -0.118930 0.322831 0.238938 0.771169 0.390712 0.430163 0.496282 0.398006 0.041342 0.443796 0.476378 0.454592 0.411349 0.100351 0.409025 0.090398 0.061923 -0.334774 -0.081216 -0.110604 -0.043814 -0.237644 -0.302417 -0.004937 -0.306783 -0.288376 0.076068 -0.129024 -0.202502 -0.141204 -0.192400 -0.295064 -0.269436 -0.166610 -0.284743 -0.113864 -0.138081 -0.141302 0.029709 0.093874 0.409923 -0.272860 0.075818 0.203674 -0.029982 -0.059942 0.112032
0.096919 0.220401 -0.382901 -0.160272 -0.123148 -0.177595 -0.185866 -0.062081 -0.149323 0.108927 0.032593 0.363595 0.240633 0.437745 0.172136 0.594738 0.376730 0.465936 -0.017918 0.092907 -0.018498 -0.003912 -0.330696 -0.185174 0.058687 0.143369 -0.214372 -0.000059 0.724076 1.000000 0.393545 0.458313 0.376759 0.202802 -0.049187 -0.145588 0.348190 -0.034615 0.200933 -0.063442 0.240559 0.229795 -0.145049 -0.093525 -0.259982 -0.319005 -0.002950 -0.085560 -0.173822 -0.251758 -0.578386 -0.310402 -0.008692 -0.109442 0.146283 -0.132330 0.141895 0.128217 -0.259099 -0.099515 -0.141888 -0.090563 0.404440 0.221157 -0.249798 -0.278632 -0.136987 -0.449488 0.058959 0.041776 0.186882 0.272835 0.757079 0.459468 0.399603 0.496388 0.433745 0.149553 0.480744 0.596100 0.487160 0.431174 0.070600 0.424210 -0.079238 -0.080332 -0.195539 -0.061466 -0.201471 -0.043823 -0.090210 -0.234606 -0.037994 -0.192794 -0.116012 0.079568 -0.179868 -0.208239 -0.011605 -0.056728 -0.322274 -0.245710 0.027421 -0.028334 0.029540 -0.028869 -0.040303 0.050167 0.088856 0.261284 -0.141649 0.140196 0.256177 0.084431 0.106525 0.084341
0.003681 -0.097454 0.170019 0.051759 0.099817 -0.067461 0.169050 0.051153 0.186892 0.149549 0.058650 0.037852 0.079142 0.136042 0.361930 0.298235 -0.033955 0.228734 -0.050811 -0.036527 0.080388 0.175129 0.212165 0.270292 0.321851 0.341150 -0.071300 0.172317 0.497344 0.393545 1.000000 0.666124 0.064841 0.052898 0.185635 -0.068500 -0.128609 -0.289798 -0.118394 -0.114370 0.105204 -0.195565 -0.134895 -0.077015 -0.071386 -0.024415 -0.099510 -0.098960 -0.374709 -0.124174 -0.150113 -0.306740 -0.220165 -0.098607 -0.179817 -0.209531 -0.210569 -0.138812 -0.263864 -0.376741 -0.035214 -0.241946 0.174477 -0.160610 0.273175 0.025219 -0.224452 -0.030324 -0.202178 -0.280817 0.180212 0.436910 0.476219 0.256684 0.343740 0.495181 0.315476 0.212542 0.434817 0.380021 -0.000352 0.118540 0.035677 0.360639 -0.025869 -0.064519 -0.062074 -0.153929 0.016389 -0.170190 -0.093087 -0.152666 0.081480 -0.263077 -0.088692 0.148558 -0.048916 -0.059094 -0.157774 -0.253814 -0.278619 -0.122906 -0.091082 -0.099388 -0.038735 0.138266 -0.042982 0.173397 0.073137 0.131864 -0.018728 0.029377 0.050456 -0.150197 0.015000 0.295964
-0.363252 -0.177069 0.016373 0.333924 -0.037997 0.155769 -0.081179 0.374065 0.040990 0.184349 -0.290468 0.197385 -0.263578 0.092631 0.006450 0.260754 -0.243137 0.111693 0.150758 0.193725 0.201375 0.461238 -0.100319 0.321090 0.096395 0.396499 -0.002867 0.240043 0.326207 0.458313 0.666124 1.000000 0.223528 0.310918 0.040587 -0.044600 0.134368 0.034738 0.035360 0.188430 0.402752 0.289705 -0.470814 -0.383338 -0.471292 -0.287143 -0.348642 -0.243216 -0.651919 -0.537073 -0.412655 -0.607832 -0.059192 -0.122974 0.181114 -0.328464 -0.525093 -0.379089 -0.518976 -0.278542 -0.329716 -0.328128 0.129113 -0.242975 0.082264 0.095215 -0.234657 0.094028 -0.057757 0.027220 0.181389 0.487128 0.486243 0.362914 0.308988 0.471731 0.485632 0.571948 0.458011 0.283128 0.053241 0.058117 0.189583 0.535965 -0.160022 -0.196782 0.054267 -0.058183 0.173346 -0.039692 0.283312 0.207027 0.357708 0.082882 0.225070 0.453975 -0.172226 0.235991 0.025246 0.084599 -0.029316 0.030499 0.268520 0.259780 0.426396 0.203338 -0.019888 0.118243 0.367676 0.321527 0.298980 0.370032 0.178910 0.233940 0.070448 0.161677
0.073847 0.359544 -0.404005 -0.025323 -0.227027 -0.160234 -0.154122 0.041584 -0.191797 -0.018667 -0.110649 0.340996 -0.050727 0.217816 -0.137698 0.190400 0.184330 0.071429 0.142248 0.344923 0.106542 0.099367 -0.489231 -0.400049 -0.246625 -0.180973 -0.292196 -0.209521 0.171294 0.376759 0.064841 0.223528 1.000000 0.654029 -0.107925 -0.146505 0.281390 0.059750 0.006980 -0.053195 0.154205 -0.065390 -0.072970 -0.017509 -0.103008 -0.129213 -0.036968 -0.065761 -0.050875 -0.125144 -0.217743 -0.126725 0.082298 0.009712 0.119074 0.041003 0.046244 0.113396 -0.040432 0.066022 -0.072706 -0.021928 0.140653 0.092364 -0.188153 -0.068310 0.340417 0.003575 0.500332 0.412480 -0.309806 0.059685 0.261780 -0.109634 -0.172078 -0.031712 0.077442 0.040723 0.184777 0.295107 0.238413 0.172726 0.073321 0.206514 -0.194621 -0.305425 -0.236283 -0.203723 -0.391258 -0.330288 0.029312 0.022817 0.091643 0.053922 0.258881 0.303363 -0.178932 0.166405 -0.159836 -0.082770 -0.009891 0.090672 -0.039579 0.003343 0.157692 -0.357202 -0.253677 -0.147905 0.257605 0.273070 -0.052305 0.012137 0.210092 -0.028183 -0.212604 -0.194733
-0.037347 0.368322 -0.091920 0.180484 0.102184 0.058680 -0.010682 0.132951 0.088618 -0.006414 -0.109473 0.185639 -0.143920 0.092104 -0.204536 -0.062544 -0.063599 -0.005464 0.310005 0.630101 0.445474 0.384249 -0.311396 -0.213593 -0.212918 -0.167085 -0.156279 -0.085056 0.013070 0.202802 0.052898 0.310918 0.654029 1.000000 0.062643 0.159343 0.362231 0.362956 -0.112480 0.161219 0.325163 0.038991 -0.426476 -0.311532 -0.269605 -0.176098 -0.349656 -0.318039 -0.289086 -0.392778 -0.212521 -0.385694 0.100759 -0.098227 0.092328 -0.316499 -0.245633 0.050972 -0.203131 -0.021109 -0.036382 -0.155670 0.159977 -0.058855 -0.038533 0.038152 0.295857 0.274015 0.570951 0.518934 -0.245792 0.204257 0.200914 -0.095378 -0.143558 -0.020331 0.214196 0.185652 0.193805 0.216143 0.184601 0.191954 0.093814 0.145168 -0.241998 -0.412396 -0.148144 -0.270339 -0.169119 -0.280124 0.239339 0.190957 0.114193 0.240722 0.366864 0.454634 -0.209405 0.342590 -0.243773 -0.070199 0.111505 0.170225 0.120071 0.126886 0.380730 -0.025440 -0.430752 -0.278009 0.248629 0.411810 0.330878 0.105182 0.158889 0.012376 -0.160657 -0.208098
-0.042324 -0.227250 0.264931 -0.113543 0.187777 0.095226 0.254526 -0.271363 0.333688 -0.138756 0.043146 -0.265790 -0.115081 -0.312822 -0.090512 -0.329155 -0.181773 -0.020010 0.069543 0.248065 0.149172 0.197097 0.273754 0.158602 0.101197 -0.010038 -0.007462 0.073208 -0.035449 -0.049187 0.185635 0.040587 -0.107925 0.062643 1.000000 0.459346 0.147539 0.084608 -0.079954 -0.018272 0.069349 -0.180889 -0.026135 -0.078751 0.223704 0.289958 -0.077411 0.010751 -0.189683 -0.017116 0.151315 -0.174308 -0.222878 -0.104225 -0.179154 -0.236821 -0.237707 -0.166847 -0.230940 -0.116614 0.002910 -0.274022 -0.173662 -0.253225 0.418543 0.090677 0.008864 0.488096 0.070424 -0.057920 0.028032 0.252331 -0.036515 -0.231429 -0.169613 0.119246 0.058579 0.162762 0.056251 0.077529 -0.257939 0.062155 -0.125932 -0.230952 -0.149149 -0.261766 0.199878 -0.059711 -0.066981 -0.369466 0.129709 0.160596 -0.089483 0.007761 0.177556 0.145342 0.152502 0.206700 -0.214548 -0.056329 -0.249178 0.129688 0.084036 0.164359 0.040564 0.100767 -0.112003 -0.127208 0.014645 0.024675 0.388315 0.074199 -0.040908 -0.172499 0.069196 0.121676
-0.182295 -0.270232 0.266882 -0.129589 0.203746 0.071456 0.123841 -0.016277 0.312849 -0.173740 -0.162178 -0.390795 -0.163583 -0.397485 -0.292125 -0.447504 -0.233880 0.071594 -0.025246 0.146103 0.362315 0.128011 0.080795 -0.012626 -0.090195 -0.075736 -0.102144 -0.046888 -0.302392 -0.145588 -0.068500 -0.044600 -0.146505 0.159343 0.459346 1.000000 0.113011 0.315640 -0.386116 0.291662 0.264281 0.004050 -0.120097 -0.104260 0.229817 0.314021 -0.105377 -0.107727 0.002493 0.009544 0.139235 -0.053670 -0.226207 -0.252031 -0.360481 -0.262266 -0.185989 -0.121676 -0.047373 0.104761 -0.042796 -0.138685 -0.329156 -0.058578 0.113510 0.048968 0.246853 0.531534 -0.023568 -0.005767 -0.067255 0.175156 -0.129711 0.003870 0.034260 -0.038033 0.169001 0.194812 -0.018140 0.022963 -0.338861 -0.060575 -0.122671 -0.359688 -0.271400 -0.233177 0.142176 -0.228342 -0.055472 -0.313104 0.117616 0.206789 -0.112037 0.193095 0.224301 0.191229 0.080684 0.144654 -0.204839 -0.042953 0.035575 0.212902 0.319743 0.294869 0.227705 0.232910 -0.128368 -0.064916 0.003717 0.017686 0.300320 0.036822 -0.004832 -0.010365 0.143836 -0.032281
