1.000000 0.325610 0.008298 -0.130753 0.009773 0.097920 0.189327 0.130896 -0.079588 -0.163548 0.234314 0.206914 0.248742 0.169374 0.251120 -0.159923 0.203182 0.257196 0.004812 0.054440 -0.156527 0.132999 -0.078501 -0.202534 0.025593 -0.069649 0.015642 -0.178319 0.101660 0.176682 -0.102500 -0.254118 0.138544 -0.032709 0.211365 0.369192 0.146048 0.080065 0.152930 0.065273 0.071599 -0.107372 0.089876 -0.080690 -0.280964 -0.202419 0.056926 -0.050866 0.070164 -0.214307 -0.009098 -0.044342 0.089951 0.063380 0.174944 -0.108922 0.321703 0.392580 0.218443 -0.004539 0.207727 0.241637 -0.109198 0.305416 -0.090272 -0.104739 0.106170 -0.111447 0.175358 -0.138305 0.047405 0.123359 0.012466 -0.039786 0.211321 -0.122099 0.234950 -0.118735 0.081928 0.042072 0.059667 0.326125 0.050851 -0.109112 -0.084832 -0.033259 -0.020679 0.093777 0.089097 0.038318 -0.201747 -0.179552 -0.125258 -0.055901 -0.270971 -0.040871 0.065670 -0.174421 0.079135 0.286158 -0.121312 -0.050155 -0.016541 -0.377291 -0.384716 -0.313077 -0.153751 -0.146289 0.193093 -0.043452 0.139737 -0.176540 0.018303 -0.140762 -0.101235 -0.198416
0.325610 1.000000 0.016864 -0.205731 -0.290372 -0.283527 0.059850 0.379932 -0.139284 0.101390 -0.001985 0.368523 0.432797 0.505389 0.026187 0.127051 0.161050 0.327788 0.128542 -0.140853 -0.270560 -0.214280 -0.621766 -0.547094 -0.403476 -0.410855 -0.314969 -0.422852 0.296920 0.441329 -0.275285 -0.236189 0.426540 0.399611 -0.208789 0.151316 0.005506 -0.011052 0.031216 0.041091 0.058954 -0.136340 -0.305619 -0.394109 -0.314677 -0.462627 0.173279 -0.151871 0.013474 -0.079098 -0.358966 -0.100040 0.292823 0.102428 0.275994 0.161552 0.115019 0.171673 0.343921 0.458818 0.460154 0.600283 0.240066 0.601499 -0.194956 -0.025364 0.310422 -0.462953 -0.049715 -0.440766 -0.165951 -0.022243 0.227637 0.362324 0.241961 0.101605 0.100385 -0.144591 0.114001 0.251056 -0.011459 0.532115 -0.154376 0.170315 -0.129188 -0.235173 -0.238394 -0.156902 -0.013207 0.198793 -0.019010 0.026360 0.149471 -0.044023 -0.058145 0.226402 0.114575 0.061150 -0.035119 0.219786 0.162360 -0.009048 0.124455 -0.538190 -0.482232 -0.431945 0.069288 0.200063 0.034751 0.202121 -0.145362 0.000278 0.164198 -0.236315 0.116579 0.153301
0.008298 0.016864 1.000000 -0.181484 0.346933 0.029794 0.540545 0.247798 0.203274 0.005467 -0.019942 0.216465 0.085917 0.103053 0.018170 -0.173734 -0.026129 -0.130885 0.107520 -0.313989 0.096953 -0.040799 0.034704 -0.057094 -0.036209 -0.011690 -0.128362 -0.187948 0.077964 -0.183240 0.156671 0.191377 -0.190412 0.108588 0.079344 0.175976 -0.013766 -0.166268 0.057499 0.097143 -0.142285 -0.210801 -0.031847 -0.082348 -0.196496 0.048214 -0.083030 -0.011985 -0.008118 -0.001619 0.044524 -0.110592 0.128305 0.251645 -0.008374 -0.217727 -0.438879 -0.321142 0.199461 0.146838 0.167396 0.036361 -0.118877 0.086404 0.110466 0.146129 0.432747 0.235947 -0.095425 -0.431021 -0.097961 -0.149328 -0.230220 -0.052548 -0.134204 -0.065941 0.209899 -0.083321 -0.000489 -0.073675 -0.208922 -0.054930 -0.131205 -0.203831 -0.335400 -0.141779 -0.020144 0.138860 0.120596 0.034431 -0.062824 0.053470 -0.061318 0.042934 -0.163440 -0.003433 0.206843 0.003450 -0.132783 -0.083177 0.023838 0.158275 0.161178 -0.201420 -0.191352 -0.231715 0.158122 0.329178 -0.052028 0.168859 -0.027484 -0.224091 -0.125978 -0.141531 -0.021681 0.064879
-0.130753 -0.205731 -0.181484 1.000000 0.028714 0.008765 -0.135270 -0.195471 -0.102681 -0.013956 -0.075535 -0.255414 -0.327937 -0.175483 0.033669 0.048189 -0.046434 -0.153106 -0.078523 0.113449 0.090439 0.160056 0.422472 0.385105 0.071509 0.263240 0.213113 0.319732 0.073841 0.058482 0.394975 0.281696 0.054344 -0.113785 -0.036397 -0.228829 -0.181620 -0.202739 -0.036155 -0.081707 0.082144 0.072938 0.092054 0.108310 0.462724 0.264899 0.262623 -0.020519 -0.103723 0.242460 0.271385 0.264407 -0.194989 -0.164790 -0.340929 -0.106856 0.122263 0.054017 -0.454831 -0.430130 -0.433450 -0.513725 -0.051840 -0.366053 0.114952 0.119089 -0.340289 0.172098 -0.060596 0.045278 0.109330 -0.015414 0.140261 0.026185 0.133536 0.179877 -0.090322 0.203578 -0.168800 -0.193405 -0.041450 -0.218780 0.277661 0.456250 0.447156 0.268098 -0.076873 0.207240 -0.167852 -0.067624 0.154177 -0.205750 0.057430 0.045798 0.222404 0.113439 -0.214601 0.006119 0.058174 -0.095175 -0.019433 -0.115386 0.092715 0.000945 -0.029247 -0.062415 -0.324629 -0.225422 0.152923 -0.079348 -0.025570 0.037858 -0.110124 0.347027 -0.175063 -0.181304
0.009773 -0.290372 0.346933 0.028714 1.000000 0.617014 0.499030 0.259436 0.588469 0.328834 -0.029697 0.086884 0.097557 0.029180 0.352209 -0.050948 -0.020056 -0.299638 -0.466814 -0.099754 0.367737 0.379947 0.210988 0.144966 0.452434 0.444060 0.454415 0.284522 -0.254982 -0.267147 0.197574 0.088550 -0.162514 -0.156967 0.326522 0.231769 -0.075773 -0.206652 0.336189 0.100489 -0.166991 0.136808 0.122685 0.063611 0.056641 0.219487 -0.110523 -0.022910 0.118665 0.103944 0.384230 0.082972 -0.269128 0.257505 -0.129772 -0.155075 -0.006031 -0.075089 0.003761 -0.235338 0.027987 -0.219071 -0.453512 -0.416023 0.364975 0.199787 -0.009565 0.322190 -0.060437 -0.178372 -0.121601 0.279462 -0.192639 -0.127810 0.001792 0.011556 0.144317 -0.004126 -0.162606 -0.050741 0.125507 -0.118239 -0.122116 -0.284346 -0.074005 0.124088 -0.048477 0.347353 0.176211 0.012123 -0.178854 -0.023383 -0.226933 0.077965 -0.268623 -0.031609 -0.103540 -0.438415 0.044016 -0.035585 -0.126702 0.102013 -0.092474 -0.155498 -0.187972 -0.164278 -0.312529 -0.210623 0.230417 -0.169929 -0.026085 -0.241766 -0.204104 0.059985 -0.131559 -0.463415
0.097920 -0.283527 0.029794 0.008765 0.617014 1.000000 0.205168 -0.057362 0.359518 0.254757 -0.276958 -0.242341 0.045906 -0.270908 0.087212 -0.267865 -0.274174 -0.518083 -0.494716 0.044785 0.278063 0.575096 0.278024 0.299027 0.388037 0.519734 0.578359 0.508448 -0.443030 -0.264195 0.161116 0.061935 -0.069395 -0.184146 0.358551 0.255065 -0.234858 -0.013865 0.408110 0.104947 -0.305281 0.011727 0.261630 0.269332 -0.000140 0.222815 0.035357 0.037914 0.262882 0.012975 0.499411 0.309706 -0.242586 0.151956 -0.038719 -0.013677 0.045481 0.099717 0.019514 -0.165577 -0.143379 -0.337793 -0.477535 -0.369079 0.225119 -0.083627 0.001555 0.475719 0.028135 -0.037076 0.074322 0.461017 -0.304524 -0.165944 0.057405 -0.221520 -0.114952 -0.093612 -0.147644 -0.059192 0.154116 -0.146312 -0.368773 -0.341161 -0.021977 0.344649 0.279225 0.335039 0.277326 0.299125 -0.184953 0.216973 -0.149677 0.207835 -0.381410 -0.097491 0.034405 -0.548819 0.273133 0.016652 -0.335300 0.258185 -0.122900 -0.144728 -0.087866 -0.262428 -0.249521 -0.395419 0.369119 -0.284301 -0.028173 -0.241422 -0.099830 0.085470 -0.314216 -0.498573
0.189327 0.059850 0.540545 -0.135270 0.499030 0.205168 1.000000 0.589416 0.397710 0.212977 0.125339 0.314064 0.574358 0.384150 0.301331 0.012806 -0.054041 -0.168578 -0.303603 -0.150730 0.084840 0.146371 -0.235557 -0.231019 0.015290 -0.063698 0.099303 -0.189789 0.018905 -0.254034 0.205879 0.177618 -0.005050 0.006867 0.098327 0.172102 -0.148960 -0.177739 0.021540 -0.053758 -0.161316 -0.083887 -0.050652 -0.207750 -0.235364 -0.019017 0.046098 -0.024658 0.028828 -0.019082 0.155493 -0.055219 -0.137814 0.276728 -0.146531 -0.245490 -0.347803 -0.250482 0.313587 0.163599 0.365015 0.165256 -0.216604 -0.102441 0.230836 0.233745 0.116738 -0.008074 -0.449779 -0.462247 -0.109402 0.205361 -0.106781 -0.126686 -0.161982 -0.249763 0.047634 -0.188204 -0.098702 -0.209171 -0.091978 0.020744 -0.079753 -0.178237 -0.155087 -0.019330 -0.287785 0.051124 0.098861 -0.170468 -0.085647 -0.014977 -0.040490 0.158329 -0.202602 0.055652 -0.035344 -0.272624 -0.023338 -0.080180 0.022261 -0.041819 0.075975 -0.222013 -0.242721 -0.239380 -0.163061 0.124980 0.085020 -0.028572 -0.238095 -0.295192 -0.017056 -0.192662 -0.022721 -0.116867
0.130896 0.379932 0.247798 -0.195471 0.259436 -0.057362 0.589416 1.000000 0.103028 0.228994 0.029130 0.459268 0.564576 0.703564 0.106344 0.214078 0.046555 0.132851 -0.265902 -0.125661 0.023184 0.054476 -0.569043 -0.460113 -0.288936 -0.352875 -0.145857 -0.533719 0.059349 -0.011176 -0.035771 0.072993 0.189550 0.305416 0.040201 0.305713 -0.273320 -0.139338 -0.162330 -0.021905 -0.134694 -0.044348 -0.180816 -0.354172 -0.273503 -0.158222 0.031454 0.082093 -0.221152 -0.128508 -0.335986 -0.255982 -0.008116 0.314180 -0.028566 -0.141786 -0.036697 -0.180239 0.335384 0.401019 0.469746 0.484725 0.056288 0.138989 0.183922 0.399466 0.167802 -0.157438 -0.327033 -0.411454 -0.163682 0.210012 0.072885 0.025413 0.033186 0.036492 0.037397 -0.014802 0.030745 -0.006111 -0.152090 0.201105 -0.312060 -0.005834 0.026599 -0.259828 -0.435746 -0.126017 -0.011102 -0.124642 -0.044714 -0.046051 0.111560 0.004340 -0.184516 0.139831 -0.132719 -0.171659 -0.167977 0.198984 0.226492 -0.208865 0.146779 -0.270726 -0.267863 -0.340132 -0.119954 0.193331 -0.041866 0.028691 0.000259 -0.069022 0.180620 -0.185982 0.081703 -0.117977
-0.079588 -0.139284 0.203274 -0.102681 0.588469 0.359518 0.397710 0.103028 1.000000 0.516060 0.243144 0.061741 0.273487 0.105591 0.564326 -0.002924 -0.068618 -0.213485 -0.460002 -0.298882 0.110594 0.228384 0.119421 0.115682 0.319514 0.334996 0.267853 0.301095 -0.154003 -0.296969 0.040683 -0.015013 -0.278909 -0.317853 0.243699 0.225454 -0.052489 -0.264901 0.372978 0.100999 -0.144713 -0.146604 0.154843 0.028140 -0.024913 -0.028558 -0.007732 0.162180 0.447560 0.023445 0.358877 0.077126 -0.289603 0.107081 -0.023219 -0.301660 -0.181919 -0.160625 0.153496 -0.124814 0.155837 -0.047762 -0.429747 -0.401459 0.418635 0.225656 -0.094880 0.018214 -0.107741 -0.263604 0.015215 0.100561 -0.165406 -0.187122 -0.212477 -0.053264 0.031027 -0.031367 -0.150983 -0.166520 -0.222964 -0.281791 -0.052057 -0.250682 -0.172480 -0.082453 0.075267 0.269338 0.104840 -0.080138 0.037381 0.160774 -0.046381 0.215746 -0.096678 0.054959 0.132884 -0.176419 0.213963 -0.131049 -0.156392 0.049547 -0.040179 -0.080183 -0.089093 -0.196374 -0.237398 -0.129096 0.090421 0.015148 0.125780 -0.117945 -0.221719 -0.158682 0.001087 -0.342830
-0.163548 0.101390 0.005467 -0.013956 0.328834 0.254757 0.212977 0.228994 0.516060 1.000000 0.232902 0.150212 0.357706 0.381616 0.503405 0.411330 0.204728 0.024370 -0.359925 -0.229092 0.293635 -0.064042 -0.165685 -0.208114 0.099174 -0.007126 0.144815 0.123936 0.036997 -0.194955 -0.160928 -0.070431 -0.106638 -0.237009 -0.195934 0.056155 -0.243785 -0.390624 -0.000239 -0.241164 -0.171526 -0.033938 -0.362646 -0.434989 -0.122467 -0.250782 -0.020471 -0.254136 0.046311 -0.056213 -0.020776 0.103922 -0.426292 0.052705 -0.307122 -0.286074 -0.101721 -0.258023 0.320342 0.152133 0.343349 0.296353 -0.206345 -0.124354 0.464847 0.534821 -0.043669 -0.174533 -0.336133 -0.241323 -0.178667 0.018818 -0.002586 0.056730 -0.102711 0.079345 -0.044038 -0.250737 -0.127067 -0.092001 -0.127946 -0.289524 -0.061931 0.101488 -0.072685 -0.246855 -0.207235 0.012585 -0.249547 -0.227407 0.288554 0.216945 0.171846 0.297532 0.171314 0.219565 -0.246892 -0.044395 0.135828 -0.068345 0.167433 0.012833 0.055765 0.049702 0.054161 -0.039049 -0.115163 -0.106248 -0.023412 -0.059786 -0.129825 0.079850 -0.074625 0.061989 -0.045700 -0.162972
0.234314 -0.001985 -0.019942 -0.075535 -0.029697 -0.276958 0.125339 0.029130 0.243144 0.232902 1.000000 0.346455 0.363492 0.335615 0.623058 0.362515 0.434595 0.425366 -0.008553 -0.300756 -0.028506 -0.436500 -0.018463 -0.163517 -0.118224 -0.266430 -0.081676 -0.194758 0.327917 -0.048871 -0.258727 -0.238223 -0.256211 -0.317214 -0.110062 -0.035590 0.172903 -0.206142 -0.003536 -0.217983 -0.133066 -0.365713 -0.371828 -0.529679 -0.167063 -0.410639 -0.168122 -0.177535 -0.045673 -0.166879 -0.309767 -0.290415 -0.159083 -0.171829 -0.196094 -0.476541 -0.028393 -0.110698 0.341657 0.024214 0.430000 0.319038 0.231812 0.128142 0.171355 0.407438 -0.236573 -0.379782 -0.185269 -0.182546 0.149423 -0.369744 0.102643 0.138360 -0.124428 0.180518 0.259003 -0.057257 -0.213726 -0.189783 -0.392688 -0.222692 0.343079 0.157822 0.033525 -0.461906 -0.157255 -0.148652 -0.224037 -0.363377 0.210599 0.153588 0.150976 0.219270 0.494480 0.082768 0.030777 0.432341 -0.041629 -0.052036 0.149242 0.063344 0.062186 0.219418 0.132571 0.056902 -0.142991 -0.027093 -0.449349 0.460648 0.161731 0.005913 -0.054465 -0.218998 -0.056338 -0.091042
0.206914 0.368523 0.216465 -0.255414 0.086884 -0.242341 0.314064 0.459268 0.061741 0.150212 0.346455 1.000000 0.466505 0.498189 0.358952 0.143510 0.206885 0.387840 -0.113961 -0.322040 -0.093700 -0.183146 -0.276523 -0.245433 -0.184836 -0.186797 -0.043040 -0.319193 0.167512 -0.033657 -0.158323 -0.133515 -0.167537 0.062453 0.042833 0.249885 -0.007562 0.098537 -0.137081 0.129877 0.056133 -0.057102 -0.167739 -0.315784 -0.254408 -0.283296 -0.168839 0.106121 -0.089895 -0.010459 -0.320285 -0.341204 0.000305 0.282477 0.063158 -0.137127 -0.017394 -0.141380 0.355928 0.121219 0.478150 0.438044 0.215473 0.198488 0.037905 0.226060 0.059930 -0.259005 -0.046903 -0.243614 -0.090310 -0.061036 0.045256 0.156190 -0.018875 0.199420 0.262973 -0.045848 0.031398 0.008859 -0.205895 0.146550 -0.042941 0.010173 -0.096994 -0.267557 -0.273436 -0.113597 0.044160 -0.212741 -0.149780 -0.053274 0.120128 0.118684 -0.002452 -0.163694 -0.050113 0.094007 -0.293434 0.164634 0.385294 -0.084222 -0.086175 -0.249707 -0.339873 -0.113726 0.014100 0.131679 -0.238077 0.127258 0.101990 -0.131323 -0.211080 -0.106418 0.023421 -0.031522
0.248742 0.432797 0.085917 -0.327937 0.097557 0.045906 0.574358 0.564576 0.273487 0.357706 0.363492 0.466505 1.000000 0.597644 0.451055 0.197820 0.250718 0.234658 -0.269215 -0.198376 -0.190212 -0.027288 -0.585024 -0.481023 -0.252225 -0.331510 -0.078579 -0.346550 0.216266 0.050312 -0.175403 -0.203732 0.103470 -0.040847 0.022561 0.240607 -0.087274 -0.063168 -0.008960 -0.079465 -0.254724 -0.110786 -0.191283 -0.442248 -0.358116 -0.440136 0.141009 -0.039281 0.045832 -0.104931 -0.237293 -0.133941 -0.065508 0.189067 -0.002576 -0.178668 -0.051964 -0.048713 0.534862 0.339562 0.597046 0.523362 0.158986 0.193203 0.034551 0.207107 0.064479 -0.410941 -0.407553 -0.453499 -0.017741 0.171919 0.120754 0.218440 0.004145 -0.131641 0.056908 -0.175145 -0.014425 0.100131 -0.179722 0.159104 -0.190473 -0.135359 -0.172657 -0.288943 -0.211632 -0.220336 -0.125557 -0.203813 0.129811 0.248803 0.176095 0.240772 -0.037515 -0.031693 0.009047 -0.146443 0.003755 0.064923 0.108742 0.028242 0.018415 -0.206459 -0.210961 -0.274849 -0.193903 0.030699 0.047576 0.013167 -0.078518 -0.126671 0.088029 -0.333307 0.003359 -0.087685
0.169374 0.505389 0.103053 -0.175483 0.029180 -0.270908 0.384150 0.703564 0.105591 0.381616 0.335615 0.498189 0.597644 1.000000 0.339631 0.592393 0.409957 0.515233 -0.115234 -0.014552 0.040188 -0.271994 -0.596898 -0.643552 -0.398273 -0.592491 -0.345756 -0.657322 0.413563 0.306056 -0.119734 -0.196655 0.301606 0.282890 -0.152901 0.155793 -0.159681 -0.249557 -0.296610 -0.256464 -0.246554 -0.148442 -0.412481 -0.603297 -0.095018 -0.337466 0.110001 -0.157398 -0.202047 -0.018029 -0.529491 -0.244143 -0.197929 0.238393 -0.207920 -0.207879 0.075957 0.043924 0.297602 0.385387 0.500448 0.653711 0.243264 0.410777 0.116432 0.432608 -0.044039 -0.517221 -0.311194 -0.466127 -0.098932 0.036973 0.345853 0.399999 0.189696 0.171115 0.264651 -0.046160 -0.137177 -0.039009 -0.202105 0.220439 0.008167 0.235954 0.057122 -0.562026 -0.462269 -0.303753 -0.353061 -0.254305 0.199641 0.027754 0.182653 0.040391 0.108123 0.295918 -0.200059 0.064231 -0.034578 0.284765 0.315766 -0.171593 0.208942 -0.280459 -0.259263 -0.292425 -0.234615 0.138014 -0.059771 0.081267 -0.049425 0.153028 0.247088 -0.170710 0.050077 -0.099152
0.251120 0.026187 0.018170 0.033669 0.352209 0.087212 0.301331 0.106344 0.564326 0.503405 0.623058 0.358952 0.451055 0.339631 1.000000 0.360738 0.457013 0.337520 -0.268920 -0.188595 0.048381 -0.101029 0.083656 -0.065088 0.069937 0.021935 0.166415 0.077615 0.225064 -0.029439 0.030484 -0.195059 -0.178110 -0.399539 0.070018 0.095782 0.181384 -0.322239 0.094328 -0.186706 -0.013256 -0.057610 -0.026609 -0.256084 -0.015550 -0.360919 0.192431 -0.163356 0.111476 0.117516 0.053066 0.096903 -0.307070 0.059697 -0.221574 -0.424086 0.071901 0.057115 0.152647 -0.216198 0.295335 0.140306 -0.033543 -0.092550 0.242721 0.231544 -0.389067 -0.401358 -0.181050 -0.206916 -0.061870 -0.043975 0.173403 0.169983 -0.108957 0.232331 0.229736 -0.059162 -0.146909 -0.022827 -0.117997 -0.118722 0.327947 0.076778 -0.017191 -0.306502 -0.142715 -0.020547 -0.268758 -0.453829 0.191751 -0.039317 -0.021442 0.289397 0.197242 -0.001308 -0.138722 -0.018248 0.152002 -0.047678 0.128395 -0.050248 -0.070822 -0.053369 -0.154309 -0.048011 -0.407726 -0.276906 -0.043827 -0.032975 0.062360 -0.097583 -0.181596 0.035465 -0.070820 -0.316796
-0.159923 0.127051 -0.173734 0.048189 -0.050948 -0.267865 0.012806 0.214078 -0.002924 0.411330 0.362515 0.143510 0.197820 0.592393 0.360738 1.000000 0.464177 0.445255 0.077938 0.117879 0.206795 -0.468782 -0.211643 -0.332855 -0.450667 -0.532561 -0.307252 -0.423009 0.327578 0.293283 -0.030616 -0.173363 0.183151 0.122748 -0.281000 -0.256329 -0.062257 -0.341531 -0.437369 -0.492376 -0.110043 -0.053129 -0.436302 -0.494427 0.199401 -0.191688 0.043551 -0.398262 -0.330791 0.127520 -0.498248 -0.104343 -0.322194 0.057280 -0.369985 -0.169241 0.124412 -0.019255 -0.018038 0.056763 0.235114 0.398469 0.209576 0.144788 0.286429 0.379203 -0.426075 -0.600873 -0.269126 -0.207096 -0.210957 -0.109176 0.408264 0.315064 -0.000948 0.376148 0.129641 -0.034893 -0.252584 -0.097864 -0.009548 -0.048198 0.230855 0.500157 0.249146 -0.445927 -0.408724 -0.378418 -0.575250 -0.326414 0.328169 0.130577 0.128276 0.166400 0.383193 0.340662 -0.405642 0.270748 -0.017374 0.252800 0.374571 -0.125035 0.163144 0.093156 0.105537 0.084546 -0.095203 0.033679 -0.242313 0.080483 -0.148626 0.183822 0.233695 0.067124 0.063689 0.022657
0.203182 0.161050 -0.026129 -0.046434 -0.020056 -0.274174 -0.054041 0.046555 -0.068618 0.204728 0.434595 0.206885 0.250718 0.409957 0.457013 0.464177 1.000000 0.762521 0.259241 0.010307 0.004469 -0.428131 -0.221457 -0.344088 -0.000620 -0.320913 -0.324669 -0.309449 0.589332 0.399991 -0.224999 -0.315463 0.158278 -0.120574 -0.252137 -0.128665 0.247617 -0.245269 -0.266162 -0.351668 -0.031678 0.103818 -0.288062 -0.399069 0.142637 -0.270512 0.084076 -0.378575 -0.244115 0.033703 -0.333931 -0.026376 0.059897 0.053234 -0.231256 -0.065172 0.420821 0.188323 -0.016755 -0.058387 0.191999 0.267600 0.321770 0.365572 0.123540 0.175339 -0.223002 -0.530771 -0.026382 -0.135998 -0.122851 -0.237888 0.519656 0.440870 0.198267 0.404439 0.323805 -0.103135 -0.094601 0.273713 0.109537 0.143368 0.414589 0.200541 -0.078637 -0.517805 -0.402112 -0.483578 -0.559837 -0.480462 0.258932 -0.038690 -0.170275 -0.165671 0.407622 0.213182 -0.209870 0.265770 -0.170235 0.099976 0.010575 -0.131381 -0.231302 0.121660 -0.013873 0.169777 -0.291656 -0.055027 -0.041165 0.025123 0.009656 0.274469 0.042881 -0.064320 -0.027936 0.055553
0.257196 0.327788 -0.130885 -0.153106 -0.299638 -0.518083 -0.168578 0.132851 -0.213485 0.024370 0.425366 0.387840 0.234658 0.515233 0.337520 0.445255 0.762521 1.000000 0.358381 0.052760 -0.145441 -0.451751 -0.337216 -0.423873 -0.225613 -0.490359 -0.435414 -0.509953 0.562017 0.434453 -0.220061 -0.387970 0.214383 0.031442 -0.244491 -0.004319 0.295455 -0.088876 -0.421687 -0.237779 0.009721 0.007081 -0.260361 -0.385604 0.102488 -0.362174 0.144480 -0.141744 -0.214271 0.030390 -0.528241 -0.106668 0.146927 0.153059 -0.090001 -0.059500 0.418048 0.256897 0.008406 0.021214 0.226826 0.397512 0.372024 0.512255 -0.115105 0.070344 -0.220079 -0.627140 0.051177 -0.052939 0.025658 -0.227999 0.489340 0.460088 0.231913 0.378767 0.325155 0.045590 0.071435 0.319249 -0.037522 0.326460 0.301982 0.270477 0.007741 -0.560089 -0.319083 -0.456837 -0.518093 -0.451933 0.192745 -0.170983 0.084509 -0.201979 0.304270 0.038759 -0.219840 0.314052 -0.178304 0.219540 0.195875 -0.154692 -0.117052 -0.055074 -0.100041 0.046379 -0.172963 0.124267 -0.150326 0.043655 0.148764 0.290911 0.060137 -0.044455 0.151936 0.038084
0.004812 0.128542 0.107520 -0.078523 -0.466814 -0.494716 -0.303603 -0.265902 -0.460002 -0.359925 -0.008553 -0.113961 -0.269215 -0.115234 -0.268920 0.077938 0.259241 0.358381 1.000000 0.219536 -0.019034 -0.360468 -0.053813 -0.089184 -0.130246 -0.173530 -0.516961 -0.219665 0.394758 0.228996 -0.019383 -0.011411 0.193347 0.203117 -0.412839 -0.327354 0.223180 -0.033297 -0.393669 -0.312577 0.237548 0.140455 -0.167724 0.066213 0.124557 0.022635 0.061140 -0.132763 -0.036203 -0.015299 -0.209452 -0.015043 0.309217 -0.005144 0.059021 0.129836 0.012810 0.049652 -0.179190 -0.010926 -0.187184 0.048350 0.260392 0.261588 -0.195397 -0.199289 0.077568 -0.250225 0.065702 0.189351 -0.101014 -0.391546 0.222423 -0.019532 -0.087287 0.027472 -0.046335 -0.216958 0.065093 0.247614 -0.018794 0.051451 0.315781 0.256264 0.046769 -0.162728 -0.217803 -0.288175 -0.281028 -0.199171 0.154109 -0.011574 -0.018816 -0.129614 0.260233 0.085505 0.075697 0.413029 -0.084388 0.137224 0.153697 0.019128 0.043814 0.176064 0.157915 0.213642 0.254191 0.337413 -0.238186 0.085998 -0.063136 0.135525 -0.111350 0.085463 0.242617 0.478554
0.054440 -0.140853 -0.313989 0.113449 -0.099754 0.044785 -0.150730 -0.125661 -0.298882 -0.229092 -0.300756 -0.322040 -0.198376 -0.014552 -0.188595 0.117879 0.010307 0.052760 0.219536 1.000000 0.185838 0.026525 -0.076582 -0.142904 0.100255 -0.114684 0.050511 -0.030046 -0.043768 0.215098 0.089543 -0.160461 0.395845 0.172025 -0.133361 -0.283036 0.123253 0.119627 -0.315900 -0.320225 0.120460 0.533909 0.195052 0.313880 0.457065 0.317906 0.368969 -0.044769 -0.031221 0.246857 0.073848 0.244878 -0.191019 0.133519 -0.209719 0.125874 0.335233 0.413782 -0.485601 -0.176036 -0.492676 -0.273003 -0.007660 -0.068151 -0.273433 -0.367814 -0.431910 -0.148176 0.002177 0.468464 -0.147477 0.203996 0.227818 -0.021292 0.115016 -0.184046 -0.263054 -0.074689 0.069764 -0.061608 0.412551 0.281432 0.316972 0.106123 0.355276 0.336297 -0.090379 0.016749 -0.352399 -0.048085 -0.001766 -0.265406 -0.196646 -0.167525 -0.025399 -0.036302 -0.366280 -0.222650 0.203045 0.118023 -0.007445 -0.062238 0.111675 0.043057 0.151853 0.241991 -0.218468 -0.252179 0.407247 -0.522840 -0.283021 0.215326 0.115070 0.306274 0.234082 0.071579
-0.156527 -0.270560 0.096953 0.090439 0.367737 0.278063 0.084840 0.023184 0.110594 0.293635 -0.028506 -0.093700 -0.190212 0.040188 0.048381 0.206795 0.004469 -0.145441 -0.019034 0.185838 1.000000 -0.014899 0.211521 0.009665 0.309107 0.107782 0.187392 0.138414 0.200942 0.014721 0.250892 0.188501 0.064803 0.090659 -0.257872 -0.203928 -0.061265 -0.357168 -0.074999 -0.349110 -0.020196 0.108441 -0.112831 -0.116921 0.229495 0.160979 0.017904 -0.400937 0.039435 -0.037988 0.187085 0.135476 -0.421446 -0.068020 -0.328367 -0.165427 -0.027766 -0.190923 -0.041854 -0.061802 -0.092391 -0.059958 -0.002221 -0.153671 0.230428 0.256519 -0.103864 0.115331 -0.256249 -0.027114 -0.115818 -0.046218 0.176256 0.084110 -0.057376 -0.005981 0.003163 -0.305386 -0.285367 -0.173737 0.141474 -0.225191 0.179324 0.219663 0.315492 -0.054952 -0.211133 0.074084 -0.163386 -0.075009 0.037899 -0.098865 -0.048837 -0.117800 0.277599 0.235518 -0.360923 0.038444 0.086163 0.072920 0.104823 -0.088988 0.241394 0.171757 0.157591 0.151205 -0.104628 -0.136984 -0.101292 -0.055057 -0.283205 -0.170470 -0.107628 0.227379 -0.194993 -0.106140
0.132999 -0.214280 -0.040799 0.160056 0.379947 0.575096 0.146371 0.054476 0.228384 -0.064042 -0.436500 -0.183146 -0.027288 -0.271994 -0.101029 -0.468782 -0.428131 -0.451751 -0.360468 0.026525 -0.014899 1.000000 0.268031 0.364818 0.409280 0.653777 0.456831 0.478509 -0.472311 -0.135827 0.330400 0.205589 0.012486 -0.088450 0.464843 0.450059 -0.142168 0.217961 0.321698 0.384156 -0.030690 0.080204 0.446431 0.469176 -0.007890 0.175732 0.093565 0.459154 0.225007 -0.085581 0.510988 0.180675 0.033055 0.106299 0.181445 0.147559 0.037581 0.181205 -0.158311 -0.225659 -0.291747 -0.403949 -0.578518 -0.433557 0.159106 -0.226076 0.076615 0.528761 0.126065 0.068976 0.224051 0.580863 -0.371414 -0.260046 0.061003 -0.234570 -0.088935 0.064929 0.056573 0.044323 0.020536 -0.033139 -0.386998 -0.360087 0.064007 0.422668 0.281957 0.450549 0.432092 0.186311 -0.265822 -0.106252 -0.094861 0.041394 -0.680997 -0.262576 0.191301 -0.620190 0.290931 0.067976 -0.116094 -0.149390 -0.276923 -0.263168 -0.309772 -0.297340 -0.207742 -0.132941 0.398795 -0.463428 0.256890 -0.280567 -0.077068 -0.051407 -0.112448 -0.483359
-0.078501 -0.621766 0.034704 0.422472 0.210988 0.278024 -0.235557 -0.569043 0.119421 -0.165685 -0.018463 -0.276523 -0.585024 -0.596898 0.083656 -0.211643 -0.221457 -0.337216 -0.053813 -0.076582 0.211521 0.268031 1.000000 0.813184 0.311618 0.626428 0.457335 0.621000 -0.252407 -0.303055 0.413172 0.318650 -0.433274 -0.346834 0.337416 -0.010131 0.024109 -0.077006 0.200110 0.094080 0.020174 -0.135905 0.407477 0.439170 0.354277 0.379479 -0.044375 0.088663 0.197573 0.242333 0.527434 0.220241 -0.080240 -0.168003 -0.067095 -0.184478 -0.087672 -0.031536 -0.473693 -0.716468 -0.585782 -0.703182 -0.298804 -0.526715 0.157042 -0.053627 -0.312045 0.504823 0.324809 0.284328 0.185408 -0.019508 -0.278362 -0.204825 -0.162586 0.070059 0.018626 0.109408 -0.199957 -0.183431 -0.052112 -0.456305 0.175638 -0.064636 0.124037 0.251746 0.373320 0.346082 0.221432 0.039990 -0.144748 -0.074316 0.000395 0.128651 0.030247 -0.135079 0.028135 0.010567 0.139520 -0.198800 -0.070515 0.012453 -0.051828 0.167728 0.107245 0.075392 -0.103132 -0.201581 -0.063083 0.004065 0.242129 -0.028181 -0.269450 0.159109 -0.186247 -0.183776
-0.202534 -0.547094 -0.057094 0.385105 0.144966 0.299027 -0.231019 -0.460113 0.115682 -0.208114 -0.163517 -0.245433 -0.481023 -0.643552 -0.065088 -0.332855 -0.344088 -0.423873 -0.089184 -0.142904 0.009665 0.364818 0.813184 1.000000 0.210832 0.696092 0.454300 0.669603 -0.354926 -0.392985 0.350523 0.419451 -0.460965 -0.402146 0.311139 -0.082040 -0.187775 -0.004876 0.152193 0.171452 0.023094 -0.054356 0.468954 0.518768 0.204306 0.450425 -0.166439 0.239771 0.205257 0.215131 0.507305 0.125704 -0.002955 -0.134824 -0.041235 -0.124931 -0.229243 -0.228913 -0.454593 -0.664218 -0.573222 -0.702980 -0.269385 -0.666479 0.222809 -0.030797 -0.253526 0.524728 0.221620 0.290857 0.204562 0.060231 -0.371052 -0.332932 -0.243774 0.049120 -0.216704 0.110324 -0.006729 -0.055029 -0.049253 -0.485717 -0.010459 -0.081388 0.113126 0.368438 0.407328 0.257932 0.401960 0.075263 -0.198970 0.072548 0.096491 0.243990 -0.077345 -0.276640 0.055105 -0.078872 -0.053647 -0.323957 -0.053622 -0.007749 -0.121858 0.283429 0.222003 0.132277 0.022088 -0.049911 -0.118067 0.031519 0.252758 -0.126849 -0.180425 0.109213 -0.031741 -0.109204
0.025593 -0.403476 -0.036209 0.071509 0.452434 0.388037 0.015290 -0.288936 0.319514 0.099174 -0.118224 -0.184836 -0.252225 -0.398273 0.069937 -0.450667 -0.000620 -0.225613 -0.130246 0.100255 0.309107 0.409280 0.311618 0.210832 1.000000 0.644163 0.378980 0.616294 -0.180493 -0.201146 0.083406 0.067003 -0.156175 -0.305383 0.209735 0.107481 0.160991 0.106283 0.346372 0.140983 0.273955 0.419642 0.212457 0.280660 0.145616 0.152024 -0.025048 0.123646 0.291141 -0.044346 0.554760 0.260362 -0.062309 0.036328 0.027771 0.102380 0.142328 0.159673 -0.151580 -0.263647 -0.278282 -0.399424 -0.440107 -0.300756 0.058291 -0.232931 -0.002513 0.376499 0.072340 0.345447 0.072565 0.185483 -0.216398 -0.162051 0.036415 -0.145075 -0.086509 -0.233406 0.019053 0.061481 0.210475 -0.072300 0.110698 -0.330760 -0.075534 0.308698 0.039976 0.342052 0.101509 -0.064857 -0.265458 -0.299525 -0.404503 -0.257020 -0.169514 -0.193788 0.040270 -0.335120 0.035731 -0.157363 -0.330935 -0.078498 -0.400787 0.080044 -0.023479 0.220754 -0.198174 -0.243660 0.200754 -0.301400 0.007353 -0.055849 -0.331044 0.082395 -0.046863 -0.214946
-0.069649 -0.410855 -0.011690 0.263240 0.444060 0.519734 -0.063698 -0.352875 0.334996 -0.007126 -0.266430 -0.186797 -0.331510 -0.592491 0.021935 -0.532561 -0.320913 -0.490359 -0.173530 -0.114684 0.107782 0.653777 0.626428 0.696092 0.644163 1.000000 0.575750 0.836613 -0.428109 -0.349989 0.342068 0.296344 -0.285502 -0.308133 0.379551 0.183716 -0.032295 0.131371 0.445329 0.339735 0.153309 0.136187 0.448959 0.534329 0.166390 0.342258 -0.026654 0.293740 0.373790 0.106852 0.742197 0.321450 0.013189 0.051676 0.187868 0.102351 -0.058326 0.000650 -0.316957 -0.536635 -0.454594 -0.657448 -0.507582 -0.633644 0.191388 -0.139119 -0.037152 0.587008 0.215773 0.237398 0.080445 0.245567 -0.339460 -0.333122 -0.040094 -0.115413 -0.201432 -0.100997 -0.026915 0.039771 0.003905 -0.334245 -0.119347 -0.345447 -0.030924 0.455771 0.273378 0.421529 0.480325 0.112681 -0.297142 -0.122412 -0.156689 0.094778 -0.324747 -0.268002 0.172398 -0.395570 0.197999 -0.228421 -0.209726 -0.031984 -0.376367 -0.022764 -0.084712 -0.010988 -0.123178 -0.205824 0.189196 -0.281469 0.132446 -0.175764 -0.405197 0.062362 -0.115416 -0.278673
0.015642 -0.314969 -0.128362 0.213113 0.454415 0.578359 0.099303 -0.145857 0.267853 0.144815 -0.081676 -0.043040 -0.078579 -0.345756 0.166415 -0.307252 -0.324669 -0.435414 -0.516961 0.050511 0.187392 0.456831 0.457335 0.454300 0.378980 0.575750 1.000000 0.622714 -0.491106 -0.446062 0.187769 0.176873 -0.286830 -0.251995 0.252930 0.167201 -0.121647 0.064698 0.353460 0.135277 -0.081547 0.037443 0.283384 0.228238 0.120915 0.158541 -0.050782 0.095451 0.236907 0.081813 0.557084 0.184950 -0.134783 -0.090822 -0.016255 -0.061372 -0.037280 -0.009415 -0.254949 -0.444295 -0.314473 -0.503140 -0.427765 -0.535565 0.139684 -0.074418 -0.254728 0.429852 0.105349 0.172256 0.288534 0.461922 -0.259217 -0.171831 -0.079603 -0.069721 -0.099289 -0.015888 -0.056305 -0.125439 -0.001080 -0.191172 -0.064829 -0.194981 0.089791 0.396650 0.255716 0.371005 0.336509 0.165168 -0.198801 -0.012152 -0.055044 0.221054 -0.170330 -0.282040 -0.027298 -0.318136 0.098741 -0.316928 -0.057239 -0.047025 -0.145079 -0.041549 0.039953 -0.023213 -0.166438 -0.294332 0.168532 -0.163423 0.052907 -0.074999 -0.291773 0.089285 -0.061760 -0.366136
-0.178319 -0.422852 -0.187948 0.319732 0.284522 0.508448 -0.189789 -0.533719 0.301095 0.123936 -0.194758 -0.319193 -0.346550 -0.657322 0.077615 -0.423009 -0.309449 -0.509953 -0.219665 -0.030046 0.138414 0.478509 0.621000 0.669603 0.616294 0.836613 0.622714 1.000000 -0.408864 -0.309108 0.186866 0.154641 -0.268452 -0.373862 0.185411 -0.103632 0.050078 -0.003327 0.466140 0.190796 0.197325 0.179702 0.408058 0.489353 0.159576 0.236728 0.105618 0.075383 0.318639 0.132174 0.778542 0.490343 -0.133855 -0.106923 0.024010 0.153772 -0.153543 -0.036324 -0.327988 -0.515527 -0.472969 -0.655992 -0.436975 -0.602000 0.140873 -0.211960 -0.185636 0.401925 0.072604 0.275590 0.148516 0.203850 -0.328633 -0.248015 -0.141959 -0.146309 -0.234027 -0.093451 0.031948 0.072101 0.175014 -0.319122 0.024962 -0.175822 0.095363 0.582677 0.320695 0.441609 0.330189 0.125669 -0.156914 -0.127795 -0.236884 0.028167 -0.119324 -0.214440 0.123532 -0.296372 0.241175 -0.414102 -0.200782 -0.037381 -0.319681 0.109432 0.093277 0.128998 -0.163371 -0.378625 0.226957 -0.211727 -0.035864 -0.053151 -0.295346 0.189174 -0.170700 -0.246080
0.101660 0.296920 0.077964 0.073841 -0.254982 -0.443030 0.018905 0.059349 -0.154003 0.036997 0.327917 0.167512 0.216266 0.413563 0.225064 0.327578 0.589332 0.562017 0.394758 -0.043768 0.200942 -0.472311 -0.252407 -0.354926 -0.180493 -0.428109 -0.491106 -0.408864 1.000000 0.483691 0.048070 -0.008764 0.163706 0.021677 -0.459706 -0.295162 0.169447 -0.375188 -0.295458 -0.425707 -0.038004 -0.104883 -0.244902 -0.374526 0.097124 -0.229969 0.231585 -0.288026 -0.137587 -0.008985 -0.300130 0.008545 0.054560 -0.093570 -0.315134 -0.150937 0.133484 -0.003974 0.061103 0.097441 0.196283 0.329725 0.476772 0.414784 -0.087729 0.116932 -0.064346 -0.511503 -0.219818 -0.273619 -0.025091 -0.353269 0.605844 0.584840 0.085485 0.145755 0.264800 -0.235772 -0.169567 0.094990 0.023713 0.135446 0.427208 0.483749 0.089580 -0.483482 -0.381500 -0.387179 -0.529593 -0.392504 0.329788 -0.111831 0.119817 -0.189798 0.489128 0.224718 -0.212577 0.376041 -0.064519 0.099914 0.189179 -0.115586 0.062314 0.070326 -0.033556 0.034771 -0.222786 0.109866 -0.116745 0.218468 -0.035231 -0.007929 0.060930 0.050079 -0.157223 0.136809
0.176682 0.441329 -0.183240 0.058482 -0.267147 -0.264195 -0.254034 -0.011176 -0.296969 -0.194955 -0.048871 -0.033657 0.050312 0.306056 -0.029439 0.293283 0.399991 0.434453 0.228996 0.215098 0.014721 -0.135827 -0.303055 -0.392985 -0.201146 -0.349989 -0.446062 -0.309108 0.483691 1.000000 0.055027 -0.261308 0.595829 0.442481 -0.141379 -0.045981 0.390954 0.085617 0.001839 -0.007789 0.122889 0.114629 -0.052938 -0.190238 0.076886 -0.280144 0.358687 -0.229341 -0.372194 0.004205 -0.342855 0.032766 0.115574 0.136780 0.098570 0.427938 0.361684 0.455277 -0.140656 0.151580 0.036783 0.228078 0.335842 0.522801 -0.245793 -0.231797 -0.018296 -0.470065 -0.008384 -0.317477 -0.014688 -0.026551 0.540520 0.589692 0.429574 0.192858 0.332398 0.109577 0.045109 0.344358 0.307047 0.594621 0.149948 0.332773 0.139917 -0.122243 -0.193817 -0.223892 -0.255562 0.046867 0.080059 -0.218847 -0.154034 -0.392123 0.045021 0.258928 -0.079574 -0.031254 0.049514 0.406444 0.001154 -0.090768 0.021722 -0.357528 -0.382178 -0.180251 -0.281867 -0.188527 0.261062 -0.127439 -0.090884 0.013122 0.373608 0.032670 -0.259011 -0.054503
-0.102500 -0.275285 0.156671 0.394975 0.197574 0.161116 0.205879 -0.035771 0.040683 -0.160928 -0.258727 -0.158323 -0.175403 -0.119734 0.030484 -0.030616 -0.224999 -0.220061 -0.019383 0.089543 0.250892 0.330400 0.413172 0.350523 0.083406 0.342068 0.187769 0.186866 0.048070 0.055027 1.000000 0.622247 0.088032 0.221402 0.155741 0.052031 -0.030980 0.002472 -0.026836 0.077928 0.072802 0.075941 0.368901 0.280119 0.373143 0.303883 0.289051 0.082330 -0.029505 0.430743 0.387068 0.219646 -0.089186 0.181471 -0.125989 0.003454 -0.077451 0.194890 -0.437424 -0.314329 -0.420958 -0.438766 -0.191546 -0.321171 0.088782 -0.078948 -0.189716 0.203427 -0.186948 -0.131251 0.035653 0.279547 0.091035 -0.049708 0.076244 -0.002710 -0.122115 -0.002940 -0.069818 -0.139463 -0.003509 -0.065006 0.094554 0.221061 0.185440 0.188461 0.072022 0.226182 0.048283 -0.059686 -0.135056 -0.229987 0.021575 0.018288 -0.202330 -0.124328 -0.121895 -0.366263 0.189590 0.058052 0.076553 -0.158117 0.125742 -0.245213 -0.190102 -0.176911 -0.202184 -0.049842 0.154917 -0.261758 -0.044451 -0.225301 0.065191 0.222558 -0.206199 -0.201164
-0.254118 -0.236189 0.191377 0.281696 0.088550 0.061935 0.177618 0.072993 -0.015013 -0.070431 -0.238223 -0.133515 -0.203732 -0.196655 -0.195059 -0.173363 -0.315463 -0.387970 -0.011411 -0.160461 0.188501 0.205589 0.318650 0.419451 0.067003 0.296344 0.176873 0.154641 -0.008764 -0.261308 0.622247 1.000000 -0.255724 -0.012950 0.127805 0.096349 -0.446771 -0.003501 -0.072566 0.075697 -0.022007 0.032417 0.163894 0.217530 0.073824 0.272975 -0.030798 0.246179 -0.041710 0.161211 0.258213 -0.129539 0.025879 0.012582 -0.066857 -0.062378 -0.351996 -0.280451 -0.230289 -0.120351 -0.287839 -0.296534 -0.060222 -0.310109 0.248420 0.166409 0.084018 0.411807 -0.193520 -0.034020 -0.020822 -0.033316 -0.085408 -0.185322 -0.125404 0.117942 -0.290401 0.017321 -0.103964 -0.173534 -0.119533 -0.272919 -0.103692 0.171723 0.004663 0.066514 -0.026856 0.174742 0.179645 -0.091595 -0.191338 -0.071294 0.131935 0.124668 -0.052554 -0.021373 0.063911 -0.072418 -0.186504 -0.104513 0.240318 -0.057683 0.158820 0.117408 0.045300 -0.048566 0.093771 0.155832 -0.196809 0.070921 0.150176 -0.251618 0.076714 0.124490 -0.159952 0.034384
0.138544 0.426540 -0.190412 0.054344 -0.162514 -0.069395 -0.005050 0.189550 -0.278909 -0.106638 -0.256211 -0.167537 0.103470 0.301606 -0.178110 0.183151 0.158278 0.214383 0.193347 0.395845 0.064803 0.012486 -0.433274 -0.460965 -0.156175 -0.285502 -0.286830 -0.268452 0.163706 0.595829 0.088032 -0.255724 1.000000 0.655486 -0.310547 -0.124042 0.172863 -0.013120 -0.061770 -0.073513 0.071886 0.175840 -0.076541 -0.071581 0.153556 -0.118561 0.367423 -0.312982 -0.195253 0.037376 -0.134185 0.144488 0.052150 0.153528 -0.003074 0.362780 0.389609 0.520846 -0.098018 0.260368 0.026530 0.143212 0.135974 0.353481 -0.178089 -0.257391 0.056933 -0.350197 -0.137579 -0.188812 -0.186784 0.187826 0.363267 0.225768 0.291918 -0.074519 0.068488 0.025334 0.071670 0.180628 0.236317 0.465889 0.030053 0.225181 0.189565 0.082370 -0.180636 -0.174840 -0.177751 0.148308 0.134076 -0.155831 -0.137981 -0.280211 -0.064983 0.238190 -0.113113 -0.202929 0.273287 0.311459 -0.095189 -0.086463 0.145957 -0.408586 -0.360432 -0.258241 -0.210025 -0.071610 0.415469 -0.246357 -0.377236 0.076764 0.287614 0.023342 -0.036670 0.043548
-0.032709 0.399611 0.108588 -0.113785 -0.156967 -0.184146 0.006867 0.305416 -0.317853 -0.237009 -0.317214 0.062453 -0.040847 0.282890 -0.399539 0.122748 -0.120574 0.031442 0.203117 0.172025 0.090659 -0.088450 -0.346834 -0.402146 -0.305383 -0.308133 -0.251995 -0.373862 0.021677 0.442481 0.221402 -0.012950 0.655486 1.000000 -0.151787 0.041319 0.118445 0.166690 -0.028433 0.143147 0.093036 0.012687 -0.042962 -0.103009 0.024562 -0.033911 0.125032 -0.203389 -0.289192 0.027586 -0.269211 -0.065541 0.127466 0.220594 0.194750 0.414713 0.133740 0.336877 -0.048129 0.376397 0.039809 0.220312 0.114890 0.337082 -0.130044 -0.153501 0.229493 -0.162296 -0.091806 -0.308900 -0.108962 0.125693 0.141646 0.149199 0.236725 0.001835 0.084956 0.155555 0.140873 0.039955 0.037713 0.399342 -0.156865 0.190403 0.177503 0.055556 -0.155034 -0.085678 0.073405 0.389634 -0.137839 -0.108866 -0.143900 -0.345867 -0.192245 0.246328 0.063788 -0.107748 0.091093 0.350340 0.012342 -0.081465 0.280009 -0.494159 -0.331808 -0.309943 0.062943 0.113714 0.163650 0.014846 -0.312096 0.014738 0.258861 0.001337 -0.051521 0.095688
0.211365 -0.208789 0.079344 -0.036397 0.326522 0.358551 0.098327 0.040201 0.243699 -0.195934 -0.110062 0.042833 0.022561 -0.152901 0.070018 -0.281000 -0.252137 -0.244491 -0.412839 -0.133361 -0.257872 0.464843 0.337416 0.311139 0.209735 0.379551 0.252930 0.185411 -0.459706 -0.141379 0.155741 0.127805 -0.310547 -0.151787 1.000000 0.619510 -0.103533 0.426434 0.443666 0.615014 -0.045426 -0.027844 0.483754 0.292435 -0.136597 0.042149 -0.011977 0.487476 0.150271 0.038500 0.140661 -0.099007 0.064503 0.352539 0.377870 0.044060 0.057960 0.223494 -0.044643 -0.195312 -0.117310 -0.163346 -0.336146 -0.196524 -0.024684 -0.179803 0.074711 0.414201 0.306923 0.065654 0.164084 0.300787 -0.450378 -0.129063 0.151678 -0.036691 0.086726 0.228869 0.153378 0.081966 -0.103178 0.034277 -0.444576 -0.516529 -0.222939 0.198672 0.352057 0.313242 0.416694 0.246079 -0.460132 -0.054263 -0.134682 0.073351 -0.615479 -0.418925 0.284603 -0.514395 -0.071155 0.076506 -0.233739 0.017680 -0.161210 -0.294176 -0.350960 -0.343738 -0.142867 -0.153595 0.190505 -0.201460 0.328882 -0.221546 -0.075129 -0.183006 -0.130500 -0.381691
0.369192 0.151316 0.175976 -0.228829 0.231769 0.255065 0.172102 0.305713 0.225454 0.056155 -0.035590 0.249885 0.240607 0.155793 0.095782 -0.256329 -0.128665 -0.004319 -0.327354 -0.283036 -0.203928 0.450059 -0.010131 -0.082040 0.107481 0.183716 0.167201 -0.103632 -0.295162 -0.045981 0.052031 0.096349 -0.124042 0.041319 0.619510 1.000000 -0.186881 0.270517 0.223895 0.422348 -0.116822 -0.105977 0.097073 -0.088863 -0.308452 -0.221305 -0.141935 0.396046 0.048709 -0.261227 -0.075191 -0.261910 0.126447 0.307245 0.334454 0.028159 0.068556 0.181140 0.229292 0.084120 0.181006 0.175952 -0.259084 0.120137 0.126280 0.036500 0.267057 0.362776 0.238207 -0.122670 0.093058 0.268459 -0.313426 -0.076378 0.115119 -0.025653 0.117635 0.140668 0.014402 0.075577 -0.306381 0.120627 -0.499153 -0.447705 -0.270870 -0.096409 0.082234 0.163743 0.315207 0.172778 -0.189454 0.109514 0.081311 0.138938 -0.533999 -0.165257 0.251200 -0.321794 -0.040802 0.358185 0.023588 0.052735 -0.031957 -0.441404 -0.436702 -0.493193 -0.065937 0.059228 0.103872 -0.203659 0.429314 -0.121301 0.047103 -0.131428 -0.051533 -0.297025
