1.000000 0.174798 0.139916 -0.048729 -0.136564 -0.257650 0.086795 -0.073120 -0.118126 -0.253832 0.144677 -0.036610 0.171015 -0.073242 -0.043105 -0.050307 0.146174 0.052413 0.125547 0.274262 -0.001945 -0.312505 -0.098650 0.003902 -0.158787 -0.467581 -0.111122 -0.374105 0.259069 -0.080466 -0.166779 -0.315423 0.114652 0.283644 -0.176277 -0.187434 0.080828 -0.022648 -0.133865 -0.281004 -0.131594 -0.017307 -0.136119 -0.116454 -0.085873 -0.151015 -0.195020 -0.170975 -0.078991 -0.144453 -0.155571 -0.004836 -0.025300 -0.152139 -0.161816 -0.295757 0.284643 0.091082 0.393810 0.304842 0.382502 0.241495 0.308855 0.237369 -0.037047 -0.081372 0.192937 -0.129335 0.294870 -0.067946 -0.049355 -0.255983 0.156536 -0.012275 0.134223 -0.033098 0.092329 0.075395 0.133946 -0.128607 0.102536 0.095382 -0.090381 -0.008099 -0.090878 -0.115689 -0.210724 -0.279734 0.140880 0.056185 0.087886 -0.020024 0.175307 0.036496 -0.203886 0.011538 -0.037456 -0.195832 -0.018253 0.089079 0.100338 0.077671 -0.027646 0.079566 0.054620 0.036795 0.230747 0.322338 0.248417 -0.030605 -0.243180 -0.047227 0.105075 -0.113069 -0.020630 -0.203700
0.174798 1.000000 -0.432797 0.035465 -0.421148 -0.258843 -0.335517 -0.094136 -0.263130 -0.228544 0.097137 0.229085 -0.342842 -0.308621 -0.174530 -0.075187 0.410305 0.177395 0.113227 0.467664 -0.286335 -0.419114 -0.223993 0.070197 -0.358165 -0.220109 -0.345696 -0.186657 0.255170 -0.074286 -0.239144 0.080681 0.235112 0.412776 -0.395906 -0.362640 0.133341 0.054073 -0.115063 0.028080 -0.164344 -0.093212 -0.176667 -0.184783 -0.280601 -0.366183 -0.215067 -0.245608 -0.397802 -0.334255 -0.051033 -0.096295 0.027903 -0.038106 -0.258460 -0.059620 0.235367 0.646460 -0.023447 0.549766 -0.268694 0.018745 0.298736 0.353629 -0.323202 -0.336764 -0.084847 -0.161357 0.063147 0.405714 -0.231501 -0.246488 0.197415 -0.105571 0.038638 -0.170703 0.036367 -0.119648 0.269722 0.097773 0.528799 0.370746 0.059335 -0.013794 0.366023 0.398223 0.211318 0.174037 0.040039 0.158220 -0.029532 0.084312 0.130364 0.035379 -0.023932 -0.050645 -0.245085 -0.046404 0.055272 0.021603 0.011894 -0.036141 0.035647 0.010843 0.038342 0.187369 0.041655 -0.086853 -0.075414 -0.202098 0.011212 0.067900 -0.031338 -0.194943 0.100946 -0.273848
0.139916 -0.432797 1.000000 0.328034 0.383119 0.185422 0.804869 0.217184 0.499376 0.188118 0.162354 -0.071791 0.397136 0.095177 0.210328 -0.079034 -0.528789 -0.248627 -0.018809 -0.205562 0.258949 0.366906 0.530102 0.348858 0.255030 0.363292 0.243357 0.166054 -0.250064 -0.169064 0.401418 0.142360 -0.226823 -0.112494 0.398825 0.156488 -0.135109 0.045683 0.125384 -0.278584 0.195846 0.286704 -0.167465 -0.190714 -0.137770 -0.085418 -0.168449 -0.144829 0.075272 -0.099547 -0.103495 0.011561 -0.089656 -0.026558 0.172054 -0.113572 -0.292953 -0.481602 0.223776 -0.413591 0.251320 -0.082473 -0.245084 -0.448392 0.559308 0.319839 0.106916 0.094068 -0.145261 -0.287509 0.333993 0.377092 -0.152578 0.048898 0.101604 0.203722 0.107912 0.210133 -0.371325 -0.241744 -0.485128 -0.334722 -0.000875 0.162221 -0.359057 -0.324974 -0.205913 -0.182817 0.171406 -0.032636 0.192864 -0.009113 0.206202 -0.031769 -0.277892 0.055848 0.013602 -0.088949 -0.230192 -0.048733 -0.064463 -0.189572 -0.105062 -0.000733 -0.013566 -0.144996 0.242889 0.028200 -0.011068 0.073795 -0.232217 -0.096630 0.057124 0.133553 0.002179 0.136009
-0.048729 0.035465 0.328034 1.000000 0.119726 0.454655 0.290711 0.525931 0.154688 0.309867 -0.362415 0.096634 -0.151414 -0.000449 0.071820 0.212764 -0.273629 0.030899 -0.152414 0.248024 0.140869 0.171528 0.302054 0.713205 -0.008844 0.190422 0.193413 0.253983 -0.417131 -0.249657 -0.062085 0.304638 -0.486314 -0.048814 0.014899 0.202031 -0.005061 0.228617 0.130611 0.053105 0.020707 0.281769 -0.406446 -0.443039 -0.421529 -0.347396 -0.363272 -0.336772 -0.161185 -0.265854 -0.109825 -0.147013 0.125223 -0.151277 0.317003 -0.122891 -0.167845 -0.245579 0.163982 0.105131 -0.113458 -0.184805 -0.009150 -0.131318 0.132575 0.146179 -0.090976 0.110219 -0.393895 0.094135 0.143245 0.079183 -0.114388 0.143787 -0.043879 0.022481 0.145724 0.214244 -0.361247 -0.237342 -0.203662 -0.092062 0.240367 0.387166 -0.327459 -0.156265 0.220382 0.150514 0.379683 0.230991 0.430093 0.269779 0.495111 0.289281 -0.270603 0.265208 -0.254275 -0.164199 -0.086884 0.239024 0.098403 -0.039083 0.279382 -0.223235 0.123505 0.309304 0.367854 0.091228 0.107560 -0.004875 0.023524 -0.160980 0.163961 0.015952 0.325839 0.025609
-0.136564 -0.421148 0.383119 0.119726 1.000000 0.421797 0.503316 0.171543 0.579430 0.608339 -0.083763 -0.115840 0.415030 0.191107 0.284851 0.396238 -0.331742 -0.136390 -0.057454 -0.233274 0.357908 0.369246 0.183889 0.208589 0.326844 0.410331 0.402680 0.173066 -0.071233 0.173621 0.293870 0.210146 -0.513336 -0.187272 0.196696 0.282398 0.184431 0.227562 0.110705 -0.009852 0.552971 0.275619 -0.406537 -0.417024 -0.319153 -0.265775 -0.343468 -0.420453 -0.221351 -0.343639 -0.211644 -0.343282 -0.145627 -0.240185 0.293049 -0.336751 -0.433638 -0.345220 0.051167 -0.330922 0.270418 -0.308836 -0.007404 -0.090616 0.309785 0.141678 0.001269 0.159009 -0.278669 -0.157691 0.670882 0.405153 0.095479 0.517647 0.265365 0.460189 0.312405 0.339385 -0.221235 0.008430 -0.133816 0.038001 0.450228 0.415788 -0.188476 -0.038389 0.069149 0.029490 0.113800 0.058719 0.301876 0.106760 0.213522 0.222320 0.111667 0.271355 -0.132690 0.073430 -0.048180 0.062474 0.116671 -0.012737 0.148568 -0.068700 0.193603 0.154376 0.167004 0.174152 0.079978 0.095706 -0.173095 0.259955 0.177460 0.262733 0.162501 0.218098
-0.257650 -0.258843 0.185422 0.454655 0.421797 1.000000 0.149904 0.279255 0.177798 0.519134 -0.361503 0.095425 -0.068827 0.089716 -0.171328 0.309219 -0.411196 -0.144631 -0.255012 -0.050858 0.381420 0.294037 0.290474 0.402416 0.321256 0.461982 0.411107 0.457331 -0.507708 0.037431 -0.022090 0.250984 -0.594689 -0.312976 0.107849 0.317178 0.036797 0.279417 0.141080 0.202046 0.147974 0.147945 -0.291369 -0.287432 -0.279505 -0.197267 -0.220298 -0.204865 -0.061718 -0.229166 0.017954 -0.073324 0.120430 -0.042679 0.156379 -0.140078 -0.328207 -0.348966 0.168737 -0.079395 -0.244057 -0.345509 -0.166806 -0.218623 -0.056987 0.147734 -0.038585 0.260226 -0.255799 0.064210 0.415644 0.223899 -0.281686 0.343243 -0.119232 0.167330 0.159228 0.214389 -0.368682 -0.020700 -0.241081 -0.092146 0.149489 0.327946 -0.307824 -0.078898 -0.042655 0.258008 0.076217 0.331800 0.444134 0.311555 0.276478 0.306043 -0.118889 0.376249 -0.088894 0.007441 0.120484 0.329717 0.195249 0.147479 0.030121 0.039712 0.103580 0.198410 0.267736 0.185505 0.156869 0.131209 0.168869 -0.048760 0.220501 -0.087080 0.294029 0.092334
0.086795 -0.335517 0.804869 0.290711 0.503316 0.149904 1.000000 0.429859 0.610868 0.365406 0.116967 0.017265 0.497319 0.161228 0.437944 0.205191 -0.385566 0.017268 0.078906 -0.161211 0.234277 0.277866 0.330398 0.271898 0.043235 0.314068 0.186364 0.146228 0.006807 0.021217 0.535586 0.295385 -0.227209 0.044976 0.372015 0.146353 0.060912 0.191486 0.027413 -0.332227 0.449532 0.351544 -0.309982 -0.344571 -0.256798 -0.231331 -0.358454 -0.307568 -0.219492 -0.310806 -0.346351 -0.334560 -0.305761 -0.244555 0.143973 -0.335758 -0.391532 -0.423415 0.096731 -0.477651 0.360575 -0.126100 0.034666 -0.157037 0.617699 0.170031 -0.053047 -0.036642 -0.305517 -0.373070 0.464678 0.371763 0.190117 0.221160 0.296643 0.332904 0.286383 0.386265 -0.162714 -0.023257 -0.358072 -0.027219 0.188047 0.400176 -0.315639 -0.311872 -0.209492 -0.247825 0.128563 -0.272937 0.190913 -0.090272 0.405632 0.078552 -0.158209 0.123042 -0.123857 -0.108382 -0.296385 -0.045670 0.008711 -0.158896 0.118280 0.037266 0.102558 -0.001734 0.154856 0.022808 -0.018555 0.085243 -0.233419 0.183976 0.211095 0.177656 0.027739 0.091563
-0.073120 -0.094136 0.217184 0.525931 0.171543 0.279255 0.429859 1.000000 0.271701 0.482593 -0.017589 0.384861 0.135460 0.415416 0.218292 0.312380 -0.226700 0.046124 -0.176499 -0.055255 0.103942 -0.073996 -0.003205 0.394858 -0.155828 0.201789 -0.021445 0.044190 -0.190241 -0.119770 0.268271 0.403727 -0.220932 -0.005069 -0.103198 0.004190 -0.140318 -0.000151 -0.148720 -0.206875 0.003514 0.083754 -0.333753 -0.303547 -0.270076 -0.229447 -0.355567 -0.268741 -0.152240 -0.179165 -0.101968 -0.197458 -0.042434 -0.146721 0.038318 -0.218930 -0.274282 -0.345987 0.074129 -0.152580 0.228298 0.107290 0.110114 -0.009068 0.293297 0.223520 -0.095626 0.150283 -0.411519 -0.186950 0.158554 0.096833 0.039628 0.168166 -0.015805 0.168153 -0.023804 0.243135 -0.315454 -0.141597 -0.347244 -0.104261 0.121447 0.508384 -0.263997 -0.126112 0.026306 -0.127820 0.191020 -0.175517 0.190604 -0.076748 0.418740 0.194011 -0.154721 0.167822 -0.189329 -0.157270 -0.310459 0.061233 0.152149 0.118039 0.254713 0.014014 0.032493 0.119502 0.210731 -0.027450 -0.102322 0.020535 -0.011157 -0.096372 0.158014 0.140850 0.083168 0.224561
-0.118126 -0.263130 0.499376 0.154688 0.579430 0.177798 0.610868 0.271701 1.000000 0.466575 0.069794 -0.072964 0.519813 0.154421 0.431741 0.121885 -0.317909 -0.084522 -0.065621 -0.062593 0.013936 0.116117 0.275289 0.344177 0.306937 0.463657 0.108589 0.189863 -0.061607 -0.046374 0.373544 0.272051 -0.299740 -0.024027 0.198319 0.281312 0.018717 0.281374 -0.061483 -0.128092 0.305845 0.339469 -0.440510 -0.450171 -0.392800 -0.288230 -0.412363 -0.378826 -0.349362 -0.415647 -0.269843 -0.398907 -0.198348 -0.280684 0.165808 -0.321589 -0.474262 -0.302028 0.038813 -0.320169 0.293063 -0.119108 -0.003892 -0.138488 0.622036 0.428153 -0.045223 0.255498 -0.442376 -0.107200 0.488033 0.140057 0.167163 0.247746 0.288456 0.299954 0.237931 0.305839 -0.146549 0.055124 -0.156537 -0.045761 0.077557 0.219514 -0.286305 -0.150370 0.018897 0.005121 0.003819 -0.097245 0.341748 0.154432 0.458369 0.261777 0.079403 0.245049 -0.131388 -0.030952 -0.128478 0.143543 -0.144045 -0.173646 0.244168 0.017962 0.202329 0.252658 0.205048 -0.173662 -0.035060 -0.050588 -0.078681 0.228551 0.237398 0.262146 0.220673 0.191368
-0.253832 -0.228544 0.188118 0.309867 0.608339 0.519134 0.365406 0.482593 0.466575 1.000000 -0.324907 0.141588 0.281327 0.384751 0.438176 0.651776 -0.170473 0.133978 -0.248487 -0.166500 0.111043 0.207271 -0.016676 0.165345 0.104154 0.421588 0.214337 0.341818 -0.114856 0.274126 0.153989 0.174714 -0.439153 -0.081419 0.116411 0.365174 0.144277 0.444934 0.122715 0.091901 0.371917 0.216830 -0.505935 -0.501406 -0.417228 -0.380123 -0.462267 -0.477417 -0.348200 -0.391894 -0.267871 -0.313989 -0.030510 -0.325241 0.152947 -0.381286 -0.412560 -0.211355 0.086239 -0.192487 0.203875 -0.090872 0.181808 0.113743 0.224846 0.217637 -0.058471 0.172694 -0.492266 -0.141820 0.471510 0.334339 0.074993 0.502718 0.098041 0.370375 0.279142 0.368653 -0.173491 0.121683 -0.012839 0.235553 0.200181 0.615542 -0.276470 -0.097259 0.125724 0.167324 0.032732 -0.038134 0.208908 -0.002976 0.351915 0.198392 0.064780 0.194570 -0.288354 0.015246 -0.297659 0.028129 0.080000 -0.125295 0.221989 -0.022418 0.180725 0.193218 0.218948 0.033476 0.167922 0.043752 -0.126501 0.137319 0.140539 0.176143 0.261019 0.198000
0.144677 0.097137 0.162354 -0.362415 -0.083763 -0.361503 0.116967 -0.017589 0.069794 -0.324907 1.000000 0.180056 0.142185 0.124826 0.158423 -0.519607 -0.089900 -0.123382 0.113689 -0.254929 0.115346 -0.159957 0.092176 -0.110931 0.053073 -0.059013 -0.048118 -0.114276 0.255571 -0.188484 0.151018 -0.107910 0.371831 -0.048080 -0.014035 -0.383789 -0.357375 -0.427468 -0.160957 -0.144356 -0.175413 -0.318973 0.289198 0.365862 0.309783 0.294181 0.268635 0.231303 0.254897 0.279505 0.270927 0.136778 0.086746 0.358904 -0.152221 0.209078 0.184968 0.055248 -0.182866 -0.262955 0.103999 0.145665 -0.205058 -0.232307 0.266071 0.046268 -0.060511 -0.188251 0.099115 -0.235130 -0.224361 -0.013810 -0.124846 -0.395945 -0.235948 -0.154444 -0.410943 -0.368142 -0.084810 -0.113801 -0.313340 -0.368442 0.006843 -0.174288 0.406720 0.165949 -0.139020 -0.283083 0.035824 -0.171827 -0.355955 -0.289773 -0.212743 -0.349696 -0.062424 -0.291572 0.255381 -0.107721 -0.040179 -0.305387 -0.136118 -0.132893 -0.190303 0.096690 -0.298899 -0.404475 -0.209331 -0.055755 -0.438032 -0.013229 -0.181159 -0.117784 -0.110297 -0.049021 -0.433940 0.030099
-0.036610 0.229085 -0.071791 0.096634 -0.115840 0.095425 0.017265 0.384861 -0.072964 0.141588 0.180056 1.000000 -0.051303 0.515801 0.010057 0.225995 0.108319 0.338951 -0.003156 -0.175336 0.253737 0.072124 -0.099549 -0.086176 0.059693 0.118206 -0.054127 0.210764 0.182969 0.327156 0.127801 0.158342 0.057904 -0.019952 -0.067012 -0.172997 -0.092554 -0.135629 -0.240104 0.020854 -0.001591 -0.102986 -0.044736 0.051220 -0.100119 -0.083693 -0.065672 -0.035219 -0.068003 -0.008163 0.093454 0.091465 0.052123 0.183076 -0.266494 0.145428 -0.027295 -0.043527 -0.109054 -0.154829 -0.042462 0.212650 0.004280 0.068161 -0.200089 -0.005281 -0.246175 -0.021938 -0.157649 -0.243269 0.067777 0.386400 0.058807 0.111460 -0.055488 0.296943 -0.036916 0.149846 -0.324920 0.153706 -0.137207 -0.062381 -0.010078 0.347405 0.129374 0.168609 -0.098081 -0.016727 -0.232225 -0.155305 -0.229807 -0.302332 -0.061450 -0.170380 -0.247639 -0.247614 -0.171322 -0.179779 -0.386619 -0.336881 -0.000514 0.115030 -0.167779 -0.059350 -0.160040 -0.141947 -0.101077 -0.092250 -0.163954 -0.057014 -0.095725 -0.271324 -0.176901 -0.090689 -0.190323 -0.100598
0.171015 -0.342842 0.397136 -0.151414 0.415030 -0.068827 0.497319 0.135460 0.519813 0.281327 0.142185 -0.051303 1.000000 0.372337 0.381373 0.161350 -0.201374 0.019982 0.002671 -0.171266 0.071362 0.119344 -0.097822 -0.160241 0.042289 -0.162401 -0.160468 -0.288612 0.127028 0.038325 0.266932 -0.135503 0.052010 0.121149 0.217606 0.291664 0.023365 0.162871 0.055357 -0.172084 0.233779 0.178283 -0.175485 -0.202246 -0.047048 -0.033380 -0.192195 -0.186415 -0.070887 -0.162747 -0.233417 -0.246337 -0.282791 -0.200956 0.038830 -0.278819 -0.360416 -0.299626 0.273590 -0.244438 0.563382 0.050906 0.179650 0.022711 0.385921 0.241944 0.296195 0.233873 0.011654 -0.191718 0.220506 0.022978 0.134981 0.015182 0.283236 0.145809 0.164564 0.151373 -0.109179 -0.042285 -0.148476 -0.000312 -0.067390 0.172625 -0.244219 -0.258570 -0.171447 -0.215654 0.079997 -0.212880 0.097144 -0.088708 0.112726 0.143675 -0.009072 -0.001307 0.032859 -0.036478 -0.231150 -0.094989 -0.048718 -0.095979 0.146422 -0.052156 0.030769 0.034388 0.095787 0.184925 0.154573 -0.030229 -0.139874 0.205234 0.133931 0.078388 0.039720 0.067804
-0.073242 -0.308621 0.095177 -0.000449 0.191107 0.089716 0.161228 0.415416 0.154421 0.384751 0.124826 0.515801 0.372337 1.000000 0.286141 0.366142 -0.196485 0.345114 -0.111495 -0.489302 0.180477 0.070133 0.001326 -0.231816 0.036308 0.089113 -0.033090 -0.018704 0.009158 0.360293 0.350759 0.043841 -0.021712 -0.244207 0.112184 0.142380 -0.086762 -0.087909 -0.172015 -0.026472 0.020312 -0.191029 0.142894 0.166364 0.215219 0.193571 0.115988 0.108902 0.099874 0.198391 -0.038832 -0.005514 -0.127323 0.048536 -0.258556 0.005777 0.011492 -0.191196 -0.103456 -0.364535 0.226074 0.403874 -0.119817 0.005890 0.077636 0.184109 -0.078025 -0.089645 -0.173186 -0.453818 0.245612 0.437192 0.006499 0.186217 -0.112612 0.284169 -0.101553 0.165536 -0.317927 0.131148 -0.253130 -0.147982 -0.040535 0.412458 0.044053 -0.002558 -0.089767 -0.078984 0.003588 -0.246579 -0.408939 -0.527111 -0.246343 -0.259954 -0.312507 -0.191295 -0.086711 -0.375299 -0.490503 -0.527033 0.070494 0.093855 -0.135044 -0.191256 -0.105755 -0.253832 -0.007923 -0.060413 -0.039679 0.052162 -0.228373 -0.111539 -0.163044 -0.049444 -0.269537 0.097611
-0.043105 -0.174530 0.210328 0.071820 0.284851 -0.171328 0.437944 0.218292 0.431741 0.438176 0.158423 0.010057 0.381373 0.286141 1.000000 0.309837 -0.057234 0.317174 0.100945 -0.134909 0.003672 0.094544 0.126945 0.026975 -0.052843 0.043236 0.186140 0.181977 0.348637 0.257757 0.246392 -0.028084 -0.001626 -0.049240 0.078825 -0.063128 0.202696 0.242336 0.191500 0.064339 0.374051 0.305172 -0.168964 -0.179587 -0.083631 -0.171709 -0.150416 -0.178177 -0.245628 -0.135117 -0.315719 -0.450929 -0.179871 -0.266225 0.158284 -0.076511 -0.031971 -0.029835 -0.076414 -0.329148 0.383598 -0.030266 0.182079 0.129109 0.414111 -0.072189 -0.303449 -0.344227 -0.446140 -0.406992 0.154055 0.112253 0.347343 0.123602 0.209355 0.249491 0.109296 0.110149 0.044140 0.193758 0.000437 0.258465 0.289547 0.351830 -0.030715 -0.186220 0.143160 -0.183548 0.105278 -0.384838 -0.142473 -0.303871 0.281093 -0.030952 0.075826 -0.025777 0.042780 -0.002244 -0.260523 -0.123351 -0.100737 -0.275907 0.297539 -0.007735 0.003160 -0.063121 -0.081552 -0.034495 0.053097 0.040158 -0.166137 0.166040 0.269996 0.387469 -0.086152 0.195999
-0.050307 -0.075187 -0.079034 0.212764 0.396238 0.309219 0.205191 0.312380 0.121885 0.651776 -0.519607 0.225995 0.161350 0.366142 0.309837 1.000000 0.167433 0.454252 0.116599 0.076173 0.077591 0.015290 -0.278667 -0.067418 -0.130033 0.116240 -0.004573 0.110724 0.187171 0.646240 0.210672 0.257863 -0.231745 0.225841 -0.000323 0.278431 0.463822 0.542444 -0.011247 0.079418 0.382631 0.244115 -0.507309 -0.508838 -0.467854 -0.500055 -0.495093 -0.457346 -0.518886 -0.495983 -0.570633 -0.494417 -0.347319 -0.562318 -0.015506 -0.512195 -0.308111 -0.109918 0.130431 0.043697 0.184140 -0.052001 0.433955 0.474229 -0.152217 -0.196759 -0.004290 0.013683 -0.220128 -0.062950 0.563006 0.352655 0.467758 0.768767 0.447395 0.661686 0.610829 0.703442 0.139496 0.400608 0.359481 0.619361 0.331249 0.667302 -0.298622 -0.190194 -0.007757 0.028127 -0.132386 -0.269844 0.092906 -0.121171 0.245624 0.242665 0.028274 0.194961 -0.378133 0.032386 -0.347723 -0.069060 0.274317 -0.001502 0.171734 -0.010014 0.217691 0.281413 0.235663 0.164717 0.349742 0.063918 -0.066895 0.296967 0.176515 0.132459 0.263169 0.093568
0.146174 0.410305 -0.528789 -0.273629 -0.331742 -0.411196 -0.385566 -0.226700 -0.317909 -0.170473 -0.089900 0.108319 -0.201374 -0.196485 -0.057234 0.167433 1.000000 0.364618 0.351076 0.422695 -0.244814 -0.189146 -0.616623 -0.364359 -0.359004 -0.327535 -0.333215 -0.197697 0.593253 0.316847 -0.209711 -0.184509 0.310696 0.348744 -0.376155 -0.380593 0.075439 0.065540 -0.214851 0.079975 -0.104569 -0.096917 -0.008715 0.019722 0.005452 -0.115371 -0.029929 0.000094 -0.164270 -0.037811 -0.239986 -0.126215 -0.067147 -0.212740 -0.257001 -0.102123 0.254260 0.365720 0.026479 0.346361 0.012694 0.158322 0.602874 0.571499 -0.489384 -0.430274 0.150132 -0.117320 0.268693 0.142662 -0.313996 -0.200463 0.421987 -0.015503 0.171155 -0.080113 0.052856 -0.042452 0.491644 0.367993 0.528482 0.451894 -0.137988 -0.032280 0.152709 0.000788 -0.016222 -0.170392 -0.276100 -0.336365 -0.224757 -0.196258 -0.150613 -0.167610 0.116381 -0.292597 -0.035812 0.177795 0.017533 -0.071752 -0.017570 -0.088141 -0.003361 0.232364 -0.026266 0.070119 -0.113177 -0.101120 0.075068 -0.269664 0.056937 0.146710 -0.158417 -0.027440 -0.072989 -0.309350
0.052413 0.177395 -0.248627 0.030899 -0.136390 -0.144631 0.017268 0.046124 -0.084522 0.133978 -0.123382 0.338951 0.019982 0.345114 0.317174 0.454252 0.364618 1.000000 0.055223 0.110589 -0.089962 0.030406 -0.200463 -0.176658 -0.224312 -0.180509 -0.158319 -0.080425 0.489895 0.671422 0.167168 0.070977 0.312502 0.299357 -0.066212 -0.109715 0.405546 0.290205 0.032633 0.261497 0.273571 0.075112 -0.134584 -0.142821 -0.116689 -0.261358 -0.198510 -0.214066 -0.203118 -0.167711 -0.351980 -0.309943 -0.135374 -0.253793 -0.139699 -0.116611 0.119162 0.336553 -0.026146 0.017275 -0.005794 0.120078 0.273654 0.453967 -0.226244 -0.355147 -0.176906 -0.459349 -0.058705 -0.095540 0.059267 0.297348 0.556497 0.207809 0.189211 0.195515 0.150574 0.209897 0.298730 0.618843 0.348583 0.551041 0.072607 0.452092 0.202310 0.056786 0.191283 0.128950 -0.094036 -0.263977 -0.430755 -0.453800 -0.043952 -0.198973 -0.259991 -0.235774 -0.357416 -0.253474 -0.349228 -0.404941 0.047576 -0.275999 0.083079 -0.107139 0.022323 -0.061669 -0.056856 -0.091045 0.064553 -0.192379 -0.322093 0.158059 -0.094703 -0.159527 -0.063164 -0.338934
0.125547 0.113227 -0.018809 -0.152414 -0.057454 -0.255012 0.078906 -0.176499 -0.065621 -0.248487 0.113689 -0.003156 0.002671 -0.111495 0.100945 0.116599 0.351076 0.055223 1.000000 0.403942 -0.018178 -0.039877 -0.174806 -0.203294 -0.273692 -0.022387 -0.096106 -0.029616 0.345649 0.175383 0.182674 0.123780 0.168415 0.233499 -0.214596 -0.214550 -0.001834 -0.043105 -0.342217 -0.335008 0.081348 0.172318 0.092940 0.084225 0.060841 -0.026232 0.044596 0.076275 -0.234247 -0.099776 -0.430308 -0.290446 -0.467965 -0.273212 -0.340024 -0.190734 0.119177 0.016145 0.065340 0.087506 0.029930 0.105703 0.300429 0.288473 -0.126350 -0.299656 0.211692 -0.154014 0.318568 -0.149779 0.050673 0.023318 0.271842 0.253438 0.352174 0.247969 0.229324 0.157314 0.166434 0.112430 0.190848 0.195869 0.149340 -0.121054 0.045065 -0.358378 -0.235321 -0.584939 -0.109069 -0.469904 -0.109271 -0.160570 -0.082636 -0.069458 -0.026075 0.000284 0.134132 0.084578 0.033130 0.052306 0.112752 0.021602 0.080141 0.261665 -0.086934 -0.009939 -0.117010 0.120547 0.001313 0.166166 0.124662 0.309447 0.232299 0.209620 0.004960 0.145989
0.274262 0.467664 -0.205562 0.248024 -0.233274 -0.050858 -0.161211 -0.055255 -0.062593 -0.166500 -0.254929 -0.175336 -0.171266 -0.489302 -0.134909 0.076173 0.422695 0.110589 0.403942 1.000000 -0.272418 -0.308029 -0.254949 0.309256 -0.339548 -0.201521 -0.182512 -0.153738 0.127696 -0.067488 -0.218758 0.094853 0.045507 0.532163 -0.417444 -0.113504 0.131297 0.335174 -0.186020 -0.035251 -0.087997 0.277192 -0.340056 -0.381762 -0.395178 -0.443012 -0.391513 -0.323744 -0.459918 -0.482275 -0.394409 -0.408946 -0.113615 -0.416809 -0.035034 -0.320251 0.111467 0.243956 0.313621 0.525505 -0.142642 -0.160175 0.481305 0.398006 -0.283205 -0.278106 0.186630 0.162903 0.206709 0.441587 -0.163556 -0.409644 0.265708 0.105253 0.311770 -0.066061 0.239311 0.106964 0.313447 0.165997 0.383622 0.411619 0.053622 0.021239 -0.193894 -0.214397 0.072881 -0.114454 0.038736 0.008981 0.371135 0.279014 0.400529 0.398396 -0.125679 0.354306 -0.133004 0.050697 0.179876 0.425405 0.069019 -0.078334 0.259242 0.168195 0.089449 0.478199 0.202887 0.117759 0.169546 -0.115824 0.174880 0.194047 0.236741 -0.030211 0.445860 -0.107255
-0.001945 -0.286335 0.258949 0.140869 0.357908 0.381420 0.234277 0.103942 0.013936 0.111043 0.115346 0.253737 0.071362 0.180477 0.003672 0.077591 -0.244814 -0.089962 -0.018178 -0.272418 1.000000 0.446870 0.187020 0.212579 0.224099 0.178128 0.378301 0.310939 -0.149684 0.134131 0.291214 0.226245 -0.336276 -0.331410 0.242745 -0.083031 0.083826 0.009460 0.128618 0.084019 0.255126 0.193209 0.011913 0.040983 -0.007285 0.016532 0.048324 -0.001474 0.155045 0.054528 0.016585 -0.051496 -0.013549 0.043094 0.067921 0.091264 -0.188923 -0.365938 -0.009829 -0.324370 -0.024871 -0.194981 -0.142699 -0.273262 -0.007104 -0.085398 -0.110288 -0.070049 -0.211256 -0.256334 0.343369 0.360172 -0.166831 0.152958 0.054285 0.276860 0.040706 0.083301 -0.304996 -0.125740 -0.366349 -0.225210 0.318625 0.306444 0.055732 0.012392 -0.036306 -0.073518 0.176833 0.031076 0.058278 -0.038620 -0.023531 -0.039461 -0.054389 0.008263 0.069909 0.031157 -0.069919 -0.048030 0.132749 0.145774 -0.037830 -0.005322 -0.111296 -0.062444 0.067394 0.361077 0.092288 0.177304 -0.096540 -0.188532 0.168613 0.127447 0.022130 0.023763
-0.312505 -0.419114 0.366906 0.171528 0.369246 0.294037 0.277866 -0.073996 0.116117 0.207271 -0.159957 0.072124 0.119344 0.070133 0.094544 0.015290 -0.189146 0.030406 -0.039877 -0.308029 0.446870 1.000000 0.268078 0.069189 0.254709 0.312053 0.393197 0.406662 -0.139274 0.111527 0.163848 0.090859 -0.103133 -0.256081 0.252063 0.094617 0.034946 0.000814 0.354161 0.289101 0.390777 0.235725 0.033395 0.013504 0.074138 0.080730 0.089141 0.053805 0.275098 0.127639 0.030389 0.049112 0.105476 0.102779 0.245820 0.227049 -0.242191 -0.335349 -0.013042 -0.448217 -0.043107 -0.308319 -0.245412 -0.298044 0.120279 0.037110 -0.077664 -0.050417 -0.186998 -0.239580 0.171618 0.472601 -0.076085 0.001706 -0.105876 0.051583 -0.011347 -0.003502 -0.245402 0.002700 -0.229939 -0.204798 0.012238 0.144897 -0.071036 -0.127550 0.119462 0.192741 0.059790 0.080494 0.030486 -0.014540 -0.143415 -0.154868 -0.064156 0.009526 0.145822 0.128084 -0.006068 -0.001054 -0.120159 -0.130774 -0.053496 -0.041167 -0.056060 -0.219021 -0.099923 -0.013589 0.019715 0.128966 -0.065152 -0.119532 -0.013721 0.204446 0.056592 -0.041542
-0.098650 -0.223993 0.530102 0.302054 0.183889 0.290474 0.330398 -0.003205 0.275289 -0.016676 0.092176 -0.099549 -0.097822 0.001326 0.126945 -0.278667 -0.616623 -0.200463 -0.174806 -0.254949 0.187020 0.268078 1.000000 0.490033 0.470467 0.492747 0.517024 0.355096 -0.370367 -0.185087 0.289352 0.252189 -0.326659 -0.474071 0.291824 0.030412 -0.131671 -0.095286 0.085962 -0.077473 0.153151 0.092203 0.099957 0.072689 0.067033 0.119717 0.130842 0.091175 0.222807 0.152010 0.207247 0.121695 0.203629 0.269738 0.155421 0.280388 0.101213 -0.143026 -0.111904 -0.292070 -0.172556 -0.096946 -0.618668 -0.562594 0.428603 0.239368 -0.361119 -0.205534 -0.308652 -0.116410 0.163199 0.222502 -0.363264 -0.056476 -0.201288 -0.042361 -0.180917 -0.120247 -0.337204 -0.082514 -0.434579 -0.371804 0.068361 -0.058109 -0.089322 -0.130463 0.158573 0.045806 0.138195 0.224596 0.051211 0.003438 0.167849 -0.090012 -0.171799 0.019476 0.122585 -0.254234 0.087867 0.033078 -0.117887 0.077756 -0.012963 -0.007839 -0.076184 -0.086874 0.028348 -0.103011 -0.202180 -0.099729 -0.096698 -0.185522 0.158159 0.069172 -0.076244 0.052824
0.003902 0.070197 0.348858 0.713205 0.208589 0.402416 0.271898 0.394858 0.344177 0.165345 -0.110931 -0.086176 -0.160241 -0.231816 0.026975 -0.067418 -0.364359 -0.176658 -0.203294 0.309256 0.212579 0.069189 0.490033 1.000000 0.183902 0.399632 0.316540 0.244776 -0.454876 -0.395973 0.103047 0.472111 -0.428690 -0.101709 -0.052233 0.049255 0.014657 0.210607 0.049574 -0.023901 0.153431 0.318560 -0.400404 -0.444110 -0.441388 -0.386987 -0.367948 -0.370407 -0.166196 -0.344611 -0.048864 -0.286997 0.156263 -0.114446 0.306451 -0.109147 -0.092062 -0.160872 0.118961 0.041055 -0.194133 -0.339864 -0.195264 -0.372702 0.253236 0.185590 -0.213824 0.148932 -0.446287 0.250840 0.209406 -0.035549 -0.159157 0.056603 -0.031977 -0.036825 0.006048 0.073804 -0.177486 -0.233574 -0.227529 -0.160176 0.260251 0.250119 -0.194100 -0.048035 0.295947 0.176734 0.348930 0.294773 0.562583 0.401201 0.609812 0.369405 -0.128155 0.369804 -0.186625 -0.103751 0.054342 0.377211 -0.049721 -0.010664 0.200605 -0.055571 0.116378 0.394631 0.316001 0.109103 -0.050879 -0.107294 -0.003961 -0.129813 0.339836 0.164317 0.423959 0.177421
-0.158787 -0.358165 0.255030 -0.008844 0.326844 0.321256 0.043235 -0.155828 0.306937 0.104154 0.053073 0.059693 0.042289 0.036308 -0.052843 -0.130033 -0.359004 -0.224312 -0.273692 -0.339548 0.224099 0.254709 0.470467 0.183902 1.000000 0.469830 0.445061 0.315711 -0.200674 0.016365 0.039145 0.039072 -0.257109 -0.321091 0.320510 0.301610 -0.081747 -0.011270 0.003970 0.023200 0.248388 0.096922 -0.122931 -0.039188 -0.084931 0.066954 -0.022624 -0.046889 0.184495 0.051715 0.275194 0.231802 0.341260 0.308411 0.285958 0.146319 -0.197369 -0.395171 -0.106341 -0.232524 -0.127051 -0.096354 -0.498534 -0.450667 0.145018 0.484250 -0.225133 0.228544 -0.229736 -0.085809 0.275724 0.220663 -0.284157 0.045730 -0.002920 0.136418 0.062080 0.058012 -0.183457 0.013452 -0.270821 -0.328002 -0.124620 -0.172412 -0.092168 -0.112714 -0.008490 0.044753 -0.317422 0.244016 0.224188 0.300486 0.055136 0.117245 0.122558 0.084571 -0.076290 0.008612 0.146363 0.134350 -0.180082 0.087833 -0.040848 0.082440 0.072036 -0.037071 0.188347 0.057485 -0.092575 -0.140626 -0.055570 -0.175743 0.108156 0.100305 -0.036943 0.030442
-0.467581 -0.220109 0.363292 0.190422 0.410331 0.461982 0.314068 0.201789 0.463657 0.421588 -0.059013 0.118206 -0.162401 0.089113 0.043236 0.116240 -0.327535 -0.180509 -0.022387 -0.201521 0.178128 0.312053 0.492747 0.399632 0.469830 1.000000 0.381743 0.577631 -0.362869 0.083011 0.419104 0.599666 -0.409721 -0.308687 0.169724 0.159327 -0.148092 0.083194 -0.206134 -0.082863 0.298868 0.124497 -0.167721 -0.170366 -0.186489 -0.133026 -0.116298 -0.159239 -0.069369 -0.167055 0.023721 -0.034465 0.054822 0.021093 0.061655 -0.061839 -0.256762 -0.272173 -0.175648 -0.349342 -0.282333 -0.149087 -0.420840 -0.401403 0.289346 0.304682 -0.183940 0.165715 -0.361195 -0.010010 0.435970 0.453887 -0.205569 0.294294 -0.073571 0.304509 0.016371 0.162141 -0.195077 0.062202 -0.251271 -0.175433 0.021096 0.215365 -0.066739 -0.041203 0.058250 0.098905 -0.130861 0.023435 0.118583 0.007941 0.167756 -0.023949 0.044016 0.184257 -0.176674 0.044342 -0.104071 0.016323 -0.079332 0.073248 -0.109131 0.093688 -0.041637 0.020286 0.095000 -0.211243 -0.144468 -0.022408 0.059794 -0.041912 0.152089 0.263112 0.108556 0.292985
-0.111122 -0.345696 0.243357 0.193413 0.402680 0.411107 0.186364 -0.021445 0.108589 0.214337 -0.048118 -0.054127 -0.160468 -0.033090 0.186140 -0.004573 -0.333215 -0.158319 -0.096106 -0.182512 0.378301 0.393197 0.517024 0.316540 0.445061 0.381743 1.000000 0.539824 -0.207149 0.069482 0.061020 -0.035957 -0.360826 -0.476130 0.207360 0.060375 -0.003701 -0.067755 0.169659 0.128359 0.347313 0.190993 0.066784 0.074954 0.044835 0.118113 0.084575 0.067701 0.131821 0.092611 0.195160 -0.033024 0.262751 0.202953 0.335422 0.188417 -0.009526 -0.209555 -0.096946 -0.401404 -0.191110 -0.372884 -0.409194 -0.446511 0.095942 0.088119 -0.399691 -0.145211 -0.225165 -0.166558 0.246506 0.181440 -0.225657 0.133615 -0.039171 0.066183 -0.016761 -0.012287 -0.213365 -0.023264 -0.349921 -0.189666 0.281943 0.182462 -0.038446 -0.074868 0.074041 0.059021 -0.003261 0.162342 0.170858 0.114030 0.106122 -0.001130 -0.079150 0.164160 0.095105 -0.089583 0.249760 0.110437 -0.004274 0.032481 0.009100 0.076491 0.055771 -0.186913 0.093821 0.047653 -0.023181 0.123090 -0.144245 -0.115623 0.175176 0.195530 -0.136313 -0.020451
-0.374105 -0.186657 0.166054 0.253983 0.173066 0.457331 0.146228 0.044190 0.189863 0.341818 -0.114276 0.210764 -0.288612 -0.018704 0.181977 0.110724 -0.197697 -0.080425 -0.029616 -0.153738 0.310939 0.406662 0.355096 0.244776 0.315711 0.577631 0.539824 1.000000 -0.255500 0.090099 0.003319 0.172740 -0.383192 -0.295261 0.289987 0.175341 -0.047192 0.099493 0.066856 0.172238 0.243049 0.185546 -0.118043 -0.098888 -0.160200 -0.079820 -0.060132 -0.082348 -0.050446 -0.076025 0.141804 0.061404 0.254485 0.121908 0.263159 0.164483 -0.213418 -0.211951 -0.087161 -0.324482 -0.275005 -0.344222 -0.272088 -0.289479 0.065993 0.127509 -0.344890 0.031665 -0.336435 -0.029254 0.247758 0.329553 -0.208238 0.199034 -0.094665 0.205344 0.029271 0.095773 -0.246606 0.051346 -0.212021 -0.103419 0.137621 0.189661 -0.130744 -0.052985 -0.045965 0.129479 -0.170641 -0.003322 0.200271 0.089285 0.184221 0.044822 0.115436 0.155498 0.060462 0.053648 -0.000965 0.074764 -0.028138 0.036138 -0.013701 0.054713 -0.075854 0.046440 -0.088981 -0.102129 -0.086992 0.076809 0.011218 -0.272114 0.073998 0.176864 0.075759 0.033878
0.259069 0.255170 -0.250064 -0.417131 -0.071233 -0.507708 0.006807 -0.190241 -0.061607 -0.114856 0.255571 0.182969 0.127028 0.009158 0.348637 0.187171 0.593253 0.489895 0.345649 0.127696 -0.149684 -0.139274 -0.370367 -0.454876 -0.200674 -0.362869 -0.207149 -0.255500 1.000000 0.489578 0.093915 -0.127530 0.508444 0.439469 -0.224130 -0.363885 0.294987 0.093376 -0.088657 0.099214 0.196086 -0.001887 -0.092566 -0.063624 -0.061554 -0.194173 -0.152154 -0.135012 -0.268918 -0.158673 -0.341868 -0.288231 -0.236571 -0.250655 -0.109780 -0.152731 0.128039 0.251671 -0.095918 0.021691 0.233924 0.111051 0.476037 0.561179 -0.049552 -0.414944 -0.061973 -0.415270 0.118414 -0.202724 -0.079136 -0.064818 0.716624 0.115300 0.355527 0.190441 0.195394 0.148303 0.494535 0.566441 0.490806 0.534401 0.114482 0.070926 0.259510 -0.032200 -0.031766 -0.217054 -0.196474 -0.406720 -0.363377 -0.333526 -0.138389 -0.270095 0.117700 -0.219099 -0.093055 0.117323 -0.183091 -0.243465 -0.223720 -0.244945 0.021348 0.079615 0.000739 -0.055380 -0.117502 -0.015382 -0.129484 -0.128182 -0.225415 0.255894 -0.057429 0.029657 -0.159879 -0.260689
-0.080466 -0.074286 -0.169064 -0.249657 0.173621 0.037431 0.021217 -0.119770 -0.046374 0.274126 -0.188484 0.327156 0.038325 0.360293 0.257757 0.646240 0.316847 0.671422 0.175383 -0.067488 0.134131 0.111527 -0.185087 -0.395973 0.016365 0.083011 0.069482 0.090099 0.489578 1.000000 0.335742 0.142653 0.127416 0.146244 0.036737 -0.064494 0.341175 0.301440 -0.028274 0.238292 0.369428 0.099089 -0.128278 -0.106138 -0.158461 -0.245524 -0.148448 -0.151909 -0.167695 -0.162010 -0.320745 -0.207117 -0.147239 -0.255583 -0.197252 -0.125996 -0.134612 0.080239 -0.038067 -0.165665 0.084890 0.024318 0.236572 0.399211 -0.272603 -0.378309 -0.106250 -0.316757 0.025941 -0.198202 0.282260 0.492928 0.507512 0.517347 0.362804 0.524154 0.350897 0.446262 0.201096 0.640474 0.295054 0.524934 0.145738 0.465717 0.034841 -0.048902 0.009568 0.008586 -0.368935 -0.323102 -0.385887 -0.424118 -0.201365 -0.240626 -0.066069 -0.125894 -0.277974 -0.013472 -0.333705 -0.397624 0.087672 -0.168722 -0.063009 0.023801 -0.118207 -0.147251 -0.064074 -0.062636 0.120727 0.009283 -0.275614 0.136183 -0.070662 -0.047199 -0.111687 -0.130332
-0.166779 -0.239144 0.401418 -0.062085 0.293870 -0.022090 0.535586 0.268271 0.373544 0.153989 0.151018 0.127801 0.266932 0.350759 0.246392 0.210672 -0.209711 0.167168 0.182674 -0.218758 0.291214 0.163848 0.289352 0.103047 0.039145 0.419104 0.061020 0.003319 0.093915 0.335742 1.000000 0.628784 0.125792 0.043130 0.227157 -0.041852 0.078757 0.046138 -0.230765 -0.289086 0.311118 0.075656 0.029516 -0.029472 -0.007046 -0.043724 -0.039671 -0.017879 0.007219 -0.067536 -0.260174 -0.252950 -0.314317 -0.171754 -0.196981 -0.133214 -0.275115 -0.281483 -0.083785 -0.507302 0.114313 -0.002868 -0.172608 -0.187617 0.380937 -0.023507 -0.084492 -0.188579 -0.151808 -0.301504 0.378873 0.444889 0.291437 0.272703 0.224903 0.395818 0.147759 0.348463 0.066545 0.224630 -0.241387 0.023213 0.102396 0.326039 -0.069616 -0.221094 -0.066306 -0.234542 -0.050967 -0.439104 -0.231778 -0.425579 -0.000988 -0.232305 -0.183781 -0.035547 -0.095542 -0.187137 -0.407626 -0.397013 -0.009272 -0.079660 -0.010153 0.094696 -0.060737 -0.212826 -0.107092 -0.088880 -0.239349 -0.068943 -0.258136 0.162640 0.166476 0.245344 -0.065504 0.171148
-0.315423 0.080681 0.142360 0.304638 0.210146 0.250984 0.295385 0.403727 0.272051 0.174714 -0.107910 0.158342 -0.135503 0.043841 -0.028084 0.257863 -0.184509 0.070977 0.123780 0.094853 0.226245 0.090859 0.252189 0.472111 0.039072 0.599666 -0.035957 0.172740 -0.127530 0.142653 0.628784 1.000000 -0.129044 0.097529 -0.101677 -0.051017 0.061166 0.204446 -0.266366 -0.127900 0.273580 0.215055 -0.309190 -0.365040 -0.383620 -0.403493 -0.307626 -0.312821 -0.204855 -0.361026 -0.221310 -0.302304 -0.166831 -0.251813 -0.062915 -0.223763 -0.336830 -0.199412 -0.032490 -0.086629 -0.135390 -0.150740 -0.083175 -0.038166 0.249983 -0.049642 -0.107363 0.012233 -0.355394 0.086317 0.389029 0.316317 0.182720 0.375298 0.138275 0.352108 0.135110 0.336031 0.038943 0.181603 -0.038362 0.128042 0.219552 0.376697 -0.059190 -0.074948 0.211149 0.015602 0.083559 -0.157321 0.130491 -0.005578 0.264015 0.094816 -0.001010 0.268448 -0.313040 -0.025247 -0.205894 -0.028144 0.024302 0.044029 0.200539 -0.029024 -0.006001 0.253758 0.043276 -0.020750 -0.194876 -0.079677 0.018019 0.105558 0.329608 0.160331 0.263683 0.249674
0.114652 0.235112 -0.226823 -0.486314 -0.513336 -0.594689 -0.227209 -0.220932 -0.299740 -0.439153 0.371831 0.057904 0.052010 -0.021712 -0.001626 -0.231745 0.310696 0.312502 0.168415 0.045507 -0.336276 -0.103133 -0.326659 -0.428690 -0.257109 -0.409721 -0.360826 -0.383192 0.508444 0.127416 0.125792 -0.129044 1.000000 0.482577 -0.202321 -0.320202 0.009238 -0.227219 -0.072942 0.032260 -0.155628 -0.224599 0.243375 0.243008 0.233212 0.129590 0.136142 0.218311 0.184574 0.139401 0.015502 0.056708 -0.051605 0.066584 -0.212342 0.075283 0.125464 0.231890 0.063877 0.033441 0.035159 0.094879 0.064925 0.141808 -0.071007 -0.232401 0.220750 -0.225678 0.401161 0.024424 -0.403912 -0.149741 0.346780 -0.303657 0.043895 -0.194653 -0.138091 -0.144027 0.439888 0.287055 0.286718 0.199329 -0.346350 -0.278336 0.262016 0.011515 -0.053875 -0.080581 -0.155463 -0.283963 -0.428722 -0.269378 -0.325165 -0.344061 -0.002181 -0.222920 0.112072 0.017344 -0.123270 -0.288730 -0.241739 -0.329380 -0.157987 0.076462 -0.111708 -0.405952 -0.213918 -0.116387 -0.255407 -0.049821 -0.116500 0.070698 -0.204829 -0.037292 -0.247553 -0.207320
0.283644 0.412776 -0.112494 -0.048814 -0.187272 -0.312976 0.044976 -0.005069 -0.024027 -0.081419 -0.048080 -0.019952 0.121149 -0.244207 -0.049240 0.225841 0.348744 0.299357 0.233499 0.532163 -0.331410 -0.256081 -0.474071 -0.101709 -0.321091 -0.308687 -0.476130 -0.295261 0.439469 0.146244 0.043130 0.097529 0.482577 1.000000 -0.073639 0.090965 0.231656 0.265723 -0.189213 -0.064627 -0.026905 0.017060 -0.444995 -0.446056 -0.445742 -0.448322 -0.543745 -0.423292 -0.426775 -0.540383 -0.447281 -0.291048 -0.223263 -0.481613 0.005384 -0.481273 -0.245283 0.097275 0.304501 0.341371 0.169440 -0.009633 0.525874 0.480608 -0.029998 -0.099734 0.319543 0.153198 0.230407 0.320121 -0.019775 -0.159595 0.552555 0.121194 0.423832 0.088943 0.425756 0.375391 0.485153 0.237899 0.487780 0.500675 -0.093595 0.096252 -0.173828 -0.238342 -0.060336 -0.044898 -0.098011 -0.190055 0.138956 0.057291 0.213134 0.265481 0.034063 0.189575 -0.246336 0.065362 -0.212761 0.085960 0.006338 -0.147955 0.144784 0.137724 0.099344 0.247926 0.204184 0.081546 0.002542 -0.190087 -0.030954 0.331323 0.070778 -0.062747 0.337146 -0.216441
-0.176277 -0.395906 0.398825 0.014899 0.196696 0.107849 0.372015 -0.103198 0.198319 0.116411 -0.014035 -0.067012 0.217606 0.112184 0.078825 -0.000323 -0.376155 -0.066212 -0.214596 -0.417444 0.242745 0.252063 0.291824 -0.052233 0.320510 0.169724 0.207360 0.289987 -0.224130 0.036737 0.227157 -0.101677 -0.202321 -0.073639 1.000000 0.608193 0.120335 0.105805 0.250478 0.011416 0.193356 -0.091907 0.015127 0.039071 0.070077 0.220121 0.006888 0.029585 0.119565 0.120188 0.007208 0.152437 -0.014915 0.089287 0.283289 0.041360 -0.312917 -0.382582 -0.163803 -0.418902 0.019279 -0.059222 -0.332632 -0.423580 0.312169 0.433564 -0.141217 0.155125 -0.149470 -0.175724 0.257267 0.320851 -0.182661 0.027098 0.083693 0.142422 0.221746 0.254927 -0.093682 -0.142568 -0.348979 -0.250432 0.051023 0.022791 -0.108215 -0.181144 -0.239421 0.030256 -0.102568 -0.050230 0.045911 -0.090046 0.078237 0.036550 -0.013528 -0.162054 -0.065177 -0.117114 -0.289060 -0.225811 -0.023865 -0.039985 -0.099474 -0.157640 -0.040947 -0.108687 0.057156 -0.120161 -0.028279 -0.042963 -0.054112 0.068427 -0.029947 -0.162163 -0.014971 -0.056794
-0.187434 -0.362640 0.156488 0.202031 0.282398 0.317178 0.146353 0.004190 0.281312 0.365174 -0.383789 -0.172997 0.291664 0.142380 -0.063128 0.278431 -0.380593 -0.109715 -0.214550 -0.113504 -0.083031 0.094617 0.030412 0.049255 0.301610 0.159327 0.060375 0.175341 -0.363885 -0.064494 -0.041852 -0.051017 -0.320202 0.090965 0.608193 1.000000 0.110571 0.309270 0.063036 0.042439 0.139945 -0.036634 -0.244046 -0.237651 -0.170212 0.050117 -0.233208 -0.170781 -0.171323 -0.152068 -0.133306 -0.038516 -0.062766 -0.176138 0.307859 -0.275085 -0.407771 -0.391207 -0.033073 -0.105814 0.030697 -0.047032 -0.128954 -0.126988 0.201193 0.612174 0.037328 0.542422 -0.181266 0.121687 0.357372 0.052487 -0.164543 0.239872 0.075892 0.152676 0.384690 0.420235 -0.057710 -0.123392 -0.087749 -0.083284 0.046273 0.082909 -0.328348 -0.282976 -0.141082 0.166281 -0.074026 0.097966 0.364254 0.257039 0.210116 0.381250 0.060619 0.235383 -0.218688 -0.126000 -0.210609 0.084137 -0.046272 0.062535 0.045719 -0.184771 0.241809 0.317174 0.229655 0.003571 0.120939 -0.008255 0.123650 0.183424 0.076292 -0.110842 0.369925 0.124688
