1.000000 0.638904 0.061128 -0.395408 -0.294785 -0.187776 0.160883 -0.135877 0.260496 -0.116977 0.716275 0.414228 0.598265 0.394521 0.334154 0.035635 0.260292 0.080256 0.345530 0.405000 -0.204295 -0.453891 -0.196470 -0.348335 -0.146475 -0.370640 -0.303692 -0.173489 0.234277 -0.016692 -0.568058 -0.529641 -0.146273 -0.206525 -0.403265 -0.411507 -0.014784 -0.091800 0.054033 0.047646 -0.050292 -0.035510 0.062888 -0.008894 0.052724 -0.224623 0.040414 0.129418 0.229453 0.053683 -0.050508 0.135069 0.239478 -0.001630 -0.006892 -0.029843 0.250580 0.187815 0.357192 -0.002834 0.534349 0.019302 0.131605 0.056955 0.040476 0.011393 -0.080070 -0.387927 0.058941 -0.219698 -0.160892 -0.570713 0.118081 0.002586 0.163054 -0.099854 -0.060664 -0.194129 0.007934 -0.050654 0.025292 0.150384 0.031292 -0.142982 -0.337385 -0.420392 -0.060531 -0.176066 -0.245585 -0.144500 0.035579 0.361937 -0.099253 0.177886 0.116346 -0.005255 -0.004922 -0.047693 -0.043116 0.094713 -0.161494 -0.068237 0.086100 -0.003607 -0.036138 -0.073646 0.165521 0.076639 -0.164039 0.039073 -0.199065 -0.091020 0.129845 -0.308099 0.004293 -0.266215
0.638904 1.000000 -0.093081 -0.317722 -0.101636 -0.027368 -0.107560 -0.308056 0.275582 -0.091494 0.460162 0.286368 0.333488 0.232215 0.233618 0.010754 0.384844 0.238561 0.136780 0.419824 -0.031137 -0.127993 -0.079884 -0.239452 -0.150190 -0.248957 -0.214487 -0.021839 0.053527 0.020826 -0.452440 -0.454150 0.015729 -0.165460 -0.471704 -0.379949 -0.075066 0.060541 -0.041510 0.126955 -0.006546 -0.072000 -0.000464 0.001028 0.045226 -0.116519 0.054736 0.164358 -0.093439 0.100872 -0.181964 0.144811 0.109634 -0.049318 -0.081178 0.012674 0.509813 0.506701 0.206373 0.295940 0.377836 0.175577 0.099576 0.116079 -0.171445 -0.074297 -0.128409 -0.342624 0.225064 0.026137 -0.107778 -0.369790 0.057711 -0.055948 0.058244 -0.139752 -0.267883 -0.396199 0.116438 0.026188 0.065707 0.258538 -0.078595 -0.171770 -0.124246 -0.391902 0.096459 -0.255117 -0.035111 -0.002266 -0.000611 0.111993 -0.193602 -0.025241 0.043080 -0.078256 -0.032876 -0.045732 -0.026925 0.108795 -0.360928 0.093172 -0.144589 0.105205 -0.021645 -0.071494 0.151085 0.057842 -0.187621 -0.036775 -0.225826 -0.074693 0.189152 -0.349673 -0.184519 0.018873
0.061128 -0.093081 1.000000 0.180776 -0.051145 -0.035160 0.510896 0.114678 0.176219 -0.312344 0.150398 0.113022 0.006612 -0.101148 0.238648 0.062210 -0.362809 -0.392832 0.116712 0.051180 -0.239316 0.016681 0.222992 0.213715 0.092245 0.220595 0.201823 0.306781 -0.212442 -0.480420 0.149252 0.168551 -0.045770 -0.132879 -0.108408 -0.217843 -0.056627 -0.091733 -0.172580 -0.256005 0.194437 -0.278013 0.055920 0.018088 -0.104210 -0.143346 0.078725 0.021301 0.284320 -0.173363 0.297255 -0.008692 -0.007102 -0.069350 -0.088309 -0.156167 -0.211634 -0.223950 -0.010895 -0.251580 0.007878 -0.411898 -0.065335 -0.296441 0.060546 -0.078017 -0.083006 -0.002784 -0.055356 -0.035576 -0.066441 0.126880 -0.292234 -0.175972 -0.021068 -0.087304 -0.232846 -0.142600 -0.232228 -0.251414 -0.177162 -0.230943 -0.004020 -0.137084 -0.166261 -0.017027 -0.261480 -0.158744 -0.114265 -0.176576 -0.077208 0.107070 0.012545 0.293537 0.169049 0.012746 0.022483 -0.033411 -0.202549 -0.123287 0.032945 0.084882 -0.063452 0.256740 0.277329 0.226564 -0.073071 0.056356 -0.147472 0.122961 0.072437 -0.137688 -0.161202 0.162481 -0.020708 -0.202589
-0.395408 -0.317722 0.180776 1.000000 0.110684 0.148371 0.036709 0.499566 0.076386 0.200380 -0.082186 0.395737 -0.202449 0.106863 0.180266 0.360526 -0.410833 -0.173828 -0.099591 0.015424 -0.257127 0.108732 0.435347 0.673173 0.097894 0.195477 0.244770 0.256923 -0.105100 -0.253564 0.454089 0.552344 -0.405709 -0.155401 -0.021545 -0.038299 -0.249137 -0.161557 -0.100057 -0.196178 -0.035109 -0.156209 -0.333397 -0.355808 -0.449201 -0.397838 -0.392272 -0.381327 -0.262025 -0.316232 0.078243 -0.203569 -0.153730 -0.157658 -0.157259 -0.350845 -0.353308 -0.421521 -0.340492 -0.271946 -0.427926 0.056641 -0.199776 -0.278813 0.282894 0.434235 -0.227295 -0.086657 -0.023679 0.146914 0.165499 0.348247 -0.493879 -0.234377 -0.174874 0.098597 -0.163789 0.110318 -0.541386 -0.412926 -0.501187 -0.576559 0.419705 0.493386 0.424843 0.614968 0.098120 0.428913 0.460304 0.388860 0.119623 0.002700 0.642374 0.337047 -0.022269 0.136090 -0.368596 -0.231489 -0.390209 -0.356986 0.338779 0.019171 -0.172110 0.158533 0.155806 0.158853 -0.071160 -0.038217 -0.050860 -0.108834 -0.004094 -0.396261 -0.133134 0.358879 0.120146 -0.137915
-0.294785 -0.101636 -0.051145 0.110684 1.000000 0.148162 0.217535 0.212238 0.210388 0.324839 -0.329276 -0.272412 -0.090556 -0.185998 -0.361444 -0.185641 0.056133 -0.006508 -0.297364 -0.060098 0.245696 0.281498 -0.186960 -0.072560 0.116369 0.126642 0.187236 -0.164640 -0.133450 0.130270 0.133010 -0.002418 0.306443 0.207483 0.103766 0.196707 0.033379 0.166779 0.022193 0.318441 -0.104043 -0.059969 -0.062006 -0.132059 0.108181 0.196155 0.058540 -0.038502 -0.310558 0.009404 -0.213557 0.148286 -0.174170 -0.012916 -0.053003 0.092341 -0.058413 -0.000858 -0.240732 0.074254 -0.146190 0.154597 -0.174191 -0.021708 -0.108706 -0.062438 0.095933 0.207721 -0.232176 -0.077767 0.218381 0.299373 0.068393 0.023135 -0.078131 0.130581 0.028439 0.081383 -0.039015 -0.019323 0.135804 0.014990 -0.115181 -0.017034 -0.023499 0.032777 0.085914 -0.081435 -0.064426 -0.184983 0.059358 -0.071557 -0.022643 -0.180633 -0.034247 0.094397 -0.149138 0.134098 0.134620 0.099720 0.025773 0.259166 0.024565 -0.082887 -0.034884 -0.089382 -0.083075 0.005608 0.142731 -0.035606 0.108026 0.142573 0.051861 0.038420 -0.175077 0.231173
-0.187776 -0.027368 -0.035160 0.148371 0.148162 1.000000 -0.098221 -0.050255 0.000223 -0.048628 -0.148670 -0.152947 -0.063066 -0.225373 0.022693 0.056692 0.056963 -0.081885 -0.502240 -0.325346 0.193015 0.411266 0.349315 0.497898 0.590873 0.645556 0.572395 0.633962 -0.346335 -0.145780 0.247602 0.333841 -0.077627 0.036495 0.169628 0.167198 0.319174 0.576940 0.467487 0.164415 0.056980 0.338291 -0.203422 0.075140 -0.407202 -0.080306 -0.291399 0.019270 -0.100699 -0.251957 0.154485 -0.248944 -0.036370 -0.273368 0.412270 0.110712 -0.000785 0.089364 -0.293420 -0.354376 -0.190425 -0.266431 -0.190893 -0.396161 -0.173718 0.241844 -0.285167 0.070567 -0.248395 0.163839 0.279367 0.448724 -0.277612 0.189710 0.056099 0.117539 0.133963 0.082170 0.056122 0.126320 -0.295481 -0.212283 -0.120386 -0.140689 -0.032752 0.201329 0.329210 0.131275 0.289684 0.513951 -0.278089 -0.074756 0.146783 0.054143 -0.001931 -0.129447 0.169947 0.080908 -0.235909 -0.106138 -0.335235 0.101307 -0.160325 0.007854 -0.089711 -0.176841 -0.278371 -0.285516 0.194747 0.060457 0.414035 -0.107774 -0.068680 0.122276 -0.020308 0.121726
0.160883 -0.107560 0.510896 0.036709 0.217535 -0.098221 1.000000 0.492829 0.460653 0.224331 0.100678 0.236565 0.181979 0.193448 -0.002220 0.156494 -0.201212 -0.211661 0.094433 0.055024 -0.147817 -0.083202 -0.232647 -0.239870 -0.219489 -0.092657 -0.175046 -0.277976 0.022925 -0.002401 -0.014470 -0.097479 0.072895 0.097714 -0.000053 -0.071951 0.192745 -0.038983 -0.244984 -0.132609 0.179537 -0.202316 -0.204040 -0.350834 0.016132 -0.165138 -0.009739 -0.206782 0.184435 -0.225749 0.022781 0.114727 -0.087657 -0.171677 -0.008539 -0.014172 -0.321649 -0.390726 0.046460 -0.271722 0.242423 -0.029407 0.085528 -0.001926 0.258966 0.063978 0.106326 0.062516 -0.343574 -0.334411 0.084050 0.141858 0.081482 0.226259 0.147191 0.159088 0.182023 0.130581 -0.292439 -0.332580 0.140922 -0.117483 -0.028215 0.048810 -0.238238 -0.029941 -0.184854 -0.168299 -0.204831 -0.273667 0.101269 0.297813 0.135993 0.060017 0.056042 0.118091 -0.074753 -0.019469 -0.008510 0.047945 0.052475 0.240735 0.188049 -0.031701 -0.029873 -0.198510 -0.010959 -0.101634 -0.129671 0.116478 -0.010272 -0.003482 0.031288 0.177550 -0.192629 -0.060914
-0.135877 -0.308056 0.114678 0.499566 0.212238 -0.050255 0.492829 1.000000 -0.028585 0.596378 -0.141833 0.379240 -0.061767 0.491889 -0.248651 0.207540 -0.317124 -0.119435 -0.098023 -0.032326 -0.045137 -0.010698 -0.155897 0.004539 -0.185685 -0.021377 -0.178208 -0.320108 0.001083 0.221966 0.199978 0.347078 -0.159319 0.245066 0.168676 0.231422 -0.012169 -0.133604 -0.250313 -0.072069 -0.094714 -0.091892 -0.524447 -0.556908 -0.229247 -0.358080 -0.460839 -0.454437 -0.070197 -0.473292 -0.150395 -0.047051 -0.157017 -0.277808 -0.156404 -0.343683 -0.589146 -0.657056 -0.033894 -0.311532 0.041015 0.384731 0.030990 0.056317 0.524399 0.565728 0.088944 0.240349 -0.325076 -0.091473 0.217127 0.228805 0.044131 0.050248 -0.002428 0.162187 0.194134 0.506906 -0.450287 -0.380051 -0.015363 -0.381279 0.135203 0.534022 0.058507 0.269087 -0.204825 0.062320 -0.038006 -0.099624 0.350564 0.217272 0.564349 0.094140 -0.104845 0.431939 -0.413403 -0.029439 -0.306918 -0.207011 0.377944 0.020966 0.143336 -0.077182 -0.079701 -0.087180 -0.312983 -0.286331 0.216625 0.048959 0.013807 -0.161000 0.018153 0.226531 -0.046709 -0.169854
0.260496 0.275582 0.176219 0.076386 0.210388 0.000223 0.460653 -0.028585 1.000000 0.023177 0.339760 0.344751 0.246942 -0.052691 0.379464 0.349068 0.124097 0.011714 0.161908 0.273348 -0.179806 -0.095709 -0.003055 -0.066282 -0.095046 -0.233163 -0.018010 -0.126424 0.250662 -0.063476 -0.146147 -0.338779 -0.013393 -0.196576 -0.453206 -0.538880 0.051539 0.052988 -0.053710 0.116896 0.017116 -0.225454 -0.124191 -0.222603 -0.128778 -0.158888 0.053300 -0.078938 -0.178572 0.052031 -0.159662 0.056185 -0.077820 0.048385 0.005446 0.017888 -0.024390 -0.013658 -0.121201 0.051464 0.090991 0.073031 -0.012119 0.013553 0.054285 -0.182867 -0.213275 -0.413630 -0.011381 -0.286310 0.045545 0.048815 -0.043186 0.099751 -0.048933 0.192415 -0.114055 -0.216817 -0.172605 -0.280563 0.169967 0.058644 0.187554 0.107027 -0.018304 0.024980 0.139917 0.083470 0.105922 0.023277 0.060461 0.277721 0.026606 0.176734 0.156503 -0.049296 -0.206769 -0.155302 0.051291 0.149022 -0.026923 0.378220 0.105963 0.133942 -0.074628 -0.107311 0.250906 0.085029 -0.231035 0.004901 -0.241702 -0.073596 0.188313 0.083043 -0.100446 0.092120
-0.116977 -0.091494 -0.312344 0.200380 0.324839 -0.048628 0.224331 0.596378 0.023177 1.000000 -0.233095 0.214965 -0.050484 0.447233 -0.302428 0.142709 -0.151480 0.023269 -0.107051 -0.033068 0.129565 -0.012686 -0.224630 -0.202058 -0.109939 -0.085075 -0.165690 -0.394223 0.107014 0.381658 0.090518 0.093866 -0.075193 0.357876 0.169569 0.313248 -0.062493 -0.221591 -0.272879 0.095171 -0.084769 0.155540 -0.454604 -0.464170 -0.076426 -0.049183 -0.281548 -0.347242 -0.343535 -0.201065 -0.262284 -0.116291 -0.156576 -0.185678 -0.205745 -0.071805 -0.351409 -0.433510 -0.033906 -0.002366 -0.011775 0.575766 -0.006656 0.282493 0.275640 0.194966 0.130931 0.189540 -0.195673 -0.141763 0.261619 0.152051 0.241109 0.085876 -0.045779 0.247674 0.105365 0.266368 -0.356492 -0.309871 0.155672 -0.109924 0.099939 0.480034 0.139320 0.079420 0.029350 0.067651 0.054342 -0.022688 0.355278 0.137176 0.254313 -0.155767 -0.053400 0.289711 -0.243356 0.078696 0.047173 0.044533 0.196327 -0.012564 -0.034498 -0.157203 -0.121460 -0.051633 -0.163310 -0.082040 0.184392 0.030247 0.029376 -0.001083 0.072532 0.098468 0.001398 -0.140885
0.716275 0.460162 0.150398 -0.082186 -0.329276 -0.148670 0.100678 -0.141833 0.339760 -0.233095 1.000000 0.551473 0.682615 0.391612 0.762321 0.362095 0.248878 0.186327 0.378564 0.497939 -0.246792 -0.365078 0.282659 0.003406 -0.073000 -0.300946 -0.101438 0.043724 0.430529 -0.014665 -0.305634 -0.354785 -0.174395 -0.244979 -0.226900 -0.456366 -0.103543 -0.049485 0.110693 -0.100084 -0.099412 -0.140577 0.033061 -0.060718 -0.176149 -0.395637 -0.120250 0.014886 0.042625 -0.006011 0.034025 -0.089334 0.202935 -0.094938 0.017784 -0.245651 0.119649 0.101975 0.157781 -0.232199 0.288681 -0.130937 -0.127527 -0.103357 0.277013 0.094711 -0.352060 -0.579027 0.033769 -0.267715 -0.282881 -0.413827 -0.009864 -0.177468 -0.005888 -0.176044 -0.113442 -0.206650 -0.158740 -0.135558 -0.171112 0.038212 0.356654 0.076192 -0.020017 -0.092318 0.015492 0.048840 0.106117 0.079329 -0.107774 0.348837 0.085045 0.446351 0.014927 -0.051127 -0.216536 -0.176531 -0.306909 -0.209355 -0.178512 -0.112042 0.034621 -0.028473 -0.081451 -0.086743 0.107344 -0.039895 -0.259215 0.007265 -0.232959 -0.250004 0.075752 -0.255942 -0.007783 -0.267328
0.414228 0.286368 0.113022 0.395737 -0.272412 -0.152947 0.236565 0.379240 0.344751 0.214965 0.551473 1.000000 0.227197 0.616867 0.451517 0.622410 0.000541 0.115047 0.242709 0.419384 -0.339340 -0.360046 0.135236 0.116530 -0.192780 -0.195279 -0.184535 -0.081973 0.400464 0.110915 0.009676 0.024840 -0.336661 -0.158090 -0.291787 -0.324980 -0.198314 -0.198194 -0.203325 -0.101393 0.013003 -0.047929 -0.346149 -0.445416 -0.304684 -0.516396 -0.297731 -0.313453 -0.150169 -0.231334 -0.065138 -0.008790 -0.071777 -0.220703 -0.225889 -0.366882 -0.203057 -0.382981 -0.004196 -0.242526 0.087909 0.228785 -0.009028 0.005984 0.426655 0.406153 -0.249258 -0.360406 -0.071075 -0.242649 0.011348 -0.118118 -0.032601 -0.041905 0.073759 0.093720 -0.103769 0.030552 -0.475701 -0.481871 -0.213728 -0.271874 0.459650 0.555798 0.146362 0.201180 -0.008921 0.178852 0.103712 0.057208 0.197963 0.309538 0.409216 0.289342 0.115650 0.276371 -0.328495 -0.103675 -0.356772 -0.242739 0.204266 -0.065214 -0.131090 0.008138 -0.192669 -0.081548 -0.068478 -0.180435 -0.078431 0.165179 -0.191898 -0.326883 0.060344 -0.043199 0.090238 -0.272029
0.598265 0.333488 0.006612 -0.202449 -0.090556 -0.063066 0.181979 -0.061767 0.246942 -0.050484 0.682615 0.227197 1.000000 0.336139 0.522996 0.139184 0.153221 -0.010284 0.218378 0.260577 -0.062701 -0.260218 0.083195 -0.210340 -0.249541 -0.372125 -0.093169 -0.106806 0.165752 0.023310 -0.413378 -0.325518 -0.053630 -0.023896 -0.107483 -0.185435 0.024119 0.054491 0.163181 0.068774 -0.121417 -0.021030 0.080477 -0.000964 -0.126960 -0.314747 -0.106909 0.038257 0.006205 -0.039520 -0.129723 -0.154512 0.268151 -0.289976 0.078567 -0.203875 0.109778 0.140883 0.188050 -0.170480 0.349186 -0.091968 -0.097648 -0.135546 0.230534 0.057887 -0.226774 -0.493766 -0.010335 -0.099427 -0.107115 -0.374029 0.015900 -0.015767 0.133154 -0.050857 -0.025034 -0.047461 -0.082034 0.038162 -0.074383 0.081188 0.140242 -0.042806 -0.253925 -0.208740 -0.076504 0.012950 -0.038651 0.027719 -0.008536 0.305906 0.193318 0.379271 -0.175892 -0.069269 -0.122862 -0.171552 -0.184168 -0.186524 -0.309852 -0.112257 -0.089888 0.013604 0.111114 0.023535 0.208701 0.037243 -0.050611 -0.138797 -0.207884 -0.065425 0.082278 -0.122639 0.019420 -0.259755
0.394521 0.232215 -0.101148 0.106863 -0.185998 -0.225373 0.193448 0.491889 -0.052691 0.447233 0.391612 0.616867 0.336139 1.000000 0.194434 0.406149 0.020883 0.295996 0.299176 0.289446 -0.125955 -0.363760 -0.121341 -0.227862 -0.261644 -0.338678 -0.332091 -0.294834 0.309801 0.317885 -0.189673 -0.049133 -0.265900 0.104094 0.024343 0.114358 -0.186374 -0.277331 -0.088342 -0.045354 -0.139710 0.061213 -0.416502 -0.493109 -0.194774 -0.507523 -0.445127 -0.435755 0.001552 -0.309773 -0.194338 -0.003562 0.001074 -0.344524 -0.263105 -0.462516 -0.315667 -0.367146 0.239581 -0.143420 0.290619 0.434951 0.142485 0.295814 0.503845 0.495817 0.037128 -0.101688 -0.143779 -0.242284 0.030713 -0.220025 0.277694 -0.030871 0.048192 0.093690 0.079818 0.164478 -0.376565 -0.305870 -0.011625 -0.151919 0.343925 0.468273 0.018415 -0.052942 -0.081401 0.064575 -0.063076 -0.053058 0.281075 0.300126 0.412593 0.164568 -0.105434 0.240295 -0.352642 -0.014456 -0.396653 -0.358467 0.162247 -0.178750 -0.054740 -0.071744 -0.095618 -0.040309 -0.226576 -0.306009 0.113888 0.057870 -0.170773 -0.243461 -0.085762 -0.120538 0.082989 -0.408710
0.334154 0.233618 0.238648 0.180266 -0.361444 0.022693 -0.002220 -0.248651 0.379464 -0.302428 0.762321 0.451517 0.522996 0.194434 1.000000 0.598520 0.039511 0.071076 0.321816 0.382991 -0.181824 -0.100311 0.605826 0.321532 0.034307 -0.086424 0.245996 0.352307 0.350625 -0.165785 -0.005800 -0.067948 -0.332732 -0.330880 -0.217302 -0.443692 -0.142314 -0.013220 0.213635 -0.030970 -0.009811 -0.054301 0.087365 0.045936 -0.289478 -0.378654 -0.086489 -0.053590 -0.068914 0.032553 0.177289 -0.228418 0.105216 -0.063905 0.032402 -0.199764 0.095687 0.014099 -0.104267 -0.301334 -0.063858 -0.298864 -0.345798 -0.308021 0.234340 -0.022847 -0.524691 -0.681785 0.082608 -0.156886 -0.155194 -0.164191 -0.252098 -0.235579 -0.074957 -0.064759 -0.196853 -0.323510 -0.319980 -0.214613 -0.388025 -0.170609 0.613254 0.250140 0.159238 0.209736 0.124556 0.253003 0.351536 0.324388 -0.193925 0.183869 0.180665 0.531702 0.051487 -0.214146 -0.104279 -0.200952 -0.345294 -0.318013 -0.150304 -0.096701 -0.207942 -0.000736 -0.033201 -0.008069 0.056835 -0.042132 -0.254484 -0.053657 -0.254147 -0.336173 -0.064750 -0.068320 0.028443 -0.209500
0.035635 0.010754 0.062210 0.360526 -0.185641 0.056692 0.156494 0.207540 0.349068 0.142709 0.362095 0.622410 0.139184 0.406149 0.598520 1.000000 -0.062530 0.178076 0.251477 0.257869 -0.042466 -0.021280 0.239027 0.153770 -0.108037 -0.067261 0.067559 0.065631 0.431706 0.233318 0.137288 0.103246 -0.248193 -0.201809 -0.172054 -0.266978 0.057788 -0.008061 0.080497 0.011823 0.015319 0.195191 -0.352687 -0.396164 -0.361646 -0.494174 -0.346467 -0.542675 -0.045528 -0.178870 0.007205 -0.053007 -0.009935 -0.169099 -0.091923 -0.282966 -0.262575 -0.401140 -0.159842 -0.343073 -0.019857 0.074442 -0.039888 0.003816 0.410398 0.201037 -0.242921 -0.364913 -0.226471 -0.228112 0.037876 0.143037 0.046809 0.129179 0.171780 0.287480 0.113050 -0.092798 -0.367332 -0.319395 -0.047138 -0.102343 0.588767 0.625605 0.272015 0.418796 -0.028891 0.311700 0.208466 0.225755 0.035264 0.140558 0.367094 0.216571 0.005011 -0.006050 -0.325848 -0.239381 -0.414454 -0.447995 0.243086 0.061684 -0.124647 -0.051110 -0.145134 -0.117219 -0.303521 -0.350504 -0.096616 0.109178 -0.366231 -0.366259 -0.158591 0.094789 -0.047427 -0.118210
0.260292 0.384844 -0.362809 -0.410833 0.056133 0.056963 -0.201212 -0.317124 0.124097 -0.151480 0.248878 0.000541 0.153221 0.020883 0.039511 -0.062530 1.000000 0.646279 0.101803 0.230419 0.190679 -0.005159 -0.032868 -0.166879 0.030708 -0.111238 0.012822 -0.071638 0.384567 0.391468 -0.236630 -0.328757 0.262490 0.075305 -0.073086 -0.257981 0.201376 0.253688 0.258135 0.398113 -0.002343 0.265699 0.021186 -0.020867 -0.101899 -0.093202 -0.021067 0.072820 -0.280605 0.068693 -0.253488 0.037992 -0.239601 -0.051294 -0.048411 0.092072 0.416185 0.469073 -0.105033 -0.077141 -0.026265 -0.104711 -0.116366 0.105453 -0.007680 -0.058889 -0.273118 -0.393132 0.177287 -0.384654 0.019423 -0.182267 0.351414 0.226115 0.108998 0.179758 0.053656 0.019709 0.483709 0.360265 0.248362 0.394653 0.063262 -0.139656 0.142532 -0.100878 0.116437 -0.135210 0.016721 -0.171129 -0.085256 0.059216 -0.266967 -0.057791 -0.127248 0.176762 -0.044306 0.341013 0.091690 0.209079 -0.315878 0.079642 -0.145927 -0.031466 -0.247320 -0.164939 -0.041316 0.003987 0.284205 0.106758 0.067631 0.401279 0.407326 -0.125644 0.176282 0.341805
0.080256 0.238561 -0.392832 -0.173828 -0.006508 -0.081885 -0.211661 -0.119435 0.011714 0.023269 0.186327 0.115047 -0.010284 0.295996 0.071076 0.178076 0.646279 1.000000 0.217372 0.296068 0.077113 -0.050498 -0.048917 -0.189558 -0.105989 -0.190143 -0.164821 -0.202598 0.483286 0.558082 -0.179117 -0.231798 0.085603 0.046397 -0.111973 -0.094450 0.058002 0.112235 0.114054 0.180347 0.119649 0.169263 -0.021756 -0.039614 -0.070519 -0.137391 -0.195512 -0.115674 -0.217105 0.011956 -0.346217 -0.007544 -0.272095 -0.056645 -0.299269 -0.248012 0.165538 0.220529 -0.070304 -0.031550 -0.046772 0.128377 0.013445 0.364003 0.086904 0.105234 -0.134104 -0.248231 0.121942 -0.286552 -0.045267 -0.063024 0.431927 0.129315 -0.078342 0.232772 0.134684 0.103661 0.263210 0.262169 0.285022 0.336991 0.207414 0.147727 0.184378 -0.075152 0.031176 -0.266142 0.004447 -0.212346 -0.016831 0.025717 -0.138944 -0.075143 -0.142103 0.120164 -0.235209 0.161143 -0.156222 -0.122703 -0.137616 0.021628 0.049875 -0.058228 -0.103686 -0.075756 -0.042210 0.052522 0.259092 0.020281 -0.062696 0.131715 0.044921 -0.272318 0.148273 0.299320
0.345530 0.136780 0.116712 -0.099591 -0.297364 -0.502240 0.094433 -0.098023 0.161908 -0.107051 0.378564 0.242709 0.218378 0.299176 0.321816 0.251477 0.101803 0.217372 1.000000 0.588619 -0.149902 -0.269667 -0.103224 -0.315610 -0.287878 -0.378041 -0.245992 -0.247640 0.402646 0.132479 -0.235942 -0.300501 -0.005165 -0.108300 -0.210365 -0.358849 -0.117520 -0.293475 -0.070988 -0.113493 -0.024138 -0.019080 0.001328 -0.159505 -0.074792 -0.351715 -0.069215 -0.182596 0.115162 0.038145 -0.195172 0.045113 -0.186142 -0.016223 -0.268227 -0.243351 -0.082371 -0.080436 0.204121 0.009282 0.145643 0.004191 0.116700 0.155548 0.259852 -0.049789 0.115299 -0.287849 0.159229 -0.159910 -0.065163 -0.258935 0.127666 -0.091768 0.048651 -0.003504 -0.002287 -0.170156 -0.032163 -0.117666 0.216079 0.119861 0.385524 0.222897 0.154984 -0.202385 -0.200276 -0.054542 -0.003280 -0.245952 0.143807 0.199530 -0.178460 0.173494 0.055486 0.006263 -0.240108 -0.032106 -0.185023 -0.175194 0.118327 -0.038846 -0.028962 0.108074 0.104743 0.209024 0.204659 0.137799 -0.141632 0.052941 -0.361246 0.036758 -0.270415 -0.060689 0.199039 -0.116000
0.405000 0.419824 0.051180 0.015424 -0.060098 -0.325346 0.055024 -0.032326 0.273348 -0.033068 0.497939 0.419384 0.260577 0.289446 0.382991 0.257869 0.230419 0.296068 0.588619 1.000000 -0.054799 -0.168391 0.030993 -0.160147 -0.225766 -0.144974 -0.169597 -0.196447 0.496651 0.218609 -0.124993 -0.175498 -0.122295 -0.070387 -0.243031 -0.377185 -0.116810 -0.269362 -0.161448 -0.082694 0.025004 -0.012443 -0.140256 -0.265920 -0.152559 -0.286935 -0.082127 0.020400 -0.242066 -0.049121 -0.399115 -0.053516 -0.149005 -0.013618 -0.400349 -0.241180 0.063894 -0.010595 -0.201509 -0.049074 -0.102626 0.048963 -0.320200 -0.146311 0.115338 -0.009845 -0.245376 -0.401974 0.099875 -0.170725 0.021731 -0.051952 0.075690 -0.123332 -0.100031 0.051239 -0.100773 -0.053133 -0.141699 -0.198915 0.093111 0.036040 0.533922 0.412101 0.181641 -0.186982 0.000954 -0.117926 -0.016564 -0.313710 0.297232 0.436405 -0.080711 0.301641 -0.036954 0.055419 -0.293576 0.015166 -0.092816 -0.018995 -0.069754 0.067848 -0.133939 0.015916 -0.126376 0.050510 0.059525 0.068298 -0.163899 0.044950 -0.127099 0.129110 -0.123051 -0.282597 0.083364 0.137303
-0.204295 -0.031137 -0.239316 -0.257127 0.245696 0.193015 -0.147817 -0.045137 -0.179806 0.129565 -0.246792 -0.339340 -0.062701 -0.125955 -0.181824 -0.042466 0.190679 0.077113 -0.149902 -0.054799 1.000000 0.305718 -0.032123 -0.043403 0.029846 0.273573 0.142109 0.016092 0.144440 0.439147 0.177792 0.119201 0.327890 0.207298 0.031396 0.170717 0.380471 0.248400 0.307213 0.341500 0.119539 0.254483 -0.014652 -0.028766 0.016649 0.022285 0.029787 -0.018008 -0.072011 0.039502 -0.124705 0.016344 -0.054131 0.110768 0.234118 0.313303 0.023785 0.129709 -0.241443 -0.141440 -0.076927 -0.133964 -0.112778 -0.046455 -0.167237 -0.250155 -0.168098 -0.004280 -0.162833 -0.064544 0.288996 0.303519 0.327965 0.306592 0.199594 0.176841 0.239587 0.092930 0.145915 0.170079 0.157346 0.199289 -0.059538 0.074257 -0.006323 0.002838 0.100076 -0.044325 -0.139465 -0.025172 -0.065715 -0.114009 -0.184037 -0.266694 -0.082949 0.060674 0.161500 0.250610 0.198485 0.235945 -0.217021 0.066020 -0.122222 -0.190412 -0.183939 -0.248016 -0.315667 -0.230450 0.312139 0.184102 0.094884 0.417295 -0.068683 0.060108 -0.123647 0.180058
-0.453891 -0.127993 0.016681 0.108732 0.281498 0.411266 -0.083202 -0.010698 -0.095709 -0.012686 -0.365078 -0.360046 -0.260218 -0.363760 -0.100311 -0.021280 -0.005159 -0.050498 -0.269667 -0.168391 0.305718 1.000000 0.234929 0.272792 0.180014 0.533118 0.282553 0.302264 -0.202921 0.008115 0.466596 0.428004 0.150385 0.098675 0.101005 0.143200 0.145945 0.309142 0.252511 0.155739 0.050868 0.152558 -0.142495 -0.025969 0.032007 0.148375 -0.175831 -0.245107 -0.094752 -0.036904 0.045405 -0.100034 -0.183790 0.004394 0.145842 0.172409 0.193706 0.133605 -0.337453 -0.179261 -0.319217 -0.202514 -0.323148 -0.292688 -0.151675 -0.045865 0.010998 0.236252 -0.087357 0.250337 0.137987 0.417867 -0.184257 0.009511 0.018591 -0.084425 0.028378 -0.087600 0.125426 0.047639 -0.028236 -0.064123 0.023466 0.007112 0.154069 0.335280 0.029259 -0.078711 0.158759 0.177913 -0.317226 -0.326894 -0.149242 -0.110349 0.050557 -0.071095 0.089312 0.067907 -0.088492 0.061684 -0.151821 0.245834 -0.123132 -0.119405 0.031774 -0.207013 -0.144557 -0.080127 0.033883 -0.186599 0.062683 0.069897 -0.092309 0.117359 -0.242835 0.330031
-0.196470 -0.079884 0.222992 0.435347 -0.186960 0.349315 -0.232647 -0.155897 -0.003055 -0.224630 0.282659 0.135236 0.083195 -0.121341 0.605826 0.239027 -0.032868 -0.048917 -0.103224 0.030993 -0.032123 0.234929 1.000000 0.797621 0.442992 0.471832 0.613242 0.715701 0.051538 -0.224976 0.529156 0.508926 -0.202235 -0.012591 0.145631 -0.061694 -0.108395 0.096385 0.255695 -0.095754 0.072708 0.030666 0.062458 0.186116 -0.433524 -0.225502 -0.249707 -0.016293 -0.309860 -0.182901 0.317106 -0.484413 -0.066326 -0.171887 0.062222 -0.183922 0.043979 0.054663 -0.386849 -0.508238 -0.527240 -0.456414 -0.597399 -0.573615 0.156737 0.075925 -0.613939 -0.391792 0.192112 -0.014577 -0.054705 0.188548 -0.396881 -0.364091 -0.202286 -0.058721 -0.266977 -0.153409 -0.253448 -0.039766 -0.626164 -0.338183 0.467088 0.175521 0.389189 0.462301 0.148709 0.325154 0.633056 0.459273 -0.393174 -0.137057 0.153546 0.483135 -0.037232 -0.106896 -0.079705 -0.076219 -0.398314 -0.251952 -0.254412 -0.209918 -0.412807 0.070149 0.020670 0.087011 0.007816 0.056903 -0.047221 -0.188628 0.153224 -0.209245 -0.001270 0.173710 0.142558 -0.060319
-0.348335 -0.239452 0.213715 0.673173 -0.072560 0.497898 -0.239870 0.004539 -0.066282 -0.202058 0.003406 0.116530 -0.210340 -0.227862 0.321532 0.153770 -0.166879 -0.189558 -0.315610 -0.160147 -0.043403 0.272792 0.797621 1.000000 0.542409 0.608770 0.598138 0.763071 -0.178008 -0.386068 0.617859 0.650532 -0.325427 -0.171824 0.090080 0.010617 -0.068633 0.142216 0.238362 -0.089236 0.052473 0.043867 -0.094297 0.038110 -0.479072 -0.227552 -0.280564 -0.031655 -0.213759 -0.239986 0.287416 -0.348602 -0.060229 -0.107813 0.141658 -0.073044 -0.093607 -0.085408 -0.449974 -0.451072 -0.548489 -0.427457 -0.424879 -0.570179 -0.007596 0.171582 -0.491269 -0.168728 0.119386 0.099652 0.159375 0.357715 -0.531937 -0.198904 -0.122799 0.060797 -0.210816 -0.000592 -0.284878 -0.190585 -0.723203 -0.541149 0.314163 0.108506 0.309208 0.556489 0.280101 0.380303 0.552509 0.561413 -0.278155 -0.125852 0.313335 0.410601 0.105667 0.063210 0.030559 0.031314 -0.336407 -0.185953 -0.048312 -0.046917 -0.326086 0.140480 0.071232 0.079066 -0.105842 -0.017849 0.055012 -0.014014 0.326832 -0.244132 -0.088504 0.288547 0.191611 -0.046155
-0.146475 -0.150190 0.092245 0.097894 0.116369 0.590873 -0.219489 -0.185685 -0.095046 -0.109939 -0.073000 -0.192780 -0.249541 -0.261644 0.034307 -0.108037 0.030708 -0.105989 -0.287878 -0.225766 0.029846 0.180014 0.442992 0.542409 1.000000 0.708428 0.679198 0.732308 -0.212727 -0.220364 0.473319 0.364898 -0.050167 0.114883 0.293741 0.271043 0.182800 0.342503 0.388844 -0.013274 0.022264 0.238551 0.034552 0.286343 -0.347361 -0.045918 -0.193321 0.122388 -0.155342 -0.281077 0.212104 -0.335389 -0.079074 -0.227298 0.267373 -0.013146 -0.112116 0.022455 -0.231238 -0.346003 -0.378476 -0.323493 -0.277973 -0.329495 -0.149285 0.075942 -0.111710 0.157005 0.035663 -0.051066 0.121585 0.282624 -0.182695 -0.123980 -0.240103 0.079371 -0.017945 0.094693 -0.090602 0.029529 -0.423875 -0.323044 0.016932 -0.184694 -0.003017 0.052700 0.254584 0.150184 0.288741 0.264604 -0.336207 -0.155772 -0.147163 0.095640 0.112674 0.016415 0.238710 0.195346 -0.292929 -0.085934 -0.266366 -0.097259 -0.111935 0.108146 0.008664 0.079935 -0.166948 -0.021798 0.140645 0.122297 0.585268 -0.011312 -0.102115 0.074392 0.161768 -0.072456
-0.370640 -0.248957 0.220595 0.195477 0.126642 0.645556 -0.092657 -0.021377 -0.233163 -0.085075 -0.300946 -0.195279 -0.372125 -0.338678 -0.086424 -0.067261 -0.111238 -0.190143 -0.378041 -0.144974 0.273573 0.533118 0.471832 0.608770 0.708428 1.000000 0.568386 0.733349 -0.229029 -0.106601 0.687169 0.662128 0.064915 0.188129 0.282096 0.264719 0.328237 0.343459 0.282927 -0.040408 0.308848 0.321957 -0.101315 0.128628 -0.265778 0.031539 -0.228680 -0.002169 -0.107167 -0.298659 0.209046 -0.292322 -0.186897 -0.177646 0.212164 0.083759 -0.042464 -0.045653 -0.528172 -0.525498 -0.505120 -0.507439 -0.420585 -0.584928 -0.222884 0.086395 -0.232729 0.234738 -0.066460 0.044183 0.255939 0.594671 -0.237519 0.061495 0.007295 0.130850 0.103869 0.127658 -0.031737 0.013407 -0.380855 -0.328543 0.021724 -0.045299 0.007660 0.227803 0.146072 0.031862 0.119339 0.164749 -0.364049 -0.229973 -0.172085 0.011344 0.048892 0.021402 0.268557 0.257228 -0.212578 0.041279 -0.288736 -0.049052 -0.240007 0.069540 0.026010 -0.017122 -0.282476 -0.044557 0.163413 0.029545 0.583019 0.186131 -0.229469 0.163345 0.080047 0.194592
-0.303692 -0.214487 0.201823 0.244770 0.187236 0.572395 -0.175046 -0.178208 -0.018010 -0.165690 -0.101438 -0.184535 -0.093169 -0.332091 0.245996 0.067559 0.012822 -0.164821 -0.245992 -0.169597 0.142109 0.282553 0.613242 0.598138 0.679198 0.568386 1.000000 0.715637 -0.139339 -0.255852 0.475470 0.458320 0.012513 0.214642 0.314223 0.188863 0.098747 0.242417 0.340357 0.118132 0.053963 0.228583 0.123497 0.307386 -0.431077 -0.092283 -0.080132 0.111356 -0.335727 -0.208681 0.254159 -0.407358 -0.069071 -0.222402 0.120286 -0.029106 -0.024378 0.031230 -0.415082 -0.373265 -0.538592 -0.418158 -0.512008 -0.519742 -0.066841 -0.029284 -0.403540 -0.128810 0.027214 -0.010211 0.101415 0.314780 -0.265986 -0.102268 -0.132720 0.191600 -0.068721 0.041669 -0.175595 0.027903 -0.426341 -0.321369 0.183328 -0.018543 0.120749 0.234185 0.002595 0.155757 0.382721 0.245531 -0.252786 -0.212308 0.034663 0.256508 -0.063066 -0.014716 0.146691 0.045215 -0.259427 -0.168773 -0.170033 -0.028738 -0.360659 0.138657 0.096069 0.165560 -0.177705 -0.041558 0.109473 0.099797 0.368302 -0.035347 0.019691 0.249930 0.140571 0.003391
-0.173489 -0.021839 0.306781 0.256923 -0.164640 0.633962 -0.277976 -0.320108 -0.126424 -0.394223 0.043724 -0.081973 -0.106806 -0.294834 0.352307 0.065631 -0.071638 -0.202598 -0.247640 -0.196447 0.016092 0.302264 0.715701 0.763071 0.732308 0.733349 0.715637 1.000000 -0.269501 -0.424399 0.454186 0.463470 -0.095365 -0.088848 0.110912 0.031057 0.128583 0.327451 0.382599 -0.042403 0.221549 0.154325 0.132250 0.356490 -0.391712 -0.138678 -0.150587 0.102339 -0.025206 -0.199245 0.435325 -0.379446 0.005437 -0.228453 0.279997 -0.023295 0.104113 0.166095 -0.339892 -0.444481 -0.360458 -0.612917 -0.307520 -0.555030 -0.164176 0.079449 -0.399319 -0.131166 0.179753 0.109268 0.010133 0.259745 -0.475301 -0.160758 -0.067221 0.007495 -0.177269 -0.148471 -0.088056 0.029995 -0.616523 -0.328880 0.085828 -0.201726 0.037472 0.242970 0.152382 0.194020 0.354124 0.450197 -0.491784 -0.294791 -0.032167 0.202179 0.070756 -0.153636 0.262900 0.052283 -0.375955 -0.208333 -0.345492 -0.110999 -0.335116 0.244547 0.191920 0.140115 -0.082462 0.014552 0.039927 0.016057 0.369968 -0.116974 -0.120491 0.171828 0.140663 -0.073982
0.234277 0.053527 -0.212442 -0.105100 -0.133450 -0.346335 0.022925 0.001083 0.250662 0.107014 0.430529 0.400464 0.165752 0.309801 0.350625 0.431706 0.384567 0.483286 0.402646 0.496651 0.144440 -0.202921 0.051538 -0.178008 -0.212727 -0.229029 -0.139339 -0.269501 1.000000 0.649474 -0.013394 -0.125917 0.089761 0.139048 -0.023463 -0.225161 0.038567 -0.150663 0.017606 0.176167 0.057125 0.108151 -0.058247 -0.176848 -0.083863 -0.135472 -0.068361 -0.095929 -0.152671 0.048245 -0.208068 -0.096578 -0.099940 0.098834 -0.296950 -0.162517 -0.044879 -0.153702 -0.147864 -0.207530 -0.037647 0.065561 -0.186041 0.100744 0.421712 0.005795 -0.338088 -0.436139 0.020570 -0.531717 -0.196715 -0.157343 0.478065 -0.070512 -0.052131 0.242584 0.200684 0.090138 0.001249 0.000484 0.220182 0.209957 0.546857 0.514359 0.080017 0.080733 -0.191535 0.014098 -0.072762 -0.284163 0.030375 0.173108 -0.148900 0.021946 -0.084815 0.139804 -0.225105 0.057897 -0.041348 -0.004213 0.064071 -0.060213 -0.043239 -0.179352 -0.273169 -0.190537 -0.069378 -0.076203 0.097176 0.062212 -0.204648 0.217414 0.098185 -0.133764 0.120076 0.135617
-0.016692 0.020826 -0.480420 -0.253564 0.130270 -0.145780 -0.002401 0.221966 -0.063476 0.381658 -0.014665 0.110915 0.023310 0.317885 -0.165785 0.233318 0.391468 0.558082 0.132479 0.218609 0.439147 0.008115 -0.224976 -0.386068 -0.220364 -0.106601 -0.255852 -0.424399 0.649474 1.000000 0.049871 -0.001658 0.302820 0.421810 0.156058 0.204537 0.255712 0.142832 0.018219 0.325728 0.044834 0.340601 -0.267522 -0.265211 -0.072829 -0.093807 -0.283533 -0.230892 -0.207421 -0.158495 -0.485132 -0.078137 -0.165301 -0.170940 -0.168900 -0.106091 -0.107795 -0.093743 -0.062431 -0.177194 0.049737 0.308364 0.005111 0.370284 0.283386 0.107278 0.021750 -0.016779 -0.113867 -0.388637 0.079259 0.065199 0.710745 0.207970 0.076794 0.355028 0.389767 0.385294 0.162545 0.229348 0.445208 0.377269 0.219610 0.429732 0.031479 -0.010422 -0.144825 -0.087191 -0.149746 -0.305357 0.068608 0.030984 -0.171594 -0.287408 -0.142813 0.346164 -0.179069 0.268693 -0.025949 0.022554 -0.084761 -0.060337 -0.005466 -0.291768 -0.368112 -0.309800 -0.240184 -0.208687 0.416262 0.088500 -0.081837 0.308615 0.095051 -0.141563 -0.034869 0.248575
-0.568058 -0.452440 0.149252 0.454089 0.133010 0.247602 -0.014470 0.199978 -0.146147 0.090518 -0.305634 0.009676 -0.413378 -0.189673 -0.005800 0.137288 -0.236630 -0.179117 -0.235942 -0.124993 0.177792 0.466596 0.529156 0.617859 0.473319 0.687169 0.475470 0.454186 -0.013394 0.049871 1.000000 0.834174 0.025911 0.304798 0.372513 0.341967 0.016831 0.097523 0.073059 -0.091285 0.075337 0.181430 -0.171887 -0.068163 -0.299454 -0.102432 -0.279416 -0.247898 -0.232675 -0.386710 0.104370 -0.364042 -0.203898 -0.213223 0.090937 -0.009514 -0.251251 -0.231393 -0.445372 -0.488468 -0.623574 -0.221889 -0.438901 -0.358229 0.146212 0.113952 -0.120799 0.208283 -0.001000 0.029254 0.181114 0.530964 -0.125502 -0.135825 -0.137807 0.166413 0.003539 0.197715 -0.270282 -0.164697 -0.417119 -0.390757 0.344224 0.299774 0.313956 0.507898 0.036534 0.249114 0.372287 0.188613 -0.346241 -0.328353 0.012121 0.082122 0.052120 0.182011 0.098674 0.186057 -0.228794 -0.099213 0.010154 -0.102344 -0.351357 -0.087795 -0.123591 -0.103182 -0.196381 -0.132800 0.102773 0.035196 0.411994 0.045084 -0.117276 0.249836 -0.004196 0.038253
-0.529641 -0.454150 0.168551 0.552344 -0.002418 0.333841 -0.097479 0.347078 -0.338779 0.093866 -0.354785 0.024840 -0.325518 -0.049133 -0.067948 0.103246 -0.328757 -0.231798 -0.300501 -0.175498 0.119201 0.428004 0.508926 0.650532 0.364898 0.662128 0.458320 0.463470 -0.125917 -0.001658 0.834174 1.000000 -0.070146 0.368468 0.408677 0.408105 0.075265 0.054940 0.097506 -0.117572 0.120332 0.275879 -0.272364 -0.107583 -0.458422 -0.226924 -0.414069 -0.252037 -0.220073 -0.551876 0.034470 -0.465119 -0.119951 -0.337081 -0.036184 -0.239834 -0.322325 -0.298728 -0.392295 -0.476960 -0.564010 -0.195408 -0.337138 -0.391876 0.181650 0.289308 -0.137209 0.252783 0.030932 0.203812 0.170744 0.501126 -0.153698 -0.088652 -0.025920 0.226928 0.087149 0.342742 -0.225413 -0.116355 -0.438622 -0.451431 0.263976 0.332114 0.168915 0.449135 -0.118578 0.259497 0.250189 0.186551 -0.155184 -0.243215 0.248327 0.227933 -0.043521 0.265281 0.047340 0.131103 -0.368973 -0.208765 0.009182 -0.120593 -0.365217 0.010738 0.001621 0.023201 -0.278771 -0.176152 0.261230 -0.014109 0.400402 -0.000708 -0.199848 0.286078 0.149639 -0.043127
-0.146273 0.015729 -0.045770 -0.405709 0.306443 -0.077627 0.072895 -0.159319 -0.013393 -0.075193 -0.174395 -0.336661 -0.053630 -0.265900 -0.332732 -0.248193 0.262490 0.085603 -0.005165 -0.122295 0.327890 0.150385 -0.202235 -0.325427 -0.050167 0.064915 0.012513 -0.095365 0.089761 0.302820 0.025911 -0.070146 1.000000 0.538397 0.149665 0.118759 0.434077 0.243226 0.089108 0.140835 0.323173 0.178102 0.221492 0.204445 0.134254 0.185771 0.168520 0.065733 -0.051926 -0.048508 -0.144937 -0.063925 -0.057079 -0.102957 0.042297 0.093565 0.219832 0.355359 -0.053099 -0.006368 0.078635 -0.159754 0.126236 0.091239 -0.048287 -0.223710 0.160962 0.183368 -0.011252 -0.123435 -0.225404 0.020232 0.389068 0.247977 0.247734 0.139615 0.237698 0.008013 0.518242 0.482807 0.462884 0.588727 -0.326754 -0.237314 -0.141908 -0.146065 -0.380686 -0.252975 -0.254922 -0.429061 -0.322621 -0.436867 -0.461682 -0.482179 -0.121312 0.011988 0.104126 0.123393 0.063130 0.089346 -0.195477 0.090017 0.181005 0.103849 0.013946 -0.111057 0.000324 -0.029551 0.046713 -0.050509 -0.041669 0.375997 0.152130 0.022256 -0.100511 0.315205
-0.206525 -0.165460 -0.132879 -0.155401 0.207483 0.036495 0.097714 0.245066 -0.196576 0.357876 -0.244979 -0.158090 -0.023896 0.104094 -0.330880 -0.201809 0.075305 0.046397 -0.108300 -0.070387 0.207298 0.098675 -0.012591 -0.171824 0.114883 0.188129 0.214642 -0.088848 0.139048 0.421810 0.304798 0.368468 0.538397 1.000000 0.563410 0.573430 0.283963 0.101713 -0.028875 0.004788 0.203055 0.340860 -0.126223 0.040848 -0.227364 -0.022307 -0.242877 -0.055056 -0.377658 -0.522337 -0.323831 -0.515842 -0.148922 -0.477859 -0.149406 -0.185377 -0.166352 -0.047996 -0.140478 -0.200982 -0.178836 0.138912 -0.181140 0.030219 0.239417 0.143512 0.073024 0.339327 -0.046832 -0.150945 -0.134345 0.110688 0.463912 0.100054 0.071232 0.332278 0.309915 0.438314 0.145563 0.286412 0.225958 0.186968 -0.078776 0.141734 -0.087413 -0.126829 -0.400437 -0.103544 -0.027191 -0.369006 -0.077217 -0.274529 -0.195850 -0.246441 -0.212989 0.289279 -0.008304 0.177748 -0.109896 -0.039157 -0.126795 -0.273472 -0.061048 0.028248 -0.053855 0.009407 -0.101444 -0.064519 0.235177 -0.088785 0.298121 0.306155 0.186169 0.026085 0.056747 0.111748
-0.403265 -0.471704 -0.108408 -0.021545 0.103766 0.169628 -0.000053 0.168676 -0.453206 0.169569 -0.226900 -0.291787 -0.107483 0.024343 -0.217302 -0.172054 -0.073086 -0.111973 -0.210365 -0.243031 0.031396 0.101005 0.145631 0.090080 0.293741 0.282096 0.314223 0.110912 -0.023463 0.156058 0.372513 0.408677 0.149665 0.563410 1.000000 0.732368 0.065919 0.138946 0.087486 -0.086002 -0.101492 0.310987 -0.041563 0.034530 -0.175495 0.099290 -0.137954 0.082207 -0.125125 -0.323143 0.004461 -0.385632 0.101218 -0.270514 0.161705 -0.076788 -0.252648 -0.179218 -0.048259 -0.203024 -0.182772 0.006434 -0.269541 -0.093457 0.218282 0.245104 0.127837 0.451740 -0.221295 -0.002116 -0.099678 0.181546 0.115626 -0.104911 -0.108289 0.059817 0.343900 0.458557 -0.013935 0.148446 -0.090102 -0.170719 0.007111 0.031088 -0.029062 0.006710 -0.155311 0.057929 0.136856 -0.050240 -0.089325 -0.140943 0.005310 -0.043294 -0.158205 0.123812 0.131803 0.189962 -0.111502 -0.217259 -0.094046 -0.258986 -0.111325 -0.272248 -0.183406 -0.102388 -0.334485 -0.305798 0.193205 0.110368 0.441800 0.163716 -0.040957 0.148096 0.051366 -0.052375
-0.411507 -0.379949 -0.217843 -0.038299 0.196707 0.167198 -0.071951 0.231422 -0.538880 0.313248 -0.456366 -0.324980 -0.185435 0.114358 -0.443692 -0.266978 -0.257981 -0.094450 -0.358849 -0.377185 0.170717 0.143200 -0.061694 0.010617 0.271043 0.264719 0.188863 0.031057 -0.225161 0.204537 0.341967 0.408105 0.118759 0.573430 0.732368 1.000000 0.048829 0.184245 0.050252 -0.033912 -0.026763 0.280604 -0.059459 0.075855 -0.017125 0.142238 -0.200881 -0.009875 -0.081143 -0.367325 -0.107066 -0.285625 0.108994 -0.354958 0.113714 -0.104174 -0.311831 -0.204275 0.066555 -0.041941 -0.117017 0.215105 -0.066005 0.096552 0.016588 0.220425 0.377293 0.650245 -0.220635 0.126974 0.044214 0.207981 0.201138 0.009049 -0.073127 0.098463 0.272210 0.497750 -0.052366 0.123755 -0.042181 -0.162059 -0.204271 -0.002436 -0.176309 -0.107253 -0.134573 -0.074241 0.004209 -0.046170 -0.010248 -0.237265 0.014150 -0.245877 -0.085076 0.186615 0.167980 0.137547 -0.091035 -0.198822 -0.016972 -0.258054 -0.013859 -0.185822 -0.009164 -0.029917 -0.229887 -0.197108 0.276432 0.040700 0.379399 -0.000472 -0.123999 0.034889 -0.064344 -0.101944
