1.000000 0.446985 -0.351111 -0.087105 -0.381014 -0.016128 -0.418679 -0.347378 -0.278310 -0.217521 0.190022 0.027700 0.085539 0.017556 0.176318 -0.017589 -0.076577 -0.090029 0.372643 -0.073760 0.112352 -0.153645 -0.189790 -0.037584 0.038536 0.007599 -0.040573 -0.022460 0.131053 0.193905 -0.115172 -0.054507 0.216737 -0.053457 -0.101962 -0.402736 0.311178 0.286866 0.212917 0.149073 0.301217 0.415437 0.488259 0.488671 -0.190674 -0.335021 0.351248 0.322799 -0.024841 0.106586 0.124106 0.218307 -0.022400 0.100044 0.041141 0.111965 0.379341 0.240625 0.003115 0.181727 -0.282431 -0.220338 0.103505 0.032030 -0.175930 -0.238935 -0.400649 -0.429897 0.045256 -0.401366 0.091621 -0.019866 0.329850 0.450600 0.438765 0.255733 0.452954 0.269601 0.297815 0.338847 0.148698 0.201399 0.043083 0.055379 -0.055484 -0.324468 -0.047560 -0.129531 -0.301550 -0.220955 -0.236795 0.087003 -0.452065 -0.129787 0.012171 -0.058602 -0.006617 -0.032834 0.108647 0.364217 0.072166 0.054909 -0.130703 0.158491 0.146985 -0.086198 -0.059125 -0.097828 0.021416 -0.048505 0.055865 0.161119 0.377836 0.072946 0.130178 -0.078882
0.446985 1.000000 -0.464864 -0.217358 -0.483830 -0.355769 -0.378272 -0.396656 -0.334187 -0.175642 0.035442 -0.050674 0.015751 -0.069418 0.156550 -0.205933 -0.011413 0.207835 0.270068 -0.478867 -0.137666 -0.205463 -0.213566 -0.366343 -0.123013 -0.273150 -0.257041 -0.130594 0.224900 0.093800 -0.539982 -0.493220 0.308405 0.003926 0.125502 -0.304190 0.420918 0.280485 0.238988 -0.014654 0.232255 0.173865 0.249638 0.257991 -0.184560 -0.111889 0.334779 0.276644 -0.017685 0.091719 0.097698 0.130333 0.220723 0.196498 0.288813 0.299301 0.470348 0.476232 0.156400 0.235533 -0.219522 -0.066669 0.060248 0.174836 -0.189371 -0.135120 -0.358835 -0.464216 0.428264 -0.406085 -0.176148 -0.110304 0.379223 0.204389 0.292954 0.288762 0.383058 0.149881 0.189984 0.396009 0.277645 0.340881 -0.033357 -0.151952 -0.147748 -0.117556 0.292637 -0.076408 -0.083643 -0.030145 -0.408064 0.103659 -0.526211 0.087854 -0.070205 0.169696 -0.187403 0.319455 0.230045 0.480869 0.029198 0.091074 0.064215 -0.047936 0.205079 -0.094923 0.043107 0.198686 0.012275 0.145238 -0.209099 0.236331 0.548780 0.172205 0.209620 0.071460
-0.351111 -0.464864 1.000000 0.225447 0.324259 0.179960 0.610176 0.137349 0.259590 -0.004432 -0.140750 -0.157664 -0.100068 -0.211248 -0.396281 -0.405490 -0.275665 -0.338347 -0.073165 0.078704 0.075130 0.277033 0.430857 0.279361 0.285410 0.502499 0.134130 0.272342 -0.426373 -0.204419 0.396741 0.484080 -0.018003 0.142650 0.207036 0.192114 -0.365023 -0.406127 -0.196058 -0.123083 -0.080044 -0.165641 -0.071609 0.010275 -0.017037 -0.092037 -0.054984 -0.111448 -0.010983 -0.240405 0.097393 -0.104383 -0.129582 -0.132178 -0.247099 -0.353090 -0.340345 -0.417113 0.093595 -0.437908 0.260111 -0.165082 -0.134952 -0.350118 0.489619 0.132545 0.642973 0.555815 -0.049183 0.196528 -0.083747 0.035585 -0.418802 -0.305478 -0.355426 -0.101891 -0.424017 -0.277611 -0.260679 -0.247923 -0.390234 -0.212567 -0.281771 -0.339806 0.361815 -0.029105 -0.254727 0.041716 0.181030 -0.077373 0.187849 -0.019335 0.456972 0.183716 -0.031615 -0.052986 0.156023 -0.248028 -0.356674 -0.444498 -0.015375 -0.128356 0.134344 -0.253481 -0.083745 -0.003746 0.097039 -0.146586 0.156173 -0.030270 0.220986 -0.294060 -0.543142 -0.162494 -0.359275 -0.103430
-0.087105 -0.217358 0.225447 1.000000 -0.144717 0.132521 0.074033 0.316417 0.106433 0.137717 0.214544 0.133769 -0.037449 0.123468 -0.075140 -0.193180 -0.079246 -0.474605 0.159774 0.287013 -0.067864 0.096235 0.545525 0.584631 0.039481 0.244471 0.054862 0.397214 -0.507178 -0.580523 -0.162361 0.340209 -0.159884 -0.038236 0.459582 0.214205 -0.402160 -0.448046 0.086555 -0.047212 -0.041451 -0.411906 -0.288795 -0.079046 -0.424920 -0.397151 -0.139408 -0.230488 -0.345413 -0.371556 -0.446678 -0.157490 -0.240944 -0.254581 -0.226589 -0.086809 -0.295574 -0.136447 -0.030047 -0.108012 0.415613 0.296199 -0.195297 -0.273829 0.641480 0.542408 0.006131 0.259052 0.140377 0.343839 -0.189112 -0.302084 -0.471732 -0.438536 -0.180342 -0.201266 -0.205972 0.127700 -0.174028 -0.388867 -0.516055 -0.660171 -0.076421 -0.156489 0.101234 0.022234 -0.084318 0.100846 0.578208 0.394793 0.077273 -0.074967 0.395468 0.335551 -0.003520 -0.082192 0.013703 -0.295331 -0.438614 -0.412609 -0.062929 -0.155034 0.110377 -0.020397 -0.197423 0.329204 0.064126 -0.295653 0.272831 -0.119756 0.060370 -0.364428 -0.403880 0.060123 0.122912 -0.283876
-0.381014 -0.483830 0.324259 -0.144717 1.000000 0.292914 0.308984 0.459982 0.433146 0.389415 -0.039920 0.181358 0.028467 0.204001 -0.108689 0.286055 -0.098331 0.076338 -0.159552 0.152638 0.224184 0.225163 -0.101247 -0.065072 0.091630 -0.031492 0.207447 -0.160101 -0.056630 0.041366 0.248825 0.043051 -0.298931 -0.220074 -0.183392 0.249575 -0.187660 -0.078654 -0.058332 0.049834 -0.245332 -0.066715 -0.037301 -0.149130 0.346152 0.405119 -0.113360 -0.163476 0.161141 0.033633 -0.046815 -0.173098 -0.065383 -0.004323 -0.052030 -0.293481 -0.254904 -0.314032 -0.093401 -0.146455 0.071479 0.155895 0.047942 -0.030407 -0.136802 -0.000824 0.116012 0.141059 -0.228164 0.168469 0.329745 0.218599 -0.273201 0.056847 -0.184306 0.137081 -0.165016 0.036058 -0.265134 -0.167774 -0.067197 -0.160934 0.086804 0.046345 -0.225238 -0.102285 -0.224309 -0.057358 -0.153848 -0.203257 0.322470 0.066027 0.305448 0.150933 0.061047 -0.055975 -0.161341 -0.130378 -0.183944 -0.163373 -0.027764 -0.164806 -0.022562 0.025188 -0.213547 -0.085044 -0.125729 0.050426 -0.117534 -0.094589 -0.116645 -0.187033 -0.268352 -0.079810 -0.059266 0.036639
-0.016128 -0.355769 0.179960 0.132521 0.292914 1.000000 0.076362 0.005172 -0.069207 -0.163259 -0.005048 -0.028087 0.006542 0.140062 -0.440615 -0.028476 -0.016457 -0.201218 -0.117635 0.037251 0.359230 0.457491 0.302518 0.525314 0.313291 0.356480 0.572728 0.599308 -0.508385 -0.557982 0.160227 0.271260 -0.241752 -0.230522 0.234211 0.232863 -0.270286 -0.179855 0.167429 0.491794 -0.293051 -0.280371 0.057119 0.196910 -0.311202 -0.207907 -0.195401 -0.013277 -0.278653 -0.383779 -0.120151 -0.177622 -0.358968 -0.486200 -0.215902 -0.236872 0.062951 -0.007727 0.318375 0.150467 0.171003 0.088896 -0.266153 -0.442404 0.349632 0.463508 0.237973 0.462912 -0.232652 0.163207 0.044689 -0.306588 -0.528201 -0.205143 -0.285834 -0.151040 -0.231679 -0.118241 -0.165375 -0.112186 -0.307834 -0.315474 -0.232080 -0.324926 0.085532 -0.019883 -0.011783 0.038421 0.149226 0.295452 0.001733 -0.410068 0.180700 -0.045273 0.154629 -0.074560 0.096843 -0.249350 -0.392628 -0.244153 -0.063822 -0.084137 -0.344794 0.278645 -0.353589 -0.375028 -0.312522 -0.230613 0.042022 0.071847 0.146154 -0.027079 -0.028095 -0.359904 -0.073920 -0.184653
-0.418679 -0.378272 0.610176 0.074033 0.308984 0.076362 1.000000 0.320837 0.373867 0.069341 0.030575 0.057891 0.253857 0.074831 -0.166172 -0.171196 -0.115043 -0.062641 -0.107697 0.006233 -0.110446 -0.014142 0.185885 0.171016 -0.160013 -0.071535 0.007495 0.039633 -0.061585 -0.024920 0.237052 0.106379 -0.234559 -0.088697 0.035837 0.331737 -0.345439 -0.386521 -0.297047 -0.350998 -0.388711 -0.098162 -0.185247 -0.257563 0.327888 0.196210 -0.334880 -0.204379 0.239447 -0.072674 0.209829 -0.180435 -0.100592 -0.291923 -0.358349 -0.453537 -0.313522 -0.555995 0.219980 -0.326297 0.359645 -0.027492 0.004885 -0.187265 0.277707 0.109335 0.458549 0.389024 -0.060082 0.147102 0.098635 0.078384 -0.211272 -0.219092 -0.245664 -0.170881 -0.416583 -0.215997 -0.292887 -0.328931 -0.205754 -0.230818 -0.207131 -0.188251 0.265230 0.087432 -0.223131 -0.062730 0.110125 -0.212843 0.213045 -0.117143 0.403509 0.195524 -0.168296 -0.233332 -0.136072 -0.180876 -0.235913 -0.515397 -0.286278 -0.037281 -0.070091 -0.117386 -0.264094 -0.111296 -0.013327 0.038894 -0.222216 0.083487 -0.009961 -0.278570 -0.431971 -0.275008 -0.191443 -0.189996
-0.347378 -0.396656 0.137349 0.316417 0.459982 0.005172 0.320837 1.000000 0.458517 0.617210 0.251959 0.511042 0.156522 0.477632 0.010451 0.293893 0.094172 -0.003813 -0.081300 0.101305 -0.100413 -0.063531 -0.278737 -0.096551 -0.297642 -0.263470 -0.220570 -0.354257 0.030702 -0.022357 -0.039244 -0.118260 -0.335519 -0.045189 -0.177165 0.346369 -0.310278 -0.210244 -0.266554 -0.354823 -0.274236 -0.153832 -0.302256 -0.453421 0.068165 0.292431 -0.301761 -0.379554 -0.038459 -0.227979 -0.291168 -0.315805 -0.132930 -0.246420 -0.317222 -0.349024 -0.260166 -0.448181 -0.048979 0.084864 0.386660 0.645707 0.267768 0.290578 -0.062624 0.274299 -0.004351 0.147728 -0.298478 0.136866 0.213778 0.101147 -0.253960 -0.164108 -0.046443 -0.000446 -0.172211 0.084379 -0.322584 -0.340203 0.035182 -0.271996 0.284697 0.197115 -0.250385 0.211684 -0.226682 0.032103 0.039536 -0.114994 0.130151 0.034133 0.252637 0.203133 -0.065629 -0.026264 -0.265275 -0.153079 -0.288443 -0.359887 -0.014714 -0.162067 0.101937 -0.003527 -0.144523 0.054014 -0.081275 0.031137 -0.107060 -0.039370 -0.253068 -0.215185 -0.423056 -0.136130 0.097516 -0.194410
-0.278310 -0.334187 0.259590 0.106433 0.433146 -0.069207 0.373867 0.458517 1.000000 0.594022 0.322860 0.197459 0.217517 0.187061 0.355086 0.406862 -0.015387 0.222856 0.202419 0.056983 0.110542 0.135640 -0.126485 -0.106752 -0.238269 -0.170468 0.003950 -0.371637 0.033124 0.156606 0.030395 -0.171016 -0.154073 -0.074101 -0.231111 -0.039073 -0.113594 -0.119670 0.049275 -0.179138 -0.088516 0.127685 -0.208839 -0.421392 0.101032 0.032690 -0.334869 -0.228264 0.158348 -0.048488 -0.067956 -0.234117 -0.015921 -0.177726 -0.105541 -0.245706 -0.210906 -0.342070 0.094312 0.069918 0.392620 0.317201 0.359670 0.231228 -0.100625 -0.106311 -0.066157 -0.214643 0.150632 0.152921 0.336230 0.212181 -0.048568 0.088997 -0.127219 0.086281 -0.162626 -0.006839 -0.194687 -0.191083 0.057539 -0.161210 0.132407 0.255997 0.138711 0.056952 -0.315108 -0.037154 0.117643 -0.169360 0.175798 -0.016208 0.165022 0.239305 -0.143201 0.058554 -0.093450 -0.045771 -0.100193 -0.181135 -0.080529 -0.183696 -0.013395 -0.290158 -0.176873 -0.081202 -0.119103 -0.103434 -0.023062 0.011740 -0.196797 -0.086814 -0.275965 0.088220 -0.010875 -0.221856
-0.217521 -0.175642 -0.004432 0.137717 0.389415 -0.163259 0.069341 0.617210 0.594022 1.000000 0.327676 0.612819 0.110599 0.447140 0.260627 0.393059 0.081983 0.232615 0.257496 0.090258 -0.152051 -0.159703 -0.288900 -0.230469 -0.197602 -0.264468 -0.261522 -0.516969 0.219666 0.199679 -0.133854 -0.241092 -0.128836 0.057732 -0.240060 0.080666 0.062148 -0.051191 -0.214175 -0.309540 0.062260 -0.078573 -0.298810 -0.562930 0.028117 0.224277 -0.227323 -0.293323 0.003935 -0.057659 -0.256663 -0.333529 0.005414 -0.061544 -0.120482 -0.253286 -0.321561 -0.248342 -0.040160 0.027276 0.296998 0.553874 0.358054 0.487729 -0.207410 0.106658 -0.252630 -0.232646 -0.089786 -0.003585 0.200747 0.209507 0.007030 0.091808 0.163554 0.171414 0.054037 0.154811 -0.063907 -0.125025 0.134862 -0.063311 0.258367 0.278153 -0.121159 0.128007 -0.210404 -0.176502 -0.000753 -0.175384 0.022520 0.137943 0.119408 0.366692 -0.106564 0.295379 -0.294525 -0.045527 -0.012786 -0.004209 0.147977 -0.175677 0.146816 -0.073758 0.015685 -0.021532 -0.132589 -0.073893 0.149102 -0.066743 -0.362621 0.019004 -0.195192 0.050557 0.149774 -0.190850
0.190022 0.035442 -0.140750 0.214544 -0.039920 -0.005048 0.030575 0.251959 0.322860 0.327676 1.000000 0.620938 0.646538 0.563985 0.394997 0.312445 0.069808 0.161961 0.289895 -0.001509 -0.220336 -0.214852 -0.051482 0.144582 -0.509419 -0.374325 -0.326374 -0.248203 0.060207 -0.008482 -0.325250 -0.228673 -0.034231 -0.018729 -0.116099 -0.068207 -0.051567 -0.104824 -0.066267 -0.151108 -0.055876 -0.054919 -0.072125 -0.122518 -0.156916 -0.178326 -0.159610 -0.034268 -0.080832 -0.106832 -0.150608 -0.164060 -0.135082 -0.083542 -0.131857 -0.242005 0.006237 -0.204525 -0.187604 0.045448 0.484798 0.417768 0.549894 0.222871 0.070986 0.177266 -0.288123 -0.257845 0.037375 -0.230132 0.028199 -0.188471 -0.087979 0.062613 0.022861 0.195106 0.091013 0.256824 -0.054050 -0.152154 0.032068 -0.281900 0.064034 0.203504 0.201060 -0.038899 -0.086498 -0.053184 0.149472 -0.109618 -0.060588 0.153738 -0.086376 0.232101 -0.153796 -0.072258 -0.229297 -0.098142 -0.166781 -0.153991 -0.135864 -0.055579 -0.218521 0.147749 0.002114 -0.129567 -0.256281 -0.077209 -0.043286 -0.009848 -0.166104 -0.127196 0.038651 -0.004920 0.055376 -0.241594
0.027700 -0.050674 -0.157664 0.133769 0.181358 -0.028087 0.057891 0.511042 0.197459 0.612819 0.620938 1.000000 0.407380 0.818905 0.126772 0.226273 0.026301 0.143989 0.223589 0.007468 -0.170740 -0.279376 -0.290866 -0.034059 -0.301547 -0.414296 -0.248172 -0.358872 0.159842 0.093307 -0.216603 -0.296949 -0.087152 0.014882 -0.151722 0.179235 -0.021503 -0.089881 -0.345297 -0.152340 -0.079375 -0.033618 -0.323764 -0.324855 0.053556 0.190498 -0.299022 -0.198997 -0.007938 -0.028563 -0.030800 -0.150765 -0.028392 -0.128905 -0.272365 -0.316107 -0.049142 -0.197396 -0.067205 0.057084 0.343368 0.571993 0.454337 0.405398 -0.098627 0.265654 -0.113066 -0.073327 -0.232751 -0.340422 0.182511 -0.110589 -0.087873 0.105274 0.197910 0.226019 0.085144 0.231853 0.063020 -0.098835 0.046386 -0.238290 0.050902 0.094285 -0.163462 0.099444 -0.102619 -0.168768 -0.033288 -0.239169 -0.176607 0.095144 -0.030148 0.397700 0.075214 -0.029980 -0.192199 -0.325048 -0.210984 -0.070894 -0.118420 -0.076239 0.040045 0.143548 -0.057223 -0.102928 -0.051088 -0.239586 0.207721 -0.235242 -0.249169 -0.127033 -0.074524 -0.151565 0.021975 -0.335868
0.085539 0.015751 -0.100068 -0.037449 0.028467 0.006542 0.253857 0.156522 0.217517 0.110599 0.646538 0.407380 1.000000 0.623019 0.326076 0.197540 -0.063807 0.144805 0.081536 -0.242263 -0.398141 -0.208410 -0.085789 0.064305 -0.451052 -0.495325 -0.133419 -0.280945 0.092717 0.098966 -0.259083 -0.365933 -0.012132 -0.170281 -0.124298 0.049667 -0.149676 -0.311309 -0.199328 -0.294377 -0.312651 -0.088909 -0.007795 -0.141883 0.208415 0.144657 -0.333514 -0.031819 0.147281 0.045347 0.126402 -0.187668 0.073203 -0.176910 -0.094558 -0.411072 0.003865 -0.063463 -0.051939 0.093104 0.502825 0.304407 0.364680 0.047229 0.031125 0.151448 -0.127619 -0.150558 0.005108 -0.336291 -0.061729 -0.307495 -0.066583 -0.077278 -0.077640 -0.117543 -0.100307 -0.060241 -0.107159 -0.110884 -0.073798 -0.190715 -0.112010 0.080383 0.321844 0.026243 0.057695 -0.124163 0.152170 -0.095646 -0.134680 0.002824 -0.103429 0.183756 -0.237382 -0.159043 -0.332437 -0.048520 -0.067745 -0.163745 -0.287105 -0.134368 -0.499213 -0.032449 -0.016651 0.017072 -0.213050 0.101884 -0.219398 0.058012 -0.187143 -0.138657 0.081094 -0.176904 0.123381 -0.232850
0.017556 -0.069418 -0.211248 0.123468 0.204001 0.140062 0.074831 0.477632 0.187061 0.447140 0.563985 0.818905 0.623019 1.000000 0.115389 0.242960 -0.003146 0.075853 0.035391 -0.055066 -0.181270 -0.188192 -0.209271 0.104183 -0.227934 -0.463216 0.036995 -0.258781 -0.043645 -0.073015 -0.357080 -0.438207 -0.208491 -0.215304 -0.114707 0.206624 -0.160760 -0.293396 -0.218030 -0.014745 -0.211026 -0.103180 -0.238198 -0.218315 0.110619 0.218232 -0.384567 -0.061678 0.042893 0.009493 0.006551 -0.114861 -0.058645 -0.225464 -0.167412 -0.332274 -0.082876 -0.060789 0.001804 0.162697 0.438596 0.543985 0.300836 0.171624 -0.028074 0.394614 -0.143113 -0.033396 -0.194576 -0.256986 0.158316 -0.337086 -0.240530 -0.096730 0.055441 0.054079 -0.041121 0.156468 -0.062199 -0.166068 -0.129795 -0.387158 -0.086204 0.017776 -0.134963 0.097803 0.040578 -0.073938 0.147773 0.035541 -0.086874 0.021755 0.057947 0.419213 0.022964 -0.170706 -0.201498 -0.345680 -0.249311 -0.114354 -0.197034 -0.144953 -0.219790 0.146677 -0.123660 -0.015330 -0.084943 -0.222714 0.132794 -0.189400 -0.157146 -0.165109 -0.024968 -0.186343 0.132785 -0.295370
0.176318 0.156550 -0.396281 -0.075140 -0.108689 -0.440615 -0.166172 0.010451 0.355086 0.260627 0.394997 0.126772 0.326076 0.115389 1.000000 0.720063 0.225704 0.351656 0.429138 0.136843 -0.225585 -0.304745 -0.270514 -0.231452 -0.501255 -0.433331 -0.237777 -0.607854 0.477017 0.433576 -0.250710 -0.374040 0.057742 -0.025573 -0.491703 -0.481683 0.342860 0.207021 0.084028 -0.141112 -0.073340 0.093489 0.050318 -0.257602 0.175004 -0.100732 -0.036682 0.011694 0.281165 0.352124 -0.078252 -0.022639 0.168805 0.113385 0.241923 0.061562 -0.028573 0.127688 -0.159143 0.223831 -0.143966 0.008630 0.405039 0.370540 -0.435180 -0.479799 -0.541059 -0.749585 0.268234 -0.100864 0.128839 0.198685 0.428812 0.258426 0.167832 0.051518 0.183918 0.081680 0.152848 -0.172300 0.351383 0.131531 0.447014 0.634842 0.136077 -0.008992 0.151845 -0.128176 -0.067037 -0.156005 0.154294 0.187983 -0.219176 -0.071610 -0.293087 0.048061 -0.279779 0.274654 0.262425 0.163621 0.019583 -0.029822 -0.101753 -0.073625 0.079512 0.020885 -0.111461 0.168514 -0.178698 0.122904 -0.325248 0.270040 0.151697 0.260232 0.195139 0.106099
-0.017589 -0.205933 -0.405490 -0.193180 0.286055 -0.028476 -0.171196 0.293893 0.406862 0.393059 0.312445 0.226273 0.197540 0.242960 0.720063 1.000000 0.246903 0.377632 0.179933 0.216142 -0.042405 -0.133626 -0.420045 -0.239507 -0.422350 -0.407716 -0.112622 -0.579955 0.428818 0.333027 -0.022481 -0.298354 -0.106158 -0.081051 -0.636954 -0.214103 0.219719 0.295516 0.065985 0.010598 -0.185079 -0.054686 -0.009970 -0.379308 0.210698 0.159856 -0.194527 -0.138964 0.175306 0.216467 -0.210761 -0.208785 0.054244 -0.026412 0.151136 -0.006122 -0.085549 0.013009 -0.114732 0.310392 -0.094709 0.220806 0.408740 0.450192 -0.563551 -0.326314 -0.472682 -0.518521 -0.117157 0.054608 0.223485 0.247534 0.241696 0.147125 0.063249 -0.075200 0.046323 0.028359 -0.003218 -0.241862 0.360314 0.106261 0.558940 0.712803 -0.076546 0.122623 0.038152 -0.119799 -0.165592 -0.106902 0.241543 0.048745 -0.096248 -0.201328 -0.167390 0.062159 -0.284122 0.229198 0.217152 0.102328 0.184311 -0.010769 -0.165562 0.150585 -0.043994 -0.171982 -0.260475 0.183198 -0.293576 0.107999 -0.360449 0.256077 0.071531 0.133910 0.251837 0.107231
-0.076577 -0.011413 -0.275665 -0.079246 -0.098331 -0.016457 -0.115043 0.094172 -0.015387 0.081983 0.069808 0.026301 -0.063807 -0.003146 0.225704 0.246903 1.000000 0.564819 0.070807 0.183169 -0.095372 -0.340160 -0.166138 -0.194545 -0.195993 -0.226272 -0.104441 -0.140112 0.375404 0.193832 0.082304 -0.032030 -0.030461 0.122939 -0.165439 -0.207807 0.293685 0.315890 -0.125043 0.174200 -0.144559 -0.037154 -0.264286 -0.294285 -0.137739 -0.170382 -0.103115 0.003309 -0.096069 -0.043543 -0.131270 -0.006614 0.028900 -0.227273 -0.072359 0.045350 0.381387 0.207007 -0.128013 0.197897 -0.171679 0.150544 0.321360 0.399641 -0.218799 -0.194050 -0.204155 -0.199904 0.007930 -0.035691 0.098368 0.065156 0.159858 0.216810 0.143976 0.085624 0.185506 0.015780 0.299597 0.042982 0.561478 0.259964 0.435176 0.306500 -0.125326 -0.023012 0.096528 0.047389 -0.317686 -0.138355 -0.032611 -0.262121 -0.301799 -0.346800 -0.307816 -0.079747 0.001503 0.159104 0.224158 -0.047328 0.001989 0.273985 -0.125048 0.072864 -0.166172 -0.256493 -0.230693 0.042426 -0.314073 0.225598 -0.211008 0.245591 0.051945 -0.110475 -0.115264 0.109451
-0.090029 0.207835 -0.338347 -0.474605 0.076338 -0.201218 -0.062641 -0.003813 0.222856 0.232615 0.161961 0.143989 0.144805 0.075853 0.351656 0.377632 0.564819 1.000000 0.107706 -0.170084 -0.114050 -0.251307 -0.446347 -0.505976 -0.421674 -0.471755 -0.234438 -0.445854 0.532739 0.357587 0.007358 -0.392259 0.042048 0.001046 -0.278116 -0.246073 0.510346 0.465153 -0.033846 -0.011732 -0.144110 0.123570 -0.141279 -0.329910 0.076774 0.063097 -0.060245 -0.030083 0.056063 0.041206 0.023469 -0.120781 0.308792 -0.089686 0.106485 0.060342 0.375504 0.252367 -0.029929 0.171148 -0.138807 0.151894 0.558007 0.593271 -0.455686 -0.338888 -0.262201 -0.456575 -0.055943 -0.225070 0.089871 0.067731 0.416092 0.304290 0.180616 0.107718 0.161492 -0.211555 0.300373 0.265573 0.708689 0.485549 0.355962 0.330082 -0.009169 0.006199 0.123403 -0.061758 -0.286887 -0.297612 -0.137986 -0.153218 -0.481960 -0.138250 -0.298941 0.231310 -0.112927 0.371680 0.446473 0.168353 -0.013470 0.218166 -0.081580 -0.004690 0.065221 -0.404037 -0.301689 0.245566 -0.266478 0.213246 -0.419781 0.314864 0.279760 0.083440 -0.069818 0.041748
0.372643 0.270068 -0.073165 0.159774 -0.159552 -0.117635 -0.107697 -0.081300 0.202419 0.257496 0.289895 0.223589 0.081536 0.035391 0.429138 0.179933 0.070807 0.107706 1.000000 0.182188 0.145295 -0.073817 -0.064631 -0.039845 -0.075149 -0.023269 -0.094985 -0.192304 0.153026 0.150891 -0.166228 -0.063775 0.214137 -0.116912 -0.235907 -0.459989 0.241942 0.161809 0.035775 -0.053842 0.086962 0.079426 0.049361 -0.010466 -0.175024 -0.363099 0.062096 0.151548 0.061203 0.115073 0.020522 0.038141 0.161421 0.030847 -0.016725 -0.009802 0.147078 0.110598 0.150587 0.082566 -0.163903 -0.065289 0.203215 0.164748 -0.114378 -0.244461 -0.218120 -0.397371 0.346853 -0.242645 0.021209 0.076533 0.126000 0.278659 0.170949 0.252330 0.225049 0.082485 0.121645 -0.012375 0.170155 0.027241 0.058157 0.128122 0.186299 -0.105924 -0.038070 -0.248914 -0.146554 -0.283141 -0.009360 0.062642 -0.226422 0.228233 -0.195836 -0.023979 -0.201128 0.104429 0.131483 0.203160 0.156076 -0.068077 -0.112444 -0.031728 -0.037952 -0.185449 -0.186306 -0.132346 0.024557 0.113251 -0.252996 0.255588 0.081806 -0.044791 0.042877 -0.296222
-0.073760 -0.478867 0.078704 0.287013 0.152638 0.037251 0.006233 0.101305 0.056983 0.090258 -0.001509 0.007468 -0.242263 -0.055066 0.136843 0.216142 0.183169 -0.170084 0.182188 1.000000 0.265158 -0.143231 0.300671 0.332953 0.122198 0.122990 0.109939 0.087518 -0.031574 -0.078362 0.255739 0.414642 -0.292696 -0.163155 -0.311608 -0.205988 -0.137716 -0.047362 -0.092653 0.259198 0.025311 -0.029133 -0.142511 -0.065974 0.139585 -0.113554 0.013555 -0.055531 0.237225 0.232025 -0.044325 0.223138 0.060815 0.032685 -0.155751 -0.056473 -0.210552 -0.199573 -0.118257 -0.108544 -0.280721 -0.248508 -0.054842 -0.177799 -0.025209 -0.249300 0.108463 0.125152 -0.088293 0.370841 0.126388 0.089293 -0.204864 -0.068920 -0.072542 -0.105228 -0.113936 0.101847 0.117292 -0.390058 -0.068515 -0.283692 0.173945 0.196402 -0.084177 -0.103919 -0.113932 0.053298 -0.148960 -0.124086 0.612791 0.154773 0.399081 0.060939 0.116784 -0.417735 0.002580 -0.247399 -0.058540 -0.100915 0.030400 0.013820 0.089416 0.261842 -0.151263 0.243671 0.192076 -0.220446 0.018865 -0.260110 0.052309 0.054003 -0.303456 -0.087857 -0.232133 0.220820
0.112352 -0.137666 0.075130 -0.067864 0.224184 0.359230 -0.110446 -0.100413 0.110542 -0.152051 -0.220336 -0.170740 -0.398141 -0.181270 -0.225585 -0.042405 -0.095372 -0.114050 0.145295 0.265158 1.000000 0.502894 -0.010834 0.124588 0.575910 0.424787 0.563063 0.332691 -0.230105 -0.151736 0.258613 0.266827 -0.290271 -0.136099 -0.042540 -0.188413 -0.152859 0.201059 0.367131 0.474010 0.048929 0.326111 0.213693 0.356550 -0.141083 -0.207402 0.092031 0.080261 -0.063346 -0.012864 0.146820 0.206749 -0.075364 -0.125191 -0.078011 0.075302 0.199343 -0.095211 0.259509 0.156417 -0.246902 -0.160044 -0.131755 -0.210476 0.006400 -0.064887 0.180842 0.122562 0.043207 0.120717 0.377334 0.138925 -0.184777 0.238501 -0.050023 0.314640 0.021579 0.104264 0.102253 0.105719 0.001695 -0.106759 -0.065407 -0.183570 -0.235259 -0.139957 0.024305 0.037539 -0.132068 -0.007551 0.076203 -0.229036 0.036580 0.008050 0.356888 -0.233155 0.190693 -0.116845 -0.238763 0.030480 -0.011106 0.029649 0.023312 0.051096 -0.177714 -0.130561 0.050167 -0.311359 0.065172 -0.107962 0.183922 0.011651 0.011514 -0.012918 -0.196277 0.075851
-0.153645 -0.205463 0.277033 0.096235 0.225163 0.457491 -0.014142 -0.063531 0.135640 -0.159703 -0.214852 -0.279376 -0.208410 -0.188192 -0.304745 -0.133626 -0.340160 -0.251307 -0.073817 -0.143231 0.502894 1.000000 0.218430 0.283092 0.441718 0.509866 0.432944 0.461468 -0.441353 -0.371921 0.194506 0.304847 0.047759 -0.054767 0.301166 0.126034 -0.217666 -0.024135 0.473782 0.295714 -0.072668 0.040642 0.106136 0.209933 -0.208868 -0.161221 0.009592 -0.043778 -0.281477 -0.324193 -0.044191 0.008822 -0.282406 -0.107582 0.043758 0.173954 -0.056850 -0.166008 0.173149 -0.114020 0.082886 -0.084717 -0.270207 -0.423127 0.252909 0.230470 0.166878 0.220216 0.118026 0.326924 -0.047310 0.116622 -0.235116 -0.090166 -0.282577 -0.056294 -0.280384 -0.174709 -0.422693 0.052170 -0.313338 -0.308660 -0.101484 -0.173372 0.120553 -0.054320 -0.020180 0.031292 0.278692 0.314826 -0.050770 -0.135322 0.190226 -0.041021 0.186640 0.189711 0.284616 0.138786 -0.210279 -0.132410 0.129935 -0.305668 -0.029395 -0.086989 0.058889 -0.010048 -0.199212 -0.037078 0.049943 0.119998 0.237581 -0.238546 -0.102267 0.143425 0.096212 -0.030171
-0.189790 -0.213566 0.430857 0.545525 -0.101247 0.302518 0.185885 -0.278737 -0.126485 -0.288900 -0.051482 -0.290866 -0.085789 -0.209271 -0.270514 -0.420045 -0.166138 -0.446347 -0.064631 0.300671 -0.010834 0.218430 1.000000 0.766781 0.283438 0.457122 0.299198 0.699676 -0.573618 -0.578870 0.073791 0.519235 -0.096352 -0.123288 0.509358 0.133191 -0.345089 -0.460910 0.078613 0.279576 -0.024869 -0.361395 -0.169373 0.127698 -0.262201 -0.408729 -0.054159 0.004086 -0.189236 -0.216630 -0.179575 -0.006518 -0.134404 -0.102937 -0.091842 -0.142206 -0.300709 0.009788 0.037529 -0.374901 0.166900 -0.286016 -0.434935 -0.670494 0.748868 0.317911 0.276501 0.434211 0.124677 0.325800 -0.213484 -0.232844 -0.470734 -0.361722 -0.317461 -0.217038 -0.215689 -0.034806 -0.133755 -0.231626 -0.608993 -0.455073 -0.383662 -0.408739 0.365143 -0.111311 0.102828 0.191077 0.587523 0.347999 0.173864 -0.016359 0.420456 0.189525 -0.080812 -0.188205 0.177253 -0.349079 -0.336022 -0.376478 -0.211996 -0.109568 -0.102615 -0.008369 -0.301064 0.225688 -0.029272 -0.265738 0.256703 -0.005307 0.325818 -0.186327 -0.366731 -0.040612 -0.233442 -0.128573
-0.037584 -0.366343 0.279361 0.584631 -0.065072 0.525314 0.171016 -0.096551 -0.106752 -0.230469 0.144582 -0.034059 0.064305 0.104183 -0.231452 -0.239507 -0.194545 -0.505976 -0.039845 0.332953 0.124588 0.283092 0.766781 1.000000 0.215366 0.385068 0.424780 0.716333 -0.576060 -0.624028 0.024057 0.479937 -0.242951 -0.272660 0.404667 0.181346 -0.472379 -0.463644 0.079195 0.257567 -0.204142 -0.298224 -0.095297 0.148737 -0.219802 -0.424595 -0.126439 0.009723 -0.199733 -0.168696 -0.186410 0.001015 -0.302956 -0.257548 -0.258081 -0.236304 -0.304639 -0.089046 0.017528 -0.250992 0.214391 -0.150269 -0.374546 -0.687243 0.682553 0.457011 0.207077 0.454210 -0.040020 0.360375 -0.032165 -0.365704 -0.467025 -0.345651 -0.237524 -0.215341 -0.233422 0.029377 -0.183041 -0.316950 -0.616398 -0.627148 -0.290086 -0.313496 0.272049 -0.182434 0.008565 0.063122 0.522973 0.367384 0.280027 -0.090319 0.516578 0.233049 -0.001483 -0.232778 0.201225 -0.408705 -0.402817 -0.357470 -0.171074 -0.175410 -0.194959 0.176142 -0.334271 0.185710 -0.146832 -0.346280 0.231085 -0.010951 0.381444 -0.213620 -0.240965 -0.166079 -0.147463 -0.234312
0.038536 -0.123013 0.285410 0.039481 0.091630 0.313291 -0.160013 -0.297642 -0.238269 -0.197602 -0.509419 -0.301547 -0.451052 -0.227934 -0.501255 -0.422350 -0.195993 -0.421674 -0.075149 0.122198 0.575910 0.441718 0.283438 0.215366 1.000000 0.742681 0.613797 0.495564 -0.428580 -0.197887 0.264152 0.418238 -0.094787 0.090200 0.273861 -0.003526 -0.094679 -0.023779 0.183769 0.439349 0.308875 0.024066 0.207998 0.439975 -0.223064 -0.117917 0.122537 0.150766 -0.251164 -0.107873 0.125142 0.237726 -0.203729 -0.077771 0.072773 0.154490 -0.080161 0.013820 0.109408 -0.157094 -0.213541 -0.293747 -0.490370 -0.383037 0.250971 0.191687 0.303549 0.367476 0.001094 0.008278 0.017246 0.045104 -0.356071 0.016007 -0.084169 0.083407 -0.056634 0.069555 0.054016 0.213109 -0.288317 -0.058927 -0.293618 -0.429391 -0.083411 0.002120 0.087956 -0.018968 0.041033 0.284060 -0.125019 -0.219736 0.107166 -0.045131 0.340368 -0.115603 0.292086 -0.192306 -0.318119 0.048164 0.085437 -0.066710 0.134653 -0.097368 -0.012901 0.167697 0.198432 -0.327612 0.255429 -0.207979 0.328164 -0.114885 -0.069939 -0.004089 -0.066286 0.143572
0.007599 -0.273150 0.502499 0.244471 -0.031492 0.356480 -0.071535 -0.263470 -0.170468 -0.264468 -0.374325 -0.414296 -0.495325 -0.463216 -0.433331 -0.407716 -0.226272 -0.471755 -0.023269 0.122990 0.424787 0.509866 0.457122 0.385068 0.742681 1.000000 0.427203 0.606409 -0.498643 -0.273142 0.387302 0.689605 0.035127 0.242804 0.370783 0.093232 -0.102119 -0.028393 0.185841 0.258963 0.205771 -0.044304 0.192692 0.385999 -0.411400 -0.349109 0.145534 0.128494 -0.375353 -0.331453 -0.119443 0.047384 -0.238127 -0.090423 -0.000799 0.154017 -0.168557 -0.139610 -0.042910 -0.314915 -0.113067 -0.278128 -0.391082 -0.408705 0.422585 0.200499 0.299861 0.402698 -0.046441 0.127563 -0.031475 0.140523 -0.313265 -0.067982 -0.132990 0.044740 -0.139167 -0.004643 0.007774 0.087356 -0.342557 -0.112967 -0.192443 -0.324068 0.151000 -0.065541 -0.032471 0.056292 0.202794 0.290777 -0.060560 -0.211846 0.139185 -0.168385 0.132378 0.095345 0.382426 -0.135520 -0.267511 -0.181677 0.250312 -0.054155 0.190657 -0.001963 0.006168 0.104110 -0.014791 -0.205200 0.274176 -0.039936 0.335431 -0.102383 -0.170988 0.039364 -0.080025 0.056696
-0.040573 -0.257041 0.134130 0.054862 0.207447 0.572728 0.007495 -0.220570 0.003950 -0.261522 -0.326374 -0.248172 -0.133419 0.036995 -0.237777 -0.112622 -0.104441 -0.234438 -0.094985 0.109939 0.563063 0.432944 0.299198 0.424780 0.613797 0.427203 1.000000 0.508105 -0.506211 -0.350043 0.175562 0.177420 -0.280585 -0.309056 0.103619 -0.054546 -0.275000 -0.241070 0.230636 0.574813 -0.172742 -0.015167 0.071115 0.255019 -0.086129 -0.187426 -0.161570 0.112963 -0.046430 -0.018074 0.119802 0.125142 -0.175709 -0.302208 -0.011702 -0.129597 -0.005804 0.145215 0.257923 0.150622 -0.067776 -0.177512 -0.406571 -0.498584 0.248357 0.228415 0.272870 0.310758 0.078912 0.171546 0.277158 -0.183066 -0.353559 -0.073347 -0.160892 -0.025766 -0.190351 -0.138944 -0.009258 -0.007954 -0.291498 -0.244275 -0.379820 -0.360117 0.038934 -0.004198 0.224650 0.079292 0.186096 0.364699 0.076363 -0.469956 0.160564 0.034524 0.130844 -0.228734 0.192780 -0.262046 -0.325465 -0.104900 -0.278904 -0.134160 -0.139354 -0.054099 -0.367202 -0.039301 0.064142 -0.368429 0.262996 -0.005558 0.191831 -0.029607 -0.040727 -0.142853 -0.123306 -0.013591
-0.022460 -0.130594 0.272342 0.397214 -0.160101 0.599308 0.039633 -0.354257 -0.371637 -0.516969 -0.248203 -0.358872 -0.280945 -0.258781 -0.607854 -0.579955 -0.140112 -0.445854 -0.192304 0.087518 0.332691 0.461468 0.699676 0.716333 0.495564 0.606409 0.508105 1.000000 -0.628685 -0.704764 0.157876 0.581479 -0.082583 -0.117164 0.625753 0.242704 -0.364432 -0.293190 0.269829 0.391119 -0.026311 -0.202820 0.069446 0.422751 -0.442672 -0.452876 0.032991 0.077239 -0.376191 -0.385129 -0.111720 0.037031 -0.315263 -0.257238 -0.182497 0.022008 -0.011065 0.075667 0.147116 -0.190340 0.113112 -0.209552 -0.560543 -0.672821 0.707480 0.466746 0.340625 0.553203 0.057910 0.309380 -0.137246 -0.320282 -0.450818 -0.291421 -0.259554 -0.092738 -0.153115 -0.011049 -0.094050 -0.026516 -0.563236 -0.443970 -0.420392 -0.554080 0.088009 -0.185973 0.041633 0.161198 0.411097 0.468731 -0.016064 -0.262679 0.285876 0.047744 0.118652 -0.137937 0.312035 -0.245934 -0.373154 -0.289725 -0.156483 -0.042972 -0.076596 0.109778 -0.242034 0.013515 -0.051348 -0.257024 0.191421 0.051147 0.398830 -0.208601 -0.062084 -0.109761 -0.181093 -0.080588
0.131053 0.224900 -0.426373 -0.507178 -0.056630 -0.508385 -0.061585 0.030702 0.033124 0.219666 0.060207 0.159842 0.092717 -0.043645 0.477017 0.428818 0.375404 0.532739 0.153026 -0.031574 -0.230105 -0.441353 -0.573618 -0.576060 -0.428580 -0.498643 -0.506211 -0.628685 1.000000 0.788782 0.137212 -0.220503 0.214304 0.215334 -0.527282 -0.183063 0.395001 0.433096 -0.247428 -0.305549 -0.012441 0.311364 0.002156 -0.354874 0.400750 0.374220 -0.005196 -0.091682 0.321211 0.395887 -0.014869 -0.117406 0.221618 0.179219 0.032301 0.011567 0.171629 0.000078 -0.185196 0.069203 -0.329880 0.028260 0.448572 0.642834 -0.636088 -0.558142 -0.353395 -0.515215 -0.081458 -0.311544 0.127092 0.378182 0.654311 0.427196 0.367414 0.131818 0.275918 0.021807 0.320516 0.228910 0.611369 0.535178 0.531092 0.624382 -0.134978 -0.056773 -0.102978 -0.321757 -0.583779 -0.609228 -0.063219 0.155868 -0.417314 -0.259135 -0.214282 0.020976 -0.269446 0.286887 0.394144 0.325708 0.107346 0.087108 0.040361 0.029494 0.186508 -0.147822 -0.063207 0.316945 -0.384998 0.117866 -0.335225 0.321040 0.284026 0.120177 0.060249 0.142143
0.193905 0.093800 -0.204419 -0.580523 0.041366 -0.557982 -0.024920 -0.022357 0.156606 0.199679 -0.008482 0.093307 0.098966 -0.073015 0.433576 0.333027 0.193832 0.357587 0.150891 -0.078362 -0.151736 -0.371921 -0.578870 -0.624028 -0.197887 -0.273142 -0.350043 -0.704764 0.788782 1.000000 0.248179 -0.161633 0.232465 0.290844 -0.508774 -0.200469 0.414898 0.401780 -0.346699 -0.314081 0.159580 0.460384 0.091217 -0.161588 0.483037 0.417332 0.056822 0.024987 0.392234 0.463758 0.197593 0.022391 0.268599 0.334077 0.051688 -0.014121 0.033190 -0.098645 -0.221103 -0.036206 -0.339221 -0.118468 0.399509 0.546958 -0.606222 -0.611161 -0.285430 -0.497513 -0.090851 -0.448228 0.290843 0.574194 0.628287 0.563367 0.409895 0.247106 0.298478 0.057137 0.277698 0.334078 0.530397 0.615569 0.338987 0.506411 -0.103131 -0.074595 -0.204069 -0.264456 -0.596969 -0.618595 -0.123671 0.175735 -0.436986 -0.305435 -0.073761 -0.009683 -0.159138 0.149148 0.374687 0.345408 0.193638 0.062575 0.101498 -0.099640 0.301471 -0.027787 0.061908 0.195498 -0.266675 -0.080635 -0.199176 0.239893 0.177943 0.127207 0.068131 0.117436
-0.115172 -0.539982 0.396741 -0.162361 0.248825 0.160227 0.237052 -0.039244 0.030395 -0.133854 -0.325250 -0.216603 -0.259083 -0.357080 -0.250710 -0.022481 0.082304 0.007358 -0.166228 0.255739 0.258613 0.194506 0.073791 0.024057 0.264152 0.387302 0.175562 0.157876 0.137212 0.248179 1.000000 0.699961 0.068084 0.331995 -0.129041 0.181286 -0.129506 0.092942 -0.192636 0.122067 -0.031957 0.174645 -0.067618 -0.094988 0.166428 0.180374 -0.146997 -0.208978 -0.032732 -0.099449 0.021383 -0.138089 -0.100469 -0.151074 -0.258549 -0.160990 -0.078228 -0.270917 -0.134310 -0.318120 -0.195208 -0.216214 0.068825 -0.011905 0.048217 -0.216388 0.349634 0.297895 -0.338178 0.063981 0.100376 0.361951 -0.016997 0.079072 -0.015988 -0.117724 -0.169611 -0.260721 0.026881 0.061813 0.030389 0.111304 0.172883 0.174917 0.095800 -0.033205 -0.278133 -0.098791 -0.236210 -0.333268 0.018272 -0.275226 0.008054 -0.347775 -0.011155 -0.069354 0.282480 -0.104943 0.030726 -0.239349 0.135777 -0.084055 0.088906 -0.064022 -0.036362 -0.100480 0.032603 -0.070245 -0.069193 -0.031258 0.125541 -0.013433 -0.186042 -0.131426 -0.347703 0.049713
-0.054507 -0.493220 0.484080 0.340209 0.043051 0.271260 0.106379 -0.118260 -0.171016 -0.241092 -0.228673 -0.296949 -0.365933 -0.438207 -0.374040 -0.298354 -0.032030 -0.392259 -0.063775 0.414642 0.266827 0.304847 0.519235 0.479937 0.418238 0.689605 0.177420 0.581479 -0.220503 -0.161633 0.699961 1.000000 -0.000081 0.263972 0.250386 0.177539 -0.330824 -0.114035 -0.031435 0.121510 0.100327 -0.073824 0.046517 0.181964 -0.216192 -0.210196 0.096990 -0.133656 -0.278048 -0.299427 -0.230420 -0.086129 -0.276211 -0.110702 -0.231527 -0.076781 -0.255799 -0.252585 -0.214094 -0.480143 -0.049836 -0.221234 -0.281835 -0.362631 0.491275 0.113700 0.311642 0.440503 -0.192233 0.187065 -0.102399 0.171089 -0.284088 -0.153922 -0.115283 -0.079326 -0.114804 -0.047652 -0.013864 -0.054282 -0.353532 -0.235093 0.009019 -0.048770 0.136093 -0.157681 -0.257116 0.000832 0.057549 0.003040 0.119710 -0.130026 0.251655 -0.201362 0.041494 -0.112799 0.290766 -0.198852 -0.221395 -0.306156 0.160865 -0.118376 0.102820 0.093891 -0.008368 0.111525 -0.016300 -0.163211 0.088288 -0.084366 0.241605 -0.199269 -0.221125 -0.056812 -0.325949 0.012780
0.216737 0.308405 -0.018003 -0.159884 -0.298931 -0.241752 -0.234559 -0.335519 -0.154073 -0.128836 -0.034231 -0.087152 -0.012132 -0.208491 0.057742 -0.106158 -0.030461 0.042048 0.214137 -0.292696 -0.290271 0.047759 -0.096352 -0.242951 -0.094787 0.035127 -0.280585 -0.082583 0.214304 0.232465 0.068084 -0.000081 1.000000 0.393175 0.049700 -0.038628 0.305483 0.200029 0.022633 -0.072036 0.294133 0.168230 0.102225 0.050561 0.029202 -0.025766 0.096315 0.119418 -0.105825 0.077102 0.048476 0.064920 0.010057 0.293273 0.202581 0.241613 0.160058 0.097443 -0.169186 -0.149474 -0.121163 -0.176806 0.176970 0.204075 -0.153462 -0.234505 -0.179017 -0.297783 0.196911 -0.231113 -0.289648 0.108386 0.380218 0.138203 0.054657 0.062854 0.241182 0.048795 0.029330 0.315281 0.158984 0.248074 -0.081966 0.059762 0.172208 -0.157044 -0.170860 -0.281588 -0.110402 -0.204124 -0.276329 0.157207 -0.387235 -0.100350 -0.267231 0.318513 0.008823 0.255234 0.286039 0.213441 0.176923 -0.004696 0.129827 -0.136461 0.248575 -0.052338 -0.028436 0.188269 -0.003782 0.136762 0.018411 0.137689 0.145413 0.178230 0.074318 0.018242
-0.053457 0.003926 0.142650 -0.038236 -0.220074 -0.230522 -0.088697 -0.045189 -0.074101 0.057732 -0.018729 0.014882 -0.170281 -0.215304 -0.025573 -0.081051 0.122939 0.001046 -0.116912 -0.163155 -0.136099 -0.054767 -0.123288 -0.272660 0.090200 0.242804 -0.309056 -0.117164 0.215334 0.290844 0.331995 0.263972 0.393175 1.000000 0.127464 0.188697 0.192208 0.212554 0.004996 -0.048284 0.314122 0.092186 -0.046199 -0.052415 -0.186770 0.033162 0.027046 -0.063299 -0.340782 -0.223598 -0.206173 -0.134563 -0.181599 0.036408 0.099588 0.205203 -0.058849 -0.148797 -0.284769 -0.180333 0.059758 0.105805 0.239916 0.326803 0.017280 -0.032928 -0.027989 -0.067133 -0.127969 -0.250358 -0.124578 0.267576 0.166203 0.059744 0.106061 0.048166 0.131328 0.109664 0.089552 0.191681 0.149823 0.201117 0.204810 0.135601 0.000393 0.124844 -0.112205 -0.259519 -0.044766 -0.089827 -0.440506 -0.046375 -0.338990 -0.223933 0.113597 0.252461 0.245692 0.061629 0.033949 -0.044191 0.205780 -0.016235 0.344641 -0.106189 0.411156 -0.065624 0.119453 -0.046328 0.083050 -0.140772 0.026454 -0.009248 -0.012757 0.175397 -0.071961 0.065374
-0.101962 0.125502 0.207036 0.459582 -0.183392 0.234211 0.035837 -0.177165 -0.231111 -0.240060 -0.116099 -0.151722 -0.124298 -0.114707 -0.491703 -0.636954 -0.165439 -0.278116 -0.235907 -0.311608 -0.042540 0.301166 0.509358 0.404667 0.273861 0.370783 0.103619 0.625753 -0.527282 -0.508774 -0.129041 0.250386 0.049700 0.127464 1.000000 0.449510 -0.187539 -0.190673 0.136250 0.076900 0.091264 -0.297359 -0.169525 0.194014 -0.439820 -0.245915 -0.039455 -0.131339 -0.496287 -0.464742 -0.242484 -0.153896 -0.330594 -0.205244 -0.056851 0.121929 -0.065124 0.050324 0.038956 -0.330537 0.337701 0.088732 -0.396971 -0.403294 0.726066 0.614524 0.119824 0.354282 0.154050 0.102560 -0.164553 -0.228751 -0.331463 -0.253266 -0.193062 -0.073498 -0.065328 0.100917 -0.155154 0.097082 -0.437718 -0.278262 -0.304079 -0.568378 0.083992 -0.019663 -0.020974 0.141946 0.590609 0.473948 -0.356228 -0.214217 0.127047 0.155453 0.137165 0.193956 0.188919 -0.173260 -0.277436 -0.283219 -0.130213 0.021843 0.086258 -0.117043 -0.030441 0.168377 -0.092788 -0.122966 0.245380 -0.113709 0.255695 -0.444589 -0.081088 0.076629 0.077597 -0.192088
-0.402736 -0.304190 0.192114 0.214205 0.249575 0.232863 0.331737 0.346369 -0.039073 0.080666 -0.068207 0.179235 0.049667 0.206624 -0.481683 -0.214103 -0.207807 -0.246073 -0.459989 -0.205988 -0.188413 0.126034 0.133191 0.181346 -0.003526 0.093232 -0.054546 0.242704 -0.183063 -0.200469 0.181286 0.177539 -0.038628 0.188697 0.449510 1.000000 -0.337656 -0.331768 -0.197069 -0.190124 -0.150738 -0.197669 -0.287415 -0.195612 0.120108 0.475810 -0.406304 -0.248644 -0.192212 -0.281153 -0.266046 -0.398973 -0.166899 -0.086897 -0.161171 -0.069134 -0.292612 -0.342269 -0.168506 -0.327847 0.398680 0.343798 -0.155644 -0.028381 0.313387 0.536697 0.101624 0.407991 -0.296550 0.117360 0.041690 -0.025010 -0.267753 -0.316537 -0.176412 -0.140585 -0.249075 0.111388 -0.283149 -0.134030 -0.425737 -0.352729 -0.065335 -0.156918 -0.114201 0.083056 -0.201817 -0.060826 0.374489 0.213902 -0.132145 -0.077938 0.265126 0.069531 0.133919 0.080614 0.021447 -0.269263 -0.196887 -0.364108 0.019379 -0.063265 0.017604 0.139574 -0.087153 0.128154 -0.124784 0.025990 0.000596 -0.144452 0.138534 -0.351054 -0.263245 -0.108367 0.146107 -0.166608
