1.000000 0.377620 -0.475736 -0.293516 -0.355620 0.050919 -0.254003 -0.372223 -0.210949 -0.169286 -0.052034 -0.126180 -0.230331 -0.243382 -0.024901 -0.154148 0.110898 0.047249 0.187132 0.204516 -0.285981 -0.088784 0.097630 0.261018 -0.002276 0.177312 0.296367 0.252866 0.128286 -0.348132 0.028309 0.144294 -0.009601 -0.082163 -0.148168 0.016400 0.039203 -0.039402 -0.042522 -0.200590 0.331301 -0.195864 0.406586 0.407853 -0.001387 -0.050228 0.141700 0.234383 0.077796 0.106889 -0.118113 0.006894 0.173456 0.301754 0.231590 0.157653 0.590084 0.347325 0.121509 -0.217599 -0.224327 -0.310550 0.023990 -0.119216 -0.212281 -0.275871 -0.328983 -0.337012 0.327762 0.060394 -0.129601 -0.101212 -0.193059 -0.148127 -0.049234 -0.230263 -0.098272 -0.176906 0.053363 0.113276 0.126310 -0.024881 0.115880 -0.163478 0.167684 0.028018 0.148912 0.019890 -0.042692 0.078121 0.027117 -0.097333 0.171805 -0.077204 0.062331 -0.103699 -0.042106 -0.206539 0.264355 0.298771 0.235064 0.056168 -0.028466 -0.214916 -0.129932 -0.276131 -0.105567 -0.300121 -0.257905 -0.005189 -0.058762 0.255196 0.186280 -0.022355 -0.120579 -0.141328
0.377620 1.000000 -0.175585 0.069919 -0.072287 0.032038 -0.297808 -0.122283 -0.168883 -0.109921 -0.065356 0.107118 0.003873 -0.029779 -0.021138 -0.046637 -0.049813 -0.089897 0.292688 0.472527 -0.277764 0.023863 -0.177423 -0.052269 -0.005903 -0.013761 0.131726 0.040094 -0.046985 -0.218239 -0.061679 -0.046175 0.351022 0.310128 -0.303179 -0.130398 -0.068132 -0.042285 -0.302416 -0.196371 -0.022807 -0.248790 0.199786 0.193678 0.038247 -0.014612 0.222139 -0.013832 0.167467 0.176529 0.069528 0.209939 -0.155970 0.028118 -0.257916 0.082952 0.573557 0.677753 0.053779 0.182650 -0.138475 -0.081031 -0.129336 0.051767 -0.257258 -0.149941 -0.026471 -0.123874 0.568017 0.427541 0.002086 -0.007439 -0.176086 -0.042151 -0.082294 -0.155052 -0.138565 -0.286596 -0.007508 -0.139535 -0.141113 -0.027365 -0.127314 0.032070 -0.193988 -0.013049 -0.346547 -0.043854 -0.147854 -0.164760 -0.106378 -0.342611 -0.003807 -0.154101 0.011048 -0.275929 -0.063994 -0.241344 0.015721 -0.095951 -0.278272 0.006189 -0.310184 0.020157 -0.011865 -0.093913 -0.020480 -0.027238 0.039592 -0.264233 -0.075614 -0.020084 -0.149307 -0.061299 -0.281941 -0.109569
-0.475736 -0.175585 1.000000 0.292085 0.477743 0.029250 0.564793 0.650854 0.443745 0.468343 0.113955 0.333258 0.118483 0.234515 -0.153388 0.028326 0.113806 0.087840 0.021721 0.059167 0.386704 0.154124 -0.333853 -0.404464 -0.195296 -0.283523 -0.079335 -0.458411 0.128800 0.447004 -0.087150 -0.245230 0.235982 0.367938 0.018646 -0.046018 -0.087091 -0.131452 -0.116149 0.024301 -0.269894 0.171888 -0.246643 -0.386005 -0.065831 -0.080306 -0.146949 -0.177087 -0.000509 0.094890 -0.063476 0.109701 -0.026313 -0.313350 -0.254473 -0.108475 -0.217660 -0.114883 -0.002507 0.295791 0.276907 0.389000 0.213469 0.458224 -0.037742 -0.064180 0.343395 0.076858 -0.178066 -0.036901 0.133804 -0.059280 0.377894 0.141459 0.019621 0.057115 0.129764 0.056790 0.072213 -0.099006 0.090239 -0.016439 0.089466 0.410214 -0.345779 -0.263919 -0.117584 -0.144276 -0.149262 -0.185132 -0.191662 -0.070186 -0.093318 0.020493 -0.121252 -0.235672 -0.154248 -0.020523 -0.234328 -0.203591 -0.049505 0.000536 0.122363 -0.022320 0.055540 0.002310 -0.154105 -0.027097 0.073447 -0.115846 -0.195646 -0.272086 -0.119278 -0.139287 -0.110419 0.062029
-0.293516 0.069919 0.292085 1.000000 0.316774 0.284570 0.401719 0.556213 0.197284 0.404714 -0.076977 0.181100 0.093688 0.194921 0.207110 0.122588 -0.016390 -0.088159 0.087879 0.030579 0.097343 -0.090524 0.153079 0.109449 -0.204384 -0.228088 0.012125 -0.193319 -0.090288 0.117425 0.043287 0.051859 0.099007 0.113396 0.010701 -0.069150 -0.045577 -0.307554 -0.277642 -0.223787 -0.263232 -0.200860 -0.394346 -0.337854 -0.009615 -0.041536 -0.214292 -0.368981 -0.025748 -0.012766 0.042183 -0.056696 -0.138876 -0.417401 -0.337799 -0.159614 -0.241468 -0.011551 -0.175666 0.039645 0.184291 0.283255 -0.020299 0.164527 0.342794 0.179704 -0.033263 0.090913 -0.210930 0.084709 0.174816 -0.266900 0.062498 0.037044 -0.083609 -0.030960 -0.025724 -0.007801 -0.016270 -0.196068 -0.083364 0.000616 0.186455 0.152340 0.036097 0.117239 0.106475 0.075682 0.116137 0.112953 -0.176149 -0.045892 0.191846 0.207500 -0.143141 0.034387 -0.184592 -0.107179 -0.319805 -0.274516 -0.214455 -0.008837 -0.091825 -0.024669 -0.073270 0.085417 -0.074557 0.129214 0.117473 -0.099742 -0.163834 -0.396273 -0.030878 -0.116789 -0.127685 0.020548
-0.355620 -0.072287 0.477743 0.316774 1.000000 0.253236 0.400025 0.499086 0.507684 0.418403 0.037039 0.190142 0.286309 0.147171 0.026886 0.176891 0.097616 0.106447 -0.273815 -0.040023 0.523084 -0.047292 -0.105636 -0.213534 0.044845 -0.129794 0.100455 -0.096950 0.023494 0.346748 0.000213 -0.112065 0.195682 0.269589 -0.020722 -0.073782 -0.134986 -0.255845 -0.161100 -0.171963 -0.077071 0.008289 -0.103848 -0.165633 0.035440 0.135334 -0.083853 -0.114793 0.058679 0.061333 0.007605 -0.028855 -0.083694 -0.274708 -0.119529 -0.153734 -0.019531 0.044429 0.131394 0.199688 0.252414 0.411868 0.168747 0.296538 0.004608 0.123455 0.114908 0.054758 -0.227387 -0.098286 0.272351 0.055134 0.145727 0.030939 -0.125400 0.048290 0.088377 -0.035774 -0.074436 -0.152742 -0.040001 -0.122171 0.107356 0.359810 -0.271979 -0.088866 0.013412 -0.001760 -0.045753 -0.166518 -0.195945 -0.363770 -0.256465 -0.265222 -0.305473 -0.230884 -0.274733 -0.200199 -0.314371 -0.284794 -0.175393 -0.069040 0.065981 -0.307535 -0.208881 -0.077919 -0.121690 -0.041159 -0.061193 -0.163971 -0.355187 -0.383864 -0.338236 -0.099832 -0.192278 0.181651
0.050919 0.032038 0.029250 0.284570 0.253236 1.000000 0.082629 0.310255 0.169852 0.270526 -0.183586 0.105163 -0.061991 0.159203 0.013946 0.024214 0.045795 -0.035413 -0.023665 0.090338 0.118744 0.038227 0.351332 0.422694 0.190412 0.308950 0.493472 0.406612 -0.214898 -0.121304 0.140772 0.209147 -0.062532 -0.005191 -0.241270 0.093523 -0.181396 -0.040039 -0.030857 0.067072 -0.121951 0.006537 -0.117088 -0.107857 0.002228 0.053370 -0.141620 -0.283361 0.055754 0.058608 0.022178 -0.004932 -0.083259 -0.194135 -0.155067 0.110638 0.104913 0.130779 -0.155903 -0.118408 -0.235192 0.087404 -0.234354 -0.088718 0.154068 0.233480 -0.199034 0.056045 0.047827 0.064548 0.075353 -0.282106 -0.241204 -0.156525 -0.264142 -0.160456 -0.188269 -0.135388 -0.047784 -0.042043 -0.085398 -0.052438 0.172002 0.214483 0.091694 0.163812 0.036282 0.389759 0.239378 0.128620 -0.119540 -0.137512 0.110397 -0.121456 -0.048766 0.045682 -0.256306 -0.140108 -0.153634 -0.258632 -0.011144 -0.164188 0.056064 -0.168737 -0.096863 -0.031245 0.010302 -0.058681 0.192613 -0.295367 -0.301029 -0.245242 -0.162453 -0.080614 -0.231037 -0.108555
-0.254003 -0.297808 0.564793 0.401719 0.400025 0.082629 1.000000 0.590502 0.341570 0.401904 0.211481 0.372479 0.310888 0.285096 0.250516 0.246921 0.060685 0.192669 -0.053580 -0.153405 0.105325 -0.058634 0.054894 -0.100431 -0.148012 -0.166160 -0.104809 -0.280574 0.160047 0.271035 -0.038181 -0.131068 0.110600 0.190774 0.177032 0.056848 0.031481 -0.141812 -0.077573 -0.067748 -0.092914 0.117608 -0.302481 -0.408976 -0.115904 -0.032637 -0.249366 -0.283469 -0.122605 -0.109806 -0.057010 -0.263519 -0.157678 -0.261690 -0.160443 -0.254339 -0.279967 -0.228634 0.112104 -0.073294 0.348945 0.440541 0.229625 0.300647 0.393215 0.200751 -0.005826 0.013528 -0.503566 -0.235874 -0.064602 -0.124529 0.289201 0.024030 -0.044537 0.045856 0.110645 0.008295 0.178168 0.032770 0.148655 -0.007170 0.388031 0.318750 -0.084704 -0.100134 0.083410 -0.215634 0.220215 -0.151964 -0.153511 0.037692 0.056074 0.166248 -0.076133 -0.033346 -0.412528 -0.150594 -0.307016 -0.209050 -0.212736 -0.180851 -0.087654 -0.074939 -0.000930 -0.040031 -0.111417 -0.170710 -0.057522 -0.140803 -0.210375 -0.263332 -0.072031 -0.186977 0.071190 0.076253
-0.372223 -0.122283 0.650854 0.556213 0.499086 0.310255 0.590502 1.000000 0.413586 0.645359 0.110971 0.496225 0.211668 0.549030 0.016781 0.211669 0.151825 0.119721 -0.085939 -0.052261 0.433611 0.129551 -0.162044 -0.197199 -0.079910 -0.061919 -0.001938 -0.340869 0.209800 0.461692 0.142742 -0.041260 0.211171 0.353066 0.033015 0.067839 0.032653 -0.156912 -0.132629 -0.041418 -0.155140 0.122389 -0.417872 -0.452935 -0.178265 0.000945 -0.284906 -0.423867 -0.166780 -0.148617 -0.111638 -0.214487 -0.249353 -0.520439 -0.314543 -0.317927 -0.251044 -0.093741 -0.117198 0.118878 0.218643 0.613168 0.160169 0.361936 0.226730 0.381945 0.047021 0.233516 -0.373752 -0.108496 0.191208 -0.150459 0.370809 0.144129 0.035993 0.104000 0.094150 0.052564 0.088628 0.039914 0.199796 0.135170 0.249642 0.470898 -0.049401 -0.024422 -0.121077 0.059173 0.042067 -0.174224 -0.506228 -0.318726 0.084650 0.005776 -0.171983 -0.020756 -0.294316 -0.125868 -0.544840 -0.296400 -0.145465 0.006509 0.158405 -0.136099 0.014620 0.013929 -0.240052 -0.201397 0.186623 -0.267932 -0.289821 -0.538325 -0.124173 -0.170137 -0.101202 0.122009
-0.210949 -0.168883 0.443745 0.197284 0.507684 0.169852 0.341570 0.413586 1.000000 0.435885 -0.069829 0.049845 0.124331 0.087623 -0.147193 0.118062 0.258305 0.216235 -0.089838 -0.087084 0.269305 0.146874 -0.061403 -0.147616 0.076556 -0.027324 -0.031014 -0.124724 0.018413 0.367136 0.004929 -0.045378 0.173928 0.161273 0.090640 0.019109 0.086697 0.009059 0.045744 -0.101719 -0.015418 0.135462 -0.125837 -0.181103 -0.158729 -0.077409 -0.171813 -0.038825 -0.248241 -0.157486 -0.269822 -0.243829 0.046881 -0.242119 0.086603 -0.276611 -0.001276 0.015020 -0.061681 -0.006645 0.137779 0.208696 0.166409 0.214607 -0.110025 -0.034762 -0.001437 0.070694 -0.189547 -0.071966 0.243486 0.092398 0.296088 0.073320 0.022691 0.038100 0.107895 0.095589 -0.022023 0.041668 0.067139 0.045007 -0.038983 0.064153 -0.216559 -0.248732 -0.050019 -0.150561 -0.029730 -0.052603 -0.068811 -0.056541 0.024312 0.007133 -0.192350 -0.110316 -0.175487 0.037611 -0.259836 -0.117448 -0.005989 0.035239 -0.047587 -0.083945 0.026490 0.022015 -0.187352 0.004687 0.076401 -0.076036 -0.159672 -0.082346 -0.088779 0.044838 -0.004988 0.148236
-0.169286 -0.109921 0.468343 0.404714 0.418403 0.270526 0.401904 0.645359 0.435885 1.000000 0.158256 0.423349 0.075822 0.250619 0.133420 0.306490 0.232557 0.021987 0.157289 0.178257 0.290976 0.088800 -0.144408 -0.219443 -0.245129 -0.173656 -0.112004 -0.313141 0.135194 0.370882 -0.186135 -0.276408 -0.056227 0.109580 -0.045593 -0.255596 0.012562 -0.205629 -0.281579 -0.257956 -0.047020 0.004661 -0.113207 -0.220954 -0.011315 -0.105171 -0.230109 -0.187949 0.018116 -0.021165 -0.126681 -0.052281 0.131059 -0.272195 -0.058994 -0.301544 -0.199549 -0.045048 -0.078197 -0.032255 0.203876 0.376966 0.168690 0.186643 0.183309 0.135212 -0.091913 -0.140378 -0.182729 -0.009110 0.281216 -0.090595 0.232895 0.224098 0.014330 0.158696 0.228261 0.127748 0.050414 -0.043267 0.170492 0.058759 0.224125 0.283840 -0.081995 -0.074025 0.043429 -0.216208 -0.027326 -0.031715 -0.193737 -0.171016 0.207172 0.016320 -0.373654 -0.216856 -0.360472 -0.225036 -0.449563 -0.275310 0.122809 0.203053 0.282072 -0.155778 -0.017162 -0.099127 -0.286922 -0.121423 0.081088 -0.228866 -0.361616 -0.258379 0.056773 0.061530 -0.073182 0.125114
-0.052034 -0.065356 0.113955 -0.076977 0.037039 -0.183586 0.211481 0.110971 -0.069829 0.158256 1.000000 0.602163 0.518254 0.391046 0.314410 0.255038 -0.018205 -0.036472 -0.108924 -0.025330 0.067358 0.002362 -0.258520 -0.343646 -0.324245 -0.256990 0.029432 -0.197768 0.303553 0.162203 -0.381793 -0.390626 0.167174 0.058085 -0.063693 -0.158128 0.115418 -0.011026 0.075343 0.050439 0.133885 0.214086 -0.139123 -0.282284 -0.184485 -0.222352 -0.221166 -0.250639 -0.072166 -0.211551 0.079284 -0.041815 -0.061862 -0.019113 0.073600 -0.300482 -0.241270 -0.282175 0.332694 0.060857 0.378303 0.398069 0.211846 0.182020 0.083759 0.095667 -0.041634 -0.128612 -0.259118 -0.021157 -0.216954 -0.193164 0.217940 0.039257 -0.028825 0.141241 -0.034360 -0.004955 0.031838 0.082733 0.133329 0.079312 0.266472 0.176593 0.070299 -0.028192 0.128026 -0.083101 -0.134274 -0.107386 -0.038531 0.056794 0.162570 0.230301 0.100060 -0.044296 -0.176730 -0.120619 -0.228001 -0.078634 0.011513 0.043262 0.048820 0.253370 0.182172 0.264340 0.133230 0.010602 -0.033046 -0.146441 -0.144715 -0.084710 0.216075 -0.043996 0.198475 0.123799
-0.126180 0.107118 0.333258 0.181100 0.190142 0.105163 0.372479 0.496225 0.049845 0.423349 0.602163 1.000000 0.565328 0.745171 0.190059 0.446177 0.187066 0.158928 -0.153032 -0.024142 0.141074 -0.049431 -0.446860 -0.365524 -0.391600 -0.340923 -0.088472 -0.318494 0.331008 0.270959 -0.220639 -0.404144 0.288931 0.275199 -0.144659 -0.203050 0.035439 -0.043781 -0.159105 -0.033932 -0.006783 0.213432 -0.203790 -0.335067 -0.161823 -0.119682 -0.068877 -0.416390 -0.080769 -0.143341 0.150977 -0.037582 -0.067939 -0.066187 -0.160004 -0.285236 -0.194714 -0.150994 0.263982 0.093899 0.424409 0.631171 0.303000 0.460394 0.110802 0.221274 -0.048627 -0.042840 -0.272133 -0.066384 -0.159158 -0.366860 0.261292 -0.060208 -0.118568 0.076218 -0.159457 -0.225784 0.124421 0.119976 0.221794 0.287920 0.223139 0.448893 -0.070704 0.111887 -0.219488 -0.184334 -0.220641 -0.114608 -0.067289 -0.136296 0.104377 -0.111996 -0.060092 -0.255694 -0.453157 -0.376010 -0.220038 -0.233108 -0.230252 -0.031492 -0.090310 0.109409 0.057334 0.072506 0.008260 -0.141747 0.080724 -0.490081 -0.416335 -0.281149 -0.113390 -0.296416 0.127454 -0.016427
-0.230331 0.003873 0.118483 0.093688 0.286309 -0.061991 0.310888 0.211668 0.124331 0.075822 0.518254 0.565328 1.000000 0.656310 0.459977 0.516260 -0.086956 -0.053138 -0.356353 -0.196551 -0.021954 -0.104981 -0.188151 -0.197447 -0.059338 -0.164733 -0.061214 0.015014 0.205070 0.018890 -0.172299 -0.304815 0.135108 0.036469 -0.177855 -0.176252 -0.043428 -0.067773 -0.007975 0.132147 0.098301 -0.046711 -0.215894 -0.251984 -0.147434 -0.104227 -0.098389 -0.314965 -0.119304 -0.170271 0.202996 -0.164350 -0.117251 -0.108759 -0.062826 -0.252459 -0.299547 -0.258156 0.362656 0.097755 0.512513 0.581476 0.180551 0.280415 0.086724 0.275207 -0.113867 0.057791 -0.333714 -0.143540 -0.140216 -0.049148 0.063588 -0.240998 -0.201044 0.011159 -0.114055 -0.229877 -0.058438 -0.016359 -0.009144 0.063532 0.154063 0.075716 0.078026 0.221785 0.075801 -0.006828 -0.007468 0.032566 -0.013741 -0.064058 -0.122215 -0.071842 -0.225231 -0.253008 -0.290866 -0.267481 -0.157563 -0.208249 -0.314836 -0.178891 -0.237019 0.081872 -0.045888 0.056621 -0.027209 0.045387 -0.004966 -0.259855 -0.202159 -0.296401 -0.139419 -0.213004 0.142777 0.004734
-0.243382 -0.029779 0.234515 0.194921 0.147171 0.159203 0.285096 0.549030 0.087623 0.250619 0.391046 0.745171 0.656310 1.000000 0.194853 0.534525 -0.006454 -0.073463 -0.322361 -0.176222 0.114296 0.016864 -0.229509 -0.106546 -0.061087 -0.055470 -0.006721 -0.039522 0.255611 0.128175 -0.027296 -0.257613 0.072028 0.015214 -0.154915 -0.105648 -0.144319 -0.003238 0.078893 0.264568 -0.023293 0.195880 -0.262265 -0.257749 -0.161540 -0.011692 -0.129430 -0.399942 -0.165741 -0.153063 0.031331 -0.216270 -0.254221 -0.231671 -0.207586 -0.286642 -0.352929 -0.281964 -0.002401 -0.027726 0.229345 0.621992 0.033285 0.204400 0.138932 0.509124 -0.110597 0.241162 -0.317340 -0.132077 -0.161605 -0.161682 0.083262 -0.176965 -0.134557 -0.003082 -0.262501 -0.229589 0.071922 0.170945 0.146921 0.229002 0.109303 0.230946 0.198461 0.387708 -0.136613 0.212367 -0.076530 0.067545 -0.289366 -0.162961 0.050205 -0.154421 -0.164886 -0.139134 -0.269882 -0.225175 -0.289358 -0.307661 -0.245421 -0.244724 -0.056169 0.075650 0.061882 0.031154 -0.018114 -0.104181 0.140987 -0.388881 -0.241928 -0.372755 -0.158550 -0.265764 0.152097 0.045978
-0.024901 -0.021138 -0.153388 0.207110 0.026886 0.013946 0.250516 0.016781 -0.147193 0.133420 0.314410 0.190059 0.459977 0.194853 1.000000 0.520169 -0.250293 -0.134898 0.029322 -0.080920 -0.246817 -0.218352 0.352909 0.192822 0.001233 -0.146843 -0.017937 0.149755 0.333184 -0.066736 -0.086922 -0.137847 -0.133325 -0.334226 -0.203728 -0.262298 -0.017888 -0.029547 0.086095 0.192397 0.030699 -0.136797 -0.186312 -0.194223 -0.036049 -0.235484 -0.219789 -0.300896 0.059606 -0.133097 0.038762 -0.067452 -0.212001 -0.064014 -0.077692 0.051324 -0.251966 -0.174432 0.002037 -0.207335 0.225579 0.196051 -0.044265 -0.040706 0.588418 0.084075 -0.299713 -0.392319 -0.136296 -0.091018 -0.106993 -0.106570 -0.057598 0.029338 -0.001942 0.204816 0.010728 -0.055261 0.005370 -0.063588 -0.125481 0.026461 0.401136 0.103329 0.334079 0.183761 0.218844 0.039207 0.421950 0.261190 0.010568 0.080471 -0.017290 0.112729 -0.078261 0.102158 -0.108811 0.001426 -0.097198 -0.081832 -0.151464 -0.196264 -0.060124 0.082678 0.026055 0.006276 -0.020901 0.062015 0.108044 -0.037300 -0.194219 -0.152626 0.047560 0.028101 0.094813 0.100580
-0.154148 -0.046637 0.028326 0.122588 0.176891 0.024214 0.246921 0.211669 0.118062 0.306490 0.255038 0.446177 0.516260 0.534525 0.520169 1.000000 -0.035883 -0.041732 -0.105505 -0.101186 -0.158997 -0.011048 0.110651 0.079204 0.134088 -0.048989 -0.088296 0.135668 0.207404 0.147290 -0.096948 -0.182716 -0.194298 -0.292401 -0.184826 -0.215587 -0.037113 0.017614 0.044197 0.277967 0.023432 0.163685 -0.123812 -0.147944 -0.103358 -0.151244 -0.108383 -0.288714 -0.013050 -0.108008 0.075086 -0.110969 -0.026333 0.062447 -0.006944 -0.149104 -0.286015 -0.234599 -0.089194 -0.246318 0.088625 0.212994 -0.018858 -0.041678 0.238448 0.182507 -0.339153 -0.344795 -0.160832 -0.013087 0.003946 -0.021480 0.062332 0.016484 0.015064 0.159635 -0.032219 -0.038339 0.132877 0.012806 -0.006153 0.088208 0.222582 0.165994 0.170443 0.252749 0.002709 -0.007054 0.141706 0.186108 0.035567 0.059193 -0.098466 -0.141740 -0.145686 -0.170242 -0.348268 -0.202372 -0.155851 -0.112387 -0.066299 -0.192783 -0.070343 0.098959 0.042663 0.018598 -0.010736 -0.103322 0.028646 -0.285957 -0.284859 -0.176815 -0.133774 -0.012797 0.192826 0.168224
0.110898 -0.049813 0.113806 -0.016390 0.097616 0.045795 0.060685 0.151825 0.258305 0.232557 -0.018205 0.187066 -0.086956 -0.006454 -0.250293 -0.035883 1.000000 0.689765 -0.007358 -0.130791 0.159361 0.267481 -0.354589 -0.452010 -0.319210 -0.227051 -0.099634 -0.219361 0.297010 0.467513 0.035119 -0.074517 0.402087 0.411920 -0.224811 -0.307042 0.392953 0.218716 0.024786 -0.049759 0.053955 0.399847 -0.240837 -0.179223 -0.356723 -0.226744 -0.190592 -0.281997 -0.152971 -0.192295 0.054037 -0.067719 0.162439 -0.054690 0.230937 -0.014014 0.307092 0.275714 0.178886 0.223028 0.208113 0.036282 0.496136 0.436608 -0.240208 0.017045 0.042791 -0.063810 -0.098986 -0.156954 -0.157895 -0.238921 0.486935 0.071398 0.156121 0.139420 -0.040591 -0.073969 0.465201 0.298388 0.636428 0.515168 -0.017556 0.259904 -0.165192 -0.152133 0.102973 -0.090114 -0.223417 -0.017497 -0.169360 -0.359246 -0.015474 -0.405531 0.175878 0.010228 -0.162552 -0.050172 -0.012516 0.079761 -0.000785 0.092731 0.140943 -0.192336 0.170738 0.290082 -0.021480 -0.098362 0.250388 -0.265560 -0.425517 -0.152919 -0.112251 -0.146523 -0.113987 -0.036248
0.047249 -0.089897 0.087840 -0.088159 0.106447 -0.035413 0.192669 0.119721 0.216235 0.021987 -0.036472 0.158928 -0.053138 -0.073463 -0.134898 -0.041732 0.689765 1.000000 0.001535 -0.107845 0.154770 0.193047 -0.252312 -0.351383 -0.061086 -0.233329 -0.112371 -0.190624 0.382192 0.496986 0.136396 0.022692 0.402627 0.466923 -0.095790 -0.160498 0.342097 0.225039 0.068302 0.087969 0.156104 0.419790 -0.307455 -0.284730 -0.488708 -0.332244 -0.220617 -0.278972 -0.340134 -0.387074 -0.010186 -0.206854 0.026816 0.027400 0.046913 -0.092710 0.274157 0.170890 0.178363 0.166515 0.291082 0.126397 0.565409 0.583847 -0.146830 -0.094780 0.043060 -0.082642 -0.094416 -0.051635 -0.270413 -0.171150 0.520162 0.032591 0.084764 0.052930 0.002609 -0.032269 0.539535 0.491201 0.482459 0.501429 0.150632 0.417010 -0.346136 -0.372792 -0.090847 -0.247962 -0.150314 -0.266838 -0.020524 -0.100762 -0.060269 -0.318025 0.386422 0.219228 -0.207502 0.149777 -0.054703 0.062978 -0.274815 0.058938 -0.037147 0.016441 0.272639 0.309883 0.054624 -0.075741 0.245198 -0.204128 -0.403943 -0.097684 -0.239417 -0.255203 0.136672 0.172550
0.187132 0.292688 0.021721 0.087879 -0.273815 -0.023665 -0.053580 -0.085939 -0.089838 0.157289 -0.108924 -0.153032 -0.356353 -0.322361 0.029322 -0.105505 -0.007358 0.001535 1.000000 0.548120 -0.252008 0.196073 0.042476 -0.043993 -0.082595 -0.103027 -0.085626 -0.222572 0.022299 -0.017560 -0.107855 -0.110622 0.024950 0.103360 -0.132118 -0.170997 0.148898 0.053857 -0.170883 -0.102143 -0.118211 -0.028480 0.086506 -0.032466 -0.143363 -0.282674 -0.132466 -0.044856 0.007637 -0.048155 -0.205447 0.055606 -0.019795 -0.065670 -0.153843 0.083225 0.144859 0.308361 -0.142824 -0.028038 -0.113580 -0.256507 0.063470 -0.005527 0.047591 -0.226059 0.079913 -0.270321 0.421974 0.323875 0.102180 0.016790 0.080741 0.239509 0.162936 -0.012462 0.148280 -0.001446 0.244524 -0.290889 0.028200 -0.066620 -0.017988 0.042946 -0.121629 -0.317211 -0.119379 -0.076102 0.054850 -0.100453 0.051604 0.136166 0.026826 0.175147 0.215314 0.007873 -0.030357 0.154484 -0.052157 -0.022941 0.036854 0.173260 -0.085057 0.298195 0.242366 0.216512 -0.044444 0.129135 0.246826 -0.144421 -0.027615 0.057113 0.181721 0.171284 -0.045864 -0.080704
0.204516 0.472527 0.059167 0.030579 -0.040023 0.090338 -0.153405 -0.052261 -0.087084 0.178257 -0.025330 -0.024142 -0.196551 -0.176222 -0.080920 -0.101186 -0.130791 -0.107845 0.548120 1.000000 -0.042024 0.134314 -0.001949 0.070417 0.034730 -0.028614 0.055828 -0.097520 -0.125884 -0.032138 -0.228939 -0.115974 0.012295 0.233407 -0.117590 -0.186964 -0.140823 -0.174666 -0.461449 -0.149347 -0.115256 -0.205889 0.056055 -0.014182 -0.062560 -0.126279 -0.019424 0.174364 0.049972 0.049059 -0.495128 0.084875 -0.102806 -0.104324 -0.372564 -0.014525 0.234545 0.396561 -0.134958 0.210610 -0.208456 -0.258666 -0.167062 -0.022402 -0.209887 -0.379441 0.298526 -0.051972 0.658563 0.727657 0.126840 0.096742 -0.059190 0.050560 -0.202413 -0.262898 0.078824 -0.117737 0.076841 -0.190279 -0.096689 -0.292394 0.142712 0.290670 -0.322684 -0.316956 -0.238884 -0.082720 -0.156922 -0.232605 0.012181 0.079884 -0.144992 -0.031602 -0.019935 -0.239375 0.014101 -0.044981 -0.259706 -0.197351 -0.128104 0.287601 -0.172784 0.202964 0.016899 0.137883 0.087113 0.199874 0.018470 -0.041343 0.201297 0.040247 -0.025216 0.252743 -0.052359 0.114824
-0.285981 -0.277764 0.386704 0.097343 0.523084 0.118744 0.105325 0.433611 0.269305 0.290976 0.067358 0.141074 -0.021954 0.114296 -0.246817 -0.158997 0.159361 0.154770 -0.252008 -0.042024 1.000000 0.091175 -0.134584 -0.177394 -0.156746 0.021853 -0.049761 -0.149916 0.134258 0.411254 0.173588 0.125041 0.067226 0.216518 0.182772 0.046878 0.155934 -0.007654 0.051149 -0.076606 0.218450 0.208749 -0.157717 -0.209122 -0.151355 -0.043984 -0.185077 -0.098652 -0.161337 -0.199106 -0.150297 -0.085206 0.109382 -0.254338 -0.005835 -0.260435 -0.171116 -0.228626 0.130418 0.115900 0.218508 0.324585 0.259965 0.218911 -0.056090 0.116550 0.131700 0.142829 -0.326830 -0.155895 0.283862 0.083767 0.236305 0.205925 0.104260 0.049149 0.252137 0.227747 -0.021253 0.093638 0.154829 0.024041 0.196475 0.398066 -0.170666 -0.190448 -0.031937 0.049114 -0.150135 -0.106686 -0.246102 -0.229043 -0.085392 -0.104520 -0.158950 0.053782 -0.098075 -0.000622 -0.332988 -0.010468 0.110313 0.267144 0.341121 -0.154850 -0.082549 0.076854 -0.023882 -0.034130 -0.097110 0.051787 -0.153872 -0.155297 0.061935 0.058123 0.079729 0.332394
-0.088784 0.023863 0.154124 -0.090524 -0.047292 0.038227 -0.058634 0.129551 0.146874 0.088800 0.002362 -0.049431 -0.104981 0.016864 -0.218352 -0.011048 0.267481 0.193047 0.196073 0.134314 0.091175 1.000000 -0.119551 -0.130783 0.160788 0.242532 -0.034554 -0.003871 -0.050331 0.162299 0.086288 0.184900 0.028846 0.250083 -0.173562 -0.066944 0.207300 0.412182 0.118053 0.453934 0.096280 0.538616 -0.278573 -0.188110 -0.273744 -0.072817 -0.215158 -0.205416 -0.118425 -0.152745 -0.157306 0.008063 -0.105991 -0.317299 -0.206558 -0.138415 0.134174 0.239898 -0.168780 0.073058 -0.083119 -0.119608 0.053302 0.083870 -0.328459 0.027446 0.066491 0.103585 0.165021 0.096741 -0.067970 0.313242 0.314281 0.037759 0.063925 0.024883 0.034944 -0.036905 0.304495 -0.104203 0.160670 0.046976 -0.011744 0.033748 -0.264868 -0.292016 -0.039238 0.107280 -0.002679 -0.158488 -0.113740 -0.067744 0.061126 -0.047938 0.421849 0.104316 -0.002343 0.296100 -0.262144 -0.022083 0.211382 0.032788 0.244089 0.472576 0.663327 0.550475 0.356516 0.239890 0.545248 -0.499984 -0.151658 -0.192598 -0.053420 -0.015591 0.114002 0.211578
0.097630 -0.177423 -0.333853 0.153079 -0.105636 0.351332 0.054894 -0.162044 -0.061403 -0.144408 -0.258520 -0.446860 -0.188151 -0.229509 0.352909 0.110651 -0.354589 -0.252312 0.042476 -0.001949 -0.134584 -0.119551 1.000000 0.799937 0.507235 0.525036 0.392549 0.625977 -0.345400 -0.408158 0.195894 0.420091 -0.490571 -0.521211 0.012800 0.191911 -0.145708 -0.093356 0.108927 0.144901 0.017860 -0.149285 0.000689 0.067720 0.042373 -0.061172 -0.092704 0.025541 0.053538 -0.052494 -0.119077 -0.158257 -0.162602 -0.082473 -0.061775 0.069233 -0.080879 -0.068909 -0.214212 -0.407190 -0.338059 -0.284912 -0.409734 -0.485690 0.419108 0.135911 -0.263846 -0.168698 -0.025671 0.056878 0.109288 0.106081 -0.415492 -0.037844 -0.096895 -0.021145 0.077495 0.059964 -0.143856 -0.043164 -0.287815 -0.295681 0.296629 -0.130429 0.352345 0.104932 0.180095 0.256163 0.609451 0.283865 0.067609 0.254882 0.064269 0.239475 -0.073012 0.279932 0.055951 0.066713 -0.023768 0.032045 0.079957 -0.123568 -0.037633 -0.027848 -0.150409 -0.115939 0.028434 0.078728 -0.140943 0.220897 0.252541 0.085140 0.139064 0.150993 0.052872 0.136446
0.261018 -0.052269 -0.404464 0.109449 -0.213534 0.422694 -0.100431 -0.197199 -0.147616 -0.219443 -0.343646 -0.365524 -0.197447 -0.106546 0.192822 0.079204 -0.452010 -0.351383 -0.043993 0.070417 -0.177394 -0.130783 0.799937 1.000000 0.477400 0.588566 0.400830 0.668596 -0.400571 -0.494676 0.226455 0.474183 -0.554219 -0.555387 0.020359 0.229667 -0.205414 -0.017657 0.079738 0.166605 0.011911 -0.209749 0.064162 0.184484 0.111714 0.088584 0.009181 0.078731 0.013153 0.067629 -0.146159 -0.204876 -0.088700 0.003696 0.025189 0.046800 -0.034690 -0.074495 -0.315532 -0.486621 -0.451254 -0.336844 -0.496052 -0.524250 0.226998 0.041058 -0.352364 -0.052573 0.071899 0.075213 0.167220 0.080391 -0.470216 -0.123873 -0.114015 -0.169351 -0.060136 -0.033479 -0.192743 -0.070236 -0.268123 -0.265479 0.184705 -0.200388 0.436646 0.336428 0.189991 0.336509 0.461347 0.431238 0.102858 0.247855 0.113699 0.145621 -0.007352 0.126083 0.001422 -0.000356 0.063139 -0.031037 0.104354 -0.119861 -0.069075 -0.040247 -0.170150 -0.207861 0.095334 -0.024177 -0.190322 0.139450 0.244240 0.136527 -0.013284 0.048655 -0.002533 -0.004130
-0.002276 -0.005903 -0.195296 -0.204384 0.044845 0.190412 -0.148012 -0.079910 0.076556 -0.245129 -0.324245 -0.391600 -0.059338 -0.061087 0.001233 0.134088 -0.319210 -0.061086 -0.082595 0.034730 -0.156746 0.160788 0.507235 0.477400 1.000000 0.634854 0.362153 0.568498 -0.312411 -0.243306 0.389549 0.498540 -0.252486 -0.146046 -0.127938 0.322186 -0.237473 0.034737 0.092911 0.318488 -0.096662 -0.000847 0.008152 0.084815 -0.162899 -0.022711 0.026015 0.072577 -0.146217 -0.100480 -0.183212 -0.203961 -0.287067 -0.094315 -0.123499 -0.035221 0.113056 0.107982 -0.230152 -0.122527 -0.357731 -0.170863 -0.318130 -0.247098 -0.009283 0.231934 -0.037788 0.096618 0.171583 0.123936 0.165518 0.270727 -0.227250 -0.064457 -0.097832 0.033268 -0.035380 0.054636 -0.188830 0.022674 -0.295566 -0.314740 -0.072673 -0.113554 -0.036011 -0.101953 -0.169590 0.277207 0.293738 -0.030383 -0.010235 0.099822 -0.023366 -0.022105 0.145337 0.214867 0.147420 0.239486 -0.073052 0.048251 0.013489 -0.091432 -0.029725 0.040293 0.055786 -0.040650 0.121637 0.037924 0.152919 -0.031888 0.154860 -0.018143 -0.108405 0.167272 -0.099315 0.166739
0.177312 -0.013761 -0.283523 -0.228088 -0.129794 0.308950 -0.166160 -0.061919 -0.027324 -0.173656 -0.256990 -0.340923 -0.164733 -0.055470 -0.146843 -0.048989 -0.227051 -0.233329 -0.103027 -0.028614 0.021853 0.242532 0.525036 0.588566 0.634854 1.000000 0.445210 0.675896 -0.454217 -0.338073 0.417097 0.653911 -0.401770 -0.262446 0.080479 0.436240 0.048874 0.205957 0.199837 0.251225 0.171194 0.062104 0.094233 0.142812 -0.058917 0.089310 -0.076749 0.014050 -0.120393 -0.099920 -0.162312 -0.272945 -0.186683 -0.238119 0.079855 -0.106926 0.093994 0.051171 -0.125992 -0.300883 -0.379707 -0.221188 -0.380673 -0.511749 0.050363 0.345762 -0.309344 0.080364 0.009865 -0.023533 0.236858 0.282400 -0.292108 0.015314 0.018925 -0.021996 0.177142 0.168530 -0.174755 0.045800 -0.187075 -0.220601 0.040772 -0.167064 0.173825 0.069894 0.071469 0.412187 0.455026 0.068822 -0.205872 -0.089556 0.188056 0.097239 0.086274 0.202685 0.047888 -0.004546 -0.132622 0.084638 0.224036 -0.036683 0.129783 0.043564 0.122691 -0.071303 0.097122 -0.099274 0.003742 -0.051219 0.196542 0.036468 0.155925 0.161369 -0.004034 0.197522
0.296367 0.131726 -0.079335 0.012125 0.100455 0.493472 -0.104809 -0.001938 -0.031014 -0.112004 0.029432 -0.088472 -0.061214 -0.006721 -0.017937 -0.088296 -0.099634 -0.112371 -0.085626 0.055828 -0.049761 -0.034554 0.392549 0.400830 0.362153 0.445210 1.000000 0.652613 -0.267274 -0.385496 0.062537 0.172149 -0.147753 -0.178465 -0.292797 0.019380 -0.330804 -0.200868 0.123687 0.114220 -0.069440 -0.119263 0.179139 0.196190 0.022761 -0.005828 0.065333 0.026513 0.104709 0.204655 0.043275 0.058628 -0.184056 -0.082824 0.025436 0.185968 0.234067 0.217394 -0.033380 0.030499 -0.171878 -0.032346 -0.135528 -0.042159 -0.048392 0.086440 -0.246082 -0.117152 0.090722 0.083297 -0.011260 -0.219688 -0.381224 -0.272999 -0.287728 -0.269931 -0.262335 -0.318701 -0.143981 0.063425 -0.013459 -0.051747 0.208130 0.089232 0.240382 0.170803 0.236769 0.479502 0.301201 0.171233 -0.236469 -0.218011 0.048713 -0.112008 -0.005982 -0.060504 -0.022839 -0.193620 -0.027401 -0.192480 0.012228 -0.241463 0.087474 -0.246502 -0.073063 -0.115568 0.052419 -0.016202 -0.071786 -0.113981 -0.092692 -0.203878 -0.102183 -0.250892 -0.277218 -0.066916
0.252866 0.040094 -0.458411 -0.193319 -0.096950 0.406612 -0.280574 -0.340869 -0.124724 -0.313141 -0.197768 -0.318494 0.015014 -0.039522 0.149755 0.135668 -0.219361 -0.190624 -0.222572 -0.097520 -0.149916 -0.003871 0.625977 0.668596 0.568498 0.675896 0.652613 1.000000 -0.324442 -0.541494 0.164935 0.384374 -0.435128 -0.477721 -0.300351 0.033650 -0.230660 0.096862 0.253450 0.393389 0.183843 -0.048036 0.206911 0.339956 0.036671 -0.027549 0.119373 0.044817 0.005923 0.081654 0.074216 -0.081259 -0.024774 0.111793 0.202088 0.231099 0.166628 0.086209 -0.105011 -0.275107 -0.313438 -0.267046 -0.356706 -0.406183 0.061079 0.164781 -0.439972 -0.191698 0.043640 0.012500 -0.082468 -0.019931 -0.559330 -0.329353 -0.204364 -0.251070 -0.259744 -0.216517 -0.129617 0.129588 -0.119838 -0.056227 0.156037 -0.193750 0.400647 0.357476 0.240032 0.499599 0.457197 0.408196 -0.050158 -0.022699 -0.012518 -0.177569 0.004120 0.066456 0.068871 -0.071461 0.121758 -0.040543 0.078523 -0.292569 0.057235 -0.107642 -0.050190 -0.123897 0.147682 -0.071332 -0.093577 -0.102207 -0.020253 0.029594 -0.076470 -0.020827 0.002850 0.109128
0.128286 -0.046985 0.128800 -0.090288 0.023494 -0.214898 0.160047 0.209800 0.018413 0.135194 0.303553 0.331008 0.205070 0.255611 0.333184 0.207404 0.297010 0.382192 0.022299 -0.125884 0.134258 -0.050331 -0.345400 -0.400571 -0.312411 -0.454217 -0.267274 -0.324442 1.000000 0.495246 0.021890 -0.221391 0.289045 0.182489 -0.054561 -0.207185 0.348955 0.145261 0.283661 0.141787 0.193625 0.168425 -0.270288 -0.261088 -0.268601 -0.316212 -0.290475 -0.294235 -0.160418 -0.246147 -0.205527 -0.060470 -0.076056 0.077579 0.032939 0.075417 0.092797 -0.102297 -0.050990 -0.069014 0.226088 0.232785 0.309560 0.329711 0.127459 -0.081225 -0.123732 -0.283012 -0.113561 -0.226359 -0.252351 -0.155490 0.542169 0.239749 0.366018 0.211340 0.067158 0.052342 0.376288 0.280931 0.345941 0.395861 0.160613 0.348638 0.024435 -0.010782 -0.027170 -0.141489 -0.221179 -0.036222 -0.184519 -0.130921 0.029502 -0.069279 0.053974 0.095103 -0.134569 0.113468 -0.060502 0.213674 0.003722 0.067371 0.148004 -0.050023 0.107130 0.077963 -0.161368 -0.265571 0.126997 -0.008510 -0.328967 0.006355 0.104976 -0.027284 0.136298 0.072083
-0.348132 -0.218239 0.447004 0.117425 0.346748 -0.121304 0.271035 0.461692 0.367136 0.370882 0.162203 0.270959 0.018890 0.128175 -0.066736 0.147290 0.467513 0.496986 -0.017560 -0.032138 0.411254 0.162299 -0.408158 -0.494676 -0.243306 -0.338073 -0.385496 -0.541494 0.495246 1.000000 0.175837 -0.045128 0.385748 0.505938 0.210026 0.006304 0.534504 0.228234 0.128026 0.020413 0.070341 0.489294 -0.559012 -0.587094 -0.426268 -0.256167 -0.582766 -0.428652 -0.358538 -0.432168 -0.274887 -0.245986 -0.074529 -0.229241 0.052489 -0.286954 -0.134312 -0.101345 -0.112840 0.070941 0.197038 0.176606 0.273758 0.335230 0.012885 -0.062409 0.146380 0.022037 -0.190268 -0.111455 0.202301 0.050306 0.787633 0.592626 0.457349 0.519530 0.404973 0.437235 0.441941 0.291921 0.301857 0.338407 0.040959 0.516405 -0.273506 -0.215969 -0.081474 -0.210963 -0.177200 -0.173221 -0.216433 -0.155888 -0.006926 -0.086151 0.063508 0.203731 -0.210828 0.237266 -0.345203 0.043111 -0.099225 0.254368 0.122726 0.054789 0.264684 0.336938 -0.026276 -0.130743 0.258013 0.034887 -0.289467 -0.115839 -0.037031 0.073585 0.157364 0.346454
0.028309 -0.061679 -0.087150 0.043287 0.000213 0.140772 -0.038181 0.142742 0.004929 -0.186135 -0.381793 -0.220639 -0.172299 -0.027296 -0.086922 -0.096948 0.035119 0.136396 -0.107855 -0.228939 0.173588 0.086288 0.195894 0.226455 0.389549 0.417097 0.062537 0.164935 0.021890 0.175837 1.000000 0.805978 0.133437 0.210681 0.218093 0.511379 0.301890 0.224578 0.275119 -0.032623 0.015821 0.089276 -0.314829 -0.160530 -0.239057 0.008728 -0.285701 -0.247999 -0.412768 -0.257474 -0.183228 -0.328525 -0.311430 -0.309473 -0.028721 -0.005421 0.095335 -0.026112 -0.142553 -0.153941 -0.119806 -0.028772 -0.070912 -0.075961 0.185105 0.306538 -0.010224 0.177547 -0.092461 -0.229050 0.280878 0.087056 0.252914 0.318059 0.372624 0.364594 0.192791 0.372765 0.052261 0.226466 -0.053386 0.061487 -0.168466 0.089061 -0.090441 -0.045865 0.017040 0.155685 0.076772 -0.073888 -0.291202 -0.167896 0.092609 -0.079303 0.273369 0.378212 -0.014788 0.336197 -0.093012 0.363162 0.078713 -0.054380 0.084060 -0.040251 0.123733 0.106713 0.131971 -0.193537 0.282378 -0.009801 -0.086411 -0.039885 0.105501 0.113298 -0.054967 0.075503
0.144294 -0.046175 -0.245230 0.051859 -0.112065 0.209147 -0.131068 -0.041260 -0.045378 -0.276408 -0.390626 -0.404144 -0.304815 -0.257613 -0.137847 -0.182716 -0.074517 0.022692 -0.110622 -0.115974 0.125041 0.184900 0.420091 0.474183 0.498540 0.653911 0.172149 0.384374 -0.221391 -0.045128 0.805978 1.000000 -0.069582 0.051283 0.254023 0.610544 0.296402 0.258526 0.168834 0.042054 0.073158 0.080038 -0.233355 -0.109265 -0.202746 -0.017906 -0.245636 -0.154024 -0.280515 -0.234757 -0.192505 -0.216750 -0.164752 -0.251450 -0.021403 -0.046997 0.146654 0.000291 -0.130843 -0.201860 -0.245492 -0.263065 -0.219900 -0.287580 0.108915 0.164442 -0.125447 0.078990 -0.048750 -0.124561 0.306191 0.095468 0.061187 0.276621 0.313864 0.239516 0.247094 0.397082 -0.100760 0.051490 -0.215171 -0.186320 -0.047669 -0.061079 -0.106386 -0.151920 0.069623 0.196103 0.212494 -0.026220 -0.125688 0.001491 0.230552 0.147125 0.343442 0.470274 0.062003 0.290106 -0.018475 0.464748 0.232081 0.096196 0.133882 0.099086 0.163364 0.146472 0.322267 -0.034489 0.179347 0.066287 0.080447 0.123235 0.257029 0.241550 -0.031505 0.211555
-0.009601 0.351022 0.235982 0.099007 0.195682 -0.062532 0.110600 0.211171 0.173928 -0.056227 0.167174 0.288931 0.135108 0.072028 -0.133325 -0.194298 0.402087 0.402627 0.024950 0.012295 0.067226 0.028846 -0.490571 -0.554219 -0.252486 -0.401770 -0.147753 -0.435128 0.289045 0.385748 0.133437 -0.069582 1.000000 0.716442 -0.083597 -0.025161 0.348324 0.142168 -0.004852 -0.196364 -0.116168 0.121499 -0.252012 -0.255237 -0.180567 -0.094605 -0.079079 -0.323260 -0.085060 -0.096550 0.162349 0.074116 -0.212843 -0.150017 -0.108063 0.086538 0.343963 0.351688 0.224547 0.325476 0.195299 0.169335 0.279489 0.446394 -0.168855 -0.103447 0.357359 0.093677 0.131947 0.002914 -0.200808 -0.227541 0.502684 0.150931 0.159929 0.133955 -0.121545 -0.046252 0.185314 0.057441 0.225562 0.279394 -0.183039 0.233755 -0.322952 -0.228875 -0.283023 -0.162821 -0.316408 -0.362168 -0.238756 -0.322572 -0.077292 -0.188123 0.238242 -0.030697 0.035090 0.053241 -0.023058 0.044478 -0.357031 -0.081674 -0.254013 -0.060138 0.013751 0.196832 -0.079444 -0.145659 0.273909 -0.188943 -0.285526 -0.154214 -0.193959 -0.094928 -0.265326 -0.177615
-0.082163 0.310128 0.367938 0.113396 0.269589 -0.005191 0.190774 0.353066 0.161273 0.109580 0.058085 0.275199 0.036469 0.015214 -0.334226 -0.292401 0.411920 0.466923 0.103360 0.233407 0.216518 0.250083 -0.521211 -0.555387 -0.146046 -0.262446 -0.178465 -0.477721 0.182489 0.505938 0.210681 0.051283 0.716442 1.000000 -0.060964 0.056668 0.300028 0.046443 -0.285140 -0.221332 -0.042856 0.223149 -0.328323 -0.328826 -0.342008 -0.085053 -0.179035 -0.288409 -0.305584 -0.214051 -0.106011 -0.076428 -0.205448 -0.219615 -0.247175 -0.135752 0.352884 0.429842 0.191055 0.434642 0.224299 0.240579 0.331130 0.575123 -0.250360 -0.043046 0.401588 0.256683 0.114170 0.139372 0.001225 -0.066494 0.496630 0.153454 0.071110 0.112460 0.085722 -0.023734 0.285160 0.100396 0.245189 0.196983 -0.022544 0.401626 -0.536295 -0.387192 -0.319253 -0.231352 -0.324483 -0.493308 -0.254141 -0.360335 -0.051968 -0.170259 0.170847 0.014556 -0.137345 0.008711 -0.247856 -0.011921 -0.256885 0.238767 -0.131868 0.036417 0.127725 0.273262 0.032530 -0.112268 0.274865 -0.278315 -0.268898 -0.223053 -0.186309 -0.115067 -0.091819 0.044242
-0.148168 -0.303179 0.018646 0.010701 -0.020722 -0.241270 0.177032 0.033015 0.090640 -0.045593 -0.063693 -0.144659 -0.177855 -0.154915 -0.203728 -0.184826 -0.224811 -0.095790 -0.132118 -0.117590 0.182772 -0.173562 0.012800 0.020359 -0.127938 0.080479 -0.292797 -0.300351 -0.054561 0.210026 0.218093 0.254023 -0.083597 -0.060964 1.000000 0.633113 0.239087 0.024787 0.189537 -0.340484 0.002818 -0.001447 -0.075795 -0.158086 0.199293 0.287829 -0.089483 0.151491 -0.065730 -0.137300 -0.254939 -0.179283 -0.027630 -0.073656 0.041910 -0.217515 -0.300557 -0.403741 -0.131329 -0.337696 -0.085440 -0.146369 -0.203020 -0.343718 0.151546 -0.051442 0.038215 0.225316 -0.286295 -0.189790 0.247923 0.257148 0.172922 0.393329 0.319835 0.230910 0.439629 0.600234 -0.193447 -0.023657 -0.317151 -0.339513 -0.156396 -0.115009 -0.162525 -0.150192 0.045566 -0.307223 -0.055435 -0.282089 0.125370 0.320750 0.253924 0.453158 -0.053004 0.216485 -0.052382 0.141736 0.001379 0.288700 0.108847 0.156524 -0.041829 0.119569 0.058637 0.016277 0.122061 0.020139 -0.219632 0.430622 0.499022 0.417522 0.299733 0.266776 0.256528 0.166426
0.016400 -0.130398 -0.046018 -0.069150 -0.073782 0.093523 0.056848 0.067839 0.019109 -0.255596 -0.158128 -0.203050 -0.176252 -0.105648 -0.262298 -0.215587 -0.307042 -0.160498 -0.170997 -0.186964 0.046878 -0.066944 0.191911 0.229667 0.322186 0.436240 0.019380 0.033650 -0.207185 0.006304 0.511379 0.610544 -0.025161 0.056668 0.633113 1.000000 0.170744 0.088072 0.214643 -0.106754 -0.022053 0.081191 -0.136080 -0.197067 0.020516 0.245207 -0.077193 -0.027831 -0.154925 -0.177104 -0.145615 -0.203781 -0.105117 -0.032826 -0.004211 -0.111428 -0.042783 -0.225129 -0.076192 -0.291427 -0.266310 -0.104735 -0.351753 -0.347603 0.127123 0.155961 0.008705 0.340309 -0.216790 -0.158674 0.196079 0.091256 -0.011297 0.209393 0.224117 0.263796 0.222062 0.447538 -0.274869 0.040684 -0.442036 -0.403967 -0.163755 -0.145652 -0.120855 -0.106607 -0.000208 -0.005512 0.043798 -0.226688 0.049323 0.235999 0.207997 0.397616 0.144367 0.347675 -0.064505 0.190193 0.112119 0.397191 0.115002 0.103551 -0.052314 0.096905 0.062427 -0.018119 0.216702 -0.118555 0.004481 0.164651 0.373419 0.290443 0.294882 0.161948 0.103150 0.098615
