1.000000 0.334338 -0.303108 0.106168 -0.132736 -0.196141 -0.266165 -0.291615 -0.175559 -0.098675 0.467424 0.119625 -0.026507 -0.204410 -0.009057 -0.044743 -0.060718 -0.061701 0.298540 0.276412 -0.216430 0.276864 0.321600 0.406615 -0.024225 -0.145509 -0.018069 -0.060681 -0.071712 -0.270533 -0.257539 -0.149141 -0.064690 -0.298856 0.039664 -0.352184 -0.055379 -0.215467 -0.121690 -0.181091 -0.248060 -0.433713 0.016070 -0.205745 -0.129065 -0.360150 -0.200777 -0.200968 -0.036146 -0.113548 -0.163991 -0.061666 -0.081522 -0.093897 -0.112010 -0.160128 0.239288 0.183569 0.124142 0.020198 -0.240780 -0.173056 -0.062868 -0.015487 0.204347 -0.253281 0.128147 -0.164145 0.392649 0.427611 -0.200345 -0.194363 -0.241921 -0.266716 -0.051813 -0.221171 -0.158787 -0.216696 0.022332 -0.184607 0.127238 0.130041 0.321287 -0.170034 0.473262 0.406874 0.421800 0.374282 0.330271 0.037021 0.047007 0.099149 0.017039 0.074431 -0.227926 -0.330605 -0.369564 -0.095796 -0.165585 -0.134237 0.023643 -0.062633 -0.054944 0.049540 -0.024192 -0.105527 0.094756 -0.240864 -0.129895 -0.156588 -0.124343 -0.357999 -0.437262 -0.154961 -0.196646 0.066608
0.334338 1.000000 -0.276238 0.227451 -0.124405 -0.244631 -0.206756 -0.535766 -0.360442 -0.384673 -0.197577 -0.156079 -0.410527 -0.264605 -0.253033 -0.410369 0.115566 -0.047659 0.158946 0.491900 -0.138114 -0.031358 0.079176 0.053186 -0.151989 -0.133526 0.036118 -0.029214 -0.317939 -0.232958 -0.223774 -0.178537 0.172179 -0.054476 -0.010831 -0.279724 -0.122346 -0.186988 0.092932 -0.212450 -0.185687 -0.083521 -0.208456 -0.172761 -0.028474 -0.257023 -0.167816 -0.147726 0.199393 0.248672 0.232900 0.288846 0.009647 -0.080785 -0.052320 0.004528 0.366857 0.698934 -0.076465 0.232212 -0.187803 0.080713 0.182334 0.329637 0.078603 -0.197507 0.345745 0.045658 0.510596 0.500957 -0.043821 -0.321505 -0.205115 0.013014 -0.139686 -0.331228 -0.248226 -0.257537 0.126435 0.017079 0.051991 0.220679 -0.045634 -0.180690 0.085688 0.220278 0.194608 0.044343 0.016544 0.059963 -0.266508 -0.295595 -0.145945 -0.162911 -0.336364 -0.199493 -0.009011 0.035261 -0.042221 -0.248061 -0.084045 -0.005400 -0.090099 0.092403 -0.132693 0.013018 0.084158 0.164397 -0.176425 -0.388744 -0.259511 -0.166952 -0.230164 -0.021959 -0.055080 0.067064
-0.303108 -0.276238 1.000000 0.188110 0.180010 0.274366 0.611758 0.554825 -0.058281 0.287777 -0.146813 -0.071464 0.181670 0.219262 -0.055897 0.058145 -0.114951 -0.362000 -0.047609 -0.262946 0.170303 -0.101255 0.162841 0.089598 0.259960 0.323482 0.156309 0.119578 -0.161068 -0.143258 0.445986 0.232284 -0.166452 0.012049 0.178705 0.285668 -0.193774 -0.024757 0.086144 0.003474 0.067246 -0.014742 -0.022217 0.112143 -0.131464 0.157454 0.137596 0.082967 -0.130689 -0.114187 0.080710 -0.092969 0.091004 0.057567 0.050592 0.037494 -0.148874 -0.350985 -0.032708 0.014787 0.113737 -0.007997 -0.182217 -0.427579 -0.124396 0.171686 -0.082697 0.264242 -0.343804 -0.349050 0.136215 0.070827 0.007800 -0.061838 -0.119269 -0.004501 -0.142338 -0.291630 -0.404168 -0.194428 -0.119053 -0.296479 -0.276950 0.064967 -0.264513 -0.243742 -0.108174 0.075025 -0.048334 0.042653 0.099925 0.083261 0.263751 0.250761 -0.145144 -0.055664 0.035472 -0.134730 -0.029694 0.149129 0.175060 0.121493 -0.001518 0.053730 -0.049631 -0.047133 0.041483 -0.109973 0.027763 -0.189990 -0.065819 0.079286 0.238209 -0.044895 -0.210879 0.077127
0.106168 0.227451 0.188110 1.000000 -0.167108 0.170348 0.144896 0.236253 -0.266978 -0.015638 -0.340850 0.033196 -0.196213 -0.148878 -0.368071 -0.092510 -0.229553 -0.289125 0.099193 0.158076 0.209842 0.112002 -0.065048 0.400111 -0.347459 0.142285 0.108112 0.018220 -0.209710 -0.212683 0.237780 0.306351 -0.206968 -0.232914 0.225303 0.005317 -0.266338 -0.117839 -0.028418 -0.126683 -0.131020 -0.151275 -0.274673 -0.189616 -0.136767 -0.049673 -0.181757 -0.131460 -0.098879 -0.045812 0.024392 -0.051302 0.075187 -0.013909 -0.013833 -0.213985 -0.004702 0.018847 -0.078524 0.050929 -0.107200 0.041055 -0.201018 -0.211354 -0.078704 0.155831 0.103387 0.241798 0.088577 0.007621 0.137838 0.203912 -0.179761 0.011278 -0.021400 -0.175057 -0.152984 -0.110728 0.061175 -0.254516 -0.235899 -0.195337 -0.307122 -0.125730 -0.154608 0.064419 -0.227776 -0.075095 -0.130331 0.249600 0.115609 0.127845 0.379160 0.018723 -0.133536 -0.141957 -0.204923 0.023333 -0.180606 -0.131457 -0.068441 0.134313 0.176723 0.245882 -0.137436 -0.069727 0.244764 0.102416 0.007286 -0.229379 -0.215699 -0.126267 -0.193222 -0.284802 -0.128870 0.144116
-0.132736 -0.124405 0.180010 -0.167108 1.000000 0.524256 0.291649 0.039575 0.257248 0.345958 0.275758 0.144410 0.198836 0.143830 0.469281 0.472776 -0.007454 -0.259948 0.069059 -0.140154 -0.181824 -0.274646 0.255275 -0.130268 0.315346 -0.077767 0.114916 0.008666 0.058590 -0.018598 0.108194 -0.032871 0.030568 0.193361 -0.116108 -0.049145 0.123944 -0.061879 0.159620 0.064974 -0.092935 -0.128234 -0.089117 -0.032016 -0.152427 -0.046496 -0.049996 -0.220654 -0.261153 -0.211396 -0.054628 -0.044223 0.012098 0.095379 0.293671 -0.002213 -0.005446 0.049625 -0.103345 -0.491583 0.077036 -0.133290 0.146546 0.008606 0.099633 -0.145064 -0.336338 -0.022515 -0.191821 0.018991 -0.104962 -0.138919 0.088635 0.074778 0.072634 0.175097 0.318413 0.091040 0.006305 -0.024681 -0.081442 -0.153915 0.325033 0.348983 0.101167 -0.003155 0.067116 0.262667 0.175668 0.095097 0.008390 0.198443 0.018084 0.168824 0.062377 0.238310 0.037206 0.025020 0.057707 0.101078 0.072083 0.223074 0.167615 -0.087140 0.054231 0.001882 -0.184334 -0.079065 0.004696 0.070356 -0.109920 0.084156 0.033764 0.253378 -0.214390 -0.180712
-0.196141 -0.244631 0.274366 0.170348 0.524256 1.000000 -0.008799 0.271915 0.121002 0.297118 -0.085208 -0.231880 -0.014214 0.057972 0.045486 0.196395 -0.191330 -0.467998 -0.089015 -0.259924 0.259553 -0.040609 0.046875 -0.014846 0.288265 0.478385 0.459258 0.385593 -0.215295 -0.224566 0.507945 0.446196 -0.022608 0.215310 -0.001480 0.266071 0.073737 0.205311 0.158475 0.227832 -0.035370 0.118050 -0.070630 0.130204 0.064315 0.325423 0.069292 -0.065397 -0.253451 -0.086927 -0.228401 -0.081259 -0.119483 -0.060261 0.118125 -0.003493 -0.037106 -0.069441 -0.203475 -0.314097 -0.186105 -0.276025 -0.275947 -0.324820 -0.263869 0.024028 -0.349051 0.147886 -0.195803 -0.172403 0.231066 0.116279 -0.002528 0.242334 0.347372 0.399697 0.286778 0.189648 0.052750 -0.069697 -0.321705 -0.477259 -0.050015 0.067054 -0.319472 -0.398538 -0.300130 -0.076183 -0.065755 0.070480 0.072089 0.305053 0.302599 0.191082 0.193359 0.384219 0.138999 0.316860 -0.043510 0.146208 0.131532 0.202399 0.246853 0.121978 0.216789 0.104745 -0.071545 0.078306 0.049930 0.184327 0.235715 0.156289 0.139668 0.245362 -0.054077 -0.028170
-0.266165 -0.206756 0.611758 0.144896 0.291649 -0.008799 1.000000 0.401866 0.229074 0.430454 0.060109 0.298866 0.404330 0.345417 0.299438 0.385380 -0.049634 -0.077983 0.014964 -0.198719 -0.335629 -0.362729 0.083772 -0.002344 0.076679 -0.240011 -0.357341 -0.340474 0.103239 0.175688 -0.011655 -0.216189 -0.269104 -0.072337 0.017157 -0.000811 -0.253706 -0.249594 -0.282950 -0.191731 -0.117192 -0.401745 -0.046805 -0.149428 -0.258275 -0.130293 -0.094805 -0.123841 -0.236123 -0.292778 0.177333 -0.054086 0.341961 0.217207 0.106849 -0.038376 -0.272098 -0.332314 0.174761 -0.050633 0.476137 0.244725 0.126535 0.041595 0.237754 0.187341 -0.120774 0.049779 -0.243304 -0.208533 -0.074307 -0.026547 0.100449 -0.112173 -0.239303 -0.182644 -0.107269 -0.208369 -0.350834 -0.312541 -0.138471 -0.212120 -0.112103 0.208867 -0.007601 -0.004738 -0.059771 0.167041 0.109429 0.259268 0.276845 0.172334 0.115729 0.252619 -0.183760 -0.050939 -0.195071 -0.236274 0.075579 0.178808 0.224464 0.264046 0.121865 0.065795 -0.042342 -0.040304 0.085502 -0.135687 0.104521 -0.085162 -0.308548 0.035614 0.134521 -0.128527 -0.278829 0.101777
-0.291615 -0.535766 0.554825 0.236253 0.039575 0.271915 0.401866 1.000000 0.187843 0.472616 -0.045091 0.270932 0.405316 0.433408 -0.088467 0.171744 -0.182813 -0.089509 -0.153350 -0.353870 0.181167 0.110369 -0.108604 0.183039 -0.012553 0.214394 0.008697 0.041413 0.000529 -0.028499 0.260066 0.254116 -0.300146 -0.157619 0.019367 0.233474 -0.317491 -0.130282 -0.163162 -0.163674 -0.095074 -0.078146 0.199044 0.126257 0.070216 0.097626 0.289457 0.135753 0.017950 -0.236079 -0.062018 -0.064783 0.106198 0.118728 0.000480 0.142074 -0.258957 -0.563102 0.095003 0.124044 0.014721 0.239555 -0.448305 -0.432075 -0.164795 0.617561 -0.232450 -0.060730 -0.428972 -0.581981 0.075124 0.316072 -0.062444 -0.098456 -0.074403 0.085903 -0.096513 -0.160970 -0.138083 -0.274056 -0.320147 -0.370684 -0.234502 -0.100433 -0.185857 -0.200908 -0.335295 -0.066996 -0.183941 0.098196 0.270205 0.206811 0.327513 0.154072 0.047077 0.005479 -0.120323 -0.191398 0.142525 0.155045 0.101836 -0.042773 0.101116 0.037684 -0.003162 0.012273 0.093705 -0.133429 0.064095 -0.109376 0.022266 0.073823 0.169790 -0.056207 -0.001829 -0.072440
-0.175559 -0.360442 -0.058281 -0.266978 0.257248 0.121002 0.229074 0.187843 1.000000 0.675135 0.325497 0.179671 0.504987 0.255863 0.638037 0.561491 -0.038019 0.013615 0.275147 0.017172 -0.255140 -0.029707 -0.105032 -0.171474 0.086092 -0.318076 -0.235618 -0.246889 0.210274 0.257872 -0.253525 -0.257735 -0.245890 0.038703 -0.251235 0.096301 -0.152297 -0.245219 -0.243962 -0.088664 -0.039668 -0.061824 0.292952 0.191408 0.130167 0.141851 -0.019540 0.196807 -0.003402 -0.085816 -0.167746 -0.036567 -0.029013 -0.090466 -0.131459 -0.138936 -0.207217 -0.236809 0.511714 0.051657 0.314666 0.237647 -0.220304 -0.011598 0.055767 0.048467 0.084308 -0.032580 0.121582 0.038082 -0.273264 0.014990 0.014994 -0.103936 -0.145596 0.016289 -0.015529 0.136613 0.105110 -0.113057 -0.342426 -0.202388 0.125676 0.217916 -0.003869 -0.118547 -0.163441 -0.027600 0.053788 -0.177640 0.079351 -0.045540 -0.086622 0.271138 -0.137441 0.191432 -0.264777 -0.016601 -0.184934 0.036899 0.155134 0.213707 0.057201 0.028714 0.034863 -0.049552 -0.293728 0.055067 -0.020209 0.147781 0.035762 0.144972 0.027654 -0.010777 -0.068229 -0.027819
-0.098675 -0.384673 0.287777 -0.015638 0.345958 0.297118 0.430454 0.472616 0.675135 1.000000 0.271696 0.341383 0.484848 0.448930 0.553028 0.660701 -0.382211 -0.154856 0.160647 -0.193709 -0.284693 -0.223873 0.075063 -0.021891 0.170565 -0.195227 -0.210192 -0.239593 -0.074691 0.080236 -0.154216 -0.202340 -0.372081 -0.108095 -0.212412 0.019459 -0.180204 -0.104991 -0.203843 -0.047528 -0.010197 -0.097683 0.183897 -0.068113 -0.219826 -0.207650 0.081022 0.016337 -0.074369 -0.287169 0.034756 0.069105 0.251270 0.241926 0.223610 0.153963 -0.319886 -0.393714 0.431029 0.120417 0.203169 0.273634 -0.312945 -0.209089 -0.009027 0.190315 -0.037772 -0.204982 0.033407 -0.124761 -0.030965 0.021217 -0.085510 -0.019764 0.008380 0.040362 -0.019969 -0.101684 -0.162861 -0.419503 -0.504204 -0.401439 -0.020068 0.077974 -0.126865 -0.160069 -0.119874 0.048366 0.081293 0.166797 0.401660 0.181833 0.283924 0.488789 0.020671 0.074483 -0.219443 0.042359 0.013878 0.304897 0.238654 0.233182 0.158120 0.136235 -0.125800 -0.091060 -0.218647 0.020849 0.030444 -0.001366 -0.180131 0.227664 0.053833 0.054243 -0.318030 0.108659
0.467424 -0.197577 -0.146813 -0.340850 0.275758 -0.085208 0.060109 -0.045091 0.325497 0.271696 1.000000 0.395451 0.595444 0.290584 0.641356 0.468874 0.011880 -0.005775 0.091493 -0.142543 -0.356585 0.006224 0.368114 0.092786 0.183749 -0.325060 -0.160082 -0.145160 0.270815 0.031209 -0.292560 -0.285268 -0.193733 -0.233945 -0.171221 -0.406202 0.010223 -0.133057 -0.120474 -0.072629 -0.017849 -0.243416 0.115859 0.031001 -0.084181 -0.320757 -0.090651 -0.178173 -0.068111 -0.313972 -0.106314 -0.163347 0.119257 0.021072 0.090717 -0.121948 -0.066161 -0.189316 0.229377 -0.222941 0.071926 -0.050881 0.099211 0.108922 0.362416 -0.137047 -0.129109 -0.439831 -0.037139 0.027129 -0.271458 -0.278659 -0.006375 -0.269494 -0.089725 0.007234 0.074497 -0.162064 -0.092046 -0.150926 0.115289 0.057611 0.580120 0.226283 0.610722 0.434976 0.467674 0.427067 0.503048 0.044452 0.089624 0.151484 -0.135828 0.148195 0.048310 -0.133776 -0.276661 -0.089171 -0.065683 -0.072839 -0.064432 -0.185843 -0.089226 -0.233752 0.000246 -0.097921 -0.250784 -0.391586 0.014660 0.045049 -0.009647 -0.009128 -0.111704 -0.042573 -0.250773 -0.176389
0.119625 -0.156079 -0.071464 0.033196 0.144410 -0.231880 0.298866 0.270932 0.179671 0.341383 0.395451 1.000000 0.382005 0.406519 0.259825 0.463324 -0.035993 0.096402 -0.009751 -0.184009 -0.186578 -0.064190 0.131640 0.290486 -0.111400 -0.406288 -0.255955 -0.228999 0.107606 0.080406 -0.390296 -0.228065 -0.240844 -0.216910 0.034798 -0.270005 -0.197012 -0.223849 -0.145799 -0.304410 -0.121049 -0.342123 -0.037003 -0.202985 -0.221402 -0.460570 -0.097151 -0.159755 -0.033971 -0.447108 0.144016 -0.108576 0.252595 0.294312 0.197424 -0.023318 -0.049774 -0.236998 0.227322 -0.157664 0.194150 0.150876 -0.005372 0.050392 0.391526 0.418020 -0.095400 -0.200269 -0.070700 -0.086457 -0.320589 -0.060997 -0.090288 -0.388798 -0.361244 -0.298174 -0.237182 -0.333083 -0.126101 -0.182821 -0.001339 0.080217 0.346363 0.351944 0.413943 0.526523 0.237810 0.421533 0.213707 0.288945 0.125794 0.133960 0.135754 0.072092 0.101234 -0.268652 -0.353909 -0.311848 -0.068217 -0.142514 -0.034314 -0.062278 -0.085283 -0.236010 -0.240672 -0.224360 0.092941 -0.350723 0.046013 -0.178571 -0.337368 -0.138815 -0.193885 -0.264254 -0.154437 -0.207679
-0.026507 -0.410527 0.181670 -0.196213 0.198836 -0.014214 0.404330 0.405316 0.504987 0.484848 0.595444 0.382005 1.000000 0.641280 0.574611 0.472691 0.039212 0.049726 -0.157150 -0.245383 -0.218572 -0.077915 0.086639 -0.034070 0.109633 -0.253151 -0.305230 -0.280812 0.342848 0.160887 -0.178576 -0.224252 -0.178998 -0.286131 -0.216653 -0.269887 -0.180249 -0.078527 -0.204100 -0.068861 -0.019201 -0.133900 0.301995 0.252437 0.149748 -0.147298 0.108036 0.074069 0.011304 -0.263672 -0.193536 -0.151877 0.111476 -0.030137 0.014470 -0.016594 -0.106840 -0.378409 0.302945 -0.017029 0.206518 0.227141 -0.129863 0.051245 0.087691 0.148828 -0.267575 -0.409970 -0.295859 -0.313404 -0.093855 0.047021 0.103905 -0.117648 -0.073819 0.172943 -0.042074 -0.088070 -0.005786 -0.182451 -0.064060 -0.077981 0.118000 0.070994 0.378676 0.295909 0.071035 0.192308 0.123566 0.063171 0.107263 -0.048367 -0.027425 0.184646 -0.087652 -0.180489 -0.183600 -0.254720 0.138280 -0.010823 -0.024954 0.036764 0.030432 -0.123953 -0.061433 -0.214201 -0.252845 -0.149067 -0.000036 -0.082722 0.084311 0.225351 0.141265 -0.142451 -0.270376 0.058651
-0.204410 -0.264605 0.219262 -0.148878 0.143830 0.057972 0.345417 0.433408 0.255863 0.448930 0.290584 0.406519 0.641280 1.000000 0.379369 0.407489 -0.129158 -0.105791 -0.291924 -0.439641 -0.137371 -0.244458 -0.235704 -0.288617 0.110141 -0.161147 -0.246006 -0.329071 -0.037154 0.073191 -0.183535 -0.320700 -0.090391 -0.196155 -0.436059 -0.355327 0.039613 0.181249 -0.230640 0.104558 0.180085 -0.028146 0.282986 0.255926 0.150531 -0.289782 0.345566 0.043980 0.282709 -0.163409 0.106417 0.169881 0.299936 0.173158 0.242807 0.328139 -0.115318 -0.278262 0.229324 0.164326 0.055656 0.252291 -0.217223 -0.019132 -0.213525 0.297385 -0.147889 -0.549859 -0.147570 -0.330380 0.000113 0.060525 -0.039415 0.028024 -0.044502 0.136704 -0.096827 -0.171800 -0.076901 -0.222840 -0.180956 -0.143636 -0.170227 -0.066084 -0.029154 0.042701 -0.109387 -0.055273 -0.227474 0.192404 0.167556 -0.024243 0.086980 0.222884 0.132717 -0.337700 0.019028 -0.008253 0.363689 0.211426 0.045868 -0.028506 0.081203 -0.100928 -0.110573 -0.267142 -0.006125 0.090041 0.146793 -0.030451 -0.139181 0.402453 0.333108 0.024629 -0.227277 0.117082
-0.009057 -0.253033 -0.055897 -0.368071 0.469281 0.045486 0.299438 -0.088467 0.638037 0.553028 0.641356 0.259825 0.574611 0.379369 1.000000 0.654919 -0.148862 -0.025425 0.069845 -0.134677 -0.477965 -0.339763 0.286196 -0.257291 0.224912 -0.464738 -0.286294 -0.353063 0.270576 0.219823 -0.325289 -0.449178 -0.229396 -0.096081 -0.433238 -0.243735 0.008791 -0.042371 -0.110563 -0.039791 0.064788 -0.106550 0.129968 0.096631 -0.061456 -0.164995 -0.045084 0.008624 -0.079166 -0.161306 0.050940 0.021594 0.189319 0.051490 0.199898 -0.011942 -0.210214 -0.131529 0.283304 -0.214933 0.282388 0.049426 0.079164 0.197543 0.181829 -0.305825 -0.143206 -0.367967 -0.015516 0.016613 -0.241622 -0.252778 0.052350 -0.052382 -0.029501 0.076600 0.132694 0.029300 -0.097661 -0.092142 -0.164600 -0.129867 0.451926 0.366113 0.239256 0.086664 0.187841 0.170020 0.323328 0.096696 0.095220 0.115707 -0.137622 0.315477 0.052195 0.123676 -0.167674 0.147601 0.043883 0.118641 0.152069 0.152164 0.161528 -0.111086 0.056277 -0.049515 -0.318099 -0.124887 0.086284 0.137324 0.006806 0.251131 0.139770 0.107300 -0.219230 -0.007658
-0.044743 -0.410369 0.058145 -0.092510 0.472776 0.196395 0.385380 0.171744 0.561491 0.660701 0.468874 0.463324 0.472691 0.407489 0.654919 1.000000 -0.192086 -0.159597 0.002913 -0.348121 -0.391533 -0.265877 0.045346 -0.062222 0.037678 -0.370457 -0.208297 -0.292638 0.175333 0.210096 -0.250521 -0.309126 -0.280273 -0.085575 -0.185619 -0.171924 0.094313 0.011615 -0.123803 0.060358 0.002612 -0.173348 0.003804 -0.092380 -0.187452 -0.323774 -0.068760 -0.217605 -0.139411 -0.386874 -0.019626 -0.071282 0.285510 0.129961 0.288390 -0.038010 -0.180893 -0.226723 0.351989 -0.171325 0.474430 0.277820 0.006598 0.037333 0.121085 0.062068 -0.107641 -0.332307 -0.080941 -0.097514 -0.124269 0.114550 0.021248 -0.104827 -0.057106 0.130768 0.157181 0.126125 -0.054254 -0.217820 -0.222329 -0.100741 0.214375 0.407203 0.165383 0.147369 -0.010075 0.099781 0.232668 0.288224 0.236936 0.185187 0.116900 0.293756 0.152231 0.028364 -0.152768 0.016504 -0.047769 0.118722 0.059882 0.104644 0.097952 -0.165657 -0.186743 -0.199128 -0.047558 -0.113857 0.046152 0.100365 -0.228817 0.190585 0.022547 0.083466 -0.198059 0.075932
-0.060718 0.115566 -0.114951 -0.229553 -0.007454 -0.191330 -0.049634 -0.182813 -0.038019 -0.382211 0.011880 -0.035993 0.039212 -0.129158 -0.148862 -0.192086 1.000000 0.255374 -0.042366 0.206175 0.107013 0.220236 -0.062153 -0.113088 -0.186312 -0.134722 -0.093054 -0.016190 0.384152 0.360203 0.120988 0.048004 0.364426 0.352240 0.056133 -0.009277 0.153571 -0.295391 0.084224 -0.206372 0.112479 -0.048213 0.038565 0.183500 0.327460 0.132239 -0.073543 0.130325 -0.031245 0.068263 -0.272976 -0.187629 -0.242741 -0.307111 -0.165307 -0.110513 0.494404 0.324258 -0.298754 -0.173859 0.198332 0.081505 0.384878 0.500184 0.190219 -0.009387 -0.215915 0.057881 -0.038762 0.157155 -0.166712 -0.082215 0.463819 -0.106044 -0.171801 -0.001723 -0.079514 0.075734 0.195050 0.430807 0.491226 0.563180 0.218064 0.209958 0.208254 0.236598 0.023212 -0.050805 -0.082383 -0.167388 -0.458620 -0.412219 -0.588705 -0.499602 -0.260387 -0.159604 0.071701 -0.401686 -0.249558 -0.396639 -0.293136 -0.203717 -0.266790 -0.426734 -0.106923 -0.242495 0.000064 -0.169547 -0.135151 -0.126027 0.141522 -0.165721 -0.016507 -0.170855 0.178892 -0.094443
-0.061701 -0.047659 -0.362000 -0.289125 -0.259948 -0.467998 -0.077983 -0.089509 0.013615 -0.154856 -0.005775 0.096402 0.049726 -0.105791 -0.025425 -0.159597 0.255374 1.000000 -0.117465 0.305306 -0.165904 -0.175043 -0.229119 -0.252332 -0.240876 -0.312455 -0.533053 -0.360102 0.436236 0.552722 -0.395421 -0.269692 0.253258 0.159212 -0.173016 -0.075909 0.109308 -0.021521 -0.161289 -0.165891 0.075642 0.064611 0.132380 -0.023964 0.067465 -0.015480 0.066816 0.130322 0.081813 0.096323 -0.102014 0.067000 0.035256 0.005802 -0.008328 0.183983 -0.183971 -0.051074 -0.119129 0.046736 0.097505 0.332182 0.484910 0.499349 0.022373 -0.015974 -0.232440 -0.243725 -0.159189 -0.090171 -0.070423 0.037443 0.368052 0.097410 0.013746 0.018116 0.112267 0.100109 0.219543 0.364684 0.196067 0.418928 0.048486 0.006872 0.190391 0.160345 -0.111841 -0.141379 -0.152339 -0.016259 -0.004693 -0.119479 -0.389814 -0.356952 0.075184 0.074528 0.003983 -0.221318 0.124656 -0.101734 -0.208460 0.026657 -0.022463 -0.154310 -0.015430 0.189512 -0.086148 -0.159002 -0.188934 0.190875 0.023033 -0.132182 -0.061010 0.060827 0.256806 -0.120566
0.298540 0.158946 -0.047609 0.099193 0.069059 -0.089015 0.014964 -0.153350 0.275147 0.160647 0.091493 -0.009751 -0.157150 -0.291924 0.069845 0.002913 -0.042366 -0.117465 1.000000 0.405760 -0.245037 0.175887 0.169308 0.162733 0.063324 -0.093562 0.033504 -0.071796 -0.148642 -0.197994 -0.059931 -0.077045 -0.300715 -0.019679 0.272008 0.127486 -0.134024 -0.379534 -0.175976 -0.217903 -0.150467 -0.095841 -0.147728 -0.197697 -0.241581 0.030355 -0.387669 -0.066504 -0.183319 -0.062032 -0.031000 -0.185829 -0.157127 -0.175127 -0.325316 -0.426049 0.111752 0.090625 0.347964 0.033622 0.237176 -0.094659 -0.136347 -0.153641 0.320934 -0.163674 0.500016 0.436993 0.436361 0.498417 -0.308451 -0.188185 -0.244630 -0.142687 -0.153819 -0.250484 -0.158453 -0.052180 -0.120574 -0.288321 -0.167275 -0.169171 0.075673 0.086162 -0.032203 -0.122509 0.136132 0.159623 0.278334 -0.147075 0.061913 0.107984 0.079265 0.332341 -0.273679 0.083698 -0.460644 -0.063187 -0.498737 -0.073374 0.112791 0.283777 -0.059686 0.336732 0.185837 0.051975 -0.042182 -0.216445 -0.060316 -0.110336 -0.181276 -0.256093 -0.168478 -0.168634 -0.155919 -0.164011
0.276412 0.491900 -0.262946 0.158076 -0.140154 -0.259924 -0.198719 -0.353870 0.017172 -0.193709 -0.142543 -0.184009 -0.245383 -0.439641 -0.134677 -0.348121 0.206175 0.305306 0.405760 1.000000 -0.117223 0.201735 -0.070040 0.003876 -0.366214 -0.258282 -0.224272 -0.201926 0.116286 0.198954 -0.075391 -0.091750 0.221802 0.219185 0.013900 -0.045364 -0.144706 -0.371227 -0.014133 -0.324368 -0.001319 -0.025274 0.005717 -0.040283 0.023632 0.048348 -0.116977 0.160331 -0.076911 0.209354 -0.171796 0.010856 -0.286975 -0.152428 -0.226830 -0.073723 0.200211 0.360517 -0.120927 0.049462 -0.057128 0.116806 0.177012 0.289207 -0.057837 -0.335232 0.147481 0.245781 0.419074 0.449611 -0.172165 -0.233343 0.141424 0.049757 -0.082866 -0.087038 -0.077549 0.026432 0.267573 0.169359 0.058522 0.280773 -0.047280 0.051538 -0.006381 0.155695 -0.173645 -0.120775 -0.126972 -0.174699 -0.140472 -0.333145 -0.359199 -0.204218 -0.543567 0.040041 -0.141433 -0.150962 -0.199636 -0.296305 -0.072109 0.178704 -0.012699 0.179624 -0.033992 0.021598 -0.157617 0.003617 -0.480485 -0.244054 -0.025445 -0.349620 -0.363176 -0.234630 0.142643 -0.056217
-0.216430 -0.138114 0.170303 0.209842 -0.181824 0.259553 -0.335629 0.181167 -0.255140 -0.284693 -0.356585 -0.186578 -0.218572 -0.137371 -0.477965 -0.391533 0.107013 -0.165904 -0.245037 -0.117223 1.000000 0.311986 -0.131086 0.192592 0.036036 0.546487 0.441705 0.433700 -0.016084 -0.042982 0.481737 0.653929 0.241642 0.302289 0.319401 0.295398 0.066655 0.282517 0.317426 0.227920 0.250632 0.385890 0.012760 0.279204 0.178621 0.340810 0.123258 0.256796 -0.061094 -0.047847 -0.234351 -0.312943 -0.350577 -0.213258 -0.103712 -0.133500 0.178408 -0.017217 -0.414955 -0.160429 -0.381902 -0.359390 -0.246352 -0.301075 -0.155582 0.139960 -0.168755 0.301925 -0.169460 -0.253223 0.280850 0.141117 0.124180 0.006560 0.034584 0.117422 -0.054247 0.086116 0.303767 0.358018 0.237997 0.192194 -0.047937 0.099908 -0.116547 -0.038659 -0.125888 -0.111234 -0.251747 -0.346240 -0.273570 -0.219190 0.019299 -0.330969 0.077414 -0.175692 0.031930 -0.109179 -0.240975 -0.291082 -0.200356 -0.251672 -0.244214 -0.118506 -0.092914 -0.103614 -0.164776 0.144039 0.103753 -0.074907 0.358413 -0.075193 -0.031838 -0.235001 0.205853 -0.136276
0.276864 -0.031358 -0.101255 0.112002 -0.274646 -0.040609 -0.362729 0.110369 -0.029707 -0.223873 0.006224 -0.064190 -0.077915 -0.244458 -0.339763 -0.265877 0.220236 -0.175043 0.175887 0.201735 0.311986 1.000000 0.119703 0.457486 0.026698 0.285910 0.381258 0.498989 0.085262 -0.096102 0.367580 0.501991 0.076032 0.054709 0.331147 0.175413 -0.066572 -0.250303 -0.023007 -0.187434 0.026440 -0.032488 0.090386 0.118086 0.151618 0.103544 -0.043756 0.066856 -0.189652 -0.201568 -0.415749 -0.483838 -0.577677 -0.380535 -0.193133 -0.293511 0.196226 0.098890 -0.091486 -0.071998 -0.203645 -0.164294 -0.354918 -0.214994 0.060595 0.148135 0.025638 0.131713 0.024621 0.023871 0.061684 0.294093 0.005411 -0.192555 -0.061126 0.075899 -0.161347 0.149680 0.126650 0.132805 0.277268 0.234687 0.126727 -0.011812 0.165291 0.014428 0.058094 0.037819 0.123062 -0.440833 -0.276961 -0.174790 0.022805 -0.113195 -0.163982 -0.027285 -0.029249 -0.184082 -0.376079 -0.335061 -0.047155 -0.212343 -0.283416 -0.111744 -0.001411 -0.121420 0.101088 -0.106563 0.034625 -0.224054 0.219777 -0.168147 -0.267872 -0.302571 0.185271 -0.263170
0.321600 0.079176 0.162841 -0.065048 0.255275 0.046875 0.083772 -0.108604 -0.105032 0.075063 0.368114 0.131640 0.086639 -0.235704 0.286196 0.045346 -0.062153 -0.229119 0.169308 -0.070040 -0.131086 0.119703 1.000000 0.533735 0.440697 0.143309 0.336261 0.378486 0.020680 -0.248861 0.181365 0.240770 -0.133083 -0.071507 0.405547 0.079957 -0.067798 -0.082661 0.050370 -0.200597 -0.043214 -0.057386 -0.270114 -0.251567 -0.339677 -0.146592 -0.357017 -0.281197 -0.478366 -0.368347 -0.009155 -0.313065 -0.166254 -0.083388 0.153350 -0.232428 0.091616 0.075780 -0.101427 -0.469174 0.007176 -0.386765 -0.059058 -0.094509 0.590004 -0.178761 -0.181744 0.018939 -0.032684 0.055494 0.024910 -0.245118 -0.027434 -0.053668 0.146981 -0.069838 0.156608 -0.093496 -0.312083 -0.091486 0.012655 -0.090691 0.526061 0.233650 0.370173 0.153198 0.577946 0.476420 0.692500 -0.019400 -0.156347 0.174251 0.191587 0.269894 -0.101436 0.156738 -0.189963 -0.037246 -0.268466 -0.217316 0.141244 0.027383 -0.184646 -0.105451 0.047983 0.107146 -0.134800 -0.468092 0.028131 -0.308525 0.085641 -0.113795 -0.096226 0.075568 -0.143764 -0.152378
0.406615 0.053186 0.089598 0.400111 -0.130268 -0.014846 -0.002344 0.183039 -0.171474 -0.021891 0.092786 0.290486 -0.034070 -0.288617 -0.257291 -0.062222 -0.113088 -0.252332 0.162733 0.003876 0.192592 0.457486 0.533735 1.000000 0.138260 0.313085 0.408115 0.478174 -0.067916 -0.267454 0.202700 0.507252 -0.190832 -0.196988 0.600656 0.107603 -0.311680 -0.210005 -0.113288 -0.196756 -0.325269 -0.293522 -0.222468 -0.285703 -0.294469 -0.131487 -0.358358 -0.203760 -0.388340 -0.441800 -0.165061 -0.433457 -0.232244 -0.117603 -0.125543 -0.393903 0.066850 -0.075111 -0.054106 -0.244769 -0.135795 -0.201137 -0.300286 -0.298209 0.419506 0.356190 -0.011453 0.263248 0.083424 0.089882 0.001570 0.110391 -0.175540 -0.262266 -0.100129 -0.214496 -0.115595 -0.150395 -0.132933 -0.203392 0.000744 -0.067106 0.178443 0.039954 0.306773 0.285325 0.380185 0.461093 0.432621 -0.077746 -0.081099 0.145073 0.418414 0.105663 -0.212846 -0.071681 -0.314686 -0.251696 -0.439855 -0.367903 0.034704 -0.128563 -0.190644 0.022775 -0.101435 -0.056034 0.147570 -0.314041 0.117777 -0.316079 0.051262 -0.293883 -0.316821 -0.268811 -0.125987 -0.176392
-0.024225 -0.151989 0.259960 -0.347459 0.315346 0.288265 0.076679 -0.012553 0.086092 0.170565 0.183749 -0.111400 0.109633 0.110141 0.224912 0.037678 -0.186312 -0.240876 0.063324 -0.366214 0.036036 0.026698 0.440697 0.138260 1.000000 0.479767 0.362405 0.421960 0.034902 -0.171195 0.191365 0.228482 0.131004 0.157821 0.194962 0.161305 0.270625 0.176122 -0.142678 0.130339 -0.016768 0.031987 -0.007175 0.133370 -0.163748 0.081640 -0.117538 -0.140945 -0.315388 -0.276035 -0.066729 -0.363159 -0.322669 -0.194148 0.034039 -0.226334 -0.005519 0.006577 -0.118613 -0.329428 -0.082618 -0.388512 -0.188129 -0.217425 0.185514 0.019963 -0.140288 0.082689 -0.066246 -0.106908 0.184077 0.060221 0.020226 0.038665 0.106836 0.175861 0.166113 0.054284 -0.215601 -0.042081 0.093089 -0.143315 0.152141 0.057555 0.132435 -0.157969 0.377398 0.349529 0.288831 -0.291560 -0.284940 0.141952 0.271101 0.237723 0.115876 0.175132 -0.009633 0.232466 -0.086793 0.046519 0.326894 0.029032 -0.198381 -0.071824 0.035848 -0.030396 -0.086559 -0.114505 0.179667 0.153104 0.272063 0.128401 0.107720 0.287265 -0.174770 -0.211471
-0.145509 -0.133526 0.323482 0.142285 -0.077767 0.478385 -0.240011 0.214394 -0.318076 -0.195227 -0.325060 -0.406288 -0.253151 -0.161147 -0.464738 -0.370457 -0.134722 -0.312455 -0.093562 -0.258282 0.546487 0.285910 0.143309 0.313085 0.479767 1.000000 0.749155 0.747462 -0.231549 -0.336980 0.641200 0.789188 0.257813 0.273824 0.387331 0.479667 0.118837 0.283330 0.151091 0.289349 0.088712 0.243284 -0.117151 0.185962 0.139277 0.463524 0.022496 0.059562 -0.243120 -0.003240 -0.306544 -0.299778 -0.484816 -0.352294 -0.152318 -0.112402 0.053427 0.016107 -0.373173 -0.128945 -0.308758 -0.369859 -0.381084 -0.423407 -0.161483 0.234417 -0.151865 0.371899 -0.181866 -0.177110 0.280746 0.232883 -0.128221 0.065674 0.200683 0.272336 0.137870 0.116285 -0.056334 0.102406 -0.028292 -0.202604 -0.269117 -0.172451 -0.262435 -0.333936 -0.078419 0.038037 -0.008909 -0.197597 -0.288212 -0.057005 0.354931 -0.042682 0.001711 0.154490 0.254114 0.149604 -0.202656 -0.143457 0.056446 -0.137471 -0.246424 0.015834 0.106310 0.054864 -0.007026 0.085700 0.049888 -0.047103 0.510801 -0.033787 0.038610 0.113419 0.192877 -0.110432
-0.018069 0.036118 0.156309 0.108112 0.114916 0.459258 -0.357341 0.008697 -0.235618 -0.210192 -0.160082 -0.255955 -0.305230 -0.246006 -0.286294 -0.208297 -0.093054 -0.533053 0.033504 -0.224272 0.441705 0.381258 0.336261 0.408115 0.362405 0.749155 1.000000 0.850581 -0.315299 -0.514911 0.590174 0.690214 0.055135 0.176966 0.409272 0.440586 -0.054305 0.127702 0.324408 0.281170 -0.046347 0.127404 -0.132489 0.137569 0.072042 0.344601 -0.004859 0.016671 -0.202038 -0.007519 -0.168319 -0.191658 -0.419387 -0.208264 -0.119770 -0.064136 0.122528 0.177366 -0.250958 -0.203836 -0.371477 -0.459848 -0.332195 -0.399403 -0.029284 0.089195 -0.001174 0.357072 -0.058094 0.064899 0.048761 0.024832 -0.295859 -0.122195 0.004954 0.078715 0.079118 0.038557 -0.105413 0.131307 0.020957 -0.164029 0.065203 -0.045139 -0.147948 -0.271334 0.125990 0.109397 0.221489 -0.253927 -0.308373 -0.036323 0.250168 -0.020592 0.082951 0.167707 0.233327 0.151890 -0.248691 -0.185917 -0.138879 -0.193971 -0.260193 -0.148326 0.117344 -0.003879 -0.014658 -0.031177 0.154147 -0.126951 0.352404 -0.031830 -0.000106 0.077152 0.030783 -0.162604
-0.060681 -0.029214 0.119578 0.018220 0.008666 0.385593 -0.340474 0.041413 -0.246889 -0.239593 -0.145160 -0.228999 -0.280812 -0.329071 -0.353063 -0.292638 -0.016190 -0.360102 -0.071796 -0.201926 0.433700 0.498989 0.378486 0.478174 0.421960 0.747462 0.850581 1.000000 -0.123178 -0.339225 0.549265 0.738342 0.130838 0.188103 0.529125 0.450791 0.027602 0.126189 0.233613 0.212166 0.004349 0.183906 -0.217702 0.028873 -0.017951 0.278924 -0.131472 -0.078808 -0.315179 -0.158252 -0.150702 -0.329357 -0.434341 -0.181800 -0.077316 -0.145462 0.037825 0.082801 -0.344401 -0.283135 -0.344571 -0.409891 -0.240523 -0.341939 0.116759 0.225048 -0.114686 0.310588 -0.171005 -0.075226 0.208340 0.117944 -0.067391 0.008276 0.149980 0.103756 0.044605 0.075670 -0.123268 0.191051 0.138334 -0.073011 0.122030 -0.012123 -0.029442 -0.178628 0.207187 0.188193 0.245212 -0.289166 -0.336417 0.024650 0.277120 -0.052737 0.139289 0.275689 0.205426 0.124240 -0.281010 -0.170125 -0.037054 -0.258936 -0.354089 -0.169321 0.128701 0.073489 0.032332 -0.101486 0.172131 -0.034917 0.355399 -0.031227 -0.050911 0.033931 0.069895 -0.191317
-0.071712 -0.317939 -0.161068 -0.209710 0.058590 -0.215295 0.103239 0.000529 0.210274 -0.074691 0.270815 0.107606 0.342848 -0.037154 0.270576 0.175333 0.384152 0.436236 -0.148642 0.116286 -0.016084 0.085262 0.020680 -0.067916 0.034902 -0.231549 -0.315299 -0.123178 1.000000 0.631573 0.024041 0.031630 0.223258 0.229175 0.088089 0.080057 0.199894 -0.074956 -0.191368 -0.164775 0.141705 -0.061432 0.086942 0.159606 0.047534 0.029605 -0.098573 -0.009472 -0.337520 -0.225145 -0.294785 -0.399602 -0.231151 -0.184575 -0.231393 -0.246077 0.001080 -0.175053 -0.261751 -0.431798 0.274869 0.052463 0.301296 0.341937 0.232308 -0.118449 -0.375050 -0.149271 -0.268307 -0.283073 -0.063535 0.045954 0.659041 -0.028575 -0.012520 0.187541 0.173268 0.337272 0.320223 0.329766 0.411728 0.479259 0.330073 0.403604 0.401256 0.349755 0.016526 0.040398 -0.026057 -0.203405 -0.212702 -0.081085 -0.370989 -0.373330 -0.034634 0.037905 -0.247090 -0.158878 -0.067832 -0.220985 -0.113107 -0.103085 -0.162087 -0.367297 -0.159407 -0.146823 -0.132221 -0.249375 -0.109203 0.164383 0.208504 -0.149237 -0.083633 -0.189715 0.162666 -0.088574
-0.270533 -0.232958 -0.143258 -0.212683 -0.018598 -0.224566 0.175688 -0.028499 0.257872 0.080236 0.031209 0.080406 0.160887 0.073191 0.219823 0.210096 0.360203 0.552722 -0.197994 0.198954 -0.042982 -0.096102 -0.248861 -0.267454 -0.171195 -0.336980 -0.514911 -0.339225 0.631573 1.000000 -0.081764 -0.092291 0.188363 0.363228 -0.170418 -0.041612 0.192318 0.008835 -0.304304 -0.180385 0.279118 0.029563 0.028351 0.008642 -0.075672 -0.095664 -0.055912 0.026906 -0.281681 -0.188456 -0.260641 -0.195028 -0.046212 -0.076769 0.116069 0.066765 -0.118384 -0.078057 -0.267496 -0.211673 0.386940 0.340734 0.483634 0.522095 0.028400 0.015468 -0.293008 -0.227747 -0.128835 -0.125687 0.045609 0.103138 0.720824 0.140192 0.031826 0.338014 0.246891 0.372748 0.303991 0.498288 0.270021 0.551402 0.122754 0.434204 0.079792 0.147358 -0.266159 -0.211982 -0.183026 0.036743 -0.104865 -0.241588 -0.385681 -0.291147 -0.028103 0.126692 -0.001173 -0.099733 -0.009235 -0.062636 -0.028675 -0.011418 0.097834 -0.167716 -0.092678 0.011841 -0.136874 -0.047228 -0.181536 0.140886 0.037384 -0.089479 0.005884 -0.182865 0.310370 0.019690
-0.257539 -0.223774 0.445986 0.237780 0.108194 0.507945 -0.011655 0.260066 -0.253525 -0.154216 -0.292560 -0.390296 -0.178576 -0.183535 -0.325289 -0.250521 0.120988 -0.395421 -0.059931 -0.075391 0.481737 0.367580 0.181365 0.202700 0.191365 0.641200 0.590174 0.549265 0.024041 -0.081764 1.000000 0.814337 0.203103 0.364513 0.384116 0.524481 0.031630 0.013225 0.096315 0.061823 0.243789 0.182202 -0.116096 0.093453 -0.021687 0.373672 0.020400 0.023890 -0.466647 -0.160687 -0.323176 -0.411849 -0.421995 -0.211270 -0.100274 -0.115339 0.021581 -0.098824 -0.443796 -0.316162 -0.056822 -0.280620 -0.195667 -0.225925 -0.084859 0.050909 -0.204950 0.383588 -0.306885 -0.289680 0.289610 0.097801 0.234063 0.150995 0.162439 0.356628 0.252102 0.263046 0.032836 0.142483 0.060959 -0.090127 -0.115743 0.104497 -0.348661 -0.395338 -0.241022 -0.195632 -0.055888 -0.258487 -0.067202 -0.019237 0.148407 -0.041344 -0.050247 0.238880 0.201417 0.101110 -0.211480 -0.082269 -0.001312 0.026473 -0.049714 0.040740 0.111240 0.035799 -0.071310 0.036664 -0.061961 -0.139560 0.374640 -0.035775 0.103510 -0.041947 0.113110 -0.108871
-0.149141 -0.178537 0.232284 0.306351 -0.032871 0.446196 -0.216189 0.254116 -0.257735 -0.202340 -0.285268 -0.228065 -0.224252 -0.320700 -0.449178 -0.309126 0.048004 -0.269692 -0.077045 -0.091750 0.653929 0.501991 0.240770 0.507252 0.228482 0.789188 0.690214 0.738342 0.031630 -0.092291 0.814337 1.000000 0.184493 0.311289 0.531527 0.526040 -0.004525 0.090108 0.110072 0.039192 0.105122 0.205501 -0.182771 0.057062 -0.026257 0.356610 -0.104000 -0.015053 -0.494647 -0.255680 -0.410403 -0.539331 -0.539155 -0.352231 -0.146354 -0.268001 0.022665 -0.076345 -0.459870 -0.349620 -0.164153 -0.316991 -0.272722 -0.299185 0.059640 0.268145 -0.245503 0.428743 -0.280065 -0.260488 0.258312 0.249411 0.142258 0.026566 0.146553 0.291724 0.179791 0.256822 0.153982 0.204572 0.078496 -0.013765 -0.051059 0.110509 -0.134549 -0.189046 -0.108697 -0.000007 0.039526 -0.255973 -0.236154 -0.049505 0.306429 -0.149287 -0.033792 0.192679 0.072973 0.011862 -0.398905 -0.312611 -0.065894 -0.139932 -0.185364 -0.028280 0.069987 0.061213 -0.095636 -0.020433 0.001005 -0.156461 0.459474 -0.134850 -0.103517 -0.116680 0.241715 -0.222525
-0.064690 0.172179 -0.166452 -0.206968 0.030568 -0.022608 -0.269104 -0.300146 -0.245890 -0.372081 -0.193733 -0.240844 -0.178998 -0.090391 -0.229396 -0.280273 0.364426 0.253258 -0.300715 0.221802 0.241642 0.076032 -0.133083 -0.190832 0.131004 0.257813 0.055135 0.130838 0.223258 0.188363 0.203103 0.184493 1.000000 0.630631 0.003454 0.015386 0.469065 0.133661 0.166754 0.149185 0.425965 0.177321 0.078541 0.185500 0.279311 0.113868 0.100217 0.112587 -0.069385 0.025961 -0.290445 -0.195358 -0.374976 -0.187926 0.082968 0.084549 0.342958 0.405127 -0.432453 -0.214246 -0.061614 -0.021613 0.169052 0.413423 -0.101184 -0.057496 -0.297648 -0.026857 0.056029 0.035732 0.105030 -0.084105 0.376775 0.174925 0.128127 0.197727 0.099728 0.164012 0.332717 0.488541 0.355784 0.482021 -0.077794 0.012230 0.036609 0.138262 -0.082044 -0.135418 -0.245075 -0.223421 -0.459799 -0.589601 -0.417586 -0.522272 -0.182812 -0.135878 0.390776 -0.147025 -0.054396 -0.376379 -0.172403 -0.163626 -0.385030 -0.313757 -0.341046 -0.254337 -0.108454 0.269663 -0.269582 -0.061307 0.305644 -0.162050 -0.221306 0.086013 0.145124 -0.102016
-0.298856 -0.054476 0.012049 -0.232914 0.193361 0.215310 -0.072337 -0.157619 0.038703 -0.108095 -0.233945 -0.216910 -0.286131 -0.196155 -0.096081 -0.085575 0.352240 0.159212 -0.019679 0.219185 0.302289 0.054709 -0.071507 -0.196988 0.157821 0.273824 0.176966 0.188103 0.229175 0.363228 0.364513 0.311289 0.630631 1.000000 0.150724 0.352699 0.354228 -0.011586 0.046298 -0.010153 0.423953 0.214491 0.030544 0.259090 0.178239 0.390643 0.073789 0.191025 -0.362125 -0.043695 -0.363416 -0.298522 -0.469893 -0.154166 0.053844 0.020348 0.282027 0.309346 -0.516117 -0.438631 0.074229 -0.171239 0.170682 0.254224 0.001532 -0.068221 -0.342334 0.202685 0.035814 0.016272 0.049959 -0.133174 0.395409 0.055666 0.078889 0.322527 0.281061 0.268697 0.244248 0.555031 0.326661 0.392760 0.099065 0.381332 -0.137674 -0.125161 -0.197736 -0.175996 -0.099215 -0.228327 -0.445559 -0.442655 -0.427199 -0.417719 -0.150591 0.170341 0.214335 -0.096507 -0.252507 -0.370987 -0.015875 -0.085262 -0.305774 -0.298386 -0.129550 -0.155931 -0.252757 -0.001704 -0.202337 -0.046460 0.339086 -0.170162 -0.243037 0.029506 0.402010 -0.276703
0.039664 -0.010831 0.178705 0.225303 -0.116108 -0.001480 0.017157 0.019367 -0.251235 -0.212412 -0.171221 0.034798 -0.216653 -0.436059 -0.433238 -0.185619 0.056133 -0.173016 0.272008 0.013900 0.319401 0.331147 0.405547 0.600656 0.194962 0.387331 0.409272 0.529125 0.088089 -0.170418 0.384116 0.531527 0.003454 0.150724 1.000000 0.420318 0.036533 0.045203 0.046429 0.027616 0.081109 0.100107 -0.451240 -0.311014 -0.336820 0.090966 -0.456982 -0.355477 -0.566832 -0.355246 -0.152338 -0.499981 -0.307380 -0.105608 -0.180991 -0.442687 0.170710 -0.054730 -0.100620 -0.342324 0.093721 -0.330017 -0.117123 -0.255031 0.490946 0.135866 0.099697 0.478156 -0.044370 -0.044100 0.188572 0.102708 0.117169 0.025371 0.089665 -0.067851 0.063371 0.159904 -0.068892 -0.000637 0.204812 0.052590 0.022144 0.155428 0.125265 0.116293 0.268637 0.293841 0.315610 -0.182542 -0.170131 0.036893 0.301871 0.024354 -0.062061 0.066307 -0.216155 -0.245433 -0.482057 -0.319788 -0.036673 0.036139 -0.393288 0.028399 -0.070034 0.041866 0.044316 -0.344305 -0.003011 -0.211616 -0.029353 -0.294341 -0.174352 -0.202681 -0.015224 -0.127162
-0.352184 -0.279724 0.285668 0.005317 -0.049145 0.266071 -0.000811 0.233474 0.096301 0.019459 -0.406202 -0.270005 -0.269887 -0.355327 -0.243735 -0.171924 -0.009277 -0.075909 0.127486 -0.045364 0.295398 0.175413 0.079957 0.107603 0.161305 0.479667 0.440586 0.450791 0.080057 -0.041612 0.524481 0.526040 0.015386 0.352699 0.420318 1.000000 -0.092074 -0.066104 0.092495 0.037404 0.030149 0.134702 -0.034280 0.065855 0.042320 0.558528 -0.042198 0.124345 -0.276009 0.045654 -0.136824 -0.198887 -0.367145 -0.201377 -0.324567 -0.046061 -0.197819 -0.246460 -0.125517 -0.067847 0.093686 -0.109298 -0.285659 -0.290003 0.061980 0.160591 0.039483 0.536853 -0.132663 -0.197563 0.062768 0.162684 0.066750 -0.019509 -0.008697 0.029615 0.065575 0.208636 -0.031619 0.092689 -0.155084 -0.210226 -0.099351 -0.004986 -0.360419 -0.533863 -0.183751 -0.161729 0.024790 -0.241166 -0.037526 -0.033508 0.148347 0.012469 0.061985 0.366046 0.101458 -0.001847 -0.251762 0.006603 0.082864 0.092683 -0.145723 0.055768 0.066378 0.129646 -0.028280 0.107276 -0.005735 0.015813 0.290731 -0.183396 0.122768 0.121311 0.323210 -0.071233
