1.000000 0.251766 0.109253 -0.086231 0.054553 0.108575 0.040291 -0.121019 -0.033529 0.015823 0.556874 0.323372 0.372978 0.282353 0.455251 -0.095822 0.169896 -0.048930 0.130414 -0.202961 -0.108935 -0.141845 0.166999 -0.055267 0.046260 -0.052442 0.026691 0.265864 0.179185 -0.136757 -0.015629 -0.220705 -0.082363 -0.282077 -0.048644 -0.036277 0.094536 0.017438 0.203350 0.022647 0.002882 0.130512 0.064868 0.045828 -0.343722 -0.341987 -0.011379 -0.102842 0.091004 -0.293243 -0.041594 -0.041327 0.130487 -0.048737 -0.193243 -0.340283 0.197394 0.016573 0.508934 0.002023 0.414785 0.059814 -0.005807 0.152631 0.029549 0.023453 -0.096234 -0.176403 -0.008014 -0.245445 -0.180978 -0.137208 0.037692 0.041085 0.071774 0.102572 0.224098 -0.205522 0.001160 0.116218 0.077030 -0.112583 0.291297 0.030524 0.252044 0.068429 -0.074016 -0.014467 0.221034 0.189787 -0.217901 0.109791 -0.070003 0.307519 -0.022114 -0.122060 -0.145626 -0.241189 -0.019631 -0.169907 -0.284655 0.181535 0.086162 -0.045091 -0.006966 -0.186874 -0.002893 -0.040950 0.060252 -0.367431 -0.120826 -0.165226 -0.172579 0.182294 -0.016557 0.004696
0.251766 1.000000 -0.558978 0.197178 0.049029 0.324763 -0.503875 -0.185682 -0.181503 0.089930 0.147694 0.134355 0.147193 0.301423 0.483819 0.313976 0.228448 0.256295 -0.073167 0.226095 -0.020431 -0.046498 -0.076365 -0.073678 -0.125531 -0.161287 0.273800 0.321373 0.176475 0.002239 -0.194528 -0.241483 0.088458 -0.015960 -0.084554 -0.078450 0.248967 0.029516 0.014931 -0.018171 0.182032 0.120434 -0.213179 -0.353446 -0.300569 -0.220019 -0.199345 -0.292607 -0.341241 -0.234716 -0.232462 -0.032582 0.023093 -0.312889 0.041852 -0.277582 0.510543 0.517995 0.204187 0.279786 0.139369 0.372956 0.103208 0.293505 -0.126027 0.152856 -0.273347 -0.238389 0.392359 0.039384 -0.115865 -0.265510 -0.074214 0.287866 0.109661 -0.051279 0.181948 -0.150969 0.171107 0.161481 0.286051 0.146330 0.291135 0.438969 0.365205 0.308048 0.089368 0.288019 0.139099 0.281499 -0.214426 -0.386556 0.021608 -0.176858 0.069783 -0.120200 -0.180771 -0.022280 -0.061323 -0.086190 0.082748 0.199254 -0.083101 -0.156942 -0.156050 -0.216764 -0.061477 -0.178229 0.201648 -0.378106 -0.244694 -0.125572 0.033190 -0.087896 -0.019544 -0.119150
0.109253 -0.558978 1.000000 -0.227809 0.105839 -0.265894 0.676890 0.043857 0.291956 -0.074319 -0.042110 -0.115426 0.050225 -0.361331 -0.118119 -0.465676 -0.293783 -0.381589 0.259578 -0.276169 -0.019879 0.022557 0.413418 0.167759 0.394225 0.259669 -0.167748 -0.137912 -0.059362 -0.159494 0.478611 0.297416 -0.254295 -0.122496 0.162319 0.054463 -0.322049 -0.043992 0.183952 0.099959 -0.218578 -0.058319 0.120540 0.179583 0.030506 -0.022456 0.085169 0.073242 0.310676 -0.109030 0.288876 -0.073012 0.045924 0.125532 -0.114877 0.038034 -0.378105 -0.360988 0.121467 -0.367244 -0.111036 -0.369684 -0.316768 -0.293897 0.366180 -0.117558 0.222981 0.167652 -0.327351 -0.053446 0.124174 0.190954 0.026417 -0.309031 -0.072870 0.110341 -0.062934 0.033178 -0.152502 -0.027697 -0.261087 -0.277441 -0.144307 -0.387074 -0.069971 -0.241303 -0.137874 -0.203225 0.149536 -0.160042 -0.029563 0.486301 -0.166615 0.373306 -0.133267 -0.045733 0.120837 -0.092491 -0.131094 0.008238 -0.243062 -0.130519 -0.016803 0.162496 0.024632 0.063150 0.074986 0.181064 -0.131826 0.243056 0.273491 0.134597 -0.362832 0.045139 -0.047287 0.059030
-0.086231 0.197178 -0.227809 1.000000 0.066004 0.479610 0.043936 0.124149 0.100947 0.260081 -0.283864 -0.011733 -0.207121 -0.162419 0.279433 0.211358 -0.144927 0.001781 0.060474 -0.026021 0.332795 0.169177 0.227581 0.572663 0.055139 0.306306 0.076468 0.423075 0.043156 0.021576 0.016818 0.399363 0.099807 0.155484 0.133185 -0.142508 -0.033042 -0.171658 -0.103875 0.011578 0.049412 0.010027 -0.401416 -0.481601 -0.347898 -0.081503 -0.348477 -0.415264 -0.282624 -0.178500 0.064647 -0.287206 -0.075944 -0.232878 -0.087737 -0.394329 0.014647 0.001026 -0.249115 -0.119007 -0.063364 -0.123237 -0.056135 -0.220247 0.449102 0.294926 0.011403 0.231343 0.051380 0.056746 -0.090210 -0.350006 -0.083045 0.170270 0.289393 0.185377 0.235717 0.123832 -0.010898 0.095214 0.041588 0.053113 0.290989 0.599312 0.192456 0.329802 0.197387 0.302696 0.263106 -0.117678 0.065385 -0.185171 0.468093 -0.196674 -0.152978 -0.244114 -0.456593 -0.127084 -0.205182 -0.180876 0.056100 -0.176637 0.016304 -0.470485 -0.274819 -0.244348 -0.096833 -0.198475 0.025185 -0.357255 -0.277087 -0.320890 -0.115591 -0.228305 0.040527 0.002607
0.054553 0.049029 0.105839 0.066004 1.000000 0.286504 0.330588 0.229401 0.591785 0.546927 0.162019 -0.070464 0.197063 -0.028580 0.356126 0.246154 -0.011625 -0.014578 0.200155 0.009409 0.399099 0.208408 0.071491 0.065721 -0.111482 0.015423 0.485349 0.073269 0.353332 0.337726 0.041229 -0.023719 0.241199 0.094833 -0.307592 -0.197921 -0.133451 -0.104125 0.282219 -0.106346 -0.094234 0.138836 -0.094165 -0.171634 -0.124990 -0.251142 -0.225220 0.104766 0.039961 -0.054784 -0.235979 -0.222202 -0.299975 -0.197934 -0.041550 -0.295787 -0.005847 0.079505 0.102356 -0.078326 0.273621 0.117573 0.056083 -0.025517 0.319438 0.036089 0.169798 -0.068451 0.005054 -0.239005 -0.057429 -0.173336 0.236472 0.206834 0.370994 0.024780 -0.063231 -0.142716 -0.007639 -0.182174 -0.107302 -0.085099 0.133885 0.279529 -0.021923 0.054413 -0.171182 -0.110941 0.187066 -0.022998 -0.266766 0.000060 -0.324258 -0.053203 -0.059319 -0.186811 -0.070266 -0.167217 -0.468669 -0.160956 -0.186233 -0.267216 -0.148440 -0.112013 -0.006760 -0.142337 -0.122298 -0.005781 0.079065 0.235264 -0.222302 -0.004065 -0.279327 -0.069434 -0.042473 -0.290279
0.108575 0.324763 -0.265894 0.479610 0.286504 1.000000 -0.176270 0.017542 0.243397 0.437022 0.021298 -0.086978 0.049049 -0.101318 0.509878 0.255778 0.055560 -0.004018 0.002142 0.092089 0.463665 0.133812 0.170603 0.318550 -0.048731 0.186878 0.325107 0.536757 0.178723 -0.136055 -0.030751 0.057567 -0.060614 -0.015605 0.082207 0.004848 0.171883 -0.026180 0.006769 -0.035430 0.174002 0.012148 -0.258960 -0.345436 -0.318380 -0.149504 -0.200842 -0.302298 -0.278912 -0.217655 -0.064555 -0.188128 -0.289942 -0.241568 -0.158965 -0.313081 0.078403 0.094161 0.038911 0.009259 0.057463 -0.045452 0.094622 0.002288 0.209421 0.190669 -0.075467 0.080011 -0.017488 -0.124371 -0.105116 -0.519526 -0.092023 0.207756 0.068560 -0.063023 0.240327 0.134226 -0.017520 0.135410 0.024262 -0.004170 0.398822 0.444327 0.281973 0.329293 0.199485 0.119032 0.391571 0.128530 -0.025513 -0.136602 0.254146 0.104027 0.061186 0.055746 -0.125221 0.136211 -0.325102 -0.112600 0.166100 -0.097778 -0.266975 -0.298294 -0.226499 -0.269079 0.007472 -0.246354 0.115340 -0.063705 -0.163241 -0.040247 0.003766 -0.306169 0.063178 -0.044035
0.040291 -0.503875 0.676890 0.043936 0.330588 -0.176270 1.000000 0.407270 0.528253 0.213372 -0.004741 -0.004661 0.035578 -0.230787 -0.004101 -0.179521 -0.285021 -0.253526 0.241521 -0.287721 0.193872 -0.021758 0.262257 0.249787 0.186668 0.134479 0.009348 -0.213400 0.091011 0.078775 0.315310 0.238156 0.008958 0.050974 -0.078881 -0.045254 -0.288943 -0.166079 0.075208 -0.064746 -0.188297 0.001528 0.013897 0.009706 0.045607 -0.046200 -0.032660 0.085169 0.210800 0.026437 0.058913 -0.341604 -0.216064 -0.051209 -0.196071 -0.186934 -0.423612 -0.420767 -0.060585 -0.260685 0.023006 -0.243503 -0.300203 -0.407105 0.536153 0.047675 0.295732 0.181389 -0.302938 -0.104129 0.172056 0.079553 0.106499 -0.111633 0.063766 0.126351 -0.002651 -0.023676 -0.185215 -0.182628 -0.368934 -0.343457 -0.131274 -0.070230 -0.216456 -0.129870 -0.186534 -0.181831 0.246474 -0.310378 0.146713 0.468936 -0.017309 0.305760 -0.221547 -0.068545 -0.137825 -0.252766 -0.215903 -0.071891 -0.269057 -0.336084 0.005564 -0.064031 -0.066768 0.043906 0.103866 0.130769 -0.023035 0.182949 0.102301 0.086125 -0.397160 -0.015061 -0.067054 -0.077256
-0.121019 -0.185682 0.043857 0.124149 0.229401 0.017542 0.407270 1.000000 0.525725 0.640129 0.135707 0.408058 0.086296 0.317175 0.051844 0.385433 -0.241900 -0.202154 -0.095329 -0.244179 0.057396 -0.015705 -0.363349 0.168830 -0.276656 -0.222661 0.013811 -0.325266 -0.124689 0.246718 -0.224259 -0.085885 -0.017159 0.242451 -0.302190 -0.023908 -0.204066 -0.194735 0.004715 -0.063129 -0.052848 -0.148659 -0.042598 -0.100754 0.094562 0.130560 -0.213516 0.078624 0.092575 0.309954 -0.219575 -0.128112 -0.341655 -0.155334 -0.073169 -0.043751 -0.273051 -0.541187 -0.049183 0.150942 0.215867 0.526275 -0.180856 -0.311205 0.328322 0.579782 0.086765 -0.023725 -0.393290 -0.389847 0.187919 -0.028028 0.107565 -0.173382 0.001748 -0.068583 0.033025 0.094170 -0.045926 -0.203081 -0.123512 -0.258770 -0.190112 0.258660 -0.143704 -0.045230 -0.299975 -0.085140 0.080941 -0.062506 0.276704 0.009738 0.189821 0.007212 0.056787 0.045475 -0.191894 -0.198221 -0.202391 -0.157760 0.092003 -0.090514 -0.058570 -0.104242 -0.190066 -0.123088 0.023348 0.033876 0.275831 0.006450 -0.282038 0.034939 -0.086124 -0.147178 0.212716 -0.269899
-0.033529 -0.181503 0.291956 0.100947 0.591785 0.243397 0.528253 0.525725 1.000000 0.562670 -0.024609 0.038260 0.196218 -0.007048 0.259510 0.139505 -0.149335 -0.196288 -0.047409 -0.228361 0.334626 0.215985 -0.048747 0.176226 -0.098101 -0.066321 0.290995 -0.023056 0.132747 0.199470 -0.001332 -0.038788 0.021534 0.062712 -0.265535 -0.053612 -0.120392 -0.056079 0.265451 -0.158080 0.032651 0.010630 0.079645 -0.006329 -0.012668 -0.111573 0.011188 0.141271 0.201291 0.186803 -0.090202 -0.118132 -0.361352 -0.132028 -0.123117 -0.037869 -0.261353 -0.177851 -0.018140 -0.109392 0.110018 0.041541 -0.257604 -0.305281 0.372610 0.224102 0.069291 -0.026416 -0.398047 -0.342930 0.101926 -0.131793 0.238507 -0.085537 0.045191 -0.022818 -0.048926 -0.065445 -0.025568 -0.107287 -0.133140 -0.135746 -0.006410 0.150155 -0.176992 -0.035281 -0.271823 -0.215655 0.284321 -0.254058 -0.000276 0.109884 -0.117066 0.056226 0.023794 -0.106494 -0.074014 -0.145452 -0.334262 -0.151863 0.003884 -0.174328 -0.245947 0.023634 -0.068311 -0.080539 -0.004789 0.040540 0.166130 0.204666 -0.125136 0.148572 -0.285314 -0.077937 -0.130850 -0.222310
0.015823 0.089930 -0.074319 0.260081 0.546927 0.437022 0.213372 0.640129 0.562670 1.000000 0.118164 0.196667 0.176846 0.230223 0.336353 0.432368 -0.039706 0.014046 0.002032 -0.090297 0.378467 0.128832 -0.242710 0.193023 -0.270827 -0.190255 0.267658 -0.050483 0.123062 0.265013 -0.213054 -0.132204 0.108994 0.201062 -0.306748 -0.071713 -0.114542 -0.077611 0.161211 -0.117179 0.045232 0.055578 -0.074283 -0.232718 -0.057907 -0.084785 -0.244876 -0.048672 0.007749 0.175206 -0.281729 -0.234457 -0.373957 -0.299865 -0.064415 -0.258886 -0.039989 -0.209807 0.098657 0.103388 0.288923 0.415183 0.079156 -0.113127 0.280469 0.437738 0.171673 -0.149248 -0.219644 -0.458919 -0.010351 -0.170484 0.206371 -0.003659 0.189225 -0.034437 0.062773 0.097342 0.092445 0.005766 0.084329 -0.073375 0.093232 0.449699 -0.063735 0.169175 -0.173372 -0.037260 0.184986 -0.025076 0.053872 -0.097390 0.101413 -0.074340 -0.139827 -0.019258 -0.345745 -0.104279 -0.317384 -0.147202 0.052639 -0.193974 -0.199154 -0.207621 -0.155497 -0.225873 -0.151224 -0.080799 0.235120 0.023871 -0.417973 0.000983 -0.041491 -0.100937 -0.003135 -0.268960
0.556874 0.147694 -0.042110 -0.283864 0.162019 0.021298 -0.004741 0.135707 -0.024609 0.118164 1.000000 0.542813 0.625505 0.517342 0.391215 0.244662 0.204554 0.010946 0.056571 -0.041280 -0.192449 -0.344384 -0.032439 -0.264426 -0.288278 -0.442573 0.005827 -0.151212 0.119690 0.036965 -0.208666 -0.464624 -0.060789 -0.104700 -0.186784 -0.042083 0.054750 -0.065863 0.016731 -0.054075 0.058130 0.061069 0.087553 0.077959 -0.018669 -0.135231 -0.071698 -0.027788 0.162864 -0.018193 -0.363542 0.033132 -0.034423 -0.151101 0.021386 -0.231241 0.019660 -0.083679 0.443519 0.270651 0.588307 0.355909 0.119896 0.146896 -0.075551 0.116735 -0.119152 -0.168359 -0.182447 -0.324576 -0.237767 -0.043111 0.042575 0.102421 0.057769 -0.088328 0.066148 -0.012438 -0.111059 -0.194553 0.036929 -0.065183 0.180943 0.014665 0.176517 0.111293 -0.190267 -0.124668 0.074362 0.255592 0.065410 0.160189 -0.180263 0.397861 -0.039844 0.114501 -0.003518 -0.096887 0.058940 -0.083716 -0.070345 0.282219 0.235383 -0.072131 0.082253 -0.230190 0.107062 0.092754 0.093162 -0.152556 -0.116837 0.022210 0.072246 0.249137 0.210766 -0.268907
0.323372 0.134355 -0.115426 -0.011733 -0.070464 -0.086978 -0.004661 0.408058 0.038260 0.196667 0.542813 1.000000 0.344364 0.638665 0.202296 0.262341 -0.019651 -0.110743 -0.255791 -0.303573 -0.095128 -0.298858 -0.213436 -0.060168 -0.201797 -0.341799 -0.032612 -0.098895 -0.017818 0.075913 -0.282223 -0.271122 -0.084256 -0.072662 -0.238884 0.055843 -0.107137 0.155904 -0.032557 -0.103009 0.149322 0.064989 -0.018215 0.096375 0.011522 0.157446 -0.201271 -0.193926 0.199736 0.209009 -0.050881 0.246910 -0.072564 -0.084983 0.011419 -0.041145 -0.069352 -0.308724 0.414136 0.299959 0.442878 0.505422 -0.074308 -0.180380 0.133618 0.642167 0.009313 -0.053748 -0.209708 -0.306395 -0.043559 -0.178901 0.033135 -0.192822 -0.105043 0.046696 0.102331 0.090018 -0.073798 -0.040890 0.079944 -0.095078 -0.022507 0.082266 0.201801 0.319099 0.056989 0.091462 0.115794 0.160286 0.137924 -0.082565 0.207764 0.100634 -0.063365 0.114248 -0.176826 -0.303293 -0.042881 -0.430498 0.184295 0.095934 0.150299 -0.155610 -0.303569 -0.392590 -0.043044 0.129357 0.309747 -0.183479 -0.240830 -0.267437 0.080814 0.101602 0.084955 -0.398133
0.372978 0.147193 0.050225 -0.207121 0.197063 0.049049 0.035578 0.086296 0.196218 0.176846 0.625505 0.344364 1.000000 0.509090 0.492908 0.431559 0.203621 0.175736 -0.260265 -0.263113 -0.131530 -0.154060 -0.159052 -0.400081 -0.457158 -0.536865 0.190694 -0.159018 0.193986 0.168948 -0.336639 -0.552026 0.005685 -0.269150 -0.357409 -0.148740 0.136895 0.011874 0.180565 -0.081829 0.294698 0.130132 0.258760 0.095021 -0.024922 -0.368901 -0.088544 -0.101293 0.452686 0.016547 -0.179356 0.180641 0.031705 -0.184567 0.026469 -0.128951 -0.037137 0.177105 0.511086 0.195148 0.500749 0.292996 0.061232 0.175287 -0.063635 -0.008428 -0.135410 -0.451699 -0.130521 -0.458601 -0.214258 -0.011626 0.039433 0.001794 -0.058313 -0.062594 0.058059 0.001283 -0.016501 -0.124349 0.055347 0.190037 0.087049 0.019733 -0.031169 0.055045 -0.276499 -0.117622 0.028502 0.084146 -0.192104 -0.090527 -0.351449 0.281616 0.114450 0.053354 0.009493 -0.093837 0.048087 0.070234 -0.135327 0.409636 -0.119796 -0.052930 0.208802 -0.199357 -0.115921 -0.054078 0.283199 0.023197 -0.069644 0.276472 0.081017 0.383284 0.062592 -0.258590
0.282353 0.301423 -0.361331 -0.162419 -0.028580 -0.101318 -0.230787 0.317175 -0.007048 0.230223 0.517342 0.638665 0.509090 1.000000 0.183123 0.553096 0.092194 0.044920 -0.474297 -0.195846 -0.248014 -0.241300 -0.560466 -0.288340 -0.447747 -0.578741 0.038521 -0.300364 -0.069582 0.171871 -0.582426 -0.603666 0.105126 -0.110553 -0.359920 -0.061850 0.121881 0.107704 -0.090896 0.006499 0.132236 0.082653 0.124445 0.071745 0.070966 -0.020428 -0.127435 0.041389 0.356990 0.249514 -0.306967 0.348506 0.099001 -0.041774 0.258485 0.048955 -0.036614 -0.052764 0.448389 0.432676 0.454821 0.647675 0.126604 0.193344 -0.216283 0.384769 0.003428 -0.302658 -0.104706 -0.379632 -0.096989 0.006668 0.019100 -0.150327 -0.174890 -0.143965 -0.040746 -0.121474 0.109449 -0.127578 0.112788 0.059354 -0.218492 0.074072 0.030393 0.155347 -0.278634 -0.000672 -0.139573 0.192627 -0.007513 -0.259413 -0.155098 -0.081403 -0.066468 -0.038689 -0.079060 -0.289527 0.151306 -0.214357 0.033861 0.345274 0.054366 0.099841 0.003238 -0.234397 -0.226883 0.131786 0.222315 -0.144828 -0.399712 -0.046074 0.275840 0.187085 -0.087876 -0.369765
0.455251 0.483819 -0.118119 0.279433 0.356126 0.509878 -0.004101 0.051844 0.259510 0.336353 0.391215 0.202296 0.492908 0.183123 1.000000 0.352885 0.156497 0.117855 -0.009146 -0.068057 0.123966 0.011289 0.241252 0.046286 -0.228516 -0.153883 0.522391 0.398613 0.386097 0.021055 -0.158261 -0.251516 -0.049358 -0.147356 -0.136289 -0.149184 0.168057 -0.027001 0.180150 -0.091946 0.124109 0.059737 -0.233700 -0.421025 -0.511204 -0.541236 -0.223327 -0.326628 -0.067701 -0.387048 -0.196800 -0.177546 -0.230840 -0.461409 -0.218916 -0.363998 0.236723 0.249710 0.264265 0.094080 0.502875 0.226809 -0.080324 0.166234 0.220124 0.200988 -0.273616 -0.335249 0.015182 -0.348509 -0.307892 -0.403240 -0.007273 0.188737 0.171170 -0.068753 0.200855 -0.112959 -0.083598 0.093263 0.187653 0.009497 0.504930 0.460692 0.299475 0.273385 -0.065465 0.206121 0.435699 0.241320 -0.103269 -0.017763 0.084060 0.287860 0.165343 -0.124195 -0.257455 -0.081013 -0.258758 -0.057402 -0.005127 0.091292 -0.203222 -0.244035 -0.063126 -0.288026 -0.169650 -0.295741 0.343296 -0.141222 -0.157969 0.043368 -0.166447 -0.116964 0.059053 -0.211729
-0.095822 0.313976 -0.465676 0.211358 0.246154 0.255778 -0.179521 0.385433 0.139505 0.432368 0.244662 0.262341 0.431559 0.553096 0.352885 1.000000 0.191062 0.318324 -0.277427 0.043119 -0.035551 -0.084616 -0.441649 -0.069862 -0.660390 -0.441155 0.242042 -0.222834 0.136572 0.539667 -0.525196 -0.278598 0.247695 0.168187 -0.444231 -0.265615 0.173577 -0.128469 -0.003801 -0.100179 0.251689 0.114657 -0.042426 -0.242779 0.099810 -0.123677 -0.238999 -0.077607 0.054865 0.204327 -0.428810 -0.051231 -0.203447 -0.221700 0.076475 -0.157492 0.046089 0.117810 0.059675 0.328265 0.388928 0.589351 0.206909 0.233898 -0.072483 0.239771 -0.135553 -0.382947 -0.012236 -0.246486 -0.028128 -0.066429 -0.001405 0.269066 0.095603 -0.086294 0.132372 0.078661 0.026365 -0.139580 0.079487 0.151768 0.028130 0.638385 -0.095176 0.105095 -0.248379 -0.018635 -0.087559 0.148287 0.051273 -0.447105 0.032322 -0.181796 0.010225 0.018555 -0.277905 -0.151008 -0.113726 -0.161960 0.137790 0.236194 -0.110393 -0.253028 -0.051895 -0.202985 -0.220706 -0.226162 0.280491 -0.042184 -0.436115 0.083090 0.174937 -0.111621 0.043107 -0.277126
0.169896 0.228448 -0.293783 -0.144927 -0.011625 0.055560 -0.285021 -0.241900 -0.149335 -0.039706 0.204554 -0.019651 0.203621 0.092194 0.156497 0.191062 1.000000 0.598789 0.191947 0.176244 -0.308149 -0.013863 -0.054115 -0.345858 -0.239977 -0.319380 -0.039213 0.011836 0.443557 0.217241 -0.201152 -0.146280 0.172294 0.046655 -0.361222 -0.148047 0.325664 0.039288 0.027601 -0.175606 0.209623 0.320105 -0.082386 -0.177547 -0.153924 -0.392398 -0.000750 -0.078932 -0.166453 -0.186415 -0.212481 -0.055280 0.097569 -0.067804 -0.057235 -0.075827 0.533145 0.459409 -0.017034 -0.006873 0.202571 0.236839 0.403162 0.492445 -0.328434 -0.317211 -0.259902 -0.518243 0.260403 -0.145540 -0.178308 -0.020151 0.264548 0.296046 0.012076 0.241897 0.217035 0.071160 0.471709 0.129187 0.504709 0.523333 0.442723 0.080277 0.166650 0.030032 -0.108278 -0.080913 -0.037241 0.170929 -0.062333 0.015873 -0.166654 0.022067 -0.057397 0.117260 -0.172059 0.183353 0.101519 0.230150 0.077797 0.173990 -0.006812 -0.030716 0.068855 -0.121199 0.092549 -0.182256 -0.056923 -0.009775 -0.084057 0.090537 0.230027 0.077469 -0.103614 0.048490
-0.048930 0.256295 -0.381589 0.001781 -0.014578 -0.004018 -0.253526 -0.202154 -0.196288 0.014046 0.010946 -0.110743 0.175736 0.044920 0.117855 0.318324 0.598789 1.000000 0.043438 0.206055 -0.011428 -0.111228 -0.177265 -0.286951 -0.329406 -0.187041 0.066744 -0.124098 0.377634 0.506788 -0.170750 -0.049274 0.370291 0.195005 -0.323217 -0.368034 0.212114 -0.132927 0.011282 -0.214375 0.318716 0.288729 0.019572 -0.082168 -0.079414 -0.309407 -0.010916 -0.205035 -0.258923 -0.107716 -0.171764 -0.261946 0.008508 -0.420580 0.064399 -0.130230 0.356165 0.516825 -0.150863 -0.086997 0.291874 0.204759 0.517208 0.570068 -0.253198 -0.319445 -0.043924 -0.550740 0.401618 -0.077616 -0.234615 0.077864 0.376003 0.260418 0.237637 0.197392 0.247206 -0.012058 0.421757 0.303676 0.555677 0.642670 0.201209 0.308552 -0.074591 -0.020171 0.016022 -0.060484 -0.222840 -0.093201 -0.154520 -0.358518 -0.168500 -0.296870 0.049130 0.057102 -0.235097 0.150323 0.074605 0.124126 0.069427 0.145569 -0.074006 -0.163684 0.123177 -0.080249 -0.111354 -0.059306 -0.038546 -0.094156 -0.237205 0.000894 0.161942 0.303576 0.040051 0.000680
0.130414 -0.073167 0.259578 0.060474 0.200155 0.002142 0.241521 -0.095329 -0.047409 0.002032 0.056571 -0.255791 -0.260265 -0.474297 -0.009146 -0.277427 0.191947 0.043438 1.000000 0.231617 -0.013383 -0.053346 0.437224 0.226659 0.147431 0.248684 -0.070284 0.093977 0.246023 0.002863 0.341013 0.348099 0.011205 0.067983 0.262577 0.051732 -0.121580 -0.300768 -0.007910 -0.094182 -0.207133 -0.018110 -0.260417 -0.316117 -0.174611 -0.082114 -0.107083 -0.031971 -0.390695 -0.324002 -0.193119 -0.496451 -0.003170 -0.106115 -0.321965 -0.403950 0.128447 -0.167951 -0.147759 -0.252770 -0.049545 -0.143985 0.026881 -0.059495 0.174239 -0.151805 0.021665 0.095809 0.121834 0.168486 -0.051212 0.097142 0.111450 0.302353 0.165691 0.258891 0.139738 0.189237 -0.112094 -0.032832 -0.145485 -0.245474 0.334366 0.070410 0.127379 -0.108463 -0.076936 -0.115393 0.159670 -0.068215 0.077400 0.439743 0.083942 0.327602 -0.190566 -0.068292 -0.212530 0.189867 -0.209488 0.200468 -0.097214 -0.279261 0.231830 -0.113323 0.018051 0.182842 0.184630 -0.107772 -0.237957 -0.137571 0.012237 0.061523 -0.296684 -0.067905 0.081318 0.312718
-0.202961 0.226095 -0.276169 -0.026021 0.009409 0.092089 -0.287721 -0.244179 -0.228361 -0.090297 -0.041280 -0.303573 -0.263113 -0.195846 -0.068057 0.043119 0.176244 0.206055 0.231617 1.000000 0.015136 -0.182770 -0.033771 -0.129355 0.016999 -0.038758 0.006741 -0.031918 0.187613 -0.047895 0.103181 0.108060 0.392066 0.345406 0.085212 -0.153500 -0.000207 -0.156596 -0.287180 -0.182436 -0.090211 -0.133200 -0.212109 -0.283557 -0.019310 0.008569 -0.136380 -0.068015 -0.534329 -0.189745 -0.470839 -0.319203 -0.110515 -0.005349 0.159708 -0.150134 0.097203 0.327952 -0.447490 -0.063351 -0.191917 -0.162062 0.200448 0.169691 -0.215669 -0.328297 -0.057250 0.068051 0.486738 0.534595 -0.088454 0.080128 -0.012624 0.252218 0.062199 -0.127765 -0.100542 0.086190 -0.072793 0.124500 0.180739 0.090258 0.338580 0.159794 0.094921 0.095354 0.210567 0.009848 -0.110633 0.151838 0.114584 -0.081882 -0.001314 -0.160962 -0.076917 0.116498 -0.049454 0.425366 0.013951 0.328935 -0.082124 0.203013 0.003301 -0.060338 0.029515 0.212043 -0.094598 -0.277304 0.018245 -0.021402 0.076512 0.059917 0.052309 -0.214253 -0.108509 0.134916
-0.108935 -0.020431 -0.019879 0.332795 0.399099 0.463665 0.193872 0.057396 0.334626 0.378467 -0.192449 -0.095128 -0.131530 -0.248014 0.123966 -0.035551 -0.308149 -0.011428 -0.013383 0.015136 1.000000 0.325660 0.194359 0.279762 0.164822 0.420121 0.408500 0.339122 0.077770 0.145329 0.308383 0.293908 0.271529 0.245350 0.093517 0.107498 0.026993 -0.057888 0.111572 -0.084931 0.178128 0.119939 -0.165978 -0.068800 -0.096847 -0.000940 -0.239025 -0.246899 -0.274993 -0.124732 0.107577 -0.316042 -0.407741 -0.233840 -0.028930 -0.166025 -0.090169 -0.117469 -0.155398 -0.255317 -0.045404 -0.269335 0.124834 -0.119496 0.223399 0.168172 0.130126 0.221168 0.068019 0.010475 0.041189 -0.171018 0.174863 0.177960 0.363658 0.157612 0.036342 0.226421 -0.036124 0.266134 -0.040133 0.050203 0.166093 0.248763 0.021532 0.182615 0.410339 0.122940 0.340218 -0.194376 -0.335991 -0.195517 0.145309 -0.160813 -0.130628 -0.143931 -0.125178 -0.059563 -0.368711 -0.216177 -0.006318 -0.318786 -0.060032 -0.210161 -0.205504 -0.235398 -0.193488 -0.066029 -0.029728 0.074239 0.044569 -0.127484 -0.194354 -0.000453 -0.050921 -0.114500
-0.141845 -0.046498 0.022557 0.169177 0.208408 0.133812 -0.021758 -0.015705 0.215985 0.128832 -0.344384 -0.298858 -0.154060 -0.241300 0.011289 -0.084616 -0.013863 -0.111228 -0.053346 -0.182770 0.325660 1.000000 0.081886 0.134695 0.190173 0.400539 0.211050 0.341171 0.021579 0.036981 0.015913 0.266360 -0.107695 0.057974 0.027761 0.049481 0.117218 -0.134294 0.245168 0.198015 0.029547 0.238055 -0.116192 -0.002970 -0.125083 -0.172091 0.009827 -0.059570 -0.051281 -0.044352 0.345551 0.023249 -0.058868 0.145129 0.052097 0.065669 0.245176 0.016780 -0.020155 -0.211218 -0.036523 -0.071497 -0.046746 0.014642 0.022245 -0.020095 -0.082995 -0.013650 -0.039356 -0.069975 0.058466 0.042640 -0.000438 0.024141 0.299711 0.028847 -0.086704 0.140096 -0.005063 -0.064078 -0.057467 0.007600 0.121050 0.000690 0.082585 0.132728 0.220205 -0.017759 0.050403 0.083162 -0.225673 -0.103878 0.020304 -0.232700 0.121890 -0.128354 -0.081747 -0.099059 -0.193946 -0.185022 -0.011106 -0.148282 -0.052831 -0.148010 -0.007421 -0.014554 -0.128727 0.037914 -0.239640 0.010445 0.050031 0.061557 -0.044225 -0.139968 -0.072792 0.140517
0.166999 -0.076365 0.413418 0.227581 0.071491 0.170603 0.262257 -0.363349 -0.048747 -0.242710 -0.032439 -0.213436 -0.159052 -0.560466 0.241252 -0.441649 -0.054115 -0.177265 0.437224 -0.033771 0.194359 0.081886 1.000000 0.418150 0.567415 0.546480 0.062749 0.461187 0.250847 -0.309799 0.621107 0.583782 -0.217042 -0.006329 0.313749 0.066795 0.026101 -0.050809 0.080230 0.057762 -0.142952 0.088830 -0.202952 -0.141781 -0.362357 -0.217877 -0.022387 -0.296461 -0.257927 -0.536240 0.339188 -0.299175 0.045075 0.027487 -0.212193 -0.265913 0.032055 -0.057757 -0.124857 -0.549326 -0.088688 -0.526643 -0.129169 -0.162401 0.465254 -0.196743 -0.236153 0.222809 0.022178 0.091745 -0.096331 -0.113583 -0.084780 0.203732 0.261453 0.254688 0.155892 0.126918 -0.163919 -0.033661 -0.176637 -0.135239 0.460925 -0.002237 0.253859 0.107436 0.262926 0.018743 0.303890 0.076761 0.011968 0.385609 0.203747 0.396764 -0.106163 -0.182360 -0.108045 0.020741 -0.108715 0.039548 -0.102685 -0.320216 0.067252 -0.152670 -0.020368 -0.150239 0.271865 0.070039 -0.306874 -0.005428 0.220015 -0.026286 -0.298008 -0.045125 0.013161 0.072317
-0.055267 -0.073678 0.167759 0.572663 0.065721 0.318550 0.249787 0.168830 0.176226 0.193023 -0.264426 -0.060168 -0.400081 -0.288340 0.046286 -0.069862 -0.345858 -0.286951 0.226659 -0.129355 0.279762 0.134695 0.418150 1.000000 0.398989 0.475041 0.061597 0.349513 -0.220765 -0.102879 0.105388 0.558257 -0.256440 0.035758 0.285766 0.075184 -0.101256 -0.015411 0.095174 0.297426 -0.225602 -0.058326 -0.416815 -0.306672 -0.266267 0.088795 -0.124108 -0.096983 -0.260714 -0.163950 0.081462 -0.287840 -0.072826 -0.063671 -0.170530 -0.272661 -0.212096 -0.376696 -0.176894 -0.230038 -0.103092 -0.235071 -0.033425 -0.229920 0.447439 0.268257 -0.052176 0.333714 -0.174395 0.050455 0.142922 -0.236361 -0.279592 0.089097 0.149457 0.132219 0.170535 0.009906 -0.016159 -0.091941 -0.206132 -0.207426 0.132536 0.353479 0.030486 0.022243 0.212598 0.218264 0.212206 -0.026335 0.311300 0.119596 0.475706 0.047495 -0.220742 -0.168972 -0.306447 -0.230561 -0.364914 -0.270322 0.022403 -0.523411 -0.126633 -0.141161 -0.193219 0.053487 0.055118 0.031604 -0.206954 -0.161829 -0.192541 -0.242428 -0.198017 -0.285146 0.106237 0.125511
0.046260 -0.125531 0.394225 0.055139 -0.111482 -0.048731 0.186668 -0.276656 -0.098101 -0.270827 -0.288278 -0.201797 -0.457158 -0.447747 -0.228516 -0.660390 -0.239977 -0.329406 0.147431 0.016999 0.164822 0.190173 0.567415 0.398989 1.000000 0.672806 -0.078181 0.332063 -0.084226 -0.362594 0.586523 0.609829 -0.273546 0.009482 0.289435 0.243476 -0.047913 0.096224 0.057391 0.300200 -0.279324 0.041791 -0.205989 0.001835 -0.262009 0.017410 0.003765 -0.149486 -0.231678 -0.416568 0.434314 -0.059062 0.135131 0.319501 0.015515 -0.048418 0.044400 -0.152844 -0.091672 -0.441128 -0.213988 -0.549531 -0.099238 -0.223288 0.274764 -0.116592 0.092722 0.448681 0.104901 0.236091 0.024571 -0.049024 0.014428 0.006430 0.163096 0.219313 0.096868 0.109187 0.105740 0.059616 -0.043231 -0.099387 0.090692 -0.187356 0.262512 0.071337 0.401248 0.131125 0.164828 -0.002018 -0.069440 0.154500 0.082316 -0.006172 -0.117167 -0.143003 0.113398 0.013811 -0.009409 -0.072208 -0.312272 -0.249060 0.047716 -0.103519 -0.234202 -0.059912 0.193102 0.281902 -0.274475 -0.061619 0.248910 -0.151774 -0.151070 -0.022446 -0.009201 0.107477
-0.052442 -0.161287 0.259669 0.306306 0.015423 0.186878 0.134479 -0.222661 -0.066321 -0.190255 -0.442573 -0.341799 -0.536865 -0.578741 -0.153883 -0.441155 -0.319380 -0.187041 0.248684 -0.038758 0.420121 0.400539 0.546480 0.475041 0.672806 1.000000 0.068271 0.496126 -0.095796 -0.096577 0.618898 0.742059 -0.197945 0.139810 0.489182 0.227277 -0.128346 -0.160364 0.123013 0.294805 -0.046403 0.122636 -0.306602 -0.037036 -0.292853 0.010079 -0.076301 -0.258167 -0.355143 -0.468671 0.496298 -0.282360 -0.170732 0.048923 -0.108693 -0.140444 -0.021466 -0.212476 -0.254024 -0.456890 -0.192841 -0.499908 -0.073159 -0.153477 0.371823 -0.014731 0.059359 0.433744 0.041642 0.316412 0.026888 -0.133123 -0.013488 0.118169 0.265558 0.352487 0.180765 0.213596 -0.057642 0.021557 -0.236819 -0.206197 0.118176 0.010187 0.187761 0.083031 0.481797 0.123852 0.180710 0.000899 -0.149511 -0.046498 0.209687 -0.105732 -0.040518 -0.189640 -0.059136 -0.133999 -0.397328 -0.275440 -0.055570 -0.364683 -0.087875 -0.278974 -0.287566 -0.010630 0.085524 0.105787 -0.343411 -0.104245 0.256539 -0.258303 -0.372272 -0.252865 -0.043595 0.207918
0.026691 0.273800 -0.167748 0.076468 0.485349 0.325107 0.009348 0.013811 0.290995 0.267658 0.005827 -0.032612 0.190694 0.038521 0.522391 0.242042 -0.039213 0.066744 -0.070284 0.006741 0.408500 0.211050 0.062749 0.061597 -0.078181 0.068271 1.000000 0.301351 0.188999 0.264311 -0.041373 -0.128907 0.135616 -0.069912 -0.227370 -0.118219 0.173305 0.140741 0.099078 -0.148334 0.021689 0.139243 -0.068762 -0.124939 -0.250408 -0.275121 -0.019959 0.115797 -0.079760 -0.217095 -0.046909 -0.069889 -0.355551 -0.257515 -0.040770 -0.009400 0.141125 0.188181 0.031399 -0.059475 0.196938 0.037424 0.062796 0.117767 0.007090 0.073775 -0.164729 -0.152495 0.162472 -0.231494 -0.138813 -0.214906 0.033611 0.196206 0.217123 -0.067020 0.021498 -0.173082 0.011780 0.098327 0.029566 0.122305 0.246541 0.278945 -0.017041 0.001654 0.185077 0.233192 0.212957 -0.010060 -0.263804 -0.177071 -0.019865 -0.020407 0.235353 -0.156431 0.084557 0.062444 -0.351134 -0.151562 -0.140198 -0.036262 -0.206961 -0.100668 -0.070973 -0.155487 -0.260727 -0.263941 0.226540 0.233667 -0.083694 -0.055416 -0.123043 -0.067212 -0.101316 -0.232471
0.265864 0.321373 -0.137912 0.423075 0.073269 0.536757 -0.213400 -0.325266 -0.023056 -0.050483 -0.151212 -0.098895 -0.159018 -0.300364 0.398613 -0.222834 0.011836 -0.124098 0.093977 -0.031918 0.339122 0.341171 0.461187 0.349513 0.332063 0.496126 0.301351 1.000000 0.026164 -0.339184 0.234028 0.270620 -0.133495 -0.104195 0.251987 0.256141 0.040647 0.010225 0.110326 0.108038 0.181872 0.136913 -0.400776 -0.329826 -0.609771 -0.228303 -0.139678 -0.407958 -0.353175 -0.528286 0.319233 -0.037045 -0.088266 -0.080472 -0.233438 -0.276267 0.325229 0.146387 0.115864 -0.099786 0.002374 -0.229790 -0.110890 -0.013934 0.265480 0.176292 -0.142878 0.154434 0.127260 -0.001846 -0.113707 -0.536343 -0.234879 0.096662 0.197225 0.250436 0.112790 0.035891 0.041526 0.191855 0.096251 0.038888 0.491837 0.107552 0.483756 0.427416 0.411796 0.283991 0.497733 0.269528 -0.197272 -0.086362 0.237551 0.040317 0.264825 -0.081144 -0.165525 0.045221 -0.292011 -0.186118 0.099332 -0.122201 -0.055515 -0.279298 -0.342646 -0.162224 -0.039752 -0.093253 0.113478 -0.181275 0.063700 -0.340462 -0.212992 -0.248760 0.011946 0.097039
0.179185 0.176475 -0.059362 0.043156 0.353332 0.178723 0.091011 -0.124689 0.132747 0.123062 0.119690 -0.017818 0.193986 -0.069582 0.386097 0.136572 0.443557 0.377634 0.246023 0.187613 0.077770 0.021579 0.250847 -0.220765 -0.084226 -0.095796 0.188999 0.026164 1.000000 0.266193 0.066043 0.025194 0.382486 0.264075 -0.203350 -0.107425 0.173093 -0.117709 0.038125 -0.258502 0.020696 0.224749 -0.003888 -0.207482 -0.158195 -0.406325 -0.150241 -0.229435 -0.240741 -0.192451 -0.160402 -0.319581 -0.070950 -0.121236 -0.186945 -0.364454 0.204296 0.295264 0.010486 -0.301658 0.233356 -0.003935 0.116517 0.085892 0.099323 -0.196751 -0.028931 -0.305762 0.251349 -0.123810 -0.219825 -0.079389 0.418795 0.328933 0.199728 0.086822 0.272535 0.081463 0.019113 0.005146 0.095947 0.172923 0.474852 0.291738 0.129920 0.208999 -0.029390 -0.191689 0.053866 -0.084052 -0.241019 0.010793 -0.204949 0.071222 0.001185 -0.104478 -0.257708 -0.008523 -0.074215 0.122594 -0.300473 -0.006087 -0.147731 -0.208496 0.049638 -0.151821 0.046762 -0.096968 -0.077049 0.001075 -0.048545 0.083084 -0.092213 0.078768 -0.038460 -0.020326
-0.136757 0.002239 -0.159494 0.021576 0.337726 -0.136055 0.078775 0.246718 0.199470 0.265013 0.036965 0.075913 0.168948 0.171871 0.021055 0.539667 0.217241 0.506788 0.002863 -0.047895 0.145329 0.036981 -0.309799 -0.102879 -0.362594 -0.096577 0.264311 -0.339184 0.266193 1.000000 -0.176020 -0.024369 0.408749 0.387935 -0.437368 -0.225574 0.104691 -0.134331 0.217906 -0.066773 0.220588 0.312981 0.076425 0.046109 0.175038 -0.106147 -0.064720 0.109824 0.010970 0.107953 -0.263868 -0.287322 -0.269528 -0.254178 0.095608 -0.070562 0.033096 0.080821 -0.130086 -0.062285 0.323997 0.291685 0.289825 0.181812 -0.155842 0.006881 0.138544 -0.272476 0.099994 -0.115682 0.040153 0.144350 0.441175 0.355323 0.301534 0.158414 0.288294 0.049514 0.174158 0.037023 0.123898 0.238537 -0.084808 0.439838 -0.339860 -0.212284 -0.229094 -0.141096 -0.215672 -0.176801 -0.266432 -0.384996 -0.192816 -0.367431 -0.092371 -0.119188 -0.223466 -0.213847 -0.282983 -0.210344 0.004415 0.019790 -0.075180 -0.217920 0.063279 -0.091176 -0.159818 -0.060624 -0.051329 0.004154 -0.200216 -0.075091 0.014467 0.178674 0.004271 -0.128443
-0.015629 -0.194528 0.478611 0.016818 0.041229 -0.030751 0.315310 -0.224259 -0.001332 -0.213054 -0.208666 -0.282223 -0.336639 -0.582426 -0.158261 -0.525196 -0.201152 -0.170750 0.341013 0.103181 0.308383 0.015913 0.621107 0.105388 0.586523 0.618898 -0.041373 0.234028 0.066043 -0.176020 1.000000 0.625129 0.036990 0.288176 0.302123 0.183322 -0.195337 -0.167579 0.023352 -0.013721 -0.001054 0.038962 0.012328 0.065860 -0.099144 0.057892 -0.032779 -0.278551 -0.247217 -0.374419 0.311540 -0.306223 -0.206065 -0.028772 -0.096913 -0.046207 -0.098161 -0.126474 -0.285266 -0.499025 -0.265956 -0.497653 -0.152547 -0.235921 0.371369 -0.117745 0.051167 0.378935 -0.003979 0.121208 0.016142 0.125997 0.144382 0.000659 0.217277 0.324265 -0.000350 0.193814 -0.086885 0.162704 -0.150954 -0.116391 0.165368 -0.166404 0.135826 0.028924 0.219274 -0.014046 0.252726 -0.148946 -0.226302 0.200567 0.029120 0.126783 -0.139531 -0.097745 0.106031 0.098532 -0.064596 -0.000032 -0.123363 -0.157302 0.173622 -0.068343 -0.234748 -0.104803 0.119541 0.048536 -0.251903 0.010077 0.434684 -0.130591 -0.382158 -0.017891 -0.035782 0.053038
-0.220705 -0.241483 0.297416 0.399363 -0.023719 0.057567 0.238156 -0.085885 -0.038788 -0.132204 -0.464624 -0.271122 -0.552026 -0.603666 -0.251516 -0.278598 -0.146280 -0.049274 0.348099 0.108060 0.293908 0.266360 0.583782 0.558257 0.609829 0.742059 -0.128907 0.270620 0.025194 -0.024369 0.625129 1.000000 -0.056824 0.382516 0.272568 -0.001161 -0.144630 -0.317185 -0.062186 0.109585 -0.096439 0.068198 -0.310196 -0.195117 -0.182407 0.040960 -0.214896 -0.355215 -0.460473 -0.339532 0.303888 -0.436736 -0.086309 0.040112 -0.082315 -0.218170 -0.023880 -0.192437 -0.458704 -0.558575 -0.203082 -0.422353 0.003261 -0.125820 0.458293 -0.085402 0.018532 0.361847 0.062585 0.242415 0.132402 0.082782 0.011526 0.204907 0.385041 0.354819 0.214582 0.366962 0.032715 0.068317 -0.102198 -0.032979 0.220816 0.195046 0.121891 0.056852 0.352643 0.042918 0.087696 -0.053086 0.023820 0.021362 0.379487 -0.093718 -0.211793 -0.112273 -0.258910 -0.017837 -0.163312 -0.201142 -0.092090 -0.323584 0.109522 -0.341133 -0.311320 -0.069881 0.043442 0.070194 -0.333868 -0.056085 0.054266 -0.260677 -0.273130 -0.259221 -0.048059 0.091746
-0.082363 0.088458 -0.254295 0.099807 0.241199 -0.060614 0.008958 -0.017159 0.021534 0.108994 -0.060789 -0.084256 0.005685 0.105126 -0.049358 0.247695 0.172294 0.370291 0.011205 0.392066 0.271529 -0.107695 -0.217042 -0.256440 -0.273546 -0.197945 0.135616 -0.133495 0.382486 0.408749 0.036990 -0.056824 1.000000 0.475804 -0.339326 -0.182262 0.147034 -0.127885 -0.177011 -0.346549 0.022797 0.175623 -0.035870 -0.104484 0.025531 -0.103856 -0.263333 -0.039753 -0.171106 0.002774 -0.379894 -0.329459 -0.161702 -0.181434 0.028204 -0.189311 0.008412 0.271776 -0.306698 -0.077344 -0.073251 0.047882 0.262783 0.207535 -0.174208 -0.132097 0.204331 -0.127092 0.302256 0.040641 -0.064220 0.043510 0.291901 0.175562 0.196547 0.083477 -0.083395 -0.018469 0.092853 0.221565 0.148761 0.265938 0.167878 0.236976 -0.177708 -0.025495 -0.019403 -0.093167 -0.140611 -0.194442 -0.321713 -0.198138 -0.238235 -0.345381 -0.087842 -0.061470 -0.210729 0.053536 0.034011 0.203106 -0.140457 0.154842 0.095238 -0.018960 0.076570 -0.006307 -0.405469 -0.158875 0.017794 0.049191 -0.022110 -0.114614 0.037045 0.184210 -0.086347 -0.020758
-0.282077 -0.015960 -0.122496 0.155484 0.094833 -0.015605 0.050974 0.242451 0.062712 0.201062 -0.104700 -0.072662 -0.269150 -0.110553 -0.147356 0.168187 0.046655 0.195005 0.067983 0.345406 0.245350 0.057974 -0.006329 0.035758 0.009482 0.139810 -0.069912 -0.104195 0.264075 0.387935 0.288176 0.382516 0.475804 1.000000 -0.022180 0.068756 0.046806 -0.367997 -0.070457 -0.025577 0.105090 0.149143 -0.075560 -0.118104 0.053837 0.058152 -0.212596 -0.208872 -0.431982 -0.065738 -0.225517 -0.505948 -0.347956 -0.244792 0.111310 -0.198259 -0.068918 -0.082920 -0.450565 -0.143329 -0.031283 0.099597 0.094034 0.012406 0.057908 0.051906 0.153117 0.140809 0.002481 -0.032479 0.136938 0.160881 0.261660 0.335802 0.374695 0.099407 0.254965 0.222918 0.139664 0.034975 0.067480 0.121216 0.196822 0.333235 -0.006335 0.059098 0.096755 0.004745 -0.091086 -0.065340 -0.044108 -0.198956 -0.015284 -0.269116 -0.141917 -0.096193 -0.297809 -0.083086 -0.043230 -0.051512 -0.063220 0.071606 0.107614 -0.325806 -0.208268 -0.048220 -0.057690 -0.067575 -0.134829 -0.021841 -0.012424 -0.197138 0.058652 -0.132549 0.086396 -0.114706
-0.048644 -0.084554 0.162319 0.133185 -0.307592 0.082207 -0.078881 -0.302190 -0.265535 -0.306748 -0.186784 -0.238884 -0.357409 -0.359920 -0.136289 -0.444231 -0.361222 -0.323217 0.262577 0.085212 0.093517 0.027761 0.313749 0.285766 0.289435 0.489182 -0.227370 0.251987 -0.203350 -0.437368 0.302123 0.272568 -0.339326 -0.022180 1.000000 0.429016 -0.235725 -0.167357 -0.101094 0.312972 -0.001164 -0.223432 -0.192553 -0.090225 -0.078562 0.190706 -0.019383 -0.187193 -0.247887 -0.224929 0.137917 -0.110298 -0.063010 -0.063187 -0.092058 -0.093179 -0.256720 -0.278417 -0.098595 -0.051461 -0.304082 -0.379983 -0.143313 -0.150558 0.090299 0.001193 0.001023 0.395435 -0.159605 0.380707 0.063705 0.030201 -0.175004 0.026219 -0.177381 0.036189 0.020853 0.109199 -0.202835 -0.080000 -0.295743 -0.327538 0.005518 -0.189389 0.190592 0.033819 0.252545 0.127160 0.113919 -0.074464 0.155165 0.197693 0.223815 0.196516 -0.111676 0.000843 0.067551 -0.075776 -0.054822 0.006243 0.000657 -0.194599 0.032005 0.016105 -0.123377 0.275264 0.139340 -0.009093 -0.193569 -0.041515 0.348325 0.008117 -0.200021 -0.228844 -0.013660 0.401818
-0.036277 -0.078450 0.054463 -0.142508 -0.197921 0.004848 -0.045254 -0.023908 -0.053612 -0.071713 -0.042083 0.055843 -0.148740 -0.061850 -0.149184 -0.265615 -0.148047 -0.368034 0.051732 -0.153500 0.107498 0.049481 0.066795 0.075184 0.243476 0.227277 -0.118219 0.256141 -0.107425 -0.225574 0.183322 -0.001161 -0.182262 0.068756 0.429016 1.000000 -0.017956 0.122613 0.075093 0.293228 0.131521 0.006619 -0.130103 -0.029119 -0.039246 0.188763 -0.040418 -0.172860 -0.147470 -0.131536 0.089242 0.119275 -0.188144 0.119207 -0.171199 0.048625 -0.056933 -0.371236 0.111994 0.183074 -0.126260 -0.047696 -0.168293 -0.192786 -0.073838 0.328211 0.030122 0.259625 -0.287186 0.001459 0.030005 -0.132986 0.038270 -0.030256 -0.264701 0.200405 0.075957 0.295218 0.044218 -0.205380 -0.188488 -0.228863 -0.037554 -0.252587 0.122048 0.239919 0.161679 0.225051 0.225984 0.005081 -0.074558 0.026018 0.000403 0.136449 0.046944 0.080850 0.062480 -0.176437 -0.063999 -0.059911 0.118956 -0.136384 -0.074780 0.053180 -0.309983 0.078457 0.206590 0.006661 0.018541 -0.066046 0.377931 -0.044950 -0.077029 -0.140762 0.085209 0.121121
