1.000000 0.375808 0.313946 -0.145179 -0.166487 -0.215632 0.374911 -0.012826 0.303542 0.325559 0.792328 0.409752 0.653962 0.456659 0.456859 0.009620 0.309617 -0.068462 0.317206 0.130540 -0.323615 -0.437266 0.243022 -0.084633 -0.162694 -0.340077 -0.363880 -0.461839 0.156722 0.000069 0.145308 0.024970 0.043490 0.372155 0.288613 0.306759 -0.046255 -0.086384 -0.065488 0.014380 -0.267453 -0.310019 -0.106932 -0.212404 -0.420281 -0.422165 0.106765 0.068132 -0.035882 -0.287152 -0.317803 -0.151876 0.153488 0.011491 0.149618 -0.036675 0.067594 0.088034 0.295356 -0.098481 0.607933 0.452630 0.122688 0.163705 0.346011 0.339869 -0.110685 -0.315756 -0.117159 -0.159578 -0.103935 -0.278316 0.187749 0.015607 0.035888 0.234836 0.282285 0.084932 -0.118537 -0.193134 -0.330474 -0.309259 0.102202 -0.327877 -0.170539 -0.285883 0.006584 0.039864 0.120813 0.280094 -0.120434 -0.030195 -0.131946 -0.052628 -0.203649 0.017900 0.074329 0.029882 -0.086829 -0.229274 -0.132828 -0.119418 -0.146575 -0.510230 -0.540097 -0.493647 -0.175511 -0.371143 -0.138668 -0.276088 0.024652 -0.300144 -0.056087 0.057963 -0.064020 -0.413610
0.375808 1.000000 -0.007925 -0.042527 -0.335424 -0.416951 0.038916 0.284301 0.062987 0.424548 0.361800 0.518922 0.245706 0.338130 0.020520 -0.150785 0.183994 0.134942 0.204667 0.135393 -0.162394 -0.507423 0.090105 -0.223359 -0.032296 -0.126412 -0.479655 -0.441769 0.209503 0.004072 0.187924 0.030453 0.285392 0.466212 0.160625 0.173551 -0.161524 -0.000778 -0.266174 -0.226578 -0.398920 -0.191996 -0.337238 -0.263562 -0.244551 -0.274723 -0.229570 -0.271143 -0.258899 -0.274063 -0.249124 -0.202609 -0.026210 -0.094265 0.089157 0.050722 0.187072 0.500916 0.166721 0.260119 0.482284 0.492525 0.081737 0.293725 0.266063 0.486387 0.093720 -0.108649 0.037770 0.049935 -0.366792 -0.287467 0.178884 -0.120525 0.150658 0.171370 0.274696 0.158178 -0.085941 0.016117 0.090826 -0.024695 0.008624 -0.240888 0.213236 0.058554 -0.052026 -0.143142 -0.079104 0.062486 -0.451500 -0.339694 -0.160829 -0.194526 -0.341666 -0.243766 -0.227918 -0.114225 -0.052351 -0.013440 0.224668 -0.070858 -0.060937 -0.283920 -0.322462 -0.152725 -0.148945 -0.215744 -0.157057 -0.387202 -0.303941 -0.159921 0.095956 -0.109111 -0.071441 -0.105868
0.313946 -0.007925 1.000000 0.289875 0.085206 -0.099151 0.512204 0.129399 0.230863 0.103792 0.321903 -0.092667 0.492584 0.069447 0.278625 -0.018038 -0.275973 -0.344654 0.072108 -0.389314 0.186375 -0.221267 0.344076 -0.120012 0.444061 0.156496 0.042889 0.171885 -0.215960 -0.203629 0.283449 0.078746 -0.182346 -0.039900 0.044811 0.101114 -0.068013 0.001385 0.161008 0.063697 -0.049042 -0.011552 0.224568 0.121185 -0.022777 -0.075797 0.109711 -0.189159 0.143065 -0.214648 0.175721 0.037260 -0.058204 0.344871 0.221047 0.041717 -0.122434 -0.283380 -0.138040 -0.395763 0.050186 -0.234660 -0.529496 -0.349299 0.082957 0.017384 -0.337442 -0.188147 -0.346871 -0.379323 -0.078726 -0.072221 -0.078583 -0.185223 -0.212988 -0.123312 0.163150 0.076225 0.033956 -0.367258 -0.431476 -0.262116 -0.194763 -0.222719 -0.021091 0.119788 -0.223817 0.098134 0.227320 0.000553 -0.302686 0.078292 -0.176587 0.170396 0.166988 -0.184968 -0.064099 -0.138769 0.074800 -0.143069 -0.193273 0.132492 -0.031938 -0.124959 -0.210983 0.184551 -0.236088 -0.065308 0.087925 -0.356873 -0.197136 -0.269433 0.107541 0.010088 -0.236169 -0.098566
-0.145179 -0.042527 0.289875 1.000000 -0.115956 -0.036685 -0.038876 0.400813 -0.099491 -0.046889 -0.273206 -0.341538 -0.180955 -0.291065 -0.071261 -0.084145 -0.522184 -0.470107 0.167400 0.198163 0.134377 0.041663 0.387467 0.386538 0.004513 0.003514 0.078747 0.125876 -0.335670 -0.341583 -0.084355 -0.066829 -0.359198 -0.273745 0.166831 -0.019232 -0.251383 -0.161707 -0.222551 0.050897 -0.191148 -0.084554 -0.007617 -0.089055 -0.115423 -0.122912 -0.109981 -0.182759 0.000781 -0.200534 0.384170 0.221132 0.284968 0.263202 0.003572 -0.129784 -0.152909 -0.215830 -0.019022 -0.023051 -0.371959 -0.156316 -0.355502 -0.388133 0.075792 -0.020890 -0.104644 0.004047 -0.240335 0.030137 0.016232 -0.102730 -0.393852 0.127886 -0.040569 -0.054121 0.095786 0.119781 -0.225641 -0.144645 -0.158778 -0.153536 0.229324 0.151867 0.243410 0.171540 0.029342 0.322746 0.168357 0.239978 -0.079160 0.102094 -0.016754 0.074147 0.078142 -0.035383 -0.198335 0.131590 -0.022989 0.017979 0.021603 0.161840 0.154942 0.163670 0.003533 0.177776 -0.042277 0.070860 0.107801 0.009028 -0.276392 -0.106737 0.125388 -0.096144 -0.224249 0.020962
-0.166487 -0.335424 0.085206 -0.115956 1.000000 0.706914 0.061992 -0.099432 0.376260 0.133513 -0.120707 -0.193604 -0.059457 0.014977 0.312334 0.589703 -0.202105 -0.177150 -0.065651 0.011268 0.542801 0.336539 0.324099 0.217749 0.238437 0.212150 0.762877 0.647490 0.031095 0.204763 -0.062376 0.036196 -0.286411 -0.341837 -0.145374 -0.271589 0.050866 0.212981 0.301703 0.121407 0.498355 0.521851 -0.066209 0.043213 -0.050182 -0.052043 -0.274875 -0.255838 -0.168416 -0.159952 -0.033984 0.044256 -0.412495 -0.163411 0.044823 -0.159702 -0.321763 -0.340922 -0.389844 -0.182861 -0.276946 -0.206427 -0.233815 -0.134881 -0.102277 -0.092221 -0.315200 -0.253394 0.039980 -0.047924 0.200934 0.222706 -0.092482 0.129850 -0.135523 0.044424 -0.149050 -0.048736 0.056820 -0.144720 -0.130980 -0.004751 0.257023 0.448469 -0.034351 -0.124962 0.256994 0.178208 0.484893 0.028564 -0.033494 0.102728 -0.128271 -0.058233 0.079864 -0.176659 -0.159525 -0.061864 -0.127407 -0.368760 -0.202807 0.078757 -0.112505 0.293743 0.045645 0.108525 0.024571 0.116496 0.252183 -0.055690 -0.140476 -0.137039 -0.260261 0.017100 0.041732 0.115058
-0.215632 -0.416951 -0.099151 -0.036685 0.706914 1.000000 0.026973 -0.256839 0.158037 -0.026202 -0.263767 -0.291711 -0.311598 -0.205926 0.260490 0.656638 -0.196858 -0.154704 -0.173429 0.006738 0.269206 0.428933 0.141691 0.032572 -0.104502 0.055968 0.766272 0.708744 -0.143204 0.203030 -0.325241 -0.205982 -0.203591 -0.430502 -0.063266 -0.206282 0.291327 0.092505 0.375174 0.220041 0.686897 0.397155 0.087169 0.111456 -0.084755 0.010518 -0.144445 -0.190292 -0.035739 -0.152295 0.153703 0.034074 -0.179829 -0.177869 0.045977 -0.241759 -0.325772 -0.366817 -0.163671 -0.236373 -0.359775 -0.238302 -0.127076 -0.164124 -0.302926 -0.266956 -0.215388 -0.188615 0.169999 0.134993 0.358615 0.344097 -0.090181 0.255219 -0.198379 0.261276 -0.195570 0.123926 -0.005669 -0.067701 -0.007212 0.042425 0.455450 0.618047 -0.021069 -0.021277 0.394182 0.281374 0.588964 0.081833 0.125790 -0.041336 -0.233811 -0.040877 0.164996 0.170980 -0.051336 0.019494 -0.171898 -0.335684 -0.146139 -0.000110 -0.026734 0.212349 0.103108 0.059672 0.175924 0.136912 0.203726 0.185735 -0.107188 -0.134497 -0.146709 -0.100287 -0.159328 0.106117
0.374911 0.038916 0.512204 -0.038876 0.061992 0.026973 1.000000 0.269751 0.306659 0.201963 0.416016 0.150202 0.349283 0.268247 0.428741 0.072620 -0.034564 -0.025425 0.158871 -0.151176 -0.026640 -0.251072 0.244661 0.103629 -0.064791 -0.214923 0.088951 -0.042597 -0.072618 -0.240960 0.276855 0.062008 -0.243287 -0.156749 0.188742 0.205549 -0.079320 0.001119 0.158196 0.095239 0.039101 0.026387 -0.100035 -0.234117 -0.349688 -0.209659 -0.016157 -0.203524 -0.118115 -0.478973 -0.013952 -0.013107 -0.011784 0.124995 -0.041197 -0.181686 -0.259211 -0.221607 0.079047 -0.163721 0.195742 0.086250 -0.268961 -0.207893 0.364378 0.207089 -0.182223 0.005829 -0.119069 -0.213914 0.010184 -0.119282 0.011266 -0.191849 -0.227861 0.143689 0.001404 0.215880 0.054848 -0.416978 -0.560387 -0.476720 0.063649 -0.033681 -0.102611 -0.097597 0.045550 0.044397 0.300377 0.252546 0.007035 0.145196 0.051437 0.233948 0.035243 0.012374 -0.055530 -0.040318 -0.170660 -0.381863 -0.036479 -0.055213 -0.021542 -0.312256 -0.286401 -0.095875 -0.094767 -0.124838 -0.157559 -0.230320 -0.083718 -0.338250 -0.178979 -0.021392 -0.080674 -0.210403
-0.012826 0.284301 0.129399 0.400813 -0.099432 -0.256839 0.269751 1.000000 0.313279 0.377871 -0.060959 0.143854 0.087993 0.249599 0.092139 -0.025272 -0.174513 -0.215170 0.047009 0.062664 0.119867 -0.292823 0.190981 0.282987 0.213117 0.126892 -0.117496 -0.200402 -0.015358 -0.206501 0.368631 0.372916 -0.241308 0.094418 0.044136 -0.068577 -0.348855 -0.125089 -0.280419 -0.181062 -0.312443 0.111102 -0.322892 -0.352232 -0.199352 -0.228134 -0.341399 -0.463621 -0.319035 -0.314630 0.095851 0.055943 0.042391 0.031595 -0.240342 -0.198580 -0.046274 -0.097549 -0.019219 0.224431 0.105592 0.250825 -0.135472 -0.143486 0.493341 0.402634 -0.206736 -0.010270 -0.198891 -0.156729 -0.162503 -0.007933 -0.131814 0.013331 0.207637 0.026254 0.024798 0.046832 -0.007226 -0.299713 -0.199506 -0.361098 0.041171 0.003900 0.173630 0.071323 -0.056612 -0.059204 0.005090 0.129706 -0.314125 -0.247494 0.211655 -0.019693 -0.169950 -0.350269 -0.393092 0.057410 -0.142510 -0.129556 0.190852 0.011183 0.023958 0.018046 -0.042369 0.196153 -0.045007 0.120203 0.041225 -0.269261 -0.389519 -0.231735 -0.060825 -0.084729 0.135481 -0.094062
0.303542 0.062987 0.230863 -0.099491 0.376260 0.158037 0.306659 0.313279 1.000000 0.588020 0.252938 0.139149 0.262037 0.219570 0.352969 0.122722 -0.024141 -0.196406 0.049497 -0.014398 0.168532 -0.297671 0.271032 0.065126 0.219524 0.209711 0.108534 0.111162 -0.055469 -0.000745 0.359412 0.253383 -0.147450 0.081647 0.172086 0.093021 -0.029132 0.003932 -0.006753 0.082957 -0.002112 0.255640 -0.263161 -0.285357 -0.292264 -0.268228 -0.286959 -0.318387 -0.281263 -0.328466 -0.170447 -0.099305 -0.190949 -0.108951 -0.059865 -0.209254 -0.091248 -0.145351 0.007345 0.004824 0.159159 0.253252 -0.066880 0.029886 0.425225 0.375528 -0.239273 -0.109445 -0.118993 -0.107075 -0.109994 -0.029771 -0.097837 0.014430 -0.155710 0.064603 -0.003737 0.093410 0.194987 -0.408282 -0.334530 -0.220104 0.130141 0.051612 0.021567 -0.120133 0.034730 -0.084410 0.351909 0.119157 -0.405177 -0.060929 -0.022202 0.020878 -0.128890 -0.242988 -0.326169 0.029456 -0.255425 -0.388282 -0.233874 -0.044537 -0.298958 -0.065105 -0.207161 -0.012829 -0.130785 -0.004465 0.167755 -0.207283 -0.195532 -0.221222 -0.227984 0.092006 0.221411 -0.057934
0.325559 0.424548 0.103792 -0.046889 0.133513 -0.026202 0.201963 0.377871 0.588020 1.000000 0.360278 0.504570 0.363929 0.485786 0.317318 0.225143 -0.116205 -0.119730 -0.110827 -0.049753 0.034323 -0.425675 0.160644 0.102216 0.149504 0.071872 -0.084113 -0.149365 0.018416 -0.018043 0.167757 0.145167 -0.209023 0.205154 0.270031 0.174628 -0.066348 0.128576 0.057643 0.091742 -0.036473 0.013748 -0.352952 -0.367924 -0.422890 -0.410782 -0.401248 -0.373385 -0.134445 -0.439852 -0.047885 -0.037991 -0.022963 -0.222215 0.075481 -0.232998 -0.222770 -0.046332 0.220624 0.125930 0.389513 0.559993 0.004721 0.052190 0.373055 0.604805 -0.161700 -0.258373 -0.163265 -0.184044 -0.104605 0.012739 0.041556 -0.076726 -0.133046 -0.065824 0.075345 0.098567 0.024550 -0.206631 -0.283274 -0.256179 0.215976 -0.117229 0.010710 -0.210290 0.192853 0.008249 0.221396 0.188989 -0.363872 -0.228889 0.109367 -0.104005 -0.274020 -0.280938 -0.353047 0.005122 -0.344071 -0.359535 -0.130120 -0.099735 -0.340894 -0.112158 -0.358741 -0.159001 -0.284337 -0.181011 -0.079422 -0.329683 -0.187661 -0.094908 -0.203533 0.101757 0.228204 -0.138396
0.792328 0.361800 0.321903 -0.273206 -0.120707 -0.263767 0.416016 -0.060959 0.252938 0.360278 1.000000 0.611210 0.799612 0.635871 0.548506 0.105923 0.327150 0.112751 0.244072 -0.001633 -0.310897 -0.325095 0.196376 -0.148197 -0.162422 -0.408434 -0.360450 -0.486389 0.351780 0.221398 0.107149 -0.006011 -0.013834 0.433847 0.423299 0.442116 0.116625 0.158927 0.155878 0.073917 -0.102011 -0.240054 -0.130132 -0.261357 -0.331562 -0.422027 0.085571 0.184374 -0.129651 -0.387477 -0.471750 -0.191658 -0.093214 0.052902 0.160444 0.051117 -0.133415 0.090389 0.113119 -0.143809 0.698046 0.498842 0.169283 0.208106 0.305201 0.440268 -0.171022 -0.336625 -0.155839 -0.263683 -0.223060 -0.231865 0.348751 0.019368 0.135850 0.119628 0.368450 0.071527 0.079727 -0.085364 -0.306397 -0.197652 0.103427 -0.328941 -0.270022 -0.373729 0.139927 0.128409 0.042686 0.254457 -0.059386 -0.065523 -0.011652 -0.058528 -0.248034 -0.026087 0.197493 0.047673 -0.098282 -0.384762 -0.144405 -0.221459 -0.334444 -0.616231 -0.588234 -0.556282 -0.343516 -0.405295 -0.330340 -0.299543 0.149823 -0.207957 -0.223771 -0.024226 0.005954 -0.488510
0.409752 0.518922 -0.092667 -0.341538 -0.193604 -0.291711 0.150202 0.143854 0.139149 0.504570 0.611210 1.000000 0.622907 0.838196 0.371213 0.252182 0.372378 0.409600 0.052671 -0.055012 -0.233144 -0.325628 -0.062523 -0.148162 -0.197546 -0.269553 -0.370472 -0.609594 0.441153 0.365035 0.184348 0.150352 0.094956 0.592462 0.321699 0.407737 0.037180 0.224838 0.111396 0.134290 -0.107716 -0.054385 -0.320141 -0.371559 -0.354476 -0.339783 -0.193120 -0.007755 -0.260514 -0.306687 -0.495554 -0.189646 -0.122483 -0.138766 -0.056184 -0.115038 0.050899 0.286465 0.095825 0.095425 0.741109 0.646089 0.245977 0.267404 0.341509 0.677611 -0.088280 -0.283811 0.028375 -0.267578 -0.304702 -0.141656 0.330219 -0.087740 0.005878 0.104954 0.228036 0.134652 0.060740 0.095715 -0.065650 -0.155950 0.038067 -0.233321 -0.243027 -0.356599 0.214502 0.019184 -0.120276 0.189080 -0.206838 -0.294344 0.251697 -0.188501 -0.376519 -0.023920 -0.076421 0.026819 -0.353410 -0.239524 0.123581 -0.288254 -0.406075 -0.443536 -0.443668 -0.410064 -0.321668 -0.348569 -0.337504 -0.304857 -0.058042 -0.061323 -0.258665 0.068856 0.170221 -0.416829
0.653962 0.245706 0.492584 -0.180955 -0.059457 -0.311598 0.349283 0.087993 0.262037 0.363929 0.799612 0.622907 1.000000 0.713946 0.512644 0.121565 0.274848 0.039169 0.129691 -0.173440 -0.148494 -0.268233 0.177861 -0.130337 0.029861 -0.214241 -0.306592 -0.433854 0.284633 0.202295 0.235186 0.172445 -0.007981 0.506817 0.283672 0.335700 0.067304 0.245906 0.280663 0.080839 -0.089200 -0.127335 -0.088809 -0.175973 -0.328892 -0.332682 0.080282 0.149790 -0.138653 -0.256702 -0.446196 -0.254319 -0.205221 0.072351 0.141942 -0.003632 -0.060404 0.037736 -0.096846 -0.290252 0.659246 0.325594 0.036369 0.051751 0.311809 0.429918 -0.257293 -0.297253 -0.195351 -0.389209 -0.199399 -0.121139 0.340749 -0.057405 -0.028391 -0.021711 0.331573 0.014300 0.143289 -0.115269 -0.265367 -0.296863 -0.063999 -0.375821 -0.318133 -0.324812 -0.000292 0.081089 0.045159 0.114873 -0.131204 -0.101092 0.064164 -0.040007 -0.186891 -0.064798 0.119895 0.057335 -0.159949 -0.331321 -0.137614 -0.199634 -0.305608 -0.553942 -0.507684 -0.336109 -0.455668 -0.343170 -0.189952 -0.291369 0.060606 -0.099560 -0.247896 0.059876 0.101005 -0.496402
0.456659 0.338130 0.069447 -0.291065 0.014977 -0.205926 0.268247 0.249599 0.219570 0.485786 0.635871 0.838196 0.713946 1.000000 0.532083 0.412953 0.249408 0.292464 0.008032 -0.041265 -0.043610 -0.176519 0.093375 -0.052311 -0.035566 -0.187203 -0.187808 -0.482843 0.471308 0.353844 0.210571 0.184722 -0.069358 0.494700 0.167383 0.291868 -0.073282 0.233895 0.169349 0.126376 -0.037729 0.040375 -0.350813 -0.414574 -0.348402 -0.391901 -0.273430 -0.045025 -0.281035 -0.360378 -0.485527 -0.174861 -0.216305 -0.204555 0.011550 -0.048896 -0.065375 0.055190 -0.014488 -0.017045 0.665568 0.526639 0.200838 0.173461 0.367970 0.645632 -0.195490 -0.357012 0.028735 -0.319300 -0.245098 -0.076249 0.375240 -0.122382 0.041022 0.085267 0.197287 0.021359 0.071436 0.052206 -0.082077 -0.187633 0.014872 -0.228797 -0.318948 -0.381048 0.269561 0.063834 -0.004005 0.148365 -0.154884 -0.171792 0.288513 -0.162645 -0.382271 -0.107900 -0.046890 -0.034674 -0.344760 -0.344883 0.040527 -0.218303 -0.442554 -0.392065 -0.436214 -0.407708 -0.363970 -0.290277 -0.275211 -0.352978 -0.054136 -0.111139 -0.253150 -0.008275 0.105431 -0.452424
0.456859 0.020520 0.278625 -0.071261 0.312334 0.260490 0.428741 0.092139 0.352969 0.317318 0.548506 0.371213 0.512644 0.532083 1.000000 0.596129 0.151957 -0.007802 0.293964 -0.000028 0.022496 0.030916 0.472744 0.070569 -0.193609 -0.274353 0.249454 -0.000313 0.385770 0.282973 0.056303 0.028486 -0.213631 -0.007802 0.185301 0.079739 0.195029 0.131678 0.337559 0.138843 0.252190 0.084763 0.011031 -0.168694 -0.295948 -0.376448 0.006491 -0.154980 -0.158980 -0.447632 -0.241760 -0.088678 -0.267973 0.032663 -0.073035 -0.217644 -0.196797 -0.229722 -0.208383 -0.420274 0.315766 0.178087 -0.073998 -0.092344 0.393949 0.257810 -0.514246 -0.461899 -0.092999 -0.361264 -0.024642 -0.085018 0.148995 0.135538 0.069023 0.277012 0.038519 0.054029 -0.006357 -0.196377 -0.260967 -0.309747 0.486941 0.260135 -0.090899 -0.176215 0.519942 0.328162 0.447961 0.177764 -0.101728 -0.202582 0.032225 -0.167960 -0.153782 -0.133663 -0.102701 0.035933 -0.335424 -0.465176 0.040327 -0.339931 -0.358932 -0.358584 -0.564917 -0.329180 -0.234111 -0.099917 -0.042507 -0.436359 -0.251079 -0.359307 -0.234147 -0.041118 -0.058186 -0.324504
0.009620 -0.150785 -0.018038 -0.084145 0.589703 0.656638 0.072620 -0.025272 0.122722 0.225143 0.105923 0.252182 0.121565 0.412953 0.596129 1.000000 -0.141494 -0.025784 -0.046689 -0.013359 0.161606 0.258440 0.240753 -0.002766 -0.113388 -0.125562 0.554438 0.315544 0.205656 0.411700 -0.270907 -0.112002 -0.293906 -0.107044 0.028752 -0.080024 0.160376 0.192033 0.352929 0.291815 0.575707 0.323321 0.002773 -0.051716 -0.192821 -0.200383 -0.224231 -0.233198 -0.039788 -0.296381 -0.093497 0.038529 -0.250124 -0.208257 -0.029908 -0.319588 -0.288473 -0.388733 -0.225159 -0.321616 0.053466 0.090525 -0.125133 -0.156317 -0.049996 0.131618 -0.500707 -0.574918 0.023770 -0.220942 0.268628 0.301750 0.038480 0.144972 -0.095261 0.227921 -0.127430 0.124874 -0.018127 0.088179 -0.070528 -0.092880 0.433335 0.490266 -0.245217 -0.280345 0.569609 0.354266 0.465617 0.102076 0.055078 -0.155673 0.032150 -0.111004 -0.066816 -0.014862 -0.145053 -0.028755 -0.321569 -0.435038 -0.039523 -0.158588 -0.221388 0.039097 -0.127285 -0.103325 -0.063363 0.062922 0.048758 -0.163929 -0.228616 -0.182929 -0.159659 -0.149397 -0.076260 -0.123358
0.309617 0.183994 -0.275973 -0.522184 -0.202105 -0.196858 -0.034564 -0.174513 -0.024141 -0.116205 0.327150 0.372378 0.274848 0.249408 0.151957 -0.141494 1.000000 0.537705 0.162624 0.099722 -0.161604 -0.017303 -0.116025 -0.086290 -0.263491 -0.214398 -0.269402 -0.373211 0.560393 0.379783 0.212163 0.278847 0.427613 0.437797 0.082435 0.150874 0.226020 0.078151 0.071861 -0.288964 -0.059998 0.030060 -0.032934 -0.078007 -0.073349 -0.083268 0.145972 0.217583 -0.335495 -0.016777 -0.542673 -0.418748 -0.314092 -0.141124 -0.212588 -0.074537 0.307355 0.397683 0.023444 0.041588 0.435670 0.203206 0.545968 0.583799 0.203888 0.039507 0.056383 0.044092 0.167389 0.090373 -0.092099 -0.193329 0.422884 0.074964 0.349261 0.202072 0.227406 -0.004837 0.153617 0.026084 0.276428 0.101555 0.047276 -0.052831 0.014999 -0.112832 -0.013201 -0.175603 -0.113794 -0.038232 -0.001412 -0.297685 -0.090969 -0.418966 -0.093011 0.042987 0.170143 0.020978 -0.147420 -0.014877 0.124907 -0.436618 -0.185733 -0.445994 -0.302668 -0.375520 -0.140943 -0.231370 -0.147450 -0.041225 0.122620 -0.058026 -0.266437 0.034967 0.165776 -0.351127
-0.068462 0.134942 -0.344654 -0.470107 -0.177150 -0.154704 -0.025425 -0.215170 -0.196406 -0.119730 0.112751 0.409600 0.039169 0.292464 -0.007802 -0.025784 0.537705 1.000000 -0.101298 -0.121985 -0.125615 -0.014999 -0.209901 -0.157381 -0.220226 -0.066976 -0.137787 -0.306758 0.504369 0.363498 0.135289 0.079094 0.228684 0.286084 0.054919 0.203422 0.256752 0.316332 0.169263 0.130580 0.091923 0.155431 -0.237044 -0.279695 -0.089980 -0.119713 -0.154202 0.057464 -0.211671 -0.031505 -0.381326 -0.216397 -0.285780 -0.216637 -0.102105 0.066997 0.147255 0.404776 0.100189 0.253955 0.222357 0.198907 0.421494 0.539969 0.000100 0.157514 0.148917 0.024868 0.191732 -0.012648 -0.255874 -0.297380 0.451938 -0.169409 0.101614 0.068638 0.141631 0.118009 0.184744 0.274512 0.325788 0.323213 -0.071558 0.028370 -0.129714 0.004272 0.087836 0.026483 -0.251876 0.008256 -0.050284 -0.214616 0.181035 -0.361935 -0.099360 0.111161 0.203407 0.023385 -0.124962 -0.021878 0.189116 -0.251653 -0.257455 -0.317398 -0.115037 -0.239785 -0.046046 -0.140453 -0.188881 0.047470 0.115504 0.048297 -0.267540 0.011743 0.072080 -0.132752
0.317206 0.204667 0.072108 0.167400 -0.065651 -0.173429 0.158871 0.047009 0.049497 -0.110827 0.244072 0.052671 0.129691 0.008032 0.293964 -0.046689 0.162624 -0.101298 1.000000 0.476358 -0.100935 -0.136193 0.227246 0.148354 -0.348290 -0.469560 -0.193977 -0.323385 0.180996 0.019905 -0.028218 -0.061723 0.009604 0.056431 0.303026 0.149032 -0.188909 -0.161481 -0.267555 -0.060466 -0.195122 -0.221044 -0.145353 -0.112092 -0.265855 -0.177499 -0.005132 0.063858 -0.295425 -0.241083 -0.380064 -0.170835 -0.125822 0.048247 -0.320952 -0.229398 0.017857 -0.075947 -0.009584 -0.108541 0.244695 0.102779 0.002289 -0.000113 0.473536 0.161224 0.016232 0.074865 0.035881 -0.003342 0.082624 -0.374423 -0.025760 0.165441 0.142538 0.162640 0.172408 0.043288 -0.338907 -0.229263 -0.249882 -0.389194 0.261662 0.100629 0.164807 -0.022161 0.081929 0.080251 0.175860 0.104814 -0.149703 0.243060 0.054556 0.182952 -0.122309 0.068618 -0.125656 0.128446 -0.128279 -0.014888 0.286768 -0.040232 0.007200 -0.148895 -0.130954 -0.169198 0.046023 0.117514 0.005087 -0.224495 -0.174287 -0.019106 -0.050458 0.034331 -0.007666 -0.074582
0.130540 0.135393 -0.389314 0.198163 0.011268 0.006738 -0.151176 0.062664 -0.014398 -0.049753 -0.001633 -0.055012 -0.173440 -0.041265 -0.000028 -0.013359 0.099722 -0.121985 0.476358 1.000000 -0.027559 -0.029316 0.214655 0.313314 -0.326140 -0.233976 -0.032330 -0.175641 0.159639 0.025300 -0.161501 -0.129614 0.084541 0.160552 0.224015 0.102471 -0.032849 -0.104001 -0.226053 -0.027754 -0.018103 -0.074588 -0.354341 -0.193025 -0.231900 -0.156496 -0.196680 0.201411 -0.416110 -0.225855 -0.372627 -0.372102 -0.099063 -0.360908 -0.094146 -0.255220 0.032453 0.185413 -0.040505 0.081136 -0.005654 0.060728 0.078337 0.017152 0.114052 0.032168 0.241329 0.153086 0.474943 0.563819 0.125215 -0.153327 -0.082370 0.208027 0.160041 0.060713 0.125688 0.138858 -0.268325 0.116338 0.167209 0.069457 0.382448 0.175000 0.147682 -0.224725 0.352234 0.198680 0.030123 0.004987 0.089526 0.229499 -0.037222 -0.026601 -0.371248 -0.227527 -0.147164 -0.028790 -0.169941 -0.062453 0.073708 -0.197253 -0.017426 0.097103 0.074374 -0.259895 0.165750 -0.069684 -0.132058 0.024238 0.073014 -0.005969 -0.076404 -0.075497 -0.185148 -0.058731
-0.323615 -0.162394 0.186375 0.134377 0.542801 0.269206 -0.026640 0.119867 0.168532 0.034323 -0.310897 -0.233144 -0.148494 -0.043610 0.022496 0.161606 -0.161604 -0.125615 -0.100935 -0.027559 1.000000 0.275057 0.267700 0.183774 0.425198 0.373944 0.504935 0.541486 -0.036646 0.048356 0.251553 0.241157 -0.160966 -0.167594 -0.258771 -0.213539 -0.061120 0.182198 0.109261 -0.111618 0.187619 0.605164 -0.046914 0.133746 0.211867 0.188285 -0.339846 -0.233562 -0.295290 -0.042974 0.096192 -0.134008 -0.424054 -0.251912 -0.015920 -0.113606 -0.163723 -0.109442 -0.423123 -0.059896 -0.395071 -0.396007 -0.311765 -0.134100 -0.070738 -0.160823 -0.132741 0.113443 0.202792 0.115501 -0.035885 -0.001092 -0.199914 -0.144936 -0.118987 -0.125202 -0.145283 0.029976 -0.071821 -0.155267 0.097288 0.195178 0.052135 0.249127 0.327573 0.204746 0.031776 0.044183 0.265462 -0.134251 -0.256897 0.091607 -0.069191 -0.118300 0.022093 -0.292438 -0.419171 -0.352855 -0.100943 -0.089122 -0.270427 0.053153 -0.257213 0.363169 0.104689 0.248876 -0.219458 -0.048025 0.174587 -0.181508 -0.251682 -0.056235 -0.116325 0.040532 -0.165820 0.196968
-0.437266 -0.507423 -0.221267 0.041663 0.336539 0.428933 -0.251072 -0.292823 -0.297671 -0.425675 -0.325095 -0.325628 -0.268233 -0.176519 0.030916 0.258440 -0.017303 -0.014999 -0.136193 -0.029316 0.275057 1.000000 0.060914 0.145599 -0.131183 -0.072449 0.555473 0.417631 0.074065 0.247942 -0.383273 -0.112969 -0.161403 -0.278892 -0.209635 -0.245794 0.093455 0.127396 0.247545 -0.072880 0.322177 0.247451 0.107174 0.145191 0.248080 0.202780 0.039763 0.204111 -0.000289 0.236204 0.129493 0.089913 -0.132597 -0.071863 -0.051913 0.124842 -0.210865 -0.077766 -0.309575 -0.198082 -0.486277 -0.415936 0.055391 -0.192042 -0.211136 -0.295443 -0.124162 0.066048 0.210709 0.212502 0.248179 0.202245 -0.022420 0.324384 0.021858 0.084748 -0.145959 -0.285283 -0.117417 0.176603 0.253870 0.237761 0.220851 0.378071 0.180689 0.095419 0.196892 0.129660 0.244471 0.001790 0.235292 -0.005259 -0.036389 -0.129699 0.398164 0.220694 0.342568 0.309948 0.131289 0.012121 -0.051812 -0.120249 0.005412 0.093300 0.034219 -0.052844 -0.046675 0.024107 0.187597 0.283357 0.188568 0.060694 -0.055682 0.037860 -0.078990 0.016563
0.243022 0.090105 0.344076 0.387467 0.324099 0.141691 0.244661 0.190981 0.271032 0.160644 0.196376 -0.062523 0.177861 0.093375 0.472744 0.240753 -0.116025 -0.209901 0.227246 0.214655 0.267700 0.060914 1.000000 0.427518 -0.003913 -0.106730 0.292110 0.167538 0.018713 -0.136519 0.145696 0.194269 -0.184994 -0.117552 0.111391 -0.143818 -0.061689 0.009206 0.101563 -0.014349 0.072027 0.206872 -0.152937 -0.117178 -0.315306 -0.374805 -0.105974 -0.205292 -0.203404 -0.486764 0.039782 -0.223479 -0.192782 0.031900 0.016801 -0.170755 -0.164946 -0.098559 -0.221178 -0.263062 -0.200952 -0.112820 -0.312572 -0.150028 0.372928 0.090256 -0.458078 -0.310321 -0.072368 0.010338 -0.008111 -0.202980 -0.160737 -0.041077 -0.017246 -0.074697 0.072017 0.044551 -0.128136 -0.151484 -0.184715 -0.163334 0.552045 0.350942 0.277010 0.001430 0.282630 0.357518 0.569792 0.234732 -0.155646 0.036411 -0.153615 -0.162314 -0.119666 -0.302971 -0.346176 -0.002076 -0.067841 -0.278328 -0.136023 -0.182959 -0.263340 -0.088633 -0.363975 -0.118357 -0.337429 -0.114412 0.009727 -0.333232 -0.434762 -0.349620 -0.026734 -0.073874 -0.223004 0.056832
-0.084633 -0.223359 -0.120012 0.386538 0.217749 0.032572 0.103629 0.282987 0.065126 0.102216 -0.148197 -0.148162 -0.130337 -0.052311 0.070569 -0.002766 -0.086290 -0.157381 0.148354 0.313314 0.183774 0.145599 0.427518 1.000000 -0.181552 -0.098208 0.184030 0.000623 0.009681 -0.149361 -0.053944 0.362588 -0.285011 -0.372205 0.122538 -0.121755 -0.296510 -0.093767 -0.088191 0.125474 -0.089928 0.090237 -0.248327 -0.271931 -0.274692 -0.226727 -0.120912 -0.029717 -0.281459 -0.309106 0.043704 -0.014885 0.048712 -0.073634 -0.210185 -0.288097 -0.319703 -0.222379 -0.052171 0.096856 -0.297442 -0.056034 0.005371 -0.114610 0.365378 0.045742 -0.107915 0.066950 -0.046931 -0.027621 0.092225 -0.077833 -0.127079 0.132265 0.081014 -0.065877 -0.020374 -0.013261 -0.226676 -0.096112 -0.226197 -0.294608 0.428855 0.307154 0.073156 -0.254717 0.213755 0.245775 0.236046 0.304135 0.199716 0.305627 0.423769 0.086021 -0.060000 0.039807 -0.151158 0.232998 -0.201585 -0.116521 -0.014620 -0.012371 0.029593 0.150124 0.015289 -0.039108 -0.111055 -0.061819 -0.090013 0.090766 -0.010758 0.080667 -0.266779 0.242584 0.280835 0.080244
-0.162694 -0.032296 0.444061 0.004513 0.238437 -0.104502 -0.064791 0.213117 0.219524 0.149504 -0.162422 -0.197546 0.029861 -0.035566 -0.193609 -0.113388 -0.263491 -0.220226 -0.348290 -0.326140 0.425198 -0.131183 -0.003913 -0.181552 1.000000 0.769898 0.072302 0.301162 -0.102204 -0.080629 0.471575 0.246931 0.020589 0.127118 -0.327566 -0.142603 -0.139117 -0.054798 -0.070186 -0.154866 -0.108349 0.216176 0.076120 0.235960 0.375561 0.207608 -0.220984 -0.241754 0.050117 0.186430 0.161932 0.057341 -0.223498 0.095717 0.240086 0.292971 0.163673 -0.039720 -0.229391 0.010686 -0.119670 -0.244415 -0.284354 -0.083738 -0.163812 -0.053936 -0.048954 -0.033811 -0.158967 -0.175646 -0.204880 0.080237 -0.057361 -0.220395 0.006664 -0.326623 0.001255 -0.166486 0.197637 -0.085186 0.017848 0.209127 -0.563894 -0.282127 0.070077 0.233404 -0.318502 -0.181957 -0.117526 -0.334937 -0.433303 -0.068788 -0.167930 -0.028731 0.080886 -0.482534 -0.198838 -0.359227 0.162885 0.149617 -0.244834 0.199503 -0.055728 0.322293 0.198350 0.414408 0.044822 0.075037 0.160844 -0.372715 -0.162409 -0.060319 0.190961 0.002416 -0.026064 0.112440
-0.340077 -0.126412 0.156496 0.003514 0.212150 0.055968 -0.214923 0.126892 0.209711 0.071872 -0.408434 -0.269553 -0.214241 -0.187203 -0.274353 -0.125562 -0.214398 -0.066976 -0.469560 -0.233976 0.373944 -0.072449 -0.106730 -0.098208 0.769898 1.000000 0.175016 0.396755 -0.072878 -0.004795 0.413198 0.294654 0.092990 0.072915 -0.405576 -0.195193 -0.119385 -0.120897 -0.102907 -0.096499 -0.036425 0.250962 0.026582 0.168204 0.395805 0.228059 -0.239283 -0.282233 -0.069357 0.154193 0.212174 0.001789 -0.181183 0.045094 0.115438 0.221461 0.269153 0.064256 -0.227841 0.039964 -0.313247 -0.325990 -0.144451 0.065257 -0.295015 -0.178504 0.031180 0.035881 -0.072475 -0.070629 -0.181313 0.172447 -0.042610 -0.070486 -0.015184 -0.301081 -0.154927 -0.114882 0.251374 0.082189 0.309604 0.386288 -0.425600 -0.126212 0.033781 0.207315 -0.195842 -0.224898 -0.222071 -0.399999 -0.352522 -0.088154 -0.141191 -0.141243 0.040299 -0.384738 -0.229409 -0.349700 0.103379 0.189978 -0.268926 0.161971 -0.086182 0.450747 0.373390 0.510558 0.157839 0.141102 0.182499 -0.096621 -0.140424 -0.022365 0.141648 -0.059701 0.099267 0.217050
-0.363880 -0.479655 0.042889 0.078747 0.762877 0.766272 0.088951 -0.117496 0.108534 -0.084113 -0.360450 -0.370472 -0.306592 -0.187808 0.249454 0.554438 -0.269402 -0.137787 -0.193977 -0.032330 0.504935 0.555473 0.292110 0.184030 0.072302 0.175016 1.000000 0.762737 -0.072012 0.103935 -0.173079 -0.121668 -0.243496 -0.476052 -0.187579 -0.309614 0.159714 0.090219 0.362400 0.049004 0.594875 0.516028 0.045174 0.108596 0.022475 0.054758 -0.214374 -0.313477 -0.035680 -0.089133 0.233207 0.108355 -0.244585 -0.069300 0.028390 -0.148582 -0.242216 -0.301962 -0.372577 -0.260694 -0.520117 -0.431678 -0.368776 -0.305103 -0.220586 -0.306459 -0.285793 -0.144464 0.124733 0.101920 0.265918 0.305375 -0.144797 0.130426 -0.162612 0.041599 -0.285488 0.018361 0.028619 0.022989 0.025383 0.143504 0.313257 0.575603 0.116655 0.048127 0.381630 0.264731 0.518139 0.009296 0.028377 -0.037123 -0.205739 -0.151334 0.189453 -0.141766 -0.100806 -0.084208 -0.052753 -0.301661 -0.184829 -0.115509 -0.022208 0.323137 0.089542 0.247307 0.028364 0.106214 0.222029 0.022051 -0.196667 -0.298944 -0.171197 -0.106020 -0.177495 0.079327
-0.461839 -0.441769 0.171885 0.125876 0.647490 0.708744 -0.042597 -0.200402 0.111162 -0.149365 -0.486389 -0.609594 -0.433854 -0.482843 -0.000313 0.315544 -0.373211 -0.306758 -0.323385 -0.175641 0.541486 0.417631 0.167538 0.000623 0.301162 0.396755 0.762737 1.000000 -0.289958 -0.069440 -0.143345 -0.084553 -0.200510 -0.567068 -0.298735 -0.341608 0.144678 0.072489 0.286691 0.028874 0.497329 0.419449 0.343370 0.403525 0.327739 0.318514 0.009679 -0.220824 0.152437 0.077792 0.425555 0.134100 -0.216400 0.006591 0.106482 -0.033793 -0.245637 -0.302593 -0.332676 -0.302330 -0.668356 -0.577855 -0.447573 -0.353527 -0.376609 -0.510211 -0.229838 -0.004159 0.026944 0.122795 0.268731 0.291522 -0.364414 0.015152 -0.282466 -0.052771 -0.347037 0.008466 0.102886 -0.121644 0.039541 0.190660 0.147713 0.470178 0.182656 0.278821 0.124274 0.143780 0.388609 -0.168385 0.054381 0.066551 -0.351558 -0.010408 0.388856 -0.148247 -0.141366 -0.203004 0.044914 -0.135909 -0.295743 0.161495 0.079446 0.376954 0.270388 0.368410 0.118930 0.238042 0.309367 0.099077 -0.132702 -0.107554 0.120242 -0.119131 -0.217547 0.341188
0.156722 0.209503 -0.215960 -0.335670 0.031095 -0.143204 -0.072618 -0.015358 -0.055469 0.018416 0.351780 0.441153 0.284633 0.471308 0.385770 0.205656 0.560393 0.504369 0.180996 0.159639 -0.036646 0.074065 0.018713 0.009681 -0.102204 -0.072878 -0.072012 -0.289958 1.000000 0.667624 0.143814 0.229798 0.197777 0.365970 0.037365 -0.041132 0.163053 0.218341 0.116946 -0.129942 0.083909 0.047218 -0.048907 -0.114506 0.026524 -0.234006 -0.038516 0.079569 -0.397962 -0.113131 -0.610027 -0.281623 -0.468101 -0.185544 -0.039017 0.102552 0.084142 0.253523 -0.375408 -0.168685 0.351116 0.117423 0.424183 0.450025 0.107588 0.052998 -0.254181 -0.352874 0.064706 -0.187280 -0.242896 -0.134332 0.532923 0.205862 0.459295 0.232911 0.244288 -0.020499 0.184581 0.312879 0.349955 0.300230 0.152160 0.192952 -0.007514 -0.193399 0.263685 0.105083 -0.174436 -0.193041 -0.124858 -0.379596 0.099685 -0.438856 -0.075046 -0.162719 0.174621 0.098325 -0.107584 -0.022292 0.154185 -0.419904 -0.259572 -0.382789 -0.234974 -0.222811 -0.112731 -0.142132 0.017278 -0.163479 0.080978 -0.083766 -0.260221 -0.039795 0.223838 -0.237941
0.000069 0.004072 -0.203629 -0.341583 0.204763 0.203030 -0.240960 -0.206501 -0.000745 -0.018043 0.221398 0.365035 0.202295 0.353844 0.282973 0.411700 0.379783 0.363498 0.019905 0.025300 0.048356 0.247942 -0.136519 -0.149361 -0.080629 -0.004795 0.103935 -0.069440 0.667624 1.000000 -0.041530 0.134045 0.176125 0.355203 0.110443 0.028659 0.405955 0.397673 0.344095 0.074667 0.316540 0.240106 0.102330 0.042027 0.115967 -0.147513 0.008621 0.175921 -0.350432 -0.088787 -0.515395 -0.166001 -0.408576 -0.112568 0.082794 0.113809 0.096420 0.191909 -0.407893 -0.245368 0.214033 0.079403 0.387304 0.358208 -0.203908 -0.009157 -0.247129 -0.413746 0.080518 -0.214105 -0.219054 0.167278 0.521775 0.337715 0.314964 0.262991 0.327972 0.222847 0.183644 0.327532 0.360544 0.350243 0.176295 0.277322 -0.207288 -0.214150 0.352506 0.248975 -0.009617 -0.161126 -0.145771 -0.423679 -0.001556 -0.381098 -0.072588 0.087477 0.261492 0.157101 -0.237422 -0.184733 -0.021993 -0.339645 -0.388731 -0.301191 -0.094437 -0.177158 -0.173830 -0.247231 -0.036441 -0.056213 0.104956 -0.051077 -0.399518 -0.038192 0.147108 -0.328463
0.145308 0.187924 0.283449 -0.084355 -0.062376 -0.325241 0.276855 0.368631 0.359412 0.167757 0.107149 0.184348 0.235186 0.210571 0.056303 -0.270907 0.212163 0.135289 -0.028218 -0.161501 0.251553 -0.383273 0.145696 -0.053944 0.471575 0.413198 -0.173079 -0.143345 0.143814 -0.041530 1.000000 0.570819 -0.013733 0.214368 -0.115289 -0.001206 -0.131735 0.102902 0.014534 -0.165332 -0.230547 0.311820 -0.101170 -0.097259 -0.089477 -0.149461 -0.159427 -0.242582 -0.230301 -0.138257 -0.152364 -0.180971 -0.212702 0.177839 -0.103168 0.105607 0.350487 0.177433 -0.070259 0.086274 0.160444 0.045660 -0.035242 0.149117 0.264653 0.131919 -0.075942 -0.000297 -0.113101 -0.224968 -0.251650 -0.146116 0.068596 -0.134462 0.126705 -0.028745 0.145515 0.100392 0.245689 -0.081926 -0.054214 -0.067405 -0.311533 -0.175943 0.067207 0.082888 -0.221202 -0.161299 -0.106046 -0.106589 -0.400401 -0.131303 -0.061678 -0.200185 -0.094721 -0.387875 -0.253831 -0.241834 -0.164037 -0.074165 -0.021287 -0.053083 -0.209308 -0.143348 -0.062877 0.168304 -0.142925 -0.171905 -0.116681 -0.344278 -0.218739 -0.194451 -0.096809 -0.075200 0.132234 -0.180100
0.024970 0.030453 0.078746 -0.066829 0.036196 -0.205982 0.062008 0.372916 0.253383 0.145167 -0.006011 0.150352 0.172445 0.184722 0.028486 -0.112002 0.278847 0.079094 -0.061723 -0.129614 0.241157 -0.112969 0.194269 0.362588 0.246931 0.294654 -0.121668 -0.084553 0.229798 0.134045 0.570819 1.000000 -0.037764 0.084409 -0.153074 -0.213896 -0.272373 -0.050005 -0.057314 -0.138151 -0.192289 0.335642 -0.023844 -0.053321 0.017335 -0.057961 -0.062859 -0.191437 -0.259729 -0.100339 -0.080929 -0.265223 -0.214497 -0.102927 -0.290541 -0.127956 0.125444 0.015481 -0.145531 -0.053722 -0.023654 -0.070889 0.138893 0.165697 0.325416 0.055238 -0.308244 -0.106849 -0.049116 -0.314281 -0.094481 0.136999 0.030504 0.022124 0.190837 -0.065610 0.075389 -0.037453 0.185377 -0.135934 -0.024622 -0.175590 -0.022662 0.068874 0.039743 -0.093504 -0.176857 -0.189762 -0.006121 -0.025123 -0.216159 -0.095342 0.322850 -0.103236 0.045401 -0.195670 -0.217272 -0.037105 -0.205402 -0.032098 -0.015369 0.089184 -0.173037 -0.077795 0.100825 0.212105 -0.175507 0.027073 0.062677 -0.104828 -0.102357 0.045758 -0.060015 0.296590 0.377784 0.054311
0.043490 0.285392 -0.182346 -0.359198 -0.286411 -0.203591 -0.243287 -0.241308 -0.147450 -0.209023 -0.013834 0.094956 -0.007981 -0.069358 -0.213631 -0.293906 0.427613 0.228684 0.009604 0.084541 -0.160966 -0.161403 -0.184994 -0.285011 0.020589 0.092990 -0.243496 -0.200510 0.197777 0.176125 -0.013733 -0.037764 1.000000 0.474846 -0.051708 0.121371 0.161671 -0.222704 -0.062828 -0.360094 -0.067020 -0.230663 0.097007 0.201589 0.237388 0.240695 0.135718 0.127546 -0.157232 0.219998 -0.276327 -0.278281 -0.205706 -0.057918 0.135402 0.227714 0.440679 0.402648 -0.091731 -0.028548 0.155358 -0.124339 0.133221 0.285194 -0.144375 -0.087393 0.378433 0.194358 0.318019 0.321931 -0.259532 -0.195036 0.419565 -0.180955 0.154646 -0.041530 0.096154 -0.056681 0.171723 0.221849 0.442680 0.376951 -0.228664 -0.214546 0.079416 0.225358 -0.134572 -0.156662 -0.195454 -0.375496 -0.105185 -0.229707 -0.213811 -0.179751 -0.315846 -0.056573 0.009540 -0.289360 0.053589 0.377193 0.117625 -0.213032 -0.040824 -0.106293 -0.020902 -0.023501 0.035706 -0.080103 -0.137650 -0.061347 -0.077693 -0.023279 0.147555 0.083262 -0.093542 0.073096
0.372155 0.466212 -0.039900 -0.273745 -0.341837 -0.430502 -0.156749 0.094418 0.081647 0.205154 0.433847 0.592462 0.506817 0.494700 -0.007802 -0.107044 0.437797 0.286084 0.056431 0.160552 -0.167594 -0.278892 -0.117552 -0.372205 0.127118 0.072915 -0.476052 -0.567068 0.365970 0.355203 0.214368 0.084409 0.474846 1.000000 0.237549 0.412908 0.110046 0.064457 -0.107784 -0.167578 -0.239897 -0.125799 -0.292046 -0.130091 -0.058538 -0.104916 -0.152919 0.196050 -0.404900 -0.033151 -0.565586 -0.411977 -0.256211 -0.156342 0.085386 0.152743 0.353540 0.524812 -0.046383 0.071589 0.616873 0.375114 0.257169 0.385891 0.129098 0.432857 0.106721 -0.059100 0.154878 0.127656 -0.379424 -0.232394 0.385545 -0.054323 0.158647 -0.080671 0.373187 0.045623 0.120360 0.206429 0.289152 0.258223 -0.231418 -0.428746 -0.075067 -0.121107 -0.062685 -0.071142 -0.281727 -0.187841 -0.375315 -0.334083 -0.090479 -0.280173 -0.382048 -0.222528 -0.022254 -0.100322 -0.052054 0.096016 -0.104099 -0.324454 -0.367847 -0.328467 -0.256602 -0.276694 -0.181403 -0.329944 -0.207367 -0.289031 -0.026199 -0.072761 -0.131231 -0.050491 -0.022596 -0.388011
0.288613 0.160625 0.044811 0.166831 -0.145374 -0.063266 0.188742 0.044136 0.172086 0.270031 0.423299 0.321699 0.283672 0.167383 0.185301 0.028752 0.082435 0.054919 0.303026 0.224015 -0.258771 -0.209635 0.111391 0.122538 -0.327566 -0.405576 -0.187579 -0.298735 0.037365 0.110443 -0.115289 -0.153074 -0.051708 0.237549 1.000000 0.706019 0.134054 0.176249 0.148251 0.322247 0.067390 -0.250271 -0.224748 -0.246468 -0.411521 -0.302673 -0.066407 0.201090 -0.268948 -0.391044 -0.349022 -0.050214 -0.034003 0.046892 -0.193462 -0.229055 -0.136204 0.075928 0.184829 0.079793 0.368816 0.501499 0.138261 0.079525 0.362407 0.470445 0.170507 0.044394 -0.060030 0.031142 -0.137239 -0.335663 0.119378 0.114602 -0.095137 0.114246 0.485455 0.390151 0.071331 -0.164302 -0.384098 -0.295903 0.266297 -0.086255 -0.217059 -0.143868 0.295197 0.389169 0.221022 0.256043 -0.011189 -0.035213 0.037172 0.092008 -0.141202 0.132867 0.116430 0.328278 -0.407902 -0.267921 -0.052313 -0.213808 -0.317264 -0.488802 -0.439272 -0.452746 -0.178441 -0.437375 -0.317534 -0.085610 0.053924 0.020806 -0.417904 -0.238330 0.095039 -0.369151
0.306759 0.173551 0.101114 -0.019232 -0.271589 -0.206282 0.205549 -0.068577 0.093021 0.174628 0.442116 0.407737 0.335700 0.291868 0.079739 -0.080024 0.150874 0.203422 0.149032 0.102471 -0.213539 -0.245794 -0.143818 -0.121755 -0.142603 -0.195193 -0.309614 -0.341608 -0.041132 0.028659 -0.001206 -0.213896 0.121371 0.412908 0.706019 1.000000 0.046613 0.235066 0.144297 0.328896 -0.081423 -0.228286 -0.247542 -0.389317 -0.308847 -0.243702 -0.098716 0.172117 -0.154340 -0.281355 -0.340446 -0.059077 0.015366 0.019744 -0.027185 -0.017899 0.047097 0.197742 0.371263 0.242550 0.492182 0.504926 0.056311 0.012930 0.219268 0.572665 0.350266 0.124269 0.174768 0.107355 -0.153641 -0.436087 0.145387 -0.054587 -0.075220 0.047830 0.398411 0.281973 0.066374 -0.105490 -0.325774 -0.138940 -0.143598 -0.465786 -0.390210 -0.139438 0.084656 0.211406 0.020088 0.220766 -0.021788 0.097570 0.106555 0.064386 -0.155591 0.102446 0.126563 0.106372 -0.337434 -0.169527 -0.008292 -0.179031 -0.307378 -0.452291 -0.318860 -0.546063 -0.198073 -0.450923 -0.435737 -0.092994 0.159291 0.013224 -0.293671 -0.126408 -0.065962 -0.427509
