1.000000 0.406306 0.233063 0.079228 -0.006668 0.112609 0.007598 0.258326 -0.260153 -0.061231 0.037994 0.062628 -0.343744 -0.213780 -0.325825 -0.412774 0.509415 0.249881 0.482693 0.331832 0.010457 0.015895 -0.261309 -0.366764 -0.303570 -0.274105 -0.068117 -0.167239 0.119310 0.174365 0.081042 -0.039652 0.335009 0.395162 -0.271835 -0.185752 -0.009052 0.174382 -0.240926 -0.220402 -0.079465 0.373261 -0.034630 -0.048610 -0.124067 -0.204510 -0.089623 -0.156612 -0.205935 -0.155968 -0.269470 -0.180392 -0.148225 -0.111603 -0.206440 -0.195917 0.490438 0.345534 0.078338 0.320270 -0.004529 0.282683 0.186178 0.467231 -0.288305 -0.013995 0.276159 -0.266069 0.460294 0.118787 0.097326 0.148380 0.311469 0.414588 0.327815 0.155178 0.382907 0.229777 0.083875 -0.105384 0.237194 0.251826 -0.184598 0.097915 -0.106317 0.019527 -0.092233 0.046274 0.028163 -0.060310 -0.167954 -0.244448 -0.047971 -0.192730 -0.333781 -0.150815 0.073889 -0.164881 -0.068242 0.203756 0.249544 -0.001398 0.064692 -0.114217 -0.218164 -0.418920 0.257890 -0.414247 0.021642 -0.110928 -0.117371 -0.000249 -0.035604 -0.004271 -0.323094 -0.267787
0.406306 1.000000 -0.066927 -0.064197 0.142243 -0.187545 -0.389919 -0.017110 -0.194319 -0.155007 -0.156097 -0.158916 -0.343848 -0.224507 -0.394850 -0.279380 0.329947 0.051186 0.296188 0.418707 -0.209579 0.144275 -0.500054 -0.497070 -0.228958 -0.372420 -0.065732 -0.221723 0.332263 0.232986 -0.126230 -0.225003 0.249186 0.454170 -0.311017 -0.136322 0.089502 0.304475 -0.145113 0.090386 0.057322 0.225961 -0.084409 -0.144470 -0.363207 -0.469252 -0.195884 -0.241757 -0.206479 -0.154826 -0.090264 -0.096802 0.092246 -0.092007 0.009820 -0.112527 0.428903 0.568452 0.167365 0.394868 0.187952 0.357885 0.309652 0.561201 -0.406233 -0.262485 0.211544 -0.485184 0.415920 0.239561 -0.101862 -0.028333 0.379241 0.051578 0.091843 0.110228 0.088181 0.014565 -0.094548 0.091638 0.412481 0.435575 0.039015 0.013896 -0.211124 -0.026762 -0.129841 0.041574 -0.141572 0.162232 -0.299512 -0.169906 -0.288467 -0.460030 -0.380981 -0.128705 -0.142199 -0.312024 0.211027 0.235095 -0.159713 0.251522 0.199420 -0.036632 0.119490 -0.119431 -0.038151 -0.060390 -0.207684 -0.184410 -0.292098 0.018833 -0.137695 0.365850 0.053492 -0.092704
0.233063 -0.066927 1.000000 0.466640 0.097973 0.217256 0.441081 0.613551 0.392077 0.396102 0.257273 -0.205597 -0.006398 -0.042531 -0.054746 -0.182441 0.069322 -0.036595 0.483990 -0.033942 0.156972 -0.018583 0.217195 0.150019 0.287805 0.108790 0.109841 -0.065281 -0.248949 -0.038744 0.365968 0.159639 0.065253 0.272595 0.139226 0.021883 0.021761 0.273616 0.155097 0.193433 0.120140 0.308935 -0.372373 -0.400574 -0.368676 -0.462321 -0.334290 -0.368618 -0.517554 -0.582896 -0.519207 -0.452902 -0.252933 -0.242037 -0.145250 -0.518604 0.089404 -0.022120 0.242517 0.023851 0.253471 0.224172 0.107549 0.190261 0.331608 0.313613 0.418063 0.006297 0.191890 0.173290 0.227721 0.011920 0.230059 0.385009 0.373115 0.299627 0.436049 0.551984 -0.082690 -0.252414 -0.195120 -0.079765 -0.436710 -0.001516 -0.148211 0.009492 0.078043 -0.277389 0.289980 0.198619 -0.219004 -0.253498 -0.031957 0.088565 -0.124764 -0.042373 0.049220 -0.238121 -0.201931 -0.284853 0.145166 0.030077 0.231404 0.029852 -0.397590 -0.345963 -0.002513 -0.202954 -0.061968 -0.038438 -0.107754 -0.319628 -0.207351 -0.172161 -0.215576 -0.304093
0.079228 -0.064197 0.466640 1.000000 0.194536 0.580657 0.083185 0.213118 -0.150571 -0.038252 0.022467 -0.387656 -0.253943 -0.123258 0.165795 -0.027585 -0.031205 -0.159474 0.260795 -0.019907 0.420203 0.300015 0.521754 0.560859 0.390964 0.319438 0.481248 0.460257 -0.371447 -0.256644 0.568057 0.448868 -0.062407 0.083467 0.324374 0.233430 -0.229233 -0.103353 0.016166 0.039932 -0.207044 -0.028732 -0.334275 -0.101506 -0.171457 -0.098162 -0.480200 -0.279800 -0.416124 -0.314105 -0.197667 -0.405792 -0.547998 -0.329690 -0.163318 -0.448037 -0.075456 -0.001828 -0.235868 -0.282640 -0.255149 -0.088823 -0.235189 -0.081011 0.380337 0.528559 0.008507 0.225327 0.087858 0.047364 0.039374 -0.125779 -0.235417 0.094126 0.074699 0.255105 0.171574 0.246043 -0.068640 0.002004 -0.008130 -0.021587 -0.106609 0.026059 0.248057 0.171877 0.336559 0.190012 0.279694 -0.151792 -0.393159 -0.243387 0.374814 0.122943 -0.007939 -0.064303 0.027931 -0.064269 -0.084261 -0.115428 0.085328 0.031955 0.050495 -0.109068 0.011136 -0.084630 0.169808 -0.085122 -0.007549 -0.017768 0.111742 -0.064038 -0.022738 0.183696 0.122120 -0.105121
-0.006668 0.142243 0.097973 0.194536 1.000000 0.264298 -0.135756 -0.083899 -0.023385 0.122872 -0.155875 -0.221606 -0.162647 -0.202378 -0.034972 0.166723 -0.070999 -0.184591 0.071277 0.083707 0.203569 0.291920 0.023057 0.072697 0.313974 0.050067 0.118858 0.126783 0.132951 0.094855 -0.069274 0.010470 -0.016785 0.112134 0.023329 0.153183 -0.178790 0.214238 0.169227 0.130167 0.223472 0.273824 -0.075855 -0.015737 -0.171473 -0.040709 -0.071617 -0.060981 -0.060135 0.087179 -0.155673 -0.029126 -0.125753 -0.074015 -0.282181 -0.102898 0.119141 0.147341 -0.225778 -0.029619 -0.118991 0.081432 0.112137 0.163054 -0.108278 -0.105336 -0.126428 -0.210115 0.104589 0.002984 0.111895 0.063745 0.124899 0.124274 0.074443 -0.151638 0.103108 -0.009842 0.077700 0.124171 0.028627 0.161607 0.204313 0.246794 -0.285825 -0.368056 -0.028810 0.167205 -0.195763 -0.087805 -0.076194 0.011931 -0.156324 -0.075962 -0.195892 -0.061392 -0.056799 -0.252992 0.109012 0.003355 0.166254 0.128723 0.168650 0.232976 0.172914 0.152056 0.095662 0.053529 0.069475 -0.237672 -0.189207 -0.075740 -0.015923 0.244902 0.211113 0.023751
0.112609 -0.187545 0.217256 0.580657 0.264298 1.000000 0.061379 -0.052634 -0.132811 -0.088556 -0.050926 -0.254590 -0.188522 -0.299031 0.238270 0.072513 -0.050364 -0.148380 0.118191 -0.112159 0.450500 0.447523 0.432380 0.508062 0.276925 0.294984 0.459673 0.544696 -0.401157 -0.304344 0.307232 0.321557 -0.011961 -0.151801 0.311522 0.147071 -0.227340 -0.020948 0.146837 0.052128 -0.232047 0.245099 -0.165164 -0.080663 0.016311 0.034870 -0.263268 -0.202924 -0.184152 -0.040812 -0.067075 -0.138369 -0.350565 -0.158604 -0.102061 -0.182263 -0.054902 -0.137427 -0.179735 -0.267248 -0.358848 -0.211581 -0.237289 -0.218608 0.128015 0.307458 0.003415 0.127431 -0.053786 -0.056426 0.052111 -0.085810 -0.255307 0.113507 0.076940 -0.128271 -0.084432 -0.055206 0.020824 -0.166293 -0.063621 -0.087084 0.141553 0.191500 0.191021 -0.036348 0.394707 0.164485 0.320755 -0.158976 -0.237105 -0.132315 0.167195 -0.020174 0.158028 0.096465 0.007592 0.143633 -0.034073 0.066276 0.129689 -0.011020 -0.115163 0.174824 0.283639 0.170548 0.063219 0.082616 0.223088 -0.073122 0.008954 -0.000263 0.114913 0.111873 0.139127 0.121010
0.007598 -0.389919 0.441081 0.083185 -0.135756 0.061379 1.000000 0.446390 0.451796 0.272457 0.474860 0.214579 0.557173 0.211397 0.149235 0.176277 -0.006856 0.082575 -0.072342 -0.413090 0.208456 -0.161765 0.242345 0.096946 -0.050385 0.067502 0.001265 -0.047137 -0.168381 -0.154373 0.072307 0.035377 0.136965 -0.070970 -0.028532 0.123421 0.231713 -0.135815 -0.001996 -0.099190 0.089531 -0.090389 -0.051203 0.042377 -0.056452 -0.070473 -0.012240 -0.048804 -0.149469 -0.210772 -0.030899 -0.206111 -0.043210 -0.066289 -0.080377 -0.168952 -0.087909 -0.361728 0.193618 -0.215084 0.319331 0.042686 0.191752 -0.087595 0.408871 0.172150 0.049675 -0.056717 -0.320167 -0.246446 -0.071346 -0.064024 0.106290 0.091931 -0.014784 0.201339 0.016784 0.143547 -0.064274 -0.185856 -0.173535 -0.265548 -0.392262 -0.078508 0.221660 -0.077843 0.134398 -0.233625 0.358716 0.226528 0.095252 -0.116205 0.183033 0.271630 0.218651 0.154902 0.042843 0.069016 -0.408303 -0.330836 0.288905 0.098791 0.054783 -0.161564 -0.277576 -0.397514 0.015042 -0.271444 0.159035 0.354891 0.088264 0.003508 -0.059869 -0.275150 -0.056084 -0.207157
0.258326 -0.017110 0.613551 0.213118 -0.083899 -0.052634 0.446390 1.000000 0.297651 0.405954 0.461769 0.142221 -0.002338 0.089351 -0.311036 -0.152271 0.340481 0.154868 0.208336 -0.131327 0.045893 -0.165466 -0.160411 -0.192564 -0.004301 -0.075222 -0.254958 -0.292160 0.016903 0.189784 0.183427 0.109072 0.010544 0.315601 -0.100648 0.022698 0.051199 0.117749 -0.182133 0.006150 0.103836 0.028924 -0.344863 -0.438414 -0.307398 -0.349417 -0.339549 -0.344657 -0.426819 -0.486230 -0.357806 -0.427044 -0.157100 -0.269877 -0.119779 -0.403927 0.266929 0.049131 0.173498 0.191125 0.381630 0.446291 0.376119 0.302134 0.077606 0.283722 0.251025 -0.008935 0.050042 0.129536 0.160877 0.087802 0.229129 0.294950 0.173178 0.280259 0.316424 0.473178 0.113077 -0.100127 0.027361 -0.058181 -0.455666 -0.112552 0.032522 0.055682 -0.178293 -0.353109 0.283332 0.189263 -0.130615 -0.231319 0.077023 0.067103 -0.014645 0.104550 -0.078634 -0.015816 -0.478522 -0.354391 0.249765 0.155145 0.264906 -0.043194 -0.346444 -0.380088 0.019508 -0.332083 -0.018697 0.284614 0.108999 -0.155464 -0.283887 -0.057866 -0.189288 -0.234233
-0.260153 -0.194319 0.392077 -0.150571 -0.023385 -0.132811 0.451796 0.297651 1.000000 0.689275 0.445709 0.117612 0.538662 0.337430 0.243207 0.252641 0.046516 0.098046 -0.063443 -0.369332 -0.006157 -0.387824 0.042519 -0.078849 0.247276 0.096272 -0.104258 -0.226197 -0.142638 0.023028 -0.092215 -0.199390 0.074370 0.029795 0.087177 0.047588 0.106856 0.072281 0.280802 0.203475 0.264858 -0.124337 -0.330258 -0.404427 -0.183694 -0.230644 -0.126787 -0.170142 -0.268719 -0.264221 -0.266385 -0.210793 -0.032703 -0.147083 0.013845 -0.104345 0.042996 -0.091220 0.303370 -0.076132 0.511403 0.285266 0.293013 0.059498 0.334924 0.049809 0.095641 -0.113361 -0.203479 -0.056736 -0.008259 -0.137108 0.163796 -0.086038 0.000088 0.080480 0.082460 0.185639 0.023893 -0.226177 -0.125261 -0.165634 -0.438548 -0.087053 0.027956 -0.048406 0.060798 -0.401274 0.319926 0.440080 -0.088287 -0.018689 -0.295571 0.168845 0.036130 -0.026268 0.141233 -0.096469 -0.182707 -0.338954 -0.052579 0.077050 0.136281 0.082589 -0.171772 -0.134466 -0.108987 -0.021377 -0.102850 0.128938 -0.061404 -0.133280 -0.071310 -0.276856 -0.048917 -0.063657
-0.061231 -0.155007 0.396102 -0.038252 0.122872 -0.088556 0.272457 0.405954 0.689275 1.000000 0.202049 -0.055247 0.212217 0.178975 0.033721 0.076907 0.126760 0.051865 -0.024233 -0.114676 -0.139962 -0.435240 -0.053016 -0.108377 0.356062 0.058647 -0.137263 -0.279187 -0.105494 0.182917 -0.053541 -0.184523 -0.115535 0.108030 0.047768 -0.002526 0.060702 0.271691 0.184637 0.247795 0.176451 -0.007957 -0.344963 -0.369530 -0.142880 -0.170060 -0.254540 -0.164937 -0.339262 -0.280824 -0.504907 -0.341837 -0.289831 -0.314980 -0.027231 -0.167529 0.138797 0.109841 0.091838 0.012213 0.360352 0.408742 0.111798 0.146515 0.234611 0.089391 0.183802 0.000743 -0.044278 0.106817 0.047227 -0.041347 0.251568 0.055885 0.124766 0.027188 0.280797 0.353220 0.023147 -0.220503 -0.067732 -0.115080 -0.519544 -0.091963 -0.056868 -0.207394 -0.061506 -0.162777 0.189846 0.322078 0.016975 0.044769 -0.148559 0.241222 -0.139390 -0.029382 0.136648 -0.132456 -0.094336 -0.169720 -0.078099 0.218550 0.189139 0.178529 -0.176791 -0.068862 -0.032111 -0.102902 -0.038240 0.037528 0.050172 -0.060727 -0.202955 -0.277101 -0.179126 -0.191945
0.037994 -0.156097 0.257273 0.022467 -0.155875 -0.050926 0.474860 0.461769 0.445709 0.202049 1.000000 0.338346 0.424941 0.308462 0.063682 -0.013617 0.403922 0.315565 -0.028114 -0.331838 0.246390 -0.014993 0.117530 -0.109245 0.018797 0.082734 -0.283835 -0.083361 -0.000057 0.058189 0.061329 0.083312 0.043786 0.098008 -0.117457 0.115279 -0.091244 -0.128681 -0.006962 0.005551 -0.087716 -0.242636 -0.304991 -0.300746 -0.226208 -0.209374 -0.282768 -0.281187 -0.332626 -0.305368 -0.098603 -0.275473 -0.106719 -0.257805 -0.220327 -0.268640 0.342510 -0.074444 0.331192 0.001901 0.368382 0.171358 0.467374 0.113099 0.273172 0.318420 0.160963 -0.022721 -0.146123 -0.178110 0.025800 0.116774 0.035968 -0.001898 -0.034515 0.126446 -0.006191 0.194869 0.160907 0.035129 -0.059846 -0.149944 -0.278200 -0.294253 0.278674 0.166441 0.104013 -0.234038 0.317622 0.071071 -0.267272 -0.056487 0.030102 0.191787 0.168357 0.078768 0.036752 0.143559 -0.354854 -0.363529 0.132586 0.060090 -0.184672 -0.103759 -0.279063 -0.201099 -0.059848 -0.242701 0.020338 0.290150 0.117725 0.043030 -0.253043 -0.077956 -0.076247 0.005255
0.062628 -0.158916 -0.205597 -0.387656 -0.221606 -0.254590 0.214579 0.142221 0.117612 -0.055247 0.338346 1.000000 0.301923 0.484744 -0.135069 0.087577 0.198102 0.209363 -0.322952 -0.255114 -0.066591 -0.174070 -0.113907 -0.174991 -0.216529 -0.174878 -0.241894 -0.144975 0.127664 0.169454 -0.285005 -0.033262 -0.186792 -0.014938 -0.167415 -0.036870 -0.030228 -0.137203 0.117890 -0.240430 0.197108 -0.213755 0.032433 -0.044030 0.085038 0.030996 0.074983 0.158177 0.042355 0.042670 0.035665 0.080615 0.161914 0.047040 0.034083 0.131331 0.015333 -0.092347 0.173626 0.088101 0.244627 0.249963 0.266326 0.084351 -0.009669 0.152170 -0.054723 0.108373 -0.230300 -0.028594 0.074475 0.174834 -0.065740 -0.045014 -0.194583 -0.044293 -0.054319 0.002119 0.343295 -0.099496 -0.102619 -0.237900 -0.094899 -0.122775 -0.015693 0.139328 0.033934 -0.020749 -0.048592 0.134543 0.188563 0.155654 0.136366 0.222329 -0.142406 -0.210906 0.124483 0.079494 0.002842 -0.272571 0.148820 -0.058750 -0.085047 -0.191911 -0.328257 -0.232421 0.181491 -0.317470 -0.180538 0.055147 0.256480 0.037993 -0.197380 -0.231411 -0.109665 -0.131509
-0.343744 -0.343848 -0.006398 -0.253943 -0.162647 -0.188522 0.557173 -0.002338 0.538662 0.212217 0.424941 0.301923 1.000000 0.510010 0.420212 0.194494 -0.049663 0.032591 -0.270540 -0.406094 -0.020211 -0.293992 0.172426 -0.013851 -0.070374 0.064994 -0.140559 -0.133282 -0.022385 -0.042763 -0.143462 -0.035017 0.060206 -0.087597 0.095585 0.219936 0.041671 -0.220511 0.112616 -0.111797 0.152167 -0.295626 0.013991 0.057597 0.168931 0.129748 0.081719 0.174068 0.102114 0.127307 0.148588 0.090674 0.048760 0.048888 0.053398 0.038982 -0.197475 -0.239448 0.212601 -0.228302 0.379029 0.018349 0.196481 -0.172714 0.379630 -0.031310 0.019552 -0.003651 -0.301014 -0.201057 -0.300742 -0.139437 0.030268 -0.203749 -0.274729 0.010274 -0.022381 0.010529 -0.009593 -0.132897 -0.271439 -0.283775 -0.163254 -0.208717 0.202988 0.029169 0.182003 0.008523 -0.057704 0.138466 0.122958 0.076743 0.061053 0.208651 0.014187 -0.023735 0.102424 -0.059694 -0.107049 -0.263748 0.023941 -0.155534 -0.129698 -0.259772 -0.181244 -0.207109 0.081814 -0.095966 0.026419 0.160606 0.141732 -0.025187 -0.006897 -0.302997 0.041462 -0.174675
-0.213780 -0.224507 -0.042531 -0.123258 -0.202378 -0.299031 0.211397 0.089351 0.337430 0.178975 0.308462 0.484744 0.510010 1.000000 0.185152 -0.090537 0.064460 0.034090 -0.173523 -0.293007 -0.123737 -0.288145 0.149554 0.075646 0.164512 0.196134 -0.182017 -0.001236 0.033225 -0.039463 -0.021576 0.279795 -0.174919 0.114354 0.200300 0.227050 -0.027787 -0.155428 0.198351 -0.045049 0.298514 -0.272688 -0.144681 -0.114278 0.143333 0.038975 -0.147299 0.163578 -0.055225 -0.056326 0.011677 -0.048262 -0.119464 -0.107373 -0.034933 -0.094938 -0.301994 -0.209635 0.098980 -0.109863 0.302969 0.198918 0.047860 -0.117857 0.488328 0.396008 0.129872 0.346076 -0.212860 0.042466 -0.036617 -0.001969 -0.036302 -0.064536 -0.129996 0.218888 0.239441 0.279540 -0.039945 0.021952 -0.344174 -0.310306 -0.204338 -0.350872 0.051231 0.316998 0.137900 0.007154 -0.016961 0.070281 -0.010839 0.147694 0.208583 0.381729 -0.195469 -0.266294 0.438763 -0.116445 -0.121058 -0.502374 -0.129415 -0.110538 -0.109702 -0.245431 -0.301591 -0.209605 -0.034095 -0.110565 -0.306610 0.055305 0.311181 -0.264048 -0.033964 -0.297865 -0.104672 -0.352505
-0.325825 -0.394850 -0.054746 0.165795 -0.034972 0.238270 0.149235 -0.311036 0.243207 0.033721 0.063682 -0.135069 0.420212 0.185152 1.000000 0.294695 -0.357744 -0.209125 -0.146156 -0.315624 0.181363 0.142668 0.582331 0.409758 0.339346 0.403563 0.095277 0.454513 -0.125852 -0.375549 0.327413 0.292116 -0.000683 -0.205386 0.324474 0.128749 -0.215744 -0.384009 0.062468 -0.038993 -0.055863 -0.240622 -0.077705 0.047011 0.189778 0.144264 -0.036591 -0.102357 0.093023 0.115486 0.192499 0.042100 -0.123336 0.014249 -0.009979 0.019986 -0.335329 -0.272151 -0.193334 -0.529563 -0.121804 -0.298788 -0.310580 -0.520352 0.500412 0.208922 -0.291329 0.038391 -0.297933 -0.303311 -0.038335 0.054589 -0.268673 -0.284067 -0.105461 -0.014272 -0.271220 -0.288834 -0.021878 -0.013625 -0.152062 -0.088881 0.257547 0.076896 0.522366 0.140109 0.349727 0.069021 0.218108 -0.225430 -0.095580 -0.173194 0.036458 0.172163 0.203684 0.201103 0.077844 0.129756 -0.160187 -0.071492 -0.242105 -0.204795 -0.367953 -0.082069 0.287639 0.257891 -0.038684 0.230637 0.274108 -0.060756 0.033035 0.079987 0.066281 -0.194642 0.306491 0.371423
-0.412774 -0.279380 -0.182441 -0.027585 0.166723 0.072513 0.176277 -0.152271 0.252641 0.076907 -0.013617 0.087577 0.194494 -0.090537 0.294695 1.000000 -0.264940 -0.051874 -0.488897 -0.259466 0.097409 0.085139 0.002757 0.092813 0.032729 -0.030421 0.065040 0.018770 -0.072115 0.028368 -0.048762 -0.140711 0.055896 -0.250354 -0.014904 -0.034279 0.085524 -0.292138 0.059926 -0.077227 0.110061 -0.295964 -0.151426 -0.046887 -0.136198 0.057748 0.057337 -0.072965 -0.028440 0.142667 -0.018435 -0.061968 -0.030373 -0.035909 0.041728 0.157883 0.054568 0.021366 -0.150771 -0.311946 -0.040471 -0.170642 0.163763 -0.028564 -0.012547 -0.244321 -0.404591 -0.303019 -0.097329 -0.215542 -0.043890 -0.151972 -0.177063 -0.256733 -0.271098 -0.297103 -0.384595 -0.400165 0.232982 0.036087 0.278882 0.205791 0.153894 0.470459 0.152112 -0.117263 -0.042177 -0.025152 0.080694 0.006994 0.107378 -0.129471 -0.041335 0.130829 0.326915 0.221034 -0.265003 0.203475 0.017182 0.189027 0.098863 0.280873 0.222334 0.215626 0.398519 0.198789 0.202027 0.229209 0.239515 0.161339 0.068538 0.360408 0.175165 0.089378 0.410288 0.436331
0.509415 0.329947 0.069322 -0.031205 -0.070999 -0.050364 -0.006856 0.340481 0.046516 0.126760 0.403922 0.198102 -0.049663 0.064460 -0.357744 -0.264940 1.000000 0.366845 0.300111 0.221196 -0.055548 -0.076453 -0.394010 -0.408773 -0.250421 -0.329512 -0.188062 -0.309842 0.145070 0.328167 -0.038888 -0.071578 0.114208 0.375206 -0.180673 -0.038598 0.045840 0.198689 -0.112687 -0.123327 0.003289 0.117897 -0.208802 -0.285622 -0.137259 -0.222205 -0.203665 -0.164676 -0.334288 -0.280051 -0.172686 -0.315188 -0.205080 -0.235397 -0.289470 -0.332426 0.565777 0.437459 0.083707 0.212132 0.118928 0.277467 0.360287 0.494496 -0.330442 0.087884 0.224378 -0.023692 0.357526 0.141103 0.004856 -0.036726 0.290751 0.345683 0.146679 0.153208 0.279398 0.312561 0.295704 0.032655 0.346765 0.232079 -0.283159 -0.067705 0.057280 -0.025329 -0.116343 -0.132600 0.149601 -0.137807 -0.147347 -0.039127 -0.013404 -0.022162 -0.172426 -0.145545 0.266660 0.003661 -0.092336 0.044624 0.108020 0.191190 0.149523 -0.079560 -0.211529 -0.357531 0.088157 -0.467125 -0.046493 0.222092 0.189908 0.086890 -0.086188 0.099619 -0.087686 -0.222033
0.249881 0.051186 -0.036595 -0.159474 -0.184591 -0.148380 0.082575 0.154868 0.098046 0.051865 0.315565 0.209363 0.032591 0.034090 -0.209125 -0.051874 0.366845 1.000000 -0.182051 -0.005229 -0.188800 -0.162224 -0.236650 -0.335752 -0.296703 -0.160005 -0.301286 -0.269753 0.188890 0.251719 0.020185 -0.136655 0.230751 0.040056 -0.429739 -0.186001 0.206495 -0.076261 -0.001424 -0.139618 -0.017383 -0.119002 -0.062003 0.011958 -0.126239 -0.204927 0.030536 0.030903 -0.188496 -0.126643 -0.152191 -0.206057 -0.093266 -0.096424 -0.000228 0.035329 0.342165 0.162490 0.037166 0.075385 0.183081 0.098458 0.326621 0.337135 -0.150698 -0.072797 -0.020894 -0.219983 0.022985 -0.078406 0.142643 -0.000280 0.067581 0.080133 -0.070994 0.088073 -0.028110 0.062392 0.176585 0.101271 0.250718 0.140034 -0.242036 -0.007015 0.033379 -0.048885 -0.136599 -0.084143 0.092532 0.139365 -0.145531 -0.006325 -0.003295 0.108396 0.067649 -0.015769 0.094888 0.183554 0.023319 0.096378 0.179726 -0.063577 0.096528 -0.107172 -0.206310 -0.108815 0.052337 -0.159657 0.064864 0.288065 0.316398 0.290210 -0.032564 -0.007046 -0.105439 -0.025147
0.482693 0.296188 0.483990 0.260795 0.071277 0.118191 -0.072342 0.208336 -0.063443 -0.024233 -0.028114 -0.322952 -0.270540 -0.173523 -0.146156 -0.488897 0.300111 -0.182051 1.000000 0.417143 0.050371 -0.072754 -0.071709 -0.110359 0.045336 -0.104567 0.042023 -0.179932 0.013289 0.124852 0.297735 0.098130 0.083196 0.469094 0.123475 -0.027461 -0.015657 0.232837 -0.184867 -0.044494 0.082881 0.410121 -0.089052 -0.213230 -0.113736 -0.251067 -0.119782 -0.195156 -0.198504 -0.285894 -0.236806 -0.178589 -0.094864 -0.082192 -0.204907 -0.348661 0.103931 0.171458 0.073827 0.205574 -0.045163 0.121360 -0.034507 0.208330 -0.150722 -0.013449 0.346085 -0.059937 0.453493 0.249875 0.178913 0.076053 0.271815 0.503468 0.485248 0.336646 0.521900 0.419208 -0.234466 -0.139235 -0.057345 0.087010 -0.272365 0.040825 -0.133313 0.003112 -0.111465 -0.230657 0.048881 -0.130821 -0.192409 0.002292 -0.082581 -0.152567 -0.281160 -0.107111 -0.002420 -0.197042 -0.055698 0.036550 -0.045177 -0.070028 0.131981 -0.090010 -0.307692 -0.324286 -0.057068 -0.291373 -0.029518 -0.183242 -0.169080 -0.253063 0.007198 -0.035986 -0.287286 -0.272689
0.331832 0.418707 -0.033942 -0.019907 0.083707 -0.112159 -0.413090 -0.131327 -0.369332 -0.114676 -0.331838 -0.255114 -0.406094 -0.293007 -0.315624 -0.259466 0.221196 -0.005229 0.417143 1.000000 -0.221649 -0.013425 -0.412287 -0.293085 -0.236280 -0.379416 -0.040025 -0.312629 0.255309 0.246235 -0.002726 -0.184622 0.114977 0.542314 -0.174691 -0.154019 0.084027 0.277547 -0.288709 -0.026141 0.109081 0.374817 -0.145495 -0.213291 -0.238470 -0.301572 -0.059305 -0.188787 -0.162784 -0.240514 -0.266193 -0.159474 -0.088776 -0.142642 -0.086177 -0.236220 0.236260 0.540224 0.030320 0.342074 -0.136419 0.057591 0.013143 0.365763 -0.492548 -0.270126 0.254884 -0.115938 0.613894 0.544886 0.031914 -0.067082 0.254774 0.365282 0.245574 0.076850 0.096808 0.109109 0.018813 0.017291 0.337406 0.523213 0.025049 0.262805 -0.111911 -0.113298 -0.429172 0.081424 -0.216791 -0.156897 0.070475 0.144880 -0.213625 -0.176560 -0.164466 -0.001951 -0.090459 -0.064693 0.229842 0.349335 -0.121003 0.171287 0.295873 0.106485 -0.042700 -0.174153 0.130407 -0.022480 -0.002527 -0.130813 -0.052680 0.124709 0.027964 0.112651 -0.166778 -0.030556
0.010457 -0.209579 0.156972 0.420203 0.203569 0.450500 0.208456 0.045893 -0.006157 -0.139962 0.246390 -0.066591 -0.020211 -0.123737 0.181363 0.097409 -0.055548 -0.188800 0.050371 -0.221649 1.000000 0.472862 0.413685 0.367758 0.354651 0.394622 0.352403 0.486609 -0.484431 -0.264980 0.257077 0.296783 -0.081708 -0.110748 0.072743 0.199412 -0.188837 -0.235623 0.016951 -0.028965 -0.379217 -0.037201 -0.103022 0.027582 0.038092 0.249820 -0.087617 -0.061799 -0.026607 0.031196 -0.008341 -0.079595 -0.303382 -0.131258 -0.257502 -0.077770 -0.061326 -0.120148 -0.303732 -0.297304 -0.276372 -0.240945 -0.109858 -0.185462 0.286371 0.341988 -0.226591 0.163079 -0.118943 -0.144463 0.025856 0.159888 -0.373955 -0.076827 -0.121654 -0.077472 -0.206433 -0.044616 -0.083813 -0.056562 -0.100951 -0.184448 -0.079156 0.003758 0.214403 0.002178 0.275368 0.055915 0.217803 -0.231401 -0.088792 -0.168370 0.216589 0.150765 0.190455 0.004499 -0.106543 0.145056 -0.026519 -0.054349 0.207868 0.122483 -0.197898 0.143442 0.173538 0.085329 0.029129 -0.062372 0.046272 -0.003636 -0.055358 0.069306 -0.048276 0.098891 0.094817 0.113091
0.015895 0.144275 -0.018583 0.300015 0.291920 0.447523 -0.161765 -0.165466 -0.387824 -0.435240 -0.014993 -0.174070 -0.293992 -0.288145 0.142668 0.085139 -0.076453 -0.162224 -0.072754 -0.013425 0.472862 1.000000 0.338272 0.376257 0.180383 0.351912 0.232484 0.580438 -0.118726 -0.253205 0.209691 0.382016 -0.123078 -0.086285 -0.048206 -0.041199 -0.136542 -0.087996 0.052508 0.101831 -0.379142 0.163397 -0.040069 0.025743 -0.017748 0.012923 -0.106377 -0.209061 0.015665 0.094692 0.174250 0.039705 -0.049600 0.019380 -0.119821 -0.049500 -0.022735 0.022069 -0.330109 -0.279588 -0.424821 -0.305451 -0.218978 -0.162393 0.019640 0.284439 -0.249768 -0.008580 0.035552 -0.198850 0.064199 0.289774 -0.278680 0.008184 0.061445 -0.102078 -0.305507 -0.200500 0.100977 0.227195 0.135997 0.222853 0.414441 0.163291 0.170597 0.093317 0.283698 0.161252 0.136712 -0.287974 -0.180557 -0.318208 0.096669 -0.202599 0.164371 0.098740 -0.071422 0.082952 0.060828 0.141478 0.109640 0.091709 -0.212600 0.125867 0.362539 0.296860 -0.038952 0.192126 0.040707 -0.184772 -0.167675 0.027242 -0.066292 0.363566 0.348947 0.300840
-0.261309 -0.500054 0.217195 0.521754 0.023057 0.432380 0.242345 -0.160411 0.042519 -0.053016 0.117530 -0.113907 0.172426 0.149554 0.582331 0.002757 -0.394010 -0.236650 -0.071709 -0.412287 0.413685 0.338272 1.000000 0.797319 0.544653 0.679425 0.338960 0.655961 -0.370625 -0.456001 0.423475 0.547434 -0.275580 -0.335131 0.374896 0.193337 -0.252090 -0.323393 0.212746 0.015128 -0.261099 -0.138338 0.051446 0.227041 0.308652 0.316113 -0.060383 0.073082 0.082532 0.107131 0.197299 0.057576 -0.205393 0.019323 -0.093173 -0.032398 -0.476532 -0.482875 -0.302351 -0.619396 -0.346881 -0.358300 -0.481917 -0.608153 0.655009 0.545216 -0.271336 0.379557 -0.446638 -0.360841 0.045851 0.049348 -0.407856 -0.074224 0.013745 0.163807 -0.077765 0.011138 -0.117689 0.012840 -0.411939 -0.408779 0.051998 -0.232516 0.276788 0.150474 0.636762 0.109958 0.251842 -0.143949 -0.046057 -0.075412 0.375787 0.239485 0.122103 -0.132528 0.236200 0.038772 0.025094 -0.268167 -0.024021 -0.225994 -0.406908 -0.161962 -0.060769 0.167551 -0.080926 0.076938 -0.047600 -0.052644 0.109790 -0.179377 -0.015241 -0.176568 0.095170 0.022008
-0.366764 -0.497070 0.150019 0.560859 0.072697 0.508062 0.096946 -0.192564 -0.078849 -0.108377 -0.109245 -0.174991 -0.013851 0.075646 0.409758 0.092813 -0.408773 -0.335752 -0.110359 -0.293085 0.367758 0.376257 0.797319 1.000000 0.558079 0.634183 0.433715 0.702890 -0.448252 -0.492647 0.378388 0.544991 -0.341298 -0.313034 0.412715 0.169209 -0.158397 -0.221860 0.333367 0.097231 -0.121832 -0.010678 0.030638 0.137470 0.296100 0.324387 -0.041942 0.157351 0.086672 0.035132 0.181421 0.026986 -0.181830 0.045264 -0.006181 -0.065637 -0.550326 -0.494381 -0.362074 -0.607707 -0.418462 -0.435706 -0.562209 -0.622925 0.480676 0.542866 -0.289453 0.569487 -0.374986 -0.220203 0.079063 0.094611 -0.428730 -0.091644 -0.037196 0.123202 -0.070459 0.069548 -0.044842 0.029335 -0.318777 -0.298460 0.136278 0.009216 0.178449 0.128900 0.536791 0.204414 0.243979 -0.130893 0.059277 0.050811 0.382479 0.294152 0.095458 -0.156545 0.261364 0.022808 -0.017935 -0.341116 -0.041293 -0.102716 -0.269889 -0.066489 -0.047563 0.134035 0.024434 0.122672 -0.005630 -0.138984 0.212227 -0.232343 -0.037284 -0.134722 0.080387 -0.045045
-0.303570 -0.228958 0.287805 0.390964 0.313974 0.276925 -0.050385 -0.004301 0.247276 0.356062 0.018797 -0.216529 -0.070374 0.164512 0.339346 0.032729 -0.250421 -0.296703 0.045336 -0.236280 0.354651 0.180383 0.544653 0.558079 1.000000 0.638401 0.249605 0.511855 -0.361314 -0.230229 0.413056 0.413820 -0.360606 -0.025015 0.380220 0.220653 -0.116151 0.062113 0.397602 0.327381 0.052566 0.021446 -0.349648 -0.205878 -0.021873 0.040951 -0.373915 -0.129112 -0.215569 -0.164623 -0.181388 -0.277821 -0.445415 -0.390451 -0.166323 -0.230905 -0.330880 -0.142605 -0.374843 -0.463357 -0.258484 -0.141175 -0.359108 -0.343222 0.514011 0.483428 -0.157384 0.355322 -0.145868 -0.127486 0.351408 0.153476 -0.165812 0.090079 0.063669 0.146705 0.144588 0.235079 -0.152654 0.034301 -0.221457 -0.182329 -0.096626 -0.111887 0.039196 -0.008306 0.370070 0.097762 0.255057 -0.051865 -0.120296 -0.035423 0.117636 0.322796 -0.034068 -0.058516 0.297208 -0.039125 0.008954 -0.317552 -0.237202 0.087875 -0.130560 0.189434 0.051708 0.330288 -0.196391 0.145685 -0.062876 -0.229146 0.142541 -0.222981 -0.117033 -0.064113 0.042499 0.023769
-0.274105 -0.372420 0.108790 0.319438 0.050067 0.294984 0.067502 -0.075222 0.096272 0.058647 0.082734 -0.174878 0.064994 0.196134 0.403563 -0.030421 -0.329512 -0.160005 -0.104567 -0.379416 0.394622 0.351912 0.679425 0.634183 0.638401 1.000000 0.205058 0.636248 -0.317003 -0.401168 0.447846 0.620764 -0.277254 -0.165990 0.311825 0.198604 -0.071351 -0.189642 0.223630 0.152402 -0.236337 -0.107583 -0.053647 0.118112 0.184150 0.245610 -0.106236 0.044467 0.046532 0.091020 0.152129 0.055445 -0.243880 -0.028452 -0.119889 0.016973 -0.404502 -0.434251 -0.447417 -0.627101 -0.325279 -0.384089 -0.432549 -0.587459 0.595930 0.571849 -0.362709 0.400911 -0.332505 -0.393172 0.043606 0.109437 -0.335794 -0.008981 0.111790 0.258519 -0.062999 0.127563 -0.220516 0.268996 -0.253605 -0.161504 0.043404 -0.122179 0.176880 0.181565 0.408295 0.110316 0.248645 -0.104813 -0.143551 -0.145410 0.230447 0.082763 0.137020 -0.036608 0.262067 0.052275 -0.038494 -0.190834 -0.120691 -0.248412 -0.451049 0.045824 0.096294 0.367135 -0.237026 0.237841 -0.101532 -0.113872 0.074148 -0.147792 0.047826 -0.087357 0.075445 0.061116
-0.068117 -0.065732 0.109841 0.481248 0.118858 0.459673 0.001265 -0.254958 -0.104258 -0.137263 -0.283835 -0.241894 -0.140559 -0.182017 0.095277 0.065040 -0.188062 -0.301286 0.042023 -0.040025 0.352403 0.232484 0.338960 0.433715 0.249605 0.205058 1.000000 0.389736 -0.597712 -0.401764 0.039696 -0.002145 -0.215693 -0.287946 0.278962 -0.061424 -0.126928 0.013477 0.367986 0.114952 -0.285498 -0.023722 0.023889 0.270275 0.091823 0.119801 -0.138322 0.026708 -0.013726 0.003324 -0.014194 0.078003 -0.206112 -0.041848 0.248998 0.030802 -0.250574 -0.055696 -0.183074 -0.237048 -0.418016 -0.325603 -0.468755 -0.233273 0.202895 0.219388 -0.153795 0.136113 -0.028722 -0.098530 -0.064967 -0.223586 -0.381492 -0.028281 -0.088296 0.056034 -0.016774 -0.040875 -0.065109 -0.102262 0.042355 -0.115001 -0.087979 -0.017636 0.126121 -0.002091 0.430710 0.239425 0.242209 0.056978 -0.018586 -0.094134 0.237263 -0.078781 0.050124 -0.140443 0.080296 0.070971 0.271357 0.193359 0.039877 0.057484 -0.061456 0.055758 0.262325 0.077379 -0.069027 0.028420 -0.221561 -0.275803 -0.030260 0.087551 0.346190 0.149237 0.115308 0.015536
-0.167239 -0.221723 -0.065281 0.460257 0.126783 0.544696 -0.047137 -0.292160 -0.226197 -0.279187 -0.083361 -0.144975 -0.133282 -0.001236 0.454513 0.018770 -0.309842 -0.269753 -0.179932 -0.312629 0.486609 0.580438 0.655961 0.702890 0.511855 0.636248 0.389736 1.000000 -0.373746 -0.564939 0.319752 0.490466 -0.145539 -0.322887 0.261005 0.238634 -0.270376 -0.211311 0.294357 0.106500 -0.254434 0.020571 0.001563 0.162379 0.177088 0.251351 -0.155202 -0.091520 0.072689 0.150273 0.318784 0.060099 -0.170907 -0.010766 -0.065827 -0.022936 -0.395388 -0.344044 -0.346740 -0.527841 -0.478121 -0.440876 -0.507402 -0.546689 0.442576 0.561950 -0.309339 0.371445 -0.257261 -0.338432 0.066358 0.148817 -0.523579 -0.249052 -0.120968 0.042453 -0.246085 -0.197355 -0.095091 0.061342 -0.182820 -0.129102 0.336619 -0.026640 0.331868 0.230713 0.600837 0.335940 0.306974 -0.160342 -0.242308 -0.188427 0.189808 0.132319 0.207816 0.053613 0.190944 0.097579 -0.076019 -0.138424 -0.098037 -0.133091 -0.427065 0.015942 0.305375 0.335573 -0.024557 0.238732 0.103283 -0.156271 -0.041420 -0.100807 -0.009736 0.128821 0.202292 0.197785
0.119310 0.332263 -0.248949 -0.371447 0.132951 -0.401157 -0.168381 0.016903 -0.142638 -0.105494 -0.000057 0.127664 -0.022385 0.033225 -0.125852 -0.072115 0.145070 0.188890 0.013289 0.255309 -0.484431 -0.118726 -0.370625 -0.448252 -0.361314 -0.317003 -0.597712 -0.373746 1.000000 0.360568 -0.022584 -0.062129 0.192439 0.310424 -0.408887 -0.133913 0.157708 -0.084024 -0.313007 -0.274202 0.301884 -0.041242 0.096952 -0.008367 -0.187160 -0.219107 0.054662 -0.031100 -0.034087 0.029581 0.122652 0.009239 0.214938 0.012825 -0.156604 -0.028207 0.313999 0.165300 0.155683 0.196708 0.280817 0.320323 0.381852 0.318504 -0.430093 -0.352875 -0.035743 -0.372773 0.026793 -0.027958 -0.002816 0.013310 0.486444 0.078989 0.185620 -0.019360 0.017536 -0.069194 0.268317 0.356157 0.229570 0.339218 0.186526 0.002044 -0.159912 -0.039811 -0.377231 -0.087247 -0.391956 -0.132919 0.038156 0.081893 -0.255067 -0.254167 0.001439 0.204563 -0.094801 0.055628 -0.120735 0.057818 -0.115754 -0.069301 0.041287 -0.030193 -0.117489 -0.065441 -0.012556 -0.157004 0.201723 0.261354 0.089222 0.172000 -0.017772 0.069473 0.059051 0.082041
0.174365 0.232986 -0.038744 -0.256644 0.094855 -0.304344 -0.154373 0.189784 0.023028 0.182917 0.058189 0.169454 -0.042763 -0.039463 -0.375549 0.028368 0.328167 0.251719 0.124852 0.246235 -0.264980 -0.253205 -0.456001 -0.492647 -0.230229 -0.401168 -0.401764 -0.564939 0.360568 1.000000 -0.107373 -0.288725 0.090671 0.351341 -0.347211 -0.146989 0.202862 0.112172 -0.329097 -0.095831 0.287407 0.025716 -0.182505 -0.226652 -0.261677 -0.249516 -0.122788 -0.048106 -0.232467 -0.116723 -0.267663 -0.271072 -0.069198 -0.199089 -0.201823 -0.122179 0.444287 0.484299 0.117164 0.333474 0.273205 0.366714 0.456472 0.615966 -0.425260 -0.370894 0.220706 -0.324513 0.310300 0.119005 0.273893 0.106475 0.372046 0.381724 0.253272 0.142256 0.294834 0.266383 0.248565 -0.030934 0.362154 0.253442 -0.190038 0.000221 -0.265630 0.030806 -0.213334 -0.039926 -0.328883 -0.021207 0.007636 0.152783 -0.217520 -0.115586 -0.328517 -0.174923 -0.200809 -0.167761 0.102252 0.068307 0.174365 0.289238 0.321355 -0.077279 -0.237245 -0.228816 0.274380 -0.350737 -0.164782 0.182656 0.109694 0.090082 -0.088291 -0.054547 -0.220948 -0.140162
0.081042 -0.126230 0.365968 0.568057 -0.069274 0.307232 0.072307 0.183427 -0.092215 -0.053541 0.061329 -0.285005 -0.143462 -0.021576 0.327413 -0.048762 -0.038888 0.020185 0.297735 -0.002726 0.257077 0.209691 0.423475 0.378388 0.413056 0.447846 0.039696 0.319752 -0.022584 -0.107373 1.000000 0.665998 0.033609 0.257420 0.125546 0.114094 0.170005 -0.166850 -0.126461 -0.057830 -0.035257 0.004583 -0.374081 -0.169867 -0.115121 -0.130263 -0.338672 -0.264331 -0.336736 -0.263526 -0.146608 -0.428341 -0.469424 -0.284521 -0.184712 -0.408380 -0.081162 -0.022742 -0.335553 -0.433294 -0.154377 -0.148838 -0.226380 -0.121955 0.329920 0.334810 -0.134026 0.125809 0.072833 -0.129314 0.261822 -0.046838 -0.065038 0.277186 0.266566 0.345777 0.164511 0.259948 0.004755 0.054072 0.137325 0.165549 -0.032903 0.103450 0.283061 0.263201 0.113004 -0.041224 0.262331 -0.353522 -0.248630 -0.366457 0.165560 0.037327 0.138625 0.212291 -0.010806 0.095382 -0.229351 -0.148672 -0.193203 -0.057027 -0.150761 -0.092967 -0.054140 0.020937 -0.109034 -0.072501 0.152975 0.140202 0.242045 -0.002712 0.069069 -0.036142 -0.046982 0.026883
-0.039652 -0.225003 0.159639 0.448868 0.010470 0.321557 0.035377 0.109072 -0.199390 -0.184523 0.083312 -0.033262 -0.035017 0.279795 0.292116 -0.140711 -0.071578 -0.136655 0.098130 -0.184622 0.296783 0.382016 0.547434 0.544991 0.413820 0.620764 -0.002145 0.490466 -0.062129 -0.288725 0.665998 1.000000 -0.242063 0.137442 0.241137 0.189538 -0.012848 -0.085262 -0.006066 0.012487 -0.045227 0.043776 -0.121081 -0.050319 0.220674 0.128264 -0.190962 0.029671 -0.040747 0.033188 0.118349 -0.075206 -0.330676 -0.014682 -0.301262 -0.261906 -0.265535 -0.238408 -0.492139 -0.578915 -0.239306 -0.208044 -0.265109 -0.358939 0.412733 0.527533 -0.262137 0.349598 -0.149175 -0.177011 0.091421 0.126565 -0.167485 0.114645 0.137181 0.260470 0.096244 0.248294 -0.090274 0.230813 -0.158777 -0.024385 0.177004 -0.014649 0.171229 0.260395 0.287435 0.186991 0.049586 -0.453419 -0.128553 -0.216608 0.359605 0.111876 0.055057 0.072125 0.105973 0.039531 -0.218659 -0.282758 -0.108741 -0.210170 -0.333807 -0.133733 -0.039690 0.082821 -0.066050 0.038188 -0.017340 0.050361 0.308323 -0.202537 0.025539 0.011018 0.113516 -0.080707
0.335009 0.249186 0.065253 -0.062407 -0.016785 -0.011961 0.136965 0.010544 0.074370 -0.115535 0.043786 -0.186792 0.060206 -0.174919 -0.000683 0.055896 0.114208 0.230751 0.083196 0.114977 -0.081708 -0.123078 -0.275580 -0.341298 -0.360606 -0.277254 -0.215693 -0.145539 0.192439 0.090671 0.033609 -0.242063 1.000000 0.249326 -0.120852 0.072702 0.275038 -0.019250 -0.256222 -0.191755 0.163485 0.146355 -0.083632 -0.085887 -0.212296 -0.185698 -0.018086 -0.260423 -0.132591 -0.056811 -0.050106 -0.190055 -0.001726 -0.063438 -0.099922 -0.142363 0.348920 0.144689 0.262657 0.198484 0.283880 0.120780 0.386423 0.311758 -0.072661 -0.300958 0.264306 -0.419531 0.264631 0.064907 -0.182407 -0.235097 0.322257 0.066412 0.128771 0.068601 -0.000256 -0.148438 -0.012939 -0.011983 0.249273 0.331981 0.046792 0.062975 0.031740 0.166033 -0.094097 0.035685 0.115072 0.125628 -0.306912 -0.327425 -0.410533 -0.184143 0.093810 0.139310 -0.172063 -0.099875 -0.275059 0.071128 0.198975 -0.069278 0.100033 -0.088306 0.102019 -0.198586 0.236488 -0.011242 0.219944 0.198114 -0.228203 0.027742 0.236284 0.116838 0.004328 0.044011
0.395162 0.454170 0.272595 0.083467 0.112134 -0.151801 -0.070970 0.315601 0.029795 0.108030 0.098008 -0.014938 -0.087597 0.114354 -0.205386 -0.250354 0.375206 0.040056 0.469094 0.542314 -0.110748 -0.086285 -0.335131 -0.313034 -0.025015 -0.165990 -0.287946 -0.322887 0.310424 0.351341 0.257420 0.137442 0.249326 1.000000 0.014485 0.161032 0.282943 0.338349 -0.211282 0.043676 0.420650 0.401205 -0.528779 -0.578593 -0.448074 -0.537624 -0.419295 -0.464323 -0.498973 -0.496775 -0.413635 -0.448741 -0.309143 -0.371798 -0.402752 -0.626078 0.352892 0.492218 0.077501 0.159781 0.266748 0.443400 0.330319 0.444636 -0.107923 0.043419 0.360606 -0.159799 0.497684 0.389069 0.166980 -0.052374 0.428639 0.439411 0.381177 0.351342 0.373038 0.476425 0.063003 0.087545 0.284320 0.513787 -0.132992 0.086425 -0.012006 0.223219 -0.275730 0.020734 -0.082411 -0.075902 -0.217974 -0.132329 -0.171669 -0.095611 -0.344961 -0.125563 0.011705 -0.320614 -0.169902 -0.079276 -0.144423 0.140298 0.182798 -0.041148 -0.221718 -0.347659 0.107766 -0.205101 -0.160927 -0.084176 0.019839 -0.133337 -0.132532 0.032969 -0.196184 -0.265612
-0.271835 -0.311017 0.139226 0.324374 0.023329 0.311522 -0.028532 -0.100648 0.087177 0.047768 -0.117457 -0.167415 0.095585 0.200300 0.324474 -0.014904 -0.180673 -0.429739 0.123475 -0.174691 0.072743 -0.048206 0.374896 0.412715 0.380220 0.311825 0.278962 0.261005 -0.408887 -0.347211 0.125546 0.241137 -0.120852 0.014485 1.000000 0.488500 -0.185720 0.164413 0.260794 0.320978 0.075445 0.181656 -0.138857 -0.107917 0.164420 0.172949 -0.084842 -0.038343 -0.002022 -0.094462 -0.065589 -0.004090 -0.207094 -0.043674 -0.032529 -0.148195 -0.401349 -0.298359 -0.109098 -0.227303 -0.206138 -0.182815 -0.382403 -0.441409 0.438733 0.294775 0.184876 0.512522 -0.063441 0.173043 0.011707 -0.221654 -0.202387 0.073505 0.036806 -0.003661 0.244481 0.177542 -0.310840 0.017475 -0.395516 -0.222355 0.097554 -0.065523 0.165755 0.171584 0.090571 0.037609 0.170225 -0.116604 -0.066258 0.021688 0.222634 0.157883 -0.089946 -0.194310 0.328276 -0.225336 -0.119973 -0.257762 -0.121223 -0.150831 -0.155806 -0.059042 0.057281 0.119925 -0.185537 0.203966 -0.186992 -0.229118 -0.089401 -0.450632 0.104758 -0.169467 -0.031401 -0.104224
-0.185752 -0.136322 0.021883 0.233430 0.153183 0.147071 0.123421 0.022698 0.047588 -0.002526 0.115279 -0.036870 0.219936 0.227050 0.128749 -0.034279 -0.038598 -0.186001 -0.027461 -0.154019 0.199412 -0.041199 0.193337 0.169209 0.220653 0.198604 -0.061424 0.238634 -0.133913 -0.146989 0.114094 0.189538 0.072702 0.161032 0.488500 1.000000 -0.175835 0.056290 0.019970 -0.009918 0.022988 0.106551 -0.066986 -0.061654 0.005601 0.161840 -0.111620 -0.088582 -0.056063 -0.049761 0.165356 -0.137610 -0.211735 -0.073710 -0.175023 -0.238465 -0.230560 -0.355268 -0.028365 -0.183497 0.131194 0.015655 -0.038785 -0.189391 0.401333 0.237393 0.211547 0.357002 -0.104781 0.078748 -0.099444 -0.139179 -0.037010 -0.088882 -0.082823 -0.012817 0.170729 0.060213 -0.246436 0.124839 -0.306870 -0.171849 0.072055 -0.150924 0.304721 0.112580 0.111008 0.108051 0.099943 -0.077647 -0.269982 0.131044 0.281432 0.275966 -0.124330 -0.158792 0.140310 -0.304339 -0.220463 -0.257313 0.004604 -0.065193 -0.015334 -0.268393 -0.010270 -0.172008 0.111594 0.001627 0.006783 0.100230 -0.124747 -0.353372 0.013793 0.233516 0.071784 -0.261688
