1.000000 0.253402 0.339310 -0.024504 0.330384 0.123433 0.281719 0.048380 0.075017 0.028161 0.225729 -0.005386 0.227004 0.055799 0.114408 -0.033207 -0.142064 -0.192902 0.365397 0.217928 0.101709 0.039796 0.155399 0.037384 -0.021274 -0.109646 0.255635 0.139082 -0.214201 -0.190438 -0.163588 -0.161906 0.096166 -0.023525 -0.044733 -0.008026 -0.263070 -0.322383 -0.258015 -0.321055 -0.296920 0.082535 0.007103 0.009756 -0.070614 -0.036625 -0.063201 0.084146 0.161152 0.050851 0.142579 0.079950 0.032036 -0.125870 -0.235991 -0.224215 0.234777 0.018781 0.397970 0.029815 0.283309 0.026253 0.144139 0.042151 0.035236 -0.157475 0.139655 0.023985 0.179667 0.170720 0.014022 -0.012160 -0.226744 -0.122580 -0.124271 0.042838 -0.046593 -0.084376 -0.292781 -0.152034 -0.267142 -0.311319 0.164198 -0.106627 -0.172800 -0.168112 -0.086311 -0.068685 0.116248 -0.078747 -0.005915 0.004941 -0.104296 0.069044 -0.138591 -0.398177 -0.168094 -0.067078 -0.181034 -0.219200 -0.209678 0.196295 -0.072397 -0.028944 -0.106142 -0.204548 0.104820 -0.176067 0.038689 -0.079836 0.102452 -0.175762 -0.451725 0.080631 -0.212998 0.020384
0.253402 1.000000 -0.094584 0.093754 0.140050 0.326807 -0.107999 0.228535 0.352239 -0.047685 -0.007043 0.166815 -0.070524 0.180358 -0.093136 0.034802 -0.074903 0.180704 0.229278 0.073838 0.104780 -0.103967 -0.129819 -0.153634 -0.130310 -0.106892 0.167595 0.204943 -0.248292 0.044421 -0.265534 -0.202487 0.141008 0.084204 -0.117610 0.009526 -0.167796 -0.025030 -0.091293 -0.077956 0.040674 0.105834 0.014134 -0.015387 -0.116955 -0.002696 0.019425 0.170874 -0.155740 -0.100686 -0.177619 -0.084295 -0.195017 -0.168727 -0.171326 -0.041918 -0.011364 0.430509 0.048865 0.190265 0.063675 0.420392 -0.005360 0.353784 0.048478 0.303704 0.073835 0.022981 0.293952 0.071025 0.087902 0.043535 -0.196667 0.133281 0.091561 0.063931 0.015356 0.207343 -0.146778 0.134781 -0.084557 0.012490 -0.194316 -0.081412 -0.154539 -0.000185 -0.127747 0.088857 0.098900 -0.109306 -0.190165 -0.144850 -0.171104 -0.211977 -0.221976 -0.045078 0.027749 -0.211767 -0.087395 -0.365846 -0.282788 -0.069996 0.022273 -0.289563 -0.121065 -0.317801 -0.159459 -0.356572 -0.054127 -0.183264 0.005676 -0.230826 -0.233949 -0.068317 0.091564 0.023689
0.339310 -0.094584 1.000000 0.298248 0.406298 -0.000048 0.733745 0.303153 0.073764 0.114867 0.361404 0.162276 0.373829 0.110907 0.191206 0.123393 -0.206583 -0.366626 0.572344 0.170827 0.255650 -0.062168 0.437575 0.205139 0.170061 0.131802 0.165758 0.006955 -0.088529 -0.161413 0.284310 0.186925 0.085408 0.099506 -0.134597 -0.047637 -0.399422 -0.309102 -0.298870 -0.257674 -0.319992 -0.114016 0.161445 0.145047 -0.099887 -0.189552 0.040227 0.115623 0.138691 0.068895 0.141568 0.168072 0.139508 0.223039 -0.210351 -0.107690 -0.004287 -0.316862 0.197791 -0.161400 0.145226 -0.249101 -0.101758 -0.319141 -0.087744 -0.196555 -0.042960 -0.131737 0.100337 0.028707 0.121639 0.143112 -0.059655 -0.088367 -0.046361 0.074066 -0.030979 -0.211941 -0.287839 -0.406533 -0.386621 -0.515209 -0.049141 -0.159605 -0.072963 -0.196672 -0.028963 -0.371551 -0.083983 -0.098332 -0.038850 0.100780 -0.162934 0.041111 -0.214234 -0.353321 -0.235474 -0.116975 -0.343237 -0.104621 -0.143740 -0.267386 -0.403275 -0.236929 -0.184776 -0.150244 -0.101483 -0.176899 0.035474 -0.240627 -0.052615 -0.196733 -0.121298 -0.164846 -0.234719 -0.141291
-0.024504 0.093754 0.298248 1.000000 -0.004608 -0.106095 0.048793 0.291719 -0.127819 0.027005 0.122408 0.405463 -0.047656 0.206358 0.163036 0.234010 -0.139455 -0.030771 0.331217 -0.396403 0.187813 -0.048510 0.390175 0.265802 0.282813 0.376584 -0.031149 0.008444 0.054712 0.164130 0.430604 0.542743 0.326764 0.278916 0.155571 0.161349 -0.095846 0.077141 -0.149501 -0.217861 -0.000223 -0.014562 0.269819 0.316490 -0.199499 -0.119244 0.118121 0.134386 -0.182356 -0.269124 0.132420 0.029971 -0.152813 -0.033027 -0.219296 -0.013343 0.103087 -0.040266 -0.158120 -0.341385 -0.124293 -0.246517 -0.151056 -0.225265 0.260213 0.225177 0.099430 -0.210411 0.105605 -0.504624 0.161659 0.284444 0.119510 0.370871 0.328472 0.360697 0.322280 0.146070 0.003253 0.040488 -0.349888 -0.043443 -0.080546 -0.042190 0.045326 0.225874 -0.033789 0.088993 0.080129 0.075714 -0.510029 -0.509237 -0.458804 -0.490836 -0.313160 0.003336 0.100034 -0.249212 -0.250437 -0.239467 -0.304991 -0.494725 -0.436021 -0.535351 -0.403810 -0.464107 -0.394964 -0.357502 0.063165 -0.222185 -0.170292 -0.432702 -0.134708 -0.140855 -0.165320 -0.167462
0.330384 0.140050 0.406298 -0.004608 1.000000 0.586620 0.502184 0.508929 0.516029 0.504633 0.153611 -0.054849 0.468353 0.247431 0.104505 0.150786 0.039353 -0.038169 0.273876 0.284490 0.088690 0.003525 -0.108962 -0.029992 -0.040161 0.030304 0.131958 -0.052892 -0.116591 -0.087628 -0.026414 -0.087453 -0.140895 -0.044025 -0.593705 -0.170569 -0.432595 -0.358556 -0.334912 -0.063938 -0.339993 0.053863 -0.118250 -0.065899 -0.014091 0.027636 -0.043632 0.202245 0.125658 0.169162 -0.283329 0.058136 0.055174 0.217748 -0.484970 -0.172158 0.108229 -0.222323 0.237309 0.304521 0.115278 0.149831 0.119104 0.060924 -0.355417 -0.131006 -0.273309 -0.126546 0.010871 0.141498 0.184239 0.092106 -0.140870 -0.052132 -0.165187 -0.122771 -0.245797 -0.151554 -0.256893 -0.214735 -0.068191 -0.190397 -0.001950 0.093518 -0.331269 -0.394564 -0.079918 -0.289365 -0.125025 -0.157151 0.118512 0.222155 -0.045951 0.084687 -0.213440 -0.324587 -0.430206 -0.130966 -0.194514 -0.086077 0.054152 -0.080164 -0.105152 -0.094164 0.073878 -0.036756 0.151327 -0.320895 0.146810 0.059346 -0.064063 -0.063290 -0.081495 -0.142696 -0.088358 0.008823
0.123433 0.326807 -0.000048 -0.106095 0.586620 1.000000 0.180939 0.440964 0.554977 0.690349 0.028818 0.149683 0.154422 0.305649 -0.071150 0.239866 -0.185078 0.018809 0.075103 0.217012 -0.082588 0.062306 -0.256983 0.030088 -0.068717 0.033819 0.277346 0.251195 -0.251565 -0.008440 -0.245787 -0.162875 -0.195244 -0.047877 -0.472237 -0.122045 -0.403451 -0.330619 -0.115063 0.005175 -0.313157 0.003800 -0.189027 -0.151501 0.039898 0.152403 -0.098035 0.043757 0.112984 0.134883 -0.451974 -0.032236 -0.021862 -0.006320 -0.353950 -0.100642 -0.146824 -0.164987 0.367834 0.503204 0.035366 0.356471 -0.035335 0.136131 -0.151830 0.205444 -0.220982 0.098480 0.080329 0.212813 -0.007060 -0.067531 -0.209146 -0.118146 -0.215349 -0.238861 -0.360137 -0.177112 -0.202161 -0.210293 -0.136090 -0.161476 -0.247823 -0.004626 -0.275552 -0.480898 -0.105811 -0.206986 -0.187417 -0.116416 0.157560 0.279354 0.099266 0.108338 -0.044186 -0.110550 -0.492963 -0.072026 -0.170123 -0.230386 0.022890 -0.074433 -0.095560 -0.001789 0.150471 0.062349 0.128488 -0.180061 0.052257 0.082706 -0.071096 -0.036972 -0.024978 -0.198426 0.095972 -0.009072
0.281719 -0.107999 0.733745 0.048793 0.502184 0.180939 1.000000 0.569177 0.240596 0.398650 0.208015 0.148449 0.490029 0.261389 0.047723 0.136317 -0.050636 -0.218090 0.303785 0.239977 -0.017678 -0.110537 0.056537 -0.013476 -0.094376 0.016150 0.036230 -0.145760 -0.116179 -0.178403 0.031089 -0.001370 0.141461 0.262473 -0.344386 -0.057411 -0.426160 -0.476181 -0.205652 -0.256646 -0.231437 -0.040150 -0.028540 -0.069917 0.065624 0.019782 -0.208924 -0.028655 0.307586 0.244032 0.023732 0.302969 0.074903 0.126212 -0.183283 -0.138267 -0.082375 -0.337715 0.242076 0.045738 0.225614 -0.070306 -0.147044 -0.217251 -0.192180 -0.128117 -0.213091 -0.032942 0.020371 0.095251 -0.002666 0.065082 -0.072985 -0.148045 -0.094812 -0.036218 -0.200031 -0.223281 -0.259451 -0.296428 -0.206214 -0.342513 -0.012380 -0.228670 -0.021620 -0.297958 0.014963 -0.308644 -0.146514 -0.059309 0.096306 0.204299 -0.023033 0.099059 -0.366928 -0.478804 -0.390422 -0.153431 -0.322950 -0.176028 0.138804 -0.177820 -0.144207 -0.047407 -0.056091 -0.042522 -0.057471 -0.132943 -0.062676 -0.235826 -0.192551 -0.165549 -0.060068 -0.023635 -0.308155 -0.089948
0.048380 0.228535 0.303153 0.291719 0.508929 0.440964 0.569177 1.000000 0.374055 0.496932 0.003442 0.301785 0.218156 0.399546 -0.228248 0.097351 0.056921 0.116173 0.056133 0.033685 -0.005406 -0.212773 -0.318237 -0.098299 -0.239256 0.020464 -0.102859 -0.185935 -0.166831 0.083028 -0.116601 0.009050 0.177168 0.305006 -0.397105 0.022606 -0.433403 -0.316293 -0.253117 -0.074118 -0.267289 0.065898 -0.061810 -0.029858 0.088019 0.178364 -0.090179 0.006676 0.215373 0.241935 -0.164299 0.292164 0.119313 0.131037 -0.356781 -0.047450 -0.056513 -0.245814 0.055898 0.169723 0.052859 0.217221 -0.158278 0.042286 -0.188068 0.262406 -0.227029 -0.085004 -0.064198 -0.150730 0.109625 0.181667 -0.076830 0.037255 -0.052072 -0.012294 -0.161830 -0.094083 -0.106683 -0.095369 -0.112536 -0.034704 -0.168089 -0.031343 -0.027642 -0.180804 0.007546 -0.286210 -0.156991 -0.064027 -0.004773 0.014726 -0.041451 -0.138495 -0.490150 -0.211965 -0.232129 -0.259548 -0.198754 -0.267434 0.145539 -0.277778 -0.067603 -0.276967 -0.052948 -0.082876 -0.046514 -0.404364 0.044521 -0.236411 -0.362325 -0.255694 -0.012570 -0.103047 -0.179915 -0.101584
0.075017 0.352239 0.073764 -0.127819 0.516029 0.554977 0.240596 0.374055 1.000000 0.345282 0.135054 0.188029 0.321583 0.269695 0.196371 0.379931 -0.042328 -0.041297 0.149632 0.077473 0.163314 -0.109488 0.026444 0.071363 0.229735 0.149709 0.438327 0.241939 -0.111340 -0.053979 -0.051302 -0.012158 0.025196 0.212417 -0.406469 -0.269598 -0.256994 -0.365404 -0.210355 -0.109989 -0.002546 0.058169 -0.112164 -0.226235 -0.040458 -0.062127 -0.104611 -0.172175 0.041873 -0.058699 -0.162465 0.002804 -0.051955 -0.062358 -0.191358 -0.143274 -0.293887 -0.157893 0.143957 0.208446 0.207803 0.393728 -0.028147 0.144126 -0.048164 0.324071 -0.016134 -0.062038 0.043791 0.018609 -0.033967 -0.003928 -0.030507 0.009052 0.034136 -0.060487 -0.335013 -0.174098 -0.212060 -0.152042 -0.115417 -0.152584 -0.246225 -0.034830 -0.111321 -0.123815 -0.019450 -0.107302 -0.083249 0.106041 -0.074677 -0.011479 -0.043865 -0.057362 -0.388119 -0.237526 -0.361812 -0.397586 -0.358916 -0.397363 -0.117382 -0.251493 -0.109661 -0.232592 0.015387 -0.067401 -0.021605 -0.243653 -0.100581 -0.160962 -0.224955 -0.292197 -0.039904 -0.168178 0.036074 0.049406
0.028161 -0.047685 0.114867 0.027005 0.504633 0.690349 0.398650 0.496932 0.345282 1.000000 0.049118 0.084056 0.315060 0.338403 0.077623 0.438001 -0.004913 -0.007483 0.087441 0.081224 -0.166540 0.008580 -0.250264 -0.095290 0.001672 0.073603 -0.063378 -0.159166 0.004239 0.103676 -0.016702 -0.025563 -0.086224 0.060112 -0.466288 -0.170350 -0.402875 -0.286280 -0.037864 0.037798 -0.352827 0.186939 -0.068976 -0.074313 0.140069 0.171108 -0.126197 -0.034642 0.211756 0.268755 -0.370397 0.098935 0.045357 0.186466 -0.204892 0.006028 -0.163131 -0.333509 0.361466 0.385636 0.076049 0.227620 -0.072553 -0.005560 -0.137230 0.088407 -0.290500 0.026629 0.033755 0.075519 -0.078675 -0.025703 -0.050733 -0.041419 -0.133104 -0.121225 -0.256125 -0.294485 -0.078368 -0.186119 -0.184273 -0.128118 -0.147223 0.058898 -0.176524 -0.431372 -0.052678 -0.138138 -0.332060 -0.065326 0.038279 0.135844 -0.102291 -0.018933 -0.111934 -0.083994 -0.529392 0.025406 -0.211480 -0.091568 0.058274 -0.070837 -0.227535 0.076799 0.139097 0.029936 0.074355 -0.164477 0.022191 -0.033417 -0.339045 -0.048204 -0.019959 -0.289637 -0.155971 0.032023
0.225729 -0.007043 0.361404 0.122408 0.153611 0.028818 0.208015 0.003442 0.135054 0.049118 1.000000 0.437213 0.682840 0.465372 0.661703 0.415437 0.216219 0.093878 0.395357 -0.207489 0.226471 0.046176 0.475455 -0.014827 0.424611 0.092769 0.216332 0.069668 0.271701 0.170668 0.447290 0.282809 0.198449 0.146911 0.076249 -0.266690 -0.090101 -0.012314 -0.158703 -0.324349 -0.105636 0.091492 0.247982 0.107738 -0.206639 -0.459320 0.106456 -0.070323 -0.152700 -0.158794 0.051602 -0.034394 0.045278 0.127370 0.174122 0.125025 -0.055574 -0.293960 -0.083253 -0.386710 0.058826 -0.163837 -0.072495 -0.177012 0.118565 0.056678 -0.049791 -0.410996 0.013948 -0.252224 0.142072 0.211774 0.239716 0.336033 0.349426 0.266728 0.324685 0.143839 -0.028668 -0.048148 -0.173975 -0.234869 0.157826 0.013313 0.241461 0.080725 0.229544 -0.159928 -0.161277 -0.031510 -0.366200 -0.250893 -0.308028 -0.235092 -0.191605 -0.178662 -0.117900 -0.107697 -0.413563 -0.292964 -0.289722 -0.243073 -0.379988 -0.363186 -0.453393 -0.337410 -0.447564 -0.182374 0.223690 0.076840 -0.236327 -0.363429 0.007601 0.001931 -0.105333 -0.280108
-0.005386 0.166815 0.162276 0.405463 -0.054849 0.149683 0.148449 0.301785 0.188029 0.084056 0.437213 1.000000 0.279420 0.726604 0.182005 0.503715 0.098945 0.350210 0.173579 -0.424402 0.319103 0.145277 0.147026 0.042292 0.119718 0.103512 0.053837 0.029522 0.271646 0.464902 0.360695 0.454615 0.529704 0.552883 0.146003 -0.131286 -0.017666 0.014011 -0.089137 -0.320693 0.130933 -0.004904 0.163116 0.154963 -0.072948 -0.289207 0.155160 -0.183021 -0.126349 -0.312773 0.005474 -0.031237 -0.104750 0.001791 -0.040325 0.174819 -0.321171 -0.353894 -0.227254 -0.342747 0.207170 0.180755 -0.016892 0.108495 0.318621 0.503127 0.038043 -0.383294 -0.289776 -0.531673 -0.004247 0.196493 0.373734 0.434945 0.459460 0.503024 0.297304 0.141168 0.081065 0.138515 -0.154691 -0.037037 -0.278484 -0.007293 0.227237 0.283636 -0.126636 -0.140713 -0.208433 0.052602 -0.544220 -0.495162 -0.370441 -0.532011 -0.290984 -0.043311 -0.168292 -0.390604 -0.436472 -0.519540 -0.256669 -0.423962 -0.277781 -0.569277 -0.475763 -0.425180 -0.449003 -0.250736 0.059193 -0.056493 -0.549560 -0.624705 -0.101538 -0.005276 -0.040159 -0.132578
0.227004 -0.070524 0.373829 -0.047656 0.468353 0.154422 0.490029 0.218156 0.321583 0.315060 0.682840 0.279420 1.000000 0.623577 0.510161 0.406961 0.418633 0.139513 0.301439 -0.145372 0.107121 0.018779 0.111697 -0.342554 0.176156 0.027513 0.024425 -0.216849 0.363561 0.286709 0.349901 0.166871 0.369458 0.399194 -0.250913 -0.224842 -0.094317 -0.147250 -0.121840 -0.157239 0.002186 0.170032 0.042497 -0.108899 -0.112942 -0.416011 -0.015510 -0.216225 -0.105156 -0.104816 -0.131689 -0.058059 0.132439 0.191278 0.059053 0.038757 -0.124669 -0.378403 0.032076 -0.152719 0.298115 0.120659 0.146642 0.042760 -0.119850 -0.016062 -0.132991 -0.460773 -0.029404 -0.210770 0.136932 0.247851 0.395884 0.345229 0.338681 0.285850 0.171228 0.067236 -0.042037 -0.102368 0.065508 -0.122960 0.105159 0.036961 0.112924 -0.005755 0.158126 -0.225138 -0.234367 0.043989 -0.282260 -0.168983 -0.302581 -0.217733 -0.314329 -0.192256 -0.256306 -0.243227 -0.354018 -0.219762 -0.088053 -0.161304 -0.226398 -0.215778 -0.370060 -0.302609 -0.352272 -0.237061 0.136907 0.068242 -0.341267 -0.244601 0.045058 0.065786 -0.222331 -0.179600
0.055799 0.180358 0.110907 0.206358 0.247431 0.305649 0.261389 0.399546 0.269695 0.338403 0.465372 0.726604 0.623577 1.000000 0.282844 0.602197 0.397215 0.435613 0.075375 -0.382863 0.140518 0.101222 -0.113569 -0.264362 -0.000178 -0.026639 -0.071916 -0.247932 0.405072 0.611366 0.300231 0.299177 0.528001 0.554705 -0.128014 -0.211340 -0.035358 0.082991 -0.086973 -0.206157 0.114466 0.230460 -0.067212 -0.099138 -0.151632 -0.339390 0.011426 -0.280502 -0.224275 -0.275756 -0.267051 -0.130496 0.005842 0.055196 -0.028713 0.096840 -0.305920 -0.394944 -0.053570 -0.105739 0.264981 0.341220 0.136080 0.252890 0.091605 0.315007 -0.089826 -0.435898 -0.235191 -0.464321 0.113184 0.298108 0.477879 0.554211 0.482545 0.482974 0.305107 0.195581 0.082733 0.084092 -0.002222 0.095363 -0.141951 0.142105 0.118723 0.203353 -0.071314 -0.119960 -0.222267 0.110651 -0.441454 -0.363608 -0.288812 -0.484256 -0.342194 -0.024468 -0.307826 -0.369300 -0.340031 -0.342657 -0.081550 -0.365744 -0.195056 -0.443616 -0.506667 -0.459300 -0.454482 -0.325193 0.207332 0.139004 -0.565654 -0.406790 0.009390 0.058200 -0.147892 -0.230364
0.114408 -0.093136 0.191206 0.163036 0.104505 -0.071150 0.047723 -0.228248 0.196371 0.077623 0.661703 0.182005 0.510161 0.282844 1.000000 0.608548 0.173955 -0.026103 0.432497 -0.157806 0.046380 -0.049122 0.571488 0.076401 0.594695 0.239137 0.351854 0.037348 0.380523 0.146257 0.483124 0.306562 0.076203 0.104720 0.080732 -0.238947 0.098582 0.060405 -0.001904 -0.220966 0.056564 0.122984 0.177257 0.005792 -0.266050 -0.346034 -0.135653 -0.119223 -0.344044 -0.362521 -0.116543 -0.220718 -0.162376 -0.071911 0.171397 -0.099943 -0.228077 -0.217356 0.083490 -0.242365 0.071447 -0.142880 -0.207986 -0.248339 0.284626 0.135061 0.057350 -0.183637 0.136506 -0.191983 0.223261 0.205906 0.274594 0.309605 0.382365 0.226598 0.355746 0.171179 -0.094696 -0.114022 -0.322141 -0.171194 0.443397 0.236838 0.029922 0.099818 0.150711 0.184556 0.187964 0.191634 -0.411462 -0.277874 -0.434793 -0.248940 -0.160528 -0.158416 -0.245344 -0.198851 -0.511500 -0.313604 -0.404445 -0.250770 -0.431865 -0.374912 -0.382640 -0.416783 -0.342195 -0.267465 0.030027 -0.004465 -0.063978 -0.281952 -0.090375 -0.152788 -0.191857 -0.208478
-0.033207 0.034802 0.123393 0.234010 0.150786 0.239866 0.136317 0.097351 0.379931 0.438001 0.415437 0.503715 0.406961 0.602197 0.608548 1.000000 0.097708 0.047480 0.275164 -0.299575 0.071476 0.100808 0.247092 0.117535 0.477907 0.279207 0.135432 -0.095461 0.377032 0.387172 0.481862 0.474212 0.222372 0.269936 -0.021299 -0.313460 -0.047811 0.093537 -0.053851 -0.134783 0.052923 0.294509 0.081143 -0.022411 -0.225948 -0.354929 -0.013155 -0.227337 -0.261560 -0.327262 -0.306660 -0.175112 -0.078847 0.052910 0.026844 0.011275 -0.385668 -0.397469 0.009555 -0.100201 0.159234 0.149525 -0.100867 -0.036721 0.210797 0.217637 -0.110942 -0.262907 -0.108575 -0.361366 0.108770 0.194380 0.367622 0.440956 0.456107 0.396026 0.208213 0.108565 -0.082205 -0.104163 -0.340359 -0.184417 -0.043486 0.335843 0.046848 0.093998 -0.041662 0.013266 -0.188904 0.054285 -0.418387 -0.336268 -0.407106 -0.413658 -0.187920 -0.021675 -0.451199 -0.216842 -0.459938 -0.301032 -0.363533 -0.483720 -0.404056 -0.421357 -0.269879 -0.336281 -0.316258 -0.197184 0.031813 -0.038741 -0.452861 -0.345861 -0.057464 -0.261485 -0.077279 -0.156585
-0.142064 -0.074903 -0.206583 -0.139455 0.039353 -0.185078 -0.050636 0.056921 -0.042328 -0.004913 0.216219 0.098945 0.418633 0.397215 0.173955 0.097708 1.000000 0.715999 -0.234899 -0.362432 0.029197 -0.158409 -0.288869 -0.602650 -0.193257 -0.245567 -0.428154 -0.532070 0.683518 0.678270 0.167513 0.004065 0.338685 0.283840 -0.025313 -0.142117 0.484802 0.488317 0.123938 0.134259 0.376108 0.218400 0.036993 -0.146418 -0.136949 -0.367388 0.139161 -0.293934 -0.285634 -0.215227 -0.075468 -0.270975 0.240964 0.293815 0.290782 0.323499 -0.107547 -0.007663 -0.366044 -0.256511 0.230295 0.284997 0.253272 0.394340 -0.011593 0.009930 -0.126415 -0.564559 -0.344647 -0.388114 0.226481 0.251147 0.715551 0.512695 0.494323 0.334253 0.480356 0.347396 0.609187 0.538686 0.601289 0.610477 0.074279 0.124326 0.360478 0.390501 -0.003051 -0.013227 -0.064562 0.358482 -0.318704 -0.327879 -0.265485 -0.403361 -0.221012 0.309920 0.093561 -0.092200 0.085449 0.103428 -0.006542 -0.097586 -0.025011 -0.293587 -0.396959 -0.333720 -0.286869 -0.227893 0.108029 0.059385 -0.496087 -0.121293 0.216210 -0.046051 -0.153369 -0.244046
-0.192902 0.180704 -0.366626 -0.030771 -0.038169 0.018809 -0.218090 0.116173 -0.041297 -0.007483 0.093878 0.350210 0.139513 0.435613 -0.026103 0.047480 0.715999 1.000000 -0.311222 -0.432752 0.064563 -0.031153 -0.407254 -0.571393 -0.308381 -0.245108 -0.343012 -0.321665 0.500236 0.703210 0.021759 -0.033258 0.301407 0.340267 0.034240 -0.036280 0.377867 0.414298 0.147363 0.102363 0.341196 0.118796 0.050851 -0.023425 -0.045655 -0.213542 0.177340 -0.157562 -0.218570 -0.232689 -0.093833 -0.220586 0.063966 0.231843 0.108278 0.378539 -0.137877 0.173559 -0.397289 -0.150348 0.250860 0.485601 0.196977 0.624234 0.097894 0.242146 -0.182441 -0.493384 -0.458022 -0.418455 0.063110 0.145283 0.525800 0.476759 0.406563 0.346718 0.406004 0.321714 0.598535 0.730774 0.546455 0.723647 -0.168349 -0.019237 0.235634 0.355391 -0.057687 0.021952 -0.131202 0.212933 -0.370570 -0.371597 -0.223770 -0.456747 -0.216483 0.404924 0.111609 -0.080856 0.119017 0.016593 0.101146 -0.100194 0.158411 -0.327965 -0.373337 -0.377842 -0.342328 -0.347145 0.175907 0.125159 -0.491917 -0.193953 0.144280 -0.026922 -0.052020 -0.062538
0.365397 0.229278 0.572344 0.331217 0.273876 0.075103 0.303785 0.056133 0.149632 0.087441 0.395357 0.173579 0.301439 0.075375 0.432497 0.275164 -0.234899 -0.311222 1.000000 0.129929 0.214488 -0.161120 0.482986 0.175908 0.331976 0.237203 0.297262 0.122091 -0.087802 -0.149198 0.285691 0.211183 0.148167 0.133919 -0.027387 -0.041298 -0.247834 -0.270222 -0.130191 -0.171597 -0.253407 -0.093246 0.127420 0.045594 -0.203126 -0.261273 -0.047491 0.113153 -0.151008 -0.138415 -0.063678 -0.080628 -0.116242 -0.093568 -0.125166 -0.217400 -0.000937 -0.039724 0.285238 -0.114655 0.179695 -0.075763 -0.255156 -0.223515 0.095408 -0.024433 0.126155 -0.090408 0.491065 0.028870 0.210496 0.142627 -0.093359 0.112777 0.193102 0.208803 0.149974 -0.028167 -0.364342 -0.333540 -0.432569 -0.455945 0.080879 0.012607 -0.167172 -0.117738 -0.053490 0.017330 0.142790 -0.095431 -0.224788 -0.118201 -0.426508 -0.144126 -0.156939 -0.285322 -0.231448 -0.164210 -0.447365 -0.333951 -0.358611 -0.149033 -0.461551 -0.312502 -0.248706 -0.311368 -0.121922 -0.356541 0.011623 -0.241111 0.048123 -0.263599 -0.367946 -0.209055 -0.154515 0.036128
0.217928 0.073838 0.170827 -0.396403 0.284490 0.217012 0.239977 0.033685 0.077473 0.081224 -0.207489 -0.424402 -0.145372 -0.382863 -0.157806 -0.299575 -0.362432 -0.432752 0.129929 1.000000 -0.067893 0.039523 -0.111300 0.272861 -0.281001 -0.195919 0.184524 0.225044 -0.503122 -0.615132 -0.482417 -0.471938 -0.502548 -0.456807 -0.402681 -0.254390 -0.426371 -0.478984 -0.180529 0.085419 -0.363256 -0.127337 -0.248315 -0.082946 0.211222 0.368475 -0.237120 0.257958 0.307062 0.487739 -0.216427 0.108008 -0.275677 -0.198754 -0.312377 -0.371759 0.149497 -0.023124 0.419991 0.477719 -0.234269 -0.161614 -0.156883 -0.315221 -0.417607 -0.336349 -0.048190 0.562257 0.320875 0.843925 -0.171157 -0.380040 -0.643096 -0.675283 -0.664048 -0.615851 -0.596162 -0.344162 -0.403271 -0.397733 -0.159489 -0.394787 0.234684 0.145026 -0.465627 -0.607314 -0.019755 -0.068234 -0.005881 -0.458930 0.585477 0.676437 0.457415 0.659457 0.302729 -0.272292 -0.219771 0.184530 0.036298 0.077733 0.239589 0.366017 0.188907 0.481961 0.665072 0.578540 0.574144 0.237958 -0.182685 0.086187 0.524667 0.341262 -0.146292 0.094901 0.211656 0.264973
0.101709 0.104780 0.255650 0.187813 0.088690 -0.082588 -0.017678 -0.005406 0.163314 -0.166540 0.226471 0.319103 0.107121 0.140518 0.046380 0.071476 0.029197 0.064563 0.214488 -0.067893 1.000000 0.274836 0.339524 0.166046 0.305226 0.381213 0.182057 0.286480 0.164433 0.194016 0.445970 0.370272 0.257283 0.261278 0.094266 0.004482 0.139452 0.000729 -0.222179 -0.207342 0.221590 -0.072240 0.232730 0.198983 -0.089184 -0.197701 0.222419 0.016583 -0.164749 -0.129084 0.199993 0.017761 -0.146928 0.151767 -0.165154 0.025701 0.151952 0.028546 -0.341598 -0.447678 -0.021335 -0.107139 0.139269 0.055347 0.046340 -0.005146 -0.082659 -0.372247 -0.139156 -0.287905 0.121551 0.232030 0.194984 0.290579 0.315589 0.398331 0.110579 -0.010144 0.138529 0.231428 0.108786 0.108187 -0.246957 -0.004828 0.055955 0.244462 -0.099440 -0.122778 -0.143167 -0.118087 -0.390440 -0.324183 -0.333841 -0.318701 -0.243359 0.128519 -0.005880 -0.292818 -0.284465 -0.130445 -0.318084 -0.174196 -0.276070 -0.436171 -0.299627 -0.258307 -0.149611 -0.057367 -0.070239 -0.065139 -0.160154 -0.386904 -0.066278 0.019268 0.031984 -0.030343
0.039796 -0.103967 -0.062168 -0.048510 0.003525 0.062306 -0.110537 -0.212773 -0.109488 0.008580 0.046176 0.145277 0.018779 0.101222 -0.049122 0.100808 -0.158409 -0.031153 -0.161120 0.039523 0.274836 1.000000 0.124968 0.137800 0.155845 0.295926 0.166635 0.375243 0.119685 0.070963 0.255093 0.284627 -0.014732 -0.019113 -0.030788 0.050776 0.062271 0.058600 0.041077 -0.100706 0.082103 0.305060 0.158435 0.154664 -0.064664 -0.077806 0.208752 0.073198 -0.002215 -0.042047 0.129683 0.098358 -0.117815 0.160695 -0.114357 0.021902 0.155797 -0.170330 -0.290385 -0.187093 -0.312501 -0.224106 0.014729 -0.064646 -0.269075 -0.210680 -0.211979 -0.152622 -0.145380 -0.079058 -0.206030 -0.105249 0.040162 0.113662 0.038713 0.072705 -0.226446 -0.156079 0.119047 0.083003 0.129183 0.027437 -0.109612 0.131409 0.129752 0.115790 0.201812 -0.004692 -0.512862 -0.297334 -0.071240 -0.089682 -0.087083 -0.053683 0.361086 0.103891 -0.141353 0.209173 -0.070913 0.125368 -0.206006 0.009560 -0.151656 0.076566 0.104793 0.169032 -0.108093 0.363701 0.266345 0.405138 0.087702 -0.042991 -0.071949 0.116629 0.316705 0.062031
0.155399 -0.129819 0.437575 0.390175 -0.108962 -0.256983 0.056537 -0.318237 0.026444 -0.250264 0.475455 0.147026 0.111697 -0.113569 0.571488 0.247092 -0.288869 -0.407254 0.482986 -0.111300 0.339524 0.124968 1.000000 0.603855 0.778538 0.517331 0.444670 0.394706 0.118132 -0.184109 0.631300 0.565042 0.023811 0.002155 0.277820 -0.011359 0.070671 -0.076360 -0.072691 -0.373063 0.115824 -0.042688 0.205428 0.094996 -0.380175 -0.353620 -0.032797 -0.045671 -0.328187 -0.361531 0.267093 -0.152910 -0.222426 -0.165361 0.105154 -0.172208 0.057460 -0.083563 -0.046698 -0.493968 -0.061823 -0.502500 -0.253386 -0.463161 0.344022 -0.052154 0.140336 -0.107785 0.225491 -0.129142 0.202933 0.218517 0.093946 0.175098 0.296623 0.249105 0.191109 0.071877 -0.127975 -0.142388 -0.412355 -0.366346 0.170722 -0.052219 0.164540 0.189212 0.221681 0.124356 0.170174 0.129741 -0.370168 -0.247588 -0.321604 -0.140920 -0.120717 -0.210172 -0.051680 -0.205265 -0.523041 -0.264055 -0.436788 -0.337188 -0.569506 -0.375914 -0.380405 -0.316093 -0.366408 -0.075961 -0.137188 -0.222145 0.157179 -0.377137 -0.179914 -0.113155 -0.066963 -0.236016
0.037384 -0.153634 0.205139 0.265802 -0.029992 0.030088 -0.013476 -0.098299 0.071363 -0.095290 -0.014827 0.042292 -0.342554 -0.264362 0.076401 0.117535 -0.602650 -0.571393 0.175908 0.272861 0.166046 0.137800 0.603855 1.000000 0.419294 0.323598 0.303888 0.398351 -0.277896 -0.453848 0.185437 0.373426 -0.378450 -0.358580 0.071825 -0.190542 -0.187499 -0.264350 -0.231413 -0.251698 -0.093113 -0.146524 -0.185973 0.005936 -0.222459 0.027107 -0.201000 0.043209 -0.070994 -0.060994 -0.010581 -0.074042 -0.322448 -0.360161 -0.240473 -0.406085 0.137766 -0.160665 0.170207 -0.031381 -0.176865 -0.435827 -0.242561 -0.490747 0.204343 -0.116286 0.153348 0.355397 0.108733 0.213819 0.093428 -0.027233 -0.346712 -0.239467 -0.185912 -0.105405 -0.211128 -0.093129 -0.321943 -0.283000 -0.504638 -0.433152 0.128419 0.206681 -0.143546 -0.098319 0.049396 0.017711 0.145547 -0.075326 0.105934 0.187061 0.190779 0.284201 0.084056 -0.205279 -0.247417 -0.144704 -0.332234 -0.159815 -0.090335 -0.183625 -0.213829 0.002629 0.152545 0.165141 0.111370 0.139938 -0.219081 -0.094910 0.323381 -0.116858 -0.194917 -0.045801 0.183732 -0.044544
-0.021274 -0.130310 0.170061 0.282813 -0.040161 -0.068717 -0.094376 -0.239256 0.229735 0.001672 0.424611 0.119718 0.176156 -0.000178 0.594695 0.477907 -0.193257 -0.308381 0.331976 -0.281001 0.305226 0.155845 0.778538 0.419294 1.000000 0.755073 0.428310 0.368122 0.165016 -0.064195 0.654315 0.574858 0.036567 0.106026 0.224695 0.052383 0.071526 -0.037233 -0.019801 -0.304598 0.120468 0.124503 0.284491 0.111912 -0.278858 -0.232010 -0.049322 -0.094255 -0.303327 -0.291380 0.116703 -0.004645 -0.190438 -0.004701 0.097717 -0.133103 0.073993 -0.130761 -0.116183 -0.393960 -0.212462 -0.377467 -0.250511 -0.410721 0.297838 0.084324 0.111192 -0.088867 0.235901 -0.260309 0.175358 0.241740 0.144548 0.313643 0.395352 0.212382 0.165614 0.034327 -0.070718 -0.095272 -0.352046 -0.209000 0.048227 0.029423 0.158124 0.194873 0.260280 0.210209 0.054908 0.055186 -0.446712 -0.366663 -0.443045 -0.279845 -0.186318 -0.114796 -0.162384 -0.228882 -0.520702 -0.216897 -0.473539 -0.369683 -0.566442 -0.420728 -0.315868 -0.287255 -0.308216 -0.088893 -0.081394 -0.219401 0.023715 -0.355946 -0.080923 -0.246577 -0.046463 -0.145264
-0.109646 -0.106892 0.131802 0.376584 0.030304 0.033819 0.016150 0.020464 0.149709 0.073603 0.092769 0.103512 0.027513 -0.026639 0.239137 0.279207 -0.245567 -0.245108 0.237203 -0.195919 0.381213 0.295926 0.517331 0.323598 0.755073 1.000000 0.362308 0.427336 0.078298 -0.010186 0.577008 0.617781 0.100264 0.255142 0.082972 0.293456 0.144352 -0.027825 0.046188 -0.127371 0.249741 0.248923 0.277000 0.092392 -0.254996 -0.085405 -0.123093 -0.104764 -0.223182 -0.233373 0.055188 0.184015 -0.243297 -0.015302 -0.029691 -0.190273 0.193698 -0.038576 -0.228153 -0.328426 -0.365682 -0.342998 -0.309600 -0.321135 0.051116 0.127178 -0.122037 -0.078286 0.200668 -0.319210 0.229044 0.322810 0.114839 0.330311 0.384147 0.179740 0.017855 0.032096 0.015447 -0.024515 -0.151651 0.003539 -0.110874 0.080934 0.153490 0.245797 0.212583 0.307470 -0.050050 0.013097 -0.438661 -0.409661 -0.472620 -0.387594 -0.235443 -0.017648 -0.168679 -0.212735 -0.476008 -0.247167 -0.334843 -0.382479 -0.471788 -0.402827 -0.221446 -0.248659 -0.248093 -0.156150 -0.097403 -0.241113 0.012430 -0.389128 -0.148976 -0.145499 -0.058905 -0.077479
0.255635 0.167595 0.165758 -0.031149 0.131958 0.277346 0.036230 -0.102859 0.438327 -0.063378 0.216332 0.053837 0.024425 -0.071916 0.351854 0.135432 -0.428154 -0.343012 0.297262 0.184524 0.182057 0.166635 0.444670 0.303888 0.428310 0.362308 1.000000 0.755482 -0.343377 -0.367305 -0.022790 -0.020260 -0.065687 0.028827 -0.026796 0.075970 -0.227439 -0.322684 -0.163889 -0.215037 -0.114579 -0.059125 0.102851 0.002766 0.001860 0.059738 -0.035383 0.075994 0.047516 -0.107762 0.117283 0.094372 -0.185079 -0.220270 -0.049424 -0.216552 -0.004666 -0.036766 0.178878 -0.033333 -0.111949 -0.193787 -0.324426 -0.289680 0.004687 0.144963 0.078510 0.159466 0.242546 0.136136 -0.076849 -0.127964 -0.262152 -0.156221 -0.070651 -0.217907 -0.281778 -0.264173 -0.351158 -0.277934 -0.377004 -0.325523 0.107205 -0.116983 -0.105158 -0.159514 0.175472 0.006266 0.121619 -0.033085 0.042511 0.033294 -0.006669 0.082967 0.009187 -0.394420 -0.146436 -0.089572 -0.303808 -0.364658 -0.301645 -0.116413 -0.186211 -0.176519 0.024361 -0.023509 -0.065582 -0.050053 -0.092714 -0.112639 0.342519 -0.221693 -0.060849 0.053918 0.031143 0.008146
0.139082 0.204943 0.006955 0.008444 -0.052892 0.251195 -0.145760 -0.185935 0.241939 -0.159166 0.069668 0.029522 -0.216849 -0.247932 0.037348 -0.095461 -0.532070 -0.321665 0.122091 0.225044 0.286480 0.375243 0.394706 0.398351 0.368122 0.427336 0.755482 1.000000 -0.439929 -0.424943 -0.059897 0.023442 -0.176555 -0.109094 0.049077 0.184602 -0.168283 -0.255655 -0.024145 -0.150638 -0.053680 -0.044379 0.201309 0.135921 0.045074 0.175091 -0.031238 0.162233 0.146937 0.031249 0.249331 0.198603 -0.283054 -0.233726 -0.118433 -0.160544 0.090517 0.068645 0.053671 -0.049921 -0.295716 -0.302120 -0.281312 -0.299667 0.035330 0.082162 0.100086 0.251705 0.199963 0.180294 -0.152036 -0.210004 -0.365195 -0.207221 -0.145477 -0.301827 -0.360904 -0.227660 -0.255001 -0.135614 -0.262647 -0.262763 -0.020119 -0.184722 -0.096197 -0.123041 0.106013 0.090183 -0.012508 -0.123490 0.003068 0.031884 0.025652 0.099251 0.132316 -0.271982 -0.041280 -0.076198 -0.261504 -0.297994 -0.305241 -0.022514 -0.175048 -0.005008 0.129366 0.080690 -0.038229 0.168115 -0.168248 -0.061098 0.416116 -0.228104 -0.192037 0.024525 0.153096 0.005383
-0.214201 -0.248292 -0.088529 0.054712 -0.116591 -0.251565 -0.116179 -0.166831 -0.111340 0.004239 0.271701 0.271646 0.363561 0.405072 0.380523 0.377032 0.683518 0.500236 -0.087802 -0.503122 0.164433 0.119685 0.118132 -0.277896 0.165016 0.078298 -0.343377 -0.439929 1.000000 0.801114 0.671199 0.550189 0.336740 0.317384 0.064185 -0.167852 0.546452 0.458617 0.169197 0.036918 0.524382 0.180877 0.058162 -0.115726 -0.349736 -0.558090 0.153533 -0.408856 -0.519678 -0.506829 -0.123404 -0.452034 0.129857 0.210360 0.276836 0.215106 -0.291166 -0.175246 -0.449482 -0.452104 0.240807 0.201916 0.207664 0.337098 0.180775 0.036940 -0.211870 -0.640557 -0.433454 -0.542972 0.270327 0.360955 0.869195 0.657350 0.678106 0.607282 0.540782 0.371249 0.574836 0.424173 0.394278 0.429589 0.051084 0.287086 0.377702 0.500795 0.093113 0.027979 -0.174449 0.391323 -0.515012 -0.465055 -0.448194 -0.538816 -0.105466 0.450831 -0.079889 -0.154556 -0.198843 -0.012743 -0.176658 -0.313274 -0.253989 -0.412856 -0.561864 -0.422063 -0.429806 -0.160035 0.107873 0.092961 -0.521354 -0.168896 0.137386 -0.134372 -0.098255 -0.286373
-0.190438 0.044421 -0.161413 0.164130 -0.087628 -0.008440 -0.178403 0.083028 -0.053979 0.103676 0.170668 0.464902 0.286709 0.611366 0.146257 0.387172 0.678270 0.703210 -0.149198 -0.615132 0.194016 0.070963 -0.184109 -0.453848 -0.064195 -0.010186 -0.367305 -0.424943 0.801114 1.000000 0.441063 0.389445 0.490289 0.471226 0.098379 -0.006542 0.476316 0.547964 0.126453 0.120623 0.447526 0.252677 0.020227 -0.099605 -0.307575 -0.491224 0.253700 -0.359923 -0.473191 -0.516511 -0.229791 -0.426521 0.189748 0.233541 0.202649 0.319413 -0.302293 -0.065509 -0.410464 -0.282226 0.280259 0.432712 0.270827 0.564211 0.153315 0.245234 -0.243530 -0.643146 -0.465375 -0.658713 0.259369 0.349625 0.841956 0.734635 0.674752 0.648678 0.537449 0.364121 0.626985 0.479495 0.395591 0.537394 -0.249257 0.207411 0.348934 0.485348 -0.090880 -0.039225 -0.205724 0.358825 -0.537826 -0.534585 -0.411507 -0.652981 -0.222540 0.522653 0.013073 -0.192811 -0.043460 -0.034328 -0.183277 -0.331471 -0.151710 -0.489766 -0.578574 -0.500807 -0.463778 -0.304363 0.211276 0.093705 -0.624990 -0.219838 0.147341 -0.170047 -0.149640 -0.297109
-0.163588 -0.265534 0.284310 0.430604 -0.026414 -0.245787 0.031089 -0.116601 -0.051302 -0.016702 0.447290 0.360695 0.349901 0.300231 0.483124 0.481862 0.167513 0.021759 0.285691 -0.482417 0.445970 0.255093 0.631300 0.185437 0.654315 0.577008 -0.022790 -0.059897 0.671199 0.441063 1.000000 0.887472 0.308401 0.319208 0.167505 -0.007842 0.300217 0.236035 0.033758 -0.192310 0.326841 0.151205 0.223467 0.087830 -0.426017 -0.541767 0.129217 -0.215294 -0.510608 -0.483867 0.058975 -0.232190 -0.014526 0.176643 0.133071 0.044965 -0.046669 -0.243522 -0.439157 -0.621943 0.006390 -0.223589 -0.032864 -0.106401 0.229461 0.016094 -0.179430 -0.564485 -0.140378 -0.569426 0.379370 0.497379 0.609943 0.655956 0.692077 0.636738 0.470514 0.283522 0.247925 0.135906 -0.027847 -0.003946 -0.039270 0.206385 0.330623 0.442690 0.213359 0.008823 -0.180645 0.175746 -0.615660 -0.521890 -0.571274 -0.549149 -0.215173 0.157559 -0.155141 -0.254702 -0.487722 -0.114836 -0.356972 -0.528291 -0.568705 -0.542939 -0.615242 -0.471452 -0.533910 -0.157540 0.076768 -0.029743 -0.330955 -0.366727 -0.002039 -0.184553 -0.119239 -0.328059
-0.161906 -0.202487 0.186925 0.542743 -0.087453 -0.162875 -0.001370 0.009050 -0.012158 -0.025563 0.282809 0.454615 0.166871 0.299177 0.306562 0.474212 0.004065 -0.033258 0.211183 -0.471938 0.370272 0.284627 0.565042 0.373426 0.574858 0.617781 -0.020260 0.023442 0.550189 0.389445 0.887472 1.000000 0.309308 0.342009 0.157494 -0.010505 0.244354 0.159773 -0.016617 -0.192454 0.346125 0.137144 0.112279 0.040617 -0.449589 -0.495220 0.035509 -0.258750 -0.438156 -0.518772 0.020616 -0.172881 -0.076258 -0.000627 -0.012886 -0.032583 -0.062319 -0.285891 -0.421368 -0.564704 -0.026297 -0.185865 -0.065261 -0.103394 0.245657 0.133740 -0.128566 -0.444481 -0.181378 -0.585196 0.354710 0.477499 0.516939 0.602264 0.652246 0.621824 0.380097 0.307842 0.181170 0.117038 -0.112784 -0.004936 -0.092482 0.286607 0.284293 0.471150 0.173346 0.065622 -0.185305 0.205747 -0.593571 -0.542986 -0.483764 -0.551217 -0.227056 0.154114 -0.197202 -0.330551 -0.507459 -0.259216 -0.278922 -0.605036 -0.508849 -0.524931 -0.547152 -0.413205 -0.496403 -0.126978 0.034038 -0.065111 -0.322094 -0.437595 -0.133470 -0.180671 -0.051961 -0.308408
0.096166 0.141008 0.085408 0.326764 -0.140895 -0.195244 0.141461 0.177168 0.025196 -0.086224 0.198449 0.529704 0.369458 0.528001 0.076203 0.222372 0.338685 0.301407 0.148167 -0.502548 0.257283 -0.014732 0.023811 -0.378450 0.036567 0.100264 -0.065687 -0.176555 0.336740 0.490289 0.308401 0.309308 1.000000 0.842558 0.295855 0.243923 0.260846 0.116173 0.025333 -0.102439 0.390350 0.103145 0.118268 -0.072436 -0.053502 -0.352305 0.070321 -0.341704 -0.179726 -0.367607 0.193696 -0.053423 -0.044447 0.017954 0.111592 0.210021 -0.101876 -0.045950 -0.294073 -0.436634 0.251614 0.145739 0.225671 0.260611 0.217959 0.328626 0.148531 -0.461709 -0.080397 -0.601348 -0.001881 0.216538 0.548763 0.586645 0.642383 0.604576 0.383462 0.139130 0.292741 0.273820 0.197155 0.231695 -0.243887 -0.171277 0.402689 0.493182 -0.067834 0.075158 -0.048232 0.165400 -0.620105 -0.690269 -0.482916 -0.662142 -0.462869 -0.040953 0.159410 -0.391458 -0.232751 -0.314365 -0.227127 -0.288614 -0.194931 -0.513348 -0.543805 -0.488875 -0.445283 -0.270583 0.044509 -0.208572 -0.551288 -0.463802 -0.006655 0.069824 -0.287608 -0.208554
-0.023525 0.084204 0.099506 0.278916 -0.044025 -0.047877 0.262473 0.305006 0.212417 0.060112 0.146911 0.552883 0.399194 0.554705 0.104720 0.269936 0.283840 0.340267 0.133919 -0.456807 0.261278 -0.019113 0.002155 -0.358580 0.106026 0.255142 0.028827 -0.109094 0.317384 0.471226 0.319208 0.342009 0.842558 1.000000 0.132917 0.304567 0.161212 -0.045229 -0.009147 -0.143648 0.328051 0.026067 0.054204 -0.105339 -0.023110 -0.224254 -0.037500 -0.400894 -0.191904 -0.343754 0.115007 0.033928 -0.061016 -0.058946 0.007093 0.051656 -0.178422 -0.061074 -0.258923 -0.323769 0.290315 0.281166 0.078193 0.270902 0.214219 0.514543 0.016260 -0.406212 -0.111881 -0.577936 -0.077098 0.190764 0.501893 0.490458 0.576735 0.514733 0.259572 0.063748 0.281757 0.275329 0.167448 0.259621 -0.318228 -0.251006 0.276128 0.362724 -0.052741 0.052257 -0.086916 0.224158 -0.583105 -0.608130 -0.429778 -0.610528 -0.575838 -0.068530 -0.019546 -0.460479 -0.338132 -0.346553 -0.120768 -0.359016 -0.171894 -0.490870 -0.474206 -0.456034 -0.405416 -0.367851 -0.022993 -0.228916 -0.478641 -0.474357 -0.071201 -0.003044 -0.359192 -0.115647
-0.044733 -0.117610 -0.134597 0.155571 -0.593705 -0.472237 -0.344386 -0.397105 -0.406469 -0.466288 0.076249 0.146003 -0.250913 -0.128014 0.080732 -0.021299 -0.025313 0.034240 -0.027387 -0.402681 0.094266 -0.030788 0.277820 0.071825 0.224695 0.082972 -0.026796 0.049077 0.064185 0.098379 0.167505 0.157494 0.295855 0.132917 1.000000 0.451457 0.428957 0.350244 0.253559 -0.074145 0.187622 -0.057168 0.209429 0.127156 -0.029759 -0.092719 -0.002236 -0.145063 -0.233905 -0.305836 0.351392 -0.046829 -0.168098 -0.175011 0.225974 0.166091 0.141081 0.145867 -0.176422 -0.406186 0.007526 -0.290129 0.037949 -0.057954 0.573632 0.161731 0.337578 0.026638 -0.019495 -0.329585 0.099255 0.127330 0.157556 0.266045 0.302647 0.352616 0.500169 0.295254 0.152372 0.129279 -0.096354 0.065242 0.017108 -0.170847 0.326677 0.390282 0.024128 0.276565 0.314608 0.111201 -0.334773 -0.435454 -0.148835 -0.214853 -0.028893 0.120447 0.320818 -0.031431 0.008509 0.012028 -0.173460 0.111621 -0.025593 -0.158437 -0.280504 -0.211854 -0.153121 -0.029415 -0.025731 -0.104004 0.000082 -0.181906 -0.028842 0.012607 -0.037383 -0.091767
-0.008026 0.009526 -0.047637 0.161349 -0.170569 -0.122045 -0.057411 0.022606 -0.269598 -0.170350 -0.266690 -0.131286 -0.224842 -0.211340 -0.238947 -0.313460 -0.142117 -0.036280 -0.041298 -0.254390 0.004482 0.050776 -0.011359 -0.190542 0.052383 0.293456 0.075970 0.184602 -0.167852 -0.006542 -0.007842 -0.010505 0.243923 0.304567 0.451457 1.000000 0.133564 0.041094 0.149692 0.032611 0.019288 -0.035582 0.233386 0.132704 0.105678 0.311904 0.001030 0.105647 -0.093985 -0.073575 0.256008 0.151514 -0.016352 -0.058955 -0.101333 0.004684 0.262869 0.341212 -0.135033 -0.099611 -0.081650 -0.136060 0.038180 0.084514 0.214556 0.188378 0.032032 0.117060 0.073774 -0.241251 0.052216 0.029959 -0.019791 0.114789 0.081509 0.119889 0.101025 0.041515 0.099059 0.025187 0.055157 0.149083 -0.152326 -0.397364 0.141741 0.097047 -0.057244 0.121558 0.234772 0.038564 -0.149613 -0.267815 -0.188895 -0.222742 -0.162737 -0.078484 0.225093 -0.030055 0.068538 0.048461 -0.127301 -0.012670 -0.017838 -0.099047 -0.115238 -0.174943 -0.048035 -0.157976 -0.047810 -0.335165 0.206922 -0.028484 -0.088222 -0.073676 -0.273974 -0.122122
