1.000000 0.498136 -0.263041 -0.392946 -0.220131 -0.440865 -0.072402 -0.358133 -0.355907 -0.150238 0.274363 0.276495 0.277856 0.221901 0.122248 -0.173338 0.294647 0.441423 0.134098 0.470871 -0.299249 -0.283510 -0.257180 -0.462812 -0.290153 -0.332698 -0.146782 -0.227244 0.131814 0.127437 -0.397693 -0.523757 -0.235713 -0.251371 -0.373316 -0.468202 0.051485 -0.066685 0.116922 0.042841 -0.055442 0.141689 -0.041948 0.059995 0.039480 -0.107918 0.061191 0.095642 0.240175 0.264203 -0.101695 0.033615 0.255934 -0.235408 0.126099 -0.001300 0.400360 0.291230 0.427171 0.152192 0.407349 0.213868 0.204858 0.322445 -0.026120 -0.124282 -0.082488 -0.231562 0.313085 0.218302 -0.203497 -0.260542 -0.049744 -0.015817 -0.122734 -0.132942 -0.275745 -0.260520 0.022490 0.162042 0.233731 0.275180 0.071774 0.094006 0.254703 0.071455 -0.078410 -0.056820 0.028936 0.023776 -0.152619 -0.223182 -0.141721 -0.130591 -0.141713 -0.212249 -0.130912 -0.038820 -0.008791 -0.031661 0.019793 0.070319 -0.124176 0.097922 -0.245196 -0.008334 -0.006345 -0.073701 -0.187880 -0.117949 -0.180834 -0.038879 -0.046558 -0.062674 -0.118028 -0.070467
0.498136 1.000000 -0.187950 -0.060841 -0.002054 -0.231336 0.023995 -0.185810 -0.034840 0.064671 -0.066514 0.064743 0.057477 0.082420 0.124962 -0.102045 -0.026171 0.302988 -0.045844 0.303559 -0.365713 -0.305060 -0.125539 -0.398061 -0.108188 -0.212021 -0.147861 -0.235960 -0.148736 -0.108787 -0.365788 -0.553566 -0.019723 -0.150606 -0.395648 -0.520780 -0.076390 0.006676 0.037354 0.207366 -0.125934 0.079594 0.141910 0.223506 0.166577 -0.177953 0.191996 0.088608 0.183075 0.274078 -0.005458 0.128422 0.215022 0.125335 -0.185039 0.016124 0.563335 0.704202 0.065832 0.183593 0.067399 0.275151 -0.101154 0.426796 0.059629 -0.134166 -0.163680 -0.509987 0.531418 0.476923 -0.229316 -0.228269 -0.248979 -0.104507 -0.122790 -0.107367 -0.246961 -0.258287 0.010114 0.159612 0.039350 0.073789 -0.135346 -0.182076 0.055295 0.009222 -0.039904 -0.034391 0.038383 0.111506 -0.176498 -0.377456 -0.135752 -0.352707 -0.238710 -0.273062 -0.081774 -0.061979 0.034549 -0.305700 -0.027497 -0.184877 -0.245458 -0.196404 -0.073558 0.058598 0.007756 -0.133757 -0.006004 -0.084038 -0.202465 0.014967 0.039217 -0.224616 -0.251330 -0.198247
-0.263041 -0.187950 1.000000 0.226416 0.504844 0.242533 0.629183 0.319956 0.333881 0.239881 0.129965 -0.047549 0.217829 0.047050 0.337529 -0.038413 -0.140488 -0.317271 0.250429 0.021719 0.198429 0.169519 0.104702 0.218814 0.223404 0.026418 -0.002923 0.132327 -0.104961 -0.141751 0.090572 0.084973 0.090671 0.330373 0.289920 0.343849 -0.300150 -0.319766 -0.256696 -0.267892 -0.276112 -0.165310 -0.177667 -0.209330 -0.215623 -0.066261 -0.336334 -0.135094 -0.175317 -0.310799 -0.013119 -0.267875 -0.362226 -0.146694 -0.274571 -0.204330 -0.207889 -0.137060 -0.081503 -0.245395 -0.057627 -0.072886 -0.344071 -0.250482 0.313065 0.302749 0.041672 0.230467 -0.160611 -0.108026 -0.000543 0.191357 -0.012148 -0.075123 -0.017195 0.005259 -0.070601 0.020449 -0.269259 -0.359699 -0.283136 -0.309424 0.134793 0.006948 0.074808 0.066378 0.160598 0.008352 0.113428 0.192651 0.008275 0.199083 0.085210 0.372512 -0.023232 -0.180442 -0.028760 -0.171863 -0.270694 0.018715 -0.168343 0.170741 0.241637 0.267636 0.188911 0.018404 0.091239 0.012301 -0.040770 0.118792 0.259019 -0.005545 0.111660 -0.040941 -0.137608 0.023433
-0.392946 -0.060841 0.226416 1.000000 0.391546 0.600743 0.195421 0.627497 0.346334 0.515092 -0.065907 0.070152 -0.190880 -0.088194 0.165788 0.435382 -0.309074 -0.525172 -0.339674 -0.156090 0.204807 0.361251 0.307202 0.643641 0.174340 0.466186 0.146755 0.313018 -0.290494 -0.277476 0.336643 0.489380 -0.111061 0.097944 0.088869 0.193779 -0.421585 -0.115209 -0.189820 -0.016255 -0.193280 -0.178986 -0.135220 -0.310663 -0.120743 -0.263266 -0.077283 -0.354441 -0.308551 -0.309471 0.144141 -0.271135 -0.220480 0.053811 -0.384527 -0.258766 -0.323095 -0.162520 -0.399579 -0.017884 -0.354182 0.108291 -0.528479 -0.174429 0.419806 0.537010 -0.151073 -0.134649 -0.191668 0.098366 -0.090893 0.305585 -0.335189 -0.022951 -0.072776 0.062859 -0.135467 0.024116 -0.106244 -0.313678 -0.494943 -0.549504 0.007349 0.113711 0.000332 0.118578 0.016969 0.135618 0.228939 0.185195 0.249867 -0.157330 0.470623 0.097782 -0.053697 0.094081 -0.182753 0.085025 -0.065537 -0.269550 0.009237 -0.183435 0.127689 -0.157705 -0.023972 -0.007986 0.196999 -0.108775 0.325789 -0.040048 0.173379 -0.180163 0.197449 0.062554 -0.111117 -0.083941
-0.220131 -0.002054 0.504844 0.391546 1.000000 0.517669 0.451337 0.239009 0.712748 0.433002 0.234529 -0.068724 0.122382 -0.048980 0.577782 0.307532 -0.188804 -0.385255 -0.147399 0.036727 0.180672 0.191152 0.372755 0.319415 0.263793 0.220429 0.192514 0.332073 -0.184708 -0.235661 0.187845 0.150434 -0.013698 0.113630 0.342841 0.045568 -0.400888 -0.374394 -0.080736 -0.208503 -0.348750 -0.243919 -0.141063 -0.217065 -0.254132 -0.160031 -0.218995 -0.267919 -0.292875 -0.295677 0.001886 -0.168707 -0.309972 0.118597 -0.440501 -0.213132 -0.205613 -0.000658 -0.204099 -0.171461 -0.201820 0.044919 -0.462051 -0.155941 0.466858 0.324957 -0.284105 0.039179 -0.106223 0.189832 -0.199686 -0.077256 -0.233332 -0.228014 -0.197225 -0.151039 -0.223092 -0.133349 -0.349870 -0.341564 -0.355910 -0.274578 0.328719 0.105102 0.284291 0.231518 0.017608 0.214319 0.455853 0.234013 0.120143 0.097339 0.122531 0.302135 -0.017794 -0.170511 -0.223193 -0.207891 -0.275163 -0.302319 -0.188601 0.001894 0.121045 -0.184892 -0.094929 -0.018930 -0.067602 0.039345 0.133696 -0.246636 0.167899 -0.312000 -0.207854 -0.176120 -0.090534 -0.181684
-0.440865 -0.231336 0.242533 0.600743 0.517669 1.000000 0.149524 0.481987 0.565942 0.536951 0.095467 -0.053398 -0.141157 -0.090316 0.287348 0.477904 -0.254354 -0.587218 -0.329791 -0.250519 0.264969 0.343263 0.448352 0.567906 0.247192 0.477294 0.311208 0.515077 -0.231354 -0.260011 0.227724 0.468798 -0.063670 0.130289 0.335310 0.337594 -0.200090 -0.155232 -0.148151 -0.087144 -0.108961 -0.164462 -0.201741 -0.373637 -0.299169 -0.206111 -0.298588 -0.441807 -0.435570 -0.452609 0.007738 -0.332844 -0.236502 0.152358 -0.296088 -0.283274 -0.326176 -0.214431 -0.476007 -0.215283 -0.258236 -0.109626 -0.305660 -0.304802 0.352304 0.441425 -0.270741 -0.005383 -0.244980 0.042612 0.029347 0.225247 -0.210093 -0.024499 -0.074960 0.066355 -0.091649 0.069674 -0.104525 -0.228577 -0.274714 -0.289513 0.201472 0.109762 0.285458 0.217638 -0.037115 0.255200 0.313976 0.117336 0.079541 0.018388 0.413417 0.251580 -0.036241 0.082380 -0.281349 -0.031882 -0.322325 -0.312119 0.074458 -0.079353 0.124268 -0.287952 0.087496 0.001668 0.114875 -0.088303 0.282837 -0.078445 0.189890 -0.426790 0.038452 0.058208 0.150118 0.000719
-0.072402 0.023995 0.629183 0.195421 0.451337 0.149524 1.000000 0.523526 0.275695 0.394573 -0.014339 0.201949 0.428389 0.281336 0.362813 0.245410 0.005738 -0.289630 0.211115 0.138863 -0.001012 0.019646 -0.205231 0.135324 -0.131719 -0.201037 -0.281845 -0.181567 0.203150 0.165484 0.080309 0.096972 0.240671 0.475398 0.178958 0.055411 -0.137174 -0.141261 -0.145669 -0.147452 0.109982 0.102721 -0.442536 -0.450658 -0.477749 -0.363613 -0.492854 -0.447648 -0.368935 -0.441281 -0.315254 -0.394152 -0.459358 -0.221502 -0.254873 -0.440685 -0.244472 -0.157694 -0.069170 -0.252093 0.068434 0.082438 -0.298185 -0.125538 0.445036 0.471355 -0.265888 -0.080654 -0.250551 0.040372 0.181300 0.385080 0.258895 0.254809 0.221000 0.273408 0.190646 0.202164 -0.334391 -0.269945 -0.234650 -0.262237 0.104203 0.149919 0.009478 0.038029 0.073926 -0.270027 0.126572 0.224142 0.097464 0.097455 0.280003 0.457484 -0.228206 -0.155835 -0.190364 -0.075543 -0.329064 -0.024203 -0.175742 0.290283 0.427239 0.237055 0.215436 -0.093109 0.067538 0.181692 -0.031463 0.203175 -0.012270 0.149045 0.232552 -0.090149 -0.287225 -0.009731
-0.358133 -0.185810 0.319956 0.627497 0.239009 0.481987 0.523526 1.000000 0.286599 0.659738 -0.108110 0.161512 0.121351 0.190734 0.155408 0.492953 -0.103369 -0.535507 -0.250493 -0.229503 -0.004845 0.180615 -0.194784 0.433210 -0.280998 0.066796 -0.321043 -0.151843 -0.059035 0.087976 0.137984 0.466693 -0.005711 0.316731 0.120117 0.304459 -0.164426 0.040000 -0.220061 0.003559 0.153837 0.130191 -0.507436 -0.608427 -0.358071 -0.330567 -0.377508 -0.566811 -0.430942 -0.534239 -0.172991 -0.420526 -0.298186 -0.108355 -0.085770 -0.442477 -0.470567 -0.366149 -0.315797 -0.104495 -0.015677 0.168192 -0.379332 -0.279631 0.433558 0.616058 -0.259022 -0.102723 -0.476544 -0.080029 0.216864 0.494468 0.121261 0.260594 0.317218 0.285687 0.164991 0.424743 -0.256451 -0.393701 -0.396418 -0.540204 0.115499 0.283748 -0.140156 -0.017277 0.185541 -0.056623 0.130263 0.066213 0.461718 0.157238 0.593765 0.292823 -0.095658 0.254747 -0.211751 0.157728 -0.174237 -0.054532 0.163380 0.167432 0.299774 0.045931 0.298921 0.092800 0.337002 0.100938 0.160137 0.046969 -0.044312 0.063637 0.211613 0.108445 -0.130730 0.154498
-0.355907 -0.034840 0.333881 0.346334 0.712748 0.565942 0.275695 0.286599 1.000000 0.398016 0.064845 -0.233547 -0.064744 -0.157022 0.370875 0.190515 -0.142336 -0.325504 -0.212073 -0.052248 0.146567 0.050956 0.240993 0.227389 0.161599 0.196833 0.012586 0.220653 -0.193836 -0.166785 -0.010377 0.118187 0.007184 0.122928 0.187546 0.120964 -0.204382 -0.160163 -0.021150 -0.038566 -0.210878 -0.020058 -0.033632 -0.158087 -0.279150 -0.119367 -0.034464 -0.152389 -0.394075 -0.386568 0.002953 -0.211291 -0.194014 0.249243 -0.261893 -0.048487 -0.171559 0.023190 -0.263150 -0.193616 -0.216275 -0.026358 -0.308355 -0.162989 0.332340 0.280287 -0.383068 -0.079269 -0.114563 0.207536 -0.030292 -0.000178 -0.114865 -0.097370 -0.104647 -0.045146 -0.117130 -0.073433 -0.178183 -0.165677 -0.164331 -0.067008 0.189958 -0.059489 0.279929 0.185579 -0.054694 0.078532 0.321405 0.126063 0.209081 0.162379 0.130292 0.150956 0.113272 0.034457 -0.041148 0.087433 -0.101462 -0.110668 -0.090226 -0.116142 0.079954 -0.290844 -0.087699 0.008662 0.080025 -0.131563 0.088600 -0.137694 0.157049 -0.250662 -0.064625 -0.041268 -0.024400 -0.013385
-0.150238 0.064671 0.239881 0.515092 0.433002 0.536951 0.394573 0.659738 0.398016 1.000000 -0.160513 0.075720 0.122244 0.208859 0.196939 0.533749 -0.261175 -0.439601 -0.254308 -0.208565 -0.115987 0.175943 -0.128058 0.255542 -0.148169 0.126996 -0.161107 0.029822 -0.197508 -0.091066 0.020458 0.248555 -0.097452 0.143018 0.071532 0.166699 -0.196747 -0.099840 -0.151565 0.104161 -0.022955 -0.091567 -0.241755 -0.304161 -0.185475 -0.222774 -0.204462 -0.362519 -0.338133 -0.353881 -0.213138 -0.352674 -0.268305 -0.040429 -0.210032 -0.258070 -0.206845 -0.085969 -0.279341 -0.062403 -0.136013 0.135012 -0.446040 -0.292225 0.444787 0.507260 -0.306335 -0.184703 -0.229916 0.051381 0.025856 0.254481 -0.138662 -0.020164 -0.028944 0.020546 -0.096649 0.054277 -0.124676 -0.233116 -0.305954 -0.334856 0.057194 0.040856 0.013241 0.155183 0.073785 -0.044271 0.348891 0.127333 0.363949 0.090441 0.403347 0.194243 -0.049065 0.061288 -0.193168 0.101138 -0.148598 -0.160627 0.147308 -0.004274 0.051413 -0.046247 0.231559 0.090190 0.309123 -0.084550 0.238836 -0.075745 -0.016650 -0.024472 0.152755 -0.047696 -0.220800 -0.076909
0.274363 -0.066514 0.129965 -0.065907 0.234529 0.095467 -0.014339 -0.108110 0.064845 -0.160513 1.000000 0.388893 0.364791 0.294134 0.565593 0.266984 0.319926 0.018162 0.046042 0.401946 0.089033 0.034899 0.174855 0.151727 0.011992 -0.125614 0.150131 0.161803 0.294447 0.099035 -0.066220 0.012313 -0.223414 0.112789 0.084238 -0.188273 0.003639 -0.163683 -0.062801 -0.220041 -0.136925 -0.069851 -0.169695 -0.133534 -0.228082 -0.270361 -0.059547 -0.138511 -0.144385 -0.250142 -0.081144 -0.339071 0.076536 -0.146410 -0.198734 -0.186073 -0.199880 -0.188676 -0.087154 -0.181473 0.017570 -0.060929 0.096549 0.058668 0.201064 0.027544 -0.192606 -0.067181 -0.010887 -0.074130 -0.040169 -0.141487 0.013902 -0.151368 -0.155779 -0.090323 -0.075672 -0.057920 0.187583 0.091732 0.189339 0.149894 0.461126 0.365549 0.446907 0.242377 0.043473 0.261531 0.282960 0.130356 -0.179992 -0.044352 -0.118614 0.136693 -0.031552 0.037095 -0.215760 -0.175841 -0.278990 -0.218862 -0.022590 0.098685 0.078832 -0.101704 -0.199827 -0.161530 -0.072481 -0.096971 -0.188126 -0.094101 -0.049162 -0.398810 -0.160140 -0.160344 0.103603 -0.170774
0.276495 0.064743 -0.047549 0.070152 -0.068724 -0.053398 0.201949 0.161512 -0.233547 0.075720 0.388893 1.000000 0.545963 0.779321 0.298328 0.518140 0.031926 0.007275 -0.110828 0.179197 -0.157832 -0.038067 -0.208255 -0.017178 -0.305575 -0.196836 -0.040080 -0.084288 0.321194 0.128463 -0.173259 0.008774 -0.268862 -0.096076 -0.193491 -0.283815 0.178093 0.034665 0.142633 0.148406 0.190157 0.048983 -0.212008 -0.205815 -0.012671 -0.349422 -0.035374 -0.196769 0.034824 -0.113127 -0.073903 -0.231832 0.075184 -0.365578 -0.018987 -0.092295 -0.388574 -0.422192 0.050435 0.014001 -0.028250 0.130186 -0.167952 -0.139269 0.259323 0.224741 -0.175472 -0.293824 -0.391580 -0.230394 -0.060846 0.201882 0.092505 0.040367 -0.045759 0.039221 -0.128653 -0.166285 0.089688 -0.054626 -0.061293 -0.035754 0.312810 0.373019 0.137244 0.387353 0.036531 -0.008934 0.137071 0.161602 0.078041 -0.135072 0.129613 0.206877 -0.080475 0.060569 -0.098920 0.068949 -0.079440 0.028731 0.115283 0.148765 0.076620 0.074183 0.038306 -0.190612 0.020171 0.049866 -0.148815 0.022709 -0.258021 0.021873 0.058822 -0.085596 0.116617 -0.187752
0.277856 0.057477 0.217829 -0.190880 0.122382 -0.141157 0.428389 0.121351 -0.064744 0.122244 0.364791 0.545963 1.000000 0.710824 0.489394 0.317234 0.153335 -0.051464 0.123943 0.312813 -0.195575 -0.052009 -0.336564 -0.101532 -0.341165 -0.369985 -0.207757 -0.200725 0.455164 0.232278 -0.236846 -0.114934 -0.179022 0.111346 -0.130009 -0.232635 0.231032 0.045802 0.064812 -0.081813 0.115855 0.204479 -0.277097 -0.240501 -0.134543 -0.367740 -0.133214 -0.158655 -0.079359 -0.205543 -0.276406 -0.212636 0.042414 -0.120894 0.089816 -0.074354 -0.207856 -0.143544 0.050672 -0.295275 0.154710 -0.147359 0.042128 -0.179734 0.078493 0.006059 -0.279622 -0.230370 -0.136446 -0.047236 0.057106 0.095018 0.189176 0.080415 0.085285 0.018242 0.131396 0.109766 -0.040118 -0.014009 0.033888 0.097483 0.408234 0.319129 0.056065 0.103012 0.174203 -0.058711 0.033995 0.219408 0.071895 0.144267 -0.001547 0.340402 -0.024964 0.008857 0.004078 0.059453 -0.248601 -0.022881 0.012357 0.204779 0.116820 0.108417 0.183876 -0.125945 0.082348 0.153275 -0.252177 0.046070 -0.226900 0.078555 0.022845 -0.083046 0.022952 -0.089598
0.221901 0.082420 0.047050 -0.088194 -0.048980 -0.090316 0.281336 0.190734 -0.157022 0.208859 0.294134 0.779321 0.710824 1.000000 0.308338 0.496176 0.209421 0.049263 -0.014619 0.177948 -0.242568 -0.099899 -0.403260 -0.184596 -0.389329 -0.403124 -0.174871 -0.182977 0.393503 0.315287 -0.344742 -0.149749 -0.160166 0.053721 -0.157872 -0.164983 0.352547 0.258934 0.134271 0.206355 0.351428 0.206624 -0.213674 -0.207607 -0.099188 -0.356622 -0.141672 -0.200459 -0.070654 -0.266808 -0.259484 -0.354526 0.054216 -0.267203 0.031996 -0.118135 -0.355924 -0.385701 0.037959 -0.159492 0.096912 0.010725 0.007960 -0.132088 0.100449 0.158515 -0.352052 -0.289941 -0.279312 -0.168810 0.102376 0.220476 0.278969 0.128056 0.077197 0.129358 0.128721 0.018222 0.130062 0.084766 0.117854 0.126369 0.316284 0.393835 0.069409 0.274010 0.124956 -0.045613 0.105344 0.121670 0.061250 -0.032904 0.058863 0.228992 -0.099495 0.168840 -0.023617 0.079476 -0.260278 -0.061280 0.128762 0.195049 -0.042625 0.059805 0.108919 -0.046772 0.050740 -0.019595 -0.136408 0.155084 -0.184050 0.120209 0.089128 -0.007693 -0.021165 -0.034560
0.122248 0.124962 0.337529 0.165788 0.577782 0.287348 0.362813 0.155408 0.370875 0.196939 0.565593 0.298328 0.489394 0.308338 1.000000 0.443373 -0.042464 -0.283233 -0.012280 0.194059 0.043574 -0.042001 0.283544 0.229796 0.122693 0.009661 0.182753 0.260216 0.081584 -0.193145 0.004735 -0.015711 -0.093213 0.117729 0.164626 -0.145243 -0.212713 -0.276229 0.027254 -0.258444 -0.266274 -0.103170 -0.242798 -0.285574 -0.264138 -0.368348 -0.229217 -0.242329 -0.198513 -0.241809 -0.170258 -0.260870 -0.156677 -0.121032 -0.318477 -0.180451 -0.192148 0.003642 -0.135952 -0.276839 0.096280 -0.003225 -0.283198 -0.050241 0.471810 0.222234 -0.309077 -0.080734 -0.107257 0.033973 -0.161596 -0.079509 -0.186942 -0.207665 -0.123095 -0.038899 -0.089117 0.018606 -0.227790 -0.192439 -0.302121 -0.180929 0.528298 0.275904 0.336384 0.148511 0.102511 0.156725 0.376130 0.241381 0.017707 0.043768 0.113629 0.230675 -0.043611 -0.052523 -0.152848 -0.162241 -0.309991 -0.294559 -0.272701 -0.015167 0.086739 -0.130503 -0.088304 -0.150448 -0.048906 0.019818 -0.060039 -0.067362 0.057918 -0.205837 -0.105025 -0.018361 -0.054628 -0.195061
-0.173338 -0.102045 -0.038413 0.435382 0.307532 0.477904 0.245410 0.492953 0.190515 0.533749 0.266984 0.518140 0.317234 0.496176 0.443373 1.000000 0.003188 -0.397595 -0.230487 -0.034300 0.175827 0.314940 -0.006646 0.445939 -0.136680 0.140006 0.076805 0.149220 0.247228 0.172378 0.200026 0.452100 -0.027192 0.249567 0.219839 -0.025617 0.095975 0.073796 0.107025 0.162944 0.221873 -0.035718 -0.385267 -0.484562 -0.302787 -0.457417 -0.315232 -0.575004 -0.439346 -0.509872 -0.313371 -0.494728 -0.232639 -0.051808 -0.276303 -0.403449 -0.399510 -0.343518 -0.535580 -0.273737 -0.229025 -0.071510 -0.208748 -0.244110 0.391685 0.409108 -0.481916 -0.279171 -0.303077 -0.073056 0.097110 0.361735 0.045062 0.020467 0.045170 0.093190 0.201286 0.213380 0.123143 -0.025183 -0.125009 -0.180607 0.305841 0.419918 0.042475 0.247222 0.088963 0.101319 0.281784 0.018571 0.168082 -0.021481 0.391858 0.150328 0.071455 0.320334 -0.305080 0.072859 -0.362534 -0.300481 -0.016792 -0.060625 0.152887 -0.246138 0.142308 -0.110816 0.124828 0.026157 0.330493 0.102993 -0.150714 -0.226072 -0.033147 -0.076856 -0.038920 -0.190166
0.294647 -0.026171 -0.140488 -0.309074 -0.188804 -0.254354 0.005738 -0.103369 -0.142336 -0.261175 0.319926 0.031926 0.153335 0.209421 -0.042464 0.003188 1.000000 0.487241 0.307183 0.468963 -0.156756 -0.169643 -0.400518 -0.287045 -0.411207 -0.460367 -0.391594 -0.368992 0.608338 0.653413 -0.132810 -0.130301 0.057884 0.271695 -0.139545 -0.099272 0.314348 0.374745 -0.034618 0.064754 0.437780 0.284022 -0.280941 -0.232157 -0.367256 -0.236226 -0.207734 -0.230020 -0.283616 -0.380609 -0.368888 -0.399374 -0.077978 -0.122888 0.057115 -0.239742 0.150929 -0.004511 -0.086904 -0.176325 0.282637 -0.091077 0.496281 0.346398 -0.121692 -0.010713 -0.293858 -0.057475 0.186599 0.131265 0.176000 0.005131 0.539029 0.260898 0.223522 0.055718 0.321442 0.224153 0.382723 0.423730 0.703882 0.561182 0.151069 0.370385 0.156916 0.043231 -0.186623 0.037892 0.034079 -0.119776 -0.250060 -0.195589 -0.086395 -0.222338 0.074316 0.171683 -0.125372 0.055909 -0.331221 -0.130933 -0.031810 0.034612 0.126712 -0.011959 -0.077157 0.052821 -0.024371 0.006012 -0.166602 0.048395 -0.223579 -0.353030 -0.157133 0.002314 -0.178321 0.129006
0.441423 0.302988 -0.317271 -0.525172 -0.385255 -0.587218 -0.289630 -0.535507 -0.325504 -0.439601 0.018162 0.007275 -0.051464 0.049263 -0.283233 -0.397595 0.487241 1.000000 0.263415 0.374853 -0.186755 -0.379827 -0.194483 -0.545047 -0.270171 -0.468701 -0.170698 -0.295711 0.330355 0.423782 -0.354460 -0.510454 -0.021812 -0.124313 -0.304439 -0.415612 0.304785 0.240562 0.126767 0.161721 0.252937 0.205782 0.131122 0.275657 0.051743 -0.082009 0.183568 0.215837 0.098672 0.169328 0.031016 0.055006 0.203292 -0.006565 0.198916 0.208653 0.445743 0.280339 0.226469 -0.035490 0.371377 0.005649 0.614316 0.632090 -0.179815 -0.256070 -0.049878 -0.221897 0.359707 0.054500 -0.010147 -0.222683 0.344861 0.177808 0.064522 -0.023908 0.018664 -0.295550 0.422024 0.537338 0.630149 0.713111 -0.167408 -0.021618 0.231458 0.104214 -0.182883 -0.129091 0.036288 -0.057217 -0.377465 -0.383401 -0.470525 -0.334697 -0.081611 -0.097515 0.097142 -0.005268 -0.088709 -0.016699 0.069129 -0.077391 -0.163170 -0.123712 -0.245512 0.024829 -0.225650 -0.057705 -0.285153 -0.071042 -0.320574 -0.054717 -0.260729 -0.074487 -0.166313 0.031512
0.134098 -0.045844 0.250429 -0.339674 -0.147399 -0.329791 0.211115 -0.250493 -0.212073 -0.254308 0.046042 -0.110828 0.123943 -0.014619 -0.012280 -0.230487 0.307183 0.263415 1.000000 0.480086 0.058393 -0.093950 -0.178741 -0.203916 -0.212599 -0.403749 -0.224237 -0.231341 0.384795 0.259105 0.068326 -0.123929 0.222652 0.403969 -0.020752 0.020439 0.085410 -0.027056 -0.193945 -0.324083 0.133021 -0.011071 -0.263712 -0.106666 -0.225806 -0.075831 -0.274961 -0.028394 -0.085624 -0.072066 -0.243709 -0.168250 -0.205989 -0.283681 0.021189 -0.049310 0.209345 0.067727 0.005723 -0.122110 0.119833 -0.164611 0.339903 0.217357 -0.026116 -0.277195 0.076156 0.130690 0.266274 -0.012408 0.031184 -0.085235 0.372498 0.076762 0.091555 -0.008449 0.274915 0.115232 0.138432 0.304705 0.365158 0.215904 -0.042728 0.006605 0.017509 -0.047211 -0.034990 -0.197022 0.030368 -0.072444 -0.131736 0.178832 -0.304179 0.067680 -0.052084 -0.175139 -0.012187 -0.228517 -0.106480 0.107788 -0.193532 0.332995 0.095528 0.389371 -0.030969 0.007225 -0.158555 0.016276 -0.268746 0.307364 -0.104860 0.128168 0.098559 -0.050026 -0.190589 0.083653
0.470871 0.303559 0.021719 -0.156090 0.036727 -0.250519 0.138863 -0.229503 -0.052248 -0.208565 0.401946 0.179197 0.312813 0.177948 0.194059 -0.034300 0.468963 0.374853 0.480086 1.000000 -0.112185 -0.142824 -0.183940 -0.254287 -0.288855 -0.454382 -0.256686 -0.226524 0.441676 0.325915 -0.168983 -0.227315 0.003184 0.289884 -0.248717 -0.244930 0.065537 -0.017620 -0.069255 -0.141081 0.083381 0.048325 -0.199984 -0.129631 -0.302946 -0.394055 -0.058594 -0.152121 -0.247718 -0.151455 -0.303594 -0.311415 -0.020397 -0.209061 -0.150314 -0.133475 0.156032 0.151014 -0.023936 -0.029662 0.031854 -0.029883 0.221053 0.341535 -0.073874 -0.189743 -0.238997 -0.215729 0.417928 0.380136 0.013906 0.004974 0.246555 0.136377 0.062453 0.020977 0.024421 0.007532 0.267506 0.339887 0.427989 0.341627 0.068370 0.187435 0.154953 0.021570 -0.219096 -0.188339 0.196185 0.096749 -0.198990 -0.179441 -0.214634 -0.012553 -0.103931 -0.145279 -0.104692 -0.090614 -0.260479 -0.154829 -0.196053 0.055140 0.145339 0.092274 -0.216856 -0.183897 -0.036095 -0.071424 -0.344978 0.101280 -0.153355 -0.253233 -0.046202 -0.144991 -0.101527 -0.146133
-0.299249 -0.365713 0.198429 0.204807 0.180672 0.264969 -0.001012 -0.004845 0.146567 -0.115987 0.089033 -0.157832 -0.195575 -0.242568 0.043574 0.175827 -0.156756 -0.186755 0.058393 -0.112185 1.000000 0.537496 0.400187 0.568086 0.459885 0.491883 0.508145 0.490622 -0.082358 0.057548 0.493833 0.439595 0.110044 0.175054 0.404416 0.149203 0.104214 0.091700 0.300687 0.004013 -0.015209 0.033816 -0.036207 -0.132961 -0.187466 -0.124861 -0.234186 -0.233423 -0.291264 -0.216154 0.057664 -0.139568 -0.168183 0.122727 -0.137697 -0.228373 -0.142713 -0.213889 -0.351279 -0.351074 -0.211987 -0.309898 0.076510 -0.030838 -0.022164 0.067231 -0.063119 0.009917 0.037522 -0.133203 0.089385 0.238576 0.015351 0.057555 0.102144 0.110750 0.193668 0.093236 0.147848 0.117288 -0.070319 -0.007131 0.066566 0.083779 0.103285 0.047356 0.138177 0.124658 -0.016522 -0.042678 -0.211005 -0.024763 0.012656 0.033355 0.069074 0.012019 0.037347 -0.086685 -0.285337 -0.076135 -0.177801 -0.058982 0.152557 -0.110301 -0.101964 -0.153144 -0.151203 -0.116610 0.227613 0.122028 0.090453 -0.225562 -0.053592 -0.003456 0.068820 -0.051244
-0.283510 -0.305060 0.169519 0.361251 0.191152 0.343263 0.019646 0.180615 0.050956 0.175943 0.034899 -0.038067 -0.052009 -0.099899 -0.042001 0.314940 -0.169643 -0.379827 -0.093950 -0.142824 0.537496 1.000000 0.198024 0.650416 0.337653 0.563457 0.382625 0.472694 -0.065362 -0.051123 0.585272 0.639987 -0.002719 0.301824 0.378507 0.342021 -0.109747 -0.078908 0.157886 0.022379 -0.113630 -0.063135 -0.137342 -0.145941 -0.172372 -0.003967 -0.294754 -0.280594 -0.156825 -0.173823 -0.105503 -0.284323 -0.320445 -0.062982 -0.286414 -0.361131 -0.247376 -0.218740 -0.360086 -0.149265 -0.328338 -0.177232 -0.116847 -0.216244 -0.006396 0.226743 -0.085636 0.081513 0.007536 -0.069476 -0.000070 0.314133 -0.114413 -0.037046 -0.080463 0.022015 0.064129 0.218672 0.175212 -0.122905 -0.163296 -0.253541 0.038841 -0.053147 -0.223217 -0.182738 0.135068 0.192680 0.060969 -0.118205 0.010887 0.027858 0.266856 0.126482 0.160068 0.193973 -0.073422 0.091264 -0.306018 -0.112343 0.099612 -0.016628 0.190469 -0.056057 0.122726 -0.011040 0.254395 -0.008745 0.427904 0.271645 0.118625 -0.091841 0.031714 0.052873 -0.144456 -0.014415
-0.257180 -0.125539 0.104702 0.307202 0.372755 0.448352 -0.205231 -0.194784 0.240993 -0.128058 0.174855 -0.208255 -0.336564 -0.403260 0.283544 -0.006646 -0.400518 -0.194483 -0.178741 -0.183940 0.400187 0.198024 1.000000 0.477300 0.684347 0.499340 0.773922 0.766349 -0.350725 -0.485736 0.296005 0.156830 -0.048547 -0.166302 0.400783 0.037710 -0.344538 -0.404939 0.042542 -0.378840 -0.430552 -0.351749 0.233566 0.042333 0.031996 0.026327 0.031600 0.023471 -0.008972 0.062949 0.409171 0.096212 0.069528 0.257732 -0.273590 0.032690 -0.072892 0.028480 -0.121000 -0.151283 -0.090780 -0.111715 -0.094370 -0.002443 0.289164 0.052484 0.030150 0.087131 -0.008425 0.073798 -0.227651 -0.180819 -0.424099 -0.254770 -0.285720 -0.145284 -0.286414 -0.318453 -0.067288 -0.216543 -0.336057 -0.193410 0.112877 -0.051875 0.393066 0.200683 0.030227 0.326425 0.273799 0.267557 -0.272865 -0.133643 -0.134415 0.066497 -0.113562 -0.245074 -0.190350 -0.320065 -0.142946 -0.195345 -0.311996 -0.270203 -0.151799 -0.316246 -0.296558 -0.052715 -0.372625 -0.086694 0.147047 -0.205039 0.296295 -0.259964 -0.141279 -0.041051 0.179308 -0.190399
-0.462812 -0.398061 0.218814 0.643641 0.319415 0.567906 0.135324 0.433210 0.227389 0.255542 0.151727 -0.017178 -0.101532 -0.184596 0.229796 0.445939 -0.287045 -0.545047 -0.203916 -0.254287 0.568086 0.650416 0.477300 1.000000 0.337566 0.566538 0.409616 0.523936 -0.057616 -0.109188 0.613327 0.736425 -0.026849 0.223614 0.395866 0.207147 -0.221920 -0.084611 0.001922 -0.132140 -0.093974 -0.172365 -0.264276 -0.384466 -0.319969 -0.278629 -0.323976 -0.469601 -0.417722 -0.372885 0.022470 -0.314824 -0.208030 0.119581 -0.317247 -0.403720 -0.390224 -0.331525 -0.496523 -0.318977 -0.220641 -0.144146 -0.217362 -0.206683 0.304164 0.412777 -0.208214 -0.051963 -0.245848 -0.083252 0.187932 0.394399 -0.124376 0.014399 -0.005087 0.178501 0.056160 0.263212 0.006934 -0.264785 -0.400284 -0.406250 0.131091 0.191973 0.106288 0.043630 0.177998 0.198973 0.150862 0.143235 0.064729 0.035268 0.441397 0.204892 0.033799 0.185734 -0.208974 -0.015693 -0.320003 -0.246525 0.043369 -0.085844 0.262588 -0.212107 -0.044321 0.019363 0.049526 -0.075771 0.335237 0.158036 0.023488 -0.154127 0.125703 -0.011402 0.049042 -0.098250
-0.290153 -0.108188 0.223404 0.174340 0.263793 0.247192 -0.131719 -0.280998 0.161599 -0.148169 0.011992 -0.305575 -0.341165 -0.389329 0.122693 -0.136680 -0.411207 -0.270171 -0.212599 -0.288855 0.459885 0.337653 0.684347 0.337566 1.000000 0.689553 0.753175 0.730111 -0.477197 -0.583279 0.341125 0.073500 0.154812 -0.075521 0.411345 0.204306 -0.270773 -0.266153 0.092426 -0.132042 -0.494965 -0.355083 0.505402 0.333983 0.218605 0.260808 0.123283 0.294676 0.137361 0.186880 0.230634 0.179145 -0.147599 0.212481 -0.318334 0.123434 0.022595 0.103590 -0.103609 -0.125936 -0.249499 -0.209311 -0.250201 -0.164170 -0.050758 0.004169 0.139950 0.246546 0.151051 0.034341 -0.179209 -0.087596 -0.514685 -0.313485 -0.356317 -0.200040 -0.154411 -0.192760 -0.077760 -0.199339 -0.351853 -0.212559 -0.063075 -0.266221 0.048375 -0.080477 0.008925 0.168972 -0.096135 0.061939 -0.369791 -0.141864 -0.155934 -0.175785 -0.018430 -0.260790 0.109387 -0.101334 0.007320 -0.073538 -0.381486 -0.336763 -0.085149 -0.208769 -0.086296 -0.060886 -0.131346 -0.079559 0.221406 0.006899 0.489590 -0.144319 0.054487 0.083534 0.069551 -0.181066
-0.332698 -0.212021 0.026418 0.466186 0.220429 0.477294 -0.201037 0.066796 0.196833 0.126996 -0.125614 -0.196836 -0.369985 -0.403124 0.009661 0.140006 -0.460367 -0.468701 -0.403749 -0.454382 0.491883 0.563457 0.499340 0.566538 0.689553 1.000000 0.647388 0.697131 -0.465608 -0.496741 0.499181 0.425603 -0.037052 -0.127257 0.323832 0.208427 -0.316139 -0.103450 0.145204 0.132022 -0.394431 -0.260006 0.215082 0.093416 0.163728 0.220591 -0.049002 0.012666 0.041887 0.086889 0.148192 0.074198 -0.186349 0.085284 -0.229402 0.010325 -0.111451 -0.040890 -0.245105 -0.034454 -0.334279 -0.127159 -0.323675 -0.291470 -0.029353 0.189314 0.108661 0.210480 0.041888 -0.023566 -0.176315 0.039065 -0.538200 -0.327195 -0.365562 -0.274500 -0.241560 -0.054946 -0.078311 -0.276342 -0.456898 -0.338370 0.010593 -0.059364 -0.068372 -0.030115 -0.010017 0.286392 -0.094558 -0.031110 -0.078535 -0.117764 0.193098 -0.138030 0.208339 -0.052088 0.125712 0.067764 0.008129 -0.172214 -0.045092 -0.330349 -0.047797 -0.223710 -0.070054 -0.089542 0.031915 -0.022682 0.369866 -0.156151 0.316616 -0.249632 -0.038656 0.045203 -0.031914 -0.111367
-0.146782 -0.147861 -0.002923 0.146755 0.192514 0.311208 -0.281845 -0.321043 0.012586 -0.161107 0.150131 -0.040080 -0.207757 -0.174871 0.182753 0.076805 -0.391594 -0.170698 -0.224237 -0.256686 0.508145 0.382625 0.773922 0.409616 0.753175 0.647388 1.000000 0.821687 -0.352672 -0.477054 0.283121 0.090905 -0.097509 -0.217936 0.332440 -0.039364 -0.080614 -0.119453 0.265377 -0.029376 -0.400701 -0.303776 0.306092 0.190465 0.092078 0.089485 -0.016356 0.107600 0.138768 0.177097 0.287189 0.142885 0.095039 0.162913 -0.181893 0.076813 -0.089978 -0.066748 -0.072550 -0.101020 -0.137088 -0.165608 -0.046069 -0.045811 0.071500 -0.018333 0.058886 0.053403 0.071649 -0.067194 -0.196130 -0.095129 -0.407428 -0.274134 -0.377306 -0.191554 -0.257691 -0.300935 0.079356 -0.076260 -0.301451 -0.109744 0.041335 -0.128341 0.231319 0.162079 -0.070581 0.252027 0.048663 0.154573 -0.317843 -0.184323 -0.125163 -0.037630 0.010452 -0.236536 0.038002 -0.248710 -0.164398 -0.188810 -0.264403 -0.222825 -0.132532 -0.224841 -0.225506 -0.119892 -0.295677 -0.018038 0.159965 -0.111565 0.253329 -0.211743 -0.119893 0.020758 0.184898 -0.239789
-0.227244 -0.235960 0.132327 0.313018 0.332073 0.515077 -0.181567 -0.151843 0.220653 0.029822 0.161803 -0.084288 -0.200725 -0.182977 0.260216 0.149220 -0.368992 -0.295711 -0.231341 -0.226524 0.490622 0.472694 0.766349 0.523936 0.730111 0.697131 0.821687 1.000000 -0.315803 -0.466438 0.260308 0.223008 -0.183123 -0.154451 0.381421 0.142559 -0.238794 -0.261978 0.154632 -0.155453 -0.372343 -0.307768 0.200588 0.027400 0.021228 0.061146 -0.082679 0.008111 -0.015929 0.003548 0.216698 -0.040725 -0.096457 0.108171 -0.267374 -0.025858 -0.155724 -0.112133 -0.199174 -0.231976 -0.191699 -0.271039 -0.129164 -0.217329 0.154030 0.166887 -0.007781 0.156665 -0.058347 -0.004991 -0.259660 -0.132345 -0.460303 -0.320421 -0.334273 -0.203157 -0.293505 -0.271910 0.024118 -0.205789 -0.333526 -0.128926 0.221497 0.019438 0.355963 0.279289 0.116118 0.364253 0.222647 0.193803 -0.242946 -0.054430 -0.022011 0.078823 -0.019608 -0.134012 -0.096491 -0.180187 -0.232557 -0.193140 -0.181581 -0.179390 -0.191918 -0.252763 -0.305924 -0.002566 -0.112350 -0.087622 0.205689 -0.129300 0.324294 -0.317133 -0.119648 0.080768 0.080309 -0.225477
0.131814 -0.148736 -0.104961 -0.290494 -0.184708 -0.231354 0.203150 -0.059035 -0.193836 -0.197508 0.294447 0.321194 0.455164 0.393503 0.081584 0.247228 0.608338 0.330355 0.384795 0.441676 -0.082358 -0.065362 -0.350725 -0.057616 -0.477197 -0.465608 -0.352672 -0.315803 1.000000 0.738333 0.067535 0.196195 0.122634 0.393588 -0.134088 -0.192519 0.400998 0.247492 0.095927 -0.038395 0.537266 0.141611 -0.457123 -0.371476 -0.417297 -0.400128 -0.257497 -0.370342 -0.378942 -0.439708 -0.407837 -0.407206 -0.189226 -0.187382 0.105069 -0.257302 -0.090660 -0.205159 -0.256394 -0.399294 0.052552 -0.273584 0.449076 0.075290 -0.084088 0.004155 -0.324756 -0.125692 -0.025857 -0.160140 0.384638 0.210599 0.683042 0.290660 0.221880 0.214765 0.427777 0.250962 0.395370 0.332846 0.547631 0.457744 0.269421 0.479809 0.086135 0.131982 0.003358 -0.093131 0.112688 0.085787 -0.147278 -0.069990 -0.091005 0.074470 0.073173 0.291668 -0.128616 0.079577 -0.322717 -0.054314 -0.025054 0.055092 0.152701 -0.031882 -0.030834 -0.073122 -0.025142 0.099647 -0.135663 0.296887 -0.389111 -0.078456 -0.112394 -0.061598 -0.176224 0.137500
0.127437 -0.108787 -0.141751 -0.277476 -0.235661 -0.260011 0.165484 0.087976 -0.166785 -0.091066 0.099035 0.128463 0.232278 0.315287 -0.193145 0.172378 0.653413 0.423782 0.259105 0.325915 0.057548 -0.051123 -0.485736 -0.109188 -0.583279 -0.496741 -0.477054 -0.466438 0.738333 1.000000 -0.006395 0.144899 0.149069 0.359351 -0.036362 -0.109493 0.436093 0.430008 0.099782 0.201172 0.642228 0.344770 -0.429507 -0.398639 -0.405004 -0.313283 -0.336928 -0.417957 -0.423139 -0.445205 -0.382403 -0.433064 -0.128218 -0.129760 0.037349 -0.352499 -0.025012 -0.219876 -0.185581 -0.258909 0.144696 -0.066738 0.495849 0.269898 -0.138286 0.059357 -0.341340 -0.184848 -0.027574 -0.105146 0.405471 0.276566 0.771654 0.484217 0.405886 0.359516 0.442564 0.322501 0.386604 0.386540 0.612250 0.461101 0.068975 0.452431 0.008555 0.033352 0.010567 -0.171227 -0.000836 -0.046072 -0.106397 -0.084776 0.032867 0.088894 0.014554 0.322596 -0.079401 0.066210 -0.416409 -0.117876 0.127376 0.181317 0.257160 0.036333 0.049498 0.034631 0.004478 0.025142 -0.027570 0.188267 -0.380210 -0.033921 -0.095096 -0.167112 -0.224817 0.151890
-0.397693 -0.365788 0.090572 0.336643 0.187845 0.227724 0.080309 0.137984 -0.010377 0.020458 -0.066220 -0.173259 -0.236846 -0.344742 0.004735 0.200026 -0.132810 -0.354460 0.068326 -0.168983 0.493833 0.585272 0.296005 0.613327 0.341125 0.499181 0.283121 0.260308 0.067535 -0.006395 1.000000 0.751081 0.362998 0.391567 0.474685 0.237015 -0.161279 -0.036885 0.168558 -0.094373 -0.086850 -0.205448 -0.157223 -0.144916 -0.192130 0.028577 -0.300850 -0.242992 -0.264925 -0.163870 -0.299826 -0.190585 -0.518261 -0.167505 -0.314761 -0.342823 -0.193466 -0.179986 -0.359538 -0.139490 -0.334951 -0.157265 -0.185859 -0.129899 0.053067 0.159194 0.017093 0.204323 0.007102 -0.113095 0.065296 0.263641 0.059065 0.013984 -0.066256 0.101173 0.205965 0.335528 0.143981 -0.068680 -0.184784 -0.299206 -0.003104 -0.002836 -0.246167 -0.250785 -0.001143 0.015466 -0.026143 -0.126398 0.004070 -0.006312 0.277063 0.056941 0.070454 0.148951 0.057848 0.035651 -0.158945 -0.051206 -0.103750 -0.154483 0.256505 -0.052008 0.050774 -0.202413 -0.047040 0.036013 0.351719 0.258053 0.142574 -0.112792 0.056581 0.075840 -0.120981 -0.057956
-0.523757 -0.553566 0.084973 0.489380 0.150434 0.468798 0.096972 0.466693 0.118187 0.248555 0.012313 0.008774 -0.114934 -0.149749 -0.015711 0.452100 -0.130301 -0.510454 -0.123929 -0.227315 0.439595 0.639987 0.156830 0.736425 0.073500 0.425603 0.090905 0.223008 0.196195 0.144899 0.751081 1.000000 0.145021 0.409633 0.406100 0.376532 -0.068470 -0.040907 0.058339 -0.110909 0.132841 -0.100384 -0.362655 -0.444383 -0.311291 -0.143601 -0.333546 -0.499164 -0.441992 -0.437165 -0.247842 -0.345258 -0.441958 -0.133189 -0.135340 -0.434722 -0.497638 -0.496183 -0.521184 -0.204628 -0.381934 -0.138203 -0.181923 -0.328355 0.085809 0.327430 -0.112908 0.168817 -0.340003 -0.251269 0.299984 0.508888 0.172662 0.128272 0.134617 0.190034 0.269623 0.470266 0.132096 -0.170277 -0.173627 -0.324188 0.163139 0.253930 -0.236156 -0.140076 0.122404 0.052789 0.076584 -0.069886 0.276040 0.167228 0.465022 0.230248 0.181377 0.390871 -0.104052 0.131756 -0.164825 -0.003985 0.084515 0.000993 0.324869 -0.056637 0.128986 -0.154732 0.143761 -0.000652 0.363584 0.246019 0.004504 -0.055947 0.074979 0.128652 -0.002517 0.117804
-0.235713 -0.019723 0.090671 -0.111061 -0.013698 -0.063670 0.240671 -0.005711 0.007184 -0.097452 -0.223414 -0.268862 -0.179022 -0.160166 -0.093213 -0.027192 0.057884 -0.021812 0.222652 0.003184 0.110044 -0.002719 -0.048547 -0.026849 0.154812 -0.037052 -0.097509 -0.183123 0.122634 0.149069 0.362998 0.145021 1.000000 0.592237 0.282633 0.097740 0.030415 0.058842 0.030540 -0.001446 0.164506 0.057445 0.045588 0.038147 -0.126514 -0.048809 -0.137241 -0.087511 -0.143164 -0.122105 -0.315876 -0.052366 -0.306650 0.112425 -0.041516 -0.171465 0.098938 0.111912 -0.211413 -0.246804 -0.063016 -0.175639 0.057457 0.041076 -0.111694 -0.054839 -0.109696 0.065766 0.171507 -0.011939 0.339271 0.213747 0.290818 0.275058 0.198013 0.275644 0.529191 0.352662 0.099734 0.222791 0.132386 0.020111 -0.207586 -0.143036 -0.254563 -0.367852 -0.004755 -0.232774 -0.314990 -0.222585 -0.152914 0.005416 -0.063132 -0.107169 -0.059915 0.020705 0.084940 0.023518 -0.047487 -0.044504 -0.324596 -0.074516 0.114453 -0.002807 0.061864 -0.146826 -0.061527 -0.102121 0.252874 0.380092 0.032153 0.109276 0.081587 0.101244 -0.165676 0.043054
-0.251371 -0.150606 0.330373 0.097944 0.113630 0.130289 0.475398 0.316731 0.122928 0.143018 0.112789 -0.096076 0.111346 0.053721 0.117729 0.249567 0.271695 -0.124313 0.403969 0.289884 0.175054 0.301824 -0.166302 0.223614 -0.075521 -0.127257 -0.217936 -0.154451 0.393588 0.359351 0.391567 0.409633 0.592237 1.000000 0.338282 0.319922 0.090952 -0.042472 -0.136314 -0.126918 0.237346 0.139428 -0.357878 -0.321651 -0.521990 -0.262406 -0.450963 -0.417343 -0.524246 -0.579267 -0.550657 -0.593523 -0.586322 -0.172297 -0.237827 -0.547743 -0.140983 -0.123055 -0.437659 -0.406983 -0.145577 -0.192468 0.111353 0.009144 0.080838 0.195265 -0.295693 0.039728 0.122170 -0.008226 0.394543 0.420406 0.508520 0.353986 0.307200 0.337375 0.597522 0.570057 0.298907 0.224557 0.209819 -0.013526 0.023757 0.080343 -0.261708 -0.298406 0.063872 -0.194728 -0.053106 -0.178856 0.040748 0.089318 0.128949 0.179232 -0.090497 0.114204 -0.031196 -0.052758 -0.417338 -0.176876 -0.130490 0.119857 0.363088 0.061638 0.185742 -0.224009 0.058935 0.045508 0.161439 0.513876 0.064432 0.020635 0.118880 0.104321 -0.383635 0.081581
-0.373316 -0.395648 0.289920 0.088869 0.342841 0.335310 0.178958 0.120117 0.187546 0.071532 0.084238 -0.193491 -0.130009 -0.157872 0.164626 0.219839 -0.139545 -0.304439 -0.020752 -0.248717 0.404416 0.378507 0.400783 0.395866 0.411345 0.323832 0.332440 0.381421 -0.134088 -0.036362 0.474685 0.406100 0.282633 0.338282 1.000000 0.348987 -0.263217 -0.315696 -0.058753 -0.242616 -0.156374 -0.266868 -0.122098 -0.154224 -0.239384 0.115202 -0.419961 -0.155046 -0.265948 -0.261882 -0.189718 -0.251695 -0.437005 -0.102765 -0.326779 -0.373863 -0.327691 -0.298750 -0.144153 -0.182954 0.009830 -0.010165 -0.025383 -0.073539 0.245049 0.298265 -0.027701 0.354657 -0.187833 0.029088 0.043753 0.105697 0.002159 -0.147547 -0.080217 0.008450 0.182894 0.250021 -0.125159 -0.198440 -0.194290 -0.199005 0.158040 0.082530 -0.009722 -0.149600 0.135125 0.043343 0.065301 -0.083479 -0.066545 0.203169 0.148392 0.235893 -0.061627 -0.008357 -0.088584 -0.232155 -0.371633 -0.027069 -0.044517 0.006039 0.210437 -0.096270 -0.006479 -0.174987 -0.085317 0.012828 0.247155 0.116395 0.387516 -0.026323 -0.137074 -0.003084 -0.074497 0.003015
-0.468202 -0.520780 0.343849 0.193779 0.045568 0.337594 0.055411 0.304459 0.120964 0.166699 -0.188273 -0.283815 -0.232635 -0.164983 -0.145243 -0.025617 -0.099272 -0.415612 0.020439 -0.244930 0.149203 0.342021 0.037710 0.207147 0.204306 0.208427 -0.039364 0.142559 -0.192519 -0.109493 0.237015 0.376532 0.097740 0.319922 0.348987 1.000000 -0.108696 -0.176873 -0.377370 -0.236981 0.014472 -0.066906 0.011174 -0.077916 -0.037117 0.344322 -0.219459 -0.045261 -0.084607 -0.228574 -0.051333 -0.176288 -0.350071 -0.104379 -0.113395 -0.166788 -0.291440 -0.337732 -0.071448 -0.036274 -0.136171 -0.108037 -0.184247 -0.404349 -0.126946 0.175578 0.233788 0.557987 -0.211300 -0.150423 0.059411 0.218817 0.059786 0.043471 0.187786 0.185150 0.145336 0.380351 -0.163442 -0.194250 -0.166337 -0.308250 0.076856 -0.053082 -0.347266 -0.232282 0.063308 0.033170 0.031745 -0.273836 0.136876 0.261331 0.169425 0.274064 0.053187 0.056951 0.040680 -0.033519 -0.076810 0.157065 -0.001267 0.093190 0.109736 0.309176 0.334520 -0.044675 0.216313 0.059345 0.174037 0.191480 0.600061 0.072713 0.035219 0.269799 -0.029938 0.229277
