1.000000 0.408251 0.185939 0.039136 -0.231585 -0.302490 0.194800 -0.064625 -0.155575 -0.174851 0.575614 0.284946 0.346660 0.118819 0.294715 -0.198986 0.336420 0.176600 0.465287 0.364699 -0.031507 -0.368395 -0.179473 -0.495409 -0.503809 -0.586714 -0.546976 -0.603695 0.270878 0.260166 -0.119031 -0.443009 0.353921 0.276169 -0.329257 -0.132933 -0.084493 -0.071736 -0.302538 -0.267932 -0.010818 -0.149146 -0.083739 0.059772 0.138520 -0.297607 -0.123731 -0.146942 -0.000259 0.034245 -0.346128 -0.102686 -0.193521 -0.062982 -0.284664 -0.183874 0.150748 0.150682 0.182322 -0.037170 0.415708 -0.153577 0.307312 0.431347 0.081243 -0.361210 -0.145876 -0.409760 -0.131733 0.183572 0.321236 0.131361 0.271801 0.295661 0.230105 0.198077 0.246353 0.076786 -0.038862 0.158651 -0.021331 0.154855 0.101560 0.013219 0.098957 -0.137609 0.335185 -0.061499 -0.114775 -0.219523 -0.099164 0.160487 -0.053648 0.091498 -0.367995 -0.394997 -0.325423 -0.342472 -0.010062 0.225277 0.084162 0.214547 0.098252 -0.068871 -0.010487 -0.180603 -0.053203 -0.087180 -0.209439 -0.290576 -0.202235 0.255868 0.099206 -0.258999 -0.273995 0.015812
0.408251 1.000000 -0.211174 -0.137143 -0.488136 -0.007601 -0.295820 0.017494 -0.195740 0.290188 0.456030 0.505224 0.249866 0.444193 0.049648 0.323412 0.186025 0.063118 -0.026175 0.456809 -0.130187 -0.276982 -0.402427 -0.281926 -0.289376 -0.327981 -0.304626 -0.314029 -0.037238 -0.007563 -0.463974 -0.668862 0.031884 -0.154829 -0.232508 -0.178363 0.028391 0.032813 -0.286869 -0.137553 -0.030737 -0.094163 -0.282382 -0.123778 -0.133464 -0.281248 -0.197678 -0.195123 0.056846 -0.128393 -0.028231 0.072006 0.033911 -0.132038 -0.083326 -0.268706 0.379512 0.405905 0.243163 0.403899 0.281903 0.377809 0.019140 0.211689 -0.030747 0.071138 -0.286758 -0.257402 0.329337 0.518593 -0.134088 -0.024577 -0.094970 -0.055527 -0.052307 0.144744 -0.044606 0.023860 -0.280537 0.143523 0.146904 0.069625 -0.137774 -0.136471 0.173095 0.205686 -0.070192 0.046069 0.069072 -0.132928 0.060134 0.006513 0.247601 -0.133037 -0.359843 -0.492041 -0.212644 -0.270551 0.039188 0.139876 0.268196 -0.025837 0.061897 -0.058120 -0.069656 -0.312513 -0.136615 -0.009227 -0.297909 -0.283726 -0.052403 0.075923 0.058815 0.221657 -0.182288 -0.114190
0.185939 -0.211174 1.000000 0.502940 0.291084 0.151620 0.688117 0.329385 -0.081207 -0.036948 0.059858 -0.102241 -0.057681 -0.364677 0.375833 -0.239252 -0.391864 -0.395928 0.455257 0.193413 0.175264 -0.131226 0.588377 0.280551 -0.030589 -0.091092 0.051082 0.084278 -0.248116 -0.332058 0.372952 0.207716 -0.086814 0.099933 0.011323 -0.111500 -0.511491 -0.182996 -0.216125 -0.175441 -0.358466 -0.442692 -0.078676 -0.109527 -0.072342 -0.180605 -0.091936 -0.086963 0.031838 -0.297512 -0.019120 -0.024279 -0.200778 0.005378 -0.421460 -0.167815 -0.382960 -0.238289 -0.153199 -0.388173 -0.068595 -0.209442 -0.279667 -0.209223 0.517692 0.052468 -0.009999 0.059527 -0.239028 0.150880 0.312789 0.154060 -0.280373 -0.025166 -0.201584 -0.073484 -0.058258 0.056382 -0.118017 -0.193785 -0.457394 -0.251790 0.005901 -0.177591 -0.115562 -0.035205 0.518666 0.129283 0.278993 0.230100 0.115622 0.315717 0.115645 0.542309 -0.152343 0.053462 -0.199110 0.044831 -0.216682 -0.023735 -0.151262 0.351305 0.141390 0.110244 0.312673 0.084637 0.018433 0.060893 -0.093477 -0.046352 0.053513 0.154987 0.052243 -0.079927 -0.228755 0.068244
0.039136 -0.137143 0.502940 1.000000 0.297775 0.342565 0.493030 0.629889 -0.283279 0.366793 0.049088 0.119626 -0.216429 -0.236403 0.182812 -0.065994 -0.379207 -0.454108 0.266163 0.077167 0.096182 -0.293186 0.473280 0.442614 0.003606 -0.056960 0.235601 0.283325 -0.502417 -0.439634 0.333251 0.283594 -0.259209 0.156473 0.216733 0.047575 -0.616983 -0.194850 -0.444535 -0.249289 -0.453885 -0.441356 -0.132522 -0.070240 0.098833 0.257538 -0.482593 -0.240514 -0.038004 -0.154740 0.032674 -0.080123 -0.270370 -0.165787 -0.245848 -0.420039 -0.489256 -0.426788 -0.083117 -0.147646 0.036843 0.036255 -0.364298 -0.150238 0.578728 0.413822 0.040224 0.421928 -0.397168 -0.111892 0.096177 0.281996 -0.373441 -0.261223 -0.307315 -0.083271 -0.023753 0.235759 -0.538137 -0.388906 -0.692438 -0.598187 0.049919 -0.278132 -0.317238 0.110320 0.469730 0.345489 0.425472 0.352666 0.202744 0.156247 0.413140 0.383282 -0.199098 0.223596 -0.424988 -0.014576 -0.524804 -0.122117 0.072455 0.154154 0.168554 -0.077011 0.302557 -0.174067 0.157709 0.044558 -0.014714 -0.132980 0.216864 -0.029714 -0.172142 -0.028881 -0.089462 0.172388
-0.231585 -0.488136 0.291084 0.297775 1.000000 0.363397 0.284997 0.041804 0.303656 -0.038401 -0.298887 -0.327467 -0.292015 -0.474042 0.283661 -0.222317 -0.367422 -0.314121 0.159348 -0.159698 0.514186 0.299362 0.518473 0.355534 0.187103 0.201833 0.321240 0.377697 -0.172405 -0.253248 0.229875 0.316259 -0.076362 -0.030447 0.219304 0.165682 -0.232474 -0.169316 0.005939 -0.168376 -0.163480 0.025096 -0.186856 -0.230325 -0.080822 0.151453 -0.046590 0.096166 -0.068581 0.031843 0.082727 -0.074824 0.188044 0.087582 0.104618 0.047063 -0.269897 -0.266588 -0.006035 -0.320622 -0.179424 -0.253508 -0.170956 -0.220914 0.155653 0.072487 0.371350 0.259861 -0.220310 -0.229409 0.183637 -0.049376 -0.240971 -0.073410 -0.130153 -0.208417 -0.050494 -0.016558 0.015963 -0.234737 -0.210449 -0.294631 0.216102 0.188714 -0.214594 -0.023152 0.286142 0.093260 0.008608 0.133348 0.188850 -0.007897 -0.043496 0.308669 0.261343 0.271971 -0.023012 0.310552 -0.103955 0.002172 -0.226255 -0.052911 -0.161249 0.075518 0.011022 0.306446 -0.056438 -0.198981 -0.070251 0.059775 0.150418 -0.107820 -0.263497 -0.266945 -0.095039 0.101731
-0.302490 -0.007601 0.151620 0.342565 0.363397 1.000000 0.139135 0.474123 0.095974 0.573765 -0.023372 -0.010721 -0.012618 -0.012934 0.132094 0.205941 -0.473559 -0.419534 -0.265345 -0.059492 0.075601 -0.015717 0.260529 0.476002 0.236190 0.313606 0.265557 0.544842 -0.498889 -0.575699 -0.105177 -0.010522 -0.444653 -0.375493 0.125961 0.129058 -0.462888 -0.241079 -0.264581 -0.167456 -0.333628 -0.374545 -0.327937 -0.199940 -0.064593 0.329503 -0.236206 -0.194770 0.194201 -0.122168 0.194210 0.030605 -0.227133 -0.151152 0.031109 -0.221625 -0.183013 -0.220342 -0.062597 0.064754 0.026726 0.279388 -0.487818 -0.466143 0.360442 0.605373 0.106269 0.506223 -0.143694 0.209400 -0.347152 0.033437 -0.553718 -0.473506 -0.391560 -0.255031 -0.279098 -0.044604 -0.389381 -0.070675 -0.351130 -0.371995 -0.220193 -0.367294 -0.135598 0.179720 0.035201 0.195277 0.305182 0.225571 0.180164 -0.080950 0.331947 0.241615 -0.108834 0.059218 -0.160237 -0.024581 -0.190325 -0.179418 -0.092192 -0.111445 -0.144758 -0.047091 0.015016 0.069997 0.124444 0.018408 -0.039059 -0.069364 0.232419 -0.276668 -0.211849 0.222843 -0.157200 -0.155285
0.194800 -0.295820 0.688117 0.493030 0.284997 0.139135 1.000000 0.517796 0.000253 0.052051 0.110479 0.056453 0.115803 -0.286654 0.323848 -0.182461 -0.307032 -0.272073 0.165447 0.075055 -0.012576 -0.120728 0.350615 0.070260 -0.281506 -0.278115 -0.086003 -0.085600 -0.175906 -0.110659 0.278123 0.132440 -0.026418 0.139090 -0.156023 -0.021300 -0.442684 -0.294728 -0.255000 -0.368074 -0.289695 -0.391179 -0.104931 -0.170871 0.019270 -0.090955 -0.119864 -0.256454 -0.012902 -0.133553 -0.178018 -0.236651 -0.235418 0.000207 -0.463769 -0.166953 -0.490412 -0.380187 0.022163 -0.253730 0.143101 -0.080546 -0.158897 -0.042567 0.458491 0.065715 -0.095754 0.080311 -0.380465 -0.007889 0.234565 0.246762 -0.121655 -0.022459 -0.049352 0.008634 0.014187 0.046702 -0.160941 -0.147787 -0.417266 -0.206736 0.089203 -0.029159 -0.194661 -0.028632 0.520755 0.182600 0.337701 0.200991 0.034804 0.200705 0.135839 0.499885 -0.078917 0.096204 -0.235627 -0.008303 -0.178949 -0.036212 -0.025422 0.389442 0.321093 0.094942 0.325616 -0.147447 0.131690 0.258164 0.027062 -0.049822 -0.028707 -0.053055 -0.102283 -0.129581 -0.147100 0.088698
-0.064625 0.017494 0.329385 0.629889 0.041804 0.474123 0.517796 1.000000 -0.159643 0.680559 0.150301 0.426163 0.181893 0.218617 0.037573 0.342588 -0.491705 -0.402161 -0.097297 0.058448 -0.186655 -0.295220 0.067134 0.320521 -0.160203 -0.157220 -0.044634 0.142731 -0.655794 -0.413616 -0.034316 0.105138 -0.372150 -0.090405 -0.054980 0.004873 -0.570600 -0.300503 -0.461452 -0.236713 -0.447477 -0.571801 -0.151822 -0.048839 -0.036615 0.172991 -0.392494 -0.459835 0.122985 -0.385743 0.029330 -0.278099 -0.423301 -0.289581 -0.409022 -0.479537 -0.495768 -0.469935 0.080629 0.203828 0.274064 0.560452 -0.496375 -0.150003 0.556684 0.681288 -0.234138 0.322059 -0.454542 0.015225 -0.108772 0.289348 -0.499948 -0.431001 -0.509032 -0.088726 -0.283985 0.026282 -0.529159 -0.275222 -0.556508 -0.369997 -0.344290 -0.493249 -0.170914 0.220262 0.187845 0.271521 0.465308 0.206609 0.237062 0.142704 0.572149 0.335965 -0.374377 0.084793 -0.325435 -0.259197 -0.483223 -0.325861 0.213167 0.158512 0.267271 0.068592 0.357987 -0.171368 0.328405 0.222332 -0.019597 -0.226235 0.115019 -0.255506 -0.077525 0.208876 0.002987 -0.046870
-0.155575 -0.195740 -0.081207 -0.283279 0.303656 0.095974 0.000253 -0.159643 1.000000 -0.073058 -0.133886 -0.156296 0.092097 0.011671 0.074966 -0.065465 0.066202 0.120950 -0.099959 -0.034419 -0.106527 0.080741 -0.012874 -0.166922 -0.117151 -0.114452 -0.312568 -0.149453 0.227782 0.147517 -0.227911 -0.186798 0.030028 -0.095502 -0.282035 -0.117536 0.217170 0.009290 0.074786 0.100114 0.069216 0.359280 -0.117256 -0.247765 -0.230859 -0.229297 0.365287 0.208954 -0.072258 0.185022 -0.132001 -0.003486 0.267703 0.339658 0.137464 0.347783 0.087557 -0.013981 0.179752 -0.034630 0.055874 -0.072455 0.220645 0.136416 -0.279679 -0.194121 -0.116120 -0.275155 -0.040921 -0.011640 0.096052 0.034201 0.142994 0.157998 0.201231 -0.006622 0.055815 -0.125156 0.346718 0.019313 0.154571 0.130513 -0.172526 0.116398 0.011455 0.046622 -0.099281 -0.092345 -0.225775 -0.082302 0.254182 0.154747 0.068915 0.180119 0.206460 -0.029774 0.155240 0.151271 0.103397 0.079737 0.028224 -0.069815 0.014256 0.103253 -0.082736 0.011974 0.024743 0.040380 0.110389 0.086994 -0.165011 -0.151975 -0.061342 -0.032692 0.061457 -0.018597
-0.174851 0.290188 -0.036948 0.366793 -0.038401 0.573765 0.052051 0.680559 -0.073058 1.000000 0.134493 0.362903 0.112270 0.315325 0.150951 0.575945 -0.457884 -0.348098 -0.252153 -0.019039 -0.322710 -0.227586 0.107701 0.363112 0.045708 0.053674 0.122899 0.304596 -0.527559 -0.418906 -0.266866 -0.164149 -0.505713 -0.282055 0.042294 -0.097442 -0.510136 -0.309485 -0.413849 -0.227596 -0.333963 -0.463182 -0.235549 -0.137260 -0.141427 0.212196 -0.222845 -0.349763 0.040047 -0.249748 0.233103 -0.133880 -0.146371 -0.035342 -0.192575 -0.322891 -0.186115 -0.172186 0.179885 0.361566 0.214098 0.601225 -0.537353 -0.246591 0.416186 0.721573 -0.162312 0.291927 -0.146535 0.189247 -0.350684 0.063497 -0.570722 -0.541837 -0.484844 -0.171939 -0.395294 -0.167140 -0.487789 -0.126260 -0.365546 -0.324522 -0.350315 -0.487513 0.003778 0.332533 -0.095591 0.191670 0.518244 0.324260 0.091618 -0.026075 0.560783 0.095337 -0.341950 -0.234179 -0.160107 -0.263976 -0.351419 -0.191002 0.180816 -0.043994 0.047993 -0.091337 0.119225 -0.258577 0.178338 0.278387 -0.158167 -0.281416 0.111272 -0.453388 -0.197089 0.300943 0.002661 -0.173767
0.575614 0.456030 0.059858 0.049088 -0.298887 -0.023372 0.110479 0.150301 -0.133886 0.134493 1.000000 0.721199 0.644905 0.598904 0.351012 0.286416 0.140189 0.161297 0.150923 0.403671 -0.263049 -0.345306 -0.304394 -0.208339 -0.393392 -0.461220 -0.455070 -0.397424 0.058486 -0.017871 -0.328429 -0.364723 -0.162106 -0.009535 -0.349522 -0.173351 -0.194819 -0.255622 -0.522975 -0.317612 -0.090447 -0.229797 -0.123834 0.262501 0.168055 -0.049688 -0.271821 -0.406503 0.236885 -0.158991 -0.104361 -0.094001 -0.263022 -0.287350 -0.386000 -0.443907 -0.225916 -0.233069 0.176067 0.089804 0.386918 0.231327 0.003842 0.164213 0.283081 0.015469 -0.363870 -0.207930 -0.065771 0.149174 0.107045 0.080709 -0.114164 0.010986 0.004423 0.146957 0.035812 -0.103815 -0.157352 0.063962 -0.161203 0.135785 -0.143739 -0.132843 0.456240 0.336956 0.181872 -0.016061 0.002337 -0.258405 -0.035563 0.149704 0.137369 0.047835 -0.341028 -0.414929 -0.360885 -0.398595 -0.208868 -0.172207 0.090926 0.073969 0.148646 -0.230809 -0.269809 -0.302520 -0.229653 -0.023804 -0.139958 -0.410805 -0.238160 0.028257 0.023242 0.064843 -0.181543 -0.242073
0.284946 0.505224 -0.102241 0.119626 -0.327467 -0.010721 0.056453 0.426163 -0.156296 0.362903 0.721199 1.000000 0.507082 0.712289 0.097614 0.503610 -0.021598 0.067933 -0.032215 0.431697 -0.307869 -0.398391 -0.391892 -0.064176 -0.447300 -0.480663 -0.392518 -0.346674 -0.225019 -0.066081 -0.332549 -0.298717 -0.263595 -0.109308 -0.223173 -0.090261 -0.157310 -0.109111 -0.521253 -0.255502 -0.163872 -0.244486 -0.092864 0.204310 0.066134 -0.018077 -0.390686 -0.439140 0.155764 -0.278463 -0.046332 -0.269642 -0.266381 -0.356062 -0.393864 -0.622351 -0.330070 -0.322757 0.232745 0.291045 0.301351 0.551024 -0.068794 0.157505 0.263311 0.249780 -0.459786 -0.146822 -0.107930 0.126543 0.050356 0.205196 -0.193730 -0.130309 -0.165366 0.204925 -0.037301 0.077641 -0.320008 -0.113319 -0.202836 -0.024392 -0.258355 -0.185655 0.295215 0.393941 0.042158 0.049142 0.126283 -0.210288 0.270991 0.182737 0.463231 0.086859 -0.457860 -0.223744 -0.437052 -0.410871 -0.288885 -0.266093 0.326200 0.039800 0.279083 -0.024637 -0.012048 -0.296736 -0.073190 0.031602 -0.030774 -0.347193 -0.054617 0.049743 -0.087436 0.266636 -0.046972 -0.107441
0.346660 0.249866 -0.057681 -0.216429 -0.292015 -0.012618 0.115803 0.181893 0.092097 0.112270 0.644905 0.507082 1.000000 0.612338 0.185740 0.410981 -0.006908 0.142753 -0.143255 0.177321 -0.328350 -0.073376 -0.411272 -0.187704 -0.287254 -0.283214 -0.426289 -0.269855 0.060426 0.106502 -0.452327 -0.320634 -0.143504 -0.120409 -0.393372 -0.166147 0.051451 -0.180144 -0.164055 -0.222273 0.056365 -0.158462 -0.134595 0.238541 -0.098227 -0.202322 -0.082458 -0.250944 0.370504 -0.208008 -0.113987 -0.089090 -0.105612 -0.247777 -0.245130 -0.168904 -0.244884 -0.274929 0.380917 0.238325 0.570402 0.345941 0.084467 0.166356 0.105602 0.056987 -0.477407 -0.278901 -0.102475 0.027318 0.024322 0.064959 -0.015525 0.154673 0.072430 0.232653 0.052632 -0.107595 -0.053318 -0.048730 -0.045580 0.156277 -0.309542 -0.107069 0.181654 0.118955 0.027147 -0.118518 -0.033138 -0.245337 -0.104676 0.058182 0.035090 -0.010385 -0.303741 -0.457387 -0.064954 -0.513670 -0.007270 -0.230566 0.278418 0.100395 0.171177 -0.127590 -0.050165 -0.242229 0.031675 0.154604 -0.039514 -0.401321 -0.252704 -0.133321 0.087140 0.268210 -0.067510 -0.381433
0.118819 0.444193 -0.364677 -0.236403 -0.474042 -0.012934 -0.286654 0.218617 0.011671 0.315325 0.598904 0.712289 0.612338 1.000000 -0.089619 0.655756 0.137352 0.329720 -0.193594 0.297040 -0.416749 -0.211171 -0.570888 -0.133691 -0.198615 -0.283398 -0.401948 -0.269950 -0.030916 0.094728 -0.460122 -0.313291 -0.230053 -0.190600 -0.347062 -0.157575 0.091838 -0.046864 -0.265737 0.017425 -0.007862 -0.002700 -0.079270 0.201655 -0.078062 -0.066859 -0.141011 -0.314500 0.179918 -0.278261 -0.110929 -0.149413 -0.206349 -0.246994 -0.221784 -0.322600 -0.108740 -0.225307 0.257182 0.429040 0.371847 0.584706 0.046778 0.164346 -0.072406 0.167810 -0.470272 -0.207767 -0.037280 0.009196 -0.192042 0.088544 -0.022948 0.002763 -0.035286 0.184618 0.035431 -0.094559 -0.133942 -0.029197 0.000964 0.150337 -0.421910 -0.278136 0.244535 0.165823 -0.293869 0.013123 -0.092143 -0.301028 0.108086 0.166712 0.313100 -0.102491 -0.291362 -0.239520 -0.152121 -0.376245 -0.126506 -0.278197 0.302487 -0.048675 0.156732 0.028985 -0.214358 -0.164022 -0.007809 0.028649 -0.059430 -0.292894 -0.245645 -0.049154 0.087858 0.291293 0.055749 -0.195157
0.294715 0.049648 0.375833 0.182812 0.283661 0.132094 0.323848 0.037573 0.074966 0.150951 0.351012 0.097614 0.185740 -0.089619 1.000000 0.122087 -0.264661 -0.216891 0.221592 0.290628 -0.073134 0.002920 0.332168 -0.020255 -0.116912 -0.207760 -0.069679 0.000290 0.135089 -0.119182 -0.096576 -0.156383 -0.166219 -0.155257 -0.089937 -0.125070 -0.392686 -0.494076 -0.205141 -0.577617 -0.135673 -0.133784 -0.356540 -0.296855 -0.160829 -0.200882 -0.009884 -0.213057 -0.069068 -0.099573 -0.098731 -0.237505 0.092215 0.069236 -0.148717 -0.078833 -0.266874 -0.149777 0.426488 -0.012194 0.150221 -0.035061 -0.131875 -0.024733 0.349135 -0.037617 -0.019268 -0.134219 0.004814 0.214349 0.039517 -0.218872 -0.298839 -0.181425 -0.138106 -0.215657 -0.235934 -0.277453 -0.072422 -0.249106 -0.140258 -0.070741 0.277412 0.239036 0.240851 0.292946 0.142873 -0.147197 0.200148 -0.004197 0.003635 0.261589 -0.095624 0.234564 0.084478 -0.379481 0.028514 0.057125 0.019143 -0.075548 -0.019149 0.160374 0.025056 -0.100378 -0.055288 -0.017056 -0.066824 0.034032 -0.097287 -0.345641 -0.200439 -0.176044 -0.338492 -0.195858 -0.306238 0.000196
-0.198986 0.323412 -0.239252 -0.065994 -0.222317 0.205941 -0.182461 0.342588 -0.065465 0.575945 0.286416 0.503610 0.410981 0.655756 0.122087 1.000000 -0.241156 0.043603 -0.271880 0.212898 -0.324223 0.002440 -0.265048 0.121815 -0.033343 -0.090376 -0.067357 0.053486 -0.161806 -0.062065 -0.377493 -0.205393 -0.467935 -0.384478 -0.224376 -0.285398 -0.057442 -0.180934 -0.133105 -0.232068 0.056648 -0.132703 -0.180942 -0.008786 -0.286715 -0.100779 -0.046860 -0.335366 0.004097 -0.356577 -0.023750 -0.281206 -0.041715 -0.117128 -0.070983 -0.212350 -0.190470 -0.181053 0.294144 0.443645 0.196795 0.696595 -0.250451 -0.008179 0.222405 0.383025 -0.459325 -0.160861 0.142141 0.168976 -0.444055 -0.178925 -0.398034 -0.356620 -0.344731 -0.054481 -0.376119 -0.316388 -0.207539 -0.177689 0.044946 0.088330 -0.281197 -0.046144 0.294085 0.374487 -0.364016 0.002941 0.279720 0.011769 0.146290 0.110357 0.313809 -0.091922 -0.176986 -0.305909 0.013905 -0.272834 -0.139014 -0.289564 0.303992 -0.103141 0.112321 -0.074347 0.017504 -0.120464 -0.001601 0.129254 -0.036848 -0.355336 -0.199493 -0.224511 -0.075883 0.255867 0.003368 -0.236035
0.336420 0.186025 -0.391864 -0.379207 -0.367422 -0.473559 -0.307032 -0.491705 0.066202 -0.457884 0.140189 -0.021598 -0.006908 0.137352 -0.264661 -0.241156 1.000000 0.715376 0.161959 0.149778 -0.063580 -0.218756 -0.518742 -0.640315 -0.387795 -0.370068 -0.431695 -0.507374 0.552381 0.667069 -0.082818 -0.315009 0.492449 0.242788 -0.379857 -0.210909 0.516206 0.328419 0.071564 0.213747 0.393874 0.510208 0.005810 0.073883 0.109746 -0.279612 0.213994 0.068485 -0.140331 0.299560 -0.315511 0.059362 0.157176 0.178022 0.247350 0.179349 0.464156 0.438078 -0.097070 0.073300 0.037971 -0.166745 0.630009 0.538707 -0.429184 -0.601395 -0.083582 -0.449795 0.211962 -0.037061 0.088933 -0.046874 0.712886 0.514995 0.654004 0.322563 0.395567 0.016657 0.328856 0.527923 0.524003 0.531692 0.179886 0.269217 0.253276 -0.087460 -0.039672 -0.093560 -0.370603 -0.241906 -0.165070 -0.116988 -0.310352 -0.429122 -0.006363 -0.014674 -0.151783 -0.078080 0.212557 0.395696 -0.084390 -0.222543 -0.044810 -0.099913 -0.369315 -0.204415 -0.119550 -0.168716 -0.138574 -0.003585 -0.323568 0.293908 0.206168 -0.237608 -0.008804 -0.164284
0.176600 0.063118 -0.395928 -0.454108 -0.314121 -0.419534 -0.272073 -0.402161 0.120950 -0.348098 0.161297 0.067933 0.142753 0.329720 -0.216891 0.043603 0.715376 1.000000 0.142855 0.277626 -0.180217 -0.082686 -0.535039 -0.596462 -0.465583 -0.399461 -0.415142 -0.401883 0.475558 0.636273 -0.208375 -0.325272 0.371658 -0.028015 -0.474330 -0.397061 0.563999 0.174459 0.233965 0.109125 0.376915 0.596538 -0.123884 -0.029615 -0.103747 -0.348935 0.151270 -0.052055 -0.018310 0.131063 -0.364604 -0.075571 0.043404 0.143411 0.232146 0.274566 0.295038 0.279381 -0.114105 0.150228 -0.000663 -0.017693 0.637550 0.482372 -0.423730 -0.576848 -0.202304 -0.481040 0.104866 -0.014864 0.093985 0.013987 0.579113 0.495886 0.544150 0.394369 0.272043 -0.097336 0.322824 0.342107 0.519163 0.525391 0.200346 0.367089 0.234604 -0.063828 -0.094008 -0.095281 -0.218704 -0.184257 -0.037172 0.016097 -0.159405 -0.275957 0.126498 0.088997 -0.007890 0.024881 0.265058 0.203086 -0.032944 -0.246744 0.044014 0.058414 -0.245189 -0.147345 -0.055125 -0.140913 -0.054784 0.005182 -0.536370 0.209348 0.123008 -0.230168 -0.078777 -0.194853
0.465287 -0.026175 0.455257 0.266163 0.159348 -0.265345 0.165447 -0.097297 -0.099959 -0.252153 0.150923 -0.032215 -0.143255 -0.193594 0.221592 -0.271880 0.161959 0.142855 1.000000 0.390604 0.116623 -0.411729 0.309558 -0.139368 -0.255279 -0.323782 -0.176678 -0.212973 0.027844 0.035315 0.272366 -0.121951 0.186583 0.303771 0.057946 -0.166574 -0.077657 -0.159236 -0.106221 -0.087447 -0.044291 0.004576 -0.076060 0.001251 0.015255 -0.245982 -0.157912 -0.078338 -0.107064 -0.002126 -0.221036 -0.166190 -0.118455 0.057578 -0.083190 -0.145083 -0.045160 0.004154 -0.090209 -0.244624 0.060445 -0.236843 0.239421 0.278187 0.244609 -0.356375 0.054073 -0.236880 -0.070333 -0.029545 0.496620 0.250676 0.177147 0.221385 0.113005 0.191167 0.245138 0.184634 -0.069758 -0.145610 -0.182505 -0.099469 0.200688 0.077992 -0.017679 -0.229050 0.354909 -0.046098 0.047949 0.103544 0.153508 0.228660 0.019814 0.221398 -0.066326 0.019779 -0.353731 0.023073 -0.204437 0.168510 -0.193029 0.094961 -0.007900 0.173495 0.017745 0.016950 -0.174285 -0.121251 -0.176088 -0.080707 -0.196648 0.237423 0.102379 -0.324548 -0.371085 0.090120
0.364699 0.456809 0.193413 0.077167 -0.159698 -0.059492 0.075055 0.058448 -0.034419 -0.019039 0.403671 0.431697 0.177321 0.297040 0.290628 0.212898 0.149778 0.277626 0.390604 1.000000 -0.085141 -0.320033 -0.130191 -0.256566 -0.558645 -0.624307 -0.395436 -0.402750 0.047573 0.186960 -0.146694 -0.412946 0.164612 -0.068636 -0.315156 -0.301354 0.072096 -0.157867 -0.221278 -0.305451 -0.154209 0.041114 -0.474670 -0.325362 -0.324362 -0.544371 -0.271457 -0.261152 -0.078129 -0.146063 -0.419893 -0.252432 -0.119480 -0.114334 -0.137960 -0.279726 -0.154267 -0.021771 0.243870 0.186362 0.123069 0.209375 0.192299 0.283239 0.023696 -0.297524 -0.230870 -0.378005 0.176299 0.440263 0.245301 0.223026 0.100636 0.197258 0.037983 0.305847 0.144145 0.190335 -0.199606 -0.167878 -0.023319 -0.005761 0.078998 0.221930 0.051214 0.088385 0.185947 -0.004716 0.091102 -0.144229 0.405876 0.444021 0.311168 0.277081 -0.260427 -0.109877 -0.375541 -0.086363 0.020704 0.126838 0.138108 0.147036 0.363998 0.175340 0.106105 -0.204585 -0.124794 -0.041958 -0.118603 -0.111641 -0.286376 0.220504 0.035273 0.077147 -0.239346 -0.049446
-0.031507 -0.130187 0.175264 0.096182 0.514186 0.075601 -0.012576 -0.186655 -0.106527 -0.322710 -0.263049 -0.307869 -0.328350 -0.416749 -0.073134 -0.324223 -0.063580 -0.180217 0.116623 -0.085141 1.000000 0.405609 0.253477 0.285633 0.265760 0.331479 0.335306 0.278736 -0.040652 -0.054690 0.315588 0.321547 0.125916 0.005558 0.184092 0.178737 0.059413 0.226393 0.140101 0.164730 -0.015518 0.120794 -0.002725 0.009911 -0.042269 -0.007894 -0.006150 0.275112 -0.081818 0.006490 0.058734 0.060800 0.162911 -0.120661 0.120809 -0.064295 0.052409 0.090196 -0.223578 -0.326319 -0.420883 -0.311086 -0.045826 -0.288573 -0.087799 -0.057164 0.255574 0.103009 0.022343 -0.052203 0.302662 -0.047692 -0.026367 0.068845 -0.036961 -0.027852 0.131459 0.208418 -0.017488 -0.107342 0.131540 -0.072238 0.196898 0.176346 -0.183586 -0.193134 0.226414 0.061791 -0.294584 -0.195381 0.172404 -0.114022 -0.186190 0.074646 0.036895 0.240726 -0.042985 0.110635 0.042850 0.214140 -0.101689 -0.056583 -0.135775 0.041086 -0.030389 0.290662 -0.287855 -0.466938 -0.132301 0.105032 0.253059 0.306408 -0.027994 -0.146622 0.070064 0.100075
-0.368395 -0.276982 -0.131226 -0.293186 0.299362 -0.015717 -0.120728 -0.295220 0.080741 -0.227586 -0.345306 -0.398391 -0.073376 -0.211171 0.002920 0.002440 -0.218756 -0.082686 -0.411729 -0.320033 0.405609 1.000000 0.031558 0.102064 0.392748 0.390494 0.402807 0.326249 0.299873 0.162836 -0.086772 0.317412 -0.024303 -0.390745 -0.022973 0.034462 0.327717 0.095150 0.482804 0.165072 0.129603 0.251102 0.171583 -0.059823 -0.201107 -0.054152 0.429220 0.390774 -0.077402 0.083886 -0.040400 0.134702 0.348841 0.053284 0.179757 0.444625 0.000571 -0.024362 -0.035660 -0.023626 -0.440585 -0.243214 -0.092393 -0.347614 -0.373219 -0.064323 0.161780 -0.018556 0.098440 -0.138117 -0.032199 -0.323248 -0.041776 -0.011528 0.037594 -0.207179 -0.169119 -0.254423 0.434348 -0.108911 0.407109 0.166516 0.289092 0.403759 0.071017 0.054931 -0.132942 0.026775 -0.342643 -0.157034 -0.181573 -0.236448 -0.394920 -0.122683 0.498794 0.082705 0.650741 0.355700 0.392386 0.060484 -0.109714 0.039861 -0.051810 -0.191004 -0.042090 0.189433 -0.073176 -0.115664 0.045390 0.216346 0.028845 -0.044409 0.012370 -0.034520 0.192750 0.113424
-0.179473 -0.402427 0.588377 0.473280 0.518473 0.260529 0.350615 0.067134 -0.012874 0.107701 -0.304394 -0.391892 -0.411272 -0.570888 0.332168 -0.265048 -0.518742 -0.535039 0.309558 -0.130191 0.253477 0.031558 1.000000 0.593834 0.418122 0.369421 0.464898 0.451969 -0.198524 -0.418774 0.512164 0.435069 -0.214579 0.169111 0.478736 0.165334 -0.503808 -0.173895 -0.090850 -0.086041 -0.211177 -0.343313 0.031940 -0.148608 0.040940 0.217622 -0.079030 0.082274 -0.155188 -0.056329 0.165766 -0.006605 0.000624 0.114636 -0.199363 -0.099102 -0.293503 -0.215905 -0.131806 -0.451845 -0.229577 -0.324264 -0.426499 -0.407338 0.439791 0.197424 0.349165 0.373113 -0.151985 -0.063953 0.115666 0.014810 -0.335439 -0.262370 -0.311583 -0.287080 -0.106523 0.031641 -0.152480 -0.263703 -0.435373 -0.388497 0.058897 -0.111711 -0.273242 -0.158262 0.290724 0.027228 0.255449 0.374288 0.050738 0.092221 0.094575 0.396838 0.038801 0.080836 -0.018009 0.201009 -0.213097 -0.052983 -0.216490 0.074968 -0.139100 0.051893 0.082608 0.214208 -0.150662 0.073286 0.004681 0.115201 0.267651 0.009526 -0.229595 -0.028685 0.019512 0.200134
-0.495409 -0.281926 0.280551 0.442614 0.355534 0.476002 0.070260 0.320521 -0.166922 0.363112 -0.208339 -0.064176 -0.187704 -0.133691 -0.020255 0.121815 -0.640315 -0.596462 -0.139368 -0.256566 0.285633 0.102064 0.593834 1.000000 0.638449 0.636033 0.583623 0.716994 -0.503676 -0.633271 0.309060 0.559068 -0.532626 -0.089365 0.523163 0.311051 -0.473422 -0.140360 -0.116331 0.045143 -0.276683 -0.420718 0.139673 0.173056 0.159604 0.527699 -0.183673 0.062292 0.073768 -0.185078 0.447575 0.072002 -0.064323 -0.169843 -0.126696 -0.311041 -0.388012 -0.396440 -0.194462 -0.280995 -0.287464 0.067893 -0.612380 -0.672235 0.354572 0.606254 0.100602 0.544570 -0.103241 -0.168936 -0.130813 -0.029017 -0.537792 -0.421407 -0.469137 -0.302608 -0.223489 0.060765 -0.313451 -0.349550 -0.469535 -0.447252 -0.297782 -0.397109 -0.233055 -0.014455 0.000159 0.163256 0.203351 0.236742 0.154188 -0.079369 0.303139 0.163594 -0.152247 0.153154 -0.029743 -0.020977 -0.323480 -0.346728 -0.082095 -0.055847 -0.123338 -0.071938 0.031419 0.193135 -0.050074 0.015045 0.101850 0.017589 0.472129 -0.150190 -0.240743 0.238747 0.173587 0.050541
-0.503809 -0.289376 -0.030589 0.003606 0.187103 0.236190 -0.281506 -0.160203 -0.117151 0.045708 -0.393392 -0.447300 -0.287254 -0.198615 -0.116912 -0.033343 -0.387795 -0.465583 -0.255279 -0.558645 0.265760 0.392748 0.418122 0.638449 1.000000 0.864403 0.638768 0.643715 -0.076685 -0.400657 0.281380 0.495854 -0.273021 -0.096016 0.571749 0.303869 -0.086598 0.086776 0.207821 0.300569 0.035293 -0.081489 0.300501 0.209355 0.116604 0.481189 0.124843 0.302707 -0.027936 -0.038658 0.434705 0.222108 0.006229 -0.078665 0.142601 0.037931 -0.003196 -0.123009 -0.242996 -0.291046 -0.309019 -0.217413 -0.409627 -0.552864 -0.003165 0.339831 0.308536 0.507374 0.030191 -0.298778 -0.310318 -0.324731 -0.302794 -0.285208 -0.228809 -0.322790 -0.116007 -0.069968 0.021675 -0.140464 -0.077465 -0.198993 -0.189230 -0.254940 -0.145415 -0.185785 -0.283449 -0.054647 -0.147841 0.029559 -0.122443 -0.118707 -0.094625 -0.061129 0.208154 0.060539 0.361345 0.194815 0.002497 -0.256562 -0.103766 -0.115333 -0.281215 -0.019178 -0.244479 0.445075 -0.088905 0.005346 0.145327 0.138216 0.405794 -0.131677 -0.158449 0.179031 0.287000 0.210465
-0.586714 -0.327981 -0.091092 -0.056960 0.201833 0.313606 -0.278115 -0.157220 -0.114452 0.053674 -0.461220 -0.480663 -0.283214 -0.283398 -0.207760 -0.090376 -0.370068 -0.399461 -0.323782 -0.624307 0.331479 0.390494 0.369421 0.636033 0.864403 1.000000 0.746486 0.772975 -0.205091 -0.380025 0.265914 0.495331 -0.293294 -0.176657 0.575053 0.336538 -0.046084 0.163865 0.403466 0.355612 0.064397 -0.039643 0.241960 0.180549 0.074650 0.483420 0.093011 0.334399 0.103403 -0.035882 0.465770 0.258824 0.057337 -0.099281 0.266480 0.074873 -0.001007 -0.047056 -0.292105 -0.264048 -0.327122 -0.189055 -0.354878 -0.659356 -0.009561 0.380420 0.325260 0.540575 0.066211 -0.252697 -0.271935 -0.161782 -0.258068 -0.218833 -0.183096 -0.230093 -0.062448 0.037647 -0.028598 -0.096298 -0.055998 -0.252313 -0.104663 -0.206989 -0.174893 -0.209375 -0.236427 -0.042533 0.003891 0.065723 -0.208847 -0.296813 -0.175451 -0.109470 0.236061 0.161232 0.379755 0.190582 -0.005385 -0.188223 -0.155557 -0.186869 -0.356902 -0.001189 -0.114725 0.332035 -0.081717 0.045927 0.161336 0.260752 0.495859 -0.200484 -0.093185 0.244946 0.181513 0.049650
-0.546976 -0.304626 0.051082 0.235601 0.321240 0.265557 -0.086003 -0.044634 -0.312568 0.122899 -0.455070 -0.392518 -0.426289 -0.401948 -0.069679 -0.067357 -0.431695 -0.415142 -0.176678 -0.395436 0.335306 0.402807 0.464898 0.583623 0.638768 0.746486 1.000000 0.777492 -0.347373 -0.375716 0.373529 0.508728 -0.245393 -0.159260 0.640448 0.259725 -0.170655 0.023880 0.301061 0.079412 -0.192777 -0.131802 0.072582 -0.046029 -0.068672 0.410002 -0.108879 0.179525 -0.037565 -0.011675 0.356490 0.168943 0.051019 -0.046091 0.199011 -0.003958 -0.181062 -0.125785 -0.258266 -0.197241 -0.410024 -0.171490 -0.362645 -0.578571 0.094906 0.319584 0.478485 0.623625 0.098413 -0.163898 -0.160806 -0.039199 -0.292267 -0.212727 -0.160322 -0.147874 -0.031840 0.138255 -0.225881 -0.241885 -0.211237 -0.474633 0.231349 -0.009879 -0.267149 -0.123115 -0.028766 0.087692 0.251744 0.230107 -0.103153 -0.220995 -0.066103 0.074129 0.341847 0.285405 0.223365 0.345064 -0.120803 -0.044080 -0.119477 -0.049871 -0.170668 -0.108349 0.158660 0.152697 0.027975 0.071440 0.103597 0.288516 0.443110 -0.195367 -0.139863 0.105903 0.058897 0.081043
-0.603695 -0.314029 0.084278 0.283325 0.377697 0.544842 -0.085600 0.142731 -0.149453 0.304596 -0.397424 -0.346674 -0.269855 -0.269950 0.000290 0.053486 -0.507374 -0.401883 -0.212973 -0.402750 0.278736 0.326249 0.451969 0.716994 0.643715 0.772975 0.777492 1.000000 -0.420301 -0.530214 0.224777 0.440834 -0.415036 -0.289199 0.497493 0.288453 -0.245107 -0.065723 0.197697 0.069468 -0.159254 -0.113186 -0.090707 -0.080151 -0.055194 0.425624 -0.158492 0.017476 0.164806 -0.220372 0.414072 0.124594 0.037440 -0.159957 0.211630 -0.036491 -0.213320 -0.226606 -0.184459 -0.119101 -0.265890 -0.012215 -0.441245 -0.640183 0.214495 0.527750 0.265854 0.587156 -0.109820 -0.189919 -0.251843 -0.078154 -0.418203 -0.306136 -0.268577 -0.228948 -0.171299 0.034337 -0.269919 -0.300624 -0.268582 -0.455856 0.035550 -0.165455 -0.270507 -0.024034 -0.018792 0.135285 0.244225 0.293788 0.051592 -0.253908 0.097969 0.047111 0.226563 0.266334 0.164551 0.264343 -0.158139 -0.240164 -0.112671 -0.190470 -0.183713 -0.074807 0.085073 0.180200 0.078099 0.080380 0.116407 0.096643 0.356547 -0.285401 -0.188438 0.143095 0.066867 0.046913
0.270878 -0.037238 -0.248116 -0.502417 -0.172405 -0.498889 -0.175906 -0.655794 0.227782 -0.527559 0.058486 -0.225019 0.060426 -0.030916 0.135089 -0.161806 0.552381 0.475558 0.027844 0.047573 -0.040652 0.299873 -0.198524 -0.503676 -0.076685 -0.205091 -0.347373 -0.420301 1.000000 0.740661 -0.065893 -0.095688 0.413242 0.113391 -0.338863 -0.168280 0.570934 0.137394 0.272751 0.002249 0.451882 0.483164 0.139526 -0.033135 -0.024713 -0.384433 0.498525 0.198673 -0.249089 0.309078 -0.410538 0.035613 0.241980 0.236523 0.178559 0.421400 0.318768 0.294399 -0.050012 -0.100570 -0.175958 -0.447897 0.477758 0.311282 -0.484898 -0.676337 -0.072562 -0.553641 0.156617 -0.101580 0.144339 -0.244195 0.595365 0.401411 0.530714 0.054451 0.219649 -0.193000 0.709919 0.314625 0.631723 0.582515 0.364499 0.530883 0.339068 -0.138738 -0.091851 -0.221443 -0.522518 -0.288922 -0.246319 -0.101201 -0.494369 -0.332492 0.246898 -0.242909 0.317457 0.085625 0.496452 0.332130 -0.124347 -0.040858 -0.091391 -0.202852 -0.398123 -0.009588 -0.173544 -0.129287 0.013383 -0.018435 -0.383633 0.225608 0.099688 -0.291084 0.099293 0.064897
0.260166 -0.007563 -0.332058 -0.439634 -0.253248 -0.575699 -0.110659 -0.413616 0.147517 -0.418906 -0.017871 -0.066081 0.106502 0.094728 -0.119182 -0.062065 0.667069 0.636273 0.035315 0.186960 -0.054690 0.162836 -0.418774 -0.633271 -0.400657 -0.380025 -0.375716 -0.530214 0.740661 1.000000 -0.033226 -0.125563 0.525943 0.140867 -0.436243 -0.281874 0.657908 0.234152 0.317639 0.092417 0.350691 0.510469 0.000113 -0.089042 -0.238555 -0.573682 0.379781 0.153894 -0.236066 0.234970 -0.579631 -0.076951 0.189589 0.182237 0.160705 0.307162 0.224101 0.217293 0.028862 0.163726 -0.089376 -0.198170 0.586108 0.457395 -0.576901 -0.682133 -0.150843 -0.614429 0.129950 -0.086123 0.255853 0.085780 0.777406 0.611397 0.607176 0.388455 0.413263 0.024041 0.554060 0.287624 0.576325 0.504467 0.283649 0.546087 0.120447 -0.235378 -0.022297 -0.141919 -0.389607 -0.317266 -0.176121 -0.061305 -0.350989 -0.273753 0.092132 -0.035944 0.138799 -0.044414 0.344361 0.446790 0.063372 0.014911 0.164025 -0.053484 -0.067262 -0.185870 -0.030201 -0.030940 0.019043 0.039749 -0.345594 0.255869 0.254008 -0.228143 0.068902 -0.048123
-0.119031 -0.463974 0.372952 0.333251 0.229875 -0.105177 0.278123 -0.034316 -0.227911 -0.266866 -0.328429 -0.332549 -0.452327 -0.460122 -0.096576 -0.377493 -0.082818 -0.208375 0.272366 -0.146694 0.315588 -0.086772 0.512164 0.309060 0.281380 0.265914 0.373529 0.224777 -0.065893 -0.033226 1.000000 0.591124 0.094567 0.534021 0.436230 0.298905 -0.076154 0.156572 0.081844 0.126808 -0.014210 -0.057884 0.118264 0.042440 0.148888 0.155451 -0.125820 0.048081 -0.096236 -0.055525 0.003468 -0.013013 -0.052175 -0.036998 -0.115165 -0.232479 -0.228584 -0.175667 -0.211671 -0.301179 -0.241157 -0.393056 -0.017842 -0.096127 0.141876 -0.126533 0.272172 0.268090 -0.186138 -0.220952 0.178505 0.298066 0.206595 0.134363 0.040787 0.144914 0.276596 0.378872 -0.078602 -0.099875 -0.291343 -0.295936 0.135329 0.055408 -0.375230 -0.413838 0.244495 0.055461 0.003664 0.158123 -0.082174 -0.022504 -0.115471 0.206748 -0.033864 0.319843 -0.236101 0.037857 -0.295794 -0.016027 -0.018046 0.066592 0.011546 0.084040 0.188317 0.194551 -0.125398 -0.014956 0.203230 0.110076 0.414665 0.269267 -0.001557 -0.063411 0.169785 0.239847
-0.443009 -0.668862 0.207716 0.283594 0.316259 -0.010522 0.132440 0.105138 -0.186798 -0.164149 -0.364723 -0.298717 -0.320634 -0.313291 -0.156383 -0.205393 -0.315009 -0.325272 -0.121951 -0.412946 0.321547 0.317412 0.435069 0.559068 0.495854 0.495331 0.508728 0.440834 -0.095688 -0.125563 0.591124 1.000000 -0.185675 0.152478 0.429301 0.282846 -0.150079 0.057547 0.179308 0.204981 -0.138089 -0.126797 0.384136 0.218229 0.182962 0.364192 0.018737 0.167176 -0.044453 -0.090336 0.126819 0.012105 -0.117234 -0.162859 -0.035295 -0.061382 -0.408229 -0.363018 -0.290581 -0.326270 -0.440134 -0.268849 -0.315397 -0.404621 0.059664 0.173561 0.294438 0.392658 -0.204742 -0.443325 0.080110 0.044340 -0.076461 -0.070645 -0.226708 -0.196659 0.031576 0.114748 0.060880 -0.236118 -0.232263 -0.194985 0.054999 -0.035651 -0.225793 -0.189544 0.037457 0.111963 -0.103902 0.031425 -0.098494 -0.123233 -0.131109 0.023081 0.127807 0.445499 0.168365 0.150964 -0.157603 -0.163209 -0.161733 0.041690 -0.096084 -0.073586 0.087335 0.296760 0.046713 -0.071588 0.275842 0.188551 0.324333 0.095405 0.051429 -0.039031 0.339051 0.199551
0.353921 0.031884 -0.086814 -0.259209 -0.076362 -0.444653 -0.026418 -0.372150 0.030028 -0.505713 -0.162106 -0.263595 -0.143504 -0.230053 -0.166219 -0.467935 0.492449 0.371658 0.186583 0.164612 0.125916 -0.024303 -0.214579 -0.532626 -0.273021 -0.293294 -0.245393 -0.415036 0.413242 0.525943 0.094567 -0.185675 1.000000 0.400330 -0.081999 0.019727 0.422629 0.200217 0.116779 0.008154 0.118138 0.375517 -0.165723 -0.305758 -0.042519 -0.380252 0.046766 0.047358 -0.192142 0.104981 -0.295296 0.055730 0.038398 0.188968 0.113296 0.179206 0.310846 0.321213 -0.066018 -0.114286 0.085416 -0.297459 0.608214 0.550946 -0.391414 -0.553040 0.202087 -0.256746 -0.004288 -0.065437 0.372279 0.035568 0.668533 0.536674 0.524486 0.339167 0.418078 0.292089 0.319085 0.192524 0.312877 0.164952 0.254446 0.309782 -0.209176 -0.404295 0.182610 -0.238126 -0.285801 -0.095841 -0.007194 -0.040019 -0.226780 -0.070321 0.016105 0.068444 -0.105440 0.054489 0.263269 0.280862 -0.072709 0.123067 0.074398 0.137709 -0.001181 -0.020573 0.056035 -0.207467 -0.055776 0.102405 -0.233885 0.197724 0.166314 -0.259362 0.045051 0.175344
0.276169 -0.154829 0.099933 0.156473 -0.030447 -0.375493 0.139090 -0.090405 -0.095502 -0.282055 -0.009535 -0.109308 -0.120409 -0.190600 -0.155257 -0.384478 0.242788 -0.028015 0.303771 -0.068636 0.005558 -0.390745 0.169111 -0.089365 -0.096016 -0.176657 -0.159260 -0.289199 0.113391 0.140867 0.534021 0.152478 0.400330 1.000000 0.216261 0.347457 0.004278 0.073125 -0.224500 -0.042598 0.167087 0.021046 0.091772 0.155794 0.333504 0.131191 -0.247955 -0.139474 -0.030575 0.123167 -0.080901 0.041444 -0.047958 0.125131 -0.160903 -0.179695 -0.001669 -0.039400 0.011546 -0.207719 0.223806 -0.258754 0.259417 0.387228 0.046720 -0.201579 0.127332 0.036654 -0.231814 -0.272853 0.169066 0.231805 0.412409 0.194706 0.122646 0.133848 0.362499 0.354926 -0.043814 0.104126 -0.237772 -0.066578 0.013738 -0.010036 -0.252987 -0.352933 0.212467 -0.174833 -0.147518 -0.016098 -0.127365 -0.097286 -0.137557 -0.069178 -0.213467 -0.054325 -0.394601 -0.308059 -0.213886 -0.045010 -0.089173 0.107020 0.006606 0.062392 -0.010671 0.092896 -0.026148 -0.130749 -0.090328 -0.101114 0.013094 0.115431 0.080448 -0.199518 0.257883 0.010879
-0.329257 -0.232508 0.011323 0.216733 0.219304 0.125961 -0.156023 -0.054980 -0.282035 0.042294 -0.349522 -0.223173 -0.393372 -0.347062 -0.089937 -0.224376 -0.379857 -0.474330 0.057946 -0.315156 0.184092 -0.022973 0.478736 0.523163 0.571749 0.575053 0.640448 0.497493 -0.338863 -0.436243 0.436230 0.429301 -0.081999 0.216261 1.000000 0.600429 -0.231770 -0.014641 0.040400 0.074433 -0.117248 -0.188071 0.147320 0.109003 0.140978 0.474264 -0.363951 0.017991 -0.002869 -0.009726 0.362018 -0.058609 -0.089564 -0.158738 0.126998 -0.305291 -0.125787 -0.169512 -0.121724 -0.260883 -0.158428 -0.077916 -0.242481 -0.275616 0.159039 0.317374 0.539697 0.590299 -0.014881 -0.307280 -0.023708 0.153910 -0.157005 -0.223891 -0.243472 -0.082906 0.043996 0.389098 -0.213129 -0.302965 -0.319533 -0.451711 0.033862 -0.169063 -0.313826 -0.219736 -0.120901 0.024765 0.166391 0.267555 -0.009187 -0.225515 0.052743 0.091716 0.024090 0.186799 -0.115500 0.088477 -0.258446 -0.207163 -0.130577 0.004023 -0.285641 0.080259 0.035020 0.245883 -0.001706 0.010684 0.136681 0.149831 0.451144 -0.149853 -0.154047 0.019142 0.116040 0.224088
-0.132933 -0.178363 -0.111500 0.047575 0.165682 0.129058 -0.021300 0.004873 -0.117536 -0.097442 -0.173351 -0.090261 -0.166147 -0.157575 -0.125070 -0.285398 -0.210909 -0.397061 -0.166574 -0.301354 0.178737 0.034462 0.165334 0.311051 0.303869 0.336538 0.259725 0.288453 -0.168280 -0.281874 0.298905 0.282846 0.019727 0.347457 0.600429 1.000000 -0.136304 0.072530 0.020458 0.007188 -0.073191 -0.108689 0.125731 0.168826 0.372535 0.484717 -0.347939 -0.039284 0.076850 0.065329 0.194087 -0.046491 -0.099234 -0.247911 0.035455 -0.253735 -0.087973 -0.215360 0.088805 -0.082031 0.017833 -0.021260 -0.123999 -0.260016 -0.026212 0.250289 0.334609 0.423227 -0.168803 -0.269301 -0.103895 0.180798 0.011244 -0.172348 -0.171451 -0.112762 0.038374 0.378396 -0.161778 -0.270466 -0.279914 -0.334945 0.009059 -0.073553 -0.332302 -0.222316 -0.049010 0.070294 -0.110856 -0.073307 -0.009887 -0.282047 0.016079 0.026068 -0.029804 0.134448 -0.110555 0.050391 -0.240077 -0.215937 -0.017157 0.137380 -0.246803 0.008949 0.034952 0.189029 0.055553 -0.028032 0.270706 0.121547 0.423239 -0.160808 -0.107040 0.011362 0.203801 0.172438
