1.000000 0.446081 -0.176570 -0.202768 0.150114 0.177359 -0.128725 -0.446160 -0.221164 -0.051936 0.338731 0.055063 0.652181 0.380626 0.380208 0.178873 0.407090 0.101378 0.517555 0.410474 0.069886 0.047118 0.096578 -0.372686 -0.239338 -0.157501 0.296272 0.397178 -0.181158 -0.092078 -0.601002 -0.630082 -0.051043 -0.015725 -0.222611 -0.303814 0.093704 0.081702 0.219123 -0.113238 0.041628 0.154443 -0.090706 -0.095422 -0.310174 -0.603765 0.147790 0.127561 0.054522 -0.165276 0.335162 -0.096087 0.600167 -0.036758 0.475382 0.312206 0.651413 0.591183 0.024984 -0.377298 0.055600 -0.395678 0.241061 -0.166480 -0.398023 -0.356532 -0.313883 -0.491597 0.519958 0.603405 0.022511 -0.154557 0.026990 0.248634 0.517328 0.218906 0.188552 -0.185387 0.004145 0.174488 0.253946 0.249251 -0.090377 -0.159107 0.090346 -0.012313 0.245916 0.150855 0.127024 0.261433 -0.008285 -0.002257 -0.199392 0.252717 0.220612 -0.095778 0.245326 -0.209007 0.256653 0.056589 -0.210016 0.269058 -0.286499 0.059925 -0.098942 -0.200279 -0.196808 0.059090 0.044537 -0.219493 0.201227 0.319992 0.223183 -0.126221 -0.017126 0.011423
0.446081 1.000000 -0.406692 -0.394290 0.113173 0.118416 -0.081188 -0.056973 0.137709 -0.008439 -0.049260 0.346533 0.212630 0.365689 0.037985 0.221338 0.139700 0.237166 0.156866 0.439950 0.171529 0.088101 -0.444030 -0.495821 -0.201866 -0.016786 0.027181 -0.044102 0.171705 0.391499 -0.196628 -0.234226 0.202891 0.215383 -0.358016 -0.323415 -0.131645 -0.027658 -0.023286 0.045929 -0.024278 0.268082 0.029805 -0.090782 -0.107451 -0.245904 0.219317 0.028008 0.098249 0.242311 -0.086736 0.169695 0.172171 -0.131587 0.058344 0.190332 0.362903 0.453945 0.019497 0.292786 -0.159282 0.051204 -0.063567 0.322673 -0.461057 -0.343972 -0.126741 -0.478846 0.277436 0.300309 0.100251 0.143968 0.337399 0.198260 0.269561 0.149457 0.029396 -0.016079 0.041282 0.066643 0.288541 0.200963 0.132841 0.216819 -0.205241 -0.274129 0.032557 -0.058775 -0.124818 -0.030165 0.024784 -0.324346 -0.332934 -0.263097 0.177925 0.079964 -0.118629 -0.276566 0.246766 0.044433 -0.179936 -0.134443 0.155850 0.034716 -0.090928 -0.316954 -0.201411 -0.007697 0.265117 -0.255880 -0.209548 0.015487 0.201519 0.020963 0.028988 -0.029019
-0.176570 -0.406692 1.000000 0.149811 0.228557 -0.117178 0.652291 0.280944 0.187892 0.184463 0.027527 -0.043441 -0.018219 0.038830 0.083781 -0.097998 -0.301133 -0.455021 0.008574 -0.256394 -0.264263 -0.239183 0.235291 0.011618 0.299298 -0.071447 -0.046765 -0.125003 -0.178651 -0.450791 0.144561 -0.174782 -0.077402 -0.123263 -0.070358 -0.061858 -0.372301 -0.196773 -0.258876 -0.238163 -0.244960 -0.437907 0.007449 0.069172 -0.101579 0.042732 -0.266485 -0.149936 0.005340 -0.174159 0.182697 0.009632 -0.158692 0.036700 -0.063707 -0.318481 -0.301724 -0.437715 0.031682 -0.108427 0.397668 0.134051 -0.198527 -0.423587 0.366349 0.418683 -0.004154 0.253870 -0.314329 -0.200958 -0.167743 -0.208784 -0.136045 -0.366980 -0.073577 -0.152124 0.021122 -0.101530 -0.378945 -0.271200 -0.339728 -0.352967 -0.091357 -0.300694 -0.013400 0.136588 -0.257786 -0.179508 0.094218 0.050775 0.043500 0.336380 0.135369 0.238323 -0.296825 -0.195702 0.040665 -0.044350 -0.203024 0.145080 0.026929 0.044982 -0.105108 0.147288 0.065769 0.095718 0.210921 -0.059604 -0.263556 -0.246884 0.029804 -0.210734 -0.201867 0.086161 0.004641 0.002052
-0.202768 -0.394290 0.149811 1.000000 0.093362 0.070018 0.156564 0.406776 0.111640 0.209439 0.050370 0.066051 -0.279879 0.022192 0.098829 0.177794 -0.041260 -0.430502 -0.156279 -0.192696 -0.341138 -0.269011 0.171300 0.632302 -0.046007 -0.100169 -0.138036 0.067041 -0.053882 -0.381246 0.146712 0.172157 -0.212310 -0.138201 0.150803 0.091497 -0.233536 -0.206560 -0.226763 -0.326335 -0.178775 -0.338006 -0.265299 -0.227042 -0.359011 -0.119061 -0.327209 -0.350548 -0.304300 -0.259603 -0.233584 -0.253925 -0.286826 0.245526 -0.411861 -0.370804 -0.163412 -0.335459 0.005569 -0.007397 0.317197 0.315230 -0.127877 0.042314 0.518410 0.483999 -0.166262 0.019661 -0.234359 -0.410043 0.048835 -0.219509 -0.331461 -0.016736 -0.025163 -0.020481 0.208532 0.030900 -0.014189 -0.169536 -0.334059 -0.407858 0.217821 -0.021548 0.244655 0.213837 0.067435 -0.041360 0.193457 0.246239 -0.107702 0.112179 0.344458 0.041740 -0.243644 0.175958 -0.194073 0.101942 -0.245006 -0.022978 0.232423 -0.016125 0.140760 -0.089710 0.079542 -0.079086 0.061005 0.125046 -0.102742 0.051556 -0.335752 -0.002359 -0.060467 -0.152676 -0.256028 0.004419
0.150114 0.113173 0.228557 0.093362 1.000000 0.325306 0.385092 0.372526 0.434805 0.575407 0.012505 0.281765 0.169162 0.288843 0.405838 0.516798 0.004619 -0.237288 0.054002 -0.055505 0.149592 0.138988 -0.122841 0.020448 0.254145 0.076912 0.206568 0.017649 0.156990 0.080566 0.151470 -0.111407 -0.168980 -0.178037 -0.334479 -0.425686 -0.491232 -0.435830 -0.023223 -0.087393 -0.075688 -0.187181 -0.358688 -0.392028 -0.163497 -0.281216 -0.187644 -0.260340 0.126273 0.085408 -0.045545 0.080428 0.109203 -0.052915 -0.152301 -0.115969 0.215105 -0.115199 0.272013 0.163565 0.361559 0.205199 -0.217297 -0.012641 -0.009305 0.046167 -0.195491 -0.348258 -0.260783 -0.007362 0.027241 0.109310 0.066998 -0.066269 0.099550 0.007595 -0.177856 -0.277020 -0.245743 -0.130868 -0.175734 -0.233747 0.370270 0.371389 -0.156921 0.024661 -0.143814 -0.281160 -0.081251 0.421306 -0.121294 -0.067130 0.056589 -0.074948 -0.164141 -0.166614 -0.163861 -0.418566 -0.190702 -0.092855 -0.181870 -0.004402 0.096525 0.024721 -0.336554 -0.410624 -0.028160 -0.010366 -0.006992 -0.030460 -0.418476 -0.200728 0.010186 -0.151821 -0.235564 -0.318703
0.177359 0.118416 -0.117178 0.070018 0.325306 1.000000 0.071169 0.185193 0.328440 0.681533 -0.369663 0.010964 0.297965 0.275005 0.024500 0.414532 -0.135168 -0.017330 -0.123797 -0.293183 0.103152 0.211762 -0.167940 -0.108271 0.153936 0.366029 0.269399 0.397968 -0.268381 0.020181 -0.258658 -0.204146 -0.148720 -0.061246 -0.197515 -0.114991 -0.083945 -0.130079 -0.013788 0.106199 -0.003553 0.069068 -0.202019 -0.243522 -0.245226 -0.271703 0.084892 -0.102143 -0.011193 -0.062461 0.017801 -0.019037 0.268520 0.162713 -0.045205 0.151967 0.195690 -0.047465 0.386595 0.206830 0.316328 0.208317 -0.034555 0.029562 -0.294950 0.161695 -0.079345 -0.315039 0.076671 0.011589 0.260445 0.212359 0.124076 0.126864 0.223764 0.132571 0.040091 -0.150100 0.112020 0.170806 0.017838 -0.118511 -0.226765 -0.184430 -0.396992 -0.515413 -0.076588 -0.330698 0.018981 0.374536 0.067008 0.010705 0.310760 0.056234 0.006248 0.080702 -0.173047 -0.111644 0.087885 -0.073977 -0.031680 0.045724 0.104830 -0.000561 0.019110 -0.255845 0.049281 -0.162101 -0.005635 0.019885 -0.245000 0.161514 0.038102 -0.174290 -0.192323 -0.060086
-0.128725 -0.081188 0.652291 0.156564 0.385092 0.071169 1.000000 0.601442 0.601287 0.433956 -0.010964 0.342991 0.006510 0.331239 0.062419 0.239017 -0.111918 -0.301668 -0.071973 -0.024723 -0.337168 -0.256544 -0.144236 -0.174700 0.074856 -0.169481 -0.291331 -0.274136 0.208796 -0.002989 0.295563 -0.180257 0.132737 0.199501 -0.135857 -0.043089 -0.540920 -0.316375 -0.463618 -0.411852 -0.419355 -0.457756 -0.187750 -0.157498 -0.187171 -0.072423 -0.267754 -0.340559 -0.122510 -0.147303 -0.117232 -0.039934 -0.368170 -0.017879 -0.360171 -0.458534 -0.194615 -0.406372 -0.033501 -0.023579 0.454102 0.364044 -0.335252 -0.142260 0.259211 0.433874 -0.113986 0.074087 -0.202713 -0.192835 -0.071256 -0.076518 0.296941 -0.216653 0.075422 -0.100244 0.145769 -0.139408 -0.200807 -0.196556 -0.148813 -0.257439 0.129159 -0.073794 -0.039803 0.005101 -0.191269 -0.456618 0.034621 0.129418 -0.181809 0.091872 0.083056 0.058637 -0.264916 -0.190404 -0.197523 -0.213121 -0.277966 -0.011478 -0.003824 -0.050445 -0.061967 -0.069128 -0.108478 -0.275958 0.243241 -0.002995 -0.252873 -0.230666 -0.288370 -0.227460 -0.182896 -0.096483 -0.174597 -0.164527
-0.446160 -0.056973 0.280944 0.406776 0.372526 0.185193 0.601442 1.000000 0.600071 0.682643 -0.301662 0.344168 -0.414663 0.111101 -0.185296 0.304453 -0.300625 -0.252131 -0.483673 -0.186796 -0.339334 -0.268084 -0.473554 0.087369 0.019685 -0.037567 -0.451983 -0.461137 0.231932 0.106195 0.432742 0.178805 -0.031873 0.121491 -0.097395 0.068283 -0.611099 -0.413908 -0.502737 -0.158011 -0.473703 -0.337922 -0.132998 -0.227583 -0.124212 0.209869 -0.248114 -0.298390 -0.084134 0.024536 -0.441766 -0.094744 -0.469099 0.161046 -0.697197 -0.376790 -0.317206 -0.547167 0.121313 0.386492 0.452835 0.798549 -0.530740 0.120154 0.412932 0.682519 -0.115311 0.074874 -0.483610 -0.518719 0.053386 0.100640 0.081492 -0.202103 -0.105507 -0.048145 -0.008982 -0.067394 -0.040635 -0.172052 -0.266563 -0.404378 0.243788 0.225597 -0.098372 -0.249669 -0.346716 -0.531717 -0.019523 0.075117 -0.202683 -0.188895 0.272399 -0.353258 -0.273769 0.010209 -0.469747 -0.136801 -0.446611 -0.123215 0.013879 -0.193236 0.190209 -0.200583 -0.103574 -0.236642 0.331118 0.074175 -0.106773 -0.034616 -0.484213 -0.362230 -0.144598 -0.085138 -0.242289 -0.217759
-0.221164 0.137709 0.187892 0.111640 0.434805 0.328440 0.601287 0.600071 1.000000 0.607828 -0.326127 0.158948 -0.081026 0.159540 0.073080 0.412937 -0.001955 0.027180 -0.175489 0.012257 -0.067959 0.007370 -0.310070 -0.056642 0.284052 0.214913 -0.204443 -0.220064 0.305325 0.297299 0.384509 0.072532 0.284961 0.408977 -0.316808 -0.139316 -0.470930 -0.471974 -0.348627 -0.144308 -0.204585 -0.141957 -0.207980 -0.301225 -0.184229 -0.165496 0.025358 -0.318542 -0.132749 -0.022422 -0.329607 -0.041500 -0.241301 0.104310 -0.558951 -0.221200 0.028397 -0.127024 0.023844 0.197059 0.323104 0.451092 -0.230406 0.280685 -0.008519 0.232292 -0.135650 -0.268076 -0.029740 -0.147088 0.069046 0.084502 0.435299 -0.051230 0.097435 -0.055648 0.034382 -0.219816 -0.006803 0.107561 0.133334 -0.067682 0.193925 0.138563 -0.243880 -0.247618 -0.198438 -0.518637 -0.000173 0.084547 -0.334089 -0.111239 0.133883 -0.200423 -0.099991 -0.026925 -0.397828 -0.067490 -0.207188 -0.037355 -0.179767 -0.263872 0.135049 -0.187394 -0.200880 -0.438351 0.006823 0.000284 -0.148268 -0.127960 -0.445457 -0.184264 -0.010625 -0.214309 -0.244825 -0.236111
-0.051936 -0.008439 0.184463 0.209439 0.575407 0.681533 0.433956 0.682643 0.607828 1.000000 -0.304553 0.194318 -0.029268 0.214437 0.065178 0.413888 -0.167151 -0.228168 -0.350242 -0.279249 -0.128286 0.012475 -0.316461 -0.011914 0.224340 0.139842 -0.071401 -0.145088 -0.019974 0.046050 0.151266 -0.032196 -0.163389 0.028060 -0.144845 -0.046605 -0.452878 -0.443154 -0.356641 -0.038356 -0.216901 -0.204200 -0.267506 -0.381593 -0.192063 -0.092540 -0.136952 -0.235432 0.043759 0.035017 -0.240563 -0.012315 -0.042613 0.245546 -0.439040 -0.117253 0.012140 -0.277559 0.406741 0.285787 0.569108 0.596178 -0.292814 -0.017605 0.088613 0.488090 -0.239445 -0.234275 -0.255017 -0.239977 0.198233 0.258597 0.111960 -0.056892 0.184597 0.092103 -0.026720 -0.201544 -0.023381 -0.028863 -0.176913 -0.337709 0.073456 0.046692 -0.252567 -0.394111 -0.330504 -0.604028 -0.050015 0.337003 -0.262301 -0.116694 0.301896 -0.139342 -0.200960 -0.004686 -0.370150 -0.171829 -0.284770 -0.123798 -0.169191 -0.064722 0.078370 -0.202645 -0.225487 -0.367705 0.152531 -0.057052 -0.055842 -0.025225 -0.444361 -0.158138 -0.028297 -0.196170 -0.381970 -0.208633
0.338731 -0.049260 0.027527 0.050370 0.012505 -0.369663 -0.010964 -0.301662 -0.326127 -0.304553 1.000000 0.384385 0.233927 0.260571 0.595815 -0.057468 0.420905 -0.038037 0.262136 0.240862 -0.253894 -0.372877 0.440625 0.158430 -0.198553 -0.513818 0.070635 0.114725 0.132527 -0.192084 -0.194225 -0.223882 -0.085006 -0.004558 0.181585 -0.061071 0.109300 -0.064545 -0.123587 -0.470460 -0.065041 -0.214138 -0.186837 -0.107394 -0.003765 -0.222780 -0.167839 -0.158420 -0.004503 -0.196768 0.154326 -0.159591 0.068131 -0.111450 0.178495 -0.248118 0.252819 0.247135 -0.167111 -0.545891 0.051672 -0.321915 0.218669 -0.113559 0.269908 -0.104897 -0.213783 -0.000157 0.161037 0.220886 -0.085315 -0.137739 -0.180092 0.166768 0.171503 0.102483 0.303227 0.017927 -0.084171 -0.087077 -0.027430 -0.011722 0.317645 -0.005015 0.670212 0.479719 0.422816 0.202146 0.147722 0.091783 -0.299196 -0.083718 -0.292385 0.134233 -0.207945 -0.228383 0.041092 -0.139960 -0.151194 0.065300 -0.055864 0.157273 -0.501089 -0.185655 -0.313546 -0.170855 -0.251386 0.022795 -0.141375 -0.064503 0.141775 0.073316 -0.197151 -0.218768 -0.101321 -0.056048
0.055063 0.346533 -0.043441 0.066051 0.281765 0.010964 0.342991 0.344168 0.158948 0.194318 0.384385 1.000000 0.112914 0.617565 0.113166 0.350236 -0.131363 -0.214525 -0.055514 0.185426 -0.155575 -0.292352 -0.313472 -0.208860 -0.250997 -0.387963 -0.280573 -0.205474 0.266798 0.167744 0.026867 -0.215795 0.019895 -0.034598 -0.169085 -0.248644 -0.279350 -0.049479 -0.323400 -0.275200 -0.258795 -0.063125 -0.149119 -0.031258 0.096924 -0.006114 -0.216251 -0.114468 0.178205 0.056207 -0.061872 0.129066 -0.292041 -0.216425 -0.112792 -0.216967 -0.123438 -0.162673 -0.022436 0.113478 0.025641 0.168084 -0.325523 0.037644 0.015663 0.206611 -0.051679 0.042136 -0.132818 -0.094883 0.193651 0.150772 0.131372 0.258704 0.071406 0.135824 0.245798 0.170509 -0.161764 -0.330829 -0.260365 -0.356527 0.293900 0.264168 0.058160 0.066919 -0.037083 -0.215119 -0.263392 0.054887 -0.159012 -0.347668 -0.169932 -0.235412 -0.158257 -0.064777 -0.071749 -0.229327 -0.119336 -0.200890 0.016966 -0.034037 -0.024076 -0.272705 -0.253877 -0.451111 -0.000292 0.081713 -0.068379 -0.116229 -0.205497 -0.188977 -0.197232 -0.210963 -0.133988 -0.174236
0.652181 0.212630 -0.018219 -0.279879 0.169162 0.297965 0.006510 -0.414663 -0.081026 -0.029268 0.233927 0.112914 1.000000 0.595277 0.249434 0.239834 0.091627 0.115858 0.457860 0.106569 0.248563 0.090586 0.063578 -0.524660 -0.197940 -0.067104 0.392253 0.406604 -0.218875 -0.079453 -0.633675 -0.668112 0.090872 -0.076901 -0.237795 -0.299163 0.183010 0.106181 0.324734 -0.023959 0.179175 0.281067 0.030681 -0.004292 -0.186137 -0.556980 0.219243 0.073844 0.079221 -0.259317 0.551480 0.060101 0.593353 -0.140833 0.612609 0.383864 0.354065 0.320534 -0.010018 -0.331041 0.002572 -0.506776 0.354968 -0.232176 -0.608022 -0.312395 -0.076249 -0.354432 0.282436 0.422923 0.087590 0.063521 0.111802 0.279469 0.405326 0.058134 0.211529 -0.046565 -0.076316 0.147547 0.169789 0.189023 -0.340760 -0.256811 -0.125919 -0.003424 0.156448 0.137879 0.035533 0.260892 0.203856 0.073314 -0.140790 0.428904 0.123106 -0.131851 0.291487 -0.170376 0.282452 -0.033199 -0.117745 0.284997 -0.173763 0.024151 -0.054360 -0.183886 -0.006396 -0.091702 -0.131646 -0.230655 0.231933 0.210141 0.071540 -0.235705 -0.026002 -0.037451
0.380626 0.365689 0.038830 0.022192 0.288843 0.275005 0.331239 0.111101 0.159540 0.214437 0.260571 0.617565 0.595277 1.000000 0.256592 0.419514 -0.051620 -0.173130 0.127194 0.106121 -0.008611 -0.137526 -0.130562 -0.376305 -0.303087 -0.230704 0.117460 0.144613 -0.069046 -0.039519 -0.363590 -0.475265 -0.014614 -0.070583 -0.205787 -0.265802 -0.063777 0.034815 -0.050841 -0.301494 -0.176007 -0.113073 -0.184185 -0.085327 -0.269343 -0.475579 -0.093408 -0.238100 -0.003467 -0.194042 0.248535 0.076851 0.164173 -0.205634 0.177209 0.053971 0.152689 0.009915 -0.024792 -0.065896 0.129825 -0.024921 -0.082574 -0.117348 -0.281907 0.118393 -0.208059 -0.218521 -0.018790 0.108806 0.224965 0.132580 0.117699 0.200008 0.285459 0.067171 0.377269 0.029404 -0.026827 -0.110837 -0.051358 -0.126087 -0.084218 -0.198352 -0.060884 -0.026919 0.041846 -0.156615 0.084506 0.267945 -0.010478 -0.067088 0.006788 0.180600 -0.203365 0.022091 -0.042977 -0.250505 -0.052949 -0.173202 0.000611 0.141667 -0.009312 -0.060792 -0.128884 -0.370201 -0.018797 0.091816 -0.106352 -0.292827 -0.214431 0.044376 -0.028866 -0.251054 -0.115571 -0.133864
0.380208 0.037985 0.083781 0.098829 0.405838 0.024500 0.062419 -0.185296 0.073080 0.065178 0.595815 0.113166 0.249434 0.256592 1.000000 0.348633 0.459181 -0.063624 0.366315 0.284450 -0.216697 -0.154427 0.476511 0.251126 0.161464 -0.186445 0.282520 0.297157 0.135820 -0.136749 -0.151035 -0.261957 0.039350 0.140025 -0.069871 -0.192791 -0.102228 -0.305000 -0.006391 -0.347133 -0.023483 -0.217902 -0.423289 -0.409540 -0.174451 -0.525508 -0.084469 -0.362144 -0.061032 -0.113956 0.035085 -0.088981 0.208478 -0.071095 0.013855 -0.201232 0.469478 0.329610 0.077729 -0.350589 0.255014 -0.189373 0.266752 0.031175 0.183673 -0.186419 -0.382089 -0.389123 0.245953 0.306518 -0.276058 -0.246048 -0.045811 0.025491 0.219034 0.151333 0.141645 -0.188490 -0.139110 0.001271 0.007006 -0.056480 0.400808 0.095778 0.404942 0.183079 0.334156 -0.031589 0.316303 0.185667 -0.381513 -0.007225 -0.035519 0.145601 -0.176754 -0.231459 -0.154957 -0.150070 -0.044775 0.013374 -0.262474 -0.054836 -0.359615 0.007636 -0.260510 -0.343111 -0.378361 0.086450 -0.035548 -0.144023 -0.263821 0.222892 0.026769 -0.286978 -0.312813 -0.197959
0.178873 0.221338 -0.097998 0.177794 0.516798 0.414532 0.239017 0.304453 0.412937 0.413888 -0.057468 0.350236 0.239834 0.419514 0.348633 1.000000 0.108727 0.071017 0.225633 0.315849 0.083738 0.155834 -0.090401 0.038043 0.000725 0.161017 0.091662 0.147822 0.301712 0.233133 0.065469 -0.115932 0.110924 0.179548 -0.301530 -0.274481 -0.194391 -0.325969 0.078459 -0.043979 -0.021112 0.060610 -0.394383 -0.500906 -0.187350 -0.435767 -0.034631 -0.304659 -0.090950 -0.017887 -0.155793 -0.072846 0.051079 -0.160532 -0.213745 -0.013581 0.268893 0.082836 0.009611 -0.055542 0.129886 0.114351 -0.073255 0.267886 -0.198648 -0.121581 -0.364198 -0.434240 0.211386 0.211749 -0.063796 -0.045186 0.232604 0.134978 0.068566 -0.084210 -0.010762 -0.261024 -0.033556 0.018621 -0.051527 -0.103972 0.287121 0.445656 -0.070067 -0.171697 -0.000559 -0.239060 0.104121 0.196632 -0.260480 -0.221207 0.120822 -0.222933 0.052582 -0.085602 -0.270215 -0.157552 -0.007429 -0.381072 -0.053909 -0.103330 0.031880 -0.031625 -0.224402 -0.445126 -0.216544 0.041611 0.124069 -0.106970 -0.309615 -0.071438 0.075469 -0.393791 -0.388704 -0.389924
0.407090 0.139700 -0.301133 -0.041260 0.004619 -0.135168 -0.111918 -0.300625 -0.001955 -0.167151 0.420905 -0.131363 0.091627 -0.051620 0.459181 0.108727 1.000000 0.434702 0.367821 0.414661 -0.098544 -0.060586 0.296811 0.113903 -0.136299 -0.177845 0.005934 0.127208 0.370414 0.203248 0.008414 0.002614 0.246711 0.383747 0.014629 0.006557 0.192628 -0.065670 -0.008915 -0.263532 0.002025 -0.018675 -0.126956 -0.211340 -0.212897 -0.387171 0.144539 -0.129724 -0.192934 -0.050959 -0.117419 -0.284268 0.231625 -0.020532 -0.046849 0.026040 0.551270 0.524952 -0.199907 -0.513958 -0.030550 -0.206193 0.335757 0.191823 -0.020879 -0.380505 -0.346902 -0.398881 0.532637 0.417525 -0.162559 -0.190744 0.249330 0.227760 0.313768 0.175199 0.215042 -0.241925 0.359651 0.348420 0.573988 0.509130 0.350076 0.096015 0.449384 0.149752 0.534607 0.038199 0.185522 0.038348 -0.503876 -0.197350 -0.197698 0.017389 0.126114 0.003047 -0.138293 -0.072095 -0.033336 -0.030578 -0.241265 -0.094422 -0.422962 -0.102445 -0.274088 -0.183524 -0.437370 0.040280 0.011182 0.126036 0.002777 0.136277 0.117634 -0.241200 -0.111962 -0.075967
0.101378 0.237166 -0.455021 -0.430502 -0.237288 -0.017330 -0.301668 -0.252131 0.027180 -0.228168 -0.038037 -0.214525 0.115858 -0.173130 -0.063624 0.071017 0.434702 1.000000 0.182167 0.365294 0.201938 0.177707 -0.098808 -0.197838 -0.155569 0.110969 -0.063309 -0.022872 0.316663 0.592664 -0.063270 0.065166 0.271770 0.370193 -0.137060 0.000862 0.282529 0.050065 0.167450 0.204596 0.137160 0.487500 0.156729 -0.032885 0.010024 -0.106097 0.391843 0.188200 -0.121840 0.089824 0.013045 -0.008889 0.274576 0.071370 0.029440 0.284483 0.300783 0.394781 -0.335785 -0.231240 -0.294617 -0.215388 0.465746 0.526000 -0.403840 -0.491284 -0.122782 -0.267297 0.376101 0.321149 -0.097961 0.091653 0.325953 0.276562 0.116852 -0.011049 -0.033315 -0.178109 0.438315 0.667753 0.686353 0.768211 -0.059929 0.183608 0.060831 -0.132568 0.276614 -0.003492 0.080895 -0.237608 -0.029037 -0.212605 -0.184699 -0.139148 0.296726 -0.146403 -0.223094 -0.086543 0.070041 -0.179383 0.006542 -0.128251 -0.063291 -0.097157 -0.166373 -0.068023 -0.226872 -0.034861 0.098656 0.065311 0.180391 -0.012939 0.153641 -0.042992 0.015427 -0.033090
0.517555 0.156866 0.008574 -0.156279 0.054002 -0.123797 -0.071973 -0.483673 -0.175489 -0.350242 0.262136 -0.055514 0.457860 0.127194 0.366315 0.225633 0.367821 0.182167 1.000000 0.598510 0.140358 -0.014294 0.159679 -0.207468 -0.176397 -0.156703 0.254933 0.293465 0.141992 -0.033442 -0.352951 -0.389829 0.289626 0.116339 -0.215485 -0.370415 0.163726 0.089820 0.297358 0.058905 0.161046 0.171848 0.049875 0.074804 -0.201582 -0.475525 0.266244 0.233347 -0.182428 -0.219205 0.248047 -0.047422 0.252219 -0.201961 0.374924 0.334569 0.229379 0.371376 -0.330432 -0.482022 -0.212790 -0.602526 0.332037 -0.134341 -0.345259 -0.579957 -0.160114 -0.363703 0.499547 0.536738 -0.385564 -0.311144 0.082102 0.085561 0.039717 0.042615 0.127915 -0.097555 -0.073797 0.096063 0.156425 0.241098 -0.004297 0.070266 0.164742 0.185543 0.347220 0.360034 0.088083 -0.117657 0.009244 0.161871 -0.238546 0.185036 0.359462 -0.111492 0.386605 -0.010927 0.356670 -0.014170 0.050046 0.048172 -0.160843 0.302169 0.096786 0.060723 -0.136011 0.009451 0.097058 0.077683 0.363479 0.182748 0.104240 -0.143053 0.104080 0.149431
0.410474 0.439950 -0.256394 -0.192696 -0.055505 -0.293183 -0.024723 -0.186796 0.012257 -0.279249 0.240862 0.185426 0.106569 0.106121 0.284450 0.315849 0.414661 0.365294 0.598510 1.000000 0.002743 -0.020118 -0.162995 -0.196539 -0.353975 -0.341151 -0.179776 -0.089374 0.420273 0.325162 -0.102179 -0.196100 0.303489 0.399168 -0.156534 -0.208449 -0.028529 0.034526 0.058739 0.023523 -0.065481 0.185794 -0.075295 -0.102900 -0.098969 -0.353732 0.246982 0.175988 -0.154486 0.015381 -0.155777 -0.100063 0.094042 -0.230661 0.017095 0.083171 0.269957 0.450824 -0.414692 -0.291046 -0.271862 -0.259286 0.127280 0.223694 -0.221464 -0.507757 -0.363548 -0.339288 0.482127 0.556245 -0.254889 -0.235278 0.275558 0.070619 0.040263 -0.063749 0.110014 -0.116106 0.088342 0.139095 0.304274 0.306874 0.269695 0.389992 0.295626 0.105989 0.134716 0.160058 0.060439 -0.228511 -0.138708 -0.109905 -0.252118 -0.225367 0.369374 -0.092220 0.029624 -0.075848 0.159628 -0.030730 -0.029127 -0.073470 -0.114823 0.011293 -0.032460 -0.059818 -0.175268 0.126609 0.281205 -0.049422 0.127074 0.052356 0.225959 -0.132832 -0.019599 -0.036379
0.069886 0.171529 -0.264263 -0.341138 0.149592 0.103152 -0.337168 -0.339334 -0.067959 -0.128286 -0.253894 -0.155575 0.248563 -0.008611 -0.216697 0.083738 -0.098544 0.201938 0.140358 0.002743 1.000000 0.726488 -0.103188 -0.137446 0.067095 0.440445 0.254973 0.119807 0.005056 0.185988 -0.021473 0.124811 -0.001590 -0.307600 -0.251512 -0.295941 0.234821 0.163242 0.533187 0.529941 0.474122 0.448764 0.023105 0.000219 0.114942 -0.112475 0.117226 0.314143 0.050709 0.141253 0.139276 0.198539 0.246066 -0.240658 0.317480 0.421392 0.108613 0.220705 -0.030839 0.155864 -0.485174 -0.379913 0.161623 0.066857 -0.571645 -0.543993 0.108012 -0.202468 0.094039 0.264711 0.275648 0.389164 0.098484 0.109076 -0.118266 -0.198610 -0.236515 -0.114749 0.050751 0.122798 0.082577 0.250120 -0.047701 0.218836 -0.383576 0.112843 -0.031122 0.244765 -0.320437 0.052141 0.261990 0.071889 -0.143587 -0.038442 0.428886 -0.093726 0.204359 -0.051501 0.214036 -0.088007 0.063015 0.056653 0.263860 0.225783 0.001761 0.084906 -0.137651 -0.019444 0.215899 0.002595 0.136484 -0.202561 0.035608 0.065948 0.335976 -0.080549
0.047118 0.088101 -0.239183 -0.269011 0.138988 0.211762 -0.256544 -0.268084 0.007370 0.012475 -0.372877 -0.292352 0.090586 -0.137526 -0.154427 0.155834 -0.060586 0.177707 -0.014294 -0.020118 0.726488 1.000000 0.046461 0.022917 0.270844 0.606187 0.292823 0.165830 -0.088824 0.192193 0.061651 0.232789 -0.139239 -0.260037 -0.084501 -0.037617 0.259285 0.206798 0.539846 0.546490 0.351184 0.386217 -0.174142 -0.187295 0.094473 -0.093443 0.057976 0.137478 0.055382 0.119455 0.018478 0.172663 0.263682 -0.045768 0.224398 0.341628 0.182641 0.230283 0.064151 0.099146 -0.371438 -0.199986 0.011392 0.102530 -0.420170 -0.420397 -0.038491 -0.183849 0.195758 0.271419 0.171332 0.300896 0.038331 -0.012461 -0.109310 -0.224973 -0.424493 -0.243688 0.051039 0.065774 0.061312 0.284308 -0.040590 0.159502 -0.327766 0.117705 -0.108190 0.114695 -0.093754 0.137897 0.131891 0.018096 0.018705 0.047211 0.428721 -0.062188 0.039944 -0.046101 0.134240 -0.057825 -0.103736 0.030658 0.239111 0.179131 -0.166101 -0.034319 -0.318146 -0.135534 0.249863 -0.023127 0.020788 -0.019999 0.148263 0.192866 0.147458 -0.192167
0.096578 -0.444030 0.235291 0.171300 -0.122841 -0.167940 -0.144236 -0.473554 -0.310070 -0.316461 0.440625 -0.313472 0.063578 -0.130562 0.476511 -0.090401 0.296811 -0.098808 0.159679 -0.162995 -0.103188 0.046461 1.000000 0.495035 0.404071 0.167508 0.448467 0.430035 -0.241111 -0.383343 -0.052743 0.038822 -0.107477 -0.008364 0.230420 0.153080 0.274723 0.017086 0.251021 -0.284889 0.270523 -0.219435 -0.213714 -0.114375 -0.058662 -0.197581 -0.208296 -0.335593 -0.175810 -0.279688 0.179400 -0.191303 0.088854 0.028233 0.217215 -0.163376 0.267043 0.210217 -0.115280 -0.561448 0.015772 -0.355634 0.400057 -0.146266 0.326553 -0.109961 -0.171293 -0.000032 0.277278 0.184125 -0.087702 -0.308167 -0.263577 -0.016149 0.037154 -0.034791 0.005055 -0.147762 -0.030683 0.074774 0.015149 0.062874 0.017471 -0.275924 0.446278 0.406101 0.382790 0.246192 0.406738 0.077943 -0.215884 0.181893 0.005425 0.261279 -0.122678 -0.100940 0.090659 0.165856 0.002054 0.061567 -0.041400 -0.013115 -0.391724 0.056948 -0.080777 -0.022241 -0.426389 0.060922 -0.085649 -0.034236 0.129031 0.170274 -0.054594 -0.043518 -0.134938 -0.056404
-0.372686 -0.495821 0.011618 0.632302 0.020448 -0.108271 -0.174700 0.087369 -0.056642 -0.011914 0.158430 -0.208860 -0.524660 -0.376305 0.251126 0.038043 0.113903 -0.197838 -0.207468 -0.196539 -0.137446 0.022917 0.495035 1.000000 0.333490 0.187122 0.097938 0.168489 0.056505 -0.220636 0.407237 0.611234 -0.322766 -0.103485 0.284835 0.131473 0.005034 -0.203582 -0.072532 -0.078237 0.070555 -0.330412 -0.397551 -0.306962 -0.127225 0.025067 -0.341108 -0.260142 -0.340119 -0.197962 -0.366831 -0.284477 -0.297863 0.153638 -0.409577 -0.349420 -0.064657 -0.116548 -0.006219 -0.087595 0.086716 0.151322 0.041513 0.201855 0.612894 0.168070 -0.153180 0.041441 -0.104263 -0.231165 -0.016055 -0.083245 -0.403469 -0.127926 -0.213334 -0.078570 -0.090892 -0.070309 0.079643 -0.068915 -0.173517 -0.153332 0.403241 0.180793 0.392425 0.329043 0.165491 0.064102 0.232353 0.116170 -0.284293 0.035581 0.252616 -0.085714 -0.116272 0.026561 -0.282254 0.126464 -0.279726 -0.010825 0.051037 -0.165181 0.006523 -0.032426 -0.086127 0.002759 -0.275160 0.082870 0.080067 0.260834 -0.223874 0.020091 -0.071169 -0.031065 -0.194876 -0.141703
-0.239338 -0.201866 0.299298 -0.046007 0.254145 0.153936 0.074856 0.019685 0.284052 0.224340 -0.198553 -0.250997 -0.197940 -0.303087 0.161464 0.000725 -0.136299 -0.155569 -0.176397 -0.353975 0.067095 0.270844 0.404071 0.333490 1.000000 0.595391 0.391313 0.240927 -0.185741 -0.003623 0.301787 0.303518 -0.042697 0.014095 -0.080001 -0.141693 -0.164497 -0.174426 0.064064 0.055117 0.139883 -0.130539 -0.112104 -0.079934 0.022113 0.051907 -0.097235 -0.137883 -0.129693 -0.009571 -0.132333 -0.050545 -0.183003 0.065100 -0.189155 -0.176680 0.013653 -0.012735 0.163549 0.079563 0.086809 0.136539 -0.001769 -0.008621 0.213931 0.028388 0.097219 -0.094909 -0.028241 -0.098695 0.056442 0.027087 -0.045956 -0.197540 -0.134634 0.016638 -0.310607 -0.053509 -0.093702 0.098737 -0.115085 -0.122384 0.010323 0.003644 -0.110840 0.027424 -0.121361 -0.193960 0.050784 -0.076044 -0.187184 0.048217 0.113864 -0.058019 -0.042684 -0.043701 -0.073682 0.038817 -0.065267 0.118661 -0.275313 -0.293510 -0.012626 0.043127 -0.197851 -0.128167 -0.290237 0.024911 0.063133 0.031434 -0.089708 0.035010 -0.008498 -0.016512 -0.082882 -0.290503
-0.157501 -0.016786 -0.071447 -0.100169 0.076912 0.366029 -0.169481 -0.037567 0.214913 0.139842 -0.513818 -0.387963 -0.067104 -0.230704 -0.186445 0.161017 -0.177845 0.110969 -0.156703 -0.341151 0.440445 0.606187 0.167508 0.187122 0.595391 1.000000 0.402704 0.321356 -0.238690 0.071822 0.126851 0.296825 -0.039767 -0.001470 -0.264882 -0.034290 0.047993 -0.033737 0.413474 0.405191 0.281888 0.204456 -0.046260 -0.084280 -0.022082 -0.042300 0.144336 0.006750 -0.217333 -0.044850 -0.107398 -0.083768 0.011604 0.090470 -0.035309 0.158690 0.049231 0.094190 0.073361 0.221855 -0.206341 0.072911 -0.045836 0.129676 -0.170662 -0.073766 0.033920 -0.222759 0.177573 0.029247 0.127170 0.153862 0.016444 -0.077406 -0.163926 -0.167458 -0.417256 -0.230841 0.101483 0.333134 0.090508 0.129199 -0.157560 -0.079428 -0.310335 -0.178542 -0.048109 -0.044407 0.154915 -0.022963 0.019558 -0.040092 0.131240 -0.073243 0.330485 0.019424 -0.043690 0.137758 0.122377 0.005356 -0.066374 -0.177935 0.204008 0.187134 0.097613 0.035639 -0.229088 0.023441 0.152986 0.033256 -0.015879 0.108032 0.026584 0.080200 0.144981 -0.258522
0.296272 0.027181 -0.046765 -0.138036 0.206568 0.269399 -0.291331 -0.451983 -0.204443 -0.071401 0.070635 -0.280573 0.392253 0.117460 0.282520 0.091662 0.005934 -0.063309 0.254933 -0.179776 0.254973 0.292823 0.448467 0.097938 0.391313 0.402704 1.000000 0.602797 -0.384094 -0.232242 -0.298234 -0.057133 -0.143733 -0.158375 -0.060365 -0.184074 0.227999 -0.000228 0.463259 0.087953 0.330191 -0.042256 -0.127487 -0.134480 -0.139635 -0.325965 0.009170 -0.148546 -0.088924 -0.188927 0.210183 -0.053602 0.321107 -0.073260 0.404624 0.219386 0.406313 0.238317 0.112606 -0.165837 -0.051120 -0.302463 0.271037 -0.198287 -0.208347 -0.297992 0.000900 -0.310379 0.180384 0.223659 0.011329 0.057641 -0.145730 0.006459 0.007147 0.014344 -0.162363 -0.077458 -0.149047 0.132597 0.008527 -0.004208 -0.122404 -0.160240 -0.025507 0.060405 0.162251 0.317161 0.326860 0.243520 0.142165 0.171583 -0.064957 0.309659 0.009510 0.139777 0.139422 -0.097803 0.182302 0.176459 -0.106019 0.090474 -0.061144 0.179120 -0.042563 -0.017394 -0.271475 0.027407 0.236359 0.087522 0.075738 0.246506 0.210625 -0.051317 0.023971 0.035458
0.397178 -0.044102 -0.125003 0.067041 0.017649 0.397968 -0.274136 -0.461137 -0.220064 -0.145088 0.114725 -0.205474 0.406604 0.144613 0.297157 0.147822 0.127208 -0.022872 0.293465 -0.089374 0.119807 0.165830 0.430035 0.168489 0.240927 0.321356 0.602797 1.000000 -0.374148 -0.262903 -0.434610 -0.210449 -0.110391 -0.232797 -0.148244 -0.262945 0.361334 0.224722 0.458666 0.104605 0.263272 0.084171 -0.219448 -0.064440 -0.307367 -0.443772 0.044627 -0.016443 -0.219304 -0.376750 0.216115 -0.225589 0.357759 -0.045223 0.355995 0.264563 0.417231 0.244718 0.133830 -0.236983 0.003667 -0.304321 0.280459 -0.061603 -0.173800 -0.204008 -0.011394 -0.284107 0.351381 0.252576 -0.009730 -0.163833 -0.112073 0.133965 0.144578 0.111293 0.059499 -0.087513 0.080568 0.201899 0.073410 0.057883 -0.225447 -0.249884 0.035606 -0.031362 0.342823 0.314592 0.306339 0.276670 0.147870 0.252121 0.245468 0.304408 0.136838 0.034622 0.145784 0.060240 0.167281 0.046743 -0.000690 0.069229 -0.226331 0.160035 0.087356 -0.036246 -0.237794 0.070605 -0.052107 0.065928 0.124157 0.515972 0.093968 -0.039313 0.066755 -0.077593
-0.181158 0.171705 -0.178651 -0.053882 0.156990 -0.268381 0.208796 0.231932 0.305325 -0.019974 0.132527 0.266798 -0.218875 -0.069046 0.135820 0.301712 0.370414 0.316663 0.141992 0.420273 0.005056 -0.088824 -0.241111 0.056505 -0.185741 -0.238690 -0.384094 -0.374148 1.000000 0.510952 0.605667 0.371218 0.350626 0.379307 -0.175656 -0.081407 -0.127860 -0.268422 -0.230436 -0.057351 -0.014749 0.031507 -0.057587 -0.204771 0.181508 0.044966 0.057644 -0.054340 0.040793 0.144509 -0.330844 -0.018157 -0.277011 -0.240589 -0.387960 -0.166202 -0.020417 0.000300 -0.242063 -0.044080 -0.138195 0.036548 -0.012616 0.398021 0.032558 -0.304561 -0.098384 -0.123212 0.033763 -0.029352 -0.225723 -0.001146 0.550065 0.034291 -0.116678 -0.065330 0.027196 -0.041752 0.067019 -0.084704 0.164194 0.173565 0.591994 0.631568 0.082364 -0.009259 0.146782 -0.200601 -0.271150 -0.209423 -0.390377 -0.340784 -0.312848 -0.327362 0.109114 -0.079856 -0.202280 -0.040776 -0.182577 -0.281227 -0.037934 -0.280314 -0.084708 -0.129204 -0.292524 -0.292155 -0.127727 0.129372 0.023371 0.193979 -0.154853 -0.258060 -0.055612 -0.189477 -0.076561 -0.137145
-0.092078 0.391499 -0.450791 -0.381246 0.080566 0.020181 -0.002989 0.106195 0.297299 0.046050 -0.192084 0.167744 -0.079453 -0.039519 -0.136749 0.233133 0.203248 0.592664 -0.033442 0.325162 0.185988 0.192193 -0.383343 -0.220636 -0.003623 0.071822 -0.232242 -0.262903 0.510952 1.000000 0.285938 0.270983 0.131243 0.329047 -0.145705 -0.160301 -0.085026 -0.055737 -0.033549 0.056626 0.009775 0.311408 0.029562 -0.069754 0.058585 0.022497 0.309547 0.137987 -0.093878 0.263749 -0.257961 0.127454 -0.049007 -0.026679 -0.200784 0.012774 0.104870 0.264916 -0.198356 0.097653 -0.246685 0.050578 -0.022856 0.450416 -0.291134 -0.367343 -0.092106 -0.246802 0.121889 0.144630 0.139333 0.267105 0.505072 0.201247 -0.005413 0.121471 -0.073466 -0.004195 0.383328 0.399700 0.457737 0.462671 0.150403 0.490572 -0.051962 -0.187788 0.097005 -0.309780 -0.161866 -0.186147 -0.147663 -0.343337 -0.156373 -0.368402 0.271703 -0.145696 -0.208842 -0.185073 0.107989 -0.178835 -0.159195 -0.276502 0.069630 -0.142063 -0.230829 -0.311061 -0.177277 0.050523 0.189578 0.067290 -0.111765 -0.092259 0.090180 -0.142349 -0.086051 -0.278783
-0.601002 -0.196628 0.144561 0.146712 0.151470 -0.258658 0.295563 0.432742 0.384509 0.151266 -0.194225 0.026867 -0.633675 -0.363590 -0.151035 0.065469 0.008414 -0.063270 -0.352951 -0.102179 -0.021473 0.061651 -0.052743 0.407237 0.301787 0.126851 -0.298234 -0.434610 0.605667 0.285938 1.000000 0.751558 0.113193 0.218842 -0.010477 0.075400 -0.268758 -0.280951 -0.316219 -0.058630 -0.047852 -0.205301 -0.116107 -0.162455 0.169329 0.308723 -0.216817 -0.168237 -0.044638 0.137066 -0.435121 -0.028851 -0.537329 -0.057526 -0.625361 -0.409707 -0.269819 -0.319985 -0.048361 0.220149 -0.017829 0.348132 -0.246615 0.289974 0.361236 0.091203 0.087849 0.178251 -0.289116 -0.379653 -0.035021 0.146580 0.282441 -0.116140 -0.221109 -0.101882 -0.141632 0.019800 -0.031334 -0.245506 -0.064507 -0.072575 0.433875 0.464755 -0.076416 0.016184 -0.161051 -0.401999 -0.254520 -0.138523 -0.362343 -0.192117 -0.045357 -0.331008 -0.098244 -0.067547 -0.270159 0.001189 -0.329942 -0.144697 -0.042511 -0.312394 0.100117 -0.118039 -0.214207 -0.135088 -0.093300 0.152934 -0.010460 0.182472 -0.248280 -0.364737 -0.102978 0.054973 -0.170844 -0.200651
-0.630082 -0.234226 -0.174782 0.172157 -0.111407 -0.204146 -0.180257 0.178805 0.072532 -0.032196 -0.223882 -0.215795 -0.668112 -0.475265 -0.261957 -0.115932 0.002614 0.065166 -0.389829 -0.196100 0.124811 0.232789 0.038822 0.611234 0.303518 0.296825 -0.057133 -0.210449 0.371218 0.270983 0.751558 1.000000 -0.117830 0.056518 0.190473 0.145934 0.052213 -0.031153 -0.091657 0.178585 0.138928 -0.073788 -0.036487 -0.081140 0.151215 0.320755 -0.036389 -0.004359 -0.181666 0.110925 -0.451834 -0.046255 -0.392535 0.027542 -0.453864 -0.124861 -0.275840 -0.211380 -0.091781 0.214680 -0.258619 0.240065 -0.139176 0.302708 0.303509 -0.032209 0.055088 0.098727 -0.246396 -0.415288 0.098680 0.301557 0.007165 -0.133658 -0.342610 -0.163314 -0.204154 0.121374 0.262373 -0.052082 -0.007544 0.076473 0.348085 0.368304 0.045056 0.100709 -0.032196 -0.115555 -0.104038 -0.147220 -0.209076 -0.131847 0.054231 -0.271153 0.026958 0.126614 -0.262002 0.119128 -0.321362 -0.104004 -0.009827 -0.293875 0.149623 -0.071025 -0.116993 0.045910 -0.166953 0.074908 0.190827 0.334121 -0.189377 -0.176258 -0.038812 0.121246 -0.016759 -0.138212
-0.051043 0.202891 -0.077402 -0.212310 -0.168980 -0.148720 0.132737 -0.031873 0.284961 -0.163389 -0.085006 0.019895 0.090872 -0.014614 0.039350 0.110924 0.246711 0.271770 0.289626 0.303489 -0.001590 -0.139239 -0.107477 -0.322766 -0.042697 -0.039767 -0.143733 -0.110391 0.350626 0.131243 0.113193 -0.117830 1.000000 0.619486 -0.214203 0.081601 -0.027181 -0.093244 0.009104 -0.045117 0.023876 0.137665 0.106745 0.039964 0.087609 -0.056686 0.172234 -0.132557 -0.001830 0.086450 0.032333 -0.002426 -0.157180 -0.144301 -0.102039 0.007825 0.066410 0.046975 -0.063042 -0.030339 -0.060379 -0.019839 0.285862 0.264608 -0.220490 -0.256093 0.169419 -0.150575 0.236477 0.036476 -0.321105 -0.123230 0.395146 0.113695 -0.040647 0.047615 0.046262 0.029711 -0.071766 0.036847 0.167227 0.076300 0.073214 0.104232 -0.149668 -0.251099 0.092001 -0.030018 -0.161880 -0.404488 -0.190055 -0.004957 -0.196129 -0.046166 0.073210 0.067137 -0.075335 0.105165 0.138725 -0.086741 0.077079 -0.176285 -0.017402 -0.017742 0.074733 -0.053142 0.018720 0.197045 -0.075036 -0.067783 0.003859 -0.055169 0.002354 -0.200809 0.000993 0.078335
-0.015725 0.215383 -0.123263 -0.138201 -0.178037 -0.061246 0.199501 0.121491 0.408977 0.028060 -0.004558 -0.034598 -0.076901 -0.070583 0.140025 0.179548 0.383747 0.370193 0.116339 0.399168 -0.307600 -0.260037 -0.008364 -0.103485 0.014095 -0.001470 -0.158375 -0.232797 0.379307 0.329047 0.218842 0.056518 0.619486 1.000000 0.004640 0.241337 -0.161079 -0.279280 -0.181143 -0.244267 -0.102858 -0.047129 -0.063339 -0.186589 -0.095496 -0.182442 0.207888 -0.279135 -0.304350 -0.023409 -0.300985 -0.302104 -0.181393 -0.032972 -0.314192 -0.184296 0.177292 0.209323 -0.285363 -0.190881 0.089111 0.165836 0.224844 0.380181 0.074619 -0.106636 -0.216666 -0.247490 0.382485 0.174565 -0.233572 -0.096420 0.384252 -0.025837 0.055153 -0.003321 0.079810 -0.075999 0.178409 0.322980 0.442829 0.266373 0.159537 0.092893 0.192353 -0.244813 0.124195 -0.224371 0.155336 -0.248163 -0.420906 -0.222238 -0.177771 -0.257735 0.065184 -0.002140 -0.284765 0.096087 0.023099 -0.016894 -0.149323 -0.267828 -0.200443 -0.196004 0.008340 -0.190470 -0.069279 0.134950 0.054271 -0.072063 -0.084175 0.021087 0.126319 -0.255839 -0.305571 -0.046805
-0.222611 -0.358016 -0.070358 0.150803 -0.334479 -0.197515 -0.135857 -0.097395 -0.316808 -0.144845 0.181585 -0.169085 -0.237795 -0.205787 -0.069871 -0.301530 0.014629 -0.137060 -0.215485 -0.156534 -0.251512 -0.084501 0.230420 0.284835 -0.080001 -0.264882 -0.060365 -0.148244 -0.175656 -0.145705 -0.010477 0.190473 -0.214203 0.004640 1.000000 0.612336 0.184363 0.032391 -0.120814 -0.267504 0.077908 -0.310256 -0.160141 -0.088988 0.116445 0.377960 -0.264135 -0.203351 -0.066234 0.021931 -0.056641 -0.130046 -0.127932 0.138382 -0.055463 -0.203811 -0.176112 -0.107470 0.069514 -0.163482 0.135993 0.102143 -0.018389 -0.069317 0.404367 0.156050 0.134987 0.426441 -0.076889 -0.043072 -0.192164 -0.119860 -0.451915 -0.296739 -0.244004 -0.232304 -0.172996 -0.090087 -0.001786 -0.172324 -0.159306 -0.076468 0.077633 -0.056083 0.394044 0.347718 0.037272 0.136867 0.114503 0.022757 -0.055368 0.005313 0.076186 0.135044 -0.324571 0.064689 -0.049785 0.107218 0.077988 0.047963 0.113050 0.202400 -0.094809 0.012635 -0.133281 0.207076 -0.007678 -0.144920 0.012248 0.120357 0.064114 0.015344 -0.018067 -0.039524 -0.328052 0.264574
-0.303814 -0.323415 -0.061858 0.091497 -0.425686 -0.114991 -0.043089 0.068283 -0.139316 -0.046605 -0.061071 -0.248644 -0.299163 -0.265802 -0.192791 -0.274481 0.006557 0.000862 -0.370415 -0.208449 -0.295941 -0.037617 0.153080 0.131473 -0.141693 -0.034290 -0.184074 -0.262945 -0.081407 -0.160301 0.075400 0.145934 0.081601 0.241337 0.612336 1.000000 0.130931 0.032437 -0.022212 -0.038672 -0.032109 -0.168698 -0.048434 -0.020907 0.265201 0.452419 -0.229737 -0.203677 0.015924 0.096386 -0.123838 -0.165182 -0.206932 0.164186 -0.117198 -0.217695 -0.264868 -0.238566 0.067469 -0.062629 0.146596 0.264446 -0.056981 0.051066 0.363908 0.330134 0.100394 0.480446 -0.107880 -0.177037 -0.251705 -0.184617 -0.169599 -0.293540 -0.232144 -0.331628 -0.287512 -0.134613 0.006581 -0.020021 -0.075177 0.003022 0.059925 -0.252067 0.150904 0.035903 0.005045 0.024429 0.193699 -0.029227 -0.078134 -0.022385 0.093731 0.097512 -0.205680 0.062426 -0.140988 0.240098 -0.069607 -0.086263 0.188616 0.112713 -0.156325 -0.095166 0.018502 0.181256 0.102030 -0.123905 -0.073585 -0.006132 0.070251 0.035018 0.068068 -0.018677 -0.165690 0.159439
