1.000000 0.276843 -0.141153 -0.225405 -0.061613 -0.049018 0.010242 -0.243414 -0.117189 -0.077189 0.337761 -0.135501 0.214051 -0.150501 0.084528 -0.058141 0.437845 0.174519 0.155071 0.158666 0.097860 -0.006502 -0.040176 -0.084830 0.213541 0.131170 0.067413 -0.132174 0.211026 0.186247 -0.008832 0.001398 0.237219 0.180073 -0.247108 0.063508 0.080081 0.099035 0.179145 -0.022087 0.141368 0.029686 -0.320392 -0.203675 0.021216 -0.245919 -0.103782 -0.247702 -0.227005 -0.184410 -0.151140 -0.245988 -0.115002 -0.073804 0.035292 0.035572 0.331632 0.147845 0.300841 -0.134724 0.317733 -0.130322 0.385340 0.170391 -0.012606 -0.124906 0.061498 -0.203624 0.198204 0.169221 -0.053375 -0.117033 0.085391 -0.101453 -0.038220 -0.123226 0.001012 0.054056 0.231834 0.263238 0.360305 0.377174 0.148481 0.139049 0.284157 -0.020077 0.118118 0.045029 0.042398 -0.129281 -0.447028 -0.217941 -0.391456 0.049013 0.064172 -0.165750 0.241160 -0.161853 -0.208738 0.147785 -0.349641 0.051321 -0.373391 -0.012919 -0.340155 -0.231184 -0.267437 0.072379 -0.234261 -0.182907 0.031415 -0.080928 -0.065066 -0.140817 -0.370555 -0.204057
0.276843 1.000000 -0.501280 -0.248697 -0.373763 -0.454611 -0.296739 -0.430362 -0.369225 -0.277615 -0.196264 0.026659 -0.213284 0.023013 -0.330808 -0.181733 0.384306 0.403035 -0.206805 0.135997 -0.005690 0.035394 -0.315641 -0.433092 -0.192968 -0.093745 -0.316820 -0.255557 0.087920 0.354332 -0.158181 -0.185271 0.290303 -0.028138 -0.374906 -0.341955 0.324534 0.298427 0.146834 0.146108 0.256514 0.108740 -0.055117 -0.042803 0.239204 -0.059522 0.349655 0.048521 0.093751 0.201733 -0.226673 0.097955 0.170433 0.217385 0.247755 0.403730 0.483495 0.547108 -0.074986 0.243049 0.108047 0.398826 0.292276 0.576291 -0.483623 -0.125668 -0.136778 -0.470805 0.349021 0.071818 -0.216308 -0.163898 0.139921 0.107794 0.012963 -0.042045 -0.002911 -0.042050 0.278910 0.285776 0.517594 0.526799 -0.305478 -0.008826 -0.265285 0.053565 0.084321 0.004290 -0.309746 -0.150819 -0.191336 -0.174193 -0.399596 -0.315788 0.040439 -0.017020 0.280525 0.176240 0.348004 0.259221 -0.112201 -0.195617 0.192691 -0.147537 -0.268197 -0.224601 -0.088272 0.092171 0.044988 -0.170831 -0.053855 -0.027801 0.002076 -0.041097 -0.270972 0.015644
-0.141153 -0.501280 1.000000 0.154637 0.384874 0.202354 0.675541 0.439967 0.614639 0.355874 0.404348 0.008221 0.447960 0.017712 0.399790 0.110757 -0.287632 -0.480088 0.460861 0.011238 0.013628 -0.111387 0.200266 0.342284 0.030775 -0.007127 0.118551 0.112537 -0.042913 -0.359122 0.158599 0.105204 0.118605 0.215726 0.196270 0.207880 -0.202147 -0.196972 -0.084756 -0.216740 -0.089351 -0.188887 -0.234451 -0.259820 -0.452208 -0.240132 -0.406044 -0.337471 -0.294784 -0.298451 -0.095698 -0.343032 -0.510317 -0.471500 -0.119240 -0.328560 -0.424494 -0.440057 0.258479 -0.276610 0.064860 -0.259540 -0.259422 -0.411519 0.449517 0.038309 0.256330 0.376640 -0.177985 -0.052306 0.288936 -0.048394 0.002316 -0.036639 0.043898 0.043474 -0.081148 -0.007463 -0.254508 -0.355794 -0.433631 -0.516358 0.332351 -0.122389 0.327227 0.022066 0.057523 0.113665 0.473007 0.278801 -0.011243 0.128593 0.206210 0.469756 0.005329 -0.020201 -0.241875 -0.038195 -0.573452 -0.120283 0.194258 0.211863 -0.058531 0.028180 0.142664 0.106323 -0.082880 -0.052905 0.002896 0.067230 -0.027689 -0.262838 -0.041995 0.171168 0.179998 -0.205442
-0.225405 -0.248697 0.154637 1.000000 0.301073 0.209202 0.256750 0.570765 0.064257 0.395151 -0.123374 0.265900 -0.191130 0.074763 0.115101 0.181249 -0.235129 -0.141783 0.349490 0.340546 0.243498 0.226552 0.362347 0.626655 0.148982 0.403225 0.212662 0.341842 0.196247 0.055048 0.487048 0.724452 -0.043285 0.633639 0.185756 0.175440 0.025339 -0.249421 -0.051938 0.076700 0.149616 0.003617 -0.460697 -0.516651 -0.486851 -0.409680 -0.535138 -0.312090 -0.539135 -0.529948 -0.513674 -0.572069 -0.487294 -0.463015 -0.430740 -0.585435 -0.458620 -0.490247 -0.484720 -0.343961 -0.199344 -0.181959 -0.248790 -0.179053 0.255826 -0.031804 -0.395011 0.040174 -0.306961 -0.155755 0.319401 0.323419 0.101740 0.245774 0.139083 0.186704 0.198794 0.475807 -0.151768 -0.235340 -0.231385 -0.353294 0.472222 0.391863 0.170678 0.197740 -0.123716 0.089017 0.426127 -0.048477 0.181894 -0.079203 0.390237 0.157003 -0.114466 0.157035 -0.085107 -0.084141 -0.290662 -0.166143 0.032998 0.232497 0.150744 0.240515 0.371665 0.159972 0.118365 0.068845 0.069869 0.031695 -0.014738 0.081827 0.024890 0.032002 0.075573 0.013120
-0.061613 -0.373763 0.384874 0.301073 1.000000 0.515882 0.242265 0.330567 0.421883 0.334178 0.422098 0.143912 0.238490 -0.013165 0.398557 0.317039 -0.390722 -0.451073 0.188305 -0.024422 0.043869 0.157601 0.424145 0.457059 0.398999 0.291781 0.527151 0.222004 -0.040301 -0.240999 0.451448 0.298054 -0.170518 0.320200 0.281981 0.275832 -0.149526 -0.277632 0.082006 0.035012 -0.038795 -0.099325 -0.157581 -0.140059 -0.248333 -0.048808 -0.366463 -0.095618 -0.278277 -0.254125 -0.118065 -0.364085 -0.291151 -0.339025 -0.201217 -0.370034 -0.604331 -0.443113 0.092000 -0.391994 -0.143918 -0.288193 -0.478853 -0.530990 0.527026 0.141462 -0.015129 0.244164 -0.172951 -0.145553 -0.060350 0.098850 -0.160683 -0.137641 -0.186892 -0.039429 -0.146684 -0.076568 -0.249837 -0.305365 -0.482821 -0.461896 0.254525 0.121996 0.345269 -0.042811 0.012975 0.273253 0.484342 0.019816 0.013975 -0.117845 0.213863 0.158566 -0.013445 0.089546 -0.088139 -0.028908 -0.306606 -0.095820 0.103309 0.095038 -0.115499 0.165600 0.156227 0.309683 0.067259 0.184876 -0.009567 0.057901 0.236216 0.029559 -0.021004 0.097327 0.124291 -0.041845
-0.049018 -0.454611 0.202354 0.209202 0.515882 1.000000 -0.071746 0.373691 0.156665 0.423831 0.250070 0.104417 0.053979 -0.069940 0.145397 0.474191 -0.337752 -0.487272 -0.077319 0.031824 -0.102683 -0.013064 0.188207 0.388119 0.314417 0.241060 0.557358 0.311043 -0.347889 -0.380490 0.086444 0.219876 -0.372472 0.177239 0.300103 0.415516 -0.235806 -0.357379 -0.082979 0.025219 -0.123133 -0.145851 0.041832 0.040116 -0.177788 0.089639 -0.261561 0.062816 -0.125347 -0.183076 0.095229 -0.135638 -0.154226 -0.098863 -0.312626 -0.446569 -0.448983 -0.463102 0.293956 -0.100348 -0.183641 -0.162986 -0.435195 -0.584428 0.289701 0.235283 0.008815 0.336664 -0.187228 -0.120004 0.005092 0.107790 -0.365089 -0.198769 -0.210005 -0.186257 -0.201163 -0.061171 -0.279558 -0.289452 -0.364254 -0.383824 0.198308 -0.001395 0.304976 -0.107513 -0.106202 0.217556 0.354387 0.283838 0.091940 -0.037699 0.320570 0.169886 -0.110589 0.202481 -0.166132 -0.126140 -0.326082 -0.060085 0.110645 0.090899 -0.152730 0.197906 0.216876 0.317016 0.205170 0.039833 0.033167 0.227557 0.126204 -0.060562 0.105650 0.078464 0.174024 -0.112140
0.010242 -0.296739 0.675541 0.256750 0.242265 -0.071746 1.000000 0.426668 0.503280 0.350643 0.392448 0.185612 0.542215 0.263007 0.419374 0.200453 0.036797 -0.218104 0.598056 0.236809 0.236116 -0.007435 0.123202 0.253724 -0.165898 -0.183035 -0.106028 -0.161734 0.413501 0.068726 0.216327 0.154205 0.334212 0.309315 -0.059092 -0.009301 0.037368 -0.078873 -0.070471 -0.172399 0.067602 -0.141482 -0.426234 -0.468773 -0.535315 -0.485400 -0.443635 -0.535013 -0.369259 -0.380387 -0.314208 -0.455558 -0.484690 -0.544111 0.062203 -0.311406 -0.442475 -0.467243 -0.033414 -0.390877 0.254304 -0.143983 -0.030636 -0.141291 0.342461 -0.106227 -0.008454 0.028212 -0.279968 -0.088221 0.341840 0.080451 0.282569 0.190464 0.166127 0.205765 0.098614 0.189496 -0.090848 -0.287831 -0.237474 -0.353051 0.329243 0.104747 0.162436 0.069356 0.050065 -0.086106 0.532101 0.122048 -0.061054 0.144090 0.121411 0.435571 0.042476 -0.060524 -0.220753 -0.072158 -0.473081 -0.200336 0.144282 0.411310 -0.089151 0.116734 0.090675 -0.028490 -0.137315 -0.164986 -0.101696 -0.067208 -0.303836 -0.206521 0.042919 -0.029040 0.081342 -0.090360
-0.243414 -0.430362 0.439967 0.570765 0.330567 0.373691 0.426668 1.000000 0.229597 0.768871 0.222130 0.554237 0.104747 0.300678 0.073312 0.442115 -0.440355 -0.523131 0.135244 0.188831 0.042443 -0.001997 -0.026566 0.471987 0.096362 0.118229 0.229728 0.412391 -0.210988 -0.370717 0.154591 0.361201 -0.236810 0.387158 0.342902 0.462506 -0.352437 -0.458598 -0.327213 0.065091 -0.091850 -0.243583 -0.445827 -0.467644 -0.566500 -0.334285 -0.657539 -0.413304 -0.455340 -0.393101 -0.333411 -0.404017 -0.558523 -0.483830 -0.356191 -0.599783 -0.604970 -0.692412 -0.121553 -0.300249 -0.181948 0.100969 -0.437835 -0.432598 0.487738 0.389423 -0.088411 0.378722 -0.375597 -0.131386 0.194900 0.222835 -0.265353 -0.103497 -0.178159 -0.022343 -0.144306 0.197266 -0.239658 -0.366731 -0.422745 -0.545437 0.347333 0.252232 0.328540 0.341773 -0.248528 0.096504 0.567218 0.193012 0.470845 -0.018043 0.706955 0.355301 -0.280354 0.248764 -0.386169 -0.128627 -0.509761 -0.052315 0.380102 0.210472 0.075919 0.266283 0.462559 0.375617 0.190918 -0.101655 0.010698 0.167084 -0.002732 -0.136308 0.012632 0.234540 0.315565 0.104857
-0.117189 -0.369225 0.614639 0.064257 0.421883 0.156665 0.503280 0.229597 1.000000 0.295880 0.512856 0.054323 0.528551 0.016229 0.596451 0.288251 -0.029279 -0.233919 0.342901 -0.036158 0.035513 -0.034749 0.266393 0.176738 -0.071859 -0.149475 0.031044 -0.045775 0.094903 -0.126657 0.146052 0.007294 0.084762 0.062128 0.110027 0.065763 -0.178142 -0.108289 -0.069654 -0.264479 -0.153811 -0.156567 -0.101284 -0.114498 -0.269941 -0.124513 -0.306158 -0.301388 -0.172772 -0.098862 0.122714 -0.173996 -0.221370 -0.307321 -0.035328 -0.300701 -0.341635 -0.194533 0.160922 -0.264760 0.167144 -0.165937 -0.340372 -0.393776 0.487250 0.095304 0.024910 -0.006430 -0.145248 -0.147719 0.041909 -0.116399 0.025799 0.051348 -0.001478 0.209907 0.138674 -0.080497 -0.031438 -0.130447 -0.340687 -0.304838 0.139578 -0.150160 0.177951 0.013882 -0.031650 0.063510 0.518563 0.218252 0.018247 0.238190 0.171046 0.401609 -0.117722 0.062981 -0.297107 -0.127023 -0.301220 -0.172889 0.123770 0.243191 -0.085511 -0.005441 -0.037305 -0.004717 -0.072944 -0.127323 -0.123664 0.065282 -0.195047 -0.057977 0.018799 -0.119128 -0.139245 -0.254543
-0.077189 -0.277615 0.355874 0.395151 0.334178 0.423831 0.350643 0.768871 0.295880 1.000000 0.250763 0.319840 0.095469 0.153159 -0.043529 0.403705 -0.323285 -0.381168 0.089520 0.197228 0.135493 -0.149840 -0.168373 0.243824 -0.034764 -0.120867 0.124690 0.147184 -0.218660 -0.215456 0.058106 0.100224 -0.059757 0.283359 0.151607 0.410706 -0.213949 -0.300972 -0.402857 -0.023082 -0.101483 -0.129430 -0.376993 -0.355693 -0.367197 -0.247591 -0.424638 -0.253545 -0.375097 -0.244553 -0.201695 -0.290871 -0.342893 -0.312237 -0.201724 -0.515982 -0.416133 -0.431260 0.043426 -0.027845 -0.077479 0.200900 -0.302394 -0.303619 0.327048 0.357723 -0.122283 0.208711 -0.190822 0.018626 -0.024024 0.118513 -0.206513 -0.103703 -0.108648 -0.068306 -0.148624 0.065644 -0.256252 -0.311102 -0.217042 -0.396047 0.174660 0.208124 0.151509 0.100729 -0.279746 0.000369 0.505759 0.213342 0.424562 -0.059620 0.434213 0.190518 -0.094089 0.077976 -0.209272 -0.052958 -0.289147 -0.090180 0.210448 0.178127 -0.052083 0.311538 0.103782 0.347960 0.145027 -0.105048 -0.060827 -0.075123 -0.141288 -0.189984 0.094805 0.120190 0.193220 -0.077454
0.337761 -0.196264 0.404348 -0.123374 0.422098 0.250070 0.392448 0.222130 0.512856 0.250763 1.000000 0.285014 0.685435 0.081269 0.542741 0.319617 0.054916 -0.245913 0.187671 -0.153603 0.125978 -0.036551 0.178399 0.162079 0.077878 0.016056 0.244947 0.030712 0.148477 -0.162837 0.219190 0.094058 0.035656 0.154302 0.114655 0.197769 -0.219777 0.005723 0.087690 -0.242784 0.006178 -0.206260 -0.199000 -0.116016 -0.292068 -0.126763 -0.336199 -0.384739 -0.287087 -0.162741 -0.005076 -0.280244 -0.308955 -0.316157 -0.176094 -0.269994 -0.275332 -0.270642 0.170714 -0.338415 0.283109 -0.095147 -0.150281 -0.273122 0.604683 0.336245 0.189513 0.092231 -0.142190 -0.109503 -0.022483 -0.118842 -0.030713 -0.103992 -0.100298 0.111082 0.080312 -0.016646 0.043398 -0.013754 -0.264663 -0.215863 0.205449 -0.083567 0.426004 0.061253 0.178219 0.128683 0.354351 0.129870 -0.312417 -0.133914 -0.026234 0.208203 -0.187798 0.094099 -0.257854 -0.311349 -0.535063 -0.189085 -0.028191 0.091009 -0.262784 -0.239818 -0.238986 -0.192966 -0.298536 -0.032695 -0.347955 0.019199 -0.098886 -0.135799 -0.080537 -0.055575 -0.239088 -0.211863
-0.135501 0.026659 0.008221 0.265900 0.143912 0.104417 0.185612 0.554237 0.054323 0.319840 0.285014 1.000000 0.215364 0.649008 0.162586 0.642942 -0.180783 -0.177129 -0.077383 -0.146470 0.122982 0.152279 0.002339 0.244232 0.118363 0.171543 0.103649 0.315163 0.056372 -0.042352 0.291118 0.338800 -0.084426 0.247192 0.272659 0.069357 -0.134010 -0.168948 -0.055335 0.217564 0.259863 -0.080668 -0.252659 -0.349818 -0.345499 -0.264224 -0.482268 -0.477024 -0.329573 -0.206956 -0.268892 -0.329253 -0.352680 -0.438452 -0.209258 -0.363408 -0.461096 -0.466462 -0.290839 -0.291965 -0.067266 0.305210 -0.323150 -0.116246 0.356600 0.482710 -0.168981 -0.040836 -0.430363 -0.493291 0.103754 0.261882 -0.009702 0.160138 -0.074070 0.296377 0.117691 0.273069 -0.074407 -0.024186 -0.283338 -0.294657 0.159036 0.199971 0.203241 0.328208 -0.100178 -0.094828 0.423973 -0.095911 0.151035 -0.182385 0.470196 0.049973 -0.333176 0.452548 -0.299211 -0.111826 -0.339921 -0.049030 0.288566 0.037059 0.221861 -0.118843 0.278700 0.038286 0.007891 -0.006201 0.010839 0.050712 0.036028 -0.018825 0.004188 0.207130 0.153967 0.391744
0.214051 -0.213284 0.447960 -0.191130 0.238490 0.053979 0.542215 0.104747 0.528551 0.095469 0.685435 0.215364 1.000000 0.379521 0.511519 0.286548 0.214015 -0.075283 0.186141 -0.157489 0.035227 -0.065460 -0.018497 -0.064943 -0.164796 -0.186105 -0.162853 -0.227433 0.261816 0.077790 0.056914 -0.082784 0.255210 0.028638 -0.031069 -0.022437 -0.121693 0.132240 -0.088972 -0.192820 -0.021982 -0.141827 -0.199309 -0.200656 -0.254447 -0.204594 -0.272128 -0.412887 -0.167279 -0.098937 0.021637 -0.201333 -0.224783 -0.350748 0.072972 -0.103804 -0.241323 -0.255170 0.143394 -0.289114 0.505904 -0.075212 0.077313 -0.131488 0.343176 0.180535 0.179573 0.019342 -0.129087 -0.171657 0.086509 -0.079505 0.273136 0.146539 0.147613 0.252198 0.232466 0.036327 0.153465 -0.001700 -0.119546 -0.137544 -0.080190 -0.145584 0.021181 -0.113112 0.021621 -0.027614 0.278277 0.077403 -0.282168 0.032000 -0.038800 0.186699 -0.164238 0.140311 -0.238022 -0.155684 -0.382593 -0.116049 0.147313 0.219137 -0.156062 -0.150325 -0.100572 -0.220643 -0.147399 0.052413 -0.290584 -0.013097 -0.106692 -0.103130 -0.037221 -0.112042 -0.087277 -0.133962
-0.150501 0.023013 0.017712 0.074763 -0.013165 -0.069940 0.263007 0.300678 0.016229 0.153159 0.081269 0.649008 0.379521 1.000000 0.033603 0.564566 -0.017731 0.061815 -0.085548 -0.088387 0.019733 0.022120 -0.243712 -0.135073 -0.276851 -0.193766 -0.298095 -0.102634 0.151319 0.245873 -0.073214 -0.005933 0.237736 0.076214 0.036329 -0.223249 0.007137 -0.040964 -0.202753 0.178000 0.141962 0.009859 -0.158490 -0.289106 -0.204801 -0.223629 -0.239373 -0.374205 -0.119974 -0.108887 -0.212802 -0.249319 -0.188015 -0.337004 0.142334 -0.088626 -0.353759 -0.372421 -0.184396 0.008473 0.273391 0.417602 0.123432 0.195073 0.091400 0.289826 0.020845 -0.071194 -0.255440 -0.327778 0.021883 0.135081 0.234698 0.190838 0.144575 0.286174 0.127713 0.226025 -0.014790 -0.099402 -0.035576 -0.103502 -0.156979 0.159347 -0.225987 -0.076364 -0.149339 -0.308264 0.284635 -0.098077 0.122153 -0.058782 0.271979 -0.046040 -0.176255 0.370597 -0.116652 0.012810 -0.191229 -0.051937 0.312345 0.041234 0.033357 -0.077809 0.185896 -0.087515 0.177560 0.138276 0.017342 -0.056321 -0.149602 -0.121303 -0.124088 0.003881 0.158870 0.316362
0.084528 -0.330808 0.399790 0.115101 0.398557 0.145397 0.419374 0.073312 0.596451 -0.043529 0.542741 0.162586 0.511519 0.033603 1.000000 0.389265 0.068659 -0.090513 0.458028 -0.090373 0.023254 0.101773 0.571148 0.434226 0.174056 0.225681 0.223845 -0.027791 0.339732 -0.028546 0.355335 0.317010 -0.030636 0.227644 0.087778 -0.011058 0.032392 -0.043021 0.256650 -0.146183 0.046727 -0.136450 -0.210338 -0.188695 -0.395730 -0.292556 -0.363530 -0.377884 -0.450675 -0.398136 -0.025601 -0.368606 -0.305076 -0.278723 -0.120144 -0.226042 -0.324869 -0.252135 -0.089494 -0.592641 0.100091 -0.356819 -0.216767 -0.300289 0.541792 -0.042922 -0.072200 -0.138717 -0.167286 -0.191450 0.111515 0.114842 0.117803 0.128201 -0.043486 0.126975 0.227501 0.014073 -0.032140 -0.036850 -0.264077 -0.184465 0.415592 0.075787 0.451029 0.135167 0.094451 0.090640 0.401093 0.079428 -0.220906 0.061575 0.167705 0.351475 -0.108860 -0.131910 -0.117811 -0.163845 -0.460860 -0.269182 -0.055531 0.267629 -0.134675 -0.131869 -0.036886 -0.141584 -0.126101 -0.042778 -0.072582 -0.081804 0.010247 -0.083173 -0.041098 -0.159183 -0.265628 -0.178432
-0.058141 -0.181733 0.110757 0.181249 0.317039 0.474191 0.200453 0.442115 0.288251 0.403705 0.319617 0.642942 0.286548 0.564566 0.389265 1.000000 -0.163259 -0.263428 0.076252 0.047824 -0.021656 0.023288 0.055265 0.261423 0.106477 0.088656 0.194877 0.069582 0.008096 -0.049387 0.140541 0.229790 -0.034423 0.251697 0.163173 0.066994 -0.057809 -0.266638 -0.105637 0.180241 0.104436 -0.134014 -0.254520 -0.310668 -0.436474 -0.313070 -0.502955 -0.420343 -0.403023 -0.380297 -0.160528 -0.410978 -0.310071 -0.364044 -0.182182 -0.394119 -0.553338 -0.488473 0.026968 -0.172267 0.007978 0.173029 -0.320819 -0.271328 0.369788 0.368243 -0.145854 -0.038030 -0.279298 -0.337936 -0.058459 0.149861 -0.064471 0.025749 -0.136050 0.138831 0.014249 0.088173 -0.174546 -0.184321 -0.216921 -0.244865 0.122730 0.212548 0.245018 0.101789 -0.225229 -0.072641 0.649507 0.118046 0.221197 -0.046657 0.517523 0.252463 -0.120100 0.259134 -0.152912 0.048297 -0.405432 -0.066729 0.178848 0.198117 -0.021663 0.150726 0.134554 0.173779 0.207815 -0.047176 0.054259 -0.063659 -0.018059 -0.187514 0.122268 0.021696 0.108495 0.211804
0.437845 0.384306 -0.287632 -0.235129 -0.390722 -0.337752 0.036797 -0.440355 -0.029279 -0.323285 0.054916 -0.180783 0.214015 -0.017731 0.068659 -0.163259 1.000000 0.723001 0.100696 0.195214 0.072976 0.067962 -0.109100 -0.314587 -0.290906 -0.236826 -0.355488 -0.398042 0.503415 0.530111 -0.138713 -0.165312 0.383247 -0.031186 -0.474372 -0.387561 0.052509 0.459630 0.129997 0.093445 0.248133 0.121535 -0.104166 -0.056932 0.076593 -0.269414 0.241446 -0.119593 0.014124 -0.057418 -0.067291 0.047279 0.196648 0.205479 0.342130 0.357287 0.562380 0.466810 -0.012290 -0.001830 0.311538 0.039267 0.622768 0.557296 -0.380043 -0.346605 -0.141307 -0.615022 0.181128 0.015379 -0.011306 -0.156902 0.426651 0.239338 0.210162 0.212680 0.182833 0.056573 0.592865 0.520009 0.632953 0.638356 -0.050928 -0.077194 -0.247255 -0.160748 0.168915 0.014516 -0.155477 0.106515 -0.464866 -0.074664 -0.516749 -0.138919 -0.231200 -0.050106 0.124917 -0.220933 0.144703 -0.013056 -0.275098 0.069688 -0.123827 -0.266200 -0.367469 -0.645422 -0.276743 -0.056610 -0.284592 -0.040112 -0.412217 -0.035907 0.008657 -0.300156 -0.536178 -0.208413
0.174519 0.403035 -0.480088 -0.141783 -0.451073 -0.487272 -0.218104 -0.523131 -0.233919 -0.381168 -0.245913 -0.177129 -0.075283 0.061815 -0.090513 -0.263428 0.723001 1.000000 -0.071141 0.069053 0.026874 -0.071716 -0.126468 -0.401435 -0.306804 -0.256174 -0.468227 -0.375248 0.523548 0.710650 -0.111113 -0.176779 0.362962 -0.170404 -0.466361 -0.552595 0.212856 0.455385 0.031384 0.048810 0.259881 0.240913 0.011637 0.045924 0.193088 -0.107850 0.384481 0.042602 0.054990 0.032738 -0.004650 0.139180 0.349363 0.358650 0.260987 0.435733 0.554743 0.558106 -0.269538 0.107168 0.131279 0.143722 0.591910 0.703828 -0.440783 -0.354788 -0.271308 -0.661412 0.140898 -0.044074 -0.041929 -0.060657 0.550118 0.315841 0.356696 0.243127 0.308364 0.018440 0.569902 0.679406 0.700459 0.769538 -0.182750 0.031807 -0.428404 -0.151894 0.046449 -0.131491 -0.401901 -0.208247 -0.294264 -0.102562 -0.548978 -0.394622 0.008647 -0.089315 0.169607 -0.058938 0.444361 -0.044954 -0.245283 -0.153061 0.081787 -0.215544 -0.324973 -0.466370 -0.190387 0.084207 -0.141998 -0.224613 -0.293920 0.064950 -0.033627 -0.123640 -0.329925 0.002020
0.155071 -0.206805 0.460861 0.349490 0.188305 -0.077319 0.598056 0.135244 0.342901 0.089520 0.187671 -0.077383 0.186141 -0.085548 0.458028 0.076252 0.100696 -0.071141 1.000000 0.476753 0.153314 0.008244 0.477896 0.469360 0.025060 0.094428 0.101678 -0.048249 0.521838 0.053105 0.303526 0.360523 0.391576 0.515118 -0.161374 -0.063009 0.101102 -0.031223 0.046054 -0.063763 0.147706 0.009191 -0.552295 -0.508295 -0.583639 -0.645790 -0.458321 -0.472785 -0.518711 -0.566492 -0.451679 -0.519733 -0.400882 -0.311977 -0.140840 -0.342103 -0.224467 -0.263371 -0.113593 -0.370192 0.030322 -0.454805 0.000567 -0.137589 0.188450 -0.464136 -0.082011 -0.123435 0.092861 0.161548 0.349024 0.143334 0.241145 0.177281 0.091737 0.144698 0.195254 0.287227 -0.085671 -0.181386 -0.026942 -0.195796 0.648913 0.352023 0.361667 0.109159 0.192596 0.155934 0.520713 0.033846 -0.159901 0.199803 0.049961 0.351559 0.063185 -0.118746 -0.019045 -0.026155 -0.441223 -0.211262 -0.150311 0.420733 -0.098302 0.185517 0.059412 -0.057652 -0.096318 -0.114780 0.021940 -0.088084 -0.140451 -0.174674 -0.059985 -0.050785 -0.137373 -0.095440
0.158666 0.135997 0.011238 0.340546 -0.024422 0.031824 0.236809 0.188831 -0.036158 0.197228 -0.153603 -0.146470 -0.157489 -0.088387 -0.090373 0.047824 0.195214 0.069053 0.476753 1.000000 -0.128616 -0.019479 -0.057237 0.115108 -0.119285 -0.125206 -0.121764 -0.203616 0.228330 0.194564 -0.092877 0.107124 0.290703 0.467365 -0.264989 0.033788 0.082443 0.005058 -0.110120 0.270436 0.090666 0.011542 -0.449979 -0.388203 -0.432730 -0.541423 -0.229744 -0.135804 -0.362898 -0.444066 -0.537253 -0.370991 -0.290893 -0.155083 -0.163541 -0.241921 0.022954 -0.062398 -0.099119 -0.120087 -0.167875 -0.236252 0.077323 -0.036121 -0.256288 -0.512556 -0.281359 -0.120909 0.261841 0.395361 0.197920 0.111278 0.061205 0.040942 -0.012430 -0.015245 -0.010553 0.215073 0.191590 0.004973 0.368999 0.178619 0.325334 0.363174 -0.018169 -0.124653 -0.010817 0.304943 0.305867 0.163427 0.111942 0.220275 0.019690 0.302717 -0.103175 -0.031262 0.000352 0.069347 -0.080528 0.092144 0.002524 0.297190 0.049408 0.358093 0.163779 0.143747 0.175121 -0.134659 0.115256 0.117045 -0.120194 -0.043053 0.140170 0.084717 -0.025760 -0.063887
0.097860 -0.005690 0.013628 0.243498 0.043869 -0.102683 0.236116 0.042443 0.035513 0.135493 0.125978 0.122982 0.035227 0.019733 0.023254 -0.021656 0.072976 0.026874 0.153314 -0.128616 1.000000 0.403824 0.159464 0.112592 0.189963 0.228113 0.237966 0.206512 0.225931 0.188530 0.374553 0.279708 0.047141 0.091962 -0.198621 -0.062268 0.180939 -0.104406 0.125983 -0.177684 0.232396 0.100038 -0.117984 -0.154404 -0.106204 -0.209887 -0.165286 -0.276409 -0.136933 -0.160038 -0.026839 -0.220594 -0.049213 -0.263113 -0.005746 -0.310271 -0.074282 -0.059125 -0.171554 0.038151 0.125522 0.021128 0.021819 0.084124 0.147701 0.022524 -0.131883 -0.063397 -0.285934 -0.184364 0.177553 0.226961 0.139847 0.282264 0.143431 0.201656 0.233838 0.300893 -0.169003 -0.111068 -0.224627 -0.153857 0.155191 0.192675 0.045876 -0.015272 0.058991 -0.439113 0.174979 -0.311222 -0.177915 -0.171101 -0.092909 -0.156048 0.202070 -0.075794 0.206662 -0.220671 -0.093320 -0.279097 -0.053339 0.072200 0.115323 0.010019 0.024394 -0.166681 -0.375164 -0.005742 0.040367 -0.093648 -0.089599 0.091408 -0.143719 -0.095301 -0.029404 -0.035426
-0.006502 0.035394 -0.111387 0.226552 0.157601 -0.013064 -0.007435 -0.001997 -0.034749 -0.149840 -0.036551 0.152279 -0.065460 0.022120 0.101773 0.023288 0.067962 -0.071716 0.008244 -0.019479 0.403824 1.000000 0.227907 0.215056 0.323791 0.392166 0.260941 0.283614 0.119328 0.107836 0.314430 0.330017 -0.165175 0.256449 0.039386 0.025880 0.056516 -0.031920 0.260686 0.293204 0.120164 -0.020588 0.073625 -0.026049 -0.062369 -0.192890 -0.037828 -0.061289 -0.014942 -0.080123 0.061199 -0.105359 -0.060079 -0.128533 -0.107940 -0.255055 -0.069158 -0.068795 -0.292727 -0.201549 -0.068165 -0.096633 -0.119389 0.015170 0.058944 -0.019377 -0.271090 -0.206228 -0.235503 -0.333230 0.108738 0.266976 -0.078351 0.064284 -0.197303 0.094920 0.104285 0.291157 0.058480 -0.150910 -0.182761 -0.067288 0.108119 0.119284 -0.028971 -0.092018 -0.073599 -0.233299 0.053812 -0.156437 -0.138644 -0.033238 0.094867 0.064526 -0.311680 -0.030859 -0.006028 -0.375312 -0.037478 -0.046316 0.018361 -0.058595 0.027383 -0.158657 0.241998 -0.166190 0.001188 0.083120 0.116520 0.107924 0.009776 0.252839 -0.119095 -0.198993 0.033470 0.182107
-0.040176 -0.315641 0.200266 0.362347 0.424145 0.188207 0.123202 -0.026566 0.266393 -0.168373 0.178399 0.002339 -0.018497 -0.243712 0.571148 0.055265 -0.109100 -0.126468 0.477896 -0.057237 0.159464 0.227907 1.000000 0.713686 0.422417 0.524780 0.539466 0.286929 0.281419 -0.101378 0.672338 0.612512 -0.139621 0.403552 0.163615 0.157541 0.018068 -0.102406 0.287840 0.004623 0.169909 0.059668 -0.134162 -0.139079 -0.253485 -0.186411 -0.285564 -0.128616 -0.336764 -0.363810 -0.074591 -0.335180 -0.230921 -0.207315 -0.431697 -0.270286 -0.273818 -0.204191 -0.252400 -0.466379 -0.168607 -0.450413 -0.334382 -0.269552 0.438579 -0.205706 -0.204891 -0.069065 -0.147989 -0.107851 0.148028 0.228517 0.001779 0.167785 -0.014164 0.189055 0.218532 0.244575 -0.186922 -0.150174 -0.404150 -0.333841 0.621749 0.118225 0.477277 0.148683 0.280180 0.139817 0.271288 -0.143257 -0.259778 -0.103665 0.045099 0.141778 0.021396 -0.070285 -0.062174 -0.110026 -0.271563 -0.297432 -0.083259 -0.010913 -0.056286 -0.160928 0.055312 -0.113330 -0.068718 0.062275 0.005446 0.123127 0.170834 0.147548 0.018065 -0.111942 -0.262827 -0.097328
-0.084830 -0.433092 0.342284 0.626655 0.457059 0.388119 0.253724 0.471987 0.176738 0.243824 0.162079 0.244232 -0.064943 -0.135073 0.434226 0.261423 -0.314587 -0.401435 0.469360 0.115108 0.112592 0.215056 0.713686 1.000000 0.490478 0.678259 0.589970 0.460050 0.114659 -0.241123 0.643748 0.825812 -0.214184 0.661168 0.367507 0.485289 -0.054813 -0.320023 0.169541 0.161460 0.126706 -0.078059 -0.369605 -0.399395 -0.524448 -0.360629 -0.585451 -0.266405 -0.574753 -0.600287 -0.376168 -0.557224 -0.537797 -0.438029 -0.510074 -0.548663 -0.542524 -0.592003 -0.364603 -0.595014 -0.370583 -0.412516 -0.506722 -0.516915 0.467051 -0.044747 -0.349806 0.146746 -0.395306 -0.201609 0.384426 0.414663 -0.073334 0.127019 -0.020338 0.139484 0.124800 0.384209 -0.276048 -0.375362 -0.483141 -0.522294 0.728346 0.331841 0.541076 0.294465 0.029294 0.239165 0.508775 -0.029758 0.077140 -0.014143 0.456516 0.314002 -0.117878 0.091983 -0.191611 -0.124838 -0.490048 -0.086070 -0.024510 0.087210 -0.071430 0.095595 0.406131 0.159495 0.070805 -0.069189 0.171952 0.150768 0.286258 -0.104560 0.022380 0.026608 0.057501 0.085246
0.213541 -0.192968 0.030775 0.148982 0.398999 0.314417 -0.165898 0.096362 -0.071859 -0.034764 0.077878 0.118363 -0.164796 -0.276851 0.174056 0.106477 -0.290906 -0.306804 0.025060 -0.119285 0.189963 0.323791 0.422417 0.490478 1.000000 0.744109 0.699540 0.591806 -0.164565 -0.259849 0.531763 0.414262 -0.328122 0.238478 0.328052 0.438608 -0.130529 -0.310021 0.326105 0.230312 0.061417 -0.072771 -0.115767 -0.038962 -0.082547 0.020420 -0.370710 -0.016020 -0.228305 -0.227207 -0.023345 -0.245827 -0.277023 -0.294155 -0.321000 -0.278951 -0.248239 -0.213950 0.053631 -0.315953 -0.329481 -0.308014 -0.399352 -0.369651 0.386384 0.090518 -0.076212 0.262101 -0.316136 -0.291139 0.013828 0.212079 -0.301908 -0.031585 -0.205009 -0.047525 -0.088839 0.139205 -0.161511 -0.093310 -0.356287 -0.196337 0.324026 0.143525 0.465856 0.173662 -0.048731 -0.028810 0.198669 -0.227419 -0.081179 -0.186178 0.072050 0.083993 0.048398 -0.117087 0.102947 -0.152737 -0.242960 0.067881 -0.122995 -0.234676 -0.011544 0.036918 0.295502 0.200792 -0.082633 0.050193 0.107972 0.037008 0.636960 0.080112 -0.059501 0.231728 0.115180 0.226599
0.131170 -0.093745 -0.007127 0.403225 0.291781 0.241060 -0.183035 0.118229 -0.149475 -0.120867 0.016056 0.171543 -0.186105 -0.193766 0.225681 0.088656 -0.236826 -0.256174 0.094428 -0.125206 0.228113 0.392166 0.524780 0.678259 0.744109 1.000000 0.589477 0.632279 -0.047736 -0.180953 0.531572 0.681886 -0.305889 0.458846 0.275855 0.367679 0.084753 -0.294290 0.265850 0.230713 0.235075 0.117848 -0.151086 -0.196812 -0.156990 -0.121444 -0.366272 -0.062166 -0.351463 -0.361411 -0.196610 -0.378303 -0.382738 -0.341734 -0.385408 -0.326646 -0.268958 -0.313650 -0.242740 -0.414464 -0.306668 -0.325235 -0.332163 -0.317658 0.301543 -0.018127 -0.243115 0.136024 -0.319327 -0.286947 0.209933 0.320135 -0.168007 0.146422 -0.081346 -0.020108 0.057320 0.305501 -0.267359 -0.216101 -0.326907 -0.266159 0.457260 0.386967 0.417407 0.263612 -0.047013 0.058200 0.152904 -0.224933 -0.066111 -0.171890 0.176794 0.065550 0.022099 -0.009766 0.038433 -0.125150 -0.267646 0.025466 -0.130447 -0.067922 -0.012140 0.001914 0.318098 0.115273 -0.158939 0.165176 0.311742 -0.061334 0.491410 0.048890 -0.109944 -0.014590 0.068797 0.151941
0.067413 -0.316820 0.118551 0.212662 0.527151 0.557358 -0.106028 0.229728 0.031044 0.124690 0.244947 0.103649 -0.162853 -0.298095 0.223845 0.194877 -0.355488 -0.468227 0.101678 -0.121764 0.237966 0.260941 0.539466 0.589970 0.699540 0.589477 1.000000 0.594449 -0.193404 -0.465368 0.447160 0.481238 -0.466450 0.272799 0.276912 0.409741 -0.094156 -0.323662 0.225229 0.003392 0.149184 -0.030652 -0.072883 -0.003080 -0.195431 -0.048153 -0.313502 -0.056760 -0.198279 -0.302932 0.012331 -0.232245 -0.229785 -0.165815 -0.395586 -0.349404 -0.356249 -0.294505 0.114842 -0.258346 -0.292808 -0.234008 -0.439079 -0.471784 0.439639 0.141346 -0.074657 0.250432 -0.273222 -0.129619 0.089240 0.137665 -0.369745 -0.230219 -0.315700 -0.161420 -0.231591 -0.022734 -0.324595 -0.288252 -0.475770 -0.351306 0.434035 0.118390 0.582085 0.262450 0.026505 0.177170 0.272408 -0.007940 -0.020279 -0.325110 0.234758 0.113275 0.100531 0.081045 0.061352 -0.123467 -0.325034 -0.121163 -0.107211 -0.055126 -0.083630 0.087098 0.132024 0.209295 0.017014 0.012131 0.033871 0.184075 0.324576 0.007338 -0.122206 0.060944 0.002183 -0.076158
-0.132174 -0.255557 0.112537 0.341842 0.222004 0.311043 -0.161734 0.412391 -0.045775 0.147184 0.030712 0.315163 -0.227433 -0.102634 -0.027791 0.069582 -0.398042 -0.375248 -0.048249 -0.203616 0.206512 0.283614 0.286929 0.460050 0.591806 0.632279 0.594449 1.000000 -0.316733 -0.494177 0.274168 0.361532 -0.437714 0.148561 0.371775 0.386670 -0.250328 -0.521267 -0.066896 0.116167 -0.003788 0.007850 -0.056782 -0.079960 -0.107372 0.043316 -0.324701 -0.075626 -0.123995 -0.068125 0.015522 -0.073593 -0.244962 -0.191090 -0.397581 -0.349494 -0.256987 -0.280489 -0.063985 -0.115856 -0.385827 -0.052851 -0.454434 -0.388347 0.312303 0.244504 0.004197 0.337046 -0.310786 -0.325118 0.158228 0.150943 -0.447993 -0.087477 -0.287722 -0.140417 -0.126954 0.139703 -0.281019 -0.204361 -0.445738 -0.407882 0.330617 0.232393 0.366512 0.359431 -0.129154 -0.027368 0.132214 0.027002 0.250936 -0.110508 0.365476 0.115897 -0.144983 0.199370 -0.211059 -0.326525 -0.263985 -0.025368 0.075682 -0.048406 0.100401 0.024323 0.302497 0.161500 -0.028936 -0.084315 0.177782 0.101896 0.219561 0.120968 -0.220487 0.203207 0.235184 0.129931
0.211026 0.087920 -0.042913 0.196247 -0.040301 -0.347889 0.413501 -0.210988 0.094903 -0.218660 0.148477 0.056372 0.261816 0.151319 0.339732 0.008096 0.503415 0.523548 0.521838 0.228330 0.225931 0.119328 0.281419 0.114659 -0.164565 -0.047736 -0.193404 -0.316733 1.000000 0.680797 0.387399 0.313572 0.542256 0.355574 -0.323945 -0.394022 0.283561 0.361406 0.028185 0.024922 0.382377 0.132429 -0.359044 -0.372548 -0.315483 -0.523199 -0.135759 -0.439620 -0.333818 -0.380370 -0.364838 -0.368861 -0.121627 -0.157625 0.009736 -0.073657 0.013295 -0.013723 -0.375677 -0.373948 0.303001 -0.169542 0.379977 0.394086 -0.035975 -0.371761 -0.282145 -0.518278 -0.134891 -0.151680 0.348886 0.137426 0.754495 0.484594 0.418617 0.482281 0.497786 0.373601 0.417929 0.257155 0.254672 0.249609 0.248555 0.222286 -0.108798 0.007759 0.281127 -0.119299 0.101150 -0.290075 -0.378624 0.037316 -0.305199 -0.073940 0.053393 0.025903 -0.073522 -0.126782 -0.057517 -0.211630 -0.219681 0.272896 0.044952 -0.157713 -0.171091 -0.501794 -0.116225 -0.056341 -0.152906 -0.230727 -0.339060 -0.011636 0.062934 -0.157267 -0.340650 0.026793
0.186247 0.354332 -0.359122 0.055048 -0.240999 -0.380490 0.068726 -0.370717 -0.126657 -0.215456 -0.162837 -0.042352 0.077790 0.245873 -0.028546 -0.049387 0.530111 0.710650 0.053105 0.194564 0.188530 0.107836 -0.101378 -0.241123 -0.259849 -0.180953 -0.465368 -0.494177 0.680797 1.000000 0.074628 0.026775 0.559088 0.148535 -0.418059 -0.425985 0.458935 0.436487 0.013126 0.161506 0.300046 0.257204 -0.127380 -0.168141 -0.011956 -0.228083 0.121248 -0.109611 -0.160454 -0.105881 -0.249514 -0.180841 0.068186 -0.025445 0.139833 0.139758 0.171644 0.197812 -0.378376 -0.061218 0.214955 0.065799 0.497483 0.546892 -0.329263 -0.310280 -0.397820 -0.575251 -0.124691 -0.199018 0.128733 0.136498 0.730606 0.556215 0.536151 0.422984 0.536932 0.345465 0.494111 0.376441 0.510567 0.548171 -0.170477 0.122898 -0.460606 -0.283071 0.071314 -0.289105 -0.131353 -0.385595 -0.295022 0.107801 -0.403274 -0.194746 0.099129 -0.079981 0.061828 -0.024508 0.293492 0.003000 -0.147095 0.023214 0.027564 -0.107029 -0.194194 -0.371511 -0.072198 0.028422 -0.052549 -0.301304 -0.209467 0.090078 0.155712 -0.160926 -0.241552 0.090829
-0.008832 -0.158181 0.158599 0.487048 0.451448 0.086444 0.216327 0.154591 0.146052 0.058106 0.219190 0.291118 0.056914 -0.073214 0.355335 0.140541 -0.138713 -0.111113 0.303526 -0.092877 0.374553 0.314430 0.672338 0.643748 0.531763 0.531572 0.447160 0.274168 0.387399 0.074628 1.000000 0.747750 0.022000 0.521150 0.286678 0.205304 -0.010352 -0.072641 0.318170 0.081700 0.325494 -0.047029 -0.329992 -0.334229 -0.370432 -0.298823 -0.447730 -0.315112 -0.461210 -0.421897 -0.289488 -0.487886 -0.382899 -0.457737 -0.454587 -0.380791 -0.384296 -0.321388 -0.375894 -0.498896 -0.061073 -0.208959 -0.303911 -0.106994 0.463972 0.092369 -0.327462 -0.072598 -0.445033 -0.414615 0.247193 0.341038 0.284677 0.305021 0.165941 0.367408 0.305197 0.419138 -0.023938 -0.080490 -0.443587 -0.377943 0.400116 0.123603 0.233742 0.137169 0.103327 -0.029767 0.293738 -0.377903 -0.216553 -0.169624 0.030364 -0.039852 -0.011854 0.074778 -0.029636 -0.119978 -0.265302 -0.172274 -0.022091 -0.089946 0.174668 -0.104340 0.223831 -0.118727 -0.058192 -0.006792 -0.054966 0.064009 0.298385 0.137424 0.089547 0.037079 -0.078173 0.211142
0.001398 -0.185271 0.105204 0.724452 0.298054 0.219876 0.154205 0.361201 0.007294 0.100224 0.094058 0.338800 -0.082784 -0.005933 0.317010 0.229790 -0.165312 -0.176779 0.360523 0.107124 0.279708 0.330017 0.612512 0.825812 0.414262 0.681886 0.481238 0.361532 0.313572 0.026775 0.747750 1.000000 -0.058381 0.747927 0.227748 0.272508 0.078034 -0.171224 0.245501 0.110654 0.321678 -0.098844 -0.421465 -0.455548 -0.530893 -0.474107 -0.589032 -0.392603 -0.618637 -0.660342 -0.477892 -0.662679 -0.542161 -0.484998 -0.567201 -0.529741 -0.456037 -0.511976 -0.477813 -0.561999 -0.124105 -0.249185 -0.278848 -0.186928 0.400457 -0.003363 -0.422977 -0.061748 -0.468319 -0.328381 0.456668 0.472205 0.202250 0.254063 0.101795 0.304127 0.345017 0.573982 -0.076054 -0.211730 -0.379531 -0.351151 0.554078 0.335192 0.371160 0.258885 0.068783 0.107614 0.374480 -0.244345 -0.091471 -0.121596 0.317297 0.140239 -0.114923 0.216395 -0.121659 -0.148167 -0.451431 -0.089905 -0.037354 0.103943 0.142235 0.002213 0.400380 -0.024772 0.088328 0.065412 0.098076 0.132603 0.223897 -0.075844 -0.000120 -0.043045 -0.063763 0.096211
0.237219 0.290303 0.118605 -0.043285 -0.170518 -0.372472 0.334212 -0.236810 0.084762 -0.059757 0.035656 -0.084426 0.255210 0.237736 -0.030636 -0.034423 0.383247 0.362962 0.391576 0.290703 0.047141 -0.165175 -0.139621 -0.214184 -0.328122 -0.305889 -0.466450 -0.437714 0.542256 0.559088 0.022000 -0.058381 1.000000 0.295523 -0.280440 -0.299846 0.276623 0.385410 -0.025687 -0.000039 0.144014 0.103012 -0.303405 -0.320377 -0.174156 -0.377315 -0.044472 -0.261692 -0.225964 -0.154508 -0.328642 -0.346115 -0.154565 -0.192808 0.143431 0.010291 0.124631 0.150800 -0.033838 -0.034743 0.387175 0.027899 0.450529 0.418281 -0.174518 -0.230333 -0.030540 -0.321574 0.087543 0.057840 0.154894 -0.124642 0.603663 0.344242 0.506828 0.392414 0.409434 0.291232 0.369343 0.153203 0.357092 0.298863 -0.098870 -0.053470 -0.268165 -0.185347 0.126639 -0.192695 0.111986 -0.192064 -0.403431 0.126231 -0.380203 0.031374 0.071319 -0.108282 0.166059 0.010044 -0.060812 0.014980 -0.108639 0.132310 -0.101643 -0.131684 -0.227445 -0.365342 -0.069543 -0.000728 -0.172013 -0.248177 -0.252515 -0.209251 -0.022020 -0.094859 -0.210117 -0.065190
0.180073 -0.028138 0.215726 0.633639 0.320200 0.177239 0.309315 0.387158 0.062128 0.283359 0.154302 0.247192 0.028638 0.076214 0.227644 0.251697 -0.031186 -0.170404 0.515118 0.467365 0.091962 0.256449 0.403552 0.661168 0.238478 0.458846 0.272799 0.148561 0.355574 0.148535 0.521150 0.747927 0.295523 1.000000 0.087226 0.365805 0.160305 -0.085527 0.058726 0.316474 0.299846 0.002176 -0.626379 -0.649640 -0.599502 -0.625471 -0.602742 -0.440676 -0.724359 -0.689961 -0.666922 -0.777352 -0.660297 -0.579660 -0.489882 -0.512799 -0.386268 -0.491399 -0.352187 -0.483236 -0.014036 -0.163087 -0.063751 -0.086123 0.280222 -0.079763 -0.368394 -0.099114 -0.175987 -0.038311 0.313368 0.311433 0.199119 0.149495 0.095623 0.185646 0.220536 0.544114 0.042858 -0.240224 -0.081229 -0.213618 0.552808 0.407648 0.280372 0.119386 0.056601 0.131885 0.522297 -0.087369 -0.124088 -0.094484 0.175312 0.241135 -0.139933 0.137498 -0.107813 -0.112815 -0.529619 -0.100128 0.013332 0.134901 -0.073757 0.044153 0.246763 -0.009889 0.141559 0.115757 0.052084 -0.074488 0.052168 -0.214382 -0.062738 -0.097130 -0.135377 -0.073554
-0.247108 -0.374906 0.196270 0.185756 0.281981 0.300103 -0.059092 0.342902 0.110027 0.151607 0.114655 0.272659 -0.031069 0.036329 0.087778 0.163173 -0.474372 -0.466361 -0.161374 -0.264989 -0.198621 0.039386 0.163615 0.367507 0.328052 0.275855 0.276912 0.371775 -0.323945 -0.418059 0.286678 0.227748 -0.280440 0.087226 1.000000 0.631353 -0.207081 -0.168802 0.050077 0.105141 -0.076700 -0.151211 -0.012555 -0.045374 -0.103580 0.234142 -0.313305 -0.005277 -0.061069 0.041482 -0.016985 -0.104706 -0.243648 -0.327059 -0.369629 -0.334544 -0.387322 -0.402702 -0.039346 -0.192409 -0.205532 -0.011177 -0.474559 -0.467276 0.482396 0.438230 0.153007 0.475866 -0.314440 -0.274585 0.089839 0.179179 -0.285204 -0.205689 -0.125885 -0.067675 -0.030860 0.099853 -0.245112 -0.251647 -0.500510 -0.504695 0.073955 -0.121898 0.181596 0.028323 -0.298289 0.054697 0.139045 -0.068412 0.258429 0.170081 0.431706 0.256355 -0.172746 0.225096 -0.138165 0.026757 -0.248267 0.120675 0.025921 -0.122698 -0.127350 0.012195 0.284543 0.305051 0.078968 -0.107897 0.186556 0.219166 0.346654 0.144472 -0.003453 -0.074892 0.321994 0.282651
0.063508 -0.341955 0.207880 0.175440 0.275832 0.415516 -0.009301 0.462506 0.065763 0.410706 0.197769 0.069357 -0.022437 -0.223249 -0.011058 0.066994 -0.387561 -0.552595 -0.063009 0.033788 -0.062268 0.025880 0.157541 0.485289 0.438608 0.367679 0.409741 0.386670 -0.394022 -0.425985 0.205304 0.272508 -0.299846 0.365805 0.631353 1.000000 -0.227889 -0.335385 -0.138269 0.200575 -0.169595 -0.147046 -0.269173 -0.217565 -0.195171 0.060346 -0.413574 -0.028631 -0.237106 -0.113303 -0.142714 -0.186096 -0.374002 -0.353349 -0.486824 -0.393260 -0.309450 -0.421888 0.032399 -0.174890 -0.246508 -0.091704 -0.431230 -0.546983 0.434832 0.334592 0.053275 0.565772 -0.175573 0.090181 0.076690 0.287447 -0.434516 -0.267648 -0.202189 -0.161036 -0.106264 0.191725 -0.182185 -0.346471 -0.390177 -0.441621 0.228993 0.040710 0.364142 0.092113 -0.157152 0.111184 0.267835 0.010493 0.263416 0.062034 0.385320 0.292651 -0.099190 0.072488 -0.159627 -0.058455 -0.360056 0.066269 0.102007 -0.129106 -0.232597 0.151620 0.243976 0.375910 0.125655 -0.096520 0.109616 0.161287 0.372966 -0.059292 -0.016873 -0.062577 0.182829 -0.009131
