1.000000 0.399218 -0.122743 0.124600 -0.350887 -0.086669 -0.245361 -0.247213 -0.265986 -0.063277 0.301102 0.136996 0.131281 0.113046 0.133855 0.065654 0.016320 0.221320 0.379829 0.166761 -0.091376 -0.309149 0.157258 0.239063 -0.124186 -0.129329 0.058981 0.016321 -0.232837 -0.244822 -0.200010 -0.259814 -0.019171 -0.256940 0.025853 -0.047701 -0.071621 -0.038001 -0.036570 0.230588 -0.233758 0.026350 -0.059693 -0.086031 -0.140828 -0.220676 0.090986 -0.103209 -0.175826 -0.366480 0.276910 -0.071588 0.313706 0.133273 0.227841 -0.121994 0.558103 0.265383 0.120715 -0.276020 0.141940 -0.030819 -0.123393 0.124472 0.011043 0.143039 -0.186226 -0.205599 0.417482 -0.101747 0.009884 -0.167712 -0.214367 -0.212397 -0.115355 0.016118 0.107682 0.002186 -0.156616 0.188772 -0.187449 -0.131984 -0.101688 -0.093565 0.194061 0.122358 -0.171420 -0.248153 0.000483 -0.003949 -0.227037 -0.074321 -0.092048 -0.101319 -0.127260 0.001851 -0.140239 -0.103826 0.004516 0.131997 -0.338518 -0.071771 -0.140671 0.210959 0.193640 0.158088 0.128519 0.085402 -0.191647 0.033167 -0.010985 -0.166310 -0.075605 0.110538 0.277856 0.041746
0.399218 1.000000 -0.301837 0.474090 -0.405967 -0.109010 -0.339560 0.033212 -0.220869 0.022283 -0.005687 0.337478 -0.198628 0.028623 0.012336 0.227373 0.033164 0.154058 0.317241 0.435403 -0.066292 -0.145161 -0.032423 0.115538 -0.268767 -0.146121 -0.112443 -0.160223 0.045896 0.238818 -0.123877 -0.184824 0.027385 -0.246685 -0.149642 -0.055715 0.128751 0.162083 -0.093492 0.194773 -0.208927 0.166788 -0.140202 -0.299850 -0.123123 -0.288705 0.197182 -0.128198 -0.224207 -0.127128 0.129858 0.180368 0.305443 0.362754 0.139656 0.069544 0.283944 0.382093 -0.241513 -0.160020 -0.198141 -0.089444 0.173283 0.096027 -0.137408 -0.064684 -0.227031 -0.345423 0.330663 0.041398 0.000772 -0.101369 -0.052344 0.014009 -0.042426 0.196210 0.121051 0.114248 -0.089030 0.022478 0.147660 0.081973 -0.040323 0.203200 0.110171 0.281491 -0.141343 -0.087049 -0.150671 0.203275 -0.304901 -0.135567 -0.160586 -0.560221 -0.079853 0.083216 -0.092228 -0.126886 -0.064704 -0.091458 -0.320305 -0.328209 -0.331949 -0.223762 -0.114526 -0.026094 0.236129 -0.071977 0.020748 -0.103181 -0.192890 0.011871 0.147843 -0.072142 -0.204159 -0.040990
-0.122743 -0.301837 1.000000 0.008037 0.254346 0.189443 0.311724 0.017890 0.311560 0.090746 -0.211302 -0.429832 -0.053113 -0.137182 0.143469 -0.096455 -0.222448 0.015927 -0.160652 -0.264655 0.285630 0.166981 0.359671 0.178488 0.372661 0.306262 0.289854 0.111463 -0.181643 -0.207339 0.335602 0.313113 0.181396 0.132244 0.369788 0.112125 -0.079347 -0.143444 -0.048842 -0.201409 0.144447 0.046748 -0.082718 0.068463 -0.234839 -0.050517 -0.193409 -0.134630 -0.281112 -0.316775 0.184742 -0.332398 -0.285836 -0.315868 -0.091674 -0.336591 -0.237435 -0.069596 -0.006217 -0.066647 -0.134177 -0.144631 -0.152861 -0.240357 0.219191 -0.020416 0.137244 0.291270 -0.268728 -0.211244 0.361409 0.326405 -0.035843 0.151460 0.190853 0.047738 0.059931 -0.068599 0.063923 -0.002420 -0.239273 -0.079758 -0.270114 -0.203706 0.115731 -0.306488 -0.042725 -0.035213 0.074616 -0.022031 0.180347 -0.153490 -0.044356 0.126739 -0.001491 0.041121 0.047388 -0.072584 -0.247341 -0.155778 -0.049931 0.284383 0.090918 0.260046 -0.150532 0.130200 -0.437821 -0.174035 -0.055218 -0.056043 0.345404 0.247377 0.095012 -0.005434 0.187175 -0.105165
0.124600 0.474090 0.008037 1.000000 -0.306769 0.003880 -0.401752 0.011499 -0.195757 0.074339 -0.088951 0.074058 -0.258390 -0.196388 0.317958 0.301022 0.008651 0.121090 0.335896 0.297633 -0.073942 -0.096390 0.304121 0.616960 -0.198268 -0.047668 0.217975 0.101076 -0.296243 -0.201661 -0.171967 -0.062719 0.034909 -0.252929 0.251886 0.163292 -0.055689 -0.167553 -0.137881 -0.052629 -0.025375 -0.070646 -0.241879 -0.269128 -0.242080 -0.103481 0.044750 -0.273724 -0.343077 -0.092160 0.278917 0.105908 0.262293 0.234599 0.033394 -0.189571 0.083376 0.228523 -0.252929 -0.080139 -0.346329 -0.164193 0.058085 -0.156858 0.135788 0.259305 -0.215473 0.057139 0.274058 0.109660 -0.044190 0.059723 -0.288264 -0.082671 -0.072846 0.097346 -0.086600 -0.165222 -0.034725 0.132984 -0.175600 -0.111355 -0.089347 0.054598 0.177334 0.062808 0.004054 -0.085745 -0.070097 0.376569 0.099372 0.023292 0.157380 -0.412191 0.057710 0.051778 -0.320107 0.057479 -0.094632 -0.209963 -0.121742 -0.200512 -0.243377 -0.401373 -0.172743 0.113660 0.136584 -0.334840 -0.001600 -0.139202 -0.035485 0.143600 -0.010497 0.031649 -0.024687 0.213376
-0.350887 -0.405967 0.254346 -0.306769 1.000000 0.238231 0.554238 0.198848 0.650926 0.136411 0.044559 -0.300622 0.279426 0.081746 -0.209085 -0.208469 -0.127163 0.005768 -0.174694 -0.036734 0.081622 -0.023836 -0.272637 -0.336078 0.181581 0.169567 0.054397 -0.056365 0.027464 0.118494 0.018885 0.159757 0.128748 0.315771 -0.146194 -0.185458 -0.055072 -0.016171 -0.143199 -0.416455 0.049636 -0.070610 0.132270 0.078735 0.027143 -0.046573 -0.219524 0.067274 0.133397 0.172854 -0.282612 -0.123023 -0.387755 -0.184680 -0.437361 -0.107770 -0.140274 0.019864 0.160858 0.144305 0.327488 0.121307 0.063123 0.174979 -0.146509 -0.289362 0.202483 -0.047292 -0.124375 -0.008104 0.306744 0.166716 0.024259 0.308456 0.174078 0.025258 0.036546 -0.039202 0.022394 -0.214070 -0.096424 -0.087329 -0.168490 -0.094649 -0.393488 -0.205875 0.125392 -0.018687 0.042044 -0.126200 0.245090 0.218970 0.020671 0.347448 -0.059858 -0.215711 0.137204 0.028075 0.064027 0.013707 0.170405 0.078340 0.050741 0.026390 -0.237834 -0.021165 -0.160137 0.162032 0.078473 -0.072776 -0.060860 0.135999 0.049455 -0.149671 0.186778 -0.054544
-0.086669 -0.109010 0.189443 0.003880 0.238231 1.000000 0.243660 0.268860 0.273576 0.161422 -0.112987 -0.153838 0.136702 0.245804 -0.118179 -0.205399 -0.194324 0.034873 -0.055951 -0.024637 0.039606 0.017119 -0.190711 0.075393 -0.001606 0.146811 -0.028319 0.038218 0.028241 -0.060717 0.281295 0.106864 0.000008 0.272843 -0.067958 -0.022925 -0.228457 -0.337676 -0.262041 -0.164292 -0.192302 -0.130873 -0.028103 0.007570 -0.068730 0.014848 -0.182950 -0.069132 0.055528 0.149262 0.047355 0.014798 0.017730 0.023881 -0.190557 -0.088545 -0.205560 0.030346 0.025091 0.104840 0.187158 0.269167 -0.027245 0.079819 -0.124406 -0.170379 -0.016196 -0.029579 -0.146666 0.025876 0.012992 0.122631 -0.120792 0.139911 -0.017093 -0.039461 -0.082899 -0.042812 -0.184962 -0.180323 -0.107516 -0.176958 -0.053450 -0.038361 -0.075416 -0.102310 -0.057402 -0.309534 -0.212392 -0.266923 0.087358 -0.036546 0.050470 0.072208 0.017971 -0.010559 -0.139366 -0.081491 -0.179106 -0.061952 0.104944 0.254264 -0.138943 0.291600 -0.036949 0.104656 -0.205210 -0.098340 -0.094990 -0.045140 -0.047056 0.208539 0.043424 0.007452 0.198695 -0.024827
-0.245361 -0.339560 0.311724 -0.401752 0.554238 0.243660 1.000000 0.514541 0.469646 0.181812 0.108121 0.017417 0.523469 0.407250 -0.071262 -0.148580 -0.139470 -0.054714 -0.400836 -0.178239 0.127212 0.117854 -0.322020 -0.300407 0.150414 0.181493 -0.287511 -0.242493 0.319320 0.283175 0.172286 0.215272 0.121621 0.317180 -0.158073 -0.405417 0.127494 -0.099545 -0.055814 -0.313218 0.107626 0.080324 -0.035103 -0.149208 -0.198414 -0.263969 -0.142206 -0.135341 0.078006 -0.064873 -0.184846 -0.145405 -0.178247 -0.098797 -0.394432 -0.151871 -0.215345 -0.253803 0.093010 0.079620 0.315599 0.181167 0.197318 0.221281 -0.165386 -0.400508 -0.046476 -0.271094 -0.394635 -0.176138 0.265235 0.015340 0.277672 0.349955 0.294856 0.123178 0.212080 0.109756 -0.019910 -0.263142 0.179955 0.042930 0.009872 0.179490 -0.449988 -0.104364 -0.053078 -0.232114 -0.104073 -0.173864 0.311274 0.174499 0.048784 0.339635 -0.182507 -0.194191 -0.019429 -0.047367 0.059760 0.085608 0.203762 0.225192 0.253572 0.182916 -0.069291 -0.171983 -0.139032 -0.034889 -0.021511 -0.146823 -0.245787 0.188293 0.017209 0.012062 0.087914 -0.197901
-0.247213 0.033212 0.017890 0.011499 0.198848 0.268860 0.514541 1.000000 0.314440 0.612526 -0.124769 0.445747 0.015370 0.677948 -0.015728 0.270550 -0.200030 -0.035601 -0.419162 0.018129 -0.324138 -0.119072 -0.524078 -0.165307 -0.228000 -0.070360 -0.512548 -0.442072 0.275963 0.332794 0.080771 -0.059618 -0.184263 0.094973 -0.215239 -0.488073 0.153399 -0.043913 -0.242179 -0.171570 0.039826 0.025676 -0.219287 -0.433960 -0.389674 -0.362563 -0.275697 -0.323171 0.033394 -0.040268 -0.266735 0.093892 0.044933 0.015201 -0.317275 -0.012892 -0.223255 0.052170 -0.177885 0.239627 0.106669 0.500327 0.275990 0.555340 -0.320874 -0.215182 -0.108017 -0.320346 -0.268638 0.012637 0.076602 -0.071857 0.213923 0.201497 0.080139 0.243224 0.113772 0.126182 -0.171884 -0.317135 0.188757 -0.042611 0.187705 0.275556 -0.398409 -0.065505 -0.209561 -0.218062 -0.073986 0.053602 0.483016 0.038180 0.312603 0.060322 -0.131035 0.023688 -0.232350 0.133438 0.118768 -0.053630 0.368986 0.001750 0.359321 -0.029513 0.106895 0.030724 0.093960 -0.057362 0.109473 -0.131269 -0.483035 0.242684 0.133899 -0.024319 0.005919 -0.103731
-0.265986 -0.220869 0.311560 -0.195757 0.650926 0.273576 0.469646 0.314440 1.000000 0.465462 -0.124804 -0.220707 0.053137 0.181115 -0.051866 0.083704 -0.384365 0.055229 -0.220422 -0.021142 0.047950 0.022229 -0.242582 -0.148161 0.013891 0.108689 -0.101468 -0.184357 0.161408 0.236910 0.238011 0.244431 -0.045490 0.236089 -0.071219 0.002851 -0.007188 -0.241188 -0.104326 -0.295346 -0.043899 -0.046674 -0.025361 -0.056479 -0.099644 -0.091901 -0.319593 -0.065268 -0.065907 0.021927 -0.247339 -0.172075 -0.153380 -0.113823 -0.304048 -0.192611 -0.268882 0.066274 -0.070539 0.045009 0.111890 0.089416 0.061790 0.174458 -0.017508 -0.213410 -0.039097 -0.140124 -0.137171 0.016532 0.091640 0.018701 0.113275 0.297839 0.181969 0.049268 0.125392 -0.063038 -0.167939 -0.162297 -0.052085 -0.118928 0.064276 0.085069 -0.242281 -0.138822 0.047701 0.106019 -0.002018 -0.023553 0.343576 0.247790 0.100443 0.277265 -0.063237 -0.131251 -0.058419 0.108257 0.161396 0.018902 0.129057 0.059077 0.029524 -0.067978 -0.069033 -0.003189 -0.135247 -0.081185 0.112055 -0.237071 -0.065751 0.242239 0.262754 -0.139946 0.036588 -0.241546
-0.063277 0.022283 0.090746 0.074339 0.136411 0.161422 0.181812 0.612526 0.465462 1.000000 -0.018618 0.198990 -0.206067 0.450550 0.199060 0.522321 -0.210805 0.118901 -0.210356 -0.053376 -0.218785 -0.219169 -0.225734 0.034368 -0.265322 -0.192045 -0.344644 -0.413168 0.137006 0.195113 -0.081613 -0.143801 -0.301627 0.014044 0.131568 -0.137316 0.140598 -0.092897 -0.167607 -0.043064 0.001335 -0.079180 -0.296534 -0.355024 -0.401608 -0.286462 -0.239973 -0.374934 -0.218191 -0.178174 -0.222507 -0.087632 -0.031815 -0.022416 -0.137222 -0.112272 -0.003292 0.173378 -0.176814 0.042021 0.035886 0.353525 0.208755 0.403096 0.050067 0.093151 -0.094285 -0.178038 -0.071036 -0.073438 -0.040861 -0.176774 0.137173 -0.029790 -0.022811 0.196319 0.056633 -0.090876 -0.183038 -0.066532 0.014745 -0.075243 0.356150 -0.013687 -0.156580 -0.160802 -0.002649 0.027881 0.005358 0.124851 0.337536 0.120737 0.352052 0.033204 -0.042732 0.042088 -0.131413 0.117458 0.097484 -0.015203 0.007670 -0.128226 0.161361 -0.079472 0.112113 0.104021 0.086359 -0.028801 0.248388 -0.124083 -0.353006 0.289560 0.182214 -0.014769 0.005071 -0.032427
0.301102 -0.005687 -0.211302 -0.088951 0.044559 -0.112987 0.108121 -0.124769 -0.124804 -0.018618 1.000000 0.193923 0.579975 0.256244 0.336751 0.186476 0.075161 0.103271 0.054627 0.034874 -0.010000 -0.316955 0.147306 0.052046 -0.061741 -0.271868 0.069638 -0.044356 -0.144487 -0.247444 -0.428650 -0.257533 -0.072249 -0.293254 -0.003000 0.025074 -0.111649 -0.100272 0.007881 -0.038110 -0.140176 -0.241965 -0.151122 -0.298504 -0.020476 -0.067552 0.047912 -0.199226 -0.112240 -0.115832 0.084428 -0.216778 -0.056726 -0.042301 -0.132360 -0.188521 0.177482 -0.039289 0.498509 0.056075 0.432454 0.153843 0.108441 0.171744 0.114759 0.173879 0.063264 -0.219575 0.194898 0.074065 -0.099576 -0.403539 -0.249963 -0.267992 -0.169566 -0.220541 -0.146322 -0.277735 -0.046624 0.114420 0.044509 0.078260 0.307577 -0.109303 0.148193 0.278260 0.153437 -0.225536 0.167693 0.046059 -0.026626 0.042009 -0.027922 0.294783 0.081793 -0.026494 0.011084 -0.038058 -0.121939 0.058255 -0.293003 -0.007657 -0.140526 0.019645 0.009015 -0.100509 0.155948 0.097506 0.106080 -0.146390 -0.035808 -0.148530 -0.178120 0.019669 0.044809 0.035309
0.136996 0.337478 -0.429832 0.074058 -0.300622 -0.153838 0.017417 0.445747 -0.220707 0.198990 0.193923 1.000000 0.085567 0.554829 0.238440 0.528347 -0.073214 -0.156937 -0.055023 0.250057 -0.426554 -0.400865 -0.260520 -0.007003 -0.508952 -0.364954 -0.560404 -0.415436 0.273173 0.192151 -0.412686 -0.397685 -0.170365 -0.183642 -0.273596 -0.265802 0.120422 0.092359 -0.214626 0.128397 -0.068599 0.047635 -0.326127 -0.499428 -0.147654 -0.322303 -0.024392 -0.331626 0.081341 -0.098160 -0.097728 0.150578 0.265896 0.018960 -0.033075 0.086807 0.037249 -0.000576 0.018346 0.287266 0.237583 0.447972 0.411293 0.545196 -0.176253 0.023944 -0.072778 -0.326488 0.109302 0.271393 -0.245626 -0.283423 0.150776 -0.090530 -0.073188 0.051971 -0.039294 0.108203 -0.279379 -0.195664 0.192858 -0.086705 0.303478 0.436554 -0.142112 0.301031 -0.104988 -0.271942 0.042551 0.244190 0.103422 -0.003945 0.160449 -0.046019 -0.123029 0.105407 -0.284944 0.027531 0.109136 0.111161 -0.062781 -0.300521 0.039201 -0.100012 0.154845 -0.080488 0.173389 -0.073326 0.123106 -0.055208 -0.523347 -0.017652 0.165895 0.137559 -0.000310 -0.086552
0.131281 -0.198628 -0.053113 -0.258390 0.279426 0.136702 0.523469 0.015370 0.053137 -0.206067 0.579975 0.085567 1.000000 0.297225 0.225450 -0.132176 0.024554 -0.078165 -0.098597 -0.039660 0.093472 -0.081731 -0.005267 -0.031772 0.178630 0.019535 0.089547 0.073691 0.043203 -0.125498 -0.187397 0.017618 0.029515 0.075357 -0.118838 -0.219297 0.026769 -0.161408 0.062411 -0.138883 -0.015390 -0.074856 0.008161 -0.154541 -0.043632 -0.192048 0.059937 -0.076392 0.110043 -0.042199 0.048556 -0.175757 -0.081667 -0.012163 -0.090707 -0.076995 -0.066630 -0.204323 0.423589 0.055416 0.432431 0.064208 -0.051408 0.064577 -0.067827 -0.178245 0.086207 -0.247632 -0.038494 0.017371 0.078675 -0.092596 -0.001879 0.020979 0.214897 -0.177627 0.050786 -0.200458 -0.004931 0.052664 0.010816 0.018050 0.019574 -0.031899 -0.187522 0.013892 0.060836 -0.443349 0.008521 -0.120214 0.017809 0.094316 -0.072351 0.381319 -0.084528 -0.100402 0.032017 -0.269496 -0.053049 0.064329 0.049366 0.154669 -0.015484 0.093522 -0.036703 -0.164267 -0.030391 0.118416 -0.119352 -0.159042 -0.117331 -0.157267 -0.171456 -0.024200 0.115504 -0.161019
0.113046 0.028623 -0.137182 -0.196388 0.081746 0.245804 0.407250 0.677948 0.181115 0.450550 0.256244 0.554829 0.297225 1.000000 0.094846 0.415028 -0.163414 0.022367 -0.384942 -0.116707 -0.469061 -0.349335 -0.368027 -0.091893 -0.189740 -0.180026 -0.478484 -0.385204 0.148172 0.133154 -0.178453 -0.300725 -0.341590 0.042048 -0.244110 -0.253696 -0.026699 -0.111916 -0.136723 0.048218 -0.134582 -0.047360 -0.288819 -0.440437 -0.255031 -0.371259 -0.142795 -0.351716 -0.014580 -0.109435 -0.166494 -0.061320 0.132066 0.100853 -0.140246 -0.031650 -0.079349 0.042756 0.199709 0.224870 0.361945 0.623442 0.275027 0.668844 -0.120448 0.031902 -0.092029 -0.413685 -0.104327 0.056890 -0.013013 -0.167158 0.057414 -0.063445 -0.026282 -0.065007 -0.114636 0.004527 -0.294752 -0.236144 0.098446 -0.196137 0.206885 0.156566 -0.266581 0.007503 -0.241045 -0.341159 -0.007524 0.035304 0.307142 0.028103 0.342739 0.201270 -0.202855 0.070132 -0.200592 0.064359 0.036120 0.041512 0.030618 -0.003407 0.137613 0.204221 0.214171 0.096352 0.078586 -0.142753 0.032177 -0.227948 -0.440423 0.090718 0.122144 0.032281 0.032154 -0.154767
0.133855 0.012336 0.143469 0.317958 -0.209085 -0.118179 -0.071262 -0.015728 -0.051866 0.199060 0.336751 0.238440 0.225450 0.094846 1.000000 0.534144 0.048014 -0.094403 -0.017349 -0.042388 -0.204485 -0.166663 0.610620 0.508868 -0.080427 -0.052446 0.218763 0.023502 -0.258301 -0.429065 -0.447932 -0.210041 -0.298133 -0.344102 0.401636 0.143371 0.010114 -0.282938 0.183079 0.154280 0.046009 -0.307936 -0.387849 -0.431595 -0.459090 -0.274743 -0.118577 -0.425674 -0.393085 -0.498924 0.143321 -0.343980 0.064638 -0.205722 0.149604 -0.198460 0.005439 -0.016296 0.277119 0.070486 0.121110 0.154372 0.015935 0.015945 0.555559 0.418135 -0.025332 0.056361 0.171766 0.179432 -0.308279 -0.386035 -0.172968 -0.454443 -0.145608 -0.212101 -0.262794 -0.527197 -0.013569 0.183041 -0.242769 -0.101137 0.216365 -0.059632 0.375072 0.122218 0.082005 -0.179614 0.419189 0.458002 0.139977 0.091113 0.120671 0.194392 0.323015 0.161453 -0.060222 0.051178 -0.195666 -0.051220 -0.228247 -0.094856 -0.125786 -0.152532 -0.024040 0.013637 -0.036309 -0.172598 0.083494 -0.151388 -0.043172 -0.015263 -0.080549 -0.050048 -0.149529 -0.140103
0.065654 0.227373 -0.096455 0.301022 -0.208469 -0.205399 -0.148580 0.270550 0.083704 0.522321 0.186476 0.528347 -0.132176 0.415028 0.534144 1.000000 -0.069599 0.053719 -0.069644 0.074953 -0.479254 -0.389761 0.084587 0.199842 -0.439860 -0.431247 -0.312469 -0.410203 0.096075 0.051350 -0.474979 -0.362672 -0.311187 -0.226923 0.096690 0.152281 0.066310 -0.096264 -0.134696 0.209272 0.001499 -0.203453 -0.490862 -0.566896 -0.390654 -0.279962 -0.120642 -0.484386 -0.434442 -0.279415 -0.108208 -0.257177 0.012031 -0.024399 -0.042746 -0.120031 0.076046 0.177327 0.049435 0.253493 0.097404 0.377051 0.427291 0.427705 0.299952 0.341104 -0.041338 -0.171420 0.158532 0.200954 -0.316660 -0.342275 0.068390 -0.407808 -0.118016 -0.202546 -0.265789 -0.318643 -0.047696 0.102624 0.151595 -0.024379 0.510118 0.301606 0.186111 0.189678 -0.031385 0.041508 0.208119 0.397822 0.040685 0.045063 0.219534 -0.098334 -0.031982 0.171467 -0.173783 0.241190 -0.081311 0.008673 -0.204424 -0.202224 -0.049332 -0.264344 -0.010691 0.001069 0.195870 -0.188553 0.206512 -0.271482 -0.359432 0.178181 0.138627 -0.065403 -0.152386 -0.060778
0.016320 0.033164 -0.222448 0.008651 -0.127163 -0.194324 -0.139470 -0.200030 -0.384365 -0.210805 0.075161 -0.073214 0.024554 -0.163414 0.048014 -0.069599 1.000000 0.286354 0.121466 0.040597 0.058493 -0.138055 0.055406 -0.125523 0.036900 -0.076397 0.041795 -0.007831 0.122630 0.055422 -0.179292 -0.029757 0.117200 0.121488 0.071763 -0.119512 0.056112 0.078316 0.117492 -0.016156 0.003847 -0.241234 0.168634 0.055777 -0.006757 -0.039658 0.289990 0.153694 -0.021867 0.054444 0.066924 0.106775 0.018690 0.249757 0.281823 0.221600 0.381305 -0.004661 -0.130040 -0.245834 -0.030551 -0.279955 0.220015 -0.103119 0.059080 -0.063423 -0.141294 0.005627 -0.032930 -0.111713 -0.007875 -0.120578 0.166908 -0.187182 -0.085270 -0.056715 0.054242 -0.096095 0.562067 0.189786 0.283191 0.449256 -0.132066 -0.012278 -0.066967 0.011207 -0.162246 0.116855 -0.062304 -0.204598 -0.141342 0.108369 -0.186666 -0.188358 -0.128246 0.019825 0.224075 0.003348 0.047206 0.390542 0.194601 -0.090610 -0.068182 -0.222771 -0.435988 -0.334076 -0.080614 0.319889 -0.124333 0.061552 -0.103164 -0.158263 -0.188896 -0.091798 -0.074318 0.283470
0.221320 0.154058 0.015927 0.121090 0.005768 0.034873 -0.054714 -0.035601 0.055229 0.118901 0.103271 -0.156937 -0.078165 0.022367 -0.094403 0.053719 0.286354 1.000000 0.137535 0.028357 -0.031294 -0.116198 -0.001966 0.023055 -0.068253 -0.080928 -0.077253 -0.197259 0.114743 0.280784 -0.113384 -0.066717 0.075227 0.048046 -0.001790 -0.087924 0.139527 -0.034318 0.164461 0.167526 -0.103008 -0.045198 0.022864 -0.032396 -0.208127 -0.284036 0.117531 0.055083 -0.226322 -0.064047 0.028324 0.095420 0.248311 0.277999 0.096618 0.063147 0.291672 0.153352 -0.088680 -0.325122 -0.080088 -0.191266 0.187490 0.105424 -0.072516 -0.024728 -0.402774 -0.371699 -0.019586 -0.252171 0.061219 -0.122253 0.048562 0.083276 0.163688 -0.077647 0.083481 -0.022557 0.241420 0.260557 0.175270 0.366034 -0.018575 0.199092 -0.177292 -0.055580 -0.192513 0.053692 -0.223265 -0.148195 -0.110008 0.076341 -0.067746 -0.107883 -0.020570 0.009865 0.044735 0.083021 0.225984 0.251202 -0.106604 -0.058450 -0.186223 -0.058047 -0.184950 -0.072979 0.218564 0.200630 0.049661 0.064365 0.024057 0.196874 0.118120 0.135016 0.153179 0.129374
0.379829 0.317241 -0.160652 0.335896 -0.174694 -0.055951 -0.400836 -0.419162 -0.220422 -0.210356 0.054627 -0.055023 -0.098597 -0.384942 -0.017349 -0.069644 0.121466 0.137535 1.000000 0.497133 0.102010 -0.264713 0.109720 0.101394 -0.265715 -0.331102 0.157811 0.012694 -0.144645 -0.236187 -0.262881 -0.264900 0.226557 -0.087816 -0.026253 0.155090 -0.217466 -0.026245 -0.204183 -0.083831 -0.200551 0.074460 -0.123581 -0.037674 0.005830 0.037736 0.072537 0.024401 -0.258074 -0.111984 0.116101 -0.061795 0.156598 0.244892 -0.020969 -0.193063 0.434709 0.370115 -0.019158 -0.001744 -0.031713 -0.227986 -0.026271 -0.122804 0.000516 0.093248 0.140782 0.184879 0.556810 0.118088 -0.016793 -0.027028 -0.184641 -0.134550 -0.073271 0.178117 0.074915 0.071706 -0.153836 0.077275 -0.129828 -0.043697 -0.029903 -0.026862 0.054111 -0.059425 -0.035429 -0.079554 -0.213808 -0.051685 -0.247063 -0.003123 -0.138627 -0.251598 -0.077198 0.062853 -0.217902 -0.066370 0.003150 0.093892 -0.267532 -0.047958 -0.344170 -0.042830 -0.081017 0.163501 0.023058 0.169508 0.097900 -0.001160 0.033681 -0.053615 -0.040088 -0.121839 0.210046 0.285162
0.166761 0.435403 -0.264655 0.297633 -0.036734 -0.024637 -0.178239 0.018129 -0.021142 -0.053376 0.034874 0.250057 -0.039660 -0.116707 -0.042388 0.074953 0.040597 0.028357 0.497133 1.000000 -0.088715 -0.310347 -0.255060 -0.134898 -0.470286 -0.362317 -0.110618 -0.095129 0.109849 0.099512 -0.307244 -0.294315 0.164035 -0.088992 -0.227255 -0.136157 -0.244178 -0.024085 -0.371681 -0.273107 -0.139758 0.039484 -0.013507 -0.377073 -0.135198 -0.162155 0.011977 -0.006273 -0.051031 0.098454 -0.028236 0.069114 0.054543 0.021291 -0.177935 -0.087805 0.156213 0.435500 -0.130362 0.149628 -0.063365 -0.114446 0.066778 0.060216 -0.215858 -0.229922 0.162715 -0.076695 0.622128 0.487785 -0.228684 -0.199843 -0.048497 0.121407 -0.062345 0.283719 0.062451 0.087988 -0.189691 -0.140600 0.226920 0.136598 0.022660 0.163726 0.035096 0.207012 -0.055771 -0.104956 0.074760 0.054215 -0.025981 -0.078753 -0.145204 -0.336840 -0.140102 -0.122448 -0.279466 -0.277655 0.022623 0.012096 -0.140563 -0.194379 -0.320655 -0.304865 -0.158105 0.024700 0.148948 0.143327 0.031004 -0.111522 -0.343300 0.030572 -0.023819 -0.231102 0.016514 0.123212
-0.091376 -0.066292 0.285630 -0.073942 0.081622 0.039606 0.127212 -0.324138 0.047950 -0.218785 -0.010000 -0.426554 0.093472 -0.469061 -0.204485 -0.479254 0.058493 -0.031294 0.102010 -0.088715 1.000000 0.308317 0.227015 -0.009727 0.330922 0.328843 0.347757 0.301994 -0.034654 -0.088378 0.336568 0.253932 0.321874 0.103625 0.157415 0.097771 -0.058306 -0.000933 0.076113 -0.103383 -0.157736 -0.001077 0.235258 0.344278 0.324663 0.308312 0.124166 0.225739 -0.071527 0.027524 -0.014967 -0.073897 -0.250439 -0.067981 0.032377 -0.228112 -0.078239 -0.062958 -0.068365 -0.233786 -0.087404 -0.497781 -0.177295 -0.428536 0.079589 -0.021570 -0.060049 0.244261 -0.083658 -0.178387 0.170098 0.082510 -0.028398 0.182053 0.098128 0.075776 0.160014 0.147050 0.072206 0.020972 0.036984 0.102840 -0.151820 -0.228337 0.030740 -0.086455 -0.012580 -0.002325 -0.186584 -0.286679 -0.133161 -0.100934 -0.113823 0.066106 -0.005078 -0.128454 -0.036236 -0.346894 -0.209828 -0.101789 -0.006141 0.005734 0.028313 0.048195 -0.022393 0.037526 -0.145216 0.067754 -0.145881 -0.013695 0.380767 -0.067552 -0.168446 -0.065592 0.048807 0.181319
-0.309149 -0.145161 0.166981 -0.096390 -0.023836 0.017119 0.117854 -0.119072 0.022229 -0.219169 -0.316955 -0.400865 -0.081731 -0.349335 -0.166663 -0.389761 -0.138055 -0.116198 -0.264713 -0.310347 0.308317 1.000000 0.249529 0.033695 0.436565 0.534148 0.289202 0.292013 -0.120729 -0.011257 0.574974 0.569193 0.032035 0.049379 0.200795 0.148576 0.175722 0.031362 0.356498 0.056376 0.151717 0.156838 0.282209 0.369852 0.106855 0.186995 0.103970 0.259543 0.093308 -0.009145 0.020891 -0.022688 -0.068864 -0.054801 0.033625 0.215378 -0.293908 -0.212457 -0.123804 -0.218129 -0.346685 -0.282846 -0.377168 -0.439836 0.152560 -0.118316 -0.135620 0.130160 -0.327791 -0.221532 0.082647 0.176365 -0.049869 0.215536 0.089862 0.105806 0.063322 0.102019 0.272064 -0.092312 -0.096515 0.017533 -0.304262 0.006883 0.027961 -0.115465 0.079773 0.263916 -0.059919 -0.009576 -0.044767 0.054051 -0.086773 -0.049565 0.273491 0.099264 0.328948 0.054051 0.077291 -0.189763 -0.002303 -0.014565 0.087977 0.055656 -0.025363 -0.100967 -0.073400 -0.115650 0.150795 0.187610 0.431946 -0.044129 0.042298 0.020846 -0.305872 -0.247183
0.157258 -0.032423 0.359671 0.304121 -0.272637 -0.190711 -0.322020 -0.524078 -0.242582 -0.225734 0.147306 -0.260520 -0.005267 -0.368027 0.610620 0.084587 0.055406 -0.001966 0.109720 -0.255060 0.227015 0.249529 1.000000 0.587910 0.404697 0.264034 0.718323 0.417995 -0.589213 -0.609221 -0.128633 0.000064 -0.119215 -0.316350 0.557644 0.529577 -0.112408 -0.209679 0.409141 0.250923 -0.065497 -0.225724 -0.112178 0.072517 -0.068594 0.083415 0.077024 -0.086357 -0.369122 -0.434080 0.355035 -0.364654 0.087860 -0.110123 0.364812 -0.140791 -0.006990 0.008204 0.299007 -0.177321 -0.183703 -0.250802 -0.357441 -0.452560 0.666592 0.555294 0.002370 0.415535 0.148273 0.022771 -0.121448 -0.081076 -0.402297 -0.379161 -0.188934 -0.294536 -0.326325 -0.461706 0.169469 0.218129 -0.499894 -0.219167 -0.195673 -0.378438 0.509405 -0.115319 0.156192 0.028949 0.385241 0.323576 -0.117589 -0.026939 -0.076722 0.119576 0.360435 0.089026 0.130680 -0.076839 -0.255768 -0.217737 -0.387548 -0.052182 -0.178601 0.008121 -0.048763 0.050357 -0.166932 -0.229794 -0.008168 -0.052846 0.569629 -0.100734 -0.008343 -0.015322 -0.168261 -0.051257
0.239063 0.115538 0.178488 0.616960 -0.336078 0.075393 -0.300407 -0.165307 -0.148161 0.034368 0.052046 -0.007003 -0.031772 -0.091893 0.508868 0.199842 -0.125523 0.023055 0.101394 -0.134898 -0.009727 0.033695 0.587910 1.000000 0.234089 0.362595 0.434730 0.458835 -0.551670 -0.456293 0.001941 0.163408 0.055992 -0.117889 0.431517 0.315234 -0.125390 -0.262848 0.070363 0.105424 0.073651 -0.068303 -0.236215 -0.057315 -0.225162 -0.066112 0.007339 -0.304251 -0.219637 -0.308391 0.424181 -0.060325 0.301806 -0.032459 0.286553 -0.288535 -0.013360 -0.018710 0.039844 -0.165675 -0.300124 -0.111539 -0.272541 -0.320397 0.305377 0.475985 -0.294593 0.147751 0.068294 -0.081752 -0.043261 0.190570 -0.441177 -0.151613 -0.037975 -0.080696 -0.211040 -0.300789 -0.110631 0.273315 -0.419193 -0.210366 -0.159557 -0.125196 0.271942 -0.066938 0.039758 -0.204176 0.091818 0.340167 0.033502 -0.042309 0.236675 -0.036282 0.146220 0.098197 -0.202408 -0.031353 -0.121019 -0.297008 -0.227776 -0.076316 -0.209698 -0.081310 0.063523 0.125250 -0.093726 -0.320559 -0.085523 -0.243958 0.211848 0.120647 -0.007781 0.250053 0.123044 -0.051500
-0.124186 -0.268767 0.372661 -0.198268 0.181581 -0.001606 0.150414 -0.228000 0.013891 -0.265322 -0.061741 -0.508952 0.178630 -0.189740 -0.080427 -0.439860 0.036900 -0.068253 -0.265715 -0.470286 0.330922 0.436565 0.404697 0.234089 1.000000 0.606464 0.623649 0.522620 -0.328933 -0.162992 0.438941 0.471322 0.118477 0.208363 0.190157 0.131315 -0.015950 0.003552 0.311030 0.048668 0.093057 0.121687 0.209957 0.399290 0.127282 0.072610 0.196656 0.225802 -0.006660 -0.152881 0.133836 -0.171713 -0.089169 -0.024083 0.158224 0.044417 -0.158279 -0.170857 0.178346 -0.271543 -0.198704 -0.224260 -0.427688 -0.393509 0.071791 0.101415 -0.079409 0.151752 -0.314642 -0.296373 0.348735 0.343165 -0.140512 0.107442 0.083338 -0.117174 -0.007249 -0.241797 0.215207 0.147399 -0.221863 -0.073245 -0.397497 -0.380340 0.055056 -0.290432 0.124139 0.078502 0.103594 -0.079062 -0.081684 -0.125091 -0.122016 0.163592 0.024530 -0.010747 0.347478 -0.202845 -0.056377 -0.294118 0.052914 0.124264 0.177440 0.198806 -0.069982 -0.155031 -0.248796 -0.083192 -0.199968 -0.055138 0.553734 -0.016039 -0.007523 0.060356 -0.022922 -0.178093
-0.129329 -0.146121 0.306262 -0.047668 0.169567 0.146811 0.181493 -0.070360 0.108689 -0.192045 -0.271868 -0.364954 0.019535 -0.180026 -0.052446 -0.431247 -0.076397 -0.080928 -0.331102 -0.362317 0.328843 0.534148 0.264034 0.362595 0.606464 1.000000 0.390110 0.544293 -0.354834 -0.161946 0.460360 0.563513 0.240523 0.254017 0.236616 -0.003237 0.068251 0.039980 0.248216 -0.035804 0.135842 0.096572 0.150098 0.395855 -0.013260 0.025616 -0.078357 0.046974 0.159586 -0.159206 0.208782 0.052910 -0.008149 -0.147144 0.184325 -0.074403 -0.149568 -0.171113 -0.109220 -0.310756 -0.269651 -0.219831 -0.388888 -0.371652 0.073645 -0.007406 -0.198624 0.188982 -0.278619 -0.266911 0.215912 0.340127 -0.209401 0.280635 0.155216 0.110732 0.067797 0.127247 0.033512 0.034761 -0.261164 -0.066900 -0.497487 -0.185709 -0.033297 -0.199623 0.047906 0.034951 0.069216 -0.056930 0.035484 -0.071787 0.015550 0.124617 0.233144 0.007332 0.132414 -0.111561 -0.012333 -0.360064 0.047924 -0.040078 0.113998 0.166215 -0.066499 -0.010440 -0.295568 -0.060252 -0.033812 -0.006369 0.389440 0.036348 -0.081020 0.121785 0.019043 -0.219797
0.058981 -0.112443 0.289854 0.217975 0.054397 -0.028319 -0.287511 -0.512548 -0.101468 -0.344644 0.069638 -0.560404 0.089547 -0.478484 0.218763 -0.312469 0.041795 -0.077253 0.157811 -0.110618 0.347757 0.289202 0.718323 0.434730 0.623649 0.390110 1.000000 0.702800 -0.660637 -0.596091 0.104463 0.220301 0.020708 -0.145709 0.309208 0.414328 -0.205025 -0.191622 0.278207 0.020726 -0.018215 -0.100135 0.040473 0.271476 0.106662 0.191397 0.118847 0.047547 -0.167673 -0.186023 0.291886 -0.259226 -0.011404 -0.046171 0.293422 -0.111840 -0.011708 0.152803 0.287149 -0.142050 -0.248299 -0.330895 -0.626479 -0.578234 0.366929 0.351434 0.111975 0.441564 0.219961 0.131628 0.073260 0.129417 -0.455471 -0.132222 -0.112350 -0.145700 -0.198390 -0.403843 0.171584 0.244247 -0.528427 -0.196767 -0.396812 -0.534033 0.385952 -0.204890 0.174215 0.153311 0.284890 0.164077 -0.121177 -0.126550 -0.132536 0.104075 0.238842 0.013527 0.147848 -0.290758 -0.181260 -0.399497 -0.147140 -0.003199 -0.105256 -0.060034 -0.125960 0.006033 -0.105057 -0.041065 -0.091809 -0.115440 0.567231 -0.196530 -0.195901 -0.207087 -0.106263 0.014546
0.016321 -0.160223 0.111463 0.101076 -0.056365 0.038218 -0.242493 -0.442072 -0.184357 -0.413168 -0.044356 -0.415436 0.073691 -0.385204 0.023502 -0.410203 -0.007831 -0.197259 0.012694 -0.095129 0.301994 0.292013 0.417995 0.458835 0.522620 0.544293 0.702800 1.000000 -0.579458 -0.394581 0.213261 0.259973 0.104758 -0.095762 0.272505 0.350204 -0.311103 -0.127037 0.184883 0.003896 0.113859 -0.034208 0.180394 0.402821 0.320534 0.367457 0.038342 0.162764 0.136675 0.029404 0.204252 -0.009968 -0.013985 -0.127373 0.330294 -0.061200 -0.160528 -0.093658 0.174176 -0.151431 -0.378925 -0.386788 -0.684690 -0.703696 0.161981 0.250638 0.020634 0.407316 0.045510 0.066727 0.025396 0.295511 -0.424765 0.051237 -0.045207 -0.082448 -0.176934 -0.153554 0.045356 0.262989 -0.329342 -0.061483 -0.419178 -0.453387 0.317403 -0.124616 0.192417 0.145106 0.157597 0.037179 -0.132989 -0.103893 0.067733 0.049402 0.269200 -0.067527 0.078241 -0.318833 -0.179425 -0.384848 -0.005739 -0.008868 -0.070032 -0.044501 0.113487 0.030687 -0.103058 -0.023646 -0.095316 -0.065784 0.458606 -0.222070 -0.368177 -0.101332 -0.100734 0.057868
-0.232837 0.045896 -0.181643 -0.296243 0.027464 0.028241 0.319320 0.275963 0.161408 0.137006 -0.144487 0.273173 0.043203 0.148172 -0.258301 0.096075 0.122630 0.114743 -0.144645 0.109849 -0.034654 -0.120729 -0.589213 -0.551670 -0.328933 -0.354834 -0.660637 -0.579458 1.000000 0.729131 0.122338 0.052607 0.140815 0.285769 -0.339649 -0.370031 0.334660 0.112198 -0.173766 -0.049776 0.060749 0.199845 -0.035643 -0.113343 -0.055492 -0.169071 0.090424 0.054947 0.142511 0.252204 -0.261261 0.242119 0.019909 0.155954 -0.132466 0.140126 -0.031237 -0.165847 -0.276909 0.047051 0.151190 -0.013720 0.544607 0.260512 -0.355418 -0.503357 -0.126424 -0.433403 -0.304138 -0.048873 -0.072442 -0.144143 0.816249 0.264644 0.399215 0.070647 0.377639 0.242502 0.047823 -0.121651 0.610249 0.302553 0.443957 0.619139 -0.373825 0.147666 -0.067478 0.057100 -0.346543 -0.249863 -0.123743 0.016245 -0.190947 -0.166970 -0.285791 0.041557 -0.062453 0.090816 0.194873 0.408448 0.276621 0.060632 0.169474 -0.030091 -0.082772 -0.256615 0.132908 0.152893 -0.037976 0.098708 -0.443996 0.153988 0.166913 0.059980 0.015847 -0.041935
-0.244822 0.238818 -0.207339 -0.201661 0.118494 -0.060717 0.283175 0.332794 0.236910 0.195113 -0.247444 0.192151 -0.125498 0.133154 -0.429065 0.051350 0.055422 0.280784 -0.236187 0.099512 -0.088378 -0.011257 -0.609221 -0.456293 -0.162992 -0.161946 -0.596091 -0.394581 0.729131 1.000000 0.155648 0.123499 0.186846 0.305531 -0.313001 -0.351108 0.400008 0.266469 -0.123886 0.006537 0.066675 0.395324 0.104598 -0.056188 0.036928 -0.214023 0.169385 0.163420 0.230068 0.322036 -0.237345 0.379037 0.127195 0.228540 -0.127245 0.298617 -0.066857 -0.158173 -0.408702 -0.161518 -0.118486 -0.103147 0.410447 0.160383 -0.511430 -0.541402 -0.289883 -0.572494 -0.353686 -0.224287 0.104562 0.101314 0.675737 0.526520 0.431731 0.230727 0.423808 0.344138 0.144947 -0.110306 0.543502 0.340142 0.157241 0.549280 -0.497388 0.126838 -0.085020 0.174093 -0.339859 -0.169814 -0.110353 0.131898 -0.148339 -0.252020 -0.246001 -0.034260 0.143353 0.116606 0.333309 0.315257 0.238807 -0.042495 0.095203 -0.127116 -0.109904 -0.380114 0.305137 0.127442 0.005147 0.090128 -0.332944 0.239073 0.234507 0.181355 -0.162829 -0.162594
-0.200010 -0.123877 0.335602 -0.171967 0.018885 0.281295 0.172286 0.080771 0.238011 -0.081613 -0.428650 -0.412686 -0.187397 -0.178453 -0.447932 -0.474979 -0.179292 -0.113384 -0.262881 -0.307244 0.336568 0.574974 -0.128633 0.001941 0.438941 0.460360 0.104463 0.213261 0.122338 0.155648 1.000000 0.768752 0.314491 0.343313 0.059585 0.012356 0.036410 -0.066959 -0.023377 -0.204012 0.115081 0.285866 0.262001 0.431046 0.160176 0.205916 0.022969 0.252167 0.206521 0.066889 0.093208 0.079817 -0.021595 0.028270 0.006149 0.017903 -0.247923 -0.226163 -0.382027 -0.341478 -0.336998 -0.282507 -0.269239 -0.324602 -0.219479 -0.372494 -0.175687 0.050513 -0.458416 -0.314031 0.288942 0.470736 0.160806 0.420407 0.206105 0.193195 0.340429 0.268906 0.141416 -0.049733 0.032882 0.052241 -0.234790 0.099454 -0.127460 -0.138874 -0.063387 0.133751 -0.330433 -0.327520 -0.025991 -0.154294 -0.076282 -0.081576 -0.098887 0.063112 0.109969 0.047806 0.056212 -0.108165 0.251009 0.339121 0.212062 0.267426 -0.005528 -0.083394 -0.208518 -0.042445 -0.185825 0.095041 0.368181 0.020058 0.060697 0.153045 0.024867 -0.209240
-0.259814 -0.184824 0.313113 -0.062719 0.159757 0.106864 0.215272 -0.059618 0.244431 -0.143801 -0.257533 -0.397685 0.017618 -0.300725 -0.210041 -0.362672 -0.029757 -0.066717 -0.264900 -0.294315 0.253932 0.569193 0.000064 0.163408 0.471322 0.563513 0.220301 0.259973 0.052607 0.123499 0.768752 1.000000 0.448074 0.434220 0.095614 -0.018940 0.213980 0.009815 0.093184 -0.261564 0.293020 0.259862 0.225927 0.423876 -0.023986 0.014442 0.105387 0.121729 0.191058 0.005465 0.181870 0.029777 -0.070617 -0.084826 0.072449 0.008883 -0.169610 -0.316384 -0.361697 -0.403015 -0.297561 -0.352914 -0.225376 -0.412689 -0.118560 -0.382867 -0.246913 -0.031260 -0.449519 -0.348533 0.327913 0.427897 0.121275 0.440169 0.303844 0.184066 0.371381 0.160990 0.320955 0.206617 0.000232 0.200488 -0.256368 0.176434 -0.121879 -0.013250 0.169253 0.221565 -0.221520 -0.130373 -0.053517 -0.126228 -0.231313 -0.044058 -0.074463 0.223690 0.271161 0.104241 0.164948 -0.155156 0.164927 0.175793 0.096331 0.029861 -0.260640 -0.324108 -0.135630 0.042891 -0.091008 0.153487 0.299330 0.055537 -0.022259 0.243089 0.052044 -0.360913
-0.019171 0.027385 0.181396 0.034909 0.128748 0.000008 0.121621 -0.184263 -0.045490 -0.301627 -0.072249 -0.170365 0.029515 -0.341590 -0.298133 -0.311187 0.117200 0.075227 0.226557 0.164035 0.321874 0.032035 -0.119215 0.055992 0.118477 0.240523 0.020708 0.104758 0.140815 0.186846 0.314491 0.448074 1.000000 0.537062 0.068471 -0.028462 0.058436 0.168849 -0.228350 -0.430309 0.069466 0.355581 0.042928 0.114871 0.015617 -0.026356 0.065464 0.008669 0.080748 -0.042303 0.148406 -0.049187 -0.118057 -0.199973 -0.035167 -0.175669 0.109796 -0.015800 -0.215484 -0.197809 -0.090085 -0.429963 0.167272 -0.293212 -0.252992 -0.373866 0.058453 0.071762 -0.048230 -0.238030 0.287143 0.396703 0.224359 0.518483 0.477416 0.294161 0.401723 0.387759 0.165618 0.143371 0.168067 0.242180 -0.252717 0.243836 -0.254193 -0.002010 0.022780 -0.116285 -0.257526 -0.239379 -0.293056 -0.280962 -0.386718 -0.275027 -0.347490 -0.062094 -0.094366 -0.134744 0.029068 0.023164 -0.019340 0.244336 -0.106045 0.084369 -0.270618 -0.124123 -0.161562 0.289775 -0.195122 -0.038719 -0.011057 0.169785 -0.091957 0.304384 0.202523 -0.011806
-0.256940 -0.246685 0.132244 -0.252929 0.315771 0.272843 0.317180 0.094973 0.236089 0.014044 -0.293254 -0.183642 0.075357 0.042048 -0.344102 -0.226923 0.121488 0.048046 -0.087816 -0.088992 0.103625 0.049379 -0.316350 -0.117889 0.208363 0.254017 -0.145709 -0.095762 0.285769 0.305531 0.343313 0.434220 0.537062 1.000000 -0.148496 -0.073667 0.034721 -0.071344 -0.043094 -0.278396 0.106147 0.245202 0.136362 0.212869 0.015657 -0.081173 0.091916 0.084549 0.224972 0.134802 -0.026841 -0.038585 -0.126925 -0.042935 -0.011233 0.056766 -0.015810 -0.075639 -0.277294 -0.196149 0.030307 -0.186455 0.175410 -0.074033 -0.175675 -0.342318 -0.109531 -0.118354 -0.201329 -0.197111 0.233705 0.331317 0.390659 0.370163 0.410392 0.121976 0.207691 0.223117 0.236656 -0.024781 0.208273 0.156135 -0.189814 0.167475 -0.431141 -0.154608 -0.091141 -0.017384 -0.322397 -0.407612 -0.089200 -0.072861 -0.278126 -0.092538 -0.249337 0.088614 0.093048 0.058432 0.141944 0.170260 0.091931 0.162711 0.064241 0.157368 -0.191737 -0.203613 -0.098541 0.175683 -0.194353 -0.097176 -0.079119 0.273124 0.138401 0.291206 0.156207 -0.236882
0.025853 -0.149642 0.369788 0.251886 -0.146194 -0.067958 -0.158073 -0.215239 -0.071219 0.131568 -0.003000 -0.273596 -0.118838 -0.244110 0.401636 0.096690 0.071763 -0.001790 -0.026253 -0.227255 0.157415 0.200795 0.557644 0.431517 0.190157 0.236616 0.309208 0.272505 -0.339649 -0.313001 0.059585 0.095614 0.068471 -0.148496 1.000000 0.273294 0.000419 -0.166065 0.119125 -0.029771 -0.000963 -0.127829 0.071594 0.049270 -0.081432 0.068374 0.046781 -0.028136 -0.155485 -0.217368 0.298860 -0.170369 -0.153003 -0.163449 0.086782 -0.069432 -0.134019 -0.155883 -0.084563 -0.307810 -0.269181 -0.304608 -0.186061 -0.356505 0.448518 0.212592 0.081720 0.401628 -0.174806 -0.144480 -0.062652 0.146680 -0.184651 -0.060159 -0.080526 0.040137 -0.045850 -0.208234 0.149568 0.159023 -0.387487 -0.133008 -0.160422 -0.300846 0.170833 -0.105117 0.134693 -0.033668 0.076027 0.068697 -0.010828 0.089801 0.104474 0.002585 0.159989 -0.018455 0.069814 0.029616 -0.110485 -0.087253 -0.192813 0.116238 -0.056942 0.077856 -0.065095 0.071741 -0.279429 0.037508 -0.000961 -0.084134 0.356889 0.084428 -0.087049 0.209728 -0.005901 0.004129
-0.047701 -0.055715 0.112125 0.163292 -0.185458 -0.022925 -0.405417 -0.488073 0.002851 -0.137316 0.025074 -0.265802 -0.219297 -0.253696 0.143371 0.152281 -0.119512 -0.087924 0.155090 -0.136157 0.097771 0.148576 0.529577 0.315234 0.131315 -0.003237 0.414328 0.350204 -0.370031 -0.351108 0.012356 -0.018940 -0.028462 -0.073667 0.273294 1.000000 -0.253790 -0.285627 0.318893 0.089689 -0.098606 -0.266323 -0.171322 0.063147 0.273189 0.463989 -0.135718 -0.064415 -0.242749 -0.035112 0.040939 -0.406569 -0.020249 -0.105023 0.221642 -0.171853 -0.156386 0.095307 0.343579 0.015107 -0.031613 -0.155075 -0.213887 -0.357102 0.598931 0.515017 0.142802 0.456323 0.235089 0.204867 -0.231170 0.033937 -0.288357 -0.260072 -0.140111 -0.353904 -0.419866 -0.312404 0.093701 0.114901 -0.246389 -0.207507 -0.029738 -0.264064 0.504719 -0.061919 0.203312 0.295119 0.321886 0.173790 -0.302805 -0.158139 -0.131411 -0.080218 0.239534 0.007044 -0.049035 0.094691 -0.401511 -0.277948 -0.318860 -0.053974 -0.274154 -0.094987 0.037775 0.035387 -0.130747 -0.317573 0.196871 -0.098115 0.442161 -0.117272 0.036847 -0.106201 -0.258259 0.038050
