1.000000 0.314668 0.228766 -0.232779 -0.398013 -0.451351 -0.287373 -0.412592 -0.310548 -0.552792 0.217100 -0.179801 0.054613 -0.246148 -0.022998 -0.525943 0.254662 0.106267 0.780000 0.438290 -0.444805 -0.335364 -0.024771 -0.413045 -0.374070 -0.406242 -0.216469 -0.318755 0.391142 -0.000188 -0.262904 -0.338022 0.449936 -0.139296 0.100593 -0.330201 0.020861 -0.087098 -0.089996 -0.142382 -0.098603 -0.136168 -0.093637 -0.027830 -0.102661 -0.211068 0.013749 0.046426 0.142781 -0.038824 -0.215169 -0.060012 0.091286 -0.187600 0.177380 -0.039313 0.406976 0.101106 0.463031 0.311774 -0.047615 -0.054881 0.222353 -0.191146 -0.407018 -0.516911 0.481652 -0.181608 0.415290 0.334412 -0.202612 -0.312562 0.203530 -0.263019 0.002934 -0.369675 0.076931 -0.190415 0.076421 0.061608 0.258748 -0.279663 0.192380 0.130309 -0.033349 -0.178547 0.033761 0.127469 -0.033699 0.072307 0.011542 0.042302 -0.115485 0.345080 -0.110502 -0.157401 -0.014388 0.164016 -0.097207 0.353061 -0.047419 0.345227 0.236753 0.457952 0.022249 0.011968 0.000047 0.037916 -0.072472 0.053959 0.086949 0.096570 -0.025609 0.124655 -0.050147 0.039737
0.314668 1.000000 -0.166941 0.004735 -0.445742 -0.157978 -0.305718 -0.078017 -0.226071 -0.333730 0.201480 0.169978 0.128184 0.064790 0.180764 -0.065383 0.285919 0.300480 0.324601 0.469191 -0.148258 -0.194436 -0.248280 -0.412412 -0.201460 -0.161435 -0.341538 -0.171786 0.379478 0.394691 -0.122950 -0.078238 0.187711 0.154662 -0.358212 -0.381329 0.166030 0.200852 0.080694 0.043028 0.088766 0.194997 -0.152511 -0.122611 -0.172842 -0.236206 -0.096538 -0.017256 -0.145106 -0.114609 -0.191896 -0.062642 -0.074287 -0.232559 -0.099184 -0.198131 0.077458 0.529837 0.173587 0.295868 -0.045334 0.159251 -0.003290 0.119507 -0.300281 -0.278880 0.136684 -0.355309 0.325530 0.216923 -0.123900 -0.345896 0.361013 0.194643 0.070590 0.034410 0.193053 0.189801 -0.007028 0.091128 0.102655 0.027392 0.234796 0.358766 -0.190048 -0.263069 -0.276731 -0.330363 -0.006432 -0.201035 -0.499007 -0.488934 -0.288570 -0.066276 0.118074 -0.029934 0.309824 0.109198 -0.305572 -0.151373 -0.215048 0.008187 0.191591 -0.077468 0.144224 -0.001246 0.205019 0.102076 -0.139753 -0.215157 0.116499 0.231034 -0.022338 0.222487 0.086404 -0.047968
0.228766 -0.166941 1.000000 0.334387 0.421676 -0.121480 0.596510 -0.027913 0.366043 -0.085569 0.013711 -0.023764 0.342877 -0.201664 -0.005323 -0.172393 -0.233097 -0.021934 0.279424 0.265048 -0.354927 -0.261637 0.331189 0.115622 -0.015632 -0.256616 0.203069 -0.029699 0.005606 -0.279176 -0.079851 -0.134936 0.029806 -0.158706 0.257845 0.199387 -0.241176 -0.361450 -0.264059 -0.300361 -0.241040 -0.295083 -0.230589 -0.260327 -0.070222 -0.142301 -0.230124 -0.285248 0.162002 -0.213270 0.394486 -0.097052 0.205422 -0.093035 0.072533 -0.296008 -0.405013 -0.401502 0.349941 0.174117 0.354428 0.125254 0.499524 0.155277 -0.010782 -0.200659 0.196241 0.091217 -0.131992 -0.129120 -0.402075 -0.309260 -0.271751 -0.463240 -0.422608 -0.376059 -0.530530 -0.542610 -0.495883 -0.368925 -0.123006 -0.119194 -0.238695 0.060723 0.142116 0.184842 -0.033062 0.203898 0.073961 0.167343 0.250874 0.285150 -0.016310 0.282854 -0.153996 -0.091351 -0.268407 -0.074993 0.048172 0.066647 0.079852 0.398304 0.216758 0.230339 -0.115237 -0.032265 -0.005437 -0.025786 0.059426 0.001523 -0.125426 0.116814 0.181926 -0.061610 0.112520 0.159148
-0.232779 0.004735 0.334387 1.000000 0.226060 0.260001 0.329296 0.413180 0.119542 0.103719 -0.148860 0.538372 -0.019409 0.095434 0.087383 0.372078 -0.148816 -0.006816 -0.059058 0.231154 0.092997 0.004976 0.235138 0.522903 0.254142 0.115863 0.059670 0.062648 -0.059561 0.050446 0.260012 0.425581 0.042223 0.186004 0.022523 0.242584 -0.137714 -0.089083 -0.026751 0.085222 -0.035685 -0.035496 -0.121721 -0.137950 0.054288 0.091543 -0.152220 -0.087206 -0.073560 -0.080477 0.252927 0.038137 -0.041155 0.115174 -0.130433 -0.110953 -0.423160 -0.184696 -0.083335 -0.058921 -0.012673 -0.066515 0.126020 0.184259 0.192396 0.246937 -0.151833 0.146018 -0.264162 -0.433722 -0.276807 -0.309701 -0.089871 -0.043505 -0.154676 -0.230825 -0.329903 -0.383107 -0.295035 -0.048806 -0.177615 0.093512 -0.013079 0.396707 -0.094144 0.142787 -0.192654 -0.095030 0.119969 -0.012256 -0.210782 -0.263155 -0.253605 -0.395548 -0.131976 -0.151500 0.157881 -0.189809 -0.068586 -0.346556 -0.206064 -0.234443 -0.002423 -0.331136 -0.214408 -0.223428 0.041957 -0.037611 0.106984 -0.405189 -0.265497 0.035951 0.113627 -0.076704 -0.153880 -0.174693
-0.398013 -0.445742 0.421676 0.226060 1.000000 0.427632 0.505631 0.314902 0.390584 0.463510 -0.082505 0.220671 0.092087 0.192825 0.180944 0.346717 -0.266998 -0.158725 -0.242421 -0.145537 0.043329 0.169841 0.102560 0.413045 0.229831 0.191570 0.468143 0.299613 -0.275118 -0.250639 -0.057919 -0.043298 -0.244731 -0.045397 0.216126 0.344422 -0.285502 -0.407520 -0.151635 -0.197391 -0.174303 -0.218110 -0.188327 -0.231296 -0.015159 -0.003510 -0.290247 -0.318901 0.037855 -0.248743 0.345946 0.043350 -0.004794 0.022706 -0.118293 -0.263379 -0.502518 -0.517536 -0.018129 -0.160021 0.366036 0.163082 0.120465 0.116303 0.472612 0.486532 -0.130394 0.301840 -0.336691 -0.304340 -0.146248 -0.055126 -0.337892 -0.223051 -0.202220 0.002582 -0.269576 -0.224068 -0.249550 -0.252159 -0.124868 0.059479 -0.240422 -0.116726 0.215439 0.237941 0.128415 0.144821 0.158549 0.180048 0.157353 0.282471 0.155232 0.087851 -0.119902 -0.046686 -0.401321 -0.168413 -0.077930 -0.247523 0.009594 0.016099 -0.197398 -0.190264 -0.079749 0.038248 0.040140 -0.159619 -0.047326 -0.014998 -0.170767 -0.066211 0.049292 -0.155048 0.201597 0.000964
-0.451351 -0.157978 -0.121480 0.260001 0.427632 1.000000 0.157505 0.431863 0.256472 0.643925 -0.152872 0.401142 -0.141805 0.293954 0.127917 0.501972 -0.269483 -0.164379 -0.267825 -0.196188 0.218657 0.188299 0.096612 0.567365 0.587811 0.534690 0.309727 0.418444 -0.411622 -0.170980 0.108002 0.145987 -0.240182 -0.028035 0.066396 0.335890 -0.280493 -0.231991 -0.147233 0.019368 -0.137035 -0.204786 0.081227 0.073114 0.169420 0.227574 0.038682 -0.030040 -0.062658 -0.015704 0.231678 0.123005 -0.206872 0.148188 -0.313277 -0.171741 -0.229001 -0.141034 -0.306390 -0.297631 -0.095242 -0.020536 -0.280794 0.055831 0.390613 0.674397 -0.045464 0.410783 -0.140023 -0.152704 -0.125181 -0.070794 -0.267106 -0.061022 -0.093490 -0.029381 -0.146464 -0.115433 -0.080734 -0.011530 -0.322814 -0.101199 -0.184634 -0.103910 0.003221 0.131658 -0.119135 -0.233236 0.102719 -0.007481 0.001545 -0.068382 0.008441 -0.344893 -0.056562 -0.038055 -0.021387 -0.318423 0.016416 -0.453688 -0.130157 -0.385645 -0.114054 -0.308805 -0.056468 0.045579 0.004526 -0.062518 -0.024373 -0.230056 -0.059210 -0.071450 0.023409 0.010399 0.167637 -0.214063
-0.287373 -0.305718 0.596510 0.329296 0.505631 0.157505 1.000000 0.230845 0.626598 0.403674 -0.087105 0.086019 0.218625 -0.140121 -0.083220 0.081480 -0.377515 -0.227036 -0.172050 0.031557 0.001667 0.019447 0.120136 0.251633 0.156078 -0.021632 0.227311 0.217986 -0.267280 -0.269988 0.047711 0.080015 -0.197303 -0.033100 0.071126 0.242255 -0.269006 -0.257168 -0.248440 -0.075332 -0.137501 -0.068221 -0.052399 -0.076862 0.105406 0.132297 -0.219647 -0.162083 0.056558 -0.074907 0.310706 -0.106734 -0.068160 -0.155256 -0.194163 -0.256713 -0.553261 -0.415334 -0.098585 -0.181285 0.144826 -0.002055 0.102115 0.061169 0.295634 0.208851 -0.177160 0.206473 -0.341314 -0.255725 -0.131071 0.053164 -0.341533 -0.113559 -0.210511 -0.077608 -0.368856 -0.175380 -0.422851 -0.465265 -0.309802 -0.019930 -0.417089 -0.075840 0.096784 0.261328 -0.155918 -0.002805 -0.070706 0.011476 0.238693 0.289268 0.224951 0.074937 -0.087335 0.146827 -0.254337 -0.072226 0.194255 -0.027356 0.247081 0.194856 0.075081 -0.091771 -0.067146 0.056390 0.018278 0.069797 0.138277 0.103482 -0.082678 0.165642 0.236119 -0.014767 0.072463 0.243660
-0.412592 -0.078017 -0.027913 0.413180 0.314902 0.431863 0.230845 1.000000 0.104711 0.425878 -0.154203 0.452140 0.179935 0.626855 0.195454 0.604839 -0.436953 0.057231 -0.372331 0.109363 0.101332 0.160845 -0.033905 0.229714 0.258669 0.166658 0.166159 0.178632 -0.264480 0.326729 -0.096792 0.341814 -0.266055 0.223157 -0.174913 0.252269 -0.065226 -0.166905 0.058887 0.067016 0.093960 0.159709 -0.285046 -0.156202 -0.138010 -0.008683 -0.150173 -0.082160 0.186005 -0.023853 0.176768 0.395713 0.207014 0.079408 -0.068154 0.030711 -0.248733 -0.126492 0.170586 0.254703 0.132077 0.499474 -0.380970 0.310645 -0.091266 0.485404 -0.487740 -0.191696 -0.465061 -0.593265 -0.092763 -0.110223 0.105297 0.308290 0.253183 0.090125 -0.073510 -0.023822 -0.306806 -0.139028 -0.294523 -0.125424 -0.214131 0.106304 -0.491393 -0.435972 -0.239617 -0.428649 0.155205 0.147088 -0.157428 -0.243553 -0.149448 -0.280263 -0.158747 0.020668 0.044024 -0.183320 0.218988 -0.139465 -0.061005 -0.386720 -0.012317 -0.414808 -0.177312 -0.134764 -0.115396 -0.140964 0.070353 -0.288884 -0.055816 0.190517 -0.015768 -0.117915 -0.013125 -0.057078
-0.310548 -0.226071 0.366043 0.119542 0.390584 0.256472 0.626598 0.104711 1.000000 0.652512 -0.244144 -0.067931 0.143203 -0.174872 -0.107499 0.098311 -0.339603 -0.334338 -0.225341 -0.182970 0.178800 0.215225 0.117683 0.166563 0.332914 0.106559 0.385640 0.420848 -0.493786 -0.438238 0.019848 -0.094291 -0.288214 -0.108050 0.078969 0.130039 -0.227476 -0.144100 -0.221009 -0.074023 -0.248152 -0.176341 -0.067888 -0.087085 0.049366 0.073694 -0.052491 -0.143472 0.147109 0.032614 0.429469 0.247821 -0.049654 0.148251 0.004508 0.032158 -0.218819 -0.308110 -0.048233 -0.181019 0.007398 -0.040350 0.010107 0.068070 0.252031 0.287164 -0.106795 0.275551 -0.151256 -0.083387 -0.273616 -0.075934 -0.495984 -0.333821 -0.336821 -0.278092 -0.489412 -0.329434 -0.288593 -0.346859 -0.417257 -0.073248 -0.622420 -0.354550 0.074292 0.317055 -0.132037 0.069736 -0.262862 0.238094 0.231572 0.329973 0.200128 -0.092575 -0.066697 0.177021 -0.204215 -0.008813 0.273650 -0.063235 0.003551 0.101295 0.016946 -0.028105 -0.105227 0.139775 0.007491 0.076617 0.035752 0.020859 -0.254101 -0.015632 0.173774 -0.069636 0.205424 0.139385
-0.552792 -0.333730 -0.085569 0.103719 0.463510 0.643925 0.403674 0.425878 0.652512 1.000000 -0.080678 0.239546 -0.052796 0.225467 0.105305 0.498721 -0.374432 -0.290240 -0.433431 -0.391294 0.398549 0.384920 0.132914 0.417517 0.593490 0.421414 0.472826 0.588833 -0.567605 -0.309748 0.105163 0.095507 -0.372542 -0.093040 -0.023971 0.225128 -0.294306 -0.193819 -0.114957 0.019642 -0.112541 -0.152415 0.043239 0.075650 0.032251 0.147691 0.029732 -0.025418 0.049673 0.087444 0.291729 0.367119 -0.127340 0.186346 -0.197884 0.053988 -0.173653 -0.153248 -0.246237 -0.267173 -0.035861 0.050577 -0.373361 0.014369 0.362410 0.763099 -0.288242 0.285189 -0.291793 -0.252341 -0.097214 0.050759 -0.417772 -0.136505 -0.052834 -0.047869 -0.191893 -0.016387 -0.083727 -0.183121 -0.493816 -0.115687 -0.455169 -0.413207 -0.056641 0.124033 -0.141776 -0.145376 -0.022875 0.241589 0.049083 0.168181 0.172692 -0.311068 -0.119068 0.189899 -0.208759 -0.237248 0.226223 -0.282926 -0.082400 -0.231371 -0.120043 -0.290757 -0.228999 0.050819 0.016880 -0.070119 0.077974 -0.124754 -0.178446 -0.170622 0.026796 -0.154105 0.104990 -0.049693
0.217100 0.201480 0.013711 -0.148860 -0.082505 -0.152872 -0.087105 -0.154203 -0.244144 -0.080678 1.000000 0.317037 0.367996 0.350964 0.416349 0.189770 0.171346 0.352891 0.152684 0.016926 -0.223653 -0.140152 0.159718 -0.095007 -0.154705 -0.196027 -0.133564 -0.309582 0.468044 0.194905 -0.253677 -0.197017 -0.092627 -0.346387 -0.252197 -0.222447 -0.180614 -0.094016 -0.048967 -0.065139 -0.153007 0.068271 -0.004756 0.069355 -0.195956 -0.254253 -0.131783 -0.047991 -0.094397 -0.177512 0.045740 -0.123972 0.120743 -0.171913 -0.036830 -0.329413 -0.165941 0.123248 0.126893 0.088678 0.346016 0.201010 0.260603 0.077958 -0.077659 -0.182848 0.003798 -0.364969 0.074091 0.027629 -0.058986 -0.013199 0.150698 0.048518 0.075639 0.077385 0.120688 0.165495 0.065640 0.121394 0.089663 0.202491 0.364359 0.240173 0.179156 -0.039413 -0.007952 -0.005580 0.289857 0.035819 -0.222282 -0.196524 -0.269092 0.017427 -0.035654 -0.176302 -0.178716 -0.045576 -0.322877 -0.198515 -0.201783 -0.110421 -0.202947 -0.124537 -0.156569 -0.137237 -0.022192 0.046977 -0.011223 -0.133760 0.070063 0.146958 -0.003911 -0.015422 -0.132400 0.006140
-0.179801 0.169978 -0.023764 0.538372 0.220671 0.401142 0.086019 0.452140 -0.067931 0.239546 0.317037 1.000000 0.208398 0.616390 0.344421 0.719726 0.053936 0.105766 -0.035503 0.271449 0.044822 0.071505 -0.076384 0.349239 0.003505 -0.033488 -0.112437 -0.022526 0.242906 0.285917 -0.114308 0.158852 -0.052930 0.018189 -0.291942 0.015690 -0.160151 -0.119800 -0.009671 0.034067 -0.034280 0.029892 -0.054048 -0.017799 -0.015557 0.007277 -0.122063 -0.129000 -0.165678 -0.187903 0.056977 0.115566 -0.015998 0.050735 -0.244978 -0.259756 -0.390472 -0.170551 -0.135998 -0.120470 0.171000 0.134946 -0.009003 0.144549 0.169817 0.363893 -0.301386 -0.098294 -0.080241 -0.293126 -0.186744 -0.147876 0.172535 0.095509 0.095440 -0.059638 0.051187 -0.087639 -0.104096 0.056688 -0.017443 0.066319 0.119778 0.515736 -0.135755 -0.085742 -0.229504 -0.307339 0.352223 -0.017623 -0.295277 -0.343107 -0.230835 -0.365001 -0.189792 -0.244489 -0.051399 -0.090730 -0.242829 -0.424313 -0.238054 -0.387815 -0.162315 -0.437097 -0.312163 -0.158541 0.120208 -0.220088 0.031390 -0.425238 -0.140549 0.050468 0.122940 -0.048044 -0.017882 -0.266394
0.054613 0.128184 0.342877 -0.019409 0.092087 -0.141805 0.218625 0.179935 0.143203 -0.052796 0.367996 0.208398 1.000000 0.439845 0.309284 0.276554 -0.137195 0.277203 0.151470 0.275354 -0.100443 -0.071186 -0.089521 -0.281715 -0.156406 -0.370495 0.000062 -0.159941 0.372045 0.404214 -0.355505 -0.131580 -0.097602 -0.076599 -0.365624 -0.120159 0.114744 0.062214 0.180195 0.057708 0.079137 0.209882 -0.340155 -0.231282 -0.334299 -0.369857 -0.193646 -0.184566 0.208523 -0.195160 0.141632 0.116203 0.476664 -0.172766 0.245722 -0.002728 -0.371287 -0.195985 0.460750 0.418905 0.540988 0.546187 0.364298 0.337625 -0.400092 -0.280048 -0.191649 -0.579661 0.045572 -0.076316 -0.008098 -0.055794 0.319582 0.167520 0.053615 0.012165 -0.078424 -0.135139 -0.406355 -0.170741 -0.162156 -0.117916 -0.103509 0.384717 -0.328744 -0.276146 -0.143340 -0.173412 0.256310 0.297121 -0.221629 -0.258481 -0.404844 -0.077936 -0.019533 -0.216567 -0.123809 -0.068902 -0.116252 -0.105412 -0.119093 0.025110 -0.162219 -0.070213 -0.230002 -0.253936 0.019685 0.056276 -0.181433 -0.218232 -0.237877 0.091225 -0.147852 -0.108882 -0.055937 -0.090249
-0.246148 0.064790 -0.201664 0.095434 0.192825 0.293954 -0.140121 0.626855 -0.174872 0.225467 0.350964 0.616390 0.439845 1.000000 0.354897 0.730807 -0.104161 0.269866 -0.173524 0.041276 0.045963 0.022615 -0.146237 0.038186 -0.000678 -0.039435 -0.060104 -0.111696 0.189600 0.505513 -0.275131 0.096455 -0.146174 0.004995 -0.350806 -0.031354 -0.037889 -0.142140 0.114560 -0.017762 0.054347 0.114554 -0.242192 -0.123908 -0.243318 -0.233394 -0.165338 -0.142209 0.116251 -0.212896 0.119750 0.356548 0.365669 0.113962 0.016520 -0.054957 -0.141588 0.015726 0.233748 0.259981 0.363276 0.538824 -0.181226 0.283575 -0.177942 0.223138 -0.321053 -0.412644 -0.088251 -0.267482 0.034188 -0.096250 0.326912 0.299865 0.386611 0.132554 0.244517 0.105061 -0.107762 0.169186 -0.187661 -0.043117 0.023308 0.256684 -0.392156 -0.422860 -0.221970 -0.406027 0.332873 0.186029 -0.301752 -0.367167 -0.383132 -0.272239 -0.047341 -0.182628 -0.080116 -0.065418 -0.175788 -0.267211 -0.256254 -0.439609 -0.256977 -0.478333 -0.339081 -0.203500 -0.015928 -0.189123 0.009577 -0.317197 -0.022131 -0.061385 -0.108870 -0.061461 -0.063535 -0.097553
-0.022998 0.180764 -0.005323 0.087383 0.180944 0.127917 -0.083220 0.195454 -0.107499 0.105305 0.416349 0.344421 0.309284 0.354897 1.000000 0.445822 -0.024270 0.133051 -0.060521 0.007084 -0.090704 0.111245 0.198781 0.152744 0.083880 0.105352 0.050513 -0.026457 0.182223 0.148722 -0.219009 -0.081037 -0.164757 -0.132383 -0.465926 -0.088879 -0.241363 -0.245664 -0.086764 -0.086230 -0.260599 -0.083913 -0.102169 0.070998 -0.245390 -0.134808 -0.148922 0.078800 -0.074710 0.017925 0.083769 0.176679 -0.047606 -0.102657 -0.212211 -0.076231 -0.050556 0.130520 0.084224 0.135037 0.288769 0.295141 0.039746 0.174352 0.141173 0.217945 -0.132103 -0.202139 -0.101356 -0.135749 -0.138916 -0.046449 -0.030648 0.025617 0.066748 -0.026016 -0.122116 -0.120560 -0.010925 -0.025819 -0.022028 -0.092486 0.277229 0.209470 -0.115948 -0.172461 -0.265266 -0.288583 0.156689 0.210331 -0.189825 -0.225549 -0.203028 -0.095100 -0.192256 -0.206356 -0.140520 -0.069863 -0.316618 -0.212499 -0.138280 -0.226276 -0.102307 -0.035394 -0.163714 -0.244504 0.098430 -0.018985 -0.172911 -0.322328 -0.139783 0.080249 -0.104981 -0.172272 0.023761 -0.099940
-0.525943 -0.065383 -0.172393 0.372078 0.346717 0.501972 0.081480 0.604839 0.098311 0.498721 0.189770 0.719726 0.276554 0.730807 0.445822 1.000000 -0.184801 0.046895 -0.390569 -0.060466 0.354273 0.297919 0.093099 0.476931 0.310515 0.268113 0.138155 0.165319 0.009463 0.284852 0.063399 0.355249 -0.208659 0.142467 -0.391680 0.232391 -0.092136 -0.059614 0.089360 0.190949 0.042627 0.061785 -0.180141 -0.064782 -0.148758 -0.067599 -0.144487 -0.100299 -0.078284 -0.158416 0.176367 0.320569 0.126667 0.229177 -0.105802 0.062630 -0.344013 -0.156574 -0.187303 -0.125993 0.262895 0.242202 -0.150339 0.230357 0.179948 0.532837 -0.505925 -0.139145 -0.213664 -0.347559 -0.026744 0.046636 0.072702 0.238492 0.188030 0.098329 0.058738 0.027961 -0.079636 0.101004 -0.218116 0.060835 -0.008756 0.296577 -0.298286 -0.175023 -0.164659 -0.241321 0.320768 0.163445 -0.333283 -0.333238 -0.298215 -0.501836 -0.029247 -0.165732 -0.032127 -0.175242 -0.214023 -0.475841 -0.277060 -0.498314 -0.336285 -0.563881 -0.358477 -0.298362 0.088142 -0.144323 -0.040736 -0.417654 -0.155264 -0.149598 -0.052503 -0.112654 -0.099260 -0.338548
0.254662 0.285919 -0.233097 -0.148816 -0.266998 -0.269483 -0.377515 -0.436953 -0.339603 -0.374432 0.171346 0.053936 -0.137195 -0.104161 -0.024270 -0.184801 1.000000 0.505466 0.193683 0.134726 -0.088937 0.103151 -0.314537 -0.164106 -0.333333 -0.133201 -0.241301 -0.184032 0.577167 0.282104 -0.117869 -0.033175 0.092960 -0.038162 0.002196 -0.301004 0.329927 0.303704 0.316648 0.193259 0.081432 0.174134 -0.048032 -0.031751 -0.257120 -0.263642 -0.111907 -0.052677 -0.530255 -0.236730 -0.341919 -0.240577 0.009904 0.072126 0.127752 -0.076120 0.190913 0.344229 -0.137699 -0.069076 -0.043379 -0.163010 0.422096 0.062343 -0.070896 -0.343978 0.149448 -0.067207 0.224899 0.237749 -0.039087 -0.070188 0.292119 0.032756 0.065313 -0.015358 0.299978 0.236081 0.579625 0.444845 0.711331 0.370484 0.419204 0.334401 0.052006 0.016181 0.033118 0.036443 -0.185124 -0.177844 -0.197452 -0.223047 -0.084003 0.052594 -0.055935 -0.232193 -0.001114 0.139590 -0.390282 -0.185568 -0.116273 0.021980 -0.082882 0.139185 0.100482 0.075506 0.099245 -0.039859 -0.110540 -0.076377 -0.081203 -0.277887 -0.213910 0.083908 0.042358 -0.181713
0.106267 0.300480 -0.021934 -0.006816 -0.158725 -0.164379 -0.227036 0.057231 -0.334338 -0.290240 0.352891 0.105766 0.277203 0.269866 0.133051 0.046895 0.505466 1.000000 -0.036860 0.201641 -0.141038 -0.007068 -0.067786 -0.118804 -0.209921 -0.145232 -0.102928 -0.147167 0.496630 0.594732 -0.133449 0.147595 -0.180767 -0.085470 -0.099209 -0.297253 0.326096 0.261718 0.318649 0.133992 0.041542 0.323762 -0.334743 -0.294627 -0.525923 -0.521333 -0.418394 -0.314672 -0.364704 -0.344603 0.018007 -0.032110 0.289455 0.046363 0.208591 -0.137970 -0.036226 0.374897 0.164540 0.333841 0.319606 0.371595 0.472954 0.520410 -0.218962 -0.270593 -0.120931 -0.371633 -0.163784 -0.117908 -0.197879 -0.164381 0.344562 0.292283 0.230525 0.156481 0.096713 0.169246 0.183484 0.395297 0.282074 0.320615 0.216633 0.383598 -0.196279 -0.203367 -0.151597 -0.122178 0.115715 0.096962 -0.365076 -0.311768 -0.288865 -0.042795 -0.185646 -0.172000 -0.111572 0.032516 -0.267014 -0.184290 -0.108598 -0.118306 -0.028174 0.117748 0.152921 0.098922 0.059746 -0.208552 0.007724 -0.195425 -0.200197 0.044006 -0.357777 -0.162569 0.019829 -0.036555
0.780000 0.324601 0.279424 -0.059058 -0.242421 -0.267825 -0.172050 -0.372331 -0.225341 -0.433431 0.152684 -0.035503 0.151470 -0.173524 -0.060521 -0.390569 0.193683 -0.036860 1.000000 0.528418 -0.288632 -0.446087 -0.017600 -0.351685 -0.145586 -0.308472 -0.143098 -0.277094 0.407402 0.016799 -0.089126 -0.152835 0.549664 0.020167 0.146780 -0.185594 -0.000067 -0.075924 -0.010936 -0.124364 0.106751 -0.133407 -0.083339 -0.032091 0.090589 -0.122274 0.141682 0.069619 0.145564 -0.044923 -0.319818 -0.162359 0.051549 -0.240175 0.089677 -0.096321 0.176083 0.018368 0.390471 0.217245 -0.154592 -0.138289 0.180390 -0.269211 -0.417910 -0.441387 0.527038 -0.179327 0.589716 0.353255 -0.094039 -0.392387 0.303217 -0.215561 -0.038771 -0.349475 0.153232 -0.187855 -0.039459 0.077082 0.158089 -0.306292 0.232772 0.265220 -0.057616 -0.200070 0.098054 0.072123 0.122198 -0.023747 -0.135295 -0.121487 -0.150311 0.193464 -0.019493 -0.225892 0.133974 0.061867 -0.185475 0.111237 -0.079896 0.247572 0.220401 0.244425 -0.105885 -0.203840 0.007518 0.097940 -0.181692 -0.134851 0.141955 -0.030918 -0.017799 0.237692 -0.194852 -0.133819
0.438290 0.469191 0.265048 0.231154 -0.145537 -0.196188 0.031557 0.109363 -0.182970 -0.391294 0.016926 0.271449 0.275354 0.041276 0.007084 -0.060466 0.134726 0.201641 0.528418 1.000000 -0.187996 -0.284673 -0.081205 -0.182332 -0.249770 -0.303674 -0.373247 -0.306354 0.372709 0.471006 0.004766 0.176988 0.462417 0.529715 -0.062876 -0.028443 0.107196 0.017416 0.126115 0.095685 0.195243 0.289171 -0.360718 -0.286400 -0.106942 -0.224699 -0.199002 -0.094187 -0.056623 -0.284023 -0.353506 -0.114721 0.095514 -0.351019 0.085805 -0.233112 -0.251020 -0.102527 0.307985 0.279610 0.101805 0.200960 0.113382 -0.070367 -0.363108 -0.253565 -0.033284 -0.316800 0.289278 0.095415 -0.151979 -0.278031 0.487394 0.268920 0.237625 -0.015802 0.170845 -0.028392 -0.133266 -0.056401 0.280203 -0.141112 0.082914 0.530536 -0.297087 -0.457211 -0.077675 -0.116298 0.219807 -0.077796 -0.373876 -0.449048 -0.341042 -0.028067 0.057308 -0.198765 0.233554 0.173034 -0.175888 0.001105 0.099201 0.079413 0.186425 0.048561 0.067604 -0.143569 -0.116481 0.053289 -0.254036 -0.209665 0.170099 0.240159 -0.042781 0.070538 -0.153617 -0.250277
-0.444805 -0.148258 -0.354927 0.092997 0.043329 0.218657 0.001667 0.101332 0.178800 0.398549 -0.223653 0.044822 -0.100443 0.045963 -0.090704 0.354273 -0.088937 -0.141038 -0.288632 -0.187996 1.000000 0.460274 0.027072 0.179613 0.421010 0.409112 0.323551 0.382383 -0.092917 0.195286 0.579648 0.526808 0.063436 0.362262 -0.158549 0.090906 0.399925 0.461390 0.534579 0.488682 0.515516 0.318709 -0.109712 -0.101679 -0.182600 -0.115691 -0.050531 0.016474 -0.150353 -0.117223 -0.136855 0.246014 -0.021187 0.326054 0.150418 0.481539 0.015602 -0.040441 -0.274123 -0.223950 -0.254856 -0.214459 -0.262012 -0.211493 0.102642 0.297416 -0.331213 0.036553 0.019497 0.015953 0.310643 0.151137 0.190761 0.309798 0.262479 0.121714 0.244169 0.276954 0.287073 0.266750 -0.127932 0.087575 -0.131910 -0.018537 -0.247731 -0.041600 0.124409 0.064951 -0.069940 0.100912 -0.302062 -0.165566 -0.178183 -0.483051 0.050722 0.133169 0.142143 -0.007293 -0.209818 -0.226385 -0.241930 -0.294792 -0.351192 -0.286876 -0.163733 -0.245452 -0.098192 -0.107227 0.034480 -0.064446 -0.137596 -0.465364 -0.187602 -0.044329 -0.295903 -0.413403
-0.335364 -0.194436 -0.261637 0.004976 0.169841 0.188299 0.019447 0.160845 0.215225 0.384920 -0.140152 0.071505 -0.071186 0.022615 0.111245 0.297919 0.103151 -0.007068 -0.446087 -0.284673 0.460274 1.000000 -0.127762 0.106933 0.143652 0.283813 0.283354 0.298780 -0.056637 0.138064 0.020541 0.092225 -0.423839 -0.062047 -0.235043 -0.126240 0.434163 0.298112 0.336017 0.331237 0.263282 0.384614 -0.187525 -0.134813 -0.318191 -0.135095 -0.255763 -0.038307 -0.152124 -0.043729 0.084981 0.199493 -0.038735 0.361087 -0.038538 0.216277 -0.120969 -0.071611 -0.151698 -0.096252 0.042384 0.037834 0.053102 0.167164 0.203096 0.286189 -0.419200 -0.031586 -0.426587 -0.426221 0.158080 0.274678 0.054065 0.234916 0.163281 0.122002 0.038516 0.128376 0.155066 -0.051923 0.158445 0.338912 0.005012 0.031373 -0.020935 0.152543 0.116656 0.121412 -0.147659 0.151861 -0.056623 0.010741 0.056247 -0.163795 -0.103705 -0.085373 -0.243755 -0.110935 -0.187779 -0.231390 -0.234894 -0.051862 -0.196322 -0.059680 -0.106182 -0.017909 0.107637 -0.157908 0.105254 -0.097738 -0.348112 -0.222388 -0.155474 -0.144448 0.065907 -0.254123
-0.024771 -0.248280 0.331189 0.235138 0.102560 0.096612 0.120136 -0.033905 0.117683 0.132914 0.159718 -0.076384 -0.089521 -0.146237 0.198781 0.093099 -0.314537 -0.067786 -0.017600 -0.081205 0.027072 -0.127762 1.000000 0.509263 0.548403 0.409258 0.177125 0.135225 -0.272644 -0.353340 0.366357 0.138474 0.054967 0.053315 0.026322 0.394492 -0.315004 -0.263452 -0.267960 -0.140441 -0.238508 -0.314133 -0.063179 0.014310 -0.002920 -0.037791 0.024099 0.089938 0.021044 -0.045778 0.282573 0.023170 0.030919 0.144220 0.054659 -0.054068 -0.099336 -0.124688 -0.038401 -0.066987 0.137193 -0.040585 0.094697 0.014699 0.126537 0.124343 0.100456 0.191032 -0.159064 -0.067255 -0.207169 -0.063791 -0.446999 -0.273294 -0.189672 -0.176216 -0.277103 -0.207582 -0.153583 -0.066186 -0.223172 -0.156298 -0.077431 -0.201373 0.047243 0.031081 0.000199 0.187571 0.269091 0.224646 0.032348 0.080077 -0.094343 -0.107347 0.047952 0.008717 0.028285 -0.130200 0.076652 -0.083501 -0.069035 -0.026317 0.076517 0.073943 -0.038945 -0.108990 -0.000096 0.034131 -0.029403 -0.098959 0.005876 -0.033710 -0.066790 -0.167815 -0.137142 -0.032827
-0.413045 -0.412412 0.115622 0.522903 0.413045 0.567365 0.251633 0.229714 0.166563 0.417517 -0.095007 0.349239 -0.281715 0.038186 0.152744 0.476931 -0.164106 -0.118804 -0.351685 -0.182332 0.179613 0.106933 0.509263 1.000000 0.526149 0.589637 0.189938 0.266822 -0.324806 -0.285465 0.450539 0.420678 -0.127185 0.072290 0.165976 0.480454 -0.400960 -0.324095 -0.229468 0.025827 -0.276875 -0.313507 0.167630 0.096352 0.232160 0.280616 0.051033 -0.016572 -0.197819 -0.026451 0.267706 -0.075795 -0.263565 0.190758 -0.271002 -0.157229 -0.302120 -0.263568 -0.477058 -0.514284 -0.035658 -0.246497 -0.009235 0.009298 0.533681 0.572235 -0.144642 0.559267 -0.278629 -0.221782 -0.245496 -0.014208 -0.500927 -0.253889 -0.224437 -0.151880 -0.308760 -0.261233 0.082142 0.086240 -0.149956 0.013449 -0.112935 -0.026726 0.141345 0.311653 -0.069801 0.103056 0.142868 -0.039642 0.105911 0.040715 -0.022300 -0.326850 -0.130030 -0.004075 -0.023681 -0.188036 0.014279 -0.419060 -0.080665 -0.312675 -0.184398 -0.223416 -0.131977 0.049665 0.044108 -0.233258 0.185334 -0.068852 -0.113852 -0.169838 0.054268 -0.234950 0.057293 -0.181453
-0.374070 -0.201460 -0.015632 0.254142 0.229831 0.587811 0.156078 0.258669 0.332914 0.593490 -0.154705 0.003505 -0.156406 -0.000678 0.083880 0.310515 -0.333333 -0.209921 -0.145586 -0.249770 0.421010 0.143652 0.548403 0.526149 1.000000 0.782149 0.468700 0.518792 -0.509942 -0.274242 0.445243 0.327043 -0.004945 0.194541 0.094531 0.472527 -0.166089 -0.075850 0.002660 0.063588 0.024280 -0.175990 0.038730 0.128292 0.088873 0.092570 0.186707 0.193907 0.003795 -0.027229 0.177699 0.100284 -0.098795 0.230301 -0.082999 0.100756 -0.054900 0.020633 -0.204293 -0.212643 -0.174214 -0.135694 -0.239804 -0.045136 0.185954 0.487674 0.051334 0.316156 -0.069318 -0.095192 -0.060651 -0.072115 -0.351289 -0.122712 -0.099712 -0.111946 -0.160806 -0.080845 0.009006 0.125637 -0.443942 -0.127349 -0.286652 -0.264639 -0.203068 -0.010371 -0.056673 -0.061966 -0.005542 0.068701 -0.172099 -0.120888 -0.107945 -0.440720 0.129981 -0.043635 0.255286 -0.327083 0.043822 -0.378079 -0.235573 -0.336116 -0.104371 -0.297992 -0.199511 -0.258669 -0.102314 0.056018 -0.067888 -0.312495 -0.028741 -0.250372 -0.227450 -0.002141 -0.096808 -0.290582
-0.406242 -0.161435 -0.256616 0.115863 0.191570 0.534690 -0.021632 0.166658 0.106559 0.421414 -0.196027 -0.033488 -0.370495 -0.039435 0.105352 0.268113 -0.133201 -0.145232 -0.308472 -0.303674 0.409112 0.283813 0.409258 0.589637 0.782149 1.000000 0.321822 0.434513 -0.408370 -0.184405 0.502232 0.362417 -0.021078 0.251444 0.030889 0.391563 -0.092965 -0.068117 -0.015173 0.011331 -0.075261 -0.070912 0.120399 0.154515 0.145975 0.184198 0.159697 0.196293 -0.156615 -0.025018 0.006920 -0.055019 -0.273155 0.234254 -0.228311 0.015657 0.013507 0.096751 -0.402097 -0.389631 -0.186651 -0.252188 -0.257383 -0.106239 0.328743 0.483309 0.065478 0.406313 -0.075977 -0.075329 0.081217 0.081003 -0.321796 -0.015823 -0.047069 0.076370 0.082533 0.155027 0.284210 0.297236 -0.162645 0.071334 -0.166276 -0.295087 -0.088057 0.041816 -0.134126 -0.076428 -0.100669 -0.103425 -0.195438 -0.117968 -0.074798 -0.375662 0.022938 -0.009983 0.200071 -0.125459 -0.108903 -0.449227 -0.229280 -0.404865 -0.193839 -0.218703 0.014787 0.018162 -0.059359 -0.142739 0.045245 0.001141 0.042627 -0.264553 -0.154062 -0.103040 0.029865 -0.214328
-0.216469 -0.341538 0.203069 0.059670 0.468143 0.309727 0.227311 0.166159 0.385640 0.472826 -0.133564 -0.112437 0.000062 -0.060104 0.050513 0.138155 -0.241301 -0.102928 -0.143098 -0.373247 0.323551 0.283354 0.177125 0.189938 0.468700 0.321822 1.000000 0.730017 -0.377871 -0.313782 0.070603 0.108163 -0.283940 -0.162605 0.231172 0.186024 0.023947 -0.057555 0.065760 -0.131332 0.026162 -0.125781 -0.186616 -0.226428 -0.219477 -0.169306 -0.206804 -0.231031 0.060897 -0.122781 0.220471 0.296082 0.121039 0.259173 0.168601 0.137537 -0.018893 -0.114894 0.101448 0.079203 0.066154 0.048470 0.064410 0.152944 0.130728 0.344578 0.051743 0.210205 -0.313891 -0.194606 -0.146085 -0.111296 -0.297832 -0.269619 -0.155171 -0.198547 -0.196012 -0.144557 -0.098045 -0.017603 -0.214405 0.050284 -0.283398 -0.357844 0.005298 0.096830 0.098415 0.197171 -0.050931 0.410842 0.043977 0.328648 0.183066 -0.088123 -0.244339 0.025899 -0.380838 -0.289818 0.092329 -0.166336 -0.070162 0.026959 0.012668 0.060061 -0.053492 -0.030121 -0.037993 -0.162688 -0.038445 -0.176545 -0.336749 -0.199217 -0.218691 -0.169393 0.140231 -0.067863
-0.318755 -0.171786 -0.029699 0.062648 0.299613 0.418444 0.217986 0.178632 0.420848 0.588833 -0.309582 -0.022526 -0.159941 -0.111696 -0.026457 0.165319 -0.184032 -0.147167 -0.277094 -0.306354 0.382383 0.298780 0.135225 0.266822 0.518792 0.434513 0.730017 1.000000 -0.495482 -0.321636 0.125921 0.120681 -0.238048 0.023897 0.106994 0.181975 0.065170 0.060295 0.047041 -0.031620 0.043520 -0.107188 -0.030163 -0.046639 -0.130132 -0.022239 -0.081766 -0.061061 -0.076849 -0.094451 0.062196 0.335746 -0.051493 0.290331 0.111191 0.234970 -0.013752 -0.115407 -0.206696 -0.149403 -0.054396 -0.016701 -0.178781 0.103718 0.200525 0.548713 -0.069767 0.349144 -0.310032 -0.119148 -0.143651 -0.046080 -0.345325 -0.217841 -0.077368 -0.136368 -0.076617 0.033950 0.033037 -0.024634 -0.244571 -0.063789 -0.429722 -0.433815 -0.094153 0.080505 -0.049568 0.097255 -0.103022 0.404131 -0.015661 0.249990 0.221724 -0.238445 -0.172646 0.181191 -0.284940 -0.267608 0.193628 -0.230712 0.035013 -0.127135 -0.033375 -0.012185 0.076322 0.165564 0.050337 -0.204007 -0.021052 -0.065939 -0.318215 -0.295921 -0.281527 -0.259983 0.233458 -0.061169
0.391142 0.379478 0.005606 -0.059561 -0.275118 -0.411622 -0.267280 -0.264480 -0.493786 -0.567605 0.468044 0.242906 0.372045 0.189600 0.182223 0.009463 0.577167 0.496630 0.407402 0.372709 -0.092917 -0.056637 -0.272644 -0.324806 -0.509942 -0.408370 -0.377871 -0.495482 1.000000 0.610448 -0.136580 0.030604 0.222812 -0.038792 -0.388119 -0.416516 0.307462 0.269206 0.345169 0.252847 0.269425 0.307964 -0.151321 -0.078968 -0.252547 -0.328558 -0.133452 -0.078019 -0.343162 -0.237900 -0.336657 -0.284566 0.160915 -0.107391 0.065419 -0.057458 -0.010248 0.140636 0.093460 0.090253 0.177489 0.055739 0.423028 0.118572 -0.296145 -0.556317 -0.051263 -0.545844 0.262897 0.102972 0.146881 -0.068472 0.673252 0.295909 0.231930 0.079037 0.366339 0.194866 0.249867 0.392524 0.541655 0.293664 0.569302 0.727955 -0.079049 -0.173145 0.020426 0.001643 0.113987 -0.100429 -0.361659 -0.368829 -0.364909 0.029367 -0.124761 -0.307105 -0.022253 0.092618 -0.563121 -0.186476 -0.176299 -0.073148 -0.223941 -0.073927 -0.207775 -0.284224 0.122437 -0.087411 -0.048218 -0.092577 -0.043664 -0.078150 -0.124544 -0.002260 -0.240385 -0.260086
-0.000188 0.394691 -0.279176 0.050446 -0.250639 -0.170980 -0.269988 0.326729 -0.438238 -0.309748 0.194905 0.285917 0.404214 0.505513 0.148722 0.284852 0.282104 0.594732 0.016799 0.471006 0.195286 0.138064 -0.353340 -0.285465 -0.274242 -0.184405 -0.313782 -0.321636 0.610448 1.000000 -0.024913 0.401412 0.078230 0.354089 -0.415535 -0.255373 0.485482 0.388037 0.549183 0.387105 0.490107 0.650776 -0.396488 -0.277466 -0.427549 -0.420502 -0.269245 -0.115197 -0.159305 -0.293091 -0.292189 0.067418 0.344260 -0.014667 0.217960 0.105239 -0.111077 0.202144 0.215266 0.361253 0.120174 0.362367 0.054372 0.205978 -0.462408 -0.252692 -0.390928 -0.652515 0.036814 -0.139817 0.231232 0.003700 0.833869 0.740664 0.594788 0.317040 0.469981 0.367571 0.146814 0.345124 0.304284 0.214428 0.304286 0.635512 -0.481772 -0.539961 -0.084992 -0.288111 0.086708 -0.079700 -0.546145 -0.659010 -0.522640 -0.258219 -0.012541 -0.157967 0.193773 0.078555 -0.377117 -0.199646 -0.151631 -0.294488 -0.196968 -0.215437 -0.072436 -0.270289 -0.091733 -0.127184 -0.043869 -0.217955 0.026764 0.033528 -0.341144 0.011109 -0.312695 -0.320509
-0.262904 -0.122950 -0.079851 0.260012 -0.057919 0.108002 0.047711 -0.096792 0.019848 0.105163 -0.253677 -0.114308 -0.355505 -0.275131 -0.219009 0.063399 -0.117869 -0.133449 -0.089126 0.004766 0.579648 0.020541 0.366357 0.450539 0.445243 0.502232 0.070603 0.125921 -0.136580 -0.024913 1.000000 0.690280 0.253105 0.409134 0.124083 0.187185 0.066418 0.137355 0.118357 0.248497 0.259482 0.006809 0.129458 0.071286 0.222102 0.213360 0.131663 0.145829 -0.268243 0.063196 -0.170759 -0.180271 -0.291363 0.101054 -0.127179 0.143106 -0.028829 -0.005637 -0.466289 -0.405029 -0.366428 -0.463986 -0.229365 -0.390554 0.187846 0.129017 -0.065356 0.317078 0.064648 0.086164 0.206092 0.043993 -0.013814 0.113788 0.109216 0.042937 0.138957 0.126927 0.274418 0.247387 -0.101847 0.066973 -0.031348 -0.036706 0.052490 0.150414 0.125567 0.179545 -0.037747 -0.223371 -0.169646 -0.142426 -0.161255 -0.360452 0.058944 0.143490 0.256487 -0.113304 -0.093435 -0.252037 -0.150811 -0.199670 -0.129769 -0.183004 -0.100792 -0.122818 -0.118018 -0.078495 0.142501 0.076831 0.033531 -0.299681 -0.143244 -0.111034 -0.386045 -0.277682
-0.338022 -0.078238 -0.134936 0.425581 -0.043298 0.145987 0.080015 0.341814 -0.094291 0.095507 -0.197017 0.158852 -0.131580 0.096455 -0.081037 0.355249 -0.033175 0.147595 -0.152835 0.176988 0.526808 0.092225 0.138474 0.420678 0.327043 0.362417 0.108163 0.120681 0.030604 0.401412 0.690280 1.000000 0.115922 0.514314 0.002528 0.224173 0.222698 0.134207 0.304350 0.349248 0.432338 0.297693 -0.057272 -0.012854 0.011252 0.059406 0.036688 0.087595 -0.235594 -0.061307 -0.225899 0.027372 0.037530 0.228900 0.043943 0.228776 -0.121113 -0.004465 -0.285319 -0.179465 -0.308940 -0.172544 -0.212500 -0.093623 -0.114573 0.156776 -0.372083 -0.034124 -0.105392 -0.219866 0.157153 0.039250 0.284857 0.427981 0.385204 0.090937 0.271616 0.216364 0.241291 0.377516 0.029309 0.041951 0.095530 0.276245 -0.337947 -0.246247 -0.050217 -0.059749 -0.052091 -0.141631 -0.261752 -0.381898 -0.307209 -0.540681 -0.080149 0.010920 0.264511 -0.121044 -0.067627 -0.353653 -0.085073 -0.442160 -0.214761 -0.267814 -0.178264 -0.258297 -0.275817 -0.215253 0.091949 -0.165265 0.000413 -0.226753 -0.202566 -0.130833 -0.444135 -0.329525
0.449936 0.187711 0.029806 0.042223 -0.244731 -0.240182 -0.197303 -0.266055 -0.288214 -0.372542 -0.092627 -0.052930 -0.097602 -0.146174 -0.164757 -0.208659 0.092960 -0.180767 0.549664 0.462417 0.063436 -0.423839 0.054967 -0.127185 -0.004945 -0.021078 -0.283940 -0.238048 0.222812 0.078230 0.253105 0.115922 1.000000 0.540771 0.008486 0.057672 -0.053124 0.004413 0.056506 0.002239 0.112276 -0.139011 0.055886 0.190459 0.181935 0.077168 0.265947 0.327624 0.017447 -0.007981 -0.467373 -0.119563 -0.007034 -0.083003 0.043232 0.163315 0.213959 0.031996 0.033504 -0.024214 -0.155191 -0.308275 -0.145070 -0.415142 -0.195837 -0.209953 0.384916 -0.061754 0.658472 0.463053 0.126301 -0.149104 0.279480 -0.014352 0.109087 -0.151196 0.367171 -0.004263 0.171227 0.268988 0.022760 -0.231587 0.007313 0.116783 -0.287223 -0.294638 -0.098707 -0.098434 -0.095626 -0.240336 -0.325928 -0.295541 -0.288169 -0.007592 0.207282 -0.038329 0.437460 0.201121 -0.346239 0.122616 -0.013865 0.044549 -0.065152 -0.003188 -0.035477 -0.275328 -0.096096 0.102457 -0.130960 -0.042907 0.290614 -0.206806 0.017965 0.204557 -0.367509 -0.230922
-0.139296 0.154662 -0.158706 0.186004 -0.045397 -0.028035 -0.033100 0.223157 -0.108050 -0.093040 -0.346387 0.018189 -0.076599 0.004995 -0.132383 0.142467 -0.038162 -0.085470 0.020167 0.529715 0.362262 -0.062047 0.053315 0.072290 0.194541 0.251444 -0.162605 0.023897 -0.038792 0.354089 0.409134 0.514314 0.540771 1.000000 -0.052739 0.360506 0.164165 0.140402 0.256790 0.241477 0.357609 0.339212 -0.264480 -0.150747 -0.016397 -0.042369 -0.007893 0.152707 -0.068600 -0.222357 -0.455206 -0.017606 0.079405 -0.089596 0.123461 0.195614 -0.139599 -0.060535 -0.052044 -0.001524 -0.031172 0.023026 -0.275371 -0.167837 -0.097160 0.117462 -0.159618 -0.134838 0.238297 0.114612 0.210874 0.024442 0.345426 0.452962 0.342913 0.280459 0.376010 0.258113 0.054740 0.109685 0.108437 -0.063090 -0.141469 0.169459 -0.444302 -0.512611 -0.027552 -0.141722 0.036873 -0.109361 -0.460547 -0.471683 -0.285538 -0.307437 0.303653 -0.067722 0.515904 0.198319 -0.169566 -0.079942 0.099265 -0.209684 -0.104344 -0.230935 0.134954 -0.225993 -0.174096 0.144776 -0.329801 -0.145085 0.256894 -0.078710 -0.167133 -0.013304 -0.303378 -0.348044
0.100593 -0.358212 0.257845 0.022523 0.216126 0.066396 0.071126 -0.174913 0.078969 -0.023971 -0.252197 -0.291942 -0.365624 -0.350806 -0.465926 -0.391680 0.002196 -0.099209 0.146780 -0.062876 -0.158549 -0.235043 0.026322 0.165976 0.094531 0.030889 0.231172 0.106994 -0.388119 -0.415535 0.124083 0.002528 0.008486 -0.052739 1.000000 0.354083 -0.112222 -0.178561 -0.115964 -0.182850 -0.125674 -0.281735 -0.002079 -0.174966 0.128893 0.074940 -0.019502 -0.258354 0.058030 -0.106120 0.095616 -0.127491 -0.028913 0.014251 0.173698 -0.168660 0.049646 -0.172728 0.048466 -0.116814 -0.218507 -0.280913 0.116113 -0.281396 0.103570 0.078596 0.420889 0.571883 0.066816 0.182955 -0.183988 -0.111705 -0.331384 -0.407529 -0.312551 -0.173361 -0.247775 -0.224872 0.057731 -0.017247 0.032845 -0.100289 -0.206922 -0.333662 0.287916 0.257689 0.221191 0.301890 -0.122661 -0.018155 0.371347 0.420043 0.307162 0.288367 0.064841 0.021413 0.012610 0.068840 0.316654 0.195128 0.147632 0.292591 0.159576 0.318738 0.140454 0.262418 -0.291987 0.013613 0.058638 0.138742 0.218098 -0.002255 0.103290 0.161808 0.124134 0.168577
-0.330201 -0.381329 0.199387 0.242584 0.344422 0.335890 0.242255 0.252269 0.130039 0.225128 -0.222447 0.015690 -0.120159 -0.031354 -0.088879 0.232391 -0.301004 -0.297253 -0.185594 -0.028443 0.090906 -0.126240 0.394492 0.480454 0.472527 0.391563 0.186024 0.181975 -0.416516 -0.255373 0.187185 0.224173 0.057672 0.360506 0.354083 1.000000 -0.210289 -0.175948 -0.117187 -0.073319 -0.089762 -0.196999 -0.115036 -0.062304 0.113170 0.113051 0.125511 -0.001673 0.121210 -0.162932 0.139402 -0.002700 0.182668 0.046935 0.202840 0.011256 -0.296480 -0.382409 -0.113659 -0.188402 0.068683 -0.004592 -0.073696 -0.110545 0.143907 0.385145 0.000307 0.326951 -0.073606 -0.040974 0.011411 0.163620 -0.311838 -0.146394 -0.259147 0.021172 -0.177204 -0.007028 -0.189557 -0.097707 -0.117673 -0.148223 -0.220342 -0.200266 -0.098622 -0.086483 0.064016 -0.023121 0.052930 0.080024 0.089804 0.036272 -0.011426 -0.214037 0.220361 -0.130357 0.221162 -0.107922 0.220382 -0.142973 0.146578 -0.053497 -0.093107 -0.135495 -0.005320 -0.247132 -0.253819 0.262308 -0.126851 -0.140870 0.313840 -0.098120 0.097700 0.081169 -0.025487 -0.229594
