1.000000 0.284625 0.114310 -0.576113 0.120255 -0.153030 -0.045133 -0.333333 0.315111 -0.118485 0.610847 0.052185 0.428057 0.150107 0.434756 0.247261 0.427905 0.209188 0.547697 0.288100 -0.135033 -0.374831 0.042005 -0.187670 0.094539 -0.318186 0.073314 -0.012109 0.169362 -0.110430 -0.079498 -0.374847 0.295225 -0.056295 -0.245741 -0.276359 0.203083 -0.070170 -0.234949 -0.119047 -0.397120 -0.165386 -0.309441 -0.415136 -0.486753 -0.565571 -0.440992 -0.156640 -0.292431 -0.212985 -0.181273 -0.286768 -0.173915 -0.175895 -0.093496 -0.017386 0.340134 -0.142202 0.481272 -0.012793 0.630391 0.236404 0.421484 0.354432 0.121835 -0.025938 -0.129472 -0.471858 0.205386 -0.130627 -0.078787 -0.371518 0.187435 0.006225 0.248576 0.029210 0.376028 0.009247 -0.385873 -0.006268 0.055220 0.158056 0.326670 -0.033892 0.119768 -0.043132 0.030160 -0.229157 0.355535 0.270910 -0.251413 0.270617 0.104768 0.324917 -0.370960 0.160793 -0.341805 -0.051622 -0.297386 0.223172 0.030801 0.197844 0.072679 0.094193 0.108043 0.106754 -0.006565 0.201269 -0.123051 -0.134723 -0.013386 -0.104587 -0.261147 0.333089 0.222656 0.068157
0.284625 1.000000 -0.561031 -0.327028 -0.011904 0.139204 -0.412916 0.142482 -0.122603 0.207339 0.192087 0.467946 0.051671 0.474140 -0.049298 0.232952 0.398209 0.645990 0.058071 0.471923 -0.260686 -0.087070 -0.414275 -0.299910 -0.163340 -0.394497 -0.127657 -0.319450 0.113031 0.354124 -0.427054 -0.263210 0.213371 0.258897 -0.189144 -0.113346 0.208852 0.042466 -0.437862 -0.058398 -0.218201 0.166878 -0.190044 -0.253515 -0.113629 -0.090227 -0.389180 -0.255838 -0.119322 -0.012881 -0.422852 -0.205884 -0.200176 -0.249457 -0.448508 -0.325538 0.364723 0.318634 -0.017885 0.020062 0.101375 0.526844 0.215466 0.433562 -0.050715 0.392456 -0.348758 -0.360481 0.199975 0.132521 -0.226818 -0.178032 0.187665 0.303593 0.294285 0.313251 0.265565 0.149574 0.197505 0.295638 0.360974 0.439887 0.073475 0.172486 -0.147414 -0.171443 -0.286595 0.023109 -0.368686 -0.022255 0.112701 -0.190894 0.464833 0.084650 -0.318391 0.324140 -0.384749 -0.307238 0.035979 -0.046793 0.367091 -0.101582 0.278281 -0.165485 0.076802 0.196833 0.240437 0.121072 0.073388 -0.131491 -0.289981 0.059095 -0.334338 0.042159 0.062980 0.225610
0.114310 -0.561031 1.000000 -0.079395 0.246280 -0.231968 0.692037 -0.306040 0.518250 -0.391585 0.138965 -0.499481 0.279357 -0.411006 0.348719 -0.238079 -0.269085 -0.405849 0.084878 -0.258435 0.172993 -0.109620 0.387310 -0.023027 0.276279 0.074371 0.135994 0.228702 -0.162658 -0.299848 0.324700 -0.053316 -0.331452 -0.346638 -0.043751 -0.178293 -0.079547 -0.060473 0.164343 -0.085535 0.057225 -0.168736 0.002530 -0.030826 -0.187773 -0.331104 0.050776 0.099960 -0.022873 -0.208857 0.430296 -0.143167 -0.043153 0.071762 0.382715 0.093442 -0.371421 -0.103101 0.231467 -0.196541 0.191983 -0.443052 -0.109737 -0.383531 0.233707 -0.547326 0.261283 -0.051154 0.127149 -0.073113 0.183449 0.002740 -0.176350 -0.037260 -0.009928 -0.170485 -0.014310 -0.079130 -0.230822 -0.189052 -0.229472 -0.191762 0.075839 -0.220117 0.392116 0.050823 0.290601 -0.146282 0.455185 -0.007961 -0.167726 0.407173 -0.289195 0.165022 0.193345 0.022460 0.245682 0.373959 -0.047523 0.144224 -0.264741 0.329495 -0.127705 0.418575 0.128631 -0.117515 -0.182361 0.019582 0.075074 0.126078 0.274646 0.081561 0.111237 0.039073 -0.010586 -0.174678
-0.576113 -0.327028 -0.079395 1.000000 -0.250467 0.239830 0.067429 0.490605 -0.280640 0.287997 -0.471446 -0.054943 -0.306108 -0.198827 -0.277848 -0.030735 -0.461983 -0.379545 -0.232328 -0.279559 0.353479 0.294606 -0.071861 0.363220 -0.098239 0.321885 0.083496 0.089936 -0.140451 0.081466 0.036119 0.318681 -0.241940 -0.068839 0.081262 0.144637 -0.279760 -0.006665 0.241170 0.145817 0.319608 0.097233 0.104072 0.289984 0.191031 0.390768 0.174568 0.049962 -0.055104 0.106334 0.147336 0.150975 0.052493 0.073824 0.082098 0.027597 -0.355665 -0.214240 -0.445105 0.062589 -0.421924 -0.190852 -0.094057 -0.180924 -0.056055 0.191212 -0.018028 0.333000 -0.250164 -0.231795 0.064688 0.249521 -0.059561 -0.156385 -0.318636 -0.031629 -0.374008 0.010230 0.194421 -0.103360 -0.154537 -0.206760 -0.320949 0.166717 -0.062982 0.106261 0.043243 0.281314 -0.031400 -0.026321 0.168121 -0.263124 0.078599 -0.080185 0.135193 -0.171907 0.070902 0.102627 -0.070427 -0.155123 -0.189703 -0.124995 -0.026013 -0.063872 -0.038893 -0.228270 -0.252222 -0.367359 -0.041809 -0.052138 -0.060743 -0.046641 0.272155 -0.159001 -0.192386 -0.157941
0.120255 -0.011904 0.246280 -0.250467 1.000000 0.431024 0.354945 0.021115 0.665857 0.282744 0.364778 0.050675 0.232776 -0.010759 0.049640 -0.165525 -0.056981 -0.093036 0.035617 0.108649 -0.198349 -0.122536 0.235402 0.293395 0.473189 -0.056968 0.461022 -0.002048 -0.064371 -0.261113 -0.049415 -0.137373 -0.197488 -0.027203 0.113403 0.098796 -0.083566 -0.612158 -0.501594 -0.420128 -0.343804 -0.329565 -0.127287 -0.322018 -0.004330 -0.222938 -0.145018 -0.066980 0.256710 -0.067808 0.267331 -0.014739 -0.320449 -0.194995 -0.435533 -0.471425 0.036399 -0.070439 0.191000 -0.245664 0.226416 -0.061092 0.282441 -0.042747 0.628924 0.110815 0.041152 0.094945 0.056710 0.160068 -0.396778 -0.458022 -0.408863 -0.064678 -0.136529 -0.384820 0.152229 -0.304863 0.047040 0.004924 -0.176445 -0.052529 -0.011028 -0.027760 0.296800 0.030172 -0.526304 -0.348295 0.104436 -0.284573 -0.201714 0.369243 -0.055531 -0.072156 -0.139851 -0.056636 -0.279880 -0.288485 0.055879 -0.109750 -0.235382 0.010079 -0.112847 -0.118876 0.147259 -0.001500 0.126522 0.209092 0.019519 -0.182715 0.086141 -0.088833 -0.293293 -0.021885 0.082095 0.068160
-0.153030 0.139204 -0.231968 0.239830 0.431024 1.000000 -0.204138 0.230011 0.071727 0.596099 -0.173683 -0.042077 -0.238287 -0.042898 -0.401713 -0.015038 -0.210773 -0.104403 -0.079481 0.043230 0.167759 0.357851 0.035662 0.328102 0.368119 0.261182 0.651875 0.193415 -0.248825 -0.220172 -0.296455 -0.056329 -0.233316 -0.011059 0.119533 0.126142 -0.140707 -0.183384 -0.169562 0.046367 -0.164567 -0.262157 0.118392 0.070519 0.213361 0.245697 -0.009035 0.056099 0.194784 0.313701 0.066254 0.226556 0.026844 0.119100 -0.407881 -0.343704 0.240991 -0.033638 -0.172315 -0.154364 -0.192605 0.063472 0.356971 0.032443 0.021432 0.245254 -0.239351 0.116219 0.077562 0.058573 -0.266085 -0.041136 -0.371571 -0.100389 -0.109010 -0.166678 -0.035391 -0.150730 0.237090 -0.023351 -0.067522 -0.081287 -0.403550 -0.057827 -0.096947 -0.111778 -0.495814 -0.128474 -0.269591 -0.398776 -0.005015 -0.064109 0.124390 -0.191499 0.110960 0.093939 -0.162910 -0.128537 0.174682 0.048161 -0.139606 -0.248540 0.084368 -0.109122 0.310532 0.083944 0.188601 0.112509 -0.107352 -0.121430 -0.003455 -0.033408 -0.005982 0.068651 0.129136 0.064294
-0.045133 -0.412916 0.692037 0.067429 0.354945 -0.204138 1.000000 0.173765 0.649823 -0.061584 0.030271 -0.024942 0.442348 -0.158645 0.146577 -0.177927 -0.422410 -0.384794 0.019303 -0.147111 0.114011 -0.120355 -0.002431 0.004073 -0.003673 -0.075978 0.076520 -0.199538 -0.011936 -0.094584 0.168374 0.032901 -0.360451 -0.256275 -0.110820 -0.119272 -0.254096 -0.310787 -0.084722 -0.250967 0.114181 0.003539 -0.199594 -0.169291 -0.320435 -0.411539 -0.013750 -0.085449 -0.110221 -0.301450 0.324441 -0.153369 -0.043936 -0.035344 0.125460 -0.141739 -0.572409 -0.276096 0.222645 -0.031820 0.290418 -0.174811 -0.093266 -0.223453 0.540840 -0.100875 0.272329 -0.019718 -0.117253 -0.055364 -0.053698 -0.092601 -0.141191 -0.055633 -0.093141 -0.239523 -0.206999 -0.205724 -0.166953 -0.206904 -0.288644 -0.204561 -0.135506 0.032811 0.204730 0.278087 -0.030105 -0.084551 0.334908 0.071983 -0.080485 0.268466 -0.077789 0.214066 -0.007790 -0.220096 -0.000173 0.160351 -0.158279 -0.060726 -0.234766 0.337046 0.034968 0.285321 0.063078 -0.189602 -0.200696 -0.028213 0.015851 -0.006771 -0.056638 -0.067528 0.144619 -0.174592 -0.038161 -0.220297
-0.333333 0.142482 -0.306040 0.490605 0.021115 0.230011 0.173765 1.000000 0.082268 0.545249 -0.258243 0.509998 0.113410 0.491374 -0.368534 0.095275 -0.257837 -0.145283 -0.396950 0.005364 -0.017041 0.085547 -0.552726 -0.042166 -0.338209 -0.131411 -0.124579 -0.503605 -0.070907 0.322301 -0.159434 0.306323 -0.185792 0.191437 -0.046569 -0.026278 -0.215251 -0.162878 -0.164838 0.160685 0.218131 0.109388 -0.242904 -0.116740 -0.092222 0.105288 -0.162834 -0.364502 -0.104351 -0.104858 -0.148732 -0.056940 -0.195922 -0.213570 -0.240285 -0.354790 -0.463929 -0.416253 -0.228502 0.289633 -0.069360 0.403901 -0.145714 0.028925 0.028534 0.683490 -0.093327 0.131777 -0.347178 -0.217378 -0.068463 0.330604 -0.093439 0.036289 -0.183631 0.117406 -0.058938 0.177931 0.256792 -0.098737 -0.006787 -0.039242 -0.272622 0.371117 -0.303605 0.021708 -0.347663 0.179791 -0.159022 0.002809 0.139889 -0.302398 0.479058 0.144335 -0.090454 -0.199371 -0.196160 -0.014409 -0.236984 -0.511554 0.014213 0.062425 0.019056 -0.292309 -0.266393 -0.395190 -0.102988 -0.140639 -0.242585 -0.223964 -0.434876 -0.284833 -0.084089 -0.407735 -0.295694 -0.370434
0.315111 -0.122603 0.518250 -0.280640 0.665857 0.071727 0.649823 0.082268 1.000000 0.181649 0.397591 0.009140 0.592944 0.089879 0.323579 0.127977 -0.090012 -0.122834 0.053266 0.122728 -0.089822 -0.313478 0.095455 -0.001398 0.166211 -0.329270 0.239232 -0.131555 -0.100413 -0.055645 -0.046861 -0.238282 -0.254655 -0.169981 -0.137430 -0.223222 -0.106711 -0.469581 -0.426273 -0.355829 -0.233001 -0.160155 -0.236779 -0.379000 -0.400090 -0.558146 -0.223676 -0.063031 -0.024202 -0.264566 0.228936 -0.130962 -0.210386 -0.044614 -0.189265 -0.286018 -0.169658 -0.173246 0.345430 -0.146437 0.507628 0.020758 0.170308 -0.069013 0.542024 0.018324 -0.096693 -0.233210 -0.002887 -0.067642 -0.299245 -0.300075 -0.279928 0.001585 -0.028622 -0.209058 0.089603 -0.235290 -0.160165 -0.208479 -0.183868 -0.048002 -0.005048 -0.008000 0.235144 -0.023358 -0.226716 -0.234299 0.407481 0.015733 -0.183602 0.490289 0.073923 0.372088 -0.216438 -0.138411 -0.264047 -0.024827 -0.102497 0.098447 -0.255674 0.179447 -0.035430 0.150529 0.147879 -0.059206 -0.005035 0.025457 0.011572 -0.169374 -0.010867 0.028164 -0.106220 0.041732 0.100406 -0.052503
-0.118485 0.207339 -0.391585 0.287997 0.282744 0.596099 -0.061584 0.545249 0.181649 1.000000 -0.157952 0.287271 0.015613 0.366066 -0.367156 0.338765 -0.141613 -0.092277 -0.192261 0.046024 0.122180 0.157650 -0.311015 0.181392 0.070989 -0.075257 0.261746 -0.244573 -0.278363 0.108662 -0.298602 0.024924 -0.029678 0.166126 -0.068220 0.084832 -0.218671 -0.276917 -0.375522 -0.067140 -0.209717 -0.016436 -0.030931 -0.066453 -0.051075 0.043746 -0.077598 -0.043553 0.013375 0.102340 -0.122494 0.083960 -0.052772 0.127173 -0.463298 -0.277166 0.037195 -0.262999 -0.115006 0.001129 0.035095 0.406433 0.163870 0.171089 0.107621 0.613601 -0.272725 0.011968 -0.206903 -0.135702 -0.237435 -0.062522 -0.233134 -0.079801 -0.137653 -0.006515 -0.046949 -0.012702 0.111743 -0.149844 -0.086816 -0.019740 -0.447055 0.112065 -0.304711 -0.107870 -0.540490 -0.125673 -0.115676 -0.183522 0.211615 -0.011733 0.275949 0.064617 -0.125610 -0.001068 -0.373037 -0.181245 0.036333 0.009044 -0.188864 -0.293629 0.120024 -0.209542 0.151355 -0.005322 0.145877 -0.164303 -0.094609 -0.132048 -0.135778 -0.011555 0.052623 -0.037831 0.121716 -0.029529
0.610847 0.192087 0.138965 -0.471446 0.364778 -0.173683 0.030271 -0.258243 0.397591 -0.157952 1.000000 0.190576 0.461947 0.178657 0.712827 0.215332 0.536242 0.258315 0.068070 0.152567 -0.296834 -0.398588 0.272259 0.057859 0.073790 -0.349724 0.110085 -0.001684 0.399829 0.018294 -0.070444 -0.272167 -0.003958 -0.039495 -0.040079 0.024851 0.147584 -0.312093 -0.391177 -0.468015 -0.244704 -0.105101 -0.272725 -0.330361 -0.249606 -0.348515 -0.277987 -0.061212 0.024876 -0.119926 -0.003172 -0.093560 -0.332655 -0.287236 -0.316596 -0.247946 0.199794 0.017692 0.199849 -0.162605 0.378315 0.008379 0.174748 0.086361 0.374337 0.058192 -0.211998 -0.202874 -0.077795 -0.144344 -0.238605 -0.460560 0.083506 -0.055294 -0.007848 -0.144989 0.327446 -0.178841 -0.002807 0.224847 0.101506 0.276798 0.647757 0.211980 0.438692 0.005833 -0.004279 -0.292896 0.380629 0.031543 -0.307553 0.225855 0.129946 0.152784 -0.479341 -0.119934 -0.323785 -0.332255 -0.222149 -0.010699 0.018003 0.123603 0.035323 0.037009 -0.088807 -0.066459 0.008568 0.143992 -0.140675 -0.317380 0.014061 -0.099070 -0.302062 0.216001 0.074252 0.111758
0.052185 0.467946 -0.499481 -0.054943 0.050675 -0.042077 -0.024942 0.509998 0.009140 0.287271 0.190576 1.000000 0.234093 0.632023 -0.082190 0.278071 0.063729 0.226503 -0.156584 0.274065 -0.172234 -0.102823 -0.470430 0.094035 -0.398602 -0.316624 -0.183137 -0.507153 0.237609 0.414096 -0.255757 0.122133 0.140462 0.268522 -0.061906 -0.039222 -0.145064 -0.269742 -0.398581 -0.224543 0.023097 -0.001313 -0.226081 -0.205206 -0.074869 -0.024367 -0.154454 -0.323377 -0.071977 -0.038171 -0.314807 -0.038438 -0.242153 -0.388024 -0.369201 -0.351783 -0.139625 -0.279161 -0.028584 0.252966 0.168150 0.498350 0.030968 0.234513 0.196859 0.631340 -0.070251 -0.019353 -0.323017 0.100656 -0.240505 -0.051615 0.103686 0.006360 -0.188498 -0.000643 -0.126209 -0.079564 0.028890 0.026790 -0.070273 -0.008024 0.110151 0.498708 -0.192971 0.158204 -0.416743 0.015358 -0.242483 0.060712 -0.030238 -0.325594 0.515413 0.027679 -0.419975 -0.238640 -0.295616 -0.318811 -0.195544 -0.370543 0.239888 0.119117 0.229853 -0.160428 -0.131519 -0.138570 0.122205 0.226021 -0.152167 -0.351331 -0.382457 -0.142858 -0.121714 -0.051090 -0.021247 0.106601
0.428057 0.051671 0.279357 -0.306108 0.232776 -0.238287 0.442348 0.113410 0.592944 0.015613 0.461947 0.234093 1.000000 0.426219 0.585275 0.334306 0.405034 0.165023 -0.006288 -0.003549 -0.073755 -0.337217 -0.334642 -0.322878 -0.301206 -0.624921 -0.110346 -0.400686 0.205913 0.027481 -0.227529 -0.315590 -0.134106 -0.196308 -0.018781 -0.110846 0.192244 -0.204044 -0.222143 -0.273582 0.053841 0.119348 -0.265669 -0.412723 -0.459787 -0.555409 -0.248462 -0.263760 -0.199419 -0.291614 -0.046738 -0.362473 -0.104016 -0.163581 0.089036 -0.194958 -0.240074 -0.243811 0.336175 0.112909 0.698658 0.366173 0.076714 0.233337 0.250566 0.084007 -0.026854 -0.316049 -0.263378 -0.233525 -0.045487 -0.091182 0.201723 0.071934 0.069134 -0.074755 0.130325 -0.099897 -0.009515 0.035321 0.086993 0.140192 0.264119 0.117350 0.079826 -0.022138 0.020176 -0.174498 0.300060 0.310737 -0.135210 0.126956 0.137741 0.278139 -0.325491 -0.031969 -0.271336 -0.094370 -0.399864 -0.126492 0.100628 0.291532 0.074716 0.129934 -0.074827 -0.098365 -0.268287 -0.128425 0.004230 -0.215675 -0.132184 -0.090646 -0.140818 0.033461 0.049727 0.076368
0.150107 0.474140 -0.411006 -0.198827 -0.010759 -0.042898 -0.158645 0.491374 0.089879 0.366066 0.178657 0.632023 0.426219 1.000000 0.041557 0.471541 0.383350 0.346531 -0.190961 0.167559 -0.257749 -0.203382 -0.530031 -0.285442 -0.484237 -0.574934 -0.411600 -0.549842 0.198622 0.398163 -0.140100 0.040649 0.307108 0.353808 -0.130308 -0.075210 0.233551 -0.009825 -0.273969 -0.007281 0.090633 0.242637 -0.231873 -0.304226 -0.247360 -0.162959 -0.387137 -0.448957 -0.108897 -0.092103 -0.463324 -0.247171 -0.237808 -0.312832 -0.193880 -0.304822 -0.123679 -0.149868 0.083451 0.374560 0.337633 0.780832 -0.042346 0.349539 -0.063247 0.572600 -0.158011 -0.207642 -0.369320 -0.167871 -0.024501 0.096087 0.248126 0.231837 0.142701 0.241173 0.298060 0.171458 0.110403 0.079644 0.149254 0.182472 0.148024 0.179422 -0.323522 -0.344404 -0.189951 -0.087339 -0.142362 0.111134 -0.025203 -0.289241 0.454937 0.100071 -0.438975 0.041123 -0.344717 -0.358553 -0.341339 -0.435281 0.368492 0.086732 0.116799 -0.313167 -0.166144 -0.090221 -0.033829 -0.056494 -0.131492 -0.330524 -0.401947 -0.166451 -0.378976 -0.072233 -0.127165 0.076656
0.434756 -0.049298 0.348719 -0.277848 0.049640 -0.401713 0.146577 -0.368534 0.323579 -0.367156 0.712827 -0.082190 0.585275 0.041557 1.000000 0.366869 0.553220 0.227585 0.158668 0.117356 -0.105848 -0.381442 0.152522 -0.106278 -0.137716 -0.423992 -0.032071 0.046561 0.402647 0.062887 0.001400 -0.301225 -0.034766 -0.149305 -0.105787 -0.108976 0.282592 -0.073693 -0.083862 -0.420590 0.036475 0.076252 -0.103335 -0.181291 -0.261844 -0.399431 -0.158394 0.079017 -0.117446 -0.169172 0.041104 -0.175840 -0.138244 -0.094786 0.106366 -0.021846 0.045028 0.074674 0.156753 -0.077775 0.392595 -0.077580 0.031839 0.079157 0.153013 -0.304433 -0.212857 -0.277624 -0.090666 -0.149942 0.033023 -0.277305 0.316513 -0.004436 0.101665 -0.094615 0.129869 -0.170485 -0.058727 0.094054 0.166397 0.234968 0.715264 0.170234 0.381254 -0.088984 0.356666 -0.202877 0.440791 0.239741 -0.168403 0.275347 -0.018154 0.172535 -0.346709 -0.176096 -0.169281 -0.169742 -0.281126 0.069763 0.125914 0.176756 -0.094253 0.187613 -0.122519 0.016627 -0.194059 -0.085597 0.004720 -0.248080 0.067957 0.009266 -0.128444 0.134687 -0.012454 0.204787
0.247261 0.232952 -0.238079 -0.030735 -0.165525 -0.015038 -0.177927 0.095275 0.127977 0.338765 0.215332 0.278071 0.334306 0.471541 0.366869 1.000000 0.321571 0.295498 0.054250 0.147247 0.089794 -0.018966 -0.175872 -0.077223 -0.299474 -0.463745 -0.004994 -0.091456 0.206951 0.458573 -0.253601 -0.292784 0.153740 0.030295 -0.152196 -0.060589 0.245050 0.097630 -0.095555 -0.171614 0.101524 0.198531 0.181210 0.066269 -0.135242 -0.146760 -0.064483 -0.007537 0.005342 0.135064 -0.042321 0.060666 0.046213 0.114481 -0.096268 -0.089287 0.204634 -0.116305 -0.023850 0.055128 0.229012 0.362390 0.150323 0.291677 -0.108351 0.162889 -0.497514 -0.496556 -0.058361 -0.194785 -0.172628 -0.128105 0.264242 -0.040856 0.059803 0.174794 -0.086307 -0.220067 -0.006252 0.033831 0.117489 0.175063 0.155232 0.332054 -0.129266 -0.118089 -0.089806 -0.175813 -0.050412 0.197790 -0.011668 -0.092601 0.174258 0.035186 -0.445252 -0.102739 -0.421841 -0.292698 -0.318208 0.026564 0.030496 -0.179683 0.042311 0.019645 0.102374 0.132792 -0.147091 -0.226325 -0.121520 -0.264048 -0.102415 0.027089 0.104059 0.179681 0.237949 0.314461
0.427905 0.398209 -0.269085 -0.461983 -0.056981 -0.210773 -0.422410 -0.257837 -0.090012 -0.141613 0.536242 0.063729 0.405034 0.383350 0.553220 0.321571 1.000000 0.681664 0.022480 0.112633 -0.383901 -0.301001 -0.183314 -0.415642 -0.221424 -0.477941 -0.269873 -0.187216 0.414206 0.151756 -0.179817 -0.304795 0.209088 0.081403 -0.002879 0.117925 0.452938 0.175335 -0.140247 -0.162460 0.034596 0.230980 -0.060900 -0.184324 -0.062517 -0.151691 -0.218888 -0.114481 0.015515 -0.022762 -0.359867 -0.217495 0.002604 -0.088444 -0.043342 -0.014370 0.379600 0.280777 0.149687 0.103372 0.320086 0.384877 0.066379 0.437785 -0.258368 -0.000902 -0.242283 -0.270251 -0.054861 -0.124623 0.013362 -0.133654 0.425234 0.078795 0.178952 0.087378 0.320922 0.009282 0.266114 0.420100 0.602256 0.578118 0.652280 0.059473 0.078665 -0.309378 0.257537 -0.139572 0.047490 0.250446 -0.049793 -0.103285 0.003992 -0.046933 -0.328521 0.067176 -0.226739 -0.410116 -0.155538 -0.120206 0.386280 0.001257 -0.077065 -0.239485 -0.231329 0.100116 -0.059926 -0.186908 -0.149497 -0.210268 -0.103044 -0.087484 -0.327112 0.034489 -0.070705 0.242339
0.209188 0.645990 -0.405849 -0.379545 -0.093036 -0.104403 -0.384794 -0.145283 -0.122834 -0.092277 0.258315 0.226503 0.165023 0.346531 0.227585 0.295498 0.681664 1.000000 0.061083 0.293463 -0.461802 -0.293734 -0.215205 -0.392503 -0.346886 -0.537391 -0.219307 -0.365203 0.445356 0.418391 -0.350884 -0.410731 0.261336 0.086207 -0.108321 -0.058923 0.449679 0.131584 -0.298160 -0.215049 -0.023422 0.308653 -0.037212 -0.164530 0.043970 -0.129988 -0.180160 -0.254905 0.109004 0.120816 -0.274787 -0.100138 -0.014282 -0.078527 -0.191945 -0.135198 0.413544 0.586465 -0.008333 0.120342 0.124710 0.378862 0.190807 0.481523 -0.076113 0.069473 -0.273735 -0.427646 0.023721 0.026183 -0.241947 -0.276780 0.419028 0.246472 0.162875 0.101188 0.179102 -0.145210 0.436864 0.624686 0.608380 0.701319 0.272283 0.033619 0.026036 -0.260388 0.071374 -0.075655 -0.267929 0.117947 0.030852 -0.205724 0.152476 -0.125575 -0.472846 0.215934 -0.306756 -0.483869 0.098584 -0.080140 0.454046 -0.025403 0.178140 -0.133522 0.045960 0.242642 0.148893 0.006163 -0.042100 -0.184689 -0.286391 0.051342 -0.276396 0.034137 0.070434 0.408700
0.547697 0.058071 0.084878 -0.232328 0.035617 -0.079481 0.019303 -0.396950 0.053266 -0.192261 0.068070 -0.156584 -0.006288 -0.190961 0.158668 0.054250 0.022480 0.061083 1.000000 0.397033 -0.079599 -0.302434 0.108110 0.023519 0.136583 -0.098870 0.138363 0.077195 0.081255 -0.148903 0.090969 -0.308040 0.551510 -0.008756 -0.201234 -0.343612 0.273390 0.004393 -0.070749 -0.104256 -0.356723 -0.047992 -0.076094 -0.236740 -0.242634 -0.416939 -0.220736 -0.045632 -0.272203 -0.028933 -0.023046 -0.116506 0.073162 0.055244 0.043266 0.102035 0.303252 -0.102272 0.442386 -0.009196 0.436201 -0.010398 0.473997 0.347247 0.141870 -0.269289 0.115144 -0.341084 0.373545 0.225698 -0.013626 -0.467809 0.287012 0.135414 0.347566 -0.064827 0.188243 -0.158001 -0.516991 -0.155854 -0.135228 -0.058347 -0.010502 -0.226578 -0.084798 -0.051743 0.008254 -0.275824 0.164257 0.182293 -0.064667 0.268064 -0.034465 0.150707 -0.236695 0.195556 -0.322002 -0.095749 -0.126636 0.342147 0.104375 0.121509 0.018333 -0.038861 0.260651 0.346389 0.036971 0.151368 0.097539 0.047743 -0.019861 -0.054118 -0.086740 0.272656 0.153369 0.243986
0.288100 0.471923 -0.258435 -0.279559 0.108649 0.043230 -0.147111 0.005364 0.122728 0.046024 0.152567 0.274065 -0.003549 0.167559 0.117356 0.147247 0.112633 0.293463 0.397033 1.000000 -0.223139 -0.236453 -0.205905 0.047983 -0.024564 -0.172238 -0.028787 -0.160459 0.065848 0.161674 -0.191520 -0.074535 0.246384 0.430820 -0.111375 -0.335982 0.086089 -0.203601 -0.362056 -0.259383 -0.322209 -0.149300 -0.387120 -0.485158 -0.275476 -0.325028 -0.464019 -0.122485 -0.253217 -0.200601 -0.351468 -0.276198 -0.207580 -0.360284 -0.437041 -0.313505 0.134340 0.069289 0.043080 -0.091758 0.152296 0.222044 0.198138 0.271425 0.120913 0.104909 -0.329396 -0.072561 0.317827 0.580470 -0.063636 -0.231128 0.121784 0.104211 0.235636 0.025893 0.172152 0.161249 -0.182780 -0.078122 0.168423 0.146606 0.147709 0.222677 -0.132677 -0.225530 -0.169387 0.070574 -0.012197 0.043387 0.238897 0.282238 0.285694 0.210839 -0.318692 0.000734 -0.368592 -0.173130 -0.002199 0.076825 0.276488 -0.038426 -0.034024 -0.062236 0.017394 0.325062 0.225756 0.292138 0.084435 0.070721 -0.114682 0.054422 -0.258229 -0.107406 -0.127133 0.159737
-0.135033 -0.260686 0.172993 0.353479 -0.198349 0.167759 0.114011 -0.017041 -0.089822 0.122180 -0.296834 -0.172234 -0.073755 -0.257749 -0.105848 0.089794 -0.383901 -0.461802 -0.079599 -0.223139 1.000000 0.714874 0.073125 0.189701 0.224300 0.403842 0.376857 0.491671 -0.231356 -0.178016 0.165469 0.222539 -0.135134 -0.059493 0.073554 -0.013888 -0.076092 0.239464 0.446808 0.292601 0.135434 -0.045401 0.193834 0.291311 -0.172259 0.017336 0.131114 0.302737 -0.308712 -0.201541 0.016868 -0.123976 0.096759 0.124841 0.212681 0.145489 -0.111856 -0.149457 -0.249725 -0.227683 -0.118202 -0.182776 0.025650 -0.125338 -0.042344 -0.151243 -0.078290 0.064596 -0.053525 -0.043220 0.203617 0.190374 0.003894 -0.187135 -0.010111 0.139378 -0.295431 0.042631 -0.208672 -0.350020 -0.311311 -0.391462 -0.217542 -0.121572 0.044021 0.079380 0.060623 0.053134 0.006713 -0.256999 -0.051755 -0.045435 -0.172120 0.009038 0.376737 -0.185145 0.317872 0.319824 -0.173403 0.243822 -0.266160 -0.146018 0.181683 0.464387 0.270867 0.036082 -0.240032 -0.039723 0.031763 -0.009903 0.373312 0.180459 0.461238 0.338417 0.289949 -0.001111
-0.374831 -0.087070 -0.109620 0.294606 -0.122536 0.357851 -0.120355 0.085547 -0.313478 0.157650 -0.398588 -0.102823 -0.337217 -0.203382 -0.381442 -0.018966 -0.301001 -0.293734 -0.302434 -0.236453 0.714874 1.000000 0.074496 0.181376 0.272242 0.499229 0.339338 0.460387 -0.278734 -0.179458 0.105782 0.259070 -0.271113 0.017980 0.191516 0.198950 -0.160716 0.227571 0.395123 0.400405 0.205149 -0.062684 0.399814 0.416904 0.196468 0.371603 0.290169 0.304312 0.073288 0.053563 0.140473 0.152862 0.216760 0.153888 0.000291 0.026766 0.070961 0.037391 -0.388667 -0.221929 -0.429323 -0.161033 -0.105274 -0.209211 -0.155141 -0.036602 -0.135204 0.204178 0.086075 0.095405 0.000889 0.285642 -0.262775 -0.193860 -0.105112 0.140460 -0.347403 -0.025541 0.105624 -0.166723 -0.111454 -0.244893 -0.248702 -0.094145 -0.004378 0.128459 -0.131750 0.113647 -0.304614 -0.417814 -0.003799 -0.251818 -0.273565 -0.366252 0.492894 -0.228311 0.352677 0.106955 0.061035 -0.031693 -0.260915 -0.392602 0.014871 0.141426 0.078507 -0.010305 -0.089037 -0.038849 -0.077218 0.013331 0.307129 0.125569 0.395546 0.032884 0.120311 -0.051430
0.042005 -0.414275 0.387310 -0.071861 0.235402 0.035662 -0.002431 -0.552726 0.095455 -0.311015 0.272259 -0.470430 -0.334642 -0.530031 0.152522 -0.175872 -0.183314 -0.215205 0.108110 -0.205905 0.073125 0.074496 1.000000 0.478857 0.543631 0.404153 0.401179 0.724407 0.076276 -0.274212 0.419461 -0.007187 -0.029320 -0.226199 0.123652 0.061282 -0.066624 -0.118805 0.169815 -0.139569 -0.188581 -0.273128 0.231840 0.185104 0.180697 0.064241 0.191576 0.248379 0.252549 0.140539 0.488734 0.310719 0.003270 0.186661 0.048180 0.189766 0.258584 0.180684 -0.075180 -0.360763 -0.270470 -0.655473 0.098491 -0.353486 0.253637 -0.464316 0.001114 0.004276 0.111279 -0.098078 -0.150267 -0.257935 -0.198752 -0.140277 -0.094058 -0.137584 0.026063 -0.238717 -0.166786 -0.019746 -0.295454 -0.173962 0.106951 -0.269404 0.543578 0.045199 0.117437 -0.161144 0.277223 -0.352906 -0.305556 0.367779 -0.315457 -0.169655 0.066164 -0.145564 0.217242 -0.006097 0.174622 0.300316 -0.343835 -0.256839 -0.136310 0.163503 0.154415 0.031959 -0.060292 0.050005 0.027161 0.022259 0.366636 0.074837 0.078292 0.291868 0.245251 0.008396
-0.187670 -0.299910 -0.023027 0.363220 0.293395 0.328102 0.004073 -0.042166 -0.001398 0.181392 0.057859 0.094035 -0.322878 -0.285442 -0.106278 -0.077223 -0.415642 -0.392503 0.023519 0.047983 0.189701 0.181376 0.478857 1.000000 0.388410 0.502761 0.444443 0.431172 -0.066022 -0.258639 0.179328 0.279757 -0.093284 -0.130224 0.295670 0.110603 -0.370186 -0.343011 -0.067551 -0.359758 -0.115882 -0.293217 0.168079 0.167964 0.219059 0.260778 0.199244 0.271704 0.133222 0.096493 0.226317 0.218892 -0.116004 -0.097238 -0.279732 -0.163374 0.061363 -0.204938 -0.276173 -0.360220 -0.305818 -0.494738 0.094282 -0.404384 0.340454 -0.007249 -0.012608 0.446316 -0.080840 0.196239 -0.145175 -0.146343 -0.292030 -0.237493 -0.345418 -0.242605 -0.313666 -0.245061 -0.162354 -0.308143 -0.517694 -0.498478 -0.116602 0.135887 0.206943 0.248966 -0.299775 -0.126140 0.012942 -0.340381 -0.086917 0.202785 -0.049847 -0.177406 0.042076 -0.268810 -0.033556 -0.015783 0.031102 0.149850 -0.353039 -0.220889 -0.097705 0.040651 0.081198 0.117261 -0.058438 0.128546 0.040496 0.027103 0.294783 0.161909 0.232282 0.153554 0.154978 0.199389
0.094539 -0.163340 0.276279 -0.098239 0.473189 0.368119 -0.003673 -0.338209 0.166211 0.070989 0.073790 -0.398602 -0.301206 -0.484237 -0.137716 -0.299474 -0.221424 -0.346886 0.136583 -0.024564 0.224300 0.272242 0.543631 0.388410 1.000000 0.584192 0.570548 0.595587 -0.342663 -0.501382 0.356555 0.158814 -0.080106 0.042552 0.299978 0.279172 -0.095519 -0.216864 -0.067955 -0.060777 -0.387173 -0.493547 0.163622 -0.001266 0.052841 -0.045682 0.045587 0.318586 0.065485 -0.175618 0.232359 -0.107898 -0.105758 -0.013910 -0.194444 -0.104352 0.339777 -0.014681 -0.064535 -0.613232 -0.150956 -0.438391 0.155736 -0.208673 0.205658 -0.299167 -0.111503 0.219578 0.379590 0.152123 -0.051922 -0.167661 -0.419585 -0.198855 0.022154 -0.162763 0.151515 -0.018710 -0.126163 -0.126283 -0.156743 -0.155284 -0.132997 -0.269939 0.366569 0.004771 -0.262349 -0.271979 0.117123 -0.477489 -0.203829 0.334841 -0.406041 -0.221378 0.233502 0.073026 0.107617 0.134302 0.129435 0.337510 -0.491094 -0.239327 -0.236252 -0.051669 0.158470 0.033061 0.015876 0.100808 0.100162 0.183154 0.559844 0.144232 -0.003414 0.140362 0.171011 -0.015514
-0.318186 -0.394497 0.074371 0.321885 -0.056968 0.261182 -0.075978 -0.131411 -0.329270 -0.075257 -0.349724 -0.316624 -0.624921 -0.574934 -0.423992 -0.463745 -0.477941 -0.537391 -0.098870 -0.172238 0.403842 0.499229 0.404153 0.502761 0.584192 1.000000 0.347627 0.639434 -0.182226 -0.321695 0.462111 0.617438 -0.203785 0.085352 0.290946 0.246006 -0.300563 0.102168 0.374821 0.226221 0.099632 -0.241940 0.155708 0.289570 0.181409 0.292765 0.198885 0.270869 -0.066272 -0.133019 0.076891 0.050845 0.151607 0.080892 0.074557 0.136390 0.049416 -0.084816 -0.410452 -0.472497 -0.589618 -0.541820 -0.144459 -0.388543 -0.098541 -0.273921 -0.027079 0.454026 0.193732 0.107774 0.320596 0.363868 -0.230886 -0.122083 -0.031679 0.042683 -0.157125 0.214474 -0.045307 -0.206719 -0.175701 -0.335476 -0.202368 -0.022005 0.152903 0.210604 0.016500 0.142403 -0.017558 -0.376339 -0.158578 -0.065352 -0.375493 -0.315185 0.526426 -0.105966 0.487762 0.385023 0.042916 0.170559 -0.376167 -0.218951 -0.170740 0.029503 -0.038114 -0.151710 -0.224312 0.061973 0.021271 0.224996 0.415390 0.017007 0.256872 -0.010671 -0.039295 -0.281036
0.073314 -0.127657 0.135994 0.083496 0.461022 0.651875 0.076520 -0.124579 0.239232 0.261746 0.110085 -0.183137 -0.110346 -0.411600 -0.032071 -0.004994 -0.269873 -0.219307 0.138363 -0.028787 0.376857 0.339338 0.401179 0.444443 0.570548 0.347627 1.000000 0.438656 -0.060597 -0.270210 -0.099266 -0.139713 -0.225904 -0.229846 0.114734 0.097718 -0.011865 -0.236248 -0.110962 -0.155260 -0.287390 -0.367496 0.213302 0.069936 0.047298 -0.071622 0.153877 0.305405 0.076951 0.125504 0.355375 0.170261 0.015756 0.230070 -0.352457 -0.274126 0.256386 -0.095027 -0.162765 -0.410721 -0.073340 -0.322479 0.481879 -0.053355 0.305306 -0.167381 -0.193342 -0.049170 0.124010 -0.036292 -0.317722 -0.308636 -0.222491 -0.230571 -0.071971 -0.213891 -0.082518 -0.343966 0.044904 -0.073756 -0.120075 -0.116216 -0.240186 -0.061400 0.315615 0.120286 -0.374649 -0.306604 -0.097880 -0.541410 -0.238941 0.204281 -0.151492 -0.240167 -0.015396 -0.048617 -0.157503 -0.001611 0.060568 0.306381 -0.314293 -0.245178 0.156154 0.174305 0.378450 0.116096 0.084714 0.210673 -0.018927 -0.111639 0.319206 0.100062 0.175734 0.295795 0.393775 0.124902
-0.012109 -0.319450 0.228702 0.089936 -0.002048 0.193415 -0.199538 -0.503605 -0.131555 -0.244573 -0.001684 -0.507153 -0.400686 -0.549842 0.046561 -0.091456 -0.187216 -0.365203 0.077195 -0.160459 0.491671 0.460387 0.724407 0.431172 0.595587 0.639434 0.438656 1.000000 -0.067489 -0.318477 0.373031 0.145260 -0.075764 -0.090814 0.199326 0.136268 -0.079230 0.167611 0.452147 0.109802 0.020432 -0.202810 0.319136 0.316470 0.109582 0.188627 0.109936 0.372078 0.007875 -0.050812 0.252230 0.107665 0.074461 0.130004 0.169127 0.196502 0.351336 0.094619 -0.237470 -0.504716 -0.346618 -0.578334 0.098104 -0.305611 -0.063309 -0.466038 -0.193744 0.095248 0.293662 -0.011983 0.097710 0.049409 -0.090609 -0.137783 0.098055 0.085182 -0.038024 -0.013555 -0.125009 -0.186108 -0.216582 -0.288779 0.066180 -0.159306 0.363425 0.063082 0.160529 0.042250 0.133245 -0.375796 -0.350887 0.105558 -0.389793 -0.235752 0.393511 -0.143694 0.374153 0.186529 -0.010700 0.311543 -0.315585 -0.322062 -0.169222 0.212059 0.126581 0.039166 -0.262942 -0.044048 0.116379 0.040612 0.512336 0.130999 0.161961 0.311332 0.208891 0.018504
0.169362 0.113031 -0.162658 -0.140451 -0.064371 -0.248825 -0.011936 -0.070907 -0.100413 -0.278363 0.399829 0.237609 0.205913 0.198622 0.402647 0.206951 0.414206 0.445356 0.081255 0.065848 -0.231356 -0.278734 0.076276 -0.066022 -0.342663 -0.182226 -0.060597 -0.067489 1.000000 0.402467 0.119853 -0.000651 0.152786 0.035117 -0.153257 0.041325 0.350424 0.046621 0.053113 -0.338906 0.349400 0.351260 -0.218841 -0.106508 -0.167099 -0.201866 -0.289431 -0.378383 -0.088212 -0.091848 -0.147018 -0.048209 -0.107234 -0.197871 0.048085 -0.153612 0.046896 0.102133 -0.133697 0.071216 0.070246 0.106705 0.194704 0.286099 0.235626 0.020782 -0.203938 -0.290735 -0.274085 -0.270775 -0.013462 -0.169682 0.673861 0.118249 0.204772 -0.020915 0.135427 -0.199360 0.309561 0.467239 0.300360 0.382224 0.448868 0.362431 0.277480 0.124932 0.281829 0.008841 0.008884 0.125692 -0.414374 -0.301246 0.034512 -0.240092 -0.501782 -0.230350 -0.209548 -0.451568 -0.474319 -0.325289 0.340397 0.135385 0.096525 -0.069901 -0.174622 -0.150566 -0.360219 -0.035635 -0.272242 -0.494662 -0.360667 -0.470667 -0.331341 -0.064199 -0.076224 0.009932
-0.110430 0.354124 -0.299848 0.081466 -0.261113 -0.220172 -0.094584 0.322301 -0.055645 0.108662 0.018294 0.414096 0.027481 0.398163 0.062887 0.458573 0.151756 0.418391 -0.148903 0.161674 -0.178016 -0.179458 -0.274212 -0.258639 -0.501382 -0.321695 -0.270210 -0.318477 0.402467 1.000000 -0.089903 0.040445 0.144860 0.291902 -0.271032 -0.093316 0.201166 0.200435 -0.137289 -0.072608 0.332165 0.477135 -0.120849 -0.017835 -0.073226 -0.079720 -0.182701 -0.363464 -0.110939 -0.043702 -0.222786 0.048940 -0.020273 -0.017441 -0.082693 -0.125713 -0.078954 0.095204 -0.291316 0.116513 -0.094741 0.292000 0.035120 0.301051 -0.093999 0.213285 -0.381809 -0.385922 -0.180494 -0.187808 -0.146309 0.037124 0.477784 0.294663 0.090295 0.325875 -0.004407 -0.002567 0.314990 0.309529 0.384666 0.453112 0.156221 0.562746 -0.104318 -0.014704 0.010840 0.168921 -0.208622 0.169095 0.032684 -0.317256 0.382898 0.079693 -0.387195 -0.096452 -0.220263 -0.290202 -0.248384 -0.235362 0.320821 0.048152 0.197813 -0.113746 -0.080618 -0.173358 -0.093513 -0.212670 -0.245509 -0.351511 -0.408921 -0.214848 -0.041417 -0.074127 -0.146642 -0.074932
-0.079498 -0.427054 0.324700 0.036119 -0.049415 -0.296455 0.168374 -0.159434 -0.046861 -0.298602 -0.070444 -0.255757 -0.227529 -0.140100 0.001400 -0.253601 -0.179817 -0.350884 0.090969 -0.191520 0.165469 0.105782 0.419461 0.179328 0.356555 0.462111 -0.099266 0.373031 0.119853 -0.089903 1.000000 0.652743 0.185658 0.184901 0.044027 -0.024638 0.021214 0.163922 0.230965 0.057618 0.190178 0.041639 0.123140 0.162417 -0.082739 -0.074442 -0.049180 0.056639 -0.148891 -0.359615 -0.004592 -0.223723 -0.171427 -0.085423 0.261319 0.136388 -0.122695 -0.082696 -0.151761 -0.233967 -0.164666 -0.332868 -0.275940 -0.289727 0.052514 -0.358699 0.051057 0.171303 -0.029756 -0.045823 0.338950 0.196255 0.113078 0.043803 0.128194 0.112028 0.103958 0.108819 -0.243669 -0.204131 -0.185784 -0.229418 0.225841 -0.141917 0.293942 -0.018817 0.345771 -0.037847 0.210934 -0.205266 -0.362135 0.065900 -0.354685 -0.161550 0.171605 -0.185562 0.299569 0.088655 -0.350205 -0.080653 -0.122323 0.022825 -0.319039 -0.147384 -0.180426 -0.186332 -0.348964 -0.097959 -0.108521 -0.033165 0.296209 -0.164801 -0.036062 -0.088596 -0.155493 -0.251350
-0.374847 -0.263210 -0.053316 0.318681 -0.137373 -0.056329 0.032901 0.306323 -0.238282 0.024924 -0.272167 0.122133 -0.315590 0.040649 -0.301225 -0.292784 -0.304795 -0.410731 -0.308040 -0.074535 0.222539 0.259070 -0.007187 0.279757 0.158814 0.617438 -0.139713 0.145260 -0.000651 0.040445 0.652743 1.000000 -0.022623 0.491467 0.133238 0.119801 -0.265537 0.096160 0.206652 0.171684 0.339313 -0.045358 -0.105411 0.108315 -0.045935 0.148770 -0.047440 -0.004914 -0.233122 -0.397630 -0.290820 -0.229088 -0.200951 -0.268184 0.050501 0.009511 -0.323508 -0.190975 -0.450300 -0.168398 -0.401896 -0.130086 -0.393612 -0.274823 -0.095498 0.032697 -0.079201 0.493257 -0.200231 0.030928 0.374403 0.489718 -0.032662 0.004480 -0.028243 0.110467 -0.062111 0.362509 -0.008504 -0.177504 -0.098404 -0.247638 0.083207 0.252022 0.046765 0.058983 0.077867 0.205814 0.006957 -0.189919 -0.210802 -0.262457 -0.143349 -0.193673 0.270236 -0.293266 0.381451 0.177801 -0.266178 -0.289406 -0.149399 -0.001991 -0.299126 -0.186107 -0.363096 -0.366466 -0.311203 -0.002472 -0.113756 -0.090320 0.104999 -0.206899 -0.005415 -0.293998 -0.314196 -0.420904
0.295225 0.213371 -0.331452 -0.241940 -0.197488 -0.233316 -0.360451 -0.185792 -0.254655 -0.029678 -0.003958 0.140462 -0.134106 0.307108 -0.034766 0.153740 0.209088 0.261336 0.551510 0.246384 -0.135134 -0.271113 -0.029320 -0.093284 -0.080106 -0.203785 -0.225904 -0.075764 0.152786 0.144860 0.185658 -0.022623 1.000000 0.400494 -0.164053 -0.196173 0.398876 0.129211 -0.036967 0.024074 -0.303658 0.050600 -0.087250 -0.212473 -0.123113 -0.210505 -0.206016 -0.214384 -0.227920 -0.053218 -0.331235 -0.164466 -0.077608 -0.071145 -0.038057 0.157486 0.354050 0.078856 0.259184 0.271426 0.304438 0.317305 0.247875 0.518458 -0.085104 0.019321 0.132139 -0.230885 -0.046738 0.033658 -0.017510 -0.322964 0.446612 0.140858 0.337380 0.107070 0.331362 0.046185 -0.330374 -0.046280 -0.032978 0.045094 0.050781 -0.270059 -0.283589 -0.315667 -0.034230 -0.290858 -0.082231 0.027993 -0.076599 -0.039800 0.103837 0.042521 -0.354927 0.122357 -0.206059 -0.279335 -0.105684 0.075562 0.318327 -0.029702 0.083545 -0.264429 0.121577 0.241546 0.064526 0.028593 -0.022920 -0.062459 -0.101811 -0.083124 -0.318972 0.265857 0.076578 0.268845
-0.056295 0.258897 -0.346638 -0.068839 -0.027203 -0.011059 -0.256275 0.191437 -0.169981 0.166126 -0.039495 0.268522 -0.196308 0.353808 -0.149305 0.030295 0.081403 0.086207 -0.008756 0.430820 -0.059493 0.017980 -0.226199 -0.130224 0.042552 0.085352 -0.229846 -0.090814 0.035117 0.291902 0.184901 0.491467 0.400494 1.000000 0.052188 0.193003 0.058015 -0.048035 -0.171775 0.066500 -0.042260 -0.057445 -0.386462 -0.309070 -0.161682 -0.095731 -0.413064 -0.227317 -0.263966 -0.341942 -0.542080 -0.317375 -0.329707 -0.423185 -0.283657 -0.188812 0.015462 0.034373 -0.207538 -0.050635 -0.072256 0.357109 -0.090612 0.316203 -0.086924 0.264809 -0.288134 0.196802 -0.058156 0.173917 0.152752 0.050824 0.132744 0.156953 0.236505 0.146768 0.359538 0.393705 0.070432 0.159245 0.237879 0.243618 0.183550 0.216280 -0.185104 -0.270586 -0.165438 0.033032 -0.046871 -0.139663 -0.050395 -0.258595 0.064667 -0.117107 -0.157902 -0.080828 -0.018912 -0.266744 -0.156207 -0.266350 0.156438 -0.068709 -0.196296 -0.349461 -0.188729 -0.184514 0.011639 0.110223 -0.036483 -0.146034 -0.065529 -0.241655 -0.372387 -0.194944 -0.316511 -0.167833
-0.245741 -0.189144 -0.043751 0.081262 0.113403 0.119533 -0.110820 -0.046569 -0.137430 -0.068220 -0.040079 -0.061906 -0.018781 -0.130308 -0.105787 -0.152196 -0.002879 -0.108321 -0.201234 -0.111375 0.073554 0.191516 0.123652 0.295670 0.299978 0.290946 0.114734 0.199326 -0.153257 -0.271032 0.044027 0.133238 -0.164053 0.052188 1.000000 0.545581 -0.040271 -0.133754 -0.028153 -0.130755 0.024668 -0.204768 0.253406 0.165700 0.362169 0.299127 0.307273 0.218655 0.217612 0.046121 -0.006004 -0.082321 -0.032327 -0.114490 -0.044021 -0.086008 -0.037924 -0.161112 -0.326225 -0.347637 -0.259038 -0.237761 -0.205780 -0.269257 -0.116091 -0.136319 0.013664 0.470775 -0.085416 0.158625 0.192915 0.199084 -0.112849 -0.092988 -0.200737 0.001223 0.017593 0.103398 0.198392 0.173149 -0.056946 -0.145428 -0.010184 -0.079058 0.045163 0.080926 -0.127195 -0.209294 -0.166749 -0.281520 0.001379 -0.020955 -0.231239 -0.283409 0.195062 0.081163 0.113137 0.144203 -0.049189 -0.009816 -0.102502 -0.135750 -0.154232 -0.095692 -0.178497 -0.007010 -0.191584 -0.081034 0.182878 0.424670 0.508119 0.199186 0.243232 0.070770 0.024707 0.166343
-0.276359 -0.113346 -0.178293 0.144637 0.098796 0.126142 -0.119272 -0.026278 -0.223222 0.084832 0.024851 -0.039222 -0.110846 -0.075210 -0.108976 -0.060589 0.117925 -0.058923 -0.343612 -0.335982 -0.013888 0.198950 0.061282 0.110603 0.279172 0.246006 0.097718 0.136268 0.041325 -0.093316 -0.024638 0.119801 -0.196173 0.193003 0.545581 1.000000 -0.118011 -0.147054 -0.004859 -0.066357 0.116223 -0.046291 0.075268 0.150912 0.272563 0.333335 0.146646 0.137866 0.209929 0.009841 0.002003 0.034573 -0.005217 -0.152212 -0.062040 -0.119930 0.120358 -0.029280 -0.288007 -0.230062 -0.280429 -0.119306 -0.085466 -0.050906 -0.020095 0.143483 -0.061580 0.446111 -0.160079 -0.171333 -0.004288 0.036279 -0.097770 -0.249174 -0.194731 -0.113066 -0.008209 0.005611 0.418034 0.443245 0.205334 0.188428 0.018033 0.105609 0.132953 0.176359 -0.163711 -0.027358 -0.057263 -0.118075 -0.073300 -0.334644 -0.349974 -0.489781 -0.010722 -0.048164 0.091877 -0.217009 -0.018223 -0.095519 -0.203732 -0.132481 -0.164020 -0.294017 -0.145731 -0.236491 -0.102444 -0.116215 0.024400 0.058218 0.171118 -0.082785 -0.007323 -0.128220 -0.089729 0.002732
