1.000000 0.207642 0.064709 -0.026232 0.100062 0.155077 -0.091292 -0.198170 0.152920 0.114627 0.373583 0.256808 0.301852 0.296151 0.267940 0.199360 0.311755 -0.004646 0.352557 0.213285 0.147168 0.207784 0.186435 0.032748 -0.004385 -0.077000 0.293433 0.223048 -0.142920 -0.194146 0.031589 0.005837 0.079379 0.181636 -0.096341 0.068904 -0.194200 -0.370284 -0.383064 -0.451681 -0.294701 -0.241033 -0.186085 -0.195269 -0.158906 -0.121836 -0.519402 -0.119355 -0.098941 -0.001554 0.099732 -0.107046 0.137065 -0.109265 -0.349997 -0.435179 0.718860 0.311035 0.330558 0.180377 0.480068 0.462762 0.358471 0.225650 0.096451 0.318424 0.073036 0.044548 0.012034 -0.160898 -0.105020 -0.169191 -0.197123 -0.186891 0.001789 -0.171148 0.032853 -0.185433 0.049384 -0.258668 -0.229316 -0.371387 -0.073304 -0.111366 0.091785 -0.160506 -0.330499 -0.385336 -0.096410 -0.177960 0.037016 0.039355 0.178678 0.234422 -0.459106 -0.358036 -0.516380 -0.480755 -0.031367 0.309743 0.032349 0.111555 0.188247 0.431645 0.141677 -0.090456 -0.046314 0.062450 -0.134804 -0.523130 -0.399432 -0.077699 0.225487 -0.176289 -0.076532 -0.197652
0.207642 1.000000 0.026655 0.264367 0.326721 0.348047 0.037183 0.269078 -0.105275 0.028163 0.262832 0.463392 0.247182 0.327697 -0.032625 0.151286 0.130373 0.264281 0.000699 0.238567 0.192348 0.217606 -0.065877 0.072329 -0.098048 -0.120588 0.244674 0.017131 0.088366 0.065129 0.094119 0.101306 -0.152380 0.031887 -0.385576 -0.060619 -0.461543 -0.453286 -0.414637 -0.381567 -0.133367 -0.231097 -0.174993 -0.011710 -0.086994 -0.046677 -0.113950 -0.069161 0.104177 0.064088 0.261959 -0.062392 0.200837 -0.007847 -0.327067 -0.396692 -0.002094 0.357903 0.225270 0.349757 0.083036 0.422602 0.298554 0.451023 -0.238351 -0.097000 -0.070329 -0.251385 0.110937 -0.084293 0.113797 0.102480 -0.199447 -0.044141 -0.266552 -0.126421 -0.409796 -0.482030 -0.167156 -0.048900 0.077713 0.024548 0.107877 0.137778 -0.108330 -0.187861 -0.123545 0.001833 -0.249871 -0.102296 0.206581 0.125205 0.207146 0.210947 -0.102294 -0.432745 -0.417575 -0.331124 0.231923 0.068415 -0.098579 -0.153121 0.021420 0.246361 0.089789 -0.154245 0.174716 0.131260 -0.200510 -0.305966 -0.307951 0.078180 0.089827 -0.163019 -0.227808 -0.289912
0.064709 0.026655 1.000000 0.315392 0.418815 0.138534 0.573897 0.199612 0.337398 0.197849 -0.002470 -0.187373 0.118430 -0.103594 0.013095 -0.112036 -0.285415 -0.541301 0.611874 0.005664 -0.114695 -0.219121 0.381716 0.157216 0.226007 -0.006114 0.217612 0.296635 -0.384074 -0.691286 -0.164828 -0.231807 -0.302841 -0.362451 -0.082535 -0.281560 -0.332453 -0.382558 -0.041708 -0.023926 -0.140894 -0.357638 -0.110347 -0.184125 -0.276411 -0.328174 -0.335865 0.008179 0.100076 -0.171957 0.359922 -0.047372 -0.130210 -0.200750 -0.163867 -0.215403 -0.198937 0.008152 0.279038 0.107532 0.196109 0.013808 -0.160270 -0.446036 0.303966 0.175232 0.513247 0.539937 0.277416 0.205920 -0.006020 -0.286271 -0.564321 -0.542570 -0.419580 -0.625387 -0.435579 -0.435051 -0.418033 -0.531871 -0.327642 -0.620682 -0.046409 -0.127510 -0.121981 -0.186571 -0.100106 0.048152 0.038417 -0.189852 0.452404 0.606971 0.312211 0.501435 0.184390 -0.210890 -0.154688 -0.101264 -0.223996 -0.202131 -0.072708 0.198507 -0.012072 0.118324 0.133882 0.056245 0.317429 0.245894 -0.159735 -0.167954 0.193093 -0.227410 -0.046451 0.155872 0.089999 0.046926
-0.026232 0.264367 0.315392 1.000000 -0.001402 0.234089 0.312712 0.484662 -0.059637 0.363028 0.054152 0.104693 -0.242983 -0.153809 -0.013468 0.174824 -0.241774 -0.147661 0.260489 0.082704 0.106734 0.043164 0.414261 0.641199 0.153375 0.165765 -0.030567 0.006987 -0.006413 -0.183388 0.214888 0.251821 -0.296884 -0.253864 -0.178429 -0.403317 -0.309306 -0.238246 -0.042718 0.059589 -0.088530 -0.209351 -0.327494 -0.248583 -0.215300 -0.078518 -0.234969 -0.413238 -0.347072 -0.171981 0.058616 -0.175091 -0.325302 -0.115822 -0.127510 -0.102899 -0.227145 -0.055979 -0.300337 0.067168 -0.364434 -0.024078 -0.170702 -0.170628 0.143782 0.000819 -0.229757 0.053550 0.030274 -0.214660 -0.039088 0.184885 -0.304003 -0.401442 -0.358712 -0.324375 -0.505002 -0.423989 -0.247725 -0.109888 0.076126 -0.240797 0.128551 0.278845 0.146102 0.176707 0.093094 0.181234 0.079131 -0.066164 0.248654 0.204046 0.322339 0.199310 0.181689 -0.017346 -0.324548 -0.082495 -0.212271 -0.278607 -0.397247 -0.428363 -0.124642 -0.208698 0.166157 0.185076 0.130345 0.161337 -0.118192 0.105667 -0.315289 -0.121247 -0.026463 0.174427 0.251271 0.267541
0.100062 0.326721 0.418815 -0.001402 1.000000 0.549854 0.402776 0.281413 0.166451 0.111891 0.231502 0.351390 0.346386 0.232730 -0.001510 0.247709 0.114438 -0.011594 0.101004 -0.124786 0.386398 0.313886 0.270491 -0.031423 0.246011 0.011253 0.428325 0.114735 -0.236186 -0.221644 0.033475 0.040378 0.003669 -0.008376 -0.035263 0.179097 -0.399976 -0.466878 -0.323463 -0.336351 -0.213237 -0.450899 -0.084723 -0.113802 -0.075933 -0.017012 -0.102731 -0.002846 0.153775 0.179349 0.139845 -0.067481 0.049306 -0.121595 -0.224861 -0.385473 -0.058240 0.139305 0.109323 0.097228 0.281010 0.298944 0.044198 0.011541 0.164512 0.296222 0.138684 0.002976 -0.008698 0.002929 0.036121 0.094161 -0.293427 -0.120650 -0.295562 -0.174622 -0.108650 -0.174344 0.059871 -0.280700 -0.193009 -0.181180 0.032355 -0.223580 -0.116185 -0.277081 -0.089388 -0.291317 -0.187982 -0.162215 0.129666 0.087605 0.272904 0.106626 -0.114075 -0.405308 -0.225770 -0.305965 -0.070309 -0.220901 0.164235 0.084891 -0.049511 0.339235 0.269522 -0.110606 0.268309 0.042617 -0.312738 -0.332012 -0.241194 -0.070943 0.234259 0.107768 -0.007166 -0.165068
0.155077 0.348047 0.138534 0.234089 0.549854 1.000000 -0.036040 0.341514 -0.254186 -0.054750 0.266092 0.449017 -0.033483 0.059635 -0.113072 0.146027 0.201515 0.167007 0.012493 -0.165125 0.510394 0.471703 0.362790 0.339341 0.396562 0.385093 0.524386 0.209906 -0.161990 -0.189521 0.077072 0.134420 -0.062157 -0.055731 0.158588 0.043119 -0.397261 -0.395318 -0.253174 -0.172955 -0.299686 -0.295280 0.004851 -0.017984 0.054371 0.146249 -0.008440 -0.181020 0.181864 0.324173 0.273581 0.119266 0.168667 0.061531 -0.131579 -0.229752 -0.044631 0.025210 0.049607 0.288970 0.014929 0.316303 0.113098 0.249587 0.010661 0.276837 0.032254 -0.091335 -0.400323 -0.251633 -0.177720 0.199427 -0.382387 -0.256748 -0.330123 -0.159187 -0.219368 -0.289295 0.067259 -0.069765 -0.117761 -0.200773 0.141860 -0.217974 -0.055262 -0.143517 0.006861 -0.081934 -0.152630 -0.031072 0.043317 -0.131758 0.333755 -0.121241 -0.083836 -0.343950 -0.264156 -0.401248 -0.102188 -0.154333 0.026944 -0.048881 -0.017033 0.277144 0.252410 -0.001173 -0.047965 -0.229275 -0.239911 -0.225919 -0.546709 -0.079018 0.323392 0.116718 0.092935 -0.250736
-0.091292 0.037183 0.573897 0.312712 0.402776 -0.036040 1.000000 0.433356 0.045442 0.142876 -0.063645 0.087562 0.339776 0.200158 -0.061857 0.078640 -0.270023 -0.262639 0.155904 -0.100788 -0.070115 -0.127169 0.285069 -0.017995 -0.073245 -0.131409 -0.058195 -0.097094 -0.074918 -0.132473 0.209695 0.207780 -0.006127 0.075624 -0.239927 0.049440 -0.254004 -0.219101 0.003331 0.014265 -0.021763 -0.267362 -0.107543 -0.243168 0.007761 0.005111 -0.060410 -0.146896 0.089282 -0.122805 -0.024061 -0.139359 -0.123540 -0.150043 -0.041544 -0.112293 -0.383677 -0.193709 -0.004592 -0.239142 0.188979 -0.024087 -0.061033 -0.341175 0.207328 0.148006 -0.017720 0.080361 -0.000250 -0.040382 -0.061916 0.015870 -0.128088 -0.301352 -0.421055 -0.229146 -0.295168 -0.141234 -0.171554 -0.382896 -0.191931 -0.180287 -0.137786 0.052246 -0.173525 -0.086352 0.071469 -0.085791 -0.045544 -0.155584 0.112929 0.123594 0.007649 0.110895 0.085477 -0.108968 -0.133994 -0.004414 -0.218126 -0.456286 0.058499 -0.113651 -0.196391 -0.136323 -0.047816 -0.040489 0.215333 0.072405 -0.150166 -0.068592 -0.001637 -0.073190 -0.188883 0.106647 0.018626 0.068492
-0.198170 0.269078 0.199612 0.484662 0.281413 0.341514 0.433356 1.000000 -0.319430 0.372733 0.006300 0.453452 -0.053796 0.199915 -0.295416 0.074937 -0.091036 0.075473 -0.094720 -0.088643 0.049568 0.095880 -0.060756 0.276349 0.192247 0.191754 -0.062935 -0.201653 -0.085400 -0.031541 0.240336 0.374094 -0.042921 0.105498 -0.286683 -0.051589 -0.251785 -0.093024 -0.137885 -0.076050 -0.189897 -0.225946 -0.122798 -0.108907 0.024755 0.182957 -0.055239 -0.134020 0.055016 0.039733 -0.098790 0.111421 -0.200331 0.015802 -0.124634 -0.079978 -0.271022 -0.095695 -0.239150 -0.089787 -0.036320 0.149558 -0.105390 -0.052511 0.074924 0.286200 -0.255713 0.071354 -0.346164 -0.371963 0.065965 0.362930 -0.198976 -0.147603 -0.414319 -0.103977 -0.269960 -0.214387 -0.280624 -0.282111 0.018046 -0.087895 -0.105638 0.023698 -0.086510 -0.072137 0.062278 -0.057193 -0.173061 -0.155547 0.091714 0.049335 0.270432 -0.062827 -0.115506 -0.045928 -0.246646 -0.154420 -0.130244 -0.251783 0.180857 -0.359126 -0.025113 -0.177092 0.075343 -0.072183 -0.089068 -0.128404 -0.021010 -0.018569 -0.284767 0.002693 -0.064678 -0.080287 0.072006 -0.071174
0.152920 -0.105275 0.337398 -0.059637 0.166451 -0.254186 0.045442 -0.319430 1.000000 0.559406 0.168187 -0.211891 0.282200 0.106011 0.485400 0.343187 -0.032830 -0.364245 0.170011 -0.078921 -0.103924 -0.067634 0.335108 0.085285 0.080317 -0.164172 0.138321 0.142303 -0.248797 -0.353289 -0.211368 -0.274449 -0.172653 -0.145187 -0.007553 0.074221 -0.049769 -0.251674 -0.137794 -0.398652 -0.044895 -0.182018 -0.187084 -0.005535 -0.286862 -0.185527 -0.395102 0.098303 -0.082649 0.017456 0.200430 -0.052016 0.092659 -0.206424 -0.188471 -0.398190 0.263989 0.174734 0.317336 0.213696 0.290926 0.203858 -0.042107 -0.151391 0.299509 0.180587 0.284257 0.270056 0.392796 0.401785 0.013781 -0.365916 -0.236910 -0.242574 -0.059487 -0.304290 -0.141935 -0.263040 -0.256086 -0.236551 -0.279663 -0.329202 0.023604 -0.068681 0.108327 -0.078845 -0.204248 -0.197040 0.133710 -0.054630 0.220976 0.343728 0.243833 0.317096 -0.159052 -0.305096 -0.245114 -0.263420 -0.204414 -0.070116 -0.041879 0.257356 0.079934 0.253752 0.141755 -0.195028 0.175648 0.172786 -0.409593 -0.408517 0.213348 -0.353006 -0.054681 0.071689 -0.114774 -0.081284
0.114627 0.028163 0.197849 0.363028 0.111891 -0.054750 0.142876 0.372733 0.559406 1.000000 0.167148 0.160783 0.148012 0.213838 0.341722 0.510196 0.013404 -0.127107 -0.001102 -0.174596 -0.074782 0.086587 0.158975 0.420828 0.083335 -0.066608 -0.060937 -0.243848 -0.138068 -0.246402 -0.078332 0.030369 -0.193937 -0.019475 -0.266663 0.000391 -0.171285 -0.263556 -0.254873 -0.433356 -0.193806 -0.271568 -0.163200 -0.017472 -0.158581 0.054326 -0.424352 -0.086769 -0.163121 0.038223 0.038675 0.028640 -0.031060 -0.211964 -0.308021 -0.405513 0.191153 -0.009326 0.067269 0.221421 0.173452 0.359780 0.029786 -0.048860 0.224512 0.373270 -0.089945 0.203905 -0.028447 -0.080862 0.063291 0.034734 -0.293817 -0.274495 -0.197511 -0.238896 -0.268442 -0.341110 -0.414755 -0.291626 -0.123500 -0.305976 0.013819 0.028172 0.158427 0.046117 -0.227251 -0.302231 0.000298 -0.138982 0.275964 0.230521 0.421784 0.204122 -0.330661 -0.279106 -0.521096 -0.405390 -0.293658 -0.133266 0.024683 -0.117523 0.089168 0.152720 0.205281 -0.188243 -0.107349 0.124113 -0.289998 -0.285160 -0.135285 -0.293437 -0.037023 0.102314 0.011307 -0.027984
0.373583 0.262832 -0.002470 0.054152 0.231502 0.266092 -0.063645 0.006300 0.168187 0.167148 1.000000 0.565274 0.587891 0.463308 0.713430 0.627837 0.705013 0.373903 -0.154432 -0.067217 0.593320 0.677494 0.438287 0.318668 0.206746 0.157181 0.324161 0.289809 0.155189 0.016909 0.224921 0.181108 -0.106623 -0.035524 -0.288637 -0.164302 -0.617538 -0.635934 -0.701052 -0.646776 -0.505200 -0.369703 -0.112119 -0.041666 -0.153888 -0.023149 -0.202960 -0.133955 -0.074793 0.148217 0.256132 -0.015109 0.201367 -0.002962 -0.624190 -0.640719 0.320502 0.140086 -0.029871 0.140540 0.128130 0.204702 0.369463 0.314896 0.200457 0.073363 -0.254966 -0.093681 -0.135569 -0.077645 0.227067 0.219266 -0.130226 0.090046 0.039691 0.009547 -0.185724 -0.368732 0.003692 0.116202 0.185386 -0.007025 0.291181 -0.105666 0.483675 -0.078540 -0.220143 -0.499572 -0.286221 -0.351861 0.104208 0.022693 0.380227 0.242894 -0.286446 -0.659727 -0.531402 -0.435337 -0.018392 0.145456 0.078400 -0.157344 0.211971 0.452320 0.320728 0.019141 -0.056221 0.184165 -0.396677 -0.346967 -0.313723 0.179436 0.164472 0.086840 0.065504 -0.194960
0.256808 0.463392 -0.187373 0.104693 0.351390 0.449017 0.087562 0.453452 -0.211891 0.160783 0.565274 1.000000 0.422896 0.701914 0.143576 0.525773 0.470577 0.534508 -0.321358 -0.035044 0.436639 0.558245 0.102653 0.165315 -0.000428 0.060752 0.195819 -0.062978 0.154852 0.318972 0.354071 0.399219 0.240786 0.391539 -0.318719 0.149653 -0.360105 -0.339552 -0.472406 -0.424994 -0.405494 -0.294469 -0.245490 -0.204496 -0.067364 0.091393 -0.184062 -0.365518 -0.028739 0.093872 -0.101023 -0.152586 0.063400 -0.209135 -0.308641 -0.403521 0.127952 -0.005554 -0.146234 -0.125470 0.322364 0.445126 0.286118 0.407451 0.119533 0.358928 -0.448362 -0.333341 -0.336728 -0.301448 -0.008234 0.355550 0.010935 0.148140 -0.078315 0.242196 0.032191 -0.111391 0.160201 0.176445 0.157685 0.182327 0.049257 -0.062481 0.152716 -0.021054 0.025237 -0.375304 -0.211839 -0.103536 -0.310256 -0.430260 0.076560 -0.254775 -0.389421 -0.364645 -0.454419 -0.377595 -0.180848 -0.108130 0.092918 -0.378497 -0.166711 0.214637 0.066494 -0.094253 -0.277548 -0.097381 -0.185293 -0.232905 -0.631854 0.047161 0.036045 -0.135800 -0.047743 -0.211748
0.301852 0.247182 0.118430 -0.242983 0.346386 -0.033483 0.339776 -0.053796 0.282200 0.148012 0.587891 0.422896 1.000000 0.776060 0.481647 0.486343 0.532077 0.304984 -0.231550 -0.150170 0.149018 0.261959 0.251166 -0.020143 -0.099058 -0.129873 0.152514 -0.034149 0.167794 0.126271 0.147674 0.117956 0.008250 0.191687 -0.419077 0.148940 -0.412728 -0.487384 -0.484667 -0.519424 -0.323052 -0.299214 -0.073398 -0.044809 -0.064032 -0.034449 -0.134041 0.034198 0.235661 0.151232 0.230597 -0.012657 0.529010 -0.111054 -0.354435 -0.494189 0.157904 -0.055677 0.336423 0.139828 0.498003 0.339324 0.596558 0.302902 -0.047472 0.010606 -0.070669 -0.219155 -0.126226 -0.018138 0.234560 0.079979 0.063458 0.134243 0.039432 0.139169 -0.084851 -0.096552 0.002283 -0.116871 0.004175 -0.014515 -0.047879 -0.231782 -0.089406 -0.367646 -0.309619 -0.614145 -0.426731 -0.302903 0.110463 0.002245 0.075145 0.105019 -0.327315 -0.652331 -0.477920 -0.375020 0.154705 0.063507 0.147707 0.004530 0.048053 0.302587 0.028012 -0.238398 -0.012616 0.072023 -0.362715 -0.388898 -0.170856 0.086366 -0.041745 0.013912 -0.176887 -0.280491
0.296151 0.327697 -0.103594 -0.153809 0.232730 0.059635 0.200158 0.199915 0.106011 0.213838 0.463308 0.701914 0.776060 1.000000 0.241369 0.500036 0.441068 0.425588 -0.350451 -0.114985 0.066635 0.219188 0.068195 -0.048759 -0.109156 -0.105653 0.118786 -0.096114 0.169764 0.327158 0.222535 0.242849 0.196474 0.386658 -0.419392 0.184075 -0.137471 -0.206429 -0.286946 -0.366530 -0.277519 -0.168939 -0.290066 -0.222857 -0.182264 -0.104403 -0.210393 -0.188779 0.130304 0.042816 -0.016340 -0.067641 0.416080 -0.206745 -0.095307 -0.311237 0.155571 -0.149091 0.196134 0.039753 0.498156 0.497820 0.515005 0.389241 -0.060431 0.174340 -0.223448 -0.352024 -0.277855 -0.192532 0.089342 0.159055 0.159047 0.176930 -0.000799 0.277697 0.069790 -0.021601 0.073226 0.009523 0.034749 0.102101 -0.163683 -0.162383 -0.091683 -0.260904 -0.106506 -0.484226 -0.294251 -0.027067 -0.221740 -0.313054 -0.086816 -0.193813 -0.438936 -0.373166 -0.435596 -0.336084 0.030622 0.068868 0.080682 -0.182416 -0.051379 0.151571 -0.084111 -0.281064 -0.305425 -0.219898 -0.157535 -0.282703 -0.429237 0.020278 -0.130074 -0.188222 -0.222670 -0.235242
0.267940 -0.032625 0.013095 -0.013468 -0.001510 -0.113072 -0.061857 -0.295416 0.485400 0.341722 0.713430 0.143576 0.481647 0.241369 1.000000 0.727226 0.552832 0.193253 0.001099 -0.094812 0.419900 0.533509 0.431354 0.276852 -0.012341 0.032620 0.162621 0.213857 0.241345 -0.026211 0.141992 0.132001 -0.041359 0.021605 -0.207544 -0.088199 -0.366709 -0.513164 -0.468373 -0.604977 -0.321061 -0.160111 0.043304 0.089205 -0.110630 -0.017317 -0.273228 -0.089186 -0.222546 0.119868 0.151838 -0.043959 0.170829 0.036751 -0.535130 -0.585246 0.335940 0.139072 -0.045291 0.145298 -0.040496 -0.006734 0.261626 0.123481 0.129372 -0.090341 -0.228464 -0.079538 0.075851 0.070597 0.227445 0.064475 -0.047491 -0.007474 0.105129 -0.096287 -0.197792 -0.316648 -0.021569 0.165890 0.199605 -0.017079 0.427290 0.064985 0.506641 0.011007 -0.304273 -0.469505 -0.105072 -0.324091 0.166603 0.121629 0.340483 0.276380 -0.211207 -0.523956 -0.433726 -0.405164 -0.150254 0.005675 -0.027620 -0.022397 0.236139 0.448755 0.287407 0.054338 -0.058728 0.220716 -0.456417 -0.339380 -0.071769 -0.013646 -0.029056 0.227297 0.041624 -0.117072
0.199360 0.151286 -0.112036 0.174824 0.247709 0.146027 0.078640 0.074937 0.343187 0.510196 0.627837 0.525773 0.486343 0.500036 0.727226 1.000000 0.503949 0.329787 -0.231598 -0.226002 0.474276 0.578729 0.395599 0.276041 -0.027822 -0.019130 0.104718 -0.041155 0.203106 0.190111 0.215062 0.307985 0.074424 0.183162 -0.300725 0.074419 -0.305953 -0.389714 -0.450001 -0.556212 -0.297186 -0.164592 -0.178686 -0.109591 -0.149758 0.021541 -0.295982 -0.312664 -0.265219 0.152310 -0.024194 -0.068442 0.107824 -0.094936 -0.402131 -0.546153 0.248541 0.000050 -0.109679 0.109283 0.080896 0.307807 0.290656 0.260248 0.122981 0.174917 -0.412658 -0.300137 -0.110520 -0.149115 0.106636 0.226490 -0.010537 0.071892 0.035490 0.110510 -0.081604 -0.236963 0.049843 0.153208 0.197075 0.077677 0.283946 0.129586 0.384382 0.143799 -0.181287 -0.569772 -0.158974 -0.102528 -0.084292 -0.191164 0.252235 -0.031403 -0.355082 -0.478327 -0.539100 -0.481713 -0.292928 -0.217448 0.044469 -0.252196 -0.006568 0.241721 0.237508 -0.131106 -0.252731 -0.046901 -0.446531 -0.358955 -0.467476 -0.183358 -0.056620 0.094835 -0.037159 -0.201150
0.311755 0.130373 -0.285415 -0.241774 0.114438 0.201515 -0.270023 -0.091036 -0.032830 0.013404 0.705013 0.470577 0.532077 0.441068 0.552832 0.503949 1.000000 0.731773 -0.324146 0.004249 0.534247 0.639761 0.145074 0.142104 0.034702 0.061191 0.277908 0.050115 0.277492 0.287793 0.141310 0.163752 0.093268 0.191332 -0.207181 0.070353 -0.361623 -0.352110 -0.598170 -0.529611 -0.444834 -0.118492 0.046329 0.015092 0.052515 0.086770 -0.094627 -0.055502 -0.008460 0.256902 0.134217 0.085757 0.407838 0.148981 -0.513768 -0.493952 0.479717 0.243150 -0.070737 0.116459 0.069844 0.139702 0.531235 0.557571 -0.162280 -0.039294 -0.214732 -0.337349 -0.280650 -0.129877 0.332799 0.276539 0.153224 0.324302 0.263200 0.319604 0.139616 0.009760 0.349499 0.303732 0.423636 0.306696 0.206040 -0.240605 0.152550 -0.230222 -0.461770 -0.718929 -0.521255 -0.439503 0.009524 -0.113488 0.178606 -0.042945 -0.368140 -0.512411 -0.457662 -0.358612 0.142897 0.309673 0.147452 -0.105571 0.304660 0.365256 0.331430 0.030636 -0.373209 -0.071119 -0.287664 -0.222567 -0.427579 0.306399 0.301453 0.050376 0.037932 -0.232401
-0.004646 0.264281 -0.541301 -0.147661 -0.011594 0.167007 -0.262639 0.075473 -0.364245 -0.127107 0.373903 0.534508 0.304984 0.425588 0.193253 0.329787 0.731773 1.000000 -0.501831 0.145655 0.352085 0.490924 -0.119856 0.080594 -0.079361 0.007414 0.070705 -0.240217 0.436826 0.618635 0.291155 0.342193 0.319455 0.409429 -0.264281 0.167088 -0.114180 -0.071414 -0.300965 -0.220386 -0.217976 0.110131 0.102346 0.047228 0.241549 0.238469 0.165685 -0.099339 -0.012598 0.244493 -0.146959 -0.054649 0.321543 0.134615 -0.210307 -0.152129 0.221465 0.133863 -0.299213 -0.047937 -0.175948 0.001858 0.427677 0.638498 -0.414775 -0.284318 -0.495510 -0.660450 -0.356356 -0.215458 0.272472 0.415497 0.373120 0.454243 0.243714 0.481397 0.220761 0.209970 0.491056 0.540041 0.593051 0.664162 0.119933 -0.134475 -0.070955 -0.256638 -0.233680 -0.477641 -0.468863 -0.278935 -0.159270 -0.371863 -0.209741 -0.390292 -0.255142 -0.175798 -0.287934 -0.171880 0.204816 0.173956 -0.079429 -0.288479 0.110359 0.158264 0.137190 0.102656 -0.451993 -0.158617 -0.003905 0.086795 -0.453534 0.380217 0.190218 -0.043776 0.020740 -0.011699
0.352557 0.000699 0.611874 0.260489 0.101004 0.012493 0.155904 -0.094720 0.170011 -0.001102 -0.154432 -0.321358 -0.231550 -0.350451 0.001099 -0.231598 -0.324146 -0.501831 1.000000 0.348605 -0.166702 -0.267948 0.190124 -0.058425 -0.026860 -0.128621 0.086525 0.207706 -0.224287 -0.443456 -0.146611 -0.219565 -0.035671 -0.161092 0.030785 -0.207359 -0.016969 -0.125293 0.045506 0.050246 0.087154 -0.088669 -0.206698 -0.253434 -0.356199 -0.381392 -0.469980 -0.138441 -0.223526 -0.384323 0.020423 -0.275832 -0.282076 -0.158487 -0.107579 -0.114134 0.082034 0.136666 0.151397 0.051570 0.001631 -0.087252 -0.208940 -0.381492 0.135276 0.098529 0.436493 0.427799 0.540218 0.202300 -0.056945 -0.365734 -0.257660 -0.314239 -0.094486 -0.536544 -0.096070 -0.223651 -0.250537 -0.252118 -0.249180 -0.512813 0.062240 0.082787 -0.018869 0.002698 -0.115779 0.170150 0.212923 -0.058743 0.213607 0.435224 0.166747 0.496336 0.191732 0.080143 -0.102673 -0.038531 -0.242812 -0.096918 -0.139714 0.296811 -0.010809 0.067956 0.156816 0.207015 0.336324 0.291901 0.016605 -0.142152 0.094732 -0.286261 0.005059 0.003215 0.071078 0.153277
0.213285 0.238567 0.005664 0.082704 -0.124786 -0.165125 -0.100788 -0.088643 -0.078921 -0.174596 -0.067217 -0.035044 -0.150170 -0.114985 -0.094812 -0.226002 0.004249 0.145655 0.348605 1.000000 0.036458 -0.005649 -0.164226 -0.066720 -0.088502 -0.259458 -0.091845 -0.100656 -0.128138 0.061429 0.081408 -0.057541 0.271791 0.361886 0.007523 -0.004260 -0.030212 -0.092516 -0.169908 -0.116094 -0.188031 -0.164651 -0.180849 -0.191482 -0.075852 -0.126272 -0.334966 0.025410 -0.266681 -0.304999 -0.228770 -0.347228 -0.126714 -0.058344 -0.255345 -0.179119 0.288209 0.400536 -0.133073 -0.127134 -0.090950 -0.018269 -0.164616 0.132635 -0.133775 -0.100083 0.129539 0.082081 0.476983 0.462200 -0.003673 -0.101086 -0.019147 0.041720 -0.127008 -0.205742 -0.012868 0.034539 0.090011 0.132968 0.069473 0.113913 -0.271317 -0.158462 -0.174904 -0.182898 -0.376572 -0.088930 -0.092454 -0.195660 0.032481 0.196976 -0.089870 0.145667 -0.160684 0.072204 -0.149986 0.149477 0.004085 0.170173 -0.181001 0.059530 0.165055 0.122029 0.265552 0.383845 0.142203 0.307783 0.218681 0.024544 0.113816 0.138215 0.096969 -0.143037 0.066298 0.352021
0.147168 0.192348 -0.114695 0.106734 0.386398 0.510394 -0.070115 0.049568 -0.103924 -0.074782 0.593320 0.436639 0.149018 0.066635 0.419900 0.474276 0.534247 0.352085 -0.166702 0.036458 1.000000 0.868692 0.375826 0.259210 0.192152 0.276151 0.430973 0.357088 0.088684 0.124302 0.401927 0.365057 0.096409 0.071190 0.006300 0.005791 -0.517760 -0.494124 -0.558476 -0.431694 -0.481022 -0.378498 -0.000785 -0.038701 0.088258 0.122340 -0.027193 -0.141758 -0.031514 0.290551 0.115625 0.017467 0.024689 0.210101 -0.476906 -0.466728 0.144387 0.204683 -0.342405 0.082887 -0.228900 0.013030 0.045599 0.305119 0.026498 0.018603 -0.290843 -0.209223 -0.188779 -0.052037 0.035647 0.341908 -0.081564 -0.003027 -0.178782 -0.000605 -0.139948 -0.205710 0.242433 0.230221 0.100143 0.093296 0.239301 -0.080015 0.308753 0.016768 -0.192253 -0.317870 -0.277273 -0.263004 -0.051474 -0.154534 0.366871 0.012087 -0.237948 -0.462190 -0.231217 -0.242115 -0.039806 -0.029548 0.101572 -0.096601 0.243961 0.399564 0.445369 0.305310 0.065410 0.062554 -0.255613 -0.204338 -0.420568 0.285059 0.274532 0.236263 0.355538 -0.095287
0.207784 0.217606 -0.219121 0.043164 0.313886 0.471703 -0.127169 0.095880 -0.067634 0.086587 0.677494 0.558245 0.261959 0.219188 0.533509 0.578729 0.639761 0.490924 -0.267948 -0.005649 0.868692 1.000000 0.315488 0.361750 0.162681 0.308978 0.349595 0.229408 0.209037 0.158081 0.413139 0.425516 0.114329 0.213151 -0.072641 0.100613 -0.519705 -0.524411 -0.625827 -0.573504 -0.512584 -0.317242 0.071909 0.081014 0.118202 0.247739 -0.119943 -0.179378 -0.075197 0.263775 0.089099 -0.084557 0.069232 0.055966 -0.549797 -0.610244 0.213801 0.177366 -0.294270 0.041795 -0.107668 0.073272 0.215621 0.366380 0.094965 0.078527 -0.379392 -0.262182 -0.289483 -0.122368 0.097955 0.407355 -0.055596 0.038404 -0.136288 0.001004 -0.195091 -0.292569 0.295265 0.296002 0.253191 0.197818 0.300901 -0.083907 0.403364 -0.018145 -0.145132 -0.433443 -0.202059 -0.312144 -0.098175 -0.223160 0.346857 -0.035888 -0.371484 -0.547154 -0.409544 -0.431341 -0.150386 -0.084780 0.128234 -0.163507 0.187258 0.442605 0.333216 0.148829 -0.124150 0.064048 -0.400121 -0.261859 -0.431254 0.300870 0.310487 0.195755 0.160275 -0.139935
0.186435 -0.065877 0.381716 0.414261 0.270491 0.362790 0.285069 -0.060756 0.335108 0.158975 0.438287 0.102653 0.251166 0.068195 0.431354 0.395599 0.145074 -0.119856 0.190124 -0.164226 0.375826 0.315488 1.000000 0.516021 0.412019 0.355737 0.383822 0.424452 0.048466 -0.201862 0.308237 0.253489 -0.168512 -0.172282 -0.046158 -0.226719 -0.367797 -0.453017 -0.124700 -0.134801 -0.160512 -0.202310 -0.215505 -0.186940 -0.310770 -0.131834 -0.232691 -0.340793 -0.189998 0.023453 0.161420 -0.200707 0.089601 -0.113440 -0.176428 -0.327979 -0.011442 -0.051350 -0.102530 0.082127 -0.063271 -0.035898 0.032089 -0.149431 0.254017 0.023152 -0.053025 -0.084378 0.007506 0.003721 -0.076930 0.139874 -0.205349 -0.278591 -0.086890 -0.218119 -0.251085 -0.355915 0.002333 0.021135 -0.076737 -0.240363 0.244927 -0.006155 0.140955 -0.135763 -0.049989 -0.126704 -0.015718 -0.205750 0.113587 0.030183 0.260600 0.098804 0.123282 -0.352864 -0.321172 -0.257040 -0.302444 -0.306573 -0.164889 -0.088039 -0.051129 0.094992 0.175936 0.016922 0.068371 0.018913 -0.378719 -0.184323 -0.267651 -0.092201 0.156569 0.383127 0.184769 0.022658
0.032748 0.072329 0.157216 0.641199 -0.031423 0.339341 -0.017995 0.276349 0.085285 0.420828 0.318668 0.165315 -0.020143 -0.048759 0.276852 0.276041 0.142104 0.080594 -0.058425 -0.066720 0.259210 0.361750 0.516021 1.000000 0.358928 0.494515 0.205655 0.154763 0.059253 -0.263787 0.234838 0.319900 -0.272288 -0.107469 -0.053790 -0.252083 -0.389939 -0.397818 -0.227959 -0.217008 -0.362888 -0.171445 -0.052593 0.096236 -0.008711 0.202817 -0.255900 -0.260362 -0.156831 0.146700 0.266398 -0.079166 -0.031127 -0.056745 -0.299648 -0.323482 -0.024937 -0.056572 -0.231741 0.122447 -0.281075 -0.071774 0.031572 -0.042235 0.152662 -0.016249 -0.253674 0.057860 -0.213902 -0.230649 0.058895 0.315617 -0.357989 -0.251274 -0.145968 -0.272769 -0.525261 -0.464378 -0.144214 0.034088 0.206086 -0.162132 0.180417 -0.042231 0.225903 -0.080392 -0.068400 -0.075693 0.047047 -0.253553 0.311794 0.161131 0.466233 0.120216 -0.065605 -0.338703 -0.505092 -0.393284 -0.218396 -0.197005 -0.313248 -0.423677 0.025278 0.054090 0.096912 0.000836 -0.120237 0.141030 -0.348711 -0.099167 -0.275361 -0.048305 0.011707 0.309542 0.089184 0.093755
-0.004385 -0.098048 0.226007 0.153375 0.246011 0.396562 -0.073245 0.192247 0.080317 0.083335 0.206746 -0.000428 -0.099058 -0.109156 -0.012341 -0.027822 0.034702 -0.079361 -0.026860 -0.088502 0.192152 0.162681 0.412019 0.358928 1.000000 0.581536 0.311857 0.340040 -0.323164 -0.359893 0.163641 0.128383 -0.250952 -0.250712 0.056143 -0.188824 -0.231203 -0.180247 -0.080106 -0.037795 -0.164183 -0.162032 0.039928 0.042832 -0.103462 0.054123 -0.011759 0.208807 -0.014885 0.206728 0.010860 0.162271 -0.003091 0.062334 -0.130863 -0.036789 0.115798 0.188762 -0.122449 0.125237 -0.142335 -0.015520 -0.259661 -0.089498 0.171174 0.105015 0.081117 0.208499 -0.188562 -0.131217 0.139807 0.329795 -0.340877 -0.096876 -0.203143 -0.123887 -0.151933 -0.202220 -0.038961 -0.239540 -0.035909 -0.187729 0.052323 -0.269395 0.030956 -0.353754 -0.100785 -0.011175 -0.132390 -0.241875 0.274450 0.232874 0.291938 0.012463 0.041330 -0.224342 -0.050571 -0.163795 -0.037826 0.005712 0.096824 -0.038208 0.329965 0.083242 0.247593 -0.093490 0.118226 -0.080020 -0.192877 -0.089361 0.021045 -0.032187 0.128985 0.250230 0.064982 -0.113593
-0.077000 -0.120588 -0.006114 0.165765 0.011253 0.385093 -0.131409 0.191754 -0.164172 -0.066608 0.157181 0.060752 -0.129873 -0.105653 0.032620 -0.019130 0.061191 0.007414 -0.128621 -0.259458 0.276151 0.308978 0.355737 0.494515 0.581536 1.000000 0.192265 0.489289 0.209179 -0.087025 0.450557 0.540650 -0.227423 -0.172694 -0.087143 -0.207586 -0.133391 -0.055944 0.006594 0.007599 -0.059595 0.096856 0.063685 0.179203 -0.051814 0.180286 -0.044282 -0.007650 -0.056707 0.066503 0.023457 -0.012032 -0.078408 0.071778 -0.042395 -0.088325 -0.101811 -0.178652 -0.206975 0.010366 -0.274690 -0.264278 -0.141444 -0.165866 0.106786 -0.089039 -0.239464 -0.038055 -0.283999 -0.371687 0.304203 0.524171 -0.020326 0.067348 0.074778 0.098103 -0.201413 -0.219526 -0.059042 0.033717 0.262974 0.010245 0.235894 0.053502 0.232923 -0.042357 0.192267 0.150420 0.014284 -0.222133 -0.018002 -0.036615 0.215957 -0.091564 0.081113 -0.175717 -0.014379 -0.185290 -0.100044 -0.171015 -0.071675 -0.191624 0.023053 -0.120269 -0.165606 -0.215760 -0.048871 -0.119888 -0.300217 -0.090807 -0.099151 -0.065781 -0.092332 0.070159 -0.072744 -0.225218
0.293433 0.244674 0.217612 -0.030567 0.428325 0.524386 -0.058195 -0.062935 0.138321 -0.060937 0.324161 0.195819 0.152514 0.118786 0.162621 0.104718 0.277908 0.070705 0.086525 -0.091845 0.430973 0.349595 0.383822 0.205655 0.311857 0.192265 1.000000 0.621540 -0.207047 -0.335662 -0.099021 -0.053163 -0.047543 -0.052949 0.115661 0.104583 -0.228514 -0.344141 -0.198803 -0.226568 -0.271820 -0.092497 0.025344 0.025820 -0.068156 0.001951 -0.192582 -0.126578 0.138176 0.296429 0.272028 -0.072499 0.204854 0.153769 -0.159070 -0.279534 0.235597 0.317162 0.160238 0.152423 0.157649 0.155237 0.070797 0.048864 0.114286 0.200211 0.181768 0.002429 -0.067654 -0.071989 -0.147952 -0.130493 -0.409283 -0.291239 -0.166904 -0.330412 -0.154410 -0.405204 -0.046532 -0.049482 -0.140611 -0.235987 0.180681 -0.202644 -0.021162 -0.331250 -0.183050 -0.155521 -0.018994 -0.094469 0.158231 0.104461 0.357669 0.183421 -0.102918 -0.283960 -0.266864 -0.487351 0.002578 0.072253 0.104723 0.061372 0.284272 0.364015 0.337350 0.044535 0.143790 -0.028553 -0.105817 -0.390394 -0.294826 0.005747 0.348184 0.212288 0.067874 -0.146347
0.223048 0.017131 0.296635 0.006987 0.114735 0.209906 -0.097094 -0.201653 0.142303 -0.243848 0.289809 -0.062978 -0.034149 -0.096114 0.213857 -0.041155 0.050115 -0.240217 0.207706 -0.100656 0.357088 0.229408 0.424452 0.154763 0.340040 0.489289 0.621540 1.000000 -0.010203 -0.328134 0.110315 0.099065 -0.147896 -0.308915 0.002465 -0.370966 -0.102374 -0.186608 0.013018 -0.042161 -0.092261 0.017553 -0.119623 -0.074691 -0.357847 -0.324683 -0.257780 -0.140844 -0.050838 -0.093224 0.255712 -0.116313 -0.087407 0.086977 -0.023208 -0.159865 0.088697 0.168473 0.030002 0.001156 -0.033728 -0.171785 -0.092383 -0.214720 0.286830 -0.051030 0.123241 0.106229 0.160541 -0.011396 0.014889 -0.051382 -0.218745 -0.179196 -0.009269 -0.244499 -0.152405 -0.414285 -0.111916 -0.005022 -0.033986 -0.217836 0.235720 0.088378 0.291742 -0.060015 0.136143 0.204143 0.214122 -0.003033 -0.000622 0.158648 0.212777 0.257882 0.125265 -0.121013 0.043915 -0.176462 -0.079001 0.081997 -0.053656 0.108419 0.136945 0.146096 0.000075 0.004574 0.138879 0.105495 -0.101328 -0.246633 -0.014475 0.031721 0.089137 0.021408 0.047400 -0.154345
-0.142920 0.088366 -0.384074 -0.006413 -0.236186 -0.161990 -0.074918 -0.085400 -0.248797 -0.138068 0.155189 0.154852 0.167794 0.169764 0.241345 0.203106 0.277492 0.436826 -0.224287 -0.128138 0.088684 0.209037 0.048466 0.059253 -0.323164 0.209179 -0.207047 -0.010203 1.000000 0.646855 0.444074 0.489492 0.124340 0.113340 -0.454812 -0.219124 0.136306 0.142109 0.144656 0.117636 0.403909 0.380187 -0.069991 0.043042 -0.066287 -0.021009 0.096511 -0.331142 -0.197013 -0.194036 -0.179388 -0.313427 0.070939 -0.107191 0.097921 -0.056231 -0.228867 -0.312446 -0.240848 -0.101380 -0.335872 -0.361620 0.292347 0.122526 -0.365921 -0.565294 -0.547345 -0.642996 -0.081337 -0.249427 0.291124 0.413689 0.708824 0.395829 0.439292 0.460247 0.034146 0.045196 0.237427 0.661105 0.672359 0.628883 0.547953 0.593096 0.139928 0.142539 0.299440 0.115927 -0.054087 -0.075814 -0.350220 -0.429495 -0.399604 -0.252951 0.278787 0.035183 -0.042139 0.064787 0.032862 -0.194760 -0.235117 -0.179278 -0.313981 -0.216935 -0.399104 -0.108756 -0.257443 0.040310 -0.155387 0.212697 -0.194523 0.145705 -0.161240 -0.005014 -0.194419 -0.043606
-0.194146 0.065129 -0.691286 -0.183388 -0.221644 -0.189521 -0.132473 -0.031541 -0.353289 -0.246402 0.016909 0.318972 0.126271 0.327158 -0.026211 0.190111 0.287793 0.618635 -0.443456 0.061429 0.124302 0.158081 -0.201862 -0.263787 -0.359893 -0.087025 -0.335662 -0.328134 0.646855 1.000000 0.486718 0.487849 0.538971 0.490001 -0.285138 0.194718 0.294494 0.339166 0.049924 0.113145 0.207846 0.302066 -0.151172 -0.120593 0.126849 0.097633 0.257823 -0.249216 -0.075615 -0.042795 -0.400286 -0.149256 0.072643 -0.013098 0.161092 0.129526 -0.100314 -0.211739 -0.353887 -0.221443 -0.243684 -0.164883 0.230955 0.410464 -0.450345 -0.348748 -0.542452 -0.716139 -0.152267 -0.129757 0.084842 0.364658 0.854320 0.666798 0.415563 0.771394 0.450001 0.479647 0.457056 0.658948 0.408528 0.741378 0.052396 0.260610 -0.110825 0.111189 0.174459 -0.084034 -0.230144 0.060102 -0.636226 -0.695857 -0.576180 -0.542184 -0.048950 0.157838 0.115805 0.244949 0.117111 -0.054477 -0.005265 -0.304968 -0.265955 -0.279157 -0.244997 -0.038018 -0.307083 -0.160363 0.133439 0.233581 -0.332441 0.240409 -0.150526 -0.168668 -0.114329 0.010530
0.031589 0.094119 -0.164828 0.214888 0.033475 0.077072 0.209695 0.240336 -0.211368 -0.078332 0.224921 0.354071 0.147674 0.222535 0.141992 0.215062 0.141310 0.291155 -0.146611 0.081408 0.401927 0.413139 0.308237 0.234838 0.163641 0.450557 -0.099021 0.110315 0.444074 0.486718 1.000000 0.892400 0.320101 0.398690 -0.363750 0.048348 -0.209173 -0.155393 -0.191735 -0.088002 -0.110325 -0.072734 -0.065786 -0.000386 0.162917 0.266125 0.023820 -0.141974 -0.053220 0.097145 -0.257828 -0.191103 -0.163996 -0.005054 -0.211717 -0.203516 -0.057899 -0.028241 -0.466530 -0.231599 -0.337044 -0.280420 -0.068612 0.068793 -0.184557 -0.289831 -0.600071 -0.398503 -0.197554 -0.306778 0.117378 0.606184 0.368309 0.203559 -0.029859 0.249064 -0.083837 -0.048135 0.279064 0.250068 0.285752 0.334899 0.110271 0.228269 0.017530 -0.163553 0.076716 -0.020230 -0.296919 -0.385793 -0.284679 -0.365740 -0.125818 -0.275634 -0.097476 -0.222306 -0.137206 -0.042673 -0.030494 -0.249648 -0.059957 -0.382223 -0.077185 -0.117077 -0.164385 -0.044813 -0.023577 -0.041436 -0.215626 -0.062609 -0.298568 0.181608 -0.186503 0.014827 -0.018780 -0.055528
0.005837 0.101306 -0.231807 0.251821 0.040378 0.134420 0.207780 0.374094 -0.274449 0.030369 0.181108 0.399219 0.117956 0.242849 0.132001 0.307985 0.163752 0.342193 -0.219565 -0.057541 0.365057 0.425516 0.253489 0.319900 0.128383 0.540650 -0.053163 0.099065 0.489492 0.487849 0.892400 1.000000 0.318831 0.441013 -0.435464 0.088016 -0.130390 -0.067346 -0.140609 -0.107156 -0.073626 0.093617 -0.010876 0.047180 0.148647 0.315079 -0.031910 -0.209803 -0.076903 0.106710 -0.255921 -0.150323 -0.163728 0.084421 -0.164915 -0.176318 -0.059130 -0.119930 -0.492245 -0.250593 -0.326749 -0.291256 -0.025049 0.004390 -0.187442 -0.218539 -0.684807 -0.454487 -0.291181 -0.490142 0.252844 0.678133 0.336046 0.246268 0.035714 0.294666 -0.098879 -0.067519 0.195412 0.219037 0.351762 0.341323 0.153764 0.291990 0.064018 -0.082718 0.113166 -0.097500 -0.215310 -0.322140 -0.291968 -0.372414 -0.061776 -0.304956 -0.170540 -0.196067 -0.221128 -0.211738 -0.109234 -0.307381 0.029449 -0.471545 -0.107987 -0.152499 -0.234867 -0.182794 -0.179100 -0.126768 -0.270924 -0.168829 -0.396551 0.053554 -0.216167 0.011373 -0.104564 -0.173549
0.079379 -0.152380 -0.302841 -0.296884 0.003669 -0.062157 -0.006127 -0.042921 -0.172653 -0.193937 -0.106623 0.240786 0.008250 0.196474 -0.041359 0.074424 0.093268 0.319455 -0.035671 0.271791 0.096409 0.114329 -0.168512 -0.272288 -0.250952 -0.227423 -0.047543 -0.147896 0.124340 0.538971 0.320101 0.318831 1.000000 0.814241 0.033704 0.371823 0.372651 0.191024 0.038978 -0.006742 -0.132830 0.023600 -0.002470 -0.114169 0.228421 0.117707 -0.067442 -0.204235 0.018282 0.026016 -0.337519 -0.131888 -0.145401 -0.049006 0.104286 0.049531 0.100876 -0.024022 -0.276592 -0.398718 0.023010 -0.106987 0.014506 0.160234 -0.159333 0.077063 -0.175298 -0.254496 -0.044222 0.078713 -0.325076 -0.050449 0.426010 0.311786 0.128595 0.306735 0.480541 0.437947 0.459632 0.369956 -0.001704 0.327621 -0.200557 -0.113291 -0.208840 -0.040713 0.021481 -0.231327 -0.082806 0.048029 -0.616427 -0.580765 -0.466686 -0.480904 -0.369825 0.186395 0.008597 -0.051650 -0.195336 -0.173990 0.131893 -0.175195 -0.220441 -0.013287 -0.098064 0.075785 -0.238590 -0.076402 0.234727 -0.114869 -0.265058 -0.015510 -0.125012 -0.195825 -0.105940 0.049131
0.181636 0.031887 -0.362451 -0.253864 -0.008376 -0.055731 0.075624 0.105498 -0.145187 -0.019475 -0.035524 0.391539 0.191687 0.386658 0.021605 0.183162 0.191332 0.409429 -0.161092 0.361886 0.071190 0.213151 -0.172282 -0.107469 -0.250712 -0.172694 -0.052949 -0.308915 0.113340 0.490001 0.398690 0.441013 0.814241 1.000000 -0.016950 0.586988 0.191951 0.041393 -0.140828 -0.248380 -0.213569 0.015007 0.010959 -0.035815 0.298284 0.332586 -0.186867 -0.141972 0.002033 0.074533 -0.386900 -0.200749 -0.010496 -0.082058 -0.098613 -0.179297 0.218222 0.063534 -0.182311 -0.362088 0.168282 0.056313 0.111344 0.242319 -0.176175 0.139519 -0.268770 -0.254661 -0.104910 -0.011503 -0.178573 0.085801 0.309714 0.287289 0.047342 0.215310 0.266517 0.284795 0.342989 0.253916 0.046424 0.347924 -0.262610 -0.160055 -0.214629 -0.165305 -0.161816 -0.389301 -0.131055 -0.130924 -0.472852 -0.501106 -0.300451 -0.408951 -0.549141 -0.028964 -0.242325 -0.245230 -0.216443 -0.209535 0.209441 -0.273283 -0.115078 0.078260 -0.081491 -0.092467 -0.292576 -0.119559 0.022647 -0.272306 -0.257113 -0.032237 -0.152797 -0.193568 -0.236521 -0.078321
-0.096341 -0.385576 -0.082535 -0.178429 -0.035263 0.158588 -0.239927 -0.286683 -0.007553 -0.266663 -0.288637 -0.318719 -0.419077 -0.419392 -0.207544 -0.300725 -0.207181 -0.264281 0.030785 0.007523 0.006300 -0.072641 -0.046158 -0.053790 0.056143 -0.087143 0.115661 0.002465 -0.454812 -0.285138 -0.363750 -0.435464 0.033704 -0.016950 1.000000 0.332198 0.225884 0.182103 0.272291 0.218460 0.006934 0.006805 0.120860 0.027364 0.213251 0.119516 0.206763 0.051829 -0.038083 0.123049 -0.036251 0.075005 -0.116512 0.036508 0.315196 0.310992 -0.035379 0.012599 -0.083697 -0.163960 -0.027783 -0.026096 -0.234683 -0.121557 0.217071 0.242207 0.302410 0.289263 -0.047999 0.170274 -0.412880 -0.339902 -0.197158 -0.218652 -0.098718 -0.157882 0.143113 0.296379 0.200530 -0.065174 -0.342599 -0.138889 -0.134110 -0.308973 0.033326 0.127680 0.109521 0.155485 0.398995 0.288866 -0.071416 -0.099866 0.015120 -0.126977 0.108282 0.323152 0.430764 0.266803 -0.079297 0.013311 -0.058662 0.092756 0.011157 0.028388 0.177570 0.288454 0.064002 -0.170890 0.156084 0.285806 0.224639 -0.021946 0.210203 0.097887 0.223685 0.208983
0.068904 -0.060619 -0.281560 -0.403317 0.179097 0.043119 0.049440 -0.051589 0.074221 0.000391 -0.164302 0.149653 0.148940 0.184075 -0.088199 0.074419 0.070353 0.167088 -0.207359 -0.004260 0.005791 0.100613 -0.226719 -0.252083 -0.188824 -0.207586 0.104583 -0.370966 -0.219124 0.194718 0.048348 0.088016 0.371823 0.586988 0.332198 1.000000 0.076060 0.049344 -0.154232 -0.215981 -0.082226 0.049285 0.266712 0.239661 0.538954 0.591732 0.145678 0.195340 0.223558 0.414376 -0.251299 0.015011 0.070627 0.030150 -0.050190 -0.072327 0.214979 0.084292 0.096552 -0.186637 0.289683 0.157496 -0.023157 0.100441 -0.107354 0.297620 -0.057225 -0.074313 -0.216652 -0.071029 -0.131549 -0.039352 0.038295 0.070047 -0.090497 0.116117 0.167544 0.269184 0.191185 -0.109650 -0.227798 0.123558 -0.223830 -0.203758 -0.273559 -0.138227 -0.152362 -0.322481 -0.023003 -0.044997 -0.212257 -0.274565 -0.089706 -0.282111 -0.376118 -0.093556 0.023148 -0.153254 -0.008575 -0.106502 0.374007 -0.024887 0.024451 0.166893 0.088540 -0.155194 0.003978 -0.231108 -0.122948 -0.215625 -0.023897 -0.133988 0.002206 -0.022475 -0.187917 -0.143105
