1.000000 0.387421 0.486963 0.595257 0.243460 0.092075 0.389086 -0.224532 0.196527 0.003974 0.528556 0.391957 0.349523 0.032537 0.585237 0.380202 0.183631 0.008008 0.759371 0.149430 -0.160095 -0.119456 0.606170 0.322893 -0.125979 -0.415012 0.405921 -0.021100 -0.068267 -0.195940 -0.226437 -0.171956 -0.259141 0.031615 -0.088187 -0.031435 -0.051104 -0.215349 -0.033786 -0.248778 -0.293019 -0.166643 -0.237584 -0.456599 -0.599624 -0.639709 -0.360228 -0.454185 -0.273074 -0.607976 -0.093933 -0.368028 -0.229381 0.133279 0.222663 -0.361173 0.161763 -0.070543 0.561028 -0.021800 0.517985 0.087651 0.240281 -0.281159 0.226646 0.019560 -0.106493 -0.460028 -0.195291 -0.369453 -0.081903 -0.202555 -0.120889 -0.105719 -0.001529 0.112979 0.033519 -0.040361 -0.060901 -0.427777 -0.213792 -0.232241 0.230074 0.399535 0.519886 0.199119 0.272656 0.022356 0.552094 0.256225 -0.179894 0.045957 0.231001 0.275294 -0.243040 -0.169780 -0.623287 -0.557765 -0.241306 -0.372198 0.022460 -0.042968 0.385959 0.327914 0.173394 0.125071 -0.065020 0.001865 -0.195468 -0.133949 -0.720769 -0.410323 -0.305770 -0.268725 0.059960 -0.016746
0.387421 1.000000 -0.023436 0.149692 0.028908 -0.174885 0.034724 -0.216245 0.149574 -0.222889 -0.035608 0.145035 0.061261 0.005900 0.049909 0.030129 0.039835 0.158759 0.375472 0.653906 -0.155150 -0.215753 -0.010858 -0.312178 -0.436658 -0.568039 0.051319 -0.254579 -0.127250 -0.043496 -0.287044 -0.378429 0.272231 0.436868 -0.208119 0.056471 -0.149006 -0.100170 -0.089414 -0.010683 -0.190885 -0.119019 -0.494112 -0.373951 -0.364132 -0.311679 -0.406246 -0.353293 -0.349260 -0.252789 -0.089046 -0.116092 0.010072 0.091346 0.040249 -0.111407 0.248514 0.553764 -0.014735 0.141766 0.080038 0.171627 -0.228272 0.070876 -0.193600 -0.039461 0.092872 -0.142703 0.507538 0.398816 -0.324463 -0.411521 -0.151762 -0.065603 -0.084535 -0.210401 0.019634 0.070856 -0.174824 -0.141994 -0.182619 -0.089058 -0.085047 0.166207 -0.191286 -0.104469 -0.198345 -0.129532 0.015569 0.255529 -0.162789 -0.063218 -0.075439 0.050050 -0.052859 0.082995 -0.064690 0.139924 0.028275 -0.096642 0.051269 0.022300 0.129744 0.077695 0.037579 0.063323 0.400037 0.219686 -0.132971 0.017284 -0.289327 -0.015813 -0.018418 0.002857 -0.086972 0.251322
0.486963 -0.023436 1.000000 0.764405 0.476858 0.425263 0.686776 0.336017 0.366428 0.195315 0.288097 0.284428 0.093305 0.048462 0.367968 0.270011 -0.283758 -0.305517 0.539048 -0.251629 0.177591 0.233105 0.670487 0.446935 0.324231 0.179555 0.616792 0.379672 -0.124450 -0.357739 0.027836 0.104241 -0.516905 -0.320116 0.374359 0.102934 -0.125741 -0.174927 0.210755 0.126753 -0.210998 -0.114736 0.033323 -0.308945 -0.428623 -0.487584 -0.164652 -0.351846 -0.252192 -0.582363 0.355118 -0.203825 0.096638 0.347930 0.252772 -0.112229 -0.318914 -0.371569 0.316157 -0.194209 0.346392 -0.054148 -0.041154 -0.523459 0.506251 0.226021 -0.093089 -0.150406 -0.333669 -0.407861 0.088191 -0.160416 -0.263101 -0.149184 0.009787 0.063356 -0.161176 -0.134550 -0.260787 -0.461378 -0.483897 -0.490896 -0.200031 0.107475 0.317597 0.199231 0.280886 0.087818 0.674600 0.328852 -0.006535 0.294373 0.348921 0.164401 -0.103746 -0.472926 -0.386328 -0.403739 -0.148550 -0.349421 -0.037181 -0.143345 0.209519 0.084885 0.039478 0.202830 -0.118155 -0.016327 -0.337527 -0.306508 -0.349725 -0.468714 -0.429591 -0.237597 0.176520 -0.051581
0.595257 0.149692 0.764405 1.000000 0.274814 0.328913 0.444406 0.221291 0.142434 0.097903 0.338411 0.439530 0.069231 0.084622 0.395068 0.423874 -0.303639 -0.381975 0.679694 -0.055901 0.037904 0.075081 0.664384 0.521078 0.072836 -0.058900 0.534858 0.414351 -0.312767 -0.416887 -0.188360 -0.109229 -0.512698 -0.373003 0.146426 -0.063711 -0.148084 0.078732 0.280160 0.036354 -0.243320 -0.045358 -0.223714 -0.505023 -0.566734 -0.528241 -0.337095 -0.521108 -0.302337 -0.613373 0.406700 -0.132314 0.237298 0.367498 0.429435 -0.012605 -0.385593 -0.465871 0.380445 -0.021055 0.193058 0.029059 -0.076271 -0.648999 0.353149 0.263344 -0.071766 -0.084929 -0.381809 -0.398765 0.028789 -0.230172 -0.384304 -0.060092 0.053195 0.066153 -0.113905 -0.132367 -0.469159 -0.682630 -0.503900 -0.544589 0.014729 0.279338 0.486555 0.464303 0.496454 0.284078 0.680555 0.565770 0.069516 0.443014 0.359693 0.235345 -0.187997 -0.238062 -0.411000 -0.431696 -0.059160 -0.247895 0.126069 -0.067766 0.226668 0.190735 0.096071 0.254544 -0.194837 -0.078525 -0.234341 -0.125203 -0.434354 -0.530475 -0.340729 -0.208937 0.197453 -0.061392
0.243460 0.028908 0.476858 0.274814 1.000000 0.475373 0.548396 0.321450 0.810280 0.517734 0.326540 0.210188 0.382066 0.130934 0.451555 0.258503 -0.248884 -0.270023 0.068496 -0.186160 0.118385 0.160876 0.395155 0.176020 0.153206 -0.001631 0.594714 0.052208 -0.054844 -0.227246 -0.150690 -0.041112 -0.318751 -0.064484 0.049426 0.306607 -0.007216 -0.105696 0.362820 0.234639 -0.033525 -0.056767 -0.081531 -0.350552 -0.337951 -0.353999 -0.301435 -0.274853 -0.251869 -0.408041 0.093156 -0.124291 -0.222243 0.365646 0.221194 -0.088397 -0.279516 0.017526 0.118364 -0.053131 0.450343 0.234979 -0.225761 -0.319513 0.452120 0.471894 -0.102341 -0.032181 -0.030145 -0.018847 -0.238174 -0.311053 -0.272686 -0.213457 -0.100274 -0.003477 0.009637 -0.055188 -0.253234 -0.142399 -0.478770 -0.504137 -0.286182 0.138917 0.079513 -0.147524 0.063675 -0.158743 0.430259 0.147367 0.084447 0.342041 0.251806 0.273247 -0.130071 -0.476919 -0.187997 -0.055264 0.031459 -0.330051 -0.037130 0.020712 0.046434 -0.077109 -0.075067 0.209978 0.106425 0.276518 -0.234159 -0.442410 -0.302007 -0.151635 -0.122550 -0.112951 0.184232 0.064214
0.092075 -0.174885 0.425263 0.328913 0.475373 1.000000 0.222136 0.354654 0.340304 0.433730 0.390122 0.284662 0.156900 0.128485 0.323350 0.202447 -0.128913 -0.308887 -0.035112 -0.272028 0.565788 0.349880 0.321828 0.255263 0.570557 0.548986 0.601429 0.521133 -0.057254 -0.141439 0.301238 0.313897 -0.252841 -0.053870 0.412246 0.224226 -0.042706 0.092901 0.411564 0.342051 0.065924 0.021645 -0.122834 -0.210952 -0.294844 -0.224851 -0.403722 -0.203753 -0.347590 -0.412023 0.154954 -0.264060 -0.170509 0.219904 0.136110 -0.201815 -0.260857 -0.144791 0.045481 -0.152867 0.141251 0.064507 -0.108766 -0.288987 0.330646 0.539866 -0.065287 0.231815 -0.156813 -0.174527 -0.006049 -0.027875 -0.162893 -0.078010 0.036385 0.110248 -0.126441 -0.133245 -0.186774 -0.130804 -0.244507 -0.376850 -0.035879 0.082645 0.206390 0.105066 0.258237 0.131197 0.465417 0.118850 -0.052633 0.230387 0.165427 0.127800 -0.063484 -0.343324 -0.196067 -0.131247 -0.119509 -0.365525 -0.229584 -0.282477 -0.210029 -0.208767 -0.344388 -0.035102 -0.057466 0.166273 -0.171160 -0.344756 0.002982 -0.302208 -0.375595 -0.300177 0.059255 -0.262555
0.389086 0.034724 0.686776 0.444406 0.548396 0.222136 1.000000 0.336465 0.598291 0.305682 0.451848 0.384775 0.480803 0.163252 0.544523 0.311445 -0.072196 -0.039930 0.318990 -0.163481 0.077749 0.306051 0.510425 0.326259 -0.049558 -0.120204 0.321536 0.000656 0.218776 -0.090086 0.004549 0.228198 -0.230895 0.013261 0.086242 -0.110601 -0.076155 -0.148821 0.142270 -0.040688 -0.088038 -0.105908 -0.141770 -0.364864 -0.274717 -0.374663 -0.161696 -0.237873 -0.172563 -0.370532 -0.011398 -0.333352 -0.145946 0.065116 0.128364 -0.229551 -0.274464 -0.215486 0.134204 -0.358207 0.559382 0.108819 0.184015 -0.252375 0.684314 0.073984 -0.303426 -0.419449 -0.287880 -0.324811 0.057759 -0.069611 -0.014306 -0.108953 0.118552 0.199676 0.004410 0.064519 -0.092632 -0.201205 -0.399341 -0.312681 -0.000828 0.168684 0.234758 0.003157 0.036516 -0.296912 0.534118 0.062816 -0.026964 0.173267 0.044655 0.120296 -0.270593 -0.449235 -0.329232 -0.309651 -0.073961 -0.245818 -0.059885 -0.097359 0.096954 -0.100882 0.056227 0.138636 -0.155077 -0.101899 -0.321238 -0.263630 -0.392804 -0.033801 -0.160684 -0.185670 0.169514 -0.082704
-0.224532 -0.216245 0.336017 0.221291 0.321450 0.354654 0.336465 1.000000 0.360816 0.634174 -0.086479 0.087908 0.151836 0.436292 -0.054076 0.077831 -0.199513 -0.346959 -0.236270 -0.352164 0.352315 0.294505 -0.145449 -0.056697 0.099318 0.367933 0.028773 0.161777 0.102747 0.045349 0.076702 0.119639 -0.065814 -0.046207 0.235847 0.059618 0.087389 0.249447 0.355917 0.376527 0.354619 0.314478 -0.098601 -0.186736 -0.166763 -0.166132 -0.027364 -0.033574 0.024419 -0.220358 0.280706 0.193586 -0.076039 0.245707 0.087396 0.087851 -0.509410 -0.227014 -0.112391 -0.157288 0.150149 0.409514 -0.074777 -0.257304 0.334408 0.635819 -0.131148 0.126387 -0.206000 -0.012772 0.134081 0.051327 0.046749 0.148901 0.184824 0.261342 0.109261 0.175178 -0.215497 0.059446 -0.217269 -0.269041 -0.064485 -0.132180 -0.059512 -0.090543 0.104433 0.046819 0.170918 0.043845 0.041734 0.094877 0.001992 -0.163391 0.080554 -0.184376 0.100053 0.108619 -0.176209 -0.209338 -0.053255 -0.151191 -0.216735 -0.343396 -0.240793 -0.074093 -0.198037 -0.278867 -0.195970 -0.167865 0.071783 -0.141998 -0.141840 -0.171195 0.009246 -0.155633
0.196527 0.149574 0.366428 0.142434 0.810280 0.340304 0.598291 0.360816 1.000000 0.600651 0.295345 0.233721 0.545252 0.358980 0.455528 0.287748 -0.159884 -0.017345 -0.049694 -0.280630 0.093848 0.197865 0.304794 -0.053481 -0.063042 -0.132477 0.364594 -0.081076 0.059426 -0.101686 -0.199856 -0.062260 -0.232122 0.021044 0.054208 0.268512 -0.034094 -0.055959 0.338521 0.332313 0.051697 -0.070660 -0.003430 -0.232428 -0.250561 -0.302611 -0.188871 -0.098856 -0.214480 -0.319010 0.046490 -0.046663 -0.142633 0.404871 0.259220 -0.014613 -0.311713 0.027807 -0.012347 -0.206618 0.633379 0.433838 -0.065936 -0.054227 0.421880 0.372411 -0.306424 -0.249811 -0.111538 -0.067008 -0.314170 -0.335622 -0.168328 -0.231275 -0.136531 0.013986 -0.065987 -0.020045 -0.221206 -0.078190 -0.455352 -0.442129 -0.283362 0.061036 -0.068114 -0.176428 -0.005629 -0.239002 0.405872 0.185546 0.186349 0.330030 0.157921 0.087521 -0.137687 -0.426134 -0.045963 -0.024690 0.126074 -0.167834 0.022455 -0.060133 0.089586 -0.130021 -0.051670 0.109029 0.001011 0.029695 -0.327269 -0.483655 -0.309474 -0.028515 -0.093174 -0.114492 0.135076 0.086641
0.003974 -0.222889 0.195315 0.097903 0.517734 0.433730 0.305682 0.634174 0.600651 1.000000 0.322355 0.249640 0.443920 0.463961 0.342610 0.216357 0.074055 -0.092906 -0.266509 -0.373964 0.319726 0.264320 0.060813 -0.050111 0.078827 0.118248 0.087727 -0.019017 0.120046 0.055716 -0.071768 0.010029 -0.250466 -0.028054 0.094733 0.166027 0.003777 0.141576 0.136910 0.186726 0.197181 0.147868 0.033804 -0.219549 -0.209279 -0.186451 -0.206004 -0.060194 -0.106346 -0.271498 0.087856 0.026598 -0.263973 0.333577 0.155217 -0.173857 -0.348952 -0.116787 0.038194 -0.124402 0.491334 0.608820 0.099748 -0.051416 0.469590 0.684118 -0.165746 0.032688 -0.255385 -0.055821 -0.163772 -0.187535 -0.039986 -0.077771 -0.013263 0.186572 -0.046774 -0.011255 -0.066307 0.123678 -0.125477 -0.186565 0.038023 -0.005095 0.188147 -0.073596 0.073996 -0.091639 0.284999 -0.024974 0.233262 0.214740 0.064282 0.037661 -0.133509 -0.332193 -0.094265 -0.206435 -0.136102 -0.293866 -0.010931 -0.260832 -0.125802 -0.397711 -0.340765 -0.291646 -0.296511 -0.204044 -0.293530 -0.393872 -0.146977 -0.217649 -0.241032 -0.393262 -0.072732 -0.218589
0.528556 -0.035608 0.288097 0.338411 0.326540 0.390122 0.451848 -0.086479 0.295345 0.322355 1.000000 0.745146 0.617485 0.229161 0.820733 0.452922 0.296951 0.155905 0.115503 -0.147868 0.178717 0.211481 0.645701 0.473408 0.118497 -0.045570 0.406537 0.292252 0.238899 0.100118 0.175221 0.321989 -0.291644 0.068764 0.141254 -0.023564 0.039562 -0.054708 0.074915 -0.218530 -0.064320 -0.062162 -0.337370 -0.494456 -0.463630 -0.409412 -0.503606 -0.465124 -0.383829 -0.488197 0.022665 -0.504060 -0.132275 0.075598 0.298311 -0.461578 -0.283607 -0.308112 0.119106 -0.392865 0.567086 0.082837 0.509175 -0.146912 0.703905 0.238373 -0.404335 -0.250619 -0.475310 -0.507992 0.028996 0.042936 0.077600 0.014248 0.168371 0.332540 -0.004198 -0.004431 -0.031130 -0.216439 -0.163511 -0.154277 0.306836 0.330359 0.706447 0.415274 0.237147 0.055825 0.582056 0.060346 -0.004085 0.222688 0.124559 0.321728 -0.391552 -0.331429 -0.598998 -0.551933 -0.032563 -0.421635 -0.173232 -0.263145 -0.033073 -0.166174 -0.191114 -0.172464 -0.388902 -0.139693 -0.192448 -0.230002 -0.424585 -0.252267 -0.288603 -0.414354 -0.082596 -0.360549
0.391957 0.145035 0.284428 0.439530 0.210188 0.284662 0.384775 0.087908 0.233721 0.249640 0.745146 1.000000 0.437984 0.435850 0.694364 0.558173 0.119425 0.172662 0.126578 -0.020207 0.183924 0.084634 0.507626 0.435231 -0.036375 -0.116248 0.341452 0.314519 0.217927 0.145399 0.196164 0.278079 -0.256724 0.039347 0.046210 -0.227606 0.019318 0.073822 0.128052 -0.158306 -0.135489 0.030838 -0.347914 -0.423547 -0.461831 -0.311619 -0.488273 -0.426318 -0.473832 -0.446278 0.199161 -0.440326 0.042271 0.157338 0.247268 -0.271046 -0.358332 -0.295484 -0.051666 -0.460033 0.335257 0.031210 0.259143 -0.185862 0.644904 0.316707 -0.450122 -0.178923 -0.410041 -0.406020 0.041163 -0.062268 -0.006358 0.079726 0.170041 0.289695 -0.081192 -0.058703 -0.158720 -0.303064 -0.294833 -0.197523 0.137896 0.343704 0.521871 0.547856 0.129899 0.202530 0.514735 0.246703 -0.171386 0.206458 0.229209 0.266694 -0.292145 -0.208397 -0.571875 -0.365892 -0.065644 -0.307453 -0.050917 -0.033824 0.063531 -0.123186 -0.067945 -0.030591 -0.415730 -0.313448 -0.202632 -0.098236 -0.421736 -0.273602 -0.250023 -0.291572 -0.119696 -0.198483
0.349523 0.061261 0.093305 0.069231 0.382066 0.156900 0.480803 0.151836 0.545252 0.443920 0.617485 0.437984 1.000000 0.590237 0.674128 0.450172 0.374375 0.292450 -0.023196 -0.196768 0.003128 0.147634 0.311756 0.032473 -0.324165 -0.211242 0.083628 -0.104076 0.332241 0.146029 -0.056427 0.198426 -0.007262 0.228151 -0.094658 0.021444 0.105945 -0.021818 0.016659 -0.012087 0.045052 -0.071373 -0.214296 -0.315385 -0.314981 -0.357412 -0.179600 -0.188858 -0.150214 -0.271470 -0.227654 -0.208645 -0.250002 0.125460 0.237728 -0.223373 -0.126065 -0.025672 0.027833 -0.300484 0.744349 0.452579 0.486188 0.137746 0.431053 0.144350 -0.476160 -0.533940 -0.282278 -0.223647 -0.292689 -0.115871 0.149374 -0.175649 -0.079663 0.185996 0.078251 0.134507 -0.005336 0.054885 -0.108625 -0.113065 0.291584 0.330355 0.182741 -0.092705 0.041505 -0.231258 0.312349 0.004196 0.091640 0.119765 -0.031414 0.018248 -0.370764 -0.184031 -0.333563 -0.298548 -0.004859 -0.263294 0.040647 -0.102488 0.046830 -0.117384 -0.153301 -0.119673 -0.247413 -0.111350 -0.294103 -0.240528 -0.449178 -0.135755 -0.141313 -0.255954 -0.030456 -0.167024
0.032537 0.005900 0.048462 0.084622 0.130934 0.128485 0.163252 0.436292 0.358980 0.463961 0.229161 0.435850 0.590237 1.000000 0.297309 0.447142 0.065980 0.181923 -0.227010 -0.324775 0.103371 0.130686 0.091204 -0.067046 -0.280203 -0.026383 0.016417 0.058455 0.115042 0.089406 -0.061821 0.074713 -0.137165 -0.009207 0.011451 -0.081635 -0.002723 0.138934 0.138093 0.199058 0.002870 0.026947 -0.029548 -0.110921 -0.157000 -0.176224 -0.043461 -0.050854 -0.031245 -0.148542 0.163922 0.154689 0.062800 0.300990 0.229008 0.100639 -0.276163 -0.148643 -0.084563 -0.279094 0.399991 0.444319 0.216077 0.143972 0.230628 0.378757 -0.455674 -0.287704 -0.297211 -0.194214 -0.136647 -0.158797 0.000354 -0.063841 -0.066147 0.229693 -0.019006 0.064858 -0.157259 -0.033704 -0.239105 -0.202197 0.025318 0.016735 -0.007639 0.032116 0.141399 0.128101 0.220586 0.252662 0.103510 0.145004 0.106635 -0.086532 -0.162369 -0.137521 -0.143214 -0.130373 0.086569 -0.040947 0.299010 0.099123 0.149201 -0.061812 -0.094552 -0.037436 -0.269743 -0.253787 -0.285489 -0.120963 -0.245646 -0.135683 -0.091952 -0.038119 -0.111278 -0.142114
0.585237 0.049909 0.367968 0.395068 0.451555 0.323350 0.544523 -0.054076 0.455528 0.342610 0.820733 0.694364 0.674128 0.297309 1.000000 0.676651 0.271837 0.235458 0.265836 -0.083369 0.193816 0.148471 0.718513 0.453029 -0.076599 -0.172437 0.471781 0.240745 0.226598 0.068096 0.105390 0.275952 -0.336108 0.016365 0.028484 -0.110017 0.010791 -0.112559 0.073660 -0.203403 -0.120309 -0.048466 -0.203011 -0.389066 -0.487756 -0.471092 -0.445064 -0.391469 -0.528823 -0.530566 -0.113075 -0.557057 -0.229454 0.143562 0.174858 -0.361379 -0.094330 -0.181308 0.077480 -0.462041 0.596001 0.039167 0.386829 -0.137134 0.680377 0.099412 -0.429672 -0.412067 -0.358652 -0.391571 -0.100158 -0.169351 0.011745 -0.110741 -0.009118 0.229952 -0.137958 -0.140569 -0.006423 -0.285553 -0.167539 -0.114699 0.349493 0.568442 0.594197 0.327033 0.129115 0.008116 0.622487 0.140569 -0.085458 0.203650 0.147496 0.287398 -0.431679 -0.336475 -0.608674 -0.496197 -0.074573 -0.300247 -0.021314 -0.054188 0.194745 0.051175 -0.010553 0.030409 -0.291312 -0.138415 -0.255295 -0.344128 -0.603019 -0.245215 -0.336234 -0.270825 0.055914 -0.150971
0.380202 0.030129 0.270011 0.423874 0.258503 0.202447 0.311445 0.077831 0.287748 0.216357 0.452922 0.558173 0.450172 0.447142 0.676651 1.000000 -0.017842 0.078893 0.159301 -0.128242 0.164462 0.167554 0.524134 0.448152 -0.071088 -0.090159 0.364535 0.399326 -0.037055 -0.078136 -0.087722 0.067027 -0.460627 -0.183751 -0.073303 -0.080690 -0.063952 -0.059660 0.275067 0.051171 -0.265732 -0.144798 -0.134897 -0.171832 -0.385242 -0.304297 -0.198394 -0.158155 -0.480804 -0.408907 0.066740 -0.261362 0.030943 0.196551 0.353531 0.023350 -0.190923 -0.299494 -0.040731 -0.374999 0.316383 0.115280 0.134598 -0.234320 0.303547 0.152943 -0.390457 -0.270170 -0.325766 -0.346204 -0.120755 -0.178027 -0.241830 -0.117725 -0.165016 0.017688 -0.268847 -0.235415 -0.357445 -0.467420 -0.197519 -0.194724 0.241847 0.581010 0.399554 0.464470 0.293638 0.318430 0.601886 0.467820 -0.112738 0.262676 0.177595 0.032306 -0.277867 -0.233806 -0.332429 -0.307087 0.053471 -0.184530 0.079580 0.101693 0.278809 0.078716 0.040499 0.112625 -0.210137 -0.169783 -0.283537 -0.277143 -0.368411 -0.268672 -0.293404 -0.225755 -0.068636 -0.170332
0.183631 0.039835 -0.283758 -0.303639 -0.248884 -0.128913 -0.072196 -0.199513 -0.159884 0.074055 0.296951 0.119425 0.374375 0.065980 0.271837 -0.017842 1.000000 0.651578 -0.024183 0.242423 0.109873 0.196917 -0.128974 -0.067869 -0.146508 -0.127688 -0.264257 -0.256488 0.587912 0.508123 0.288082 0.275548 0.415440 0.551420 -0.066214 -0.095030 0.187327 -0.140018 -0.438457 -0.455357 0.096720 0.039398 -0.220413 -0.078502 -0.137768 -0.142274 -0.181125 -0.081862 -0.027254 -0.033837 -0.450979 -0.245232 -0.377841 -0.300857 -0.301178 -0.473637 0.418673 0.290190 -0.008544 -0.172851 0.219456 0.080950 0.594073 0.418827 0.075501 -0.144846 -0.204704 -0.196936 -0.031053 -0.048118 0.072197 0.254736 0.526677 0.075504 0.116356 0.272994 0.137001 0.164899 0.665549 0.357768 0.696733 0.689306 0.538896 0.285194 0.191301 -0.132848 -0.377853 -0.315429 -0.224733 -0.474884 -0.269041 -0.449807 -0.302967 -0.114500 -0.343253 0.021664 -0.403226 -0.462076 -0.395720 -0.376629 -0.035570 -0.192982 -0.056363 -0.167540 -0.201254 -0.408296 -0.235941 -0.262260 -0.135913 0.012935 -0.404019 -0.224073 -0.223282 -0.260352 -0.246425 -0.355254
0.008008 0.158759 -0.305517 -0.381975 -0.270023 -0.308887 -0.039930 -0.346959 -0.017345 -0.092906 0.155905 0.172662 0.292450 0.181923 0.235458 0.078893 0.651578 1.000000 -0.114582 0.239011 0.119225 0.153242 -0.026940 -0.119199 -0.267206 -0.204191 -0.194507 -0.166678 0.499941 0.501392 0.246816 0.259454 0.279101 0.406902 -0.081298 -0.123854 0.065698 -0.225507 -0.265789 -0.238832 -0.061041 -0.138610 -0.015946 0.156826 0.024678 0.029498 0.019819 0.073293 -0.176072 0.122844 -0.381474 -0.279150 -0.045355 -0.211762 -0.206008 -0.202173 0.424210 0.276367 -0.272377 -0.330332 0.165712 -0.036577 0.496809 0.676339 0.001327 -0.415532 -0.330496 -0.301296 0.040288 -0.010372 -0.053358 0.022722 0.399172 -0.102739 -0.093026 0.120539 -0.210179 -0.105211 0.534724 0.271340 0.443664 0.604875 0.217998 0.321617 -0.074005 -0.068404 -0.460155 -0.213100 -0.220935 -0.271756 -0.136538 -0.337395 -0.184469 -0.109664 -0.263940 -0.025022 -0.183645 -0.226404 -0.058046 -0.006877 0.063242 0.009248 0.172627 -0.014168 0.055999 -0.188974 -0.210441 -0.343168 -0.183659 -0.102625 -0.302540 -0.019858 -0.099927 -0.082620 -0.191871 -0.115990
0.759371 0.375472 0.539048 0.679694 0.068496 -0.035112 0.318990 -0.236270 -0.049694 -0.266509 0.115503 0.126578 -0.023196 -0.227010 0.265836 0.159301 -0.024183 -0.114582 1.000000 0.342682 -0.198505 -0.126802 0.504530 0.336325 -0.111994 -0.342762 0.306270 -0.045469 -0.141244 -0.287199 -0.193231 -0.169293 -0.133572 -0.050612 -0.017403 -0.107602 -0.194469 -0.290978 -0.100261 -0.304475 -0.363261 -0.229556 -0.129955 -0.296202 -0.403640 -0.460865 -0.194235 -0.351699 -0.140059 -0.402411 -0.118958 -0.280553 -0.094519 -0.015541 0.028279 -0.222085 0.185670 -0.081969 0.577855 0.228332 0.148599 -0.070355 -0.050998 -0.332016 0.007831 -0.199930 0.179725 -0.271727 -0.027329 -0.179351 -0.093884 -0.280239 -0.199003 -0.162336 -0.032132 -0.098553 -0.059452 -0.095085 -0.055424 -0.487888 -0.170082 -0.189639 0.128849 0.340433 0.276520 0.076961 0.169994 0.003310 0.388359 0.226856 -0.180023 -0.003342 0.236882 0.235019 -0.217090 -0.085545 -0.471928 -0.403333 -0.313815 -0.212562 0.140818 0.063886 0.402471 0.455231 0.328689 0.291684 0.096329 0.105241 -0.158194 -0.034069 -0.562139 -0.370445 -0.185958 -0.062227 0.186824 0.097112
0.149430 0.653906 -0.251629 -0.055901 -0.186160 -0.272028 -0.163481 -0.352164 -0.280630 -0.373964 -0.147868 -0.020207 -0.196768 -0.324775 -0.083369 -0.128242 0.242423 0.239011 0.342682 1.000000 -0.019182 -0.050177 -0.156540 -0.136136 -0.297988 -0.350815 -0.052393 -0.280396 0.116262 0.186642 0.060772 -0.034506 0.493893 0.645970 -0.118886 0.044195 -0.080337 -0.133524 -0.239850 -0.228950 -0.133142 -0.060811 -0.451337 -0.179399 -0.217470 -0.139394 -0.314036 -0.192517 -0.347178 -0.091904 -0.426655 -0.320705 -0.215925 -0.226981 -0.320573 -0.337643 0.421890 0.553270 -0.072853 0.181550 -0.280025 -0.115293 -0.222455 0.057194 -0.295431 -0.228201 0.210151 0.052600 0.592700 0.589268 -0.062484 -0.107013 0.077815 0.084769 0.093795 -0.022165 0.154006 0.151964 0.151716 0.111781 0.202941 0.305508 0.158972 0.296648 -0.198056 -0.250238 -0.491929 -0.258660 -0.240189 -0.197365 -0.324258 -0.354235 -0.201222 0.021844 -0.073534 0.199945 -0.181994 0.128768 -0.296005 -0.165177 -0.090049 0.069893 -0.006987 -0.014187 0.028053 0.035281 0.392199 0.160356 -0.042375 0.138823 -0.198290 0.041292 0.083976 -0.009650 -0.244479 0.152744
-0.160095 -0.155150 0.177591 0.037904 0.118385 0.565788 0.077749 0.352315 0.093848 0.319726 0.178717 0.183924 0.003128 0.103371 0.193816 0.164462 0.109873 0.119225 -0.198505 -0.019182 1.000000 0.570864 0.111608 0.201456 0.371344 0.626455 0.375158 0.528485 0.250852 0.213269 0.613772 0.580571 -0.004246 0.199357 0.417993 0.223045 -0.073470 -0.065830 0.252308 0.292928 0.169840 0.087308 -0.106698 -0.081190 -0.210437 -0.163987 -0.203494 -0.091579 -0.392825 -0.301409 0.021638 -0.276510 -0.171182 0.039948 -0.087878 -0.169696 -0.021975 0.005316 -0.333375 -0.379810 -0.060420 -0.017755 -0.012706 -0.054237 0.259027 0.269310 -0.117778 0.239340 0.058488 0.067944 0.070384 0.117584 0.117894 -0.015494 0.061789 0.136640 -0.362107 -0.260556 0.071804 0.028981 0.123399 0.153733 0.189876 0.225080 0.081432 0.027971 -0.084770 -0.024899 0.212197 -0.107430 -0.186570 -0.089930 -0.172075 -0.089837 0.057227 -0.241528 -0.057938 -0.022444 -0.195959 -0.267634 -0.278222 -0.350581 -0.319264 -0.369455 -0.370187 -0.245953 -0.032905 -0.119786 -0.280769 -0.444835 0.016671 -0.218531 -0.453753 -0.377875 -0.245675 -0.255832
-0.119456 -0.215753 0.233105 0.075081 0.160876 0.349880 0.306051 0.294505 0.197865 0.264320 0.211481 0.084634 0.147634 0.130686 0.148471 0.167554 0.196917 0.153242 -0.126802 -0.050177 0.570864 1.000000 0.113488 0.203786 0.200512 0.458237 0.233159 0.287474 0.276997 0.022501 0.282675 0.440239 -0.046233 0.155340 0.357183 0.186761 -0.210328 -0.189544 0.183664 0.200616 -0.016457 -0.213942 -0.050201 -0.017417 -0.050685 -0.061169 0.038895 -0.004025 -0.121893 -0.164126 0.020334 -0.075075 -0.114111 -0.054206 0.010775 -0.042002 -0.159174 -0.107577 -0.130314 -0.295564 0.025833 0.043665 0.062053 -0.087794 0.274564 0.233437 -0.191089 0.071396 -0.155899 -0.068800 0.054489 0.121318 -0.023653 -0.145434 -0.011265 0.148078 -0.254825 -0.147843 0.115367 0.080047 0.152110 0.105294 0.124476 0.078639 0.018315 -0.120470 -0.092343 -0.232389 0.250824 -0.125157 -0.016855 -0.041704 -0.103646 -0.150771 -0.162812 -0.379529 0.031624 -0.199861 -0.029713 -0.280846 0.026892 -0.282579 -0.111394 -0.324187 -0.150718 -0.167935 -0.102018 -0.185187 -0.391364 -0.395487 -0.032461 -0.103796 -0.215785 -0.231378 -0.145796 -0.383206
0.606170 -0.010858 0.670487 0.664384 0.395155 0.321828 0.510425 -0.145449 0.304794 0.060813 0.645701 0.507626 0.311756 0.091204 0.718513 0.524134 -0.128974 -0.026940 0.504530 -0.156540 0.111608 0.113488 1.000000 0.638343 0.205852 0.019959 0.678467 0.471409 -0.091164 -0.328477 0.084321 0.210089 -0.529693 -0.273790 0.310718 0.089989 -0.108809 -0.163518 0.231525 -0.049283 -0.285339 -0.214640 -0.019681 -0.330716 -0.476682 -0.507599 -0.261876 -0.425872 -0.425611 -0.545374 0.185447 -0.428071 0.170296 0.311610 0.356682 -0.184228 -0.237439 -0.426083 0.232974 -0.298832 0.394360 -0.119862 0.160306 -0.323935 0.558931 0.015485 -0.305122 -0.332072 -0.440148 -0.539936 -0.042915 -0.164367 -0.268125 -0.228203 -0.110146 0.056701 -0.311141 -0.293820 -0.204024 -0.527555 -0.372275 -0.315152 0.046191 0.366351 0.524224 0.405600 0.347651 0.195372 0.675631 0.355848 0.077467 0.348941 0.424653 0.326168 -0.242556 -0.351346 -0.526702 -0.543151 0.026439 -0.208502 0.000904 -0.029079 0.298748 0.289199 0.160714 0.265939 -0.256456 -0.027421 -0.199907 -0.242638 -0.482819 -0.397427 -0.353877 -0.156189 0.230905 -0.018667
0.322893 -0.312178 0.446935 0.521078 0.176020 0.255263 0.326259 -0.056697 -0.053481 -0.050111 0.473408 0.435231 0.032473 -0.067046 0.453029 0.448152 -0.067869 -0.119199 0.336325 -0.136136 0.201456 0.203786 0.638343 1.000000 0.230907 0.183817 0.487420 0.522782 0.030187 -0.164418 0.222031 0.381355 -0.485299 -0.323649 0.153069 -0.129947 -0.169011 -0.216450 0.179200 -0.281673 -0.279456 -0.262953 -0.059664 -0.186232 -0.216043 -0.147971 -0.132231 -0.229746 -0.193694 -0.279932 0.173185 -0.393435 0.123139 -0.008530 0.143793 -0.064824 -0.275288 -0.607745 0.184794 -0.231794 0.091988 -0.239632 0.195087 -0.341418 0.446443 0.021772 -0.200082 0.033825 -0.510374 -0.525681 0.170640 0.104370 -0.141276 -0.126554 -0.023501 0.129549 -0.260315 -0.249338 -0.077361 -0.526454 -0.169956 -0.158102 0.147220 0.271818 0.555878 0.554481 0.336438 0.205673 0.522195 0.209072 -0.119631 0.261595 0.194242 0.195387 -0.362828 -0.309347 -0.423169 -0.463051 -0.012395 -0.186541 0.005906 -0.032771 0.162305 0.094289 0.118737 0.101590 -0.180301 -0.130298 -0.166310 -0.162437 -0.258693 -0.322185 -0.294880 -0.197977 -0.068769 -0.324500
-0.125979 -0.436658 0.324231 0.072836 0.153206 0.570557 -0.049558 0.099318 -0.063042 0.078827 0.118497 -0.036375 -0.324165 -0.280203 -0.076599 -0.071088 -0.146508 -0.267206 -0.111994 -0.297988 0.371344 0.200512 0.205852 0.230907 1.000000 0.702283 0.401037 0.488698 -0.055342 -0.025530 0.457386 0.339004 -0.170782 -0.108826 0.516761 0.388416 0.173716 0.000027 0.239027 0.145869 0.102409 0.123232 0.090976 0.099719 -0.101966 -0.058158 -0.077834 0.019317 -0.138975 -0.184084 0.165455 -0.134325 0.016028 0.064752 0.020900 -0.163897 -0.218893 -0.205207 0.056025 -0.056310 -0.090877 -0.195264 -0.054474 -0.153175 0.137876 0.281426 0.025432 0.361400 -0.202118 -0.283565 0.330725 0.294206 0.049597 0.200635 0.227788 0.106914 -0.020115 -0.035429 -0.006700 0.019392 0.009930 -0.093816 -0.204644 -0.128498 0.133950 0.130038 0.160188 0.301306 0.190585 -0.036242 -0.134714 -0.061706 0.158382 -0.045534 0.123236 -0.160664 -0.125099 -0.190879 -0.242087 -0.391988 -0.427833 -0.308293 -0.242571 -0.194148 -0.244521 -0.067135 -0.197731 0.077625 0.062439 -0.012571 0.263714 -0.278956 -0.296125 -0.194894 -0.015788 -0.237094
-0.415012 -0.568039 0.179555 -0.058900 -0.001631 0.548986 -0.120204 0.367933 -0.132477 0.118248 -0.045570 -0.116248 -0.211242 -0.026383 -0.172437 -0.090159 -0.127688 -0.204191 -0.342762 -0.350815 0.626455 0.458237 0.019959 0.183817 0.702283 1.000000 0.250250 0.601548 0.078220 -0.006424 0.621853 0.583676 -0.055081 -0.088636 0.597438 0.259335 0.054613 0.002735 0.305121 0.347733 0.204155 0.121542 0.194147 0.287214 0.106937 0.149820 0.167564 0.216809 -0.091904 0.018629 0.153640 -0.071891 0.000079 0.004269 -0.110486 0.088778 -0.192976 -0.245846 -0.288958 -0.258905 -0.281542 -0.225309 -0.042589 -0.059365 0.099959 0.261302 -0.097331 0.351008 -0.173462 -0.091593 0.249982 0.387622 0.083194 0.084770 0.089743 0.143385 -0.180422 -0.166021 0.094886 0.162611 0.146508 0.041563 -0.085344 -0.151323 -0.062727 -0.024327 0.064137 0.202671 0.026478 -0.174272 -0.107627 -0.108545 0.027788 -0.172044 0.133027 -0.077989 0.152107 0.065383 -0.129084 -0.159297 -0.276469 -0.283238 -0.304541 -0.198536 -0.230492 -0.113949 -0.116303 -0.118793 -0.034616 -0.118408 0.449911 -0.166059 -0.277605 -0.149942 -0.074438 -0.245558
0.405921 0.051319 0.616792 0.534858 0.594714 0.601429 0.321536 0.028773 0.364594 0.087727 0.406537 0.341452 0.083628 0.016417 0.471781 0.364535 -0.264257 -0.194507 0.306270 -0.052393 0.375158 0.233159 0.678467 0.487420 0.401037 0.250250 1.000000 0.571454 -0.245784 -0.314191 0.104575 0.144149 -0.466279 -0.183717 0.304563 0.282790 -0.196581 -0.211481 0.387248 0.194175 -0.290514 -0.174717 -0.053138 -0.249393 -0.426790 -0.390504 -0.350949 -0.376676 -0.461658 -0.540280 0.222870 -0.318211 0.049403 0.345565 0.213845 -0.129017 -0.172381 -0.133193 0.205739 -0.080498 0.185699 -0.122755 -0.231951 -0.429923 0.348226 0.285158 -0.041673 0.104780 -0.101498 -0.188169 -0.056604 -0.233029 -0.334843 -0.173128 -0.083899 0.019718 -0.241529 -0.325434 -0.264861 -0.509043 -0.445267 -0.458994 -0.185848 0.254448 0.271214 0.199179 0.274952 0.168121 0.588599 0.332295 -0.083593 0.261310 0.229792 0.188649 -0.105727 -0.474433 -0.377684 -0.260401 -0.024762 -0.355561 -0.143002 -0.154132 0.034398 0.008642 -0.150452 0.141311 0.086878 0.251469 -0.386429 -0.418842 -0.314055 -0.375514 -0.424661 -0.246245 0.003028 -0.052923
-0.021100 -0.254579 0.379672 0.414351 0.052208 0.521133 0.000656 0.161777 -0.081076 -0.019017 0.292252 0.314519 -0.104076 0.058455 0.240745 0.399326 -0.256488 -0.166678 -0.045469 -0.280396 0.528485 0.287474 0.471409 0.522782 0.488698 0.601548 0.571454 1.000000 -0.217074 -0.143229 0.358625 0.346048 -0.462032 -0.341881 0.541084 0.139001 -0.092030 0.048071 0.458971 0.249398 0.002343 0.013087 -0.042339 -0.049286 -0.267873 -0.145056 -0.168117 -0.178152 -0.429844 -0.358814 0.493977 -0.225067 0.357766 0.230191 0.271506 0.138892 -0.374573 -0.463789 -0.225922 -0.371657 -0.142092 -0.265507 -0.033409 -0.362704 0.311968 0.224420 -0.175017 0.297086 -0.315693 -0.342232 0.205580 0.130958 -0.233321 0.009060 -0.029211 0.051200 -0.392779 -0.332791 -0.332499 -0.457418 -0.172592 -0.198434 -0.019809 0.172475 0.391158 0.613191 0.450842 0.602287 0.491316 0.426916 -0.093521 0.285734 0.147120 -0.011328 -0.037751 -0.195605 -0.111914 -0.104913 0.080970 -0.179323 -0.164165 -0.233968 -0.098465 -0.023460 -0.130234 0.014875 -0.146044 -0.063021 -0.183015 -0.254593 0.102017 -0.366182 -0.481465 -0.228879 -0.009239 -0.252173
-0.068267 -0.127250 -0.124450 -0.312767 -0.054844 -0.057254 0.218776 0.102747 0.059426 0.120046 0.238899 0.217927 0.332241 0.115042 0.226598 -0.037055 0.587912 0.499941 -0.141244 0.116262 0.250852 0.276997 -0.091164 0.030187 -0.055342 0.078220 -0.245784 -0.217074 1.000000 0.744030 0.570729 0.623277 0.483433 0.567450 0.103537 -0.125749 0.290814 -0.117964 -0.108247 -0.224326 0.361795 0.185608 -0.166390 -0.037621 -0.006445 -0.084043 0.027050 0.044279 -0.058127 -0.005800 -0.473872 -0.353646 -0.370418 -0.408200 -0.345868 -0.416271 0.054511 0.005979 -0.237574 -0.419876 0.185986 -0.010246 0.425161 0.309212 0.296090 -0.139180 -0.376981 -0.325786 -0.121767 -0.123273 0.226900 0.419263 0.764697 0.171076 0.291007 0.433472 0.151655 0.368402 0.529332 0.484062 0.403798 0.518640 0.325792 0.285365 -0.062642 -0.264644 -0.541230 -0.419821 -0.108215 -0.599226 -0.226229 -0.426348 -0.181829 -0.055988 -0.176468 -0.098216 -0.311303 -0.108599 -0.331896 -0.222058 -0.124714 -0.034110 -0.094365 -0.212085 -0.031786 -0.171211 -0.242827 -0.341169 -0.000258 -0.082900 -0.220348 0.086435 0.128227 -0.059870 -0.140777 -0.297470
-0.195940 -0.043496 -0.357739 -0.416887 -0.227246 -0.141439 -0.090086 0.045349 -0.101686 0.055716 0.100118 0.145399 0.146029 0.089406 0.068096 -0.078136 0.508123 0.501392 -0.287199 0.186642 0.213269 0.022501 -0.328477 -0.164418 -0.025530 -0.006424 -0.314191 -0.143229 0.744030 1.000000 0.450454 0.402884 0.462048 0.552128 0.031205 -0.055604 0.440193 0.145706 -0.014804 -0.170152 0.494561 0.434589 -0.282065 -0.089469 -0.074065 -0.088608 -0.109021 0.005732 -0.129106 -0.048266 -0.366569 -0.217259 -0.201964 -0.290769 -0.270354 -0.334131 0.038440 0.067027 -0.329826 -0.308698 0.084798 0.072173 0.387525 0.334333 0.055343 -0.083974 -0.266965 -0.049827 0.000839 -0.004862 0.390526 0.425413 0.853660 0.464904 0.493216 0.443961 0.339290 0.520216 0.301133 0.425817 0.315714 0.428497 0.349749 0.322049 -0.065352 -0.104160 -0.382150 -0.074549 -0.148761 -0.383990 -0.189389 -0.344640 -0.299384 -0.091890 -0.176328 0.108107 -0.212236 0.033949 -0.306056 -0.156419 -0.193786 -0.073707 -0.179647 -0.288308 -0.150412 -0.242359 -0.276674 -0.297707 0.091701 0.106849 -0.060836 0.102591 0.043672 -0.051809 -0.213922 -0.298513
-0.226437 -0.287044 0.027836 -0.188360 -0.150690 0.301238 0.004549 0.076702 -0.199856 -0.071768 0.175221 0.196164 -0.056427 -0.061821 0.105390 -0.087722 0.288082 0.246816 -0.193231 0.060772 0.613772 0.282675 0.084321 0.222031 0.457386 0.621853 0.104575 0.358625 0.570729 0.450454 1.000000 0.885486 0.287963 0.385915 0.482364 0.068576 0.146056 -0.070241 -0.013844 -0.098517 0.259663 0.210194 -0.069050 0.143476 -0.015292 -0.010398 -0.035772 0.119415 -0.279931 -0.049363 -0.214111 -0.456491 -0.189235 -0.283185 -0.324366 -0.252028 0.012881 -0.040840 -0.392789 -0.537733 -0.149955 -0.386641 0.188246 0.139615 0.259373 -0.066312 -0.329811 0.017758 -0.089688 -0.102736 0.415122 0.509012 0.515102 0.270270 0.364339 0.388213 -0.050884 0.046430 0.368762 0.284721 0.292332 0.396329 0.146285 0.084099 0.016042 -0.004980 -0.355093 -0.093815 -0.049390 -0.405443 -0.375991 -0.379233 -0.144590 -0.137624 -0.053973 -0.067980 -0.235694 -0.057255 -0.322455 -0.220086 -0.400640 -0.149692 -0.311258 -0.206109 -0.197265 -0.119744 -0.188861 -0.228923 -0.003002 -0.040135 0.027439 -0.052494 -0.169941 -0.151396 -0.163881 -0.274239
-0.171956 -0.378429 0.104241 -0.109229 -0.041112 0.313897 0.228198 0.119639 -0.062260 0.010029 0.321989 0.278079 0.198426 0.074713 0.275952 0.067027 0.275548 0.259454 -0.169293 -0.034506 0.580571 0.440239 0.210089 0.381355 0.339004 0.583676 0.144149 0.346048 0.623277 0.402884 0.885486 1.000000 0.213913 0.347895 0.456673 0.053253 0.112066 -0.078470 0.052303 -0.085564 0.222385 0.107146 -0.080359 0.079015 -0.038434 -0.055231 0.032162 0.102690 -0.257172 -0.086086 -0.268672 -0.488561 -0.208379 -0.237081 -0.218175 -0.216772 -0.085661 -0.175123 -0.322689 -0.611975 0.033728 -0.289613 0.310387 0.130853 0.408134 -0.092139 -0.488603 -0.163093 -0.249759 -0.203466 0.335623 0.484044 0.477292 0.163537 0.286846 0.458612 -0.057321 0.072777 0.334161 0.304001 0.175912 0.309118 0.239252 0.170268 0.031336 -0.045534 -0.256090 -0.158746 0.114435 -0.368386 -0.266423 -0.265799 -0.130260 -0.136262 -0.148399 -0.072274 -0.238460 -0.123955 -0.232460 -0.186430 -0.290763 -0.157983 -0.228401 -0.196051 -0.126356 -0.043454 -0.284529 -0.275340 -0.050520 -0.071334 -0.019494 -0.015815 -0.137976 -0.096977 -0.138263 -0.292622
-0.259141 0.272231 -0.516905 -0.512698 -0.318751 -0.252841 -0.230895 -0.065814 -0.232122 -0.250466 -0.291644 -0.256724 -0.007262 -0.137165 -0.336108 -0.460627 0.415440 0.279101 -0.133572 0.493893 -0.004246 -0.046233 -0.529693 -0.485299 -0.170782 -0.055081 -0.466279 -0.462032 0.483433 0.462048 0.287963 0.213913 1.000000 0.791155 -0.033078 0.037505 0.192684 0.044805 -0.241516 -0.091707 0.308144 0.173445 -0.341686 0.026188 0.114868 0.069749 0.033920 0.096980 0.176857 0.279467 -0.575880 -0.060901 -0.327782 -0.493725 -0.473769 -0.238380 0.385325 0.548926 -0.153822 0.092440 -0.133185 0.061601 0.063764 0.474253 -0.271857 -0.215367 0.079217 -0.086181 0.475210 0.474160 0.023073 0.220428 0.552547 0.167098 0.206525 0.106871 0.373510 0.421800 0.464290 0.598690 0.473718 0.531835 0.174861 -0.033383 -0.450924 -0.553714 -0.571633 -0.362144 -0.559853 -0.556167 -0.346758 -0.669458 -0.435205 -0.284434 0.078661 0.346035 0.083473 0.299647 -0.319556 -0.035124 -0.241700 0.021504 -0.285303 -0.169398 -0.138340 -0.165514 0.118017 -0.037869 0.193691 0.281322 0.079107 0.256752 0.301092 0.168869 -0.167325 0.070907
0.031615 0.436868 -0.320116 -0.373003 -0.064484 -0.053870 0.013261 -0.046207 0.021044 -0.028054 0.068764 0.039347 0.228151 -0.009207 0.016365 -0.183751 0.551420 0.406902 -0.050612 0.645970 0.199357 0.155340 -0.273790 -0.323649 -0.108826 -0.088636 -0.183717 -0.341881 0.567450 0.552128 0.385915 0.347895 0.791155 1.000000 0.094033 0.234599 0.166382 -0.078392 -0.157586 -0.134093 0.236004 0.133845 -0.523751 -0.187891 -0.230967 -0.236435 -0.257151 -0.062281 -0.229390 -0.112815 -0.608663 -0.365692 -0.482198 -0.330840 -0.366477 -0.504291 0.307509 0.579138 -0.184814 -0.130691 0.123000 0.181411 0.139268 0.366451 -0.043526 -0.021308 -0.150530 -0.168621 0.397944 0.402370 0.098519 0.217139 0.523953 0.247219 0.312341 0.324907 0.358234 0.454757 0.382837 0.527650 0.349629 0.449208 0.216946 0.172113 -0.280930 -0.498617 -0.603450 -0.428083 -0.239938 -0.473311 -0.426974 -0.607549 -0.396144 -0.207919 -0.117250 0.151397 -0.207720 0.066941 -0.441056 -0.386961 -0.296227 -0.151493 -0.226709 -0.293907 -0.202340 -0.185561 0.099022 -0.046038 -0.056071 0.073297 -0.194909 0.092370 0.061441 -0.120339 -0.308488 -0.075477
-0.088187 -0.208119 0.374359 0.146426 0.049426 0.412246 0.086242 0.235847 0.054208 0.094733 0.141254 0.046210 -0.094658 0.011451 0.028484 -0.073303 -0.066214 -0.081298 -0.017403 -0.118886 0.417993 0.357183 0.310718 0.153069 0.516761 0.597438 0.304563 0.541084 0.103537 0.031205 0.482364 0.456673 -0.033078 0.094033 1.000000 0.463406 -0.108530 -0.046713 0.251002 0.231596 0.113616 0.026221 0.038403 0.015513 -0.186587 -0.196432 -0.027292 -0.017517 -0.210765 -0.265946 0.169793 -0.237761 0.097203 0.114869 0.009839 -0.181259 -0.320540 -0.276040 -0.134956 -0.306057 0.007743 -0.068308 0.016562 -0.122955 0.264733 0.173178 -0.144014 0.137544 -0.169934 -0.105435 0.336094 0.233065 -0.012629 0.037565 0.068979 0.245922 -0.094100 0.043105 0.005104 0.033261 -0.008127 -0.014952 -0.154317 -0.096886 0.076187 0.042759 0.082740 0.254001 0.279284 -0.040073 -0.065837 -0.046224 0.157585 0.018186 -0.019258 -0.186261 -0.098699 -0.103758 -0.236575 -0.301036 -0.222928 -0.290659 -0.111531 -0.103075 -0.156546 -0.039539 -0.162207 -0.105758 -0.165266 -0.203266 0.089431 -0.254446 -0.236107 -0.108486 -0.049993 -0.108134
-0.031435 0.056471 0.102934 -0.063711 0.306607 0.224226 -0.110601 0.059618 0.268512 0.166027 -0.023564 -0.227606 0.021444 -0.081635 -0.110017 -0.080690 -0.095030 -0.123854 -0.107602 0.044195 0.223045 0.186761 0.089989 -0.129947 0.388416 0.259335 0.282790 0.139001 -0.125749 -0.055604 0.068576 0.053253 0.037505 0.234599 0.463406 1.000000 0.018405 -0.068278 0.269145 0.412686 0.132170 -0.039292 -0.090272 -0.086030 -0.236332 -0.265890 0.009746 -0.005760 -0.144461 -0.268288 0.012961 0.121512 -0.000261 0.275013 0.334227 0.018655 -0.201627 0.081911 0.020633 0.115667 0.206542 0.355540 -0.217921 -0.070207 -0.127811 0.285854 -0.009269 0.143839 0.065509 0.192544 -0.112162 -0.033020 -0.072520 0.022633 0.003979 -0.024853 0.051658 0.116225 -0.245714 0.100432 -0.111110 -0.155058 -0.289471 -0.107162 -0.225929 -0.292327 -0.032049 -0.003962 0.130044 0.078871 0.120707 0.010910 -0.026482 -0.249615 0.158357 -0.031633 0.138266 0.092161 -0.021060 -0.275246 -0.269912 -0.342926 -0.166731 -0.213505 -0.252981 -0.061889 0.076797 0.165413 -0.105774 -0.239814 0.040533 -0.213085 -0.187331 -0.183494 -0.138228 0.142557
