1.000000 0.280781 -0.113116 -0.333312 0.034809 0.054871 0.048398 -0.319977 -0.076548 -0.037345 0.473701 0.173721 0.388084 -0.014705 -0.125426 -0.147071 -0.032080 -0.144002 -0.097762 0.029420 -0.165375 -0.179904 -0.282529 -0.294941 -0.105089 -0.078544 0.079515 0.066599 0.079005 -0.117297 -0.123579 -0.176184 0.086122 0.029537 0.053741 0.006536 0.025641 -0.076609 -0.129116 -0.201598 -0.035890 -0.079297 -0.137739 -0.145779 -0.074033 -0.196282 -0.163515 -0.070214 -0.004592 -0.290450 -0.051844 -0.269959 -0.205829 -0.431123 0.042820 -0.177751 0.577595 0.190020 0.431792 0.065351 0.589940 0.125891 0.294125 0.230282 0.208053 0.010367 0.079881 0.058929 0.071179 0.103596 -0.162259 -0.114747 -0.033985 -0.038741 0.028151 0.036278 0.196495 0.021778 0.261046 0.004638 0.082329 0.081984 -0.189672 0.080585 -0.010572 0.053808 -0.205422 0.020329 0.217540 0.193485 -0.082507 -0.079906 -0.193550 -0.127856 -0.446626 -0.285552 0.028877 -0.245795 0.082926 0.018879 -0.003890 0.073346 -0.164109 -0.105578 -0.358870 -0.300401 -0.050681 -0.096125 -0.135162 0.044298 0.055264 -0.204181 -0.233953 -0.213760 -0.427509 -0.218870
0.280781 1.000000 -0.260755 -0.022544 -0.269970 -0.252109 -0.092158 0.184750 0.026884 -0.296563 0.365383 0.637689 0.270393 0.525831 -0.488569 -0.358808 0.161230 0.353743 -0.126172 0.165365 -0.563825 -0.553191 -0.230361 -0.156104 -0.420325 -0.342994 -0.292858 -0.302336 -0.092174 -0.151821 -0.205622 0.063186 0.465557 0.499695 0.006353 0.342116 -0.174616 0.141892 -0.341148 -0.376355 -0.436283 -0.368726 -0.336909 0.127745 0.016960 -0.014418 -0.296232 -0.065019 -0.025576 0.020028 -0.049773 -0.084371 -0.291319 -0.451885 -0.286474 -0.156077 0.303626 0.673529 0.209807 0.265850 0.328041 0.541245 0.459549 0.663294 0.017921 0.209973 0.167441 0.213578 0.094512 0.240950 -0.326508 -0.018651 -0.240017 -0.160854 -0.209160 -0.136470 0.281025 0.360038 0.144977 0.216452 0.158127 0.282764 -0.314295 -0.057393 0.039979 0.228788 -0.552528 -0.456691 -0.286157 -0.151120 -0.044236 -0.188493 -0.301019 -0.404565 -0.319478 -0.402571 -0.072785 -0.044891 -0.065504 -0.117674 -0.038464 0.195549 -0.027309 -0.054847 -0.141389 -0.327855 0.083950 0.062571 -0.143988 0.141580 0.332879 0.061229 -0.345574 -0.231643 -0.374454 -0.178601
-0.113116 -0.260755 1.000000 0.454183 0.550543 0.469672 0.759129 0.568570 -0.072940 0.321972 -0.101668 -0.212966 -0.108207 -0.176663 0.200898 0.293733 -0.261627 -0.432325 0.456192 -0.151860 0.032049 0.118105 0.505205 0.478612 0.432082 0.482289 0.451767 0.467817 -0.287516 -0.405552 0.030956 -0.217856 -0.422591 -0.375547 -0.101580 -0.048718 -0.366534 -0.298673 -0.295802 -0.044942 -0.022220 -0.196958 -0.457133 -0.489886 -0.400920 -0.094299 -0.493249 -0.316457 0.295343 0.032106 0.073078 -0.029665 0.148852 -0.060492 -0.334240 -0.487121 -0.317854 -0.201076 0.040151 0.124983 -0.178023 -0.173420 -0.485529 -0.542832 0.020353 -0.045735 0.045105 0.353124 -0.305733 -0.135052 0.228134 -0.116784 -0.250525 -0.262198 -0.238384 -0.380013 -0.484029 -0.337139 -0.608424 -0.591718 -0.331075 -0.510531 0.144691 0.070804 -0.289365 -0.473157 0.090675 0.119968 0.144162 -0.013065 0.306715 0.480715 0.410807 0.488025 0.259407 -0.132230 -0.557372 -0.366812 -0.501129 -0.302557 -0.149956 0.091597 0.084528 0.023842 0.047148 0.396088 0.205828 0.086498 -0.218160 -0.439023 0.001856 -0.301855 0.179142 -0.158481 0.247012 0.092714
-0.333312 -0.022544 0.454183 1.000000 0.186167 0.314487 0.233784 0.543961 -0.267750 0.008538 -0.176933 0.213329 -0.447553 -0.144043 0.340747 0.519922 0.052298 0.077607 0.435271 0.160148 0.355782 0.389971 0.661860 0.528498 0.234830 0.286673 0.420929 0.475933 0.088728 0.116206 0.246882 0.255802 -0.089041 -0.108423 -0.180651 -0.314488 -0.039109 0.046989 -0.010106 0.170595 0.005771 -0.133458 -0.115183 -0.224762 -0.339802 -0.283248 -0.030199 -0.152309 -0.156656 -0.229285 -0.055591 -0.220168 0.027313 0.171739 -0.251562 -0.041485 -0.396293 -0.345937 -0.483745 -0.422009 -0.613023 -0.350660 -0.401499 -0.453207 -0.139146 -0.212476 -0.412010 -0.225891 -0.193427 -0.508780 0.521883 0.310160 0.209451 0.143356 0.071912 0.010480 -0.095734 -0.097706 -0.291770 -0.164832 0.075477 -0.218004 0.336782 0.268907 0.105427 -0.087755 0.329332 0.344526 0.081779 -0.165209 -0.126160 -0.083452 0.091356 -0.058511 0.129264 0.161782 -0.399653 -0.215994 -0.244284 -0.324133 -0.608504 -0.372135 -0.261271 -0.282378 0.095521 0.144715 -0.126241 -0.114262 0.005588 -0.027582 -0.247312 -0.034712 0.239967 -0.048678 0.221293 -0.016325
0.034809 -0.269970 0.550543 0.186167 1.000000 0.596382 0.242296 0.029604 -0.056658 0.537510 0.026466 -0.187503 -0.092456 -0.302735 0.404410 0.374669 -0.086664 -0.319914 -0.081646 -0.214150 0.055274 0.182215 0.237579 0.221866 0.468957 0.488629 0.563811 0.527323 -0.099511 -0.173300 -0.192863 -0.365462 -0.422174 -0.448025 -0.093046 -0.114092 -0.146137 -0.039026 -0.174156 -0.075821 0.131060 -0.184447 -0.364983 -0.469615 -0.241025 -0.051105 -0.264718 -0.386819 0.298169 0.079123 0.148163 -0.008947 0.086657 -0.066116 -0.166823 -0.304853 -0.069264 -0.173867 0.119953 0.032737 -0.111531 -0.283021 -0.419971 -0.439756 0.089614 -0.233747 -0.076984 0.080774 -0.351641 -0.279686 0.157146 -0.174829 -0.071926 -0.123371 -0.112612 -0.073502 -0.342395 -0.174193 -0.221806 -0.266653 -0.206902 -0.204353 0.269881 0.303710 -0.285899 -0.365656 0.164935 0.160031 0.466508 0.047019 0.203270 0.346293 0.253027 0.367937 0.200485 0.014343 -0.209732 -0.266783 -0.369393 -0.206143 -0.120766 0.013668 -0.094577 0.062782 -0.020194 0.317941 0.173291 -0.009364 0.002110 -0.184776 -0.243255 -0.207584 0.156321 -0.008285 0.156376 0.176129
0.054871 -0.252109 0.469672 0.314487 0.596382 1.000000 0.372501 0.273742 -0.663296 -0.053675 -0.110311 -0.342564 -0.058261 -0.357117 0.375705 0.540339 -0.227441 -0.357387 0.134388 -0.259874 0.097168 0.368690 0.173013 0.236382 0.158854 0.361121 0.922968 0.857892 -0.212088 -0.378516 -0.120951 -0.314920 -0.472290 -0.511478 -0.248537 -0.191826 -0.273936 -0.355453 -0.372118 -0.064808 -0.055823 -0.226376 -0.320766 -0.278517 -0.321267 -0.236152 -0.238428 -0.060142 0.269926 -0.022040 0.050304 -0.053224 0.068264 -0.043081 -0.344648 -0.405720 -0.018603 -0.187276 0.139157 -0.075376 -0.058645 -0.329310 -0.162794 -0.463123 0.040198 -0.159448 -0.018106 0.124501 -0.229808 -0.199580 0.029557 -0.297380 -0.179780 -0.304629 -0.310199 -0.359033 -0.525849 -0.483483 -0.372296 -0.460718 -0.133369 -0.430137 0.401946 0.162748 -0.237871 -0.389696 0.270709 0.314887 0.214646 -0.278990 0.178162 0.343842 0.302807 0.375985 0.170890 0.044525 -0.359779 -0.156432 -0.170066 -0.118367 -0.172790 -0.070307 -0.038674 0.129777 0.081852 0.518016 0.353645 0.272617 0.175814 -0.206746 -0.080358 0.003147 0.346243 0.186206 0.252810 0.355574
0.048398 -0.092158 0.759129 0.233784 0.242296 0.372501 1.000000 0.661296 -0.074721 0.180515 -0.016986 -0.147002 0.164845 0.073564 0.021337 0.195786 -0.180111 -0.284065 0.368552 -0.226768 -0.093873 0.005020 0.283697 0.309844 0.113141 0.214525 0.346489 0.290801 -0.314220 -0.401254 -0.019692 -0.235881 -0.345067 -0.260366 -0.219683 0.026331 -0.293942 -0.240393 -0.267984 0.034305 -0.075243 -0.022574 -0.441400 -0.369404 -0.401516 -0.114931 -0.494507 -0.101352 0.306183 0.018543 0.056158 -0.049570 0.130037 -0.097824 -0.292842 -0.464774 -0.190139 -0.014190 0.081229 0.145579 0.041066 -0.118140 -0.121968 -0.359378 -0.152846 -0.053288 0.000344 0.354997 -0.285773 -0.001961 0.052728 -0.090587 -0.262608 -0.284624 -0.311790 -0.462257 -0.434307 -0.394843 -0.547546 -0.466505 -0.256086 -0.399453 -0.010534 -0.012519 -0.433554 -0.444579 -0.087311 -0.058548 -0.169940 -0.027971 0.399034 0.457088 0.389172 0.410948 0.024839 -0.241080 -0.540869 -0.265331 -0.301423 -0.116193 -0.136232 0.126811 0.298173 0.011991 0.088677 0.370352 0.153192 0.166345 -0.258973 -0.376153 0.225125 -0.105429 0.220131 -0.132505 0.130773 0.053139
-0.319977 0.184750 0.568570 0.543961 0.029604 0.273742 0.661296 1.000000 -0.177246 -0.017933 -0.200132 0.160377 -0.124527 0.248602 -0.124442 0.179244 -0.279918 -0.130188 0.284550 -0.183276 -0.200851 -0.087670 0.337573 0.411959 -0.068658 0.150383 0.191930 0.139015 -0.449028 -0.423658 -0.011432 -0.010726 -0.118652 -0.015553 -0.236175 0.091160 -0.419790 -0.156042 -0.387388 -0.099092 -0.287060 -0.277558 -0.378910 -0.172263 -0.262935 0.020068 -0.444332 -0.034686 0.284542 0.177078 0.093369 0.069641 0.207329 -0.060195 -0.522391 -0.425899 -0.319286 0.019694 -0.100509 0.182791 -0.226928 0.107499 -0.128085 -0.219845 -0.086313 0.219493 0.071263 0.389832 -0.225187 0.017116 0.040008 -0.001783 -0.353548 -0.361243 -0.438142 -0.532942 -0.445360 -0.227828 -0.567311 -0.384395 -0.290255 -0.396790 -0.034752 -0.015612 -0.268748 -0.221004 -0.129435 -0.106403 -0.270436 -0.182018 0.372376 0.316010 0.403184 0.247510 0.084539 -0.314374 -0.502678 -0.280818 -0.335638 -0.314927 -0.143579 0.130381 0.335117 0.041111 0.203702 0.284642 0.251811 0.215489 -0.240175 -0.363644 0.236136 -0.164401 0.157576 -0.153102 0.109120 0.043814
-0.076548 0.026884 -0.072940 -0.267750 -0.056658 -0.663296 -0.074721 -0.177246 1.000000 0.609026 0.244289 0.163046 0.124590 0.314019 -0.070935 -0.242716 0.034632 0.053794 -0.168801 -0.136621 -0.031943 -0.238277 0.050404 -0.080139 0.308213 0.062753 -0.604168 -0.601822 0.043030 0.172176 0.033426 0.048625 0.127264 0.148215 0.240771 0.141770 0.032485 0.138182 0.154937 0.026793 -0.008495 0.062501 0.060708 0.018544 0.191688 0.285359 -0.051015 -0.131483 0.106449 0.223878 0.197865 0.179920 0.051309 0.064287 0.172375 0.153055 -0.123081 0.011334 0.053457 0.241990 0.077337 0.230183 -0.177950 0.138265 0.077515 0.191766 0.107345 0.070581 0.005979 0.193441 0.034388 0.178467 0.039827 0.173984 0.177939 0.259256 0.217532 0.122947 0.110718 0.162243 -0.161646 0.125000 -0.399919 -0.110785 -0.116657 0.187605 -0.242395 -0.316460 -0.104875 0.344463 0.005091 -0.028554 -0.061081 -0.032148 -0.124846 -0.082084 0.212346 0.123290 -0.076458 0.100533 0.137857 0.135984 0.116281 -0.061570 -0.027057 -0.284132 -0.347154 -0.339667 -0.167353 0.108870 0.027435 -0.005322 -0.166934 -0.123742 -0.176170 -0.357102
-0.037345 -0.296563 0.321972 0.008538 0.537510 -0.053675 0.180515 -0.017933 0.609026 1.000000 0.179302 -0.011298 0.060508 0.006995 0.266280 0.256001 -0.018828 -0.148806 -0.069638 -0.237173 0.142134 0.014482 0.138529 -0.000266 0.498481 0.388493 -0.051471 -0.065577 0.044827 0.095938 0.069633 -0.100101 -0.227451 -0.256229 0.052976 -0.054641 0.022297 0.106638 0.134003 0.158826 0.242593 0.106427 -0.075479 -0.282871 -0.028125 0.155864 -0.133627 -0.213046 0.202799 0.143769 0.129595 0.110071 0.125042 0.107920 0.021428 -0.080636 -0.207600 -0.333002 -0.044632 0.069406 -0.141783 -0.169879 -0.472870 -0.394108 0.030684 -0.037629 -0.082025 0.003321 -0.262085 -0.121418 0.254664 0.147772 0.085286 0.172619 0.167272 0.234957 0.010932 0.017301 -0.071494 -0.079002 -0.230872 -0.148063 -0.079786 0.344297 -0.295025 -0.142531 0.062857 0.089004 0.193049 0.292969 0.168010 0.151952 0.254176 0.247422 -0.144163 -0.088783 0.007968 -0.232482 -0.239145 -0.139664 -0.005480 0.029526 0.078954 -0.047315 -0.084144 -0.122386 -0.301677 -0.466372 -0.191056 -0.137473 -0.274508 -0.270398 0.032519 -0.164648 -0.149397 -0.339474
0.473701 0.365383 -0.101668 -0.176933 0.026466 -0.110311 -0.016986 -0.200132 0.244289 0.179302 1.000000 0.482457 0.681840 0.459458 0.028952 0.047815 0.242167 0.238486 -0.156958 -0.103655 0.060826 0.006146 0.113585 -0.056877 0.192310 0.079947 -0.061015 0.034468 0.348356 0.135972 0.191561 0.227500 0.066820 0.205984 0.126219 0.231432 0.098790 0.180885 0.020244 0.117314 0.039418 -0.007159 -0.230124 -0.071473 -0.216961 -0.113207 -0.240674 -0.144668 -0.221636 -0.335992 -0.183920 -0.340831 -0.376339 -0.397752 -0.090610 -0.205084 -0.080782 0.028234 -0.031885 -0.071555 0.157264 0.039028 0.005171 0.100597 0.061877 -0.214053 -0.259766 -0.133694 -0.108148 -0.001633 0.159954 0.345648 0.148180 0.191395 0.253889 0.185568 0.378372 0.199219 0.307546 0.164736 0.237239 0.252277 -0.195527 0.269915 -0.031242 0.106352 -0.108118 -0.022061 -0.022454 0.076906 -0.190621 -0.263821 -0.316055 -0.381062 -0.426506 -0.278908 0.046759 -0.277054 -0.161969 -0.193631 -0.136188 -0.035846 -0.139666 -0.286685 -0.245577 -0.402342 -0.219979 -0.256614 -0.261030 0.059080 0.041819 -0.219366 -0.323477 -0.314039 -0.396831 -0.437942
0.173721 0.637689 -0.212966 0.213329 -0.187503 -0.342564 -0.147002 0.160377 0.163046 -0.011298 0.482457 1.000000 0.151675 0.583962 -0.201326 -0.030292 0.165292 0.452725 -0.124669 0.087326 -0.120648 -0.171297 0.083985 0.087012 -0.012491 -0.015633 -0.263413 -0.176709 0.143909 0.225706 0.173696 0.440455 0.382403 0.489747 0.118962 0.132006 0.046470 0.422537 -0.026285 -0.021836 -0.109701 -0.119530 -0.177724 0.000967 -0.017667 -0.015867 -0.178699 -0.181892 -0.290957 -0.182078 -0.220603 -0.328514 -0.354720 -0.327206 -0.365385 -0.139909 -0.006104 0.188922 -0.258433 -0.148956 -0.072743 0.232698 0.135426 0.333653 0.184632 0.168515 -0.256597 -0.059080 -0.084550 -0.105321 0.059724 0.391728 0.101425 0.168974 0.176505 0.210893 0.390062 0.478850 0.243801 0.391821 0.228082 0.409076 -0.245933 0.225665 0.070942 0.368709 -0.194381 -0.092367 -0.140483 0.036485 -0.357239 -0.504296 -0.341423 -0.507332 -0.303954 -0.316553 -0.078975 -0.299681 -0.321784 -0.419498 -0.305257 -0.082256 -0.235549 -0.449107 -0.279874 -0.522200 -0.342896 -0.250129 -0.369607 0.180155 0.033029 -0.294345 -0.429198 -0.406653 -0.417559 -0.381750
0.388084 0.270393 -0.108207 -0.447553 -0.092456 -0.058261 0.164845 -0.124527 0.124590 0.060508 0.681840 0.151675 1.000000 0.584031 -0.164648 0.056447 0.084064 0.082936 -0.196908 -0.162465 -0.169095 -0.129257 -0.192737 -0.331423 -0.086509 -0.134329 -0.099192 -0.018877 0.170932 -0.048995 0.091400 0.036072 -0.042232 0.096252 0.061242 0.260104 -0.035872 0.098224 -0.025563 0.101503 0.044048 0.087190 -0.253208 -0.057619 -0.055691 -0.060811 -0.301731 -0.017843 -0.016206 -0.109018 -0.118327 -0.098382 -0.239520 -0.294235 0.042097 -0.203148 0.006191 0.201921 0.156956 0.133099 0.420196 0.184470 0.289933 0.136547 -0.187888 -0.068018 0.007832 0.065385 -0.064718 0.227307 -0.220357 0.102113 -0.055796 -0.051954 0.027183 -0.060178 0.059719 0.040941 0.266650 0.079293 0.115561 0.125957 -0.339400 0.109196 -0.215406 -0.028330 -0.218800 -0.138328 -0.289729 0.020000 -0.097867 -0.076343 -0.125980 -0.160524 -0.282632 -0.410356 0.009192 -0.181576 -0.088532 -0.031360 0.279370 0.101163 0.077299 0.043910 -0.269435 -0.282688 -0.012432 -0.145162 -0.250484 0.044406 -0.024326 -0.139087 -0.269768 -0.203441 -0.326178 -0.220877
-0.014705 0.525831 -0.176663 -0.144043 -0.302735 -0.357117 0.073564 0.248602 0.314019 0.006995 0.459458 0.583962 0.584031 1.000000 -0.298664 -0.045862 0.167482 0.362264 -0.190510 -0.099395 -0.228174 -0.267469 0.013546 -0.015773 -0.161482 -0.169659 -0.364553 -0.308938 0.035560 0.075064 0.066856 0.260336 0.277922 0.455870 0.158256 0.469656 -0.085737 0.214555 -0.042817 0.010672 -0.162242 -0.008760 -0.260637 -0.031199 0.044152 0.138997 -0.352315 -0.150853 -0.102757 0.077339 0.026097 -0.083288 -0.164263 -0.279077 -0.211897 -0.271065 -0.123126 0.287678 -0.047941 0.169218 0.180749 0.408836 0.255441 0.347622 -0.145642 0.159636 -0.022733 0.086597 -0.040337 0.197044 -0.115613 0.273213 -0.053497 -0.012649 -0.013142 -0.039125 0.131028 0.263656 0.157166 0.257569 0.127033 0.278996 -0.402592 -0.073476 -0.129569 0.170586 -0.296665 -0.353059 -0.476325 -0.093921 -0.154327 -0.238729 -0.195392 -0.267840 -0.271863 -0.456822 -0.127170 -0.207575 -0.249082 -0.259191 0.057376 0.013483 0.053620 -0.194567 -0.203801 -0.376051 -0.127705 -0.115763 -0.333177 0.029009 0.149144 -0.148355 -0.281286 -0.309716 -0.301788 -0.336298
-0.125426 -0.488569 0.200898 0.340747 0.404410 0.375705 0.021337 -0.124442 -0.070935 0.266280 0.028952 -0.201326 -0.164648 -0.298664 1.000000 0.674020 0.141522 -0.025934 0.326353 0.081011 0.734193 0.728286 0.378176 0.279269 0.402558 0.222848 0.541523 0.563532 0.369226 0.384196 0.067370 -0.090427 -0.471384 -0.513400 -0.222995 -0.393072 0.324817 -0.079813 0.411076 0.506117 0.400864 0.309071 0.057580 -0.371884 -0.365664 -0.400313 0.045464 -0.268466 -0.161604 -0.277521 -0.032061 -0.169093 0.058404 0.258935 0.204075 -0.011956 -0.317105 -0.680862 -0.241855 -0.336640 -0.403950 -0.513261 -0.504731 -0.616663 -0.245959 -0.489995 -0.409186 -0.471346 -0.090914 -0.523211 0.501747 0.231567 0.482347 0.342226 0.340936 0.255173 -0.063662 -0.300343 -0.038607 -0.135007 0.127509 -0.169991 0.660224 0.285771 0.040782 -0.149539 0.672570 0.543896 0.313448 0.008192 -0.144578 -0.007988 0.161181 0.165070 0.137872 0.388378 -0.225518 -0.123106 -0.187687 -0.112610 -0.293003 -0.361158 -0.215796 -0.200930 0.020035 0.208664 -0.293427 -0.065052 0.227962 -0.018734 -0.555734 -0.067498 0.401974 0.245787 0.288681 0.052194
-0.147071 -0.358808 0.293733 0.519922 0.374669 0.540339 0.195786 0.179244 -0.242716 0.256001 0.047815 -0.030292 0.056447 -0.045862 0.674020 1.000000 0.052896 0.034552 0.203797 0.024999 0.560031 0.613245 0.420568 0.263004 0.351988 0.373280 0.643255 0.713246 0.340298 0.279253 0.333241 0.155019 -0.368589 -0.323044 -0.271621 -0.422456 0.151951 0.087411 0.181928 0.410478 0.354576 0.168890 -0.047211 -0.323933 -0.310647 -0.303183 -0.052518 -0.115109 -0.147754 -0.216153 -0.182149 -0.222903 -0.102020 0.258901 -0.147948 -0.126479 -0.323398 -0.524740 -0.422748 -0.472088 -0.467315 -0.515567 -0.342351 -0.666873 -0.255339 -0.370674 -0.501193 -0.378294 -0.246653 -0.420919 0.468079 0.286573 0.373026 0.256120 0.224800 0.159915 -0.127782 -0.228216 -0.029575 -0.141559 0.151951 -0.182961 0.322242 0.478287 -0.237744 -0.219477 0.479634 0.515772 -0.007815 -0.138580 -0.225093 -0.128398 0.165934 0.095195 0.058724 0.136257 -0.265011 -0.223730 -0.290586 -0.252558 -0.396834 -0.377546 -0.217286 -0.244322 -0.105930 0.042334 -0.305571 -0.278927 0.039898 0.003765 -0.538493 -0.110265 0.251175 -0.024589 0.048958 -0.033825
-0.032080 0.161230 -0.261627 0.052298 -0.086664 -0.227441 -0.180111 -0.279918 0.034632 -0.018828 0.242167 0.165292 0.084064 0.167482 0.141522 0.052896 1.000000 0.768628 0.016193 0.382115 0.208412 0.023419 -0.050831 -0.134546 -0.226784 -0.453496 -0.160583 -0.071586 0.671553 0.639978 -0.074829 0.115064 0.374023 0.337766 -0.084719 -0.033563 0.645446 0.354088 0.467956 0.282432 0.394652 0.369949 0.003168 -0.097849 -0.133243 -0.219308 0.245474 -0.094978 -0.502089 -0.316033 -0.345195 -0.374812 -0.395621 -0.092659 0.215519 0.226522 -0.082122 0.075855 -0.346375 -0.292052 -0.135952 -0.289446 0.215533 0.129807 -0.470717 -0.594191 -0.434333 -0.541937 0.201710 -0.197929 0.311625 0.273330 0.640542 0.561904 0.573116 0.462273 0.572632 0.326427 0.578801 0.524958 0.827815 0.656340 0.276996 0.182902 0.250782 -0.061700 0.241600 0.008909 -0.118820 -0.274782 -0.333402 -0.403483 -0.330184 -0.334998 -0.279174 0.303859 0.019736 0.018709 0.255184 0.102818 -0.244831 -0.377890 -0.309806 -0.295471 -0.005641 -0.220221 -0.305809 -0.195006 0.208464 0.231448 -0.232073 0.184259 0.093109 0.086702 -0.000232 -0.191625
-0.144002 0.353743 -0.432325 0.077607 -0.319914 -0.357387 -0.284065 -0.130188 0.053794 -0.148806 0.238486 0.452725 0.082936 0.362264 -0.025934 0.034552 0.768628 1.000000 -0.099497 0.326855 0.093948 -0.064103 -0.075987 -0.096827 -0.318241 -0.512528 -0.288608 -0.183413 0.586587 0.655099 0.060201 0.362914 0.514315 0.540456 -0.177557 -0.045294 0.563640 0.435537 0.331234 0.161824 0.234718 0.220154 0.016748 0.091625 -0.031320 -0.112298 0.153245 0.052943 -0.529817 -0.228623 -0.457358 -0.299185 -0.484269 -0.090765 -0.069994 0.159702 0.028046 0.276936 -0.457870 -0.266095 -0.207762 -0.103369 0.306651 0.315342 -0.360335 -0.327232 -0.400583 -0.451977 0.241370 -0.065064 0.205590 0.396321 0.551192 0.513809 0.485436 0.336433 0.552770 0.350174 0.604354 0.613568 0.789385 0.762862 0.155509 0.236381 0.158442 0.077317 0.100605 -0.132731 -0.381162 -0.397757 -0.341566 -0.508623 -0.355233 -0.487301 -0.276494 0.275374 0.088890 0.014009 0.191958 0.083653 -0.343759 -0.224427 -0.162737 -0.308680 0.040346 -0.287628 -0.363987 -0.243201 0.120181 0.285486 -0.116761 0.236167 -0.037812 0.027506 -0.114797 -0.144021
-0.097762 -0.126172 0.456192 0.435271 -0.081646 0.134388 0.368552 0.284550 -0.168801 -0.069638 -0.156958 -0.124669 -0.196908 -0.190510 0.326353 0.203797 0.016193 -0.099497 1.000000 0.449482 0.393041 0.358284 0.257162 0.295506 0.261459 0.134170 0.208921 0.273459 0.169353 0.066008 0.259210 0.047294 -0.153548 -0.233971 -0.121522 -0.246054 0.062550 -0.275113 0.136013 0.215728 0.103543 0.113017 -0.136332 -0.362928 -0.404138 -0.460086 -0.212272 -0.273422 -0.233715 -0.412822 -0.099899 -0.367452 0.013444 0.052848 -0.017153 -0.244711 -0.267070 -0.320832 -0.158923 -0.152716 -0.217112 -0.172057 -0.212097 -0.314077 -0.103702 -0.182622 -0.090303 -0.040168 0.153456 -0.172997 0.391510 0.205519 0.200047 0.139044 0.148678 -0.027925 -0.024307 -0.201206 -0.299476 -0.393886 0.101906 -0.319956 0.356406 -0.043299 0.169351 -0.164745 0.360967 0.389450 0.017930 -0.066393 -0.124052 0.057738 0.176386 0.165630 0.073370 0.225752 -0.552823 -0.093868 -0.215988 -0.186600 -0.269310 -0.134207 -0.113503 -0.227281 -0.004075 0.201177 -0.112395 -0.005407 -0.044566 -0.207531 -0.166986 -0.143301 0.288035 0.072989 0.369706 -0.069269
0.029420 0.165365 -0.151860 0.160148 -0.214150 -0.259874 -0.226768 -0.183276 -0.136621 -0.237173 -0.103655 0.087326 -0.162465 -0.099395 0.081011 0.024999 0.382115 0.326855 0.449482 1.000000 0.204660 0.131414 0.007983 0.054860 -0.120422 -0.245064 -0.190629 -0.058380 0.519220 0.434347 0.252515 0.276189 0.355465 0.300671 -0.123001 -0.206158 0.314220 0.191291 0.302426 0.113885 0.223624 0.125620 0.089885 -0.072773 -0.131661 -0.224975 0.179545 -0.146180 -0.629265 -0.403017 -0.380050 -0.391488 -0.281190 0.073966 0.084366 0.151210 0.128535 0.092139 -0.256916 -0.289531 -0.203635 0.000362 0.091547 0.158461 -0.236812 -0.332529 -0.266920 -0.398243 0.348362 -0.095185 0.258363 0.321062 0.413710 0.336030 0.286767 0.330274 0.374576 0.259466 0.305187 0.171589 0.409895 0.296363 0.187147 0.091061 0.149745 -0.017835 0.092998 0.197538 -0.105277 -0.148606 -0.339758 -0.313025 -0.251983 -0.261101 -0.056992 0.213285 -0.145278 0.100332 0.061279 0.001073 -0.242649 -0.219419 -0.368719 -0.240283 -0.068601 -0.159506 -0.201724 -0.109366 0.135998 0.239489 -0.255145 0.042534 -0.037482 0.035199 0.138298 -0.033962
-0.165375 -0.563825 0.032049 0.355782 0.055274 0.097168 -0.093873 -0.200851 -0.031943 0.142134 0.060826 -0.120648 -0.169095 -0.228174 0.734193 0.560031 0.208412 0.093948 0.393041 0.204660 1.000000 0.819553 0.481624 0.330731 0.466722 0.280771 0.320724 0.403635 0.590766 0.643369 0.460332 0.304848 -0.223000 -0.224371 -0.045756 -0.390835 0.553692 0.114297 0.653963 0.640287 0.531861 0.516434 0.274422 -0.267683 -0.322342 -0.431598 0.250959 -0.151032 -0.479844 -0.549897 -0.151819 -0.423117 -0.054417 0.259521 0.355268 0.200627 -0.440840 -0.729595 -0.574661 -0.677596 -0.509301 -0.630024 -0.430753 -0.594061 -0.208873 -0.548359 -0.657219 -0.663089 -0.036156 -0.489856 0.761707 0.579560 0.737653 0.642425 0.645760 0.528138 0.196298 -0.129963 0.125668 0.044973 0.310956 -0.015600 0.446909 0.198485 0.244999 -0.007066 0.740626 0.644691 0.281440 0.087665 -0.416784 -0.321326 -0.091968 -0.147270 0.029643 0.488747 -0.052091 -0.001686 -0.052054 -0.178770 -0.433852 -0.575641 -0.353361 -0.480327 -0.003641 0.019308 -0.497820 -0.266739 0.051491 0.121693 -0.488697 -0.075472 0.218207 0.005121 0.253279 -0.138510
-0.179904 -0.553191 0.118105 0.389971 0.182215 0.368690 0.005020 -0.087670 -0.238277 0.014482 0.006146 -0.171297 -0.129257 -0.267469 0.728286 0.613245 0.023419 -0.064103 0.358284 0.131414 0.819553 1.000000 0.480999 0.369459 0.448516 0.330401 0.495144 0.591220 0.394925 0.374709 0.362808 0.206234 -0.421260 -0.367489 -0.205005 -0.407131 0.259046 0.042308 0.395448 0.666853 0.331806 0.353621 0.136583 -0.269152 -0.340565 -0.380295 0.189206 -0.174266 -0.322702 -0.395611 -0.150118 -0.312821 0.016810 0.339873 0.141602 0.076352 -0.405390 -0.646267 -0.432265 -0.556708 -0.483942 -0.528502 -0.394081 -0.593643 -0.189015 -0.446716 -0.545179 -0.495232 -0.152258 -0.493201 0.569200 0.429330 0.478986 0.320379 0.329983 0.257518 -0.143761 -0.296298 -0.018076 -0.078233 0.130507 -0.166117 0.452209 0.127232 -0.004794 -0.197941 0.650450 0.686577 0.192721 0.013402 -0.330511 -0.134269 -0.001508 0.002819 0.250721 0.431669 -0.189236 0.030394 -0.179379 -0.158743 -0.392579 -0.504028 -0.307000 -0.325392 0.088582 0.289889 -0.239458 0.082106 0.207306 0.094229 -0.443487 -0.033826 0.342180 0.184460 0.452569 0.188367
-0.282529 -0.230361 0.505205 0.661860 0.237579 0.173013 0.283697 0.337573 0.050404 0.138529 0.113585 0.083985 -0.192737 0.013546 0.378176 0.420568 -0.050831 -0.075987 0.257162 0.007983 0.481624 0.480999 1.000000 0.739421 0.579221 0.519566 0.355224 0.430579 0.115837 0.139591 0.434856 0.360232 -0.198384 -0.069882 -0.007751 -0.124060 -0.148564 0.032403 0.027515 0.253171 0.006530 -0.090033 -0.057389 -0.191986 -0.340701 -0.102925 -0.082245 -0.207816 -0.151665 -0.179935 0.097469 -0.190741 0.076218 0.146784 -0.165642 -0.082106 -0.507168 -0.358215 -0.454971 -0.402023 -0.557701 -0.325024 -0.618721 -0.519645 -0.084805 -0.292531 -0.507838 -0.291077 -0.336548 -0.447315 0.644133 0.438568 0.194349 0.166004 0.102979 0.057104 -0.139747 -0.180703 -0.342425 -0.222383 -0.093804 -0.237195 0.167398 0.094259 -0.016183 -0.157509 0.292849 0.177406 0.095415 -0.040703 -0.088784 -0.008688 -0.031722 -0.063724 0.165440 0.090902 -0.294927 -0.163720 -0.323260 -0.238680 -0.582158 -0.408595 -0.289728 -0.295756 0.158262 0.171651 -0.172900 -0.122792 -0.094520 -0.033859 -0.073372 -0.027430 0.068288 -0.202702 0.229571 -0.052157
-0.294941 -0.156104 0.478612 0.528498 0.221866 0.236382 0.309844 0.411959 -0.080139 -0.000266 -0.056877 0.087012 -0.331423 -0.015773 0.279269 0.263004 -0.134546 -0.096827 0.295506 0.054860 0.330731 0.369459 0.739421 1.000000 0.470035 0.483515 0.317453 0.405510 -0.165964 -0.051927 0.335897 0.297519 -0.231557 -0.131442 -0.184834 -0.144620 -0.202144 -0.019435 -0.149117 0.102009 -0.055449 -0.069986 -0.207123 -0.165525 -0.374858 -0.079664 -0.248548 -0.149879 -0.011074 -0.050112 -0.013998 -0.165084 0.024168 -0.042613 -0.389896 -0.317113 -0.297893 -0.214932 -0.306783 -0.211998 -0.495142 -0.281342 -0.501102 -0.410148 0.111007 -0.136204 -0.312855 -0.022021 -0.390255 -0.308794 0.462234 0.367424 -0.041230 -0.033485 -0.118042 -0.142556 -0.244400 -0.198650 -0.484384 -0.322852 -0.203463 -0.265680 0.271430 0.016659 -0.156734 -0.207560 0.283016 0.197729 0.165001 0.075506 0.102466 0.190457 0.091401 0.094811 0.219938 0.033187 -0.436361 -0.232777 -0.420453 -0.290181 -0.431574 -0.109302 -0.012695 -0.179176 0.380712 0.425014 -0.059310 0.142210 -0.146451 -0.166626 0.170402 -0.213076 0.077340 -0.134060 0.326322 0.091513
-0.105089 -0.420325 0.432082 0.234830 0.468957 0.158854 0.113141 -0.068658 0.308213 0.498481 0.192310 -0.012491 -0.086509 -0.161482 0.402558 0.351988 -0.226784 -0.318241 0.261459 -0.120422 0.466722 0.448516 0.579221 0.470035 1.000000 0.849170 0.278548 0.361966 0.112179 0.066909 0.469538 0.228055 -0.355168 -0.324960 0.186109 -0.239296 -0.131300 0.021587 0.040385 0.175730 0.130251 0.018775 -0.095856 -0.323122 -0.271827 -0.152121 -0.191953 -0.391038 -0.031799 -0.187248 0.080513 -0.251659 -0.041062 0.005233 -0.115469 -0.208378 -0.372795 -0.440365 -0.216725 -0.247255 -0.316060 -0.288231 -0.610371 -0.485232 0.352951 -0.090975 -0.263070 -0.060079 -0.333070 -0.263569 0.461558 0.250352 0.109267 0.155232 0.207717 0.202627 -0.101089 -0.153048 -0.258081 -0.267424 -0.191356 -0.231317 0.028645 0.182915 -0.045384 0.005452 0.302148 0.318115 0.365068 0.287031 -0.213903 -0.004826 0.000807 0.074677 0.222099 0.117384 -0.204871 -0.062504 -0.510384 -0.269051 -0.299741 -0.156879 -0.269547 -0.301714 -0.067502 0.113578 -0.313894 -0.239372 -0.203238 -0.068264 -0.160872 -0.251470 -0.079697 -0.183827 0.209644 -0.102191
-0.078544 -0.342994 0.482289 0.286673 0.488629 0.361121 0.214525 0.150383 0.062753 0.388493 0.079947 -0.015633 -0.134329 -0.169659 0.222848 0.373280 -0.453496 -0.512528 0.134170 -0.245064 0.280771 0.330401 0.519566 0.483515 0.849170 1.000000 0.415525 0.424136 -0.148475 -0.222911 0.446513 0.215032 -0.380175 -0.286181 0.199988 -0.121004 -0.355052 0.017439 -0.135843 0.054449 -0.021109 -0.089998 -0.126904 -0.232842 -0.261274 -0.075702 -0.229474 -0.234199 0.103368 -0.085783 0.127194 -0.174980 0.015246 -0.012216 -0.264662 -0.290512 -0.315508 -0.383777 -0.132526 -0.228630 -0.262714 -0.234484 -0.521622 -0.477777 0.482375 0.056741 -0.202005 0.099718 -0.478293 -0.220026 0.318294 0.112164 -0.146168 -0.073661 -0.060086 0.036803 -0.239094 -0.107540 -0.469524 -0.389019 -0.402817 -0.409907 -0.114977 0.229996 -0.155609 -0.027780 0.115972 0.258032 0.373692 0.254498 -0.068909 0.074730 0.055822 0.088084 0.224923 -0.137593 -0.199367 -0.123723 -0.529976 -0.386888 -0.233995 -0.113533 -0.196469 -0.215179 -0.066974 0.135776 -0.146333 -0.143052 -0.272615 -0.152057 0.060814 -0.261595 -0.133391 -0.306632 0.111745 -0.066496
0.079515 -0.292858 0.451767 0.420929 0.563811 0.922968 0.346489 0.191930 -0.604168 -0.051471 -0.061015 -0.263413 -0.099192 -0.364553 0.541523 0.643255 -0.160583 -0.288608 0.208921 -0.190629 0.320724 0.495144 0.355224 0.317453 0.278548 0.415525 1.000000 0.933677 -0.059479 -0.168337 -0.006250 -0.221246 -0.473694 -0.500092 -0.190803 -0.237454 -0.126157 -0.272236 -0.184556 0.045278 0.039012 -0.101645 -0.236891 -0.321259 -0.372584 -0.347135 -0.217179 -0.130453 0.140408 -0.167855 0.049571 -0.159839 0.008801 -0.018481 -0.225056 -0.312520 -0.074502 -0.293208 0.003822 -0.290807 -0.142622 -0.444971 -0.265099 -0.542382 -0.016629 -0.290052 -0.234574 -0.086657 -0.254614 -0.374748 0.234490 -0.127284 0.039337 -0.082087 -0.099838 -0.171971 -0.376762 -0.451413 -0.344415 -0.430844 -0.035847 -0.376763 0.448462 0.165242 -0.128240 -0.304655 0.390268 0.389371 0.269175 -0.213424 0.010149 0.191416 0.178831 0.240660 0.159279 0.114888 -0.374915 -0.163385 -0.217100 -0.177043 -0.352609 -0.252790 -0.233316 -0.067469 -0.019969 0.399972 0.126746 0.109661 0.105698 -0.148148 -0.169414 0.053431 0.316640 0.080763 0.230685 0.255514
0.066599 -0.302336 0.467817 0.475933 0.527323 0.857892 0.290801 0.139015 -0.601822 -0.065577 0.034468 -0.176709 -0.018877 -0.308938 0.563532 0.713246 -0.071586 -0.183413 0.273459 -0.058380 0.403635 0.591220 0.430579 0.405510 0.361966 0.424136 0.933677 1.000000 0.105674 -0.049522 0.156109 -0.031515 -0.469340 -0.469559 -0.282623 -0.365903 -0.059339 -0.150029 -0.109412 0.161566 0.190379 -0.026639 -0.234324 -0.346879 -0.400346 -0.389963 -0.187135 -0.162813 -0.022096 -0.272554 -0.131981 -0.295484 -0.096816 -0.025108 -0.267927 -0.302656 -0.145452 -0.320016 -0.154357 -0.382941 -0.287311 -0.522743 -0.320785 -0.594707 -0.054325 -0.388259 -0.334434 -0.176998 -0.243484 -0.397277 0.340031 0.023024 0.128404 0.006097 0.011971 -0.094648 -0.323716 -0.375608 -0.208963 -0.384584 0.086901 -0.304090 0.499574 0.270992 -0.113388 -0.358375 0.503461 0.545621 0.248302 -0.231658 -0.121389 0.092725 0.154515 0.184476 0.222950 0.135734 -0.407976 -0.248265 -0.279462 -0.230577 -0.387247 -0.287437 -0.286285 -0.111041 -0.019687 0.356140 0.061564 0.048514 0.066846 -0.100403 -0.278515 -0.058375 0.237506 0.027608 0.239121 0.219559
0.079005 -0.092174 -0.287516 0.088728 -0.099511 -0.212088 -0.314220 -0.449028 0.043030 0.044827 0.348356 0.143909 0.170932 0.035560 0.369226 0.340298 0.671553 0.586587 0.169353 0.519220 0.590766 0.394925 0.115837 -0.165964 0.112179 -0.148475 -0.059479 0.105674 1.000000 0.860445 0.384360 0.432188 0.284863 0.288029 -0.033631 -0.303315 0.735343 0.436904 0.660993 0.435605 0.598355 0.455030 0.203186 -0.161142 -0.184764 -0.381642 0.335009 -0.173657 -0.761266 -0.643364 -0.440466 -0.578593 -0.476587 0.063711 0.300186 0.316745 -0.147992 -0.244241 -0.586274 -0.618045 -0.304193 -0.418469 0.063893 -0.093407 -0.369348 -0.683474 -0.643920 -0.762916 0.227695 -0.287944 0.545333 0.547169 0.877914 0.780379 0.812376 0.723657 0.617850 0.324273 0.721687 0.504512 0.781865 0.564826 0.206445 0.442174 0.292836 0.063070 0.383771 0.361168 -0.063062 -0.235731 -0.643663 -0.674706 -0.420276 -0.495819 -0.218986 0.403634 0.113992 0.051222 0.118606 -0.051393 -0.420675 -0.512644 -0.475711 -0.476774 -0.249775 -0.405060 -0.489693 -0.413810 0.132292 0.427762 -0.559388 0.068978 -0.062292 -0.068138 -0.030356 -0.248615
-0.117297 -0.151821 -0.405552 0.116206 -0.173300 -0.378516 -0.401254 -0.423658 0.172176 0.095938 0.135972 0.225706 -0.048995 0.075064 0.384196 0.279253 0.639978 0.655099 0.066008 0.434347 0.643369 0.374709 0.139591 -0.051927 0.066909 -0.222911 -0.168337 -0.049522 0.860445 1.000000 0.329471 0.430506 0.324250 0.309057 -0.002369 -0.279410 0.811432 0.534049 0.765375 0.494792 0.613715 0.555408 0.344084 -0.082249 -0.030341 -0.217393 0.413554 -0.108430 -0.685964 -0.463331 -0.345868 -0.426956 -0.338662 0.173675 0.378436 0.456070 -0.141772 -0.271772 -0.676302 -0.638623 -0.411401 -0.416411 -0.016589 -0.088068 -0.396196 -0.573212 -0.684514 -0.803265 0.191568 -0.353732 0.584101 0.647064 0.930209 0.884609 0.854394 0.793410 0.646348 0.376598 0.654725 0.620795 0.684986 0.597652 0.240478 0.304120 0.282567 0.144777 0.468036 0.315672 -0.036291 -0.090660 -0.595291 -0.685544 -0.404372 -0.499738 -0.185421 0.483682 0.182830 0.081476 0.135212 -0.042514 -0.419087 -0.563205 -0.405129 -0.504107 -0.153396 -0.405968 -0.605593 -0.455179 0.107808 0.439650 -0.538162 0.074357 -0.043229 -0.083523 -0.039867 -0.257421
-0.123579 -0.205622 0.030956 0.246882 -0.192863 -0.120951 -0.019692 -0.011432 0.033426 0.069633 0.191561 0.173696 0.091400 0.066856 0.067370 0.333241 -0.074829 0.060201 0.259210 0.252515 0.460332 0.362808 0.434856 0.335897 0.469538 0.446513 -0.006250 0.156109 0.384360 0.329471 1.000000 0.850477 0.043853 0.115920 0.031462 -0.254477 0.015496 0.288174 0.202428 0.325188 0.169505 0.165771 0.184437 0.091842 -0.055502 -0.086685 0.107859 0.063014 -0.437484 -0.336844 -0.366771 -0.385847 -0.293437 0.136174 -0.102347 0.109806 -0.261088 -0.293776 -0.576399 -0.555477 -0.427617 -0.274502 -0.231239 -0.306489 0.091040 -0.191751 -0.503659 -0.325332 -0.195103 -0.222783 0.413411 0.570999 0.253566 0.309040 0.277600 0.344407 0.187033 0.135963 0.000425 0.023531 0.034193 -0.035272 -0.138131 0.372160 -0.037686 0.102204 0.140217 0.366195 -0.087874 0.103991 -0.420823 -0.391446 -0.189491 -0.358578 -0.064783 0.070718 -0.044930 -0.085616 -0.238760 -0.238224 -0.358292 -0.241041 -0.223401 -0.264384 -0.005149 -0.198174 -0.459559 -0.363018 -0.215574 0.275399 -0.159358 -0.128292 -0.173193 -0.286927 0.001661 -0.182586
-0.176184 0.063186 -0.217856 0.255802 -0.365462 -0.314920 -0.235881 -0.010726 0.048625 -0.100101 0.227500 0.440455 0.036072 0.260336 -0.090427 0.155019 0.115064 0.362914 0.047294 0.276189 0.304848 0.206234 0.360232 0.297519 0.228055 0.215032 -0.221246 -0.031515 0.432188 0.430506 0.850477 1.000000 0.331950 0.455372 0.006133 -0.164355 0.104892 0.495220 0.242386 0.269878 0.164451 0.174581 0.154969 0.175382 -0.015756 -0.037488 0.168380 0.079542 -0.585304 -0.330078 -0.476035 -0.423546 -0.441634 0.028520 -0.177317 0.207232 -0.179121 -0.120102 -0.653532 -0.532581 -0.470553 -0.181190 -0.027574 -0.023977 0.037256 -0.169212 -0.510651 -0.377543 -0.087066 -0.157019 0.325684 0.616011 0.289701 0.369836 0.324507 0.395853 0.333315 0.363042 0.242903 0.322956 0.228390 0.279320 -0.135425 0.423231 0.065344 0.257595 0.035294 0.224072 -0.206212 -0.041286 -0.505967 -0.541471 -0.321011 -0.534907 -0.091646 0.078665 0.066877 -0.061733 -0.145253 -0.206021 -0.384132 -0.243116 -0.225689 -0.292089 -0.007359 -0.333054 -0.449681 -0.323984 -0.147183 0.412120 -0.082733 -0.053267 -0.282938 -0.264114 -0.101082 -0.198287
0.086122 0.465557 -0.422591 -0.089041 -0.422174 -0.472290 -0.345067 -0.118652 0.127264 -0.227451 0.066820 0.382403 -0.042232 0.277922 -0.471384 -0.368589 0.374023 0.514315 -0.153548 0.355465 -0.223000 -0.421260 -0.198384 -0.231557 -0.355168 -0.380175 -0.473694 -0.469340 0.284863 0.324250 0.043853 0.331950 1.000000 0.839375 0.303924 0.153273 0.195867 0.264627 0.057589 -0.306823 -0.066576 -0.107343 -0.064333 0.127990 0.104657 0.065271 0.087302 0.001104 -0.376808 -0.127528 -0.194953 -0.203941 -0.421642 -0.253502 -0.065572 0.218053 0.343667 0.440634 -0.156262 -0.086335 0.150563 0.216658 0.495006 0.591048 -0.043579 0.078603 0.033176 -0.037569 0.443027 0.291982 -0.131548 0.137365 0.243607 0.256023 0.238911 0.282771 0.539074 0.434163 0.469811 0.599577 0.378093 0.593240 -0.328462 -0.018406 0.185600 0.365244 -0.383190 -0.352219 -0.327587 -0.267439 -0.358275 -0.511892 -0.550811 -0.525860 -0.362516 0.052673 0.244942 0.233337 0.179661 0.051400 -0.151414 -0.062677 -0.166867 -0.197515 -0.198752 -0.478728 -0.121278 -0.204829 0.058373 0.415219 0.108062 0.143699 -0.335447 -0.134490 -0.300282 -0.223893
0.029537 0.499695 -0.375547 -0.108423 -0.448025 -0.511478 -0.260366 -0.015553 0.148215 -0.256229 0.205984 0.489747 0.096252 0.455870 -0.513400 -0.323044 0.337766 0.540456 -0.233971 0.300671 -0.224371 -0.367489 -0.069882 -0.131442 -0.324960 -0.286181 -0.500092 -0.469559 0.288029 0.309057 0.115920 0.455372 0.839375 1.000000 0.237718 0.328170 0.173070 0.429932 0.084627 -0.172013 -0.025055 -0.035649 -0.064502 0.135188 0.023846 0.135328 0.032686 0.057873 -0.473526 -0.168387 -0.356315 -0.274379 -0.528839 -0.282046 -0.159776 0.156135 0.147641 0.423318 -0.251124 -0.111371 0.050503 0.273942 0.466763 0.581509 -0.030514 0.038162 -0.139132 -0.079553 0.316462 0.269327 -0.053994 0.252549 0.205185 0.280575 0.244096 0.265027 0.512767 0.579235 0.459499 0.594074 0.391988 0.657559 -0.402608 0.034449 0.054640 0.271255 -0.413807 -0.371536 -0.409658 -0.276034 -0.330551 -0.520118 -0.506999 -0.521232 -0.321480 -0.121440 0.261476 0.148465 0.062205 -0.077083 -0.120518 -0.037961 -0.151501 -0.253284 -0.236646 -0.539687 -0.115244 -0.178289 -0.048411 0.335478 0.237388 0.134437 -0.438418 -0.272408 -0.355879 -0.224062
0.053741 0.006353 -0.101580 -0.180651 -0.093046 -0.248537 -0.219683 -0.236175 0.240771 0.052976 0.126219 0.118962 0.061242 0.158256 -0.222995 -0.271621 -0.084719 -0.177557 -0.121522 -0.123001 -0.045756 -0.205005 -0.007751 -0.184834 0.186109 0.199988 -0.190803 -0.282623 -0.033631 -0.002369 0.031462 0.006133 0.303924 0.237718 1.000000 0.559002 -0.061789 -0.080739 -0.016687 -0.259329 -0.195609 -0.108199 0.005107 0.012005 0.145185 0.150292 -0.057869 -0.279011 -0.102432 -0.119967 0.328639 -0.047632 -0.137916 -0.220943 0.179389 -0.000648 -0.045271 -0.028115 0.136667 -0.095917 0.342706 0.261869 0.106286 0.285895 0.388297 0.290047 0.132945 0.117279 0.094314 0.044247 -0.081155 0.011882 0.018943 0.064998 0.192604 0.287929 0.233206 0.231297 0.008516 0.200636 -0.090601 0.170384 -0.442563 -0.255908 0.364515 0.549322 -0.194964 -0.255542 0.177038 0.175657 -0.349789 -0.336017 -0.520156 -0.349469 -0.128860 -0.177208 0.068366 0.136812 -0.126883 -0.240872 0.072380 -0.200402 -0.387090 -0.317119 -0.464638 -0.354798 -0.079525 -0.160115 -0.204359 0.079319 0.020051 -0.162211 -0.450038 -0.275215 -0.092428 -0.260809
0.006536 0.342116 -0.048718 -0.314488 -0.114092 -0.191826 0.026331 0.091160 0.141770 -0.054641 0.231432 0.132006 0.260104 0.469656 -0.393072 -0.422456 -0.033563 -0.045294 -0.246054 -0.206158 -0.390835 -0.407131 -0.124060 -0.144620 -0.239296 -0.121004 -0.237454 -0.365903 -0.303315 -0.279410 -0.254477 -0.164355 0.153273 0.328170 0.559002 1.000000 -0.239671 -0.131390 -0.229112 -0.263990 -0.370840 -0.199610 -0.184675 0.073499 0.140942 0.406768 -0.322079 -0.095869 0.114492 0.169612 0.186312 0.161522 -0.071305 -0.281968 -0.058689 -0.220435 0.013489 0.295075 0.357371 0.324802 0.421735 0.532301 0.157401 0.420855 0.094302 0.259227 0.267649 0.327719 0.005048 0.221412 -0.254803 -0.081918 -0.310672 -0.239556 -0.208404 -0.128804 0.018814 0.201174 -0.140983 -0.007500 -0.168399 0.103479 -0.379516 -0.411306 -0.026821 0.145095 -0.439813 -0.508870 -0.106564 0.000704 0.151271 0.072889 -0.214893 -0.103040 -0.201948 -0.467967 -0.052760 -0.103009 -0.118197 -0.191997 0.268129 0.137793 0.021785 -0.050442 -0.257550 -0.196056 0.202220 0.118878 -0.233846 -0.263290 0.366518 -0.053617 -0.268617 -0.257362 -0.119976 -0.183595
