1.000000 0.386168 -0.265971 -0.083442 -0.061773 0.129205 -0.034221 -0.000279 -0.224931 0.017056 0.439548 0.161307 0.285874 0.315791 0.169098 -0.068547 0.502264 0.115899 0.500569 0.440284 -0.296711 -0.131077 -0.334345 -0.291917 -0.376078 -0.423740 0.059745 -0.135634 0.361849 0.060300 -0.311512 -0.302235 0.161351 -0.099577 -0.326729 0.072819 0.050023 -0.321184 0.055352 -0.095074 -0.046261 -0.067718 -0.157804 -0.175964 -0.125447 -0.095396 -0.156348 -0.078985 -0.108556 -0.013320 -0.254828 0.011032 -0.042702 -0.120060 -0.409879 -0.240679 0.596331 0.267576 -0.036169 0.094871 0.039635 0.331095 0.129401 0.170159 -0.340896 0.147943 -0.274664 -0.416140 0.168310 0.087040 -0.002146 -0.109510 0.190456 -0.025897 -0.037810 -0.074019 0.037373 -0.091698 0.068289 -0.295216 0.444108 0.224597 0.209353 0.272578 0.200052 -0.158006 0.291947 0.446312 -0.085949 -0.148501 -0.148317 0.050886 -0.280347 -0.075320 -0.056777 -0.124091 -0.079361 -0.113382 -0.026820 0.142402 -0.048232 0.068076 -0.005168 -0.190994 -0.028259 0.030986 0.012560 -0.215699 -0.085953 -0.044301 -0.038939 -0.044823 -0.007702 -0.107975 -0.019916 -0.132788
0.386168 1.000000 -0.593466 0.150227 -0.335366 0.364048 -0.352627 0.243869 -0.103334 0.382197 0.183675 0.603190 -0.029697 0.484559 -0.097368 0.115316 0.072472 0.132917 -0.155185 0.335980 -0.227408 -0.258163 -0.416557 -0.215211 -0.383290 -0.279486 0.049212 -0.198119 -0.044134 -0.095246 -0.549278 -0.442005 0.066525 -0.358159 -0.465095 0.043372 -0.150917 -0.202127 -0.144176 -0.039282 -0.322641 -0.056354 0.242073 0.237572 0.266608 0.324142 0.204143 0.134209 0.319885 0.220768 0.006521 0.320395 0.135744 0.114267 -0.247798 -0.131177 0.257176 0.345926 -0.158938 0.389756 -0.342375 0.394956 -0.222667 0.058583 -0.552374 0.438048 -0.259779 -0.144976 0.294439 0.017912 0.232435 0.002011 -0.160475 0.063867 0.032511 0.066333 0.049319 -0.071119 -0.294911 -0.339083 0.265825 -0.013456 -0.068282 0.025486 0.076027 0.108950 0.061748 0.203208 -0.341499 -0.252872 -0.136475 -0.075988 0.066105 -0.461689 -0.154568 -0.246826 0.084172 -0.214305 0.140475 0.030006 -0.022869 -0.193315 -0.076363 -0.306390 -0.098144 -0.184023 -0.034273 -0.273858 -0.203160 -0.161740 -0.098276 0.182850 0.134679 0.017072 -0.106458 -0.109391
-0.265971 -0.593466 1.000000 0.065725 0.477673 -0.106152 0.509288 -0.124124 0.247925 -0.203278 0.161190 -0.312091 0.047373 -0.348224 0.324394 -0.090838 -0.237275 -0.208203 0.031239 -0.115801 0.180398 0.073372 0.646560 0.398959 0.452981 0.198355 0.311950 0.443542 -0.214696 -0.270258 0.180265 0.156713 -0.260018 -0.019700 0.299399 -0.248194 -0.280943 -0.258644 -0.196158 -0.261195 0.034437 -0.234340 -0.069700 -0.023171 -0.183982 -0.154616 -0.182279 -0.084592 -0.092886 -0.158733 0.160144 -0.105858 -0.007836 -0.103536 -0.014111 0.080204 -0.441034 -0.474977 0.460522 -0.285566 0.344895 -0.208287 -0.059100 -0.249978 0.791464 -0.145170 0.245535 0.302378 -0.267613 0.081144 -0.285003 -0.218508 -0.172840 -0.326024 -0.289021 -0.233844 -0.277652 -0.264168 0.010892 0.117573 -0.254183 -0.113579 0.219399 -0.140734 0.253342 0.132627 -0.064584 0.052213 0.464424 0.248040 0.059660 0.142972 -0.019741 0.269658 0.055713 -0.033923 0.161551 -0.011268 -0.059499 -0.069556 -0.013936 0.168848 -0.162977 0.021570 0.024830 0.102802 -0.272112 0.040642 -0.054563 -0.058063 0.123524 -0.170514 -0.161623 0.045019 0.062690 -0.153969
-0.083442 0.150227 0.065725 1.000000 -0.279249 0.044090 0.038777 0.452580 -0.123189 0.370755 -0.200028 -0.053010 -0.286639 -0.278438 -0.107520 -0.054726 -0.276522 -0.075383 0.039948 0.010870 -0.226543 0.072870 -0.085465 0.402606 0.011918 0.141364 -0.187002 -0.085257 -0.045701 -0.367323 0.023062 0.131235 -0.155402 -0.177107 0.037785 -0.049323 -0.314551 -0.236023 -0.171357 0.018314 -0.173181 -0.283960 0.286399 0.191845 0.072565 0.303401 0.231463 0.252635 0.058635 0.050239 -0.084690 0.165567 0.002207 0.104517 -0.132892 0.266603 -0.190348 -0.181539 -0.124890 -0.046207 -0.275136 -0.220198 -0.203565 -0.281533 0.046767 0.128278 -0.159201 0.134431 -0.232223 -0.094841 -0.336776 -0.126758 -0.403391 -0.316522 -0.302025 -0.352141 -0.188325 -0.245079 0.065303 0.095498 0.128867 0.049601 0.065663 0.269736 -0.139367 0.483821 -0.020718 0.143539 -0.069169 -0.030533 0.000610 -0.134877 0.127940 0.045503 0.205802 -0.047796 -0.029623 0.165229 -0.032481 -0.284718 -0.051126 0.063247 -0.052870 -0.131599 0.176915 0.246501 -0.018208 -0.147098 -0.205862 0.064133 0.194378 -0.086055 -0.215839 0.111365 0.113790 0.054488
-0.061773 -0.335366 0.477673 -0.279249 1.000000 0.191413 0.245044 0.010192 0.464975 0.104292 0.220031 0.072137 0.116573 0.094112 0.198897 0.160498 -0.075224 0.049942 -0.249871 0.005349 0.187113 -0.146199 0.253852 0.052897 0.144299 -0.072943 0.316909 0.239731 -0.238768 -0.057879 -0.154102 -0.165990 -0.401403 -0.022039 0.100202 0.088260 -0.171918 -0.292515 -0.131957 -0.180766 0.027479 -0.290159 -0.347330 -0.358246 -0.265002 -0.324500 -0.425678 -0.414476 0.034263 -0.144877 0.130467 -0.046963 0.076233 -0.100202 -0.068007 -0.279349 -0.195022 -0.326743 0.572548 -0.061142 0.498273 0.064497 -0.023620 -0.079323 0.387827 0.306764 0.153572 0.241690 -0.128723 -0.059879 -0.148411 -0.216165 -0.100024 -0.277818 -0.303935 -0.168265 -0.340018 -0.359344 0.042787 0.077415 -0.076387 0.048378 0.057495 -0.229836 0.254423 0.151938 -0.172779 0.054726 0.619448 0.387017 0.211134 0.108777 0.097903 0.321665 0.014676 0.017387 -0.204054 0.061026 -0.031275 -0.012719 -0.026301 0.062023 -0.078223 0.112501 0.009541 0.115673 -0.097925 0.128771 -0.020356 0.080979 -0.264736 -0.200577 -0.106506 -0.041831 0.176488 -0.110589
0.129205 0.364048 -0.106152 0.044090 0.191413 1.000000 -0.611180 0.240799 -0.117324 0.600326 0.093396 0.202063 -0.382050 -0.031219 -0.162231 0.211344 -0.324215 -0.159786 -0.302960 0.249179 0.106446 -0.072721 -0.185737 -0.253843 0.051934 -0.110106 0.455927 0.370171 -0.341347 -0.214831 -0.518082 -0.574583 -0.354090 -0.429065 0.000765 0.047600 -0.338211 -0.379672 -0.179147 0.073979 -0.460164 -0.321913 0.147023 0.240620 0.168728 0.452903 0.075030 0.148191 0.291200 0.402075 0.160486 0.441662 -0.147389 0.129534 -0.166530 0.226725 0.254470 0.343104 0.227102 0.406077 -0.388671 -0.005082 -0.378224 -0.257790 -0.137035 0.513989 0.174257 0.489741 0.206658 0.127811 -0.030261 -0.343144 -0.481966 -0.322463 -0.472579 -0.128127 -0.350290 -0.317213 -0.027463 -0.080899 0.268888 0.053005 -0.216359 -0.330088 0.197726 0.413045 -0.260406 0.431206 -0.122125 0.051403 -0.169130 -0.233827 0.206311 -0.148286 -0.176863 0.022053 0.013732 0.098683 -0.069934 -0.055484 -0.114536 -0.177283 -0.190881 -0.418475 0.067383 0.059813 0.014534 -0.209238 -0.256446 0.080808 -0.028908 -0.002832 0.048646 -0.070893 0.073716 0.093597
-0.034221 -0.352627 0.509288 0.038777 0.245044 -0.611180 1.000000 -0.070632 0.399175 -0.326684 0.108134 -0.090107 0.372709 0.038453 0.386883 -0.001531 0.186310 0.112524 0.244740 -0.088934 -0.188633 -0.141026 0.394198 0.217094 -0.011340 0.026010 -0.173792 -0.127711 0.322707 0.114216 0.180137 0.224556 0.078947 0.404293 -0.073048 0.000885 0.079247 0.027110 -0.056388 -0.295372 0.320713 0.107147 -0.200300 -0.225406 -0.255438 -0.433178 -0.195499 -0.265795 -0.304150 -0.505588 -0.108659 -0.400048 0.160393 -0.166105 -0.096954 -0.211717 -0.308358 -0.452072 0.185402 -0.458671 0.607910 0.050628 0.176085 0.208617 0.442996 -0.207425 -0.126304 -0.378673 -0.299431 -0.224975 -0.269001 -0.165560 0.308964 0.060200 0.168181 -0.128715 0.003652 -0.133119 0.085689 0.092610 -0.161889 0.068440 0.322556 0.410690 0.161061 -0.161728 0.220328 -0.108003 0.443927 0.189790 0.033400 0.088689 -0.200810 0.044744 0.109792 -0.049673 -0.046240 -0.080006 -0.008399 -0.056813 0.010776 0.207256 -0.056331 0.180409 -0.152521 -0.199957 -0.321547 -0.098938 0.011065 -0.203751 -0.223697 -0.122807 -0.294447 -0.002069 -0.140785 -0.179592
-0.000279 0.243869 -0.124124 0.452580 0.010192 0.240799 -0.070632 1.000000 0.094494 0.703783 -0.035788 0.484112 -0.188567 0.267147 -0.272743 0.533921 -0.148180 0.121914 -0.250898 -0.149698 0.009415 -0.046392 -0.373581 -0.135979 -0.018870 0.223864 -0.269844 -0.318114 -0.071808 -0.010752 -0.058539 0.001170 -0.395050 0.004907 -0.021544 0.286542 -0.220938 -0.119223 -0.197515 -0.061535 -0.157752 -0.119109 -0.001165 -0.063086 -0.050239 0.082529 -0.082592 -0.045128 -0.160359 -0.165553 -0.246615 -0.107313 0.019068 -0.264611 -0.153697 -0.178967 -0.104668 -0.195095 -0.159373 -0.180709 0.024375 0.067843 -0.212853 -0.086525 -0.009451 0.679058 -0.108702 0.057440 -0.143683 -0.357851 -0.075408 -0.099013 -0.113552 -0.048091 -0.170719 0.005393 -0.122579 0.010789 0.094540 0.092844 0.213933 0.161326 -0.105851 0.132620 0.208276 0.527465 -0.013595 0.185112 0.006800 0.071532 -0.004233 -0.404245 0.393987 -0.098239 0.051187 -0.138369 -0.371247 0.164470 -0.313470 -0.320527 -0.115399 0.029789 0.096870 -0.096767 0.134532 0.015321 0.124924 -0.191044 -0.061322 0.088925 -0.057151 0.124729 -0.012627 0.145779 0.071715 0.014555
-0.224931 -0.103334 0.247925 -0.123189 0.464975 -0.117324 0.399175 0.094494 1.000000 0.166035 0.087572 0.312216 0.141454 0.213765 0.368264 0.325640 -0.139367 -0.047173 -0.243080 -0.215690 -0.027761 -0.182969 0.362528 0.117686 0.065094 -0.050283 -0.048777 -0.044106 -0.094452 -0.166593 -0.067738 -0.087873 -0.173709 0.017865 -0.185780 0.110086 -0.165374 -0.129729 -0.220289 -0.128412 -0.042391 -0.070029 -0.056408 -0.075575 0.044891 -0.159737 -0.110196 -0.119857 0.204817 -0.045615 0.127530 0.140357 0.024865 -0.002136 -0.112809 -0.114389 -0.356853 -0.427615 0.404500 -0.105971 0.366391 0.133331 -0.112414 -0.103028 0.244200 0.256176 -0.075254 -0.057111 -0.068189 -0.215419 -0.186664 -0.276154 -0.064132 -0.055628 0.078039 -0.061574 -0.079507 -0.183649 -0.196709 -0.027897 -0.250788 -0.229051 0.134848 0.003474 0.257692 0.080660 0.042090 -0.204553 0.406121 0.186775 0.208255 -0.008934 0.127431 0.049081 -0.028788 0.007773 -0.032011 0.013043 0.025730 0.016422 -0.195298 -0.064981 -0.002154 0.120037 -0.043775 -0.147059 -0.116331 0.000698 0.127054 -0.025095 -0.257083 0.099034 -0.162596 0.026025 -0.072439 -0.167233
0.017056 0.382197 -0.203278 0.370755 0.104292 0.600326 -0.326684 0.703783 0.166035 1.000000 -0.013694 0.440946 -0.351431 0.094596 -0.099503 0.494935 -0.305679 -0.062011 -0.364446 0.051757 -0.216309 -0.169592 -0.294993 -0.086593 -0.097153 -0.068380 0.040875 -0.081618 -0.232090 -0.266279 -0.408776 -0.404299 -0.447340 -0.405958 -0.167846 0.080090 -0.329875 -0.260053 -0.243318 -0.079458 -0.299283 -0.295956 0.171545 0.106231 0.037053 0.239365 0.107033 0.140397 0.185262 0.150657 -0.037534 0.307499 0.013117 0.137155 -0.182136 0.132127 -0.000815 0.029022 -0.041985 0.058426 -0.267645 0.003906 -0.369816 -0.212708 -0.209247 0.680572 -0.233920 0.167694 -0.035733 -0.238595 -0.165839 -0.342527 -0.413869 -0.119564 -0.232867 -0.066610 -0.114864 -0.176104 -0.047973 -0.104944 0.214586 0.047087 -0.161011 -0.071248 0.170022 0.561148 -0.154197 0.161154 -0.070602 -0.027561 0.105158 -0.236237 0.456429 -0.070142 -0.063020 -0.007330 -0.311308 0.163927 -0.016071 -0.064809 -0.194270 -0.115167 0.033669 -0.214103 0.134838 0.095103 0.092715 -0.131909 -0.233188 0.146693 -0.090204 0.150685 0.050402 -0.011138 0.177790 0.071148
0.439548 0.183675 0.161190 -0.200028 0.220031 0.093396 0.108134 -0.035788 0.087572 -0.013694 1.000000 0.310828 0.648709 0.479678 0.618465 0.073870 0.325727 -0.207389 0.262460 0.467332 0.017511 -0.185832 0.069303 0.064849 0.060742 -0.356555 0.174064 0.099725 0.030514 0.018229 -0.119803 -0.215246 -0.239284 -0.372928 -0.346374 -0.057104 -0.192534 -0.353159 -0.270787 -0.286116 -0.134129 -0.223481 -0.289462 -0.261247 -0.148612 -0.147347 -0.420445 -0.175972 0.226520 0.074527 -0.206242 -0.023306 -0.040332 -0.335472 -0.347718 -0.235855 -0.145406 -0.162706 0.151586 -0.009633 -0.009845 -0.052166 -0.280027 -0.351791 -0.136099 0.232398 -0.271861 -0.210514 0.126468 0.059188 0.202333 -0.154720 0.213905 0.033486 0.110086 0.245676 0.230518 0.122180 -0.399600 -0.258156 -0.050499 -0.313549 0.403207 0.105623 0.401952 -0.048576 0.512068 0.394103 0.177964 -0.340646 0.213410 0.509629 0.186539 0.304427 0.030212 0.026017 0.050921 0.159213 0.008360 0.383351 0.116400 0.132596 -0.063877 0.116953 -0.036023 -0.042616 0.056279 -0.003873 0.155131 0.104552 0.165573 -0.021183 0.167105 0.048230 0.019688 -0.210797
0.161307 0.603190 -0.312091 -0.053010 0.072137 0.202063 -0.090107 0.484112 0.312216 0.440946 0.310828 1.000000 0.165722 0.687996 0.022059 0.496397 0.079461 0.256945 -0.280819 0.063929 -0.064574 -0.372848 -0.248501 -0.171240 -0.308623 -0.257776 -0.043958 -0.175908 -0.067769 0.000500 -0.339509 -0.318144 -0.164578 -0.132518 -0.416809 0.143278 -0.170600 -0.149810 -0.286629 -0.271207 -0.183341 -0.104997 0.022690 0.005287 0.160957 -0.011276 -0.070534 -0.115036 0.185164 0.001413 -0.038504 0.155942 0.223264 -0.063331 -0.100241 -0.349112 -0.031383 -0.111647 -0.055422 0.070410 0.020375 0.441508 -0.160573 0.022364 -0.284933 0.676762 -0.220466 -0.110614 0.199767 -0.200046 0.173511 -0.061301 -0.025329 0.097346 0.168430 0.230812 0.051648 -0.015399 -0.377450 -0.206429 0.136927 -0.099201 0.141310 0.047662 0.429602 0.362580 0.277691 0.104780 0.006946 -0.032021 -0.023395 -0.138472 0.311005 -0.348841 -0.258504 -0.231278 -0.186189 -0.150732 -0.011300 -0.000513 -0.006137 -0.137930 0.041044 -0.033736 0.000931 -0.303366 -0.018323 -0.109379 -0.048587 -0.154191 -0.225606 0.120742 0.077468 0.093789 -0.155814 -0.170474
0.285874 -0.029697 0.047373 -0.286639 0.116573 -0.382050 0.372709 -0.188567 0.141454 -0.351431 0.648709 0.165722 1.000000 0.528632 0.531982 0.086823 0.601216 -0.088119 0.351653 0.192531 0.098435 -0.023998 0.052738 0.024296 -0.051394 -0.339862 -0.201940 -0.248024 0.392887 0.286258 0.230250 0.088366 0.010204 0.131635 -0.188277 0.144498 0.164452 -0.022297 -0.158465 -0.343331 0.283232 0.092241 -0.462803 -0.388152 -0.244532 -0.409472 -0.442702 -0.307742 -0.081749 -0.286422 -0.332692 -0.434541 0.169761 -0.435667 -0.028912 -0.391960 -0.180113 -0.229408 0.057045 -0.121829 0.338043 0.074873 0.168298 -0.057549 -0.182596 -0.094572 -0.103762 -0.457637 0.201245 0.150676 0.165143 0.086964 0.622296 0.289137 0.431324 0.265382 0.375102 0.281676 -0.253252 -0.137571 -0.054082 -0.197953 0.533209 0.411131 0.255388 -0.315402 0.683344 0.200586 0.267266 -0.252711 0.169574 0.429510 0.014503 0.191710 -0.031628 0.116357 -0.013266 -0.022530 -0.034791 0.252811 0.170264 0.117498 0.197332 0.434984 -0.148876 -0.248778 0.100037 0.063864 0.278704 0.158017 -0.006943 -0.146227 -0.056764 -0.025298 -0.168521 -0.296453
0.315791 0.484559 -0.348224 -0.278438 0.094112 -0.031219 0.038453 0.267147 0.213765 0.094596 0.479678 0.687996 0.528632 1.000000 0.080628 0.293998 0.351228 0.278165 -0.095595 0.123034 0.037850 -0.238191 -0.313701 -0.297866 -0.215924 -0.288974 -0.199689 -0.344354 0.138993 0.257680 -0.283798 -0.274180 -0.071814 0.002231 -0.397986 0.270414 0.000801 -0.062405 -0.330375 -0.262478 -0.002459 0.063651 -0.247300 -0.253158 -0.037733 -0.151246 -0.328055 -0.267385 0.015711 -0.104869 -0.194553 -0.182300 0.201874 -0.325063 -0.177709 -0.576455 -0.069963 -0.124798 0.096289 0.115102 0.258855 0.466253 0.108585 0.217577 -0.320841 0.511883 -0.168950 -0.264075 0.127690 -0.179714 0.301769 0.086970 0.349221 0.286584 0.366671 0.329197 0.181603 0.107896 -0.325716 -0.215786 0.086654 -0.067644 0.169129 0.119449 0.371181 -0.019017 0.447889 0.174601 0.183587 0.018361 0.022696 0.104632 0.127203 -0.144758 -0.152127 -0.162018 -0.207976 -0.228936 -0.016528 0.069358 0.027507 -0.032161 0.099607 0.107310 -0.198925 -0.319497 0.009239 -0.073750 -0.022495 0.019223 -0.219750 0.150466 0.118135 -0.065137 -0.218254 -0.253945
0.169098 -0.097368 0.324394 -0.107520 0.198897 -0.162231 0.386883 -0.272743 0.368264 -0.099503 0.618465 0.022059 0.531982 0.080628 1.000000 0.105935 0.133174 -0.335843 0.265600 0.354730 -0.096917 -0.102907 0.442474 0.351040 -0.100596 -0.319638 0.055500 0.083753 0.212488 -0.095339 0.017354 -0.094018 -0.199524 -0.219047 -0.287436 -0.193260 0.004718 -0.142097 -0.107046 -0.191213 0.101266 -0.083033 -0.198574 -0.170837 -0.205014 -0.273415 -0.162358 -0.090956 0.156550 -0.076462 -0.203514 -0.095283 -0.100855 -0.152815 -0.313247 -0.025911 -0.224756 -0.305759 0.200544 -0.198630 0.023268 -0.254741 -0.337185 -0.372631 0.030588 -0.106933 -0.299146 -0.278161 0.075269 0.178702 -0.009467 -0.316551 0.125099 0.057979 0.200553 0.099482 0.258824 0.036526 -0.314384 -0.186487 -0.231213 -0.344291 0.581311 0.303879 0.394923 -0.087583 0.382433 0.176461 0.315367 -0.258246 0.220019 0.452851 0.155072 0.381794 0.072304 0.160999 0.113311 0.224583 0.092504 0.406734 -0.073739 0.011326 -0.027530 0.202219 -0.120518 0.025018 -0.005572 0.065904 0.119097 0.064244 0.118087 0.068279 -0.011139 0.049211 0.061520 -0.063863
-0.068547 0.115316 -0.090838 -0.054726 0.160498 0.211344 -0.001531 0.533921 0.325640 0.494935 0.073870 0.496397 0.086823 0.293998 0.105935 1.000000 -0.048472 -0.062373 -0.269426 -0.211397 0.062134 0.002444 -0.040833 -0.198883 -0.130254 0.086781 -0.059606 -0.180264 0.023312 0.122478 0.016445 -0.024839 -0.244818 0.156000 -0.095074 0.323749 0.071239 0.125032 -0.073035 -0.112001 -0.000495 0.031339 -0.143066 -0.058082 -0.118996 -0.123002 -0.129844 -0.179903 -0.108255 -0.231790 -0.204071 -0.173740 0.073797 -0.215565 0.098889 -0.109406 -0.097254 -0.069816 -0.066155 -0.256619 0.091927 0.000308 -0.227763 -0.122409 -0.130833 0.482046 -0.011443 -0.051819 0.258163 -0.097870 0.055807 -0.154442 0.015066 0.129642 -0.004664 0.265549 0.083213 0.169539 -0.181849 -0.098708 -0.006681 -0.099431 0.020953 0.118101 0.244179 0.284214 0.037852 0.198560 0.153037 0.077148 -0.004783 -0.282077 0.471722 -0.062738 -0.199389 0.270446 -0.104776 0.037901 -0.212250 0.062584 -0.021922 0.036055 0.250882 0.177562 -0.043095 -0.305517 0.090611 -0.169789 0.036193 0.091536 -0.280637 0.267066 0.089347 0.174190 -0.201493 0.002768
0.502264 0.072472 -0.237275 -0.276522 -0.075224 -0.324215 0.186310 -0.148180 -0.139367 -0.305679 0.325727 0.079461 0.601216 0.351228 0.133174 -0.048472 1.000000 0.262957 0.466928 0.342124 0.036973 0.055533 -0.260734 -0.287224 -0.060131 -0.198521 -0.205890 -0.300196 0.587206 0.570083 0.189841 0.187826 0.193203 0.271235 -0.258545 0.253048 0.428908 0.210955 0.278145 0.010381 0.467788 0.316039 -0.523889 -0.487275 -0.292887 -0.489473 -0.415480 -0.348937 -0.332349 -0.503124 -0.427547 -0.455589 -0.106004 -0.365699 -0.002321 -0.375307 0.326742 0.142298 -0.325156 -0.225304 0.233974 0.178065 0.336864 0.237308 -0.273895 -0.216653 -0.262632 -0.557390 0.071157 -0.029069 0.248960 0.239988 0.776759 0.399563 0.438695 0.224922 0.393195 0.281393 0.150000 0.034552 0.368384 0.242892 0.323836 0.462572 0.023482 -0.481947 0.504523 0.149925 0.041787 -0.360662 0.024533 0.234028 -0.305108 -0.095525 0.032089 0.114889 -0.094699 -0.046190 -0.122022 0.240424 0.149965 0.039951 0.197934 0.195729 -0.013279 -0.140526 0.122902 0.043161 0.214379 0.139670 -0.064510 -0.193399 -0.154378 -0.112516 -0.076035 0.065693
0.115899 0.132917 -0.208203 -0.075383 0.049942 -0.159786 0.112524 0.121914 -0.047173 -0.062011 -0.207389 0.256945 -0.088119 0.278165 -0.335843 -0.062373 0.262957 1.000000 -0.047152 -0.061132 0.008458 -0.140750 -0.212238 -0.211879 -0.189611 -0.022614 -0.246246 -0.154948 0.124743 0.232586 -0.183631 0.076392 0.057565 0.261756 -0.121153 0.165140 0.014751 0.046607 0.005126 0.008416 0.199385 0.062379 -0.107273 -0.223576 -0.184601 -0.305582 -0.171890 -0.267849 -0.179907 -0.387012 0.059304 -0.149590 -0.013628 0.020119 0.013760 -0.402849 0.287787 0.013287 0.002976 -0.116018 0.319103 0.460557 0.334904 0.495426 0.089712 0.193864 -0.009651 -0.029526 -0.215285 -0.387252 -0.099728 0.068787 0.196595 -0.062962 0.074908 -0.000026 -0.158178 -0.097947 0.246363 0.192777 0.228360 0.422496 -0.140674 0.037302 0.032049 0.035185 -0.105822 -0.061115 0.219463 0.212137 -0.077130 -0.205812 -0.156418 -0.211129 0.033069 -0.140855 -0.218805 -0.165462 -0.051438 -0.136886 -0.014867 0.018573 0.064118 -0.038724 0.158344 -0.069666 -0.127079 0.043018 -0.192680 0.102738 -0.289958 -0.078975 -0.220431 -0.128818 -0.043554 0.216374
0.500569 -0.155185 0.031239 0.039948 -0.249871 -0.302960 0.244740 -0.250898 -0.243080 -0.364446 0.262460 -0.280819 0.351653 -0.095595 0.265600 -0.269426 0.466928 -0.047152 1.000000 0.317908 -0.114966 0.223067 -0.065605 0.088560 -0.171535 -0.236695 -0.196216 -0.138199 0.489831 0.149514 0.166598 0.139240 0.305656 0.082323 -0.223103 -0.029416 0.154730 -0.112431 0.142813 -0.088628 0.134500 0.033055 -0.304526 -0.320853 -0.145156 -0.233072 -0.150804 -0.145638 -0.243204 -0.139579 -0.262151 -0.186102 -0.173780 -0.072301 -0.026317 -0.075859 0.329158 0.101311 -0.077105 -0.137784 0.066436 -0.063323 0.156967 0.030169 -0.099833 -0.393190 -0.117118 -0.381029 0.069128 0.137424 -0.185708 -0.031705 0.375204 0.033539 0.104802 -0.033839 0.217310 0.058020 0.216652 0.013030 0.162413 0.087283 0.353747 0.460982 -0.036744 -0.311573 0.428946 0.291507 -0.007796 -0.167513 0.080293 0.213351 -0.288838 0.140375 0.098505 0.078582 -0.052423 0.102634 -0.056593 0.253187 -0.003550 0.405783 0.195769 0.218909 0.207866 0.071058 0.153925 0.088690 0.133489 -0.007392 0.079953 -0.238568 -0.191324 -0.040264 0.028672 0.031604
0.440284 0.335980 -0.115801 0.010870 0.005349 0.249179 -0.088934 -0.149698 -0.215690 0.051757 0.467332 0.063929 0.192531 0.123034 0.354730 -0.211397 0.342124 -0.061132 0.317908 1.000000 0.001639 -0.138520 -0.233455 0.130347 -0.188925 -0.205447 0.213388 -0.000614 0.041540 0.117067 -0.269910 -0.226157 -0.048207 -0.254443 -0.382217 -0.084314 0.032790 -0.203278 0.026029 -0.067495 0.073662 0.064699 -0.220789 -0.244999 -0.110859 -0.030386 -0.116918 -0.099625 0.135591 -0.091627 -0.239151 0.000821 -0.356901 -0.197069 -0.466402 -0.179778 0.252955 0.215783 -0.051678 0.088920 -0.369842 -0.237138 -0.339915 -0.241889 -0.376777 -0.004645 -0.277262 -0.060508 0.066077 0.216527 0.248690 -0.161850 0.084653 0.152498 0.119320 0.085159 0.212482 0.012757 -0.180011 -0.231570 0.208280 -0.042298 0.221556 0.238339 0.017134 -0.254760 0.163578 0.407966 -0.104817 -0.518176 0.230816 0.503467 -0.095278 0.095953 0.232218 0.072179 -0.040119 0.212965 0.074954 0.294511 -0.055787 -0.044512 -0.133703 -0.101302 0.145215 0.199138 0.062005 -0.126522 -0.036222 0.018135 0.205463 -0.137949 0.045712 -0.079824 0.160633 0.266030
-0.296711 -0.227408 0.180398 -0.226543 0.187113 0.106446 -0.188633 0.009415 -0.027761 -0.216309 0.017511 -0.064574 0.098435 0.037850 -0.096917 0.062134 0.036973 0.008458 -0.114966 0.001639 1.000000 0.554530 0.023977 -0.049885 0.472167 0.311695 0.127465 0.194648 -0.116166 0.328384 0.289168 0.246332 -0.172607 0.115382 0.234924 0.143453 0.135180 0.294456 0.017692 0.239887 0.070023 0.210020 -0.253495 -0.199064 -0.232314 -0.108196 -0.269887 -0.239971 -0.048607 -0.197683 -0.000746 -0.228924 -0.164803 -0.309261 0.247952 -0.101967 -0.169863 -0.137218 0.013503 -0.086705 -0.021399 -0.315141 -0.194751 -0.307309 0.218079 0.028632 0.392131 0.348056 0.232605 0.071640 0.351400 0.308047 0.191019 0.199568 0.067762 0.348385 0.104486 0.270823 -0.035230 0.341246 -0.117484 -0.124166 -0.035294 -0.124422 0.071903 -0.021979 -0.033177 0.189608 0.100090 -0.068777 0.006766 -0.013605 0.159230 0.050592 0.024698 0.160001 0.034929 0.013664 -0.307550 -0.021063 0.003048 -0.139899 -0.039745 -0.082006 0.059174 -0.169039 0.022758 0.049328 0.114529 0.200061 0.049566 -0.053068 -0.044868 -0.143678 -0.238760 0.083169
-0.131077 -0.258163 0.073372 0.072870 -0.146199 -0.072721 -0.141026 -0.046392 -0.182969 -0.169592 -0.185832 -0.372848 -0.023998 -0.238191 -0.102907 0.002444 0.055533 -0.140750 0.223067 -0.138520 0.554530 1.000000 -0.073317 -0.022882 0.306443 0.263876 -0.117141 -0.018617 0.163231 0.291078 0.399085 0.311654 0.027247 0.120885 0.146034 -0.086411 0.204056 0.217931 0.096019 0.268730 0.130694 0.159562 -0.014647 -0.047501 -0.202269 -0.011252 -0.026369 -0.052523 -0.080156 -0.114934 0.023947 -0.189476 -0.054218 -0.077546 0.278374 0.194111 -0.089040 0.090604 -0.117788 -0.021896 -0.093725 -0.285094 0.074185 -0.112892 0.064576 -0.202103 0.285648 0.119540 0.102529 0.075491 0.112327 0.297114 0.261381 0.194039 0.042953 0.198342 0.150637 0.210663 0.255099 0.488807 0.080158 0.025220 0.033846 0.074358 -0.118914 -0.150151 0.024195 0.180097 -0.090878 -0.177645 -0.110783 -0.098502 -0.041500 0.041157 -0.084609 0.245982 0.049453 -0.092643 -0.368917 -0.053844 0.032713 0.056370 0.036401 -0.101078 -0.062795 -0.098040 -0.031399 -0.027082 -0.078701 0.148953 0.040142 0.001132 -0.255602 -0.128743 -0.211489 -0.081749
-0.334345 -0.416557 0.646560 -0.085465 0.253852 -0.185737 0.394198 -0.373581 0.362528 -0.294993 0.069303 -0.248501 0.052738 -0.313701 0.442474 -0.040833 -0.260734 -0.212238 -0.065605 -0.233455 0.023977 -0.073317 1.000000 0.481476 0.256927 0.011133 0.157479 0.453396 -0.084172 -0.257774 0.143455 0.094188 -0.112334 -0.030243 0.210066 -0.229468 -0.252179 -0.077242 -0.192332 -0.054857 -0.078640 -0.252570 0.138060 0.241684 0.091106 -0.019860 0.126110 0.146969 0.136772 0.063818 0.236939 0.079461 0.057303 0.197287 0.052134 0.284242 -0.343813 -0.387313 0.312199 -0.298327 0.146770 -0.181554 -0.182420 -0.296336 0.488455 -0.277865 -0.059971 0.074161 -0.037801 0.183165 -0.192590 -0.157313 -0.220380 -0.249104 -0.220890 -0.200177 -0.244019 -0.280188 -0.205468 -0.012371 -0.411867 -0.235418 0.240249 -0.102503 0.234698 0.118041 0.059398 -0.035058 0.352963 0.212536 -0.011486 0.132638 0.019755 0.199536 0.067161 0.029546 0.363375 0.027318 0.191996 0.039668 -0.163383 -0.040303 -0.231564 0.111796 -0.130100 -0.022064 -0.227309 0.192350 0.046866 -0.044604 0.001225 0.022889 -0.142732 0.010012 -0.036478 -0.137406
-0.291917 -0.215211 0.398959 0.402606 0.052897 -0.253843 0.217094 -0.135979 0.117686 -0.086593 0.064849 -0.171240 0.024296 -0.297866 0.351040 -0.198883 -0.287224 -0.211879 0.088560 0.130347 -0.049885 -0.022882 0.481476 1.000000 0.044061 0.014617 -0.066050 0.081877 -0.219492 -0.442273 0.190148 0.263472 -0.203505 -0.241866 0.015897 -0.332999 -0.327539 -0.213909 -0.193781 -0.114033 -0.054791 -0.269229 0.037486 -0.055351 -0.147221 -0.055747 0.051825 0.015659 0.255442 0.045958 0.066422 0.149362 0.062029 0.141007 -0.093138 0.189157 -0.419202 -0.481522 0.091416 -0.223398 -0.156471 -0.395189 -0.249213 -0.470742 0.106296 -0.246374 -0.220673 0.163290 -0.193655 0.245674 -0.080179 0.105340 -0.320730 -0.224166 -0.141910 -0.263354 -0.043662 -0.110669 -0.249429 -0.039185 -0.389987 -0.366270 0.249791 0.086350 -0.115174 0.192310 0.000019 -0.058937 0.160467 -0.150127 0.364684 0.488631 0.142390 0.421353 0.434174 0.002081 0.056749 0.271703 0.195453 -0.014554 -0.024433 0.018192 -0.104174 0.272988 0.088838 0.463290 0.169639 0.341093 -0.050379 0.063566 0.332084 -0.269901 -0.154769 -0.000799 0.340538 0.084634
-0.376078 -0.383290 0.452981 0.011918 0.144299 0.051934 -0.011340 -0.018870 0.065094 -0.097153 0.060742 -0.308623 -0.051394 -0.215924 -0.100596 -0.130254 -0.060131 -0.189611 -0.171535 -0.188925 0.472167 0.306443 0.256927 0.044061 1.000000 0.470876 0.206375 0.426860 -0.186790 0.032330 0.279446 0.337728 -0.274518 -0.011770 0.337014 0.084841 -0.042989 0.109282 0.042756 0.291829 0.123888 -0.070091 -0.068512 0.012600 -0.158089 0.081410 -0.247424 0.036508 -0.001706 0.042209 -0.006871 -0.014567 -0.115294 -0.134013 0.266671 0.229604 -0.418393 -0.165192 -0.025560 -0.290887 -0.046776 -0.362863 -0.134373 -0.307482 0.503168 -0.077662 0.139705 0.268520 -0.288653 -0.172117 0.059948 0.125794 0.047889 -0.106994 -0.113772 0.149633 0.004797 0.165640 0.085672 0.354579 -0.173269 -0.105416 -0.006094 -0.186905 -0.063945 0.020052 -0.018927 -0.033122 0.153550 -0.051655 -0.005953 -0.000085 0.128350 0.116744 0.162578 0.296736 0.196450 0.158083 -0.212428 -0.119422 0.003641 -0.125109 -0.160395 -0.186462 0.085374 -0.111247 -0.161972 -0.002630 0.172766 0.282119 0.150830 -0.111853 -0.070542 -0.114323 -0.131301 0.096116
-0.423740 -0.279486 0.198355 0.141364 -0.072943 -0.110106 0.026010 0.223864 -0.050283 -0.068380 -0.356555 -0.257776 -0.339862 -0.288974 -0.319638 0.086781 -0.198521 -0.022614 -0.236695 -0.205447 0.311695 0.263876 0.011133 0.014617 0.470876 1.000000 -0.124203 -0.043283 -0.106715 0.215404 0.442734 0.563039 -0.047787 0.326397 0.362450 0.153552 0.076221 0.245662 0.210026 0.200598 0.158784 0.169589 0.044502 0.079809 -0.036049 0.086674 0.037882 0.014392 -0.078493 -0.220765 0.060730 -0.154137 -0.148125 -0.108437 0.265780 0.141554 -0.261726 -0.174203 -0.267776 -0.317102 -0.130283 -0.374698 -0.135122 -0.115336 0.353853 -0.092596 0.123750 0.171305 -0.320472 -0.285609 0.163140 0.245249 0.019093 0.073944 -0.122435 0.230831 0.027744 0.267637 0.044033 0.247574 -0.301000 -0.143701 -0.391329 -0.208343 -0.241104 -0.059469 -0.357343 -0.162937 -0.074828 -0.016339 0.006364 -0.240869 0.036895 -0.008148 0.193495 0.209882 0.075201 0.225813 -0.173624 -0.133439 -0.067774 -0.103543 -0.080626 -0.147531 0.094835 -0.063503 -0.055013 -0.230062 0.153596 0.023788 0.133014 0.131456 0.097365 0.153489 -0.078770 0.219021
0.059745 0.049212 0.311950 -0.187002 0.316909 0.455927 -0.173792 -0.269844 -0.048777 0.040875 0.174064 -0.043958 -0.201940 -0.199689 0.055500 -0.059606 -0.205890 -0.246246 -0.196216 0.213388 0.127465 -0.117141 0.157479 -0.066050 0.206375 -0.124203 1.000000 0.698229 -0.468889 -0.319975 -0.269951 -0.273604 -0.087485 -0.321269 0.103595 -0.083803 -0.187440 -0.152373 0.062188 0.059503 -0.184535 -0.220183 0.150355 0.199749 0.061629 0.248705 -0.043514 0.083416 0.148011 0.269344 0.093677 0.265433 -0.097038 0.060584 -0.052529 0.170404 0.044166 0.177628 0.241493 0.168751 -0.207820 -0.104402 -0.310891 -0.273007 0.188646 0.102388 0.187823 0.421071 0.178873 0.201409 0.040662 -0.219539 -0.396062 -0.273160 -0.316593 -0.046115 -0.138031 -0.161202 -0.213480 -0.163130 -0.101557 -0.160598 -0.136772 -0.419667 0.002185 0.027329 -0.264092 0.199905 0.051081 0.095665 -0.000429 0.066213 0.059540 -0.026273 -0.103548 -0.055515 0.211278 -0.109401 0.128975 0.203899 0.221299 -0.057389 -0.183244 -0.308991 0.064857 -0.004303 -0.214149 -0.200973 -0.099275 -0.031369 0.142591 0.020786 0.216747 -0.123783 0.027603 0.010430
-0.135634 -0.198119 0.443542 -0.085257 0.239731 0.370171 -0.127711 -0.318114 -0.044106 -0.081618 0.099725 -0.175908 -0.248024 -0.344354 0.083753 -0.180264 -0.300196 -0.154948 -0.138199 -0.000614 0.194648 -0.018617 0.453396 0.081877 0.426860 -0.043283 0.698229 1.000000 -0.271792 -0.331781 -0.081885 -0.131792 -0.244572 -0.244414 0.154784 -0.276545 -0.306563 -0.185237 0.045074 0.164904 -0.283331 -0.429839 0.193129 0.321247 0.206856 0.345880 0.052350 0.307052 0.133117 0.366098 0.118180 0.278995 -0.163594 0.196291 0.084945 0.448846 0.025471 0.087355 0.260338 0.034160 -0.176839 -0.157941 -0.171402 -0.250331 0.411673 -0.076381 0.149965 0.426871 0.118708 0.233200 -0.135821 -0.216200 -0.413413 -0.434104 -0.448802 -0.193886 -0.310118 -0.320873 -0.135123 0.055863 -0.119130 -0.144712 0.113903 -0.323358 0.207365 0.214853 -0.019039 0.261382 0.101749 0.223740 -0.232477 -0.064112 0.075324 0.021904 -0.177029 -0.013938 0.387357 -0.031424 0.182306 0.104753 0.107508 -0.177819 -0.199803 -0.230715 0.162955 -0.024689 -0.235222 -0.008087 -0.111549 -0.049834 0.098341 0.026791 0.066086 0.008125 -0.052785 0.032197
0.361849 -0.044134 -0.214696 -0.045701 -0.238768 -0.341347 0.322707 -0.071808 -0.094452 -0.232090 0.030514 -0.067769 0.392887 0.138993 0.212488 0.023312 0.587206 0.124743 0.489831 0.041540 -0.116166 0.163231 -0.084172 -0.219492 -0.186790 -0.106715 -0.468889 -0.271792 1.000000 0.536580 0.295064 0.194533 0.225583 0.508284 -0.121685 0.118559 0.475329 0.289584 0.255228 0.030666 0.473124 0.341143 -0.344372 -0.219872 -0.182486 -0.263893 -0.083667 -0.177520 -0.443377 -0.464793 -0.399817 -0.448239 -0.029766 -0.143903 0.043529 -0.060702 0.251663 -0.055115 -0.322040 -0.241646 0.216883 0.037095 0.342742 0.308614 -0.123255 -0.256229 -0.232116 -0.615470 0.030666 -0.058708 -0.031442 0.190758 0.649091 0.342709 0.348219 0.101990 0.332607 0.097016 0.287675 0.052022 0.230380 0.252764 0.423550 0.707122 0.249435 -0.208593 0.516318 0.218229 -0.006321 -0.042947 -0.296436 -0.152271 -0.280835 -0.222329 -0.101023 0.158715 -0.091428 -0.057638 -0.032724 0.036445 -0.001961 -0.151621 0.156218 0.041287 -0.289949 -0.326763 -0.066970 -0.180387 -0.011303 -0.064917 -0.303508 -0.043417 -0.365708 -0.083529 -0.281556 0.017295
0.060300 -0.095246 -0.270258 -0.367323 -0.057879 -0.214831 0.114216 -0.010752 -0.166593 -0.266279 0.018229 0.000500 0.286258 0.257680 -0.095339 0.122478 0.570083 0.232586 0.149514 0.117067 0.328384 0.291078 -0.257774 -0.442273 0.032330 0.215404 -0.319975 -0.331781 0.536580 1.000000 0.304806 0.257147 0.222460 0.540735 0.006083 0.341239 0.618890 0.513820 0.200551 0.092992 0.477217 0.621506 -0.392378 -0.327681 -0.248092 -0.391785 -0.254782 -0.371163 -0.377756 -0.555568 -0.236416 -0.533721 -0.144717 -0.314550 0.131142 -0.352728 0.136888 0.098518 -0.375136 -0.257528 0.131467 -0.075226 0.159624 0.285333 -0.180676 -0.130784 -0.071181 -0.396357 0.025071 -0.242936 0.421810 0.331765 0.763758 0.670307 0.484909 0.537000 0.389219 0.358374 0.265287 0.201354 0.141729 0.234898 -0.005783 0.318573 -0.024628 -0.367744 0.264172 0.074408 -0.060842 -0.192202 -0.101598 -0.010782 -0.152439 -0.148723 -0.035980 0.224520 -0.180464 -0.057531 -0.251748 0.024584 -0.021107 -0.055112 -0.023602 0.075786 -0.252918 -0.372881 0.009160 -0.129891 0.147477 -0.007364 -0.261046 0.016365 -0.101475 -0.139395 -0.268874 0.115640
-0.311512 -0.549278 0.180265 0.023062 -0.154102 -0.518082 0.180137 -0.058539 -0.067738 -0.408776 -0.119803 -0.339509 0.230250 -0.283798 0.017354 0.016445 0.189841 -0.183631 0.166598 -0.269910 0.289168 0.399085 0.143455 0.190148 0.279446 0.442734 -0.269951 -0.081885 0.295064 0.304806 1.000000 0.840011 0.033033 0.503355 0.301351 0.006630 0.286045 0.338358 0.288663 0.177090 0.380423 0.250814 -0.241186 -0.198041 -0.238453 -0.287989 -0.160079 -0.109588 -0.335474 -0.352874 -0.272276 -0.493314 -0.172277 -0.286779 0.362549 0.089039 -0.219975 -0.265807 -0.306983 -0.305507 0.086283 -0.382008 0.143211 -0.169486 0.160008 -0.420869 0.043310 -0.121185 -0.093874 0.035673 0.090068 0.455511 0.406727 0.168648 0.171625 0.238483 0.325691 0.411610 0.042591 0.243853 -0.248312 -0.190668 0.126220 0.229027 -0.231760 -0.234653 0.182259 -0.074507 0.011516 -0.119301 0.081249 0.064330 -0.019448 0.254748 0.133410 0.323624 0.074873 0.232046 -0.126493 0.086458 0.236171 0.075929 0.228449 0.395850 0.090761 -0.032068 0.187317 0.126061 0.353875 0.127441 0.207924 -0.163765 -0.183177 0.183493 -0.017722 0.037335
-0.302235 -0.442005 0.156713 0.131235 -0.165990 -0.574583 0.224556 0.001170 -0.087873 -0.404299 -0.215246 -0.318144 0.088366 -0.274180 -0.094018 -0.024839 0.187826 0.076392 0.139240 -0.226157 0.246332 0.311654 0.094188 0.263472 0.337728 0.563039 -0.273604 -0.131792 0.194533 0.257147 0.840011 1.000000 0.102038 0.514052 0.202838 0.117301 0.264338 0.360010 0.288542 0.250202 0.453748 0.259816 -0.246886 -0.313721 -0.347775 -0.349344 -0.251193 -0.261866 -0.366612 -0.454539 -0.291658 -0.469126 -0.146604 -0.282014 0.353230 -0.072521 -0.204796 -0.212708 -0.370443 -0.408805 0.074009 -0.333950 0.110047 -0.078097 0.191632 -0.409003 0.006319 -0.105936 -0.282435 -0.117713 0.080305 0.446573 0.351215 0.086278 0.158364 0.184326 0.288101 0.416320 0.121153 0.271949 -0.259138 -0.081905 0.040018 0.214971 -0.339915 -0.211282 0.038459 -0.188480 0.091213 -0.122925 0.180553 0.054728 0.008917 0.209081 0.334808 0.326345 -0.016035 0.234559 -0.086822 0.042514 0.245573 0.109371 0.290567 0.354851 0.195061 0.051316 0.130698 0.142715 0.290411 0.138365 0.162127 -0.197275 -0.163291 0.209701 0.027207 0.191295
0.161351 0.066525 -0.260018 -0.155402 -0.401403 -0.354090 0.078947 -0.395050 -0.173709 -0.447340 -0.239284 -0.164578 0.010204 -0.071814 -0.199524 -0.244818 0.193203 0.057565 0.305656 -0.048207 -0.172607 0.027247 -0.112334 -0.203505 -0.274518 -0.047787 -0.087485 -0.244572 0.225583 0.222460 0.033033 0.102038 1.000000 0.360323 -0.035147 -0.084857 0.336624 0.320620 0.166322 -0.133450 0.150056 0.332014 0.129098 0.122537 0.183456 -0.045688 0.217097 -0.046732 -0.149984 -0.054038 0.262672 -0.011407 0.179181 0.154963 0.081602 -0.165626 0.259244 0.219881 -0.236723 0.102960 0.072885 0.128776 0.329249 0.363331 -0.169098 -0.416230 0.128575 -0.317901 0.222708 0.059273 0.076603 0.278482 0.202297 0.283860 0.295491 0.068865 0.190416 0.151609 -0.017898 -0.256275 -0.043683 0.069857 -0.227382 -0.015279 -0.390279 -0.392956 -0.048343 -0.302680 -0.368396 -0.081773 -0.107650 -0.050287 -0.335270 -0.304118 -0.104084 -0.097649 0.031603 -0.420388 -0.036182 0.018743 0.011447 0.115357 0.093379 0.006034 -0.109862 -0.177234 -0.012457 -0.110279 -0.003734 -0.412337 -0.064007 0.053371 0.031208 0.034266 -0.259129 -0.151929
-0.099577 -0.358159 -0.019700 -0.177107 -0.022039 -0.429065 0.404293 0.004907 0.017865 -0.405958 -0.372928 -0.132518 0.131635 0.002231 -0.219047 0.156000 0.271235 0.261756 0.082323 -0.254443 0.115382 0.120885 -0.030243 -0.241866 -0.011770 0.326397 -0.321269 -0.244414 0.508284 0.540735 0.503355 0.514052 0.360323 1.000000 0.269754 0.259898 0.515299 0.434029 0.332677 0.079346 0.600001 0.450023 -0.260738 -0.196039 -0.202699 -0.303833 -0.125636 -0.301962 -0.651307 -0.594045 -0.232540 -0.662192 0.032268 -0.317481 0.200072 -0.305315 0.072491 -0.065075 -0.183472 -0.329579 0.478763 0.053952 0.438814 0.440077 0.186614 -0.229971 0.234050 -0.215474 -0.116923 -0.067308 -0.061772 0.282152 0.507438 0.188837 0.200959 0.062876 0.051910 0.147014 0.331058 0.164399 0.045881 0.329235 0.067908 0.384863 -0.122639 -0.261178 0.018924 -0.091657 0.114690 0.230821 -0.337507 -0.378739 -0.314592 -0.230106 0.000506 0.193213 -0.135456 -0.150938 -0.310671 -0.343580 0.069046 -0.052753 0.179918 0.138703 -0.151855 -0.305573 -0.089124 -0.206743 0.090947 -0.152391 -0.276228 -0.156245 -0.327927 0.001198 -0.272911 0.104032
-0.326729 -0.465095 0.299399 0.037785 0.100202 0.000765 -0.073048 -0.021544 -0.185780 -0.167846 -0.346374 -0.416809 -0.188277 -0.397986 -0.287436 -0.095074 -0.258545 -0.121153 -0.223103 -0.382217 0.234924 0.146034 0.210066 0.015897 0.337014 0.362450 0.103595 0.154784 -0.121685 0.006083 0.301351 0.202838 -0.035147 0.269754 1.000000 0.308839 0.141942 0.188633 0.284281 0.293646 0.156598 0.118082 -0.059674 0.090914 -0.100653 0.150972 0.008497 -0.017574 -0.212928 -0.026275 0.003723 -0.168572 -0.154536 -0.158822 0.185543 0.140453 -0.145562 -0.173766 0.070555 -0.204663 0.086763 -0.203372 0.034707 -0.116211 0.417412 -0.144789 0.351117 0.380464 -0.237242 0.154751 -0.080370 0.180030 -0.110713 -0.170444 -0.322529 -0.073994 -0.252614 0.052456 0.296353 0.067408 -0.177101 0.127519 -0.265336 -0.201507 -0.172744 0.078829 -0.338142 -0.004461 0.164718 0.303355 -0.144998 -0.229479 -0.012985 0.106592 0.262291 0.144005 0.162204 0.089354 -0.265387 -0.437162 -0.024179 -0.039365 -0.203980 -0.102938 -0.187850 0.166212 0.073969 -0.064433 0.128018 0.256724 0.219255 -0.170094 -0.046743 -0.350303 0.090298 0.113232
0.072819 0.043372 -0.248194 -0.049323 0.088260 0.047600 0.000885 0.286542 0.110086 0.080090 -0.057104 0.143278 0.144498 0.270414 -0.193260 0.323749 0.253048 0.165140 -0.029416 -0.084314 0.143453 -0.086411 -0.229468 -0.332999 0.084841 0.153552 -0.083803 -0.276545 0.118559 0.341239 0.006630 0.117301 -0.084857 0.259898 0.308839 1.000000 0.319563 0.193868 0.213644 0.257290 0.241498 0.339236 -0.381400 -0.334213 -0.183073 -0.144913 -0.339744 -0.398862 -0.255428 -0.271404 -0.453696 -0.241919 -0.296688 -0.400693 0.098412 -0.274832 0.117481 0.021303 -0.071173 -0.199704 0.077131 0.053190 -0.111496 0.014202 -0.087714 0.258653 -0.015830 -0.098868 -0.127542 -0.253194 0.139264 -0.019832 0.273332 0.129324 0.098112 0.212058 0.085333 0.212788 0.242317 0.099805 0.103468 0.214974 -0.136154 0.178068 -0.070136 -0.011791 0.040255 0.142843 0.227821 0.136626 0.102365 -0.191019 0.187177 -0.042927 0.262688 0.265836 -0.138898 0.277018 -0.185366 -0.078016 0.014845 0.081325 0.057115 0.111120 -0.070940 -0.180436 0.152224 -0.113932 0.235645 0.450167 -0.192608 -0.017085 0.015502 -0.275991 -0.112447 0.254778
