1.000000 0.266622 0.285790 -0.220665 0.115909 -0.175034 0.270334 -0.231464 0.206941 -0.165981 0.442735 0.023399 0.459438 0.129148 0.239602 0.008800 0.163805 0.000190 0.275535 0.196704 -0.280043 -0.419049 0.110561 -0.204924 -0.092345 -0.317793 0.044152 -0.098330 -0.100273 -0.224207 -0.253026 -0.470913 -0.063089 -0.268772 -0.087112 -0.099902 -0.044038 -0.201150 -0.084831 -0.364329 -0.183444 -0.245357 -0.204200 -0.157332 -0.183839 -0.259730 -0.299170 0.106961 0.166977 -0.292874 -0.274149 -0.237724 0.105223 -0.219669 0.093753 0.026930 0.326983 0.044595 0.366337 -0.136476 0.450802 0.084983 0.041534 0.011949 0.379371 -0.212999 -0.152100 -0.074942 0.242619 0.203123 -0.117417 -0.229686 -0.215465 -0.363514 -0.314221 -0.315795 0.152514 0.034988 -0.270415 -0.177717 0.013859 -0.064662 0.274754 0.234806 0.209882 0.142739 -0.048987 0.238967 0.157401 -0.059366 0.125433 0.264215 0.113108 0.175683 -0.051298 -0.359098 0.011774 -0.029022 -0.010274 0.105199 0.246061 0.115536 -0.097052 -0.075919 0.012844 0.024815 -0.068488 0.036431 0.037674 0.055932 0.167590 0.237402 0.018636 -0.068904 -0.226636 -0.190856
0.266622 1.000000 -0.583074 -0.151389 -0.205789 -0.045075 -0.262690 0.094194 -0.170959 0.305249 0.142097 0.540506 -0.112459 0.450203 -0.306837 0.310439 0.319631 0.328196 -0.258024 0.454640 -0.076902 -0.307431 -0.697814 -0.553573 -0.468211 -0.586909 -0.273883 -0.371540 -0.002717 0.233439 -0.638828 -0.689864 0.138046 -0.117782 -0.429905 -0.453955 -0.101639 0.127800 -0.053239 -0.046299 -0.034046 -0.076704 -0.593258 -0.555622 -0.495153 -0.457020 -0.137026 -0.267184 -0.215859 -0.036478 0.003366 0.035443 0.350862 0.040396 0.362004 0.139249 0.489926 0.441222 0.076009 0.503481 0.267881 0.569840 0.494078 0.596091 -0.037850 0.090169 -0.033545 -0.222092 0.334884 0.058866 -0.373116 -0.164457 0.085744 0.025523 -0.138055 -0.001749 0.155627 0.231751 0.163897 0.055989 0.145072 0.254649 -0.153994 0.284970 -0.254387 0.482304 0.123176 0.213723 -0.292582 -0.063710 0.291871 0.070333 0.133627 -0.194326 -0.030025 -0.015352 -0.119533 0.040185 0.339962 0.286196 0.210519 0.101568 0.279163 0.003019 0.006179 -0.126721 -0.108836 0.137770 0.031668 0.143685 -0.322380 0.196929 0.148402 -0.203333 -0.490903 -0.083623
0.285790 -0.583074 1.000000 0.066439 0.155891 -0.301088 0.591588 -0.067717 0.255748 -0.417189 0.218437 -0.387528 0.431755 -0.366764 0.365956 -0.300302 -0.288700 -0.466370 0.587918 -0.089322 -0.047502 -0.206097 0.771109 0.327679 0.290650 0.308918 0.170344 0.147213 -0.171165 -0.340759 0.538576 0.327062 0.065323 0.133762 0.350330 0.412555 -0.122782 -0.249106 -0.080570 -0.268670 -0.058957 -0.178836 0.276711 0.310391 0.177773 0.221777 -0.179393 0.276264 0.450477 -0.269400 -0.128835 -0.296239 -0.385896 -0.102261 -0.403357 -0.165132 -0.301075 -0.378297 0.038810 -0.602558 0.015168 -0.469577 -0.517837 -0.538890 0.364894 -0.065215 0.030445 0.225848 -0.078210 0.074311 0.334291 0.095234 -0.189396 -0.091040 0.017065 0.064061 0.065275 0.058581 -0.471381 -0.234383 -0.347605 -0.428658 0.189027 -0.201454 0.240285 -0.165411 -0.050699 -0.007472 0.420423 0.118085 -0.204744 -0.004800 -0.073770 0.172346 -0.036285 -0.307143 0.049615 -0.037244 -0.389512 -0.246648 -0.140246 -0.039129 -0.302340 -0.110438 -0.107306 -0.009476 -0.050007 -0.306365 -0.203958 0.215813 0.370791 -0.180045 -0.175686 -0.036657 0.243165 -0.114691
-0.220665 -0.151389 0.066439 1.000000 -0.378926 0.077582 -0.029778 0.699967 -0.092621 0.243891 -0.198802 0.157725 -0.156735 0.016564 -0.254958 0.003311 -0.389603 -0.240310 0.095788 -0.037646 -0.160845 -0.058902 0.122871 0.482153 -0.124262 0.461078 -0.150105 0.276645 -0.354934 -0.183799 0.243289 0.418114 -0.080672 0.160513 0.074888 0.223124 -0.149003 -0.024987 -0.064479 -0.092870 0.002455 -0.169562 0.138480 0.180073 -0.185507 0.138047 -0.121460 -0.000863 0.131776 0.018470 0.080632 0.183492 -0.387533 -0.140641 -0.284854 -0.209535 -0.171192 -0.162129 -0.300827 -0.397747 -0.084929 -0.058795 -0.455445 -0.480521 0.156065 0.504952 -0.168902 0.083834 -0.227987 -0.265305 -0.099335 0.225197 -0.342408 -0.074370 -0.049541 0.044615 -0.088316 0.220743 -0.239234 -0.367853 -0.376425 -0.470695 -0.219869 -0.261254 0.296958 0.357160 0.105158 0.029545 0.267675 0.508003 0.001550 -0.204316 0.293482 -0.117136 -0.364199 -0.113743 -0.059123 -0.268108 -0.109385 -0.481028 0.081793 -0.029430 -0.089766 -0.118406 -0.223471 -0.186612 -0.103031 -0.286539 -0.218654 -0.057091 -0.087903 -0.278442 -0.210140 0.121448 0.264173 -0.116316
0.115909 -0.205789 0.155891 -0.378926 1.000000 0.336311 0.047512 -0.386782 0.585590 0.166812 0.154040 -0.016898 0.231196 0.141197 0.515394 0.368103 0.259826 0.116871 -0.009639 -0.153878 0.334078 0.195336 0.222099 -0.026832 0.239835 -0.125208 0.521836 0.111561 0.167807 -0.058986 -0.109427 -0.079027 -0.221290 -0.108660 0.122343 -0.069734 0.095595 -0.317551 0.224415 0.090851 0.154710 0.188281 0.021277 0.107782 0.151240 -0.141907 0.094544 -0.124543 -0.064415 -0.110541 -0.038237 -0.183800 0.050100 -0.010662 0.154167 0.139570 0.153893 0.094791 0.358074 0.112952 0.116810 0.084633 0.042924 0.033227 -0.096996 -0.148824 -0.230644 -0.146422 -0.215855 0.132365 -0.143938 -0.375464 0.062947 -0.169824 -0.121769 -0.359634 -0.286388 -0.408545 0.200529 0.239142 0.231765 0.258271 0.494256 0.209724 -0.077293 -0.387831 -0.120828 -0.084222 0.196140 -0.254045 -0.017352 0.066790 -0.228385 -0.020761 0.117375 0.140886 -0.009403 0.144625 0.012372 0.113594 -0.077728 -0.208883 -0.309615 -0.486129 -0.008763 0.198313 -0.232768 0.141773 -0.087583 -0.423310 -0.190088 0.212609 0.108489 -0.139731 -0.129887 0.212414
-0.175034 -0.045075 -0.301088 0.077582 0.336311 1.000000 -0.496083 0.074173 0.159879 0.414741 -0.303485 0.114160 -0.253546 -0.010412 -0.109230 0.004478 -0.021986 -0.046038 -0.278035 -0.141788 0.184717 0.203643 -0.279600 0.260033 0.142232 0.274951 0.172166 0.099612 -0.205433 -0.259047 0.009417 0.180534 -0.177270 0.043883 0.111846 0.145520 -0.062900 -0.090731 -0.053416 -0.017601 -0.040959 -0.047749 0.136188 0.092332 0.240185 0.264892 -0.214349 -0.158603 -0.009558 -0.094740 -0.037556 -0.003784 0.007261 -0.375631 -0.184247 -0.232643 0.074619 0.075546 0.299809 0.176739 0.111645 0.192928 0.076927 -0.116044 -0.127759 0.386306 0.039685 0.260226 -0.198773 -0.025421 -0.080326 0.034545 -0.310018 -0.354196 -0.343874 -0.273905 -0.326023 -0.073802 0.182961 -0.063419 -0.093924 -0.076411 -0.140413 -0.185053 -0.135876 -0.177430 -0.319506 -0.434289 0.115692 -0.147549 0.169841 0.217621 0.168452 0.049032 -0.117292 0.355109 -0.311330 -0.102888 -0.054590 -0.069398 0.031974 -0.279355 -0.184781 -0.187768 0.183470 0.311870 0.025897 0.355400 0.201901 -0.300339 -0.058349 0.164885 0.314060 0.026897 0.107071 0.308640
0.270334 -0.262690 0.591588 -0.029778 0.047512 -0.496083 1.000000 0.155594 0.158275 -0.178389 0.272346 -0.177581 0.463232 0.065200 0.301528 0.061193 -0.059207 -0.146530 0.337797 0.051130 -0.220679 -0.229893 0.370740 -0.103886 -0.266101 -0.268914 -0.124032 -0.178538 0.223168 0.038719 -0.022059 -0.148545 0.108891 -0.112125 -0.112215 -0.018665 0.141888 -0.157753 -0.037252 -0.217254 0.093260 0.033008 -0.148527 -0.123980 -0.143464 -0.135122 0.145082 0.012355 0.218315 -0.043199 -0.245186 -0.134590 0.043643 0.266843 0.102165 0.237817 -0.325527 -0.430620 -0.215914 -0.430929 -0.003022 -0.202540 -0.280254 -0.265898 0.253070 -0.357644 -0.137878 -0.128144 -0.111106 -0.134364 0.259821 -0.105928 0.269766 0.155630 0.337284 -0.021738 0.222114 0.010993 -0.327798 -0.124754 0.039623 -0.160410 0.493179 0.177461 0.067256 0.018413 0.242565 0.326503 0.240039 0.092922 0.106236 0.122132 0.106723 0.250478 -0.136562 -0.336699 0.205130 -0.075419 0.117066 0.032762 -0.059799 0.403010 0.088010 -0.004651 -0.235864 -0.287808 -0.147830 -0.395435 -0.251953 0.158373 0.049496 -0.039907 -0.024097 -0.058364 -0.055572 -0.327558
-0.231464 0.094194 -0.067717 0.699967 -0.386782 0.074173 0.155594 1.000000 -0.031953 0.500383 0.045672 0.479830 0.035499 0.303128 -0.199021 0.129910 -0.065809 -0.189804 -0.102168 0.206088 -0.199084 -0.255202 -0.256884 0.124550 -0.506021 0.071734 -0.489118 -0.244733 -0.212924 0.065944 0.029974 0.167513 0.108742 0.300197 -0.070500 0.107937 -0.223575 -0.153443 -0.229862 -0.256990 -0.159321 -0.234471 -0.212611 -0.204919 -0.183583 0.078989 -0.207929 -0.233522 0.119238 -0.023612 -0.125453 0.056823 -0.207785 -0.087645 -0.103873 -0.191821 -0.182075 -0.261606 -0.428525 -0.326414 -0.015183 0.137846 -0.170236 -0.230712 0.263233 0.557252 -0.002560 0.105190 -0.213539 -0.479041 -0.160192 0.116029 -0.050159 0.031856 -0.024755 0.128385 0.100343 0.388150 -0.123352 -0.358960 -0.279790 -0.374573 -0.237008 -0.243219 -0.080052 0.359640 0.190338 -0.025328 0.120150 0.258178 0.111998 -0.004520 0.361920 -0.022299 -0.485551 -0.022929 -0.258734 -0.166879 -0.078219 -0.265756 0.182559 0.175833 0.194069 -0.030104 -0.071487 -0.242622 -0.197363 -0.183939 -0.225729 0.062522 -0.364848 -0.205268 0.027540 0.166841 0.025366 -0.037399
0.206941 -0.170959 0.255748 -0.092621 0.585590 0.159879 0.158275 -0.031953 1.000000 0.357133 0.315354 -0.027942 0.457865 0.153238 0.610868 0.186792 0.218058 -0.127189 0.041986 0.048466 0.039830 -0.116626 0.194910 0.001220 0.069419 0.088670 0.106390 -0.134930 -0.156093 -0.247187 -0.022203 -0.074851 -0.241367 0.030486 0.084172 0.063321 -0.285089 -0.613394 0.164994 -0.036843 -0.171697 -0.116182 -0.239042 -0.087687 0.102281 -0.047795 -0.183434 -0.036403 0.235827 0.007174 -0.187941 -0.048711 -0.181272 -0.066092 0.029068 -0.085333 0.204030 0.072980 0.289464 -0.125960 0.382637 0.198324 -0.065027 -0.102858 0.210876 0.175648 -0.112390 -0.013650 -0.084198 0.032242 -0.100314 -0.479374 -0.155181 -0.108532 -0.109093 -0.199497 -0.179548 -0.182423 0.121715 -0.026329 -0.079043 -0.072453 0.192596 -0.190984 0.011898 -0.163953 0.211848 0.016315 0.120160 -0.093188 -0.035124 0.053566 -0.129805 0.122996 0.011314 0.127629 -0.240153 0.384696 -0.293338 -0.062302 0.127287 -0.011610 -0.125920 -0.190619 0.082514 0.116426 -0.010114 0.177846 -0.115925 -0.140191 -0.364549 0.035880 0.026283 0.187065 -0.161126 0.345979
-0.165981 0.305249 -0.417189 0.243891 0.166812 0.414741 -0.178389 0.500383 0.357133 1.000000 -0.066483 0.512792 -0.022748 0.537982 -0.017393 0.451553 0.293042 0.177112 -0.343295 0.022148 -0.055142 -0.042522 -0.456215 -0.251610 -0.335717 -0.127687 -0.253739 -0.320307 -0.047767 0.233149 -0.390283 -0.251056 -0.165242 -0.048423 -0.185810 -0.150119 -0.103557 -0.244577 0.109865 0.040711 -0.122222 -0.043726 -0.366990 -0.250129 -0.181171 -0.193422 -0.030207 -0.339511 -0.113580 0.008785 -0.052754 0.150965 -0.048231 0.062840 0.245927 0.007147 0.267053 0.175624 -0.031532 0.240947 0.175651 0.573285 0.248560 0.173626 -0.105784 0.434967 -0.159091 -0.245729 -0.086956 -0.239116 -0.211015 -0.113143 0.082507 0.058828 -0.062378 -0.016098 0.013483 0.131184 0.381030 0.099221 0.167257 0.168125 -0.096524 -0.148969 -0.136266 0.104558 0.208613 0.008662 -0.049288 0.029500 0.180260 -0.037749 0.210588 -0.124639 -0.259510 0.102838 -0.227640 -0.020212 0.131361 0.039968 0.206930 -0.116729 0.147660 -0.302996 -0.167997 -0.187303 -0.050557 0.099274 -0.163833 -0.263776 -0.627154 -0.086984 0.249672 0.163568 -0.123637 0.093401
0.442735 0.142097 0.218437 -0.198802 0.154040 -0.303485 0.272346 0.045672 0.315354 -0.066483 1.000000 0.340862 0.804176 0.409181 0.572894 0.252378 0.485852 0.086081 0.191511 0.133193 -0.249206 -0.133230 0.083312 -0.193682 -0.178184 -0.290159 -0.099827 -0.148222 0.185624 0.087793 -0.166455 -0.228154 0.020099 -0.029178 -0.089207 -0.116660 -0.211684 -0.283173 -0.139823 -0.291968 -0.055164 -0.153576 -0.091447 -0.039254 0.029045 -0.079267 -0.019542 -0.045016 0.322772 0.101052 0.012342 -0.045159 0.096720 0.169111 0.270415 0.058434 0.111597 -0.161995 0.008461 -0.212986 0.184509 0.043250 0.058555 0.116346 0.304028 -0.116377 -0.120029 -0.063149 0.006349 -0.194925 -0.315493 -0.341425 0.139339 -0.129361 -0.200074 -0.193087 0.054686 -0.135323 -0.104215 -0.048916 0.053291 0.017419 0.302621 0.155075 -0.089657 0.104613 0.176126 0.160008 -0.045024 -0.098410 -0.065085 -0.009538 -0.106485 0.026580 -0.176967 -0.332221 -0.133860 0.096643 -0.147797 -0.068060 0.139742 0.219565 0.062314 -0.101560 -0.065886 -0.191435 -0.297892 -0.113172 -0.261830 0.078204 -0.148433 0.024069 -0.075178 -0.032553 -0.307306 -0.019882
0.023399 0.540506 -0.387528 0.157725 -0.016898 0.114160 -0.177581 0.479830 -0.027942 0.512792 0.340862 1.000000 0.115587 0.670194 0.070558 0.537257 0.484000 0.281231 -0.213378 0.176098 -0.125055 -0.100420 -0.465813 -0.254061 -0.441897 -0.386385 -0.204929 -0.224027 0.140067 0.439562 -0.424045 -0.264087 0.016300 0.198995 -0.149481 -0.169052 -0.102049 -0.047470 -0.169872 -0.188854 -0.043858 -0.156741 -0.223156 -0.183235 -0.069222 -0.141869 -0.034075 -0.386576 -0.025049 0.015986 0.017635 0.111556 0.128998 -0.004859 0.212152 -0.010027 0.234338 0.115023 -0.192512 0.053592 -0.024384 0.384959 0.200573 0.297294 0.182277 0.387965 -0.193386 -0.177532 0.018959 -0.307318 -0.468968 -0.107646 0.168556 0.013662 -0.269080 -0.050172 0.131777 0.093324 0.203630 0.088077 0.185010 0.189387 -0.005439 0.063023 -0.112390 0.272460 0.125712 0.016675 0.019398 -0.021131 0.023333 -0.179680 0.074392 -0.375996 -0.400021 -0.092572 -0.220150 -0.038376 0.038885 -0.089883 0.271337 -0.119538 0.182070 -0.325370 -0.081114 -0.268788 -0.421354 -0.015242 -0.368923 -0.194566 -0.551888 -0.072335 0.006881 -0.066565 -0.385646 -0.026236
0.459438 -0.112459 0.431755 -0.156735 0.231196 -0.253546 0.463232 0.035499 0.457865 -0.022748 0.804176 0.115587 1.000000 0.377727 0.695428 0.226647 0.408462 0.025083 0.335237 -0.051654 -0.374934 -0.123029 0.266886 -0.166128 -0.114719 -0.191089 -0.014958 -0.119646 0.095578 0.013728 -0.107432 -0.188289 -0.090607 -0.110959 -0.053570 -0.038368 -0.138549 -0.315807 -0.036088 -0.302761 -0.134359 -0.184243 -0.135476 -0.022981 0.011428 -0.062449 -0.008288 -0.123099 0.438497 0.117564 -0.084047 -0.052402 0.105975 0.170222 0.196853 0.129385 0.015059 -0.234109 0.039140 -0.326096 0.232195 0.011282 -0.132190 -0.115906 0.281937 -0.155201 -0.180642 -0.134717 -0.104435 -0.182406 -0.097394 -0.257811 0.066391 -0.085764 -0.106088 -0.206508 0.076811 -0.121174 -0.210052 -0.098475 0.017400 -0.044259 0.424145 0.013041 0.037108 -0.049431 0.227015 0.166279 0.194943 0.035591 -0.104737 0.015902 -0.067302 0.114057 -0.077199 -0.365524 -0.002244 0.115379 -0.145343 -0.064258 0.105686 0.201225 -0.051098 -0.110025 -0.201078 -0.276556 -0.201039 -0.193236 -0.301807 0.025842 -0.175948 -0.019113 -0.027889 0.016214 -0.141330 -0.094246
0.129148 0.450203 -0.366764 0.016564 0.141197 -0.010412 0.065200 0.303128 0.153238 0.537982 0.409181 0.670194 0.377727 1.000000 0.269157 0.732663 0.597810 0.489238 -0.089698 0.071787 -0.284172 -0.008572 -0.329714 -0.325478 -0.393738 -0.503730 -0.034282 -0.158291 0.254084 0.466069 -0.586902 -0.485807 -0.194618 -0.164023 -0.346243 -0.439481 -0.015755 -0.078188 -0.001010 -0.137626 0.044330 0.039124 -0.392659 -0.255142 -0.293981 -0.457186 0.166904 -0.377431 -0.059119 0.296711 0.060625 0.233117 0.291495 0.229852 0.506638 0.267380 0.269647 0.099214 -0.186017 0.140706 0.015571 0.529847 0.201639 0.294666 -0.030110 -0.008889 -0.470915 -0.525346 0.018647 -0.245270 -0.472384 -0.300909 0.302811 0.136688 -0.028020 -0.136162 0.057017 -0.111348 0.257944 0.186935 0.355287 0.361781 0.347224 0.288764 -0.009283 0.085548 0.219572 0.290952 0.095670 0.150589 0.132610 -0.122997 0.114810 -0.193034 -0.261139 -0.225082 -0.007249 -0.021077 0.295907 0.021288 0.196124 -0.005646 0.141136 -0.372425 -0.243984 -0.417408 -0.347614 -0.131860 -0.394840 -0.260751 -0.666476 0.028970 0.056525 0.018031 -0.291971 -0.181089
0.239602 -0.306837 0.365956 -0.254958 0.515394 -0.109230 0.301528 -0.199021 0.610868 -0.017393 0.572894 0.070558 0.695428 0.269157 1.000000 0.407001 0.410809 0.047364 0.292797 -0.087519 -0.086781 0.109536 0.384557 -0.127178 0.079900 -0.084809 0.271670 0.046796 0.302142 0.118468 0.036547 -0.004944 -0.254026 -0.015069 0.271034 0.142049 0.018515 -0.211100 0.068782 -0.156663 0.054183 0.017855 0.056715 0.138147 0.236060 -0.031767 0.169736 -0.065557 0.221837 0.047273 -0.188917 -0.174988 0.028750 0.121048 0.078899 0.024507 0.071987 -0.041686 0.048172 -0.305236 0.077373 -0.010823 -0.200125 -0.129650 0.157529 -0.236028 -0.199691 -0.205298 -0.119413 -0.129604 -0.230508 -0.399420 0.161614 -0.043928 -0.053121 -0.074708 0.071229 -0.300167 -0.070062 0.060292 0.164707 0.159647 0.582095 0.166476 0.094760 -0.298337 -0.004506 -0.041125 0.130837 -0.236338 -0.254492 -0.131947 -0.207422 -0.030161 0.028762 -0.205389 -0.077648 0.105931 -0.246806 -0.168007 0.149952 -0.032083 -0.136455 -0.260259 -0.011244 -0.046420 -0.183670 0.012900 -0.306269 -0.227296 -0.165369 -0.037895 -0.103499 0.061656 -0.162874 0.134165
0.008800 0.310439 -0.300302 0.003311 0.368103 0.004478 0.061193 0.129910 0.186792 0.451553 0.252378 0.537257 0.226647 0.732663 0.407001 1.000000 0.426325 0.388391 -0.000159 0.023443 -0.014518 0.090666 -0.214589 -0.388096 -0.337659 -0.521474 0.162330 0.090288 0.435547 0.484430 -0.520759 -0.387493 -0.058342 -0.099607 -0.156653 -0.430158 0.205529 0.061036 0.237483 0.134908 0.370295 0.234810 -0.272655 -0.138808 -0.304371 -0.534376 0.432088 -0.404829 -0.139220 0.220826 0.172970 0.185206 0.302201 0.331230 0.511817 0.438803 0.222087 0.147454 -0.076178 0.175185 0.020921 0.391234 0.066242 0.148622 -0.134065 -0.086925 -0.398748 -0.624949 -0.069444 -0.240444 -0.513032 -0.370235 0.353424 0.093752 0.005046 -0.152465 0.022131 -0.326393 0.157140 0.198945 0.423062 0.389679 0.533478 0.521256 0.048760 0.163897 0.145577 0.261667 0.114339 0.020767 -0.042570 -0.317007 -0.067170 -0.430953 -0.075003 -0.093329 0.076438 -0.044935 0.356590 0.065513 0.210591 -0.059070 0.030464 -0.474420 -0.288271 -0.388335 -0.462631 -0.124878 -0.435716 -0.344284 -0.645024 -0.069390 -0.017823 -0.109969 -0.357337 -0.027924
0.163805 0.319631 -0.288700 -0.389603 0.259826 -0.021986 -0.059207 -0.065809 0.218058 0.293042 0.485852 0.484000 0.408462 0.597810 0.410809 0.426325 1.000000 0.628188 -0.305539 -0.124293 -0.033075 0.190542 -0.285355 -0.491456 -0.284270 -0.470594 -0.104743 -0.205823 0.530773 0.545028 -0.463704 -0.341513 -0.203588 -0.137788 -0.187784 -0.275914 0.001943 -0.070133 -0.041057 -0.045838 0.051713 0.095116 -0.160101 -0.029171 0.045108 -0.258109 0.264806 -0.271225 -0.206032 0.132209 -0.041245 0.021980 0.384951 0.203765 0.418753 0.190849 0.423451 0.263573 0.020515 0.205671 0.150291 0.432933 0.492284 0.606886 -0.004408 -0.173017 -0.292946 -0.458179 0.022068 -0.099303 -0.339325 -0.261720 0.525207 0.097332 -0.078446 -0.142551 0.010319 -0.237161 0.489937 0.521902 0.616435 0.616083 0.226409 0.229450 -0.082895 -0.188396 0.102307 0.022373 0.047049 -0.052980 -0.157759 -0.233583 -0.333579 -0.310215 -0.116667 -0.156352 0.091555 0.079356 0.170606 0.213403 0.092183 -0.122171 0.112567 -0.362011 -0.036999 -0.274252 -0.359057 -0.049819 -0.379616 -0.210331 -0.465168 -0.002580 0.095301 0.128495 -0.348308 -0.099893
0.000190 0.328196 -0.466370 -0.240310 0.116871 -0.046038 -0.146530 -0.189804 -0.127189 0.177112 0.086081 0.281231 0.025083 0.489238 0.047364 0.388391 0.628188 1.000000 -0.413706 -0.260152 -0.032739 0.340260 -0.250996 -0.415776 -0.166993 -0.438593 -0.083493 -0.013268 0.643342 0.614455 -0.484057 -0.352984 -0.400179 -0.410785 -0.202323 -0.376596 0.265465 0.152400 0.308588 0.319507 0.245574 0.233318 0.020549 0.173897 -0.163135 -0.347556 0.520012 -0.290713 -0.442747 0.212383 0.052088 0.309677 0.401141 0.352461 0.565829 0.470724 0.321444 0.275342 -0.059891 0.339533 -0.115223 0.364713 0.443197 0.628823 -0.446331 -0.372095 -0.548739 -0.646288 0.066454 0.030707 -0.199424 -0.079560 0.574802 0.244097 0.161084 -0.111305 0.070871 -0.174920 0.562687 0.720361 0.754187 0.782264 0.312486 0.381814 0.038781 -0.242680 0.120686 0.172123 -0.052022 0.128285 -0.041508 -0.350598 -0.283556 -0.395732 -0.025961 -0.131901 0.459796 -0.165460 0.507280 0.254491 -0.006464 -0.179683 0.108050 -0.279024 -0.228599 -0.360856 -0.393239 -0.235146 -0.244070 -0.273598 -0.287473 -0.068985 0.090514 -0.097085 -0.014385 -0.424581
0.275535 -0.258024 0.587918 0.095788 -0.009639 -0.278035 0.337797 -0.102168 0.041986 -0.343295 0.191511 -0.213378 0.335237 -0.089698 0.292797 -0.000159 -0.305539 -0.413706 1.000000 0.229343 -0.191377 -0.296798 0.627845 0.135988 0.318768 0.168252 0.428729 0.295953 -0.294717 -0.297066 0.366936 0.111684 0.219303 -0.008100 0.170869 0.123212 -0.051714 0.062766 -0.115643 -0.354466 -0.082334 -0.156953 0.082067 0.090276 -0.037480 -0.031604 -0.200755 0.131114 0.504040 0.032897 0.137485 -0.061454 -0.192223 -0.075412 -0.296213 -0.162389 -0.151835 -0.130448 -0.112956 -0.439609 0.033141 -0.258017 -0.519470 -0.504640 0.293457 -0.077927 0.028854 0.028229 0.193161 0.203940 0.106057 -0.084250 -0.323834 -0.195111 -0.144128 0.029222 0.124028 0.094014 -0.448251 -0.377575 -0.391757 -0.405747 0.200613 0.049900 0.310724 0.128403 -0.075604 0.136518 0.196672 0.065089 -0.309879 -0.056870 0.069013 0.170961 -0.026359 -0.386154 -0.056181 0.035997 -0.306528 -0.292436 -0.057378 0.016648 -0.486910 0.038462 -0.217108 -0.075377 0.013254 -0.147473 -0.098193 0.246435 0.191888 -0.030100 -0.339210 -0.024980 0.065773 0.003500
0.196704 0.454640 -0.089322 -0.037646 -0.153878 -0.141788 0.051130 0.206088 0.048466 0.022148 0.133193 0.176098 -0.051654 0.071787 -0.087519 0.023443 -0.124293 -0.260152 0.229343 1.000000 -0.012892 -0.625759 -0.238346 -0.235869 -0.296019 -0.251766 -0.178994 -0.412095 -0.332690 -0.053316 -0.044722 -0.255022 0.512533 0.308162 -0.104304 -0.133990 -0.189521 0.020402 -0.313082 -0.349605 -0.193677 -0.085990 -0.500495 -0.600150 -0.123852 -0.100683 -0.539142 0.021030 0.214091 -0.211129 -0.266431 -0.248231 0.031150 -0.276253 -0.147550 -0.357028 0.068814 0.130780 -0.188036 -0.061650 0.059766 -0.005149 -0.026456 0.044810 0.203929 0.119570 0.204815 0.208867 0.425282 0.279002 -0.160382 -0.328505 -0.165769 0.019959 -0.025728 0.281097 0.343682 0.476646 -0.242866 -0.396663 -0.441527 -0.268002 -0.130706 0.205341 -0.328090 0.340691 -0.095359 0.034529 -0.327606 -0.366002 0.202792 0.330205 0.352187 0.240877 -0.167531 0.088079 -0.411546 0.256443 -0.060869 0.037064 0.225165 0.311586 0.103799 0.324620 0.346445 0.280639 0.054639 0.298160 0.209046 0.349493 -0.112187 0.359145 0.078501 0.025080 -0.265811 0.245802
-0.280043 -0.076902 -0.047502 -0.160845 0.334078 0.184717 -0.220679 -0.199084 0.039830 -0.055142 -0.249206 -0.125055 -0.374934 -0.284172 -0.086781 -0.014518 -0.033075 -0.032739 -0.191377 -0.012892 1.000000 0.277110 -0.057328 -0.009673 0.130264 0.052024 0.306083 0.143707 0.082907 -0.047086 0.134534 0.196015 -0.074907 0.086931 0.078480 -0.062415 0.090075 0.013526 0.258468 0.349810 0.264436 0.238383 0.031084 0.013057 0.189197 0.044977 0.114365 0.102018 -0.215904 -0.047612 0.165081 -0.179443 0.049977 -0.029807 -0.042804 0.059272 0.240486 0.115025 0.147634 0.037590 0.044729 -0.155085 0.136894 0.014930 -0.224584 -0.037365 0.021510 0.058398 -0.130421 0.142977 -0.027688 -0.107482 0.001996 -0.098276 -0.106629 -0.050925 -0.351537 -0.225147 0.198212 0.142729 0.122855 0.085173 -0.094402 0.185245 -0.256624 -0.157011 -0.291018 -0.281728 -0.048701 -0.239152 -0.076474 -0.013473 -0.239061 -0.159158 0.245579 0.586974 0.150155 0.222636 0.025204 0.223613 -0.055094 -0.269398 -0.038335 -0.117624 0.285151 0.365598 -0.049872 0.331534 0.181761 -0.053229 0.031457 0.075996 0.073471 -0.113318 -0.114582 0.362486
-0.419049 -0.307431 -0.206097 -0.058902 0.195336 0.203643 -0.229893 -0.255202 -0.116626 -0.042522 -0.133230 -0.100420 -0.123029 -0.008572 0.109536 0.090666 0.190542 0.340260 -0.296798 -0.625759 0.277110 1.000000 0.074950 0.181564 0.318400 0.272832 0.285852 0.503125 0.422779 0.138045 0.011602 0.317069 -0.344944 -0.159685 -0.028829 -0.003016 0.179752 0.191790 0.141613 0.335544 0.218770 0.319625 0.466170 0.505676 0.162645 0.036597 0.590776 -0.047877 -0.316485 0.221703 0.273546 0.243216 0.157350 0.155065 0.226930 0.099455 -0.076105 -0.004249 0.072619 0.180073 -0.160992 -0.037992 0.170371 0.153717 -0.411653 -0.200434 -0.156579 -0.161162 -0.333019 -0.179836 -0.003546 0.156526 0.254633 0.093777 0.130002 -0.074958 -0.441774 -0.466614 0.355892 0.480141 0.454398 0.416953 0.098177 -0.022267 0.085814 -0.335879 -0.178187 -0.207749 -0.030357 0.009578 -0.206148 -0.279470 -0.331374 -0.248036 0.118549 0.098389 0.225899 -0.230898 0.026700 -0.098106 -0.224150 -0.345378 -0.013671 -0.200767 -0.042431 -0.061253 0.008715 -0.006982 -0.149425 -0.373927 -0.034642 -0.172555 -0.095488 -0.003074 0.214711 0.093773
0.110561 -0.697814 0.771109 0.122871 0.222099 -0.279600 0.370740 -0.256884 0.194910 -0.456215 0.083312 -0.465813 0.266886 -0.329714 0.384557 -0.214589 -0.285355 -0.250996 0.627845 -0.238346 -0.057328 0.074950 1.000000 0.459292 0.579816 0.446926 0.446880 0.458381 -0.101990 -0.276846 0.626549 0.476381 -0.105994 0.000304 0.386003 0.399428 0.024933 -0.107590 0.071331 -0.098231 0.010748 -0.000073 0.481770 0.522259 0.241491 0.180398 -0.000356 0.267385 0.206193 -0.024514 0.052701 -0.087944 -0.395360 0.057961 -0.314741 -0.106534 -0.254300 -0.187928 -0.068821 -0.535926 -0.104454 -0.480725 -0.477046 -0.476445 0.151718 -0.185346 -0.144277 0.028423 -0.102223 0.157844 0.193774 0.092845 -0.210661 -0.109574 0.010014 -0.051004 -0.116937 -0.140176 -0.266704 -0.047419 -0.195303 -0.241801 0.286140 -0.109291 0.431036 -0.330221 -0.027259 0.054862 0.370550 0.219457 -0.385805 -0.212629 -0.174768 0.147449 -0.088290 -0.357405 0.153112 -0.137361 -0.364211 -0.362905 -0.226260 -0.142154 -0.520346 -0.110498 -0.188156 -0.010073 -0.011435 -0.333555 -0.236641 -0.049710 0.324264 -0.181808 -0.393707 0.015504 0.293055 -0.174295
-0.204924 -0.553573 0.327679 0.482153 -0.026832 0.260033 -0.103886 0.124550 0.001220 -0.251610 -0.193682 -0.254061 -0.166128 -0.325478 -0.127178 -0.388096 -0.491456 -0.415776 0.135988 -0.235869 -0.009673 0.181564 0.459292 1.000000 0.513816 0.745478 0.208167 0.462934 -0.438878 -0.521455 0.604830 0.725024 -0.063561 0.319427 0.293937 0.401363 -0.349027 -0.200772 -0.192498 -0.060042 -0.144628 -0.180851 0.426122 0.402984 0.325524 0.448577 -0.255160 0.241217 0.181666 0.087193 0.087323 0.031014 -0.432416 -0.251753 -0.488946 -0.381207 -0.374944 -0.405051 -0.000745 -0.406122 -0.166915 -0.354060 -0.472413 -0.531435 0.043894 0.284501 -0.001066 0.500646 -0.337540 -0.133040 0.163364 0.323168 -0.503379 -0.238378 -0.156500 -0.071939 -0.418373 -0.065113 -0.256224 -0.322782 -0.506769 -0.587927 -0.128533 -0.456213 0.104116 -0.225503 -0.206608 -0.184504 0.395978 0.313739 0.017195 0.090802 0.095976 0.207591 -0.162690 0.110822 -0.207150 -0.172758 -0.403892 -0.414166 -0.225815 -0.264214 -0.389967 0.007765 0.166203 0.338044 0.141423 -0.045700 0.005392 -0.139239 0.274725 -0.048454 -0.091025 0.114564 0.395103 0.129241
-0.092345 -0.468211 0.290650 -0.124262 0.239835 0.142232 -0.266101 -0.506021 0.069419 -0.335717 -0.178184 -0.441897 -0.114719 -0.393738 0.079900 -0.337659 -0.284270 -0.166993 0.318768 -0.296019 0.130264 0.318400 0.579816 0.513816 1.000000 0.635909 0.571319 0.524081 -0.280840 -0.417589 0.478860 0.433342 -0.192825 -0.017625 0.262271 0.245140 -0.142247 -0.009765 0.175074 0.171252 -0.204359 -0.058306 0.474675 0.492024 0.290675 0.216748 -0.085954 0.193008 0.130689 0.046479 0.254694 0.045569 -0.356535 -0.063422 -0.299071 -0.192242 -0.037823 0.017722 0.239071 -0.064722 -0.104963 -0.358851 -0.153492 -0.173983 -0.213047 -0.080842 0.013952 0.196104 -0.016642 0.261985 0.188126 0.183800 -0.351119 -0.210588 -0.177870 0.041929 -0.349989 -0.144671 0.044945 0.071684 -0.204665 -0.115856 -0.047675 -0.320902 0.097058 -0.498286 -0.170697 -0.068106 0.078700 0.036577 -0.197672 -0.009436 -0.150442 0.215569 0.243370 0.078613 -0.027500 0.016365 -0.385824 -0.212273 -0.314024 -0.369564 -0.505159 0.020524 0.033153 0.314311 0.340344 0.062982 0.208192 -0.070044 0.346336 -0.022416 -0.145584 -0.099250 0.320448 0.208544
-0.317793 -0.586909 0.308918 0.461078 -0.125208 0.274951 -0.268914 0.071734 0.088670 -0.127687 -0.290159 -0.386385 -0.191089 -0.503730 -0.084809 -0.521474 -0.470594 -0.438593 0.168252 -0.251766 0.052024 0.272832 0.446926 0.745478 0.635909 1.000000 0.159809 0.425272 -0.482323 -0.535397 0.694898 0.765898 -0.124451 0.236045 0.325879 0.519792 -0.336258 -0.125614 -0.105034 -0.002511 -0.263974 -0.216874 0.513396 0.492915 0.308623 0.507215 -0.245729 0.315847 0.194499 -0.030126 0.080947 0.034621 -0.544537 -0.291768 -0.577934 -0.500566 -0.265887 -0.151596 0.034350 -0.334723 -0.066783 -0.367455 -0.386223 -0.484216 0.012156 0.338327 0.177913 0.483637 -0.116521 -0.002097 0.237765 0.304829 -0.469478 -0.171872 -0.071991 0.217174 -0.329618 0.099359 -0.148714 -0.216962 -0.503442 -0.465390 -0.389115 -0.624638 0.203230 -0.251027 -0.226457 -0.319230 0.106335 0.164854 -0.165800 -0.040020 -0.005321 0.148645 0.010216 0.113256 -0.197134 -0.024529 -0.560234 -0.497215 -0.166511 -0.247057 -0.335985 0.091361 0.117470 0.268940 0.350437 0.021453 0.102265 0.014700 0.330083 -0.190191 -0.117817 0.174767 0.501899 0.314441
0.044152 -0.273883 0.170344 -0.150105 0.521836 0.172166 -0.124032 -0.489118 0.106390 -0.253739 -0.099827 -0.204929 -0.014958 -0.034282 0.271670 0.162330 -0.104743 -0.083493 0.428729 -0.178994 0.306083 0.285852 0.446880 0.208167 0.571319 0.159809 1.000000 0.640592 -0.058285 -0.239605 0.118100 0.114513 -0.237883 -0.210798 0.024520 -0.119171 0.304630 0.201059 0.277756 0.141712 0.224485 0.258381 0.233585 0.246135 0.000672 -0.242468 0.116068 0.085755 -0.010327 -0.010390 0.303754 -0.002009 -0.045062 -0.046686 -0.016779 0.117101 0.144681 0.182775 0.139469 -0.029890 -0.072956 -0.208624 -0.162017 -0.208786 -0.112569 -0.230702 -0.244531 -0.193218 -0.087096 0.307786 -0.104115 -0.130785 -0.242085 -0.203338 -0.203404 -0.212728 -0.327104 -0.310771 -0.006720 0.022542 0.045556 0.064010 0.344396 0.277344 0.204174 -0.262305 -0.205314 0.108028 0.212597 -0.055591 -0.153163 -0.049070 -0.067832 0.041917 0.230075 -0.005208 0.200146 0.039026 -0.096593 -0.147730 -0.034552 -0.249795 -0.491553 -0.320794 -0.012516 0.205459 0.032266 0.073747 0.010603 -0.263258 0.103366 0.190466 -0.234382 -0.168377 -0.019578 0.183356
-0.098330 -0.371540 0.147213 0.276645 0.111561 0.099612 -0.178538 -0.244733 -0.134930 -0.320307 -0.148222 -0.224027 -0.119646 -0.158291 0.046796 0.090288 -0.205823 -0.013268 0.295953 -0.412095 0.143707 0.503125 0.458381 0.462934 0.524081 0.425272 0.640592 1.000000 0.018260 -0.204239 0.210340 0.354432 -0.189707 -0.122754 0.091717 -0.021112 0.250931 0.258198 0.235236 0.236339 0.371387 0.241994 0.541853 0.599610 -0.080852 -0.076770 0.341889 0.192802 -0.042719 0.106711 0.426007 0.162538 -0.109076 0.027447 -0.080819 0.094824 -0.004034 0.045976 0.020113 -0.184859 -0.162431 -0.273776 -0.311574 -0.307954 -0.083880 -0.095282 -0.279404 -0.172286 -0.105309 0.123409 -0.063294 0.249150 -0.237242 -0.119439 -0.090270 -0.139253 -0.389180 -0.342520 -0.102331 0.034373 0.048690 -0.035280 0.191934 0.129773 0.457340 -0.098543 -0.174069 0.140563 0.336315 0.280046 -0.285585 -0.363875 -0.170909 -0.198034 0.080050 -0.151298 0.342323 -0.243243 -0.045257 -0.334643 -0.049483 -0.322111 -0.419993 -0.268902 -0.217298 -0.114641 -0.137507 -0.271080 -0.210703 -0.190249 0.155551 -0.144832 -0.265330 -0.100870 0.179235 -0.007101
-0.100273 -0.002717 -0.171165 -0.354934 0.167807 -0.205433 0.223168 -0.212924 -0.156093 -0.047767 0.185624 0.140067 0.095578 0.254084 0.302142 0.435547 0.530773 0.643342 -0.294717 -0.332690 0.082907 0.422779 -0.101990 -0.438878 -0.280840 -0.482323 -0.058285 0.018260 1.000000 0.725562 -0.303455 -0.159598 -0.120928 -0.225836 -0.036859 -0.189078 0.481194 0.238831 0.201173 0.241435 0.509676 0.371455 0.180479 0.241060 0.071923 -0.248610 0.744944 -0.192507 -0.355079 0.037709 0.008994 0.146702 0.426854 0.434687 0.546296 0.519535 -0.059844 -0.091820 -0.106447 0.179815 -0.251290 0.049461 0.337016 0.398957 -0.284746 -0.540765 -0.234545 -0.538019 -0.096156 -0.185106 -0.111938 -0.064520 0.835502 0.331191 0.346356 0.008967 0.142680 -0.386059 0.373504 0.658945 0.822531 0.725887 0.545967 0.523920 0.024538 -0.158503 0.127069 0.149392 -0.050336 -0.090195 -0.176299 -0.387326 -0.352863 -0.412826 -0.035089 -0.181378 0.452967 -0.221468 0.429953 0.200169 -0.002100 -0.020535 0.233661 -0.328574 -0.217067 -0.436896 -0.451849 -0.331464 -0.349259 -0.176679 -0.169357 -0.232443 -0.016407 -0.075885 -0.130910 -0.360064
-0.224207 0.233439 -0.340759 -0.183799 -0.058986 -0.259047 0.038719 0.065944 -0.247187 0.233149 0.087793 0.439562 0.013728 0.466069 0.118468 0.484430 0.545028 0.614455 -0.297066 -0.053316 -0.047086 0.138045 -0.276846 -0.521455 -0.417589 -0.535397 -0.239605 -0.204239 0.725562 1.000000 -0.319588 -0.239244 0.080659 -0.021824 -0.109724 -0.270060 0.385755 0.335677 0.121520 0.145542 0.334762 0.348822 -0.068869 0.007974 0.052805 -0.206475 0.511734 -0.234401 -0.296070 0.074071 -0.020283 0.136712 0.336777 0.430522 0.436843 0.324505 -0.006523 0.114184 -0.452798 0.194415 -0.389298 0.142184 0.294111 0.463525 -0.244841 -0.291530 -0.264237 -0.550398 0.036487 -0.140283 -0.145883 0.048765 0.760324 0.572909 0.405545 0.221723 0.444189 -0.032582 0.336050 0.556314 0.598038 0.652698 0.270392 0.384646 -0.080564 -0.055468 0.205502 0.162523 -0.156585 -0.029209 -0.156535 -0.415838 -0.153754 -0.437855 -0.204769 -0.183813 0.288324 -0.074510 0.417627 0.176617 0.160733 -0.076987 0.294850 -0.243815 -0.181269 -0.516259 -0.338025 -0.304838 -0.352195 -0.180942 -0.369450 -0.258461 0.027907 0.006684 -0.170832 -0.342563
-0.253026 -0.638828 0.538576 0.243289 -0.109427 0.009417 -0.022059 0.029974 -0.022203 -0.390283 -0.166455 -0.424045 -0.107432 -0.586902 0.036547 -0.520759 -0.463704 -0.484057 0.366936 -0.044722 0.134534 0.011602 0.626549 0.604830 0.478860 0.694898 0.118100 0.210340 -0.303455 -0.319588 1.000000 0.823884 0.185227 0.437958 0.579483 0.631779 -0.245822 -0.068774 -0.204768 -0.190218 -0.173159 -0.127073 0.500729 0.415162 0.514564 0.529613 -0.316039 0.234580 0.195557 -0.081895 -0.010972 -0.140275 -0.490731 -0.254902 -0.650296 -0.463400 -0.386371 -0.273005 -0.169610 -0.496776 -0.171139 -0.506065 -0.358376 -0.468463 0.143130 0.174951 0.248620 0.453783 -0.156880 0.047626 0.276075 0.325875 -0.295637 -0.044953 0.001698 0.267214 -0.082790 0.151030 -0.241713 -0.217805 -0.511302 -0.465532 -0.247490 -0.411814 0.107337 -0.240009 -0.298264 -0.367630 0.185911 0.108003 -0.416845 -0.123854 -0.166645 0.097920 -0.155553 0.069558 -0.196106 -0.034083 -0.573222 -0.326597 -0.176457 -0.195967 -0.430381 0.149810 0.217838 0.265924 0.143828 -0.030931 0.025379 0.080962 0.389181 -0.232023 -0.289630 0.197658 0.427777 0.172083
-0.470913 -0.689864 0.327062 0.418114 -0.079027 0.180534 -0.148545 0.167513 -0.074851 -0.251056 -0.228154 -0.264087 -0.188289 -0.485807 -0.004944 -0.387493 -0.341513 -0.352984 0.111684 -0.255022 0.196015 0.317069 0.476381 0.725024 0.433342 0.765898 0.114513 0.354432 -0.159598 -0.239244 0.823884 1.000000 0.034643 0.521038 0.482416 0.625207 -0.245087 -0.067157 -0.157008 -0.020331 -0.110566 -0.091200 0.573735 0.534588 0.531174 0.536937 -0.117750 0.127406 0.128866 -0.017272 0.087620 -0.007507 -0.436960 -0.237185 -0.567894 -0.453883 -0.439151 -0.348150 -0.152523 -0.423976 -0.213513 -0.493322 -0.313125 -0.445738 0.051400 0.282272 0.162756 0.441470 -0.388027 -0.128642 0.173475 0.364998 -0.195856 -0.045250 0.010634 0.192418 -0.268595 0.003063 -0.065723 -0.129248 -0.349143 -0.362862 -0.227722 -0.472087 0.083415 -0.295169 -0.220627 -0.442970 0.257671 0.128979 -0.404491 -0.211643 -0.192351 -0.021404 -0.228575 0.165175 -0.211141 -0.166599 -0.552638 -0.459000 -0.256696 -0.300630 -0.361641 -0.002630 0.149774 0.233946 0.018271 -0.029020 -0.088144 -0.158605 0.207677 -0.322360 -0.264452 0.248128 0.393388 0.190229
-0.063089 0.138046 0.065323 -0.080672 -0.221290 -0.177270 0.108891 0.108742 -0.241367 -0.165242 0.020099 0.016300 -0.090607 -0.194618 -0.254026 -0.058342 -0.203588 -0.400179 0.219303 0.512533 -0.074907 -0.344944 -0.105994 -0.063561 -0.192825 -0.124451 -0.237883 -0.189707 -0.120928 0.080659 0.185227 0.034643 1.000000 0.545904 -0.142929 -0.044734 -0.143153 0.092658 -0.414289 -0.251293 -0.021305 -0.022807 -0.087463 -0.219443 0.125576 0.122455 -0.216280 0.046474 0.262884 -0.057727 0.082867 -0.006564 0.078977 -0.085060 -0.212834 -0.174942 -0.407545 -0.204865 -0.225232 0.013996 -0.116760 -0.236057 -0.003378 0.006796 0.220345 0.155858 0.476511 0.259243 0.263265 0.155003 0.132581 0.023484 0.044154 0.188056 0.178031 0.242244 0.201024 0.163319 -0.262703 -0.211035 -0.340181 -0.233811 -0.222981 0.008621 -0.190718 0.307289 -0.100619 -0.035111 -0.092888 -0.163876 -0.153394 -0.019514 0.010331 -0.048273 -0.132162 -0.019292 -0.255833 0.176734 -0.096577 0.033141 -0.046753 0.133594 -0.031213 0.280842 0.099847 -0.026073 -0.021790 0.019877 -0.012202 0.300190 -0.041722 0.018471 -0.016171 0.063760 -0.090634 0.212054
-0.268772 -0.117782 0.133762 0.160513 -0.108660 0.043883 -0.112125 0.300197 0.030486 -0.048423 -0.029178 0.198995 -0.110959 -0.164023 -0.015069 -0.099607 -0.137788 -0.410785 -0.008100 0.308162 0.086931 -0.159685 0.000304 0.319427 -0.017625 0.236045 -0.210798 -0.122754 -0.225836 -0.021824 0.437958 0.521038 0.545904 1.000000 0.300644 0.456155 -0.462778 -0.242633 -0.390232 -0.274380 -0.218099 -0.275440 0.072626 0.032263 0.440271 0.377321 -0.358577 -0.006249 0.314804 -0.090603 -0.016930 -0.101606 -0.233778 -0.342460 -0.483798 -0.506758 -0.350233 -0.257058 -0.208110 -0.264368 -0.096455 -0.253784 -0.070899 -0.095897 0.372159 0.507579 0.369690 0.443669 -0.067803 -0.015653 -0.007894 0.141541 -0.108494 0.148769 0.072955 0.338158 0.053052 0.163785 -0.058142 -0.167675 -0.427290 -0.274877 -0.341924 -0.399899 -0.162162 -0.039525 -0.114823 -0.385489 0.163933 -0.136934 -0.332434 -0.206537 -0.165309 -0.195240 -0.347143 0.183713 -0.537060 0.098346 -0.582910 -0.318367 -0.074533 -0.254729 -0.162438 0.049427 0.264657 0.213881 -0.153534 0.214499 -0.232391 -0.051507 -0.218173 -0.267373 -0.158404 0.139069 -0.079977 0.374057
-0.087112 -0.429905 0.350330 0.074888 0.122343 0.111846 -0.112215 -0.070500 0.084172 -0.185810 -0.089207 -0.149481 -0.053570 -0.346243 0.271034 -0.156653 -0.187784 -0.202323 0.170869 -0.104304 0.078480 -0.028829 0.386003 0.293937 0.262271 0.325879 0.024520 0.091717 -0.036859 -0.109724 0.579483 0.482416 -0.142929 0.300644 1.000000 0.709897 -0.099085 -0.088534 -0.142016 -0.241406 -0.017454 -0.180116 0.358160 0.368527 0.482320 0.488605 -0.192430 0.112319 0.001914 -0.181330 -0.266523 -0.386600 -0.277631 -0.296149 -0.459481 -0.402109 -0.185101 -0.136597 0.049289 -0.306272 -0.112426 -0.104377 -0.295140 -0.288156 0.182992 0.153350 0.250013 0.335590 -0.094348 -0.063142 0.020322 0.217854 -0.201451 -0.221767 -0.188249 0.067398 0.120383 0.006888 -0.173073 -0.022268 -0.204392 -0.153433 -0.017733 -0.199437 0.147095 -0.253256 -0.284628 -0.452939 0.049592 -0.144277 -0.346754 -0.126069 -0.176401 -0.019384 -0.095006 -0.024843 -0.187133 -0.221168 -0.388708 -0.213221 -0.057812 -0.304606 -0.242195 -0.056915 0.156356 0.215510 -0.080145 0.050314 -0.093754 -0.109159 0.273259 -0.172089 -0.208933 0.025050 0.132492 -0.002000
-0.099902 -0.453955 0.412555 0.223124 -0.069734 0.145520 -0.018665 0.107937 0.063321 -0.150119 -0.116660 -0.169052 -0.038368 -0.439481 0.142049 -0.430158 -0.275914 -0.376596 0.123212 -0.133990 -0.062415 -0.003016 0.399428 0.401363 0.245140 0.519792 -0.119171 -0.021112 -0.189078 -0.270060 0.631779 0.625207 -0.044734 0.456155 0.709897 1.000000 -0.273031 -0.272324 -0.360968 -0.427368 -0.279572 -0.459641 0.434353 0.374825 0.512132 0.609644 -0.321128 0.192023 0.183972 -0.295819 -0.283806 -0.274609 -0.308600 -0.363798 -0.599604 -0.592018 -0.352781 -0.237510 0.031388 -0.379971 -0.005622 -0.195945 -0.253850 -0.316946 0.315760 0.361931 0.440072 0.519096 -0.086918 -0.018454 0.158792 0.305522 -0.247839 -0.236719 -0.123361 0.129130 0.049880 0.135336 -0.184849 -0.152140 -0.316282 -0.258668 -0.236674 -0.516878 0.159337 -0.218623 -0.203935 -0.554214 0.103613 -0.104110 -0.349844 -0.111340 -0.122321 0.061845 -0.272618 -0.184157 -0.377839 -0.327497 -0.655184 -0.514284 -0.187328 -0.233060 -0.236630 0.010489 0.043787 0.168533 0.012579 0.079070 -0.123831 -0.047349 0.288118 -0.356092 -0.151185 0.107050 0.172401 0.010437
