1.000000 0.177389 0.022943 -0.186597 -0.165103 -0.022478 -0.093205 -0.025286 0.022322 0.103314 0.458207 0.154108 0.194734 0.068144 0.199643 0.242259 0.035275 0.031539 0.021914 0.017963 -0.128924 -0.055301 -0.170552 -0.224481 -0.276051 -0.142385 0.041879 0.045138 0.033653 0.043715 -0.282523 -0.329734 -0.035170 -0.047783 -0.086490 -0.016839 0.126542 -0.248269 0.023442 -0.120978 0.044255 -0.022464 -0.136955 -0.081448 -0.261848 -0.207061 -0.092209 -0.084442 0.018987 -0.209975 -0.081399 -0.155204 -0.333055 -0.153965 -0.004016 -0.202685 0.451821 0.037685 0.227931 -0.163341 0.547494 0.175473 0.090245 0.133477 0.200886 0.145554 -0.152562 -0.282686 0.007366 0.264868 -0.058083 -0.155334 0.088098 0.062614 0.149850 0.241213 0.106275 0.037420 -0.011711 0.036440 0.027580 -0.100134 0.070003 -0.233327 0.000128 -0.253938 -0.186285 -0.067807 0.095888 0.128127 -0.130531 -0.105901 -0.024637 -0.004975 0.006504 -0.029578 -0.004791 -0.019646 -0.261932 0.009563 -0.019655 -0.100137 0.052977 0.346631 0.044084 -0.095515 -0.007099 0.337321 -0.153538 -0.142101 -0.029015 0.000212 -0.136318 0.011239 -0.042790 0.260451
0.177389 1.000000 -0.593608 -0.562303 0.094801 -0.264575 -0.315379 0.148641 -0.249673 0.267573 -0.078948 0.412712 0.157548 0.495673 -0.294086 0.216919 0.513377 0.597126 -0.183574 0.356504 -0.306234 -0.588192 -0.697843 -0.687138 -0.349895 -0.769984 -0.418079 -0.580878 0.422945 0.592730 -0.393133 -0.453194 0.427517 0.455470 -0.411163 -0.144815 0.175002 -0.089918 -0.343416 -0.187501 0.217706 -0.049047 -0.437766 -0.596856 -0.166533 -0.262029 -0.295557 -0.506336 -0.135560 0.431962 -0.640430 -0.305232 0.208217 -0.327698 -0.181271 -0.240456 -0.060857 0.046645 0.356227 0.610823 0.367133 0.673362 0.570638 0.727205 -0.437975 -0.086438 0.194516 -0.508818 0.201285 0.328232 -0.321500 -0.243436 0.430323 -0.095670 -0.101131 -0.128957 0.105002 0.088447 -0.080490 0.071244 0.519071 0.544332 -0.088435 0.486959 -0.360220 -0.086774 -0.329203 -0.376943 -0.072477 -0.029295 0.252924 -0.283266 -0.291594 -0.361888 -0.351316 0.230458 -0.202490 -0.259623 0.317708 0.254219 -0.127151 0.317806 0.552857 0.327016 0.214137 0.094247 0.399637 0.218888 0.050271 -0.436971 -0.465285 0.178931 0.574862 0.230052 0.063094 0.181334
0.022943 -0.593608 1.000000 0.393805 -0.283758 0.031713 0.427166 -0.185643 0.030487 -0.466254 0.307655 -0.264042 -0.011188 -0.350202 0.198094 -0.141195 -0.443998 -0.552372 0.476496 -0.291814 0.140507 0.520067 0.633344 0.300863 0.385197 0.684792 0.553635 0.490934 -0.369069 -0.660759 0.348796 0.270928 -0.286340 -0.450267 0.238421 -0.209779 -0.309493 -0.351413 0.138070 -0.003505 -0.348686 -0.022002 0.580431 0.704711 -0.019312 -0.054325 0.410358 0.566588 0.373326 -0.440615 0.749249 0.464673 -0.251221 0.247421 0.102345 0.038834 -0.017137 0.207799 -0.403221 -0.435229 -0.203733 -0.516194 -0.430221 -0.587052 0.320202 -0.109085 -0.062202 0.460239 -0.244180 -0.084392 0.151991 0.091044 -0.366578 0.043694 0.132084 0.163182 -0.057146 -0.101104 0.041180 -0.172881 -0.638455 -0.608387 0.115284 -0.368836 0.129431 0.074436 0.093585 0.141267 -0.033333 -0.223279 -0.064881 0.281507 0.101376 0.329576 0.258856 -0.226693 0.375057 0.254214 -0.258250 -0.279932 0.240041 -0.281759 -0.216373 -0.113808 -0.318275 -0.255923 -0.245141 0.044933 -0.011108 0.276958 0.495098 -0.157228 -0.411223 0.013289 -0.219065 -0.146093
-0.186597 -0.562303 0.393805 1.000000 -0.329899 0.113064 0.155511 0.082584 -0.097940 -0.187623 0.127059 -0.114661 -0.142749 -0.329107 0.396221 0.156410 -0.367913 -0.486449 0.306417 -0.119645 0.209464 0.338288 0.663182 0.602644 0.205408 0.661667 0.299855 0.589638 -0.324830 -0.479072 0.335457 0.417146 -0.157658 -0.360549 0.274846 0.044037 -0.044870 0.045223 0.220030 0.117788 -0.167966 0.172636 0.240294 0.433145 -0.266559 -0.002364 0.125867 0.344565 -0.292326 -0.477196 0.396003 0.242977 -0.099916 0.142583 0.154455 0.188070 0.045701 0.004291 -0.612174 -0.511264 -0.551147 -0.519232 -0.503393 -0.609640 0.188715 0.159606 -0.397316 0.076426 -0.077191 -0.396345 0.121052 0.113413 -0.300941 0.170852 0.183204 0.215645 0.123589 -0.063714 0.194574 0.104185 -0.448238 -0.390419 0.310371 -0.116355 0.495913 0.433825 0.366071 0.516265 0.058601 0.245072 -0.136705 -0.040363 0.326871 0.216719 0.083634 -0.290864 -0.063657 0.112291 -0.252659 -0.234640 0.083765 -0.209886 -0.419218 -0.135190 0.081740 -0.079968 -0.295742 -0.233821 -0.073518 0.053273 0.318780 0.106566 -0.222285 -0.041264 0.114010 -0.052445
-0.165103 0.094801 -0.283758 -0.329899 1.000000 0.406667 0.242684 0.414890 0.298733 0.487187 -0.065626 0.185370 0.089763 0.372417 -0.203050 -0.065952 -0.201865 0.002646 -0.368368 -0.302980 0.016919 -0.001537 -0.407521 0.063659 -0.232546 -0.317128 -0.236472 -0.151764 0.022083 0.178115 -0.294776 0.058736 -0.220109 0.081767 -0.065893 0.460627 -0.176939 0.077585 -0.021796 0.161237 -0.124820 -0.145267 -0.326737 -0.502083 0.448017 0.433347 -0.311626 -0.429740 0.187549 0.506896 -0.267008 -0.071029 0.060107 -0.132649 -0.339073 -0.283725 -0.247630 -0.449999 0.385490 0.257275 0.262181 0.483977 0.169752 0.219987 0.184404 0.260784 0.014202 0.217583 -0.274628 -0.085432 -0.090788 -0.042240 -0.155903 -0.566558 -0.476665 -0.493173 -0.487525 -0.272727 -0.309427 -0.228241 -0.023653 0.001163 0.046586 0.036026 -0.052610 -0.125655 0.090770 -0.154525 0.361453 0.049051 0.248203 0.138461 0.026049 -0.077092 0.008404 0.269442 -0.283227 -0.280785 -0.079589 -0.011897 -0.183786 -0.023182 0.179498 -0.217906 -0.063787 0.139977 0.272083 0.091665 0.204273 -0.044550 -0.324992 -0.360784 0.088021 -0.220338 -0.153365 -0.165948
-0.022478 -0.264575 0.031713 0.113064 0.406667 1.000000 0.247124 0.417460 0.286549 0.438798 0.193693 0.126600 0.275219 0.262289 0.114679 0.033710 -0.517733 -0.346549 -0.434682 -0.521302 0.148437 0.355360 -0.020836 0.283227 -0.210407 0.212623 0.171689 0.456176 -0.369788 -0.299138 -0.246643 -0.082340 -0.338882 -0.429800 0.069208 0.507322 -0.411304 -0.027167 0.172428 0.244281 -0.442953 -0.064830 -0.156774 -0.134527 0.336780 0.446742 -0.129257 -0.206907 0.227538 0.154087 0.089195 0.270712 -0.226784 -0.034130 -0.162502 -0.183855 -0.334387 -0.375938 0.172111 -0.127858 0.230004 0.246373 -0.203614 -0.155871 0.479958 0.556271 -0.140919 0.318989 -0.362085 0.044267 -0.062763 0.061208 -0.471971 -0.401023 -0.303156 -0.331683 -0.427278 -0.282129 -0.387902 -0.306665 -0.469560 -0.494027 0.160233 -0.371815 0.063232 -0.131318 0.413633 0.123984 0.502897 0.197043 0.268845 0.218823 0.430649 0.339456 0.220451 0.120558 -0.299283 -0.119217 -0.331332 -0.286126 -0.045366 -0.280700 -0.234502 -0.079914 -0.044834 0.051630 -0.108511 0.196540 0.118176 0.022780 -0.069879 -0.427416 -0.184791 -0.216417 -0.039115 -0.115361
-0.093205 -0.315379 0.427166 0.155511 0.242684 0.247124 1.000000 0.214915 0.180808 0.002186 0.060349 -0.091354 0.111092 -0.142748 0.165766 -0.165055 -0.451640 -0.522493 0.383586 -0.233379 0.057717 0.153329 0.231649 0.379122 -0.016566 0.194163 0.193635 0.382453 -0.231132 -0.421390 0.158384 0.237097 -0.238211 -0.173837 -0.030853 0.060862 -0.324312 -0.350777 -0.130810 0.025138 -0.442487 -0.283382 -0.118568 -0.070900 0.077131 0.236846 -0.198417 -0.199820 0.083398 -0.118027 0.132515 0.034544 -0.373671 -0.199274 -0.364621 -0.232543 -0.245818 -0.307464 0.067069 -0.125475 0.078278 -0.060217 -0.148810 -0.197301 0.638253 0.219516 -0.070056 0.468134 -0.298495 -0.284922 -0.000274 -0.169487 -0.262685 -0.194899 -0.219667 -0.329878 -0.312020 -0.300587 -0.413404 -0.412423 -0.482008 -0.483844 0.424405 -0.101922 0.157634 0.156617 0.119235 0.128318 0.314618 0.037418 -0.063401 0.270869 0.249957 0.486604 0.044609 -0.121005 -0.132567 -0.226828 -0.263805 -0.326710 0.397945 -0.042302 -0.177954 -0.208960 -0.199419 -0.216667 0.004993 0.099433 0.044720 0.017877 -0.088845 -0.316686 -0.203362 -0.303113 -0.207740 -0.133845
-0.025286 0.148641 -0.185643 0.082584 0.414890 0.417460 0.214915 1.000000 0.147721 0.693193 0.165646 0.463085 0.126990 0.556391 -0.023774 0.253364 -0.223495 -0.205094 -0.308293 -0.376865 -0.146862 -0.005328 -0.382643 0.054082 -0.326696 -0.207823 -0.137810 0.083015 -0.135168 0.079314 -0.240755 -0.026738 -0.154792 -0.156496 0.011393 0.438978 -0.254180 -0.036689 -0.229384 0.070776 -0.385778 -0.319283 -0.402705 -0.389338 0.081749 0.349211 -0.279771 -0.384387 -0.092713 0.240154 -0.195973 0.111022 -0.123763 -0.380901 -0.211479 -0.306599 -0.388418 -0.552087 0.189976 0.140904 0.292189 0.615874 -0.001071 0.208456 0.328836 0.688492 -0.284524 0.072455 -0.350300 -0.011421 -0.209543 -0.106758 -0.212632 -0.495614 -0.422508 -0.419061 -0.324241 -0.441480 -0.186768 -0.172810 -0.258847 -0.299868 0.237097 -0.131756 -0.104456 -0.237108 -0.063589 -0.108858 0.391402 0.291987 0.286636 -0.011940 0.382089 0.143073 0.028694 0.141747 -0.455186 -0.265751 -0.214145 -0.212565 0.065270 -0.128607 -0.037330 -0.034643 0.129495 0.276222 0.359002 0.297912 -0.038240 -0.280174 -0.326334 -0.108900 0.059173 0.109482 -0.023526 0.347995
0.022322 -0.249673 0.030487 -0.097940 0.298733 0.286549 0.180808 0.147721 1.000000 0.254509 0.342106 0.123924 0.443026 0.209101 0.468254 0.246236 -0.062263 -0.020843 -0.228756 -0.410578 -0.134120 0.076381 0.101949 0.042915 -0.001478 0.065673 0.174384 0.156807 0.211003 0.062906 0.000730 0.057966 -0.204445 -0.060133 0.089702 0.287682 0.076211 0.075980 -0.017019 0.025333 -0.071069 -0.074918 -0.126702 -0.153945 0.122366 0.119221 0.003714 -0.129288 -0.036221 -0.089389 0.159732 0.096817 -0.140666 0.080152 -0.064734 0.111858 0.006600 -0.079269 0.024920 -0.223716 0.227329 0.097880 0.012304 0.005083 0.511883 0.327449 -0.278213 -0.080086 -0.274777 -0.275200 0.161709 0.160146 -0.080830 -0.136054 -0.136955 -0.013543 -0.039491 -0.068495 -0.044934 0.019109 -0.143203 -0.080587 0.041823 -0.223776 0.082161 -0.201022 0.055425 -0.082495 0.325172 -0.089894 -0.103049 -0.070097 0.034201 -0.047171 -0.116498 -0.065572 0.078099 -0.200891 -0.046570 -0.230789 -0.112693 -0.420329 -0.105496 -0.195662 -0.116978 -0.048894 -0.277319 -0.087656 -0.231286 0.002461 -0.092299 -0.184726 -0.181304 -0.190968 -0.005660 -0.123496
0.103314 0.267573 -0.466254 -0.187623 0.487187 0.438798 0.002186 0.693193 0.254509 1.000000 0.080075 0.452536 0.167355 0.576862 0.095461 0.295024 -0.127452 -0.034431 -0.495302 -0.254825 -0.148501 -0.100909 -0.503239 0.033336 -0.461580 -0.436198 -0.167425 -0.019989 0.026328 0.195819 -0.500797 -0.241733 -0.155733 -0.055336 -0.047894 0.433203 -0.097932 0.071642 -0.129257 0.203489 -0.228792 -0.129180 -0.458620 -0.577453 0.137529 0.341934 -0.308349 -0.549377 -0.144907 0.307308 -0.474395 -0.133137 -0.032839 -0.390330 -0.135593 -0.154967 -0.103891 -0.422875 0.310951 0.174372 0.373252 0.627517 0.019528 0.284618 0.223333 0.607409 -0.334285 -0.149025 -0.333527 0.084920 -0.227405 0.038600 -0.212324 -0.460943 -0.441917 -0.282051 -0.338349 -0.378723 -0.229285 -0.067422 -0.034961 -0.136845 0.214542 -0.060155 -0.054492 -0.256303 -0.109658 -0.204688 0.425897 0.370135 0.267791 0.036373 0.367290 0.054125 -0.113533 0.175164 -0.389435 -0.195096 -0.111065 -0.008942 -0.103871 -0.029868 0.033267 -0.014808 0.172363 0.442669 0.270969 0.281301 -0.077240 -0.367105 -0.329918 -0.084526 0.125599 0.031766 0.166990 0.215359
0.458207 -0.078948 0.307655 0.127059 -0.065626 0.193693 0.060349 0.165646 0.342106 0.080075 1.000000 0.451447 0.645135 0.408156 0.566620 0.524792 -0.092263 -0.129984 -0.051911 -0.306039 -0.143146 0.182102 0.162367 -0.030881 -0.048768 0.174867 0.374102 0.401270 0.074118 -0.077207 -0.232080 -0.203379 -0.212246 -0.293757 0.151878 0.066058 0.013767 -0.168438 -0.060917 -0.212259 -0.159866 -0.117294 0.068136 0.171086 -0.276501 -0.221676 -0.043388 0.029732 0.124469 -0.413999 0.392392 0.367718 -0.490384 -0.067553 -0.195741 -0.299546 0.009505 0.035960 -0.132919 -0.421778 0.367788 0.076713 -0.027874 -0.096851 0.440032 0.392756 -0.404156 -0.096311 -0.252263 0.206030 -0.106033 0.028469 -0.163349 -0.048637 0.073553 0.213912 0.117504 0.020009 0.064536 0.069969 -0.292939 -0.350931 0.302429 -0.395845 0.191692 0.009986 0.029346 0.121397 0.031183 -0.033451 -0.101286 -0.171974 -0.054011 -0.069291 -0.100068 -0.148235 -0.154527 -0.149936 -0.504461 -0.548949 0.029589 -0.389871 -0.241997 -0.004651 -0.222432 -0.055213 -0.135705 0.205403 -0.279606 0.047150 0.012384 -0.135681 -0.184621 -0.129921 0.004842 0.184510
0.154108 0.412712 -0.264042 -0.114661 0.185370 0.126600 -0.091354 0.463085 0.123924 0.452536 0.451447 1.000000 0.392668 0.738844 0.168343 0.548375 0.053355 0.149904 -0.427317 -0.287861 -0.023555 -0.038729 -0.436314 -0.247007 -0.369426 -0.284095 -0.096069 0.000162 0.172995 0.460482 -0.339732 -0.175275 0.149257 0.081034 0.109306 0.201263 0.098260 0.046756 -0.261816 -0.009526 -0.022198 -0.174309 -0.386195 -0.283763 -0.080075 0.037360 -0.382766 -0.406853 -0.009928 0.070958 -0.153869 0.196991 -0.234417 -0.453939 -0.290449 -0.296544 -0.249150 -0.194154 0.073600 -0.124789 0.394098 0.516513 0.166700 0.249609 0.253263 0.636018 -0.309751 -0.169504 -0.352245 -0.028530 -0.047605 0.170343 0.032029 -0.087730 -0.040760 0.063585 0.214199 -0.024192 0.115899 0.054396 -0.104496 -0.101832 0.133317 -0.063195 -0.154052 0.139118 -0.129131 -0.094300 0.016663 0.157038 -0.054711 -0.325686 0.038242 -0.183735 -0.355399 0.069759 -0.457008 -0.400931 -0.374468 -0.314419 -0.258252 -0.123393 -0.102586 -0.010513 0.080603 0.104776 0.111363 0.186901 -0.223670 -0.326826 -0.326538 -0.233939 0.255099 -0.053006 0.006040 0.256606
0.194734 0.157548 -0.011188 -0.142749 0.089763 0.275219 0.111092 0.126990 0.443026 0.167355 0.645135 0.392668 1.000000 0.504694 0.468766 0.413733 0.092999 -0.012810 -0.193185 -0.225964 -0.195242 -0.041829 -0.023413 -0.229686 -0.037473 -0.129320 0.219551 0.173877 0.260229 0.140145 -0.334768 -0.318023 -0.116745 -0.137540 0.014063 0.233239 -0.057007 -0.051520 -0.017130 -0.213082 -0.077271 -0.115836 -0.235671 -0.190184 -0.129154 -0.077721 -0.162733 -0.292911 0.007933 -0.118310 0.078265 0.124979 -0.284012 -0.090222 -0.139152 -0.178265 -0.118277 0.089648 0.123016 -0.066786 0.428135 0.280602 0.185650 0.174419 0.421274 0.311146 -0.219551 -0.210302 -0.070674 0.124800 -0.081599 0.021051 0.079048 -0.138058 0.025526 -0.031436 0.067375 0.104590 -0.060692 -0.111349 -0.079567 -0.065343 0.114717 -0.181623 0.060128 -0.120410 0.015845 -0.101522 0.090522 0.034415 -0.027292 -0.287044 -0.169999 -0.232486 -0.157527 -0.038267 -0.216549 -0.255654 -0.168444 -0.380677 -0.069592 -0.105870 -0.111020 -0.144942 -0.157152 -0.138424 -0.121885 0.084902 -0.040404 -0.114153 -0.246460 -0.203030 0.110946 -0.302193 -0.017416 -0.070458
0.068144 0.495673 -0.350202 -0.329107 0.372417 0.262289 -0.142748 0.556391 0.209101 0.576862 0.408156 0.738844 0.504694 1.000000 -0.054556 0.399881 0.118364 0.196045 -0.494896 -0.214023 -0.343442 -0.073241 -0.572065 -0.382992 -0.430585 -0.461849 -0.194612 -0.206478 0.281698 0.492831 -0.499685 -0.369174 0.097428 0.116798 -0.074846 0.233880 0.001373 -0.005330 -0.246476 -0.047401 -0.056967 -0.256887 -0.373934 -0.417692 -0.005920 0.044101 -0.288571 -0.452974 0.032917 0.297494 -0.182004 0.184061 -0.079953 -0.392056 -0.186581 -0.206609 -0.308508 -0.247371 0.265605 0.215867 0.517468 0.738518 0.380335 0.516446 0.127226 0.465513 -0.224612 -0.200034 -0.270059 0.256830 -0.411489 0.015200 0.061674 -0.417412 -0.291332 -0.229103 -0.083356 -0.177601 -0.093435 -0.119072 0.029711 0.043730 -0.039237 -0.059969 -0.339912 -0.197411 -0.179204 -0.327893 0.114534 0.098262 0.232795 -0.204975 -0.025591 -0.287633 -0.295205 0.259148 -0.352712 -0.244644 -0.114300 -0.172993 -0.197638 -0.068962 0.046812 0.036009 0.082468 0.235289 0.242839 0.247014 -0.154316 -0.331787 -0.371824 -0.178949 0.294691 0.062705 0.023757 0.267188
0.199643 -0.294086 0.198094 0.396221 -0.203050 0.114679 0.165766 -0.023774 0.468254 0.095461 0.566620 0.168343 0.468766 -0.054556 1.000000 0.587867 -0.144291 -0.215429 0.129718 -0.165109 0.008874 0.110497 0.549281 0.327026 0.055138 0.286310 0.417590 0.596786 0.060515 -0.272124 -0.044649 0.105598 -0.237957 -0.271332 0.239484 0.021848 0.111417 -0.001011 0.107645 0.074527 -0.146279 0.150972 0.018669 0.067417 -0.399276 -0.209524 -0.012263 0.011186 -0.329267 -0.554002 0.193407 0.063651 -0.387592 0.149968 -0.067517 0.029898 0.173183 0.212456 -0.344854 -0.465283 -0.071235 -0.260971 -0.280549 -0.418101 0.545594 0.298852 -0.489170 -0.204588 -0.134157 -0.235369 0.107301 0.051709 -0.278129 0.101424 0.068948 0.254365 0.141765 -0.022880 0.036186 0.181108 -0.235032 -0.257754 0.528774 -0.091622 0.570365 0.231554 0.267734 0.367776 0.250620 0.171943 -0.316577 -0.163351 0.113928 0.072245 -0.080414 -0.272383 -0.144893 -0.099987 -0.329420 -0.407255 -0.042724 -0.280294 -0.433251 -0.195779 -0.304714 -0.055997 -0.351942 -0.128834 -0.240445 -0.009778 0.018582 -0.040177 -0.139673 -0.240732 0.264670 -0.065089
0.242259 0.216919 -0.141195 0.156410 -0.065952 0.033710 -0.165055 0.253364 0.246236 0.295024 0.524792 0.548375 0.413733 0.399881 0.587867 1.000000 0.120392 0.136229 -0.224449 -0.028269 -0.141061 -0.012505 -0.027481 -0.022357 -0.142271 -0.131591 0.108032 0.221421 0.234883 0.134986 -0.406133 -0.235029 -0.058832 -0.214573 -0.016932 0.022940 0.189380 0.222469 0.112289 0.189930 0.005967 0.165074 -0.301296 -0.260395 -0.593334 -0.360417 -0.229685 -0.286396 -0.425460 -0.366516 -0.118864 0.025809 -0.205934 -0.152437 -0.059005 -0.062903 0.048584 0.091569 -0.017480 -0.111161 0.241127 0.233634 0.036373 0.003011 0.153742 0.402037 -0.391858 -0.480494 -0.094312 0.044520 -0.092593 -0.090700 -0.092352 -0.087592 -0.048236 0.177668 0.128419 -0.053485 0.160815 0.285879 0.056100 0.034774 0.372046 0.220455 0.153991 0.235019 0.196457 0.272457 0.289428 0.359219 -0.039767 -0.275733 0.143662 -0.067749 -0.178766 0.103012 -0.435086 -0.162100 -0.234651 -0.289182 -0.145609 -0.069808 -0.137180 -0.016682 0.007479 0.097050 -0.052497 0.072119 -0.074094 -0.281210 -0.227943 -0.016438 0.086385 -0.011742 0.232194 -0.040793
0.035275 0.513377 -0.443998 -0.367913 -0.201865 -0.517733 -0.451640 -0.223495 -0.062263 -0.127452 -0.092263 0.053355 0.092999 0.118364 -0.144291 0.120392 1.000000 0.769781 -0.067258 0.472540 -0.385236 -0.421148 -0.334871 -0.506852 0.080274 -0.430667 -0.376227 -0.460244 0.753574 0.629793 -0.041378 -0.147673 0.522845 0.580510 -0.283332 -0.265540 0.483119 0.086731 -0.242424 -0.319146 0.571279 0.020416 -0.301417 -0.285340 -0.329545 -0.432409 -0.283427 -0.286409 -0.366557 -0.083822 -0.355688 -0.457346 0.250830 -0.193252 0.132242 0.051395 0.205543 0.298323 0.187611 0.393939 0.198936 0.145567 0.638066 0.592901 -0.453160 -0.292683 0.364604 -0.418134 0.416401 0.038042 -0.089448 -0.015543 0.703798 0.320000 0.309184 0.287129 0.478274 0.365104 0.445134 0.485362 0.827463 0.799853 -0.303025 0.276607 -0.119800 -0.078304 -0.292177 -0.243037 -0.167106 -0.066075 -0.216062 -0.619522 -0.530947 -0.502868 -0.421463 -0.111144 -0.005233 -0.232655 0.263866 0.085088 -0.196061 0.116674 0.321140 0.021271 0.042388 -0.220426 -0.074161 -0.146402 -0.075103 -0.306904 -0.446571 0.083829 0.069829 -0.066216 -0.070507 -0.052340
0.031539 0.597126 -0.552372 -0.486449 0.002646 -0.346549 -0.522493 -0.205094 -0.020843 -0.034431 -0.129984 0.149904 -0.012810 0.196045 -0.215429 0.136229 0.769781 1.000000 -0.219852 0.485067 -0.209836 -0.383471 -0.446660 -0.488616 -0.071697 -0.495915 -0.335546 -0.501408 0.674432 0.603084 -0.107180 -0.240089 0.505111 0.528726 -0.234483 -0.216589 0.530058 0.186829 -0.150911 -0.128668 0.624789 0.153587 -0.312441 -0.370875 -0.246853 -0.380783 -0.264281 -0.305323 -0.261680 0.076927 -0.405979 -0.420191 0.244034 -0.131054 0.037077 -0.057210 0.105188 0.244541 0.226870 0.380165 0.166177 0.241544 0.548387 0.563746 -0.501338 -0.276469 0.287992 -0.447983 0.286439 0.121910 -0.080711 -0.083926 0.589870 0.229158 0.203166 0.197214 0.372079 0.420869 0.261316 0.421688 0.797876 0.805186 -0.239366 0.416213 -0.091308 -0.076680 -0.207069 -0.209492 -0.162528 -0.127590 -0.083057 -0.404229 -0.438832 -0.397759 -0.334550 0.106888 -0.059932 -0.264949 0.213778 0.134264 -0.324836 0.132690 0.347725 0.042740 -0.005055 -0.094863 -0.038890 -0.115377 -0.023901 -0.229453 -0.415890 0.052360 0.099952 -0.069764 -0.058537 -0.084727
0.021914 -0.183574 0.476496 0.306417 -0.368368 -0.434682 0.383586 -0.308293 -0.228756 -0.495302 -0.051911 -0.427317 -0.193185 -0.494896 0.129718 -0.224449 -0.067258 -0.219852 1.000000 0.394603 -0.074146 -0.097392 0.524439 0.177880 0.168861 0.193206 0.168692 0.051357 0.024663 -0.334170 0.394300 0.199956 0.142869 -0.001490 -0.050287 -0.535438 0.056176 -0.311314 -0.047572 -0.162957 -0.052049 0.027188 0.349352 0.275484 -0.211309 -0.334958 0.227505 0.293194 -0.104176 -0.338980 0.199918 -0.096583 -0.066614 0.084415 0.044383 0.088862 0.166048 0.291690 -0.435284 -0.142570 -0.416782 -0.537566 -0.188620 -0.327082 0.026410 -0.507273 0.002876 0.053395 0.213768 -0.165051 -0.061949 -0.149839 0.089707 0.321127 0.252840 0.044323 0.044015 -0.034479 -0.027994 0.032136 -0.099582 -0.114927 0.291912 0.148187 0.234707 0.127310 0.014822 0.057981 -0.166390 -0.201581 -0.118819 0.211495 -0.234861 0.138705 0.063954 -0.200056 0.261271 0.217554 0.143159 0.072556 0.242219 0.005463 -0.044442 0.042238 -0.216958 -0.157161 -0.113221 -0.109358 0.008571 0.143916 0.198088 0.199059 -0.078737 0.090422 0.082741 -0.018325
0.017963 0.356504 -0.291814 -0.119645 -0.302980 -0.521302 -0.233379 -0.376865 -0.410578 -0.254825 -0.306039 -0.287861 -0.225964 -0.214023 -0.165109 -0.028269 0.472540 0.485067 0.394603 1.000000 -0.157482 -0.399232 -0.055698 -0.022124 0.039925 -0.268207 -0.299584 -0.300682 0.289703 0.120306 0.117109 -0.006354 0.308306 0.444724 -0.239740 -0.575906 0.290060 0.098148 0.089372 -0.136629 0.423412 0.276786 -0.070534 -0.177487 -0.338624 -0.402215 -0.121746 -0.116386 -0.353413 -0.082458 -0.391414 -0.452233 0.167349 -0.070392 -0.039190 -0.074866 0.211888 0.314659 0.020584 0.269717 -0.197433 -0.130043 0.207284 0.160375 -0.494457 -0.597459 0.177047 -0.292672 0.376986 0.160399 -0.205767 -0.403802 0.384202 0.223387 0.113729 -0.030894 0.095564 0.217504 0.117817 0.222681 0.632760 0.585248 0.015297 0.620609 0.031160 0.097269 -0.142871 0.028925 -0.324541 -0.162603 -0.064817 0.026479 -0.335571 -0.149707 -0.119791 0.057112 -0.017327 0.041520 0.293322 0.250748 -0.056520 0.253065 0.147631 0.128456 -0.080973 0.159636 0.093832 -0.065556 -0.029346 -0.006848 -0.112364 0.338000 0.143286 0.114793 0.215595 -0.020706
-0.128924 -0.306234 0.140507 0.209464 0.016919 0.148437 0.057717 -0.146862 -0.134120 -0.148501 -0.143146 -0.023555 -0.195242 -0.343442 0.008874 -0.141061 -0.385236 -0.209836 -0.074146 -0.157482 1.000000 0.461325 0.206968 0.313043 0.190281 0.308690 0.259273 0.288222 -0.348362 -0.252793 0.118481 0.219359 -0.144201 -0.246060 0.156727 0.085638 -0.091098 0.261369 0.356282 0.347450 0.069116 0.251436 0.211786 0.279555 0.133564 0.163492 0.113564 0.243911 0.229648 -0.048961 0.170935 0.159209 0.013197 0.170161 0.054835 -0.095608 0.126758 -0.053666 -0.187816 -0.390467 -0.313002 -0.392579 -0.430100 -0.513131 -0.030837 -0.047689 -0.131940 0.141211 -0.120129 -0.069835 0.501953 0.396833 -0.103388 0.262945 0.198022 0.164847 -0.062807 0.069276 0.043202 -0.028611 -0.277934 -0.295271 0.097485 0.049851 0.171979 0.235571 0.282818 0.420217 -0.184476 0.066482 -0.005313 0.250658 0.230222 0.161238 0.156292 -0.242372 -0.018077 0.080539 -0.243882 -0.005297 -0.163850 0.087021 -0.181154 -0.237662 0.054598 -0.011607 -0.058685 -0.079892 0.154444 0.242727 0.233465 -0.043954 -0.116335 -0.133327 -0.030696 -0.244284
-0.055301 -0.588192 0.520067 0.338288 -0.001537 0.355360 0.153329 -0.005328 0.076381 -0.100909 0.182102 -0.038729 -0.041829 -0.073241 0.110497 -0.012505 -0.421148 -0.383471 -0.097392 -0.399232 0.461325 1.000000 0.325899 0.283904 0.120913 0.541765 0.378270 0.473570 -0.319241 -0.393651 0.096597 0.261073 -0.167029 -0.357466 0.476245 0.136713 -0.176576 0.012035 0.298364 0.336935 -0.203561 0.006978 0.362265 0.482459 -0.050236 0.011012 0.202618 0.367055 0.321987 -0.347934 0.529541 0.329781 -0.153822 0.186662 0.251204 -0.011786 0.178508 0.045147 -0.130084 -0.382695 -0.087081 -0.331574 -0.375812 -0.498469 0.214561 0.159286 -0.103996 0.366803 -0.248731 0.060442 0.113120 0.299443 -0.395692 -0.044322 -0.047082 0.145087 -0.238596 -0.178285 0.198055 -0.008279 -0.432957 -0.466374 -0.051947 -0.348159 0.078143 0.038365 0.168603 0.192891 0.060082 0.148480 -0.104060 0.184314 0.296032 0.203742 0.221278 -0.046023 0.019193 0.175704 -0.515810 -0.287773 -0.042945 -0.239370 -0.338985 -0.207237 -0.058572 -0.161198 -0.368653 -0.022744 0.080598 0.226864 0.381840 -0.211218 -0.371328 -0.069791 -0.094399 -0.256639
-0.170552 -0.697843 0.633344 0.663182 -0.407521 -0.020836 0.231649 -0.382643 0.101949 -0.503239 0.162367 -0.436314 -0.023413 -0.572065 0.549281 -0.027481 -0.334871 -0.446660 0.524439 -0.055698 0.206968 0.325899 1.000000 0.555768 0.398462 0.769457 0.487047 0.572647 -0.289908 -0.615287 0.424278 0.407867 -0.217286 -0.319044 0.302103 -0.216747 -0.064110 -0.089490 0.229703 -0.018759 -0.149974 0.159364 0.516022 0.619398 -0.173781 -0.166426 0.407826 0.587269 -0.134340 -0.571350 0.595875 0.250042 -0.093659 0.449766 0.152310 0.240666 0.121417 0.365636 -0.677933 -0.515604 -0.581897 -0.774336 -0.448968 -0.742752 0.267878 -0.191365 -0.206720 0.150237 0.059700 -0.254186 0.183478 0.107907 -0.297884 0.281508 0.236562 0.235736 0.072728 0.041308 0.107329 0.105242 -0.371424 -0.320889 0.223098 -0.185146 0.560172 0.376252 0.391519 0.436967 -0.047395 -0.112697 -0.254400 0.127005 0.105264 0.197518 0.102029 -0.320770 0.273022 0.222871 -0.139303 -0.229424 0.182824 -0.253974 -0.442296 -0.202414 -0.280500 -0.175105 -0.425263 -0.360469 -0.115055 0.330001 0.435781 0.089237 -0.357949 -0.080492 0.042984 -0.158773
-0.224481 -0.687138 0.300863 0.602644 0.063659 0.283227 0.379122 0.054082 0.042915 0.033336 -0.030881 -0.247007 -0.229686 -0.382992 0.327026 -0.022357 -0.506852 -0.488616 0.177880 -0.022124 0.313043 0.283904 0.555768 1.000000 0.220333 0.551254 0.229874 0.619196 -0.430140 -0.609095 0.302052 0.512690 -0.446440 -0.273782 0.164551 -0.018719 -0.211214 0.070232 0.226456 0.146678 -0.251785 0.067611 0.164466 0.262863 0.070231 0.323863 0.013230 0.171738 -0.147953 -0.253851 0.234694 0.119874 -0.191079 0.109643 -0.179227 -0.068173 -0.056707 -0.184082 -0.360128 -0.444224 -0.431253 -0.444705 -0.525464 -0.634918 0.397073 0.133074 -0.382433 0.373707 -0.345883 -0.377062 0.103434 -0.019903 -0.437590 -0.090094 -0.059438 -0.116348 -0.265205 -0.219720 -0.103725 -0.014346 -0.388440 -0.417940 0.402427 -0.101106 0.476144 0.351636 0.340389 0.492507 0.132027 0.036322 -0.084979 0.356476 0.446497 0.437672 0.124926 -0.234075 -0.093604 0.008021 -0.331552 -0.254599 0.115449 -0.279172 -0.509705 -0.400084 -0.281403 0.266439 -0.103198 -0.186985 -0.132287 0.228849 0.216302 -0.158836 -0.386403 -0.257696 0.122361 -0.099752
-0.276051 -0.349895 0.385197 0.205408 -0.232546 -0.210407 -0.016566 -0.326696 -0.001478 -0.461580 -0.048768 -0.369426 -0.037473 -0.430585 0.055138 -0.142271 0.080274 -0.071697 0.168861 0.039925 0.190281 0.120913 0.398462 0.220333 1.000000 0.461264 0.275250 0.228665 -0.024629 -0.316061 0.486031 0.358975 -0.057309 -0.062796 0.135758 -0.267052 -0.234686 -0.013025 0.048103 -0.154584 0.062875 0.055791 0.349885 0.463455 -0.019568 0.011122 0.281911 0.345616 0.070377 -0.187992 0.383386 0.189923 0.089801 0.354681 0.168768 0.080949 0.126301 0.238819 -0.296262 -0.168405 -0.308113 -0.464185 -0.166204 -0.284505 -0.106655 -0.402730 0.051278 0.225797 -0.142557 -0.241960 0.289810 0.132247 -0.014668 0.114938 0.193053 0.274674 0.138745 0.330657 0.194630 0.039280 -0.089327 -0.039143 -0.138450 -0.070141 0.108625 0.073571 -0.010480 0.129462 -0.320336 -0.148735 -0.048473 -0.032133 -0.147387 -0.123799 0.102152 -0.301148 0.351786 0.092303 0.144071 -0.005247 0.054534 -0.107093 -0.130248 -0.240480 -0.302311 -0.094750 -0.108747 -0.332122 0.130903 0.337776 0.217274 0.045870 -0.136080 -0.046511 0.019535 -0.198054
-0.142385 -0.769984 0.684792 0.661667 -0.317128 0.212623 0.194163 -0.207823 0.065673 -0.436198 0.174867 -0.284095 -0.129320 -0.461849 0.286310 -0.131591 -0.430667 -0.495915 0.193206 -0.268207 0.308690 0.541765 0.769457 0.551254 0.461264 1.000000 0.498513 0.695616 -0.487941 -0.657820 0.494644 0.533909 -0.261875 -0.333230 0.446341 -0.018043 -0.303137 -0.133145 0.225210 -0.021389 -0.287354 -0.011340 0.476730 0.738644 0.042461 0.084614 0.315194 0.578353 0.095806 -0.474322 0.697309 0.412378 -0.269182 0.327436 0.099952 0.126422 -0.007283 0.129719 -0.540783 -0.564402 -0.419103 -0.641224 -0.464918 -0.679825 0.306887 0.030516 -0.110951 0.439800 -0.180486 -0.261835 0.207096 0.163972 -0.410844 0.170201 0.199725 0.245807 0.017384 0.077671 0.156220 0.048372 -0.576417 -0.508603 0.021550 -0.440910 0.285567 0.242406 0.316688 0.351392 -0.086232 -0.090838 -0.180970 0.173582 0.273587 0.271618 0.164310 -0.358383 0.266060 0.198975 -0.337873 -0.332068 0.176585 -0.372351 -0.441790 -0.164998 -0.214303 -0.164159 -0.298889 -0.227300 -0.134030 0.371877 0.536108 -0.079409 -0.480715 -0.015254 -0.114851 -0.063514
0.041879 -0.418079 0.553635 0.299855 -0.236472 0.171689 0.193635 -0.137810 0.174384 -0.167425 0.374102 -0.096069 0.219551 -0.194612 0.417590 0.108032 -0.376227 -0.335546 0.168692 -0.299584 0.259273 0.378270 0.487047 0.229874 0.275250 0.498513 1.000000 0.604098 -0.239448 -0.520893 0.104433 -0.012060 -0.374624 -0.549283 0.275128 -0.055814 -0.253395 -0.047799 0.168182 0.066147 -0.334634 0.018898 0.511794 0.517832 -0.076953 -0.100046 0.460366 0.396219 0.241620 -0.351844 0.605364 0.439223 -0.305434 0.398408 0.089193 0.143750 -0.009055 0.207977 -0.458773 -0.379826 -0.248426 -0.363131 -0.509983 -0.467713 0.294705 0.055111 -0.287003 0.135985 -0.265536 -0.019667 0.127448 0.224889 -0.341952 0.081809 0.154999 0.142443 -0.107018 -0.066567 -0.056162 -0.075485 -0.551842 -0.480458 0.188508 -0.310845 0.244228 0.044143 0.101707 0.243586 0.004143 -0.006048 -0.068648 0.222711 0.085672 0.176021 0.232094 -0.351597 0.260411 0.247670 -0.193431 -0.241200 0.029584 -0.139239 -0.253103 -0.233525 -0.285908 -0.016220 -0.139912 -0.069090 -0.010697 0.196355 0.337245 -0.101448 -0.321023 0.063225 0.123222 -0.126015
0.045138 -0.580878 0.490934 0.589638 -0.151764 0.456176 0.382453 0.083015 0.156807 -0.019989 0.401270 0.000162 0.173877 -0.206478 0.596786 0.221421 -0.460244 -0.501408 0.051357 -0.300682 0.288222 0.473570 0.572647 0.619196 0.228665 0.695616 0.604098 1.000000 -0.409876 -0.678343 0.171277 0.316367 -0.411445 -0.494365 0.254751 0.027283 -0.357588 -0.165659 0.129653 0.063335 -0.363965 0.024761 0.141592 0.361935 -0.120065 0.126075 0.017414 0.138163 -0.024390 -0.473330 0.402400 0.307020 -0.529502 0.176706 -0.175362 -0.172020 -0.020843 -0.006778 -0.303246 -0.524299 -0.130193 -0.353096 -0.477128 -0.604586 0.575715 0.342147 -0.340942 0.306004 -0.357379 -0.227286 0.099208 0.075849 -0.483488 -0.057616 -0.008134 0.075752 -0.112688 -0.161158 -0.068892 -0.040492 -0.610683 -0.639002 0.425880 -0.336218 0.450339 0.286823 0.366128 0.534586 0.269321 0.182329 -0.221636 0.150276 0.358538 0.406163 0.152384 -0.385763 -0.089774 -0.058730 -0.569006 -0.502732 0.099201 -0.379095 -0.455135 -0.202351 -0.278887 -0.065443 -0.240735 -0.057837 -0.090260 0.081951 0.146439 -0.238564 -0.434579 -0.187995 0.088611 -0.069577
0.033653 0.422945 -0.369069 -0.324830 0.022083 -0.369788 -0.231132 -0.135168 0.211003 0.026328 0.074118 0.172995 0.260229 0.281698 0.060515 0.234883 0.753574 0.674432 0.024663 0.289703 -0.348362 -0.319241 -0.289908 -0.430140 -0.024629 -0.487941 -0.239448 -0.409876 1.000000 0.663649 -0.039527 -0.155458 0.464595 0.447428 -0.276316 -0.177076 0.596698 0.025263 -0.262761 -0.181602 0.574752 0.101992 -0.265953 -0.402782 -0.359868 -0.486726 -0.228559 -0.395344 -0.330357 -0.094671 -0.333111 -0.320743 0.146710 -0.114271 0.083275 0.084839 0.172544 0.107478 0.107756 0.210780 0.210629 0.162252 0.560737 0.539481 -0.233270 -0.210086 0.058434 -0.476814 0.155072 -0.125875 -0.105344 0.137069 0.694900 0.313334 0.348903 0.262694 0.433275 0.237467 0.247165 0.296057 0.634034 0.612020 -0.016296 0.279603 -0.050396 -0.171009 -0.202437 -0.289367 -0.104974 0.013193 -0.163450 -0.458538 -0.477377 -0.411008 -0.507495 -0.120038 -0.149237 -0.304621 0.162356 0.081325 -0.332393 0.115680 0.193687 -0.099928 -0.059491 -0.153142 -0.173492 -0.056278 -0.092007 -0.311220 -0.535772 -0.010058 0.145983 -0.116249 0.067930 -0.158896
0.043715 0.592730 -0.660759 -0.479072 0.178115 -0.299138 -0.421390 0.079314 0.062906 0.195819 -0.077207 0.460482 0.140145 0.492831 -0.272124 0.134986 0.629793 0.603084 -0.334170 0.120306 -0.252793 -0.393651 -0.615287 -0.609095 -0.316061 -0.657820 -0.520893 -0.678343 0.663649 1.000000 -0.199341 -0.248198 0.471094 0.531113 -0.191898 0.131458 0.537017 0.289450 -0.243294 -0.099162 0.578319 0.003068 -0.430583 -0.503853 -0.045201 -0.141620 -0.294763 -0.407602 -0.190250 0.239847 -0.466358 -0.295062 0.286522 -0.224698 0.048611 0.006401 -0.053717 -0.093018 0.243764 0.272582 0.283882 0.466345 0.576172 0.656849 -0.303603 0.080953 0.086424 -0.469185 0.216735 -0.013130 -0.030571 0.225248 0.627195 0.180550 0.139051 0.161496 0.463283 0.259445 0.259870 0.166244 0.611156 0.640246 -0.303339 0.235363 -0.314097 -0.143073 -0.324171 -0.366962 -0.166191 0.046139 -0.118820 -0.510948 -0.368550 -0.552982 -0.402835 0.126883 -0.257151 -0.270603 0.165393 0.185698 -0.318900 0.257393 0.252604 0.146813 0.344263 -0.027098 0.049041 0.003953 -0.123335 -0.299295 -0.462048 0.048274 0.381484 0.025192 -0.042716 0.096346
-0.282523 -0.393133 0.348796 0.335457 -0.294776 -0.246643 0.158384 -0.240755 0.000730 -0.500797 -0.232080 -0.339732 -0.334768 -0.499685 -0.044649 -0.406133 -0.041378 -0.107180 0.394300 0.117109 0.118481 0.096597 0.424278 0.302052 0.486031 0.494644 0.104433 0.171277 -0.039527 -0.199341 1.000000 0.684197 0.141696 0.236109 0.182853 -0.371629 0.086666 -0.206774 -0.197294 -0.195560 0.088415 -0.014907 0.348713 0.421544 0.078758 -0.066595 0.252553 0.412118 0.045974 -0.127328 0.301972 0.178125 0.047810 0.289886 0.014138 0.030794 0.042189 0.044474 -0.436381 -0.222624 -0.489935 -0.447240 -0.173107 -0.180856 0.036693 -0.318051 -0.021539 0.217777 -0.203307 -0.533500 0.162763 0.022536 0.207659 0.381434 0.346542 0.183378 0.232628 0.097685 0.104827 0.011673 -0.108063 -0.002226 -0.083108 -0.032996 0.040764 0.069082 -0.216518 -0.073622 -0.351472 -0.425850 -0.388547 0.012418 -0.180137 -0.026730 -0.026874 -0.335721 0.317761 -0.027583 -0.017279 -0.046922 0.181943 -0.240254 -0.112933 -0.160004 -0.192137 -0.095940 -0.093485 -0.270976 -0.222827 0.297087 0.185637 0.123575 -0.093048 0.102274 0.090839 0.028728
-0.329734 -0.453194 0.270928 0.417146 0.058736 -0.082340 0.237097 -0.026738 0.057966 -0.241733 -0.203379 -0.175275 -0.318023 -0.369174 0.105598 -0.235029 -0.147673 -0.240089 0.199956 -0.006354 0.219359 0.261073 0.407867 0.512690 0.358975 0.533909 -0.012060 0.316367 -0.155458 -0.248198 0.684197 1.000000 -0.090139 0.289935 0.325886 -0.069324 -0.010053 -0.116564 -0.031408 -0.038201 -0.039608 -0.081426 0.160076 0.256675 0.118317 0.152293 -0.028073 0.240224 -0.082299 -0.109640 0.171429 0.010572 -0.056666 0.140805 -0.139710 -0.129652 -0.052113 -0.130515 -0.364433 -0.276290 -0.391430 -0.355679 -0.178856 -0.345339 0.198504 -0.082853 -0.056578 0.421414 -0.267886 -0.499776 0.218582 0.008235 -0.108849 0.087269 0.032217 -0.022638 0.002361 0.035170 0.144635 0.028251 -0.179694 -0.096050 0.039341 -0.009925 0.245949 0.277111 0.034192 0.113213 -0.112048 -0.229270 -0.304072 0.029758 -0.016907 -0.079107 -0.074099 -0.301262 0.132394 -0.157992 -0.212280 -0.217165 0.015366 -0.348825 -0.276871 -0.392958 -0.299631 -0.027944 -0.059497 -0.267159 -0.150389 0.217360 0.137069 -0.113832 -0.096749 -0.109761 -0.044396 -0.063676
-0.035170 0.427517 -0.286340 -0.157658 -0.220109 -0.338882 -0.238211 -0.154792 -0.204445 -0.155733 -0.212246 0.149257 -0.116745 0.097428 -0.237957 -0.058832 0.522845 0.505111 0.142869 0.308306 -0.144201 -0.167029 -0.217286 -0.446440 -0.057309 -0.261875 -0.374624 -0.411445 0.464595 0.471094 0.141696 -0.090139 1.000000 0.619155 -0.032490 -0.317285 0.431125 -0.050494 -0.391976 -0.242833 0.399929 -0.066744 -0.254521 -0.204418 -0.221894 -0.329041 -0.227137 -0.212221 -0.241572 -0.038804 -0.226958 -0.297476 0.123584 -0.327795 -0.017213 -0.010741 0.200642 0.275216 -0.013016 0.213285 0.001406 0.071341 0.496352 0.413343 -0.284992 -0.224968 0.252129 -0.263522 0.315082 0.019929 -0.187105 0.030781 0.601146 0.451184 0.325473 0.355997 0.403436 0.309075 0.144543 0.301757 0.406200 0.474899 -0.274109 0.198138 -0.269184 -0.012897 -0.281544 -0.368444 -0.306002 -0.108792 -0.188697 -0.382739 -0.342239 -0.268048 -0.482922 -0.084449 -0.057111 -0.058116 0.073947 0.186740 -0.193377 0.049981 0.233273 0.189800 0.196431 -0.213545 -0.134790 0.019296 -0.147230 -0.184066 -0.194244 0.175367 0.236350 0.128275 0.099093 0.167178
-0.047783 0.455470 -0.450267 -0.360549 0.081767 -0.429800 -0.173837 -0.156496 -0.060133 -0.055336 -0.293757 0.081034 -0.137540 0.116798 -0.271332 -0.214573 0.580510 0.528726 -0.001490 0.444724 -0.246060 -0.357466 -0.319044 -0.273782 -0.062796 -0.333230 -0.549283 -0.494365 0.447428 0.531113 0.236109 0.289935 0.619155 1.000000 -0.050108 -0.246430 0.400310 -0.104061 -0.409711 -0.355798 0.418212 -0.180317 -0.299634 -0.327247 -0.008032 -0.114512 -0.329134 -0.277110 -0.209860 0.241844 -0.433018 -0.405256 0.218009 -0.244742 -0.266261 -0.190147 0.113012 0.115054 0.097072 0.326779 0.052885 0.220461 0.572091 0.542410 -0.227590 -0.265559 0.241929 -0.127653 0.107911 -0.079513 -0.178306 -0.212356 0.542520 0.231471 0.110638 0.067893 0.263498 0.300196 0.089220 0.198975 0.581452 0.662686 -0.331840 0.309006 -0.228518 0.033114 -0.464651 -0.418231 -0.352269 -0.412441 -0.192611 -0.335074 -0.431236 -0.503524 -0.545127 -0.094578 0.026808 -0.295978 0.186556 0.152884 -0.129444 -0.027482 0.222948 -0.040262 -0.059113 -0.002688 0.133875 -0.093809 -0.269791 -0.093770 -0.290100 0.094462 0.326029 0.012184 0.011484 0.175866
-0.086490 -0.411163 0.238421 0.274846 -0.065893 0.069208 -0.030853 0.011393 0.089702 -0.047894 0.151878 0.109306 0.014063 -0.074846 0.239484 -0.016932 -0.283332 -0.234483 -0.050287 -0.239740 0.156727 0.476245 0.302103 0.164551 0.135758 0.446341 0.275128 0.254751 -0.276316 -0.191898 0.182853 0.325886 -0.032490 -0.050108 1.000000 0.298978 -0.128835 0.049374 0.210337 0.074012 -0.147121 -0.025345 0.221084 0.333827 0.068564 0.180972 0.204484 0.271066 0.079426 -0.239220 0.359525 0.150647 -0.106584 0.229646 0.080565 -0.037150 0.076791 0.192360 -0.351154 -0.429587 -0.242534 -0.260280 -0.432275 -0.366464 0.301807 0.230766 -0.239627 0.227778 -0.128750 -0.060009 0.098615 0.189226 -0.391053 0.030260 -0.039153 0.138927 -0.052283 0.166399 0.304204 0.135909 -0.308554 -0.249640 -0.059377 -0.372692 0.244428 -0.010521 -0.094283 0.034729 -0.305305 -0.047780 -0.208035 0.027695 0.082321 -0.060515 0.165168 -0.021805 -0.012555 0.096482 -0.341268 -0.190686 -0.060367 -0.168186 -0.409156 -0.104611 -0.164686 0.169736 -0.132537 -0.160338 -0.197826 0.433020 0.441528 0.006947 -0.190338 0.041365 0.195250 0.164812
-0.016839 -0.144815 -0.209779 0.044037 0.460627 0.507322 0.060862 0.438978 0.287682 0.433203 0.066058 0.201263 0.233239 0.233880 0.021848 0.022940 -0.265540 -0.216589 -0.535438 -0.575906 0.085638 0.136713 -0.216747 -0.018719 -0.267052 -0.018043 -0.055814 0.027283 -0.177076 0.131458 -0.371629 -0.069324 -0.317285 -0.246430 0.298978 1.000000 -0.168200 0.283979 0.249683 0.245376 -0.112711 -0.006922 -0.331767 -0.274998 0.310587 0.536768 -0.188198 -0.232656 0.037193 0.223145 -0.096795 -0.008856 -0.028756 -0.005969 0.043911 0.058357 -0.240766 -0.402161 0.246808 -0.100200 0.215804 0.317458 -0.140617 0.016111 0.282309 0.630028 -0.100010 0.037801 -0.003610 -0.058689 0.187379 0.240791 -0.291638 -0.312456 -0.276627 -0.143209 -0.159584 0.068746 -0.077147 -0.214370 -0.223122 -0.202530 -0.019766 -0.326870 0.094166 -0.219969 0.192654 0.082225 0.316637 0.365804 0.208405 -0.070295 0.390566 0.065358 0.205893 0.175903 -0.328881 -0.134175 -0.140557 -0.104350 -0.060772 0.084248 -0.081819 -0.017024 0.258193 -0.033818 -0.048625 0.054571 0.133192 -0.012118 -0.008603 -0.212516 -0.030660 -0.184924 -0.175830 -0.038941
