1.000000 0.337185 0.180739 -0.184764 0.108457 -0.178278 0.156481 -0.248172 0.099450 -0.202433 0.509687 -0.005021 0.427487 -0.224020 0.277357 -0.168872 0.257704 0.003593 0.445185 0.353002 -0.207617 -0.333805 -0.128542 -0.326750 -0.196334 -0.342602 0.192940 -0.141816 0.012062 -0.306418 -0.205689 -0.533332 0.114312 0.025805 -0.144331 -0.124013 0.053508 -0.331280 -0.159724 -0.229704 -0.141494 -0.169750 -0.324273 -0.405355 -0.117393 -0.295870 -0.025701 -0.344711 0.119182 -0.127403 0.041084 -0.037836 0.200348 0.087761 0.056509 -0.053589 0.341476 0.304195 0.478077 0.220416 0.173944 -0.041076 0.238621 0.153422 -0.075558 -0.340881 0.355404 -0.171343 0.361786 -0.000431 0.268535 -0.388022 0.153642 -0.155817 0.190104 -0.247800 0.083929 -0.370649 -0.125082 0.053744 0.214212 0.159895 0.119819 -0.327911 0.256085 -0.131923 0.088721 -0.258057 0.264376 -0.028788 -0.133895 0.189082 -0.311769 0.508252 0.143285 -0.151481 -0.028554 -0.096076 0.012786 0.211440 0.134155 -0.013765 0.070207 -0.025780 -0.293633 -0.183817 -0.022263 0.405301 0.289492 -0.125333 -0.122347 0.023571 0.103128 -0.158770 0.054119 -0.199358
0.337185 1.000000 -0.103358 -0.225876 -0.168676 -0.051292 -0.375891 -0.518782 -0.110279 -0.305877 -0.100328 -0.178535 0.176803 -0.201835 -0.042308 -0.268201 0.270499 0.396228 0.022961 0.018856 0.029318 0.103015 -0.293033 -0.390212 0.133102 0.104803 0.133926 0.287438 -0.107802 -0.170560 -0.402168 -0.409116 0.066748 0.117661 -0.377521 -0.021854 0.113138 -0.035749 0.014917 0.102837 -0.010659 -0.107637 -0.046837 -0.037757 -0.174739 -0.248788 0.041536 -0.056639 -0.160308 -0.133898 0.064528 0.042090 0.457874 -0.010698 0.312887 -0.068989 0.447385 0.669490 0.407093 0.521005 0.226535 0.332507 0.359507 0.604654 -0.472875 -0.408124 0.265334 -0.193610 0.528102 0.310684 0.117943 -0.175872 0.063738 0.107034 0.242209 0.029187 0.036078 -0.112425 0.014760 0.320468 0.315991 0.331705 -0.314110 -0.481286 -0.301209 -0.251324 -0.257717 -0.221372 -0.075954 0.228353 -0.185634 -0.226607 -0.364414 -0.076374 0.051959 0.054764 0.162176 0.188934 0.141488 0.136867 0.321072 -0.128402 0.251497 -0.274088 -0.361932 -0.220192 -0.020748 0.040264 0.196530 0.048483 0.075156 -0.060936 -0.104867 -0.285350 -0.056267 -0.181777
0.180739 -0.103358 1.000000 0.235592 0.379026 0.201772 0.493723 0.045841 0.297981 0.136640 0.145653 -0.101056 0.336015 -0.028866 0.301645 0.136220 -0.351993 -0.400014 0.361772 0.225894 -0.220997 -0.224513 0.252385 0.122408 0.092860 -0.100654 0.435160 -0.021237 -0.199170 -0.337584 -0.165346 -0.229230 0.166046 0.101240 0.139835 0.076754 -0.335482 -0.459012 0.080444 -0.059715 -0.344038 -0.365015 -0.070565 -0.029776 -0.093891 -0.031479 -0.414540 -0.259129 -0.000308 -0.287998 0.059356 -0.275480 0.090428 -0.066595 -0.163780 -0.293690 -0.274827 -0.120669 0.148544 -0.043731 0.178612 -0.304864 -0.135870 -0.344463 0.209221 -0.025473 0.408380 0.355533 0.067987 0.100135 0.159201 -0.192202 -0.288857 -0.371061 -0.169489 -0.035195 -0.135223 -0.292898 -0.251298 -0.107761 -0.156502 -0.195004 -0.064304 -0.081274 -0.045802 -0.293513 -0.232874 0.073821 0.448480 0.022357 0.100141 0.379982 -0.136134 0.334738 0.083833 -0.153196 -0.225291 -0.184338 -0.514799 -0.219153 -0.204066 -0.080660 -0.133085 0.065591 0.133636 0.167323 0.318952 0.118606 0.094481 -0.269920 0.202492 -0.182901 -0.005727 -0.178575 0.208839 -0.007405
-0.184764 -0.225876 0.235592 1.000000 -0.029289 0.265475 0.249825 0.445210 -0.026196 0.303343 0.037002 -0.007376 -0.115792 -0.173501 0.063226 0.163570 -0.482579 -0.384939 0.226688 -0.123712 -0.399584 -0.202822 0.567754 0.595176 -0.269235 -0.012370 -0.128627 0.061147 -0.427420 -0.302501 -0.213064 -0.036867 -0.485314 -0.543352 0.078912 -0.100358 -0.285910 -0.154787 -0.286554 -0.274683 -0.220834 -0.382111 0.138747 0.211271 0.005541 0.259104 0.032376 0.291667 -0.000655 0.106963 0.055446 -0.135537 0.076164 0.102552 -0.266606 0.039635 -0.332555 -0.282917 -0.220110 -0.142876 -0.206823 -0.155741 -0.290919 -0.397939 0.189638 0.152918 0.021361 0.217955 0.027814 -0.091829 -0.178130 -0.109843 -0.596013 -0.085693 -0.020954 -0.038806 -0.209055 -0.118738 -0.171986 -0.055344 -0.304333 -0.299190 0.137429 0.086589 0.246477 0.343258 0.209332 0.481749 0.461542 0.375106 0.440879 0.392107 0.300780 0.073227 -0.134866 -0.311171 -0.152002 -0.149182 -0.103892 -0.014437 -0.235553 0.090095 -0.116296 -0.019310 0.043829 -0.114253 0.073299 -0.181354 -0.302870 -0.329284 0.133822 0.021162 -0.073682 0.153387 -0.041540 -0.266443
0.108457 -0.168676 0.379026 -0.029289 1.000000 0.337306 0.490305 0.147242 0.814734 0.500825 0.288378 0.011890 0.115869 0.028762 0.503407 0.229136 -0.160367 -0.190948 0.201676 0.068081 -0.065372 -0.214201 0.022775 -0.005913 -0.019700 -0.207497 0.557637 -0.368560 0.198349 0.001790 -0.009866 -0.014959 -0.135411 0.001471 0.272117 -0.148339 -0.096989 -0.092604 0.068375 -0.041767 -0.008426 -0.040216 0.110990 -0.008622 -0.024742 -0.074118 -0.114173 -0.289333 -0.036244 -0.197604 -0.157857 -0.146407 0.088869 0.410027 -0.341209 -0.260148 -0.439142 -0.384520 0.117854 -0.206454 0.076836 0.064183 -0.242727 -0.292963 -0.061846 -0.276102 -0.099893 -0.056805 -0.382488 -0.222974 0.321097 -0.025638 0.024938 -0.083752 -0.063693 0.146332 0.134516 -0.022553 -0.107456 -0.419934 -0.359673 -0.441772 0.210685 0.247233 -0.057395 -0.315047 -0.205243 -0.219130 0.082705 -0.008506 0.331885 0.398423 0.193237 0.492034 -0.028913 0.039742 -0.486177 -0.146274 -0.178741 -0.134909 0.019949 0.265569 -0.193074 0.074370 0.121398 0.321124 0.065391 0.158773 0.092910 0.020564 -0.145655 -0.117704 -0.012769 0.010721 0.170663 0.115884
-0.178278 -0.051292 0.201772 0.265475 0.337306 1.000000 0.104410 0.184351 0.118054 0.406071 0.134527 0.232878 0.003280 -0.120595 0.204487 0.178224 -0.238787 -0.176863 -0.194390 -0.083957 0.022360 0.228250 0.114428 0.331507 0.091521 0.262079 0.364461 0.368977 -0.298481 -0.300099 -0.243500 0.066405 -0.347042 -0.221571 0.243266 0.215304 -0.230193 -0.057453 -0.039344 0.104335 -0.032090 -0.183899 0.085983 0.061134 -0.097696 0.144706 -0.271731 -0.153377 -0.204581 -0.170943 -0.173904 -0.253234 0.082305 0.206746 -0.385570 -0.239274 -0.199616 -0.102402 0.090750 -0.156635 0.017720 0.002664 -0.233984 -0.160250 0.069927 -0.006448 0.007832 0.313498 -0.162674 0.050784 0.033367 0.173477 -0.414908 0.001885 -0.135385 0.186915 -0.096696 -0.041178 -0.118476 -0.293521 -0.333147 -0.372238 0.186072 0.110969 0.247777 0.097127 0.092306 0.361179 0.241763 0.241165 0.086612 0.078041 0.204557 0.011097 -0.307332 -0.212540 -0.268857 -0.133426 -0.441730 -0.235711 -0.232958 0.020056 -0.265314 -0.031106 0.211037 0.123504 0.160731 0.149159 -0.321752 -0.068844 0.273191 -0.130405 -0.087523 -0.019028 -0.025928 -0.082639
0.156481 -0.375891 0.493723 0.249825 0.490305 0.104410 1.000000 0.540717 0.539107 0.452567 0.288156 0.221457 0.274692 0.319530 0.472376 0.379368 -0.260541 -0.340762 0.345702 0.019072 -0.216228 -0.203464 -0.046436 0.095472 -0.182934 -0.271310 0.147347 -0.400126 0.100583 0.011274 -0.080282 -0.135539 0.106570 0.035290 0.134685 -0.167802 -0.244108 -0.334386 -0.169536 -0.138871 -0.136123 -0.121897 -0.147243 -0.185940 -0.054088 -0.102949 -0.272624 -0.369721 0.031454 -0.130238 -0.119345 -0.212085 0.013680 0.166665 -0.256050 -0.232451 -0.439311 -0.426658 -0.005024 -0.291429 0.106906 -0.245270 -0.218730 -0.481833 0.193467 0.127469 0.098210 0.040463 -0.357265 -0.332427 0.143555 -0.223803 -0.029737 -0.253317 -0.175477 -0.064069 -0.094177 -0.195716 -0.234869 -0.136873 -0.257268 -0.158264 0.242830 0.394070 0.202917 -0.092313 -0.087103 -0.103086 0.322819 -0.008462 0.360726 0.524422 0.211001 0.555755 0.052453 -0.283623 -0.513811 -0.452789 -0.271391 -0.285515 -0.180266 -0.013352 -0.208263 0.002452 -0.024219 0.078094 0.025376 0.190876 0.025207 -0.318451 -0.232328 -0.123808 0.098600 -0.140301 0.085766 -0.133464
-0.248172 -0.518782 0.045841 0.445210 0.147242 0.184351 0.540717 1.000000 0.227527 0.586320 0.182076 0.424254 -0.032268 0.453412 0.248181 0.473854 -0.328035 -0.457909 0.132822 -0.305573 -0.314118 -0.065861 0.080142 0.290595 -0.254653 -0.263736 -0.357327 -0.219370 -0.027344 0.125223 -0.015204 0.085368 -0.259837 -0.207720 0.182165 -0.103100 -0.213326 -0.112615 -0.130275 -0.296435 -0.114339 -0.018266 0.096715 0.081430 -0.032052 0.158366 0.103046 0.048358 -0.130547 0.144373 -0.134312 -0.043388 -0.199188 0.185540 -0.295166 0.123117 -0.444362 -0.542283 -0.356363 -0.464574 -0.159876 -0.099195 -0.355579 -0.547353 0.358939 0.627754 -0.419165 0.004479 -0.498697 -0.490109 -0.105472 0.088305 -0.224850 0.013641 -0.190830 0.082223 -0.019402 -0.006906 -0.283863 -0.295288 -0.416032 -0.416528 0.403319 0.523933 0.396374 0.362050 0.194057 0.066052 0.267358 0.178934 0.472147 0.375071 0.564788 0.094914 -0.150652 -0.257888 -0.330423 -0.226232 -0.020603 -0.146867 -0.064857 -0.009126 -0.108291 -0.187467 0.076219 -0.197562 -0.069495 -0.156180 -0.258228 -0.274384 -0.156284 0.034984 0.123648 0.018807 -0.162053 -0.169674
0.099450 -0.110279 0.297981 -0.026196 0.814734 0.118054 0.539107 0.227527 1.000000 0.530477 0.200360 0.131180 0.113795 0.176255 0.558645 0.396880 -0.140279 -0.175647 0.277478 0.012687 -0.135126 -0.228656 -0.130666 -0.116481 -0.117116 -0.304832 0.506328 -0.450893 0.376731 0.186358 -0.044667 -0.131084 -0.041125 0.011771 0.066418 -0.321404 0.029229 -0.044331 0.186471 0.094595 0.014326 0.023957 0.027236 -0.041053 0.008952 -0.139913 -0.044324 -0.385672 -0.107267 -0.134440 -0.250138 -0.135239 0.052383 0.184704 -0.163260 -0.274259 -0.346475 -0.353120 0.026304 -0.169713 0.079674 0.113159 -0.202755 -0.289805 -0.202549 -0.140612 -0.149192 -0.260836 -0.337817 -0.276642 0.241049 -0.130078 0.159605 -0.104022 -0.062422 0.074092 0.078748 -0.057186 -0.128357 -0.223350 -0.269731 -0.279899 0.194427 0.354456 -0.093785 -0.309630 -0.197637 -0.216330 0.101597 0.171567 0.366164 0.403129 0.127485 0.403295 0.152995 0.192484 -0.484171 -0.249623 -0.024342 -0.117522 0.033936 0.224998 -0.114812 0.087488 0.017674 0.257861 0.046096 0.052434 0.259174 0.016791 -0.339538 -0.182998 -0.004285 -0.043785 0.197734 0.010965
-0.202433 -0.305877 0.136640 0.303343 0.500825 0.406071 0.452567 0.586320 0.530477 1.000000 0.053059 0.286888 -0.160571 0.194544 0.341567 0.574713 -0.365209 -0.343910 0.109895 -0.178233 -0.084538 -0.213599 0.073610 0.338229 -0.210980 -0.134211 0.104660 -0.319728 0.019592 0.004510 -0.102704 0.027946 -0.288278 -0.101171 0.248552 -0.159046 -0.287865 -0.135199 -0.098297 -0.094164 -0.010776 -0.098288 0.076064 0.013256 -0.017107 0.055292 0.056757 -0.099204 -0.055489 0.036691 -0.207785 -0.090275 0.051527 0.199622 -0.378022 -0.106101 -0.335280 -0.409472 -0.152073 -0.280257 -0.126835 0.182465 -0.228969 -0.397168 0.072963 0.270920 -0.277775 -0.088499 -0.441733 -0.425488 0.191093 -0.001456 -0.211553 -0.026970 -0.211514 0.041455 -0.008612 -0.073973 -0.166018 -0.099477 -0.347239 -0.376134 0.348855 0.478249 0.206576 0.081343 0.033025 0.066897 0.268935 0.345989 0.441985 0.382901 0.520223 0.163487 -0.077322 -0.160957 -0.534919 -0.446866 -0.072440 -0.194308 0.014694 0.014549 -0.097073 -0.104927 -0.084198 -0.011783 -0.050101 0.018878 -0.199927 -0.221960 -0.250478 -0.072249 -0.040992 0.142583 0.079059 -0.122812
0.509687 -0.100328 0.145653 0.037002 0.288378 0.134527 0.288156 0.182076 0.200360 0.053059 1.000000 0.378622 0.540851 0.119906 0.594940 0.185955 0.081620 -0.270636 0.175141 0.170897 -0.364108 -0.249414 0.044160 0.015574 -0.386727 -0.479527 0.190763 -0.151169 0.072389 -0.224247 -0.214188 -0.336864 -0.088833 -0.134539 0.090846 -0.058936 -0.090060 -0.177355 -0.049087 -0.184822 -0.096210 -0.064220 -0.216457 -0.219640 -0.156140 -0.099126 -0.182879 -0.206711 0.011400 -0.143656 -0.163836 -0.277433 -0.080187 0.135058 -0.118574 0.021063 -0.115651 -0.105905 0.225809 -0.269633 0.080145 -0.187464 -0.191698 -0.258358 0.380229 -0.017846 0.025247 0.030544 -0.024614 -0.123340 0.113250 -0.208435 -0.019955 -0.173485 0.181969 -0.125637 0.095001 -0.235103 -0.164100 -0.236383 -0.128136 -0.129964 0.396913 0.050152 0.575860 0.101551 0.322617 0.017812 0.477902 0.036441 -0.000066 0.314206 -0.072449 0.461848 -0.065206 -0.201440 -0.212626 -0.150393 -0.284125 -0.162587 -0.138113 0.000822 -0.357425 -0.172443 -0.082355 -0.102510 -0.194754 0.184318 -0.054446 -0.332554 -0.179097 -0.148347 -0.045451 -0.205613 -0.228229 -0.093957
-0.005021 -0.178535 -0.101056 -0.007376 0.011890 0.232878 0.221457 0.424254 0.131180 0.286888 0.378622 1.000000 0.247055 0.584095 0.305433 0.586674 0.008016 -0.276742 -0.222984 -0.106563 -0.251539 0.092595 -0.200843 0.218397 -0.192902 -0.112042 -0.163754 0.098080 0.049620 -0.003398 -0.253865 0.004587 0.054229 0.133047 -0.084820 0.069537 -0.008381 0.022151 0.032788 0.178729 0.055419 0.157576 0.084210 0.131003 0.004868 0.118071 0.011603 -0.012777 -0.013410 0.139628 -0.118549 -0.073438 -0.313890 0.015412 -0.187133 -0.073889 -0.186110 -0.225868 -0.069173 -0.419587 -0.033612 -0.092001 -0.172323 -0.284024 0.186756 0.363379 -0.300675 -0.000143 -0.269380 -0.164094 -0.012028 0.229957 -0.045571 -0.078973 -0.155778 0.063811 -0.022818 0.045423 -0.007843 -0.113299 -0.158650 -0.218697 0.230022 0.394407 0.330413 0.279366 0.193080 0.095740 0.185467 0.132689 0.010441 -0.030391 0.157697 -0.042110 -0.152484 -0.233154 -0.217438 -0.258699 -0.185904 -0.308139 -0.294436 -0.164245 -0.459982 -0.228250 -0.150641 -0.206494 -0.259205 0.028760 -0.260868 -0.259063 -0.093324 -0.171846 0.086003 -0.090625 -0.116564 -0.245222
0.427487 0.176803 0.336015 -0.115792 0.115869 0.003280 0.274692 -0.032268 0.113795 -0.160571 0.540851 0.247055 1.000000 0.366272 0.577793 0.241874 0.255299 0.117493 0.095543 -0.062474 -0.218907 0.055844 -0.354173 -0.243227 -0.099490 -0.364315 0.245862 -0.039554 0.157699 -0.104825 -0.348391 -0.411761 0.270436 0.174762 -0.207923 -0.027533 0.085010 -0.168602 0.166614 0.077376 0.082689 0.085796 -0.166127 -0.096341 -0.289069 -0.282989 -0.194402 -0.181184 0.015273 -0.243694 -0.147345 -0.218705 0.218282 0.081876 0.396545 0.077433 -0.044393 0.013571 0.469091 -0.004450 0.599519 0.021465 0.232318 0.085671 0.105934 -0.057895 0.228292 -0.087406 0.048090 -0.162342 -0.003335 -0.285890 0.134673 -0.217940 0.172568 -0.055831 0.044350 -0.319891 -0.066825 0.023598 0.117589 0.184691 -0.014923 -0.097663 -0.004637 -0.337487 -0.237886 -0.269628 0.338063 0.041104 -0.104432 0.196400 -0.321591 0.396648 -0.050810 -0.232905 -0.138918 -0.132700 -0.215481 -0.162176 0.100392 -0.058206 -0.226715 -0.391849 -0.222665 -0.210520 -0.159892 0.063878 0.177024 -0.297918 -0.195295 -0.304336 0.059154 -0.493153 -0.193942 -0.132105
-0.224020 -0.201835 -0.028866 -0.173501 0.028762 -0.120595 0.319530 0.453412 0.176255 0.194544 0.119906 0.584095 0.366272 1.000000 0.313666 0.577384 0.104796 -0.048677 -0.150679 -0.338079 -0.133004 0.149063 -0.484011 -0.017103 -0.103219 -0.258984 -0.191989 -0.243685 0.404908 0.321274 -0.101802 0.021265 0.258347 0.274836 -0.249552 -0.198969 0.088679 0.090961 0.191001 0.146189 0.068977 0.286678 0.111572 0.162960 -0.196148 -0.164980 -0.057957 -0.026474 -0.104589 -0.023375 -0.186663 -0.048136 -0.134852 0.018585 0.168424 0.049319 -0.330140 -0.372328 -0.089026 -0.336517 0.381548 0.128133 0.039859 -0.270081 0.166985 0.471234 -0.378137 -0.189340 -0.489040 -0.389245 -0.161888 0.110205 0.313845 -0.075833 -0.098247 0.110752 0.075575 0.118440 -0.088426 -0.112368 -0.145269 -0.121782 0.005840 0.494843 -0.074692 -0.057463 -0.197790 -0.131112 -0.026026 0.006883 0.173895 0.197945 0.209610 0.035888 -0.009613 -0.034403 -0.285239 -0.233516 0.014668 -0.261852 0.076546 -0.050710 -0.207069 -0.269156 -0.090492 -0.127909 -0.129650 -0.128697 -0.014921 -0.132384 -0.359142 -0.077834 0.039579 -0.281671 -0.089184 -0.044156
0.277357 -0.042308 0.301645 0.063226 0.503407 0.204487 0.472376 0.248181 0.558645 0.341567 0.594940 0.305433 0.577793 0.313666 1.000000 0.585491 0.010225 -0.154398 0.237780 0.007604 -0.207454 -0.101889 -0.084507 0.085746 -0.261035 -0.352821 0.352293 -0.238813 0.310328 -0.061090 -0.269222 -0.214685 -0.126795 -0.120980 -0.259428 -0.387887 -0.144230 -0.275460 0.171426 0.163590 0.014530 -0.107641 0.044234 0.034610 -0.227544 -0.245582 -0.183417 -0.247827 0.027302 -0.251170 -0.242588 -0.264926 0.219472 0.268354 0.070750 -0.089682 -0.282996 -0.220183 0.139336 -0.173223 0.271766 0.133837 -0.181968 -0.269789 0.011173 -0.114527 -0.055634 -0.269968 -0.166677 -0.296792 0.255015 -0.204067 0.000988 -0.263129 -0.079006 0.015882 -0.086267 -0.393931 -0.071433 -0.272837 -0.209503 -0.144578 0.489305 0.329370 0.257266 -0.165241 -0.123379 -0.025293 0.396869 0.239801 0.165372 0.424694 -0.044573 0.535171 -0.030344 -0.152817 -0.415985 -0.217532 -0.303512 -0.281368 0.098435 0.008049 -0.351147 -0.283663 -0.114469 0.024001 -0.203067 0.117529 0.126725 -0.239812 -0.298762 -0.261520 0.004981 -0.321168 -0.042627 -0.058787
-0.168872 -0.268201 0.136220 0.163570 0.229136 0.178224 0.379368 0.473854 0.396880 0.574713 0.185955 0.586674 0.241874 0.577384 0.585491 1.000000 -0.134969 -0.282055 0.071760 -0.137382 -0.160193 0.039684 -0.115593 0.266309 -0.175139 -0.171900 0.034519 -0.155866 0.283218 0.187857 -0.160705 0.081476 -0.004539 0.037637 -0.239309 -0.320148 -0.087248 -0.075828 0.179113 0.246484 0.078154 0.120107 0.191474 0.253375 -0.167800 -0.128618 -0.135213 -0.125092 0.027242 -0.109862 -0.235518 -0.135054 -0.029176 0.118127 0.001774 -0.130880 -0.316490 -0.358221 -0.153235 -0.333102 0.114067 0.141657 -0.271391 -0.435055 0.162208 0.268873 -0.276003 -0.218646 -0.378994 -0.322869 0.131567 0.121274 -0.038080 -0.146617 -0.186719 0.210657 -0.013471 -0.067830 -0.132883 -0.202921 -0.275151 -0.291202 0.308350 0.692651 0.110474 -0.023133 -0.097411 0.060277 0.241389 0.244791 0.168707 0.228593 0.274326 0.120864 -0.063026 -0.106144 -0.436300 -0.333905 -0.267296 -0.313761 -0.048738 -0.062774 -0.358500 -0.284931 -0.196892 -0.160897 -0.300737 -0.119320 -0.085311 -0.189996 -0.299998 -0.249571 0.003681 -0.200439 0.005881 -0.263030
0.257704 0.270499 -0.351993 -0.482579 -0.160367 -0.238787 -0.260541 -0.328035 -0.140279 -0.365209 0.081620 0.008016 0.255299 0.104796 0.010225 -0.134969 1.000000 0.659751 -0.015999 0.051134 0.126719 0.224812 -0.478005 -0.538493 0.019524 -0.123485 0.049216 -0.113991 0.376400 0.300792 0.000864 -0.094561 0.324780 0.145159 -0.448991 -0.215376 0.459673 0.115870 0.102122 0.157250 0.268203 0.170689 -0.257745 -0.267481 -0.323796 -0.493484 0.076640 -0.115801 0.001444 -0.189669 -0.149272 0.112072 0.188541 0.044513 0.427466 0.258368 0.496936 0.393132 0.247624 0.066221 0.360355 0.215971 0.630411 0.532436 -0.209685 -0.199811 -0.126371 -0.470209 0.123257 0.044100 0.148223 0.003418 0.538768 0.222744 0.336989 0.124868 0.315127 0.092269 0.373835 0.148992 0.605791 0.536557 -0.092176 -0.115723 -0.174511 -0.240117 -0.089869 -0.356515 -0.389072 -0.138817 -0.332555 -0.290537 -0.484317 -0.166349 -0.022391 0.145076 0.232065 0.227006 0.173005 0.217230 0.043951 -0.094759 0.042785 -0.186408 -0.224182 -0.138290 -0.374252 0.097104 0.257809 0.286051 -0.333708 0.070913 0.274012 -0.233956 -0.201295 -0.084021
0.003593 0.396228 -0.400014 -0.384939 -0.190948 -0.176863 -0.340762 -0.457909 -0.175647 -0.343910 -0.270636 -0.276742 0.117493 -0.048677 -0.154398 -0.282055 0.659751 1.000000 -0.175684 -0.130907 0.377406 0.368564 -0.408731 -0.424806 0.142197 0.070297 0.093974 -0.014568 0.339788 0.479785 0.033896 -0.019708 0.184707 0.045545 -0.271908 -0.057071 0.472627 0.247330 0.086670 0.241239 0.359402 0.303971 -0.208215 -0.171998 -0.288423 -0.426817 0.020260 -0.068109 -0.099820 -0.143828 -0.123270 0.087920 0.189046 0.016759 0.347628 0.097000 0.252947 0.268874 0.234771 0.355627 0.320711 0.412073 0.552750 0.704254 -0.331779 -0.305131 -0.083967 -0.469612 0.073657 -0.087712 -0.071488 -0.051008 0.551926 0.170036 0.255254 0.196973 0.162970 0.139000 0.443362 0.289447 0.544326 0.627982 -0.221952 -0.143759 -0.316892 -0.354436 -0.322028 -0.248364 -0.431115 -0.088511 -0.260230 -0.331852 -0.331581 -0.108361 -0.006594 0.295539 0.068403 0.244746 0.241353 0.154409 0.305843 0.083887 0.221472 -0.153609 -0.129824 0.009266 -0.224525 0.011523 0.321722 0.447218 -0.301307 0.058334 0.218674 -0.077693 0.008105 0.083821
0.445185 0.022961 0.361772 0.226688 0.201676 -0.194390 0.345702 0.132822 0.277478 0.109895 0.175141 -0.222984 0.095543 -0.150679 0.237780 0.071760 -0.015999 -0.175684 1.000000 0.422681 -0.225054 -0.317680 0.065918 -0.142045 -0.176990 -0.346625 0.074914 -0.369855 0.097237 -0.024631 0.029453 -0.277546 0.037106 -0.154267 -0.167797 -0.454948 -0.018289 -0.197096 0.079873 -0.213979 -0.189900 -0.077396 -0.209919 -0.275889 -0.384721 -0.482907 -0.128011 -0.357253 -0.234152 -0.339894 -0.214752 -0.302308 0.092786 0.080920 0.005348 -0.096333 0.071198 0.048482 0.008147 0.049720 0.027495 -0.061067 -0.007294 -0.168694 -0.042607 -0.102443 0.110495 -0.218186 0.133463 0.052174 0.284966 -0.214089 0.084832 0.054296 0.163580 0.118100 0.103833 -0.065905 -0.364723 -0.160223 -0.066007 -0.009913 0.194827 0.030954 0.077738 -0.059094 0.103768 -0.055548 0.278451 0.194775 0.168794 0.451125 0.009907 0.414848 0.193163 -0.014360 -0.162659 -0.054828 -0.131819 0.166267 0.062292 0.160887 0.052224 0.076585 -0.095665 -0.120738 -0.003185 -0.029941 0.146347 -0.124049 -0.251606 0.088449 0.185800 -0.044194 0.040628 -0.183360
0.353002 0.018856 0.225894 -0.123712 0.068081 -0.083957 0.019072 -0.305573 0.012687 -0.178233 0.170897 -0.106563 -0.062474 -0.338079 0.007604 -0.137382 0.051134 -0.130907 0.422681 1.000000 -0.036574 -0.214979 0.057786 -0.136169 -0.106873 -0.199909 0.131714 -0.162183 0.055713 0.018953 0.012691 -0.088145 0.182010 0.182876 0.015209 0.014440 -0.054377 -0.211761 -0.062971 0.019834 -0.089861 -0.028016 -0.206353 -0.159510 -0.025503 -0.170981 -0.313152 -0.269387 0.134801 -0.225617 -0.210521 -0.360812 -0.199220 -0.053080 -0.175392 -0.252795 0.187513 0.205565 0.023950 0.122703 -0.070149 -0.244485 -0.072896 -0.112320 -0.117764 -0.394107 0.282168 0.180851 0.237586 0.583482 0.264642 -0.091469 0.110025 -0.027480 0.116070 0.038800 0.105843 -0.015834 -0.072183 -0.253194 -0.000717 0.027031 0.005549 -0.047521 0.053575 -0.235603 0.154153 0.116235 -0.048225 -0.151069 -0.157200 -0.044008 -0.231446 0.107216 -0.052027 0.116042 0.046833 0.150771 -0.358230 -0.034099 -0.349245 0.175986 -0.291755 0.459159 0.204886 0.316964 -0.002817 0.310826 0.032899 0.164272 0.143489 -0.212108 0.098842 0.140678 0.144008 0.156776
-0.207617 0.029318 -0.220997 -0.399584 -0.065372 0.022360 -0.216228 -0.314118 -0.135126 -0.084538 -0.364108 -0.251539 -0.218907 -0.133004 -0.207454 -0.160193 0.126719 0.377406 -0.225054 -0.036574 1.000000 0.437181 -0.054099 -0.145798 0.504469 0.530103 0.151320 0.206676 0.046422 0.175252 0.524133 0.416646 0.200889 0.156845 0.073951 0.098604 -0.048904 0.164013 0.175064 0.241210 0.219659 0.196892 0.020486 -0.032255 -0.119869 -0.220261 -0.074319 -0.081576 -0.138659 -0.145290 -0.111222 0.037276 -0.071055 0.133518 0.147940 0.000322 0.180285 0.123811 -0.114277 -0.005906 -0.037612 0.107638 0.110381 0.302370 -0.137937 -0.137385 -0.156935 -0.181177 0.121433 0.046862 0.117205 0.235560 0.189532 0.030668 -0.138910 0.216070 0.069864 0.238283 0.343181 -0.044808 0.079842 0.251493 -0.140671 -0.027570 -0.196468 -0.190330 -0.247695 -0.107705 -0.426567 -0.203794 -0.205781 -0.305576 0.013302 -0.076295 -0.133228 0.170284 0.135415 0.192687 -0.041834 -0.056702 0.053963 -0.108724 0.085492 0.136614 -0.101354 0.031556 -0.145334 -0.020779 -0.055197 0.442062 0.085578 0.100270 0.076060 0.002857 0.034628 0.054432
-0.333805 0.103015 -0.224513 -0.202822 -0.214201 0.228250 -0.203464 -0.065861 -0.228656 -0.213599 -0.249414 0.092595 0.055844 0.149063 -0.101889 0.039684 0.224812 0.368564 -0.317680 -0.214979 0.437181 1.000000 -0.317437 -0.142222 0.563356 0.537602 0.061732 0.432958 0.162668 0.305877 0.237068 0.510424 0.016522 0.138426 -0.098031 0.158764 0.143776 0.244817 0.346418 0.519696 0.464458 0.338718 0.163007 0.217460 -0.308516 -0.205888 -0.166672 -0.056353 -0.333139 -0.238779 -0.189852 -0.131133 -0.048598 0.031934 0.257914 -0.073489 -0.072618 -0.086810 -0.050306 -0.136041 0.146897 0.078754 0.076444 0.154756 -0.087647 0.095412 -0.269479 -0.106544 -0.059184 -0.001704 -0.058550 0.426560 0.133479 0.147832 -0.063694 0.418717 -0.157722 0.300232 0.305468 -0.064792 0.182658 0.170299 0.022013 0.186281 -0.224351 -0.118062 -0.279218 -0.082166 -0.399307 -0.108940 -0.315106 -0.489456 -0.139972 -0.366455 -0.155768 0.263238 0.069846 0.340539 -0.185703 -0.151068 -0.034207 -0.086667 -0.226937 -0.078161 -0.060682 0.007226 -0.163399 -0.163436 -0.150287 0.386398 0.231191 -0.048476 0.061402 -0.257682 -0.075797 -0.027052
-0.128542 -0.293033 0.252385 0.567754 0.022775 0.114428 -0.046436 0.080142 -0.130666 0.073610 0.044160 -0.200843 -0.354173 -0.484011 -0.084507 -0.115593 -0.478005 -0.408731 0.065918 0.057786 -0.054099 -0.317437 1.000000 0.620918 -0.002642 0.204572 -0.043113 0.163590 -0.504658 -0.360331 0.225132 0.212584 -0.353830 -0.343934 0.289559 0.175775 -0.366089 -0.139381 -0.154225 -0.237009 -0.285764 -0.378932 0.108510 0.137468 0.261912 0.395016 0.021982 0.230056 0.209357 0.111862 0.246982 -0.002090 -0.089434 0.060233 -0.390651 -0.003461 -0.134592 -0.063548 -0.347805 -0.132333 -0.559482 -0.387968 -0.374418 -0.298410 0.233411 -0.105347 0.074142 0.336736 0.255521 0.050751 -0.032067 0.003972 -0.592237 -0.150102 -0.196368 -0.134442 -0.192256 -0.161827 0.027823 -0.064443 -0.220793 -0.248560 0.207596 -0.097219 0.323160 0.314869 0.319554 0.487115 0.358990 0.031814 0.099712 0.088899 0.110083 0.017250 0.013273 -0.203370 0.071835 0.095680 -0.177463 0.020928 -0.191596 -0.056170 -0.047644 0.099894 0.070686 -0.002899 0.081071 -0.052647 -0.210130 -0.193462 0.327188 0.144825 -0.017250 0.252458 0.082981 -0.000980
-0.326750 -0.390212 0.122408 0.595176 -0.005913 0.331507 0.095472 0.290595 -0.116481 0.338229 0.015574 0.218397 -0.243227 -0.017103 0.085746 0.266309 -0.538493 -0.424806 -0.142045 -0.136169 -0.145798 -0.142222 0.620918 1.000000 -0.046577 0.294904 -0.128816 0.189143 -0.371808 -0.353489 0.056787 0.366146 -0.399539 -0.248460 0.049888 0.049251 -0.352743 -0.074887 -0.148731 0.092630 -0.236268 -0.223166 0.267894 0.310679 0.216203 0.420641 -0.129434 0.281023 0.224081 0.170341 0.120861 -0.090801 -0.098380 0.045306 -0.555178 -0.228431 -0.452975 -0.348540 -0.295850 -0.257253 -0.338907 -0.212398 -0.341534 -0.436626 0.319990 0.140799 -0.111780 0.302628 -0.163530 -0.153537 -0.063737 0.284567 -0.489420 -0.184921 -0.361052 -0.042029 -0.283238 -0.086100 -0.045422 -0.134184 -0.374823 -0.424272 0.197333 0.207310 0.332154 0.437587 0.173370 0.645213 0.338436 0.059419 0.226759 0.165322 0.267821 0.030790 -0.077107 -0.300159 -0.263825 -0.297753 -0.308618 -0.357197 -0.201253 -0.156802 -0.336288 -0.048148 0.072394 0.034530 0.064361 0.050942 -0.354393 -0.312235 0.195343 0.027071 -0.083517 0.217692 0.109325 0.050612
-0.196334 0.133102 0.092860 -0.269235 -0.019700 0.091521 -0.182934 -0.254653 -0.117116 -0.210980 -0.386727 -0.192902 -0.099490 -0.103219 -0.261035 -0.175139 0.019524 0.142197 -0.176990 -0.106873 0.504469 0.563356 -0.002642 -0.046577 1.000000 0.733708 0.134936 0.460909 -0.153960 0.026227 0.437443 0.554839 0.211498 0.365587 -0.002529 0.358235 -0.163204 0.035738 0.178667 0.290796 0.122393 0.081605 0.071413 0.037854 0.001758 -0.013734 -0.144564 -0.077615 -0.115256 -0.114013 0.060429 -0.006558 0.041238 -0.040019 0.046781 -0.169214 0.054118 0.122850 0.021404 0.015279 -0.019968 -0.101066 0.018195 0.141831 -0.090700 -0.087205 0.044300 0.112884 0.092314 0.101358 0.141901 0.474535 -0.053876 0.065362 -0.227257 0.292418 -0.144640 0.220524 0.154029 -0.021286 0.044363 0.005770 -0.124663 -0.092862 -0.360030 -0.138101 -0.235989 -0.111916 -0.267107 -0.214539 -0.355661 -0.455777 -0.315667 -0.297276 -0.084062 0.093841 0.120066 0.292158 -0.245301 -0.081767 -0.010106 -0.263139 -0.047560 -0.014682 -0.045540 0.080406 0.060054 -0.041122 -0.123357 0.218216 0.406215 -0.081553 0.125107 -0.179301 0.009514 0.119830
-0.342602 0.104803 -0.100654 -0.012370 -0.207497 0.262079 -0.271310 -0.263736 -0.304832 -0.134211 -0.479527 -0.112042 -0.364315 -0.258984 -0.352821 -0.171900 -0.123485 0.070297 -0.346625 -0.199909 0.530103 0.537602 0.204572 0.294904 0.733708 1.000000 0.076833 0.673452 -0.307166 -0.142675 0.341959 0.637685 -0.008443 0.131671 0.046958 0.334405 -0.160691 0.125787 0.159701 0.337902 0.152929 -0.006181 0.227136 0.214775 0.146549 0.194851 -0.066119 0.167991 -0.015199 -0.004471 0.143351 0.032341 -0.020430 -0.079807 -0.099182 -0.169910 0.069405 0.148933 -0.147157 -0.053818 -0.319891 -0.174870 -0.068867 0.118824 -0.151294 -0.089115 0.049206 0.194725 0.172622 0.137954 0.030626 0.451349 -0.243527 0.065084 -0.245726 0.184057 -0.265232 0.204327 0.249353 0.108450 0.043754 0.030570 -0.079831 -0.063335 -0.166352 0.165394 -0.046769 0.197398 -0.308411 -0.189412 -0.367332 -0.531744 -0.183811 -0.426439 -0.049633 0.009948 0.261058 0.223469 -0.193258 -0.100112 -0.128880 -0.350441 -0.108347 0.055174 -0.101548 0.012287 0.017355 -0.000884 -0.217251 0.198834 0.566890 0.062335 -0.010079 0.037041 0.114536 0.032804
0.192940 0.133926 0.435160 -0.128627 0.557637 0.364461 0.147347 -0.357327 0.506328 0.104660 0.190763 -0.163754 0.245862 -0.191989 0.352293 0.034519 0.049216 0.093974 0.074914 0.131714 0.151320 0.061732 -0.043113 -0.128816 0.134936 0.076833 1.000000 0.035327 0.194374 -0.114874 -0.083097 -0.111140 -0.043512 0.023113 0.088495 -0.052901 -0.007416 -0.098631 0.267044 0.268816 0.001485 -0.074186 -0.106543 -0.145903 -0.217575 -0.318959 -0.417183 -0.458770 -0.169245 -0.429054 -0.189396 -0.283631 0.208455 0.034895 -0.033374 -0.370352 -0.054425 -0.001422 0.372138 0.041636 0.306126 0.060924 0.080168 0.017678 -0.142115 -0.384860 0.226511 -0.100326 0.098111 0.105441 0.260890 -0.087946 0.073829 -0.174719 0.032345 0.025658 0.036886 -0.010855 0.012109 -0.095503 -0.021477 -0.063510 -0.110497 -0.028695 -0.158712 -0.448799 -0.302628 0.001327 0.049371 0.054802 -0.020554 0.149580 -0.182614 0.217761 0.082305 0.272728 -0.259890 -0.039649 -0.324405 -0.145466 -0.066038 0.095897 -0.141187 0.153690 -0.005604 0.318408 0.168618 0.244948 0.273193 0.206367 0.005038 -0.109680 -0.154474 -0.149981 0.330961 0.102118
-0.141816 0.287438 -0.021237 0.061147 -0.368560 0.368977 -0.400126 -0.219370 -0.450893 -0.319728 -0.151169 0.098080 -0.039554 -0.243685 -0.238813 -0.155866 -0.113991 -0.014568 -0.369855 -0.162183 0.206676 0.432958 0.163590 0.189143 0.460909 0.673452 0.035327 1.000000 -0.479353 -0.305860 -0.100461 0.233050 -0.081228 -0.026092 -0.019684 0.468352 -0.162587 0.066797 0.108511 0.170849 0.045559 -0.187645 0.163647 0.250060 0.065938 0.252300 -0.088813 0.240895 -0.122191 0.031542 0.232022 -0.011609 -0.041658 -0.147427 0.004715 0.031286 0.169474 0.313791 -0.012140 0.018061 -0.219018 -0.225442 -0.093710 0.191302 0.109246 0.116872 0.124478 0.285804 0.357371 0.337684 -0.213950 0.249442 -0.415918 -0.105146 -0.184663 0.042839 -0.266245 -0.010980 0.091401 -0.015846 0.038649 0.026602 -0.074857 -0.207835 0.109054 0.347476 0.100626 0.240869 0.029876 -0.002009 -0.427660 -0.469370 -0.179933 -0.384895 -0.322465 -0.134793 0.398928 0.273952 -0.258870 -0.096177 -0.141600 -0.438271 -0.179501 -0.182303 -0.054058 -0.218507 -0.054114 -0.145156 -0.251554 -0.019197 0.628923 -0.109064 -0.092786 -0.080692 -0.187511 -0.151640
0.012062 -0.107802 -0.199170 -0.427420 0.198349 -0.298481 0.100583 -0.027344 0.376731 0.019592 0.072389 0.049620 0.157699 0.404908 0.310328 0.283218 0.376400 0.339788 0.097237 0.055713 0.046422 0.162668 -0.504658 -0.371808 -0.153960 -0.307166 0.194374 -0.479353 1.000000 0.669611 0.262257 0.140507 0.183831 0.215032 -0.190883 -0.352163 0.423386 0.230782 0.376711 0.346209 0.369630 0.437409 0.044598 0.031512 -0.209647 -0.406350 -0.077557 -0.228518 -0.116379 -0.300222 -0.366029 -0.156730 -0.199708 -0.022437 0.246077 -0.063675 -0.141862 -0.285300 -0.008840 -0.061994 0.306852 0.287433 0.140279 -0.037220 -0.188631 -0.110415 -0.342409 -0.448701 -0.409661 -0.334995 0.062700 -0.064201 0.757993 -0.070102 0.026973 0.234666 0.127716 0.178263 0.161393 -0.066431 0.168062 0.135205 0.097493 0.505622 -0.243045 -0.396302 -0.255550 -0.343691 -0.342728 -0.161661 -0.055309 0.035479 -0.040274 0.078711 0.198847 0.427465 -0.189518 0.004255 0.132304 -0.007180 0.202546 0.186231 -0.072942 0.062213 -0.100029 0.177839 -0.193128 -0.085509 0.352902 0.339504 -0.508144 -0.168927 0.081021 -0.162943 0.150331 0.146848
-0.306418 -0.170560 -0.337584 -0.302501 0.001790 -0.300099 0.011274 0.125223 0.186358 0.004510 -0.224247 -0.003398 -0.104825 0.321274 -0.061090 0.187857 0.300792 0.479785 -0.024631 0.018953 0.175252 0.305877 -0.360331 -0.353489 0.026227 -0.142675 -0.114874 -0.305860 0.669611 1.000000 0.270558 0.278362 0.218864 0.230868 -0.002698 -0.032527 0.486091 0.405176 0.276710 0.160439 0.423070 0.549166 -0.009604 0.078285 -0.158605 -0.296429 -0.061128 -0.106065 -0.209741 -0.222147 -0.411641 -0.150062 -0.327048 -0.072748 0.142605 -0.007582 -0.090680 -0.184792 -0.257069 -0.102184 0.052015 0.165519 0.031140 0.027498 -0.111168 0.082146 -0.405179 -0.344769 -0.383066 -0.255224 -0.115291 0.106751 0.647113 0.182544 0.133476 0.444657 0.287500 0.377628 0.150517 -0.051005 0.128508 0.225993 0.023439 0.480827 -0.211446 -0.304214 -0.152769 -0.237496 -0.418011 -0.248870 -0.090823 -0.189851 0.067164 -0.172205 0.002812 0.492289 -0.071651 0.218517 0.087840 -0.026526 0.134299 0.162991 -0.023669 0.028098 0.027621 0.080981 -0.333458 -0.222066 0.298575 0.429328 -0.327764 -0.096608 0.199353 -0.012752 -0.006097 0.123597
-0.205689 -0.402168 -0.165346 -0.213064 -0.009866 -0.243500 -0.080282 -0.015204 -0.044667 -0.102704 -0.214188 -0.253865 -0.348391 -0.101802 -0.269222 -0.160705 0.000864 0.033896 0.029453 0.012691 0.524133 0.237068 0.225132 0.056787 0.437443 0.341959 -0.083097 -0.100461 0.262257 0.270558 1.000000 0.697505 0.089384 0.089901 0.173795 0.049340 -0.004419 0.219039 0.170974 0.166815 0.215126 0.269421 0.101323 0.026677 0.071787 -0.035545 0.035863 0.002127 -0.021609 -0.065908 -0.045544 0.064444 -0.328245 0.142189 -0.098372 -0.029169 -0.114343 -0.232572 -0.398851 -0.287684 -0.318634 -0.184485 -0.119000 -0.083041 0.079446 -0.049005 -0.345186 -0.087223 -0.116196 -0.166907 0.053892 0.337201 0.220911 -0.000437 -0.257184 0.186595 -0.004034 0.313557 0.280400 -0.095972 0.006190 0.019218 0.079912 0.195603 -0.079768 0.000308 -0.054286 -0.122967 -0.350190 -0.394849 -0.161646 -0.186375 0.066472 -0.047548 0.107376 0.166014 0.084442 0.240779 0.095836 0.101157 -0.042883 -0.038649 -0.041244 0.256372 -0.028632 0.089081 -0.003304 -0.198484 -0.107690 0.352488 0.025555 0.192793 0.273602 0.169979 0.067129 0.203255
-0.533332 -0.409116 -0.229230 -0.036867 -0.014959 0.066405 -0.135539 0.085368 -0.131084 0.027946 -0.336864 0.004587 -0.411761 0.021265 -0.214685 0.081476 -0.094561 -0.019708 -0.277546 -0.088145 0.416646 0.510424 0.212584 0.366146 0.554839 0.637685 -0.111140 0.233050 0.140507 0.278362 0.697505 1.000000 -0.039438 0.164349 0.116425 0.204633 -0.042475 0.283691 0.200371 0.336597 0.344376 0.260672 0.391964 0.389012 0.149208 0.189492 -0.082485 0.223224 0.055973 -0.027845 -0.076333 -0.041673 -0.311544 0.169393 -0.224578 -0.116771 -0.304871 -0.355997 -0.448455 -0.402833 -0.381191 -0.197253 -0.260478 -0.273929 0.078792 0.073547 -0.425715 0.078440 -0.311669 -0.129590 0.013739 0.619418 0.018538 0.055890 -0.345777 0.330603 -0.123059 0.409958 0.367298 -0.228731 -0.087956 -0.215342 0.179157 0.407799 -0.127872 0.093249 -0.057102 0.071809 -0.387882 -0.380592 -0.199688 -0.403730 0.117429 -0.348272 -0.156577 0.138270 0.035819 0.307518 -0.173234 -0.154678 -0.133837 -0.177110 -0.394198 0.088429 0.064974 0.144143 -0.168785 -0.198192 -0.305582 0.313549 0.293707 0.031822 0.230851 0.147932 0.054624 0.225424
0.114312 0.066748 0.166046 -0.485314 -0.135411 -0.347042 0.106570 -0.259837 -0.041125 -0.288278 -0.088833 0.054229 0.270436 0.258347 -0.126795 -0.004539 0.324780 0.184707 0.037106 0.182010 0.200889 0.016522 -0.353830 -0.399539 0.211498 -0.008443 -0.043512 -0.081228 0.183831 0.218864 0.089384 -0.039438 1.000000 0.696454 -0.039610 0.238171 0.262827 0.131087 0.205910 0.079789 0.083838 0.266377 -0.362828 -0.267295 -0.023492 -0.192823 -0.269333 -0.160438 0.042625 -0.174345 -0.175817 -0.005725 -0.184194 -0.195112 0.298867 0.046438 0.244282 0.335658 0.048171 -0.033946 0.150355 -0.292312 0.359871 0.118752 -0.067551 0.006813 0.210775 0.145295 0.028465 0.142508 -0.046878 -0.032455 0.412598 -0.100590 0.048441 0.009356 0.181131 0.014268 0.156425 0.339341 0.387940 0.495019 -0.260443 -0.025766 -0.332414 -0.358947 -0.114005 -0.426469 -0.168183 -0.374805 -0.466382 -0.356382 -0.366227 -0.062101 0.036039 0.014876 0.213085 -0.033317 -0.127854 -0.147117 -0.095699 -0.276581 0.027213 0.006124 -0.087634 -0.085890 -0.146341 0.061268 0.154082 -0.082514 -0.108283 -0.179407 0.198825 -0.247019 -0.101276 -0.088571
0.025805 0.117661 0.101240 -0.543352 0.001471 -0.221571 0.035290 -0.207720 0.011771 -0.101171 -0.134539 0.133047 0.174762 0.274836 -0.120980 0.037637 0.145159 0.045545 -0.154267 0.182876 0.156845 0.138426 -0.343934 -0.248460 0.365587 0.131671 0.023113 -0.026092 0.215032 0.230868 0.089901 0.164349 0.696454 1.000000 0.120277 0.443043 0.181178 0.102740 0.195824 0.159186 0.097068 0.281808 -0.145235 -0.088400 0.139005 -0.040650 -0.237445 -0.139188 0.091939 -0.209836 -0.235702 -0.174052 -0.225131 -0.269613 0.127403 -0.156484 0.111706 0.179542 0.143113 -0.050999 0.126316 -0.259384 0.262454 0.003072 -0.197327 -0.007508 0.203389 0.269987 -0.067665 0.093662 0.086687 0.173891 0.360171 -0.067297 -0.046480 0.123867 0.199109 0.137658 0.043425 0.205411 0.211606 0.205124 -0.219784 0.034596 -0.432041 -0.461356 -0.215092 -0.352569 -0.213862 -0.384370 -0.369062 -0.410450 -0.304341 -0.197115 0.036045 0.030995 0.077017 -0.028536 -0.212917 -0.317725 -0.102712 -0.275991 -0.059167 0.009454 -0.105534 -0.011020 -0.142550 0.189012 0.173628 -0.045027 0.093152 -0.368723 -0.001901 -0.333838 -0.029043 0.030560
-0.144331 -0.377521 0.139835 0.078912 0.272117 0.243266 0.134685 0.182165 0.066418 0.248552 0.090846 -0.084820 -0.207923 -0.249552 -0.259428 -0.239309 -0.448991 -0.271908 -0.167797 0.015209 0.073951 -0.098031 0.289559 0.049888 -0.002529 0.046958 0.088495 -0.019684 -0.190883 -0.002698 0.173795 0.116425 -0.039610 0.120277 1.000000 0.621514 -0.060839 0.139956 0.011365 -0.298515 0.056986 0.071449 -0.128002 -0.145564 0.325222 0.405315 0.001124 0.050396 -0.025390 0.074786 -0.066314 -0.106493 -0.388998 -0.090980 -0.361280 0.059414 -0.242610 -0.275906 -0.064285 -0.213423 -0.371373 -0.347377 -0.248405 -0.239427 0.215192 0.124064 0.093057 0.531016 -0.205469 -0.090637 -0.140011 -0.064704 -0.185397 -0.057269 -0.045866 -0.135041 0.025824 0.080845 -0.078400 -0.060174 -0.154012 -0.173130 0.080984 -0.013668 0.143066 0.019632 0.250404 -0.029380 0.087663 -0.182868 -0.028571 -0.060201 0.263786 -0.054104 -0.089226 -0.034545 -0.001623 -0.038596 -0.065706 -0.137126 -0.173259 0.142921 -0.015716 0.275083 0.224375 0.167195 0.131004 0.076284 -0.131285 -0.064393 0.261890 -0.062632 -0.196608 0.204210 -0.003848 0.130537
-0.124013 -0.021854 0.076754 -0.100358 -0.148339 0.215304 -0.167802 -0.103100 -0.321404 -0.159046 -0.058936 0.069537 -0.027533 -0.198969 -0.387887 -0.320148 -0.215376 -0.057071 -0.454948 0.014440 0.098604 0.158764 0.175775 0.049251 0.358235 0.334405 -0.052901 0.468352 -0.352163 -0.032527 0.049340 0.204633 0.238171 0.443043 0.621514 1.000000 -0.004980 0.185323 -0.075389 -0.103455 0.129579 0.097133 -0.108201 -0.016319 0.382311 0.478238 -0.150050 0.159043 0.019467 0.039782 0.013788 -0.107589 -0.291686 -0.185892 -0.189752 -0.035201 0.033534 0.131938 0.021249 -0.128438 -0.321420 -0.476900 -0.070998 -0.022212 0.112469 0.091915 0.229268 0.657641 0.066693 0.164421 -0.218399 0.148193 -0.205642 -0.137413 -0.146259 -0.082176 -0.069678 0.043320 0.084094 0.153265 0.031238 0.065136 -0.044839 -0.203544 0.028974 -0.003521 0.152307 -0.001371 0.079367 -0.344800 -0.403057 -0.485201 -0.089745 -0.295082 -0.227790 -0.099824 0.202129 0.182807 -0.236752 -0.232757 -0.253461 -0.268161 -0.157996 0.078482 0.140362 0.044780 0.058541 0.066371 -0.144324 -0.117723 0.524328 -0.195160 -0.053064 0.033589 -0.152489 0.088013
