1.000000 0.731724 0.120646 0.508561 -0.388879 -0.186151 -0.199943 -0.087833 -0.352511 -0.180102 0.579811 0.555916 0.289314 0.124487 -0.061513 -0.433207 0.332706 0.368533 0.066312 0.437070 -0.310333 -0.357063 0.370977 0.133725 0.044840 0.104779 -0.273291 0.008065 -0.037309 -0.451171 -0.210321 -0.221801 0.028647 -0.280208 -0.125894 -0.540777 -0.350748 -0.426895 -0.128703 -0.201834 -0.139039 -0.369879 -0.327912 -0.243083 -0.455043 -0.366446 -0.102761 -0.212332 0.024790 -0.391127 0.350553 0.128003 0.450926 0.400126 0.127303 -0.131718 0.594526 0.488189 0.327435 -0.076925 0.195494 0.298138 0.050005 0.299410 -0.199941 0.182444 -0.091121 -0.411056 0.254681 -0.038660 -0.128875 -0.341407 -0.372601 -0.470973 -0.430144 -0.273116 -0.479487 -0.270362 0.143067 0.221295 0.073300 0.055833 -0.056549 -0.349642 0.554978 0.456858 -0.024544 -0.147792 0.178734 0.266783 0.113137 0.047174 -0.436467 -0.437594 -0.223594 -0.150058 -0.200444 -0.253794 -0.225907 -0.330748 -0.189161 -0.276545 -0.089287 -0.168690 -0.089866 -0.197473 0.027548 0.040370 -0.187073 -0.065136 -0.542598 -0.533313 -0.426567 -0.325476 -0.101363 -0.194289
0.731724 1.000000 -0.177804 0.305858 -0.454298 -0.350925 -0.230826 -0.096083 -0.358916 -0.321703 0.528674 0.625846 0.113848 0.269062 -0.105257 -0.311143 0.144255 0.357774 -0.100747 0.294358 -0.221139 -0.384035 0.098732 -0.020877 -0.169525 -0.173029 -0.257542 -0.024258 -0.049069 -0.237755 -0.167055 -0.235127 0.111274 -0.141818 0.086285 -0.464391 -0.323504 -0.344021 -0.022389 -0.141540 -0.140412 -0.242489 -0.507422 -0.458759 -0.408208 -0.358266 -0.300060 -0.397090 -0.046984 -0.368502 0.173470 0.100296 0.323329 0.186946 0.222234 -0.318150 0.332233 0.514522 0.307174 0.189398 0.036566 0.482949 0.117643 0.437244 -0.234525 0.247549 -0.016940 -0.334267 0.192053 0.079224 -0.157548 -0.377692 -0.351315 -0.503864 -0.454253 -0.367386 -0.524218 -0.117009 -0.059229 0.133295 -0.026805 0.010964 -0.078655 -0.344243 0.420209 0.313594 -0.035460 -0.021297 0.216983 0.249367 0.159090 0.055528 -0.184271 -0.183277 -0.074362 0.048057 -0.281867 -0.125216 -0.266937 -0.354876 -0.066503 -0.205279 0.019417 -0.003127 0.023019 0.042633 0.057736 0.176281 0.018676 0.098326 -0.429090 -0.397571 -0.139314 -0.048874 0.178460 0.137173
0.120646 -0.177804 1.000000 0.293250 0.205157 0.214518 0.485746 0.382308 0.043854 -0.003594 0.256353 0.094694 0.074932 0.165495 -0.016019 -0.096372 -0.121887 -0.251199 0.158161 -0.030020 -0.209353 0.002039 0.545504 0.388507 -0.011973 0.152519 0.088815 0.325777 -0.157553 -0.150270 0.052951 0.115708 -0.018353 -0.168019 0.245540 0.153532 -0.085391 0.091827 0.202586 0.081143 0.264953 0.243098 -0.140871 -0.055260 0.212135 0.249812 -0.190785 -0.314902 0.227519 0.151078 0.190976 0.209161 -0.160271 -0.148579 -0.218753 -0.124237 -0.244920 -0.303964 -0.227805 -0.143773 -0.094165 -0.325909 -0.065776 -0.236149 0.103133 0.006491 0.019486 0.412358 -0.161208 -0.104523 0.047426 -0.231124 -0.019077 0.105697 0.343291 -0.134635 0.052629 -0.166886 -0.311787 -0.078379 -0.291436 -0.342787 0.045155 -0.103492 -0.012460 -0.029668 -0.018185 -0.140968 0.242175 0.026529 -0.102706 -0.209974 -0.140641 -0.048841 0.273590 0.206009 0.088282 0.026090 -0.205299 -0.122946 -0.233682 -0.179444 -0.329389 -0.031065 -0.085586 0.152458 -0.023238 0.061040 0.208043 0.127222 -0.127971 -0.181716 -0.122917 -0.019357 0.287317 0.231649
0.508561 0.305858 0.293250 1.000000 -0.361940 -0.186943 -0.269913 0.194608 -0.387787 -0.247061 0.465044 0.530317 0.018105 0.003623 -0.367652 -0.409310 0.358054 0.280064 0.077535 0.407808 -0.393954 -0.442669 0.578385 0.535178 0.174209 0.150960 -0.207802 0.189277 -0.233762 -0.426655 -0.228044 -0.110880 -0.209302 -0.412987 -0.021492 -0.247272 -0.555037 -0.369487 -0.086572 -0.224755 -0.290985 -0.345944 -0.149624 -0.055685 -0.405997 -0.006463 -0.019533 -0.163313 -0.097238 -0.239664 0.311317 0.125657 0.189045 0.251894 -0.052648 -0.142587 0.346254 0.284673 -0.150629 -0.127837 -0.248703 -0.183116 -0.185968 -0.017608 -0.231204 0.208660 -0.180143 -0.047727 -0.041220 0.084870 -0.017902 -0.208402 -0.387326 -0.401317 -0.393470 -0.427836 -0.423137 -0.291110 0.098420 0.308784 -0.008453 -0.023253 -0.203087 -0.357094 0.494849 0.592695 -0.030400 -0.234008 0.190801 0.372510 0.223417 0.081189 -0.128698 -0.487278 -0.148267 -0.165571 -0.109808 -0.300378 -0.155452 -0.231738 -0.262055 -0.428096 -0.257338 -0.045458 -0.071186 0.026396 0.028240 0.149075 -0.159680 -0.186608 -0.484581 -0.439536 -0.303117 -0.178888 0.006839 -0.082301
-0.388879 -0.454298 0.205157 -0.361940 1.000000 0.623491 0.463804 0.170415 0.760831 0.560242 -0.323062 -0.312321 -0.064441 -0.043370 0.432297 0.443490 -0.277244 -0.319158 0.099501 -0.170029 0.289152 0.582379 -0.255249 -0.206335 0.143556 0.042875 0.736151 0.298764 0.181966 0.324115 0.282794 0.192356 -0.135166 0.131967 -0.123989 0.419809 0.549205 0.489237 -0.029824 0.266473 0.311205 0.508467 -0.028899 -0.106103 0.102981 0.046769 -0.195509 -0.071294 -0.084063 -0.030069 -0.231215 -0.339746 -0.286510 -0.299419 -0.149433 -0.044369 -0.322231 -0.485182 -0.272531 -0.190177 0.051041 -0.076900 0.004327 -0.249746 0.397243 0.083796 -0.081582 0.048066 -0.134247 -0.210837 0.052409 0.220504 0.220990 0.522440 0.533744 0.508570 0.494922 0.330757 -0.242193 -0.260400 0.062154 -0.048891 0.438780 0.560767 -0.140170 -0.137204 0.130284 0.296171 0.199829 0.115846 -0.156876 0.076975 0.261675 0.466282 0.106691 0.120774 -0.010792 0.184734 -0.146874 0.078791 0.110947 0.157745 0.069185 0.084155 -0.008471 -0.008331 -0.047828 -0.138509 0.129290 0.030034 0.281297 0.202743 0.260024 0.118683 -0.003153 0.002580
-0.186151 -0.350925 0.214518 -0.186943 0.623491 1.000000 0.244189 0.109268 0.693393 0.645891 -0.171495 -0.160047 0.156862 0.052992 0.364674 0.502890 -0.108572 -0.138396 0.029154 -0.176485 0.179083 0.487329 -0.044259 -0.183293 0.092443 0.280351 0.616632 0.478667 0.069484 0.045501 0.073049 0.077500 -0.249244 -0.068820 -0.117209 0.357629 0.274759 0.238632 -0.061990 0.111265 0.035462 0.255449 0.091040 0.100227 0.000486 0.005973 0.065168 0.069446 0.105828 -0.043023 0.054998 -0.132443 -0.120801 -0.084754 0.063339 0.091024 -0.128935 -0.422809 -0.004841 0.030468 0.115458 -0.033911 -0.169363 -0.306992 0.279438 0.290972 -0.083492 -0.044898 -0.006059 -0.299463 0.121561 0.159893 0.150059 0.395167 0.383399 0.324059 0.311525 0.030856 -0.114232 -0.168012 0.130212 -0.063368 0.264205 0.413934 -0.046150 0.013524 0.102608 0.199898 0.138443 0.146230 -0.215897 -0.028983 0.046018 0.147517 -0.025663 -0.052382 0.080562 0.087029 -0.012891 0.101838 0.148023 0.165396 0.176989 0.082043 0.040370 -0.105951 0.044347 -0.116303 -0.018080 -0.159741 0.208064 0.049994 0.020895 -0.002849 -0.191568 -0.246126
-0.199943 -0.230826 0.485746 -0.269913 0.463804 0.244189 1.000000 0.566960 0.412071 0.286972 -0.143464 -0.202611 0.133420 0.364387 0.386700 0.443154 -0.433468 -0.341758 0.212384 -0.165169 0.024993 0.121134 -0.186449 0.022638 -0.214140 -0.147754 0.113019 -0.024424 0.112596 0.329040 0.287701 0.292830 0.134266 0.325915 0.316141 0.366418 0.225864 0.257978 0.259980 0.180853 0.321438 0.474168 -0.147435 -0.188035 0.251217 0.119389 -0.280906 -0.252278 0.064939 0.177866 -0.212794 -0.087078 -0.553841 -0.574517 -0.402501 -0.263552 -0.479020 -0.491267 -0.289758 -0.297381 0.127610 -0.114301 0.193966 -0.062627 0.551675 0.150534 -0.110702 0.144103 -0.132019 -0.185994 0.112918 -0.102155 0.279165 0.501577 0.579084 0.145357 0.458668 0.326614 -0.370891 -0.387205 -0.278551 -0.209986 0.323318 0.312247 -0.366896 -0.481790 -0.022980 -0.073710 0.090701 -0.288803 -0.397949 -0.231642 0.067688 0.343389 0.295257 0.341036 -0.000391 0.168626 -0.211934 0.055775 -0.156600 -0.101435 -0.179750 -0.008705 -0.022789 0.147009 0.051941 0.077034 0.290071 0.166830 0.183032 0.261396 0.243997 0.135100 0.302626 0.387462
-0.087833 -0.096083 0.382308 0.194608 0.170415 0.109268 0.566960 1.000000 0.132201 0.124468 -0.206964 -0.005905 -0.205393 0.310692 -0.080704 0.246330 -0.150887 -0.032478 0.197572 -0.090835 -0.305647 -0.037293 -0.170548 0.068802 -0.272541 -0.218178 -0.118720 0.020057 -0.128945 0.136292 0.013874 0.038323 0.162753 0.246553 0.267205 0.280432 -0.016636 0.171989 0.207701 0.141040 0.131895 0.303616 -0.081534 -0.044895 -0.009121 0.052550 -0.110686 -0.102288 -0.055184 0.126109 -0.026642 -0.059053 -0.524021 -0.489637 -0.229264 -0.144083 -0.188131 -0.243592 -0.329450 -0.297925 -0.107301 -0.344178 -0.011935 0.018096 0.229359 0.241544 -0.095278 0.215838 -0.077815 -0.145479 -0.141849 -0.160287 0.071558 0.223335 0.363902 -0.047325 0.277929 0.222755 -0.203901 -0.205069 -0.203901 -0.230339 -0.041975 0.124585 -0.333091 -0.278734 -0.024693 -0.109305 -0.010562 -0.199078 -0.242700 -0.124933 0.160737 -0.001547 0.203245 0.346975 0.088035 0.191106 -0.097702 0.221635 -0.238232 -0.315259 -0.314752 -0.066221 -0.190289 0.052183 -0.162391 0.009834 0.301634 0.146058 0.156452 0.134987 0.188912 -0.006271 0.353224 0.353334
-0.352511 -0.358916 0.043854 -0.387787 0.760831 0.693393 0.412071 0.132201 1.000000 0.806982 -0.192954 -0.164585 0.134867 0.094796 0.626431 0.613332 -0.230943 -0.215690 0.025830 -0.148156 0.217935 0.543516 -0.401838 -0.290503 0.017924 -0.041783 0.607864 0.260042 0.058791 0.199539 -0.013228 0.002550 -0.199348 0.098389 -0.109535 0.410790 0.396808 0.316619 -0.206878 0.132056 0.134967 0.282943 0.123893 0.034880 0.054323 0.003596 -0.024596 0.062583 0.001961 -0.067544 -0.088483 -0.272611 -0.218761 -0.197408 -0.093001 -0.022693 -0.251362 -0.420864 -0.198621 -0.043773 0.082500 0.003134 -0.154585 -0.314280 0.422157 0.314809 -0.031866 0.029992 -0.038198 -0.228268 0.091745 0.201399 0.073730 0.459973 0.434224 0.422047 0.405819 0.284330 -0.222923 -0.328464 0.101317 -0.043202 0.447580 0.623382 -0.066620 -0.088381 0.097235 0.217658 0.210648 0.109001 -0.248605 -0.030442 0.215486 0.407832 -0.086268 -0.027045 0.083472 0.092001 -0.082836 0.107430 0.248589 0.190749 0.227623 0.138738 0.092569 -0.062332 0.043084 -0.070271 -0.023137 -0.094537 0.218776 0.167023 0.149747 0.039688 -0.184081 -0.137022
-0.180102 -0.321703 -0.003594 -0.247061 0.560242 0.645891 0.286972 0.124468 0.806982 1.000000 -0.227194 -0.230593 0.139099 0.001958 0.519372 0.488393 -0.012183 -0.107269 0.242305 0.020236 0.171197 0.441376 -0.350610 -0.209942 0.031086 0.029601 0.376677 0.226593 0.023884 0.028428 -0.061669 -0.004966 -0.199476 0.008428 -0.198750 0.190164 0.294860 0.190751 -0.234402 0.088286 0.112319 0.115846 0.139805 0.116988 -0.026842 -0.116102 0.203514 0.141711 -0.022790 -0.073464 0.033390 -0.230272 -0.161409 -0.113300 -0.095109 0.135836 -0.113263 -0.227654 -0.171625 -0.090434 0.011884 -0.068565 -0.240581 -0.291530 0.389131 0.234846 0.003016 -0.107105 0.121439 -0.152951 0.154786 0.225318 0.021018 0.278594 0.306177 0.346063 0.322519 0.258790 -0.003209 -0.194911 0.166539 -0.026695 0.359836 0.526540 -0.048042 -0.064900 0.084071 0.205373 -0.014554 0.008227 -0.223518 -0.045967 0.050092 0.231800 -0.113163 -0.058990 0.168932 0.066974 0.048181 0.170031 0.191962 0.196209 0.245805 0.122042 0.090932 -0.133317 0.053066 -0.127332 -0.046386 -0.110695 0.203847 0.101100 0.064116 -0.066261 -0.250502 -0.196856
0.579811 0.528674 0.256353 0.465044 -0.323062 -0.171495 -0.143464 -0.206964 -0.192954 -0.227194 1.000000 0.679741 0.345092 0.185542 0.159513 -0.295957 0.347312 0.170088 -0.184062 0.485862 -0.198703 -0.344334 0.555702 0.374636 0.224220 0.228500 -0.064029 0.120388 0.180393 -0.197123 -0.021309 0.033427 -0.044177 -0.228780 0.084623 -0.250628 -0.375126 -0.430661 -0.137435 -0.279195 -0.128273 -0.328748 -0.317565 -0.271628 -0.305702 -0.048276 -0.294257 -0.375534 -0.067529 -0.348172 0.291401 0.084817 0.254422 0.189248 -0.050649 -0.341161 0.197864 0.369133 -0.067235 -0.021876 -0.117477 0.046536 -0.168316 -0.082829 -0.117558 0.169102 -0.127288 -0.064339 -0.088268 0.105205 -0.023322 -0.181045 -0.203122 -0.422716 -0.381537 -0.428715 -0.494829 -0.247222 -0.051007 0.230040 0.113296 0.138566 0.198176 -0.163892 0.717242 0.509687 -0.134390 -0.152829 0.423290 0.345439 -0.052330 -0.148034 -0.318616 -0.176828 -0.218689 -0.198238 -0.146571 -0.377437 -0.483451 -0.600083 -0.125459 -0.185843 -0.143915 -0.001364 0.075119 0.037300 0.254113 0.269251 -0.265960 -0.135238 -0.510569 -0.551848 -0.391585 -0.146265 -0.053411 -0.143367
0.555916 0.625846 0.094694 0.530317 -0.312321 -0.160047 -0.202611 -0.005905 -0.164585 -0.230593 0.679741 1.000000 0.229601 0.472455 -0.051008 -0.153498 0.273698 0.332815 -0.253560 0.224431 -0.258528 -0.249859 0.304484 0.188038 -0.103813 -0.097178 -0.124132 0.124959 -0.078423 -0.328941 -0.274548 -0.309340 -0.109911 -0.359252 0.176577 -0.210948 -0.339435 -0.315254 -0.071313 -0.106544 -0.186069 -0.221278 -0.477275 -0.367408 -0.551179 -0.220626 -0.300920 -0.432084 0.005573 -0.455696 0.351115 0.073748 0.322495 0.313721 0.202938 -0.295633 0.282619 0.260540 0.027904 0.162015 -0.027467 0.207997 -0.121259 0.063435 -0.198934 0.606007 -0.129078 -0.143505 -0.140642 -0.048953 -0.178854 -0.272632 -0.364073 -0.426861 -0.315511 -0.279516 -0.388132 -0.201918 -0.053894 0.218602 0.070697 -0.027009 -0.049280 -0.169626 0.609068 0.603867 0.097090 -0.009903 0.566813 0.548652 0.250198 0.114834 -0.043226 -0.195188 -0.153314 -0.054346 -0.276689 -0.209843 -0.409452 -0.362696 -0.008888 -0.304487 -0.053205 -0.055180 0.016251 -0.057411 0.011767 0.051274 -0.099953 -0.097534 -0.507830 -0.511182 -0.234427 -0.161412 -0.020462 -0.057954
0.289314 0.113848 0.074932 0.018105 -0.064441 0.156862 0.133420 -0.205393 0.134867 0.139099 0.345092 0.229601 1.000000 0.423348 0.460382 0.175682 0.262555 0.293862 -0.035369 0.090203 0.215859 -0.031927 0.211725 0.162928 0.208326 0.393979 0.022427 -0.042868 0.318676 -0.003368 0.016802 0.098570 -0.212830 -0.102563 -0.042756 0.144395 0.018178 -0.216346 -0.105420 -0.193309 0.029911 -0.166954 -0.137690 -0.136088 -0.205543 -0.269194 -0.101032 -0.119600 0.269392 -0.258355 0.252032 0.088699 0.197718 0.235399 0.029658 -0.174027 0.109901 -0.105746 0.315779 -0.055602 0.540770 0.289875 0.218218 0.099793 0.168937 0.330621 -0.252671 -0.393078 -0.077841 -0.276907 0.178795 0.014754 0.167353 0.194955 -0.026940 0.173448 0.118603 0.038959 0.335786 0.075518 0.265434 0.235504 0.264160 0.125106 0.188505 0.079022 0.025917 -0.140874 0.177286 0.058840 -0.191004 -0.027179 -0.402137 -0.136075 -0.217245 -0.334698 -0.067887 -0.256232 -0.294895 -0.327559 0.013632 -0.108974 0.074552 -0.210463 0.057592 -0.305594 0.147053 -0.035249 -0.397017 -0.247897 0.006734 -0.292515 -0.349863 -0.291878 -0.366642 -0.402179
0.124487 0.269062 0.165495 0.003623 -0.043370 0.052992 0.364387 0.310692 0.094796 0.001958 0.185542 0.472455 0.423348 1.000000 0.202068 0.308866 0.001006 0.260534 -0.091351 -0.040757 0.012238 -0.074431 -0.037822 0.100293 -0.273382 -0.216469 -0.056623 0.032166 -0.029159 -0.055697 -0.084859 -0.076622 -0.046870 -0.051331 0.324883 0.059646 -0.065056 -0.020002 0.243976 0.144787 0.142667 0.129008 -0.387470 -0.283542 -0.190869 -0.191512 -0.292307 -0.382584 0.280152 -0.090658 0.084396 0.096475 -0.142357 -0.158397 0.012900 -0.325560 -0.107430 -0.193513 0.095841 0.165998 0.247433 0.231849 0.129793 0.201274 0.102954 0.609165 -0.119031 -0.071507 -0.225475 -0.188254 -0.007755 -0.180621 -0.031762 0.090937 0.121700 -0.061501 0.063023 0.083188 -0.159580 -0.136120 -0.132146 -0.192093 0.011430 0.045721 -0.083456 -0.136213 0.116951 0.005486 0.281923 0.049624 -0.162704 -0.114421 0.006436 0.087105 0.197732 0.296619 -0.213040 0.071936 -0.360743 -0.159275 0.071269 -0.098555 -0.006627 0.030674 0.039343 0.037398 0.088822 0.064413 0.183476 0.049337 -0.138683 -0.177694 0.018416 -0.065940 0.212764 0.284470
-0.061513 -0.105257 -0.016019 -0.367652 0.432297 0.364674 0.386700 -0.080704 0.626431 0.519372 0.159513 -0.051008 0.460382 0.202068 1.000000 0.603289 0.013841 -0.122621 0.013940 0.153297 0.393108 0.377107 -0.176713 -0.011725 0.061515 0.189019 0.319328 0.110029 0.470712 0.315411 0.219331 0.278523 -0.193371 0.154063 -0.172639 0.292034 0.449029 0.227403 -0.045607 0.141845 0.316505 0.230261 0.011230 -0.107885 -0.026570 -0.133434 -0.174940 -0.018891 -0.090624 -0.210450 -0.226728 -0.377028 -0.175396 -0.278597 -0.146759 -0.089018 -0.186692 -0.239974 -0.141123 -0.287242 0.251630 0.037146 0.002854 -0.210802 0.389145 0.172070 -0.310151 -0.270204 -0.132089 -0.286099 0.200439 0.239760 0.275676 0.339678 0.172731 0.434082 0.221262 0.364946 -0.002642 -0.250237 0.307104 0.236366 0.778737 0.685907 0.188718 0.010096 0.165365 0.278584 0.222193 -0.006768 -0.459890 -0.210773 -0.113318 0.265054 -0.033951 -0.052068 0.072514 0.090059 -0.246004 -0.210907 0.057992 0.009021 0.092208 -0.021073 -0.000981 -0.210297 0.066893 -0.143741 -0.108166 0.045529 0.060071 0.041423 -0.069179 -0.183705 -0.282988 -0.240039
-0.433207 -0.311143 -0.096372 -0.409310 0.443490 0.502890 0.443154 0.246330 0.613332 0.488393 -0.295957 -0.153498 0.175682 0.308866 0.603289 1.000000 -0.184443 -0.175262 0.101090 -0.154535 0.291092 0.387721 -0.446176 -0.207343 -0.247355 -0.092913 0.296824 0.071082 0.304990 0.388598 0.202215 0.230157 -0.116353 0.286699 -0.016525 0.566340 0.430468 0.355237 0.091870 0.233457 0.191022 0.359092 0.094434 0.015014 0.055792 0.013314 -0.012720 0.031998 -0.109157 0.003577 -0.316484 -0.303701 -0.454726 -0.424666 -0.151322 -0.034830 -0.385628 -0.478662 -0.214405 -0.053389 0.147115 -0.057380 0.074114 -0.235615 0.507289 0.386575 -0.236886 -0.072465 -0.110008 -0.255330 0.108924 0.121604 0.321091 0.456431 0.439850 0.416269 0.497681 0.316517 -0.103636 -0.309722 0.159992 0.048788 0.438158 0.667576 -0.260625 -0.257199 0.175778 0.188993 0.037644 -0.181321 -0.376862 -0.161240 0.294674 0.389583 0.121154 0.057064 0.065280 0.222909 -0.029281 0.172024 0.220670 0.102132 0.166011 0.067207 0.047634 -0.029337 0.009707 -0.130227 0.062711 -0.028164 0.262134 0.358981 0.294658 0.048839 -0.116489 -0.072464
0.332706 0.144255 -0.121887 0.358054 -0.277244 -0.108572 -0.433468 -0.150887 -0.230943 -0.012183 0.347312 0.273698 0.262555 0.001006 0.013841 -0.184443 1.000000 0.698238 0.000622 0.482504 0.004352 -0.178552 0.242758 0.136965 0.112532 0.282300 -0.149401 -0.035393 0.335087 -0.012388 0.052273 0.127103 -0.004112 -0.039721 -0.125788 -0.208504 -0.083993 -0.307609 -0.267916 -0.304813 -0.158203 -0.411273 -0.020093 -0.066318 -0.424655 -0.311136 0.133534 -0.011426 -0.161060 -0.373858 0.269810 -0.123144 0.154515 0.146558 0.013999 -0.073640 0.468651 0.492057 -0.129093 -0.097972 -0.094440 -0.207300 -0.151170 0.018238 -0.022412 0.133956 -0.057373 -0.268129 0.133060 0.176847 0.051313 0.224695 0.071385 -0.387716 -0.435813 -0.082428 -0.228476 -0.162732 0.609398 0.568524 0.650210 0.511010 0.023572 0.100904 0.406105 0.359221 -0.171766 -0.007776 -0.031738 0.108146 -0.197032 -0.219371 -0.315752 -0.338325 -0.348025 -0.395233 -0.082936 -0.345979 -0.238187 -0.381187 0.028179 -0.132479 -0.005995 -0.059501 0.026029 -0.168349 0.159667 -0.002431 -0.456237 -0.289973 -0.204439 -0.327603 -0.240476 -0.315000 -0.377905 -0.443418
0.368533 0.357774 -0.251199 0.280064 -0.319158 -0.138396 -0.341758 -0.032478 -0.215690 -0.107269 0.170088 0.332815 0.293862 0.260534 -0.122621 -0.175262 0.698238 1.000000 -0.085779 0.328975 -0.099216 -0.228615 0.061754 0.076165 0.057197 0.094644 -0.128284 -0.062755 0.090413 -0.063140 -0.060378 -0.019999 0.084501 0.021073 0.017542 -0.230218 -0.251476 -0.352495 -0.175857 -0.171410 -0.139599 -0.377229 -0.135768 -0.135786 -0.415281 -0.367423 0.014299 -0.058103 0.028417 -0.303898 0.116174 -0.033317 0.175836 0.107432 0.132468 -0.222421 0.501097 0.463914 0.151713 0.069448 0.217470 0.212390 0.081996 0.435170 -0.085809 0.308771 -0.049716 -0.269655 0.067387 0.130782 -0.050177 0.069032 -0.071674 -0.306755 -0.399890 -0.133614 -0.233386 -0.116333 0.481282 0.422585 0.333935 0.312036 -0.133949 -0.033075 0.196633 0.213786 -0.141203 -0.036227 0.001630 0.081579 -0.164233 -0.178330 -0.245244 -0.359429 -0.244597 -0.214567 -0.175585 -0.277518 -0.212063 -0.386633 -0.022184 -0.228367 0.027072 -0.069614 -0.026850 -0.149260 0.186120 0.015612 -0.283557 -0.233612 -0.243161 -0.383311 -0.287227 -0.247011 -0.203387 -0.220362
0.066312 -0.100747 0.158161 0.077535 0.099501 0.029154 0.212384 0.197572 0.025830 0.242305 -0.184062 -0.253560 -0.035369 -0.091351 0.013940 0.101090 0.000622 -0.085779 1.000000 0.300048 -0.046713 0.067665 -0.115979 -0.055555 -0.184163 -0.098443 -0.069030 0.011417 0.108864 0.144738 0.140263 0.138294 0.049000 0.164854 -0.131988 0.056385 0.139261 0.106107 -0.058027 0.000975 0.084545 0.136734 0.130174 0.084979 0.112708 -0.028840 0.122259 0.008011 -0.075088 0.118014 -0.101943 -0.077052 -0.226194 -0.214145 -0.314546 0.034734 -0.130567 -0.093351 -0.078534 -0.206320 0.043481 -0.154390 0.182752 -0.035272 0.361251 -0.155967 -0.015532 -0.037527 0.321184 0.099339 -0.027886 -0.105628 0.183814 0.153951 0.135313 0.077105 0.166773 0.134931 0.073365 -0.040782 -0.028564 -0.084507 0.120812 0.141192 -0.204070 -0.243112 -0.192754 -0.126141 -0.362741 -0.341008 -0.205740 -0.249202 -0.094789 0.046200 0.105473 0.050632 0.164244 0.076618 0.090277 0.095751 -0.109859 0.036303 -0.026015 -0.023864 -0.034948 0.028615 -0.066527 -0.003937 0.045857 0.097575 0.107050 0.163323 0.171976 -0.064876 0.044849 0.063913
0.437070 0.294358 -0.030020 0.407808 -0.170029 -0.176485 -0.165169 -0.090835 -0.148156 0.020236 0.485862 0.224431 0.090203 -0.040757 0.153297 -0.154535 0.482504 0.328975 0.300048 1.000000 -0.085763 -0.355462 0.201469 0.351791 0.236706 0.178617 -0.069919 -0.094593 0.323232 0.090623 0.295601 0.427687 -0.029550 0.141797 -0.211040 -0.269447 -0.277687 -0.368341 -0.264679 -0.310363 -0.097860 -0.384239 -0.066729 -0.202741 -0.352988 -0.261342 -0.118272 -0.034886 -0.491867 -0.417057 -0.222404 -0.400002 -0.109920 -0.153723 -0.339589 -0.355578 0.255038 0.407059 -0.312660 -0.315546 -0.209668 -0.228747 -0.153097 -0.139985 0.050573 -0.114673 -0.271748 -0.265723 0.197740 0.405214 0.150517 0.186806 -0.081917 -0.257857 -0.393630 -0.203793 -0.274660 0.036917 0.169098 0.138229 0.280512 0.306525 0.303751 0.181486 0.409389 0.218339 -0.323793 -0.134895 -0.092788 -0.015007 -0.149118 -0.126436 -0.010518 -0.000826 -0.242201 -0.221319 -0.193494 -0.392007 -0.324286 -0.365822 -0.129907 -0.136277 -0.126833 0.118995 0.106352 0.113293 0.326819 0.332017 -0.339691 -0.145932 -0.423014 -0.152783 -0.059447 -0.092933 -0.119862 -0.157064
-0.310333 -0.221139 -0.209353 -0.393954 0.289152 0.179083 0.024993 -0.305647 0.217935 0.171197 -0.198703 -0.258528 0.215859 0.012238 0.393108 0.291092 0.004352 -0.099216 -0.046713 -0.085763 1.000000 0.477725 -0.114332 -0.039105 -0.009645 0.177171 0.272854 -0.000932 0.402169 0.312510 0.308176 0.216710 -0.188379 0.050039 -0.261068 0.214785 0.553407 0.374018 0.199410 0.211658 0.347513 0.290632 -0.002857 -0.151033 0.057521 -0.102203 -0.101421 -0.023177 -0.051444 0.022019 -0.273032 -0.170621 0.009657 -0.044786 0.060920 0.032408 -0.247155 -0.217243 -0.032219 0.036803 0.088682 0.011248 0.047033 -0.139405 0.028181 -0.055461 -0.287317 -0.245839 -0.204616 -0.154745 0.477893 0.470653 0.449934 0.439619 0.194884 0.510652 0.385157 0.409430 0.146397 -0.016587 0.255812 0.144735 0.337525 0.380519 -0.068244 -0.109276 0.211263 0.277557 0.010681 0.021626 -0.053943 0.120544 0.000194 0.227551 0.155405 0.013424 -0.069215 0.172625 -0.068939 -0.097938 0.058761 0.103283 0.022717 -0.040826 -0.020308 -0.101803 -0.008238 -0.227815 0.004164 0.234966 0.230865 0.091654 0.061876 0.009594 -0.130977 -0.162227
-0.357063 -0.384035 0.002039 -0.442669 0.582379 0.487329 0.121134 -0.037293 0.543516 0.441376 -0.344334 -0.249859 -0.031927 -0.074431 0.377107 0.387721 -0.178552 -0.228615 0.067665 -0.355462 0.477725 1.000000 -0.339619 -0.385132 -0.130154 -0.006142 0.494480 0.301759 0.178674 0.168005 -0.005643 -0.142557 -0.076522 -0.004712 -0.274880 0.403870 0.669712 0.634430 -0.026079 0.383134 0.370722 0.561410 0.129517 0.112811 0.144224 0.073447 0.002498 0.156884 0.135263 0.095035 -0.132561 -0.181330 -0.049201 -0.044024 0.109724 0.314451 -0.339908 -0.446051 0.056711 0.124652 0.129142 -0.007730 -0.073391 -0.246695 0.144283 0.118761 0.015200 0.034562 -0.154729 -0.371469 -0.003198 0.165259 0.302693 0.525006 0.510488 0.685380 0.509790 0.378161 -0.038804 -0.149234 0.149488 -0.138308 0.279124 0.510552 -0.116509 0.021299 0.248941 0.406311 0.075459 0.074956 -0.064114 0.123302 0.094535 0.202673 0.165688 0.109555 0.218366 0.481477 0.073551 0.159624 0.184607 0.126542 0.119281 -0.206359 -0.212709 -0.332883 -0.347065 -0.546267 0.213056 0.390297 0.440229 0.157059 0.080544 -0.177299 -0.091304 -0.178341
0.370977 0.098732 0.545504 0.578385 -0.255249 -0.044259 -0.186449 -0.170548 -0.401838 -0.350610 0.555702 0.304484 0.211725 -0.037822 -0.176713 -0.446176 0.242758 0.061754 -0.115979 0.201469 -0.114332 -0.339619 1.000000 0.681944 0.310553 0.501169 -0.084263 0.272292 -0.115878 -0.381339 0.022196 0.124047 -0.177307 -0.436105 0.022409 -0.242161 -0.394067 -0.276962 0.136497 -0.120228 -0.036458 -0.227766 -0.161873 -0.040355 -0.082645 0.103926 -0.075718 -0.250530 0.097615 -0.062211 0.307817 0.280037 0.329881 0.270142 0.036955 -0.075139 0.203156 0.195987 -0.026064 -0.100597 -0.038195 -0.151269 -0.095549 -0.129838 -0.242360 -0.084243 -0.108495 0.051339 -0.165230 0.081499 0.141601 -0.082998 -0.184971 -0.328474 -0.269053 -0.395299 -0.406376 -0.407544 0.055915 0.317370 -0.078058 -0.042052 -0.066901 -0.412236 0.426043 0.375474 -0.004000 -0.202557 0.296760 0.292377 0.084025 -0.102143 -0.373905 -0.356769 -0.012025 -0.131138 -0.064717 -0.301540 -0.221342 -0.475399 -0.327643 -0.226708 -0.293006 -0.001811 -0.010828 0.095092 0.178283 0.177495 -0.142229 -0.108763 -0.423388 -0.535059 -0.469891 -0.070952 -0.022179 -0.091663
0.133725 -0.020877 0.388507 0.535178 -0.206335 -0.183293 0.022638 0.068802 -0.290503 -0.209942 0.374636 0.188038 0.162928 0.100293 -0.011725 -0.207343 0.136965 0.076165 -0.055555 0.351791 -0.039105 -0.385132 0.681944 1.000000 0.342759 0.460184 -0.082370 0.225656 -0.063743 -0.176302 0.153194 0.335486 -0.165167 -0.175735 0.093325 -0.188580 -0.365044 -0.161912 0.322298 0.076380 0.181591 -0.114811 -0.189129 -0.077218 -0.171245 -0.014294 -0.108731 -0.195798 -0.110761 -0.133544 -0.019383 -0.036347 -0.100529 -0.074429 -0.159102 -0.083806 0.001670 0.107486 -0.256198 -0.327671 -0.078476 -0.271242 -0.133250 -0.119978 -0.143158 -0.097219 -0.243447 0.050500 -0.314551 0.149535 0.182548 0.016717 -0.143634 -0.195264 -0.206236 -0.365228 -0.290938 -0.137239 0.004172 0.106096 -0.135935 -0.056915 0.167680 -0.101390 0.243710 0.190140 0.166362 -0.069685 0.278152 0.067708 0.062379 -0.041811 -0.151344 -0.259184 0.198703 0.105443 0.130166 -0.075786 -0.137185 -0.289868 -0.452012 -0.430941 -0.427291 -0.061313 -0.149516 0.048980 0.055886 0.092437 0.053907 0.016974 -0.344590 -0.300897 -0.317518 -0.108779 0.091557 0.115510
0.044840 -0.169525 -0.011973 0.174209 0.143556 0.092443 -0.214140 -0.272541 0.017924 0.031086 0.224220 -0.103813 0.208326 -0.273382 0.061515 -0.247355 0.112532 0.057197 -0.184163 0.236706 -0.009645 -0.130154 0.310553 0.342759 1.000000 0.634135 0.409643 0.128275 0.151172 0.018525 0.216212 0.264983 -0.201778 -0.121296 -0.219631 -0.144600 -0.165368 -0.181131 -0.134148 -0.118503 0.011560 -0.191584 0.046767 0.109062 -0.158282 -0.006598 -0.018577 0.142202 -0.109689 -0.175316 -0.002788 -0.084815 0.127561 0.179790 -0.119051 -0.007850 0.153463 0.094373 -0.004640 -0.265724 0.043742 0.063805 0.029684 0.016181 -0.146353 -0.268843 -0.192134 -0.134860 -0.170901 0.048126 0.019081 0.241732 -0.022646 0.010710 -0.212250 0.031091 -0.146153 -0.140413 0.159385 0.072485 0.131260 0.218531 0.152048 0.023234 0.281946 0.219616 -0.055237 -0.000644 0.052944 0.146069 0.067866 0.190864 -0.108394 -0.031315 -0.197701 -0.294747 0.026027 -0.257863 -0.117648 -0.191238 -0.083466 0.103986 -0.036106 0.029033 -0.002059 -0.125207 0.097339 0.036809 -0.301619 -0.341383 -0.104941 -0.236484 -0.314506 -0.078067 -0.231148 -0.253704
0.104779 -0.173029 0.152519 0.150960 0.042875 0.280351 -0.147754 -0.218178 -0.041783 0.029601 0.228500 -0.097178 0.393979 -0.216469 0.189019 -0.092913 0.282300 0.094644 -0.098443 0.178617 0.177171 -0.006142 0.501169 0.460184 0.634135 1.000000 0.312452 0.266042 0.349395 0.059753 0.351783 0.449534 -0.212645 -0.039989 -0.180055 -0.021088 0.026435 -0.142923 -0.020748 -0.167537 0.078447 -0.129563 -0.040793 -0.012537 -0.209377 -0.143148 -0.018410 -0.013649 -0.104878 -0.286745 0.127293 -0.137874 0.091764 0.121993 -0.056269 0.020292 0.121317 0.069148 0.007420 -0.300558 0.140706 -0.083165 0.002579 -0.110591 0.024563 -0.165388 -0.228817 -0.189094 -0.119938 -0.023907 0.162952 0.213197 0.272701 0.050143 -0.096101 0.067001 -0.091056 -0.203858 0.333935 0.189199 0.364060 0.363522 0.296099 0.150117 0.318427 0.229422 -0.057532 0.039922 0.189978 0.065264 -0.137294 0.006336 -0.375407 -0.149434 -0.191119 -0.385608 0.180112 -0.205363 -0.142028 -0.262216 -0.205525 -0.062318 -0.109581 -0.076216 -0.037608 -0.229635 0.122571 -0.042290 -0.381230 -0.259683 0.112374 -0.184479 -0.343577 -0.103086 -0.310966 -0.431469
-0.273291 -0.257542 0.088815 -0.207802 0.736151 0.616632 0.113019 -0.118720 0.607864 0.376677 -0.064029 -0.124132 0.022427 -0.056623 0.319328 0.296824 -0.149401 -0.128284 -0.069030 -0.069919 0.272854 0.494480 -0.084263 -0.082370 0.409643 0.312452 1.000000 0.522048 0.220441 0.294100 0.266830 0.183161 -0.241127 -0.022325 -0.174803 0.211232 0.408811 0.355711 -0.029615 0.228459 0.277884 0.373501 -0.172514 -0.160449 -0.114603 -0.065521 -0.232372 -0.143908 -0.113861 -0.207171 -0.166793 -0.296687 -0.074472 -0.085702 -0.004362 -0.064138 -0.268520 -0.278315 -0.160732 0.022593 -0.066522 0.042405 -0.049977 -0.205971 0.190890 0.082252 -0.098560 0.007020 -0.172751 -0.061235 0.035432 0.236849 0.165525 0.327307 0.349975 0.395064 0.213387 0.049275 -0.185053 -0.102968 0.168993 0.055581 0.414362 0.488416 0.112277 0.115103 0.152009 0.391949 0.343271 0.310226 -0.011123 0.145188 0.204147 0.396316 0.075505 0.011941 0.013912 0.125561 -0.215569 -0.120102 0.167160 0.170497 0.103339 0.093034 0.022112 -0.018477 -0.006593 -0.125105 0.037184 -0.055170 0.155319 0.017305 0.127933 0.111353 -0.010778 -0.083692
0.008065 -0.024258 0.325777 0.189277 0.298764 0.478667 -0.024424 0.020057 0.260042 0.226593 0.120388 0.124959 -0.042868 0.032166 0.110029 0.071082 -0.035393 -0.062755 0.011417 -0.094593 -0.000932 0.301759 0.272292 0.225656 0.128275 0.266042 0.522048 1.000000 -0.164538 -0.146503 0.008965 -0.027802 -0.243763 -0.321149 -0.018626 -0.005626 0.047809 0.212319 0.303841 0.428317 0.271192 0.422194 -0.258441 -0.057398 -0.119678 0.062893 -0.155355 -0.269102 0.073820 -0.135933 0.022233 -0.102214 -0.000214 -0.070570 0.139958 0.122918 -0.166626 -0.145121 -0.077714 0.023719 -0.115357 -0.046877 -0.113378 -0.197607 0.064163 0.119098 0.020333 0.129616 -0.187114 -0.073689 0.000231 -0.052880 -0.122759 -0.036547 0.045529 -0.047402 -0.232250 -0.259281 -0.280154 -0.087342 -0.089162 -0.240112 0.303606 0.157266 0.253325 0.368393 0.381604 0.513485 0.472832 0.347562 -0.023822 -0.055673 -0.054838 -0.043451 0.406059 0.368194 0.258391 0.398816 -0.036055 -0.130990 -0.020948 -0.029068 -0.055051 0.121288 -0.112839 0.065028 -0.185630 -0.223523 0.430013 0.198859 -0.036451 -0.197802 -0.153693 -0.142557 0.317454 0.187782
-0.037309 -0.049069 -0.157553 -0.233762 0.181966 0.069484 0.112596 -0.128945 0.058791 0.023884 0.180393 -0.078423 0.318676 -0.029159 0.470712 0.304990 0.335087 0.090413 0.108864 0.323232 0.402169 0.178674 -0.115878 -0.063743 0.151172 0.349395 0.220441 -0.164538 1.000000 0.696224 0.670327 0.626847 0.129714 0.463584 -0.174761 0.298682 0.520961 0.066800 -0.059365 -0.070663 0.262569 0.111375 -0.105421 -0.289234 -0.208506 -0.206565 -0.311360 -0.099481 -0.371042 -0.319420 -0.257661 -0.482975 -0.256457 -0.274099 -0.236974 -0.215155 -0.129976 -0.036977 -0.241637 -0.348589 0.044525 -0.107465 0.203014 -0.044046 0.328911 -0.111458 -0.496107 -0.372992 -0.090470 -0.099223 0.147923 0.358867 0.719349 0.223176 0.137746 0.294094 0.232449 0.271386 0.283614 0.160265 0.679717 0.662027 0.619656 0.597492 0.153851 -0.064430 -0.195506 0.164574 -0.062150 -0.173692 -0.363683 -0.075376 -0.174989 0.123549 -0.096643 -0.220697 -0.026197 -0.042926 -0.313765 -0.207966 -0.114763 -0.102528 -0.112853 -0.184902 -0.012735 -0.179066 0.080589 -0.076418 -0.284632 -0.013311 0.207856 0.156788 0.129547 -0.082417 -0.177972 -0.270229
-0.451171 -0.237755 -0.150270 -0.426655 0.324115 0.045501 0.329040 0.136292 0.199539 0.028428 -0.197123 -0.328941 -0.003368 -0.055697 0.315411 0.388598 -0.012388 -0.063140 0.144738 0.090623 0.312510 0.168005 -0.381339 -0.176302 0.018525 0.059753 0.294100 -0.146503 0.696224 1.000000 0.686447 0.599811 0.236082 0.687694 0.049449 0.454498 0.525963 0.316011 0.017356 0.039438 0.291601 0.328744 -0.096162 -0.322987 0.036303 -0.077568 -0.379978 -0.093755 -0.404909 -0.132639 -0.531768 -0.539316 -0.552949 -0.628229 -0.330284 -0.337361 -0.430559 -0.199098 -0.417726 -0.264045 -0.104787 -0.247183 0.222845 -0.083041 0.454744 -0.203745 -0.259776 0.014138 -0.024057 0.122777 0.148531 0.414722 0.719628 0.426048 0.327317 0.322176 0.400282 0.385081 0.032244 -0.037603 0.365651 0.467879 0.483938 0.637766 -0.280435 -0.404462 -0.221898 0.180312 -0.129562 -0.313643 -0.366099 -0.116450 0.217958 0.423170 0.127274 0.060718 -0.025389 0.125210 -0.254624 -0.020341 -0.049372 -0.021755 -0.071413 -0.013731 0.033317 0.123330 0.029128 0.061772 0.000939 0.101242 0.425774 0.468521 0.495949 0.225500 0.105684 0.121633
-0.210321 -0.167055 0.052951 -0.228044 0.282794 0.073049 0.287701 0.013874 -0.013228 -0.061669 -0.021309 -0.274548 0.016802 -0.084859 0.219331 0.202215 0.052273 -0.060378 0.140263 0.295601 0.308176 -0.005643 0.022196 0.153194 0.216212 0.351783 0.266830 0.008965 0.670327 0.686447 1.000000 0.879285 0.232024 0.555277 -0.007403 0.232103 0.348856 0.118169 0.253589 0.129215 0.402391 0.272066 -0.223186 -0.398906 -0.000849 -0.042268 -0.434132 -0.279083 -0.448946 -0.168445 -0.527990 -0.517995 -0.454686 -0.538382 -0.355069 -0.379917 -0.267933 -0.105752 -0.434570 -0.368458 -0.087913 -0.296150 0.238051 -0.163231 0.381094 -0.307239 -0.334411 -0.049898 -0.029275 0.249380 0.311454 0.417503 0.637784 0.284215 0.252008 0.147237 0.190283 0.094849 0.007187 0.049011 0.231953 0.347308 0.479408 0.425031 -0.097878 -0.278501 -0.149250 0.197265 -0.047269 -0.230532 -0.317650 -0.144638 0.116900 0.345909 0.250339 0.134711 -0.151745 0.056321 -0.388895 -0.229324 -0.130589 -0.035814 -0.164092 0.083117 0.087707 0.272716 0.206267 0.097981 0.066894 0.081539 0.173185 0.242301 0.265347 0.204426 0.228820 0.167463
-0.221801 -0.235127 0.115708 -0.110880 0.192356 0.077500 0.292830 0.038323 0.002550 -0.004966 0.033427 -0.309340 0.098570 -0.076622 0.278523 0.230157 0.127103 -0.019999 0.138294 0.427687 0.216710 -0.142557 0.124047 0.335486 0.264983 0.449534 0.183161 -0.027802 0.626847 0.599811 0.879285 1.000000 0.131124 0.511724 -0.029039 0.230741 0.199009 -0.028289 0.139282 -0.050863 0.274465 0.097600 -0.076072 -0.242567 -0.002166 -0.037789 -0.320075 -0.150334 -0.466516 -0.151370 -0.519749 -0.513223 -0.514638 -0.572905 -0.498854 -0.366067 -0.227966 -0.064345 -0.483698 -0.423888 -0.105813 -0.355048 0.122960 -0.205347 0.390397 -0.323470 -0.357868 -0.042507 -0.064214 0.268508 0.373317 0.387321 0.539128 0.250308 0.142887 -0.000423 0.114595 0.068948 0.044060 0.017067 0.248413 0.383474 0.494778 0.441786 -0.079401 -0.277923 -0.317224 0.022688 -0.098903 -0.305488 -0.423024 -0.246613 0.061839 0.277401 0.090527 -0.021234 -0.033392 -0.129158 -0.301245 -0.218460 -0.192230 -0.074142 -0.218494 0.142154 0.142476 0.281489 0.340214 0.282989 -0.114358 -0.061806 0.099137 0.267998 0.194232 0.247665 0.131297 0.098429
0.028647 0.111274 -0.018353 -0.209302 -0.135166 -0.249244 0.134266 0.162753 -0.199348 -0.199476 -0.044177 -0.109911 -0.212830 -0.046870 -0.193371 -0.116353 -0.004112 0.084501 0.049000 -0.029550 -0.188379 -0.076522 -0.177307 -0.165167 -0.201778 -0.212645 -0.241127 -0.243763 0.129714 0.236082 0.232024 0.131124 1.000000 0.652101 0.070619 -0.009593 0.073628 -0.036399 0.183430 0.099942 0.194350 0.016890 -0.043651 -0.003454 0.195162 0.062230 -0.038544 0.031294 -0.040728 0.200020 -0.045953 0.016444 -0.258313 -0.240298 -0.119656 -0.013604 0.127762 0.170907 -0.008511 -0.063672 0.084554 -0.024051 -0.000838 0.186509 0.054849 -0.176712 0.138338 0.146245 0.264463 0.134813 -0.152722 -0.132230 0.231708 -0.145260 0.139821 -0.180743 -0.039191 -0.074994 -0.015621 0.145768 -0.118519 0.017402 -0.145886 -0.048376 -0.377074 -0.424741 -0.221440 -0.082371 -0.288261 -0.489222 -0.203812 -0.270890 -0.162337 -0.110124 0.140502 0.198055 0.126278 0.086152 -0.015516 0.029730 -0.220948 -0.134674 -0.240852 -0.268902 -0.250398 -0.018406 -0.187488 -0.032932 0.178960 0.185030 0.048784 0.074324 0.051496 0.074030 0.199036 0.229410
-0.280208 -0.141818 -0.168019 -0.412987 0.131967 -0.068820 0.325915 0.246553 0.098389 0.008428 -0.228780 -0.359252 -0.102563 -0.051331 0.154063 0.286699 -0.039721 0.021073 0.164854 0.141797 0.050039 -0.004712 -0.436105 -0.175735 -0.121296 -0.039989 -0.022325 -0.321149 0.463584 0.687694 0.555277 0.511724 0.652101 1.000000 0.074395 0.288145 0.289901 0.107640 0.006176 -0.027146 0.235388 0.103034 0.065807 -0.147985 0.128344 -0.048868 -0.179716 0.039339 -0.369224 0.001259 -0.425163 -0.434237 -0.568032 -0.616307 -0.347864 -0.235159 -0.175659 -0.045196 -0.279492 -0.300710 0.076295 -0.157464 0.127261 0.066899 0.468144 -0.189305 -0.097401 0.096514 0.229023 0.186370 0.085882 0.161787 0.483094 0.221530 0.225644 0.083690 0.226635 0.251121 0.035858 -0.122231 0.170980 0.358568 0.262366 0.442679 -0.414994 -0.583920 -0.309803 -0.012443 -0.326909 -0.548301 -0.434103 -0.282374 0.084363 0.237533 0.068106 0.049791 0.063018 0.075207 -0.057442 0.115937 -0.127076 -0.068443 -0.100744 -0.113778 -0.097604 0.039773 0.050039 0.092487 -0.022284 0.083943 0.348162 0.511545 0.422824 0.211527 0.050237 0.126811
-0.125894 0.086285 0.245540 -0.021492 -0.123989 -0.117209 0.316141 0.267205 -0.109535 -0.198750 0.084623 0.176577 -0.042756 0.324883 -0.172639 -0.016525 -0.125788 0.017542 -0.131988 -0.211040 -0.261068 -0.274880 0.022409 0.093325 -0.219631 -0.180055 -0.174803 -0.018626 -0.174761 0.049449 -0.007403 -0.029039 0.070619 0.074395 1.000000 -0.018869 -0.231597 0.002834 0.107971 -0.077061 -0.126905 0.048808 -0.227793 -0.250451 0.021393 0.005900 -0.204799 -0.382131 0.047059 -0.044999 -0.034154 0.095682 -0.174295 -0.273968 -0.089892 -0.362555 -0.274485 -0.055009 -0.155300 0.074586 -0.046937 0.017154 0.283069 0.150349 0.154506 0.117218 0.234977 0.374628 0.012517 0.230256 -0.051455 -0.208904 -0.046760 -0.044905 0.155329 -0.362231 -0.010586 -0.006877 -0.289445 -0.041649 -0.238538 -0.155578 -0.193690 -0.218696 -0.136653 -0.247182 -0.130816 -0.199774 0.182615 -0.079828 -0.018902 -0.152724 0.119359 0.105039 0.183586 0.229094 -0.122224 0.001229 -0.133750 -0.067267 -0.090971 -0.032211 0.034425 0.252349 0.196798 0.367406 0.176080 0.329041 0.189991 0.045459 -0.008431 0.122817 0.201174 0.264557 0.357374 0.414202
-0.540777 -0.464391 0.153532 -0.247272 0.419809 0.357629 0.366418 0.280432 0.410790 0.190164 -0.250628 -0.210948 0.144395 0.059646 0.292034 0.566340 -0.208504 -0.230218 0.056385 -0.269447 0.214785 0.403870 -0.242161 -0.188580 -0.144600 -0.021088 0.211232 -0.005626 0.298682 0.454498 0.232103 0.230741 -0.009593 0.288145 -0.018869 1.000000 0.392282 0.334521 -0.003755 0.102764 0.099614 0.345028 0.142501 0.033019 0.336052 0.422395 -0.187006 0.011298 0.056224 0.251584 -0.139029 -0.157098 -0.427636 -0.339939 -0.142588 -0.153654 -0.445850 -0.613718 -0.214013 -0.047440 0.116172 -0.240334 0.013948 -0.311421 0.415865 0.240313 -0.177137 0.254724 -0.282356 -0.309910 0.131639 0.121304 0.467012 0.608287 0.506816 0.405362 0.592390 0.358602 -0.044707 -0.151356 0.050997 0.020584 0.263579 0.472375 -0.341341 -0.230592 -0.024200 0.020709 -0.028110 -0.154398 -0.292947 -0.060743 0.231512 0.268278 0.079829 -0.023615 0.049737 0.108297 -0.093559 0.148227 0.167103 -0.023536 0.026381 -0.077865 0.019500 -0.026264 -0.047671 -0.129164 0.000463 -0.024187 0.532754 0.279668 0.190477 -0.014166 -0.048487 -0.090469
