1.000000 0.312577 0.387230 0.116533 0.104725 -0.066713 0.173885 0.063404 0.191763 -0.056431 0.395254 0.121063 0.005824 -0.113071 0.032649 -0.221042 0.184788 -0.190064 0.286753 0.582566 0.056789 -0.034541 0.182679 0.137058 0.095036 0.129433 0.096907 0.178502 -0.173448 -0.187591 0.013375 0.025958 0.080208 0.134244 -0.257096 -0.260625 -0.160632 -0.055614 -0.014793 0.003406 -0.164103 0.054663 -0.167703 0.077425 -0.024041 -0.013756 -0.162689 0.115161 -0.015348 -0.145415 -0.041743 -0.128418 -0.145705 -0.116081 -0.305937 -0.116995 0.328882 0.386102 -0.093294 -0.298690 0.073801 -0.070995 -0.116243 -0.066023 0.190387 -0.114438 -0.236071 -0.090633 0.352554 -0.025045 0.014685 -0.119179 -0.169276 -0.141732 -0.120226 0.013511 -0.195938 -0.105361 -0.066687 -0.265774 0.052772 0.087155 -0.036263 -0.180388 0.015711 -0.100229 0.034451 -0.099387 0.101916 0.047466 0.156752 0.195510 -0.072332 -0.127848 -0.036012 -0.088480 -0.049322 -0.136050 -0.030598 -0.054285 -0.083426 -0.208926 -0.180406 -0.126972 -0.153252 -0.045157 -0.204090 -0.119600 -0.059278 0.007077 -0.196329 -0.116289 -0.222356 -0.163233 -0.167398 -0.151126
0.312577 1.000000 -0.072871 -0.125417 0.055672 -0.071107 0.375445 0.460610 0.273445 0.494580 0.192823 0.691367 0.344919 0.580363 -0.125052 0.151270 0.057854 0.267183 -0.189948 0.438149 0.134819 0.004218 -0.348258 -0.324482 -0.275087 -0.342622 -0.172338 -0.383544 -0.030231 0.174331 -0.401144 -0.471466 0.331059 0.226284 -0.253480 -0.359589 -0.335282 -0.204370 -0.154701 -0.248938 -0.177984 -0.113083 -0.341634 -0.301167 -0.219517 -0.273293 -0.135375 -0.106599 0.272641 0.022599 -0.007380 0.053871 0.195865 -0.227484 0.069928 -0.235021 0.230250 0.075415 0.413561 0.211229 0.556577 0.672321 0.088558 0.279631 -0.337499 0.585383 -0.124533 -0.328693 0.181631 -0.133051 0.125973 0.121684 -0.079294 0.056689 -0.157572 -0.174817 -0.060359 -0.256212 -0.149477 -0.126751 0.071887 -0.083626 -0.385455 -0.008256 -0.199581 -0.259041 -0.205239 -0.071197 -0.126857 0.133327 -0.008960 -0.076072 -0.063772 -0.068974 -0.099950 -0.123786 0.108771 -0.160941 0.022039 0.011072 0.051102 -0.142633 0.018673 -0.018624 -0.011407 -0.011479 -0.070385 -0.002602 -0.168362 -0.155278 -0.396134 0.040285 -0.050206 0.023849 0.105704 0.089356
0.387230 -0.072871 1.000000 0.581231 0.378407 0.394985 0.414897 0.303124 0.333291 -0.203808 0.170382 -0.118677 -0.038041 -0.322076 0.276616 -0.245015 -0.158347 -0.339855 0.800970 0.223858 0.108226 0.105193 0.745880 0.663704 0.595551 0.694742 0.456651 0.662021 -0.116506 -0.314575 0.567732 0.429723 0.213362 0.298826 -0.027549 0.102934 -0.154866 0.004725 -0.055193 0.068524 -0.007437 0.035414 -0.043277 0.231388 0.058212 0.136877 -0.255554 0.002215 -0.256416 -0.254514 0.124781 -0.213231 -0.322408 -0.211011 -0.153477 -0.049138 -0.195251 -0.135391 -0.426027 -0.535580 -0.286783 -0.476024 -0.317986 -0.387824 0.618282 -0.287081 -0.122187 0.119503 0.030065 -0.145085 0.083309 -0.178947 -0.235997 -0.056055 0.010996 0.153500 0.001956 -0.043277 -0.107676 -0.025782 -0.271087 -0.224494 0.275813 -0.307733 0.383797 0.186532 0.263413 0.125427 0.415647 0.076411 -0.295798 -0.167734 -0.121976 -0.172990 0.147741 0.093490 -0.054836 0.058431 -0.433080 -0.313205 -0.221883 -0.266019 -0.258007 -0.259261 -0.367944 -0.333346 -0.404205 -0.327430 0.121743 -0.110719 0.092910 -0.177815 -0.327723 -0.366957 -0.421022 -0.283244
0.116533 -0.125417 0.581231 1.000000 0.187832 0.279760 0.001419 0.295714 0.070354 -0.055340 0.144949 -0.009886 -0.187703 -0.278713 0.394996 0.096126 -0.134243 -0.264656 0.632752 0.305760 0.021438 -0.023813 0.727188 0.792622 0.451544 0.624565 0.503674 0.645753 -0.050384 -0.259218 0.502400 0.581626 -0.066133 0.228862 0.121949 0.328009 -0.129156 0.072647 -0.206569 -0.084463 0.104993 0.041010 -0.130179 0.190209 0.073120 0.259982 -0.230888 -0.030243 -0.310916 -0.170074 0.005103 -0.256380 -0.260644 -0.098514 -0.261262 -0.086066 -0.214151 -0.190613 -0.492307 -0.481917 -0.292760 -0.411619 -0.250355 -0.337638 0.650682 -0.122424 -0.287879 0.139677 -0.052277 0.049203 0.014598 -0.263378 -0.367226 -0.017824 -0.116029 0.258231 -0.231008 -0.001956 -0.231698 0.071606 -0.284905 -0.184155 0.496479 0.188400 0.537513 0.468483 0.276716 0.344921 0.509609 0.314879 -0.366924 -0.315537 -0.004726 -0.239600 -0.128256 0.066726 -0.153441 -0.097606 -0.228889 -0.192235 -0.207461 -0.195821 -0.337723 -0.237717 -0.354533 -0.415346 -0.415321 -0.427689 0.043005 -0.003094 0.103607 -0.085979 -0.247721 -0.339192 -0.383835 -0.220471
0.104725 0.055672 0.378407 0.187832 1.000000 0.372429 0.383633 0.358732 0.630279 0.338980 0.175983 0.089211 0.201430 0.280440 0.128861 0.139406 -0.026094 -0.092389 0.211841 0.199523 0.105501 0.305651 0.070090 0.142638 0.161285 0.134927 0.331985 0.174499 -0.020905 -0.005831 0.302739 0.131675 0.132023 0.274500 0.055980 0.035646 -0.139181 -0.097498 -0.113415 -0.117661 -0.008853 -0.027752 -0.361494 -0.180091 0.034591 -0.038117 -0.482156 -0.260975 0.026228 -0.030212 0.096814 -0.136936 -0.095671 -0.335715 -0.190749 -0.168672 -0.224554 -0.154686 -0.079528 -0.131409 0.074874 0.001352 0.162072 0.065224 -0.087505 0.047951 0.047434 0.149265 -0.142077 -0.024042 0.465490 0.070017 -0.003146 0.131392 0.029834 0.276212 0.008664 0.140902 -0.198518 -0.124103 0.072410 0.018924 0.070754 -0.024185 -0.168447 -0.189925 -0.056701 -0.147815 -0.125226 -0.140563 0.125011 0.142831 0.019336 -0.002287 -0.059720 -0.186347 -0.273248 -0.120276 -0.082521 -0.170041 -0.256372 0.055312 -0.123200 -0.099948 -0.162785 -0.101789 -0.082806 -0.109940 -0.093643 -0.056226 -0.159079 -0.144338 -0.228214 -0.182296 -0.180942 -0.219226
-0.066713 -0.071107 0.394985 0.279760 0.372429 1.000000 0.090587 0.045038 0.257990 0.105833 -0.274100 -0.164405 -0.342776 -0.181885 -0.114953 -0.063257 -0.329159 -0.230546 0.375588 0.082952 0.340084 0.382575 0.280735 0.243815 0.590441 0.520126 0.626705 0.518958 -0.240657 -0.060482 0.152947 0.088130 0.087441 0.278125 0.186480 0.288339 -0.136006 0.015218 -0.001713 -0.019977 -0.100239 -0.074874 0.026167 0.087874 0.178221 0.252443 -0.201351 0.057714 -0.120005 -0.056999 0.094030 -0.014813 -0.076854 -0.038541 0.231895 0.110799 -0.114402 -0.054942 -0.059793 -0.156078 -0.242485 -0.160613 -0.265671 -0.277929 0.232784 -0.028150 0.003205 0.300834 0.124646 0.134621 -0.052152 -0.259763 -0.276689 -0.136132 -0.002558 0.115463 -0.163313 -0.097429 -0.149844 0.153195 -0.193157 -0.073288 -0.027312 -0.178177 0.127377 0.116389 -0.076172 -0.126125 0.123422 0.172425 -0.267241 -0.200176 -0.076685 -0.134741 0.096844 -0.033386 0.083131 -0.022631 -0.152719 -0.194648 -0.127733 -0.127649 -0.098936 0.014225 -0.072654 -0.161333 -0.290052 -0.253176 -0.000058 -0.203035 -0.047595 -0.249754 -0.221303 -0.109598 -0.223896 -0.309739
0.173885 0.375445 0.414897 0.001419 0.383633 0.090587 1.000000 0.653125 0.550671 0.306031 0.224816 0.245811 0.624219 0.412581 0.009973 -0.017870 0.001425 -0.006481 0.090155 0.018203 -0.062290 0.008969 -0.074906 -0.107815 -0.141399 -0.127720 -0.113350 -0.164126 0.120651 0.018049 0.098378 -0.200564 0.373137 0.222163 0.045970 -0.094138 -0.220208 -0.251915 -0.080630 -0.085528 -0.144454 -0.010732 -0.204976 -0.220928 -0.099890 -0.212497 -0.280755 -0.284973 0.123507 -0.050586 0.100489 0.024794 0.023408 -0.246854 -0.102837 -0.140360 -0.168624 -0.262934 0.113774 0.040464 0.337065 0.238338 0.070796 0.119510 -0.163190 0.228992 0.096022 -0.132480 -0.084336 -0.428696 0.251225 0.271144 0.179791 0.150259 0.128066 -0.064435 0.192678 -0.085371 -0.134272 -0.195919 -0.062462 -0.185653 -0.260047 -0.330135 -0.233347 -0.272519 -0.067093 -0.127164 -0.132926 -0.256707 0.021477 0.013660 -0.052913 -0.012246 0.024324 0.041857 -0.103140 0.019326 -0.232125 0.002942 0.029965 -0.149696 0.055053 -0.172081 -0.219439 -0.198146 -0.190392 -0.079048 0.071385 -0.192974 -0.211101 0.094641 -0.089876 -0.146700 -0.049728 0.118712
0.063404 0.460610 0.303124 0.295714 0.358732 0.045038 0.653125 1.000000 0.597576 0.643154 0.184159 0.529051 0.434529 0.541979 0.116622 0.241634 -0.148776 -0.012954 0.016761 0.095203 -0.087092 0.066514 -0.003519 0.136053 -0.105043 -0.070422 -0.022167 -0.119777 -0.091102 -0.167793 -0.020344 -0.223572 0.099157 0.081073 -0.182087 -0.214085 -0.456480 -0.313050 -0.273771 -0.199365 -0.234081 -0.173132 -0.254534 -0.161840 -0.262972 -0.249901 -0.274255 -0.140132 0.091060 -0.015569 0.073582 0.004562 0.115921 -0.189905 -0.139622 -0.228289 -0.250563 -0.293893 0.043616 -0.038814 0.283506 0.367739 -0.103187 -0.025314 -0.126168 0.509541 -0.193786 -0.103346 -0.133585 -0.159591 0.241632 0.051108 -0.148071 -0.010469 -0.226933 -0.119997 -0.077711 -0.222180 -0.270867 -0.302209 -0.222515 -0.361779 -0.181795 -0.131766 -0.070247 -0.147730 -0.114482 0.038962 0.122647 0.142323 0.125964 0.061625 0.148173 0.070767 -0.133223 -0.072287 -0.060472 -0.133324 -0.060516 -0.005447 -0.057532 -0.009968 -0.085683 -0.144250 -0.181685 -0.150684 -0.087795 -0.043988 -0.066539 -0.182775 -0.132364 0.199940 -0.119110 -0.163410 -0.059538 0.075567
0.191763 0.273445 0.333291 0.070354 0.630279 0.257990 0.550671 0.597576 1.000000 0.595899 0.121655 0.375955 0.420155 0.470538 0.204737 0.183204 -0.098845 -0.028745 0.027864 0.062369 -0.137028 0.143335 -0.059925 0.030694 -0.055230 -0.039993 0.040459 -0.009169 -0.109646 -0.088107 -0.024384 -0.204560 0.017134 0.136684 -0.019404 -0.134183 -0.433409 -0.292658 -0.222979 -0.192367 -0.220195 -0.209296 -0.200957 -0.135721 -0.182701 -0.210511 -0.265231 -0.212982 0.017616 -0.093347 0.117255 -0.054106 -0.018196 -0.214015 -0.042416 -0.253432 -0.126100 -0.156811 0.087211 -0.140754 0.306255 0.233856 -0.024174 0.001597 -0.057180 0.349326 -0.092557 0.012166 -0.157645 -0.035484 0.257184 0.085960 -0.056021 -0.068934 -0.190567 -0.046004 -0.023155 -0.058651 -0.215257 -0.156736 -0.045685 -0.179117 -0.202439 -0.211977 -0.115573 -0.207394 -0.127918 -0.189480 0.066921 -0.059553 0.081868 0.110631 0.022529 0.154765 -0.077484 -0.194857 -0.078432 -0.180740 -0.100283 -0.093890 -0.084532 -0.046101 -0.089366 0.017640 -0.048481 0.031061 -0.026567 0.012124 -0.110869 -0.247294 -0.140444 -0.031189 -0.183460 -0.011084 -0.032526 -0.021165
-0.056431 0.494580 -0.203808 -0.055340 0.338980 0.105833 0.306031 0.643154 0.595899 1.000000 -0.028820 0.612747 0.286937 0.732242 0.038254 0.550123 -0.105178 0.211436 -0.375033 0.078115 -0.030161 0.135010 -0.411360 -0.223722 -0.300800 -0.339789 -0.046243 -0.327895 -0.135845 0.045977 -0.419648 -0.487970 -0.093545 0.028754 -0.141818 -0.218766 -0.349538 -0.309576 -0.210886 -0.290283 -0.262167 -0.220650 -0.253477 -0.291066 -0.349170 -0.339982 -0.140573 -0.140725 0.124591 0.021941 0.030461 0.055610 0.262639 -0.093301 0.030300 -0.205523 -0.107566 -0.136587 0.217165 0.150366 0.408602 0.627177 0.069168 0.208196 -0.387553 0.664422 -0.255366 -0.173935 -0.123125 0.103269 0.109201 0.022476 -0.156788 0.007208 -0.241538 -0.081186 -0.112079 -0.105776 -0.260398 -0.252436 0.018815 -0.114726 -0.302474 0.110993 -0.260395 -0.270660 -0.279526 -0.090404 -0.078409 0.134055 0.286095 0.138234 0.243275 0.185870 -0.212379 -0.223787 0.000558 -0.213108 0.248654 0.152559 0.085400 0.050689 0.029632 0.104799 0.121880 0.094255 0.120823 0.111522 -0.242561 -0.158080 -0.193519 0.166165 0.028046 0.127658 0.194046 0.175396
0.395254 0.192823 0.170382 0.144949 0.175983 -0.274100 0.224816 0.184159 0.121655 -0.028820 1.000000 0.386277 0.466314 0.154147 0.422088 0.142209 0.177473 -0.062442 0.054904 0.401009 0.121938 -0.025347 0.192251 0.224060 -0.096886 0.016417 -0.016917 0.059333 0.329188 -0.078573 0.252425 0.228243 -0.042534 0.120552 0.049303 0.068826 -0.036320 -0.128221 -0.134033 -0.127613 -0.077398 0.019874 -0.200855 0.002865 -0.016863 -0.057437 -0.219785 -0.143218 0.020083 -0.131618 -0.184123 -0.241946 -0.335781 -0.382849 -0.389573 -0.312986 -0.281102 -0.217181 -0.114941 -0.195744 0.203214 0.039675 0.082680 0.044693 0.200974 0.075895 -0.175818 -0.028372 -0.290966 -0.231550 0.347040 0.292746 0.103062 0.166063 0.042994 0.303666 0.016914 0.201793 -0.115386 -0.020324 0.060793 0.019433 0.361675 0.190739 0.274422 0.147544 0.258197 0.221136 0.175836 -0.078663 0.135961 0.133434 0.086065 0.062461 -0.236004 -0.184981 -0.107338 -0.263035 -0.246332 -0.259765 -0.196133 -0.035541 -0.115700 -0.153890 -0.168933 -0.140425 -0.177039 -0.130715 -0.147792 -0.010944 -0.061388 -0.096413 -0.246932 -0.157544 -0.179709 -0.199025
0.121063 0.691367 -0.118677 -0.009886 0.089211 -0.164405 0.245811 0.529051 0.375955 0.612747 0.386277 1.000000 0.450515 0.675716 0.226469 0.434042 0.105804 0.299991 -0.322954 0.237432 0.036928 0.043814 -0.206883 -0.064055 -0.278161 -0.248153 -0.120555 -0.266272 0.087755 0.073011 -0.314548 -0.314131 -0.016513 0.007477 -0.137744 -0.199914 -0.380692 -0.235760 -0.252941 -0.337191 -0.215895 -0.110571 -0.293138 -0.219060 -0.286950 -0.186756 -0.148139 -0.105453 0.126193 -0.025259 -0.062741 -0.005220 0.102401 -0.207268 -0.024057 -0.358845 -0.065167 -0.264187 0.243437 -0.007497 0.565590 0.638324 0.018023 0.093126 -0.076879 0.777809 -0.289301 -0.212126 -0.198899 -0.091335 0.238412 0.203609 -0.102943 0.183008 -0.138827 -0.007725 0.010858 -0.048297 -0.147724 -0.124312 -0.006655 -0.169582 -0.125738 0.137980 0.102984 0.010546 -0.056044 0.155378 0.197585 0.259725 0.017719 -0.110064 0.148448 0.077379 -0.263118 -0.238077 -0.037658 -0.258524 -0.081322 -0.131253 0.017946 -0.021022 0.002784 -0.007638 -0.003455 -0.029777 -0.043463 -0.024630 -0.253848 -0.129497 -0.215581 0.006838 -0.078603 0.053750 0.016159 0.065818
0.005824 0.344919 -0.038041 -0.187703 0.201430 -0.342776 0.624219 0.434529 0.420155 0.286937 0.466314 0.450515 1.000000 0.652128 0.389905 0.328684 0.332879 0.285671 -0.263715 -0.018946 -0.087843 -0.155533 -0.274649 -0.261641 -0.430311 -0.332433 -0.346862 -0.360366 0.468158 0.257141 0.032335 -0.185505 0.188705 0.051510 0.090010 -0.019875 -0.163310 -0.232325 -0.115863 -0.154003 -0.048296 -0.001039 -0.323784 -0.381336 -0.229906 -0.395625 -0.236286 -0.483721 0.128733 -0.061572 -0.066819 -0.059042 -0.070652 -0.337663 -0.244855 -0.331952 -0.183475 -0.288908 0.231768 0.203728 0.623405 0.434021 0.397478 0.402259 -0.258975 0.297915 0.147346 -0.179766 -0.354485 -0.345251 0.359872 0.482947 0.355880 0.317877 0.028258 0.036207 0.246427 0.147379 -0.013087 -0.102014 0.189810 0.086196 -0.048480 0.119519 -0.232796 -0.203455 -0.105563 -0.048673 -0.119949 -0.262904 0.131530 0.000432 -0.002857 0.083712 -0.166320 -0.085485 -0.148111 -0.106783 -0.148559 -0.009892 0.026113 0.047299 0.078570 -0.180045 -0.124337 -0.057432 -0.022015 0.013137 -0.063084 -0.027191 -0.157723 0.120118 -0.022695 -0.098949 -0.004649 0.155061
-0.113071 0.580363 -0.322076 -0.278713 0.280440 -0.181885 0.412581 0.541979 0.470538 0.732242 0.154147 0.675716 0.652128 1.000000 0.099594 0.544558 0.196071 0.476940 -0.511306 0.085707 -0.016787 0.016644 -0.566577 -0.457299 -0.463978 -0.484624 -0.338711 -0.556479 0.275575 0.326632 -0.354913 -0.463577 0.177779 0.111371 -0.071554 -0.142770 -0.334004 -0.366941 -0.296402 -0.342193 -0.265627 -0.155279 -0.378310 -0.461401 -0.265184 -0.347379 -0.263941 -0.332288 0.230061 0.089438 -0.013357 0.019223 0.177432 -0.235037 -0.093154 -0.387346 -0.123890 -0.249777 0.370706 0.333387 0.695390 0.765595 0.400757 0.509002 -0.539870 0.665317 0.060705 -0.144460 -0.219966 -0.093328 0.282704 0.254184 0.264085 0.198755 -0.057496 -0.049263 0.145532 0.013358 -0.016665 -0.135306 0.283089 0.086323 -0.384812 0.157920 -0.426481 -0.374588 -0.340406 -0.169142 -0.309667 -0.139467 0.289647 0.088283 0.091677 0.112533 -0.215882 -0.243193 -0.160760 -0.178368 0.122440 0.077101 0.006654 0.124111 0.132684 0.010411 0.063636 0.063310 0.128357 0.102075 -0.225923 -0.195000 -0.288274 0.176066 0.051270 0.075785 0.168434 0.220471
0.032649 -0.125052 0.276616 0.394996 0.128861 -0.114953 0.009973 0.116622 0.204737 0.038254 0.422088 0.226469 0.389905 0.099594 1.000000 0.556855 0.138432 0.148843 0.224083 0.103974 0.073763 -0.147102 0.401511 0.388413 0.138919 0.302935 0.140829 0.327529 0.399040 0.020456 0.375878 0.324497 -0.217048 0.034271 0.110474 0.248331 -0.016720 0.011442 -0.196009 -0.152354 0.067046 -0.081208 -0.068281 0.136081 -0.066706 -0.094206 -0.112036 -0.176087 -0.181030 -0.199005 -0.071710 -0.198787 -0.272204 -0.218082 -0.309037 -0.284832 -0.376119 -0.297237 -0.264584 -0.307102 0.085715 -0.157149 0.070345 0.044873 0.421276 -0.073043 -0.194240 -0.046605 -0.378106 -0.067714 0.196619 0.012060 0.029765 0.181679 -0.055450 0.342319 0.145702 0.261470 0.040467 0.208532 0.084975 0.141098 0.591485 0.490271 0.438223 0.412571 0.239715 0.300517 0.375147 0.062203 -0.195427 -0.194722 0.068947 0.035289 -0.183548 -0.132856 -0.051214 -0.156761 -0.239143 -0.261506 -0.167283 -0.074363 -0.274513 -0.167637 -0.215874 -0.219640 -0.262067 -0.316100 -0.135832 0.043157 0.053958 -0.071510 -0.163980 -0.181907 -0.243304 -0.155836
-0.221042 0.151270 -0.245015 0.096126 0.139406 -0.063257 -0.017870 0.241634 0.183204 0.550123 0.142209 0.434042 0.328684 0.544558 0.556855 1.000000 0.023629 0.326741 -0.241069 0.024099 0.036289 -0.064236 -0.120057 -0.044305 -0.214498 -0.133353 0.025151 -0.075412 0.214310 0.136188 -0.067526 -0.173448 -0.160432 -0.006846 0.104401 0.223749 -0.065476 -0.001650 -0.256517 -0.308779 -0.112630 -0.114573 -0.101052 -0.057613 -0.047424 -0.117068 -0.093962 -0.094796 0.123808 0.193756 0.140247 0.177670 0.218157 -0.010216 -0.228423 -0.218639 -0.273744 -0.214013 0.101744 0.088650 0.258083 0.308658 0.186690 0.286700 -0.084575 0.306016 -0.119704 -0.052348 -0.273361 0.104997 0.149226 0.021465 0.063192 0.137860 -0.031786 0.316173 0.061084 0.209667 -0.126149 0.093561 0.052591 0.088616 0.247570 0.553473 0.099445 0.172870 -0.046659 0.219480 -0.014183 0.068030 0.066616 0.006704 0.229570 0.133338 -0.429241 -0.274718 -0.115373 -0.298325 0.092370 -0.032928 -0.000570 0.177778 -0.042311 -0.081504 -0.076735 -0.173341 -0.163214 -0.229547 -0.387266 0.033360 -0.093065 -0.011336 -0.011914 0.032159 -0.040226 -0.054684
0.184788 0.057854 -0.158347 -0.134243 -0.026094 -0.329159 0.001425 -0.148776 -0.098845 -0.105178 0.177473 0.105804 0.332879 0.196071 0.138432 0.023629 1.000000 0.327649 -0.259446 0.075182 0.016556 -0.152601 -0.130386 -0.137184 -0.187644 -0.135984 -0.246700 -0.183706 0.495750 0.392042 0.002396 0.066750 0.181018 -0.020104 0.028535 -0.043916 0.072035 -0.006485 0.052023 0.091054 0.242556 0.255006 -0.139833 -0.042090 -0.026013 -0.045797 -0.033373 -0.214255 -0.004384 -0.030519 -0.065414 -0.041477 -0.115962 -0.068907 -0.224463 -0.035121 0.252267 0.056712 -0.058299 0.002023 0.240554 0.094710 0.487048 0.427480 -0.114101 -0.037472 0.083110 -0.204464 -0.046289 -0.234647 0.171656 0.212541 0.487622 0.399257 0.164917 0.075977 0.210627 0.078056 0.254609 -0.034276 0.468354 0.439734 -0.055632 0.110178 -0.155247 -0.067427 0.008418 -0.121132 -0.159170 -0.166163 0.008500 -0.180858 -0.281198 -0.296606 0.129453 0.123030 -0.145470 0.128947 0.016175 0.085701 -0.110164 -0.136999 -0.081336 -0.324191 -0.230937 -0.148968 -0.105022 -0.164462 0.186432 0.243975 -0.055283 0.015854 -0.028970 -0.274760 -0.180887 0.072885
-0.190064 0.267183 -0.339855 -0.264656 -0.092389 -0.230546 -0.006481 -0.012954 -0.028745 0.211436 -0.062442 0.299991 0.285671 0.476940 0.148843 0.326741 0.327649 1.000000 -0.351561 -0.011766 0.101313 -0.063941 -0.332417 -0.307606 -0.210353 -0.250227 -0.306379 -0.375526 0.524120 0.670158 -0.198905 -0.133428 0.247582 0.044424 -0.133341 -0.227723 -0.047134 -0.192974 -0.190864 -0.289161 -0.049675 -0.194756 -0.078175 -0.115846 -0.180904 -0.219992 -0.054926 -0.298784 0.013487 0.023572 -0.149803 -0.126749 -0.017339 -0.156841 0.039775 -0.275654 0.086172 -0.112099 0.151563 0.214045 0.343471 0.435375 0.346509 0.502221 -0.308234 0.181978 0.038074 -0.373032 -0.185483 -0.235894 0.034308 0.181831 0.337657 0.281747 0.002399 -0.019287 0.286778 0.101984 0.445314 0.202514 0.545991 0.450472 -0.208282 0.200640 -0.191491 -0.197041 -0.272894 -0.232491 -0.240437 -0.162811 -0.078873 -0.214930 -0.021724 0.028824 -0.109200 -0.104386 -0.049021 -0.045025 0.014287 0.078563 0.032987 -0.107361 0.218910 0.041162 0.089045 0.148860 0.086125 0.056320 -0.121451 -0.107518 -0.262176 0.088862 0.214728 0.102533 0.247338 0.200651
0.286753 -0.189948 0.800970 0.632752 0.211841 0.375588 0.090155 0.016761 0.027864 -0.375033 0.054904 -0.322954 -0.263715 -0.511306 0.224083 -0.241069 -0.259446 -0.351561 1.000000 0.401982 0.191170 0.060250 0.726977 0.605136 0.602839 0.672398 0.468118 0.669174 -0.129956 -0.252054 0.588245 0.541421 0.122129 0.223820 0.013247 0.192018 -0.008222 0.061417 -0.008676 0.030247 0.076443 0.068603 0.034876 0.201802 0.184790 0.235597 -0.134803 0.076887 -0.279304 -0.200327 0.021773 -0.210600 -0.295276 -0.018047 -0.107247 0.025252 -0.181235 -0.051514 -0.434475 -0.444691 -0.473079 -0.600821 -0.326707 -0.404587 0.616979 -0.493380 -0.101426 0.134086 0.146746 -0.011543 -0.023224 -0.226529 -0.309185 -0.072988 0.020306 0.231400 -0.041457 0.093319 -0.084449 0.078744 -0.297660 -0.189971 0.406484 -0.076166 0.343412 0.163064 0.244777 0.163481 0.268711 0.038766 -0.293244 -0.098034 -0.033759 -0.134786 0.106828 0.089483 -0.068066 0.036667 -0.302154 -0.141948 -0.103575 -0.117182 -0.205595 -0.176317 -0.291306 -0.272287 -0.301408 -0.266376 0.142835 -0.057921 0.170861 -0.151510 -0.155416 -0.256566 -0.340941 -0.256511
0.582566 0.438149 0.223858 0.305760 0.199523 0.082952 0.018203 0.095203 0.062369 0.078115 0.401009 0.237432 -0.018946 0.085707 0.103974 0.024099 0.075182 -0.011766 0.401982 1.000000 0.358141 0.121480 0.148838 0.129946 0.152771 0.187952 0.243887 0.158817 0.043650 0.076771 0.021776 0.150654 0.116439 0.293508 -0.140922 -0.049364 -0.079098 -0.117026 -0.116140 -0.184580 -0.062780 0.105175 -0.267734 -0.126344 -0.044843 -0.046801 -0.247058 -0.016470 -0.117248 -0.176531 -0.291297 -0.337282 -0.272362 -0.245390 -0.255247 -0.249156 0.056958 0.147792 -0.182820 -0.230425 0.032861 0.060650 -0.046314 0.009826 0.049598 -0.004702 -0.291773 -0.104578 0.252177 0.108424 0.095506 0.034102 -0.198049 0.118824 -0.072106 0.144267 -0.029311 0.115855 -0.094178 -0.122203 0.141408 0.110033 0.091097 0.137461 -0.009922 -0.150299 0.002414 -0.009140 -0.036921 0.029488 0.110109 0.065466 -0.008442 -0.142924 -0.135196 -0.144924 -0.073784 -0.242727 -0.034817 -0.013466 -0.044225 -0.067864 -0.133722 -0.072235 -0.133126 -0.087764 -0.148697 -0.110203 -0.094689 -0.111018 -0.086425 -0.069991 -0.096379 -0.122211 -0.104174 -0.106178
0.056789 0.134819 0.108226 0.021438 0.105501 0.340084 -0.062290 -0.087092 -0.137028 -0.030161 0.121938 0.036928 -0.087843 -0.016787 0.073763 0.036289 0.016556 0.101313 0.191170 0.358141 1.000000 0.616523 0.110463 0.017027 0.274102 0.245574 0.388194 0.216902 0.101203 0.118260 0.089924 -0.002218 0.139786 0.167412 -0.093356 0.013390 0.087595 -0.035702 0.124666 -0.098164 0.002434 0.033982 -0.065720 -0.017673 0.073895 -0.033396 -0.199780 0.064605 0.111191 -0.045617 0.049026 -0.073718 0.049615 -0.131090 0.020805 -0.051957 0.025013 0.027090 0.049363 -0.042364 0.049142 0.080988 0.014929 -0.026054 -0.010142 0.029591 -0.089430 0.055832 0.051140 0.083832 0.113606 -0.037941 0.004401 0.205349 0.264427 0.345855 0.115860 0.168576 -0.007449 0.023047 0.114986 0.177258 0.156325 0.059574 0.150044 0.101298 0.003338 0.026828 0.055580 0.185234 -0.073936 -0.129145 -0.117836 -0.152474 -0.100685 -0.247272 0.014026 -0.198794 -0.114908 -0.177941 -0.125059 -0.071437 -0.014626 -0.000272 -0.039351 -0.061362 -0.218323 -0.224557 -0.199146 -0.150818 -0.229714 -0.284374 -0.154613 -0.119448 -0.212450 -0.356681
-0.034541 0.004218 0.105193 -0.023813 0.305651 0.382575 0.008969 0.066514 0.143335 0.135010 -0.025347 0.043814 -0.155533 0.016644 -0.147102 -0.064236 -0.152601 -0.063941 0.060250 0.121480 0.616523 1.000000 -0.001797 0.013450 0.151076 0.159829 0.386284 0.191550 -0.142529 0.058650 -0.036828 -0.055999 -0.031943 -0.048060 -0.124701 -0.104323 0.038502 0.021053 0.106400 -0.014901 -0.069077 -0.049772 -0.091787 -0.049387 -0.048427 -0.053827 -0.174234 0.063333 0.083535 -0.022585 0.100471 -0.015170 0.066236 -0.128442 0.034805 -0.000850 -0.074485 -0.123668 0.062799 -0.103256 0.020476 0.078670 -0.044067 -0.186269 -0.087856 0.137506 -0.063114 0.167189 -0.089335 0.110538 0.247787 0.079010 -0.173617 0.091890 0.100267 0.232872 0.038823 0.182831 -0.164010 -0.186360 -0.021138 -0.018482 0.000735 -0.039743 0.050793 0.016448 -0.051760 0.024549 0.099775 0.205081 0.033194 0.059305 0.017626 0.076439 -0.019454 -0.220531 -0.066733 -0.156767 -0.101984 -0.147370 -0.150308 0.118671 0.152246 0.177056 0.124008 0.126818 0.027526 -0.013311 -0.122233 -0.179101 -0.203261 -0.317282 -0.201220 0.015150 -0.093559 -0.302101
0.182679 -0.348258 0.745880 0.727188 0.070090 0.280735 -0.074906 -0.003519 -0.059925 -0.411360 0.192251 -0.206883 -0.274649 -0.566577 0.401511 -0.120057 -0.130386 -0.332417 0.726977 0.148838 0.110463 -0.001797 1.000000 0.904334 0.679581 0.832103 0.564278 0.858120 -0.042940 -0.352929 0.665461 0.668141 -0.116755 0.098601 0.116523 0.354239 0.006018 0.187808 -0.024552 0.106458 0.094166 0.068210 0.123340 0.452653 0.256325 0.410755 -0.075543 0.170965 -0.291524 -0.106837 0.119491 -0.162471 -0.361370 0.012303 -0.198692 0.053030 -0.252159 -0.116355 -0.578048 -0.687937 -0.519359 -0.653976 -0.444757 -0.526050 0.855559 -0.393859 -0.307201 0.128336 -0.038916 -0.046610 0.034411 -0.215167 -0.247122 -0.033960 0.017703 0.324193 -0.022720 0.089686 -0.127157 0.106891 -0.316306 -0.200910 0.548030 -0.047215 0.696768 0.503254 0.472091 0.371020 0.636231 0.240449 -0.397480 -0.278090 -0.067202 -0.204849 0.020779 0.115192 -0.097431 0.010878 -0.383275 -0.338826 -0.277348 -0.235223 -0.341726 -0.275946 -0.392413 -0.436263 -0.480561 -0.450582 0.095735 0.044403 0.253994 -0.187237 -0.279185 -0.347106 -0.469732 -0.338097
0.137058 -0.324482 0.663704 0.792622 0.142638 0.243815 -0.107815 0.136053 0.030694 -0.223722 0.224060 -0.064055 -0.261641 -0.457299 0.388413 -0.044305 -0.137184 -0.307606 0.605136 0.129946 0.017027 0.013450 0.904334 1.000000 0.588191 0.792534 0.524068 0.821634 -0.071038 -0.353373 0.590752 0.692997 -0.138964 0.161619 0.112878 0.301600 -0.044704 0.201519 -0.114413 0.058197 0.096205 0.060306 0.056532 0.413330 0.131136 0.364305 -0.137153 0.153664 -0.386283 -0.136489 0.015885 -0.252498 -0.341814 -0.062729 -0.227801 -0.039208 -0.266596 -0.161919 -0.634609 -0.665066 -0.483911 -0.580613 -0.376572 -0.511242 0.814530 -0.271535 -0.344678 0.183080 -0.084649 0.013404 0.028444 -0.174615 -0.334468 -0.045922 -0.113599 0.281444 -0.115205 0.106641 -0.172283 0.102418 -0.308201 -0.190948 0.571000 0.052214 0.687885 0.505671 0.403084 0.399691 0.695851 0.314068 -0.335647 -0.272780 -0.013527 -0.179502 -0.046835 0.058972 -0.117039 -0.051228 -0.375834 -0.360606 -0.289635 -0.219538 -0.346746 -0.249485 -0.330510 -0.392399 -0.430193 -0.421874 0.036402 0.074431 0.263035 -0.198603 -0.339315 -0.345686 -0.463378 -0.376618
0.095036 -0.275087 0.595551 0.451544 0.161285 0.590441 -0.141399 -0.105043 -0.055230 -0.300800 -0.096886 -0.278161 -0.430311 -0.463978 0.138919 -0.214498 -0.187644 -0.210353 0.602839 0.152771 0.274102 0.151076 0.679581 0.588191 1.000000 0.832393 0.589340 0.725330 -0.111545 -0.184291 0.469445 0.480993 0.024180 0.206489 -0.017631 0.192261 0.008657 0.136204 0.036770 0.084603 0.016824 0.077582 0.089597 0.338553 0.257589 0.373835 -0.132775 0.199377 -0.236141 -0.045927 0.072852 -0.099544 -0.213955 0.077882 0.034575 0.132987 -0.067956 0.082362 -0.407209 -0.438716 -0.506514 -0.488759 -0.349219 -0.386159 0.530317 -0.380440 -0.188031 0.209081 0.147568 0.137522 -0.092923 -0.280861 -0.209697 -0.044793 0.037077 0.210937 -0.073843 0.034202 0.111145 0.191411 -0.117966 0.000088 0.228918 -0.134694 0.392574 0.328501 0.154755 0.149191 0.334972 0.181687 -0.340941 -0.232236 -0.167354 -0.282040 0.121176 0.093663 0.010002 0.029732 -0.267563 -0.267160 -0.169468 -0.224700 -0.292354 -0.167860 -0.286745 -0.316770 -0.378093 -0.356137 0.099952 -0.034461 0.071379 -0.273744 -0.249204 -0.336145 -0.405173 -0.364939
0.129433 -0.342622 0.694742 0.624565 0.134927 0.520126 -0.127720 -0.070422 -0.039993 -0.339789 0.016417 -0.248153 -0.332433 -0.484624 0.302935 -0.133353 -0.135984 -0.250227 0.672398 0.187952 0.245574 0.159829 0.832103 0.792534 0.832393 1.000000 0.632971 0.875356 -0.037394 -0.160099 0.603465 0.659907 -0.011031 0.289078 0.124417 0.399176 0.014208 0.237040 -0.014216 0.098994 -0.013855 0.084378 0.082635 0.364712 0.177494 0.350180 -0.207178 0.130917 -0.424044 -0.200866 -0.003798 -0.276658 -0.407149 -0.030105 -0.093414 0.018997 -0.204574 -0.082543 -0.580878 -0.576597 -0.494574 -0.605182 -0.351328 -0.471943 0.729100 -0.410395 -0.233295 0.214929 -0.010858 0.059184 -0.031373 -0.215060 -0.287582 -0.018868 0.005994 0.307785 -0.009407 0.152779 0.026182 0.185154 -0.129372 0.026194 0.444545 0.000068 0.523233 0.413845 0.272023 0.240772 0.531198 0.182825 -0.425666 -0.329381 -0.105839 -0.245311 0.064182 0.082025 0.002636 0.006142 -0.335146 -0.313568 -0.195376 -0.241942 -0.298503 -0.167355 -0.272933 -0.354729 -0.476343 -0.457513 0.063932 -0.018357 0.197473 -0.228960 -0.267300 -0.329036 -0.443235 -0.370641
0.096907 -0.172338 0.456651 0.503674 0.331985 0.626705 -0.113350 -0.022167 0.040459 -0.046243 -0.016917 -0.120555 -0.346862 -0.338711 0.140829 0.025151 -0.246700 -0.306379 0.468118 0.243887 0.388194 0.386284 0.564278 0.524068 0.589340 0.632971 1.000000 0.745379 -0.224247 -0.157792 0.402389 0.375614 -0.125517 0.171279 0.123192 0.334647 -0.018946 0.127950 -0.041904 0.016879 -0.024379 -0.005490 -0.068261 0.172280 0.169752 0.257133 -0.197631 0.122801 -0.173079 -0.074786 0.054315 -0.057723 -0.148313 -0.006097 -0.111052 0.003140 -0.146631 0.001889 -0.314643 -0.390754 -0.327802 -0.274448 -0.349225 -0.395464 0.441718 -0.078878 -0.242724 0.285863 0.083685 0.278860 0.024554 -0.248834 -0.358338 -0.055746 0.016860 0.288825 -0.184012 -0.033208 -0.209413 -0.051391 -0.222465 -0.044338 0.335208 -0.008148 0.408489 0.341519 0.199870 0.092309 0.374102 0.260657 -0.220008 -0.189214 -0.040073 -0.171452 -0.082171 -0.025490 -0.012746 -0.161651 -0.152544 -0.274482 -0.219272 0.040023 -0.175719 -0.083954 -0.168287 -0.201299 -0.364161 -0.337584 -0.081843 -0.061355 0.027524 -0.280255 -0.259967 -0.174979 -0.322606 -0.411574
0.178502 -0.383544 0.662021 0.645753 0.174499 0.518958 -0.164126 -0.119777 -0.009169 -0.327895 0.059333 -0.266272 -0.360366 -0.556479 0.327529 -0.075412 -0.183706 -0.375526 0.669174 0.158817 0.216902 0.191550 0.858120 0.821634 0.725330 0.875356 0.745379 1.000000 -0.129217 -0.330569 0.573610 0.602377 -0.135980 0.165984 0.166312 0.416572 0.073398 0.285134 0.018444 0.164636 0.134521 0.113991 0.117687 0.446082 0.300399 0.443504 -0.065210 0.279053 -0.266909 -0.080405 0.132949 -0.086416 -0.247417 0.040597 -0.199172 0.105847 -0.196678 -0.026379 -0.544433 -0.644774 -0.513063 -0.632396 -0.383636 -0.501427 0.779677 -0.397490 -0.255697 0.306794 0.048225 0.138374 -0.070956 -0.270544 -0.331516 -0.105609 0.030610 0.323089 -0.139294 0.080692 -0.093510 0.104873 -0.238831 -0.035071 0.562624 0.005895 0.622316 0.553138 0.392899 0.295849 0.595704 0.255422 -0.385324 -0.283936 -0.149454 -0.281380 0.018670 0.076218 -0.073774 0.001651 -0.327156 -0.406255 -0.248865 -0.184084 -0.359049 -0.249513 -0.345234 -0.394156 -0.512817 -0.500470 0.025300 0.093387 0.220612 -0.336192 -0.427143 -0.339213 -0.550700 -0.505201
-0.173448 -0.030231 -0.116506 -0.050384 -0.020905 -0.240657 0.120651 -0.091102 -0.109646 -0.135845 0.329188 0.087755 0.468158 0.275575 0.399040 0.214310 0.495750 0.524120 -0.129956 0.043650 0.101203 -0.142529 -0.042940 -0.071038 -0.111545 -0.037394 -0.224247 -0.129217 1.000000 0.510524 0.259322 0.319421 0.198600 0.208619 0.279430 0.166355 0.140179 -0.127789 -0.072963 -0.119357 0.169272 0.009687 -0.095389 -0.108028 -0.030837 -0.126324 -0.133910 -0.443464 -0.068326 -0.153417 -0.190751 -0.268507 -0.331627 -0.331021 -0.152096 -0.246899 -0.234353 -0.349554 -0.163231 -0.005559 0.241661 0.088791 0.436677 0.412786 -0.037015 -0.034060 0.108870 -0.245479 -0.365971 -0.401159 0.211216 0.392329 0.569490 0.338822 0.147344 0.265457 0.356670 0.332201 0.432344 0.321376 0.530497 0.473213 0.142396 0.315382 0.011308 0.036193 0.038734 -0.042081 -0.090802 -0.322521 -0.126679 -0.230407 -0.079383 -0.108233 0.028381 0.035441 -0.216378 0.016316 -0.228555 -0.031268 -0.086143 -0.089656 0.076200 -0.178699 -0.127876 -0.136597 -0.169160 -0.204175 0.050515 -0.029985 -0.141044 0.021046 0.115054 -0.085064 -0.027802 0.086038
-0.187591 0.174331 -0.314575 -0.259218 -0.005831 -0.060482 0.018049 -0.167793 -0.088107 0.045977 -0.078573 0.073011 0.257141 0.326632 0.020456 0.136188 0.392042 0.670158 -0.252054 0.076771 0.118260 0.058650 -0.352929 -0.353373 -0.184291 -0.160099 -0.157792 -0.330569 0.510524 1.000000 -0.065762 0.060289 0.256425 0.161526 0.087154 0.014302 0.203274 0.104939 -0.028164 -0.058025 0.094729 -0.078223 -0.172194 -0.271115 -0.192850 -0.305640 -0.076610 -0.436001 -0.147056 -0.163685 -0.312638 -0.230971 -0.193205 -0.218257 0.109719 -0.134131 0.044550 -0.160836 0.117379 0.254073 0.280325 0.297357 0.390946 0.458177 -0.345463 0.042576 0.132058 -0.331566 -0.236189 -0.305507 0.170807 0.408033 0.383760 0.381821 0.047179 0.130021 0.408625 0.255809 0.292647 0.226370 0.522635 0.544351 -0.160633 0.362902 -0.349037 -0.248372 -0.255359 -0.286257 -0.321502 -0.277427 -0.066596 -0.262886 -0.029696 -0.003108 0.003107 0.045092 0.072522 -0.005778 0.032378 0.163467 0.011340 -0.054068 0.296214 0.090729 0.111099 0.118064 -0.007230 -0.014781 0.071310 -0.021276 -0.253499 0.038271 0.207991 0.056263 0.200883 0.183923
0.013375 -0.401144 0.567732 0.502400 0.302739 0.152947 0.098378 -0.020344 -0.024384 -0.419648 0.252425 -0.314548 0.032335 -0.354913 0.375878 -0.067526 0.002396 -0.198905 0.588245 0.021776 0.089924 -0.036828 0.665461 0.590752 0.469445 0.603465 0.402389 0.573610 0.259322 -0.065762 1.000000 0.751672 0.064417 0.320014 0.265237 0.394759 0.202378 0.256166 -0.032128 -0.022124 0.127189 0.089805 -0.085668 0.173074 0.213795 0.193403 -0.316191 -0.170396 -0.155502 -0.108072 0.071159 -0.170791 -0.331164 -0.123595 -0.191147 -0.097137 -0.253346 -0.144176 -0.462922 -0.342300 -0.340664 -0.516544 -0.124963 -0.203591 0.515278 -0.436043 -0.055502 0.097505 -0.285488 -0.103114 0.274833 0.057752 0.087181 0.029556 0.145454 0.440785 0.092040 0.285649 0.041047 0.271349 -0.060137 0.087134 0.547103 0.048819 0.305206 0.250356 0.237911 0.052330 0.243481 -0.187938 -0.374173 -0.171728 -0.071343 -0.134784 -0.172712 -0.092898 -0.194054 -0.159847 -0.308882 -0.230703 -0.153476 -0.035951 -0.148827 -0.175152 -0.216284 -0.293168 -0.425624 -0.401812 -0.077924 0.033819 -0.036487 -0.235266 -0.123162 -0.211342 -0.272110 -0.219039
0.025958 -0.471466 0.429723 0.581626 0.131675 0.088130 -0.200564 -0.223572 -0.204560 -0.487970 0.228243 -0.314131 -0.185505 -0.463577 0.324497 -0.173448 0.066750 -0.133428 0.541421 0.150654 -0.002218 -0.055999 0.668141 0.692997 0.480993 0.659907 0.375614 0.602377 0.319421 0.060289 0.751672 1.000000 -0.052120 0.303104 0.303199 0.381107 0.287976 0.288773 -0.013938 0.117326 0.269528 0.168363 0.009965 0.254513 0.156857 0.251370 -0.146847 -0.155518 -0.490929 -0.316238 -0.223591 -0.425645 -0.519159 -0.142411 -0.167811 -0.067862 -0.241006 -0.203179 -0.599123 -0.407825 -0.373656 -0.569393 0.014719 -0.179307 0.624295 -0.470405 -0.052929 0.090658 -0.253535 -0.149554 0.149267 0.095789 -0.037791 0.137695 0.023760 0.418938 0.072225 0.378024 0.165599 0.276697 0.108659 0.245830 0.594757 0.238025 0.366367 0.343326 0.301028 0.151006 0.351110 -0.092244 -0.337617 -0.343686 -0.024160 -0.235198 0.035298 0.155737 -0.183581 0.012674 -0.336623 -0.222188 -0.192480 -0.132206 -0.149318 -0.199132 -0.235606 -0.284572 -0.363616 -0.396409 0.159492 0.158303 0.148041 -0.179488 -0.110147 -0.293942 -0.339740 -0.272577
0.080208 0.331059 0.213362 -0.066133 0.132023 0.087441 0.373137 0.099157 0.017134 -0.093545 -0.042534 -0.016513 0.188705 0.177779 -0.217048 -0.160432 0.181018 0.247582 0.122129 0.116439 0.139786 -0.031943 -0.116755 -0.138964 0.024180 -0.011031 -0.125517 -0.135980 0.198600 0.256425 0.064417 -0.052120 1.000000 0.588880 -0.004094 -0.062117 -0.001124 -0.031764 -0.016441 -0.059318 0.039579 0.115867 -0.271045 -0.255945 0.057669 -0.041269 -0.311178 -0.223515 0.161995 0.110993 0.141541 -0.036651 0.039770 -0.237121 -0.030319 -0.134616 0.279452 0.100813 0.155978 0.253061 0.207176 0.122945 0.370224 0.389967 -0.153669 -0.034180 0.467707 0.104931 0.275531 -0.139978 -0.031174 0.024405 0.230441 0.096962 0.096423 -0.167102 0.150109 -0.112069 0.163850 0.119310 0.247162 0.188380 -0.239171 -0.138823 -0.212341 -0.195467 -0.147115 -0.114391 -0.329029 -0.293105 -0.234955 -0.223406 -0.385804 -0.262611 0.074334 -0.000607 -0.092036 0.069422 -0.303747 -0.199256 -0.060627 -0.256285 0.007560 -0.243047 -0.190594 -0.200355 -0.165099 -0.155181 0.043573 -0.097256 -0.235724 -0.202611 -0.187621 -0.286280 -0.175992 -0.170018
0.134244 0.226284 0.298826 0.228862 0.274500 0.278125 0.222163 0.081073 0.136684 0.028754 0.120552 0.007477 0.051510 0.111371 0.034271 -0.006846 -0.020104 0.044424 0.223820 0.293508 0.167412 -0.048060 0.098601 0.161619 0.206489 0.289078 0.171279 0.165984 0.208619 0.161526 0.320014 0.303104 0.588880 1.000000 0.274561 0.305656 -0.024014 0.053401 -0.168546 -0.078123 0.000306 0.133138 -0.393680 -0.255458 0.078421 0.093062 -0.506979 -0.303765 -0.134358 -0.112728 -0.008446 -0.335546 -0.234417 -0.448835 -0.092312 -0.218364 0.128210 0.126158 -0.171716 0.035994 0.109139 0.036027 0.207673 0.273832 0.141136 0.012228 0.211696 0.224751 0.140292 0.008838 -0.031644 -0.069276 0.083318 -0.093048 -0.102669 0.102641 -0.006588 0.048318 0.071627 0.260323 0.343219 0.349240 0.047100 0.064652 -0.045477 -0.031327 -0.125317 -0.092117 -0.118905 -0.297058 -0.355169 -0.378040 -0.408112 -0.413401 -0.065638 -0.093548 -0.134385 -0.096634 -0.335079 -0.323866 -0.216406 -0.312716 -0.251087 -0.221203 -0.192691 -0.289198 -0.393831 -0.356967 -0.077102 -0.081328 -0.171098 -0.296342 -0.276160 -0.294162 -0.172718 -0.209552
-0.257096 -0.253480 -0.027549 0.121949 0.055980 0.186480 0.045970 -0.182087 -0.019404 -0.141818 0.049303 -0.137744 0.090010 -0.071554 0.110474 0.104401 0.028535 -0.133341 0.013247 -0.140922 -0.093356 -0.124701 0.116523 0.112878 -0.017631 0.124417 0.123192 0.166312 0.279430 0.087154 0.265237 0.303199 -0.004094 0.274561 1.000000 0.789785 0.088677 0.173206 -0.016239 0.082195 0.173196 0.104638 0.030869 -0.084710 0.303442 0.233677 -0.136278 -0.300515 -0.052576 0.008267 0.062990 -0.059224 -0.323658 -0.075422 -0.104133 -0.013516 -0.230281 -0.201788 -0.111280 -0.110720 -0.010393 -0.212090 0.045319 -0.027411 0.275237 0.023933 0.186973 0.248305 -0.242830 -0.184277 0.014174 0.131284 0.087437 0.016958 0.058056 0.144927 0.146135 0.137135 -0.060908 0.238811 -0.043066 -0.026531 0.212262 0.097334 0.085296 0.137081 0.164966 -0.040965 0.011539 -0.364021 -0.274127 -0.337164 -0.110765 -0.153017 0.044011 0.135143 -0.276180 0.089830 -0.264879 -0.064849 -0.070788 -0.019335 -0.128557 -0.102038 -0.098662 -0.244447 -0.208079 -0.227416 0.127358 0.148447 0.159047 -0.040956 0.096973 -0.030078 -0.087739 0.033743
-0.260625 -0.359589 0.102934 0.328009 0.035646 0.288339 -0.094138 -0.214085 -0.134183 -0.218766 0.068826 -0.199914 -0.019875 -0.142770 0.248331 0.223749 -0.043916 -0.227723 0.192018 -0.049364 0.013390 -0.104323 0.354239 0.301600 0.192261 0.399176 0.334647 0.416572 0.166355 0.014302 0.394759 0.381107 -0.062117 0.305656 0.789785 1.000000 0.072363 0.217924 -0.053219 0.132291 0.107190 0.158975 0.005595 0.002475 0.366534 0.428946 -0.160758 -0.112505 -0.181768 0.084087 0.091395 -0.053041 -0.317624 -0.012944 -0.212712 0.078392 -0.322784 -0.200123 -0.286950 -0.199611 -0.212387 -0.336113 -0.080058 -0.110884 0.434137 -0.096997 0.104350 0.429253 -0.187890 0.018873 -0.077069 -0.083566 0.021190 0.002647 0.099979 0.282343 0.046303 0.159420 -0.159749 0.216023 -0.101163 0.016433 0.406036 0.224565 0.287676 0.325338 0.297024 0.196416 0.118887 -0.220008 -0.289517 -0.314264 -0.175812 -0.253188 -0.013079 0.138911 -0.228457 0.096112 -0.235843 -0.195706 -0.213648 -0.023676 -0.312414 -0.236025 -0.267872 -0.436451 -0.375301 -0.396603 0.099883 0.152758 0.307945 -0.063789 -0.142538 -0.215225 -0.284364 -0.112685
