1.000000 0.235712 -0.225541 -0.073345 -0.158773 -0.436687 0.249699 -0.290112 -0.253484 -0.326907 0.182437 -0.127576 0.061184 0.118783 0.203763 -0.133337 0.131269 0.149496 0.212139 0.339282 -0.145555 -0.162773 -0.053771 -0.150307 -0.201421 -0.378356 -0.244325 -0.309026 0.390053 0.188184 -0.077781 -0.149253 0.397798 0.401997 0.027662 -0.140827 0.157040 0.103387 0.015629 -0.052648 0.287918 0.096831 -0.091145 -0.290505 -0.133145 -0.450568 -0.108576 0.037822 0.071123 0.168364 -0.425383 -0.108908 -0.003644 0.100472 -0.174760 0.053292 0.685033 0.528484 0.067209 0.099757 0.032428 0.101076 0.080517 0.326995 -0.115937 -0.326856 -0.112194 -0.381118 0.373754 -0.004427 0.031286 -0.132088 0.204620 0.014899 0.244212 -0.082996 0.172056 0.080839 0.085901 0.238391 0.174513 0.147963 0.357718 0.027972 0.086130 -0.330758 -0.042056 -0.102118 -0.141544 -0.300955 -0.072852 0.055432 -0.090073 0.034425 -0.050363 0.059800 -0.173192 0.026091 0.013306 0.062226 -0.016267 -0.122289 0.141033 0.081453 -0.049359 -0.122058 -0.014439 0.085932 0.097399 0.116260 -0.165101 -0.100391 -0.165620 -0.033458 -0.119360 -0.243679
0.235712 1.000000 -0.348165 0.415621 -0.191305 -0.431859 0.264324 0.482757 -0.028344 0.152648 -0.078946 0.483727 0.161650 0.563205 0.048353 0.154723 -0.276241 0.424600 -0.017508 0.339795 -0.353775 -0.303586 -0.501405 -0.130021 -0.437116 -0.610550 -0.583748 -0.613687 -0.050476 0.309776 -0.300576 -0.326982 0.415305 0.427176 -0.299951 -0.308894 -0.317619 -0.211535 -0.507227 -0.313149 -0.054327 -0.046557 -0.314724 -0.405761 0.129537 -0.091510 -0.351607 -0.214291 -0.295444 0.456092 -0.466535 0.229192 -0.345261 -0.137928 -0.505917 -0.390540 0.199886 0.393058 -0.325823 0.374280 -0.124712 0.385052 0.203656 0.334466 -0.063904 0.055778 -0.036453 -0.135869 0.300471 -0.126473 -0.025850 -0.241796 0.025807 0.063196 -0.049627 0.010448 -0.159827 -0.068558 -0.128451 -0.243367 0.110132 0.261906 0.016037 0.639661 -0.094126 -0.066224 -0.153243 -0.220140 -0.288733 0.021011 -0.018695 -0.209144 0.260233 -0.192765 -0.142027 0.165029 -0.393417 -0.124779 0.183049 0.038927 0.101647 0.112638 0.312104 0.169087 0.082168 0.047913 -0.005937 -0.009624 -0.043478 -0.168243 -0.348088 0.173419 0.298920 -0.173371 0.043771 0.129695
-0.225541 -0.348165 1.000000 -0.074574 0.536495 0.261271 0.483734 0.080376 0.526280 0.168982 0.504156 0.066642 0.376535 -0.213950 0.210012 0.020592 0.073903 -0.207929 0.499765 0.021999 0.338077 0.087662 0.451385 0.184631 0.323718 0.268072 0.355084 0.278635 0.084694 -0.331329 0.097315 0.272558 -0.153454 -0.136669 0.059471 0.027808 -0.210156 -0.161890 0.098745 -0.104584 -0.257309 0.040798 -0.058421 -0.004979 -0.303260 -0.098554 -0.212303 -0.340289 0.177055 -0.489939 0.575352 -0.466981 -0.201146 -0.450088 0.093764 -0.086635 -0.516099 -0.433144 0.184219 -0.530192 0.405339 -0.229647 -0.220713 -0.450859 0.662180 0.153287 -0.158718 0.060486 -0.376341 0.189844 0.215024 0.354808 -0.094982 0.074867 0.082786 0.097012 -0.042192 0.053964 -0.160343 -0.123935 -0.536185 -0.414932 -0.163117 -0.276194 -0.067678 -0.194555 -0.187318 -0.069443 0.492182 0.101355 0.060650 0.113560 -0.000362 0.483549 -0.008929 -0.314867 -0.139328 -0.281614 -0.473017 -0.395140 -0.257352 0.077304 -0.071306 0.047995 0.021221 -0.041337 0.129395 0.017702 -0.060566 -0.015334 -0.053986 -0.323883 -0.069402 0.108181 0.071864 -0.032201
-0.073345 0.415621 -0.074574 1.000000 -0.039375 0.230898 0.096103 0.330078 0.099214 0.323570 -0.345517 0.227610 -0.128269 -0.008734 0.260583 0.081720 -0.512518 -0.113332 0.251703 0.531799 -0.050835 -0.126576 0.201233 0.577565 0.114988 0.159254 -0.005811 0.121069 -0.188806 0.017905 0.238364 0.313203 0.094326 0.024023 -0.099894 -0.334460 -0.353693 -0.220079 -0.324664 -0.182042 -0.188076 -0.130443 -0.007141 -0.005495 -0.134409 -0.162808 -0.028110 0.011577 -0.476745 0.147712 -0.338117 -0.061880 -0.458645 0.060758 -0.173222 -0.136184 0.089771 0.022291 -0.402985 -0.148505 -0.543968 -0.332530 -0.313188 -0.409350 0.101823 -0.225205 -0.113846 -0.059536 0.182002 0.198126 0.205059 0.072884 -0.320197 0.051388 -0.141773 0.161843 0.015197 0.085163 -0.139279 -0.168574 -0.294221 -0.154495 0.061416 0.531345 0.053771 0.151970 -0.007052 0.138972 0.103207 0.272338 0.034839 0.160593 0.372289 0.125506 -0.123625 -0.021064 -0.245054 -0.100872 0.097244 0.097823 -0.072155 -0.101305 -0.042845 0.039227 -0.207084 -0.194923 -0.043000 -0.052103 -0.023876 -0.022904 -0.173055 0.030179 -0.035733 -0.252969 -0.077964 -0.116096
-0.158773 -0.191305 0.536495 -0.039375 1.000000 0.465599 0.355349 0.127202 0.715391 0.377513 0.359501 -0.006318 0.490060 0.087118 0.267686 0.418062 0.123451 -0.016406 0.233243 -0.030628 0.286373 -0.031110 0.230728 0.088002 0.424223 0.097930 0.468163 0.117662 0.024457 -0.125301 0.181917 0.218254 -0.035917 -0.028217 -0.050369 0.065846 -0.298603 -0.263438 0.067294 -0.116996 -0.176536 -0.025173 -0.256540 -0.304252 -0.352033 -0.107351 -0.316173 -0.330924 0.255788 -0.266919 0.102190 -0.315410 0.034010 -0.126777 0.048510 -0.176597 -0.316160 -0.285171 0.267723 -0.328827 0.344214 -0.021543 -0.129487 -0.200310 0.485431 0.214587 -0.301357 -0.168617 -0.393650 0.040932 0.385343 0.268802 -0.128416 0.112586 0.053282 0.244791 -0.144198 -0.172906 -0.188316 -0.240189 -0.368690 -0.258434 0.079670 -0.032692 -0.130071 -0.246580 -0.049136 -0.052642 0.444926 0.212831 0.013733 0.050134 0.010531 0.237269 0.083043 -0.024030 -0.288140 -0.307827 -0.119939 -0.144712 -0.112681 0.025764 0.083631 0.048570 0.088090 0.074330 -0.033594 0.151136 0.308950 0.049207 -0.242149 -0.047272 0.049223 0.168669 0.033323 0.079743
-0.436687 -0.431859 0.261271 0.230898 0.465599 1.000000 -0.297573 -0.034647 0.360221 0.489005 -0.156696 -0.135782 -0.173948 -0.403481 0.070390 0.172378 -0.143354 -0.382709 0.079273 -0.186502 0.276290 0.111201 0.409621 0.347781 0.570207 0.629792 0.760005 0.699347 -0.300051 -0.376174 0.398375 0.330810 -0.357805 -0.446534 0.121372 0.119939 -0.164652 -0.077828 0.114749 0.130067 -0.266028 -0.302289 0.217824 0.361950 -0.291184 0.132586 0.362964 0.266203 -0.127896 -0.432362 0.210230 -0.208433 -0.032835 0.198371 0.339292 0.286192 -0.310157 -0.429492 0.088097 -0.341069 -0.234776 -0.414675 -0.460853 -0.596031 0.153863 0.063981 -0.032644 0.185569 -0.167238 0.153166 0.230046 0.302170 -0.415651 -0.094285 -0.232816 0.201045 0.160767 0.152001 -0.071856 -0.138540 -0.412110 -0.443587 -0.093209 -0.160168 -0.005438 0.286971 0.167850 0.347474 0.362444 0.421790 -0.043179 0.203869 0.048003 0.151459 0.060172 0.007132 0.286765 0.117617 -0.017806 0.095292 -0.155962 -0.187160 -0.271528 -0.173217 -0.086589 -0.158936 -0.059308 -0.014265 0.102429 0.111644 0.262236 -0.064401 -0.126749 0.002157 -0.016429 -0.011640
0.249699 0.264324 0.483734 0.096103 0.355349 -0.297573 1.000000 0.285420 0.315994 0.078364 0.491174 0.223189 0.546424 0.405070 0.392704 0.092470 -0.126511 0.117823 0.431016 0.353521 0.163669 -0.166246 0.008519 -0.034960 -0.086677 -0.281993 -0.265431 -0.409269 0.378552 0.151863 -0.084387 0.073117 0.242368 0.367535 -0.201088 -0.254201 -0.238560 -0.434175 -0.216846 -0.414868 -0.085988 0.151922 -0.270448 -0.438962 -0.207343 -0.380254 -0.602542 -0.531059 0.035859 0.019822 -0.162021 -0.345169 -0.302074 -0.283785 -0.294095 -0.503928 -0.074872 0.038584 0.039813 -0.265890 0.423632 0.161679 -0.078448 0.021072 0.549326 0.001504 -0.374463 -0.342466 -0.179656 0.036771 0.236170 0.039086 0.202586 0.214780 0.200723 0.013714 -0.158516 -0.108024 -0.141515 -0.044060 -0.328811 0.006621 0.099132 0.211177 0.037935 -0.383043 -0.410035 -0.346885 0.231218 -0.094296 0.210455 0.125029 0.176166 0.342185 -0.236569 -0.373308 -0.675062 -0.558255 -0.140641 -0.216781 0.062228 0.346068 0.252478 0.237540 0.093456 0.053072 0.229695 0.151469 -0.086505 -0.252798 -0.494862 -0.242511 0.123603 0.058730 0.059339 -0.011803
-0.290112 0.482757 0.080376 0.330078 0.127202 -0.034647 0.285420 1.000000 0.318572 0.525716 0.133659 0.775483 0.368175 0.646384 -0.033599 0.575358 -0.116311 0.330369 -0.196730 -0.072615 -0.127193 -0.202702 -0.425669 -0.238074 -0.249492 -0.376376 -0.241545 -0.362162 -0.075680 0.119462 -0.271764 -0.176117 0.012882 -0.048747 -0.447049 -0.169939 -0.278956 -0.292002 -0.325849 -0.360762 -0.242432 -0.053025 -0.138542 -0.197891 -0.093101 0.104173 -0.346412 -0.194753 -0.136025 0.147900 -0.091548 0.190513 -0.219908 -0.210551 -0.351750 -0.418202 -0.193535 -0.267400 -0.266141 -0.017006 0.171868 0.315189 0.177847 -0.100037 0.109648 0.530144 -0.276945 0.019682 -0.264654 -0.186626 0.072318 -0.137974 -0.184479 -0.100053 -0.201623 0.119090 -0.352349 -0.112847 -0.270385 -0.478087 -0.237069 -0.109249 -0.083177 0.479316 -0.133073 0.160098 -0.190366 -0.125148 -0.086614 0.378412 0.087123 -0.102010 0.461152 0.015965 -0.141092 -0.050301 -0.306909 -0.137059 -0.145184 -0.221735 0.107618 0.320458 0.220437 0.246168 0.234249 -0.050296 0.003678 0.071613 -0.087936 -0.101357 -0.218950 -0.015688 0.247275 0.147223 0.033242 0.084415
-0.253484 -0.028344 0.526280 0.099214 0.715391 0.360221 0.315994 0.318572 1.000000 0.597035 0.421301 0.276537 0.483198 0.151806 0.472852 0.466882 0.008912 0.007883 0.138021 0.005030 0.272667 -0.096172 0.302874 0.103995 0.386316 -0.006242 0.313251 0.079416 -0.035548 -0.261903 -0.085102 0.060225 -0.182294 -0.184169 -0.170195 0.009682 -0.224865 -0.149507 0.021927 -0.208019 -0.210899 0.023777 -0.032417 -0.172441 -0.391953 -0.112145 -0.201424 -0.151120 0.138263 -0.243326 0.201354 -0.249828 -0.041733 -0.140842 -0.022793 -0.248789 -0.307105 -0.364415 0.136239 -0.406743 0.313551 -0.112380 -0.196494 -0.359431 0.632668 0.274688 -0.365385 -0.128322 -0.311290 0.107210 0.278551 0.089934 -0.228323 -0.003911 -0.036620 0.295363 -0.201177 -0.074442 -0.181955 -0.314838 -0.406623 -0.311796 0.211227 0.089723 0.047304 -0.101009 -0.046278 -0.061770 0.532999 0.316988 0.068812 0.058300 0.281890 0.468155 -0.096952 -0.069280 -0.256629 -0.270462 -0.180701 -0.240262 -0.253239 0.027774 -0.053343 0.180767 0.104973 -0.056232 0.052137 0.146107 0.080237 -0.049708 -0.209954 -0.131859 -0.032125 0.115707 -0.088731 0.008422
-0.326907 0.152648 0.168982 0.323570 0.377513 0.489005 0.078364 0.525716 0.597035 1.000000 0.007686 0.431574 0.136113 0.213532 0.141471 0.495422 -0.152363 -0.001887 -0.039851 -0.043041 0.101582 -0.179318 -0.033271 0.059142 0.259411 0.058025 0.181363 0.074794 -0.219408 -0.170735 -0.026785 -0.013266 -0.209517 -0.333978 -0.117680 -0.058432 -0.195953 -0.155624 -0.074065 -0.260740 -0.262040 -0.110431 0.108701 0.058141 -0.333040 0.076337 -0.022072 0.070718 -0.263737 -0.269719 -0.054561 -0.113842 -0.169452 0.015977 0.012792 -0.189408 -0.201242 -0.371128 -0.040079 -0.352629 0.040546 -0.060435 -0.318673 -0.401661 0.390843 0.427383 -0.377211 0.062194 -0.190383 0.086893 0.116733 -0.035297 -0.370511 -0.004161 -0.135994 0.163681 -0.017533 0.035408 -0.209231 -0.383477 -0.383921 -0.311246 0.082888 0.173008 0.220892 0.302225 0.011389 0.053029 0.353766 0.562972 -0.013500 -0.048572 0.446097 0.303304 -0.188185 -0.007368 -0.088451 -0.031419 0.008555 -0.089909 -0.097801 0.063913 -0.035825 -0.022572 0.051373 -0.088508 -0.040260 0.155647 -0.012149 -0.060632 0.074596 -0.080736 0.090532 0.007226 -0.028622 -0.001156
0.182437 -0.078946 0.504156 -0.345517 0.359501 -0.156696 0.491174 0.133659 0.421301 0.007686 1.000000 0.304999 0.698303 0.229303 0.364540 0.205676 0.246985 0.189411 0.190410 0.046454 0.142034 -0.124005 0.097127 -0.210632 -0.160602 -0.315919 -0.016895 -0.185997 0.421972 0.018909 -0.260153 -0.127317 -0.053087 0.150973 -0.144919 0.135696 0.026918 -0.144523 0.121517 -0.104320 0.047003 0.183965 -0.185677 -0.319060 -0.119782 -0.062544 -0.383519 -0.276619 0.274673 -0.210237 0.224760 -0.233007 -0.060143 -0.288266 -0.094254 -0.198596 -0.186181 -0.074473 0.099910 -0.280599 0.545255 0.165023 -0.060059 -0.052053 0.426401 0.260077 -0.373179 -0.215266 -0.123962 0.066876 0.127476 0.057016 0.090032 -0.049033 0.056583 0.024676 -0.094320 -0.063453 -0.074985 -0.159848 -0.314197 -0.147893 0.117443 -0.073643 -0.000612 -0.437349 -0.136519 -0.198296 0.320861 -0.096923 0.015359 -0.006609 -0.025637 0.406959 0.058350 -0.085563 -0.254001 -0.255009 -0.292210 -0.386011 -0.017323 0.106470 0.104066 0.095494 0.009974 -0.225968 -0.018484 -0.071718 0.030954 0.073540 -0.223992 -0.147694 -0.174556 0.038909 -0.092547 0.012158
-0.127576 0.483727 0.066642 0.227610 -0.006318 -0.135782 0.223189 0.775483 0.276537 0.431574 0.304999 1.000000 0.328337 0.529477 0.077827 0.429315 -0.082568 0.298746 -0.183107 -0.072309 -0.178144 -0.250988 -0.326533 -0.274745 -0.414055 -0.494530 -0.261502 -0.323709 0.024058 0.145484 -0.356980 -0.257776 0.020017 -0.048892 -0.311807 -0.059103 -0.148003 -0.137406 -0.100411 -0.202731 -0.079265 0.042830 -0.051094 -0.108586 -0.027053 0.171783 -0.368542 -0.121916 -0.066656 0.104620 0.046879 0.195118 -0.210292 -0.293125 -0.255387 -0.267645 -0.161448 -0.251365 -0.247488 -0.089370 0.225907 0.256641 0.168661 -0.170420 0.194746 0.512506 -0.264121 0.105247 -0.194003 -0.254489 -0.036862 -0.180908 -0.253124 -0.123143 -0.104473 0.081762 -0.310842 -0.088493 -0.173712 -0.476666 -0.274903 -0.207413 0.067252 0.449771 -0.001119 0.181396 -0.060938 -0.069247 -0.019342 0.342728 -0.131466 -0.279032 0.351911 0.129131 -0.142649 -0.060027 -0.192724 0.007632 -0.271943 -0.356954 0.179051 0.239292 0.133128 0.085443 0.063535 -0.218383 -0.096631 0.020054 -0.164907 0.015931 -0.084078 -0.047936 -0.049221 -0.042607 -0.141994 -0.005415
0.061184 0.161650 0.376535 -0.128269 0.490060 -0.173948 0.546424 0.368175 0.483198 0.136113 0.698303 0.328337 1.000000 0.579233 0.189844 0.516490 0.409443 0.448644 0.141204 0.021309 -0.069973 -0.257682 -0.108837 -0.200074 -0.130157 -0.420379 -0.173171 -0.394478 0.204707 0.054563 -0.181305 -0.088988 0.002723 0.110044 -0.245641 0.011093 -0.019819 -0.177768 -0.031826 -0.168017 0.027805 0.195417 -0.382416 -0.637483 -0.165721 -0.199411 -0.562410 -0.428736 0.267055 -0.073597 -0.008745 -0.167270 0.158084 -0.210103 -0.193970 -0.409744 -0.162121 -0.040945 0.186030 -0.140634 0.619405 0.346318 0.304882 0.098726 0.407892 0.353515 -0.318405 -0.403834 -0.076481 0.051295 0.144368 0.083613 0.022710 0.147260 -0.012809 0.120818 -0.186006 -0.153198 -0.258797 -0.333783 -0.181685 -0.092717 0.062587 0.093065 -0.152115 -0.474297 -0.209306 -0.269936 0.266597 -0.014117 0.045605 -0.054972 0.054972 0.209000 0.053000 0.033262 -0.496401 -0.345906 -0.195165 -0.334011 0.100578 0.200219 0.293102 0.140840 0.156441 -0.012213 -0.017114 -0.048181 0.192886 0.046256 -0.499468 -0.060982 0.037473 0.015770 0.006795 0.198246
0.118783 0.563205 -0.213950 -0.008734 0.087118 -0.403481 0.405070 0.646384 0.151806 0.213532 0.229303 0.529477 0.579233 1.000000 -0.015306 0.608629 0.151878 0.600530 -0.258861 0.014139 -0.278475 -0.290312 -0.587586 -0.421291 -0.404423 -0.668301 -0.541117 -0.734244 0.155046 0.373237 -0.302614 -0.308884 0.128736 0.210448 -0.409950 -0.179635 0.022823 -0.155673 -0.277747 -0.308274 0.104904 0.186145 -0.253033 -0.490487 0.000642 -0.114672 -0.478448 -0.257635 -0.015926 0.279290 -0.442431 0.132982 0.105949 -0.058759 -0.483289 -0.500540 0.104648 0.111517 -0.045330 0.152105 0.379106 0.593448 0.400235 0.384579 -0.006485 0.361169 -0.331231 -0.367144 0.010070 -0.177968 -0.003618 -0.225930 0.121244 0.135735 -0.072673 0.155472 -0.264019 -0.117050 -0.197523 -0.351753 0.116428 0.242348 0.115873 0.490014 -0.087443 -0.174734 -0.245528 -0.369339 -0.243747 0.016231 0.148962 -0.091544 0.269178 -0.104194 -0.177108 -0.025668 -0.464540 -0.232697 0.053139 -0.119701 0.215530 0.337374 0.284706 0.162691 0.313404 0.163093 0.070301 0.085200 0.027698 -0.193476 -0.387667 0.086092 0.282007 0.093745 0.032710 0.200140
0.203763 0.048353 0.210012 0.260583 0.267686 0.070390 0.392704 -0.033599 0.472852 0.141471 0.364540 0.077827 0.189844 -0.015306 1.000000 0.122174 -0.347949 -0.034105 0.335104 0.350831 0.351849 -0.091321 0.495084 0.356573 0.286193 0.059900 0.063798 0.067442 0.312716 0.011032 0.195705 0.308221 -0.079967 0.123888 -0.047251 -0.196507 -0.028837 -0.114608 0.093380 -0.207683 -0.068082 0.107900 0.013841 -0.104089 -0.345083 -0.409637 -0.133019 -0.024677 -0.178792 -0.052509 -0.125310 -0.351872 -0.298378 0.063048 -0.116448 -0.143868 0.077181 -0.028231 -0.297804 -0.430316 -0.138816 -0.349548 -0.389027 -0.269252 0.522200 -0.350964 -0.439976 -0.389301 -0.023228 0.149564 0.421384 0.170145 -0.027504 0.036968 0.108444 0.232563 0.097565 0.010773 -0.098101 0.079388 -0.358087 -0.093226 0.555534 0.287675 0.386765 -0.113903 0.048443 -0.062578 0.453043 0.017087 -0.014255 0.134046 0.194055 0.495680 -0.066199 -0.114657 -0.293375 -0.287301 -0.030515 0.006930 -0.258168 -0.039647 -0.069915 0.143575 -0.137376 -0.169260 0.051392 -0.145559 -0.095189 -0.115251 -0.249164 -0.064819 -0.189836 -0.028401 -0.196466 -0.145737
-0.133337 0.154723 0.020592 0.081720 0.418062 0.172378 0.092470 0.575358 0.466882 0.495422 0.205676 0.429315 0.516490 0.608629 0.122174 1.000000 0.201051 0.478770 -0.199021 -0.125518 0.045687 -0.154704 -0.197381 -0.217211 0.051567 -0.207324 0.019928 -0.195539 0.048068 0.180029 -0.049698 0.000244 -0.174122 -0.167580 -0.393587 -0.104444 -0.058593 0.038407 -0.177157 -0.200307 -0.187462 0.101227 0.022990 -0.230998 -0.286039 -0.150806 -0.173727 0.084790 0.085355 0.030536 -0.218807 0.025103 0.187695 0.146123 -0.232066 -0.213828 0.024013 -0.137662 -0.147916 -0.243191 0.267586 0.189739 0.145861 0.010590 0.073584 0.325479 -0.543428 -0.410129 -0.142269 -0.117561 0.263528 0.074020 -0.108388 0.151704 -0.064797 0.355545 -0.037824 0.081286 -0.181824 -0.427437 -0.082338 -0.043551 0.093514 0.355834 -0.106005 -0.132876 -0.221025 -0.199007 0.042462 0.238774 0.096392 0.030579 0.369237 0.118202 -0.140903 -0.003281 -0.273849 -0.125115 -0.039922 -0.101666 0.046244 0.165407 0.137775 0.060889 0.203623 0.003889 0.008124 0.097358 0.024746 -0.032269 -0.250205 -0.011327 0.184213 0.166779 -0.055547 0.031877
0.131269 -0.276241 0.073903 -0.512518 0.123451 -0.143354 -0.126511 -0.116311 0.008912 -0.152363 0.246985 -0.082568 0.409443 0.151878 -0.347949 0.201051 1.000000 0.365997 -0.100731 -0.338028 -0.168420 -0.012640 -0.222826 -0.399685 -0.088688 -0.202355 0.001017 -0.130303 0.134768 -0.039887 -0.109720 -0.140538 -0.049217 -0.154698 -0.027810 0.152942 0.338389 0.169458 0.288667 0.230911 0.215058 0.145980 -0.106832 -0.193875 -0.076290 -0.065771 -0.047880 0.058631 0.483532 -0.220536 0.153657 -0.028741 0.624073 -0.104532 0.238588 0.068626 0.028468 -0.100035 0.486897 0.080489 0.562744 0.303909 0.580973 0.273546 -0.175351 0.280103 0.085940 -0.183259 -0.029570 -0.109289 -0.165810 0.018168 0.115347 0.117408 0.052043 0.003397 0.014095 -0.023313 0.086246 -0.043302 0.234897 -0.068330 -0.065135 -0.347826 -0.313145 -0.337574 -0.000661 -0.125487 -0.039395 -0.089936 -0.115593 -0.166716 -0.271560 -0.131107 0.307948 0.211768 0.147692 0.224360 -0.145700 -0.218784 0.088444 -0.082361 0.046298 -0.085539 0.196424 0.105102 -0.126806 0.033791 0.232115 0.378079 0.087766 0.036430 -0.043264 0.091393 0.106991 0.155629
0.149496 0.424600 -0.207929 -0.113332 -0.016406 -0.382709 0.117823 0.330369 0.007883 -0.001887 0.189411 0.298746 0.448644 0.600530 -0.034105 0.478770 0.365997 1.000000 -0.272298 -0.056951 -0.206318 -0.155352 -0.431440 -0.355656 -0.307651 -0.502964 -0.376939 -0.474162 0.104448 0.369324 -0.277004 -0.252542 0.074387 0.126858 -0.372545 -0.225701 0.028420 0.067786 -0.160302 -0.208617 0.059327 0.106553 -0.226315 -0.461904 -0.024862 -0.203513 -0.299272 -0.104435 0.138112 0.233992 -0.232247 0.194016 0.215599 0.036133 -0.154739 -0.203885 0.194639 0.269364 -0.165008 0.091222 0.277025 0.456987 0.416624 0.442997 -0.070576 0.244515 -0.343607 -0.458635 0.141978 -0.224709 0.003483 -0.053237 0.093030 0.173803 0.033020 0.006435 0.003123 -0.046110 -0.061663 -0.275347 0.225135 0.243373 0.011571 0.210650 0.020714 -0.220579 -0.153465 -0.317265 -0.135672 0.040884 0.007396 -0.134104 0.068793 -0.143280 -0.064069 0.144935 -0.244523 -0.101767 0.103840 -0.079376 0.173042 0.067673 0.204392 0.129937 0.258485 0.054503 -0.008425 -0.167974 -0.016371 0.025700 -0.362086 0.132628 0.126531 -0.028832 0.049902 0.166971
0.212139 -0.017508 0.499765 0.251703 0.233243 0.079273 0.431016 -0.196730 0.138021 -0.039851 0.190410 -0.183107 0.141204 -0.258861 0.335104 -0.199021 -0.100731 -0.272298 1.000000 0.527247 0.300474 -0.000699 0.354810 0.348140 0.233684 0.174745 0.159300 0.121311 0.223013 -0.222574 0.343935 0.387275 0.211242 0.271061 0.111659 -0.250772 -0.070970 -0.078250 0.000763 0.054585 -0.051250 0.035349 -0.179586 -0.170361 -0.316001 -0.441123 -0.120349 -0.151632 -0.051861 -0.308737 0.030346 -0.423125 -0.258054 -0.206286 -0.079983 -0.001396 -0.068711 -0.017002 0.063325 -0.286898 -0.047915 -0.366891 -0.267879 -0.279113 0.339355 -0.306405 0.012416 -0.172395 0.186599 0.398118 0.257815 0.282474 0.011103 0.141328 0.215288 0.152658 0.224250 0.149904 -0.073126 0.063714 -0.388009 -0.308135 0.091504 0.047050 -0.132078 -0.285310 -0.140756 -0.049212 0.201913 -0.240299 -0.072652 0.166564 0.035815 0.401276 0.020095 -0.131387 -0.156890 -0.065180 -0.271939 -0.101955 -0.281065 -0.154374 -0.084155 -0.035416 -0.159092 -0.085236 0.029104 -0.019617 0.028944 0.044554 -0.071581 -0.203958 0.013875 -0.044461 0.009807 -0.177045
0.339282 0.339795 0.021999 0.531799 -0.030628 -0.186502 0.353521 -0.072615 0.005030 -0.043041 0.046454 -0.072309 0.021309 0.014139 0.350831 -0.125518 -0.338028 -0.056951 0.527247 1.000000 0.037909 -0.142224 0.208693 0.396356 0.037227 0.024167 -0.236570 -0.115673 0.221173 0.157975 0.060376 0.188080 0.315508 0.470514 -0.113187 -0.400908 -0.090372 -0.175785 -0.242768 -0.171314 -0.027531 0.113949 -0.122621 -0.228473 -0.197472 -0.433641 -0.224862 -0.259302 -0.232707 0.030860 -0.379679 -0.272278 -0.411706 -0.084342 -0.329143 -0.284306 0.287473 0.384457 -0.144149 -0.148801 -0.248807 -0.236317 -0.386472 -0.068888 0.107676 -0.379372 -0.129289 -0.274762 0.393644 0.553205 0.176665 -0.071296 0.215509 0.147041 0.210753 0.118854 0.143605 0.077598 0.125336 0.061279 0.011715 0.228522 0.125480 0.324939 0.101370 -0.331390 -0.236695 -0.278885 -0.030775 -0.235427 0.174349 0.263862 0.143195 0.202549 -0.237448 -0.198996 -0.403462 -0.302290 0.051208 0.011539 -0.151504 -0.213983 -0.012090 0.043733 -0.094715 -0.032375 0.161821 0.073768 -0.128388 -0.184816 -0.322724 -0.041986 -0.017244 -0.229722 0.045774 -0.205455
-0.145555 -0.353775 0.338077 -0.050835 0.286373 0.276290 0.163669 -0.127193 0.272667 0.101582 0.142034 -0.178144 -0.069973 -0.278475 0.351849 0.045687 -0.168420 -0.206318 0.300474 0.037909 1.000000 0.403012 0.358942 0.193616 0.389769 0.337100 0.410088 0.377788 0.292275 -0.084990 0.235377 0.355879 -0.177279 -0.006049 0.082895 -0.027134 0.031027 -0.000068 0.189098 0.087901 -0.076566 0.051790 0.264248 0.268865 -0.230444 -0.188735 0.061106 0.112905 0.014640 -0.183193 0.189781 -0.235361 -0.162958 0.035477 0.076412 0.067730 -0.172570 -0.237826 -0.167624 -0.451337 -0.061444 -0.376971 -0.366255 -0.267220 0.260106 -0.202901 -0.303360 -0.127926 -0.182012 0.038926 0.323241 0.286029 0.195951 0.127897 0.249367 0.159437 0.105516 0.007583 -0.048772 0.045111 -0.308615 -0.150524 0.137264 -0.071537 0.111089 -0.080606 -0.139189 -0.055506 0.239788 -0.075027 0.067665 0.208877 0.136741 0.401588 -0.037068 -0.225547 0.040450 -0.063527 -0.223345 -0.089968 -0.171130 0.061233 -0.146691 0.141699 0.058914 -0.124481 0.002695 0.120283 -0.097061 -0.002754 0.156865 -0.159515 -0.145153 -0.006207 -0.155095 -0.226663
-0.162773 -0.303586 0.087662 -0.126576 -0.031110 0.111201 -0.166246 -0.202702 -0.096172 -0.179318 -0.124005 -0.250988 -0.257682 -0.290312 -0.091321 -0.154704 -0.012640 -0.155352 -0.000699 -0.142224 0.403012 1.000000 0.142153 0.026287 0.356999 0.347261 0.199602 0.325276 -0.034297 -0.166899 0.128267 0.194765 -0.179032 -0.134308 0.151994 0.229869 0.001420 0.083287 0.142506 0.238608 -0.122691 -0.078918 0.192332 0.346660 0.228746 0.113752 0.202305 0.105822 0.038666 0.003859 0.159090 -0.031827 -0.102339 -0.065051 0.013655 0.301021 -0.092998 -0.007806 0.057169 0.002035 -0.078716 -0.197081 -0.156288 -0.127247 -0.087310 -0.155146 0.159165 0.199410 0.081350 0.061577 0.072937 0.358118 0.052838 0.019731 0.037951 -0.097140 -0.027865 0.078514 0.121379 0.188707 -0.016788 0.001353 -0.201562 -0.227279 -0.100785 0.031084 -0.091294 -0.033680 -0.069402 -0.086739 0.013311 0.004528 -0.164906 -0.040160 0.041323 -0.061446 0.182992 0.008474 -0.126805 -0.078606 -0.046911 0.034097 -0.249570 -0.204182 -0.207043 -0.121902 0.043323 0.053804 -0.181818 -0.077810 0.068144 -0.093429 -0.060513 -0.058806 -0.062768 -0.144680
-0.053771 -0.501405 0.451385 0.201233 0.230728 0.409621 0.008519 -0.425669 0.302874 -0.033271 0.097127 -0.326533 -0.108837 -0.587586 0.495084 -0.197381 -0.222826 -0.431440 0.354810 0.208693 0.358942 0.142153 1.000000 0.639362 0.582867 0.639133 0.528347 0.695745 0.003043 -0.246686 0.421921 0.537171 -0.279842 -0.224725 0.302140 0.050877 0.000173 0.109138 0.261951 0.059890 -0.052053 0.109809 0.314608 0.316218 -0.237592 -0.191502 0.233321 0.069462 -0.071212 -0.284025 0.317815 -0.392537 -0.142468 0.021396 0.256056 0.157009 -0.079092 -0.162754 -0.062556 -0.513163 -0.305987 -0.707560 -0.500995 -0.517588 0.407496 -0.435672 -0.133319 -0.070374 -0.046359 0.396683 0.325223 0.397378 -0.180630 0.061614 0.018899 0.134225 0.257939 0.164058 0.004902 0.193903 -0.285510 -0.197720 0.214229 -0.220926 0.244297 -0.028795 0.103276 0.132559 0.483411 -0.116124 -0.026390 0.227724 -0.083874 0.423568 -0.002555 -0.227572 0.073134 -0.189873 -0.235765 -0.061006 -0.348918 -0.268078 -0.350447 -0.066508 -0.264995 -0.225438 0.056787 -0.146782 -0.074533 -0.010046 0.062158 -0.184040 -0.397492 -0.101774 -0.165048 -0.212242
-0.150307 -0.130021 0.184631 0.577565 0.088002 0.347781 -0.034960 -0.238074 0.103995 0.059142 -0.210632 -0.274745 -0.200074 -0.421291 0.356573 -0.217211 -0.399685 -0.355656 0.348140 0.396356 0.193616 0.026287 0.639362 1.000000 0.369561 0.530721 0.340265 0.477948 -0.083252 -0.113931 0.519958 0.565726 -0.060186 -0.111830 0.258564 -0.242321 -0.109006 -0.122498 -0.005786 0.118698 -0.012703 -0.016740 -0.005779 0.090789 -0.049187 -0.119388 0.134946 -0.020321 -0.302319 -0.157862 0.011872 -0.300876 -0.244740 0.094067 0.066068 0.058791 -0.115321 -0.125151 -0.209047 -0.345267 -0.564344 -0.647719 -0.467911 -0.468362 0.261870 -0.498923 0.007998 -0.086733 0.049627 0.401914 0.276133 0.269355 -0.255948 0.056690 -0.180934 0.108608 0.207969 0.024868 -0.104850 0.010050 -0.222740 -0.122090 0.103120 0.169232 0.146299 0.005125 0.265935 0.263924 0.360022 0.053440 -0.002891 0.274675 0.125156 0.338243 0.252276 0.084675 -0.003043 -0.066221 0.029131 0.184800 -0.331372 -0.312960 -0.263073 -0.131504 -0.225632 -0.172922 -0.081509 -0.323747 0.230104 0.134115 0.020938 0.167175 -0.202387 -0.202909 -0.100359 0.042813
-0.201421 -0.437116 0.323718 0.114988 0.424223 0.570207 -0.086677 -0.249492 0.386316 0.259411 -0.160602 -0.414055 -0.130157 -0.404423 0.286193 0.051567 -0.088688 -0.307651 0.233684 0.037227 0.389769 0.356999 0.582867 0.369561 1.000000 0.674639 0.535191 0.529185 -0.065781 -0.272163 0.396897 0.487406 -0.203235 -0.182228 0.240819 0.038314 -0.044036 0.010804 0.142452 -0.077279 -0.187166 -0.219916 0.201125 0.243681 -0.344877 -0.224954 0.317897 0.092305 -0.130141 -0.320594 0.097266 -0.344182 -0.057986 0.098472 0.184114 0.049361 -0.107229 -0.252120 0.105979 -0.379228 -0.191202 -0.511849 -0.395415 -0.340801 0.240387 -0.191112 -0.032862 -0.010566 -0.051984 0.257269 0.365132 0.368009 -0.063990 0.140688 0.050492 0.240249 0.198014 0.150647 0.121962 0.112364 -0.123581 -0.103626 0.070498 -0.232366 0.096570 0.122481 -0.027524 0.053504 0.312820 0.036701 0.053038 0.168675 0.004859 0.238312 0.032788 -0.115417 0.069153 -0.167083 -0.084599 0.066333 -0.305362 -0.187260 -0.249180 -0.170517 -0.163684 0.012867 0.028251 0.036995 -0.059945 -0.077965 0.090720 -0.145282 -0.038039 0.128924 0.010080 -0.091938
-0.378356 -0.610550 0.268072 0.159254 0.097930 0.629792 -0.281993 -0.376376 -0.006242 0.058025 -0.315919 -0.494530 -0.420379 -0.668301 0.059900 -0.207324 -0.202355 -0.502964 0.174745 0.024167 0.337100 0.347261 0.639133 0.530721 0.674639 1.000000 0.554191 0.807293 -0.137710 -0.283423 0.535315 0.641598 -0.299303 -0.298113 0.261102 0.086889 0.008819 0.086535 0.108158 0.108521 -0.189301 -0.145151 0.373143 0.561158 -0.217077 -0.050247 0.486761 0.236393 -0.231573 -0.386299 0.211195 -0.356783 -0.089949 0.174316 0.336487 0.261535 -0.187157 -0.238167 0.014405 -0.382438 -0.357549 -0.643660 -0.544269 -0.472323 0.042530 -0.345553 0.114712 0.145425 -0.041706 0.403914 0.209956 0.403005 -0.152506 0.075352 -0.067347 0.041841 0.328834 0.264073 0.206500 0.243054 -0.162547 -0.108598 -0.206344 -0.332228 0.093449 0.144021 0.002495 0.159080 0.212698 -0.030605 0.056519 0.272904 -0.082022 0.142284 0.044516 -0.210352 0.316389 -0.005617 0.008555 0.127390 -0.276089 -0.190290 -0.343020 -0.280968 -0.191504 0.030086 0.056534 -0.116220 -0.186148 0.003371 0.318434 -0.044530 -0.077330 -0.040442 0.185128 -0.087652
-0.244325 -0.583748 0.355084 -0.005811 0.468163 0.760005 -0.265431 -0.241545 0.313251 0.181363 -0.016895 -0.261502 -0.173171 -0.541117 0.063798 0.019928 0.001017 -0.376939 0.159300 -0.236570 0.410088 0.199602 0.528347 0.340265 0.535191 0.554191 1.000000 0.766265 -0.191157 -0.351612 0.365063 0.339260 -0.210028 -0.368144 0.218583 0.169993 -0.087072 0.043631 0.271294 0.272979 -0.036680 -0.224155 0.172229 0.278996 -0.191801 0.104171 0.321317 0.257838 0.140056 -0.379361 0.378380 -0.204000 0.022462 0.062885 0.372715 0.407604 -0.235408 -0.385666 0.181254 -0.307491 -0.140437 -0.471234 -0.289510 -0.513940 0.173673 -0.046459 0.077325 0.184149 -0.216187 0.017062 0.220309 0.234865 -0.353961 -0.110845 -0.067836 0.122423 0.184890 0.047263 -0.078245 -0.039102 -0.378046 -0.498316 0.019608 -0.257957 -0.127257 0.129669 0.269147 0.474571 0.334473 0.273099 -0.191332 0.114106 -0.071758 0.232919 0.248252 0.098866 0.364192 0.227883 -0.241172 0.041750 -0.188163 -0.181030 -0.221971 -0.143162 -0.068387 -0.234700 -0.200285 -0.015745 0.271347 0.355618 0.344978 -0.088848 -0.306466 0.083166 -0.169561 -0.114438
-0.309026 -0.613687 0.278635 0.121069 0.117662 0.699347 -0.409269 -0.362162 0.079416 0.074794 -0.185997 -0.323709 -0.394478 -0.734244 0.067442 -0.195539 -0.130303 -0.474162 0.121311 -0.115673 0.377788 0.325276 0.695745 0.477948 0.529185 0.807293 0.766265 1.000000 -0.262995 -0.382833 0.450359 0.459481 -0.403360 -0.439296 0.294996 0.221885 0.004274 0.188846 0.322534 0.313197 -0.082149 -0.083289 0.344755 0.562384 -0.116928 0.141728 0.458358 0.331353 -0.086701 -0.399594 0.451370 -0.218005 -0.068591 0.086046 0.436696 0.434151 -0.203531 -0.282345 -0.004969 -0.375439 -0.355908 -0.653023 -0.453461 -0.603303 0.128655 -0.182313 0.092820 0.260005 -0.054836 0.263115 0.132125 0.337684 -0.316826 -0.096055 -0.138038 -0.005426 0.278339 0.181922 0.007729 0.125589 -0.287829 -0.376898 -0.063598 -0.394818 0.105613 0.195018 0.262435 0.369988 0.354365 0.144477 -0.202616 0.128815 -0.173664 0.162379 0.140307 -0.053937 0.454328 0.174946 -0.179759 -0.007357 -0.239241 -0.291409 -0.397554 -0.219411 -0.222950 -0.268841 -0.138596 -0.088665 -0.032054 0.219395 0.413307 -0.128940 -0.340093 -0.121681 -0.136534 -0.193913
0.390053 -0.050476 0.084694 -0.188806 0.024457 -0.300051 0.378552 -0.075680 -0.035548 -0.219408 0.421972 0.024058 0.204707 0.155046 0.312716 0.048068 0.134768 0.104448 0.223013 0.221173 0.292275 -0.034297 0.003043 -0.083252 -0.065781 -0.137710 -0.191157 -0.262995 1.000000 0.498344 0.174659 0.320906 0.282689 0.490619 -0.057962 -0.272758 0.228066 -0.085524 -0.096084 -0.169096 0.272786 0.046261 0.029621 -0.093999 -0.244693 -0.400705 -0.223519 -0.096103 0.084729 -0.027478 -0.205235 -0.240861 -0.017427 -0.081791 -0.266831 -0.315805 0.151922 0.017292 -0.172978 -0.174083 0.137220 0.011890 -0.010001 0.246144 -0.039686 -0.279775 -0.313904 -0.437760 -0.054291 -0.029327 0.235181 0.057575 0.574825 0.239313 0.357741 0.237773 0.095429 0.013828 0.394488 0.240093 0.176418 0.354852 0.269376 0.254816 0.023267 -0.378110 -0.242125 -0.326357 -0.126092 -0.464006 0.003354 -0.015927 0.003819 0.171210 0.073869 -0.130719 -0.225238 -0.058527 -0.066420 -0.107819 0.010673 0.050730 -0.013199 0.091049 0.119152 0.003122 -0.007261 0.001829 -0.058742 0.143871 -0.008209 -0.075877 -0.074413 0.132176 0.047448 -0.118337
0.188184 0.309776 -0.331329 0.017905 -0.125301 -0.376174 0.151863 0.119462 -0.261903 -0.170735 0.018909 0.145484 0.054563 0.373237 0.011032 0.180029 -0.039887 0.369324 -0.222574 0.157975 -0.084990 -0.166899 -0.246686 -0.113931 -0.272163 -0.283423 -0.351612 -0.382833 0.498344 1.000000 0.009248 0.099432 0.352582 0.443086 -0.137332 -0.291719 0.045543 -0.102334 -0.349390 -0.319445 0.116989 -0.023938 -0.048396 -0.168827 -0.002275 -0.222774 -0.228892 -0.106708 -0.089652 0.312545 -0.352089 0.038422 0.018548 0.059716 -0.363068 -0.418556 0.179418 0.279411 -0.450342 0.141387 -0.145331 0.210455 0.210314 0.504615 -0.312251 -0.258345 -0.265869 -0.358697 -0.070358 -0.246492 0.131108 -0.059689 0.457034 0.384146 0.166828 0.237092 0.103025 -0.043266 0.233843 0.085092 0.463563 0.634566 0.096300 0.492063 -0.052490 -0.177854 -0.251780 -0.320145 -0.389184 -0.348814 0.119673 -0.108315 0.131171 -0.165092 -0.049339 -0.029552 -0.329706 -0.188723 0.221019 0.093162 0.314735 0.069509 0.211335 0.113475 0.081579 0.106057 0.050266 -0.046970 -0.056369 -0.000451 -0.137128 0.086436 0.114138 0.049634 0.047971 0.010831
-0.077781 -0.300576 0.097315 0.238364 0.181917 0.398375 -0.084387 -0.271764 -0.085102 -0.026785 -0.260153 -0.356980 -0.181305 -0.302614 0.195705 -0.049698 -0.109720 -0.277004 0.343935 0.060376 0.235377 0.128267 0.421921 0.519958 0.396897 0.535315 0.365063 0.450359 0.174659 0.009248 1.000000 0.796462 0.002255 -0.080948 0.327988 -0.070268 -0.035527 0.127110 0.082893 0.128216 0.047756 -0.004086 0.115686 0.203964 -0.146023 -0.208585 0.239287 0.172588 -0.192067 -0.152058 -0.090622 -0.271612 -0.008872 0.213951 0.063877 0.072193 -0.000424 -0.141116 -0.118949 -0.234814 -0.396640 -0.477348 -0.234625 -0.296207 0.072399 -0.420846 -0.042183 -0.173820 0.042253 0.157891 0.343756 0.477699 -0.032831 0.259612 0.055083 0.201991 0.342797 0.231825 -0.080349 0.282846 -0.186461 -0.106989 0.149631 0.077072 -0.032580 -0.000007 0.200047 0.169510 0.104708 -0.193654 -0.202936 -0.000194 -0.039824 0.072110 0.259730 -0.011527 0.084590 0.044126 0.004410 0.113895 -0.116445 -0.162507 -0.171772 -0.189227 -0.194957 0.034361 -0.165442 -0.129492 0.196206 0.142288 0.193435 0.111803 -0.178679 0.018549 0.001925 -0.047061
-0.149253 -0.326982 0.272558 0.313203 0.218254 0.330810 0.073117 -0.176117 0.060225 -0.013266 -0.127317 -0.257776 -0.088988 -0.308884 0.308221 0.000244 -0.140538 -0.252542 0.387275 0.188080 0.355879 0.194765 0.537171 0.565726 0.487406 0.641598 0.339260 0.459481 0.320906 0.099432 0.796462 1.000000 -0.004598 0.059506 0.303003 -0.094084 -0.062842 0.061738 0.004698 -0.005651 -0.019426 -0.034988 0.048488 0.161393 -0.286057 -0.285859 0.128891 0.014897 -0.204491 -0.238247 -0.041434 -0.408889 -0.077196 0.033637 0.015675 -0.061432 -0.117776 -0.194321 -0.146123 -0.366237 -0.280673 -0.519476 -0.281014 -0.327565 0.178783 -0.455306 -0.097557 -0.155427 -0.073367 0.267006 0.361231 0.523148 -0.046971 0.270438 0.027833 0.249088 0.210808 0.200314 0.139991 0.249131 -0.161966 -0.049181 0.128456 0.157994 0.005993 -0.092610 -0.002365 0.016433 0.171664 -0.216800 -0.120602 0.043270 -0.028818 0.182468 0.157236 -0.110828 -0.050880 -0.113813 -0.036717 -0.027500 -0.237543 -0.172299 -0.299203 -0.208369 -0.220419 -0.021818 -0.085114 -0.183106 -0.003421 0.134974 0.111654 -0.024764 -0.160007 -0.012998 0.060191 -0.084648
0.397798 0.415305 -0.153454 0.094326 -0.035917 -0.357805 0.242368 0.012882 -0.182294 -0.209517 -0.053087 0.020017 0.002723 0.128736 -0.079967 -0.174122 -0.049217 0.074387 0.211242 0.315508 -0.177279 -0.179032 -0.279842 -0.060186 -0.203235 -0.299303 -0.210028 -0.403360 0.282689 0.352582 0.002255 -0.004598 1.000000 0.614928 -0.009078 -0.305278 -0.039328 -0.142046 -0.202240 -0.074410 0.271531 -0.110988 -0.234650 -0.319227 0.016582 -0.313211 -0.226383 -0.225449 0.121091 0.305653 -0.319682 0.091665 -0.100243 -0.039329 -0.254894 -0.202595 0.383170 0.370098 -0.012855 0.250329 -0.052567 0.078177 0.192152 0.265714 -0.202224 -0.260132 0.204688 -0.139354 0.204023 -0.140112 -0.143624 -0.311917 0.236396 0.134809 0.268650 0.073780 0.019939 -0.266522 0.243681 0.103388 0.205448 0.217511 0.092392 0.271071 -0.202667 -0.108541 -0.037582 -0.107894 -0.434578 -0.312638 -0.119397 -0.181503 0.045333 -0.099179 0.213974 0.134294 -0.227245 0.047088 0.048142 0.079070 0.151824 0.120504 0.271127 0.088122 0.067463 0.068658 -0.102708 0.045322 0.266676 0.183609 -0.202202 0.056963 0.103540 0.092939 0.097962 -0.077521
0.401997 0.427176 -0.136669 0.024023 -0.028217 -0.446534 0.367535 -0.048747 -0.184169 -0.333978 0.150973 -0.048892 0.110044 0.210448 0.123888 -0.167580 -0.154698 0.126858 0.271061 0.470514 -0.006049 -0.134308 -0.224725 -0.111830 -0.182228 -0.298113 -0.368144 -0.439296 0.490619 0.443086 -0.080948 0.059506 0.614928 1.000000 -0.035859 -0.241181 -0.063225 -0.240766 -0.296006 -0.200773 0.186739 -0.052183 -0.382412 -0.410561 -0.032824 -0.343646 -0.294072 -0.345063 -0.063919 0.179931 -0.398058 -0.106888 -0.250443 -0.195263 -0.338606 -0.327024 0.209507 0.406468 -0.102336 0.275217 -0.022883 0.183563 0.046104 0.408620 -0.167753 -0.272991 0.065117 -0.214541 0.298494 0.055426 0.078811 -0.095209 0.458059 0.100638 0.209231 0.157008 0.053712 -0.137320 0.209798 0.186960 0.263315 0.432749 0.143664 0.305733 -0.104281 -0.326269 -0.251084 -0.325709 -0.366929 -0.446945 0.020656 -0.030170 -0.196924 -0.224183 0.017428 -0.023632 -0.341158 -0.151842 0.149105 0.066275 0.056073 -0.006657 0.158675 0.137134 0.045556 0.123400 0.030617 0.031553 -0.042357 -0.051018 -0.197826 0.070655 0.173309 -0.079295 0.146814 -0.028138
0.027662 -0.299951 0.059471 -0.099894 -0.050369 0.121372 -0.201088 -0.447049 -0.170195 -0.117680 -0.144919 -0.311807 -0.245641 -0.409950 -0.047251 -0.393587 -0.027810 -0.372545 0.111659 -0.113187 0.082895 0.151994 0.302140 0.258564 0.240819 0.261102 0.218583 0.294996 -0.057962 -0.137332 0.327988 0.303003 -0.009078 -0.035859 1.000000 0.481862 0.012483 0.098188 0.263326 0.107535 0.103395 -0.022290 0.000278 0.252417 0.181818 0.252107 0.180204 -0.042045 -0.081927 -0.177957 0.174440 -0.111513 0.077434 -0.052625 0.230260 0.107670 -0.148807 -0.142599 0.160130 0.058657 -0.140719 -0.118614 -0.039862 -0.073916 0.130899 -0.128150 0.266522 0.384442 -0.082295 -0.003026 -0.105831 0.128928 -0.128152 -0.122744 -0.054473 -0.227420 0.008497 0.030556 -0.023468 0.161909 -0.004095 -0.169888 0.147783 -0.188867 0.197752 0.148191 0.285137 0.193626 0.142011 -0.165411 -0.311647 -0.206342 -0.248273 -0.045265 0.112433 0.031578 0.161293 0.072827 -0.096090 -0.098184 -0.074915 -0.177723 -0.168129 -0.125463 -0.299920 -0.085762 -0.101880 -0.056857 0.101473 0.059825 0.351279 -0.132743 -0.302529 -0.059207 -0.111780 -0.116212
-0.140827 -0.308894 0.027808 -0.334460 0.065846 0.119939 -0.254201 -0.169939 0.009682 -0.058432 0.135696 -0.059103 0.011093 -0.179635 -0.196507 -0.104444 0.152942 -0.225701 -0.250772 -0.400908 -0.027134 0.229869 0.050877 -0.242321 0.038314 0.086889 0.169993 0.221885 -0.272758 -0.291719 -0.070268 -0.094084 -0.305278 -0.241181 0.481862 1.000000 -0.091383 0.234168 0.292499 0.125745 -0.016578 0.087926 -0.045897 0.193726 0.276016 0.602198 0.048670 -0.011238 0.115794 -0.135585 0.346852 0.027272 0.067786 -0.199289 0.244607 0.073108 -0.242408 -0.105690 0.289482 0.167910 0.247360 0.162182 0.052018 -0.036881 0.076289 0.338675 0.190260 0.552355 -0.050852 -0.121344 -0.247467 -0.105275 -0.168873 -0.352019 -0.260894 -0.373730 -0.241093 -0.022729 -0.157926 -0.005501 -0.052308 -0.214433 0.022913 -0.381135 0.083527 0.054373 0.215032 0.110373 0.180716 0.040576 -0.215612 -0.307541 -0.333483 -0.155439 -0.007271 0.031840 0.141077 0.023250 -0.174006 -0.335552 0.075803 0.058487 -0.026691 -0.118744 -0.199379 -0.136440 -0.138607 0.105717 -0.037724 -0.033277 0.274856 -0.110836 -0.193735 -0.143560 -0.147355 0.077064
