1.000000 0.445647 0.003035 -0.215104 0.028803 -0.166156 0.086054 -0.290190 0.201601 0.007529 0.431519 0.148571 0.253654 0.177537 0.322946 0.119325 0.202454 -0.066389 0.193651 0.461470 -0.228580 -0.328303 0.165811 0.058792 -0.068431 -0.174466 -0.047326 0.057476 0.021300 -0.135455 -0.160201 -0.162834 0.152534 -0.084044 -0.360455 -0.461955 -0.268551 -0.336122 -0.068395 -0.021460 -0.031672 -0.210617 0.229277 0.338299 -0.053142 -0.307171 0.008389 0.140908 0.032959 -0.016942 0.096096 -0.072041 -0.001824 -0.037281 0.150478 0.217081 0.464070 0.451944 0.193895 0.122675 0.172074 0.242993 0.148063 0.212656 0.070226 -0.319242 -0.153046 -0.401520 0.520133 0.443103 -0.295625 -0.422595 -0.029995 -0.257039 -0.008204 -0.136595 -0.208004 -0.321940 0.173995 0.160159 0.110156 0.180423 0.185211 0.022954 0.273343 0.039411 0.092033 -0.056717 0.176669 0.173839 -0.311829 -0.098603 -0.247611 0.052933 -0.171768 -0.107799 -0.261829 -0.186984 -0.207504 -0.101474 -0.194322 -0.021607 -0.191397 -0.246906 -0.204858 -0.269743 -0.120490 -0.188205 0.067644 -0.180754 -0.415431 -0.195857 -0.033043 -0.038477 -0.061225 -0.102630
0.445647 1.000000 -0.184547 -0.187667 -0.171073 -0.219923 0.158672 0.121008 -0.157894 -0.040468 0.362290 0.572943 0.280883 0.579431 -0.230181 0.206741 0.090166 0.190522 0.012745 0.389938 0.066511 0.008393 -0.254012 -0.212436 -0.318622 -0.392044 -0.193479 -0.147781 0.105670 0.176203 -0.190966 -0.111935 0.278016 0.241898 -0.416872 -0.219833 -0.202111 -0.021032 -0.089405 0.180582 0.216265 0.162004 0.115559 0.158150 -0.102804 -0.052098 0.083250 0.091624 -0.178797 -0.070174 -0.295255 -0.156785 0.014373 -0.196682 -0.010429 0.198626 0.335219 0.290249 0.272969 0.188493 0.229465 0.615560 0.237661 0.294898 -0.404397 0.131916 -0.005774 -0.366263 0.430066 0.269475 0.105643 0.088540 0.137285 0.122225 0.040664 -0.120793 0.062486 -0.128303 0.118532 0.218014 0.078446 0.151212 -0.042760 0.148200 -0.178019 0.006085 -0.162819 -0.225916 -0.132337 -0.017015 -0.146063 -0.270582 -0.170365 -0.304890 0.096014 -0.011316 -0.093394 0.042843 0.005784 -0.080386 -0.028080 -0.318680 -0.110305 -0.422564 -0.455809 -0.375530 -0.074996 -0.247028 -0.079685 0.097670 -0.323092 -0.187327 0.068390 -0.135099 0.051095 0.033898
0.003035 -0.184547 1.000000 0.599888 0.317328 0.226674 0.624066 0.403363 0.304655 0.317082 -0.058360 -0.047772 0.081487 -0.194564 0.006371 -0.084415 -0.242275 -0.131270 0.436103 -0.106478 -0.086485 -0.229779 0.580236 0.314108 -0.009779 0.026924 0.033951 0.037409 -0.358221 -0.197442 0.352213 0.082328 0.043739 0.116127 0.149679 0.077564 -0.143059 -0.205738 -0.108669 -0.099105 -0.397354 -0.167435 -0.186507 -0.151366 -0.255033 -0.210517 -0.152057 -0.310822 -0.149414 -0.160396 -0.026380 -0.103591 -0.262916 -0.102501 -0.095717 -0.153771 -0.212723 -0.110616 -0.210811 -0.230312 0.350596 -0.093890 -0.316945 -0.254059 0.499401 0.271257 -0.301236 0.027287 0.011384 0.049329 0.022036 0.057169 -0.258091 -0.217866 -0.192584 -0.021234 -0.029116 0.042906 -0.294238 -0.098871 -0.415993 -0.406650 -0.009676 -0.122155 -0.081302 -0.077967 0.022042 0.245725 0.466581 0.088406 0.024433 0.225283 0.535059 0.515320 0.065065 0.101105 -0.357854 0.011716 -0.210622 -0.122145 0.118294 0.174851 0.067410 0.108470 0.091199 0.031406 -0.140167 -0.130754 0.051599 -0.028832 -0.375729 -0.007573 0.119753 0.251712 0.176319 0.074517
-0.215104 -0.187667 0.599888 1.000000 -0.047703 0.358579 0.208556 0.592675 0.321490 0.401107 -0.137705 0.271184 -0.262081 -0.152508 0.144583 -0.017010 -0.248712 -0.083571 0.309063 -0.003788 -0.117026 -0.091616 0.418123 0.463566 -0.026900 0.269294 -0.043047 0.188941 -0.338380 -0.255534 0.337193 0.367879 -0.087332 0.005749 0.229458 0.187924 -0.062094 -0.080927 -0.079591 -0.114635 -0.331442 -0.039097 -0.254893 -0.184331 -0.352150 -0.121702 -0.168089 -0.285692 -0.339748 -0.142646 -0.064081 -0.191952 -0.371670 -0.277106 -0.261886 -0.263454 -0.315601 -0.220237 -0.527326 -0.361868 -0.059318 -0.323422 -0.306346 -0.361342 0.589448 0.388452 -0.326129 0.159926 -0.135321 -0.008118 0.168644 0.232891 -0.307549 -0.177393 -0.193833 0.110404 0.004813 0.242629 -0.067223 -0.161634 -0.225563 -0.280665 0.037375 0.070295 0.188556 0.345905 0.022370 0.191362 0.361153 -0.092174 0.084716 0.028797 0.718925 0.254087 0.011304 0.041677 -0.213881 -0.007503 -0.244462 -0.181060 0.058071 -0.044399 -0.156889 0.097264 0.068848 0.049880 -0.288843 -0.137160 -0.029732 -0.003172 -0.193846 -0.023138 -0.060041 0.121410 0.067565 0.016673
0.028803 -0.171073 0.317328 -0.047703 1.000000 0.445111 0.321787 0.033529 0.311272 0.223010 0.136405 -0.239458 0.165594 -0.012311 0.050188 0.285122 -0.059511 0.093319 0.179456 -0.122366 0.016194 0.129872 0.076622 0.024875 0.237763 0.190314 0.478493 0.116710 -0.030063 0.118726 0.303532 0.036890 0.066482 0.231306 0.027816 0.033757 0.032132 -0.127780 -0.035373 -0.072479 -0.245199 -0.110930 -0.300470 -0.313096 -0.113443 -0.135737 -0.344215 -0.389702 0.157343 -0.137341 -0.040024 -0.119354 -0.149088 0.116221 0.027789 -0.283943 -0.145137 -0.159172 0.073315 -0.173071 0.364110 0.062207 0.023832 -0.089089 0.124224 0.160245 -0.129499 0.023922 0.006551 -0.055242 0.015758 -0.183374 0.159543 0.058855 -0.057727 0.109774 0.113203 0.046616 -0.271880 -0.187855 -0.350823 -0.342729 0.006888 0.049880 -0.185161 -0.220807 0.113723 -0.005739 0.188546 0.104441 0.017392 0.096295 0.183353 0.325084 -0.032417 -0.029010 -0.233081 -0.001150 -0.242741 -0.025831 0.148710 0.296573 0.092369 0.249067 0.235941 0.214482 0.182832 0.173729 0.043387 -0.060471 -0.060015 -0.062664 0.039283 0.097785 0.038207 -0.008224
-0.166156 -0.219923 0.226674 0.358579 0.445111 1.000000 -0.060645 0.170825 0.062758 0.284074 -0.125179 -0.094304 -0.226514 -0.130026 -0.019849 -0.008334 0.004278 0.155461 -0.071035 -0.318790 -0.056083 0.316021 0.107618 0.271192 0.459413 0.677557 0.533134 0.451285 -0.124511 -0.016664 0.343101 0.280489 0.059204 0.008103 0.158682 0.136617 0.005019 -0.159441 0.070191 -0.051288 -0.194982 -0.150100 -0.216996 -0.201913 -0.227195 -0.093313 -0.205831 -0.313426 -0.126560 -0.221552 0.082687 -0.156527 -0.243302 -0.157493 0.038477 -0.318942 -0.027583 -0.051535 -0.170519 -0.123674 -0.032481 -0.151253 -0.001502 -0.063644 0.202504 0.345385 0.007224 0.302465 -0.026205 0.000753 -0.046346 -0.170003 0.135757 -0.038660 -0.241192 -0.199884 0.046451 -0.035269 0.058152 -0.056168 -0.153803 -0.209794 -0.139885 -0.076011 0.125650 0.195294 0.164802 -0.097011 0.216558 0.016141 -0.191465 -0.212984 0.278167 0.128113 -0.087486 -0.094194 -0.043982 -0.083971 -0.325562 -0.174855 0.101800 0.096431 -0.145849 0.225684 0.119962 0.136462 0.045851 0.159278 -0.227204 -0.084944 0.075998 -0.072602 -0.044067 0.001746 -0.019384 -0.031727
0.086054 0.158672 0.624066 0.208556 0.321787 -0.060645 1.000000 0.519547 0.131875 0.169451 0.191535 0.147989 0.255799 0.144520 -0.117358 0.133802 -0.100295 -0.201736 0.110239 -0.082657 -0.079988 -0.125766 0.090034 -0.034298 -0.272148 -0.353182 -0.175968 -0.376613 -0.098422 0.064877 0.299995 0.061906 0.164527 0.358168 0.014558 0.107919 -0.094794 -0.084614 -0.143801 -0.002287 -0.041599 -0.008990 -0.159966 -0.148952 -0.076214 -0.049538 -0.281788 -0.297399 -0.156465 -0.114478 -0.214292 -0.139172 -0.126755 -0.137640 -0.050963 -0.075513 -0.175506 -0.172669 -0.112177 -0.262665 0.415543 0.235223 -0.077351 -0.030236 0.124532 0.285744 -0.321310 -0.121247 -0.069620 -0.053811 0.175081 0.161455 -0.013599 0.130394 0.038712 0.098122 0.110660 0.040420 -0.377498 -0.139341 -0.421383 -0.420632 0.098831 0.146429 -0.413393 -0.213662 -0.216880 0.228410 -0.094463 -0.029068 0.194549 0.285816 0.287374 0.232776 0.165983 0.211358 -0.370111 0.171553 0.004316 0.081319 -0.108556 -0.028217 0.030725 -0.081906 -0.026806 -0.051791 -0.139819 -0.259742 0.163746 0.091802 -0.423300 0.026272 0.137323 0.127469 0.187380 0.207738
-0.290190 0.121008 0.403363 0.592675 0.033529 0.170825 0.519547 1.000000 0.115278 0.401918 0.033359 0.371175 -0.099037 0.268214 -0.337067 -0.023204 -0.137770 0.013930 -0.063225 -0.118373 0.032996 0.015307 -0.165787 -0.067977 -0.371009 -0.180908 -0.216668 -0.364386 -0.148985 -0.013755 0.276057 0.311420 0.093364 0.353960 0.016607 0.326640 -0.104362 -0.032293 -0.215660 -0.042809 -0.098156 0.099656 -0.373146 -0.341687 -0.256026 0.057877 -0.338116 -0.409548 -0.311450 -0.132228 -0.150733 -0.139557 -0.162948 -0.216580 -0.277839 -0.283037 -0.252120 -0.262743 -0.236639 -0.318354 0.274700 0.123848 -0.011550 0.014468 0.216134 0.591232 -0.238346 0.132885 -0.300778 -0.204345 0.370776 0.353806 -0.055681 0.219542 0.056603 0.252468 0.206141 0.222245 -0.217812 -0.159077 -0.242185 -0.297073 -0.049377 0.122072 -0.357946 0.176623 -0.338086 0.120441 -0.087768 -0.230145 0.262053 0.110348 0.559944 0.007533 0.137643 0.091938 -0.327962 0.162971 -0.071038 0.010921 0.043467 -0.157869 0.084991 -0.044808 -0.043085 -0.075896 -0.111751 -0.143189 -0.083642 0.086679 -0.291505 0.014924 0.134112 0.087527 0.130676 0.175321
0.201601 -0.157894 0.304655 0.321490 0.311272 0.062758 0.131875 0.115278 1.000000 0.732831 -0.043428 -0.040012 -0.025830 -0.020645 0.233933 -0.001043 -0.188076 -0.103740 0.198274 0.083346 -0.095927 -0.385985 0.355485 0.261526 -0.059093 0.022436 -0.135375 0.063637 -0.313024 -0.484841 0.001196 0.016905 -0.256457 -0.103554 -0.160497 -0.063131 -0.224676 -0.205953 -0.371801 -0.233057 -0.519249 -0.104274 0.035009 0.020361 0.004597 0.031877 -0.243985 -0.001747 0.192677 0.192173 0.150283 0.087239 0.052249 0.168812 -0.382388 -0.180142 -0.001271 0.106484 -0.111554 -0.043874 0.257727 -0.033764 -0.360642 -0.297151 0.571687 0.126408 -0.404958 -0.073045 0.016617 0.186399 -0.087832 -0.182118 -0.452447 -0.454451 -0.004937 0.147410 -0.216964 0.259118 -0.023381 -0.123468 -0.242389 -0.210141 -0.068248 0.018304 0.104139 0.004810 0.023620 -0.047545 0.402862 0.078448 0.185784 0.191829 0.466940 0.426218 -0.339063 -0.122795 -0.324871 -0.165127 -0.308936 -0.188318 0.089338 0.071044 -0.127938 0.045431 0.136029 -0.026742 -0.189583 0.100991 0.038752 -0.221333 -0.093639 -0.139556 -0.299244 -0.085394 -0.244731 -0.379560
0.007529 -0.040468 0.317082 0.401107 0.223010 0.284074 0.169451 0.401918 0.732831 1.000000 -0.139813 0.053407 -0.089753 0.112947 -0.135319 -0.059366 -0.105305 0.055495 0.016573 -0.045619 -0.055250 -0.343841 0.161530 0.107071 -0.109881 0.041816 -0.121050 -0.061893 -0.358855 -0.364729 -0.023521 -0.007926 -0.204142 -0.027037 -0.226103 -0.022998 -0.343479 -0.217165 -0.365551 -0.122389 -0.466861 -0.061143 -0.014050 -0.018468 -0.001864 0.134897 -0.225930 -0.085203 0.144889 0.246282 0.150052 0.159669 0.084662 0.087735 -0.354646 -0.152483 0.117317 0.151191 -0.157068 0.007468 0.230730 0.072842 -0.207952 -0.130952 0.410561 0.256051 -0.366771 -0.001796 -0.004610 0.226409 -0.080329 -0.197072 -0.418750 -0.366822 -0.155559 -0.045860 -0.276742 0.022332 0.015812 -0.045150 -0.223919 -0.211222 -0.215149 0.020751 -0.032400 0.134700 -0.072095 0.001398 0.283081 -0.019432 0.089053 0.023616 0.458062 0.222597 -0.235271 -0.068622 -0.314222 -0.078344 -0.330484 -0.179042 0.119481 0.053045 -0.126505 0.066082 0.126527 -0.011396 -0.213312 -0.007636 -0.123204 -0.206581 -0.223988 -0.156853 -0.157939 -0.036856 -0.161917 -0.196049
0.431519 0.362290 -0.058360 -0.137705 0.136405 -0.125179 0.191535 0.033359 -0.043428 -0.139813 1.000000 0.534147 0.581731 0.516532 0.153106 0.328305 0.364633 0.257235 -0.030247 0.173031 -0.350079 -0.142948 -0.199547 -0.185229 -0.233396 -0.215901 -0.203850 -0.286124 0.369977 0.202048 0.083928 0.121126 0.262779 0.249162 -0.259988 -0.173455 -0.044889 -0.347650 -0.170635 -0.216301 0.012096 -0.197723 -0.147458 0.035743 -0.229857 -0.247130 -0.085733 -0.178123 -0.133308 -0.217270 -0.140691 -0.262660 -0.200414 -0.207566 0.062818 -0.204114 0.090497 0.038374 0.142901 -0.115589 0.371408 0.284482 0.424566 0.212411 0.060008 0.137638 -0.120888 -0.179630 0.051247 0.041730 -0.067309 -0.113859 0.202411 0.139203 0.095495 0.086300 0.171424 -0.124699 0.117668 -0.097667 0.183955 0.018161 0.158390 0.086682 0.224418 0.157122 -0.185551 -0.086624 -0.131744 0.006944 -0.183263 -0.099854 -0.069369 -0.074995 -0.056735 -0.132455 -0.158219 -0.032850 -0.075890 -0.042436 -0.088986 -0.019511 -0.045025 -0.118497 -0.145438 -0.113391 -0.065127 -0.181531 0.048471 -0.238336 -0.239439 -0.072697 0.159857 0.035505 0.047347 0.182571
0.148571 0.572943 -0.047772 0.271184 -0.239458 -0.094304 0.147989 0.371175 -0.040012 0.053407 0.534147 1.000000 0.305373 0.559249 -0.045735 0.255337 0.125782 0.184214 -0.098433 0.159080 -0.210037 -0.148896 -0.187905 -0.058906 -0.335443 -0.212299 -0.328936 -0.298230 0.094147 0.048993 0.037230 0.242095 0.185611 0.168692 -0.274770 -0.100827 -0.000284 -0.194901 -0.112532 -0.103996 0.022405 -0.027859 -0.098886 0.029673 -0.240431 -0.054667 -0.058610 -0.185150 -0.236314 -0.115083 -0.221157 -0.280234 -0.221674 -0.330315 -0.073188 -0.150070 -0.009807 -0.033603 -0.050822 -0.100477 0.065725 0.222659 0.148933 0.055076 -0.016201 0.392383 -0.070123 -0.067535 0.047321 0.076140 0.194585 0.201198 -0.067478 0.174373 -0.008934 -0.015884 0.152543 -0.033142 0.157667 -0.025984 0.125179 -0.052943 -0.089909 0.102912 0.104982 0.277823 -0.186442 -0.147934 -0.123516 -0.149328 -0.062571 -0.157957 0.265825 -0.142334 0.011729 -0.043258 -0.146799 -0.020243 -0.029909 -0.036859 -0.038685 -0.167104 -0.169479 -0.199720 -0.206300 -0.177762 -0.209209 -0.194050 -0.095907 -0.131641 -0.316333 -0.084432 0.147331 0.149863 0.139026 0.207969
0.253654 0.280883 0.081487 -0.262081 0.165594 -0.226514 0.255799 -0.099037 -0.025830 -0.089753 0.581731 0.305373 1.000000 0.646050 -0.130914 0.287627 0.321839 0.153794 0.067631 -0.160403 -0.209855 -0.236558 0.011882 -0.143081 -0.102307 -0.239101 -0.110207 -0.277100 0.105393 0.044683 -0.066889 -0.036606 0.139694 0.137451 -0.255994 -0.165147 -0.026881 -0.259746 -0.210643 -0.272775 -0.051456 -0.211555 0.028915 0.118534 0.003216 -0.077317 -0.001052 -0.086160 0.141638 0.055757 0.036260 -0.060931 -0.047412 -0.117417 0.177396 -0.086116 0.107053 0.052795 0.228240 0.002686 0.275884 0.231417 0.372559 0.169570 -0.234830 0.030340 -0.051588 -0.178014 0.108478 0.060146 0.164012 -0.068149 0.017973 0.009320 0.132254 -0.004118 0.116313 -0.219784 0.046702 -0.064566 0.154914 0.003526 -0.250903 -0.315744 -0.137452 -0.368168 -0.177779 -0.117980 -0.121163 0.001637 -0.059487 0.118759 -0.034767 0.114962 -0.148073 -0.204194 0.002844 -0.090695 0.125101 0.081480 0.050241 0.125327 0.049839 -0.024317 -0.043655 -0.085146 0.010927 0.038908 -0.035692 -0.386792 -0.159927 0.009110 0.202120 0.223612 0.124628 0.232087
0.177537 0.579431 -0.194564 -0.152508 -0.012311 -0.130026 0.144520 0.268214 -0.020645 0.112947 0.516532 0.559249 0.646050 1.000000 -0.287059 0.332844 0.275003 0.336566 -0.128686 -0.057284 -0.026242 -0.036341 -0.322430 -0.334768 -0.311791 -0.298929 -0.126740 -0.332448 0.141892 0.102130 -0.142302 0.070546 0.110643 0.154762 -0.394824 -0.047257 -0.124019 -0.197888 -0.197521 -0.109645 0.062830 0.000048 -0.096294 -0.009839 -0.087487 0.013526 -0.142361 -0.142018 0.002426 0.021637 0.014526 -0.095944 0.037797 -0.246995 0.046565 -0.118320 0.158204 0.061360 0.249183 0.041187 0.279285 0.499019 0.475503 0.404243 -0.275682 0.272523 0.032872 -0.155364 0.006827 -0.016413 0.320428 0.104034 0.057262 0.223309 0.274615 0.102207 0.179282 -0.162794 0.140351 -0.034132 0.158392 0.089930 -0.243206 -0.124001 -0.220184 -0.085523 -0.206511 -0.273697 -0.232777 -0.043894 -0.039165 -0.048508 0.031315 -0.141749 -0.073942 -0.219734 -0.110301 -0.059008 -0.002171 0.005341 0.070560 -0.051501 0.060318 -0.176385 -0.196741 -0.227173 0.077757 0.045811 -0.280018 -0.286622 -0.200829 -0.163297 0.093888 0.078135 0.081291 0.168689
0.322946 -0.230181 0.006371 0.144583 0.050188 -0.019849 -0.117358 -0.337067 0.233933 -0.135319 0.153106 -0.045735 -0.130914 -0.287059 1.000000 0.280340 -0.127605 -0.245369 0.210461 0.342984 -0.132234 -0.050664 0.385737 0.370745 0.238336 0.208035 0.075568 0.232615 0.008305 -0.092539 0.187043 0.107808 -0.286096 -0.327227 0.185277 -0.174222 0.181210 -0.107469 0.176113 -0.092058 -0.100137 -0.094923 -0.085223 0.015630 -0.243671 -0.350388 0.009069 -0.018078 -0.059517 -0.093210 -0.129652 -0.115152 -0.215874 -0.062964 0.086735 0.039479 -0.139680 -0.054674 -0.236049 -0.086048 -0.177499 -0.264256 -0.225422 -0.256947 0.436199 -0.224534 -0.237140 -0.074252 -0.013185 0.079861 -0.193469 -0.092623 -0.079107 -0.070107 -0.029399 0.149794 -0.054463 0.061777 0.009010 -0.157576 -0.058479 -0.016069 0.465662 0.279455 0.571686 0.167005 0.293301 0.024602 0.271569 0.205748 -0.021437 0.093895 0.076953 0.248606 -0.107926 0.054309 -0.097448 -0.078054 -0.043418 -0.098905 -0.145494 0.030099 -0.233396 -0.009354 0.044766 0.083213 -0.175107 -0.124422 0.277700 -0.030130 -0.022085 0.085106 -0.179916 -0.029010 -0.091214 -0.102051
0.119325 0.206741 -0.084415 -0.017010 0.285122 -0.008334 0.133802 -0.023204 -0.001043 -0.059366 0.328305 0.255337 0.287627 0.332844 0.280340 1.000000 0.038635 0.095640 0.072276 0.120231 -0.027939 0.024106 -0.113188 0.122794 0.162720 0.097448 0.136657 -0.054621 0.323151 0.358279 0.353414 0.126179 0.052631 0.120929 -0.130005 -0.030279 0.214248 0.009004 0.003304 0.050338 0.135198 0.124560 -0.136592 -0.054224 -0.080588 -0.127025 -0.169640 -0.131044 -0.033781 -0.110726 -0.171576 -0.179172 -0.202828 -0.080419 0.051287 -0.008360 -0.162132 -0.217396 -0.105346 -0.139210 -0.041088 0.036003 0.158624 0.043203 -0.136123 -0.045376 -0.192783 -0.134056 0.010093 -0.002914 0.218292 0.101578 0.279632 0.451445 0.127451 0.194139 0.255759 -0.017787 0.121947 -0.073962 0.059109 0.105441 0.112615 0.407661 0.024281 0.001723 -0.024541 0.152802 -0.064196 0.116854 0.095903 0.015348 0.060369 -0.043593 -0.085665 -0.060281 -0.039019 -0.092183 -0.004783 0.061991 0.023188 -0.021715 -0.040697 -0.167866 -0.184453 -0.153036 0.179307 -0.016281 0.002861 -0.116971 -0.041853 -0.148246 -0.068744 0.019908 0.006072 0.036503
0.202454 0.090166 -0.242275 -0.248712 -0.059511 0.004278 -0.100295 -0.137770 -0.188076 -0.105305 0.364633 0.125782 0.321839 0.275003 -0.127605 0.038635 1.000000 0.498053 -0.318699 -0.136264 -0.433234 -0.097293 -0.227230 -0.277953 -0.006940 0.048796 -0.156894 -0.214088 0.517949 0.168292 -0.015483 0.144813 0.312501 0.095919 -0.255235 -0.161741 -0.033132 -0.301118 -0.068410 -0.267029 0.041809 -0.453241 0.333887 0.411219 0.200398 -0.030198 0.410369 0.243287 -0.146467 -0.105304 0.027257 -0.106151 -0.077523 -0.172778 0.148187 0.030867 0.584906 0.409674 0.008399 -0.186222 -0.068290 -0.097531 0.515621 0.428041 -0.224420 -0.269786 -0.071263 -0.199574 0.222534 0.289755 -0.135873 -0.388649 0.363611 -0.033512 -0.008100 -0.277396 0.008047 -0.312934 0.614470 0.418260 0.708693 0.620754 0.032327 -0.147751 0.210643 0.241697 -0.073875 -0.077088 -0.372191 -0.255684 -0.450100 -0.434684 -0.380159 -0.440988 -0.316160 -0.140052 0.252404 -0.154998 -0.011478 -0.031916 -0.320536 -0.156578 -0.150114 -0.169901 -0.170897 -0.085042 -0.061896 -0.206611 -0.191672 -0.357441 0.014047 -0.015239 0.124372 0.078179 -0.033824 0.193276
-0.066389 0.190522 -0.131270 -0.083571 0.093319 0.155461 -0.201736 0.013930 -0.103740 0.055495 0.257235 0.184214 0.153794 0.336566 -0.245369 0.095640 0.498053 1.000000 -0.201358 -0.156902 -0.141532 0.134713 -0.178347 -0.180811 0.014884 0.154984 -0.027694 -0.027118 0.383390 0.432200 0.042107 0.214111 0.314278 0.221096 -0.209032 -0.095690 -0.006004 -0.113955 -0.055810 -0.051544 -0.011051 -0.142311 -0.044049 0.024032 -0.132904 -0.075099 0.132900 -0.079662 -0.148849 -0.166288 -0.019190 -0.060892 -0.018295 -0.048447 0.069044 -0.069548 0.281366 0.230093 -0.008017 -0.072443 0.075475 0.148550 0.334359 0.375639 -0.106695 0.065374 -0.046811 -0.150216 0.078784 0.074792 -0.075125 -0.106295 0.256555 0.180716 -0.003331 -0.108879 0.141560 -0.222033 0.396390 0.414846 0.421201 0.405162 0.008021 0.018085 0.121232 0.208200 0.167390 0.041388 -0.024942 -0.004697 -0.288099 -0.469346 -0.158887 -0.391347 -0.042910 -0.028573 0.165022 0.018104 0.020479 -0.002868 0.091954 -0.112390 0.060802 -0.209487 -0.246232 -0.142617 0.121149 -0.100454 -0.173915 -0.083506 -0.030688 -0.045542 0.204380 0.190463 0.199487 0.231715
0.193651 0.012745 0.436103 0.309063 0.179456 -0.071035 0.110239 -0.063225 0.198274 0.016573 -0.030247 -0.098433 0.067631 -0.128686 0.210461 0.072276 -0.318699 -0.201358 1.000000 0.469538 0.160780 -0.057829 0.422163 0.229000 0.094129 -0.011944 0.251683 0.390714 -0.202218 -0.204299 0.164304 -0.044299 -0.094694 0.013866 0.158391 -0.039256 -0.154823 0.033887 0.085172 0.071259 -0.258370 0.095428 -0.237659 -0.192458 -0.349844 -0.347882 -0.137056 -0.245790 -0.100877 -0.191795 -0.088735 -0.193756 -0.278182 -0.171985 -0.085850 -0.071542 -0.318511 -0.220215 -0.031998 -0.066893 0.183629 -0.157219 -0.183675 -0.377601 0.324103 -0.073456 -0.095150 -0.094038 0.276428 0.040345 0.057032 0.117262 -0.191531 -0.238279 -0.124174 0.201914 -0.008694 0.186154 -0.237623 -0.235123 -0.251820 -0.220106 0.094044 0.022057 0.054057 -0.132598 0.137409 0.069099 0.492577 0.040779 0.088238 0.282644 0.255934 0.527850 0.115228 -0.044866 -0.088049 0.008997 -0.123846 -0.178749 0.278697 0.300674 0.200035 0.214844 0.105181 0.109117 -0.061652 0.006478 0.107798 0.067124 -0.117894 -0.064707 -0.016799 0.067560 -0.046639 -0.152789
0.461470 0.389938 -0.106478 -0.003788 -0.122366 -0.318790 -0.082657 -0.118373 0.083346 -0.045619 0.173031 0.159080 -0.160403 -0.057284 0.342984 0.120231 -0.136264 -0.156902 0.469538 1.000000 0.143696 -0.136563 -0.039792 -0.070595 -0.185497 -0.317755 -0.073443 0.019970 0.051791 0.021660 -0.044244 -0.087823 0.037692 0.116149 -0.038491 -0.144057 -0.246593 0.075205 0.053092 0.203984 -0.006128 0.234908 0.008826 0.025982 -0.073933 -0.188632 0.058744 0.036081 -0.083544 -0.080118 -0.250024 -0.186623 -0.271857 -0.142019 -0.226415 0.187435 0.050384 0.100585 0.033529 0.012485 0.043829 0.044561 -0.063542 -0.165324 0.114611 -0.267911 0.002902 -0.221472 0.433590 0.346510 -0.034334 -0.043837 0.038102 -0.080237 0.065791 0.103358 -0.091470 0.059593 0.040578 0.051058 0.004153 0.123452 0.279911 0.403402 0.229407 0.180980 0.024694 -0.080222 0.042237 -0.179731 -0.130951 -0.083106 -0.146297 -0.062433 0.110257 0.052700 -0.109970 0.039170 -0.152548 -0.209400 -0.062644 -0.136626 -0.088917 -0.207467 -0.207779 -0.130368 -0.246340 -0.301428 0.165262 0.156061 -0.222513 -0.112648 -0.183349 -0.206149 -0.128580 -0.148761
-0.228580 0.066511 -0.086485 -0.117026 0.016194 -0.056083 -0.079988 0.032996 -0.095927 -0.055250 -0.350079 -0.210037 -0.209855 -0.026242 -0.132234 -0.027939 -0.433234 -0.141532 0.160780 0.143696 1.000000 0.467996 -0.100037 -0.093746 0.109350 -0.123186 0.312324 0.151876 -0.070903 0.097666 -0.048485 -0.113132 -0.303391 0.036054 0.228032 0.226689 0.041856 0.397782 -0.027128 0.191754 0.157773 0.467682 -0.237417 -0.410803 -0.024139 0.069985 -0.250347 -0.200019 0.169005 0.083381 -0.029917 0.013178 0.058563 -0.158856 -0.195514 -0.120740 -0.268760 -0.205269 0.141806 0.071168 -0.050078 0.042883 -0.047812 -0.099163 -0.169969 -0.032735 0.259232 0.052019 -0.174846 -0.263905 0.370130 0.311632 0.154582 0.256959 0.320667 0.292250 0.219273 0.328981 -0.203364 -0.030341 -0.307737 -0.139171 -0.185966 0.021338 -0.343092 -0.319744 -0.107479 -0.046800 0.005438 -0.022952 0.253795 0.334503 -0.002170 0.142460 0.195099 -0.023516 0.104837 0.099005 0.120354 0.087234 0.277683 0.173415 0.303880 0.187782 0.029072 0.143223 0.159583 0.079554 0.003883 0.257954 0.187160 -0.007941 -0.060762 -0.186438 -0.006323 -0.146223
-0.328303 0.008393 -0.229779 -0.091616 0.129872 0.316021 -0.125766 0.015307 -0.385985 -0.343841 -0.142948 -0.148896 -0.236558 -0.036341 -0.050664 0.024106 -0.097293 0.134713 -0.057829 -0.136563 0.467996 1.000000 -0.283019 -0.138891 0.181226 0.189484 0.437253 0.238405 0.156885 0.400950 0.051824 0.031487 -0.007180 0.009620 0.263093 0.114227 0.214612 0.395698 0.257887 0.195485 0.228667 0.272561 -0.358792 -0.411725 -0.270406 -0.108605 -0.173819 -0.250069 -0.118069 -0.167934 -0.195917 -0.052625 -0.048523 -0.253978 0.081018 -0.108517 -0.248154 -0.291160 0.085681 0.002537 -0.144594 0.054613 0.168417 0.050124 -0.249524 0.153183 0.269704 0.111500 -0.214385 -0.387220 0.246430 0.335786 0.448064 0.427755 0.044211 0.131034 0.265485 0.169633 -0.067107 -0.052731 -0.123277 0.006347 0.010989 0.067181 -0.188446 -0.033194 0.006551 -0.085276 -0.128152 0.062131 0.166178 0.075726 -0.031877 -0.063408 0.191889 0.045548 0.203415 0.135570 0.173307 0.086655 0.155653 0.068943 0.102319 0.120170 0.000139 0.179618 0.200540 0.102985 -0.081780 0.284966 0.343043 0.031701 0.051840 -0.236473 0.072315 -0.021123
0.165811 -0.254012 0.580236 0.418123 0.076622 0.107618 0.090034 -0.165787 0.355485 0.161530 -0.199547 -0.187905 0.011882 -0.322430 0.385737 -0.113188 -0.227230 -0.178347 0.422163 -0.039792 -0.100037 -0.283019 1.000000 0.565811 0.295023 0.215609 0.174070 0.490209 -0.382688 -0.382665 0.087835 -0.045112 -0.201444 -0.313751 0.149712 -0.242791 0.000878 -0.133266 0.041715 -0.029938 -0.281551 -0.117889 0.056010 0.120890 -0.193531 -0.304334 0.067078 0.035311 0.039075 0.002401 0.052967 -0.004139 -0.081956 -0.035286 -0.018482 0.049810 -0.046575 0.119922 -0.194221 -0.056785 0.004506 -0.250815 -0.486520 -0.386802 0.471604 -0.045882 -0.322245 -0.173295 0.136653 0.221633 -0.233541 -0.089693 -0.414759 -0.459197 -0.102355 -0.081229 -0.222490 0.006248 -0.086369 0.028783 -0.207663 -0.114692 0.147319 -0.142804 0.287745 -0.111444 0.381681 0.143218 0.704825 0.284302 -0.089441 0.082806 0.274320 0.483574 0.029037 0.023824 -0.065211 -0.034930 -0.128454 -0.163162 0.025624 0.118443 -0.203261 0.071937 0.100474 0.053397 -0.261190 -0.181618 0.146242 -0.009776 -0.135549 0.049763 -0.095223 0.191641 0.061922 -0.106650
0.058792 -0.212436 0.314108 0.463566 0.024875 0.271192 -0.034298 -0.067977 0.261526 0.107071 -0.185229 -0.058906 -0.143081 -0.334768 0.370745 0.122794 -0.277953 -0.180811 0.229000 -0.070595 -0.093746 -0.138891 0.565811 1.000000 0.482524 0.591106 0.130708 0.545527 -0.314390 -0.326037 0.301773 0.281644 -0.117217 -0.110352 0.217344 0.004466 0.133353 -0.058899 -0.073969 -0.124419 -0.222870 -0.077921 0.042433 0.113057 -0.093649 -0.079243 -0.055733 0.093101 -0.118668 -0.064016 0.024820 -0.115994 -0.087258 0.064013 0.031210 -0.076121 -0.145602 0.024650 -0.475007 -0.164592 -0.277714 -0.295382 -0.314240 -0.223173 0.285950 -0.013432 -0.357906 0.065166 -0.011014 0.083682 -0.109135 0.083833 -0.286372 -0.234166 -0.135201 0.109410 -0.096204 0.227388 -0.042657 -0.101402 -0.126436 -0.164702 0.130856 0.032755 0.323340 0.009236 0.222516 0.160522 0.416628 0.100687 0.113374 0.126529 0.304619 0.331726 -0.129756 0.033383 -0.116206 -0.096634 -0.116571 -0.110591 -0.052464 -0.016620 -0.272976 -0.085761 -0.072290 -0.068772 -0.187670 -0.021284 0.146655 -0.062162 0.102703 0.075936 -0.195260 -0.035762 -0.118896 -0.136539
-0.068431 -0.318622 -0.009779 -0.026900 0.237763 0.459413 -0.272148 -0.371009 -0.059093 -0.109881 -0.233396 -0.335443 -0.102307 -0.311791 0.238336 0.162720 -0.006940 0.014884 0.094129 -0.185497 0.109350 0.181226 0.295023 0.482524 1.000000 0.780104 0.511669 0.626297 0.022263 -0.127502 0.349462 0.225756 -0.143966 -0.254476 0.236483 -0.004478 0.217161 -0.075498 0.045833 -0.100557 -0.103362 -0.143751 0.126005 0.144063 0.087491 -0.011365 0.116483 0.067791 0.047522 -0.109619 0.188432 -0.044892 -0.101786 -0.047435 0.182448 -0.021228 -0.123586 -0.076435 -0.167188 -0.069657 -0.408883 -0.427478 -0.068281 -0.115557 -0.058979 -0.291573 0.009536 0.118671 0.004127 -0.074612 -0.078544 -0.147904 0.072938 -0.019292 -0.074018 -0.036775 -0.007627 0.016022 0.167880 0.001404 0.096324 0.066846 -0.034334 -0.082705 0.254601 -0.134771 0.376514 0.038296 0.162293 0.096949 -0.137322 -0.036315 -0.086556 0.176740 -0.186324 -0.113424 0.264440 -0.182057 -0.050072 -0.085239 -0.005259 0.161401 -0.164230 0.201153 0.131357 0.175288 0.173578 0.187781 -0.052641 -0.131852 0.410575 0.022810 -0.108467 -0.000840 -0.220240 -0.189963
-0.174466 -0.392044 0.026924 0.269294 0.190314 0.677557 -0.353182 -0.180908 0.022436 0.041816 -0.215901 -0.212299 -0.239101 -0.298929 0.208035 0.097448 0.048796 0.154984 -0.011944 -0.317755 -0.123186 0.189484 0.215609 0.591106 0.780104 1.000000 0.440488 0.617852 -0.047809 -0.114332 0.374060 0.401580 -0.091396 -0.217655 0.209696 0.060005 0.188141 -0.140888 0.043696 -0.216582 -0.214022 -0.273554 0.078653 0.132834 -0.020828 -0.020573 0.098344 0.055638 -0.108380 -0.195429 0.223649 -0.081141 -0.126862 -0.036329 0.147366 -0.163297 -0.073090 -0.016827 -0.342282 -0.148884 -0.409393 -0.430960 -0.069267 -0.060867 0.124727 -0.055945 -0.071818 0.286212 -0.059061 -0.017061 -0.156855 -0.156963 0.013412 -0.051790 -0.238399 -0.094097 0.029733 0.015140 0.281920 0.019165 0.114500 0.046980 -0.075462 -0.111988 0.392517 0.164977 0.264344 -0.012113 0.224869 0.106737 -0.173379 -0.200458 0.089989 0.124411 -0.300323 -0.131069 0.187442 -0.247864 -0.161887 -0.169778 0.016098 0.125137 -0.211503 0.192174 0.114726 0.129923 0.070392 0.241081 -0.154124 -0.236039 0.414166 -0.041343 -0.113691 -0.024333 -0.185089 -0.159478
-0.047326 -0.193479 0.033951 -0.043047 0.478493 0.533134 -0.175968 -0.216668 -0.135375 -0.121050 -0.203850 -0.328936 -0.110207 -0.126740 0.075568 0.136657 -0.156894 -0.027694 0.251683 -0.073443 0.312324 0.437253 0.174070 0.130708 0.511669 0.440488 1.000000 0.547620 -0.063501 0.081307 0.122004 -0.073673 -0.205947 -0.222554 0.206966 0.005780 -0.025620 0.073834 0.205396 0.180563 0.033156 0.125047 -0.196895 -0.195145 -0.150520 -0.157195 -0.226914 -0.268327 0.188873 -0.073227 0.115015 -0.001433 -0.055096 -0.109943 0.205949 -0.073337 -0.208953 -0.231410 0.154716 0.057588 -0.117419 -0.124042 0.064881 -0.070122 -0.087506 -0.049636 0.234849 0.131508 0.038802 -0.154365 0.051885 -0.055734 0.267774 0.066574 -0.060610 0.019354 0.049306 -0.018006 -0.128045 -0.147418 -0.204991 -0.127839 -0.069935 -0.096498 -0.002209 -0.134708 0.220230 -0.079097 0.245276 0.227009 -0.059801 0.077409 -0.001632 0.272007 0.084982 -0.209611 0.079001 -0.108546 -0.140015 -0.074165 0.251325 0.349290 0.155527 0.286805 0.164280 0.215716 0.272520 0.274790 -0.155155 0.028761 0.173788 -0.166353 -0.072755 0.013502 -0.035094 -0.134081
0.057476 -0.147781 0.037409 0.188941 0.116710 0.451285 -0.376613 -0.364386 0.063637 -0.061893 -0.286124 -0.298230 -0.277100 -0.332448 0.232615 -0.054621 -0.214088 -0.027118 0.390714 0.019970 0.151876 0.238405 0.490209 0.545527 0.626297 0.617852 0.547620 1.000000 -0.144355 -0.249131 0.066046 0.078732 -0.103502 -0.245787 0.202317 -0.088250 0.022691 0.038473 0.150479 0.109940 -0.086396 0.055221 0.025453 0.026697 -0.153152 -0.193287 0.002671 0.030463 -0.012333 -0.138649 0.125659 -0.119088 -0.122797 -0.130780 0.020438 -0.026126 -0.062161 0.017921 -0.153853 -0.021655 -0.293357 -0.324234 -0.249704 -0.278198 0.144357 -0.133040 0.042478 0.033001 0.216584 0.066253 -0.155428 -0.093224 -0.094870 -0.316100 -0.164406 -0.073112 -0.105444 0.101685 0.076880 -0.016274 -0.065496 -0.000037 0.086873 -0.043845 0.340814 0.018069 0.412993 0.003141 0.497291 0.145783 -0.148094 -0.118412 0.002003 0.238316 0.064634 -0.036747 0.256438 -0.015297 -0.167011 -0.145896 0.086860 0.098350 -0.202266 0.200590 0.077149 0.130364 -0.026561 0.104922 0.017508 0.107144 0.316222 -0.034457 -0.167066 -0.074904 -0.070097 -0.244066
0.021300 0.105670 -0.358221 -0.338380 -0.030063 -0.124511 -0.098422 -0.148985 -0.313024 -0.358855 0.369977 0.094147 0.105393 0.141892 0.008305 0.323151 0.517949 0.383390 -0.202218 0.051791 -0.070903 0.156885 -0.382688 -0.314390 0.022263 -0.047809 -0.063501 -0.144355 1.000000 0.535226 0.202756 0.265167 0.300996 0.347753 -0.107977 0.168554 0.219203 0.026642 0.094890 0.052255 0.313570 0.105966 -0.005366 0.039065 -0.002133 -0.050820 0.148684 0.026327 -0.214185 -0.370086 -0.200504 -0.349381 -0.109912 -0.220781 -0.128279 -0.145602 0.100145 -0.116458 0.042196 -0.292481 0.031971 -0.052771 0.399671 0.294005 -0.163021 -0.147043 0.087161 0.004456 -0.036020 -0.149518 0.043376 -0.090435 0.638279 0.322864 0.143352 0.059924 0.303253 0.002611 0.379255 0.191279 0.546435 0.522508 0.202654 0.362704 0.198281 0.186626 -0.067951 0.051951 -0.314990 -0.186786 -0.144442 -0.248852 -0.467296 -0.413739 -0.014749 -0.080845 0.419719 0.037292 0.049176 0.002261 -0.331306 -0.243587 -0.062169 -0.262907 -0.314201 -0.145786 0.009586 -0.227934 -0.068346 -0.047507 0.267600 0.000796 0.042500 -0.092254 0.051845 0.115849
-0.135455 0.176203 -0.197442 -0.255534 0.118726 -0.016664 0.064877 -0.013755 -0.484841 -0.364729 0.202048 0.048993 0.044683 0.102130 -0.092539 0.358279 0.168292 0.432200 -0.204299 0.021660 0.097666 0.400950 -0.382665 -0.326037 -0.127502 -0.114332 0.081307 -0.249131 0.535226 1.000000 0.196493 0.124793 0.373853 0.444509 -0.011869 0.135667 0.325349 0.322915 0.191823 0.185424 0.443871 0.199992 -0.258583 -0.293173 -0.178101 -0.181147 -0.025215 -0.217542 -0.288802 -0.373197 -0.338299 -0.228742 -0.142713 -0.151321 0.098128 0.034194 -0.059954 -0.166455 -0.040391 -0.245951 0.074659 0.165202 0.335316 0.327736 -0.280434 0.016044 0.066685 -0.066057 -0.098227 -0.151078 0.079390 0.112692 0.635808 0.677606 0.166734 0.116180 0.409374 -0.078489 0.067272 0.302376 0.205464 0.301274 0.215850 0.351407 -0.097741 0.021198 -0.021140 0.206292 -0.282293 -0.076146 -0.003425 -0.181758 -0.259812 -0.387600 0.189949 0.217796 0.245615 0.208995 0.335276 0.271790 -0.014456 -0.111173 0.184460 -0.228195 -0.288816 -0.118629 0.204442 -0.213629 0.091849 0.243434 0.060958 0.140771 0.296083 0.083379 0.348065 0.389141
-0.160201 -0.190966 0.352213 0.337193 0.303532 0.343101 0.299995 0.276057 0.001196 -0.023521 0.083928 0.037230 -0.066889 -0.142302 0.187043 0.353414 -0.015483 0.042107 0.164304 -0.044244 -0.048485 0.051824 0.087835 0.301773 0.349462 0.374060 0.122004 0.066046 0.202756 0.196493 1.000000 0.610687 0.078106 0.297661 0.183780 0.210421 0.330673 -0.047733 0.043064 -0.116816 -0.088307 -0.057900 -0.306319 -0.284665 -0.251763 -0.213763 -0.191190 -0.385616 -0.407963 -0.489546 -0.327522 -0.455269 -0.414196 -0.284143 -0.025605 -0.323997 -0.373234 -0.344950 -0.358504 -0.384786 -0.024660 -0.233570 -0.038411 -0.031710 0.204279 0.120396 -0.244629 0.044541 -0.254646 -0.168566 0.191580 0.150215 0.198323 0.347110 -0.000188 0.135547 0.392271 0.145779 -0.067261 -0.071107 -0.020639 -0.156815 0.070838 0.260435 -0.014242 -0.032249 0.026466 0.201817 0.053101 -0.114883 0.069132 0.105356 0.331440 0.213740 0.019262 0.110207 -0.016151 0.064641 -0.044021 -0.073132 0.018781 0.147587 0.077263 0.123215 0.073666 0.120213 0.054719 -0.006326 0.088766 -0.034694 0.009536 0.044058 0.021668 0.177981 0.076624 0.123065
-0.162834 -0.111935 0.082328 0.367879 0.036890 0.280489 0.061906 0.311420 0.016905 -0.007926 0.121126 0.242095 -0.036606 0.070546 0.107808 0.126179 0.144813 0.214111 -0.044299 -0.087823 -0.113132 0.031487 -0.045112 0.281644 0.225756 0.401580 -0.073673 0.078732 0.265167 0.124793 0.610687 1.000000 0.157563 0.386151 0.141007 0.361182 0.236296 -0.126506 -0.099031 -0.316507 -0.021049 -0.182702 -0.140386 -0.139306 -0.210555 -0.134170 0.024523 -0.196232 -0.399754 -0.455037 -0.034266 -0.393031 -0.218463 -0.365269 -0.149043 -0.433626 -0.176651 -0.178156 -0.469306 -0.501947 -0.141761 -0.292402 0.116156 0.112407 0.214441 0.178057 -0.192837 0.082088 -0.163225 -0.129604 0.255692 0.207624 0.140413 0.205222 0.090128 0.148577 0.362074 0.237298 0.139897 0.000999 0.230786 0.024878 0.087318 0.116901 0.150427 0.091637 -0.065875 0.007922 -0.100061 -0.350431 -0.053379 -0.113177 0.190195 -0.068961 -0.146265 -0.056824 0.062593 -0.001890 -0.051856 -0.121458 -0.200476 -0.071279 -0.125700 0.020381 -0.047638 0.036312 -0.195183 -0.088463 -0.100403 -0.165970 0.198199 0.043907 0.003519 0.080244 0.113646 0.154581
0.152534 0.278016 0.043739 -0.087332 0.066482 0.059204 0.164527 0.093364 -0.256457 -0.204142 0.262779 0.185611 0.139694 0.110643 -0.286096 0.052631 0.312501 0.314278 -0.094694 0.037692 -0.303391 -0.007180 -0.201444 -0.117217 -0.143966 -0.091396 -0.205947 -0.103502 0.300996 0.373853 0.078106 0.157563 1.000000 0.645472 -0.160915 0.086772 0.038143 0.005362 0.065863 0.087698 0.198201 -0.081043 -0.019523 0.023248 -0.068923 -0.113169 0.108234 -0.041220 -0.360646 -0.401328 -0.143301 -0.352459 -0.270138 -0.033269 0.085667 0.035692 0.301661 0.214169 -0.102728 -0.276015 0.192605 0.106420 0.205524 0.284648 -0.189681 0.111377 0.048239 -0.017936 0.278448 0.249119 -0.138172 -0.151066 0.209294 0.081801 -0.049195 -0.213052 0.131317 -0.156960 0.255833 0.340383 0.291877 0.279912 0.142251 0.144088 -0.010393 0.100836 0.015709 0.109804 -0.172496 -0.237812 -0.284785 -0.405013 -0.227596 -0.324342 0.142997 0.221630 0.114125 0.193960 -0.033780 0.069408 -0.229057 -0.295012 -0.111885 -0.347296 -0.354001 -0.316480 -0.022929 -0.219006 0.033951 0.144425 -0.081290 0.083879 0.288462 0.194774 0.290510 0.329840
-0.084044 0.241898 0.116127 0.005749 0.231306 0.008103 0.358168 0.353960 -0.103554 -0.027037 0.249162 0.168692 0.137451 0.154762 -0.327227 0.120929 0.095919 0.221096 0.013866 0.116149 0.036054 0.009620 -0.313751 -0.110352 -0.254476 -0.217655 -0.222554 -0.245787 0.347753 0.444509 0.297661 0.386151 0.645472 1.000000 0.000397 0.460903 0.033844 0.122848 -0.128976 0.032599 0.149698 0.169024 -0.306844 -0.345431 -0.082472 -0.022281 -0.174469 -0.297730 -0.319047 -0.446550 -0.309347 -0.472206 -0.275106 -0.166509 -0.249715 -0.318593 -0.013836 -0.078052 -0.164944 -0.490627 0.353737 0.110981 0.190639 0.160090 -0.063153 0.289682 -0.026895 0.094871 -0.013501 0.017031 0.124039 0.092281 0.290543 0.251769 0.145634 0.131647 0.355609 0.253922 -0.042309 0.165925 0.044787 -0.006849 0.050970 0.248275 -0.260407 -0.086784 -0.212006 0.160590 -0.219131 -0.443493 0.033747 -0.138379 -0.027784 -0.191933 0.190060 0.187135 -0.071258 0.284595 -0.058585 -0.004135 -0.192918 -0.239034 0.052720 -0.201900 -0.217886 -0.126251 -0.042671 -0.171605 0.085369 0.186494 -0.026531 0.061593 0.138428 0.053344 0.211200 0.284137
-0.360455 -0.416872 0.149679 0.229458 0.027816 0.158682 0.014558 0.016607 -0.160497 -0.226103 -0.259988 -0.274770 -0.255994 -0.394824 0.185277 -0.130005 -0.255235 -0.209032 0.158391 -0.038491 0.228032 0.263093 0.149712 0.217344 0.236483 0.209696 0.206966 0.202317 -0.107977 -0.011869 0.183780 0.141007 -0.160915 0.000397 1.000000 0.396750 0.108250 0.268421 0.084866 0.066275 0.143983 0.147724 -0.250539 -0.290954 0.013655 0.064593 -0.108004 -0.189600 -0.017613 -0.079203 -0.093951 -0.073689 -0.246509 -0.134870 -0.054128 -0.139248 -0.527846 -0.448185 -0.303065 -0.284962 -0.200201 -0.407826 -0.034449 -0.210829 0.131418 -0.030285 0.149998 0.252149 -0.251756 -0.353424 0.039451 0.371586 0.122857 0.065042 0.037626 0.189674 0.062260 0.310043 -0.311127 -0.277958 -0.269600 -0.219919 0.102315 0.028443 0.010819 -0.098837 0.078577 0.114565 0.008857 -0.074319 0.145261 0.277348 0.140220 0.174661 0.279505 0.203484 0.106268 0.253308 0.108601 0.109041 0.011378 0.016791 -0.018578 0.131119 0.059104 0.212666 -0.158548 -0.032704 0.298917 0.290740 0.251005 0.316088 0.061518 0.007992 0.079667 0.127890
-0.461955 -0.219833 0.077564 0.187924 0.033757 0.136617 0.107919 0.326640 -0.063131 -0.022998 -0.173455 -0.100827 -0.165147 -0.047257 -0.174222 -0.030279 -0.161741 -0.095690 -0.039256 -0.144057 0.226689 0.114227 -0.242791 0.004466 -0.004478 0.060005 0.005780 -0.088250 0.168554 0.135667 0.210421 0.361182 0.086772 0.460903 0.396750 1.000000 0.040898 0.204689 -0.113443 -0.025687 0.217296 0.228348 -0.242510 -0.294046 0.114717 0.411726 -0.180691 -0.123856 -0.253142 -0.232146 -0.068077 -0.288363 -0.149292 -0.099887 -0.238956 -0.337475 -0.359465 -0.446300 -0.262003 -0.401031 0.094730 -0.143765 0.106911 -0.007298 0.057647 0.276105 0.218828 0.599598 -0.326703 -0.354750 0.296599 0.235807 0.171338 0.149375 0.146541 0.241104 0.258631 0.465563 -0.167286 -0.144788 -0.100281 -0.187043 -0.120016 0.058812 -0.162796 -0.023712 -0.133910 0.116543 -0.234237 -0.301574 0.201745 0.075086 0.083836 -0.098122 0.118835 -0.012133 -0.000499 0.077578 -0.099935 -0.033753 -0.101493 -0.206916 0.130465 -0.031073 -0.082313 -0.037995 0.054760 0.084353 -0.067072 0.089491 0.298529 0.130366 -0.000125 -0.061145 0.022102 0.147930
