1.000000 0.718148 0.182620 -0.211488 -0.107047 -0.450053 0.187656 -0.094193 0.166122 -0.055778 0.687478 0.210894 0.646991 0.463934 0.291765 0.070635 0.200638 -0.055913 0.330454 0.542712 0.011210 -0.086491 -0.000370 -0.121233 -0.242832 -0.489045 -0.132367 -0.285294 0.291207 0.185912 0.062624 -0.116543 0.271686 0.119660 -0.415401 -0.200799 -0.258435 -0.199952 -0.364975 -0.273285 -0.024928 -0.164788 -0.280035 -0.037383 -0.031229 0.026038 -0.230485 -0.231542 0.154128 0.352949 -0.289755 -0.050430 0.239492 0.068302 -0.092639 -0.272786 0.602145 0.530601 0.501071 0.356400 0.622307 0.502796 0.322175 0.343889 -0.228119 -0.314769 0.032845 -0.383242 0.363749 0.472544 -0.144836 0.035840 0.199625 -0.097427 0.144697 0.165627 -0.276964 -0.288202 0.161247 0.019293 0.093322 0.065949 0.350506 0.176106 0.322368 -0.078590 0.277626 -0.218044 0.081902 -0.083235 -0.294670 -0.012104 -0.253896 -0.202855 -0.329491 -0.250083 -0.249860 -0.275923 0.115494 0.020027 -0.271756 -0.192096 -0.288362 -0.243019 -0.315603 -0.330163 -0.226439 -0.102897 -0.172863 -0.150129 -0.395942 -0.043321 -0.084018 -0.149205 -0.211327 -0.200183
0.718148 1.000000 0.019538 0.012755 0.021387 -0.210814 0.038074 0.163465 0.220301 0.220191 0.328783 0.352197 0.277344 0.564526 0.283284 0.364016 -0.081023 0.039772 0.352374 0.574715 0.097188 0.113419 -0.136539 -0.040009 -0.181579 -0.287941 0.085981 -0.105070 0.194743 0.357880 0.044603 -0.121874 0.454244 0.308616 -0.438646 -0.037536 -0.270930 0.113640 -0.204990 0.075784 0.108014 0.150410 -0.375058 -0.107095 -0.189537 -0.160155 -0.357885 -0.208173 -0.043739 0.137275 -0.424848 -0.203653 0.258963 -0.095954 -0.241284 -0.279600 0.407639 0.487175 0.331617 0.442741 0.588038 0.706721 0.245513 0.431830 -0.253424 -0.203965 -0.069059 -0.267180 0.396001 0.608123 -0.199410 -0.013581 0.155240 -0.038548 0.076293 0.233629 -0.265978 0.028977 0.106498 -0.174008 0.066482 0.117563 0.407904 0.468733 0.207444 0.127621 0.288965 -0.017761 0.061691 -0.022393 -0.313939 -0.238380 -0.098078 -0.275117 -0.222860 -0.076379 -0.444349 -0.203514 -0.075650 -0.177918 -0.148357 -0.151663 -0.227176 -0.398131 -0.454017 -0.526265 -0.284150 -0.422167 -0.061817 0.082333 -0.528370 -0.182156 -0.126376 -0.391615 -0.439902 -0.299593
0.182620 0.019538 1.000000 0.450566 0.044162 -0.194227 0.744322 0.321059 0.289315 -0.126291 0.327771 0.168382 0.283057 0.171458 0.242901 0.004203 -0.313519 -0.418235 0.103753 0.048869 -0.225375 -0.151844 0.405386 0.274802 0.069593 0.054606 -0.291674 -0.131822 -0.165741 -0.297100 -0.024479 0.035176 -0.042803 0.098598 0.118124 0.098399 -0.239145 -0.238646 -0.236646 -0.282151 -0.510352 -0.261463 -0.024455 -0.072767 -0.299693 -0.325684 -0.209220 -0.159908 0.009977 -0.137903 0.280752 -0.068353 0.065083 -0.091812 -0.004463 -0.321411 -0.285015 -0.275953 0.206176 -0.214233 0.199478 -0.013524 -0.145868 -0.247520 0.426682 0.194525 -0.101712 -0.013188 0.085273 -0.110815 -0.003668 -0.051477 -0.251331 -0.012716 -0.039482 0.057239 -0.023311 -0.223534 -0.329725 -0.274487 -0.225432 -0.258403 -0.019654 -0.260995 0.214709 -0.091900 -0.060967 -0.202176 0.413772 0.024058 0.095242 0.258258 0.296703 0.104317 -0.166623 -0.189217 -0.047398 -0.187567 -0.198459 -0.178746 -0.197714 -0.036164 -0.006732 0.170119 -0.017625 -0.026827 -0.097519 0.092782 -0.127864 -0.219629 -0.038370 -0.149141 -0.176489 -0.017683 -0.070188 -0.133780
-0.211488 0.012755 0.450566 1.000000 -0.070766 0.274338 0.422755 0.511418 0.003306 0.124567 -0.133820 0.494995 -0.386263 -0.061335 -0.032870 0.305675 -0.334068 -0.299400 0.250695 0.133549 -0.098404 0.043197 0.461461 0.618335 0.242907 0.429659 -0.074984 0.114201 -0.244904 -0.110317 -0.017910 0.345217 -0.004489 0.291246 0.140765 0.153711 -0.039167 -0.034210 0.108855 -0.015799 -0.313089 0.097068 -0.083937 -0.303914 -0.379741 -0.531620 -0.324786 -0.305697 -0.537374 -0.595352 0.205062 -0.435905 -0.365644 -0.324597 -0.322882 -0.346312 -0.587276 -0.447453 -0.206822 -0.402378 -0.168012 -0.078382 -0.188254 -0.197507 0.589098 0.548067 -0.349708 0.090464 0.121440 -0.072592 0.022056 -0.084907 -0.332974 0.151619 -0.032415 0.188620 0.055676 0.112195 -0.218918 -0.250265 0.001427 -0.110989 0.046272 0.110388 0.110324 0.107726 -0.005256 0.285813 0.293167 0.012296 -0.002289 -0.036590 0.396004 -0.063620 -0.042672 0.056924 -0.256700 -0.086938 -0.396420 -0.230416 -0.020605 0.020750 -0.007307 0.040396 -0.084060 -0.012952 -0.172158 0.104062 0.045547 -0.017384 -0.072677 -0.157896 -0.179916 -0.158972 -0.033403 -0.010349
-0.107047 0.021387 0.044162 -0.070766 1.000000 0.159391 0.061657 0.065989 0.496911 0.459434 0.052976 0.042024 0.011073 0.049803 0.187156 0.213976 -0.028254 -0.033207 -0.060423 0.011732 0.138633 0.060164 -0.150436 0.086247 0.158667 -0.030780 0.276818 -0.031655 0.105537 0.079092 0.220534 0.082532 0.090842 0.312835 -0.127921 0.130306 -0.230180 -0.054814 -0.168267 -0.009726 -0.035479 -0.106008 -0.126559 -0.117826 0.149698 0.286906 -0.298396 -0.027842 -0.092818 -0.021918 -0.134963 -0.108691 -0.021429 -0.175901 -0.049295 -0.027990 0.104301 0.091713 0.064596 -0.022983 0.149239 0.180667 -0.120359 0.047264 0.022571 0.044401 0.086276 0.380013 -0.223986 -0.120536 -0.014092 -0.012870 -0.003123 -0.043993 -0.133721 -0.097805 -0.171175 -0.020098 0.156832 0.054831 0.082415 0.131532 0.073372 0.135289 0.096522 0.357633 0.021792 -0.104770 0.035620 -0.013277 0.002025 0.031234 0.054478 0.023459 -0.149848 -0.154575 -0.184445 -0.154696 -0.125591 -0.262866 -0.061121 -0.111590 -0.085443 -0.096898 -0.076956 -0.096414 0.124591 -0.145015 -0.186793 -0.109388 -0.125513 -0.193618 -0.200418 -0.280472 -0.209200 -0.233970
-0.450053 -0.210814 -0.194227 0.274338 0.159391 1.000000 -0.260251 0.114135 -0.101842 0.197065 -0.424704 -0.061367 -0.463810 -0.316312 -0.147130 0.164648 -0.210698 -0.095421 -0.128189 -0.321524 0.231944 0.391922 0.004751 0.141623 0.410555 0.601350 0.443716 0.476392 -0.408292 -0.129843 -0.033884 0.210268 -0.029665 0.088908 0.240623 0.226463 0.047295 0.206032 0.240290 0.293847 0.081733 0.225004 0.070110 0.089561 -0.004841 -0.051622 -0.075890 0.103508 -0.246806 -0.302240 0.211120 -0.058048 -0.316952 -0.162493 -0.008766 0.054633 -0.181010 -0.076374 -0.276109 -0.213769 -0.413756 -0.248633 -0.350050 -0.280068 0.162140 0.291641 -0.009573 0.358846 0.023467 0.044534 0.131015 0.063286 -0.299208 0.062401 0.000165 0.089085 0.051111 0.263688 -0.031491 -0.000006 -0.054550 0.024154 -0.160649 0.004668 -0.093726 0.138395 0.101782 0.338102 0.103378 0.161486 -0.048226 -0.218723 0.139718 0.007559 -0.003497 0.106738 0.106051 0.059643 -0.193128 -0.087714 0.074470 -0.020472 -0.046357 -0.039952 0.064926 0.105356 -0.014838 0.014095 0.014867 0.179667 0.213630 -0.158780 -0.062946 -0.054802 0.001377 0.167249
0.187656 0.038074 0.744322 0.422755 0.061657 -0.260251 1.000000 0.519368 0.163040 0.035367 0.327746 0.490420 0.265665 0.408055 0.107969 0.028091 -0.083014 -0.296283 0.185017 0.321892 -0.242750 -0.379232 0.296917 0.331529 -0.079757 -0.214588 -0.383463 -0.373840 0.111923 -0.028727 0.288002 0.302753 0.104123 0.374711 -0.011915 -0.018833 -0.170888 -0.400893 -0.337157 -0.350513 -0.490842 -0.312035 -0.135860 -0.286945 -0.190778 -0.186431 -0.272435 -0.357097 -0.124624 -0.098910 0.061489 -0.211101 0.020282 -0.065141 -0.241009 -0.489174 -0.278068 -0.334786 -0.103976 -0.313914 0.141670 0.201871 0.043303 -0.061855 0.367310 0.224352 -0.235676 -0.051226 0.032344 -0.149534 0.131155 -0.101055 -0.011923 0.216824 0.122631 0.010384 0.054137 -0.250750 -0.130846 -0.086832 -0.019407 -0.087633 0.020816 -0.145122 0.321589 0.005925 -0.152619 -0.255632 0.238031 -0.077297 0.008173 0.090759 0.040697 -0.207252 -0.162257 -0.106013 -0.359957 -0.137004 -0.311390 -0.164289 -0.200749 -0.011623 -0.123268 -0.016887 -0.223287 -0.123161 -0.250581 0.090096 -0.025208 -0.224462 -0.292311 -0.127421 -0.138753 -0.169303 0.033158 -0.061231
-0.094193 0.163465 0.321059 0.511418 0.065989 0.114135 0.519368 1.000000 0.129168 0.536846 -0.281792 0.464661 -0.243488 0.411222 -0.232383 0.328361 -0.365057 -0.210536 0.045235 0.113434 -0.028082 -0.100405 -0.173735 0.132677 -0.183520 -0.015183 -0.235322 -0.381903 -0.283136 0.051894 0.226139 0.153192 0.198451 0.492689 -0.130634 -0.008745 -0.064945 0.000804 -0.140944 0.217232 -0.154392 0.205406 -0.132913 -0.196572 -0.314066 -0.294800 -0.188090 -0.107569 -0.034711 -0.220903 -0.053501 -0.197865 0.048110 0.029790 -0.485733 -0.210607 -0.325217 -0.368367 -0.375087 -0.203709 0.046533 0.487641 -0.260666 -0.079326 0.093163 0.450118 -0.138484 0.104673 0.120131 0.149535 0.115730 -0.108560 -0.226425 0.360333 0.081746 -0.145829 0.207132 0.233970 -0.129079 -0.174136 -0.119109 -0.110300 -0.282503 -0.022140 -0.123384 0.108071 -0.356440 -0.043828 0.028699 -0.136710 0.018647 -0.217294 0.292383 -0.231083 0.183764 0.294644 -0.375621 0.230244 -0.397576 -0.180639 -0.035777 0.000562 -0.047736 -0.251198 -0.334501 -0.349815 -0.331653 -0.299035 0.295160 0.194819 -0.252217 -0.148258 -0.152733 -0.375411 -0.145596 0.008097
0.166122 0.220301 0.289315 0.003306 0.496911 -0.101842 0.163040 0.129168 1.000000 0.523093 0.229069 0.017715 0.276472 0.250745 0.654175 0.403871 -0.137931 -0.121881 0.165092 0.076972 0.085362 0.006742 0.028093 0.045033 -0.167735 -0.253600 0.059420 -0.320644 0.094545 0.128176 -0.089053 -0.145245 0.190686 0.150751 -0.198010 -0.068717 -0.118025 0.082863 -0.216762 0.051803 -0.095875 -0.040726 -0.079772 0.040694 -0.217376 -0.128873 -0.109006 0.024351 -0.083774 0.042668 -0.145699 0.006930 0.045792 -0.004810 -0.118168 0.021219 0.099332 0.150464 0.198495 0.076804 0.323275 0.281952 -0.092150 0.086122 -0.083296 -0.189799 -0.142224 -0.177424 -0.083403 0.090339 -0.007066 -0.098009 0.023257 -0.009262 -0.001051 -0.088350 -0.228340 -0.031507 0.071659 -0.107342 0.103491 0.154137 0.263862 0.191297 0.124342 0.216910 0.036808 -0.275459 0.235421 -0.092078 -0.118215 -0.046073 0.011482 -0.097493 -0.161281 -0.120109 -0.078668 -0.134974 0.044929 -0.154820 -0.141747 -0.209773 -0.156531 -0.234507 -0.150290 -0.213987 -0.035420 -0.256985 -0.097444 -0.032350 -0.154033 -0.101192 -0.281880 -0.288991 -0.247568 -0.247539
-0.055778 0.220191 -0.126291 0.124567 0.459434 0.197065 0.035367 0.536846 0.523093 1.000000 -0.247971 0.210086 -0.128721 0.304359 0.139451 0.611053 -0.118423 0.045278 0.148418 0.096690 0.159770 0.099513 -0.313498 -0.044892 -0.078287 -0.116647 0.057755 -0.296633 -0.015038 0.389245 0.151427 0.022756 0.251869 0.459231 -0.265535 0.090339 -0.049602 0.188571 -0.118025 0.286557 0.144569 0.201693 -0.026944 -0.016730 -0.010619 0.009733 -0.224101 -0.011570 -0.006267 -0.018036 -0.155902 -0.056348 0.061058 0.069159 -0.317820 0.073988 0.062153 0.068395 -0.254002 -0.006965 0.134494 0.519890 -0.119509 0.172712 -0.079702 0.196917 -0.080364 0.106182 0.024575 0.223595 -0.001890 -0.189395 0.062659 0.230236 0.085404 -0.220341 -0.029654 0.266863 0.197763 0.051097 0.170943 0.270042 -0.001953 0.302387 -0.023600 0.393677 -0.117140 -0.169209 -0.003504 -0.205367 -0.213189 -0.440364 0.002695 -0.338913 -0.020220 0.115740 -0.273963 0.040758 -0.150880 -0.237903 -0.074470 -0.214173 -0.219044 -0.454168 -0.393849 -0.440193 -0.254596 -0.448666 0.042195 0.146065 -0.304218 -0.179043 -0.314144 -0.520402 -0.396232 -0.212039
0.687478 0.328783 0.327771 -0.133820 0.052976 -0.424704 0.327746 -0.281792 0.229069 -0.247971 1.000000 0.262423 0.800928 0.302620 0.496801 -0.034677 0.379925 -0.039424 0.274546 0.493339 -0.101195 -0.222285 0.297551 0.070551 -0.153971 -0.433792 -0.139437 -0.143154 0.501321 0.061708 -0.002815 -0.018629 -0.023477 -0.036170 -0.144768 -0.059275 -0.304442 -0.417337 -0.436583 -0.619542 -0.276929 -0.471425 -0.151982 -0.060755 0.145197 0.185031 -0.261275 -0.372757 -0.042023 0.334250 -0.011941 0.055924 -0.005415 -0.136696 0.069614 -0.410450 0.329420 0.271181 0.372307 0.106967 0.336577 0.127861 0.341389 0.286018 0.096475 -0.140635 -0.006356 -0.246258 0.162039 0.066003 -0.037509 0.041455 0.265092 -0.149081 0.047048 0.205277 -0.161817 -0.462387 0.172127 0.110107 0.202491 0.158036 0.475997 0.015943 0.597481 -0.014731 0.353104 -0.330518 0.212403 -0.063005 -0.293715 0.069674 -0.297905 -0.078918 -0.489307 -0.539282 -0.190367 -0.508551 0.072362 -0.042307 -0.280975 -0.095443 -0.236395 0.078350 -0.106106 -0.036723 -0.066530 0.230270 -0.437769 -0.455748 -0.260276 -0.016229 -0.087779 0.022045 -0.071316 -0.280844
0.210894 0.352197 0.168382 0.494995 0.042024 -0.061367 0.490420 0.464661 0.017715 0.210086 0.262423 1.000000 0.045806 0.447294 0.058026 0.435775 0.051170 0.036155 0.306378 0.543081 -0.121488 -0.207325 0.084362 0.335554 -0.071660 -0.153230 -0.185133 -0.181796 0.229696 0.195096 0.146893 0.251290 0.228854 0.438508 -0.136436 0.013840 -0.195140 -0.216423 -0.229111 -0.212884 -0.291259 -0.146947 -0.158348 -0.272346 -0.003686 -0.116328 -0.307969 -0.420880 -0.326976 -0.142037 -0.088444 -0.279766 -0.184905 -0.294676 -0.389222 -0.481051 -0.200607 -0.199723 -0.250931 -0.243704 0.004929 0.303310 0.152124 0.196650 0.320694 0.418484 -0.281887 -0.004232 0.145388 0.054592 -0.002707 -0.191525 0.094055 0.156651 0.138848 0.089971 0.006871 -0.019330 0.026286 -0.013230 0.145702 0.131061 0.146945 0.214656 0.361979 0.254845 0.093596 0.143044 0.028223 -0.111934 -0.262400 -0.258247 0.007979 -0.293664 -0.242323 -0.132794 -0.535852 -0.231112 -0.397338 -0.254422 -0.105597 0.054104 -0.159980 -0.137391 -0.341302 -0.250896 -0.296306 -0.026290 -0.100981 -0.154045 -0.398257 -0.180138 -0.103611 -0.225333 -0.152428 -0.166241
0.646991 0.277344 0.283057 -0.386263 0.011073 -0.463810 0.265665 -0.243488 0.276472 -0.128721 0.800928 0.045806 1.000000 0.471612 0.472240 -0.028714 0.360377 0.065968 0.247916 0.365707 -0.181279 -0.198444 0.026928 -0.280804 -0.277497 -0.553749 -0.167911 -0.217005 0.530724 0.113547 -0.110327 -0.222639 0.031230 -0.124771 -0.192314 -0.068230 -0.218690 -0.316232 -0.455095 -0.555075 -0.212676 -0.459669 -0.008407 0.141765 0.200678 0.332979 -0.089184 -0.186561 0.254381 0.609331 -0.000879 0.315378 0.270544 0.073333 0.205494 -0.242992 0.491898 0.382015 0.242091 0.207263 0.367317 0.235980 0.359228 0.339504 -0.183714 -0.224134 0.103866 -0.284037 0.259028 0.126253 -0.028752 -0.060821 0.428987 -0.073115 0.191787 0.077779 -0.111886 -0.356241 0.240078 0.188938 0.194378 0.242363 0.296009 -0.148807 0.419393 -0.034463 0.191193 -0.517540 0.098149 -0.127881 -0.307672 -0.030365 -0.366094 -0.158398 -0.436853 -0.499703 -0.057824 -0.424771 0.203203 0.048931 -0.327474 -0.161216 -0.261690 -0.012599 -0.169140 -0.198820 -0.106518 0.031342 -0.414448 -0.400721 -0.216018 0.029190 -0.121759 0.031497 -0.161701 -0.289770
0.463934 0.564526 0.171458 -0.061335 0.049803 -0.316312 0.408055 0.411222 0.250745 0.304359 0.302620 0.447294 0.471612 1.000000 0.200389 0.441056 0.009017 0.112213 0.238394 0.501141 -0.091566 -0.211711 -0.386776 -0.280062 -0.501849 -0.590831 -0.255194 -0.391772 0.324832 0.317582 0.042783 -0.123131 0.380715 0.324309 -0.370223 -0.016283 -0.076059 -0.031478 -0.259613 -0.049947 0.023933 0.012801 -0.321394 -0.183427 -0.139818 -0.016729 -0.224157 -0.212292 0.188369 0.281464 -0.406098 -0.054896 0.405820 0.015816 -0.117495 -0.239767 0.192160 0.038615 -0.112970 0.195890 0.503095 0.719157 0.405799 0.408885 -0.296252 -0.084248 0.018776 -0.201875 0.295236 0.270421 -0.085574 -0.117253 0.350742 0.207261 0.266397 -0.008266 -0.001471 0.018728 0.061492 -0.027636 0.221366 0.211364 0.194067 0.197935 0.258571 0.192275 0.029617 -0.287839 -0.083329 -0.235082 -0.264369 -0.335392 -0.182353 -0.380580 -0.184719 -0.029675 -0.364315 -0.094537 -0.125534 -0.155129 -0.192773 -0.082316 -0.167270 -0.383419 -0.503286 -0.520003 -0.346951 -0.397783 -0.019189 0.035710 -0.564826 -0.115886 -0.192966 -0.374481 -0.264800 -0.240693
0.291765 0.283284 0.242901 -0.032870 0.187156 -0.147130 0.107969 -0.232383 0.654175 0.139451 0.496801 0.058026 0.472240 0.200389 1.000000 0.381767 0.078244 0.044796 0.341923 0.170049 0.068777 0.098699 0.300083 0.096699 -0.071118 -0.255257 0.108706 -0.011842 0.368334 0.214163 -0.120609 -0.097954 0.081560 -0.044813 -0.042908 0.193274 -0.016946 0.178278 -0.299709 -0.135335 -0.034288 -0.132588 -0.006957 0.213267 -0.027737 -0.127778 -0.076374 -0.024766 -0.127048 0.124806 -0.021176 0.107225 0.057503 -0.167710 0.102072 -0.102878 0.116390 0.223766 0.225259 0.075246 0.292099 0.127380 0.181919 0.222611 0.099259 -0.175666 -0.122640 -0.262282 0.169117 0.187539 -0.104550 -0.072451 0.210119 -0.175572 0.096394 0.118488 -0.320425 -0.037707 0.072313 -0.078534 0.138230 0.190695 0.676357 0.341099 0.502062 0.314392 0.409518 -0.137268 0.437444 0.043247 -0.392600 -0.193903 -0.152614 -0.198458 -0.454632 -0.367882 -0.090490 -0.423934 -0.062594 -0.305528 -0.202737 -0.284340 -0.196512 -0.153850 -0.207382 -0.275196 -0.127650 -0.205102 -0.367407 -0.086799 -0.236590 -0.171256 -0.370194 -0.263344 -0.413166 -0.408609
0.070635 0.364016 0.004203 0.305675 0.213976 0.164648 0.028091 0.328361 0.403871 0.611053 -0.034677 0.435775 -0.028714 0.441056 0.381767 1.000000 -0.098361 0.090841 0.363998 0.188701 0.000734 0.127807 -0.192808 -0.032421 -0.064867 -0.106371 0.065724 -0.022800 0.106950 0.293374 -0.172765 -0.109625 0.188704 0.208800 -0.121847 0.224312 0.006781 0.268418 -0.024701 0.148670 0.023390 0.122789 -0.101246 -0.069244 -0.061461 -0.173742 -0.282316 -0.148817 -0.076638 -0.064336 -0.084507 0.003692 0.020690 -0.145228 -0.061772 -0.017685 -0.149062 -0.114658 -0.083152 0.108755 0.146779 0.416312 0.108797 0.194494 0.099539 0.217089 -0.085427 -0.024981 0.240975 0.195216 -0.211629 -0.294237 0.087446 0.088682 0.101388 0.008932 -0.143571 0.229237 0.012222 0.011852 0.189906 0.261827 0.257933 0.390717 0.211992 0.448760 0.293509 0.024239 0.141935 -0.008199 -0.338009 -0.432745 0.135669 -0.192614 -0.283410 -0.139679 -0.235785 -0.231191 -0.276095 -0.407241 0.051711 -0.035346 0.025167 -0.206359 -0.262769 -0.379632 -0.226700 -0.325961 -0.181366 0.003880 -0.396848 -0.292539 -0.411676 -0.355104 -0.465836 -0.410132
0.200638 -0.081023 -0.313519 -0.334068 -0.028254 -0.210698 -0.083014 -0.365057 -0.137931 -0.118423 0.379925 0.051170 0.360377 0.009017 0.078244 -0.098361 1.000000 0.653893 0.083367 0.225626 -0.260018 -0.394914 0.036477 -0.071653 -0.085877 -0.270100 -0.057597 -0.070738 0.572714 0.270219 0.013029 0.122445 -0.001054 -0.096407 0.172721 0.058745 0.027464 -0.241383 -0.172946 -0.360047 0.055414 -0.248817 -0.124400 -0.097959 0.649672 0.494652 -0.077236 -0.391648 0.083899 0.409845 0.104965 0.303409 -0.182685 0.098294 -0.034089 -0.100832 0.321251 0.278073 -0.092672 -0.127397 -0.175413 -0.121690 0.363495 0.424960 0.070219 0.050620 -0.028008 -0.220420 -0.044402 -0.081303 -0.116951 -0.256519 0.450459 0.105720 0.162607 -0.017742 0.239432 -0.187770 0.569340 0.672321 0.433027 0.451452 0.088493 -0.054064 0.206081 0.022093 0.096370 -0.220912 -0.080276 -0.128872 -0.343723 -0.212753 -0.570936 -0.346050 -0.202558 -0.251106 -0.177680 -0.184060 0.095349 0.049947 -0.233776 -0.146557 -0.316045 -0.044492 -0.101710 -0.008815 -0.090208 0.210401 -0.192587 -0.334798 -0.210071 -0.126407 0.043416 0.004370 0.105988 -0.039983
-0.055913 0.039772 -0.418235 -0.299400 -0.033207 -0.095421 -0.296283 -0.210536 -0.121881 0.045278 -0.039424 0.036155 0.065968 0.112213 0.044796 0.090841 0.653893 1.000000 0.036839 0.192510 -0.287546 -0.285027 -0.257374 -0.299427 -0.159556 -0.165560 0.032763 0.093070 0.364482 0.434209 -0.030245 0.016932 0.104552 -0.070303 0.191057 0.211487 0.082695 0.210916 0.064279 0.107918 0.294415 0.110209 -0.114183 0.012898 0.523131 0.287555 -0.031701 -0.236060 0.156548 0.241715 -0.023988 0.239285 -0.017195 0.026979 -0.012694 0.125588 0.120440 0.158761 -0.225937 0.001470 -0.170088 -0.031357 0.350130 0.565010 -0.061778 0.091864 -0.001776 -0.182677 -0.060800 0.002232 -0.306088 -0.415228 0.398657 0.164173 0.244840 -0.015329 0.288800 0.234932 0.378509 0.494917 0.234348 0.427860 -0.044245 0.209312 -0.102890 0.068228 -0.012470 -0.044051 -0.179952 -0.194271 -0.387276 -0.431981 -0.297965 -0.233370 0.003481 0.018106 -0.100238 0.032476 -0.010552 -0.054194 0.057652 0.109744 -0.131057 -0.138770 -0.244426 -0.228763 -0.104426 -0.133509 -0.014891 0.021026 -0.221612 -0.185859 0.014225 -0.080853 -0.077967 -0.042058
0.330454 0.352374 0.103753 0.250695 -0.060423 -0.128189 0.185017 0.045235 0.165092 0.148418 0.274546 0.306378 0.247916 0.238394 0.341923 0.363998 0.083367 0.036839 1.000000 0.569828 0.053208 0.232166 0.200241 0.157317 -0.067489 -0.164302 -0.085916 0.017694 0.326934 0.303126 -0.134853 0.004760 0.139304 0.060651 -0.230039 0.147009 -0.166236 0.145998 -0.235899 -0.233490 -0.164485 -0.148263 0.041005 0.059546 -0.110661 -0.104341 -0.275640 -0.162378 -0.218244 -0.008152 -0.035641 0.006819 -0.040993 -0.153197 -0.145984 -0.230566 -0.033573 0.062320 0.017170 0.090432 0.140700 0.161528 0.185494 0.144293 0.070933 0.015032 -0.040822 -0.130411 0.338007 0.218543 -0.234268 -0.234144 0.190446 0.077396 0.131547 0.087516 -0.279565 -0.050432 0.205436 0.026444 0.187536 0.202934 0.503101 0.225404 0.401740 0.315146 0.368522 -0.021330 0.142990 0.010387 -0.278674 -0.100466 0.084535 -0.137257 -0.452644 -0.272689 -0.283031 -0.453445 -0.075508 -0.180027 -0.020154 0.003194 -0.056827 -0.135441 -0.275944 -0.311355 -0.241133 -0.135045 -0.325169 -0.086837 -0.329449 -0.231419 -0.156605 -0.075864 -0.353806 -0.334107
0.542712 0.574715 0.048869 0.133549 0.011732 -0.321524 0.321892 0.113434 0.076972 0.096690 0.493339 0.543081 0.365707 0.501141 0.170049 0.188701 0.225626 0.192510 0.569828 1.000000 -0.004727 -0.128040 -0.044222 0.066470 -0.293756 -0.466619 -0.220104 -0.276724 0.465069 0.396347 0.181172 0.153926 0.243361 0.407148 -0.393035 -0.027258 -0.222715 -0.148977 -0.239681 -0.335167 -0.095123 -0.173951 -0.355743 -0.307463 0.063397 0.124665 -0.372027 -0.504104 -0.209817 0.024337 -0.347165 -0.300917 -0.069092 -0.224021 -0.240727 -0.506826 0.165748 0.168701 0.036493 0.141183 0.249572 0.358260 0.447161 0.512620 -0.023012 -0.047062 -0.088504 -0.103701 0.264491 0.206677 -0.141503 -0.145837 0.380152 0.164940 0.261806 0.236325 -0.143468 -0.204058 0.261972 0.106178 0.363602 0.336111 0.353315 0.318934 0.390305 0.135994 0.233700 -0.158549 -0.084635 -0.244481 -0.339444 -0.166608 -0.228629 -0.255278 -0.350685 -0.249896 -0.441349 -0.389937 -0.053878 -0.078848 -0.093460 0.001408 -0.281918 -0.222859 -0.404198 -0.266360 -0.229373 0.008887 -0.238103 -0.181761 -0.464071 -0.101337 0.041725 -0.196330 -0.144561 -0.169373
0.011210 0.097188 -0.225375 -0.098404 0.138633 0.231944 -0.242750 -0.028082 0.085362 0.159770 -0.101195 -0.121488 -0.181279 -0.091566 0.068777 0.000734 -0.260018 -0.287546 0.053208 -0.004727 1.000000 0.616355 -0.145347 -0.082597 0.063304 -0.045461 0.341574 0.065126 -0.202542 0.010862 0.152024 -0.127261 0.193189 0.150488 -0.290032 -0.096480 0.023889 0.263209 -0.093003 0.270786 0.287504 0.330849 -0.154530 -0.001980 -0.249710 -0.090806 0.013393 0.195359 -0.013770 -0.205001 -0.354400 -0.188936 0.141255 0.031622 0.075326 0.137668 0.111401 0.078821 0.085912 0.119251 0.120884 0.132769 -0.132778 -0.130089 -0.271460 -0.252173 0.165348 0.122001 0.036297 0.267696 0.100442 0.381432 -0.065120 0.071029 -0.049432 0.079800 -0.184800 0.087051 -0.155055 -0.310331 -0.079608 -0.192869 0.159518 0.185797 0.102155 0.197276 0.135477 0.166335 0.139197 0.269303 0.029898 0.036428 0.036680 0.065017 -0.069952 0.162204 -0.056722 0.038722 0.011175 -0.047289 0.020032 -0.206707 -0.053237 -0.177306 -0.092729 0.028800 0.049776 -0.170911 0.022647 0.382665 -0.072806 0.003530 0.134290 -0.113633 -0.055690 0.108409
-0.086491 0.113419 -0.151844 0.043197 0.060164 0.391922 -0.379232 -0.100405 0.006742 0.099513 -0.222285 -0.207325 -0.198444 -0.211711 0.098699 0.127807 -0.394914 -0.285027 0.232166 -0.128040 0.616355 1.000000 0.000663 0.034849 0.182095 0.249808 0.313842 0.415692 -0.199785 0.055605 -0.070072 -0.155719 -0.017244 -0.046421 -0.182299 0.228248 -0.109274 0.433739 -0.126256 0.201481 0.174026 0.289989 0.153454 0.287807 -0.239935 -0.110520 -0.120403 0.322623 -0.020542 -0.191166 -0.124641 -0.005008 0.098380 -0.280194 0.056273 0.001974 0.005016 0.082935 0.045808 0.243441 0.071784 0.041802 -0.169448 -0.173922 -0.216215 -0.120315 0.263603 0.337333 0.177108 0.260573 0.040830 0.341668 -0.131753 0.001622 -0.142910 0.179490 -0.278485 0.196549 -0.107955 -0.286635 -0.012870 -0.034141 0.227397 0.246198 0.119463 0.324676 0.328471 0.224502 0.092992 0.255398 0.100780 0.083085 0.291821 0.158566 -0.270640 -0.098970 0.018734 -0.245768 0.008140 -0.166303 0.015300 -0.118937 0.107330 -0.024522 0.053951 -0.041108 0.105063 -0.230717 -0.274412 0.261634 0.071843 -0.102192 -0.014965 -0.049600 -0.369095 -0.196633
-0.000370 -0.136539 0.405386 0.461461 -0.150436 0.004751 0.296917 -0.173735 0.028093 -0.313498 0.297551 0.084362 0.026928 -0.386776 0.300083 -0.192808 0.036477 -0.257374 0.200241 -0.044222 -0.145347 0.000663 1.000000 0.753628 0.356453 0.376002 -0.008425 0.207241 0.057711 -0.209441 0.000782 0.347939 -0.144798 -0.123371 0.226043 0.091306 -0.191312 -0.263026 -0.111580 -0.338757 -0.389227 -0.235119 0.101786 -0.072419 -0.135722 -0.286748 -0.169388 -0.212811 -0.539042 -0.234932 0.348883 -0.189154 -0.260925 -0.202806 -0.096710 -0.270646 -0.190928 -0.032719 0.113033 -0.274765 -0.181474 -0.364815 -0.009150 -0.168485 0.580449 0.155109 -0.391519 -0.118833 -0.058666 -0.131002 0.096889 0.015282 -0.208904 -0.136550 -0.121448 0.200192 -0.175341 -0.263601 -0.062550 -0.170350 0.023811 -0.070758 0.378755 -0.034421 0.294609 -0.106351 0.187286 0.139002 0.432951 0.188914 0.059540 0.235416 0.098577 0.005154 -0.235680 -0.249893 -0.086501 -0.276572 -0.008547 -0.063732 -0.202249 -0.117518 -0.112122 0.191650 0.143535 0.160456 -0.007669 0.263820 -0.187029 -0.258352 0.022235 -0.020414 -0.104041 0.127353 0.029691 -0.077621
-0.121233 -0.040009 0.274802 0.618335 0.086247 0.141623 0.331529 0.132677 0.045033 -0.044892 0.070551 0.335554 -0.280804 -0.280062 0.096699 -0.032421 -0.071653 -0.299427 0.157317 0.066470 -0.082597 0.034849 0.753628 1.000000 0.261585 0.388298 -0.064420 0.040647 0.101860 -0.064189 0.132119 0.475608 0.001170 0.240306 0.045680 0.141485 -0.205453 -0.213434 -0.172113 -0.203291 -0.357660 -0.099113 0.009244 -0.229911 -0.146334 -0.229425 -0.263587 -0.147919 -0.639209 -0.366244 0.183657 -0.347405 -0.336289 -0.384093 -0.417223 -0.366438 -0.280432 -0.102153 -0.029830 -0.317811 -0.152009 -0.157694 -0.071414 -0.136546 0.526303 0.244017 -0.355269 0.173460 -0.157051 -0.123852 0.124358 0.024757 -0.193612 -0.019896 -0.168233 0.136592 -0.168582 -0.136582 0.055617 -0.093801 0.157752 0.039282 0.269043 0.134928 0.228998 0.126698 0.095902 0.308573 0.138375 0.017754 0.129518 0.178006 0.206606 -0.051045 -0.201226 -0.184261 -0.315008 -0.235063 -0.274070 -0.245487 -0.238979 -0.116044 -0.166213 0.073350 0.021522 0.054952 -0.144308 0.128358 -0.146133 -0.216978 -0.054826 -0.134549 -0.161224 -0.127291 -0.067720 -0.163870
-0.242832 -0.181579 0.069593 0.242907 0.158667 0.410555 -0.079757 -0.183520 -0.167735 -0.078287 -0.153971 -0.071660 -0.277497 -0.501849 -0.071118 -0.064867 -0.085877 -0.159556 -0.067489 -0.293756 0.063304 0.182095 0.356453 0.261585 1.000000 0.739661 0.394123 0.501461 -0.278709 -0.192181 0.128270 0.317283 -0.095985 0.020595 0.379348 0.173373 -0.149563 -0.100873 0.197089 -0.029359 -0.054986 -0.041590 0.058048 0.021814 0.143578 -0.023583 -0.140829 -0.126776 -0.189700 -0.209955 0.423363 -0.038728 -0.241656 -0.147169 0.147939 0.004846 -0.095299 0.028192 0.194924 -0.177479 -0.277390 -0.411775 -0.342044 -0.295754 0.428821 0.288235 -0.054715 0.244322 -0.168119 -0.147780 0.162971 -0.033971 -0.240849 -0.172640 -0.223792 0.144284 -0.092098 -0.074710 -0.169704 -0.067537 -0.225139 -0.174804 -0.124461 -0.093402 -0.003560 -0.028445 0.136907 0.282175 0.335087 0.412434 0.014692 0.043370 0.099854 0.141956 -0.109388 -0.149196 0.048231 -0.135531 -0.083317 -0.157420 -0.023944 -0.055011 0.018721 0.249518 0.211772 0.210855 0.209698 0.204111 -0.175110 -0.173414 0.087437 -0.253602 0.043091 0.140289 -0.014657 0.031633
-0.489045 -0.287941 0.054606 0.429659 -0.030780 0.601350 -0.214588 -0.015183 -0.253600 -0.116647 -0.433792 -0.153230 -0.553749 -0.590831 -0.255257 -0.106371 -0.270100 -0.165560 -0.164302 -0.466619 -0.045461 0.249808 0.376002 0.388298 0.739661 1.000000 0.229215 0.575518 -0.443556 -0.259190 -0.030993 0.349902 -0.169964 -0.024179 0.408466 0.240977 -0.053963 0.085157 0.349678 0.133867 -0.112392 0.141719 0.231481 0.128687 -0.047376 -0.218531 0.002747 0.085193 -0.294624 -0.337195 0.526975 -0.036785 -0.356277 -0.203767 0.004567 0.083589 -0.334475 -0.122968 -0.010500 -0.281070 -0.457911 -0.526871 -0.517062 -0.433004 0.416055 0.381328 -0.154050 0.303901 -0.103849 -0.109443 0.219649 -0.022843 -0.369126 -0.044234 -0.174922 0.083256 0.148332 0.167109 -0.145252 -0.092843 -0.277465 -0.181649 -0.237766 -0.169035 -0.249253 -0.100122 0.036285 0.433619 0.174349 0.226238 0.101009 -0.000094 0.295315 0.175041 0.110995 0.041144 0.174676 0.054851 -0.143670 -0.082146 0.036634 0.014858 0.053241 0.260866 0.239886 0.204600 0.141248 0.160479 -0.004827 -0.019248 0.362989 -0.144290 0.038444 0.161252 0.005425 0.093474
-0.132367 0.085981 -0.291674 -0.074984 0.276818 0.443716 -0.383463 -0.235322 0.059420 0.057755 -0.139437 -0.185133 -0.167911 -0.255194 0.108706 0.065724 -0.057597 0.032763 -0.085916 -0.220104 0.341574 0.313842 -0.008425 -0.064420 0.394123 0.229215 1.000000 0.602343 -0.213032 -0.177805 0.001619 -0.054741 0.042479 -0.142160 0.229402 -0.049104 -0.093772 0.073252 0.178840 0.315277 0.210399 0.204042 -0.212201 -0.032375 -0.039329 -0.057330 -0.137060 -0.028691 -0.185482 -0.050944 -0.153965 -0.176126 -0.073673 -0.038515 0.202533 0.159598 0.198417 0.260943 0.199672 0.115907 0.045895 -0.010530 -0.093055 -0.016085 -0.032848 -0.075962 0.014049 -0.086501 0.050405 0.148198 -0.068445 0.174003 -0.200959 -0.201748 -0.220490 0.182456 -0.128355 0.122639 -0.075583 -0.199327 -0.216268 -0.180353 0.061890 0.123661 -0.124478 -0.073879 0.079535 0.223805 0.269799 0.411964 -0.036904 -0.036430 -0.036813 0.064375 0.137854 0.130405 0.037615 0.142096 0.000540 -0.020908 0.148554 -0.001291 0.062983 -0.051817 0.189402 0.126907 0.231514 -0.103868 0.125483 0.166018 0.001585 -0.078045 -0.003732 -0.022920 -0.004544 0.189187
-0.285294 -0.105070 -0.131822 0.114201 -0.031655 0.476392 -0.373840 -0.381903 -0.320644 -0.296633 -0.143154 -0.181796 -0.217005 -0.391772 -0.011842 -0.022800 -0.070738 0.093070 0.017694 -0.276724 0.065126 0.415692 0.207241 0.040647 0.501461 0.575518 0.602343 1.000000 -0.138068 -0.138880 -0.128327 0.053907 -0.195780 -0.333741 0.383287 0.290747 -0.070668 0.176443 0.186349 0.077978 0.005226 0.069475 0.134537 0.207371 0.047767 -0.083861 -0.096504 0.036526 -0.094272 -0.100461 0.257798 0.051350 -0.146971 -0.349799 0.322000 0.039992 -0.158307 -0.028684 0.105482 0.051092 -0.270268 -0.401560 -0.098561 -0.165429 0.215270 0.120503 0.048601 0.132437 0.094839 -0.050673 -0.154607 0.092280 -0.129298 -0.220176 -0.182037 0.246005 -0.014820 0.124758 -0.131267 -0.079324 -0.184065 -0.073955 0.076051 0.074050 0.012019 0.003675 0.287422 0.328659 0.206076 0.350424 -0.020467 0.003705 0.144981 0.190417 -0.078841 -0.103908 0.158776 -0.134782 -0.082338 -0.110566 0.169428 0.166614 0.183444 0.223384 0.251794 0.207301 0.240079 0.112062 -0.177517 0.030203 0.182603 -0.140302 0.035714 0.193115 -0.071835 0.005932
0.291207 0.194743 -0.165741 -0.244904 0.105537 -0.408292 0.111923 -0.283136 0.094545 -0.015038 0.501321 0.229696 0.530724 0.324832 0.368334 0.106950 0.572714 0.364482 0.326934 0.465069 -0.202542 -0.199785 0.057711 0.101860 -0.278709 -0.443556 -0.213032 -0.138068 1.000000 0.522485 0.083669 0.147526 0.102953 0.034065 -0.292197 0.061046 0.002795 -0.133947 -0.370613 -0.510529 -0.062090 -0.304743 0.011979 -0.005693 0.332254 0.425057 -0.112417 -0.196939 -0.041733 0.417630 -0.106000 0.196486 0.034547 -0.275627 -0.078245 -0.335796 0.199163 0.195180 -0.025776 0.107370 0.141650 0.157649 0.584663 0.550081 -0.121936 -0.111127 0.017077 -0.119475 0.121572 -0.063718 -0.049497 -0.150083 0.796059 0.099938 0.295925 0.071715 -0.015966 -0.190729 0.488452 0.414737 0.567534 0.594649 0.468450 0.248643 0.497163 0.331426 0.257636 -0.292691 -0.273120 -0.259623 -0.375784 -0.192429 -0.443418 -0.316527 -0.505808 -0.523377 -0.308247 -0.540002 -0.062986 -0.204091 -0.262698 -0.172672 -0.278647 -0.057873 -0.222454 -0.203862 -0.110650 0.035600 -0.489906 -0.438670 -0.304525 -0.097519 -0.231831 -0.137639 -0.238619 -0.465638
0.185912 0.357880 -0.297100 -0.110317 0.079092 -0.129843 -0.028727 0.051894 0.128176 0.389245 0.061708 0.195096 0.113547 0.317582 0.214163 0.293374 0.270219 0.434209 0.303126 0.396347 0.010862 0.055605 -0.209441 -0.064189 -0.192181 -0.259190 -0.177805 -0.138880 0.522485 1.000000 0.142609 0.074327 0.313765 0.341114 -0.221566 0.242171 0.137947 0.377063 -0.211282 0.115039 0.280396 0.264678 0.024815 0.179768 0.133968 0.108766 -0.271925 -0.177208 -0.038110 0.086556 -0.259272 0.034376 0.013550 -0.130738 -0.362817 -0.124825 0.077237 0.159659 -0.189493 0.028068 0.156295 0.346800 0.223690 0.465312 -0.259311 -0.069163 -0.021411 -0.094043 0.070984 0.263336 -0.163469 -0.134141 0.623919 0.410868 0.396194 0.055843 0.176423 0.372007 0.363999 0.312564 0.379354 0.507533 0.282408 0.508659 0.288606 0.480996 0.203066 -0.198956 -0.246044 -0.290884 -0.463234 -0.452172 -0.295732 -0.441348 -0.284054 -0.039813 -0.455343 -0.209763 -0.234541 -0.259786 -0.136743 -0.149186 -0.381924 -0.439325 -0.600115 -0.528304 -0.376643 -0.383600 -0.148317 0.119689 -0.427704 -0.313384 -0.193488 -0.428347 -0.371761 -0.276206
0.062624 0.044603 -0.024479 -0.017910 0.220534 -0.033884 0.288002 0.226139 -0.089053 0.151427 -0.002815 0.146893 -0.110327 0.042783 -0.120609 -0.172765 0.013029 -0.030245 -0.134853 0.181172 0.152024 -0.070072 0.000782 0.132119 0.128270 -0.030993 0.001619 -0.128327 0.083669 0.142609 1.000000 0.673799 0.152153 0.463612 -0.135872 0.022672 -0.008785 -0.210964 -0.105659 -0.006553 0.088725 0.020879 -0.169982 -0.212110 0.022321 0.110549 -0.169423 -0.160156 -0.096117 -0.139387 -0.201687 -0.321060 -0.044790 -0.093038 -0.232343 -0.200473 0.062464 -0.009198 -0.097863 -0.087075 0.050329 0.175038 0.088878 0.114211 -0.010383 0.073487 -0.052882 0.143318 -0.079442 -0.008570 0.361991 0.250392 0.098520 0.086580 0.097722 -0.005175 0.030375 -0.102618 0.064769 0.017457 0.074326 0.114901 -0.041268 0.186146 0.021813 0.008950 -0.110108 0.090355 -0.163107 -0.068028 -0.177716 -0.159822 -0.170772 -0.162498 0.005522 0.008804 -0.270731 0.015253 -0.249696 -0.161900 -0.058906 -0.059497 -0.166503 -0.094873 -0.151709 -0.078217 0.084225 -0.006875 0.040831 -0.036236 -0.194209 -0.085790 -0.023452 -0.262802 -0.025945 -0.006689
-0.116543 -0.121874 0.035176 0.345217 0.082532 0.210268 0.302753 0.153192 -0.145245 0.022756 -0.018629 0.251290 -0.222639 -0.123131 -0.097954 -0.109625 0.122445 0.016932 0.004760 0.153926 -0.127261 -0.155719 0.347939 0.475608 0.317283 0.349902 -0.054741 0.053907 0.147526 0.074327 0.673799 1.000000 0.070668 0.411267 0.099839 0.095354 0.019131 -0.274962 0.049651 -0.236802 -0.143586 -0.122215 -0.115590 -0.280518 0.078726 -0.006699 -0.136577 -0.307915 -0.418189 -0.251442 0.068633 -0.309150 -0.426800 -0.247937 -0.276263 -0.341889 -0.188484 -0.133300 -0.183571 -0.334233 -0.217965 -0.149977 0.007422 -0.008065 0.317067 0.309200 -0.216907 0.157701 -0.034470 -0.227893 0.371146 0.026641 0.058008 0.127924 0.087808 0.079291 0.152233 -0.115758 0.180082 0.159251 0.191408 0.202507 -0.000155 0.076775 0.037256 -0.051856 -0.013061 0.158584 -0.101220 -0.174697 -0.217841 -0.207593 -0.188203 -0.282353 -0.106825 -0.093970 -0.219574 -0.109149 -0.272367 -0.148972 -0.144033 -0.066550 -0.283425 0.017074 -0.064142 0.082547 0.030827 0.269324 -0.042964 -0.178292 0.007733 -0.099338 -0.047717 -0.088096 0.152776 0.061069
0.271686 0.454244 -0.042803 -0.004489 0.090842 -0.029665 0.104123 0.198451 0.190686 0.251869 -0.023477 0.228854 0.031230 0.380715 0.081560 0.188704 -0.001054 0.104552 0.139304 0.243361 0.193189 -0.017244 -0.144798 0.001170 -0.095985 -0.169964 0.042479 -0.195780 0.102953 0.313765 0.152153 0.070668 1.000000 0.566624 -0.344308 -0.021628 0.062682 0.149726 0.084402 0.235684 0.277812 0.256865 -0.396238 -0.204087 -0.180100 -0.140167 -0.240469 -0.147814 -0.027406 -0.043777 -0.390465 -0.260969 0.112442 0.073589 -0.240101 -0.042237 0.194305 0.266262 0.001557 0.016019 0.332954 0.451569 0.041771 0.133731 -0.227422 -0.159579 0.013589 -0.071386 -0.036374 0.325128 0.099110 0.017063 0.277737 0.247527 0.346678 0.105549 -0.046148 0.104165 0.159676 0.005523 0.072301 0.089072 0.089338 0.227283 0.010966 0.100048 -0.000461 -0.023665 -0.119679 -0.256389 -0.352051 -0.294481 -0.235245 -0.297205 -0.075886 0.133891 -0.388338 0.038328 -0.115011 -0.097812 -0.155896 -0.255659 -0.364170 -0.360415 -0.392974 -0.299604 -0.090468 -0.291216 0.143568 0.189347 -0.397052 -0.244866 -0.015970 -0.150383 -0.107896 -0.035602
0.119660 0.308616 0.098598 0.291246 0.312835 0.088908 0.374711 0.492689 0.150751 0.459231 -0.036170 0.438508 -0.124771 0.324309 -0.044813 0.208800 -0.096407 -0.070303 0.060651 0.407148 0.150488 -0.046421 -0.123371 0.240306 0.020595 -0.024179 -0.142160 -0.333741 0.034065 0.341114 0.463612 0.411267 0.566624 1.000000 -0.237561 0.122161 0.069382 0.002563 -0.051580 0.132247 0.107442 0.178881 -0.365579 -0.289396 -0.093179 -0.032346 -0.320113 -0.231218 -0.247800 -0.255782 -0.338793 -0.479993 -0.159497 -0.177680 -0.445046 -0.281508 -0.033202 0.063278 -0.177397 -0.263998 0.208659 0.390968 -0.136356 0.105851 0.033536 0.222920 -0.079366 0.311773 -0.036859 0.193108 0.220981 -0.023709 0.142895 0.281291 0.183692 0.069396 0.077065 0.136316 0.183725 0.052146 0.147371 0.122034 -0.032493 0.232456 0.098174 0.232783 -0.048936 -0.039735 -0.107204 -0.403256 -0.318635 -0.361870 -0.152443 -0.427935 -0.023404 0.131412 -0.472076 0.034151 -0.380546 -0.236628 -0.150348 -0.218452 -0.452503 -0.400613 -0.550526 -0.394925 -0.269124 -0.234777 0.111136 0.102995 -0.301207 -0.242905 -0.095552 -0.427058 -0.165636 -0.047546
-0.415401 -0.438646 0.118124 0.140765 -0.127921 0.240623 -0.011915 -0.130634 -0.198010 -0.265535 -0.144768 -0.136436 -0.192314 -0.370223 -0.042908 -0.121847 0.172721 0.191057 -0.230039 -0.393035 -0.290032 -0.182299 0.226043 0.045680 0.379348 0.408466 0.229402 0.383287 -0.292197 -0.221566 -0.135872 0.099839 -0.344308 -0.237561 1.000000 0.444711 0.087013 -0.066258 0.201011 0.097101 -0.100030 -0.047399 0.145881 0.107985 0.260510 -0.032844 0.121318 -0.079936 -0.103524 -0.125895 0.438632 0.110136 -0.304046 0.117441 0.246189 0.222307 -0.267578 -0.216643 -0.110406 -0.402964 -0.416289 -0.474699 -0.239933 -0.221124 0.481537 0.359757 -0.039324 0.045733 -0.058213 -0.197402 -0.059309 -0.125236 -0.246754 -0.128964 -0.232154 0.011302 0.295895 0.175062 -0.133865 0.073527 -0.258664 -0.185407 -0.250667 -0.301855 -0.145143 -0.213933 0.011118 0.148542 0.301228 0.145348 -0.082748 -0.123442 -0.084422 -0.042070 0.226164 0.113759 0.251846 0.198203 -0.128854 -0.074565 0.027511 0.082010 0.002331 0.156191 0.193704 0.185814 0.073703 0.132884 0.149329 0.009666 0.230633 -0.100812 0.055316 0.077940 0.165128 0.202613
-0.200799 -0.037536 0.098399 0.153711 0.130306 0.226463 -0.018833 -0.008745 -0.068717 0.090339 -0.059275 0.013840 -0.068230 -0.016283 0.193274 0.224312 0.058745 0.211487 0.147009 -0.027258 -0.096480 0.228248 0.091306 0.141485 0.173373 0.240977 -0.049104 0.290747 0.061046 0.242171 0.022672 0.095354 -0.021628 0.122161 0.444711 1.000000 -0.050454 0.268728 -0.070363 0.028706 0.029263 0.103403 0.206374 0.231370 0.310250 0.164033 -0.197764 0.054075 -0.058941 -0.021794 0.270290 0.123506 -0.082191 -0.202680 0.104341 0.030128 -0.160599 -0.080145 -0.223531 -0.118919 -0.166833 -0.074455 -0.010082 0.064715 0.281244 0.234092 0.142675 0.434198 0.135492 0.081932 -0.085290 -0.114321 0.112473 0.014222 -0.077919 0.020535 0.000022 0.224086 0.206527 0.176559 0.143120 0.292646 0.194410 0.138374 0.235935 0.385959 0.351392 0.114304 0.073352 -0.115580 -0.331466 -0.340867 -0.056626 -0.154660 -0.306557 -0.267650 -0.023893 -0.296162 -0.212645 -0.420479 -0.296365 -0.211119 -0.265325 -0.043670 -0.201724 -0.262178 -0.121179 -0.203187 -0.358524 -0.065173 -0.064906 -0.265660 -0.229527 -0.325040 -0.505792 -0.426166
