1.000000 0.050960 -0.002015 0.002338 0.089078 0.044480 -0.038129 0.067276 0.096076 -0.073683 0.354848 0.329662 0.452452 0.397638 0.148926 0.015682 0.344636 -0.233503 0.217039 0.028859 -0.332675 -0.272239 -0.177273 -0.041368 -0.304146 -0.414496 -0.016199 -0.178739 -0.079377 -0.253447 -0.463439 -0.547672 -0.071918 -0.455303 -0.285399 -0.273404 -0.164234 -0.263211 -0.156501 -0.147666 -0.185667 -0.110511 -0.300702 -0.313640 -0.451755 -0.514035 -0.249046 -0.135893 0.223492 -0.341699 -0.107429 0.053232 0.419842 0.045786 -0.033713 0.147691 0.101821 -0.023263 0.489774 0.443109 0.546781 0.619361 0.133251 0.166896 -0.095136 -0.046214 0.173506 -0.248679 0.089900 0.078880 -0.062259 -0.222207 -0.079812 -0.091040 -0.008755 -0.051720 -0.120158 -0.237134 -0.299374 -0.362855 -0.158180 -0.245577 0.220664 -0.106355 -0.154358 -0.136575 -0.039111 0.001389 0.116803 0.337040 0.170926 0.135514 -0.072501 0.042705 -0.135293 -0.078802 -0.149546 0.037107 0.020165 0.248809 0.224985 0.150991 -0.030347 0.051088 0.115338 -0.026270 0.089765 0.285611 -0.065844 -0.069401 -0.219630 -0.184020 0.060661 -0.051731 0.040422 -0.014729
0.050960 1.000000 -0.246122 -0.409566 -0.029838 -0.240596 -0.283249 -0.497665 -0.011680 -0.340381 -0.026086 -0.113986 -0.016246 -0.207578 -0.007611 -0.355565 0.050119 0.429188 0.016408 0.221435 -0.144467 -0.294608 -0.314611 -0.405616 -0.120569 -0.223891 -0.057361 -0.259028 0.203836 0.299922 -0.266083 -0.315842 -0.005813 0.012875 0.097886 -0.080527 0.203579 0.239603 0.144778 0.067158 0.157525 0.385955 -0.171891 -0.176931 -0.028345 -0.044863 -0.084120 -0.133853 -0.014277 -0.162328 -0.193400 -0.092571 0.132820 -0.056072 0.150951 0.106873 -0.034489 0.734685 -0.032274 0.110993 0.304124 0.067673 0.490362 0.521706 -0.362264 -0.317638 -0.034872 -0.199606 0.022443 0.033853 -0.107450 -0.227824 0.322622 0.496057 0.317523 0.327358 0.148851 0.137986 0.053922 0.183640 0.303967 0.319129 -0.033142 0.125855 0.012568 0.028748 0.119010 0.313363 -0.047797 0.229808 0.030103 -0.078469 -0.382475 -0.018700 -0.084685 0.284412 0.192605 -0.165389 0.376584 0.092946 0.025086 0.106146 0.220855 -0.038663 0.059079 0.060589 -0.018297 -0.090684 -0.070101 0.168995 0.009813 0.273142 0.128294 -0.078754 -0.058428 -0.022920
-0.002015 -0.246122 1.000000 0.413096 -0.251965 -0.251080 0.776889 0.141469 -0.147018 -0.318328 0.117706 -0.171413 -0.197308 -0.309100 -0.377506 -0.269046 -0.252170 -0.337754 0.271941 0.039445 -0.216296 -0.255086 0.605544 0.313085 -0.096580 -0.116364 -0.014425 -0.122365 -0.180043 -0.260291 0.126275 0.010891 -0.043780 0.017608 0.060070 0.253608 -0.241546 -0.179607 -0.003363 -0.012024 -0.026871 -0.085976 0.011332 0.015022 -0.028499 -0.035481 -0.139310 0.180241 0.054254 -0.173111 0.516166 0.120075 -0.022486 0.032966 -0.356849 -0.141011 -0.243169 -0.271127 -0.070984 -0.067895 -0.267679 -0.129127 -0.344543 -0.290354 0.293320 0.136570 0.130569 0.267311 -0.195773 -0.124730 -0.057830 0.031711 -0.259896 0.008868 0.108672 0.054202 0.074104 0.001466 -0.245495 -0.141792 -0.310456 -0.107733 0.064544 -0.155479 0.229462 0.018570 0.133558 0.042185 0.113485 -0.014742 0.088072 0.491657 0.274537 0.503928 -0.057319 -0.187166 0.020674 0.024767 -0.060082 0.181089 -0.024628 0.158610 -0.041115 0.220166 -0.031358 -0.126233 0.071016 0.039175 -0.015522 -0.083984 0.225232 0.113707 0.076799 0.141550 0.038547 -0.120828
0.002338 -0.409566 0.413096 1.000000 -0.127774 0.070912 0.453752 0.620989 -0.157258 0.028795 -0.013744 0.131773 -0.235591 -0.000790 -0.173669 0.206922 -0.294049 -0.416052 -0.006807 0.030768 -0.038305 -0.027966 0.411464 0.786617 -0.126025 -0.009598 0.084804 0.296478 -0.476224 -0.411659 -0.088660 0.094768 -0.375176 -0.274563 -0.209156 -0.002609 -0.446907 -0.239298 -0.312733 -0.063891 -0.279726 -0.235352 0.094315 0.064073 -0.213727 0.067498 -0.040811 0.032459 -0.117994 -0.116451 0.310145 -0.053645 -0.149425 -0.170075 -0.249100 -0.133425 -0.256269 -0.429276 -0.102533 -0.083975 -0.210650 -0.051776 -0.329468 -0.435713 0.489639 0.491922 -0.040531 0.386634 -0.396756 -0.331629 -0.164525 0.029433 -0.498166 -0.196910 -0.176900 -0.141460 -0.107038 -0.029810 -0.306792 -0.256163 -0.540313 -0.175547 0.107860 -0.051947 0.279361 0.528082 0.186245 0.164730 0.248707 0.161387 0.105048 0.030833 0.572582 0.110616 -0.110581 -0.141003 -0.165342 -0.029831 -0.165975 -0.007447 0.251151 -0.100366 0.079990 0.111305 -0.058911 -0.099078 0.039975 0.053978 0.052292 -0.088625 -0.040773 -0.152228 0.064296 0.332243 -0.026219 -0.062817
0.089078 -0.029838 -0.251965 -0.127774 1.000000 0.601614 -0.010652 0.240458 0.869906 0.506909 -0.143371 0.115611 0.477552 0.087670 0.882076 0.235502 -0.020737 -0.137394 -0.166005 -0.183198 0.305446 0.000112 -0.335775 -0.274950 0.395056 0.228913 0.069103 -0.070735 -0.146716 -0.213600 -0.049374 -0.106156 -0.202147 -0.264431 -0.240308 -0.121478 -0.179449 -0.267246 -0.176876 -0.331281 -0.065219 0.037396 -0.341904 -0.288692 -0.208797 -0.153067 -0.395790 -0.190477 0.214622 0.057585 -0.161022 0.313075 0.212155 0.006793 -0.258688 -0.280761 0.009077 0.093922 0.200910 0.294174 0.161857 0.336925 -0.050600 0.093688 0.001702 0.112085 -0.014193 -0.089918 0.005386 0.041688 0.603813 0.159880 0.195829 -0.092727 -0.075508 -0.051308 -0.093984 -0.216523 -0.095316 -0.172239 -0.092591 -0.246372 -0.056154 -0.415073 -0.203020 -0.202817 -0.059148 -0.323323 -0.048619 -0.092290 0.096968 -0.099757 -0.035216 -0.289310 -0.102260 -0.158248 -0.584347 -0.384577 -0.226105 -0.274229 0.040954 -0.097754 -0.002892 -0.320452 -0.221363 -0.132820 0.039797 -0.060685 -0.016447 -0.026450 -0.512388 -0.391603 -0.212463 -0.233814 -0.304271 -0.104017
0.044480 -0.240596 -0.251080 0.070912 0.601614 1.000000 -0.031739 0.495240 0.565142 0.833852 -0.190460 0.176032 0.294545 0.299695 0.534371 0.667210 -0.110656 -0.191459 -0.316610 -0.363323 0.171389 0.067516 -0.181007 0.067281 0.447675 0.514229 0.081062 0.313070 -0.295053 -0.305359 0.128685 0.110488 -0.369799 -0.293427 -0.074284 -0.067798 -0.304569 -0.329213 -0.145382 -0.252298 -0.174514 -0.296887 -0.388007 -0.324685 -0.220752 -0.084078 -0.352657 -0.266314 0.049604 0.091918 -0.050140 0.121099 0.100675 -0.101911 -0.184129 -0.272834 -0.097027 -0.054293 0.138093 0.144727 0.073254 0.279855 -0.128668 -0.129172 0.249019 0.459047 -0.081290 0.047962 -0.184101 -0.099120 0.247554 0.047640 -0.082248 -0.481510 -0.384653 -0.331844 -0.253427 -0.319517 -0.178503 -0.222361 -0.299314 -0.323773 -0.082589 -0.376093 -0.207651 -0.097520 0.079685 -0.451049 0.180477 -0.137386 0.138933 -0.101715 0.296195 -0.216624 0.091693 -0.156895 -0.541468 -0.231131 -0.268144 -0.267707 0.212085 -0.094588 0.206254 -0.132218 0.083014 0.015245 0.144075 0.030223 0.186058 -0.024284 -0.465548 -0.281893 -0.249422 0.038240 0.022550 0.069479
-0.038129 -0.283249 0.776889 0.453752 -0.010652 -0.031739 1.000000 0.449447 0.097577 -0.088640 0.092304 -0.031596 0.042852 -0.271598 -0.189394 -0.188891 -0.185999 -0.343227 0.303455 0.109035 -0.148340 -0.258931 0.334695 0.249288 -0.121253 -0.136292 -0.096931 -0.156606 -0.148567 -0.266247 0.065539 0.032863 -0.130771 -0.044416 -0.110700 0.163854 -0.313685 -0.301163 -0.213260 -0.142128 -0.062823 -0.060616 -0.170858 -0.138600 -0.040289 -0.072243 -0.287141 0.065871 0.027768 -0.128611 0.352894 0.165245 -0.024359 0.043016 -0.389194 -0.126874 -0.317128 -0.221000 -0.067760 -0.057787 -0.224918 -0.070938 -0.354162 -0.289639 0.377927 0.218989 -0.028697 0.210880 -0.268048 -0.101901 0.107124 0.116756 -0.151137 -0.079736 0.072964 0.055089 0.046177 -0.024314 -0.216794 -0.225636 -0.293068 -0.207544 -0.083923 -0.330716 0.121647 0.013508 0.066893 -0.115183 0.168314 0.006358 0.213710 0.442624 0.342150 0.479333 -0.047699 -0.247609 -0.154835 -0.121283 -0.030573 0.055668 0.047988 0.147797 0.032672 0.108927 -0.051189 -0.139411 0.131997 -0.024315 0.068676 -0.132124 -0.038049 -0.039395 -0.000540 0.077647 -0.039122 -0.084844
0.067276 -0.497665 0.141469 0.620989 0.240458 0.495240 0.449447 1.000000 0.235276 0.546488 0.000802 0.360257 0.201284 0.286404 0.193973 0.465928 -0.040559 -0.365355 -0.005138 -0.059620 0.036374 0.099557 0.062219 0.437617 0.031685 0.171293 -0.102437 0.210281 -0.352301 -0.382571 0.070939 0.208401 -0.274640 -0.119008 -0.355181 0.034575 -0.529290 -0.456211 -0.450678 -0.233125 -0.372132 -0.370367 -0.281259 -0.212517 -0.184373 -0.003650 -0.237696 -0.145054 -0.019982 0.038756 -0.004088 0.119642 -0.107280 -0.099422 -0.228662 -0.229139 -0.232856 -0.444812 -0.067394 -0.014326 -0.157238 0.162904 -0.424138 -0.432372 0.509352 0.660329 -0.127319 0.152140 -0.453623 -0.298118 0.138360 0.151860 -0.305071 -0.466983 -0.327693 -0.248822 -0.155381 -0.130719 -0.322616 -0.403065 -0.458935 -0.371339 -0.043378 -0.369748 -0.093867 0.072668 0.114752 -0.422223 0.147441 -0.130562 0.292636 0.092526 0.607857 0.136806 -0.185124 -0.360602 -0.458956 -0.199648 -0.151431 -0.060485 0.330704 -0.088816 0.145793 -0.048696 -0.030320 -0.130125 0.104108 -0.066112 0.072614 -0.092773 -0.342365 -0.205526 0.065199 0.138443 -0.155000 -0.031502
0.096076 -0.011680 -0.147018 -0.157258 0.869906 0.565142 0.097577 0.235276 1.000000 0.543951 -0.166879 0.020283 0.492200 -0.005493 0.803575 0.148556 -0.005983 -0.127206 -0.146540 -0.184032 0.083288 -0.088750 -0.390237 -0.393015 0.196873 0.095775 -0.090871 -0.211794 -0.197371 -0.260354 -0.144837 -0.230774 -0.214151 -0.318199 -0.205666 -0.214880 -0.205929 -0.412261 -0.343718 -0.457098 -0.190933 -0.107120 -0.477495 -0.468242 -0.226996 -0.289493 -0.336698 -0.161444 0.314888 -0.001254 -0.026020 0.482142 0.366513 0.160655 -0.140914 -0.109104 -0.100425 0.186340 0.290274 0.357615 0.237898 0.363235 0.065255 0.230326 0.023600 0.120628 0.131336 -0.097319 0.051531 0.135690 0.502352 0.099286 0.147585 -0.171144 -0.117072 -0.086102 -0.101685 -0.284279 -0.142564 -0.188581 -0.004040 -0.157331 -0.092858 -0.500054 -0.179568 -0.315529 0.000753 -0.400208 0.072099 0.001348 0.235881 0.066188 -0.040988 -0.146923 -0.098886 -0.202695 -0.592130 -0.399511 -0.030916 -0.138703 0.098076 0.063615 0.153014 -0.211163 -0.112434 -0.018198 0.083199 -0.012592 0.012943 -0.061371 -0.558228 -0.316851 -0.245676 -0.288820 -0.303377 -0.048058
-0.073683 -0.340381 -0.318328 0.028795 0.506909 0.833852 -0.088640 0.546488 0.543951 1.000000 -0.174612 0.141440 0.231661 0.377620 0.565241 0.765464 -0.039053 -0.099114 -0.327719 -0.379837 0.260231 0.377351 -0.219428 -0.039760 0.404143 0.564293 -0.048883 0.278999 -0.286679 -0.278977 0.177600 0.166486 -0.194967 -0.190327 -0.104146 -0.103026 -0.343240 -0.369208 -0.250545 -0.291230 -0.332108 -0.455145 -0.307915 -0.233846 -0.143051 -0.037378 -0.175323 -0.195783 0.088358 0.213731 -0.061794 0.280172 0.056261 0.038037 0.028428 -0.132180 -0.060825 -0.136252 0.058810 0.032771 0.006545 0.164360 -0.119580 -0.128578 0.195866 0.402641 -0.046709 0.011413 -0.254939 -0.109170 0.292761 0.165568 -0.118994 -0.574318 -0.475615 -0.393040 -0.251601 -0.313867 -0.097909 -0.152735 -0.187601 -0.184462 -0.102157 -0.266772 -0.193419 -0.153343 0.051659 -0.580002 0.088599 -0.196255 0.102560 -0.139401 0.201821 -0.246868 -0.015620 -0.343635 -0.481722 -0.237870 -0.233177 -0.298996 0.143151 -0.125165 0.199701 -0.143153 0.026365 -0.024025 0.005851 -0.020984 0.032098 -0.113138 -0.429047 -0.257774 -0.217655 -0.032292 -0.135736 -0.029198
0.354848 -0.026086 0.117706 -0.013744 -0.143371 -0.190460 0.092304 0.000802 -0.166879 -0.174612 1.000000 0.507072 0.023062 0.311431 -0.012991 0.046498 0.470457 -0.214968 0.594627 0.103714 -0.026087 -0.038925 0.199629 0.004438 -0.344609 -0.339785 0.204205 0.013819 0.237940 -0.038210 -0.259673 -0.235120 0.069751 -0.065201 -0.224589 -0.033099 0.003442 -0.076765 -0.051776 -0.093504 -0.041244 -0.035546 -0.004963 0.011008 -0.115067 -0.169416 -0.178370 -0.078646 -0.012641 -0.174753 -0.119945 0.054830 -0.088420 0.016802 -0.062253 -0.106436 -0.068807 -0.233565 -0.068041 -0.016098 -0.090865 0.062369 -0.117260 -0.056227 -0.061291 -0.136855 -0.175632 -0.149124 0.036196 -0.152501 -0.002125 0.190787 -0.086708 0.064828 0.052840 0.188939 0.143904 0.128441 -0.163625 -0.224842 -0.056031 -0.080638 0.479259 0.017136 0.333681 -0.029540 -0.086568 0.003612 0.075880 0.075476 0.051977 0.265917 0.051067 0.251223 -0.223179 -0.248769 -0.179408 -0.109150 -0.118623 0.081520 0.107545 0.055856 -0.070572 0.077064 0.022333 -0.127638 0.017055 0.025091 -0.157918 -0.014667 -0.098247 -0.186876 0.044399 0.014451 0.015500 -0.002921
0.329662 -0.113986 -0.171413 0.131773 0.115611 0.176032 -0.031596 0.360257 0.020283 0.141440 0.507072 1.000000 0.253877 0.684552 0.207055 0.370127 0.382654 -0.226720 0.289813 0.178654 0.068335 0.011454 -0.004363 0.226588 -0.197027 -0.170080 0.089350 0.217999 0.144794 0.024194 -0.273019 -0.124619 -0.219779 -0.219670 -0.354027 -0.124265 -0.178286 -0.050471 -0.157706 -0.143718 -0.120185 -0.042519 -0.088151 -0.062197 -0.222176 -0.107708 -0.156379 -0.143736 -0.057909 -0.112574 -0.385118 -0.111291 -0.075226 -0.170145 -0.128976 -0.174430 -0.210002 -0.392940 -0.140248 0.079574 0.017755 0.321265 -0.151970 -0.164092 0.040762 0.171336 -0.269616 -0.152455 -0.201919 -0.290505 0.109806 0.104324 -0.011262 -0.029385 -0.010340 0.131817 0.042751 0.161768 -0.183980 -0.392214 -0.210288 -0.240829 0.245756 -0.060152 -0.087786 0.074947 -0.037706 -0.173505 -0.011096 0.025768 0.232809 0.077861 0.328200 0.021591 -0.229964 -0.223359 -0.336318 -0.172159 -0.178378 -0.088807 0.290970 -0.135129 -0.110483 -0.137988 -0.021717 -0.093811 -0.028188 0.011528 -0.152925 0.067541 -0.258879 -0.282328 0.103381 -0.073239 0.013845 -0.065327
0.452452 -0.016246 -0.197308 -0.235591 0.477552 0.294545 0.042852 0.201284 0.492200 0.231661 0.023062 0.253877 1.000000 0.427104 0.478884 0.088132 0.341748 -0.160453 -0.097766 -0.043682 0.079393 0.051075 -0.478684 -0.324428 -0.108333 -0.231418 0.008165 -0.156817 0.039236 -0.154100 -0.221444 -0.300165 -0.057289 -0.219418 -0.242876 -0.204700 -0.247464 -0.299408 -0.214992 -0.182347 -0.154641 -0.070824 -0.447081 -0.445131 -0.205372 -0.412217 -0.346968 -0.218350 0.496132 -0.067923 -0.259874 0.162690 0.475682 0.177055 0.057839 0.027053 -0.063689 0.035432 0.410411 0.463333 0.572746 0.608930 0.132390 0.249376 -0.015992 -0.057264 0.198736 -0.294457 0.011692 0.255493 0.303925 -0.002553 0.077144 -0.173795 -0.158666 -0.120611 -0.333631 -0.357983 -0.211689 -0.385786 -0.024032 -0.299262 -0.105330 -0.206159 -0.527111 -0.374806 -0.163315 -0.235133 0.022738 0.176763 0.327533 0.158063 -0.107788 -0.026530 -0.111027 -0.211653 -0.268504 -0.283280 0.040166 -0.044867 0.141818 0.180221 -0.006743 -0.150918 -0.030005 -0.004860 0.094446 0.077951 -0.127496 -0.172069 -0.498460 -0.211610 -0.054639 -0.365639 -0.045424 0.031456
0.397638 -0.207578 -0.309100 -0.000790 0.087670 0.299695 -0.271598 0.286404 -0.005493 0.377620 0.311431 0.684552 0.427104 1.000000 0.259648 0.625234 0.315270 -0.141019 -0.080577 -0.133298 0.085332 0.262847 -0.108381 0.135794 -0.103220 0.000422 0.079457 0.285871 -0.048602 -0.127369 -0.171445 -0.139836 -0.142818 -0.255459 -0.265552 -0.174312 -0.215063 -0.027177 -0.007290 -0.013940 -0.195779 -0.250103 -0.063589 -0.039340 -0.314536 -0.114148 -0.079471 -0.103285 0.017410 -0.034208 -0.254725 -0.042653 0.100883 -0.038017 0.156739 -0.086695 -0.036502 -0.388607 0.013801 0.100213 0.231609 0.462468 0.015473 -0.049361 0.008014 0.161192 -0.152311 -0.227621 -0.176679 -0.173894 0.006873 0.018131 -0.164625 -0.317450 -0.277133 -0.197993 -0.264012 -0.162372 -0.211482 -0.369753 -0.168933 -0.101451 0.303241 0.251392 -0.140626 0.037981 0.136401 -0.166980 0.070582 0.081653 0.128131 -0.043828 0.161356 -0.211716 -0.233742 -0.327815 -0.240994 -0.120153 -0.271505 -0.237695 0.258903 -0.179640 -0.150803 -0.244835 -0.081135 -0.129456 -0.144002 0.079515 -0.284062 -0.136463 -0.315997 -0.295664 -0.009739 -0.104693 0.055909 -0.117761
0.148926 -0.007611 -0.377506 -0.173669 0.882076 0.534371 -0.189394 0.193973 0.803575 0.565241 -0.012991 0.207055 0.478884 0.259648 1.000000 0.412044 0.016942 -0.142021 -0.209990 -0.272934 0.380260 0.169660 -0.389075 -0.280107 0.357759 0.237543 0.181809 0.001667 -0.155949 -0.200067 -0.124375 -0.155634 -0.233773 -0.333531 -0.297892 -0.207938 -0.208224 -0.209165 -0.200425 -0.247091 -0.164381 -0.037773 -0.220636 -0.195553 -0.194703 -0.170155 -0.253125 -0.210337 0.268073 0.073167 -0.115860 0.382769 0.200976 0.067082 -0.091569 -0.136698 -0.021276 0.060601 0.248443 0.319128 0.224080 0.337195 0.019884 0.144149 -0.118058 0.096021 0.015774 -0.115616 -0.087841 -0.041038 0.584635 0.154134 0.127364 -0.125943 -0.155110 -0.063011 -0.147326 -0.226972 -0.137795 -0.229346 -0.075865 -0.213915 0.092045 -0.228590 -0.196208 -0.152320 -0.130102 -0.288727 -0.060901 -0.000496 0.030368 -0.216585 -0.153140 -0.394033 -0.269551 -0.277102 -0.480273 -0.427422 -0.209658 -0.380636 0.021571 -0.201585 -0.079586 -0.372858 -0.258032 -0.164328 -0.069685 -0.021002 -0.239083 -0.101246 -0.531307 -0.434032 -0.204790 -0.282014 -0.371443 -0.220588
0.015682 -0.355565 -0.269046 0.206922 0.235502 0.667210 -0.188891 0.465928 0.148556 0.765464 0.046498 0.370127 0.088132 0.625234 0.412044 1.000000 -0.072918 -0.231165 -0.341287 -0.349052 0.339995 0.447967 0.017278 0.272804 0.311823 0.471567 0.308817 0.569713 -0.366624 -0.310497 0.057854 0.128019 -0.313291 -0.273463 -0.119334 -0.079594 -0.392801 -0.126259 -0.093193 -0.040817 -0.283933 -0.428509 0.000959 0.051003 -0.194935 0.016419 -0.105380 -0.141917 -0.062505 0.085200 -0.000604 0.031702 -0.092129 -0.040310 0.010591 -0.186196 -0.080305 -0.310043 0.003603 -0.035659 -0.014988 0.138698 -0.145143 -0.241678 0.196927 0.424088 -0.167284 0.076783 -0.367429 -0.268286 0.115013 0.139285 -0.323778 -0.485501 -0.447238 -0.335588 -0.296444 -0.186546 -0.209570 -0.223568 -0.361077 -0.161716 0.178207 0.123355 -0.103517 0.176028 0.100051 -0.284662 0.054172 -0.068026 0.006906 -0.214643 0.299032 -0.253059 -0.118829 -0.363383 -0.336070 -0.242201 -0.415243 -0.466180 0.178116 -0.276058 0.039724 -0.165328 -0.006777 -0.054150 -0.112267 -0.044116 -0.152279 -0.152082 -0.293692 -0.297985 -0.281647 0.034853 0.031085 -0.076898
0.344636 0.050119 -0.252170 -0.294049 -0.020737 -0.110656 -0.185999 -0.040559 -0.005983 -0.039053 0.470457 0.382654 0.341748 0.315270 0.016942 -0.072918 1.000000 0.262472 0.358629 0.235823 -0.047136 0.078031 -0.186021 -0.285948 -0.389768 -0.363876 -0.184995 -0.123047 0.427223 0.208547 -0.192079 -0.129375 0.354138 0.079349 -0.262923 -0.261458 0.168418 -0.240265 -0.208461 -0.331287 -0.046470 -0.038825 -0.249650 -0.251568 -0.089985 -0.245116 -0.065223 -0.158506 0.116745 -0.040382 -0.428878 -0.001614 0.071748 0.093808 0.092724 -0.057400 0.231207 -0.000208 0.025907 0.013960 0.180676 0.193197 0.185890 0.190974 -0.033964 -0.212109 -0.066465 -0.433082 0.229781 0.136811 0.062617 0.069406 0.184833 0.013120 0.009255 0.083782 0.067248 0.032768 0.214345 0.028008 0.414120 0.110146 0.158035 -0.059973 -0.049411 -0.409738 -0.234173 -0.219836 -0.148732 -0.075162 0.015615 0.085827 -0.142903 0.119185 0.020690 -0.027160 -0.134391 0.034303 0.071002 0.150829 0.100581 0.280951 -0.014333 0.059444 0.116533 0.079125 0.078541 0.088528 0.036389 0.024373 -0.153241 0.034133 0.080500 -0.147313 -0.010352 0.224887
-0.233503 0.429188 -0.337754 -0.416052 -0.137394 -0.191459 -0.343227 -0.365355 -0.127206 -0.099114 -0.214968 -0.226720 -0.160453 -0.141019 -0.142021 -0.231165 0.262472 1.000000 -0.228793 -0.032211 -0.086211 0.031810 -0.162023 -0.301578 0.106328 0.107748 -0.309694 -0.173530 0.404147 0.676424 0.252873 0.237322 0.332008 0.281022 0.050491 -0.244272 0.498701 0.250263 0.249740 0.111569 0.262003 0.272263 0.074558 0.047935 0.139858 0.129001 0.299305 -0.075128 -0.241342 0.066584 -0.096031 -0.125394 -0.093735 0.124540 0.177712 0.170462 0.415598 0.439811 -0.225746 -0.233921 -0.029466 -0.162257 0.426405 0.403290 -0.180774 -0.215090 -0.232996 -0.450101 0.094967 -0.028266 -0.171153 -0.233537 0.495042 0.314620 0.192730 0.124380 0.237233 0.088630 0.687294 0.726326 0.681257 0.532421 -0.124647 0.172985 0.041259 -0.237294 0.091065 -0.011632 -0.188831 -0.197560 -0.277135 -0.423789 -0.333444 -0.222769 0.262255 0.435564 0.306358 0.291755 0.174685 0.029978 -0.105448 0.008251 0.031634 -0.102895 -0.045524 0.016724 -0.175820 -0.146625 0.124786 0.190146 0.052802 0.241402 0.113495 0.084610 0.048785 0.201269
0.217039 0.016408 0.271941 -0.006807 -0.166005 -0.316610 0.303455 -0.005138 -0.146540 -0.327719 0.594627 0.289813 -0.097766 -0.080577 -0.209990 -0.341287 0.358629 -0.228793 1.000000 0.511301 -0.183586 -0.202567 0.167741 -0.058359 -0.381114 -0.378274 -0.119666 -0.178385 0.377041 0.073444 -0.232380 -0.206482 0.216604 0.081722 -0.065444 0.145374 0.179949 -0.128026 -0.078028 -0.176384 0.131514 0.116818 -0.097672 -0.121333 0.009944 -0.135729 -0.170505 0.050556 -0.029100 -0.175099 -0.275187 0.031622 -0.119957 -0.063147 -0.157794 -0.096170 -0.157453 -0.200866 -0.175959 -0.078285 -0.259593 -0.084735 -0.144337 -0.055261 -0.144645 -0.261166 -0.164543 -0.051915 0.228559 0.020301 0.111934 0.182540 0.129252 0.158966 0.315699 0.296654 0.311439 0.249168 -0.002200 -0.158595 0.113057 -0.129799 0.269734 -0.166134 0.281946 -0.151626 -0.052555 -0.046737 0.066323 -0.018356 0.089830 0.335451 -0.063574 0.334357 -0.067401 -0.048960 -0.102396 -0.010922 0.067021 0.280634 -0.100785 0.150255 -0.039110 0.105955 0.051080 -0.010027 0.143546 0.063439 0.086458 0.060491 0.193351 0.017533 0.158638 -0.042211 -0.121459 0.005846
0.028859 0.221435 0.039445 0.030768 -0.183198 -0.363323 0.109035 -0.059620 -0.184032 -0.379837 0.103714 0.178654 -0.043682 -0.133298 -0.272934 -0.349052 0.235823 -0.032211 0.511301 1.000000 -0.153132 -0.128139 -0.047093 -0.045870 -0.437424 -0.477106 -0.141289 -0.131672 0.091293 0.047418 -0.398182 -0.290448 0.046369 0.062130 -0.067726 -0.017788 0.070611 -0.076389 -0.200462 -0.151917 0.019684 0.096428 -0.103865 -0.218665 -0.060981 -0.208845 0.008727 0.152490 -0.010325 -0.210263 -0.331455 -0.142725 0.063650 0.087531 0.048736 0.063843 -0.025645 0.109531 -0.017720 -0.076055 -0.077705 -0.093488 -0.083743 -0.045018 -0.140137 -0.314591 -0.041898 -0.077906 0.232824 0.404054 -0.065035 0.076337 -0.041342 0.135892 0.107401 0.145498 0.039303 0.211603 0.027611 -0.030298 0.185900 0.088417 0.060338 0.020622 -0.142432 0.039680 0.009802 0.114202 -0.056000 0.105847 0.374259 0.228230 0.105378 0.315240 0.034594 0.206884 0.034041 0.095047 0.312993 0.284151 -0.015322 0.206190 0.171685 -0.009350 0.243349 0.233101 0.224480 0.045506 0.272053 0.094174 0.166454 0.269425 0.210074 -0.125914 0.094311 0.247032
-0.332675 -0.144467 -0.216296 -0.038305 0.305446 0.171389 -0.148340 0.036374 0.083288 0.260231 -0.026087 0.068335 0.079393 0.085332 0.380260 0.339995 -0.047136 -0.086211 -0.183586 -0.153132 1.000000 0.559257 -0.073699 -0.042161 0.411072 0.367035 0.454907 0.386596 0.046791 0.085672 0.249827 0.382180 0.111190 0.202470 -0.085573 0.062472 0.040810 0.194182 0.111143 0.156225 0.113861 0.072844 0.176811 0.234561 0.213616 0.225755 0.008717 -0.158964 0.094789 0.320414 -0.147871 -0.020227 -0.222774 -0.125282 -0.006464 -0.162558 -0.029739 -0.134769 -0.107264 -0.031948 -0.117130 -0.161352 -0.112620 -0.106303 -0.067003 0.019663 -0.135482 0.030086 -0.260719 -0.250616 0.412376 0.311982 0.059680 0.052747 -0.063044 0.066507 -0.031996 0.084917 0.069945 0.011700 -0.057599 -0.043150 -0.113681 0.073705 -0.143100 0.077395 -0.316326 -0.101642 -0.295639 -0.219419 -0.341638 -0.307564 -0.150990 -0.310875 -0.123347 -0.099705 -0.025111 -0.181185 -0.238688 -0.459145 -0.213648 -0.308344 -0.216684 -0.271879 -0.238675 -0.187601 -0.210638 -0.270933 -0.172164 0.027622 -0.069081 -0.173896 -0.195186 -0.181334 -0.198224 -0.066367
-0.272239 -0.294608 -0.255086 -0.027966 0.000112 0.067516 -0.258931 0.099557 -0.088750 0.377351 -0.038925 0.011454 0.051075 0.262847 0.169660 0.447967 0.078031 0.031810 -0.202567 -0.128139 0.559257 1.000000 0.017389 -0.007828 0.169172 0.347915 0.228423 0.458477 0.052849 0.089178 0.227255 0.338344 0.153670 0.148241 -0.119441 -0.123919 -0.093793 0.059069 -0.029134 0.118990 -0.200172 -0.243084 0.087307 0.093218 0.037529 0.072009 0.140403 -0.111490 -0.020683 0.163393 -0.171610 0.018763 -0.088460 0.164049 0.320600 -0.028602 0.002512 -0.174499 -0.045991 -0.181169 -0.034202 -0.106678 0.014160 0.018317 -0.041748 -0.059385 -0.096222 -0.181223 -0.147723 -0.057736 0.136571 0.334505 -0.092147 -0.186796 -0.284382 -0.123559 -0.165397 -0.042605 0.166557 0.059881 0.034373 0.021855 -0.031692 0.224570 -0.112874 0.002505 -0.192758 -0.107983 -0.148579 0.014242 -0.150413 -0.251101 -0.082468 -0.147037 0.023970 -0.204858 0.066571 -0.103388 -0.145709 -0.277387 -0.112978 -0.126404 0.006363 -0.108015 -0.093792 0.025447 -0.212620 -0.145525 -0.182417 -0.162926 -0.092307 -0.043003 -0.173936 -0.184891 -0.056385 -0.059468
-0.177273 -0.314611 0.605544 0.411464 -0.335775 -0.181007 0.334695 0.062219 -0.390237 -0.219428 0.199629 -0.004363 -0.478684 -0.108381 -0.389075 0.017278 -0.186021 -0.162023 0.167741 -0.047093 -0.073699 0.017389 1.000000 0.639443 0.111881 0.186189 0.235419 0.359878 -0.083842 -0.144113 0.271476 0.184727 -0.051040 0.026984 0.152734 0.200045 0.012054 0.043238 0.293587 0.201127 0.188623 -0.011806 0.249023 0.315771 -0.008127 0.248573 0.056846 0.188746 -0.353122 -0.051283 0.394111 -0.120890 -0.429738 -0.005990 -0.181768 -0.230210 -0.037938 -0.409617 -0.363215 -0.494222 -0.536305 -0.346940 -0.444912 -0.402848 0.323001 0.069746 -0.266148 0.183027 -0.133581 -0.238219 -0.182832 0.046394 -0.233968 0.007676 0.023450 0.018673 0.131276 0.044621 -0.012611 -0.004978 -0.335253 -0.104707 0.399356 0.149014 0.462198 0.289078 0.209180 0.172166 0.263758 -0.135505 -0.096561 0.141168 0.342320 0.214791 0.143245 -0.128227 0.233850 0.140247 -0.231506 0.022989 -0.076982 -0.161403 -0.159485 0.037382 -0.021348 -0.087094 -0.065576 -0.027449 -0.032621 -0.208196 0.351757 0.044152 0.129532 0.294964 0.159778 -0.037523
-0.041368 -0.405616 0.313085 0.786617 -0.274950 0.067281 0.249288 0.437617 -0.393015 -0.039760 0.004438 0.226588 -0.324428 0.135794 -0.280107 0.272804 -0.285948 -0.301578 -0.058359 -0.045870 -0.042161 -0.007828 0.639443 1.000000 0.030612 0.163987 0.138459 0.445422 -0.332192 -0.270244 0.085719 0.256691 -0.355409 -0.183642 -0.057423 0.106147 -0.243717 0.063769 0.011879 0.171899 -0.059834 -0.083184 0.251238 0.283773 -0.105666 0.244932 0.075223 0.114265 -0.289363 -0.010742 0.269791 -0.227847 -0.352515 -0.244412 -0.246496 -0.173038 -0.079437 -0.502870 -0.276036 -0.352970 -0.354849 -0.171540 -0.462691 -0.573608 0.434719 0.389376 -0.258022 0.318179 -0.331887 -0.349544 -0.224592 0.007953 -0.417776 -0.144560 -0.138735 -0.078180 -0.018442 0.110526 -0.185909 -0.188207 -0.536342 -0.251031 0.212664 0.101426 0.240926 0.542511 0.212960 0.193168 0.238359 -0.000484 -0.004081 -0.061518 0.580664 0.035093 0.056932 -0.088861 0.072720 0.159258 -0.252316 -0.079327 0.164901 -0.288986 -0.078241 0.015376 -0.001605 -0.093882 0.020745 0.031369 0.044451 -0.095920 0.156840 -0.080008 0.131314 0.418356 0.149528 -0.027760
-0.304146 -0.120569 -0.096580 -0.126025 0.395056 0.447675 -0.121253 0.031685 0.196873 0.404143 -0.344609 -0.197027 -0.108333 -0.103220 0.357759 0.311823 -0.389768 0.106328 -0.381114 -0.437424 0.411072 0.169172 0.111881 0.030612 1.000000 0.864869 0.279354 0.287694 -0.071953 0.023377 0.608288 0.420805 -0.058503 0.113759 0.264870 0.289434 -0.051652 0.102693 0.354243 0.199613 0.119278 0.031067 0.155239 0.282535 0.205881 0.319034 -0.034376 -0.040105 -0.130238 0.367855 0.156948 -0.020566 -0.305614 -0.173811 -0.204518 -0.133417 0.073893 -0.018141 -0.149573 -0.113439 -0.286133 -0.256824 -0.201854 -0.220894 -0.006400 0.163621 -0.131531 0.213097 -0.207634 -0.217091 0.218575 -0.026221 0.125223 -0.098067 -0.104593 -0.177769 -0.003341 -0.110129 0.087251 0.137465 -0.122560 -0.102645 -0.161550 -0.087566 -0.097491 0.000512 -0.035411 -0.185167 -0.207196 -0.442350 -0.294220 -0.394756 -0.047354 -0.447867 0.019543 -0.061709 -0.023248 -0.118632 -0.318378 -0.350427 -0.231928 -0.409501 -0.184921 -0.252144 -0.230466 -0.204010 -0.168467 -0.131413 -0.034845 -0.034665 0.065338 -0.156669 -0.139380 0.081146 -0.121677 -0.189643
-0.414496 -0.223891 -0.116364 -0.009598 0.228913 0.514229 -0.136292 0.171293 0.095775 0.564293 -0.339785 -0.170080 -0.231418 0.000422 0.237543 0.471567 -0.363876 0.107748 -0.378274 -0.477106 0.367035 0.347915 0.186189 0.163987 0.864869 1.000000 0.132442 0.388542 -0.086716 0.040032 0.632427 0.574023 -0.033847 0.173044 0.233505 0.282358 -0.095382 0.090447 0.293994 0.153479 0.030383 -0.117106 0.166971 0.295261 0.196283 0.408039 0.077315 -0.020193 -0.202838 0.424176 0.144488 0.015021 -0.376196 -0.204678 -0.125528 -0.148017 -0.036085 -0.172448 -0.322025 -0.280212 -0.365610 -0.308351 -0.192244 -0.259510 0.092872 0.292723 -0.234119 0.224688 -0.324831 -0.344158 0.091091 0.009815 -0.001660 -0.232423 -0.231325 -0.255518 -0.052850 -0.093097 0.105820 0.141964 -0.137148 -0.023093 -0.082777 -0.021229 0.022132 0.062193 0.123912 -0.251623 -0.142319 -0.456763 -0.303080 -0.348116 0.082585 -0.411813 0.062998 -0.110242 -0.024444 -0.072983 -0.288983 -0.347431 -0.168352 -0.398072 -0.071317 -0.228587 -0.180935 -0.138754 -0.211411 -0.140106 -0.027359 -0.047420 0.087505 -0.013663 -0.086908 0.158640 -0.056706 -0.187261
-0.016199 -0.057361 -0.014425 0.084804 0.069103 0.081062 -0.096931 -0.102437 -0.090871 -0.048883 0.204205 0.089350 0.008165 0.079457 0.181809 0.308817 -0.184995 -0.309694 -0.119666 -0.141289 0.454907 0.228423 0.235419 0.138459 0.279354 0.132442 1.000000 0.644188 -0.183684 -0.226183 -0.094395 -0.147818 -0.314736 -0.209590 0.150672 0.069858 -0.069074 0.173484 0.257000 0.280884 0.034973 -0.004646 0.164479 0.135442 -0.128783 -0.041255 -0.141303 -0.128733 -0.121963 -0.109596 0.116947 -0.180912 -0.086798 0.011144 0.067589 -0.048417 -0.135268 -0.026974 0.160871 0.053410 0.016334 -0.114283 -0.074422 -0.101778 -0.064882 -0.069115 -0.044070 0.193927 -0.159527 -0.058169 0.006775 0.033545 -0.239157 -0.000369 -0.126412 -0.063729 -0.199726 -0.107293 -0.240577 -0.209400 -0.314870 -0.147422 0.194454 0.243507 0.016271 0.424950 -0.154753 0.339590 0.098516 0.228626 -0.064168 -0.084574 0.024429 -0.064294 -0.037673 -0.109609 0.050381 -0.276111 -0.220661 -0.287777 -0.086456 -0.211043 -0.182746 -0.094248 0.022256 0.119796 -0.105186 -0.081377 -0.200446 -0.153245 -0.018327 -0.270821 -0.308723 -0.073222 0.219186 0.035940
-0.178739 -0.259028 -0.122365 0.296478 -0.070735 0.313070 -0.156606 0.210281 -0.211794 0.278999 0.013819 0.217999 -0.156817 0.285871 0.001667 0.569713 -0.123047 -0.173530 -0.178385 -0.131672 0.386596 0.458477 0.359878 0.445422 0.287694 0.388542 0.644188 1.000000 -0.172542 -0.158113 0.092960 0.149086 -0.250669 -0.141137 0.127897 -0.018524 -0.083102 0.054314 0.189239 0.174742 -0.003663 -0.177603 0.078010 0.058676 -0.133273 0.194091 -0.061947 -0.180127 -0.315711 0.091701 -0.013720 -0.292489 -0.284093 -0.068767 0.165894 -0.110880 -0.117535 -0.218361 -0.168008 -0.266048 -0.194117 -0.192324 -0.140688 -0.240990 0.189038 0.181617 -0.228669 0.130150 -0.279779 -0.194047 -0.145464 0.015818 -0.260573 -0.233085 -0.302690 -0.195573 -0.217684 -0.106952 -0.075211 -0.097440 -0.360049 -0.117709 0.193268 0.224245 0.102484 0.501767 0.069764 0.165180 0.237150 0.086154 -0.043713 -0.227758 0.303901 -0.113689 0.130060 -0.072237 0.018096 -0.148272 -0.241292 -0.300181 0.055020 -0.217763 -0.034906 -0.114887 0.093414 0.131171 -0.156806 -0.139705 0.006084 -0.115119 -0.025424 -0.188067 -0.244748 0.087616 0.204587 0.118214
-0.079377 0.203836 -0.180043 -0.476224 -0.146716 -0.295053 -0.148567 -0.352301 -0.197371 -0.286679 0.237940 0.144794 0.039236 -0.048602 -0.155949 -0.366624 0.427223 0.404147 0.377041 0.091293 0.046791 0.052849 -0.083842 -0.332192 -0.071953 -0.086716 -0.183684 -0.172542 1.000000 0.791787 0.305001 0.234795 0.598084 0.486977 -0.034134 -0.010307 0.524646 0.269000 0.225850 0.163807 0.436371 0.427240 0.059738 0.081580 0.255711 0.054527 0.077700 -0.225488 -0.125577 0.057875 -0.324413 -0.162135 -0.275265 -0.154093 0.062344 -0.014313 0.073900 0.033385 -0.343049 -0.166881 -0.168794 -0.204553 0.160907 0.227298 -0.244145 -0.389223 -0.247553 -0.437438 0.186458 -0.060657 0.122455 0.087895 0.729093 0.434748 0.429025 0.446593 0.459002 0.341081 0.534484 0.309442 0.466877 0.056074 -0.020908 0.051349 0.018358 -0.419232 -0.234483 -0.063745 -0.182039 -0.223310 -0.327416 -0.130558 -0.430707 0.019091 0.159104 0.278399 0.243647 0.135752 0.082827 0.125471 -0.262039 0.008807 -0.266299 -0.043154 -0.106759 -0.146003 -0.116199 -0.127074 0.052183 0.235260 0.081382 0.157139 0.231806 -0.180048 -0.115689 0.017767
-0.253447 0.299922 -0.260291 -0.411659 -0.213600 -0.305359 -0.266247 -0.382571 -0.260354 -0.278977 -0.038210 0.024194 -0.154100 -0.127369 -0.200067 -0.310497 0.208547 0.676424 0.073444 0.047418 0.085672 0.089178 -0.144113 -0.270244 0.023377 0.040032 -0.226183 -0.158113 0.791787 1.000000 0.365938 0.433982 0.490180 0.531558 -0.048658 -0.102936 0.582869 0.464940 0.239505 0.267671 0.412380 0.491325 0.232472 0.229608 0.348521 0.179375 0.348716 -0.158837 -0.126007 0.118853 -0.215075 -0.157155 -0.278240 -0.090586 0.061954 0.104877 0.136414 0.139425 -0.317835 -0.157783 -0.199309 -0.235526 0.288204 0.363421 -0.286320 -0.263624 -0.268901 -0.460706 0.079767 -0.190024 0.001475 -0.032294 0.739890 0.569475 0.479701 0.450404 0.512078 0.431195 0.645570 0.544180 0.583040 0.263620 -0.153268 0.124094 -0.003697 -0.330546 -0.132868 -0.042859 -0.331732 -0.276447 -0.442758 -0.378744 -0.431158 -0.141128 0.131096 0.457623 0.368936 0.258181 0.141871 0.005439 -0.213934 -0.128139 -0.195196 -0.113802 -0.175989 -0.189735 -0.236114 -0.259965 0.024657 0.380107 0.114594 0.211493 0.207453 -0.058118 -0.087030 -0.011778
-0.463439 -0.266083 0.126275 -0.088660 -0.049374 0.128685 0.065539 0.070939 -0.144837 0.177600 -0.259673 -0.273019 -0.221444 -0.171445 -0.124375 0.057854 -0.192079 0.252873 -0.232380 -0.398182 0.249827 0.227255 0.271476 0.085719 0.608288 0.632427 -0.094395 0.092960 0.305001 0.365938 1.000000 0.806996 0.433901 0.585498 0.142384 0.309809 0.163752 0.210228 0.315726 0.330800 0.281551 0.107025 0.226313 0.368692 0.421139 0.394024 0.134724 -0.109574 -0.236930 0.342826 0.169364 -0.075096 -0.482124 -0.142902 -0.120176 -0.187804 0.126108 -0.175378 -0.417270 -0.418426 -0.452999 -0.437438 -0.275570 -0.239742 0.264322 0.214294 -0.220389 -0.032902 -0.148327 -0.296880 0.071227 0.127360 0.289325 0.068219 0.102225 0.067639 0.258138 0.133077 0.335502 0.347671 0.059564 0.034029 -0.170746 -0.043844 0.007882 -0.265356 -0.032157 -0.301215 -0.190814 -0.578487 -0.457643 -0.317597 -0.063959 -0.158051 0.105295 0.003256 0.222574 0.101159 -0.250292 -0.233038 -0.227442 -0.383548 -0.297221 -0.167979 -0.309785 -0.311867 -0.224144 -0.254181 -0.008060 0.081319 0.159916 0.062914 0.086516 0.089754 -0.116777 -0.130120
-0.547672 -0.315842 0.010891 0.094768 -0.106156 0.110488 0.032863 0.208401 -0.230774 0.166486 -0.235120 -0.124619 -0.300165 -0.139836 -0.155634 0.128019 -0.129375 0.237322 -0.206482 -0.290448 0.382180 0.338344 0.184727 0.256691 0.420805 0.574023 -0.147818 0.149086 0.234795 0.433982 0.806996 1.000000 0.331828 0.629892 -0.029344 0.265519 0.157978 0.288895 0.119746 0.253148 0.183893 0.118453 0.334994 0.439825 0.458274 0.475421 0.272062 -0.122542 -0.241071 0.379919 0.030428 -0.125536 -0.540205 -0.255593 -0.198471 -0.233898 0.093533 -0.310502 -0.459159 -0.429433 -0.483087 -0.416264 -0.263315 -0.270595 0.244211 0.324174 -0.306114 0.012274 -0.238009 -0.402583 0.080074 0.220490 0.203961 0.100298 0.078430 0.111593 0.276969 0.324022 0.322380 0.328123 0.072883 0.096525 -0.250490 -0.049348 0.048177 -0.104793 -0.122264 -0.303080 -0.355314 -0.596040 -0.490934 -0.340952 0.075574 -0.150511 0.074091 0.088509 0.154506 0.160662 -0.208381 -0.254773 -0.127264 -0.376012 -0.214189 -0.134577 -0.297835 -0.281290 -0.214694 -0.376446 0.059212 0.210544 0.144455 0.123655 0.106483 0.198696 -0.093018 -0.067046
-0.071918 -0.005813 -0.043780 -0.375176 -0.202147 -0.369799 -0.130771 -0.274640 -0.214151 -0.194967 0.069751 -0.219779 -0.057289 -0.142818 -0.233773 -0.313291 0.354138 0.332008 0.216604 0.046369 0.111190 0.153670 -0.051040 -0.355409 -0.058503 -0.033847 -0.314736 -0.250669 0.598084 0.490180 0.433901 0.331828 1.000000 0.703292 0.033263 0.106902 0.407269 0.088061 0.135006 0.096842 0.311540 0.182033 0.154474 0.191304 0.432137 0.233613 0.203110 -0.088815 -0.050006 0.280323 -0.130882 -0.014077 -0.255867 0.014173 0.142156 0.093087 0.394986 -0.054159 -0.299334 -0.252999 -0.162198 -0.266746 0.016532 0.075314 -0.027617 -0.248550 -0.004869 -0.267077 0.299799 0.067824 -0.016021 0.017914 0.413188 0.256772 0.320462 0.255568 0.311497 0.172551 0.475394 0.443636 0.447952 0.265736 -0.022089 0.109076 0.036957 -0.425658 -0.147371 -0.221972 -0.340650 -0.428124 -0.502535 -0.180055 -0.495178 -0.083808 0.100851 0.167704 0.258028 0.270685 -0.017509 0.083119 -0.405057 0.002165 -0.346173 -0.111399 -0.238619 -0.220667 -0.295732 -0.170217 0.062146 0.093075 0.221162 0.237577 0.192712 -0.176542 -0.199777 0.027694
-0.455303 0.012875 0.017608 -0.274563 -0.264431 -0.293427 -0.044416 -0.119008 -0.318199 -0.190327 -0.065201 -0.219670 -0.219418 -0.255459 -0.333531 -0.273463 0.079349 0.281022 0.081722 0.062130 0.202470 0.148241 0.026984 -0.183642 0.113759 0.173044 -0.209590 -0.141137 0.486977 0.531558 0.585498 0.629892 0.703292 1.000000 0.213721 0.534166 0.307330 0.303662 0.132611 0.202219 0.286744 0.265640 0.224401 0.298037 0.634482 0.486167 0.180229 -0.054220 -0.164986 0.372729 -0.154842 -0.186338 -0.525501 -0.175109 -0.033390 -0.121595 0.157316 -0.085923 -0.457239 -0.276317 -0.412359 -0.401991 -0.197458 -0.107649 0.068157 0.009492 -0.087729 0.050063 0.040276 -0.058985 -0.009490 0.144599 0.324627 0.257682 0.248986 0.258076 0.327879 0.373077 0.325870 0.317052 0.293674 0.169612 -0.222497 0.028457 -0.027586 -0.312867 -0.122205 -0.198601 -0.432577 -0.572496 -0.384813 -0.126691 -0.235844 0.061644 -0.035279 0.163378 0.210566 0.089474 0.020242 -0.018235 -0.306187 -0.117433 -0.260645 -0.152967 -0.170240 -0.192840 -0.213474 -0.419291 0.081408 0.241959 0.368092 0.347663 0.235571 -0.152982 -0.153935 0.024941
-0.285399 0.097886 0.060070 -0.209156 -0.240308 -0.074284 -0.110700 -0.355181 -0.205666 -0.104146 -0.224589 -0.354027 -0.242876 -0.265552 -0.297892 -0.119334 -0.262923 0.050491 -0.065444 -0.067726 -0.085573 -0.119441 0.152734 -0.057423 0.264870 0.233505 0.150672 0.127897 -0.034134 -0.048658 0.142384 -0.029344 0.033263 0.213721 1.000000 0.564185 0.090363 0.164847 0.259505 0.060474 0.194298 0.027029 0.172202 0.128564 0.365985 0.317525 -0.031493 0.108578 -0.077642 0.260561 0.122315 -0.170322 -0.169720 0.014647 0.067515 0.037463 0.051206 0.105065 -0.134318 -0.057426 -0.171558 -0.265774 -0.051764 -0.143731 0.012641 -0.091542 0.222878 0.445046 0.109057 0.208487 -0.171701 -0.104316 -0.006531 -0.028616 0.038340 -0.064063 -0.009449 -0.017751 0.058807 0.138660 -0.086479 0.030387 -0.186983 0.097291 0.029457 0.065248 -0.002182 0.151459 0.051086 -0.161825 -0.065110 -0.036552 -0.134434 -0.041002 0.173649 0.141584 0.142059 -0.016995 -0.059092 -0.031123 -0.220629 0.029284 -0.066391 0.086373 0.199523 0.193874 -0.071220 0.031137 0.116133 -0.067217 0.470529 0.122194 -0.090868 -0.023300 0.200977 0.058868
-0.273404 -0.080527 0.253608 -0.002609 -0.121478 -0.067798 0.163854 0.034575 -0.214880 -0.103026 -0.033099 -0.124265 -0.204700 -0.174312 -0.207938 -0.079594 -0.261458 -0.244272 0.145374 -0.017788 0.062472 -0.123919 0.200045 0.106147 0.289434 0.282358 0.069858 -0.018524 -0.010307 -0.102936 0.309809 0.265519 0.106902 0.534166 0.564185 1.000000 -0.120674 0.259561 0.203189 0.177689 0.135276 0.146829 0.172171 0.254950 0.469966 0.477402 -0.215579 0.108422 -0.126414 0.270929 -0.055207 -0.252528 -0.397131 -0.332907 -0.251325 -0.308169 -0.079907 -0.227327 -0.306076 -0.039596 -0.349289 -0.220046 -0.443319 -0.454190 0.096194 0.206445 0.053086 0.594734 -0.114330 -0.080862 0.066312 0.188706 -0.094538 0.026372 0.102895 0.085596 0.133250 0.264920 -0.194431 -0.158306 -0.280724 -0.193514 -0.188648 -0.084991 -0.027177 0.004766 -0.026043 -0.039688 -0.209807 -0.387740 -0.105569 0.104146 0.061407 0.113544 -0.157013 -0.116937 -0.037012 -0.203642 -0.224253 -0.094767 -0.181799 -0.158933 -0.216704 -0.087459 -0.050943 -0.093458 0.000566 -0.214873 0.023672 0.051054 0.515564 0.098305 0.103504 -0.032172 -0.045991 -0.123527
