1.000000 0.198083 0.474585 0.172201 0.192722 0.116894 0.306681 0.109642 0.082173 0.192052 0.345709 0.294809 0.284576 0.104588 0.233758 0.237086 0.444833 -0.082669 0.197502 0.140265 0.017626 -0.217053 0.353260 0.476779 0.170748 0.040922 0.183827 0.281831 0.168681 -0.230153 -0.057793 -0.155819 -0.236001 -0.279139 -0.252410 -0.339660 -0.252470 -0.447987 0.030642 -0.212573 -0.099087 -0.354984 -0.150237 -0.233562 -0.150013 -0.087165 -0.268208 -0.109728 0.301174 0.046083 0.151910 0.211905 0.175712 -0.069772 0.099547 -0.324706 0.561387 -0.078809 -0.028269 -0.117405 0.175589 -0.032859 -0.085697 -0.125201 0.095945 0.071957 -0.259098 -0.306033 -0.020163 -0.064568 -0.089244 -0.285612 -0.076387 -0.360557 0.049983 -0.265292 -0.219264 -0.395732 0.112577 -0.253283 -0.036911 -0.275387 0.274352 -0.098989 -0.041564 -0.131180 0.371474 0.201315 0.340655 0.265303 0.153704 0.165004 0.115755 0.147699 -0.302628 -0.333593 -0.142885 -0.179053 -0.163410 -0.151221 -0.036262 -0.011690 -0.279797 -0.180009 -0.149248 -0.158283 0.034167 0.038716 -0.079895 -0.354788 -0.202443 -0.147500 -0.021338 -0.045786 -0.192160 -0.013096
0.198083 1.000000 -0.370800 0.378320 -0.159996 -0.084791 -0.529984 0.345638 0.123906 0.107461 -0.376098 0.548450 -0.213562 0.396580 -0.122098 0.280025 -0.184365 0.263579 0.084718 0.394683 -0.236385 -0.215362 -0.087170 -0.034780 -0.323721 -0.141964 -0.067488 -0.072362 -0.454570 0.085771 -0.592987 -0.434130 -0.059535 0.144742 -0.057755 -0.032925 -0.341012 -0.106848 -0.166641 0.036830 -0.354613 -0.016524 -0.363172 -0.304491 -0.140411 0.215946 -0.460667 -0.103011 0.139616 0.245317 0.013086 -0.141109 -0.185032 -0.403005 -0.261375 -0.184731 0.029084 0.456117 0.253458 0.303584 0.236682 0.249043 -0.181224 0.062558 0.065861 0.120987 0.291082 0.215183 0.451086 0.581742 -0.528089 -0.397390 -0.573623 -0.228378 -0.303063 -0.063629 -0.135091 0.071273 -0.331349 -0.053141 -0.489719 -0.063667 -0.177468 0.122563 -0.266104 -0.119164 0.016199 0.405480 -0.013222 0.076752 0.366221 0.150094 0.090823 0.067594 0.099190 0.104164 -0.007538 -0.021520 0.076043 -0.096029 0.201170 0.015596 0.099900 0.078031 0.195265 -0.068754 0.114867 -0.023096 0.103578 0.089951 -0.099741 -0.082304 -0.065754 -0.107770 -0.080178 -0.001598
0.474585 -0.370800 1.000000 0.135349 0.398401 0.145181 0.786301 -0.033183 -0.006908 0.072331 0.531443 0.056427 0.229959 -0.276864 0.241155 -0.047201 0.235223 -0.097887 0.262382 0.079031 0.114532 0.074233 0.486845 0.625277 0.552914 0.197869 0.400938 0.308554 0.290628 -0.188415 0.591513 0.360579 -0.001597 -0.227842 -0.194337 -0.341045 -0.134028 -0.301597 -0.010299 -0.165382 -0.021501 -0.368330 0.145740 -0.023271 -0.185921 -0.400601 0.128092 0.093424 -0.122684 -0.396634 0.166517 0.094262 0.278918 0.243202 0.331301 -0.137776 0.265302 -0.222350 -0.472095 -0.507634 -0.360100 -0.383383 -0.279579 -0.358420 -0.132145 -0.210572 -0.403641 -0.406636 -0.298086 -0.364577 0.307885 0.074045 0.220987 -0.121997 0.220090 -0.179905 -0.074632 -0.398461 0.098086 -0.030463 0.001732 -0.246578 0.434111 -0.066424 -0.033555 0.226775 0.527497 -0.050544 0.479340 0.361609 -0.157476 -0.129950 0.024033 0.110745 -0.077697 -0.383743 -0.044157 -0.023996 -0.140915 -0.059588 -0.055984 0.030748 -0.239234 -0.279761 -0.256068 -0.085728 -0.178438 0.035278 -0.097887 -0.129722 -0.003620 -0.031493 0.117365 0.149158 0.055807 -0.020348
0.172201 0.378320 0.135349 1.000000 0.104601 0.326358 0.132939 0.693921 0.256599 0.398590 -0.224722 0.294985 -0.176115 0.116992 0.015510 0.308245 -0.297701 -0.256533 0.236285 0.465574 0.033534 0.079333 0.221126 0.432604 0.086600 0.359050 0.273536 0.176674 -0.334385 -0.239415 -0.152561 0.105977 0.034191 0.208777 -0.104963 -0.019048 -0.353937 -0.400819 -0.301175 -0.103406 -0.217070 -0.019503 -0.145588 -0.207626 0.004103 0.379168 -0.252474 -0.122001 0.025902 0.108976 0.156873 -0.038340 -0.153616 -0.370616 -0.131952 -0.331655 -0.168955 -0.208809 -0.168733 -0.183147 -0.219529 0.022299 -0.313849 -0.522881 0.005385 0.201658 0.025293 0.101626 0.012968 -0.041450 -0.094345 -0.173415 -0.315766 -0.346212 -0.199848 -0.142018 -0.224664 -0.280154 -0.364429 -0.268372 -0.560558 -0.509523 -0.107242 0.128522 -0.309649 -0.022400 0.178520 0.378968 0.174129 0.334337 0.140396 -0.032148 0.334944 0.237666 0.061675 0.042308 -0.100447 -0.007429 -0.025879 -0.307992 0.407443 0.249751 0.170249 0.111787 0.081038 -0.049430 -0.207665 -0.120984 0.241340 -0.017786 -0.177665 -0.138489 -0.231822 -0.091792 -0.178287 0.070997
0.192722 -0.159996 0.398401 0.104601 1.000000 0.480146 0.281623 0.055480 0.527631 0.212313 0.111377 0.003579 -0.064246 -0.266757 0.513517 0.106050 0.016660 -0.269151 0.063754 -0.018087 0.131227 0.357808 0.552289 0.339166 0.602519 0.608520 0.706781 0.603357 0.035991 -0.363055 0.257601 0.042018 -0.303611 -0.296004 -0.006077 -0.083653 0.177127 -0.103637 0.261770 -0.032419 0.251441 0.157352 -0.029897 -0.018564 -0.139506 -0.074628 -0.064163 -0.107230 0.045628 -0.138905 0.042756 -0.055443 -0.158594 -0.064337 0.114831 -0.186835 -0.023603 -0.057376 -0.108751 -0.179398 -0.281333 -0.416010 -0.187434 -0.330676 -0.213537 -0.293814 -0.068718 -0.105971 -0.123815 -0.181344 0.307580 0.132624 0.143684 -0.223448 -0.326649 -0.232294 -0.301394 -0.277921 -0.016785 -0.167996 -0.044935 -0.301958 0.319718 -0.015602 -0.056250 -0.175290 0.073330 0.035988 0.236333 -0.018908 -0.016266 0.140449 0.208184 0.418589 -0.132657 -0.168865 -0.121513 -0.200944 -0.146860 -0.220607 0.008649 0.381251 -0.093269 0.171574 -0.042244 0.257856 -0.127464 -0.156611 -0.065467 -0.419006 0.015788 -0.162103 0.196969 -0.163279 -0.032232 -0.086130
0.116894 -0.084791 0.145181 0.326358 0.480146 1.000000 0.188425 0.420856 0.674594 0.623690 0.060730 0.100789 0.109956 0.171747 0.607865 0.457655 -0.025891 -0.333947 0.067126 0.144319 0.212466 0.564443 0.269679 0.325217 0.325176 0.642945 0.404549 0.302693 0.088774 -0.027960 0.092901 0.216495 -0.323282 -0.145744 -0.188460 0.052598 0.095596 -0.142183 -0.033003 -0.118951 0.224302 0.347831 -0.049407 -0.109673 0.035079 0.237890 -0.100553 -0.207109 0.032729 0.182651 -0.081455 -0.051043 -0.058961 -0.236796 0.072133 -0.209332 -0.105967 -0.417204 0.003727 -0.056208 -0.150435 0.050169 -0.071749 -0.353703 0.088870 0.207362 -0.204121 -0.159564 -0.167042 -0.283837 0.275814 0.247547 0.092469 0.047149 -0.181318 -0.042739 -0.322857 -0.358620 -0.187358 -0.250427 -0.078085 -0.411257 -0.013775 0.007008 -0.201522 -0.349532 0.050212 -0.008942 0.054991 0.204944 -0.174814 -0.068303 0.181900 0.302079 -0.030025 0.075028 -0.285722 -0.148457 -0.144737 -0.197466 0.102960 0.113885 -0.070394 0.020436 -0.092966 0.055554 -0.293552 -0.071073 0.168158 -0.247910 -0.280632 -0.335103 -0.177283 -0.121792 -0.199203 -0.077155
0.306681 -0.529984 0.786301 0.132939 0.281623 0.188425 1.000000 0.152655 -0.049048 0.171972 0.620906 -0.162153 0.450650 -0.141219 0.238039 -0.108547 0.218523 -0.345309 0.254208 -0.031529 0.256474 0.119433 0.407067 0.371625 0.426411 0.084612 0.185347 0.168519 0.367511 -0.167289 0.618761 0.419940 0.021148 -0.148708 -0.086969 -0.057747 -0.115716 -0.281639 -0.033652 -0.293721 0.124184 -0.234114 0.111235 -0.127152 -0.018023 -0.192582 0.057408 -0.143737 -0.120586 -0.260729 0.125885 0.097548 0.332119 0.216447 0.223776 -0.258050 0.073567 -0.445175 -0.430006 -0.432106 -0.276309 -0.097314 -0.019410 -0.223323 0.087612 0.029074 -0.426750 -0.249545 -0.528327 -0.582262 0.434202 0.144152 0.340201 -0.022176 0.266086 -0.087930 -0.090096 -0.400841 -0.000639 -0.208903 0.162502 -0.320732 0.470189 0.020060 0.039596 0.059705 0.450063 -0.189682 0.291003 0.195974 -0.130018 -0.076147 0.293640 0.180774 -0.225141 -0.344420 -0.302777 -0.239527 -0.273919 -0.081088 0.104309 0.136111 -0.013843 -0.124761 -0.300875 0.038520 -0.279983 -0.132647 -0.142742 -0.125089 -0.079576 0.000155 0.135605 0.002661 -0.013280 -0.131549
0.109642 0.345638 -0.033183 0.693921 0.055480 0.420856 0.152655 1.000000 0.335935 0.691746 -0.092821 0.370308 0.083438 0.583999 0.220278 0.419776 -0.262023 -0.240314 0.198226 0.255769 -0.060483 0.101675 0.171150 0.128186 -0.093961 0.191478 0.117084 -0.039607 -0.237829 0.063721 -0.161567 0.045563 -0.065783 0.166056 0.010525 0.294748 -0.336430 -0.241824 -0.345347 -0.220511 -0.217446 0.022971 -0.409028 -0.421125 -0.072507 0.404162 -0.439865 -0.369519 -0.088329 0.198448 -0.095883 -0.139444 -0.171997 -0.392831 -0.254969 -0.457536 -0.241991 -0.127507 0.021420 0.030517 -0.026513 0.303990 -0.138736 -0.322190 0.224449 0.345627 0.022402 0.211248 -0.032641 -0.002958 -0.051619 0.008026 -0.271746 -0.140754 -0.256067 -0.134502 -0.163133 -0.083744 -0.367741 -0.203178 -0.353825 -0.312561 -0.122721 0.085743 -0.285446 -0.348495 0.160471 0.148199 0.041285 0.104940 0.102994 0.109323 0.422445 0.274482 -0.017527 -0.041571 -0.316372 -0.140264 -0.335690 -0.338443 0.431192 0.217729 0.146735 0.117123 -0.016809 0.088384 -0.305336 -0.253221 0.245386 -0.085223 -0.171479 -0.218267 -0.234503 -0.203410 -0.112626 -0.155824
0.082173 0.123906 -0.006908 0.256599 0.527631 0.674594 -0.049048 0.335935 1.000000 0.481987 -0.186967 0.119527 -0.131605 0.080331 0.606689 0.391382 -0.144909 -0.197467 0.077320 0.112815 0.190108 0.486764 0.309139 0.136868 0.240006 0.534896 0.535038 0.309754 -0.032655 -0.113415 -0.089191 -0.026478 -0.409879 -0.200371 -0.203274 -0.063692 0.045183 -0.115906 -0.026139 -0.151095 0.108844 0.291508 -0.196624 -0.087301 0.017080 0.278477 -0.155155 -0.218176 0.124693 0.156391 -0.088841 -0.048163 -0.187915 -0.309278 -0.006395 -0.176885 -0.240837 -0.109107 0.173562 0.056404 -0.033333 0.089842 -0.256909 -0.340631 0.068879 0.111894 0.131572 0.138979 0.008075 -0.103031 0.251108 0.194770 0.034900 -0.087360 -0.249759 -0.175288 -0.355854 -0.139785 -0.116402 -0.116530 -0.209002 -0.337482 0.021429 -0.020326 -0.341864 -0.358214 0.056842 0.165691 0.094292 0.028329 0.027216 -0.004855 0.121991 0.293110 -0.002074 0.004646 -0.265711 -0.210117 -0.091243 -0.323023 0.015860 0.291888 -0.076708 0.193020 0.119374 0.138799 -0.093490 -0.006177 -0.063141 -0.179817 -0.010448 -0.202638 0.032806 -0.296606 -0.091536 -0.246557
0.192052 0.107461 0.072331 0.398590 0.212313 0.623690 0.171972 0.691746 0.481987 1.000000 0.107034 0.243985 0.262121 0.506084 0.503367 0.655950 0.004749 -0.278603 0.125788 0.206910 0.014722 0.243310 0.160057 0.264546 0.084172 0.347586 0.129657 0.013320 0.078733 0.148166 -0.004215 0.187854 -0.195057 -0.032318 -0.101975 0.231301 -0.076046 -0.228631 -0.057744 -0.242568 0.033851 0.068426 -0.232515 -0.337667 -0.038068 0.294202 -0.270668 -0.322777 0.079979 0.296919 -0.208140 -0.067835 0.085721 -0.264495 0.062855 -0.370732 -0.103442 -0.294622 0.089864 0.103940 -0.053851 0.286888 -0.102265 -0.351880 0.206219 0.328379 -0.188509 -0.078188 -0.022767 -0.137690 0.140092 0.208129 -0.017202 0.010193 -0.108662 -0.028722 -0.150201 -0.229586 -0.265076 -0.238248 -0.161098 -0.357555 0.017746 0.168039 -0.196677 -0.445032 0.212214 -0.048565 0.038100 0.204795 0.089784 0.039375 0.345149 0.210239 -0.054316 -0.036336 -0.324305 -0.189036 -0.241506 -0.232693 0.234431 0.054399 -0.021484 -0.142382 -0.251220 -0.141065 -0.405451 -0.154679 0.201531 -0.230576 -0.365281 -0.386623 -0.335146 -0.290985 -0.203579 -0.121758
0.345709 -0.376098 0.531443 -0.224722 0.111377 0.060730 0.620906 -0.092821 -0.186967 0.107034 1.000000 0.167570 0.803330 0.109937 0.324618 0.087543 0.657274 -0.001059 0.056636 -0.140744 0.074257 -0.016804 0.230648 0.300496 0.186214 -0.136493 -0.093201 0.137189 0.735464 0.225178 0.565162 0.468876 -0.029168 -0.242062 -0.187394 -0.073846 0.011785 -0.115179 0.152796 -0.193448 0.293196 -0.154702 -0.044794 -0.117161 -0.118450 -0.235367 0.052782 -0.083506 -0.109032 -0.084498 -0.216748 0.237800 0.394855 0.196533 0.267754 -0.253026 0.329947 -0.336415 -0.303544 -0.235503 -0.141298 0.029248 -0.000890 -0.003088 0.036995 0.174229 -0.596176 -0.474370 -0.322191 -0.413666 0.315962 0.184805 0.550772 0.217368 0.378633 0.201893 0.109012 -0.163730 0.294541 0.076235 0.452692 -0.063466 0.546001 0.125970 0.299188 0.043993 0.373256 -0.176264 0.215884 0.104386 -0.149285 -0.176863 0.064212 -0.009917 -0.276310 -0.338602 -0.348950 -0.429451 -0.282804 -0.076179 -0.058201 -0.147388 -0.227993 -0.375499 -0.541775 -0.141846 -0.274976 -0.217512 -0.276187 -0.072410 -0.299654 -0.108247 -0.045276 -0.042995 -0.055742 -0.168203
0.294809 0.548450 0.056427 0.294985 0.003579 0.100789 -0.162153 0.370308 0.119527 0.243985 0.167570 1.000000 0.101620 0.577514 0.186184 0.524359 0.153622 0.522945 -0.054864 0.243691 -0.316632 -0.251282 0.165672 0.339669 -0.164147 -0.046386 0.065137 0.051058 -0.045129 0.405591 -0.212290 -0.023135 -0.078330 -0.013323 -0.117827 -0.027817 -0.301040 -0.053312 -0.152172 0.091052 -0.256199 -0.077622 -0.345268 -0.118730 -0.241110 0.084352 -0.376602 0.015821 -0.016756 0.171238 -0.241174 0.042409 -0.173080 -0.319933 -0.091403 -0.167555 0.158003 0.191330 -0.094677 -0.093365 0.022175 0.163370 -0.335979 -0.103754 0.111690 0.276880 -0.154963 -0.182419 0.074154 0.214589 -0.320855 -0.171232 -0.208078 -0.059679 -0.147257 0.001260 -0.059675 0.075213 -0.063752 0.259411 -0.245180 0.042019 0.092790 0.194556 -0.122142 0.134412 0.354466 0.367703 0.251924 0.315678 -0.036067 -0.152107 -0.119541 0.023074 -0.052167 0.015801 -0.172111 -0.141483 -0.160023 -0.203863 -0.014817 -0.076279 -0.299844 -0.274500 -0.169600 -0.135961 -0.249851 -0.194523 0.040961 0.052508 -0.232949 -0.299162 -0.320914 -0.094120 -0.177472 -0.000210
0.284576 -0.213562 0.229959 -0.176115 -0.064246 0.109956 0.450650 0.083438 -0.131605 0.262121 0.803330 0.101620 1.000000 0.333520 0.334020 0.126608 0.681435 -0.086982 0.012298 -0.172589 -0.006825 -0.085022 -0.035508 0.058662 -0.090731 -0.274673 -0.283544 -0.028080 0.699689 0.265152 0.273946 0.324609 -0.146170 -0.271930 -0.228300 0.008920 -0.062989 -0.136220 0.039727 -0.175753 0.204183 -0.096489 -0.238054 -0.259981 -0.124714 -0.102557 -0.134519 -0.242793 0.033654 0.094216 -0.290999 0.169531 0.408591 0.144325 0.201861 -0.271597 0.303676 -0.352450 -0.107179 0.004638 0.046804 0.250414 0.160812 0.073835 0.105449 0.303061 -0.489780 -0.316201 -0.236936 -0.332903 0.233460 0.134728 0.458905 0.206156 0.362446 0.168435 0.087567 -0.194147 0.253011 -0.110728 0.482911 -0.156509 0.390616 0.015963 0.191045 -0.160760 0.315555 -0.292071 -0.038750 0.086690 0.040989 0.062024 0.236666 0.026845 -0.255922 -0.266019 -0.388763 -0.372451 -0.231001 0.007471 0.101379 -0.165094 -0.097338 -0.284565 -0.441935 -0.141490 -0.226236 -0.134652 -0.138209 -0.060931 -0.352805 -0.022965 -0.005571 -0.094337 -0.088539 -0.198507
0.104588 0.396580 -0.276864 0.116992 -0.266757 0.171747 -0.141219 0.583999 0.080331 0.506084 0.109937 0.577514 0.333520 1.000000 0.220414 0.555618 0.120765 0.247608 -0.016418 0.138796 -0.199384 -0.144784 -0.121352 -0.087454 -0.343841 -0.178375 -0.330594 -0.275312 -0.001261 0.519854 -0.248822 -0.030383 0.056635 0.191915 0.074368 0.399543 -0.154204 0.013814 -0.092797 -0.062755 -0.140959 0.049465 -0.459536 -0.380534 -0.054142 0.263201 -0.457156 -0.283168 -0.021009 0.450274 -0.358312 -0.043426 -0.141377 -0.311517 -0.219476 -0.303103 0.033058 0.033364 0.126835 0.189641 0.295023 0.593987 0.061392 0.155312 0.453636 0.546546 -0.100979 -0.016783 0.073333 0.199495 -0.317059 -0.097595 -0.199295 0.087809 -0.152635 0.061543 -0.090593 0.059048 -0.088264 0.075095 -0.007129 0.092335 -0.033006 0.238644 -0.032595 -0.272492 0.141763 0.077302 -0.069957 0.058556 0.033652 0.046379 0.108783 0.003386 -0.128753 0.069452 -0.332407 -0.188904 -0.293493 -0.088640 0.142033 -0.110957 -0.101080 -0.238177 -0.189448 -0.140543 -0.263769 -0.278128 0.209354 -0.057409 -0.349568 -0.272660 -0.297701 -0.116864 -0.253263 -0.068783
0.233758 -0.122098 0.241155 0.015510 0.513517 0.607865 0.238039 0.220278 0.606689 0.503367 0.324618 0.186184 0.334020 0.220414 1.000000 0.443721 0.242229 -0.219050 0.056333 -0.093845 0.207139 0.339602 0.489909 0.165176 0.381924 0.382585 0.292152 0.140494 0.353230 0.069712 0.260235 0.232417 -0.347684 -0.245430 -0.143703 0.024284 0.119740 -0.107974 0.241937 -0.208172 0.264459 0.199850 -0.282785 -0.247896 -0.167611 0.018880 -0.213931 -0.256009 -0.008206 0.101091 -0.337014 0.013740 -0.125639 -0.197006 0.179410 -0.282184 -0.037708 -0.268784 0.048380 -0.049156 0.000463 0.067982 -0.213273 -0.252322 0.237787 0.242227 -0.237531 -0.185781 -0.140714 -0.251671 0.279836 0.163728 0.299738 -0.050544 -0.110423 -0.144784 -0.346318 -0.338594 0.063298 -0.136489 0.107368 -0.271439 0.460393 0.000878 -0.042901 -0.271919 0.233477 -0.001864 0.274645 0.112609 -0.057787 0.074187 0.224823 0.459113 -0.239680 -0.098185 -0.407099 -0.356505 -0.284915 -0.190505 0.034019 0.165480 -0.253377 -0.078514 -0.314832 0.145258 -0.289861 -0.227196 -0.093590 -0.318693 -0.258753 -0.262409 -0.035111 -0.202334 -0.102636 -0.167054
0.237086 0.280025 -0.047201 0.308245 0.106050 0.457655 -0.108547 0.419776 0.391382 0.655950 0.087543 0.524359 0.126608 0.555618 0.443721 1.000000 0.099640 0.051197 0.015601 0.237556 0.014619 0.103784 0.239659 0.327855 -0.003142 0.234407 0.051916 0.054944 0.024272 0.302617 -0.100105 0.103750 -0.116153 0.017199 -0.110110 0.177808 -0.015180 -0.116636 0.106946 -0.002946 0.028564 0.169339 -0.310951 -0.253896 -0.122664 0.236210 -0.365900 -0.256807 0.029977 0.336340 -0.291697 0.027454 -0.128812 -0.483616 0.043162 -0.218682 -0.022381 -0.173260 0.139909 0.075876 0.034462 0.301355 -0.227313 -0.206537 0.328377 0.444382 -0.170231 -0.224176 0.045884 -0.018213 -0.091768 0.018730 -0.071281 -0.009942 -0.143676 0.076884 -0.200396 -0.097554 -0.220669 -0.135858 -0.266345 -0.258926 0.147801 0.461259 -0.179982 -0.207975 0.139449 0.331106 0.204439 0.210121 0.014620 -0.118333 0.131037 0.182371 -0.051347 0.256371 -0.219343 -0.170276 -0.154078 -0.215721 0.084056 -0.057391 -0.156244 -0.233588 -0.153090 -0.190890 -0.304345 -0.203153 0.156917 -0.114823 -0.439775 -0.468080 -0.390464 -0.208533 -0.350156 0.058652
0.444833 -0.184365 0.235223 -0.297701 0.016660 -0.025891 0.218523 -0.262023 -0.144909 0.004749 0.657274 0.153622 0.681435 0.120765 0.242229 0.099640 1.000000 0.121613 -0.121405 -0.245229 0.115652 -0.119673 0.029056 0.205126 0.048047 -0.126199 -0.095598 0.113940 0.770884 0.147586 0.178089 0.221722 -0.249452 -0.387277 -0.270005 -0.217684 0.157546 -0.155845 0.223917 -0.115784 0.238236 -0.233949 -0.018952 0.000884 -0.247127 -0.277872 0.000085 0.032049 0.153955 -0.004112 -0.150924 0.254567 0.252044 0.267289 0.346273 -0.012638 0.567827 -0.299768 -0.245922 -0.254077 -0.017483 -0.048143 0.150409 0.086176 -0.115249 0.100580 -0.485028 -0.517477 -0.095929 -0.232054 0.169245 -0.020298 0.449536 0.057258 0.419291 0.085018 0.091403 -0.225520 0.569390 -0.046846 0.616333 -0.056483 0.347371 -0.106572 0.463516 0.058288 0.297868 -0.079685 0.182040 0.238303 0.064026 -0.055095 -0.134019 -0.165945 -0.310585 -0.284653 -0.122501 -0.262337 0.038441 0.091399 -0.296109 -0.279721 -0.410763 -0.420756 -0.382508 -0.238178 -0.090934 0.000247 -0.210809 -0.203273 -0.271090 0.048538 0.077066 -0.037702 -0.070006 -0.096725
-0.082669 0.263579 -0.097887 -0.256533 -0.269151 -0.333947 -0.345309 -0.240314 -0.197467 -0.278603 -0.001059 0.522945 -0.086982 0.247608 -0.219050 0.051197 0.121613 1.000000 -0.214865 0.085415 -0.364933 -0.416445 -0.213532 -0.011005 -0.271851 -0.350670 -0.217148 -0.216288 -0.053196 0.536278 -0.194615 -0.164524 0.146824 0.073014 -0.067922 -0.179979 -0.070050 0.338592 -0.070079 0.292894 -0.345454 -0.164913 -0.110075 0.163937 -0.132479 -0.226264 -0.033705 0.213275 -0.074467 -0.006040 -0.181174 -0.005756 -0.131573 0.037816 -0.069123 0.269586 0.206627 0.418405 -0.033783 -0.101154 0.163542 0.022816 -0.011269 0.387240 -0.012387 -0.011245 -0.025088 -0.122194 0.140392 0.287064 -0.423656 -0.202965 -0.165666 0.124058 -0.046003 0.041534 0.055819 0.248615 0.222997 0.682958 0.080308 0.579977 -0.119413 0.176565 0.042990 0.464410 0.138357 0.121031 -0.050396 0.169935 -0.201350 -0.174279 -0.487650 -0.350584 0.127116 0.077110 0.165609 0.164588 0.069080 0.185704 -0.433741 -0.277741 -0.366277 -0.235100 -0.015038 -0.084057 -0.000246 0.056692 -0.017702 0.216063 0.050873 -0.054447 -0.047145 0.150781 -0.030410 0.010671
0.197502 0.084718 0.262382 0.236285 0.063754 0.067126 0.254208 0.198226 0.077320 0.125788 0.056636 -0.054864 0.012298 -0.016418 0.056333 0.015601 -0.121405 -0.214865 1.000000 0.543061 0.050766 -0.043556 0.317606 0.113522 0.037194 -0.105583 0.007765 -0.047927 -0.019676 -0.240649 0.259952 0.036842 0.248029 0.210812 0.143201 0.076345 -0.407569 -0.427205 -0.309638 -0.372595 -0.273424 -0.298689 -0.024336 -0.325972 0.013228 0.014644 -0.182882 -0.190627 -0.131721 -0.090963 0.065744 -0.282876 0.116059 -0.098418 -0.268970 -0.405710 0.013049 0.090934 -0.010093 -0.062018 0.014046 0.015870 -0.109492 -0.219332 0.146516 -0.084183 0.130841 0.193862 0.039448 0.083660 -0.119821 -0.172395 -0.265389 -0.335284 -0.191770 -0.264340 -0.157281 -0.169355 -0.214791 -0.103489 -0.147310 -0.255827 0.306375 0.109112 -0.088100 -0.141115 0.056209 0.129968 0.276520 0.003739 -0.003938 0.156420 0.073012 0.164739 0.157109 -0.209046 -0.130537 -0.126734 -0.302688 -0.192409 0.122076 0.297696 0.007778 0.224999 -0.021913 -0.018686 0.109855 0.139367 -0.016617 0.023990 0.149123 0.038488 0.054088 0.084612 0.151535 -0.207249
0.140265 0.394683 0.079031 0.465574 -0.018087 0.144319 -0.031529 0.255769 0.112815 0.206910 -0.140744 0.243691 -0.172589 0.138796 -0.093845 0.237556 -0.245229 0.085415 0.543061 1.000000 -0.149704 0.005372 0.065149 0.306561 -0.092278 -0.010068 -0.037275 0.015485 -0.277512 -0.040701 -0.075939 0.001685 0.301165 0.357414 0.071779 -0.003806 -0.342217 -0.260298 -0.239426 -0.064100 -0.282574 -0.064080 -0.035095 -0.306288 0.158506 0.126228 -0.176989 -0.133855 0.003660 0.193860 0.077372 -0.241761 -0.073748 -0.340218 -0.279484 -0.308438 0.094118 0.093841 -0.016484 -0.024853 -0.039733 0.066584 -0.264908 -0.289102 0.093174 0.030054 0.121405 0.063714 0.241831 0.304384 -0.257183 -0.161482 -0.406796 -0.264415 -0.288008 -0.115104 -0.162449 -0.204693 -0.305368 0.012145 -0.411381 -0.257389 -0.063709 0.403877 -0.202310 -0.003861 0.013539 0.190989 -0.001035 0.113688 0.008208 -0.046183 0.039250 0.004271 0.243058 0.216042 0.011967 0.053432 -0.072001 -0.022718 0.093731 0.068474 0.052954 0.058267 0.181570 -0.126888 0.119446 0.204578 0.282961 0.045169 -0.119808 -0.148084 -0.123998 0.074746 -0.109228 0.103006
0.017626 -0.236385 0.114532 0.033534 0.131227 0.212466 0.256474 -0.060483 0.190108 0.014722 0.074257 -0.316632 -0.006825 -0.199384 0.207139 0.014619 0.115652 -0.364933 0.050766 -0.149704 1.000000 0.490579 0.153580 0.028308 0.422523 0.334974 0.239124 0.142303 0.194441 -0.212554 0.227695 0.242733 -0.066585 -0.075395 -0.064351 -0.049273 0.212305 -0.187117 0.161338 -0.351917 0.390525 0.115968 0.205895 0.016756 0.051654 0.055493 0.152581 0.003240 0.030962 -0.021912 0.215131 0.228576 0.103587 -0.088380 0.184082 -0.062645 -0.108526 -0.358233 -0.014964 -0.121385 -0.095047 -0.000818 0.121090 0.033358 0.054011 0.118813 -0.054452 -0.105324 -0.038664 -0.353417 0.418923 0.198700 0.320532 0.030322 0.229744 0.035337 -0.157467 -0.271512 0.035286 -0.300289 0.147621 -0.310634 0.190044 -0.003652 0.149920 -0.061494 0.084251 0.192193 0.293450 0.051751 0.008455 -0.145333 0.078380 0.058831 -0.257792 -0.130970 -0.245259 -0.319062 0.113257 -0.147069 0.007750 0.065147 0.101816 0.026653 -0.089777 0.136536 -0.336985 -0.254074 -0.220967 -0.156332 -0.166715 -0.030201 0.069605 -0.177954 -0.106318 -0.119349
-0.217053 -0.215362 0.074233 0.079333 0.357808 0.564443 0.119433 0.101675 0.486764 0.243310 -0.016804 -0.251282 -0.085022 -0.144784 0.339602 0.103784 -0.119673 -0.416445 -0.043556 0.005372 0.490579 1.000000 0.078238 0.059036 0.385364 0.558301 0.376831 0.314820 0.092767 -0.103419 0.271172 0.363726 -0.195774 -0.146177 -0.127127 0.020527 0.336055 0.036595 0.165866 -0.100095 0.492048 0.444066 0.171394 -0.030201 0.055030 0.033933 0.225208 0.028978 -0.092183 0.003755 0.029937 -0.044748 -0.049275 -0.052235 0.148449 -0.020816 -0.192500 -0.314854 0.068492 0.026371 -0.205254 -0.011012 0.002443 -0.246605 -0.051437 0.006410 0.055005 0.031037 0.014394 -0.189180 0.597997 0.540856 0.336522 0.262258 -0.003936 0.118643 -0.095204 -0.037663 -0.113962 -0.246687 -0.008810 -0.377694 -0.064605 0.005146 -0.132794 -0.320636 -0.177571 0.042249 -0.063821 -0.086117 -0.041568 -0.279008 0.074318 0.028515 0.040549 0.056796 -0.190395 -0.249437 0.052706 -0.238035 0.060662 0.048630 0.060515 0.068080 -0.009064 0.136470 -0.153201 -0.133502 -0.142033 -0.014224 -0.102672 -0.093108 0.008599 -0.283879 0.102113 -0.236430
0.353260 -0.087170 0.486845 0.221126 0.552289 0.269679 0.407067 0.171150 0.309139 0.160057 0.230648 0.165672 -0.035508 -0.121352 0.489909 0.239659 0.029056 -0.213532 0.317606 0.065149 0.153580 0.078238 1.000000 0.308982 0.530438 0.434625 0.453872 0.210768 0.106722 -0.229686 0.500741 0.263966 -0.138827 -0.041895 0.109506 0.031208 -0.037079 -0.271226 -0.029138 -0.245018 -0.008301 -0.106526 -0.104569 -0.194473 -0.243029 -0.120491 -0.248682 -0.166123 -0.263203 -0.262036 -0.000593 -0.138034 -0.230196 -0.211355 -0.046744 -0.323288 -0.074693 -0.110938 -0.117708 -0.293537 -0.206106 -0.224819 -0.468056 -0.369419 0.097321 -0.097700 -0.165403 -0.166319 -0.124734 -0.154018 0.166851 -0.087372 -0.008630 -0.390614 -0.182284 -0.298197 -0.142285 -0.204646 -0.048345 -0.204892 -0.201181 -0.321667 0.556938 0.143241 -0.055789 -0.041795 0.276689 0.308844 0.591034 0.118927 -0.045356 0.043316 0.182894 0.470959 -0.154425 -0.203373 -0.105573 -0.171209 -0.314192 -0.263361 -0.027595 0.409583 -0.262134 0.135906 -0.164012 0.126410 -0.164741 -0.105579 -0.056863 -0.141638 0.007885 -0.183976 0.041497 -0.043165 -0.013084 -0.023977
0.476779 -0.034780 0.625277 0.432604 0.339166 0.325217 0.371625 0.128186 0.136868 0.264546 0.300496 0.339669 0.058662 -0.087454 0.165176 0.327855 0.205126 -0.011005 0.113522 0.306561 0.028308 0.059036 0.308982 1.000000 0.368071 0.399617 0.405237 0.457397 0.104991 -0.133975 0.148061 0.217947 0.023657 -0.092610 -0.304294 -0.331769 -0.071339 -0.343205 0.062393 0.011461 0.057267 -0.107168 0.135703 0.019714 -0.124321 -0.088736 0.056737 0.108673 0.083217 0.023873 0.159454 0.258455 0.166408 -0.040825 0.307905 -0.150335 0.262392 -0.294444 -0.458357 -0.446659 -0.284875 -0.254071 -0.284933 -0.466913 -0.164746 0.018867 -0.425961 -0.475876 -0.118082 -0.179160 0.109775 0.056351 0.146111 -0.060343 0.116335 -0.001718 -0.162717 -0.437067 -0.097996 -0.048558 -0.193367 -0.368741 0.119649 0.050455 -0.111396 0.165580 0.384945 0.169858 0.331517 0.442288 -0.068805 -0.158320 0.009982 0.024864 -0.174749 -0.141429 -0.090035 -0.093314 0.028712 -0.096251 -0.002162 -0.083536 -0.233137 -0.352470 -0.215934 -0.250748 -0.159589 -0.033888 0.056830 -0.232876 -0.292870 -0.258415 -0.118265 -0.013720 -0.228530 0.069479
0.170748 -0.323721 0.552914 0.086600 0.602519 0.325176 0.426411 -0.093961 0.240006 0.084172 0.186214 -0.164147 -0.090731 -0.343841 0.381924 -0.003142 0.048047 -0.271851 0.037194 -0.092278 0.422523 0.385364 0.530438 0.368071 1.000000 0.645580 0.559228 0.240462 0.173283 -0.394042 0.497295 0.263942 -0.076900 -0.136178 -0.075515 -0.189491 0.225143 -0.261861 0.240544 -0.229451 0.313708 -0.019263 0.214638 0.074071 -0.103846 -0.187900 0.152254 0.048902 -0.124313 -0.252101 0.173120 0.070115 -0.005481 0.115325 0.291198 -0.149673 -0.027381 -0.268339 -0.300108 -0.285791 -0.345768 -0.357290 -0.167424 -0.255240 -0.165044 -0.217654 -0.221695 -0.261240 -0.094394 -0.309887 0.361860 0.021956 0.267707 -0.198728 0.043262 -0.174676 -0.199150 -0.405987 0.040197 -0.208167 -0.000416 -0.306875 0.327305 -0.050425 0.041639 -0.019051 0.218051 0.012978 0.444257 0.152985 -0.044844 0.056675 0.160541 0.256622 -0.279600 -0.316900 -0.086643 -0.133900 -0.041442 -0.097330 0.003598 0.199558 -0.078536 -0.004196 -0.115737 0.178613 -0.286788 -0.154233 -0.149547 -0.365171 -0.037287 -0.109026 0.132720 -0.014897 -0.084521 0.061180
0.040922 -0.141964 0.197869 0.359050 0.608520 0.642945 0.084612 0.191478 0.534896 0.347586 -0.136493 -0.046386 -0.274673 -0.178375 0.382585 0.234407 -0.126199 -0.350670 -0.105583 -0.010068 0.334974 0.558301 0.434625 0.399617 0.645580 1.000000 0.626318 0.479139 -0.076306 -0.331801 0.151061 0.236064 -0.196183 -0.013962 -0.012296 0.034877 0.376997 -0.130226 0.161253 -0.039545 0.331319 0.302447 0.180750 0.092478 -0.032254 0.154702 0.042777 0.060269 -0.098555 -0.011346 0.081403 0.003441 -0.247364 -0.165475 0.120412 -0.114265 -0.144764 -0.302465 -0.139277 -0.225757 -0.287450 -0.311233 -0.164436 -0.411382 -0.101648 -0.058653 -0.133124 -0.158819 -0.009578 -0.208844 0.241418 0.123726 0.069489 -0.156901 -0.230562 -0.144521 -0.182769 -0.263085 -0.066394 -0.260523 -0.164323 -0.389907 -0.036649 -0.000984 -0.021511 -0.172438 0.008702 0.190771 0.256044 0.140120 -0.040435 -0.051902 0.136555 0.217642 -0.146562 -0.002243 -0.023049 -0.041319 0.041681 -0.204493 -0.001079 0.223617 -0.085826 0.079459 -0.039436 0.056625 -0.290034 -0.128462 0.049951 -0.315663 -0.168811 -0.306427 -0.079905 -0.201683 -0.193553 0.090649
0.183827 -0.067488 0.400938 0.273536 0.706781 0.404549 0.185347 0.117084 0.535038 0.129657 -0.093201 0.065137 -0.283544 -0.330594 0.292152 0.051916 -0.095598 -0.217148 0.007765 -0.037275 0.239124 0.376831 0.453872 0.405237 0.559228 0.626318 1.000000 0.682078 -0.070788 -0.384037 0.140913 0.064603 -0.330651 -0.298821 -0.140883 -0.221196 0.056113 -0.109412 0.092759 0.093759 0.050648 0.021540 0.056439 0.126533 -0.142589 -0.044614 0.029191 0.083212 -0.061403 -0.267590 0.160254 -0.050586 -0.122338 -0.051351 0.080772 0.006434 -0.076129 -0.015030 -0.113540 -0.251192 -0.374749 -0.479796 -0.255770 -0.437124 -0.308234 -0.381452 0.033667 -0.017722 0.007339 -0.066574 0.340685 0.120470 0.063418 -0.213873 -0.129936 -0.296276 -0.193880 -0.199897 -0.020118 -0.133455 -0.174689 -0.241691 0.177854 -0.124673 -0.135400 -0.045734 0.214460 0.262708 0.342388 0.112679 0.009689 0.035183 0.035832 0.224210 -0.115160 -0.177025 0.040410 0.036297 -0.009995 -0.210764 -0.055766 0.310307 -0.142671 0.112536 -0.006073 0.115523 -0.246870 -0.162092 -0.056599 -0.250821 0.151986 -0.089964 0.150581 -0.200764 -0.003213 -0.073927
0.281831 -0.072362 0.308554 0.176674 0.603357 0.302693 0.168519 -0.039607 0.309754 0.013320 0.137189 0.051058 -0.028080 -0.275312 0.140494 0.054944 0.113940 -0.216288 -0.047927 0.015485 0.142303 0.314820 0.210768 0.457397 0.240462 0.479139 0.682078 1.000000 0.031470 -0.282188 0.074219 0.078758 -0.250934 -0.306629 -0.165031 -0.201067 0.169671 0.001872 0.319670 0.315269 0.297415 0.247616 0.149388 0.135750 -0.061987 -0.010392 0.092833 0.074041 0.009919 -0.081168 0.075511 -0.000532 0.039346 -0.059650 0.095123 -0.073044 0.222237 -0.053521 -0.047884 -0.171895 -0.221268 -0.443632 -0.053284 -0.319139 -0.271745 -0.301718 -0.111520 -0.168077 0.042089 -0.047856 0.247938 0.192617 0.135247 -0.011896 -0.114404 -0.018833 -0.109556 -0.162514 0.085957 -0.134440 -0.031741 -0.251637 0.213969 0.089285 0.016987 -0.092323 0.104624 0.265818 0.117096 -0.020261 0.086558 -0.060122 0.006894 0.033039 -0.111197 -0.032831 0.022030 -0.131749 0.071962 -0.197436 -0.096368 0.104003 -0.106204 -0.040992 -0.076069 -0.051798 -0.125415 -0.213662 -0.053030 -0.287258 -0.111466 -0.149992 0.075083 -0.212564 -0.087071 0.033597
0.168681 -0.454570 0.290628 -0.334385 0.035991 0.088774 0.367511 -0.237829 -0.032655 0.078733 0.735464 -0.045129 0.699689 -0.001261 0.353230 0.024272 0.770884 -0.053196 -0.019676 -0.277512 0.194441 0.092767 0.106722 0.104991 0.173283 -0.076306 -0.070788 0.031470 1.000000 0.231021 0.559691 0.566761 -0.157961 -0.331176 -0.293057 -0.173825 0.178555 -0.096898 0.100952 -0.219778 0.434557 -0.104365 0.079103 0.065728 -0.214534 -0.267760 0.214065 0.061829 -0.096215 -0.130934 -0.322822 0.187923 0.366183 0.373055 0.309281 -0.000162 0.310645 -0.418983 -0.292179 -0.221683 -0.210864 -0.017180 0.013165 -0.057765 -0.166087 0.102784 -0.524020 -0.454475 -0.208730 -0.385432 0.529882 0.330206 0.762123 0.314226 0.622079 0.272156 0.200816 -0.088137 0.517846 -0.014819 0.601301 -0.075349 0.423461 -0.097684 0.329665 0.002277 0.269756 -0.270464 0.112193 0.117913 -0.110024 -0.166327 -0.139449 -0.131565 -0.218960 -0.258022 -0.173346 -0.291278 -0.067905 0.052409 -0.306382 -0.244924 -0.407984 -0.374182 -0.471571 -0.189450 -0.238690 -0.034929 -0.229777 -0.054030 -0.143242 0.096573 0.089447 -0.006476 0.055516 -0.199327
-0.230153 0.085771 -0.188415 -0.239415 -0.363055 -0.027960 -0.167289 0.063721 -0.113415 0.148166 0.225178 0.405591 0.265152 0.519854 0.069712 0.302617 0.147586 0.536278 -0.240649 -0.040701 -0.212554 -0.103419 -0.229686 -0.133975 -0.394042 -0.331801 -0.384037 -0.282188 0.231021 1.000000 0.041249 0.272473 0.065489 0.108886 -0.051379 0.122992 0.030478 0.460819 -0.165231 0.223245 -0.010507 0.100091 -0.190721 -0.013247 -0.086903 -0.076214 0.009505 0.024351 -0.195681 0.212147 -0.508379 -0.025008 -0.070769 -0.005990 0.006238 0.206272 0.060449 0.093284 -0.037001 0.085707 0.094023 0.348104 0.010913 0.293078 0.192158 0.335629 -0.358824 -0.277313 -0.054506 0.061143 -0.050414 0.250280 0.149118 0.591777 0.129589 0.366023 0.105964 0.295350 0.177080 0.510800 0.187777 0.433939 -0.058792 0.271269 0.005360 0.101077 0.124171 -0.078314 -0.190164 0.043448 -0.264792 -0.323891 -0.315017 -0.268757 0.122486 0.218193 -0.034551 -0.012958 -0.035311 0.190045 -0.197907 -0.417232 -0.253627 -0.402204 -0.256191 -0.151343 -0.219536 -0.132651 0.151896 0.241696 -0.217249 -0.147147 -0.204789 0.051273 -0.039635 -0.088958
-0.057793 -0.592987 0.591513 -0.152561 0.257601 0.092901 0.618761 -0.161567 -0.089191 -0.004215 0.565162 -0.212290 0.273946 -0.248822 0.260235 -0.100105 0.178089 -0.194615 0.259952 -0.075939 0.227695 0.271172 0.500741 0.148061 0.497295 0.151061 0.140913 0.074219 0.559691 0.041249 1.000000 0.772800 0.152749 -0.010026 0.085924 0.018237 0.184834 -0.011726 0.031320 -0.142061 0.308758 -0.060218 0.220745 -0.010128 -0.150554 -0.385870 0.281326 0.046380 -0.433080 -0.415070 -0.131529 -0.111617 0.204858 0.258176 0.141641 -0.080805 -0.043589 -0.323654 -0.320131 -0.304657 -0.412279 -0.244377 -0.218964 -0.202028 -0.095458 -0.191739 -0.372204 -0.351545 -0.235379 -0.387912 0.562971 0.380626 0.493967 0.181109 0.303776 0.174311 0.214300 -0.063317 0.207370 -0.003175 0.251395 -0.100701 0.513727 0.146096 0.136845 0.105416 0.149894 -0.161949 0.246738 0.007162 -0.282431 -0.244965 -0.081853 0.051682 0.038081 -0.185722 -0.054659 -0.137597 -0.196469 -0.051739 -0.172485 0.051809 -0.220002 -0.153641 -0.374407 -0.042103 -0.287503 -0.095649 -0.126498 0.051950 -0.028798 -0.028445 0.075484 0.081981 0.159297 -0.065275
-0.155819 -0.434130 0.360579 0.105977 0.042018 0.216495 0.419940 0.045563 -0.026478 0.187854 0.468876 -0.023135 0.324609 -0.030383 0.232417 0.103750 0.221722 -0.164524 0.036842 0.001685 0.242733 0.363726 0.263966 0.217947 0.263942 0.236064 0.064603 0.078758 0.566761 0.272473 0.772800 1.000000 0.115250 0.091373 -0.030501 0.072903 0.214225 0.019529 -0.055117 -0.053962 0.356189 0.090935 0.175066 -0.021011 -0.134194 -0.170918 0.301218 0.127768 -0.378909 -0.214729 -0.237591 -0.013564 0.128100 0.123702 0.108350 -0.078170 0.003901 -0.456951 -0.326573 -0.332658 -0.437523 -0.104929 -0.203876 -0.281144 -0.110570 0.127672 -0.440246 -0.378222 -0.135453 -0.374402 0.548352 0.480777 0.507666 0.353995 0.384929 0.361884 0.241413 -0.038631 0.199559 -0.001655 0.216362 -0.170495 0.246824 0.227886 0.125104 0.109067 0.144955 -0.075716 0.073904 0.102512 -0.240869 -0.398450 -0.064635 -0.082778 0.079437 0.030839 -0.104611 -0.142671 -0.086309 -0.111480 -0.122340 -0.147739 -0.233021 -0.319695 -0.413419 -0.172030 -0.449996 -0.156982 -0.000995 0.113154 -0.255869 -0.094123 -0.162637 -0.074580 -0.000286 0.010013
-0.236001 -0.059535 -0.001597 0.034191 -0.303611 -0.323282 0.021148 -0.065783 -0.409879 -0.195057 -0.029168 -0.078330 -0.146170 0.056635 -0.347684 -0.116153 -0.249452 0.146824 0.248029 0.301165 -0.066585 -0.195774 -0.138827 0.023657 -0.076900 -0.196183 -0.330651 -0.250934 -0.157961 0.065489 0.152749 0.115250 1.000000 0.817386 0.346009 0.150751 0.129618 0.154794 -0.048411 0.105535 -0.061363 0.028518 0.259764 0.062118 0.208919 -0.090350 0.256782 0.140217 -0.131737 0.129782 0.132789 -0.007662 -0.032035 0.044210 -0.206820 0.030192 -0.098770 0.128121 -0.264105 -0.130235 -0.045713 0.021031 0.112743 0.079879 0.111673 -0.046467 0.054648 -0.075152 0.116758 0.009057 -0.237546 -0.046941 -0.031947 0.129248 0.005285 0.219440 0.175586 0.038338 -0.066661 0.298165 -0.060099 0.197228 -0.149267 0.226186 0.098167 0.273781 -0.257259 -0.125120 -0.176485 -0.257933 -0.248346 -0.240181 -0.191003 -0.218724 0.057243 0.145150 0.170512 0.088583 0.060483 0.058931 0.090250 -0.058065 0.106327 -0.116721 -0.018396 -0.129630 -0.027981 -0.066195 0.096840 0.116465 -0.110736 -0.141529 -0.158596 0.207840 -0.204487 0.094604
-0.279139 0.144742 -0.227842 0.208777 -0.296004 -0.145744 -0.148708 0.166056 -0.200371 -0.032318 -0.242062 -0.013323 -0.271930 0.191915 -0.245430 0.017199 -0.387277 0.073014 0.210812 0.357414 -0.075395 -0.146177 -0.041895 -0.092610 -0.136178 -0.013962 -0.298821 -0.306629 -0.331176 0.108886 -0.010026 0.091373 0.817386 1.000000 0.428499 0.325862 0.101895 0.151895 -0.192310 0.074061 -0.162095 0.103350 0.141143 -0.077199 0.278418 0.138276 0.073038 -0.009406 -0.184275 0.246537 0.071106 -0.079082 -0.275677 -0.191440 -0.408308 -0.043305 -0.262586 0.147375 -0.142655 -0.071863 0.005946 0.137303 0.026869 0.124899 0.213895 0.148420 0.114239 0.035857 0.187329 0.062111 -0.357043 -0.129122 -0.280381 0.028601 -0.239377 0.122138 0.119164 0.077322 -0.167852 0.225299 -0.155915 0.174045 -0.265395 0.255373 0.062406 0.119860 -0.316202 0.005805 -0.192312 -0.293740 -0.274371 -0.171435 -0.080532 -0.066238 0.107294 0.304654 0.144767 0.143178 -0.005492 -0.014627 0.162811 0.065600 0.147591 0.048689 0.095967 -0.052799 -0.062478 -0.081372 0.227568 0.071904 -0.140616 -0.189194 -0.200618 0.019334 -0.311331 0.112310
-0.252410 -0.057755 -0.194337 -0.104963 -0.006077 -0.188460 -0.086969 0.010525 -0.203274 -0.101975 -0.187394 -0.117827 -0.228300 0.074368 -0.143703 -0.110110 -0.270005 -0.067922 0.143201 0.071779 -0.064351 -0.127127 0.109506 -0.304294 -0.075515 -0.012296 -0.140883 -0.165031 -0.293057 -0.051379 0.085924 -0.030501 0.346009 0.428499 1.000000 0.714325 0.185733 0.304831 -0.002385 0.083252 -0.012111 0.197180 0.023926 -0.053583 0.087020 0.034804 -0.058018 -0.048588 -0.181560 -0.080229 -0.012166 -0.288441 -0.264387 -0.204576 -0.353838 -0.118666 -0.302385 0.199620 0.029912 0.087500 0.056716 0.002452 0.152880 0.191876 0.360493 -0.113504 0.254629 0.175271 -0.061105 0.162799 -0.228251 -0.056196 -0.285690 -0.076420 -0.369666 0.081019 0.189646 0.247769 -0.074763 0.037107 -0.089975 0.214549 -0.022343 0.234151 0.089704 0.044882 -0.387335 0.028685 -0.104681 -0.310876 -0.290404 -0.021340 -0.055145 0.159101 -0.000667 0.247587 0.036427 0.111402 -0.234030 -0.133143 0.099470 0.353006 0.192277 0.329937 0.039883 0.155936 0.021141 -0.118411 0.150054 0.000305 0.155223 -0.187067 -0.180071 0.044512 -0.042039 0.216928
-0.339660 -0.032925 -0.341045 -0.019048 -0.083653 0.052598 -0.057747 0.294748 -0.063692 0.231301 -0.073846 -0.027817 0.008920 0.399543 0.024284 0.177808 -0.217684 -0.179979 0.076345 -0.003806 -0.049273 0.020527 0.031208 -0.331769 -0.189491 0.034877 -0.221196 -0.201067 -0.173825 0.122992 0.018237 0.072903 0.150751 0.325862 0.714325 1.000000 0.140152 0.162905 0.042978 -0.089989 0.055345 0.248282 -0.105704 -0.190220 0.100787 0.340707 -0.257303 -0.280635 -0.209140 0.162660 -0.191956 -0.201635 -0.162387 -0.279411 -0.271311 -0.242210 -0.364298 -0.013031 0.153393 0.217786 0.127937 0.279189 0.191450 0.164032 0.429459 0.229750 0.155286 0.261924 -0.099824 0.118222 -0.133959 0.047052 -0.186040 0.031098 -0.306303 0.095948 0.104089 0.236628 -0.175989 -0.114990 -0.035020 0.070301 0.023937 0.333722 0.116250 -0.262693 -0.204177 0.055216 -0.090208 -0.297058 -0.081277 0.032307 0.178729 0.095364 -0.082351 0.202847 -0.232004 -0.068226 -0.315795 -0.186074 0.181361 0.203205 0.245831 0.197028 -0.125523 0.026742 -0.154944 -0.318514 0.170049 0.006731 -0.019380 -0.198596 -0.263027 -0.172717 -0.123369 0.098357
