1.000000 0.345398 0.228458 -0.011635 -0.130630 0.027932 0.227978 -0.054514 -0.109205 -0.163382 -0.072343 0.061319 0.162122 0.145336 -0.081603 -0.014676 -0.137530 -0.185400 0.172976 0.435610 0.179749 -0.064783 -0.250035 -0.225734 -0.083996 -0.003215 -0.021725 0.056566 -0.195958 -0.070640 -0.259774 -0.123165 0.116131 -0.038932 0.101353 0.082703 -0.034141 -0.012195 0.177673 -0.071541 0.077619 -0.084861 0.129998 -0.008844 0.034541 0.106761 0.080906 0.019214 0.005257 -0.059276 0.050017 0.066866 0.082754 0.123999 0.100726 0.045906 0.440295 0.168345 -0.147051 -0.265010 -0.031620 -0.034162 -0.180158 0.073938 -0.302728 -0.031164 -0.303281 -0.258865 0.141051 -0.046731 0.255517 0.061944 -0.218759 0.126829 -0.046907 0.220626 -0.124697 0.070384 -0.053132 -0.142851 -0.189310 -0.048691 -0.010048 0.035689 -0.053660 0.016694 -0.053618 -0.088096 0.033194 0.031110 0.110289 0.009986 -0.000425 -0.027178 -0.283489 -0.282160 -0.178838 -0.216438 -0.056474 0.080774 0.026053 -0.006329 0.037996 0.030892 0.009525 -0.053083 0.014604 -0.094641 -0.254053 -0.198869 -0.175159 0.102394 -0.015776 -0.060517 -0.156074 -0.093554
0.345398 1.000000 0.293925 -0.163656 -0.123641 -0.037817 0.127816 -0.036440 -0.133077 0.104462 0.011541 0.162871 0.203509 0.079384 -0.136247 0.334376 -0.321288 -0.041319 0.207342 0.500438 0.106783 -0.247488 -0.584529 -0.463731 0.070748 0.088269 -0.039503 0.009545 -0.164910 0.107829 -0.213392 -0.276684 0.164020 0.127217 -0.160090 -0.219240 -0.111436 -0.294989 0.067794 -0.132070 0.115365 -0.284359 -0.049328 -0.115856 -0.429695 -0.353439 0.017159 -0.170522 -0.345572 -0.286210 -0.121695 -0.382275 -0.228242 0.261222 -0.155102 0.153348 0.473141 0.620025 0.178120 -0.156032 -0.039978 0.055540 0.055661 0.155045 -0.360917 -0.220128 -0.165629 -0.322057 0.413679 0.426492 -0.028697 -0.104003 -0.154119 0.270199 -0.206529 0.164786 -0.006106 0.112740 0.000849 0.010235 -0.075067 -0.104206 0.191686 -0.136293 0.108780 0.107226 -0.277693 -0.056287 -0.142482 0.118558 0.063027 -0.010489 -0.016308 0.043347 0.000686 -0.005025 -0.091998 0.077907 0.308178 0.357131 0.043698 -0.047035 0.152423 0.186989 -0.003227 -0.001057 -0.022835 -0.054398 -0.096566 -0.191171 -0.137033 0.443048 -0.019988 -0.052881 -0.291179 -0.109811
0.228458 0.293925 1.000000 0.123818 0.322752 0.268400 0.605371 0.207836 -0.122131 0.106506 -0.169706 -0.029192 -0.151647 0.128669 -0.151404 0.060662 -0.379234 -0.187434 0.255336 0.523240 0.150684 -0.100603 -0.110058 -0.044070 0.426327 0.070824 0.363883 0.106907 -0.375744 -0.157625 0.024193 -0.049122 0.086166 -0.018137 -0.057380 -0.037691 -0.338734 -0.240104 0.188308 -0.222949 -0.220822 -0.151667 -0.010307 -0.224473 -0.321693 -0.250959 0.052474 -0.030450 -0.353749 -0.256123 -0.058045 -0.012378 0.297696 0.313691 0.201876 0.134606 0.275216 0.048417 0.157799 0.045238 0.078158 -0.331139 -0.030400 -0.201870 -0.137891 -0.246197 0.056840 -0.180322 0.155213 0.287585 0.190360 0.034305 -0.224822 0.046082 -0.213893 0.066443 -0.127139 0.027663 -0.214201 0.051877 -0.374236 -0.160223 0.008395 0.019358 -0.062933 0.205546 -0.155987 -0.004650 0.240516 0.227695 0.440807 0.340201 0.205215 0.301182 -0.250031 -0.359702 -0.072303 -0.116508 -0.044347 0.314877 0.145497 0.220101 0.120385 0.357579 -0.140502 -0.235958 -0.163836 -0.320372 -0.413647 -0.240539 -0.093458 0.017569 0.283274 0.007858 -0.122842 -0.302746
-0.011635 -0.163656 0.123818 1.000000 -0.006519 0.415092 0.069701 0.122778 -0.124911 0.182447 -0.063372 -0.011191 -0.062164 0.019652 -0.012661 0.108062 0.098938 -0.185412 -0.030311 -0.022213 -0.054451 -0.035033 0.470405 0.453692 0.038669 0.342883 -0.017250 0.162965 -0.119190 -0.012799 0.074541 0.105806 -0.435471 -0.283741 -0.110231 0.030034 0.069487 -0.058668 -0.054565 -0.099727 -0.092341 -0.181419 0.277010 0.200407 -0.017022 0.099415 0.073078 0.068009 0.017437 0.103955 0.119833 0.251465 -0.002845 0.104517 -0.168453 0.101683 -0.148388 -0.404209 0.039900 -0.094879 -0.208128 0.031840 -0.181206 -0.194460 0.245665 0.049343 -0.028155 0.119646 -0.054465 -0.085469 -0.108396 0.054080 -0.154855 -0.064979 -0.060827 0.036907 0.169472 0.035837 -0.082894 0.062950 -0.008672 -0.097036 -0.171651 -0.167406 0.063709 -0.108649 0.000898 -0.027939 0.023699 0.067307 0.021774 0.049544 0.301766 0.275037 -0.218298 -0.159704 -0.132632 -0.061210 0.071849 -0.119025 0.294365 0.036042 -0.007035 -0.067583 -0.079447 -0.186772 -0.228860 -0.101341 -0.007993 -0.106402 0.084297 -0.024852 -0.029581 0.064507 0.051109 -0.043523
-0.130630 -0.123641 0.322752 -0.006519 1.000000 0.101914 0.225335 0.257773 0.464724 0.325030 -0.270764 0.253152 -0.304195 0.330615 0.237858 0.202115 -0.219994 0.123524 -0.135000 0.057790 0.072769 -0.108376 -0.017605 0.054539 0.587972 -0.100408 0.502124 -0.095294 -0.168424 -0.008206 0.253718 -0.064620 -0.098032 -0.098868 -0.044063 0.082037 -0.182038 -0.201757 -0.248388 -0.378102 -0.308930 -0.104514 -0.063168 -0.191244 0.035498 0.032827 -0.154248 -0.160900 0.077387 -0.012298 0.167648 0.125181 0.262672 0.113450 -0.079178 -0.214657 -0.028975 -0.220981 0.115267 0.130844 0.049954 -0.078776 -0.090280 -0.177442 -0.052053 -0.049662 0.011385 0.084857 -0.170679 0.011784 0.223024 0.231230 0.006916 -0.095970 0.094988 -0.111742 0.092795 0.040338 -0.190053 0.123786 -0.153496 0.069547 -0.048451 0.040096 0.042448 0.066094 -0.028504 -0.054182 0.033881 -0.037685 0.405088 0.304571 0.324910 0.320455 -0.235195 -0.319653 -0.350158 -0.332158 0.060359 0.095601 0.238189 0.337685 0.090840 0.177056 -0.120801 -0.140028 -0.135910 -0.456072 -0.320383 -0.242494 -0.301248 0.003140 0.291650 -0.012739 -0.010826 -0.121452
0.027932 -0.037817 0.268400 0.415092 0.101914 1.000000 0.080205 -0.083368 -0.194103 0.058674 -0.348825 -0.294151 -0.430797 -0.081734 -0.138297 -0.121143 -0.252399 -0.359891 0.214282 0.206348 0.050597 0.101965 0.316032 0.541439 0.343855 0.751349 0.518726 0.753216 -0.436869 -0.344642 -0.084625 -0.063387 -0.269338 -0.292730 0.205412 0.292720 -0.073226 0.045794 0.317452 0.061570 -0.181549 -0.066787 0.222636 -0.047078 -0.076780 -0.029559 -0.151725 -0.074772 -0.208079 0.045481 0.077604 0.094888 0.058138 0.073374 0.170326 0.069352 -0.091237 -0.221474 0.042581 -0.147772 -0.125531 -0.438952 -0.320349 -0.347613 0.122013 -0.103365 0.320599 0.069543 0.155350 0.158712 0.012283 0.074794 -0.369354 -0.148313 -0.152194 -0.074514 -0.035367 0.072420 -0.211522 0.141946 -0.320511 0.010682 -0.071020 0.078570 0.122715 0.345791 0.099797 0.318627 0.427960 0.340565 0.316401 0.352235 0.362098 0.319060 -0.037108 -0.144711 -0.106629 -0.020653 0.027225 0.171171 0.240806 0.155940 0.163939 0.255832 0.047558 -0.062461 0.116076 -0.135664 -0.204533 -0.212389 -0.012164 -0.037299 0.204283 0.131444 0.077785 -0.125143
0.227978 0.127816 0.605371 0.069701 0.225335 0.080205 1.000000 0.394914 0.047015 0.166621 -0.155368 0.167247 -0.017459 0.232740 -0.028870 0.111201 -0.457309 -0.311021 0.113044 0.371435 0.169125 -0.186630 -0.099787 -0.030769 0.176900 -0.107100 0.246940 0.027675 -0.403535 -0.180352 -0.190928 -0.243774 0.275093 0.074914 0.140703 0.117255 -0.366634 -0.320418 0.052306 -0.325567 -0.139400 -0.170046 -0.233007 -0.182762 -0.155180 -0.323956 -0.071964 -0.100674 -0.373570 -0.310938 -0.202839 -0.082078 0.170955 0.198403 0.018008 -0.014738 0.284994 0.022820 0.222523 0.054843 0.473037 -0.068508 -0.010787 -0.211657 0.041603 -0.010222 0.147883 -0.053807 0.028158 0.219768 0.106694 0.047246 -0.385928 -0.121205 -0.266651 -0.103840 -0.225252 -0.123590 -0.363632 -0.103821 -0.522196 -0.425058 -0.099787 -0.059408 -0.253608 0.055849 -0.205918 -0.082365 0.115705 0.175235 0.425443 0.228512 0.154605 0.329289 -0.276567 -0.273331 -0.281732 -0.300736 0.095912 0.296120 0.354869 0.414530 0.066617 0.289735 -0.087720 -0.145303 -0.200604 -0.195648 -0.322248 -0.358499 -0.291447 0.159844 0.387952 0.043106 -0.145681 -0.301354
-0.054514 -0.036440 0.207836 0.122778 0.257773 -0.083368 0.394914 1.000000 0.199954 0.143988 0.055091 0.362305 0.057692 0.476562 0.006627 0.115911 -0.020214 -0.153721 -0.165787 -0.088641 -0.122945 -0.217821 0.068202 0.062203 0.046833 -0.241104 0.088843 -0.210858 0.000370 -0.173092 0.134063 0.068923 0.166138 0.067791 -0.015102 -0.004104 -0.226161 -0.154834 -0.291788 -0.417871 -0.162085 -0.116214 -0.029810 0.111093 0.010799 -0.122342 -0.018892 -0.128906 0.008181 -0.157705 0.062159 -0.060167 0.151512 -0.091629 -0.192936 -0.368179 -0.051920 -0.111718 0.079370 0.247299 0.275958 0.139284 0.091211 -0.268523 0.221856 0.092010 0.144735 0.212921 -0.219752 -0.253520 -0.046247 0.026670 -0.208777 -0.209022 -0.093380 -0.237562 -0.133427 -0.135022 -0.282203 -0.172034 -0.284481 -0.382149 -0.061968 -0.070966 -0.185450 -0.095877 -0.210936 -0.086419 -0.135516 -0.157635 0.192749 -0.037223 0.170647 0.059716 -0.397854 -0.398159 -0.361867 -0.460569 0.026330 -0.021798 0.124887 0.156239 -0.138302 -0.025160 -0.096048 -0.237683 -0.352723 -0.313573 -0.234527 -0.220264 -0.251101 -0.019774 0.150268 0.024876 -0.037841 -0.214317
-0.109205 -0.133077 -0.122131 -0.124911 0.464724 -0.194103 0.047015 0.199954 1.000000 0.268716 -0.104709 0.424381 -0.015677 0.395245 0.753507 0.144797 0.030619 0.336978 -0.015263 -0.033308 -0.230749 -0.321869 0.037216 -0.122087 -0.178401 -0.231768 -0.086416 -0.251982 0.241700 0.216487 0.024919 -0.100726 0.054489 -0.113666 0.113661 -0.034519 -0.275235 -0.193885 -0.350035 -0.271853 -0.004538 -0.020605 0.034682 0.153862 0.012965 0.023994 -0.231231 -0.077262 0.011402 -0.094827 -0.099789 0.070350 0.052542 -0.255397 0.018595 -0.274500 0.043100 -0.043450 0.066052 0.134294 0.312474 0.079594 -0.073726 -0.029750 0.092499 0.075537 0.044436 0.086712 -0.119942 -0.124311 0.048479 -0.027200 0.165784 -0.009021 0.280180 0.010379 0.061373 -0.201848 -0.002043 0.248002 -0.011628 0.030818 -0.041640 -0.037341 -0.058084 0.036275 -0.085148 -0.240031 -0.048255 -0.306360 -0.082041 -0.110796 -0.148537 -0.094285 -0.160684 -0.075837 -0.189551 -0.203075 -0.097320 -0.130496 -0.013960 0.140987 -0.171202 -0.097474 -0.073364 -0.084781 -0.102695 -0.244540 -0.066992 -0.047613 -0.301096 -0.052053 0.071260 -0.191015 -0.000163 -0.089933
-0.163382 0.104462 0.106506 0.182447 0.325030 0.058674 0.166621 0.143988 0.268716 1.000000 0.125702 0.055281 -0.050482 0.199855 0.159589 0.560674 -0.120043 0.052872 -0.022779 -0.019823 -0.146213 -0.244514 -0.034798 -0.084408 0.127595 -0.073099 0.083777 -0.012420 -0.112787 -0.057494 0.040779 -0.163520 -0.065605 -0.057933 -0.056523 -0.003533 -0.292139 -0.275100 -0.282950 -0.282732 -0.289013 -0.345539 -0.115747 -0.115065 -0.132547 -0.114614 -0.269997 -0.098548 -0.063046 0.046200 0.138369 0.014523 -0.178015 0.337430 -0.357984 -0.002569 0.109375 -0.015255 0.307177 0.172250 0.124961 0.156412 0.021074 -0.133687 0.189924 -0.020886 0.118021 0.089951 0.087260 0.225165 -0.100757 -0.049337 -0.126325 -0.190222 -0.129024 -0.263601 0.051729 -0.220410 -0.228505 0.170926 -0.082323 -0.175888 0.025484 -0.186641 -0.017438 -0.059552 -0.167755 -0.103959 -0.111050 -0.142172 -0.047474 0.116307 0.065579 0.321691 -0.092534 -0.025603 -0.204769 -0.081237 0.302650 -0.012219 0.303160 0.235960 -0.026804 0.165425 -0.154947 -0.030826 -0.268778 -0.125655 -0.033339 -0.168581 -0.198326 0.128912 0.132131 0.018197 -0.104887 -0.086038
-0.072343 0.011541 -0.169706 -0.063372 -0.270764 -0.348825 -0.155368 0.055091 -0.104709 0.125702 1.000000 -0.041798 0.641477 -0.096486 -0.082668 0.109258 0.391317 0.034663 -0.158563 -0.252790 -0.244656 -0.114673 0.019596 -0.151847 -0.268510 -0.260040 -0.416165 -0.241981 0.374641 0.002395 0.253598 0.149888 0.112189 0.201259 -0.193463 -0.214707 0.005508 -0.065043 -0.134070 -0.073938 0.066486 -0.039426 -0.076341 0.147768 -0.104836 -0.166188 0.161346 0.112550 -0.000096 -0.021987 0.056788 -0.127837 -0.131903 0.073941 -0.148238 0.021707 0.081710 0.167293 0.097869 0.195352 -0.018216 0.403379 0.470627 0.127550 0.165959 -0.111755 -0.080958 0.029530 -0.174675 -0.247951 -0.306749 -0.436410 0.143164 0.026037 0.078696 0.007377 -0.179408 -0.158558 -0.069299 0.009215 0.121361 0.014651 0.407487 0.091771 -0.195356 -0.239015 -0.009725 0.050450 -0.244778 -0.108359 -0.328213 -0.222795 -0.283625 -0.216302 0.112580 0.093115 0.062916 0.113526 0.050602 -0.114779 -0.151618 -0.063616 -0.179755 -0.127658 -0.094244 -0.219194 -0.168510 -0.006781 0.135590 0.090632 -0.050317 0.003441 -0.290254 -0.067521 -0.072000 0.089794
0.061319 0.162871 -0.029192 -0.011191 0.253152 -0.294151 0.167247 0.362305 0.424381 0.055281 -0.041798 1.000000 0.304440 0.604484 0.344739 0.236075 -0.014930 0.285473 -0.195270 0.059209 -0.020769 -0.246114 -0.341838 -0.330461 -0.059121 -0.336272 -0.174799 -0.444586 0.205073 0.450078 0.122267 -0.020257 0.036243 0.015865 -0.004805 -0.021956 -0.032663 -0.322435 -0.398547 -0.349397 0.088735 -0.104497 -0.152268 0.024982 0.114535 -0.042474 -0.000888 -0.113010 0.143174 -0.097360 -0.048619 -0.211154 -0.039781 -0.154221 -0.280607 -0.230337 0.067645 -0.045054 -0.085076 0.009996 0.158973 0.284159 0.009119 0.184011 -0.247584 0.046154 -0.261861 -0.012938 -0.146909 -0.199933 0.044086 0.174483 0.096015 0.084840 0.009261 0.023997 0.160722 -0.003664 0.008633 -0.088742 0.085150 -0.178222 -0.107459 -0.134594 -0.122236 -0.237798 -0.213946 -0.307427 -0.374660 -0.342151 0.080776 -0.148721 -0.010563 -0.037229 -0.211277 -0.081558 -0.310276 -0.115884 0.089891 0.053129 0.029079 0.122375 -0.165365 0.005061 -0.052369 -0.086666 -0.315059 -0.216652 0.020165 -0.071672 -0.273677 0.239810 0.072730 -0.043382 -0.112148 -0.016328
0.162122 0.203509 -0.151647 -0.062164 -0.304195 -0.430797 -0.017459 0.057692 -0.015677 -0.050482 0.641477 0.304440 1.000000 0.070134 0.032967 0.219792 0.194429 0.135997 -0.134506 -0.052713 -0.181669 -0.237339 -0.080269 -0.273037 -0.391758 -0.286697 -0.489492 -0.285800 0.374880 0.294839 0.125291 0.073341 0.087953 0.162889 -0.192970 -0.255870 0.024679 -0.265027 -0.149974 -0.208398 0.354484 -0.013740 -0.204961 0.147810 0.002601 -0.198258 0.384000 0.274348 0.081063 -0.170244 -0.021684 -0.170345 -0.004017 0.210876 -0.074594 0.092720 0.173008 0.258455 0.017918 0.052845 -0.006829 0.417110 0.426558 0.348828 -0.098956 -0.051028 -0.350941 -0.159964 -0.085893 -0.253774 -0.334661 -0.389716 0.165092 0.169841 -0.031033 0.105394 -0.081761 -0.141843 0.155485 -0.114589 0.145867 -0.090774 0.347158 -0.044200 -0.223014 -0.321456 -0.156187 -0.109698 -0.419249 -0.161733 -0.263393 -0.233254 -0.286680 -0.135022 0.003799 -0.019492 0.052115 0.100305 0.067743 0.035447 -0.098092 -0.092553 -0.186272 -0.160754 -0.199769 -0.202429 -0.230015 -0.046722 0.097488 -0.003098 -0.072978 0.214401 -0.219287 -0.010427 -0.276733 -0.100634
0.145336 0.079384 0.128669 0.019652 0.330615 -0.081734 0.232740 0.476562 0.395245 0.199855 -0.096486 0.604484 0.070134 1.000000 0.227346 0.113237 -0.119173 0.007893 -0.065724 0.085846 0.013917 -0.260856 -0.213151 -0.112345 -0.024160 -0.331091 0.167762 -0.130910 -0.041533 -0.078537 0.214617 0.022796 -0.171497 -0.223219 -0.003497 0.066983 -0.111417 -0.086606 -0.162445 -0.329553 -0.134639 -0.128789 -0.066406 -0.102060 0.074613 -0.033198 -0.091270 -0.162938 0.155944 0.020507 0.295451 -0.182460 0.121448 -0.050852 -0.066000 -0.279128 0.267425 -0.123084 0.085569 0.273624 0.139143 0.042922 0.000505 -0.006855 -0.170212 -0.209822 -0.161160 -0.149264 -0.126523 -0.145924 0.176621 0.247086 -0.234601 -0.301870 -0.094566 -0.291771 -0.095748 -0.175100 -0.247085 -0.065789 -0.141658 -0.192493 0.029249 0.076007 -0.203924 0.109074 -0.171935 -0.070474 0.061025 -0.160088 0.286048 0.032912 0.179611 -0.003239 -0.336856 -0.229571 -0.356795 -0.333591 0.001509 0.053822 0.073430 0.161238 -0.052940 0.112175 -0.038000 -0.047672 -0.303915 -0.253811 -0.238063 -0.142118 -0.306636 0.189193 0.154450 -0.049652 -0.117860 -0.061143
-0.081603 -0.136247 -0.151404 -0.012661 0.237858 -0.138297 -0.028870 0.006627 0.753507 0.159589 -0.082668 0.344739 0.032967 0.227346 1.000000 0.134026 0.013526 0.407925 0.122213 0.127991 -0.343706 -0.384336 0.089586 -0.005819 -0.251164 -0.104525 -0.251349 -0.186017 0.354414 0.413415 0.089992 0.116219 -0.059373 -0.250995 0.120211 -0.018667 -0.134990 -0.159067 -0.320285 -0.197300 0.105530 -0.073762 0.102040 0.141809 0.012465 0.079891 -0.207617 -0.058353 0.007640 -0.039864 -0.084890 0.168754 0.004067 -0.277303 0.024563 -0.212959 -0.071181 -0.076547 -0.126060 -0.058417 0.060837 -0.098844 -0.200938 -0.039493 -0.084249 0.007201 -0.159457 -0.149877 -0.112334 -0.113239 0.022255 -0.042225 0.294667 0.156070 0.440596 0.035531 0.269210 -0.096912 0.155707 0.398939 0.156536 0.176571 -0.170955 0.105999 0.309999 0.083565 -0.113648 -0.183289 -0.083900 -0.433571 -0.229625 -0.104251 -0.174502 -0.141472 -0.124623 -0.004073 -0.065941 -0.042519 -0.169887 -0.129706 -0.103692 0.093458 -0.182821 -0.043249 0.026577 -0.044718 -0.005809 -0.112628 0.086664 0.025601 -0.244327 -0.123696 0.017892 -0.066675 0.135500 0.044900
-0.014676 0.334376 0.060662 0.108062 0.202115 -0.121143 0.111201 0.115911 0.144797 0.560674 0.109258 0.236075 0.219792 0.113237 0.134026 1.000000 -0.172411 0.104372 -0.095435 0.056444 -0.107764 -0.294628 -0.192206 -0.274633 0.029159 -0.087164 -0.046629 -0.129547 -0.030848 0.320523 -0.032832 -0.203678 0.003510 0.060548 -0.173502 -0.241567 -0.191802 -0.456994 -0.265271 -0.444729 0.213286 -0.255012 -0.064017 0.073355 -0.148897 -0.161990 0.070736 0.035568 -0.006281 -0.056607 0.139253 -0.078161 -0.135736 0.452911 -0.408064 0.030547 0.232219 0.146167 0.241541 0.056809 0.035190 0.203579 0.158677 0.058163 0.078449 0.090291 -0.202187 -0.030510 0.073775 0.163306 -0.136039 -0.198073 -0.083019 0.159300 -0.143369 0.076885 0.016974 -0.070066 -0.071826 0.066577 -0.081579 -0.271239 0.241910 -0.037725 -0.026728 -0.219666 -0.244431 -0.118285 -0.356792 -0.003023 0.010620 0.074747 -0.007477 0.316125 -0.078533 -0.175880 -0.268009 -0.133137 0.406851 0.134026 0.235701 0.252554 -0.053738 0.359363 -0.268617 -0.189057 -0.222746 -0.193276 -0.104359 -0.271038 -0.230799 0.362477 -0.022734 -0.000165 -0.270937 -0.216104
-0.137530 -0.321288 -0.379234 0.098938 -0.219994 -0.252399 -0.457309 -0.020214 0.030619 -0.120043 0.391317 -0.014930 0.194429 -0.119173 0.013526 -0.172411 1.000000 0.254508 -0.226567 -0.393952 -0.133487 0.152604 0.178219 -0.035774 -0.387191 -0.267082 -0.400249 -0.212649 0.752262 0.158159 0.187184 0.238847 -0.223785 -0.141474 -0.130890 -0.136875 0.256190 0.304395 -0.127227 0.186766 0.186857 0.347468 0.076311 0.264801 0.243886 0.183539 0.066746 0.130304 0.360496 0.295232 0.124110 0.164967 0.003723 -0.207656 0.052526 0.020116 -0.167391 -0.170171 -0.204748 0.081441 -0.248710 0.126840 0.102209 0.327476 0.201866 0.105542 -0.219816 0.024134 -0.347663 -0.464504 -0.093271 -0.053143 0.535683 0.056227 0.297290 0.064175 0.132381 -0.064047 0.336414 -0.061592 0.619828 0.256729 -0.017992 0.067787 -0.063144 -0.171116 0.228536 0.030081 -0.156969 -0.273486 -0.354121 -0.218786 -0.088283 -0.221276 0.126276 0.106641 0.212874 0.041854 -0.129647 -0.366769 -0.157177 -0.258785 -0.106196 -0.372196 0.064201 -0.069677 -0.051463 0.002308 0.218138 0.304042 0.135635 -0.358032 -0.219022 0.066790 0.106579 0.103447
-0.185400 -0.041319 -0.187434 -0.185412 0.123524 -0.359891 -0.311021 -0.153721 0.336978 0.052872 0.034663 0.285473 0.135997 0.007893 0.407925 0.104372 0.254508 1.000000 -0.193040 -0.240280 -0.054414 -0.060321 -0.101372 -0.220018 -0.131115 -0.281848 -0.347769 -0.420211 0.540787 0.625396 0.031500 -0.028611 -0.052115 -0.023512 -0.090915 -0.072851 0.151761 -0.088564 -0.355917 -0.037078 0.089559 0.063869 -0.087938 -0.163715 0.094315 0.209352 -0.058130 0.097496 0.105124 0.019926 -0.012690 0.187193 0.062809 -0.069493 0.066228 0.115708 -0.190621 -0.032806 -0.203182 -0.032011 -0.222387 0.051109 0.087356 0.319412 -0.132639 0.219287 -0.242542 -0.007067 -0.175385 -0.116768 -0.084614 0.115821 0.758838 0.380839 0.375668 0.091868 0.350652 -0.064391 0.611757 0.427428 0.535085 0.307667 -0.215494 -0.187691 0.176862 -0.120737 0.050492 -0.173230 -0.207975 -0.310774 -0.254234 -0.140248 -0.122123 -0.058752 0.152117 0.083346 0.164174 0.141181 -0.168075 -0.238913 -0.162684 -0.101163 -0.139323 -0.148087 0.006103 0.005983 -0.102580 -0.073354 0.212685 0.175531 0.032086 -0.095719 -0.100375 -0.109374 -0.009211 -0.027948
0.172976 0.207342 0.255336 -0.030311 -0.135000 0.214282 0.113044 -0.165787 -0.015263 -0.022779 -0.158563 -0.195270 -0.134506 -0.065724 0.122213 -0.095435 -0.226567 -0.193040 1.000000 0.552109 -0.058089 -0.113455 -0.012539 -0.015079 -0.080450 0.175041 0.062845 0.360905 -0.217691 -0.116180 0.027331 0.119367 -0.168871 -0.295536 0.140432 0.038624 -0.075133 -0.141636 0.175340 -0.054998 0.033259 -0.016597 -0.000437 -0.145052 -0.101741 0.012336 -0.135425 -0.222902 -0.086434 0.038555 -0.020127 0.131042 -0.168656 -0.048265 0.033831 -0.019648 0.259305 0.224229 0.088228 -0.058633 0.071527 -0.357595 -0.155748 -0.011264 -0.125412 -0.113450 0.045757 -0.252995 0.717202 0.300296 0.094550 0.000193 -0.216398 0.038608 -0.219703 0.149318 -0.052261 0.020908 -0.021206 0.047967 -0.135626 -0.007639 0.207204 0.124712 0.146196 0.110842 0.009754 0.043155 0.133482 0.069708 0.006969 -0.056020 -0.200830 -0.110092 0.014156 0.018571 -0.133314 -0.000467 -0.022842 0.097297 -0.109706 0.009681 0.105686 0.128875 -0.133216 -0.044609 0.067674 -0.020226 -0.088564 -0.230729 -0.301118 0.016584 0.018671 -0.041956 -0.034566 -0.125765
0.435610 0.500438 0.523240 -0.022213 0.057790 0.206348 0.371435 -0.088641 -0.033308 -0.019823 -0.252790 0.059209 -0.052713 0.085846 0.127991 0.056444 -0.393952 -0.240280 0.552109 1.000000 0.142844 -0.286621 -0.285813 -0.197865 0.229581 0.229323 0.159238 0.180271 -0.256564 -0.005321 -0.099478 -0.103788 0.053700 -0.176175 0.060077 -0.088684 -0.276700 -0.267886 0.121900 -0.160872 0.072564 -0.216345 -0.141123 -0.089164 -0.185746 -0.212692 0.141419 -0.011459 -0.321887 -0.224169 -0.252380 -0.090821 0.014884 0.170168 0.111987 0.120588 0.377701 0.345501 0.005158 -0.262113 0.034538 -0.354032 -0.229797 -0.074955 -0.381021 -0.320431 -0.171572 -0.411113 0.518845 0.471293 0.234502 0.073349 -0.233028 0.181972 -0.126339 0.216664 -0.059947 0.091405 -0.069732 -0.002568 -0.221283 -0.076976 0.015119 -0.024556 0.153004 0.089842 -0.238610 -0.219253 0.021669 0.033112 0.226652 0.217521 0.078102 0.085020 -0.091480 -0.044410 -0.120661 -0.001943 0.045983 0.402420 0.102202 0.015307 0.171932 0.213633 -0.112481 -0.086426 0.037396 -0.157979 -0.111730 -0.210288 -0.218891 0.170540 0.161275 -0.058391 -0.145579 -0.142730
0.179749 0.106783 0.150684 -0.054451 0.072769 0.050597 0.169125 -0.122945 -0.230749 -0.146213 -0.244656 -0.020769 -0.181669 0.013917 -0.343706 -0.107764 -0.133487 -0.054414 -0.058089 0.142844 1.000000 0.440233 -0.239107 -0.010401 0.349752 0.004460 0.237507 -0.067179 -0.275277 -0.040552 -0.054174 -0.058053 0.015754 0.056849 -0.180963 -0.132463 0.247791 0.126922 0.335238 0.102440 0.202599 0.223943 -0.074597 -0.151092 -0.054551 -0.066629 0.130647 -0.108529 -0.093162 -0.153732 0.001909 -0.097706 0.163249 0.048936 0.137908 0.035760 0.077180 -0.004852 -0.112417 -0.142444 0.091162 -0.090038 -0.027679 0.064068 -0.155569 -0.066887 -0.155267 -0.087942 0.014661 0.081921 0.372288 0.366116 -0.052573 0.178760 -0.160626 0.232222 -0.078704 0.085814 0.081483 -0.288265 -0.111843 -0.130240 -0.016483 -0.033467 -0.082095 0.090546 0.032243 -0.013283 0.080150 0.308311 0.273527 0.123823 0.280034 0.120673 0.000114 0.035570 -0.039288 -0.061948 -0.093203 0.050313 0.123325 0.030743 0.247042 0.061188 0.259888 0.135240 -0.093627 0.013420 -0.120016 0.024665 0.134618 0.064051 -0.007616 -0.023812 -0.077383 0.030729
-0.064783 -0.247488 -0.100603 -0.035033 -0.108376 0.101965 -0.186630 -0.217821 -0.321869 -0.244514 -0.114673 -0.246114 -0.237339 -0.260856 -0.384336 -0.294628 0.152604 -0.060321 -0.113455 -0.286621 0.440233 1.000000 0.116998 0.250477 0.129162 0.026612 0.096275 0.159206 -0.080891 -0.130329 0.103963 0.217650 -0.068110 0.085949 -0.054221 -0.044678 0.263918 0.462023 0.385478 0.523280 -0.035033 0.315572 0.134648 -0.099626 0.116548 0.247199 -0.123547 -0.114677 0.163067 0.181781 0.033889 -0.067958 0.017088 -0.155762 0.152457 0.012072 -0.247413 -0.233040 -0.228755 -0.090032 -0.091291 -0.174182 -0.034145 0.005271 0.038069 -0.009489 0.075160 0.041793 -0.141201 -0.262674 0.155440 0.183878 0.080889 -0.120505 -0.055395 -0.054951 0.061630 0.125398 -0.030865 -0.262469 0.033467 0.023683 -0.044651 0.122340 -0.048387 0.064042 0.227359 0.114704 0.226801 0.157143 -0.030513 0.057114 0.069213 0.032817 0.282244 0.166036 0.274161 0.176708 -0.160862 -0.168803 -0.052963 0.059251 0.092656 0.061845 0.194206 -0.013770 -0.009881 0.034449 0.112674 0.344884 0.381005 -0.155299 -0.044449 0.034667 0.056762 0.170734
-0.250035 -0.584529 -0.110058 0.470405 -0.017605 0.316032 -0.099787 0.068202 0.037216 -0.034798 0.019596 -0.341838 -0.080269 -0.213151 0.089586 -0.192206 0.178219 -0.101372 -0.012539 -0.285813 -0.239107 0.116998 1.000000 0.765027 -0.035911 0.323557 0.034245 0.260989 0.047104 -0.195831 0.159833 0.275314 -0.177508 -0.128450 0.123737 0.150999 0.028233 0.088420 -0.045854 0.055508 -0.190984 0.009086 0.191892 0.176351 0.163319 0.164643 0.035523 0.181390 0.096913 0.051727 -0.033005 0.285054 0.092840 -0.034114 0.089752 0.042059 -0.438535 -0.424917 -0.206073 -0.039022 -0.111432 -0.147478 -0.157341 -0.360842 0.391173 0.072126 0.181075 0.205440 -0.165416 -0.266415 -0.047723 -0.025839 0.014663 -0.182638 0.133864 -0.183094 0.041389 -0.080093 -0.013646 0.081269 -0.104587 -0.043090 -0.159526 0.000644 -0.062605 -0.076551 0.178978 0.130302 0.226163 0.008463 -0.069449 0.085380 0.149899 0.110132 -0.065097 -0.116215 0.017234 -0.022460 -0.165640 -0.205928 0.092894 0.034852 -0.033602 -0.103152 -0.045896 -0.096800 0.014438 -0.097373 0.009663 0.038596 0.179709 -0.255018 0.019985 0.137873 0.219435 -0.032141
-0.225734 -0.463731 -0.044070 0.453692 0.054539 0.541439 -0.030769 0.062203 -0.122087 -0.084408 -0.151847 -0.330461 -0.273037 -0.112345 -0.005819 -0.274633 -0.035774 -0.220018 -0.015079 -0.197865 -0.010401 0.250477 0.765027 1.000000 0.177638 0.419998 0.296660 0.428713 -0.184964 -0.323171 0.145480 0.222232 -0.291231 -0.177869 0.145963 0.225720 0.172410 0.140466 0.126586 0.100430 -0.208751 -0.051858 0.271816 0.070182 0.049820 0.066712 -0.065382 -0.049273 0.063852 0.056331 0.056654 0.128792 0.059122 -0.047309 0.129696 0.012282 -0.506970 -0.551312 -0.150875 -0.075799 -0.167391 -0.305825 -0.354469 -0.445373 0.254427 0.002611 0.201248 0.114525 -0.177682 -0.210639 0.059717 0.199961 -0.131661 -0.211764 0.081588 -0.254291 0.079178 0.059951 -0.161848 0.038549 -0.188202 -0.053057 -0.136021 0.020482 0.056643 0.112512 0.179308 0.225243 0.368506 0.138381 0.232902 0.307392 0.442127 0.268538 -0.086503 -0.127284 -0.070902 -0.030669 -0.134688 -0.008319 0.176369 0.181373 0.015327 -0.009588 0.094035 -0.007051 0.053304 -0.088640 -0.024177 -0.042252 0.185948 -0.147084 0.197947 0.072613 0.191549 0.003716
-0.083996 0.070748 0.426327 0.038669 0.587972 0.343855 0.176900 0.046833 -0.178401 0.127595 -0.268510 -0.059121 -0.391758 -0.024160 -0.251164 0.029159 -0.387191 -0.131115 -0.080450 0.229581 0.349752 0.129162 -0.035911 0.177638 1.000000 0.356666 0.564167 0.067582 -0.362833 -0.134193 0.178303 0.005023 -0.014791 0.029830 -0.073474 0.105879 -0.115812 -0.095011 0.004952 -0.111714 -0.351695 -0.116939 -0.130925 -0.275338 -0.002164 -0.062018 0.053705 -0.079124 -0.077584 -0.087234 0.043328 -0.055489 0.163366 0.257217 -0.067280 0.023350 -0.097631 -0.145728 -0.099280 -0.205708 -0.146888 -0.271686 -0.095381 -0.348247 -0.183065 -0.173904 0.002929 -0.021599 0.015104 0.197542 0.300747 0.309147 -0.108521 0.082198 0.008996 0.008536 0.045682 0.223720 -0.157100 0.039522 -0.245029 0.035230 -0.059730 -0.049935 0.081096 0.116666 0.033065 0.009512 0.051873 0.212639 0.485410 0.460377 0.509002 0.447820 -0.088977 -0.139996 -0.209403 -0.009032 0.151362 0.326798 0.297942 0.270458 0.297456 0.278175 -0.003900 -0.023344 0.037228 -0.220665 -0.193266 -0.117294 -0.013290 0.061283 0.304275 0.079904 -0.021500 -0.003454
-0.003215 0.088269 0.070824 0.342883 -0.100408 0.751349 -0.107100 -0.241104 -0.231768 -0.073099 -0.260040 -0.336272 -0.286697 -0.331091 -0.104525 -0.087164 -0.267082 -0.281848 0.175041 0.229323 0.004460 0.026612 0.323557 0.419998 0.356666 1.000000 0.231376 0.574818 -0.290579 -0.191159 -0.118912 0.028331 -0.157266 -0.161590 0.183338 0.155208 0.034678 -0.038290 0.238753 0.099105 -0.046595 -0.103453 0.249657 0.099050 -0.158793 -0.084965 0.006445 0.022467 -0.287136 -0.101499 -0.128348 0.047961 -0.105872 0.037271 0.083020 0.175098 -0.090447 -0.025348 -0.056363 -0.374872 -0.160777 -0.306937 -0.228636 -0.341913 0.031541 -0.092583 0.168728 -0.068568 0.246687 0.279715 -0.019364 0.056705 -0.243914 0.061633 -0.004859 0.068955 0.117101 0.203773 -0.070466 0.191783 -0.226755 0.101964 -0.155899 -0.078581 0.163652 0.226888 0.103304 0.175575 0.216695 0.305431 0.110015 0.229826 0.225435 0.216166 -0.022508 -0.029949 -0.048555 0.125005 0.087436 0.205407 0.181181 0.069155 0.205673 0.196529 0.042786 0.038507 0.244698 0.085207 -0.039162 -0.072799 0.052841 -0.008434 0.063918 0.092822 0.094556 -0.011534
-0.021725 -0.039503 0.363883 -0.017250 0.502124 0.518726 0.246940 0.088843 -0.086416 0.083777 -0.416165 -0.174799 -0.489492 0.167762 -0.251349 -0.046629 -0.400249 -0.347769 0.062845 0.159238 0.237507 0.096275 0.034245 0.296660 0.564167 0.231376 1.000000 0.487593 -0.514363 -0.394841 0.002645 -0.094296 -0.093224 -0.046435 0.130476 0.189938 -0.203021 -0.091615 0.161140 -0.109577 -0.259928 -0.036103 -0.046654 -0.250706 -0.054860 -0.142391 -0.085454 -0.107359 -0.063850 -0.053276 0.173105 -0.107929 0.253576 0.222970 0.151610 -0.040716 0.030314 -0.135953 0.231993 0.124701 0.030438 -0.350095 -0.093894 -0.295437 0.019211 -0.178752 0.291989 0.049197 0.004436 0.254620 0.257954 0.272757 -0.415515 -0.288408 -0.252787 -0.182960 -0.298894 -0.074252 -0.318583 -0.040627 -0.380848 -0.055860 0.132008 0.119638 -0.072228 0.349463 0.036168 0.073935 0.328048 0.407585 0.651507 0.441975 0.415994 0.354511 -0.036665 -0.197830 -0.178727 -0.184114 0.075536 0.365882 0.261298 0.288226 0.192774 0.396877 -0.056369 -0.036603 -0.005805 -0.328386 -0.344495 -0.258121 -0.065703 0.172215 0.367214 -0.005309 -0.203019 -0.267666
0.056566 0.009545 0.106907 0.162965 -0.095294 0.753216 0.027675 -0.210858 -0.251982 -0.012420 -0.241981 -0.444586 -0.285800 -0.130910 -0.186017 -0.129547 -0.212649 -0.420211 0.360905 0.180271 -0.067179 0.159206 0.260989 0.428713 0.067582 0.574818 0.487593 1.000000 -0.371950 -0.417545 -0.124330 -0.016610 -0.190680 -0.188661 0.208392 0.173799 -0.145681 0.002713 0.365615 0.098852 -0.094570 -0.043729 0.095257 0.014267 -0.101788 -0.141824 -0.157539 -0.061866 -0.144130 0.000945 0.087491 -0.025502 -0.095334 0.155520 0.148546 0.131748 0.140284 -0.007771 0.172117 0.004323 0.070161 -0.354240 -0.177035 -0.204051 0.134236 -0.174332 0.287399 -0.086892 0.264904 0.177575 -0.039471 0.007101 -0.440947 -0.296051 -0.226862 -0.185661 -0.191075 -0.063100 -0.290590 -0.015974 -0.307793 -0.027336 0.148419 0.153987 0.035228 0.333597 0.005695 0.300565 0.394936 0.359912 0.260360 0.254981 0.160223 0.228522 0.065254 -0.082819 -0.055774 -0.003758 0.191493 0.239055 0.122954 0.157345 0.048520 0.291710 -0.076868 -0.120534 0.105728 -0.138260 -0.190430 -0.223357 -0.093843 0.116561 0.194766 0.081117 -0.093880 -0.233360
-0.195958 -0.164910 -0.375744 -0.119190 -0.168424 -0.436869 -0.403535 0.000370 0.241700 -0.112787 0.374641 0.205073 0.374880 -0.041533 0.354414 -0.030848 0.752262 0.540787 -0.217691 -0.256564 -0.275277 -0.080891 0.047104 -0.184964 -0.362833 -0.290579 -0.514363 -0.371950 1.000000 0.447392 0.164466 0.197231 -0.060070 -0.061520 -0.100026 -0.199346 0.107128 0.024487 -0.315954 0.011264 0.286882 0.178398 -0.096366 0.249734 0.167561 0.016058 0.125477 0.192108 0.208340 0.016762 -0.071220 0.024776 0.014957 -0.181985 0.031446 0.037331 -0.133147 0.004804 -0.231396 0.061015 -0.197099 0.107239 0.160720 0.334684 -0.000779 0.019975 -0.356458 -0.159328 -0.320483 -0.389091 -0.151965 -0.092984 0.704510 0.227534 0.455561 0.061179 0.166189 -0.113418 0.451772 0.135873 0.597978 0.214776 -0.013858 -0.020660 -0.019360 -0.263631 0.030004 -0.105680 -0.315904 -0.489124 -0.375942 -0.219956 -0.162703 -0.192668 0.133551 0.136345 0.212118 0.099852 -0.055011 -0.211360 -0.140017 -0.159079 -0.174355 -0.264978 0.030731 -0.032744 -0.005331 0.000525 0.305641 0.280124 0.005664 -0.176848 -0.134553 0.018088 0.072776 0.116386
-0.070640 0.107829 -0.157625 -0.012799 -0.008206 -0.344642 -0.180352 -0.173092 0.216487 -0.057494 0.002395 0.450078 0.294839 -0.078537 0.413415 0.320523 0.158159 0.625396 -0.116180 -0.005321 -0.040552 -0.130329 -0.195831 -0.323171 -0.134193 -0.191159 -0.394841 -0.417545 0.447392 1.000000 -0.042118 -0.055173 -0.005452 0.063334 -0.185056 -0.240432 0.188382 -0.254967 -0.353165 -0.139955 0.434991 0.151687 -0.179159 0.069728 0.022267 -0.027629 0.258112 0.249859 0.032435 -0.104917 -0.167869 0.032294 -0.003319 -0.058885 -0.189186 0.080344 -0.026743 0.084932 -0.215659 -0.149131 -0.179811 0.139529 0.127436 0.332293 -0.186358 0.078813 -0.353668 -0.116607 -0.045868 -0.031034 -0.223303 -0.112735 0.600207 0.601113 0.290107 0.307654 0.306569 -0.015010 0.465660 0.296712 0.447978 0.265987 -0.086699 -0.058926 0.186869 -0.206192 0.018277 -0.344655 -0.414425 -0.226124 -0.251860 -0.144720 -0.175930 -0.029785 0.105769 0.116493 0.089535 0.225432 -0.058389 -0.050795 -0.142134 -0.128932 -0.150918 -0.094497 -0.055344 -0.098381 -0.102430 -0.069782 0.188670 0.082905 0.047985 0.017763 -0.093932 -0.000567 -0.004814 0.011748
-0.259774 -0.213392 0.024193 0.074541 0.253718 -0.084625 -0.190928 0.134063 0.024919 0.040779 0.253598 0.122267 0.125291 0.214617 0.089992 -0.032832 0.187184 0.031500 0.027331 -0.099478 -0.054174 0.103963 0.159833 0.145480 0.178303 -0.118912 0.002645 -0.124330 0.164466 -0.042118 1.000000 0.785208 -0.333610 -0.223081 -0.212505 -0.179257 0.160389 0.045944 -0.026526 -0.081860 -0.165324 0.046802 0.105812 -0.100470 0.044735 0.250202 -0.032990 -0.105882 0.303934 0.194441 0.267677 0.104982 0.052038 -0.038108 -0.013674 -0.184726 -0.044913 -0.208618 -0.128598 0.149418 -0.178060 -0.081696 0.240498 -0.134639 -0.039509 -0.296812 -0.245580 -0.240777 -0.281449 -0.324243 0.277516 0.143222 0.180741 -0.026550 0.111614 0.023656 0.081705 0.045218 -0.158588 -0.041407 0.105331 0.225269 0.101771 0.291705 0.009839 0.013372 0.029380 0.033696 -0.060715 -0.229106 -0.066639 0.057437 0.026118 -0.072119 -0.017121 0.028122 -0.014590 0.077627 -0.005341 -0.005033 -0.110936 0.017258 -0.036222 -0.063651 -0.112112 -0.279004 -0.168786 -0.239258 0.127602 0.154397 -0.131875 -0.116732 0.045677 0.049325 0.104165 0.205958
-0.123165 -0.276684 -0.049122 0.105806 -0.064620 -0.063387 -0.243774 0.068923 -0.100726 -0.163520 0.149888 -0.020257 0.073341 0.022796 0.116219 -0.203678 0.238847 -0.028611 0.119367 -0.103788 -0.058053 0.217650 0.275314 0.222232 0.005023 0.028331 -0.094296 -0.016610 0.197231 -0.055173 0.785208 1.000000 -0.207922 -0.110835 -0.156955 -0.199548 0.144032 0.112643 0.081697 0.066208 -0.059947 0.179645 0.172583 -0.060872 0.145882 0.342805 -0.017370 -0.083480 0.341908 0.183624 0.194158 0.171376 0.055957 -0.155833 0.044914 -0.182525 -0.113696 -0.213779 -0.257172 0.008178 -0.138824 -0.128748 0.194703 -0.155949 0.011033 -0.187415 -0.213350 -0.247564 -0.263640 -0.357099 0.266752 0.111554 0.168948 -0.055824 0.124779 0.041155 0.019222 -0.033176 -0.064096 -0.095737 0.106618 0.148775 0.007238 0.334641 0.086381 0.095094 0.110542 0.074303 -0.074796 -0.253558 -0.163309 -0.031155 -0.061802 -0.147404 -0.080157 -0.010047 0.116653 0.057488 -0.185148 -0.141564 -0.123473 -0.002022 0.033210 -0.029597 0.010387 -0.200714 -0.127421 -0.090922 0.092702 0.221180 -0.010054 -0.307347 0.010032 0.170608 0.156192 0.162388
0.116131 0.164020 0.086166 -0.435471 -0.098032 -0.269338 0.275093 0.166138 0.054489 -0.065605 0.112189 0.036243 0.087953 -0.171497 -0.059373 0.003510 -0.223785 -0.052115 -0.168871 0.053700 0.015754 -0.068110 -0.177508 -0.291231 -0.014791 -0.157266 -0.093224 -0.190680 -0.060070 -0.005452 -0.333610 -0.207922 1.000000 0.803370 0.073946 -0.021852 -0.371352 -0.161785 -0.071095 -0.102574 -0.006267 -0.031348 -0.374134 -0.141298 0.000234 -0.196493 0.008572 0.006955 -0.258144 -0.346581 -0.356752 -0.251601 0.049827 -0.018252 -0.032460 -0.085615 0.064502 0.391130 -0.020443 -0.112372 0.489216 0.247057 0.257364 -0.081818 0.005531 -0.017862 0.182131 0.163715 -0.007803 0.135624 0.005227 -0.187950 -0.045764 0.043924 0.017258 0.020219 -0.246737 -0.093428 -0.003036 -0.096145 -0.255036 -0.219166 0.013939 -0.095189 -0.177699 -0.126278 -0.228849 -0.134007 -0.182340 -0.112572 -0.063621 -0.115464 -0.193073 -0.126536 -0.041904 -0.089290 -0.074628 -0.145653 -0.029823 0.060760 -0.100004 -0.061904 -0.125913 -0.039495 -0.077048 -0.018921 -0.041707 0.028306 -0.110777 -0.063439 -0.088352 0.065478 0.000430 0.005763 -0.101037 -0.140964
-0.038932 0.127217 -0.018137 -0.283741 -0.098868 -0.292730 0.074914 0.067791 -0.113666 -0.057933 0.201259 0.015865 0.162889 -0.223219 -0.250995 0.060548 -0.141474 -0.023512 -0.295536 -0.176175 0.056849 0.085949 -0.128450 -0.177869 0.029830 -0.161590 -0.046435 -0.188661 -0.061520 0.063334 -0.223081 -0.110835 0.803370 1.000000 -0.081924 -0.053362 -0.219072 -0.192963 -0.076215 -0.101192 0.083103 0.080882 -0.351984 -0.162099 0.048927 -0.163200 0.153330 0.049628 -0.027021 -0.226169 -0.150108 -0.287763 0.140079 0.090723 -0.146807 0.021821 -0.068951 0.305603 0.034618 -0.115373 0.267599 0.435143 0.324830 0.043678 -0.016177 0.019542 0.096877 0.180295 -0.052250 0.124481 -0.094105 -0.182731 -0.031782 -0.072446 -0.102156 -0.027761 -0.203120 -0.080776 -0.015662 -0.153671 -0.083456 -0.144676 0.117058 -0.167809 -0.215557 -0.264618 -0.138825 -0.072696 -0.243222 0.005442 -0.008725 -0.130063 -0.100854 -0.003476 -0.017167 -0.105355 -0.072279 -0.084801 0.060527 -0.040168 -0.052980 -0.045389 -0.078898 -0.039979 -0.090337 -0.026340 -0.178950 -0.002427 -0.110086 -0.043036 0.100250 0.141740 -0.085952 0.051844 -0.165714 -0.183606
0.101353 -0.160090 -0.057380 -0.110231 -0.044063 0.205412 0.140703 -0.015102 0.113661 -0.056523 -0.193463 -0.004805 -0.192970 -0.003497 0.120211 -0.173502 -0.130890 -0.090915 0.140432 0.060077 -0.180963 -0.054221 0.123737 0.145963 -0.073474 0.183338 0.130476 0.208392 -0.100026 -0.185056 -0.212505 -0.156955 0.073946 -0.081924 1.000000 0.763752 -0.069680 0.005793 -0.032514 -0.017828 -0.092629 -0.165710 -0.013792 0.129763 0.146448 0.028694 -0.189891 -0.150106 -0.191815 -0.074350 -0.202344 0.005517 -0.226359 -0.231069 -0.121224 -0.117389 -0.032843 -0.187660 -0.144269 -0.196827 0.128104 -0.200923 -0.221795 -0.050685 0.071186 0.330454 0.297378 0.202446 0.171931 0.064776 0.043815 0.153023 -0.208535 -0.183752 -0.071196 -0.273931 0.176871 0.112782 -0.071016 -0.060684 -0.261368 -0.105728 -0.120485 -0.113632 -0.015637 0.139357 -0.023443 0.098533 0.064339 -0.026874 0.143629 -0.067261 -0.118852 -0.154959 -0.007275 -0.037047 -0.210649 -0.157175 0.028183 0.194691 -0.043956 0.066438 -0.006903 -0.016181 0.038799 0.071848 0.053799 0.019899 -0.003481 -0.049876 -0.171216 0.095713 0.114146 -0.075170 -0.002120 -0.022090
0.082703 -0.219240 -0.037691 0.030034 0.082037 0.292720 0.117255 -0.004104 -0.034519 -0.003533 -0.214707 -0.021956 -0.255870 0.066983 -0.018667 -0.241567 -0.136875 -0.072851 0.038624 -0.088684 -0.132463 -0.044678 0.150999 0.225720 0.105879 0.155208 0.189938 0.173799 -0.199346 -0.240432 -0.179257 -0.199548 -0.021852 -0.053362 0.763752 1.000000 0.035618 0.147864 -0.058404 -0.015522 -0.325598 -0.132376 -0.060653 -0.126062 0.315235 0.156366 -0.234702 -0.179907 -0.008613 0.144643 0.065848 0.090636 -0.124687 -0.135017 -0.156392 -0.097868 -0.190814 -0.281410 -0.183146 -0.211096 -0.086074 -0.124432 -0.292859 -0.019250 -0.029076 0.324942 0.238887 0.264346 0.078795 0.019906 0.035670 0.237046 -0.175455 -0.239579 -0.098794 -0.290497 0.180229 0.130157 -0.045021 -0.040761 -0.154372 -0.024772 -0.216592 -0.088410 0.028955 0.051229 0.032457 0.224231 0.138711 0.006009 0.188099 -0.006561 0.104481 -0.008601 -0.093876 -0.124855 -0.278254 -0.204738 0.042076 0.038740 0.056087 0.080513 0.109312 -0.008014 0.133759 0.185092 0.088309 0.065108 -0.060584 -0.084289 -0.103662 0.084917 0.044321 0.083805 0.093811 -0.000579
