1.000000 0.417274 0.410477 0.408488 0.148549 -0.097729 0.365712 0.346377 0.119678 -0.097437 0.417320 0.305072 0.198174 0.261364 0.187479 0.234264 0.203226 -0.295484 0.283483 0.319560 -0.214855 -0.201451 0.226144 0.281200 0.047112 0.087106 0.071385 0.019920 -0.078041 -0.268250 -0.169121 -0.053680 -0.113046 -0.234771 -0.110413 -0.054545 -0.447284 -0.439843 -0.231185 -0.307511 -0.284947 -0.387253 -0.468488 -0.338394 -0.194747 -0.025415 -0.406340 -0.494868 0.141783 -0.332462 0.473604 -0.010322 -0.033610 -0.334500 0.089225 -0.420442 0.417691 0.354819 -0.076209 -0.009466 0.137623 0.286589 -0.040841 0.041649 0.570465 0.324495 0.120225 0.180357 0.244359 0.260578 -0.235155 0.025508 -0.110162 -0.336804 -0.223372 -0.419440 -0.210197 -0.305363 -0.119137 -0.189127 -0.179024 -0.126273 0.189728 -0.009193 -0.037047 0.311151 0.341546 0.001620 0.275260 0.377362 0.003718 -0.325548 -0.045893 0.192285 -0.189361 -0.251715 -0.321592 -0.487532 -0.332155 -0.376612 0.340854 0.306484 0.139160 0.008151 0.041635 -0.219378 0.158818 0.116194 -0.332332 -0.154587 -0.010985 -0.509937 -0.486378 0.090116 0.195072 -0.200780
0.417274 1.000000 0.114952 0.186774 0.111871 -0.206886 -0.011101 0.242845 0.043327 -0.301516 0.063779 0.463808 0.105091 0.165554 0.019957 0.169340 0.155544 0.280040 0.458170 0.421967 -0.282716 -0.281576 0.121911 -0.058154 -0.099221 0.062373 0.116511 -0.037379 -0.240278 0.160676 -0.391865 -0.308824 0.116721 -0.077687 -0.266086 -0.262674 -0.104178 -0.096157 -0.029693 -0.135888 -0.083451 -0.150394 -0.469115 -0.452690 -0.384748 -0.382937 -0.427926 -0.388159 -0.067613 -0.262361 -0.092658 -0.192483 0.095357 -0.307424 0.079469 -0.394001 0.684499 0.637169 0.243786 0.227556 0.405421 0.418780 0.199758 0.244627 0.218366 0.101159 0.042360 -0.056425 0.421637 0.475884 -0.319205 -0.018346 -0.123371 0.066193 -0.034356 -0.090359 -0.030472 -0.164891 -0.071027 -0.057280 0.117797 0.176420 0.049640 0.245863 0.116033 0.223503 0.153681 -0.073369 0.012656 0.190319 0.019128 -0.162205 0.058429 0.001876 -0.154516 -0.104058 -0.258728 -0.302611 -0.229342 -0.148666 0.187328 0.111868 0.322211 0.263479 0.312311 -0.075286 0.169010 0.110282 -0.210135 -0.044907 -0.197009 -0.409395 -0.167934 0.299794 0.171166 -0.075891
0.410477 0.114952 1.000000 0.302407 0.335161 -0.232543 0.666531 0.282494 0.242224 -0.476661 0.284812 0.042300 0.348287 0.232280 0.262159 0.551176 -0.087087 -0.176694 0.209236 0.422820 0.227842 0.118318 0.755504 0.599963 0.528810 0.414705 0.383803 0.170347 -0.487637 -0.143963 0.080862 0.109656 0.090138 0.169619 0.077557 0.127855 -0.307139 -0.103585 -0.242208 0.009225 -0.036549 0.000692 -0.316872 -0.143283 -0.281641 0.002731 -0.254324 -0.291758 -0.331929 -0.510129 0.194454 -0.340226 -0.173655 -0.265937 -0.116243 -0.396114 -0.048711 0.188700 -0.306681 -0.275931 -0.132073 -0.061786 -0.134419 0.007098 0.326511 0.142987 -0.059203 0.084184 -0.014669 -0.000702 -0.148593 -0.037409 -0.203425 -0.269583 0.054681 -0.259560 -0.020399 0.019866 -0.329970 -0.112291 -0.215213 -0.017147 0.082549 0.272171 -0.049355 0.357211 0.016207 0.032078 0.415346 0.320008 -0.364157 -0.343972 -0.085111 0.297398 -0.192711 -0.216113 -0.214613 -0.382682 -0.409383 -0.424806 0.398862 0.171458 0.185660 -0.205190 -0.209828 -0.119946 0.165195 0.010214 -0.295876 0.130634 0.220336 -0.247044 -0.375893 -0.110686 -0.027623 -0.052781
0.408488 0.186774 0.302407 1.000000 0.239870 -0.054668 0.439322 0.787114 0.342594 -0.180818 0.289065 0.231215 0.379168 0.357283 0.075278 0.279410 -0.069961 -0.270648 0.270582 0.517770 0.027294 -0.026893 0.138777 0.548120 0.162323 0.207597 0.219732 -0.023858 -0.320258 -0.182192 -0.086782 0.103053 -0.116706 -0.013370 0.023720 0.117722 -0.473223 -0.469004 -0.320456 -0.214464 -0.047950 -0.068366 -0.327707 -0.256297 -0.154015 -0.014855 -0.350406 -0.287875 -0.105941 -0.180099 0.053310 0.077947 -0.343547 -0.102399 -0.390018 -0.445580 0.002395 0.011200 -0.122856 0.076319 -0.081599 0.422561 -0.337629 0.170244 0.449043 0.593691 -0.020219 0.350819 -0.027765 0.069032 -0.112338 -0.228695 -0.188059 -0.360817 -0.062566 -0.297872 -0.309201 -0.405435 -0.330191 -0.391377 -0.273955 -0.281753 0.138562 0.111356 -0.214311 0.054896 0.249906 -0.093385 0.043583 0.162858 -0.151306 -0.154640 0.251009 0.169518 -0.335492 -0.337052 -0.429580 -0.435828 -0.394380 -0.290973 0.439176 0.125334 0.194545 -0.194915 -0.194327 -0.216514 0.170537 -0.080939 -0.278010 -0.036393 -0.023038 -0.384347 -0.386763 -0.080538 0.064795 -0.163242
0.148549 0.111871 0.335161 0.239870 1.000000 0.344427 0.368471 0.406154 0.712010 -0.438822 0.325929 0.161574 0.449155 0.417234 0.728941 0.043764 0.123023 -0.075895 -0.079238 -0.031335 0.523013 0.530703 0.170478 0.204500 0.627895 0.808817 0.911220 0.630042 -0.072352 0.067771 -0.276985 -0.132114 0.256664 0.160102 0.352677 0.381924 -0.172256 -0.102933 -0.216881 -0.249205 0.277577 0.170470 -0.007121 0.005483 0.098153 0.114799 -0.053975 -0.108462 -0.074473 -0.188087 0.195931 -0.025039 -0.210769 -0.293334 -0.294349 -0.309171 -0.200763 0.094799 -0.161393 0.192443 -0.085799 0.178681 -0.129316 0.144289 0.205777 0.389650 0.133421 0.296570 0.043514 0.099743 -0.418588 -0.248399 -0.228271 -0.263496 0.056338 -0.273409 0.206480 0.004042 -0.131904 -0.273269 -0.298125 -0.110378 -0.443434 -0.198301 -0.237310 -0.207248 -0.238361 -0.432440 -0.229864 -0.203128 -0.299660 -0.369498 -0.207590 -0.066759 0.039365 -0.032072 -0.185669 -0.219447 -0.217074 -0.260057 -0.021957 -0.192857 -0.068031 -0.210881 -0.256268 -0.194474 -0.115629 -0.084395 -0.041378 0.099492 0.268590 -0.084493 -0.103536 -0.345570 -0.174663 -0.057515
-0.097729 -0.206886 -0.232543 -0.054668 0.344427 1.000000 -0.234980 0.099398 0.268199 0.587506 0.021424 -0.040578 -0.075633 0.123587 0.337684 -0.213686 0.121314 -0.086462 -0.161545 -0.239046 0.213204 0.403090 -0.276612 -0.201646 0.229705 0.078957 0.322189 0.448551 0.337249 -0.020677 -0.145906 -0.007377 -0.092863 -0.117237 0.020300 -0.005059 0.010228 -0.037873 0.121259 -0.083384 0.155354 0.039081 0.116675 -0.049659 0.133929 -0.061849 0.057227 0.096809 0.107880 0.063782 0.034886 0.154961 0.144610 0.056311 0.093069 0.117066 -0.263837 -0.224973 -0.125525 0.070292 -0.053845 0.097828 -0.053392 0.095166 0.002255 0.170137 -0.001038 0.009045 -0.126262 -0.108694 -0.110424 -0.079264 0.052820 -0.106642 -0.056534 -0.024958 0.042756 -0.026572 0.016030 -0.111127 -0.141760 -0.144258 0.012625 -0.276508 -0.051920 -0.262193 -0.010680 -0.245695 -0.244602 -0.217570 0.171745 0.074359 0.035789 -0.300222 0.193231 0.036649 -0.002021 0.075785 0.142193 0.125035 -0.367117 -0.352988 -0.173525 -0.176364 -0.271685 -0.156971 -0.187882 -0.135850 0.108567 -0.073065 0.044148 0.056472 0.161253 -0.266117 -0.047608 -0.017740
0.365712 -0.011101 0.666531 0.439322 0.368471 -0.234980 1.000000 0.448536 0.552227 -0.531370 0.481778 0.051948 0.651712 0.270619 0.321271 0.176097 -0.035134 -0.145788 0.166930 0.094332 0.428338 0.169372 0.337260 0.375520 0.318155 0.424554 0.348581 0.226634 -0.240890 0.011403 0.022065 0.035374 0.269336 0.308800 0.500414 0.464183 -0.213438 -0.106264 -0.288093 -0.166041 0.119212 0.068112 -0.123408 -0.015140 0.012615 0.051171 -0.074818 -0.197999 -0.256200 -0.279900 0.132466 -0.302609 -0.311828 -0.168574 -0.198853 -0.436890 -0.189472 0.027073 -0.195198 -0.098518 -0.336914 -0.009536 -0.258006 0.031867 0.379397 0.204347 0.186398 0.283752 0.063170 -0.086790 -0.051474 -0.167922 -0.106918 -0.215720 0.108409 -0.256882 0.076979 0.006582 -0.308658 -0.131470 -0.182513 -0.002484 -0.147063 0.164724 -0.097374 -0.135201 -0.158764 -0.348524 -0.010753 -0.037105 -0.396601 -0.288800 -0.212188 0.316317 -0.068124 -0.122859 -0.252312 -0.418997 -0.379387 -0.358577 0.326033 0.321512 0.256726 -0.115649 -0.143573 0.014092 0.168558 0.086634 -0.116472 0.187255 0.218471 -0.139423 -0.295883 -0.116878 -0.218933 0.048648
0.346377 0.242845 0.282494 0.787114 0.406154 0.099398 0.448536 1.000000 0.575680 -0.207027 0.369895 0.481439 0.568578 0.597432 0.332804 0.334005 -0.055961 -0.137855 0.350343 0.376591 0.067803 0.034976 0.133223 0.316661 0.109279 0.339236 0.358643 0.085943 -0.350110 0.212858 -0.348784 -0.158485 0.131578 0.025188 0.070326 0.083810 -0.304260 -0.220905 -0.249912 -0.183609 0.108957 0.100621 -0.284590 -0.364481 -0.167359 -0.191946 -0.276185 -0.289028 -0.238783 -0.279101 -0.055816 -0.125280 -0.309424 -0.192543 -0.382075 -0.490414 0.048680 -0.017565 -0.110863 0.092642 -0.076974 0.556835 -0.274478 0.377207 0.585253 0.748255 -0.044870 0.175237 0.063367 0.048067 -0.272973 -0.315434 -0.232162 -0.111449 0.003052 -0.144519 -0.159338 -0.216721 -0.357050 -0.276643 -0.220352 -0.097765 -0.082201 0.212136 -0.057000 -0.049949 -0.056680 -0.334113 -0.158839 0.139674 -0.291998 -0.242490 0.147562 0.096792 -0.177038 -0.261613 -0.477707 -0.479933 -0.466990 -0.337200 0.424117 0.034161 0.248964 -0.220819 -0.174259 -0.160749 0.123474 0.035189 -0.172321 0.008484 -0.097920 -0.386098 -0.357170 -0.090691 -0.058965 0.007434
0.119678 0.043327 0.242224 0.342594 0.712010 0.268199 0.552227 0.575680 1.000000 -0.280325 0.385718 0.073988 0.596542 0.335930 0.691575 -0.086269 0.017441 -0.013994 0.052649 -0.017107 0.481922 0.381774 0.014158 0.146523 0.402293 0.583943 0.604829 0.498243 -0.069319 0.131279 -0.164098 -0.084888 0.424579 0.256503 0.517740 0.485953 -0.103973 -0.117145 -0.174406 -0.234884 0.349510 0.174489 0.059755 -0.016975 0.086963 -0.029598 -0.029178 -0.066213 -0.183640 -0.175381 0.072028 -0.174671 -0.317355 -0.189601 -0.253650 -0.403038 -0.166992 0.044930 -0.113441 0.101862 -0.135204 0.276437 -0.246001 0.198874 0.359763 0.459346 0.049272 0.135985 0.102070 -0.032803 -0.181195 -0.381651 -0.198322 -0.218448 0.101103 -0.215056 0.180702 -0.080328 -0.292122 -0.293508 -0.244546 -0.067430 -0.312437 -0.087120 -0.157425 -0.393410 -0.173994 -0.512551 -0.284806 -0.234643 -0.312860 -0.222021 -0.156377 0.121334 0.081497 -0.093176 -0.242475 -0.334966 -0.301866 -0.248718 0.117411 0.056720 0.078456 -0.204915 -0.256823 -0.085684 0.072406 0.066179 0.028823 0.181391 0.196595 -0.059763 -0.172949 -0.276164 -0.284052 0.057463
-0.097437 -0.301516 -0.476661 -0.180818 -0.438822 0.587506 -0.531370 -0.207027 -0.280325 1.000000 -0.331006 -0.241725 -0.509201 -0.283294 -0.245275 -0.158798 -0.067987 -0.155463 -0.095756 -0.125797 -0.295582 -0.065082 -0.316387 -0.180879 -0.302949 -0.562877 -0.493169 -0.174143 0.340202 -0.240245 0.194137 0.217310 -0.363399 -0.345956 -0.321562 -0.317459 0.017584 -0.087792 0.157565 0.102582 -0.202132 -0.189754 0.150846 0.021145 0.055772 -0.026483 0.079766 0.175400 0.177309 0.179141 0.014747 0.218074 0.203744 0.315262 0.290623 0.366104 -0.054506 -0.249555 -0.090548 -0.184103 -0.000356 -0.097897 -0.074622 -0.185081 -0.172222 -0.025513 -0.193306 -0.244458 -0.189414 -0.159429 0.282195 0.185658 0.194398 0.017414 -0.199852 0.103862 -0.208415 -0.097858 0.125764 0.037997 0.022309 -0.219407 0.452094 -0.171542 0.078380 -0.000533 0.312521 0.230661 0.083234 0.020087 0.424549 0.411100 0.276793 -0.204063 0.075407 0.040869 0.152736 0.239480 0.297360 0.325864 -0.254641 -0.131911 -0.245199 -0.151081 -0.140004 -0.054672 -0.130262 -0.125725 0.127516 -0.253245 -0.171184 0.092089 0.189021 -0.009800 0.081875 0.020687
0.417320 0.063779 0.284812 0.289065 0.325929 0.021424 0.481778 0.369895 0.385718 -0.331006 1.000000 0.394135 0.766521 0.560332 0.442866 -0.010442 0.573932 -0.026876 0.059834 -0.084934 0.161000 0.035656 -0.048662 0.034401 0.226040 0.345843 0.324789 0.342679 0.144053 0.102273 -0.338323 -0.283996 0.245909 0.235244 0.359668 0.280988 0.037379 -0.021721 -0.254966 -0.384900 0.282470 0.075395 -0.322742 -0.227505 0.199517 0.017050 -0.269663 -0.430243 0.184866 -0.110314 0.270440 0.030239 0.110005 -0.421411 -0.151270 -0.578202 0.003722 -0.000413 -0.077208 0.151488 -0.044489 0.347631 0.044259 0.398224 0.642682 0.296539 0.386190 0.384487 0.155760 -0.004686 -0.383896 -0.370058 -0.041422 -0.182553 0.086775 -0.140889 0.100810 -0.124224 -0.069184 -0.150629 -0.009878 0.166634 -0.105579 -0.140764 0.073154 -0.091438 -0.171451 -0.483953 -0.206250 -0.040757 -0.197852 -0.455463 -0.273678 0.205491 -0.046660 -0.125240 -0.392378 -0.483288 -0.412581 -0.476318 0.207164 0.197891 0.183082 0.175583 0.016271 -0.248280 0.068447 0.027150 -0.308884 0.087816 0.152211 -0.361922 -0.306536 -0.022076 0.008654 -0.172710
0.305072 0.463808 0.042300 0.231215 0.161574 -0.040578 0.051948 0.481439 0.073988 -0.241725 0.394135 1.000000 0.397658 0.743144 0.152751 0.302900 0.346593 0.086589 0.141094 0.198397 -0.310543 -0.216091 0.040735 -0.097947 -0.137230 0.095539 0.164902 0.059080 -0.244755 0.332033 -0.745551 -0.579933 -0.058923 -0.114304 -0.121695 -0.111282 -0.012908 0.070147 0.021926 -0.072878 -0.024194 0.145002 -0.285832 -0.276007 -0.139594 -0.217459 -0.209073 -0.235765 0.046976 -0.217699 0.060638 0.001168 0.109263 -0.389368 -0.152213 -0.307211 0.244425 -0.021027 0.059559 0.157735 0.066899 0.437610 0.144553 0.473351 0.339731 0.399339 0.182320 0.220782 0.111703 0.139642 -0.682664 -0.201242 -0.266581 0.075659 -0.037008 0.002242 -0.023257 -0.089596 -0.091735 -0.071241 -0.057771 0.159162 -0.178552 0.183298 0.009658 0.175440 -0.121498 -0.139684 -0.184583 0.199296 -0.028794 -0.359666 0.125895 0.005772 -0.098155 -0.186119 -0.328512 -0.265839 -0.256092 -0.226845 0.121893 -0.028141 0.164226 0.072640 0.092365 -0.092965 0.217063 0.279706 -0.116952 0.126033 -0.051915 -0.269603 -0.158964 0.157803 -0.082182 -0.096392
0.198174 0.105091 0.348287 0.379168 0.449155 -0.075633 0.651712 0.568578 0.596542 -0.509201 0.766521 0.397658 1.000000 0.644032 0.501125 0.116683 0.324035 0.047504 0.160140 0.009464 0.269302 0.132627 0.027612 0.064429 0.213955 0.422564 0.407734 0.224662 -0.156946 0.295884 -0.442872 -0.394965 0.409147 0.285205 0.525560 0.464925 0.002473 0.061534 -0.200411 -0.263572 0.321616 0.244350 -0.178097 -0.124617 0.162738 0.006500 -0.169366 -0.297858 -0.048486 -0.197033 0.109179 -0.136643 -0.124789 -0.358379 -0.268860 -0.616566 -0.146717 0.002265 -0.100143 0.085430 -0.191737 0.288541 -0.076894 0.367871 0.554419 0.398651 0.332704 0.384634 0.170478 -0.007723 -0.356214 -0.393896 -0.123232 -0.092786 0.261648 -0.109688 0.190301 -0.061836 -0.340567 -0.173082 -0.082128 0.169914 -0.283393 0.053254 0.024365 -0.219148 -0.338468 -0.588495 -0.281374 -0.135068 -0.421149 -0.395417 -0.155228 0.302164 -0.094764 -0.191052 -0.411003 -0.449295 -0.502272 -0.504764 0.190612 0.166846 0.173911 0.014469 -0.159006 -0.182760 0.122502 0.072755 -0.232123 0.246852 0.262711 -0.189570 -0.232748 -0.081232 -0.157589 -0.067300
0.261364 0.165554 0.232280 0.357283 0.417234 0.123587 0.270619 0.597432 0.335930 -0.283294 0.560332 0.743144 0.644032 1.000000 0.359791 0.252737 0.347454 -0.144318 -0.028357 0.074785 -0.003417 -0.035420 0.104813 0.122979 0.182094 0.343010 0.376788 0.166599 -0.304947 0.237357 -0.675019 -0.556195 0.104371 -0.012764 0.178881 0.220863 -0.151140 -0.040019 -0.134980 -0.160742 0.029990 0.143046 -0.146261 -0.073094 0.038391 0.000741 -0.123859 -0.194460 0.074374 -0.281026 0.257395 0.069913 -0.142266 -0.469899 -0.288252 -0.381681 -0.050630 -0.112447 -0.071686 0.145727 -0.086133 0.417008 -0.019239 0.432003 0.430779 0.608977 0.206868 0.346638 0.076489 0.068960 -0.695072 -0.445428 -0.422512 -0.207927 0.036799 -0.211064 0.054365 -0.049074 -0.298904 -0.233840 -0.290874 -0.008192 -0.302962 0.002502 -0.174413 0.015399 -0.178158 -0.284031 -0.179660 0.094346 -0.185546 -0.538419 -0.027334 0.159800 -0.001834 -0.111784 -0.239536 -0.230494 -0.295753 -0.418172 0.207983 -0.022152 0.111609 -0.082094 -0.115083 -0.168460 0.191809 0.192437 -0.095718 0.196828 0.239434 -0.155197 -0.148632 -0.091316 -0.157058 -0.058807
0.187479 0.019957 0.262159 0.075278 0.728941 0.337684 0.321271 0.332804 0.691575 -0.245275 0.442866 0.152751 0.501125 0.359791 1.000000 -0.088913 0.255249 -0.125305 0.035182 -0.118607 0.458364 0.502192 0.068779 0.034464 0.495697 0.590820 0.669459 0.650243 0.158447 0.124430 -0.170646 -0.072478 0.324044 0.047176 0.350736 0.295309 0.006585 0.014190 -0.210544 -0.368441 0.393117 0.191672 0.073015 -0.028492 0.178346 0.045557 0.098192 -0.022333 0.012323 -0.137669 0.233802 -0.094464 -0.062210 -0.275324 -0.122914 -0.310336 -0.152831 0.057840 -0.207666 0.006827 -0.126638 0.145983 -0.270132 0.087006 0.333100 0.349014 0.047317 0.093953 -0.012062 -0.127814 -0.322183 -0.338861 -0.147075 -0.225886 0.066986 -0.186446 0.323963 0.048191 -0.183097 -0.266281 -0.187224 -0.091206 -0.343117 -0.247087 -0.097190 -0.324823 -0.250768 -0.486606 -0.202028 -0.217487 -0.312701 -0.338915 -0.198090 0.150624 0.219196 -0.030291 -0.171786 -0.252786 -0.214582 -0.295351 -0.024614 -0.025994 -0.182839 -0.114466 -0.238945 -0.146810 -0.080747 0.013617 -0.075749 0.223825 0.252152 0.001974 -0.097553 -0.143819 -0.172184 -0.113262
0.234264 0.169340 0.551176 0.279410 0.043764 -0.213686 0.176097 0.334005 -0.086269 -0.158798 -0.010442 0.302900 0.116683 0.252737 -0.088913 1.000000 -0.255629 0.019366 0.318880 0.647272 -0.247113 -0.136515 0.657774 0.548377 0.077316 0.112818 0.056423 -0.210241 -0.574002 0.033766 -0.093908 0.105008 -0.161371 -0.121399 -0.356733 -0.240288 -0.313918 -0.091384 -0.171470 0.131808 -0.210701 0.038393 -0.377736 -0.318044 -0.437952 -0.151223 -0.359010 -0.284795 -0.366532 -0.441355 -0.049258 -0.289280 -0.163590 -0.001656 -0.191395 -0.228471 0.057978 0.140680 -0.323259 -0.213306 -0.124249 0.046263 -0.009007 0.094494 0.305900 0.278877 -0.192369 0.004394 -0.134129 0.094605 -0.187331 -0.009248 -0.210353 -0.018578 0.034987 0.050426 -0.337325 -0.133401 -0.221056 -0.102515 -0.006244 0.018814 0.313983 0.596390 0.102236 0.631616 0.039892 0.303465 0.342411 0.623035 -0.183884 -0.052827 0.288739 0.017017 -0.315153 -0.252493 -0.297981 -0.281484 -0.373960 -0.224023 0.442015 -0.101732 0.135269 -0.349841 -0.307111 -0.227041 0.082870 -0.013757 -0.244684 -0.090365 -0.147962 -0.416193 -0.354074 -0.017248 0.037733 -0.019913
0.203226 0.155544 -0.087087 -0.069961 0.123023 0.121314 -0.035134 -0.055961 0.017441 -0.067987 0.573932 0.346593 0.324035 0.347454 0.255249 -0.255629 1.000000 0.035307 -0.123919 -0.308232 0.028399 0.038122 -0.219160 -0.232763 0.146348 0.200585 0.173949 0.278820 0.489858 0.089528 -0.303953 -0.339662 0.062353 0.002774 0.012624 0.022271 0.195922 0.048506 0.023998 -0.247263 0.087033 -0.022658 -0.132412 -0.036797 0.126033 -0.005473 -0.054791 -0.155473 0.377098 -0.075275 0.377115 0.131919 0.411497 -0.463315 0.065676 -0.213148 0.215859 -0.006168 -0.042310 0.082125 0.036521 0.113582 0.132780 0.096877 0.157154 0.019839 0.222913 0.201120 0.149353 0.092775 -0.423572 -0.196084 -0.091135 -0.116943 -0.072298 -0.164154 0.241768 -0.011410 0.153592 -0.062934 0.071720 0.077615 0.046007 -0.310616 0.091978 -0.094044 -0.034854 -0.327800 -0.088979 -0.160291 0.154855 -0.370770 -0.239324 0.131616 0.279990 0.147446 0.059533 -0.055614 0.049354 -0.160255 -0.126584 0.096250 -0.154180 0.244678 0.124748 -0.114409 -0.020892 0.009733 -0.001855 0.014039 0.211975 -0.083844 0.019435 0.065018 0.169897 -0.047965
-0.295484 0.280040 -0.176694 -0.270648 -0.075895 -0.086462 -0.145788 -0.137855 -0.013994 -0.155463 -0.026876 0.086589 0.047504 -0.144318 -0.125305 0.019366 0.035307 1.000000 0.165122 -0.033009 -0.025417 -0.050928 -0.111193 -0.374712 -0.204339 -0.106722 -0.004755 0.006961 0.034700 0.460707 -0.152539 -0.204781 0.376980 0.340362 0.079938 -0.009193 0.399078 0.324723 0.281210 0.094051 0.338461 0.244126 -0.218054 -0.273064 -0.250599 -0.498724 -0.228184 -0.163007 -0.265480 0.000248 -0.498372 -0.340814 0.289116 0.070345 0.045822 -0.140290 0.314256 0.182927 0.373511 0.320183 0.275670 0.156453 0.524323 0.391436 -0.066964 -0.342694 0.169783 -0.081956 0.146462 0.106978 0.043631 -0.014363 0.215944 0.531338 0.276206 0.371730 0.021136 -0.020671 0.196506 0.367054 0.663151 0.709079 0.059036 0.409626 0.435542 -0.022358 -0.218598 -0.163850 -0.289388 -0.102015 -0.020933 0.163847 -0.138843 -0.324009 -0.039133 -0.186792 -0.206931 -0.209508 -0.127585 0.045358 -0.072602 -0.027334 0.304536 0.311626 0.176496 -0.060123 0.227327 0.125547 0.038715 0.106303 -0.272184 -0.214893 -0.071611 0.322469 -0.166295 0.051167
0.283483 0.458170 0.209236 0.270582 -0.079238 -0.161545 0.166930 0.350343 0.052649 -0.095756 0.059834 0.141094 0.160140 -0.028357 0.035182 0.318880 -0.123919 0.165122 1.000000 0.504862 -0.135394 -0.158022 0.128801 0.061221 -0.175979 -0.104487 -0.013760 -0.029704 -0.116758 0.273096 0.036062 0.153096 0.254831 -0.007666 -0.186692 -0.281833 -0.020393 0.017250 -0.162076 -0.224299 0.145490 -0.078511 -0.414196 -0.594044 -0.414173 -0.521422 -0.300489 -0.317054 -0.336105 -0.321256 -0.365397 -0.532900 0.051748 0.007517 -0.022101 -0.372363 0.355938 0.417389 0.043517 -0.088843 0.143552 0.276065 -0.108810 0.162741 0.380042 0.108682 -0.105698 -0.214753 0.245647 0.159592 0.102655 -0.075271 0.060863 0.100334 0.151058 0.212930 0.083262 0.013462 -0.267645 -0.000099 0.241747 0.201361 0.352733 0.478743 0.372080 0.035129 0.017421 -0.196173 0.001313 0.215858 -0.207675 0.038724 0.085821 0.087894 -0.141757 -0.067700 -0.402528 -0.437365 -0.285708 -0.126788 0.324929 0.187981 0.328508 0.153240 0.154522 0.001243 0.033477 -0.076749 -0.232011 -0.038619 -0.370269 -0.469383 -0.263561 0.276497 0.127945 -0.109735
0.319560 0.421967 0.422820 0.517770 -0.031335 -0.239046 0.094332 0.376591 -0.017107 -0.125797 -0.084934 0.198397 0.009464 0.074785 -0.118607 0.647272 -0.308232 -0.033009 0.504862 1.000000 -0.302917 -0.231520 0.556525 0.561112 0.048609 -0.012611 -0.004520 -0.171203 -0.530977 -0.158847 -0.010108 0.187888 -0.088607 -0.040297 -0.356297 -0.234130 -0.356575 -0.247783 -0.143888 0.026602 -0.135568 -0.036300 -0.438647 -0.440800 -0.464184 -0.208383 -0.446073 -0.316231 -0.244443 -0.357516 -0.070615 -0.205047 -0.174140 -0.003728 -0.233062 -0.325919 0.211220 0.317604 -0.146496 -0.175682 0.019214 0.199271 -0.105143 0.053476 0.291570 0.268889 -0.241948 -0.015676 -0.021427 0.167617 -0.113597 -0.006140 -0.136696 -0.153154 0.054081 0.017995 -0.220681 -0.199437 -0.328199 -0.243408 -0.111524 -0.103268 0.331106 0.439649 -0.004766 0.506830 0.333120 0.291338 0.314759 0.531902 -0.119998 0.001236 0.476307 0.181152 -0.460181 -0.292149 -0.443781 -0.351099 -0.414577 -0.235019 0.448513 0.070622 0.210914 -0.197032 -0.169950 -0.296276 0.180447 -0.087603 -0.384249 -0.050597 -0.115543 -0.423368 -0.387626 0.052253 0.170475 -0.256424
-0.214855 -0.282716 0.227842 0.027294 0.523013 0.213204 0.428338 0.067803 0.481922 -0.295582 0.161000 -0.310543 0.269302 -0.003417 0.458364 -0.247113 0.028399 -0.025417 -0.135394 -0.302917 1.000000 0.745547 0.020100 0.073812 0.462250 0.542830 0.581080 0.523105 0.207994 0.185276 0.241733 0.202329 0.390860 0.411933 0.459816 0.388020 0.170007 0.140904 -0.190602 -0.151822 0.504537 0.385438 0.134982 0.138352 0.129713 -0.043346 0.264098 0.111506 -0.176861 -0.090638 -0.091884 -0.241341 -0.127769 -0.135159 -0.237208 -0.090989 -0.399215 -0.173514 -0.077546 0.051692 -0.228486 -0.180898 -0.224139 -0.055614 -0.028768 -0.072491 0.067678 0.092001 -0.068262 -0.096972 0.123737 -0.184963 0.024564 -0.017694 0.236346 0.020396 0.345825 0.297742 -0.109284 -0.058668 -0.065733 0.029150 -0.251961 0.007514 -0.075065 -0.426023 -0.374519 -0.452592 -0.272248 -0.421713 -0.255688 -0.182593 -0.426243 -0.013963 0.253210 0.219638 0.118606 -0.027286 0.065893 -0.028739 -0.183847 0.053688 -0.014827 -0.023821 -0.057624 0.249175 -0.109360 -0.052587 0.137260 0.196507 0.173854 0.164575 0.068066 -0.294076 -0.225963 0.157992
-0.201451 -0.281576 0.118318 -0.026893 0.530703 0.403090 0.169372 0.034976 0.381774 -0.065082 0.035656 -0.216091 0.132627 -0.035420 0.502192 -0.136515 0.038122 -0.050928 -0.158022 -0.231520 0.745547 1.000000 0.021044 0.025024 0.483901 0.502797 0.558754 0.548819 0.268482 0.142266 0.185195 0.211216 0.172747 0.197432 0.287346 0.288898 0.174971 0.234587 0.008401 0.015490 0.417649 0.406802 0.056200 0.025967 0.100929 0.051232 0.165859 0.006958 -0.158592 -0.125229 -0.015238 -0.148282 0.044065 -0.192555 -0.066456 -0.074178 -0.414246 -0.182351 -0.229625 -0.044887 -0.274482 -0.194522 -0.144978 -0.084620 -0.064271 -0.015470 0.077121 0.125998 -0.125725 -0.094628 0.072989 0.043144 0.159023 0.045968 0.161762 0.030349 0.306319 0.242278 0.022500 -0.033473 -0.027528 0.004962 -0.129681 -0.069046 0.020294 -0.237444 -0.297161 -0.341868 -0.167270 -0.298166 -0.221266 -0.155796 -0.239529 -0.104738 0.172302 0.128721 0.062706 -0.040055 -0.026210 -0.124614 -0.290728 -0.185056 -0.179633 -0.224141 -0.263463 0.023833 -0.243038 -0.075721 0.049007 0.139829 0.230050 0.106593 0.113216 -0.273485 -0.052071 0.082641
0.226144 0.121911 0.755504 0.138777 0.170478 -0.276612 0.337260 0.133223 0.014158 -0.316387 -0.048662 0.040735 0.027612 0.104813 0.068779 0.657774 -0.219160 -0.111193 0.128801 0.556525 0.020100 0.021044 1.000000 0.685326 0.369465 0.332932 0.174208 -0.016261 -0.484912 -0.114426 0.146691 0.203563 -0.061031 0.085870 -0.235816 -0.083140 -0.242476 -0.032606 -0.111568 0.162281 -0.156867 0.071208 -0.252309 -0.140835 -0.315879 0.033361 -0.268551 -0.235861 -0.282432 -0.392027 0.125369 -0.213924 -0.162187 -0.142380 -0.139806 -0.249004 -0.021441 0.234403 -0.376850 -0.292706 -0.188681 -0.135853 -0.087404 -0.125328 0.136189 0.119267 -0.246281 -0.029335 -0.174180 0.002652 -0.166954 0.024408 -0.205927 -0.133864 0.037987 -0.053155 -0.106408 0.049099 -0.149084 -0.081571 -0.147963 -0.060425 0.144634 0.374680 0.047239 0.516607 0.007438 0.294220 0.418877 0.433909 -0.235550 -0.151697 0.115058 0.080438 -0.157638 -0.116137 -0.170529 -0.224265 -0.312129 -0.289135 0.339373 -0.049247 0.021817 -0.385764 -0.281965 -0.174240 0.056053 -0.033712 -0.147084 -0.019680 0.060131 -0.209737 -0.297523 -0.055811 -0.008721 0.003604
0.281200 -0.058154 0.599963 0.548120 0.204500 -0.201646 0.375520 0.316661 0.146523 -0.180879 0.034401 -0.097947 0.064429 0.122979 0.034464 0.548377 -0.232763 -0.374712 0.061221 0.561112 0.073812 0.025024 0.685326 1.000000 0.454641 0.361410 0.198136 -0.014248 -0.404508 -0.351807 0.289387 0.444824 -0.201505 -0.021999 -0.122100 0.096231 -0.556069 -0.391710 -0.426741 -0.034338 -0.321345 -0.138175 -0.155913 0.021066 -0.164951 0.245919 -0.188134 -0.125574 -0.119499 -0.339740 0.334578 0.069834 -0.462594 -0.103968 -0.345072 -0.183483 -0.136702 0.084390 -0.517060 -0.329695 -0.209109 -0.085798 -0.400127 -0.246512 0.205034 0.415986 -0.333637 0.120989 -0.355299 -0.131845 0.000301 -0.124700 -0.320099 -0.443229 -0.180341 -0.287848 -0.277840 -0.152505 -0.223818 -0.369320 -0.371272 -0.419473 0.238093 0.195877 -0.269439 0.413214 0.248423 0.330501 0.403382 0.399357 -0.186393 -0.192862 0.167739 0.188360 -0.227393 -0.096265 -0.139849 -0.172913 -0.255441 -0.254859 0.424922 -0.002523 -0.090313 -0.498036 -0.354881 -0.233787 -0.022395 -0.268147 -0.198678 -0.097780 0.167097 -0.161657 -0.332551 -0.172177 0.064171 -0.126990
0.047112 -0.099221 0.528810 0.162323 0.627895 0.229705 0.318155 0.109279 0.402293 -0.302949 0.226040 -0.137230 0.213955 0.182094 0.495697 0.077316 0.146348 -0.204339 -0.175979 0.048609 0.462250 0.483901 0.369465 0.454641 1.000000 0.650283 0.739630 0.626829 -0.074604 -0.184804 0.137302 0.202791 0.120874 0.138697 0.138547 0.243754 -0.288729 -0.180559 -0.292653 -0.141434 0.121047 0.009087 0.010574 0.142255 0.043074 0.246069 0.017134 -0.014720 -0.051096 -0.244847 0.319377 0.042642 -0.132991 -0.249616 -0.198287 -0.166716 -0.271285 0.030462 -0.375007 -0.154622 -0.160608 -0.011080 -0.245757 -0.070476 0.065998 0.196879 -0.144410 0.130024 -0.228096 -0.214930 -0.271610 -0.301384 -0.344562 -0.480028 -0.107107 -0.380048 0.120829 0.002118 -0.185555 -0.338221 -0.370625 -0.250721 -0.101938 -0.169484 -0.259821 0.033435 -0.026792 -0.144346 0.199896 -0.037091 -0.190923 -0.323592 -0.108143 0.145537 0.081236 0.016609 0.039268 -0.059453 -0.079871 -0.220063 0.040674 -0.192331 -0.135329 -0.269322 -0.339705 -0.194673 -0.109368 -0.200884 -0.073526 0.136006 0.407932 0.093964 -0.051310 -0.326177 -0.046732 -0.082317
0.087106 0.062373 0.414705 0.207597 0.808817 0.078957 0.424554 0.339236 0.583943 -0.562877 0.345843 0.095539 0.422564 0.343010 0.590820 0.112818 0.200585 -0.106722 -0.104487 -0.012611 0.542830 0.502797 0.332932 0.361410 0.650283 1.000000 0.794257 0.554905 -0.063337 0.107363 -0.104770 -0.026023 0.269481 0.291947 0.288360 0.346007 -0.067042 0.045770 -0.238906 -0.173908 0.210292 0.241318 -0.047538 0.012630 0.050831 0.153942 -0.031536 -0.153217 -0.102060 -0.243570 0.202781 -0.041567 -0.220581 -0.380340 -0.267465 -0.379340 -0.203810 0.098357 -0.219893 0.152734 -0.179221 0.091344 -0.123014 0.045680 0.214929 0.349622 0.070872 0.253264 -0.002816 0.069940 -0.331685 -0.224610 -0.223665 -0.204206 0.070303 -0.198987 0.224877 0.128123 -0.080340 -0.201503 -0.229546 -0.048625 -0.423649 -0.104606 -0.147657 -0.098493 -0.379854 -0.388382 -0.156714 -0.085489 -0.398496 -0.467452 -0.321236 0.021167 0.185087 0.150923 -0.123319 -0.204493 -0.272093 -0.332701 0.149176 -0.182585 -0.043411 -0.218579 -0.160313 -0.116752 -0.174539 -0.069070 -0.023563 0.030824 0.267920 -0.101966 -0.111778 -0.307241 -0.031594 0.108600
0.071385 0.116511 0.383803 0.219732 0.911220 0.322189 0.348581 0.358643 0.604829 -0.493169 0.324789 0.164902 0.407734 0.376788 0.669459 0.056423 0.173949 -0.004755 -0.013760 -0.004520 0.581080 0.558754 0.174208 0.198136 0.739630 0.794257 1.000000 0.770009 -0.047734 0.152444 -0.230307 -0.059527 0.296439 0.208746 0.261671 0.271088 -0.129656 -0.032220 -0.228256 -0.283058 0.330045 0.190836 -0.044067 -0.048710 0.009471 0.028082 -0.000893 -0.071182 -0.135697 -0.205081 0.107968 -0.074488 -0.123614 -0.282427 -0.310640 -0.251472 -0.176860 0.036824 -0.191909 0.107542 -0.052136 0.149691 -0.159604 0.167075 0.170256 0.271353 0.034491 0.206258 -0.043783 -0.002378 -0.445660 -0.321413 -0.292363 -0.235711 0.016862 -0.230578 0.226742 0.062392 -0.174096 -0.276046 -0.266547 -0.067271 -0.376158 -0.096496 -0.227543 -0.168491 -0.246646 -0.421919 -0.208883 -0.174552 -0.259382 -0.378027 -0.208008 -0.045043 0.118834 0.020922 -0.117239 -0.175853 -0.122579 -0.183876 -0.043990 -0.197380 -0.005921 -0.127438 -0.186152 -0.051331 -0.110238 -0.072648 -0.027260 0.155913 0.237280 -0.037614 -0.045244 -0.285605 -0.108512 -0.018644
0.019920 -0.037379 0.170347 -0.023858 0.630042 0.448551 0.226634 0.085943 0.498243 -0.174143 0.342679 0.059080 0.224662 0.166599 0.650243 -0.210241 0.278820 0.006961 -0.029704 -0.171203 0.523105 0.548819 -0.016261 -0.014248 0.626829 0.554905 0.770009 1.000000 0.296599 0.035909 -0.113958 0.034168 0.236050 0.126859 0.247690 0.170518 0.071210 0.036245 -0.140421 -0.342290 0.389069 0.179626 0.070154 -0.040463 0.154235 -0.021882 0.130324 0.054309 0.033896 0.005498 0.099505 -0.037651 0.119949 -0.134755 -0.103682 -0.133171 -0.225648 -0.055761 -0.132386 0.045013 -0.103252 0.064126 -0.167166 0.078772 0.089501 0.026201 0.108992 0.121766 -0.029232 -0.142452 -0.397565 -0.317169 -0.167670 -0.219949 -0.075023 -0.163843 0.251170 0.025241 -0.076383 -0.231710 -0.168503 -0.049088 -0.238668 -0.276263 -0.162924 -0.302720 -0.160359 -0.408406 -0.232887 -0.270510 -0.046900 -0.211665 -0.192232 -0.033038 0.309240 0.053505 -0.052052 -0.119274 0.072095 -0.001745 -0.190129 -0.128359 -0.007716 -0.014898 -0.114225 0.021419 -0.060569 -0.024385 0.078493 0.224392 0.169097 0.054677 0.042521 -0.199249 -0.170348 -0.071305
-0.078041 -0.240278 -0.487637 -0.320258 -0.072352 0.337249 -0.240890 -0.350110 -0.069319 0.340202 0.144053 -0.244755 -0.156946 -0.304947 0.158447 -0.574002 0.489858 0.034700 -0.116758 -0.530977 0.207994 0.268482 -0.484912 -0.404508 -0.074604 -0.063337 -0.047734 0.296599 1.000000 0.092991 0.248293 0.214917 -0.015741 -0.051376 0.063797 -0.000065 0.346924 0.133471 0.066500 -0.179217 0.235942 -0.020700 0.160227 0.027410 0.297136 -0.008597 0.245174 0.121927 0.344040 0.240480 0.094685 0.095929 0.355034 0.015944 0.223032 0.204461 -0.072350 -0.130282 -0.069790 -0.038218 -0.106167 -0.213827 -0.067234 -0.260936 -0.147222 -0.307007 0.061335 -0.079982 -0.048615 -0.146093 0.225260 0.103370 0.396121 0.128289 -0.021566 0.130372 0.274480 0.146872 0.419140 0.086489 0.276363 -0.003618 0.067085 -0.336424 0.219880 -0.405664 -0.084242 -0.334029 -0.281438 -0.439342 0.261086 0.082132 -0.236920 -0.093404 0.429840 0.346218 0.215686 0.153292 0.336024 0.252408 -0.381134 -0.012706 -0.221788 0.149736 0.093589 0.117296 -0.289878 -0.177975 0.212743 -0.086497 -0.078079 0.099888 0.231033 -0.006448 0.099533 0.037297
-0.268250 0.160676 -0.143963 -0.182192 0.067771 -0.020677 0.011403 0.212858 0.131279 -0.240245 0.102273 0.332033 0.295884 0.237357 0.124430 0.033766 0.089528 0.460707 0.273096 -0.158847 0.185276 0.142266 -0.114426 -0.351807 -0.184804 0.107363 0.152444 0.035909 0.092991 1.000000 -0.231130 -0.203909 0.497030 0.270247 0.081847 -0.023445 0.373314 0.533304 0.041976 0.069530 0.345185 0.287421 -0.147933 -0.324175 -0.215346 -0.477152 0.114783 -0.087218 -0.361446 -0.263931 -0.469946 -0.481795 0.192905 -0.164176 0.027049 -0.036691 0.109553 0.003948 0.057005 0.078960 0.093407 0.103563 0.161815 0.376593 0.062858 0.006945 -0.024072 -0.224961 0.110734 -0.024337 -0.025720 -0.087270 0.072632 0.592808 0.213393 0.348493 0.287945 0.418190 0.170901 0.401467 0.429568 0.535936 -0.212907 0.441802 0.453800 -0.120887 -0.496889 -0.400939 -0.403577 -0.088193 -0.297396 -0.209219 -0.338066 -0.202425 0.153214 0.256762 -0.090425 -0.137109 -0.112687 -0.114211 -0.067563 -0.087181 0.172830 0.155894 0.191669 0.231594 -0.069694 0.012882 0.064025 0.102976 -0.255290 -0.108825 -0.002983 0.037061 -0.062569 0.139858
-0.169121 -0.391865 0.080862 -0.086782 -0.276985 -0.145906 0.022065 -0.348784 -0.164098 0.194137 -0.338323 -0.745551 -0.442872 -0.675019 -0.170646 -0.093908 -0.303953 -0.152539 0.036062 -0.010108 0.241733 0.185195 0.146691 0.289387 0.137302 -0.104770 -0.230307 -0.113958 0.248293 -0.231130 1.000000 0.861253 -0.090645 0.006823 -0.073740 -0.042551 -0.061926 -0.095866 -0.218825 0.037863 0.054710 -0.130670 0.189221 0.171876 -0.026886 0.116931 0.246239 0.236392 -0.123151 0.013291 -0.067641 -0.154706 -0.119442 0.289751 0.034596 0.272544 -0.156290 0.038571 -0.261600 -0.384962 -0.144156 -0.391934 -0.335699 -0.495444 -0.236024 -0.292806 -0.382461 -0.324648 -0.334122 -0.297704 0.741125 0.189084 0.254362 -0.025628 -0.013771 0.086640 0.030760 0.194198 0.185888 0.053596 0.105003 -0.195687 0.357998 0.036494 0.078540 -0.032064 0.146879 0.258597 0.293994 -0.061882 -0.061557 0.200734 -0.097300 0.046904 0.009199 0.186008 0.240893 0.096618 0.151025 0.127292 0.048100 0.146156 -0.210869 -0.084488 -0.069937 0.141569 -0.159961 -0.332575 -0.052538 -0.034027 -0.077601 0.161014 0.013266 -0.071044 0.114506 0.011093
-0.053680 -0.308824 0.109656 0.103053 -0.132114 -0.007377 0.035374 -0.158485 -0.084888 0.217310 -0.283996 -0.579933 -0.394965 -0.556195 -0.072478 0.105008 -0.339662 -0.204781 0.153096 0.187888 0.202329 0.211216 0.203563 0.444824 0.202791 -0.026023 -0.059527 0.034168 0.214917 -0.203909 0.861253 1.000000 -0.209036 -0.093306 -0.184489 -0.105452 -0.259231 -0.202271 -0.407938 -0.115636 -0.021314 -0.176244 0.129719 0.060444 -0.022394 0.111014 0.209361 0.203165 -0.078921 0.013363 -0.065567 -0.111106 -0.152280 0.314042 -0.094148 0.233721 -0.177010 0.058467 -0.378850 -0.400649 -0.150191 -0.297095 -0.419962 -0.441341 -0.120067 -0.105202 -0.439740 -0.240617 -0.467644 -0.333315 0.587056 0.152900 0.127052 -0.121703 -0.132585 0.049273 -0.101042 0.092838 0.115551 -0.133764 -0.012929 -0.311190 0.352710 0.122862 -0.047914 0.057576 0.190498 0.254182 0.218639 0.056330 -0.051262 0.159155 0.040460 -0.046066 -0.049671 0.083566 0.064361 0.002112 0.091507 0.118433 0.063136 -0.031912 -0.223301 -0.248731 -0.189067 0.089657 -0.214259 -0.431359 -0.121769 -0.118538 -0.124504 0.067138 -0.042771 -0.167453 0.157204 -0.075337
-0.113046 0.116721 0.090138 -0.116706 0.256664 -0.092863 0.269336 0.131578 0.424579 -0.363399 0.245909 -0.058923 0.409147 0.104371 0.324044 -0.161371 0.062353 0.376980 0.254831 -0.088607 0.390860 0.172747 -0.061031 -0.201505 0.120874 0.269481 0.296439 0.236050 -0.015741 0.497030 -0.090645 -0.209036 1.000000 0.642466 0.386710 0.266191 0.344759 0.263263 -0.029924 -0.166083 0.445735 0.187356 -0.126360 -0.205112 -0.104534 -0.279834 -0.051885 -0.200588 -0.276810 -0.246786 -0.220754 -0.455035 -0.054295 -0.241918 -0.076223 -0.323812 0.154606 0.107020 0.176933 0.151803 0.119523 0.087965 0.054014 0.238165 0.186553 -0.009736 0.145086 -0.070713 0.371931 0.107430 -0.036357 -0.322549 -0.037069 0.186350 0.315462 0.129295 0.395877 0.250738 -0.150658 0.166507 0.250819 0.408454 -0.155411 0.188017 0.257152 -0.270985 -0.261831 -0.519805 -0.263003 -0.172788 -0.336842 -0.214716 -0.397429 0.168736 0.181878 0.170529 -0.073254 -0.218293 -0.215027 -0.238288 0.164291 0.363886 0.285887 0.318644 0.245681 0.114688 0.009601 0.123075 0.035885 0.159539 0.034720 -0.078671 -0.058295 0.103801 -0.105436 0.089515
-0.234771 -0.077687 0.169619 -0.013370 0.160102 -0.117237 0.308800 0.025188 0.256503 -0.345956 0.235244 -0.114304 0.285205 -0.012764 0.047176 -0.121399 0.002774 0.340362 -0.007666 -0.040297 0.411933 0.197432 0.085870 -0.021999 0.138697 0.291947 0.208746 0.126859 -0.051376 0.270247 0.006823 -0.093306 0.642466 1.000000 0.426114 0.343785 0.408066 0.424147 0.079659 0.033426 0.381155 0.289051 -0.258383 -0.153141 -0.031017 -0.096397 -0.235634 -0.339005 -0.288866 -0.153595 -0.278416 -0.251292 -0.013568 -0.269259 -0.089395 -0.355100 -0.074273 -0.069346 0.129566 0.241971 0.005840 -0.082322 0.191251 0.223170 0.043749 -0.120462 0.322809 0.248582 0.196314 0.116433 0.115701 -0.061779 0.191890 0.205221 0.386117 0.235898 0.272907 0.277715 -0.072943 0.223490 0.290277 0.429619 -0.161158 0.212803 0.250569 -0.114362 -0.313856 -0.371960 -0.309993 -0.110316 -0.308829 -0.146780 -0.358514 0.005285 0.057855 0.151454 -0.156779 -0.162927 -0.298403 -0.231820 0.179025 0.227390 0.374773 0.290623 0.156362 -0.010646 -0.104351 0.063906 -0.027366 0.041598 0.103095 -0.138976 -0.033811 -0.011787 -0.040252 0.115664
-0.110413 -0.266086 0.077557 0.023720 0.352677 0.020300 0.500414 0.070326 0.517740 -0.321562 0.359668 -0.121695 0.525560 0.178881 0.350736 -0.356733 0.012624 0.079938 -0.186692 -0.356297 0.459816 0.287346 -0.235816 -0.122100 0.138547 0.288360 0.261671 0.247690 0.063797 0.081847 -0.073740 -0.184489 0.386710 0.426114 1.000000 0.890373 0.196718 0.193243 0.042784 -0.032386 0.372280 0.280793 0.213140 0.292308 0.439615 0.267376 0.141587 0.013526 -0.015461 0.052717 0.031977 -0.105172 -0.277049 -0.165148 -0.046524 -0.244977 -0.387013 -0.106101 0.130342 0.179622 -0.279294 -0.067951 -0.112203 0.018186 -0.008629 0.040148 0.508019 0.449049 0.173794 -0.013821 0.029033 -0.143094 0.116811 -0.044529 0.315566 -0.057134 0.392517 0.157586 -0.123966 0.020996 -0.006913 0.159979 -0.464304 -0.213868 -0.098270 -0.518256 -0.260236 -0.484208 -0.290375 -0.417365 -0.423857 -0.292196 -0.396179 0.202093 0.105200 -0.046984 -0.077519 -0.126346 -0.263050 -0.325918 -0.064287 0.204860 0.095954 0.140966 -0.118537 -0.038033 0.157979 0.073734 0.008737 0.434917 0.503697 0.179643 0.026258 -0.127076 -0.327116 -0.038817
-0.054545 -0.262674 0.127855 0.117722 0.381924 -0.005059 0.464183 0.083810 0.485953 -0.317459 0.280988 -0.111282 0.464925 0.220863 0.295309 -0.240288 0.022271 -0.009193 -0.281833 -0.234130 0.388020 0.288898 -0.083140 0.096231 0.243754 0.346007 0.271088 0.170518 -0.000065 -0.023445 -0.042551 -0.105452 0.266191 0.343785 0.890373 1.000000 0.003596 0.028659 0.047738 0.092421 0.161665 0.212006 0.217747 0.403605 0.418582 0.403731 0.088686 0.022412 0.106355 -0.031650 0.214194 0.012902 -0.420138 -0.279491 -0.122849 -0.228018 -0.373718 -0.114491 -0.034478 0.070172 -0.332863 -0.109944 -0.207177 -0.134539 -0.074190 0.152609 0.378828 0.484327 0.045290 -0.017229 0.013764 -0.096379 -0.003338 -0.105131 0.235619 -0.175818 0.334789 0.120970 -0.135370 -0.100440 -0.141675 -0.008727 -0.395927 -0.187459 -0.241391 -0.398893 -0.123996 -0.316532 -0.139901 -0.327918 -0.385930 -0.391301 -0.299435 0.251999 0.070179 -0.113345 -0.025929 -0.074538 -0.287920 -0.378754 -0.018150 0.159374 0.031232 -0.042522 -0.245095 -0.117824 0.202602 0.027016 -0.011121 0.450940 0.663935 0.196870 0.005784 -0.144176 -0.285511 -0.062643
