1.000000 0.641424 0.368741 0.342353 -0.456620 -0.553827 0.264471 0.066617 -0.225660 -0.295242 0.347867 0.008163 -0.046812 -0.041468 -0.363225 -0.514207 0.220004 0.035253 0.705048 0.635605 -0.172077 -0.463039 0.110023 -0.305240 -0.572291 -0.591235 -0.520897 -0.476421 -0.018606 -0.334379 -0.021808 -0.098310 0.240408 0.229113 0.131640 0.231386 -0.523859 -0.549713 -0.624565 -0.779589 -0.402055 -0.354506 -0.022464 -0.009152 -0.303004 -0.180465 0.168702 0.344442 0.008493 -0.115879 -0.339628 -0.223827 -0.197340 0.287675 -0.542188 -0.571534 0.736488 0.448215 0.286206 0.099167 0.448945 0.245170 0.346995 -0.020343 -0.174137 -0.251292 0.327322 0.167790 0.569357 0.520780 0.096979 -0.156726 -0.062642 -0.262816 -0.113721 -0.114557 -0.001618 -0.037026 0.083946 0.002470 -0.134169 -0.211606 -0.255826 -0.415591 -0.371454 -0.666897 0.507972 0.173987 -0.397767 -0.162690 -0.065996 0.007474 -0.558512 -0.318261 -0.479045 -0.608382 -0.417313 -0.545506 -0.471398 -0.388622 -0.521012 -0.242202 -0.475492 -0.034657 -0.101105 0.133394 0.013067 0.026923 -0.527604 -0.418459 0.103002 -0.501673 -0.341992 0.228393 -0.244626 -0.587272
0.641424 1.000000 -0.045888 0.279842 -0.363831 -0.395858 -0.279084 -0.294611 -0.240855 -0.400973 0.125526 0.029388 -0.180188 0.024325 -0.403979 -0.354412 0.025369 -0.045462 0.488347 0.542097 -0.301695 -0.509255 -0.132119 -0.433266 -0.382964 -0.366283 -0.349640 -0.338389 -0.059004 -0.253132 -0.153060 -0.107152 0.037428 0.052772 0.152175 0.105127 -0.394195 -0.354398 -0.467997 -0.592879 -0.304128 -0.250474 -0.053673 0.100611 -0.483159 -0.288970 0.061290 0.282355 0.031563 -0.190226 -0.409708 -0.226381 -0.298039 -0.116116 -0.638085 -0.454822 0.737145 0.737635 0.506480 0.326790 0.559038 0.606810 0.137348 -0.023684 -0.323911 0.045798 0.544573 0.248964 0.697121 0.624365 -0.169635 -0.190291 -0.228597 -0.198811 -0.163158 -0.031072 -0.042849 -0.009648 -0.096203 0.034634 -0.144491 -0.200292 -0.431610 -0.474262 -0.405663 -0.499592 0.286263 -0.043931 -0.555884 -0.461223 -0.151480 -0.147176 -0.505622 -0.350920 -0.318807 -0.376016 -0.393918 -0.512673 -0.286734 -0.322085 -0.292060 -0.299183 -0.340950 -0.075921 -0.200401 -0.056352 -0.219331 -0.081973 -0.296870 -0.325783 0.120827 -0.324193 -0.311227 0.130463 -0.257668 -0.410916
0.368741 -0.045888 1.000000 0.379762 -0.320819 -0.424376 0.763280 0.390932 -0.245836 -0.238209 0.323506 -0.066635 0.164561 -0.237887 -0.200249 -0.397068 0.200583 0.143298 0.357705 0.198821 -0.068923 -0.129697 0.638268 0.341976 -0.186489 -0.215815 -0.458175 -0.423726 0.156527 -0.034147 0.338006 0.133502 0.223769 0.201303 0.213727 0.292043 -0.003866 -0.141327 -0.257449 -0.405110 -0.030751 -0.147581 -0.052457 -0.060500 -0.040126 0.009678 0.126289 0.065822 -0.222930 -0.192883 -0.099854 -0.270797 -0.080426 0.174936 0.117545 -0.082081 0.138521 -0.025261 -0.138297 -0.180092 0.062423 -0.115400 0.202273 0.059374 0.323754 -0.054416 -0.004398 -0.057064 -0.005840 -0.084958 0.086770 -0.043581 0.304838 -0.006220 -0.042003 0.012033 0.164267 0.127660 0.261531 0.139239 0.079406 -0.012552 -0.168692 -0.330087 0.091262 -0.255389 0.426549 0.236972 0.163667 0.256358 -0.129208 -0.131315 -0.387992 -0.356959 -0.212141 -0.486100 0.160628 -0.042641 -0.109560 -0.146252 -0.542935 -0.348581 -0.361501 -0.302595 -0.234594 -0.184154 0.138459 -0.010637 -0.255447 -0.114819 0.006399 -0.191149 -0.078882 0.010063 -0.146897 -0.429156
0.342353 0.279842 0.379762 1.000000 -0.299270 -0.176107 0.231810 0.432526 0.191721 -0.001585 -0.066239 0.055243 0.007984 0.010463 -0.290204 -0.176172 -0.076288 -0.247722 0.442149 0.504657 -0.374383 -0.174927 0.018525 0.286410 -0.208128 -0.308399 -0.250591 -0.258790 0.071550 -0.064009 -0.074884 0.078562 -0.359167 -0.319465 -0.147124 -0.113160 -0.104188 -0.166278 -0.037731 -0.391009 -0.022673 -0.107014 -0.560557 -0.443975 -0.483361 -0.132553 -0.220433 -0.247306 -0.492323 -0.504652 -0.647797 -0.596197 -0.113763 -0.054689 -0.126629 -0.249262 0.315410 0.293112 0.356544 0.436038 0.068384 0.159543 -0.246612 -0.449568 0.056882 0.133657 0.330153 0.145182 0.454173 0.365504 -0.032482 0.267671 -0.080166 -0.076783 -0.221208 -0.154911 -0.088079 -0.083179 -0.155138 -0.285941 -0.151309 -0.350078 -0.201479 -0.104742 -0.211996 -0.127212 0.089322 0.076858 0.116611 0.293226 -0.094640 -0.371845 -0.032027 -0.170494 0.033190 -0.142629 -0.182942 -0.161679 -0.200095 -0.335542 -0.282866 -0.185052 -0.120888 -0.016866 0.101320 -0.069677 0.098534 0.152536 -0.129017 -0.269848 -0.234705 -0.400726 -0.355997 -0.085121 -0.125873 -0.255068
-0.456620 -0.363831 -0.320819 -0.299270 1.000000 0.830618 -0.287272 -0.017093 0.238567 0.497074 -0.238031 -0.148275 0.129039 -0.009222 0.703949 0.806288 -0.255227 -0.239602 -0.273445 -0.307069 0.131302 0.530655 -0.414165 -0.212589 0.609117 0.624462 0.861084 0.906810 -0.181050 -0.003419 -0.177102 -0.148902 -0.323583 -0.306043 -0.330893 -0.260183 0.032742 0.044571 0.477098 0.637344 0.396319 0.309479 -0.150732 -0.256785 0.208475 0.262499 -0.367933 -0.478399 0.339308 0.224111 0.182244 0.160503 0.326732 -0.183999 0.337589 0.086072 -0.409430 -0.249386 0.003655 0.157240 -0.359006 -0.066265 -0.368786 -0.213000 -0.061392 0.019248 -0.020067 -0.087716 -0.177166 -0.109708 0.033657 0.050760 -0.137186 -0.159299 -0.069961 -0.286073 -0.267373 -0.269470 -0.140695 -0.336437 -0.228011 -0.186491 0.561320 0.683316 0.079394 0.180672 -0.553761 -0.260381 0.483423 0.002683 -0.300176 -0.177600 0.374736 0.244392 0.240916 0.591301 -0.124064 -0.017600 -0.209012 -0.109971 0.565453 0.600722 0.668465 0.351286 0.301620 -0.054781 0.015940 0.103385 0.266197 0.075363 -0.364228 -0.066310 -0.111270 -0.418521 0.143585 0.733858
-0.553827 -0.395858 -0.424376 -0.176107 0.830618 1.000000 -0.337531 -0.005385 0.553240 0.535601 -0.295551 -0.165644 0.152904 0.063790 0.603664 0.825190 -0.360440 -0.407476 -0.346514 -0.243083 0.025315 0.476313 -0.455832 -0.105803 0.668237 0.568695 0.912806 0.899536 -0.098993 0.071539 -0.310472 -0.150743 -0.504157 -0.476419 -0.513952 -0.408504 0.117831 0.153103 0.646897 0.728851 0.403658 0.256876 -0.298864 -0.366493 0.087610 0.206841 -0.538808 -0.586246 0.233762 0.158517 0.057951 0.132366 0.247212 -0.221082 0.413603 0.133302 -0.516087 -0.181324 0.075761 0.315042 -0.425855 -0.085992 -0.512132 -0.273698 -0.154815 0.119937 -0.078478 -0.077708 -0.178760 -0.077780 -0.074800 0.071624 -0.204986 -0.118467 -0.134590 -0.323049 -0.386940 -0.393726 -0.243819 -0.428535 -0.273418 -0.261625 0.461286 0.698895 -0.000167 0.266379 -0.720753 -0.282494 0.437441 0.092485 -0.229284 -0.192902 0.574903 0.362406 0.459150 0.774008 -0.173355 0.109554 -0.152377 -0.109067 0.699822 0.723979 0.831008 0.501670 0.482173 0.012184 0.042387 0.204558 0.345363 0.024081 -0.401938 -0.057080 -0.144003 -0.483426 0.165855 0.807294
0.264471 -0.279084 0.763280 0.231810 -0.287272 -0.337531 1.000000 0.660132 -0.049147 -0.059427 0.498402 0.230613 0.396560 0.103628 -0.009685 -0.309985 0.478238 0.413047 0.126949 0.069383 0.134433 -0.022569 0.654918 0.375388 -0.236068 -0.235179 -0.368182 -0.325730 0.343835 0.085710 0.399828 0.228182 0.435567 0.343208 0.044737 0.146762 0.098144 -0.044893 -0.219701 -0.268044 -0.116569 -0.128757 0.092054 -0.063656 0.112486 -0.022650 0.162356 0.145866 -0.241212 -0.023715 0.077179 -0.085532 -0.023854 0.342564 0.160701 0.015974 -0.034165 -0.365826 -0.519979 -0.470328 -0.248263 -0.374461 0.380072 0.199275 0.164494 -0.379198 -0.466797 -0.332973 -0.325295 -0.342479 0.264494 0.059941 0.533674 0.229821 0.184284 0.211422 0.356390 0.285112 0.446313 0.252322 0.327570 0.229066 0.051337 -0.181743 0.168300 -0.064631 0.322199 0.263171 0.111683 0.370132 0.107218 0.016357 -0.147625 -0.241240 -0.268445 -0.496053 0.152177 0.019758 -0.045109 -0.049740 -0.396645 -0.217243 -0.307734 -0.296201 -0.212059 -0.128128 0.167507 -0.018216 -0.264065 0.000504 -0.046105 -0.081139 0.126854 0.162885 -0.049481 -0.360239
0.066617 -0.294611 0.390932 0.432526 -0.017093 -0.005385 0.660132 1.000000 0.176257 0.203675 0.266039 0.271352 0.402972 0.204028 -0.030758 -0.108011 0.213985 0.221137 -0.116370 0.006729 -0.102097 -0.017707 0.170540 0.358199 -0.199118 -0.216878 -0.113068 -0.075314 0.197109 0.079862 0.141267 0.222684 0.080673 0.130439 -0.068850 0.047960 -0.001127 0.031955 -0.114790 -0.167717 -0.100623 -0.045563 -0.092946 -0.269772 0.038814 0.128731 0.003287 -0.020985 -0.290088 -0.095432 -0.076988 -0.175919 0.079241 0.301751 0.138037 0.085612 -0.114314 -0.368455 -0.368633 -0.276598 -0.354950 -0.179212 -0.027443 -0.105990 0.064963 -0.244933 -0.417405 -0.259782 -0.287758 -0.253311 0.142128 0.265026 0.263987 0.150395 0.001970 0.040255 0.234603 0.223860 0.289490 0.071751 0.179045 0.116277 0.027244 0.066800 0.083628 -0.002543 0.044390 0.038869 0.171336 0.377063 0.142800 -0.013398 0.216802 -0.024723 -0.145848 -0.226785 -0.015927 -0.032257 -0.025730 -0.024249 -0.079635 -0.037053 -0.022248 -0.063643 0.055549 -0.077166 0.137961 0.151844 -0.177060 -0.127577 -0.163709 -0.045345 0.056888 0.058248 0.031902 -0.093121
-0.225660 -0.240855 -0.245836 0.191721 0.238567 0.553240 -0.049147 0.176257 1.000000 0.419612 -0.090328 -0.042946 0.225646 0.168950 0.241779 0.400496 -0.189169 -0.372645 -0.073385 0.125559 -0.116709 0.179668 -0.148271 0.070531 0.179458 0.144640 0.510826 0.424167 0.126293 0.150951 -0.227804 -0.074800 -0.387471 -0.388023 -0.516163 -0.406816 0.116296 0.118281 0.523523 0.280530 0.297210 0.132713 -0.399418 -0.384225 -0.115358 0.012184 -0.480784 -0.450946 -0.169717 -0.112736 -0.149508 -0.074068 -0.023716 -0.160138 0.111237 -0.140247 -0.310788 -0.013550 0.122446 0.353240 -0.371215 -0.182844 -0.396995 -0.272155 -0.157429 0.018047 -0.099296 -0.092090 0.036028 0.080757 -0.039997 0.237879 -0.113415 0.011276 -0.199682 -0.213831 -0.310122 -0.349021 -0.218223 -0.334483 -0.171446 -0.219691 0.218285 0.335823 -0.125571 0.231597 -0.459908 -0.100808 0.181701 0.176094 -0.093134 -0.103750 0.448601 0.400818 0.410513 0.481446 -0.297546 -0.023336 -0.088022 -0.203415 0.371113 0.463557 0.487661 0.346554 0.432390 0.139065 0.000009 0.147422 0.306955 -0.179395 -0.396961 -0.217496 -0.128811 -0.281362 0.130492 0.337931
-0.295242 -0.400973 -0.238209 -0.001585 0.497074 0.535601 -0.059427 0.203675 0.419612 1.000000 -0.184363 0.076958 0.054240 0.195644 0.613304 0.621735 -0.062203 -0.170853 -0.183657 -0.115590 0.325501 0.403870 -0.332042 0.039961 0.296957 0.331880 0.510438 0.563908 -0.103684 -0.042818 -0.147301 -0.037996 -0.470078 -0.474984 -0.490279 -0.257107 -0.069725 -0.206170 0.319062 0.447737 0.006388 -0.000948 -0.296337 -0.275100 0.012575 -0.007651 -0.207868 -0.396709 -0.054495 -0.035411 -0.044114 -0.166941 0.304279 -0.076499 0.270279 -0.050066 -0.315512 -0.328368 0.011378 0.181569 -0.218735 -0.108815 -0.284860 -0.248826 -0.093453 0.081054 -0.186101 -0.192850 -0.097493 0.013343 0.442182 0.256058 0.073947 0.176272 0.254371 -0.051830 -0.057236 -0.040949 0.026422 -0.283629 0.015571 0.054889 0.627602 0.600790 0.187773 0.178525 -0.262066 0.064973 0.581826 0.403973 -0.039443 -0.134823 0.588318 0.330008 -0.059002 0.338836 -0.130348 0.081606 -0.201695 -0.144113 0.277163 0.416155 0.456463 0.137753 0.278465 -0.064317 0.239710 0.267222 -0.048081 -0.058518 -0.447976 -0.015206 -0.013404 -0.218037 0.119789 0.402117
0.347867 0.125526 0.323506 -0.066239 -0.238031 -0.295551 0.498402 0.266039 -0.090328 -0.184363 1.000000 0.542774 0.571006 0.393520 -0.100917 -0.262322 0.670562 0.493706 0.001067 0.048467 -0.016587 -0.359384 0.529932 0.094864 -0.276161 -0.269542 -0.244697 -0.245070 0.356634 0.058363 0.367243 0.275710 0.436584 0.419307 0.197680 0.219988 -0.165147 -0.113645 -0.469052 -0.404669 -0.350808 -0.268030 0.400034 0.185345 0.131887 0.115895 0.333161 0.504545 -0.007550 0.180328 0.183236 0.133336 -0.184299 0.383047 -0.305646 -0.063367 0.094939 -0.173146 -0.425873 -0.502957 -0.163290 -0.056964 0.292602 0.155904 -0.052974 -0.324053 -0.360805 -0.259178 -0.255891 -0.250396 0.079450 -0.223410 0.379449 0.170570 0.198810 0.314967 0.445705 0.386852 0.452856 0.505155 0.315441 0.304906 -0.070731 -0.335805 0.233765 -0.115288 0.383058 0.168126 -0.313854 -0.150169 -0.012818 0.180423 -0.343558 -0.274489 -0.447323 -0.552791 -0.182634 -0.335503 -0.128583 -0.081572 -0.278487 -0.264079 -0.396080 -0.322327 -0.396706 -0.176985 -0.231170 -0.263030 -0.433698 -0.122944 0.144165 0.004595 0.177320 0.344934 -0.086825 -0.331707
0.008163 0.029388 -0.066635 0.055243 -0.148275 -0.165644 0.230613 0.271352 -0.042946 0.076958 0.542774 1.000000 0.415548 0.748634 -0.028308 -0.004917 0.587124 0.640368 -0.256468 -0.108627 0.094498 -0.191820 0.160579 0.186907 -0.179103 -0.146965 -0.139306 -0.132396 0.430617 0.298323 0.398473 0.520575 0.200290 0.205116 0.019969 -0.070018 -0.040522 0.047144 -0.308484 -0.197757 -0.309443 -0.177353 0.192617 0.038545 0.051496 -0.027849 0.221727 0.274733 -0.254965 -0.090238 0.099706 -0.110348 -0.127750 0.045901 -0.295448 -0.004277 -0.050676 -0.339335 -0.367339 -0.434970 -0.143435 -0.033668 0.174649 0.043934 0.027692 -0.164591 -0.391329 -0.304983 -0.290949 -0.289757 0.132744 -0.081719 0.345765 0.438625 0.378255 0.487259 0.532485 0.538093 0.344165 0.463801 0.400012 0.442888 0.017448 0.011222 0.192070 0.306245 0.163106 0.185106 -0.238261 -0.070956 0.154697 0.167340 0.052152 -0.050565 -0.341672 -0.305042 -0.147103 -0.189931 -0.027590 0.127752 -0.033309 -0.270514 -0.307413 -0.367212 -0.361207 -0.166152 -0.289219 -0.310652 -0.307266 0.057275 0.003896 0.200966 0.260439 0.449138 0.050272 -0.099405
-0.046812 -0.180188 0.164561 0.007984 0.129039 0.152904 0.396560 0.402972 0.225646 0.054240 0.571006 0.415548 1.000000 0.539105 0.055049 0.105897 0.516051 0.292466 -0.190312 -0.177710 -0.162240 -0.026069 0.261356 0.193207 -0.034761 -0.087718 0.098014 0.105265 0.512173 0.323232 0.296250 0.284434 0.153890 0.074018 -0.170153 -0.165055 0.143658 0.112902 -0.044290 -0.075223 0.017550 -0.017391 -0.010093 -0.192899 -0.038398 0.013588 -0.043670 -0.031557 -0.150825 -0.064850 -0.051105 -0.036881 0.234212 0.161396 0.065217 0.115141 -0.124748 -0.329314 -0.338739 -0.281407 -0.392052 -0.247195 -0.040605 -0.105216 -0.103372 -0.456800 -0.329237 -0.377401 -0.207379 -0.280806 -0.144517 -0.162472 0.400768 0.193311 0.081884 0.126983 0.323329 0.163525 0.412788 0.311548 0.398675 0.262952 -0.013109 0.021895 0.294758 0.209786 -0.089339 -0.020132 0.043419 0.067903 -0.171324 0.009819 -0.009813 0.042718 -0.058967 -0.101366 -0.209301 -0.206919 -0.098001 0.034930 0.129255 0.122588 0.147745 0.012569 0.019526 -0.137816 0.021578 -0.023579 -0.061020 -0.165427 -0.194589 -0.045868 0.048181 -0.024025 -0.037304 0.043278
-0.041468 0.024325 -0.237887 0.010463 -0.009222 0.063790 0.103628 0.204028 0.168950 0.195644 0.393520 0.748634 0.539105 1.000000 0.111795 0.239379 0.496159 0.371766 -0.186929 -0.050867 0.022843 0.053325 -0.001203 0.072412 -0.009469 0.012177 0.061988 0.069785 0.508753 0.436072 0.194582 0.321997 0.077456 -0.015148 -0.237123 -0.222772 0.097284 0.105344 -0.032031 -0.025573 -0.049701 0.023310 -0.067422 -0.118546 -0.132974 -0.179551 -0.091835 0.009319 -0.273682 -0.153263 -0.148506 -0.136717 0.132746 -0.110693 -0.118002 0.046935 -0.064922 -0.306081 -0.196416 -0.169977 -0.168089 -0.117337 0.071664 -0.101935 -0.255168 -0.358092 -0.317380 -0.439083 -0.111780 -0.121083 -0.006820 0.064468 0.278614 0.466028 0.298102 0.367718 0.404521 0.343183 0.234729 0.251401 0.341571 0.219355 0.194656 0.174074 0.117439 0.262773 -0.175328 0.053362 -0.073339 0.047646 -0.074699 -0.079045 0.101531 -0.020201 -0.041834 -0.004262 -0.174916 -0.184317 -0.142507 -0.051246 0.051222 -0.022707 -0.014184 -0.059746 -0.080331 0.005324 -0.069438 -0.104690 -0.052709 0.011323 -0.215330 -0.036667 -0.039027 0.228524 0.079836 0.056790
-0.363225 -0.403979 -0.200249 -0.290204 0.703949 0.603664 -0.009685 -0.030758 0.241779 0.613304 -0.100917 -0.028308 0.055049 0.111795 1.000000 0.830649 0.045027 -0.058805 -0.126264 -0.130965 0.553390 0.676164 -0.185255 -0.142411 0.587347 0.671918 0.705728 0.754125 0.000694 0.144592 -0.050351 -0.110832 -0.150321 -0.251422 -0.448282 -0.311197 0.190914 0.022022 0.565426 0.693668 0.361708 0.279081 -0.111079 -0.194315 0.180728 -0.032086 -0.239139 -0.427545 0.198932 0.248106 0.169613 0.060231 0.286870 -0.111287 0.417487 0.007982 -0.383151 -0.364207 -0.156757 0.079372 -0.299501 -0.189098 -0.060916 -0.025302 -0.207001 -0.027632 -0.215202 -0.336102 -0.274777 -0.203029 0.348082 0.154967 0.187450 0.179099 0.256649 0.023567 -0.140831 -0.137088 0.023236 -0.199621 0.013869 0.022142 0.854739 0.686252 0.170045 0.163665 -0.399728 -0.075127 0.552963 0.073445 -0.158253 -0.328526 0.319371 0.041135 0.148764 0.447969 0.030391 0.068566 -0.210941 -0.234266 0.318200 0.408606 0.423230 0.075402 0.053733 -0.098641 -0.016600 -0.027562 0.174376 0.196153 -0.432569 -0.014490 -0.028025 -0.240658 0.221000 0.612045
-0.514207 -0.354412 -0.397068 -0.176172 0.806288 0.825190 -0.309985 -0.108011 0.400496 0.621735 -0.262322 -0.004917 0.105897 0.239379 0.830649 1.000000 -0.151194 -0.264245 -0.237219 -0.189183 0.264807 0.653253 -0.414313 -0.120731 0.737554 0.729659 0.863100 0.867640 0.011657 0.232458 -0.196150 -0.114730 -0.445983 -0.499083 -0.546350 -0.464172 0.212110 0.116918 0.700232 0.744380 0.507750 0.362577 -0.311660 -0.326034 0.035465 0.032182 -0.478554 -0.603970 0.122857 0.081814 0.006811 0.002263 0.334060 -0.320410 0.400413 0.067759 -0.446517 -0.260129 0.074427 0.307161 -0.336030 -0.102737 -0.369075 -0.279228 -0.178833 0.105745 -0.055884 -0.243331 -0.141281 -0.091220 0.065675 0.160425 -0.054696 0.097279 0.075889 -0.115954 -0.252315 -0.262581 -0.206766 -0.346386 -0.153194 -0.151023 0.698661 0.798885 0.106611 0.335634 -0.667204 -0.215102 0.563044 0.069941 -0.342050 -0.396674 0.441227 0.189473 0.386256 0.715412 -0.094458 0.044943 -0.241671 -0.230302 0.506152 0.521895 0.647694 0.291451 0.259587 -0.038328 -0.043114 0.090187 0.362913 0.157647 -0.543904 -0.084141 -0.185756 -0.371840 0.276126 0.822246
0.220004 0.025369 0.200583 -0.076288 -0.255227 -0.360440 0.478238 0.213985 -0.189169 -0.062203 0.670562 0.587124 0.516051 0.496159 0.045027 -0.151194 1.000000 0.755930 -0.025107 -0.067129 0.249796 -0.019019 0.434469 0.127587 -0.233531 -0.164108 -0.286244 -0.243283 0.668695 0.416804 0.562924 0.523444 0.491204 0.281250 0.000297 -0.080480 0.124207 0.007688 -0.273197 -0.225091 -0.148752 -0.074011 0.323786 0.173311 -0.014507 -0.213736 0.359063 0.349856 -0.224497 0.012142 0.086945 0.009194 0.069810 0.287933 -0.086186 0.097262 0.156583 -0.315116 -0.556679 -0.561926 -0.226369 -0.283600 0.502738 0.188554 -0.231256 -0.570365 -0.510325 -0.578186 -0.267469 -0.368065 0.260408 -0.065585 0.721719 0.554411 0.493628 0.506941 0.683854 0.562242 0.688057 0.612510 0.673642 0.583646 0.092409 -0.145854 0.356596 0.013432 0.323937 0.233720 -0.115801 -0.047424 0.004340 0.058157 -0.230914 -0.191754 -0.312036 -0.427645 0.098760 -0.086905 0.039305 0.092948 -0.192607 -0.297611 -0.374231 -0.436273 -0.424328 -0.263002 -0.136234 -0.300675 -0.241076 0.179502 -0.014765 0.172826 0.317687 0.447706 -0.000143 -0.250142
0.035253 -0.045462 0.143298 -0.247722 -0.239602 -0.407476 0.413047 0.221137 -0.372645 -0.170853 0.493706 0.640368 0.292466 0.371766 -0.058805 -0.264245 0.755930 1.000000 -0.273243 -0.250341 0.250254 -0.127149 0.355955 0.113883 -0.287721 -0.163187 -0.378503 -0.330139 0.543393 0.423416 0.571711 0.523536 0.594974 0.496727 0.263011 0.079605 0.138506 0.194722 -0.407222 -0.200049 -0.228344 -0.036491 0.508810 0.324014 0.175942 -0.150856 0.545547 0.481796 -0.169617 0.063391 0.324384 0.105755 -0.096979 0.265232 -0.091556 0.251327 0.032502 -0.365703 -0.646810 -0.774570 -0.130696 -0.217054 0.574422 0.381948 0.015808 -0.409960 -0.583763 -0.515216 -0.478550 -0.535221 0.159228 -0.164177 0.643638 0.527562 0.466960 0.630441 0.654898 0.673220 0.599887 0.763131 0.619466 0.725049 -0.052288 -0.150278 0.316733 0.127907 0.414314 0.265121 -0.217387 -0.122758 0.209875 0.264426 -0.195039 -0.157154 -0.381917 -0.485250 0.225337 0.019178 0.278280 0.321662 -0.132319 -0.417466 -0.463818 -0.511226 -0.536065 -0.220419 -0.227369 -0.388447 -0.287265 0.275228 0.151206 0.390673 0.516941 0.584794 0.079287 -0.250198
0.705048 0.488347 0.357705 0.442149 -0.273445 -0.346514 0.126949 -0.116370 -0.073385 -0.183657 0.001067 -0.256468 -0.190312 -0.186929 -0.126264 -0.237219 -0.025107 -0.273243 1.000000 0.821034 -0.037348 -0.113996 0.048242 -0.275093 -0.339394 -0.331599 -0.272431 -0.252072 -0.123092 -0.266687 -0.051921 -0.140307 -0.007961 -0.078082 -0.012645 0.077943 -0.402669 -0.560382 -0.214283 -0.445736 -0.098722 -0.228539 -0.312907 -0.189448 -0.293410 -0.212701 -0.116147 -0.100044 0.019633 -0.137731 -0.423675 -0.337125 -0.164599 0.008737 -0.286413 -0.591047 0.538800 0.445515 0.431473 0.439853 0.320866 0.168793 0.023708 -0.246354 -0.079910 -0.079972 0.562580 0.266998 0.718587 0.637303 0.107197 -0.032622 -0.132535 -0.243255 -0.134389 -0.256498 -0.238132 -0.270992 -0.211213 -0.349258 -0.363667 -0.438745 -0.000350 -0.177326 -0.345034 -0.536048 0.245137 0.194233 -0.087490 -0.018739 -0.121366 -0.223023 -0.369220 -0.303970 -0.181394 -0.275558 -0.289882 -0.337204 -0.516278 -0.548835 -0.423104 -0.067762 -0.272555 0.000781 -0.064546 0.004071 0.157621 0.128621 -0.251507 -0.313180 -0.124545 -0.570236 -0.474283 -0.085190 -0.242492 -0.379801
0.635605 0.542097 0.198821 0.504657 -0.307069 -0.243083 0.069383 0.006729 0.125559 -0.115590 0.048467 -0.108627 -0.177710 -0.050867 -0.130965 -0.189183 -0.067129 -0.250341 0.821034 1.000000 -0.161578 -0.320010 -0.088864 -0.350510 -0.325101 -0.417612 -0.206359 -0.217821 -0.105602 -0.265823 -0.242554 -0.244926 -0.039745 -0.005800 -0.097711 0.061929 -0.357941 -0.414244 -0.151607 -0.414774 -0.226325 -0.262460 -0.318061 -0.264818 -0.302704 -0.197647 -0.106413 -0.025692 0.000500 -0.133257 -0.428210 -0.344523 -0.220158 0.021777 -0.352067 -0.565615 0.487897 0.548137 0.429948 0.433522 0.308321 0.322632 -0.030096 -0.183803 -0.142470 0.011296 0.494685 0.302451 0.622663 0.672821 0.034358 -0.040524 -0.220787 -0.261413 -0.252020 -0.277060 -0.331143 -0.314980 -0.227390 -0.266777 -0.320763 -0.366367 -0.048464 -0.163644 -0.401016 -0.467631 0.138520 0.042578 -0.222613 -0.114524 -0.002787 -0.264494 -0.297940 -0.332416 -0.176456 -0.283654 -0.346331 -0.365419 -0.429182 -0.600558 -0.358654 -0.139278 -0.279347 -0.042129 -0.085196 -0.066366 0.023273 0.152806 -0.317402 -0.369546 -0.089830 -0.509788 -0.448399 -0.116282 -0.198337 -0.306453
-0.172077 -0.301695 -0.068923 -0.374383 0.131302 0.025315 0.134433 -0.102097 -0.116709 0.325501 -0.016587 0.094498 -0.162240 0.022843 0.553390 0.264807 0.249796 0.250254 -0.037348 -0.161578 1.000000 0.552048 0.200010 -0.009781 0.131423 0.351505 0.152349 0.218477 -0.021415 0.070829 0.384298 0.270267 0.230237 0.140831 -0.076258 -0.035914 -0.040525 -0.193069 0.115330 0.366238 -0.020882 0.106406 0.313175 0.287119 0.356804 -0.020850 0.118133 0.009216 0.182006 0.373838 0.395500 0.275089 0.002088 0.019024 0.134892 -0.098342 -0.352184 -0.483418 -0.375139 -0.280878 -0.168913 -0.200684 0.191757 0.233515 -0.160369 0.013382 -0.364884 -0.266771 -0.307484 -0.292971 0.673639 0.130018 0.381518 0.398836 0.633072 0.362518 0.140597 0.150449 0.141239 -0.003250 0.102240 0.248792 0.539372 0.263235 0.059491 -0.001303 0.065097 0.204163 0.164788 -0.040413 0.253657 0.170349 0.263320 0.114995 -0.213086 0.035183 0.145806 0.162683 -0.059482 0.066011 0.020434 0.111180 -0.061510 -0.252308 -0.281689 -0.090275 -0.060084 -0.169197 -0.092500 0.374605 -0.103836 0.256019 0.342284 0.237683 0.187344 0.152671
-0.463039 -0.509255 -0.129697 -0.174927 0.530655 0.476313 -0.022569 -0.017707 0.179668 0.403870 -0.359384 -0.191820 -0.026069 0.053325 0.676164 0.653253 -0.019019 -0.127149 -0.113996 -0.320010 0.552048 1.000000 -0.060796 0.125132 0.573204 0.716277 0.511554 0.577248 0.136386 0.373350 0.216524 0.194946 -0.181215 -0.347357 -0.396379 -0.408152 0.387296 0.178560 0.629868 0.664440 0.651238 0.538108 -0.197617 -0.162731 0.076077 -0.098960 -0.315441 -0.555296 -0.049310 0.074294 0.047081 0.070919 0.422852 -0.156851 0.615257 0.226433 -0.401193 -0.465705 -0.189870 0.080741 -0.433416 -0.425090 -0.147167 -0.165431 -0.198797 -0.129663 -0.260540 -0.431700 -0.204297 -0.284191 0.342282 0.415741 0.263962 0.375262 0.276789 0.093553 0.006387 -0.031509 0.008285 -0.233320 0.015298 -0.052253 0.648546 0.622436 0.076146 0.239747 -0.483460 -0.061823 0.645023 0.266021 -0.206073 -0.319823 0.408169 0.134777 0.438555 0.606902 0.306789 0.326700 -0.016952 -0.048325 0.245919 0.377308 0.417730 0.118572 0.188659 0.036818 0.167395 0.041590 0.460277 0.424703 -0.437947 0.059497 0.010821 -0.198168 0.242682 0.543345
0.110023 -0.132119 0.638268 0.018525 -0.414165 -0.455832 0.654918 0.170540 -0.148271 -0.332042 0.529932 0.160579 0.261356 -0.001203 -0.185255 -0.414313 0.434469 0.355955 0.048242 -0.088864 0.200010 -0.060796 1.000000 0.571271 -0.155635 -0.018699 -0.379852 -0.416476 0.302465 0.097597 0.570944 0.358020 0.482392 0.385880 0.308366 0.292535 0.146498 0.025926 -0.205699 -0.230024 -0.035777 -0.121512 0.295468 0.312500 0.096375 -0.021563 0.259806 0.307819 -0.227699 -0.009441 0.227275 0.081061 -0.209909 0.143836 0.030652 0.037479 -0.109973 -0.247571 -0.481160 -0.484837 -0.161800 -0.338409 0.361219 0.287416 0.186608 -0.121005 -0.364935 -0.195741 -0.310871 -0.325375 0.151122 -0.035121 0.488071 0.281360 0.259804 0.367058 0.413191 0.350819 0.317092 0.347888 0.268101 0.199953 -0.108167 -0.457272 0.248740 -0.039040 0.414134 0.251948 -0.035163 0.116472 0.043816 0.083613 -0.321337 -0.294586 -0.158125 -0.426031 0.285040 0.109661 0.096306 0.052840 -0.422986 -0.355660 -0.444514 -0.438015 -0.456631 -0.159575 -0.031617 -0.204151 -0.057196 0.087905 0.178532 0.056336 0.212385 0.262895 -0.008488 -0.409643
-0.305240 -0.433266 0.341976 0.286410 -0.212589 -0.105803 0.375388 0.358199 0.070531 0.039961 0.094864 0.186907 0.193207 0.072412 -0.142411 -0.120731 0.127587 0.113883 -0.275093 -0.350510 -0.009781 0.125132 0.571271 1.000000 0.078634 0.160792 -0.141027 -0.200905 0.215106 0.186306 0.337163 0.367191 -0.046994 -0.103439 0.016611 0.016593 0.333472 0.243232 0.121615 0.065158 0.178201 0.028531 -0.025110 0.047624 -0.084545 0.024478 0.071936 0.007194 -0.531617 -0.273946 -0.026048 -0.173217 0.012754 0.097857 0.323344 0.310172 -0.302804 -0.413749 -0.379237 -0.275727 -0.363998 -0.474887 -0.036934 -0.141206 0.252295 0.084861 -0.407029 -0.211239 -0.363675 -0.411821 0.042704 0.280269 0.309283 0.334514 0.201419 0.287650 0.371667 0.349565 0.154184 0.126601 0.239208 0.090251 -0.041139 -0.159032 0.312922 0.314894 0.126403 0.087511 0.321647 0.478019 0.056339 -0.025382 0.202518 0.028098 0.173357 0.002243 0.369033 0.330014 0.234685 0.173223 -0.099901 -0.100085 -0.040846 -0.124021 0.000101 0.013071 0.179895 0.028497 0.222431 0.100592 -0.018998 0.120024 0.178901 0.118645 0.112014 -0.083736
-0.572291 -0.382964 -0.186489 -0.208128 0.609117 0.668237 -0.236068 -0.199118 0.179458 0.296957 -0.276161 -0.179103 -0.034761 -0.009469 0.587347 0.737554 -0.233531 -0.287721 -0.339394 -0.325101 0.131423 0.573204 -0.155635 0.078634 1.000000 0.780206 0.710922 0.602230 0.008225 0.207530 -0.150049 -0.149797 -0.324280 -0.339725 -0.305131 -0.285952 0.422456 0.257060 0.708563 0.710596 0.591601 0.332731 -0.158647 -0.120348 0.107737 0.139895 -0.405019 -0.457600 0.075133 0.053345 0.158879 0.129037 0.349668 -0.279114 0.495327 0.239661 -0.491073 -0.183412 -0.052944 0.169198 -0.317505 -0.172394 -0.195873 -0.002394 0.069599 0.150177 -0.117672 -0.112653 -0.290839 -0.209748 -0.109174 0.073081 -0.081096 0.021564 -0.053456 -0.170936 -0.210212 -0.253591 -0.180767 -0.236454 -0.111116 -0.128906 0.469741 0.561989 0.200510 0.325780 -0.593958 -0.325749 0.542329 0.045468 -0.319945 -0.431923 0.242519 0.026847 0.526462 0.655509 0.216778 0.257756 0.003081 -0.109519 0.366326 0.281395 0.469217 0.135049 0.125425 -0.101744 -0.066935 0.100294 0.435490 0.244174 -0.236264 0.059356 -0.124243 -0.446293 0.182921 0.686452
-0.591235 -0.366283 -0.215815 -0.308399 0.624462 0.568695 -0.235179 -0.216878 0.144640 0.331880 -0.269542 -0.146965 -0.087718 0.012177 0.671918 0.729659 -0.164108 -0.163187 -0.331599 -0.417612 0.351505 0.716277 -0.018699 0.160792 0.780206 1.000000 0.643461 0.623988 -0.034278 0.204736 0.041143 0.000332 -0.212140 -0.281799 -0.205210 -0.228357 0.418699 0.239056 0.661782 0.706779 0.640594 0.446527 -0.107098 -0.006628 0.035055 -0.042758 -0.362587 -0.460631 -0.014424 -0.013041 0.193833 0.072809 0.232802 -0.363814 0.462190 0.176189 -0.512441 -0.286816 -0.089092 0.087237 -0.276377 -0.223491 -0.101385 -0.002282 -0.020633 0.183170 -0.177401 -0.248120 -0.283234 -0.257038 0.053070 0.246316 0.082295 0.220214 0.206212 0.096000 -0.043360 -0.042172 -0.154559 -0.167969 -0.084596 -0.061635 0.535091 0.486514 0.245299 0.328877 -0.520994 -0.239751 0.580738 0.069264 -0.261708 -0.376258 0.266597 -0.012126 0.429397 0.589888 0.245580 0.225157 -0.024241 -0.059893 0.296083 0.274473 0.408274 0.071777 0.020181 -0.027336 -0.085914 -0.077214 0.534327 0.293187 -0.316063 0.084210 -0.046881 -0.311613 0.313333 0.652299
-0.520897 -0.349640 -0.458175 -0.250591 0.861084 0.912806 -0.368182 -0.113068 0.510826 0.510438 -0.244697 -0.139306 0.098014 0.061988 0.705728 0.863100 -0.286244 -0.378503 -0.272431 -0.206359 0.152349 0.511554 -0.379852 -0.141027 0.710922 0.643461 1.000000 0.941712 -0.127786 0.061191 -0.255236 -0.176284 -0.426591 -0.423658 -0.440501 -0.373997 0.096808 0.105132 0.684894 0.761772 0.440392 0.295434 -0.195143 -0.252874 0.171190 0.255719 -0.477168 -0.515662 0.290542 0.250734 0.118131 0.179654 0.228520 -0.249641 0.321752 0.050022 -0.506660 -0.194415 0.054907 0.300668 -0.416678 -0.105157 -0.430286 -0.236731 -0.179195 0.111646 -0.039569 -0.056474 -0.151946 -0.052203 -0.018658 0.072467 -0.210430 -0.112771 -0.118612 -0.321596 -0.388849 -0.409329 -0.246319 -0.409087 -0.280390 -0.250185 0.557439 0.678210 -0.024728 0.216280 -0.680148 -0.288705 0.389859 -0.059733 -0.280566 -0.227818 0.487102 0.352642 0.422250 0.762987 -0.175415 0.029971 -0.213396 -0.183813 0.700183 0.692920 0.760812 0.431392 0.359980 -0.030571 -0.096810 0.096012 0.355369 0.039084 -0.389932 -0.093146 -0.159810 -0.449657 0.195754 0.811354
-0.476421 -0.338389 -0.423726 -0.258790 0.906810 0.899536 -0.325730 -0.075314 0.424167 0.563908 -0.245070 -0.132396 0.105265 0.069785 0.754125 0.867640 -0.243283 -0.330139 -0.252072 -0.217821 0.218477 0.577248 -0.416476 -0.200905 0.602230 0.623988 0.941712 1.000000 -0.151785 0.029175 -0.228095 -0.156056 -0.394580 -0.419233 -0.470623 -0.390172 0.064325 0.079051 0.603581 0.741045 0.380780 0.343608 -0.196524 -0.276681 0.140657 0.186872 -0.409453 -0.510076 0.314252 0.262816 0.073282 0.160909 0.274239 -0.213143 0.354914 0.070814 -0.426819 -0.211548 0.054001 0.274271 -0.390072 -0.075586 -0.426643 -0.261457 -0.268599 0.071297 -0.030373 -0.137910 -0.122912 -0.050111 0.110256 0.112263 -0.127908 -0.072714 -0.033500 -0.248729 -0.316363 -0.324995 -0.162135 -0.388537 -0.224669 -0.217317 0.598943 0.689161 -0.064117 0.159509 -0.644308 -0.236725 0.415480 -0.039177 -0.296707 -0.217550 0.497821 0.329829 0.331109 0.712537 -0.152992 0.022002 -0.229298 -0.155578 0.653686 0.691079 0.762533 0.417007 0.364721 -0.050692 -0.040260 0.075647 0.281313 0.108308 -0.396855 -0.084218 -0.126604 -0.426037 0.169406 0.782613
-0.018606 -0.059004 0.156527 0.071550 -0.181050 -0.098993 0.343835 0.197109 0.126293 -0.103684 0.356634 0.430617 0.512173 0.508753 0.000694 0.011657 0.668695 0.543393 -0.123092 -0.105602 -0.021415 0.136386 0.302465 0.215106 0.008225 -0.034278 -0.127786 -0.151785 1.000000 0.849145 0.441895 0.524866 0.178596 -0.029748 -0.244652 -0.380638 0.450515 0.348186 0.078923 -0.047189 0.292732 0.194629 -0.023493 -0.081660 -0.228995 -0.389040 0.094331 -0.004995 -0.402918 -0.251711 -0.037693 -0.097645 0.128999 0.041420 0.145494 0.289661 0.029145 -0.194896 -0.366162 -0.317671 -0.296637 -0.342823 0.288732 0.046866 -0.224917 -0.485414 -0.469567 -0.681476 -0.236938 -0.367846 0.025279 0.047054 0.710523 0.657848 0.308925 0.478134 0.490298 0.389700 0.506689 0.493991 0.568175 0.406342 0.011225 0.012550 0.249902 0.224845 0.034872 0.164453 0.030361 0.062854 -0.166233 -0.124743 -0.163211 -0.089419 0.147686 -0.044139 0.137284 0.025053 0.173024 0.125172 0.000261 -0.196057 -0.142355 -0.291331 -0.196499 -0.158369 -0.129599 -0.234825 0.057820 0.207969 -0.220025 0.166705 0.202041 0.287923 0.066726 -0.076068
-0.334379 -0.253132 -0.034147 -0.064009 -0.003419 0.071539 0.085710 0.079862 0.150951 -0.042818 0.058363 0.298323 0.323232 0.436072 0.144592 0.232458 0.416804 0.423416 -0.266687 -0.265823 0.070829 0.373350 0.097597 0.186306 0.207530 0.204736 0.061191 0.029175 0.849145 1.000000 0.373578 0.476723 0.021113 -0.162683 -0.236899 -0.456304 0.581546 0.541488 0.349620 0.238101 0.508298 0.416517 -0.064869 -0.093212 -0.080453 -0.284525 0.024556 -0.190667 -0.353323 -0.170574 0.020660 -0.017221 0.216517 -0.102382 0.308328 0.439151 -0.198444 -0.294933 -0.288600 -0.200539 -0.321255 -0.311998 0.078808 -0.008706 -0.148667 -0.272989 -0.398253 -0.677065 -0.314591 -0.460165 -0.063276 0.139812 0.563584 0.695897 0.263902 0.451735 0.327253 0.298098 0.326171 0.398917 0.432283 0.350879 0.111726 0.235118 0.244746 0.393113 -0.214111 0.093836 0.161210 0.039666 -0.166683 -0.152768 0.026282 0.065782 0.401956 0.271057 0.268097 0.193527 0.321641 0.220519 0.156483 -0.146855 0.003971 -0.210144 -0.131340 -0.070288 -0.190517 -0.299857 0.300781 0.395159 -0.293478 0.305046 0.234148 0.175894 0.177122 0.179415
-0.021808 -0.153060 0.338006 -0.074884 -0.177102 -0.310472 0.399828 0.141267 -0.227804 -0.147301 0.367243 0.398473 0.296250 0.194582 -0.050351 -0.196150 0.562924 0.571711 -0.051921 -0.242554 0.384298 0.216524 0.570944 0.337163 -0.150049 0.041143 -0.255236 -0.228095 0.441895 0.373578 1.000000 0.863470 0.342101 0.265207 0.325051 0.162215 0.012374 -0.020378 -0.241817 -0.135200 0.025210 -0.066566 0.256839 0.173230 0.174687 0.006743 0.245845 0.180424 -0.338044 -0.014563 0.120782 -0.043742 -0.076933 0.093547 -0.027323 0.116809 -0.133599 -0.443894 -0.471197 -0.458038 -0.293068 -0.329896 0.230651 0.041542 0.061401 -0.280368 -0.366356 -0.373897 -0.274372 -0.461261 0.287111 -0.004849 0.604127 0.517143 0.443897 0.465815 0.556639 0.521347 0.394022 0.434188 0.325973 0.385939 0.018846 -0.114917 0.251955 0.117907 0.277010 0.286366 0.007923 -0.008360 0.078327 0.174086 -0.076301 -0.058661 -0.239865 -0.293956 0.197385 0.031267 0.106464 0.170522 -0.165098 -0.211047 -0.319369 -0.427249 -0.407063 -0.264017 -0.105003 -0.372939 -0.094058 0.220603 0.034826 0.253913 0.313881 0.391701 -0.057237 -0.214263
-0.098310 -0.107152 0.133502 0.078562 -0.148902 -0.150743 0.228182 0.222684 -0.074800 -0.037996 0.275710 0.520575 0.284434 0.321997 -0.110832 -0.114730 0.523444 0.523536 -0.140307 -0.244926 0.270267 0.194946 0.358020 0.367191 -0.149797 0.000332 -0.176284 -0.156056 0.524866 0.476723 0.863470 1.000000 0.093953 0.031662 0.116388 -0.063934 -0.017155 0.038446 -0.191652 -0.100662 0.006601 -0.034558 0.146797 0.067597 0.013915 -0.028116 0.174051 0.102055 -0.392277 -0.104361 0.029832 -0.084950 -0.088142 0.089640 -0.041911 0.169517 -0.150794 -0.414755 -0.401197 -0.344954 -0.381714 -0.252744 0.025103 -0.114608 -0.076274 -0.217031 -0.391722 -0.392709 -0.222586 -0.404347 0.305897 0.128939 0.564921 0.608065 0.454970 0.493693 0.577817 0.580318 0.383025 0.344010 0.287071 0.299985 -0.036749 -0.009854 0.147088 0.172124 0.157874 0.236608 -0.036474 0.039579 0.148777 0.188410 0.155395 0.079205 -0.123417 -0.134672 0.114141 0.112819 0.130903 0.248783 0.025220 -0.126862 -0.205700 -0.340239 -0.277309 -0.235874 -0.122387 -0.333788 -0.045778 0.238797 -0.008013 0.321855 0.350775 0.408222 -0.065100 -0.134077
0.240408 0.037428 0.223769 -0.359167 -0.323583 -0.504157 0.435567 0.080673 -0.387471 -0.470078 0.436584 0.200290 0.153890 0.077456 -0.150321 -0.445983 0.491204 0.594974 -0.007961 -0.039745 0.230237 -0.181215 0.482392 -0.046994 -0.324280 -0.212140 -0.426591 -0.394580 0.178596 0.021113 0.342101 0.093953 1.000000 0.882703 0.444305 0.389817 0.075270 0.074556 -0.417007 -0.304743 -0.208402 -0.025376 0.561461 0.446317 0.295417 -0.063867 0.361768 0.506651 0.140631 0.265854 0.441238 0.339613 -0.184525 0.152003 -0.236339 -0.043217 0.138574 -0.107727 -0.553466 -0.686069 0.052354 -0.241511 0.713670 0.663575 0.080471 -0.415909 -0.357591 -0.186039 -0.324726 -0.305067 0.020245 -0.276480 0.328775 0.117801 0.242110 0.365167 0.388647 0.337097 0.269814 0.498095 0.334785 0.423631 -0.074117 -0.374313 0.169601 -0.112282 0.417051 0.094773 -0.403047 -0.317838 0.226323 0.257303 -0.471313 -0.329569 -0.301276 -0.539333 0.172964 -0.103153 0.115179 0.139159 -0.375928 -0.359079 -0.526327 -0.346820 -0.493195 -0.008244 -0.224839 -0.307469 -0.143616 0.135880 0.345836 0.061150 0.216405 0.439452 0.095838 -0.347915
0.229113 0.052772 0.201303 -0.319465 -0.306043 -0.476419 0.343208 0.130439 -0.388023 -0.474984 0.419307 0.205116 0.074018 -0.015148 -0.251422 -0.499083 0.281250 0.496727 -0.078082 -0.005800 0.140831 -0.347357 0.385880 -0.103439 -0.339725 -0.281799 -0.423658 -0.419233 -0.029748 -0.162683 0.265207 0.031662 0.882703 1.000000 0.599438 0.597960 -0.088097 0.021874 -0.500508 -0.372154 -0.364983 -0.157588 0.596653 0.426582 0.421754 0.143413 0.388785 0.588120 0.235885 0.292073 0.493135 0.329528 -0.294177 0.210782 -0.351852 -0.111775 0.045635 -0.060575 -0.465428 -0.665682 0.128932 -0.049099 0.539782 0.634431 0.249964 -0.193428 -0.255513 0.092492 -0.329515 -0.242091 -0.026093 -0.304215 0.097340 -0.118848 0.023942 0.181082 0.193129 0.205512 0.125434 0.445427 0.187315 0.355224 -0.189060 -0.369306 0.103669 -0.148300 0.435403 0.020905 -0.496860 -0.395438 0.375792 0.374234 -0.442904 -0.305580 -0.362858 -0.597335 0.094126 -0.157531 0.121976 0.152088 -0.354558 -0.386037 -0.574147 -0.362932 -0.496917 -0.003340 -0.294597 -0.292339 -0.279497 0.029050 0.497159 0.125922 0.230805 0.387816 0.046313 -0.366985
0.131640 0.152175 0.213727 -0.147124 -0.330893 -0.513952 0.044737 -0.068850 -0.516163 -0.490279 0.197680 0.019969 -0.170153 -0.237123 -0.448282 -0.546350 0.000297 0.263011 -0.012645 -0.097711 -0.076258 -0.396379 0.308366 0.016611 -0.305131 -0.205210 -0.440501 -0.470623 -0.244652 -0.236899 0.325051 0.116388 0.444305 0.599438 1.000000 0.806048 -0.175644 0.025753 -0.515213 -0.384919 -0.313651 -0.205869 0.468467 0.410400 0.350296 0.307461 0.378668 0.498219 0.065474 0.133033 0.214586 0.068704 -0.393871 -0.017667 -0.341242 0.008935 0.100387 0.051413 -0.088473 -0.324757 0.262016 0.114512 0.249357 0.281317 0.390843 0.096023 0.151003 0.325124 -0.071338 -0.083424 -0.228838 -0.318480 -0.074332 -0.207379 -0.072919 0.104585 0.114781 0.168054 -0.085036 0.290136 -0.021318 0.137710 -0.374094 -0.444137 0.132075 -0.189647 0.435723 0.008293 -0.398600 -0.376835 0.209250 0.282181 -0.408461 -0.259553 -0.292878 -0.488315 0.180826 -0.086375 0.207346 0.211160 -0.320689 -0.428288 -0.486778 -0.294605 -0.465656 -0.085613 -0.316560 -0.375383 -0.153028 0.027499 0.510713 0.137080 0.084990 0.344609 -0.002787 -0.378253
0.231386 0.105127 0.292043 -0.113160 -0.260183 -0.408504 0.146762 0.047960 -0.406816 -0.257107 0.219988 -0.070018 -0.165055 -0.222772 -0.311197 -0.464172 -0.080480 0.079605 0.077943 0.061929 -0.035914 -0.408152 0.292535 0.016593 -0.285952 -0.228357 -0.373997 -0.390172 -0.380638 -0.456304 0.162215 -0.063934 0.389817 0.597960 0.806048 1.000000 -0.357518 -0.186154 -0.529770 -0.359943 -0.440661 -0.405578 0.391257 0.354622 0.338576 0.349246 0.322987 0.512673 0.155571 0.182624 0.167236 0.016480 -0.306282 0.073173 -0.327557 -0.158833 0.061953 0.046710 -0.051001 -0.227375 0.293057 0.111811 0.184866 0.289709 0.365374 0.118708 0.150266 0.442579 -0.041036 0.052017 -0.088143 -0.257037 -0.191662 -0.350496 -0.152642 -0.096767 -0.017098 0.072556 -0.123250 0.097878 -0.144042 0.001813 -0.195402 -0.336136 0.080819 -0.354692 0.438980 0.039605 -0.294171 -0.207076 0.219663 0.228749 -0.372394 -0.282336 -0.386227 -0.516306 0.096986 -0.114703 -0.030834 -0.032647 -0.397150 -0.281658 -0.407862 -0.222692 -0.356095 -0.074654 -0.120504 -0.133308 -0.252224 -0.168515 0.485975 -0.034729 -0.037073 0.252157 0.051539 -0.339322
