1.000000 0.217680 0.092825 -0.325581 -0.032507 -0.451030 0.249949 -0.123824 0.100134 -0.134790 0.641082 0.100061 0.375351 0.317365 0.325221 0.024999 -0.123764 -0.118612 0.106074 -0.205281 0.055363 -0.240935 -0.253301 -0.389113 -0.447631 -0.672966 -0.241894 -0.395100 0.137249 0.039619 -0.313217 -0.466131 -0.256853 -0.474121 -0.194620 -0.063345 0.233754 0.172197 0.263771 0.300583 -0.112654 0.051239 0.269068 0.101868 0.086294 0.144631 0.233218 -0.075019 0.050870 0.107258 -0.130252 0.150735 0.142520 0.385180 0.464757 0.374235 0.253069 0.041318 0.350709 0.122356 0.230559 0.240937 -0.195211 -0.196053 -0.279090 -0.425553 -0.158013 -0.368834 -0.361066 -0.393506 0.200109 -0.073811 0.030693 0.107709 0.215486 0.099451 0.416984 0.301161 0.033970 -0.025199 0.040652 0.147260 0.195008 -0.115375 0.085416 0.104875 0.177913 0.058445 0.248917 0.401555 -0.143691 0.092264 -0.089400 0.075441 0.056266 0.140190 0.226672 0.282721 0.432651 0.466739 0.065793 0.151568 0.106029 0.051053 0.078188 0.092911 0.096830 -0.102264 -0.004303 0.250883 -0.024021 0.433162 0.335714 0.094315 0.094933 0.090099
0.217680 1.000000 -0.330066 -0.203721 0.011759 -0.133188 -0.259139 -0.266994 0.100912 0.015978 0.005362 0.051810 -0.024230 0.179303 0.282025 0.113595 0.052895 0.158698 0.368460 0.558073 -0.109660 -0.177272 -0.132669 -0.204522 -0.082812 -0.162983 0.049796 -0.037923 -0.081235 -0.056033 -0.086349 -0.169443 -0.024669 -0.063234 -0.288767 -0.139647 0.031251 -0.031553 -0.160570 -0.130450 -0.084595 -0.044957 0.080840 0.122305 -0.091162 0.016793 0.000698 0.083184 -0.052530 -0.005475 0.026738 -0.003629 -0.009793 0.040808 -0.092239 -0.089519 0.242969 0.658450 -0.118694 0.017820 -0.038538 0.033928 0.068031 0.146272 -0.038293 -0.166604 -0.362792 -0.325656 0.367206 0.234584 -0.184724 -0.247422 -0.183023 0.038473 0.021706 0.014776 0.137954 0.175832 -0.036150 0.097156 0.033053 0.155706 0.269514 -0.077778 0.199966 0.156610 -0.011245 -0.019449 0.045663 -0.058639 -0.192480 -0.301817 -0.250962 -0.218468 -0.136911 -0.067217 -0.003489 -0.021384 0.005528 -0.194920 -0.184598 -0.084445 -0.050267 -0.092116 -0.039646 0.033124 0.134586 -0.009540 -0.114646 -0.011457 0.001718 0.079748 -0.139397 0.029295 -0.099319 -0.222421
0.092825 -0.330066 1.000000 0.576371 0.154568 0.227929 0.634214 0.427965 0.137786 0.081323 -0.108725 -0.296649 0.062201 -0.174830 -0.371823 -0.347460 -0.369632 -0.488004 -0.029341 -0.259083 -0.095730 -0.186231 0.545061 0.311750 0.308876 0.116418 0.016656 0.051586 -0.359678 -0.372607 -0.232123 -0.197462 -0.344554 -0.254917 0.425848 0.290613 -0.258285 -0.195925 -0.065449 -0.055887 -0.424686 -0.453706 -0.079225 -0.154693 -0.368163 -0.248186 -0.216881 -0.130318 -0.249823 -0.041164 -0.218144 -0.092406 -0.037558 0.068414 0.085765 -0.030543 -0.128245 -0.173049 0.531808 0.355983 0.157417 0.045325 -0.429704 -0.505350 0.139531 0.315889 0.468761 0.364039 -0.237787 -0.149567 -0.213257 -0.087698 -0.362492 -0.436005 -0.374124 -0.415583 -0.237518 -0.297273 -0.121461 -0.278414 -0.404585 -0.488587 -0.344172 -0.291753 -0.277707 -0.020765 -0.123253 -0.388186 0.486856 0.262418 0.191428 0.586850 0.315406 0.520094 0.105058 0.061047 -0.010648 0.072438 -0.178100 0.097461 0.142354 0.436826 0.085082 0.336402 0.254447 0.196941 0.102312 0.250077 0.202013 -0.018741 -0.113154 0.089126 0.166131 -0.178713 -0.087776 0.007494
-0.325581 -0.203721 0.576371 1.000000 -0.029596 0.466180 0.090508 0.368285 -0.134815 0.023115 -0.419923 -0.211219 -0.273946 -0.187194 -0.391087 -0.265954 -0.180456 -0.375782 0.076462 0.046422 -0.173195 -0.094371 0.698561 0.661019 0.465251 0.482413 0.117975 0.277188 -0.447775 -0.437857 -0.140422 0.044735 -0.305010 -0.056744 0.439587 0.370553 -0.194179 -0.131901 -0.250186 -0.221921 -0.271027 -0.447516 -0.097687 -0.200294 -0.289359 -0.308008 -0.245696 -0.088668 -0.364608 -0.126803 -0.200991 -0.219054 -0.232247 -0.053012 -0.007865 -0.150248 -0.150618 -0.064495 0.095473 0.192306 -0.195281 -0.158260 -0.183327 -0.359878 0.394476 0.623184 0.282029 0.387583 0.130145 0.080781 -0.390958 -0.138056 -0.417528 -0.491861 -0.408892 -0.411497 -0.300870 -0.287508 -0.208544 -0.150578 -0.335187 -0.442471 -0.294205 -0.271507 0.040146 0.191323 -0.135502 -0.254995 0.442011 0.249239 0.298779 0.416091 0.469034 0.356245 0.005443 -0.086277 -0.154007 -0.132613 -0.211265 -0.171133 0.084068 0.116139 0.058864 0.169242 0.157020 0.092912 0.053138 0.164075 0.037404 -0.145046 -0.213609 -0.056850 -0.071057 -0.060826 -0.092003 -0.022490
-0.032507 0.011759 0.154568 -0.029596 1.000000 0.391893 0.319696 0.314904 0.793267 0.811778 -0.251496 -0.114550 -0.222147 -0.195635 0.169070 0.105096 -0.093366 -0.125885 0.079054 0.091182 0.252585 0.163384 -0.067328 -0.057814 -0.175042 0.091037 0.422653 0.111326 -0.043857 0.090897 0.209932 0.155355 0.102951 0.205534 0.046303 0.087212 -0.139316 -0.066947 -0.039432 -0.062852 -0.003885 -0.057205 -0.097046 -0.089038 -0.196483 -0.083067 0.110688 0.165114 -0.160023 -0.005748 -0.224562 -0.017263 -0.072690 0.210432 -0.218776 -0.131737 0.014351 -0.046628 0.000374 -0.104401 0.004619 0.055512 -0.212736 -0.120411 -0.006081 -0.051108 -0.030169 0.004225 0.051652 -0.024538 -0.067894 -0.076932 -0.024645 -0.175878 -0.089688 -0.087007 -0.060440 -0.131558 -0.036658 -0.168813 -0.207419 -0.217612 0.177190 0.004600 -0.294859 -0.178627 -0.144777 -0.133666 -0.055272 -0.256862 -0.152924 -0.097195 -0.111108 0.031022 -0.110847 0.078644 -0.087493 0.056580 -0.066471 -0.098614 -0.123395 -0.029003 -0.185110 -0.011084 0.116885 0.156942 0.054336 0.222940 0.048645 0.117102 0.081451 0.055099 0.139100 -0.142801 -0.110426 -0.170224
-0.451030 -0.133188 0.227929 0.466180 0.391893 1.000000 -0.128525 0.092402 0.192386 0.333726 -0.513679 -0.422734 -0.350615 -0.313375 -0.131883 -0.237140 -0.212241 -0.352258 -0.090588 0.084770 0.197258 0.418755 0.490362 0.547149 0.414977 0.687906 0.717600 0.729316 -0.555263 -0.486646 0.032797 0.295564 -0.037939 0.219762 0.439787 0.311637 -0.277506 -0.134236 -0.053454 -0.234586 -0.255848 -0.282718 -0.056112 -0.004532 -0.174928 -0.030142 -0.180222 0.269625 -0.136204 0.129922 -0.163180 -0.014000 -0.148965 -0.070966 -0.157334 -0.337978 -0.180770 0.070422 -0.082134 0.014947 -0.259074 -0.228432 -0.318585 -0.343399 0.247441 0.479137 0.193671 0.463329 0.240827 0.217515 -0.240121 0.142019 -0.452719 -0.467033 -0.461961 -0.362689 -0.466368 -0.419649 -0.349094 -0.318360 -0.407469 -0.490778 -0.195708 -0.275992 -0.092022 -0.006405 -0.207564 -0.166834 0.210962 -0.004145 0.348682 0.249122 0.377848 0.277310 -0.257027 -0.313057 -0.166893 -0.331573 -0.172338 -0.391952 -0.104728 -0.020991 -0.131973 0.191923 0.267133 0.293611 0.086222 0.247089 -0.121927 -0.272782 0.031359 -0.110445 0.014907 -0.165532 -0.275091 -0.366962
0.249949 -0.259139 0.634214 0.090508 0.319696 -0.128525 1.000000 0.610855 0.296108 0.302384 0.189263 0.029845 0.264845 -0.040891 -0.131869 0.056482 -0.305852 -0.374238 -0.066512 -0.245574 0.055862 -0.189682 -0.048503 -0.156555 -0.145748 -0.285106 -0.131328 -0.320380 -0.028956 -0.103898 0.001911 -0.154232 -0.120786 -0.061261 -0.028864 -0.053834 -0.319454 -0.339879 -0.185270 -0.113390 -0.239202 -0.239011 -0.199179 -0.301696 -0.115848 -0.044356 -0.062604 -0.164196 0.040155 0.092546 -0.025206 -0.002292 0.133619 0.202451 -0.007696 -0.004524 -0.084482 -0.311321 0.461502 0.247293 0.472908 0.393003 -0.198980 -0.202034 -0.087622 -0.032249 0.338561 0.148630 -0.338425 -0.207113 -0.047469 -0.005667 -0.109239 -0.212160 -0.144163 -0.229770 -0.197790 -0.232962 -0.058799 -0.353067 -0.249676 -0.295825 -0.104129 -0.050873 -0.337751 -0.090724 -0.066208 -0.412238 0.118586 -0.031009 -0.057484 0.290099 0.034342 0.335008 -0.010892 0.080320 -0.083526 0.124021 -0.040540 0.148091 0.195310 0.390978 0.131369 0.216803 0.194940 0.100646 0.130477 0.254783 0.093508 -0.036725 -0.111252 0.029839 0.148999 -0.293052 -0.152450 0.019740
-0.123824 -0.266994 0.427965 0.368285 0.314904 0.092402 0.610855 1.000000 0.301665 0.455656 -0.084273 0.252772 0.000953 -0.000956 -0.176290 0.114939 -0.132971 -0.325556 -0.130048 -0.191337 -0.127519 -0.075117 0.091683 -0.001920 0.068849 0.148494 -0.020289 -0.132864 -0.125766 -0.154287 0.183483 0.238216 -0.098689 0.218925 -0.008051 -0.038327 -0.257003 -0.193438 -0.238097 -0.164788 -0.073480 -0.256076 -0.280962 -0.311354 -0.081198 -0.198510 -0.153737 -0.184395 -0.125377 -0.029129 -0.016838 -0.098879 0.040736 -0.015949 -0.100643 -0.147338 -0.264791 -0.413613 0.085934 0.001557 0.194524 0.368124 -0.148261 -0.254460 0.263141 0.358519 0.170209 0.173646 -0.262458 -0.171202 -0.158515 -0.004580 -0.131791 -0.241416 -0.111851 -0.301820 -0.259039 -0.269442 -0.050142 -0.237448 -0.249391 -0.404866 -0.152948 -0.170501 -0.160039 0.011433 -0.071913 -0.317412 0.037755 -0.088616 0.118266 0.117827 0.253696 0.169608 -0.078084 0.004367 -0.150541 -0.019000 -0.100839 -0.004779 0.182869 0.154266 0.027978 0.049021 0.030308 0.025417 -0.058911 0.195661 -0.029336 -0.112077 -0.198603 -0.096030 0.025512 -0.178191 -0.055917 0.041687
0.100134 0.100912 0.137786 -0.134815 0.793267 0.192386 0.296108 0.301665 1.000000 0.703848 -0.038584 0.116743 0.128726 0.182729 0.302937 0.245779 0.029158 0.000441 0.118524 0.045325 0.012950 -0.000992 -0.127114 -0.240119 -0.269822 -0.073310 0.183960 -0.049492 -0.018320 -0.014324 0.032048 -0.043126 0.030345 0.045861 -0.066360 0.019539 -0.083151 -0.039519 -0.084534 -0.057750 -0.041167 -0.131589 -0.087948 -0.013703 -0.074838 0.007407 -0.000696 0.080508 -0.073010 0.055243 -0.175312 -0.090333 -0.065541 -0.090038 -0.193727 -0.135748 -0.078326 -0.073213 0.074425 -0.123543 0.012749 0.235540 -0.337367 -0.222324 0.002583 -0.025991 -0.062842 -0.039488 0.005322 -0.005240 -0.050050 -0.084005 -0.033585 -0.131859 0.047345 -0.015577 0.032761 -0.036888 -0.047141 -0.049810 -0.099718 -0.158657 0.066682 -0.196279 -0.271665 -0.228527 -0.238172 -0.108028 -0.092356 -0.275434 -0.080372 -0.074359 -0.134037 0.016094 0.044639 0.202759 -0.049528 0.081616 -0.115069 -0.020738 -0.023288 -0.001332 -0.149613 -0.061987 0.022741 0.101820 -0.120012 0.046853 0.192526 0.274390 0.080182 0.075163 0.163190 0.094186 0.083159 0.012979
-0.134790 0.015978 0.081323 0.023115 0.811778 0.333726 0.302384 0.455656 0.703848 1.000000 -0.234831 0.063094 -0.211896 -0.080542 0.161711 0.277155 0.008748 -0.055515 0.034596 0.115680 0.082733 0.112926 -0.139262 -0.033681 -0.223845 0.126766 0.221622 0.046376 -0.023894 0.038268 0.267470 0.209053 0.074415 0.221136 -0.033433 0.054317 -0.171457 -0.137050 -0.233675 -0.148025 0.047224 -0.104822 -0.133719 -0.125532 -0.131544 -0.094531 0.058737 0.058646 -0.161150 -0.020449 -0.189728 -0.182071 -0.065534 0.052224 -0.275350 -0.250403 -0.046004 -0.033933 -0.037809 -0.123962 0.020877 0.155041 -0.128282 -0.151212 0.078463 0.046424 -0.052605 0.018763 0.036997 -0.017220 -0.017743 -0.063084 -0.021185 -0.174617 -0.066026 -0.106087 -0.119770 -0.168805 -0.071109 -0.078562 -0.139243 -0.220846 0.249728 0.028137 -0.187751 -0.030734 -0.122728 -0.101132 -0.027424 -0.224249 0.060798 -0.119002 0.044664 0.036044 0.005132 0.056166 -0.196211 -0.010204 -0.079597 -0.152452 -0.029261 -0.052579 -0.123018 -0.178118 -0.119571 -0.089480 -0.101483 0.046388 0.060335 0.097736 -0.061357 -0.041707 0.100644 -0.044894 0.056534 -0.021516
0.641082 0.005362 -0.108725 -0.419923 -0.251496 -0.513679 0.189263 -0.084273 -0.038584 -0.234831 1.000000 0.444946 0.680486 0.485360 0.471739 0.286639 0.015110 0.114282 -0.050781 -0.233334 -0.028482 -0.164198 -0.333583 -0.351995 -0.423025 -0.583171 -0.316886 -0.378484 0.441531 0.101844 -0.136878 -0.246060 -0.288372 -0.361386 -0.313130 -0.247816 0.076874 -0.094807 0.065593 0.092895 -0.025822 0.058725 -0.092732 -0.124441 0.182078 0.198777 -0.006170 -0.285126 0.218108 0.171945 -0.038968 0.167103 0.132217 0.018095 0.221714 0.077927 -0.194049 -0.220665 0.173367 0.080886 0.197166 0.374168 -0.040627 -0.005101 -0.239617 -0.330289 -0.180058 -0.290936 -0.461840 -0.302262 0.395232 0.232919 0.211729 0.135903 0.277835 0.085504 0.193371 0.102141 0.084233 0.032940 0.243122 0.281557 0.200270 0.075200 0.266952 -0.001917 0.317681 0.239000 0.004535 0.200874 0.082513 0.154990 0.039543 0.134036 0.176766 -0.026923 -0.075648 -0.007011 0.219471 0.310810 0.222762 0.183171 0.251426 -0.028692 -0.051215 -0.059683 -0.047421 -0.250162 0.007192 0.122408 -0.126526 0.072304 0.096197 0.084517 0.158370 0.297146
0.100061 0.051810 -0.296649 -0.211219 -0.114550 -0.422734 0.029845 0.252772 0.116743 0.063094 0.444946 1.000000 0.342198 0.510329 0.427255 0.563543 0.331961 0.324917 0.118986 -0.159919 -0.164082 -0.114130 -0.243848 -0.317006 -0.266040 -0.193359 -0.286058 -0.265931 0.401605 0.281697 0.319417 0.170441 0.137006 0.152583 -0.275105 -0.162951 0.127697 -0.072241 -0.093642 -0.064084 0.393478 0.219781 -0.477712 -0.372401 0.105481 -0.114288 -0.225864 -0.373474 -0.013293 -0.165094 0.039992 -0.255379 -0.067873 -0.325143 -0.138262 -0.152900 -0.109335 -0.242519 -0.231307 -0.281397 0.182685 0.386710 0.298633 0.267074 0.211480 0.102663 -0.295176 -0.362996 -0.196757 -0.206973 0.148931 0.010316 0.355450 0.350137 0.549399 0.249661 0.210188 0.204492 0.264780 0.104314 0.371081 0.265269 0.311094 0.116466 0.341777 0.175593 0.299511 0.247337 -0.224925 -0.131946 -0.084713 -0.210673 -0.098708 -0.162353 0.075675 0.093784 -0.193551 0.003613 -0.118729 0.101274 0.120578 -0.035923 -0.016173 -0.348410 -0.368708 -0.414311 -0.230994 -0.310571 -0.139194 0.068496 -0.179817 -0.188595 -0.237975 0.139271 0.262002 0.263215
0.375351 -0.024230 0.062201 -0.273946 -0.222147 -0.350615 0.264845 0.000953 0.128726 -0.211896 0.680486 0.342198 1.000000 0.645625 0.356328 0.393103 -0.046045 0.072139 0.067895 -0.104577 -0.060842 -0.147531 -0.233171 -0.291258 -0.266999 -0.392172 -0.198703 -0.244470 0.218477 -0.124263 -0.178741 -0.205624 -0.167438 -0.260942 -0.227316 -0.184823 -0.156216 -0.286728 -0.135371 -0.191249 -0.101646 -0.058260 -0.203526 -0.207043 0.160279 0.206594 -0.188423 -0.326375 0.298394 0.258049 0.143240 0.178728 0.139623 -0.253442 0.041188 -0.186589 -0.215138 -0.178970 0.333495 0.197928 0.315942 0.440039 -0.093210 0.044640 -0.235403 -0.175634 0.131255 -0.018974 -0.107060 0.113519 0.078662 0.153790 0.019220 -0.068933 0.150968 -0.020236 -0.001478 -0.072918 0.013649 0.005616 0.110998 0.079560 -0.016872 0.015302 0.032015 -0.268755 0.049877 0.093214 0.067028 0.026059 0.099242 0.132945 -0.069783 0.150766 0.126492 -0.175134 -0.210427 -0.242477 -0.048358 -0.027797 0.102996 0.048687 0.104118 -0.070537 -0.135442 0.019165 -0.095587 -0.188940 -0.103433 -0.042867 -0.251426 -0.214817 -0.111070 -0.090845 0.028292 0.130979
0.317365 0.179303 -0.174830 -0.187194 -0.195635 -0.313375 -0.040891 -0.000956 0.182729 -0.080542 0.485360 0.510329 0.645625 1.000000 0.334639 0.361258 0.157730 0.269298 0.077869 0.075582 -0.234986 -0.279954 -0.296493 -0.337523 -0.307708 -0.347195 -0.287381 -0.238794 0.231223 -0.007849 -0.246454 -0.322504 -0.178717 -0.279260 -0.246044 -0.066902 0.142105 -0.019347 -0.243704 -0.209848 0.021355 -0.036527 -0.117792 -0.075110 0.286636 0.190577 -0.137857 -0.217661 0.216688 0.232391 0.179547 0.120828 0.017291 -0.333069 0.038818 -0.144877 -0.136284 -0.053245 0.147758 0.103741 -0.004764 0.309824 -0.150401 -0.017937 -0.168886 -0.054263 -0.064041 -0.035103 -0.020889 0.087722 0.075370 0.026301 0.053063 0.038580 0.295588 0.141837 0.174031 0.100268 -0.090157 0.232864 0.239431 0.134087 0.032046 -0.084362 0.120340 -0.195525 -0.011982 0.171117 -0.014247 -0.013397 0.106377 -0.033668 0.020985 0.029472 0.154850 -0.064342 -0.194596 -0.190665 0.104671 -0.010897 0.204080 -0.049264 0.084913 -0.234688 -0.292745 -0.151272 -0.260328 -0.366337 -0.068706 0.168149 -0.247627 -0.092168 0.043126 0.127199 0.194287 0.231805
0.325221 0.282025 -0.371823 -0.391087 0.169070 -0.131883 -0.131869 -0.176290 0.302937 0.161711 0.471739 0.427255 0.356328 0.334639 1.000000 0.569590 -0.039551 0.080816 0.353486 0.089380 0.251922 0.122496 -0.266630 -0.205834 -0.380437 -0.228005 0.161857 -0.042292 0.285949 0.155630 0.178869 0.063455 0.079711 0.016233 -0.173447 -0.082341 0.135405 -0.030984 0.010392 -0.138638 0.177056 0.162649 -0.111966 -0.130573 -0.005087 0.048164 0.055763 -0.053282 0.038042 -0.006986 -0.146376 -0.014548 -0.029616 0.088438 -0.057652 -0.168248 -0.034319 0.056874 -0.166631 -0.204148 0.021492 0.129939 0.018241 0.076484 -0.082130 -0.259291 -0.305757 -0.359462 0.035478 0.006146 0.215121 0.067824 0.139621 0.147182 0.359587 0.153601 0.262007 0.173005 0.030861 0.004434 0.096090 0.207046 0.568426 0.194278 0.389783 0.104330 0.213990 0.275336 -0.035271 -0.064298 -0.057427 -0.129416 -0.185963 -0.129253 -0.087805 -0.138711 -0.189805 -0.164455 -0.004058 -0.043769 -0.181916 -0.187117 -0.118994 -0.221623 -0.199842 -0.109630 -0.055306 -0.228053 -0.231820 0.013124 -0.123080 -0.053941 -0.157292 0.037047 -0.006568 -0.082013
0.024999 0.113595 -0.347460 -0.265954 0.105096 -0.237140 0.056482 0.114939 0.245779 0.277155 0.286639 0.563543 0.393103 0.361258 0.569590 1.000000 0.045763 0.091408 0.257154 0.065110 0.123585 0.065915 -0.398783 -0.281046 -0.352946 -0.223786 -0.002664 -0.161882 0.234907 0.148452 0.245364 0.118113 0.155999 0.078322 -0.432479 -0.345909 -0.058567 -0.225596 -0.182699 -0.252354 0.272562 0.224977 -0.253319 -0.317349 -0.024555 -0.075298 -0.073762 -0.183479 0.109076 -0.009501 0.051458 -0.105923 0.115061 -0.037581 -0.094723 -0.243539 -0.058381 -0.070555 0.009283 -0.036032 0.279025 0.406623 0.217243 0.214705 -0.118599 -0.135340 -0.040592 -0.190094 0.128574 0.185118 0.015154 0.030700 0.182124 0.127629 0.299660 0.248697 0.062694 0.074273 0.072089 -0.082403 0.091459 0.102029 0.320014 0.363186 0.196363 0.017147 0.087604 0.082493 -0.045786 -0.136275 -0.040661 -0.245425 -0.204243 -0.132145 -0.076842 -0.141632 -0.219991 -0.157138 0.025485 -0.050717 -0.084455 -0.190494 -0.040604 -0.191116 -0.309598 -0.224937 -0.224839 -0.167017 -0.256077 -0.131711 -0.218160 -0.215843 -0.281591 -0.089361 0.031600 0.063615
-0.123764 0.052895 -0.369632 -0.180456 -0.093366 -0.212241 -0.305852 -0.132971 0.029158 0.008748 0.015110 0.331961 -0.046045 0.157730 -0.039551 0.045763 1.000000 0.761180 -0.037818 0.059093 -0.239582 -0.184111 0.005947 -0.045971 -0.236092 -0.075713 -0.316942 -0.056334 0.493030 0.385507 0.138245 0.072783 0.252120 0.115596 -0.170429 -0.141920 0.185106 0.094989 -0.130712 0.071655 0.447371 0.333202 -0.137364 -0.059015 0.187329 0.078286 -0.091516 -0.173505 0.018910 -0.044857 0.024654 -0.156243 -0.234051 -0.414390 -0.256410 -0.070458 0.286526 0.031431 -0.411456 -0.395390 -0.180314 -0.208783 0.438316 0.385549 0.106216 0.005279 -0.496527 -0.351275 -0.019000 -0.125883 0.246505 -0.013488 0.542536 0.303873 0.356500 0.140629 0.099390 0.023797 0.362566 0.298725 0.607252 0.418313 0.178104 0.091835 0.044482 -0.039386 0.012067 0.318704 -0.313561 -0.144994 -0.052509 -0.111719 0.058115 -0.021855 0.291424 0.120784 -0.110662 0.076967 -0.021394 0.130327 0.189484 0.019237 -0.032847 -0.350345 -0.372498 -0.267657 -0.308966 -0.227398 0.079920 0.106598 -0.015774 -0.111568 -0.040725 0.197485 0.276200 0.320279
-0.118612 0.158698 -0.488004 -0.375782 -0.125885 -0.352258 -0.374238 -0.325556 0.000441 -0.055515 0.114282 0.324917 0.072139 0.269298 0.080816 0.091408 0.761180 1.000000 -0.035431 0.212885 -0.231045 -0.282361 -0.217125 -0.185300 -0.291398 -0.249390 -0.375127 -0.233886 0.653125 0.603301 0.062058 -0.113606 0.213126 -0.008582 -0.216841 -0.160203 0.257060 0.114028 -0.102675 0.100472 0.363226 0.301057 -0.014913 0.119448 0.276154 0.131059 0.053898 -0.113945 0.030897 -0.061670 0.044009 -0.104296 -0.212059 -0.398740 -0.247491 -0.021266 0.099964 0.106387 -0.406324 -0.357076 -0.229327 -0.170856 0.321758 0.515517 -0.094112 -0.221874 -0.537200 -0.371788 0.009531 -0.010716 0.275437 -0.080300 0.620143 0.423941 0.445937 0.285388 0.269078 0.206303 0.349454 0.638422 0.706433 0.610919 0.188825 0.244804 0.037018 -0.231358 0.046653 0.461214 -0.461464 -0.193265 -0.110414 -0.205316 -0.137298 -0.170519 0.397543 0.166692 -0.107688 0.047055 -0.053016 0.093399 0.180599 -0.018839 0.076257 -0.407828 -0.437708 -0.306489 -0.311850 -0.374093 0.167459 0.279537 -0.001188 -0.087400 -0.025595 0.334109 0.355232 0.403724
0.106074 0.368460 -0.029341 0.076462 0.079054 -0.090588 -0.066512 -0.130048 0.118524 0.034596 -0.050781 0.118986 0.067895 0.077869 0.353486 0.257154 -0.037818 -0.035431 1.000000 0.456663 0.132979 -0.222619 -0.052684 0.021519 0.164618 -0.003796 0.163279 -0.067010 0.092697 0.031122 0.207807 -0.044466 0.041020 -0.163527 -0.072330 -0.041502 0.112813 -0.137475 -0.151014 -0.245040 0.069148 -0.148105 -0.049994 -0.131306 -0.322524 -0.339923 -0.029043 -0.177376 -0.305737 -0.307719 -0.054748 -0.146921 0.082317 0.048290 -0.062064 -0.186946 0.183844 0.300872 0.059981 0.026090 0.103583 -0.066108 0.095271 0.003190 0.059268 -0.136403 -0.152763 -0.355669 0.534834 0.350433 -0.202823 -0.308304 0.021033 -0.023447 0.197955 0.112503 0.318981 0.156745 0.148324 0.101596 -0.014469 -0.013435 0.305424 0.050995 0.231133 0.051793 0.108420 0.145149 0.181178 -0.015927 -0.092857 -0.141325 -0.212591 -0.201514 -0.034897 -0.009945 -0.231150 -0.123323 -0.255149 -0.221226 -0.297786 -0.165848 -0.168803 -0.178640 -0.204089 -0.211746 -0.048605 -0.126117 -0.094346 -0.043178 -0.215958 -0.193610 -0.468110 0.000357 0.008695 -0.066669
-0.205281 0.558073 -0.259083 0.046422 0.091182 0.084770 -0.245574 -0.191337 0.045325 0.115680 -0.233334 -0.159919 -0.104577 0.075582 0.089380 0.065110 0.059093 0.212885 0.456663 1.000000 -0.024579 -0.278302 -0.195984 0.096978 0.076015 0.024124 0.167325 -0.122359 0.072859 -0.023377 -0.062447 -0.151069 -0.194234 -0.175272 -0.274510 -0.098106 -0.138332 -0.260044 -0.430029 -0.323075 -0.221777 -0.205795 0.085750 -0.013259 -0.085351 0.001170 -0.017225 -0.090307 -0.109956 0.017942 -0.021226 0.012900 -0.104667 -0.074415 -0.250156 -0.312713 0.053978 0.501865 -0.063262 0.214683 -0.161054 -0.177771 0.027645 0.187571 -0.258155 -0.244035 -0.197742 -0.038369 0.624374 0.671159 -0.072617 -0.188957 -0.113640 -0.160955 -0.086570 -0.035470 -0.016691 -0.029834 -0.224030 0.258166 0.065219 0.030866 0.094789 0.062204 -0.021585 -0.191931 -0.197937 0.031799 -0.005889 -0.190004 0.077563 -0.147184 0.007207 -0.112806 0.147085 -0.053517 -0.332537 -0.235664 -0.195182 -0.487309 0.060085 -0.078198 0.168511 -0.115007 -0.126395 -0.148608 0.057509 -0.058436 0.119324 0.077813 -0.276192 -0.279733 -0.320850 0.073790 0.110473 -0.015279
0.055363 -0.109660 -0.095730 -0.173195 0.252585 0.197258 0.055862 -0.127519 0.012950 0.082733 -0.028482 -0.164082 -0.060842 -0.234986 0.251922 0.123585 -0.239582 -0.231045 0.132979 -0.024579 1.000000 0.537643 -0.192000 -0.082011 -0.070516 0.035908 0.515482 0.210089 -0.023316 0.063916 0.313827 0.195224 0.241421 0.147325 -0.100609 -0.100592 -0.208456 -0.007536 0.212350 0.025755 0.214891 0.439203 0.049413 -0.142795 -0.099123 -0.082829 0.214800 0.037820 0.084846 -0.033913 0.003585 0.077298 0.192175 0.322448 0.062025 -0.033503 0.174662 0.029791 0.137368 0.114727 0.260287 0.036517 0.046538 0.123674 -0.209923 -0.279441 0.024391 -0.138801 0.019504 -0.036827 0.240443 0.268132 0.225236 0.222924 0.234807 0.298707 0.121866 0.208930 0.103440 -0.238897 -0.056676 0.000381 0.156906 0.178975 -0.079689 -0.150047 0.132115 0.177475 -0.028894 -0.005932 -0.089639 -0.128848 -0.225371 -0.065537 -0.401042 -0.316987 -0.193003 -0.190351 0.210075 -0.000723 -0.199512 -0.130831 -0.083734 -0.019499 0.101969 -0.013707 0.134621 0.097287 -0.396938 -0.169659 -0.120106 0.006780 -0.001985 -0.262305 -0.274964 -0.268892
-0.240935 -0.177272 -0.186231 -0.094371 0.163384 0.418755 -0.189682 -0.075117 -0.000992 0.112926 -0.164198 -0.114130 -0.147531 -0.279954 0.122496 0.065915 -0.184111 -0.282361 -0.222619 -0.278302 0.537643 1.000000 0.046415 0.010253 0.050829 0.449630 0.507150 0.585072 -0.335686 -0.156367 0.289017 0.530782 0.306989 0.532931 0.149285 0.049008 -0.152683 0.126551 0.319094 0.082428 0.289161 0.349291 -0.098248 -0.012481 -0.070242 -0.028330 -0.070432 0.206924 0.046213 -0.056081 -0.033665 -0.022291 0.061599 0.054960 -0.057622 -0.106142 0.005524 -0.034888 -0.215315 -0.222846 0.062827 -0.005889 0.079721 -0.038565 0.196168 0.183653 0.095259 0.102815 0.018124 -0.100151 0.097793 0.384428 -0.035645 0.116079 -0.061587 0.090770 -0.197773 -0.003657 -0.075116 -0.363245 -0.251002 -0.154191 0.097641 0.081920 0.039295 0.122719 0.103103 0.053489 -0.068162 -0.066612 -0.126966 -0.150561 -0.173285 -0.122583 -0.485152 -0.314325 0.001520 -0.171590 -0.010158 -0.160950 -0.395849 -0.279822 -0.374237 0.040984 0.210203 0.238187 0.059342 0.188579 -0.375478 -0.300677 0.191756 -0.062454 -0.086846 -0.225874 -0.308291 -0.354549
-0.253301 -0.132669 0.545061 0.698561 -0.067328 0.490362 -0.048503 0.091683 -0.127114 -0.139262 -0.333583 -0.243848 -0.233171 -0.296493 -0.266630 -0.398783 0.005947 -0.217125 -0.052684 -0.195984 -0.192000 0.046415 1.000000 0.732572 0.518684 0.532658 0.246352 0.562508 -0.451960 -0.387539 -0.088352 0.160718 -0.159524 0.028148 0.581919 0.370549 -0.174505 -0.057074 -0.028314 -0.076344 -0.284747 -0.341534 -0.144392 -0.067104 -0.297605 -0.209495 -0.324134 0.049601 -0.253923 -0.049353 -0.189177 -0.143804 -0.279441 -0.174895 -0.080491 -0.150377 -0.075665 -0.016668 -0.097411 -0.054549 -0.289557 -0.330412 -0.160356 -0.351974 0.534521 0.641021 0.115773 0.261397 -0.013606 -0.109043 -0.315635 -0.005326 -0.393603 -0.411736 -0.449096 -0.470932 -0.363240 -0.373978 -0.045114 -0.278832 -0.285409 -0.345054 -0.249997 -0.252960 0.089817 0.240504 -0.056961 -0.200533 0.434582 0.240887 0.270665 0.566309 0.422891 0.450307 -0.012992 -0.096685 0.024276 -0.053019 -0.251118 -0.026350 -0.023049 0.284086 -0.088151 0.284770 0.181582 0.194753 -0.020426 0.211337 0.016141 -0.235432 0.077431 0.033191 0.002302 -0.082642 -0.165944 -0.131378
-0.389113 -0.204522 0.311750 0.661019 -0.057814 0.547149 -0.156555 -0.001920 -0.240119 -0.033681 -0.351995 -0.317006 -0.291258 -0.337523 -0.205834 -0.281046 -0.045971 -0.185300 0.021519 0.096978 -0.082011 0.010253 0.732572 1.000000 0.490773 0.574351 0.331263 0.486277 -0.356845 -0.379456 -0.034418 0.163839 -0.221376 -0.091361 0.453221 0.276243 -0.130631 -0.130188 -0.207912 -0.230726 -0.360758 -0.400084 -0.146192 -0.160357 -0.340843 -0.221818 -0.316693 -0.046947 -0.254277 -0.050232 -0.205176 -0.100747 -0.240308 -0.083666 -0.067922 -0.256810 -0.072471 0.081200 -0.050141 0.102192 -0.243129 -0.359795 -0.059347 -0.223797 0.310089 0.439025 0.141104 0.319007 0.160806 0.153933 -0.085858 0.091740 -0.372756 -0.421134 -0.466716 -0.437837 -0.348531 -0.426923 -0.250580 -0.177401 -0.292909 -0.342265 -0.217980 -0.188295 0.139125 0.164953 -0.175740 -0.213167 0.439430 0.249066 0.413173 0.458515 0.544982 0.387053 0.093641 -0.129690 -0.165635 -0.166903 -0.217275 -0.237268 0.112992 0.175866 0.122124 0.252624 0.123762 0.044059 0.006866 0.076448 0.075165 -0.163183 -0.139317 -0.152583 -0.170894 -0.053182 0.006152 -0.054476
-0.447631 -0.082812 0.308876 0.465251 -0.175042 0.414977 -0.145748 0.068849 -0.269822 -0.223845 -0.423025 -0.266040 -0.266999 -0.307708 -0.380437 -0.352946 -0.236092 -0.291398 0.164618 0.076015 -0.070516 0.050829 0.518684 0.490773 1.000000 0.713199 0.406819 0.374252 -0.416942 -0.357223 0.183048 0.273291 -0.086724 0.065930 0.464287 0.195431 -0.146105 -0.076152 -0.080644 -0.182196 -0.249957 -0.341122 -0.146840 0.013898 -0.320199 -0.264358 -0.353175 -0.084729 -0.317410 -0.162536 0.045052 -0.053778 -0.045583 -0.289027 -0.167693 -0.306959 -0.309585 0.056725 -0.027084 0.124439 -0.147771 -0.156412 -0.163382 -0.228455 0.455024 0.496712 0.267664 0.313794 0.243563 0.195142 -0.370186 -0.046392 -0.372401 -0.212133 -0.277746 -0.161086 -0.179108 -0.157518 -0.101728 -0.033614 -0.245693 -0.296383 -0.414314 -0.316759 0.126082 0.062083 -0.077206 -0.144883 0.118702 -0.039895 0.287982 0.230725 0.172370 0.032181 -0.143742 -0.198930 -0.138121 -0.285872 -0.399731 -0.303837 -0.120186 0.049970 -0.008877 0.161776 0.044425 0.000324 0.059803 0.127201 -0.064767 -0.279057 -0.042960 -0.237019 -0.316723 -0.012741 -0.113692 -0.233118
-0.672966 -0.162983 0.116418 0.482413 0.091037 0.687906 -0.285106 0.148494 -0.073310 0.126766 -0.583171 -0.193359 -0.392172 -0.347195 -0.228005 -0.223786 -0.075713 -0.249390 -0.003796 0.024124 0.035908 0.449630 0.532658 0.574351 0.713199 1.000000 0.550591 0.715567 -0.514625 -0.404386 0.316247 0.616474 0.085734 0.416391 0.468085 0.255787 -0.226328 -0.079185 -0.113812 -0.273207 -0.047025 -0.204151 -0.287897 -0.128263 -0.263173 -0.223101 -0.376293 0.028016 -0.241268 -0.111333 0.003846 -0.100691 -0.178328 -0.308228 -0.307533 -0.432249 -0.199669 -0.014996 -0.306873 -0.131194 -0.246162 -0.258832 0.003544 -0.158797 0.553763 0.615969 0.218930 0.379502 0.309455 0.240335 -0.237503 0.139389 -0.377627 -0.236817 -0.336334 -0.245791 -0.399029 -0.317951 -0.180805 -0.186913 -0.283663 -0.341660 -0.162103 -0.171220 0.121446 0.116406 -0.100835 -0.118888 0.089095 -0.152703 0.252093 0.063010 0.217762 0.031051 -0.245826 -0.293662 -0.241462 -0.362687 -0.447061 -0.481566 -0.216890 -0.092514 -0.202499 0.045064 0.036438 0.025259 0.029143 0.194928 -0.179353 -0.371937 -0.055681 -0.344406 -0.343165 -0.119445 -0.162249 -0.326743
-0.241894 0.049796 0.016656 0.117975 0.422653 0.717600 -0.131328 -0.020289 0.183960 0.221622 -0.316886 -0.286058 -0.198703 -0.287381 0.161857 -0.002664 -0.316942 -0.375127 0.163279 0.167325 0.515482 0.507150 0.246352 0.331263 0.406819 0.550591 1.000000 0.663070 -0.411065 -0.306369 0.293687 0.422360 0.044215 0.239354 0.212159 0.083498 -0.309333 -0.181512 0.018851 -0.223435 -0.182025 -0.091472 -0.094058 -0.102378 -0.244330 -0.076444 -0.094200 0.159316 -0.049584 0.054355 -0.026665 0.100754 0.069882 0.079279 -0.118136 -0.343667 -0.094998 0.137764 -0.034264 0.054657 -0.063416 -0.107486 -0.208613 -0.173724 0.090235 0.154812 0.091510 0.160601 0.315894 0.256628 -0.143728 0.204694 -0.302288 -0.252556 -0.222400 -0.109482 -0.222389 -0.190620 -0.201211 -0.361344 -0.385827 -0.398153 -0.031443 -0.114318 -0.039920 -0.083885 -0.070381 -0.103191 0.150491 -0.074833 0.161792 0.046070 0.046689 0.080123 -0.410323 -0.396065 -0.236898 -0.391117 -0.080531 -0.374003 -0.257451 -0.080069 -0.198717 0.148115 0.226077 0.198861 0.138934 0.236825 -0.315275 -0.353105 -0.065335 -0.169717 -0.169588 -0.252659 -0.338042 -0.471462
-0.395100 -0.037923 0.051586 0.277188 0.111326 0.729316 -0.320380 -0.132864 -0.049492 0.046376 -0.378484 -0.265931 -0.244470 -0.238794 -0.042292 -0.161882 -0.056334 -0.233886 -0.067010 -0.122359 0.210089 0.585072 0.562508 0.486277 0.374252 0.715567 0.663070 1.000000 -0.525444 -0.423425 0.157029 0.458637 0.186808 0.385386 0.432742 0.208399 -0.210322 -0.074578 0.041329 -0.209571 -0.020836 -0.041087 -0.195762 -0.073812 -0.159722 -0.082109 -0.243458 0.226533 -0.012720 0.030856 -0.012737 0.006259 -0.061096 -0.109857 -0.134167 -0.317790 -0.032116 0.042685 -0.208521 -0.157067 -0.230758 -0.308097 -0.058001 -0.199885 0.432323 0.509717 0.157141 0.297908 0.203136 0.100850 -0.162574 0.260046 -0.328579 -0.267811 -0.364436 -0.242535 -0.393408 -0.343816 -0.128964 -0.379380 -0.297236 -0.324176 0.009263 -0.033459 0.108716 0.135623 -0.003716 -0.026885 0.249087 0.073613 0.176981 0.138556 0.159825 0.201239 -0.404056 -0.465976 -0.113774 -0.383393 -0.122240 -0.356186 -0.355277 -0.107896 -0.352461 0.135969 0.161044 0.276329 -0.043242 0.226787 -0.369010 -0.470512 0.055075 -0.144017 -0.100201 -0.274026 -0.346563 -0.390198
0.137249 -0.081235 -0.359678 -0.447775 -0.043857 -0.555263 -0.028956 -0.125766 -0.018320 -0.023894 0.441531 0.401605 0.218477 0.231223 0.285949 0.234907 0.493030 0.653125 0.092697 0.072859 -0.023316 -0.335686 -0.451960 -0.356845 -0.416942 -0.514625 -0.411065 -0.525444 1.000000 0.807225 0.216103 -0.082987 0.108970 -0.085569 -0.295118 -0.182198 0.306489 0.039947 -0.040184 0.144636 0.388639 0.381350 0.003977 -0.003484 0.209645 0.038888 0.218556 -0.239096 0.012926 -0.163192 -0.010378 -0.019931 0.011965 -0.039385 -0.122282 0.035445 -0.003698 -0.126926 -0.218512 -0.207409 0.017021 0.040181 0.293751 0.441927 -0.308916 -0.503884 -0.528415 -0.523031 -0.220664 -0.213074 0.404493 -0.065903 0.803555 0.470382 0.600339 0.380343 0.413468 0.280706 0.475110 0.530525 0.678216 0.601528 0.401053 0.431024 0.046780 -0.306700 0.288136 0.440008 -0.445691 -0.204504 -0.113219 -0.184980 -0.160832 -0.178721 0.439832 0.211299 -0.123022 0.108823 0.008721 0.210111 0.235375 -0.023714 0.206928 -0.395313 -0.431705 -0.379991 -0.270893 -0.487328 0.194408 0.323715 -0.067063 -0.064970 -0.000017 0.194225 0.366875 0.497167
0.039619 -0.056033 -0.372607 -0.437857 0.090897 -0.486646 -0.103898 -0.154287 -0.014324 0.038268 0.101844 0.281697 -0.124263 -0.007849 0.155630 0.148452 0.385507 0.603301 0.031122 -0.023377 0.063916 -0.156367 -0.387539 -0.379456 -0.357223 -0.404386 -0.306369 -0.423425 0.807225 1.000000 0.284545 -0.008532 0.315088 0.118496 -0.189318 -0.123310 0.431307 0.271307 0.175143 0.325108 0.520197 0.515154 0.116103 0.156072 0.163149 -0.026761 0.392585 0.033124 -0.046650 -0.293093 0.009038 -0.083363 -0.002879 0.127245 -0.072966 0.268298 0.149934 -0.057741 -0.316897 -0.365235 -0.043296 -0.071651 0.288933 0.458164 -0.235675 -0.486118 -0.527769 -0.583431 -0.206189 -0.349436 0.330715 -0.161103 0.811909 0.631667 0.585070 0.531525 0.492211 0.434808 0.495423 0.475711 0.568193 0.587969 0.391996 0.458527 -0.094337 -0.201855 0.287427 0.360876 -0.500362 -0.233889 -0.321966 -0.361442 -0.336612 -0.363143 0.285493 0.349108 0.137186 0.351860 0.082857 0.323963 0.065613 -0.108812 0.034115 -0.363697 -0.323055 -0.312388 -0.220187 -0.331217 0.154728 0.338392 0.167949 0.160343 0.080148 0.226778 0.292275 0.323091
-0.313217 -0.086349 -0.232123 -0.140422 0.209932 0.032797 0.001911 0.183483 0.032048 0.267470 -0.136878 0.319417 -0.178741 -0.246454 0.178869 0.245364 0.138245 0.062058 0.207807 -0.062447 0.313827 0.289017 -0.088352 -0.034418 0.183048 0.316247 0.293687 0.157029 0.216103 0.284545 1.000000 0.788930 0.469938 0.580030 0.017537 -0.032296 -0.156445 -0.144033 0.012237 -0.076487 0.386544 0.362022 -0.379903 -0.314034 -0.142274 -0.212379 -0.087125 -0.221704 -0.028502 -0.212408 0.198661 -0.055388 0.204131 -0.110249 -0.325419 -0.290927 0.032965 -0.095202 -0.309240 -0.369840 0.147344 0.061828 0.414616 0.337355 0.349369 0.089395 -0.201951 -0.324599 -0.010166 -0.109095 0.011587 0.081772 0.320746 0.259243 0.237023 0.193667 0.001521 0.015086 0.373215 -0.048559 0.199488 0.122075 0.393196 0.221491 0.174870 0.161150 0.260125 0.251300 -0.304831 -0.289793 -0.101079 -0.278800 -0.255158 -0.252572 -0.201208 -0.198634 -0.359905 -0.241753 -0.204550 -0.264089 -0.262690 -0.246669 -0.319698 -0.470454 -0.334806 -0.361357 -0.152615 -0.089889 -0.323327 -0.331148 -0.154370 -0.333805 -0.361308 -0.250459 -0.162578 -0.099392
-0.466131 -0.169443 -0.197462 0.044735 0.155355 0.295564 -0.154232 0.238216 -0.043126 0.209053 -0.246060 0.170441 -0.205624 -0.322504 0.063455 0.118113 0.072783 -0.113606 -0.044466 -0.151069 0.195224 0.530782 0.160718 0.163839 0.273291 0.616474 0.422360 0.458637 -0.082987 -0.008532 0.788930 1.000000 0.327996 0.690891 0.156856 0.077696 -0.283735 -0.153823 0.039742 -0.111125 0.286319 0.234364 -0.387134 -0.317175 -0.113753 -0.138986 -0.210032 -0.151849 -0.016915 -0.099321 0.159859 0.009998 0.081884 -0.164348 -0.304664 -0.364229 -0.010261 -0.122283 -0.437555 -0.380922 0.014442 -0.060605 0.405151 0.200544 0.466034 0.306195 -0.082226 -0.061748 0.066283 0.000995 -0.096188 0.254335 0.025361 0.008642 -0.031006 -0.062623 -0.304680 -0.226466 0.218998 -0.189751 -0.015190 -0.081915 0.263643 0.165436 0.168873 0.173494 0.228862 0.138836 -0.143220 -0.231627 0.022868 -0.181821 -0.065087 -0.128064 -0.242118 -0.317547 -0.301348 -0.327125 -0.283394 -0.415289 -0.306119 -0.267316 -0.378323 -0.317175 -0.195629 -0.153287 -0.091312 0.059625 -0.363467 -0.493545 -0.137206 -0.423338 -0.391899 -0.324238 -0.211009 -0.237702
-0.256853 -0.024669 -0.344554 -0.305010 0.102951 -0.037939 -0.120786 -0.098689 0.030345 0.074415 -0.288372 0.137006 -0.167438 -0.178717 0.079711 0.155999 0.252120 0.213126 0.041020 -0.194234 0.241421 0.306989 -0.159524 -0.221376 -0.086724 0.085734 0.044215 0.186808 0.108970 0.315088 0.469938 0.327996 1.000000 0.736169 0.041490 -0.088703 0.087160 0.174258 0.093321 -0.075286 0.613401 0.509605 -0.117508 0.065856 0.121826 0.094269 0.115919 0.195822 0.148240 -0.060662 0.177705 -0.055770 0.054899 0.028543 -0.342761 -0.028908 0.297503 -0.037200 -0.309224 -0.401170 0.119607 0.022998 0.404054 0.446442 0.199983 0.034752 0.007828 -0.118619 0.140982 -0.118277 -0.069656 -0.189323 0.383796 0.362155 0.299593 0.274389 0.082714 0.109860 0.240320 -0.051636 0.158946 0.231602 0.244647 0.288037 -0.009306 0.018832 -0.060197 0.121574 -0.502563 -0.420458 -0.452908 -0.465274 -0.478177 -0.395883 -0.436648 -0.177192 0.001711 -0.062933 -0.060617 -0.095722 -0.383449 -0.373572 -0.430854 -0.251130 -0.186298 -0.028935 -0.049426 0.047357 -0.391094 -0.250008 0.207752 -0.044939 -0.113205 -0.166726 -0.313272 -0.289117
-0.474121 -0.063234 -0.254917 -0.056744 0.205534 0.219762 -0.061261 0.218925 0.045861 0.221136 -0.361386 0.152583 -0.260942 -0.279260 0.016233 0.078322 0.115596 -0.008582 -0.163527 -0.175272 0.147325 0.532931 0.028148 -0.091361 0.065930 0.416391 0.239354 0.385386 -0.085569 0.118496 0.580030 0.690891 0.736169 1.000000 0.191152 0.114202 -0.163139 0.008330 0.048408 -0.084268 0.466222 0.354106 -0.258129 -0.078883 0.094584 0.048042 -0.009561 0.208508 0.072518 -0.065211 0.132566 -0.069443 -0.034412 -0.032213 -0.411707 -0.147098 0.020498 -0.168625 -0.532410 -0.514301 -0.036939 0.010730 0.330619 0.297043 0.413107 0.314334 0.001714 0.054360 0.113943 -0.119757 -0.169473 -0.015339 0.091330 0.115561 0.017782 0.024960 -0.250902 -0.119424 0.099382 -0.193899 -0.048908 -0.004052 0.265537 0.226428 -0.026293 0.136500 0.018343 0.031055 -0.428964 -0.436520 -0.340916 -0.372040 -0.337343 -0.326171 -0.454934 -0.253934 -0.064667 -0.146105 -0.208844 -0.285317 -0.381312 -0.326839 -0.466410 -0.204585 -0.061256 0.032886 -0.022152 0.178975 -0.390564 -0.404942 0.172615 -0.165589 -0.234133 -0.277355 -0.376040 -0.365737
-0.194620 -0.288767 0.425848 0.439587 0.046303 0.439787 -0.028864 -0.008051 -0.066360 -0.033433 -0.313130 -0.275105 -0.227316 -0.246044 -0.173447 -0.432479 -0.170429 -0.216841 -0.072330 -0.274510 -0.100609 0.149285 0.581919 0.453221 0.464287 0.468085 0.212159 0.432742 -0.295118 -0.189318 0.017537 0.156856 0.041490 0.191152 1.000000 0.807613 0.039290 0.027142 0.070813 0.027813 -0.115637 -0.233569 0.000228 0.096908 -0.186045 -0.135259 -0.165115 0.088321 -0.433961 -0.203064 -0.239459 -0.172485 -0.361891 -0.026353 -0.158156 -0.080769 -0.137512 -0.046747 -0.176989 -0.242671 -0.276983 -0.334403 -0.212678 -0.288590 0.513004 0.535256 0.267699 0.375193 0.007018 -0.147347 -0.300600 -0.107821 -0.266585 -0.251152 -0.201952 -0.206841 -0.116635 -0.135637 -0.078662 0.031647 -0.172668 -0.187417 -0.099286 -0.201943 0.110484 0.185890 0.032619 -0.012761 0.153530 0.050971 0.019450 0.335787 0.192242 0.168136 0.048104 -0.027384 -0.003651 -0.047275 -0.362416 -0.049742 -0.169211 0.026874 -0.182490 0.066282 0.094143 0.110883 -0.008171 0.044158 0.056977 -0.048481 0.106776 0.053071 0.074778 0.077927 -0.052301 -0.087032
-0.063345 -0.139647 0.290613 0.370553 0.087212 0.311637 -0.053834 -0.038327 0.019539 0.054317 -0.247816 -0.162951 -0.184823 -0.066902 -0.082341 -0.345909 -0.141920 -0.160203 -0.041502 -0.098106 -0.100592 0.049008 0.370549 0.276243 0.195431 0.255787 0.083498 0.208399 -0.182198 -0.123310 -0.032296 0.077696 -0.088703 0.114202 0.807613 1.000000 -0.013873 -0.018987 0.049224 0.115957 -0.154842 -0.159670 0.122262 0.099517 -0.043528 -0.023381 -0.057799 0.094647 -0.367673 -0.102458 -0.222643 -0.102182 -0.439674 0.046696 -0.123118 0.022602 -0.065508 0.026755 -0.189907 -0.195622 -0.345023 -0.334130 -0.176619 -0.225184 0.299322 0.373918 0.174765 0.343732 0.082483 -0.065754 -0.265808 -0.167004 -0.268310 -0.286967 -0.164052 -0.113053 -0.038472 0.009154 -0.063583 0.128508 -0.083884 -0.112181 0.040409 -0.229697 0.010411 0.137960 0.052342 0.048718 0.108925 0.006681 -0.101689 0.193208 0.118011 0.035479 0.199482 0.104860 -0.025661 0.060230 -0.303213 -0.021972 -0.060912 0.007403 -0.087112 -0.067854 0.037881 -0.078066 0.041989 -0.039914 0.187229 0.134548 0.055326 0.125972 0.092517 0.163661 0.081070 0.019538
