1.000000 0.406491 0.089850 -0.272783 -0.181276 -0.329985 -0.310699 -0.390696 -0.189230 -0.315858 0.505601 -0.102423 -0.156236 -0.125831 0.154223 -0.182195 0.622131 0.450861 0.263752 0.360775 0.096308 -0.415751 -0.437231 -0.276037 -0.325433 -0.383025 0.167137 -0.295544 0.481271 0.257111 -0.053919 -0.109138 -0.351279 -0.244634 -0.434286 -0.438135 0.038063 0.022654 0.035338 -0.159579 0.176141 0.155596 0.110470 0.208974 -0.038460 -0.110007 -0.134926 0.050920 0.184708 -0.198159 0.065687 -0.223440 0.021343 0.481882 -0.145461 -0.022456 0.616748 0.721592 0.114678 -0.005416 -0.188572 -0.109905 0.190539 0.551475 -0.473247 -0.416144 -0.493052 -0.459955 0.084857 -0.245973 0.400710 -0.062483 0.505110 0.370319 0.599134 0.252147 0.513236 0.253841 0.532841 0.354109 0.433208 0.549597 0.351645 0.151623 -0.079369 0.088152 0.039400 -0.168044 -0.298199 -0.444994 -0.386482 -0.287569 -0.304941 -0.178017 -0.216315 -0.094228 -0.179108 -0.077417 0.177217 0.340555 0.217322 0.433204 0.227852 0.335070 -0.294500 -0.291800 -0.095346 0.060286 -0.252830 -0.063789 -0.194572 0.169128 -0.080862 -0.188115 -0.088475 -0.120963
0.406491 1.000000 -0.138221 -0.059105 -0.271465 -0.339588 -0.120293 -0.145840 -0.076375 -0.200232 0.455072 0.317743 0.248963 0.246066 0.144315 0.110936 0.367763 0.501411 0.049839 0.321733 -0.211184 -0.271706 -0.513514 -0.275512 -0.571742 -0.555263 -0.017330 -0.340140 0.415031 0.375579 -0.220662 -0.317104 -0.219287 -0.289617 -0.421399 -0.284955 -0.107270 0.060828 -0.074053 -0.039414 -0.026671 0.101268 0.178613 0.090918 -0.033680 -0.066660 -0.154040 0.006753 0.176263 -0.210336 0.069556 -0.243512 0.026009 0.240549 -0.138659 -0.066375 0.287457 0.530309 -0.157082 -0.027627 -0.003686 0.146044 0.348288 0.509298 -0.302199 -0.142150 -0.466722 -0.386707 0.143251 -0.107435 0.145079 -0.078639 0.325622 0.305401 0.369978 0.180541 0.399349 0.357415 0.439685 0.253435 0.392657 0.495294 0.301991 0.263645 -0.051522 0.203676 -0.192694 -0.087958 -0.336709 -0.278014 -0.349781 -0.431779 -0.165203 -0.225327 -0.102351 0.063453 -0.043481 -0.186663 0.180761 0.014692 0.181343 0.070487 0.028351 -0.085450 -0.114580 -0.216993 -0.214369 -0.050023 -0.223786 0.046329 -0.256231 0.042771 0.049897 -0.099196 -0.004656 -0.040886
0.089850 -0.138221 1.000000 -0.240415 0.432483 -0.140846 0.581366 0.227308 0.212335 0.084625 0.155773 -0.139297 0.109577 -0.004161 -0.031961 -0.099940 -0.220385 -0.307388 0.313845 -0.142254 0.002795 -0.120133 0.178414 -0.204332 0.345410 -0.052496 0.182502 -0.198360 -0.202086 -0.344574 0.280509 -0.115872 0.132351 -0.148173 -0.046532 -0.086128 -0.423553 -0.650387 -0.222817 -0.341700 -0.350233 -0.278249 -0.104289 -0.160724 -0.115036 -0.055792 -0.324558 -0.391838 -0.253725 0.224559 0.229957 0.452691 -0.073518 0.002820 -0.110737 0.049401 0.190461 -0.160269 0.537118 0.114593 0.463349 0.033914 0.010343 -0.285948 0.330374 0.037671 0.415976 0.298893 0.028813 0.153540 0.055089 -0.119585 -0.196955 -0.061131 -0.126480 -0.232731 0.021890 -0.256841 -0.210480 -0.227841 -0.094261 -0.228625 -0.083229 -0.206698 -0.019287 0.068081 -0.067759 0.005871 0.015771 0.153276 -0.166187 0.190680 -0.126499 0.402994 -0.246188 -0.350033 -0.196736 0.067435 -0.329110 0.198209 -0.056407 0.248033 0.118148 0.261325 0.041168 -0.094009 0.118404 0.250293 -0.092292 -0.262394 -0.126523 -0.210751 -0.187835 -0.027696 -0.086491 -0.108771
-0.272783 -0.059105 -0.240415 1.000000 -0.072872 0.353903 -0.279889 0.061412 -0.019254 0.260570 -0.098036 0.207089 -0.044533 -0.077694 0.159285 0.133170 -0.314126 -0.005378 0.078789 0.206022 -0.090446 0.218205 0.200076 0.619545 -0.094069 0.164136 -0.204797 0.254222 -0.124790 -0.013688 -0.059708 0.140521 -0.007317 -0.049307 0.052914 -0.028566 0.171692 0.145031 0.019460 0.169814 0.143821 -0.074334 -0.030984 -0.043058 -0.162001 -0.037968 0.030094 -0.095458 -0.058477 0.095361 -0.045019 0.126765 0.218912 0.157915 0.085090 0.037477 -0.021473 -0.093087 -0.266629 0.029062 -0.114455 0.099602 0.293079 0.083314 0.047034 0.211119 -0.212756 -0.190752 -0.065935 0.015199 -0.088665 0.069533 -0.029800 -0.135268 -0.140177 -0.118224 -0.196509 -0.073630 -0.296051 -0.265276 -0.241918 -0.344297 -0.053763 0.310549 0.222400 0.150866 0.138900 0.137053 0.021657 0.353466 0.267063 -0.016533 0.194850 -0.205090 -0.023030 -0.052387 -0.117512 -0.208113 -0.065410 -0.331167 -0.009034 -0.091393 -0.083595 -0.179689 -0.171103 0.094491 -0.173474 -0.197894 0.058094 -0.185485 -0.186368 -0.381556 -0.208726 -0.215176 0.139895 -0.025141
-0.181276 -0.271465 0.432483 -0.072872 1.000000 0.040047 0.608206 0.438998 0.602478 0.468682 -0.174123 0.090753 0.094780 0.234322 -0.011992 0.389638 -0.299171 -0.377660 0.039248 -0.114798 -0.053345 -0.162995 0.391648 -0.139918 0.561189 0.005176 0.378541 -0.060513 -0.289154 -0.301722 0.180577 -0.208018 0.088348 -0.016601 0.172978 0.221787 -0.190644 -0.426601 -0.150771 -0.165893 -0.228333 -0.228328 -0.198683 -0.200201 0.074927 0.063748 -0.218189 -0.195247 -0.128193 0.110754 -0.081180 -0.033130 0.141173 -0.007160 -0.078466 -0.062239 -0.139623 -0.352608 0.245105 0.177491 0.498995 0.282756 -0.150653 -0.370600 0.275862 0.367919 0.428181 0.327177 -0.187850 0.121455 -0.147278 -0.199036 -0.292353 -0.345801 -0.280367 -0.273006 -0.188144 -0.395638 -0.248892 -0.349889 -0.291896 -0.365525 -0.212271 -0.066750 -0.212658 -0.280928 -0.207406 -0.128600 0.076265 0.098075 0.357441 0.443038 0.474373 0.534170 -0.150524 -0.184803 -0.221772 -0.073140 -0.175346 -0.039132 -0.013425 0.017663 0.017221 0.034897 0.021404 0.028348 0.298405 0.021297 -0.078812 -0.288577 -0.056387 -0.231071 0.056269 -0.174830 -0.292332 -0.009582
-0.329985 -0.339588 -0.140846 0.353903 0.040047 1.000000 -0.078806 0.113751 -0.018594 0.303221 -0.393199 0.099769 -0.055865 -0.339972 -0.169765 0.047084 -0.290048 -0.386718 -0.349088 -0.349016 0.315895 0.448326 0.494694 0.353307 0.413236 0.757065 0.226439 0.780183 -0.447239 -0.275555 -0.110059 -0.000919 0.118250 -0.161530 0.486096 0.376339 0.162212 0.295586 0.275901 0.254601 0.036427 0.230323 -0.058264 -0.211468 0.144768 -0.023517 0.210128 -0.013044 -0.247043 -0.073282 -0.127117 0.169989 0.224743 -0.096686 0.260998 0.023068 -0.329888 -0.371027 -0.260506 -0.150366 -0.115404 -0.262396 -0.286659 -0.352498 0.506130 0.391760 0.275704 0.172788 -0.248380 -0.106608 -0.308589 -0.075343 -0.436026 -0.317523 -0.335869 -0.324385 -0.397173 -0.302941 -0.273517 -0.253388 -0.137202 -0.324589 -0.130439 -0.270135 0.284663 0.138900 0.199747 0.177634 0.223098 0.417613 0.413355 0.293379 0.349887 0.167071 -0.011398 0.188426 -0.037084 -0.225476 0.046017 -0.352048 -0.040180 -0.176220 -0.111318 -0.141415 0.138910 0.329418 -0.005792 -0.182758 0.220102 -0.145903 0.091062 -0.264033 -0.000618 -0.005312 -0.035892 -0.052861
-0.310699 -0.120293 0.581366 -0.279889 0.608206 -0.078806 1.000000 0.597529 0.629694 0.351128 -0.072903 0.083673 0.295718 0.417515 -0.166211 0.353666 -0.286921 -0.291410 -0.002732 -0.336630 -0.298296 -0.078041 0.390410 -0.313566 0.392587 -0.055669 0.170463 -0.115417 -0.272932 -0.292406 0.052751 -0.210649 0.247861 0.048909 0.196623 0.257025 -0.431155 -0.615895 -0.311547 -0.317554 -0.498930 -0.413521 -0.262599 -0.368219 -0.032833 -0.052831 -0.368375 -0.419363 -0.261491 0.097804 0.061969 0.144991 -0.050150 -0.172803 -0.164982 -0.087841 -0.217435 -0.431190 0.395410 0.126319 0.765237 0.315541 -0.154449 -0.468321 0.425926 0.379334 0.509526 0.402694 0.056946 0.250896 -0.155920 -0.073037 -0.319043 -0.268314 -0.232893 -0.224460 -0.062828 -0.235800 -0.264879 -0.173098 -0.377585 -0.268945 -0.262397 -0.278478 -0.231986 -0.372737 -0.257840 -0.057366 0.017740 0.152115 0.136025 0.370068 0.288400 0.616395 -0.101732 -0.233677 -0.159132 0.058941 -0.210310 0.090784 -0.033909 -0.122690 -0.093400 -0.108161 0.069666 -0.065332 0.170583 0.228089 -0.023916 -0.032008 -0.126746 -0.081707 0.030693 0.068651 -0.137856 -0.002193
-0.390696 -0.145840 0.227308 0.061412 0.438998 0.113751 0.597529 1.000000 0.311330 0.719434 -0.183601 0.230127 0.089372 0.417737 -0.437949 0.382641 -0.183323 -0.192104 -0.383884 -0.448735 -0.363872 -0.043174 0.256441 -0.182251 0.398446 -0.021066 0.093587 -0.152360 -0.485901 -0.211656 0.125346 -0.024746 0.015819 0.147932 0.276001 0.368234 -0.279426 -0.337730 -0.419432 -0.261226 -0.457521 -0.316480 -0.187800 -0.191428 -0.012641 0.029701 -0.158703 -0.276867 -0.194371 0.188643 0.111239 0.257548 0.032310 -0.172066 -0.242589 -0.233269 -0.355913 -0.492072 0.046181 0.109719 0.547800 0.419808 -0.140199 -0.468913 0.304117 0.647662 0.436518 0.476362 -0.120727 0.108218 -0.241431 -0.064300 -0.362116 -0.230025 -0.237202 -0.283128 -0.303791 -0.274356 -0.408278 -0.169020 -0.456585 -0.335967 -0.459884 -0.226267 -0.157171 -0.262774 -0.359057 -0.109627 -0.112414 0.139152 0.503584 0.222898 0.541838 0.331240 -0.277470 -0.258162 -0.245493 -0.177034 -0.113119 -0.331201 0.053740 -0.337261 -0.208736 -0.168254 0.127297 0.110193 0.203644 -0.192865 0.125880 -0.182873 -0.065613 -0.163819 -0.015246 -0.157240 -0.154426 -0.140171
-0.189230 -0.076375 0.212335 -0.019254 0.602478 -0.018594 0.629694 0.311330 1.000000 0.340423 -0.147231 0.125679 0.172392 0.432756 0.143081 0.641719 -0.264939 -0.185614 0.102972 -0.043231 -0.152975 0.026470 0.399000 -0.182879 0.259602 -0.015825 0.134248 0.093745 -0.018298 -0.171006 -0.074052 -0.353659 0.125908 -0.102075 0.155493 0.169430 -0.174288 -0.398193 -0.230334 -0.103968 -0.257980 -0.271420 -0.133257 -0.256302 -0.074673 -0.063049 -0.163894 -0.254288 -0.217503 0.034498 0.004840 -0.029191 0.202725 0.063769 -0.155711 -0.134737 -0.136617 -0.250851 0.245416 0.201562 0.560105 0.282341 -0.007043 -0.223371 0.258070 0.201883 0.238100 0.157677 -0.003592 0.160749 -0.146334 -0.077253 -0.117866 -0.255893 -0.191482 -0.222167 -0.078005 -0.305887 -0.220214 -0.165068 -0.346071 -0.155059 -0.133657 -0.053750 -0.163914 -0.364807 -0.267839 -0.121274 0.025359 0.156190 0.190307 0.340781 0.325004 0.410332 -0.005095 -0.142178 -0.154052 -0.001721 -0.139577 0.061319 -0.149750 -0.149153 -0.112314 -0.166253 -0.104263 -0.215971 0.193946 0.100778 -0.114436 -0.037210 -0.165220 -0.074575 0.013338 0.048555 -0.069522 -0.043826
-0.315858 -0.200232 0.084625 0.260570 0.468682 0.303221 0.351128 0.719434 0.340423 1.000000 -0.158379 0.329054 0.071644 0.293571 -0.174178 0.504644 -0.276131 -0.219599 -0.228009 -0.230247 -0.229492 0.077787 0.224257 -0.039426 0.528797 0.085803 0.065903 0.006702 -0.378056 -0.157518 0.106393 -0.081421 0.041479 0.026861 0.249659 0.311927 -0.166939 -0.217852 -0.367284 -0.143444 -0.313504 -0.210098 -0.178282 -0.153371 0.076367 0.096618 -0.112698 -0.253394 -0.070432 0.173686 0.110845 0.126225 0.159000 0.057074 -0.206023 -0.239092 -0.153442 -0.408323 0.044582 0.178637 0.426330 0.378468 -0.023204 -0.307175 0.191842 0.557666 0.277651 0.248164 -0.090175 0.140176 -0.210221 -0.095025 -0.329943 -0.272190 -0.266279 -0.275043 -0.372946 -0.338327 -0.384778 -0.314538 -0.339434 -0.352313 -0.315390 0.001759 -0.016587 -0.089860 -0.236763 0.008279 -0.177671 0.250604 0.536118 0.258425 0.596558 0.273230 -0.232624 -0.233266 -0.291870 -0.249763 -0.114301 -0.334560 -0.053688 -0.209133 -0.189763 -0.148459 0.013922 0.039107 0.179857 -0.254295 0.098145 -0.311948 -0.103848 -0.214942 0.025814 -0.194856 -0.266481 -0.300651
0.505601 0.455072 0.155773 -0.098036 -0.174123 -0.393199 -0.072903 -0.183601 -0.147231 -0.158379 1.000000 0.085495 0.255548 0.113005 0.083572 -0.075179 0.458027 0.564810 0.238801 0.199808 -0.206738 -0.430828 -0.494182 -0.293786 -0.473504 -0.571441 0.056495 -0.358541 0.514197 0.423288 -0.110082 -0.272268 -0.311311 -0.380768 -0.576760 -0.532443 -0.089013 -0.153530 -0.086662 -0.289399 -0.030349 -0.169240 0.167329 0.183118 -0.220283 -0.206405 -0.346613 -0.101836 0.106779 -0.010442 0.248518 0.085824 0.000242 0.353209 -0.052085 0.161053 0.707909 0.564350 0.223877 0.073126 0.075152 0.119734 0.395358 0.614652 -0.394861 -0.372799 -0.465383 -0.432469 0.141917 -0.047698 0.172053 -0.169002 0.454305 0.269775 0.458791 0.139217 0.476499 0.274358 0.490865 0.336998 0.436476 0.435957 0.376492 0.156182 0.025711 0.190165 -0.042479 -0.060720 -0.168793 -0.157266 -0.464853 -0.452751 -0.334326 -0.208923 -0.178617 -0.176688 -0.180282 -0.051296 0.021921 0.249770 0.140098 0.302491 0.142661 0.164378 -0.153787 -0.284815 -0.145945 0.034973 -0.282302 0.055106 -0.306638 -0.064695 -0.103983 -0.170274 -0.217344 -0.321890
-0.102423 0.317743 -0.139297 0.207089 0.090753 0.099769 0.083673 0.230127 0.125679 0.329054 0.085495 1.000000 0.478120 0.263656 0.209893 0.373660 0.042289 0.148441 -0.200646 -0.041098 -0.174834 0.025333 -0.022501 0.144385 -0.058142 -0.199531 0.089404 -0.039986 0.263156 0.402350 0.147415 0.096234 -0.185722 -0.117815 -0.044037 0.092971 -0.139458 0.036911 -0.108992 -0.203162 -0.142973 0.002573 0.139682 0.051897 0.176639 0.113771 -0.086390 -0.000339 0.023928 -0.231002 -0.149055 -0.084426 0.098539 0.206185 -0.154626 -0.214137 -0.188245 -0.248828 -0.346012 -0.320471 0.112477 0.018620 0.140307 -0.039160 0.005810 0.469941 -0.163969 -0.082571 -0.191303 -0.202042 0.048394 0.027880 0.202847 0.145530 0.262287 0.133896 0.261088 0.243281 0.134901 0.137351 0.261818 0.092145 0.098504 0.392123 0.233434 0.267195 -0.050912 -0.083076 -0.360029 -0.109320 0.015179 -0.252998 0.230818 -0.187453 -0.248365 -0.027393 -0.381226 -0.430342 -0.137285 -0.333911 -0.094217 -0.195945 -0.314597 -0.299711 -0.283936 -0.124933 -0.421781 -0.365841 -0.120228 -0.043285 -0.280194 -0.305817 -0.012666 -0.358249 -0.252411 -0.202083
-0.156236 0.248963 0.109577 -0.044533 0.094780 -0.055865 0.295718 0.089372 0.172392 0.071644 0.255548 0.478120 1.000000 0.280626 0.301968 0.140394 -0.128833 -0.051703 -0.010233 -0.103370 -0.290043 0.074690 -0.017040 0.075837 -0.197921 -0.210739 -0.042336 0.054888 0.085961 0.085391 -0.004539 -0.148414 -0.135643 -0.253762 -0.029537 0.037373 -0.340896 -0.244086 -0.276626 -0.274861 -0.349744 -0.261757 -0.030355 -0.130080 0.035301 0.086818 -0.189913 -0.063290 -0.089638 0.085600 -0.022080 0.043095 0.063231 0.004028 -0.099379 -0.139166 -0.040446 -0.126583 0.074283 -0.036411 0.153580 0.072652 0.069011 -0.111264 0.138132 0.122122 -0.002617 0.018358 -0.128867 -0.119697 -0.042911 0.000586 -0.008831 -0.052284 -0.010097 -0.001511 0.117679 0.071252 0.007571 0.023346 0.223871 0.014310 0.143110 0.093710 0.348786 0.070071 0.151455 0.174010 -0.009397 0.201921 -0.043009 -0.089638 0.099849 0.163225 -0.108326 -0.184679 -0.175667 -0.175747 -0.101075 -0.090047 -0.143181 0.028112 -0.108374 -0.114192 0.018318 -0.040560 -0.186459 -0.163461 -0.110211 0.087351 -0.114448 -0.168944 0.056741 -0.052207 -0.240664 -0.103701
-0.125831 0.246066 -0.004161 -0.077694 0.234322 -0.339972 0.417515 0.417737 0.432756 0.293571 0.113005 0.263656 0.280626 1.000000 -0.185612 0.636601 0.026443 0.216263 -0.072817 0.020256 -0.426062 -0.099016 -0.017193 -0.339819 -0.029108 -0.353707 -0.010657 -0.284338 0.087606 0.280007 0.096148 -0.063820 -0.021457 0.193195 -0.053509 0.034719 -0.300444 -0.280897 -0.486926 -0.278705 -0.429650 -0.283723 -0.001502 -0.061002 -0.170757 -0.069288 -0.282277 -0.180338 -0.080536 0.019788 0.178421 -0.118099 0.156667 0.131577 -0.292516 -0.270744 -0.002480 -0.060419 0.104485 0.219544 0.386731 0.478744 0.054291 0.055839 -0.192287 0.052621 -0.101399 -0.048260 0.201430 0.210472 0.064225 0.181176 0.106210 0.114158 0.053773 0.128301 0.020392 0.084498 -0.008257 0.175522 -0.220890 0.148449 -0.223276 0.069810 -0.300288 -0.267577 -0.427790 -0.187148 -0.271854 -0.110666 0.010387 -0.074956 0.211839 0.042461 -0.223762 -0.327119 -0.218839 -0.164909 -0.167827 -0.182531 0.024169 -0.285584 -0.229293 -0.254843 -0.060795 -0.123202 0.100433 -0.115351 -0.171742 0.119733 -0.277371 -0.147407 -0.056228 -0.162525 -0.035316 -0.174074
0.154223 0.144315 -0.031961 0.159285 -0.011992 -0.169765 -0.166211 -0.437949 0.143081 -0.174178 0.083572 0.209893 0.301968 -0.185612 1.000000 0.041852 -0.117066 0.006346 0.467369 0.456449 0.099332 0.023662 -0.094503 0.385664 -0.254151 -0.147368 -0.090383 -0.063348 0.462548 0.187705 0.082745 0.105454 -0.175083 -0.229269 -0.318425 -0.339223 -0.081818 -0.099341 0.054612 0.027998 0.240993 0.069508 0.030957 -0.110489 -0.144165 -0.100004 -0.104966 -0.089004 0.102396 -0.037729 -0.047254 -0.197904 0.069065 0.155640 -0.036508 -0.045404 0.193202 0.106113 0.028188 -0.048361 -0.110560 -0.079233 0.442095 0.201016 -0.219770 -0.214533 -0.393130 -0.431332 -0.086689 -0.191867 0.190513 -0.017002 0.292412 0.067549 0.148442 0.135815 0.206298 0.071431 0.109928 -0.085150 0.359895 0.049912 0.566750 0.642117 0.318786 0.272812 0.377240 0.171189 -0.024982 0.060442 -0.158250 -0.053277 -0.086845 -0.029145 0.131725 -0.039617 -0.142207 -0.007431 -0.002921 0.192771 -0.068825 0.391739 -0.027654 -0.012318 -0.377972 -0.348755 -0.299313 -0.050035 -0.259439 -0.031882 -0.202391 -0.060203 -0.021387 -0.050779 -0.147984 -0.005942
-0.182195 0.110936 -0.099940 0.133170 0.389638 0.047084 0.353666 0.382641 0.641719 0.504644 -0.075179 0.373660 0.140394 0.636601 0.041852 1.000000 -0.196313 0.044585 -0.075006 0.020338 -0.076252 0.006164 0.136964 -0.274144 0.082021 -0.127416 0.285901 0.008953 0.057630 0.229216 -0.058461 -0.225381 0.003903 -0.062416 -0.013288 0.081720 -0.146249 -0.105152 -0.155775 -0.003178 -0.213771 -0.105158 -0.146023 -0.233284 -0.118412 -0.067793 -0.214044 -0.251078 -0.095607 0.016676 0.062107 -0.110211 0.228354 0.159561 -0.127603 -0.178512 -0.015234 -0.129788 0.060783 0.280087 0.490068 0.526548 0.065558 -0.046377 0.017447 0.326843 -0.072324 -0.042178 0.065531 0.203472 -0.161394 -0.064454 -0.109310 -0.154161 -0.153063 -0.131412 -0.131478 -0.209250 -0.128660 -0.096623 -0.244002 -0.117248 -0.142161 0.121690 -0.192816 -0.235738 -0.384897 -0.147950 -0.182403 0.089361 0.279306 0.066070 0.490199 0.156861 -0.095092 -0.064783 -0.315978 -0.244601 -0.048064 -0.198579 0.023628 -0.155396 -0.144314 -0.196718 -0.180276 -0.143857 0.066558 -0.104488 -0.073533 -0.068736 -0.402102 -0.264219 -0.027294 -0.209646 -0.019958 -0.172411
0.622131 0.367763 -0.220385 -0.314126 -0.299171 -0.290048 -0.286921 -0.183323 -0.264939 -0.276131 0.458027 0.042289 -0.128833 0.026443 -0.117066 -0.196313 1.000000 0.757271 -0.075960 0.222926 -0.014244 -0.487404 -0.411656 -0.339701 -0.337750 -0.424013 0.132468 -0.311094 0.482587 0.531590 0.025565 0.037861 -0.474453 -0.046404 -0.368127 -0.288015 0.047805 0.162517 -0.023031 -0.313736 0.069273 0.253740 0.148358 0.248952 0.004589 -0.202933 0.082376 0.260503 0.244216 -0.353250 0.064855 -0.238024 0.003472 0.345481 -0.171843 -0.028182 0.175425 0.510202 -0.224961 -0.345515 -0.327405 -0.244047 0.041438 0.579111 -0.571955 -0.337934 -0.469700 -0.424228 0.056238 -0.192065 0.303249 -0.008782 0.576872 0.506317 0.667601 0.357796 0.526341 0.529665 0.709420 0.721938 0.421802 0.793927 0.274450 0.114799 -0.169319 0.000622 -0.236284 -0.366690 -0.356983 -0.653183 -0.279878 -0.402777 -0.226596 -0.344153 -0.221379 -0.036620 -0.087078 -0.158502 0.269315 0.113053 0.319689 0.027134 0.059287 0.036465 -0.145034 -0.091631 -0.101131 -0.184197 -0.220624 0.171042 -0.001339 0.333493 -0.039110 -0.150856 -0.189341 -0.118399
0.450861 0.501411 -0.307388 -0.005378 -0.377660 -0.386718 -0.291410 -0.192104 -0.185614 -0.219599 0.564810 0.148441 -0.051703 0.216263 0.006346 0.044585 0.757271 1.000000 -0.016092 0.341907 -0.128560 -0.500476 -0.513032 -0.227741 -0.516148 -0.556876 0.026718 -0.434872 0.631250 0.709115 -0.041282 -0.017321 -0.447155 -0.151158 -0.549423 -0.464862 0.067075 0.196929 -0.015958 -0.189932 0.119995 0.150144 0.145691 0.230547 -0.137199 -0.170617 -0.040413 0.176106 0.244931 -0.231862 0.108141 -0.257086 -0.067267 0.352438 -0.184471 -0.003136 0.323306 0.543530 -0.220446 -0.225422 -0.142740 0.036265 0.306481 0.748668 -0.656192 -0.368389 -0.657438 -0.595792 0.118013 -0.149400 0.234951 -0.056715 0.630508 0.457101 0.593146 0.290229 0.493167 0.496203 0.567302 0.656525 0.272726 0.675587 0.254250 0.304884 -0.177204 0.034526 -0.308244 -0.333880 -0.422905 -0.567775 -0.261002 -0.483823 -0.147427 -0.418724 -0.090365 0.000112 -0.095945 -0.164065 0.286673 0.089620 0.397045 0.040103 0.069883 -0.007457 -0.187672 -0.178062 -0.223124 -0.174239 -0.289320 0.157424 -0.177169 0.191411 -0.074191 -0.094769 -0.077330 -0.091962
0.263752 0.049839 0.313845 0.078789 0.039248 -0.349088 -0.002732 -0.383884 0.102972 -0.228009 0.238801 -0.200646 -0.010233 -0.072817 0.467369 -0.075006 -0.075960 -0.016092 1.000000 0.688423 0.025646 -0.012611 -0.140462 0.001465 -0.151249 -0.204035 -0.115240 -0.170147 0.353145 0.003379 0.113359 0.015245 0.287269 0.012328 -0.377431 -0.465259 -0.132668 -0.409025 -0.043985 -0.121714 0.149904 -0.003442 -0.046678 -0.143589 -0.346230 -0.268223 -0.357145 -0.390097 -0.022837 -0.028538 0.135772 -0.054871 0.065377 0.096178 -0.154032 -0.012164 0.353918 0.180635 0.247188 0.088059 0.016961 -0.011101 0.491837 0.264222 -0.164978 -0.421915 -0.273915 -0.355996 0.561956 0.469236 0.462887 0.144671 0.370328 0.277064 0.229284 0.330663 0.367682 0.200180 0.169323 -0.006591 0.150896 0.097082 0.414732 0.277300 -0.050704 0.039266 0.268644 0.090735 -0.106865 0.013919 -0.358607 -0.053575 -0.375187 0.017081 -0.043408 -0.228484 -0.166930 0.069662 -0.181623 0.363993 -0.230519 0.394044 0.061764 0.097483 -0.334384 -0.455581 -0.177774 0.255211 -0.191156 -0.173505 -0.268480 -0.065035 -0.179480 -0.061175 0.123536 -0.000704
0.360775 0.321733 -0.142254 0.206022 -0.114798 -0.349016 -0.336630 -0.448735 -0.043231 -0.230247 0.199808 -0.041098 -0.103370 0.020256 0.456449 0.020338 0.222926 0.341907 0.688423 1.000000 0.022409 -0.194892 -0.287427 0.030687 -0.346612 -0.373749 -0.086874 -0.284546 0.472098 0.288222 0.097112 0.046995 -0.002387 0.057158 -0.548109 -0.494479 0.035228 -0.068147 -0.025828 -0.043869 0.320851 0.145428 -0.040085 -0.019073 -0.243047 -0.147857 -0.149897 -0.072522 0.258876 -0.169410 0.005337 -0.317490 0.038423 0.238115 -0.090504 -0.017516 0.253518 0.360932 -0.151920 -0.075308 -0.233125 -0.034458 0.429529 0.504282 -0.540923 -0.420357 -0.561475 -0.562353 0.400765 0.316086 0.422838 0.090535 0.486223 0.361447 0.352297 0.431536 0.291540 0.337490 0.243432 0.110169 0.139098 0.304714 0.440113 0.540430 -0.236756 0.117529 0.047071 -0.077471 -0.281631 -0.266735 -0.209351 -0.194678 -0.219318 -0.238447 -0.101485 -0.144662 -0.121344 -0.138311 0.115751 0.204096 0.090953 0.314959 0.204492 0.085009 -0.330271 -0.366169 -0.096316 0.014233 -0.182279 -0.180956 -0.179112 -0.014893 -0.155477 -0.082795 -0.055285 0.068958
0.096308 -0.211184 0.002795 -0.090446 -0.053345 0.315895 -0.298296 -0.363872 -0.152975 -0.229492 -0.206738 -0.174834 -0.290043 -0.426062 0.099332 -0.076252 -0.014244 -0.128560 0.025646 0.022409 1.000000 0.205713 -0.015441 0.062493 0.164374 0.414642 0.472438 0.319239 -0.032099 0.088995 0.056596 0.135208 -0.044608 -0.085796 0.021403 -0.118791 0.120523 0.289275 0.496844 0.237115 0.293217 0.627861 -0.171862 -0.290548 -0.095867 -0.217286 0.076687 -0.099705 -0.166568 -0.028910 -0.088646 0.069648 -0.029592 -0.059642 0.165958 0.055667 0.110547 0.103698 -0.001511 0.005736 -0.275793 -0.243065 -0.099009 0.026346 0.000124 -0.134516 -0.035868 -0.103659 -0.067955 0.002292 0.141916 0.024299 -0.111794 0.088456 -0.136559 0.024135 -0.101291 -0.124360 0.067855 -0.131822 0.072597 -0.136784 0.043947 -0.209489 0.160805 0.249702 0.113419 -0.137785 0.240654 0.004768 0.028751 0.228769 0.057839 0.141211 0.060204 0.213028 -0.046379 -0.117086 0.055033 -0.060933 0.044056 0.173404 0.076786 0.199863 -0.022998 0.026812 0.018105 0.112732 -0.108893 -0.096571 -0.140378 -0.168194 -0.004582 -0.076504 0.091864 0.057683
-0.415751 -0.271706 -0.120133 0.218205 -0.162995 0.448326 -0.078041 -0.043174 0.026470 0.077787 -0.430828 0.025333 0.074690 -0.099016 0.023662 0.006164 -0.487404 -0.500476 -0.012611 -0.194892 0.205713 1.000000 0.335478 0.334815 0.262193 0.626879 -0.275048 0.673482 -0.208462 -0.230600 0.096877 0.298024 0.290933 0.163954 0.449885 0.343566 -0.093201 0.012665 0.018917 0.254284 -0.111905 0.117970 -0.106067 -0.249896 -0.040704 -0.007774 0.162114 -0.139811 -0.249441 0.078103 -0.093072 0.150379 0.338536 -0.149566 0.154287 -0.173076 -0.273149 -0.375361 -0.133906 0.050146 -0.102643 -0.065903 -0.127186 -0.344590 0.372308 0.193396 0.169104 0.131778 0.016194 0.042225 -0.062746 0.362387 -0.360319 -0.097680 -0.451728 -0.012413 -0.346004 -0.209363 -0.313939 -0.301981 -0.165714 -0.336597 -0.053985 -0.171493 0.244354 0.131495 0.231543 0.448680 0.241172 0.521864 0.162022 0.147595 0.106416 0.094817 0.174669 0.027593 0.071942 0.030043 -0.294120 -0.311353 -0.451606 -0.346733 -0.388340 -0.357564 0.024754 0.013998 -0.176557 -0.035716 0.247895 0.087227 0.045626 -0.192510 -0.132555 0.172553 0.226020 0.011600
-0.437231 -0.513514 0.178414 0.200076 0.391648 0.494694 0.390410 0.256441 0.399000 0.224257 -0.494182 -0.022501 -0.017040 -0.017193 -0.094503 0.136964 -0.411656 -0.513032 -0.140462 -0.287427 -0.015441 0.335478 1.000000 0.377328 0.596868 0.552772 0.045670 0.528779 -0.464223 -0.483404 0.197761 0.085455 0.274423 0.107378 0.569381 0.455223 -0.118714 -0.237781 -0.119734 0.012924 -0.248323 -0.260586 -0.191163 -0.230544 0.106675 0.104623 0.037721 -0.158986 -0.262609 0.027637 -0.114727 0.213414 0.124585 -0.122499 -0.032513 -0.143427 -0.440466 -0.521074 -0.109988 -0.066952 0.227323 -0.095933 -0.257273 -0.484922 0.594504 0.411654 0.432689 0.332204 -0.235679 -0.022982 -0.202589 0.081305 -0.447664 -0.383601 -0.409194 -0.224618 -0.376896 -0.369915 -0.448166 -0.308409 -0.428071 -0.335528 -0.312520 -0.204217 0.069924 -0.172391 0.041388 0.036175 0.157438 0.286430 0.275991 0.481333 0.226607 0.338158 -0.028719 -0.121310 -0.076311 -0.023564 -0.177155 -0.109346 -0.036974 -0.131623 -0.059739 -0.200463 0.047423 0.164847 0.112061 -0.047775 0.183112 -0.087821 0.075195 -0.094521 -0.087687 0.077497 0.010543 0.090221
-0.276037 -0.275512 -0.204332 0.619545 -0.139918 0.353307 -0.313566 -0.182251 -0.182879 -0.039426 -0.293786 0.144385 0.075837 -0.339819 0.385664 -0.274144 -0.339701 -0.227741 0.001465 0.030687 0.062493 0.334815 0.377328 1.000000 0.075435 0.400705 -0.281374 0.325977 -0.134037 -0.146937 0.133695 0.436358 -0.030019 -0.008136 0.200413 0.016800 0.150186 0.184715 0.071381 0.213820 0.206408 0.011511 -0.011049 0.017646 -0.086993 0.028248 0.137014 0.034057 -0.132657 0.096744 -0.119783 0.107554 0.008276 -0.063932 0.042323 -0.037069 -0.192635 -0.213049 -0.304341 -0.188133 -0.315788 -0.266023 0.175655 -0.105723 0.163008 0.104905 -0.110484 -0.134676 -0.312147 -0.305813 0.026753 0.224171 -0.049563 -0.134856 -0.123271 0.025950 -0.194595 -0.051370 -0.280020 -0.184909 -0.078578 -0.298519 -0.008260 0.277008 0.527974 0.233250 0.529898 0.186949 0.190828 0.267153 0.151520 0.198231 -0.003989 -0.109380 0.031059 -0.053735 -0.005951 -0.086100 -0.108448 -0.177295 -0.034266 0.104475 -0.110043 -0.109200 -0.094013 0.185921 -0.230354 -0.161415 -0.000403 -0.063902 0.005071 -0.197282 -0.143097 -0.036033 0.078345 0.004571
-0.325433 -0.571742 0.345410 -0.094069 0.561189 0.413236 0.392587 0.398446 0.259602 0.528797 -0.473504 -0.058142 -0.197921 -0.029108 -0.254151 0.082021 -0.337750 -0.516148 -0.151249 -0.346612 0.164374 0.262193 0.596868 0.075435 1.000000 0.586721 0.172670 0.268045 -0.510223 -0.452719 0.342148 0.144259 0.293032 0.238098 0.540841 0.462217 -0.119923 -0.260612 -0.138813 -0.071824 -0.228806 -0.092376 -0.155811 -0.198565 0.147000 0.031719 0.036895 -0.193357 -0.262513 0.042866 -0.084694 0.128655 0.067044 -0.145684 -0.140077 -0.206878 -0.326318 -0.552297 0.030623 0.013078 0.288861 0.003188 -0.282924 -0.491494 0.438906 0.367240 0.566131 0.423910 -0.140437 0.106311 -0.095969 0.041309 -0.460820 -0.282113 -0.386330 -0.199973 -0.412799 -0.381841 -0.402825 -0.363719 -0.342136 -0.369677 -0.311156 -0.308744 -0.020185 -0.133477 -0.080415 -0.092194 0.086054 0.116691 0.377429 0.533049 0.355499 0.435076 -0.160824 -0.147114 -0.180635 -0.109502 -0.244933 -0.207919 -0.155245 -0.170807 -0.146495 -0.109959 0.154709 0.187080 0.247154 -0.089987 0.140683 -0.248124 0.109190 -0.110887 0.037896 -0.034498 -0.182227 -0.068884
-0.383025 -0.555263 -0.052496 0.164136 0.005176 0.757065 -0.055669 -0.021066 -0.015825 0.085803 -0.571441 -0.199531 -0.210739 -0.353707 -0.147368 -0.127416 -0.424013 -0.556876 -0.204035 -0.373749 0.414642 0.626879 0.552772 0.400705 0.586721 1.000000 -0.024900 0.737136 -0.473343 -0.420867 0.046000 0.257412 0.333823 0.186647 0.631580 0.448617 0.140676 0.173140 0.229497 0.344698 0.070841 0.204818 -0.090420 -0.230546 0.076259 -0.058490 0.264421 -0.052449 -0.323784 -0.014821 -0.143220 0.171142 0.110435 -0.270805 0.107868 -0.074245 -0.367976 -0.438144 -0.117518 -0.088616 -0.149400 -0.318650 -0.310676 -0.439289 0.535814 0.210612 0.385682 0.278570 -0.139392 -0.058865 -0.222221 0.102492 -0.474418 -0.343263 -0.458212 -0.239533 -0.468298 -0.330826 -0.386597 -0.319937 -0.271966 -0.394013 -0.176958 -0.369593 0.224586 0.014018 0.223970 0.116234 0.322999 0.358434 0.312740 0.423615 0.185579 0.237809 0.146025 0.169665 0.045289 -0.003127 -0.095615 -0.216991 -0.206642 -0.188212 -0.176312 -0.176612 0.163940 0.287758 0.017032 -0.054697 0.222332 -0.054373 0.221521 -0.082263 0.020555 0.179580 0.099332 0.060468
0.167137 -0.017330 0.182502 -0.204797 0.378541 0.226439 0.170463 0.093587 0.134248 0.065903 0.056495 0.089404 -0.042336 -0.010657 -0.090383 0.285901 0.132468 0.026718 -0.115240 -0.086874 0.472438 -0.275048 0.045670 -0.281374 0.172670 -0.024900 1.000000 0.091532 0.009171 0.163085 0.016522 -0.135704 -0.175517 -0.258921 -0.079270 -0.082384 -0.062609 -0.012213 0.244523 -0.187283 -0.065483 0.214574 -0.100433 -0.217037 0.032930 -0.142325 -0.137902 -0.107146 -0.070669 -0.132116 -0.115259 -0.061267 -0.004245 0.073651 0.054332 -0.001751 0.092982 0.063645 0.066251 -0.007254 0.143568 0.041002 -0.144269 -0.012372 -0.001803 0.118631 0.055317 0.010170 -0.145076 0.017719 0.027907 -0.238647 -0.061981 0.051926 0.045989 -0.108437 0.084950 -0.116931 0.176935 -0.054995 0.108116 0.000461 -0.012941 -0.164180 -0.060887 -0.003680 -0.135779 -0.273264 0.044731 -0.193271 0.115237 0.096241 0.269691 0.228080 -0.269116 -0.005167 -0.325498 -0.330618 0.048363 -0.095295 0.184171 0.163542 0.124642 0.231052 -0.080717 0.063142 0.048247 -0.118140 -0.136314 -0.111952 -0.291249 -0.238915 0.068749 -0.312952 -0.245000 0.048327
-0.295544 -0.340140 -0.198360 0.254222 -0.060513 0.780183 -0.115417 -0.152360 0.093745 0.006702 -0.358541 -0.039986 0.054888 -0.284338 -0.063348 0.008953 -0.311094 -0.434872 -0.170147 -0.284546 0.319239 0.673482 0.528779 0.325977 0.268045 0.737136 0.091532 1.000000 -0.264845 -0.263804 -0.157053 0.019672 0.223724 -0.073471 0.550927 0.368144 0.084672 0.202563 0.229484 0.223568 -0.055762 0.114855 -0.029901 -0.189156 0.126911 -0.013260 0.260658 -0.008275 -0.194017 -0.036166 -0.160989 0.171108 0.360211 -0.035315 0.258235 -0.054145 -0.241525 -0.227818 -0.182751 -0.060608 -0.198889 -0.253290 -0.294206 -0.248192 0.473651 0.210641 0.210611 0.124284 -0.147029 -0.063578 -0.220274 0.101981 -0.383019 -0.250607 -0.401602 -0.181660 -0.304948 -0.227415 -0.163070 -0.260633 -0.115301 -0.237446 -0.014877 -0.324144 0.322572 0.055263 0.278867 0.326287 0.365960 0.474417 0.231829 0.226497 0.158005 0.095732 0.050621 0.090121 -0.016343 -0.179909 -0.047594 -0.280883 -0.252862 -0.194667 -0.131153 -0.195041 0.028999 0.169016 -0.095992 -0.129751 0.222575 0.111982 0.041064 -0.209673 -0.013718 0.101399 0.046556 0.078278
0.481271 0.415031 -0.202086 -0.124790 -0.289154 -0.447239 -0.272932 -0.485901 -0.018298 -0.378056 0.514197 0.263156 0.085961 0.087606 0.462548 0.057630 0.482587 0.631250 0.353145 0.472098 -0.032099 -0.208462 -0.464223 -0.134037 -0.510223 -0.473343 0.009171 -0.264845 1.000000 0.682616 0.035185 0.103106 -0.245103 -0.146885 -0.569483 -0.523696 0.032886 0.070281 0.124201 -0.172186 0.256142 0.130506 0.268092 0.221959 -0.069814 -0.109851 -0.152149 0.064537 0.258716 -0.329114 -0.045678 -0.325620 -0.018796 0.363056 -0.108915 -0.034895 0.393584 0.405077 -0.105420 -0.224437 -0.177914 -0.096361 0.418173 0.641488 -0.566283 -0.441567 -0.672131 -0.636217 0.150764 -0.143001 0.392028 0.004237 0.793667 0.494605 0.654992 0.439669 0.689858 0.498999 0.658818 0.519144 0.538825 0.643741 0.549350 0.482278 -0.054790 0.163933 -0.018687 -0.093497 -0.324222 -0.434443 -0.503023 -0.509814 -0.319068 -0.395427 0.008466 0.013727 -0.170720 -0.074130 0.057186 0.248455 0.036894 0.233926 -0.041132 -0.029606 -0.513040 -0.490231 -0.452301 -0.014857 -0.387170 0.221310 -0.286456 0.074354 -0.038317 -0.120755 -0.051716 -0.081114
0.257111 0.375579 -0.344574 -0.013688 -0.301722 -0.275555 -0.292406 -0.211656 -0.171006 -0.157518 0.423288 0.402350 0.085391 0.280007 0.187705 0.229216 0.531590 0.709115 0.003379 0.288222 0.088995 -0.230600 -0.483404 -0.146937 -0.452719 -0.420867 0.163085 -0.263804 0.682616 1.000000 0.080990 0.211328 -0.400756 -0.068070 -0.469557 -0.430654 -0.112650 0.199583 0.020851 -0.222709 0.055783 0.295936 0.164255 0.196485 -0.128242 -0.147946 -0.138961 0.126936 0.233479 -0.198145 0.086106 -0.198881 -0.020755 0.338719 -0.154350 -0.066167 0.261828 0.315463 -0.217526 -0.235615 -0.202800 0.012301 0.302098 0.573869 -0.633986 -0.240524 -0.652212 -0.582670 0.104190 -0.116011 0.283438 0.082421 0.581287 0.539053 0.499639 0.462604 0.464977 0.525007 0.590866 0.537644 0.404939 0.505780 0.249279 0.420144 -0.030912 0.217832 -0.219337 -0.216375 -0.407013 -0.426384 -0.260385 -0.498940 -0.077345 -0.431706 -0.128017 0.027296 -0.278036 -0.295116 0.117569 -0.067436 0.154514 0.004038 -0.115332 -0.098791 -0.365044 -0.229562 -0.369550 -0.314753 -0.349993 0.202926 -0.391041 -0.069812 -0.030480 -0.294582 -0.142406 -0.152941
-0.053919 -0.220662 0.280509 -0.059708 0.180577 -0.110059 0.052751 0.125346 -0.074052 0.106393 -0.110082 0.147415 -0.004539 0.096148 0.082745 -0.058461 0.025565 -0.041282 0.113359 0.097112 0.056596 0.096877 0.197761 0.133695 0.342148 0.046000 0.016522 -0.157053 0.035185 0.080990 1.000000 0.566784 -0.044900 0.279730 -0.000472 0.030517 -0.213536 -0.349545 -0.331722 -0.329534 -0.133120 0.059889 0.004889 0.024765 0.021573 -0.041021 -0.004385 -0.107152 0.002579 -0.174589 -0.053863 0.032672 -0.032761 -0.068260 -0.436862 -0.424022 -0.193882 -0.281612 -0.244539 -0.356896 -0.075470 -0.139594 0.067273 -0.089175 -0.119068 0.133943 0.042163 -0.016193 0.018961 0.003720 0.290389 0.248049 0.097804 0.291362 0.048736 0.273402 0.006423 0.081771 -0.103598 0.018570 0.018691 0.034780 -0.006650 0.231086 -0.099114 0.234860 -0.175697 -0.169315 -0.399560 -0.237036 -0.006527 -0.068543 -0.032362 -0.080018 -0.220271 -0.405887 -0.247936 -0.056045 -0.281554 -0.076749 0.028887 -0.012023 -0.174838 -0.075379 -0.173112 -0.025955 -0.102219 -0.319342 -0.021600 -0.061336 0.059736 -0.093309 -0.279513 -0.157369 -0.213716 -0.162773
-0.109138 -0.317104 -0.115872 0.140521 -0.208018 -0.000919 -0.210649 -0.024746 -0.353659 -0.081421 -0.272268 0.096234 -0.148414 -0.063820 0.105454 -0.225381 0.037861 -0.017321 0.015245 0.046995 0.135208 0.298024 0.085455 0.436358 0.144259 0.257412 -0.135704 0.019672 0.103106 0.211328 0.566784 1.000000 -0.012990 0.510513 0.080593 -0.007541 -0.095021 -0.042252 -0.139527 -0.128857 0.004714 0.127153 -0.012889 0.054715 -0.003213 -0.084995 0.041498 -0.042775 0.036179 -0.141314 -0.124857 0.000938 -0.100244 -0.069421 -0.280347 -0.351739 -0.220413 -0.239242 -0.285431 -0.322604 -0.276626 -0.194912 0.030600 -0.054362 -0.154760 0.090207 -0.142581 -0.135962 0.025059 -0.095229 0.308369 0.431839 0.143575 0.331924 0.112978 0.393223 0.066064 0.291023 -0.020651 0.142259 -0.030416 -0.022424 0.017536 0.252392 0.131143 0.138105 0.080475 -0.002681 -0.156856 -0.219638 -0.011929 -0.079802 -0.150731 -0.253270 -0.140192 -0.278943 -0.225230 -0.094234 -0.312242 -0.222042 -0.110057 -0.110769 -0.297464 -0.216646 -0.324446 -0.031615 -0.265539 -0.194167 -0.029638 0.112800 -0.043698 -0.099413 -0.322773 -0.156536 0.029956 0.037154
-0.351279 -0.219287 0.132351 -0.007317 0.088348 0.118250 0.247861 0.015819 0.125908 0.041479 -0.311311 -0.185722 -0.135643 -0.021457 -0.175083 0.003903 -0.474453 -0.447155 0.287269 -0.002387 -0.044608 0.290933 0.274423 -0.030019 0.293032 0.333823 -0.175517 0.223724 -0.245103 -0.400756 -0.044900 -0.012990 1.000000 0.461855 0.370247 0.319817 0.003432 -0.197310 0.067645 0.170998 0.004987 -0.190242 -0.019952 -0.122819 0.178860 0.154604 -0.158072 -0.299803 -0.076698 -0.086854 -0.162613 0.057557 -0.173940 -0.408964 -0.084502 -0.000955 -0.176164 -0.323107 0.023462 0.073982 0.250826 0.004339 0.070891 -0.219434 0.532646 0.195326 0.410374 0.398443 0.416363 0.505160 -0.129308 -0.019352 -0.281429 -0.229179 -0.347844 -0.080621 -0.095479 -0.096976 -0.205147 -0.235113 -0.317946 -0.301400 -0.165267 -0.286108 -0.124696 -0.119049 0.047340 0.031581 0.037063 0.182498 -0.099033 0.100377 -0.117031 0.130774 0.150680 0.106323 0.048225 0.215224 -0.355167 0.033698 -0.372818 -0.128116 -0.173538 -0.199178 -0.020115 -0.106518 -0.070149 0.334009 0.233680 -0.096661 0.062033 -0.081442 -0.058496 0.125796 0.271777 0.209369
-0.244634 -0.289617 -0.148173 -0.049307 -0.016601 -0.161530 0.048909 0.147932 -0.102075 0.026861 -0.380768 -0.117815 -0.253762 0.193195 -0.229269 -0.062416 -0.046404 -0.151158 0.012328 0.057158 -0.085796 0.163954 0.107378 -0.008136 0.238098 0.186647 -0.258921 -0.073471 -0.146885 -0.068070 0.279730 0.510513 0.461855 1.000000 0.387768 0.431754 -0.061850 -0.156404 -0.236518 -0.077846 -0.070670 -0.134216 -0.099162 -0.101297 0.156633 0.034316 0.102068 -0.107621 0.115390 -0.167020 -0.162288 -0.128267 -0.020598 -0.262569 -0.256882 -0.287376 -0.348538 -0.293346 -0.193887 -0.126110 -0.066048 -0.011009 -0.158126 -0.169384 -0.056394 0.180506 0.228752 0.272008 0.202605 0.209575 0.094072 0.327751 -0.069573 0.005484 -0.132667 0.160662 -0.097224 0.162785 -0.161630 -0.040042 -0.364483 -0.114290 -0.194297 -0.057455 -0.340041 -0.290701 -0.206348 -0.207911 -0.071054 -0.205884 0.050126 0.021592 -0.020222 -0.090702 0.057178 -0.090842 -0.081865 0.066307 -0.279152 -0.172682 -0.161979 -0.314798 -0.246251 -0.269288 -0.087893 -0.017842 0.044868 -0.019848 0.237392 0.111022 0.187422 0.052748 -0.130820 0.019812 0.023718 0.232920
-0.434286 -0.421399 -0.046532 0.052914 0.172978 0.486096 0.196623 0.276001 0.155493 0.249659 -0.576760 -0.044037 -0.029537 -0.053509 -0.318425 -0.013288 -0.368127 -0.549423 -0.377431 -0.548109 0.021403 0.449885 0.569381 0.200413 0.540841 0.631580 -0.079270 0.550927 -0.569483 -0.469557 -0.000472 0.080593 0.370247 0.387768 1.000000 0.849017 -0.079511 -0.045659 -0.075190 0.067176 -0.306962 -0.124222 0.097739 -0.128823 0.386826 0.195910 0.328891 -0.016923 -0.150199 -0.019918 -0.200933 0.027725 0.219151 -0.248667 -0.051757 -0.233511 -0.492977 -0.478174 -0.109202 -0.004158 0.068345 -0.068556 -0.416266 -0.524443 0.582368 0.462149 0.667374 0.564333 -0.185957 -0.093692 -0.242024 0.188716 -0.545732 -0.394005 -0.484157 -0.276649 -0.360297 -0.229414 -0.388405 -0.297870 -0.316913 -0.333064 -0.328841 -0.477216 0.183470 -0.225312 0.035247 0.023684 0.297333 0.253055 0.284814 0.311799 0.217265 0.233140 0.008679 0.053879 -0.026758 -0.071980 -0.258087 -0.433111 -0.279028 -0.476244 -0.331540 -0.372126 0.125222 0.269692 0.061377 -0.077296 0.214316 0.084310 0.219493 -0.107690 0.022598 0.034692 0.010392 0.023572
-0.438135 -0.284955 -0.086128 -0.028566 0.221787 0.376339 0.257025 0.368234 0.169430 0.311927 -0.532443 0.092971 0.037373 0.034719 -0.339223 0.081720 -0.288015 -0.464862 -0.465259 -0.494479 -0.118791 0.343566 0.455223 0.016800 0.462217 0.448617 -0.082384 0.368144 -0.523696 -0.430654 0.030517 -0.007541 0.319817 0.431754 0.849017 1.000000 -0.027984 -0.031973 -0.094019 0.078272 -0.262328 -0.189037 0.023797 -0.153746 0.431596 0.231067 0.315687 0.071698 -0.083137 -0.128349 -0.390152 -0.077662 0.157403 -0.246098 0.014991 -0.185783 -0.590086 -0.493478 -0.218806 -0.048141 0.166974 0.057730 -0.505875 -0.541642 0.519551 0.578653 0.670609 0.648684 -0.263114 -0.069356 -0.369968 0.065056 -0.531782 -0.412576 -0.454694 -0.289220 -0.324150 -0.175925 -0.343322 -0.322482 -0.277763 -0.301676 -0.295552 -0.340384 -0.034751 -0.234415 -0.122608 -0.026320 0.228525 0.187619 0.262498 0.106499 0.297821 0.195543 0.119535 0.167795 0.035303 -0.003827 -0.280438 -0.412751 -0.253622 -0.551363 -0.291082 -0.433476 0.196012 0.245745 0.091608 -0.123463 0.383805 0.090361 0.358153 -0.030753 0.074104 0.078359 -0.083127 0.135370
