1.000000 0.522192 -0.076966 -0.119460 -0.261899 0.017841 -0.278482 -0.375067 -0.294497 -0.195388 0.095092 -0.088913 0.162332 -0.203627 0.017368 -0.231075 -0.101759 -0.081389 0.505655 0.258004 -0.162567 -0.255605 -0.009966 0.014253 -0.456479 -0.437705 -0.010324 0.163085 -0.082343 -0.200295 -0.155429 -0.274040 -0.177464 -0.298836 -0.158854 -0.266438 -0.102241 -0.072261 0.104989 0.106007 0.051552 0.150842 0.084106 0.160762 -0.098728 -0.046503 0.051672 -0.034362 0.037671 -0.053681 0.128385 0.037929 -0.026012 -0.103071 0.137245 0.119352 0.480203 0.286178 0.214251 0.147877 0.103445 -0.135293 0.034967 0.036566 -0.287822 -0.128981 -0.155187 -0.165673 0.155496 0.038637 0.175799 -0.083316 0.004734 0.032787 0.176902 0.060864 0.029307 -0.112512 0.047656 -0.056311 -0.024821 -0.017270 0.084483 0.078151 0.002119 0.034425 0.104485 0.061449 0.067744 0.139890 -0.032538 -0.097449 -0.181153 -0.102142 0.014693 0.067425 0.127360 0.098105 0.083874 0.185723 -0.055285 0.102229 0.091399 0.198593 0.236726 0.035366 0.128923 0.158181 -0.001763 0.344126 0.046769 0.054947 -0.169204 0.143731 0.046230 0.068117
0.522192 1.000000 -0.216980 -0.221827 -0.179076 -0.118145 -0.280777 -0.318546 -0.280115 -0.211409 0.191547 0.034359 0.181721 -0.133056 -0.108338 -0.174672 0.061449 0.217694 0.183512 0.409671 -0.098453 -0.204910 -0.195256 -0.058912 -0.192477 -0.272622 -0.019794 -0.039630 0.033119 0.019717 -0.004216 -0.065103 0.058457 0.059444 -0.261423 -0.317566 -0.257656 -0.201172 -0.124224 -0.023635 0.030122 0.080302 -0.003561 0.081429 -0.079366 0.008310 0.057861 0.042697 -0.025929 -0.092016 0.011791 0.018361 -0.063448 -0.182140 -0.123112 -0.111597 0.260423 0.516946 -0.005457 0.110762 0.109983 0.045091 0.152567 0.305614 -0.101010 -0.070577 -0.242615 -0.179692 0.201893 0.195087 0.020932 -0.147482 0.034433 0.034954 0.149365 0.059601 -0.100148 -0.126767 0.133138 0.186344 0.167069 0.192309 0.027716 0.169970 0.140176 0.033112 0.037203 0.144514 -0.138957 -0.150117 -0.135945 -0.307206 -0.275193 -0.278376 -0.172674 -0.003177 -0.016822 -0.089750 0.127072 -0.121732 -0.026655 -0.065988 -0.005718 -0.046694 -0.007500 -0.070308 -0.034982 0.110134 -0.237332 0.066285 -0.129558 0.154540 -0.131914 0.034136 -0.089032 -0.105377
-0.076966 -0.216980 1.000000 0.593040 0.391296 0.115058 0.481598 0.233753 0.246946 0.164004 -0.128121 -0.233730 -0.164093 -0.316390 -0.057737 -0.060092 -0.375026 -0.379923 0.301795 0.334811 -0.100185 0.047762 0.463572 0.411780 0.294812 0.150608 0.157368 0.169977 -0.255363 -0.422409 0.134236 0.015778 -0.224152 -0.261559 0.100406 0.159488 -0.108020 -0.256834 -0.353432 -0.357051 -0.425007 -0.433499 0.127541 -0.108100 -0.114237 -0.118885 -0.024765 0.044092 -0.131737 -0.132634 -0.234629 -0.120101 0.094153 0.449860 -0.128336 0.076445 -0.202055 -0.205107 0.073533 -0.062293 -0.066489 -0.198201 -0.295406 -0.325844 -0.082052 -0.099650 0.074662 -0.152592 0.146289 0.162127 0.181854 0.169593 -0.324193 -0.299716 -0.274701 -0.160810 -0.117488 -0.024476 -0.170284 -0.081333 -0.122040 -0.085682 0.099956 0.015024 -0.104539 -0.049780 -0.452580 -0.274946 0.232877 0.197874 0.250707 0.284830 0.086954 0.330357 0.255460 -0.336140 0.023188 0.083763 -0.097024 0.039856 -0.023466 0.085342 0.236313 0.288303 0.121489 -0.083884 0.358503 -0.305714 0.349523 -0.096301 0.197690 -0.010052 -0.050542 0.003867 0.249511 0.271442
-0.119460 -0.221827 0.593040 1.000000 -0.029440 0.036850 0.278374 0.329738 -0.002907 0.171956 -0.149112 -0.026353 -0.384725 -0.233664 -0.198682 0.112778 -0.374964 -0.416681 -0.009885 0.095178 -0.027588 -0.027292 0.472126 0.445745 0.055685 0.150425 -0.015689 0.179084 -0.575044 -0.533157 -0.018762 0.049488 -0.300986 -0.255097 -0.024204 0.046006 -0.132726 -0.126837 -0.219946 -0.097859 -0.397095 -0.320124 0.291564 0.110482 -0.118135 0.061204 -0.055449 0.031829 -0.145508 -0.002820 -0.095615 -0.011014 -0.079527 0.177533 0.003532 0.028968 -0.311075 -0.261753 -0.083288 0.117045 -0.080815 0.037721 -0.333610 -0.344128 0.131551 0.321523 -0.115318 0.058560 -0.096209 0.019968 -0.027690 0.111849 -0.424431 -0.334275 -0.228831 -0.181655 -0.089813 0.059053 -0.186224 -0.128249 -0.349611 -0.296901 -0.131350 0.047218 -0.029864 0.187197 -0.118443 0.021303 0.496220 0.431519 0.379964 0.229697 0.372300 0.203022 0.132785 -0.030773 0.081135 0.075764 -0.004187 0.034345 0.114116 0.028025 0.204410 0.046718 0.169643 0.120335 0.222729 -0.014156 0.173791 -0.025634 0.102277 -0.018088 0.102452 0.168689 0.158253 0.078637
-0.261899 -0.179076 0.391296 -0.029440 1.000000 0.359139 0.625944 0.487604 0.722063 0.590222 0.046202 -0.106910 0.162331 0.140504 0.054100 0.221602 -0.275487 -0.301257 -0.081716 0.211088 -0.161562 -0.095794 -0.133633 0.086981 0.553331 0.530227 0.258833 0.078673 -0.020359 -0.218938 0.051987 0.018504 0.141132 0.262935 0.176492 0.400278 -0.244009 -0.420902 -0.334138 -0.209496 -0.338493 -0.134535 -0.316146 -0.490227 0.047669 -0.226009 -0.280373 -0.098677 -0.104872 -0.147584 -0.196099 -0.196705 -0.001387 0.256158 -0.348457 -0.222096 -0.224650 -0.246094 0.016242 -0.127526 -0.044886 -0.068085 -0.243339 -0.240627 0.036604 -0.097245 0.392986 0.191755 0.293191 0.315340 0.302693 0.169946 -0.244035 -0.247462 -0.315259 -0.245906 -0.252258 -0.138341 -0.225951 -0.276546 -0.126632 -0.174888 -0.087416 -0.142557 -0.294105 -0.389107 -0.499408 -0.465538 -0.215215 -0.167272 0.080455 0.375779 0.089523 0.456150 -0.005250 -0.202673 -0.355911 -0.211648 -0.385786 -0.268052 -0.002266 0.184682 0.065635 0.315612 -0.017141 -0.005043 0.030324 -0.184577 0.083725 -0.209021 0.127147 -0.116693 -0.178480 -0.156764 0.179635 0.067355
0.017841 -0.118145 0.115058 0.036850 0.359139 1.000000 -0.045195 -0.170747 -0.046581 0.328715 -0.247353 -0.280573 -0.072719 -0.197650 0.032148 0.036952 -0.117878 -0.178140 -0.069306 0.011197 0.085827 0.210418 0.172560 0.226624 0.144328 0.297936 0.810217 0.501378 -0.172855 -0.194230 0.141514 0.101165 0.148119 0.078926 0.293816 0.241842 0.079021 0.050430 0.367308 0.211794 0.081596 0.310118 -0.124478 -0.155215 -0.077070 -0.101607 -0.113766 -0.123320 -0.100445 0.017413 0.201676 0.153947 0.095305 0.051525 0.075808 0.070455 0.158191 0.069227 0.048935 -0.070448 -0.212234 -0.183001 -0.029713 -0.021262 -0.147331 -0.034914 0.123102 0.028549 0.311254 0.172498 -0.020243 -0.145123 -0.137871 -0.010345 -0.134883 -0.163022 -0.229185 -0.310420 -0.012139 -0.117688 0.019381 0.047047 0.010993 0.030275 0.097008 0.069684 0.111422 0.071115 -0.014839 -0.115050 -0.190383 -0.126394 -0.193452 -0.173307 0.277470 0.063089 -0.119658 0.018730 -0.284433 -0.153423 -0.218967 -0.190394 -0.089226 0.042331 0.067314 -0.051943 -0.134600 -0.245779 0.074926 -0.023757 -0.022820 -0.273445 -0.308319 -0.032775 0.150450 0.011090
-0.278482 -0.280777 0.481598 0.278374 0.625944 -0.045195 1.000000 0.829365 0.608587 0.430770 0.240806 0.064041 0.235590 0.250722 -0.146553 0.265422 -0.454895 -0.430971 -0.158818 0.020328 -0.194193 -0.143258 -0.033214 0.154511 0.299037 0.278152 -0.188539 -0.040511 -0.199517 -0.348010 -0.096750 -0.077839 -0.141613 0.000154 -0.007587 0.183538 -0.309286 -0.421138 -0.541307 -0.346130 -0.450085 -0.334144 -0.115462 -0.333691 -0.034485 -0.284880 -0.249186 -0.105546 -0.202724 -0.198357 -0.325907 -0.286682 -0.247182 0.168521 -0.391642 -0.248258 -0.449581 -0.462167 0.156204 0.055245 0.277680 0.219433 -0.317890 -0.394891 0.282027 0.147051 0.299612 0.223006 -0.014120 0.151410 0.262433 0.319703 -0.300608 -0.247528 -0.288017 -0.163981 -0.175057 0.061736 -0.300371 -0.292728 -0.372530 -0.441093 -0.284233 -0.283365 -0.478761 -0.396392 -0.536568 -0.491351 0.040652 0.127087 0.267403 0.496145 0.319440 0.658566 0.117669 -0.194151 -0.237071 -0.107853 -0.336201 -0.219888 0.347960 0.413433 0.317618 0.426213 0.179679 0.186973 0.349033 -0.029207 0.313072 -0.078714 0.094674 -0.069145 -0.054011 -0.218272 0.201623 0.227805
-0.375067 -0.318546 0.233753 0.329738 0.487604 -0.170747 0.829365 1.000000 0.581353 0.478088 0.246361 0.265322 0.118561 0.413226 -0.197219 0.354182 -0.379501 -0.385274 -0.403781 -0.153792 -0.222704 -0.233863 -0.107729 0.155866 0.333533 0.441052 -0.350708 -0.180585 -0.226158 -0.302775 -0.136375 0.019561 -0.087498 0.161219 0.047336 0.278855 -0.368900 -0.401831 -0.542019 -0.244963 -0.460612 -0.294783 -0.138251 -0.294519 0.000898 -0.213785 -0.312388 -0.139491 -0.212390 -0.145547 -0.293394 -0.248075 -0.244895 0.039414 -0.363317 -0.352040 -0.586330 -0.572092 0.011084 0.137282 0.207395 0.370439 -0.345050 -0.386137 0.371755 0.360929 0.312265 0.465664 -0.185431 0.070648 0.159014 0.317412 -0.288690 -0.219899 -0.255566 -0.139747 -0.083891 0.164163 -0.284829 -0.320471 -0.455903 -0.564304 -0.422912 -0.336633 -0.517249 -0.365168 -0.410420 -0.351243 0.003954 0.132273 0.307626 0.498922 0.472228 0.580863 -0.028240 -0.073055 -0.300392 -0.186575 -0.228254 -0.181507 0.371735 0.352769 0.237182 0.245463 0.134267 0.200032 0.190131 0.059320 0.171661 -0.115993 0.135660 -0.010523 0.114362 -0.141631 0.179726 0.102871
-0.294497 -0.280115 0.246946 -0.002907 0.722063 -0.046581 0.608587 0.581353 1.000000 0.649386 0.287312 0.225571 0.222450 0.429691 0.274902 0.465232 -0.218143 -0.309506 -0.135893 -0.027153 -0.155504 -0.215014 -0.072927 0.011831 0.311562 0.368740 -0.138184 -0.236834 0.003298 -0.119775 -0.006146 -0.011167 0.040004 0.173558 0.068502 0.234051 -0.262607 -0.256768 -0.503647 -0.354616 -0.298363 -0.308268 -0.348069 -0.418684 -0.051631 -0.260124 -0.299929 -0.115854 -0.210528 -0.139967 -0.274829 -0.199457 -0.191530 0.235192 -0.398646 -0.362450 -0.371565 -0.473957 -0.031297 -0.050176 0.231517 0.213530 -0.223357 -0.333912 0.327377 0.214019 0.156366 0.194407 -0.013406 0.051659 0.329486 0.366895 -0.123052 -0.099906 -0.081782 0.065105 0.016209 0.164838 -0.356766 -0.378179 -0.198103 -0.242114 -0.147509 -0.333131 -0.271121 -0.307000 -0.472386 -0.403580 -0.109364 -0.013758 0.235983 0.526977 0.367664 0.476222 -0.154920 -0.225000 -0.260245 -0.288963 -0.244820 -0.146914 0.097882 0.152824 -0.029969 0.128346 -0.205447 -0.038496 0.080959 -0.064757 0.035844 -0.158672 0.073735 0.086604 0.155667 -0.124426 -0.000946 -0.050817
-0.195388 -0.211409 0.164004 0.171956 0.590222 0.328715 0.430770 0.478088 0.649386 1.000000 0.222425 0.189895 0.077706 0.311788 0.077754 0.494393 -0.335473 -0.477302 -0.285016 -0.076852 -0.041959 -0.150588 -0.010005 0.168778 0.263944 0.489147 0.049722 0.062694 -0.304378 -0.333385 -0.069780 0.048011 0.026801 0.225007 0.232649 0.428217 -0.189187 -0.275548 -0.375216 -0.313761 -0.249028 -0.195359 -0.358540 -0.444131 -0.171507 -0.385747 -0.479206 -0.329570 -0.386612 -0.237695 -0.233060 -0.241994 -0.270321 0.084213 -0.306732 -0.426997 -0.306119 -0.410876 -0.088426 0.066085 0.175128 0.358670 -0.159192 -0.331284 0.329285 0.415284 0.221216 0.437453 0.038951 0.120748 0.160270 0.230712 -0.352482 -0.184909 -0.284741 -0.070046 -0.073395 0.062332 -0.412597 -0.446021 -0.381882 -0.373497 -0.220178 -0.333505 -0.227150 -0.239938 -0.353761 -0.393079 0.092681 0.148145 0.258990 0.428917 0.424050 0.356270 -0.100170 -0.088912 -0.166174 -0.241958 -0.258077 -0.099377 0.205600 0.107595 0.075120 0.104625 0.058451 0.172644 0.071991 0.162801 0.001657 -0.100362 0.236648 0.054695 0.038856 -0.060822 0.031590 -0.059329
0.095092 0.191547 -0.128121 -0.149112 0.046202 -0.247353 0.240806 0.246361 0.287312 0.222425 1.000000 0.720788 0.749007 0.650902 0.499162 0.444372 -0.022105 -0.083985 -0.051031 -0.067624 -0.181937 -0.288219 0.158900 0.163534 -0.058021 -0.010504 -0.364771 -0.164050 0.292542 0.046250 0.293584 0.218438 0.081670 0.233678 -0.021543 -0.043548 -0.194068 -0.112500 -0.415638 -0.307214 0.104157 -0.015012 -0.088902 0.022206 -0.411275 -0.340712 -0.326481 -0.435263 -0.509227 -0.346637 -0.311975 -0.218061 -0.533608 -0.344338 -0.447186 -0.574049 -0.456609 -0.398568 -0.284590 -0.072741 0.381232 0.498718 0.008102 -0.082436 0.576566 0.460369 -0.161459 0.074163 -0.324752 -0.255841 0.337208 0.398281 0.215912 0.302824 0.359849 0.405137 0.349241 0.388405 -0.112309 -0.196878 -0.262470 -0.299253 -0.166801 -0.228459 -0.044696 -0.154381 -0.087844 -0.220746 -0.025943 -0.119883 -0.100852 0.092805 0.206900 -0.035737 -0.228441 0.008345 -0.291409 -0.264419 -0.325968 -0.266121 0.138220 -0.091985 0.063509 -0.072559 0.063156 0.093971 -0.078799 0.066311 -0.112305 0.127243 0.020948 -0.000543 -0.114006 0.020290 0.000782 -0.037342
-0.088913 0.034359 -0.233730 -0.026353 -0.106910 -0.280573 0.064041 0.265322 0.225571 0.189895 0.720788 1.000000 0.421998 0.772446 0.344090 0.529215 -0.044425 -0.102978 -0.257157 -0.245847 -0.027033 -0.064023 0.149705 0.214955 0.003503 0.144111 -0.405233 -0.244660 0.143496 0.204493 0.423131 0.546288 0.108363 0.314512 0.044637 0.034676 -0.201973 -0.000025 -0.336534 -0.196520 0.083911 0.044410 -0.048964 0.088900 -0.212536 -0.115774 -0.168425 -0.349085 -0.433275 -0.253097 -0.161107 -0.144122 -0.446058 -0.392548 -0.334026 -0.491071 -0.535240 -0.553931 -0.454485 -0.156913 0.181167 0.555489 -0.143812 -0.148041 0.591964 0.681086 -0.191826 0.243647 -0.583555 -0.470580 0.260612 0.410989 0.247145 0.421969 0.431763 0.527346 0.412357 0.498966 -0.127310 -0.179446 -0.322060 -0.326956 -0.251728 -0.255497 -0.013595 0.051626 0.042701 0.018494 -0.097616 -0.138499 -0.014655 0.049855 0.393194 -0.142923 -0.306374 0.015618 -0.242134 -0.319559 -0.188001 -0.258414 0.184369 -0.269623 -0.027877 -0.340029 -0.087511 0.048563 -0.217304 0.036800 -0.227253 0.037543 -0.006901 -0.029934 0.098410 0.005643 -0.012137 -0.174019
0.162332 0.181721 -0.164093 -0.384725 0.162331 -0.072719 0.235590 0.118561 0.222450 0.077706 0.749007 0.421998 1.000000 0.590865 0.460818 0.268759 -0.047811 -0.041522 -0.045633 -0.072736 -0.258463 -0.245062 -0.000658 0.006712 -0.015266 -0.115042 -0.178037 -0.167339 0.382637 0.058125 0.314923 0.123943 0.123684 0.175311 -0.042164 -0.077068 -0.235773 -0.249595 -0.272474 -0.238953 0.138651 0.054733 -0.155257 -0.088878 -0.210041 -0.299807 -0.236679 -0.343123 -0.241343 -0.165483 -0.108980 -0.082443 -0.183818 -0.218681 -0.329504 -0.323138 -0.240745 -0.201305 0.044604 -0.040411 0.409544 0.274525 0.144262 0.071726 0.273965 0.082738 0.049345 -0.041610 -0.057382 -0.045307 0.367580 0.228590 0.289392 0.269782 0.313573 0.238761 0.090298 0.036919 -0.059047 -0.147271 -0.069103 -0.090611 -0.031726 -0.184086 -0.017169 -0.159469 -0.056516 -0.120881 -0.195112 -0.257714 -0.214339 -0.025325 -0.091412 -0.042958 -0.163753 -0.081566 -0.326050 -0.281555 -0.448379 -0.363865 0.088004 -0.015320 0.087785 0.136942 -0.027366 -0.084777 -0.094159 -0.100633 -0.095518 0.001488 -0.105753 -0.240873 -0.412254 -0.198189 0.046090 0.046971
-0.203627 -0.133056 -0.316390 -0.233664 0.140504 -0.197650 0.250722 0.413226 0.429691 0.311788 0.650902 0.772446 0.590865 1.000000 0.341994 0.578500 0.031318 -0.106507 -0.363636 -0.323302 0.047932 -0.021756 -0.074867 0.014276 0.123440 0.226846 -0.392940 -0.250289 0.210503 0.217454 0.236652 0.311899 0.177312 0.404913 0.149609 0.167354 -0.171210 -0.092901 -0.329953 -0.252947 0.040883 0.003950 -0.179664 -0.090933 -0.110229 -0.172222 -0.296958 -0.410084 -0.330051 -0.142563 -0.121277 -0.216814 -0.352223 -0.343243 -0.319297 -0.481267 -0.422078 -0.488175 -0.194069 -0.021619 0.336001 0.598760 -0.054872 -0.121290 0.586205 0.530739 0.118569 0.370075 -0.421889 -0.314077 0.236911 0.377629 0.217118 0.363778 0.249408 0.332674 0.236674 0.305941 -0.175317 -0.244594 -0.252794 -0.299237 -0.293073 -0.411485 -0.091355 -0.172206 -0.096088 -0.174997 -0.108246 -0.164978 -0.070689 0.058472 0.305207 -0.023095 -0.315352 -0.062237 -0.253657 -0.389109 -0.352153 -0.419228 0.197220 -0.135759 -0.043033 -0.187857 -0.159864 0.016056 -0.216973 0.027787 -0.209100 -0.066750 -0.025744 -0.200264 -0.067018 -0.134046 -0.040533 -0.120627
0.017368 -0.108338 -0.057737 -0.198682 0.054100 0.032148 -0.146553 -0.197219 0.274902 0.077754 0.499162 0.344090 0.460818 0.341994 1.000000 0.367099 0.204542 0.051668 0.201878 -0.102530 0.000276 -0.061916 0.390280 0.023099 -0.007530 -0.078816 0.067513 0.020831 0.411025 0.178947 0.408616 0.204153 0.170953 0.107880 0.094837 -0.057309 0.097397 0.179478 0.041961 -0.086179 0.242730 0.027786 -0.030625 0.079944 -0.289972 -0.176087 -0.159596 -0.231788 -0.230962 -0.092460 -0.018846 0.066678 -0.151767 -0.028213 -0.051626 -0.235408 -0.084041 -0.153808 -0.289895 -0.234539 -0.096631 -0.086640 -0.010280 -0.104425 0.321331 0.079708 -0.207671 -0.255192 -0.115760 -0.291096 0.217111 0.255791 0.260845 0.277156 0.413551 0.367921 0.364162 0.234657 -0.041620 -0.065522 0.019677 0.067232 0.372573 0.066203 0.361790 0.066247 0.113853 -0.006863 0.068270 -0.206178 -0.173850 -0.071478 -0.027251 -0.274155 -0.071455 0.010437 -0.103971 -0.110777 -0.267952 -0.175915 -0.301434 -0.378780 -0.266907 -0.235571 -0.258258 -0.182722 -0.289433 -0.166177 -0.118680 0.060724 -0.160120 -0.008736 -0.090642 0.168856 -0.098381 -0.107771
-0.231075 -0.174672 -0.060092 0.112778 0.221602 0.036952 0.265422 0.354182 0.465232 0.494393 0.444372 0.529215 0.268759 0.578500 0.367099 1.000000 -0.165352 -0.271032 -0.235528 -0.258064 0.109726 -0.017229 0.163988 0.114570 0.076099 0.176389 -0.038557 0.042141 -0.033766 -0.009362 0.149616 0.243273 -0.037671 0.121655 0.053199 0.025124 -0.101735 0.090951 -0.202248 -0.036131 0.060623 -0.072310 -0.136316 -0.055338 -0.373545 -0.297382 -0.322849 -0.312924 -0.400616 -0.238988 -0.195096 -0.139081 -0.343190 -0.049349 -0.120743 -0.423486 -0.367172 -0.423763 -0.246995 0.033078 0.178807 0.463300 -0.189668 -0.319982 0.585786 0.524450 -0.160841 0.122830 -0.324225 -0.279279 0.151047 0.328777 0.034961 0.190468 0.256060 0.313535 0.161028 0.283641 -0.245242 -0.298160 -0.370277 -0.358724 -0.005748 -0.105873 0.002702 0.029467 0.018075 -0.043893 0.313444 0.219635 0.184037 0.168981 0.389957 0.013354 -0.132955 0.123612 -0.124927 -0.215552 -0.248089 -0.239346 0.122935 -0.101639 -0.102284 -0.211716 -0.163223 0.002139 -0.042254 0.079120 -0.022620 -0.026304 -0.181584 -0.071878 0.130463 0.088703 -0.070215 -0.139568
-0.101759 0.061449 -0.375026 -0.374964 -0.275487 -0.117878 -0.454895 -0.379501 -0.218143 -0.335473 -0.022105 -0.044425 -0.047811 0.031318 0.204542 -0.165352 1.000000 0.831665 -0.072386 -0.157280 0.170298 0.047707 -0.077475 -0.274457 -0.143767 -0.195547 -0.015661 -0.120212 0.608123 0.638594 0.039307 -0.001205 0.287769 0.176162 -0.149160 -0.268289 0.290083 0.210325 0.253990 0.187771 0.449318 0.191876 -0.043360 0.133986 0.171091 0.287330 0.176233 -0.030463 0.300165 0.219381 0.250028 0.061270 0.063822 -0.283110 0.160157 -0.061886 0.325699 0.407923 -0.205635 -0.254157 -0.109889 -0.052760 0.454748 0.478149 -0.072262 -0.172979 -0.307085 -0.304124 -0.121545 -0.282163 -0.303753 -0.200051 0.499592 0.343656 0.224919 0.069748 0.182968 0.024328 0.571753 0.563755 0.573061 0.543027 -0.000321 0.053598 0.214593 -0.025583 0.321197 0.117048 -0.337094 -0.449277 -0.446216 -0.407932 -0.243255 -0.448154 -0.047212 0.202238 0.100908 0.165127 0.221946 0.079106 -0.382710 -0.316472 -0.376484 -0.370128 -0.174778 -0.011917 -0.478494 -0.075836 -0.277762 0.004024 -0.243066 0.017800 0.101358 0.320752 -0.066104 -0.130793
-0.081389 0.217694 -0.379923 -0.416681 -0.301257 -0.178140 -0.430971 -0.385274 -0.309506 -0.477302 -0.083985 -0.102978 -0.041522 -0.106507 0.051668 -0.271032 0.831665 1.000000 -0.060873 -0.120597 0.097269 0.035872 -0.138461 -0.239747 -0.097435 -0.257480 0.024024 -0.114591 0.641177 0.679629 0.059266 0.032401 0.176866 0.081218 -0.258718 -0.346408 0.170147 0.179806 0.256999 0.265661 0.362754 0.202877 -0.128113 0.064245 0.160958 0.240378 0.241418 0.057190 0.286185 0.187003 0.184565 0.072408 0.101962 -0.267431 0.131682 -0.059240 0.307254 0.487333 -0.162893 -0.284546 -0.173083 -0.182117 0.362776 0.554014 -0.242478 -0.352289 -0.341048 -0.413749 -0.124501 -0.273215 -0.180843 -0.191214 0.567639 0.374619 0.311924 0.116966 0.215775 0.065491 0.562214 0.619027 0.609856 0.576169 0.104287 0.208032 0.134751 -0.001741 0.327580 0.229811 -0.397748 -0.394810 -0.327891 -0.335962 -0.282419 -0.376094 -0.008457 0.203967 0.011276 0.116806 0.310224 0.129960 -0.287919 -0.135434 -0.264674 -0.258177 -0.187619 -0.042121 -0.406272 -0.098912 -0.258443 -0.066941 -0.316602 0.083204 0.153570 0.251000 -0.083822 -0.116258
0.505655 0.183512 0.301795 -0.009885 -0.081716 -0.069306 -0.158818 -0.403781 -0.135893 -0.285016 -0.051031 -0.257157 -0.045633 -0.363636 0.201878 -0.235528 -0.072386 -0.060873 1.000000 0.635829 -0.019013 0.075353 0.136240 0.055957 -0.160168 -0.313886 0.078584 0.164742 0.137474 -0.096617 0.007674 -0.210991 -0.190567 -0.314777 -0.114003 -0.178639 0.103345 0.089863 0.036812 -0.035427 -0.036534 -0.046960 0.223123 0.153521 -0.146756 -0.076566 0.151357 0.104768 -0.012452 -0.152369 -0.091122 -0.082713 0.011452 0.242155 0.023270 0.142172 0.262635 0.146411 0.055694 -0.110652 -0.115572 -0.470565 -0.083611 -0.152897 -0.302365 -0.351607 -0.151206 -0.420714 0.257417 0.133328 0.269788 -0.019246 -0.012720 -0.068746 0.158526 0.177908 0.116482 -0.012662 0.057479 0.042493 0.225139 0.173692 0.447556 0.228768 0.121813 0.011183 -0.157573 -0.111259 0.106597 0.022447 0.072802 0.026892 -0.188166 -0.006686 0.258890 -0.169015 0.122613 0.186877 0.059458 0.203705 -0.204027 0.013779 0.044674 0.206816 0.081849 -0.228264 0.267587 -0.193433 0.175669 0.078308 0.090786 0.170589 0.037060 0.154813 0.089985 0.208249
0.258004 0.409671 0.334811 0.095178 0.211088 0.011197 0.020328 -0.153792 -0.027153 -0.076852 -0.067624 -0.245847 -0.072736 -0.323302 -0.102530 -0.258064 -0.157280 -0.120597 0.635829 1.000000 -0.050064 0.093144 -0.122625 0.056799 0.171843 0.060743 0.079475 0.119552 -0.043745 -0.192078 0.063267 -0.078180 -0.034112 0.002779 -0.097752 -0.024294 -0.106786 -0.230098 -0.204914 -0.226643 -0.203107 -0.136133 0.120581 -0.028139 -0.058611 0.005798 0.032253 0.122937 -0.049724 -0.146776 -0.155125 -0.102108 0.058661 0.239647 -0.173675 0.035163 0.101307 0.156698 -0.011249 -0.108778 -0.065667 -0.313491 -0.035862 -0.045348 -0.258956 -0.280956 -0.008415 -0.220400 0.450098 0.477898 0.199289 -0.077786 -0.293411 -0.308481 -0.182091 -0.111626 -0.236570 -0.179275 -0.069830 0.038972 0.216724 0.163982 0.192770 0.186240 0.014115 -0.127163 -0.359674 -0.199128 -0.063500 -0.130576 0.075280 0.050803 -0.163025 0.075014 0.056225 -0.351797 -0.009635 -0.018890 -0.005557 -0.031298 -0.184670 -0.010824 0.030219 0.154815 0.050588 -0.107404 0.139260 -0.171856 -0.062587 -0.169059 0.212098 0.159593 -0.024229 -0.021653 0.063934 0.049520
-0.162567 -0.098453 -0.100185 -0.027588 -0.161562 0.085827 -0.194193 -0.222704 -0.155504 -0.041959 -0.181937 -0.027033 -0.258463 0.047932 0.000276 0.109726 0.170298 0.097269 -0.019013 -0.050064 1.000000 0.663828 -0.063781 -0.196316 0.234946 0.169369 0.156366 0.303503 0.008704 0.349113 0.087830 0.153684 0.111085 0.102060 0.190519 0.032243 0.482294 0.474767 0.246346 -0.031437 0.239934 0.123179 0.096947 0.081590 -0.042653 0.068228 -0.005924 -0.037130 -0.059508 -0.000709 0.105449 -0.094509 0.097429 0.009571 0.274184 -0.053838 0.106221 0.095671 -0.144108 -0.108357 -0.080425 0.158672 0.165155 0.163929 0.118090 0.120023 0.018869 0.049597 -0.239900 -0.259797 0.010928 0.200437 0.180849 0.336687 0.124340 0.310744 0.235407 0.302702 -0.155428 -0.041301 -0.004081 0.059499 0.233212 0.049197 0.189283 0.048409 -0.104374 -0.132791 0.301781 0.016247 -0.137096 -0.414022 -0.197250 -0.390435 -0.175160 -0.096385 0.388138 -0.280269 0.001085 -0.238191 -0.102280 -0.403002 -0.345720 -0.497807 -0.243790 -0.018101 -0.170863 0.055398 0.006125 0.043057 0.048832 -0.168136 -0.068804 0.002018 -0.366769 -0.261195
-0.255605 -0.204910 0.047762 -0.027292 -0.095794 0.210418 -0.143258 -0.233863 -0.215014 -0.150588 -0.288219 -0.064023 -0.245062 -0.021756 -0.061916 -0.017229 0.047707 0.035872 0.075353 0.093144 0.663828 1.000000 0.075926 0.053367 0.283016 0.181573 0.320190 0.404131 0.038817 0.251979 0.206371 0.275852 0.049517 0.037229 0.283938 0.165708 0.519223 0.418392 0.268517 -0.069565 0.084638 0.052163 0.084394 0.043684 -0.078126 0.051575 0.082868 0.070908 -0.119596 -0.046281 -0.007062 -0.099652 0.124254 0.125341 0.218776 0.027160 0.054340 -0.012402 0.023492 -0.168913 -0.092775 -0.082220 0.051267 0.057326 -0.043338 -0.053067 0.131068 -0.013738 -0.059522 -0.053694 0.033531 0.098082 0.095834 0.164761 0.056485 0.252019 0.117663 0.190540 -0.049586 0.052524 0.162790 0.149965 0.301241 0.065712 0.168657 0.112901 -0.111612 0.075391 0.228367 -0.022180 -0.151931 -0.310192 -0.202366 -0.297826 0.117173 -0.377508 0.292382 -0.242075 -0.164767 -0.264431 -0.163763 -0.322021 -0.296708 -0.297641 -0.216077 -0.168138 -0.038169 -0.283476 0.087125 -0.085703 0.190110 -0.229771 -0.069825 -0.104197 -0.133932 -0.035013
-0.009966 -0.195256 0.463572 0.472126 -0.133633 0.172560 -0.033214 -0.107729 -0.072927 -0.010005 0.158900 0.149705 -0.000658 -0.074867 0.390280 0.163988 -0.077475 -0.138461 0.136240 -0.122625 -0.063781 0.075926 1.000000 0.620404 0.005158 -0.078156 0.195201 0.256169 -0.118560 -0.179575 0.410581 0.300540 -0.099418 -0.149046 0.188949 0.019114 0.149525 0.170393 0.020227 -0.102663 0.002671 -0.124822 0.275825 0.235264 -0.182503 0.079971 0.060392 -0.140121 -0.175418 0.056022 0.012019 0.047950 -0.114967 -0.009290 0.013371 -0.025237 -0.198923 -0.207212 -0.238436 -0.138019 -0.084720 -0.058129 -0.213126 -0.255338 0.255241 0.233275 -0.357188 -0.276969 -0.271164 -0.349783 0.004995 0.165533 -0.016309 0.122751 0.167548 0.158366 0.208836 0.127043 -0.007917 0.027704 -0.096937 0.003815 0.138372 0.021582 0.363138 0.338904 0.113731 0.112465 0.392165 0.144429 -0.133272 -0.079329 0.055865 -0.204295 0.225710 -0.106997 0.081046 0.066866 -0.170261 -0.092846 -0.212584 -0.347389 -0.075775 -0.147362 -0.005545 -0.122580 0.045029 -0.278049 0.150470 0.055019 -0.011018 -0.162551 -0.111415 0.208263 0.110331 0.109354
0.014253 -0.058912 0.411780 0.445745 0.086981 0.226624 0.154511 0.155866 0.011831 0.168778 0.163534 0.214955 0.006712 0.014276 0.023099 0.114570 -0.274457 -0.239747 0.055957 0.056799 -0.196316 0.053367 0.620404 1.000000 0.156649 0.257244 0.168753 0.207983 -0.260298 -0.360794 0.179736 0.269998 -0.184931 0.017556 0.263231 0.225718 -0.120146 -0.146779 -0.140978 -0.033333 -0.243799 -0.056928 -0.057770 -0.112793 -0.200721 -0.054718 -0.156667 -0.170638 -0.255055 -0.053798 -0.127127 0.020415 -0.105576 0.100689 -0.110845 -0.113280 -0.313254 -0.326658 -0.070376 -0.057609 -0.120256 -0.018567 -0.328752 -0.246771 0.039948 0.207063 -0.165384 -0.065354 -0.119553 -0.126581 0.203829 0.252773 -0.166571 -0.037851 0.084117 0.162572 0.076040 0.057417 -0.082780 -0.106278 -0.061712 -0.084078 0.042987 0.000665 0.020365 0.148162 -0.119723 0.032277 0.224272 0.167923 0.189268 0.134981 0.190735 0.039458 0.192020 -0.138069 -0.179103 -0.093320 -0.155332 -0.057833 0.004720 -0.104674 0.043085 0.052124 -0.008211 -0.223418 0.033787 -0.330461 0.035072 -0.093301 0.097710 -0.049934 -0.005519 0.051875 0.274590 0.049498
-0.456479 -0.192477 0.294812 0.055685 0.553331 0.144328 0.299037 0.333533 0.311562 0.263944 -0.058021 0.003503 -0.015266 0.123440 -0.007530 0.076099 -0.143767 -0.097435 -0.160168 0.171843 0.234946 0.283016 0.005158 0.156649 1.000000 0.791040 0.138615 0.147724 0.066109 0.111297 0.367743 0.431069 0.354540 0.510073 0.398645 0.515819 0.042264 -0.209625 -0.244318 -0.281102 -0.176346 -0.121587 -0.132867 -0.285877 0.059052 -0.056133 -0.116186 -0.050812 -0.132045 -0.147270 -0.206965 -0.195238 0.081613 0.132079 -0.210974 -0.271950 -0.377248 -0.245127 -0.235062 -0.332286 -0.188721 -0.075056 -0.146650 -0.131426 0.154209 -0.012273 0.390267 0.233558 -0.019259 0.046222 0.086658 0.194558 -0.125885 0.020629 -0.228085 0.005705 -0.029634 0.077397 -0.149776 -0.176690 -0.089373 -0.125136 0.085228 -0.024153 -0.128595 -0.295062 -0.483043 -0.383851 -0.133518 -0.291423 -0.072246 0.052100 -0.081714 0.063094 -0.149440 -0.319272 -0.160506 -0.378384 -0.244096 -0.358726 -0.137928 -0.180509 -0.139824 -0.139661 -0.215385 -0.036403 -0.170292 -0.219918 -0.068247 -0.256734 0.276629 -0.042896 -0.158625 -0.175730 -0.007993 -0.072973
-0.437705 -0.272622 0.150608 0.150425 0.530227 0.297936 0.278152 0.441052 0.368740 0.489147 -0.010504 0.144111 -0.115042 0.226846 -0.078816 0.176389 -0.195547 -0.257480 -0.313886 0.060743 0.169369 0.181573 -0.078156 0.257244 0.791040 1.000000 0.068280 0.164205 -0.162943 -0.085503 0.228963 0.456513 0.265306 0.532325 0.502940 0.657596 -0.105738 -0.221795 -0.199338 -0.161376 -0.160154 0.068195 -0.180120 -0.306545 -0.015804 -0.112368 -0.352117 -0.154204 -0.277722 -0.176690 -0.151078 -0.132770 -0.054613 0.103182 -0.311083 -0.315149 -0.440084 -0.409254 -0.307065 -0.247018 -0.255990 0.054780 -0.251749 -0.256127 0.201783 0.248966 0.390235 0.487991 0.001831 0.096402 0.081649 0.257590 -0.274189 -0.053971 -0.313354 -0.031606 -0.033196 0.135073 -0.221000 -0.352098 -0.298342 -0.356620 -0.197686 -0.111871 -0.259494 -0.341835 -0.342792 -0.291796 -0.144778 -0.225404 0.126475 0.244588 0.246939 0.169161 -0.225999 -0.128990 -0.296787 -0.352987 -0.202189 -0.244430 0.032725 -0.151455 -0.063426 -0.119789 -0.055855 0.109152 -0.226132 -0.053845 -0.105018 -0.248841 0.385503 0.075974 -0.000462 -0.153771 0.083872 -0.084921
-0.010324 -0.019794 0.157368 -0.015689 0.258833 0.810217 -0.188539 -0.350708 -0.138184 0.049722 -0.364771 -0.405233 -0.178037 -0.392940 0.067513 -0.038557 -0.015661 0.024024 0.078584 0.079475 0.156366 0.320190 0.195201 0.168753 0.138615 0.068280 1.000000 0.498546 0.015422 0.010413 0.145658 0.024938 0.095077 -0.077511 0.159500 0.034237 0.146599 0.152178 0.457451 0.327520 0.100818 0.186387 -0.091011 -0.080831 -0.094650 -0.023057 0.042289 0.085604 0.013491 0.082920 0.189013 0.189112 0.246189 0.206545 0.303502 0.215936 0.213583 0.237672 0.076563 -0.056949 -0.325182 -0.389548 0.023780 0.138346 -0.299479 -0.260845 -0.016834 -0.253526 0.304097 0.130856 0.002000 -0.194334 0.033478 -0.007162 0.054933 -0.070240 -0.197223 -0.299601 0.078615 0.090679 0.251834 0.315137 0.304298 0.231285 0.290885 0.271737 0.144694 0.185977 0.068578 -0.046283 -0.218981 -0.285893 -0.441267 -0.296062 0.341074 0.069668 0.069267 0.089289 -0.131246 -0.137000 -0.347598 -0.184864 -0.226434 -0.067827 -0.202941 -0.291875 -0.139174 -0.376710 0.082878 0.010959 -0.152676 -0.188560 -0.232282 0.029736 0.040305 -0.079629
0.163085 -0.039630 0.169977 0.179084 0.078673 0.501378 -0.040511 -0.180585 -0.236834 0.062694 -0.164050 -0.244660 -0.167339 -0.250289 0.020831 0.042141 -0.120212 -0.114591 0.164742 0.119552 0.303503 0.404131 0.256169 0.207983 0.147724 0.164205 0.498546 1.000000 -0.199822 -0.169141 0.036356 0.020185 -0.155137 -0.127400 0.212193 0.134202 0.251875 0.226446 0.410386 0.316806 0.107585 0.279464 0.266377 0.199247 -0.233882 -0.073829 -0.029124 0.021479 -0.233747 -0.146118 0.119160 -0.011118 -0.005946 0.062817 0.272178 0.038892 0.120866 -0.007353 -0.034621 -0.132170 -0.297610 -0.309756 -0.219564 -0.158694 -0.183186 -0.071643 -0.051754 -0.120427 0.060503 -0.098578 -0.009982 0.027423 -0.185912 0.046135 -0.056380 0.016730 0.037795 0.046256 -0.077328 -0.186215 -0.140090 -0.158573 0.247483 0.310194 0.054798 0.074134 0.153795 0.075427 0.410063 0.147311 0.013428 -0.056708 -0.186789 -0.144937 0.226908 0.184017 0.202511 0.091099 -0.012677 -0.016538 -0.193020 -0.089590 -0.093627 -0.008051 0.154873 0.165428 -0.070819 -0.016026 0.223640 0.172341 0.180004 -0.049372 -0.163374 0.179989 0.135687 0.049716
-0.082343 0.033119 -0.255363 -0.575044 -0.020359 -0.172855 -0.199517 -0.226158 0.003298 -0.304378 0.292542 0.143496 0.382637 0.210503 0.411025 -0.033766 0.608123 0.641177 0.137474 -0.043745 0.008704 0.038817 -0.118560 -0.260298 0.066109 -0.162943 0.015422 -0.199822 1.000000 0.726267 0.341733 0.169652 0.298381 0.187485 -0.109511 -0.176821 0.225129 0.126968 -0.003080 0.020957 0.430036 0.180285 -0.146074 -0.020834 -0.039700 -0.041725 0.126417 -0.045569 0.054953 -0.065139 -0.041587 -0.072030 0.045587 -0.168216 -0.027195 -0.222975 0.069122 0.108060 -0.150977 -0.349811 -0.054085 -0.146995 0.316303 0.341206 -0.091218 -0.291296 -0.118701 -0.308429 -0.100659 -0.238634 0.137162 -0.020646 0.751050 0.499472 0.529183 0.353172 0.401857 0.221710 0.407597 0.406121 0.478114 0.404507 0.240127 0.072137 0.004933 -0.128547 0.094364 -0.026321 -0.464794 -0.474407 -0.401909 -0.297588 -0.336968 -0.298668 -0.037458 -0.001527 -0.167029 -0.051704 -0.088374 -0.092014 -0.308584 -0.189210 -0.213664 -0.196561 -0.270260 -0.259486 -0.317075 -0.325868 -0.168757 -0.059755 -0.200134 -0.036949 -0.040591 0.133525 -0.041965 -0.034191
-0.200295 0.019717 -0.422409 -0.533157 -0.218938 -0.194230 -0.348010 -0.302775 -0.119775 -0.333385 0.046250 0.204493 0.058125 0.217454 0.178947 -0.009362 0.638594 0.679629 -0.096617 -0.192078 0.349113 0.251979 -0.179575 -0.360794 0.111297 -0.085503 0.010413 -0.169141 0.726267 1.000000 0.306815 0.293536 0.397747 0.299586 -0.096091 -0.215767 0.345263 0.286771 0.196087 0.130747 0.572688 0.267069 -0.103893 0.054864 0.192051 0.239616 0.327172 0.042468 0.200964 0.121423 0.113022 -0.034076 0.100382 -0.282855 0.194486 -0.076830 0.096674 0.152419 -0.277666 -0.408682 -0.118453 0.020526 0.384471 0.433279 -0.001263 -0.090676 -0.160924 -0.200506 -0.352451 -0.466853 -0.143268 -0.147677 0.720532 0.608098 0.462583 0.358481 0.270871 0.166603 0.309657 0.364699 0.414710 0.437582 0.179238 0.051091 0.171481 0.068337 0.212686 0.076456 -0.389186 -0.462038 -0.511363 -0.485714 -0.321719 -0.474372 -0.175261 0.060480 0.091580 -0.113367 0.126845 -0.124289 -0.228077 -0.374083 -0.371438 -0.554656 -0.431696 -0.123721 -0.476526 -0.121656 -0.253276 0.013625 -0.310559 -0.049894 0.080436 0.109649 -0.207562 -0.207336
-0.155429 -0.004216 0.134236 -0.018762 0.051987 0.141514 -0.096750 -0.136375 -0.006146 -0.069780 0.293584 0.423131 0.314923 0.236652 0.408616 0.149616 0.039307 0.059266 0.007674 0.063267 0.087830 0.206371 0.410581 0.179736 0.367743 0.228963 0.145658 0.036356 0.341733 0.306815 1.000000 0.810362 0.368338 0.339034 0.181761 0.077332 0.013780 0.049657 -0.125745 -0.200386 0.258264 0.132986 0.114345 0.113685 -0.137248 -0.018327 0.011512 -0.249893 -0.257546 -0.162654 -0.048553 -0.027626 -0.048844 -0.203549 -0.231047 -0.264390 -0.304485 -0.194372 -0.400882 -0.381694 -0.170710 0.005942 -0.097338 -0.021709 0.260894 0.225242 -0.140488 -0.099600 -0.298776 -0.339165 0.269676 0.217965 0.371648 0.439059 0.361597 0.421328 0.294600 0.237808 0.045069 0.018653 -0.029469 0.024422 0.097970 0.000396 0.236277 0.119282 0.022990 0.062149 -0.161452 -0.409256 -0.343375 -0.270330 -0.078560 -0.408232 -0.210158 -0.157477 -0.199729 -0.277771 -0.296478 -0.396511 -0.218623 -0.536027 -0.138700 -0.371017 -0.132387 -0.148065 -0.321374 -0.249121 -0.208652 -0.160360 0.008748 -0.250336 -0.263721 -0.066420 -0.056313 -0.129906
-0.274040 -0.065103 0.015778 0.049488 0.018504 0.101165 -0.077839 0.019561 -0.011167 0.048011 0.218438 0.546288 0.123943 0.311899 0.204153 0.243273 -0.001205 0.032401 -0.210991 -0.078180 0.153684 0.275852 0.300540 0.269998 0.431069 0.456513 0.024938 0.020185 0.169652 0.293536 0.810362 1.000000 0.390949 0.477275 0.301855 0.221264 -0.048604 0.026833 -0.099735 -0.094272 0.228031 0.257175 -0.001566 0.006543 -0.116368 -0.013587 -0.107252 -0.314295 -0.297922 -0.258472 -0.057905 -0.145147 -0.142409 -0.248244 -0.250401 -0.331556 -0.368898 -0.279327 -0.490530 -0.397967 -0.234210 0.117136 -0.182718 -0.115766 0.315049 0.376221 -0.045488 0.139478 -0.365456 -0.355545 0.184670 0.267912 0.233579 0.380060 0.251387 0.413881 0.283451 0.323258 0.054953 -0.001976 -0.161805 -0.124482 -0.017193 0.044990 0.096304 0.075143 0.078379 0.103228 -0.187983 -0.381267 -0.173561 -0.150627 0.136129 -0.309119 -0.284581 -0.090773 -0.276953 -0.385634 -0.215230 -0.343338 -0.098747 -0.478838 -0.164885 -0.448933 -0.129838 -0.046164 -0.410098 -0.140207 -0.302949 -0.216216 0.026343 -0.160171 -0.053127 -0.021867 -0.031160 -0.236407
-0.177464 0.058457 -0.224152 -0.300986 0.141132 0.148119 -0.141613 -0.087498 0.040004 0.026801 0.081670 0.108363 0.123684 0.177312 0.170953 -0.037671 0.287769 0.176866 -0.190567 -0.034112 0.111085 0.049517 -0.099418 -0.184931 0.354540 0.265306 0.095077 -0.155137 0.298381 0.397747 0.368338 0.390949 1.000000 0.823247 0.242672 0.193794 0.152072 -0.108329 -0.003447 -0.107779 0.367621 0.221679 -0.244816 -0.186120 0.176120 0.162130 0.048952 -0.118280 0.082859 -0.030792 0.061469 -0.025762 0.006711 -0.292781 -0.173748 -0.197176 0.082253 0.128517 -0.260727 -0.310686 -0.107845 0.072003 0.171878 0.145319 0.237090 0.108677 0.318730 0.252778 0.040418 -0.044827 -0.165588 -0.199965 0.214966 0.208652 0.024309 -0.045647 -0.042267 -0.174643 0.239804 0.164691 0.159549 0.168152 -0.057251 -0.125810 0.207522 -0.027196 0.009771 -0.145758 -0.372133 -0.605123 -0.559909 -0.419977 -0.191379 -0.362255 -0.283336 -0.058010 -0.157761 -0.197833 -0.260136 -0.375444 -0.350318 -0.511347 -0.437482 -0.487531 -0.281325 -0.035369 -0.604232 -0.112396 -0.396196 0.018462 -0.116066 -0.233707 -0.256992 0.005930 -0.231479 -0.307925
-0.298836 0.059444 -0.261559 -0.255097 0.262935 0.078926 0.000154 0.161219 0.173558 0.225007 0.233678 0.314512 0.175311 0.404913 0.107880 0.121655 0.176162 0.081218 -0.314777 0.002779 0.102060 0.037229 -0.149046 0.017556 0.510073 0.532325 -0.077511 -0.127400 0.187485 0.299586 0.339034 0.477275 0.823247 1.000000 0.340458 0.403277 0.024066 -0.173721 -0.148494 -0.153235 0.237197 0.231103 -0.276294 -0.222583 0.091319 0.061029 -0.134388 -0.245123 -0.091270 -0.128383 -0.051796 -0.153442 -0.103077 -0.343969 -0.310157 -0.385200 -0.198791 -0.121285 -0.391144 -0.315945 -0.123118 0.229008 0.000858 0.004302 0.346954 0.280591 0.322788 0.408271 -0.031375 -0.039096 -0.064356 0.006636 0.068515 0.186281 -0.053691 0.049292 0.006434 -0.011464 0.104715 0.034823 0.020883 -0.022781 -0.147487 -0.138285 0.027145 -0.153684 -0.098381 -0.201927 -0.367088 -0.554332 -0.374170 -0.223974 -0.003894 -0.223504 -0.342559 -0.051788 -0.281782 -0.305827 -0.300556 -0.410980 -0.183520 -0.426546 -0.321741 -0.410910 -0.173974 0.045671 -0.557699 -0.023172 -0.355325 -0.093934 0.047373 -0.129167 -0.165053 -0.025909 -0.111655 -0.230468
-0.158854 -0.261423 0.100406 -0.024204 0.176492 0.293816 -0.007587 0.047336 0.068502 0.232649 -0.021543 0.044637 -0.042164 0.149609 0.094837 0.053199 -0.149160 -0.258718 -0.114003 -0.097752 0.190519 0.283938 0.188949 0.263231 0.398645 0.502940 0.159500 0.212193 -0.109511 -0.096091 0.181761 0.301855 0.242672 0.340458 1.000000 0.852391 0.156622 0.053401 -0.004454 -0.111849 -0.022629 0.065579 -0.044629 -0.097689 -0.076844 -0.133933 -0.242259 -0.143205 -0.312860 -0.252678 -0.169172 -0.200867 -0.102102 0.017261 -0.068502 -0.151223 -0.117688 -0.310390 -0.180428 -0.214019 -0.252491 -0.044736 -0.290826 -0.328870 0.151313 0.122531 0.467986 0.481972 0.028399 -0.045399 0.112768 0.119114 -0.172271 0.067863 -0.032625 0.113082 0.227541 0.137062 -0.025116 -0.114032 -0.153059 -0.149810 -0.004997 -0.100686 0.052768 -0.128070 -0.145077 -0.045530 0.079437 -0.067685 -0.051139 -0.044281 0.022837 0.006500 0.092145 -0.083764 -0.101902 -0.090678 -0.259083 -0.180179 -0.024572 -0.149568 -0.108404 -0.099875 -0.055004 -0.094327 -0.095762 -0.225000 0.182297 0.002413 0.309868 -0.102074 -0.102642 -0.016522 0.089528 0.046109
-0.266438 -0.317566 0.159488 0.046006 0.400278 0.241842 0.183538 0.278855 0.234051 0.428217 -0.043548 0.034676 -0.077068 0.167354 -0.057309 0.025124 -0.268289 -0.346408 -0.178639 -0.024294 0.032243 0.165708 0.019114 0.225718 0.515819 0.657596 0.034237 0.134202 -0.176821 -0.215767 0.077332 0.221264 0.193794 0.403277 0.852391 1.000000 0.018788 -0.177706 -0.194353 -0.247916 -0.243887 -0.085247 -0.063292 -0.191677 0.051944 -0.111399 -0.299180 -0.101339 -0.257185 -0.223678 -0.239443 -0.247657 -0.107159 0.055366 -0.285687 -0.207745 -0.245684 -0.409908 -0.185023 -0.189954 -0.229256 -0.023442 -0.345609 -0.390050 0.106242 0.122973 0.624469 0.658886 0.111823 0.137688 0.145978 0.171302 -0.315881 -0.133732 -0.234163 -0.075568 0.113262 0.096915 -0.100019 -0.255285 -0.242424 -0.280270 -0.154060 -0.195530 -0.187850 -0.292996 -0.362308 -0.253884 -0.048169 -0.081998 0.089113 0.191844 0.175597 0.245026 0.011343 -0.154415 -0.224479 -0.130448 -0.306994 -0.146029 0.047994 0.002522 0.015826 0.063468 0.065988 0.074375 0.002220 -0.105049 0.184441 -0.031998 0.470646 -0.060645 -0.096956 -0.068746 0.157194 0.141435
