1.000000 0.275357 0.247844 0.019067 0.119643 0.217765 -0.103462 -0.100612 0.122241 0.096160 0.144997 -0.020252 -0.121542 -0.145753 0.060341 0.168950 0.399235 -0.015730 0.620178 0.355869 -0.105092 -0.104800 -0.135675 -0.252330 0.019602 -0.055027 0.121087 0.014869 0.179451 -0.038473 0.085085 -0.212439 0.280826 -0.129651 -0.113706 -0.367060 0.017210 -0.196567 -0.164362 -0.194345 0.215528 -0.072009 -0.223379 -0.207787 0.038361 -0.058139 -0.311949 -0.255464 0.196840 0.047661 0.023629 0.154567 0.156547 -0.019951 0.063897 -0.078158 0.579372 0.171424 0.281423 -0.023778 0.152046 -0.126795 0.166098 0.134747 -0.092528 -0.075827 -0.000264 -0.410172 0.388360 0.027759 0.085428 -0.138286 0.254365 0.041385 0.208595 0.255119 0.039025 -0.168047 0.167849 -0.144651 0.229300 0.097577 -0.077111 -0.030617 -0.069181 -0.129122 -0.074826 0.067530 -0.060215 0.095820 -0.058240 -0.111402 -0.454541 -0.298408 0.153215 0.008998 -0.098164 0.119017 0.072592 -0.101440 -0.246350 -0.055883 -0.182160 -0.118871 -0.177262 -0.188557 0.040396 0.085726 0.262707 0.010418 -0.255091 -0.039122 -0.149687 -0.001357 0.032646 0.126499
0.275357 1.000000 -0.140614 -0.026277 0.063816 -0.172945 -0.062985 -0.032304 -0.026971 -0.066303 0.259844 0.241536 0.001621 -0.142603 -0.074411 -0.006464 0.391096 0.399889 0.078154 0.259943 -0.076620 -0.211425 -0.173584 -0.377975 -0.263920 -0.336373 -0.284759 -0.167367 0.067783 0.177734 -0.174467 -0.296657 0.151381 0.052706 -0.087157 -0.200326 -0.080832 -0.035501 -0.105692 -0.083778 0.128890 0.172343 0.111414 0.121331 0.155909 0.154116 0.010798 0.091957 0.076754 0.245259 -0.107547 0.023362 0.104047 -0.092912 -0.131092 -0.337299 0.253538 0.660988 -0.020728 -0.058490 0.083942 0.018371 0.141315 0.303543 -0.169653 -0.214435 -0.183414 -0.291380 0.184589 -0.145748 0.168831 -0.014611 0.116167 0.270097 0.184762 0.125120 0.156251 0.031500 0.133476 0.212651 0.342232 0.410138 -0.156410 -0.076787 -0.114899 -0.127820 -0.153078 -0.089263 -0.221627 -0.136687 -0.090345 -0.104009 -0.366822 -0.096569 -0.167023 -0.012196 -0.000154 0.024747 0.169665 -0.174495 -0.071513 -0.068642 -0.137620 -0.117111 0.023480 -0.156419 -0.093053 0.031318 -0.020226 0.197172 0.071157 0.100826 0.015408 -0.124818 -0.066585 -0.068897
0.247844 -0.140614 1.000000 0.460630 0.291774 0.233189 0.581713 0.334814 0.346876 0.295419 0.056696 -0.260065 0.105680 0.141185 0.292809 0.219070 -0.023371 -0.469960 0.503275 0.163857 0.044788 0.071467 0.424299 0.255634 0.326239 0.206338 0.323407 0.269743 0.107739 -0.389103 0.337700 -0.030332 0.164202 0.025424 0.063509 -0.280410 -0.292385 -0.333146 -0.129526 -0.151843 -0.046685 -0.305186 -0.280823 -0.159810 -0.429140 -0.204831 -0.457061 -0.284989 -0.227887 -0.211801 0.125000 -0.013004 -0.011748 -0.195710 -0.019916 0.006085 -0.029200 -0.228909 0.301041 0.071833 0.147836 0.045836 0.007848 -0.202125 0.411990 0.236787 0.067273 -0.077903 0.219434 -0.003556 0.002164 -0.275679 -0.014323 -0.311558 -0.048348 -0.171025 -0.268581 -0.324359 -0.076078 -0.361613 -0.182218 -0.285070 0.149636 -0.213053 0.146574 -0.050637 0.418387 0.439513 0.465243 0.214753 -0.088003 0.093754 -0.084121 0.026732 0.400874 0.064435 -0.229878 0.272420 -0.156937 -0.099505 -0.144342 0.122253 -0.230540 -0.144381 -0.310549 -0.298148 0.098294 0.170655 0.157276 0.029153 -0.248522 -0.087058 -0.341854 -0.001918 -0.139837 -0.005845
0.019067 -0.026277 0.460630 1.000000 0.184823 0.308998 0.079432 0.221171 0.292972 0.131149 -0.174465 -0.241215 0.200673 0.365616 0.289893 0.141061 0.074613 -0.337179 0.329772 0.215103 0.080404 -0.173761 0.666642 0.700682 0.435169 0.440120 0.445213 0.370491 0.081655 -0.424812 0.535097 0.104796 0.260842 0.151524 0.135887 0.069843 -0.176236 -0.271251 -0.211281 -0.176925 -0.164419 -0.425966 -0.208299 -0.101849 -0.164240 0.033765 -0.375236 -0.242832 -0.259107 -0.224021 0.239065 -0.297081 -0.352218 -0.303315 -0.169127 0.064369 -0.204830 -0.009202 -0.118286 -0.122819 -0.194132 -0.043929 -0.252570 -0.285458 0.604879 0.469520 -0.005396 0.194615 0.330551 0.179257 0.012053 -0.282636 -0.064862 -0.331876 0.007245 -0.084977 -0.276108 -0.348106 -0.027480 -0.238554 -0.121181 -0.270271 -0.105435 -0.240455 0.433284 0.320119 0.415632 0.425692 0.458132 0.093963 -0.386868 -0.383923 -0.214801 -0.526718 0.242585 -0.076938 -0.299281 0.231144 -0.440829 -0.359925 -0.482593 -0.359978 -0.504128 -0.482643 -0.276617 -0.087576 -0.059241 -0.097726 0.239411 -0.039061 -0.220667 -0.320643 -0.329104 -0.200908 -0.202956 -0.014250
0.119643 0.063816 0.291774 0.184823 1.000000 0.665800 0.049016 -0.048685 0.733544 0.760817 -0.218521 -0.160282 -0.180449 -0.026630 0.590883 0.621557 -0.091498 -0.127975 0.091805 -0.008980 -0.169340 -0.007095 0.224490 0.076524 0.490687 0.217138 0.355412 0.196559 0.283433 -0.034764 0.505168 0.167225 -0.118667 -0.194079 -0.160134 -0.158242 -0.013899 -0.272117 -0.388618 -0.357629 0.156934 -0.383889 -0.009822 -0.129380 0.160056 0.248711 -0.193714 -0.284003 -0.007618 0.186631 0.014214 0.026870 -0.029584 -0.126156 -0.472227 -0.500563 0.024407 -0.054871 0.398204 0.366157 -0.077267 -0.102258 -0.126227 -0.175325 0.101027 0.084035 0.209762 -0.092726 0.247216 0.025123 0.239884 -0.091189 0.118441 -0.255633 -0.200067 -0.083274 -0.277962 -0.254538 -0.121538 -0.237039 -0.132816 -0.169530 0.105758 0.256390 -0.027687 -0.124824 0.338846 0.125558 0.171042 -0.188596 -0.126978 -0.264823 -0.059441 -0.195610 0.149092 -0.196189 -0.365493 -0.262973 -0.189447 -0.078773 -0.002941 0.068967 -0.066749 -0.031267 -0.055623 0.059182 0.084397 0.192744 0.032795 -0.266291 -0.258789 -0.217347 -0.004740 0.222934 0.045653 0.184221
0.217765 -0.172945 0.233189 0.308998 0.665800 1.000000 0.028717 -0.044688 0.575278 0.592126 -0.279440 -0.476531 -0.048420 0.099649 0.444409 0.464048 -0.027877 -0.349652 0.097600 0.049663 -0.073283 -0.075037 0.375834 0.391139 0.589450 0.465605 0.694357 0.483359 0.340582 -0.443778 0.501014 0.007509 -0.185716 -0.296450 -0.103148 -0.137112 -0.003487 -0.422872 -0.360973 -0.427107 -0.001318 -0.450275 0.036548 -0.043928 0.258124 0.355487 -0.266648 -0.407825 0.070769 0.195399 0.300037 0.058340 -0.032930 0.154788 -0.224643 -0.228188 0.027266 -0.187597 0.242584 0.131865 -0.233524 -0.308467 -0.138040 -0.313414 0.214655 0.327948 0.071982 -0.060615 0.186034 0.033125 0.110454 -0.419999 -0.037012 -0.617064 -0.474943 -0.169677 -0.552961 -0.522654 0.009575 -0.594125 -0.068220 -0.290236 0.036264 0.098468 0.263699 0.192650 0.352958 0.240811 0.289306 0.019624 -0.085731 -0.248178 -0.085611 -0.330418 0.357697 -0.432513 -0.475420 -0.216954 -0.222043 -0.034940 -0.196035 0.016135 -0.348015 -0.077197 -0.083186 0.198156 0.156689 0.050175 0.103860 -0.412582 -0.507170 -0.439530 -0.123816 0.236723 0.225422 0.366342
-0.103462 -0.062985 0.581713 0.079432 0.049016 0.028717 1.000000 0.473799 0.171445 0.166057 0.294382 -0.040778 0.311619 0.353441 0.022162 0.027902 -0.075135 -0.266424 0.140021 -0.053090 -0.078942 0.023045 0.123915 0.007558 -0.110547 -0.058856 0.070289 0.074045 -0.025236 -0.311887 -0.229495 -0.389566 0.095329 0.111037 -0.078624 -0.184017 -0.260757 -0.215806 -0.044581 -0.065214 0.004822 -0.172185 -0.165784 -0.017799 -0.500753 -0.285993 -0.303486 -0.138715 -0.094399 -0.309038 0.094897 -0.079004 0.206920 -0.181513 0.096488 -0.094832 -0.051332 -0.249135 0.198991 0.043569 0.437838 0.326418 0.110062 0.001129 0.377284 0.358896 -0.125362 0.028163 -0.152674 -0.119258 -0.105587 -0.275625 -0.176052 -0.272146 -0.079684 -0.088636 -0.107294 -0.174642 -0.150541 -0.190542 -0.330773 -0.255401 0.145659 -0.247050 -0.010077 -0.119920 0.235793 0.298843 0.440647 0.329679 0.089720 0.224278 0.214430 0.340641 0.225976 0.032028 -0.128261 0.221613 -0.117994 0.048010 -0.063587 0.349207 -0.076609 0.074131 -0.241824 -0.272271 0.111511 0.162389 -0.031225 -0.033265 -0.165329 0.043931 -0.137566 0.154311 -0.034692 -0.077276
-0.100612 -0.032304 0.334814 0.221171 -0.048685 -0.044688 0.473799 1.000000 -0.024732 0.083245 0.085091 0.044360 -0.053867 0.092595 -0.192905 -0.198462 0.143245 -0.134973 0.004123 -0.286924 -0.112242 0.075443 -0.120838 -0.055416 -0.173393 -0.152708 0.044349 -0.181325 -0.213157 -0.168303 -0.143638 -0.064874 0.247634 0.275895 -0.027568 -0.248547 -0.644200 -0.441496 -0.285932 -0.089500 -0.526910 -0.160999 -0.035978 0.187591 -0.143184 0.092358 -0.236829 -0.094595 -0.047342 -0.084168 0.139074 0.155601 0.043334 0.083290 0.046595 0.222766 0.175870 -0.100476 0.001637 0.090860 0.346922 0.561316 0.212875 0.245499 0.245740 0.435578 0.169627 0.386216 -0.160913 -0.252856 -0.412110 -0.277629 -0.106985 -0.196600 -0.070298 -0.143640 -0.204622 -0.340186 0.194094 -0.162689 -0.201474 -0.323076 -0.369281 -0.447673 -0.199536 -0.014838 0.020484 0.109634 0.150717 0.263729 0.183191 0.033558 0.321103 0.049615 0.204663 0.012651 -0.193101 0.237493 -0.088765 0.149443 0.152504 0.119172 0.142020 -0.112397 -0.199664 -0.269255 0.099035 -0.065097 0.168969 -0.144912 -0.261744 -0.030646 0.039087 0.250703 0.011436 -0.011180
0.122241 -0.026971 0.346876 0.292972 0.733544 0.575278 0.171445 -0.024732 1.000000 0.839348 -0.013780 -0.049325 0.068218 0.285958 0.597245 0.750229 0.016247 -0.264864 0.111784 -0.065508 -0.293081 -0.131346 0.284703 0.208478 0.357821 0.066916 0.291134 0.066444 0.401971 -0.128689 0.399723 -0.053244 -0.003247 -0.280058 -0.099384 -0.308262 -0.063217 -0.488254 -0.538578 -0.609582 0.233408 -0.598217 -0.133538 -0.114107 0.063471 0.168971 -0.416345 -0.646815 0.251980 0.128033 0.337587 0.133922 -0.011291 -0.208252 -0.186162 -0.449919 -0.027333 -0.291466 0.387127 0.492844 0.026785 -0.027734 0.045901 -0.026388 0.230184 0.252307 0.275963 -0.124469 0.044129 -0.229719 0.077647 -0.458921 0.235038 -0.327672 -0.141300 -0.146948 -0.173402 -0.488082 -0.084147 -0.441986 -0.139139 -0.270063 -0.026341 0.172020 0.109033 0.063888 0.333652 0.301663 0.395904 0.001387 -0.331165 -0.419801 -0.004781 -0.317988 0.319467 -0.292188 -0.570679 -0.126970 -0.408395 -0.102922 0.060758 0.043112 -0.035896 -0.039438 -0.025172 0.118987 0.420264 0.496804 -0.093202 -0.352557 -0.545304 -0.349786 -0.032658 0.379889 0.165291 0.383840
0.096160 -0.066303 0.295419 0.131149 0.760817 0.592126 0.166057 0.083245 0.839348 1.000000 -0.025357 -0.053008 -0.063679 0.165538 0.473774 0.715830 0.024386 -0.253252 -0.010390 -0.243947 -0.412167 -0.211410 0.087597 -0.008834 0.283469 -0.008913 0.271829 -0.043555 0.313829 -0.062992 0.360289 -0.042138 -0.020199 -0.251202 -0.129714 -0.357093 -0.141863 -0.498546 -0.632044 -0.593317 0.227339 -0.535854 -0.167794 -0.123711 0.174974 0.244804 -0.319914 -0.587887 0.315816 0.239472 0.294742 0.256538 0.079649 -0.109353 -0.193242 -0.350916 0.006900 -0.313890 0.519159 0.553952 0.106115 0.103444 0.086235 0.032823 0.088014 0.194198 0.390612 -0.086346 -0.006735 -0.296653 -0.008243 -0.413492 0.214872 -0.361053 -0.235842 -0.285141 -0.241747 -0.519933 -0.068558 -0.427689 -0.076484 -0.219911 -0.082516 0.154243 -0.035574 -0.001914 0.306459 0.209680 0.286079 -0.038509 -0.123619 -0.330446 0.076251 -0.279185 0.307992 -0.351445 -0.472282 -0.176836 -0.231365 0.014824 0.236313 0.095730 0.064462 0.065692 0.044919 0.127866 0.441304 0.461111 -0.151238 -0.403589 -0.532848 -0.261044 0.081570 0.430353 0.159754 0.380118
0.144997 0.259844 0.056696 -0.174465 -0.218521 -0.279440 0.294382 0.085091 -0.013780 -0.025357 1.000000 0.710700 0.493140 0.394424 -0.088573 0.210497 0.281084 0.101952 0.134872 -0.014478 -0.230515 -0.322063 -0.234982 -0.334955 -0.515223 -0.495829 -0.234155 -0.214358 0.184935 0.133959 -0.330477 -0.372033 0.141113 0.005038 -0.054509 -0.330659 -0.108213 -0.064489 -0.243805 -0.185062 0.255110 -0.004971 -0.090422 0.098602 -0.328547 -0.284375 -0.069694 -0.161523 0.304097 -0.200825 0.032601 -0.085164 0.377061 -0.208900 0.346822 -0.160752 0.042760 -0.035689 0.249231 0.101902 0.569269 0.318985 0.706511 0.631482 -0.166798 -0.153673 -0.024889 -0.198552 -0.313030 -0.398183 -0.113871 -0.079974 0.202462 0.159293 0.336718 0.254251 0.304190 -0.006255 0.002113 0.134791 0.110218 0.223548 -0.180921 -0.212518 -0.162315 -0.226768 -0.215181 -0.089818 -0.127290 0.028241 -0.035524 -0.024834 -0.190268 0.012152 -0.037874 -0.056031 0.073637 0.073221 -0.016630 -0.102978 0.137142 0.241806 0.000793 0.113006 -0.014828 -0.261732 0.173004 0.150279 -0.155624 0.141063 -0.011503 0.145392 0.031369 0.025446 -0.095555 -0.024030
-0.020252 0.241536 -0.260065 -0.241215 -0.160282 -0.476531 -0.040778 0.044360 -0.049325 -0.053008 0.710700 1.000000 0.227293 0.248845 -0.110833 0.198763 0.182555 0.404742 -0.100347 -0.142770 -0.270384 -0.226041 -0.427509 -0.395252 -0.552953 -0.580025 -0.461199 -0.460148 0.082777 0.515614 -0.316005 -0.085436 0.168701 0.179119 -0.185329 -0.160425 0.021520 0.107496 -0.184637 -0.079468 0.222024 0.113367 -0.065709 0.073757 -0.220703 -0.287832 0.119793 -0.001097 0.186440 -0.235879 -0.122988 -0.132687 0.290943 -0.301873 0.156733 -0.169606 0.133589 0.122497 0.074910 0.212569 0.440211 0.434710 0.650838 0.750533 -0.387710 -0.305483 0.100968 -0.102259 -0.349897 -0.410488 -0.108320 0.214250 0.383069 0.434193 0.505878 0.327564 0.492324 0.240842 0.057110 0.443972 0.218370 0.411952 -0.228355 0.033128 -0.332862 -0.225076 -0.403153 -0.373045 -0.330225 -0.168283 0.002736 -0.172649 -0.050003 -0.042321 -0.236384 0.060340 0.181816 -0.031642 0.013123 -0.204297 0.190565 0.125178 0.267560 0.051900 0.078649 -0.277734 0.055085 0.040419 -0.112774 0.064669 0.117550 0.132799 0.173417 -0.074151 -0.191401 -0.128225
-0.121542 0.001621 0.105680 0.200673 -0.180449 -0.048420 0.311619 -0.053867 0.068218 -0.063679 0.493140 0.227293 1.000000 0.809489 0.379303 0.294044 -0.164875 -0.307939 0.025073 0.074414 -0.082922 -0.204033 0.361965 0.333059 -0.004942 0.142252 0.258239 0.308754 0.269076 -0.423579 -0.045849 -0.219779 -0.047435 -0.034918 0.132884 -0.012937 0.005322 -0.030468 -0.102146 -0.049741 0.182488 -0.101545 -0.072901 0.096769 -0.297666 -0.156738 -0.259831 -0.120775 0.070493 -0.162951 0.377427 -0.227619 -0.146428 -0.355317 0.163229 -0.215915 -0.505067 -0.175010 -0.165046 -0.139235 0.034399 0.025383 0.009248 -0.079873 0.473023 0.362135 -0.396594 -0.095712 -0.343750 -0.117204 -0.084107 -0.191026 -0.156352 -0.226805 0.063598 0.138134 0.070565 -0.032799 -0.141529 -0.160832 -0.089149 0.007165 0.201240 -0.102312 0.559343 0.296933 0.227433 0.180501 0.351880 0.107037 -0.356137 -0.132645 -0.094261 -0.102612 0.162074 -0.207120 -0.186588 0.115500 -0.330654 -0.418897 -0.127693 -0.219417 -0.431436 -0.315569 -0.139407 -0.179540 0.058660 0.014940 -0.018115 0.105539 -0.026827 -0.064327 -0.346411 -0.134089 -0.085918 -0.021713
-0.145753 -0.142603 0.141185 0.365616 -0.026630 0.099649 0.353441 0.092595 0.285958 0.165538 0.394424 0.248845 0.809489 1.000000 0.312563 0.441156 -0.142442 -0.347284 0.040743 -0.002940 -0.195518 -0.243568 0.337653 0.434833 0.108771 0.261020 0.298359 0.260817 0.264141 -0.447290 0.015938 -0.196524 0.090064 0.037463 0.104191 0.035778 -0.079558 -0.205679 -0.236967 -0.232805 0.182947 -0.352232 -0.065312 0.126689 -0.289963 -0.069958 -0.281401 -0.294153 0.170729 -0.315364 0.437789 -0.218427 -0.156446 -0.472546 0.104438 -0.185401 -0.477454 -0.374617 -0.070552 -0.013075 0.080378 0.132956 0.042066 -0.027401 0.425247 0.541671 -0.129385 0.164229 -0.328064 -0.250324 -0.174599 -0.293285 -0.095098 -0.332310 -0.026756 -0.007536 -0.044870 -0.195129 -0.227853 -0.231549 -0.211968 -0.239912 0.033097 -0.068732 0.479992 0.346996 0.171651 0.160122 0.378547 0.111264 -0.376019 -0.293867 0.017718 -0.283895 0.179943 -0.303862 -0.231802 0.010660 -0.481004 -0.358325 -0.137812 -0.257677 -0.304548 -0.293357 -0.107460 -0.173944 0.152924 0.078461 -0.034411 -0.139162 -0.209718 -0.234052 -0.229849 -0.027653 -0.052659 0.087698
0.060341 -0.074411 0.292809 0.289893 0.590883 0.444409 0.022162 -0.192905 0.597245 0.473774 -0.088573 -0.110833 0.379303 0.312563 1.000000 0.667600 -0.228943 -0.337939 0.175569 0.181624 -0.227621 -0.010394 0.495592 0.360898 0.468150 0.283880 0.483680 0.392127 0.365910 -0.273184 0.461249 0.154940 -0.156069 -0.211467 -0.079730 -0.146993 0.044272 -0.203160 -0.269060 -0.224885 0.188718 -0.292271 -0.208147 -0.152604 0.006783 0.012041 -0.360391 -0.264575 -0.102744 0.123979 0.289081 0.034105 -0.262089 -0.224314 -0.205645 -0.397986 -0.283519 -0.116560 -0.015803 0.030383 -0.258592 -0.259364 -0.276745 -0.318076 0.425080 0.224426 -0.188927 -0.204068 -0.014681 0.046979 0.121199 -0.171621 -0.049471 -0.265893 -0.112840 0.028675 -0.207991 -0.118302 -0.163259 -0.261267 -0.120944 -0.080214 0.417922 0.326701 0.483651 0.309632 0.502922 0.311180 0.433751 0.042669 -0.406805 -0.230743 -0.159577 -0.244240 0.314902 -0.116035 -0.450499 -0.061004 -0.264275 -0.324508 -0.211304 -0.225056 -0.297216 -0.354866 -0.220905 -0.091325 0.070233 0.104775 0.137218 -0.077059 -0.233794 -0.177223 -0.273302 0.037694 -0.014647 0.117065
0.168950 -0.006464 0.219070 0.141061 0.621557 0.464048 0.027902 -0.198462 0.750229 0.715830 0.210497 0.198763 0.294044 0.441156 0.667600 1.000000 0.021056 -0.188239 0.050396 0.029089 -0.411279 -0.156166 0.219589 0.133672 0.324900 0.102252 0.304767 0.126777 0.481669 -0.107624 0.331857 0.003491 -0.112706 -0.310786 -0.207285 -0.283216 -0.010637 -0.297590 -0.409680 -0.513257 0.427502 -0.451533 -0.159029 -0.074338 -0.032893 0.001637 -0.367825 -0.543167 0.186480 0.026522 0.283376 0.028939 -0.089046 -0.421879 -0.030686 -0.549757 -0.089201 -0.178070 0.299332 0.380363 -0.012142 -0.012900 0.120422 0.030501 0.079464 0.146701 0.098998 -0.182371 -0.109729 -0.259609 0.087863 -0.265248 0.216006 -0.217407 -0.097432 -0.138081 -0.095114 -0.254405 -0.159323 -0.267071 0.024537 -0.047441 0.103891 0.429271 0.156909 0.112118 0.302089 0.223505 0.303610 -0.034906 -0.389913 -0.445135 -0.134125 -0.375275 0.198016 -0.444535 -0.454516 -0.318848 -0.379570 -0.360813 0.022056 -0.041889 -0.103367 -0.040778 0.082291 0.045110 0.379205 0.432219 -0.112643 -0.376060 -0.398800 -0.309439 -0.134064 0.136370 0.089753 0.290517
0.399235 0.391096 -0.023371 0.074613 -0.091498 -0.027877 -0.075135 0.143245 0.016247 0.024386 0.281084 0.182555 -0.164875 -0.142442 -0.228943 0.021056 1.000000 0.400075 0.208196 0.169459 -0.044847 -0.209878 -0.121887 -0.209122 -0.192314 -0.328373 -0.076513 -0.143196 0.463358 0.215966 0.029366 -0.081274 0.275736 -0.117065 0.010749 -0.382478 -0.121598 -0.309455 -0.190681 -0.393863 0.158314 -0.136751 -0.219241 -0.211520 0.120977 0.005007 -0.359032 -0.466123 0.159787 0.074153 -0.027461 -0.075025 0.042049 0.044962 0.222493 -0.080628 0.523739 0.211672 0.224943 0.043881 0.223244 0.005164 0.374188 0.359024 -0.097079 -0.024191 0.076718 -0.319972 0.180492 -0.382915 0.158263 -0.342307 0.551222 0.179866 0.334682 0.103095 0.130330 -0.386367 0.527099 0.067186 0.443631 0.176128 -0.423055 -0.176993 -0.178972 -0.218667 0.002509 0.238997 0.061466 0.071448 -0.243863 -0.384221 -0.472382 -0.448634 0.123131 -0.140582 -0.195168 0.001942 -0.288569 -0.090774 -0.147619 0.028484 -0.180224 -0.049187 -0.017751 0.112172 0.353930 0.296272 -0.194817 -0.137337 -0.439371 -0.365221 -0.237231 0.030796 0.289444 0.378344
-0.015730 0.399889 -0.469960 -0.337179 -0.127975 -0.349652 -0.266424 -0.134973 -0.264864 -0.253252 0.101952 0.404742 -0.307939 -0.347284 -0.337939 -0.188239 0.400075 1.000000 -0.221721 0.031469 0.120558 0.158735 -0.403954 -0.355609 -0.329216 -0.349093 -0.453417 -0.284418 0.110554 0.649413 -0.207351 0.140780 0.072985 0.167098 -0.228305 0.133882 0.259963 0.397186 0.198653 0.178702 0.269680 0.468906 0.052678 -0.033203 0.046169 -0.127675 0.195879 0.227412 -0.085634 -0.123395 -0.381003 -0.167801 0.022631 -0.084570 -0.037096 -0.132033 0.262364 0.460814 -0.178243 -0.180059 0.033817 0.022007 0.146624 0.336321 -0.442135 -0.349736 -0.160012 -0.130622 0.042296 -0.063831 0.150722 0.434031 0.464525 0.554702 0.440964 0.374102 0.355991 0.374896 0.254204 0.669517 0.339504 0.418059 -0.214541 0.236633 -0.418966 -0.311207 -0.381366 -0.282144 -0.379466 -0.314729 -0.060876 -0.135309 -0.214323 -0.047815 -0.328032 0.183432 0.300182 -0.189838 0.037060 -0.048553 -0.103602 0.004396 0.170357 0.168762 0.173743 0.049673 -0.211291 -0.133537 -0.057017 -0.041707 0.147552 -0.031054 0.089436 -0.224420 0.006365 -0.120200
0.620178 0.078154 0.503275 0.329772 0.091805 0.097600 0.140021 0.004123 0.111784 -0.010390 0.134872 -0.100347 0.025073 0.040743 0.175569 0.050396 0.208196 -0.221721 1.000000 0.604284 0.117640 0.025295 0.242332 0.089119 0.173038 0.130667 0.235307 0.131745 0.185576 -0.185691 0.206738 -0.038668 0.406742 0.134859 0.070789 -0.242837 -0.103424 -0.221746 -0.063882 -0.094477 0.126858 -0.270923 -0.394088 -0.330053 -0.238896 -0.227000 -0.348600 -0.254185 -0.126179 -0.148655 -0.074239 -0.105696 0.042153 -0.121569 0.044086 0.026577 0.172639 -0.099192 0.212419 -0.159922 0.202342 -0.045345 0.081612 -0.016911 0.243535 -0.014268 0.032164 -0.300172 0.456982 0.202632 0.181795 -0.104914 0.122374 -0.012852 0.191229 0.200100 -0.090788 -0.117279 -0.066688 -0.107986 -0.104768 -0.171092 0.074040 -0.153085 0.047206 -0.168982 0.191633 0.228417 0.183962 0.182562 -0.176148 -0.052546 -0.376811 -0.228691 0.181472 0.112632 -0.159428 0.237304 -0.137049 -0.298145 -0.306248 -0.083438 -0.214845 -0.191161 -0.251677 -0.231849 -0.004189 -0.015506 0.132584 0.102126 -0.184722 -0.085281 -0.246105 -0.036793 -0.136260 0.048534
0.355869 0.259943 0.163857 0.215103 -0.008980 0.049663 -0.053090 -0.286924 -0.065508 -0.243947 -0.014478 -0.142770 0.074414 -0.002940 0.181624 0.029089 0.169459 0.031469 0.604284 1.000000 0.330052 0.210007 0.375890 0.214955 0.283315 0.271380 0.098152 0.236502 0.264007 -0.132258 0.152977 0.092641 0.071278 0.089565 0.065893 -0.144376 0.115493 0.123359 0.270440 0.058303 0.143146 0.020769 -0.154480 -0.119847 -0.239653 -0.218810 -0.142223 -0.038174 -0.380981 -0.117410 -0.146522 -0.193161 -0.127088 -0.128122 0.152285 -0.071566 -0.004665 0.217135 -0.234255 -0.398681 -0.246448 -0.404618 -0.133908 -0.278034 0.092023 -0.208061 -0.372624 -0.395055 0.351928 0.335087 0.368787 0.017184 0.063361 0.105310 0.041784 0.228133 -0.040301 0.140309 0.070610 0.085762 0.075685 0.054299 0.183370 0.154332 0.208127 -0.002308 0.152058 0.203182 0.125527 0.167098 -0.270295 0.055725 -0.350323 -0.097460 0.044973 0.034542 -0.094863 -0.009621 -0.167747 -0.403621 -0.392191 -0.112949 -0.287970 -0.132138 -0.076261 -0.087301 -0.168097 -0.085736 0.036056 0.120749 -0.022770 -0.244959 -0.324919 -0.355918 0.047441 -0.012320
-0.105092 -0.076620 0.044788 0.080404 -0.169340 -0.073283 -0.078942 -0.112242 -0.293081 -0.412167 -0.230515 -0.270384 -0.082922 -0.195518 -0.227621 -0.411279 -0.044847 0.120558 0.117640 0.330052 1.000000 0.506033 0.272203 0.236816 0.233970 0.236200 0.053445 0.261708 0.161945 -0.039083 0.121624 0.247299 -0.020275 0.146199 0.470910 0.262812 0.287847 0.306032 0.469247 0.308903 -0.030766 0.226300 -0.021683 -0.208180 -0.190457 -0.095758 0.066934 0.213757 -0.437487 -0.135576 -0.330052 -0.389221 -0.305223 0.110777 -0.109688 0.076392 -0.189212 0.055625 -0.178129 -0.154990 -0.334958 -0.396263 -0.251762 -0.428992 -0.029536 -0.197433 -0.170837 -0.141858 0.491954 0.349651 0.416642 0.187712 0.041518 -0.032970 -0.015963 0.323343 0.065786 0.137625 0.182854 0.049074 0.029198 0.006854 0.030270 -0.057316 0.136675 -0.175973 0.222999 0.086314 -0.050050 -0.098795 -0.158809 0.061128 -0.171137 0.112315 -0.200616 0.072192 0.097735 -0.189696 -0.229899 -0.221437 -0.176230 -0.070430 -0.258197 0.018689 0.262769 0.300356 -0.308731 -0.272162 -0.018429 0.126717 0.217877 -0.256330 -0.451227 -0.457621 0.045408 -0.063772
-0.104800 -0.211425 0.071467 -0.173761 -0.007095 -0.075037 0.023045 0.075443 -0.131346 -0.211410 -0.322063 -0.226041 -0.204033 -0.243568 -0.010394 -0.156166 -0.209878 0.158735 0.025295 0.210007 0.506033 1.000000 -0.008531 0.050221 0.224920 0.251036 -0.003806 0.207996 0.000959 0.026576 0.045793 0.434317 -0.129352 0.110358 0.054892 0.164203 0.134940 0.257112 0.512917 0.501854 -0.026119 0.357008 -0.028991 -0.087862 -0.221495 -0.145807 0.055572 0.258251 -0.457116 -0.148023 -0.297429 -0.094621 -0.265659 0.005795 -0.058330 -0.009163 -0.075338 -0.013275 -0.213414 -0.148572 -0.122412 -0.038922 -0.238082 -0.300466 -0.024837 -0.093510 -0.119539 0.078155 0.095754 0.328567 0.082580 0.307695 -0.040911 0.077867 -0.192859 0.136996 -0.004194 0.280835 -0.034351 0.164127 -0.111177 -0.089957 0.290658 0.312306 -0.131342 -0.122173 0.173325 0.050587 -0.026640 0.006795 -0.040966 0.151251 0.089494 0.186721 0.027820 0.219853 0.092781 -0.075473 -0.146107 -0.113094 -0.013604 -0.078738 0.173053 0.046207 0.017022 -0.064336 -0.350320 -0.185054 0.125620 0.006085 0.195443 -0.096839 -0.274776 -0.283656 0.026366 -0.168107
-0.135675 -0.173584 0.424299 0.666642 0.224490 0.375834 0.123915 -0.120838 0.284703 0.087597 -0.234982 -0.427509 0.361965 0.337653 0.495592 0.219589 -0.121887 -0.403954 0.242332 0.375890 0.272203 -0.008531 1.000000 0.851895 0.701220 0.652658 0.628531 0.684670 0.295495 -0.470420 0.606321 0.196522 -0.090944 -0.091403 0.190676 0.114529 -0.047961 -0.157557 0.027623 -0.122239 -0.055526 -0.460868 -0.153438 -0.165994 -0.129412 -0.034291 -0.325926 -0.211115 -0.351426 -0.037591 0.164598 -0.263366 -0.500807 -0.160989 -0.128327 -0.060475 -0.418560 -0.075289 -0.273267 -0.228039 -0.488475 -0.392642 -0.447893 -0.575564 0.662232 0.413503 -0.296318 -0.066990 0.300123 0.289381 0.242641 -0.263441 -0.160880 -0.433198 -0.118624 -0.101876 -0.277804 -0.220215 0.063032 -0.266504 -0.185049 -0.241402 0.176624 0.018010 0.571633 0.251439 0.591839 0.515572 0.574261 0.078443 -0.538196 -0.277249 -0.248442 -0.264232 0.227981 -0.133583 -0.295426 0.033672 -0.437922 -0.352626 -0.413498 -0.199583 -0.515594 -0.302409 -0.090296 0.120966 0.011392 0.008561 0.026720 -0.015632 -0.127962 -0.368736 -0.509723 -0.269171 0.016644 0.032722
-0.252330 -0.377975 0.255634 0.700682 0.076524 0.391139 0.007558 -0.055416 0.208478 -0.008834 -0.334955 -0.395252 0.333059 0.434833 0.360898 0.133672 -0.209122 -0.355609 0.089119 0.214955 0.236816 0.050221 0.851895 1.000000 0.655154 0.736122 0.561343 0.625687 0.198078 -0.483507 0.558893 0.330683 -0.028504 0.084084 0.200562 0.317246 0.009095 -0.134102 0.013317 -0.077954 -0.160970 -0.386257 -0.051745 -0.031017 -0.093210 0.032581 -0.211089 -0.189074 -0.326612 -0.148710 0.241886 -0.243878 -0.542575 -0.127394 -0.154273 0.076080 -0.501905 -0.212089 -0.427334 -0.320387 -0.494624 -0.297290 -0.440656 -0.531834 0.617026 0.512228 -0.215260 0.167352 0.085835 0.228321 -0.021767 -0.222398 -0.210876 -0.486814 -0.222594 -0.107636 -0.388038 -0.208599 0.026550 -0.243395 -0.156639 -0.256660 0.069184 0.084114 0.614356 0.459328 0.426221 0.349484 0.464546 0.039367 -0.482829 -0.304950 -0.090564 -0.335910 0.240337 -0.197991 -0.275633 -0.007308 -0.492358 -0.271308 -0.413357 -0.260107 -0.427087 -0.300995 -0.103055 0.119610 -0.052990 -0.145348 0.135426 -0.208182 -0.201109 -0.439098 -0.370030 -0.247118 -0.010922 0.014607
0.019602 -0.263920 0.326239 0.435169 0.490687 0.589450 -0.110547 -0.173393 0.357821 0.283469 -0.515223 -0.552953 -0.004942 0.108771 0.468150 0.324900 -0.192314 -0.329216 0.173038 0.283315 0.233970 0.224920 0.701220 0.655154 1.000000 0.833880 0.613465 0.629448 0.371080 -0.306390 0.734624 0.480210 -0.082231 -0.082653 0.213495 0.168503 0.052973 -0.215024 0.022292 -0.128729 0.044373 -0.358067 -0.039235 -0.139035 0.116002 0.219772 -0.225726 -0.225180 -0.308977 0.067747 0.046616 -0.097045 -0.500562 -0.078911 -0.377854 -0.139804 -0.355136 -0.180147 -0.141493 -0.098639 -0.576285 -0.481562 -0.493547 -0.659188 0.353400 0.314048 -0.079184 0.039554 0.376834 0.252721 0.178554 -0.191902 0.001377 -0.471384 -0.299372 -0.155300 -0.340360 -0.226185 0.035200 -0.283326 -0.089477 -0.293536 0.145604 0.270257 0.425802 0.232670 0.432505 0.203590 0.303410 -0.235380 -0.392597 -0.295267 -0.152165 -0.271538 0.254014 -0.212194 -0.368543 -0.227765 -0.401290 -0.257971 -0.275446 -0.234728 -0.263873 -0.197055 0.036487 0.196339 -0.049265 0.001193 0.137534 -0.264000 -0.196912 -0.474408 -0.352295 -0.077924 0.253336 0.199921
-0.055027 -0.336373 0.206338 0.440120 0.217138 0.465605 -0.058856 -0.152708 0.066916 -0.008913 -0.495829 -0.580025 0.142252 0.261020 0.283880 0.102252 -0.328373 -0.349093 0.130667 0.271380 0.236200 0.251036 0.652658 0.736122 0.833880 1.000000 0.594620 0.761840 0.091857 -0.462906 0.561442 0.390521 -0.093700 -0.016715 0.118539 0.381341 0.128797 0.010812 0.230610 0.185951 -0.053444 -0.181471 0.057286 -0.019417 -0.002776 0.127224 -0.078285 0.047164 -0.335900 -0.141827 0.061221 -0.205636 -0.486468 -0.135590 -0.181684 0.008098 -0.424414 -0.200200 -0.301973 -0.342146 -0.547005 -0.387064 -0.596693 -0.702679 0.414547 0.457839 -0.214298 0.256713 0.251537 0.437001 0.102641 0.023053 -0.304414 -0.404247 -0.365656 -0.122121 -0.360790 -0.011084 -0.142567 -0.176701 -0.220988 -0.357586 0.235613 0.138212 0.483799 0.301156 0.337475 0.150345 0.266339 -0.118910 -0.266120 -0.121122 -0.037092 -0.238790 0.176449 -0.102025 -0.077907 -0.110828 -0.344613 -0.192428 -0.345876 -0.344061 -0.281588 -0.250309 -0.136801 -0.004947 -0.242219 -0.228717 0.211579 -0.111542 0.035240 -0.292163 -0.294728 -0.186040 0.004266 -0.081481
0.121087 -0.284759 0.323407 0.445213 0.355412 0.694357 0.070289 0.044349 0.291134 0.271829 -0.234155 -0.461199 0.258239 0.298359 0.483680 0.304767 -0.076513 -0.453417 0.235307 0.098152 0.053445 -0.003806 0.628531 0.561343 0.613465 0.594620 1.000000 0.739715 0.320454 -0.567878 0.569377 0.080331 -0.131007 -0.279848 0.020650 -0.090615 -0.173581 -0.336500 -0.216472 -0.222680 -0.051617 -0.438850 -0.063623 -0.107545 0.129931 0.166481 -0.420827 -0.271513 -0.053782 0.078157 0.443777 -0.000257 -0.196872 0.121708 -0.137917 -0.008834 -0.151716 -0.135061 -0.019727 -0.131256 -0.353720 -0.316137 -0.290804 -0.416402 0.518543 0.547364 -0.116730 -0.002704 0.212940 0.138214 0.111730 -0.329141 -0.130899 -0.557239 -0.285833 -0.124678 -0.513633 -0.424110 0.035643 -0.558707 -0.183733 -0.365981 0.151370 -0.086852 0.505289 0.351204 0.446797 0.331702 0.482074 0.130979 -0.152264 -0.226305 -0.188917 -0.338441 0.343003 -0.296096 -0.347901 0.024133 -0.270869 -0.196002 -0.301483 -0.210386 -0.467497 -0.341033 -0.258350 0.015959 0.009439 -0.058277 0.215938 -0.188511 -0.343043 -0.367265 -0.368375 0.096858 0.147927 0.228540
0.014869 -0.167367 0.269743 0.370491 0.196559 0.483359 0.074045 -0.181325 0.066444 -0.043555 -0.214358 -0.460148 0.308754 0.260817 0.392127 0.126777 -0.143196 -0.284418 0.131745 0.236502 0.261708 0.207996 0.684670 0.625687 0.629448 0.761840 0.739715 1.000000 0.282433 -0.511323 0.542445 0.171726 -0.268917 -0.282828 0.012763 0.153070 0.169177 -0.054844 0.204402 0.172260 0.070851 -0.136174 0.054134 -0.042534 -0.029769 0.037722 -0.146116 0.041769 -0.311721 -0.072617 0.149118 -0.228234 -0.324134 -0.002833 -0.108501 -0.106753 -0.304128 -0.015024 -0.219987 -0.381877 -0.472433 -0.483497 -0.421118 -0.553613 0.424361 0.409800 -0.399538 -0.025790 0.205811 0.269282 0.297686 -0.056606 -0.223707 -0.373427 -0.236284 0.015222 -0.312545 -0.097030 -0.019526 -0.233036 -0.016159 -0.081911 0.391025 -0.011590 0.568781 0.321949 0.441780 0.276268 0.348213 -0.025375 -0.256097 -0.084354 -0.303191 -0.214251 0.273683 -0.041122 -0.016352 0.063976 -0.240632 -0.188151 -0.458359 -0.264913 -0.493610 -0.305941 -0.302550 -0.133749 -0.256345 -0.213911 0.173898 0.116423 0.042843 -0.230893 -0.491281 -0.300411 -0.039739 -0.072141
0.179451 0.067783 0.107739 0.081655 0.283433 0.340582 -0.025236 -0.213157 0.401971 0.313829 0.184935 0.082777 0.269076 0.264141 0.365910 0.481669 0.463358 0.110554 0.185576 0.264007 0.161945 0.000959 0.295495 0.198078 0.371080 0.091857 0.320454 0.282433 1.000000 -0.036008 0.413376 0.189161 0.023780 -0.163401 0.231414 -0.290927 0.116203 -0.388516 -0.219066 -0.491643 0.409791 -0.329086 -0.193125 -0.260669 0.026946 0.048167 -0.399784 -0.629202 -0.013595 0.083519 0.079179 -0.196767 -0.199200 -0.084191 -0.111546 -0.453425 -0.108140 -0.155078 0.193729 0.101968 -0.109683 -0.363027 0.173524 -0.048889 0.076072 0.025678 -0.047460 -0.502612 0.072546 -0.400810 0.333978 -0.417963 0.591805 -0.263099 0.093448 0.205532 -0.035968 -0.412091 0.413862 -0.216282 0.408155 0.156854 -0.043279 0.195493 0.286113 0.020749 0.350149 0.243031 0.225677 -0.188127 -0.553958 -0.510016 -0.481503 -0.430603 0.345619 -0.429775 -0.517099 -0.279759 -0.585757 -0.456511 -0.175688 -0.141003 -0.389532 -0.118626 0.149009 0.285131 0.355877 0.362568 -0.187478 -0.335197 -0.551926 -0.683455 -0.520359 0.017166 0.465363 0.617084
-0.038473 0.177734 -0.389103 -0.424812 -0.034764 -0.443778 -0.311887 -0.168303 -0.128689 -0.062992 0.133959 0.515614 -0.423579 -0.447290 -0.273184 -0.107624 0.215966 0.649413 -0.185691 -0.132258 -0.039083 0.026576 -0.470420 -0.483507 -0.306390 -0.462906 -0.567878 -0.511323 -0.036008 1.000000 -0.080294 0.318590 0.200371 0.145153 -0.006057 0.059167 0.169852 0.296941 0.034443 0.073299 0.170820 0.327239 -0.117718 -0.238765 0.088152 -0.119581 0.265258 0.134158 0.019571 0.068092 -0.480843 0.079390 0.136600 0.082073 -0.039334 0.037817 0.229050 0.184708 0.051695 0.135718 0.116302 0.090702 0.272189 0.433224 -0.591929 -0.523905 0.191564 -0.085508 0.047343 -0.119984 0.020478 0.448643 0.488036 0.655116 0.430066 0.300627 0.500623 0.356769 0.194804 0.643206 0.263006 0.398459 -0.156738 0.308108 -0.540156 -0.429715 -0.447810 -0.352292 -0.507731 -0.416604 0.070197 -0.113392 -0.045925 0.039778 -0.424805 0.268334 0.285872 -0.160698 0.129630 0.118412 0.211325 0.270355 0.485094 0.234104 0.155636 0.011193 -0.083757 0.077568 -0.172502 0.030492 0.206596 0.175254 0.310643 0.045198 0.045395 -0.163273
0.085085 -0.174467 0.337700 0.535097 0.505168 0.501014 -0.229495 -0.143638 0.399723 0.360289 -0.330477 -0.316005 -0.045849 0.015938 0.461249 0.331857 0.029366 -0.207351 0.206738 0.152977 0.121624 0.045793 0.606321 0.558893 0.734624 0.561442 0.569377 0.542445 0.413376 -0.080294 1.000000 0.574748 0.077908 -0.069584 0.176740 0.031995 -0.003797 -0.244487 -0.286363 -0.258794 -0.024202 -0.386174 -0.251152 -0.376096 0.081585 0.082335 -0.308882 -0.349660 -0.281261 0.107643 0.007623 -0.065834 -0.376220 -0.035273 -0.328244 -0.093246 -0.182871 -0.058364 0.014658 -0.008208 -0.409727 -0.360700 -0.280982 -0.385872 0.287091 0.189019 0.096960 -0.090022 0.353408 0.154030 0.276994 -0.072829 0.218912 -0.226578 -0.062736 0.050746 -0.181517 -0.237466 0.187618 -0.168682 0.065183 -0.075631 0.031030 0.126117 0.292234 0.221958 0.379746 0.202786 0.219489 -0.247083 -0.355877 -0.444556 -0.278134 -0.477335 0.247493 -0.229038 -0.306531 -0.064761 -0.373420 -0.223349 -0.183818 -0.273066 -0.241410 -0.261807 -0.190025 0.056284 0.006186 0.084371 0.136636 -0.195412 -0.271911 -0.378759 -0.271212 -0.067134 0.028405 0.108326
-0.212439 -0.296657 -0.030332 0.104796 0.167225 0.007509 -0.389566 -0.064874 -0.053244 -0.042138 -0.372033 -0.085436 -0.219779 -0.196524 0.154940 0.003491 -0.081274 0.140780 -0.038668 0.092641 0.247299 0.434317 0.196522 0.330683 0.480210 0.390521 0.080331 0.171726 0.189161 0.318590 0.574748 1.000000 0.128552 0.292780 0.260716 0.311946 0.010270 0.071134 0.083917 0.115835 -0.134218 0.043474 -0.175279 -0.259546 0.101573 0.081040 0.059834 0.040917 -0.353347 0.089264 -0.332577 0.003806 -0.502116 0.038708 -0.330791 0.034033 -0.275487 -0.142112 -0.252799 -0.135262 -0.289846 -0.164824 -0.202586 -0.252304 -0.025402 -0.123312 0.140963 0.172825 0.060313 0.124276 -0.015264 0.329847 0.213499 0.092346 0.014663 0.077574 0.012934 0.207954 0.223205 0.261606 0.119911 0.038477 0.006994 0.420698 0.000411 0.053913 0.032655 -0.086422 -0.211553 -0.491422 -0.221718 -0.211160 -0.038959 -0.180099 -0.093579 -0.045766 -0.053435 -0.295715 -0.279615 -0.053939 0.052114 -0.201745 0.153912 -0.176757 -0.012578 0.028517 -0.229580 -0.114930 0.054585 -0.190995 0.048308 -0.246554 -0.097643 -0.155577 0.026827 -0.065489
0.280826 0.151381 0.164202 0.260842 -0.118667 -0.185716 0.095329 0.247634 -0.003247 -0.020199 0.141113 0.168701 -0.047435 0.090064 -0.156069 -0.112706 0.275736 0.072985 0.406742 0.071278 -0.020275 -0.129352 -0.090944 -0.028504 -0.082231 -0.093700 -0.131007 -0.268917 0.023780 0.200371 0.077908 0.128552 1.000000 0.690857 0.280361 0.075489 -0.265375 -0.215851 -0.224751 -0.151075 -0.007171 -0.035590 -0.494542 -0.415813 -0.270836 -0.304851 -0.255502 -0.171959 0.026297 -0.253785 -0.142936 -0.010365 0.012078 -0.099288 -0.137009 0.071588 0.119591 -0.132267 0.137088 -0.001986 0.354597 0.198310 0.212574 0.281406 0.011361 -0.009609 0.283997 -0.015682 0.162942 -0.057962 -0.271114 0.011346 0.218204 0.156626 0.289936 0.236866 0.175139 0.019004 0.143587 0.202073 0.085136 -0.032579 -0.307447 -0.069146 -0.131931 -0.171648 -0.208011 -0.121334 -0.203347 -0.183221 -0.145283 -0.174867 -0.135501 -0.205576 -0.064641 -0.014246 -0.046120 0.016100 -0.129519 -0.086332 -0.058999 -0.169011 -0.011728 -0.284530 -0.208059 -0.232916 -0.134023 -0.068816 0.185162 -0.134367 -0.194360 -0.114933 -0.005549 0.129032 -0.123729 -0.043761
-0.129651 0.052706 0.025424 0.151524 -0.194079 -0.296450 0.111037 0.275895 -0.280058 -0.251202 0.005038 0.179119 -0.034918 0.037463 -0.211467 -0.310786 -0.117065 0.167098 0.134859 0.089565 0.146199 0.110358 -0.091403 0.084084 -0.082653 -0.016715 -0.279848 -0.282828 -0.163401 0.145153 -0.069584 0.292780 0.690857 1.000000 0.260076 0.371486 -0.253448 0.046271 0.001788 0.142554 -0.192833 0.202285 -0.192374 -0.085766 -0.339402 -0.324150 0.148841 0.247929 -0.282733 -0.336658 -0.340050 -0.096027 -0.047691 -0.080258 -0.321888 0.164145 -0.149270 -0.011047 -0.230959 -0.196258 0.232239 0.253251 0.096582 0.163665 0.000903 -0.115430 0.123936 0.196997 -0.062615 0.101612 -0.414320 0.270303 -0.076477 0.033119 0.049401 0.235205 -0.008154 0.325777 0.114230 0.374609 0.018617 0.056984 -0.221073 0.082354 -0.174159 -0.113176 -0.224237 -0.324742 -0.371054 -0.228656 -0.046536 0.055107 -0.005889 0.077986 -0.233032 -0.002853 0.110772 -0.142818 0.019857 -0.086673 -0.088655 -0.119071 0.027702 -0.105072 -0.056146 -0.201560 -0.424902 -0.379233 0.175849 -0.160802 0.096960 -0.024457 0.100636 -0.151231 -0.253525 -0.303922
-0.113706 -0.087157 0.063509 0.135887 -0.160134 -0.103148 -0.078624 -0.027568 -0.099384 -0.129714 -0.054509 -0.185329 0.132884 0.104191 -0.079730 -0.207285 0.010749 -0.228305 0.070789 0.065893 0.470910 0.054892 0.190676 0.200562 0.213495 0.118539 0.020650 0.012763 0.231414 -0.006057 0.176740 0.260716 0.280361 0.260076 1.000000 0.292412 -0.059111 -0.098280 -0.011704 -0.135218 -0.074536 -0.026503 0.020418 -0.195795 0.010776 0.125279 -0.042910 -0.107648 -0.085015 0.059905 -0.058407 -0.065861 -0.297936 0.174814 -0.212380 0.156130 -0.439247 -0.308624 -0.002130 -0.024961 -0.131363 -0.333824 -0.111336 -0.268252 0.119196 0.005597 0.234748 0.108624 0.252756 -0.075057 -0.026421 -0.163717 0.102353 -0.156519 -0.076846 -0.002510 0.029704 -0.168250 0.125853 -0.123596 -0.011406 -0.134213 -0.112352 -0.106298 0.322701 0.048555 0.160260 0.050795 -0.044022 -0.177144 -0.279965 -0.181806 -0.180913 -0.067007 -0.080573 -0.196841 -0.179131 -0.162207 -0.286707 -0.082918 0.056772 -0.118423 -0.173084 -0.156895 0.090045 0.229483 0.010708 0.017273 -0.159641 -0.028471 -0.084331 -0.270899 -0.278382 0.000215 0.298292 0.229882
-0.367060 -0.200326 -0.280410 0.069843 -0.158242 -0.137112 -0.184017 -0.248547 -0.308262 -0.357093 -0.330659 -0.160425 -0.012937 0.035778 -0.146993 -0.283216 -0.382478 0.133882 -0.242837 -0.144376 0.262812 0.164203 0.114529 0.317246 0.168503 0.381341 -0.090615 0.153070 -0.290927 0.059167 0.031995 0.311946 0.075489 0.371486 0.292412 1.000000 0.273957 0.482301 0.345953 0.411263 0.065536 0.262123 0.074512 -0.123556 -0.023462 -0.085399 0.242161 0.481650 -0.284587 -0.311755 -0.364827 -0.352710 -0.392556 -0.187189 -0.301635 0.051694 -0.396042 -0.021612 -0.337482 -0.271388 -0.189159 -0.112584 -0.435291 -0.335354 0.082933 0.087280 -0.055621 0.533145 0.124752 0.431931 -0.071148 0.479218 -0.299705 0.015922 -0.143686 -0.037384 0.080118 0.513163 -0.313822 0.407564 -0.256463 -0.091857 0.167437 0.244434 0.095958 0.007801 -0.061317 -0.251091 -0.176397 -0.308682 -0.106065 -0.081518 -0.003594 0.014829 -0.395962 0.007882 0.281361 -0.303105 -0.035937 -0.032888 -0.181566 -0.195593 -0.041597 -0.003547 0.017570 0.065596 -0.384164 -0.340973 0.026856 -0.043097 0.455152 0.103332 0.083907 -0.313522 -0.244529 -0.335697
