1.000000 0.331574 -0.063371 -0.428299 -0.132908 -0.047921 -0.103905 -0.489305 -0.317885 -0.372595 0.369516 -0.304082 0.141917 -0.044534 -0.005453 -0.338447 0.376058 0.072664 0.403182 0.252366 -0.191091 -0.293591 0.304501 0.065102 0.036071 -0.022495 0.148557 0.085398 0.201093 -0.093841 0.368754 0.033415 0.017455 -0.262058 -0.149526 -0.285214 -0.059073 -0.234061 -0.274040 -0.359966 -0.232918 -0.280162 0.015944 -0.087659 -0.014575 -0.209713 0.081244 0.099324 -0.210117 -0.033147 0.097143 -0.021208 -0.012830 0.281518 -0.039743 -0.022282 0.656503 0.455174 -0.008997 -0.236073 -0.058349 -0.342892 0.157246 0.112079 0.001202 -0.554800 -0.202343 -0.305323 0.157880 -0.033616 -0.018214 -0.231602 0.176901 -0.103015 0.103683 -0.148457 -0.050443 -0.222529 0.352625 -0.108489 0.453942 0.307847 0.568609 -0.179588 0.525354 0.249839 0.093777 0.102232 0.026341 -0.182543 -0.017959 0.390910 -0.217262 0.195642 0.021042 0.039342 -0.359167 -0.071475 0.143993 0.228140 -0.221717 0.228240 -0.222787 0.147502 -0.161923 -0.158877 -0.194382 -0.092915 0.212375 -0.003101 -0.210947 0.168191 0.031353 -0.074939 -0.152732 0.035166
0.331574 1.000000 -0.367480 -0.252966 -0.084165 -0.013180 -0.386395 -0.360541 -0.218706 -0.217648 -0.020401 0.064315 -0.067900 0.190594 -0.011031 0.113214 0.260997 0.081192 0.097721 0.214856 0.128187 0.070353 -0.198043 -0.176571 -0.016760 0.017424 0.072995 -0.027389 0.157021 0.034204 0.071733 0.085387 0.244080 0.300590 -0.263774 -0.130373 0.050171 -0.346853 -0.142254 -0.275432 0.074805 -0.080159 -0.009903 -0.181387 0.141200 -0.006513 0.107407 -0.168826 0.183018 0.041737 -0.028295 -0.196742 0.339747 0.073795 -0.045114 -0.136760 0.381581 0.520630 0.210658 0.145570 -0.086622 -0.258921 0.092469 0.005557 -0.308984 -0.370472 0.174318 -0.208212 0.308460 0.136079 -0.201909 0.091820 0.038692 -0.150108 0.000759 0.094274 -0.249479 -0.202767 0.222870 -0.026031 0.408018 0.321728 0.191587 0.256586 0.090083 0.316695 -0.308566 -0.003774 -0.171111 -0.093073 -0.064867 -0.162971 -0.225916 -0.156932 -0.164805 -0.352805 -0.226718 -0.446963 -0.010552 0.014867 -0.128155 -0.111226 -0.196687 -0.072305 -0.206709 0.126657 0.022154 -0.030729 -0.180954 -0.358897 -0.541095 -0.128409 0.202097 -0.177523 0.096338 -0.234130
-0.063371 -0.367480 1.000000 0.407837 0.557092 0.410866 0.795546 0.380552 0.247961 0.370977 -0.105962 0.056175 0.118865 -0.054137 0.227223 0.181958 -0.359442 -0.399937 0.282597 0.215111 0.141546 -0.004419 0.427330 0.371277 0.358033 0.197366 0.446587 0.234073 -0.193961 -0.371659 0.071001 -0.146203 -0.251433 -0.182299 -0.019118 -0.105063 -0.126240 -0.164096 -0.109882 -0.186258 -0.387035 -0.232637 -0.253529 -0.254899 -0.209443 -0.032975 -0.258449 -0.081878 -0.078872 -0.206284 0.015334 0.103247 -0.145063 -0.107258 0.048042 -0.189560 -0.461435 -0.489870 0.117925 -0.067985 0.113016 0.112244 -0.256303 -0.271059 0.446577 0.327150 0.119858 0.371687 -0.065235 0.055626 -0.028878 -0.257656 -0.300875 -0.323248 -0.253912 -0.395819 -0.082589 -0.144565 -0.334180 -0.368633 -0.516701 -0.459547 -0.254634 -0.066683 -0.042049 -0.102354 0.307090 -0.264739 0.361946 0.114904 0.415818 0.304158 0.260678 0.359593 -0.056532 0.033252 -0.013048 -0.036379 -0.157897 -0.219576 -0.067483 0.014662 0.161664 0.103722 -0.066850 -0.066612 -0.208480 -0.089047 -0.038992 -0.082891 0.061456 0.009477 -0.170307 -0.063300 -0.176810 0.088455
-0.428299 -0.252966 0.407837 1.000000 0.355574 0.405058 0.432930 0.842414 0.343019 0.574523 -0.390139 0.244734 -0.128046 -0.092993 0.207993 0.475675 -0.588698 -0.450406 -0.078854 0.102012 0.206396 0.233333 0.160860 0.385615 0.199841 0.245476 0.270792 0.241603 -0.362947 -0.192886 -0.067471 0.193567 -0.138705 0.064210 0.033280 0.096415 -0.072530 -0.029131 -0.042830 0.078862 -0.065213 0.038448 -0.399994 -0.347133 -0.236516 0.095588 -0.337499 -0.206285 0.036065 -0.029008 -0.007699 0.136147 -0.067546 -0.118047 -0.077046 -0.147510 -0.541650 -0.554305 -0.001286 0.180977 0.023264 0.547092 -0.116897 -0.227333 0.322221 0.642287 0.109544 0.370961 0.037417 0.113929 -0.084251 -0.115873 -0.362611 -0.175080 -0.181213 -0.207464 -0.022742 0.094146 -0.500195 -0.272129 -0.699041 -0.618178 -0.453447 0.352273 -0.272606 -0.299793 0.172521 -0.006712 0.320257 0.312360 0.174155 -0.231386 0.356099 -0.034707 -0.078400 -0.029245 0.104804 -0.083820 -0.339908 -0.465297 0.061118 -0.201384 0.298470 0.011957 -0.067854 -0.132194 -0.070369 -0.118102 -0.201290 -0.004256 -0.025446 -0.285961 -0.308394 -0.229282 -0.191179 -0.202011
-0.132908 -0.084165 0.557092 0.355574 1.000000 0.693397 0.477584 0.313855 0.497357 0.575879 -0.126540 0.014087 -0.013310 0.008110 0.331628 0.373206 -0.206630 -0.294245 0.161746 0.247529 0.292418 0.324091 0.191330 0.217484 0.366221 0.175787 0.636047 0.203834 0.055371 -0.317699 -0.025738 0.009631 -0.303210 0.068520 -0.018722 -0.109257 -0.154034 -0.434733 -0.117200 -0.271069 -0.246433 -0.074544 -0.210644 -0.438186 0.055720 0.172514 -0.190572 -0.209858 -0.109758 -0.122176 -0.044022 -0.141729 0.014267 -0.141213 -0.127494 -0.523566 -0.294826 -0.188359 0.178107 -0.055361 0.070747 0.116347 -0.222269 -0.262484 0.322339 0.225005 0.181589 0.208492 0.132461 0.157722 0.127878 -0.158991 -0.145510 -0.350199 -0.207355 -0.213785 -0.367198 -0.292551 -0.112371 -0.469625 -0.163260 -0.189660 0.034534 0.317291 -0.051018 -0.051037 0.000958 -0.375446 0.336855 0.011791 0.300866 0.053003 0.133577 0.149163 -0.097430 -0.270361 -0.103603 -0.284151 -0.301668 -0.334685 -0.080817 -0.115391 -0.016734 -0.130445 -0.004929 0.044760 -0.166497 0.001646 -0.252133 -0.301847 -0.149756 -0.142198 -0.037016 -0.281024 0.142847 -0.037571
-0.047921 -0.013180 0.410866 0.405058 0.693397 1.000000 0.245322 0.276903 0.499805 0.739808 -0.068479 -0.066353 0.135651 -0.092691 0.560975 0.609092 -0.231100 -0.481016 0.042522 0.264607 0.184889 0.552842 0.424293 0.564926 0.618219 0.584461 0.758307 0.606956 0.005392 -0.540666 0.091275 0.151196 -0.333525 -0.120081 -0.120376 -0.356034 -0.086628 -0.457599 -0.137088 -0.188203 -0.330675 -0.136171 -0.253135 -0.486789 -0.341851 -0.085431 -0.101959 -0.223788 -0.207905 -0.140321 0.135793 0.027097 0.048492 0.036299 0.012843 -0.384036 -0.226551 -0.106870 0.077472 0.016256 -0.202970 0.033220 -0.399488 -0.435868 0.425903 0.285688 0.217401 0.220107 0.420645 0.326784 -0.051039 -0.211911 -0.261805 -0.526458 -0.175042 -0.376183 -0.559268 -0.444802 -0.198621 -0.604832 -0.202327 -0.339144 0.163814 0.310505 0.214563 0.092119 0.229917 -0.138662 0.571149 0.381315 0.345618 0.011979 0.058414 0.136385 -0.029772 -0.174062 -0.032494 -0.239256 -0.297618 -0.333772 -0.210805 -0.239186 0.031002 -0.116921 0.067536 0.093093 -0.243188 -0.103524 -0.180649 -0.236591 -0.071786 -0.046459 -0.197320 -0.223802 0.181166 0.016209
-0.103905 -0.386395 0.795546 0.432930 0.477584 0.245322 1.000000 0.533803 0.063069 0.281305 -0.098255 0.188751 0.109224 0.063791 -0.036539 0.116804 -0.262581 -0.219347 0.194214 0.077090 0.032706 -0.044981 0.180206 0.120963 0.095167 -0.090284 0.298799 -0.046213 -0.139937 -0.216316 -0.077097 -0.187555 -0.115264 -0.057071 -0.150212 -0.070896 -0.079950 -0.151494 -0.076669 -0.032072 -0.305199 -0.087695 -0.289771 -0.200241 -0.124670 -0.023709 -0.337980 -0.126789 -0.059518 -0.198384 -0.142287 0.008208 -0.123047 -0.147547 -0.037136 -0.207594 -0.353499 -0.510239 0.170441 -0.037114 0.331162 0.349620 0.001317 0.002470 0.213409 0.293997 -0.060357 0.110740 -0.278570 -0.092349 0.071459 -0.186594 -0.145496 -0.080303 -0.089235 -0.197932 0.030178 -0.070517 -0.253826 -0.239738 -0.458408 -0.386978 -0.242261 0.080810 -0.234916 -0.122564 0.085272 -0.209331 0.262377 0.141655 0.234134 0.197584 0.348914 0.309589 0.015502 0.106890 -0.061521 0.035617 -0.128610 -0.223585 0.187698 0.119439 0.318279 0.202267 -0.085578 -0.182726 -0.188203 0.069170 -0.025722 -0.013977 -0.005267 -0.088114 -0.211590 -0.038271 -0.259456 0.179668
-0.489305 -0.360541 0.380552 0.842414 0.313855 0.276903 0.533803 1.000000 0.353015 0.612675 -0.271666 0.325581 0.046606 0.077195 0.077869 0.391256 -0.534049 -0.323560 -0.194872 -0.006581 0.081162 0.160420 -0.031594 0.171054 -0.027471 -0.072276 0.147744 -0.027241 -0.367557 -0.110106 -0.328553 -0.121865 -0.065714 0.021552 0.009706 0.092894 0.013013 -0.002371 0.011038 0.178696 -0.042463 0.040991 -0.394438 -0.250704 -0.188423 0.130345 -0.353835 -0.220248 0.121319 0.021484 -0.115425 0.186379 -0.092071 -0.200536 0.021660 -0.142710 -0.594625 -0.652580 0.068232 0.317927 0.167194 0.693252 -0.018637 -0.023217 0.154654 0.592483 0.034482 0.256584 -0.222202 -0.021820 0.077033 -0.140172 -0.306890 -0.002119 -0.113251 -0.024461 0.017891 0.062805 -0.444250 -0.196861 -0.634293 -0.475427 -0.513731 0.268989 -0.433623 -0.383917 0.098624 -0.053942 0.298614 0.348981 0.202878 -0.212335 0.474795 0.068677 0.067116 0.115716 0.073374 0.047183 -0.231041 -0.407109 0.341752 -0.021705 0.498825 0.066021 -0.002160 -0.152058 0.016433 0.016258 -0.129943 0.074407 0.055151 -0.144187 -0.294675 -0.067298 -0.228682 -0.013999
-0.317885 -0.218706 0.247961 0.343019 0.497357 0.499805 0.063069 0.353015 1.000000 0.739062 -0.039523 0.037253 0.270490 0.009478 0.651484 0.552097 -0.345575 -0.177598 -0.156196 -0.009819 0.026818 0.251189 0.153835 0.217905 0.318230 0.249100 0.234345 0.291426 -0.165611 -0.151872 -0.067597 -0.031021 -0.480752 -0.274222 0.079696 0.052543 -0.167530 -0.040783 -0.086605 -0.006685 -0.186769 0.042762 -0.158290 -0.255669 -0.154156 0.010048 -0.177883 -0.138332 0.072397 0.158433 0.064511 0.170778 -0.035954 0.051290 0.055774 -0.123816 -0.294303 -0.137736 0.152659 0.265038 0.051992 0.194381 -0.201144 -0.173855 0.277013 0.410944 0.095795 0.255560 0.027143 0.099487 0.196022 0.033042 -0.205366 -0.017542 -0.197055 -0.083752 -0.121578 0.025053 -0.284916 -0.141503 -0.253015 -0.203538 -0.078744 0.133199 0.031221 -0.114423 0.313377 0.018452 0.347903 0.277716 0.160848 -0.084887 0.222522 0.077266 -0.178650 -0.159801 -0.161583 -0.130163 -0.265665 -0.318614 -0.056572 -0.095854 0.059992 -0.218301 0.084535 0.005249 -0.181960 -0.050898 -0.152921 -0.084279 -0.010088 -0.083766 -0.177312 -0.197321 -0.023941 -0.096339
-0.372595 -0.217648 0.370977 0.574523 0.575879 0.739808 0.281305 0.612675 0.739062 1.000000 -0.174023 0.132512 0.186575 0.014405 0.538771 0.660291 -0.483078 -0.453691 -0.216909 0.059853 0.071905 0.476775 0.281852 0.488080 0.472363 0.419129 0.429258 0.421002 -0.179014 -0.383056 -0.090017 0.066500 -0.333697 -0.098054 -0.159905 -0.266960 -0.129129 -0.298785 -0.184931 -0.096636 -0.316408 -0.033410 -0.233027 -0.377791 -0.250563 0.133092 -0.133326 -0.203825 0.012224 0.066432 0.130661 0.217896 -0.035253 0.059706 0.029235 -0.298468 -0.501558 -0.337956 0.102872 0.178077 -0.139383 0.301198 -0.431734 -0.410048 0.419607 0.559098 0.108121 0.290827 0.160664 0.204197 0.102516 -0.240646 -0.327276 -0.263268 -0.169040 -0.188585 -0.379496 -0.302131 -0.341887 -0.457588 -0.412769 -0.430340 -0.165832 0.300022 0.016522 -0.068118 0.290605 -0.111547 0.495615 0.442547 0.312697 -0.097666 0.282239 0.135340 0.045940 -0.078865 -0.048409 -0.108958 -0.324631 -0.328737 -0.052417 -0.204829 0.164798 -0.103720 0.186790 0.175052 -0.262795 0.142248 -0.130354 -0.138412 -0.001859 0.008934 -0.157699 -0.131397 0.142990 0.093717
0.369516 -0.020401 -0.105962 -0.390139 -0.126540 -0.068479 -0.098255 -0.271666 -0.039523 -0.174023 1.000000 0.086491 0.721427 0.332350 0.079275 0.058185 0.210844 0.233521 -0.043333 -0.150597 -0.279359 -0.208645 0.137269 -0.106387 -0.163156 -0.270533 -0.152194 0.020556 0.159210 0.002390 -0.212580 -0.220455 -0.019053 -0.441674 -0.113717 -0.115129 -0.199069 0.111045 -0.053546 0.083599 -0.144329 -0.293045 0.003032 0.125502 -0.093094 -0.228191 0.089414 0.110207 0.004952 0.145467 -0.026717 0.148219 -0.022620 0.094092 0.185355 0.205640 0.219252 0.109943 0.081939 -0.067570 0.299615 0.089084 0.091305 0.228275 0.005099 -0.158490 -0.374683 -0.331634 -0.118733 -0.155088 0.282416 -0.181327 0.124326 0.136535 0.001704 -0.011377 0.028082 -0.070217 0.114960 0.188154 0.193522 0.244764 0.231560 -0.345547 0.258995 0.051653 0.061780 -0.028557 0.100393 -0.032215 -0.105715 0.255975 0.005057 0.290802 0.067058 0.259558 -0.164372 0.297054 0.191417 0.327479 0.308460 0.356944 0.078408 0.105055 -0.008359 -0.188531 -0.044074 0.155196 0.268963 0.326499 0.087126 0.315522 -0.028449 0.201393 -0.091972 0.205161
-0.304082 0.064315 0.056175 0.244734 0.014087 -0.066353 0.188751 0.325581 0.037253 0.132512 0.086491 1.000000 0.234554 0.729403 -0.057299 0.457418 -0.315267 0.076857 -0.190483 -0.102984 0.091974 0.077071 -0.240567 -0.095901 -0.286040 -0.257476 -0.264295 -0.173972 -0.083398 0.337801 -0.135410 0.071773 0.252466 0.092825 -0.052843 0.100634 -0.008074 0.235344 0.213430 0.425788 0.057918 0.050807 -0.255679 0.037021 -0.163060 0.148161 -0.236266 0.046692 0.066536 -0.254944 -0.311655 -0.049403 -0.174871 -0.290011 0.101381 0.157196 -0.383125 -0.593620 -0.122999 -0.146896 0.095365 0.284296 0.007693 0.015159 -0.093418 0.322746 -0.236784 0.085027 -0.284762 -0.218464 0.138874 -0.074940 0.043680 0.155667 -0.001056 0.039799 0.136431 0.130028 -0.202628 0.121340 -0.323783 -0.105914 -0.239338 0.424037 -0.213931 -0.003976 -0.052618 -0.043552 -0.109643 -0.091731 -0.039631 -0.183152 0.302721 0.038488 -0.004101 0.337549 0.019899 0.220282 -0.102006 0.023878 0.224038 -0.020533 0.259567 -0.086875 -0.227928 -0.272999 -0.179278 0.072123 0.017256 0.344573 0.107386 0.056329 0.014907 0.190107 -0.216542 0.058745
0.141917 -0.067900 0.118865 -0.128046 -0.013310 0.135651 0.109224 0.046606 0.270490 0.186575 0.721427 0.234554 1.000000 0.346011 0.434686 0.393270 -0.076854 -0.002379 -0.325393 -0.273078 -0.341459 0.007899 0.333329 0.175507 0.009093 -0.002413 -0.038616 0.227968 -0.105817 -0.244824 -0.315358 -0.298833 -0.282116 -0.499168 -0.214506 -0.084036 -0.163609 -0.034815 -0.150368 0.001814 -0.390906 -0.153382 -0.085338 0.056183 -0.233467 -0.099549 -0.072250 0.067107 0.080813 0.285848 -0.069742 0.366419 -0.106902 0.147046 0.246790 0.068934 -0.031854 -0.090755 0.226906 0.070567 0.352766 0.239285 -0.080821 0.031156 0.217309 0.160340 -0.330733 -0.025331 -0.157082 -0.013290 0.078561 -0.151998 -0.155572 0.043755 -0.138171 -0.156578 -0.092959 -0.090140 -0.156388 0.035542 -0.065683 -0.048719 0.067549 -0.352270 0.303217 0.222071 0.292117 0.055524 0.393978 0.294209 0.082524 0.291943 0.263688 0.485181 -0.137198 0.050681 -0.363933 0.122707 0.025917 0.131831 0.247616 0.251669 0.126440 -0.112465 -0.276634 -0.159697 -0.154055 0.130947 -0.007345 0.115971 0.027315 0.255611 -0.082416 0.159139 -0.112171 0.070842
-0.044534 0.190594 -0.054137 -0.092993 0.008110 -0.092691 0.063791 0.077195 0.009478 0.014405 0.332350 0.729403 0.346011 1.000000 -0.132659 0.315757 0.116016 0.308655 -0.102137 0.082472 -0.021044 -0.096637 -0.332024 -0.243197 -0.379288 -0.459028 -0.215580 -0.186864 0.238999 0.430528 -0.194250 -0.188912 0.232417 -0.039345 -0.286786 -0.132822 0.133187 0.235880 0.142333 0.288067 0.021925 0.169918 -0.201901 0.094991 -0.180279 -0.018966 -0.096325 -0.002271 -0.028605 -0.166278 -0.322319 -0.124508 -0.077792 -0.149365 0.269461 0.169864 -0.072155 -0.309876 -0.148204 -0.119150 -0.012013 0.035884 0.108015 0.198857 -0.362339 -0.116534 -0.348847 -0.236295 -0.269779 -0.344531 0.368688 -0.159253 0.383326 0.324980 0.180173 0.130312 0.188428 0.008418 0.034192 0.247440 0.089383 0.245959 -0.002583 0.214106 -0.140198 0.166246 -0.161901 -0.029932 -0.282105 -0.189865 -0.125213 -0.135243 0.182958 0.059383 0.099278 0.345115 -0.201094 0.211381 0.040831 0.129548 0.240017 0.160978 0.288779 0.071505 -0.065374 -0.247537 -0.112343 0.209074 0.070044 0.350024 -0.005391 0.147118 -0.028866 0.291379 -0.086525 0.217508
-0.005453 -0.011031 0.227223 0.207993 0.331628 0.560975 -0.036539 0.077869 0.651484 0.538771 0.079275 -0.057299 0.434686 -0.132659 1.000000 0.557264 -0.402275 -0.431905 -0.080020 -0.024916 -0.066979 0.358149 0.621297 0.542799 0.557493 0.585727 0.332782 0.605537 -0.178389 -0.402520 0.124837 0.154588 -0.555252 -0.386125 -0.021852 -0.065250 -0.202131 -0.271461 -0.148014 -0.232685 -0.297046 -0.038283 -0.084771 -0.203377 -0.277551 -0.039010 -0.120482 0.018124 -0.100601 0.236035 0.212764 0.290730 -0.181541 0.259840 0.161175 -0.139946 -0.237202 -0.029551 0.062358 -0.030305 -0.074457 -0.062194 -0.411343 -0.493610 0.506750 0.299283 -0.004240 0.265768 0.264051 0.226697 -0.077494 -0.015216 -0.327064 -0.207852 -0.171525 -0.289806 -0.311631 -0.087029 -0.334195 -0.312592 -0.260140 -0.327655 0.156694 -0.019021 0.484892 0.269118 0.500782 0.130859 0.666763 0.411200 0.216835 0.126449 0.052594 0.175594 -0.354013 -0.299658 -0.243552 -0.249894 -0.223408 -0.234014 -0.248470 -0.156331 -0.055500 -0.300462 -0.154380 0.074568 -0.273047 -0.151257 -0.271460 -0.166436 -0.081179 -0.069961 -0.089771 -0.355872 -0.050978 -0.259593
-0.338447 0.113214 0.181958 0.475675 0.373206 0.609092 0.116804 0.391256 0.552097 0.660291 0.058185 0.457418 0.393270 0.315757 0.557264 1.000000 -0.389452 -0.286410 -0.238607 -0.025481 0.048297 0.446438 0.159513 0.385743 0.311264 0.351948 0.283926 0.443652 -0.135074 -0.221294 -0.109804 0.171683 -0.219286 -0.172293 -0.250558 -0.150493 -0.139578 -0.149917 -0.002859 0.138663 -0.267109 -0.073965 -0.263523 -0.262911 -0.311938 -0.007248 -0.147309 -0.144758 0.046409 0.057095 0.053446 0.165505 0.006116 0.020580 0.212380 -0.079726 -0.354099 -0.319718 0.091786 0.115912 -0.024645 0.261125 -0.265231 -0.265826 0.205334 0.479869 -0.011631 0.188358 0.105614 0.088632 0.056983 -0.104604 -0.259795 -0.190010 -0.219743 -0.155479 -0.279308 -0.140851 -0.368475 -0.259261 -0.370051 -0.341718 -0.125705 0.366858 0.065060 0.161457 0.232069 0.067188 0.364791 0.409416 0.131397 -0.188151 0.317530 0.110900 -0.195140 -0.076457 -0.066544 -0.123628 -0.236289 -0.197858 0.051247 -0.134398 0.246886 -0.115070 -0.075432 -0.018517 -0.288169 -0.086144 -0.215642 0.005869 -0.057080 -0.049326 -0.098151 -0.061477 0.023514 -0.090472
0.376058 0.260997 -0.359442 -0.588698 -0.206630 -0.231100 -0.262581 -0.534049 -0.345575 -0.483078 0.210844 -0.315267 -0.076854 0.116016 -0.402275 -0.389452 1.000000 0.701859 0.174077 0.214540 -0.136062 -0.135077 -0.348368 -0.292701 -0.209890 -0.282157 0.043237 -0.193200 0.704412 0.344398 0.092009 -0.188501 0.253054 0.266165 -0.042989 -0.132418 0.259190 -0.043786 -0.126788 -0.214306 0.065868 0.116125 0.318018 0.236304 -0.059236 -0.375359 0.339275 -0.035136 -0.352539 -0.246807 -0.231963 -0.473261 0.223750 0.002784 -0.130687 -0.146731 0.710761 0.574235 -0.125492 -0.078345 -0.090909 -0.419250 0.464722 0.470138 -0.493097 -0.765790 -0.134496 -0.556010 -0.148812 -0.240996 -0.078981 0.182294 0.646418 0.101498 0.302887 0.055301 0.105230 -0.098116 0.703495 0.415643 0.818991 0.752145 0.421913 -0.099069 0.000933 0.138607 -0.473848 -0.133327 -0.550960 -0.508761 -0.374196 -0.147279 -0.430128 -0.266811 0.077778 -0.057469 -0.076404 -0.175815 0.136962 0.143837 -0.064012 0.197213 -0.208753 0.147340 0.053777 0.056483 0.068304 0.056518 0.107689 -0.153670 -0.170215 0.055088 0.108633 0.141147 0.225003 0.037762
0.072664 0.081192 -0.399937 -0.450406 -0.294245 -0.481016 -0.219347 -0.323560 -0.177598 -0.453691 0.233521 0.076857 -0.002379 0.308655 -0.431905 -0.286410 0.701859 1.000000 0.063129 -0.126915 -0.125547 -0.300496 -0.534728 -0.551902 -0.454683 -0.545504 -0.293581 -0.424830 0.506733 0.741882 -0.084837 -0.230959 0.375333 0.234218 0.165087 0.208666 0.318076 0.394450 0.181746 0.187829 0.240889 0.320712 0.223239 0.355282 -0.089535 -0.339667 0.226351 0.074938 -0.220538 -0.205930 -0.461264 -0.460968 0.004947 -0.198780 -0.085494 0.012929 0.508500 0.291857 -0.231176 -0.023801 0.123119 -0.106722 0.533168 0.628228 -0.571314 -0.502447 -0.286944 -0.543181 -0.468356 -0.539838 0.102638 0.390363 0.683596 0.501396 0.299299 0.360293 0.416434 0.322970 0.477134 0.733647 0.522747 0.716908 0.150125 -0.030356 -0.210235 -0.190712 -0.513628 -0.097249 -0.681319 -0.602291 -0.569403 -0.368714 -0.347263 -0.379087 0.082100 0.096146 0.117186 -0.001143 0.065888 0.015463 0.134380 0.166712 -0.135290 0.018155 0.065940 -0.156425 0.156933 0.027527 0.174841 0.174337 -0.020207 -0.018593 0.016434 0.173199 -0.031060 0.029602
0.403182 0.097721 0.282597 -0.078854 0.161746 0.042522 0.194214 -0.194872 -0.156196 -0.216909 -0.043333 -0.190483 -0.325393 -0.102137 -0.080020 -0.238607 0.174077 0.063129 1.000000 0.548062 0.190680 -0.270983 -0.021519 -0.065153 0.106717 -0.034952 0.198591 -0.137042 0.285136 0.109176 0.488050 0.192524 0.187303 0.002511 -0.033927 -0.159668 0.136737 -0.094903 0.072200 -0.218734 0.222622 -0.125242 -0.201545 -0.353983 -0.040995 -0.346654 -0.123750 -0.165718 -0.247368 -0.404924 -0.008138 -0.372204 0.017015 -0.115021 -0.029589 -0.174221 0.129347 0.008252 0.035746 -0.175764 0.035724 -0.313718 0.169544 0.066952 -0.075654 -0.343397 0.098849 -0.215225 0.117814 -0.099662 -0.016360 -0.145407 0.250841 -0.028061 0.218619 -0.171389 -0.000248 -0.103865 0.151616 -0.088458 0.109141 0.159504 0.295802 0.221468 0.047044 -0.077917 -0.092727 -0.170476 -0.103243 -0.282798 0.071638 0.003600 -0.338471 -0.184332 0.119831 0.118673 0.115502 -0.109163 -0.018354 -0.140525 -0.141251 0.042263 0.089120 0.072785 0.087675 -0.152213 0.014774 -0.190731 0.227864 0.065722 -0.144519 -0.070205 -0.117350 -0.171967 -0.233744 0.097480
0.252366 0.214856 0.215111 0.102012 0.247529 0.264607 0.077090 -0.006581 -0.009819 0.059853 -0.150597 -0.102984 -0.273078 0.082472 -0.024916 -0.025481 0.214540 -0.126915 0.548062 1.000000 0.253510 0.012208 -0.046399 0.269570 0.048298 0.010564 0.309033 -0.030145 0.240431 -0.073849 0.386619 0.028285 0.067357 0.164320 -0.278575 -0.244828 0.215916 -0.253096 -0.242331 -0.393002 -0.115384 -0.067319 -0.187947 -0.472480 -0.220630 -0.207775 -0.287708 -0.195591 -0.275786 -0.473813 -0.107182 -0.304671 0.018593 -0.094035 -0.294253 -0.343067 0.050150 0.056237 0.027843 -0.021326 -0.300168 -0.369416 0.043481 -0.112556 -0.103387 -0.369857 0.394136 0.135788 0.412311 0.366789 -0.096279 -0.170952 0.052597 -0.326802 0.025188 -0.402367 -0.242056 -0.239069 0.112904 -0.329959 0.211982 0.025666 0.263103 0.261521 0.009372 0.134304 -0.117848 -0.022503 -0.102115 -0.218025 0.364922 0.073389 -0.241731 -0.110921 0.041347 -0.098188 -0.168532 -0.313446 -0.276666 -0.283225 -0.383446 -0.197978 0.133010 0.093327 0.102116 0.081271 -0.143958 -0.086000 -0.070983 -0.215541 -0.116954 -0.112130 -0.184224 -0.247913 0.064606 -0.041055
-0.191091 0.128187 0.141546 0.206396 0.292418 0.184889 0.032706 0.081162 0.026818 0.071905 -0.279359 0.091974 -0.341459 -0.021044 -0.066979 0.048297 -0.136062 -0.125547 0.190680 0.253510 1.000000 0.448734 -0.073902 -0.140421 0.178184 0.141354 0.365251 0.110286 -0.029220 -0.045876 0.031835 0.076216 -0.000381 0.243177 0.019037 0.025284 0.121721 -0.158619 0.148768 0.034344 0.189997 0.005140 -0.222164 -0.259895 0.047011 0.158181 -0.243714 -0.240997 -0.003565 -0.291228 -0.082365 -0.155364 0.088271 -0.266247 -0.275494 -0.246970 -0.191776 -0.112617 0.013869 0.023315 0.047410 0.094332 -0.108164 -0.154163 0.158108 0.204409 0.187493 0.092876 0.296872 0.187447 -0.038245 0.100211 -0.083115 -0.208120 -0.029992 0.067183 -0.054872 0.023880 -0.172064 -0.214203 -0.071079 -0.095786 -0.001953 0.341996 -0.091834 -0.245223 -0.256147 -0.164707 0.088095 -0.065415 0.079350 -0.157253 -0.163208 -0.151422 0.234361 -0.268174 0.175713 -0.316091 -0.295705 -0.308561 -0.004137 -0.191618 -0.017442 -0.238777 0.086340 0.153459 0.051979 -0.159085 -0.098828 -0.359459 -0.166934 -0.339881 -0.203191 -0.188105 0.105677 -0.024826
-0.293591 0.070353 -0.004419 0.233333 0.324091 0.552842 -0.044981 0.160420 0.251189 0.476775 -0.208645 0.077071 0.007899 -0.096637 0.358149 0.446438 -0.135077 -0.300496 -0.270983 0.012208 0.448734 1.000000 0.151115 0.252840 0.427480 0.484122 0.457547 0.434530 0.077441 -0.328611 0.027881 0.312859 -0.122862 0.242267 -0.156158 -0.221708 -0.152348 -0.465180 -0.003890 -0.072976 -0.085459 0.005596 -0.025565 -0.198787 -0.154566 0.205809 -0.002028 -0.162833 -0.146056 -0.117418 0.037303 0.026882 0.141898 0.039383 -0.062057 -0.265146 -0.193810 -0.026203 0.018746 -0.042529 -0.093845 0.034510 -0.299081 -0.374207 0.296109 0.281807 0.024370 0.074446 0.335194 0.289584 -0.198288 0.122678 -0.164121 -0.438576 -0.186684 -0.129353 -0.477333 -0.332796 -0.148958 -0.430948 -0.025291 -0.190154 0.140004 0.374225 0.094977 0.126289 0.044454 0.013840 0.395660 0.281077 0.126680 -0.150171 0.060207 0.048898 -0.063300 -0.249832 0.011396 -0.265047 -0.144855 -0.152966 -0.038117 -0.169949 -0.009119 -0.219734 0.032856 0.282183 -0.216758 -0.032879 -0.216127 -0.327935 -0.047785 0.000379 0.033433 -0.163765 0.302418 -0.161990
0.304501 -0.198043 0.427330 0.160860 0.191330 0.424293 0.180206 -0.031594 0.153835 0.281852 0.137269 -0.240567 0.333329 -0.332024 0.621297 0.159513 -0.348368 -0.534728 -0.021519 -0.046399 -0.073902 0.151115 1.000000 0.734348 0.727331 0.698498 0.451329 0.739764 -0.228053 -0.627323 0.309077 0.173664 -0.530250 -0.464936 -0.073693 -0.308207 -0.320401 -0.364725 -0.378201 -0.361439 -0.504478 -0.209835 0.019158 -0.043760 -0.202619 0.036384 0.039283 0.151237 -0.176604 0.280040 0.392468 0.504481 -0.305005 0.462478 0.018204 -0.015220 -0.057153 -0.037129 -0.122074 -0.317627 -0.215285 -0.112496 -0.551940 -0.620361 0.797251 0.289170 -0.137504 0.231795 0.260544 0.167259 -0.156766 -0.338945 -0.403116 -0.409049 -0.155211 -0.432725 -0.385757 -0.315416 -0.205064 -0.463084 -0.291923 -0.424830 0.142411 -0.346471 0.703853 0.291586 0.576326 -0.010208 0.743385 0.372168 0.149728 0.516213 0.109316 0.459966 -0.030885 -0.107139 -0.204253 -0.019812 -0.020946 0.102782 -0.213801 -0.027321 -0.155768 -0.067058 -0.142190 0.074443 -0.209478 -0.102095 0.053978 -0.149095 -0.015783 0.184617 0.093396 -0.060626 0.058229 0.050778
0.065102 -0.176571 0.371277 0.385615 0.217484 0.564926 0.120963 0.171054 0.217905 0.488080 -0.106387 -0.095901 0.175507 -0.243197 0.542799 0.385743 -0.292701 -0.551902 -0.065153 0.269570 -0.140421 0.252840 0.734348 1.000000 0.619728 0.724342 0.415294 0.681030 -0.120893 -0.530402 0.376247 0.302433 -0.452844 -0.252081 -0.118828 -0.308698 -0.107976 -0.295558 -0.379573 -0.364670 -0.540604 -0.091380 -0.108941 -0.258373 -0.455037 -0.079187 -0.124003 0.073632 -0.297375 -0.012391 0.196440 0.281412 -0.310034 0.292059 -0.088461 -0.215285 -0.212823 -0.139948 -0.123483 -0.177151 -0.454186 -0.174879 -0.488431 -0.649048 0.600331 0.256006 0.115980 0.485635 0.344603 0.401470 -0.215589 -0.294273 -0.348313 -0.495483 -0.167033 -0.565797 -0.409058 -0.303826 -0.190695 -0.491953 -0.318660 -0.515552 0.086325 -0.067155 0.484467 0.301212 0.508082 0.042496 0.517382 0.297727 0.364927 0.278256 0.046573 0.199916 -0.078777 -0.123457 -0.142323 -0.158761 -0.270572 -0.150012 -0.470156 -0.258932 -0.017799 -0.016791 -0.066761 0.182122 -0.297052 -0.081499 -0.102932 -0.155865 0.078709 0.085080 -0.048757 -0.128692 0.165161 -0.062186
0.036071 -0.016760 0.358033 0.199841 0.366221 0.618219 0.095167 -0.027471 0.318230 0.472363 -0.163156 -0.286040 0.009093 -0.379288 0.557493 0.311264 -0.209890 -0.454683 0.106717 0.048298 0.178184 0.427480 0.727331 0.619728 1.000000 0.868011 0.667187 0.740132 -0.000218 -0.544285 0.450920 0.365583 -0.414230 -0.132963 -0.051006 -0.448880 -0.308944 -0.565091 -0.351265 -0.434640 -0.355505 -0.155572 0.112101 -0.124299 -0.149133 0.027922 0.214342 -0.091282 -0.214450 0.152975 0.432545 0.312754 -0.033613 0.458262 -0.063331 -0.158803 -0.064884 0.079818 -0.111099 -0.234248 -0.366600 -0.222463 -0.595566 -0.661810 0.679855 0.298982 -0.042557 0.092605 0.298799 0.121328 -0.242184 -0.292738 -0.301767 -0.511581 -0.106216 -0.298879 -0.534085 -0.497608 -0.080673 -0.486062 -0.140365 -0.256612 0.129038 0.019500 0.527998 0.293157 0.325744 -0.177027 0.615878 0.408275 0.062064 0.161879 0.012584 0.193732 0.043537 -0.228561 -0.082417 -0.220441 -0.083588 0.001421 -0.182481 -0.132144 -0.165932 -0.170031 0.055103 0.310073 -0.174639 -0.095729 0.030108 -0.363010 -0.200182 0.179839 0.185072 -0.050494 0.281521 0.108647
-0.022495 0.017424 0.197366 0.245476 0.175787 0.584461 -0.090284 -0.072276 0.249100 0.419129 -0.270533 -0.257476 -0.002413 -0.459028 0.585727 0.351948 -0.282157 -0.545504 -0.034952 0.010564 0.141354 0.484122 0.698498 0.724342 0.868011 1.000000 0.513472 0.820200 -0.115511 -0.594070 0.418801 0.498860 -0.403352 -0.078358 -0.047253 -0.314618 -0.182630 -0.453370 -0.251706 -0.338069 -0.269572 -0.067262 0.035108 -0.156552 -0.188749 0.044927 0.115830 -0.048573 -0.157706 0.103733 0.398016 0.260657 -0.050036 0.382705 -0.089173 -0.155618 -0.088520 0.063251 -0.050517 -0.178819 -0.383768 -0.232203 -0.559770 -0.695215 0.686882 0.363676 0.118296 0.295035 0.463435 0.330242 -0.388869 -0.147782 -0.366593 -0.530201 -0.150743 -0.377016 -0.510353 -0.384345 -0.146702 -0.484433 -0.191666 -0.378049 0.146633 0.037332 0.550954 0.326421 0.422618 0.014520 0.585500 0.436116 0.106492 0.102890 -0.044922 0.097278 -0.063059 -0.302082 -0.040764 -0.267908 -0.191205 -0.064637 -0.383395 -0.298885 -0.256811 -0.280602 -0.088543 0.267603 -0.184982 -0.123728 -0.068208 -0.369403 -0.136444 0.016386 0.092542 -0.110020 0.294067 -0.079303
0.148557 0.072995 0.446587 0.270792 0.636047 0.758307 0.298799 0.147744 0.234345 0.429258 -0.152194 -0.264295 -0.038616 -0.215580 0.332782 0.283926 0.043237 -0.293581 0.198591 0.309033 0.365251 0.457547 0.451329 0.415294 0.667187 0.513472 1.000000 0.585321 0.090585 -0.481180 0.202138 0.035142 -0.289878 0.053825 -0.137868 -0.319864 -0.095501 -0.579370 -0.219584 -0.383378 -0.328261 -0.132338 -0.115456 -0.315597 -0.232912 -0.075807 -0.020019 -0.294251 -0.302236 -0.147120 0.048354 -0.028976 0.051378 0.084200 -0.092328 -0.493457 0.003904 0.044307 0.001757 0.011637 -0.188558 -0.039471 -0.197774 -0.302761 0.389098 0.075575 0.099213 0.046576 0.253820 0.157077 -0.158412 -0.098758 -0.186851 -0.555387 -0.192181 -0.313329 -0.488259 -0.420325 -0.030393 -0.539034 -0.001110 -0.138189 0.281750 0.174638 0.228220 0.017320 0.098162 -0.200491 0.472031 0.171109 0.138572 0.116385 -0.007721 0.163670 0.062011 -0.311490 -0.063285 -0.439834 -0.157768 -0.293507 -0.093840 0.043011 0.027961 0.094964 0.011519 -0.009161 -0.184292 -0.255429 -0.079941 -0.482488 -0.295666 -0.077435 -0.064961 -0.173504 0.184751 0.041565
0.085398 -0.027389 0.234073 0.241603 0.203834 0.606956 -0.046213 -0.027241 0.291426 0.421002 0.020556 -0.173972 0.227968 -0.186864 0.605537 0.443652 -0.193200 -0.424830 -0.137042 -0.030145 0.110286 0.434530 0.739764 0.681030 0.740132 0.820200 0.585321 1.000000 -0.139822 -0.526884 0.186149 0.255010 -0.542584 -0.300382 -0.060109 -0.280068 -0.178102 -0.277402 -0.181902 -0.176643 -0.349009 -0.030749 -0.135614 -0.078867 -0.363206 -0.016571 0.056535 0.096686 -0.240412 0.158579 0.216681 0.281824 -0.100855 0.398182 0.072661 -0.045648 -0.061914 -0.009376 -0.120054 -0.126528 -0.317627 -0.127437 -0.486895 -0.540302 0.625590 0.328171 -0.132943 0.206023 0.320151 0.131840 -0.190230 -0.132570 -0.276833 -0.372880 -0.094953 -0.362632 -0.389662 -0.263061 -0.243490 -0.372944 -0.196760 -0.319073 0.207075 -0.113344 0.557779 0.248925 0.543507 0.140706 0.604699 0.431251 0.056118 0.199843 0.046368 0.254642 -0.084271 -0.220672 -0.121066 -0.181113 -0.098321 -0.040345 -0.242645 -0.075990 -0.126822 -0.090994 -0.095312 0.036628 -0.230263 -0.162770 -0.051960 -0.191631 -0.032140 0.005123 -0.003762 0.020783 0.219414 -0.040104
0.201093 0.157021 -0.193961 -0.362947 0.055371 0.005392 -0.139937 -0.367557 -0.165611 -0.179014 0.159210 -0.083398 -0.105817 0.238999 -0.178389 -0.135074 0.704412 0.506733 0.285136 0.240431 -0.029220 0.077441 -0.228053 -0.120893 -0.000218 -0.115511 0.090585 -0.139822 1.000000 0.446059 0.369409 0.244153 0.291949 0.293862 -0.162584 -0.428636 0.174779 -0.170105 -0.148458 -0.211146 0.160910 0.232109 0.280396 0.157123 -0.157549 -0.344201 0.343904 -0.261545 -0.593090 -0.394608 -0.140990 -0.497710 -0.060913 -0.094420 -0.129719 -0.203358 0.466596 0.323082 -0.388355 -0.432701 -0.280274 -0.431966 0.215149 0.155433 -0.299844 -0.564888 -0.226099 -0.623796 -0.139144 -0.324212 0.174670 -0.069567 0.774354 0.132896 0.362671 0.105359 0.083864 -0.283731 0.754404 0.316812 0.648745 0.666499 0.463578 0.326239 0.140254 0.218913 -0.533824 -0.401451 -0.415583 -0.544837 -0.445193 -0.391295 -0.453505 -0.415283 0.303189 0.130680 0.032902 -0.046270 0.023784 0.166569 -0.124087 0.039325 -0.168603 0.055362 0.224402 0.224325 0.025859 0.267605 0.198469 -0.032002 -0.215699 0.203284 0.139930 0.075007 0.280090 0.187755
-0.093841 0.034204 -0.371659 -0.192886 -0.317699 -0.540666 -0.216316 -0.110106 -0.151872 -0.383056 0.002390 0.337801 -0.244824 0.430528 -0.402520 -0.221294 0.344398 0.741882 0.109176 -0.073849 -0.045876 -0.328611 -0.627323 -0.530402 -0.544285 -0.594070 -0.481180 -0.526884 0.446059 1.000000 0.056808 0.026501 0.374964 0.222508 0.222598 0.274228 0.381936 0.569800 0.375602 0.384733 0.470789 0.439164 0.041368 0.288155 -0.098599 -0.244664 0.047005 0.055356 -0.238119 -0.283005 -0.438293 -0.443922 -0.147984 -0.301768 0.035891 0.174261 0.161999 -0.047740 -0.447003 -0.142857 -0.078243 -0.092347 0.433907 0.435636 -0.622340 -0.350880 -0.295276 -0.421813 -0.498226 -0.563372 0.340658 0.318915 0.687339 0.679440 0.364986 0.462940 0.662855 0.521172 0.313590 0.716812 0.275712 0.529185 0.063390 0.306263 -0.286003 -0.237293 -0.419254 0.005322 -0.695358 -0.588331 -0.492911 -0.528629 -0.265563 -0.511327 0.117778 0.247837 0.251016 0.110653 0.046553 -0.020248 0.091083 0.112067 0.039708 0.085155 0.087268 -0.182147 0.114675 0.004761 0.095211 0.397859 0.069105 -0.072615 -0.091977 0.113462 -0.249397 -0.067851
0.368754 0.071733 0.071001 -0.067471 -0.025738 0.091275 -0.077097 -0.328553 -0.067597 -0.090017 -0.212580 -0.135410 -0.315358 -0.194250 0.124837 -0.109804 0.092009 -0.084837 0.488050 0.386619 0.031835 0.027881 0.309077 0.376247 0.450920 0.418801 0.202138 0.186149 0.369409 0.056808 1.000000 0.668221 -0.037576 0.050301 -0.058904 -0.323971 -0.103479 -0.258725 -0.185909 -0.385323 -0.070745 0.055523 0.107005 -0.117742 -0.191841 -0.197017 0.074901 -0.169295 -0.458297 -0.306838 0.150395 -0.121590 -0.318404 0.229204 -0.175550 -0.047082 0.309691 0.204602 -0.318730 -0.494009 -0.514269 -0.558515 -0.218740 -0.391192 0.167367 -0.217088 -0.057667 -0.086332 0.201661 0.002993 -0.044531 -0.133193 0.208254 -0.155527 0.148216 -0.106781 -0.089743 -0.263291 0.291127 -0.160171 0.153838 0.013666 0.414486 0.251706 0.483040 0.368588 0.098067 -0.074969 0.004919 -0.121145 -0.152775 0.052530 -0.266033 -0.155051 0.132315 0.038783 -0.090825 -0.136969 -0.046175 0.121957 -0.455597 -0.154567 -0.193739 -0.016480 0.054432 0.132135 -0.141061 -0.045557 0.199489 -0.104994 -0.250619 0.142851 0.153544 -0.108200 0.101206 0.049188
0.033415 0.085387 -0.146203 0.193567 0.009631 0.151196 -0.187555 -0.121865 -0.031021 0.066500 -0.220455 0.071773 -0.298833 -0.188912 0.154588 0.171683 -0.188501 -0.230959 0.192524 0.028285 0.076216 0.312859 0.173664 0.302433 0.365583 0.498860 0.035142 0.255010 0.244153 0.026501 0.668221 1.000000 0.067240 0.217987 -0.061202 -0.255125 -0.182032 -0.208682 -0.043803 -0.123623 0.174501 0.067400 -0.006155 -0.147962 -0.040078 0.047315 0.068049 -0.146524 -0.275095 -0.158991 0.209234 -0.072572 -0.171089 0.172321 -0.170938 -0.025518 0.071790 0.018760 -0.294150 -0.473609 -0.369692 -0.246300 -0.209532 -0.409162 0.264194 0.154778 -0.136037 -0.057262 0.221728 -0.004343 -0.059623 -0.103857 0.088402 -0.147290 -0.006412 0.015958 -0.141967 -0.212999 0.129668 -0.200350 -0.045274 -0.115723 0.234538 0.489726 0.348922 0.265742 0.059544 -0.002310 0.113481 0.029064 -0.222699 -0.213604 -0.081797 -0.205694 0.014809 0.028345 0.008282 -0.071733 -0.070783 0.077627 -0.240965 -0.192569 -0.175213 -0.143225 0.003131 0.132789 -0.091775 0.095648 0.108321 0.000273 -0.213636 0.042069 0.181593 -0.189178 0.106218 -0.101708
0.017455 0.244080 -0.251433 -0.138705 -0.303210 -0.333525 -0.115264 -0.065714 -0.480752 -0.333697 -0.019053 0.252466 -0.282116 0.232417 -0.555252 -0.219286 0.253054 0.375333 0.187303 0.067357 -0.000381 -0.122862 -0.530250 -0.452844 -0.414230 -0.403352 -0.289878 -0.542584 0.291949 0.374964 -0.037576 0.067240 1.000000 0.547783 -0.170302 -0.135452 0.149936 0.107333 0.124810 0.140667 0.328991 -0.065904 0.168156 0.144376 0.210591 0.097464 0.252490 -0.157987 0.040091 -0.413246 -0.044423 -0.416599 0.076807 -0.413213 0.017167 0.040439 0.160653 0.016388 -0.162065 -0.091175 0.009894 -0.008880 0.386526 0.381716 -0.356124 -0.235436 0.064650 -0.315486 -0.041942 -0.225753 -0.149436 -0.100524 0.297105 0.044365 -0.014978 0.192447 0.040342 -0.138793 0.347504 0.228937 0.232264 0.384731 -0.178284 0.245583 -0.394725 -0.242630 -0.497886 -0.163533 -0.553491 -0.418722 -0.280589 -0.430719 -0.197234 -0.374852 0.267654 0.395991 0.347513 0.212302 0.107046 0.098731 0.180498 -0.041726 0.079550 0.112773 0.168215 -0.057515 0.173044 0.071131 0.326399 0.257124 0.034032 0.186255 0.145068 0.134722 0.022084 0.179283
-0.262058 0.300590 -0.182299 0.064210 0.068520 -0.120081 -0.057071 0.021552 -0.274222 -0.098054 -0.441674 0.092825 -0.499168 -0.039345 -0.386125 -0.172293 0.266165 0.234218 0.002511 0.164320 0.243177 0.242267 -0.464936 -0.252081 -0.132963 -0.078358 0.053825 -0.300382 0.293862 0.222508 0.050301 0.217987 0.547783 1.000000 -0.033965 0.092088 0.168663 -0.267239 -0.034810 -0.246501 0.256532 0.229297 0.228566 0.043634 0.196839 0.232913 0.123439 -0.279703 -0.084485 -0.367346 -0.287260 -0.559391 0.175177 -0.349918 -0.423088 -0.459635 0.042140 0.112718 -0.038260 -0.017269 -0.097719 -0.048123 0.191492 0.066042 -0.208504 -0.093099 0.199001 -0.094010 -0.023960 -0.011333 -0.422232 0.260992 0.169612 -0.147408 -0.034280 0.146183 -0.107877 -0.116649 0.324829 0.052024 0.287484 0.284672 -0.072123 0.416975 -0.409401 -0.109494 -0.554172 -0.274045 -0.418869 -0.365709 -0.237656 -0.496998 -0.261000 -0.473846 -0.010622 -0.304629 0.138165 -0.420981 -0.266771 -0.218592 -0.071108 -0.229777 -0.201968 -0.099266 -0.000744 0.198855 0.096580 0.221220 -0.201015 -0.424223 -0.282207 -0.192327 0.188095 -0.145436 0.312031 -0.199620
-0.149526 -0.263774 -0.019118 0.033280 -0.018722 -0.120376 -0.150212 0.009706 0.079696 -0.159905 -0.113717 -0.052843 -0.214506 -0.286786 -0.021852 -0.250558 -0.042989 0.165087 -0.033927 -0.278575 0.019037 -0.156158 -0.073693 -0.118828 -0.051006 -0.047253 -0.137868 -0.060109 -0.162584 0.222598 -0.058904 -0.061202 -0.170302 -0.033965 1.000000 0.618985 -0.043206 0.335181 0.274885 0.225803 0.281794 0.021132 0.051912 0.175684 0.005793 -0.117041 0.041017 0.258845 -0.069351 -0.033166 -0.212905 -0.115385 -0.029585 -0.133448 -0.117560 0.147349 -0.062652 -0.049947 -0.124705 0.022672 0.085311 0.116746 0.053348 0.117363 -0.023257 0.051618 0.000741 0.177964 -0.273076 -0.181495 -0.153453 0.278750 -0.026015 0.092021 0.069704 0.089127 0.255752 0.422042 -0.001831 0.385420 -0.169483 0.051817 -0.164684 -0.102997 -0.208540 -0.339276 -0.008845 -0.065881 -0.097139 -0.150840 -0.032904 -0.122541 -0.089321 -0.192076 -0.156747 0.000210 0.247533 0.072360 -0.024592 -0.106332 0.005730 -0.090001 -0.183179 -0.270443 -0.111270 -0.092891 0.254529 -0.217070 -0.045653 0.151293 0.257971 -0.130190 -0.015985 0.023198 -0.157574 -0.222514
-0.285214 -0.130373 -0.105063 0.096415 -0.109257 -0.356034 -0.070896 0.092894 0.052543 -0.266960 -0.115129 0.100634 -0.084036 -0.132822 -0.065250 -0.150493 -0.132418 0.208666 -0.159668 -0.244828 0.025284 -0.221708 -0.308207 -0.308698 -0.448880 -0.314618 -0.319864 -0.280068 -0.428636 0.274228 -0.323971 -0.255125 -0.135452 0.092088 0.618985 1.000000 0.029226 0.456753 0.375085 0.242812 0.230565 0.104682 -0.114221 0.012208 0.107551 -0.014934 -0.339319 0.162870 0.283532 0.077709 -0.415628 -0.144496 0.107223 -0.288315 -0.052889 0.007944 -0.201834 -0.127734 0.258390 0.413777 0.467717 0.358179 0.355367 0.340036 -0.270298 0.077385 0.157735 0.336524 -0.236439 0.035081 -0.134766 0.646122 -0.154810 0.243544 -0.157097 0.109431 0.424615 0.782574 -0.334775 0.388580 -0.246212 -0.137084 -0.246578 -0.161873 -0.496801 -0.403779 -0.020994 0.197593 -0.241593 -0.114976 0.066533 -0.085891 0.028194 -0.179981 -0.473621 -0.281170 0.087296 -0.198844 -0.107913 -0.355515 0.060452 -0.021213 0.006108 -0.126344 -0.316305 -0.349255 0.121832 -0.292286 -0.377726 0.014296 0.113992 -0.507713 -0.263234 -0.213932 -0.355977 -0.516614
