1.000000 0.613083 0.134606 -0.083007 0.021902 -0.323797 0.378045 -0.085435 0.127933 -0.194074 0.462744 0.042396 0.391594 0.066068 0.026312 0.195384 0.387867 0.168859 0.452689 0.406043 -0.167504 -0.222553 -0.032389 -0.290359 -0.573306 -0.659595 -0.063825 -0.280573 -0.014210 0.085920 -0.082721 -0.493386 0.178157 0.251289 -0.269094 -0.012178 0.318681 0.149305 0.271437 -0.208559 -0.107889 0.058150 -0.369832 -0.546589 -0.405344 -0.499947 -0.330525 -0.359415 -0.105285 -0.199929 -0.499966 -0.137879 0.510067 -0.013546 0.323900 -0.182727 0.738344 0.398139 0.178868 -0.061489 0.408865 0.096178 0.607179 0.346400 -0.322197 -0.537427 -0.115884 -0.522606 0.540835 -0.043840 0.025810 0.133353 0.330810 0.212437 0.290054 0.257746 0.270547 0.338824 -0.076932 0.211052 0.359921 0.080074 0.085532 -0.145631 -0.295138 -0.399787 0.052777 -0.316068 0.041298 -0.118812 0.020264 0.072549 -0.233307 0.129119 -0.310368 -0.233763 -0.160214 -0.355771 0.126242 -0.140614 -0.295560 0.428713 -0.048464 0.185063 -0.231561 -0.206798 -0.261733 0.210872 -0.335776 -0.147765 -0.463790 -0.269109 -0.292523 -0.354011 -0.380674 -0.362936
0.613083 1.000000 -0.358674 -0.097743 -0.010760 -0.263758 -0.042757 -0.208431 -0.051818 -0.208417 0.199240 0.070060 0.156541 -0.001875 -0.022087 0.108219 0.215289 0.195082 0.161402 0.258187 -0.088652 -0.339597 -0.223074 -0.448066 -0.423334 -0.517086 -0.178355 -0.406130 -0.124172 0.259225 0.070153 -0.384655 0.163728 0.321615 -0.049128 0.270257 0.177333 0.182589 0.135947 -0.311337 0.047159 0.288040 -0.207031 -0.357933 -0.091385 -0.316215 -0.235046 -0.327026 0.276819 0.124718 -0.285212 0.145810 0.570266 0.124584 0.131476 -0.121751 0.494509 0.591437 0.307198 0.267827 0.171122 0.260770 0.531692 0.578579 -0.331418 -0.424284 0.135993 -0.378004 0.465253 -0.008108 0.078673 0.128456 0.298998 0.469477 0.276572 0.217687 0.279627 0.303288 -0.103475 0.345219 0.356762 0.345494 0.213557 -0.114139 -0.348322 -0.195887 -0.057879 -0.258267 -0.148386 -0.300077 -0.353903 -0.286976 -0.404411 -0.241637 -0.408288 -0.382050 -0.302930 -0.495726 0.091524 -0.167186 -0.148756 0.149432 0.094251 0.028937 -0.022292 -0.190703 -0.062217 0.279836 -0.380181 -0.253254 -0.486937 -0.268107 -0.248197 -0.421611 -0.380088 -0.399817
0.134606 -0.358674 1.000000 0.204560 0.312061 0.016585 0.673021 0.249689 0.397810 0.162638 0.156345 -0.186722 0.287525 -0.028022 -0.027714 -0.088881 0.048999 -0.233421 0.179124 -0.067048 -0.223401 -0.037811 0.500387 0.265251 0.026755 0.053527 0.166875 0.149131 0.088567 -0.435118 -0.246714 -0.053154 -0.065796 -0.146002 -0.108070 -0.272466 0.031176 -0.263509 0.008511 -0.133624 -0.277954 -0.476953 -0.038226 0.087207 -0.296878 -0.327342 -0.080176 0.073810 -0.293992 -0.482470 0.013255 -0.308677 0.054037 -0.327366 0.207080 0.025845 -0.084633 -0.334514 -0.189222 -0.395905 0.147460 -0.366010 0.022358 -0.383136 0.333946 -0.041250 -0.183154 -0.116723 -0.002980 -0.053674 -0.038500 -0.114477 -0.102665 -0.235308 0.052849 0.015562 0.135639 -0.062870 -0.026560 -0.164449 -0.171520 -0.223577 -0.195806 -0.159611 0.073246 -0.191631 0.144123 -0.025959 0.355762 0.187338 0.325511 0.326537 0.215343 0.569850 0.058415 0.095630 0.169468 0.250016 -0.234611 0.063913 -0.243044 0.219536 -0.127574 0.163723 -0.175920 0.025774 -0.066043 -0.095495 -0.007300 0.165136 0.108132 0.012486 -0.091912 0.058720 0.036893 0.236799
-0.083007 -0.097743 0.204560 1.000000 0.185169 0.444844 0.089418 0.595665 0.227556 0.465272 -0.300949 0.294369 -0.300727 0.114001 0.154952 0.242397 -0.414729 -0.443536 -0.083539 -0.016284 -0.151165 -0.285105 0.266622 0.695954 0.176231 -0.013443 0.263791 0.271119 -0.457449 -0.437056 -0.259999 -0.255303 -0.313062 -0.335769 0.027419 -0.140072 -0.044151 -0.228564 -0.151030 -0.107716 -0.495003 0.015701 -0.080980 -0.162823 -0.175795 -0.152253 -0.101142 -0.119523 -0.157925 -0.137071 0.221541 0.116737 -0.036869 -0.061858 -0.028615 -0.226093 -0.262989 -0.240758 0.033049 0.101847 -0.268772 -0.004379 -0.254382 -0.125978 0.222736 0.428319 0.067707 0.301078 0.042895 0.220678 -0.070710 -0.105828 -0.569155 -0.233438 -0.423365 -0.125696 -0.337070 -0.153936 -0.331178 -0.511275 -0.385664 -0.511187 -0.060537 0.318022 0.224781 0.500783 0.186274 0.216360 0.547004 0.291494 0.211939 -0.000792 0.673435 0.079948 -0.046032 -0.237153 -0.418604 -0.101257 -0.416652 -0.306578 -0.203431 -0.234261 -0.042022 -0.010611 -0.143538 -0.452829 -0.006519 -0.258844 -0.133872 -0.267325 -0.025145 -0.219206 -0.296225 -0.061521 -0.155659 -0.128832
0.021902 -0.010760 0.312061 0.185169 1.000000 0.424647 0.474019 0.395400 0.471463 0.539645 0.138605 0.125074 0.300854 0.227067 0.141384 0.208610 -0.073137 0.143000 -0.082976 0.145418 -0.000989 0.055262 0.115145 0.142116 0.274661 -0.062504 0.311922 0.019743 0.213118 -0.155725 -0.139768 0.016720 -0.150117 -0.198385 -0.190474 -0.267462 0.103119 -0.456715 -0.137216 -0.308124 0.019226 -0.268214 -0.177344 -0.124921 -0.169354 -0.145047 -0.187659 -0.199172 -0.263131 -0.201841 -0.150886 -0.220234 0.084898 -0.214466 0.024244 -0.260108 -0.033128 -0.122383 -0.066308 -0.018964 0.282917 0.323538 0.032297 0.096589 0.133464 0.072354 -0.306885 -0.238448 0.049970 0.228138 0.134837 -0.196594 -0.044723 -0.073965 -0.104641 0.022441 -0.107921 -0.211841 0.075133 -0.334370 -0.047449 0.033111 -0.023280 0.260828 -0.261577 -0.279476 0.242327 -0.099272 0.339310 -0.005908 0.308871 0.119196 0.082475 0.238789 0.003909 0.123584 -0.301807 0.160844 -0.352391 -0.000735 -0.155350 -0.140318 -0.198083 -0.063398 -0.142332 -0.252956 0.095885 -0.397178 0.041016 0.016252 0.098333 0.080206 0.033175 -0.015232 0.102685 0.111151
-0.323797 -0.263758 0.016585 0.444844 0.424647 1.000000 -0.091853 0.337014 0.086425 0.395915 -0.530162 0.007434 -0.399412 -0.089331 0.004789 -0.008982 -0.504720 -0.179096 -0.325156 -0.290436 0.243246 0.216359 0.044776 0.416841 0.615894 0.391637 0.711584 0.497785 -0.358431 -0.299332 -0.000238 -0.039339 -0.348487 -0.523842 -0.161662 -0.113457 -0.005465 -0.086236 -0.171917 0.133874 -0.064624 -0.064914 0.012390 0.072055 0.095973 0.206420 -0.001173 0.172119 -0.087635 0.030517 0.262155 0.132503 -0.276845 0.000365 -0.230643 0.033503 -0.405194 -0.125061 0.110827 0.178011 -0.286116 0.005068 -0.297747 0.001540 0.015747 0.325931 0.033395 0.350216 -0.120331 0.336121 0.133183 0.048678 -0.545136 -0.074204 -0.508654 -0.113913 -0.450203 -0.102406 -0.143306 -0.368358 -0.333575 -0.197996 -0.292912 0.071245 -0.082828 0.325865 0.302219 0.097394 0.362277 0.089853 0.094800 -0.083515 0.266102 0.141989 0.321339 0.203836 -0.203029 0.314683 -0.500382 -0.034820 -0.098718 -0.551794 -0.113521 -0.052090 0.104065 -0.376159 0.083488 -0.347710 0.182160 0.012997 0.346495 0.027522 -0.030757 0.093375 -0.050521 -0.021572
0.378045 -0.042757 0.673021 0.089418 0.474019 -0.091853 1.000000 0.468916 0.506018 0.433639 0.482908 0.126409 0.658989 0.386569 0.039909 0.142032 0.193358 0.152428 0.136255 0.186161 -0.336194 -0.140931 0.193736 0.012261 -0.316927 -0.373722 -0.040757 -0.246044 0.309959 -0.055075 -0.178303 -0.098972 0.174122 0.136507 -0.273937 -0.219145 0.050279 -0.358166 -0.046275 -0.440112 -0.218506 -0.375531 -0.183902 -0.200452 -0.402892 -0.502298 -0.083565 -0.218424 -0.296553 -0.458866 -0.432866 -0.272211 0.308641 -0.022413 0.224890 -0.065862 0.168049 -0.230036 -0.263149 -0.300899 0.425991 0.155092 0.252167 0.013245 -0.054418 -0.161189 -0.390543 -0.530582 0.062692 -0.114991 -0.006508 -0.005006 0.252910 -0.042863 0.040020 0.091921 0.118178 0.036733 -0.057609 -0.042706 0.148174 -0.023111 -0.107006 0.073034 -0.314966 -0.472238 -0.026805 -0.345141 0.103650 0.036385 0.344369 0.318028 0.032511 0.305289 -0.164635 -0.104782 -0.106458 -0.015641 -0.168538 -0.037319 -0.158721 0.233161 -0.286126 0.051025 -0.461043 -0.096943 -0.091691 -0.069954 -0.155546 0.027550 -0.180066 0.007985 -0.058233 -0.167811 0.021969 -0.044618
-0.085435 -0.208431 0.249689 0.595665 0.395400 0.337014 0.468916 1.000000 0.352178 0.700920 0.014749 0.428021 0.175514 0.458291 0.131407 0.298994 -0.266767 -0.041654 -0.358601 -0.030714 -0.266120 -0.220680 0.120718 0.294574 0.008738 -0.116097 0.034086 -0.048632 -0.076730 -0.081592 -0.275436 -0.074895 -0.041715 -0.054954 0.022264 -0.055682 -0.051016 -0.358688 -0.352333 -0.379314 -0.330314 -0.184433 -0.057619 -0.182948 -0.184290 -0.198010 0.076191 -0.169851 -0.263366 -0.212114 -0.059510 -0.079257 0.002337 0.031663 0.155951 -0.140343 -0.319766 -0.415602 -0.305878 -0.041176 -0.049844 0.356030 -0.182721 -0.082490 0.018513 0.544304 -0.296495 -0.078079 -0.307255 -0.017667 -0.031546 0.068156 -0.197322 -0.080839 -0.323983 -0.165595 -0.218310 -0.197694 -0.189863 -0.385373 -0.162042 -0.185178 -0.030163 0.179322 -0.056493 0.092180 0.146747 -0.015530 0.326265 0.229069 0.158647 -0.018613 0.378337 -0.076295 -0.088027 -0.200233 -0.347478 -0.116945 -0.256234 -0.140767 -0.045597 -0.195613 -0.274019 -0.274917 -0.187291 -0.250044 0.051588 -0.317084 -0.177446 -0.181204 -0.189670 -0.210222 -0.106870 -0.034983 -0.051355 -0.048143
0.127933 -0.051818 0.397810 0.227556 0.471463 0.086425 0.506018 0.352178 1.000000 0.630175 0.368687 0.163262 0.488564 0.474552 0.612661 0.421881 -0.010940 0.015625 -0.095848 0.201104 -0.362964 -0.170299 0.108552 0.211322 -0.079799 -0.209262 0.135454 -0.023303 0.313753 -0.238568 -0.050271 -0.092251 0.020803 -0.025481 -0.264951 -0.342475 0.174962 -0.468406 -0.088242 -0.455521 -0.107736 -0.326485 -0.209402 -0.126639 -0.429597 -0.485757 -0.078187 -0.237835 -0.437446 -0.408540 -0.069986 -0.202653 0.177512 0.017018 -0.019705 -0.317873 0.022630 -0.161080 -0.063231 -0.127369 0.197797 0.332958 -0.104252 -0.175607 0.064345 0.169971 -0.450498 -0.441748 0.056348 -0.009759 -0.180057 -0.172658 0.052473 0.079138 -0.024637 0.174412 -0.154219 -0.147834 -0.113660 -0.264552 0.008806 -0.073998 0.211049 0.166395 -0.032458 -0.317803 -0.040788 -0.202851 0.191741 0.051582 0.432717 0.428037 0.166532 0.368201 -0.047477 -0.088380 -0.318334 0.017643 -0.184279 0.051814 -0.149122 0.104272 -0.089228 -0.052302 -0.160261 -0.070593 -0.061941 -0.095591 -0.170766 -0.104995 -0.159340 -0.075318 0.101390 -0.023563 0.152633 0.111394
-0.194074 -0.208417 0.162638 0.465272 0.539645 0.395915 0.433639 0.700920 0.630175 1.000000 0.096122 0.481407 0.209408 0.472315 0.275454 0.472151 -0.204292 0.090996 -0.253577 0.093248 -0.273862 -0.239719 -0.034524 0.335238 0.050998 -0.133883 0.045019 -0.041844 0.093759 -0.068774 -0.062557 -0.004117 0.055736 -0.079582 -0.221578 -0.197076 0.023775 -0.421855 -0.364996 -0.482809 -0.200666 -0.222377 -0.208803 -0.179888 -0.214586 -0.249808 -0.022799 -0.240122 -0.222461 -0.274481 -0.087790 -0.043134 -0.009137 0.124582 -0.178449 -0.414866 -0.275887 -0.427982 -0.150304 0.025127 0.070974 0.468032 -0.151892 -0.074185 0.076184 0.421900 -0.278995 -0.147254 -0.115166 0.151541 -0.080472 -0.009194 -0.128588 -0.036864 -0.375486 -0.114350 -0.324154 -0.137589 -0.066669 -0.281873 -0.087929 -0.165870 -0.058821 0.408914 -0.180639 -0.075503 -0.091203 -0.235372 0.116637 0.043136 0.337660 0.253327 0.344454 0.103150 -0.113704 -0.107796 -0.389722 0.020178 -0.379929 -0.107118 -0.057581 -0.300720 -0.251435 -0.178673 -0.341359 -0.279938 -0.047401 -0.276990 -0.129159 -0.118004 -0.081093 -0.069782 -0.067038 -0.117276 0.147697 -0.054492
0.462744 0.199240 0.156345 -0.300949 0.138605 -0.530162 0.482908 0.014749 0.368687 0.096122 1.000000 0.317999 0.883207 0.521968 0.364376 0.439920 0.518422 0.571784 0.264641 0.560338 -0.333876 -0.146436 0.088655 -0.150057 -0.603145 -0.589192 -0.321298 -0.417135 0.554687 0.234090 -0.063239 -0.057484 0.135511 0.227159 -0.045999 -0.214028 0.174107 0.009947 0.235652 -0.391583 0.015143 -0.100839 -0.134296 -0.262169 -0.506761 -0.460693 -0.170019 -0.203842 -0.233613 -0.401762 -0.551079 -0.355200 0.367600 -0.053422 0.401700 -0.189430 0.414878 -0.002022 -0.213540 -0.241699 0.551928 0.411592 0.341517 0.015331 -0.150118 -0.200862 -0.538132 -0.646554 0.104750 -0.058844 -0.068075 -0.110707 0.543248 0.000843 0.430788 0.086692 0.336415 0.138637 0.113764 0.058285 0.332468 0.045479 0.117031 0.036945 -0.141039 -0.706439 -0.149084 -0.319258 -0.118510 -0.118498 0.214254 0.378400 -0.270266 0.084541 -0.313256 -0.267963 -0.024011 -0.154764 0.127564 0.121058 0.027060 0.349763 -0.232529 -0.127612 -0.405725 0.076978 -0.156837 -0.039029 -0.261495 -0.000548 -0.205967 0.011692 0.158557 -0.136686 0.013790 -0.118533
0.042396 0.070060 -0.186722 0.294369 0.125074 0.007434 0.126409 0.428021 0.163262 0.481407 0.317999 1.000000 0.253604 0.705932 0.231592 0.591465 -0.180580 0.208351 -0.230264 0.105871 -0.331775 -0.312385 0.003556 0.225372 -0.229707 -0.222679 -0.210488 -0.095468 -0.013572 0.219003 -0.107475 -0.077622 0.074843 0.089831 0.057390 0.088922 -0.030640 0.045930 -0.110289 -0.447611 -0.150463 0.052959 0.013891 -0.046425 -0.173624 -0.052490 0.058867 -0.081085 -0.187229 -0.255049 -0.105771 -0.237043 -0.109226 -0.004217 0.083327 -0.254748 -0.112724 -0.409798 -0.373406 -0.166317 0.024564 0.448318 -0.105841 -0.164322 0.065413 0.410407 -0.348969 -0.076624 -0.174303 -0.055360 -0.141380 0.150798 0.040636 -0.022318 -0.148576 -0.094194 -0.049180 0.108316 -0.174020 -0.210927 -0.114114 -0.307000 0.102347 0.446212 0.015243 0.138294 -0.025848 -0.015303 -0.047294 -0.075341 0.051344 -0.075857 0.293930 -0.322001 -0.354063 -0.302157 -0.122728 -0.232059 -0.120216 -0.119319 -0.059627 -0.394385 -0.439143 -0.531670 -0.384416 -0.128393 -0.129782 -0.266467 -0.238793 -0.059008 -0.015115 -0.031364 -0.062356 -0.161964 -0.040402 -0.202933
0.391594 0.156541 0.287525 -0.300727 0.300854 -0.399412 0.658989 0.175514 0.488564 0.209408 0.883207 0.253604 1.000000 0.614770 0.346278 0.312796 0.374510 0.534223 -0.000245 0.304226 -0.391621 -0.142368 0.134169 -0.250997 -0.509850 -0.492800 -0.262061 -0.442663 0.561015 0.203668 0.010143 -0.007426 0.177890 0.264302 -0.061630 -0.139515 0.116891 -0.051463 0.088409 -0.493405 0.000410 -0.161222 0.001435 -0.088679 -0.464515 -0.482353 -0.053140 -0.101823 -0.267430 -0.399934 -0.459030 -0.366555 0.345094 -0.002892 0.351361 -0.077761 0.275180 -0.079123 -0.288108 -0.290227 0.564161 0.441392 0.250255 0.013170 -0.166673 -0.108821 -0.618919 -0.725439 -0.061481 -0.217347 -0.007999 0.019598 0.492848 0.138417 0.397477 0.210011 0.367987 0.183399 0.012531 0.091657 0.273670 0.097000 0.101893 -0.057654 -0.255821 -0.720757 -0.081174 -0.295922 -0.194652 -0.124832 0.147835 0.291941 -0.256019 0.079705 -0.281696 -0.220806 -0.027484 -0.102910 0.098735 0.158161 0.071726 0.326286 -0.272888 -0.139412 -0.332661 0.112754 -0.101931 0.000719 -0.312393 0.031773 -0.218604 -0.003558 0.255189 -0.145046 0.005483 -0.060480
0.066068 -0.001875 -0.028022 0.114001 0.227067 -0.089331 0.386569 0.458291 0.474552 0.472315 0.521968 0.705932 0.614770 1.000000 0.469568 0.490461 -0.022141 0.298338 -0.317398 0.100984 -0.419476 -0.206697 0.011528 0.118501 -0.358529 -0.281044 -0.173259 -0.233032 0.320964 0.190041 0.067683 0.072900 0.132009 0.136563 0.068910 -0.039432 0.000587 -0.070039 -0.071192 -0.451619 -0.067241 -0.029394 0.040461 -0.015679 -0.372022 -0.281560 -0.001052 -0.114116 -0.274647 -0.385637 -0.196860 -0.265178 0.035463 0.159739 0.094645 -0.154022 -0.015746 -0.330548 -0.344396 -0.139065 0.226510 0.615505 -0.141184 -0.105175 -0.087120 0.386702 -0.530792 -0.368297 -0.233322 -0.293336 -0.090845 0.058898 0.211260 -0.043394 -0.015082 0.033453 0.078895 0.092285 -0.198543 -0.177735 -0.030804 -0.209541 0.215124 0.380490 -0.090818 -0.200954 0.034960 -0.052918 -0.151198 -0.106497 0.070521 0.052786 0.183117 -0.220214 -0.269505 -0.254883 -0.200925 -0.183956 -0.087336 -0.012054 0.170633 -0.173996 -0.289883 -0.392419 -0.302184 -0.051184 -0.052889 -0.193166 -0.236538 -0.019038 -0.134186 -0.015367 0.191409 -0.034314 -0.013753 -0.141248
0.026312 -0.022087 -0.027714 0.154952 0.141384 0.004789 0.039909 0.131407 0.612661 0.275454 0.364376 0.231592 0.346278 0.469568 1.000000 0.374555 -0.049909 0.131392 -0.204138 0.144860 -0.247623 0.059084 0.379199 0.299807 -0.054543 -0.118274 0.163687 0.134853 0.236413 -0.087778 0.096434 -0.040554 -0.109206 -0.054507 -0.024528 -0.162957 0.067076 -0.025806 0.266509 -0.118743 0.050929 0.150443 -0.013181 -0.073197 -0.285375 -0.323341 0.051209 -0.040607 -0.352953 -0.243434 0.034378 -0.171240 -0.048312 0.074861 0.169717 -0.039399 0.041806 0.060782 -0.157215 -0.123677 0.022883 0.327574 -0.347826 -0.183913 0.205513 0.202280 -0.483165 -0.323523 -0.032693 -0.029643 0.015819 -0.124065 -0.041275 0.062875 0.150961 0.096937 -0.199587 -0.132277 -0.174353 -0.264163 -0.038122 -0.197789 0.610760 0.193493 0.421193 -0.140271 0.266341 0.166040 0.262771 0.134157 0.205543 0.141918 0.118984 -0.002410 0.074033 -0.284466 -0.229315 -0.091827 -0.007994 0.007970 -0.081867 0.078063 -0.108666 -0.296118 0.032011 -0.111529 -0.064502 -0.165175 -0.333945 -0.177600 -0.023631 -0.128818 0.172311 -0.049943 -0.059915 -0.062074
0.195384 0.108219 -0.088881 0.242397 0.208610 -0.008982 0.142032 0.298994 0.421881 0.472151 0.439920 0.591465 0.312796 0.490461 0.374555 1.000000 0.078889 0.274166 -0.040649 0.529085 -0.301742 -0.268541 -0.006398 0.266850 -0.305828 -0.441803 0.021553 0.006929 0.208228 0.153094 -0.161035 -0.129206 0.004701 0.155038 -0.027486 -0.045249 0.158370 -0.066588 0.071581 -0.412849 -0.054721 -0.001533 -0.205283 -0.357689 -0.424224 -0.372931 -0.182110 -0.401314 -0.382015 -0.333952 -0.313894 -0.303612 0.000024 0.009648 0.194516 -0.388748 0.132672 -0.252810 -0.109361 -0.149185 0.151596 0.402580 0.035663 -0.140309 -0.141489 0.151136 -0.368905 -0.277949 0.089853 0.127842 -0.374976 -0.088033 0.179580 -0.020391 0.020716 -0.287936 0.014937 0.082316 -0.052882 -0.117011 0.047690 -0.209548 0.063970 0.400951 -0.117037 -0.188928 -0.039891 -0.348239 0.069987 0.281743 0.271130 0.167881 0.182853 0.005766 -0.420267 -0.444450 -0.426149 -0.363504 -0.138831 -0.165138 -0.249723 -0.103073 -0.345827 -0.328070 -0.388256 -0.244530 -0.298295 -0.242158 -0.289860 -0.281667 -0.268549 -0.161747 -0.102998 -0.048533 -0.058209 -0.276667
0.387867 0.215289 0.048999 -0.414729 -0.073137 -0.504720 0.193358 -0.266767 -0.010940 -0.204292 0.518422 -0.180580 0.374510 -0.022141 -0.049909 0.078889 1.000000 0.471529 0.458503 0.374533 0.020386 -0.001495 -0.187557 -0.376926 -0.375240 -0.364670 -0.235571 -0.316426 0.519049 0.250278 -0.008007 -0.032232 0.273857 0.258445 -0.150104 -0.255876 0.438721 -0.005397 0.407887 -0.048949 0.222981 -0.046398 -0.387596 -0.388019 -0.426860 -0.415001 -0.351714 -0.462149 0.000559 -0.251836 -0.365046 -0.136477 0.367459 -0.116215 0.271666 -0.152148 0.534773 0.334934 0.156333 -0.022068 0.431327 0.011604 0.583710 0.300180 -0.188510 -0.489309 -0.008094 -0.448192 0.395277 -0.035254 -0.037963 -0.190940 0.584567 0.025996 0.463636 0.046097 0.468353 0.046117 0.467934 0.457652 0.707402 0.438623 0.108200 -0.134269 -0.106271 -0.478417 -0.096693 -0.316759 -0.097591 -0.092213 -0.069695 0.133770 -0.350517 -0.015915 0.020890 -0.000769 0.027726 -0.130607 0.169481 0.044003 0.067928 0.437791 0.133874 0.084120 -0.096879 0.187148 -0.128008 0.102145 0.056535 0.087847 -0.385229 -0.090813 0.066050 0.061766 0.077840 0.028025
0.168859 0.195082 -0.233421 -0.443536 0.143000 -0.179096 0.152428 -0.041654 0.015625 0.090996 0.571784 0.208351 0.534223 0.298338 0.131392 0.274166 0.471529 1.000000 0.023410 0.275438 0.002416 0.036342 -0.204678 -0.281170 -0.349439 -0.318592 -0.138173 -0.311074 0.549516 0.397184 0.114045 0.231985 0.190248 0.186413 -0.147763 -0.197307 0.145090 0.196419 0.153259 -0.193229 0.277383 0.051694 -0.120165 -0.225755 -0.257313 -0.184764 -0.285405 -0.261527 0.010355 -0.117253 -0.569624 -0.153870 0.171911 0.070697 0.212174 -0.169448 0.207498 0.057514 -0.110528 0.023911 0.468252 0.487570 0.305983 0.366499 -0.245335 -0.174655 -0.415541 -0.494199 -0.056485 -0.139969 0.016141 -0.052465 0.475513 0.238395 0.190294 -0.059772 0.242404 0.110934 0.347032 0.258600 0.383631 0.312607 0.099810 0.078325 -0.251298 -0.541985 -0.001119 -0.376356 -0.224417 -0.189818 -0.050066 0.060982 -0.444628 -0.146937 -0.175900 -0.076711 -0.138122 -0.109723 0.025352 0.083270 0.139707 0.073311 -0.133053 -0.231465 -0.167089 0.076101 -0.321401 -0.164441 -0.136653 0.078180 -0.177321 0.106913 0.341250 -0.052731 0.048752 -0.053208
0.452689 0.161402 0.179124 -0.083539 -0.082976 -0.325156 0.136255 -0.358601 -0.095848 -0.253577 0.264641 -0.230264 -0.000245 -0.317398 -0.204138 -0.040649 0.458503 0.023410 1.000000 0.570699 0.106086 0.038301 -0.187175 -0.042714 -0.252180 -0.249157 -0.178754 -0.217368 0.070605 -0.007652 -0.077863 -0.102889 0.181756 0.079877 -0.201073 -0.232290 0.163612 -0.022645 0.251844 0.136814 0.108256 0.007822 -0.502770 -0.513464 -0.224768 -0.226229 -0.356731 -0.318649 0.074569 -0.175154 -0.369631 -0.030103 0.307040 -0.204559 0.024600 -0.233406 0.528544 0.243014 0.294011 0.048124 0.333699 -0.128552 0.562425 0.272160 -0.034541 -0.535009 0.252267 -0.105615 0.584100 0.217631 0.072933 -0.277773 0.245817 -0.206055 0.189948 0.106863 0.037349 -0.061148 0.159001 0.111313 0.283194 0.135191 -0.134827 0.042836 -0.167221 -0.273535 -0.164365 -0.215894 0.117752 -0.124783 0.174793 0.231868 -0.235527 0.195201 -0.055466 0.028577 -0.025571 -0.005440 0.008394 -0.143873 -0.207641 0.276965 0.235730 0.352342 -0.247635 -0.168237 0.010797 0.182696 0.082590 -0.027398 -0.112223 -0.039747 -0.272377 -0.187816 -0.050618 -0.005640
0.406043 0.258187 -0.067048 -0.016284 0.145418 -0.290436 0.186161 -0.030714 0.201104 0.093248 0.560338 0.105871 0.304226 0.100984 0.144860 0.529085 0.374533 0.275438 0.570699 1.000000 0.045593 -0.076746 -0.164004 0.022817 -0.383628 -0.523166 -0.125412 -0.209774 0.324697 0.179190 -0.101899 -0.086211 0.132312 0.239681 -0.167178 -0.236758 0.235611 -0.180033 0.276959 -0.100254 0.164968 0.121027 -0.498049 -0.607131 -0.356941 -0.359298 -0.346286 -0.524290 -0.245035 -0.147992 -0.500970 -0.171378 0.246780 -0.010355 0.185869 -0.340880 0.389359 0.072775 0.002851 -0.057969 0.183403 0.241635 0.290961 0.118445 -0.350682 -0.380245 -0.203606 -0.375345 0.466549 0.338665 -0.092448 -0.283654 0.439306 -0.071439 0.251534 -0.029449 0.009723 -0.102475 0.156541 -0.012076 0.360555 0.166757 0.000641 0.216516 -0.224886 -0.492247 -0.185623 -0.476242 0.091171 0.082312 0.388488 0.301470 -0.187174 0.031520 -0.295802 -0.307863 -0.373571 -0.335686 0.121447 -0.106628 -0.172179 0.179571 -0.040749 0.000798 -0.379350 -0.117435 -0.056906 -0.053323 -0.162067 -0.305105 -0.272929 -0.105804 -0.105932 -0.072536 0.079793 -0.190479
-0.167504 -0.088652 -0.223401 -0.151165 -0.000989 0.243246 -0.336194 -0.266120 -0.362964 -0.273862 -0.333876 -0.331775 -0.391621 -0.419476 -0.247623 -0.301742 0.020386 0.002416 0.106086 0.045593 1.000000 0.693596 -0.162868 -0.068088 0.405972 0.421220 0.248349 0.206040 0.027151 0.133655 0.225175 0.311596 -0.266806 -0.387171 -0.306493 -0.284643 0.183377 0.050890 0.409541 0.624402 0.357400 0.354523 -0.178720 -0.010711 0.206387 0.394956 -0.096503 0.080484 -0.023375 0.380737 0.105613 0.136924 -0.266785 -0.006901 -0.177134 0.185402 -0.080063 0.292752 -0.061405 0.080837 -0.299370 -0.290179 -0.175623 0.116262 -0.244124 -0.280527 0.004218 0.200400 0.160519 0.299669 0.489558 -0.113404 0.170580 0.249612 0.175434 0.192833 -0.101507 -0.249157 0.445535 0.115275 0.234038 0.413861 -0.083432 -0.075384 0.069574 0.038515 0.193912 0.029457 0.107492 -0.096260 0.105444 -0.086101 -0.231388 -0.054851 0.229949 0.330475 0.138772 0.267499 0.139178 0.322145 -0.079566 0.030026 0.350760 0.046389 0.029800 -0.067901 0.134587 -0.152330 0.317872 0.312168 0.320071 0.317114 0.181511 0.289084 0.037872 0.140955
-0.222553 -0.339597 -0.037811 -0.285105 0.055262 0.216359 -0.140931 -0.220680 -0.170299 -0.239719 -0.146436 -0.312385 -0.142368 -0.206697 0.059084 -0.268541 -0.001495 0.036342 0.038301 -0.076746 0.693596 1.000000 0.075094 -0.008256 0.393218 0.476728 0.296195 0.278322 0.202544 0.123071 0.222746 0.419239 -0.152605 -0.240675 -0.238182 -0.227939 0.088054 0.004366 0.484846 0.605569 0.363706 0.241864 -0.054506 0.116096 0.039798 0.301615 0.011065 0.175205 -0.315347 0.043196 0.022079 -0.206987 -0.352774 -0.146669 -0.023779 0.336252 -0.032810 0.247963 -0.213683 -0.126337 -0.151360 -0.246927 -0.249406 -0.098314 -0.067917 -0.134712 -0.201434 0.061730 -0.010647 0.163167 0.374923 -0.010288 0.175292 0.058604 0.151140 0.187565 -0.128302 -0.260379 0.367459 0.090404 0.212469 0.290549 0.055375 -0.029373 0.199034 -0.097790 0.246277 0.154386 0.190529 -0.002962 0.132291 -0.070327 -0.174349 0.023060 0.411215 0.278509 0.263843 0.408352 0.175782 0.382201 -0.008976 0.143464 0.128679 -0.001455 0.040321 0.006568 0.252743 0.000965 0.330540 0.331386 0.337717 0.324898 0.361703 0.326250 0.068263 0.187130
-0.032389 -0.223074 0.500387 0.266622 0.115145 0.044776 0.193736 0.120718 0.108552 -0.034524 0.088655 0.003556 0.134169 0.011528 0.379199 -0.006398 -0.187557 -0.204678 -0.187175 -0.164004 -0.162868 0.075094 1.000000 0.469733 0.101645 0.080005 0.288977 0.434409 -0.128363 -0.354949 -0.099221 -0.079188 -0.336102 -0.198967 0.164162 -0.046959 -0.205922 0.054215 0.267671 0.065867 -0.312603 -0.015418 0.259390 0.258137 -0.132926 -0.147054 0.076118 0.286809 -0.218950 -0.180594 0.184009 -0.155927 -0.172018 -0.216904 0.366313 0.256829 -0.178147 -0.114571 -0.284744 -0.292732 -0.114938 -0.246388 -0.348485 -0.392518 0.516354 0.083832 -0.275750 -0.026256 -0.114646 0.028354 0.115785 0.003903 -0.301169 -0.225882 0.091709 -0.021558 0.068995 -0.013609 -0.126493 -0.233957 -0.401126 -0.449573 0.124895 -0.095442 0.489010 0.064562 0.359411 0.283389 0.404867 0.292822 0.078182 0.001674 0.296186 0.189003 0.029676 -0.203510 0.095538 0.071887 -0.172018 0.082999 -0.145123 0.114771 -0.246095 -0.071018 -0.015064 -0.046533 -0.053445 -0.205726 -0.277077 -0.029273 0.169508 -0.047741 0.034984 0.069327 -0.122836 -0.002989
-0.290359 -0.448066 0.265251 0.695954 0.142116 0.416841 0.012261 0.294574 0.211322 0.335238 -0.150057 0.225372 -0.250997 0.118501 0.299807 0.266850 -0.376926 -0.281170 -0.042714 0.022817 -0.068088 -0.008256 0.469733 1.000000 0.296123 0.207747 0.480861 0.547655 -0.159058 -0.493052 -0.079742 0.112621 -0.442329 -0.485492 0.006186 -0.391980 -0.025197 -0.107138 0.039607 0.131677 -0.323152 0.046141 -0.018815 0.023753 -0.266507 -0.097368 -0.124430 0.031145 -0.256489 -0.251581 0.158793 0.015584 -0.317004 -0.174861 -0.097616 -0.161189 -0.343137 -0.391423 -0.122568 -0.043288 -0.225810 -0.109576 -0.437781 -0.385917 0.370117 0.429360 -0.128105 0.315902 -0.019466 0.264919 -0.128916 -0.297552 -0.495592 -0.484525 -0.398314 -0.235323 -0.338114 -0.209890 -0.104179 -0.548268 -0.483320 -0.648140 -0.088052 0.463918 0.403128 0.417581 0.184391 0.229665 0.514186 0.314548 0.447080 0.251957 0.746038 0.289609 0.163207 -0.026020 -0.226397 0.186187 -0.527845 -0.143427 -0.094560 -0.308688 -0.141893 0.029799 -0.223316 -0.347027 -0.085951 -0.324795 0.053693 -0.004783 0.317259 0.057282 -0.003730 0.134694 0.014413 -0.028179
-0.573306 -0.423334 0.026755 0.176231 0.274661 0.615894 -0.316927 0.008738 -0.079799 0.050998 -0.603145 -0.229707 -0.509850 -0.358529 -0.054543 -0.305828 -0.375240 -0.349439 -0.252180 -0.383628 0.405972 0.393218 0.101645 0.296123 1.000000 0.803223 0.492786 0.495002 -0.224639 -0.314289 0.069505 0.235071 -0.335268 -0.459899 -0.046360 -0.162931 0.013200 -0.209352 -0.117880 0.350263 0.171312 0.021252 0.167325 0.389668 0.318869 0.474573 0.183189 0.310057 -0.017179 0.238942 0.557040 0.140781 -0.402388 -0.180209 -0.311183 0.145542 -0.454959 -0.106017 -0.003753 0.072167 -0.360554 -0.294154 -0.391440 -0.177800 0.319140 0.278752 0.205589 0.512072 -0.136882 0.364358 0.047580 -0.162624 -0.456576 -0.125222 -0.294280 0.062215 -0.435044 -0.393498 0.052611 -0.306394 -0.251026 -0.045111 -0.135646 -0.007038 0.234561 0.460275 0.166237 0.298657 0.293257 0.053759 0.205883 -0.000631 0.232077 0.152227 0.521481 0.447593 0.094173 0.489920 -0.164614 0.145831 -0.037948 -0.344764 0.085817 0.025543 0.191444 -0.105518 0.338132 -0.285996 0.416188 0.216315 0.526710 0.176442 0.166646 0.206235 0.177244 0.376016
-0.659595 -0.517086 0.053527 -0.013443 -0.062504 0.391637 -0.373722 -0.116097 -0.209262 -0.133883 -0.589192 -0.222679 -0.492800 -0.281044 -0.118274 -0.441803 -0.364670 -0.318592 -0.249157 -0.523166 0.421220 0.476728 0.080005 0.207747 0.803223 1.000000 0.333091 0.479566 -0.204788 -0.195536 0.230290 0.481304 -0.220418 -0.375293 -0.021772 -0.062390 -0.107237 0.064623 -0.032129 0.500665 0.271903 0.100240 0.258412 0.543191 0.337811 0.508025 0.234154 0.518115 0.040196 0.146331 0.576804 0.053764 -0.581222 -0.165283 -0.346272 0.250631 -0.527197 -0.180853 -0.202468 -0.072243 -0.475726 -0.419354 -0.506976 -0.350575 0.315406 0.316074 0.128391 0.553485 -0.239192 0.077025 0.156288 0.043744 -0.331087 -0.057513 -0.219320 0.110728 -0.268677 -0.215714 0.067594 -0.107863 -0.255473 -0.002506 -0.061402 -0.094430 0.279570 0.457968 0.142568 0.389208 0.072693 -0.132150 0.033938 -0.087379 0.143942 0.080721 0.435814 0.447097 0.362684 0.523251 -0.064519 0.197904 0.098499 -0.325295 0.135084 -0.066956 0.183773 0.062364 0.294258 -0.125370 0.348729 0.387614 0.642374 0.294757 0.284804 0.334697 0.076562 0.331157
-0.063825 -0.178355 0.166875 0.263791 0.311922 0.711584 -0.040757 0.034086 0.135454 0.045019 -0.321298 -0.210488 -0.262061 -0.173259 0.163687 0.021553 -0.235571 -0.138173 -0.178754 -0.125412 0.248349 0.296195 0.288977 0.480861 0.492786 0.333091 1.000000 0.774534 -0.168690 -0.432634 -0.004135 -0.036110 -0.356916 -0.462731 -0.199902 -0.312112 0.206692 -0.000696 0.173826 0.319402 -0.037759 0.043914 -0.070252 0.034056 -0.138735 0.024351 -0.160857 0.072675 -0.261615 -0.056312 0.190279 0.047516 -0.259175 -0.122569 -0.043600 0.142483 -0.132112 0.059005 0.070529 0.024775 -0.273565 -0.258206 -0.286285 -0.121836 0.044348 0.047894 -0.114548 0.178094 0.064461 0.266122 0.011391 -0.078743 -0.362691 -0.087066 -0.236817 -0.054288 -0.273907 -0.110008 0.006983 -0.309781 -0.157226 -0.150670 -0.132199 0.020658 0.157687 0.234854 0.374295 0.035161 0.466602 0.166458 0.197711 0.043331 0.232082 0.300239 0.377458 0.149578 -0.097337 0.256908 -0.360355 -0.001841 -0.177110 -0.328289 -0.155565 0.034510 0.079716 -0.245463 0.017499 -0.318425 0.188560 0.091221 0.334957 0.060554 0.082952 0.231736 -0.088268 -0.092733
-0.280573 -0.406130 0.149131 0.271119 0.019743 0.497785 -0.246044 -0.048632 -0.023303 -0.041844 -0.417135 -0.095468 -0.442663 -0.233032 0.134853 0.006929 -0.316426 -0.311074 -0.217368 -0.209774 0.206040 0.278322 0.434409 0.547655 0.495002 0.479566 0.774534 1.000000 -0.275470 -0.488482 -0.147383 -0.039032 -0.301011 -0.349810 -0.034686 -0.190765 0.037109 0.024460 0.184948 0.501826 -0.098368 0.016566 0.071524 0.238062 -0.004999 0.220122 -0.068028 0.176051 -0.321177 -0.005461 0.337001 -0.040555 -0.541811 -0.178172 -0.042359 0.110503 -0.247694 -0.137068 0.013073 -0.060815 -0.447375 -0.415446 -0.484638 -0.417111 0.288590 0.209727 0.014974 0.448332 -0.064560 0.233390 -0.126238 0.002209 -0.435992 -0.231044 -0.226428 -0.137824 -0.245903 -0.129643 0.047395 -0.353180 -0.346931 -0.374271 -0.056547 0.050653 0.472175 0.477503 0.253801 0.146171 0.397701 0.234232 0.142241 -0.049302 0.366019 0.168746 0.257975 0.057637 0.076090 0.135377 -0.227813 -0.086418 -0.135271 -0.382743 -0.180575 -0.093457 0.157448 -0.058593 -0.056984 -0.307988 0.147056 0.040930 0.392073 0.006622 -0.013284 0.267222 -0.043226 -0.037351
-0.014210 -0.124172 0.088567 -0.457449 0.213118 -0.358431 0.309959 -0.076730 0.313753 0.093759 0.554687 -0.013572 0.561015 0.320964 0.236413 0.208228 0.519049 0.549516 0.070605 0.324697 0.027151 0.202544 -0.128363 -0.159058 -0.224639 -0.204788 -0.168690 -0.275470 1.000000 0.377615 0.167622 0.434168 0.229515 0.266819 -0.119222 -0.323247 0.369931 -0.140202 0.246585 -0.118296 0.389837 -0.043675 -0.280661 -0.146165 -0.408856 -0.361675 -0.199173 -0.331111 -0.352117 -0.400036 -0.427360 -0.416185 0.019952 -0.075647 0.138230 0.005121 0.057013 -0.119819 -0.292683 -0.294406 0.347070 0.188183 0.104888 -0.019995 -0.137840 -0.223265 -0.504897 -0.614885 -0.073398 -0.254101 -0.016422 -0.225480 0.716563 0.158265 0.422296 0.090809 0.374267 -0.109825 0.557386 0.289217 0.494670 0.430012 0.202629 0.232407 -0.026995 -0.557653 -0.086338 -0.295853 -0.146246 0.063847 0.152917 0.200018 -0.245989 -0.050532 0.077159 0.147710 0.063696 0.079686 0.170078 0.243673 0.128131 0.188082 -0.144574 -0.163680 -0.120346 0.325595 -0.020186 -0.026441 0.143569 0.258970 -0.125743 0.153707 0.404692 0.255504 0.398810 0.246389
0.085920 0.259225 -0.435118 -0.437056 -0.155725 -0.299332 -0.055075 -0.081592 -0.238568 -0.068774 0.234090 0.219003 0.203668 0.190041 -0.087778 0.153094 0.250278 0.397184 -0.007652 0.179190 0.133655 0.123071 -0.354949 -0.493052 -0.314289 -0.195536 -0.432634 -0.488482 0.377615 1.000000 0.265600 0.340050 0.422317 0.467589 0.029782 0.353718 0.114184 0.305846 0.171523 -0.099930 0.441516 0.268395 -0.133957 -0.220748 0.033774 -0.082173 0.067082 -0.090468 -0.018500 -0.032407 -0.401916 -0.313703 -0.083095 0.001902 0.036806 0.116312 0.131351 0.100293 -0.322385 -0.290437 0.066052 0.208148 0.192494 0.217135 -0.303747 -0.255440 -0.191786 -0.395733 -0.036343 -0.270100 0.224345 0.377875 0.641797 0.440353 0.394337 0.047658 0.333596 0.299177 0.303487 0.605944 0.514598 0.547413 0.139518 0.134362 -0.200980 -0.324307 -0.119040 -0.178753 -0.446841 -0.169750 -0.303000 -0.374064 -0.402884 -0.559384 -0.121091 -0.111994 0.177589 -0.127535 0.357680 -0.024393 -0.024068 -0.004594 -0.255561 -0.343285 -0.208056 0.168894 0.125025 0.189465 -0.111417 0.212976 -0.134337 0.044325 0.076758 0.022219 0.055873 -0.190670
-0.082721 0.070153 -0.246714 -0.259999 -0.139768 -0.000238 -0.178303 -0.275436 -0.050271 -0.062557 -0.063239 -0.107475 0.010143 0.067683 0.096434 -0.161035 -0.008007 0.114045 -0.077863 -0.101899 0.225175 0.222746 -0.099221 -0.079742 0.069505 0.230290 -0.004135 -0.147383 0.167622 0.265600 1.000000 0.469133 0.159276 0.113853 -0.095417 0.111665 0.036951 0.302653 0.082274 0.075620 0.113661 0.422887 0.068679 0.195402 0.024346 -0.034028 0.023830 0.199334 0.179956 0.074482 -0.032334 0.193900 -0.106377 0.258132 -0.475552 0.022229 -0.001765 0.153364 -0.044717 0.108746 -0.135247 0.040973 -0.180536 0.115281 -0.282748 -0.147252 0.028157 -0.115218 0.190220 -0.083699 0.450621 0.119253 0.177658 0.259951 0.102106 0.323054 0.158576 0.287430 0.024237 0.477931 0.130860 0.157345 0.027627 0.070479 -0.217044 -0.124056 -0.206716 -0.131383 -0.538887 -0.419491 -0.161462 -0.064972 -0.141933 -0.142751 -0.020208 0.041923 0.008826 0.074668 0.034457 0.095667 0.097014 0.047844 0.128793 0.200718 -0.189306 -0.114678 0.038477 0.320549 -0.145813 0.118365 -0.007264 -0.001042 0.263291 -0.012939 -0.145609 -0.146953
-0.493386 -0.384655 -0.053154 -0.255303 0.016720 -0.039339 -0.098972 -0.074895 -0.092251 -0.004117 -0.057484 -0.077622 -0.007426 0.072900 -0.040554 -0.129206 -0.032232 0.231985 -0.102889 -0.086211 0.311596 0.419239 -0.079188 0.112621 0.235071 0.481304 -0.036110 -0.039032 0.434168 0.340050 0.469133 1.000000 0.051419 0.040901 -0.000820 -0.095105 -0.020174 0.015626 0.017104 0.234615 0.377895 0.136171 0.003840 0.199999 -0.026089 0.144063 -0.007372 0.090039 -0.145314 -0.105255 -0.126528 -0.216440 -0.418212 -0.236528 -0.397766 -0.069807 -0.327489 -0.208899 -0.373732 -0.164043 -0.067466 -0.021500 -0.343284 -0.122859 0.067813 0.132797 -0.251474 0.002021 -0.220574 -0.179699 0.245067 -0.005645 0.242086 0.012601 -0.023286 0.093693 0.086184 -0.047236 0.332844 0.177651 0.094301 0.259960 0.022969 0.360681 0.068274 -0.052924 -0.124769 0.078758 -0.230527 -0.242278 0.095867 -0.018660 0.042009 -0.109076 0.253320 0.231029 0.119927 0.277340 0.012994 0.144060 0.289364 -0.047941 0.041362 0.015978 -0.122675 0.204115 0.162221 0.126799 0.139403 0.370920 0.265546 0.308749 0.550592 0.302282 0.252150 0.196797
0.178157 0.163728 -0.065796 -0.313062 -0.150117 -0.348487 0.174122 -0.041715 0.020803 0.055736 0.135511 0.074843 0.177890 0.132009 -0.109206 0.004701 0.273857 0.190248 0.181756 0.132312 -0.266806 -0.152605 -0.336102 -0.442329 -0.335268 -0.220418 -0.356916 -0.301011 0.229515 0.422317 0.159276 0.051419 1.000000 0.787081 0.108924 0.295587 0.187736 0.004730 -0.151533 -0.234204 0.188712 -0.105569 -0.180251 -0.152927 -0.002512 -0.237154 -0.000572 -0.286490 0.019082 -0.152474 -0.280656 -0.149092 0.084566 0.044612 -0.111216 -0.034426 0.248623 -0.090032 0.023353 -0.109310 0.123759 0.065620 0.273635 0.149193 -0.146388 -0.249823 0.177436 -0.357659 0.098056 -0.433992 -0.181530 0.179686 0.341138 0.149745 0.152640 0.048303 0.140662 0.040852 0.082520 0.399193 0.298824 0.345840 0.001753 0.049346 -0.295148 -0.270034 -0.265490 -0.489025 -0.442979 -0.212061 -0.266885 -0.242379 -0.309742 -0.364556 -0.059683 -0.216444 0.035752 -0.289822 0.280397 -0.293348 -0.182126 -0.037952 -0.305167 -0.157632 -0.093716 0.300433 0.042449 0.294750 -0.128684 -0.129194 -0.382400 -0.309704 -0.124413 -0.192903 0.117119 -0.030965
0.251289 0.321615 -0.146002 -0.335769 -0.198385 -0.523842 0.136507 -0.054954 -0.025481 -0.079582 0.227159 0.089831 0.264302 0.136563 -0.054507 0.155038 0.258445 0.186413 0.079877 0.239681 -0.387171 -0.240675 -0.198967 -0.485492 -0.459899 -0.375293 -0.462731 -0.349810 0.266819 0.467589 0.113853 0.040901 0.787081 1.000000 0.268093 0.574802 0.085782 0.002191 -0.075844 -0.303171 0.165910 0.026541 -0.105892 -0.161486 -0.033763 -0.276541 -0.030558 -0.381898 -0.075463 -0.185983 -0.414095 -0.314463 0.089170 -0.049149 0.052905 -0.088132 0.255409 -0.060558 -0.014231 -0.162204 0.146980 0.116648 0.284036 0.116417 -0.197331 -0.255962 0.114752 -0.371212 0.054987 -0.369992 -0.229330 0.265242 0.478027 0.232284 0.249415 0.000976 0.360898 0.242512 -0.065913 0.431400 0.303689 0.300607 0.136817 0.034663 -0.255154 -0.238170 -0.341239 -0.430717 -0.448730 -0.053911 -0.364467 -0.344851 -0.316372 -0.481031 -0.296419 -0.433557 -0.118036 -0.614258 0.292031 -0.360665 -0.100796 0.107458 -0.336069 -0.142872 -0.031607 0.314774 -0.048953 0.398621 -0.352600 -0.369963 -0.595492 -0.500025 -0.176876 -0.307599 0.012341 -0.196702
-0.269094 -0.049128 -0.108070 0.027419 -0.190474 -0.161662 -0.273937 0.022264 -0.264951 -0.221578 -0.045999 0.057390 -0.061630 0.068910 -0.024528 -0.027486 -0.150104 -0.147763 -0.201073 -0.167178 -0.306493 -0.238182 0.164162 0.006186 -0.046360 -0.021772 -0.199902 -0.034686 -0.119222 0.029782 -0.095417 -0.000820 0.108924 0.268093 1.000000 0.522364 -0.249032 0.082174 -0.305008 -0.171279 -0.242807 -0.043224 0.529081 0.286355 0.303601 0.179588 0.342786 0.220798 0.156368 0.059379 0.162214 0.026339 -0.057989 -0.079664 0.047726 0.141901 -0.160275 -0.239918 0.014090 0.048704 -0.099909 0.009921 -0.158573 -0.213920 0.185365 0.261378 0.277319 0.277449 -0.346323 -0.084470 -0.058410 -0.028495 -0.216107 -0.207949 0.059466 -0.383570 0.168511 -0.047307 -0.246277 -0.129959 -0.400818 -0.234693 -0.102715 0.007553 0.181073 0.220974 -0.105414 0.244368 -0.127750 0.103605 -0.367106 -0.299040 0.052059 -0.360586 -0.047182 -0.338676 0.006119 -0.316680 -0.034019 -0.273919 0.096553 -0.137273 -0.243403 -0.194233 0.275449 0.156399 0.184483 -0.039613 -0.117087 -0.313681 -0.060991 -0.307992 -0.121615 -0.047488 0.019620 0.023032
-0.012178 0.270257 -0.272466 -0.140072 -0.267462 -0.113457 -0.219145 -0.055682 -0.342475 -0.197076 -0.214028 0.088922 -0.139515 -0.039432 -0.162957 -0.045249 -0.255876 -0.197307 -0.232290 -0.236758 -0.284643 -0.227939 -0.046959 -0.391980 -0.162931 -0.062390 -0.312112 -0.190765 -0.323247 0.353718 0.111665 -0.095105 0.295587 0.574802 0.522364 1.000000 -0.293466 0.282957 -0.260696 -0.208654 -0.005757 0.057960 0.326491 0.160622 0.435692 0.165248 0.301238 0.176868 0.216839 0.084168 -0.002358 -0.111062 -0.096545 0.023495 -0.031408 0.149248 -0.023307 -0.031028 0.041529 -0.039784 -0.134197 0.000783 0.013733 0.024687 -0.023769 0.018703 0.344084 0.173351 -0.196220 -0.218719 0.055911 0.480757 -0.010262 0.195669 0.036403 -0.198821 0.243328 0.459208 -0.464443 0.227768 -0.168672 -0.019636 0.035071 -0.148727 -0.160830 0.164065 -0.102006 0.065447 -0.387500 -0.027008 -0.619927 -0.559144 -0.229548 -0.467725 -0.314986 -0.398166 0.033161 -0.466669 0.070023 -0.353491 -0.105826 -0.126509 -0.258637 -0.161599 0.160570 0.075688 0.035944 0.271744 -0.368786 -0.356141 -0.218290 -0.435067 -0.401010 -0.363318 -0.302329 -0.342661
