1.000000 0.263428 0.255836 -0.048861 0.247714 -0.426885 0.330107 -0.109558 0.152643 -0.259766 0.466466 0.317915 0.320110 0.234772 -0.003224 -0.005922 0.456305 0.358416 0.228891 -0.018607 -0.061639 -0.080963 -0.028320 -0.273021 -0.142018 -0.242558 -0.269520 -0.186946 0.242854 0.337175 0.206636 0.235472 0.369421 0.172839 -0.148965 -0.048921 0.132260 -0.016210 0.033904 -0.187114 0.183016 0.135682 -0.242865 -0.072182 -0.037215 -0.123581 -0.122787 -0.181506 0.039076 0.045748 -0.183187 -0.427472 0.136494 -0.246539 -0.040344 -0.122366 0.571071 0.131235 0.272958 -0.324200 0.593970 0.120166 0.296964 0.206569 -0.069091 -0.137847 -0.308228 -0.511206 0.141834 -0.294820 0.147516 0.016778 0.449811 0.200536 0.356200 0.233563 0.366705 0.109972 0.088285 0.251885 0.308897 0.322386 -0.137562 -0.036736 -0.105522 -0.306430 -0.088544 -0.294129 -0.189975 -0.436725 -0.209118 -0.110894 -0.387683 -0.201217 0.349919 0.256922 0.142374 0.150350 -0.040849 0.110554 -0.177986 0.254891 -0.371038 -0.166887 -0.202825 -0.167205 0.087873 -0.231310 0.235868 0.260793 0.042022 0.065476 0.174671 -0.196198 -0.090268 -0.007512
0.263428 1.000000 -0.541143 -0.072210 0.102815 -0.303458 -0.071308 0.226734 -0.032852 0.028056 -0.153431 0.377300 0.118901 0.489007 -0.266170 0.140635 0.546954 0.412319 -0.035813 0.039996 -0.184228 -0.159180 -0.608356 -0.525201 -0.517570 -0.532319 -0.267907 -0.431183 0.322927 0.583449 -0.032621 -0.027412 0.357031 0.275915 -0.349561 -0.274934 0.097368 0.086745 -0.233921 -0.211440 -0.197713 -0.143317 -0.210110 -0.148527 -0.278244 -0.382926 0.032173 -0.133229 0.015606 0.095230 -0.264489 0.141405 0.399883 0.119769 -0.094341 0.033045 0.447206 0.557115 0.195238 0.424201 0.368519 0.440834 0.538307 0.684625 -0.605907 -0.346018 -0.067823 -0.416681 0.161660 0.055295 0.078425 -0.107453 0.536720 0.035012 0.191881 0.211321 0.211296 -0.164231 0.404119 0.166963 0.196162 0.577605 -0.685217 -0.008006 -0.398859 -0.234468 -0.491729 -0.390306 -0.585749 -0.172837 0.142177 0.032294 -0.097810 -0.422055 0.132690 0.239497 0.006227 -0.033838 0.322134 0.327709 0.145909 0.165414 0.180232 0.115333 0.153263 0.050659 -0.011342 -0.365862 0.118346 0.220997 -0.049855 0.301943 0.436707 -0.142028 -0.107624 -0.006745
0.255836 -0.541143 1.000000 0.036836 0.149009 0.091757 0.549497 0.004207 0.284009 -0.034214 0.403713 -0.160153 0.324628 -0.180083 0.321546 -0.168946 -0.283246 -0.436558 0.188885 -0.124455 0.175553 0.028359 0.721012 0.531076 0.619711 0.486858 0.146640 0.316181 -0.132868 -0.497402 0.271032 0.078578 -0.237392 -0.165164 -0.048447 -0.057293 -0.315596 -0.296176 0.049612 -0.104555 0.065106 -0.120754 0.143850 0.156732 0.413476 0.467282 -0.121160 -0.186984 0.181932 0.152959 0.404162 -0.074012 -0.061667 -0.130667 0.095934 -0.054063 -0.021214 -0.345964 0.259043 -0.477170 0.116119 -0.261132 -0.453298 -0.492168 0.665367 0.608484 0.041773 0.065947 -0.014899 -0.196161 -0.215682 -0.190415 -0.279959 -0.180205 -0.116450 -0.222995 -0.286031 -0.177630 -0.345031 -0.233789 -0.275010 -0.430961 0.345711 -0.324229 0.271632 0.009504 0.365436 0.154026 0.584337 0.070023 -0.118113 -0.032599 -0.029105 0.389075 0.153265 0.042283 0.140240 0.053940 -0.334896 -0.342905 -0.203151 0.023853 -0.240663 -0.117716 -0.173019 -0.111724 0.049065 0.039713 0.067775 -0.088334 0.022897 -0.193402 -0.087402 0.019860 0.079900 0.033944
-0.048861 -0.072210 0.036836 1.000000 0.151851 0.033368 0.196346 0.218172 0.077602 0.323926 -0.058588 -0.217222 -0.229279 -0.205286 0.038348 0.115586 -0.143796 -0.178680 0.620255 0.437861 -0.318123 -0.032762 0.189257 0.413740 0.058879 0.098697 -0.094234 -0.228630 0.230883 0.131627 0.328443 0.371328 0.011527 0.171360 -0.036290 -0.018578 -0.308707 -0.237162 -0.000231 -0.169209 -0.350927 -0.292338 -0.141048 -0.095400 0.096621 0.091066 0.006675 -0.066043 -0.101367 -0.103306 -0.290824 -0.250569 -0.257382 -0.154658 -0.015676 -0.266569 -0.015476 -0.070527 -0.109246 -0.064348 0.042712 0.036510 -0.163193 -0.021029 0.220726 -0.094914 -0.152278 -0.136644 -0.271901 0.039426 -0.169161 -0.000802 0.004855 0.083617 -0.137444 0.068518 -0.114725 -0.057847 -0.351312 -0.191133 -0.238657 -0.185066 0.172593 0.428824 0.151815 0.278028 0.142563 0.310406 0.155967 0.036516 -0.033338 -0.071546 -0.022185 -0.235695 -0.047859 -0.259325 -0.178343 -0.300578 -0.159896 -0.288619 -0.357779 -0.061234 -0.043418 0.009864 -0.045430 -0.061828 0.057762 -0.063227 -0.193554 0.036447 -0.047497 -0.066218 -0.091636 -0.285194 -0.208422 -0.250208
0.247714 0.102815 0.149009 0.151851 1.000000 0.275869 0.475547 -0.118540 0.255695 0.323691 0.187808 0.069258 0.070326 -0.031032 -0.250375 0.021511 0.031137 -0.108530 0.145620 0.151137 0.213466 0.261846 0.031262 0.098688 0.135622 -0.182160 0.351249 -0.200609 0.228350 -0.030420 0.164763 0.181468 -0.095026 -0.127989 -0.190092 -0.282958 -0.050204 -0.130836 -0.014279 -0.005607 -0.082377 -0.032070 -0.398549 -0.480825 0.126241 0.110313 -0.390215 -0.291029 0.169301 0.174073 -0.163260 -0.344096 0.191413 -0.317814 -0.087470 -0.562888 0.030283 0.026288 0.487263 0.240768 0.411215 0.208794 0.279843 0.142911 0.112988 -0.038759 0.273923 -0.056533 0.158012 0.150537 0.011621 -0.134951 0.196189 -0.085626 -0.104914 0.042422 -0.359031 -0.194416 -0.040832 -0.189328 -0.152340 -0.007663 -0.126865 0.088193 -0.148067 -0.185007 -0.284399 -0.171910 -0.138876 -0.210341 0.120186 0.170137 -0.300933 -0.059834 0.010503 0.077356 -0.099708 -0.122546 -0.385612 -0.411660 -0.317847 0.320856 0.048769 0.091865 -0.018536 -0.026375 0.131952 0.071128 -0.021437 0.205137 -0.035625 -0.212203 -0.065265 -0.286625 0.055746 -0.028809
-0.426885 -0.303458 0.091757 0.033368 0.275869 1.000000 -0.099231 -0.177294 -0.144567 0.289895 -0.276184 -0.487274 -0.422660 -0.450357 -0.051806 -0.090710 -0.524499 -0.407508 -0.167844 0.064601 0.464451 0.461863 0.207956 0.413584 0.598371 0.457685 0.753972 0.564393 -0.402479 -0.540749 -0.281639 -0.428431 -0.417459 -0.358347 0.318747 0.125856 0.069583 0.319548 0.305544 0.590545 -0.005010 0.187202 0.126581 -0.074483 0.047488 0.088979 0.110929 0.238327 -0.027724 -0.026888 0.038206 0.070234 0.045201 0.171238 0.154675 0.092031 -0.386768 -0.087849 -0.066874 0.216792 -0.256230 -0.270661 -0.407122 -0.408948 0.115823 0.127752 0.204329 0.413905 -0.019402 0.545022 -0.324665 0.199410 -0.566698 -0.039203 -0.384377 -0.355124 -0.471039 0.156317 -0.305222 -0.323300 -0.215776 -0.406783 0.119234 -0.078313 -0.020291 0.170496 -0.144681 0.374808 0.263062 0.501558 0.130373 0.061198 -0.058946 0.031411 -0.365236 -0.396658 -0.174859 -0.457312 -0.206493 -0.324337 -0.265660 -0.022623 0.022550 0.174954 0.060113 0.142954 0.045276 0.167436 -0.437259 -0.223308 -0.156771 -0.303805 -0.286355 -0.246524 -0.165948 -0.300359
0.330107 -0.071308 0.549497 0.196346 0.475547 -0.099231 1.000000 0.275805 0.215609 0.202804 0.359981 0.263290 0.369279 0.151386 -0.034089 -0.002242 -0.077239 -0.153582 0.212210 -0.168674 -0.025524 -0.109639 0.352249 0.259429 0.127576 -0.119546 -0.029106 -0.283076 0.181389 0.028835 0.542941 0.348982 -0.096275 -0.216492 -0.219944 -0.245428 -0.393131 -0.382634 -0.143899 -0.385943 -0.147642 -0.235352 -0.301913 -0.349124 0.225862 0.263779 -0.384089 -0.422320 0.107548 0.220974 0.130558 -0.165503 0.086262 -0.254219 -0.113289 -0.481467 0.003169 -0.257297 0.473104 -0.052926 0.426799 0.297766 0.146712 0.139248 0.442403 0.347736 0.178410 -0.154660 -0.123590 -0.455897 0.012833 -0.329488 0.238489 0.014373 0.031734 0.159970 -0.115806 -0.316158 -0.289928 -0.094376 -0.298022 -0.170578 0.014202 -0.054083 0.133710 0.017633 -0.024066 -0.169624 0.149094 -0.141663 0.204114 0.319638 0.084075 0.218150 0.289646 0.375349 0.141163 0.209575 -0.174121 -0.206135 -0.183357 0.261195 0.150166 -0.206545 -0.173961 -0.262592 0.044180 -0.093324 0.268209 0.325231 0.156285 -0.101904 -0.134186 -0.281406 -0.015273 0.035295
-0.109558 0.226734 0.004207 0.218172 -0.118540 -0.177294 0.275805 1.000000 0.117031 0.209905 -0.094556 0.389820 0.331456 0.472515 -0.229447 -0.141962 -0.029034 0.007054 -0.155487 -0.250789 -0.373710 -0.499758 -0.201684 -0.077381 -0.289468 -0.208115 -0.360883 -0.413105 -0.124431 0.133111 0.028547 -0.047498 -0.038074 0.135832 -0.332848 -0.253974 -0.479564 -0.240837 -0.268986 -0.403033 -0.451507 -0.388160 -0.257166 -0.157901 -0.124733 -0.122282 -0.051744 0.003532 0.250734 0.123595 0.231467 0.417125 0.194866 -0.069111 0.206341 0.106581 0.015643 0.037637 0.113274 0.077757 0.133686 0.466514 0.179494 0.274569 -0.198985 0.497157 -0.068949 -0.015697 -0.238352 -0.203326 -0.233446 -0.339007 0.208093 0.040132 0.021161 0.148003 0.077604 -0.322474 -0.038091 0.076150 -0.135476 0.030625 -0.433407 -0.401251 -0.235172 -0.019256 0.066156 -0.061775 -0.192458 0.162848 0.323779 0.246995 0.479459 0.096247 0.251859 0.201511 0.300410 0.230699 0.336553 0.245522 0.460367 0.079969 0.322056 -0.139690 -0.028081 -0.149384 -0.024090 -0.071659 0.174474 0.368858 0.366514 0.205968 0.241124 0.098713 -0.032652 0.191563
0.152643 -0.032852 0.284009 0.077602 0.255695 -0.144567 0.215609 0.117031 1.000000 0.347706 0.283640 0.110855 0.347936 0.127422 0.268003 0.185241 -0.012546 -0.376994 0.287450 0.155681 -0.258251 -0.399098 0.057234 0.115447 0.024334 0.143832 -0.255509 -0.212194 0.227030 -0.164688 0.023810 0.069052 0.080796 0.210923 -0.277665 -0.285172 -0.332125 -0.562601 -0.327087 -0.437942 -0.243388 -0.363538 -0.150270 -0.118068 0.258302 0.200399 -0.101188 -0.307100 0.281188 0.168138 0.170789 0.033950 0.026371 -0.192377 -0.207439 -0.140170 -0.065791 -0.176060 0.287989 -0.215172 0.065119 -0.070298 -0.146453 -0.244639 0.183141 0.255675 -0.068033 -0.156151 0.109158 0.004032 -0.214817 -0.312672 0.138920 -0.450239 0.097297 -0.266323 -0.301406 -0.525607 -0.038758 -0.358648 -0.157158 -0.089700 0.030953 -0.160834 0.211704 0.072933 0.336032 0.013830 0.071125 -0.283753 0.048626 0.226229 0.144259 0.314690 0.087958 0.072613 0.027930 0.159351 -0.093812 0.013774 -0.008007 0.192406 -0.152683 0.007901 0.122172 0.142642 0.118669 0.176543 0.102788 -0.017623 -0.087459 0.156772 0.241777 0.352820 0.302517 0.330361
-0.259766 0.028056 -0.034214 0.323926 0.323691 0.289895 0.202804 0.209905 0.347706 1.000000 -0.209505 -0.183065 -0.120285 0.016108 -0.099943 0.278718 -0.165408 -0.365995 0.034184 0.264984 -0.085296 -0.094952 0.027400 0.157908 0.179480 0.116902 0.223466 -0.239359 0.164391 0.011893 0.200117 0.100381 -0.280494 -0.076083 -0.215475 -0.297445 -0.368744 -0.286816 -0.328437 -0.230881 -0.348931 -0.249640 -0.119051 -0.352698 0.359663 0.265856 -0.132463 -0.198900 0.178903 0.243477 -0.003967 0.056989 -0.198253 -0.120278 -0.260488 -0.432920 -0.201977 -0.045602 -0.008217 0.275964 -0.186493 0.113214 -0.011912 -0.006506 0.032239 -0.010977 0.251092 0.027006 -0.056109 0.247809 0.022649 -0.267007 0.029185 -0.232528 -0.208150 -0.203945 -0.413933 -0.391942 -0.058359 -0.445209 -0.279023 -0.142025 -0.214181 0.035187 -0.000018 0.115481 -0.184324 0.068070 -0.123063 0.010113 0.375797 0.323727 0.247117 0.103104 0.006869 -0.096051 -0.177990 -0.115125 0.016081 -0.112430 -0.026693 0.052167 0.220432 0.144506 0.235756 0.233425 0.175402 0.215237 -0.022862 0.047102 -0.111096 0.142904 0.136535 -0.074354 0.139277 0.058304
0.466466 -0.153431 0.403713 -0.058588 0.187808 -0.276184 0.359981 -0.094556 0.283640 -0.209505 1.000000 0.433729 0.748711 0.367722 0.408545 0.136244 0.231373 -0.085161 0.095933 -0.130389 -0.037974 -0.242980 0.317504 0.142829 -0.015786 -0.070530 -0.280066 -0.164017 0.403737 -0.017802 0.132553 0.213375 -0.043271 -0.006962 -0.355830 -0.259378 -0.023887 -0.278650 -0.080965 -0.276696 0.296025 -0.153491 -0.040451 0.004933 0.172317 0.127915 -0.256080 -0.364308 0.366960 0.260472 0.252452 -0.227356 0.228073 -0.355647 -0.038611 -0.295762 -0.073699 -0.309497 0.175681 -0.577060 0.276027 -0.098783 0.064495 -0.103168 0.287847 0.101125 -0.377261 -0.355493 -0.191670 -0.357261 0.080246 -0.260234 0.230664 -0.239431 0.185957 0.006489 -0.096499 -0.243625 0.083651 -0.066517 0.183760 0.086901 0.145134 -0.159723 0.387086 0.002251 0.159530 -0.230765 0.014633 -0.254242 -0.026780 0.120053 -0.071834 0.241203 0.409080 0.233124 -0.053805 0.253365 -0.279005 -0.173187 -0.057296 0.497496 -0.268075 -0.151583 -0.109304 0.058641 0.158080 0.065351 0.197977 0.077255 -0.081805 0.030971 0.042528 0.228186 0.354123 0.218522
0.317915 0.377300 -0.160153 -0.217222 0.069258 -0.487274 0.263290 0.389820 0.110855 -0.183065 0.433729 1.000000 0.607953 0.813669 0.047108 0.200313 0.282403 0.405022 -0.131579 -0.248645 -0.126493 -0.272678 -0.337145 -0.414098 -0.561569 -0.524226 -0.376778 -0.451270 0.228606 0.435246 0.100026 0.195215 0.242581 0.238694 -0.148374 -0.066111 0.047503 -0.124493 -0.101201 -0.329797 0.133615 -0.060065 -0.329666 -0.095626 -0.281366 -0.211273 -0.263787 -0.206803 0.150071 0.092264 0.043737 -0.013808 0.243333 -0.298275 0.006307 -0.045061 -0.023546 -0.146514 0.249934 -0.085745 0.388413 0.390637 0.556228 0.430943 -0.254333 0.023608 -0.219569 -0.239765 -0.178844 -0.482616 0.050626 -0.075250 0.483685 0.061074 0.235750 0.323205 0.367439 -0.018412 0.119730 0.337210 0.228296 0.356227 -0.311068 -0.100782 -0.108240 -0.104542 -0.055326 -0.335997 -0.415624 -0.209337 -0.003452 0.093121 0.052006 -0.055786 0.178574 0.264867 0.104349 0.308857 0.133973 0.348756 0.329503 0.347824 0.020479 -0.403182 -0.207356 -0.204023 0.041986 -0.121539 0.178703 0.174580 0.114777 0.049238 0.072555 0.107832 0.153151 0.192142
0.320110 0.118901 0.324628 -0.229279 0.070326 -0.422660 0.369279 0.331456 0.347936 -0.120285 0.748711 0.607953 1.000000 0.686859 0.277954 0.037215 0.224720 -0.042417 -0.169539 -0.369488 -0.178638 -0.475422 0.082893 -0.034381 -0.250270 -0.291707 -0.409489 -0.346184 0.237689 0.012932 0.044758 0.039738 -0.100219 -0.029888 -0.545825 -0.449252 -0.233675 -0.305294 -0.293740 -0.477339 -0.004798 -0.377463 -0.086232 -0.072253 0.038946 -0.016515 -0.236467 -0.364835 0.512048 0.267270 0.398322 0.111638 0.446272 -0.313434 0.125476 -0.120633 -0.054623 -0.181487 0.353484 -0.359466 0.354490 0.228275 0.215326 0.141331 0.073918 0.339167 -0.242363 -0.342674 -0.085547 -0.361189 0.003978 -0.483710 0.291178 -0.338406 0.113287 0.027392 -0.050255 -0.475665 0.210714 0.005354 -0.010522 0.107192 -0.229625 -0.482244 0.094016 -0.182534 0.140834 -0.371142 -0.152017 -0.112384 0.206359 0.268950 0.205288 0.357415 0.522736 0.510172 0.217206 0.494479 -0.024380 0.077607 0.351359 0.521487 0.063238 -0.087588 0.030984 0.063035 0.102122 0.078930 0.358409 0.276483 0.170385 0.223217 0.296106 0.404826 0.387010 0.418101
0.234772 0.489007 -0.180083 -0.205286 -0.031032 -0.450357 0.151386 0.472515 0.127422 0.016108 0.367722 0.813669 0.686859 1.000000 0.033246 0.279500 0.381308 0.215675 -0.292649 -0.276806 -0.189322 -0.406609 -0.335400 -0.344588 -0.510698 -0.488935 -0.401969 -0.496275 0.245576 0.365242 0.017420 0.025661 0.066468 0.138630 -0.401756 -0.311252 -0.110277 -0.083886 -0.334040 -0.445199 -0.065049 -0.231815 -0.173681 -0.080417 -0.130718 -0.143449 -0.187647 -0.189708 0.377912 0.279429 0.181696 0.203940 0.355202 -0.242863 0.084537 0.022094 0.032421 -0.037233 0.131815 -0.058735 0.248998 0.375616 0.466353 0.423080 -0.385978 0.104629 -0.186482 -0.288584 -0.162968 -0.348836 0.043078 -0.358030 0.466679 -0.086705 0.170903 0.250303 0.206106 -0.260812 0.274891 0.157393 0.110827 0.287762 -0.540476 -0.324560 -0.197748 -0.148265 -0.161639 -0.361639 -0.564524 -0.109587 0.240741 0.270540 0.248715 0.069129 0.404875 0.399451 0.172855 0.408994 0.330924 0.474679 0.455284 0.499749 0.196181 -0.209110 -0.049761 -0.025408 0.129740 -0.033768 0.277610 0.279791 0.166009 0.310325 0.421979 0.264175 0.221612 0.305977
-0.003224 -0.266170 0.321546 0.038348 -0.250375 -0.051806 -0.034089 -0.229447 0.268003 -0.099943 0.408545 0.047108 0.277954 0.033246 1.000000 0.574300 -0.203291 -0.377547 0.203127 0.114724 0.167920 0.031761 0.498690 0.361218 0.332523 0.458193 0.075689 0.388276 0.286206 -0.269137 0.118184 0.195191 -0.039584 0.289170 0.089426 0.057486 0.050298 -0.184397 0.080974 -0.000821 0.264374 -0.146388 0.531346 0.523957 0.177093 0.148223 0.077487 -0.298445 -0.034145 -0.137276 0.329863 -0.135449 -0.147548 -0.116266 -0.065747 0.070778 -0.373670 -0.614161 -0.150248 -0.533721 -0.222289 -0.465474 -0.470094 -0.534341 0.487176 0.058417 -0.351172 -0.209035 -0.369918 -0.229228 -0.139266 0.077688 -0.273408 -0.456653 -0.221166 -0.413869 -0.125292 -0.038434 -0.079328 -0.333202 0.093988 -0.227567 0.457942 0.113161 0.606613 0.383419 0.469372 0.229509 0.467794 0.181478 -0.393196 -0.254360 -0.158236 0.037763 -0.082762 -0.285879 -0.371679 -0.157637 -0.324432 -0.245320 -0.216216 0.026646 -0.377313 -0.160412 0.073009 0.197510 0.206807 -0.040145 -0.263644 -0.569629 -0.524909 -0.107221 0.007655 0.277380 0.343334 0.070011
-0.005922 0.140635 -0.168946 0.115586 0.021511 -0.090710 -0.002242 -0.141962 0.185241 0.278718 0.136244 0.200313 0.037215 0.279500 0.574300 1.000000 0.015287 -0.257322 0.115536 0.319994 0.268068 0.209054 0.117420 0.058114 0.039171 0.091922 0.169439 0.034566 0.471115 0.081097 0.206794 0.341886 -0.015687 0.296925 0.022592 -0.070355 0.139393 -0.142583 -0.037776 -0.036952 0.172036 -0.009960 0.188161 0.131211 0.177655 0.167766 -0.090828 -0.409964 -0.108261 -0.000283 0.002766 -0.253885 -0.285108 -0.250306 -0.299171 -0.248121 -0.278698 -0.454883 -0.156067 -0.114741 -0.293523 -0.248718 -0.095649 -0.200393 0.098453 -0.261402 -0.086296 -0.208870 -0.234984 -0.160816 0.139538 -0.012909 0.020793 -0.276380 -0.128516 -0.193359 0.009642 -0.052718 0.100018 -0.292827 0.131190 -0.048828 0.158622 0.382398 0.325388 0.408669 0.071809 0.116209 -0.008717 -0.014753 -0.149179 0.017384 -0.047473 -0.090259 -0.104747 -0.205746 -0.472211 -0.138758 -0.099602 -0.072929 -0.228254 0.247769 -0.093421 -0.124884 0.098092 0.170924 0.228829 -0.095351 -0.183114 -0.367034 -0.506969 -0.029745 0.137188 0.079778 0.375982 0.162836
0.456305 0.546954 -0.283246 -0.143796 0.031137 -0.524499 -0.077239 -0.029034 -0.012546 -0.165408 0.231373 0.282403 0.224720 0.381308 -0.203291 0.015287 1.000000 0.472624 -0.009926 -0.067356 -0.183304 -0.297248 -0.365569 -0.402586 -0.420759 -0.396471 -0.451814 -0.364453 0.450252 0.590746 0.086238 0.137267 0.329366 0.242029 -0.425900 -0.231254 0.209638 0.063251 -0.283087 -0.307384 0.085243 0.051452 -0.101296 -0.103771 -0.114935 -0.217155 0.185172 0.025766 0.012354 0.164769 -0.290473 -0.107909 0.314153 0.230697 -0.073305 -0.053656 0.679783 0.490353 -0.075173 -0.083103 0.291220 0.261682 0.593329 0.513439 -0.423462 -0.312223 -0.407202 -0.570734 0.144533 -0.257252 0.356719 -0.117727 0.660082 0.148610 0.504619 0.409567 0.305643 -0.106061 0.630789 0.313550 0.497818 0.711210 -0.380211 -0.080780 -0.200202 -0.297200 -0.243281 -0.343721 -0.439597 -0.376742 -0.036117 -0.048898 -0.216119 -0.309941 0.282608 0.361915 0.100650 0.239650 0.308184 0.309566 0.082874 0.131873 -0.153654 -0.071264 -0.097972 -0.022639 -0.153408 -0.265235 0.347192 0.297193 0.149956 0.384498 0.450323 0.078959 0.007830 0.086992
0.358416 0.412319 -0.436558 -0.178680 -0.108530 -0.407508 -0.153582 0.007054 -0.376994 -0.365995 -0.085161 0.405022 -0.042417 0.215675 -0.377547 -0.257322 0.472624 1.000000 -0.053628 -0.027491 -0.046317 -0.035637 -0.596766 -0.647427 -0.619438 -0.580154 -0.250289 -0.189117 -0.032650 0.694898 -0.097433 0.027753 0.515448 0.275130 0.217061 0.347832 0.423506 0.406794 0.267594 0.074229 0.222819 0.402366 -0.349089 -0.036342 -0.546214 -0.550636 0.038046 0.223027 -0.321784 -0.245561 -0.517850 -0.253452 0.037303 0.075041 0.131417 0.072988 0.453325 0.415513 -0.082703 0.089123 0.391161 0.383543 0.630353 0.577844 -0.571048 -0.440534 -0.268500 -0.257514 0.165863 -0.186695 0.294569 0.469101 0.433357 0.623229 0.486139 0.574236 0.741859 0.557990 0.164892 0.778285 0.523772 0.644345 -0.275722 0.114328 -0.410517 -0.437818 -0.224184 -0.270124 -0.434769 -0.367149 -0.270239 -0.297464 -0.319171 -0.471656 -0.133184 0.036525 0.133637 -0.004333 0.142744 0.342339 0.146611 -0.092554 -0.132122 -0.290116 -0.300447 -0.274868 -0.094339 -0.231309 -0.035139 0.185245 0.131460 -0.045996 -0.099390 -0.248866 -0.336494 -0.311121
0.228891 -0.035813 0.188885 0.620255 0.145620 -0.167844 0.212210 -0.155487 0.287450 0.034184 0.095933 -0.131579 -0.169539 -0.292649 0.203127 0.115536 -0.009926 -0.053628 1.000000 0.587421 -0.225584 -0.004595 0.217611 0.289863 0.079350 0.171926 -0.154628 -0.083467 0.315616 0.124635 0.448961 0.405461 0.301641 0.179796 0.027277 0.143434 -0.181634 -0.331119 0.112013 -0.204000 -0.213583 -0.198928 -0.073902 0.019158 0.193220 0.189708 0.024955 -0.206758 -0.208009 -0.071720 -0.260744 -0.274819 -0.314827 -0.033524 -0.316260 -0.246694 0.120883 -0.095636 0.019288 -0.133765 0.077927 -0.154358 -0.137891 -0.079952 0.316939 -0.207429 -0.161542 -0.222132 0.004615 -0.034121 -0.040356 0.086821 0.039868 0.011768 0.057838 -0.061441 -0.015667 -0.040909 -0.217441 -0.043624 -0.038978 -0.036049 0.372424 0.516370 0.222843 0.156282 0.225259 0.085393 0.239020 -0.346972 -0.341102 -0.213484 -0.225058 -0.185430 -0.103798 -0.171427 -0.163006 -0.226611 -0.215123 -0.157562 -0.439427 -0.069003 -0.231670 -0.059165 -0.196802 -0.161274 -0.024005 -0.151879 -0.061978 -0.163587 -0.231456 -0.101598 -0.165348 -0.245259 -0.141966 -0.125383
-0.018607 0.039996 -0.124455 0.437861 0.151137 0.064601 -0.168674 -0.250789 0.155681 0.264984 -0.130389 -0.248645 -0.369488 -0.276806 0.114724 0.319994 -0.067356 -0.027491 0.587421 1.000000 -0.030375 0.184172 0.032784 0.124617 0.120313 0.217467 0.112120 0.031602 0.233834 0.032213 0.187688 0.304704 0.202249 0.321741 0.158510 0.211489 0.046207 -0.185104 0.135321 0.048996 -0.004619 0.084945 -0.009243 0.092174 0.216928 0.155217 -0.052856 -0.114055 -0.212481 -0.068028 -0.310829 -0.283278 -0.521148 -0.183432 -0.423020 -0.279543 -0.030895 -0.054064 -0.252486 -0.037732 -0.284445 -0.376367 -0.229658 -0.215363 -0.035277 -0.486300 -0.054229 0.012314 0.117315 0.333612 0.198440 0.236936 -0.126253 -0.017885 -0.083907 -0.196703 -0.103226 0.105019 -0.136355 -0.137021 0.079110 -0.050280 0.259014 0.570187 0.116324 0.136495 0.040739 0.059144 -0.026032 -0.394258 -0.238091 -0.180540 -0.233410 -0.208827 -0.308416 -0.435643 -0.441088 -0.464119 -0.143405 -0.093083 -0.342946 -0.096599 -0.144518 0.019846 -0.107476 0.020291 0.043042 0.057299 -0.279159 -0.448116 -0.498287 -0.142069 -0.017971 -0.094293 0.009297 -0.069830
-0.061639 -0.184228 0.175553 -0.318123 0.213466 0.464451 -0.025524 -0.373710 -0.258251 -0.085296 -0.037974 -0.126493 -0.178638 -0.189322 0.167920 0.268068 -0.183304 -0.046317 -0.225584 -0.030375 1.000000 0.673299 0.184743 0.067838 0.438455 0.221569 0.783401 0.650816 -0.214482 -0.254308 -0.143038 -0.157743 -0.210463 -0.083146 0.409872 0.268141 0.442156 0.394275 0.479154 0.559619 0.517941 0.511840 0.142110 0.100142 0.001983 0.093205 -0.038453 -0.037904 -0.214416 -0.117732 -0.018107 -0.250362 -0.041001 0.051522 0.138789 0.013213 -0.103752 -0.164743 0.023169 0.002757 -0.111514 -0.293426 -0.169117 -0.321929 0.085903 -0.025367 0.116219 0.184737 0.140452 0.122726 -0.078116 0.408403 -0.378934 0.046397 -0.191525 -0.173997 -0.020149 0.413656 -0.006689 0.081552 0.250143 -0.037321 0.175321 0.004413 -0.017100 0.039051 -0.095098 0.130244 0.232423 0.191917 -0.297171 -0.255921 -0.388307 -0.127858 -0.461088 -0.376288 -0.259267 -0.370315 -0.384218 -0.335973 -0.293082 0.048228 -0.206344 0.009068 0.011291 0.080031 0.016259 -0.171012 -0.403412 -0.361719 -0.271148 -0.489020 -0.257895 -0.203432 0.065624 -0.165565
-0.080963 -0.159180 0.028359 -0.032762 0.261846 0.461863 -0.109639 -0.499758 -0.399098 -0.094952 -0.242980 -0.272678 -0.475422 -0.406609 0.031761 0.209054 -0.297248 -0.035637 -0.004595 0.184172 0.673299 1.000000 0.104180 0.073893 0.358645 0.148216 0.784384 0.592221 -0.228549 -0.209191 -0.015623 -0.002520 -0.175387 -0.196953 0.534346 0.418383 0.410813 0.384516 0.631531 0.725113 0.380407 0.440363 0.038082 0.002202 -0.041098 0.048023 -0.006645 0.068185 -0.269059 -0.177841 -0.334237 -0.362436 -0.230377 0.031758 0.082370 -0.038349 -0.090090 -0.052264 0.040260 0.181845 -0.042526 -0.200762 -0.191819 -0.244109 0.110336 -0.205158 0.259213 0.230070 0.217953 0.294750 -0.029652 0.499388 -0.436073 0.137280 -0.276733 -0.115174 0.035865 0.520964 -0.187211 -0.007588 -0.065269 -0.261132 0.361163 0.400242 -0.161070 -0.050102 -0.093336 0.233295 0.224446 0.165865 -0.295704 -0.279514 -0.420968 -0.192271 -0.479544 -0.370232 -0.267339 -0.420382 -0.379733 -0.355496 -0.410790 -0.088165 -0.125651 0.032176 -0.101450 -0.050600 0.037550 -0.063732 -0.418291 -0.333543 -0.277729 -0.595025 -0.461036 -0.444023 -0.157579 -0.347560
-0.028320 -0.608356 0.721012 0.189257 0.031262 0.207956 0.352249 -0.201684 0.057234 0.027400 0.317504 -0.337145 0.082893 -0.335400 0.498690 0.117420 -0.365569 -0.596766 0.217611 0.032784 0.184743 0.104180 1.000000 0.798844 0.759423 0.632835 0.256576 0.374923 0.111131 -0.469377 0.408513 0.287142 -0.292291 -0.110148 -0.008972 -0.120964 -0.208492 -0.278411 -0.068947 -0.067665 0.162894 -0.117515 0.482100 0.321032 0.432754 0.496716 -0.094861 -0.288051 -0.048051 -0.087295 0.447873 -0.204385 -0.266300 -0.134764 -0.196653 -0.185673 -0.280075 -0.539159 -0.084758 -0.428831 -0.276070 -0.487877 -0.609803 -0.582813 0.883105 0.317068 0.009511 0.087609 -0.272894 -0.235276 -0.073198 -0.171014 -0.331888 -0.197197 -0.247671 -0.327300 -0.359170 -0.137730 -0.237244 -0.384720 -0.224075 -0.434365 0.535968 -0.023030 0.650300 0.418192 0.279338 0.249957 0.719660 0.278061 -0.199460 -0.173750 -0.099713 0.176079 0.096604 -0.083210 -0.174698 -0.033754 -0.389212 -0.495391 -0.384857 -0.167499 -0.217835 -0.089631 -0.015858 -0.027695 -0.019553 -0.011873 0.052938 -0.293017 -0.191873 -0.001523 -0.093278 0.099888 0.191227 0.025495
-0.273021 -0.525201 0.531076 0.413740 0.098688 0.413584 0.259429 -0.077381 0.115447 0.157908 0.142829 -0.414098 -0.034381 -0.344588 0.361218 0.058114 -0.402586 -0.647427 0.289863 0.124617 0.067838 0.073893 0.798844 1.000000 0.653470 0.619496 0.218841 0.325642 0.006005 -0.516622 0.204153 0.070629 -0.365267 -0.222959 -0.017200 -0.116373 -0.249308 -0.174977 -0.004549 0.033914 -0.080076 -0.218434 0.324179 0.098073 0.206523 0.257803 -0.010182 -0.086382 -0.072895 -0.209151 0.285157 -0.132999 -0.085158 -0.031485 -0.062067 -0.178334 -0.317110 -0.358113 -0.101680 -0.229870 -0.284570 -0.349722 -0.626906 -0.506120 0.698251 0.300068 -0.027401 0.132494 -0.235966 0.039083 -0.248302 -0.163717 -0.388808 -0.191722 -0.295006 -0.277430 -0.506089 -0.207656 -0.259405 -0.447580 -0.342131 -0.490561 0.495759 -0.004472 0.478796 0.365562 0.256570 0.351889 0.674490 0.422204 0.050461 0.008932 0.053407 0.189548 0.018273 -0.132859 -0.104280 -0.138379 -0.258461 -0.413766 -0.361038 -0.113297 -0.049230 0.005833 -0.029151 0.013371 -0.073950 0.065415 -0.057057 -0.188988 -0.069154 -0.040130 -0.158044 0.014245 0.008723 -0.094945
-0.142018 -0.517570 0.619711 0.058879 0.135622 0.598371 0.127576 -0.289468 0.024334 0.179480 -0.015786 -0.561569 -0.250270 -0.510698 0.332523 0.039171 -0.420759 -0.619438 0.079350 0.120313 0.438455 0.358645 0.759423 0.653470 1.000000 0.815941 0.588819 0.654416 -0.158427 -0.590135 0.188877 -0.075805 -0.305852 -0.137128 0.205762 0.097845 -0.060479 -0.073022 0.136738 0.270517 0.197153 0.081887 0.497897 0.351863 0.465018 0.498610 0.132391 0.022252 0.024533 0.040002 0.366958 -0.044645 -0.199521 0.098543 -0.128745 0.025507 -0.171148 -0.272084 -0.073383 -0.186659 -0.331476 -0.530307 -0.685596 -0.651967 0.628571 0.305420 0.157614 0.293591 -0.043653 0.168434 -0.230196 0.073488 -0.524639 -0.172008 -0.382940 -0.479547 -0.470744 0.024293 -0.293047 -0.402967 -0.215157 -0.434818 0.398095 -0.095751 0.343239 0.242907 0.111907 0.330437 0.651686 0.340785 -0.184675 -0.218683 -0.209874 0.084612 -0.194721 -0.357370 -0.197516 -0.378050 -0.344010 -0.458082 -0.455193 -0.263690 -0.274332 0.047488 -0.033419 0.010333 -0.080025 -0.036596 -0.164160 -0.444204 -0.272075 -0.160757 -0.113893 -0.099521 -0.027102 -0.170471
-0.242558 -0.532319 0.486858 0.098697 -0.182160 0.457685 -0.119546 -0.208115 0.143832 0.116902 -0.070530 -0.524226 -0.291707 -0.488935 0.458193 0.091922 -0.396471 -0.580154 0.171926 0.217467 0.221569 0.148216 0.632835 0.619496 0.815941 1.000000 0.327187 0.667463 -0.124893 -0.615308 0.093057 -0.069406 -0.132475 0.095368 0.236126 0.150271 -0.039628 -0.154854 0.056963 0.153027 0.078378 -0.012243 0.524773 0.475828 0.429146 0.469061 0.228316 0.038648 -0.104693 -0.026237 0.358084 0.053835 -0.364836 0.179627 -0.142938 0.196745 -0.217471 -0.317814 -0.304063 -0.362265 -0.520677 -0.653136 -0.742946 -0.741563 0.555588 0.343954 -0.081471 0.262678 -0.092017 0.132097 -0.219675 0.056531 -0.532269 -0.246506 -0.254835 -0.548247 -0.369013 -0.005350 -0.257765 -0.439297 -0.075468 -0.400902 0.422587 -0.104656 0.505372 0.439752 0.415758 0.484812 0.707705 0.345400 -0.324468 -0.339862 -0.080484 0.081286 -0.281000 -0.479853 -0.311821 -0.390582 -0.266829 -0.314614 -0.305007 -0.360736 -0.406869 -0.018766 -0.019529 0.145471 0.022718 0.109437 -0.210735 -0.607454 -0.394250 -0.076848 -0.063803 0.153818 0.098746 -0.068739
-0.269520 -0.267907 0.146640 -0.094234 0.351249 0.753972 -0.029106 -0.360883 -0.255509 0.223466 -0.280066 -0.376778 -0.409489 -0.401969 0.075689 0.169439 -0.451814 -0.250289 -0.154628 0.112120 0.783401 0.784384 0.256576 0.218841 0.588819 0.327187 1.000000 0.658983 -0.313920 -0.409121 -0.079856 -0.169183 -0.381097 -0.253222 0.430764 0.239720 0.234230 0.297554 0.398522 0.615370 0.265441 0.326808 0.172541 -0.005763 0.123716 0.198590 -0.024652 -0.004162 -0.158585 -0.064472 -0.059483 -0.182051 -0.165392 0.069948 0.042931 -0.039398 -0.274250 -0.169269 0.040618 0.237449 -0.176626 -0.237439 -0.275181 -0.361901 0.216345 -0.000692 0.319181 0.346187 0.130036 0.354417 -0.161410 0.330772 -0.571094 -0.023773 -0.456171 -0.350000 -0.260339 0.328644 -0.187296 -0.171238 -0.084937 -0.318600 0.209590 0.110421 -0.050561 0.081283 -0.152527 0.241834 0.262070 0.352548 -0.158401 -0.178265 -0.357271 -0.099304 -0.493163 -0.435809 -0.350373 -0.438575 -0.400142 -0.447917 -0.342898 -0.053862 -0.039347 0.117467 0.066065 0.101368 0.102684 0.081213 -0.495433 -0.382406 -0.316116 -0.500442 -0.375033 -0.287779 -0.001982 -0.232770
-0.186946 -0.431183 0.316181 -0.228630 -0.200609 0.564393 -0.283076 -0.413105 -0.212194 -0.239359 -0.164017 -0.451270 -0.346184 -0.496275 0.388276 0.034566 -0.364453 -0.189117 -0.083467 0.031602 0.650816 0.592221 0.374923 0.325642 0.654416 0.667463 0.658983 1.000000 -0.448368 -0.540006 -0.228213 -0.330687 -0.193834 -0.072411 0.552805 0.480703 0.363030 0.369324 0.531756 0.646326 0.420535 0.368916 0.469952 0.452948 0.014137 0.079893 0.296061 0.207493 -0.304682 -0.265677 0.074845 -0.107695 -0.192776 0.315181 0.145668 0.392865 -0.120857 -0.172915 -0.203348 -0.217820 -0.319983 -0.544293 -0.614234 -0.664504 0.299097 0.160803 -0.104687 0.266650 0.136499 0.234125 -0.209654 0.492545 -0.687920 0.022695 -0.224662 -0.412027 -0.007127 0.466535 -0.163021 -0.018478 0.132955 -0.282714 0.447927 -0.084099 0.175756 0.148135 0.301221 0.444495 0.615560 0.404695 -0.462398 -0.454981 -0.361184 -0.068322 -0.508049 -0.503757 -0.242864 -0.415174 -0.328584 -0.264450 -0.330756 -0.289914 -0.395539 -0.049470 -0.086490 0.044801 -0.022380 -0.020373 -0.453684 -0.586794 -0.355253 -0.423901 -0.334564 -0.057629 -0.113843 -0.300664
0.242854 0.322927 -0.132868 0.230883 0.228350 -0.402479 0.181389 -0.124431 0.227030 0.164391 0.403737 0.228606 0.237689 0.245576 0.286206 0.471115 0.450252 -0.032650 0.315616 0.233834 -0.214482 -0.228549 0.111131 0.006005 -0.158427 -0.124893 -0.313920 -0.448368 1.000000 0.426001 0.441481 0.618071 0.342756 0.435423 -0.477771 -0.550435 -0.062579 -0.374053 -0.458899 -0.460013 -0.039762 -0.308867 0.079345 0.042202 0.174766 0.072718 -0.110083 -0.529250 0.019341 0.087558 0.003963 -0.180455 0.011222 -0.210292 -0.324975 -0.500911 0.016868 -0.155749 -0.125499 -0.187776 0.097048 0.021231 0.315805 0.279472 0.128282 -0.343662 -0.258717 -0.638490 -0.378066 -0.388021 0.303015 -0.338029 0.647271 -0.315477 0.279112 0.139976 -0.095237 -0.413832 0.360968 -0.319523 0.203057 0.387873 -0.092285 0.343236 0.357641 0.190105 -0.183037 -0.280839 -0.189381 -0.346575 -0.156577 -0.125602 -0.214464 -0.317609 0.223154 0.157553 -0.362231 0.012674 -0.212182 -0.217154 -0.230266 0.146086 -0.140893 0.000360 0.254678 0.286633 0.214067 -0.114027 0.140276 -0.010060 -0.336455 0.331976 0.364548 0.123602 0.436666 0.238153
0.337175 0.583449 -0.497402 0.131627 -0.030420 -0.540749 0.028835 0.133111 -0.164688 0.011893 -0.017802 0.435246 0.012932 0.365242 -0.269137 0.081097 0.590746 0.694898 0.124635 0.032213 -0.254308 -0.209191 -0.469377 -0.516622 -0.590135 -0.615308 -0.409121 -0.540006 0.426001 1.000000 0.241527 0.370996 0.558811 0.374073 -0.122979 -0.021009 0.116474 0.122484 -0.079277 -0.245038 0.022539 0.112895 -0.274154 -0.120345 -0.335478 -0.407088 0.095997 -0.016230 -0.186246 -0.099117 -0.456875 -0.186685 0.043518 0.017709 -0.074856 -0.206043 0.406560 0.360704 -0.146803 0.087124 0.328680 0.498175 0.702062 0.720415 -0.424436 -0.535071 -0.283991 -0.556376 -0.083024 -0.333412 0.311019 0.181114 0.741360 0.449490 0.559439 0.658739 0.571889 0.188747 0.224670 0.484593 0.350598 0.708162 -0.345345 0.321156 -0.228413 -0.227737 -0.364056 -0.346078 -0.460298 -0.419571 -0.113220 -0.147954 -0.191491 -0.525902 0.082326 0.191382 0.083172 0.078307 0.230213 0.234927 0.053855 -0.072851 -0.071738 -0.283715 -0.129852 -0.177617 -0.142860 -0.421692 0.154885 0.324735 0.103484 0.238762 0.156735 -0.260132 -0.200366 -0.183155
0.206636 -0.032621 0.271032 0.328443 0.164763 -0.281639 0.542941 0.028547 0.023810 0.200117 0.132553 0.100026 0.044758 0.017420 0.118184 0.206794 0.086238 -0.097433 0.448961 0.187688 -0.143038 -0.015623 0.408513 0.204153 0.188877 0.093057 -0.079856 -0.228213 0.441481 0.241527 1.000000 0.778270 0.190887 0.084846 -0.100465 -0.080811 -0.259834 -0.489786 -0.202270 -0.459129 -0.081721 -0.192404 0.077605 0.015841 0.389595 0.414382 -0.139898 -0.443985 -0.093841 0.124620 0.024408 -0.183277 -0.332427 -0.107977 -0.526294 -0.443672 0.029745 -0.311029 -0.058970 -0.128146 0.001277 0.023980 0.101776 0.089971 0.451657 -0.029599 0.087571 -0.189770 -0.207750 -0.511744 0.249404 -0.172368 0.260458 0.020331 -0.028666 0.033945 0.055735 -0.169370 -0.162353 -0.057335 -0.138823 -0.083205 0.202061 0.360814 0.316489 0.245386 -0.056722 -0.223237 0.119625 -0.294942 -0.231070 -0.160846 -0.113620 -0.150727 0.200048 0.216362 -0.069436 0.165702 -0.156281 -0.117375 -0.322948 -0.184411 -0.092145 -0.305180 -0.189002 -0.293644 -0.102548 -0.081496 0.382973 -0.052441 -0.097024 0.181665 -0.001606 -0.145271 0.123587 0.131169
0.235472 -0.027412 0.078578 0.371328 0.181468 -0.428431 0.348982 -0.047498 0.069052 0.100381 0.213375 0.195215 0.039738 0.025661 0.195191 0.341886 0.137267 0.027753 0.405461 0.304704 -0.157743 -0.002520 0.287142 0.070629 -0.075805 -0.069406 -0.169183 -0.330687 0.618071 0.370996 0.778270 1.000000 0.313895 0.352449 -0.100917 -0.145720 -0.179694 -0.427715 -0.195555 -0.389485 0.035278 -0.098879 -0.042043 -0.004966 0.199428 0.198226 -0.287133 -0.534033 -0.238947 -0.101074 -0.116132 -0.390252 -0.402289 -0.311036 -0.406266 -0.499019 -0.050570 -0.382486 -0.177171 -0.296284 0.025219 -0.024100 0.190041 0.075807 0.361856 -0.240039 -0.091045 -0.333538 -0.310802 -0.521046 0.311091 -0.076724 0.384554 0.032583 0.144597 0.178636 0.150789 -0.072428 -0.086103 -0.056456 0.048863 0.042716 0.280533 0.563349 0.396967 0.316405 0.075966 -0.154083 0.036590 -0.403147 -0.347230 -0.252640 -0.218522 -0.271982 0.136739 0.097495 -0.228772 0.164574 -0.241629 -0.238299 -0.282046 -0.168461 -0.211373 -0.339606 -0.053401 -0.147712 0.081483 -0.032785 0.229362 -0.062961 -0.197792 0.102856 0.065441 0.017910 0.309272 0.168151
0.369421 0.357031 -0.237392 0.011527 -0.095026 -0.417459 -0.096275 -0.038074 0.080796 -0.280494 -0.043271 0.242581 -0.100219 0.066468 -0.039584 -0.015687 0.329366 0.515448 0.301641 0.202249 -0.210463 -0.175387 -0.292291 -0.365267 -0.305852 -0.132475 -0.381097 -0.193834 0.342756 0.558811 0.190887 0.313895 1.000000 0.699280 0.164994 0.107804 0.194989 0.018394 0.020013 -0.112938 -0.020699 0.196782 -0.153620 0.193761 -0.308397 -0.326499 0.219943 0.053079 -0.334264 -0.244903 -0.323641 -0.209759 -0.104806 0.000879 -0.121924 0.027285 0.266847 0.162081 -0.238790 -0.198286 0.212063 0.144910 0.331668 0.301285 -0.231708 -0.284136 -0.332112 -0.390238 0.011669 -0.272951 0.045973 0.255053 0.567432 0.219046 0.570052 0.376833 0.419747 0.207701 -0.028418 0.311492 0.380844 0.538645 -0.058343 0.259255 0.030999 -0.028216 -0.031018 -0.185259 -0.185605 -0.417174 -0.481488 -0.444376 -0.365292 -0.516409 -0.065085 0.000227 0.032283 -0.068773 -0.028398 0.104431 -0.094660 -0.310154 -0.468594 -0.391880 -0.212407 -0.177658 -0.151950 -0.288129 0.048787 -0.022187 -0.074018 0.187004 0.177505 -0.018648 -0.089355 -0.078966
0.172839 0.275915 -0.165164 0.171360 -0.127989 -0.358347 -0.216492 0.135832 0.210923 -0.076083 -0.006962 0.238694 -0.029888 0.138630 0.289170 0.296925 0.242029 0.275130 0.179796 0.321741 -0.083146 -0.196953 -0.110148 -0.222959 -0.137128 0.095368 -0.253222 -0.072411 0.435423 0.374073 0.084846 0.352449 0.699280 1.000000 0.074757 0.013213 0.180778 -0.129582 -0.101130 -0.174313 0.109333 0.094714 0.087222 0.459652 -0.142605 -0.153013 0.141986 -0.091419 -0.281399 -0.250039 -0.106499 -0.195723 -0.231113 -0.099172 -0.086460 0.090262 0.134158 -0.072702 -0.306037 -0.344623 0.001169 -0.089971 0.080686 0.009916 -0.127627 -0.153285 -0.448971 -0.336623 -0.214324 -0.265054 -0.043007 0.228588 0.383769 -0.009255 0.321319 0.131581 0.259366 0.124279 0.064697 0.076443 0.472061 0.468413 -0.075436 0.158788 0.230413 0.222684 0.172413 0.075837 -0.032089 -0.205043 -0.593965 -0.569782 -0.363654 -0.543156 -0.246782 -0.366865 -0.303725 -0.306910 -0.172345 -0.054757 -0.121747 -0.325443 -0.552635 -0.334206 -0.036636 0.021490 0.017943 -0.314382 -0.243660 -0.345641 -0.351217 0.118797 0.323175 0.202737 0.151591 -0.025960
-0.148965 -0.349561 -0.048447 -0.036290 -0.190092 0.318747 -0.219944 -0.332848 -0.277665 -0.215475 -0.355830 -0.148374 -0.545825 -0.401756 0.089426 0.022592 -0.425900 0.217061 0.027277 0.158510 0.409872 0.534346 -0.008972 -0.017200 0.205762 0.236126 0.430764 0.552805 -0.477771 -0.122979 -0.100465 -0.100917 0.164994 0.074757 1.000000 0.852673 0.447852 0.428324 0.676428 0.627062 0.435420 0.629147 0.020013 0.246202 -0.251100 -0.057732 0.187778 0.400598 -0.496282 -0.378847 -0.372367 -0.293108 -0.376327 0.147772 0.066244 0.295776 -0.203379 -0.191051 -0.212036 -0.015341 -0.156812 -0.217509 -0.272858 -0.304407 0.015972 -0.115440 0.084841 0.431552 0.097081 0.170529 -0.203473 0.770873 -0.457864 0.352779 -0.137399 -0.037700 0.287373 0.786799 -0.505200 0.270163 0.088656 -0.222616 0.476956 0.371124 -0.009996 0.145243 0.138518 0.378905 0.278775 0.165075 -0.434878 -0.341618 -0.270487 -0.176843 -0.596238 -0.590590 -0.157656 -0.442221 -0.215779 -0.007686 -0.246106 -0.386388 -0.385770 -0.398709 -0.402113 -0.282639 -0.139512 -0.073889 -0.463050 -0.495597 -0.170560 -0.564420 -0.555597 -0.348017 -0.395821 -0.457308
-0.048921 -0.274934 -0.057293 -0.018578 -0.282958 0.125856 -0.245428 -0.253974 -0.285172 -0.297445 -0.259378 -0.066111 -0.449252 -0.311252 0.057486 -0.070355 -0.231254 0.347832 0.143434 0.211489 0.268141 0.418383 -0.120964 -0.116373 0.097845 0.150271 0.239720 0.480703 -0.550435 -0.021009 -0.080811 -0.145720 0.107804 0.013213 0.852673 1.000000 0.473536 0.379165 0.741101 0.523295 0.471371 0.600198 -0.010592 0.254083 -0.154852 -0.037235 0.209091 0.502122 -0.377259 -0.232699 -0.370802 -0.226992 -0.365490 0.234019 0.011185 0.355709 0.032765 -0.007322 -0.205587 -0.044443 -0.155098 -0.207310 -0.232088 -0.258852 -0.093784 -0.174302 -0.002179 0.426839 0.227615 0.135256 -0.077937 0.827754 -0.448659 0.475099 -0.113216 -0.016313 0.413649 0.801034 -0.397847 0.496554 0.205656 -0.123878 0.450858 0.301436 -0.097223 -0.015295 0.238314 0.274516 0.212891 -0.022361 -0.414702 -0.299368 -0.217242 -0.126283 -0.503490 -0.526436 -0.002823 -0.350747 -0.007210 0.197135 -0.176901 -0.354149 -0.342563 -0.380946 -0.570173 -0.461585 -0.283581 -0.151509 -0.330093 -0.429122 -0.088728 -0.537307 -0.578854 -0.353498 -0.537447 -0.507178
