1.000000 0.607790 0.178903 -0.154456 -0.051082 -0.069070 0.249867 0.062707 0.065551 0.054901 0.366293 0.180984 0.171466 0.050263 -0.035692 -0.023172 0.614511 0.408833 0.448619 0.115225 -0.102741 0.142070 -0.153033 -0.373644 -0.129552 -0.350353 -0.006312 -0.260126 0.335288 0.367587 0.114818 -0.103957 0.336395 0.336297 0.075368 0.017440 0.297451 0.031634 0.177639 0.026639 0.401880 0.309882 -0.226917 -0.271100 -0.277037 -0.433832 -0.197973 -0.268709 -0.278133 -0.299045 -0.319400 -0.254371 0.084447 -0.080913 -0.054887 -0.121638 0.569165 0.523473 0.040578 -0.256763 0.346694 0.340569 0.361557 0.497542 -0.023118 -0.233007 -0.352676 -0.553200 0.218030 -0.276708 -0.080016 -0.208883 0.395725 0.067368 0.045081 0.208675 0.333453 -0.011225 0.449339 0.092199 0.475328 0.330385 0.071066 0.304568 0.156932 -0.089585 0.118899 0.121824 0.103138 0.009439 -0.287196 -0.388484 -0.236783 -0.309116 -0.202225 -0.014483 -0.163819 -0.074534 0.026243 0.090412 -0.373103 -0.130272 -0.120942 -0.026707 -0.253883 -0.235947 -0.182302 -0.034870 0.048494 0.023358 -0.189334 0.091501 0.175868 -0.048502 -0.236985 -0.183700
0.607790 1.000000 -0.107845 -0.290375 0.024989 0.040218 -0.016079 0.132206 0.060446 0.146008 0.105392 0.036831 0.033834 -0.022075 -0.071894 -0.120488 0.290914 0.197844 0.306196 0.156557 0.078563 0.081548 -0.264289 -0.334321 -0.106215 -0.240337 0.044369 -0.130193 0.033237 0.053288 -0.157804 -0.358244 0.117590 0.051987 0.137599 -0.131915 0.072236 0.105012 0.040018 0.145662 0.155341 0.158286 0.025587 -0.020793 -0.424513 -0.259896 -0.135497 -0.042209 -0.331357 -0.177307 -0.395489 -0.234850 -0.047118 0.012466 -0.324574 -0.186117 0.388347 0.607111 -0.212856 -0.073487 0.206233 0.352598 0.128704 0.309292 -0.049436 -0.160732 -0.541439 -0.376868 -0.009178 0.037481 0.110275 -0.188491 0.034646 -0.113102 -0.146946 0.170990 0.155991 -0.046240 0.214363 0.041849 0.209933 0.038308 -0.031773 0.060499 -0.035127 -0.074324 -0.065817 -0.161082 0.016553 -0.105261 0.083692 0.063501 0.113121 0.053523 0.113923 0.120437 -0.039489 0.055040 0.161721 0.270442 0.000087 0.159523 0.029031 0.104375 0.028122 0.049770 -0.013537 -0.051570 0.141481 0.129170 -0.140804 0.245017 0.380356 0.237686 0.059440 0.130361
0.178903 -0.107845 1.000000 0.377703 0.371752 0.345554 0.601063 0.311520 0.206850 -0.072513 0.245651 0.089932 0.256207 0.129294 0.155362 0.174223 0.105852 -0.071648 0.012372 -0.179178 -0.076602 0.046390 0.332647 0.305548 0.277655 0.096550 0.419730 0.207960 -0.141921 -0.165322 0.036516 -0.027072 -0.067427 -0.042313 -0.337498 -0.210982 -0.169539 -0.259637 0.320575 0.066683 -0.217723 -0.028093 -0.029359 -0.037031 -0.153242 -0.107313 -0.304243 -0.337374 0.236724 -0.093713 0.418497 0.197735 0.035646 -0.185017 0.474975 0.233098 0.043435 -0.026284 0.216342 -0.083332 0.343458 0.000712 0.132342 -0.067012 0.310348 0.184348 0.122389 0.059745 0.005474 -0.240307 -0.055176 -0.065515 -0.091685 0.036103 -0.035463 0.087790 -0.082720 -0.119537 -0.130922 -0.050690 -0.291858 -0.190504 0.011918 -0.065276 0.075588 -0.079601 0.324012 0.346360 0.279621 0.360911 -0.312754 -0.318420 -0.063756 -0.229847 -0.325750 -0.086036 -0.174780 -0.034463 -0.292400 -0.244367 -0.095075 -0.132119 -0.096991 -0.002971 0.097397 0.015450 0.033721 -0.012344 -0.078712 -0.046712 -0.121706 -0.133827 -0.265508 -0.128367 0.064100 -0.082131
-0.154456 -0.290375 0.377703 1.000000 0.209999 0.623319 0.478199 0.385621 0.188858 0.287241 0.142818 0.229063 0.125556 0.542186 0.275322 0.554701 -0.174197 -0.117836 -0.170562 0.028960 -0.096133 0.026834 0.552183 0.733889 0.430687 0.574023 0.280724 0.340767 -0.311128 -0.183668 -0.001954 0.222618 -0.365862 -0.177871 -0.170751 0.047910 -0.177314 -0.170751 -0.034196 -0.161257 -0.332119 -0.304568 -0.086265 -0.142912 -0.001346 0.005145 -0.212181 -0.271344 -0.189800 -0.164528 0.203780 -0.253531 -0.095566 -0.112132 0.223953 -0.049388 -0.178464 -0.174230 -0.126802 -0.305336 0.007017 -0.159557 -0.189764 -0.305679 0.423705 0.571613 -0.184733 0.088424 -0.244996 -0.090032 -0.032524 0.059126 -0.280234 -0.044530 -0.114803 -0.053622 -0.245091 -0.082234 -0.175079 -0.072921 -0.255203 -0.214268 -0.038720 0.105623 0.517224 0.615599 0.355182 0.603811 0.292310 0.536189 -0.049529 -0.162168 0.176481 -0.239295 -0.353364 -0.156087 -0.348241 -0.243939 -0.365115 -0.387302 -0.178662 -0.372744 -0.377825 -0.444879 -0.237813 -0.195620 -0.102714 0.032359 -0.151412 -0.202508 -0.037435 -0.242214 -0.400506 -0.147370 -0.038801 -0.189886
-0.051082 0.024989 0.371752 0.209999 1.000000 0.276658 0.455368 0.410878 0.593867 0.603151 0.138558 0.074638 0.332474 0.281402 0.368720 0.333245 0.092982 -0.278336 -0.194323 0.039395 -0.015765 0.004377 0.067556 0.176139 0.354580 -0.025484 0.189715 0.002041 -0.085012 -0.123167 -0.046883 -0.123689 -0.096776 -0.070503 -0.343021 -0.506218 -0.176408 -0.279959 0.006552 0.041252 -0.119414 -0.062351 -0.108070 -0.180179 -0.113387 -0.031540 -0.258940 -0.296272 0.013125 0.042537 0.023753 -0.133854 0.018401 -0.073416 0.170404 -0.004883 -0.207066 -0.091729 -0.116829 -0.042287 0.214579 0.044375 0.011151 0.011238 0.264617 0.058190 -0.180382 -0.037478 0.187967 0.149618 0.292507 0.177222 -0.142890 0.058270 -0.137842 0.163263 -0.140301 -0.187417 -0.173482 -0.269995 -0.170551 -0.242998 -0.120768 -0.010298 0.050951 0.041984 0.033487 -0.072686 0.311329 0.180597 0.076057 0.170835 0.309339 0.198439 -0.220710 -0.143398 -0.417210 -0.064079 -0.259780 -0.057935 0.067002 0.193021 0.113964 0.094710 0.063466 0.089908 -0.051974 -0.095795 -0.241169 -0.066162 -0.278163 0.004461 0.083875 0.156313 0.291488 0.142100
-0.069070 0.040218 0.345554 0.623319 0.276658 1.000000 0.211832 0.362261 0.194773 0.254156 -0.103004 -0.129351 0.073915 0.182107 0.213371 0.339628 -0.212869 -0.258477 -0.216404 -0.045161 0.155376 0.213764 0.521010 0.645593 0.367275 0.614031 0.636035 0.630573 -0.554844 -0.509530 -0.267312 -0.191477 -0.482360 -0.390951 -0.128895 -0.227297 -0.285306 -0.269717 0.064161 -0.037231 -0.560580 -0.450125 -0.050458 -0.057642 -0.150618 0.139588 -0.390685 -0.291934 -0.123144 -0.001873 0.151137 -0.126579 -0.310879 -0.251090 0.169238 0.004653 -0.015579 0.061122 0.007808 0.011845 0.025779 -0.121080 -0.363740 -0.410752 0.469596 0.546446 -0.212923 0.226281 -0.183996 0.227076 0.121373 -0.095355 -0.608720 -0.276057 -0.361911 -0.074560 -0.419232 -0.343375 -0.256630 -0.151780 -0.377547 -0.428031 -0.247479 -0.180443 0.298363 0.290511 0.443830 0.408861 0.502359 0.539077 0.078158 0.094695 0.400114 0.060330 -0.122814 0.038376 -0.380428 -0.105996 -0.393150 0.016913 0.163621 0.037888 -0.087090 0.024757 0.235103 0.292279 0.183038 0.120029 0.104378 -0.082345 -0.108142 -0.056538 -0.099706 0.083610 0.203548 0.133336
0.249867 -0.016079 0.601063 0.478199 0.455368 0.211832 1.000000 0.473892 0.505302 0.361097 0.405911 0.214612 0.481236 0.416737 0.231973 0.247989 0.163769 0.025871 0.154495 -0.022529 -0.227117 -0.189343 0.293911 0.283768 0.278727 -0.027095 0.043280 -0.023423 -0.044444 0.027756 -0.062835 -0.005062 0.085838 0.084338 -0.314716 -0.142278 -0.148072 -0.025748 0.082695 0.010486 -0.031387 0.034699 -0.055700 -0.251628 -0.154333 -0.275893 -0.138200 -0.281940 -0.207109 -0.239016 0.095659 -0.232181 0.114466 0.144338 0.210349 0.035864 -0.147985 -0.013727 -0.155666 -0.459562 0.360743 0.133357 0.129795 0.062612 0.448257 0.303034 -0.304945 -0.282950 -0.003916 -0.324966 -0.012070 0.261269 0.038401 0.195326 0.043393 0.267444 0.083770 0.064514 -0.056910 -0.064414 -0.135384 -0.160328 -0.099422 -0.030621 0.335439 0.216484 0.375694 0.358981 0.389513 0.352993 -0.216968 -0.295813 0.066673 -0.242901 -0.388638 -0.026880 -0.333358 -0.004345 -0.189590 -0.201168 -0.265516 -0.246075 -0.349014 -0.359954 -0.257856 -0.135343 -0.357760 -0.208231 -0.003072 0.055802 -0.037127 0.043624 -0.055920 0.095227 0.092720 -0.081244
0.062707 0.132206 0.311520 0.385621 0.410878 0.362261 0.473892 1.000000 0.303022 0.623729 0.325254 0.403514 0.389822 0.572388 -0.046676 0.329606 -0.025301 -0.248737 -0.043074 -0.045444 -0.146408 -0.283084 -0.236085 0.043857 0.071869 -0.157390 -0.049142 -0.222277 -0.221633 -0.093552 -0.074726 -0.051937 0.001283 0.032448 -0.269962 -0.172417 -0.091651 -0.119946 -0.187624 -0.214743 -0.151580 -0.087887 0.272233 0.067147 0.039457 0.033283 -0.115200 -0.257160 0.060253 0.044703 0.220095 0.044644 0.199909 0.051035 0.080136 -0.079326 -0.217458 -0.155938 -0.171107 -0.189923 0.292373 0.491282 0.081178 0.182541 0.036313 0.348779 -0.306794 -0.118371 -0.353018 -0.196212 0.211744 -0.001411 -0.300724 -0.016710 -0.195782 0.190873 -0.012102 -0.070441 -0.247983 -0.213675 -0.333229 -0.399788 -0.335251 -0.072922 0.185615 0.432640 -0.073379 0.064692 0.135963 0.264014 0.053052 -0.047935 0.380695 0.084917 -0.511159 -0.206178 -0.518253 -0.201080 -0.122150 -0.059096 0.275413 0.143272 0.108260 -0.103753 0.003021 -0.105312 -0.083969 -0.095101 -0.145079 -0.185178 -0.331131 -0.034567 0.137106 0.149860 0.131510 0.000704
0.065551 0.060446 0.206850 0.188858 0.593867 0.194773 0.505302 0.303022 1.000000 0.614193 0.282247 0.118367 0.604204 0.376228 0.293412 0.219191 0.229007 0.000873 -0.101314 -0.094209 -0.336885 -0.166876 0.261173 0.161394 0.411174 0.093819 0.193265 0.179841 -0.081909 -0.063789 -0.169757 -0.076039 -0.025850 -0.014646 -0.247072 -0.327016 -0.230344 -0.072521 0.032633 0.078293 -0.210738 -0.218658 -0.098406 -0.283119 -0.313404 -0.353053 -0.170713 -0.288061 -0.333895 -0.266082 -0.077214 -0.379081 0.283053 0.192643 0.173578 0.013632 -0.063921 0.076698 -0.007085 -0.317015 0.502237 0.214630 -0.064244 0.045002 0.486686 0.228816 -0.435587 -0.413934 0.100319 -0.033482 0.087434 0.248750 -0.083610 0.043593 -0.108856 0.113627 -0.046981 -0.138281 0.055882 0.022342 -0.003609 -0.079498 -0.410655 -0.235834 0.263346 0.104502 0.039202 -0.019080 0.488398 0.286705 0.037295 -0.009358 0.200783 0.160247 -0.292149 0.033757 -0.312642 0.090555 -0.204110 0.048679 0.086976 0.072031 -0.107001 -0.203427 0.005132 0.089161 -0.295412 -0.262667 0.043849 0.121334 -0.111351 0.130661 0.213273 0.253966 0.333956 0.182400
0.054901 0.146008 -0.072513 0.287241 0.603151 0.254156 0.361097 0.623729 0.614193 1.000000 0.266766 0.349416 0.503524 0.558037 0.325271 0.492785 0.207738 -0.057827 -0.103938 0.076224 -0.258497 -0.148536 -0.053534 0.069901 0.270336 -0.028008 -0.155760 -0.167562 0.031739 0.107013 0.000981 0.066345 -0.041303 0.068819 -0.212935 -0.232599 -0.180583 -0.041198 -0.301176 -0.150766 -0.016422 -0.106184 -0.079728 -0.245286 -0.085398 -0.112784 -0.075163 -0.154342 -0.348053 -0.100203 -0.260701 -0.421814 0.002964 0.054973 -0.108696 -0.208189 -0.195273 -0.032507 -0.317180 -0.287033 0.176563 0.326181 -0.004229 0.215279 0.123973 0.152439 -0.546850 -0.343011 -0.003408 0.030746 0.138161 0.145761 -0.108214 -0.044059 -0.211749 0.100922 -0.058725 -0.071782 -0.049469 -0.107413 0.009233 -0.102533 -0.187327 0.197621 0.261689 0.371013 -0.111174 -0.020895 0.247013 0.125016 0.146188 0.103594 0.365739 0.179850 -0.297401 -0.109876 -0.485105 -0.066943 -0.129035 0.044862 0.082739 0.089151 -0.049423 -0.169545 -0.146141 -0.128851 -0.248874 -0.159824 -0.161203 -0.084072 -0.205537 0.110827 0.269345 0.220487 0.113570 0.005306
0.366293 0.105392 0.245651 0.142818 0.138558 -0.103004 0.405911 0.325254 0.282247 0.266766 1.000000 0.742374 0.555148 0.555818 0.239206 0.307702 0.479045 0.341374 0.362376 0.350302 -0.257267 -0.125577 -0.116576 -0.097566 -0.087207 -0.230029 -0.072340 -0.217147 0.434689 0.458396 0.175358 0.236581 0.291300 0.366658 -0.154728 0.028881 0.130482 0.141418 -0.046361 -0.178272 0.257678 0.294816 -0.034144 -0.295067 -0.254003 -0.559082 -0.068306 -0.211316 -0.279843 -0.541072 -0.235497 -0.288591 0.290800 -0.151149 0.151125 -0.264732 -0.219953 -0.060655 -0.211715 -0.523328 0.539750 0.312386 0.596201 0.488372 0.013332 -0.093034 -0.314602 -0.437726 0.156763 -0.272172 0.227130 0.311467 0.397229 0.366407 0.298390 0.262803 0.388739 0.300438 0.061878 0.097090 0.256221 0.263930 0.033020 0.310352 0.270209 0.141394 -0.126881 0.028611 -0.052792 -0.027936 -0.198625 -0.396499 -0.134859 -0.432743 -0.553175 -0.114860 -0.252962 -0.170486 -0.289287 -0.252176 -0.358309 -0.405565 -0.347977 -0.449544 -0.375136 -0.492254 -0.479901 -0.358549 -0.140754 -0.052877 -0.017642 -0.055610 -0.047578 -0.067335 -0.052020 -0.219782
0.180984 0.036831 0.089932 0.229063 0.074638 -0.129351 0.214612 0.403514 0.118367 0.349416 0.742374 1.000000 0.518740 0.745381 0.240032 0.499236 0.431235 0.354095 0.198785 0.340011 -0.280900 -0.212929 -0.239863 -0.168089 -0.134516 -0.253686 -0.175348 -0.363901 0.569020 0.616094 0.420565 0.403838 0.250480 0.426643 -0.131719 0.118181 0.308657 0.263015 -0.082876 -0.149421 0.333445 0.380971 0.023963 -0.176791 -0.055115 -0.441977 0.150298 -0.068262 -0.177806 -0.382284 -0.218145 -0.171781 0.257590 -0.137301 0.113192 -0.166101 -0.286842 -0.248148 -0.284114 -0.447052 0.276360 0.404086 0.519951 0.530063 -0.210512 -0.089846 -0.303523 -0.468374 -0.017656 -0.319357 0.095481 0.273950 0.416325 0.242349 0.266706 0.052806 0.370130 0.263624 0.124821 0.164044 0.300690 0.356186 0.166284 0.508399 0.183535 0.314066 -0.310988 -0.001971 -0.311079 -0.157043 -0.191729 -0.425842 -0.269385 -0.407256 -0.441720 -0.353093 -0.167069 -0.307307 -0.213472 -0.413798 -0.344013 -0.438433 -0.383000 -0.506997 -0.479016 -0.559137 -0.516572 -0.392758 -0.395718 -0.268801 -0.118219 -0.231250 -0.145378 -0.249754 -0.213825 -0.324608
0.171466 0.033834 0.256207 0.125556 0.332474 0.073915 0.481236 0.389822 0.604204 0.503524 0.555148 0.518740 1.000000 0.603258 0.297286 0.321585 0.281886 0.057544 0.049714 0.140947 -0.271437 -0.143760 0.091308 0.019030 -0.025271 -0.192043 0.079545 -0.091792 0.181048 0.197590 0.022368 -0.030352 0.165449 0.162489 -0.295957 -0.382261 -0.109321 -0.040555 0.091170 0.158556 -0.121736 0.220439 -0.160480 -0.434395 -0.318233 -0.465330 -0.035873 -0.155057 -0.218963 -0.323065 -0.107779 -0.240535 0.353856 0.151379 0.289208 0.068424 -0.222533 -0.107063 -0.207055 -0.258045 0.384482 0.383558 0.245436 0.324414 0.081458 -0.058577 -0.381775 -0.501115 0.246251 -0.066764 -0.016922 0.131994 0.094377 0.177836 0.133507 0.075187 -0.051953 -0.211783 -0.015378 -0.027146 0.033788 0.074253 -0.216166 0.088280 0.087075 0.124577 -0.020238 0.046242 0.151888 0.243322 0.031781 -0.073431 0.049411 0.032562 -0.314811 -0.017358 -0.239851 -0.020695 -0.223244 -0.036193 -0.022885 -0.098475 -0.170146 -0.227327 -0.014227 -0.063140 -0.287547 -0.277892 -0.056491 -0.016171 -0.095998 -0.000731 0.138180 0.198103 0.191500 0.118631
0.050263 -0.022075 0.129294 0.542186 0.281402 0.182107 0.416737 0.572388 0.376228 0.558037 0.555818 0.745381 0.603258 1.000000 0.394166 0.682570 0.114353 0.069968 0.035649 0.227691 -0.225679 -0.124878 0.102752 0.205167 0.175263 0.085873 -0.037917 -0.109385 0.180159 0.265431 0.192512 0.312919 0.043942 0.216651 -0.112166 -0.061371 0.159263 0.084169 -0.034917 -0.112034 -0.001897 0.149156 0.002775 -0.313349 -0.093990 -0.347858 -0.035953 -0.292323 -0.291443 -0.339666 -0.038986 -0.315859 0.264212 -0.037252 0.231195 -0.115609 -0.280533 -0.198211 -0.328895 -0.463459 0.208132 0.226632 0.217133 0.177834 0.118524 0.199164 -0.406171 -0.390075 -0.129662 -0.244585 0.118545 0.233143 0.078606 0.181676 0.131010 0.094554 0.089989 0.004112 0.024555 0.000209 0.105741 0.092876 -0.114945 0.252565 0.531618 0.633088 -0.015222 0.197750 0.050277 0.211801 -0.090239 -0.294216 0.021561 -0.196604 -0.469529 -0.304167 -0.406554 -0.367235 -0.358902 -0.418729 -0.178355 -0.338226 -0.364775 -0.549126 -0.355872 -0.408906 -0.399872 -0.276699 -0.334943 -0.313161 -0.253028 -0.258822 -0.116551 -0.072243 -0.075454 -0.198761
-0.035692 -0.071894 0.155362 0.275322 0.368720 0.213371 0.231973 -0.046676 0.293412 0.325271 0.239206 0.240032 0.297286 0.394166 1.000000 0.656695 0.131492 0.143074 0.041083 0.128864 0.080657 0.196683 0.485438 0.409629 0.263051 0.366380 0.302520 0.310645 0.224224 0.121078 0.241176 0.295519 -0.045918 0.117791 -0.011929 -0.103425 0.025770 -0.121006 0.113723 0.009664 -0.012566 0.061852 -0.189557 -0.290896 -0.140017 -0.235858 -0.185691 -0.303449 -0.398814 -0.329526 -0.179602 -0.436373 -0.203003 -0.306830 0.105612 -0.174391 -0.121618 0.010826 -0.163425 -0.277136 0.154088 -0.113119 -0.000087 -0.071904 0.491979 0.200243 -0.224714 -0.170866 0.189750 0.033075 0.103549 0.133194 0.104917 0.035560 0.034332 -0.043664 -0.101388 -0.173574 0.114458 0.098735 0.166737 0.203660 0.280921 0.322396 0.484565 0.232512 0.155220 0.063934 0.401835 0.040015 -0.205754 -0.148009 -0.064041 -0.194173 0.065541 -0.121784 -0.337901 -0.195458 -0.540774 -0.311298 -0.387898 -0.378218 -0.421122 -0.351133 -0.186331 -0.107344 -0.321538 -0.200675 -0.155953 -0.288619 -0.203387 -0.284082 -0.175246 -0.055628 0.058110 -0.005053
-0.023172 -0.120488 0.174223 0.554701 0.333245 0.339628 0.247989 0.329606 0.219191 0.492785 0.307702 0.499236 0.321585 0.682570 0.656695 1.000000 0.221175 0.058668 -0.096873 0.196792 0.001181 0.114138 0.265042 0.322023 0.296827 0.321292 0.180371 0.048029 0.178703 0.222322 0.329691 0.449083 -0.173429 0.122215 -0.154995 -0.071184 0.091819 -0.033214 -0.168686 -0.200289 -0.115620 0.085790 -0.043983 -0.293454 0.065651 -0.156487 -0.055689 -0.274897 -0.255374 -0.241068 -0.005758 -0.313181 -0.053902 -0.194289 0.016824 -0.288805 -0.141255 -0.055117 -0.254320 -0.310299 0.049726 0.080097 0.156610 0.120798 0.213257 0.235875 -0.235209 -0.137454 0.022887 0.001484 0.176389 0.049562 0.073796 0.142512 0.092543 0.036793 -0.054467 -0.108345 0.009182 0.042062 0.127538 0.154647 0.080457 0.437327 0.471281 0.436635 -0.027339 0.159753 0.075554 0.069286 -0.134407 -0.234883 -0.006735 -0.224262 -0.262091 -0.226304 -0.486422 -0.362159 -0.468481 -0.463359 -0.251204 -0.310855 -0.227094 -0.383133 -0.278812 -0.288398 -0.322477 -0.141474 -0.285796 -0.359578 -0.204136 -0.299846 -0.246320 -0.157407 -0.084209 -0.150467
0.614511 0.290914 0.105852 -0.174197 0.092982 -0.212869 0.163769 -0.025301 0.229007 0.207738 0.479045 0.431235 0.281886 0.114353 0.131492 0.221175 1.000000 0.581806 0.292224 0.151844 -0.213508 0.063343 -0.203390 -0.450135 -0.056989 -0.361192 -0.101128 -0.349681 0.662153 0.681404 0.455812 0.332320 0.306828 0.400516 -0.203233 -0.069468 0.233524 0.262740 -0.013829 -0.033791 0.428027 0.292072 -0.187908 -0.390766 -0.154996 -0.512448 0.055940 -0.101933 -0.244112 -0.387190 -0.382460 -0.254501 0.032988 -0.097085 0.015468 -0.163071 0.260797 0.315585 -0.035811 -0.305330 0.238041 0.217380 0.541687 0.672309 -0.152390 -0.444793 -0.265755 -0.589735 0.277659 -0.274278 0.084196 0.198323 0.645358 0.260317 0.210961 0.109159 0.407645 0.254515 0.575019 0.308775 0.670516 0.641706 0.205376 0.550753 0.015207 -0.248876 -0.109068 -0.044028 -0.099904 -0.291877 -0.392705 -0.494642 -0.467875 -0.464732 -0.172629 0.019083 -0.022331 0.067505 -0.039943 -0.042841 -0.469342 -0.286255 -0.182421 -0.181101 -0.356136 -0.349490 -0.367690 -0.206506 -0.093050 0.111911 0.002707 0.158563 0.105469 -0.241073 -0.251361 -0.211234
0.408833 0.197844 -0.071648 -0.117836 -0.278336 -0.258477 0.025871 -0.248737 0.000873 -0.057827 0.341374 0.354095 0.057544 0.069968 0.143074 0.058668 0.581806 1.000000 0.304481 0.041675 -0.178029 0.083918 0.041083 -0.331498 0.077708 -0.120411 -0.095839 -0.103936 0.641491 0.718055 0.373342 0.367191 0.428451 0.560963 0.319860 0.390723 0.118858 0.355965 0.067906 -0.055575 0.364928 0.207407 -0.122704 -0.200430 -0.088530 -0.531979 0.227978 -0.074001 -0.386714 -0.438952 -0.357749 -0.285664 -0.106236 -0.074700 0.011530 0.024534 0.209733 0.382742 -0.104413 -0.513970 0.023887 0.051899 0.243416 0.289381 -0.060616 -0.176061 -0.314748 -0.602785 0.041090 -0.562777 -0.162498 0.261583 0.635509 0.142669 0.268352 -0.085026 0.531895 0.269246 0.637578 0.707982 0.562130 0.659585 0.346960 0.382269 0.227970 -0.083221 0.054019 0.101702 -0.030665 -0.292065 -0.615492 -0.663778 -0.592986 -0.600943 0.079856 -0.039586 0.164153 -0.070460 0.048066 -0.127260 -0.542989 -0.392550 -0.459724 -0.426464 -0.474400 -0.365946 -0.478912 -0.270799 -0.149163 -0.097363 0.011497 -0.037782 -0.009340 -0.287061 -0.300371 -0.228402
0.448619 0.306196 0.012372 -0.170562 -0.194323 -0.216404 0.154495 -0.043074 -0.101314 -0.103938 0.362376 0.198785 0.049714 0.035649 0.041083 -0.096873 0.292224 0.304481 1.000000 0.503711 0.047643 0.119015 -0.129843 -0.224757 -0.076769 -0.113559 -0.293624 -0.234021 0.416070 0.257824 0.239876 0.174798 0.548848 0.477078 0.266623 0.264123 0.249397 0.033949 -0.029943 -0.228008 0.450785 0.382566 -0.245126 -0.291409 -0.297763 -0.470967 -0.262670 -0.262352 -0.337463 -0.501327 -0.296913 -0.217587 -0.023723 -0.222699 -0.037982 -0.413043 -0.039479 0.043247 -0.110731 -0.251687 0.246457 0.128951 0.562830 0.378690 -0.139031 -0.265307 -0.045525 -0.236426 0.245844 -0.232616 0.127101 0.133422 0.410253 0.231847 0.303967 0.299643 0.467661 0.331081 0.117281 0.016041 0.372840 0.183758 0.352922 0.211279 0.193456 -0.039253 0.042027 -0.086295 -0.136758 -0.222454 -0.275402 -0.276549 -0.279809 -0.346585 -0.081408 -0.101623 -0.160980 -0.199389 -0.084008 -0.193327 -0.383971 -0.140292 -0.170358 -0.272390 -0.313702 -0.271054 -0.344421 -0.328946 -0.051451 -0.095529 -0.207237 -0.162252 -0.017057 -0.064090 -0.229767 -0.177080
0.115225 0.156557 -0.179178 0.028960 0.039395 -0.045161 -0.022529 -0.045444 -0.094209 0.076224 0.350302 0.340011 0.140947 0.227691 0.128864 0.196792 0.151844 0.041675 0.503711 1.000000 0.179397 0.106746 -0.122757 0.009730 -0.165392 -0.038763 -0.141746 -0.249284 0.328633 0.224228 0.319043 0.175631 0.228057 0.371020 0.066769 0.217112 0.148180 -0.164911 -0.135579 -0.270796 0.267159 0.472420 -0.157734 -0.201409 0.070619 -0.034078 -0.056818 0.047119 -0.232643 -0.069783 -0.418105 -0.169703 -0.096834 -0.101278 -0.126126 -0.427790 -0.317128 -0.032289 -0.457820 -0.116021 -0.106448 0.021417 0.294275 0.184599 -0.296717 -0.258194 -0.088981 0.022627 0.336625 0.269823 0.170607 0.050257 0.259786 0.234353 0.356705 0.015038 0.121717 0.120934 -0.152291 -0.108804 0.189832 0.100352 0.279273 0.378664 0.039163 0.103213 -0.120559 0.022020 -0.331982 -0.171914 0.084670 0.024600 -0.186841 -0.282713 -0.256848 -0.333220 -0.302276 -0.468519 -0.266626 -0.416443 -0.380704 -0.231215 -0.292253 -0.322271 -0.450478 -0.420514 -0.337051 -0.264986 -0.350858 -0.317136 -0.017496 -0.299016 -0.264084 -0.200027 -0.229354 -0.261387
-0.102741 0.078563 -0.076602 -0.096133 -0.015765 0.155376 -0.227117 -0.146408 -0.336885 -0.258497 -0.257267 -0.280900 -0.271437 -0.225679 0.080657 0.001181 -0.213508 -0.178029 0.047643 0.179397 1.000000 0.618914 -0.016347 -0.020513 -0.080674 0.082782 0.236768 0.042645 -0.071682 -0.208976 0.116751 -0.176871 -0.246217 -0.201545 0.055567 -0.062917 0.137188 -0.129452 0.112819 0.024164 0.045486 0.047156 -0.136667 -0.035941 0.088338 0.243959 -0.304123 -0.114768 0.170991 0.211591 0.106650 0.114597 -0.187801 -0.256138 0.006087 -0.176268 0.012889 -0.056769 -0.013147 0.376707 -0.222884 -0.187838 0.020935 -0.024364 -0.146002 -0.103611 0.273767 0.361228 0.091429 0.432566 0.426986 -0.100192 -0.138371 -0.089982 -0.143403 0.221488 -0.114504 -0.048618 -0.116832 -0.248305 -0.048126 -0.076663 0.255712 0.077790 -0.082512 0.026598 0.043458 -0.166581 -0.061440 -0.009904 0.172777 0.229665 0.073786 -0.006187 0.353775 -0.071042 -0.158617 -0.189832 -0.232219 -0.060268 0.096577 0.180784 0.160492 0.183095 0.059504 0.030371 0.181654 0.024309 -0.074034 -0.342482 -0.294252 -0.265204 -0.145337 -0.127141 -0.011981 0.121261
0.142070 0.081548 0.046390 0.026834 0.004377 0.213764 -0.189343 -0.283084 -0.166876 -0.148536 -0.125577 -0.212929 -0.143760 -0.124878 0.196683 0.114138 0.063343 0.083918 0.119015 0.106746 0.618914 1.000000 0.253935 0.026523 0.118762 0.224001 0.232294 0.197664 0.109251 -0.024748 0.155047 -0.088034 -0.111245 -0.024189 0.191187 -0.024717 0.049865 -0.216464 0.336718 0.096180 0.101539 -0.019983 -0.212342 -0.162649 -0.103529 -0.051174 -0.300963 -0.181172 -0.053278 -0.102539 -0.007228 -0.139964 -0.255163 -0.396537 0.174188 -0.129592 0.185817 0.123511 0.064794 0.174261 -0.137279 -0.298252 0.002177 -0.034202 0.002310 -0.204933 0.122365 0.057866 0.293821 0.336512 0.054321 -0.087136 0.014912 -0.162858 -0.096466 0.042257 -0.137206 -0.079625 0.185517 -0.028386 0.250078 0.218749 0.378464 0.301720 0.110433 -0.044453 0.277546 0.104078 0.163649 0.119876 -0.104845 -0.052219 -0.143410 -0.187013 0.265735 -0.196028 -0.130265 -0.204921 -0.326314 -0.157080 -0.169532 -0.084167 0.021145 0.079051 -0.023658 -0.118329 0.231060 0.208993 -0.227535 -0.374559 -0.329759 -0.334482 -0.246025 -0.286011 -0.143909 -0.097820
-0.153033 -0.264289 0.332647 0.552183 0.067556 0.521010 0.293911 -0.236085 0.261173 -0.053534 -0.116576 -0.239863 0.091308 0.102752 0.485438 0.265042 -0.203390 0.041083 -0.129843 -0.122757 -0.016347 0.253935 1.000000 0.800054 0.567070 0.777137 0.524371 0.784597 -0.315843 -0.326227 -0.113941 0.095050 -0.303092 -0.248684 -0.014289 -0.089794 -0.348063 -0.212608 0.327371 0.194242 -0.500540 -0.264750 -0.256272 -0.233779 -0.189069 -0.070509 -0.250604 -0.220217 -0.339339 -0.216811 0.066479 -0.284523 -0.335764 -0.161340 0.260641 0.163892 -0.023466 0.096766 -0.045329 -0.214081 -0.019238 -0.463393 -0.450509 -0.599654 0.731624 0.482685 -0.167363 0.053490 -0.014801 0.036266 -0.231627 0.105000 -0.239923 -0.064572 -0.023378 -0.140728 -0.312474 -0.236834 -0.004187 0.100672 -0.180664 -0.107450 0.015653 -0.148022 0.424764 0.127451 0.636813 0.532362 0.623995 0.453261 -0.169968 -0.080947 0.015516 -0.111024 0.132667 0.169774 -0.017043 0.084892 -0.358006 -0.121076 -0.209261 -0.312781 -0.431680 -0.278504 0.027306 0.194480 -0.078834 0.010639 0.162710 0.066600 0.160781 -0.059095 -0.233252 0.019415 0.130934 0.078638
-0.373644 -0.334321 0.305548 0.733889 0.176139 0.645593 0.283768 0.043857 0.161394 0.069901 -0.097566 -0.168089 0.019030 0.205167 0.409629 0.322023 -0.450135 -0.331498 -0.224757 0.009730 -0.020513 0.026523 0.800054 1.000000 0.393104 0.809068 0.481709 0.729041 -0.536155 -0.536026 -0.257081 0.001934 -0.441858 -0.391025 -0.092430 -0.069208 -0.368114 -0.309977 0.170907 0.086816 -0.542024 -0.344331 -0.147155 -0.076975 -0.135332 0.183111 -0.319522 -0.174285 -0.213611 -0.043166 0.126370 -0.196690 -0.298241 -0.198894 0.188766 0.050516 -0.231415 -0.133279 -0.121424 -0.082447 -0.017783 -0.371614 -0.454286 -0.667734 0.647030 0.630266 -0.098883 0.349181 -0.143663 0.185712 -0.132383 -0.030465 -0.504945 -0.193700 -0.157846 -0.139067 -0.487409 -0.271667 -0.381717 -0.218335 -0.480127 -0.472752 -0.060851 -0.196487 0.346740 0.327561 0.484322 0.506539 0.481801 0.517549 0.161953 0.181532 0.323649 0.063363 -0.045624 0.079393 -0.150686 -0.024993 -0.376287 -0.154527 -0.083744 -0.234382 -0.385093 -0.224836 0.099426 0.214459 0.058403 0.077143 0.117916 0.014284 0.134973 -0.110485 -0.326982 0.114703 0.211390 0.072661
-0.129552 -0.106215 0.277655 0.430687 0.354580 0.367275 0.278727 0.071869 0.411174 0.270336 -0.087207 -0.134516 -0.025271 0.175263 0.263051 0.296827 -0.056989 0.077708 -0.076769 -0.165392 -0.080674 0.118762 0.567070 0.393104 1.000000 0.596702 0.149131 0.383807 -0.164312 -0.147161 0.110863 0.343726 -0.157262 -0.040945 -0.053072 -0.111718 -0.223039 -0.013478 -0.018630 -0.131709 -0.325725 -0.236499 -0.193976 -0.155650 -0.081450 -0.123127 -0.109884 -0.283812 -0.246510 -0.181287 0.110068 -0.213533 -0.225353 -0.026003 0.102749 0.129147 -0.095684 0.028832 -0.008471 -0.334101 -0.022960 -0.362069 -0.232127 -0.387029 0.435232 0.294147 -0.219846 -0.106369 -0.056922 -0.147196 0.172072 0.304479 -0.047173 0.186326 0.056965 0.186803 0.071294 0.106951 -0.000152 0.168512 -0.123072 -0.137726 -0.124505 -0.156574 0.380181 0.102426 0.188313 0.144452 0.327277 0.175842 -0.268234 -0.153314 0.046808 -0.017192 -0.040055 0.079166 -0.078159 0.081313 -0.140952 -0.096756 0.058765 0.032184 -0.117239 -0.220609 -0.042054 0.065460 -0.190698 -0.139156 0.024842 0.085895 0.019095 0.059942 0.019534 0.032159 -0.041400 -0.044656
-0.350353 -0.240337 0.096550 0.574023 -0.025484 0.614031 -0.027095 -0.157390 0.093819 -0.028008 -0.230029 -0.253686 -0.192043 0.085873 0.366380 0.321292 -0.361192 -0.120411 -0.113559 -0.038763 0.082782 0.224001 0.777137 0.809068 0.596702 1.000000 0.452132 0.813581 -0.414460 -0.453430 -0.148032 0.148392 -0.427076 -0.330186 0.162861 0.038369 -0.218813 -0.129063 0.106122 -0.046071 -0.494692 -0.409923 -0.194476 -0.094992 -0.186276 0.047958 -0.314842 -0.232444 -0.318228 -0.187392 0.086086 -0.266562 -0.347519 -0.286668 0.081045 -0.038233 -0.129840 -0.021196 0.014382 -0.124396 -0.077668 -0.477350 -0.398502 -0.631161 0.587479 0.536878 -0.079303 0.265661 -0.192259 0.123178 -0.010679 0.015478 -0.386460 -0.136880 -0.100409 -0.087164 -0.318665 -0.139135 -0.213613 -0.030155 -0.267844 -0.279725 -0.024236 -0.195978 0.434623 0.237486 0.353130 0.294646 0.382695 0.328640 0.002925 0.091891 0.202796 0.050659 0.137884 0.150519 -0.059795 -0.032370 -0.303843 -0.090946 0.017040 -0.094127 -0.257294 -0.194480 0.150327 0.270877 0.044369 0.024777 0.173235 -0.000771 0.079990 -0.100251 -0.221520 0.070003 0.094100 0.090245
-0.006312 0.044369 0.419730 0.280724 0.189715 0.636035 0.043280 -0.049142 0.193265 -0.155760 -0.072340 -0.175348 0.079545 -0.037917 0.302520 0.180371 -0.101128 -0.095839 -0.293624 -0.141746 0.236768 0.232294 0.524371 0.481709 0.149131 0.452132 1.000000 0.704033 -0.382841 -0.434414 -0.196231 -0.302643 -0.450157 -0.379708 -0.062599 -0.269645 -0.122448 -0.325297 0.422756 0.257725 -0.485187 -0.328469 -0.051076 0.015916 -0.243080 0.000850 -0.337827 -0.306334 0.022804 -0.002532 0.214038 -0.001349 0.008561 -0.246544 0.305577 0.149770 0.172748 0.152078 0.255859 0.111056 0.251350 -0.078327 -0.270121 -0.322755 0.521442 0.386839 -0.060777 0.117239 -0.017924 0.168049 0.100068 -0.149228 -0.415319 -0.278908 -0.291181 -0.109226 -0.290254 -0.478163 -0.104339 -0.064537 -0.220025 -0.179965 -0.114937 -0.238419 0.104361 0.010328 0.296177 0.220093 0.468456 0.426573 0.004997 0.065055 0.167565 0.047498 0.065461 0.058080 -0.149531 -0.092286 -0.387172 0.014904 0.051891 -0.013627 -0.057924 0.101750 0.290710 0.332741 0.146322 0.101981 0.099569 -0.121178 -0.164380 -0.177408 -0.182693 0.038902 0.258862 0.232233
-0.260126 -0.130193 0.207960 0.340767 0.002041 0.630573 -0.023423 -0.222277 0.179841 -0.167562 -0.217147 -0.363901 -0.091792 -0.109385 0.310645 0.048029 -0.349681 -0.103936 -0.234021 -0.249284 0.042645 0.197664 0.784597 0.729041 0.383807 0.813581 0.704033 1.000000 -0.517820 -0.581588 -0.415614 -0.189150 -0.431481 -0.451023 0.078307 -0.142511 -0.331134 -0.152025 0.341618 0.220107 -0.610973 -0.513415 -0.125485 -0.010762 -0.324558 -0.009565 -0.342884 -0.175652 -0.176786 -0.152966 0.135493 -0.145272 -0.271557 -0.303537 0.216875 0.151148 0.029577 0.109376 0.189549 0.040290 0.141870 -0.353353 -0.504011 -0.667161 0.721715 0.565439 -0.099324 0.230063 -0.178582 0.177765 -0.092247 0.011077 -0.516180 -0.305952 -0.264287 -0.202157 -0.415567 -0.286495 -0.170637 0.044648 -0.358459 -0.343900 -0.162090 -0.429743 0.238206 0.010691 0.456782 0.279768 0.586890 0.424274 0.039741 0.130647 0.241115 0.119409 0.195241 0.243589 0.068476 0.122514 -0.311236 0.110666 0.107774 -0.042614 -0.213932 0.013248 0.390922 0.480684 0.164684 0.109606 0.275947 0.134291 0.094211 0.012429 -0.098959 0.148777 0.328903 0.246033
0.335288 0.033237 -0.141921 -0.311128 -0.085012 -0.554844 -0.044444 -0.221633 -0.081909 0.031739 0.434689 0.569020 0.181048 0.180159 0.224224 0.178703 0.662153 0.641491 0.416070 0.328633 -0.071682 0.109251 -0.315843 -0.536155 -0.164312 -0.414460 -0.382841 -0.517820 1.000000 0.906821 0.699759 0.539673 0.596278 0.736488 0.190328 0.294516 0.506640 0.285637 -0.043925 -0.191273 0.736465 0.601468 -0.203838 -0.305979 0.077478 -0.449410 0.285307 -0.052420 -0.173639 -0.346506 -0.403282 -0.160920 0.038733 -0.168674 -0.042177 -0.183593 -0.040825 -0.002554 -0.148622 -0.365265 0.017328 0.060243 0.617312 0.557741 -0.395256 -0.521542 0.003955 -0.483542 0.365052 -0.306985 -0.010491 0.229233 0.901929 0.382033 0.542033 0.030327 0.600430 0.336543 0.573675 0.410322 0.711367 0.772917 0.462698 0.639887 0.048533 -0.114039 -0.334747 -0.273190 -0.425163 -0.595253 -0.509737 -0.566592 -0.696945 -0.560663 -0.038511 -0.324686 0.054120 -0.254316 -0.123060 -0.361098 -0.581282 -0.401451 -0.307526 -0.386831 -0.601192 -0.549891 -0.542327 -0.359157 -0.380399 -0.258823 -0.132689 -0.244537 -0.121160 -0.407306 -0.426022 -0.355733
0.367587 0.053288 -0.165322 -0.183668 -0.123167 -0.509530 0.027756 -0.093552 -0.063789 0.107013 0.458396 0.616094 0.197590 0.265431 0.121078 0.222322 0.681404 0.718055 0.257824 0.224228 -0.208976 -0.024748 -0.326227 -0.536026 -0.147161 -0.453430 -0.434414 -0.581588 0.906821 1.000000 0.630816 0.581670 0.588085 0.743840 0.173596 0.314451 0.433642 0.383107 -0.125987 -0.138310 0.649823 0.579626 -0.075215 -0.262197 0.152151 -0.441115 0.445153 0.041304 -0.227683 -0.333165 -0.408291 -0.216080 0.048599 -0.010089 -0.117457 -0.098329 -0.033523 0.054412 -0.260532 -0.501464 -0.053940 0.111168 0.548691 0.584752 -0.376176 -0.451580 -0.142623 -0.575800 0.245699 -0.441256 -0.111779 0.218126 0.884951 0.434197 0.537135 0.014697 0.625637 0.362664 0.609556 0.456817 0.722037 0.791254 0.341631 0.663441 0.124580 -0.061603 -0.284611 -0.138425 -0.405995 -0.546658 -0.525046 -0.629963 -0.665448 -0.591896 -0.119865 -0.252273 0.102355 -0.178340 0.039060 -0.292516 -0.555956 -0.438439 -0.328199 -0.457363 -0.635968 -0.576929 -0.590871 -0.371413 -0.354927 -0.171584 -0.006347 -0.078581 -0.033236 -0.318928 -0.406565 -0.371731
0.114818 -0.157804 0.036516 -0.001954 -0.046883 -0.267312 -0.062835 -0.074726 -0.169757 0.000981 0.175358 0.420565 0.022368 0.192512 0.241176 0.329691 0.455812 0.373342 0.239876 0.319043 0.116751 0.155047 -0.113941 -0.257081 0.110863 -0.148032 -0.196231 -0.415614 0.699759 0.630816 1.000000 0.707370 0.318177 0.582236 0.009231 0.291950 0.371142 0.008017 -0.085863 -0.349942 0.438552 0.430898 -0.152159 -0.174587 0.396557 -0.070865 0.257276 -0.077648 0.011307 -0.041426 -0.095375 0.044412 -0.098644 -0.105415 0.124578 -0.023491 -0.063989 -0.173644 -0.101460 -0.229060 -0.199989 -0.082884 0.343869 0.293725 -0.359324 -0.309385 0.167465 -0.225791 0.205115 -0.252929 0.093723 0.145818 0.642243 0.322237 0.455296 -0.113857 0.382352 0.223286 0.423893 0.266728 0.470193 0.572045 0.395746 0.567774 0.079515 0.071990 -0.239878 -0.076422 -0.340441 -0.413236 -0.519307 -0.482024 -0.687277 -0.538165 -0.130151 -0.470876 -0.073206 -0.370959 -0.220388 -0.503417 -0.510816 -0.438763 -0.270931 -0.382543 -0.631294 -0.609924 -0.429710 -0.271934 -0.420322 -0.411276 -0.133730 -0.417314 -0.354057 -0.613805 -0.661196 -0.521136
-0.103957 -0.358244 -0.027072 0.222618 -0.123689 -0.191477 -0.005062 -0.051937 -0.076039 0.066345 0.236581 0.403838 -0.030352 0.312919 0.295519 0.449083 0.332320 0.367191 0.174798 0.175631 -0.176871 -0.088034 0.095050 0.001934 0.343726 0.148392 -0.302643 -0.189150 0.539673 0.581670 0.707370 1.000000 0.276142 0.494957 0.017665 0.278667 0.218186 0.247472 -0.298381 -0.362713 0.213168 0.266288 -0.051714 -0.202913 0.326602 -0.163156 0.358331 -0.032003 -0.157209 -0.266583 -0.074247 -0.115030 -0.144756 -0.087207 0.005404 -0.104483 -0.224633 -0.169005 -0.146138 -0.428738 -0.178790 -0.232803 0.284348 0.100275 -0.114595 -0.058133 0.046176 -0.187775 0.010829 -0.375711 0.036034 0.272773 0.595972 0.526101 0.548539 -0.021175 0.402446 0.391053 0.374336 0.433219 0.381720 0.473449 0.234022 0.437727 0.365766 0.181330 -0.195226 0.031817 -0.254971 -0.361374 -0.522839 -0.550466 -0.549127 -0.561356 -0.168928 -0.182982 0.044509 -0.164111 -0.170003 -0.466224 -0.412100 -0.473990 -0.355433 -0.604726 -0.538816 -0.521031 -0.528187 -0.291517 -0.262415 -0.127932 0.104270 -0.155260 -0.215644 -0.406609 -0.445371 -0.434999
0.336395 0.117590 -0.067427 -0.365862 -0.096776 -0.482360 0.085838 0.001283 -0.025850 -0.041303 0.291300 0.250480 0.165449 0.043942 -0.045918 -0.173429 0.306828 0.428451 0.548848 0.228057 -0.246217 -0.111245 -0.303092 -0.441858 -0.157262 -0.427076 -0.450157 -0.431481 0.596278 0.588085 0.318177 0.276142 1.000000 0.866678 0.416516 0.266562 0.272975 -0.005154 0.058738 -0.131534 0.483430 0.551442 -0.034373 -0.146744 0.018046 -0.394575 0.212059 -0.189054 -0.158507 -0.280232 -0.257573 -0.010923 0.038670 -0.004375 -0.114119 -0.080788 -0.094816 0.126581 -0.236194 -0.366838 0.063496 0.171329 0.399289 0.307758 -0.252650 -0.354078 -0.048810 -0.413380 0.194162 -0.445778 -0.194780 -0.000899 0.622813 0.350032 0.535798 0.012875 0.487665 0.095226 0.349526 0.237939 0.348315 0.317031 0.165717 0.197749 0.017121 -0.187294 -0.225146 -0.283378 -0.252567 -0.454426 -0.459388 -0.425409 -0.454319 -0.267398 -0.059277 -0.245047 0.055088 -0.239603 0.084631 -0.132776 -0.293878 -0.094244 -0.074570 -0.267022 -0.318321 -0.240573 -0.418963 -0.367649 -0.258017 -0.160054 -0.218780 -0.156180 0.074556 -0.015956 -0.102669 -0.088920
0.336297 0.051987 -0.042313 -0.177871 -0.070503 -0.390951 0.084338 0.032448 -0.014646 0.068819 0.366658 0.426643 0.162489 0.216651 0.117791 0.122215 0.400516 0.560963 0.477078 0.371020 -0.201545 -0.024189 -0.248684 -0.391025 -0.040945 -0.330186 -0.379708 -0.451023 0.736488 0.743840 0.582236 0.494957 0.866678 1.000000 0.423942 0.479736 0.326997 0.001815 -0.005364 -0.294536 0.533518 0.579816 -0.038282 -0.161935 0.217154 -0.325678 0.290740 -0.180482 -0.208849 -0.231369 -0.280660 -0.084854 -0.027721 -0.052037 -0.034672 -0.097861 -0.071574 0.105085 -0.265708 -0.479983 0.005247 0.149962 0.429163 0.323426 -0.275223 -0.270483 -0.052364 -0.428156 0.252082 -0.446070 -0.191177 0.022220 0.713980 0.343066 0.582279 -0.084145 0.539909 0.151833 0.432018 0.414002 0.444339 0.457822 0.263488 0.396232 0.208139 -0.015516 -0.214437 -0.133657 -0.293886 -0.445030 -0.605433 -0.645657 -0.649537 -0.536260 -0.207275 -0.477204 -0.110839 -0.473475 -0.136871 -0.434471 -0.491135 -0.331427 -0.285712 -0.483097 -0.580739 -0.515832 -0.598221 -0.445306 -0.442426 -0.420889 -0.251640 -0.371711 -0.187895 -0.292029 -0.338963 -0.347193
0.075368 0.137599 -0.337498 -0.170751 -0.343021 -0.128895 -0.314716 -0.269962 -0.247072 -0.212935 -0.154728 -0.131719 -0.295957 -0.112166 -0.011929 -0.154995 -0.203233 0.319860 0.266623 0.066769 0.055567 0.191187 -0.014289 -0.092430 -0.053072 0.162861 -0.062599 0.078307 0.190328 0.173596 0.009231 0.017665 0.416516 0.423942 1.000000 0.592251 0.268153 -0.044961 0.147414 -0.067267 0.291795 0.135631 -0.018368 0.146440 -0.102088 -0.126840 0.030240 -0.170967 -0.356426 -0.229062 -0.252601 -0.284188 -0.119199 -0.204302 -0.187747 -0.165128 0.115994 0.217186 -0.091783 -0.262061 -0.101608 -0.044679 0.017137 -0.108316 -0.026707 0.060771 -0.008299 -0.114942 -0.027152 -0.243097 -0.302590 -0.289012 0.135956 -0.132833 0.142151 -0.080018 0.256012 -0.115960 0.184442 0.165370 0.259562 0.163143 0.254741 0.054919 0.282994 0.116353 -0.064218 -0.180468 -0.074289 -0.298563 -0.248389 -0.185341 -0.164693 -0.114037 0.271025 -0.227560 0.064627 -0.380437 0.050875 -0.047611 -0.106354 0.022441 -0.070651 -0.123376 -0.151053 -0.072274 -0.134275 -0.173230 -0.200636 -0.373955 -0.310058 -0.333080 -0.124363 0.017494 -0.115972 -0.032817
0.017440 -0.131915 -0.210982 0.047910 -0.506218 -0.227297 -0.142278 -0.172417 -0.327016 -0.232599 0.028881 0.118181 -0.382261 -0.061371 -0.103425 -0.071184 -0.069468 0.390723 0.264123 0.217112 -0.062917 -0.024717 -0.089794 -0.069208 -0.111718 0.038369 -0.269645 -0.142511 0.294516 0.314451 0.291950 0.278667 0.266562 0.479736 0.592251 1.000000 0.243448 0.038226 -0.048613 -0.329122 0.459549 0.116134 0.123706 0.314430 0.285293 0.114051 0.181279 0.084041 -0.212735 -0.055424 -0.188979 -0.154531 -0.161777 -0.126180 -0.167298 -0.203718 0.032782 -0.003967 -0.026671 -0.312593 -0.093356 -0.026521 0.034722 -0.033783 -0.115089 0.171198 0.180473 0.056874 -0.041041 -0.242918 -0.337999 -0.101896 0.246017 -0.175525 0.127226 -0.194522 0.319078 0.258582 0.104835 0.315092 0.187685 0.214030 0.365187 0.220868 0.232262 0.208055 -0.076941 0.088780 -0.195159 -0.313287 -0.327506 -0.443704 -0.407236 -0.481887 -0.096954 -0.463203 -0.030136 -0.451879 -0.084264 -0.451935 -0.377599 -0.357707 -0.383116 -0.380343 -0.538546 -0.482050 -0.304102 -0.162474 -0.294954 -0.430775 -0.039028 -0.452590 -0.495603 -0.422485 -0.445915 -0.454598
