1.000000 0.262892 0.334983 -0.065300 0.200885 0.047783 0.181214 -0.237332 0.019687 0.158514 0.317714 -0.025210 -0.098105 -0.037518 -0.031237 0.410402 -0.035563 0.183283 0.501596 0.090482 0.114407 0.021508 0.069128 -0.068013 0.046094 -0.002200 0.213667 0.219405 -0.051329 0.014605 0.088258 -0.021000 -0.024948 -0.109170 0.099187 0.116322 -0.328272 0.092998 -0.155621 -0.260067 0.042617 0.042364 -0.022601 0.047129 -0.189032 -0.260075 -0.021778 -0.038063 -0.135765 -0.037176 -0.082142 -0.223901 0.082296 -0.237958 -0.294349 -0.014953 0.672812 0.034994 0.243175 -0.335682 0.345542 0.010519 -0.052990 -0.011216 0.221279 -0.093717 -0.256340 -0.243817 0.164981 -0.138567 0.386045 0.187440 0.104465 0.311726 0.148238 0.404607 0.338321 0.196387 -0.149068 0.106630 -0.243450 -0.128005 -0.016801 0.071717 0.128035 0.089322 -0.018510 0.023525 -0.007389 0.143293 -0.341715 0.097254 -0.509442 0.081151 -0.082862 -0.070248 -0.105660 -0.114781 -0.189228 0.333833 -0.432847 0.014290 -0.335628 -0.000367 -0.428823 -0.291073 -0.024402 -0.144529 -0.035011 -0.280153 -0.028058 -0.108680 0.033606 -0.014516 0.178530 -0.203201
0.262892 1.000000 0.081842 0.290408 0.236361 -0.149394 0.190720 0.266158 0.245856 0.299052 0.163869 0.333219 0.290646 0.468604 0.162199 0.280678 0.106095 0.315721 0.169876 0.517297 -0.192029 -0.173393 -0.200868 -0.220866 0.120730 -0.114632 -0.133749 -0.251274 0.362106 0.124652 -0.015220 -0.177670 0.134775 0.164857 -0.063635 0.004537 -0.048486 -0.426415 -0.198345 -0.375421 0.261853 0.250444 -0.221647 -0.184635 -0.227964 -0.308336 -0.228336 -0.493590 -0.151484 0.154438 -0.343123 -0.174127 0.203812 -0.466608 0.065020 -0.344853 0.245198 0.277730 0.119545 0.104644 -0.005555 0.351999 0.275952 0.342488 -0.191343 -0.179409 -0.314416 -0.481918 0.191407 0.047175 -0.249725 -0.135667 0.106600 0.095625 -0.018707 0.291879 0.051305 0.017710 -0.182382 0.023098 0.134326 0.190958 0.002618 0.173024 -0.176883 -0.031025 -0.017089 0.079940 -0.150537 0.000271 0.188428 -0.024395 -0.059305 0.048411 0.421228 0.221316 -0.408988 -0.096731 -0.121234 0.104445 0.064520 0.168217 0.059500 0.011161 -0.033885 -0.255151 0.124310 -0.358338 0.035549 -0.414862 -0.456055 -0.145468 0.270487 0.279785 0.265727 0.402717
0.334983 0.081842 1.000000 0.013885 0.196830 -0.122106 0.648825 0.003600 0.243043 0.070773 0.411249 -0.214370 0.410310 -0.092412 0.235778 0.203489 0.044451 -0.340555 0.478300 0.137948 -0.110359 -0.175619 0.381093 0.000045 0.150889 -0.210561 0.136274 0.158489 -0.253944 -0.421447 -0.316637 -0.542266 0.019098 -0.284015 0.017428 0.065784 -0.298469 -0.136696 -0.131902 -0.225991 -0.224465 -0.081024 -0.309091 -0.254219 -0.321041 -0.288730 -0.338744 -0.026337 -0.029752 -0.124077 0.110803 0.031395 0.158845 -0.101436 0.169170 0.171174 0.017177 -0.037993 0.280513 -0.037603 0.449440 0.135735 -0.016503 -0.046422 0.343256 0.074857 -0.046020 0.015420 0.180212 0.007967 -0.084925 -0.174157 -0.222615 -0.156520 -0.059354 0.005666 -0.082699 -0.085711 -0.142185 -0.208379 -0.321489 -0.280485 0.190702 -0.324729 0.214930 -0.069872 0.045616 0.284908 0.250809 0.450914 0.107586 0.305665 -0.276753 0.264046 -0.114944 0.012707 -0.024033 0.177742 0.047402 0.055473 -0.330732 -0.030628 -0.185335 -0.143569 -0.301799 -0.448831 -0.237352 -0.163994 -0.066584 -0.086667 0.247784 -0.065112 0.108465 -0.249056 -0.129259 0.040339
-0.065300 0.290408 0.013885 1.000000 -0.004757 0.090710 0.080441 0.621038 0.058458 0.141548 -0.164446 0.201920 0.060390 0.103397 0.083067 0.109078 -0.116506 -0.078838 0.049330 0.379669 0.014718 0.151014 0.181988 0.470191 0.200691 0.283705 0.021172 0.082490 0.129823 -0.176220 -0.128340 0.139493 0.086063 0.053488 0.246799 -0.243883 -0.036242 -0.406848 -0.204757 -0.019091 0.014419 0.200370 0.032208 -0.042306 -0.316347 -0.084921 -0.097784 -0.306097 -0.299882 -0.208257 -0.005495 -0.199742 0.053834 -0.176787 -0.059421 -0.359713 -0.062883 -0.072149 -0.571649 -0.204772 -0.337283 0.076043 0.139575 -0.037858 -0.081394 0.241610 -0.525372 -0.167563 -0.045224 -0.054030 -0.051047 -0.152639 -0.282219 -0.222089 -0.154143 -0.043445 -0.189599 -0.174453 -0.029933 -0.114009 0.315083 0.067175 -0.089370 0.255713 0.170487 0.369510 -0.046097 0.054468 0.268802 0.173979 0.199025 -0.090975 0.214476 -0.061050 0.205750 0.046522 -0.396716 -0.213365 -0.191062 -0.280881 -0.197940 0.030643 -0.271091 -0.254934 -0.252806 -0.157478 -0.162449 -0.266818 -0.092580 -0.105830 -0.331911 -0.230514 -0.177482 -0.093964 0.310476 0.196254
0.200885 0.236361 0.196830 -0.004757 1.000000 0.328224 -0.013002 -0.111846 0.798631 0.785020 0.323163 0.174517 0.189801 0.377383 0.715256 0.665442 -0.368755 -0.210955 0.269726 0.192293 -0.401156 -0.334262 0.055216 -0.313845 0.788065 0.169671 0.209061 0.028475 0.412084 -0.191907 0.143755 -0.187700 -0.140952 -0.371197 -0.115008 -0.219825 0.165998 -0.019154 0.008550 -0.484510 0.403425 -0.182503 -0.196543 -0.143246 -0.140754 -0.009929 -0.235263 -0.412277 0.109085 0.152744 0.087492 0.021517 -0.035177 -0.267040 0.150790 -0.135744 -0.000970 -0.167587 0.242733 0.255959 0.218882 0.253097 0.012600 -0.032234 0.209760 0.188291 -0.151853 -0.157436 0.176128 -0.119965 -0.180556 -0.265369 0.037334 -0.149949 -0.149935 -0.073397 -0.119594 -0.310209 -0.476721 -0.393629 -0.051509 -0.136005 0.416773 0.019879 0.066471 0.155768 0.503729 0.373166 0.206819 -0.000212 0.154454 0.133923 -0.026228 0.199055 0.420789 0.415364 -0.173256 0.457539 -0.003501 0.448766 -0.035567 0.301259 -0.089614 0.208349 -0.223318 -0.152794 0.092047 -0.329491 0.336938 -0.044239 -0.254534 0.025664 0.339306 0.113885 -0.027647 0.212958
0.047783 -0.149394 -0.122106 0.090710 0.328224 1.000000 -0.260107 0.061039 0.084155 0.463314 -0.038758 -0.096238 -0.086123 0.039406 0.125863 0.349370 -0.317305 -0.366698 0.005273 -0.037307 0.080171 0.159630 0.024044 -0.136300 0.405478 0.554229 0.548559 0.520808 -0.030533 -0.301754 -0.053079 0.148861 -0.148689 -0.191679 0.223278 -0.096054 0.123632 0.108217 0.055366 0.091556 0.022045 -0.126017 0.038116 0.048742 -0.204669 0.117731 -0.056865 -0.066237 -0.172324 -0.184246 0.180573 0.162227 -0.106545 0.064941 -0.132142 0.064722 -0.153232 -0.243886 -0.079315 -0.096537 -0.160941 0.155073 -0.459205 -0.391238 0.322166 0.322499 -0.015470 0.167093 0.124399 0.036073 0.027758 -0.199056 -0.224675 -0.272166 -0.125405 -0.329961 -0.201339 -0.344964 -0.168597 -0.296070 -0.035665 -0.149473 -0.171151 -0.064032 0.258434 0.142853 0.054271 -0.121788 0.167202 0.064576 0.155189 0.108266 0.338108 0.158410 0.369537 0.144289 0.053590 0.217913 -0.030223 0.254097 -0.197889 -0.015571 -0.315531 0.250890 -0.082781 0.135382 -0.160685 -0.263932 0.310730 0.136452 -0.013506 0.169865 0.240485 0.118579 0.228696 -0.015269
0.181214 0.190720 0.648825 0.080441 -0.013002 -0.260107 1.000000 0.370781 0.004140 0.014502 0.182421 0.103089 0.507505 0.237510 0.011764 0.016781 0.235586 -0.007259 0.293782 0.147835 -0.039750 -0.315184 0.290164 0.067658 -0.177053 -0.427640 -0.077002 -0.267167 -0.155094 0.144055 -0.156125 -0.424838 0.254627 -0.042951 0.001333 -0.065811 -0.393128 0.022517 -0.203730 -0.268037 -0.031281 0.000997 -0.116199 -0.108952 -0.209785 -0.260731 -0.210678 0.131231 -0.073063 -0.019968 -0.134363 -0.125918 0.147326 0.000494 0.002585 0.062265 0.041900 0.117055 0.157779 -0.049150 0.262798 0.126719 0.236760 0.312939 0.072313 -0.215265 -0.152980 -0.268050 -0.037277 -0.124634 -0.093169 -0.144000 -0.132216 0.139939 0.245624 0.257378 0.127711 0.045092 -0.115601 0.097400 -0.349933 -0.027502 0.164631 -0.159406 0.053860 -0.246449 0.024547 0.089757 0.098242 0.161865 0.035389 -0.006731 -0.245010 -0.033331 -0.289534 -0.000645 -0.083799 0.121921 0.095322 -0.004524 -0.133519 -0.056427 -0.032176 -0.380449 -0.222198 -0.469650 -0.203572 0.098800 -0.213311 -0.032658 0.194696 0.189515 0.022598 -0.340325 -0.305302 0.106845
-0.237332 0.266158 0.003600 0.621038 -0.111846 0.061039 0.370781 1.000000 -0.111892 0.088338 -0.087827 0.361561 0.339168 0.438471 -0.205889 -0.129171 0.085128 0.067504 -0.210362 0.233850 -0.078879 -0.086678 -0.170966 0.148383 -0.102013 0.049333 -0.223891 -0.218759 -0.011892 0.152658 -0.071491 0.039292 0.233306 0.187485 0.204650 -0.015203 -0.247238 -0.190778 -0.381752 -0.200753 0.049607 0.242111 0.008971 -0.024247 -0.304422 -0.047593 -0.071709 -0.066216 -0.259256 -0.223961 -0.334574 -0.031482 -0.010545 -0.058463 -0.126553 -0.222048 -0.216120 -0.089848 -0.314331 -0.186679 -0.263381 0.393328 0.124963 0.175458 -0.265159 0.096073 -0.276629 -0.015351 -0.199071 0.065166 -0.119446 -0.105296 -0.220937 0.055818 0.050807 0.169989 0.024250 0.012908 -0.153440 0.067781 0.099366 0.086254 -0.268295 0.054473 -0.121297 -0.018994 -0.209976 -0.121918 -0.133412 0.147040 0.190782 -0.214794 0.351288 -0.015564 0.124880 -0.030416 -0.329005 -0.165537 -0.154651 -0.291434 0.051156 0.039174 -0.083237 -0.252786 -0.078320 -0.214721 -0.166062 -0.131808 -0.163787 -0.117866 -0.121731 -0.016264 -0.008305 -0.030533 0.099043 0.201185
0.019687 0.245856 0.243043 0.058458 0.798631 0.084155 0.004140 -0.111892 1.000000 0.629685 0.251647 0.210230 0.188721 0.330441 0.866622 0.525112 -0.243895 -0.234727 0.206846 0.168192 -0.303929 -0.439812 0.145157 -0.238826 0.679448 0.018473 0.018535 -0.030474 0.284708 -0.281229 0.098952 -0.260882 -0.234745 -0.396397 -0.239234 -0.164819 0.155002 -0.280814 0.063033 -0.419802 0.283191 -0.187198 -0.272893 -0.174780 0.008802 0.011098 -0.223862 -0.488289 0.251172 0.200879 0.147005 0.025911 -0.030330 -0.292195 0.351165 -0.179383 -0.111451 -0.125805 0.259558 0.444595 0.283264 0.263100 0.055794 0.000172 0.258610 0.309458 -0.070431 -0.073617 0.079794 -0.175161 -0.252481 -0.224130 0.010841 -0.207824 -0.200872 -0.017853 -0.166538 -0.240290 -0.398394 -0.401217 -0.112480 -0.280915 0.610892 0.023016 0.023617 0.161888 0.679306 0.566920 0.361889 0.160063 0.247067 0.073200 0.055026 0.121516 0.281815 0.257136 -0.326096 0.285168 0.012366 0.223241 0.193906 0.201224 0.154364 0.148148 -0.020386 -0.094627 0.225855 -0.240606 0.237873 -0.133432 -0.354978 -0.234049 0.204092 0.060864 -0.150984 0.215225
0.158514 0.299052 0.070773 0.141548 0.785020 0.463314 0.014502 0.088338 0.629685 1.000000 0.077858 0.277057 0.085052 0.500328 0.531724 0.704992 -0.314500 -0.153835 0.248724 0.193782 -0.361182 -0.416023 0.061353 -0.121409 0.807302 0.390885 0.066277 0.087019 0.336115 -0.050226 0.109201 -0.008046 -0.089467 -0.160684 0.059471 -0.119969 0.097538 -0.057038 -0.153062 -0.507417 0.415859 -0.052305 -0.188392 -0.048623 -0.205131 0.001020 -0.191515 -0.402482 -0.111477 -0.073106 -0.027656 -0.083395 -0.169088 -0.261855 -0.069235 -0.147097 -0.062256 -0.221230 0.074116 -0.025244 0.075401 0.329477 -0.134469 -0.131072 0.228525 0.213390 -0.321501 -0.141217 0.024537 -0.220523 -0.151817 -0.212235 -0.022695 0.014903 0.013486 -0.005104 0.004614 -0.205771 -0.368994 -0.221362 -0.130973 -0.101813 0.249338 0.129692 0.164218 0.171734 0.375168 0.135439 0.100744 -0.030796 0.013993 0.036598 0.128942 0.149308 0.450363 0.343425 -0.346026 0.300575 -0.200199 0.417533 0.063022 0.168294 -0.054008 0.095836 -0.119813 -0.077667 0.031401 -0.369688 0.172894 -0.191670 -0.349714 -0.026360 0.328960 0.289924 0.059186 0.152010
0.317714 0.163869 0.411249 -0.164446 0.323163 -0.038758 0.182421 -0.087827 0.251647 0.077858 1.000000 0.327143 0.620769 0.327224 0.276464 0.314916 0.059940 -0.048043 0.075650 -0.047131 -0.244047 -0.317594 -0.092553 -0.236138 0.092823 -0.129666 0.010342 0.071286 0.118120 -0.123133 0.210944 -0.119412 -0.101358 -0.274818 -0.225018 0.013748 -0.092936 0.013770 -0.185778 -0.414632 0.123973 -0.150772 -0.358312 -0.254958 -0.259362 -0.407548 -0.325104 -0.070579 0.312552 0.152425 0.164492 0.195879 0.213543 -0.241439 0.337957 -0.062188 0.021426 -0.273271 0.452273 0.199575 0.475722 0.261988 0.133586 0.156762 0.157778 0.192448 -0.111075 -0.120621 -0.039793 0.024305 -0.088260 -0.104337 0.056655 0.093436 -0.146902 0.200295 0.043389 -0.013261 -0.396260 -0.010421 -0.112817 -0.009274 0.233831 -0.158481 -0.159440 -0.108454 0.123161 0.259791 -0.072926 0.109829 0.125356 0.361723 0.029767 0.407750 0.046607 -0.058158 -0.036194 0.234673 0.102567 0.309240 -0.020124 0.252829 0.038477 -0.013302 -0.148917 -0.305259 0.111542 -0.135071 0.098896 -0.226448 -0.006531 0.042631 0.279312 0.052103 -0.219428 0.126696
-0.025210 0.333219 -0.214370 0.201920 0.174517 -0.096238 0.103089 0.361561 0.210230 0.277057 0.327143 1.000000 0.407978 0.733924 0.234679 0.291973 0.012319 0.218823 -0.298216 -0.156795 -0.254639 -0.353858 -0.184711 0.051489 0.084408 -0.019218 -0.383171 -0.188659 0.453302 0.316443 0.336549 0.238125 0.189847 0.115866 -0.131682 -0.084934 0.019218 -0.041918 -0.225323 -0.436785 0.484890 0.094244 0.005483 0.098756 0.050380 -0.031802 0.004933 -0.233995 0.145745 0.240010 -0.110069 0.095697 -0.029198 -0.187809 0.093421 -0.134426 -0.236942 -0.391649 0.076854 0.160286 -0.002141 0.435385 0.188954 0.202877 -0.156681 0.239603 -0.400450 -0.323466 -0.582896 -0.478007 -0.180179 0.051312 0.126649 0.098548 0.130046 0.378947 0.010634 0.005956 -0.257191 0.038068 0.120191 0.076907 0.245915 0.258461 -0.148728 0.106784 0.235297 0.077763 -0.279412 -0.069000 -0.147034 -0.198511 0.264637 -0.083776 0.199046 0.049279 -0.362738 -0.030481 -0.198163 0.157574 0.271089 -0.001411 0.097207 -0.252237 0.071937 -0.099019 0.303878 -0.198516 -0.005350 -0.266704 -0.477960 -0.029919 0.158933 0.227300 -0.085913 0.131357
-0.098105 0.290646 0.410310 0.060390 0.189801 -0.086123 0.507505 0.339168 0.188721 0.085052 0.620769 0.407978 1.000000 0.522031 0.203238 0.048924 0.221609 -0.138074 -0.110291 0.064308 -0.237746 -0.384304 -0.062956 -0.169649 -0.030682 -0.298781 -0.136331 -0.135865 0.108554 -0.035939 -0.056713 -0.319569 -0.034862 -0.200647 -0.229150 -0.110058 -0.146087 -0.180303 -0.238632 -0.305820 0.167306 -0.083955 -0.374021 -0.308142 -0.204398 -0.235609 -0.470131 -0.095079 0.248705 0.197028 0.082568 0.320251 0.258867 -0.132362 0.412620 -0.063103 -0.266102 -0.055422 0.289407 0.303751 0.315512 0.344849 0.256189 0.353206 -0.014317 0.102724 -0.010151 -0.099288 -0.060908 0.057716 -0.308205 -0.340599 -0.043435 -0.087227 0.007328 0.023012 -0.184796 -0.234753 -0.227282 -0.140759 -0.026428 0.124417 0.107427 -0.284302 -0.144572 -0.108152 0.024247 0.112125 -0.086537 0.109059 0.290203 0.159987 0.134811 0.268918 0.047958 0.012250 -0.095243 0.191197 0.130427 0.040493 0.108545 0.224719 0.164154 -0.151656 0.060348 -0.289098 -0.023901 -0.068966 0.028489 -0.084893 0.009704 0.171081 0.248804 -0.038744 -0.229468 0.377643
-0.037518 0.468604 -0.092412 0.103397 0.377383 0.039406 0.237510 0.438471 0.330441 0.500328 0.327224 0.733924 0.522031 1.000000 0.184125 0.244657 0.014857 0.126208 -0.040369 0.133936 -0.338906 -0.577666 -0.407621 -0.296116 0.185059 -0.121015 -0.384880 -0.339483 0.363207 0.372843 0.345605 0.071225 0.028733 -0.043487 -0.282598 -0.096241 -0.099651 -0.093495 -0.326365 -0.587220 0.435953 0.040404 -0.209052 -0.022091 0.019778 -0.010539 -0.314795 -0.281388 0.256888 0.210760 -0.119310 0.203036 -0.017464 -0.258903 0.185836 -0.156773 -0.187654 -0.203852 0.276521 0.265644 0.121389 0.588539 0.241433 0.434868 -0.183213 0.098270 -0.241560 -0.182230 -0.297706 -0.192519 -0.245755 -0.207259 0.072878 0.222533 0.195843 0.358452 0.022893 -0.064357 -0.471185 -0.029433 -0.148217 0.053308 0.105907 0.130197 -0.399540 -0.099311 0.237483 0.091167 -0.271291 -0.054932 0.116000 0.058037 0.214919 0.251477 0.243489 0.208724 -0.360128 0.172988 -0.081615 0.298544 0.422112 0.272976 0.294989 -0.050833 0.119873 -0.287088 0.342386 -0.206655 0.001929 -0.255333 -0.316786 0.092445 0.408376 0.420398 -0.106932 0.261644
-0.031237 0.162199 0.235778 0.083067 0.715256 0.125863 0.011764 -0.205889 0.866622 0.531724 0.276464 0.234679 0.203238 0.184125 1.000000 0.596939 -0.321210 -0.316594 0.124369 0.080365 -0.225154 -0.328044 0.440505 0.017786 0.684279 0.143700 0.193366 0.123391 0.371153 -0.362944 0.001487 -0.250662 -0.153149 -0.357520 -0.160398 -0.310365 0.376784 -0.184726 0.240721 -0.281397 0.310638 -0.179925 -0.164314 -0.169245 -0.055779 0.013902 -0.098321 -0.430217 0.145622 0.203520 0.237154 -0.056009 -0.004879 -0.160026 0.377795 -0.136034 -0.193947 -0.118842 0.125074 0.412014 0.181639 0.082298 0.033579 -0.106081 0.406626 0.344909 -0.204826 -0.240906 0.002552 -0.347747 -0.329218 -0.314827 0.048139 -0.406595 -0.237053 -0.111511 -0.300415 -0.382969 -0.382094 -0.452064 -0.011103 -0.154673 0.777569 0.046632 0.288925 0.272478 0.739466 0.561192 0.523086 0.058707 0.223070 0.042877 0.130813 0.002019 0.306571 0.292516 -0.224931 0.364758 0.140713 0.237889 0.069043 0.024141 0.043879 -0.036686 -0.078082 -0.078909 0.117734 -0.283879 0.342917 -0.028046 -0.362884 -0.065761 0.194430 -0.048368 -0.195589 0.155679
0.410402 0.280678 0.203489 0.109078 0.665442 0.349370 0.016781 -0.129171 0.525112 0.704992 0.314916 0.291973 0.048924 0.244657 0.596939 1.000000 -0.133550 -0.206106 0.343250 0.048413 -0.160709 -0.233012 0.279087 0.016210 0.676146 0.279028 0.278169 0.248105 0.293715 -0.166814 -0.018643 -0.075744 -0.275260 -0.359772 -0.135520 -0.076831 0.049029 0.065541 -0.063028 -0.351481 0.439476 0.133987 -0.023579 0.040427 -0.132872 -0.095393 -0.102521 -0.369188 0.069396 0.053271 0.219400 -0.088719 0.000673 -0.302497 0.032022 0.097341 0.132606 -0.242395 0.264594 -0.073653 0.254121 0.159674 -0.160846 -0.095155 0.410901 0.298755 -0.430006 -0.293386 -0.010197 -0.342423 -0.190179 -0.212396 0.017256 -0.130199 -0.040240 0.117397 -0.150302 -0.195535 -0.341763 -0.221797 -0.033352 0.020738 0.432039 0.354695 0.429206 0.325962 0.373037 0.357178 0.227686 0.243626 -0.089789 0.097064 -0.015944 0.094717 0.352834 0.260281 -0.314162 0.271231 -0.161943 0.541589 -0.146218 0.054074 -0.142650 0.022611 -0.153962 -0.142620 0.079992 -0.400995 0.160051 -0.395209 -0.423622 -0.137096 0.325857 0.167396 0.037873 0.022614
-0.035563 0.106095 0.044451 -0.116506 -0.368755 -0.317305 0.235586 0.085128 -0.243895 -0.314500 0.059940 0.012319 0.221609 0.014857 -0.321210 -0.133550 1.000000 0.176633 0.108689 0.146409 0.159314 -0.128198 -0.167651 -0.081026 -0.400570 -0.545600 -0.282032 -0.378922 -0.066758 0.380216 0.017984 -0.095660 -0.112793 -0.078285 -0.211090 -0.025007 -0.402203 -0.081764 -0.461307 -0.098530 0.033884 0.348907 -0.068863 0.092595 0.089523 -0.224754 -0.192939 0.017165 0.325199 0.194904 0.206020 0.199719 0.549995 0.062726 0.157482 0.160042 0.116219 0.225655 0.278315 0.043704 0.062385 -0.078884 0.413349 0.525235 -0.395196 -0.386568 0.026148 -0.165673 0.070661 0.235697 0.125430 -0.198174 0.172045 0.255974 0.408925 0.163062 0.192031 0.022866 0.387198 0.339661 0.072979 0.424522 -0.250156 0.057160 -0.139354 -0.032088 -0.351701 -0.161737 -0.239878 0.204521 0.080708 0.036970 -0.140755 -0.103717 -0.251785 -0.190972 -0.289920 -0.117096 -0.026819 -0.035162 0.334234 0.196483 0.413650 -0.100799 0.290464 -0.154828 -0.101521 0.368457 -0.373964 -0.191027 -0.076053 -0.061819 0.017588 0.067140 -0.183481 -0.062597
0.183283 0.315721 -0.340555 -0.078838 -0.210955 -0.366698 -0.007259 0.067504 -0.234727 -0.153835 -0.048043 0.218823 -0.138074 0.126208 -0.316594 -0.206106 0.176633 1.000000 -0.089783 0.108756 -0.147419 -0.031909 -0.362244 -0.081152 -0.321913 -0.080787 -0.380646 -0.364732 0.188177 0.700441 0.344614 0.330558 0.190210 0.417107 0.032871 0.388777 -0.059580 0.034483 -0.090155 -0.239752 0.205272 0.219487 0.040522 0.071966 0.025956 -0.193416 0.261886 0.034251 -0.174013 -0.065796 -0.582728 -0.328891 0.049737 -0.234515 -0.299769 -0.362775 0.329053 0.276622 -0.078586 -0.187994 -0.193042 0.022201 0.417854 0.309323 -0.553516 -0.508849 -0.151473 -0.237034 -0.220500 -0.057032 0.133084 0.593987 0.318967 0.616171 0.137390 0.338045 0.594255 0.705339 0.012628 0.687214 0.085370 0.221028 -0.063719 0.249357 -0.391861 -0.298594 -0.202250 -0.345530 -0.512223 -0.399981 -0.308366 -0.302329 -0.256149 -0.208539 -0.128535 -0.268908 -0.204349 -0.447633 -0.229531 -0.221489 0.050701 -0.006899 0.027740 -0.156949 -0.068935 0.058232 0.198480 0.099621 -0.178081 -0.368246 -0.194896 -0.252098 -0.248692 0.040083 -0.019549 -0.107417
0.501596 0.169876 0.478300 0.049330 0.269726 0.005273 0.293782 -0.210362 0.206846 0.248724 0.075650 -0.298216 -0.110291 -0.040369 0.124369 0.343250 0.108689 -0.089783 1.000000 0.514041 0.077664 -0.097213 0.294833 0.016259 0.312679 -0.112966 0.171073 0.037684 0.030374 -0.041189 0.059359 -0.130001 -0.130950 -0.221233 -0.104429 -0.151758 -0.256633 -0.079894 -0.114198 -0.169165 -0.132214 0.161022 -0.082412 -0.007486 -0.106360 -0.232445 -0.192149 -0.128706 0.078806 0.003269 0.267784 -0.057920 0.229721 -0.083202 -0.044494 0.025114 0.285429 0.136112 0.126436 -0.121523 0.109648 -0.168614 0.097916 0.093603 0.175668 -0.233620 -0.264904 -0.236892 0.394115 0.081902 0.267599 -0.147225 0.075516 0.100263 0.187398 0.071350 0.109842 -0.011632 -0.036937 -0.070717 -0.227708 -0.135175 0.136313 0.112891 0.097227 -0.038777 -0.029547 0.133526 0.124743 0.185052 0.122449 0.356963 -0.438648 0.137393 -0.094727 0.097846 -0.103684 0.039081 0.097928 0.193237 -0.137976 0.160164 0.038640 -0.068669 -0.269143 -0.474465 -0.084707 -0.090791 -0.115362 -0.147377 -0.000120 -0.138075 0.107498 -0.027456 -0.079173 -0.208203
0.090482 0.517297 0.137948 0.379669 0.192293 -0.037307 0.147835 0.233850 0.168192 0.193782 -0.047131 -0.156795 0.064308 0.133936 0.080365 0.048413 0.146409 0.108756 0.514041 1.000000 -0.051852 0.010227 -0.004485 -0.020692 0.176094 -0.073288 -0.089065 -0.300054 0.345792 0.005938 -0.019654 -0.050812 0.056726 0.166691 0.104805 -0.245637 0.014673 -0.556468 -0.273481 -0.179722 -0.059652 0.220085 -0.215313 -0.298367 -0.341856 -0.329176 -0.315053 -0.554234 -0.192417 -0.149325 -0.110493 -0.158792 0.288798 -0.341442 -0.049476 -0.560600 0.121462 0.212887 -0.265885 -0.047398 -0.253022 0.005761 0.300187 0.219949 -0.238466 -0.362688 -0.251158 -0.319566 0.517221 0.410500 0.046742 -0.310890 0.109757 0.011335 -0.023764 -0.011193 0.093688 -0.168380 -0.013496 -0.109642 0.207625 0.132709 -0.125338 0.218072 -0.107177 0.028385 -0.184499 -0.141990 0.095925 -0.085991 0.558391 0.252644 -0.064778 0.127328 0.360329 0.216056 -0.455147 -0.050100 0.041877 -0.190092 0.138905 0.325483 0.100435 0.029413 -0.078031 -0.391834 -0.215133 -0.252933 0.014111 -0.094597 -0.262855 -0.188362 -0.007605 0.115555 0.150502 0.241109
0.114407 -0.192029 -0.110359 0.014718 -0.401156 0.080171 -0.039750 -0.078879 -0.303929 -0.361182 -0.244047 -0.254639 -0.237746 -0.338906 -0.225154 -0.160709 0.159314 -0.147419 0.077664 -0.051852 1.000000 0.381283 0.248149 0.208823 -0.405479 -0.148425 0.454578 0.310332 -0.314749 -0.104120 -0.127263 0.007545 -0.119393 -0.143963 0.022087 -0.053903 0.001390 0.027425 0.100056 0.389228 -0.164042 0.154073 0.168641 0.048749 0.078585 0.140429 0.140791 0.197316 -0.030631 0.072491 0.264717 0.046904 0.197294 0.308408 -0.166453 0.031844 0.209747 0.189690 -0.034851 -0.048400 0.004763 -0.169041 0.036084 0.112321 0.181885 0.039765 0.125741 0.080315 0.141264 0.063051 0.292451 -0.149179 0.013265 -0.067533 0.263841 0.134948 -0.052438 -0.106075 0.210387 -0.051376 0.045796 0.035999 -0.161336 -0.131821 0.368759 0.132452 -0.178837 -0.031860 0.306151 0.193343 0.042681 -0.079656 0.002633 -0.132885 -0.275124 -0.075566 0.178662 -0.118741 0.180517 -0.029232 -0.158992 -0.047395 -0.084467 -0.026772 -0.045205 -0.145807 -0.011609 -0.030067 -0.161598 0.291204 0.179241 0.130426 -0.213641 -0.115062 0.028225 -0.112323
0.021508 -0.173393 -0.175619 0.151014 -0.334262 0.159630 -0.315184 -0.086678 -0.439812 -0.416023 -0.317594 -0.353858 -0.384304 -0.577666 -0.328044 -0.233012 -0.128198 -0.031909 -0.097213 0.010227 0.381283 1.000000 0.041473 0.073329 -0.254108 0.179335 0.429573 0.374829 -0.024167 -0.263524 -0.175242 0.192257 0.150109 0.207900 0.346980 -0.033182 0.060099 -0.087825 0.295908 0.651688 -0.205948 0.038639 0.365489 0.194999 -0.031490 0.184231 0.354545 0.170769 -0.327769 -0.072292 -0.087799 0.073746 -0.024000 0.134015 -0.309343 0.020479 0.048975 0.052310 -0.354037 -0.192854 -0.357007 -0.132070 -0.208458 -0.362236 -0.050960 -0.008737 0.060020 0.013735 0.180530 0.138722 0.169058 0.142644 -0.072356 -0.285009 -0.236353 -0.245402 -0.176428 -0.044801 0.382657 -0.118412 0.339353 -0.082156 -0.348871 0.053505 0.229900 0.063205 -0.408521 -0.247119 0.041573 0.038864 -0.041366 -0.080178 -0.166999 -0.193681 0.131635 -0.119102 0.317043 -0.278217 -0.008889 -0.212360 -0.486998 -0.144092 -0.480159 0.032744 -0.198796 0.214805 -0.302321 -0.081601 0.053125 0.269121 0.134984 0.000455 -0.262438 -0.217675 0.339694 -0.235521
0.069128 -0.200868 0.381093 0.181988 0.055216 0.024044 0.290164 -0.170966 0.145157 0.061353 -0.092553 -0.184711 -0.062956 -0.407621 0.440505 0.279087 -0.167651 -0.362244 0.294833 -0.004485 0.248149 0.041473 1.000000 0.661424 0.300742 0.200984 0.451705 0.354604 -0.086380 -0.367789 -0.334526 -0.228453 0.065400 -0.122661 0.162841 -0.289554 0.193040 -0.016098 0.269775 0.168913 -0.096585 -0.013069 0.117384 -0.039371 -0.226707 -0.106486 0.138570 0.096880 -0.251631 -0.085890 0.259008 -0.338827 -0.018402 0.290675 -0.060520 0.056971 -0.046493 0.012418 -0.271500 -0.073743 -0.081642 -0.377668 -0.115915 -0.291048 0.543116 0.152360 -0.325865 -0.295659 0.055944 -0.312140 0.069679 -0.133042 -0.109800 -0.261008 0.015323 -0.112346 -0.136109 -0.215534 0.093717 -0.209499 -0.057962 -0.113060 0.485592 -0.014680 0.688419 0.230443 0.267001 0.271475 0.587401 0.103358 -0.006943 -0.017501 -0.020183 -0.262358 -0.198058 0.001205 0.053725 0.091789 0.199722 -0.048765 -0.253574 -0.274185 -0.190066 -0.430717 -0.258082 -0.183931 -0.296707 -0.040061 -0.006498 0.125614 0.034938 0.065363 -0.155036 -0.447027 -0.103283 -0.132426
-0.068013 -0.220866 0.000045 0.470191 -0.313845 -0.136300 0.067658 0.148383 -0.238826 -0.121409 -0.236138 0.051489 -0.169649 -0.296116 0.017786 0.016210 -0.081026 -0.081152 0.016259 -0.020692 0.208823 0.073329 0.661424 1.000000 0.054353 0.390927 0.048734 0.227168 -0.068946 -0.053480 -0.117724 0.246596 0.199516 0.202699 0.259668 -0.192006 0.157058 -0.041936 0.033540 0.123910 -0.072584 0.231411 0.229011 0.067179 -0.171269 -0.046167 0.252330 0.128159 -0.313312 -0.242346 0.077965 -0.415900 -0.029784 0.230151 -0.205049 -0.140544 -0.059785 -0.100723 -0.620091 -0.417647 -0.347162 -0.388964 -0.050561 -0.198416 0.190284 0.175581 -0.546507 -0.189577 -0.217366 -0.347208 0.227187 0.043186 -0.109258 -0.008956 0.081378 0.085676 0.034812 0.007797 0.159933 0.094840 0.159185 0.089765 0.175360 0.216628 0.468545 0.336284 -0.034479 -0.033165 0.246526 -0.041709 -0.184509 -0.189034 0.133840 -0.316375 -0.227477 -0.166454 -0.110599 -0.273415 -0.009526 -0.301677 -0.162251 -0.332559 -0.171866 -0.592441 -0.191033 -0.140114 -0.192881 -0.020444 -0.254765 -0.019194 -0.088668 -0.098779 -0.329421 -0.243838 0.085217 -0.154426
0.046094 0.120730 0.150889 0.200691 0.788065 0.405478 -0.177053 -0.102013 0.679448 0.807302 0.092823 0.084408 -0.030682 0.185059 0.684279 0.676146 -0.400570 -0.321913 0.312679 0.176094 -0.405479 -0.254108 0.300742 0.054353 1.000000 0.531395 0.207130 0.243604 0.391961 -0.286718 0.108332 0.050896 -0.121005 -0.232894 -0.005981 -0.256725 0.239949 -0.074570 0.004769 -0.384004 0.289271 -0.016587 -0.132218 -0.054920 -0.187668 0.019844 -0.119286 -0.399073 -0.011050 -0.020860 0.208085 -0.057637 -0.083529 -0.146130 0.106738 -0.086372 -0.145461 -0.238048 -0.039443 0.032056 -0.055111 0.053835 -0.155023 -0.306675 0.281094 0.334070 -0.391940 -0.137293 0.055795 -0.200920 -0.144896 -0.228455 -0.028896 -0.226605 -0.116087 -0.174126 -0.188558 -0.308568 -0.290893 -0.323973 -0.015723 -0.130064 0.369194 0.129331 0.253405 0.309652 0.396389 0.273322 0.229923 -0.027761 0.079891 0.108950 0.126303 0.109258 0.475935 0.354818 -0.214270 0.284045 -0.039974 0.330587 0.017585 0.123807 -0.078802 0.063590 -0.159146 -0.073627 -0.051533 -0.372149 0.249196 -0.124398 -0.372875 -0.121188 0.293457 0.197525 0.114628 0.029908
-0.002200 -0.114632 -0.210561 0.283705 0.169671 0.554229 -0.427640 0.049333 0.018473 0.390885 -0.129666 -0.019218 -0.298781 -0.121015 0.143700 0.279028 -0.545600 -0.080787 -0.112966 -0.073288 -0.148425 0.179335 0.200984 0.390927 0.531395 1.000000 0.284659 0.579647 0.047271 -0.213205 0.087879 0.515645 0.055117 0.170120 0.352397 0.025149 0.310554 0.085994 0.131724 -0.013035 0.029085 0.069844 0.112564 0.043575 -0.261529 0.087102 0.309171 -0.003102 -0.376137 -0.425458 -0.074670 -0.256540 -0.308213 -0.036500 -0.233975 -0.179100 -0.086023 -0.262050 -0.508080 -0.473878 -0.424280 -0.079699 -0.489355 -0.621137 0.296510 0.417594 -0.443216 0.066385 -0.151594 -0.206959 0.117646 0.135634 -0.148848 -0.031551 -0.251450 -0.167539 0.054785 0.006506 -0.205903 -0.003183 0.046890 -0.092797 -0.018669 0.127733 0.306713 0.237761 0.006885 -0.128140 0.084632 -0.216823 -0.110491 -0.005606 0.379004 0.065704 0.337177 -0.046654 -0.001973 -0.146878 -0.097280 0.021532 -0.193297 -0.148933 -0.307693 -0.053566 -0.168428 0.193050 -0.110122 -0.331983 0.114358 -0.113157 -0.178654 -0.143856 0.035051 0.155709 0.367005 -0.160860
0.213667 -0.133749 0.136274 0.021172 0.209061 0.548559 -0.077002 -0.223891 0.018535 0.066277 0.010342 -0.383171 -0.136331 -0.384880 0.193366 0.278169 -0.282032 -0.380646 0.171073 -0.089065 0.454578 0.429573 0.451705 0.048734 0.207130 0.284659 1.000000 0.632092 -0.212609 -0.474711 -0.205625 -0.167008 -0.119079 -0.354318 0.123740 -0.184280 0.090173 0.134990 0.315883 0.299112 -0.112022 -0.167039 0.075766 -0.023260 -0.220349 0.019938 0.044692 0.202251 -0.204698 0.052109 0.259980 -0.037782 0.006148 0.223548 -0.108803 0.126981 0.194273 0.088012 -0.036494 -0.032519 0.009294 -0.124563 -0.273819 -0.293548 0.524640 0.258330 -0.053607 -0.072142 0.278342 0.027355 0.109638 -0.177419 -0.302799 -0.336482 -0.188577 -0.200853 -0.245189 -0.292725 -0.064486 -0.292773 -0.046786 -0.137873 0.017354 -0.269300 0.477340 0.060944 0.069160 0.165539 0.502472 0.143753 0.091711 0.138394 -0.025085 0.098015 0.060386 0.092143 0.314670 0.213277 0.179287 0.291125 -0.516088 0.085783 -0.450616 0.150866 -0.311728 0.019563 -0.273195 -0.146519 0.177875 0.285146 0.222901 0.243124 0.026480 -0.205477 0.209463 0.023520
0.219405 -0.251274 0.158489 0.082490 0.028475 0.520808 -0.267167 -0.218759 -0.030474 0.087019 0.071286 -0.188659 -0.135865 -0.339483 0.123391 0.248105 -0.378922 -0.364732 0.037684 -0.300054 0.310332 0.374829 0.354604 0.227168 0.243604 0.579647 0.632092 1.000000 -0.306467 -0.552960 -0.223636 0.120477 -0.148821 -0.164929 0.234618 0.074718 0.122836 0.018185 0.262135 0.264421 -0.204359 -0.069676 0.121933 0.072077 -0.174112 0.040745 0.235700 0.230506 -0.208940 -0.210897 0.258146 0.088177 -0.133281 0.175393 -0.096344 0.121445 -0.072139 -0.302292 -0.114980 -0.235319 0.007602 0.038715 -0.482880 -0.567274 0.603330 0.533073 -0.121569 0.162758 -0.031537 -0.176640 0.135829 0.020825 -0.270487 -0.227934 -0.207596 -0.163482 -0.186062 -0.103903 -0.032196 -0.216936 -0.038966 -0.295734 -0.021711 -0.246935 0.542064 0.247729 0.000308 0.046237 0.300022 0.211487 -0.112921 0.182872 0.125555 0.148852 0.030790 -0.244197 0.257158 -0.148278 0.001254 0.113674 -0.502755 -0.260633 -0.505078 -0.053538 -0.304009 0.001700 -0.101932 -0.320870 -0.016381 0.000150 0.151993 -0.103127 -0.008765 -0.085094 0.303455 -0.282782
-0.051329 0.362106 -0.253944 0.129823 0.412084 -0.030533 -0.155094 -0.011892 0.284708 0.336115 0.118120 0.453302 0.108554 0.363207 0.371153 0.293715 -0.066758 0.188177 0.030374 0.345792 -0.314749 -0.024167 -0.086380 -0.068946 0.391961 0.047271 -0.212609 -0.306467 1.000000 0.227601 0.370439 0.256215 0.110846 0.067813 -0.039802 -0.458842 0.364933 -0.149860 -0.011860 -0.266057 0.515099 0.028083 0.062001 0.018208 -0.001883 0.035877 -0.027225 -0.579999 0.078670 0.290240 0.012334 0.107213 0.206341 -0.238160 0.069599 -0.332115 -0.077769 0.037409 -0.069278 0.204989 -0.203385 0.027033 0.379782 0.133814 -0.331383 -0.040664 -0.331545 -0.495239 -0.045918 -0.214744 -0.152392 -0.202243 0.572930 -0.135447 0.106737 -0.011867 -0.050088 -0.270184 -0.027018 -0.142899 0.518762 0.289565 0.234060 0.384393 -0.034121 0.272040 0.136168 -0.061093 -0.155455 -0.372712 0.060250 -0.168192 -0.057475 -0.225440 0.604053 0.501156 -0.224134 0.137983 0.091816 0.176308 0.188908 0.069087 0.036504 -0.063285 -0.003010 -0.005832 0.065341 -0.320233 0.317451 0.039973 -0.645998 0.055059 0.277029 0.221592 -0.019122 0.156032
0.014605 0.124652 -0.421447 -0.176220 -0.191907 -0.301754 0.144055 0.152658 -0.281229 -0.050226 -0.123133 0.316443 -0.035939 0.372843 -0.362944 -0.166814 0.380216 0.700441 -0.041189 0.005938 -0.104120 -0.263524 -0.367789 -0.053480 -0.286718 -0.213205 -0.474711 -0.552960 0.227601 1.000000 0.519295 0.382922 0.153379 0.231638 -0.165055 0.101005 -0.209389 0.326811 -0.195309 -0.255634 0.324760 0.237130 0.099747 0.212387 0.253336 0.017847 0.111077 0.149663 0.154117 0.134445 -0.310723 -0.142114 0.126362 -0.121420 -0.194707 -0.096416 0.213649 0.249448 -0.009315 -0.159991 -0.165799 -0.125472 0.424478 0.556434 -0.588152 -0.468823 -0.190400 -0.246179 -0.269677 -0.122784 0.173013 0.292803 0.378027 0.710047 0.556564 0.366820 0.551151 0.496336 0.042463 0.690526 -0.018469 0.417528 -0.084774 0.284344 -0.427972 -0.246370 -0.138803 -0.263513 -0.543190 -0.396957 -0.330752 -0.386746 -0.221409 -0.306962 -0.261122 -0.084464 -0.087699 -0.177513 -0.079181 -0.011449 0.324994 0.036173 0.314577 -0.229446 0.103593 -0.038746 0.135463 0.267797 -0.292333 -0.136149 -0.086062 0.067903 -0.038038 0.115625 -0.165120 -0.172763
0.088258 -0.015220 -0.316637 -0.128340 0.143755 -0.053079 -0.156125 -0.071491 0.098952 0.109201 0.210944 0.336549 -0.056713 0.345605 0.001487 -0.018643 0.017984 0.344614 0.059359 -0.019654 -0.127263 -0.175242 -0.334526 -0.117724 0.108332 0.087879 -0.205625 -0.223636 0.370439 0.519295 1.000000 0.685368 0.128114 -0.018169 -0.180080 -0.159837 -0.087338 0.213727 -0.094714 -0.415867 0.224557 -0.063106 -0.039226 0.079272 0.221583 0.046479 0.054346 -0.069080 0.340259 0.250728 0.041216 0.056910 0.090556 -0.130238 0.065555 -0.174666 0.131982 -0.039847 0.052271 0.018149 -0.075873 -0.078182 0.225081 0.203719 -0.263135 0.014390 -0.261310 -0.137401 -0.269535 -0.170836 0.328801 0.200723 0.317285 0.387315 0.250236 0.291335 0.369297 0.180483 -0.256022 0.278920 -0.078613 0.038186 0.053171 0.139314 -0.434751 -0.152893 0.102760 -0.001855 -0.278359 -0.324170 -0.192456 -0.099692 -0.055982 -0.043834 0.112957 0.157219 0.004637 0.002760 0.043776 0.244392 0.255901 0.199690 0.249408 0.021554 0.017342 -0.045022 0.119638 -0.002244 0.001669 0.045895 -0.260930 0.087505 0.114542 0.306069 -0.034580 -0.084259
-0.021000 -0.177670 -0.542266 0.139493 -0.187700 0.148861 -0.424838 0.039292 -0.260882 -0.008046 -0.119412 0.238125 -0.319569 0.071225 -0.250662 -0.075744 -0.095660 0.330558 -0.130001 -0.050812 0.007545 0.192257 -0.228453 0.246596 0.050896 0.515645 -0.167008 0.120477 0.256215 0.382922 0.685368 1.000000 0.081064 0.230260 0.093697 -0.049781 0.079587 0.144507 -0.062394 -0.078731 0.099512 0.187621 0.249399 0.209222 0.186635 0.168470 0.313176 -0.000490 0.066233 -0.104930 -0.007628 -0.018899 -0.010360 -0.041131 -0.151672 -0.215687 0.001599 -0.219225 -0.350720 -0.311520 -0.448340 -0.148770 -0.032875 -0.120610 -0.241711 0.161988 -0.338734 0.022337 -0.345038 -0.171539 0.319100 0.289435 0.178441 0.291407 0.151637 0.101803 0.272131 0.184217 -0.011193 0.306281 0.136722 0.099789 -0.202602 0.330234 -0.137928 0.113863 -0.178868 -0.284344 -0.274195 -0.298004 -0.251150 -0.104865 0.131911 -0.105087 0.173703 -0.047374 -0.008762 -0.294297 -0.059124 0.003496 0.102891 -0.100779 0.002154 -0.102265 0.027843 0.050940 0.010527 -0.145469 -0.108318 -0.054269 -0.289657 -0.086677 -0.063648 0.314599 0.237990 -0.281875
-0.024948 0.134775 0.019098 0.086063 -0.140952 -0.148689 0.254627 0.233306 -0.234745 -0.089467 -0.101358 0.189847 -0.034862 0.028733 -0.153149 -0.275260 -0.112793 0.190210 -0.130950 0.056726 -0.119393 0.150109 0.065400 0.199516 -0.121005 0.055117 -0.119079 -0.148821 0.110846 0.153379 0.128114 0.081064 1.000000 0.712156 0.530384 -0.018678 -0.026075 -0.033998 -0.045542 -0.116763 -0.132830 0.070535 0.038194 -0.026557 -0.347556 -0.264282 0.240505 0.106955 -0.565190 -0.124539 -0.525354 -0.363127 -0.094527 0.090126 -0.290258 -0.217802 -0.215418 -0.126329 -0.350253 -0.102630 -0.399562 0.067311 0.002086 -0.071070 -0.239464 -0.294659 -0.277134 -0.382010 -0.074006 -0.108952 0.093824 0.194220 -0.038421 0.126941 0.107037 0.129483 0.306822 0.133151 0.077729 0.156589 -0.033850 -0.122822 -0.119023 -0.187424 -0.180023 -0.206741 -0.080378 -0.172331 -0.186905 -0.277008 -0.095399 -0.308974 0.054530 -0.359436 0.007544 -0.016024 -0.005578 -0.085638 -0.118623 -0.238808 -0.042913 -0.199332 -0.211998 -0.368380 -0.275452 -0.118124 -0.171206 -0.026399 -0.016857 0.229277 0.149595 0.235778 -0.059249 -0.050204 0.092490 -0.147945
-0.109170 0.164857 -0.284015 0.053488 -0.371197 -0.191679 -0.042951 0.187485 -0.396397 -0.160684 -0.274818 0.115866 -0.200647 -0.043487 -0.357520 -0.359772 -0.078285 0.417107 -0.221233 0.166691 -0.143963 0.207900 -0.122661 0.202699 -0.232894 0.170120 -0.354318 -0.164929 0.067813 0.231638 -0.018169 0.230260 0.712156 1.000000 0.449998 0.229447 0.080336 -0.171213 0.002047 0.098304 -0.159758 0.210526 0.045503 -0.045466 -0.261373 -0.275777 0.313541 0.084635 -0.594310 -0.363601 -0.634887 -0.400369 -0.212710 0.002489 -0.393129 -0.352580 -0.201808 -0.120508 -0.476335 -0.276922 -0.519833 -0.004506 -0.071782 -0.158143 -0.318464 -0.438866 -0.116283 -0.216255 -0.006048 0.132751 0.013486 0.364270 0.076343 0.239521 -0.001901 0.137128 0.299905 0.347849 0.239974 0.297177 0.100190 -0.033327 -0.247937 0.060646 -0.220909 -0.241080 -0.315784 -0.473907 -0.426081 -0.494270 -0.040538 -0.244661 0.147828 -0.295245 0.005834 -0.267390 -0.075538 -0.356284 -0.205218 -0.449787 0.116784 -0.203975 -0.082526 -0.220765 -0.059267 0.093433 -0.050944 0.087836 -0.042264 -0.035643 0.081314 -0.047621 -0.244999 0.059281 0.114650 -0.209072
0.099187 -0.063635 0.017428 0.246799 -0.115008 0.223278 0.001333 0.204650 -0.239234 0.059471 -0.225018 -0.131682 -0.229150 -0.282598 -0.160398 -0.135520 -0.211090 0.032871 -0.104429 0.104805 0.022087 0.346980 0.162841 0.259668 -0.005981 0.352397 0.123740 0.234618 -0.039802 -0.165055 -0.180080 0.093697 0.530384 0.449998 1.000000 -0.006206 0.141434 -0.137431 -0.040246 0.058984 -0.314560 -0.122155 0.153359 -0.017502 -0.584653 -0.223044 0.374559 0.013103 -0.775770 -0.502973 -0.461623 -0.403553 -0.231351 0.066544 -0.459893 -0.263464 -0.066049 -0.134448 -0.538651 -0.311478 -0.452971 0.053940 -0.276232 -0.476431 -0.045200 -0.069283 -0.186655 -0.127398 0.128440 0.021592 0.361453 0.117484 -0.167016 0.021691 -0.102968 -0.256513 0.389917 0.043994 0.262217 0.054806 0.127571 -0.161693 -0.323307 -0.242003 0.112463 -0.015262 -0.157355 -0.271089 0.064046 -0.065013 -0.116443 -0.100742 0.168797 -0.127476 0.150070 -0.124480 -0.069252 -0.180701 -0.201845 -0.184525 -0.344981 -0.190409 -0.480730 -0.224814 -0.387166 0.009877 -0.322535 -0.087652 -0.005032 0.269954 0.132804 0.143381 -0.071365 -0.069221 0.361438 -0.186635
0.116322 0.004537 0.065784 -0.243883 -0.219825 -0.096054 -0.065811 -0.015203 -0.164819 -0.119969 0.013748 -0.084934 -0.110058 -0.096241 -0.310365 -0.076831 -0.025007 0.388777 -0.151758 -0.245637 -0.053903 -0.033182 -0.289554 -0.192006 -0.256725 0.025149 -0.184280 0.074718 -0.458842 0.101005 -0.159837 -0.049781 -0.018678 0.229447 -0.006206 1.000000 -0.245230 0.072665 -0.116363 -0.034820 -0.145899 0.139317 -0.200958 -0.147436 -0.072198 -0.136303 0.075078 0.119141 -0.193363 -0.413793 -0.420751 -0.190016 -0.206272 -0.317076 -0.321778 -0.011383 0.025089 -0.059740 0.191129 -0.214191 0.211414 0.282025 -0.216558 -0.054634 -0.027608 -0.092899 0.283451 0.466067 -0.164076 0.136406 -0.127359 0.661519 -0.172870 0.342670 -0.151635 0.147660 0.210477 0.724286 -0.177871 0.385067 -0.302630 -0.250518 -0.170853 -0.047858 -0.137025 -0.313425 -0.255508 -0.084891 -0.395647 0.110091 -0.245657 -0.090718 0.032772 0.157396 -0.207266 -0.462519 -0.055720 -0.291876 -0.458186 -0.315231 -0.039017 -0.101789 -0.019802 0.142805 0.055907 0.205584 0.266131 -0.017500 -0.056436 -0.500784 0.234124 -0.449496 -0.229280 0.070856 0.092601 -0.100732
