1.000000 0.727943 -0.050519 -0.221013 -0.177611 -0.162512 -0.156904 -0.171775 -0.107173 -0.005607 0.352653 0.310977 0.297428 0.383988 0.041319 0.169928 0.296805 -0.046277 -0.035817 0.080064 -0.246287 0.112389 -0.232401 -0.270281 -0.088104 -0.435950 -0.023311 -0.148985 0.088285 -0.042748 -0.472851 -0.447979 0.088312 -0.194503 -0.176160 -0.225098 0.163797 0.128956 0.128218 0.268817 0.117294 0.224441 -0.067467 0.034575 -0.039638 -0.146780 -0.132773 0.022838 -0.083883 -0.147236 -0.257681 -0.098224 0.047514 -0.320022 0.149556 0.126647 0.484825 0.276965 0.091017 -0.153340 0.231402 0.127830 0.211019 0.284845 -0.222948 -0.260206 -0.037749 -0.312571 0.284352 0.240665 -0.001275 -0.153607 0.105144 0.133330 0.116846 -0.089784 0.171399 -0.173864 0.242652 0.078494 0.276381 0.287002 -0.014657 0.078475 0.021159 0.196166 -0.260234 -0.020699 -0.090950 0.077620 -0.010103 -0.187530 -0.176221 -0.030596 -0.092912 0.168090 0.136586 0.106644 -0.038876 0.115027 -0.331557 0.035965 -0.284388 -0.306487 -0.221296 -0.047560 -0.140386 -0.056446 0.054199 0.217468 -0.034507 -0.032473 -0.055611 -0.479781 -0.227576 0.187867
0.727943 1.000000 -0.156439 -0.224640 -0.084125 0.069486 -0.200519 0.079534 -0.058133 -0.041463 0.065367 0.138129 0.241232 0.347789 0.115447 0.219553 0.197649 -0.163014 -0.085935 0.136075 0.031543 0.075582 -0.273439 -0.271099 -0.091821 -0.303616 0.065218 0.067554 0.106685 -0.162837 -0.467996 -0.479569 0.119660 -0.071815 -0.053720 -0.368089 0.150225 0.127052 -0.056260 0.343217 0.102238 0.184652 -0.189781 -0.162938 -0.120502 -0.186460 -0.238965 -0.240283 -0.151813 -0.146083 -0.126230 -0.032570 0.151728 -0.285086 -0.092009 -0.089305 0.453222 0.469398 0.256120 0.245987 0.227450 0.219750 0.263277 0.309511 -0.269786 -0.084818 0.159848 -0.181160 0.567920 0.647894 0.048776 -0.442864 0.109138 -0.058766 -0.029893 -0.217839 0.064662 -0.391790 0.390064 -0.154689 0.413679 0.382101 0.002401 -0.024562 0.046560 0.159920 -0.294877 -0.213472 -0.057121 -0.004958 0.145002 -0.107404 0.084276 0.024780 -0.026876 0.211251 0.118048 0.244672 -0.010654 0.085697 -0.059622 0.247221 0.084312 0.084129 0.024590 -0.130859 0.031666 -0.061576 0.133042 0.367148 -0.159834 -0.031023 0.014863 -0.241959 -0.113129 0.108414
-0.050519 -0.156439 1.000000 0.497484 0.259958 0.063472 0.680962 0.197347 0.197082 -0.007096 0.142468 -0.110126 0.171439 -0.196046 0.323141 0.054799 -0.208165 -0.226320 0.460117 0.383476 -0.076575 0.265242 0.389616 0.362517 -0.152312 0.117364 0.055657 0.077710 -0.091348 -0.270166 0.099387 0.133122 -0.418361 -0.250510 -0.238471 -0.068651 0.051865 -0.158013 0.283898 0.010723 -0.103888 -0.100359 -0.148045 -0.113817 0.040846 0.157060 -0.275128 -0.103851 -0.088066 -0.070280 -0.006203 -0.193399 -0.184948 -0.098221 0.039156 -0.200160 -0.140425 -0.107993 0.012275 0.030948 0.109884 -0.179603 0.154794 -0.017502 0.223264 0.019636 0.192215 0.303604 -0.112924 -0.029813 0.206050 0.226390 -0.256012 -0.025148 -0.320428 0.065420 -0.135924 0.210178 -0.316076 -0.144010 -0.247361 -0.331629 0.420634 0.236026 0.015695 -0.078680 0.332861 0.267798 0.288256 0.270026 0.260115 0.050894 0.041028 -0.054363 0.211093 -0.080203 -0.340020 -0.102250 -0.295055 -0.459747 -0.129111 -0.058072 -0.152083 -0.107583 -0.356632 -0.279293 -0.367209 -0.328354 0.206321 -0.188516 -0.073694 -0.485662 -0.316217 -0.197058 -0.208918 -0.273775
-0.221013 -0.224640 0.497484 1.000000 0.303366 0.087997 0.585493 0.296988 0.194088 0.088055 -0.101970 -0.260509 -0.014624 -0.404939 0.385507 0.211932 -0.120379 -0.070865 0.670506 0.452636 -0.039011 -0.070845 0.299815 0.311099 -0.071137 0.158390 0.163225 0.074339 0.030018 -0.028335 0.151755 0.209610 -0.268685 -0.055459 0.149489 0.006544 -0.039798 -0.277572 0.137040 0.068048 0.047779 -0.178024 -0.441242 -0.454888 -0.299698 -0.185541 -0.376367 -0.242159 -0.358039 -0.276888 -0.048596 -0.350237 -0.167391 -0.126094 -0.087640 -0.362214 -0.166357 0.085111 -0.124865 0.068131 0.214428 0.090238 0.305298 0.223306 0.491468 0.271187 0.065243 0.105137 -0.076446 -0.091631 0.107037 0.080333 -0.058567 -0.000382 -0.135957 0.047788 -0.157370 0.154050 -0.137890 -0.108831 -0.137009 -0.157771 0.492347 0.444725 0.317491 0.123833 0.297229 0.291765 0.466058 0.392944 0.145859 0.112044 0.052334 0.115924 0.188037 -0.092901 -0.313116 -0.042633 -0.139626 -0.403066 -0.059457 -0.011257 -0.033018 -0.102345 -0.187285 -0.258982 -0.339240 -0.374037 0.074934 -0.152371 -0.177754 -0.498841 -0.343796 -0.069499 -0.098690 -0.231296
-0.177611 -0.084125 0.259958 0.303366 1.000000 0.468607 0.454061 0.556303 0.883184 0.577044 -0.441540 -0.230567 0.191473 0.086468 0.778068 0.598509 -0.248280 0.015062 0.208874 0.216601 0.308137 -0.055939 -0.321931 -0.214365 0.409962 0.214576 0.370800 0.068665 0.275330 0.097882 0.314913 0.141264 -0.317940 -0.158551 -0.107335 -0.140213 -0.040923 -0.277144 -0.181544 -0.058056 0.022962 -0.232893 -0.263122 -0.282291 -0.047186 -0.091667 -0.206399 -0.290424 -0.054799 0.057432 -0.161478 -0.059228 -0.207353 -0.131462 -0.149315 -0.375857 -0.323579 -0.159249 0.207054 0.531712 0.074541 0.458716 0.123554 0.125281 -0.104984 0.023674 0.415902 0.027025 0.091560 0.044084 0.186702 -0.015830 0.169190 -0.176745 -0.197651 -0.016338 -0.053763 0.117975 -0.205588 -0.152670 -0.039001 -0.279077 0.330764 0.281730 -0.194499 -0.215059 0.359685 0.026609 0.118725 -0.019267 -0.057494 -0.241852 -0.251308 -0.138399 0.268040 -0.146992 -0.261033 -0.186681 -0.332981 -0.547428 -0.087737 0.208720 0.185977 0.071729 -0.136976 -0.307287 -0.147176 -0.188098 0.063557 -0.323086 -0.313416 -0.383495 -0.270252 -0.170131 0.054685 0.016937
-0.162512 0.069486 0.063472 0.087997 0.468607 1.000000 0.037557 0.300319 0.190467 0.497561 -0.289574 -0.376747 -0.026652 -0.016902 0.288889 0.446402 -0.369426 -0.201415 0.137241 -0.005145 0.319960 0.229541 0.072024 0.197633 0.590418 0.609702 0.734386 0.697293 -0.055712 -0.216154 0.211148 0.060053 -0.479106 -0.262624 -0.247662 -0.147241 -0.214397 -0.274752 -0.120157 0.067357 -0.192733 -0.398934 -0.111283 -0.166658 0.004796 -0.089308 -0.014790 -0.116961 0.064849 0.133081 0.106070 0.156641 0.116438 -0.053500 -0.212558 -0.385918 -0.172597 0.032132 0.338144 0.424259 0.118106 0.210567 -0.013522 0.122138 -0.185765 0.170561 0.187665 -0.033574 0.280402 0.208269 0.190724 -0.023554 -0.281033 -0.228582 -0.524049 -0.137240 -0.153796 0.024623 -0.170051 -0.150578 -0.139539 -0.141820 0.175254 0.091096 -0.114051 -0.174992 0.104311 -0.179664 0.231396 -0.258394 0.056700 -0.164124 -0.172862 0.013621 0.495480 -0.098032 0.013984 -0.004320 -0.152850 -0.484728 0.037673 0.217471 0.292796 0.328399 0.064359 -0.197211 -0.144484 -0.187992 0.104271 -0.129836 0.003534 -0.154249 -0.055128 0.011509 0.134989 -0.063139
-0.156904 -0.200519 0.680962 0.585493 0.454061 0.037557 1.000000 0.504237 0.349442 0.113482 -0.130908 0.106363 0.059758 -0.179800 0.422079 0.142758 -0.108583 0.080077 0.468589 0.495971 -0.025504 0.073562 0.061976 0.034659 -0.188460 0.026843 -0.105195 -0.243170 0.242138 0.170059 0.443523 0.436499 -0.128758 -0.018907 -0.156305 0.070731 -0.009980 -0.305236 -0.160232 -0.275816 0.003340 -0.130592 -0.165118 -0.252052 0.087373 0.140172 -0.191280 -0.194437 -0.061085 0.008934 0.081182 -0.121899 -0.096172 0.133793 -0.355767 -0.408420 -0.215391 -0.098883 -0.320978 0.093452 0.035268 0.166155 0.388842 0.265799 0.342156 -0.076750 0.139732 0.156615 -0.170307 -0.144125 0.113282 0.266654 0.163958 0.012060 -0.060750 0.104544 -0.008370 0.201265 -0.379158 -0.079060 -0.022436 -0.155009 0.370583 0.439143 0.056623 -0.094669 0.196806 0.017041 0.014631 0.048379 0.104831 -0.116729 -0.021231 -0.230234 0.055446 -0.143587 -0.484980 -0.268052 -0.290259 -0.537282 0.175928 0.028683 0.025655 -0.154507 -0.453358 -0.400009 -0.475492 -0.305552 0.122497 -0.328452 -0.270879 -0.562869 -0.435957 -0.167287 -0.335063 -0.345295
-0.171775 0.079534 0.197347 0.296988 0.556303 0.300319 0.504237 1.000000 0.380396 0.301320 -0.266400 0.061536 0.025579 0.139716 0.305494 0.225126 -0.201749 -0.195819 -0.060445 0.121366 0.128320 -0.233556 -0.286305 -0.146288 -0.006531 0.003856 0.096544 -0.066380 0.035198 0.035875 0.081334 0.040942 -0.173188 -0.026997 -0.121355 -0.212936 -0.299387 -0.166316 -0.337265 -0.024939 -0.274876 -0.235228 -0.132890 -0.278950 -0.037948 -0.046504 -0.142851 -0.221187 -0.017165 0.113965 0.006444 0.067898 -0.094755 0.035105 -0.371227 -0.276712 -0.341635 -0.193188 -0.027931 0.377303 0.214524 0.510632 0.208579 0.131169 0.129106 0.267890 0.254953 0.109973 -0.056363 0.034184 -0.049750 -0.178216 0.059022 -0.178675 -0.236754 -0.109171 -0.265798 -0.148362 -0.125667 -0.356523 -0.082903 -0.273919 0.037833 0.091730 -0.102613 -0.214978 -0.042584 -0.061263 -0.090409 -0.027679 0.191500 0.060771 0.176282 -0.043623 0.142246 0.119119 -0.218362 0.041736 -0.300305 -0.358536 0.245606 0.233349 0.306496 0.272122 0.140710 -0.053000 -0.095408 -0.114022 0.042935 -0.001212 -0.246420 -0.190849 -0.245005 0.061104 0.089263 -0.139329
-0.107173 -0.058133 0.197082 0.194088 0.883184 0.190467 0.349442 0.380396 1.000000 0.511502 -0.407999 -0.136416 0.235441 0.132068 0.770860 0.479369 -0.160519 0.035252 0.112990 0.174162 0.250086 -0.057613 -0.443150 -0.330387 0.259503 0.064035 0.081197 -0.109600 0.303306 0.117707 0.179647 0.029714 -0.195428 -0.061192 -0.002188 -0.118484 0.096151 -0.158549 -0.157247 -0.045438 0.089207 -0.098221 -0.180620 -0.158635 -0.034514 -0.072651 -0.159696 -0.194551 -0.026320 0.043222 -0.216339 -0.118290 -0.220596 -0.201090 -0.010024 -0.237197 -0.251782 -0.135092 0.249588 0.509643 0.033866 0.379246 0.049624 0.028412 -0.192502 -0.035817 0.434411 0.069083 0.090752 0.035431 0.159927 -0.010602 0.242451 -0.109162 -0.002832 0.098178 0.091795 0.121967 0.005276 -0.136434 0.040010 -0.202903 0.300091 0.170023 -0.268372 -0.221290 0.441943 0.060621 0.102585 0.099434 -0.069065 -0.281980 -0.221291 -0.250135 0.069823 -0.152072 -0.122822 -0.185291 -0.267760 -0.386818 -0.165558 0.103782 0.106650 -0.120328 -0.232359 -0.305801 -0.040380 -0.069630 -0.045937 -0.243435 -0.284420 -0.323200 -0.237550 -0.182759 -0.021941 0.090597
-0.005607 -0.041463 -0.007096 0.088055 0.577044 0.497561 0.113482 0.301320 0.511502 1.000000 -0.178343 -0.088243 0.317990 0.410860 0.349850 0.668286 -0.101263 -0.017445 0.131300 0.061313 0.146151 -0.052622 -0.326039 -0.205056 0.633710 0.329379 0.356821 0.023804 0.369132 0.196842 0.270581 0.111003 -0.394832 -0.136277 -0.147401 -0.102427 0.048881 -0.259599 -0.253116 -0.001960 -0.088019 -0.453674 -0.186172 -0.154118 -0.075759 -0.197422 -0.128009 -0.048358 -0.050311 0.004716 -0.260155 -0.089866 -0.211577 -0.243586 -0.142998 -0.273535 -0.177782 -0.152084 0.055813 0.217368 0.123262 0.421364 -0.004161 0.126725 -0.189411 0.006422 0.088343 -0.103982 0.103183 -0.039076 0.136626 -0.007467 0.122765 -0.041342 -0.213522 0.032387 0.148851 0.083190 0.030807 -0.050086 -0.106636 -0.165650 0.018057 0.248518 -0.317854 -0.200142 0.040284 -0.179733 0.024764 -0.252388 -0.155768 -0.175096 -0.241059 -0.054972 0.257615 -0.205222 -0.011863 -0.275303 -0.265791 -0.360877 0.010173 0.258242 0.208959 0.056889 0.035152 0.010343 -0.022287 0.013352 -0.063024 -0.359987 -0.084686 -0.168911 -0.214897 -0.232569 -0.031966 0.075920
0.352653 0.065367 0.142468 -0.101970 -0.441540 -0.289574 -0.130908 -0.266400 -0.407999 -0.178343 1.000000 0.439451 0.444996 0.311183 -0.303644 -0.232060 0.186919 0.053811 -0.047165 0.009175 -0.282262 0.050116 0.249490 0.076166 -0.232342 -0.081495 -0.116436 -0.096008 -0.233610 -0.099804 -0.176877 -0.016390 -0.055710 -0.059548 0.079924 0.091296 0.081924 0.344330 0.086530 -0.079534 -0.013850 0.147791 0.007256 0.071085 -0.090567 -0.032113 -0.099851 0.139323 -0.050779 -0.103128 -0.091260 -0.117299 0.064367 -0.087968 0.006757 0.064902 0.131419 -0.105986 -0.126371 -0.553201 0.280936 -0.131916 -0.184318 -0.134359 0.231576 0.129415 -0.267462 0.049843 -0.157942 -0.184464 0.152892 0.342710 -0.230500 0.395520 0.105646 0.269021 0.316998 0.159975 -0.043970 0.262744 -0.225645 0.056991 -0.113407 -0.046284 0.230411 0.240876 -0.218388 -0.017243 -0.092024 -0.140277 0.055390 0.188902 0.213669 0.197378 0.002441 0.251713 -0.002445 0.190929 -0.009015 0.269612 -0.078348 -0.073698 -0.217498 -0.230455 -0.208993 -0.039449 -0.054631 -0.113560 0.090204 0.275478 0.052046 0.082719 0.111612 0.002527 0.015142 -0.097687
0.310977 0.138129 -0.110126 -0.260509 -0.230567 -0.376747 0.106363 0.061536 -0.136416 -0.088243 0.439451 1.000000 0.312766 0.375911 -0.114644 -0.182345 0.130797 0.112272 -0.160817 0.089374 -0.338567 -0.123547 -0.232803 -0.226436 -0.305511 -0.272524 -0.477208 -0.479104 0.141786 0.299055 0.066675 0.227564 0.206573 0.142203 -0.181197 0.125443 -0.060290 0.107731 -0.342692 -0.422772 -0.018755 0.093974 0.235364 0.245588 0.179455 0.161440 0.157558 0.219874 0.172287 0.095299 -0.051970 -0.037290 0.175970 0.155525 -0.293280 -0.019687 -0.081286 -0.216560 -0.321045 -0.364700 -0.026016 0.084202 -0.088279 -0.105317 0.184005 -0.064777 -0.142699 0.056161 -0.261517 -0.259935 -0.133377 0.227374 0.211986 0.186225 0.289539 0.063401 0.252913 0.004841 -0.054127 0.080014 0.112208 0.077764 -0.175209 0.049997 0.219856 0.201806 -0.262921 -0.155481 -0.506252 -0.292162 0.018834 -0.161562 0.056945 -0.224865 -0.300997 -0.006749 -0.075638 -0.104220 -0.225140 0.181869 0.085068 -0.177733 -0.134391 -0.394479 -0.221126 -0.016533 -0.127476 0.107447 -0.184126 0.023361 0.060841 0.142823 -0.106744 -0.179835 -0.237728 -0.095203
0.297428 0.241232 0.171439 -0.014624 0.191473 -0.026652 0.059758 0.025579 0.235441 0.317990 0.444996 0.312766 1.000000 0.662803 0.303268 0.404187 -0.008388 0.057634 0.085888 -0.008797 0.006755 -0.110847 -0.248411 -0.239092 0.049534 0.033127 -0.023430 -0.154346 0.199669 -0.021527 0.008221 -0.010085 -0.167219 -0.161936 -0.165454 -0.167565 0.227372 0.114526 -0.063281 -0.085082 0.114463 0.013052 -0.200021 -0.077464 -0.078612 -0.074164 -0.253274 -0.073278 -0.100895 -0.121794 -0.214665 -0.163353 -0.007454 -0.249807 -0.195853 -0.276318 -0.203580 -0.105280 0.159584 0.018643 0.437685 0.337883 0.071644 0.067183 -0.024251 0.081701 0.098772 0.062789 -0.010461 0.021195 0.336751 0.131776 0.137944 0.230806 0.046731 0.203212 0.289264 0.086527 -0.003452 -0.028833 -0.081664 -0.054090 0.182756 0.162793 0.096198 0.164894 0.150291 -0.154314 -0.004520 -0.285703 0.140929 0.007177 0.147581 0.035465 -0.058330 0.039068 -0.000472 0.035114 -0.068657 0.015424 -0.126964 0.068852 -0.032687 -0.176719 -0.214044 -0.207576 -0.085736 -0.233424 0.106978 0.050578 -0.172729 -0.043452 -0.039355 -0.298832 -0.069832 -0.188826
0.383988 0.347789 -0.196046 -0.404939 0.086468 -0.016902 -0.179800 0.139716 0.132068 0.410860 0.311183 0.375911 0.662803 1.000000 -0.030280 0.309066 -0.000193 0.108224 -0.288759 -0.246956 -0.046776 -0.266331 -0.574924 -0.430448 0.137239 -0.149473 -0.060166 -0.206015 0.157117 0.118484 -0.140183 -0.244686 0.000827 -0.184994 -0.216115 -0.211218 0.215353 0.256591 -0.208491 -0.009516 -0.071105 -0.011916 0.013049 0.103150 0.068745 -0.039556 -0.028673 0.065153 0.118594 0.081310 -0.223110 0.119561 0.031529 -0.144199 -0.105182 0.029457 -0.134779 -0.244867 0.029220 -0.065525 0.325180 0.473510 -0.021857 0.094561 -0.368448 -0.055991 -0.029758 -0.128689 -0.046097 -0.019233 0.189134 -0.051988 0.187641 0.172497 0.037273 0.078691 0.204095 -0.068887 0.094701 -0.002846 -0.040726 0.032201 -0.323740 -0.139804 -0.304030 -0.033201 -0.239516 -0.342589 -0.309895 -0.393518 0.131388 -0.024395 0.034520 -0.015104 0.020807 0.163990 0.195799 0.104607 -0.044239 0.146905 0.029652 0.066977 -0.019609 -0.055008 0.090691 0.127040 0.162312 0.101843 0.043304 0.107466 -0.024212 0.196010 0.185049 -0.254762 0.121054 0.110209
0.041319 0.115447 0.323141 0.385507 0.778068 0.288889 0.422079 0.305494 0.770860 0.349850 -0.303644 -0.114644 0.303268 -0.030280 1.000000 0.670077 -0.015588 0.016638 0.494225 0.409265 0.226022 0.068866 -0.159221 -0.177945 0.221024 0.107294 0.245982 0.076165 0.428854 0.125816 0.206903 0.111643 -0.229901 -0.131267 -0.074794 -0.184771 0.079043 -0.206387 -0.019123 0.001925 0.374995 0.027854 -0.452913 -0.426621 -0.284027 -0.295152 -0.407666 -0.445275 -0.313602 -0.234482 -0.265690 -0.329400 -0.134234 -0.336974 -0.008717 -0.448549 -0.082141 0.136921 0.208079 0.546462 0.073565 0.256070 0.307218 0.197910 0.018286 0.062065 0.416109 -0.082358 0.333284 0.148842 0.212955 -0.075259 0.250953 -0.040065 0.008067 0.000768 0.151442 0.067989 -0.015838 -0.047342 0.226349 -0.012319 0.726099 0.488667 0.154849 0.041163 0.589242 0.208313 0.353999 0.241828 -0.108121 -0.333834 -0.246792 -0.177687 0.109561 -0.143602 -0.214822 -0.121837 -0.292410 -0.466095 -0.245233 0.210891 0.075671 -0.137134 -0.357247 -0.470636 -0.261283 -0.307761 -0.000237 -0.252058 -0.450738 -0.508095 -0.324452 -0.284235 -0.054425 0.054261
0.169928 0.219553 0.054799 0.211932 0.598509 0.446402 0.142758 0.225126 0.479369 0.668286 -0.232060 -0.182345 0.404187 0.309066 0.670077 1.000000 0.053893 0.058304 0.447400 0.112809 0.153660 -0.021196 -0.260146 -0.199437 0.495287 0.241175 0.431965 0.089789 0.427622 0.198373 0.269720 0.060415 -0.375258 -0.315776 -0.195660 -0.227772 0.189692 -0.071316 -0.000709 0.186990 0.212277 -0.196054 -0.436510 -0.359853 -0.244699 -0.357674 -0.311624 -0.313719 -0.310621 -0.263070 -0.340020 -0.236901 -0.118749 -0.328109 -0.055538 -0.358072 -0.015542 0.149606 0.086216 0.403772 0.164212 0.387348 0.271204 0.300322 -0.172731 -0.022470 0.127464 -0.303094 0.340311 0.093868 0.217904 -0.144246 0.203664 0.050748 -0.173369 -0.125231 0.224558 0.034986 0.055392 0.044665 0.118323 0.007661 0.394093 0.455677 -0.025581 0.035985 0.230932 0.001783 0.211282 -0.032974 -0.163340 -0.297961 -0.319255 -0.037860 0.299443 -0.114236 0.017908 0.002582 -0.153203 -0.309556 -0.158790 0.296612 0.138498 0.017445 -0.114672 -0.235511 -0.133386 -0.225370 0.141222 -0.189450 -0.212358 -0.242993 -0.093355 -0.321293 0.010881 0.182972
0.296805 0.197649 -0.208165 -0.120379 -0.248280 -0.369426 -0.108583 -0.201749 -0.160519 -0.101263 0.186919 0.130797 -0.008388 -0.000193 -0.015588 0.053893 1.000000 0.428363 0.057169 0.206158 0.015640 0.055622 0.046822 -0.208864 -0.055216 -0.268067 -0.047425 -0.133011 0.587854 0.458454 0.008135 0.128266 0.435439 0.408308 0.325478 0.063018 0.178307 0.118194 -0.172213 -0.092447 0.416632 0.325351 -0.417869 -0.420323 -0.571605 -0.589483 -0.402036 -0.461304 -0.570511 -0.648528 -0.213246 -0.525177 -0.186974 -0.334431 -0.102220 -0.234367 0.683564 0.533471 -0.275094 -0.153279 0.083892 -0.104973 0.457442 0.256102 0.314782 0.053929 -0.152978 -0.313889 0.358320 0.058700 -0.071600 -0.031472 0.469451 0.224618 0.388006 -0.042124 0.516032 -0.039762 0.525864 0.514143 0.480980 0.639235 0.105251 0.299976 0.355396 0.403066 -0.148552 0.005978 -0.000425 0.063563 -0.644470 -0.086158 0.030160 0.024161 -0.253296 -0.050760 -0.173618 -0.054862 -0.111487 0.138615 0.045958 0.292249 0.041635 -0.108198 -0.129967 -0.152061 -0.077701 -0.031471 -0.183107 0.006741 -0.469918 -0.107769 -0.205208 -0.109205 -0.244122 0.238976
-0.046277 -0.163014 -0.226320 -0.070865 0.015062 -0.201415 0.080077 -0.195819 0.035252 -0.017445 0.053811 0.112272 0.057634 0.108224 0.016638 0.058304 0.428363 1.000000 0.101623 0.000504 0.133334 -0.071620 -0.252812 -0.408005 0.062396 -0.019251 0.045532 -0.156704 0.364481 0.738827 0.354696 0.307211 0.407797 0.284975 0.260926 0.577459 0.233095 0.160430 -0.229212 -0.359985 0.268953 0.202728 -0.391051 -0.296050 -0.351357 -0.358705 -0.228419 -0.298747 -0.338872 -0.396276 -0.279594 -0.315931 -0.201090 -0.155627 -0.243204 -0.329969 0.258240 0.255018 -0.312644 -0.173250 0.196926 0.240567 0.262330 0.340690 0.201131 -0.020165 -0.076192 -0.053630 0.020222 -0.305130 -0.112761 0.424790 0.420686 0.392378 0.368004 0.106191 0.517391 0.454305 -0.117677 0.761190 0.020929 0.405236 -0.064352 0.091411 -0.046852 0.070221 -0.037675 -0.314188 -0.092568 -0.256872 -0.472276 -0.040105 -0.105613 -0.037002 0.078370 -0.065501 -0.156605 -0.076910 0.148488 0.016395 0.087491 -0.074075 -0.120089 -0.250433 -0.266279 -0.295009 -0.073100 -0.063070 -0.015460 -0.198899 -0.152017 0.021480 -0.105531 -0.097797 -0.119223 0.194958
-0.035817 -0.085935 0.460117 0.670506 0.208874 0.137241 0.468589 -0.060445 0.112990 0.131300 -0.047165 -0.160817 0.085888 -0.288759 0.494225 0.447400 0.057169 0.101623 1.000000 0.588869 -0.022426 0.105113 0.306335 0.140212 -0.024156 0.195406 0.220013 0.095560 0.271090 0.141338 0.328678 0.282021 -0.259780 -0.139607 0.013826 0.067388 0.195710 -0.192330 0.219150 -0.002535 0.345653 -0.026833 -0.468639 -0.403682 -0.338375 -0.294021 -0.408446 -0.285073 -0.432275 -0.394414 -0.262563 -0.468706 -0.022853 -0.176239 -0.009403 -0.389770 0.109179 0.295342 -0.225281 0.048362 0.003392 -0.114836 0.374414 0.255490 0.245151 -0.005714 -0.041652 -0.104761 0.143099 0.037307 0.170464 0.094513 0.118467 0.164843 0.024523 0.018815 0.165779 0.216015 -0.156319 0.183445 0.158815 0.082617 0.674154 0.581786 0.317439 0.192399 0.403911 0.269969 0.478482 0.326953 0.022894 -0.078960 -0.179873 -0.028134 0.205790 -0.277081 -0.185376 -0.164702 -0.104170 -0.340829 -0.155945 -0.019945 -0.105785 -0.224367 -0.410994 -0.372681 -0.389443 -0.370200 0.015232 -0.276396 -0.097153 -0.466872 -0.227788 -0.164600 -0.299579 -0.089342
0.080064 0.136075 0.383476 0.452636 0.216601 -0.005145 0.495971 0.121366 0.174162 0.061313 0.009175 0.089374 -0.008797 -0.246956 0.409265 0.112809 0.206158 0.000504 0.588869 1.000000 0.167990 0.171090 0.243755 0.019966 -0.145041 -0.139578 0.061990 -0.087584 0.412093 0.083992 0.079469 0.160683 -0.074312 0.113536 0.199158 -0.105969 0.199522 -0.210909 -0.096086 -0.050446 0.303630 0.169615 -0.473433 -0.490586 -0.365487 -0.260987 -0.518149 -0.425385 -0.455922 -0.319024 -0.283079 -0.496817 -0.191945 -0.218480 -0.123449 -0.378565 0.320849 0.354120 -0.254052 -0.010553 -0.093722 -0.088606 0.349169 0.162132 0.305228 0.056078 0.016997 -0.032608 0.327038 0.333316 0.221789 0.057540 0.193143 0.028055 0.095222 0.061470 0.159160 0.093788 0.052347 0.024855 0.426857 0.272482 0.533567 0.594770 0.406042 0.249707 0.157671 0.219797 0.252139 0.308798 0.056391 0.029033 0.011416 0.013667 0.047771 -0.107046 -0.557640 -0.297644 -0.244230 -0.354134 -0.019612 0.140269 0.052703 -0.132029 -0.373154 -0.433042 -0.271837 -0.241137 -0.138798 -0.223360 -0.390599 -0.591506 -0.401109 -0.080275 -0.217878 -0.074305
-0.246287 0.031543 -0.076575 -0.039011 0.308137 0.319960 -0.025504 0.128320 0.250086 0.146151 -0.282262 -0.338567 0.006755 -0.046776 0.226022 0.153660 0.015640 0.133334 -0.022426 0.167990 1.000000 0.300182 0.106630 0.075459 0.419800 0.240484 0.430018 0.292725 0.187656 -0.168046 0.132710 0.001827 -0.128300 -0.074368 0.208700 -0.300709 0.139399 0.022924 0.092738 0.204369 0.147207 -0.044712 -0.432988 -0.460584 -0.326231 -0.268838 -0.477769 -0.557796 -0.392227 -0.293757 -0.124280 -0.231807 -0.376205 -0.265557 0.007007 -0.257372 0.176725 0.181270 0.152034 0.222421 0.079889 0.090908 0.004349 -0.065069 0.028518 0.344541 0.109291 -0.027607 0.398035 0.279213 0.472527 0.009281 -0.062271 -0.060480 -0.136738 0.071850 0.033550 -0.002811 0.086719 -0.053436 0.083799 0.166105 0.165585 0.095648 0.050385 0.229916 0.226590 0.030233 0.346025 0.002807 -0.122630 0.205711 -0.014907 0.319793 0.260406 0.203310 -0.191697 0.084098 0.059753 -0.047300 -0.055550 0.286462 0.317194 0.260701 0.087018 -0.221079 0.197738 -0.075944 0.017087 0.175180 -0.383149 -0.117937 -0.008694 -0.011183 0.333890 0.143840
0.112389 0.075582 0.265242 -0.070845 -0.055939 0.229541 0.073562 -0.233556 -0.057613 -0.052622 0.050116 -0.123547 -0.110847 -0.266331 0.068866 -0.021196 0.055622 -0.071620 0.105113 0.171090 0.300182 1.000000 0.370017 0.285496 0.205643 0.190522 0.301919 0.320310 0.086667 -0.290592 0.168449 0.119974 -0.256201 -0.118986 -0.132015 -0.032308 -0.016990 -0.216081 0.199433 0.224111 -0.059034 -0.163950 -0.085502 -0.073094 0.070998 0.071930 -0.157809 -0.190296 -0.069823 -0.117373 0.175032 -0.081882 -0.018365 -0.168769 0.114044 -0.163324 0.310848 0.189381 0.161383 0.018246 -0.012409 -0.286475 0.083981 0.106210 0.055002 -0.021757 0.057426 0.001195 0.314466 0.175495 0.179950 0.161097 -0.285435 -0.155992 -0.410186 -0.121935 -0.007993 0.036610 -0.002571 0.010660 -0.010155 0.118604 0.137439 0.184869 0.127952 0.187611 0.042935 0.000046 0.264864 0.036361 -0.216394 -0.195812 -0.279151 -0.060119 0.276555 -0.046176 -0.111220 -0.131111 -0.121890 -0.244578 0.004816 0.176434 0.091614 -0.073356 -0.230037 -0.213769 -0.112864 -0.103292 0.047874 -0.068315 -0.167689 -0.405647 -0.342775 -0.289643 -0.176908 0.100457
-0.232401 -0.273439 0.389616 0.299815 -0.321931 0.072024 0.061976 -0.286305 -0.443150 -0.326039 0.249490 -0.232803 -0.248411 -0.574924 -0.159221 -0.260146 0.046822 -0.252812 0.306335 0.243755 0.106630 0.370017 1.000000 0.804319 0.035974 0.306497 0.231312 0.393348 -0.138749 -0.381735 0.090269 0.224497 -0.268283 -0.067147 0.067442 -0.133099 -0.061766 -0.023497 0.434020 0.127421 0.102818 0.033779 -0.092531 -0.160377 -0.160587 -0.032635 -0.153984 -0.101818 -0.241742 -0.237036 0.225609 -0.158198 -0.018391 0.079488 0.173458 0.022745 0.149247 0.143381 -0.143363 -0.313392 -0.255282 -0.720954 -0.066808 -0.230935 0.388694 0.187657 -0.332457 -0.032461 0.027964 -0.031419 0.231271 0.123579 -0.387733 -0.027716 -0.175382 0.055792 -0.106378 0.002686 0.016743 -0.023498 -0.062802 0.052938 0.299151 0.208385 0.477318 0.330014 0.150302 0.390305 0.441541 0.246950 -0.016455 0.192174 0.043411 0.285748 0.053420 0.089444 -0.165318 0.105778 -0.011614 0.041984 -0.087220 0.041549 -0.049224 0.111505 -0.065348 -0.044751 -0.122100 -0.288382 0.166500 0.132080 -0.057152 -0.152244 -0.079262 0.194192 0.096272 -0.126766
-0.270281 -0.271099 0.362517 0.311099 -0.214365 0.197633 0.034659 -0.146288 -0.330387 -0.205056 0.076166 -0.226436 -0.239092 -0.430448 -0.177945 -0.199437 -0.208864 -0.408005 0.140212 0.019966 0.075459 0.285496 0.804319 1.000000 0.159581 0.364330 0.221598 0.407244 -0.289847 -0.476125 0.084981 0.188260 -0.414848 -0.309111 -0.095456 -0.229552 -0.087564 -0.029851 0.456889 0.263503 -0.070363 -0.120310 0.030650 -0.027126 0.056879 0.115713 -0.021800 0.041462 -0.030616 -0.091476 0.377432 0.002517 0.005730 0.067724 0.183351 0.055100 -0.140519 -0.168427 0.009316 -0.214994 -0.193313 -0.567021 -0.170995 -0.251591 0.273749 0.195501 -0.164659 0.141166 -0.098722 -0.133217 0.317846 0.134437 -0.458245 -0.074915 -0.349352 0.041902 -0.273359 -0.001606 -0.034184 -0.228037 -0.296506 -0.147168 0.132336 0.085735 0.303730 0.289214 0.087224 0.279782 0.320656 0.146031 0.127756 0.098524 -0.022784 0.170674 0.132340 0.174810 -0.027644 0.227949 -0.086246 -0.084280 -0.126859 -0.123132 -0.095706 0.086712 0.046544 0.026297 -0.178025 -0.275263 0.318131 0.185288 0.076130 -0.123856 0.000183 0.103340 0.195633 -0.235856
-0.088104 -0.091821 -0.152312 -0.071137 0.409962 0.590418 -0.188460 -0.006531 0.259503 0.633710 -0.232342 -0.305511 0.049534 0.137239 0.221024 0.495287 -0.055216 0.062396 -0.024156 -0.145041 0.419800 0.205643 0.035974 0.159581 1.000000 0.560084 0.621400 0.418535 0.248738 0.031347 0.329633 0.168497 -0.363505 -0.183471 -0.074796 -0.143736 0.075881 -0.176485 -0.004620 0.108913 0.044614 -0.374298 -0.208804 -0.190812 -0.125018 -0.208540 -0.159104 -0.212417 -0.141020 -0.137754 -0.036080 -0.029751 -0.218902 -0.215002 0.014587 -0.185229 0.019143 -0.021148 0.172960 0.087095 -0.013533 0.136251 -0.063222 0.054647 -0.177869 0.065494 0.014659 -0.173164 0.218739 -0.045185 0.182531 -0.044749 -0.069804 -0.240259 -0.334649 -0.160695 -0.043203 -0.036182 -0.025280 0.055821 -0.098949 0.007351 -0.064620 0.138672 -0.188434 0.032521 -0.051959 -0.120424 0.112801 -0.263741 -0.299576 -0.081093 -0.363447 0.221910 0.357725 -0.045057 -0.034647 -0.078822 -0.115788 -0.135925 -0.121375 0.270727 0.208917 0.172963 0.131955 -0.000397 0.149537 -0.017265 0.033279 -0.156530 -0.117022 0.003334 -0.050590 -0.192111 0.289044 0.214752
-0.435950 -0.303616 0.117364 0.158390 0.214576 0.609702 0.026843 0.003856 0.064035 0.329379 -0.081495 -0.272524 0.033127 -0.149473 0.107294 0.241175 -0.268067 -0.019251 0.195406 -0.139578 0.240484 0.190522 0.306497 0.364330 0.560084 1.000000 0.424482 0.559876 -0.063856 -0.121919 0.529767 0.469720 -0.402095 -0.084130 -0.070748 0.067401 0.110954 -0.096172 0.070920 -0.147501 -0.096358 -0.334082 -0.009903 -0.057612 -0.036635 -0.046690 0.041460 -0.015032 -0.097485 -0.087869 0.035759 -0.098071 0.023110 0.045074 -0.200437 -0.321867 -0.262656 -0.035566 0.025447 0.085843 0.022305 -0.064017 -0.127965 -0.171762 -0.024304 0.148016 -0.120716 0.009250 -0.002577 -0.071334 0.221985 0.224932 -0.280363 -0.082358 -0.303902 0.060129 -0.030510 0.167927 -0.245710 0.027824 -0.224522 -0.152130 0.087950 0.007057 -0.040329 -0.045187 0.174114 -0.020091 0.173144 -0.230507 -0.036433 -0.028636 0.069493 0.056255 0.325694 -0.173927 0.160809 -0.007638 -0.094469 -0.154704 0.174876 0.044926 0.205372 0.242630 0.053734 -0.092554 0.033131 -0.052587 0.003498 -0.104676 0.141578 -0.098842 -0.007643 0.276651 0.139387 -0.076633
-0.023311 0.065218 0.055657 0.163225 0.370800 0.734386 -0.105195 0.096544 0.081197 0.356821 -0.116436 -0.477208 -0.023430 -0.060166 0.245982 0.431965 -0.047425 0.045532 0.220013 0.061990 0.430018 0.301919 0.231312 0.221598 0.621400 0.424482 1.000000 0.744119 0.024652 -0.148811 0.102795 -0.024224 -0.325310 -0.182579 -0.077101 -0.106669 -0.179597 -0.185858 0.095087 0.191349 -0.095802 -0.294581 -0.435580 -0.425045 -0.342630 -0.396619 -0.329578 -0.362889 -0.272995 -0.244624 -0.100671 -0.117219 -0.108056 -0.253825 -0.051276 -0.378051 0.126560 0.216612 0.248045 0.180133 0.225427 0.124086 0.091219 0.203457 0.005866 0.293580 0.051101 -0.169240 0.363250 0.162365 0.157654 -0.013220 -0.209582 -0.140974 -0.434753 -0.181724 -0.063603 0.077447 -0.082686 0.090732 -0.183788 -0.040149 0.190318 0.188408 0.015568 0.086121 0.060830 -0.014624 0.424984 -0.096181 -0.202327 -0.032821 -0.211320 0.232098 0.561352 -0.041250 -0.101267 0.057636 -0.166120 -0.379161 -0.123917 0.325229 0.168269 0.274107 0.145429 -0.128947 -0.088590 -0.241787 0.114258 -0.110597 -0.147372 -0.110417 -0.092931 -0.118549 0.186840 0.174357
-0.148985 0.067554 0.077710 0.074339 0.068665 0.697293 -0.243170 -0.066380 -0.109600 0.023804 -0.096008 -0.479104 -0.154346 -0.206015 0.076165 0.089789 -0.133011 -0.156704 0.095560 -0.087584 0.292725 0.320310 0.393348 0.407244 0.418535 0.559876 0.744119 1.000000 -0.178715 -0.349645 -0.001637 -0.018528 -0.253970 -0.026215 -0.078075 -0.078902 -0.217296 -0.154933 0.124779 0.097676 -0.124178 -0.183850 -0.194999 -0.224133 -0.238700 -0.255542 -0.147350 -0.224311 -0.104575 -0.151006 0.132187 -0.026550 0.091692 -0.185637 -0.053572 -0.334382 0.087801 0.302892 0.416743 0.262303 0.221328 -0.123708 0.000973 0.025873 -0.024136 0.357960 0.122437 0.002235 0.340937 0.288617 0.143909 -0.069195 -0.396611 -0.252860 -0.448483 -0.211758 -0.156136 -0.039741 0.032330 0.014573 -0.126735 -0.020744 0.144014 -0.109999 0.086566 -0.020378 0.104153 -0.014848 0.426132 -0.021662 -0.068343 -0.074636 0.053236 0.121824 0.387390 -0.142906 0.094129 0.112840 -0.197567 -0.259780 -0.008462 0.198754 0.187500 0.353889 0.212148 -0.092975 0.010945 -0.082775 -0.042438 0.016634 -0.029527 -0.032887 0.042143 0.071031 0.172179 0.059953
0.088285 0.106685 -0.091348 0.030018 0.275330 -0.055712 0.242138 0.035198 0.303306 0.369132 -0.233610 0.141786 0.199669 0.157117 0.428854 0.427622 0.587854 0.364481 0.271090 0.412093 0.187656 0.086667 -0.138749 -0.289847 0.248738 -0.063856 0.024652 -0.178715 1.000000 0.548879 0.408202 0.398723 0.240514 0.358963 0.028089 -0.063118 0.202327 -0.326663 -0.367416 -0.214283 0.455384 0.008227 -0.418400 -0.453326 -0.349064 -0.398324 -0.366307 -0.494738 -0.426870 -0.438885 -0.161583 -0.417399 -0.166991 -0.251749 -0.310928 -0.462791 0.253212 0.340423 -0.280551 0.149970 -0.099431 0.122130 0.537089 0.370540 0.153153 -0.139435 0.027597 -0.295806 0.332961 0.146856 0.049421 -0.112474 0.719658 -0.050633 0.264747 -0.087716 0.369069 -0.099586 0.359394 0.227328 0.580168 0.517363 0.300005 0.613707 0.243503 0.262022 0.064524 -0.119047 -0.027441 -0.120914 -0.519867 -0.330999 -0.220625 -0.267439 -0.215119 -0.240067 -0.291562 -0.379601 -0.288246 -0.212643 0.089130 0.289449 0.087589 -0.144987 -0.189021 -0.173827 -0.134510 -0.015375 -0.188638 -0.389187 -0.589920 -0.366106 -0.417464 -0.278471 -0.261683 0.177943
-0.042748 -0.162837 -0.270166 -0.028335 0.097882 -0.216154 0.170059 0.035875 0.117707 0.196842 -0.099804 0.299055 -0.021527 0.118484 0.125816 0.198373 0.458454 0.738827 0.141338 0.083992 -0.168046 -0.290592 -0.381735 -0.476125 0.031347 -0.121919 -0.148811 -0.349645 0.548879 1.000000 0.414989 0.409890 0.440707 0.401318 0.027226 0.565731 0.118149 0.002527 -0.402618 -0.390338 0.280883 0.080537 -0.249514 -0.222715 -0.269639 -0.330885 -0.070662 -0.138757 -0.202357 -0.260984 -0.282988 -0.253610 -0.106406 -0.083288 -0.339688 -0.291892 0.145791 0.153400 -0.403735 -0.060305 0.032672 0.278911 0.297875 0.342661 0.182958 -0.111038 -0.056103 -0.090545 0.019131 -0.290724 -0.354716 0.262320 0.589855 0.337266 0.448873 0.055398 0.507695 0.360263 -0.077156 0.659082 0.127730 0.353509 -0.047503 0.242534 -0.087214 -0.177391 -0.151939 -0.309979 -0.338192 -0.256451 -0.540068 -0.300747 -0.199965 -0.325116 -0.099611 -0.261195 -0.140395 -0.209363 -0.141512 -0.122115 0.178019 -0.040814 -0.135809 -0.230636 -0.202620 -0.144842 -0.186768 0.049124 -0.166098 -0.369755 -0.115084 -0.018511 -0.225107 -0.082144 -0.241493 0.140523
-0.472851 -0.467996 0.099387 0.151755 0.314913 0.211148 0.443523 0.081334 0.179647 0.270581 -0.176877 0.066675 0.008221 -0.140183 0.206903 0.269720 0.008135 0.354696 0.328678 0.079469 0.132710 0.168449 0.090269 0.084981 0.329633 0.529767 0.102795 -0.001637 0.408202 0.414989 1.000000 0.909801 -0.126712 0.135287 -0.153853 0.310756 0.056772 -0.324732 -0.262796 -0.408769 0.100693 -0.365069 -0.064714 -0.157678 0.092214 0.042979 0.027565 -0.145447 -0.017668 -0.082644 0.198007 -0.117347 0.011349 0.198568 -0.448290 -0.463127 -0.232772 -0.080735 -0.307597 0.058696 -0.147149 0.072235 0.140828 0.112501 0.252431 -0.101037 -0.015528 0.082718 -0.135163 -0.263437 0.094177 0.329410 0.231440 -0.025822 -0.082973 -0.021821 0.163782 0.225728 -0.350819 0.282841 -0.033788 -0.009657 0.098830 0.398107 0.051633 0.000940 0.064225 -0.183017 -0.173788 -0.410973 -0.366234 -0.365740 -0.255766 -0.327965 0.079826 -0.332810 -0.158378 -0.296571 -0.282428 -0.281851 0.327392 0.042758 0.179521 -0.028487 -0.220098 -0.240527 -0.187889 -0.058037 0.038536 -0.394902 -0.135938 -0.211769 -0.143987 0.035373 -0.196339 -0.184997
-0.447979 -0.479569 0.133122 0.209610 0.141264 0.060053 0.436499 0.040942 0.029714 0.111003 -0.016390 0.227564 -0.010085 -0.244686 0.111643 0.060415 0.128266 0.307211 0.282021 0.160683 0.001827 0.119974 0.224497 0.188260 0.168497 0.469720 -0.024224 -0.018528 0.398723 0.409890 0.909801 1.000000 -0.009081 0.335586 -0.067586 0.371746 -0.015157 -0.367178 -0.316485 -0.543774 0.121861 -0.276948 -0.036057 -0.154974 0.040335 0.046905 0.028731 -0.120160 -0.063384 -0.149075 0.245060 -0.227225 -0.005150 0.191185 -0.534209 -0.512075 -0.202088 -0.059044 -0.372357 -0.065164 -0.129094 -0.046086 0.115381 0.003721 0.467629 -0.050550 -0.035869 0.169753 -0.174081 -0.262709 0.043828 0.374299 0.208324 -0.006530 0.028013 0.016314 0.197708 0.204097 -0.257554 0.295054 0.009422 0.012946 0.103696 0.415951 0.260195 0.105932 -0.004057 -0.140260 -0.225475 -0.380704 -0.367706 -0.309268 -0.082050 -0.324304 -0.067329 -0.363946 -0.242151 -0.321201 -0.373875 -0.273780 0.334505 0.003403 0.105219 -0.100727 -0.210499 -0.206986 -0.274033 0.008729 -0.086091 -0.391678 -0.148596 -0.221688 -0.262723 0.068273 -0.270265 -0.278561
0.088312 0.119660 -0.418361 -0.268685 -0.317940 -0.479106 -0.128758 -0.173188 -0.195428 -0.394832 -0.055710 0.206573 -0.167219 0.000827 -0.229901 -0.375258 0.435439 0.407797 -0.259780 -0.074312 -0.128300 -0.256201 -0.268283 -0.414848 -0.363505 -0.402095 -0.325310 -0.253970 0.240514 0.440707 -0.126712 -0.009081 1.000000 0.667047 0.319518 0.267909 0.040345 0.058196 -0.294092 -0.326587 0.167372 0.347146 0.075631 0.019448 -0.087421 -0.082441 0.106362 -0.052953 -0.013462 -0.040600 0.053430 0.054810 0.164929 0.147235 -0.223304 0.004690 0.229831 0.206745 -0.273152 -0.146302 -0.058077 0.046519 0.212649 0.177664 0.044485 -0.156020 -0.108383 -0.174165 0.066134 0.018700 -0.327963 -0.072343 0.496146 0.089647 0.622906 0.054654 0.246503 -0.101189 0.210640 0.253018 0.293317 0.434232 -0.256705 -0.185181 0.019780 0.024043 -0.275806 -0.291352 -0.342402 -0.136919 -0.286721 -0.035803 0.214425 -0.100601 -0.439310 -0.033512 0.012830 -0.059267 0.120479 0.242419 0.283742 -0.011144 -0.115165 -0.137270 -0.006560 0.062145 0.076197 0.267945 -0.243765 0.030545 -0.147478 0.216710 0.001862 0.094726 -0.176879 0.048110
-0.194503 -0.071815 -0.250510 -0.055459 -0.158551 -0.262624 -0.018907 -0.026997 -0.061192 -0.136277 -0.059548 0.142203 -0.161936 -0.184994 -0.131267 -0.315776 0.408308 0.284975 -0.139607 0.113536 -0.074368 -0.118986 -0.067147 -0.309111 -0.183471 -0.084130 -0.182579 -0.026215 0.358963 0.401318 0.135287 0.335586 0.667047 1.000000 0.376662 0.417420 -0.111215 -0.353367 -0.523987 -0.520751 0.040048 0.022590 -0.047360 -0.176424 -0.247415 -0.190569 0.024140 -0.150346 -0.131635 -0.166426 0.041538 -0.218664 0.061925 0.089047 -0.451063 -0.301524 0.163786 0.350222 -0.139509 0.038575 0.044590 0.057911 0.134643 0.019494 0.257707 0.014972 0.047735 0.084478 0.064045 0.145486 -0.398018 -0.087995 0.418778 -0.223628 0.390631 -0.088455 0.182232 -0.154544 0.257735 0.177408 0.288268 0.222345 -0.166607 0.025536 0.137747 -0.081007 -0.239681 -0.230179 -0.233199 -0.142083 -0.344122 0.010856 0.364941 -0.144716 -0.384113 -0.371666 -0.158212 -0.398166 -0.167653 0.013228 0.470235 0.135277 0.108307 0.020000 0.108942 0.117356 0.119272 0.399755 -0.491812 -0.255439 -0.207838 0.130256 -0.196665 0.133180 -0.330568 -0.057984
-0.176160 -0.053720 -0.238471 0.149489 -0.107335 -0.247662 -0.156305 -0.121355 -0.002188 -0.147401 0.079924 -0.181197 -0.165454 -0.216115 -0.074794 -0.195660 0.325478 0.260926 0.013826 0.199158 0.208700 -0.132015 0.067442 -0.095456 -0.074796 -0.070748 -0.077101 -0.078075 0.028089 0.027226 -0.153853 -0.067586 0.319518 0.376662 1.000000 0.094148 0.175449 0.153113 -0.082988 -0.021795 0.205888 0.241958 -0.280229 -0.258950 -0.462972 -0.351106 -0.247653 -0.278760 -0.401525 -0.276866 -0.188943 -0.277502 -0.073138 -0.077176 0.059537 -0.036618 0.272983 0.230689 -0.098656 -0.100261 0.011695 -0.057291 -0.066771 -0.108571 0.176293 0.132184 -0.058057 -0.063681 0.088247 0.017311 0.052631 -0.058283 0.131867 0.017419 0.308096 0.106491 0.191068 -0.108621 0.343397 0.130401 0.172553 0.247392 -0.043505 -0.094313 0.211347 0.269117 -0.016829 0.031610 0.206736 0.225626 -0.143493 0.436218 0.345239 0.515424 -0.017420 0.183557 -0.157031 0.003125 0.228096 0.313995 0.152090 0.141685 0.145484 0.032971 0.007518 -0.079936 0.341308 0.040596 -0.120966 0.163245 -0.235067 0.024915 0.046907 0.262724 0.171360 0.077819
-0.225098 -0.368089 -0.068651 0.006544 -0.140213 -0.147241 0.070731 -0.212936 -0.118484 -0.102427 0.091296 0.125443 -0.167565 -0.211218 -0.184771 -0.227772 0.063018 0.577459 0.067388 -0.105969 -0.300709 -0.032308 -0.133099 -0.229552 -0.143736 0.067401 -0.106669 -0.078902 -0.063118 0.565731 0.310756 0.371746 0.267909 0.417420 0.094148 1.000000 -0.141251 -0.148318 -0.273061 -0.506085 -0.053309 0.003874 -0.002652 0.048496 0.002014 0.035730 0.173267 0.138792 0.083043 -0.018704 -0.041547 -0.085928 0.053227 0.103665 -0.256167 -0.213238 0.015107 0.054668 -0.061206 -0.080747 0.176675 0.130984 -0.090286 0.145141 0.255377 -0.069910 0.157878 0.409247 -0.163865 -0.275414 -0.499202 0.448707 0.073832 0.200953 0.189028 0.013317 0.255526 0.477317 -0.417339 0.583399 -0.332706 -0.069091 -0.174687 -0.081056 -0.161496 -0.369229 -0.136618 -0.318427 -0.227408 -0.248621 -0.284449 -0.118975 -0.026958 -0.273462 0.085621 -0.482396 -0.046591 -0.315585 -0.025534 -0.144493 0.311343 -0.205223 -0.097461 -0.148365 -0.121544 -0.046654 -0.170234 0.068145 -0.226927 -0.453769 0.302105 0.104699 -0.145877 -0.012902 -0.388949 -0.191370
