1.000000 0.461073 0.161515 0.323284 0.560753 0.064155 0.365870 -0.107827 0.195983 0.091366 0.531443 0.148042 0.348059 -0.045926 0.247509 0.166432 0.505330 0.312876 0.722903 0.546643 -0.014714 -0.110532 0.171230 0.126812 -0.134536 -0.425821 0.162645 -0.050702 0.321329 0.209077 -0.019984 -0.034183 0.220747 0.149296 -0.395077 -0.378255 -0.353869 -0.177208 -0.192851 -0.295190 -0.294691 -0.028387 -0.136326 -0.117834 -0.155980 -0.219281 -0.280723 -0.401806 -0.369541 -0.142602 -0.230829 -0.181424 0.205842 -0.036260 0.051948 -0.190191 0.600103 0.518702 0.468307 0.064352 0.423695 0.088699 0.481336 0.294782 -0.010483 -0.381228 -0.033023 -0.656871 0.299901 -0.175696 -0.063537 -0.164286 0.327936 -0.109997 0.318397 0.001784 -0.000114 -0.318446 0.088000 0.178618 0.094266 0.192881 0.207633 0.183360 0.120081 -0.259672 0.246108 0.022021 0.416486 0.257406 -0.297545 0.113031 -0.252378 0.008983 -0.010898 -0.065312 -0.142548 -0.065641 -0.208198 0.025261 -0.409893 0.301810 -0.082221 -0.074063 -0.258713 0.028921 -0.326959 -0.214602 0.191132 -0.033010 -0.318458 -0.101256 -0.084875 -0.050241 -0.008456 -0.101025
0.461073 1.000000 -0.277350 0.278023 0.085354 0.026709 0.002164 0.061171 0.099977 0.206499 0.085522 0.316392 0.038534 0.290886 0.096977 0.321185 0.178878 0.217033 0.189544 0.257106 0.006368 0.129321 -0.131682 -0.002672 -0.367222 -0.502764 -0.062231 -0.204293 -0.025753 0.100910 -0.287618 -0.369700 -0.034644 -0.166855 -0.416887 -0.294105 -0.224865 -0.173989 -0.185254 -0.178162 -0.083833 0.011380 -0.265021 -0.267382 -0.201290 -0.137593 -0.286751 -0.318673 -0.211498 0.027084 -0.235028 0.039183 0.142323 -0.121893 0.002538 -0.107844 0.465846 0.671913 0.207752 0.500309 0.380920 0.424698 0.325644 0.470450 -0.235040 -0.063159 -0.169212 -0.414974 0.377786 0.012019 -0.102598 -0.217451 0.029905 -0.120254 -0.090981 -0.252834 -0.238112 -0.144853 -0.038704 -0.072950 0.034968 0.053062 0.107313 0.306559 -0.077184 -0.124433 -0.022859 0.321807 0.057759 0.379239 0.030084 -0.031247 0.173853 -0.145537 0.123305 0.089417 -0.107432 0.019060 -0.073077 -0.002149 -0.198627 -0.078858 0.064791 -0.047540 0.004695 0.061222 0.199182 -0.117338 0.094645 -0.006595 -0.321612 -0.138994 0.037123 -0.147563 0.019442 -0.050314
0.161515 -0.277350 1.000000 0.268611 0.424760 0.233890 0.744665 0.307152 0.430807 0.248301 0.286249 -0.117970 0.581309 0.021577 0.467584 -0.162701 -0.177116 -0.056705 0.388235 0.118258 0.091751 -0.163386 0.773896 0.404039 0.504081 0.435439 0.288966 0.293810 0.168553 -0.275411 0.484697 0.457589 -0.075360 0.244032 0.173419 0.077579 -0.416191 -0.164992 -0.073781 -0.149264 -0.404372 -0.087724 -0.254842 -0.150817 -0.338180 -0.340555 -0.334169 -0.365585 -0.364199 -0.350764 0.077881 -0.395907 -0.001785 -0.077830 0.186022 -0.210889 -0.389522 -0.311522 0.046755 -0.438512 0.077162 -0.342293 -0.123070 -0.474711 0.652228 -0.019291 0.213819 -0.038192 -0.223383 -0.011403 0.041084 0.098360 -0.059073 0.126620 0.329769 0.223027 -0.207493 -0.235972 -0.347713 0.003210 -0.311465 -0.097136 0.063581 -0.289798 0.587390 0.079538 0.394996 -0.121494 0.538883 -0.117318 -0.467591 0.107688 -0.195896 0.345960 -0.132468 -0.219297 -0.259673 -0.156668 -0.472265 -0.347360 -0.253421 0.076840 -0.179399 -0.363116 -0.230635 -0.275786 -0.287003 -0.182243 -0.130504 -0.157779 -0.166172 -0.433155 -0.351375 -0.045076 -0.010504 -0.141734
0.323284 0.278023 0.268611 1.000000 0.256294 0.209884 0.450710 0.523940 0.266267 0.220116 0.138797 0.077428 0.263118 0.104970 0.235127 0.165707 -0.032340 0.018821 0.381675 0.243941 0.244941 0.018960 0.398048 0.467777 -0.000055 -0.150658 0.022664 -0.041749 0.158313 -0.319418 -0.029380 -0.157714 -0.037781 -0.158943 -0.287503 -0.257987 -0.149139 -0.134911 -0.168270 -0.320604 -0.176704 -0.130172 -0.406218 -0.402349 -0.233399 -0.190630 -0.546048 -0.574124 -0.210468 -0.201270 0.020199 -0.256459 -0.196880 -0.416535 -0.137938 -0.332055 0.006503 0.123774 -0.056016 -0.072545 0.304629 0.138419 0.320376 0.069015 0.382000 0.014202 -0.061852 -0.144825 -0.207313 -0.105197 -0.143714 -0.155100 0.108627 -0.284718 0.098129 -0.252873 -0.289416 -0.448161 -0.128689 -0.147831 -0.253277 -0.238018 0.201828 0.334188 0.398495 0.147726 0.458973 0.461474 0.591617 0.560341 -0.310953 -0.239858 0.180926 -0.097301 -0.044182 0.041347 -0.328139 -0.018064 -0.612712 -0.392709 -0.190482 -0.187858 -0.214990 -0.085480 0.024148 0.005864 -0.012366 -0.062354 0.004011 -0.061667 -0.416207 -0.378211 -0.359305 -0.031619 0.141812 -0.105388
0.560753 0.085354 0.424760 0.256294 1.000000 0.500862 0.512251 0.238438 0.498236 0.362499 0.444271 0.144331 0.451587 -0.022473 0.325851 0.094832 0.180027 0.277879 0.411512 0.383465 0.084597 0.028223 0.405262 0.265164 0.169185 -0.069737 0.435529 0.217556 0.165097 0.120232 0.125791 0.325996 0.108536 0.221702 -0.061335 -0.100168 -0.334544 -0.389736 -0.171595 -0.372567 -0.320654 -0.234654 -0.064256 0.030668 -0.283462 -0.206541 -0.305562 -0.318808 -0.301216 -0.260921 -0.118511 -0.324071 -0.096762 0.005038 0.101983 -0.236711 0.086666 0.232324 0.321856 -0.142047 0.086114 -0.141614 0.065706 -0.172089 0.215189 -0.161404 0.165020 -0.159875 0.069469 0.067860 -0.068551 0.057413 0.059039 0.104193 0.204862 0.086664 -0.131567 -0.157349 -0.059319 0.369735 0.114229 0.218667 0.147504 0.161289 0.274454 -0.028431 0.096945 -0.123970 0.419178 0.055762 -0.140966 0.136139 -0.207111 0.120177 -0.301257 -0.288162 -0.309882 -0.351960 -0.295500 -0.344310 -0.484459 0.169494 -0.141283 -0.250428 -0.463227 -0.177196 -0.495700 -0.263699 -0.150338 -0.271505 -0.150213 -0.378254 -0.271738 -0.263278 -0.124866 -0.253422
0.064155 0.026709 0.233890 0.209884 0.500862 1.000000 0.046021 0.213900 0.055491 0.276644 -0.177812 -0.171886 -0.158341 -0.281419 0.018259 0.058710 -0.144113 0.038754 -0.162714 0.042971 0.419639 0.544738 0.402411 0.360560 0.557740 0.504611 0.832702 0.779148 -0.352390 -0.277104 0.243949 0.277136 -0.168899 -0.197043 0.017180 -0.094985 -0.035738 -0.197363 0.197083 0.103637 0.035882 -0.223324 -0.000638 0.195990 -0.156852 -0.038017 -0.093395 0.032046 -0.049984 -0.148089 0.305890 -0.114230 -0.479574 -0.007895 0.321854 0.112149 -0.040094 0.250421 -0.220851 -0.185383 -0.516049 -0.339299 -0.414889 -0.532016 0.302323 0.143374 0.016585 0.161104 -0.012563 0.113060 0.012542 0.328727 -0.308343 0.109762 0.005112 0.071235 -0.129015 0.178439 0.083097 0.264372 0.064107 0.146945 -0.024089 0.000124 0.237452 0.341536 0.297554 0.176739 0.298278 0.223946 -0.101725 -0.375345 -0.103748 -0.116764 -0.237558 -0.344291 0.041198 -0.209440 -0.205559 -0.383111 -0.341385 0.036110 -0.264683 -0.076459 -0.285646 -0.103191 -0.294621 -0.062767 -0.252595 -0.115914 0.178475 -0.317216 -0.231324 -0.116002 -0.152709 -0.295528
0.365870 0.002164 0.744665 0.450710 0.512251 0.046021 1.000000 0.518675 0.603434 0.329544 0.521677 0.180638 0.805038 0.297957 0.510010 -0.093586 -0.070377 0.135319 0.463362 0.196064 -0.025433 -0.338935 0.667051 0.462901 0.135446 -0.016856 0.005288 -0.102664 0.256247 -0.127864 0.327486 0.299117 -0.179453 0.238006 -0.108500 -0.137350 -0.477766 -0.215599 -0.453855 -0.557691 -0.565999 -0.077452 -0.456134 -0.330987 -0.357267 -0.267493 -0.579619 -0.668366 -0.347978 -0.274793 0.022660 -0.335118 0.161377 -0.175817 -0.074444 -0.526430 -0.147168 -0.159450 0.349404 -0.224991 0.409573 -0.136170 0.293035 -0.007681 0.571583 -0.057922 0.115661 -0.211925 -0.188349 -0.062842 -0.259721 -0.323914 0.084567 0.006929 0.384096 -0.075572 -0.401759 -0.589369 -0.466803 0.115278 -0.269621 -0.042667 0.047180 -0.081502 0.560140 -0.060711 0.280764 -0.137182 0.567361 -0.023536 -0.470079 0.173585 -0.162913 0.258435 -0.227237 -0.058378 -0.576065 -0.124048 -0.591488 -0.357520 -0.305170 0.037407 -0.160964 -0.398495 -0.224642 -0.225934 -0.283625 -0.273160 -0.150774 -0.243321 -0.515854 -0.520242 -0.366859 -0.163028 0.119141 -0.113383
-0.107827 0.061171 0.307152 0.523940 0.238438 0.213900 0.518675 1.000000 0.389961 0.635762 0.004515 0.336414 0.348375 0.551618 -0.008650 -0.056457 -0.436361 -0.134156 0.071685 -0.094035 0.030275 -0.099486 0.264601 0.232455 -0.055313 0.022065 -0.159704 -0.172218 -0.127156 -0.387746 -0.036619 -0.069616 -0.281996 -0.021736 -0.189709 -0.114659 -0.184894 -0.040339 -0.254235 -0.423453 -0.136584 -0.058951 -0.469910 -0.387036 -0.280720 -0.023682 -0.564144 -0.556706 -0.063733 -0.115590 0.153774 -0.002930 -0.173260 -0.465461 -0.394780 -0.505654 -0.278155 -0.279968 0.005746 0.113447 0.250752 0.342800 -0.077597 -0.039297 0.481722 0.531545 0.073247 0.208819 -0.432272 -0.129210 -0.151341 -0.191504 -0.016456 -0.095714 0.230831 -0.269827 -0.191184 -0.319481 -0.305169 -0.174899 -0.453430 -0.426053 -0.153688 -0.130584 0.166519 -0.072391 0.116418 0.070490 0.269149 0.174725 -0.109989 -0.130388 0.374056 -0.082150 -0.107659 0.194995 -0.534794 0.047949 -0.570395 -0.422006 0.006931 -0.231388 -0.103511 -0.099537 0.063742 -0.193485 0.004988 -0.150731 -0.072865 -0.076086 -0.415211 -0.347046 -0.127184 0.066682 0.282636 0.010917
0.195983 0.099977 0.430807 0.266267 0.498236 0.055491 0.603434 0.389961 1.000000 0.402354 0.326022 0.148402 0.592261 0.326879 0.535425 0.095361 -0.021964 0.016412 0.273829 -0.057715 -0.118077 -0.131021 0.316179 0.011035 -0.100779 -0.192534 -0.017103 -0.168436 0.369712 -0.029259 -0.116519 -0.064456 -0.260238 -0.110701 0.081937 0.164962 -0.016838 -0.190078 -0.161293 -0.271898 -0.198046 0.064381 -0.487203 -0.485404 -0.574659 -0.500293 -0.561876 -0.546968 -0.456857 -0.330275 -0.260643 -0.454352 0.017883 -0.268725 0.140748 -0.463495 -0.146772 -0.048332 0.234788 -0.066988 0.392883 0.041057 0.147399 0.014052 0.301992 0.071628 -0.128645 -0.128619 -0.003175 0.195139 0.032438 -0.153386 0.083026 0.133411 0.212545 0.176682 -0.184220 -0.163041 -0.421481 0.004378 -0.093271 -0.087549 0.189886 0.011832 0.353268 -0.105907 -0.001944 -0.126891 0.308532 0.052916 -0.301934 0.149722 0.010385 0.163336 -0.098875 -0.067435 -0.557957 -0.178032 -0.481738 -0.264466 -0.192815 -0.141317 0.019350 -0.180168 0.038854 0.023387 0.068098 -0.020663 -0.299525 -0.385366 -0.458180 -0.550662 -0.332387 -0.243392 0.062535 -0.034210
0.091366 0.206499 0.248301 0.220116 0.362499 0.276644 0.329544 0.635762 0.402354 1.000000 0.092630 0.341001 0.353918 0.514948 0.156889 0.302425 -0.258784 -0.082547 0.092356 -0.005593 -0.002036 -0.222467 0.175205 0.024699 -0.134991 0.066290 -0.052433 -0.077127 -0.037315 -0.183786 -0.077973 -0.081289 -0.078015 0.016501 -0.013622 0.094270 -0.283663 -0.119333 -0.229059 -0.396439 -0.109444 -0.095208 -0.226108 -0.206206 -0.261251 -0.068036 -0.346118 -0.336176 -0.194158 -0.052397 -0.196895 -0.000634 -0.133936 -0.229518 -0.253748 -0.491268 -0.202554 -0.140002 0.138602 0.090424 0.214679 0.349441 -0.158636 -0.128947 0.270952 0.446222 0.004088 0.034559 -0.165934 0.030519 0.081198 0.051374 -0.049271 0.055734 0.292365 -0.065587 -0.075020 -0.117960 -0.460383 -0.225031 -0.402657 -0.400506 -0.043977 -0.119026 0.091937 -0.150567 0.050622 0.017925 0.217066 0.100657 -0.091918 -0.071237 0.298299 -0.051457 0.038282 0.089334 -0.514982 -0.020996 -0.369640 -0.349593 -0.132823 -0.242421 -0.273006 -0.248578 -0.023336 -0.175387 -0.006061 -0.124694 0.010768 -0.195952 -0.273893 -0.229654 0.032567 0.018726 0.136418 -0.089907
0.531443 0.085522 0.286249 0.138797 0.444271 -0.177812 0.521677 0.004515 0.326022 0.092630 1.000000 0.558711 0.771299 0.299966 0.505111 0.184739 0.478092 0.549449 0.417958 0.344380 -0.153050 -0.377240 0.313253 0.321076 -0.093542 -0.285151 -0.095881 -0.295833 0.540599 0.456685 0.145411 0.262457 0.160576 0.441809 -0.154749 -0.191859 -0.297859 -0.197000 -0.458874 -0.473437 -0.566639 -0.050943 -0.191235 -0.047037 -0.362535 -0.367597 -0.367545 -0.441683 -0.505111 -0.349735 -0.368731 -0.363644 0.434290 -0.171327 0.065371 -0.354592 0.051967 0.065242 0.425741 -0.068000 0.429903 -0.033806 0.538150 0.236393 0.006931 -0.295368 0.032533 -0.475550 0.102845 -0.020884 -0.149190 -0.197976 0.390695 0.176700 0.344976 0.042744 -0.188726 -0.358033 -0.213288 0.376848 0.154011 0.273637 0.187687 0.146092 0.388724 -0.096536 0.073891 -0.091133 0.245080 -0.206072 -0.309435 0.320035 -0.198769 0.254485 -0.254752 -0.074770 -0.419387 -0.231965 -0.212467 -0.205268 -0.426232 0.219590 -0.010155 -0.243557 -0.429131 -0.030406 -0.394417 -0.420737 -0.045671 -0.218513 -0.251987 -0.296968 -0.077532 -0.139152 -0.093530 -0.180762
0.148042 0.316392 -0.117970 0.077428 0.144331 -0.171886 0.180638 0.336414 0.148402 0.341001 0.558711 1.000000 0.455366 0.671770 0.064532 0.270992 0.252067 0.479461 -0.027408 0.060217 -0.163769 -0.284829 -0.080460 0.128679 -0.313891 -0.323934 -0.341891 -0.494621 0.098426 0.430344 -0.043376 0.056361 0.196333 0.470877 -0.305605 -0.204060 -0.126543 0.018247 -0.423820 -0.403750 -0.330183 0.148331 -0.147964 0.012478 -0.311522 -0.115199 -0.282868 -0.263055 -0.307746 -0.177371 -0.252781 -0.022094 0.373033 -0.271993 -0.182147 -0.258385 0.059331 0.074884 0.208914 0.228331 0.387084 0.400402 0.339477 0.388461 -0.228944 0.175891 -0.117168 -0.283826 0.018961 -0.119611 -0.238191 -0.288541 0.295132 0.191895 0.258193 -0.032889 -0.129913 -0.192756 -0.136724 0.231421 0.170453 0.117539 -0.133919 0.159342 0.066379 -0.068920 -0.189794 0.027664 -0.176369 -0.050995 -0.059856 0.061952 0.230024 -0.056059 -0.051681 0.180248 -0.370434 -0.016825 -0.116252 -0.198494 -0.221376 -0.084032 0.136109 -0.152718 -0.318958 -0.093433 -0.253180 -0.590586 0.019940 -0.053108 -0.201944 -0.166342 0.240939 0.014640 -0.019441 -0.086080
0.348059 0.038534 0.581309 0.263118 0.451587 -0.158341 0.805038 0.348375 0.592261 0.353918 0.771299 0.455366 1.000000 0.517562 0.502863 0.119114 0.147990 0.350309 0.432702 0.212263 -0.209321 -0.497102 0.411142 0.238411 -0.108476 -0.206921 -0.167467 -0.303108 0.421404 0.244018 0.113194 0.190867 0.013951 0.421590 -0.164672 -0.110458 -0.430188 -0.173289 -0.512835 -0.513672 -0.586998 0.041556 -0.401856 -0.304294 -0.365213 -0.349080 -0.501480 -0.602552 -0.418659 -0.283185 -0.257403 -0.358357 0.298838 -0.217844 -0.089997 -0.502006 -0.193312 -0.147851 0.469103 -0.101100 0.481738 0.014727 0.328477 0.111249 0.270423 -0.097486 0.082245 -0.299124 -0.066778 -0.033837 -0.161958 -0.286603 0.213671 0.146833 0.360596 0.034355 -0.295000 -0.462027 -0.458301 0.154306 -0.091140 0.052230 0.059785 -0.034277 0.452163 -0.131423 0.028398 -0.179785 0.316543 -0.197144 -0.363514 0.373350 -0.083265 0.323719 -0.230258 -0.056266 -0.599952 -0.225145 -0.453227 -0.338904 -0.305652 -0.050509 -0.105590 -0.336047 -0.225112 -0.151363 -0.193436 -0.383715 -0.121085 -0.261662 -0.395475 -0.443262 -0.247671 -0.214171 -0.028168 -0.209978
-0.045926 0.290886 0.021577 0.104970 -0.022473 -0.281419 0.297957 0.551618 0.326879 0.514948 0.299966 0.671770 0.517562 1.000000 0.072760 0.307395 -0.094652 0.217901 0.064559 -0.093418 -0.267632 -0.322003 -0.128940 -0.161900 -0.442788 -0.372194 -0.512213 -0.543780 0.045861 0.203252 -0.161473 -0.202797 0.054582 0.249780 -0.289113 -0.123758 -0.182997 -0.047408 -0.383303 -0.358158 -0.183233 0.100269 -0.333657 -0.344449 -0.206923 -0.072346 -0.288726 -0.380121 -0.125719 0.018978 -0.148694 0.088049 0.315919 -0.301064 -0.371436 -0.342108 -0.050087 -0.109257 0.325433 0.421749 0.513381 0.568479 0.156187 0.418228 -0.078870 0.231397 -0.000621 -0.163972 -0.074144 -0.068787 -0.170322 -0.363104 0.154295 0.018188 0.142030 -0.196097 -0.224872 -0.252454 -0.428876 -0.105880 -0.211314 -0.219579 -0.106792 0.015658 0.007150 -0.330149 -0.254825 -0.020905 -0.128856 -0.004204 0.013967 0.084570 0.284879 -0.068996 -0.024437 0.239653 -0.494880 -0.003893 -0.237528 -0.243184 0.047081 -0.276725 0.073108 -0.115012 -0.018625 -0.105697 0.136577 -0.262950 0.024833 -0.118917 -0.307046 -0.181119 0.045606 0.052696 0.165738 0.016107
0.247509 0.096977 0.467584 0.235127 0.325851 0.018259 0.510010 -0.008650 0.535425 0.156889 0.505111 0.064532 0.502863 0.072760 1.000000 0.374962 0.076686 0.139049 0.276830 0.291660 -0.084073 -0.146107 0.654748 0.428995 0.187205 0.031785 0.154639 0.120755 0.641552 0.003479 0.239401 0.183796 -0.236100 -0.119097 0.348584 0.158537 -0.155083 -0.500839 0.001643 -0.135311 -0.192290 -0.233933 -0.261903 -0.254486 -0.546314 -0.522560 -0.373777 -0.320523 -0.574184 -0.408809 -0.371830 -0.600695 0.083408 -0.125460 0.382864 -0.341418 -0.169198 -0.002750 0.111171 -0.205889 0.218518 -0.161523 0.225400 -0.158676 0.294050 -0.276388 0.012718 -0.183156 0.206469 0.394989 0.074132 0.085324 -0.003331 0.200530 0.042710 0.209522 -0.309399 -0.074515 -0.363738 0.127584 -0.014482 0.041115 0.685233 0.376789 0.679409 0.133590 0.356605 0.231089 0.465024 -0.061516 -0.242895 0.075677 -0.122989 0.392083 -0.283813 -0.361468 -0.436563 -0.383744 -0.382056 -0.298526 -0.417646 0.117805 -0.029823 -0.341858 -0.305682 -0.152600 -0.176975 0.009483 -0.218217 -0.242936 -0.105982 -0.501688 -0.324659 -0.193579 -0.202616 -0.233232
0.166432 0.321185 -0.162701 0.165707 0.094832 0.058710 -0.093586 -0.056457 0.095361 0.302425 0.184739 0.270992 0.119114 0.307395 0.374962 1.000000 0.296984 0.227007 0.080483 0.254011 -0.071950 0.032647 -0.049036 -0.015769 -0.205629 -0.242919 0.020383 -0.014259 0.350575 0.227316 -0.098922 -0.221931 0.133780 -0.017353 -0.118410 -0.127985 0.119944 -0.264155 0.122551 0.106370 0.223265 -0.140062 -0.121336 -0.264986 -0.121562 -0.187745 -0.060372 -0.099675 -0.226275 -0.028533 -0.398670 -0.141131 -0.009840 -0.123968 0.065066 -0.055168 0.193232 0.214734 -0.006543 0.119433 0.143358 0.324840 0.165085 0.159262 -0.264858 -0.123913 -0.232928 -0.262029 0.200240 0.178556 0.135169 0.146243 0.229384 0.061037 0.071824 0.051340 -0.074966 0.092020 0.061023 -0.063096 0.180120 -0.014235 0.403544 0.568794 0.109020 -0.068787 -0.045439 0.446808 0.046768 0.220581 0.108699 -0.134634 0.222046 -0.091593 0.008930 -0.193683 -0.127572 -0.180480 0.003051 -0.081284 -0.078339 -0.204246 -0.142279 -0.099658 -0.130267 -0.076536 0.002705 -0.114716 0.067147 0.051707 0.024062 -0.009849 -0.027189 0.014080 -0.138598 -0.240620
0.505330 0.178878 -0.177116 -0.032340 0.180027 -0.144113 -0.070377 -0.436361 -0.021964 -0.258784 0.478092 0.252067 0.147990 -0.094652 0.076686 0.296984 1.000000 0.523854 0.211454 0.281379 0.040404 -0.040371 -0.143826 -0.005890 -0.077410 -0.307405 0.041266 -0.123137 0.377482 0.559586 0.022445 0.070135 0.482844 0.346934 -0.286244 -0.290349 0.066406 0.079696 -0.082000 -0.026978 -0.170069 0.152473 0.102202 0.078329 -0.117135 -0.316305 0.099562 -0.042886 -0.291151 -0.210705 -0.289583 -0.167549 0.308231 -0.011479 0.133011 0.016324 0.538587 0.426425 0.078444 -0.085372 0.116120 -0.075446 0.441089 0.381940 -0.438285 -0.488151 -0.247578 -0.609656 0.415859 -0.019404 -0.022075 -0.118313 0.468398 0.080307 0.279426 0.249545 0.125262 -0.077820 0.321659 0.306342 0.673888 0.577711 0.061018 0.216971 0.018729 -0.070883 -0.096885 -0.041371 -0.127884 -0.096323 -0.078210 0.134947 -0.246252 -0.003691 0.076017 -0.010845 0.157167 -0.080648 0.264804 0.290750 -0.206833 0.284095 0.168786 0.047643 -0.297584 0.068205 -0.315336 -0.390887 0.151992 0.021731 -0.057811 0.118503 0.156409 0.071854 -0.118304 -0.022246
0.312876 0.217033 -0.056705 0.018821 0.277879 0.038754 0.135319 -0.134156 0.016412 -0.082547 0.549449 0.479461 0.350309 0.217901 0.139049 0.227007 0.523854 1.000000 0.052007 0.222545 -0.049809 -0.010900 0.052455 0.254138 0.031906 -0.239621 0.106305 -0.068490 0.177399 0.761088 0.118437 0.355315 0.369725 0.471702 -0.239975 -0.223138 -0.076502 -0.210804 -0.282846 -0.176958 -0.282508 0.108935 0.010411 0.199769 -0.217563 -0.219382 -0.051940 -0.091545 -0.318836 -0.240768 -0.102731 -0.187934 0.321847 0.097163 0.206747 -0.007946 0.223496 0.441043 0.242520 0.025097 -0.019518 -0.221164 0.296540 0.280434 -0.281571 -0.413957 0.078663 -0.269618 0.332733 -0.008724 -0.251746 -0.083250 0.177525 0.466275 0.131278 0.168408 -0.099351 -0.011327 0.082633 0.750330 0.646485 0.721607 -0.005262 0.281840 0.278846 0.161023 -0.244857 -0.243056 -0.110926 -0.077690 -0.087525 0.090682 -0.312818 -0.002863 -0.233595 -0.235200 -0.097715 -0.327723 0.121677 -0.155151 -0.560939 0.181077 0.164228 -0.301304 -0.654771 -0.258196 -0.466474 -0.506488 -0.183475 -0.228144 0.112993 -0.246288 0.075518 -0.272016 -0.396957 -0.449391
0.722903 0.189544 0.388235 0.381675 0.411512 -0.162714 0.463362 0.071685 0.273829 0.092356 0.417958 -0.027408 0.432702 0.064559 0.276830 0.080483 0.211454 0.052007 1.000000 0.623791 -0.226346 -0.266760 0.173179 -0.060165 -0.190575 -0.378613 -0.131320 -0.145092 0.491613 0.024711 -0.120981 -0.142710 0.234575 0.171215 -0.252581 -0.184134 -0.316073 -0.306741 0.023653 -0.191937 -0.124334 -0.173196 -0.268449 -0.361085 -0.195587 -0.321920 -0.309165 -0.431913 -0.323228 -0.221158 -0.313239 -0.283598 0.182532 -0.149441 -0.009711 -0.242378 0.207896 0.120441 0.384942 0.063403 0.471941 0.175012 0.311773 0.094460 0.113525 -0.324690 0.230725 -0.360370 0.163602 -0.026063 0.139385 -0.018577 0.217565 -0.207142 0.201496 0.032074 0.004737 -0.280293 -0.059814 -0.115388 -0.198329 -0.125240 0.393508 0.141750 0.096321 -0.313300 0.175683 -0.014449 0.415994 0.158662 -0.131293 0.301605 -0.086982 0.202070 -0.099902 -0.160597 -0.171445 -0.185877 -0.281776 -0.002263 -0.191655 0.251824 -0.000073 -0.013421 -0.071063 -0.059026 -0.085930 0.074766 0.117622 0.049468 -0.240673 -0.134017 -0.209634 -0.046860 -0.113088 -0.190363
0.546643 0.257106 0.118258 0.243941 0.383465 0.042971 0.196064 -0.094035 -0.057715 -0.005593 0.344380 0.060217 0.212263 -0.093418 0.291660 0.254011 0.281379 0.222545 0.623791 1.000000 -0.256878 -0.241759 0.192587 0.137085 -0.037866 -0.265701 0.063991 0.081462 0.419379 0.184703 -0.039952 0.034781 0.277118 0.240156 -0.063733 -0.148969 -0.249905 -0.517480 0.047556 -0.069415 -0.055950 -0.460017 -0.106944 -0.090793 -0.114966 -0.221287 -0.125658 -0.226446 -0.239284 -0.277293 -0.337570 -0.346188 -0.103125 -0.067785 0.117513 -0.193999 0.168151 0.283061 0.172233 -0.000495 0.051253 -0.000648 0.106263 -0.101275 -0.080621 -0.355876 0.222878 -0.122799 0.376476 0.307789 0.181503 0.177617 -0.113906 -0.114092 -0.045839 -0.020084 -0.027773 -0.032066 0.131001 0.069594 0.088434 0.118831 0.495680 0.442854 0.073046 -0.063647 0.145086 0.141584 0.265414 0.002898 0.183049 0.281240 0.038593 0.314205 -0.159701 -0.311135 -0.029435 -0.380517 -0.002884 0.022160 -0.241469 0.323873 0.074806 -0.000079 -0.351001 -0.018439 -0.220179 -0.087147 0.168968 0.034595 0.057223 -0.120127 -0.102919 -0.065739 -0.203951 -0.180057
-0.014714 0.006368 0.091751 0.244941 0.084597 0.419639 -0.025433 0.030275 -0.118077 -0.002036 -0.153050 -0.163769 -0.209321 -0.267632 -0.084073 -0.071950 0.040404 -0.049809 -0.226346 -0.256878 1.000000 0.573714 0.262569 0.440724 0.310724 0.355420 0.447999 0.312449 -0.155662 -0.214336 0.351420 0.279595 -0.086883 -0.122056 -0.177523 -0.193575 -0.185293 0.226284 -0.115967 -0.134567 -0.182514 -0.012833 0.181448 0.172615 0.155945 0.218445 0.081722 -0.007965 0.165538 0.146636 0.326199 0.144417 -0.082373 0.072751 -0.116111 0.177174 0.065489 0.146566 -0.279226 -0.293800 -0.114653 -0.227820 0.116479 -0.041880 0.267658 -0.027502 -0.336743 -0.191187 -0.221648 -0.281925 -0.250504 -0.037532 0.242262 -0.148301 0.095368 -0.180554 -0.188624 -0.247414 -0.004158 0.052426 0.015815 0.113251 -0.134311 -0.027973 0.278540 0.144140 0.380448 0.285254 0.309166 0.171190 -0.343557 -0.548799 -0.281968 -0.408811 0.100065 0.157529 0.162267 0.250347 -0.247025 -0.196499 -0.188247 -0.295158 -0.511628 -0.167272 0.027074 -0.041073 -0.165491 -0.075448 0.053615 0.009592 -0.070011 0.071402 -0.155824 -0.054990 0.080385 0.068700
-0.110532 0.129321 -0.163386 0.018960 0.028223 0.544738 -0.338935 -0.099486 -0.131021 -0.222467 -0.377240 -0.284829 -0.497102 -0.322003 -0.146107 0.032647 -0.040371 -0.010900 -0.266760 -0.241759 0.573714 1.000000 -0.012669 0.101666 0.317039 0.234639 0.551989 0.485660 -0.199129 -0.121560 0.079902 0.021947 -0.221924 -0.378798 -0.157231 -0.165451 0.190514 0.084110 0.353499 0.364110 0.247485 0.134111 0.113806 0.123888 0.045163 0.081568 0.079152 0.162943 0.096646 0.107168 0.198767 0.053274 -0.212635 0.024886 0.236637 0.398381 0.201822 0.341428 -0.281594 0.082138 -0.301151 -0.159597 -0.169514 -0.073402 -0.014555 -0.076333 -0.120497 -0.000892 0.131892 -0.029925 -0.022370 0.151984 0.010108 0.049625 -0.218416 0.055829 -0.003694 0.250349 0.428707 0.206678 0.208376 0.160691 0.025169 0.135542 -0.011861 0.186823 0.102658 0.301823 0.018358 0.209036 -0.039928 -0.471466 -0.217604 -0.350083 -0.057835 -0.124900 0.322821 -0.022389 -0.029755 -0.059911 -0.111923 -0.173008 -0.091669 0.099659 0.070709 -0.018083 0.090848 0.150548 -0.183594 0.081315 0.126824 -0.038697 -0.179954 -0.187698 -0.142267 -0.061666
0.171230 -0.131682 0.773896 0.398048 0.405262 0.402411 0.667051 0.264601 0.316179 0.175205 0.313253 -0.080460 0.411142 -0.128940 0.654748 -0.049036 -0.143826 0.052455 0.173179 0.192587 0.262569 -0.012669 1.000000 0.783579 0.611042 0.462298 0.450537 0.429639 0.181285 -0.345370 0.588955 0.525400 -0.308128 0.010736 0.212665 -0.064003 -0.339536 -0.320019 -0.113910 -0.218779 -0.373042 -0.286779 -0.226523 -0.047580 -0.371264 -0.260346 -0.363095 -0.392787 -0.345303 -0.331211 0.169976 -0.384552 -0.095043 -0.107502 0.284359 -0.290904 -0.310926 -0.174189 -0.021876 -0.420273 -0.053397 -0.441088 -0.008196 -0.447623 0.729249 -0.081106 0.121974 -0.058868 -0.165401 0.054327 -0.128375 0.074370 -0.094063 0.107878 0.207946 0.069484 -0.342464 -0.265524 -0.303328 0.198264 -0.182353 0.035021 0.231450 -0.067390 0.741838 0.181317 0.601330 0.122905 0.635370 -0.068511 -0.414798 -0.109570 -0.217045 0.303340 -0.319761 -0.318814 -0.334501 -0.229545 -0.531121 -0.501649 -0.465160 0.144907 -0.265719 -0.339602 -0.352569 -0.233204 -0.412091 -0.179828 -0.244973 -0.159745 -0.136920 -0.510894 -0.427770 -0.116416 -0.026009 -0.202085
0.126812 -0.002672 0.404039 0.467777 0.265164 0.360560 0.462901 0.232455 0.011035 0.024699 0.321076 0.128679 0.238411 -0.161900 0.428995 -0.015769 -0.005890 0.254138 -0.060165 0.137085 0.440724 0.101666 0.783579 1.000000 0.471290 0.326892 0.349895 0.253484 0.119366 -0.165091 0.553251 0.530209 -0.227593 0.087871 0.041582 -0.169058 -0.293795 -0.174323 -0.307199 -0.363321 -0.447820 -0.175777 -0.092792 0.122575 -0.192466 -0.045648 -0.319934 -0.321200 -0.214900 -0.199387 0.200134 -0.223460 -0.019419 -0.120694 0.092272 -0.242771 -0.201566 -0.047930 -0.152810 -0.360831 -0.020341 -0.355137 0.272703 -0.152624 0.509034 -0.071895 -0.003473 -0.064231 -0.235438 -0.088340 -0.283028 -0.039668 0.085170 0.082175 0.173651 -0.134281 -0.397795 -0.360322 -0.104232 0.341209 0.001951 0.158068 0.095538 0.135755 0.684748 0.335098 0.527516 0.289662 0.512819 0.075770 -0.420889 -0.337908 -0.230080 -0.015884 -0.253019 -0.093306 -0.281381 -0.079606 -0.457661 -0.518821 -0.490914 0.035795 -0.366769 -0.409843 -0.376894 -0.273723 -0.488927 -0.292959 -0.116241 -0.139899 -0.123911 -0.374060 -0.271714 -0.130614 0.020267 -0.187262
-0.134536 -0.367222 0.504081 -0.000055 0.169185 0.557740 0.135446 -0.055313 -0.100779 -0.134991 -0.093542 -0.313891 -0.108476 -0.442788 0.187205 -0.205629 -0.077410 0.031906 -0.190575 -0.037866 0.310724 0.317039 0.611042 0.471290 1.000000 0.816964 0.633173 0.708179 -0.160694 -0.219301 0.672691 0.671390 -0.037654 0.031727 0.348024 0.075681 -0.065822 -0.139573 0.232211 0.242124 -0.103813 -0.200365 0.154220 0.361473 -0.167778 -0.124846 0.093830 0.183274 -0.166019 -0.326410 0.287326 -0.246098 -0.229990 0.155920 0.418015 0.218235 -0.268479 -0.060645 -0.345009 -0.522703 -0.590874 -0.673626 -0.443227 -0.621519 0.425390 -0.026440 0.199154 0.132248 -0.034799 0.126644 0.084173 0.328091 -0.293649 0.202437 0.005221 0.196259 -0.123357 0.176850 0.103871 0.298113 0.148101 0.272877 -0.045319 -0.167196 0.390834 0.449706 0.308143 -0.046243 0.162210 -0.229029 -0.224187 -0.193702 -0.346059 0.169107 -0.185823 -0.433679 0.196756 -0.248575 0.018095 -0.138664 -0.296721 0.267514 0.044997 -0.066925 -0.355515 -0.038936 -0.380550 -0.215903 -0.250659 -0.114065 0.209924 -0.314319 -0.151641 0.020857 -0.237021 -0.205775
-0.425821 -0.502764 0.435439 -0.150658 -0.069737 0.504611 -0.016856 0.022065 -0.192534 0.066290 -0.285151 -0.323934 -0.206921 -0.372194 0.031785 -0.242919 -0.307405 -0.239621 -0.378613 -0.265701 0.355420 0.234639 0.462298 0.326892 0.816964 1.000000 0.503890 0.681920 -0.289247 -0.385280 0.601714 0.536627 -0.143755 -0.025006 0.426274 0.236397 -0.051893 0.115598 0.257526 0.242807 -0.020403 -0.159753 0.176117 0.341946 -0.038089 0.030319 0.159803 0.300395 -0.021737 -0.194562 0.334003 -0.095245 -0.340367 0.098864 0.269563 0.226521 -0.461445 -0.313068 -0.497283 -0.585928 -0.612721 -0.536921 -0.575514 -0.718182 0.485444 0.297344 0.092690 0.342776 -0.268605 0.024502 0.120736 0.392489 -0.305831 0.131019 0.042464 0.201154 -0.061850 0.233290 -0.052391 0.016423 -0.100682 -0.009720 -0.146234 -0.367616 0.305356 0.489541 0.360690 -0.020856 0.114541 -0.204128 -0.230917 -0.319061 -0.182924 0.057142 0.022416 -0.157123 0.222848 0.022728 -0.005245 -0.126890 -0.049997 0.064138 -0.162069 -0.148170 -0.145002 -0.120382 -0.234330 -0.056867 -0.098664 0.031243 0.299136 -0.093143 0.001440 0.181922 -0.073812 -0.085121
0.162645 -0.062231 0.288966 0.022664 0.435529 0.832702 0.005288 -0.159704 -0.017103 -0.052433 -0.095881 -0.341891 -0.167467 -0.512213 0.154639 0.020383 0.041266 0.106305 -0.131320 0.063991 0.447999 0.551989 0.450537 0.349895 0.633173 0.503890 1.000000 0.871077 -0.200466 -0.141463 0.409392 0.400300 -0.170779 -0.184354 0.105538 -0.108796 -0.069693 -0.124077 0.265131 0.263137 0.011215 -0.135957 0.082910 0.253445 -0.152666 -0.110423 0.011764 0.114204 -0.153066 -0.222859 0.268662 -0.229036 -0.434598 0.106928 0.434694 0.261512 0.086822 0.366254 -0.234624 -0.394960 -0.547775 -0.546807 -0.337561 -0.538529 0.275951 -0.093983 -0.069658 0.017513 0.095381 0.034327 0.019912 0.339133 -0.158290 0.180698 0.039485 0.210536 0.033982 0.240695 0.205685 0.382005 0.218384 0.354301 0.064413 -0.030182 0.302600 0.328027 0.349821 0.073657 0.322726 0.056585 -0.203122 -0.300518 -0.308108 -0.013117 -0.157896 -0.390166 0.231095 -0.131810 -0.086237 -0.163575 -0.348407 0.153835 -0.219491 -0.085539 -0.339353 -0.064151 -0.367882 -0.025015 -0.156196 0.038167 0.320540 -0.149402 -0.182852 -0.077180 -0.212512 -0.238156
-0.050702 -0.204293 0.293810 -0.041749 0.217556 0.779148 -0.102664 -0.172218 -0.168436 -0.077127 -0.295833 -0.494621 -0.303108 -0.543780 0.120755 -0.014259 -0.123137 -0.068490 -0.145092 0.081462 0.312449 0.485660 0.429639 0.253484 0.708179 0.681920 0.871077 1.000000 -0.266874 -0.297191 0.335543 0.300722 -0.200599 -0.283500 0.238198 -0.007628 0.066723 -0.165516 0.545386 0.472761 0.264068 -0.251787 0.115632 0.236512 -0.073975 -0.108480 0.156928 0.308415 -0.047358 -0.192285 0.299550 -0.207957 -0.493915 0.101913 0.505939 0.348659 -0.053484 0.191570 -0.348379 -0.366921 -0.699381 -0.537472 -0.550192 -0.716543 0.286305 -0.054743 0.121059 0.228176 0.148928 0.181304 0.161472 0.493522 -0.379930 0.120200 -0.115850 0.229932 0.044093 0.403346 0.204062 0.205194 0.143190 0.214796 0.195138 -0.046076 0.226557 0.375832 0.368228 0.107013 0.218158 0.025838 0.003577 -0.273256 -0.173785 0.173617 -0.234509 -0.494031 0.360455 -0.226862 -0.004593 -0.099742 -0.191367 0.248877 -0.116379 0.031858 -0.277263 -0.143313 -0.276644 0.133441 -0.203756 0.175511 0.517998 -0.097997 -0.199936 0.001597 -0.298750 -0.285719
0.321329 -0.025753 0.168553 0.158313 0.165097 -0.352390 0.256247 -0.127156 0.369712 -0.037315 0.540599 0.098426 0.421404 0.045861 0.641552 0.350575 0.377482 0.177399 0.491613 0.419379 -0.155662 -0.199129 0.181285 0.119366 -0.160694 -0.289247 -0.200466 -0.266874 1.000000 0.281152 -0.059475 0.013610 0.039930 0.086392 0.138657 0.165067 0.023319 -0.305365 -0.005326 -0.135353 -0.073939 -0.042428 -0.205894 -0.329524 -0.383483 -0.480102 -0.311396 -0.337451 -0.492369 -0.387335 -0.601387 -0.538644 0.164460 -0.261073 0.113819 -0.426495 -0.045855 -0.077369 0.152760 -0.118415 0.415169 0.048046 0.430336 0.168957 0.007065 -0.333940 -0.008738 -0.199978 0.202463 0.295256 0.249737 0.064709 0.369129 0.103913 0.127945 0.252321 0.010508 -0.041139 0.012285 0.033180 0.117946 -0.009400 0.618543 0.436650 0.344393 -0.065518 0.061842 0.118464 0.220503 -0.113183 -0.146902 0.191178 -0.094383 0.201632 -0.130899 -0.147680 -0.374103 -0.322537 -0.250233 -0.043190 -0.252078 0.054585 0.034656 -0.109586 -0.049638 -0.050140 -0.058232 0.011620 -0.028456 -0.191432 -0.170886 -0.235703 -0.113341 -0.119245 -0.140978 -0.112704
0.209077 0.100910 -0.275411 -0.319418 0.120232 -0.277104 -0.127864 -0.387746 -0.029259 -0.183786 0.456685 0.430344 0.244018 0.203252 0.003479 0.227316 0.559586 0.761088 0.024711 0.184703 -0.214336 -0.121560 -0.345370 -0.165091 -0.219301 -0.385280 -0.141463 -0.297191 0.281152 1.000000 -0.014070 0.225105 0.545652 0.541166 -0.156467 -0.022220 0.012741 -0.047644 -0.245843 -0.092673 -0.205643 0.262219 0.186782 0.251345 0.010158 -0.094750 0.152947 0.109520 -0.157642 -0.043092 -0.379020 -0.110244 0.337879 0.212426 0.027116 0.089949 0.245422 0.352959 0.285560 0.083476 0.019150 -0.142678 0.261879 0.358830 -0.615085 -0.474816 0.009227 -0.239870 0.448623 0.106243 -0.065019 -0.035900 0.206097 0.500503 0.051607 0.249128 0.100443 0.141461 0.150578 0.605308 0.676238 0.654023 -0.018439 0.306610 -0.070148 0.062013 -0.515068 -0.333819 -0.433475 -0.289007 0.071332 0.247749 -0.296516 -0.007583 -0.033403 -0.087263 0.006530 -0.241974 0.332140 0.089621 -0.258462 0.077484 0.257361 -0.117211 -0.409494 -0.032484 -0.247796 -0.350933 -0.015367 -0.224269 0.170138 0.027183 0.168661 -0.224604 -0.398362 -0.258803
-0.019984 -0.287618 0.484697 -0.029380 0.125791 0.243949 0.327486 -0.036619 -0.116519 -0.077973 0.145411 -0.043376 0.113194 -0.161473 0.239401 -0.098922 0.022445 0.118437 -0.120981 -0.039952 0.351420 0.079902 0.588955 0.553251 0.672691 0.601714 0.409392 0.335543 -0.059475 -0.014070 1.000000 0.785254 0.105195 0.340496 0.163347 -0.083273 -0.422639 0.015203 -0.242573 -0.195858 -0.477710 -0.107912 0.130969 0.347657 -0.005711 0.097419 0.029266 -0.015204 -0.162983 -0.160021 0.247340 -0.130263 0.044238 0.196958 0.044111 0.062424 -0.103521 -0.092309 -0.143331 -0.580470 -0.221310 -0.544158 -0.024982 -0.236391 0.415501 -0.093040 0.001684 -0.146824 -0.182454 -0.159641 -0.256973 -0.038355 0.046532 0.140541 0.238952 0.037456 -0.259513 -0.219810 -0.105631 0.356866 0.028291 0.269674 -0.200203 -0.164634 0.478844 0.328898 0.371270 -0.073244 0.259490 -0.270874 -0.471244 -0.283003 -0.513050 -0.053913 0.036704 -0.056067 -0.007026 0.114074 -0.075665 -0.168005 -0.288358 0.141013 -0.193043 -0.326895 -0.417885 -0.122861 -0.490871 -0.337031 0.069930 -0.044554 0.007323 -0.108931 -0.096440 0.125622 -0.026074 -0.085514
-0.034183 -0.369700 0.457589 -0.157714 0.325996 0.277136 0.299117 -0.069616 -0.064456 -0.081289 0.262457 0.056361 0.190867 -0.202797 0.183796 -0.221931 0.070135 0.355315 -0.142710 0.034781 0.279595 0.021947 0.525400 0.530209 0.671390 0.536627 0.400300 0.300722 0.013610 0.225105 0.785254 1.000000 0.194769 0.526417 0.239494 0.069970 -0.338149 -0.166501 -0.273734 -0.221640 -0.487143 -0.113814 0.279454 0.536038 -0.085915 -0.005534 0.129374 0.118529 -0.186564 -0.255113 0.175953 -0.198438 0.102686 0.316769 0.156129 0.054635 -0.241076 -0.093956 -0.015881 -0.505018 -0.331309 -0.685419 -0.061796 -0.320578 0.248084 -0.225025 0.208489 0.021431 -0.078767 0.018923 -0.238093 0.092817 -0.071490 0.353127 0.126453 0.205781 -0.240346 -0.100658 -0.040739 0.567211 0.279775 0.488903 -0.218429 -0.085676 0.414012 0.321314 0.070560 -0.329703 0.090047 -0.427335 -0.272268 -0.022376 -0.530875 0.086247 -0.192291 -0.293554 -0.024797 -0.192207 0.048917 -0.266227 -0.497766 0.208234 -0.051374 -0.336767 -0.577537 -0.172701 -0.636114 -0.426541 -0.201349 -0.308929 0.166719 -0.237823 -0.069924 -0.134021 -0.221163 -0.228002
0.220747 -0.034644 -0.075360 -0.037781 0.108536 -0.168899 -0.179453 -0.281996 -0.260238 -0.078015 0.160576 0.196333 0.013951 0.054582 -0.236100 0.133780 0.482844 0.369725 0.234575 0.277118 -0.086883 -0.221924 -0.308128 -0.227593 -0.037654 -0.143755 -0.170779 -0.200599 0.039930 0.545652 0.105195 0.194769 1.000000 0.619120 -0.072938 0.034061 -0.140774 -0.051499 -0.104738 -0.090864 -0.191330 -0.014505 0.418630 0.370921 0.192627 0.018599 0.410224 0.296159 -0.027157 -0.051917 -0.195560 -0.001431 0.233350 0.272341 -0.036173 0.257659 0.182930 0.159906 0.074166 -0.076766 -0.047658 -0.034989 0.089393 0.148274 -0.481117 -0.322830 0.136423 -0.219725 0.217127 -0.000924 0.029142 0.080740 0.089135 0.077991 0.077880 0.174483 0.090424 0.034296 0.058343 0.182078 0.320287 0.305839 -0.136457 0.179029 -0.125425 0.077033 -0.228275 -0.178918 -0.240542 -0.048299 0.037589 0.107198 -0.238273 -0.139097 0.218653 -0.001244 0.258115 -0.061915 0.397634 0.124932 -0.131423 0.111215 0.160273 -0.086813 -0.362772 0.023410 -0.216791 -0.283812 0.277899 -0.129860 0.175088 0.152567 0.204886 0.106656 -0.247822 -0.128842
0.149296 -0.166855 0.244032 -0.158943 0.221702 -0.197043 0.238006 -0.021736 -0.110701 0.016501 0.441809 0.470877 0.421590 0.249780 -0.119097 -0.017353 0.346934 0.471702 0.171215 0.240156 -0.122056 -0.378798 0.010736 0.087871 0.031727 -0.025006 -0.184354 -0.283500 0.086392 0.541166 0.340496 0.526417 0.619120 1.000000 -0.164945 -0.060858 -0.365878 0.013921 -0.395967 -0.258766 -0.494246 0.095642 0.122844 0.254982 0.105865 0.095190 0.109711 -0.069479 -0.067486 -0.068671 -0.059434 0.013733 0.367386 0.167903 -0.166148 -0.004551 -0.022756 -0.124840 0.265779 -0.149076 0.131803 -0.085735 0.144500 0.098031 -0.134677 -0.153776 0.168169 -0.150769 -0.083771 -0.193787 -0.158240 -0.075553 0.224754 0.198270 0.325209 0.135100 -0.066288 -0.247944 -0.018535 0.324057 0.233069 0.343638 -0.339573 -0.084170 0.075155 -0.014297 -0.254163 -0.341336 -0.189355 -0.309214 -0.174182 0.202714 -0.294869 -0.053004 0.034055 0.022604 -0.013488 -0.048572 0.125092 -0.095190 -0.177878 0.025478 0.009655 -0.335223 -0.436200 -0.232947 -0.480013 -0.616987 0.154461 -0.093767 -0.003554 0.044611 0.139652 -0.010370 -0.098133 -0.139540
-0.395077 -0.416887 0.173419 -0.287503 -0.061335 0.017180 -0.108500 -0.189709 0.081937 -0.013622 -0.154749 -0.305605 -0.164672 -0.289113 0.348584 -0.118410 -0.286244 -0.239975 -0.252581 -0.063733 -0.177523 -0.157231 0.212665 0.041582 0.348024 0.426274 0.105538 0.238198 0.138657 -0.156467 0.163347 0.239494 -0.072938 -0.164945 1.000000 0.818676 0.265428 -0.335250 0.307273 0.164028 0.236819 -0.269066 0.145458 0.167238 -0.289333 -0.264175 0.075025 0.324697 -0.212821 -0.369054 -0.207776 -0.420601 -0.252037 0.045103 0.362848 -0.132396 -0.466663 -0.343076 -0.256545 -0.359171 -0.330542 -0.333006 -0.316289 -0.498598 0.142520 0.122726 0.204822 0.537323 0.044335 0.539076 0.443257 0.478025 -0.406218 0.250405 -0.259216 0.342597 0.127011 0.524170 -0.272893 -0.082913 -0.098425 -0.149292 0.213626 -0.026141 0.168692 0.338038 -0.026976 -0.186684 -0.063355 -0.302022 0.081162 -0.021852 -0.025070 0.223300 -0.109681 -0.288420 -0.083058 -0.298149 0.082705 -0.114901 -0.021833 0.094143 0.075897 -0.079189 -0.050423 0.039254 -0.003024 0.261011 -0.255110 -0.278753 0.315708 -0.263707 -0.070235 -0.162980 -0.173049 -0.036124
-0.378255 -0.294105 0.077579 -0.257987 -0.100168 -0.094985 -0.137350 -0.114659 0.164962 0.094270 -0.191859 -0.204060 -0.110458 -0.123758 0.158537 -0.127985 -0.290349 -0.223138 -0.184134 -0.148969 -0.193575 -0.165451 -0.064003 -0.169058 0.075681 0.236397 -0.108796 -0.007628 0.165067 -0.022220 -0.083273 0.069970 0.034061 -0.060858 0.818676 1.000000 0.312369 -0.236963 0.206718 0.088790 0.232321 -0.065821 0.064261 0.047602 -0.268677 -0.264848 -0.002979 0.267451 -0.149100 -0.291776 -0.358704 -0.340033 -0.179974 0.008224 0.260261 -0.198454 -0.445193 -0.373181 -0.111943 -0.188362 -0.124542 -0.142849 -0.224237 -0.290441 -0.037593 0.219893 0.164496 0.567261 -0.006679 0.547585 0.574537 0.481913 -0.310540 0.293981 -0.221611 0.316498 0.167269 0.519224 -0.276429 -0.216603 -0.144429 -0.271536 0.078290 -0.034115 -0.050561 0.243209 -0.286571 -0.268031 -0.270977 -0.173158 0.034445 0.041725 0.021408 0.069126 0.031775 -0.153116 -0.166821 -0.282904 0.046206 -0.094763 0.054062 -0.132298 0.069695 -0.105121 0.167158 0.030068 0.179486 0.205473 -0.253217 -0.393531 0.148932 -0.276198 0.009350 -0.278010 -0.174440 -0.066527
