1.000000 0.579815 -0.081907 0.202572 -0.112465 -0.226236 0.208320 0.005766 -0.283843 -0.213091 0.359051 0.120724 0.258483 0.035900 -0.058838 0.079092 0.161130 0.370496 0.203105 0.329625 -0.229380 -0.282644 0.143340 -0.070050 -0.418238 -0.488661 -0.093134 -0.228188 -0.176206 -0.062885 0.055086 -0.108309 -0.085883 0.001693 -0.359662 -0.404006 -0.273647 -0.214905 0.027343 0.216138 -0.238696 -0.259449 -0.539976 -0.539305 -0.346655 -0.538274 -0.542171 -0.502195 0.034208 -0.312660 -0.525837 -0.346834 -0.413729 -0.374858 0.158626 -0.063341 0.672876 0.349414 0.666090 0.443554 0.477439 0.385858 0.326841 0.396538 0.000294 -0.009484 0.097968 -0.264567 0.327100 0.229994 0.107524 -0.278403 0.224605 -0.233024 0.255543 -0.235069 -0.283468 -0.152596 0.010425 0.049285 -0.053440 0.126443 -0.089511 0.243187 -0.502669 -0.174235 0.008804 0.058699 0.232314 0.465401 -0.117614 -0.008961 -0.135798 0.033479 -0.318640 -0.058926 -0.126073 -0.386116 -0.166439 0.083918 0.219217 0.140565 0.198906 0.170913 0.332512 0.149504 0.302632 0.025495 -0.003836 -0.329108 -0.245116 -0.311716 0.125436 0.067841 -0.236031 -0.175737
0.579815 1.000000 -0.058444 0.336473 -0.030882 -0.109653 0.190485 0.112133 -0.160429 -0.095754 0.141033 0.139248 0.205739 0.021982 0.076304 0.119072 0.042416 0.272318 0.140809 0.418880 -0.076807 -0.058948 0.066881 0.018702 -0.269019 -0.404832 0.027895 -0.072124 -0.352370 0.019916 -0.044706 -0.192853 -0.235353 -0.031054 -0.316456 -0.296933 -0.241825 -0.201895 -0.121076 0.325493 -0.266837 -0.106176 -0.564983 -0.589340 -0.406918 -0.578482 -0.396254 -0.416474 -0.088580 -0.352474 -0.491526 -0.338959 -0.265103 -0.272180 -0.030322 -0.319696 0.231552 0.637009 0.438541 0.485824 0.221426 0.406380 0.073877 0.350870 -0.093967 -0.034363 0.235943 -0.034489 0.383235 0.482416 0.104496 -0.264045 0.012668 -0.061837 0.167334 -0.128894 -0.232319 -0.100815 0.056980 0.284870 -0.036279 0.062715 -0.116823 0.210290 -0.185042 -0.164455 -0.198246 0.000250 0.281391 0.274798 0.144540 -0.008735 0.078709 -0.010108 -0.228773 -0.169904 -0.198577 -0.368685 -0.164243 -0.155303 0.068758 -0.149730 -0.040613 0.000992 0.326755 0.332392 0.195322 -0.020406 -0.057077 -0.192887 -0.125498 -0.209367 0.220143 0.088038 -0.107214 -0.272693
-0.081907 -0.058444 1.000000 0.270645 0.442910 0.394914 0.580490 0.143468 0.486411 0.458904 -0.088733 -0.239814 0.026368 -0.308345 -0.065148 0.297332 -0.210189 -0.291660 0.076369 0.113873 0.069316 0.170142 0.004035 -0.028609 0.337000 0.195910 0.382500 0.286537 -0.217484 0.023999 -0.398409 -0.453664 -0.370946 -0.233770 0.266294 0.315709 -0.090537 -0.276006 -0.237285 -0.184213 -0.060637 0.024101 0.076996 0.071132 0.038631 -0.016293 0.084068 -0.042821 0.037999 0.058526 0.243615 0.107574 0.237256 -0.019205 -0.088265 -0.172855 -0.334011 -0.137091 0.137721 0.198521 -0.009683 0.000479 -0.361892 -0.124706 -0.030449 -0.009046 0.204027 0.067746 0.057717 0.090850 -0.142120 -0.250670 -0.397722 0.237965 -0.338454 -0.059301 -0.031754 -0.175189 -0.043498 -0.005425 -0.169198 -0.168858 0.019124 -0.057942 0.008009 -0.023105 -0.084135 -0.407650 0.406482 0.060958 0.045570 -0.088426 0.188320 -0.013180 -0.131506 -0.004971 -0.036590 -0.048338 -0.090111 -0.284230 -0.452888 -0.481618 -0.387774 -0.491113 -0.321262 -0.428176 -0.182928 -0.195645 0.108676 0.031644 0.031756 -0.041990 0.080408 -0.115849 0.121562 -0.060298
0.202572 0.336473 0.270645 1.000000 -0.272015 -0.255436 0.129883 0.412417 -0.222190 -0.235208 -0.039334 0.057328 -0.065694 -0.047989 0.019634 -0.161386 -0.066290 -0.129668 0.315930 0.560700 -0.437230 -0.326287 0.532450 0.588048 -0.384537 -0.240048 -0.222837 -0.289957 -0.372889 -0.135258 0.099284 -0.013634 -0.465114 -0.391547 0.095950 0.102324 -0.047266 0.064872 -0.185656 -0.107450 -0.081020 -0.324317 0.000289 0.000350 -0.178760 -0.139394 -0.085451 -0.107764 -0.188044 -0.255286 0.034640 0.043092 -0.017684 -0.055414 0.070253 0.007354 -0.001025 0.115897 0.077392 0.204025 -0.181148 0.003042 -0.339514 -0.209808 -0.208657 -0.026299 0.300672 0.246285 0.276869 0.262275 -0.021765 -0.575073 0.095223 -0.391715 0.321983 -0.402742 0.035113 0.104546 -0.058609 -0.031312 0.025197 -0.042751 0.024720 0.037435 -0.020222 0.267716 -0.108194 0.178226 0.124891 0.281443 0.138565 -0.022222 0.053334 -0.021303 -0.084929 -0.101370 -0.102835 -0.028409 -0.297157 -0.196295 -0.257619 -0.254474 -0.307684 -0.237210 -0.089948 -0.165204 -0.006570 -0.103352 -0.053315 -0.318969 -0.051081 -0.233102 0.024777 -0.029519 0.093143 0.043154
-0.112465 -0.030882 0.442910 -0.272015 1.000000 0.940948 0.328848 -0.121397 0.822263 0.923023 -0.256202 -0.485527 -0.042470 -0.547930 0.185713 0.677327 -0.055323 -0.313145 -0.341483 -0.287564 0.622710 0.696857 -0.526558 -0.525365 0.770875 0.624194 0.901526 0.840916 -0.282585 0.094611 -0.768721 -0.690765 -0.267491 -0.049413 0.092966 0.274269 -0.303399 -0.513011 -0.242854 0.125826 0.082037 0.525931 0.065451 0.084419 0.264691 0.216761 0.148875 0.124366 0.224177 0.421334 0.090713 -0.070111 0.286152 -0.078877 -0.207517 -0.209634 -0.255103 0.079718 0.184788 0.315968 0.122289 0.098489 -0.042785 0.161867 0.070730 0.083379 0.112432 0.069208 -0.082389 0.103786 -0.396981 0.084473 -0.822430 0.735494 -0.778155 0.149799 -0.236714 -0.466758 0.113059 0.029901 -0.068163 -0.324630 0.206383 0.156480 0.055893 -0.347845 -0.131879 -0.584166 0.626254 0.115356 0.065304 -0.108590 0.100623 -0.085883 -0.227497 0.042534 0.119419 0.071751 0.338910 0.018105 -0.413045 -0.409810 -0.274636 -0.379345 -0.224577 -0.260377 -0.023397 -0.173614 0.102999 0.323431 0.085043 0.041895 0.445011 0.197873 0.098844 -0.080198
-0.226236 -0.109653 0.394914 -0.255436 0.940948 1.000000 0.240220 -0.083664 0.862645 0.941838 -0.378019 -0.504626 -0.135858 -0.551713 0.136718 0.618658 -0.161017 -0.375894 -0.348611 -0.353501 0.614120 0.737517 -0.549428 -0.443412 0.825575 0.742481 0.912140 0.935978 -0.299728 0.110375 -0.759099 -0.659440 -0.297660 -0.131760 0.127792 0.323648 -0.238256 -0.448641 -0.239998 0.197839 0.172948 0.510258 0.193541 0.201362 0.301138 0.316674 0.266198 0.240765 0.195466 0.472595 0.228993 0.070101 0.343524 0.050745 -0.148644 -0.056414 -0.289350 0.016660 0.056615 0.198987 0.036288 -0.027766 -0.110644 -0.020218 0.122137 0.121483 0.045608 0.091021 -0.141420 0.053401 -0.411019 0.019983 -0.896247 0.740048 -0.785783 0.078679 -0.165145 -0.433835 0.039456 0.009051 -0.111894 -0.398502 0.256881 0.146717 0.104369 -0.310470 -0.156216 -0.566265 0.555736 0.073878 0.041961 -0.107646 0.097518 -0.099359 -0.109056 0.085541 0.218392 0.232114 0.419338 0.113506 -0.412686 -0.389156 -0.302210 -0.364446 -0.230922 -0.195822 -0.047776 -0.081475 0.044746 0.368281 0.091287 0.072461 0.441473 0.212117 0.140139 -0.004346
0.208320 0.190485 0.580490 0.129883 0.328848 0.240220 1.000000 0.430861 0.253508 0.265304 0.238928 -0.000665 0.376969 -0.173043 -0.043847 0.284654 -0.207752 0.007934 -0.349718 -0.066106 0.172421 0.151675 0.006592 0.015933 0.076176 -0.074612 0.332102 0.170210 -0.282343 0.238560 -0.255344 -0.353629 -0.065737 0.084355 -0.341016 -0.162299 -0.287227 -0.572002 -0.342210 -0.013072 -0.078212 -0.145476 -0.188105 -0.267349 0.191689 -0.049656 -0.254972 -0.397564 0.395337 0.261861 -0.040719 -0.199777 0.008021 -0.267004 -0.270176 -0.329148 -0.123459 -0.029219 0.433995 0.296120 0.573596 0.489613 0.269596 0.137096 0.261872 0.205304 -0.115511 -0.397658 -0.268329 -0.187271 -0.186134 -0.221940 -0.235471 0.116716 -0.094398 -0.223521 -0.453484 -0.553738 -0.307578 -0.013816 -0.138448 -0.175974 0.090939 0.259076 -0.111737 -0.339617 -0.018929 -0.073793 0.396349 0.220536 -0.287487 -0.322364 0.281844 -0.100318 -0.335411 -0.023947 -0.231438 -0.177911 -0.302436 -0.468943 -0.067892 -0.145576 0.037521 -0.185327 -0.023333 -0.271254 0.247468 -0.015992 0.110251 -0.044420 -0.346890 -0.205824 0.122333 -0.249202 -0.086900 -0.006842
0.005766 0.112133 0.143468 0.412417 -0.121397 -0.083664 0.430861 1.000000 -0.197034 -0.194788 0.077770 0.165547 0.115032 0.264123 0.025246 0.012697 -0.155601 -0.108029 -0.448654 -0.137234 -0.209139 -0.062751 0.365237 0.333706 -0.203174 -0.085290 -0.008724 -0.059586 -0.114566 -0.018353 0.015284 0.132329 0.170910 0.214863 -0.222425 -0.129600 -0.387593 -0.312537 -0.335673 -0.035940 -0.167412 -0.175511 -0.167143 -0.296928 0.126611 0.099750 -0.357588 -0.465755 0.177950 0.087444 -0.023288 -0.211676 -0.206485 -0.320787 -0.158421 -0.119607 0.066717 -0.012278 0.032728 0.006991 0.332822 0.345514 0.189182 -0.091188 0.345999 0.277108 -0.203921 -0.297818 -0.349893 -0.399223 -0.326764 -0.041099 0.013638 -0.083607 0.031356 -0.124691 -0.428173 -0.404706 -0.312567 -0.251380 0.040946 -0.215510 0.256350 0.203984 0.196836 -0.065247 0.117949 0.250894 0.276548 0.311179 -0.281498 -0.349945 0.203152 -0.113429 -0.171455 0.002693 -0.175558 0.117628 -0.338883 -0.239535 0.016110 -0.010182 0.040576 0.023763 -0.086579 -0.191801 0.424488 0.085509 0.083882 -0.190026 -0.360210 -0.286376 0.006130 -0.155548 -0.120411 0.117112
-0.283843 -0.160429 0.486411 -0.222190 0.822263 0.862645 0.253508 -0.197034 1.000000 0.915639 -0.280908 -0.435632 -0.127595 -0.590863 0.124376 0.518510 -0.218243 -0.386243 -0.185623 -0.242613 0.547435 0.546609 -0.477557 -0.337245 0.817226 0.774412 0.774911 0.785057 -0.281634 0.149485 -0.674936 -0.701167 -0.363738 -0.226702 0.131073 0.312569 -0.137983 -0.365123 -0.193051 0.103043 0.162316 0.323851 0.254779 0.215273 0.238403 0.255057 0.298685 0.299516 0.213478 0.415842 0.297994 0.157357 0.433994 0.142711 -0.113047 -0.044004 -0.446868 -0.107251 0.087765 0.189791 0.032042 -0.044459 -0.161183 -0.117453 0.105241 0.124096 0.155319 0.146919 -0.033617 0.125924 -0.178794 -0.173524 -0.830149 0.571960 -0.604273 -0.109202 -0.088953 -0.319001 -0.067327 -0.036864 -0.220137 -0.417408 0.254072 -0.035379 0.102068 -0.252321 -0.123735 -0.524013 0.506911 -0.018249 0.204045 0.002709 0.179299 0.001863 -0.034179 0.091730 0.207791 0.172189 0.327931 -0.001852 -0.440874 -0.444466 -0.315164 -0.443087 -0.216824 -0.213201 -0.191356 -0.123951 0.102815 0.337030 0.064696 0.036471 0.360945 0.153613 0.177729 -0.019102
-0.213091 -0.095754 0.458904 -0.235208 0.923023 0.941838 0.265304 -0.194788 0.915639 1.000000 -0.329522 -0.501504 -0.134634 -0.600042 0.121008 0.625340 -0.075726 -0.361073 -0.235904 -0.269781 0.597734 0.672005 -0.571959 -0.468610 0.861856 0.695910 0.860023 0.843088 -0.288073 0.156518 -0.762202 -0.748592 -0.380420 -0.195545 0.134975 0.360676 -0.136706 -0.401714 -0.294519 0.115133 0.200506 0.459473 0.181940 0.171467 0.202783 0.215508 0.274782 0.265663 0.140119 0.390766 0.177038 0.030181 0.412472 0.060904 -0.188784 -0.169522 -0.327966 0.017606 0.121838 0.288826 0.043794 0.053391 -0.119140 0.067335 0.028061 0.078602 0.158199 0.158439 -0.052001 0.203849 -0.291253 -0.046903 -0.843292 0.706891 -0.725614 0.087491 -0.078710 -0.345810 0.100451 0.011739 -0.070994 -0.338986 0.205695 0.113362 0.088894 -0.333905 -0.167729 -0.531770 0.521536 0.000307 0.162949 -0.021645 0.166363 -0.030958 -0.099221 0.051557 0.114467 0.134223 0.336380 -0.009337 -0.455903 -0.442919 -0.336347 -0.424302 -0.242872 -0.220015 -0.110353 -0.111278 0.036717 0.343665 0.162681 0.063645 0.414349 0.176244 0.195422 -0.012115
0.359051 0.141033 -0.088733 -0.039334 -0.256202 -0.378019 0.238928 0.077770 -0.280908 -0.329522 1.000000 0.544351 0.444677 0.463226 0.270139 0.138357 0.311240 0.387986 -0.068165 0.092807 -0.151076 -0.384191 0.309475 0.061970 -0.408949 -0.317721 -0.180539 -0.348475 0.144983 0.064743 0.331676 0.277910 0.286794 0.251350 -0.154976 -0.225863 -0.191721 -0.093191 -0.240375 -0.215351 -0.050737 -0.098277 -0.248953 -0.257977 0.104486 -0.103070 -0.253542 -0.301236 0.323144 -0.000509 -0.148760 0.007929 -0.058607 -0.051374 -0.135483 -0.072305 0.047278 -0.183912 0.250359 -0.061543 0.426139 0.272331 0.523942 0.306119 0.159613 0.032765 -0.179005 -0.601342 -0.143880 -0.241266 0.305241 -0.044135 0.461959 -0.305936 0.447782 -0.003191 -0.238989 -0.069067 -0.204079 -0.282244 -0.066381 0.066603 0.020845 0.030730 -0.198000 -0.157009 -0.327388 0.099747 -0.138850 0.045537 -0.212729 -0.124961 -0.250277 0.001066 -0.365334 -0.350805 -0.386208 -0.395005 -0.330065 -0.262759 0.262651 0.237188 0.065863 0.320181 -0.058859 -0.015811 -0.043889 -0.094222 -0.213774 -0.200569 -0.319240 -0.236120 -0.192426 -0.141289 -0.129195 -0.092832
0.120724 0.139248 -0.239814 0.057328 -0.485527 -0.504626 -0.000665 0.165547 -0.435632 -0.501504 0.544351 1.000000 0.489810 0.761823 0.102324 -0.135065 0.005291 0.415745 -0.021348 0.194713 -0.110816 -0.397638 0.368723 0.290817 -0.527456 -0.345121 -0.361670 -0.462507 0.346320 0.220197 0.657988 0.528211 0.282575 0.276148 -0.143073 -0.167515 0.122124 0.195592 -0.131168 -0.229898 0.160013 -0.204995 -0.279213 -0.149389 -0.075200 -0.111219 -0.179097 -0.202917 0.060371 -0.286745 -0.214175 -0.044413 -0.323997 -0.124953 -0.001823 0.057657 0.096235 -0.209202 -0.074949 -0.345078 0.182651 0.156953 0.219645 -0.068978 0.149125 0.258068 -0.303768 -0.292246 -0.238122 -0.297563 0.426759 -0.056452 0.544908 -0.358800 0.595838 0.044867 0.009320 0.158662 -0.162552 -0.158997 -0.120010 0.234599 -0.032854 0.213651 -0.112702 0.285915 -0.153998 0.236820 -0.297248 -0.124222 -0.283927 -0.262396 -0.125473 -0.226672 -0.249718 -0.257288 -0.241550 -0.229576 -0.318939 -0.058670 0.270461 0.199341 0.103722 0.209026 -0.060603 0.125201 -0.008696 -0.150310 -0.259599 -0.239220 -0.130392 -0.142332 -0.238020 -0.084582 -0.199586 -0.171619
0.258483 0.205739 0.026368 -0.065694 -0.042470 -0.135858 0.376969 0.115032 -0.127595 -0.134634 0.444677 0.489810 1.000000 0.324327 0.409973 0.164261 0.140748 0.332026 -0.214572 0.117588 -0.071640 -0.246664 0.241302 0.217903 -0.375760 -0.191300 -0.103091 -0.179430 0.143360 0.406463 0.285609 0.142399 0.078748 0.373333 -0.283538 -0.220890 -0.083927 -0.178120 -0.129059 -0.095565 0.198704 -0.176024 -0.237920 -0.243748 -0.010142 -0.124533 -0.273046 -0.227851 0.142728 -0.085223 -0.169826 -0.298697 -0.298278 -0.264048 -0.105034 -0.233570 0.056444 -0.017353 0.084850 -0.172768 0.365618 0.249554 0.321751 0.152187 0.267018 0.249945 -0.385451 -0.350583 -0.336909 -0.221194 0.202743 -0.152298 0.200050 -0.053494 0.310461 -0.163363 -0.279411 -0.242399 -0.078571 0.125305 0.053965 0.177307 0.116456 0.205329 0.038476 -0.115026 -0.048053 0.035865 0.070881 0.046367 -0.388789 -0.190678 -0.091220 -0.015062 -0.461112 -0.147360 -0.022555 -0.325834 -0.123557 -0.112118 0.048622 0.154028 -0.004641 0.104787 -0.118731 -0.040226 0.020147 -0.270421 -0.128552 -0.065240 -0.066340 0.036333 -0.088828 -0.122637 -0.252105 -0.387467
0.035900 0.021982 -0.308345 -0.047989 -0.547930 -0.551713 -0.173043 0.264123 -0.590863 -0.600042 0.463226 0.761823 0.324327 1.000000 -0.007689 -0.133313 0.111715 0.343372 -0.062832 0.086604 -0.232384 -0.341739 0.337978 0.192875 -0.524823 -0.367269 -0.448225 -0.466349 0.512193 0.183022 0.637295 0.705511 0.478803 0.407068 -0.009108 -0.074603 0.153106 0.321162 -0.091526 -0.265329 0.060171 -0.069719 -0.160576 -0.120602 -0.050573 -0.044573 -0.162223 -0.235661 -0.068645 -0.303172 -0.156064 -0.044811 -0.302042 -0.087248 -0.034793 -0.017694 0.207733 -0.201171 -0.249868 -0.472223 0.049724 0.030905 0.182755 -0.017307 0.085637 0.102882 -0.306171 -0.317090 -0.191617 -0.346674 0.210685 0.210774 0.564777 -0.261727 0.420750 0.285901 0.092183 0.253206 -0.045538 -0.203439 0.045410 0.243140 -0.142723 0.036015 -0.052473 0.278810 -0.045105 0.215417 -0.459178 -0.281674 -0.322187 -0.168647 -0.170057 -0.111997 -0.050763 -0.231391 -0.258198 -0.082842 -0.315759 -0.023303 0.359256 0.327052 0.112190 0.306757 -0.102322 0.111352 -0.025266 -0.048805 -0.226242 -0.138905 -0.079577 -0.017178 -0.405198 -0.077377 -0.131432 -0.036640
-0.058838 0.076304 -0.065148 0.019634 0.185713 0.136718 -0.043847 0.025246 0.124376 0.121008 0.270139 0.102324 0.409973 -0.007689 1.000000 0.431627 0.363477 -0.225921 -0.074378 0.020667 0.149486 0.076260 0.214962 0.216282 0.055749 0.269056 0.138297 0.137353 -0.021545 0.031962 -0.032015 0.097623 -0.016402 0.287789 0.180771 0.193758 -0.073175 -0.063075 -0.174930 -0.073531 0.349276 0.235594 -0.101155 -0.101577 -0.054462 0.013577 -0.050363 0.008846 -0.104131 -0.086187 -0.063335 -0.202825 0.010792 -0.038794 -0.246943 -0.262433 -0.187792 0.025068 -0.116985 -0.091806 0.062441 0.042087 0.117190 0.133851 0.309107 0.122626 -0.114139 -0.004691 -0.152767 -0.012709 -0.036155 0.016201 -0.020329 0.198908 -0.048714 0.145979 -0.078279 -0.082319 0.218354 -0.043240 0.284661 0.038028 0.503733 0.161518 0.472797 -0.176501 -0.259872 -0.071370 0.175673 0.059176 -0.002899 -0.037474 -0.185663 0.010853 -0.238364 -0.238337 -0.078827 -0.092847 -0.095068 -0.028757 -0.341285 -0.153390 -0.345847 -0.093762 -0.408663 -0.194321 -0.243908 -0.229549 -0.163088 0.068543 0.125758 0.104829 0.010886 0.005278 0.072211 -0.250286
0.079092 0.119072 0.297332 -0.161386 0.677327 0.618658 0.284654 0.012697 0.518510 0.625340 0.138357 -0.135065 0.164261 -0.133313 0.431627 1.000000 0.074200 -0.351084 -0.280956 -0.158620 0.447892 0.420178 -0.256147 -0.311814 0.430843 0.423835 0.619846 0.549774 -0.292961 0.042569 -0.484997 -0.413897 -0.127457 0.086776 -0.014195 0.154452 -0.185050 -0.290843 -0.277115 0.094521 0.135639 0.378675 -0.137965 -0.159884 0.043237 -0.034474 -0.090682 -0.113095 0.275195 0.183245 -0.017478 -0.062641 0.177649 -0.075888 -0.224663 -0.253318 -0.164181 -0.115730 0.232565 0.220271 0.292538 0.283639 0.104741 0.186168 0.168378 0.217593 0.027085 -0.170184 -0.081248 0.069738 -0.254906 0.038727 -0.474940 0.486013 -0.464742 0.255011 -0.216869 -0.380111 0.013929 -0.265306 -0.097207 -0.394592 0.176488 0.277937 0.009760 -0.335785 -0.336046 -0.391143 0.391952 0.133022 -0.014466 -0.000880 0.002191 0.053496 -0.300740 -0.173292 -0.186308 -0.051211 -0.056693 0.000215 -0.215022 -0.150137 -0.234020 -0.104263 -0.213311 -0.161375 -0.028431 -0.101604 -0.087046 0.098548 -0.009313 0.003487 0.208466 0.229627 0.153887 0.050082
0.161130 0.042416 -0.210189 -0.066290 -0.055323 -0.161017 -0.207752 -0.155601 -0.218243 -0.075726 0.311240 0.005291 0.140748 0.111715 0.363477 0.074200 1.000000 0.322690 0.063939 0.059362 -0.037200 -0.131046 -0.004367 -0.117937 -0.092446 -0.149595 -0.080158 -0.137656 0.268923 0.203666 0.061473 0.120775 0.003407 0.279544 0.192662 0.143568 0.044619 0.185550 -0.150712 -0.267864 0.128557 0.291211 -0.093880 -0.038657 -0.085474 -0.145251 -0.022597 0.003354 -0.293892 -0.187372 -0.245047 -0.266353 -0.037233 -0.120302 -0.187479 -0.269314 0.331853 0.320167 -0.094942 -0.030097 -0.140893 0.013945 0.073417 0.518217 -0.292694 -0.291614 0.025316 -0.124394 0.160270 0.127899 0.107556 0.123984 0.314072 0.035109 0.123485 0.250793 0.221315 0.223081 0.582082 0.280190 0.659189 0.442684 -0.069003 -0.054147 0.044077 -0.216018 -0.302826 -0.058270 -0.159576 -0.107367 0.009660 0.033486 -0.124577 0.032358 -0.230020 -0.303920 -0.158290 -0.121242 -0.023145 0.023359 -0.057224 0.062007 0.005337 0.098734 -0.141751 0.014724 -0.101383 -0.155071 -0.327330 0.072343 0.286041 0.181975 -0.097927 0.007925 -0.040712 -0.188255
0.370496 0.272318 -0.291660 -0.129668 -0.313145 -0.375894 0.007934 -0.108029 -0.386243 -0.361073 0.387986 0.415745 0.332026 0.343372 -0.225921 -0.351084 0.322690 1.000000 -0.008928 0.065923 -0.108150 -0.338678 0.125513 -0.032077 -0.422930 -0.415028 -0.242582 -0.284799 0.323524 0.421899 0.372164 0.197253 0.244371 0.266404 -0.216587 -0.304512 -0.023876 0.033708 -0.098869 -0.066257 -0.048926 -0.061150 -0.282933 -0.166820 -0.037124 -0.191896 -0.136085 -0.176289 0.023342 -0.154156 -0.249907 -0.108290 -0.292845 -0.163431 -0.130161 -0.146285 0.388678 0.368766 0.037181 -0.143461 0.123792 0.027839 0.278911 0.399186 -0.196430 -0.153910 -0.249760 -0.344144 0.057041 -0.132356 0.313204 -0.049782 0.397209 -0.176128 0.468428 -0.115482 0.032243 0.153232 0.115899 0.470963 0.152768 0.558006 -0.431006 -0.084993 -0.260895 -0.074321 -0.137055 0.013591 -0.252928 -0.171830 -0.157533 -0.163368 -0.135757 -0.212017 -0.253572 -0.271652 -0.055342 -0.276666 0.088488 -0.003624 0.303479 0.264256 0.249635 0.334577 0.158903 0.258150 0.068072 -0.026921 -0.312310 -0.194102 -0.060312 0.036571 -0.144724 -0.106496 -0.187024 -0.231374
0.203105 0.140809 0.076369 0.315930 -0.341483 -0.348611 -0.349718 -0.448654 -0.185623 -0.235904 -0.068165 -0.021348 -0.214572 -0.062832 -0.074378 -0.280956 0.063939 -0.008928 1.000000 0.735301 -0.222315 -0.206120 0.097828 0.159739 -0.238767 -0.299561 -0.415165 -0.363179 0.043757 -0.131388 0.326959 0.177387 -0.373305 -0.314785 0.353075 0.247084 0.382964 0.433227 0.205817 0.048654 0.024466 -0.121679 -0.074372 0.049895 -0.473804 -0.416611 0.081758 0.199796 -0.540658 -0.554195 -0.098991 0.137160 -0.021831 0.212796 0.141281 0.053430 0.072647 0.063845 -0.028987 0.015469 -0.426398 -0.350298 -0.445853 -0.145318 -0.352540 -0.244729 0.369820 0.433636 0.651136 0.594809 0.383330 -0.333398 0.286117 -0.257622 0.323677 -0.101188 0.557013 0.646439 0.196226 0.176763 -0.003804 0.306624 -0.147172 -0.095360 -0.214795 0.237617 -0.084849 0.036341 -0.284862 -0.219195 0.439965 0.454356 -0.132470 0.232983 0.249246 0.037907 0.039179 -0.173991 -0.151960 0.087959 -0.070481 0.008249 -0.178045 -0.059712 0.091001 0.194421 -0.410930 -0.021780 -0.014330 -0.146228 0.272902 0.101513 -0.120595 0.084596 0.143692 -0.145954
0.329625 0.418880 0.113873 0.560700 -0.287564 -0.353501 -0.066106 -0.137234 -0.242613 -0.269781 0.092807 0.194713 0.117588 0.086604 0.020667 -0.158620 0.059362 0.065923 0.735301 1.000000 -0.213082 -0.273920 0.196361 0.249632 -0.411573 -0.383456 -0.314338 -0.376170 -0.020058 0.062193 0.315740 0.123178 -0.387594 -0.125840 0.168316 0.203764 0.192402 0.234414 -0.107299 -0.047512 0.014014 -0.207134 -0.144102 -0.046730 -0.339398 -0.382713 -0.047320 0.022430 -0.355254 -0.467081 -0.192970 -0.005134 -0.133317 -0.047381 -0.013911 -0.126394 0.100709 0.133371 0.116169 0.159372 -0.273484 -0.087849 -0.333293 -0.118071 -0.358120 -0.155231 0.449425 0.299512 0.597876 0.545937 0.315619 -0.558349 0.264673 -0.277428 0.441951 -0.246226 0.290430 0.365898 0.147702 0.149988 0.105413 0.312966 -0.088898 0.045709 -0.227494 0.228861 -0.195342 0.072010 -0.118303 -0.117299 0.272557 0.243219 -0.158136 0.107794 0.022240 -0.010674 -0.064182 -0.267272 -0.239586 -0.074085 -0.115811 -0.088438 -0.226737 -0.148174 0.019131 0.062594 -0.261521 -0.265395 0.043929 -0.195034 0.179603 0.000219 0.001479 0.084553 0.102323 -0.195370
-0.229380 -0.076807 0.069316 -0.437230 0.622710 0.614120 0.172421 -0.209139 0.547435 0.597734 -0.151076 -0.110816 -0.071640 -0.232384 0.149486 0.447892 -0.037200 -0.108150 -0.222315 -0.213082 1.000000 0.767441 -0.595791 -0.440082 0.607119 0.471470 0.626973 0.622855 0.007902 0.229813 -0.288139 -0.259910 -0.100271 0.092667 -0.043241 0.193061 0.063580 -0.188030 -0.188441 0.141877 0.248965 0.443444 -0.051004 0.032939 0.158530 0.139098 0.221090 0.127806 0.097266 0.242348 -0.120026 -0.046995 0.251839 0.129597 -0.292886 -0.141863 -0.134995 0.031405 0.057415 0.078205 0.118254 0.089075 0.026982 0.092513 0.010083 0.158717 -0.138371 -0.037743 -0.083269 -0.060136 -0.070715 0.205739 -0.519349 0.469058 -0.440135 0.205533 0.008775 -0.163190 0.042099 0.066852 -0.028332 -0.112213 0.162620 0.302000 0.034229 -0.193075 -0.202251 -0.349784 0.144226 -0.194122 0.128048 -0.080475 0.129583 -0.248941 0.063818 0.168000 -0.045627 0.197577 0.226214 0.112635 -0.144487 -0.166000 -0.059047 -0.213940 -0.148278 -0.046920 -0.111890 0.009867 0.081326 0.384840 -0.054354 0.150629 0.226014 0.108915 0.203533 0.091030
-0.282644 -0.058948 0.170142 -0.326287 0.696857 0.737517 0.151675 -0.062751 0.546609 0.672005 -0.384191 -0.397638 -0.246664 -0.341739 0.076260 0.420178 -0.131046 -0.338678 -0.206120 -0.273920 0.767441 1.000000 -0.683571 -0.498159 0.700614 0.449755 0.705111 0.754601 -0.116115 0.087232 -0.478908 -0.311855 -0.148911 0.010799 0.062751 0.295529 -0.122257 -0.369597 -0.197815 0.292833 0.111939 0.635281 0.095979 0.109377 0.244640 0.262820 0.287255 0.230246 0.035004 0.371717 0.008116 -0.015798 0.298395 0.162990 -0.291567 -0.143554 -0.170029 0.112685 0.004549 0.148051 0.023884 0.037100 -0.020874 0.032804 0.072190 0.111412 -0.033110 0.065836 -0.088223 0.045409 -0.328039 0.286984 -0.684352 0.634774 -0.698396 0.266274 -0.027971 -0.251832 0.116950 0.095333 0.036382 -0.232984 0.258439 0.288451 0.092347 -0.321530 -0.136602 -0.333668 0.253933 -0.098039 0.115645 -0.090495 0.137156 -0.135396 0.085333 0.158190 -0.007876 0.218251 0.303115 0.078900 -0.239654 -0.207187 -0.164107 -0.275713 -0.126180 -0.056286 -0.024599 0.123238 0.067213 0.383000 -0.057853 0.112098 0.319049 0.102348 0.156852 0.078937
0.143340 0.066881 0.004035 0.532450 -0.526558 -0.549428 0.006592 0.365237 -0.477557 -0.571959 0.309475 0.368723 0.241302 0.337978 0.214962 -0.256147 -0.004367 0.125513 0.097828 0.196361 -0.595791 -0.683571 1.000000 0.737783 -0.611463 -0.244780 -0.536093 -0.545227 0.137672 -0.150461 0.469786 0.393825 0.091715 -0.027815 0.011926 -0.208095 -0.017153 0.209988 0.014548 -0.241630 0.028963 -0.448340 -0.106070 -0.147295 -0.244558 -0.191338 -0.289666 -0.298999 -0.145643 -0.393546 0.053219 -0.100008 -0.265425 -0.138728 0.110518 0.020295 0.043269 -0.027642 -0.188734 -0.243162 -0.043826 -0.104352 -0.053600 -0.155966 0.095916 -0.089095 -0.179805 -0.086983 -0.077258 -0.168564 0.131522 -0.168638 0.519796 -0.485799 0.546798 -0.190692 -0.082827 0.131054 -0.115049 -0.109652 -0.025151 0.107338 0.007933 -0.116971 0.216191 0.347257 0.185242 0.314095 -0.092219 0.178534 -0.096508 -0.132961 -0.144065 -0.024024 -0.107816 -0.161447 -0.084563 -0.022503 -0.392994 -0.241936 -0.060268 -0.009475 -0.130127 0.087654 -0.123091 -0.108720 0.000880 -0.089058 -0.103170 -0.261731 -0.058138 -0.156439 -0.297048 -0.257835 -0.105358 -0.098949
-0.070050 0.018702 -0.028609 0.588048 -0.525365 -0.443412 0.015933 0.333706 -0.337245 -0.468610 0.061970 0.290817 0.217903 0.192875 0.216282 -0.311814 -0.117937 -0.032077 0.159739 0.249632 -0.440082 -0.498159 0.737783 1.000000 -0.473477 -0.095713 -0.531341 -0.431971 -0.014494 -0.045378 0.482091 0.407522 -0.061493 -0.097727 0.057470 -0.036595 0.261027 0.331257 0.071392 -0.104784 0.239691 -0.441769 0.077316 0.042630 -0.173595 -0.058672 -0.027380 -0.021253 -0.250548 -0.316454 0.119877 0.008766 -0.129323 0.068625 0.096267 0.095192 -0.139418 -0.148579 -0.332859 -0.356921 -0.174437 -0.229832 -0.121883 -0.345341 0.114278 0.009427 -0.203745 0.104085 -0.049230 -0.098577 0.101022 -0.360406 0.324646 -0.411165 0.527459 -0.354861 0.121944 0.207031 -0.116980 0.014829 0.058270 0.104720 0.157902 -0.002214 0.316592 0.434972 0.113879 0.411253 -0.187844 0.024628 -0.066511 -0.110327 0.003566 -0.103373 0.022392 -0.079353 0.027091 0.128720 -0.350359 -0.190321 -0.144221 -0.062915 -0.171569 -0.136883 -0.146624 -0.079676 -0.133575 -0.052237 -0.112922 -0.144739 0.017217 0.007034 -0.298440 -0.161487 -0.007570 0.010145
-0.418238 -0.269019 0.337000 -0.384537 0.770875 0.825575 0.076176 -0.203174 0.817226 0.861856 -0.408949 -0.527456 -0.375760 -0.524823 0.055749 0.430843 -0.092446 -0.422930 -0.238767 -0.411573 0.607119 0.700614 -0.611463 -0.473477 1.000000 0.706428 0.761961 0.812907 -0.113499 0.016473 -0.665082 -0.562378 -0.174742 -0.119100 0.211724 0.406406 -0.007215 -0.252684 -0.154675 0.110665 0.211535 0.491492 0.229500 0.207502 0.176489 0.257628 0.335172 0.300848 0.011892 0.346992 0.178475 0.039360 0.417122 0.127926 -0.153194 -0.123435 -0.393949 -0.045984 -0.049435 0.192883 -0.096882 -0.059701 -0.139676 0.004721 0.001184 -0.076550 0.128893 0.198872 -0.050969 0.127396 -0.218221 0.200254 -0.710143 0.695280 -0.741065 0.276732 0.032471 -0.194226 0.172147 -0.035213 0.056659 -0.255274 0.247137 -0.003054 0.232773 -0.249519 -0.023379 -0.415198 0.328036 -0.138595 0.203976 -0.028601 0.151866 -0.119546 0.168675 0.106812 0.113062 0.263147 0.324427 0.008661 -0.362155 -0.438909 -0.220406 -0.378710 -0.202666 -0.189753 -0.124373 0.015560 0.096412 0.415972 0.193307 0.101932 0.302588 0.117103 0.225340 0.067821
-0.488661 -0.404832 0.195910 -0.240048 0.624194 0.742481 -0.074612 -0.085290 0.774412 0.695910 -0.317721 -0.345121 -0.191300 -0.367269 0.269056 0.423835 -0.149595 -0.415028 -0.299561 -0.383456 0.471470 0.449755 -0.244780 -0.095713 0.706428 1.000000 0.604144 0.730019 -0.096118 0.111103 -0.411852 -0.299597 -0.101768 -0.046465 0.279950 0.431716 -0.021492 -0.099689 -0.169615 -0.049440 0.400556 0.392439 0.418496 0.393074 0.306495 0.467391 0.377976 0.368508 0.110513 0.387896 0.471744 0.236099 0.414291 0.223440 -0.113603 0.096995 -0.427203 -0.279473 -0.289201 -0.161064 -0.155016 -0.274083 -0.187129 -0.223351 0.164333 0.094448 -0.046934 0.149471 -0.203097 -0.135542 -0.229142 -0.003256 -0.665067 0.546934 -0.513253 0.016472 0.049021 -0.191268 0.000817 -0.162615 -0.056357 -0.386557 0.275971 -0.113329 0.351043 -0.062354 -0.065163 -0.393244 0.268633 -0.114288 0.066821 -0.084928 -0.041155 -0.133159 0.068414 0.073329 0.296317 0.436710 0.363597 0.164526 -0.445286 -0.304720 -0.299750 -0.299666 -0.386206 -0.311346 -0.280089 -0.164782 0.006389 0.406342 0.189681 0.183827 0.171179 0.174477 0.253749 0.128061
-0.093134 0.027895 0.382500 -0.222837 0.901526 0.912140 0.332102 -0.008724 0.774911 0.860023 -0.180539 -0.361670 -0.103091 -0.448225 0.138297 0.619846 -0.080158 -0.242582 -0.415165 -0.314338 0.626973 0.705111 -0.536093 -0.531341 0.761961 0.604144 1.000000 0.922900 -0.250655 0.092365 -0.737831 -0.649772 -0.222938 -0.068077 0.024091 0.240134 -0.404526 -0.586482 -0.348349 0.168959 0.042491 0.570553 0.042567 0.079758 0.336481 0.279182 0.172235 0.086607 0.296714 0.495051 0.120154 0.037624 0.300463 -0.041194 -0.203728 -0.129047 -0.206892 0.112748 0.211729 0.349628 0.137276 0.116616 -0.016272 0.077098 0.066716 0.040660 0.105545 -0.062638 -0.126726 0.000720 -0.299329 0.022293 -0.815479 0.711952 -0.717725 0.105014 -0.282204 -0.494427 0.054230 -0.037133 -0.081238 -0.372931 0.247587 0.118778 0.017300 -0.386349 -0.230838 -0.609405 0.599677 0.164224 -0.018072 -0.233299 0.012489 -0.194792 -0.196271 -0.035291 0.116141 0.100686 0.384098 0.069807 -0.325722 -0.400064 -0.214304 -0.270455 -0.161858 -0.194636 0.065642 -0.146915 -0.005566 0.285354 -0.075072 -0.047874 0.452937 0.173241 0.084524 -0.036443
-0.228188 -0.072124 0.286537 -0.289957 0.840916 0.935978 0.170210 -0.059586 0.785057 0.843088 -0.348475 -0.462507 -0.179430 -0.466349 0.137353 0.549774 -0.137656 -0.284799 -0.363179 -0.376170 0.622855 0.754601 -0.545227 -0.431971 0.812907 0.730019 0.922900 1.000000 -0.188417 0.123658 -0.683071 -0.555807 -0.217395 -0.072693 0.114915 0.300815 -0.253265 -0.453558 -0.242740 0.248815 0.166311 0.588568 0.161753 0.185980 0.294543 0.303905 0.279346 0.211769 0.162552 0.466007 0.231263 0.108735 0.327174 0.077801 -0.185150 -0.068057 -0.238188 0.093153 0.005223 0.178358 -0.017751 -0.090296 -0.099010 -0.023348 0.079311 0.004083 0.012031 -0.001157 -0.124324 -0.018089 -0.334111 0.039206 -0.835543 0.765229 -0.724714 0.097207 -0.128521 -0.386907 0.098421 0.047113 -0.027113 -0.333265 0.255310 0.055694 0.128271 -0.332240 -0.168532 -0.597216 0.478399 0.036142 0.007287 -0.182235 0.006791 -0.206637 -0.039278 0.019021 0.227407 0.267712 0.453427 0.174194 -0.340429 -0.353847 -0.239725 -0.261465 -0.170449 -0.136283 -0.033247 -0.041764 -0.035364 0.354981 0.011425 0.103341 0.385957 0.168611 0.148071 0.008275
-0.176206 -0.352370 -0.217484 -0.372889 -0.282585 -0.299728 -0.282343 -0.114566 -0.281634 -0.288073 0.144983 0.346320 0.143360 0.512193 -0.021545 -0.292961 0.268923 0.323524 0.043757 -0.020058 0.007902 -0.116115 0.137672 -0.014494 -0.113499 -0.096118 -0.250655 -0.188417 1.000000 0.224151 0.469031 0.499926 0.402770 0.440146 0.198158 0.074201 0.274471 0.263113 0.000381 -0.298710 0.230430 0.142156 -0.028347 0.037979 -0.095855 -0.029854 0.043366 0.014100 -0.299998 -0.256016 -0.078608 -0.160043 -0.216953 -0.090060 -0.080672 -0.078018 0.217315 -0.023404 -0.394730 -0.436129 -0.201653 -0.296071 0.062933 -0.003397 -0.095615 -0.335284 -0.245846 -0.150384 -0.115926 -0.320325 0.286738 0.378985 0.420021 0.095132 0.121632 0.388163 0.257962 0.316170 0.372622 0.131733 0.346411 0.517135 0.005619 -0.172268 0.134717 0.183004 0.229215 0.027589 -0.397707 -0.397521 -0.145183 -0.153947 -0.217527 -0.201437 0.164285 0.041099 0.048658 0.156445 0.000306 0.002569 0.081079 0.132368 0.106655 0.131036 -0.148122 0.022354 -0.104424 -0.115687 -0.065195 0.256565 0.127589 0.235730 -0.367583 -0.294604 -0.183911 -0.220864
-0.062885 0.019916 0.023999 -0.135258 0.094611 0.110375 0.238560 -0.018353 0.149485 0.156518 0.064743 0.220197 0.406463 0.183022 0.031962 0.042569 0.203666 0.421899 -0.131388 0.062193 0.229813 0.087232 -0.150461 -0.045378 0.016473 0.111103 0.092365 0.123658 0.224151 1.000000 0.138910 0.021837 0.040395 0.278183 -0.001088 0.130292 0.268464 0.040753 -0.472398 -0.266838 0.399661 0.139261 0.180057 0.208874 0.165684 0.105596 0.229046 0.196134 -0.016068 0.086846 0.184373 0.060278 0.165134 0.087790 -0.371497 -0.280527 0.009615 0.026381 -0.252117 -0.336385 -0.049162 -0.081839 0.045598 0.008774 -0.086371 0.049135 -0.229539 -0.227107 -0.176650 -0.162971 0.038093 -0.204614 -0.060677 0.235446 0.126251 -0.106966 0.213096 0.016104 0.150655 0.368280 0.264866 0.355596 -0.189610 -0.088459 0.072116 -0.092567 -0.276749 -0.180258 -0.242462 -0.500900 -0.189528 -0.081411 -0.070140 -0.236589 -0.136832 -0.141857 0.044385 -0.016699 0.166831 -0.027489 -0.092506 0.079215 -0.130483 -0.052491 -0.309313 -0.131350 -0.324203 -0.192354 -0.257216 0.209634 0.170683 0.348577 -0.152471 -0.100268 0.093491 -0.137892
0.055086 -0.044706 -0.398409 0.099284 -0.768721 -0.759099 -0.255344 0.015284 -0.674936 -0.762202 0.331676 0.657988 0.285609 0.637295 -0.032015 -0.484997 0.061473 0.372164 0.326959 0.315740 -0.288139 -0.478908 0.469786 0.482091 -0.665082 -0.411852 -0.737831 -0.683071 0.469031 0.138910 1.000000 0.831576 0.280700 0.201893 -0.041127 -0.154729 0.348462 0.495357 0.076632 -0.198252 0.175009 -0.295181 -0.095976 -0.025854 -0.183556 -0.143699 -0.126973 -0.062326 -0.236400 -0.415352 -0.066672 0.009254 -0.313111 0.083946 0.067666 0.128557 0.167509 -0.214140 -0.318183 -0.514758 -0.114095 -0.166682 0.076765 -0.154242 0.002895 0.024719 -0.312233 -0.090248 -0.085529 -0.212799 0.493861 -0.024617 0.736003 -0.527502 0.762486 -0.061659 0.287416 0.451834 -0.063331 0.017565 0.060062 0.361761 -0.175048 0.022912 -0.043252 0.388842 0.084812 0.456626 -0.668059 -0.280040 -0.184171 0.007618 -0.243041 -0.063856 0.046777 -0.051045 -0.057505 -0.079426 -0.296085 -0.010390 0.351106 0.429968 0.206463 0.361667 0.041536 0.189574 -0.163721 -0.042988 -0.182961 -0.157557 -0.016476 0.057461 -0.491864 -0.193635 -0.168782 -0.085656
-0.108309 -0.192853 -0.453664 -0.013634 -0.690765 -0.659440 -0.353629 0.132329 -0.701167 -0.748592 0.277910 0.528211 0.142399 0.705511 0.097623 -0.413897 0.120775 0.197253 0.177387 0.123178 -0.259910 -0.311855 0.393825 0.407522 -0.562378 -0.299597 -0.649772 -0.555807 0.499926 0.021837 0.831576 1.000000 0.437783 0.362715 0.130896 -0.013349 0.297666 0.494699 0.134895 -0.186231 0.197055 -0.067843 -0.007827 0.054975 -0.043294 0.045228 -0.066549 -0.057065 -0.254872 -0.282075 -0.036407 0.008122 -0.267672 0.089112 0.004395 0.176089 0.125953 -0.262919 -0.454502 -0.583399 -0.163654 -0.203858 0.090758 -0.121586 0.108327 0.027673 -0.373682 -0.151404 -0.206183 -0.341846 0.197456 0.241578 0.677827 -0.370467 0.513828 0.202961 0.254409 0.402168 0.012073 -0.122498 0.170347 0.323728 -0.044767 0.045323 0.067795 0.317041 0.072524 0.432733 -0.663678 -0.275349 -0.278296 -0.084243 -0.260082 -0.096705 0.140667 -0.063946 -0.074259 0.106988 -0.295993 0.047506 0.351862 0.426042 0.223811 0.370619 -0.044541 0.103343 -0.107002 0.104524 -0.203156 -0.076237 0.004121 0.084484 -0.509410 -0.136757 -0.091129 0.069856
-0.085883 -0.235353 -0.370946 -0.465114 -0.267491 -0.297660 -0.065737 0.170910 -0.363738 -0.380420 0.286794 0.282575 0.078748 0.478803 -0.016402 -0.127457 0.003407 0.244371 -0.373305 -0.387594 -0.100271 -0.148911 0.091715 -0.061493 -0.174742 -0.101768 -0.222938 -0.217395 0.402770 0.040395 0.280700 0.437783 1.000000 0.683552 -0.106194 -0.195105 0.043384 0.063345 0.032013 -0.144816 -0.042866 0.076119 -0.049583 -0.115213 0.195690 0.238812 -0.149153 -0.207723 0.243307 0.105222 -0.013204 -0.044002 -0.224450 -0.139802 -0.206299 -0.109011 0.127242 -0.217600 -0.208765 -0.377640 0.251043 0.013547 0.510245 0.118166 0.342711 -0.013806 -0.360094 -0.367199 -0.309087 -0.536901 -0.018107 0.516252 0.378469 0.078800 0.085018 0.397071 -0.050723 -0.007168 0.000644 -0.096916 0.114945 0.222117 -0.070429 -0.117840 0.182306 -0.034965 0.120561 0.189861 -0.302453 -0.220364 -0.394882 -0.268642 -0.218560 -0.193213 0.028056 -0.125207 -0.173277 -0.024109 -0.089385 -0.007990 0.313505 0.357993 0.348770 0.390413 0.020099 0.001283 0.133621 0.038843 -0.069916 -0.007847 -0.089213 0.130538 -0.377055 -0.108245 -0.070731 0.066921
0.001693 -0.031054 -0.233770 -0.391547 -0.049413 -0.131760 0.084355 0.214863 -0.226702 -0.195545 0.251350 0.276148 0.373333 0.407068 0.287789 0.086776 0.279544 0.266404 -0.314785 -0.125840 0.092667 0.010799 -0.027815 -0.097727 -0.119100 -0.046465 -0.068077 -0.072693 0.440146 0.278183 0.201893 0.362715 0.683552 1.000000 0.005556 0.059478 -0.035333 -0.051731 -0.166075 -0.248314 0.093542 0.216606 -0.202543 -0.203076 0.097647 0.060522 -0.205864 -0.229243 0.033419 -0.032659 -0.213184 -0.300989 -0.297573 -0.332194 -0.363989 -0.384218 0.151118 -0.041387 -0.161179 -0.278901 0.247935 0.157358 0.397158 0.331994 0.234910 -0.045528 -0.207721 -0.260583 -0.160628 -0.382028 -0.124815 0.346925 0.238567 0.289980 -0.006613 0.390592 -0.018943 -0.020891 0.286091 0.109584 0.437784 0.444182 -0.002339 0.047067 0.161972 -0.319259 -0.022188 -0.038871 -0.118870 -0.267523 -0.276066 -0.198221 -0.106904 -0.139597 -0.066930 -0.147701 -0.074904 -0.066871 -0.119162 -0.057399 0.077655 0.160354 0.215158 0.182797 -0.149673 -0.126086 0.068902 -0.219129 -0.027748 0.051745 0.119482 0.300513 -0.304063 -0.161158 -0.107869 -0.207316
-0.359662 -0.316456 0.266294 0.095950 0.092966 0.127792 -0.341016 -0.222425 0.131073 0.134975 -0.154976 -0.143073 -0.283538 -0.009108 0.180771 -0.014195 0.192662 -0.216587 0.353075 0.168316 -0.043241 0.062751 0.011926 0.057470 0.211724 0.279950 0.024091 0.114915 0.198158 -0.001088 -0.041127 0.130896 -0.106194 0.005556 1.000000 0.805060 0.324312 0.340143 -0.142542 -0.499848 0.255304 0.340295 0.419278 0.533070 0.073362 0.235878 0.524511 0.401402 -0.437434 -0.113527 0.403111 0.370286 0.401171 0.341210 -0.128004 -0.069589 -0.280200 -0.206745 -0.484717 -0.302903 -0.595042 -0.550562 -0.458632 -0.077487 -0.199163 -0.224042 0.199659 0.364538 0.233769 0.071909 -0.109817 0.014615 -0.064111 0.318057 -0.227731 0.344267 0.642627 0.522754 0.479331 0.055999 0.299266 0.263103 0.014213 -0.291459 0.343057 0.297188 -0.200530 -0.412772 -0.106309 -0.436406 0.108949 -0.043131 -0.277360 -0.237855 0.079466 -0.206813 0.006349 0.127246 0.139920 0.142212 -0.465950 -0.341899 -0.442313 -0.332936 -0.613298 -0.452992 -0.604395 -0.280997 -0.203311 0.016263 0.436466 0.387190 -0.137709 0.072947 0.355396 0.024605
-0.404006 -0.296933 0.315709 0.102324 0.274269 0.323648 -0.162299 -0.129600 0.312569 0.360676 -0.225863 -0.167515 -0.220890 -0.074603 0.193758 0.154452 0.143568 -0.304512 0.247084 0.203764 0.193061 0.295529 -0.208095 -0.036595 0.406406 0.431716 0.240134 0.300815 0.074201 0.130292 -0.154729 -0.013349 -0.195105 0.059478 0.805060 1.000000 0.283321 0.179551 -0.327862 -0.466672 0.395351 0.374498 0.454675 0.546446 0.175981 0.315048 0.571575 0.478685 -0.351722 -0.001256 0.326240 0.277830 0.510717 0.290784 -0.271702 -0.203042 -0.370264 -0.253865 -0.382159 -0.183361 -0.491618 -0.350051 -0.436549 -0.058210 -0.255421 -0.167402 0.235203 0.363900 0.202851 0.157899 -0.156311 -0.136099 -0.245360 0.419700 -0.314373 0.259862 0.547622 0.364339 0.385857 -0.024986 0.378140 0.163700 0.119789 -0.122698 0.248421 0.053943 -0.285911 -0.417933 -0.055988 -0.500296 0.211463 -0.009203 -0.116612 -0.157724 0.122720 -0.137956 -0.042416 0.199968 0.123114 0.114764 -0.508055 -0.349991 -0.432415 -0.402530 -0.611705 -0.480230 -0.563273 -0.275169 -0.139836 0.093108 0.494614 0.433383 0.008686 0.195182 0.533538 0.144794
