1.000000 0.574817 0.237506 0.277489 0.075328 0.062875 0.444757 0.288193 -0.023105 0.178820 0.439676 0.257233 0.011416 -0.074643 0.251107 0.008506 0.107078 -0.054900 0.369039 0.504577 -0.260630 0.085297 0.343646 0.128673 -0.238222 -0.409481 -0.090796 -0.039691 -0.181811 -0.245150 0.189042 0.150272 0.013640 0.465680 0.100222 0.027611 -0.543069 -0.517379 -0.540602 -0.273987 -0.451891 -0.188600 -0.353272 -0.268408 -0.061924 -0.039650 -0.059252 -0.478152 -0.274981 -0.159899 -0.206224 -0.181626 -0.172959 -0.236469 -0.419655 -0.333965 0.392034 0.039462 0.145166 -0.008775 0.464549 0.395972 0.303074 0.429341 0.596474 0.140644 -0.229866 -0.000628 0.130706 0.359067 -0.024135 -0.313642 -0.056283 0.155427 0.207130 0.186328 0.333176 0.116785 -0.155846 -0.070655 -0.223408 -0.330893 -0.145889 -0.026178 0.388136 -0.065285 0.104466 0.002100 0.157399 -0.086945 -0.142346 0.000510 0.027473 -0.037502 -0.386700 -0.205054 -0.424374 -0.230803 -0.349889 -0.233157 -0.086632 0.109046 0.145321 -0.168645 -0.223288 -0.213949 -0.083824 -0.177612 -0.044925 -0.252801 -0.272021 0.123723 0.090953 -0.259496 -0.320498 -0.060733
0.574817 1.000000 -0.114801 0.374767 -0.239173 -0.117646 0.132784 0.228878 -0.246191 -0.226595 0.126349 0.228883 -0.051802 0.075902 -0.066615 -0.207630 -0.053815 0.183953 0.328533 0.380413 -0.236873 -0.098794 -0.063653 -0.119080 -0.376740 -0.409953 -0.358328 -0.202840 -0.233297 -0.217866 -0.140856 0.104805 0.221163 0.555330 0.098589 -0.241773 -0.372696 -0.280208 -0.368426 0.077409 -0.326112 -0.077427 -0.126002 -0.092881 0.029124 -0.059102 0.015513 -0.258431 -0.181365 -0.036616 -0.062569 -0.095929 0.110095 -0.122766 -0.187479 -0.218404 0.388238 0.496899 -0.055457 0.144587 0.398155 0.429508 0.359167 0.569914 0.323918 0.194147 -0.109777 -0.179193 0.274970 0.314083 -0.206854 -0.407759 -0.162094 0.055198 0.059543 0.151747 0.423116 0.312294 -0.178971 0.123426 -0.317786 -0.348209 -0.263125 0.001178 0.109849 0.066580 0.039015 -0.121966 -0.137304 -0.040470 -0.183883 -0.061521 0.038840 -0.081714 -0.312214 -0.244291 -0.212938 -0.170799 -0.172680 -0.249214 -0.034311 0.229858 -0.005765 0.060680 -0.116897 -0.121540 0.001955 -0.098467 -0.081924 -0.295308 -0.165633 0.068313 0.198644 -0.286715 -0.216534 -0.219725
0.237506 -0.114801 1.000000 0.255638 0.287905 0.096491 0.668491 0.553546 0.173122 0.333842 0.060664 0.146659 -0.115016 -0.056302 0.201762 -0.068174 -0.014242 -0.339901 0.094724 0.178592 0.095202 0.186255 0.454092 0.143536 -0.086368 0.044685 0.058637 -0.023824 -0.176142 -0.169607 0.279973 0.075174 -0.115217 0.153497 -0.092524 0.199057 -0.318057 -0.386623 -0.146592 -0.056800 -0.148968 -0.005546 -0.337505 -0.464185 -0.301590 -0.236982 -0.446623 -0.450485 -0.298930 -0.516577 -0.202208 -0.504754 -0.407149 -0.198922 -0.407804 -0.480042 -0.282187 -0.396829 0.359433 -0.135374 0.358649 0.289675 -0.189163 0.144826 0.471514 0.417019 0.178130 0.389974 -0.254835 0.186199 0.047106 -0.022968 -0.105925 0.108225 0.004954 0.242188 -0.051123 0.060266 -0.046464 -0.079407 -0.045351 -0.200236 0.224749 0.012999 0.142283 -0.225600 0.183589 0.198274 0.158247 -0.214966 -0.019697 0.346530 0.225348 0.283846 -0.064074 0.242537 -0.226457 0.101655 -0.492045 -0.051600 0.202754 0.100932 0.212253 -0.103025 0.080046 0.102940 -0.139862 -0.029505 -0.046175 0.188764 0.060498 0.006864 -0.113207 0.132475 0.101212 0.140826
0.277489 0.374767 0.255638 1.000000 -0.088416 -0.112628 0.310508 0.702503 -0.212257 -0.050185 0.003518 0.474374 -0.216666 0.146973 0.067661 0.080688 -0.015911 0.057355 0.323946 0.299629 -0.057092 -0.172848 0.258324 0.324945 -0.426467 -0.311984 -0.209330 -0.189646 -0.256229 -0.278483 0.176556 0.461613 0.191736 0.517421 0.194203 -0.129423 -0.424918 -0.397154 -0.291263 -0.186231 -0.240982 -0.264488 -0.219747 -0.250178 -0.070678 -0.114382 -0.268248 -0.419880 -0.294763 -0.243037 -0.059014 -0.284696 -0.236305 -0.239468 -0.285736 -0.472644 0.075069 0.161129 -0.069405 -0.061038 0.322279 0.437852 0.150948 0.294150 0.559851 0.340045 -0.050803 0.122317 -0.083338 0.140200 -0.217843 -0.240997 -0.234236 -0.050789 -0.098738 0.311416 0.249821 0.097885 -0.060815 0.163242 -0.230446 -0.358090 -0.115207 0.112566 0.196627 0.072558 0.273338 0.194760 0.244929 0.008990 -0.088507 -0.107278 0.284135 -0.046514 -0.210843 -0.153894 -0.221135 -0.163184 -0.422351 -0.382151 0.020919 -0.022217 0.220281 -0.213185 -0.042304 -0.233461 -0.205729 -0.111964 -0.275632 -0.216304 0.009762 -0.113292 0.041391 -0.124620 -0.058456 -0.080017
0.075328 -0.239173 0.287905 -0.088416 1.000000 0.691121 0.313999 -0.007230 0.878113 0.590294 0.288470 -0.062332 0.153749 -0.341303 0.741314 0.126487 0.017551 -0.300620 -0.182609 -0.108241 0.189546 0.003639 0.365127 0.097066 0.413545 0.231673 0.641366 0.537525 -0.046378 0.052272 0.203061 -0.105833 0.015541 -0.086399 0.026141 0.113426 -0.143591 -0.209248 -0.230261 -0.383865 -0.312739 -0.123854 -0.044526 -0.051462 -0.165475 -0.095765 -0.018459 0.054841 -0.066508 -0.066529 0.030187 0.056231 -0.290282 0.152721 -0.258085 -0.188113 -0.009277 -0.274626 0.220917 -0.199208 -0.133866 0.000570 -0.360009 -0.164486 0.162538 0.037069 -0.049208 0.097710 -0.020129 -0.068531 0.050813 -0.058411 -0.028488 0.007181 -0.079654 -0.060143 -0.191000 -0.347425 -0.204517 -0.126078 0.020133 -0.203197 0.058923 -0.214027 0.333545 -0.138738 -0.028241 -0.143720 0.285683 -0.088627 -0.034900 0.290668 -0.019346 0.132305 -0.055167 -0.158317 -0.208194 -0.127146 -0.155050 -0.101711 0.138851 0.230769 0.020452 0.081323 0.119681 0.089968 0.044644 0.120918 -0.089617 0.069602 -0.152377 -0.151328 -0.243722 0.137790 0.006755 0.113151
0.062875 -0.117646 0.096491 -0.112628 0.691121 1.000000 0.137167 -0.081564 0.683041 0.535286 0.259258 0.077559 -0.063914 -0.239611 0.360567 0.119560 -0.157168 -0.175278 -0.205224 -0.114130 -0.045983 -0.085694 0.274704 0.085427 0.403055 0.277389 0.522015 0.713363 -0.274236 -0.139022 -0.163029 -0.256730 -0.070849 -0.072012 0.066055 0.127268 -0.179228 -0.140369 -0.245813 -0.324846 -0.323489 -0.211709 -0.018503 0.031780 -0.131837 -0.060602 0.030837 0.137123 0.167979 0.103500 0.213555 0.344803 -0.130936 0.327752 -0.148956 -0.020755 0.098440 -0.036932 0.290661 -0.060963 -0.098543 0.097146 -0.309446 -0.167208 0.017099 0.078485 -0.120241 -0.059962 0.063648 -0.026664 0.069277 -0.086898 -0.152114 -0.090722 -0.107072 -0.163359 -0.100847 -0.201168 -0.218225 -0.283657 -0.060324 -0.227113 -0.170023 -0.407343 0.096666 -0.085019 -0.106752 -0.319783 0.217066 0.080061 -0.099905 0.064021 -0.035579 -0.074303 -0.113239 -0.256285 -0.134170 -0.124159 -0.140126 -0.120438 0.013019 0.048535 -0.040277 0.134974 0.025168 0.034443 0.158322 -0.115042 -0.065986 -0.033829 -0.123955 -0.015807 -0.252135 -0.045703 0.027631 0.135581
0.444757 0.132784 0.668491 0.310508 0.313999 0.137167 1.000000 0.588332 0.199339 0.343041 0.255662 0.358824 0.157236 0.041954 0.339506 -0.011355 0.062370 0.002207 0.170154 0.210041 -0.070196 0.184980 0.294451 0.120114 -0.307945 -0.324001 -0.067109 -0.149598 -0.079432 -0.222712 0.047518 0.034777 -0.052720 0.254470 -0.124437 0.070401 -0.437491 -0.420786 -0.394996 -0.158952 -0.278205 -0.014525 -0.403774 -0.420799 -0.334560 -0.303548 -0.470555 -0.579949 -0.356826 -0.501553 -0.207490 -0.354666 -0.435560 -0.235070 -0.439347 -0.579529 -0.136390 -0.270396 0.287952 -0.045514 0.612254 0.444461 0.074367 0.410178 0.660880 0.302933 0.011009 0.156717 -0.081453 0.081071 0.025687 -0.057181 0.008802 0.283580 0.067375 0.381550 0.128770 0.148348 -0.005623 -0.087550 -0.142382 -0.247445 -0.034894 0.011882 0.270035 -0.027537 0.047577 0.155331 0.140299 -0.205991 -0.011390 0.291058 0.255067 0.233809 -0.206408 -0.177741 -0.461153 -0.143514 -0.558985 -0.340550 0.255680 0.208916 0.179847 -0.132910 -0.128308 -0.068958 -0.153374 -0.079881 -0.252990 -0.061278 -0.233710 -0.039052 -0.158560 0.005493 -0.129366 -0.020246
0.288193 0.228878 0.553546 0.702503 -0.007230 -0.081564 0.588332 1.000000 -0.176739 0.103397 0.022069 0.558660 -0.094721 0.253578 -0.012419 0.078409 -0.076322 -0.061086 0.214995 0.136375 -0.031107 0.106307 0.186694 0.248522 -0.499085 -0.375402 -0.342977 -0.270908 -0.270393 -0.253833 0.132586 0.309503 0.032780 0.436108 -0.036284 0.044632 -0.474765 -0.405068 -0.299614 -0.072824 -0.226134 -0.155208 -0.232339 -0.289012 -0.148937 -0.214324 -0.393008 -0.498671 -0.282365 -0.395594 -0.111281 -0.386276 -0.255969 -0.178842 -0.405678 -0.529378 -0.164384 -0.153681 0.072510 -0.065453 0.528148 0.631345 0.053329 0.396474 0.616741 0.496750 -0.045577 0.195040 -0.300268 -0.015616 -0.270629 -0.152922 -0.214733 0.053089 0.048278 0.377484 0.192205 0.104710 -0.066904 0.058232 -0.360096 -0.430803 -0.121530 0.008389 0.074603 -0.055651 0.155653 0.270084 0.191240 -0.068473 -0.048912 0.040480 0.454849 0.041001 -0.211859 -0.153223 -0.324330 -0.110700 -0.576965 -0.394360 0.169936 -0.003467 0.157119 -0.298750 -0.005924 -0.089887 -0.163093 -0.060596 -0.248648 -0.115964 -0.079570 -0.004262 -0.016894 0.053550 -0.042433 -0.133943
-0.023105 -0.246191 0.173122 -0.212257 0.878113 0.683041 0.199339 -0.176739 1.000000 0.546528 0.167387 -0.118114 0.185415 -0.285039 0.625559 0.048972 0.035613 -0.150316 -0.316159 -0.169044 0.140513 -0.067825 0.285345 -0.038204 0.460998 0.325735 0.550569 0.536294 -0.047645 0.149694 -0.008107 -0.305382 0.046244 -0.039546 -0.044889 0.172690 -0.078127 -0.029940 -0.163165 -0.223870 -0.211000 -0.042277 0.006226 0.004159 -0.183012 -0.176404 0.027029 0.217744 0.046009 -0.048804 0.091616 0.088400 -0.177393 0.211239 -0.151270 0.024811 -0.017981 -0.166550 0.296073 -0.106017 -0.201902 -0.033444 -0.374067 -0.167180 -0.023791 -0.008444 -0.042954 -0.029106 0.122632 -0.020606 0.006976 -0.043604 0.067295 0.067231 -0.043410 -0.117446 -0.205280 -0.294597 -0.268379 -0.157321 0.077269 -0.147178 -0.013901 -0.309189 0.174969 -0.225738 -0.088604 -0.223071 0.195415 -0.001526 -0.054622 0.256505 -0.027972 0.122513 -0.090013 -0.143133 -0.079805 -0.034326 -0.002720 0.045349 0.128525 0.194221 -0.025605 0.067830 0.071092 0.087941 0.104228 0.168008 -0.076867 0.045048 -0.067918 -0.147500 -0.258906 0.163659 0.011672 0.156957
0.178820 -0.226595 0.333842 -0.050185 0.590294 0.535286 0.343041 0.103397 0.546528 1.000000 0.363536 -0.041741 0.009140 -0.367295 0.347510 0.378032 0.126300 -0.212560 -0.267644 -0.120307 -0.020146 0.067991 0.440899 0.156571 0.375351 0.186186 0.372975 0.391084 -0.035011 0.066120 -0.016586 -0.267714 -0.164716 0.041248 0.103329 0.334191 -0.127187 -0.180019 -0.103764 -0.332222 -0.161334 -0.132513 -0.245648 -0.236805 -0.328586 -0.172167 -0.138147 -0.202617 -0.132002 -0.208257 -0.059614 -0.057210 -0.229422 -0.035173 0.007810 -0.157627 -0.014579 -0.188780 0.304023 -0.205652 0.035195 0.159662 -0.337058 -0.047338 0.231585 0.254785 -0.113721 0.162774 -0.058412 -0.064058 0.019786 -0.113658 0.054187 -0.012743 -0.122212 -0.077079 -0.235847 -0.198583 -0.017171 -0.195916 0.131215 -0.123479 -0.176726 -0.231772 0.192064 -0.053968 0.080121 0.082025 0.376827 0.138760 -0.073193 0.075785 0.222000 0.005533 0.047138 -0.061539 -0.159870 -0.009737 -0.293996 -0.098392 0.218333 -0.133881 0.111082 -0.133953 0.024947 0.031200 0.023907 -0.183082 -0.067168 -0.003945 -0.043725 -0.287937 -0.201972 -0.010410 0.090349 0.045330
0.439676 0.126349 0.060664 0.003518 0.288470 0.259258 0.255662 0.022069 0.167387 0.363536 1.000000 0.196255 0.364951 -0.004351 0.300960 0.138909 0.273495 0.029929 -0.024934 0.105178 0.010779 0.086044 0.293595 0.204896 0.035750 -0.118061 0.153766 0.129961 0.025085 -0.105738 0.123968 0.119153 -0.108396 0.086177 0.045561 0.104444 -0.237294 -0.374037 -0.277436 -0.370225 -0.320911 -0.243228 -0.196636 -0.082339 -0.166550 -0.005233 -0.033930 -0.221651 -0.150032 -0.051968 -0.031004 0.062033 -0.120227 0.049739 -0.217340 -0.221792 0.149214 -0.068132 0.276519 -0.162423 0.203501 0.068602 0.212070 0.045440 0.395597 -0.047313 -0.159741 0.079197 -0.060674 0.073147 0.081325 -0.006205 -0.007771 0.057068 0.134911 0.074852 0.054082 -0.016786 0.206341 0.044146 0.183561 0.140353 -0.044271 0.071820 0.383349 0.144495 0.198916 0.012310 0.267478 0.049173 -0.309917 0.149564 -0.069587 -0.119136 -0.301328 -0.174709 -0.347392 -0.207219 -0.352294 -0.168465 -0.043053 -0.075530 -0.164392 -0.227917 -0.315136 -0.426521 0.025913 -0.343596 -0.123915 -0.115377 -0.015377 -0.103095 -0.016082 -0.142460 -0.108406 -0.263129
0.257233 0.228883 0.146659 0.474374 -0.062332 0.077559 0.358824 0.558660 -0.118114 -0.041741 0.196255 1.000000 0.279339 0.680967 0.021505 0.309684 0.107640 0.217066 -0.073012 0.002164 -0.002742 0.042778 0.079204 0.263925 -0.289543 -0.273022 -0.192205 -0.069851 -0.030375 0.012042 0.099891 0.339594 -0.056513 0.347700 -0.114085 0.112658 -0.182211 -0.104186 -0.117096 0.095676 -0.119906 0.166746 -0.207522 -0.127379 -0.213354 -0.255147 -0.338640 -0.382575 -0.212711 -0.327690 -0.069246 -0.211393 -0.085671 -0.214059 -0.034534 -0.324738 -0.170963 -0.172624 -0.049588 -0.212519 0.385457 0.607839 0.179150 0.437194 0.392191 0.250837 -0.385639 -0.162732 -0.229636 -0.146603 -0.062253 -0.027694 0.107878 0.147224 0.293387 0.280563 0.361448 0.127990 -0.013501 0.067682 -0.240016 -0.147283 -0.220563 0.088611 0.017902 0.002657 -0.011908 0.187052 0.184330 0.268628 -0.188865 -0.133105 0.314529 -0.044594 -0.430454 -0.218720 -0.176403 -0.305082 -0.443021 -0.244251 0.085409 -0.044421 -0.133313 -0.430373 -0.392252 -0.411994 -0.065885 -0.081429 -0.293046 -0.204577 0.041753 0.159745 -0.079457 -0.138787 -0.159011 -0.281134
0.011416 -0.051802 -0.115016 -0.216666 0.153749 -0.063914 0.157236 -0.094721 0.185415 0.009140 0.364951 0.279339 1.000000 0.332643 0.167061 0.056351 0.312075 0.210597 -0.200234 -0.242096 0.100390 0.115739 -0.165183 -0.127606 -0.027808 -0.149927 -0.045848 -0.162220 0.246124 0.245170 0.012145 -0.112006 -0.109431 -0.015526 -0.320269 -0.050988 0.144992 0.060176 0.114701 0.174361 -0.109890 0.057548 0.050441 0.154698 -0.105836 -0.100750 -0.050430 0.067640 0.096645 -0.051548 0.088549 0.031932 0.154779 0.056002 0.175334 0.045213 -0.090980 -0.076458 0.177281 0.016869 0.211217 0.029020 0.098631 0.101798 0.008157 -0.097430 -0.201239 -0.138145 -0.090739 -0.122229 0.021754 0.047757 0.183231 -0.012855 0.126549 -0.125480 -0.161319 -0.189117 0.103684 0.126867 0.159675 0.233345 -0.016844 0.023551 0.142148 -0.105006 -0.090099 0.177715 0.013629 0.084479 -0.136838 0.095264 -0.042003 -0.042850 -0.224097 -0.020671 -0.032829 -0.116598 0.042260 0.057811 0.151343 0.064948 -0.223396 -0.145500 -0.288892 -0.313244 -0.090057 -0.028047 -0.210787 -0.044032 0.126906 -0.028467 -0.043488 0.156544 -0.106960 -0.275067
-0.074643 0.075902 -0.056302 0.146973 -0.341303 -0.239611 0.041954 0.253578 -0.285039 -0.367295 -0.004351 0.680967 0.332643 1.000000 -0.253490 0.183970 0.082808 0.357328 -0.140316 -0.028683 0.048123 0.083932 -0.154961 0.139467 -0.317871 -0.121920 -0.327775 -0.179185 0.154165 0.120228 0.019692 0.281594 -0.032220 0.191563 -0.307491 0.011206 0.108070 0.243907 0.194307 0.408901 0.214646 0.349169 -0.106988 -0.045765 -0.208229 -0.255646 -0.286523 -0.174441 -0.122186 -0.265139 -0.070326 -0.206700 0.058530 -0.120904 0.124953 -0.025725 -0.210176 0.001602 -0.128739 -0.074009 0.124943 0.252222 0.210587 0.172355 -0.026984 -0.029770 -0.323129 -0.267785 -0.184507 -0.125977 0.024736 0.097906 0.202025 0.265240 0.347702 0.240931 0.252802 0.236501 0.152406 0.164938 -0.142447 0.176192 -0.001700 0.257497 -0.305032 -0.010915 -0.227446 0.241334 -0.175195 0.301223 -0.184165 -0.208851 0.124290 -0.208493 -0.230398 -0.072268 -0.025558 -0.048397 -0.211887 -0.045125 -0.065906 0.025093 -0.156999 -0.280115 -0.338736 -0.313422 -0.152377 -0.123947 -0.059071 -0.084804 0.161843 0.131073 -0.103340 -0.026918 -0.041098 -0.263876
0.251107 -0.066615 0.201762 0.067661 0.741314 0.360567 0.339506 -0.012419 0.625559 0.347510 0.300960 0.021505 0.167061 -0.253490 1.000000 0.311803 0.265220 -0.189882 0.125454 0.101079 0.113783 -0.032654 0.331305 0.131565 0.185666 0.028334 0.476620 0.305984 0.314215 0.173171 0.354808 0.110401 0.079513 0.015876 -0.041901 -0.138228 -0.017619 -0.102525 -0.185776 -0.383596 -0.135162 -0.044498 -0.222997 -0.259569 -0.216933 -0.265478 -0.128644 -0.207697 -0.391584 -0.266220 -0.258675 -0.182740 -0.441888 -0.178000 -0.198123 -0.217530 0.030784 -0.296863 0.013276 -0.253084 -0.056106 -0.019091 -0.144944 -0.027739 0.245503 -0.086917 -0.192368 -0.129749 0.008510 -0.113611 0.202847 0.114977 0.164805 0.217160 0.021164 0.216027 0.017579 -0.122473 -0.182340 -0.031783 0.042511 -0.146616 0.337703 0.215371 0.585715 0.052338 0.210281 0.012013 0.473178 -0.054097 0.074238 0.225210 0.043804 0.311671 -0.086223 -0.117863 -0.279661 -0.184910 -0.201053 -0.133149 0.137923 0.367728 0.123491 0.067625 0.126524 0.050297 -0.056993 0.070416 -0.038849 0.002927 -0.075284 -0.225190 -0.265633 0.058475 0.056994 0.175841
0.008506 -0.207630 -0.068174 0.080688 0.126487 0.119560 -0.011355 0.078409 0.048972 0.378032 0.138909 0.309684 0.056351 0.183970 0.311803 1.000000 0.201416 -0.065986 -0.262664 -0.045419 0.103198 0.019428 0.261077 0.462918 0.216710 0.109687 0.307896 0.258326 0.308972 0.264336 0.127310 0.179407 -0.355793 -0.040934 -0.061081 -0.032070 0.246944 0.130376 0.178509 -0.175541 0.211928 0.111463 -0.294800 -0.284806 -0.325077 -0.332865 -0.176760 -0.284596 -0.406013 -0.351712 -0.409884 -0.354187 -0.349652 -0.511876 0.248790 -0.147978 -0.132082 -0.264640 -0.216439 -0.406520 -0.123439 0.084212 -0.140286 -0.036065 0.054223 -0.023452 -0.426408 -0.154225 -0.202514 -0.223503 0.128353 0.093496 0.257885 0.172221 0.087590 0.129496 -0.046298 -0.035058 0.009080 -0.062195 0.045772 0.046162 0.093599 0.323045 0.265661 0.304838 0.154493 0.335696 0.561202 0.511922 0.074461 -0.198755 0.403330 -0.067408 0.055453 -0.015429 0.052078 0.020321 -0.272884 -0.009639 0.199218 -0.051320 0.248364 -0.217172 -0.066374 -0.025574 -0.081328 -0.154559 0.103506 -0.157626 0.295419 -0.216427 -0.195891 -0.063109 0.279399 -0.017988
0.107078 -0.053815 -0.014242 -0.015911 0.017551 -0.157168 0.062370 -0.076322 0.035613 0.126300 0.273495 0.107640 0.312075 0.082808 0.265220 0.201416 1.000000 0.269371 -0.068566 0.018989 0.022401 0.018502 -0.113179 -0.182738 -0.119861 -0.150780 -0.190247 -0.259034 0.374694 0.385369 0.223572 -0.109250 0.059368 0.030454 -0.161483 0.031622 0.253777 0.043601 -0.017577 -0.189156 0.269078 0.216484 -0.170558 -0.101864 -0.040614 -0.079550 0.002423 -0.128694 -0.163597 -0.105490 -0.130911 -0.093777 -0.007457 -0.090733 0.081592 -0.106107 0.095498 -0.120427 -0.017651 0.077458 0.092980 -0.113968 0.326811 0.166341 0.147237 -0.039689 0.107936 -0.105547 0.081899 -0.022236 0.099843 0.189428 0.373031 0.270557 0.160145 0.181941 -0.050297 -0.015375 0.210651 0.225699 0.486839 0.320168 0.156723 0.300562 0.329678 -0.034065 0.411385 0.233992 0.146911 -0.006248 -0.132618 -0.058468 -0.031033 0.157196 -0.131986 0.113180 -0.148682 -0.174136 -0.032161 0.064129 0.063573 -0.052312 -0.238275 -0.267904 -0.174449 -0.225297 -0.059065 0.210163 -0.077039 -0.012645 0.230113 -0.039682 -0.076860 -0.003347 0.007705 -0.104987
-0.054900 0.183953 -0.339901 0.057355 -0.300620 -0.175278 0.002207 -0.061086 -0.150316 -0.212560 0.029929 0.217066 0.210597 0.357328 -0.189882 -0.065986 0.269371 1.000000 -0.067961 -0.180206 -0.051389 -0.021948 -0.377647 -0.277692 -0.288812 -0.196013 -0.409319 -0.344404 0.299613 0.411461 -0.222089 -0.079391 0.234127 0.120196 -0.100494 -0.057928 0.094450 0.305461 0.109244 0.103812 0.266474 0.179215 -0.033133 0.092024 -0.087216 -0.205523 -0.057742 -0.036150 0.068356 0.043055 0.105814 0.290875 0.298192 0.206238 0.229433 0.277765 0.125763 0.241737 0.049336 0.217862 0.148216 0.155809 0.280166 0.331356 -0.136369 -0.111086 -0.098324 -0.490318 0.207385 -0.188626 0.013955 0.212435 0.386256 0.223447 0.153295 0.180365 0.173352 0.275269 0.207011 0.358653 0.293061 0.453210 -0.261436 0.126325 -0.194959 -0.034047 -0.022438 0.072274 -0.185531 0.132863 -0.297010 -0.361693 -0.251562 -0.139292 -0.062940 -0.235115 -0.023469 -0.016922 -0.116186 -0.063708 -0.065102 -0.117714 -0.268637 -0.219827 -0.230313 -0.301711 -0.033140 0.051530 -0.215840 -0.266764 -0.014533 -0.210190 -0.034067 -0.084624 -0.126285 -0.111646
0.369039 0.328533 0.094724 0.323946 -0.182609 -0.205224 0.170154 0.214995 -0.316159 -0.267644 -0.024934 -0.073012 -0.200234 -0.140316 0.125454 -0.262664 -0.068566 -0.067961 1.000000 0.509289 -0.229927 -0.119160 -0.076688 -0.056271 -0.241124 -0.315816 -0.241842 -0.163446 0.094533 -0.298117 0.127556 0.314666 0.360080 0.249406 0.037735 -0.276640 -0.254770 -0.273774 -0.242663 -0.130025 -0.112829 -0.167584 -0.175496 -0.233905 0.170928 0.097819 -0.099635 -0.387128 -0.196799 0.031377 -0.103646 -0.075411 -0.129859 -0.152871 -0.292872 -0.197485 0.320797 0.170664 -0.100413 0.279043 0.217335 -0.001848 0.334628 0.063506 0.238910 -0.000906 0.173204 0.006090 0.018106 0.092184 0.060872 0.036951 -0.040786 0.005595 -0.012844 0.292120 0.276764 0.181122 -0.119132 0.171266 -0.095337 -0.156776 0.272373 0.225725 0.249533 0.127280 0.066214 -0.099384 -0.085070 -0.349647 -0.028727 -0.060840 -0.188954 -0.015922 -0.086245 -0.193927 -0.374558 -0.191052 -0.096941 -0.370696 -0.119887 0.196576 0.093482 0.270568 0.129951 0.013933 -0.134075 -0.116932 0.044871 -0.064143 -0.298868 -0.043679 -0.000083 -0.165036 -0.232236 0.032284
0.504577 0.380413 0.178592 0.299629 -0.108241 -0.114130 0.210041 0.136375 -0.169044 -0.120307 0.105178 0.002164 -0.242096 -0.028683 0.101079 -0.045419 0.018989 -0.180206 0.509289 1.000000 -0.208376 -0.152178 0.369053 0.400307 -0.212757 -0.363758 -0.016525 0.012897 -0.118815 -0.415966 0.116378 0.397833 0.078535 0.326234 0.074005 0.061609 -0.388718 -0.473053 -0.480881 -0.289400 -0.309536 -0.113481 -0.541740 -0.483571 -0.156956 -0.090612 -0.272750 -0.430208 -0.354339 -0.225693 -0.332109 -0.304359 -0.388802 -0.286710 -0.442987 -0.502602 0.349010 0.235045 -0.039507 0.058286 0.122850 0.010554 0.296826 0.038233 0.384555 -0.079743 0.019304 0.100410 0.358605 0.495729 -0.017870 -0.303262 -0.188056 0.107054 -0.137942 0.126198 0.190121 0.246106 0.060657 0.106575 -0.122570 -0.111210 0.205434 0.270964 0.245693 0.263356 -0.053478 -0.234838 0.010949 -0.126925 0.039737 0.145631 -0.025017 -0.108807 -0.248529 -0.226090 -0.390666 -0.007533 -0.208323 -0.094480 -0.187553 0.138794 0.224868 0.195212 -0.050840 -0.007397 -0.089283 -0.090265 0.090755 -0.338303 -0.209868 0.087976 -0.072806 -0.367529 -0.242930 0.013852
-0.260630 -0.236873 0.095202 -0.057092 0.189546 -0.045983 -0.070196 -0.031107 0.140513 -0.020146 0.010779 -0.002742 0.100390 0.048123 0.113783 0.103198 0.022401 -0.051389 -0.229927 -0.208376 1.000000 0.306365 -0.011412 -0.000546 0.301281 0.389069 0.314308 0.149717 0.237603 0.221721 0.124276 0.043237 -0.045121 -0.316242 -0.168720 0.009920 0.266708 0.155237 0.233263 0.060369 0.136109 0.199940 0.124798 0.148288 -0.023108 -0.005249 0.115612 0.276800 -0.208047 -0.069610 -0.200823 -0.142477 -0.223698 -0.083333 0.003089 0.039963 -0.259104 -0.301284 -0.131591 -0.142542 -0.264341 -0.243716 -0.101928 -0.168453 -0.141863 -0.251879 0.070227 -0.002412 -0.097490 -0.208090 0.179182 0.184881 0.181320 -0.114108 -0.037176 0.064735 -0.117440 -0.021374 -0.041308 0.174446 0.244738 0.239458 0.266824 0.269868 -0.068154 -0.107534 0.159390 0.222751 0.052988 -0.053148 -0.001928 0.125775 0.030269 0.144863 0.149886 0.290540 0.296475 0.140718 0.093728 0.302817 0.117301 0.170224 0.082338 -0.109700 -0.010312 -0.094048 0.119065 0.154394 -0.103752 0.182916 0.298066 0.025260 -0.006822 0.274328 0.182578 -0.028308
0.085297 -0.098794 0.186255 -0.172848 0.003639 -0.085694 0.184980 0.106307 -0.067825 0.067991 0.086044 0.042778 0.115739 0.083932 -0.032654 0.019428 0.018502 -0.021948 -0.119160 -0.152178 0.306365 1.000000 -0.030495 -0.013676 0.038832 0.077205 0.032495 -0.059872 0.078922 0.083881 0.271202 0.044799 -0.187250 -0.124243 -0.117854 0.185229 0.111277 0.093934 -0.035105 0.111428 -0.034197 0.225755 -0.029549 -0.055665 -0.125233 -0.130743 -0.067761 -0.086141 -0.156890 -0.147252 -0.145978 -0.093307 0.024402 -0.006411 -0.055968 0.055742 -0.094400 -0.310007 0.151678 -0.018607 0.120365 0.077299 0.090546 0.133698 0.032812 -0.114836 0.015914 0.007245 -0.139930 -0.038734 0.263332 0.102157 0.113768 0.177605 0.261835 0.258338 0.099248 0.150160 0.067136 -0.005760 0.094087 0.087926 0.018156 0.108792 -0.036588 -0.207629 0.144213 0.380832 -0.034837 0.065976 -0.083702 -0.047077 0.072377 0.112772 -0.032801 0.212456 -0.024882 0.128829 -0.188684 0.174252 0.085518 0.095228 -0.029832 -0.160961 -0.069363 -0.014104 0.127106 -0.100841 -0.081759 -0.026040 0.158577 0.090087 -0.166612 0.112147 0.067818 -0.097352
0.343646 -0.063653 0.454092 0.258324 0.365127 0.274704 0.294451 0.186694 0.285345 0.440899 0.293595 0.079204 -0.165183 -0.154961 0.331305 0.261077 -0.113179 -0.377647 -0.076688 0.369053 -0.011412 -0.030495 1.000000 0.667496 0.125357 -0.055174 0.433199 0.262888 -0.290954 -0.378034 0.245336 0.318989 -0.249232 0.118149 0.309070 0.170293 -0.411888 -0.497387 -0.319001 -0.405598 -0.372083 -0.279203 -0.357123 -0.362965 -0.292959 -0.145084 -0.274124 -0.290535 -0.209143 -0.304532 -0.098277 -0.267463 -0.330952 -0.146873 -0.391378 -0.344409 -0.022275 -0.120606 0.167398 -0.418402 -0.012406 0.083090 -0.245751 -0.213062 0.537757 0.140413 -0.110683 0.315530 0.054550 0.223388 -0.054773 -0.221995 -0.353232 0.016721 -0.093332 -0.000072 -0.068524 -0.051781 -0.008462 -0.141304 -0.199131 -0.169532 0.091926 -0.035285 0.321537 0.095871 0.067158 -0.044512 0.393175 0.023894 -0.005831 0.248153 0.119665 -0.109312 -0.182395 -0.103604 -0.254847 -0.078927 -0.356617 -0.096394 -0.055404 -0.074592 0.257566 -0.159451 -0.046650 -0.093673 -0.255538 -0.275475 -0.107799 -0.130333 0.061032 -0.114307 -0.230542 -0.247352 -0.108366 -0.020098
0.128673 -0.119080 0.143536 0.324945 0.097066 0.085427 0.120114 0.248522 -0.038204 0.156571 0.204896 0.263925 -0.127606 0.139467 0.131565 0.462918 -0.182738 -0.277692 -0.056271 0.400307 -0.000546 -0.013676 0.667496 1.000000 0.037165 -0.107107 0.300776 0.219408 -0.185567 -0.360866 0.272991 0.571525 -0.264780 0.144289 0.232594 0.089985 -0.293436 -0.340768 -0.226250 -0.326741 -0.299790 -0.276341 -0.404336 -0.422467 -0.424333 -0.297632 -0.375216 -0.340541 -0.295538 -0.399817 -0.136383 -0.270673 -0.406812 -0.194547 -0.217462 -0.363347 -0.002341 -0.055283 -0.110500 -0.474560 -0.048686 0.043824 -0.136842 -0.208844 0.349480 0.021441 -0.219655 0.210705 0.028090 0.147382 -0.025623 -0.166542 -0.228817 -0.013354 -0.060278 0.032958 -0.002601 0.100137 0.165523 -0.010782 -0.216747 -0.080247 0.035799 0.058561 0.146869 0.334611 -0.033603 0.033971 0.357662 0.328939 0.016090 0.014640 0.323936 -0.160712 -0.205554 -0.184884 -0.186352 -0.035560 -0.410242 -0.073008 -0.182899 -0.110299 0.228264 -0.150339 -0.101483 -0.102440 -0.195599 -0.227580 -0.006090 -0.279335 0.016596 0.034384 -0.179140 -0.191532 -0.109855 -0.076547
-0.238222 -0.376740 -0.086368 -0.426467 0.413545 0.403055 -0.307945 -0.499085 0.460998 0.375351 0.035750 -0.289543 -0.027808 -0.317871 0.185666 0.216710 -0.119861 -0.288812 -0.241124 -0.212757 0.301281 0.038832 0.125357 0.037165 1.000000 0.767585 0.655645 0.603682 0.097319 0.190258 0.105577 -0.081248 0.017217 -0.317002 0.188458 0.079699 0.312439 0.267622 0.246081 -0.056392 0.085878 0.120565 0.248417 0.220540 0.112034 0.137649 0.307519 0.342009 0.072512 0.203562 0.097229 0.173771 0.017678 0.067380 0.311102 0.270091 -0.004020 -0.120683 -0.083396 -0.223019 -0.603909 -0.442614 -0.428110 -0.480304 -0.499018 -0.211484 0.084223 0.070251 -0.052810 -0.182139 0.228570 0.134113 0.196185 -0.051020 0.005300 -0.163913 -0.109978 -0.205548 -0.180707 -0.115548 0.139979 0.063183 0.028486 -0.136202 -0.155506 -0.010870 -0.025510 -0.167452 0.056974 0.071981 -0.109594 -0.051577 -0.197040 -0.139202 0.077423 0.115022 0.156853 0.031135 0.272385 0.166232 0.051262 0.009637 0.063148 0.112565 0.100105 0.124755 0.192884 0.076565 0.211883 0.119220 0.122250 -0.129668 -0.155187 0.044859 0.163364 0.044243
-0.409481 -0.409953 0.044685 -0.311984 0.231673 0.277389 -0.324001 -0.375402 0.325735 0.186186 -0.118061 -0.273022 -0.149927 -0.121920 0.028334 0.109687 -0.150780 -0.196013 -0.315816 -0.363758 0.389069 0.077205 -0.055174 -0.107107 0.767585 1.000000 0.461758 0.515044 0.117703 0.266786 0.017213 -0.186290 -0.055362 -0.253063 0.036495 0.043089 0.394559 0.420005 0.473543 0.197874 0.342712 0.132380 0.233824 0.176669 0.010086 -0.004112 0.219828 0.338623 0.022950 0.046736 0.102232 0.042934 -0.044619 0.042692 0.370427 0.367508 -0.098445 -0.137857 0.001340 -0.098836 -0.541825 -0.341837 -0.420783 -0.417292 -0.590262 -0.080190 0.120534 0.068273 -0.138080 -0.135335 0.256103 0.264086 0.238033 0.003331 0.082835 -0.068780 -0.102553 -0.090984 -0.186182 -0.096543 0.249142 0.158514 0.090373 -0.030289 -0.329909 -0.151577 0.068833 0.040296 -0.021712 0.177834 -0.114888 -0.163474 -0.112625 0.029174 0.257092 0.339231 0.400564 0.248215 0.245769 0.262542 0.055195 0.081954 0.131741 0.040148 0.158958 0.129794 0.256743 0.158720 0.240161 0.297569 0.268150 -0.167766 -0.085681 0.256390 0.330319 0.255111
-0.090796 -0.358328 0.058637 -0.209330 0.641366 0.522015 -0.067109 -0.342977 0.550569 0.372975 0.153766 -0.192205 -0.045848 -0.327775 0.476620 0.307896 -0.190247 -0.409319 -0.241842 -0.016525 0.314308 0.032495 0.433199 0.300776 0.655645 0.461758 1.000000 0.762769 -0.079613 -0.043100 0.108371 0.013878 -0.245879 -0.361735 0.206292 0.113230 0.044891 -0.084879 -0.012443 -0.288559 -0.215262 -0.057180 -0.015155 0.011680 -0.089780 0.039857 0.082773 0.181432 -0.042270 -0.009929 -0.034007 0.039632 -0.244242 -0.066612 -0.053372 -0.059748 -0.091086 -0.306499 0.085539 -0.337460 -0.440437 -0.266059 -0.410083 -0.438404 -0.078515 -0.112437 -0.057080 0.201895 0.009321 0.016108 0.151860 -0.024265 -0.101109 -0.129950 -0.210883 -0.203733 -0.245270 -0.267048 -0.085322 -0.185041 0.062055 -0.023496 0.240923 -0.102045 0.275565 0.161951 -0.027459 -0.164471 0.339792 0.079786 0.060756 0.113446 -0.113819 0.041638 0.152649 0.017277 0.013990 0.082308 0.039024 0.095381 0.038325 0.130563 0.174494 0.162000 0.131519 0.123895 0.098337 -0.013882 0.062060 0.109361 0.066093 -0.135544 -0.174706 -0.032403 0.070234 0.096721
-0.039691 -0.202840 -0.023824 -0.189646 0.537525 0.713363 -0.149598 -0.270908 0.536294 0.391084 0.129961 -0.069851 -0.162220 -0.179185 0.305984 0.258326 -0.259034 -0.344404 -0.163446 0.012897 0.149717 -0.059872 0.262888 0.219408 0.603682 0.515044 0.762769 1.000000 -0.122321 -0.087096 -0.108878 -0.060331 -0.207757 -0.179103 0.116267 0.171745 0.058577 -0.051625 -0.022964 -0.146884 -0.205548 -0.058447 -0.077133 -0.029929 -0.154492 -0.073298 0.052501 0.124339 0.009378 0.022369 0.035375 0.133681 -0.264519 0.080184 -0.013489 0.005587 0.023959 -0.075233 0.068545 -0.215518 -0.411077 -0.110702 -0.410198 -0.379921 -0.162062 -0.022337 -0.186452 0.001127 0.014078 -0.030195 0.090676 -0.117901 -0.045820 -0.085028 -0.100635 -0.202696 -0.087130 -0.132930 -0.174432 -0.308275 0.013655 -0.131420 0.108670 -0.225675 0.096531 0.066264 -0.156449 -0.260576 0.268443 0.186539 -0.055181 -0.047163 -0.067233 -0.106184 0.029776 -0.120679 -0.034083 0.086695 0.039202 0.066336 -0.096467 0.139588 0.168301 0.221308 0.204281 0.151388 0.271103 -0.117005 0.219228 0.066712 -0.049373 -0.125737 -0.223373 -0.108394 0.072649 0.188500
-0.181811 -0.233297 -0.176142 -0.256229 -0.046378 -0.274236 -0.079432 -0.270393 -0.047645 -0.035011 0.025085 -0.030375 0.246124 0.154165 0.314215 0.308972 0.374694 0.299613 0.094533 -0.118815 0.237603 0.078922 -0.290954 -0.185567 0.097319 0.117703 -0.079613 -0.122321 1.000000 0.566567 0.212418 0.057505 0.072661 -0.153047 -0.243516 -0.086964 0.621599 0.395853 0.393240 0.154911 0.543924 0.328360 -0.180122 -0.152322 -0.197647 -0.236415 -0.173560 -0.205262 -0.338312 -0.175798 -0.295507 -0.098770 -0.117066 -0.243978 0.426533 0.155616 0.020751 -0.116379 -0.263230 -0.105305 -0.216926 -0.310056 0.106367 -0.066890 -0.294893 -0.362967 -0.160430 -0.317246 0.004024 -0.378813 0.264836 0.415903 0.617618 0.225989 0.129305 0.198416 0.015100 0.053675 0.209226 0.255320 0.504967 0.578380 0.395289 0.629827 0.054774 0.119788 0.035967 0.280136 0.073248 0.090643 -0.059391 -0.181069 -0.177352 0.094379 0.273719 0.229093 0.143276 0.139641 0.007277 0.110349 0.032758 0.100454 -0.155988 -0.119443 -0.029572 -0.033274 0.028818 0.105921 0.132363 0.067290 0.099800 -0.239403 -0.181723 0.136937 0.267804 0.114861
-0.245150 -0.217866 -0.169607 -0.278483 0.052272 -0.139022 -0.222712 -0.253833 0.149694 0.066120 -0.105738 0.012042 0.245170 0.120228 0.173171 0.264336 0.385369 0.411461 -0.298117 -0.415966 0.221721 0.083881 -0.378034 -0.360866 0.190258 0.266786 -0.043100 -0.087096 0.566567 1.000000 0.124239 -0.228508 0.108400 -0.063358 -0.318725 0.067129 0.462261 0.573567 0.469690 0.166576 0.504355 0.378919 0.050164 0.036926 -0.100178 -0.215241 0.105934 0.112340 -0.100689 -0.055871 -0.197172 -0.056024 0.142709 -0.108166 0.551680 0.383767 -0.141116 -0.187219 -0.063269 -0.018878 -0.186537 -0.048945 -0.116812 0.203099 -0.408909 -0.162254 -0.189571 -0.426554 -0.027811 -0.284917 0.215598 0.249034 0.619293 0.161174 0.217815 0.006944 -0.088286 -0.099240 0.046206 0.211205 0.429481 0.399180 0.076806 0.208404 -0.024592 -0.166508 0.163734 0.256771 0.097126 0.254512 -0.106383 -0.214632 -0.102521 0.221690 0.165762 0.250430 0.308080 0.162587 0.118015 0.197605 0.114189 -0.026542 -0.175843 -0.145645 0.025077 0.059189 0.254837 0.352727 0.119963 0.108751 0.214608 -0.274979 -0.040899 0.050597 0.198544 0.138490
0.189042 -0.140856 0.279973 0.176556 0.203061 -0.163029 0.047518 0.132586 -0.008107 -0.016586 0.123968 0.099891 0.012145 0.019692 0.354808 0.127310 0.223572 -0.222089 0.127556 0.116378 0.124276 0.271202 0.245336 0.272991 0.105577 0.017213 0.108371 -0.108878 0.212418 0.124239 1.000000 0.566779 0.166382 0.038935 0.105079 -0.041130 0.060781 -0.075330 -0.012363 -0.105690 -0.024293 0.118235 -0.044192 -0.145430 0.005112 -0.004001 -0.049742 -0.267197 -0.258297 -0.136982 -0.093635 -0.169118 -0.044898 -0.110155 -0.137214 -0.197825 0.001464 -0.244413 -0.157141 -0.229425 -0.114877 -0.076596 -0.009430 -0.108493 0.154054 -0.116125 0.061515 0.145788 -0.247112 -0.072072 0.216970 0.122210 0.127588 0.234156 0.297590 0.315293 0.181486 -0.052827 0.085235 0.202151 0.025896 0.015595 0.232281 0.277376 0.175386 -0.109427 0.198969 0.201563 0.104753 -0.107521 -0.194976 -0.007295 -0.071752 0.033919 -0.185653 0.181954 -0.230879 -0.175114 -0.250320 -0.118089 -0.173866 0.007990 -0.062426 -0.352160 -0.159221 -0.164609 -0.035717 0.070733 0.011221 -0.028359 0.046265 0.088762 -0.187267 0.029615 -0.092548 -0.022335
0.150272 0.104805 0.075174 0.461613 -0.105833 -0.256730 0.034777 0.309503 -0.305382 -0.267714 0.119153 0.339594 -0.112006 0.281594 0.110401 0.179407 -0.109250 -0.079391 0.314666 0.397833 0.043237 0.044799 0.318989 0.571525 -0.081248 -0.186290 0.013878 -0.060331 0.057505 -0.228508 0.566779 1.000000 0.153173 0.131090 0.257511 -0.170757 -0.171259 -0.232231 -0.164958 -0.143378 -0.188445 -0.055258 -0.126515 -0.138086 0.021986 -0.020716 -0.209843 -0.347141 -0.247548 -0.131272 -0.095516 -0.136107 -0.167399 -0.158141 -0.250009 -0.365162 0.038569 -0.025615 -0.216829 -0.212915 -0.032856 0.044891 0.180282 -0.078198 0.240968 -0.146943 -0.006747 0.055408 -0.148313 -0.038817 0.029825 -0.001797 -0.132424 0.061421 0.113516 0.361186 0.404384 0.195789 0.089282 0.224066 -0.253292 -0.069597 0.153421 0.356075 0.100504 0.259435 0.016889 0.031347 0.103440 0.027362 -0.213887 -0.131221 -0.011228 -0.276888 -0.383217 -0.199006 -0.351809 -0.231585 -0.353708 -0.263440 -0.247149 -0.048865 0.019648 -0.228980 -0.194136 -0.302114 -0.099035 -0.134835 -0.077599 -0.325542 -0.053972 0.029457 -0.174521 -0.291695 -0.219397 -0.186518
0.013640 0.221163 -0.115217 0.191736 0.015541 -0.070849 -0.052720 0.032780 0.046244 -0.164716 -0.108396 -0.056513 -0.109431 -0.032220 0.079513 -0.355793 0.059368 0.234127 0.360080 0.078535 -0.045121 -0.187250 -0.249232 -0.264780 0.017217 -0.055362 -0.245879 -0.207757 0.072661 0.108400 0.166382 0.153173 1.000000 0.308042 0.229496 0.050078 -0.079364 0.193513 -0.127520 -0.062888 0.070636 0.002278 0.199601 0.228941 0.317235 0.197609 0.209208 0.058484 0.101993 0.239965 0.225347 0.245096 0.208522 0.241441 -0.021102 0.190945 0.237777 0.261943 -0.103339 0.222077 -0.085376 -0.024302 0.135014 0.015714 -0.171513 -0.081063 0.294876 -0.095213 0.021659 -0.123831 -0.100039 -0.012991 0.112682 -0.001828 -0.012968 0.188386 0.328820 0.026298 -0.117199 0.312006 -0.076099 -0.154680 -0.041984 -0.107778 -0.145513 -0.111200 0.104173 -0.149086 -0.126584 -0.222660 -0.288110 -0.162072 -0.336507 -0.130631 -0.245435 -0.231248 -0.220383 -0.281330 0.017753 -0.254583 -0.318087 -0.076075 -0.325394 0.006387 -0.077564 -0.144249 -0.001078 0.176097 -0.229538 -0.109891 -0.200747 0.056576 0.003555 -0.136272 -0.194304 -0.210048
0.465680 0.555330 0.153497 0.517421 -0.086399 -0.072012 0.254470 0.436108 -0.039546 0.041248 0.086177 0.347700 -0.015526 0.191563 0.015876 -0.040934 0.030454 0.120196 0.249406 0.326234 -0.316242 -0.124243 0.118149 0.144289 -0.317002 -0.253063 -0.361735 -0.179103 -0.153047 -0.063358 0.038935 0.131090 0.308042 1.000000 0.060115 0.086513 -0.437477 -0.210190 -0.260241 -0.010349 -0.174840 -0.191931 -0.356024 -0.304228 -0.244251 -0.303914 -0.250042 -0.472881 -0.109114 -0.253424 0.126909 -0.246496 0.016842 -0.159746 -0.093988 -0.215904 0.453987 0.402517 0.089560 -0.013855 0.399637 0.438566 0.128757 0.408386 0.370022 0.337101 -0.099482 -0.048546 0.162166 0.287869 -0.344718 -0.343240 -0.029975 0.039108 0.085994 0.182627 0.385788 0.162708 -0.037383 0.334959 -0.113047 -0.253722 -0.281140 -0.142542 0.091049 -0.127223 0.154469 0.106630 0.114053 0.245698 -0.380770 -0.279125 0.134522 -0.210358 -0.366990 -0.261544 -0.177918 -0.138120 -0.410374 -0.318334 -0.082822 -0.110621 -0.110236 -0.200447 -0.215101 -0.231042 0.010110 -0.001192 -0.152202 -0.263543 -0.092331 -0.059167 0.129166 -0.087427 -0.187402 -0.034528
0.100222 0.098589 -0.092524 0.194203 0.026141 0.066055 -0.124437 -0.036284 -0.044889 0.103329 0.045561 -0.114085 -0.320269 -0.307491 -0.041901 -0.061081 -0.161483 -0.100494 0.037735 0.074005 -0.168720 -0.117854 0.309070 0.232594 0.188458 0.036495 0.206292 0.116267 -0.243516 -0.318725 0.105079 0.257511 0.229496 0.060115 1.000000 0.134185 -0.285675 -0.265569 -0.221648 -0.424737 -0.161827 -0.317695 0.079591 0.150135 0.222304 0.340620 0.159828 0.024149 0.198217 0.195052 0.373510 0.304348 0.228483 0.127517 -0.070355 -0.001230 0.268207 0.203007 -0.024532 -0.223484 -0.132195 -0.007990 -0.054863 -0.218077 0.071799 0.162546 0.264095 0.462245 0.082980 0.128525 -0.209795 -0.158556 -0.308973 -0.125588 -0.093877 -0.079021 0.161444 -0.051602 0.069135 -0.021409 -0.191085 -0.260818 -0.146478 -0.308235 0.056218 0.138432 0.193080 -0.149836 0.055651 -0.093537 -0.217670 -0.188636 -0.251767 -0.280593 -0.112462 -0.191943 -0.257166 -0.213227 -0.016614 -0.232540 -0.227910 -0.254596 0.027735 -0.131431 -0.060107 -0.135736 -0.130575 -0.148696 -0.030528 -0.083949 -0.037874 -0.017206 0.130912 -0.322840 -0.179087 -0.097806
0.027611 -0.241773 0.199057 -0.129423 0.113426 0.127268 0.070401 0.044632 0.172690 0.334191 0.104444 0.112658 -0.050988 0.011206 -0.138228 -0.032070 0.031622 -0.057928 -0.276640 0.061609 0.009920 0.185229 0.170293 0.089985 0.079699 0.043089 0.113230 0.171745 -0.086964 0.067129 -0.041130 -0.170757 0.050078 0.086513 0.134185 1.000000 -0.103245 -0.096720 -0.180379 -0.104617 -0.064596 0.036954 -0.262708 -0.121317 -0.207218 0.009697 -0.177093 -0.092257 -0.002586 -0.157605 0.087855 -0.050021 0.020795 0.097652 -0.016012 -0.035701 -0.019833 -0.115871 0.176147 -0.178107 -0.031819 0.151543 -0.035803 -0.049282 0.102579 0.248764 0.032417 0.333998 -0.048561 0.075727 -0.263197 -0.170089 0.002552 -0.035063 0.017881 -0.227464 -0.096015 -0.114853 0.291164 0.003766 0.207825 0.124796 -0.089311 -0.316558 -0.036969 -0.063363 -0.050371 -0.003431 0.140494 0.076500 -0.206964 -0.016734 -0.059335 -0.025044 -0.135686 -0.038710 -0.093293 0.056127 -0.137959 0.096227 -0.150482 -0.352341 -0.180854 -0.184429 -0.063593 -0.006885 0.179003 0.037868 -0.010830 -0.059984 -0.055004 0.078176 -0.088084 -0.184078 -0.059207 -0.114082
