1.000000 0.275962 -0.045083 -0.161179 -0.139751 -0.119758 -0.063740 -0.150854 -0.012440 -0.038907 0.504763 0.113646 0.297985 0.087138 0.245375 0.116829 0.376571 0.375393 0.440649 0.182926 -0.063811 -0.119171 0.126076 -0.099049 -0.108292 -0.354988 -0.156018 -0.154948 0.359471 0.173482 -0.053418 -0.077696 0.030195 -0.135261 -0.023698 -0.338210 0.035406 -0.009867 -0.218430 -0.248269 0.040654 -0.044919 -0.012896 -0.041965 -0.103180 -0.171647 0.031330 -0.016621 -0.054037 -0.149260 -0.129092 -0.207606 -0.002430 0.054053 -0.089424 -0.141318 0.359577 0.095191 -0.068945 -0.152087 0.070960 0.126944 0.297772 0.156521 0.080032 -0.075649 -0.378570 -0.522484 0.171267 -0.404729 0.012189 -0.132552 0.305206 0.120302 0.182472 0.221442 0.275945 0.190549 -0.006344 0.099733 0.061514 0.163523 0.261910 0.015530 0.217639 -0.063679 0.148497 0.099845 0.073467 0.085633 0.152919 0.187960 0.122434 0.226774 -0.298303 -0.158128 -0.237769 -0.284574 -0.014088 -0.064336 0.036962 0.222207 -0.156984 -0.013350 -0.112348 -0.168672 0.108874 -0.199736 -0.096051 -0.143372 -0.197392 0.032506 -0.016097 -0.058480 -0.136449 -0.181899
0.275962 1.000000 -0.413068 0.086819 -0.324856 -0.010521 -0.293910 -0.246708 -0.169854 -0.107736 0.120275 0.296241 -0.066352 0.124582 0.016232 0.220410 0.257062 0.438507 0.057038 0.309278 0.149239 0.184506 -0.025110 -0.071156 -0.369305 -0.170368 0.114090 0.106338 0.027532 0.029668 -0.140057 0.024627 -0.158545 0.061808 -0.306555 -0.171255 0.056044 0.216029 0.034632 -0.075017 -0.085321 0.213400 -0.117760 -0.074314 -0.409999 -0.390284 -0.255899 -0.121705 -0.332167 -0.409227 -0.224445 -0.137374 0.304995 0.107081 0.173508 -0.096973 0.314957 0.582633 -0.211718 -0.015770 -0.081968 0.279435 0.131652 0.157419 -0.014588 -0.150726 -0.364471 -0.477585 0.475889 -0.113387 0.182840 0.020669 -0.186463 0.172396 0.013915 0.246038 0.129425 0.451205 0.080141 0.079904 0.142749 0.161302 0.164791 0.094964 0.119093 0.177740 0.071487 0.275099 0.030028 0.358333 0.352836 0.127492 0.097286 -0.083612 -0.068773 -0.071906 0.098394 -0.175150 0.416695 0.089041 0.116243 0.108288 0.042901 -0.166733 -0.086905 -0.225900 0.301254 -0.184406 -0.135965 -0.099391 -0.080268 0.397280 0.202882 -0.103496 -0.018075 -0.046021
-0.045083 -0.413068 1.000000 0.144436 0.409726 0.054241 0.528693 -0.053490 0.444822 0.044700 0.122753 -0.393675 0.174916 -0.432429 0.182774 -0.006899 -0.176927 -0.396115 0.040071 0.041144 0.123734 -0.065995 0.573887 0.381536 0.398251 -0.013864 0.234826 0.174447 -0.136437 -0.360339 0.055496 0.009233 -0.109152 -0.072252 0.457247 0.250459 -0.086483 -0.330228 0.120123 0.019001 -0.134147 -0.430133 -0.228240 -0.350502 -0.177538 -0.156389 -0.146530 -0.214992 -0.174630 -0.199671 0.151484 -0.240569 -0.257794 0.035372 -0.050107 -0.185018 -0.219077 -0.203182 0.252622 0.064417 0.093567 -0.236361 -0.087650 -0.215264 0.279217 -0.014577 0.235383 0.184165 -0.107425 0.142127 -0.000139 0.067174 -0.094966 -0.173787 -0.146095 -0.214592 -0.097102 -0.322962 0.043769 0.028907 -0.290013 -0.139762 -0.080479 -0.230930 0.215861 -0.192862 -0.198511 -0.163091 0.348887 0.013476 -0.290797 0.041982 -0.164470 0.396718 0.116762 0.199129 -0.187457 0.097404 -0.431317 -0.106944 0.180809 0.319751 -0.086260 0.268260 0.037554 0.056421 -0.025990 0.098942 0.213608 0.214247 0.010370 -0.244922 -0.131728 0.142658 0.088657 0.153175
-0.161179 0.086819 0.144436 1.000000 0.287799 0.211034 0.258722 0.310301 0.289768 0.473684 -0.087448 0.363068 -0.087658 0.065948 -0.098665 0.232085 -0.170226 -0.181072 0.024113 0.289215 0.221488 0.138063 0.148735 0.507840 -0.296968 -0.017688 0.085867 0.172010 -0.225872 -0.059581 0.054892 0.289854 -0.081368 0.192828 0.148655 0.127654 -0.019793 -0.188623 -0.146797 -0.193293 -0.203113 0.089129 -0.345820 -0.247818 -0.268675 -0.200642 -0.358712 -0.321510 -0.459180 -0.194568 -0.183488 -0.084096 0.040510 0.057419 -0.107793 -0.328702 -0.318863 -0.188799 -0.213789 -0.102307 -0.191527 0.241989 -0.139623 0.004063 0.286771 0.346375 -0.173540 -0.050601 -0.195758 -0.178140 0.111936 0.313702 -0.357529 0.037954 -0.006199 -0.080260 -0.160533 -0.057297 0.017269 0.107536 -0.180419 -0.044351 -0.048507 0.035021 0.072922 0.463251 -0.194289 -0.133699 0.171994 0.330053 0.125083 -0.116637 0.300423 0.081476 -0.078415 -0.025211 -0.198399 -0.015190 0.037400 -0.226559 0.409648 0.030583 0.250546 -0.014094 -0.091839 -0.291780 0.149298 -0.338160 -0.092094 0.103348 -0.076217 0.016399 0.104799 -0.062141 -0.068433 0.081711
-0.139751 -0.324856 0.409726 0.287799 1.000000 0.360666 0.588054 0.351997 0.596981 0.707521 -0.139628 -0.015188 0.117119 -0.058856 -0.021500 0.179550 -0.144838 -0.308473 -0.179406 -0.009496 0.149781 0.107566 0.157596 0.476275 0.039976 0.164293 0.137738 -0.051426 0.071036 0.222828 0.203854 0.366040 0.148634 0.422369 0.351860 0.336861 -0.119247 -0.250040 -0.172696 -0.167348 -0.334998 -0.195581 -0.364919 -0.354950 0.135186 0.071933 -0.220778 -0.326636 -0.207902 -0.043432 -0.132598 -0.132751 -0.150592 0.115584 -0.438700 -0.223683 -0.123450 -0.301258 -0.076852 -0.427431 -0.068051 0.023772 -0.415717 -0.405720 0.368506 0.200491 -0.194474 -0.023666 -0.286619 -0.086584 0.283243 0.317958 0.106180 0.036966 -0.008189 0.046831 -0.059045 -0.016517 0.100652 0.006785 0.040365 0.008990 -0.075518 0.059483 0.037981 -0.055842 -0.262256 -0.208521 0.125566 -0.256582 -0.078745 0.116283 0.362067 0.204148 -0.039902 0.110017 -0.403468 -0.026329 -0.257525 -0.190809 0.367221 0.049957 0.025307 -0.197670 -0.287566 -0.058024 -0.060123 -0.072104 -0.023809 0.066267 -0.175289 -0.194086 -0.059618 -0.011124 0.225047 0.172918
-0.119758 -0.010521 0.054241 0.211034 0.360666 1.000000 0.124363 0.285208 0.128286 0.282032 -0.187847 -0.134343 -0.079512 -0.087955 -0.156911 0.148789 -0.030209 -0.300779 -0.289346 -0.200595 0.329103 0.289203 -0.043323 0.294570 0.042912 0.293162 0.343864 0.187598 -0.355975 -0.221928 -0.240920 0.037364 -0.044528 0.030303 0.139689 0.184685 -0.040132 0.026744 0.009926 0.088127 -0.304311 0.070688 -0.129919 -0.170859 -0.112491 -0.121281 -0.127242 -0.152695 -0.121820 -0.151798 0.111756 0.020778 0.106218 -0.018964 -0.153117 -0.071380 0.000685 0.037889 -0.129232 -0.166024 0.033533 0.344371 -0.336574 -0.213380 0.202127 0.398269 -0.098020 0.157354 -0.126657 -0.046227 -0.007726 0.126034 -0.293939 0.074268 -0.117466 -0.118568 0.006837 -0.001081 0.030986 -0.006797 0.103302 -0.068174 -0.130304 -0.358274 0.046371 0.024768 -0.173407 -0.337211 0.296492 0.030211 0.167879 -0.044581 0.346941 -0.044544 -0.115753 0.200765 -0.100401 0.000971 -0.084479 -0.159279 0.304528 -0.129851 0.068213 -0.199501 0.048115 0.006409 0.045391 0.072431 0.082198 0.109855 0.067279 -0.031864 -0.078725 0.096421 0.106056 0.170314
-0.063740 -0.293910 0.528693 0.258722 0.588054 0.124363 1.000000 0.481331 0.558024 0.484541 -0.049199 0.159602 0.459947 0.090451 0.261129 -0.007642 -0.511755 -0.342830 -0.128448 -0.216670 -0.044278 -0.058052 0.148474 0.311054 0.213508 0.073674 -0.041953 -0.164742 0.134283 0.035308 0.439988 0.367676 0.254776 0.285692 0.051846 0.058591 -0.345574 -0.474604 -0.172939 -0.321716 -0.326400 -0.380237 -0.181394 -0.223983 0.068540 0.037637 -0.210108 -0.450954 -0.120317 -0.062225 0.165452 -0.260484 -0.271316 -0.185417 -0.187743 -0.296910 -0.475862 -0.451085 0.001730 -0.194637 0.316536 -0.039740 -0.102694 -0.126883 0.319535 0.160483 0.039076 0.101085 -0.315795 -0.077765 -0.016808 0.125575 0.014187 -0.251327 -0.308273 0.060637 -0.253055 -0.127262 -0.338041 -0.061102 -0.341366 -0.215819 -0.306608 0.110525 -0.038294 0.065085 -0.512872 -0.103400 0.135632 -0.178600 -0.022480 0.209118 0.326520 0.496940 0.064016 -0.110711 -0.423830 -0.123114 -0.292520 -0.237764 0.401790 0.103754 0.087433 0.138834 -0.194639 -0.067787 0.061475 -0.204751 0.007976 0.027413 -0.192381 -0.403899 -0.015647 -0.246791 -0.029948 0.118660
-0.150854 -0.246708 -0.053490 0.310301 0.351997 0.285208 0.481331 1.000000 0.143464 0.564823 -0.248698 0.149370 0.269171 0.414906 -0.071851 -0.253141 -0.332814 -0.188337 -0.240068 -0.264140 -0.286940 -0.093469 -0.449089 -0.137701 -0.080275 0.038198 -0.349243 -0.506216 -0.008670 0.223522 0.043445 0.078986 0.231471 0.145012 -0.241738 -0.170700 -0.394478 -0.323106 -0.419308 -0.098944 -0.148443 -0.029251 0.133620 0.195506 0.328269 0.294318 0.182731 -0.058427 0.199451 0.311541 0.201506 0.215201 0.068778 -0.112805 -0.217415 0.071016 -0.417805 -0.501258 -0.163462 -0.086064 0.236244 0.325163 -0.171733 0.017218 0.008031 0.303786 0.023631 0.191101 -0.514271 -0.160284 -0.187104 0.081993 0.088103 -0.091922 -0.160286 -0.118922 -0.272466 -0.118050 -0.256124 -0.071622 -0.160034 -0.177975 -0.324486 -0.119187 -0.381852 -0.027420 -0.373758 -0.242002 -0.132085 -0.338865 0.315680 -0.039582 0.469905 -0.045124 -0.049589 0.031298 -0.320332 -0.044843 -0.087668 -0.267332 0.188819 -0.352128 0.130700 -0.092524 -0.091412 0.012323 -0.071915 -0.162824 -0.073102 -0.106285 -0.203326 -0.297845 0.136426 -0.107181 -0.054828 0.034437
-0.012440 -0.169854 0.444822 0.289768 0.596981 0.128286 0.558024 0.143464 1.000000 0.511170 0.214934 0.133458 0.408224 -0.038192 0.247396 0.414609 -0.267564 -0.374800 -0.030406 -0.018689 0.082385 0.044488 0.436612 0.621486 0.042071 0.085400 0.028086 0.079281 0.064704 0.028543 0.346103 0.488696 -0.135579 0.239184 0.361411 0.182371 0.029760 -0.268459 0.096183 -0.160689 -0.215286 -0.282766 -0.570929 -0.592772 -0.309846 -0.278258 -0.456708 -0.508004 -0.426476 -0.324061 -0.095960 -0.203475 0.017461 0.120451 -0.159779 -0.426766 -0.271525 -0.285880 0.002385 -0.207148 0.047116 0.145625 -0.228783 -0.181187 0.556712 0.227995 -0.184517 -0.103500 -0.116043 -0.050230 0.130880 0.183339 -0.115528 -0.136780 0.015442 0.124066 -0.109290 -0.108051 -0.062247 0.022496 -0.216857 0.014734 -0.107988 0.167441 0.336420 0.173238 -0.432567 -0.069526 0.326540 0.138841 -0.199229 -0.067155 0.307988 0.276574 -0.137888 -0.125156 -0.540061 0.009912 -0.457332 -0.288149 0.207098 0.185196 -0.155449 -0.159537 -0.442037 -0.095220 -0.161702 -0.104447 -0.144941 0.001127 -0.271084 -0.285645 -0.249793 -0.051934 0.090164 0.146622
-0.038907 -0.107736 0.044700 0.473684 0.707521 0.282032 0.484541 0.564823 0.511170 1.000000 -0.003739 0.361080 0.251347 0.192554 0.083488 0.177084 -0.148516 -0.169319 -0.102083 0.053177 -0.073840 0.056527 -0.055936 0.426096 -0.340704 -0.074325 -0.102840 -0.292940 0.106623 0.375766 0.287964 0.437164 0.113185 0.400886 0.092812 0.043465 -0.088184 -0.256905 -0.396751 -0.294143 -0.294479 -0.081055 -0.364119 -0.226069 0.087472 0.076392 -0.258367 -0.329456 -0.209069 -0.006829 -0.232191 -0.065817 -0.111104 0.026122 -0.452273 -0.285659 -0.250231 -0.356561 -0.193821 -0.387880 -0.038604 0.351175 -0.256496 -0.144146 0.415504 0.266542 -0.365951 -0.212336 -0.259667 -0.241352 0.126844 0.244041 0.022536 0.072999 0.022163 0.167967 -0.024396 0.118457 -0.044218 -0.025531 -0.016289 0.046321 -0.085950 0.209431 0.030993 0.196226 -0.244146 -0.059290 0.001619 -0.152623 0.169568 0.150921 0.584356 0.181104 -0.085055 -0.091435 -0.458050 -0.116252 -0.147499 -0.327413 0.407048 -0.094156 0.149281 -0.209038 -0.374195 -0.187015 -0.028444 -0.253639 -0.197476 -0.086703 -0.347041 -0.081022 -0.107949 -0.193777 0.088487 0.002116
0.504763 0.120275 0.122753 -0.087448 -0.139628 -0.187847 -0.049199 -0.248698 0.214934 -0.003739 1.000000 0.037565 0.430246 -0.137232 0.343963 0.237068 0.397001 0.237977 0.449440 0.353553 0.045566 -0.069471 0.429014 0.210047 -0.115589 -0.409741 -0.010734 0.055210 0.155132 0.018718 0.209678 0.221614 -0.164167 0.008682 0.135743 -0.108830 0.226407 0.029831 0.019356 -0.126186 0.014230 -0.007390 -0.213679 -0.284448 -0.391432 -0.440619 -0.213850 -0.182108 -0.247510 -0.346309 -0.301980 -0.261007 -0.153325 0.074622 -0.113707 -0.191416 0.191553 0.215457 -0.061993 -0.107399 -0.100276 0.058399 -0.056782 -0.119618 0.195176 -0.132925 -0.352082 -0.431326 0.222691 -0.168499 0.065429 -0.116080 0.115200 0.302271 0.414792 0.310394 0.395816 0.250164 0.082807 0.216148 -0.048219 0.210837 0.361342 0.035924 0.451225 0.023654 0.240571 0.316682 0.216569 0.125582 -0.035018 0.099216 -0.039987 0.163909 -0.100808 -0.159445 -0.026166 -0.202715 -0.082776 -0.113485 -0.132275 0.286184 -0.211519 -0.070649 -0.235536 -0.367102 0.091564 -0.254120 -0.081655 -0.045901 -0.115706 0.031524 -0.234321 -0.243519 -0.153905 -0.161006
0.113646 0.296241 -0.393675 0.363068 -0.015188 -0.134343 0.159602 0.149370 0.133458 0.361080 0.037565 1.000000 0.076317 0.603549 0.040930 0.455636 -0.134120 0.138440 -0.024472 -0.009157 -0.107669 0.087718 -0.176570 0.122344 -0.451809 -0.155362 -0.224224 -0.158102 0.229876 0.460973 0.239099 0.336228 0.235244 0.211759 -0.327587 -0.334866 0.131527 0.034302 -0.218388 -0.404995 0.048978 0.047045 -0.175485 -0.059588 -0.037857 -0.032705 -0.211343 -0.322987 -0.180227 -0.016063 -0.194799 -0.093755 0.075452 -0.084563 -0.109550 -0.199451 -0.060153 -0.115509 -0.328919 -0.299698 -0.057919 0.232549 -0.033796 0.108486 0.185741 0.219325 -0.348397 -0.329739 -0.099537 -0.356839 0.016484 0.189467 0.054134 0.103862 0.065202 0.319881 0.147749 0.294020 -0.244800 -0.056367 0.034944 0.120220 -0.031247 0.377439 0.092259 0.641908 -0.230649 0.048135 -0.208132 0.053418 0.150225 0.025837 0.437650 0.134991 -0.288991 -0.344581 -0.300948 -0.265408 0.112918 -0.134142 0.322453 -0.066624 0.244499 -0.244538 -0.305421 -0.245432 0.038400 -0.381050 -0.403406 -0.268011 -0.371108 -0.036703 0.016607 -0.281356 -0.062133 -0.008031
0.297985 -0.066352 0.174916 -0.087658 0.117119 -0.079512 0.459947 0.269171 0.408224 0.251347 0.430246 0.076317 1.000000 0.162872 0.414362 0.034431 -0.078948 0.016764 0.061933 -0.030145 -0.124695 -0.060894 0.054057 -0.015701 0.120368 -0.139289 -0.193074 -0.301685 0.197716 0.080207 0.296379 0.145377 0.109838 0.022159 -0.070426 -0.094343 0.049032 -0.072031 0.021382 -0.225828 -0.165402 -0.108334 -0.229889 -0.306752 -0.198513 -0.268651 -0.222659 -0.408561 -0.145033 -0.311245 -0.088533 -0.346623 -0.086965 -0.074373 0.013706 -0.325133 -0.144941 -0.117800 0.086986 -0.023794 0.553391 0.248979 0.074587 0.152863 0.165172 0.024113 -0.174494 -0.243880 -0.138463 -0.083517 -0.084881 0.059341 0.254160 -0.116696 -0.045561 0.067464 0.037552 0.013996 -0.171430 0.147843 -0.192713 0.153801 -0.174720 0.099684 0.044416 -0.084927 -0.252773 -0.010926 0.127653 -0.028555 0.047161 0.097964 0.243679 0.378804 -0.066852 -0.223928 -0.332461 -0.015080 -0.271236 -0.119834 0.036537 0.207411 -0.083521 0.040159 -0.384014 -0.186565 -0.093598 -0.298936 -0.087979 -0.012631 -0.336859 -0.170287 -0.124030 -0.102111 0.099280 0.228474
0.087138 0.124582 -0.432429 0.065948 -0.058856 -0.087955 0.090451 0.414906 -0.038192 0.192554 -0.137232 0.603549 0.162872 1.000000 0.011738 0.157558 -0.137911 0.150764 -0.261406 -0.151950 -0.433599 -0.133741 -0.455007 -0.291574 -0.168937 -0.106423 -0.467811 -0.499210 0.172108 0.399097 0.118109 0.029279 0.259575 0.025098 -0.429806 -0.316610 -0.086622 0.014871 -0.322808 -0.193423 0.252574 0.015570 0.097035 0.220189 0.209397 0.194103 0.019402 -0.043749 0.125230 0.198938 -0.087222 0.025398 0.043823 -0.204702 -0.001902 -0.017026 -0.005026 -0.273228 -0.197925 -0.178944 0.197238 0.373414 0.037913 0.140784 -0.099205 0.242809 -0.214787 -0.097782 -0.236689 -0.186460 0.044902 0.135398 0.206463 -0.009345 -0.015659 0.177487 0.107353 0.258857 -0.201767 0.019893 0.144416 0.064778 -0.078992 0.084677 -0.288276 0.310035 -0.254520 0.058749 -0.102931 -0.077466 0.088589 -0.213340 0.414933 -0.056341 -0.277562 -0.237775 -0.292713 -0.214474 -0.171426 -0.162411 0.146596 -0.312351 0.010384 -0.191244 -0.134980 -0.052534 -0.057823 -0.193010 -0.332633 -0.250459 -0.138564 -0.323067 0.012580 -0.176813 -0.207890 -0.013535
0.245375 0.016232 0.182774 -0.098665 -0.021500 -0.156911 0.261129 -0.071851 0.247396 0.083488 0.343963 0.040930 0.414362 0.011738 1.000000 0.147239 0.005428 0.031737 -0.000420 -0.087929 -0.306412 -0.395929 0.234633 0.054645 0.238476 -0.411640 -0.177286 -0.202377 0.293109 -0.106053 0.055662 -0.086803 -0.149359 -0.034389 0.035614 -0.053365 -0.226860 -0.217686 -0.164045 -0.190025 -0.099514 -0.246470 -0.112564 -0.130638 -0.069513 -0.180921 -0.061419 -0.112068 0.117149 -0.145983 -0.032114 -0.143603 -0.223137 0.019247 -0.034536 -0.079155 -0.143677 -0.130816 0.301643 0.076150 0.379208 0.238847 0.182027 0.120163 0.310789 0.173121 -0.072728 -0.291822 0.059613 0.066451 -0.238344 -0.302058 0.037697 -0.271293 -0.132665 0.081839 0.125467 -0.067242 -0.109487 0.047321 -0.225489 -0.171200 0.123260 0.200524 -0.070502 -0.217556 -0.119677 0.293235 0.235903 0.169452 -0.099261 0.263044 0.136923 0.466604 0.011713 -0.202630 -0.176579 -0.244926 -0.124288 -0.172247 -0.070132 0.191737 -0.044920 0.249533 -0.121479 0.034973 0.211105 -0.063613 -0.111642 -0.065666 -0.227523 -0.084285 0.011587 -0.149642 -0.089467 -0.150735
0.116829 0.220410 -0.006899 0.232085 0.179550 0.148789 -0.007642 -0.253141 0.414609 0.177084 0.237068 0.455636 0.034431 0.157558 0.147239 1.000000 0.074357 -0.139766 0.109801 0.092095 0.275228 0.132231 0.356846 0.474233 -0.166453 -0.132733 0.182030 0.182358 0.014776 0.119794 0.110502 0.349452 -0.176448 0.000206 0.157346 -0.070319 0.217507 0.126875 0.078634 -0.073919 -0.078542 -0.044452 -0.445953 -0.467753 -0.404395 -0.418796 -0.375535 -0.365997 -0.444311 -0.441004 -0.270842 -0.225740 0.113587 0.210611 -0.201157 -0.267133 0.147177 0.078103 -0.083615 -0.288575 -0.109225 0.295818 -0.237663 -0.129018 0.564218 0.362453 -0.440922 -0.444015 0.140711 -0.342645 0.199976 0.163533 -0.092467 0.159668 0.118542 0.341613 0.313105 0.266084 0.089870 -0.010929 0.015601 0.030003 0.215886 0.146051 0.360125 0.369007 -0.191594 0.078156 0.229244 0.267925 -0.075615 -0.037181 0.383864 0.254176 -0.312365 0.007972 -0.201011 -0.105258 -0.114465 -0.183965 0.407351 0.282772 0.146938 -0.299536 -0.267851 -0.122455 -0.094171 -0.019966 -0.105570 0.042025 -0.258238 0.038599 -0.218349 0.092091 0.285539 0.169367
0.376571 0.257062 -0.176927 -0.170226 -0.144838 -0.030209 -0.511755 -0.332814 -0.267564 -0.148516 0.397001 -0.134120 -0.078948 -0.137911 0.005428 0.074357 1.000000 0.591800 0.173190 0.338478 0.209018 0.202446 0.154679 -0.053861 -0.231082 -0.236622 0.182962 0.188358 0.106556 0.166016 -0.189505 -0.104429 -0.185240 0.044010 0.113807 0.098755 0.292074 0.352332 -0.062958 -0.079478 -0.040288 0.242872 -0.072518 -0.165242 -0.160545 -0.256346 -0.133868 -0.019284 -0.212717 -0.312582 -0.502776 -0.223697 -0.109398 0.128447 -0.129470 -0.138350 0.761836 0.609824 -0.242605 -0.315100 -0.297670 0.070092 0.007488 -0.107992 0.017075 -0.041394 -0.473938 -0.367312 0.271144 -0.058855 0.111238 -0.045324 0.259082 0.477048 0.467983 0.147810 0.478044 0.210242 0.688121 0.403644 0.554697 0.478753 0.498454 -0.100693 0.279220 -0.090285 0.531507 0.150561 0.141569 0.050578 0.225133 0.071656 -0.020666 -0.045856 0.008954 0.128246 0.065347 -0.017352 0.220913 0.362927 -0.014474 0.206725 -0.046703 -0.228920 -0.043141 -0.276283 0.182348 -0.182760 0.146994 0.103136 0.027838 0.488438 -0.035170 0.057159 0.097020 -0.048038
0.375393 0.438507 -0.396115 -0.181072 -0.308473 -0.300779 -0.342830 -0.188337 -0.374800 -0.169319 0.237977 0.138440 0.016764 0.150764 0.031737 -0.139766 0.591800 1.000000 0.096893 0.188860 -0.083217 -0.038843 -0.140646 -0.379807 -0.380293 -0.346896 -0.074627 -0.051551 0.403901 0.363097 -0.094764 -0.116942 0.126017 0.055534 -0.213534 -0.141132 0.049918 0.141259 -0.133306 -0.287394 0.191503 0.123933 0.173305 0.161139 0.064798 0.000804 0.070447 0.150894 0.032904 -0.029447 -0.307562 -0.096414 -0.117750 0.008409 -0.026992 0.082425 0.526188 0.425398 -0.282318 -0.111745 -0.156987 0.004178 0.270588 0.282127 -0.231531 -0.273824 -0.351193 -0.446015 0.171490 -0.157410 -0.011757 -0.119541 0.367613 0.159627 0.117190 0.126276 0.161586 0.251997 0.325544 0.176045 0.486288 0.414737 0.300510 0.110080 -0.093422 -0.160817 0.301611 0.175919 -0.163614 0.014389 0.336921 0.115179 -0.042852 -0.197613 -0.155755 0.003294 0.072529 -0.136259 0.286321 0.396195 -0.128457 -0.050933 -0.000351 -0.095595 0.080921 -0.161619 0.161860 -0.178684 -0.108289 -0.071565 -0.051979 0.338456 0.203091 -0.158517 -0.066300 -0.163419
0.440649 0.057038 0.040071 0.024113 -0.179406 -0.289346 -0.128448 -0.240068 -0.030406 -0.102083 0.449440 -0.024472 0.061933 -0.261406 -0.000420 0.109801 0.173190 0.096893 1.000000 0.428773 0.121040 -0.057458 0.260868 0.082889 -0.182549 -0.270145 -0.032261 0.061209 0.178688 0.134483 0.126733 0.222097 -0.013413 0.087852 0.090507 -0.228051 0.048210 -0.089864 -0.207177 -0.048044 -0.009640 0.105482 0.085933 0.141869 -0.203504 -0.178064 0.148670 0.164411 -0.186198 -0.104181 -0.236515 -0.041202 -0.023874 0.341446 -0.271958 -0.005627 0.061003 0.027974 0.012371 0.012986 -0.189694 -0.128363 0.099107 0.046636 0.150790 -0.246189 -0.250408 -0.410119 0.200723 -0.350090 0.057788 -0.072754 0.160133 0.156893 0.164431 0.269338 0.138792 0.106432 -0.028830 -0.081865 -0.179345 0.014897 0.242475 0.150875 0.166087 -0.068189 0.334905 0.194732 -0.037853 0.069530 0.046546 0.114121 -0.229004 0.093662 0.063960 -0.166953 0.235565 -0.168921 0.175669 -0.097548 -0.082526 0.272514 0.115997 0.078070 0.077823 -0.173447 0.092827 -0.068761 0.196075 0.030721 -0.064560 0.222310 -0.087771 -0.021827 -0.025961 -0.242644
0.182926 0.309278 0.041144 0.289215 -0.009496 -0.200595 -0.216670 -0.264140 -0.018689 0.053177 0.353553 -0.009157 -0.030145 -0.151950 -0.087929 0.092095 0.338478 0.188860 0.428773 1.000000 0.255976 0.034815 0.179778 0.164785 -0.369942 -0.275560 -0.023044 -0.002119 0.115673 0.143548 0.070750 0.148591 -0.134903 0.323259 0.158318 0.129696 0.067674 -0.099618 -0.190517 -0.241463 -0.212915 0.106780 -0.195969 -0.176195 -0.260115 -0.265337 -0.219220 0.013885 -0.349382 -0.253083 -0.571775 -0.226752 -0.059260 0.246330 -0.210734 -0.211163 0.210351 0.205095 -0.023147 -0.011872 -0.326930 0.031296 0.092281 -0.059606 -0.088445 -0.295213 -0.280831 -0.308596 0.202535 0.106114 0.354236 0.186976 0.079750 0.341757 0.254946 0.169997 0.079362 0.133703 0.371096 0.120316 0.035999 0.288538 0.355236 0.125111 0.100900 -0.017651 0.258548 0.117777 0.033250 0.168102 0.184378 0.042623 -0.229814 -0.062481 0.016891 -0.136861 0.144606 -0.014413 0.212267 0.099393 -0.040711 0.354159 -0.077847 0.025621 -0.117870 -0.314152 0.096932 -0.315752 -0.012780 0.315287 0.115864 0.367987 -0.014733 -0.041925 -0.092618 -0.075908
-0.063811 0.149239 0.123734 0.221488 0.149781 0.329103 -0.044278 -0.286940 0.082385 -0.073840 0.045566 -0.107669 -0.124695 -0.433599 -0.306412 0.275228 0.209018 -0.083217 0.121040 0.255976 1.000000 0.645015 0.381009 0.488255 -0.038332 0.381485 0.655772 0.646672 -0.347707 -0.171303 0.188131 0.437178 -0.105407 0.255003 0.394231 0.365960 0.193157 0.104375 0.370536 -0.099734 -0.397956 0.042657 -0.252158 -0.404008 -0.369954 -0.360701 -0.368493 -0.304204 -0.538637 -0.480388 -0.201446 -0.211813 0.043504 0.222687 -0.167627 -0.380273 0.285620 0.442848 -0.236258 -0.290112 -0.332495 -0.159289 -0.201621 -0.243306 0.235895 0.099279 -0.263880 -0.058951 0.283519 -0.056268 0.370671 0.375988 -0.234392 0.288113 0.157101 0.172310 0.138992 0.111156 0.350848 0.166616 0.010262 0.200363 0.041320 -0.220083 0.303672 0.162567 0.041482 -0.228358 0.164284 0.138109 0.059103 0.056578 -0.010058 0.046627 0.169541 0.059078 0.119470 0.118751 0.125823 0.199358 0.327749 0.286009 0.204845 -0.112864 -0.119271 -0.373857 0.032158 -0.239401 0.218265 0.313217 0.229328 0.267739 -0.146928 0.066806 0.265155 0.244835
-0.119171 0.184506 -0.065995 0.138063 0.107566 0.289203 -0.058052 -0.093469 0.044488 0.056527 -0.069471 0.087718 -0.060894 -0.133741 -0.395929 0.132231 0.202446 -0.038843 -0.057458 0.034815 0.645015 1.000000 0.124712 0.317635 -0.068318 0.563499 0.503504 0.562830 -0.310922 0.007154 0.231750 0.376957 0.147071 0.241002 0.172530 0.374859 0.245754 0.327822 0.187994 -0.086121 -0.275084 0.219393 -0.206279 -0.280704 -0.249647 -0.162610 -0.385852 -0.327947 -0.526251 -0.295933 -0.291021 -0.214938 0.150243 0.022978 0.026744 -0.269169 0.239143 0.310108 -0.464946 -0.381748 -0.250571 -0.061839 -0.183406 -0.212286 0.097667 0.004576 -0.308442 0.005035 0.220852 0.065281 0.206212 0.589485 -0.249458 0.440370 0.275616 0.032618 0.201036 0.171337 0.216238 0.235617 0.183591 0.395567 -0.251139 -0.059208 0.257371 0.307780 -0.106245 -0.385391 -0.025846 -0.081532 0.067274 -0.147291 0.044529 -0.086668 0.239227 -0.021803 -0.066825 0.276168 0.101333 0.204798 0.418790 0.148406 0.289378 -0.195012 -0.221173 -0.207283 -0.056217 -0.272129 -0.057046 -0.070059 0.146425 0.188045 -0.256469 -0.007520 0.293001 0.459041
0.126076 -0.025110 0.573887 0.148735 0.157596 -0.043323 0.148474 -0.449089 0.436612 -0.055936 0.429014 -0.176570 0.054057 -0.455007 0.234633 0.356846 0.154679 -0.140646 0.260868 0.179778 0.381009 0.124712 1.000000 0.715462 0.079230 -0.073909 0.455359 0.546037 -0.076804 -0.273463 0.242637 0.351222 -0.365346 -0.030933 0.629418 0.249808 0.236277 -0.042904 0.261957 -0.022721 -0.171145 -0.239657 -0.390159 -0.510512 -0.504757 -0.437493 -0.362671 -0.271139 -0.538435 -0.493474 -0.162980 -0.280873 -0.141296 0.309598 0.012134 -0.285081 0.042645 0.159842 -0.070444 -0.195406 -0.273000 -0.099951 -0.142786 -0.236332 0.541887 0.097690 -0.272456 -0.204815 0.221201 -0.112667 0.190739 0.015651 -0.263250 -0.003987 0.128435 0.205862 0.142237 -0.061543 0.276717 0.191505 -0.130112 0.009420 0.328594 -0.032680 0.603381 0.134835 0.097951 0.196575 0.524653 0.355659 -0.329175 -0.050333 -0.155285 0.296128 -0.034551 0.065430 -0.110593 -0.022715 -0.339638 -0.085466 0.093984 0.408751 -0.117239 -0.129851 -0.183783 -0.283907 -0.055388 -0.060933 0.008843 0.200394 0.027678 0.023695 -0.318253 0.083297 0.094747 0.049166
-0.099049 -0.071156 0.381536 0.507840 0.476275 0.294570 0.311054 -0.137701 0.621486 0.426096 0.210047 0.122344 -0.015701 -0.291574 0.054645 0.474233 -0.053861 -0.379807 0.082889 0.164785 0.488255 0.317635 0.715462 1.000000 -0.128978 0.134648 0.446914 0.533391 -0.249324 -0.145823 0.382815 0.650832 -0.260787 0.218687 0.583101 0.347896 0.157803 -0.113879 0.101546 -0.195184 -0.389762 -0.131390 -0.581594 -0.583417 -0.451507 -0.378077 -0.557590 -0.475512 -0.649925 -0.482714 -0.228544 -0.247022 -0.073977 0.220604 -0.169001 -0.447356 -0.164936 -0.032692 -0.168737 -0.354036 -0.299586 0.112576 -0.326772 -0.345755 0.660277 0.366321 -0.340578 -0.124243 0.058765 -0.132013 0.259316 0.257857 -0.448398 0.127376 0.138512 0.225453 0.102527 0.001771 0.176105 0.197071 -0.199831 0.010728 0.121415 0.051360 0.583609 0.423010 -0.071235 0.033857 0.488992 0.350225 -0.208274 -0.004795 0.226521 0.302461 -0.057915 -0.023686 -0.262946 -0.040858 -0.267274 -0.243795 0.403333 0.280871 0.071865 -0.192126 -0.362060 -0.376448 0.000379 -0.210427 -0.104832 0.161229 -0.041316 0.018530 -0.315665 -0.063882 0.114689 0.144820
-0.108292 -0.369305 0.398251 -0.296968 0.039976 0.042912 0.213508 -0.080275 0.042071 -0.340704 -0.115589 -0.451809 0.120368 -0.168937 0.238476 -0.166453 -0.231082 -0.380293 -0.182549 -0.369942 -0.038332 -0.068318 0.079230 -0.128978 1.000000 0.399451 -0.027977 0.104016 -0.186341 -0.451288 0.077666 -0.261605 0.133273 -0.126023 0.138618 0.312709 -0.104415 0.022813 0.409109 0.280393 0.154059 -0.144101 0.130421 0.077964 0.094785 0.123149 0.037696 0.044026 0.182293 0.041412 0.347266 -0.121699 -0.107685 -0.192883 0.363339 0.075782 -0.145195 -0.111992 0.304373 0.147993 0.340579 -0.306866 -0.005087 -0.221835 -0.164722 -0.071507 0.507853 0.399806 -0.004291 0.369767 -0.084829 -0.063897 -0.017728 -0.356157 -0.159827 -0.185816 -0.096426 -0.164910 -0.223185 0.109573 -0.202915 -0.226020 -0.282486 -0.298316 -0.197820 -0.334555 -0.258045 -0.163306 0.117856 -0.155277 -0.419655 -0.102410 -0.262435 0.175778 0.186545 0.015715 0.011880 0.176912 -0.281884 -0.013051 -0.117091 0.050249 -0.142090 0.215265 0.119831 0.241139 -0.024021 0.197757 0.022796 -0.049964 0.309469 -0.294457 0.047919 0.039797 -0.023692 0.175893
-0.354988 -0.170368 -0.013864 -0.017688 0.164293 0.293162 0.073674 0.038198 0.085400 -0.074325 -0.409741 -0.155362 -0.139289 -0.106423 -0.411640 -0.132733 -0.236622 -0.346896 -0.270145 -0.275560 0.381485 0.563499 -0.073909 0.134648 0.399451 1.000000 0.188621 0.390672 -0.321812 -0.149295 0.164931 0.223458 0.238143 0.216613 0.151841 0.458805 0.175979 0.345206 0.329029 0.122675 -0.139991 0.220581 0.060856 0.005793 0.031430 0.144348 -0.123534 -0.078835 -0.197019 0.018452 0.058779 -0.074220 0.131491 -0.121453 0.237271 -0.041367 -0.063409 0.023603 -0.281760 -0.221352 -0.184434 -0.316635 -0.231821 -0.264989 -0.227383 0.003181 0.170917 0.487808 -0.074829 0.281912 0.142821 0.388398 -0.190642 0.033178 0.100528 -0.141040 -0.118672 -0.012376 -0.010362 0.198444 0.015429 0.145838 -0.365785 -0.150516 -0.045668 0.116167 -0.323031 -0.452222 -0.108755 -0.280120 -0.222458 -0.280487 -0.046864 -0.193408 0.125480 0.008593 -0.024445 0.409241 -0.139059 0.208350 0.064273 -0.060592 0.069396 -0.105722 -0.247010 -0.084181 -0.238273 -0.133698 -0.148000 -0.003135 0.422700 -0.042934 -0.167697 0.097481 0.131860 0.443655
-0.156018 0.114090 0.234826 0.085867 0.137738 0.343864 -0.041953 -0.349243 0.028086 -0.102840 -0.010734 -0.224224 -0.193074 -0.467811 -0.177286 0.182030 0.182962 -0.074627 -0.032261 -0.023044 0.655772 0.503504 0.455359 0.446914 -0.027977 0.188621 1.000000 0.706842 -0.307265 -0.294383 -0.054655 0.177654 -0.081110 -0.045659 0.310218 0.220350 0.147796 0.144389 0.306717 0.153168 -0.346704 0.028585 -0.305061 -0.437112 -0.326362 -0.344401 -0.282029 -0.290364 -0.314834 -0.360990 0.033812 -0.022343 0.009960 0.224324 -0.077228 -0.194868 0.268563 0.409693 -0.166224 -0.187102 -0.256319 -0.124032 -0.248035 -0.124063 0.342516 0.147623 -0.186863 -0.089225 0.278124 -0.119806 0.079275 0.165029 -0.427266 0.126115 -0.110983 -0.055470 0.176173 -0.022671 0.308730 -0.040503 0.067449 0.077227 0.061674 -0.143818 0.388946 0.172639 0.201465 -0.070226 0.275587 0.191277 0.126550 0.156565 -0.011593 0.069798 0.237915 0.245698 0.141816 0.009362 0.124054 0.129567 0.286674 0.204370 0.281141 -0.076264 0.074252 -0.136503 0.091307 0.108069 0.325244 0.196360 0.034933 0.170138 -0.143571 0.190297 0.351158 0.182292
-0.154948 0.106338 0.174447 0.172010 -0.051426 0.187598 -0.164742 -0.506216 0.079281 -0.292940 0.055210 -0.158102 -0.301685 -0.499210 -0.202377 0.182358 0.188358 -0.051551 0.061209 -0.002119 0.646672 0.562830 0.546037 0.533391 0.104016 0.390672 0.706842 1.000000 -0.368630 -0.399630 0.065952 0.238956 -0.169131 0.004067 0.393891 0.429563 0.277091 0.303335 0.500595 0.099439 -0.139535 0.138564 -0.300423 -0.365891 -0.496029 -0.375809 -0.415876 -0.254826 -0.529678 -0.414280 -0.064738 -0.148012 0.072619 0.130930 0.191074 -0.226553 0.165386 0.395410 -0.209263 -0.156601 -0.368343 -0.235450 -0.193121 -0.247044 0.262504 0.093164 -0.082559 0.084069 0.343952 0.093265 0.102256 0.184249 -0.521806 0.152019 0.119172 -0.000338 0.074948 -0.001719 0.257485 0.226727 -0.020928 0.117802 0.072639 -0.048588 0.498295 0.313265 0.203977 -0.025132 0.260019 0.350364 -0.190459 -0.082381 -0.249426 0.000819 0.214419 0.067221 0.160306 0.104126 0.025096 0.147881 0.130564 0.158854 0.114006 -0.057052 0.032462 -0.156962 0.177409 -0.007589 0.078780 0.047437 0.255348 0.191115 -0.171038 0.044887 0.144345 0.160947
0.359471 0.027532 -0.136437 -0.225872 0.071036 -0.355975 0.134283 -0.008670 0.064704 0.106623 0.155132 0.229876 0.197716 0.172108 0.293109 0.014776 0.106556 0.403901 0.178688 0.115673 -0.347707 -0.310922 -0.076804 -0.249324 -0.186341 -0.321812 -0.307265 -0.368630 1.000000 0.646914 0.112550 0.082478 0.399607 0.333217 -0.213965 -0.244246 -0.144839 -0.218454 -0.360433 -0.229851 0.063432 -0.129400 0.111424 0.072604 0.232219 0.100957 0.184228 0.091246 0.143597 0.189191 -0.272796 -0.121744 -0.208353 0.032566 -0.245983 0.080289 0.054181 -0.235092 -0.107572 -0.080074 0.048170 -0.060866 0.349798 0.291915 -0.045454 -0.233233 -0.228424 -0.446908 -0.100794 -0.244098 -0.070134 -0.165447 0.621138 -0.067845 -0.028873 0.193942 -0.017907 -0.022225 0.021732 -0.172497 0.316445 0.234891 0.215377 0.552225 -0.234914 -0.204129 -0.091799 0.006907 -0.321958 -0.286500 0.086465 0.180106 -0.005623 0.009278 -0.135664 -0.090336 -0.108567 -0.206470 0.053087 0.127944 -0.197868 0.096059 0.067766 -0.008629 -0.080405 0.078099 -0.038624 0.020679 -0.050677 -0.036602 -0.297611 0.016550 0.066420 -0.051864 0.059047 -0.146650
0.173482 0.029668 -0.360339 -0.059581 0.222828 -0.221928 0.035308 0.223522 0.028543 0.375766 0.018718 0.460973 0.080207 0.399097 -0.106053 0.119794 0.166016 0.363097 0.134483 0.143548 -0.171303 0.007154 -0.273463 -0.145823 -0.451288 -0.149295 -0.294383 -0.399630 0.646914 1.000000 0.206639 0.370711 0.401408 0.493727 -0.244333 -0.150074 0.025565 -0.019810 -0.474637 -0.299575 -0.054645 0.030410 0.107092 0.118293 0.302264 0.235452 0.154601 0.034527 0.048692 0.207069 -0.446567 -0.064622 -0.047426 0.078105 -0.415389 0.060028 0.117459 -0.179737 -0.380087 -0.389615 -0.241742 0.049536 -0.037748 0.042722 -0.032847 -0.122554 -0.474978 -0.418562 -0.210295 -0.368152 0.115335 0.245475 0.657267 0.265188 0.258333 0.314630 0.216277 0.276363 0.156923 -0.013834 0.381105 0.435589 0.082726 0.433447 -0.170143 -0.005508 -0.080749 -0.057453 -0.411489 -0.442916 0.196644 0.056723 0.248168 -0.089652 -0.116000 -0.013174 -0.175283 -0.117908 0.118719 0.093547 0.096832 -0.014021 0.140626 -0.305282 -0.327874 -0.175856 -0.239267 -0.244936 -0.177456 -0.091968 -0.331911 0.126271 -0.170452 -0.077998 0.169184 0.044795
-0.053418 -0.140057 0.055496 0.054892 0.203854 -0.240920 0.439988 0.043445 0.346103 0.287964 0.209678 0.239099 0.296379 0.118109 0.055662 0.110502 -0.189505 -0.094764 0.126733 0.070750 0.188131 0.231750 0.242637 0.382815 0.077666 0.164931 -0.054655 0.065952 0.112550 0.206639 1.000000 0.714501 0.192531 0.384828 0.024267 0.124102 -0.026944 -0.225663 0.043568 -0.288772 -0.123257 -0.267700 -0.134074 -0.124241 -0.041839 0.007375 -0.294274 -0.258496 -0.282417 -0.135710 -0.187237 -0.269091 -0.240068 -0.076796 -0.085208 -0.272081 -0.209586 -0.208209 -0.244218 -0.307304 -0.067416 -0.168294 -0.022369 -0.194105 0.167780 -0.131968 -0.184043 -0.124226 0.105505 0.021255 0.329485 0.298176 0.047248 0.010812 0.040255 0.461860 -0.017666 0.214953 -0.101519 0.131515 -0.137455 0.079883 -0.052240 0.244472 0.036239 0.207892 -0.212999 0.116975 -0.020182 -0.046395 -0.173756 -0.021793 0.037593 0.163546 0.111447 -0.262382 -0.161586 -0.011215 -0.150395 -0.064961 0.251723 0.107263 0.007683 -0.102875 -0.290432 -0.258200 -0.087702 -0.310038 -0.202010 -0.010500 0.033076 -0.126763 -0.169245 -0.404096 -0.129013 0.068645
-0.077696 0.024627 0.009233 0.289854 0.366040 0.037364 0.367676 0.078986 0.488696 0.437164 0.221614 0.336228 0.145377 0.029279 -0.086803 0.349452 -0.104429 -0.116942 0.222097 0.148591 0.437178 0.376957 0.351222 0.650832 -0.261605 0.223458 0.177654 0.238956 0.082478 0.370711 0.714501 1.000000 0.135514 0.591693 0.212656 0.197068 0.039484 -0.118953 -0.076980 -0.301896 -0.348934 -0.087198 -0.282710 -0.286187 -0.238765 -0.161423 -0.360362 -0.371974 -0.555589 -0.297189 -0.374421 -0.242715 -0.097261 0.099897 -0.357230 -0.365273 -0.144760 -0.085934 -0.421926 -0.493833 -0.332793 0.005158 -0.283597 -0.281270 0.417941 0.150914 -0.495460 -0.260078 0.004362 -0.259109 0.394001 0.402994 -0.023031 0.212485 0.231111 0.538875 0.135371 0.273797 0.050759 0.135281 -0.095450 0.177262 0.018470 0.252437 0.258351 0.333521 -0.206393 0.075417 0.076558 -0.026321 -0.034061 0.038267 0.277486 0.165928 0.064135 -0.119103 -0.161219 -0.108423 -0.090721 -0.128325 0.338089 0.154538 0.221551 -0.278591 -0.481492 -0.482340 -0.064294 -0.373569 -0.137700 0.048608 -0.042425 0.024092 -0.355223 -0.279041 0.102145 0.107042
0.030195 -0.158545 -0.109152 -0.081368 0.148634 -0.044528 0.254776 0.231471 -0.135579 0.113185 -0.164167 0.235244 0.109838 0.259575 -0.149359 -0.176448 -0.185240 0.126017 -0.013413 -0.134903 -0.105407 0.147071 -0.365346 -0.260787 0.133273 0.238143 -0.081110 -0.169131 0.399607 0.401408 0.192531 0.135514 1.000000 0.370575 -0.198063 -0.016432 -0.079063 0.070942 -0.160987 -0.164249 0.008031 0.112115 0.180827 0.182660 0.318079 0.330153 0.109534 -0.024934 0.092356 0.244501 -0.125342 -0.187567 -0.215481 -0.306835 -0.065584 0.089917 -0.040566 -0.290071 -0.223086 -0.196246 0.050311 -0.208067 -0.045946 0.025807 -0.261850 -0.106536 0.017772 -0.066951 -0.183059 -0.064390 -0.076615 0.256129 0.376735 -0.009990 -0.011422 0.005203 0.024539 0.099252 -0.247778 -0.056390 0.135619 0.189065 -0.273854 0.184958 -0.375076 -0.047421 -0.229151 -0.304003 -0.443229 -0.488510 0.051672 0.121063 0.056060 0.074596 0.105162 -0.062870 -0.047188 -0.032578 0.066888 0.171086 0.128346 -0.000233 0.387115 0.132001 0.043643 0.121622 -0.079797 -0.049384 -0.151228 -0.205069 -0.015763 -0.130761 0.032380 -0.105750 0.185634 0.217606
-0.135261 0.061808 -0.072252 0.192828 0.422369 0.030303 0.285692 0.145012 0.239184 0.400886 0.008682 0.211759 0.022159 0.025098 -0.034389 0.000206 0.044010 0.055534 0.087852 0.323259 0.255003 0.241002 -0.030933 0.218687 -0.126023 0.216613 -0.045659 0.004067 0.333217 0.493727 0.384828 0.591693 0.370575 1.000000 0.129582 0.460160 -0.083048 -0.135541 -0.192136 -0.408160 -0.364421 0.085212 -0.128623 -0.133062 0.066301 0.074208 -0.293018 -0.267411 -0.298675 -0.052778 -0.480618 -0.261943 -0.201089 -0.103156 -0.398822 -0.346436 -0.005711 -0.029422 -0.287871 -0.385597 -0.246972 -0.055905 -0.168905 -0.317114 0.106973 -0.058511 -0.283701 -0.043472 -0.003122 0.092685 0.303485 0.287136 0.178051 0.137888 0.190876 0.410435 -0.032568 0.153822 0.126842 0.088520 0.158511 0.225198 -0.068792 0.347906 -0.059886 0.029684 -0.160210 -0.067779 -0.213580 -0.314682 0.046949 0.151530 0.063662 0.050540 0.263564 -0.235466 -0.128073 -0.123106 0.080383 0.119147 0.106808 0.116403 0.157422 -0.137975 -0.373466 -0.271082 0.152887 -0.394517 -0.100877 -0.029013 0.026973 0.119642 -0.149914 -0.332630 0.090612 0.021402
-0.023698 -0.306555 0.457247 0.148655 0.351860 0.139689 0.051846 -0.241738 0.361411 0.092812 0.135743 -0.327587 -0.070426 -0.429806 0.035614 0.157346 0.113807 -0.213534 0.090507 0.158318 0.394231 0.172530 0.629418 0.583101 0.138618 0.151841 0.310218 0.393891 -0.213965 -0.244333 0.024267 0.212656 -0.198063 0.129582 1.000000 0.595480 0.172447 -0.087946 0.189178 -0.161540 -0.253626 -0.069369 -0.394627 -0.455996 -0.206810 -0.125272 -0.344904 -0.193104 -0.383344 -0.228872 -0.210983 -0.172753 -0.177979 0.204661 -0.200907 -0.347652 0.085328 0.007560 0.112264 -0.206096 -0.232715 -0.049895 -0.223936 -0.267598 0.461503 0.311767 -0.090414 0.155039 0.014235 0.067161 0.099736 0.115283 -0.212799 0.020991 0.183008 -0.063661 0.045298 -0.290505 0.300027 0.188454 -0.043778 0.097103 0.060462 -0.184614 0.468093 -0.026937 0.133351 -0.100850 0.406926 0.065989 -0.310940 -0.045646 -0.006013 0.252900 -0.041907 -0.027216 -0.263895 0.027419 -0.432324 0.013972 0.061789 0.270620 -0.014871 -0.042795 -0.215730 -0.101345 -0.163762 -0.052465 -0.060220 0.141419 0.171539 -0.022141 -0.351873 0.196095 0.224001 0.046897
-0.338210 -0.171255 0.250459 0.127654 0.336861 0.184685 0.058591 -0.170700 0.182371 0.043465 -0.108830 -0.334866 -0.094343 -0.316610 -0.053365 -0.070319 0.098755 -0.141132 -0.228051 0.129696 0.365960 0.374859 0.249808 0.347896 0.312709 0.458805 0.220350 0.429563 -0.244246 -0.150074 0.124102 0.197068 -0.016432 0.460160 0.595480 1.000000 0.085403 0.126726 0.293879 -0.126078 -0.277825 0.112464 -0.268089 -0.349965 -0.092583 -0.021950 -0.485755 -0.290796 -0.343425 -0.213282 -0.299363 -0.321573 -0.183862 -0.163425 -0.013011 -0.375788 0.025573 0.120460 0.025495 -0.204042 -0.106531 -0.091730 -0.222909 -0.442799 0.109864 0.075761 0.051872 0.380165 0.030387 0.495446 0.277390 0.341662 -0.183537 0.122952 0.209267 -0.035686 -0.002613 -0.080056 0.293869 0.411480 0.095787 0.205372 -0.136659 -0.013085 0.171122 -0.096687 -0.031896 -0.147441 0.247894 -0.049574 -0.320910 -0.071359 -0.178990 0.111542 0.275251 -0.023429 -0.144712 0.162743 -0.174177 0.236373 0.069516 0.191550 -0.078071 -0.005762 -0.274140 -0.115226 0.040323 -0.206636 -0.143076 -0.007719 0.331458 0.066551 -0.254733 -0.136454 0.144929 0.316015
