1.000000 0.390873 -0.121842 0.103406 -0.021483 0.192051 -0.157031 -0.205626 -0.200325 -0.008626 -0.143019 0.007770 -0.377407 -0.205268 -0.260444 -0.161859 0.039487 0.280197 0.404909 0.216909 -0.073227 0.117921 -0.038771 -0.192112 -0.216780 -0.094703 0.084041 0.190393 -0.074563 0.121992 -0.049356 -0.311442 0.085940 0.016814 0.003982 0.006430 0.031786 0.214690 -0.052540 -0.050783 0.152749 0.202328 -0.035528 -0.035325 -0.015264 -0.055502 -0.031265 -0.070601 -0.046244 -0.082179 -0.014038 -0.089154 0.213744 0.170011 -0.172770 -0.057102 0.764791 0.395664 0.142701 -0.017033 0.052070 0.014219 -0.141964 0.079012 -0.167359 -0.109958 -0.135217 -0.235409 0.332007 -0.157028 -0.000175 -0.028060 0.021520 -0.073770 -0.006842 -0.025010 0.219821 0.096782 -0.298373 -0.143616 -0.228763 -0.181102 -0.140352 0.014173 -0.089921 -0.164033 -0.246477 0.087987 0.004933 0.164445 -0.039103 0.191285 0.152234 0.061588 -0.189439 0.188129 -0.145396 -0.285388 0.068569 0.352333 0.109246 0.175135 -0.049453 0.109871 -0.157442 -0.189801 0.006651 -0.077697 -0.067735 0.101984 -0.104819 0.226746 -0.014827 0.122540 -0.048904 0.011712
0.390873 1.000000 -0.146428 0.158787 -0.245922 -0.281130 -0.204122 -0.078379 -0.184214 -0.235432 -0.156543 -0.002545 -0.176468 -0.147604 -0.241191 -0.163562 0.087574 0.115244 0.343134 0.315870 -0.014973 -0.395379 -0.066187 -0.124736 -0.353747 -0.233986 -0.207934 -0.191623 -0.359498 -0.013963 -0.282617 -0.360043 0.286466 0.139088 0.019944 -0.143108 0.185975 0.328419 0.050509 0.128835 0.088043 0.015759 -0.202544 -0.067407 -0.095267 -0.038527 -0.128245 0.045797 -0.146402 -0.042282 -0.130441 -0.122002 0.205934 0.159169 -0.069371 -0.144873 0.449523 0.748130 0.074817 0.090465 -0.002591 0.111776 0.062738 0.228142 -0.280234 -0.159582 0.011233 -0.160170 0.386387 0.061914 0.005416 -0.180017 -0.251954 0.016596 -0.017913 0.072435 0.239243 0.312122 -0.335540 -0.102365 -0.188911 -0.176976 -0.149784 -0.188460 -0.298706 -0.033219 -0.147073 0.204504 -0.392016 0.173633 0.031011 0.132022 0.129323 0.062090 -0.080927 0.078593 -0.144883 -0.122739 0.036550 0.068892 0.244767 0.090912 0.238782 -0.070571 0.059681 -0.158268 -0.019600 -0.140703 0.043442 0.120500 -0.104098 0.193042 -0.132988 0.171230 -0.035046 -0.164645
-0.121842 -0.146428 1.000000 0.518809 -0.093129 -0.162845 0.691298 0.637549 0.147181 0.244365 0.228349 0.254486 0.240612 0.209453 0.309890 0.215249 -0.137501 -0.126305 -0.109232 -0.271593 -0.259729 -0.207928 0.634184 0.383148 0.416207 0.332372 0.106465 0.072705 -0.083138 -0.117643 0.538316 0.163885 -0.024052 0.261303 0.339747 0.461259 -0.188460 0.252445 0.050669 -0.133974 0.075758 0.326012 -0.242896 -0.294188 -0.280198 -0.196034 -0.329661 -0.311604 -0.107150 -0.286451 0.131734 -0.112887 0.044627 -0.108339 0.155803 -0.390053 -0.163942 -0.266842 -0.190179 -0.265890 0.228884 0.152503 -0.282720 -0.108209 0.421120 0.368237 -0.217339 0.263679 -0.231754 -0.313446 0.215708 0.398939 -0.028254 0.235905 0.119058 0.301318 0.315225 0.367565 -0.240774 -0.058421 -0.268046 -0.269871 0.291731 -0.356859 0.249605 0.196827 0.233729 -0.030758 0.243277 0.191072 -0.271711 0.051469 0.085158 0.036760 -0.528278 0.235957 -0.443157 -0.458740 -0.526569 -0.296970 -0.096594 -0.232906 -0.227078 -0.249749 -0.078809 -0.147144 -0.199732 -0.169274 -0.496137 0.296673 0.071269 -0.029662 0.113922 0.180067 -0.196664 -0.067331
0.103406 0.158787 0.518809 1.000000 -0.053384 -0.172273 0.309383 0.480343 -0.041049 0.231381 0.092060 0.287327 -0.066752 0.194348 0.337106 0.293133 -0.166784 -0.244794 -0.031012 -0.033005 -0.315461 -0.173101 0.736130 0.609454 0.239404 0.204515 0.301242 0.182196 -0.109729 -0.181671 0.223841 0.002331 -0.127785 0.234188 0.072767 0.303568 -0.202432 0.289342 -0.159798 -0.030994 -0.042088 0.163625 -0.161615 -0.166314 -0.324243 -0.144561 -0.273162 -0.119625 -0.158626 -0.248657 0.068276 -0.196554 0.058698 -0.129809 0.171135 -0.290977 -0.003046 -0.063910 -0.328150 -0.422400 0.094518 0.135739 -0.325719 -0.107884 0.384032 0.376164 -0.464313 0.017294 -0.052645 -0.361609 0.183428 0.262317 -0.335239 0.078431 0.071032 0.203460 0.136061 0.213055 -0.396638 -0.031070 -0.378386 -0.349810 0.206470 -0.266757 0.225265 0.279712 0.196417 0.182518 0.184785 0.373850 -0.150188 0.018914 0.216818 -0.073125 -0.272197 0.188249 -0.286084 -0.288072 -0.407653 -0.146817 -0.024664 -0.159923 -0.134018 -0.091192 -0.204467 -0.111987 0.044534 -0.105358 -0.179760 0.111751 0.174405 0.098439 -0.058997 0.167316 0.134405 -0.035429
-0.021483 -0.245922 -0.093129 -0.053384 1.000000 0.413690 -0.133507 -0.208794 0.263438 0.084976 0.045089 -0.240452 -0.006313 -0.048575 -0.053107 -0.149070 0.165210 0.106596 0.025393 0.150835 0.004717 0.224086 -0.161261 -0.120453 0.151461 0.029264 0.454632 0.417667 -0.159816 0.042540 0.094740 0.056681 -0.071483 -0.083612 -0.109784 -0.035118 -0.258414 -0.307842 -0.213633 -0.265214 -0.031788 0.117913 0.132898 0.318457 0.322697 0.277975 0.292703 0.309971 0.218337 0.136786 -0.035166 0.175256 0.082588 0.210339 -0.037863 0.179488 0.044107 -0.076892 -0.046559 -0.202639 0.035183 -0.229793 0.199126 -0.038875 -0.065777 -0.262903 0.000334 -0.072837 -0.130426 -0.033939 -0.191208 0.054856 -0.030065 -0.229217 -0.167670 -0.223159 -0.292497 -0.204618 0.057265 0.038675 0.043875 0.120070 -0.138994 -0.020090 0.077325 -0.014710 0.095636 -0.242266 0.024964 -0.101721 0.068228 0.008766 -0.201588 0.002971 -0.061173 -0.156751 -0.030343 0.013787 0.159535 0.116313 -0.232801 -0.001156 -0.173828 0.084091 -0.141650 0.025230 0.019195 0.147150 -0.098073 0.023431 0.048823 0.244506 0.094895 0.144955 0.120980 0.140743
0.192051 -0.281130 -0.162845 -0.172273 0.413690 1.000000 -0.136189 -0.281927 0.059278 0.214020 -0.095122 -0.232413 -0.120892 0.040084 -0.197741 -0.025720 0.163876 0.263945 0.137177 0.259003 0.062962 0.378009 -0.285266 -0.310764 0.101697 -0.047704 0.287904 0.264507 0.148351 0.164855 -0.018973 -0.069141 -0.056344 0.005165 0.008776 -0.072613 -0.116769 -0.276007 -0.338631 -0.220816 -0.011039 0.157887 0.119226 0.226924 0.211786 0.214600 0.191917 0.072725 0.020634 0.092348 -0.097525 0.034753 0.032813 0.031350 -0.067904 0.207190 0.159376 -0.057364 0.048460 -0.134969 0.035637 -0.102847 0.182215 0.003883 -0.117358 -0.193773 -0.020122 -0.186422 -0.047531 0.007987 -0.067006 0.230815 0.289593 -0.052838 -0.122304 -0.004459 -0.161202 -0.252947 0.188872 0.074657 0.132371 0.282217 -0.257876 0.037029 0.039006 -0.023908 -0.206125 -0.303091 0.160551 -0.153470 0.040358 -0.086712 -0.053004 0.047610 -0.017248 0.056875 -0.020836 0.086985 0.157984 0.137919 -0.165322 0.254331 -0.111520 0.163732 -0.067911 -0.065984 -0.077976 0.152126 -0.044875 0.004599 -0.264995 0.079102 0.198501 -0.071445 0.051770 0.186901
-0.157031 -0.204122 0.691298 0.309383 -0.133507 -0.136189 1.000000 0.764618 0.310703 0.308991 0.321565 0.353764 0.453024 0.426262 0.441479 0.319438 -0.005468 -0.077560 0.039731 -0.379471 -0.259461 -0.192751 0.392130 0.171061 0.242689 0.115961 0.075405 -0.039764 0.031093 0.075956 0.559276 0.288555 0.239069 0.379007 0.202232 0.342726 -0.171266 0.167690 0.123553 -0.032004 0.090600 0.305922 -0.341646 -0.401351 -0.282736 -0.159483 -0.394094 -0.448630 -0.278640 -0.315158 -0.009795 -0.242959 -0.195853 -0.273965 -0.160528 -0.358471 -0.254822 -0.278680 -0.202215 -0.141992 0.417074 0.303120 0.059318 0.126931 0.437151 0.368382 -0.137630 0.310711 -0.307855 -0.255518 0.321139 0.237256 0.117266 0.320181 0.262668 0.348388 0.323388 0.405826 -0.204346 -0.101358 -0.144117 -0.205148 0.075074 -0.189982 0.194663 0.137486 0.237260 -0.006513 0.267030 -0.068226 -0.407746 -0.124546 0.024215 0.024643 -0.528601 0.203285 -0.473222 -0.423290 -0.568556 -0.376078 -0.052518 -0.115227 -0.154391 -0.060014 -0.092802 -0.268953 -0.224614 -0.208030 -0.310823 0.233841 -0.055529 -0.134520 0.124903 0.048698 -0.197904 -0.464600
-0.205626 -0.078379 0.637549 0.480343 -0.208794 -0.281927 0.764618 1.000000 0.281402 0.326344 0.339278 0.494402 0.446215 0.458768 0.505598 0.468082 -0.053961 -0.231692 -0.137253 -0.401717 -0.274425 -0.391797 0.495510 0.293048 0.261183 0.151842 0.075045 -0.127222 -0.018183 -0.048541 0.465292 0.231087 0.158121 0.405427 0.142482 0.362547 -0.169028 0.231578 -0.040047 0.078882 0.047435 0.217889 -0.476414 -0.502818 -0.508026 -0.311989 -0.471585 -0.466410 -0.293848 -0.394089 0.169859 -0.236941 -0.285727 -0.389606 0.077339 -0.328314 -0.281667 -0.302521 -0.170863 -0.011275 0.384666 0.418252 -0.029377 0.187293 0.475136 0.635030 -0.177682 0.362098 -0.421269 -0.224178 0.227952 0.206489 -0.010918 0.242174 0.147342 0.238261 0.305443 0.325657 -0.250458 -0.133375 -0.200993 -0.276749 0.283022 -0.315390 0.238668 0.182475 0.229633 -0.014769 0.325273 0.156483 -0.446981 -0.282811 0.030925 -0.071568 -0.373564 0.215769 -0.337654 -0.312301 -0.559019 -0.390866 -0.194657 -0.146668 -0.193079 -0.208048 -0.058335 -0.219345 -0.207786 -0.164112 -0.172075 0.227033 0.079836 -0.227604 -0.080715 0.036905 -0.117804 -0.314014
-0.200325 -0.184214 0.147181 -0.041049 0.263438 0.059278 0.310703 0.281402 1.000000 0.493612 0.462444 0.285579 0.392638 0.492589 0.320997 0.243582 0.191475 -0.222032 -0.197534 -0.101702 -0.026598 -0.003087 0.006950 0.096897 0.184894 -0.060365 -0.026653 -0.121283 0.209882 0.019584 0.356995 0.322246 -0.092418 0.071098 -0.009447 0.002508 -0.026903 -0.291454 -0.183327 -0.099459 0.054336 0.049026 -0.145321 -0.016523 0.031841 0.131987 0.010988 -0.056803 0.001963 -0.038076 -0.068911 0.028359 -0.136591 0.035369 -0.043872 0.096366 -0.206917 -0.268490 -0.156066 -0.223816 0.263506 -0.042118 0.260792 -0.163364 0.089819 0.044400 -0.203820 0.169071 -0.361019 -0.096077 -0.017027 0.025625 0.114475 -0.034319 0.092857 0.092288 0.001492 0.016478 0.111667 -0.060610 0.101397 0.112038 0.132302 -0.076456 0.194105 0.281576 0.243034 -0.170371 0.190059 -0.257152 -0.262273 -0.111993 -0.112308 0.079323 -0.111757 -0.108898 -0.155794 -0.157198 -0.204434 -0.236088 -0.147426 -0.004496 -0.366139 -0.215874 -0.061891 -0.206079 -0.201967 -0.074351 0.008115 0.038863 -0.164342 -0.209255 0.077771 0.088392 -0.256062 -0.167407
-0.008626 -0.235432 0.244365 0.231381 0.084976 0.214020 0.308991 0.326344 0.493612 1.000000 0.333240 0.408151 0.121218 0.455586 0.319661 0.303156 -0.026267 -0.187517 -0.057756 -0.074406 -0.195273 -0.071998 0.176735 0.144705 0.244763 -0.025370 0.027683 0.097925 0.008462 -0.198151 0.210384 0.051971 -0.082630 0.213436 0.151832 0.241633 -0.153776 -0.088249 -0.371365 -0.135580 0.144348 0.332783 0.035278 -0.044313 -0.038065 0.079275 -0.107553 -0.068952 0.025742 -0.036007 -0.015495 0.027221 -0.174142 -0.143826 -0.010604 -0.085830 -0.064377 -0.314146 -0.178180 -0.268498 0.356754 0.275645 -0.016046 0.027490 0.324378 0.342555 -0.372448 0.133037 -0.269716 -0.165507 0.075599 0.207556 0.065628 0.235535 0.104566 0.157813 0.059578 0.120754 -0.061895 -0.278273 -0.268072 -0.209673 0.200503 -0.171714 0.012184 -0.009181 0.145796 -0.296627 0.197408 -0.053477 -0.086594 -0.023264 0.038301 0.022983 -0.204467 0.012077 -0.284109 -0.302301 -0.334890 -0.053207 -0.212519 -0.038540 -0.421332 -0.136722 -0.148763 -0.165157 -0.260784 -0.146048 -0.108841 0.098738 0.079084 -0.118343 0.051292 0.068028 -0.011439 -0.015099
-0.143019 -0.156543 0.228349 0.092060 0.045089 -0.095122 0.321565 0.339278 0.462444 0.333240 1.000000 0.523872 0.671931 0.563896 0.639702 0.286854 0.426810 -0.072035 -0.226119 -0.268327 -0.205123 -0.223249 0.211936 0.128931 0.155774 -0.160294 -0.081698 -0.077308 0.415650 0.102746 0.400745 0.293608 -0.174047 0.236645 -0.329437 0.034247 0.088203 0.037222 -0.131519 -0.129810 -0.023007 0.303491 -0.290573 -0.274953 -0.205912 -0.178970 -0.222615 -0.350358 -0.215096 -0.263052 -0.075367 -0.173911 -0.176375 -0.271893 0.104023 -0.080208 -0.102291 -0.310869 0.202838 -0.086767 0.484936 0.317703 0.288809 0.253885 0.166883 0.336458 -0.168349 0.089475 -0.258813 -0.242084 0.008071 0.069542 0.253264 -0.022110 0.287848 0.208776 0.116795 0.092462 0.237851 0.146975 0.229599 0.173417 0.432985 -0.257187 0.229616 0.261147 0.378028 -0.362270 0.204002 0.100234 -0.527288 -0.278958 -0.245318 0.005869 -0.222004 -0.087608 -0.184014 -0.142339 -0.312333 -0.311653 -0.309231 -0.154612 -0.294407 -0.211536 -0.305416 -0.403548 -0.368934 -0.028178 -0.215145 0.228900 -0.112081 -0.292788 0.049663 0.035521 -0.291361 -0.203353
0.007770 -0.002545 0.254486 0.287327 -0.240452 -0.232413 0.353764 0.494402 0.285579 0.408151 0.523872 1.000000 0.383966 0.663310 0.656256 0.595389 0.077665 -0.048510 -0.110269 -0.256869 -0.293679 -0.363941 0.387546 0.226445 -0.020211 -0.045228 -0.113392 -0.181673 0.190757 -0.006030 0.266972 0.186598 -0.044858 0.263388 -0.191279 0.071847 0.078660 0.171281 -0.078224 0.038141 -0.033258 0.218584 -0.210841 -0.283880 -0.414895 -0.284410 -0.202960 -0.341154 -0.218301 -0.242350 -0.110040 -0.113148 -0.205272 -0.384799 0.092849 -0.052013 -0.019076 -0.290920 -0.048060 -0.047017 0.363960 0.571433 0.160726 0.301296 0.322209 0.610609 -0.380079 -0.075234 -0.147387 -0.234255 -0.114225 0.019380 -0.017184 0.148274 0.248536 0.326504 0.263849 0.198402 -0.041058 0.055484 -0.011515 -0.145499 0.412996 -0.005395 -0.021597 0.112669 0.124192 -0.161986 0.204075 0.248972 -0.323836 -0.271988 0.082814 -0.165922 -0.314412 0.066205 -0.214955 -0.145656 -0.324456 -0.272893 -0.106149 -0.151000 -0.267818 -0.244394 -0.150930 -0.406835 -0.209058 -0.336109 -0.133016 0.006336 0.030025 -0.364186 -0.006178 -0.110625 -0.234770 -0.216735
-0.377407 -0.176468 0.240612 -0.066752 -0.006313 -0.120892 0.453024 0.446215 0.392638 0.121218 0.671931 0.383966 1.000000 0.571067 0.569452 0.363983 0.387447 -0.028883 -0.158985 -0.368606 -0.167480 -0.219624 0.001596 -0.001368 0.039728 -0.124463 -0.122982 -0.234672 0.311211 0.281429 0.473465 0.486413 0.077391 0.280155 -0.311960 -0.083181 0.014203 -0.056426 -0.001297 -0.065039 -0.043396 0.164509 -0.343241 -0.263880 -0.261334 -0.280211 -0.203672 -0.301864 -0.301817 -0.272738 -0.061849 -0.149263 -0.178061 -0.252188 0.062810 -0.128340 -0.288424 -0.238905 0.151747 0.062159 0.473765 0.405834 0.441752 0.374767 0.070798 0.234578 -0.029178 0.031680 -0.311051 -0.169938 0.018757 0.004517 0.341848 0.066382 0.267956 0.209851 0.108633 0.163367 0.327129 0.279900 0.308455 0.306397 0.150863 -0.110578 0.096040 0.251911 0.149258 -0.266691 0.010250 -0.058338 -0.496824 -0.429502 -0.207478 -0.013202 -0.198666 -0.069055 -0.114553 -0.000374 -0.216425 -0.371349 -0.183004 -0.044969 -0.008818 -0.156364 -0.156286 -0.381341 -0.200466 0.043695 -0.120839 0.201794 -0.203462 -0.247461 0.061259 -0.016646 -0.321282 -0.303168
-0.205268 -0.147604 0.209453 0.194348 -0.048575 0.040084 0.426262 0.458768 0.492589 0.455586 0.563896 0.663310 0.571067 1.000000 0.556730 0.737020 0.398840 0.118901 -0.181255 -0.295270 -0.103457 -0.182308 0.136719 0.136301 0.021782 -0.146056 -0.129854 -0.228921 0.386001 0.297876 0.385062 0.407684 -0.017879 0.231192 -0.229466 -0.096525 0.233027 0.057014 -0.015558 0.103400 0.053672 0.197184 -0.305072 -0.262876 -0.386162 -0.244077 -0.274880 -0.309737 -0.342308 -0.263430 -0.298051 -0.238307 -0.430467 -0.371542 -0.022822 0.024145 -0.162660 -0.280134 0.072747 -0.084359 0.515257 0.525985 0.397566 0.424755 0.063944 0.360937 -0.346988 -0.096872 -0.309993 -0.189693 0.200908 0.043158 0.333727 0.248986 0.414677 0.428208 0.132279 0.059461 0.144252 0.243957 0.242258 0.196670 0.137531 0.091234 -0.046417 0.227880 0.103071 -0.219822 0.199141 0.055632 -0.516241 -0.457699 -0.181913 -0.278174 -0.175328 -0.092689 -0.132542 0.001004 -0.461748 -0.450404 -0.252375 -0.188436 -0.434498 -0.292415 -0.306996 -0.398703 -0.155618 -0.255421 -0.011473 -0.003228 -0.242245 -0.492096 -0.110908 -0.143835 -0.210482 -0.250426
-0.260444 -0.241191 0.309890 0.337106 -0.053107 -0.197741 0.441479 0.505598 0.320997 0.319661 0.639702 0.656256 0.569452 0.556730 1.000000 0.523996 0.065979 -0.235042 -0.284370 -0.424703 -0.407101 -0.339397 0.503976 0.273669 0.196276 0.013734 -0.025065 -0.105093 0.371509 0.023906 0.325647 0.242351 -0.150318 0.221500 -0.241185 0.061299 0.017853 0.051971 -0.067362 0.007473 -0.035445 0.124129 -0.093109 -0.151411 -0.186520 -0.142982 -0.037971 -0.166795 -0.076750 -0.117704 0.012599 0.021555 -0.205495 -0.265688 0.307426 0.059859 -0.258474 -0.412476 -0.159242 -0.240061 0.270926 0.308398 0.072283 0.083341 0.380089 0.464593 -0.356127 -0.033583 -0.228723 -0.385449 -0.032178 0.061936 0.022250 0.039315 0.314542 0.157427 0.175011 0.066198 0.176522 0.206860 0.044143 -0.043386 0.559806 -0.024120 0.234916 0.149204 0.375800 -0.108487 0.334648 0.091086 -0.408786 -0.386792 -0.092922 -0.220867 -0.234536 -0.125254 -0.145033 -0.146266 -0.223851 -0.315870 -0.275672 -0.260730 -0.243645 -0.285530 -0.198995 -0.276500 -0.136911 -0.112675 -0.280144 -0.054278 0.076607 -0.346984 0.097990 -0.090537 -0.205585 -0.338842
-0.161859 -0.163562 0.215249 0.293133 -0.149070 -0.025720 0.319438 0.468082 0.243582 0.303156 0.286854 0.595389 0.363983 0.737020 0.523996 1.000000 0.150813 0.149748 -0.183681 -0.327831 -0.094968 -0.197619 0.243537 0.190047 -0.067229 -0.089295 -0.145367 -0.247118 0.365740 0.297257 0.246297 0.302403 -0.010559 0.174295 -0.115609 -0.060544 0.247799 0.135679 0.115046 0.267405 -0.034958 0.010511 -0.242492 -0.327487 -0.506195 -0.400152 -0.239577 -0.298083 -0.288763 -0.275875 -0.285109 -0.234915 -0.374491 -0.329034 0.003064 0.061516 -0.195848 -0.310605 0.001513 0.010168 0.345978 0.456337 0.142856 0.340180 0.101300 0.446419 -0.457584 -0.170412 -0.337656 -0.247587 0.129604 0.155725 0.205457 0.244532 0.327088 0.354848 0.190701 -0.015131 0.097400 0.232175 0.137631 0.068484 0.180152 0.291305 -0.143563 0.104202 -0.094008 -0.043058 0.182768 0.246510 -0.341792 -0.405453 -0.047247 -0.356894 -0.084187 -0.077808 -0.045973 -0.007575 -0.337500 -0.426118 -0.249517 -0.241269 -0.264454 -0.282006 -0.238283 -0.196464 0.034164 -0.244640 0.052164 -0.136957 -0.209104 -0.418885 -0.155680 -0.187900 -0.131952 -0.062598
0.039487 0.087574 -0.137501 -0.166784 0.165210 0.163876 -0.005468 -0.053961 0.191475 -0.026267 0.426810 0.077665 0.387447 0.398840 0.065979 0.150813 1.000000 0.489513 -0.023455 -0.003256 -0.106216 -0.092074 -0.247031 -0.254154 -0.111827 -0.309501 -0.131365 -0.022633 0.359004 0.398898 0.249055 0.238364 0.056667 0.097332 -0.409384 -0.224535 0.198569 0.062152 -0.226976 -0.110795 0.238015 0.382259 -0.295066 -0.080211 -0.095014 -0.193767 -0.157595 -0.357720 -0.206528 -0.169762 -0.135019 -0.164932 -0.189277 -0.234179 -0.038300 0.001459 0.154396 0.259676 0.289445 0.102242 0.329815 0.175953 0.604410 0.477731 -0.223982 -0.039901 0.022493 -0.178133 -0.165875 -0.222208 0.149348 0.072001 0.494771 0.066667 0.371648 0.317135 -0.038513 -0.018888 0.465283 0.324038 0.601589 0.611632 -0.044502 -0.094643 0.092266 0.218315 -0.017795 -0.492022 0.016146 0.096328 -0.412620 -0.358180 -0.471004 -0.164577 -0.217515 0.141778 -0.229945 -0.030247 -0.090697 -0.107175 -0.160331 -0.149659 -0.152418 -0.228897 -0.304776 -0.400268 -0.379747 -0.004240 -0.066744 0.264618 -0.472168 -0.054757 -0.104960 -0.043814 -0.146699 -0.132444
0.280197 0.115244 -0.126305 -0.244794 0.106596 0.263945 -0.077560 -0.231692 -0.222032 -0.187517 -0.072035 -0.048510 -0.028883 0.118901 -0.235042 0.149748 0.489513 1.000000 0.121757 0.054373 0.099758 -0.001114 -0.338389 -0.436994 -0.165996 -0.193163 0.006429 -0.043209 0.014301 0.484369 -0.006358 -0.085909 0.219910 0.007587 -0.081600 -0.176555 0.331063 0.211013 0.169329 0.152103 0.303125 0.340579 -0.012735 0.040794 -0.000998 -0.165200 0.010437 -0.122974 -0.050388 -0.018491 -0.293498 -0.090123 -0.020385 -0.044420 -0.069606 0.200297 0.401313 0.347344 0.178349 0.139880 0.060082 0.109418 0.224516 0.485966 -0.370050 -0.232350 -0.029265 -0.463518 0.111834 -0.190009 0.115586 0.233330 0.443450 0.263978 0.378032 0.259024 0.230817 0.102777 0.055804 0.409159 0.294760 0.361844 -0.213808 0.209583 -0.312134 -0.168792 -0.243760 -0.248976 -0.079934 0.224480 -0.190892 -0.245251 -0.304148 -0.311489 -0.242326 0.165810 -0.090909 -0.068720 0.025063 0.094427 -0.090736 -0.194620 -0.076175 -0.187985 -0.192489 -0.322493 -0.045756 -0.326571 -0.123415 0.047330 -0.341980 0.086128 -0.012722 -0.018272 -0.124811 0.029546
0.404909 0.343134 -0.109232 -0.031012 0.025393 0.137177 0.039731 -0.137253 -0.197534 -0.057756 -0.226119 -0.110269 -0.158985 -0.181255 -0.284370 -0.183681 -0.023455 0.121757 1.000000 0.415673 0.084622 0.007811 -0.252527 -0.384115 -0.028849 -0.018337 0.196570 0.179431 -0.324738 0.182846 -0.076071 -0.266182 0.529202 0.397002 0.151412 -0.031696 -0.149726 0.269662 0.034739 -0.073140 0.018125 0.169860 -0.211920 -0.143921 -0.140026 -0.091481 -0.191851 -0.120693 -0.330946 -0.202965 -0.276158 -0.289370 0.008294 -0.001374 -0.433697 -0.227312 0.459961 0.404900 0.259467 0.210798 0.111919 0.180038 0.057207 0.259849 -0.151535 -0.144583 0.308734 0.035542 0.465210 0.301440 -0.039814 -0.126850 0.029032 0.248262 0.008763 0.141100 0.273056 0.258889 -0.293314 -0.310384 -0.289292 -0.172438 -0.407565 -0.072443 -0.337303 -0.233009 -0.231112 0.050508 -0.339749 0.017058 0.034215 0.167956 -0.070050 -0.042402 -0.287862 0.191180 -0.223365 -0.294705 -0.069483 0.151604 0.113390 0.159776 0.200684 0.234455 -0.123916 0.011358 -0.036719 0.015150 -0.007861 0.171413 0.096425 0.371546 0.051969 0.177016 0.135940 -0.140461
0.216909 0.315870 -0.271593 -0.033005 0.150835 0.259003 -0.379471 -0.401717 -0.101702 -0.074406 -0.268327 -0.256869 -0.368606 -0.295270 -0.424703 -0.327831 -0.003256 0.054373 0.415673 1.000000 0.145289 0.036559 -0.242208 -0.040815 -0.152352 -0.281828 0.154702 0.045284 -0.315248 -0.115483 -0.396952 -0.346699 0.101705 0.105002 0.013853 -0.146033 -0.271170 -0.056993 -0.293271 -0.377924 -0.174012 0.002534 0.092502 0.180223 0.044678 0.115748 0.091936 0.172831 -0.111595 -0.007669 -0.218850 -0.095946 0.194614 0.198841 -0.113894 -0.110168 0.286100 0.310250 -0.099207 -0.100551 -0.222950 -0.215420 0.176260 -0.114907 -0.190623 -0.322401 0.084447 -0.087324 0.485455 0.555065 -0.132409 -0.110148 -0.233127 -0.166479 -0.340511 0.066695 -0.064260 0.059856 -0.072037 -0.205168 -0.074418 -0.036949 -0.219595 -0.217694 -0.127914 -0.030248 -0.198922 -0.071622 -0.308659 0.037895 0.363382 0.381641 0.135789 0.101153 0.037146 0.001957 -0.143307 0.031917 0.119576 0.361490 0.320136 0.176626 0.163767 0.417668 0.143174 0.250637 -0.016810 0.191161 0.067428 0.120612 0.096623 0.501448 0.142815 0.297204 0.398316 0.204528
-0.073227 -0.014973 -0.259729 -0.315461 0.004717 0.062962 -0.259461 -0.274425 -0.026598 -0.195273 -0.205123 -0.293679 -0.167480 -0.103457 -0.407101 -0.094968 -0.106216 0.099758 0.084622 0.145289 1.000000 0.418563 -0.461680 -0.153462 -0.307563 -0.216721 0.145841 -0.062048 -0.109674 0.200979 -0.292298 0.036134 0.144806 -0.267956 -0.031400 -0.245278 0.193229 -0.138039 0.401189 0.344728 -0.153778 -0.288459 -0.118160 -0.053445 -0.110060 -0.159124 -0.106457 0.042223 -0.089047 -0.028467 -0.281103 -0.182004 -0.018510 0.063533 -0.191481 0.028202 -0.089882 0.068845 0.312921 0.384059 -0.215545 -0.116005 0.025258 0.010003 -0.412597 -0.345640 0.259258 -0.100094 0.201695 0.405242 0.140613 -0.177834 0.168100 0.091166 0.066849 0.009756 -0.043357 -0.114926 -0.030169 0.045660 0.189396 0.102332 -0.485753 0.255871 -0.321576 -0.064167 -0.385718 0.219529 -0.281812 -0.152518 0.192609 0.153690 0.126457 0.194096 0.488614 -0.230350 0.490836 0.434598 0.244319 0.214853 0.280165 0.295174 0.427712 0.341265 0.258033 0.216068 0.273111 0.087353 0.242931 -0.070805 -0.135315 0.048723 0.115435 -0.027524 -0.140156 0.130649
0.117921 -0.395379 -0.207928 -0.173101 0.224086 0.378009 -0.192751 -0.391797 -0.003087 -0.071998 -0.223249 -0.363941 -0.219624 -0.182308 -0.339397 -0.197619 -0.092074 -0.001114 0.007811 0.036559 0.418563 1.000000 -0.219086 0.134941 -0.128136 0.110177 0.174087 0.214541 0.132680 0.119698 -0.146610 0.271046 -0.295043 -0.297744 -0.123070 -0.187989 0.052754 -0.515773 0.081590 -0.033062 -0.126820 -0.276648 0.153139 0.195543 0.198284 0.164860 0.082176 0.099841 0.027247 0.157848 -0.233799 -0.076370 -0.027994 -0.032827 -0.171518 0.052218 -0.157136 -0.206023 0.106233 0.050004 -0.211190 -0.292709 -0.038108 -0.227373 -0.191139 -0.365168 0.077543 -0.066652 -0.057012 0.145237 0.023513 -0.117103 0.109581 -0.236151 -0.144115 -0.272201 -0.428191 -0.491607 0.234402 -0.050333 0.224700 0.300932 -0.370591 0.393409 0.045152 0.064138 -0.282674 0.125107 -0.021566 -0.244361 0.218432 0.148429 0.180598 0.181841 0.426758 -0.164067 0.387818 0.343473 0.173728 0.203172 0.205137 0.267159 0.145746 0.382396 0.066845 0.233916 0.300095 0.167313 0.265855 -0.220939 -0.246898 0.004150 0.078564 -0.215153 0.059204 0.301554
-0.038771 -0.066187 0.634184 0.736130 -0.161261 -0.285266 0.392130 0.495510 0.006950 0.176735 0.211936 0.387546 0.001596 0.136719 0.503976 0.243537 -0.247031 -0.338389 -0.252527 -0.242208 -0.461680 -0.219086 1.000000 0.690648 0.413295 0.421067 0.052728 0.119142 0.109483 -0.342471 0.268352 0.056332 -0.320176 0.170242 0.117627 0.453514 -0.154636 0.193797 -0.149561 -0.159805 -0.006658 0.141723 -0.021893 -0.086429 -0.190997 -0.031363 -0.125791 -0.126362 0.024180 -0.173246 0.212136 0.004409 0.036094 -0.093242 0.246350 -0.222182 -0.156784 -0.315214 -0.423341 -0.489903 0.060722 0.057945 -0.385386 -0.233695 0.631401 0.455594 -0.484903 0.174146 -0.232727 -0.424141 -0.012466 0.237868 -0.354319 -0.016761 0.043326 0.051449 0.107424 0.120432 -0.238560 -0.095232 -0.333837 -0.318789 0.545073 -0.240252 0.418259 0.273019 0.377878 0.083159 0.415130 0.298778 -0.222003 0.057656 0.154369 -0.060272 -0.274732 0.144755 -0.340612 -0.315440 -0.422385 -0.219603 -0.127078 -0.364944 -0.323138 -0.265209 -0.157958 -0.071975 -0.104635 -0.031058 -0.266118 0.120935 0.250894 -0.097853 0.026896 0.054727 0.004301 -0.041041
-0.192112 -0.124736 0.383148 0.609454 -0.120453 -0.310764 0.171061 0.293048 0.096897 0.144705 0.128931 0.226445 -0.001368 0.136301 0.273669 0.190047 -0.254154 -0.436994 -0.384115 -0.040815 -0.153462 0.134941 0.690648 1.000000 0.216524 0.313312 -0.002494 0.089428 0.140459 -0.313051 0.138816 0.329395 -0.466712 0.016695 -0.025774 0.235915 -0.164896 -0.140412 -0.142553 -0.176169 -0.244265 -0.179360 -0.036365 -0.099500 -0.221804 -0.015124 -0.220778 -0.041073 -0.122480 -0.196450 -0.024519 -0.200611 -0.043659 -0.134080 0.149967 -0.351553 -0.384790 -0.422571 -0.409863 -0.431129 -0.037672 -0.145923 -0.227094 -0.356185 0.441116 0.235413 -0.418442 0.240774 -0.253876 -0.061034 0.031387 0.006877 -0.322917 -0.227760 -0.082091 -0.030540 -0.163646 -0.051383 -0.041978 -0.065216 -0.072779 -0.091830 0.338781 -0.071003 0.383780 0.420833 0.176646 0.192202 0.124609 0.209138 0.023350 0.211853 0.434373 0.121964 0.049962 -0.188930 -0.077891 -0.062271 -0.335114 -0.194743 0.214847 -0.194772 -0.127376 -0.038407 -0.021744 0.187714 0.027979 0.036237 -0.057703 -0.134773 0.124035 -0.108163 -0.133840 -0.035621 0.167882 0.194520
-0.216780 -0.353747 0.416207 0.239404 0.151461 0.101697 0.242689 0.261183 0.184894 0.244763 0.155774 -0.020211 0.039728 0.021782 0.196276 -0.067229 -0.111827 -0.165996 -0.028849 -0.152352 -0.307563 -0.128136 0.413295 0.216524 1.000000 0.592038 0.225806 0.233078 0.080427 -0.158500 0.430668 0.065521 -0.043681 0.307226 0.341345 0.480484 -0.173218 0.155845 -0.276006 -0.078279 0.196475 0.267369 -0.042152 -0.023987 -0.019448 0.087823 -0.132430 -0.074024 -0.029052 -0.168274 0.192625 -0.054399 -0.133432 -0.067578 0.120295 -0.167048 -0.063875 -0.282323 -0.256852 -0.431327 0.149191 -0.176923 -0.287865 -0.235626 0.489311 0.257865 -0.033291 0.347514 -0.170008 -0.164257 0.037634 0.381795 0.072549 0.186922 0.042275 0.073687 0.207981 0.211558 -0.144889 -0.149498 -0.283360 -0.135972 0.310673 -0.263164 0.414841 0.116114 0.367267 -0.160487 0.346526 0.146998 -0.261633 0.006739 -0.243412 -0.096514 -0.305968 0.208744 -0.280200 -0.338904 -0.323899 -0.202752 -0.369698 -0.422862 -0.374288 -0.285420 -0.283731 -0.097574 -0.235599 0.058094 -0.246552 0.107036 0.363918 -0.018496 0.036816 0.223362 -0.016117 0.177787
-0.094703 -0.233986 0.332372 0.204515 0.029264 -0.047704 0.115961 0.151842 -0.060365 -0.025370 -0.160294 -0.045228 -0.124463 -0.146056 0.013734 -0.089295 -0.309501 -0.193163 -0.018337 -0.281828 -0.216721 0.110177 0.421067 0.313312 0.592038 1.000000 0.048678 0.188283 -0.047372 -0.360159 0.279503 0.103830 -0.071820 0.201084 0.343096 0.427186 -0.064511 -0.053671 0.016917 0.003858 0.085868 -0.036120 0.098974 0.035486 -0.017129 0.036387 -0.001099 0.076412 0.116592 -0.054426 0.213073 -0.026595 -0.011023 -0.055282 -0.057976 -0.184463 -0.028367 -0.217237 -0.141734 -0.250478 -0.092715 -0.109236 -0.459253 -0.275714 0.374069 0.179683 -0.035982 0.236771 -0.174110 -0.127379 -0.023596 0.078980 -0.074652 -0.038625 -0.113111 -0.187682 0.001477 -0.044532 -0.136527 -0.181360 -0.212662 -0.164899 0.262287 0.008761 0.139577 -0.033965 0.104545 0.132911 0.057528 -0.030075 0.044351 0.091036 0.127210 -0.053776 -0.085797 0.073477 0.029002 -0.210274 -0.071941 -0.276795 -0.153660 -0.181842 -0.185539 -0.256991 -0.063846 0.026269 -0.073427 0.008211 -0.093671 -0.165499 0.195511 0.006892 -0.048744 -0.180324 0.044012 0.255913
0.084041 -0.207934 0.106465 0.301242 0.454632 0.287904 0.075405 0.075045 -0.026653 0.027683 -0.081698 -0.113392 -0.122982 -0.129854 -0.025065 -0.145367 -0.131365 0.006429 0.196570 0.154702 0.145841 0.174087 0.052728 -0.002494 0.225806 0.048678 1.000000 0.589973 -0.292216 0.053111 0.119049 -0.150136 0.144221 0.146869 0.061153 0.213946 -0.511067 0.018597 -0.144973 -0.211981 -0.085928 0.164288 -0.150423 -0.029810 -0.054481 -0.064596 -0.126932 -0.054517 -0.110683 -0.247368 0.088770 -0.171427 0.067121 -0.120386 0.006406 -0.131071 0.043580 -0.064698 -0.037371 -0.055910 -0.034782 -0.094863 -0.144865 -0.025582 0.166037 0.067193 0.240838 0.138453 0.095349 -0.011152 0.018698 0.216227 -0.075468 0.185064 0.010009 0.116764 0.062006 0.126935 -0.187399 0.046189 -0.163601 -0.077110 -0.197540 -0.152038 0.224939 0.100591 -0.071092 0.002961 0.239845 0.173503 -0.044256 -0.087157 -0.025892 -0.013778 -0.156608 0.255461 -0.054222 -0.080387 -0.067530 0.080534 0.038579 0.175138 0.155966 0.262355 -0.137526 -0.064396 0.094295 0.122637 -0.245437 0.185674 0.248556 0.267619 0.090912 0.293626 0.069203 0.012090
0.190393 -0.191623 0.072705 0.182196 0.417667 0.264507 -0.039764 -0.127222 -0.121283 0.097925 -0.077308 -0.181673 -0.234672 -0.228921 -0.105093 -0.247118 -0.022633 -0.043209 0.179431 0.045284 -0.062048 0.214541 0.119142 0.089428 0.233078 0.188283 0.589973 1.000000 -0.144260 -0.112223 0.102961 -0.184559 -0.003605 0.152205 0.172744 0.280410 -0.439344 -0.058215 -0.285440 -0.272138 -0.074459 0.108677 0.010749 -0.032834 0.031589 0.005239 -0.075804 -0.026235 -0.040047 -0.254711 0.130525 -0.156420 0.146303 -0.007420 0.052430 -0.286283 0.171713 0.003939 0.003109 -0.184155 0.114346 -0.132697 -0.235221 -0.045435 0.215876 0.002098 0.170430 0.239637 -0.053487 -0.102601 -0.043672 0.174250 -0.120484 -0.081323 -0.139947 -0.069845 -0.093276 0.021035 -0.131782 -0.130754 -0.142037 -0.049451 -0.139441 -0.188721 0.304609 0.090415 -0.090189 -0.076081 0.223419 0.194817 -0.068061 0.084704 -0.041942 0.108416 -0.116121 0.080892 -0.233355 -0.171652 -0.089422 0.063148 -0.158778 0.106343 -0.070613 0.091873 -0.156726 0.123779 -0.016235 0.231179 -0.325658 0.119840 0.147636 0.273056 -0.024634 0.173144 0.218405 0.223146
-0.074563 -0.359498 -0.083138 -0.109729 -0.159816 0.148351 0.031093 -0.018183 0.209882 0.008462 0.415650 0.190757 0.311211 0.386001 0.371509 0.365740 0.359004 0.014301 -0.324738 -0.315248 -0.109674 0.132680 0.109483 0.140459 0.080427 -0.047372 -0.292216 -0.144260 1.000000 0.373504 0.376620 0.543748 -0.369131 -0.085287 -0.296102 -0.158795 0.240064 -0.184680 -0.095673 -0.038254 0.065181 -0.044138 -0.119305 -0.140102 -0.035850 -0.049358 -0.084798 -0.264036 -0.149176 -0.048670 -0.216441 -0.129109 -0.357440 -0.222113 0.098009 0.211979 -0.220813 -0.402277 -0.002474 -0.145774 0.108693 -0.090444 0.277936 0.000630 0.010308 0.054124 -0.240740 -0.114791 -0.344215 -0.282187 0.117109 0.075112 0.539238 -0.064062 0.318463 0.138117 -0.037234 -0.217728 0.549478 0.261761 0.519097 0.545833 0.269512 0.297025 0.362407 0.323491 0.098895 -0.242321 0.244428 -0.031044 -0.394484 -0.324348 -0.190993 -0.039577 0.176500 -0.111888 0.077980 0.191159 0.009143 -0.200530 -0.202883 -0.188202 -0.303088 -0.184120 -0.159446 -0.068345 -0.198176 0.084769 0.127311 -0.111444 -0.314895 -0.366880 -0.089472 -0.286838 -0.055481 0.101566
0.121992 -0.013963 -0.117643 -0.181671 0.042540 0.164855 0.075956 -0.048541 0.019584 -0.198151 0.102746 -0.006030 0.281429 0.297876 0.023906 0.297257 0.398898 0.484369 0.182846 -0.115483 0.200979 0.119698 -0.342471 -0.313051 -0.158500 -0.360159 0.053111 -0.112223 0.373504 1.000000 0.179637 0.281578 0.178845 -0.032366 -0.353595 -0.441179 0.290047 0.139182 0.193412 0.254127 0.079572 0.055700 -0.255872 -0.174301 -0.129620 -0.233492 -0.108362 -0.179229 -0.305901 -0.108107 -0.471305 -0.217134 -0.272184 -0.081646 -0.025437 0.176731 0.108731 0.069497 0.185007 0.169757 -0.000509 -0.019366 0.292079 0.337940 -0.452522 -0.311967 0.061680 -0.399692 0.073907 -0.133697 0.309908 0.101502 0.643148 0.352246 0.521051 0.428116 0.312854 0.117006 0.178593 0.359024 0.449322 0.492456 -0.275939 0.439246 -0.160299 0.005400 -0.189649 -0.084830 -0.051181 0.031827 -0.296964 -0.347096 -0.284478 -0.223517 -0.094311 0.107472 0.044458 0.167792 0.034011 0.021816 -0.095327 0.008742 -0.034753 0.045336 -0.306939 -0.283535 0.121493 -0.122132 0.162962 -0.004868 -0.353045 -0.194172 -0.202419 -0.140339 -0.150677 -0.131833
-0.049356 -0.282617 0.538316 0.223841 0.094740 -0.018973 0.559276 0.465292 0.356995 0.210384 0.400745 0.266972 0.473465 0.385062 0.325647 0.246297 0.249055 -0.006358 -0.076071 -0.396952 -0.292298 -0.146610 0.268352 0.138816 0.430668 0.279503 0.119049 0.102961 0.376620 0.179637 1.000000 0.561819 0.098880 0.334623 0.041877 0.269961 -0.146697 0.046756 -0.094130 -0.079819 0.189259 0.317599 -0.358366 -0.320419 -0.205658 -0.216662 -0.315367 -0.417225 -0.223288 -0.341637 0.054399 -0.265003 -0.125277 -0.283744 -0.007231 -0.256027 -0.045627 -0.266411 -0.148872 -0.225062 0.352446 0.073691 0.170321 0.066471 0.250852 0.281462 -0.100892 0.179687 -0.367933 -0.415843 0.314455 0.316225 0.453883 0.200701 0.295827 0.382502 0.169029 0.295574 0.107893 0.137943 0.096518 0.189046 0.135787 -0.099221 0.357500 0.357423 0.126253 -0.218375 0.088556 0.041288 -0.549909 -0.294429 -0.205757 -0.008262 -0.404293 0.120879 -0.267974 -0.318435 -0.291171 -0.390263 -0.314001 -0.243418 -0.359177 -0.241388 -0.243270 -0.315292 -0.367193 -0.049159 -0.268642 0.129183 -0.066204 -0.160298 -0.137165 -0.007937 -0.262120 -0.066012
-0.311442 -0.360043 0.163885 0.002331 0.056681 -0.069141 0.288555 0.231087 0.322246 0.051971 0.293608 0.186598 0.486413 0.407684 0.242351 0.302403 0.238364 -0.085909 -0.266182 -0.346699 0.036134 0.271046 0.056332 0.329395 0.065521 0.103830 -0.150136 -0.184559 0.543748 0.281578 0.561819 1.000000 -0.205143 0.019117 -0.202342 -0.156345 0.075641 -0.423961 0.010063 0.077972 -0.113087 -0.107089 -0.162312 -0.105758 -0.096913 -0.095535 -0.150384 -0.184297 -0.152331 -0.081248 -0.227943 -0.131427 -0.255940 -0.229525 -0.018298 -0.003970 -0.412505 -0.493746 -0.077948 -0.070788 0.094915 -0.038038 0.351213 0.065491 0.007951 0.052301 -0.154145 -0.034914 -0.474313 -0.193930 0.190108 -0.029222 0.410279 -0.026101 0.250462 0.105061 -0.249960 -0.186772 0.466717 0.256017 0.436113 0.514488 -0.062862 0.292133 0.141741 0.348533 -0.024228 -0.110976 -0.126985 -0.191623 -0.206202 -0.280021 -0.053183 -0.024729 0.054551 -0.296610 0.126026 0.161895 -0.043333 -0.277583 -0.034550 -0.196369 -0.136623 -0.121917 -0.029919 -0.021896 -0.077093 -0.028739 0.109774 -0.246653 -0.342367 -0.378535 -0.158067 -0.316059 -0.124774 0.040496
0.085940 0.286466 -0.024052 -0.127785 -0.071483 -0.056344 0.239069 0.158121 -0.092418 -0.082630 -0.174047 -0.044858 0.077391 -0.017879 -0.150318 -0.010559 0.056667 0.219910 0.529202 0.101705 0.144806 -0.295043 -0.320176 -0.466712 -0.043681 -0.071820 0.144221 -0.003605 -0.369131 0.178845 0.098880 -0.205143 1.000000 0.385855 0.181208 -0.073650 -0.085934 0.348903 0.204959 0.190978 0.088643 0.087834 -0.226190 -0.174862 -0.215384 -0.305902 -0.182818 -0.135765 -0.206774 -0.178723 -0.015958 -0.159680 -0.069745 -0.052354 -0.249951 -0.259444 0.253606 0.384256 0.083391 0.271566 0.110798 0.186129 0.178006 0.352809 -0.095272 -0.010177 0.387299 -0.007592 0.317147 0.134073 0.277600 0.100331 0.236897 0.346134 0.119756 0.376148 0.398730 0.469115 -0.229647 -0.133685 -0.146571 -0.168980 -0.377571 -0.038919 -0.326618 -0.241286 -0.318595 0.085010 -0.356681 -0.160697 -0.092669 -0.082368 -0.046303 -0.072755 -0.285818 0.261439 -0.117359 -0.235211 -0.012298 0.057306 0.038564 0.154416 0.289312 0.162797 -0.044130 -0.290165 -0.186245 -0.236094 -0.135846 0.256919 0.029372 0.176162 0.150372 0.190077 -0.189123 -0.334947
0.016814 0.139088 0.261303 0.234188 -0.083612 0.005165 0.379007 0.405427 0.071098 0.213436 0.236645 0.263388 0.280155 0.231192 0.221500 0.174295 0.097332 0.007587 0.397002 0.105002 -0.267956 -0.297744 0.170242 0.016695 0.307226 0.201084 0.146869 0.152205 -0.085287 -0.032366 0.334623 0.019117 0.385855 1.000000 0.165488 0.281488 -0.196398 0.143766 -0.298028 -0.115819 -0.030754 0.264785 -0.437285 -0.379083 -0.454315 -0.307075 -0.463153 -0.469476 -0.471212 -0.620076 -0.014323 -0.493117 -0.044714 -0.294706 -0.134781 -0.515146 0.105727 0.125690 0.065286 -0.059114 0.485277 0.391001 0.149592 0.345917 0.394116 0.441128 0.096379 0.266823 0.004663 0.033304 -0.010711 0.118127 0.056377 0.251873 0.066141 0.323274 0.350029 0.337519 -0.100644 -0.107139 -0.134732 -0.048832 0.020945 -0.337864 0.117937 0.221853 -0.060826 -0.134012 -0.076537 0.203740 -0.448623 -0.221542 -0.199481 -0.141563 -0.381865 0.111115 -0.487763 -0.364801 -0.491305 -0.427035 -0.203055 -0.135115 -0.102371 -0.079302 -0.242531 -0.132480 -0.215367 0.011136 -0.271372 0.058186 -0.038190 0.055958 -0.127102 0.000658 -0.002506 -0.095744
0.003982 0.019944 0.339747 0.072767 -0.109784 0.008776 0.202232 0.142482 -0.009447 0.151832 -0.329437 -0.191279 -0.311960 -0.229466 -0.241185 -0.115609 -0.409384 -0.081600 0.151412 0.013853 -0.031400 -0.123070 0.117627 -0.025774 0.341345 0.343096 0.061153 0.172744 -0.296102 -0.353595 0.041877 -0.202342 0.181208 0.165488 1.000000 0.573715 -0.098810 0.163588 0.199971 0.043446 0.193742 0.100545 -0.004253 -0.161924 -0.017120 0.055288 -0.160598 -0.053007 -0.070968 -0.212396 0.089341 -0.130371 0.167741 0.167875 -0.053907 -0.158573 0.100425 0.007195 -0.129025 -0.213676 0.003775 -0.108954 -0.403223 -0.190955 0.316120 0.098139 0.104196 0.377351 -0.048333 0.016898 -0.021993 0.193092 -0.166864 0.244700 -0.217605 -0.054925 0.225702 0.268035 -0.362256 -0.355196 -0.431112 -0.418026 -0.026691 -0.253464 0.101747 -0.090038 0.080461 0.135341 0.109133 0.112836 0.082115 0.327484 0.025609 0.204341 -0.115443 0.147696 -0.224469 -0.266460 -0.216134 -0.135726 -0.033454 -0.053776 -0.044774 -0.133937 0.153985 0.180792 -0.053144 0.064139 -0.288816 0.057982 0.245979 0.254410 0.079230 0.296127 0.079031 0.130894
0.006430 -0.143108 0.461259 0.303568 -0.035118 -0.072613 0.342726 0.362547 0.002508 0.241633 0.034247 0.071847 -0.083181 -0.096525 0.061299 -0.060544 -0.224535 -0.176555 -0.031696 -0.146033 -0.245278 -0.187989 0.453514 0.235915 0.480484 0.427186 0.213946 0.280410 -0.158795 -0.441179 0.269961 -0.156345 -0.073650 0.281488 0.573715 1.000000 -0.251847 0.136680 -0.075406 -0.260835 0.188757 0.295674 -0.184146 -0.260612 -0.048851 0.109742 -0.293437 -0.288546 -0.078826 -0.292659 0.252642 -0.222274 0.092460 -0.115275 -0.133706 -0.395573 0.037824 -0.113182 -0.118783 -0.243938 0.226091 0.140104 -0.404067 -0.107555 0.597135 0.438043 -0.059882 0.588141 -0.232241 -0.100922 -0.137031 0.165465 -0.236718 0.108240 -0.151308 0.002831 0.158896 0.285438 -0.359376 -0.329676 -0.360880 -0.393733 0.242650 -0.453991 0.356086 0.137036 0.248887 -0.006563 0.341841 0.319854 -0.168101 0.097256 0.015439 0.111501 -0.240072 0.299292 -0.362513 -0.401380 -0.418630 -0.254611 -0.084355 -0.187476 -0.102320 -0.098319 -0.125376 -0.029133 -0.211706 0.189865 -0.281775 0.245693 0.368386 0.244068 0.052296 0.287029 -0.001753 0.125649
