1.000000 0.693424 0.034369 -0.214086 -0.157663 -0.045982 0.216398 -0.030767 -0.015454 0.076147 0.245592 0.330857 0.466375 0.419568 0.254353 0.264243 0.216563 0.118331 0.064743 0.303001 -0.152466 -0.055190 0.055439 -0.094935 0.024075 -0.217246 -0.082550 -0.160713 -0.016503 -0.014459 -0.044841 -0.332699 -0.213174 -0.137654 -0.309853 -0.220211 -0.218128 -0.221260 -0.256889 -0.213469 0.012021 0.076053 -0.395979 -0.431114 -0.571127 -0.628471 -0.155859 -0.412257 -0.083315 -0.310953 0.203324 0.340130 0.556403 0.360244 0.217578 -0.132938 0.464172 0.318314 0.391163 0.184266 0.152407 0.360466 -0.033348 0.156863 -0.411945 0.206835 -0.228567 -0.464803 0.170590 0.014411 0.054346 0.149507 0.155916 0.148191 0.116342 0.243569 0.044042 -0.095674 -0.051116 -0.214346 -0.035159 -0.008055 -0.255583 -0.222971 -0.101594 -0.228350 0.016536 -0.359543 0.103620 0.313364 0.203008 0.079020 -0.157482 0.039132 -0.020557 -0.020817 -0.261452 0.038958 -0.130122 0.218711 0.302924 0.115446 -0.041305 -0.018809 -0.112974 -0.229681 -0.115809 0.128349 -0.261957 -0.170675 -0.151950 0.167980 0.497442 -0.074033 -0.002729 -0.121787
0.693424 1.000000 -0.062842 -0.180693 -0.239614 -0.074709 0.003858 0.081327 -0.212980 0.050647 0.138687 0.434243 0.369095 0.398473 0.139435 0.286108 0.161618 0.262987 -0.023403 0.408303 -0.132903 0.000299 -0.046567 -0.070258 0.031925 -0.194986 0.064546 -0.020223 -0.142078 0.008360 -0.016440 -0.358384 -0.111535 -0.146863 -0.358473 -0.265335 -0.344880 -0.122325 -0.214676 -0.101727 -0.056577 0.001667 -0.468338 -0.507219 -0.598379 -0.619833 -0.263673 -0.557472 -0.219320 -0.425755 0.203204 0.312443 0.612852 0.400983 0.265193 -0.240333 0.311972 0.507373 0.354262 0.312230 0.063383 0.496658 -0.050041 0.341572 -0.391443 0.403214 -0.265063 -0.413934 0.224629 0.105255 -0.093051 0.149076 0.011391 0.101607 0.012168 0.256525 -0.054896 -0.075385 -0.130215 -0.276194 -0.033272 0.080008 -0.338138 -0.068777 -0.073617 0.058354 0.101161 -0.072817 -0.011382 0.450841 0.292135 -0.050663 -0.119728 -0.088771 -0.104524 0.129203 -0.204946 0.051864 -0.228641 0.005073 0.248045 -0.074213 0.097744 -0.167511 0.066209 -0.287086 -0.266601 -0.032308 -0.136504 -0.114861 -0.138167 0.115237 0.380607 0.057548 -0.054342 0.010204
0.034369 -0.062842 1.000000 0.361771 0.517164 0.053034 0.659873 0.053885 0.368253 -0.044666 0.280973 -0.012743 0.317141 -0.107144 0.291439 0.028987 -0.250743 -0.326161 0.499862 0.003567 0.223567 0.209349 0.507596 0.257431 0.248990 0.311990 0.148274 0.094301 -0.129071 -0.381304 0.393923 0.129578 -0.155936 0.154136 0.084656 0.077456 -0.231549 -0.225126 -0.120970 -0.177576 -0.323650 -0.062904 -0.100209 -0.149791 -0.166850 -0.119404 -0.150939 -0.010915 -0.062545 -0.081799 0.015096 0.088946 -0.027210 0.103841 -0.143517 -0.182536 -0.283197 -0.392160 0.072250 -0.149508 -0.044777 -0.210035 -0.395915 -0.488412 0.278833 0.002864 0.181898 0.344039 -0.196180 -0.155670 0.130431 -0.011336 -0.256832 -0.058339 0.210189 -0.004685 -0.095772 -0.299432 -0.010044 -0.013832 -0.457179 -0.216285 0.065027 -0.133590 0.162336 -0.129379 0.031529 -0.378727 0.085468 -0.073894 0.083744 0.358935 0.008742 0.314363 -0.051867 -0.188630 -0.093837 -0.036407 -0.260187 -0.178088 0.098483 0.123071 -0.039754 -0.043273 -0.195934 0.000835 -0.064034 0.100966 -0.014587 -0.143890 -0.007467 -0.219993 0.036237 0.025854 0.076825 0.001145
-0.214086 -0.180693 0.361771 1.000000 0.273144 0.360564 0.172958 0.194330 0.127995 0.165797 0.174511 -0.090203 -0.145025 -0.277008 0.111279 -0.071533 -0.297487 -0.416358 -0.027597 -0.073253 0.325781 0.302786 0.456918 0.652160 0.478908 0.555403 0.387938 0.367234 -0.265298 -0.415185 0.440130 0.479282 -0.148496 0.016660 0.403482 0.106585 -0.112871 -0.055638 0.071520 0.039852 -0.244570 0.060548 0.082431 0.051802 0.181093 0.140961 0.156867 0.005216 0.102437 0.106033 0.425099 0.114809 0.001941 0.166025 -0.086673 0.056195 -0.297970 -0.364127 -0.342499 -0.318657 -0.485297 -0.305947 -0.443844 -0.443146 0.447356 0.205956 -0.001667 0.104864 -0.370201 -0.316935 0.021527 -0.000893 -0.355810 -0.076203 0.104176 -0.123610 -0.101390 -0.159735 -0.104448 -0.068679 -0.419490 -0.141038 -0.068867 -0.155477 0.187896 0.132080 -0.113275 -0.279952 0.288302 -0.024552 -0.130300 -0.098150 0.149096 -0.125828 0.108572 -0.236118 0.016661 -0.032338 -0.229562 -0.191400 -0.090092 -0.285517 -0.002031 -0.268214 -0.144896 0.133732 -0.116735 0.095957 -0.128861 0.054399 0.173560 -0.127857 0.102876 0.031229 0.222522 0.062269
-0.157663 -0.239614 0.517164 0.273144 1.000000 0.213114 0.342624 -0.107062 0.592923 0.108295 0.335529 -0.212795 0.166824 -0.243843 0.381836 0.067318 -0.248976 -0.364993 0.227123 0.113669 0.188685 0.076121 0.414405 0.138931 0.119119 0.243627 0.178016 0.077857 0.066450 -0.336298 0.231377 0.238539 -0.111432 0.157336 0.100941 0.167857 -0.117701 -0.183040 -0.060328 -0.239447 -0.148298 -0.060428 0.237384 0.146479 0.184994 0.238472 0.181288 0.248856 0.069846 0.139172 -0.028508 -0.105021 -0.320626 -0.123765 -0.338392 -0.168217 -0.327185 -0.443138 -0.242810 -0.399903 -0.057796 -0.336737 -0.252452 -0.484496 0.412976 -0.135236 -0.088313 0.265315 -0.265204 -0.001870 0.146462 -0.171414 -0.274132 -0.232686 -0.088991 -0.288995 -0.175050 -0.227871 -0.029090 -0.026028 -0.256655 -0.135142 0.165301 -0.133103 0.264378 -0.026164 0.151252 -0.393666 0.129993 -0.364166 -0.187162 0.311216 0.114208 0.409884 0.105892 -0.274869 -0.017190 -0.031991 -0.094285 0.082764 -0.170894 0.140963 0.069744 0.183948 -0.183549 0.173371 -0.072731 0.049744 0.029184 -0.006831 0.006943 -0.195907 0.083305 -0.129481 0.209439 -0.061548
-0.045982 -0.074709 0.053034 0.360564 0.213114 1.000000 0.277690 0.506534 0.353207 0.703612 0.024478 0.227258 0.026526 0.209181 0.241301 0.497379 -0.269345 -0.398144 -0.201884 0.088074 0.181580 0.143759 -0.051293 0.099042 0.121597 0.153949 0.059253 0.212278 -0.097033 -0.280398 -0.096104 0.206790 -0.010713 0.217296 0.321333 0.388852 -0.206156 -0.190707 -0.085196 -0.188343 -0.246626 -0.021388 0.122493 -0.043891 0.207897 0.195831 0.016557 0.015194 -0.063800 0.101796 0.045524 -0.140642 -0.099160 0.066147 -0.419920 -0.065328 -0.123592 -0.224660 -0.232079 -0.163960 -0.168106 0.227821 -0.221878 -0.220943 0.209833 0.236428 -0.178740 0.052163 -0.183004 -0.039750 0.076860 0.098158 -0.328314 -0.214169 -0.278169 -0.088215 -0.133768 -0.106359 -0.142009 -0.103686 -0.273321 -0.103120 -0.322365 -0.094739 -0.111754 0.011248 -0.188044 -0.239436 -0.059490 -0.387735 0.123292 0.031523 0.309713 -0.069093 -0.049399 -0.319308 -0.193936 0.076486 -0.149834 -0.083079 0.079017 -0.415628 0.057406 -0.065862 0.021117 0.189165 -0.192815 -0.090318 -0.073757 -0.290230 -0.074077 -0.027352 -0.033932 -0.285988 0.046707 -0.000481
0.216398 0.003858 0.659873 0.172958 0.342624 0.277690 1.000000 0.212227 0.578340 0.325151 0.223329 0.185664 0.477932 0.178165 0.465707 0.296429 -0.213676 -0.357989 0.350600 0.202746 0.221934 0.201393 0.292258 0.103279 0.067270 0.026512 -0.049098 0.012989 0.027425 -0.364572 0.189658 -0.039867 -0.016221 0.110194 -0.098080 -0.001174 -0.143779 -0.225316 -0.213716 -0.312553 -0.177133 -0.076508 -0.041564 -0.162883 -0.175000 -0.201991 -0.068298 0.005760 -0.020340 -0.017603 -0.130568 -0.002154 -0.018354 0.076965 -0.287855 -0.204939 -0.274144 -0.381956 -0.029261 -0.212569 -0.011390 -0.075910 -0.343107 -0.330124 0.067295 -0.000727 0.007274 -0.025419 -0.042312 -0.020045 0.264050 0.195483 -0.041343 0.010021 0.132072 0.062048 0.005119 -0.184477 -0.033009 -0.131323 -0.345255 -0.250115 -0.009386 -0.020540 -0.182127 -0.177331 -0.081552 -0.332767 0.002450 -0.151492 0.223455 0.467351 0.191135 0.360313 -0.010570 -0.091406 -0.138094 -0.027227 -0.166120 -0.004108 0.119770 0.009759 0.017020 0.044085 -0.250236 -0.074840 -0.051583 0.065734 -0.020012 -0.125277 -0.210193 -0.211768 0.156757 -0.087918 0.029056 -0.146016
-0.030767 0.081327 0.053885 0.194330 -0.107062 0.506534 0.212227 1.000000 0.207349 0.599366 -0.053176 0.619382 0.239774 0.568526 0.115580 0.569481 -0.159162 -0.201529 -0.187137 0.103743 0.008964 -0.006017 -0.246530 -0.105420 -0.164371 -0.062347 -0.372216 -0.156765 -0.055526 -0.067481 -0.163426 0.081476 0.048919 0.177876 0.014915 0.204444 -0.088336 -0.106766 -0.146070 -0.093712 -0.232490 -0.094737 -0.098302 -0.224855 -0.071154 -0.100186 -0.174843 -0.177938 -0.081781 -0.132645 -0.119341 -0.137212 0.086229 -0.010306 -0.080180 0.039923 -0.103852 -0.204561 -0.004917 0.195861 0.088750 0.468755 -0.174517 0.045774 -0.034059 0.161994 -0.022389 -0.036998 -0.010971 -0.002316 0.006494 0.160044 -0.128026 0.223351 -0.028578 0.136921 0.076182 0.047247 -0.254965 -0.071831 -0.272641 -0.202360 -0.055822 0.333417 -0.263473 -0.045094 -0.134942 -0.084941 -0.067227 -0.081841 0.353101 -0.027141 0.113740 -0.138207 -0.304544 -0.044674 -0.275621 -0.217936 -0.167941 -0.120124 0.183913 -0.379996 0.156198 -0.116242 -0.155240 -0.362975 -0.153338 -0.069454 0.054931 -0.241035 -0.291691 -0.027021 -0.111827 -0.299145 -0.113370 0.077029
-0.015454 -0.212980 0.368253 0.127995 0.592923 0.353207 0.578340 0.207349 1.000000 0.499546 0.243347 -0.015742 0.267419 -0.054275 0.500316 0.303192 -0.362549 -0.495041 0.127377 0.115511 0.023129 -0.004356 0.222828 0.074265 -0.143174 -0.052625 -0.179898 -0.197602 0.051162 -0.315228 0.097001 0.157535 0.076841 0.243364 0.194164 0.233052 -0.155378 -0.161572 -0.244820 -0.263134 -0.049407 0.058235 0.161002 0.069018 0.114707 0.176369 0.109707 0.175162 -0.076971 0.099643 -0.167118 -0.174675 -0.263788 -0.124069 -0.275022 -0.130246 -0.313857 -0.382740 -0.243401 -0.367662 0.018147 -0.173326 -0.252109 -0.424401 0.352495 -0.073110 -0.264874 0.077085 -0.104994 0.077954 0.089504 -0.090721 -0.161280 -0.058042 -0.039218 -0.022608 -0.071012 -0.225003 -0.080678 -0.052292 -0.292995 -0.303142 -0.065735 -0.068264 0.083194 -0.114691 -0.056391 -0.379944 0.121687 -0.454308 -0.036902 0.404813 0.195747 0.383145 0.244039 0.044296 0.014217 -0.029752 -0.147258 0.046174 -0.122429 0.115089 -0.114759 0.049724 -0.200242 0.084804 0.051733 0.176974 0.066210 0.142859 -0.109399 -0.197524 0.051417 -0.122858 0.211188 0.102885
0.076147 0.050647 -0.044666 0.165797 0.108295 0.703612 0.325151 0.599366 0.499546 1.000000 0.156317 0.419263 0.185199 0.414010 0.420605 0.628818 -0.212321 -0.252622 -0.163156 0.224108 -0.038486 -0.056953 -0.019404 0.108851 -0.041846 -0.015703 -0.191294 0.003655 -0.193675 -0.222782 -0.090557 0.100019 -0.019271 0.119019 0.071673 0.206126 -0.138112 -0.202491 -0.339405 -0.337956 -0.183078 -0.045837 -0.018142 -0.136434 0.012822 -0.021807 0.020683 -0.048520 -0.117316 -0.085811 0.005134 -0.097664 0.060372 0.049990 -0.248703 -0.076780 -0.043170 -0.203186 -0.205346 -0.215332 -0.099087 0.220558 -0.294673 -0.168267 0.177476 0.347985 -0.340820 -0.097706 -0.078166 0.120993 0.067354 0.184552 -0.200370 0.053042 -0.148827 0.115727 0.066932 -0.028583 -0.058892 -0.075109 -0.187157 -0.101310 -0.359234 -0.000151 -0.074028 -0.013070 -0.207802 -0.218144 0.080684 -0.236134 0.282535 0.121712 0.372577 0.019994 -0.061520 -0.085876 -0.109415 -0.006236 -0.219698 0.066085 0.101717 -0.372867 0.033498 -0.101711 -0.113346 -0.083229 -0.204556 -0.014922 -0.120106 -0.087433 -0.072174 -0.048135 0.067747 -0.097253 0.006041 -0.098630
0.245592 0.138687 0.280973 0.174511 0.335529 0.024478 0.223329 -0.053176 0.243347 0.156317 1.000000 0.162795 0.383727 0.054901 0.385280 0.099855 -0.020217 -0.096286 0.216800 -0.001172 -0.062775 -0.036254 0.324685 0.256321 0.073666 0.056306 0.107444 -0.091434 -0.059351 -0.297514 0.234670 0.132878 -0.160393 -0.029077 -0.055615 0.102540 0.041514 -0.120001 -0.253664 -0.227769 -0.043621 -0.136343 -0.177007 -0.135023 -0.199024 -0.151913 -0.018991 -0.066728 -0.044022 -0.110815 0.157944 0.237320 -0.016492 0.230765 -0.033112 -0.021685 -0.198298 -0.245459 -0.184299 -0.249266 -0.171222 -0.172544 -0.268371 -0.334579 0.254012 0.193258 -0.206114 0.074467 -0.280599 -0.114351 0.069737 -0.116585 -0.065332 -0.010167 -0.075623 -0.101284 0.130769 -0.065519 -0.014894 0.068809 -0.103502 0.105494 0.115890 -0.157785 0.413578 0.125919 -0.045253 -0.305905 0.102313 -0.029644 -0.054206 0.239319 0.172820 0.220672 0.062399 -0.047553 0.175692 -0.079027 -0.167844 0.017836 0.003529 0.097758 -0.153172 -0.100652 -0.228970 -0.241432 -0.043920 0.148997 -0.023780 0.227508 0.119236 -0.146843 0.312514 -0.153700 -0.207772 -0.182359
0.330857 0.434243 -0.012743 -0.090203 -0.212795 0.227258 0.185664 0.619382 -0.015742 0.419263 0.162795 1.000000 0.469303 0.755211 0.171382 0.528585 0.009575 0.050832 -0.095141 0.132138 0.054510 -0.093396 -0.302306 -0.147786 -0.232633 -0.224766 -0.332695 -0.151526 -0.152113 -0.076580 -0.249120 -0.226375 -0.117039 -0.094738 -0.361699 -0.192914 -0.076270 -0.190714 -0.312937 -0.275343 -0.307856 -0.295948 -0.233021 -0.287949 -0.289435 -0.303008 -0.145030 -0.337365 0.026614 -0.232539 -0.003040 0.106733 0.240361 0.035328 0.118441 0.041289 0.054999 -0.103223 0.187839 0.282043 0.182827 0.509244 0.050608 0.205665 -0.257561 0.289686 -0.060202 -0.142017 0.067915 0.022209 -0.070321 0.135373 -0.056457 0.147547 -0.124519 0.035336 0.042372 -0.114007 -0.167751 -0.117017 -0.146940 -0.051165 -0.186084 0.303260 -0.148688 0.159364 0.043813 0.044082 -0.153404 0.223878 0.300726 -0.078363 0.196113 -0.115450 -0.471036 -0.048119 -0.292199 -0.184465 -0.132850 -0.060863 0.393298 -0.195550 0.223572 0.018437 -0.089805 -0.602669 -0.227044 -0.143416 -0.103933 -0.210218 -0.431937 -0.040101 0.159402 -0.183694 -0.224927 -0.114394
0.466375 0.369095 0.317141 -0.145025 0.166824 0.026526 0.477932 0.239774 0.267419 0.185199 0.383727 0.469303 1.000000 0.582697 0.497164 0.480744 -0.005882 -0.050741 0.037261 0.228703 0.058300 -0.136096 0.042730 -0.073331 -0.085791 -0.126068 -0.153510 -0.224874 0.106638 -0.056886 -0.052795 -0.276354 -0.160912 0.054174 -0.335275 -0.018281 0.046551 -0.141834 -0.112256 -0.145081 0.048270 -0.037675 -0.432101 -0.493015 -0.519851 -0.489848 -0.328921 -0.362352 -0.248357 -0.437282 -0.133890 -0.026216 0.186722 0.233686 -0.011099 -0.276700 -0.023210 -0.098266 0.270695 0.120869 0.338351 0.355269 -0.098407 0.069869 -0.198353 0.235612 -0.244019 -0.129278 0.077743 0.067293 -0.016790 0.026510 0.188767 0.242590 0.076913 0.074910 0.045645 -0.107863 -0.217078 -0.292347 -0.189480 -0.028841 -0.019585 0.234019 -0.116460 -0.079880 -0.006701 -0.173883 -0.142336 0.066929 0.259139 0.385298 0.040137 0.376067 -0.238480 -0.035598 -0.227536 -0.120023 -0.296103 0.044904 0.294920 0.143979 0.096911 0.024991 -0.383207 -0.448316 -0.076962 0.054889 0.027179 -0.243427 -0.150934 -0.150413 0.263030 -0.238792 -0.309950 -0.017642
0.419568 0.398473 -0.107144 -0.277008 -0.243843 0.209181 0.178165 0.568526 -0.054275 0.414010 0.054901 0.755211 0.582697 1.000000 0.192587 0.672127 0.168802 0.167343 -0.227453 0.248127 -0.061613 -0.145508 -0.271807 -0.245747 -0.229774 -0.288584 -0.353797 -0.146509 0.072733 0.162540 -0.212868 -0.287516 -0.152489 -0.040031 -0.346943 -0.124923 0.045123 -0.116417 -0.233454 -0.147134 -0.136090 -0.037008 -0.340215 -0.398003 -0.419183 -0.428680 -0.276991 -0.328062 -0.185805 -0.381916 -0.217177 -0.040998 0.202772 0.073845 -0.007462 -0.125679 0.241617 -0.032821 0.308674 0.387972 0.276495 0.698305 0.105849 0.279468 -0.388772 0.218918 -0.144020 -0.263919 0.251509 0.159973 0.069975 0.209364 0.131738 0.264925 0.005655 0.148988 0.111974 0.098025 -0.093965 -0.171924 -0.047554 -0.017149 -0.194609 0.323635 -0.350973 -0.116661 -0.051434 0.012426 -0.259094 0.209127 0.428242 0.052058 0.124702 0.045064 -0.401482 -0.097707 -0.385795 -0.060742 -0.177727 0.065929 0.405032 -0.114971 0.257148 0.036958 -0.249668 -0.537093 -0.032316 -0.044957 -0.028747 -0.342337 -0.304115 -0.040093 0.183124 -0.299234 -0.329016 -0.124601
0.254353 0.139435 0.291439 0.111279 0.381836 0.241301 0.465707 0.115580 0.500316 0.420605 0.385280 0.171382 0.497164 0.192587 1.000000 0.415918 -0.060484 -0.247946 0.120886 0.262108 -0.112139 -0.049582 0.356218 0.289533 0.081655 0.037165 -0.007997 -0.061357 0.027172 -0.388387 0.255159 0.056888 -0.242236 -0.076106 0.036386 0.084554 -0.239972 -0.280139 -0.100095 -0.198127 -0.035620 -0.072189 -0.292702 -0.362576 -0.323205 -0.316729 -0.142506 -0.267532 -0.292302 -0.347643 0.065115 0.108828 0.250652 0.300845 -0.129394 -0.304395 -0.204486 -0.243184 0.100344 -0.113709 0.044143 0.076911 -0.285698 -0.271982 0.205267 0.294558 -0.341140 -0.082189 -0.184405 0.058382 -0.021724 -0.022222 -0.099384 -0.062939 -0.066914 -0.089200 -0.264387 -0.217831 -0.128093 -0.363115 -0.187729 -0.011262 0.099141 -0.033397 0.190994 -0.002041 -0.114041 -0.318502 0.239886 0.004145 0.197497 0.335953 0.241822 0.466433 -0.133417 -0.173154 -0.163207 0.083641 -0.351390 -0.019883 0.235063 -0.051011 -0.071647 -0.093863 -0.184836 -0.096720 -0.203480 -0.109565 -0.090455 -0.041242 0.048518 -0.288048 0.232955 -0.273947 -0.084284 0.015051
0.264243 0.286108 0.028987 -0.071533 0.067318 0.497379 0.296429 0.569481 0.303192 0.628818 0.099855 0.528585 0.480744 0.672127 0.415918 1.000000 0.036874 -0.050027 -0.170455 0.380906 0.011571 -0.065465 -0.062826 -0.060230 -0.072356 -0.067780 -0.309714 -0.103838 0.045290 -0.020776 -0.039171 -0.080202 -0.084976 0.110821 -0.004355 0.204601 -0.066795 -0.115499 -0.245965 -0.194969 -0.031516 0.030489 -0.264741 -0.385462 -0.312307 -0.291073 -0.167818 -0.275153 -0.362420 -0.455742 -0.277562 -0.234226 0.083290 0.010953 -0.236691 -0.366179 0.074762 -0.023923 0.086486 0.071831 0.100874 0.562984 -0.144444 -0.011872 -0.150784 0.352706 -0.382929 -0.143204 0.082038 0.256157 0.171615 0.268428 -0.068831 0.126397 -0.039377 0.049993 -0.051587 -0.005202 -0.035447 -0.218727 -0.082189 0.011287 -0.264022 0.288075 -0.163387 -0.014994 -0.130153 -0.087605 -0.054444 -0.028886 0.424784 0.200789 0.270087 0.250050 -0.253623 -0.168707 -0.231613 -0.033657 -0.267997 0.045753 0.284429 -0.117972 0.159199 -0.025029 -0.226636 -0.223892 -0.089541 0.050131 0.071461 -0.357295 -0.139763 -0.156725 0.148443 -0.312282 -0.160202 -0.067336
0.216563 0.161618 -0.250743 -0.297487 -0.248976 -0.269345 -0.213676 -0.159162 -0.362549 -0.212321 -0.020217 0.009575 -0.005882 0.168802 -0.060484 0.036874 1.000000 0.703913 -0.079657 -0.028648 -0.237999 -0.359825 -0.080808 -0.287892 -0.185951 -0.283920 -0.284397 -0.360676 0.382631 0.440073 -0.001877 -0.123869 -0.063576 -0.101202 -0.241847 -0.366419 0.187990 0.185041 -0.106625 0.012230 0.241412 0.179800 0.001487 -0.034805 -0.155712 -0.258511 0.089851 -0.085273 0.024099 -0.125845 -0.062464 0.043972 0.132796 0.268803 0.127019 0.011585 0.484465 0.403155 0.098284 0.240980 0.104749 0.182646 0.244094 0.325567 -0.380768 -0.256136 -0.125586 -0.429985 0.160617 0.134161 0.124815 0.084045 0.450248 0.162763 0.104138 0.111159 -0.122135 0.015504 0.460213 0.233140 0.730795 0.706061 0.233691 0.044117 -0.085381 -0.276880 0.153392 0.026995 -0.189023 0.235667 -0.003949 -0.267145 -0.331647 -0.191022 -0.094756 0.106112 -0.002420 -0.150002 0.133615 0.207500 0.114027 0.069556 -0.156973 -0.138301 -0.260189 -0.168390 0.199672 0.006826 -0.012698 -0.109826 -0.077496 0.108542 0.246136 -0.187055 -0.014441 -0.232901
0.118331 0.262987 -0.326161 -0.416358 -0.364993 -0.398144 -0.357989 -0.201529 -0.495041 -0.252622 -0.096286 0.050832 -0.050741 0.167343 -0.247946 -0.050027 0.703913 1.000000 0.004152 -0.002878 -0.201107 -0.358572 -0.179762 -0.372747 -0.208923 -0.322035 -0.275992 -0.257222 0.213040 0.606907 -0.066716 -0.297773 0.058877 -0.101341 -0.235789 -0.376393 0.268943 0.343094 -0.000087 0.033510 0.322807 0.086784 -0.105771 -0.098916 -0.221588 -0.292152 -0.003569 -0.183027 -0.025080 -0.202856 -0.016858 0.104710 0.218523 0.280633 0.317098 -0.044625 0.450333 0.539886 0.172571 0.324973 0.121682 0.228647 0.277081 0.497246 -0.402812 -0.158996 -0.071221 -0.277214 0.115421 0.184931 0.019515 0.156169 0.416218 0.191802 0.037076 0.031149 0.047467 0.112323 0.451545 0.303161 0.589399 0.603806 0.056908 0.154030 -0.190735 -0.234174 0.284450 0.245996 -0.251427 0.444196 0.027403 -0.244992 -0.262428 -0.287540 -0.218794 0.158571 -0.014773 -0.151429 0.020032 0.059187 0.064216 0.046667 -0.145545 -0.208498 -0.078818 -0.194333 0.076900 -0.028386 0.029460 -0.092532 -0.101479 0.207336 0.022611 0.170262 -0.085846 -0.119728
0.064743 -0.023403 0.499862 -0.027597 0.227123 -0.201884 0.350600 -0.187137 0.127377 -0.163156 0.216800 -0.095141 0.037261 -0.227453 0.120886 -0.170455 -0.079657 0.004152 1.000000 0.209254 -0.064442 0.162762 0.335184 0.075997 0.018854 -0.030671 0.012798 -0.071387 0.054204 -0.115446 0.338681 -0.022631 0.065335 0.006499 -0.140033 -0.180895 -0.142650 -0.164761 -0.214996 -0.228725 0.004983 -0.063031 -0.015460 -0.104347 -0.148326 -0.225586 0.002835 0.091030 0.167755 0.032471 0.059650 0.191989 0.055363 -0.022713 0.023331 0.012211 -0.196860 -0.122136 0.046638 -0.198787 -0.003278 -0.267576 -0.192794 -0.159352 0.073210 -0.179292 0.124414 0.059972 -0.142211 -0.168546 0.330152 0.196154 0.071265 0.023142 0.206112 0.179478 0.072562 -0.096247 0.138110 -0.004469 -0.200873 -0.148390 0.128780 -0.045466 0.155799 -0.230367 -0.075819 -0.269023 0.033966 0.002196 0.099300 0.393029 -0.030481 0.160658 -0.078364 -0.051002 -0.111899 -0.180841 -0.019451 0.009221 0.167573 0.259628 0.012378 0.056896 0.102884 -0.039174 -0.105766 -0.067983 0.037334 0.038262 -0.118681 -0.122419 0.112951 0.197342 0.062434 -0.020161
0.303001 0.408303 0.003567 -0.073253 0.113669 0.088074 0.202746 0.103743 0.115511 0.224108 -0.001172 0.132138 0.228703 0.248127 0.262108 0.380906 -0.028648 -0.002878 0.209254 1.000000 -0.109094 0.148548 0.086044 0.025172 -0.034663 -0.160499 -0.021334 0.079944 0.047510 0.033832 -0.000565 -0.182630 0.137142 0.171161 -0.202663 -0.152967 -0.168964 -0.111636 -0.090216 -0.121057 0.049774 0.173187 -0.357609 -0.466342 -0.343140 -0.395140 -0.271400 -0.434483 -0.309627 -0.302306 -0.254514 -0.233210 0.140811 -0.010394 -0.305797 -0.545311 0.043109 0.171630 0.213693 0.073679 0.165033 0.340265 -0.048752 0.160723 -0.081757 0.222481 -0.193399 -0.194548 0.396132 0.539847 0.185644 0.227256 0.154503 0.265959 0.296491 0.378763 -0.066422 -0.094784 0.030171 -0.204646 -0.081519 -0.108485 -0.171568 0.021978 -0.062830 -0.137454 -0.172227 -0.195435 -0.004808 0.076405 0.313515 0.298910 0.093729 0.291287 -0.035576 -0.229304 -0.501580 0.144366 -0.269431 0.197293 0.135419 0.017852 0.458555 0.109412 -0.024192 -0.070086 -0.125683 -0.071529 -0.147066 -0.256362 -0.239252 -0.125545 0.307695 -0.102118 0.067626 0.138728
-0.152466 -0.132903 0.223567 0.325781 0.188685 0.181580 0.221934 0.008964 0.023129 -0.038486 -0.062775 0.054510 0.058300 -0.061613 -0.112139 0.011571 -0.237999 -0.201107 -0.064442 -0.109094 1.000000 0.539844 0.113253 0.064168 0.311629 0.353172 0.293898 0.355841 -0.084059 -0.252214 0.045660 0.038702 0.058136 0.114691 0.070685 0.058956 -0.083048 -0.172325 -0.119598 -0.116425 -0.372854 -0.222426 0.206868 0.191936 0.215183 0.187944 0.209937 0.208777 0.182703 0.186099 0.098070 -0.106129 -0.113852 -0.183680 -0.078806 -0.022973 -0.142412 -0.219891 -0.033185 -0.068742 -0.069129 -0.084363 -0.004744 -0.081076 0.009628 -0.022350 0.109915 0.053767 -0.083574 -0.156536 0.076883 0.097030 -0.289868 -0.276310 -0.137160 -0.228339 -0.076445 -0.112498 -0.203634 -0.158935 -0.219867 -0.042128 -0.129122 0.186775 -0.254409 0.161995 -0.104777 0.109525 -0.003002 -0.087080 -0.158810 -0.108445 0.032704 -0.136695 -0.200015 -0.258787 -0.020501 -0.034147 0.037917 -0.090039 -0.239935 -0.219848 0.153972 -0.002070 -0.042197 0.151515 -0.159906 0.123518 0.071645 -0.172702 0.010281 0.102747 -0.149885 0.061678 -0.045999 0.075788
-0.055190 0.000299 0.209349 0.302786 0.076121 0.143759 0.201393 -0.006017 -0.004356 -0.056953 -0.036254 -0.093396 -0.136096 -0.145508 -0.049582 -0.065465 -0.359825 -0.358572 0.162762 0.148548 0.539844 1.000000 0.090871 0.105710 0.412617 0.316914 0.440660 0.447249 -0.283253 -0.485275 0.093839 -0.002625 0.042388 0.133461 0.156241 0.200736 -0.426086 -0.200541 -0.088142 -0.060302 -0.461861 -0.150116 0.067507 0.018761 0.056867 0.032886 -0.014678 0.095884 -0.004006 0.016305 0.096495 0.007667 -0.002632 -0.183507 -0.259645 -0.207413 -0.235220 -0.098949 0.049617 -0.006099 -0.194799 -0.005538 -0.236616 -0.175360 0.136604 0.120702 0.243373 0.105181 0.122056 0.058929 0.106034 0.177720 -0.468128 -0.273383 -0.078504 -0.009489 -0.110140 -0.004567 -0.211126 -0.185778 -0.334253 -0.274690 -0.047381 -0.125507 -0.164233 0.020866 -0.195970 -0.050736 0.055848 -0.022282 0.162450 0.224887 0.086592 0.079200 0.036097 -0.416736 -0.054827 0.251038 0.055211 0.025635 -0.069522 -0.033963 0.243023 0.187291 0.154121 0.338769 -0.172112 0.083200 -0.125111 -0.001471 0.207424 -0.016341 0.122206 0.016724 -0.083104 0.220091
0.055439 -0.046567 0.507596 0.456918 0.414405 -0.051293 0.292258 -0.246530 0.222828 -0.019404 0.324685 -0.302306 0.042730 -0.271807 0.356218 -0.062826 -0.080808 -0.179762 0.335184 0.086044 0.113253 0.090871 1.000000 0.601661 0.480322 0.490963 0.337290 0.188124 -0.030230 -0.249110 0.736240 0.392904 -0.302300 0.040238 0.156578 0.017738 -0.130628 -0.142537 -0.146416 -0.130372 -0.092967 0.064628 -0.084259 -0.046128 -0.145774 -0.125285 0.184974 0.085441 -0.127323 -0.108312 0.240835 0.221048 0.084539 0.229898 -0.085885 -0.097009 -0.114755 -0.242771 -0.259572 -0.487677 -0.303776 -0.437980 -0.470932 -0.553708 0.453098 0.132052 -0.328258 0.015238 -0.330909 -0.200479 0.232489 0.228638 -0.154597 0.025630 0.210860 0.095645 -0.126457 -0.166237 0.141939 -0.032184 -0.205106 -0.020974 0.017288 -0.319162 0.446398 -0.093093 -0.062423 -0.424506 0.425249 0.044676 -0.108968 0.246457 -0.024269 0.346327 0.233455 -0.064851 0.111893 -0.037908 -0.442346 -0.055037 -0.233408 0.044228 -0.182540 -0.390550 -0.307167 0.100974 -0.090220 0.146756 -0.035580 0.060207 0.369830 -0.230048 0.069196 0.052963 0.296303 -0.010404
-0.094935 -0.070258 0.257431 0.652160 0.138931 0.099042 0.103279 -0.105420 0.074265 0.108851 0.256321 -0.147786 -0.073331 -0.245747 0.289533 -0.060230 -0.287892 -0.372747 0.075997 0.025172 0.064168 0.105710 0.601661 1.000000 0.547302 0.591593 0.533629 0.459514 -0.318835 -0.385961 0.615674 0.506865 -0.306110 -0.240331 0.296206 0.016933 -0.080406 -0.035284 -0.006415 -0.001785 -0.106050 0.118528 -0.209226 -0.086752 -0.094006 -0.024567 0.005012 -0.077692 -0.120996 -0.065547 0.300946 0.173084 0.038550 0.075216 -0.090665 -0.098865 -0.228726 -0.207096 -0.227997 -0.419608 -0.563446 -0.395781 -0.436871 -0.543602 0.384816 0.456615 -0.113601 0.137893 -0.290061 -0.167774 0.037950 0.006504 -0.354235 0.010831 0.131627 0.061454 -0.160987 -0.251566 0.045187 -0.125883 -0.327067 -0.130702 -0.191835 -0.258924 0.431847 0.300607 -0.114426 -0.198864 0.411352 0.077282 -0.038182 0.075525 0.320145 0.235466 0.222813 -0.097924 0.069827 0.059398 -0.419940 -0.179761 0.070459 -0.075036 -0.056773 -0.225169 -0.056250 0.091234 -0.012551 0.095207 -0.185959 0.156832 0.382253 -0.214401 0.123743 0.107845 0.127796 -0.013980
0.024075 0.031925 0.248990 0.478908 0.119119 0.121597 0.067270 -0.164371 -0.143174 -0.041846 0.073666 -0.232633 -0.085791 -0.229774 0.081655 -0.072356 -0.185951 -0.208923 0.018854 -0.034663 0.311629 0.412617 0.480322 0.547302 1.000000 0.844535 0.687486 0.581268 -0.366900 -0.490584 0.434866 0.211869 -0.136961 0.075668 0.372481 0.219364 -0.213746 -0.068030 0.141836 0.131353 -0.240137 -0.027970 -0.090987 -0.091835 -0.030912 -0.080424 0.005083 0.006114 -0.080550 -0.101181 0.355282 0.165956 0.135902 0.135494 -0.102393 -0.200791 0.053804 0.108918 -0.133570 -0.314253 -0.449273 -0.229891 -0.489605 -0.376572 0.221210 0.440688 -0.114415 -0.015080 -0.256976 -0.163722 0.070817 0.174239 -0.440054 -0.158148 -0.063125 -0.087736 -0.341608 -0.153906 -0.062811 -0.160513 -0.244666 -0.001424 -0.208644 -0.326569 0.143884 0.037146 -0.139174 -0.099541 0.377444 0.022923 -0.051583 0.054052 0.105513 0.062693 0.196200 -0.386070 0.146424 0.231180 -0.311811 -0.144621 -0.137509 -0.182458 0.015305 -0.153249 0.143622 0.246787 -0.334132 0.005874 -0.278738 -0.129796 0.502853 -0.042853 0.065513 0.081667 0.062947 0.240256
-0.217246 -0.194986 0.311990 0.555403 0.243627 0.153949 0.026512 -0.062347 -0.052625 -0.015703 0.056306 -0.224766 -0.126068 -0.288584 0.037165 -0.067780 -0.283920 -0.322035 -0.030671 -0.160499 0.353172 0.316914 0.490963 0.591593 0.844535 1.000000 0.559588 0.515140 -0.356354 -0.456459 0.506921 0.476417 -0.180019 0.097819 0.344370 0.312108 -0.096292 -0.036720 0.217033 0.208376 -0.258355 -0.013926 0.025361 0.080611 0.145045 0.159590 0.045981 0.134602 -0.094293 0.010477 0.204461 0.065387 -0.037271 -0.004363 -0.159948 -0.125617 -0.132707 -0.114094 -0.220931 -0.373612 -0.454566 -0.329055 -0.469671 -0.473904 0.271239 0.341579 -0.099323 0.197597 -0.380854 -0.172512 0.012962 0.119637 -0.511518 -0.136282 -0.104245 -0.139163 -0.280290 -0.144009 0.013064 -0.014194 -0.270060 -0.082227 -0.107523 -0.246659 0.191132 0.110816 -0.099311 -0.150827 0.379891 -0.106704 -0.157818 0.031440 0.076226 0.113012 0.145382 -0.328264 0.206274 0.070131 -0.385403 -0.176352 -0.216080 -0.166661 -0.028926 -0.152065 -0.016585 0.293815 -0.183949 0.134613 -0.088358 -0.090235 0.429952 -0.144420 -0.123657 0.015773 0.051547 0.203906
-0.082550 0.064546 0.148274 0.387938 0.178016 0.059253 -0.049098 -0.372216 -0.179898 -0.191294 0.107444 -0.332695 -0.153510 -0.353797 -0.007997 -0.309714 -0.284397 -0.275992 0.012798 -0.021334 0.293898 0.440660 0.337290 0.533629 0.687486 0.559588 1.000000 0.742194 -0.387768 -0.495819 0.249024 0.060208 -0.108144 -0.039301 0.226026 0.055262 -0.220344 -0.068990 0.099882 0.017602 -0.244287 -0.006550 -0.052701 0.010805 0.040074 0.049951 -0.020312 0.057555 0.010157 0.004294 0.334547 0.164606 -0.026649 0.005657 -0.099171 -0.054900 -0.101167 0.072975 -0.065333 -0.240681 -0.386474 -0.265737 -0.330641 -0.301797 0.268208 0.391675 0.108093 0.178487 -0.038457 -0.161692 -0.112897 -0.113058 -0.472793 -0.265580 -0.071620 -0.090034 -0.239138 -0.196757 -0.158742 -0.232530 -0.249042 -0.096160 -0.207836 -0.525126 0.271661 0.306348 0.050916 0.029438 0.276782 0.034784 -0.143678 0.032440 0.070190 0.042451 0.261841 -0.173005 0.067103 0.306818 -0.197734 -0.094367 -0.116993 -0.065081 0.022636 -0.036279 0.256914 0.329164 -0.125092 -0.095384 -0.204888 0.075522 0.426000 -0.058283 -0.029053 0.137388 0.068782 0.135200
-0.160713 -0.020223 0.094301 0.367234 0.077857 0.212278 0.012989 -0.156765 -0.197602 0.003655 -0.091434 -0.151526 -0.224874 -0.146509 -0.061357 -0.103838 -0.360676 -0.257222 -0.071387 0.079944 0.355841 0.447249 0.188124 0.459514 0.581268 0.515140 0.742194 1.000000 -0.338395 -0.433333 0.207262 0.099553 -0.096532 -0.075687 0.153948 0.033449 -0.120629 -0.076947 0.116940 -0.053598 -0.378234 -0.118474 -0.091111 -0.051971 0.041863 0.072317 -0.104104 0.022404 -0.059291 -0.017809 0.112992 0.064642 -0.075768 -0.167723 -0.275156 -0.205334 -0.127428 0.017910 0.075900 -0.124299 -0.330426 -0.035664 -0.187771 -0.211195 0.203884 0.361660 0.162477 0.193336 0.064658 0.027501 -0.062147 -0.003203 -0.467070 -0.200553 -0.146844 -0.148974 -0.150344 -0.179234 -0.053835 -0.287446 -0.298233 -0.217604 -0.282968 -0.368814 0.088794 0.198926 -0.083472 0.122681 0.165249 0.039633 0.103213 0.041988 0.259657 -0.002215 0.109062 -0.291124 -0.111308 0.268418 -0.169716 -0.125522 0.026692 -0.149834 0.264179 0.152632 0.385773 0.354919 -0.153434 -0.178053 -0.126288 -0.171631 0.264891 -0.073809 -0.139856 0.154149 0.047527 0.029836
-0.016503 -0.142078 -0.129071 -0.265298 0.066450 -0.097033 0.027425 -0.055526 0.051162 -0.193675 -0.059351 -0.152113 0.106638 0.072733 0.027172 0.045290 0.382631 0.213040 0.054204 0.047510 -0.084059 -0.283253 -0.030230 -0.318835 -0.366900 -0.356354 -0.387768 -0.338395 1.000000 0.413731 0.042225 0.169629 0.109389 0.182656 -0.100487 -0.073593 0.117501 -0.022035 0.053907 0.019103 0.335497 -0.082009 0.147211 0.046746 0.123239 0.070132 0.103998 0.144524 0.029056 0.188830 -0.344300 -0.169445 -0.159513 -0.022332 -0.068529 0.019159 -0.109694 -0.014801 -0.076333 0.145337 0.343456 0.152458 0.322667 0.240546 -0.195980 -0.453196 -0.090491 -0.248175 -0.007492 0.062347 0.070580 0.006835 0.464824 -0.112187 -0.102565 -0.125444 -0.138050 -0.018948 0.080936 0.050626 0.351211 0.268791 0.483657 0.367009 -0.177732 -0.274159 -0.040405 -0.062374 -0.353636 -0.138673 -0.068224 -0.091879 -0.344109 -0.021184 -0.071093 0.057538 -0.041492 -0.322382 0.169962 0.032053 -0.109344 0.129593 0.057494 -0.031714 -0.190795 -0.130138 0.002283 -0.122227 0.211726 -0.135050 -0.263239 0.004907 -0.040236 -0.236868 0.009953 -0.085456
-0.014459 0.008360 -0.381304 -0.415185 -0.336298 -0.280398 -0.364572 -0.067481 -0.315228 -0.222782 -0.297514 -0.076580 -0.056886 0.162540 -0.388387 -0.020776 0.440073 0.606907 -0.115446 0.033832 -0.252214 -0.485275 -0.249110 -0.385961 -0.490584 -0.456459 -0.495819 -0.433333 0.413731 1.000000 -0.165192 -0.118632 0.062552 -0.007752 -0.202653 -0.294602 0.447369 0.295511 0.132572 0.180135 0.524058 0.260817 0.007529 0.022749 -0.036630 -0.033292 0.007828 -0.068282 -0.047019 -0.020898 -0.240085 -0.194004 -0.048896 0.111730 0.159827 0.092019 0.310342 0.265353 0.031572 0.176863 0.215242 0.168469 0.441753 0.509517 -0.349827 -0.386092 -0.090176 -0.209472 0.205802 0.156713 0.104345 0.087705 0.655823 0.381041 0.315285 0.184652 0.304523 0.307007 0.254475 0.313600 0.418726 0.306622 0.089206 0.393963 -0.187937 -0.284662 0.012661 0.133323 -0.389197 0.117870 -0.079876 -0.251386 -0.320517 -0.221258 -0.092674 0.315950 -0.025790 -0.233302 0.094941 0.074973 -0.143964 0.164447 -0.094398 -0.115885 -0.224395 -0.111090 0.293002 0.165628 0.312912 -0.066816 -0.227263 0.234220 -0.088834 0.125975 -0.021647 -0.149439
-0.044841 -0.016440 0.393923 0.440130 0.231377 -0.096104 0.189658 -0.163426 0.097001 -0.090557 0.234670 -0.249120 -0.052795 -0.212868 0.255159 -0.039171 -0.001877 -0.066716 0.338681 -0.000565 0.045660 0.093839 0.736240 0.615674 0.434866 0.506921 0.249024 0.207262 0.042225 -0.165192 1.000000 0.568225 -0.261022 -0.136516 0.078089 -0.107354 -0.108138 -0.041526 -0.068533 -0.030109 0.029865 0.001293 -0.047681 0.006080 -0.110509 -0.073799 0.089719 0.083043 -0.173584 -0.058687 0.078466 0.203667 0.021182 0.154155 -0.049452 -0.105224 -0.199868 -0.125165 -0.192726 -0.301731 -0.390790 -0.306935 -0.342638 -0.361006 0.201125 0.119243 -0.224511 -0.096966 -0.317993 -0.232077 0.248148 0.142734 -0.123124 -0.076890 0.094900 -0.006718 -0.188530 -0.125664 0.233610 -0.019410 -0.156814 -0.018161 0.099059 -0.145558 0.216780 -0.093739 -0.087645 -0.353536 0.355437 0.128134 -0.041166 0.172589 0.048429 0.186923 0.207574 -0.032630 0.150238 -0.049020 -0.393514 -0.263893 -0.030405 0.052184 -0.083266 -0.326657 -0.195630 0.068992 -0.012633 0.087118 -0.039838 0.106075 0.205011 -0.202661 0.117815 0.051370 0.213058 0.049391
-0.332699 -0.358384 0.129578 0.479282 0.238539 0.206790 -0.039867 0.081476 0.157535 0.100019 0.132878 -0.226375 -0.276354 -0.287516 0.056888 -0.080202 -0.123869 -0.297773 -0.022631 -0.182630 0.038702 -0.002625 0.392904 0.506865 0.211869 0.476417 0.060208 0.099553 0.169629 -0.118632 0.568225 1.000000 -0.074477 0.085439 0.258894 0.228898 0.012811 -0.016189 0.063085 0.011419 0.020981 -0.062670 0.296883 0.345730 0.404340 0.431136 0.271602 0.321842 0.018004 0.326080 -0.027655 -0.069921 -0.260213 -0.130912 -0.199097 0.120896 -0.343115 -0.322260 -0.484803 -0.361188 -0.343416 -0.306459 -0.192954 -0.386388 0.278451 -0.021055 -0.114419 0.018161 -0.436500 -0.207486 0.079991 -0.092915 -0.230992 -0.144194 -0.170712 -0.059962 -0.126495 -0.074568 0.087292 0.201389 -0.104864 -0.072079 0.221299 -0.071197 0.201340 0.010865 -0.029513 -0.335823 0.218483 -0.262578 -0.367377 -0.165406 -0.012170 0.003958 0.266506 0.004335 0.220304 -0.229584 -0.146453 -0.186179 -0.216261 -0.113749 -0.101952 -0.239687 -0.297433 0.130468 -0.057936 0.076310 -0.053577 0.169536 0.122110 -0.068757 -0.065696 -0.072363 0.198058 0.026340
-0.213174 -0.111535 -0.155936 -0.148496 -0.111432 -0.010713 -0.016221 0.048919 0.076841 -0.019271 -0.160393 -0.117039 -0.160912 -0.152489 -0.242236 -0.084976 -0.063576 0.058877 0.065335 0.137142 0.058136 0.042388 -0.302300 -0.306110 -0.136961 -0.180019 -0.108144 -0.096532 0.109389 0.062552 -0.261022 -0.074477 1.000000 0.527107 0.026041 0.142009 0.133041 0.165016 0.004680 0.077465 0.246270 0.022850 0.296701 0.215324 0.393702 0.260029 0.092750 0.228173 0.111384 0.263658 -0.335750 -0.434583 -0.321289 -0.257607 -0.113615 0.073799 -0.067634 0.153021 -0.171016 -0.026482 0.216510 0.091407 0.273516 0.245890 -0.033262 -0.255555 0.159990 -0.214030 0.189638 -0.012430 0.127701 0.024840 0.292947 0.091194 0.066582 0.179735 0.185068 0.162116 -0.178057 0.062596 0.187220 0.030665 -0.059027 0.119498 -0.396773 -0.143563 -0.116741 0.299189 -0.336886 -0.307246 -0.270777 -0.264995 -0.207682 -0.295066 0.068262 0.247845 0.168639 -0.098913 0.312793 0.177325 -0.302318 -0.206674 0.134868 -0.092702 0.044498 -0.144213 -0.079299 -0.130849 -0.004338 0.015144 -0.257610 0.259037 -0.127540 0.279200 0.086164 0.327937
-0.137654 -0.146863 0.154136 0.016660 0.157336 0.217296 0.110194 0.177876 0.243364 0.119019 -0.029077 -0.094738 0.054174 -0.040031 -0.076106 0.110821 -0.101202 -0.101341 0.006499 0.171161 0.114691 0.133461 0.040238 -0.240331 0.075668 0.097819 -0.039301 -0.075687 0.182656 -0.007752 -0.136516 0.085439 0.527107 1.000000 0.268792 0.450708 -0.088122 -0.026541 -0.009652 0.025136 -0.039145 0.035889 0.141430 -0.014287 0.273475 0.204020 -0.136699 0.104238 -0.235592 -0.021965 -0.284673 -0.417106 -0.250215 -0.052953 -0.309120 -0.134701 -0.044171 0.125624 -0.223407 -0.104555 0.282492 0.114497 0.005152 0.013270 0.308416 -0.012467 -0.214758 0.065186 0.062740 0.155877 -0.062662 0.041949 0.012712 0.047978 -0.067011 0.111670 -0.049923 -0.046400 -0.169047 0.034738 -0.015652 -0.045371 -0.000686 -0.034974 -0.099998 -0.334511 -0.231701 -0.088160 -0.176359 -0.356464 -0.179206 -0.038206 -0.228176 -0.114876 0.133475 -0.128366 -0.039440 -0.175256 -0.151442 0.145535 -0.352187 -0.150356 0.073716 -0.193240 -0.200633 0.108926 -0.152151 0.114691 0.017800 -0.240862 -0.072596 0.112859 -0.162886 -0.000187 0.134134 0.273327
-0.309853 -0.358473 0.084656 0.403482 0.100941 0.321333 -0.098080 0.014915 0.194164 0.071673 -0.055615 -0.361699 -0.335275 -0.346943 0.036386 -0.004355 -0.241847 -0.235789 -0.140033 -0.202663 0.070685 0.156241 0.156578 0.296206 0.372481 0.344370 0.226026 0.153948 -0.100487 -0.202653 0.078089 0.258894 0.026041 0.268792 1.000000 0.603798 -0.113626 0.057766 0.291784 0.264819 -0.027859 0.233988 0.045252 0.010729 0.257751 0.272930 -0.070491 0.045750 -0.240566 -0.015906 0.151655 -0.175952 -0.120432 0.042246 -0.162440 -0.162632 -0.156329 -0.045518 -0.246651 -0.126412 -0.247617 -0.149914 -0.194027 -0.349102 0.514575 0.180918 -0.061595 0.330338 -0.282198 -0.092430 -0.060774 -0.036759 -0.374656 -0.173058 -0.080022 -0.207446 -0.203248 0.024692 -0.085609 -0.025531 -0.229339 -0.136038 -0.079165 -0.097733 0.264659 0.065294 -0.104915 0.079295 0.206849 -0.219281 -0.108031 -0.027130 0.172402 -0.034464 0.096816 -0.293992 0.065331 0.104651 -0.176624 -0.283715 -0.146630 -0.064870 -0.232847 -0.209820 0.162886 0.349808 0.053029 0.207374 0.044795 -0.015291 0.349955 -0.162132 -0.227161 -0.077586 -0.020304 0.278714
-0.220211 -0.265335 0.077456 0.106585 0.167857 0.388852 -0.001174 0.204444 0.233052 0.206126 0.102540 -0.192914 -0.018281 -0.124923 0.084554 0.204601 -0.366419 -0.376393 -0.180895 -0.152967 0.058956 0.200736 0.017738 0.016933 0.219364 0.312108 0.055262 0.033449 -0.073593 -0.294602 -0.107354 0.228898 0.142009 0.450708 0.603798 1.000000 -0.200669 -0.117188 0.077099 0.001885 -0.129896 -0.017018 0.033127 -0.009419 0.225468 0.279420 -0.157850 0.123241 -0.312939 -0.079487 -0.090263 -0.309402 -0.133284 -0.081012 -0.336847 -0.195363 -0.258845 -0.145863 -0.176602 -0.092160 0.028790 0.062454 -0.102739 -0.256339 0.416762 0.245702 -0.108147 0.378825 -0.232244 0.031645 0.036551 0.098451 -0.307213 -0.107372 -0.262008 -0.040087 -0.025857 0.234316 -0.289743 -0.109058 -0.198623 -0.262115 -0.005896 -0.057853 0.092988 0.006146 -0.168434 -0.023254 0.065845 -0.428144 0.050451 0.206749 0.184778 0.216119 0.034711 -0.247066 0.093141 0.020507 -0.123774 -0.067099 -0.150800 0.023781 -0.060633 0.044672 0.009463 0.257525 -0.133864 0.188942 0.028432 -0.108590 0.316561 -0.050297 -0.223907 -0.166297 -0.193699 0.174292
