1.000000 0.407962 0.210741 -0.282829 -0.187199 -0.423648 -0.089774 -0.410540 -0.130721 -0.493605 0.430349 -0.258213 -0.129536 -0.250582 -0.058999 -0.485978 0.144639 0.152767 0.416330 0.147987 -0.220579 -0.100175 0.081593 -0.453793 0.161486 -0.131046 -0.016265 -0.100555 0.075950 -0.077479 -0.471346 -0.523909 -0.012343 -0.233802 0.134667 0.167117 0.060197 -0.040442 0.185321 -0.081874 0.246388 0.024646 -0.296576 -0.142830 -0.250399 -0.310873 -0.392311 -0.055890 -0.173650 -0.320959 -0.142791 -0.240445 0.089152 -0.167931 0.199756 -0.276882 0.310236 0.218761 -0.002268 -0.346769 0.123112 -0.148203 0.121560 0.184321 0.245912 -0.227363 0.035758 -0.024662 0.179568 -0.025071 0.036353 -0.192782 0.011456 -0.131172 0.175874 0.221263 0.396112 0.237706 0.159995 -0.024709 0.005071 0.077301 0.367604 -0.130150 0.332909 0.114079 0.267432 0.225735 0.249185 0.066146 0.057844 0.395959 -0.184400 0.334274 0.209119 0.113276 0.011229 0.188716 -0.187725 0.218739 -0.046929 -0.041328 0.043458 -0.088086 0.235126 0.213647 0.120512 -0.065680 0.142811 0.282603 0.363417 0.124364 -0.145800 0.111244 -0.038403 0.043786
0.407962 1.000000 -0.194658 -0.413843 -0.292394 -0.276703 -0.236012 -0.397343 -0.255852 -0.319306 0.060988 -0.201116 0.120806 0.128393 -0.134032 -0.235833 0.122492 0.258904 0.056921 0.268380 -0.077251 -0.098669 -0.266186 -0.508386 -0.218219 -0.324292 -0.097816 -0.259137 0.266648 0.178536 -0.285696 -0.343139 0.285665 0.165737 0.203792 0.089480 0.160546 0.083624 0.049435 -0.058838 0.276623 0.104218 -0.110359 -0.234442 -0.146102 -0.283306 -0.129591 -0.057107 -0.174935 -0.204814 -0.251775 -0.189164 0.091872 -0.336802 0.065170 -0.198850 0.228927 0.379042 0.173125 0.034037 0.242333 0.150426 0.308636 0.334473 -0.120382 -0.255509 0.132424 -0.051494 0.493291 0.377776 0.077482 -0.055909 0.227146 0.153571 0.066291 0.283761 0.320546 0.419367 0.129314 0.351030 0.189726 0.220536 0.066593 -0.150430 -0.064144 -0.335492 0.046734 -0.147253 -0.041814 -0.143185 -0.039806 -0.110831 -0.095390 0.083202 0.290050 0.090617 -0.019132 0.312724 -0.112043 0.069433 0.105854 0.054502 0.043256 0.035187 0.205587 0.104177 -0.028363 -0.157749 0.125107 0.114517 0.336114 0.163129 -0.212347 0.082980 0.149969 0.068235
0.210741 -0.194658 1.000000 0.005816 0.430637 -0.106037 0.321951 -0.055982 0.245474 -0.076258 0.559467 -0.010234 -0.184393 -0.470265 0.563206 -0.169178 -0.442054 -0.278064 0.455125 -0.043475 0.171240 0.283015 0.721952 -0.041489 0.492470 0.306481 0.547361 0.317884 -0.270856 -0.538256 -0.242858 -0.347399 -0.362338 -0.641286 -0.048176 -0.258538 -0.149222 -0.042873 0.372902 -0.152970 0.038578 -0.090134 0.146365 0.166281 -0.081271 -0.170328 0.013518 0.129858 0.253383 -0.086853 0.443195 0.156648 0.171025 0.183664 0.503689 0.193547 -0.196633 -0.210182 -0.205405 -0.583272 -0.434413 -0.572315 -0.531292 -0.608438 0.516455 0.108363 -0.489552 -0.243829 0.109535 -0.481747 0.085424 -0.272434 -0.316949 -0.133822 0.041335 0.035946 0.213977 -0.223926 -0.011107 -0.109188 -0.494299 -0.185289 0.378967 -0.278657 0.600619 0.465593 0.164048 0.301538 0.729730 0.436740 -0.336183 0.531328 -0.036037 0.407862 -0.114766 0.023802 0.279594 -0.095998 -0.103131 -0.072116 -0.389250 -0.171790 -0.215396 -0.208080 -0.175592 -0.081789 -0.216709 -0.172071 -0.030790 0.273389 0.096523 0.136907 0.255265 0.160044 -0.221268 -0.055092
-0.282829 -0.413843 0.005816 1.000000 0.069292 0.234239 0.020946 0.398810 -0.032715 0.365724 -0.116042 0.108274 -0.315883 -0.274499 -0.134202 0.232358 -0.304734 -0.158856 0.104827 -0.072674 0.167483 -0.024753 0.200786 0.625940 0.011813 0.329285 0.005761 0.000241 -0.101739 -0.032238 0.465471 0.621471 -0.106751 0.112911 -0.134515 -0.295667 -0.184627 -0.184134 -0.298163 -0.139026 -0.465218 -0.120250 0.103658 0.084299 -0.043918 0.121800 0.143705 0.065297 0.071348 0.260403 0.192992 0.366490 -0.013709 0.366212 -0.222161 0.186697 -0.254734 -0.318000 -0.405726 -0.078476 -0.259024 -0.132963 -0.321751 -0.240903 0.036098 0.274751 -0.187799 -0.046880 -0.236802 -0.323066 0.080969 0.149910 -0.123078 -0.028118 0.045855 -0.076187 -0.241801 -0.209506 -0.113762 -0.326152 -0.051690 -0.144368 -0.154083 0.397736 -0.029050 0.249863 -0.069964 0.090144 -0.153246 0.099382 0.175324 0.034621 0.125301 -0.193039 -0.286383 -0.119955 -0.205727 -0.380286 0.023101 -0.151676 -0.059519 -0.087492 -0.161581 -0.104770 -0.007709 -0.119092 -0.241651 0.184522 -0.065033 -0.130963 -0.400246 -0.007800 0.072605 0.027647 0.017778 0.083843
-0.187199 -0.292394 0.430637 0.069292 1.000000 0.313321 0.383996 -0.051810 0.549460 0.287544 0.263594 -0.110094 0.102874 -0.179981 0.437469 0.084957 -0.251369 -0.192107 0.224290 0.391091 0.197749 0.002313 0.183758 0.147119 0.049782 0.074515 0.229352 0.144017 0.079644 -0.108144 0.026282 -0.046318 0.012993 0.027053 0.140701 0.051457 -0.110431 -0.242012 0.002921 -0.255704 -0.198889 -0.049031 -0.021303 -0.012295 0.061131 0.033105 -0.092362 -0.086700 0.000681 -0.076866 0.065491 -0.101911 -0.256852 -0.033723 -0.042715 -0.096279 -0.456122 -0.153699 -0.175360 -0.245187 -0.324338 -0.335452 -0.183496 -0.260736 0.206773 -0.180961 -0.191478 -0.108775 0.131644 -0.040205 0.161403 0.045456 0.215344 0.119680 -0.018204 0.087280 0.074000 -0.005800 -0.005440 0.085988 -0.181517 0.043938 0.098793 0.138199 0.126874 0.098724 -0.347048 0.045708 0.223289 -0.107747 -0.273737 0.340139 -0.069063 0.231479 -0.288186 -0.148066 -0.131472 -0.197907 -0.271701 -0.228342 -0.342839 -0.031202 0.031446 0.117179 -0.048828 0.013052 -0.212295 0.172890 -0.212715 0.004166 -0.198682 0.207222 0.246574 0.008591 0.073568 -0.024311
-0.423648 -0.276703 -0.106037 0.234239 0.313321 1.000000 0.026764 0.455742 0.185379 0.657797 -0.215765 0.302086 0.072483 0.211887 0.185025 0.431377 -0.231757 -0.400024 -0.271736 -0.013502 0.183295 -0.039134 -0.091953 0.448509 0.048716 0.308427 0.247743 0.300144 -0.200784 -0.029566 0.168183 0.273221 -0.110170 0.049030 -0.081044 -0.156016 -0.148546 -0.134106 -0.213510 -0.145516 -0.318096 -0.039144 0.055130 -0.071937 0.087322 0.073478 0.015523 -0.195732 0.176229 0.161155 0.146785 0.124163 0.036448 0.186960 -0.089917 0.039138 -0.155753 -0.151304 -0.225446 0.267478 -0.105484 0.177060 -0.105639 -0.157741 -0.146625 0.220563 -0.181208 0.009205 -0.233717 -0.097033 -0.006499 0.090353 -0.175630 -0.044257 -0.228958 -0.145744 -0.390962 -0.081150 -0.092334 -0.123584 -0.066235 -0.117234 -0.239125 0.050794 -0.290803 0.044139 -0.243033 -0.107365 -0.089005 0.145570 0.016026 -0.127320 0.208297 -0.243168 -0.085982 -0.266847 -0.138612 -0.138944 0.002952 -0.087902 -0.101258 -0.039950 -0.124791 -0.100277 -0.052782 -0.167773 -0.123912 -0.004954 -0.094658 -0.184032 -0.322191 -0.063871 -0.046463 -0.182902 0.024325 -0.148779
-0.089774 -0.236012 0.321951 0.020946 0.383996 0.026764 1.000000 0.377246 0.587700 0.037090 0.226334 0.127259 0.300238 0.158019 0.230566 0.042689 -0.324109 -0.583352 0.236250 0.105559 0.200947 -0.242398 0.005686 0.058112 -0.096775 -0.311298 -0.063984 -0.286076 -0.136272 -0.311599 0.035635 -0.146181 0.093530 -0.129437 0.024624 -0.219414 -0.263924 -0.403741 -0.038982 -0.312174 -0.388386 -0.361459 -0.101459 -0.164203 -0.226899 -0.183239 -0.181351 -0.102507 -0.116454 -0.142821 -0.010180 -0.064690 -0.116722 0.085804 -0.064758 -0.035192 -0.480288 -0.455748 0.084603 0.070022 0.151771 0.102042 -0.333168 -0.316754 0.472799 0.124115 0.023795 0.044893 -0.255520 -0.212480 0.090729 0.017091 -0.192073 -0.171917 -0.095615 -0.107814 -0.085323 0.008531 -0.267421 -0.234403 -0.446023 -0.375954 0.030714 -0.113285 0.077126 0.096179 -0.090265 -0.100558 0.207169 0.161230 0.235790 0.559006 0.281181 0.471528 -0.244901 0.052684 -0.217672 -0.173124 -0.007037 -0.172163 -0.102157 0.004208 0.091334 0.208196 0.053698 -0.144396 0.047517 0.044370 -0.074710 0.231065 -0.337476 -0.295874 0.132455 0.026920 -0.307316 -0.151386
-0.410540 -0.397343 -0.055982 0.398810 -0.051810 0.455742 0.377246 1.000000 0.101826 0.586383 -0.098105 0.632990 0.167947 0.353260 0.012584 0.424142 -0.315611 -0.630873 -0.303567 -0.303132 0.067522 -0.071047 -0.104274 0.647009 -0.098252 0.160504 0.009136 0.028234 -0.458609 -0.249145 0.193276 0.294625 -0.153492 -0.166977 -0.145992 -0.244583 -0.228847 -0.222477 -0.261902 -0.065364 -0.434883 -0.242501 -0.094368 -0.179534 -0.250321 -0.045933 -0.079317 -0.244610 -0.001755 0.066372 0.085698 0.212577 0.038731 0.210646 -0.131357 0.186635 -0.205950 -0.527198 -0.069011 0.413444 -0.014609 0.371203 -0.367745 -0.389998 0.106935 0.718259 -0.067117 0.287798 -0.578399 -0.446541 -0.229199 0.084939 -0.496325 -0.194012 -0.214487 -0.348592 -0.363400 -0.225582 -0.283512 -0.233963 -0.229935 -0.493151 -0.342983 -0.119516 -0.289864 0.163248 -0.215472 -0.274148 -0.202210 0.403080 0.221264 -0.015389 0.548974 -0.111770 -0.145290 -0.087572 -0.215314 -0.171131 0.053996 -0.121227 0.079967 0.123047 -0.218371 -0.003178 0.063308 -0.122278 0.020376 0.028035 -0.010856 0.146187 -0.400627 -0.391816 -0.139934 -0.319689 -0.228135 -0.192554
-0.130721 -0.255852 0.245474 -0.032715 0.549460 0.185379 0.587700 0.101826 1.000000 0.191517 0.329303 0.118736 0.288305 0.032319 0.385504 0.150778 -0.115243 -0.277588 0.236094 0.191375 0.228460 -0.320817 0.039232 0.023365 -0.015248 -0.274391 -0.177675 -0.264082 0.090296 -0.061111 0.160326 -0.047577 -0.168282 -0.015140 0.278316 -0.096123 -0.184933 -0.219355 -0.145549 -0.341218 -0.247437 -0.159532 -0.022855 0.006085 0.108637 0.125011 0.019038 -0.001212 0.064754 0.048031 -0.030044 -0.070669 -0.161529 0.043465 -0.202986 -0.072588 -0.305795 -0.229978 -0.043295 -0.162650 -0.024574 -0.103224 -0.179107 -0.191132 0.462998 -0.076621 -0.093235 -0.095010 -0.066427 -0.136737 0.083095 0.115519 0.071261 0.042127 -0.062724 0.033770 0.048567 0.004024 0.044370 -0.121333 -0.104074 -0.008641 0.165697 0.098291 -0.022774 -0.010981 -0.074983 0.071140 0.136750 -0.032808 0.008712 0.334172 -0.076220 0.264354 -0.137763 0.110594 -0.242726 -0.223470 -0.169106 -0.194242 -0.235934 -0.094063 -0.035187 0.014197 -0.112227 -0.146432 0.040216 -0.074039 -0.196108 0.130100 -0.134313 0.048651 0.210392 0.023191 -0.336454 -0.021565
-0.493605 -0.319306 -0.076258 0.365724 0.287544 0.657797 0.037090 0.586383 0.191517 1.000000 -0.140569 0.507659 0.190925 0.215911 0.112084 0.602579 -0.134134 -0.364155 -0.445558 -0.076689 0.081426 -0.119207 -0.049323 0.608417 0.045506 0.250118 0.111812 0.134567 -0.298063 -0.066846 0.172060 0.273007 -0.201561 -0.017391 0.014596 -0.070948 -0.131898 -0.069792 -0.285289 -0.165394 -0.338360 -0.109421 -0.168154 -0.211493 -0.077868 0.071828 -0.091808 -0.323770 -0.038633 0.035226 0.091423 0.059752 -0.032103 0.038197 -0.145808 -0.046110 -0.139349 -0.164350 -0.170997 0.197808 -0.179429 0.229641 -0.217064 -0.240841 0.017128 0.513520 -0.199588 0.229593 -0.215179 -0.187152 -0.210895 0.046042 -0.197706 0.007990 -0.140974 -0.221525 -0.285116 -0.179706 0.021359 0.009312 0.113597 -0.071456 -0.416911 0.057089 -0.251719 0.113679 -0.316909 -0.125860 -0.162434 0.244864 -0.017220 -0.130703 0.337948 -0.292384 -0.159634 -0.282853 -0.180660 -0.207705 -0.151335 -0.176650 -0.182465 -0.015264 -0.174343 -0.032308 0.024198 -0.026033 -0.226389 -0.040205 -0.058573 -0.077877 -0.302929 0.035648 -0.097973 -0.159381 0.001155 -0.168959
0.430349 0.060988 0.559467 -0.116042 0.263594 -0.215765 0.226334 -0.098105 0.329303 -0.140569 1.000000 0.089635 0.189120 -0.237014 0.477792 -0.100540 -0.212161 -0.073648 0.583946 -0.004385 -0.051020 -0.063112 0.239736 -0.278026 0.100760 -0.121184 0.075641 0.062004 0.076520 -0.161622 -0.449936 -0.464137 -0.273975 -0.429764 0.064517 -0.092321 -0.122869 -0.039449 0.234953 0.000076 -0.109219 -0.058193 -0.107333 0.050156 -0.156602 -0.280111 -0.031917 0.024568 0.039671 -0.139767 -0.000978 -0.052215 0.180277 0.031433 0.321127 -0.006151 -0.051817 -0.085954 0.102177 -0.451306 -0.247544 -0.404441 -0.375320 -0.329431 0.404231 -0.108221 -0.177905 -0.277684 -0.026354 -0.413003 0.200073 -0.002541 -0.201640 -0.040483 0.138858 0.196931 0.448166 0.188512 0.021065 -0.031232 -0.211741 0.097117 0.415080 0.031573 0.341021 0.270254 0.150366 0.424727 0.468273 0.243916 -0.126829 0.452149 -0.086949 0.256334 -0.080707 0.137338 0.219906 -0.075870 -0.159381 -0.094622 -0.246169 -0.100872 -0.151022 -0.260949 -0.055237 -0.022437 0.000821 -0.181564 -0.111263 0.226585 0.206765 0.013038 0.095174 0.113438 -0.402564 0.048246
-0.258213 -0.201116 -0.010234 0.108274 -0.110094 0.302086 0.127259 0.632990 0.118736 0.507659 0.089635 1.000000 0.422241 0.479338 0.214907 0.599851 -0.096113 -0.373361 -0.376410 -0.217332 0.136418 -0.146297 -0.129215 0.381159 -0.090334 0.061206 -0.145308 -0.120793 -0.080439 0.080350 0.095049 0.161488 -0.210629 -0.208114 -0.076501 -0.245870 -0.083707 -0.075485 -0.062717 -0.069710 -0.156441 -0.059427 -0.123867 -0.169395 -0.241228 -0.060989 -0.100287 -0.166517 -0.006357 -0.063339 -0.190043 -0.038616 0.170562 0.028513 0.003584 0.094354 -0.150328 -0.455119 0.115357 0.243841 0.028780 0.366107 -0.201830 -0.221850 0.128698 0.611355 -0.011782 0.120936 -0.435074 -0.352786 -0.225125 -0.012220 -0.179082 0.052926 0.053608 -0.082239 -0.004634 -0.149659 -0.121024 -0.039369 0.073176 -0.188297 -0.068137 -0.012950 -0.246275 -0.021707 0.046567 -0.114226 -0.026252 0.240186 0.110420 -0.034118 0.377713 -0.072953 0.054733 -0.060064 -0.104325 -0.207071 -0.136374 -0.040665 -0.106764 0.054478 -0.149869 -0.012693 -0.278583 -0.363109 -0.028746 -0.356922 0.073075 0.146911 -0.173999 -0.295116 -0.151530 -0.125125 -0.282879 -0.157981
-0.129536 0.120806 -0.184393 -0.315883 0.102874 0.072483 0.300238 0.167947 0.288305 0.190925 0.189120 0.422241 1.000000 0.685807 0.322450 0.468635 0.043551 -0.164197 -0.161817 0.086291 0.095300 -0.198175 -0.371548 -0.153299 -0.355919 -0.431801 -0.328282 -0.364322 0.262559 0.200006 -0.066529 -0.125586 0.231414 0.127247 -0.003091 0.029453 -0.095319 -0.145431 -0.086674 -0.043140 -0.036505 0.026964 -0.177126 -0.128540 0.078178 -0.033090 -0.141725 -0.145200 -0.105959 -0.131347 -0.562252 -0.361876 -0.208624 -0.335976 -0.083352 -0.169092 -0.080851 -0.144909 0.404021 0.197528 0.449608 0.481585 0.069133 0.071203 0.055128 0.067858 0.141563 -0.093027 -0.094797 -0.024016 0.079346 0.176610 0.206965 0.154278 -0.113789 0.006199 -0.009242 0.391998 -0.060800 0.151858 0.092014 -0.014715 -0.110114 -0.081987 -0.453955 -0.399484 -0.156210 -0.170779 -0.006732 -0.127685 0.020340 -0.004799 0.134495 0.094104 0.068555 -0.018460 -0.130345 0.147008 -0.184104 0.004902 0.005207 0.058484 0.005340 0.054316 -0.050295 -0.021660 0.161565 0.034978 -0.024415 0.129553 -0.022946 -0.143725 -0.110999 -0.182397 -0.302756 0.021684
-0.250582 0.128393 -0.470265 -0.274499 -0.179981 0.211887 0.158019 0.353260 0.032319 0.215911 -0.237014 0.479338 0.685807 1.000000 -0.007439 0.511423 0.165888 -0.133287 -0.415122 0.039521 0.093713 -0.289255 -0.542493 0.008343 -0.455766 -0.403688 -0.379132 -0.399579 0.198879 0.361947 0.079757 0.012430 0.248603 0.189092 -0.136577 -0.061175 -0.048093 -0.159068 -0.242761 -0.063309 0.041441 0.037398 -0.247664 -0.294616 -0.006520 -0.028464 -0.143880 -0.205324 -0.033585 0.008179 -0.381448 -0.157217 -0.016450 -0.234129 -0.237556 -0.123520 0.052236 -0.128155 0.450332 0.591762 0.488937 0.703405 0.266552 0.206635 -0.171384 0.175105 0.230124 0.034332 -0.155361 0.090275 -0.147259 0.045446 0.178970 0.089873 -0.132448 -0.082327 -0.134919 0.189845 -0.126078 0.061487 0.204443 -0.080598 -0.207541 -0.111983 -0.619909 -0.585549 -0.202738 -0.388048 -0.318687 -0.116883 0.185779 -0.230467 0.383151 0.018322 0.220159 0.041447 -0.230838 0.126227 -0.124498 -0.040246 0.201652 0.178575 0.126474 0.037920 0.058115 -0.137842 0.149004 -0.015379 0.025908 0.008751 -0.245771 -0.323610 -0.222934 -0.315611 -0.059189 -0.036024
-0.058999 -0.134032 0.563206 -0.134202 0.437469 0.185025 0.230566 0.012584 0.385504 0.112084 0.477792 0.214907 0.322450 -0.007439 1.000000 0.378967 -0.323812 -0.278322 0.123968 -0.053853 0.255652 0.346283 0.505354 0.035400 0.329160 0.236499 0.320320 0.277752 -0.015067 -0.188175 -0.147157 -0.158487 -0.263449 -0.339437 -0.055639 -0.171645 -0.009143 0.060519 0.303885 -0.033330 0.185861 0.026655 -0.022903 0.042266 -0.012685 -0.117329 0.042085 -0.039274 0.148349 -0.058401 0.113330 -0.046059 0.131428 -0.012458 0.382299 0.057616 -0.239416 -0.147764 -0.177181 -0.437130 -0.145459 -0.242615 -0.397464 -0.474492 0.320901 -0.018359 -0.361288 -0.367746 -0.012995 -0.483027 0.050158 -0.181708 -0.151366 0.005125 -0.201593 0.095414 0.151773 0.060842 -0.053331 0.022843 -0.362379 -0.077799 0.400894 -0.089645 0.258626 0.271432 0.010802 0.206268 0.557936 0.319875 -0.320794 0.367036 -0.055515 0.299129 -0.031366 -0.231065 0.199947 -0.050756 -0.131478 0.024021 -0.280865 -0.137020 -0.289336 -0.303647 -0.335186 -0.298049 -0.095359 -0.047986 -0.170062 0.084485 0.020567 0.029101 0.169526 -0.082389 -0.271158 0.003925
-0.485978 -0.235833 -0.169178 0.232358 0.084957 0.431377 0.042689 0.424142 0.150778 0.602579 -0.100540 0.599851 0.468635 0.511423 0.378967 1.000000 -0.080698 -0.164296 -0.420232 -0.179455 0.220934 -0.060518 0.004260 0.457879 -0.098931 0.074254 -0.089693 -0.074759 0.090989 0.306502 0.256899 0.349225 -0.121885 0.026649 -0.214468 -0.221362 -0.076884 0.108786 -0.183537 0.010245 -0.062574 0.149324 -0.127396 -0.121487 -0.022314 0.045117 0.038763 -0.164769 0.034121 0.065209 -0.141356 -0.006605 -0.010809 0.004668 -0.144622 0.075084 -0.210428 -0.261280 0.009448 0.175977 0.054673 0.346586 -0.107269 -0.151850 -0.066408 0.246677 -0.080659 -0.100369 -0.320006 -0.231160 -0.144195 0.003406 0.047982 0.189155 -0.110011 -0.100627 -0.177125 -0.058559 -0.116642 -0.028907 0.070875 -0.108033 -0.064881 0.192646 -0.368184 -0.161407 -0.167508 0.029855 -0.087704 0.105091 0.061957 -0.122704 0.304997 -0.120315 0.004420 -0.159676 -0.084487 -0.134180 -0.152054 -0.014931 -0.032203 0.052994 -0.103359 -0.150410 -0.100818 -0.273219 -0.116801 -0.040217 -0.049382 -0.108869 -0.317430 -0.068355 0.026365 -0.138719 -0.115158 -0.011527
0.144639 0.122492 -0.442054 -0.304734 -0.251369 -0.231757 -0.324109 -0.315611 -0.115243 -0.134134 -0.212161 -0.096113 0.043551 0.165888 -0.323812 -0.080698 1.000000 0.503738 -0.123802 0.152064 -0.298803 -0.286720 -0.384032 -0.245637 -0.321387 -0.276840 -0.431852 -0.198910 0.356567 0.378461 -0.233805 -0.114842 -0.076261 0.183655 0.132225 0.343357 0.271629 0.134660 -0.150177 0.065855 0.138233 0.137004 -0.160729 -0.195891 -0.109447 0.063760 -0.084203 -0.164329 -0.188800 -0.136699 -0.329579 -0.335613 0.011206 -0.239811 -0.339124 -0.329581 0.424793 0.366863 0.316724 0.191758 0.252057 0.198368 0.428522 0.453920 -0.227916 -0.179017 0.209194 0.126254 0.013320 0.296863 0.053122 0.115111 0.365844 0.133242 0.203191 0.045331 0.220046 -0.035492 0.281558 0.069312 0.573098 0.354592 -0.034933 0.094985 -0.122944 -0.302767 0.173018 0.023910 -0.309962 -0.266490 0.142549 -0.091620 -0.020769 -0.036272 0.132290 0.172171 -0.146403 0.036116 -0.161443 0.197479 0.102471 0.120853 0.353501 0.259414 0.114088 0.107095 0.199468 -0.136758 0.124640 -0.074798 0.064282 0.186819 -0.249243 -0.013162 0.246901 0.060988
0.152767 0.258904 -0.278064 -0.158856 -0.192107 -0.400024 -0.583352 -0.630873 -0.277588 -0.364155 -0.073648 -0.373361 -0.164197 -0.133287 -0.278322 -0.164296 0.503738 1.000000 0.087314 0.131153 -0.268730 -0.082148 -0.124454 -0.328971 -0.157977 -0.166501 -0.210586 -0.033455 0.518942 0.500954 -0.069270 -0.080630 0.091561 0.223666 0.022358 0.200443 0.184190 0.301734 0.003818 0.194286 0.265930 0.360484 -0.011644 0.045693 0.145087 0.126851 0.153445 0.132622 0.008016 0.012277 -0.102417 0.011356 0.041260 -0.081688 -0.082413 -0.111385 0.312645 0.432033 0.142776 -0.124816 -0.118511 -0.275298 0.486919 0.384261 -0.448930 -0.469904 0.172837 -0.114108 0.349571 0.387384 0.155950 0.016682 0.513491 0.336101 0.284571 0.156982 0.176245 0.051472 0.276567 0.331418 0.484946 0.567248 0.128225 0.287249 -0.018523 -0.252901 0.104152 0.255812 -0.255794 -0.520134 -0.135932 -0.329828 -0.299797 -0.116608 0.159745 0.213323 0.105133 0.140800 0.023164 0.114286 0.077102 0.045216 0.152811 0.086646 0.021345 0.195849 0.062537 -0.054692 0.202791 -0.062780 0.243356 0.414535 0.049213 0.137621 0.228776 0.265279
0.416330 0.056921 0.455125 0.104827 0.224290 -0.271736 0.236250 -0.303567 0.236094 -0.445558 0.583946 -0.376410 -0.161817 -0.415122 0.123968 -0.420232 -0.123802 0.087314 1.000000 0.247455 -0.009373 -0.063399 0.177693 -0.377076 -0.041386 -0.170699 -0.063025 -0.165356 0.245738 -0.135742 -0.170148 -0.272868 -0.094184 -0.149004 -0.033897 -0.206682 -0.044534 -0.291422 0.177743 -0.158217 -0.160164 -0.124362 0.122535 0.214666 -0.003523 -0.138007 0.046311 0.218591 0.148077 0.053809 0.156434 0.099369 0.036386 0.094305 0.072231 -0.005926 0.054898 0.115422 0.008092 -0.450373 -0.200817 -0.521019 -0.181323 -0.123515 0.271894 -0.345001 -0.175759 -0.414203 0.170321 -0.139149 0.503838 0.181689 0.046889 0.014352 0.270445 0.242903 0.435479 0.170826 0.111392 -0.120996 -0.163616 0.073301 0.295001 0.049211 0.254365 0.139549 0.213070 0.346381 0.334761 -0.093738 -0.083518 0.434877 -0.198578 0.318753 -0.195104 0.053625 0.133191 -0.122763 -0.139702 0.056683 -0.167061 -0.167567 -0.088428 -0.128585 -0.053920 0.088860 -0.032249 -0.035274 -0.171427 0.105853 0.052476 0.107637 0.221376 0.211075 -0.171269 0.260021
0.147987 0.268380 -0.043475 -0.072674 0.391091 -0.013502 0.105559 -0.303132 0.191375 -0.076689 -0.004385 -0.217332 0.086291 0.039521 -0.053853 -0.179455 0.152064 0.131153 0.247455 1.000000 -0.036187 -0.389215 -0.371033 -0.090311 -0.405110 -0.449466 -0.317480 -0.405987 0.471634 0.228070 -0.095725 -0.183061 0.282870 0.374397 0.157682 0.111308 -0.090835 -0.451371 -0.286308 -0.310722 -0.177374 0.003662 -0.061496 -0.236284 -0.068448 -0.049386 -0.300862 -0.063168 0.025393 -0.076767 -0.308808 -0.240380 -0.262348 -0.151484 -0.332664 -0.329080 -0.155573 0.092090 0.047173 0.024277 -0.103771 -0.155012 0.292613 0.196248 -0.137962 -0.348878 0.027989 -0.103284 0.390682 0.475738 0.322169 0.078020 0.532770 0.288502 0.125657 0.015940 0.270752 0.288866 0.255073 0.284216 0.269666 0.268595 0.077966 0.316315 -0.210019 -0.364486 -0.351542 -0.026650 -0.155481 -0.467738 0.204689 0.207249 -0.006172 0.312800 -0.034787 -0.126268 -0.273512 -0.028901 -0.308252 -0.334443 -0.130182 -0.085163 0.397283 0.286848 0.145338 0.247829 -0.191282 0.092161 -0.082991 -0.084019 -0.080072 0.105428 -0.105149 0.059952 0.343589 0.091280
-0.220579 -0.077251 0.171240 0.167483 0.197749 0.183295 0.200947 0.067522 0.228460 0.081426 -0.051020 0.136418 0.095300 0.093713 0.255652 0.220934 -0.298803 -0.268730 -0.009373 -0.036187 1.000000 0.149535 0.156852 0.017022 0.034904 0.072352 0.151433 -0.064046 0.088384 -0.127104 0.429780 0.301920 0.130991 0.124687 0.001182 -0.372240 0.008472 -0.054545 0.157057 0.000847 -0.046072 0.114056 0.095067 0.080334 0.061033 -0.042832 0.065486 0.108681 0.038767 0.060467 -0.032000 0.064305 0.007373 0.104499 0.128892 0.106784 -0.264669 -0.238788 -0.226219 -0.091800 0.060020 0.016932 -0.292357 -0.109974 0.140918 0.126370 -0.132732 -0.223693 0.097364 -0.161154 0.077486 -0.079284 0.074290 -0.093100 0.046767 0.129557 -0.013440 -0.065579 -0.125420 -0.198224 -0.087038 -0.185396 0.194279 0.161441 0.067438 -0.076600 0.042177 -0.053268 0.203827 0.115639 -0.086509 0.143132 -0.046886 0.194822 0.099478 -0.031108 0.084116 0.028924 -0.167691 -0.100823 -0.031508 -0.008488 -0.134287 -0.155296 -0.336731 -0.469208 -0.113192 -0.173244 -0.029321 0.071168 0.012097 -0.102794 0.073001 -0.008961 -0.052861 -0.126382
-0.100175 -0.098669 0.283015 -0.024753 0.002313 -0.039134 -0.242398 -0.071047 -0.320817 -0.119207 -0.063112 -0.146297 -0.198175 -0.289255 0.346283 -0.060518 -0.286720 -0.082148 -0.063399 -0.389215 0.149535 1.000000 0.516400 -0.002514 0.399807 0.608334 0.464243 0.550886 -0.334906 -0.301510 0.056087 0.165788 -0.080483 -0.078648 -0.069850 0.116607 0.233082 0.235557 0.424947 0.311301 0.417356 0.045552 0.174339 0.298486 0.109875 0.087554 0.072757 0.055102 -0.005494 -0.034419 0.315059 0.118363 -0.077557 -0.052315 0.427568 0.234733 0.045582 0.095307 -0.261255 -0.344618 -0.123024 -0.206578 -0.234817 -0.205406 0.069291 0.109529 -0.113550 0.004210 0.129743 -0.240798 -0.176101 -0.230621 -0.214649 -0.072293 -0.088437 0.075198 -0.049694 -0.112536 0.030019 0.139633 -0.237473 -0.154801 -0.051690 -0.288961 0.294587 0.450739 0.003831 -0.027179 0.376348 0.194476 -0.520344 -0.164996 -0.273369 -0.184200 -0.071169 -0.262229 0.359804 0.032712 0.128053 0.213573 0.013888 -0.135786 -0.483619 -0.324018 -0.341792 -0.033433 -0.114143 0.160379 -0.165019 -0.073913 0.162194 0.188678 0.086689 -0.077976 0.113477 0.000579
0.081593 -0.266186 0.721952 0.200786 0.183758 -0.091953 0.005686 -0.104274 0.039232 -0.049323 0.239736 -0.129215 -0.371548 -0.542493 0.505354 0.004260 -0.384032 -0.124454 0.177693 -0.371033 0.156852 0.516400 1.000000 0.115932 0.697291 0.618008 0.610638 0.480739 -0.368983 -0.414994 0.032833 0.038056 -0.394333 -0.483665 -0.081123 -0.109419 -0.020834 0.312439 0.403968 -0.013575 0.262578 0.064454 0.069101 0.176385 -0.004509 -0.126363 0.147192 0.059954 0.123956 -0.081510 0.525585 0.206099 0.216508 0.149217 0.491060 0.209341 -0.233835 -0.174652 -0.422117 -0.652234 -0.312131 -0.497515 -0.447322 -0.479740 0.436460 0.057740 -0.347695 -0.134841 0.048178 -0.504952 -0.078935 -0.248245 -0.327530 -0.111034 -0.061847 0.063404 0.023126 -0.227164 -0.079908 -0.212895 -0.464889 -0.192840 0.326584 -0.235603 0.626642 0.537401 0.252294 0.317356 0.645100 0.468581 -0.419174 0.334866 -0.138824 0.195358 -0.054260 -0.045847 0.279715 -0.113867 0.051363 0.148508 -0.244056 -0.259505 -0.305480 -0.344929 -0.167893 -0.163040 -0.242098 0.017521 0.058247 0.164410 0.089505 0.243050 0.279771 0.199945 -0.163874 0.101314
-0.453793 -0.508386 -0.041489 0.625940 0.147119 0.448509 0.058112 0.647009 0.023365 0.608417 -0.278026 0.381159 -0.153299 0.008343 0.035400 0.457879 -0.245637 -0.328971 -0.377076 -0.090311 0.017022 -0.002514 0.115932 1.000000 0.043861 0.360814 0.124292 0.167370 -0.272008 -0.053508 0.253156 0.530401 -0.186530 0.053993 -0.029965 -0.002238 -0.358203 -0.076800 -0.392528 -0.097837 -0.285486 -0.019158 -0.068325 -0.181372 -0.101708 0.158162 -0.029390 -0.194319 0.157357 0.174629 0.202122 0.284815 -0.019780 0.253003 -0.239181 0.173076 -0.259722 -0.432371 -0.282187 0.155647 -0.296963 0.057101 -0.252826 -0.378110 -0.102132 0.462208 -0.279728 0.166427 -0.305480 -0.281395 -0.274937 0.007673 -0.263232 -0.019133 -0.275671 -0.293137 -0.416607 -0.357044 -0.136997 -0.170744 -0.101524 -0.201022 -0.194508 0.220874 -0.192504 0.143200 -0.352114 -0.094925 -0.278024 0.208646 0.228741 -0.086929 0.407440 -0.173352 -0.152377 -0.231791 -0.259208 -0.258897 0.016216 -0.233680 -0.043685 0.030298 -0.121271 -0.007986 0.066331 -0.016620 -0.135498 0.114546 -0.006802 -0.119558 -0.414463 -0.100515 -0.002349 -0.201979 0.124518 -0.245964
0.161486 -0.218219 0.492470 0.011813 0.049782 0.048716 -0.096775 -0.098252 -0.015248 0.045506 0.100760 -0.090334 -0.355919 -0.455766 0.329160 -0.098931 -0.321387 -0.157977 -0.041386 -0.405110 0.034904 0.399807 0.697291 0.043861 1.000000 0.610775 0.620746 0.547231 -0.452621 -0.427904 -0.038041 -0.054940 -0.391080 -0.492001 -0.051171 -0.032003 0.029430 0.277103 0.444868 0.068151 0.275942 -0.110561 -0.004210 0.103753 0.012359 -0.059723 -0.025840 0.062343 -0.023857 -0.089868 0.367170 -0.011755 0.145605 0.077389 0.462760 0.073513 -0.107104 -0.070840 -0.467167 -0.462311 -0.171245 -0.330182 -0.312238 -0.342950 0.272068 0.112388 -0.211193 0.120030 -0.019626 -0.392273 -0.200519 -0.363660 -0.399312 -0.353662 -0.187757 -0.037785 -0.113305 -0.188451 -0.170103 -0.153859 -0.388451 -0.174319 0.251053 -0.253377 0.601939 0.569052 0.251235 0.250471 0.439709 0.445359 -0.220694 0.201833 -0.287555 0.083166 0.109561 -0.067854 0.208969 0.088068 0.074108 0.083854 -0.204736 -0.081570 -0.271253 -0.255420 -0.114445 -0.070365 -0.011967 0.030607 0.119225 0.149999 0.190061 0.023609 0.061878 0.136827 -0.082900 0.036032
-0.131046 -0.324292 0.306481 0.329285 0.074515 0.308427 -0.311298 0.160504 -0.274391 0.250118 -0.121184 0.061206 -0.431801 -0.403688 0.236499 0.074254 -0.276840 -0.166501 -0.170699 -0.449466 0.072352 0.608334 0.618008 0.360814 0.610775 1.000000 0.600022 0.773691 -0.428422 -0.302273 0.185843 0.332970 -0.386827 -0.319018 -0.176605 -0.118823 0.079975 0.333770 0.294469 0.189773 0.145083 -0.010447 0.009653 0.104887 -0.044531 -0.002866 0.056215 -0.085797 0.068389 -0.064128 0.419360 0.184768 0.202658 0.095548 0.357292 0.154343 -0.072283 -0.120528 -0.465023 -0.268519 -0.273329 -0.252730 -0.355659 -0.373599 0.058953 0.353377 -0.240151 0.128216 -0.112182 -0.406155 -0.188936 -0.198426 -0.357209 -0.141294 -0.116599 0.009459 -0.215196 -0.397373 -0.076015 0.014221 -0.251480 -0.224961 -0.066077 -0.118006 0.330113 0.572186 0.194293 -0.019682 0.273662 0.406270 -0.376041 0.017431 -0.038784 -0.162119 -0.147216 -0.277181 0.146783 -0.079310 0.028917 0.234954 -0.210899 0.005815 -0.388672 -0.265185 -0.197672 -0.160337 -0.144818 0.113988 -0.081642 -0.040110 0.067178 0.099050 0.051892 -0.081679 0.077514 -0.125788
-0.016265 -0.097816 0.547361 0.005761 0.229352 0.247743 -0.063984 0.009136 -0.177675 0.111812 0.075641 -0.145308 -0.328282 -0.379132 0.320320 -0.089693 -0.431852 -0.210586 -0.063025 -0.317480 0.151433 0.464243 0.610638 0.124292 0.620746 0.600022 1.000000 0.713868 -0.430779 -0.541429 -0.220340 -0.072796 -0.241409 -0.467460 -0.062510 -0.091347 -0.073519 0.225290 0.311114 0.061464 0.118259 -0.058414 0.145972 0.019710 -0.027985 -0.170096 0.068823 0.011539 0.136992 -0.105853 0.506037 0.190030 0.207756 0.147227 0.533868 0.147595 -0.184483 -0.074287 -0.380601 -0.297633 -0.351669 -0.351263 -0.457024 -0.467134 0.049320 0.139626 -0.411474 -0.062574 0.108745 -0.326693 0.003136 -0.291094 -0.457897 -0.271892 -0.174212 0.079426 -0.097683 -0.125200 -0.083114 -0.074010 -0.479384 -0.206194 0.044724 -0.307889 0.463934 0.441353 0.010510 0.106093 0.404972 0.525088 -0.265764 0.214384 0.072129 0.125418 -0.044976 -0.054027 0.279558 0.140889 0.173456 0.043137 -0.127585 -0.068647 -0.245610 -0.116410 0.013572 0.021946 -0.082340 0.001332 0.098660 0.060842 0.124541 0.118196 0.152386 0.139196 0.089090 -0.116388
-0.100555 -0.259137 0.317884 0.000241 0.144017 0.300144 -0.286076 0.028234 -0.264082 0.134567 0.062004 -0.120793 -0.364322 -0.399579 0.277752 -0.074759 -0.198910 -0.033455 -0.165356 -0.405987 -0.064046 0.550886 0.480739 0.167370 0.547231 0.773691 0.713868 1.000000 -0.441370 -0.357975 -0.137787 0.026234 -0.371963 -0.380758 -0.131733 0.051772 0.000944 0.373230 0.296092 0.307285 0.090148 0.038568 0.051617 0.094843 -0.022708 -0.061984 0.129151 -0.067752 0.127904 -0.102396 0.412270 0.143724 0.268946 0.103765 0.462523 0.111720 0.020483 0.032640 -0.275028 -0.184874 -0.401837 -0.373696 -0.324320 -0.383419 -0.120653 0.161136 -0.251319 0.105303 -0.097374 -0.282708 -0.083202 -0.200135 -0.448458 -0.204474 -0.205957 -0.064845 -0.231083 -0.281498 -0.050623 0.032931 -0.283937 -0.080553 -0.023134 -0.110009 0.351669 0.561450 0.062648 0.138394 0.227637 0.447260 -0.316323 -0.023641 -0.067786 -0.189121 -0.084565 -0.118112 0.246934 0.097054 0.153890 0.106054 -0.046259 0.092301 -0.246315 -0.231845 -0.083865 0.039778 -0.032817 0.099619 -0.029313 -0.030009 0.190994 0.083427 0.103879 -0.104226 0.084567 -0.165787
0.075950 0.266648 -0.270856 -0.101739 0.079644 -0.200784 -0.136272 -0.458609 0.090296 -0.298063 0.076520 -0.080439 0.262559 0.198879 -0.015067 0.090989 0.356567 0.518942 0.245738 0.471634 0.088384 -0.334906 -0.368983 -0.272008 -0.452621 -0.428422 -0.430779 -0.441370 1.000000 0.693287 0.099440 0.079926 0.240993 0.392649 0.003369 -0.056536 0.038315 -0.012720 -0.134059 0.015615 0.104596 0.343100 -0.107970 -0.105964 0.046923 -0.024775 0.069511 0.052298 0.000241 0.005956 -0.388044 -0.203954 0.000453 -0.052875 -0.240841 -0.229686 0.014819 0.193959 0.187644 -0.066590 0.136581 -0.101639 0.360092 0.359397 -0.268380 -0.530748 0.103899 -0.429287 0.291782 0.298443 0.372638 0.129439 0.728941 0.448473 0.316426 0.386848 0.374842 0.288373 0.261667 0.371769 0.481139 0.582982 0.352314 0.526561 -0.275464 -0.543853 0.021647 0.170247 -0.204933 -0.578406 0.079632 0.000237 -0.133082 0.142284 0.058688 0.198638 -0.023420 0.018903 -0.161900 -0.106781 -0.112985 0.018971 0.237653 0.111588 -0.114114 -0.164392 0.043274 -0.148843 -0.091587 -0.174441 0.014334 0.002771 0.018248 0.136819 -0.008021 0.202929
-0.077479 0.178536 -0.538256 -0.032238 -0.108144 -0.029566 -0.311599 -0.249145 -0.061111 -0.066846 -0.161622 0.080350 0.200006 0.361947 -0.188175 0.306502 0.378461 0.500954 -0.135742 0.228070 -0.127104 -0.301510 -0.414994 -0.053508 -0.427904 -0.302273 -0.541429 -0.357975 0.693287 1.000000 0.235130 0.212196 0.174139 0.460216 -0.151086 0.100446 0.155078 0.212560 -0.226724 0.134724 0.180598 0.482661 -0.224393 -0.118792 0.069409 0.131078 0.060047 -0.070171 -0.168401 0.020053 -0.436232 -0.235550 0.034214 -0.165690 -0.316888 -0.118762 0.069857 0.170899 0.182474 0.090408 0.085343 0.135060 0.545181 0.405310 -0.355492 -0.379228 0.164494 -0.217558 0.079723 0.341823 0.026348 0.116719 0.633070 0.488528 0.090933 0.168518 0.164796 0.150319 0.181372 0.261094 0.539319 0.570697 0.185388 0.556193 -0.421304 -0.500595 -0.052001 0.160532 -0.323693 -0.497566 0.097470 -0.284610 0.000672 -0.181127 0.250398 0.229708 -0.082759 0.005642 -0.153261 -0.091462 0.088402 0.062777 0.269561 0.025566 -0.043074 -0.192231 -0.009835 -0.147970 -0.085261 -0.239573 -0.047715 0.085569 0.045488 0.089905 0.058166 0.199046
-0.471346 -0.285696 -0.242858 0.465471 0.026282 0.168183 0.035635 0.193276 0.160326 0.172060 -0.449936 0.095049 -0.066529 0.079757 -0.147157 0.256899 -0.233805 -0.069270 -0.170148 -0.095725 0.429780 0.056087 0.032833 0.253156 -0.038041 0.185843 -0.220340 -0.137787 0.099440 0.235130 1.000000 0.727230 0.237279 0.389525 -0.008244 -0.248101 0.042106 -0.005685 -0.110778 -0.041232 -0.128334 0.052913 -0.003730 0.126491 0.150026 0.231206 0.077417 -0.005459 -0.017790 0.184800 0.062217 0.177850 -0.079027 0.120502 -0.226127 -0.004086 -0.260554 -0.225833 -0.249023 0.063537 0.098288 0.135989 -0.034508 0.072219 0.039497 0.185362 0.169312 0.084143 -0.006308 0.053769 -0.092476 0.134271 0.210010 0.140366 0.049184 0.063170 -0.208507 -0.158798 -0.088496 -0.008042 0.114790 -0.141442 -0.119727 0.286443 -0.215946 -0.037175 -0.048101 -0.198488 -0.168906 -0.181288 -0.151649 -0.230588 -0.086588 -0.157356 -0.090942 -0.060730 -0.182459 -0.212962 -0.082146 -0.101420 -0.086908 -0.054198 -0.184004 -0.145693 -0.303318 -0.292999 -0.165119 0.164830 -0.162392 -0.048253 -0.212684 -0.072504 0.136411 0.000125 -0.140234 0.097307
-0.523909 -0.343139 -0.347399 0.621471 -0.046318 0.273221 -0.146181 0.294625 -0.047577 0.273007 -0.464137 0.161488 -0.125586 0.012430 -0.158487 0.349225 -0.114842 -0.080630 -0.272868 -0.183061 0.301920 0.165788 0.038056 0.530401 -0.054940 0.332970 -0.072796 0.026234 0.079926 0.212196 0.727230 1.000000 0.073883 0.476005 0.068723 -0.119392 0.014978 0.016852 -0.184071 0.029810 -0.157551 0.105999 0.086150 0.066883 0.134741 0.275823 0.151433 -0.073596 -0.074187 0.151150 0.051131 0.121635 -0.093009 0.100510 -0.312386 0.040740 -0.214350 -0.236619 -0.331459 0.061328 0.002718 0.130566 -0.076646 0.033172 -0.177642 0.222724 0.091326 0.111591 -0.142633 -0.128834 -0.026388 0.207651 0.113631 0.131406 -0.061627 0.027186 -0.322817 -0.106247 -0.002086 -0.096708 0.162438 -0.070619 -0.232395 0.428767 -0.249398 0.004010 -0.136535 -0.132609 -0.336221 -0.135438 0.048713 -0.267202 -0.023056 -0.287296 -0.243539 -0.132745 -0.219304 -0.321879 0.042183 -0.121282 0.058028 0.009607 -0.226390 -0.115712 -0.211609 -0.262558 -0.109983 0.237518 -0.180764 -0.175907 -0.262208 -0.030538 -0.011828 0.007940 0.025945 -0.016110
-0.012343 0.285665 -0.362338 -0.106751 0.012993 -0.110170 0.093530 -0.153492 -0.168282 -0.201561 -0.273975 -0.210629 0.231414 0.248603 -0.263449 -0.121885 -0.076261 0.091561 -0.094184 0.282870 0.130991 -0.080483 -0.394333 -0.186530 -0.391080 -0.386827 -0.241409 -0.371963 0.240993 0.174139 0.237279 0.073883 1.000000 0.550592 0.103076 0.090429 0.080339 -0.223275 -0.067225 -0.040122 0.015000 0.069924 -0.066525 -0.097437 0.061271 -0.057810 -0.163255 -0.120405 -0.195614 -0.039123 -0.249631 -0.052492 -0.210995 -0.169763 -0.204586 -0.216903 -0.099354 0.035921 0.111851 0.259283 0.367736 0.289984 0.288404 0.376997 -0.148620 -0.203997 0.430598 0.047529 0.338572 0.506890 -0.007944 0.107223 0.356562 0.139827 -0.006057 0.163254 0.013264 0.405018 -0.106323 0.208912 0.108967 0.063083 -0.185873 0.046842 -0.280799 -0.368366 -0.348829 -0.396217 -0.279799 -0.436097 -0.025854 -0.189257 -0.036762 0.034344 0.003385 -0.151062 -0.065333 0.135129 0.058610 -0.084193 0.103250 0.028671 0.128574 0.225361 0.048773 0.079218 0.028542 0.266141 0.014409 -0.080288 -0.067650 -0.050271 -0.089446 0.038305 0.070138 0.146247
-0.233802 0.165737 -0.641286 0.112911 0.027053 0.049030 -0.129437 -0.166977 -0.015140 -0.017391 -0.429764 -0.208114 0.127247 0.189092 -0.339437 0.026649 0.183655 0.223666 -0.149004 0.374397 0.124687 -0.078648 -0.483665 0.053993 -0.492001 -0.319018 -0.467460 -0.380758 0.392649 0.460216 0.389525 0.476005 0.550592 1.000000 0.296795 0.355729 0.042384 -0.196776 -0.303296 0.004865 -0.047415 0.095314 -0.042249 -0.114960 0.163675 0.220692 -0.080152 -0.111439 -0.274758 0.049366 -0.331145 -0.250657 -0.390466 -0.226283 -0.580363 -0.248197 -0.008892 0.213046 0.027812 0.231141 0.265523 0.288869 0.475830 0.507979 -0.280788 -0.216774 0.375296 0.129380 0.292874 0.577605 0.021954 0.244611 0.508391 0.194664 -0.049399 -0.049165 -0.150442 0.326324 0.127265 0.227143 0.446309 0.280125 -0.292592 0.363912 -0.470331 -0.401563 -0.340901 -0.313350 -0.507090 -0.649847 0.048905 -0.386402 -0.235622 -0.233903 -0.051850 -0.221907 -0.204279 -0.102369 -0.056992 -0.218394 0.080653 0.011261 0.058497 0.210424 0.044002 0.024807 -0.025732 0.265425 -0.159175 -0.282947 -0.105329 0.083919 -0.133890 -0.040401 0.332965 0.077394
0.134667 0.203792 -0.048176 -0.134515 0.140701 -0.081044 0.024624 -0.145992 0.278316 0.014596 0.064517 -0.076501 -0.003091 -0.136577 -0.055639 -0.214468 0.132225 0.022358 -0.033897 0.157682 0.001182 -0.069850 -0.081123 -0.029965 -0.051171 -0.176605 -0.062510 -0.131733 0.003369 -0.151086 -0.008244 0.068723 0.103076 0.296795 1.000000 0.450250 -0.016524 -0.062543 -0.069745 -0.213947 -0.104123 -0.103287 -0.056508 -0.227141 -0.041781 0.098646 -0.296589 -0.273596 -0.233716 -0.165214 0.027569 -0.149519 -0.203889 -0.106183 -0.167791 -0.355052 0.065865 0.079519 -0.097425 -0.074890 0.014829 0.021859 -0.011572 0.091766 0.128543 0.003242 0.071659 0.315461 0.301900 0.167225 -0.196384 0.174680 0.092079 0.127006 0.163701 0.214476 0.126189 0.131918 0.135284 0.062980 0.186554 0.043883 -0.129125 0.001513 0.055793 0.016893 -0.076054 -0.097768 -0.109547 -0.151986 -0.068520 -0.048938 -0.219332 0.071519 -0.043352 -0.061622 -0.310335 -0.111808 -0.179566 -0.178239 -0.118339 0.020247 -0.246120 0.059734 0.026793 0.141769 0.134534 0.094019 -0.025522 0.154672 0.137660 0.320217 -0.188212 0.012442 0.091875 -0.113128
0.167117 0.089480 -0.258538 -0.295667 0.051457 -0.156016 -0.219414 -0.244583 -0.096123 -0.070948 -0.092321 -0.245870 0.029453 -0.061175 -0.171645 -0.221362 0.343357 0.200443 -0.206682 0.111308 -0.372240 0.116607 -0.109419 -0.002238 -0.032003 -0.118823 -0.091347 0.051772 -0.056536 0.100446 -0.248101 -0.119392 0.090429 0.355729 0.450250 1.000000 0.107942 0.207343 0.007043 0.172518 0.243686 0.110725 -0.223372 -0.180213 0.092840 0.138470 -0.289571 -0.276169 -0.341363 -0.254682 -0.239388 -0.421295 -0.407532 -0.368814 -0.162770 -0.267583 0.096162 0.160414 0.070549 -0.006896 0.076894 0.094877 0.337353 0.209660 -0.055838 -0.128684 0.214214 0.421981 0.185662 0.321993 -0.256555 0.151662 0.154652 0.106070 -0.070801 -0.006710 0.069886 0.272629 0.039765 0.054682 0.166219 0.140584 -0.172328 -0.125580 -0.087962 -0.059584 -0.193593 -0.012753 -0.148476 -0.243408 -0.149768 -0.247299 -0.210021 -0.223146 0.125697 -0.016814 -0.111179 0.089642 -0.175932 -0.062530 0.128830 -0.095812 0.023931 0.125813 0.201298 0.390783 0.124853 0.227267 0.103365 0.033877 0.165342 0.320948 -0.188571 0.086285 0.405933 0.108520
