1.000000 -0.014049 0.173779 -0.121413 -0.323689 -0.222114 0.221773 -0.241560 -0.222972 -0.437582 0.466474 -0.044127 0.210038 -0.249592 0.219619 -0.119777 0.231058 0.138853 0.401591 0.456050 0.004827 -0.054352 0.050500 -0.027190 -0.044556 -0.118754 0.184299 0.240992 0.271046 -0.089910 0.084217 -0.091585 -0.067363 -0.145641 0.035413 -0.068817 0.182421 -0.005760 0.221856 0.151650 0.047593 0.078867 -0.332793 -0.246795 -0.370083 -0.323761 -0.209591 -0.293380 -0.263734 -0.228468 -0.168067 -0.217549 0.118469 -0.079432 -0.037618 -0.280470 0.417140 0.165847 -0.003578 -0.291903 0.240535 -0.283312 0.190879 -0.147914 0.049348 -0.226370 -0.146803 -0.144713 0.129831 -0.034933 0.264349 0.352482 -0.003008 -0.019930 0.127046 0.243319 0.285929 0.130525 0.159451 0.046350 -0.006181 0.218056 0.239207 0.208930 0.185879 0.066606 0.038858 0.170402 0.134548 0.137648 -0.075787 0.083357 -0.171111 0.217805 -0.000330 0.023071 -0.316631 -0.162971 -0.186052 0.104292 -0.159541 0.141962 -0.219352 0.014271 0.140502 0.230297 -0.036643 0.181527 -0.141818 0.010810 -0.053359 0.012929 -0.051228 0.007221 -0.048793 0.026450
-0.014049 1.000000 -0.586639 0.041158 0.040598 0.102357 -0.573032 -0.206341 -0.301836 0.121338 -0.168402 0.399413 -0.242799 0.415802 -0.219249 0.438042 0.227818 0.484765 -0.228120 0.126976 -0.332308 -0.062790 -0.313477 -0.327689 -0.402041 -0.542675 -0.007324 -0.247326 -0.005598 0.561822 -0.373334 -0.506430 0.518495 -0.098051 -0.359693 -0.615986 -0.025337 0.280163 -0.383582 0.207424 0.091211 0.479397 0.161929 0.090718 0.121525 0.033073 0.274182 0.239380 0.294671 0.348855 0.089395 0.534432 0.416171 0.548993 -0.045849 0.336901 0.428946 0.613996 -0.359638 0.107999 -0.231009 0.408028 -0.066504 0.411399 -0.612950 -0.406320 -0.600538 -0.634144 0.193245 0.179302 -0.222173 -0.082003 0.231193 0.435188 0.386248 -0.049810 0.090883 0.206537 0.093318 0.235220 0.254404 0.178029 -0.144537 0.099585 -0.309477 0.143003 -0.080661 -0.196234 -0.452214 0.063407 0.121511 -0.553360 -0.195937 -0.636904 -0.179997 -0.123547 -0.041394 -0.078616 0.518488 0.282662 0.231569 -0.428855 0.261993 -0.369010 0.252443 -0.214040 0.203637 -0.027239 0.214850 -0.102467 -0.232911 0.419338 0.217813 -0.024248 -0.048322 0.063132
0.173779 -0.586639 1.000000 -0.227968 -0.084955 -0.296488 0.691950 0.050748 0.391363 -0.254604 0.339769 -0.295083 0.322470 -0.372719 0.394712 -0.422168 -0.283991 -0.424194 0.381338 -0.088592 0.188949 -0.139463 0.484287 0.169980 0.398086 0.339397 0.243200 0.173398 0.051370 -0.563295 0.361472 0.250695 -0.455352 -0.032502 0.426214 0.551107 -0.186226 -0.250821 0.210343 -0.244923 -0.046174 -0.452082 -0.214401 -0.127997 -0.149487 -0.233025 -0.322148 -0.281533 -0.216775 -0.378859 0.067612 -0.367810 -0.264189 -0.397124 -0.037996 -0.389779 -0.444472 -0.373779 0.531112 -0.000563 0.417683 -0.261302 -0.029877 -0.364809 0.538269 0.410847 0.574809 0.550244 -0.250413 -0.037265 0.199039 0.073970 -0.369125 -0.462361 -0.310444 -0.016491 -0.023677 -0.078516 -0.261029 -0.184114 -0.444108 -0.386661 0.170271 -0.309875 0.200584 -0.340867 -0.072480 0.120693 0.572714 -0.015863 -0.279958 0.530688 -0.020835 0.685156 0.042924 0.131044 -0.289035 -0.169809 -0.573816 -0.348128 -0.232701 0.480705 -0.398448 0.333192 -0.153987 0.322908 -0.134450 -0.078981 -0.146038 -0.051352 0.230507 -0.450658 -0.308945 0.095162 0.118215 -0.133628
-0.121413 0.041158 -0.227968 1.000000 0.129224 0.099389 0.063224 0.477374 -0.261160 0.150111 -0.371038 0.301768 -0.549201 -0.081841 -0.297753 0.191666 -0.182559 0.054777 -0.252243 0.332840 -0.056707 0.063148 0.136470 0.661356 -0.191100 0.210877 -0.112739 -0.007836 -0.268722 0.039707 -0.030319 0.398191 -0.020770 0.061280 -0.078173 0.047441 -0.348891 -0.216163 -0.137833 0.067413 -0.145363 -0.050399 -0.211272 -0.165145 -0.114825 0.002455 -0.124991 0.005867 -0.189184 -0.040066 -0.026097 0.053574 -0.103563 0.102906 0.138165 0.064182 0.182129 -0.162550 -0.478221 -0.349506 -0.477460 -0.239633 -0.380174 -0.149949 0.157106 0.144604 -0.313975 0.202298 0.184101 -0.019705 -0.141548 0.149713 -0.177635 0.076487 -0.002928 0.013587 -0.200390 -0.024537 0.055816 -0.096487 -0.219227 -0.115156 0.077781 0.587271 0.158030 0.503839 0.065443 0.097616 0.019470 0.363667 0.448667 -0.197266 0.649100 -0.010892 -0.031866 -0.002077 0.150149 0.126544 0.164865 -0.021091 0.029713 -0.232459 -0.042301 -0.363650 0.068639 -0.092666 -0.139057 -0.065039 0.017977 0.081582 -0.035171 0.265678 -0.062114 -0.194399 -0.056267 0.059974
-0.323689 0.040598 -0.084955 0.129224 1.000000 0.305760 0.129687 0.288900 0.426537 0.603185 -0.188767 0.075352 -0.112013 0.112223 0.017843 0.063296 -0.203928 0.018667 -0.138671 0.044487 -0.146736 -0.212468 0.028929 0.022252 -0.095044 -0.052696 0.045461 -0.316527 -0.102984 0.176254 0.054378 0.037729 0.072854 0.208442 -0.256112 -0.152569 -0.207881 -0.335035 -0.325462 -0.345696 -0.124151 -0.173347 0.001830 0.038646 0.122535 0.173816 0.065921 0.134366 0.053464 0.132192 0.030255 0.222613 0.129780 0.205983 -0.437815 0.076871 -0.230787 -0.071676 -0.168096 0.130205 -0.236024 0.160882 -0.190781 0.126579 0.065798 0.101937 0.002966 -0.009682 -0.177191 0.154927 -0.171252 -0.031005 0.138633 0.062122 0.022463 -0.123470 -0.263051 -0.391045 -0.190193 -0.146477 -0.080987 -0.220265 -0.333700 -0.106216 -0.096602 -0.056243 -0.253135 -0.377960 -0.284714 -0.232367 0.206898 0.111946 0.094183 -0.174242 -0.043788 -0.019857 -0.012667 -0.054270 0.191570 -0.040000 0.167088 -0.064980 0.077461 0.089535 -0.057209 0.037973 0.179735 -0.280281 0.078211 -0.191412 -0.327980 0.036538 0.024863 -0.086636 0.088547 -0.193870
-0.222114 0.102357 -0.296488 0.099389 0.305760 1.000000 -0.343856 0.101633 0.153929 0.452071 -0.070490 0.392520 0.001333 0.453773 -0.044846 0.435422 -0.137618 -0.074923 -0.379948 -0.037834 -0.070173 -0.043444 -0.162480 0.105203 0.086133 0.176243 0.068166 -0.014505 -0.330642 -0.024508 -0.271448 -0.072715 -0.239186 -0.105833 -0.432516 -0.111172 -0.215823 -0.114731 -0.390257 -0.022052 -0.226277 0.138488 0.139273 0.204133 0.182707 0.280599 0.213385 0.298942 0.424190 0.415202 0.212222 0.349334 0.261817 -0.041174 -0.106398 0.138886 0.180486 0.024074 -0.033250 0.154068 -0.140435 0.257345 -0.275890 0.018690 -0.287998 0.079595 -0.285158 -0.101624 0.136689 0.174153 -0.106879 -0.020589 -0.223060 0.141839 0.060650 -0.145211 -0.198033 -0.108585 -0.100202 -0.053770 -0.183183 -0.318394 -0.229227 -0.163126 -0.193938 -0.157556 0.005072 -0.330099 -0.134509 0.031374 0.297613 -0.190077 0.137077 -0.330378 0.047746 -0.152552 0.212866 0.134429 0.148311 -0.045325 0.173580 -0.222858 0.053508 0.049712 0.077113 0.174574 0.009228 -0.006080 -0.153662 -0.083076 0.011043 0.199057 0.026426 0.102708 0.155818 -0.181085
0.221773 -0.573032 0.691950 0.063224 0.129687 -0.343856 1.000000 0.451601 0.310641 0.015781 0.136234 -0.170306 0.132362 -0.264393 0.177252 -0.339300 -0.040979 -0.174284 0.318169 0.198601 0.127053 0.068562 0.220754 0.200779 0.047805 0.217532 0.118367 -0.022517 0.045688 -0.312642 0.344350 0.287127 -0.285026 0.261375 0.304140 0.340367 -0.083111 -0.431956 0.094766 -0.334396 -0.081401 -0.447970 -0.448477 -0.391159 -0.362118 -0.250254 -0.488064 -0.487101 -0.595944 -0.539710 -0.244500 -0.598308 -0.469040 -0.439962 -0.356759 -0.492746 -0.321256 -0.405009 0.303464 -0.040845 0.351104 -0.218268 0.205837 -0.122059 0.731475 0.352653 0.513294 0.558237 -0.282039 0.086099 0.134207 0.094048 -0.134957 -0.385635 -0.209554 0.043593 -0.148371 -0.234566 -0.124922 -0.163351 -0.191306 -0.088944 0.144080 0.090092 0.255517 0.034155 -0.028589 0.076895 0.373113 -0.007305 -0.075416 0.415788 0.223197 0.606924 0.051804 0.024115 -0.332318 -0.229810 -0.494684 -0.245885 -0.076622 0.626381 -0.125559 0.258708 -0.209533 0.212647 -0.058232 0.115119 -0.201906 -0.139007 -0.156727 -0.324216 -0.256657 -0.165554 -0.009915 -0.109123
-0.241560 -0.206341 0.050748 0.477374 0.288900 0.101633 0.451601 1.000000 0.275989 0.480239 -0.225076 0.421479 -0.093173 0.294758 -0.156962 0.333143 -0.068289 -0.114882 -0.215305 0.014759 0.014980 0.108149 -0.252508 0.242237 -0.319466 0.173279 -0.243389 -0.174094 -0.349803 -0.104456 -0.078164 0.156683 0.019990 0.328674 -0.065571 0.122470 -0.084538 -0.313969 -0.235894 -0.091819 -0.149557 -0.055699 -0.378788 -0.321967 -0.222313 -0.117204 -0.370228 -0.354016 -0.383958 -0.250227 -0.136303 -0.273198 -0.421516 -0.270477 -0.225802 -0.275571 -0.088048 -0.362558 0.037633 0.044719 0.071235 0.200719 0.068501 0.233749 0.415627 0.562197 0.174024 0.381701 -0.132365 0.111305 -0.152811 -0.016199 -0.187057 -0.112857 -0.116941 -0.000842 -0.371910 -0.221890 -0.002865 -0.309811 -0.051460 -0.107102 -0.254516 0.254534 0.030679 0.203045 0.000515 0.007163 0.016247 0.009817 0.294994 -0.189500 0.655229 0.085864 -0.105965 -0.064378 -0.162556 -0.234978 -0.232052 -0.360204 0.107276 0.131291 0.083142 -0.148030 -0.169491 -0.066341 -0.098734 -0.179378 -0.160033 -0.168081 -0.409926 0.016512 -0.101397 -0.259976 0.186776 -0.182007
-0.222972 -0.301836 0.391363 -0.261160 0.426537 0.153929 0.310641 0.275989 1.000000 0.363526 0.323190 0.094480 0.454106 0.150511 0.538078 0.110246 -0.258681 -0.208293 0.031681 -0.253081 -0.111730 -0.337499 0.142888 -0.062902 0.144618 0.103267 -0.028835 -0.257942 -0.036065 -0.354357 0.048949 -0.037589 -0.257382 0.129331 0.135850 0.318860 -0.168152 -0.297686 -0.058980 -0.441310 -0.066376 -0.309874 -0.080468 0.052112 0.130284 0.096798 -0.127916 -0.052130 0.005625 -0.033223 0.080058 -0.074006 -0.133547 -0.267100 -0.176890 -0.313800 -0.478459 -0.258699 0.453385 0.128830 0.380098 0.185686 0.007545 0.011650 0.355740 0.444916 0.334863 0.179049 -0.415347 0.012368 0.023179 -0.223853 -0.180402 -0.296805 -0.156757 -0.216440 -0.276459 -0.363215 -0.271673 -0.240896 -0.316929 -0.364531 -0.186065 -0.457007 0.059763 -0.389795 -0.222089 -0.299298 0.218823 -0.282926 -0.125883 0.382879 -0.045298 0.307569 0.003609 -0.102944 -0.143152 -0.209624 -0.340040 -0.457669 -0.181432 0.162945 -0.103472 0.221202 -0.294374 0.129553 0.058063 -0.387651 -0.203783 -0.075307 -0.089771 -0.418674 -0.163564 0.120058 0.165282 -0.303900
-0.437582 0.121338 -0.254604 0.150111 0.603185 0.452071 0.015781 0.480239 0.363526 1.000000 -0.282781 0.354289 -0.039226 0.465820 -0.130576 0.419883 0.030642 0.149927 -0.256382 -0.012679 -0.145909 0.047754 -0.272824 -0.139471 -0.209749 -0.051345 -0.128523 -0.401353 -0.234682 0.307228 -0.088260 -0.042462 0.130679 0.323543 -0.384697 -0.288164 -0.045814 -0.190093 -0.499435 -0.208478 -0.101169 0.049578 -0.031758 -0.030757 0.054893 0.097437 0.046593 0.081795 0.142530 0.175910 0.027604 0.183400 0.016900 0.026985 -0.246621 0.040278 -0.101781 -0.018264 -0.105960 0.293292 -0.113344 0.365529 0.067109 0.333140 -0.025322 0.098204 -0.036617 -0.177834 -0.050413 0.267352 -0.159715 0.020753 0.073444 0.163649 0.090664 -0.126250 -0.189085 -0.267159 -0.040949 -0.079435 0.106957 -0.080613 -0.455598 -0.022798 -0.320693 -0.052784 -0.216897 -0.391721 -0.356729 -0.250099 0.308947 -0.198199 0.192718 -0.377563 -0.186825 -0.171353 0.001233 -0.158013 0.208764 -0.124079 0.306638 -0.041333 0.286222 0.009393 0.011528 -0.221269 0.254677 -0.140782 0.060911 -0.117852 -0.459790 0.119658 -0.096258 -0.347491 0.048903 -0.263571
0.466474 -0.168402 0.339769 -0.371038 -0.188767 -0.070490 0.136234 -0.225076 0.323190 -0.282781 1.000000 0.093033 0.694050 0.110411 0.745912 0.040091 -0.035424 -0.142640 0.204846 -0.074918 -0.219962 -0.312573 0.144071 -0.092786 0.130255 -0.085071 0.139346 0.069676 0.295210 -0.421215 -0.067058 -0.325121 -0.297516 -0.350971 0.210121 0.247517 -0.044187 -0.096931 0.203328 -0.070619 -0.143991 -0.124502 -0.190025 -0.135080 -0.142696 -0.129700 -0.216731 -0.229602 0.013917 -0.104094 -0.039474 -0.076838 0.105303 -0.221182 0.094992 -0.313698 -0.000181 0.014505 0.426672 -0.082696 0.628719 0.175764 0.213359 -0.082693 0.225856 0.212285 -0.014814 -0.022928 -0.377181 -0.069373 0.215424 -0.150316 -0.376305 -0.299605 -0.266932 -0.053497 -0.158926 -0.311248 -0.118500 -0.047173 -0.233463 -0.121758 0.253176 -0.276451 0.336226 -0.264560 -0.029954 0.109066 0.429443 0.034376 -0.237858 0.428601 -0.170000 0.507419 -0.133036 -0.090286 -0.394500 -0.221216 -0.441757 -0.171506 -0.239930 0.193269 -0.246466 0.025992 -0.163659 0.308069 -0.024841 -0.088848 -0.145669 -0.098326 -0.051164 -0.205479 -0.093887 0.351345 0.076570 -0.003794
-0.044127 0.399413 -0.295083 0.301768 0.075352 0.392520 -0.170306 0.421479 0.094480 0.354289 0.093033 1.000000 -0.000901 0.679578 -0.055115 0.728364 0.125700 0.171608 -0.362544 0.023970 -0.162040 0.019110 -0.362202 0.047189 -0.319410 -0.129548 -0.138773 -0.151468 -0.150614 0.091211 -0.388599 -0.320718 -0.027105 0.016073 -0.271151 -0.162069 -0.131568 -0.002014 -0.452342 0.006050 -0.199893 0.249987 -0.178820 -0.188730 -0.145739 -0.095363 -0.106735 -0.087772 0.053059 0.120983 0.031266 0.233957 0.162242 0.046186 -0.142829 -0.039940 0.383895 0.188846 -0.088096 0.049307 0.129018 0.504135 0.062211 0.296023 -0.121029 0.160312 -0.407371 -0.169471 -0.000424 0.176585 -0.010542 -0.099799 -0.221780 0.028856 0.103717 -0.147982 -0.180536 -0.101420 0.259505 0.076548 0.082005 -0.019363 -0.225808 0.103604 -0.005242 0.180417 -0.019889 -0.236028 -0.113290 0.082030 0.199141 -0.405008 0.400007 -0.257574 -0.288760 -0.307515 -0.158048 -0.302725 -0.050479 -0.141594 0.110857 -0.238038 -0.002709 -0.464365 0.011193 -0.068309 -0.022602 -0.181646 -0.052256 -0.208992 -0.333924 0.189823 -0.150776 0.011676 0.086713 -0.147184
0.210038 -0.242799 0.322470 -0.549201 -0.112013 0.001333 0.132362 -0.093173 0.454106 -0.039226 0.694050 -0.000901 1.000000 0.223651 0.688376 0.094295 0.186091 -0.051381 0.089650 -0.302564 -0.228936 -0.251951 -0.153914 -0.365949 -0.011635 -0.189697 -0.143718 -0.124660 0.198599 -0.344163 -0.218618 -0.415247 -0.172922 -0.126308 0.092857 0.194680 0.123235 0.148499 0.035894 -0.026620 -0.110782 -0.055575 -0.195805 -0.117005 -0.179410 -0.121305 -0.311908 -0.312971 0.062364 -0.180684 0.037062 -0.185030 0.020934 -0.395690 0.117381 -0.432016 -0.149081 0.028323 0.571415 0.166227 0.729613 0.262227 0.499071 0.210856 0.172812 0.282008 0.315710 0.031857 -0.161361 0.067047 0.139363 -0.132672 -0.207251 -0.293991 -0.254678 -0.078361 -0.000949 -0.259299 -0.049760 -0.070347 -0.044477 -0.000188 -0.188979 -0.352844 0.065436 -0.306891 -0.228936 0.000318 0.238809 -0.063225 -0.327878 0.280131 -0.238393 0.361570 -0.126904 -0.026224 -0.434229 -0.184425 -0.530274 -0.315940 -0.086542 0.288002 -0.106796 0.169022 -0.223246 0.174785 -0.049193 -0.141793 -0.122982 -0.252528 -0.088285 -0.358404 -0.138664 0.033249 0.120906 -0.107906
-0.249592 0.415802 -0.372719 -0.081841 0.112223 0.453773 -0.264393 0.294758 0.150511 0.465820 0.110411 0.679578 0.223651 1.000000 0.007022 0.709830 0.156650 0.196875 -0.405551 -0.215931 -0.268251 0.111877 -0.498316 -0.283045 -0.278531 -0.181505 -0.090050 -0.159757 -0.063184 0.173433 -0.464321 -0.542899 0.107841 -0.030344 -0.348723 -0.293756 -0.019812 0.198108 -0.434069 0.019413 -0.158798 0.325914 -0.043281 -0.122812 -0.118142 -0.065346 -0.013943 -0.038392 0.251671 0.211389 0.093413 0.319406 0.234386 -0.005669 -0.124632 -0.045238 0.245242 0.262922 0.151000 0.409070 0.210579 0.747685 0.215513 0.568704 -0.308940 0.135978 -0.319454 -0.301155 -0.037387 0.272978 -0.173770 -0.276871 -0.135921 0.102871 0.066123 -0.165995 -0.308409 -0.152446 0.070331 0.026861 0.198003 -0.036698 -0.372751 -0.185153 -0.241728 -0.102593 -0.083713 -0.197715 -0.290337 0.041892 0.136836 -0.344545 0.139014 -0.341354 -0.230302 -0.274352 -0.157831 -0.203638 -0.014120 -0.153934 0.306492 -0.090048 0.228218 -0.219842 0.017052 -0.068992 0.018183 0.024317 0.024523 -0.244773 -0.409363 0.128695 0.021049 0.027464 0.184602 -0.114580
0.219619 -0.219249 0.394712 -0.297753 0.017843 -0.044846 0.177252 -0.156962 0.538078 -0.130576 0.745912 -0.055115 0.688376 0.007022 1.000000 0.046641 -0.235521 -0.247491 0.083463 -0.141477 -0.380899 -0.311276 0.336654 0.018199 0.287495 -0.009681 0.056501 -0.133820 0.321842 -0.464301 -0.015532 -0.208798 -0.302485 -0.238412 0.340712 0.454053 -0.246361 -0.132977 0.154515 -0.273930 -0.291296 -0.355218 -0.174170 -0.061486 -0.005930 -0.001290 -0.223977 -0.130988 0.101805 -0.009978 0.107289 -0.023094 0.042685 -0.171864 0.103369 -0.372187 -0.206645 -0.149319 0.431598 -0.117281 0.551504 0.071525 0.050767 -0.140950 0.341351 0.313448 0.097265 0.132292 -0.453761 -0.126949 0.139104 -0.264434 -0.372417 -0.418977 -0.314219 -0.086602 -0.197947 -0.418312 -0.248455 -0.236841 -0.451099 -0.271928 0.249665 -0.222835 0.409521 -0.276750 -0.075445 -0.044591 0.453867 0.049773 -0.280897 0.467211 -0.153698 0.569921 -0.064808 -0.026327 -0.371034 -0.117083 -0.394894 -0.365946 -0.254193 0.148226 -0.242510 0.024647 -0.222098 0.178169 -0.093711 -0.210946 -0.126801 -0.130040 0.074204 -0.358092 -0.052719 0.315399 0.020005 0.046334
-0.119777 0.438042 -0.422168 0.191666 0.063296 0.435422 -0.339300 0.333143 0.110246 0.419883 0.040091 0.728364 0.094295 0.709830 0.046641 1.000000 0.093421 0.113526 -0.438359 0.010148 -0.412045 -0.010421 -0.331694 -0.010188 -0.277761 -0.216916 -0.126925 -0.272410 -0.155709 0.145665 -0.550069 -0.380108 0.125446 -0.057674 -0.182638 -0.110649 -0.057657 0.161012 -0.364644 0.121008 -0.135905 0.387424 -0.152290 -0.135033 -0.113863 -0.114866 -0.058348 -0.064014 0.175462 0.113240 0.043982 0.210390 0.237164 0.052525 0.019417 -0.114294 0.309079 0.212528 -0.066143 0.036877 0.038939 0.534222 0.004534 0.384106 -0.201954 0.124449 -0.500761 -0.240694 -0.023426 0.108094 -0.066189 -0.089806 -0.204399 0.161584 0.093529 -0.064296 -0.237546 0.007471 0.150343 -0.111030 0.097693 -0.011853 -0.263027 0.126192 -0.003190 0.055251 0.092332 -0.252645 -0.094940 0.041710 0.395238 -0.361256 0.392193 -0.281925 -0.136803 -0.158028 -0.185520 -0.144642 0.022130 -0.146069 0.123974 -0.228172 0.071325 -0.388903 0.034716 -0.049588 -0.003238 -0.067727 -0.025805 -0.043364 -0.209977 0.204188 -0.023461 -0.021510 0.207060 -0.087319
0.231058 0.227818 -0.283991 -0.182559 -0.203928 -0.137618 -0.040979 -0.068289 -0.258681 0.030642 -0.035424 0.125700 0.186091 0.156650 -0.235521 0.093421 1.000000 0.569448 -0.001757 0.112374 -0.169222 0.081288 -0.604742 -0.461564 -0.538757 -0.564617 -0.296126 -0.173913 0.212222 0.433391 -0.343223 -0.391901 0.372269 0.144353 -0.250361 -0.452750 0.581196 0.291912 -0.085195 0.191336 0.193381 0.312778 -0.145366 -0.199636 -0.398885 -0.281658 -0.217179 -0.267983 -0.266076 -0.354715 -0.299391 -0.302147 -0.004855 -0.070950 -0.073298 -0.258870 0.331893 0.341419 -0.117225 0.029175 0.199257 0.058489 0.662361 0.488568 -0.156438 -0.347740 0.048072 -0.267711 0.409910 0.262044 0.099528 0.093583 0.503934 0.173044 0.245105 0.019623 0.366420 0.236562 0.519163 0.337219 0.748024 0.771125 -0.255163 0.192615 -0.143533 0.320665 -0.143826 0.023233 -0.332099 -0.260433 -0.014735 -0.274938 -0.147208 -0.236582 -0.113954 0.087240 -0.219468 -0.056864 -0.016073 0.160097 0.150858 0.182775 0.289493 0.023199 0.040541 -0.166855 0.227654 0.201664 0.087849 -0.006868 -0.207875 0.196564 0.123313 -0.334172 -0.221679 -0.049518
0.138853 0.484765 -0.424194 0.054777 0.018667 -0.074923 -0.174284 -0.114882 -0.208293 0.149927 -0.142640 0.171608 -0.051381 0.196875 -0.247491 0.113526 0.569448 1.000000 0.008677 0.253659 -0.159151 -0.062617 -0.431854 -0.340447 -0.531871 -0.554863 -0.250155 -0.186258 0.200580 0.511742 -0.244240 -0.376189 0.475701 0.133583 -0.307454 -0.641539 0.362459 0.310099 -0.259544 0.112866 0.179753 0.355020 -0.140691 -0.224482 -0.265856 -0.189061 -0.066476 -0.137215 -0.125047 -0.091172 -0.128446 0.061623 0.244719 0.244297 -0.065747 0.009277 0.344934 0.542813 -0.249386 0.058772 -0.087110 0.041136 0.388627 0.509580 -0.318306 -0.435810 -0.233272 -0.499644 0.300298 0.223627 0.004401 0.013789 0.512877 0.295243 0.360210 -0.024594 0.204374 0.121635 0.370397 0.515562 0.433773 0.536007 -0.216513 0.289622 -0.296778 0.285924 -0.330909 -0.013441 -0.467722 0.014400 0.089728 -0.300914 -0.083672 -0.332399 -0.040438 -0.093099 -0.179013 -0.040418 0.281102 0.349577 0.261184 0.027736 0.255315 -0.207446 0.015684 -0.210859 0.277359 0.179068 0.000410 -0.090245 -0.348767 0.160657 0.091006 -0.239711 -0.135206 -0.062677
0.401591 -0.228120 0.381338 -0.252243 -0.138671 -0.379948 0.318169 -0.215305 0.031681 -0.256382 0.204846 -0.362544 0.089650 -0.405551 0.083463 -0.438359 -0.001757 0.008677 1.000000 0.235606 0.270592 -0.029523 0.216911 -0.125565 -0.027821 0.083484 0.103355 0.141900 0.214501 -0.107029 0.386578 0.216389 0.071474 0.150151 0.085854 -0.083523 0.113557 -0.026416 0.338162 0.035325 0.160416 -0.149906 -0.151724 -0.093287 -0.146773 -0.145926 -0.083274 -0.150575 -0.357692 -0.167537 -0.175319 -0.311909 -0.235460 -0.198286 -0.090195 -0.031637 -0.033414 -0.107834 0.098741 0.020575 0.149736 -0.270374 0.143818 -0.183004 0.105076 -0.221711 0.218080 -0.055953 -0.120249 -0.065397 0.350364 0.168567 0.110599 -0.139132 0.042843 0.224657 0.262345 0.155772 -0.056824 -0.096065 -0.029191 0.018849 0.406734 -0.042941 -0.059962 -0.140870 0.088467 0.284229 0.163021 0.011197 -0.277025 0.385779 -0.353000 0.272270 0.071532 0.016184 -0.105909 -0.119600 -0.177304 0.204970 -0.310065 0.372672 -0.131290 0.310284 0.019233 0.088421 0.137006 0.106216 -0.009325 0.068919 0.086313 -0.244366 -0.193085 0.123248 0.079980 -0.029518
0.456050 0.126976 -0.088592 0.332840 0.044487 -0.037834 0.198601 0.014759 -0.253081 -0.012679 -0.074918 0.023970 -0.302564 -0.215931 -0.141477 0.010148 0.112374 0.253659 0.235606 1.000000 -0.003393 0.089740 0.078278 0.255721 -0.115058 -0.063897 0.167804 -0.005697 0.182891 0.315003 0.213452 0.220964 0.117376 0.184771 -0.122855 -0.251935 -0.030273 -0.226436 -0.013419 0.088409 0.100738 0.132607 -0.354820 -0.339121 -0.396170 -0.363198 -0.161180 -0.244855 -0.371375 -0.237159 -0.311001 -0.165200 0.036046 0.067887 -0.188175 -0.176182 0.227566 0.061560 -0.426647 -0.296183 -0.329055 -0.356411 -0.126879 -0.082445 -0.054440 -0.415537 -0.259256 -0.093456 0.269110 0.262550 0.124778 0.344681 0.226611 0.198960 0.240895 0.176542 0.152515 0.093503 0.094973 0.088278 0.022054 0.205338 0.226185 0.605442 0.134921 0.381418 0.180402 0.156122 -0.090301 0.103511 0.377333 -0.005986 0.169805 -0.079556 0.159187 0.128166 -0.141083 0.043044 0.208829 0.274703 -0.052058 0.121851 0.071914 0.034083 0.092799 0.047155 0.001708 0.182705 -0.111893 0.000005 -0.188228 0.156536 0.034237 -0.171135 0.005352 0.002062
0.004827 -0.332308 0.188949 -0.056707 -0.146736 -0.070173 0.127053 0.014980 -0.111730 -0.145909 -0.219962 -0.162040 -0.228936 -0.268251 -0.380899 -0.412045 -0.169222 -0.159151 0.270592 -0.003393 1.000000 0.257616 0.004800 -0.016428 0.282424 0.404776 0.006474 0.451211 -0.064124 -0.038002 0.411978 0.382851 -0.149753 0.386610 0.066418 0.114924 0.126200 -0.059139 0.098919 -0.053255 0.159992 0.047286 0.104967 0.026011 0.067775 -0.001733 0.031951 -0.065031 -0.155817 -0.063237 -0.005662 -0.234306 -0.111738 -0.120118 -0.065869 0.070862 -0.101577 -0.153483 -0.010852 -0.044531 -0.172509 -0.286729 -0.183842 -0.336952 0.008584 0.012125 0.327098 0.262028 0.176964 -0.237639 0.306575 0.326892 0.151478 0.118282 0.064763 0.251068 0.261122 0.338863 0.126491 0.017916 -0.007236 0.002074 0.019261 -0.095450 -0.011907 -0.079233 0.285647 0.117427 0.091226 -0.082009 -0.192119 -0.072543 -0.117659 -0.033264 -0.028707 0.018306 0.232424 -0.109400 -0.119822 0.038318 -0.027712 -0.021642 -0.186331 0.161498 -0.129115 -0.066922 -0.056057 -0.055202 -0.029740 0.057969 0.118860 -0.251834 -0.189723 0.040468 0.094158 -0.170926
-0.054352 -0.062790 -0.139463 0.063148 -0.212468 -0.043444 0.068562 0.108149 -0.337499 0.047754 -0.312573 0.019110 -0.251951 0.111877 -0.311276 -0.010421 0.081288 -0.062617 -0.029523 0.089740 0.257616 1.000000 -0.191692 0.010975 0.104706 0.173735 -0.101590 0.052903 0.112912 0.197971 0.076324 0.176165 0.040020 0.169942 -0.003487 -0.026865 0.100323 0.181030 0.047339 0.131671 0.063246 0.235363 -0.121267 -0.156337 -0.180128 -0.075734 -0.030805 -0.073757 -0.155453 -0.016628 -0.056570 -0.109399 -0.179254 -0.094234 -0.145736 0.075850 0.053759 -0.150740 -0.102402 0.077003 -0.068081 0.004080 -0.018246 -0.083307 -0.029838 -0.120427 -0.033431 0.063953 0.035856 -0.024247 0.076978 0.139116 0.078540 0.167157 0.113651 0.020043 0.033414 0.132847 0.183714 -0.075346 0.237011 0.211676 0.132666 0.222628 0.056105 0.226859 0.266786 0.156053 -0.116399 0.188296 0.004336 -0.200626 0.102345 -0.247504 0.131645 -0.035668 0.178549 -0.017275 -0.003153 0.103282 0.256657 0.054092 0.218613 0.017305 -0.005856 -0.169857 -0.239526 0.273054 0.099516 0.050626 0.035977 0.059455 -0.119488 0.010058 0.065323 0.008429
0.050500 -0.313477 0.484287 0.136470 0.028929 -0.162480 0.220754 -0.252508 0.142888 -0.272824 0.144071 -0.362202 -0.153914 -0.498316 0.336654 -0.331694 -0.604742 -0.431854 0.216911 0.078278 0.004800 -0.191692 1.000000 0.518494 0.543339 0.325841 0.403388 0.086528 0.013047 -0.374071 0.436484 0.415980 -0.482495 -0.321103 0.324766 0.470043 -0.490275 -0.374821 0.213552 -0.269998 -0.172396 -0.404893 0.110902 0.150215 0.170425 -0.000245 0.134631 0.224253 0.110618 0.054534 0.176829 0.159417 0.038285 0.170983 0.208222 0.091708 -0.241640 -0.254885 -0.013292 -0.261065 -0.195270 -0.373164 -0.523616 -0.642501 0.308515 0.069104 -0.043162 0.236543 -0.278671 -0.248637 0.143273 0.043248 -0.323258 -0.157061 -0.118862 0.051515 0.050440 -0.063579 -0.321746 -0.041367 -0.579751 -0.494337 0.466127 -0.142426 0.314975 -0.302089 0.109666 -0.001172 0.397681 0.213242 -0.026196 0.539876 -0.033077 0.476446 0.129089 0.059113 0.149488 0.094817 0.017345 -0.077185 -0.379651 0.021834 -0.345088 0.032213 -0.058164 0.191480 -0.200435 -0.026930 -0.038777 0.180043 0.378996 -0.152407 -0.094996 0.278115 -0.009639 0.096822
-0.027190 -0.327689 0.169980 0.661356 0.022252 0.105203 0.200779 0.242237 -0.062902 -0.139471 -0.092786 0.047189 -0.365949 -0.283045 0.018199 -0.010188 -0.461564 -0.340447 -0.125565 0.255721 -0.016428 0.010975 0.518494 1.000000 0.304497 0.475104 0.175641 0.290977 -0.208093 -0.334900 0.123832 0.566264 -0.372451 -0.141062 0.213706 0.492665 -0.480000 -0.282268 0.150007 -0.085979 -0.115943 -0.255835 -0.101756 -0.055155 -0.072391 0.054988 -0.049756 0.047521 -0.110698 -0.096231 0.052998 -0.095432 -0.148917 -0.109783 0.137746 -0.058062 -0.010182 -0.487025 -0.203627 -0.426557 -0.283147 -0.445374 -0.467329 -0.509386 0.338834 0.187852 -0.111819 0.497387 -0.076701 -0.105704 -0.011247 0.119963 -0.390389 -0.139944 -0.069499 0.107602 -0.146025 -0.077257 -0.046475 -0.142011 -0.488498 -0.404691 0.341858 0.293188 0.431369 0.200088 0.284640 0.087090 0.372437 0.370106 0.285623 0.157383 0.580286 0.348153 0.209140 -0.043296 0.182625 0.155474 -0.130208 -0.125202 -0.314566 -0.136571 -0.257676 -0.203289 -0.112354 0.129846 -0.316218 -0.048412 -0.187775 0.056173 0.363596 -0.010416 -0.073039 0.116510 0.011614 0.028227
-0.044556 -0.402041 0.398086 -0.191100 -0.095044 0.086133 0.047805 -0.319466 0.144618 -0.209749 0.130255 -0.319410 -0.011635 -0.278531 0.287495 -0.277761 -0.538757 -0.531871 -0.027821 -0.115058 0.282424 0.104706 0.543339 0.304497 1.000000 0.630752 0.432096 0.409759 0.042929 -0.405875 0.478949 0.454614 -0.448663 -0.129469 0.422093 0.607126 -0.250526 -0.100835 0.299665 -0.185867 0.026151 -0.366645 0.156817 0.180543 0.270295 0.174039 0.169417 0.213405 0.276350 0.217019 0.230271 0.058328 0.017020 -0.016677 0.071790 0.092111 -0.176250 -0.360826 0.176284 -0.175679 -0.035254 -0.285079 -0.457946 -0.636151 0.185746 0.181676 0.152327 0.342823 -0.227300 -0.209389 0.044357 0.038707 -0.285187 -0.226626 -0.202195 0.019554 -0.062190 -0.029286 -0.245847 -0.089369 -0.465172 -0.437552 0.284082 -0.304952 0.284534 -0.290111 0.280055 -0.109699 0.404128 -0.000452 -0.283396 0.243126 -0.118386 0.257052 0.154146 0.009542 0.180837 0.130325 -0.236248 -0.120048 -0.172261 -0.023923 -0.432395 0.160680 -0.173386 0.182434 -0.141816 -0.051600 -0.031391 0.135690 0.503301 -0.381991 -0.125180 0.291995 -0.069046 0.070572
-0.118754 -0.542675 0.339397 0.210877 -0.052696 0.176243 0.217532 0.173279 0.103267 -0.051345 -0.085071 -0.129548 -0.189697 -0.181505 -0.009681 -0.216916 -0.564617 -0.554863 0.083484 -0.063897 0.404776 0.173735 0.325841 0.475104 0.630752 1.000000 0.308131 0.436837 -0.079539 -0.419324 0.449047 0.719313 -0.359810 0.202877 0.344468 0.566835 -0.355099 -0.202398 0.269255 -0.084252 0.002221 -0.377766 -0.120693 -0.052242 0.136105 0.097670 -0.103648 -0.005824 0.005281 0.035806 0.087343 -0.063985 -0.308763 -0.240899 0.000433 -0.042983 -0.154111 -0.603679 0.206055 -0.085618 -0.108197 -0.297706 -0.402205 -0.535382 0.295970 0.383714 0.250161 0.538377 -0.204804 -0.105672 0.089096 0.208992 -0.324262 -0.281108 -0.239372 0.101645 -0.300765 0.004037 -0.208740 -0.342721 -0.476986 -0.490000 0.245339 -0.100719 0.107453 -0.117098 0.262877 0.085835 0.334163 0.200831 -0.069732 0.102262 0.252410 0.279206 0.102988 0.004616 0.207009 0.102809 -0.274639 -0.181499 -0.127312 0.045887 -0.353962 0.187074 -0.037892 0.090110 -0.177729 -0.119147 -0.027854 0.184924 0.285076 -0.337000 -0.129365 0.194962 0.019443 0.029173
0.184299 -0.007324 0.243200 -0.112739 0.045461 0.068166 0.118367 -0.243389 -0.028835 -0.128523 0.139346 -0.138773 -0.143718 -0.090050 0.056501 -0.126925 -0.296126 -0.250155 0.103355 0.167804 0.006474 -0.101590 0.403388 0.175641 0.432096 0.308131 1.000000 0.288411 -0.160788 -0.176142 0.309364 0.198695 -0.056772 -0.057277 0.074020 0.195359 -0.277933 -0.251521 0.036443 -0.086130 0.078205 -0.218450 0.053339 0.028724 0.026720 -0.000755 0.117812 0.115689 0.075941 0.101851 -0.073112 0.157582 0.092392 0.159445 -0.227172 0.001432 0.037137 0.077933 -0.016196 0.005319 -0.120024 -0.054892 -0.323033 -0.267826 0.018356 0.004715 -0.088756 0.037438 -0.145048 0.200573 0.116589 0.223758 -0.158992 -0.034265 0.097202 0.014675 -0.006826 0.101277 -0.403835 -0.098533 -0.347784 -0.383239 0.093755 -0.342752 -0.070959 -0.342280 0.071676 -0.164671 0.076825 0.044116 -0.116270 0.160073 -0.047935 0.010449 0.092066 0.122666 -0.069042 0.053196 0.027229 0.071938 0.000557 0.046053 -0.110663 0.246708 0.178837 0.389674 0.112925 0.101584 0.082759 0.224860 0.186656 0.042849 0.051416 0.026761 0.113448 0.122903
0.240992 -0.247326 0.173398 -0.007836 -0.316527 -0.014505 -0.022517 -0.174094 -0.257942 -0.401353 0.069676 -0.151468 -0.124660 -0.159757 -0.133820 -0.272410 -0.173913 -0.186258 0.141900 -0.005697 0.451211 0.052903 0.086528 0.290977 0.409759 0.436837 0.288411 1.000000 -0.083376 -0.277960 0.238280 0.247640 -0.215084 -0.000490 0.104034 0.218641 0.004204 0.073229 0.171325 0.103108 0.230557 -0.083439 0.175252 0.117535 0.038352 0.076887 0.174540 0.117210 0.069813 0.083175 0.155074 -0.013243 0.059655 0.018694 0.111978 0.107425 0.177624 -0.241585 -0.034539 -0.286639 -0.092349 -0.281609 -0.207861 -0.358335 -0.043674 0.007456 0.112475 0.154785 0.201365 -0.229624 0.183656 0.217480 -0.219720 -0.135215 -0.001735 0.303794 0.047691 0.260521 0.026037 -0.075709 -0.200289 -0.218866 0.196226 -0.114551 0.023437 -0.083877 0.264776 0.096378 0.078166 0.133762 -0.161686 -0.003980 -0.111943 0.129116 -0.002906 -0.051552 0.171332 0.014707 -0.180606 0.059633 -0.206163 -0.051173 -0.430602 -0.046414 0.003006 0.217714 -0.000283 0.089255 0.024726 0.156074 0.404657 -0.115765 0.061609 0.103515 -0.058010 0.046556
0.271046 -0.005598 0.051370 -0.268722 -0.102984 -0.330642 0.045688 -0.349803 -0.036065 -0.234682 0.295210 -0.150614 0.198599 -0.063184 0.321842 -0.155709 0.212222 0.200580 0.214501 0.182891 -0.064124 0.112912 0.013047 -0.208093 0.042929 -0.079539 -0.160788 -0.083376 1.000000 0.310517 0.201999 -0.064350 0.100694 0.154876 0.333032 -0.014102 0.155555 0.272783 0.324182 -0.119735 -0.029629 0.022474 -0.210354 -0.300320 -0.264013 -0.363428 -0.236312 -0.270469 -0.132427 -0.277237 -0.041996 -0.125518 0.135202 0.057688 -0.030343 -0.293200 -0.082530 0.068963 0.049583 -0.158855 0.154578 -0.151697 0.235158 -0.002613 -0.005087 -0.285167 0.030878 -0.074071 -0.069569 -0.049226 0.216662 -0.055571 0.369084 0.019840 -0.007296 0.049515 0.077907 -0.062477 0.311220 0.241667 0.209533 0.373485 0.314759 0.207180 0.269269 0.128320 0.051631 0.120910 -0.002322 -0.080175 -0.125197 0.205485 -0.262150 0.168375 -0.041299 0.083883 -0.271746 -0.028915 -0.017392 0.126366 0.073782 0.143511 -0.007008 -0.039190 -0.193971 -0.271816 -0.139233 0.039676 0.083785 -0.111375 -0.070701 -0.176695 0.086271 0.171941 -0.228785 -0.009395
-0.089910 0.561822 -0.563295 0.039707 0.176254 -0.024508 -0.312642 -0.104456 -0.354357 0.307228 -0.421215 0.091211 -0.344163 0.173433 -0.464301 0.145665 0.433391 0.511742 -0.107029 0.315003 -0.038002 0.197971 -0.374071 -0.334900 -0.405875 -0.419324 -0.176142 -0.277960 0.310517 1.000000 -0.063317 -0.193691 0.521110 0.334722 -0.356123 -0.696188 0.282797 0.291756 -0.152627 0.136913 0.241593 0.535022 0.019867 -0.108846 -0.137876 -0.206876 0.124352 0.019557 -0.048974 -0.023426 -0.114162 0.128036 0.229166 0.414984 -0.167559 0.216868 0.163079 0.361695 -0.500441 0.041262 -0.361772 0.101365 0.146764 0.382150 -0.453410 -0.575749 -0.353552 -0.520842 0.276324 0.210559 -0.041351 0.164604 0.725693 0.668029 0.546693 0.171879 0.333766 0.250466 0.363591 0.381559 0.589325 0.522660 -0.143019 0.356893 -0.248381 0.318632 -0.001703 -0.042410 -0.603740 -0.125191 0.253669 -0.425570 -0.141405 -0.578592 -0.113140 0.098658 0.025522 0.024355 0.549144 0.507393 0.415761 -0.174578 0.404882 -0.227210 0.078243 -0.375039 0.222753 0.159952 0.253219 -0.075845 -0.342863 0.287372 0.189214 -0.283110 -0.223985 0.022823
0.084217 -0.373334 0.361472 -0.030319 0.054378 -0.271448 0.344350 -0.078164 0.048949 -0.088260 -0.067058 -0.388599 -0.218618 -0.464321 -0.015532 -0.550069 -0.343223 -0.244240 0.386578 0.213452 0.411978 0.076324 0.436484 0.123832 0.478949 0.449047 0.309364 0.238280 0.201999 -0.063317 1.000000 0.612755 -0.130455 0.324951 0.296812 0.183249 -0.220804 -0.272583 0.222336 -0.249721 -0.139075 -0.430647 0.061787 0.059285 0.185348 0.036590 0.133873 0.090363 -0.141602 0.067014 -0.123487 -0.113586 -0.302755 0.075213 -0.285222 0.105048 -0.181419 -0.300288 -0.109130 -0.186794 -0.128060 -0.328879 -0.182231 -0.344886 0.299941 0.025190 0.266637 0.163676 -0.146514 -0.169485 0.065815 0.119073 0.063006 -0.164353 -0.172218 0.155465 0.046595 0.015390 -0.079480 -0.003930 -0.216789 -0.140762 0.241350 0.000422 0.057323 -0.209440 0.023145 -0.000007 0.019355 -0.129854 -0.185239 0.331516 -0.190432 0.147995 -0.093936 -0.014224 -0.024038 -0.221208 0.009675 0.085816 -0.146714 0.242753 -0.215555 0.265609 -0.198907 -0.008574 -0.149552 -0.064548 0.053470 0.015327 0.013473 -0.184740 -0.157941 -0.107216 -0.091663 -0.105892
-0.091585 -0.506430 0.250695 0.398191 0.037729 -0.072715 0.287127 0.156683 -0.037589 -0.042462 -0.325121 -0.320718 -0.415247 -0.542899 -0.208798 -0.380108 -0.391901 -0.376189 0.216389 0.220964 0.382851 0.176165 0.415980 0.566264 0.454614 0.719313 0.198695 0.247640 -0.064350 -0.193691 0.612755 1.000000 -0.179650 0.305131 0.330910 0.465017 -0.180789 -0.223200 0.376381 -0.045619 0.075579 -0.306379 -0.102273 -0.048490 0.118274 0.061114 -0.085831 0.008268 -0.226841 -0.119292 -0.079610 -0.236238 -0.368913 -0.122696 -0.005835 -0.013337 -0.218953 -0.591248 -0.261868 -0.352909 -0.372758 -0.594508 -0.389787 -0.537399 0.376783 0.149597 0.230380 0.538156 -0.034994 -0.195405 -0.003212 0.307453 -0.066296 -0.112223 -0.101222 0.113647 -0.040473 0.131360 -0.045500 -0.153941 -0.275215 -0.219980 0.270639 0.226446 0.217577 0.093792 0.216924 0.086998 0.215137 0.083518 0.023945 0.187569 0.282972 0.209273 0.210835 0.133993 0.302088 0.099289 -0.117323 -0.029107 -0.262084 0.037346 -0.232846 0.144198 -0.097008 -0.048087 -0.213986 -0.124023 -0.033245 0.281866 0.297325 -0.167554 -0.219747 0.007640 -0.016778 -0.066993
-0.067363 0.518495 -0.455352 -0.020770 0.072854 -0.239186 -0.285026 0.019990 -0.257382 0.130679 -0.297516 -0.027105 -0.172922 0.107841 -0.302485 0.125446 0.372269 0.475701 0.071474 0.117376 -0.149753 0.040020 -0.482495 -0.372451 -0.448663 -0.359810 -0.056772 -0.215084 0.100694 0.521110 -0.130455 -0.179650 1.000000 0.298964 -0.150341 -0.467851 0.314503 0.337651 0.004608 0.147747 0.273653 0.298256 -0.081840 -0.148724 -0.063014 -0.033535 -0.032411 -0.131188 -0.155580 0.004848 -0.187015 -0.022744 -0.043281 0.194340 -0.193448 0.078865 0.187881 0.300689 -0.275356 0.115337 -0.173662 0.108562 0.208304 0.459118 -0.300490 -0.313144 -0.060441 -0.326431 0.158983 0.117582 -0.090270 0.020239 0.536279 0.317065 0.236203 0.069019 0.085935 0.185117 0.209867 -0.018606 0.463627 0.421867 -0.197168 0.212029 -0.293269 0.285593 -0.025989 0.011607 -0.431650 -0.200763 -0.026901 -0.421529 -0.076980 -0.442902 -0.165245 0.063398 -0.252020 -0.053887 0.233766 0.217311 0.258211 -0.085431 0.261605 -0.075022 0.078923 -0.330186 0.179442 -0.072591 0.212614 0.047026 -0.298971 0.144168 0.262278 -0.304868 -0.037495 0.007883
-0.145641 -0.098051 -0.032502 0.061280 0.208442 -0.105833 0.261375 0.328674 0.129331 0.323543 -0.350971 0.016073 -0.126308 -0.030344 -0.238412 -0.057674 0.144353 0.133583 0.150151 0.184771 0.386610 0.169942 -0.321103 -0.141062 -0.129469 0.202877 -0.057277 -0.000490 0.154876 0.334722 0.324951 0.305131 0.298964 1.000000 0.083953 -0.041071 0.177446 -0.002010 0.014159 -0.164525 0.176928 -0.020010 -0.284229 -0.318846 -0.115160 -0.131143 -0.282611 -0.357321 -0.408308 -0.269033 -0.144750 -0.317169 -0.290211 -0.095558 -0.394297 -0.324528 -0.165438 -0.222264 -0.089089 0.000716 -0.079018 -0.089611 0.164821 0.211799 0.140871 0.050324 0.392307 0.210727 0.032703 0.044611 0.142444 0.238874 0.416033 0.065755 0.131424 0.297028 0.068386 0.202732 0.208192 -0.128865 0.232182 0.260204 -0.166964 0.152600 -0.074277 0.149000 0.051407 -0.138716 -0.248552 -0.284641 -0.016597 -0.093948 0.044091 -0.145870 -0.131999 -0.003953 -0.163047 -0.221784 -0.090308 0.002731 0.129583 0.173175 0.156426 0.180067 -0.213805 -0.280518 0.046899 -0.213972 0.063628 -0.082809 -0.233298 -0.226761 -0.131189 -0.259683 -0.027832 -0.283543
0.035413 -0.359693 0.426214 -0.078173 -0.256112 -0.432516 0.304140 -0.065571 0.135850 -0.384697 0.210121 -0.271151 0.092857 -0.348723 0.340712 -0.182638 -0.250361 -0.307454 0.085854 -0.122855 0.066418 -0.003487 0.324766 0.213706 0.422093 0.344468 0.074020 0.104034 0.333032 -0.356123 0.296812 0.330910 -0.150341 0.083953 1.000000 0.638330 -0.140704 0.117177 0.482921 -0.051603 -0.067586 -0.343230 -0.233530 -0.158041 0.006800 -0.105239 -0.313309 -0.266667 -0.254811 -0.334379 -0.168521 -0.330359 -0.297811 -0.143667 0.026770 -0.299865 -0.302403 -0.326112 0.282222 -0.307142 0.182851 -0.246247 -0.030924 -0.315065 0.495108 0.301767 0.352790 0.503978 -0.359601 -0.284657 0.121386 0.001623 -0.199174 -0.341240 -0.334653 0.053238 -0.210777 0.030791 -0.001959 -0.136596 -0.270218 -0.078741 0.379010 0.005804 0.515455 -0.023409 0.225226 0.061185 0.586658 -0.003557 -0.280155 0.297169 0.046080 0.507992 0.101750 0.122831 -0.187966 0.013072 -0.437675 -0.217063 -0.251742 0.188908 -0.356516 0.050604 -0.235210 -0.045953 -0.118286 -0.166610 0.057056 0.152361 0.333963 -0.473366 -0.057473 0.157717 -0.124800 0.130788
-0.068817 -0.615986 0.551107 0.047441 -0.152569 -0.111172 0.340367 0.122470 0.318860 -0.288164 0.247517 -0.162069 0.194680 -0.293756 0.454053 -0.110649 -0.452750 -0.641539 -0.083523 -0.251935 0.114924 -0.026865 0.470043 0.492665 0.607126 0.566835 0.195359 0.218641 -0.014102 -0.696188 0.183249 0.465017 -0.467851 -0.041071 0.638330 1.000000 -0.268373 -0.174138 0.344091 -0.231712 -0.111417 -0.449961 -0.113608 -0.041322 0.088362 0.032652 -0.284289 -0.169545 -0.078256 -0.234400 0.059996 -0.286627 -0.262960 -0.341925 0.137601 -0.385858 -0.356699 -0.585829 0.330611 -0.297185 0.216059 -0.295290 -0.261630 -0.514769 0.590456 0.574267 0.402540 0.777059 -0.354410 -0.283154 0.139407 0.017573 -0.486694 -0.500739 -0.452994 -0.008200 -0.251396 -0.106291 -0.149143 -0.345118 -0.505732 -0.416641 0.246015 -0.178364 0.534912 -0.153125 0.245863 -0.048751 0.696714 0.066210 -0.202100 0.371310 0.269169 0.619071 0.176334 0.093350 -0.036105 0.045730 -0.569549 -0.491910 -0.353911 0.100795 -0.416976 0.062543 -0.248720 0.252490 -0.299762 -0.214661 -0.115359 0.155335 0.480281 -0.416718 -0.187975 0.248116 0.119783 -0.009696
